AIMSum (Version 19.02.13, Professional)
Copyright (c) 1997-2019 by Todd A. Keith
AIMSum is a component of the AIMAll package ( http://aim.tkgristmill.com )

TP:  64-bit Linux

Licensed To:  Research Group of Fernando Cortes Guzman, UNAM, fercor@unam.mx

Much of the Quantum Theory of Atoms in Molecules (QTAIM) is described in the book:
  "Atoms in Molecules - A Quantum Theory"
  R.F.W. Bader, Oxford University Press, Oxford, 1990

For additional references see:  http://aim.tkgristmill.com/references.html

Wfx File:  /home/scratch/M_H2O_4_cuadrado_plano/Opt/Cu2_cuadrado_plano_cc-pvtz-def2-tzv_2.wfx
Sum File:  /home/scratch/M_H2O_4_cuadrado_plano/Opt/Cu2_cuadrado_plano_cc-pvtz-def2-tzv_2.sum

SumViz File:  /home/scratch/M_H2O_4_cuadrado_plano/Opt/Cu2_cuadrado_plano_cc-pvtz-def2-tzv_2.sumviz

Wfx Title:   Cu2_cuadrado_plano_cc-pvtz-def2-tzv_2                                         
 
Total memory allocated for AIMSum =        0.767 Megabytes

Atomic units (a.u.) used throughout, except where stated otherwise

Model:  Restricted SCF
 
Restricted, closed-shell, single-determinant wavefunction.
  Number of electrons (from MO Occs)                   =          66.0000000000
  Number of Alpha electrons (from MO Occs)             =          33.0000000000
  Number of Beta electrons (from MO Occs)              =          33.0000000000
  Number of electron pairs (N*(N-1)/2)                 =        2145.0000000000
  Number of electron pairs (from Muller 2EDM)          =        2145.0000000000
 
Nuclear Charges and Cartesian Coordinates:
-------------------------------------------------------------------------------
Atom      Charge                X                  Y                  Z
-------------------------------------------------------------------------------
Cu1       29.0           2.6523255516E-03  -7.9900834696E-03  -3.4291951969E-02
O2         8.0           6.7762951559E-01  -3.5743446680E+00  -3.4864822447E-02
H3         1.0           9.0335359679E-01  -4.4611475015E+00   1.6121694713E+00
O4         8.0          -3.6047345629E+00  -6.8377274418E-01  -3.4588960226E-02
H5         1.0          -4.6516182496E+00   4.8048324337E-01  -1.0858913613E+00
O6         8.0          -6.8453275287E-01   3.6047232833E+00  -3.3695516607E-02
H7         1.0          -8.7268616877E-01   4.4888928156E+00   1.6192508420E+00
O8         8.0           3.6000078876E+00   6.7639795693E-01  -3.4074463389E-02
H9         1.0           4.6517876492E+00  -4.7232363218E-01  -1.0976752022E+00
H10        1.0          -4.4852341743E+00  -8.9053527652E-01   1.6181658368E+00
H11        1.0           4.6215290149E-01   4.6532168870E+00  -1.1023415974E+00
H12        1.0           4.4854621903E+00   8.7940161537E-01   1.6165482691E+00
H13        1.0          -4.7709588525E-01  -4.6303063548E+00  -1.0879695498E+00
 
Some Atomic Properties:
----------------------
  q(A) = Net Charge of Atom A
  L(A) = Lagrangian of Atom A = -(1/4) Times Atomic Integral of the Laplacian of the Electron Density
  K(A) = Electronic Kinetic Energy of Atom A (Hamiltonian Form)
  K_Scaled(A) = K(A) * E(Mol)/K(Mol) = Approximation to Virial-Based Total Energy of Atom A.
  |Mu_Intra(A)| = Magnitude of Intraatomic Dipole Moment of Atom A
--------------------------------------------------------------------------------------------------
Atom A          q(A)              L(A)              K(A)          K_Scaled(A)      |Mu_Intra(A)|
--------------------------------------------------------------------------------------------------
Cu1       1.3980051830E+00 -1.3827622855E-04  1.6377534948E+03 -1.6415331970E+03  8.2407214529E-02
O2       -1.0286909405E+00 -1.5350873274E-05  7.5243353565E+01 -7.5417004524E+01  2.9631917938E-01
H3        7.1252104416E-01  1.5061186580E-05  2.8172610164E-01 -2.8237628541E-01  1.0092429286E-01
O4       -1.0249938420E+00  3.0412031027E-06  7.5235122715E+01 -7.5408754678E+01  2.9574757879E-01
H5        7.1444365888E-01  3.0674841386E-05  2.8025381461E-01 -2.8090060055E-01  1.0029490937E-01
O6       -1.0258677092E+00 -2.3131748621E-05  7.5233871100E+01 -7.5407500175E+01  2.9449358018E-01
H7        7.1188250240E-01  1.6603854384E-05  2.8216574866E-01 -2.8281694708E-01  1.0125242544E-01
O8       -1.0256041955E+00 -2.2307739804E-05  7.5236776719E+01 -7.5410412499E+01  2.9516559907E-01
H9        7.1471836091E-01  2.6644481964E-05  2.8005830644E-01 -2.8070464118E-01  1.0017437380E-01
H10       7.1214042752E-01  1.7177861327E-05  2.8198032238E-01 -2.8263109286E-01  1.0116074563E-01
H11       7.1425966467E-01  2.6356731163E-05  2.8039896630E-01 -2.8104608724E-01  1.0035618131E-01
H12       7.1225976771E-01  1.4892904565E-05  2.8189881053E-01 -2.8254939289E-01  1.0109445735E-01
H13       7.1489686174E-01  3.0327997495E-05  2.7994559269E-01 -2.8059166730E-01  1.0003321047E-01
--------------------------------------------------------------------------------------------------
Total     2.9999707838E+00 -1.8285528282E-05  1.9409510466E+03 -1.9454304856E+03
 
1st Largest |L(A)| = 1.3827622855E-04, atom Cu1     
2nd Largest |L(A)| = 3.0674841386E-05, atom H5      
 
Molecular charge q(Mol) from the wfx file:   3.0000000000E+00
Molecular energy E(Mol) from the wfx file:  -1.9454304874E+03
Molecular virial ratio (-V(Mol)/T(Mol)) from the wfx file:   2.0023078578E+00
Full molecular virial ratio ((-V(Mol)+W(Mol))/T(Mol)) from the wfx file:   2.0023077041E+00
Note.  K_Scaled(A) = (1+V(Mol)/T(Mol))*K(A) = (E(Mol)/T(Mol))*K(A)
       Only use K_Scaled(A) data with caution.
 
N_AIMInt(SumA)     =         66.000029
N_Analytic(Mol)    =         66.000000
 
G_AIMInt(SumA)     =       1940.951065
G_Analytic(Mol)    =       1940.951048
 
K_AIMInt(SumA)     =       1940.951047
K_Analytic(Mol)    =       1940.951048
 
L_AIMInt(SumA)     =         -0.000018
L_Analytic(Mol)    =          0.000000
 
VenT_AIMInt(SumA)  =      -5470.086275
VenT_Analytic(Mol) =      -5470.085478
 
Some Information About the Atomic Calculations:
----------------------------------------------
  Time(sec) = "Elapsed User Time", in Seconds, for Atom A by AIMInt and, if used, by TWOe
  NProc = Number of Processors Used for AIMInt Job
  BIM = Basin Integration Method
  OAQ = Angular Quadrature Outside of Beta Sphere
  ORQ = Multiple of Default for Radial Quadrature Outside of Beta Sphere
  IAQ = Multiple of Default for Angular Quadrature Inside of Beta Sphere
  IRQ = Multiple of Default for Radial Quadrature Inside of Beta Sphere
  MIR = Maximum Integration Radius
------------------------------------------------------------------------------------------------------
Atom A     Time(sec)   NProc      BIM          OAQ                     ORQ      IAQ      IRQ      MIR
------------------------------------------------------------------------------------------------------
Cu1           245        1     Proaim(5)    4500(GS4)                  1.00     1.00     1.00    13.00
O2            140        1     Proaim(5)    4500(GS4)                  1.00     1.00     1.00    13.00
H3             50        1     Proaim(5)    1800(GS4)                  1.00     1.00     1.00    13.00
O4            136        1     Proaim(5)    4500(GS4)                  1.00     1.00     1.00    13.00
H5             46        1     Proaim(5)    1800(GS4)                  1.00     1.00     1.00    13.00
O6            136        1     Proaim(5)    4500(GS4)                  1.00     1.00     1.00    13.00
H7             51        1     Proaim(5)    1800(GS4)                  1.00     1.00     1.00    13.00
O8            136        1     Proaim(5)    4500(GS4)                  1.00     1.00     1.00    13.00
H9             43        1     Proaim(5)    1800(GS4)                  1.00     1.00     1.00    13.00
H10            49        1     Proaim(5)    1800(GS4)                  1.00     1.00     1.00    13.00
H11            42        1     Proaim(5)    1800(GS4)                  1.00     1.00     1.00    13.00
H12            49        1     Proaim(5)    1800(GS4)                  1.00     1.00     1.00    13.00
H13            44        1     Proaim(5)    1800(GS4)                  1.00     1.00     1.00    13.00
------------------------------------------------------------------------------------------------------
Total        1167
Note:  Total wall clock time is less than total of atomic times if more than one atom
       was calculated at a time
 
Electron Density Critical Point Analysis of Molecular Structure:               
---------------------------------------------------------------                
  NACP = Nuclear Attractor Critical Point                                      
  NNACP = Non-Nuclear Attractor Critical Point                                 
  BCP = Bond Critical Point                                                    
  RCP = Ring Critical Point                                                    
  CCP = Cage Critical Point                                                    
  Rho = Electron Density                                                       
  GradRho = Gradient of Electron Density                                       
  HessRho_EigVals = Eigenvalues of the Hessian of Rho, Ascending Order         
  HessRho_EigVecs = Eigenvectors of the Hessian of Rho                         
  DelSqRho = Laplacian of Rho = Trace of Hessian of Rho                        
  Bond Ellipticity = (HessRho_EigVal(1) / HessRho_EigVal(2)) - 1               
  V = Virial Field = Potential Energy Density = Trace of Stress Tensor         
  G = Lagrangian Form of Kinetic Energy Density                                
  K = Hamiltonian Form of Kinetic Energy Density                               
  L = K - G = Lagrangian Density = (-1/4)DelSqRho                              
  Vnuc = Electrostatic Potential from Nuclei                                   
  Ven = Electron-nuclear attractive contribution to Virial Field V             
  Vrep = V - Ven = Repulsive contribution to Virial Field V                    
  DelSqV = Laplacian of V                                                      
  DelSqVen = Laplacian of Ven                                                  
  DelSqVrep = Laplacian of Vrep                                                
  DelSqG = Laplacian of G                                                      
  DelSqK = Laplacian of K                                                      
  Stress_EigVals = Eigenvalues of Stress Tensor, Ascending Order               
  Stress_EigVecs = Eigenvectors of Stress Tensor                               
  -DivStress = Ehrenfest Force Density = Minus Divergence of Stress Tensor     
  ESP = Total Electrostatic Potential                                          
  ESPe = Electrostatic Potential from Electrons                                
  ESPn = Electrostatic Potential from Nuclei                                   
  BP = Bond Path                                                               
  BPL = Bond Path Length                                                       
  GBL = Geometric Bond Length                                                  
  GBL_I = Distance Between Nuclear Attractors                                  
  GBL_II = Distance Between Nuclei                                             
  GBL_III = Sum of Distances Between BCP and Nuclear Attractors                
  GBL_IV = Sum of Distances Between BCP and Nuclei                             

CP# 1      Coords =  2.65232545357503E-03 -7.99008314832530E-03 -3.42919530730224E-02
           Type = (3,-3) NACP Cu1
           Rho =  1.6511175726E+04     Rho at Nucleus =  1.6511175726E+04
           GradRho = -3.4404123994E-10 -3.1107151299E-09  8.8710354618E-09
           HessRho_EigVals = -4.2701210948E+09 -4.2701197148E+09 -4.2701197008E+09
           HessRho_EigVec1 =  6.2706206424E-04  7.5766341261E-04  9.9999951637E-01
           HessRho_EigVec2 =  9.6553241164E-01  2.6028161254E-01 -8.0265499011E-04
           HessRho_EigVec3 = -2.6028209480E-01  9.6553244799E-01 -5.6833585674E-04
           DelSqRho = -1.2810360510E+10
           Bond Ellipticity = NA
           V = -3.2033565461E+09
           G =  3.8320924035E+05
           K =  3.2029733368E+09
           L =  3.2025901276E+09
           Vnuc =  2.9000000104E+09
           Ven = -4.7882409776E+13
           Vrep =  4.7879206420E+13
           DelSqV =  1.2197500116E+17
           DelSqVen =  1.4173572145E+30
           DelSqVrep = -1.4173572145E+30
           DelSqG =  8.2843897799E+14
           DelSqK = -1.2280344013E+17
           Stress_EigVals = -1.0677855581E+09 -1.0677855545E+09 -1.0677854334E+09
           Stress_EigVec1 = -1.1682469541E-01  9.9315204810E-01 -9.9994866198E-04
           Stress_EigVec2 =  9.9315206985E-01  1.1682358795E-01 -1.1024729796E-03
           Stress_EigVec3 =  9.7810570721E-04  1.1218971534E-03  9.9999889233E-01
           -DivStress =  3.9735371893E+06 -1.3015961163E+07  4.4700584360E+07
           ESP =  -1.3453316256E+02     ESP at Nucleus =  -1.3453316256E+02
           ESPe = -1.4493592364E+02     ESPe at Nucleus = -1.4493592364E+02
           ESPn =  1.0402761083E+01     ESPn at Nucleus =  1.0402761083E+01

CP# 2      Coords =  6.77624983532157E-01 -3.57434629636880E+00 -3.48623595679935E-02
           Type = (3,-3) NACP O2
           Rho =  2.9748528234E+02     Rho at Nucleus =  2.9748526610E+02
           GradRho =  5.4495519208E-11 -2.1655299776E-10 -1.0588196986E-12
           HessRho_EigVals = -1.1104374590E+06 -1.1104372064E+06 -1.1104081707E+06
           HessRho_EigVec1 = -4.7719669985E-03  9.8959422420E-01  1.4380716170E-01
           HessRho_EigVec2 =  4.4790753872E-01 -1.2646097996E-01  8.8509121411E-01
           HessRho_EigVec3 =  8.9406714797E-01  6.8635937911E-02 -4.4264324568E-01
           DelSqRho = -3.3312828361E+06
           Bond Ellipticity = NA
           V = -8.3295505846E+05
           G =  6.7174715635E+01
           K =  8.3288788375E+05
           L =  8.3282070903E+05
           Vnuc =  1.4790415587E+06
           Ven = -4.3999309569E+08
           Vrep =  4.3916014063E+08
           DelSqV =  9.3138686351E+10
           DelSqVen =  4.9271057531E+12
           DelSqVrep = -4.8339670667E+12
           DelSqG =  3.1092117602E+09
           DelSqK = -9.6247898111E+10
           Stress_EigVals = -2.7765610199E+05 -2.7764965384E+05 -2.7764930264E+05
           Stress_EigVec1 =  8.9483934746E-01  7.3957989509E-02 -4.4021898872E-01
           Stress_EigVec2 =  4.4077609916E-01  9.4943529810E-03  8.9756687086E-01
           Stress_EigVec3 = -7.0561835687E-02  9.9721616165E-01  2.4102993491E-02
           -DivStress =  1.3816338500E+05  4.9666797021E+04 -7.5080211890E+04
           ESP =  -2.1661766243E+01     ESP at Nucleus =  -2.1661766424E+01
           ESPe = -3.5817562805E+01     ESPe at Nucleus = -3.5817563925E+01
           ESPn =  1.4155796562E+01     ESPn at Nucleus =  1.4155797501E+01

CP# 3      Coords =  8.95397538994173E-01 -4.43429564572590E+00  1.56444324471542E+00
           Type = (3,-3) NACP H3
           Rho =  3.6898963643E-01     Rho at Nucleus =  3.5935601323E-01
           GradRho = -1.0929156885E-12  3.7491633062E-12 -6.6779082264E-12
           HessRho_EigVals = -7.2231506835E+00 -7.2122029805E+00 -5.5379235664E+00
           HessRho_EigVec1 =  2.8747402465E-01  8.5523978005E-01  4.3118859421E-01
           HessRho_EigVec2 =  9.4764795603E-01 -1.8864068034E-01 -2.5763937035E-01
           HessRho_EigVec3 =  1.3900372866E-01 -4.8267961667E-01  8.6469552507E-01
           DelSqRho = -1.9973277230E+01
           Bond Ellipticity = NA
           V = -5.0383975536E+00
           G =  2.2539122997E-02
           K =  5.0158584306E+00
           L =  4.9933193076E+00
           Vnuc =  3.3261472525E+01
           Ven = -1.2273138654E+01
           Vrep =  7.2347411002E+00
           DelSqV =  1.1949811843E+03
           DelSqVen =  6.6434061183E+02
           DelSqVrep =  5.3064057246E+02
           DelSqG =  9.2151534170E+01
           DelSqK = -1.2871327185E+03
           Stress_EigVals = -1.8253312284E+00 -1.8205820153E+00 -1.3924843098E+00
           Stress_EigVec1 =  9.4680712520E-01 -1.8763212250E-01 -2.6143919805E-01
           Stress_EigVec2 =  2.8824289654E-01  8.5570737014E-01  4.2974519112E-01
           Stress_EigVec3 =  1.4308144627E-01 -4.8224380069E-01  8.6427346160E-01
           -DivStress =  3.3117441868E+00 -1.1142995603E+01  1.9786895097E+01
           ESP =  -3.6127276945E-01     ESP at Nucleus =  -3.6386798144E-01
           ESPe = -1.5551447505E+01     ESPe at Nucleus = -1.5345561274E+01
           ESPn =  1.5190174736E+01     ESPn at Nucleus =  1.4981693292E+01

CP# 4      Coords = -3.60473619756121E+00 -6.83768127489997E-01 -3.45864760846890E-02
           Type = (3,-3) NACP O4
           Rho =  2.9750685689E+02     Rho at Nucleus =  2.9750684015E+02
           GradRho =  1.0991652033E-10  5.9175775391E-11  2.9780622413E-12
           HessRho_EigVals = -1.1105185286E+06 -1.1105182071E+06 -1.1104894815E+06
           HessRho_EigVec1 =  9.9051698850E-01  1.1149535198E-02  1.3693715116E-01
           HessRho_EigVec2 = -1.1769087381E-01 -4.4539382026E-01  8.8756588662E-01
           HessRho_EigVec3 = -7.0886907984E-02  8.9526534209E-01  4.3985794700E-01
           DelSqRho = -3.3315262172E+06
           Bond Ellipticity = NA
           V = -8.3301576929E+05
           G =  6.7107496546E+01
           K =  8.3294866179E+05
           L =  8.3288155429E+05
           Vnuc =  1.4568053463E+06
           Ven = -4.3340957968E+08
           Vrep =  4.3257656392E+08
           DelSqV =  9.3145448144E+10
           DelSqVen =  4.8533852047E+12
           DelSqVrep = -4.7602397566E+12
           DelSqG =  3.1094401196E+09
           DelSqK = -9.6254888264E+10
           Stress_EigVals = -2.7767629067E+05 -2.7766992871E+05 -2.7766954991E+05
           Stress_EigVec1 = -7.6600896017E-02  8.9599580237E-01  4.3740578971E-01
           Stress_EigVec2 =  6.1160422760E-03 -4.3826424731E-01  8.9882536878E-01
           Stress_EigVec3 =  9.9704307668E-01  7.1526020912E-02  2.8091485830E-02
           -DivStress =  4.9867810735E+04 -1.4075224784E+05 -7.5733602769E+04
           ESP =  -2.1663076581E+01     ESP at Nucleus =  -2.1663076769E+01
           ESPe = -3.5715996134E+01     ESPe at Nucleus = -3.5715997185E+01
           ESPn =  1.4052919553E+01     ESPn at Nucleus =  1.4052920416E+01

CP# 5      Coords = -4.62030754962322E+00  4.47611434414160E-01 -1.05410376734035E+00
           Type = (3,-3) NACP H5
           Rho =  3.6823913891E-01     Rho at Nucleus =  3.5859932342E-01
           GradRho =  4.3815645556E-14 -4.7441217621E-14  4.5515674563E-14
           HessRho_EigVals = -7.2092794653E+00 -7.1999117828E+00 -5.5222020284E+00
           HessRho_EigVec1 = -8.0896825772E-01 -2.6065423671E-01  5.2690580456E-01
           HessRho_EigVec2 =  1.6623072062E-01  7.5830967607E-01  6.3034417797E-01
           HessRho_EigVec3 = -5.6385965055E-01  5.9751636301E-01 -5.7011971586E-01
           DelSqRho = -1.9931393277E+01
           Bond Ellipticity = NA
           V = -5.0272865987E+00
           G =  2.2219139756E-02
           K =  5.0050674589E+00
           L =  4.9828483191E+00
           Vnuc =  3.3361882845E+01
           Ven = -1.2285151011E+01
           Vrep =  7.2578644127E+00
           DelSqV =  1.1920712503E+03
           DelSqVen =  6.6494880743E+02
           DelSqVrep =  5.2712244284E+02
           DelSqG =  9.1952866598E+01
           DelSqK = -1.2840241169E+03
           Stress_EigVals = -1.8217220403E+00 -1.8169254631E+00 -1.3886390952E+00
           Stress_EigVec1 =  2.3528591235E-01  7.8087968244E-01  5.7867733756E-01
           Stress_EigVec2 = -7.9201228100E-01 -1.9105502213E-01  5.7984008595E-01
           Stress_EigVec3 = -5.6334455371E-01  5.9474776172E-01 -5.7351374328E-01
           -DivStress = -1.2966932288E+01  1.3589762330E+01 -1.3162115900E+01
           ESP =  -3.6563747003E-01     ESP at Nucleus =  -3.6821660209E-01
           ESPe = -1.5683464957E+01     ESPe at Nucleus = -1.5482405722E+01
           ESPn =  1.5317827487E+01     ESPn at Nucleus =  1.5114189119E+01

CP# 6      Coords = -6.84528115846114E-01  3.60472494964696E+00 -3.36930996018096E-02
           Type = (3,-3) NACP O6
           Rho =  2.9750667364E+02     Rho at Nucleus =  2.9750665691E+02
           GradRho =  6.0913052380E-11  4.2920333954E-11  2.4753532557E-12
           HessRho_EigVals = -1.1105182436E+06 -1.1105179988E+06 -1.1104893047E+06
           HessRho_EigVec1 = -7.6184366586E-03  9.8769407369E-01 -1.5621259942E-01
           HessRho_EigVec2 = -4.3472996043E-01  1.3741068829E-01  8.9001582247E-01
           HessRho_EigVec3 =  9.0052863415E-01  7.4690826333E-02  4.2833335095E-01
           DelSqRho = -3.3315255471E+06
           Bond Ellipticity = NA
           V = -8.3301559983E+05
           G =  6.7106526696E+01
           K =  8.3294849330E+05
           L =  8.3288138678E+05
           Vnuc =  1.4576801801E+06
           Ven = -4.3366958161E+08
           Vrep =  4.3283656601E+08
           DelSqV =  9.3145431635E+10
           DelSqVen =  4.8562987643E+12
           DelSqVrep = -4.7631533327E+12
           DelSqG =  3.1094407927E+09
           DelSqK = -9.6254872428E+10
           Stress_EigVals = -2.7767622304E+05 -2.7766986810E+05 -2.7766950869E+05
           Stress_EigVec1 =  9.0118843473E-01  8.0328155107E-02  4.2591876293E-01
           Stress_EigVec2 = -4.2659822262E-01 -9.3671861967E-03  9.0439273122E-01
           Stress_EigVec3 = -7.6637859948E-02  9.9672445707E-01 -2.5826248328E-02
           -DivStress = -1.4137216299E+05 -5.0835324102E+04 -7.3686767698E+04
           ESP =  -2.1663548325E+01     ESP at Nucleus =  -2.1663548512E+01
           ESPe = -3.5697564892E+01     ESPe at Nucleus = -3.5697565980E+01
           ESPn =  1.4034016568E+01     ESPn at Nucleus =  1.4034017468E+01

CP# 7      Coords = -8.65794582576346E-01  4.46215819541924E+00  1.57130830620261E+00
           Type = (3,-3) NACP H7
           Rho =  3.6937509655E-01     Rho at Nucleus =  3.5973753774E-01
           GradRho =  1.1135536937E-12 -4.4014930589E-12 -7.9108586001E-12
           HessRho_EigVals = -7.2292837600E+00 -7.2186893146E+00 -5.5430389354E+00
           HessRho_EigVec1 =  2.8079516664E-01  8.5557709664E-01 -4.3490447928E-01
           HessRho_EigVec2 =  9.5228171840E-01 -1.9187478499E-01  2.3736805955E-01
           HessRho_EigVec3 = -1.1963947177E-01  4.8080338870E-01  8.6862794003E-01
           DelSqRho = -1.9991012010E+01
           Bond Ellipticity = NA
           V = -5.0428847563E+00
           G =  2.2565876899E-02
           K =  5.0203188794E+00
           L =  4.9977530025E+00
           Vnuc =  3.3206981557E+01
           Ven = -1.2265832019E+01
           Vrep =  7.2229472625E+00
           DelSqV =  1.1960634267E+03
           DelSqVen =  6.6384116713E+02
           DelSqVrep =  5.3222225956E+02
           DelSqG =  9.2218343133E+01
           DelSqK = -1.2882817698E+03
           Stress_EigVals = -1.8268872587E+00 -1.8221973129E+00 -1.3938001847E+00
           Stress_EigVec1 =  9.5068272993E-01 -1.9335107248E-01  2.4252362725E-01
           Stress_EigVec2 =  2.8438642748E-01  8.5548148879E-01 -4.3275372003E-01
           Stress_EigVec3 = -1.2380107781E-01  4.8038191588E-01  8.6827789793E-01
           -DivStress = -2.8730491513E+00  1.1104373539E+01  1.9893939913E+01
           ESP =  -3.6340358968E-01     ESP at Nucleus =  -3.6599186492E-01
           ESPe = -1.5494975206E+01     ESPe at Nucleus = -1.5290473746E+01
           ESPn =  1.5131571617E+01     ESPn at Nucleus =  1.4924481881E+01

CP# 8      Coords =  3.60000955367522E+00  6.76393360233421E-01 -3.40720268512036E-02
           Type = (3,-3) NACP O8
           Rho =  2.9750170243E+02     Rho at Nucleus =  2.9750168586E+02
           GradRho =  8.8738350001E-11 -3.8496983379E-11  2.5891511157E-12
           HessRho_EigVals = -1.1104991299E+06 -1.1104988480E+06 -1.1104700819E+06
           HessRho_EigVec1 =  9.8931933792E-01  1.3397048740E-02 -1.4514739647E-01
           HessRho_EigVec2 =  1.2452194499E-01  4.3995490448E-01  8.8934468416E-01
           HessRho_EigVec3 = -7.5772903030E-02  8.9791993023E-01 -4.3358766825E-01
           DelSqRho = -3.3314680597E+06
           Bond Ellipticity = NA
           V = -8.3300126380E+05
           G =  6.7124434557E+01
           K =  8.3293413937E+05
           L =  8.3286701493E+05
           Vnuc =  1.4644675187E+06
           Ven = -4.3568157998E+08
           Vrep =  4.3484857872E+08
           DelSqV =  9.3143832553E+10
           DelSqVen =  4.8788267592E+12
           DelSqVrep = -4.7856829266E+12
           DelSqG =  3.1093855471E+09
           DelSqK = -9.6253218100E+10
           Stress_EigVals = -2.7767146034E+05 -2.7766508502E+05 -2.7766471844E+05
           Stress_EigVec1 = -8.1458056447E-02  8.9860230151E-01 -4.3113627633E-01
           Stress_EigVec2 = -8.4628843748E-03  4.3193461658E-01  9.0186521531E-01
           Stress_EigVec3 =  9.9664084034E-01  7.7112844073E-02 -2.7579787003E-02
           -DivStress = -5.0823686525E+04  1.4014037130E+05 -7.4280972958E+04
           ESP =  -2.1662588045E+01     ESP at Nucleus =  -2.1662588231E+01
           ESPe = -3.5736103763E+01     ESPe at Nucleus = -3.5736104884E+01
           ESPn =  1.4073515718E+01     ESPn at Nucleus =  1.4073516653E+01

CP# 9      Coords =  4.62033653611008E+00 -4.39909371002413E-01 -1.06553277582221E+00
           Type = (3,-3) NACP H9
           Rho =  3.6811221012E-01     Rho at Nucleus =  3.5847100873E-01
           GradRho = -1.2361639490E-14  1.3777173846E-14  1.3825746104E-14
           HessRho_EigVals = -7.2067820742E+00 -7.1972808180E+00 -5.5196695148E+00
           HessRho_EigVec1 =  8.0888888381E-01  2.6296676400E-01  5.2587760427E-01
           HessRho_EigVec2 =  1.5822821014E-01  7.6405322376E-01 -6.2544904251E-01
           HessRho_EigVec3 = -5.6627078960E-01  5.8912744996E-01  5.7642539895E-01
           DelSqRho = -1.9923732407E+01
           Bond Ellipticity = NA
           V = -5.0253509689E+00
           G =  2.2208933584E-02
           K =  5.0031420353E+00
           L =  4.9809331018E+00
           Vnuc =  3.3360921315E+01
           Ven = -1.2280562477E+01
           Vrep =  7.2552115079E+00
           DelSqV =  1.1915456687E+03
           DelSqVen =  6.6467406913E+02
           DelSqVrep =  5.2687159954E+02
           DelSqG =  9.1914854185E+01
           DelSqK = -1.2834605228E+03
           Stress_EigVals = -1.8210782828E+00 -1.8162825271E+00 -1.3879901591E+00
           Stress_EigVec1 =  2.2910712273E-01  7.8720199411E-01 -5.7255824750E-01
           Stress_EigVec2 = -7.9211960056E-01 -1.9108488028E-01 -5.7968362659E-01
           Stress_EigVec3 = -5.6573533098E-01  5.8634425809E-01  5.7977922202E-01
           -DivStress =  1.3019873267E+01 -1.3395161439E+01 -1.3303686158E+01
           ESP =  -3.6510146574E-01     ESP at Nucleus =  -3.6767885494E-01
           ESPe = -1.5686740440E+01     ESPe at Nucleus = -1.5485237470E+01
           ESPn =  1.5321638975E+01     ESPn at Nucleus =  1.5117558615E+01

CP# 10     Coords = -4.45858350868662E+00 -8.83106448184031E-01  1.57023962251518E+00
           Type = (3,-3) NACP H10
           Rho =  3.6926611973E-01     Rho at Nucleus =  3.5962683875E-01
           GradRho =  4.3480774536E-12  1.1914497167E-12 -7.8401824963E-12
           HessRho_EigVals = -7.2270760384E+00 -7.2163902241E+00 -5.5406214278E+00
           HessRho_EigVec1 =  8.5610050592E-01 -2.8723324085E-01  4.2963820724E-01
           HessRho_EigVec2 =  1.9379697148E-01  9.4908701479E-01  2.4834768412E-01
           HessRho_EigVec3 = -4.7909775372E-01 -1.2934799463E-01  8.6817880570E-01
           DelSqRho = -1.9984087690E+01
           Bond Ellipticity = NA
           V = -5.0411296306E+00
           G =  2.2553854042E-02
           K =  5.0185757766E+00
           L =  4.9960219226E+00
           Vnuc =  3.3213147452E+01
           Ven = -1.2264490084E+01
           Vrep =  7.2233604531E+00
           DelSqV =  1.1955773047E+03
           DelSqVen =  6.6373445116E+02
           DelSqVrep =  5.3184285352E+02
           DelSqG =  9.2182653960E+01
           DelSqK = -1.2877599586E+03
           Stress_EigVals = -1.8263102474E+00 -1.8216263018E+00 -1.3931930814E+00
           Stress_EigVec1 =  1.9692343478E-01  9.4686326590E-01  2.5430516417E-01
           Stress_EigVec2 =  8.5561712990E-01 -2.9261775120E-01  4.2695922371E-01
           Stress_EigVec3 = -4.7868621023E-01 -1.3350957784E-01  8.6777572262E-01
           -DivStress = -1.1065628721E+01 -3.0948866127E+00  1.9880071407E+01
           ESP =  -3.6292534474E-01     ESP at Nucleus =  -3.6551663411E-01
           ESPe = -1.5505523786E+01     ESPe at Nucleus = -1.5300756587E+01
           ESPn =  1.5142598441E+01     ESPn at Nucleus =  1.4935239953E+01

CP# 11     Coords =  4.29805757074556E-01  4.62187698695662E+00 -1.07006211422525E+00
           Type = (3,-3) NACP H11
           Rho =  3.6835592691E-01     Rho at Nucleus =  3.5871555964E-01
           GradRho = -1.1099628161E-14 -1.0866307854E-14  1.1129985822E-14
           HessRho_EigVals = -7.2114982795E+00 -7.2021724757E+00 -5.5243190563E+00
           HessRho_EigVec1 =  2.5482860098E-01 -8.0897579830E-01 -5.2973629467E-01
           HessRho_EigVec2 =  7.6754042374E-01 -1.6399597446E-01  6.1966686073E-01
           HessRho_EigVec3 =  5.8817011319E-01  5.6450285927E-01 -5.7913076228E-01
           DelSqRho = -1.9937989812E+01
           Bond Ellipticity = NA
           V = -5.0289702726E+00
           G =  2.2236409856E-02
           K =  5.0067338627E+00
           L =  4.9844974529E+00
           Vnuc =  3.3348826131E+01
           Ven = -1.2284237761E+01
           Vrep =  7.2552674884E+00
           DelSqV =  1.1925039885E+03
           DelSqVen =  6.6490855563E+02
           DelSqVrep =  5.2759543288E+02
           DelSqG =  9.1984223033E+01
           DelSqK = -1.2844882115E+03
           Stress_EigVals = -1.8223021684E+00 -1.8175026216E+00 -1.3891654826E+00
           Stress_EigVec1 =  7.8919937318E-01 -2.3170082784E-01  5.6875220945E-01
           Stress_EigVec2 = -1.8580546178E-01  7.9261469538E-01  5.8072220126E-01
           Stress_EigVec3 =  5.8535517402E-01  5.6398286414E-01 -5.8247974146E-01
           -DivStress =  1.3377012156E+01  1.2983350082E+01 -1.3369912489E+01
           ESP =  -3.6611076485E-01     ESP at Nucleus =  -3.6868905937E-01
           ESPe = -1.5668311389E+01     ESPe at Nucleus = -1.5467340391E+01
           ESPn =  1.5302200624E+01     ESPn at Nucleus =  1.5098651332E+01

CP# 12     Coords =  4.45867299494449E+00  8.72079526492912E-01  1.56868181144504E+00
           Type = (3,-3) NACP H12
           Rho =  3.6919260381E-01     Rho at Nucleus =  3.5955434080E-01
           GradRho = -4.1729293632E-12 -1.1220694512E-12 -7.4808353956E-12
           HessRho_EigVals = -7.2260059037E+00 -7.2152982827E+00 -5.5398265685E+00
           HessRho_EigVec1 =  8.5614439771E-01 -2.7980160413E-01 -4.3442816737E-01
           HessRho_EigVec2 =  1.8725016532E-01  9.5156390208E-01 -2.4385142167E-01
           HessRho_EigVec3 =  4.8161618107E-01  1.2742528238E-01  8.6706900045E-01
           DelSqRho = -1.9981130755E+01
           Bond Ellipticity = NA
           V = -5.0403813422E+00
           G =  2.2549326749E-02
           K =  5.0178320155E+00
           L =  4.9952826887E+00
           Vnuc =  3.3218930855E+01
           Ven = -1.2264183578E+01
           Vrep =  7.2238022358E+00
           DelSqV =  1.1954069513E+03
           DelSqVen =  6.6375180095E+02
           DelSqVrep =  5.3165515032E+02
           DelSqG =  9.2173694096E+01
           DelSqK = -1.2875806454E+03
           Stress_EigVals = -1.8260475357E+00 -1.8213475235E+00 -1.3929862830E+00
           Stress_EigVec1 =  1.9014488380E-01  9.4947438712E-01 -2.4968642610E-01
           Stress_EigVec2 =  8.5575298083E-01 -2.8494122749E-01 -4.3185105382E-01
           Stress_EigVec3 =  4.8117747139E-01  1.3155563496E-01  8.6669565358E-01
           -DivStress =  1.1121386457E+01  3.0501685957E+00  1.9852554713E+01
           ESP =  -3.6236623533E-01     ESP at Nucleus =  -3.6495711945E-01
           ESPe = -1.5511055649E+01     ESPe at Nucleus = -1.5306046321E+01
           ESPn =  1.5148689414E+01     ESPn at Nucleus =  1.4941089201E+01

CP# 13     Coords = -4.44507256875829E-01 -4.59872063970310E+00 -1.05615570830742E+00
           Type = (3,-3) NACP H13
           Rho =  3.6792758614E-01     Rho at Nucleus =  3.5829258414E-01
           GradRho =  2.2912227671E-14  1.9382065397E-14  2.1968538100E-14
           HessRho_EigVals = -7.2045300427E+00 -7.1948702039E+00 -5.5186001969E+00
           HessRho_EigVec1 =  2.6519242869E-01 -8.0646107107E-01  5.2848227653E-01
           HessRho_EigVec2 = -7.6078506239E-01  1.6171236743E-01  6.2853416698E-01
           HessRho_EigVec3 =  5.9235045759E-01  5.6874392398E-01  5.7065864081E-01
           DelSqRho = -1.9918000444E+01
           Bond Ellipticity = NA
           V = -5.0238944321E+00
           G =  2.2197160598E-02
           K =  5.0016972715E+00
           L =  4.9795001109E+00
           Vnuc =  3.3408961461E+01
           Ven = -1.2292078546E+01
           Vrep =  7.2681841137E+00
           DelSqV =  1.1912854547E+03
           DelSqVen =  6.6543970920E+02
           DelSqVrep =  5.2584574550E+02
           DelSqG =  9.1906932175E+01
           DelSqK = -1.2831923869E+03
           Stress_EigVals = -1.8205212175E+00 -1.8156668264E+00 -1.3877063882E+00
           Stress_EigVec1 = -7.8263882520E-01  2.2636802867E-01  5.7985686586E-01
           Stress_EigVec2 =  1.9953654302E-01 -7.9114299971E-01  5.7816772826E-01
           Stress_EigVec3 =  5.8962838915E-01  5.6819914607E-01  5.7401053397E-01
           -DivStress = -1.3463825865E+01 -1.3071864795E+01 -1.3164352174E+01
           ESP =  -3.6409944581E-01     ESP at Nucleus =  -3.6668230548E-01
           ESPe = -1.5730267708E+01     ESPe at Nucleus = -1.5528015269E+01
           ESPn =  1.5366168262E+01     ESPn at Nucleus =  1.5161332964E+01

CP# 14     Coords =  3.11742727416392E-01 -1.73706621436997E+00 -1.51289102933599E-02
           Type = (3,-1) BCP Cu1 O2
           Rho =  9.8753001481E-02
           GradRho = -5.3290705182E-15  4.9599213625E-14 -1.5204851267E-15
           HessRho_EigVals = -1.5217101760E-01 -1.4284901554E-01  6.8325936023E-01
           HessRho_EigVec1 =  3.9882413753E-01  6.9126336626E-02  9.1441831615E-01
           HessRho_EigVec2 =  9.0137120014E-01  1.5392096955E-01 -4.0476943398E-01
           HessRho_EigVec3 = -1.6872838195E-01  9.8566215547E-01 -9.2109107745E-04
           DelSqRho =  3.8823932709E-01
           Bond Ellipticity =  6.5257727015E-02
           V = -1.4917926423E-01
           G =  1.2311954800E-01
           K =  2.6059716226E-02
           L = -9.7059831774E-02
           Vnuc =  2.7899249684E+01
           Ven = -2.7551346454E+00
           Vrep =  2.6059553811E+00
           DelSqV = -2.2481939394E+00
           DelSqVen = -1.0831585924E+01
           DelSqVrep =  8.5833919843E+00
           DelSqG =  2.0527741142E+00
           DelSqK =  1.9541982523E-01
           Stress_EigVals = -8.8222726706E-02 -8.6704808651E-02  2.5748271130E-02
           Stress_EigVec1 = -6.0894039791E-01 -9.2292734978E-02  7.8782843492E-01
           Stress_EigVec2 =  7.7384182248E-01  1.4905258560E-01  6.1559090353E-01
           Stress_EigVec3 = -1.7424243335E-01  9.8451276162E-01 -1.9344162548E-02
           -DivStress = -1.1433156931E-02  6.4146080961E-02 -1.1426395368E-03
           ESP =   1.1177277585E+00
           ESPe = -2.6781521925E+01
           ESPn =  2.7899249684E+01
           BPL =  3.6358491299E+00 =  1.7620000000E+00 +  1.8738491299E+00                
           GBL_I =  3.6303901634E+00                                                      
           GBL_II =  3.6296665905E+00                                                     
           GBL_III =  3.6307731491E+00 =  1.7573118247E+00 +  1.8734613244E+00            
           GBL_IV =  3.6300506206E+00 =  1.7565899821E+00 +  1.8734606385E+00             
             72 sample points along path from BCP to atom Cu1
             3.1174272742E-01  -1.7370662144E+00  -1.5128910293E-02   9.8753001481E-02    
             3.0754311360E-01  -1.7124214950E+00  -1.5158996132E-02   9.8970434753E-02    
             3.0338028840E-01  -1.6877705556E+00  -1.5203027651E-02   9.9639951966E-02    
             2.9925432161E-01  -1.6631134490E+00  -1.5261031265E-02   1.0079112307E-01    
             2.9516392585E-01  -1.6384504518E+00  -1.5332564234E-02   1.0245898394E-01    
             2.9110767326E-01  -1.6137818575E+00  -1.5417179286E-02   1.0468471908E-01    
             2.8708397614E-01  -1.5891079784E+00  -1.5514419235E-02   1.0751646557E-01    
             2.8309108943E-01  -1.5644291454E+00  -1.5623818525E-02   1.1101025479E-01    
             2.7912711957E-01  -1.5397457055E+00  -1.5744905660E-02   1.1523111034E-01    
             2.7519003777E-01  -1.5150580200E+00  -1.5877205640E-02   1.2025432185E-01    
             2.7127769732E-01  -1.4903664612E+00  -1.6020242200E-02   1.2616691560E-01    
             2.6738785492E-01  -1.4656714094E+00  -1.6173539752E-02   1.3306934369E-01    
             2.6351819583E-01  -1.4409732495E+00  -1.6336625073E-02   1.4107741356E-01    
             2.5966636236E-01  -1.4162723664E+00  -1.6509028714E-02   1.5032447923E-01    
             2.5582998509E-01  -1.3915691413E+00  -1.6690286205E-02   1.6096391427E-01    
             2.5200671591E-01  -1.3668639470E+00  -1.6879939093E-02   1.7317188394E-01    
             2.4819426184E-01  -1.3421571435E+00  -1.7077535875E-02   1.8715043056E-01    
             2.4439041825E-01  -1.3174490740E+00  -1.7282632867E-02   2.0313088074E-01    
             2.4059310031E-01  -1.2927400603E+00  -1.7494795070E-02   2.2137757729E-01    
             2.3680037129E-01  -1.2680303997E+00  -1.7713597051E-02   2.4219193005E-01    
             2.3301046675E-01  -1.2433203616E+00  -1.7938623852E-02   2.6591677065E-01    
             2.2922181371E-01  -1.2186101852E+00  -1.8169471926E-02   2.9294098511E-01    
             2.2543304431E-01  -1.1939000781E+00  -1.8405750077E-02   3.2370438553E-01    
             2.2164300400E-01  -1.1691902146E+00  -1.8647080354E-02   3.5870276805E-01    
             2.1785075455E-01  -1.1444807363E+00  -1.8893098861E-02   3.9849308785E-01    
             2.1405557277E-01  -1.1197717518E+00  -1.9143456410E-02   4.4369866252E-01    
             2.1025694624E-01  -1.0950633376E+00  -1.9397818939E-02   4.9501428935E-01    
             2.0645456773E-01  -1.0703555387E+00  -1.9655867632E-02   5.5321112601E-01    
             2.0264833056E-01  -1.0456483695E+00  -1.9917298622E-02   6.1914112854E-01    
             1.9883832741E-01  -1.0209418137E+00  -2.0181822204E-02   6.9374075565E-01    
             1.9502485571E-01  -9.9623582326E-01  -2.0449161421E-02   7.7803351534E-01    
             1.9120843299E-01  -9.7153031625E-01  -2.0719049902E-02   8.7313073070E-01    
             1.8738982631E-01  -9.4682517183E-01  -2.0991228798E-02   9.8022961109E-01    
             1.8357010034E-01  -9.2212022293E-01  -2.1265442641E-02   1.1006073115E+00    
             1.7975068942E-01  -8.9741524512E-01  -2.1541433901E-02   1.2356091309E+00    
             1.7593350006E-01  -8.7270994089E-01  -2.1818936006E-02   1.3866283426E+00    
             1.7212105176E-01  -8.4800391845E-01  -2.2097664465E-02   1.5550743980E+00    
             1.6831666684E-01  -8.2329666349E-01  -2.2377305676E-02   1.7423254992E+00    
             1.6452472362E-01  -7.9858750249E-01  -2.2657502751E-02   1.9496609647E+00    
             1.6075099434E-01  -7.7387555518E-01  -2.2937837454E-02   2.1781687414E+00    
             1.5700309907E-01  -7.4915967323E-01  -2.3217806865E-02   2.4286243402E+00    
