 AIMInt (Version 14.11.23, Professional)
 Portions Copyright (c) 1997-2014 by Todd A. Keith
 AIMInt is a component of the AIMAll package ( http://aim.tkgristmill.com )

 AIMInt is a heavily modified and extended version of the PROAIMV program
 developed by members of R.F.W. Bader's research group

 Much of the Quantum Theory of Atoms in Molecules (QTAIM) is described in the book:
   "Atoms in Molecules - A Quantum Theory"
   R.F.W. Bader, Oxford University Press, Oxford, 1990

 For additional references see:  http://aim.tkgristmill.com/references.html

 Inp File:  E:\Proyecto spin\estructuras hexahidratadas\estructuras hexahidratadas solas\nuevas\V24_atomicfiles\v1.inp
 Wfx File:  E:\Proyecto spin\estructuras hexahidratadas\estructuras hexahidratadas solas\nuevas\V24.wfx
 Out File:  E:\Proyecto spin\estructuras hexahidratadas\estructuras hexahidratadas solas\nuevas\V24_atomicfiles\v1.int

 Wfx Title:   V[H2O]6 (2+)                                                                  
 Job Title:   V[H2O]6 (2+)                                                                  
 
<Atom>
V1      
</Atom>
<Nuclei of Molecule>
    19
V1        23.0           0.0000000000E+00   0.0000000000E+00   0.0000000000E+00
O2         8.0          -4.0636198098E+00   1.8278378055E-02   2.8273973286E-02
O3         8.0           2.0121753445E-02   4.0546743400E+00  -2.9832919117E-01
H4         1.0          -5.1390912037E+00   1.4844546521E+00  -7.8156692312E-02
H5         1.0           4.2592685087E-02   5.2715718415E+00   1.0560905487E+00
H6         1.0           6.7987069189E-03   4.9890223568E+00  -1.8621237896E+00
O7         8.0           4.0636198098E+00  -1.8278378055E-02  -2.8273973286E-02
O8         8.0          -2.0121753445E-02  -4.0546743400E+00   2.9832919117E-01
O9         8.0          -3.8956586178E-02  -2.1513957999E-01  -4.0556338484E+00
O10        8.0           3.8956586178E-02   2.1513957999E-01   4.0556338484E+00
H11        1.0          -5.1489954877E+00  -1.4368876880E+00   1.7543556757E-01
H12        1.0           5.1390912037E+00  -1.4844546521E+00   7.8156692312E-02
H13        1.0           5.1489954877E+00   1.4368876880E+00  -1.7543556757E-01
H14        1.0          -4.2592685087E-02  -5.2715718415E+00  -1.0560905487E+00
H15        1.0          -6.7987069189E-03  -4.9890223568E+00   1.8621237896E+00
H16        1.0           1.4119588252E+00  -3.6660627601E-01  -5.1461143241E+00
H17        1.0          -1.5196905421E+00  -3.4806421001E-01  -5.1080785258E+00
H18        1.0          -1.4119588252E+00   3.6660627601E-01   5.1461143241E+00
H19        1.0           1.5196905421E+00   3.4806421001E-01   5.1080785258E+00
</Nuclei of Molecule>
<Total Number of CPs of DelSqRho>
   105
</Total Number of CPs of DelSqRho>
<Number of (3,+3) CPs of DelSqRho>
    17
</Number of (3,+3) CPs of DelSqRho>
<Number of (3,+1) CPs of DelSqRho>
    40
</Number of (3,+1) CPs of DelSqRho>
<Number of (3,-1) CPs of DelSqRho>
    36
</Number of (3,-1) CPs of DelSqRho>
<Number of (3,-3) CPs of DelSqRho>
    12
</Number of (3,-3) CPs of DelSqRho>
<Number of Degenerate CPs of DelSqRho>
     0
</Number of Degenerate CPs of DelSqRho>
<CP of DelSqRho>
CP# = 1       
Type = (3,+3)
Coords =  1.83142092262217E-28 -5.74745390111662E-29  3.53651712524622E-29
DistFromNuc =  1.9517951719E-28
Rho =  7.9758624168E+03
DelSqRho = -9.9515348244E+08
GradDelSqRho =  2.1734782159E-14  1.4581119224E-13 -5.0074365898E-13
HessDelSqRho_EigVals =  5.6873178137E+14  5.6873178149E+14  5.6873178163E+14
HessDelSqRho_EigVec1 =  4.0178589760E-04 -6.7032405049E-01  7.4206839705E-01
HessDelSqRho_EigVec2 = -9.9506977644E-01 -7.3863758804E-02 -6.6183722656E-02
HessDelSqRho_EigVec3 = -9.9176502143E-02  7.3838324228E-01  6.6704888048E-01
</CP of DelSqRho>
<CP of DelSqRho>
CP# = 2       
Type = (3,-1)
Coords =  1.80931945136314E-01 -8.58997855840613E-04 -1.43761211146553E-03
DistFromNuc =  1.8093969541E-01
Rho =  6.8354264228E+01
DelSqRho = -3.2447930991E+03
GradDelSqRho =  0.0000000000E+00 -3.6379788071E-12 -1.8189894035E-12
HessDelSqRho_EigVals = -2.1392874971E+04 -2.1271464537E+04  4.3979146063E+06
HessDelSqRho_EigVec1 =  3.2815352663E-03 -6.2079805487E-01  7.8396365132E-01
HessDelSqRho_EigVec2 =  8.6523843309E-03  7.8395615272E-01  6.2075589957E-01
HessDelSqRho_EigVec3 =  9.9995718297E-01 -4.7461224365E-03 -7.9439631250E-03
</CP of DelSqRho>
<CP of DelSqRho>
CP# = 3       
Type = (3,-1)
Coords = -1.80931945136314E-01  8.58997855841002E-04  1.43761211146586E-03
DistFromNuc =  1.8093969541E-01
Rho =  6.8354264228E+01
DelSqRho = -3.2447930991E+03
GradDelSqRho =  8.7311491370E-11 -3.6379788071E-12 -1.8189894035E-12
HessDelSqRho_EigVals = -2.1392874971E+04 -2.1271464537E+04  4.3979146063E+06
HessDelSqRho_EigVec1 =  3.2815352664E-03 -6.2079805487E-01  7.8396365133E-01
HessDelSqRho_EigVec2 =  8.6523843309E-03  7.8395615272E-01  6.2075589957E-01
HessDelSqRho_EigVec3 =  9.9995718297E-01 -4.7461224365E-03 -7.9439631250E-03
</CP of DelSqRho>
<CP of DelSqRho>
CP# = 4       
Type = (3,-1)
Coords =  8.02181237728091E-04  1.80565803370830E-01 -1.16090302556795E-02
DistFromNuc =  1.8094038362E-01
Rho =  6.8353441197E+01
DelSqRho = -3.2446941186E+03
GradDelSqRho = -7.2759576142E-12 -1.4551915228E-11 -1.8189894035E-12
HessDelSqRho_EigVals = -2.1343061594E+04 -2.1335819040E+04  4.3978112015E+06
HessDelSqRho_EigVec1 =  5.4737217220E-01  5.1284367241E-02  8.3531647821E-01
HessDelSqRho_EigVec2 =  8.3687755393E-01 -3.8831194378E-02 -5.4601107870E-01
HessDelSqRho_EigVec3 =  4.4345038545E-03  9.9792888124E-01 -6.4173851027E-02
</CP of DelSqRho>
<CP of DelSqRho>
CP# = 5       
Type = (3,-1)
Coords = -8.02181237728293E-04 -1.80565803370830E-01  1.16090302556801E-02
DistFromNuc =  1.8094038362E-01
Rho =  6.8353441197E+01
DelSqRho = -3.2446941186E+03
GradDelSqRho =  1.8189894035E-12  5.8207660913E-11  8.1854523160E-12
HessDelSqRho_EigVals = -2.1343061594E+04 -2.1335819040E+04  4.3978112015E+06
HessDelSqRho_EigVec1 =  5.4737217218E-01  5.1284367242E-02  8.3531647823E-01
HessDelSqRho_EigVec2 =  8.3687755394E-01 -3.8831194377E-02 -5.4601107869E-01
HessDelSqRho_EigVec3 =  4.4345038545E-03  9.9792888124E-01 -6.4173851027E-02
</CP of DelSqRho>
<CP of DelSqRho>
CP# = 6       
Type = (3,-1)
Coords =  1.51273375861332E-03  1.12146019719317E-02  1.80585072207190E-01
DistFromNuc =  1.8093928254E-01
Rho =  6.8354906989E+01
DelSqRho = -3.2449096204E+03
GradDelSqRho = -7.2759576142E-12 -6.0936145019E-11  2.9103830457E-11
HessDelSqRho_EigVals = -2.1328283783E+04 -2.1310939902E+04  4.3979924147E+06
HessDelSqRho_EigVec1 =  8.8576709121E-01  4.6272004234E-01 -3.6150000637E-02
HessDelSqRho_EigVec2 = -4.6405467468E-01  8.8433615525E-01 -5.1017873496E-02
HessDelSqRho_EigVec3 =  8.3617599919E-03  6.1965530192E-02  9.9804326261E-01
</CP of DelSqRho>
<CP of DelSqRho>
CP# = 7       
Type = (3,-1)
Coords = -1.51273375861286E-03 -1.12146019719288E-02 -1.80585072207191E-01
DistFromNuc =  1.8093928254E-01
Rho =  6.8354906989E+01
DelSqRho = -3.2449096204E+03
GradDelSqRho =  3.6379788071E-12 -3.5470293369E-11 -1.4551915228E-11
HessDelSqRho_EigVals = -2.1328283783E+04 -2.1310939902E+04  4.3979924147E+06
HessDelSqRho_EigVec1 =  8.8576709123E-01  4.6272004231E-01 -3.6150000636E-02
HessDelSqRho_EigVec2 = -4.6405467466E-01  8.8433615527E-01 -5.1017873497E-02
HessDelSqRho_EigVec3 =  8.3617599918E-03  6.1965530192E-02  9.9804326261E-01
</CP of DelSqRho>
<CP of DelSqRho>
CP# = 8       
Type = (3,+1)
Coords =  5.25709099515346E-04 -1.19649342974396E-01  1.35873337940752E-01
DistFromNuc =  1.8104641838E-01
Rho =  6.8470271734E+01
DelSqRho = -3.3317352994E+03
GradDelSqRho = -1.7053025658E-12  0.0000000000E+00 -1.4551915228E-11
HessDelSqRho_EigVals = -1.0766835019E+04  2.1269400716E+04  4.3831613978E+06
HessDelSqRho_EigVec1 =  9.9995373082E-01 -4.9636614777E-03 -8.2400416864E-03
HessDelSqRho_EigVec2 =  9.1708019042E-03  7.5048317482E-01  6.6082592315E-01
HessDelSqRho_EigVec3 =  2.9038964672E-03 -6.6087091507E-01  7.5049397133E-01
</CP of DelSqRho>
<CP of DelSqRho>
CP# = 9       
Type = (3,+1)
Coords = -5.25709099516143E-04  1.19649342974394E-01 -1.35873337940753E-01
DistFromNuc =  1.8104641838E-01
Rho =  6.8470271734E+01
DelSqRho = -3.3317352994E+03
GradDelSqRho =  1.2505552149E-12 -2.9103830457E-11  1.4551915228E-11
HessDelSqRho_EigVals = -1.0766835019E+04  2.1269400716E+04  4.3831613978E+06
HessDelSqRho_EigVec1 =  9.9995373082E-01 -4.9636614777E-03 -8.2400416864E-03
HessDelSqRho_EigVec2 =  9.1708019042E-03  7.5048317482E-01  6.6082592315E-01
HessDelSqRho_EigVec3 =  2.9038964672E-03 -6.6087091507E-01  7.5049397133E-01
</CP of DelSqRho>
<CP of DelSqRho>
CP# = 10      
Type = (3,+1)
Coords =  1.29055855466149E-01  7.64600089552671E-03  1.26745409811157E-01
DistFromNuc =  1.8104771213E-01
Rho =  6.8471006810E+01
DelSqRho = -3.3321498562E+03
GradDelSqRho = -3.6379788071E-12 -6.8212102633E-13  1.4551915228E-11
HessDelSqRho_EigVals = -1.0654607341E+04  2.1315524911E+04  4.3830467191E+06
HessDelSqRho_EigVec1 =  2.4727212249E-03  9.9802865247E-01 -6.2711199158E-02
HessDelSqRho_EigVec2 = -7.0133688484E-01  4.6433229382E-02  7.1131605435E-01
HessDelSqRho_EigVec3 =  7.1282568670E-01  4.2222790757E-02  7.0006912253E-01
</CP of DelSqRho>
<CP of DelSqRho>
CP# = 11      
Type = (3,+1)
Coords = -1.26929350493378E-01  8.94891747832354E-03  1.28791470739215E-01
DistFromNuc =  1.8104802146E-01
Rho =  6.8471009691E+01
DelSqRho = -3.3321972111E+03
GradDelSqRho =  2.1827872843E-11 -2.0008883439E-11  1.4551915228E-11
HessDelSqRho_EigVals = -1.0642166454E+04  2.1321158352E+04  4.3830142828E+06
HessDelSqRho_EigVec1 =  6.2284306828E-03  9.9798210302E-01 -6.3189624927E-02
HessDelSqRho_EigVec2 =  7.1305641240E-01  3.9870205026E-02  6.9997208479E-01
HessDelSqRho_EigVec3 = -7.0107899654E-01  4.9417494862E-02  7.1136920921E-01
</CP of DelSqRho>
<CP of DelSqRho>
CP# = 12      
Type = (3,+1)
Coords =  1.26929350493378E-01 -8.94891747832414E-03 -1.28791470739215E-01
DistFromNuc =  1.8104802146E-01
Rho =  6.8471009691E+01
DelSqRho = -3.3321972111E+03
GradDelSqRho = -2.1827872843E-11  2.5465851650E-11  0.0000000000E+00
HessDelSqRho_EigVals = -1.0642166454E+04  2.1321158352E+04  4.3830142828E+06
HessDelSqRho_EigVec1 =  6.2284306828E-03  9.9798210302E-01 -6.3189624927E-02
HessDelSqRho_EigVec2 =  7.1305641240E-01  3.9870205026E-02  6.9997208479E-01
HessDelSqRho_EigVec3 = -7.0107899654E-01  4.9417494862E-02  7.1136920921E-01
</CP of DelSqRho>
<CP of DelSqRho>
CP# = 13      
Type = (3,+1)
Coords = -1.29055855466148E-01 -7.64600089552446E-03 -1.26745409811158E-01
DistFromNuc =  1.8104771213E-01
Rho =  6.8471006810E+01
DelSqRho = -3.3321498562E+03
GradDelSqRho = -2.7739588404E-11  4.7748471843E-12  2.9103830457E-11
HessDelSqRho_EigVals = -1.0654607341E+04  2.1315524911E+04  4.3830467191E+06
HessDelSqRho_EigVec1 =  2.4727212249E-03  9.9802865247E-01 -6.2711199158E-02
HessDelSqRho_EigVec2 = -7.0133688484E-01  4.6433229382E-02  7.1131605435E-01
HessDelSqRho_EigVec3 =  7.1282568670E-01  4.2222790757E-02  7.0006912253E-01
</CP of DelSqRho>
<CP of DelSqRho>
CP# = 14      
Type = (3,+1)
Coords =  1.28589672566065E-01  1.27138396833616E-01 -8.88809746908635E-03
DistFromNuc =  1.8104826461E-01
Rho =  6.8470254797E+01
DelSqRho = -3.3320319290E+03
GradDelSqRho =  6.2527760747E-12 -2.9103830457E-11  1.4551915228E-11
HessDelSqRho_EigVals = -1.0679173341E+04  2.1314370583E+04  4.3829559952E+06
HessDelSqRho_EigVec1 =  6.4052194177E-03  6.3301985797E-02  9.9797386326E-01
HessDelSqRho_EigVec2 = -7.0391644447E-01  7.0912934092E-01 -4.0462538825E-02
HessDelSqRho_EigVec3 =  7.1025390697E-01  7.0223104207E-01 -4.9101437795E-02
</CP of DelSqRho>
<CP of DelSqRho>
CP# = 15      
Type = (3,+1)
Coords = -1.27475178627027E-01  1.28383111459371E-01 -6.81487369740691E-03
DistFromNuc =  1.8104857629E-01
Rho =  6.8470303569E+01
DelSqRho = -3.3321036400E+03
GradDelSqRho =  1.4551915228E-11  5.8207660913E-11  3.4106051316E-11
HessDelSqRho_EigVals = -1.0656036369E+04  2.1323034036E+04  4.3829239722E+06
HessDelSqRho_EigVec1 =  1.0158621076E-02  6.3076382407E-02  9.9795699927E-01
HessDelSqRho_EigVec2 =  7.1003102738E-01  7.0227614798E-01 -5.1615425376E-02
HessDelSqRho_EigVec3 = -7.0409711160E-01  7.0910477503E-01 -3.7652031326E-02
</CP of DelSqRho>
<CP of DelSqRho>
CP# = 16      
Type = (3,+1)
Coords =  1.27475178627028E-01 -1.28383111459371E-01  6.81487369740568E-03
DistFromNuc =  1.8104857629E-01
Rho =  6.8470303569E+01
DelSqRho = -3.3321036400E+03
GradDelSqRho = -2.1827872843E-11  0.0000000000E+00  1.9099388737E-11
HessDelSqRho_EigVals = -1.0656036369E+04  2.1323034036E+04  4.3829239722E+06
HessDelSqRho_EigVec1 =  1.0158621076E-02  6.3076382407E-02  9.9795699927E-01
HessDelSqRho_EigVec2 =  7.1003102738E-01  7.0227614798E-01 -5.1615425376E-02
HessDelSqRho_EigVec3 = -7.0409711160E-01  7.0910477503E-01 -3.7652031326E-02
</CP of DelSqRho>
<CP of DelSqRho>
CP# = 17      
Type = (3,+1)
Coords = -1.28589672566064E-01 -1.27138396833617E-01  8.88809746908617E-03
DistFromNuc =  1.8104826461E-01
Rho =  6.8470254797E+01
DelSqRho = -3.3320319290E+03
GradDelSqRho =  9.8907548818E-12  0.0000000000E+00  9.0949470177E-12
HessDelSqRho_EigVals = -1.0679173341E+04  2.1314370583E+04  4.3829559952E+06
HessDelSqRho_EigVec1 =  6.4052194177E-03  6.3301985797E-02  9.9797386326E-01
HessDelSqRho_EigVec2 = -7.0391644447E-01  7.0912934092E-01 -4.0462538825E-02
HessDelSqRho_EigVec3 =  7.1025390697E-01  7.0223104207E-01 -4.9101437795E-02
</CP of DelSqRho>
<CP of DelSqRho>
CP# = 18      
Type = (3,-3)
Coords =  3.20100110660811E-01 -1.51838271447996E-03 -2.54007836319346E-03
DistFromNuc =  3.2011378966E-01
Rho =  1.6196695542E+01
DelSqRho =  1.0216025933E+03
GradDelSqRho = -9.0949470177E-12  6.9277916737E-13  4.8316906032E-13
HessDelSqRho_EigVals = -2.3948635984E+05 -5.9064208624E+03 -5.8734414864E+03
HessDelSqRho_EigVec1 =  9.9995729661E-01 -4.7407788036E-03 -7.9328410683E-03
HessDelSqRho_EigVec2 =  2.7875160788E-03 -6.6368837133E-01  7.4800399432E-01
HessDelSqRho_EigVec3 =  8.8110558498E-03  7.4799416494E-01  6.6364681459E-01
</CP of DelSqRho>
<CP of DelSqRho>
CP# = 19      
Type = (3,-1)
Coords = -2.25151465501457E-01  1.58537481208376E-02  2.28386408815545E-01
DistFromNuc =  3.2109947910E-01
Rho =  1.6397895527E+01
DelSqRho =  9.4624819400E+02
GradDelSqRho = -1.2278178474E-11 -2.9842794902E-13  4.3200998334E-12
HessDelSqRho_EigVals = -2.3400729536E+05 -2.9160173396E+03  5.8365798105E+03
HessDelSqRho_EigVec1 = -7.0119047997E-01  4.9351985612E-02  7.1126386968E-01
HessDelSqRho_EigVec2 =  6.1989055227E-03  9.9798571571E-01 -6.3135448121E-02
HessDelSqRho_EigVec3 =  7.1294704177E-01  3.9860917641E-02  7.0008401130E-01
</CP of DelSqRho>
<CP of DelSqRho>
CP# = 20      
Type = (3,-3)
Coords = -3.20100110660811E-01  1.51838271447991E-03  2.54007836319349E-03
DistFromNuc =  3.2011378966E-01
Rho =  1.6196695542E+01
DelSqRho =  1.0216025933E+03
GradDelSqRho = -9.0949470177E-12  6.2172489379E-13 -4.6895820560E-13
HessDelSqRho_EigVals = -2.3948635984E+05 -5.9064208624E+03 -5.8734414864E+03
HessDelSqRho_EigVec1 =  9.9995729661E-01 -4.7407788036E-03 -7.9328410683E-03
HessDelSqRho_EigVec2 =  2.7875160788E-03 -6.6368837133E-01  7.4800399432E-01
HessDelSqRho_EigVec3 =  8.8110558498E-03  7.4799416494E-01  6.6364681459E-01
</CP of DelSqRho>
<CP of DelSqRho>
CP# = 21      
Type = (3,-1)
Coords =  2.25151465501456E-01 -1.58537481208369E-02 -2.28386408815546E-01
DistFromNuc =  3.2109947910E-01
Rho =  1.6397895527E+01
DelSqRho =  9.4624819400E+02
GradDelSqRho = -1.0913936421E-11  2.1174173526E-12  4.3200998334E-12
HessDelSqRho_EigVals = -2.3400729536E+05 -2.9160173396E+03  5.8365798105E+03
HessDelSqRho_EigVec1 = -7.0119047997E-01  4.9351985612E-02  7.1126386968E-01
HessDelSqRho_EigVec2 =  6.1989055227E-03  9.9798571571E-01 -6.3135448121E-02
HessDelSqRho_EigVec3 =  7.1294704177E-01  3.9860917641E-02  7.0008401130E-01
</CP of DelSqRho>
<CP of DelSqRho>
CP# = 22      
Type = (3,-3)
Coords =  1.42040848055285E-03  3.19450493497045E-01 -2.05525259278782E-02
DistFromNuc =  3.2011410728E-01
Rho =  1.6196565764E+01
DelSqRho =  1.0215901680E+03
GradDelSqRho = -5.6843418861E-14  6.5938365879E-12  4.9027448767E-12
HessDelSqRho_EigVals = -2.3948199348E+05 -5.8900801963E+03 -5.8881560734E+03
HessDelSqRho_EigVec1 =  4.4392830915E-03  9.9792518926E-01 -6.4230906996E-02
HessDelSqRho_EigVec2 =  8.5777348770E-01  2.9215821654E-02  5.1319692085E-01
HessDelSqRho_EigVec3 = -5.1400869309E-01  5.7373795525E-02  8.5586407275E-01
</CP of DelSqRho>
<CP of DelSqRho>
CP# = 23      
Type = (3,-3)
Coords =  2.67980019212778E-03  1.98277630128163E-02  3.19488583732704E-01
DistFromNuc =  3.2011447429E-01
Rho =  1.6196689352E+01
DelSqRho =  1.0215936144E+03
GradDelSqRho =  3.2684965845E-13 -2.2026824809E-12 -3.2400748751E-12
HessDelSqRho_EigVals = -2.3948491272E+05 -5.8911158613E+03 -5.8871413172E+03
HessDelSqRho_EigVec1 =  8.3734780203E-03  6.1912330866E-02  9.9804646593E-01
HessDelSqRho_EigVec2 =  7.7097535533E-01  6.3521074729E-01 -4.5872737103E-02
HessDelSqRho_EigVec3 =  6.3680992953E-01 -7.6985334306E-01  4.2413958058E-02
</CP of DelSqRho>
<CP of DelSqRho>
CP# = 24      
Type = (3,-3)
Coords = -2.67980019212789E-03 -1.98277630128167E-02 -3.19488583732704E-01
DistFromNuc =  3.2011447429E-01
Rho =  1.6196689352E+01
DelSqRho =  1.0215936144E+03
GradDelSqRho =  2.1316282073E-13 -1.4921397451E-12  5.6274984672E-12
HessDelSqRho_EigVals = -2.3948491272E+05 -5.8911158613E+03 -5.8871413172E+03
HessDelSqRho_EigVec1 =  8.3734780203E-03  6.1912330866E-02  9.9804646593E-01
HessDelSqRho_EigVec2 =  7.7097535532E-01  6.3521074729E-01 -4.5872737103E-02
HessDelSqRho_EigVec3 =  6.3680992953E-01 -7.6985334306E-01  4.2413958058E-02
</CP of DelSqRho>
<CP of DelSqRho>
CP# = 25      
Type = (3,-3)
Coords = -1.42040848055277E-03 -3.19450493497045E-01  2.05525259278784E-02
DistFromNuc =  3.2011410728E-01
Rho =  1.6196565764E+01
DelSqRho =  1.0215901680E+03
GradDelSqRho =  8.5265128291E-14 -3.2969182939E-12 -1.7053025658E-13
HessDelSqRho_EigVals = -2.3948199348E+05 -5.8900801963E+03 -5.8881560734E+03
HessDelSqRho_EigVec1 =  4.4392830915E-03  9.9792518926E-01 -6.4230906996E-02
HessDelSqRho_EigVec2 =  8.5777348770E-01  2.9215821654E-02  5.1319692085E-01
HessDelSqRho_EigVec3 = -5.1400869309E-01  5.7373795525E-02  8.5586407274E-01
</CP of DelSqRho>
<CP of DelSqRho>
CP# = 26      
Type = (3,+3)
Coords = -1.04374189034088E-01 -9.70409462632810E-02  1.11715358514229E-01
DistFromNuc =  1.8108351089E-01
Rho =  6.8509734064E+01
DelSqRho = -3.3612971909E+03
GradDelSqRho =  4.3655745685E-11  3.2741809264E-11 -7.2759576142E-12
HessDelSqRho_EigVals =  1.4185273014E+04  1.4321941475E+04  4.3781075075E+06
HessDelSqRho_EigVec1 = -9.0980609452E-02  7.9234218741E-01  6.0325482738E-01
HessDelSqRho_EigVec2 =  8.1210000227E-01 -2.9157620560E-01  5.0544723033E-01
HessDelSqRho_EigVec3 = -5.7638191768E-01 -5.3588914374E-01  6.1693331130E-01
</CP of DelSqRho>
<CP of DelSqRho>
CP# = 27      
Type = (3,+3)
Coords =  1.04374189034088E-01  9.70409462632849E-02 -1.11715358514226E-01
DistFromNuc =  1.8108351089E-01
Rho =  6.8509734064E+01
DelSqRho = -3.3612971909E+03
GradDelSqRho = -2.1827872843E-11  1.0913936421E-11  5.0931703299E-11
HessDelSqRho_EigVals =  1.4185273014E+04  1.4321941475E+04  4.3781075075E+06
HessDelSqRho_EigVec1 = -9.0980609450E-02  7.9234218741E-01  6.0325482738E-01
HessDelSqRho_EigVec2 =  8.1210000227E-01 -2.9157620560E-01  5.0544723033E-01
HessDelSqRho_EigVec3 = -5.7638191768E-01 -5.3588914374E-01  6.1693331130E-01
</CP of DelSqRho>
<CP of DelSqRho>
CP# = 28      
Type = (3,+1)
Coords =  1.57624142528260E-03  1.35800818922255E-01  1.19727794757036E-01
DistFromNuc =  1.8104997043E-01
Rho =  6.8470889125E+01
DelSqRho = -3.3324859216E+03
GradDelSqRho =  1.8189894035E-11  1.1641532183E-10  5.8207660913E-11
HessDelSqRho_EigVals = -1.0554428662E+04  2.1360573470E+04  4.3828008119E+06
HessDelSqRho_EigVec1 =  9.9995836284E-01 -4.7273917842E-03 -7.8054058457E-03
HessDelSqRho_EigVec2 =  2.7283534356E-03 -6.6134308946E-01  7.5007857862E-01
HessDelSqRho_EigVec3 =  8.7079665266E-03  7.5006864338E-01  6.6130265502E-01
</CP of DelSqRho>
<CP of DelSqRho>
CP# = 29      
Type = (3,+1)
Coords = -1.57624142528271E-03 -1.35800818922256E-01 -1.19727794757034E-01
DistFromNuc =  1.8104997043E-01
Rho =  6.8470889125E+01
DelSqRho = -3.3324859216E+03
GradDelSqRho = -1.6370904632E-11 -4.3655745685E-11  2.9103830457E-11
HessDelSqRho_EigVals = -1.0554428662E+04  2.1360573470E+04  4.3828008119E+06
HessDelSqRho_EigVec1 =  9.9995836284E-01 -4.7273917842E-03 -7.8054058457E-03
HessDelSqRho_EigVec2 =  2.7283534356E-03 -6.6134308946E-01  7.5007857862E-01
HessDelSqRho_EigVec3 =  8.7079665266E-03  7.5006864338E-01  6.6130265502E-01
</CP of DelSqRho>
<CP of DelSqRho>
CP# = 30      
Type = (3,+3)
Coords =  1.05600649220513E-01  1.10515158046438E-01  9.70910223396166E-02
DistFromNuc =  1.8108496319E-01
Rho =  6.8509381293E+01
DelSqRho = -3.3611949824E+03
GradDelSqRho =  2.9103830457E-11  5.0931703299E-11  7.2759576142E-12
HessDelSqRho_EigVals =  1.4104262138E+04  1.4244651884E+04  4.3779868436E+06
HessDelSqRho_EigVec1 =  8.1057012475E-01 -4.8088007778E-01 -3.3426101126E-01
HessDelSqRho_EigVec2 =  5.3835678222E-02  6.2952710047E-01 -7.7511118527E-01
HessDelSqRho_EigVec3 =  5.8316189228E-01  6.1028680190E-01  5.3616436549E-01
</CP of DelSqRho>
<CP of DelSqRho>
CP# = 31      
Type = (3,+3)
Coords = -1.02996143936258E-01  1.11521771428955E-01  9.87246453347957E-02
DistFromNuc =  1.8108524723E-01
Rho =  6.8509278504E+01
DelSqRho = -3.3611712612E+03
GradDelSqRho =  0.0000000000E+00  3.6379788071E-11  9.5496943686E-12
HessDelSqRho_EigVals =  1.4100706420E+04  1.4218626687E+04  4.3779617399E+06
HessDelSqRho_EigVec1 =  8.2163788438E-01  4.5562625455E-01  3.4251409186E-01
HessDelSqRho_EigVec2 = -3.7465035479E-02  6.4275911051E-01 -7.6515168233E-01
HessDelSqRho_EigVec3 = -5.6877724820E-01  6.1584530689E-01  5.4518528952E-01
</CP of DelSqRho>
<CP of DelSqRho>
CP# = 32      
Type = (3,+3)
Coords =  1.05212955204773E-01 -9.81185640291995E-02  1.09973656866888E-01
DistFromNuc =  1.8108347179E-01
Rho =  6.8509719477E+01
DelSqRho = -3.3612798128E+03
GradDelSqRho = -3.6379788071E-11 -1.4551915228E-11 -1.8189894035E-11
HessDelSqRho_EigVals =  1.4178865253E+04  1.4317021202E+04  4.3781132677E+06
HessDelSqRho_EigVec1 = -3.0476374947E-03  7.4473336071E-01  6.6735517781E-01
HessDelSqRho_EigVec2 = -8.1388773772E-01 -3.8959369387E-01  4.3104930586E-01
HessDelSqRho_EigVec3 =  5.8101416703E-01 -5.4183851390E-01  6.0731669050E-01
</CP of DelSqRho>
<CP of DelSqRho>
CP# = 33      
Type = (3,+3)
Coords = -1.05212955204775E-01  9.81185640292001E-02 -1.09973656866886E-01
DistFromNuc =  1.8108347179E-01
Rho =  6.8509719477E+01
DelSqRho = -3.3612798128E+03
GradDelSqRho =  0.0000000000E+00 -2.9103830457E-11  1.8189894035E-11
HessDelSqRho_EigVals =  1.4178865253E+04  1.4317021202E+04  4.3781132677E+06
HessDelSqRho_EigVec1 = -3.0476374939E-03  7.4473336071E-01  6.6735517781E-01
HessDelSqRho_EigVec2 = -8.1388773772E-01 -3.8959369387E-01  4.3104930586E-01
HessDelSqRho_EigVec3 =  5.8101416703E-01 -5.4183851390E-01  6.0731669050E-01
</CP of DelSqRho>
<CP of DelSqRho>
CP# = 34      
Type = (3,+3)
Coords =  1.02996143936261E-01 -1.11521771428955E-01 -9.87246453347933E-02
DistFromNuc =  1.8108524723E-01
Rho =  6.8509278504E+01
DelSqRho = -3.3611712612E+03
GradDelSqRho =  4.3655745685E-11 -1.3642420527E-11  1.7735146685E-11
HessDelSqRho_EigVals =  1.4100706420E+04  1.4218626687E+04  4.3779617399E+06
HessDelSqRho_EigVec1 =  8.2163788438E-01  4.5562625454E-01  3.4251409187E-01
HessDelSqRho_EigVec2 = -3.7465035472E-02  6.4275911051E-01 -7.6515168233E-01
HessDelSqRho_EigVec3 = -5.6877724820E-01  6.1584530689E-01  5.4518528952E-01
</CP of DelSqRho>
<CP of DelSqRho>
CP# = 35      
Type = (3,+3)
Coords = -1.05600649220512E-01 -1.10515158046438E-01 -9.70910223396171E-02
DistFromNuc =  1.8108496319E-01
Rho =  6.8509381293E+01
DelSqRho = -3.3611949824E+03
GradDelSqRho = -3.6379788071E-11 -7.2759576142E-12  0.0000000000E+00
HessDelSqRho_EigVals =  1.4104262138E+04  1.4244651884E+04  4.3779868436E+06
HessDelSqRho_EigVec1 =  8.1057012476E-01 -4.8088007778E-01 -3.3426101126E-01
HessDelSqRho_EigVec2 =  5.3835678220E-02  6.2952710047E-01 -7.7511118527E-01
HessDelSqRho_EigVec3 =  5.8316189228E-01  6.1028680190E-01  5.3616436549E-01
</CP of DelSqRho>
<CP of DelSqRho>
CP# = 36      
Type = (3,-1)
Coords =  2.80146864598950E-03  2.40921102238241E-01  2.12271594639355E-01
DistFromNuc =  3.2110754526E-01
Rho =  1.6398667996E+01
DelSqRho =  9.4594176040E+02
GradDelSqRho = -1.0231815395E-12  2.5295321393E-12 -6.2527760747E-13
HessDelSqRho_EigVals = -2.3396238598E+05 -2.8886793149E+03  5.8473957294E+03
HessDelSqRho_EigVec1 =  8.7276401858E-03  7.5028251146E-01  6.6105974109E-01
HessDelSqRho_EigVec2 =  9.9995817383E-01 -4.7404460734E-03 -7.8216854471E-03
HessDelSqRho_EigVec3 =  2.7347557471E-03 -6.6110035635E-01  7.5029250292E-01
</CP of DelSqRho>
<CP of DelSqRho>
CP# = 37      
Type = (3,-1)
Coords =  9.34022187522398E-04 -2.12276408001228E-01  2.40908026416288E-01
DistFromNuc =  3.2109005432E-01
Rho =  1.6396830083E+01
DelSqRho =  9.4661059383E+02
GradDelSqRho = -2.8421709430E-14  9.6065377875E-12 -3.8369307731E-12
HessDelSqRho_EigVals = -2.3405718512E+05 -2.9478183638E+03  5.8223928239E+03
HessDelSqRho_EigVec1 =  2.9088899557E-03 -6.6111265408E-01  7.5028101201E-01
HessDelSqRho_EigVec2 =  9.9995364045E-01 -4.9639084558E-03 -8.2508522748E-03
HessDelSqRho_EigVec3 =  9.1790691055E-03  7.5027023014E-01  6.6106756573E-01
</CP of DelSqRho>
<CP of DelSqRho>
CP# = 38      
Type = (3,-1)
Coords = -9.34022187522475E-04  2.12276408001229E-01 -2.40908026416287E-01
DistFromNuc =  3.2109005432E-01
Rho =  1.6396830083E+01
DelSqRho =  9.4661059383E+02
GradDelSqRho =  4.8316906032E-13 -2.8421709430E-13 -1.3926637621E-12
HessDelSqRho_EigVals = -2.3405718512E+05 -2.9478183638E+03  5.8223928239E+03
HessDelSqRho_EigVec1 =  2.9088899557E-03 -6.6111265408E-01  7.5028101201E-01
HessDelSqRho_EigVec2 =  9.9995364045E-01 -4.9639084558E-03 -8.2508522748E-03
HessDelSqRho_EigVec3 =  9.1790691055E-03  7.5027023014E-01  6.6106756573E-01
</CP of DelSqRho>
<CP of DelSqRho>
CP# = 39      
Type = (3,-1)
Coords = -2.80146864598955E-03 -2.40921102238241E-01 -2.12271594639355E-01
DistFromNuc =  3.2110754526E-01
Rho =  1.6398667996E+01
DelSqRho =  9.4594176040E+02
GradDelSqRho = -4.5474735089E-13 -2.8279600883E-12 -2.6716406865E-12
HessDelSqRho_EigVals = -2.3396238598E+05 -2.8886793149E+03  5.8473957294E+03
HessDelSqRho_EigVec1 =  8.7276401858E-03  7.5028251146E-01  6.6105974109E-01
HessDelSqRho_EigVec2 =  9.9995817383E-01 -4.7404460734E-03 -7.8216854471E-03
HessDelSqRho_EigVec3 =  2.7347557471E-03 -6.6110035635E-01  7.5029250292E-01
</CP of DelSqRho>
<CP of DelSqRho>
CP# = 40      
Type = (3,-1)
Coords =  2.28921831253715E-01  1.35458459077999E-02  2.24756144997162E-01
DistFromNuc =  3.2109814618E-01
Rho =  1.6397770884E+01
DelSqRho =  9.4629523735E+02
GradDelSqRho =  5.0022208598E-12  0.0000000000E+00  1.8189894035E-12
HessDelSqRho_EigVals = -2.3401462851E+05 -2.9195968339E+03  5.8348556493E+03
HessDelSqRho_EigVec1 =  7.1293530200E-01  4.2167920337E-02  6.9996080009E-01
HessDelSqRho_EigVec2 = -2.4929502298E-03 -9.9803157713E-01  6.2663835257E-02
HessDelSqRho_EigVec3 = -7.0122538485E-01  4.6420227750E-02  7.1142682132E-01
</CP of DelSqRho>
<CP of DelSqRho>
CP# = 41      
Type = (3,-1)
Coords = -2.28921831253715E-01 -1.35458459077999E-02 -2.24756144997163E-01
DistFromNuc =  3.2109814618E-01
Rho =  1.6397770884E+01
DelSqRho =  9.4629523735E+02
GradDelSqRho =  9.0949470177E-13 -6.8212102633E-13  1.8189894035E-12
HessDelSqRho_EigVals = -2.3401462851E+05 -2.9195968339E+03  5.8348556493E+03
HessDelSqRho_EigVec1 =  7.1293530200E-01  4.2167920337E-02  6.9996080009E-01
HessDelSqRho_EigVec2 = -2.4929502298E-03 -9.9803157713E-01  6.2663835257E-02
HessDelSqRho_EigVec3 = -7.0122538485E-01  4.6420227750E-02  7.1142682132E-01
</CP of DelSqRho>
<CP of DelSqRho>
CP# = 42      
Type = (3,-1)
Coords =  2.28023528974401E-01  2.25522133587144E-01 -1.57756480929152E-02
DistFromNuc =  3.2109785670E-01
Rho =  1.6397701967E+01
DelSqRho =  9.4630006740E+02
GradDelSqRho = -1.3642420527E-12 -8.1854523160E-12  1.2221335055E-12
HessDelSqRho_EigVals = -2.3401378201E+05 -2.9207737984E+03  5.8346769534E+03
HessDelSqRho_EigVec1 =  7.1013749484E-01  7.0234548775E-01 -4.9148288462E-02
HessDelSqRho_EigVec2 =  6.4143057654E-03  6.3349899390E-02  9.9797076457E-01
HessDelSqRho_EigVec3 = -7.0403380253E-01  7.0901171082E-01 -4.0482080140E-02
</CP of DelSqRho>
<CP of DelSqRho>
CP# = 43      
Type = (3,-1)
Coords = -2.26047464204679E-01  2.27729660621541E-01 -1.21077433391705E-02
DistFromNuc =  3.2109944231E-01
Rho =  1.6397854415E+01
DelSqRho =  9.4623626491E+02
GradDelSqRho =  4.5474735089E-12 -4.5474735089E-12 -5.4001247918E-13
HessDelSqRho_EigVals = -2.3400510574E+05 -2.9143672890E+03  5.8370535859E+03
HessDelSqRho_EigVec1 = -7.0398024186E-01  7.0921674523E-01 -3.7728336147E-02
HessDelSqRho_EigVec2 =  1.0123232542E-02  6.3136809058E-02  9.9795353775E-01
HessDelSqRho_EigVec3 =  7.1014740669E-01  7.0215764015E-01 -5.1626632146E-02
</CP of DelSqRho>
<CP of DelSqRho>
CP# = 44      
Type = (3,-1)
Coords =  2.26047464204679E-01 -2.27729660621541E-01  1.21077433391698E-02
DistFromNuc =  3.2109944231E-01
Rho =  1.6397854415E+01
DelSqRho =  9.4623626491E+02
GradDelSqRho = -1.3642420527E-11  9.5496943686E-12  1.2505552149E-12
HessDelSqRho_EigVals = -2.3400510574E+05 -2.9143672890E+03  5.8370535859E+03
HessDelSqRho_EigVec1 = -7.0398024186E-01  7.0921674523E-01 -3.7728336147E-02
HessDelSqRho_EigVec2 =  1.0123232542E-02  6.3136809058E-02  9.9795353775E-01
HessDelSqRho_EigVec3 =  7.1014740669E-01  7.0215764015E-01 -5.1626632146E-02
</CP of DelSqRho>
<CP of DelSqRho>
CP# = 45      
Type = (3,-1)
Coords = -2.28023528974400E-01 -2.25522133587145E-01  1.57756480929144E-02
DistFromNuc =  3.2109785670E-01
Rho =  1.6397701967E+01
DelSqRho =  9.4630006740E+02
GradDelSqRho = -4.5474735089E-13 -2.2737367544E-12  1.1652900866E-12
HessDelSqRho_EigVals = -2.3401378201E+05 -2.9207737984E+03  5.8346769534E+03
HessDelSqRho_EigVec1 =  7.1013749484E-01  7.0234548775E-01 -4.9148288462E-02
HessDelSqRho_EigVec2 =  6.4143057654E-03  6.3349899390E-02  9.9797076457E-01
HessDelSqRho_EigVec3 = -7.0403380253E-01  7.0901171082E-01 -4.0482080140E-02
</CP of DelSqRho>
<CP of DelSqRho>
CP# = 46      
Type = (3,+1)
Coords =  1.87433494821030E-01  1.96257390259873E-01  1.72251511175262E-01
DistFromNuc =  3.2143251440E-01
Rho =  1.6465009935E+01
DelSqRho =  9.2124535422E+02
GradDelSqRho = -1.8189894035E-12  1.8189894035E-12  2.7284841053E-12
HessDelSqRho_EigVals = -2.3218443702E+05  3.8495663947E+03  3.8885866466E+03
HessDelSqRho_EigVec1 =  5.8313102077E-01  6.1056548979E-01  5.3588057932E-01
HessDelSqRho_EigVec2 =  8.1234734455E-01 -4.4399372042E-01 -3.7810232482E-01
HessDelSqRho_EigVec3 = -7.0713809691E-03 -6.5580436023E-01  7.5489776571E-01
</CP of DelSqRho>
<CP of DelSqRho>
CP# = 47      
Type = (3,+1)
Coords = -1.82813550248548E-01  1.98041056968693E-01  1.75152234847588E-01
DistFromNuc =  3.2143328977E-01
Rho =  1.6464954098E+01
DelSqRho =  9.2126052052E+02
GradDelSqRho =  8.4128259914E-12 -1.3642420527E-12 -1.7053025658E-12
HessDelSqRho_EigVals = -2.3218023362E+05  3.8487170719E+03  3.8816084904E+03
HessDelSqRho_EigVec1 = -5.6875506206E-01  6.1611406474E-01  5.4490470599E-01
HessDelSqRho_EigVec2 =  8.2236901978E-01  4.1383301453E-01  3.9045029311E-01
HessDelSqRho_EigVec3 =  1.5062360055E-02  6.7018332963E-01 -7.4204274136E-01
</CP of DelSqRho>
<CP of DelSqRho>
CP# = 48      
Type = (3,+1)
Coords =  1.86758678387196E-01 -1.74255828150439E-01  1.95120547107330E-01
DistFromNuc =  3.2142794760E-01
Rho =  1.6465155197E+01
DelSqRho =  9.2118369398E+02
GradDelSqRho =  1.1368683772E-12 -1.1368683772E-12 -2.7284841053E-12
HessDelSqRho_EigVals = -2.3220853931E+05  3.8697076122E+03  3.9082968891E+03
HessDelSqRho_EigVec1 =  5.8101876876E-01 -5.4213402878E-01  6.0704850316E-01
HessDelSqRho_EigVec2 = -4.9779172441E-02  7.2079331785E-01  6.9136027289E-01
HessDelSqRho_EigVec3 =  8.1236643477E-01  4.3191166664E-01 -3.9180746276E-01
</CP of DelSqRho>
<CP of DelSqRho>
CP# = 49      
Type = (3,+1)
Coords = -1.85273517137834E-01 -1.72338145049812E-01  1.98215427182344E-01
DistFromNuc =  3.2142816922E-01
Rho =  1.6465209400E+01
DelSqRho =  9.2116631465E+02
GradDelSqRho =  4.5474735089E-13  3.8653524825E-12 -1.8189894035E-12
HessDelSqRho_EigVals = -2.3220728862E+05  3.8720205574E+03  3.9091816701E+03
HessDelSqRho_EigVec1 = -5.7639790725E-01 -5.3617031578E-01  6.1667401842E-01
HessDelSqRho_EigVec2 = -4.7005613508E-02  7.7515175664E-01  6.3002398881E-01
HessDelSqRho_EigVec3 =  8.1581610968E-01 -3.3415736810E-01  4.7199886497E-01
</CP of DelSqRho>
<CP of DelSqRho>
CP# = 50      
Type = (3,+1)
Coords =  1.85273517137834E-01  1.72338145049813E-01 -1.98215427182343E-01
DistFromNuc =  3.2142816922E-01
Rho =  1.6465209400E+01
DelSqRho =  9.2116631465E+02
GradDelSqRho =  2.9558577808E-12  3.6379788071E-12  1.8189894035E-12
HessDelSqRho_EigVals = -2.3220728862E+05  3.8720205574E+03  3.9091816701E+03
HessDelSqRho_EigVec1 = -5.7639790725E-01 -5.3617031578E-01  6.1667401842E-01
HessDelSqRho_EigVec2 = -4.7005613507E-02  7.7515175664E-01  6.3002398881E-01
HessDelSqRho_EigVec3 =  8.1581610968E-01 -3.3415736810E-01  4.7199886497E-01
</CP of DelSqRho>
<CP of DelSqRho>
CP# = 51      
Type = (3,+1)
Coords = -1.86758678387195E-01  1.74255828150439E-01 -1.95120547107330E-01
DistFromNuc =  3.2142794760E-01
Rho =  1.6465155197E+01
DelSqRho =  9.2118369398E+02
GradDelSqRho =  4.0927261580E-12 -1.3642420527E-12  4.7748471843E-12
HessDelSqRho_EigVals = -2.3220853931E+05  3.8697076122E+03  3.9082968891E+03
HessDelSqRho_EigVec1 =  5.8101876876E-01 -5.4213402878E-01  6.0704850316E-01
HessDelSqRho_EigVec2 = -4.9779172442E-02  7.2079331785E-01  6.9136027290E-01
HessDelSqRho_EigVec3 =  8.1236643477E-01  4.3191166665E-01 -3.9180746276E-01
</CP of DelSqRho>
<CP of DelSqRho>
CP# = 52      
Type = (3,+1)
Coords =  1.82813550248548E-01 -1.98041056968693E-01 -1.75152234847587E-01
DistFromNuc =  3.2143328977E-01
Rho =  1.6464954098E+01
DelSqRho =  9.2126052052E+02
GradDelSqRho = -2.7284841053E-12 -2.7284841053E-12 -1.2505552149E-12
HessDelSqRho_EigVals = -2.3218023362E+05  3.8487170719E+03  3.8816084904E+03
HessDelSqRho_EigVec1 = -5.6875506206E-01  6.1611406474E-01  5.4490470599E-01
HessDelSqRho_EigVec2 =  8.2236901978E-01  4.1383301453E-01  3.9045029311E-01
HessDelSqRho_EigVec3 =  1.5062360056E-02  6.7018332963E-01 -7.4204274136E-01
</CP of DelSqRho>
<CP of DelSqRho>
CP# = 53      
Type = (3,+1)
Coords = -1.87433494821031E-01 -1.96257390259873E-01 -1.72251511175262E-01
DistFromNuc =  3.2143251440E-01
Rho =  1.6465009935E+01
DelSqRho =  9.2124535422E+02
GradDelSqRho = -4.5474735089E-13  2.5011104299E-12 -9.0949470177E-13
HessDelSqRho_EigVals = -2.3218443702E+05  3.8495663947E+03  3.8885866466E+03
HessDelSqRho_EigVec1 =  5.8313102077E-01  6.1056548979E-01  5.3588057932E-01
HessDelSqRho_EigVec2 =  8.1234734455E-01 -4.4399372042E-01 -3.7810232482E-01
HessDelSqRho_EigVec3 = -7.0713809691E-03 -6.5580436023E-01  7.5489776571E-01
</CP of DelSqRho>
<CP of DelSqRho>
CP# = 54      
Type = (3,-1)
Coords =  7.72228044058968E-01 -3.70059893258369E-03 -6.16007610961581E-03
DistFromNuc =  7.7226147968E-01
Rho =  1.3082691055E+00
DelSqRho = -1.8581784647E+00
GradDelSqRho = -3.2542857298E-12 -2.3092638912E-13 -3.8324898810E-13
HessDelSqRho_EigVals = -1.6066514273E+02 -1.5955534307E+02  1.0154642675E+03
HessDelSqRho_EigVec1 =  2.6763549834E-03 -6.7290280360E-01  7.3972606689E-01
HessDelSqRho_EigVec2 =  8.9042099668E-03  7.3971542666E-01  6.7286090881E-01
HessDelSqRho_EigVec3 =  9.9995677515E-01 -4.7858615710E-03 -7.9714089190E-03
</CP of DelSqRho>
<CP of DelSqRho>
CP# = 55      
Type = (3,-1)
Coords = -7.72228044058968E-01  3.70059893258366E-03  6.16007610961581E-03
DistFromNuc =  7.7226147968E-01
Rho =  1.3082691055E+00
DelSqRho = -1.8581784647E+00
GradDelSqRho =  3.4106051316E-12  2.2737367544E-13  3.8014036363E-13
HessDelSqRho_EigVals = -1.6066514273E+02 -1.5955534307E+02  1.0154642675E+03
HessDelSqRho_EigVec1 =  2.6763549834E-03 -6.7290280360E-01  7.3972606689E-01
HessDelSqRho_EigVec2 =  8.9042099668E-03  7.3971542666E-01  6.7286090881E-01
HessDelSqRho_EigVec3 =  9.9995677515E-01 -4.7858615710E-03 -7.9714089190E-03
</CP of DelSqRho>
<CP of DelSqRho>
CP# = 56      
Type = (3,-1)
Coords =  3.39501979737039E-03  7.70688561009532E-01 -4.91638945823364E-02
DistFromNuc =  7.7226256724E-01
Rho =  1.3082136830E+00
DelSqRho = -1.8573630897E+00
GradDelSqRho = -1.5987211555E-14  1.3109513475E-12  2.3325785747E-13
HessDelSqRho_EigVals = -1.6014213852E+02 -1.6007394979E+02  1.0154199006E+03
HessDelSqRho_EigVec1 =  6.5738970771E-01  4.5137702442E-02  7.5219768679E-01
HessDelSqRho_EigVec2 =  7.5353791845E-01 -4.5208177083E-02 -6.5584817312E-01
HessDelSqRho_EigVec3 =  4.4020065404E-03  9.9795731800E-01 -6.3732360660E-02
</CP of DelSqRho>
<CP of DelSqRho>
CP# = 57      
Type = (3,-1)
Coords = -3.39501979737036E-03 -7.70688561009531E-01  4.91638945823364E-02
DistFromNuc =  7.7226256724E-01
Rho =  1.3082136830E+00
DelSqRho = -1.8573630897E+00
GradDelSqRho =  1.5987211555E-14 -1.1652900866E-12 -2.3459012510E-13
HessDelSqRho_EigVals = -1.6014213852E+02 -1.6007394979E+02  1.0154199006E+03
HessDelSqRho_EigVec1 =  6.5738970771E-01  4.5137702442E-02  7.5219768679E-01
HessDelSqRho_EigVec2 =  7.5353791845E-01 -4.5208177083E-02 -6.5584817312E-01
HessDelSqRho_EigVec3 =  4.4020065404E-03  9.9795731800E-01 -6.3732360660E-02
</CP of DelSqRho>
<CP of DelSqRho>
CP# = 58      
Type = (3,-1)
Coords =  6.42938438188324E-03  4.82434576234186E-02  7.70721957483565E-01
DistFromNuc =  7.7225714884E-01
Rho =  1.3082756451E+00
DelSqRho = -1.8581586553E+00
GradDelSqRho = -2.5313084961E-14 -1.7319479184E-13  1.4281908989E-12
HessDelSqRho_EigVals = -1.6016836024E+02 -1.6004241698E+02  1.0155141281E+03
HessDelSqRho_EigVec1 =  8.2699396109E-01  5.6064320258E-01 -4.1954591056E-02
HessDelSqRho_EigVec2 = -5.6214909421E-01  8.2570318353E-01 -4.6932383174E-02
HessDelSqRho_EigVec3 =  8.3297177909E-03  6.2397532824E-02  9.9801661494E-01
</CP of DelSqRho>
<CP of DelSqRho>
CP# = 59      
Type = (3,-1)
Coords = -6.42938438188323E-03 -4.82434576234184E-02 -7.70721957483565E-01
DistFromNuc =  7.7225714884E-01
Rho =  1.3082756451E+00
DelSqRho = -1.8581586553E+00
GradDelSqRho =  2.0428103653E-14  1.3145040612E-13 -1.4814816041E-12
HessDelSqRho_EigVals = -1.6016836024E+02 -1.6004241698E+02  1.0155141281E+03
HessDelSqRho_EigVec1 =  8.2699396109E-01  5.6064320258E-01 -4.1954591056E-02
HessDelSqRho_EigVec2 = -5.6214909421E-01  8.2570318353E-01 -4.6932383174E-02
HessDelSqRho_EigVec3 =  8.3297177909E-03  6.2397532824E-02  9.9801661494E-01
</CP of DelSqRho>
<CP of DelSqRho>
CP# = 60      
Type = (3,+1)
Coords =  6.26112101850115E-03  5.47170114925272E-01  4.82104226513515E-01
DistFromNuc =  7.2928651539E-01
Rho =  1.7702068871E+00
DelSqRho = -1.5091353617E+01
GradDelSqRho =  1.0658141036E-14 -7.4606987255E-14 -5.5067062021E-14
HessDelSqRho_EigVals = -1.0769474806E+02  2.1735770985E+02  1.7462097786E+03
HessDelSqRho_EigVec1 =  9.9995937185E-01 -4.6323576055E-03 -7.7327821114E-03
HessDelSqRho_EigVec2 =  2.7393835463E-03 -6.6111108503E-01  7.5028303261E-01
