 AIMInt (Version 14.11.23, Professional)
 Portions Copyright (c) 1997-2014 by Todd A. Keith
 AIMInt is a component of the AIMAll package ( http://aim.tkgristmill.com )

 AIMInt is a heavily modified and extended version of the PROAIMV program
 developed by members of R.F.W. Bader's research group

 Much of the Quantum Theory of Atoms in Molecules (QTAIM) is described in the book:
   "Atoms in Molecules - A Quantum Theory"
   R.F.W. Bader, Oxford University Press, Oxford, 1990

 For additional references see:  http://aim.tkgristmill.com/references.html

 Inp File:  E:\Proyecto spin\estructuras hexahidratadas\estructuras hexahidratadas solas\modredundant\Ni23\Ni23_26_atomicfiles\ni1.inp
 Wfx File:  E:\Proyecto spin\estructuras hexahidratadas\estructuras hexahidratadas solas\modredundant\Ni23\Ni23_26.wfx
 Out File:  E:\Proyecto spin\estructuras hexahidratadas\estructuras hexahidratadas solas\modredundant\Ni23\Ni23_26_atomicfiles\ni1.int

 Wfx Title:   Ni23_26                                                                       
 Job Title:   Ni23_26                                                                       
 
<Atom>
Ni1     
</Atom>
<Nuclei of Molecule>
    19
Ni1       28.0           0.0000000000E+00   0.0000000000E+00   0.0000000000E+00
O2         8.0          -4.8371086088E+00   3.6024199995E-01  -7.8294607653E-01
H3         1.0          -6.0750241956E+00  -8.8872990126E-01  -3.0514983215E-01
H4         1.0          -5.5245446214E+00   1.9918084176E+00  -3.4757141610E-01
O5         8.0           4.0153128816E-01   7.8442321924E-01   4.8336167812E+00
H6         1.0          -8.3104671884E-01   3.0134675830E-01   6.0858222649E+00
H7         1.0           2.0429769508E+00   3.5797960297E-01   5.5028205976E+00
O8         8.0          -8.0660125947E-01   4.8301656825E+00   3.9911444217E-01
H9         1.0          -3.3786013304E-01   6.0823158474E+00  -8.3899848970E-01
H10        1.0          -3.7452196282E-01   5.5054651620E+00   2.0365668494E+00
O11        8.0           4.8371086088E+00  -3.6024199995E-01   7.8294607653E-01
H12        1.0           6.0750241956E+00   8.8872990126E-01   3.0514983215E-01
H13        1.0           5.5245446214E+00  -1.9918084176E+00   3.4757141610E-01
O14        8.0          -4.0153128816E-01  -7.8442321924E-01  -4.8336167812E+00
H15        1.0           8.3104671884E-01  -3.0134675830E-01  -6.0858222649E+00
H16        1.0          -2.0429769508E+00  -3.5797960297E-01  -5.5028205976E+00
O17        8.0           8.0660125947E-01  -4.8301656825E+00  -3.9911444217E-01
H18        1.0           3.3786013304E-01  -6.0823158474E+00   8.3899848970E-01
H19        1.0           3.7452196282E-01  -5.5054651620E+00  -2.0365668494E+00
</Nuclei of Molecule>
<Total Number of CPs of DelSqRho>
    97
</Total Number of CPs of DelSqRho>
<Number of (3,+3) CPs of DelSqRho>
    15
</Number of (3,+3) CPs of DelSqRho>
<Number of (3,+1) CPs of DelSqRho>
    38
</Number of (3,+1) CPs of DelSqRho>
<Number of (3,-1) CPs of DelSqRho>
    32
</Number of (3,-1) CPs of DelSqRho>
<Number of (3,-3) CPs of DelSqRho>
    12
</Number of (3,-3) CPs of DelSqRho>
<Number of Degenerate CPs of DelSqRho>
     0
</Number of Degenerate CPs of DelSqRho>
<CP of DelSqRho>
CP# = 1       
Type = (3,+3)
Coords = -7.86288589987225E-28  9.51230898376560E-27  1.80264324411252E-27
DistFromNuc =  9.7134851940E-27
Rho =  1.4571171115E+04
DelSqRho = -2.5335812421E+09
GradDelSqRho = -6.3268542184E-14 -8.0777759891E-14  1.6998640049E-14
HessDelSqRho_EigVals =  1.8541876364E+15  1.8541876365E+15  1.8541876490E+15
HessDelSqRho_EigVec1 =  5.1954225313E-01  2.9147790706E-01  8.0319143229E-01
HessDelSqRho_EigVec2 =  6.3387786868E-01 -7.6181397019E-01 -1.3356018278E-01
HessDelSqRho_EigVec3 = -5.7295261131E-01 -5.7851543153E-01  5.8055594104E-01
</CP of DelSqRho>
<CP of DelSqRho>
CP# = 2       
Type = (3,-1)
Coords = -5.63522395742558E-03 -1.78349111313453E-01  1.84397724491580E-01
DistFromNuc =  2.5659828926E-01
Rho =  3.4264861066E+01
DelSqRho =  3.0627030275E+03
GradDelSqRho =  1.0004441720E-11  2.3646862246E-11 -2.8649083106E-11
HessDelSqRho_EigVals = -1.3181298037E+06 -1.9887080903E+04  4.3740035099E+04
HessDelSqRho_EigVec1 = -2.1723726965E-02 -6.9505080162E-01  7.1863235584E-01
HessDelSqRho_EigVec2 =  9.9934615948E-01  5.6834677286E-03  3.5706466184E-02
HessDelSqRho_EigVec3 = -2.8902131747E-02  7.1893816241E-01  6.9447288314E-01
</CP of DelSqRho>
<CP of DelSqRho>
CP# = 3       
Type = (3,-1)
Coords =  5.63522395742545E-03  1.78349111313452E-01 -1.84397724491581E-01
DistFromNuc =  2.5659828926E-01
Rho =  3.4264861066E+01
DelSqRho =  3.0627030275E+03
GradDelSqRho = -1.8189894035E-11 -1.0913936421E-11 -8.6401996668E-12
HessDelSqRho_EigVals = -1.3181298037E+06 -1.9887080903E+04  4.3740035099E+04
HessDelSqRho_EigVec1 = -2.1723726965E-02 -6.9505080162E-01  7.1863235584E-01
HessDelSqRho_EigVec2 =  9.9934615948E-01  5.6834677286E-03  3.5706466184E-02
HessDelSqRho_EigVec3 = -2.8902131747E-02  7.1893816241E-01  6.9447288314E-01
</CP of DelSqRho>
<CP of DelSqRho>
CP# = 4       
Type = (3,-3)
Coords = -2.55296311113979E-01 -4.28697006255743E-03 -6.33645351918776E-03
DistFromNuc =  2.5541091446E-01
Rho =  3.3631314713E+01
DelSqRho =  3.4302117403E+03
GradDelSqRho =  3.0922819860E-11  7.9580786405E-12 -9.5496943686E-12
HessDelSqRho_EigVals = -1.3587583110E+06 -4.4932230433E+04 -4.2781750446E+04
HessDelSqRho_EigVec1 =  9.9954969497E-01  1.6619282231E-02  2.4984129691E-02
HessDelSqRho_EigVec2 = -2.9310145036E-02  7.1911790450E-01  6.9426965570E-01
HessDelSqRho_EigVec3 = -6.4282716374E-03 -6.9468931105E-01  7.1928119567E-01
</CP of DelSqRho>
<CP of DelSqRho>
CP# = 5       
Type = (3,-3)
Coords =  2.55296311113979E-01  4.28697006255689E-03  6.33645351918795E-03
DistFromNuc =  2.5541091446E-01
Rho =  3.3631314713E+01
DelSqRho =  3.4302117403E+03
GradDelSqRho = -1.8189894035E-12 -2.2737367544E-12  3.6379788071E-12
HessDelSqRho_EigVals = -1.3587583110E+06 -4.4932230433E+04 -4.2781750446E+04
HessDelSqRho_EigVec1 =  9.9954969497E-01  1.6619282231E-02  2.4984129691E-02
HessDelSqRho_EigVec2 = -2.9310145036E-02  7.1911790450E-01  6.9426965570E-01
HessDelSqRho_EigVec3 = -6.4282716374E-03 -6.9468931105E-01  7.1928119567E-01
</CP of DelSqRho>
<CP of DelSqRho>
CP# = 6       
Type = (3,-3)
Coords = -2.31651557519173E-03  6.49105803978832E-03  2.55317901821602E-01
DistFromNuc =  2.5541090632E-01
Rho =  3.3631253736E+01
DelSqRho =  3.4302194368E+03
GradDelSqRho =  4.3200998334E-12  1.8189894035E-12  1.7280399334E-11
HessDelSqRho_EigVals = -1.3587582674E+06 -4.4914325578E+04 -4.2801024915E+04
HessDelSqRho_EigVec1 = -8.9013180165E-03  2.5588807645E-02  9.9963292236E-01
HessDelSqRho_EigVec2 = -7.2388969968E-01  6.8949481265E-01 -2.4095767577E-02
HessDelSqRho_EigVec3 =  6.8985829649E-01  7.2383846005E-01 -1.2386061683E-02
</CP of DelSqRho>
<CP of DelSqRho>
CP# = 7       
Type = (3,-3)
Coords =  2.31651557519152E-03 -6.49105803978845E-03 -2.55317901821602E-01
DistFromNuc =  2.5541090632E-01
Rho =  3.3631253736E+01
DelSqRho =  3.4302194368E+03
GradDelSqRho =  8.1854523160E-12  3.4106051316E-12 -1.7280399334E-11
HessDelSqRho_EigVals = -1.3587582674E+06 -4.4914325578E+04 -4.2801024915E+04
HessDelSqRho_EigVec1 = -8.9013180165E-03  2.5588807645E-02  9.9963292236E-01
HessDelSqRho_EigVec2 = -7.2388969968E-01  6.8949481265E-01 -2.4095767577E-02
HessDelSqRho_EigVec3 =  6.8985829649E-01  7.2383846005E-01 -1.2386061683E-02
</CP of DelSqRho>
<CP of DelSqRho>
CP# = 8       
Type = (3,-1)
Coords = -1.84207791917861E-01 -8.28048941571113E-03  1.78443000568237E-01
DistFromNuc =  2.5659887287E-01
Rho =  3.4264994764E+01
DelSqRho =  3.0626075288E+03
GradDelSqRho = -1.0913936421E-11  2.7284841053E-12 -1.7280399334E-11
HessDelSqRho_EigVals = -1.3181110837E+06 -1.9872060077E+04  4.3746291795E+04
HessDelSqRho_EigVec1 =  7.1789278049E-01  3.2034151234E-02 -6.9541625583E-01
HessDelSqRho_EigVec2 = -4.3676650374E-02  9.9904528467E-01  9.3241386596E-04
HessDelSqRho_EigVec3 =  6.9478220036E-01  2.9704079488E-02  7.1860654167E-01
</CP of DelSqRho>
<CP of DelSqRho>
CP# = 9       
Type = (3,-1)
Coords =  1.84207791917861E-01  8.28048941571115E-03 -1.78443000568237E-01
DistFromNuc =  2.5659887287E-01
Rho =  3.4264994764E+01
DelSqRho =  3.0626075288E+03
GradDelSqRho =  9.0949470177E-12 -9.0949470177E-13 -1.1823431123E-11
HessDelSqRho_EigVals = -1.3181110837E+06 -1.9872060077E+04  4.3746291795E+04
HessDelSqRho_EigVec1 =  7.1789278049E-01  3.2034151234E-02 -6.9541625583E-01
HessDelSqRho_EigVec2 = -4.3676650374E-02  9.9904528467E-01  9.3241386596E-04
HessDelSqRho_EigVec3 =  6.9478220036E-01  2.9704079488E-02  7.1860654167E-01
</CP of DelSqRho>
<CP of DelSqRho>
CP# = 10      
Type = (3,-1)
Coords = -4.73661406994434E-03  1.43041463191525E-01 -1.27847810033995E-03
DistFromNuc =  1.4312557497E-01
Rho =  1.3963649198E+02
DelSqRho = -1.0059053743E+04
GradDelSqRho = -5.8207660913E-11 -3.4924596548E-10  1.4551915228E-11
HessDelSqRho_EigVals = -1.7172694083E+05 -1.6371224258E+05  2.4278424956E+07
HessDelSqRho_EigVec1 =  6.9489732876E-01  2.9431665988E-02  7.1850642274E-01
HessDelSqRho_EigVec2 = -7.1834374440E-01 -1.7671513432E-02  6.9546386139E-01
HessDelSqRho_EigVec3 = -3.3165755975E-02  9.9941057361E-01 -8.8621656703E-03
</CP of DelSqRho>
<CP of DelSqRho>
CP# = 11      
Type = (3,-1)
Coords =  1.43060322662051E-01  2.29926013172922E-03  3.65998080077955E-03
DistFromNuc =  1.4312560210E-01
Rho =  1.3963643095E+02
DelSqRho = -1.0059056726E+04
GradDelSqRho = -3.4924596548E-10  1.1641532183E-10 -7.2759576142E-11
HessDelSqRho_EigVals = -1.7169288801E+05 -1.6374532392E+05  2.4278401531E+07
HessDelSqRho_EigVec1 = -2.9320588786E-02  7.1912343722E-01  6.9426348393E-01
HessDelSqRho_EigVec2 = -7.3370625292E-03 -6.9469822921E-01  7.1926388610E-01
HessDelSqRho_EigVec3 =  9.9954313093E-01  1.5995386040E-02  2.5645214734E-02
</CP of DelSqRho>
<CP of DelSqRho>
CP# = 12      
Type = (3,+1)
Coords = -4.21585400518625E-03  1.02973901550363E-01  9.94728792710066E-02
DistFromNuc =  1.4323495221E-01
Rho =  1.3998636878E+02
DelSqRho = -1.0474062776E+04
GradDelSqRho = -5.8207660913E-11 -2.9103830457E-11  5.8207660913E-11
HessDelSqRho_EigVals = -9.0940394810E+04  1.6480017344E+05  2.4142442427E+07
HessDelSqRho_EigVec1 =  9.9916052787E-01  4.0966272946E-02 -6.3509983729E-05
HessDelSqRho_EigVec2 =  2.8495643297E-02 -6.9388849292E-01  7.1951842069E-01
HessDelSqRho_EigVec3 = -2.9431919165E-02  7.1891621478E-01  6.9447335317E-01
</CP of DelSqRho>
<CP of DelSqRho>
CP# = 13      
Type = (3,+1)
Coords =  2.81500441490573E-03  9.95666344187011E-02 -1.02957220132354E-01
DistFromNuc =  1.4325371938E-01
Rho =  1.4002254266E+02
DelSqRho = -1.0503105109E+04
GradDelSqRho =  5.8207660913E-11  0.0000000000E+00 -1.4551915228E-11
HessDelSqRho_EigVals = -7.6963099573E+04  1.6984593030E+05  2.4123940431E+07
HessDelSqRho_EigVec1 =  9.9939135318E-01  7.1870666569E-03  3.4136040593E-02
HessDelSqRho_EigVec2 = -2.8891199053E-02  7.1893859001E-01  6.9447289537E-01
HessDelSqRho_EigVec3 = -1.9550493902E-02 -6.9503643780E-01  7.1870865330E-01
</CP of DelSqRho>
<CP of DelSqRho>
CP# = 14      
Type = (3,+1)
Coords =  4.21585400518582E-03 -1.02973901550362E-01 -9.94728792710073E-02
DistFromNuc =  1.4323495221E-01
Rho =  1.3998636878E+02
DelSqRho = -1.0474062776E+04
GradDelSqRho =  1.4551915228E-10 -2.3283064365E-10 -5.8207660913E-11
HessDelSqRho_EigVals = -9.0940394810E+04  1.6480017344E+05  2.4142442427E+07
HessDelSqRho_EigVec1 =  9.9916052787E-01  4.0966272946E-02 -6.3509983729E-05
HessDelSqRho_EigVec2 =  2.8495643297E-02 -6.9388849292E-01  7.1951842069E-01
HessDelSqRho_EigVec3 = -2.9431919165E-02  7.1891621478E-01  6.9447335317E-01
</CP of DelSqRho>
<CP of DelSqRho>
CP# = 15      
Type = (3,+1)
Coords = -9.95178283496983E-02 -4.20263912676796E-03 -1.02930909866645E-01
DistFromNuc =  1.4323488591E-01
Rho =  1.3998619119E+02
DelSqRho = -1.0473934951E+04
GradDelSqRho = -2.1827872843E-10  1.7462298274E-10 -2.6557245292E-10
HessDelSqRho_EigVals = -9.0996020728E+04  1.6477361044E+05  2.4142503210E+07
HessDelSqRho_EigVec1 = -7.4472127875E-03  9.9940740127E-01 -3.3606328446E-02
HessDelSqRho_EigVec2 =  7.1917637167E-01 -1.7997574699E-02 -6.9459443832E-01
HessDelSqRho_EigVec3 =  6.9478765494E-01  2.9341669940E-02  7.1861615689E-01
</CP of DelSqRho>
<CP of DelSqRho>
CP# = 16      
Type = (3,-1)
Coords =  1.78201189336075E-01  7.52282996338050E-03  1.84312955961835E-01
DistFromNuc =  2.5648298693E-01
Rho =  3.4211757533E+01
DelSqRho =  3.0845988706E+03
GradDelSqRho =  6.5938365879E-12 -3.1832314562E-12  2.5011104299E-12
HessDelSqRho_EigVals = -1.3217127060E+06 -2.3472845570E+04  4.2632180278E+04
HessDelSqRho_EigVec1 =  6.9478755631E-01  2.9332361348E-02  7.1861663227E-01
HessDelSqRho_EigVec2 = -7.9489730649E-03  9.9942014382E-01 -3.3108759466E-02
HessDelSqRho_EigVec3 =  7.1917109607E-01 -1.7291289828E-02 -6.9461784160E-01
</CP of DelSqRho>
<CP of DelSqRho>
CP# = 17      
Type = (3,-1)
Coords = -7.55637150651951E-03  1.84390170039897E-01  1.78120554327182E-01
DistFromNuc =  2.5648346035E-01
Rho =  3.4211968234E+01
DelSqRho =  3.0845092179E+03
GradDelSqRho = -5.4569682106E-12  7.2759576142E-12  7.2759576142E-12
HessDelSqRho_EigVals = -1.3216982179E+06 -2.3458763751E+04  4.2637783833E+04
HessDelSqRho_EigVec1 = -2.9458322179E-02  7.1891694573E-01  6.9447147702E-01
HessDelSqRho_EigVec2 =  9.9917980385E-01  4.0490752133E-02  4.6751052251E-04
HessDelSqRho_EigVec3 =  2.7783571203E-02 -6.9391564627E-01  7.1952008244E-01
</CP of DelSqRho>
<CP of DelSqRho>
CP# = 18      
Type = (3,-1)
Coords =  1.85687736879702E-01 -1.76822514550634E-01  6.16822278274889E-03
DistFromNuc =  2.5648427681E-01
Rho =  3.4212402654E+01
DelSqRho =  3.0843405622E+03
GradDelSqRho =  0.0000000000E+00 -1.8189894035E-11 -1.8758328224E-12
HessDelSqRho_EigVals = -1.3216728589E+06 -2.3431297663E+04  4.2647769398E+04
HessDelSqRho_EigVec1 =  7.2397291760E-01 -6.8940901629E-01  2.4050422822E-02
HessDelSqRho_EigVec2 = -3.2649264199E-02  5.8080719631E-04  9.9946670190E-01
HessDelSqRho_EigVec3 =  6.8905532443E-01  7.2437205283E-01  2.2088208433E-02
</CP of DelSqRho>
<CP of DelSqRho>
CP# = 19      
Type = (3,+1)
Coords = -1.47184335417595E-01 -1.49323653721865E-01  1.48509289134011E-01
DistFromNuc =  2.5693538315E-01
Rho =  3.4440725304E+01
DelSqRho =  2.9642225528E+03
GradDelSqRho =  4.0927261580E-12  2.2737367544E-12  1.8872015062E-11
HessDelSqRho_EigVals = -1.3068195081E+06  2.6336928767E+04  2.6384926852E+04
HessDelSqRho_EigVec1 = -5.7284564358E-01 -5.8117343986E-01  5.7800112581E-01
HessDelSqRho_EigVec2 =  6.4809549339E-01 -7.5287335528E-01 -1.1469063760E-01
HessDelSqRho_EigVec3 =  5.0181679932E-01  3.0889989270E-01  8.0793610899E-01
</CP of DelSqRho>
<CP of DelSqRho>
CP# = 20      
Type = (3,+1)
Coords =  1.47184335417595E-01  1.49323653721865E-01 -1.48509289134011E-01
DistFromNuc =  2.5693538315E-01
Rho =  3.4440725304E+01
DelSqRho =  2.9642225528E+03
GradDelSqRho = -7.6170181273E-12 -1.4097167877E-11  5.2295945352E-12
HessDelSqRho_EigVals = -1.3068195081E+06  2.6336928767E+04  2.6384926852E+04
HessDelSqRho_EigVec1 = -5.7284564358E-01 -5.8117343986E-01  5.7800112581E-01
HessDelSqRho_EigVec2 =  6.4809549339E-01 -7.5287335528E-01 -1.1469063760E-01
HessDelSqRho_EigVec3 =  5.0181679931E-01  3.0889989270E-01  8.0793610899E-01
</CP of DelSqRho>
<CP of DelSqRho>
CP# = 21      
Type = (3,-1)
Coords = -1.85687736879702E-01  1.76822514550634E-01 -6.16822278274902E-03
DistFromNuc =  2.5648427681E-01
Rho =  3.4212402654E+01
DelSqRho =  3.0843405622E+03
GradDelSqRho =  3.6379788071E-12  0.0000000000E+00 -4.2064129957E-12
HessDelSqRho_EigVals = -1.3216728589E+06 -2.3431297663E+04  4.2647769398E+04
HessDelSqRho_EigVec1 =  7.2397291760E-01 -6.8940901629E-01  2.4050422822E-02
HessDelSqRho_EigVec2 = -3.2649264199E-02  5.8080719631E-04  9.9946670190E-01
HessDelSqRho_EigVec3 =  6.8905532443E-01  7.2437205283E-01  2.2088208433E-02
</CP of DelSqRho>
<CP of DelSqRho>
CP# = 22      
Type = (3,-1)
Coords =  7.55637150651895E-03 -1.84390170039896E-01 -1.78120554327182E-01
DistFromNuc =  2.5648346035E-01
Rho =  3.4211968234E+01
DelSqRho =  3.0845092179E+03
GradDelSqRho =  2.7284841053E-12 -1.8189894035E-12 -1.2732925825E-11
HessDelSqRho_EigVals = -1.3216982179E+06 -2.3458763751E+04  4.2637783833E+04
HessDelSqRho_EigVec1 = -2.9458322179E-02  7.1891694573E-01  6.9447147702E-01
HessDelSqRho_EigVec2 =  9.9917980385E-01  4.0490752133E-02  4.6751052251E-04
HessDelSqRho_EigVec3 =  2.7783571203E-02 -6.9391564627E-01  7.1952008244E-01
</CP of DelSqRho>
<CP of DelSqRho>
CP# = 23      
Type = (3,-1)
Coords = -1.78201189336075E-01 -7.52282996338052E-03 -1.84312955961834E-01
DistFromNuc =  2.5648298693E-01
Rho =  3.4211757533E+01
DelSqRho =  3.0845988706E+03
GradDelSqRho = -1.1368683772E-12  1.8189894035E-12  3.5925040720E-11
HessDelSqRho_EigVals = -1.3217127060E+06 -2.3472845570E+04  4.2632180278E+04
HessDelSqRho_EigVec1 =  6.9478755631E-01  2.9332361348E-02  7.1861663227E-01
HessDelSqRho_EigVec2 = -7.9489730649E-03  9.9942014382E-01 -3.3108759466E-02
HessDelSqRho_EigVec3 =  7.1917109607E-01 -1.7291289828E-02 -6.9461784160E-01
</CP of DelSqRho>
<CP of DelSqRho>
CP# = 24      
Type = (3,+1)
Coords =  9.95178283496976E-02  4.20263912676662E-03  1.02930909866646E-01
DistFromNuc =  1.4323488591E-01
Rho =  1.3998619119E+02
DelSqRho = -1.0473934951E+04
GradDelSqRho =  4.3655745685E-11  1.1641532183E-10  4.3655745685E-11
HessDelSqRho_EigVals = -9.0996020728E+04  1.6477361044E+05  2.4142503210E+07
HessDelSqRho_EigVec1 = -7.4472127875E-03  9.9940740127E-01 -3.3606328446E-02
HessDelSqRho_EigVec2 =  7.1917637167E-01 -1.7997574699E-02 -6.9459443832E-01
HessDelSqRho_EigVec3 =  6.9478765494E-01  2.9341669940E-02  7.1861615689E-01
</CP of DelSqRho>
<CP of DelSqRho>
CP# = 25      
Type = (3,+1)
Coords = -1.02853344835387E-01 -4.29442647652475E-03  9.96212943331401E-02
DistFromNuc =  1.4325381296E-01
Rho =  1.4002266283E+02
DelSqRho = -1.0503240795E+04
GradDelSqRho =  0.0000000000E+00  1.4551915228E-10 -2.0372681320E-10
HessDelSqRho_EigVals = -7.6903014556E+04  1.6987459435E+05  2.4123856168E+07
HessDelSqRho_EigVec1 = -4.2129456022E-02  9.9911199761E-01 -5.7023219725E-04
HessDelSqRho_EigVec2 =  6.9478346461E-01  2.9707001127E-02  7.1860519855E-01
HessDelSqRho_EigVec3 =  7.1798401531E-01  2.9878258208E-02 -6.9541803504E-01
</CP of DelSqRho>
<CP of DelSqRho>
CP# = 26      
Type = (3,+1)
Coords =  1.02853344835387E-01  4.29442647652303E-03 -9.96212943331398E-02
DistFromNuc =  1.4325381296E-01
Rho =  1.4002266283E+02
DelSqRho = -1.0503240795E+04
GradDelSqRho = -5.8207660913E-11  0.0000000000E+00 -1.1641532183E-10
HessDelSqRho_EigVals = -7.6903014556E+04  1.6987459435E+05  2.4123856168E+07
HessDelSqRho_EigVec1 = -4.2129456022E-02  9.9911199761E-01 -5.7023219726E-04
HessDelSqRho_EigVec2 =  6.9478346461E-01  2.9707001127E-02  7.1860519855E-01
HessDelSqRho_EigVec3 =  7.1798401531E-01  2.9878258208E-02 -6.9541803504E-01
</CP of DelSqRho>
<CP of DelSqRho>
CP# = 27      
Type = (3,+1)
Coords =  9.88216351426215E-02  1.03645116869031E-01 -3.68278235566805E-03
DistFromNuc =  1.4325358184E-01
Rho =  1.4002228712E+02
DelSqRho = -1.0502873031E+04
GradDelSqRho = -1.4551915228E-10 -8.7311491370E-11  1.1277734302E-10
HessDelSqRho_EigVals = -7.7078714476E+04  1.6979283981E+05  2.4124079150E+07
HessDelSqRho_EigVec1 =  1.1649751681E-04  3.5260101254E-02  9.9937816250E-01
HessDelSqRho_EigVec2 =  7.2396473386E-01 -6.8941099059E-01  2.4239434229E-02
HessDelSqRho_EigVec3 =  6.8983697389E-01  7.2351172161E-01 -2.5607384489E-02
</CP of DelSqRho>
<CP of DelSqRho>
CP# = 28      
Type = (3,+1)
Coords =  1.03698250680887E-01 -9.87475732268441E-02  3.44673647553462E-03
DistFromNuc =  1.4323508790E-01
Rho =  1.3998663927E+02
DelSqRho = -1.0474278767E+04
GradDelSqRho =  0.0000000000E+00 -1.1641532183E-10 -1.4551915228E-11
HessDelSqRho_EigVals = -9.0834284309E+04  1.6484290389E+05  2.4142302809E+07
HessDelSqRho_EigVec1 = -3.3152679065E-02  7.1215078961E-05  9.9945029631E-01
HessDelSqRho_EigVec2 =  6.8903198743E-01  7.2437206497E-01  2.2804205687E-02
HessDelSqRho_EigVec3 =  7.2397225097E-01 -6.8940924451E-01  2.4063944061E-02
</CP of DelSqRho>
<CP of DelSqRho>
CP# = 29      
Type = (3,+1)
Coords = -9.88216351426214E-02 -1.03645116869031E-01  3.68278235566498E-03
DistFromNuc =  1.4325358184E-01
Rho =  1.4002228712E+02
DelSqRho = -1.0502873031E+04
GradDelSqRho =  2.9103830457E-11  8.7311491370E-11  7.4578565545E-11
HessDelSqRho_EigVals = -7.7078714476E+04  1.6979283981E+05  2.4124079150E+07
HessDelSqRho_EigVec1 =  1.1649751679E-04  3.5260101254E-02  9.9937816250E-01
HessDelSqRho_EigVec2 =  7.2396473386E-01 -6.8941099059E-01  2.4239434229E-02
HessDelSqRho_EigVec3 =  6.8983697389E-01  7.2351172161E-01 -2.5607384489E-02
</CP of DelSqRho>
<CP of DelSqRho>
CP# = 30      
Type = (3,+3)
Coords =  7.99559675204602E-02 -8.09379168897895E-02  8.70960310316022E-02
DistFromNuc =  1.4328161694E-01
Rho =  1.4012727769E+02
DelSqRho = -1.0635834134E+04
GradDelSqRho =  1.1641532183E-10  1.6007106751E-10 -2.3283064365E-10
HessDelSqRho_EigVals =  1.0643948094E+05  1.2326256785E+05  2.4086599569E+07
HessDelSqRho_EigVec1 = -8.2939922699E-01 -4.0185573387E-01  3.8808361396E-01
HessDelSqRho_EigVec2 = -2.5051551126E-02  7.2072783305E-01  6.9276533577E-01
HessDelSqRho_EigVec3 =  5.5809438454E-01 -5.6485693748E-01  6.0783821707E-01
</CP of DelSqRho>
<CP of DelSqRho>
CP# = 31      
Type = (3,+3)
Coords =  8.20841846833740E-02  8.32755789278778E-02 -8.28243887018459E-02
DistFromNuc =  1.4329171220E-01
Rho =  1.4013082986E+02
DelSqRho = -1.0623397232E+04
GradDelSqRho =  2.0372681320E-10  2.9103830457E-11 -1.6007106751E-10
HessDelSqRho_EigVals =  1.0284463997E+05  1.0304232516E+05  2.4079823115E+07
HessDelSqRho_EigVec1 =  6.4449624213E-01 -7.5506213307E-01 -1.2043989820E-01
HessDelSqRho_EigVec2 =  5.0642992191E-01  3.0353286861E-01  8.0709140242E-01
HessDelSqRho_EigVec3 = -5.7284668810E-01 -5.8116174416E-01  5.7801185027E-01
</CP of DelSqRho>
<CP of DelSqRho>
CP# = 32      
Type = (3,+3)
Coords = -7.99559675204584E-02  8.09379168897899E-02 -8.70960310316035E-02
DistFromNuc =  1.4328161694E-01
Rho =  1.4012727769E+02
DelSqRho = -1.0635834134E+04
GradDelSqRho =  5.8207660913E-11 -2.9103830457E-11 -2.3283064365E-10
HessDelSqRho_EigVals =  1.0643948094E+05  1.2326256785E+05  2.4086599569E+07
HessDelSqRho_EigVec1 = -8.2939922699E-01 -4.0185573387E-01  3.8808361396E-01
HessDelSqRho_EigVec2 = -2.5051551126E-02  7.2072783305E-01  6.9276533577E-01
HessDelSqRho_EigVec3 =  5.5809438454E-01 -5.6485693748E-01  6.0783821707E-01
</CP of DelSqRho>
<CP of DelSqRho>
CP# = 33      
Type = (3,+3)
Coords = -8.08979642093334E-02 -8.77472193422495E-02 -7.92814250992182E-02
DistFromNuc =  1.4328153922E-01
Rho =  1.4012726526E+02
DelSqRho = -1.0635936167E+04
GradDelSqRho =  1.6370904632E-11 -2.9103830457E-11 -1.3096723706E-10
HessDelSqRho_EigVals =  1.0657462541E+05  1.2331132306E+05  2.4086655356E+07
HessDelSqRho_EigVec1 = -3.9754666405E-01 -3.8581161534E-01  8.3252990780E-01
HessDelSqRho_EigVec2 = -7.2333018340E-01  6.9002650565E-01 -2.5629422373E-02
HessDelSqRho_EigVec3 =  5.6457957428E-01  6.1238290226E-01  5.5338692190E-01
</CP of DelSqRho>
<CP of DelSqRho>
CP# = 34      
Type = (3,-3)
Coords = -8.26274549019407E-03  2.55265199419824E-01 -2.46763726984048E-03
DistFromNuc =  2.5541081463E-01
Rho =  3.3631395486E+01
DelSqRho =  3.4302137388E+03
GradDelSqRho = -3.1832314562E-12 -3.6379788071E-12  6.0254023992E-12
HessDelSqRho_EigVals = -1.3587622325E+06 -4.4941619105E+04 -4.2772640284E+04
HessDelSqRho_EigVec1 = -3.2521700953E-02  9.9942594098E-01 -9.4935482838E-03
HessDelSqRho_EigVec2 =  6.9489909103E-01  2.9437356234E-02  7.1850448526E-01
HessDelSqRho_EigVec3 =  7.1837148625E-01  1.6769929930E-02 -6.9545753084E-01
</CP of DelSqRho>
<CP of DelSqRho>
CP# = 35      
Type = (3,-3)
Coords =  8.26274549019446E-03 -2.55265199419824E-01  2.46763726984041E-03
DistFromNuc =  2.5541081463E-01
Rho =  3.3631395486E+01
DelSqRho =  3.4302137388E+03
GradDelSqRho = -1.6370904632E-11 -7.2759576142E-12 -3.4674485505E-12
HessDelSqRho_EigVals = -1.3587622325E+06 -4.4941619105E+04 -4.2772640284E+04
HessDelSqRho_EigVec1 = -3.2521700953E-02  9.9942594098E-01 -9.4935482838E-03
HessDelSqRho_EigVec2 =  6.9489909103E-01  2.9437356234E-02  7.1850448526E-01
HessDelSqRho_EigVec3 =  7.1837148625E-01  1.6769929930E-02 -6.9545753084E-01
</CP of DelSqRho>
<CP of DelSqRho>
CP# = 36      
Type = (3,-1)
Coords =  1.77009623546931E-01  1.85628939197522E-01 -7.19204705289824E-03
DistFromNuc =  2.5659741900E-01
Rho =  3.4264473093E+01
DelSqRho =  3.0628820617E+03
GradDelSqRho =  2.1600499167E-12  1.1354472917E-11 -2.0463630790E-12
HessDelSqRho_EigVals = -1.3181575297E+06 -1.9916493143E+04  4.3727380220E+04
HessDelSqRho_EigVec1 =  6.8983407907E-01  7.2343396175E-01 -2.7789320708E-02
HessDelSqRho_EigVec2 =  1.6256589566E-03  3.6836794607E-02  9.9931997268E-01
HessDelSqRho_EigVec3 =  7.2396567639E-01 -6.8941014900E-01  2.4235219384E-02
</CP of DelSqRho>
<CP of DelSqRho>
CP# = 37      
Type = (3,-1)
Coords = -1.77009623546931E-01 -1.85628939197522E-01  7.19204705289844E-03
DistFromNuc =  2.5659741900E-01
Rho =  3.4264473093E+01
DelSqRho =  3.0628820617E+03
GradDelSqRho =  1.0004441720E-11 -1.2590817278E-11  3.1548097468E-12
HessDelSqRho_EigVals = -1.3181575297E+06 -1.9916493143E+04  4.3727380220E+04
HessDelSqRho_EigVec1 =  6.8983407907E-01  7.2343396175E-01 -2.7789320708E-02
HessDelSqRho_EigVec2 =  1.6256589566E-03  3.6836794607E-02  9.9931997268E-01
HessDelSqRho_EigVec3 =  7.2396567639E-01 -6.8941014900E-01  2.4235219384E-02
</CP of DelSqRho>
<CP of DelSqRho>
CP# = 38      
Type = (3,+1)
Coords =  1.44937260839565E-01  1.57220152909285E-01  1.42419582257919E-01
DistFromNuc =  2.5692085060E-01
Rho =  3.4443913278E+01
DelSqRho =  2.9509658493E+03
GradDelSqRho =  2.7284841053E-12  1.3642420527E-12  9.9902308648E-12
HessDelSqRho_EigVals = -1.3068718320E+06  2.7546711321E+04  3.1616416401E+04
HessDelSqRho_EigVec1 =  5.6406631008E-01  6.1187551104E-01  5.5447051935E-01
HessDelSqRho_EigVec2 = -3.9824008361E-01 -3.8664795423E-01  8.3181019186E-01
HessDelSqRho_EigVec3 =  7.2334917823E-01 -6.9000849159E-01  2.5578269836E-02
</CP of DelSqRho>
<CP of DelSqRho>
CP# = 39      
Type = (3,+1)
Coords = -1.57123791832068E-01  1.41386865052897E-01  1.46049068429506E-01
DistFromNuc =  2.5692112011E-01
Rho =  3.4443838581E+01
DelSqRho =  2.9511119238E+03
GradDelSqRho = -3.6379788071E-12 -7.2759576142E-12 -3.6379788071E-12
HessDelSqRho_EigVals = -1.3068678200E+06  2.7494470704E+04  3.1595620458E+04
HessDelSqRho_EigVec1 =  6.1150042022E-01 -5.5045213625E-01 -5.6839219010E-01
HessDelSqRho_EigVec2 = -3.7658472562E-01 -8.3424381874E-01  4.0276692433E-01
HessDelSqRho_EigVec3 =  6.9588158511E-01  3.2244326525E-02  7.1743231242E-01
</CP of DelSqRho>
<CP of DelSqRho>
CP# = 40      
Type = (3,+1)
Coords =  1.43629402742710E-01 -1.45002767410725E-01  1.56054983333622E-01
DistFromNuc =  2.5692093280E-01
Rho =  3.4443898475E+01
DelSqRho =  2.9510671497E+03
GradDelSqRho =  2.7284841053E-12 -5.4569682106E-12 -1.0913936421E-11
HessDelSqRho_EigVals = -1.3068721955E+06  2.7511782732E+04  3.1602533439E+04
HessDelSqRho_EigVec1 =  5.5917922598E-01 -5.6431822475E-01  6.0734136566E-01
HessDelSqRho_EigVec2 = -8.2866856322E-01 -4.0257663670E-01  3.8889646941E-01
HessDelSqRho_EigVec3 =  2.5040079086E-02 -7.2074752361E-01 -6.9274526461E-01
</CP of DelSqRho>
<CP of DelSqRho>
CP# = 41      
Type = (3,+1)
Coords = -1.43629402742710E-01  1.45002767410725E-01 -1.56054983333622E-01
DistFromNuc =  2.5692093280E-01
Rho =  3.4443898475E+01
DelSqRho =  2.9510671497E+03
GradDelSqRho = -1.2732925825E-11  5.4569682106E-12 -1.0913936421E-11
HessDelSqRho_EigVals = -1.3068721955E+06  2.7511782732E+04  3.1602533439E+04
HessDelSqRho_EigVec1 =  5.5917922598E-01 -5.6431822475E-01  6.0734136566E-01
HessDelSqRho_EigVec2 = -8.2866856322E-01 -4.0257663670E-01  3.8889646941E-01
HessDelSqRho_EigVec3 =  2.5040079086E-02 -7.2074752361E-01 -6.9274526461E-01
</CP of DelSqRho>
<CP of DelSqRho>
CP# = 42      
Type = (3,+1)
Coords =  1.57123791832068E-01 -1.41386865052897E-01 -1.46049068429505E-01
DistFromNuc =  2.5692112011E-01
Rho =  3.4443838581E+01
DelSqRho =  2.9511119238E+03
GradDelSqRho =  1.8189894035E-12  5.4569682106E-12 -1.2732925825E-11
HessDelSqRho_EigVals = -1.3068678200E+06  2.7494470704E+04  3.1595620458E+04
HessDelSqRho_EigVec1 =  6.1150042022E-01 -5.5045213625E-01 -5.6839219010E-01
HessDelSqRho_EigVec2 = -3.7658472562E-01 -8.3424381874E-01  4.0276692433E-01
HessDelSqRho_EigVec3 =  6.9588158511E-01  3.2244326525E-02  7.1743231242E-01
</CP of DelSqRho>
<CP of DelSqRho>
CP# = 43      
Type = (3,+1)
Coords = -1.44937260839565E-01 -1.57220152909285E-01 -1.42419582257919E-01
DistFromNuc =  2.5692085060E-01
Rho =  3.4443913278E+01
DelSqRho =  2.9509658493E+03
GradDelSqRho = -1.0913936421E-11 -3.4106051316E-12 -1.8047785488E-11
HessDelSqRho_EigVals = -1.3068718320E+06  2.7546711321E+04  3.1616416401E+04
HessDelSqRho_EigVec1 =  5.6406631008E-01  6.1187551104E-01  5.5447051935E-01
HessDelSqRho_EigVec2 = -3.9824008361E-01 -3.8664795423E-01  8.3181019186E-01
HessDelSqRho_EigVec3 =  7.2334917823E-01 -6.9000849159E-01  2.5578269836E-02
</CP of DelSqRho>
<CP of DelSqRho>
CP# = 44      
Type = (3,+3)
Coords = -8.76923204698438E-02  7.87035196060069E-02  8.15196324557738E-02
DistFromNuc =  1.4328167204E-01
Rho =  1.4012730380E+02
DelSqRho = -1.0635808170E+04
GradDelSqRho = -1.7462298274E-10  1.7462298274E-10  0.0000000000E+00
HessDelSqRho_EigVals =  1.0637448457E+05  1.2324198257E+05  2.4086567690E+07
HessDelSqRho_EigVec1 = -3.7583750113E-01 -8.3497004180E-01  4.0195920446E-01
HessDelSqRho_EigVec2 =  6.9584692703E-01  3.2178227760E-02  7.1746889536E-01
HessDelSqRho_EigVec3 =  6.1199936837E-01 -5.4935379398E-01 -5.6891755303E-01
</CP of DelSqRho>
<CP of DelSqRho>
CP# = 45      
Type = (3,+3)
Coords = -8.20841846833743E-02 -8.32755789278778E-02  8.28243887018456E-02
DistFromNuc =  1.4329171220E-01
Rho =  1.4013082986E+02
DelSqRho = -1.0623397232E+04
GradDelSqRho = -1.6007106751E-10 -1.4551915228E-10  7.2759576142E-11
HessDelSqRho_EigVals =  1.0284463997E+05  1.0304232516E+05  2.4079823115E+07
HessDelSqRho_EigVec1 =  6.4449624214E-01 -7.5506213307E-01 -1.2043989819E-01
HessDelSqRho_EigVec2 =  5.0642992190E-01  3.0353286862E-01  8.0709140243E-01
HessDelSqRho_EigVec3 = -5.7284668810E-01 -5.8116174416E-01  5.7801185027E-01
</CP of DelSqRho>
<CP of DelSqRho>
CP# = 46      
Type = (3,-1)
Coords =  6.05398188139803E-01  1.17282409853148E-02  1.33819451667445E-02
DistFromNuc =  6.0565963568E-01
Rho =  3.8343379075E+00
DelSqRho = -5.7550283415E+00
GradDelSqRho = -6.3948846218E-14 -5.6843418861E-14 -2.4868995752E-14
HessDelSqRho_EigVals = -1.0127973204E+03 -9.5861134695E+02  5.1947993863E+03
HessDelSqRho_EigVec1 = -2.9292595940E-02  7.1934309869E-01  6.9403706687E-01
HessDelSqRho_EigVec2 = -3.1147133657E-03 -6.9439733692E-01  7.1958504503E-01
HessDelSqRho_EigVec3 =  9.9956602703E-01  1.8916787440E-02  2.2581248176E-02
</CP of DelSqRho>
<CP of DelSqRho>
CP# = 47      
Type = (3,-1)
Coords = -6.05398188139803E-01 -1.17282409853148E-02 -1.33819451667446E-02
DistFromNuc =  6.0565963568E-01
Rho =  3.8343379075E+00
DelSqRho = -5.7550283415E+00
GradDelSqRho =  1.4210854715E-14  1.1368683772E-13  9.5923269328E-14
HessDelSqRho_EigVals = -1.0127973204E+03 -9.5861134695E+02  5.1947993863E+03
HessDelSqRho_EigVec1 = -2.9292595940E-02  7.1934309869E-01  6.9403706687E-01
HessDelSqRho_EigVec2 = -3.1147133657E-03 -6.9439733692E-01  7.1958504503E-01
HessDelSqRho_EigVec3 =  9.9956602703E-01  1.8916787440E-02  2.2581248176E-02
</CP of DelSqRho>
<CP of DelSqRho>
CP# = 48      
Type = (3,-1)
Coords = -1.79863483368664E-02  6.05344319357729E-01 -7.43883442337212E-03
DistFromNuc =  6.0565715546E-01
Rho =  3.8344186415E+00
DelSqRho = -5.7564884707E+00
GradDelSqRho =  5.6843418861E-14  2.1316282073E-13 -4.2632564146E-14
HessDelSqRho_EigVals = -1.0130421556E+03 -9.5838994943E+02  5.1950192698E+03
HessDelSqRho_EigVec1 =  6.9490977528E-01  2.9480056376E-02  7.1849240114E-01
HessDelSqRho_EigVec2 =  7.1846374171E-01  1.3457359043E-02 -6.9543421783E-01
HessDelSqRho_EigVec3 = -3.0170450159E-02  9.9947477495E-01 -1.1828701261E-02
</CP of DelSqRho>
<CP of DelSqRho>
CP# = 49      
Type = (3,-1)
Coords =  1.79863483368664E-02 -6.05344319357729E-01  7.43883442337216E-03
DistFromNuc =  6.0565715546E-01
Rho =  3.8344186415E+00
DelSqRho = -5.7564884707E+00
GradDelSqRho = -5.6843418861E-14 -2.5579538487E-13 -1.4210854715E-14
HessDelSqRho_EigVals = -1.0130421556E+03 -9.5838994943E+02  5.1950192698E+03
HessDelSqRho_EigVec1 =  6.9490977528E-01  2.9480056376E-02  7.1849240114E-01
HessDelSqRho_EigVec2 =  7.1846374171E-01  1.3457359043E-02 -6.9543421783E-01
HessDelSqRho_EigVec3 = -3.0170450159E-02  9.9947477495E-01 -1.1828701261E-02
</CP of DelSqRho>
<CP of DelSqRho>
CP# = 50      
Type = (3,-1)
Coords = -7.08338468997863E-03  1.37519518564162E-02  6.05463623155464E-01
DistFromNuc =  6.0566120025E-01
Rho =  3.8342821344E+00
DelSqRho = -5.7544158109E+00
GradDelSqRho = -4.9737991503E-14 -3.9079850467E-14 -1.4210854715E-13
HessDelSqRho_EigVals = -1.0123338092E+03 -9.5904440707E+02  5.1946855067E+03
HessDelSqRho_EigVec1 =  7.2394248495E-01 -6.8943806918E-01  2.4133529629E-02
HessDelSqRho_EigVec2 =  6.8976875042E-01  7.2397332544E-01 -9.0385283070E-03
HessDelSqRho_EigVec3 = -1.1240526196E-02  2.3189929218E-02  9.9966788373E-01
</CP of DelSqRho>
<CP of DelSqRho>
CP# = 51      
Type = (3,-1)
Coords =  7.08338468997862E-03 -1.37519518564162E-02 -6.05463623155464E-01
DistFromNuc =  6.0566120025E-01
Rho =  3.8342821344E+00
DelSqRho = -5.7544158109E+00
GradDelSqRho =  4.9737991503E-14  2.7533531011E-14  0.0000000000E+00
HessDelSqRho_EigVals = -1.0123338092E+03 -9.5904440707E+02  5.1946855067E+03
HessDelSqRho_EigVec1 =  7.2394248495E-01 -6.8943806918E-01  2.4133529629E-02
HessDelSqRho_EigVec2 =  6.8976875042E-01  7.2397332544E-01 -9.0385283070E-03
HessDelSqRho_EigVec3 = -1.1240526196E-02  2.3189929218E-02  9.9966788373E-01
</CP of DelSqRho>
<CP of DelSqRho>
CP# = 52      
Type = (3,+1)
Coords = -1.66132596548880E-02  4.04063449929325E-01  3.90315064399364E-01
DistFromNuc =  5.6204014222E-01
Rho =  5.1450656760E+00
DelSqRho = -5.7048323179E+01
GradDelSqRho =  1.1368683772E-13 -9.2370555649E-13 -1.1510792319E-12
HessDelSqRho_EigVals = -8.1245446098E+02  1.4923263789E+03  1.0154264491E+04
HessDelSqRho_EigVec1 =  9.9924417417E-01  3.8800689899E-02  2.3636513555E-03
HessDelSqRho_EigVec2 =  2.5246401025E-02 -6.9400885253E-01  7.1952368401E-01
HessDelSqRho_EigVec3 = -2.9558410303E-02  7.1892017573E-01  6.9446388049E-01
</CP of DelSqRho>
<CP of DelSqRho>
CP# = 53      
Type = (3,+1)
Coords = -1.69040248597956E-02 -3.89692103878009E-01  4.02717383919661E-01
DistFromNuc =  5.6064870747E-01
Rho =  5.2175482831E+00
DelSqRho = -5.9350865330E+01
GradDelSqRho =  1.9895196601E-13 -2.1316282073E-14  2.0961010705E-13
HessDelSqRho_EigVals = -7.0640009229E+02  1.5356485973E+03  1.0319017384E+04
HessDelSqRho_EigVec1 =  9.9913034610E-01 -5.3194558850E-05  4.1695907057E-02
HessDelSqRho_EigVec2 = -2.8943673921E-02  7.1893487925E-01  6.9447455183E-01
HessDelSqRho_EigVec3 = -3.0013584173E-02 -6.9507743206E-01  7.1830811509E-01
</CP of DelSqRho>
<CP of DelSqRho>
CP# = 54      
Type = (3,+1)
Coords =  1.69040248597953E-02  3.89692103878009E-01 -4.02717383919661E-01
DistFromNuc =  5.6064870747E-01
Rho =  5.2175482831E+00
DelSqRho = -5.9350865330E+01
GradDelSqRho = -1.4210854715E-13 -2.2026824809E-13  2.9309887850E-13
HessDelSqRho_EigVals = -7.0640009229E+02  1.5356485973E+03  1.0319017384E+04
HessDelSqRho_EigVec1 =  9.9913034610E-01 -5.3194558850E-05  4.1695907057E-02
HessDelSqRho_EigVec2 = -2.8943673921E-02  7.1893487925E-01  6.9447455183E-01
HessDelSqRho_EigVec3 = -3.0013584173E-02 -6.9507743206E-01  7.1830811509E-01
</CP of DelSqRho>
<CP of DelSqRho>
CP# = 55      
Type = (3,+1)
Coords =  1.66132596548880E-02 -4.04063449929325E-01 -3.90315064399364E-01
DistFromNuc =  5.6204014222E-01
Rho =  5.1450656760E+00
DelSqRho = -5.7048323179E+01
GradDelSqRho =  5.6843418861E-14 -2.1316282073E-13  5.6843418861E-14
HessDelSqRho_EigVals = -8.1245446098E+02  1.4923263789E+03  1.0154264491E+04
HessDelSqRho_EigVec1 =  9.9924417417E-01  3.8800689899E-02  2.3636513555E-03
HessDelSqRho_EigVec2 =  2.5246401025E-02 -6.9400885253E-01  7.1952368401E-01
HessDelSqRho_EigVec3 = -2.9558410303E-02  7.1892017573E-01  6.9446388049E-01
</CP of DelSqRho>
<CP of DelSqRho>
CP# = 56      
Type = (3,+1)
Coords =  3.90499026071552E-01  1.64614483134541E-02  4.03900000512861E-01
DistFromNuc =  5.6204597593E-01
Rho =  5.1447685677E+00
DelSqRho = -5.7038504678E+01
GradDelSqRho = -6.5369931690E-13  2.8421709430E-14 -7.1054273576E-13
HessDelSqRho_EigVals = -8.1288258487E+02  1.4921178485E+03  1.0153558152E+04
HessDelSqRho_EigVec1 = -9.7354464174E-03  9.9946179301E-01 -3.1326432749E-02
HessDelSqRho_EigVec2 =  7.1915020417E-01 -1.4769100503E-02 -6.9469767346E-01
HessDelSqRho_EigVec3 =  6.9478644555E-01  2.9291602484E-02  7.1861936872E-01
</CP of DelSqRho>
<CP of DelSqRho>
CP# = 57      
Type = (3,+1)
Coords = -4.02265339231354E-01 -2.26579933010703E-02  3.89860016645385E-01
DistFromNuc =  5.6064393369E-01
Rho =  5.2177771735E+00
DelSqRho = -5.9359439367E+01
GradDelSqRho =  6.4659388954E-13  8.5265128291E-14 -2.8776980798E-13
HessDelSqRho_EigVals = -7.0598268333E+02  1.5358874518E+03  1.0319565098E+04
HessDelSqRho_EigVec1 = -4.9592833460E-02  9.9874719063E-01  6.6783293709E-03
HessDelSqRho_EigVec2 =  6.9477954309E-01  2.9694176250E-02  7.1860952012E-01
HessDelSqRho_EigVec3 =  7.1751093189E-01  4.0277848883E-02 -6.9538173510E-01
</CP of DelSqRho>
<CP of DelSqRho>
CP# = 58      
Type = (3,+1)
Coords =  4.02265339231354E-01  2.26579933010702E-02 -3.89860016645385E-01
DistFromNuc =  5.6064393369E-01
Rho =  5.2177771735E+00
DelSqRho = -5.9359439367E+01
GradDelSqRho =  2.0605739337E-13  2.8421709430E-14 -1.8829382498E-13
HessDelSqRho_EigVals = -7.0598268333E+02  1.5358874518E+03  1.0319565098E+04
HessDelSqRho_EigVec1 = -4.9592833460E-02  9.9874719063E-01  6.6783293709E-03
HessDelSqRho_EigVec2 =  6.9477954309E-01  2.9694176250E-02  7.1860952012E-01
HessDelSqRho_EigVec3 =  7.1751093189E-01  4.0277848883E-02 -6.9538173510E-01
</CP of DelSqRho>
<CP of DelSqRho>
CP# = 59      
Type = (3,+1)
Coords = -3.90499026071552E-01 -1.64614483134540E-02 -4.03900000512861E-01
DistFromNuc =  5.6204597593E-01
Rho =  5.1447685677E+00
DelSqRho = -5.7038504678E+01
GradDelSqRho = -3.4106051316E-13 -8.5265128291E-14  3.1974423109E-14
HessDelSqRho_EigVals = -8.1288258487E+02  1.4921178485E+03  1.0153558152E+04
HessDelSqRho_EigVec1 = -9.7354464174E-03  9.9946179301E-01 -3.1326432749E-02
HessDelSqRho_EigVec2 =  7.1915020417E-01 -1.4769100503E-02 -6.9469767346E-01
HessDelSqRho_EigVec3 =  6.9478644555E-01  2.9291602484E-02  7.1861936872E-01
</CP of DelSqRho>
<CP of DelSqRho>
CP# = 60      
Type = (3,+1)
Coords =  3.86737993684203E-01  4.05415554673120E-01 -2.03324127595516E-02
DistFromNuc =  5.6066162232E-01
Rho =  5.2169613662E+00
DelSqRho = -5.9330509046E+01
GradDelSqRho = -7.4606987255E-14 -2.1316282073E-14  2.8421709430E-14
HessDelSqRho_EigVals = -7.0723387432E+02  1.5351069033E+03  1.0317371664E+04
HessDelSqRho_EigVec1 =  7.3831340687E-03  4.2869905743E-02  9.9905338221E-01
