AIMSum (Version 19.02.13, Professional)
Copyright (c) 1997-2019 by Todd A. Keith
AIMSum is a component of the AIMAll package ( http://aim.tkgristmill.com )

TP:  64-bit Linux

Licensed To:  Research Group of Fernando Cortes Guzman, UNAM, fercor@unam.mx

Much of the Quantum Theory of Atoms in Molecules (QTAIM) is described in the book:
  "Atoms in Molecules - A Quantum Theory"
  R.F.W. Bader, Oxford University Press, Oxford, 1990

For additional references see:  http://aim.tkgristmill.com/references.html

Wfx File:  /home/scratch/M_H2O_4_tetraedrico/Opt/Co2_tetraedrico_cc-pvtz-def2-tzv_2.wfx
Sum File:  /home/scratch/M_H2O_4_tetraedrico/Opt/Co2_tetraedrico_cc-pvtz-def2-tzv_2.sum

SumViz File:  /home/scratch/M_H2O_4_tetraedrico/Opt/Co2_tetraedrico_cc-pvtz-def2-tzv_2.sumviz

Wfx Title:   Co2_tetraedrico_cc-pvtz-def2-tzv_2                                            
 
Total memory allocated for AIMSum =        0.971 Megabytes

Atomic units (a.u.) used throughout, except where stated otherwise

Model:  Unrestricted SCF
 
Unrestricted, single-determinant wavefunction.
  Number of electrons (from MO Occs)                   =          65.0000000000
  Number of Alpha electrons (from MO Occs)             =          33.0000000000
  Number of Beta electrons (from MO Occs)              =          32.0000000000
  Number of electron pairs (N*(N-1)/2)                 =        2080.0000000000
  Number of electron pairs (from Muller 2EDM)          =        2080.0000000000
 
Nuclear Charges and Cartesian Coordinates:
-------------------------------------------------------------------------------
Atom      Charge                X                  Y                  Z
-------------------------------------------------------------------------------
Co1       27.0          -1.1790565725E-03   1.3704013181E-04  -1.2342000779E-03
O2         8.0           1.4148503452E+00  -2.7671609835E+00   1.4704041064E+00
H3         1.0           2.7805705315E+00  -3.7898954201E+00   7.4410335821E-01
O4         8.0           1.6851375251E+00   2.8234188876E+00   1.0058472339E+00
H5         1.0           1.5676816542E+00   4.5457523970E+00   3.2873666344E-01
O6         8.0          -3.3003014011E+00   2.3794414088E-01   9.4112273551E-01
H7         1.0          -4.5378628170E+00  -1.1279128260E+00   1.1456068586E+00
O8         8.0           1.9559789078E-01  -2.9365504811E-01  -3.4223103502E+00
H9         1.0           1.6123489741E+00   1.7373322129E-01  -4.5248827564E+00
H10        1.0           2.8442496062E+00   2.9167851738E+00   2.4505360765E+00
H11        1.0           1.0979234412E+00  -3.4625562687E+00   3.1604651947E+00
H12        1.0          -4.2144221789E+00   1.8144440969E+00   1.2839884645E+00
H13        1.0          -1.0809295636E+00  -1.0784264326E+00  -4.5157402624E+00
 
Some Atomic Properties:
----------------------
  q(A) = Net Charge of Atom A
  L(A) = Lagrangian of Atom A = -(1/4) Times Atomic Integral of the Laplacian of the Electron Density
  K(A) = Electronic Kinetic Energy of Atom A (Hamiltonian Form)
  K_Scaled(A) = K(A) * E(Mol)/K(Mol) = Approximation to Virial-Based Total Energy of Atom A.
  |Mu_Intra(A)| = Magnitude of Intraatomic Dipole Moment of Atom A
--------------------------------------------------------------------------------------------------
Atom A          q(A)              L(A)              K(A)          K_Scaled(A)      |Mu_Intra(A)|
--------------------------------------------------------------------------------------------------
Co1       1.3600191400E+00 -2.8673377310E-04  1.3811031235E+03 -1.3837199909E+03  1.4661336525E-02
O2       -1.1455613942E+00 -1.8614037294E-05  7.5376173701E+01 -7.5518993923E+01  2.7189467725E-01
H3        6.5118358956E-01  1.2182507747E-05  3.2719953776E-01 -3.2781950437E-01  1.2435307863E-01
O4       -1.1443448355E+00 -1.0485561136E-05  7.5375121545E+01 -7.5517939773E+01  2.7120142161E-01
H5        6.5065432932E-01  1.0344423745E-05  3.2752751341E-01 -3.2814810146E-01  1.2459841411E-01
O6       -1.1425637982E+00 -2.2659570898E-06  7.5374734939E+01 -7.5517552435E+01  2.7123005999E-01
H7        6.5095373194E-01  5.9122241832E-06  3.2731776461E-01 -3.2793795523E-01  1.2450562664E-01
O8       -1.1425349105E+00  6.7210547766E-06  7.5374449912E+01 -7.5517266868E+01  2.7085665714E-01
H9        6.5332117095E-01  9.4046945294E-06  3.2551405411E-01 -3.2613082712E-01  1.2373688198E-01
H10       6.5192909156E-01  1.1376446109E-05  3.2666716839E-01 -3.2728612628E-01  1.2426455444E-01
H11       6.5070253886E-01  1.1386032213E-05  3.2738829330E-01 -3.2800861755E-01  1.2464513468E-01
H12       6.5194336175E-01  5.6726782862E-06  3.2670976456E-01 -3.2732880316E-01  1.2422788011E-01
H13       6.5411052994E-01  1.4809418318E-05  3.2506702054E-01 -3.2568294653E-01  1.2342974636E-01
--------------------------------------------------------------------------------------------------
Total     1.9998125455E+00 -2.3028984871E-04  1.6852169947E+03 -1.6884100868E+03
 
1st Largest |L(A)| = 2.8673377310E-04, atom Co1     
2nd Largest |L(A)| = 1.8614037294E-05, atom O2      
 
Molecular charge q(Mol) from the wfx file:   2.0000000000E+00
Molecular energy E(Mol) from the wfx file:  -1.6884101521E+03
Molecular virial ratio (-V(Mol)/T(Mol)) from the wfx file:   2.0018947661E+00
Full molecular virial ratio ((-V(Mol)+W(Mol))/T(Mol)) from the wfx file:   2.0018948399E+00
Note.  K_Scaled(A) = (1+V(Mol)/T(Mol))*K(A) = (E(Mol)/T(Mol))*K(A)
       Only use K_Scaled(A) data with caution.
 
N_AIMInt(SumA)     =         65.000187
N_Analytic(Mol)    =         65.000000
 
G_AIMInt(SumA)     =       1685.217225
G_Analytic(Mol)    =       1685.217060
 
K_AIMInt(SumA)     =       1685.216995
K_Analytic(Mol)    =       1685.217060
 
L_AIMInt(SumA)     =         -0.000230
L_Analytic(Mol)    =          0.000000
 
VenT_AIMInt(SumA)  =      -4857.291139
VenT_Analytic(Mol) =      -4857.288593
 
Some Information About the Atomic Calculations:
----------------------------------------------
  Time(sec) = "Elapsed User Time", in Seconds, for Atom A by AIMInt and, if used, by TWOe
  NProc = Number of Processors Used for AIMInt Job
  BIM = Basin Integration Method
  OAQ = Angular Quadrature Outside of Beta Sphere
  ORQ = Multiple of Default for Radial Quadrature Outside of Beta Sphere
  IAQ = Multiple of Default for Angular Quadrature Inside of Beta Sphere
  IRQ = Multiple of Default for Radial Quadrature Inside of Beta Sphere
  MIR = Maximum Integration Radius
------------------------------------------------------------------------------------------------------
Atom A     Time(sec)   NProc      BIM          OAQ                     ORQ      IAQ      IRQ      MIR
------------------------------------------------------------------------------------------------------
Co1           493        1     Proaim(5)    4500(GS4)                  1.00     1.00     1.00    13.00
O2            279        1     Proaim(5)    4500(GS4)                  1.00     1.00     1.00    13.00
H3             73        1     Proaim(5)    1800(GS4)                  1.00     1.00     1.00    13.00
O4            286        1     Proaim(5)    4500(GS4)                  1.00     1.00     1.00    13.00
H5             90        1     Proaim(5)    1800(GS4)                  1.00     1.00     1.00    13.00
O6            290        1     Proaim(5)    4500(GS4)                  1.00     1.00     1.00    13.00
H7             91        1     Proaim(5)    1800(GS4)                  1.00     1.00     1.00    13.00
O8            237        1     Proaim(5)    4500(GS4)                  1.00     1.00     1.00    13.00
H9             66        1     Proaim(5)    1800(GS4)                  1.00     1.00     1.00    13.00
H10            83        1     Proaim(5)    1800(GS4)                  1.00     1.00     1.00    13.00
H11            95        1     Proaim(5)    1800(GS4)                  1.00     1.00     1.00    13.00
H12            94        1     Proaim(5)    1800(GS4)                  1.00     1.00     1.00    13.00
H13            90        1     Proaim(5)    1800(GS4)                  1.00     1.00     1.00    13.00
------------------------------------------------------------------------------------------------------
Total        2267
Note:  Total wall clock time is less than total of atomic times if more than one atom
       was calculated at a time
 
Electron Density Critical Point Analysis of Molecular Structure:               
---------------------------------------------------------------                
  NACP = Nuclear Attractor Critical Point                                      
  NNACP = Non-Nuclear Attractor Critical Point                                 
  BCP = Bond Critical Point                                                    
  RCP = Ring Critical Point                                                    
  CCP = Cage Critical Point                                                    
  Rho = Electron Density                                                       
  GradRho = Gradient of Electron Density                                       
  HessRho_EigVals = Eigenvalues of the Hessian of Rho, Ascending Order         
  HessRho_EigVecs = Eigenvectors of the Hessian of Rho                         
  DelSqRho = Laplacian of Rho = Trace of Hessian of Rho                        
  Bond Ellipticity = (HessRho_EigVal(1) / HessRho_EigVal(2)) - 1               
  V = Virial Field = Potential Energy Density = Trace of Stress Tensor         
  G = Lagrangian Form of Kinetic Energy Density                                
  K = Hamiltonian Form of Kinetic Energy Density                               
  L = K - G = Lagrangian Density = (-1/4)DelSqRho                              
  Vnuc = Electrostatic Potential from Nuclei                                   
  Ven = Electron-nuclear attractive contribution to Virial Field V             
  Vrep = V - Ven = Repulsive contribution to Virial Field V                    
  DelSqV = Laplacian of V                                                      
  DelSqVen = Laplacian of Ven                                                  
  DelSqVrep = Laplacian of Vrep                                                
  DelSqG = Laplacian of G                                                      
  DelSqK = Laplacian of K                                                      
  Stress_EigVals = Eigenvalues of Stress Tensor, Ascending Order               
  Stress_EigVecs = Eigenvectors of Stress Tensor                               
  -DivStress = Ehrenfest Force Density = Minus Divergence of Stress Tensor     
  ESP = Total Electrostatic Potential                                          
  ESPe = Electrostatic Potential from Electrons                                
  ESPn = Electrostatic Potential from Nuclei                                   
  BP = Bond Path                                                               
  BPL = Bond Path Length                                                       
  GBL = Geometric Bond Length                                                  
  GBL_I = Distance Between Nuclear Attractors                                  
  GBL_II = Distance Between Nuclei                                             
  GBL_III = Sum of Distances Between BCP and Nuclear Attractors                
  GBL_IV = Sum of Distances Between BCP and Nuclei                             

CP# 1      Coords = -1.17905648620464E-03  1.37040043822591E-04 -1.23420048686031E-03
           Type = (3,-3) NACP Co1
           Rho =  1.3269046808E+04     Rho at Nucleus =  1.3269046808E+04
           GradRho = -4.5675463411E-11  2.6121771413E-11  2.4007462684E-10
           HessRho_EigVals = -2.9646224971E+09 -2.9646224936E+09 -2.9646224896E+09
           HessRho_EigVec1 =  1.8389399642E-01  4.1000016739E-01  8.9335483478E-01
           HessRho_EigVec2 =  8.6315112165E-01 -5.0217807151E-01  5.2795129405E-02
           HessRho_EigVec3 =  4.7026922000E-01  7.6139152033E-01 -4.4623963685E-01
           DelSqRho = -8.8938674803E+09
           Bond Ellipticity = NA
           V = -2.2239809988E+09
           G =  2.5706434022E+05
           K =  2.2237239344E+09
           L =  2.2234668701E+09
           Vnuc =  2.7000000110E+09
           Ven = -3.5826426527E+13
           Vrep =  3.5824202546E+13
           DelSqV =  7.2917954232E+16
           DelSqVen =  1.0728320363E+30
           DelSqVrep = -1.0728320363E+30
           DelSqG =  4.9688309742E+14
           DelSqK = -7.3414837329E+16
           Stress_EigVals = -7.4132700689E+08 -7.4132699702E+08 -7.4132699485E+08
           Stress_EigVec1 = -1.2947919462E-01  6.7368632199E-02  9.8929096102E-01
           Stress_EigVec2 = -1.1394768419E-01  9.9006910985E-01 -8.2335186815E-02
           Stress_EigVec3 =  9.8501323008E-01  1.2338810767E-01  1.2051685133E-01
           -DivStress = -2.0903928621E+06  2.1304421138E+06  9.9003825314E+06
           ESP =  -1.2171112240E+02     ESP at Nucleus =  -1.2171112240E+02
           ESPe = -1.3268638818E+02     ESPe at Nucleus = -1.3268638818E+02
           ESPn =  1.0975265775E+01     ESPn at Nucleus =  1.0975265775E+01

CP# 2      Coords =  1.41485258135782E+00 -2.76716402326738E+00  1.47040607669225E+00
           Type = (3,-3) NACP O2
           Rho =  2.9725732561E+02     Rho at Nucleus =  2.9725731556E+02
           GradRho =  5.2773341253E-12  9.1051943762E-11  9.8301616847E-11
           HessRho_EigVals = -1.1096569342E+06 -1.1096471508E+06 -1.1096215634E+06
           HessRho_EigVec1 = -5.7155864711E-01  1.1529192449E-01  8.1242137162E-01
           HessRho_EigVec2 =  4.4360818740E-01 -7.8950972640E-01  4.2412989519E-01
           HessRho_EigVec3 =  6.9031332667E-01  6.0281188116E-01  4.0010666945E-01
           DelSqRho = -3.3289256484E+06
           Bond Ellipticity = NA
           V = -8.3236803646E+05
           G =  6.8312188140E+01
           K =  8.3229972428E+05
           L =  8.3223141209E+05
           Vnuc =  1.8792323157E+06
           Ven = -5.5861557238E+08
           Vrep =  5.5778320434E+08
           DelSqV =  9.3073604749E+10
           DelSqVen =  6.2558246769E+12
           DelSqVrep = -6.1627510721E+12
           DelSqG =  3.1072066006E+09
           DelSqK = -9.6180811350E+10
           Stress_EigVals = -2.7746090509E+05 -2.7745461179E+05 -2.7745251959E+05
           Stress_EigVec1 =  6.8837605409E-01  6.0626304561E-01  3.9822547342E-01
           Stress_EigVec2 = -4.4596685380E-01  7.8672660475E-01 -4.2681941695E-01
           Stress_EigVec3 = -5.7205941427E-01  1.1621690456E-01  8.1193697886E-01
           -DivStress = -6.8123043224E+04  9.2583810478E+04 -6.0025230235E+04
           ESP =  -2.1913494176E+01     ESP at Nucleus =  -2.1913494259E+01
           ESPe = -3.6017284155E+01     ESPe at Nucleus = -3.6017295388E+01
           ESPn =  1.4103789978E+01     ESPn at Nucleus =  1.4103801129E+01

CP# 3      Coords =  2.74249457617953E+00 -3.76131860600794E+00  7.64792050296464E-01
           Type = (3,-3) NACP H3
           Rho =  3.9730470403E-01     Rho at Nucleus =  3.8800041086E-01
           GradRho = -1.5721119719E-11  1.1805949014E-11  8.5139360839E-12
           HessRho_EigVals = -7.8471763027E+00 -7.8329752177E+00 -6.1810178397E+00
           HessRho_EigVec1 =  5.8405474158E-02 -5.2986077802E-01  8.4607112970E-01
           HessRho_EigVec2 =  6.7638665797E-01  6.4433856383E-01  3.5683175879E-01
           HessRho_EigVec3 =  7.3422740994E-01 -5.5143029575E-01 -3.9602366017E-01
           DelSqRho = -2.1861169360E+01
           Bond Ellipticity = NA
           V = -5.5188046463E+00
           G =  2.6756153145E-02
           K =  5.4920484932E+00
           L =  5.4652923401E+00
           Vnuc =  3.4199407321E+01
           Ven = -1.3587585404E+01
           Vrep =  8.0687807574E+00
           DelSqV =  1.3268158273E+03
           DelSqVen =  7.4763903549E+02
           DelSqVrep =  5.7917679178E+02
           DelSqG =  1.0234162441E+02
           DelSqK = -1.4291574517E+03
           Stress_EigVals = -1.9851758607E+00 -1.9787952006E+00 -1.5548335851E+00
           Stress_EigVec1 =  6.7919165644E-01  5.9847421301E-01  4.2488505527E-01
           Stress_EigVec2 =  5.0531693115E-03 -5.8269244424E-01  8.1267704588E-01
           Stress_EigVec3 =  7.3394356684E-01 -5.4981645282E-01 -3.9878403792E-01
           -DivStress =  1.7314788742E+01 -1.2996353438E+01 -9.4066916209E+00
           ESP =  -6.0012120229E-01     ESP at Nucleus =  -6.0284838591E-01
           ESPe = -1.5534654578E+01     ESPe at Nucleus = -1.5337651507E+01
           ESPn =  1.4934533376E+01     ESPn at Nucleus =  1.4734803121E+01

CP# 4      Coords =  1.68513930854507E+00  2.82342238185878E+00  1.00584881452309E+00
           Type = (3,-3) NACP O4
           Rho =  2.9725697267E+02     Rho at Nucleus =  2.9725696275E+02
           GradRho = -8.8497320583E-11 -2.5895730005E-11  3.8781478029E-12
           HessRho_EigVals = -1.1096562633E+06 -1.1096465001E+06 -1.1096210255E+06
           HessRho_EigVec1 =  4.3416287292E-01 -5.4216886003E-01  7.1941332139E-01
           HessRho_EigVec2 = -4.7959997863E-01 -8.1513397200E-01 -3.2486992505E-01
           HessRho_EigVec3 =  7.6255259509E-01 -2.0398415358E-01 -6.1392508078E-01
           DelSqRho = -3.3289237889E+06
           Bond Ellipticity = NA
           V = -8.3236756499E+05
           G =  6.8308880858E+01
           K =  8.3229925610E+05
           L =  8.3223094722E+05
           Vnuc =  1.8914948772E+06
           Ven = -5.6226004101E+08
           Vrep =  5.6142767345E+08
           DelSqV =  9.3073556588E+10
           DelSqVen =  6.2966422958E+12
           DelSqVrep = -6.2035687392E+12
           DelSqG =  3.1072067731E+09
           DelSqK = -9.6180763361E+10
           Stress_EigVals = -2.7746072688E+05 -2.7745446307E+05 -2.7745237503E+05
           Stress_EigVec1 =  7.6405032548E-01 -2.0155594688E-01 -6.1286401462E-01
           Stress_EigVec2 =  4.7673256953E-01  8.1643065811E-01  3.2583283697E-01
           Stress_EigVec3 = -4.3468742481E-01  5.4112492160E-01 -7.1988239451E-01
           -DivStress = -5.4316299739E+04 -1.0643887958E+05 -4.8148653725E+04
           ESP =  -2.1912892771E+01     ESP at Nucleus =  -2.1912892854E+01
           ESPe = -3.6016464601E+01     ESPe at Nucleus = -3.6016475830E+01
           ESPn =  1.4103571830E+01     ESPn at Nucleus =  1.4103582977E+01

CP# 5      Coords =  1.57107266583457E+00  4.49762162094905E+00  3.48022460341522E-01
           Type = (3,-3) NACP H5
           Rho =  3.9762336228E-01     Rho at Nucleus =  3.8830181359E-01
           GradRho =  2.7699348891E-13 -3.9698808477E-12  1.5857423881E-12
           HessRho_EigVals = -7.8474857439E+00 -7.8332004419E+00 -6.1781610488E+00
           HessRho_EigVec1 =  6.1919986917E-01  3.2696997630E-01  7.1392027330E-01
           HessRho_EigVec2 = -7.8261047561E-01  1.8272234563E-01  5.9509107527E-01
           HessRho_EigVec3 = -6.4127727846E-02  9.2720180059E-01 -3.6903178117E-01
           DelSqRho = -2.1858847235E+01
           Bond Ellipticity = NA
           V = -5.5183132815E+00
           G =  2.6800736423E-02
           K =  5.4915125451E+00
           L =  5.4647118087E+00
           Vnuc =  3.4069908641E+01
           Ven = -1.3546991627E+01
           Vrep =  8.0286783450E+00
           DelSqV =  1.3262148374E+03
           DelSqVen =  7.4472892829E+02
           DelSqVrep =  5.8148590912E+02
           DelSqG =  1.0223940389E+02
           DelSqK = -1.4284542413E+03
           Stress_EigVals = -1.9851829870E+00 -1.9788883531E+00 -1.5542419414E+00
           Stress_EigVec1 =  7.5200222340E-01 -1.9846907652E-01 -6.2857193834E-01
           Stress_EigVec2 =  6.5584835711E-01  3.2076174430E-01  6.8335557060E-01
           Stress_EigVec3 = -6.5996882327E-02  9.2613278155E-01 -3.7137916267E-01
           -DivStress = -1.5404739928E+00  2.1880771430E+01 -8.7666766695E+00
           ESP =  -6.0083962488E-01     ESP at Nucleus =  -6.0356212643E-01
           ESPe = -1.5425783946E+01     ESPe at Nucleus = -1.5227684693E+01
           ESPn =  1.4824944321E+01     ESPn at Nucleus =  1.4624122567E+01

CP# 6      Coords = -3.30030552410641E+00  2.37944538229201E-01  9.41123577333974E-01
           Type = (3,-3) NACP O6
           Rho =  2.9725616122E+02     Rho at Nucleus =  2.9725615131E+02
           GradRho =  1.4059020614E-10 -3.9527270346E-12 -3.6665503966E-11
           HessRho_EigVals = -1.1096514261E+06 -1.1096416664E+06 -1.1096162124E+06
           HessRho_EigVec1 =  1.0301667990E-01  9.9353795397E-01  4.7643443252E-02
           HessRho_EigVec2 =  9.6095761112E-01 -8.7043697674E-02 -2.6264779522E-01
           HessRho_EigVec3 =  2.5680349161E-01 -7.2840433259E-02  9.6371481154E-01
           DelSqRho = -3.3289093049E+06
           Bond Ellipticity = NA
           V = -8.3236394496E+05
           G =  6.8309363831E+01
           K =  8.3229563560E+05
           L =  8.3222732623E+05
           Vnuc =  1.8927095596E+06
           Ven = -5.6261957800E+08
           Vrep =  5.6178721405E+08
           DelSqV =  9.3073145058E+10
           DelSqVen =  6.3006584668E+12
           DelSqVrep = -6.2075853218E+12
           DelSqG =  3.1071881239E+09
           DelSqK = -9.6180333182E+10
           Stress_EigVals = -2.7745951493E+05 -2.7745325923E+05 -2.7745117080E+05
           Stress_EigVec1 =  2.5470507199E-01 -7.2665154254E-02  9.6428476171E-01
           Stress_EigVec2 =  9.6158057638E-01 -8.6573174430E-02 -2.6051464566E-01
           Stress_EigVec3 =  1.0241152979E-01  9.9359189853E-01  4.7822774284E-02
           -DivStress =  1.2558877630E+05 -1.2101961352E+04 -2.5635079329E+04
           ESP =  -2.1912742219E+01     ESP at Nucleus =  -2.1912742301E+01
           ESPe = -3.6014702189E+01     ESPe at Nucleus = -3.6014713440E+01
           ESPn =  1.4101959970E+01     ESPn at Nucleus =  1.4101971139E+01

CP# 7      Coords = -4.50345543682528E+00 -1.08940310071324E+00  1.13986412956671E+00
           Type = (3,-3) NACP H7
           Rho =  3.9748482908E-01     Rho at Nucleus =  3.8816566526E-01
           GradRho =  1.9244992319E-11  2.1485976193E-11 -3.2125599923E-12
           HessRho_EigVals = -7.8459941097E+00 -7.8314902819E+00 -6.1769874325E+00
           HessRho_EigVec1 =  7.1503276185E-01 -6.7146605915E-01 -1.9458026848E-01
           HessRho_EigVec2 =  2.1824316517E-01 -5.0023604512E-02  9.7461149175E-01
           HessRho_EigVec3 =  6.6415214396E-01  7.3934496035E-01 -1.1077436196E-01
           DelSqRho = -2.1854471824E+01
           Bond Ellipticity = NA
           V = -5.5171740519E+00
           G =  2.6778047938E-02
           K =  5.4903960040E+00
           L =  5.4636179560E+00
           Vnuc =  3.4081955183E+01
           Ven = -1.3547060131E+01
           Vrep =  8.0298860789E+00
           DelSqV =  1.3259969672E+03
           DelSqVen =  7.4484312929E+02
           DelSqVrep =  5.8115383789E+02
           DelSqG =  1.0223427622E+02
           DelSqK = -1.4282312434E+03
           Stress_EigVals = -1.9847451203E+00 -1.9785010705E+00 -1.5539278611E+00
           Stress_EigVec1 =  2.6191082738E-01 -9.1202125002E-02  9.6077306941E-01
           Stress_EigVec2 =  7.0232063917E-01 -6.6478892653E-01 -2.5456119687E-01
           Stress_EigVec3 =  6.6192781955E-01  7.4144308990E-01 -1.1006228305E-01
           -DivStress = -1.5640488446E+01 -1.7502700052E+01  2.6104458041E+00
           ESP =  -6.0058921646E-01     ESP at Nucleus =  -6.0331090481E-01
           ESPe = -1.5436985459E+01     ESPe at Nucleus = -1.5239073220E+01
           ESPn =  1.4836396243E+01     ESPn at Nucleus =  1.4635762315E+01

CP# 8      Coords =  1.95598301381886E-01 -2.93655932019239E-01 -3.42231440375243E+00
           Type = (3,-3) NACP O8
           Rho =  2.9725461668E+02     Rho at Nucleus =  2.9725460703E+02
           GradRho =  8.9365320699E-13  1.6672864478E-11  5.2385873417E-11
           HessRho_EigVals = -1.1096441597E+06 -1.1096346538E+06 -1.1096087775E+06
           HessRho_EigVec1 =  9.0620384752E-01  4.2283897440E-01  1.3373386989E-03
           HessRho_EigVec2 = -5.4041821035E-02  1.1268131473E-01  9.9216047235E-01
           HessRho_EigVec3 = -4.1937342348E-01  8.9917190961E-01 -1.2496322913E-01
           DelSqRho = -3.3288875910E+06
           Bond Ellipticity = NA
           V = -8.3235851469E+05
           G =  6.8308473825E+01
           K =  8.3229020622E+05
           L =  8.3222189774E+05
           Vnuc =  1.9188999703E+06
           Ven = -5.7040187511E+08
           Vrep =  5.6956951659E+08
           DelSqV =  9.3072534260E+10
           DelSqVen =  6.3878023086E+12
           DelSqVrep = -6.2947297743E+12
           DelSqG =  3.1071636724E+09
           DelSqK = -9.6179697933E+10
           Stress_EigVals = -2.7745775017E+05 -2.7745139639E+05 -2.7744936813E+05
           Stress_EigVec1 = -4.1918238660E-01  8.9873727194E-01 -1.2867572730E-01
           Stress_EigVec2 = -5.6009004879E-02  1.1586013159E-01  9.9168514221E-01
           Stress_EigVec3 =  9.0617278603E-01  4.2290394411E-01  1.7708537782E-03
           -DivStress = -1.2513424910E+04  2.6932928060E+04  1.2347146768E+05
           ESP =  -2.1910387748E+01     ESP at Nucleus =  -2.1910387830E+01
           ESPe = -3.6010572358E+01     ESPe at Nucleus = -3.6010583390E+01
           ESPn =  1.4100184609E+01     ESPn at Nucleus =  1.4100195561E+01

CP# 9      Coords =  1.57248632564112E+00  1.60341263561973E-01 -4.49419813111981E+00
           Type = (3,-3) NACP H9
           Rho =  3.9636605158E-01     Rho at Nucleus =  3.8704110674E-01
           GradRho = -4.9790256119E-11 -1.6694100095E-11  3.8412855579E-11
           HessRho_EigVals = -7.8239848601E+00 -7.8090881434E+00 -6.1550311690E+00
           HessRho_EigVec1 =  4.7926676834E-01  3.8790276726E-01  7.8729588333E-01
           HessRho_EigVec2 = -4.3071632512E-01  8.8553401288E-01 -1.7410617252E-01
           HessRho_EigVec3 =  7.6471354901E-01  2.5565788700E-01 -5.9148307903E-01
           DelSqRho = -2.1788104172E+01
           Bond Ellipticity = NA
           V = -5.5003505747E+00
           G =  2.6662265816E-02
           K =  5.4736883089E+00
           L =  5.4470260431E+00
           Vnuc =  3.4056924725E+01
           Ven = -1.3499008782E+01
           Vrep =  7.9986582074E+00
           DelSqV =  1.3215318460E+03
           DelSqVen =  7.4203582374E+02
           DelSqVrep =  5.7949602222E+02
           DelSqG =  1.0190775432E+02
           DelSqK = -1.4234396003E+03
           Stress_EigVals = -1.9791026790E+00 -1.9728847321E+00 -1.5483631636E+00
           Stress_EigVec1 = -3.9748536723E-01  9.0970357803E-01 -1.2018645081E-01
           Stress_EigVec2 =  5.0490290977E-01  3.2619495210E-01  7.9916825821E-01
           Stress_EigVec3 =  7.6621043751E-01  2.5697519986E-01 -5.8896970390E-01
           -DivStress =  1.8063063208E+01  6.0684862871E+00 -1.3906624378E+01
           ESP =  -5.9777623279E-01     ESP at Nucleus =  -6.0050005564E-01
           ESPe = -1.5444953972E+01     ESPe at Nucleus = -1.5246905195E+01
           ESPn =  1.4847177739E+01     ESPn at Nucleus =  1.4646405139E+01

CP# 10     Coords =  2.81175993841854E+00  2.91458852620459E+00  2.41010305954816E+00
           Type = (3,-3) NACP H10
           Rho =  3.9702891313E-01     Rho at Nucleus =  3.8772580561E-01
           GradRho = -5.2154998202E-11 -3.6452240965E-12 -6.4895477013E-11
           HessRho_EigVals = -7.8447052898E+00 -7.8297293736E+00 -6.1780914889E+00
           HessRho_EigVec1 =  1.0351103127E-01  9.8463618094E-01 -1.4063092689E-01
           HessRho_EigVec2 =  7.7309519510E-01 -1.6860593893E-01 -6.1147024185E-01
           HessRho_EigVec3 =  6.2578693316E-01  4.5427178537E-02  7.7867007502E-01
           DelSqRho = -2.1852526152E+01
           Bond Ellipticity = NA
           V = -5.5165472471E+00
           G =  2.6707854534E-02
           K =  5.4898393926E+00
           L =  5.4631315381E+00
           Vnuc =  3.4206127914E+01
           Ven = -1.3580821788E+01
           Vrep =  8.0642745407E+00
           DelSqV =  1.3263369947E+03
           DelSqVen =  7.4749030486E+02
           DelSqVrep =  5.7884668987E+02
           DelSqG =  1.0233261019E+02
           DelSqK = -1.4286696049E+03
           Stress_EigVals = -1.9842868188E+00 -1.9781461415E+00 -1.5541142869E+00
           Stress_EigVec1 =  7.6647790661E-01 -2.1981817765E-01 -6.0348288082E-01
           Stress_EigVec2 =  1.4576094201E-01  9.7462583207E-01 -1.6987711807E-01
           Stress_EigVec3 =  6.2551208338E-01  4.2242824642E-02  7.7907007214E-01
           -DivStress =  1.4769993562E+01  1.0006327299E+00  1.8380488662E+01
           ESP =  -5.9999588336E-01     ESP at Nucleus =  -6.0271782750E-01
           ESPe = -1.5544101917E+01     ESPe at Nucleus = -1.5347366072E+01
           ESPn =  1.4944106033E+01     ESPn at Nucleus =  1.4744648245E+01

CP# 11     Coords =  1.10717002209020E+00 -3.44326588172016E+00  3.11316939164364E+00
           Type = (3,-3) NACP H11
           Rho =  3.9726348764E-01     Rho at Nucleus =  3.8796337615E-01
           GradRho =  3.8476340170E-13  8.0928699072E-13 -1.9840986493E-12
           HessRho_EigVals = -7.8443171380E+00 -7.8294660672E+00 -6.1780316555E+00
           HessRho_EigVec1 =  7.2202304683E-01 -6.7787117468E-01 -1.3846801215E-01
           HessRho_EigVec2 =  6.6919988918E-01  6.3342550426E-01  3.8851465722E-01
           HessRho_EigVec3 = -1.7565371664E-01 -3.7317931493E-01  9.1097912750E-01
           DelSqRho = -2.1851814861E+01
           Bond Ellipticity = NA
           V = -5.5165233883E+00
           G =  2.6784836545E-02
           K =  5.4897385517E+00
           L =  5.4629537152E+00
           Vnuc =  3.4096794370E+01
           Ven = -1.3545411449E+01
           Vrep =  8.0288880606E+00
           DelSqV =  1.3261648401E+03
           DelSqVen =  7.4507683791E+02
           DelSqVrep =  5.8108800214E+02
           DelSqG =  1.0226291275E+02
           DelSqK = -1.4284277528E+03
           Stress_EigVals = -1.9842288833E+00 -1.9780719347E+00 -1.5542225703E+00
           Stress_EigVec1 =  7.0269393012E-01  6.0036256031E-01  3.8181937713E-01
           Stress_EigVec2 =  6.8883621564E-01 -7.0840348886E-01 -1.5384786315E-01
           Stress_EigVec3 = -1.7811768186E-01 -3.7111897440E-01  9.1134230575E-01
           -DivStress = -4.2020390072E+00 -8.7691459439E+00  2.1495644357E+01
           ESP =  -6.0118437766E-01     ESP at Nucleus =  -6.0389794012E-01
           ESPe = -1.5433378692E+01     ESPe at Nucleus = -1.5235717745E+01
           ESPn =  1.4832194314E+01     ESPn at Nucleus =  1.4631819805E+01

CP# 12     Coords = -4.18914991179064E+00  1.77009869879828E+00  1.27431847867304E+00
           Type = (3,-3) NACP H12
           Rho =  3.9720990026E-01     Rho at Nucleus =  3.8789383358E-01
           GradRho =  3.9206485281E-14 -6.3629657099E-14 -1.3298823848E-14
           HessRho_EigVals = -7.8460305325E+00 -7.8317387700E+00 -6.1777731780E+00
           HessRho_EigVec1 =  8.4864377865E-01  5.1411698212E-01 -1.2444864666E-01
           HessRho_EigVec2 = -2.0175726710E-01  9.7120598921E-02 -9.7460843134E-01
           HessRho_EigVec3 = -4.8897621837E-01  8.5220380072E-01  1.8614762933E-01
           DelSqRho = -2.1855542480E+01
           Bond Ellipticity = NA
           V = -5.5173331848E+00
           G =  2.6723782325E-02
           K =  5.4906094024E+00
           L =  5.4638856201E+00
           Vnuc =  3.4176592629E+01
           Ven = -1.3575280950E+01
           Vrep =  8.0579477648E+00
           DelSqV =  1.3262931455E+03
           DelSqVen =  7.4694797205E+02
           DelSqVrep =  5.7934517341E+02
           DelSqG =  1.0231597524E+02
           DelSqK = -1.4286091207E+03
           Stress_EigVals = -1.9847966619E+00 -1.9784879198E+00 -1.5540486031E+00
           Stress_EigVec1 =  2.7130187099E-01 -5.4366179379E-02  9.6095765429E-01
           Stress_EigVec2 = -8.3060955139E-01 -5.1766275175E-01  2.0521464026E-01
           Stress_EigVec3 = -4.8629524770E-01  8.5385572200E-01  1.8559994096E-01
           -DivStress = -1.1491215696E+01  2.0159809354E+01  4.3958294416E+00
           ESP =  -5.9995803403E-01     ESP at Nucleus =  -6.0268199197E-01
           ESPe = -1.5526944203E+01     ESPe at Nucleus = -1.5329843654E+01
           ESPn =  1.4926986169E+01     ESPn at Nucleus =  1.4727161663E+01

CP# 13     Coords = -1.04482101455051E+00 -1.05651568970421E+00 -4.48529134008300E+00
           Type = (3,-3) NACP H13
           Rho =  3.9619269017E-01     Rho at Nucleus =  3.8686435379E-01
           GradRho =  3.0920882174E-12  1.8795121709E-12  2.6130031298E-12
           HessRho_EigVals = -7.8232016069E+00 -7.8090036207E+00 -6.1543872795E+00
           HessRho_EigVec1 =  6.0638111360E-01  1.0290647395E-01 -7.8848728759E-01
           HessRho_EigVec2 = -3.9243135376E-01  9.0115091586E-01 -1.8418648004E-01
           HessRho_EigVec3 =  6.9159206014E-01  4.2111433656E-01  5.8682462277E-01
           DelSqRho = -2.1786592507E+01
           Bond Ellipticity = NA
           V = -5.4998905442E+00
           G =  2.6621208710E-02
           K =  5.4732693355E+00
           L =  5.4466481268E+00
           Vnuc =  3.4125364081E+01
           Ven = -1.3520219798E+01
           Vrep =  8.0203292542E+00
           DelSqV =  1.3214742389E+03
           DelSqVen =  7.4347540139E+02
           DelSqVrep =  5.7799883755E+02
           DelSqG =  1.0193927786E+02
           DelSqK = -1.4234135168E+03
           Stress_EigVals = -1.9790737142E+00 -1.9726740245E+00 -1.5481428055E+00
           Stress_EigVec1 = -4.4244823825E-01  8.8923723173E-01 -1.1617530796E-01
           Stress_EigVec2 = -5.6848749278E-01 -1.7791835064E-01  8.0322290247E-01
           Stress_EigVec3 =  6.9358599108E-01  4.2142876766E-01  5.8423990515E-01
           -DivStress = -1.6362031400E+01 -9.9288617872E+00 -1.3799650274E+01
           ESP =  -5.9729723936E-01     ESP at Nucleus =  -6.0002504639E-01
           ESPe = -1.5516894605E+01     ESPe at Nucleus = -1.5319326180E+01
           ESPn =  1.4919597365E+01     ESPn at Nucleus =  1.4719301134E+01

CP# 14     Coords =  7.01738348137033E-01 -1.38463310023807E+00  6.95692956882460E-01
           Type = (3,-1) BCP Co1 O2
           Rho =  1.2173447459E-01
           GradRho =  6.2450045135E-17  3.4694469520E-17  3.1225022568E-17
           HessRho_EigVals = -1.7765393725E-01 -1.7093330378E-01  1.0617039772E+00
           HessRho_EigVec1 =  4.1535606863E-01  6.0603765029E-01  6.7837873101E-01
           HessRho_EigVec2 = -8.1143208533E-01 -9.0239466314E-02  5.7743814355E-01
           HessRho_EigVec3 = -4.1116579035E-01  7.9030070552E-01 -4.5427688440E-01
           DelSqRho =  7.1311673614E-01
           Bond Ellipticity =  3.9317285274E-02
           V = -2.5522299858E-01
           G =  2.1675109131E-01
           K =  3.8471907271E-02
           L = -1.7827918403E-01
           Vnuc =  2.7732596297E+01
           Ven = -3.3760130393E+00
           Vrep =  3.1207900408E+00
           DelSqV = -2.6815239745E+00
           DelSqVen = -1.9776578556E+01
           DelSqVrep =  1.7095054581E+01
           DelSqG =  2.6246784958E+00
           DelSqK =  5.6845478668E-02
           Stress_EigVals = -1.2365562625E-01 -1.2197987720E-01 -9.5874951194E-03
           Stress_EigVec1 =  8.2883434337E-01  5.2474738411E-01  1.9409743459E-01
           Stress_EigVec2 = -3.7610757731E-01  2.6572630826E-01  8.8765568741E-01
           Stress_EigVec3 = -4.1421820522E-01  8.0872103470E-01 -4.1760455756E-01
           -DivStress = -3.0763104322E-02  6.1719242477E-02 -2.9387662558E-02
           ESP =   9.2723313958E-01
           ESPe = -2.6805363157E+01
           ESPn =  2.7732596297E+01
           BPL =  3.4459138912E+00 =  1.7080000000E+00 +  1.7379138912E+00                
           GBL_I =  3.4396583582E+00                                                      
           GBL_II =  3.4393018075E+00                                                     
           GBL_III =  3.4403699791E+00 =  1.7025253138E+00 +  1.7378446653E+00            
           GBL_IV =  3.4400122055E+00 =  1.7021717544E+00 +  1.7378404511E+00             
             70 sample points along path from BCP to atom Co1
             7.0173834814E-01  -1.3846331002E+00   6.9569295688E-01   1.2173447459E-01    
             6.9145742874E-01  -1.3648741529E+00   6.8434012956E-01   1.2207246807E-01    
             6.8117294832E-01  -1.3451117446E+00   6.7299655564E-01   1.2311386386E-01    
             6.7088482620E-01  -1.3253448442E+00   6.6166411656E-01   1.2490589174E-01    
             6.6059311189E-01  -1.3055725316E+00   6.5034438812E-01   1.2750454344E-01    
             6.5029786978E-01  -1.2857939124E+00   6.3903889436E-01   1.3097542712E-01    
             6.3999918003E-01  -1.2660081319E+00   6.2774908244E-01   1.3539472107E-01    
             6.2969713788E-01  -1.2462143870E+00   6.1647630289E-01   1.4085023128E-01    
             6.1939185249E-01  -1.2264119360E+00   6.0522179309E-01   1.4744255748E-01    
             6.0908344550E-01  -1.2066001066E+00   5.9398666431E-01   1.5528637274E-01    
             5.9877204952E-01  -1.1867783014E+00   5.8277189243E-01   1.6451182226E-01    
             5.8845780643E-01  -1.1669460017E+00   5.7157831274E-01   1.7526604800E-01    
             5.7814086564E-01  -1.1471027678E+00   5.6040661850E-01   1.8771484668E-01    
             5.6782138244E-01  -1.1272482388E+00   5.4925736330E-01   2.0204446976E-01    
             5.5749951637E-01  -1.1073821291E+00   5.3813096641E-01   2.1846357456E-01    
             5.4717542973E-01  -1.0875042240E+00   5.2702772053E-01   2.3720533556E-01    
             5.3684928629E-01  -1.0676143751E+00   5.1594780104E-01   2.5852972329E-01    
             5.2652125015E-01  -1.0477124944E+00   5.0489127560E-01   2.8272595332E-01    
             5.1619148481E-01  -1.0277985492E+00   4.9385811299E-01   3.1011509941E-01    
             5.0586015255E-01  -1.0078725584E+00   4.8284818985E-01   3.4105284900E-01    
             4.9552741395E-01  -9.8793459003E-01   4.7186129416E-01   3.7593235557E-01    
             4.8519342766E-01  -9.6798476175E-01   4.6089712407E-01   4.1518710554E-01    
             4.7485835049E-01  -9.4802324382E-01   4.4995528099E-01   4.5929366642E-01    
             4.6452233763E-01  -9.2805026610E-01   4.3903525579E-01   5.0877411256E-01    
             4.5418554319E-01  -9.0806612898E-01   4.2813640728E-01   5.6419783354E-01    
             4.4384812111E-01  -8.8807121861E-01   4.1725793212E-01   6.2618231524E-01    
             4.3351022630E-01  -8.6806602682E-01   4.0639882557E-01   6.9539234434E-01    
             4.2317201643E-01  -8.4805117594E-01   3.9555783259E-01   7.7253692654E-01    
             4.1283365420E-01  -8.2802744879E-01   3.8473338843E-01   8.5836303128E-01    
             4.0249531066E-01  -8.0799582438E-01   3.7392354769E-01   9.5364509416E-01    
             3.9215716959E-01  -7.8795752029E-01   3.6312590000E-01   1.0591690402E+00    
             3.8181943375E-01  -7.6791404341E-01   3.5233746888E-01   1.1757094669E+00    
             3.7148233353E-01  -7.4786725188E-01   3.4155458861E-01   1.3039985885E+00    
             3.6114613923E-01  -7.2781943255E-01   3.3077275076E-01   1.4446856606E+00    
             3.5081117864E-01  -7.0777340065E-01   3.1998640806E-01   1.5982859574E+00    
             3.4047786265E-01  -6.8773263129E-01   3.0918871757E-01   1.7651191009E+00    
             3.3014672296E-01  -6.6770143669E-01   2.9837119786E-01   1.9452377832E+00    
             3.1981846903E-01  -6.4768520847E-01   2.8752326531E-01   2.1383499129E+00    
             3.0949407508E-01  -6.2769075128E-01   2.7663160354E-01   2.3437401957E+00    
             2.9917491582E-01  -6.0772674137E-01   2.6567930957E-01   2.5602014919E+00    
             2.8886298091E-01  -5.8780434779E-01   2.5464475968E-01   2.7859924095E+00    
             2.7856121651E-01  -5.6793804087E-01   2.4350017236E-01   3.0188460961E+00    
