AIMSum (Version 19.02.13, Professional)
Copyright (c) 1997-2019 by Todd A. Keith
AIMSum is a component of the AIMAll package ( http://aim.tkgristmill.com )

TP:  64-bit Linux

Licensed To:  Research Group of Fernando Cortes Guzman, UNAM, fercor@unam.mx

Much of the Quantum Theory of Atoms in Molecules (QTAIM) is described in the book:
  "Atoms in Molecules - A Quantum Theory"
  R.F.W. Bader, Oxford University Press, Oxford, 1990

For additional references see:  http://aim.tkgristmill.com/references.html

Wfx File:  /home/scratch/M_H2O_4_tetraedrico/Opt/Cr2_tetraedrico_cc-pvtz-def2-tzv_2.wfx
Sum File:  /home/scratch/M_H2O_4_tetraedrico/Opt/Cr2_tetraedrico_cc-pvtz-def2-tzv_2.sum

SumViz File:  /home/scratch/M_H2O_4_tetraedrico/Opt/Cr2_tetraedrico_cc-pvtz-def2-tzv_2.sumviz

Wfx Title:   Cr2_tetraedrico_cc-pvtz-def2-tzv_2                                            
 
Total memory allocated for AIMSum =        0.753 Megabytes

Atomic units (a.u.) used throughout, except where stated otherwise

Model:  Restricted SCF
 
Restricted, closed-shell, single-determinant wavefunction.
  Number of electrons (from MO Occs)                   =          62.0000000000
  Number of Alpha electrons (from MO Occs)             =          31.0000000000
  Number of Beta electrons (from MO Occs)              =          31.0000000000
  Number of electron pairs (N*(N-1)/2)                 =        1891.0000000000
  Number of electron pairs (from Muller 2EDM)          =        1891.0000000000
 
Nuclear Charges and Cartesian Coordinates:
-------------------------------------------------------------------------------
Atom      Charge                X                  Y                  Z
-------------------------------------------------------------------------------
Cr1       24.0           8.9412783454E-06   2.4357447679E-05  -2.8080444526E-05
O2         8.0           6.4569527909E-01   2.6830293165E+00  -1.9562039950E+00
H3         1.0          -1.7082631391E-01   3.2157999860E+00  -3.5452466567E+00
O4         8.0          -6.4405919286E-01  -2.6880618221E+00  -1.9497510527E+00
H5         1.0          -1.7039710497E+00  -4.1290142180E+00  -1.4375074307E+00
O6         8.0           2.6847477046E+00  -6.4230880053E-01   1.9548725714E+00
H7         1.0           3.2191990122E+00   1.7634220244E-01   3.5422562991E+00
O8         8.0          -2.6863478368E+00   6.4743992647E-01   1.9509693420E+00
H9         1.0          -4.1306534949E+00   1.7020994968E+00   1.4372014670E+00
H10        1.0           1.7587417645E-01  -3.2277150981E+00  -3.5347238868E+00
H11        1.0           4.1283585077E+00  -1.6997628309E+00   1.4450046375E+00
H12        1.0          -3.2206621195E+00  -1.6646292629E-01   3.5408314645E+00
H13        1.0           1.7021790586E+00   4.1273398467E+00  -1.4462368883E+00
 
Some Atomic Properties:
----------------------
  q(A) = Net Charge of Atom A
  L(A) = Lagrangian of Atom A = -(1/4) Times Atomic Integral of the Laplacian of the Electron Density
  K(A) = Electronic Kinetic Energy of Atom A (Hamiltonian Form)
  K_Scaled(A) = K(A) * E(Mol)/K(Mol) = Approximation to Virial-Based Total Energy of Atom A.
  |Mu_Intra(A)| = Magnitude of Intraatomic Dipole Moment of Atom A
--------------------------------------------------------------------------------------------------
Atom A          q(A)              L(A)              K(A)          K_Scaled(A)      |Mu_Intra(A)|
--------------------------------------------------------------------------------------------------
Cr1       1.4491177250E+00 -1.2570654229E-04  1.0433864230E+03 -1.0452178449E+03  3.4463148065E-04
O2       -1.1396106637E+00 -5.3635945926E-06  7.5410030114E+01 -7.5542394868E+01  2.7047058688E-01
H3        6.3560968855E-01  1.2945811192E-05  3.3589238177E-01 -3.3648196265E-01  1.3010510552E-01
O4       -1.1395852649E+00  5.2411213335E-06  7.5410028782E+01 -7.5542393533E+01  2.7048681386E-01
H5        6.4174105310E-01  1.0076129607E-05  3.3282910501E-01 -3.3341330903E-01  1.2737815289E-01
O6       -1.1396232752E+00 -3.9014871119E-05  7.5410032805E+01 -7.5542397563E+01  2.7047081236E-01
H7        6.3558833621E-01  1.0756694570E-05  3.3590385399E-01 -3.3649345501E-01  1.3011449494E-01
O8       -1.1396092052E+00  1.6588178938E-05  7.5410036546E+01 -7.5542401311E+01  2.7047569850E-01
H9        6.4170754484E-01  5.4432412435E-06  3.3283576082E-01 -3.3341997652E-01  1.2739386828E-01
H10       6.3557377917E-01  1.0759571921E-05  3.3590993783E-01 -3.3649954953E-01  1.3011948044E-01
H11       6.4171642160E-01  1.7623342892E-05  3.3284621918E-01 -3.3343045323E-01  1.2738314750E-01
H12       6.3558918544E-01  1.2364163792E-05  3.3590831069E-01 -3.3649791954E-01  1.3011275466E-01
H13       6.4174319981E-01  1.4010114108E-05  3.3282012781E-01 -3.3340431607E-01  1.2737928104E-01
--------------------------------------------------------------------------------------------------
Total     1.9999585247E+00 -5.4276638405E-05  1.3477014969E+03 -1.3500670731E+03
 
1st Largest |L(A)| = 1.2570654229E-04, atom Cr1     
2nd Largest |L(A)| = 3.9014871119E-05, atom O6      
 
Molecular charge q(Mol) from the wfx file:   2.0000000000E+00
Molecular energy E(Mol) from the wfx file:  -1.3500670998E+03
Molecular virial ratio (-V(Mol)/T(Mol)) from the wfx file:   2.0017552672E+00
Full molecular virial ratio ((-V(Mol)+W(Mol))/T(Mol)) from the wfx file:   2.0017552521E+00
Note.  K_Scaled(A) = (1+V(Mol)/T(Mol))*K(A) = (E(Mol)/T(Mol))*K(A)
       Only use K_Scaled(A) data with caution.
 
N_AIMInt(SumA)     =         62.000041
N_Analytic(Mol)    =         62.000000
 
G_AIMInt(SumA)     =       1347.701551
G_Analytic(Mol)    =       1347.701523
 
K_AIMInt(SumA)     =       1347.701497
K_Analytic(Mol)    =       1347.701523
 
L_AIMInt(SumA)     =         -0.000054
L_Analytic(Mol)    =          0.000000
 
VenT_AIMInt(SumA)  =      -3988.792029
VenT_Analytic(Mol) =      -3988.791663
 
Some Information About the Atomic Calculations:
----------------------------------------------
  Time(sec) = "Elapsed User Time", in Seconds, for Atom A by AIMInt and, if used, by TWOe
  NProc = Number of Processors Used for AIMInt Job
  BIM = Basin Integration Method
  OAQ = Angular Quadrature Outside of Beta Sphere
  ORQ = Multiple of Default for Radial Quadrature Outside of Beta Sphere
  IAQ = Multiple of Default for Angular Quadrature Inside of Beta Sphere
  IRQ = Multiple of Default for Radial Quadrature Inside of Beta Sphere
  MIR = Maximum Integration Radius
------------------------------------------------------------------------------------------------------
Atom A     Time(sec)   NProc      BIM          OAQ                     ORQ      IAQ      IRQ      MIR
------------------------------------------------------------------------------------------------------
Cr1           252        1     Proaim(5)    4500(GS4)                  1.00     1.00     1.00    13.00
O2            163        1     Proaim(5)    4500(GS4)                  1.00     1.00     1.00    13.00
H3             45        1     Proaim(5)    1800(GS4)                  1.00     1.00     1.00    13.00
O4            167        1     Proaim(5)    4500(GS4)                  1.00     1.00     1.00    13.00
H5             49        1     Proaim(5)    1800(GS4)                  1.00     1.00     1.00    13.00
O6            165        1     Proaim(5)    4500(GS4)                  1.00     1.00     1.00    13.00
H7             45        1     Proaim(5)    1800(GS4)                  1.00     1.00     1.00    13.00
O8            164        1     Proaim(5)    4500(GS4)                  1.00     1.00     1.00    13.00
H9             48        1     Proaim(5)    1800(GS4)                  1.00     1.00     1.00    13.00
H10            45        1     Proaim(5)    1800(GS4)                  1.00     1.00     1.00    13.00
H11            49        1     Proaim(5)    1800(GS4)                  1.00     1.00     1.00    13.00
H12            46        1     Proaim(5)    1800(GS4)                  1.00     1.00     1.00    13.00
H13            49        1     Proaim(5)    1800(GS4)                  1.00     1.00     1.00    13.00
------------------------------------------------------------------------------------------------------
Total        1287
Note:  Total wall clock time is less than total of atomic times if more than one atom
       was calculated at a time
 
Electron Density Critical Point Analysis of Molecular Structure:               
---------------------------------------------------------------                
  NACP = Nuclear Attractor Critical Point                                      
  NNACP = Non-Nuclear Attractor Critical Point                                 
  BCP = Bond Critical Point                                                    
  RCP = Ring Critical Point                                                    
  CCP = Cage Critical Point                                                    
  Rho = Electron Density                                                       
  GradRho = Gradient of Electron Density                                       
  HessRho_EigVals = Eigenvalues of the Hessian of Rho, Ascending Order         
  HessRho_EigVecs = Eigenvectors of the Hessian of Rho                         
  DelSqRho = Laplacian of Rho = Trace of Hessian of Rho                        
  Bond Ellipticity = (HessRho_EigVal(1) / HessRho_EigVal(2)) - 1               
  V = Virial Field = Potential Energy Density = Trace of Stress Tensor         
  G = Lagrangian Form of Kinetic Energy Density                                
  K = Hamiltonian Form of Kinetic Energy Density                               
  L = K - G = Lagrangian Density = (-1/4)DelSqRho                              
  Vnuc = Electrostatic Potential from Nuclei                                   
  Ven = Electron-nuclear attractive contribution to Virial Field V             
  Vrep = V - Ven = Repulsive contribution to Virial Field V                    
  DelSqV = Laplacian of V                                                      
  DelSqVen = Laplacian of Ven                                                  
  DelSqVrep = Laplacian of Vrep                                                
  DelSqG = Laplacian of G                                                      
  DelSqK = Laplacian of K                                                      
  Stress_EigVals = Eigenvalues of Stress Tensor, Ascending Order               
  Stress_EigVecs = Eigenvectors of Stress Tensor                               
  -DivStress = Ehrenfest Force Density = Minus Divergence of Stress Tensor     
  ESP = Total Electrostatic Potential                                          
  ESPe = Electrostatic Potential from Electrons                                
  ESPn = Electrostatic Potential from Nuclei                                   
  BP = Bond Path                                                               
  BPL = Bond Path Length                                                       
  GBL = Geometric Bond Length                                                  
  GBL_I = Distance Between Nuclear Attractors                                  
  GBL_II = Distance Between Nuclei                                             
  GBL_III = Sum of Distances Between BCP and Nuclear Attractors                
  GBL_IV = Sum of Distances Between BCP and Nuclei                             

CP# 1      Coords =  8.94127690284216E-06  2.43574475318715E-05 -2.80804469269298E-05
           Type = (3,-3) NACP Cr1
           Rho =  9.2644032042E+03     Rho at Nucleus =  9.2644032042E+03
           GradRho = -1.2077808371E-12  2.7860127400E-12 -2.3014836564E-12
           HessRho_EigVals = -2.1169383219E+09 -2.1169383216E+09 -2.1169382982E+09
           HessRho_EigVec1 =  9.9975850221E-01  2.1819025347E-02  2.6205724104E-03
           HessRho_EigVec2 = -2.1818460933E-02  9.9976191933E-01 -2.4377697196E-04
           HessRho_EigVec3 = -2.6252674787E-03  1.8654124360E-04  9.9999653658E-01
           DelSqRho = -6.3508149417E+09
           Bond Ellipticity = NA
           V = -1.5879677016E+09
           G =  1.3198307465E+05
           K =  1.5878357185E+09
           L =  1.5877037354E+09
           Vnuc =  2.4000000111E+09
           Ven = -2.2234567793E+13
           Vrep =  2.2232979826E+13
           DelSqV =  6.8639256594E+16
           DelSqVen =  6.6703697822E+29
           DelSqVrep = -6.6703697822E+29
           DelSqG =  3.6285228598E+14
           DelSqK = -6.9002108880E+16
           Stress_EigVals = -5.2932257171E+08 -5.2932256496E+08 -5.2932256490E+08
           Stress_EigVec1 = -2.3579681230E-03  6.9949542651E-04  9.9999697534E-01
           Stress_EigVec2 =  1.8303036616E-02  9.9983227004E-01 -6.5622210812E-04
           Stress_EigVec3 =  9.9982970492E-01 -1.8301433905E-02  2.3703755115E-03
           -DivStress =  3.2933943889E+04  3.3725841071E+03  5.4809661190E+04
           ESP =  -1.0301979715E+02     ESP at Nucleus =  -1.0301979715E+02
           ESPe = -1.1416745989E+02     ESPe at Nucleus = -1.1416745989E+02
           ESPn =  1.1147662745E+01     ESPn at Nucleus =  1.1147662745E+01

CP# 2      Coords =  6.45695277236039E-01  2.68303368286539E+00 -1.95620588675156E+00
           Type = (3,-3) NACP O2
           Rho =  2.9728120900E+02     Rho at Nucleus =  2.9728119644E+02
           GradRho = -2.8537172625E-12 -5.9848126455E-11  1.3270273769E-11
           HessRho_EigVals = -1.1097113153E+06 -1.1096995478E+06 -1.1096771624E+06
           HessRho_EigVec1 =  6.3237155580E-01  3.2008933607E-01  7.0544243730E-01
           HessRho_EigVec2 =  1.3644946203E-01  8.5037961270E-01 -5.0816932081E-01
           HessRho_EigVec3 =  7.6255344712E-01 -4.1760906507E-01 -4.9407986100E-01
           DelSqRho = -3.3290880255E+06
           Bond Ellipticity = NA
           V = -8.3240851280E+05
           G =  6.8253216390E+01
           K =  8.3234025959E+05
           L =  8.3227200637E+05
           Vnuc =  1.6811914107E+06
           Ven = -4.9978661515E+08
           Vrep =  4.9895420664E+08
           DelSqV =  9.3077940359E+10
           DelSqVen =  5.5968341914E+12
           DelSqVrep = -5.5037562510E+12
           DelSqG =  3.1072577911E+09
           DelSqK = -9.6185198150E+10
           Stress_EigVals = -2.7747405461E+05 -2.7746850615E+05 -2.7746595204E+05
           Stress_EigVec1 =  7.6433783413E-01 -4.0731670607E-01 -4.9988076206E-01
           Stress_EigVec2 =  1.2722818302E-01  8.5525416571E-01 -5.0234778937E-01
           Stress_EigVec3 =  6.3213975098E-01  3.2036450022E-01  7.0552528107E-01
           -DivStress =  7.8289839745E+01 -1.3300268156E+05  5.7609145863E+04
           ESP =  -2.1912099414E+01     ESP at Nucleus =  -2.1912099508E+01
           ESPe = -3.5337509726E+01     ESPe at Nucleus = -3.5337521109E+01
           ESPn =  1.3425410312E+01     ESPn at Nucleus =  1.3425421602E+01

CP# 3      Coords = -1.48819300618708E-01  3.20150982536082E+00 -3.50158952563117E+00
           Type = (3,-3) NACP H3
           Rho =  3.9642220969E-01     Rho at Nucleus =  3.8745664428E-01
           GradRho =  7.1526985723E-15 -4.1182335320E-15  1.3208184546E-14
           HessRho_EigVals = -7.8332493067E+00 -7.8179725586E+00 -6.2138352799E+00
           HessRho_EigVec1 =  4.6810119601E-01  8.8194167234E-01  5.5318684710E-02
           HessRho_EigVec2 =  7.7046573315E-01 -3.7667556384E-01 -5.1429376201E-01
           HessRho_EigVec3 =  4.3273990379E-01 -2.8336267607E-01  8.5582811912E-01
           DelSqRho = -2.1865057145E+01
           Bond Ellipticity = NA
           V = -5.5190638911E+00
           G =  2.6399802420E-02
           K =  5.4926640887E+00
           L =  5.4662642863E+00
           Vnuc =  3.3878285459E+01
           Ven = -1.3430104782E+01
           Vrep =  7.9110408912E+00
           DelSqV =  1.3313557030E+03
           DelSqVen =  7.4075064755E+02
           DelSqVrep =  5.9060505543E+02
           DelSqG =  1.0251298589E+02
           DelSqK = -1.4338686889E+03
           Stress_EigVals = -1.9800306712E+00 -1.9747268996E+00 -1.5643063204E+00
           Stress_EigVec1 =  7.3823954939E-01 -4.3461310558E-01 -5.1586220658E-01
           Stress_EigVec2 =  5.1638503404E-01  8.5617436528E-01  1.7662187525E-02
           Stress_EigVec3 =  4.3399177912E-01 -2.7942244846E-01  8.5648948094E-01
           -DivStress = -1.0007389662E+01  6.4931131202E+00 -1.9850382605E+01
           ESP =  -6.0384749009E-01     ESP at Nucleus =  -6.0638225149E-01
           ESPe = -1.4849601213E+01     ESPe at Nucleus = -1.4660154992E+01
           ESPn =  1.4245753723E+01     ESPn at Nucleus =  1.4053772740E+01

CP# 4      Coords = -6.44059192554079E-01 -2.68806619557435E+00 -1.94975292884976E+00
           Type = (3,-3) NACP O4
           Rho =  2.9728130069E+02     Rho at Nucleus =  2.9728128813E+02
           GradRho = -1.3658518760E-11 -2.2071144912E-10  2.6659119357E-11
           HessRho_EigVals = -1.1097116971E+06 -1.1096999302E+06 -1.1096775465E+06
           HessRho_EigVec1 = -6.3472363385E-01 -3.1668237711E-01  7.0486749156E-01
           HessRho_EigVec2 =  1.3631983552E-01  8.5197316063E-01  5.0552807638E-01
           HessRho_EigVec3 =  7.6062001753E-01 -4.1695803817E-01  4.9759741090E-01
           DelSqRho = -3.3290891739E+06
           Bond Ellipticity = NA
           V = -8.3240879948E+05
           G =  6.8253003665E+01
           K =  8.3234054647E+05
           L =  8.3227229347E+05
           Vnuc =  1.6810695230E+06
           Ven = -4.9975053436E+08
           Vrep =  4.9891812556E+08
           DelSqV =  9.3077972469E+10
           DelSqVen =  5.5964303565E+12
           DelSqVrep = -5.5033523840E+12
           DelSqG =  3.1072589762E+09
           DelSqK = -9.6185231445E+10
           Stress_EigVals = -2.7747414987E+05 -2.7746860177E+05 -2.7746604784E+05
           Stress_EigVec1 =  7.6240512063E-01 -4.0664478018E-01  5.0336711731E-01
           Stress_EigVec2 =  1.2711311304E-01  8.5683865618E-01  4.9966966465E-01
           Stress_EigVec3 = -6.3449246531E-01 -3.1696614967E-01  7.0494806293E-01
           -DivStress = -3.1023753293E+01  1.3321887376E+05  5.7134271116E+04
           ESP =  -2.1912090572E+01     ESP at Nucleus =  -2.1912090666E+01
           ESPe = -3.5337564978E+01     ESPe at Nucleus = -3.5337576361E+01
           ESPn =  1.3425474406E+01     ESPn at Nucleus =  1.3425485695E+01

CP# 5      Coords = -1.67440673914431E+00 -4.08934901725359E+00 -1.45122290903411E+00
           Type = (3,-3) NACP H5
           Rho =  3.9686079118E-01     Rho at Nucleus =  3.8775395383E-01
           GradRho =  2.7055237391E-11  3.6372366924E-11 -1.2583968589E-11
           HessRho_EigVals = -7.8399718828E+00 -7.8237364011E+00 -6.2021220047E+00
           HessRho_EigVec1 = -3.2760342721E-01  5.1712950387E-01  7.9072945481E-01
           HessRho_EigVec2 =  7.5052088863E-01 -3.6594934763E-01  5.5027217874E-01
           HessRho_EigVec3 =  5.7392890692E-01  7.7373002475E-01 -2.6823023431E-01
           DelSqRho = -2.1865830289E+01
           Bond Ellipticity = NA
           V = -5.5194477323E+00
           G =  2.6495080057E-02
           K =  5.4929526522E+00
           L =  5.4664575722E+00
           Vnuc =  3.3903104709E+01
           Ven = -1.3454812958E+01
           Vrep =  7.9353652262E+00
           DelSqV =  1.3295314208E+03
           DelSqVen =  7.4131953386E+02
           DelSqVrep =  5.8821188690E+02
           DelSqG =  1.0244292056E+02
           DelSqK = -1.4319743413E+03
           Stress_EigVals = -1.9820803319E+00 -1.9766363689E+00 -1.5607310314E+00
           Stress_EigVec1 = -7.8235301754E-01  4.2369688837E-01 -4.5651363916E-01
           Stress_EigVec2 = -2.3747920930E-01  4.7466435359E-01  8.4752426312E-01
           Stress_EigVec3 =  5.7578414454E-01  7.7147566275E-01 -2.7073588731E-01
           -DivStress = -1.3444573885E+01 -1.8033410808E+01  6.2409204905E+00
           ESP =  -5.9992049140E-01     ESP at Nucleus =  -6.0251434253E-01
           ESPe = -1.5023909596E+01     ESPe at Nucleus = -1.4833311443E+01
           ESPn =  1.4423989104E+01     ESPn at Nucleus =  1.4230797101E+01

CP# 6      Coords =  2.68475207261589E+00 -6.42308797487999E-01  1.95487445900148E+00
           Type = (3,-3) NACP O6
           Rho =  2.9728117916E+02     Rho at Nucleus =  2.9728116660E+02
           GradRho =  2.4630519846E-10  5.1468274087E-11  2.9719782191E-11
           HessRho_EigVals = -1.1097112534E+06 -1.1096994856E+06 -1.1096770958E+06
           HessRho_EigVec1 =  3.1934964159E-01 -6.3339461574E-01 -7.0485960812E-01
           HessRho_EigVec2 =  8.5086820670E-01 -1.3579324472E-01  5.0752683625E-01
           HessRho_EigVec3 =  4.1717993869E-01  7.6182114399E-01 -4.9556981680E-01
           DelSqRho = -3.3290878348E+06
           Bond Ellipticity = NA
           V = -8.3240846572E+05
           G =  6.8253516845E+01
           K =  8.3234021221E+05
           L =  8.3227195869E+05
           Vnuc =  1.6812366085E+06
           Ven = -4.9980000143E+08
           Vrep =  4.9896759297E+08
           DelSqV =  9.3077935325E+10
           DelSqVen =  5.5969843261E+12
           DelSqVrep = -5.5039063908E+12
           DelSqG =  3.1072577511E+09
           DelSqK = -9.6185193077E+10
           Stress_EigVals = -2.7747403969E+05 -2.7746849010E+05 -2.7746593593E+05
           Stress_EigVec1 =  4.0689334569E-01  7.6359762463E-01 -5.0135463786E-01
           Stress_EigVec2 =  8.5572499044E-01 -1.2657736514E-01  5.0170998731E-01
           Stress_EigVec3 =  3.1964440550E-01 -6.3316414799E-01 -7.0493305763E-01
           -DivStress = -1.3305212418E+05 -1.1455509044E+02 -5.7484926185E+04
           ESP =  -2.1912110604E+01     ESP at Nucleus =  -2.1912110698E+01
           ESPe = -3.5337594325E+01     ESPe at Nucleus = -3.5337605709E+01
           ESPn =  1.3425483721E+01     ESPn at Nucleus =  1.3425495011E+01

CP# 7      Coords =  3.20486366671966E+00  1.54277081249491E-01  3.49864509064186E+00
           Type = (3,-3) NACP H7
           Rho =  3.9642587559E-01     Rho at Nucleus =  3.8746070030E-01
           GradRho = -4.2396641753E-15 -6.5468463983E-15 -1.2609704947E-14
           HessRho_EigVals = -7.8333486287E+00 -7.8180627676E+00 -6.2139734306E+00
           HessRho_EigVec1 =  8.8171432085E-01 -4.6852156537E-01 -5.5384106013E-02
           HessRho_EigVec2 =  3.7653135657E-01  7.6956394276E-01 -5.1574749202E-01
           HessRho_EigVec3 =  2.8426043329E-01  4.3388809709E-01  8.5494860973E-01
           DelSqRho = -2.1865384827E+01
           Bond Ellipticity = NA
           V = -5.5191476050E+00
           G =  2.6400699144E-02
           K =  5.4927469059E+00
           L =  5.4663462067E+00
           Vnuc =  3.3878385432E+01
           Ven = -1.3430268609E+01
           Vrep =  7.9111210035E+00
           DelSqV =  1.3313834596E+03
           DelSqVen =  7.4076393478E+02
           DelSqVrep =  5.9061952480E+02
           DelSqG =  1.0251501853E+02
           DelSqK = -1.4338984781E+03
           Stress_EigVals = -1.9800537412E+00 -1.9747512865E+00 -1.5643425773E+00
           Stress_EigVec1 =  4.3403872060E-01  7.3756542139E-01 -5.1730806894E-01
           Stress_EigVec2 =  8.5617223637E-01 -5.1638084782E-01 -1.7886354540E-02
           Stress_EigVec3 =  2.8032033585E-01  4.3514143584E-01  8.5561231883E-01
           -DivStress =  6.5137611916E+00  1.0033971526E+01  1.9829814244E+01
           ESP =  -6.0386467416E-01     ESP at Nucleus =  -6.0639924272E-01
           ESPe = -1.4849138676E+01     ESPe at Nucleus = -1.4659695375E+01
           ESPn =  1.4245274002E+01     ESPn at Nucleus =  1.4053296132E+01

CP# 8      Coords = -2.68635220597767E+00  6.47439925247896E-01  1.95097122823061E+00
           Type = (3,-3) NACP O8
           Rho =  2.9728126013E+02     Rho at Nucleus =  2.9728124757E+02
           GradRho =  1.8029044924E-10  6.1594174205E-11  3.9141134778E-11
           HessRho_EigVals = -1.1097115369E+06 -1.1096997682E+06 -1.1096773839E+06
           HessRho_EigVec1 =  3.1961416912E-01 -6.3085663189E-01  7.0701251255E-01
           HessRho_EigVec2 = -8.5109210944E-01  1.3685922846E-01  5.0686464943E-01
           HessRho_EigVec3 =  4.1652011254E-01  7.6373389448E-01  4.9317495300E-01
           DelSqRho = -3.3290886890E+06
           Bond Ellipticity = NA
           V = -8.3240867848E+05
           G =  6.8253111279E+01
           K =  8.3234042537E+05
           L =  8.3227217225E+05
           Vnuc =  1.6810602831E+06
           Ven = -4.9974771931E+08
           Vrep =  4.9891531064E+08
           DelSqV =  9.3077958940E+10
           DelSqVen =  5.5963987743E+12
           DelSqVrep = -5.5033208153E+12
           DelSqG =  3.1072584963E+09
           DelSqK = -9.6185217436E+10
           Stress_EigVals = -2.7747410977E+05 -2.7746856151E+05 -2.7746600720E+05
           Stress_EigVec1 =  4.0621752010E-01  7.6552318070E-01  4.9896050563E-01
           Stress_EigVec2 = -8.5595451059E-01  1.2762241630E-01  5.0105328525E-01
           Stress_EigVec3 =  3.1988935926E-01 -6.3062411837E-01  7.0709548094E-01
           -DivStress =  1.3308774902E+05  5.9108816512E+01 -5.7441038408E+04
           ESP =  -2.1912093810E+01     ESP at Nucleus =  -2.1912093904E+01
           ESPe = -3.5337585265E+01     ESPe at Nucleus = -3.5337596650E+01
           ESPn =  1.3425491455E+01     ESPn at Nucleus =  1.3425502746E+01

CP# 9      Coords = -4.09089750103573E+00  1.67268073087704E+00  1.45095951170480E+00
           Type = (3,-3) NACP H9
           Rho =  3.9684627710E-01     Rho at Nucleus =  3.8774045193E-01
           GradRho =  3.8244279271E-11 -2.8242791786E-11  1.3241895427E-11
           HessRho_EigVals = -7.8396546085E+00 -7.8234427539E+00 -6.2019725985E+00
           HessRho_EigVec1 = -5.1477780119E-01 -3.2533544261E-01  7.9319648587E-01
           HessRho_EigVec2 =  3.6546989879E-01  7.5364873532E-01  5.4630150725E-01
           HessRho_EigVec3 =  7.7552277109E-01 -5.7111332810E-01  2.6906132755E-01
           DelSqRho = -2.1865069961E+01
           Bond Ellipticity = NA
           V = -5.5192518298E+00
           G =  2.6492169791E-02
           K =  5.4927596600E+00
           L =  5.4662674902E+00
           Vnuc =  3.3902567962E+01
           Ven = -1.3454107880E+01
           Vrep =  7.9348560498E+00
           DelSqV =  1.3294934921E+03
           DelSqVen =  7.4128202037E+02
           DelSqVrep =  5.8821147172E+02
           DelSqG =  1.0243933000E+02
           DelSqK = -1.4319328221E+03
           Stress_EigVals = -1.9820023377E+00 -1.9765539079E+00 -1.5606955842E+00
           Stress_EigVec1 =  4.2309195818E-01  7.8527505781E-01  4.5203570490E-01
           Stress_EigVec2 =  4.7226326957E-01  2.3464669737E-01 -8.4965188850E-01
           Stress_EigVec3 =  7.7327912111E-01 -5.7296074123E-01  2.7157943564E-01
           -DivStress = -1.8074067731E+01  1.3377904823E+01 -6.2600622586E+00
           ESP =  -5.9992997826E-01     ESP at Nucleus =  -6.0252309931E-01
           ESPe = -1.5022627216E+01     ESPe at Nucleus = -1.4832030523E+01
           ESPn =  1.4422697238E+01     ESPn at Nucleus =  1.4229507424E+01

CP# 10     Coords =  1.53773164879640E-01 -3.21323675695571E+00 -3.49117870721573E+00
           Type = (3,-3) NACP H10
           Rho =  3.9642389476E-01     Rho at Nucleus =  3.8745895476E-01
           GradRho = -5.5626076662E-15  4.3194614552E-15  1.2061532328E-14
           HessRho_EigVals = -7.8332762364E+00 -7.8180093446E+00 -6.2139435370E+00
           HessRho_EigVec1 =  4.6961202191E-01  8.8101864839E-01 -5.7189947220E-02
           HessRho_EigVec2 =  7.6850231208E-01 -3.7603198861E-01  5.1769116263E-01
           HessRho_EigVec3 = -4.3459031881E-01  2.8706460028E-01  8.5365401075E-01
           DelSqRho = -2.1865229118E+01
           Bond Ellipticity = NA
           V = -5.5191073828E+00
           G =  2.6400051656E-02
           K =  5.4927073312E+00
           L =  5.4663072795E+00
           Vnuc =  3.3878292037E+01
           Ven = -1.3430164477E+01
           Vrep =  7.9110570946E+00
           DelSqV =  1.3313749911E+03
           DelSqVen =  7.4075661752E+02
           DelSqVrep =  5.9061837355E+02
           DelSqG =  1.0251400768E+02
           DelSqK = -1.4338889988E+03
           Stress_EigVals = -1.9800370976E+00 -1.9747330177E+00 -1.5643372675E+00
           Stress_EigVec1 =  7.3626587112E-01 -4.3377428062E-01  5.1937697341E-01
           Stress_EigVec2 =  5.1763539466E-01  8.5538138817E-01 -1.9397911310E-02
           Stress_EigVec3 = -4.3585108147E-01  2.8312992468E-01  8.5432504384E-01
           -DivStress =  1.0050203071E+01 -6.5787258229E+00 -1.9799637610E+01
           ESP =  -6.0385728882E-01     ESP at Nucleus =  -6.0639202772E-01
           ESPe = -1.4848850703E+01     ESPe at Nucleus = -1.4659407828E+01
           ESPn =  1.4244993414E+01     ESPn at Nucleus =  1.4053015800E+01

CP# 11     Coords =  4.08862099542078E+00 -1.67026805496917E+00  1.45865443450999E+00
           Type = (3,-3) NACP H11
           Rho =  3.9686096684E-01     Rho at Nucleus =  3.8775465164E-01
           GradRho = -3.7859715363E-11  2.8042882686E-11  1.3012212835E-11
           HessRho_EigVals = -7.8399597685E+00 -7.8237377147E+00 -6.2021953499E+00
           HessRho_EigVec1 =  5.1483615118E-01  3.2761475482E-01  7.9221986207E-01
           HessRho_EigVec2 =  3.6616220843E-01  7.5153407284E-01 -5.4874563732E-01
           HessRho_EigVec3 =  7.7515738695E-01 -5.7259506616E-01 -2.6695676740E-01
           DelSqRho = -2.1865892833E+01
           Bond Ellipticity = NA
           V = -5.5194625139E+00
           G =  2.6494652837E-02
           K =  5.4929678611E+00
           L =  5.4664732083E+00
           Vnuc =  3.3903310537E+01
           Ven = -1.3454900599E+01
           Vrep =  7.9354380846E+00
           DelSqV =  1.3295420277E+03
           DelSqVen =  7.4132615492E+02
           DelSqVrep =  5.8821587277E+02
           DelSqG =  1.0244334090E+02
           DelSqK = -1.4319853686E+03
           Stress_EigVals = -1.9820804482E+00 -1.9766317770E+00 -1.5607502887E+00
           Stress_EigVec1 = -4.2384515687E-01 -7.8346567534E-01  4.5446322025E-01
           Stress_EigVec2 =  4.7218745194E-01  2.3704615233E-01  8.4902775685E-01
           Stress_EigVec3 =  7.7291286264E-01 -5.7444813275E-01 -2.6947179730E-01
           -DivStress =  1.8066348841E+01 -1.3412980251E+01 -6.2110860318E+00
           ESP =  -5.9993859592E-01     ESP at Nucleus =  -6.0253213985E-01
           ESPe = -1.5023533702E+01     ESPe at Nucleus = -1.4832938517E+01
           ESPn =  1.4423595106E+01     ESPn at Nucleus =  1.4230406377E+01

CP# 12     Coords = -3.20633096860942E+00 -1.44528408651428E-01  3.49715257856533E+00
           Type = (3,-3) NACP H12
           Rho =  3.9643132096E-01     Rho at Nucleus =  3.8746588526E-01
           GradRho =  5.9292848409E-15  7.3465539208E-15 -1.4058199049E-14
           HessRho_EigVals = -7.8334575610E+00 -7.8181724994E+00 -6.2140452988E+00
           HessRho_EigVec1 =  8.8204249854E-01 -4.6769189665E-01  5.7142983576E-02
           HessRho_EigVec2 =  3.7582323899E-01  7.7150548258E-01  5.1335775380E-01
           HessRho_EigVec3 = -2.8417938665E-01 -4.3132769463E-01  8.5627010694E-01
           DelSqRho = -2.1865675359E+01
           Bond Ellipticity = NA
           V = -5.5192211029E+00
           G =  2.6401131545E-02
           K =  5.4928199713E+00
           L =  5.4664188398E+00
           Vnuc =  3.3878965263E+01
           Ven = -1.3430682952E+01
           Vrep =  7.9114618493E+00
           DelSqV =  1.3313990512E+03
           DelSqVen =  7.4078645595E+02
           DelSqVrep =  5.9061259520E+02
           DelSqG =  1.0251637502E+02
           DelSqK = -1.4339154262E+03
           Stress_EigVals = -1.9800815528E+00 -1.9747799199E+00 -1.5643596302E+00
           Stress_EigVec1 =  4.3338020831E-01  7.3953997006E-01  5.1503614216E-01
           Stress_EigVec2 =  8.5653365163E-01 -5.1571216639E-01  1.9775365052E-02
           Stress_EigVec3 = -2.8023507752E-01 -4.3257553574E-01  8.5694031718E-01
           -DivStress = -6.5119354906E+00 -9.9747114083E+00  1.9860852924E+01
           ESP =  -6.0385131591E-01     ESP at Nucleus =  -6.0638602666E-01
           ESPe = -1.4849859598E+01     ESPe at Nucleus = -1.4660419271E+01
           ESPn =  1.4246008282E+01     ESPn at Nucleus =  1.4054033244E+01

CP# 13     Coords =  1.67270915754870E+00  4.08758366276473E+00 -1.45989053076730E+00
           Type = (3,-3) NACP H13
           Rho =  3.9684414261E-01     Rho at Nucleus =  3.8773784358E-01
           GradRho = -2.8307573299E-11 -3.8266303320E-11 -1.3148489242E-11
           HessRho_EigVals = -7.8396116248E+00 -7.8233923312E+00 -6.2018615970E+00
           HessRho_EigVec1 =  3.2643616242E-01 -5.1395021996E-01  7.9328091069E-01
           HessRho_EigVec2 =  7.5242966546E-01 -3.6666494846E-01 -5.4718042190E-01
           HessRho_EigVec3 =  5.7209180243E-01  7.7550756732E-01  2.6701869340E-01
           DelSqRho = -2.1864865553E+01
           Bond Ellipticity = NA
           V = -5.5192007704E+00
           G =  2.6492191086E-02
           K =  5.4927085793E+00
           L =  5.4662163882E+00
           Vnuc =  3.3902200371E+01
           Ven = -1.3453889639E+01
           Vrep =  7.9346888683E+00
           DelSqV =  1.3294736435E+03
           DelSqVen =  7.4126705310E+02
           DelSqVrep =  5.8820659041E+02
           DelSqG =  1.0243808528E+02
           DelSqK = -1.4319117288E+03
           Stress_EigVals = -1.9819907219E+00 -1.9765436095E+00 -1.5606664390E+00
           Stress_EigVec1 =  7.8418206139E-01 -4.2417122703E-01 -4.5292081511E-01
           Stress_EigVec2 = -2.3589799931E-01  4.7131696633E-01 -8.4983083680E-01
           Stress_EigVec3 =  5.7394305337E-01  7.7326521156E-01  2.6953716640E-01
           -DivStress =  1.3401033623E+01  1.8073988381E+01  6.2125359923E+00
           ESP =  -5.9993161166E-01     ESP at Nucleus =  -6.0252476212E-01
           ESPe = -1.5022869400E+01     ESPe at Nucleus = -1.4832269290E+01
           ESPn =  1.4422937788E+01     ESPn at Nucleus =  1.4229744528E+01

CP# 14     Coords =  4.51782754781270E-01  1.34816412810238E+00 -9.11450168799396E-01
           Type = (3,-1) BCP O2 Cr1
           Rho =  1.3010059567E-01
           GradRho = -1.3834419721E-15 -2.5767582512E-14  2.4215005001E-14
           HessRho_EigVals = -2.0367102477E-01 -1.3259238298E-01  1.1827177614E+00
           HessRho_EigVec1 =  7.4770668615E-01 -4.6602467222E-01 -4.7302824056E-01
           HessRho_EigVec2 =  6.5696124743E-01  4.1550607069E-01  6.2909190473E-01
           HessRho_EigVec3 =  9.6626243136E-02  7.8113744636E-01 -6.1683681718E-01
           DelSqRho =  8.4645435367E-01
           Bond Ellipticity =  5.3606881627E-01
           V = -2.7512074541E-01
           G =  2.4336716692E-01
           K =  3.1753578499E-02
           L = -2.1161358842E-01
           Vnuc =  2.6266494334E+01
           Ven = -3.4172865590E+00
           Vrep =  3.1421658136E+00
           DelSqV = -2.9101857111E+00
           DelSqVen = -2.2233388485E+01
           DelSqVrep =  1.9323202774E+01
           DelSqG =  2.5266395582E+00
           DelSqK =  3.8354615285E-01
           Stress_EigVals = -1.3705778334E-01 -1.3006518024E-01 -7.9977818385E-03
           Stress_EigVec1 =  7.1369111711E-01  2.6700495563E-01  6.4757497097E-01
           Stress_EigVec2 = -6.6716901850E-01  5.4074503301E-01  5.1232832249E-01
           Stress_EigVec3 =  2.1337874804E-01  7.9768613060E-01 -5.6406236086E-01
           -DivStress = -3.7393666609E-02 -9.8245724064E-02  6.4907131618E-02
           ESP =   1.0015633803E+00
           ESPe = -2.5264930954E+01
           ESPn =  2.6266494334E+01
           BPL =  3.4727008964E+00 =  1.7067008964E+00 +  1.7660000000E+00                
           GBL_I =  3.3833710768E+00                                                      
           GBL_II =  3.3826100375E+00                                                     
           GBL_III =  3.3958277368E+00 =  1.7061633289E+00 +  1.6896644079E+00            
           GBL_IV =  3.3950254286E+00 =  1.7061587545E+00 +  1.6888666741E+00             
             70 sample points along path from BCP to atom O2
             4.5178275478E-01   1.3481641281E+00  -9.1145016880E-01   1.3010059567E-01    
             4.5418362668E-01   1.3676894415E+00  -9.2687734797E-01   1.3046456174E-01    
             4.5655692773E-01   1.3872086137E+00  -9.4231656057E-01   1.3153603933E-01    
             4.5890533104E-01   1.4067217316E+00  -9.5776722970E-01   1.3328901634E-01    
             4.6123245811E-01   1.4262291097E+00  -9.7322836274E-01   1.3570342522E-01    
             4.6354191640E-01   1.4457310891E+00  -9.8869895332E-01   1.3876491122E-01    
             4.6583728500E-01   1.4652280348E+00  -1.0041779834E+00   1.4246463902E-01    
             4.6812208931E-01   1.4847203325E+00  -1.0196644286E+00   1.4679913222E-01    
             4.7039977268E-01   1.5042083846E+00  -1.0351572650E+00   1.5177013923E-01    
             4.7267366706E-01   1.5236926049E+00  -1.0506554765E+00   1.5738451779E-01    
             4.7494696345E-01   1.5431734141E+00  -1.0661580632E+00   1.6365412965E-01    
             4.7722268319E-01   1.5626512341E+00  -1.0816640500E+00   1.7059573544E-01    
             4.7950365097E-01   1.5821264827E+00  -1.0971724952E+00   1.7823087827E-01    
             4.8179247054E-01   1.6015995681E+00  -1.1126824998E+00   1.8658574357E-01    
             4.8409150385E-01   1.6210708836E+00  -1.1281932157E+00   1.9569098066E-01    
             4.8640285429E-01   1.6405408031E+00  -1.1437038533E+00   2.0558147019E-01    
             4.8872835468E-01   1.6600096761E+00  -1.1592136893E+00   2.1629602041E-01    
             4.9106956011E-01   1.6794778244E+00  -1.1747220721E+00   2.2787697357E-01    
             4.9342774577E-01   1.6989455386E+00  -1.1902284269E+00   2.4036970375E-01    
             4.9580390959E-01   1.7184130752E+00  -1.2057322598E+00   2.5382198725E-01    
             4.9819877936E-01   1.7378806554E+00  -1.2212331595E+00   2.6828322824E-01    
             5.0061282372E-01   1.7573484629E+00  -1.2367307989E+00   2.8380352572E-01    
             5.0304626639E-01   1.7768166439E+00  -1.2522249351E+00   3.0043257259E-01    
             5.0549910300E-01   1.7962853064E+00  -1.2677154076E+00   3.1821838630E-01    
             5.0797111973E-01   1.8157545212E+00  -1.2832021367E+00   3.3720588068E-01    
             5.1046191312E-01   1.8352243223E+00  -1.2986851197E+00   3.5743530365E-01    
             5.1297091048E-01   1.8546947088E+00  -1.3141644270E+00   3.7894058263E-01    
             5.1549739046E-01   1.8741656467E+00  -1.3296401969E+00   4.0174764044E-01    
             5.1804050362E-01   1.8936370720E+00  -1.3451126288E+00   4.2587276740E-01    
             5.2059929275E-01   1.9131088945E+00  -1.3605819761E+00   4.5132115890E-01    
             5.2317271339E-01   1.9325810030E+00  -1.3760485362E+00   4.7808575082E-01    
             5.2575965507E-01   1.9520532717E+00  -1.3915126387E+00   5.0614650426E-01    
             5.2835896393E-01   1.9715255703E+00  -1.4069746298E+00   5.3547030476E-01    
             5.3096946850E-01   1.9909977757E+00  -1.4224348521E+00   5.6601164613E-01    
             5.3359001025E-01   2.0104697894E+00  -1.4378936178E+00   5.9771426412E-01    
             5.3621948161E-01   2.0299415601E+00  -1.4533511733E+00   6.3051387107E-01    
             5.3885687511E-01   2.0494131138E+00  -1.4688076524E+00   6.6434212442E-01    
             5.4150134821E-01   2.0688845941E+00  -1.4842630144E+00   6.9913195545E-01    
             5.4415231042E-01   2.0883563136E+00  -1.4997169632E+00   7.3482442028E-01    
             5.4680954273E-01   2.1078288210E+00  -1.5151688424E+00   7.7137737679E-01    
             5.4947336471E-01   2.1273029851E+00  -1.5306174985E+00   8.0877664701E-01    
             5.5214487558E-01   2.1467801016E+00  -1.5460611041E+00   8.4705107766E-01    
