 AIMInt (Version 19.02.13, Professional)
 Portions Copyright (c) 1997-2019 by Todd A. Keith
 AIMInt is a component of the AIMAll package ( http://aim.tkgristmill.com )

 TP:  64-bit Linux

 Licensed To:  Research Group of Fernando Cortes Guzman, UNAM, fercor@unam.mx

 AIMInt is a heavily modified and extended version of the PROAIMV program
 developed by members of R.F.W. Bader's research group

 Much of the Quantum Theory of Atoms in Molecules (QTAIM) is described in the book:
   "Atoms in Molecules - A Quantum Theory"
   R.F.W. Bader, Oxford University Press, Oxford, 1990

 For additional references see:  http://aim.tkgristmill.com/references.html

 Current Directory:  /home/scratch/M_H2O_4_cuadrado_plano/Opt

 Inp File:  Cu2_cuadrado_plano_cc-pvtz-def2-tzv_2_atomicfiles/cu1.inp
 Wfx File:  Cu2_cuadrado_plano_cc-pvtz-def2-tzv_2.wfx
 Out File:  Cu2_cuadrado_plano_cc-pvtz-def2-tzv_2_atomicfiles/cu1.int

 Wfx Title:   Cu2_cuadrado_plano_cc-pvtz-def2-tzv_2                                         
 Job Title:   Cu2_cuadrado_plano_cc-pvtz-def2-tzv_2                                         
 
<Atom>
Cu1     
</Atom>
<Nuclei of Molecule>
    13
Cu1       29.0           2.6523255516E-03  -7.9900834696E-03  -3.4291951969E-02
O2         8.0           6.7762951559E-01  -3.5743446680E+00  -3.4864822447E-02
H3         1.0           9.0335359679E-01  -4.4611475015E+00   1.6121694713E+00
O4         8.0          -3.6047345629E+00  -6.8377274418E-01  -3.4588960226E-02
H5         1.0          -4.6516182496E+00   4.8048324337E-01  -1.0858913613E+00
O6         8.0          -6.8453275287E-01   3.6047232833E+00  -3.3695516607E-02
H7         1.0          -8.7268616877E-01   4.4888928156E+00   1.6192508420E+00
O8         8.0           3.6000078876E+00   6.7639795693E-01  -3.4074463389E-02
H9         1.0           4.6517876492E+00  -4.7232363218E-01  -1.0976752022E+00
H10        1.0          -4.4852341743E+00  -8.9053527652E-01   1.6181658368E+00
H11        1.0           4.6215290149E-01   4.6532168870E+00  -1.1023415974E+00
H12        1.0           4.4854621903E+00   8.7940161537E-01   1.6165482691E+00
H13        1.0          -4.7709588525E-01  -4.6303063548E+00  -1.0879695498E+00
</Nuclei of Molecule>
<Total Number of CPs of DelSqRho>
    61
</Total Number of CPs of DelSqRho>
<Number of (3,+3) CPs of DelSqRho>
     9
</Number of (3,+3) CPs of DelSqRho>
<Number of (3,+1) CPs of DelSqRho>
    21
</Number of (3,+1) CPs of DelSqRho>
<Number of (3,-1) CPs of DelSqRho>
    19
</Number of (3,-1) CPs of DelSqRho>
<Number of (3,-3) CPs of DelSqRho>
    12
</Number of (3,-3) CPs of DelSqRho>
<Number of Degenerate CPs of DelSqRho>
     0
</Number of Degenerate CPs of DelSqRho>
<CP of DelSqRho>
CP# = 1       
Type = (3,+3)
Coords =  2.65232554986173E-03 -7.99008346377567E-03 -3.42919519886831E-02
DistFromNuc =  2.0169079631E-11
Rho =  1.6511175726E+04
DelSqRho = -1.2810360511E+10
GradDelSqRho = -2.6074991503E-02  5.6901169417E-02 -2.9091562703E-01
HessDelSqRho_EigVals =  1.6484250533E+17  1.6484250533E+17  1.6484250579E+17
HessDelSqRho_EigVec1 =  7.5793232953E-01 -6.5233318453E-01  1.4992963451E-05
HessDelSqRho_EigVec2 =  6.5233300878E-01  7.5793210805E-01 -7.5182236216E-04
HessDelSqRho_EigVec3 =  4.7907502731E-04  5.7961087930E-04  9.9999971727E-01
</CP of DelSqRho>
<CP of DelSqRho>
CP# = 2       
Type = (3,-3)
Coords =  2.47383953987438E-02 -2.53557298250798E-01 -3.36909579068983E-02
DistFromNuc =  2.4655914635E-01
Rho =  3.7810324582E+01
DelSqRho =  4.1164934239E+03
GradDelSqRho =  9.0949470177E-12  4.2973624659E-11 -6.2527760747E-13
HessDelSqRho_EigVals = -1.6728710426E+06 -6.4985018643E+04 -2.8331387365E+04
HessDelSqRho_EigVec1 = -8.9594573445E-02  9.9597504543E-01 -2.5536828556E-03
HessDelSqRho_EigVec2 =  9.9597827838E-01  8.9593540774E-02 -5.1618373261E-04
HessDelSqRho_EigVec3 =  2.8531262749E-04  2.5896599154E-03  9.9999660612E-01
</CP of DelSqRho>
<CP of DelSqRho>
CP# = 3       
Type = (3,-3)
Coords = -1.94123672323431E-02  2.37575153610907E-01 -3.44068317406850E-02
DistFromNuc =  2.4655455690E-01
Rho =  3.7812542307E+01
DelSqRho =  4.1161070302E+03
GradDelSqRho =  0.0000000000E+00 -9.3223206932E-12  9.2370555649E-14
HessDelSqRho_EigVals = -1.6727305931E+06 -6.5003162974E+04 -2.8335106287E+04
HessDelSqRho_EigVec1 = -8.9472787544E-02  9.9598920850E-01 -3.4181957943E-04
HessDelSqRho_EigVec2 =  9.9598904377E-01  8.9472532352E-02 -7.0045650123E-04
HessDelSqRho_EigVec3 =  6.6706365287E-04  4.0312035178E-04  9.9999969626E-01
</CP of DelSqRho>
<CP of DelSqRho>
CP# = 4       
Type = (3,-3)
Coords =  2.48229015680288E-01  1.40290277616307E-02 -3.41045611615369E-02
DistFromNuc =  2.4656193362E-01
Rho =  3.7816411330E+01
DelSqRho =  4.1144038924E+03
GradDelSqRho = -7.2759576142E-12  1.8189894035E-12  7.1054273576E-14
HessDelSqRho_EigVals = -1.6724940161E+06 -6.4857775967E+04 -2.7974702774E+04
HessDelSqRho_EigVec1 =  9.9600803306E-01  8.9259353337E-02  8.7516585448E-04
HessDelSqRho_EigVec2 = -8.9258060978E-02  9.9600752288E-01 -1.4187727519E-03
HessDelSqRho_EigVec3 = -9.9831051320E-04  1.3349934508E-03  9.9999861058E-01
</CP of DelSqRho>
<CP of DelSqRho>
CP# = 5       
Type = (3,-3)
Coords = -2.42919228972672E-01 -3.00623845292620E-02 -3.39928417956694E-02
DistFromNuc =  2.4656168464E-01
Rho =  3.7816597564E+01
DelSqRho =  4.1142972981E+03
GradDelSqRho =  0.0000000000E+00  6.3664629124E-12 -1.8118839762E-13
HessDelSqRho_EigVals = -1.6724433841E+06 -6.4865765240E+04 -2.7971827110E+04
HessDelSqRho_EigVec1 =  9.9598330799E-01  8.9529197389E-02 -1.3315488309E-03
HessDelSqRho_EigVec2 = -8.9531192268E-02  9.9598285491E-01 -1.5226104950E-03
HessDelSqRho_EigVec3 =  1.1898817105E-03  1.6357097920E-03  9.9999795432E-01
</CP of DelSqRho>
<CP of DelSqRho>
CP# = 6       
Type = (3,+1)
Coords = -1.56311592262725E-01 -1.98136668871425E-01 -3.53150891471632E-02
DistFromNuc =  2.4784329306E-01
Rho =  3.8533303945E+01
DelSqRho =  3.6233062491E+03
GradDelSqRho =  3.6379788071E-12 -3.6379788071E-12 -5.6843418861E-14
HessDelSqRho_EigVals = -1.6024677856E+06  4.2828903563E+03  6.3905482844E+04
HessDelSqRho_EigVec1 =  6.4140370130E-01  7.6719318992E-01  3.9876432504E-03
HessDelSqRho_EigVec2 = -3.2162623771E-03 -2.5087390101E-03  9.9999168091E-01
HessDelSqRho_EigVec3 =  7.6719681152E-01 -6.4141119071E-01  8.5838010601E-04
</CP of DelSqRho>
<CP of DelSqRho>
CP# = 7       
Type = (3,+1)
Coords = -1.87651090519355E-01  1.50783748870027E-01 -3.58159939854575E-02
DistFromNuc =  2.4784439213E-01
Rho =  3.8531988612E+01
DelSqRho =  3.6230810248E+03
GradDelSqRho =  3.6379788071E-12 -1.0913936421E-11  4.2632564146E-14
HessDelSqRho_EigVals = -1.6022961559E+06  4.2720467988E+03  6.3910310171E+04
HessDelSqRho_EigVec1 =  7.6783196440E-01 -6.4062309523E-01  6.0103498308E-03
HessDelSqRho_EigVec2 = -3.7874631324E-03  4.8423183950E-03  9.9998110336E-01
HessDelSqRho_EigVec3 =  6.4064009363E-01  7.6784021894E-01 -1.2917504905E-03
</CP of DelSqRho>
<CP of DelSqRho>
CP# = 8       
Type = (3,-1)
Coords = -1.36248394641508E-01 -2.04800224795291E-02 -3.38000597182943E-02
DistFromNuc =  1.3946200416E-01
Rho =  1.5488131824E+02
DelSqRho = -1.2539391501E+04
GradDelSqRho =  0.0000000000E+00  8.0035533756E-11 -9.0949470177E-13
HessDelSqRho_EigVals = -2.2810169275E+05 -9.4790104129E+04  3.2547627816E+07
HessDelSqRho_EigVec1 = -8.9563721128E-02  9.9598031939E-01 -1.2422771614E-03
HessDelSqRho_EigVec2 =  3.3999628210E-03  1.5530244674E-03  9.9999301416E-01
HessDelSqRho_EigVec3 =  9.9597529091E-01  8.9558871754E-02 -3.5253907066E-03
</CP of DelSqRho>
<CP of DelSqRho>
CP# = 9       
Type = (3,-1)
Coords = -9.78460436970748E-03  1.30915900933031E-01 -3.40079930548427E-02
DistFromNuc =  1.3946193158E-01
Rho =  1.5487560021E+02
DelSqRho = -1.2536422342E+04
GradDelSqRho = -1.4551915228E-11  0.0000000000E+00  4.5474735089E-13
HessDelSqRho_EigVals = -2.2855934191E+05 -9.6196596153E+04  3.2547073192E+07
HessDelSqRho_EigVec1 =  9.9601462688E-01  8.9185531220E-02 -8.9669692227E-04
HessDelSqRho_EigVec2 =  1.0744447226E-03 -1.9450234644E-03  9.9999753122E-01
HessDelSqRho_EigVec3 = -8.9183566944E-02  9.9601313139E-01  2.0330967435E-03
</CP of DelSqRho>
<CP of DelSqRho>
CP# = 10      
Type = (3,-1)
Coords =  1.51819357028868E-02 -1.46882405490083E-01 -3.36169338778106E-02
DistFromNuc =  1.3945796462E-01
Rho =  1.5489203375E+02
DelSqRho = -1.2542008631E+04
GradDelSqRho = -2.9103830457E-11  0.0000000000E+00 -1.8189894035E-12
HessDelSqRho_EigVals = -2.2746962428E+05 -9.5635092712E+04  3.2555552459E+07
HessDelSqRho_EigVec1 =  9.9595588778E-01  8.9843129962E-02 -2.8564924839E-04
HessDelSqRho_EigVec2 = -1.4997933942E-04  4.8419807167E-03  9.9998826630E-01
HessDelSqRho_EigVec3 = -8.9843458878E-02  9.9594415869E-01 -4.8358738166E-03
</CP of DelSqRho>
<CP of DelSqRho>
CP# = 11      
Type = (3,+3)
Coords =  1.09678443821461E-01 -9.74559168732620E-02 -3.65443973297046E-02
DistFromNuc =  1.3951271931E-01
Rho =  1.5546916228E+02
DelSqRho = -1.3093831685E+04
GradDelSqRho = -5.8207660913E-11 -2.9103830457E-11 -1.7735146685E-11
HessDelSqRho_EigVals =  1.8505089250E+04  2.2728290932E+05  3.2450465384E+07
HessDelSqRho_EigVec1 =  1.3279626287E-02 -9.2385800985E-03  9.9986914152E-01
HessDelSqRho_EigVec2 =  6.4135679964E-01  7.6724143115E-01 -1.4289441890E-03
HessDelSqRho_EigVec3 =  7.6712782968E-01 -6.4129184851E-01 -1.6113905643E-02
</CP of DelSqRho>
<CP of DelSqRho>
CP# = 12      
Type = (3,+3)
Coords = -8.66799896455560E-02 -1.15129093870602E-01 -3.64960995211516E-02
DistFromNuc =  1.3951304009E-01
Rho =  1.5547021369E+02
DelSqRho = -1.3094993702E+04
GradDelSqRho =  5.8207660913E-11  2.9103830457E-11  3.6379788071E-12
HessDelSqRho_EigVals =  1.8838512005E+04  2.2769820500E+05  3.2450341517E+07
HessDelSqRho_EigVec1 = -1.0843519120E-02 -1.1490676464E-02  9.9987518343E-01
HessDelSqRho_EigVec2 =  7.6805627368E-01 -6.4038162005E-01  9.7013596843E-04
HessDelSqRho_EigVec3 =  6.4029054229E-01  7.6797092722E-01  1.5769476489E-02
</CP of DelSqRho>
<CP of DelSqRho>
CP# = 13      
Type = (3,+1)
Coords =  1.92952805134820E-01 -1.66755135960763E-01 -3.59317587273278E-02
DistFromNuc =  2.4783725182E-01
Rho =  3.8535630170E+01
DelSqRho =  3.6236988543E+03
GradDelSqRho =  1.4551915228E-11  1.0913936421E-11  4.2632564146E-13
HessDelSqRho_EigVals = -1.6026986549E+06  4.2575855053E+03  6.3884551869E+04
HessDelSqRho_EigVec1 =  7.6785991826E-01 -6.4058503610E-01 -6.4774574577E-03
HessDelSqRho_EigVec2 =  5.7819204533E-03 -3.1808602027E-03  9.9997822553E-01
HessDelSqRho_EigVec3 =  6.4059169159E-01  7.6788065065E-01 -1.2613566671E-03
</CP of DelSqRho>
<CP of DelSqRho>
CP# = 14      
Type = (3,+1)
Coords = -2.88869275853108E-03  5.37386769458071E-02  9.07764624928944E-02
DistFromNuc =  1.3958241667E-01
Rho =  1.5537417761E+02
DelSqRho = -1.2911277613E+04
GradDelSqRho = -3.6379788071E-11 -5.8207660913E-11  0.0000000000E+00
HessDelSqRho_EigVals = -4.4277969380E+04  3.7838063127E+04  3.2371290096E+07
HessDelSqRho_EigVec1 =  9.9615151355E-01  8.7643560352E-02  8.7657602200E-04
HessDelSqRho_EigVec2 = -7.8119702416E-02  8.9234994297E-01 -4.4453221635E-01
HessDelSqRho_EigVec3 = -3.9742598695E-02  4.4275296228E-01  8.9576243516E-01
</CP of DelSqRho>
<CP of DelSqRho>
CP# = 15      
Type = (3,+1)
Coords =  8.14574177103617E-03 -7.00614707711607E-02  9.06068896408488E-02
DistFromNuc =  1.3958064113E-01
Rho =  1.5537917128E+02
DelSqRho = -1.2912942362E+04
GradDelSqRho = -7.2759576142E-12  0.0000000000E+00  0.0000000000E+00
HessDelSqRho_EigVals = -4.4514956974E+04  3.8659399765E+04  3.2374714077E+07
HessDelSqRho_EigVec1 =  9.9582128464E-01  9.1309815572E-02  1.5769086825E-03
HessDelSqRho_EigVec2 = -8.2382761576E-02  8.9074395008E-01  4.4697684055E-01
HessDelSqRho_EigVec3 =  3.9408751007E-02 -4.4523896165E-01  8.9454413942E-01
</CP of DelSqRho>
<CP of DelSqRho>
CP# = 16      
Type = (3,+1)
Coords =  8.67603237203663E-03 -7.55141322220493E-02 -1.56312686424720E-01
DistFromNuc =  1.3958811497E-01
Rho =  1.5533517836E+02
DelSqRho = -1.2899050716E+04
GradDelSqRho = -2.9103830457E-11 -5.8207660913E-11  0.0000000000E+00
HessDelSqRho_EigVals = -5.2287106701E+04  4.4536098312E+04  3.2356155991E+07
HessDelSqRho_EigVec1 =  9.9590874606E-01  9.0360768638E-02 -8.3726709239E-04
HessDelSqRho_EigVec2 = -7.9359679763E-02  8.7015413488E-01 -4.8634743011E-01
HessDelSqRho_EigVec3 = -4.3218176187E-02  4.8442410452E-01  8.7376511501E-01
</CP of DelSqRho>
<CP of DelSqRho>
CP# = 17      
Type = (3,+1)
Coords =  6.91671727056453E-02 -2.15302784933057E-03 -1.56876448009411E-01
DistFromNuc =  1.3958959410E-01
Rho =  1.5533135358E+02
DelSqRho = -1.2896914020E+04
GradDelSqRho =  0.0000000000E+00  3.6379788071E-11  0.0000000000E+00
HessDelSqRho_EigVals = -5.2750840720E+04  4.3102659571E+04  3.2353706284E+07
HessDelSqRho_EigVec1 = -8.7955517983E-02  9.9612435751E-01 -3.0203083236E-04
HessDelSqRho_EigVec2 =  8.7439826151E-01  7.7352616897E-02  4.7900339553E-01
HessDelSqRho_EigVec3 = -4.7717031249E-01 -4.1866896534E-02  8.7781299595E-01
</CP of DelSqRho>
<CP of DelSqRho>
CP# = 18      
Type = (3,+1)
Coords = -6.37492560758629E-02 -1.39842629107418E-02 -1.56931094609453E-01
DistFromNuc =  1.3959032752E-01
Rho =  1.5532934886E+02
DelSqRho = -1.2896227123E+04
GradDelSqRho =  0.0000000000E+00 -2.1827872843E-11 -5.8207660913E-11
HessDelSqRho_EigVals = -5.2773124070E+04  4.2800296927E+04  3.2352337724E+07
HessDelSqRho_EigVec1 = -9.0630328285E-02  9.9588452840E-01  3.8689563156E-04
HessDelSqRho_EigVec2 =  8.7457356559E-01  7.9776252755E-02 -4.7828529965E-01
HessDelSqRho_EigVec3 =  4.7634779517E-01  4.3008785029E-02  8.7820443090E-01
</CP of DelSqRho>
<CP of DelSqRho>
CP# = 19      
Type = (3,+3)
Coords =  9.21928869635467E-02  9.89610308817351E-02 -3.71750970191293E-02
DistFromNuc =  1.3951475020E-01
Rho =  1.5546292665E+02
DelSqRho = -1.3093145248E+04
GradDelSqRho = -5.8207660913E-11  4.3655745685E-11  3.6379788071E-12
HessDelSqRho_EigVals =  1.8647364684E+04  2.2786771098E+05  3.2446781943E+07
HessDelSqRho_EigVec1 =  1.2774361235E-02  1.6213459895E-02  9.9978694701E-01
HessDelSqRho_EigVec2 =  7.6675891156E-01 -6.4193488413E-01  6.1326084013E-04
HessDelSqRho_EigVec3 =  6.4180806106E-01  7.6658771726E-01 -2.0632122961E-02
</CP of DelSqRho>
<CP of DelSqRho>
CP# = 20      
Type = (3,+3)
Coords = -1.04471974735061E-01  8.13600683391226E-02 -3.65777049868234E-02
DistFromNuc =  1.3951447956E-01
Rho =  1.5546325553E+02
DelSqRho = -1.3093369252E+04
GradDelSqRho =  0.0000000000E+00 -5.8207660913E-11 -3.1832314562E-12
HessDelSqRho_EigVals =  1.8768785094E+04  2.2812376516E+05  3.2447122675E+07
HessDelSqRho_EigVec1 = -1.1838480811E-02  1.1337415901E-02  9.9986564766E-01
HessDelSqRho_EigVec2 =  6.4053620275E-01  7.6792715198E-01 -1.1234849019E-03
HessDelSqRho_EigVec3 =  7.6783671659E-01 -6.4043684486E-01  1.6353116183E-02
</CP of DelSqRho>
<CP of DelSqRho>
CP# = 21      
Type = (3,+1)
Coords =  1.61605614111948E-01  1.82156185122017E-01 -3.64925202129268E-02
DistFromNuc =  2.4784389019E-01
Rho =  3.8532906937E+01
DelSqRho =  3.6230000513E+03
GradDelSqRho = -7.2759576142E-12 -3.6379788071E-12  4.9737991503E-13
HessDelSqRho_EigVals = -1.6023088125E+06  4.2868986324E+03  6.3915791548E+04
HessDelSqRho_EigVec1 =  6.4131621624E-01  7.6722705700E-01 -8.7266136492E-03
HessDelSqRho_EigVec2 =  5.0522989922E-03  7.1506314077E-03  9.9996167064E-01
HessDelSqRho_EigVec3 =  7.6726005048E-01 -6.4133572446E-01  7.0955539128E-04
</CP of DelSqRho>
<CP of DelSqRho>
CP# = 22      
Type = (3,-3)
Coords =  2.62509284566147E-03 -7.76636409039758E-03  2.13547004906964E-01
DistFromNuc =  2.4783905935E-01
Rho =  3.8476951057E+01
DelSqRho =  3.7869347781E+03
GradDelSqRho =  8.1712414612E-14 -1.3145040612E-13  4.5474735089E-13
HessDelSqRho_EigVals = -1.6093887226E+06 -6.4276283263E+03 -6.2020195111E+03
HessDelSqRho_EigVec1 = -1.1779746434E-04  9.0216864951E-04  9.9999958611E-01
HessDelSqRho_EigVec2 = -1.0258445481E-01  9.9472388252E-01 -9.0949326682E-04
HessDelSqRho_EigVec3 =  9.9472429133E-01  1.0258451949E-01  2.4627472026E-05
</CP of DelSqRho>
<CP of DelSqRho>
CP# = 23      
Type = (3,-3)
Coords =  2.75003917484581E-03 -8.56212709408308E-03 -2.82108521769099E-01
DistFromNuc =  2.4781724930E-01
Rho =  3.8488322187E+01
DelSqRho =  3.7855588151E+03
GradDelSqRho =  1.5987211555E-14  1.6253665081E-13  1.0459189070E-11
HessDelSqRho_EigVals = -1.6089892883E+06 -6.4748373488E+03 -6.2479873884E+03
HessDelSqRho_EigVec1 = -3.9250883880E-04  2.3169478168E-03  9.9999723884E-01
HessDelSqRho_EigVec2 = -9.7225552033E-02  9.9525961290E-01 -2.3441329484E-03
HessDelSqRho_EigVec3 =  9.9526229607E-01  9.7226203671E-02  1.6538166444E-04
</CP of DelSqRho>
<CP of DelSqRho>
CP# = 24      
Type = (3,-1)
Coords = -6.88063041446096E-03  9.93249948411522E-02  1.88862026952585E-01
DistFromNuc =  2.4780052783E-01
Rho =  3.8473675655E+01
DelSqRho =  3.7683165607E+03
GradDelSqRho = -3.5242919694E-12  1.5916157281E-12  3.1832314562E-12
HessDelSqRho_EigVals = -1.6099866999E+06 -1.1833125849E+04  1.0467341628E+04
HessDelSqRho_EigVec1 = -3.8589808173E-02  4.3437457398E-01  8.9990530401E-01
HessDelSqRho_EigVec2 =  9.9602152070E-01  8.9112507487E-02 -3.0217407849E-04
HessDelSqRho_EigVec3 = -8.0324074878E-02  8.9631338855E-01 -4.3608525829E-01
</CP of DelSqRho>
<CP of DelSqRho>
CP# = 25      
Type = (3,+3)
Coords = -3.97762507090115E-01  3.25714959261639E-01 -3.04837091784999E-02
DistFromNuc =  5.2125386949E-01
Rho =  6.6495508309E+00
DelSqRho = -1.0502373925E+02
GradDelSqRho =  4.2632564146E-14  2.8421709430E-13  1.4210854715E-14
HessDelSqRho_EigVals =  3.1816668293E+02  2.7543604651E+03  2.1921020540E+04
HessDelSqRho_EigVec1 =  6.9212316738E-03 -3.3317029569E-03  9.9997049772E-01
HessDelSqRho_EigVec2 =  6.4046167086E-01  7.6798784873E-01 -1.8741315069E-03
HessDelSqRho_EigVec3 =  7.6795894729E-01 -6.4045574707E-01 -7.4492498663E-03
</CP of DelSqRho>
<CP of DelSqRho>
CP# = 26      
Type = (3,+3)
Coords = -3.31405581002339E-01 -4.08063960808757E-01 -2.94134274087216E-02
DistFromNuc =  5.2122700646E-01
Rho =  6.6508085926E+00
DelSqRho = -1.0509129559E+02
GradDelSqRho =  0.0000000000E+00  1.5631940187E-13  1.7319479184E-14
HessDelSqRho_EigVals =  3.1917856157E+02  2.7566283563E+03  2.1933498194E+04
HessDelSqRho_EigVec1 =  5.0779723742E-03  8.1368665185E-03  9.9995400174E-01
HessDelSqRho_EigVec2 =  7.6737784896E-01 -6.4119380286E-01  1.3206456162E-03
HessDelSqRho_EigVec3 =  6.4117505498E-01  7.6733584471E-01 -9.5000155437E-03
</CP of DelSqRho>
<CP of DelSqRho>
CP# = 27      
Type = (3,-1)
Coords =  1.22483545787913E-02 -1.15369820470844E-01 -2.57406855239261E-01
DistFromNuc =  2.4779578639E-01
Rho =  3.8476204792E+01
DelSqRho =  3.7669640347E+03
GradDelSqRho =  1.8189894035E-12  8.6401996668E-12 -1.7735146685E-11
HessDelSqRho_EigVals = -1.6093624683E+06 -1.1866668098E+04  1.0489878964E+04
HessDelSqRho_EigVec1 = -3.8826982044E-02  4.3440220837E-01  8.9988176269E-01
HessDelSqRho_EigVec2 =  9.9601265283E-01  8.9212034799E-02 -9.0833647691E-05
HessDelSqRho_EigVec3 = -8.0319741466E-02  8.9629009490E-01 -4.3613393003E-01
</CP of DelSqRho>
<CP of DelSqRho>
CP# = 28      
Type = (3,-1)
Coords =  5.57412025989631E-01  4.25172590279390E-02 -3.58676534859136E-02
DistFromNuc =  5.5705637032E-01
Rho =  5.0286143462E+00
DelSqRho = -2.1613142744E+01
GradDelSqRho = -7.3896444519E-13  0.0000000000E+00 -2.4868995752E-14
HessDelSqRho_EigVals = -1.8783974503E+03 -7.1963465436E+02  1.1347222165E+04
HessDelSqRho_EigVec1 = -9.1060447827E-02  9.9584529578E-01 -3.7644411734E-04
HessDelSqRho_EigVec2 =  2.6509432445E-03  6.2041644799E-04  9.9999629378E-01
HessDelSqRho_EigVec3 =  9.9584183852E-01  9.1059112406E-02 -2.6964247590E-03
</CP of DelSqRho>
<CP of DelSqRho>
CP# = 29      
Type = (3,-1)
Coords = -5.52138822920221E-01 -5.82080470500973E-02 -3.56683372051677E-02
DistFromNuc =  5.5706099911E-01
Rho =  5.0283693098E+00
DelSqRho = -2.1614761082E+01
GradDelSqRho = -1.9895196601E-13 -4.2632564146E-14  0.0000000000E+00
HessDelSqRho_EigVals = -1.8776422064E+03 -7.1989105409E+02  1.1346096605E+04
HessDelSqRho_EigVec1 = -9.0580389281E-02  9.9588615366E-01 -2.4417250145E-03
HessDelSqRho_EigVec2 = -2.5461412881E-03  2.2202142329E-03  9.9999429389E-01
HessDelSqRho_EigVec3 =  9.9588589218E-01  9.0586089396E-02  2.3345589846E-03
</CP of DelSqRho>
<CP of DelSqRho>
CP# = 30      
Type = (3,-1)
Coords = -4.77690366541418E-02  5.46920103769808E-01 -3.66442961806839E-02
DistFromNuc =  5.5720118736E-01
Rho =  5.0219979028E+00
DelSqRho = -2.1397528074E+01
GradDelSqRho =  3.6948222260E-13 -1.2789769244E-12  1.9539925233E-14
HessDelSqRho_EigVals = -1.8776410259E+03 -7.2846103719E+02  1.1314601032E+04
HessDelSqRho_EigVec1 =  9.9585838814E-01  9.0906649268E-02 -1.4324387744E-03
HessDelSqRho_EigVec2 =  1.0560664144E-03  4.1881734547E-03  9.9999067192E-01
HessDelSqRho_EigVec3 = -9.0911800586E-02  9.9585061145E-01 -4.0748242068E-03
</CP of DelSqRho>
<CP of DelSqRho>
CP# = 31      
Type = (3,-1)
Coords =  5.29232325208082E-02 -5.62938155737085E-01 -3.49168013849851E-02
DistFromNuc =  5.5722070801E-01
Rho =  5.0206641207E+00
DelSqRho = -2.1351252193E+01
GradDelSqRho = -2.8421709430E-14 -1.4210854715E-13  1.9539925233E-14
HessDelSqRho_EigVals = -1.8785111678E+03 -7.2869431075E+02  1.1310664109E+04
HessDelSqRho_EigVec1 =  9.9588049623E-01  9.0674757120E-02  3.5447125851E-04
HessDelSqRho_EigVec2 = -2.6303752893E-04 -1.0203183315E-03  9.9999944488E-01
HessDelSqRho_EigVec3 = -9.0675068459E-02  9.9588003664E-01  9.9226426224E-04
</CP of DelSqRho>
<CP of DelSqRho>
CP# = 32      
Type = (3,-1)
Coords =  2.72232049136290E-03 -7.06220216853716E-03  5.04190885403839E-01
DistFromNuc =  5.3848364136E-01
Rho =  6.0228540782E+00
DelSqRho = -5.7898835883E+01
GradDelSqRho = -5.6621374256E-15  5.5511151231E-15  5.1159076975E-13
HessDelSqRho_EigVals = -3.5255235139E+02 -3.4408354184E+02  1.5965294292E+04
HessDelSqRho_EigVec1 = -1.1009181243E-01  9.9391998016E-01 -1.6928900374E-03
HessDelSqRho_EigVec2 =  9.9392141384E-01  1.1009143551E-01 -3.1452828979E-04
HessDelSqRho_EigVec3 =  1.2624325717E-04  1.7172266490E-03  9.9999851760E-01
</CP of DelSqRho>
<CP of DelSqRho>
CP# = 33      
Type = (3,-1)
Coords =  2.76689979893921E-03 -8.46989030565739E-03 -5.72660107017312E-01
DistFromNuc =  5.3836838105E-01
Rho =  6.0298754906E+00
DelSqRho = -5.8269984160E+01
GradDelSqRho =  1.5543122345E-15  2.2204460493E-15 -1.7053025658E-13
HessDelSqRho_EigVals = -3.4229151347E+02 -3.3395744212E+02  1.5997797957E+04
HessDelSqRho_EigVec1 = -1.3816299805E-01  9.9040906890E-01 -9.2855479918E-04
HessDelSqRho_EigVec2 =  9.9040947996E-01  1.3816314130E-01  9.1626974337E-05
HessDelSqRho_EigVec3 = -2.1904023427E-04  9.0699001829E-04  9.9999956470E-01
</CP of DelSqRho>
<CP of DelSqRho>
CP# = 34      
Type = (3,+3)
Coords =  3.36546787749013E-01  3.92253818708144E-01 -3.11501553735864E-02
DistFromNuc =  5.2123944978E-01
Rho =  6.6505024300E+00
DelSqRho = -1.0506475837E+02
GradDelSqRho = -3.4106051316E-13 -9.7344354799E-13 -5.3290705182E-14
HessDelSqRho_EigVals =  3.1949305747E+02  2.7555497791E+03  2.1926779625E+04
HessDelSqRho_EigVec1 = -4.2342294363E-03 -4.4944991349E-03  9.9998093521E-01
HessDelSqRho_EigVec2 =  7.6764290024E-01 -6.4087771130E-01  3.6995889899E-04
HessDelSqRho_EigVec3 =  6.4086383032E-01  7.6762983178E-01  6.1637936213E-03
</CP of DelSqRho>
<CP of DelSqRho>
CP# = 35      
Type = (3,+3)
Coords =  4.03093466118101E-01 -3.41566253555302E-01 -3.05016540905953E-02
DistFromNuc =  5.2119145682E-01
Rho =  6.6528681259E+00
DelSqRho = -1.0517551218E+02
GradDelSqRho =  2.7711166695E-13 -6.2527760747E-13 -1.3322676296E-13
HessDelSqRho_EigVals =  3.1980031787E+02  2.7589870517E+03  2.1948811325E+04
HessDelSqRho_EigVec1 = -5.2363228624E-03  5.2695669063E-03  9.9997240591E-01
HessDelSqRho_EigVec2 =  6.4031826772E-01  7.6810938895E-01 -6.9470980187E-04
HessDelSqRho_EigVec3 =  7.6809185450E-01 -6.4029696100E-01  7.3962687073E-03
</CP of DelSqRho>
<CP of DelSqRho>
CP# = 36      
Type = (3,+1)
Coords = -2.81502796940076E-01 -3.28206576870763E-02  4.18871914781240E-01
DistFromNuc =  5.3546071862E-01
Rho =  6.0972519659E+00
DelSqRho = -6.5068313066E+01
GradDelSqRho = -8.2422957348E-13 -6.3948846218E-14  1.7053025658E-12
HessDelSqRho_EigVals = -6.7518466478E+02  5.1071558597E+02  1.6935398596E+04
HessDelSqRho_EigVec1 = -8.9686623310E-02  9.9596869193E-01 -1.6353249057E-03
HessDelSqRho_EigVec2 =  8.4289294510E-01  7.6776666684E-02  5.3257565336E-01
HessDelSqRho_EigVec3 = -5.3055423162E-01 -4.6386508181E-02  8.4638082396E-01
</CP of DelSqRho>
<CP of DelSqRho>
CP# = 37      
Type = (3,+1)
Coords = -2.29272516612205E-02  2.77966746959028E-01  4.17586958574633E-01
DistFromNuc =  5.3536919358E-01
Rho =  6.1006350388E+00
DelSqRho = -6.5297377684E+01
GradDelSqRho = -2.1316282073E-14 -5.6843418861E-14 -6.2527760747E-13
HessDelSqRho_EigVals = -6.6902166093E+02  5.2208742549E+02  1.6963621267E+04
HessDelSqRho_EigVec1 =  9.9594788028E-01  8.9930905311E-02 -5.0203734014E-04
HessDelSqRho_EigVec2 = -7.6181587113E-02  8.4068685363E-01 -5.3613615800E-01
HessDelSqRho_EigVec3 = -4.7793153867E-02  5.3400191610E-01  8.4413136895E-01
</CP of DelSqRho>
<CP of DelSqRho>
CP# = 38      
Type = (3,+1)
Coords =  2.83723671867603E-02 -2.92361125724539E-01  4.18574461218182E-01
DistFromNuc =  5.3536566794E-01
Rho =  6.1005160193E+00
DelSqRho = -6.5296047670E+01
GradDelSqRho = -2.8421709430E-14  1.7053025658E-13 -1.7053025658E-13
HessDelSqRho_EigVals = -6.6943519468E+02  5.2213800943E+02  1.6965558219E+04
HessDelSqRho_EigVec1 =  9.9595394878E-01  8.9864936605E-02 -1.5835503879E-04
HessDelSqRho_EigVec2 = -7.5939147953E-02  8.4255702275E-01  5.3322688345E-01
HessDelSqRho_EigVec3 =  4.8051823227E-02 -5.3105739482E-01  8.4597226059E-01
</CP of DelSqRho>
<CP of DelSqRho>
CP# = 39      
Type = (3,+1)
Coords = -2.29624021420976E-02  2.72855072891710E-01 -4.89480761707370E-01
DistFromNuc =  5.3546892406E-01
Rho =  6.0988336358E+00
DelSqRho = -6.5236454296E+01
GradDelSqRho =  4.2632564146E-14 -7.9580786405E-13  1.1937117961E-12
HessDelSqRho_EigVals = -6.5267826750E+02  5.0932099355E+02  1.6926432046E+04
HessDelSqRho_EigVec1 =  9.9584399557E-01  9.1075419917E-02  6.6204814433E-05
HessDelSqRho_EigVec2 = -7.7466468767E-02  8.4665723212E-01  5.2646982583E-01
HessDelSqRho_EigVec3 =  4.7892407676E-02 -5.2428694355E-01  8.5019381208E-01
</CP of DelSqRho>
<CP of DelSqRho>
CP# = 40      
Type = (3,+1)
Coords =  2.79860813500188E-02 -2.90081981716940E-01 -4.88699078776701E-01
DistFromNuc =  5.3544698630E-01
Rho =  6.0997367038E+00
DelSqRho = -6.5267820426E+01
GradDelSqRho = -5.6843418861E-14 -3.4106051316E-13 -3.9790393203E-13
HessDelSqRho_EigVals = -6.5340921784E+02  5.1025393254E+02  1.6934393200E+04
HessDelSqRho_EigVec1 =  9.9592129559E-01  9.0225452771E-02 -3.7506297903E-04
HessDelSqRho_EigVec2 = -7.6776834981E-02  8.4527541302E-01 -5.2878615125E-01
HessDelSqRho_EigVec3 = -4.7392938401E-02  5.2665818499E-01  8.4875500916E-01
</CP of DelSqRho>
<CP of DelSqRho>
CP# = 41      
Type = (3,+1)
Coords =  2.86785009558590E-01  1.85226623421558E-02  4.18797014731857E-01
DistFromNuc =  5.3546607694E-01
Rho =  6.0968342525E+00
DelSqRho = -6.5057707651E+01
GradDelSqRho = -5.9685589804E-13 -7.1054273576E-14 -6.2527760747E-13
HessDelSqRho_EigVals = -6.7473713897E+02  5.1040670902E+02  1.6933739420E+04
HessDelSqRho_EigVec1 = -9.0043192546E-02  9.9593619206E-01 -1.8234099125E-03
HessDelSqRho_EigVec2 =  8.4288103904E-01  7.5229878985E-02 -5.3281518310E-01
HessDelSqRho_EigVec3 =  5.3051274962E-01  4.9513297765E-02  8.4622967085E-01
</CP of DelSqRho>
<CP of DelSqRho>
CP# = 42      
Type = (3,+1)
Coords =  2.82994977164536E-01  1.72591992966283E-02 -4.89909215238921E-01
DistFromNuc =  5.3555262970E-01
Rho =  6.0959518502E+00
DelSqRho = -6.5016209764E+01
GradDelSqRho =  7.9580786405E-13  1.1368683772E-13  3.4106051316E-13
HessDelSqRho_EigVals = -6.5941652203E+02  4.9809829302E+02  1.6900910447E+04
HessDelSqRho_EigVec1 = -9.0703017683E-02  9.9587783023E-01 -5.5663178476E-04
HessDelSqRho_EigVec2 =  8.4731442370E-01  7.7465762964E-02  5.2541157483E-01
HessDelSqRho_EigVec3 = -5.2328885903E-01 -4.7184773223E-02  8.5084802826E-01
</CP of DelSqRho>
<CP of DelSqRho>
CP# = 43      
Type = (3,+1)
Coords = -2.77809122324812E-01 -3.40648784969396E-02 -4.89781165530343E-01
DistFromNuc =  5.3554546245E-01
Rho =  6.0960026360E+00
DelSqRho = -6.5040030829E+01
GradDelSqRho =  5.6843418861E-14  1.1368683772E-13  3.4106051316E-13
HessDelSqRho_EigVals = -6.5773373033E+02  4.9876810997E+02  1.6903116072E+04
HessDelSqRho_EigVec1 = -9.0537755726E-02  9.9589208820E-01 -1.3650783147E-03
HessDelSqRho_EigVec2 =  8.4719633439E-01  7.6298963397E-02 -5.2577261166E-01
HessDelSqRho_EigVec3 =  5.2350863009E-01  4.8758761627E-02  8.5062406349E-01
</CP of DelSqRho>
<CP of DelSqRho>
CP# = 44      
Type = (3,-3)
Coords =  2.48214117312237E-03 -6.95188905037099E-03  8.19672071839447E-01
DistFromNuc =  8.5396467185E-01
Rho =  1.8443211292E+00
DelSqRho =  1.4195407593E+01
GradDelSqRho =  1.0935349848E-13 -5.3806958888E-13 -2.9345414987E-12
HessDelSqRho_EigVals = -6.3103030511E+02 -1.0208455801E+01 -9.9065882350E+00
HessDelSqRho_EigVec1 = -1.6100272047E-04  1.2394898578E-03  9.9999921887E-01
HessDelSqRho_EigVec2 = -1.0217481691E-01  9.9476567374E-01 -1.2494533630E-03
HessDelSqRho_EigVec3 =  9.9476644539E-01  1.0217493827E-01  3.3515330418E-05
</CP of DelSqRho>
<CP of DelSqRho>
CP# = 45      
Type = (3,-3)
Coords =  3.08768052110718E-03 -9.74704650501310E-03 -8.89054110359901E-01
DistFromNuc =  8.5476407498E-01
Rho =  1.8403459197E+00
DelSqRho =  1.4144434671E+01
GradDelSqRho = -1.6653345369E-16  1.1657341759E-15  3.0553337638E-13
HessDelSqRho_EigVals = -6.2612914182E+02 -1.0419873789E+01 -1.0110372403E+01
HessDelSqRho_EigVec1 = -4.9996132203E-04  1.9816458306E-03  9.9999791156E-01
HessDelSqRho_EigVec2 = -9.7187956833E-02  9.9526399372E-01 -2.0208551834E-03
HessDelSqRho_EigVec3 =  9.9526591978E-01  9.7188764211E-02  3.0500139262E-04
</CP of DelSqRho>
<CP of DelSqRho>
CP# = 46      
Type = (3,-1)
Coords = -3.38365484383029E-02  3.95630789343035E-01  7.25801469843980E-01
DistFromNuc =  8.6138449996E-01
Rho =  1.7873708542E+00
DelSqRho =  1.3795465736E+01
GradDelSqRho = -5.3290705182E-15 -9.2370555649E-14 -1.0658141036E-13
HessDelSqRho_EigVals = -6.0638055269E+02 -1.6899448864E+01  1.4746470878E+01
HessDelSqRho_EigVec1 = -4.1422689683E-02  4.5900039364E-01  8.8746988649E-01
HessDelSqRho_EigVec2 =  9.9588357369E-01  9.0640776449E-02 -3.9660594829E-04
HessDelSqRho_EigVec3 = -8.0623001872E-02  8.8380025361E-01 -4.6086553710E-01
</CP of DelSqRho>
<CP of DelSqRho>
CP# = 47      
Type = (3,+1)
Coords = -6.90437115608260E-01  5.64659383781462E-01 -6.07667147354589E-02
DistFromNuc =  8.9944499490E-01
Rho =  1.5521125370E+00
DelSqRho =  1.1795173999E+01
GradDelSqRho =  3.1974423109E-14  1.7763568394E-15  3.6082248300E-15
HessDelSqRho_EigVals = -4.8933090650E+02  3.1242909543E+00  5.3719493664E+01
HessDelSqRho_EigVec1 =  7.7183173235E-01 -6.3504858636E-01  3.1449481846E-02
HessDelSqRho_EigVec2 = -2.0969602995E-02  2.4011536118E-02  9.9949173177E-01
HessDelSqRho_EigVec3 =  6.3548096171E-01  7.7209891795E-01 -5.2161487796E-03
</CP of DelSqRho>
<CP of DelSqRho>
CP# = 48      
Type = (3,+1)
Coords =  6.95941111577425E-01 -5.80432720798110E-01 -5.86101845930846E-02
DistFromNuc =  8.9940607642E-01
Rho =  1.5524274593E+00
DelSqRho =  1.1811967091E+01
GradDelSqRho = -5.9880989056E-12  4.9205084451E-12  1.1936007738E-12
HessDelSqRho_EigVals = -4.9002104844E+02  3.0658429396E+00  5.3630138032E+01
HessDelSqRho_EigVec1 =  7.7215733178E-01 -6.3477213650E-01 -2.8937686583E-02
HessDelSqRho_EigVec2 =  2.0426633818E-02 -2.0720600323E-02  9.9957661505E-01
HessDelSqRho_EigVec3 =  6.3510298976E-01  7.7242151151E-01  3.0333054681E-03
</CP of DelSqRho>
<CP of DelSqRho>
CP# = 49      
Type = (3,-1)
Coords =  3.91822300034815E-02 -4.08533354367108E-01  7.27379713028269E-01
DistFromNuc =  8.6134375893E-01
Rho =  1.7876503568E+00
DelSqRho =  1.3798783847E+01
GradDelSqRho = -1.9229062787E-13  2.7142732506E-12 -8.5478291112E-12
HessDelSqRho_EigVals = -6.0666609396E+02 -1.6869770902E+01  1.4712395860E+01
HessDelSqRho_EigVec1 =  4.1508018293E-02 -4.5541507921E-01  8.8931107608E-01
HessDelSqRho_EigVec2 =  9.9583173829E-01  9.1209083493E-02  2.2825530848E-04
HessDelSqRho_EigVec3 = -8.1217199099E-02  8.8559472035E-01  4.5730269828E-01
</CP of DelSqRho>
<CP of DelSqRho>
CP# = 50      
Type = (3,-1)
Coords = -3.60895567583510E-02  3.93625952587424E-01 -7.95970330156395E-01
DistFromNuc =  8.6194566282E-01
Rho =  1.7843784708E+00
DelSqRho =  1.3733796247E+01
GradDelSqRho = -1.2434497876E-14 -1.4210854715E-14  1.8474111130E-13
HessDelSqRho_EigVals = -6.0184121741E+02 -1.7159964207E+01  1.5094276892E+01
HessDelSqRho_EigVec1 =  4.3761332223E-02 -4.5743836698E-01  8.8816388477E-01
HessDelSqRho_EigVec2 =  9.9538892961E-01  9.5920542447E-02  3.5825669366E-04
HessDelSqRho_EigVec3 = -8.5357041966E-02  8.8405282079E-01  4.5952669719E-01
</CP of DelSqRho>
<CP of DelSqRho>
CP# = 51      
Type = (3,-1)
Coords =  4.15074632685795E-02 -4.10657068741499E-01 -7.95363914146740E-01
DistFromNuc =  8.6190542078E-01
Rho =  1.7847455280E+00
DelSqRho =  1.3740015816E+01
GradDelSqRho =  9.7699626167E-15  1.7763568394E-14 -1.4210854715E-13
HessDelSqRho_EigVals = -6.0224346535E+02 -1.7119698713E+01  1.5023393896E+01
HessDelSqRho_EigVec1 = -4.3821277043E-02  4.5860986901E-01  8.8755658058E-01
HessDelSqRho_EigVec2 =  9.9543378212E-01  9.5454464764E-02 -1.7483960043E-04
HessDelSqRho_EigVec3 = -8.4801421513E-02  8.8349614215E-01 -4.6069869297E-01
</CP of DelSqRho>
<CP of DelSqRho>
CP# = 52      
Type = (3,+1)
Coords =  5.75716452221668E-01  6.84731566411511E-01 -6.21668552602792E-02
DistFromNuc =  8.9946805820E-01
Rho =  1.5521032722E+00
DelSqRho =  1.1795659211E+01
GradDelSqRho = -3.2684965845E-13 -4.6496140271E-13  9.1288088200E-14
HessDelSqRho_EigVals = -4.8929292179E+02  3.1240936446E+00  5.3704390152E+01
HessDelSqRho_EigVec1 =  6.3552909480E-01  7.7136928997E-01 -3.3048270072E-02
HessDelSqRho_EigVec2 =  2.3755846558E-02  2.3247590861E-02  9.9944745198E-01
HessDelSqRho_EigVec3 =  7.7171136406E-01 -6.3596302409E-01 -3.5500101160E-03
</CP of DelSqRho>
<CP of DelSqRho>
CP# = 53      
Type = (3,-1)
Coords = -3.96657826519728E-01 -4.33015529737514E-02  7.27831627320082E-01
DistFromNuc =  8.6112011214E-01
Rho =  1.7890089392E+00
DelSqRho =  1.3814136735E+01
GradDelSqRho = -1.4210854715E-14  1.4654943925E-14 -4.2632564146E-14
HessDelSqRho_EigVals = -6.0745940947E+02 -1.7124466583E+01  1.4375210929E+01
HessDelSqRho_EigVec1 = -4.5417672333E-01 -4.0059590619E-02  8.9001052420E-01
HessDelSqRho_EigVec2 = -9.0642876600E-02  9.9588243399E-01 -1.4305921587E-03
HessDelSqRho_EigVec3 =  8.8628853818E-01  8.1322855777E-02  4.5593773722E-01
</CP of DelSqRho>
<CP of DelSqRho>
CP# = 54      
Type = (3,-1)
Coords =  4.01975373172752E-01  2.93469314061147E-02  7.27719892651913E-01
DistFromNuc =  8.6111265255E-01
Rho =  1.7890228132E+00
DelSqRho =  1.3813103920E+01
GradDelSqRho = -6.2172489379E-14 -7.9936057773E-15 -1.1013412404E-13
HessDelSqRho_EigVals = -6.0745837041E+02 -1.7094257213E+01  1.4392946030E+01
HessDelSqRho_EigVec1 =  4.5419921377E-01  4.2503516381E-02  8.8988568103E-01
HessDelSqRho_EigVec2 = -9.0883259078E-02  9.9586085625E-01 -1.1782225740E-03
HessDelSqRho_EigVec3 =  8.8625239488E-01  8.0340563132E-02 -4.5618207603E-01
</CP of DelSqRho>
<CP of DelSqRho>
CP# = 55      
Type = (3,+1)
Coords = -5.70720761630467E-01 -7.00534341414186E-01 -5.86165650615158E-02
DistFromNuc =  8.9942533493E-01
Rho =  1.5523382131E+00
DelSqRho =  1.1800805261E+01
GradDelSqRho = -4.2632564146E-14  9.7699626167E-15  2.3314683517E-15
HessDelSqRho_EigVals = -4.8961129386E+02  3.1191748626E+00  5.3693441949E+01
HessDelSqRho_EigVec1 =  6.3591256143E-01  7.7121409972E-01  2.9052136253E-02
HessDelSqRho_EigVec2 = -2.2486595925E-02 -1.9112686517E-02  9.9956443425E-01
HessDelSqRho_EigVec3 =  7.7143344964E-01 -6.3628886334E-01  5.1879823932E-03
</CP of DelSqRho>
<CP of DelSqRho>
CP# = 56      
Type = (3,-1)
Coords = -3.96852221252531E-01 -4.78404218690155E-02 -7.96749539588208E-01
DistFromNuc =  8.6170383851E-01
Rho =  1.7858767100E+00
DelSqRho =  1.3752514211E+01
GradDelSqRho = -4.4408920985E-14  7.1054273576E-15 -1.4210854715E-14
HessDelSqRho_EigVals = -6.0287846943E+02 -1.7365042546E+01  1.4717292480E+01
HessDelSqRho_EigVec1 =  4.5512355692E-01  4.5040698513E-02  8.8928841408E-01
HessDelSqRho_EigVec2 = -9.5177346053E-02  9.9545886720E-01 -1.7077816613E-03
HessDelSqRho_EigVec3 =  8.8532695697E-01  8.3862859464E-02 -4.5734363455E-01
</CP of DelSqRho>
<CP of DelSqRho>
CP# = 57      
Type = (3,-1)
Coords =  4.01878575145377E-01  2.90177880346415E-02 -7.96989376297333E-01
DistFromNuc =  8.6166034027E-01
Rho =  1.7862193584E+00
DelSqRho =  1.3755304248E+01
GradDelSqRho =  4.0856207306E-14  4.8849813084E-15 -3.5527136788E-15
HessDelSqRho_EigVals = -6.0308109900E+02 -1.7376628342E+01  1.4688916641E+01
HessDelSqRho_EigVec1 = -4.5481409440E-01 -4.1901395477E-02  8.8960014197E-01
HessDelSqRho_EigVec2 = -9.5800995953E-02  9.9539830379E-01 -2.0942726331E-03
HessDelSqRho_EigVec3 =  8.8541871943E-01  8.6177084311E-02  4.5673537352E-01
</CP of DelSqRho>
<CP of DelSqRho>
CP# = 58      
Type = (3,-3)
Coords =  8.10145858502547E-01  6.71635165338837E-02 -3.52277341777192E-02
DistFromNuc =  8.1098381306E-01
Rho =  1.8985886672E+00
DelSqRho =  1.9537105012E+01
GradDelSqRho = -6.0396132540E-14 -3.3750779949E-14 -2.8310687128E-15
HessDelSqRho_EigVals = -8.7542712717E+02 -1.2976985199E+02 -5.3751535036E+01
HessDelSqRho_EigVec1 =  9.9585193107E-01  9.0977643685E-02 -1.4141202483E-03
HessDelSqRho_EigVec2 = -9.0973302161E-02  9.9584916827E-01  2.8796438829E-03
HessDelSqRho_EigVec3 =  1.6702336882E-03 -2.7390517329E-03  9.9999485394E-01
</CP of DelSqRho>
<CP of DelSqRho>
CP# = 59      
Type = (3,-3)
Coords = -8.04870616239062E-01 -8.30339765542077E-02 -3.49076094725352E-02
DistFromNuc =  8.1100263035E-01
Rho =  1.8984058835E+00
DelSqRho =  1.9533419385E+01
GradDelSqRho = -1.4388490399E-13  1.0658141036E-14 -9.4368957093E-16
HessDelSqRho_EigVals = -8.7520098382E+02 -1.2978065147E+02 -5.3742306342E+01
HessDelSqRho_EigVec1 =  9.9589151313E-01  9.0548535179E-02  1.0280358714E-03
HessDelSqRho_EigVec2 = -9.0541088961E-02  9.9587570734E-01 -5.8212313204E-03
HessDelSqRho_EigVec3 = -1.5508999196E-03  5.7042353806E-03  9.9998252805E-01
</CP of DelSqRho>
<CP of DelSqRho>
CP# = 60      
Type = (3,-3)
Coords = -7.24973162788632E-02  7.99268001996469E-01 -3.62129565773893E-02
DistFromNuc =  8.1075074806E-01
Rho =  1.8986250585E+00
DelSqRho =  1.9566008818E+01
GradDelSqRho =  2.3092638912E-14  4.9737991503E-14  5.8841820305E-15
HessDelSqRho_EigVals = -8.7632689219E+02 -1.3037295334E+02 -5.4593403946E+01
HessDelSqRho_EigVec1 = -9.0847254659E-02  9.9586120653E-01 -2.6895437856E-03
HessDelSqRho_EigVec2 =  9.9585463683E-01  9.0833768391E-02 -4.7716688357E-03
HessDelSqRho_EigVec3 =  4.5076184866E-03  3.1118876637E-03  9.9998499865E-01
</CP of DelSqRho>
<CP of DelSqRho>
CP# = 61      
Type = (3,-3)
Coords =  7.78029043504461E-02 -8.15146707294033E-01 -3.39226502871137E-02
DistFromNuc =  8.1064761843E-01
Rho =  1.8992481521E+00
DelSqRho =  1.9578454699E+01
GradDelSqRho =  7.8159700934E-14  2.1316282073E-14 -2.2759572005E-15
HessDelSqRho_EigVals = -8.7722848728E+02 -1.3037332513E+02 -5.4587404005E+01
HessDelSqRho_EigVec1 = -9.0615072193E-02  9.9588596785E-01 -2.1845839386E-04
HessDelSqRho_EigVec2 =  9.9587749093E-01  9.0615202882E-02  4.1119424744E-03
HessDelSqRho_EigVec3 = -4.1148214625E-03 -1.5504616702E-04  9.9999152207E-01
</CP of DelSqRho>
<Path of -GradDelSqRho>
Starting CP# =      6
Ending CP# =     12
Number of Points =      5
 -1.5631159226E-01 -1.9813666887E-01 -3.5315089147E-02  3.8533303945E+01  3.6233062491E+03
 -1.4027647103E-01 -1.7895686543E-01 -3.5214954326E-02  5.4822513238E+01  2.9702853720E+03
 -1.2424127556E-01 -1.5977712828E-01 -3.5114012821E-02  7.7368623294E+01  3.2524944796E+02
 -1.0820594993E-01 -1.4059750342E-01 -3.5012414703E-02  1.0671525668E+02 -5.2370520844E+03
 -8.6679989646E-02 -1.1512909387E-01 -3.6496099521E-02  1.5547021369E+02 -1.3094993702E+04
</Path of -GradDelSqRho>
<Path of -GradDelSqRho>
Starting CP# =      6
Ending CP# =     26
