 AIMInt (Version 19.02.13, Professional)
 Portions Copyright (c) 1997-2019 by Todd A. Keith
 AIMInt is a component of the AIMAll package ( http://aim.tkgristmill.com )

 TP:  64-bit Linux

 Licensed To:  Research Group of Fernando Cortes Guzman, UNAM, fercor@unam.mx

 AIMInt is a heavily modified and extended version of the PROAIMV program
 developed by members of R.F.W. Bader's research group

 Much of the Quantum Theory of Atoms in Molecules (QTAIM) is described in the book:
   "Atoms in Molecules - A Quantum Theory"
   R.F.W. Bader, Oxford University Press, Oxford, 1990

 For additional references see:  http://aim.tkgristmill.com/references.html

 Current Directory:  /home/scratch/M_H2O_4_cuadrado_plano/Opt

 Inp File:  Cu2_cuadrado_plano_cc-pvtz-def2-tzv_2_atomicfiles/o2.inp
 Wfx File:  Cu2_cuadrado_plano_cc-pvtz-def2-tzv_2.wfx
 Out File:  Cu2_cuadrado_plano_cc-pvtz-def2-tzv_2_atomicfiles/o2.int

 Wfx Title:   Cu2_cuadrado_plano_cc-pvtz-def2-tzv_2                                         
 Job Title:   Cu2_cuadrado_plano_cc-pvtz-def2-tzv_2                                         
 
<Atom>
O2      
</Atom>
<Nuclei of Molecule>
    13
Cu1       29.0           2.6523255516E-03  -7.9900834696E-03  -3.4291951969E-02
O2         8.0           6.7762951559E-01  -3.5743446680E+00  -3.4864822447E-02
H3         1.0           9.0335359679E-01  -4.4611475015E+00   1.6121694713E+00
O4         8.0          -3.6047345629E+00  -6.8377274418E-01  -3.4588960226E-02
H5         1.0          -4.6516182496E+00   4.8048324337E-01  -1.0858913613E+00
O6         8.0          -6.8453275287E-01   3.6047232833E+00  -3.3695516607E-02
H7         1.0          -8.7268616877E-01   4.4888928156E+00   1.6192508420E+00
O8         8.0           3.6000078876E+00   6.7639795693E-01  -3.4074463389E-02
H9         1.0           4.6517876492E+00  -4.7232363218E-01  -1.0976752022E+00
H10        1.0          -4.4852341743E+00  -8.9053527652E-01   1.6181658368E+00
H11        1.0           4.6215290149E-01   4.6532168870E+00  -1.1023415974E+00
H12        1.0           4.4854621903E+00   8.7940161537E-01   1.6165482691E+00
H13        1.0          -4.7709588525E-01  -4.6303063548E+00  -1.0879695498E+00
</Nuclei of Molecule>
<Total Number of CPs of DelSqRho>
    32
</Total Number of CPs of DelSqRho>
<Number of (3,+3) CPs of DelSqRho>
     4
</Number of (3,+3) CPs of DelSqRho>
<Number of (3,+1) CPs of DelSqRho>
    12
</Number of (3,+1) CPs of DelSqRho>
<Number of (3,-1) CPs of DelSqRho>
    12
</Number of (3,-1) CPs of DelSqRho>
<Number of (3,-3) CPs of DelSqRho>
     4
</Number of (3,-3) CPs of DelSqRho>
<Number of Degenerate CPs of DelSqRho>
     0
</Number of Degenerate CPs of DelSqRho>
<CP of DelSqRho>
CP# = 1       
Type = (3,+3)
Coords =  6.77629154965510E-01 -3.57434479866896E+00 -3.48646266205702E-02
DistFromNuc =  4.3065965049E-07
Rho =  2.9748526858E+02
DelSqRho = -3.3312844777E+06
GradDelSqRho = -1.3517819752E-06  2.4653294531E-05 -1.7873298930E-07
HessDelSqRho_EigVals =  1.3247626318E+11  1.3247628156E+11  1.3247628788E+11
HessDelSqRho_EigVec1 =  8.9007010152E-01 -1.1136981597E-01 -4.4200902533E-01
HessDelSqRho_EigVec2 =  8.3407345778E-02  9.9311364243E-01 -8.2270941967E-02
HessDelSqRho_EigVec3 =  4.4812769280E-01  3.6360106056E-02  8.9322982129E-01
</CP of DelSqRho>
<CP of DelSqRho>
CP# = 2       
Type = (3,-1)
Coords =  8.34048425598619E-01 -1.91555607174118E+00 -1.45932600410381E-01
DistFromNuc =  1.6698450628E+00
Rho =  1.0025265747E-01
DelSqRho =  2.4741265655E-01
GradDelSqRho =  4.0939474033E-16  3.8163916471E-17 -8.5001450323E-17
HessDelSqRho_EigVals = -3.8796639687E-01 -1.3840399366E-01  3.0492462230E+00
HessDelSqRho_EigVec1 =  9.3669712057E-01  1.9531173349E-01 -2.9060597221E-01
HessDelSqRho_EigVec2 =  2.8600791544E-01  5.1986890304E-02  9.5681598834E-01
HessDelSqRho_EigVec3 = -2.0198509011E-01  9.7936238952E-01  7.1647313021E-03
</CP of DelSqRho>
<CP of DelSqRho>
CP# = 3       
Type = (3,+1)
Coords =  8.09260950808720E-01 -4.11607602079282E+00  9.91088468176614E-01
DistFromNuc =  1.1676385776E+00
Rho =  4.0486751807E-01
DelSqRho = -9.2833584614E-01
GradDelSqRho =  4.0370484733E-14 -1.7447154832E-13  3.5271785492E-13
HessDelSqRho_EigVals = -2.9865453553E+01  1.4169884127E+01  1.4850204521E+01
HessDelSqRho_EigVec1 =  1.2466611990E-01 -4.7725292348E-01  8.6987815559E-01
HessDelSqRho_EigVec2 = -9.4062537304E-01  2.2212988873E-01  2.5667532043E-01
HessDelSqRho_EigVec3 =  3.1572498498E-01  8.5022818088E-01  4.2122413784E-01
</CP of DelSqRho>
<CP of DelSqRho>
CP# = 4       
Type = (3,+1)
Coords = -4.82135217243550E-02 -4.22267928918928E+00 -6.83075699799814E-01
DistFromNuc =  1.1693430794E+00
Rho =  4.0448194526E-01
DelSqRho = -9.2865165635E-01
GradDelSqRho = -1.3192225090E-12 -1.1363687769E-12 -1.1513290321E-12
HessDelSqRho_EigVals = -2.9798898134E+01  1.4182437370E+01  1.4815064628E+01
HessDelSqRho_EigVec1 =  6.0447617674E-01  5.6633032613E-01  5.6024861755E-01
HessDelSqRho_EigVec2 = -7.6866838275E-01  2.2997845042E-01  5.9687421598E-01
HessDelSqRho_EigVec3 =  2.0918286048E-01 -7.9144164286E-01  5.7433671033E-01
</CP of DelSqRho>
<CP of DelSqRho>
CP# = 5       
Type = (3,+1)
Coords =  5.27587282112652E-01 -3.59507360037072E+00  4.10525288907838E-02
DistFromNuc =  1.6942787462E-01
Rho =  2.2326144741E+01
DelSqRho =  1.2118261644E+03
GradDelSqRho = -3.2116531656E-12  4.2064129957E-12 -1.0871303857E-11
HessDelSqRho_EigVals = -3.8906865302E+05  3.6970896754E+03  3.7764579607E+03
HessDelSqRho_EigVec1 =  8.8579976755E-01  1.2114678098E-01 -4.4797570165E-01
HessDelSqRho_EigVec2 =  4.4925247559E-01  1.8107845910E-02  8.9322131585E-01
HessDelSqRho_EigVec3 = -1.1632276210E-01  9.9246942692E-01  3.8385565570E-02
</CP of DelSqRho>
<CP of DelSqRho>
CP# = 6       
Type = (3,-3)
Coords =  7.03255665981146E-01 -3.41572405769589E+00 -8.10220012263085E-02
DistFromNuc =  1.6717560453E-01
Rho =  2.2684173675E+01
DelSqRho =  1.2915636305E+03
GradDelSqRho = -1.1361578345E-11  1.1866063687E-11 -4.3911541070E-12
HessDelSqRho_EigVals = -4.4637126580E+05 -2.8941464407E+03 -1.6316697280E+02
HessDelSqRho_EigVec1 =  1.5798827622E-01  9.4752167309E-01 -2.7792514027E-01
HessDelSqRho_EigVec2 =  8.9069315168E-01 -2.5825132513E-01 -3.7412827027E-01
HessDelSqRho_EigVec3 =  4.2626918036E-01  1.8843813861E-01  8.8475174698E-01
</CP of DelSqRho>
<CP of DelSqRho>
CP# = 7       
Type = (3,+1)
Coords =  8.28466780934020E-01 -3.58431880148300E+00 -1.05679930655555E-01
DistFromNuc =  1.6693155336E-01
Rho =  2.2879849425E+01
DelSqRho =  1.2669980245E+03
GradDelSqRho = -5.8548721427E-12 -1.4210854715E-13  1.5347723092E-12
HessDelSqRho_EigVals = -4.4762288241E+05  1.9216245013E+03  1.9586295742E+03
HessDelSqRho_EigVec1 =  9.0355607616E-01 -5.7520051838E-02 -4.2459140460E-01
HessDelSqRho_EigVec2 = -1.3043564561E-01  9.0698921471E-01 -4.0044613466E-01
HessDelSqRho_EigVec3 =  4.0813350706E-01  4.1720739213E-01  8.1201295086E-01
</CP of DelSqRho>
<CP of DelSqRho>
CP# = 8       
Type = (3,-1)
Coords =  7.62415747851926E-01 -3.71865112857326E+00 -2.44722766600450E-02
DistFromNuc =  1.6769336526E-01
Rho =  2.2570868088E+01
DelSqRho =  1.2793401785E+03
GradDelSqRho = -5.2295945352E-12  2.7853275242E-12  1.4779288904E-12
HessDelSqRho_EigVals = -4.3329390914E+05 -2.2930823948E+03  1.5175289899E+02
HessDelSqRho_EigVec1 = -5.1053522324E-01  8.5782342355E-01 -5.9099575678E-02
HessDelSqRho_EigVec2 =  7.5266119592E-01  4.1259833065E-01 -5.1309233253E-01
HessDelSqRho_EigVec3 =  4.1575823502E-01  3.0643366584E-01  8.5629638470E-01
</CP of DelSqRho>
<CP of DelSqRho>
CP# = 9       
Type = (3,-1)
Coords =  9.04256782152784E-01 -3.19282337915680E+00  5.19449427159127E-01
DistFromNuc =  7.1005823642E-01
Rho =  6.8104312152E-01
DelSqRho = -1.1959586733E+00
GradDelSqRho =  4.5741188615E-14  1.3999912341E-13  2.2337687255E-13
HessDelSqRho_EigVals = -1.4633151726E+01 -9.9371311621E+00  1.5161026826E+02
HessDelSqRho_EigVec1 =  2.7330979604E-01  7.2801314858E-01 -6.2872777168E-01
HessDelSqRho_EigVec2 = -8.9994803113E-01  4.2434109716E-01  1.0014077350E-01
HessDelSqRho_EigVec3 =  3.3969883227E-01  5.3845286586E-01  7.7115057842E-01
</CP of DelSqRho>
<CP of DelSqRho>
CP# = 10      
Type = (3,-1)
Coords =  6.94337661368331E-01 -4.29566151312464E+00  3.19840442467633E-03
DistFromNuc =  7.2251364169E-01
Rho =  6.4974230375E-01
DelSqRho = -8.4029270472E-01
GradDelSqRho = -3.9968028887E-15  8.1712414612E-14 -7.3274719625E-15
HessDelSqRho_EigVals = -1.6494968022E+01 -1.0669635795E+01  1.3625573705E+02
HessDelSqRho_EigVec1 =  4.8781094982E-01  5.7662212544E-02  8.7104279256E-01
HessDelSqRho_EigVec2 =  8.7200846664E-01  1.4126368538E-02 -4.8928690951E-01
HessDelSqRho_EigVec3 = -4.0518037271E-02  9.9823620199E-01 -4.3390940289E-02
</CP of DelSqRho>
<CP of DelSqRho>
CP# = 11      
Type = (3,-1)
Coords =  3.56148346214610E-01 -3.27218540991870E+00 -5.89861616406722E-01
DistFromNuc =  7.0899351253E-01
Rho =  6.8581972828E-01
DelSqRho = -1.2310580790E+00
GradDelSqRho =  1.9984014443E-15 -2.4424906542E-15  0.0000000000E+00
HessDelSqRho_EigVals = -1.5069319888E+01 -9.6237165691E+00  1.5317228302E+02
HessDelSqRho_EigVec1 =  6.4660044362E-01  7.6087594897E-01  5.4549579178E-02
HessDelSqRho_EigVec2 =  6.2674042967E-01 -4.8912204814E-01 -6.0659381454E-01
HessDelSqRho_EigVec3 =  4.3486124239E-01 -4.2641225627E-01  7.9313825250E-01
</CP of DelSqRho>
<CP of DelSqRho>
CP# = 12      
Type = (3,+1)
Coords =  1.67394684771370E-01 -3.61700196444811E+00  3.97212021785442E-01
DistFromNuc =  6.6996240703E-01
Rho =  8.2069498600E-01
DelSqRho = -2.6604802767E+00
GradDelSqRho = -1.4210854715E-14 -8.8817841970E-16 -3.9079850467E-14
HessDelSqRho_EigVals = -3.1545691606E+00  6.6022764380E+00  2.1253100274E+02
HessDelSqRho_EigVec1 =  5.8818866958E-01 -4.0563494643E-01  6.9963874907E-01
HessDelSqRho_EigVec2 =  2.1269684681E-01  9.1224951013E-01  3.5008696438E-01
HessDelSqRho_EigVec3 =  7.8025261315E-01  5.7106229981E-02 -6.2285209975E-01
</CP of DelSqRho>
<CP of DelSqRho>
CP# = 13      
Type = (3,+1)
Coords =  6.57650925193280E-01 -3.90838086648389E+00 -6.34651514122866E-01
DistFromNuc =  6.8682122964E-01
Rho =  7.8141155902E-01
DelSqRho = -2.5374522326E+00
GradDelSqRho =  1.2327916465E-12 -2.0308199566E-12 -4.4675374511E-12
HessDelSqRho_EigVals = -1.7492381919E+01  1.3303818604E+01  2.0132303616E+02
HessDelSqRho_EigVec1 =  9.5371613079E-01  2.8591588580E-01 -9.3153894835E-02
HessDelSqRho_EigVec2 = -2.9645320338E-01  8.4203928306E-01 -4.5064991289E-01
HessDelSqRho_EigVec3 = -5.0408730207E-02  4.5740786179E-01  8.8782712725E-01
</CP of DelSqRho>
<CP of DelSqRho>
CP# = 14      
Type = (3,+3)
Coords =  1.22326877908389E+00 -3.48744520137056E+00 -3.11226238574477E-01
DistFromNuc =  6.1777775575E-01
Rho =  1.0502150624E+00
DelSqRho = -5.6258121261E+00
GradDelSqRho =  0.0000000000E+00 -1.7763568394E-14 -3.5527136788E-15
HessDelSqRho_EigVals =  2.3270178933E+01  2.8606015913E+01  4.7238266487E+02
HessDelSqRho_EigVec1 = -1.6775291431E-01  9.8511784005E-01 -3.7440632316E-02
HessDelSqRho_EigVec2 =  4.3558273684E-01  1.0813765404E-01  8.9362963645E-01
HessDelSqRho_EigVec3 =  8.8437923942E-01  1.3360048274E-01 -4.4724073149E-01
</CP of DelSqRho>
<CP of DelSqRho>
CP# = 15      
Type = (3,+1)
Coords =  1.15850441643530E+00 -3.84487008616411E+00  3.74033212090345E-01
DistFromNuc =  6.8674760632E-01
Rho =  7.8517268672E-01
DelSqRho = -2.6110142835E+00
GradDelSqRho =  1.5099033135E-14  1.3100631691E-14  1.2434497876E-14
HessDelSqRho_EigVals = -1.6697119404E+01  1.4068122612E+01  2.0195239255E+02
HessDelSqRho_EigVec1 = -6.3436486222E-01 -2.4409560798E-01  7.3348384832E-01
HessDelSqRho_EigVec2 =  1.3843528433E-01  8.9762806633E-01  4.1844895339E-01
HessDelSqRho_EigVec3 =  7.6053724014E-01 -3.6698935776E-01  5.3563225972E-01
</CP of DelSqRho>
<CP of DelSqRho>
CP# = 16      
Type = (3,+1)
Coords =  2.96389421345811E-01 -3.01542835229160E+00  1.12474346405062E-01
DistFromNuc =  6.9241626794E-01
Rho =  7.4567341364E-01
DelSqRho = -2.5104235738E+00
GradDelSqRho = -8.8817841970E-16 -7.1054273576E-15  4.4408920985E-15
HessDelSqRho_EigVals = -1.3655292785E+00  1.0452782621E+01  1.8360879447E+02
HessDelSqRho_EigVec1 = -6.8624535655E-01 -6.1594691312E-01  3.8688074497E-01
HessDelSqRho_EigVec2 =  4.4308804551E-01  6.7813142445E-02  8.9390959366E-01
HessDelSqRho_EigVec3 = -5.7683645389E-01  7.8486354096E-01  2.2638225975E-01
</CP of DelSqRho>
<CP of DelSqRho>
CP# = 17      
Type = (3,+3)
Coords =  1.85821551851201E-01 -3.93154005903732E+00 -3.96226531725080E-01
DistFromNuc =  7.0713924053E-01
Rho =  7.9149440889E-01
DelSqRho = -3.4729764700E+00
GradDelSqRho =  3.7303493627E-14  7.9936057773E-15  1.1546319456E-14
HessDelSqRho_EigVals =  1.3271747167E+01  2.5032224450E+01  1.6127579493E+02
HessDelSqRho_EigVec1 = -6.5209324401E-01  2.8850198047E-01  7.0109985621E-01
HessDelSqRho_EigVec2 =  1.9345225911E-01 -8.3083285102E-01  5.2181701496E-01
HessDelSqRho_EigVec3 =  7.3304203465E-01  4.7590270111E-01  4.8596912917E-01
</CP of DelSqRho>
<CP of DelSqRho>
CP# = 18      
Type = (3,+3)
Coords =  7.13641935401871E-01 -3.87222832201371E+00  6.08368398780972E-01
DistFromNuc =  7.0977499435E-01
Rho =  7.8438439711E-01
DelSqRho = -3.4072674720E+00
GradDelSqRho =  0.0000000000E+00 -1.2878587086E-14  1.5987211555E-14
HessDelSqRho_EigVals =  1.2945264993E+01  2.4677760988E+01  1.5767345676E+02
HessDelSqRho_EigVec1 =  9.6831275821E-01 -2.2245939057E-01 -1.1349987588E-01
HessDelSqRho_EigVec2 =  2.4915151155E-01  8.9169968106E-01  3.7788252552E-01
HessDelSqRho_EigVec3 =  1.7144286792E-02 -3.9418713620E-01  9.1887027108E-01
</CP of DelSqRho>
<CP of DelSqRho>
CP# = 19      
Type = (3,-3)
Coords =  3.52840874273110E-01 -3.24033063244776E+00 -1.08531313780825E+00
DistFromNuc =  1.1491278000E+00
Rho =  2.4329524763E-01
DelSqRho =  8.3001784005E-01
GradDelSqRho =  8.3544282603E-14 -1.9556578579E-13  5.6499249723E-13
HessDelSqRho_EigVals = -1.7930710212E+01 -1.6007034338E+00 -3.9943768881E-01
HessDelSqRho_EigVec1 =  2.7349941106E-01 -3.3408307473E-01  9.0199033882E-01
HessDelSqRho_EigVec2 =  5.1520086970E-01  8.4276577042E-01  1.5592921494E-01
HessDelSqRho_EigVec3 = -8.1225989438E-01  4.2205965857E-01  4.0261583252E-01
</CP of DelSqRho>
<CP of DelSqRho>
CP# = 20      
Type = (3,-3)
Coords =  1.30238842146886E+00 -3.09929791890870E+00  8.02713610377146E-01
DistFromNuc =  1.1478374168E+00
Rho =  2.4273547623E-01
DelSqRho =  8.3388879106E-01
GradDelSqRho = -4.5941028759E-13 -2.6506574713E-13 -3.8757885790E-13
HessDelSqRho_EigVals = -1.8055197505E+01 -1.5040492118E+00 -4.4575257270E-01
HessDelSqRho_EigVec1 =  5.3336499539E-01  4.5464626833E-01  7.1331518446E-01
HessDelSqRho_EigVec2 =  1.1672045336E-01  7.9565302972E-01 -5.9440103640E-01
HessDelSqRho_EigVec3 = -8.3779360075E-01  4.0029117776E-01  3.7130695597E-01
</CP of DelSqRho>
<CP of DelSqRho>
CP# = 21      
Type = (3,-3)
Coords =  7.28300488879020E-01 -4.71105629047898E+00  1.17163064644290E-02
DistFromNuc =  1.1387935115E+00
Rho =  2.4248668834E-01
DelSqRho =  9.0488380196E-01
GradDelSqRho =  1.1657341759E-15 -5.2735593670E-16 -3.8857805862E-16
HessDelSqRho_EigVals = -1.8223438707E+01 -2.0743582222E+00 -5.5048259585E-01
HessDelSqRho_EigVec1 = -6.7544204302E-02  9.9730102920E-01 -2.8782592495E-02
HessDelSqRho_EigVec2 =  4.6273559990E-01  5.6871705007E-02  8.8467020621E-01
HessDelSqRho_EigVec3 =  8.8391942226E-01  4.6435614943E-02 -4.6532804409E-01
</CP of DelSqRho>
<CP of DelSqRho>
CP# = 22      
Type = (3,-1)
Coords = -4.65978272589453E-01 -3.30995201079103E+00 -2.22127865271130E-01
DistFromNuc =  1.1886167160E+00
Rho =  2.3944494384E-01
DelSqRho =  7.0761745932E-01
GradDelSqRho = -1.2212453271E-15  1.0824674490E-15 -1.4432899320E-15
HessDelSqRho_EigVals = -1.6404592586E+01 -1.5716967047E+00  2.7417869295E-01
HessDelSqRho_EigVec1 =  9.5315730002E-01 -2.6680976582E-01  1.4249108843E-01
HessDelSqRho_EigVec2 =  1.6908306480E-01  8.6059647754E-01  4.8040047882E-01
HessDelSqRho_EigVec3 = -2.5080286804E-01 -4.3380439338E-01  8.6539682786E-01
</CP of DelSqRho>
<CP of DelSqRho>
CP# = 23      
Type = (3,+1)
Coords =  3.65348816000224E-01 -2.38153104875444E+00  1.91421606074657E-02
DistFromNuc =  1.2341962242E+00
Rho =  2.3459440696E-01
DelSqRho =  3.4664214388E-01
GradDelSqRho = -1.6254775304E-12  2.7952640202E-13  2.1762452951E-13
HessDelSqRho_EigVals = -9.8680660382E+00  9.1499226530E-01  1.1675854085E+00
HessDelSqRho_EigVec1 = -2.6479693360E-01  9.6316098102E-01  4.6941544457E-02
HessDelSqRho_EigVec2 =  7.6994656269E-01  2.4048386347E-01 -5.9105820527E-01
HessDelSqRho_EigVec3 =  5.8057288479E-01  1.2036791953E-01  8.0526187628E-01
</CP of DelSqRho>
<CP of DelSqRho>
CP# = 24      
Type = (3,-1)
Coords =  1.45925380513370E-01 -3.23321546902535E+00  9.70999692455292E-01
DistFromNuc =  1.1877886344E+00
Rho =  2.3925508784E-01
DelSqRho =  6.9677048788E-01
GradDelSqRho = -3.7747582837E-15  6.3837823916E-16  4.2188474936E-15
HessDelSqRho_EigVals = -1.6284304408E+01 -1.5231989841E+00  3.3368582004E-01
HessDelSqRho_EigVec1 = -4.5492908545E-01  3.2980436141E-01  8.2720530125E-01
HessDelSqRho_EigVec2 =  3.3724640173E-01 -7.9590275348E-01  5.0279585472E-01
HessDelSqRho_EigVec3 =  8.2419924274E-01  5.0770846969E-01  2.5085397758E-01
</CP of DelSqRho>
<CP of DelSqRho>
CP# = 25      
Type = (3,-1)
Coords =  1.04347505361476E+00 -4.07162164139196E+00 -1.04354147043653E+00
DistFromNuc =  1.1826055666E+00
Rho =  2.3988594484E-01
DelSqRho =  7.5809463450E-01
GradDelSqRho =  6.6613381478E-16 -1.6098233857E-15  2.2204460493E-16
HessDelSqRho_EigVals = -1.7969661189E+01 -9.5733509617E-01  2.1589144209E-01
HessDelSqRho_EigVec1 = -3.2100641064E-01  4.1899535163E-01  8.4935138761E-01
HessDelSqRho_EigVec2 = -8.9691629115E-01 -4.2248506288E-01 -1.3056622195E-01
HessDelSqRho_EigVec3 = -3.0413163433E-01  8.0370969072E-01 -5.1142417038E-01
</CP of DelSqRho>
<CP of DelSqRho>
CP# = 26      
Type = (3,-1)
Coords =  1.73748599358675E+00 -3.98499518745604E+00  3.00855008652311E-01
DistFromNuc =  1.1851739991E+00
Rho =  2.4014400686E-01
DelSqRho =  7.5029100936E-01
GradDelSqRho = -2.8516078387E-12  1.4281076322E-12 -5.7204241344E-13
HessDelSqRho_EigVals = -1.7882401531E+01 -8.9595014835E-01  2.3368336295E-01
HessDelSqRho_EigVec1 =  8.9798191999E-01 -3.4679871251E-01  2.7084889581E-01
HessDelSqRho_EigVec2 = -3.9450503349E-01 -3.6183820099E-01  8.4465312102E-01
HessDelSqRho_EigVec3 =  1.9492113769E-01  8.6533448406E-01  4.6173800015E-01
</CP of DelSqRho>
<CP of DelSqRho>
CP# = 27      
Type = (3,-1)
Coords = -1.74081080574003E-01 -4.19230728132028E+00 -1.74161863420962E+00
DistFromNuc =  2.0050679053E+00
Rho =  7.1982616413E-02
DelSqRho =  1.9610122540E-01
GradDelSqRho = -6.5919492087E-17  3.6429192996E-17  6.9388939039E-16
HessDelSqRho_EigVals = -2.2575749161E+00 -2.0833281460E-02  4.6443309061E-01
HessDelSqRho_EigVec1 =  5.6201374932E-02 -1.0739750650E-01  9.9262640558E-01
HessDelSqRho_EigVec2 =  7.5718085665E-01 -6.4344655093E-01 -1.1248860571E-01
HessDelSqRho_EigVec3 =  6.5078303280E-01  7.5791972642E-01  4.5156755114E-02
</CP of DelSqRho>
<CP of DelSqRho>
CP# = 28      
Type = (3,+1)
Coords =  1.64775814085216E+00 -4.72728418921049E+00  1.26163943468122E+00
DistFromNuc =  1.9877983746E+00
Rho =  7.1448787490E-02
DelSqRho =  1.9169069510E-01
GradDelSqRho = -1.1601830607E-14  8.9338259013E-15 -6.2935767708E-15
HessDelSqRho_EigVals = -1.9512815892E+00  1.3284299648E-02  5.7409354728E-01
HessDelSqRho_EigVec1 =  7.9998339072E-01 -5.6388745270E-01  2.0507929019E-01
HessDelSqRho_EigVec2 =  4.6937435234E-01  8.0102519320E-01  3.7154590192E-01
HessDelSqRho_EigVec3 = -3.7378375023E-01 -2.0097159141E-01  9.0548115801E-01
</CP of DelSqRho>
<CP of DelSqRho>
CP# = 29      
Type = (3,-1)
Coords =  1.63160987730268E+00 -4.02880314613368E+00  1.66912629033533E+00
DistFromNuc =  2.0050428303E+00
Rho =  7.1912126845E-02
DelSqRho =  1.9381144157E-01
GradDelSqRho = -2.6819380050E-12 -3.4663851650E-13 -2.6862123637E-12
HessDelSqRho_EigVals = -2.1661167982E+00 -1.8861376469E-02  4.9186336374E-01
HessDelSqRho_EigVec1 =  7.9894122697E-01  1.4352105487E-01  5.8403306640E-01
HessDelSqRho_EigVec2 = -4.9233948424E-01  7.1379239268E-01  4.9809863723E-01
HessDelSqRho_EigVec3 =  3.4539071803E-01  6.8549407508E-01 -6.4093925214E-01
</CP of DelSqRho>
<CP of DelSqRho>
CP# = 30      
Type = (3,-1)
Coords =  1.04444726568072E+00 -5.14843262829252E+00  1.13888116591976E+00
DistFromNuc =  1.9974953852E+00
Rho =  7.1552470059E-02
DelSqRho =  1.9346215595E-01
GradDelSqRho = -5.8980598183E-16  6.6960326173E-15 -1.8179902028E-15
HessDelSqRho_EigVals = -2.1918810539E+00 -1.8608291108E-02  5.3426282778E-01
HessDelSqRho_EigVec1 = -2.1890811921E-01  9.7505434866E-01 -3.6718558031E-02
HessDelSqRho_EigVec2 =  9.7442006719E-01  2.1649516551E-01 -6.0294078989E-02
HessDelSqRho_EigVec3 =  5.0840613618E-02  4.8978163215E-02  9.9750507344E-01
</CP of DelSqRho>
<CP of DelSqRho>
CP# = 31      
Type = (3,+1)
Coords =  1.12343445364173E-01 -4.10978105207620E+00  1.83821656631132E+00
DistFromNuc =  2.0284660094E+00
Rho =  6.9964432815E-02
DelSqRho =  1.7363513591E-01
GradDelSqRho =  3.5735303605E-16 -4.5970172113E-16 -4.1633363423E-17
HessDelSqRho_EigVals = -1.6162234018E+00  3.0583538445E-02  5.7485673296E-01
HessDelSqRho_EigVec1 = -6.0715313714E-01 -1.1916229750E-02  7.9449548238E-01
HessDelSqRho_EigVec2 =  4.6304986752E-01  8.0724887775E-01  3.6597003917E-01
HessDelSqRho_EigVec3 = -6.4571656960E-01  5.9009088524E-01 -4.8460587997E-01
</CP of DelSqRho>
<CP of DelSqRho>
CP# = 32      
Type = (3,+1)
Coords = -1.10400929496193E+00 -4.43871213831798E+00 -4.88085223805660E-01
DistFromNuc =  2.0314469491E+00
Rho =  6.9849823446E-02
DelSqRho =  1.7531631566E-01
GradDelSqRho =  1.7166129629E-13  3.5159375411E-14  4.7968573558E-14
HessDelSqRho_EigVals = -1.6698769495E+00  2.6605642152E-02  5.7660747273E-01
HessDelSqRho_EigVec1 =  9.6541730917E-01  2.1197600517E-01 -1.5177480816E-01
HessDelSqRho_EigVec2 = -2.6032276573E-01  8.1548676295E-01 -5.1692687790E-01
HessDelSqRho_EigVec3 =  1.4194252459E-02  5.3856059332E-01  8.4246721629E-01
</CP of DelSqRho>
<Path of -GradDelSqRho>
Starting CP# =      3
Ending CP# =      0
Number of Points =     30
  8.0926095081E-01 -4.1160760208E+00  9.9108846818E-01  4.0486751807E-01 -9.2833584614E-01
  8.1238015898E-01 -4.1280125321E+00  1.0128322080E+00  3.9414599153E-01 -9.3758648200E-01
  8.1550578113E-01 -4.1399603432E+00  1.0345688194E+00  3.8443271180E-01 -9.6508105500E-01
  8.1863935427E-01 -4.1519199861E+00  1.0562977779E+00  3.7569462146E-01 -1.0105967837E+00
  8.2178212921E-01 -4.1638915702E+00  1.0780188303E+00  3.6789514281E-01 -1.0741079203E+00
  8.2493500688E-01 -4.1758748158E+00  1.0997319867E+00  3.6099430211E-01 -1.1557164621E+00
  8.2809847971E-01 -4.1878691081E+00  1.1214375014E+00  3.5494872579E-01 -1.2555140466E+00
  8.3127257397E-01 -4.1998735653E+00  1.1431358449E+00  3.4971160114E-01 -1.3733485395E+00
  8.3445678467E-01 -4.2118871134E+00  1.1648276740E+00  3.4523276340E-01 -1.5084670354E+00
  8.3764998834E-01 -4.2239085608E+00  1.1865138041E+00  3.4145916940E-01 -1.6590253127E+00
  8.4085030866E-01 -4.2359366638E+00  1.2081951943E+00  3.3833613954E-01 -1.8215134224E+00
  8.4405489662E-01 -4.2479701790E+00  1.2298729508E+00  3.3580986768E-01 -1.9902709084E+00
  8.4725959308E-01 -4.2600079036E+00  1.2515483540E+00  3.3383174241E-01 -2.1574603862E+00
  8.5045861172E-01 -4.2720487368E+00  1.2732228692E+00  3.3236487811E-01 -2.3140969014E+00
  8.5364541897E-01 -4.2840919120E+00  1.2948978818E+00  3.3139276772E-01 -2.4528788716E+00
  8.5682006881E-01 -4.2961378358E+00  1.3165731514E+00  3.3092901872E-01 -2.5734425922E+00
  8.6001028653E-01 -4.3081894958E+00  1.3382429422E+00  3.3102574968E-01 -2.6900608276E+00
  8.6326786345E-01 -4.3202501484E+00  1.3598976928E+00  3.3177667655E-01 -2.8406506745E+00
  8.6660372580E-01 -4.3323180028E+00  1.3815365127E+00  3.3330959292E-01 -3.0944425690E+00
  8.6999006982E-01 -4.3443893215E+00  1.4031655632E+00  3.3576296876E-01 -3.5542940244E+00
  8.7340328787E-01 -4.3564619837E+00  1.4247896409E+00  3.3924357343E-01 -4.3490689226E+00
  8.7683101661E-01 -4.3685351245E+00  1.4464111566E+00  3.4376635856E-01 -5.6122501673E+00
  8.8026724485E-01 -4.3806084045E+00  1.4680312454E+00  3.4918456330E-01 -7.4454296942E+00
  8.8370896000E-01 -4.3926816816E+00  1.4896504632E+00  3.5512594263E-01 -9.8701141557E+00
  8.8715458082E-01 -4.4047548817E+00  1.5112691018E+00  3.6095786349E-01 -1.2778794654E+01
  8.9060324815E-01 -4.4168279388E+00  1.5328873345E+00  3.6580604514E-01 -1.5904917587E+01
  8.9405449457E-01 -4.4289007450E+00  1.5545052957E+00  3.6864441487E-01 -1.8835753635E+01
  8.9750809578E-01 -4.4409730560E+00  1.5761231574E+00  3.6845433107E-01 -2.1084105988E+01
  9.0096407724E-01 -4.4530440427E+00  1.5977413782E+00  3.6442374539E-01 -2.2210759460E+01
  9.0200150559E-01 -4.4566641770E+00  1.6042273916E+00  3.6239013870E-01 -2.2284895146E+01
</Path of -GradDelSqRho>
<Path of -GradDelSqRho>
Starting CP# =      3
Ending CP# =     18
Number of Points =     20
  8.0926095081E-01 -4.1160760208E+00  9.9108846818E-01  4.0486751807E-01 -9.2833584614E-01
  8.0614627482E-01 -4.1041495156E+00  9.6933858877E-01  4.1662653071E-01 -9.3776769177E-01
  8.0303442169E-01 -4.0922320014E+00  9.4758337744E-01  4.2944796623E-01 -9.6651475933E-01
  7.9992337980E-01 -4.0803216707E+00  9.2582411651E-01  4.4335179943E-01 -1.0153468652E+00
  7.9681106862E-01 -4.0684163031E+00  9.0406232112E-01  4.5835224160E-01 -1.0850800755E+00
  7.9369534475E-01 -4.0565132576E+00  8.8229974383E-01  4.7445685106E-01 -1.1764532245E+00
  7.9057397007E-01 -4.0446094324E+00  8.6053840282E-01  4.9166563068E-01 -1.2899735597E+00
  7.8744452991E-01 -4.0327011734E+00  8.3878064652E-01  5.0997020860E-01 -1.4257350792E+00
  7.8430428275E-01 -4.0207841056E+00  8.1702927153E-01  5.2935321864E-01 -1.5832155951E+00
  7.8114990922E-01 -4.0088528509E+00  7.9528772077E-01  5.4978801518E-01 -1.7610612881E+00
  7.7797709906E-01 -3.9969005650E+00  7.7356041019E-01  5.7123887114E-01 -1.9568700203E+00
  7.7477985681E-01 -3.9849181721E+00  7.5185327581E-01  5.9366181466E-01 -2.1669861779E+00
  7.7154928105E-01 -3.9728930478E+00  7.3017473041E-01  6.1700625557E-01 -2.3863190729E+00
  7.6827127365E-01 -3.9608066121E+00  7.0853745204E-01  6.4121752359E-01 -2.6081916670E+00
  7.6492183970E-01 -3.9486295176E+00  6.8696206086E-01  6.6624034200E-01 -2.8242125892E+00
  7.6145615076E-01 -3.9363107496E+00  6.6548577015E-01  6.9202288015E-01 -3.0241357667E+00
  7.5777781117E-01 -3.9237479153E+00  6.4418732140E-01  7.1851907931E-01 -3.1956227730E+00
  7.5361997468E-01 -3.9106775545E+00  6.2328878600E-01  7.4567123390E-01 -3.3237817071E+00
  7.4759698804E-01 -3.8959169537E+00  6.0413252510E-01  7.7297319946E-01 -3.3910115432E+00
  7.1364193540E-01 -3.8722283220E+00  6.0836839878E-01  7.8438439711E-01 -3.4072674720E+00
</Path of -GradDelSqRho>
<Path of -GradDelSqRho>
Starting CP# =      4
Ending CP# =     17
Number of Points =     21
 -4.8213521724E-02 -4.2226792892E+00 -6.8307569980E-01  4.0448194526E-01 -9.2865165635E-01
 -3.3098776927E-02 -4.2085235737E+00 -6.6906997935E-01  4.1627239780E-01 -9.3806596382E-01
 -1.7979661983E-02 -4.1943722832E+00 -6.5506450408E-01  4.2912781598E-01 -9.6677543192E-01
 -2.8587038801E-03 -4.1802238754E+00 -6.4105810621E-01  4.4306882119E-01 -1.0155773825E+00
  1.2261281925E-02 -4.1660764454E+00 -6.2704967118E-01  4.5811034241E-01 -1.0853230298E+00
  2.7377175004E-02 -4.1519277003E+00 -6.1303814784E-01  4.7426071836E-01 -1.1767952443E+00
  4.2485484999E-02 -4.1377749050E+00 -5.9902253717E-01  4.9152078227E-01 -1.2905553557E+00
  5.7582217470E-02 -4.1236147801E+00 -5.8500185582E-01  5.0988302477E-01 -1.4267624728E+00
  7.2662641059E-02 -4.1094433305E+00 -5.7097506751E-01  5.2933095088E-01 -1.5849712889E+00
  8.7720906561E-02 -4.0952555669E+00 -5.5694096922E-01  5.4983876499E-01 -1.7639171284E+00
  1.0274942858E-01 -4.0810450590E+00 -5.4289800561E-01  5.7137153211E-01 -1.9612995870E+00
  1.1773785930E-01 -4.0668032039E+00 -5.2884395981E-01  5.9388597001E-01 -2.1735777893E+00
  1.3267130906E-01 -4.0525179832E+00 -5.1477541468E-01  6.1733202065E-01 -2.3957898288E+00
  1.4752705728E-01 -4.0381717211E+00 -5.0068675593E-01  6.4165531639E-01 -2.6214042396E+00
  1.6226791181E-01 -4.0237366893E+00 -4.8656817461E-01  6.6680054244E-01 -2.8421986355E+00
  1.7682703642E-01 -4.0091654291E+00 -4.7240120385E-01  6.9271526947E-01 -3.0481342162E+00
  1.9106632655E-01 -3.9943655299E+00 -4.5814704103E-01  7.1935172270E-01 -3.2271504279E+00
  2.0462196763E-01 -3.9791140098E+00 -4.4370742970E-01  7.4664836405E-01 -3.3647734163E+00
  2.1581387224E-01 -3.9625913103E+00 -4.2873280042E-01  7.7419534337E-01 -3.4439945222E+00
  2.0857444763E-01 -3.9454153870E+00 -4.1509103124E-01  7.8860861506E-01 -3.4655792923E+00
  1.8582155185E-01 -3.9315400590E+00 -3.9622653173E-01  7.9149440889E-01 -3.4729764700E+00
</Path of -GradDelSqRho>
<Path of -GradDelSqRho>
Starting CP# =      4
Ending CP# =      0
Number of Points =     30
 -4.8213521724E-02 -4.2226792892E+00 -6.8307569980E-01  4.0448194526E-01 -9.2865165635E-01
 -6.3321937761E-02 -4.2368404100E+00 -6.9708278425E-01  3.9373095139E-01 -9.3787867061E-01
 -7.8421948612E-02 -4.2510079564E+00 -7.1109243411E-01  3.8398968396E-01 -9.6529263781E-01
 -9.3512038483E-02 -4.2651824404E+00 -7.2510575552E-01  3.7522467102E-01 -1.0106592874E+00
 -1.0859110756E-01 -4.2793640538E+00 -7.3912372611E-01  3.6739899663E-01 -1.0739450726E+00
 -1.2365849830E-01 -4.2935527030E+00 -7.5314713337E-01  3.6047242225E-01 -1.1552476497E+00
 -1.3871400954E-01 -4.3077480581E+00 -7.6717651171E-01  3.5440137877E-01 -1.2546580917E+00
 -1.5375790320E-01 -4.3219496136E+00 -7.8121207616E-01  3.4913892161E-01 -1.3720284763E+00
 -1.6879091258E-01 -4.3361567565E+00 -7.9525364669E-01  3.4463480981E-01 -1.5066165801E+00
 -1.8381426565E-01 -4.3503688392E+00 -8.0930055231E-01  3.4083596786E-01 -1.6565973998E+00
 -1.9882974361E-01 -4.3645852534E+00 -8.2335149480E-01  3.3768771012E-01 -1.8184902022E+00
 -2.1383980334E-01 -4.3788055086E+00 -8.3740433953E-01  3.3513622504E-01 -1.9866726077E+00
 -2.2884778465E-01 -4.3930293223E+00 -8.5145580276E-01  3.3313286178E-01 -2.1533473440E+00
 -2.4385809542E-01 -4.4072567288E+00 -8.6550113888E-01  3.3164061905E-01 -2.3095554851E+00
 -2.5887552036E-01 -4.4214881582E+00 -8.7953478914E-01  3.3064275468E-01 -2.4479795467E+00
 -2.7389992561E-01 -4.4357240623E+00 -8.9355642513E-01  3.3015249104E-01 -2.5681598870E+00
 -2.8891134418E-01 -4.4499628877E+00 -9.0758899361E-01  3.3022141874E-01 -2.6841531912E+00
 -3.0387293971E-01 -4.4641994383E+00 -9.2167695096E-01  3.3094265863E-01 -2.8335148917E+00
 -3.1877753225E-01 -4.4784302421E+00 -9.3583099236E-01  3.3244348384E-01 -3.0849798438E+00
 -3.3364565693E-01 -4.4926562600E+00 -9.5002814500E-01  3.3486213603E-01 -3.5408447849E+00
 -3.4849450726E-01 -4.5068793423E+00 -9.6424839594E-01  3.3830574603E-01 -4.3294854116E+00
 -3.6333300722E-01 -4.5211007072E+00 -9.7848116395E-01  3.4279051559E-01 -5.5841718501E+00
 -3.7816545840E-01 -4.5353210364E+00 -9.9272127013E-01  3.4817202423E-01 -7.4067945677E+00
 -3.9299399896E-01 -4.5495407094E+00 -1.0069661037E+00  3.5408144638E-01 -9.8198666374E+00
 -4.0781974495E-01 -4.5637599394E+00 -1.0212142879E+00  3.5989031536E-01 -1.2717633743E+01
 -4.2264330698E-01 -4.5779788373E+00 -1.0354650757E+00  3.6472856897E-01 -1.5835801038E+01
 -4.3746503739E-01 -4.5921974313E+00 -1.0497180715E+00  3.6757344093E-01 -1.8763824588E+01
 -4.5228516461E-01 -4.6064156383E+00 -1.0639731204E+00  3.6740770627E-01 -2.1015842165E+01
 -4.6710393224E-01 -4.6206330275E+00 -1.0782303981E+00  3.6341821347E-01 -2.2152476185E+01
 -4.7154948802E-01 -4.6248975258E+00 -1.0825083752E+00  3.6139971676E-01 -2.2230605229E+01
</Path of -GradDelSqRho>
<Path of -GradDelSqRho>
Starting CP# =      5
Ending CP# =      1
Number of Points =      7
  5.2758728211E-01 -3.5950736004E+00  4.1052528891E-02  2.2326144741E+01  1.2118261644E+03
  5.4973078606E-01 -3.5920367268E+00  2.9852412486E-02  3.2426780112E+01  9.7504938070E+02
  5.7187191771E-01 -3.5889868082E+00  1.8651150113E-02  4.7460545618E+01 -7.1731720717E+02
  5.9401199022E-01 -3.5859310793E+00  7.4493775378E-03  6.9781738544E+01 -6.1412348391E+03
  6.1615135172E-01 -3.5828714504E+00 -3.7527356755E-03  1.0287416506E+02 -1.9730891521E+04
  6.3828949581E-01 -3.5798051141E+00 -1.4955420875E-02  1.5252455943E+02 -7.2202627848E+04
  6.7762915497E-01 -3.5743447987E+00 -3.4864626621E-02  2.9748526858E+02 -3.3312844777E+06
</Path of -GradDelSqRho>
<Path of -GradDelSqRho>
Starting CP# =      5
Ending CP# =     17
Number of Points =     54
  5.2758728211E-01 -3.5950736004E+00  4.1052528891E-02  2.2326144741E+01  1.2118261644E+03
  5.0544110241E-01 -3.5980957454E+00  5.2251339168E-02  1.5490980549E+01  1.1329373613E+03
  4.8329381982E-01 -3.6011118680E+00  6.3449592520E-02  1.0850749130E+01  9.6636910605E+02
  4.6114625287E-01 -3.6041265355E+00  7.4647675282E-02  7.7100932150E+00  7.6116720556E+02
  4.3899796335E-01 -3.6071374118E+00  8.5845348830E-02  5.5918035267E+00  5.6363264076E+02
  4.1684826587E-01 -3.6101408772E+00  9.7042227376E-02  4.1633875739E+00  4.0224702916E+02
  3.9469644115E-01 -3.6131332478E+00  1.0823786786E-01  3.1972720271E+00  2.8183541221E+02
  3.7254180175E-01 -3.6161111645E+00  1.1943179221E-01  2.5406150828E+00  1.9522002620E+02
  3.5038375360E-01 -3.6190719396E+00  1.3062351611E-01  2.0913440714E+00  1.3332411752E+02
  3.2822175871E-01 -3.6220133676E+00  1.4181252620E-01  1.7809249145E+00  8.9086208223E+01
  3.0605517491E-01 -3.6249329313E+00  1.5299817153E-01  1.5630096682E+00  5.7712883589E+01
  2.8388304898E-01 -3.6278268566E+00  1.6417949334E-01  1.4062153660E+00  3.5892711318E+01
  2.6170390535E-01 -3.6306892758E+00  1.7535500368E-01  1.2894464415E+00  2.1143777321E+01
  2.3951548717E-01 -3.6335113271E+00  1.8652236377E-01  1.1987191674E+00  1.1501725205E+01
  2.1731435253E-01 -3.6362798056E+00  1.9767784634E-01  1.1249192189E+00  5.4158697882E+00
  1.9509516014E-01 -3.6389747587E+00  2.0881535120E-01  1.0622002286E+00  1.7096353265E+00
  1.7284926964E-01 -3.6415646365E+00  2.1992441776E-01  1.0068568493E+00 -4.6344873171E-01
  1.5056153702E-01 -3.6439946419E+00  2.3098552740E-01  9.5655518594E-01 -1.6801379360E+00
  1.2820098112E-01 -3.6461504680E+00  2.4195568054E-01  9.0982746713E-01 -2.3139816394E+00
  1.0568079508E-01 -3.6476836669E+00  2.5269746098E-01  8.6577124257E-01 -2.5963183712E+00
  8.3365678098E-02 -3.6439649167E+00  2.6063495740E-01  8.2698132685E-01 -2.6676992560E+00
  7.6176424615E-02 -3.6224180295E+00  2.5029997762E-01  8.2664135751E-01 -2.6767696369E+00
  6.8655862988E-02 -3.6031837185E+00  2.3628921410E-01  8.2648825789E-01 -2.6833621332E+00
  6.0245845067E-02 -3.5887157222E+00  2.1787690419E-01  8.2608022062E-01 -2.6877933097E+00
  5.1203616342E-02 -3.5843590523E+00  1.9531125452E-01  8.2567151472E-01 -2.6907368633E+00
  4.3247296556E-02 -3.5914406830E+00  1.7282343881E-01  8.2546715121E-01 -2.6934420890E+00
  3.6755900111E-02 -3.6031242378E+00  1.5170996083E-01  8.2527778474E-01 -2.6968201538E+00
  3.1326027744E-02 -3.6160910709E+00  1.3103967276E-01  8.2497739581E-01 -2.7013812092E+00
  2.6806482868E-02 -3.6295077677E+00  1.1043639665E-01  8.2454528985E-01 -2.7075664522E+00
  2.3153155321E-02 -3.6431260988E+00  8.9793445405E-02  8.2398935348E-01 -2.7157958220E+00
  2.0351023055E-02 -3.6568418503E+00  6.9081956358E-02  8.2332410098E-01 -2.7264626452E+00
  1.8393663570E-02 -3.6705957076E+00  4.8298773142E-02  8.2256511702E-01 -2.7399234665E+00
  1.7277401991E-02 -3.6843462560E+00  2.7451292257E-02  8.2172724900E-01 -2.7564870696E+00
  1.6999319314E-02 -3.6980608319E+00  6.5521415390E-03  8.2082379863E-01 -2.7764032426E+00
  1.7556474385E-02 -3.7117117444E+00 -1.4383088143E-02  8.1986606704E-01 -2.7998516167E+00
  1.8945591831E-02 -3.7252744358E+00 -3.5336981050E-02  8.1886307550E-01 -2.8269309463E+00
  2.1162965970E-02 -3.7387264566E+00 -5.6290940216E-02  8.1782140413E-01 -2.8576492546E+00
  2.4204481480E-02 -3.7520468238E+00 -7.7225578870E-02  8.1674512628E-01 -2.8919153192E+00
  2.8065704102E-02 -3.7652155719E+00 -9.8120964085E-02  8.1563582956E-01 -2.9295319904E+00
  3.2742015380E-02 -3.7782134021E+00 -1.1895676257E-01  8.1449271907E-01 -2.9701918327E+00
  3.8228774651E-02 -3.7910213781E+00 -1.3971231483E-01  8.1331280179E-01 -3.0134755428E+00
  4.4521495987E-02 -3.8036206351E+00 -1.6036665272E-01  8.1209115287E-01 -3.0588535265E+00
  5.1616029976E-02 -3.8159920820E+00 -1.8089847043E-01  8.1082126612E-01 -3.1056909207E+00
  5.9508740922E-02 -3.8281160739E+00 -2.0128605671E-01  8.0949549245E-01 -3.1532562208E+00
  6.8196669175E-02 -3.8399720393E+00 -2.2150719664E-01  8.0810557033E-01 -3.2007335371E+00
  7.7677665217E-02 -3.8515380369E+00 -2.4153905435E-01  8.0664325198E-01 -3.2472383588E+00
  8.7950475769E-02 -3.8627902107E+00 -2.6135805552E-01  8.0510102586E-01 -3.2918365630E+00
  9.9014750223E-02 -3.8737020953E+00 -2.8093980435E-01  8.0347293005E-01 -3.3335662842E+00
  1.1087091465E-01 -3.8842436890E+00 -3.0025910195E-01  8.0175543879E-01 -3.3714621477E+00
  1.2351982278E-01 -3.8943801366E+00 -3.1929020116E-01  7.9994838491E-01 -3.4045812896E+00
  1.3696202074E-01 -3.9040696755E+00 -3.3800758865E-01  7.9805585127E-01 -3.4320305108E+00
  1.5119629473E-01 -3.9132599304E+00 -3.5638799516E-01  7.9608693042E-01 -3.4529938541E+00
  1.6621662997E-01 -3.9218794844E+00 -3.7441575453E-01  7.9405625549E-01 -3.4667598466E+00
  1.8582155185E-01 -3.9315400590E+00 -3.9622653173E-01  7.9149440889E-01 -3.4729764700E+00
</Path of -GradDelSqRho>
<Path of -GradDelSqRho>
Starting CP# =      7
Ending CP# =     14
Number of Points =     23
  8.2846678093E-01 -3.5843188015E+00 -1.0567993066E-01  2.2879849425E+01  1.2669980245E+03
  8.5105545737E-01 -3.5857428929E+00 -1.1629706779E-01  1.5844068899E+01  1.1797510598E+03
  8.7364387729E-01 -3.5871519754E+00 -1.2691675560E-01  1.1086510291E+01  1.0038234891E+03
  8.9623222380E-01 -3.5885571045E+00 -1.3753712339E-01  7.8800045577E+00  7.9016673765E+02
  9.1882043806E-01 -3.5899545191E+00 -1.4815878983E-01  5.7285166985E+00  5.8392651682E+02
  9.4140839059E-01 -3.5913365909E+00 -1.5878301901E-01  4.2870578770E+00  4.1461675562E+02
  9.6399592698E-01 -3.5926947917E+00 -1.6941120899E-01  3.3194942450E+00  2.8794638356E+02
  9.8658287264E-01 -3.5940203496E+00 -1.8004477214E-01  2.6673186232E+00  1.9681770817E+02
  1.0091690353E+00 -3.5953048315E+00 -1.9068503475E-01  2.2248759269E+00  1.3183944558E+02
  1.0317541866E+00 -3.5965396681E+00 -2.0133331466E-01  1.9214590730E+00  8.5600810950E+01
  1.0543380020E+00 -3.5977140434E+00 -2.1199125718E-01  1.7094732083E+00  5.3037374053E+01
  1.0769199456E+00 -3.5988116318E+00 -2.2266133064E-01  1.5568991888E+00  3.0634168978E+01
  1.0994990601E+00 -3.5998062100E+00 -2.3334745064E-01  1.4424107187E+00  1.5743324605E+01
  1.1220735198E+00 -3.6006545644E+00 -2.4405592535E-01  1.3520568247E+00  6.2585441687E+00
  1.1446395175E+00 -3.6012824729E+00 -2.5479720656E-01  1.2769170985E+00  5.1135212696E-01
  1.1671879768E+00 -3.6015521649E+00 -2.6558961321E-01  1.2114317067E+00 -2.7653479362E+00
  1.1896920745E+00 -3.6011694056E+00 -2.7646849028E-01  1.1522530280E+00 -4.4813627774E+00
  1.2120320695E+00 -3.5993029385E+00 -2.8751226084E-01  1.0976263351E+00 -5.2541355611E+00
  1.2324072412E+00 -3.5911935119E+00 -2.9863488529E-01  1.0505040348E+00 -5.4905536245E+00
  1.2344834267E+00 -3.5674056863E+00 -3.0355370490E-01  1.0451923120E+00 -5.5481225166E+00
  1.2318048260E+00 -3.5427109626E+00 -3.0637088393E-01  1.0479863222E+00 -5.5886957232E+00
  1.2284073760E+00 -3.5180664702E+00 -3.0883134575E-01  1.0496779852E+00 -5.6144367639E+00
  1.2232687791E+00 -3.4874452014E+00 -3.1122623857E-01  1.0502150624E+00 -5.6258121261E+00
</Path of -GradDelSqRho>
<Path of -GradDelSqRho>
Starting CP# =      7
Ending CP# =      1
Number of Points =      7
  8.2846678093E-01 -3.5843188015E+00 -1.0567993066E-01  2.2879849425E+01  1.2669980245E+03
  8.0587764365E-01 -3.5828652902E+00 -9.5067763195E-02  3.3319948966E+01  9.9146378001E+02
  7.8328816684E-01 -3.5813881853E+00 -8.4459574038E-02  4.8909435192E+01 -9.2259092541E+02
