 AIMInt (Version 19.02.13, Professional)
 Portions Copyright (c) 1997-2019 by Todd A. Keith
 AIMInt is a component of the AIMAll package ( http://aim.tkgristmill.com )

 TP:  64-bit Linux

 Licensed To:  Research Group of Fernando Cortes Guzman, UNAM, fercor@unam.mx

 AIMInt is a heavily modified and extended version of the PROAIMV program
 developed by members of R.F.W. Bader's research group

 Much of the Quantum Theory of Atoms in Molecules (QTAIM) is described in the book:
   "Atoms in Molecules - A Quantum Theory"
   R.F.W. Bader, Oxford University Press, Oxford, 1990

 For additional references see:  http://aim.tkgristmill.com/references.html

 Current Directory:  /home/scratch/M_H2O_4_cuadrado_plano/Opt

 Inp File:  Cu2_cuadrado_plano_cc-pvtz-def2-tzv_2_atomicfiles/o4.inp
 Wfx File:  Cu2_cuadrado_plano_cc-pvtz-def2-tzv_2.wfx
 Out File:  Cu2_cuadrado_plano_cc-pvtz-def2-tzv_2_atomicfiles/o4.int

 Wfx Title:   Cu2_cuadrado_plano_cc-pvtz-def2-tzv_2                                         
 Job Title:   Cu2_cuadrado_plano_cc-pvtz-def2-tzv_2                                         
 
<Atom>
O4      
</Atom>
<Nuclei of Molecule>
    13
Cu1       29.0           2.6523255516E-03  -7.9900834696E-03  -3.4291951969E-02
O2         8.0           6.7762951559E-01  -3.5743446680E+00  -3.4864822447E-02
H3         1.0           9.0335359679E-01  -4.4611475015E+00   1.6121694713E+00
O4         8.0          -3.6047345629E+00  -6.8377274418E-01  -3.4588960226E-02
H5         1.0          -4.6516182496E+00   4.8048324337E-01  -1.0858913613E+00
O6         8.0          -6.8453275287E-01   3.6047232833E+00  -3.3695516607E-02
H7         1.0          -8.7268616877E-01   4.4888928156E+00   1.6192508420E+00
O8         8.0           3.6000078876E+00   6.7639795693E-01  -3.4074463389E-02
H9         1.0           4.6517876492E+00  -4.7232363218E-01  -1.0976752022E+00
H10        1.0          -4.4852341743E+00  -8.9053527652E-01   1.6181658368E+00
H11        1.0           4.6215290149E-01   4.6532168870E+00  -1.1023415974E+00
H12        1.0           4.4854621903E+00   8.7940161537E-01   1.6165482691E+00
H13        1.0          -4.7709588525E-01  -4.6303063548E+00  -1.0879695498E+00
</Nuclei of Molecule>
<Total Number of CPs of DelSqRho>
    31
</Total Number of CPs of DelSqRho>
<Number of (3,+3) CPs of DelSqRho>
     4
</Number of (3,+3) CPs of DelSqRho>
<Number of (3,+1) CPs of DelSqRho>
    12
</Number of (3,+1) CPs of DelSqRho>
<Number of (3,-1) CPs of DelSqRho>
    12
</Number of (3,-1) CPs of DelSqRho>
<Number of (3,-3) CPs of DelSqRho>
     3
</Number of (3,-3) CPs of DelSqRho>
<Number of Degenerate CPs of DelSqRho>
     0
</Number of Degenerate CPs of DelSqRho>
<CP of DelSqRho>
CP# = 1       
Type = (3,+3)
Coords = -3.60473469441911E+00 -6.83772376905617E-01 -3.45887627230509E-02
DistFromNuc =  4.3724960102E-07
Rho =  2.9750684271E+02
DelSqRho = -3.3315279094E+06
GradDelSqRho =  1.2304881238E-06 -1.4502293197E-06 -2.9317379813E-07
HessDelSqRho_EigVals =  1.3248589209E+11  1.3248591008E+11  1.3248591662E+11
HessDelSqRho_EigVec1 =  1.1785143971E-01  8.9092319718E-01  4.3859650579E-01
HessDelSqRho_EigVec2 =  9.9232065469E-01 -8.8952026419E-02 -8.5949143552E-02
HessDelSqRho_EigVec3 =  3.7560037798E-02 -4.4535760208E-01  8.9456461468E-01
</CP of DelSqRho>
<CP of DelSqRho>
CP# = 2       
Type = (3,-1)
Coords = -1.92001278088039E+00 -8.51603713781500E-01 -1.49260097078722E-01
DistFromNuc =  1.6969396533E+00
Rho =  9.4267471916E-02
DelSqRho =  2.3402502469E-01
GradDelSqRho = -2.2204460493E-16  0.0000000000E+00  1.0408340856E-17
HessDelSqRho_EigVals = -3.6187506117E-01 -1.2783953964E-01  2.7764057504E+00
HessDelSqRho_EigVec1 = -2.0055243987E-01  9.3631213894E-01  2.8826775285E-01
HessDelSqRho_EigVec2 =  5.0947253198E-02 -2.8388003310E-01  9.5750535466E-01
HessDelSqRho_EigVec3 =  9.7835734589E-01  2.0671648526E-01  9.2303016546E-03
</CP of DelSqRho>
<CP of DelSqRho>
CP# = 3       
Type = (3,+1)
Coords = -4.24769381367872E+00  4.81322796088136E-02 -6.81725234861933E-01
DistFromNuc =  1.1695584295E+00
Rho =  4.0469476778E-01
DelSqRho = -9.3149373863E-01
GradDelSqRho = -1.3272716259E-12  1.5608070392E-12 -1.3453682612E-12
HessDelSqRho_EigVals = -2.9866551562E+01  1.4220859063E+01  1.4840483382E+01
HessDelSqRho_EigVec1 = -5.6165849459E-01  6.0961438328E-01 -5.5938362432E-01
HessDelSqRho_EigVec2 =  2.3637579402E-01  7.6615078460E-01  5.9761146178E-01
HessDelSqRho_EigVec3 = -7.9288474538E-01 -2.0342880561E-01  5.7441318020E-01
</CP of DelSqRho>
<CP of DelSqRho>
CP# = 4       
Type = (3,+1)
Coords = -4.14284626497326E+00 -8.03509872455403E-01  9.95014464493123E-01
DistFromNuc =  1.1678974253E+00
Rho =  4.0507095242E-01
DelSqRho = -9.3109088648E-01
GradDelSqRho = -1.9462209622E-13 -4.1633363423E-14  4.0828451731E-13
HessDelSqRho_EigVals = -2.9928294809E+01  1.4206211582E+01  1.4873672639E+01
HessDelSqRho_EigVec1 = -4.7399646220E-01 -1.1471616490E-01  8.7302208181E-01
HessDelSqRho_EigVec2 =  2.2839785422E-01  9.4152410718E-01  2.4772318378E-01
HessDelSqRho_EigVec3 = -8.5038918973E-01  3.1681628289E-01 -4.2007816998E-01
</CP of DelSqRho>
<CP of DelSqRho>
CP# = 5       
Type = (3,+1)
Coords = -3.62572073323217E+00 -5.33503076120495E-01  4.08520530214868E-02
DistFromNuc =  1.6944833715E-01
Rho =  2.2320592829E+01
DelSqRho =  1.2118227207E+03
GradDelSqRho = -1.4210854715E-12  8.1854523160E-12  5.4285465012E-12
HessDelSqRho_EigVals = -3.8873330047E+05  3.6770561918E+03  3.7658835613E+03
HessDelSqRho_EigVec1 = -1.2266693283E-01  8.8703300685E-01  4.4511264680E-01
HessDelSqRho_EigVec2 =  1.0205972623E-02 -4.4734857524E-01  8.9430145385E-01
HessDelSqRho_EigVec3 =  9.9239541601E-01  1.1424402386E-01  4.5821843046E-02
</CP of DelSqRho>
<CP of DelSqRho>
CP# = 6       
Type = (3,+1)
Coords = -3.61457186966648E+00 -8.34833537627366E-01 -1.04896157160672E-01
DistFromNuc =  1.6691086802E-01
Rho =  2.2883343105E+01
DelSqRho =  1.2679327456E+03
GradDelSqRho =  9.5212726592E-13  5.1159076975E-12  6.9348971010E-12
HessDelSqRho_EigVals = -4.4826400027E+05  1.8747299339E+03  1.9103285845E+03
HessDelSqRho_EigVec1 =  5.6702261853E-02  9.0500680166E-01  4.2160116514E-01
HessDelSqRho_EigVec2 =  8.8009176759E-01  1.5407784541E-01 -4.4910855946E-01
HessDelSqRho_EigVec3 =  4.7140570014E-01 -3.9651318578E-01  7.8775247342E-01
</CP of DelSqRho>
<CP of DelSqRho>
CP# = 7       
Type = (3,-1)
Coords = -3.74744506945712E+00 -7.71038387508746E-01 -2.30837794811966E-02
DistFromNuc =  1.6767215142E-01
Rho =  2.2576943740E+01
DelSqRho =  1.2797190158E+03
GradDelSqRho = -2.6147972676E-12  8.9812601800E-12  2.3732127374E-12
HessDelSqRho_EigVals = -4.3383217080E+05 -2.2495646522E+03  1.5115703216E+02
HessDelSqRho_EigVec1 =  8.4831103486E-01  5.2540570467E-01 -6.5705659045E-02
HessDelSqRho_EigVec2 = -4.2137580874E-01  7.4501368253E-01  5.1710447750E-01
HessDelSqRho_EigVec3 =  3.2064125740E-01 -4.1097865922E-01  8.5339658174E-01
</CP of DelSqRho>
<CP of DelSqRho>
CP# = 8       
Type = (3,+3)
Coords = -3.51753797054540E+00 -1.23026017165526E+00 -3.09131517864603E-01
DistFromNuc =  6.1775834277E-01
Rho =  1.0500580949E+00
DelSqRho = -5.6348569934E+00
GradDelSqRho = -1.1555201240E-12  3.2116531656E-12  1.6786572132E-12
HessDelSqRho_EigVals =  2.3222208684E+01  2.8579319794E+01  4.7325331678E+02
HessDelSqRho_EigVec1 =  9.8517503836E-01  1.6766650623E-01 -3.6305460783E-02
HessDelSqRho_EigVec2 =  1.0665730291E-01 -4.3287270655E-01  8.9512314217E-01
HessDelSqRho_EigVec3 = -1.3436652683E-01  8.8572521846E-01  4.4433824263E-01
</CP of DelSqRho>
<CP of DelSqRho>
CP# = 9       
Type = (3,-1)
Coords = -4.32584410636331E+00 -6.98404826918341E-01  3.62270346534411E-03
DistFromNuc =  7.2226948068E-01
Rho =  6.4955857453E-01
DelSqRho = -8.4310683344E-01
GradDelSqRho =  7.1054273576E-14 -2.6645352591E-15 -2.2204460493E-15
HessDelSqRho_EigVals = -1.6358651359E+01 -1.0694228498E+01  1.3657832606E+02
HessDelSqRho_EigVec1 =  5.6552520649E-02 -4.8535853043E-01  8.7248433187E-01
HessDelSqRho_EigVec2 = -1.1609671723E-02  8.7350410019E-01  4.8667833574E-01
HessDelSqRho_EigVec3 =  9.9833212306E-01  3.7652143308E-02 -4.3764005456E-02
</CP of DelSqRho>
<CP of DelSqRho>
CP# = 10      
Type = (3,-1)
Coords = -3.22184036132491E+00 -9.06476060356768E-01  5.19691088881157E-01
DistFromNuc =  7.0952879399E-01
Rho =  6.8190056910E-01
DelSqRho = -1.2123634811E+00
GradDelSqRho =  2.7324809082E-12 -3.6328717812E-12  4.4382275632E-12
HessDelSqRho_EigVals = -1.4630730885E+01 -9.7184874322E+00  1.5249640121E+02
HessDelSqRho_EigVec1 =  7.2349502421E-01 -2.8296625736E-01 -6.2967058621E-01
HessDelSqRho_EigVec2 =  4.2914512784E-01  8.9882321459E-01  8.9169995911E-02
HessDelSqRho_EigVec3 =  5.4073044041E-01 -3.3473411256E-01  7.7172771409E-01
</CP of DelSqRho>
<CP of DelSqRho>
CP# = 11      
Type = (3,-1)
Coords = -3.29981583881127E+00 -3.63600010954281E-01 -5.88110773699325E-01
DistFromNuc =  7.0842953454E-01
Rho =  6.8675984332E-01
DelSqRho = -1.2483078221E+00
GradDelSqRho = -1.4654943925E-14 -4.4408920985E-15  2.3980817332E-14
HessDelSqRho_EigVals = -1.5054400597E+01 -9.4054928973E+00  1.5410484998E+02
HessDelSqRho_EigVec1 =  7.5580273796E-01 -6.5255971560E-01  5.4111356164E-02
HessDelSqRho_EigVec2 = -4.9328605576E-01 -6.2177382149E-01 -6.0833065195E-01
HessDelSqRho_EigVec3 = -4.3061710194E-01 -4.3308559488E-01  7.9183696493E-01
</CP of DelSqRho>
<CP of DelSqRho>
CP# = 12      
Type = (3,+1)
Coords = -3.64073319212692E+00 -1.51877265407116E-01  3.71014499250029E-01
DistFromNuc =  6.6986779888E-01
Rho =  8.1915471247E-01
DelSqRho = -2.6350203926E+00
GradDelSqRho = -1.2878587086E-14  6.1373128801E-13  5.2935433814E-13
HessDelSqRho_EigVals = -2.6400145417E+00  5.8119641795E+00  2.1208615143E+02
HessDelSqRho_EigVec1 = -3.5074828324E-01 -5.6421326206E-01  7.4742159236E-01
HessDelSqRho_EigVec2 =  9.3519196374E-01 -1.6935405530E-01  3.1102282056E-01
HessDelSqRho_EigVec3 = -4.8904322477E-02  8.0807338706E-01  5.8704835267E-01
</CP of DelSqRho>
<CP of DelSqRho>
CP# = 13      
Type = (3,+1)
Coords = -3.93664908138795E+00 -6.63226283537627E-01 -6.35293432151829E-01
DistFromNuc =  6.8661143830E-01
Rho =  7.8119203043E-01
DelSqRho = -2.5333440103E+00
GradDelSqRho =  9.3258734069E-15 -6.6613381478E-16  1.6431300764E-14
HessDelSqRho_EigVals = -1.7586813490E+01  1.3124584003E+01  2.0185969611E+02
HessDelSqRho_EigVec1 = -2.8194984553E-01  9.5501993733E-01  9.1876024708E-02
HessDelSqRho_EigVec2 =  8.4475804903E-01  2.9250906383E-01 -4.4813199637E-01
HessDelSqRho_EigVec3 =  4.5484956106E-01  4.8737735767E-02  8.8923366441E-01
</CP of DelSqRho>
<CP of DelSqRho>
CP# = 14      
Type = (3,+1)
Coords = -3.87413723367471E+00 -1.16222850149077E+00  3.77475377962707E-01
DistFromNuc =  6.8650908917E-01
Rho =  7.8499402233E-01
DelSqRho = -2.6062216119E+00
GradDelSqRho =  7.9936057773E-15  1.0658141036E-14 -1.8651746814E-14
HessDelSqRho_EigVals = -1.6821463732E+01  1.3883450793E+01  2.0253318126E+02
HessDelSqRho_EigVec1 =  2.4096525863E-01 -6.3903934370E-01 -7.3045496873E-01
HessDelSqRho_EigVec2 =  8.9892680177E-01 -1.3677647115E-01  4.1620043488E-01
HessDelSqRho_EigVec3 =  3.6587750571E-01  7.5691539431E-01 -5.4149121569E-01
</CP of DelSqRho>
<CP of DelSqRho>
CP# = 15      
Type = (3,+3)
Coords = -3.95809143379135E+00 -1.89340112419100E-01 -3.95471681204239E-01
DistFromNuc =  7.0679632415E-01
Rho =  7.9238352119E-01
DelSqRho = -3.4886757748E+00
GradDelSqRho =  6.6613381478E-15  1.6431300764E-14  5.3290705182E-15
HessDelSqRho_EigVals =  1.3515483227E+01  2.5064179105E+01  1.6181719918E+02
HessDelSqRho_EigVec1 =  2.9143280407E-01  6.4948417457E-01  7.0230849895E-01
HessDelSqRho_EigVec2 = -8.3286964756E-01 -1.8884769441E-01  5.2025445553E-01
HessDelSqRho_EigVec3 = -4.7052637640E-01  7.3655064680E-01 -4.8589924245E-01
</CP of DelSqRho>
<CP of DelSqRho>
CP# = 16      
Type = (3,+1)
Coords = -3.06718306103377E+00 -2.78810552299899E-01  1.24843410251376E-01
DistFromNuc =  6.9164635096E-01
Rho =  7.4513013385E-01
DelSqRho = -2.4717000906E+00
GradDelSqRho =  2.5757174171E-14  3.0198066270E-14 -2.6645352591E-15
HessDelSqRho_EigVals = -1.5311984495E+00  9.7227067602E+00  1.8364646172E+02
HessDelSqRho_EigVec1 = -6.5609566812E-01  6.5808457615E-01  3.6940921065E-01
HessDelSqRho_EigVec2 =  6.5420861967E-02 -4.3805453048E-01  8.9656474342E-01
HessDelSqRho_EigVec3 =  7.5183680749E-01  6.1239931332E-01  2.4435321963E-01
</CP of DelSqRho>
<CP of DelSqRho>
CP# = 17      
Type = (3,+3)
Coords = -3.89986226478553E+00 -7.12488829682441E-01  6.09809723915902E-01
DistFromNuc =  7.0934803735E-01
Rho =  7.8547508092E-01
DelSqRho = -3.4242532714E+00
GradDelSqRho = -3.2862601529E-14 -8.8817841970E-16  5.3290705182E-15
HessDelSqRho_EigVals =  1.3176239023E+01  2.4720226597E+01  1.5830700728E+02
HessDelSqRho_EigVec1 =  2.2651495627E-01  9.6850912155E-01  1.0334919475E-01
HessDelSqRho_EigVec2 =  8.9235041001E-01 -2.4888144871E-01  3.7652193860E-01
HessDelSqRho_EigVec3 = -3.9038662931E-01 -6.9358458562E-03  9.2062488218E-01
</CP of DelSqRho>
<CP of DelSqRho>
CP# = 18      
Type = (3,-3)
Coords = -4.74145577937520E+00 -7.27207032905889E-01  1.46896211243845E-02
DistFromNuc =  1.1386176004E+00
Rho =  2.4224107721E-01
DelSqRho =  9.0472375514E-01
GradDelSqRho =  6.2394533984E-14  2.5479618415E-14  8.2989171091E-15
HessDelSqRho_EigVals = -1.8244939691E+01 -2.0416687024E+00 -5.5649999393E-01
HessDelSqRho_EigVec1 =  9.9760217637E-01  6.1970949939E-02 -3.0813942859E-02
HessDelSqRho_EigVec2 =  5.5926381203E-02 -4.5955825120E-01  8.8638504818E-01
HessDelSqRho_EigVec3 = -4.0769321755E-02  8.8598296548E-01  4.6192212253E-01
</CP of DelSqRho>
<CP of DelSqRho>
CP# = 19      
Type = (3,-1)
Coords = -4.11187421332094E+00 -1.04617786163543E+00 -1.03917098754218E+00
DistFromNuc =  1.1822491885E+00
Rho =  2.3965366118E-01
DelSqRho =  7.5822842935E-01
GradDelSqRho =  1.3600232052E-15  1.9428902931E-15  3.6082248300E-15
HessDelSqRho_EigVals = -1.7955310269E+01 -9.6018826562E-01  2.1794469405E-01
HessDelSqRho_EigVec1 =  4.2810107007E-01  3.1872191759E-01  8.4566294293E-01
HessDelSqRho_EigVec2 = -4.1047542753E-01  9.0223102782E-01 -1.3224634527E-01
HessDelSqRho_EigVec3 = -8.0513315495E-01 -2.9050905612E-01  5.1707358385E-01
</CP of DelSqRho>
<CP of DelSqRho>
CP# = 20      
Type = (3,-3)
Coords = -3.27269372549846E+00 -3.68506411234344E-01 -1.08897538162064E+00
DistFromNuc =  1.1495106368E+00
Rho =  2.4307186738E-01
DelSqRho =  8.2959102323E-01
GradDelSqRho = -8.8817841970E-16 -1.2281842210E-15  2.2759572005E-15
HessDelSqRho_EigVals = -1.7959783200E+01 -1.5854113288E+00 -3.9473600365E-01
HessDelSqRho_EigVec1 = -3.3239565698E-01 -2.6503028183E-01  9.0513649630E-01
HessDelSqRho_EigVec2 = -8.3647035764E-01  5.2618962459E-01 -1.5310721657E-01
HessDelSqRho_EigVec3 =  4.3569538443E-01  8.0801202261E-01  3.9659312059E-01
</CP of DelSqRho>
<CP of DelSqRho>
CP# = 21      
Type = (3,-3)
Coords = -3.13265114095967E+00 -1.31044076652841E+00  8.03766624150744E-01
DistFromNuc =  1.1482228239E+00
Rho =  2.4252871378E-01
DelSqRho =  8.3339572380E-01
GradDelSqRho = -1.2811973704E-12  2.5189295094E-12 -1.9314272404E-12
HessDelSqRho_EigVals = -1.8075324451E+01 -1.4940644781E+00 -4.4173593897E-01
HessDelSqRho_EigVec1 =  4.5212415364E-01 -5.3521156379E-01  7.1353509492E-01
HessDelSqRho_EigVec2 = -7.9085414819E-01  1.2939051646E-01  5.9817038587E-01
HessDelSqRho_EigVec3 =  4.1247238209E-01  8.3474946914E-01  3.6477370764E-01
</CP of DelSqRho>
<CP of DelSqRho>
CP# = 22      
Type = (3,+1)
Coords = -2.41321903916046E+00 -3.77714445268758E-01  1.73154233706267E-02
DistFromNuc =  1.2312899702E+00
Rho =  2.3411649761E-01
DelSqRho =  3.5164355653E-01
GradDelSqRho =  1.2787548798E-12  7.7116091290E-13  1.0393075289E-13
HessDelSqRho_EigVals = -1.0171132787E+01  9.0554657463E-01  1.1602919654E+00
HessDelSqRho_EigVec1 =  9.6461128175E-01  2.5976955286E-01  4.5220067867E-02
HessDelSqRho_EigVec2 = -2.3712428780E-01  7.7962280807E-01  5.7962086683E-01
HessDelSqRho_EigVec3 =  1.1531325711E-01 -5.6983160367E-01  8.1363062639E-01
</CP of DelSqRho>
<CP of DelSqRho>
CP# = 23      
Type = (3,-1)
Coords = -3.32666340241609E+00  4.54661045772083E-01 -2.30210371967198E-01
DistFromNuc =  1.1881173348E+00
Rho =  2.3908146813E-01
DelSqRho =  7.0748927275E-01
GradDelSqRho =  1.7347234760E-16 -2.9420910153E-15  1.2628786905E-15
HessDelSqRho_EigVals = -1.6385869421E+01 -1.5862557832E+00  2.7591939001E-01
HessDelSqRho_EigVec1 =  2.7990532460E-01  9.4837722156E-01 -1.4910953992E-01
HessDelSqRho_EigVec2 =  8.6120308219E-01 -1.7940882101E-01  4.7554361122E-01
HessDelSqRho_EigVec3 = -4.2424316198E-01  2.6152078422E-01  8.6696287056E-01
</CP of DelSqRho>
<CP of DelSqRho>
CP# = 24      
Type = (3,-1)
Coords = -3.25196420536702E+00 -1.52222831968315E-01  9.66743375086129E-01
DistFromNuc =  1.1872904784E+00
Rho =  2.3890366710E-01
DelSqRho =  6.9694495608E-01
GradDelSqRho =  1.3322676296E-15  9.4368957093E-16  2.1649348980E-15
HessDelSqRho_EigVals = -1.6276860688E+01 -1.5328828883E+00  3.3397535621E-01
HessDelSqRho_EigVec1 =  3.4090864439E-01  4.5496577307E-01  8.2267091933E-01
HessDelSqRho_EigVec2 =  7.9714329929E-01  3.2398558705E-01 -5.0950554441E-01
HessDelSqRho_EigVec3 =  4.9834110465E-01 -8.2948145532E-01  2.5222343013E-01
</CP of DelSqRho>
<CP of DelSqRho>
CP# = 25      
Type = (3,-1)
Coords = -4.02468349064991E+00 -1.73654708540093E+00  3.10604409561335E-01
DistFromNuc =  1.1848414991E+00
Rho =  2.3993152830E-01
DelSqRho =  7.5031370093E-01
GradDelSqRho =  3.6637359813E-15  5.6621374256E-15 -7.4246164772E-16
HessDelSqRho_EigVals = -1.7860192267E+01 -9.0284679461E-01  2.3563350591E-01
HessDelSqRho_EigVec1 =  3.5526740746E-01  8.9235096139E-01 -2.7837893403E-01
HessDelSqRho_EigVec2 = -3.5193145805E-01  4.0358015054E-01  8.4455154427E-01
HessDelSqRho_EigVec3 =  8.6598459457E-01 -2.0207133345E-01  4.5742524872E-01
</CP of DelSqRho>
<CP of DelSqRho>
CP# = 26      
Type = (3,-1)
Coords = -4.22630995722233E+00  1.64061044114949E-01 -1.74128871608751E+00
DistFromNuc =  2.0044954877E+00
Rho =  7.2046765938E-02
DelSqRho =  1.9638124893E-01
GradDelSqRho = -1.6046192153E-16 -7.1991024253E-17  2.4980018054E-16
HessDelSqRho_EigVals = -2.2620127715E+00 -2.0944343240E-02  4.6416761792E-01
HessDelSqRho_EigVec1 = -9.8186684095E-02 -4.5230648102E-02  9.9413960968E-01
HessDelSqRho_EigVec2 =  6.5776794105E-01  7.4669454128E-01  9.8937342516E-02
HessDelSqRho_EigVec3 =  7.4679361995E-01 -6.6362749377E-01  4.3564190766E-02
</CP of DelSqRho>
<CP of DelSqRho>
CP# = 27      
Type = (3,+1)
Coords = -4.79114235110773E+00 -1.61509544466383E+00  1.25953490192142E+00
DistFromNuc =  1.9873806839E+00
Rho =  7.1469848989E-02
DelSqRho =  1.9190829635E-01
GradDelSqRho = -3.4694469520E-16  1.7347234760E-17  9.1072982489E-17
HessDelSqRho_EigVals = -1.9577897870E+00  1.2466321747E-02  5.7342545608E-01
HessDelSqRho_EigVec1 =  6.0000033872E-01  7.7519870957E-01 -1.9765260995E-01
HessDelSqRho_EigVec2 =  7.8146743671E-01 -5.1506017215E-01  3.5216709731E-01
HessDelSqRho_EigVec3 = -1.7119649208E-01  3.6575945613E-01  9.1482882626E-01
</CP of DelSqRho>
<CP of DelSqRho>
CP# = 28      
Type = (3,-1)
Coords = -5.17097596481430E+00 -1.05449095557045E+00  1.14773364578769E+00
DistFromNuc =  1.9971056221E+00
Rho =  7.1520979087E-02
DelSqRho =  1.9324304248E-01
GradDelSqRho =  1.0609568779E-12  1.3118672815E-13 -2.3092291968E-13
HessDelSqRho_EigVals = -2.1741674736E+00 -1.6736654351E-02  5.3727332814E-01
HessDelSqRho_EigVec1 =  9.7078291210E-01  2.3575056076E-01 -4.4746068843E-02
HessDelSqRho_EigVec2 = -2.3402198528E-01  9.7138099165E-01  4.0653160575E-02
HessDelSqRho_EigVec3 =  5.3049486127E-02 -2.8993829745E-02  9.9817088209E-01
</CP of DelSqRho>
<CP of DelSqRho>
CP# = 29      
Type = (3,-1)
Coords = -4.06467227464636E+00 -1.62535905094245E+00  1.67409078987803E+00
DistFromNuc =  2.0044235980E+00
Rho =  7.1984087741E-02
DelSqRho =  1.9417008564E-01
GradDelSqRho = -3.1225022568E-17 -4.8572257327E-16  9.0205620751E-17
HessDelSqRho_EigVals = -2.1726314850E+00 -1.9043425746E-02  4.9109977616E-01
HessDelSqRho_EigVec1 = -1.3473299509E-01  8.0016605924E-01 -5.8444956811E-01
HessDelSqRho_EigVec2 =  7.2464125465E-01  4.8185658666E-01  4.9265533789E-01
HessDelSqRho_EigVec3 =  6.7582695425E-01 -3.5713933909E-01 -6.4475531822E-01
</CP of DelSqRho>
<CP of DelSqRho>
CP# = 30      
Type = (3,+1)
Coords = -4.12921923879761E+00 -9.92979822994308E-02  1.83565906720661E+00
DistFromNuc =  2.0284286053E+00
Rho =  7.0024013790E-02
DelSqRho =  1.7362197997E-01
GradDelSqRho =  2.6888213878E-16  3.2959746044E-17 -6.7480743215E-16
HessDelSqRho_EigVals = -1.6167950259E+00  3.0548682738E-02  5.7466925555E-01
HessDelSqRho_EigVec1 = -5.0789536447E-03  6.1409500981E-01  7.8921576464E-01
HessDelSqRho_EigVec2 = -8.0727707468E-01  4.6325037452E-01 -3.6565395555E-01
HessDelSqRho_EigVec3 =  5.9015076797E-01  6.3897293326E-01 -4.9339199591E-01
</CP of DelSqRho>
<CP of DelSqRho>
CP# = 31      
Type = (3,+1)
Coords = -4.45384900831699E+00  1.10559346548404E+00 -4.86387701470483E-01
DistFromNuc =  2.0314893247E+00
Rho =  6.9915562219E-02
DelSqRho =  1.7533226651E-01
GradDelSqRho = -6.5919492087E-17  2.3592239273E-16  3.1225022568E-16
HessDelSqRho_EigVals = -1.6713248364E+00  2.6210218282E-02  5.7600056260E-01
HessDelSqRho_EigVec1 = -2.0262776432E-01  9.6739401612E-01  1.5195659479E-01
HessDelSqRho_EigVec2 =  8.1760834114E-01  2.5253260511E-01 -5.1743973935E-01
HessDelSqRho_EigVec3 =  5.3894210229E-01 -1.9393321833E-02  8.4211953394E-01
</CP of DelSqRho>
<Path of -GradDelSqRho>
Starting CP# =      3
Ending CP# =      0
Number of Points =     30
 -4.2476938137E+00  4.8132279609E-02 -6.8172523486E-01  4.0469476778E-01 -9.3149373863E-01
 -4.2617379356E+00  6.3369229631E-02 -6.9571086982E-01  3.9394680839E-01 -9.4074199082E-01
 -4.2757880589E+00  7.8597947023E-02 -7.0969944341E-01  3.8420908625E-01 -9.6822009009E-01
 -4.2898446946E+00  9.3816925857E-02 -7.2369207221E-01  3.7544807961E-01 -1.0136942442E+00
 -4.3039080420E+00  1.0902507019E-01 -7.3768973600E-01  3.6762681331E-01 -1.0771306732E+00
 -4.3179780229E+00  1.2422172076E-01 -7.5169321519E-01  3.6070497878E-01 -1.1586251853E+00
 -4.3320543316E+00  1.3940666991E-01 -7.6570302732E-01  3.5463892598E-01 -1.2582640323E+00
 -4.3461364939E+00  1.5458016984E-01 -7.7971936020E-01  3.4938162015E-01 -1.3758895591E+00
 -4.3602239352E+00  1.6974294265E-01 -7.9374199565E-01  3.4488272630E-01 -1.5107424542E+00
 -4.3743160515E+00  1.8489620600E-01 -8.0777021212E-01  3.4108908178E-01 -1.6609709106E+00
 -4.3884122840E+00  2.0004173447E-01 -8.2180264571E-01  3.3794593940E-01 -1.8230569248E+00
 -4.4025121976E+00  2.1518198558E-01 -8.3583707587E-01  3.3539948016E-01 -1.9913340678E+00
 -4.4166155728E+00  2.3032031087E-01 -8.4987010520E-01  3.3340113814E-01 -2.1579663756E+00
 -4.4307225158E+00  2.4546114016E-01 -8.6389684528E-01  3.3191413256E-01 -2.3139861769E+00
 -4.4448335232E+00  2.6060925748E-01 -8.7791162271E-01  3.3092211355E-01 -2.4521355257E+00
 -4.4589490222E+00  2.7576435168E-01 -8.9191432965E-01  3.3043887580E-01 -2.5721294508E+00
 -4.4730671423E+00  2.9090593840E-01 -9.0592899473E-01  3.3051671574E-01 -2.6883548737E+00
 -4.4871822420E+00  3.0599709724E-01 -9.2000095691E-01  3.3124946610E-01 -2.8388629132E+00
 -4.5012909101E+00  3.2103126740E-01 -9.3414021945E-01  3.3276488728E-01 -3.0930011397E+00
 -4.5153944278E+00  3.3602916493E-01 -9.4832308652E-01  3.3520116441E-01 -3.5536683575E+00
 -4.5294948453E+00  3.5100789188E-01 -9.6252927983E-01  3.3866447516E-01 -4.3496222170E+00
 -4.5435934723E+00  3.6597630327E-01 -9.7674811816E-01  3.4316887957E-01 -5.6140270321E+00
 -4.5576910324E+00  3.8093867008E-01 -9.9097437468E-01  3.4856652946E-01 -7.4479128385E+00
 -4.5717879258E+00  3.9589711774E-01 -1.0052054125E+00  3.5448412616E-01 -9.8720185455E+00
 -4.5858843772E+00  4.1085275674E-01 -1.0194398398E+00  3.6028836460E-01 -1.2778003834E+01
 -4.5999805044E+00  4.2580619477E-01 -1.0336769001E+00  3.6510508116E-01 -1.5898682269E+01
 -4.6140763416E+00  4.4075778179E-01 -1.0479161915E+00  3.6790945607E-01 -1.8821226893E+01
 -4.6281718117E+00  4.5570774287E-01 -1.0621575533E+00  3.6768535977E-01 -2.1059155285E+01
 -4.6422664937E+00  4.7065631366E-01 -1.0764011543E+00  3.6362427415E-01 -2.2174810499E+01
 -4.6464942652E+00  4.7514077396E-01 -1.0806749773E+00  3.6158279189E-01 -2.2245840717E+01
</Path of -GradDelSqRho>
<Path of -GradDelSqRho>
Starting CP# =      3
Ending CP# =     15
Number of Points =     21
 -4.2476938137E+00  4.8132279609E-02 -6.8172523486E-01  4.0469476778E-01 -9.3149373863E-01
 -4.2336546944E+00  3.2889152624E-02 -6.6774130820E-01  4.1648273870E-01 -9.4092912028E-01
 -4.2196195962E+00  1.7641791682E-02 -6.5375796092E-01  4.2933626433E-01 -9.6970172572E-01
 -4.2055869933E+00  2.3926972034E-03 -6.3977399963E-01  4.4327599808E-01 -1.0186093066E+00
 -4.1915549984E+00 -1.2855347014E-02 -6.2578828316E-01  4.5831689817E-01 -1.0885044829E+00
 -4.1775213352E+00 -2.8099257536E-02 -6.1179973477E-01  4.7446733060E-01 -1.1801727742E+00
 -4.1634832821E+00 -4.3335587251E-02 -5.9780733297E-01  4.9172815426E-01 -1.2941796436E+00
 -4.1494375682E+00 -5.8560393165E-02 -5.8381007676E-01  5.1009188336E-01 -1.4306900296E+00
 -4.1353802005E+00 -7.3769007043E-02 -5.6980691894E-01  5.2954204303E-01 -1.5892663258E+00
 -4.1213061836E+00 -8.8955660400E-02 -5.5579665421E-01  5.5005285216E-01 -1.7686535578E+00
 -4.1072090708E+00 -1.0411287621E-01 -5.4177773647E-01  5.7158938141E-01 -1.9665631067E+00
 -4.0930802309E+00 -1.1923046038E-01 -5.2774797414E-01  5.9410834123E-01 -2.1794680069E+00
 -4.0789076041E+00 -1.3429375543E-01 -5.1370399989E-01  6.1755964870E-01 -2.4024224137E+00
 -4.0646734606E+00 -1.4928041843E-01 -4.9964029111E-01  6.4188888925E-01 -2.6289131587E+00
 -4.0503500169E+00 -1.6415393181E-01 -4.8554721204E-01  6.6704067881E-01 -2.8507386771E+00
 -4.0358898102E+00 -1.7884882929E-01 -4.7140665456E-01  6.9296251602E-01 -3.0578842541E+00
 -4.0212007239E+00 -1.9323038191E-01 -4.5718069264E-01  7.1960668479E-01 -3.2383180302E+00
 -4.0060617955E+00 -2.0694643631E-01 -4.4277390150E-01  7.4691295868E-01 -3.3775991443E+00
 -3.9896696706E+00 -2.1840632019E-01 -4.2785043452E-01  7.7450046304E-01 -3.4587061079E+00
 -3.9722897832E+00 -2.1194646577E-01 -4.1414956562E-01  7.8950901820E-01 -3.4811656618E+00
 -3.9580914338E+00 -1.8934011242E-01 -3.9547168120E-01  7.9238352119E-01 -3.4886757748E+00
</Path of -GradDelSqRho>
<Path of -GradDelSqRho>
Starting CP# =      4
Ending CP# =      0
Number of Points =     30
 -4.1428462650E+00 -8.0350987246E-01  9.9501446449E-01  4.0507095242E-01 -9.3109088648E-01
 -4.1547011075E+00 -8.0638045436E-01  1.0168369862E+00  3.9435171584E-01 -9.4036114285E-01
 -4.1665667042E+00 -8.0925771715E-01  1.0386527822E+00  3.8464124334E-01 -9.6791459285E-01
 -4.1784435751E+00 -8.1214321296E-01  1.0604613546E+00  3.7590641585E-01 -1.0135284468E+00
 -4.1903318292E+00 -8.1503820027E-01  1.0822624655E+00  3.6811058750E-01 -1.0771764099E+00
 -4.2022311995E+00 -8.1794357944E-01  1.1040561282E+00  3.6121370854E-01 -1.1589585401E+00
 -4.2141410966E+00 -8.2085983342E-01  1.1258425871E+00  3.5517232129E-01 -1.2589618810E+00
 -4.2260606759E+00 -8.2378696943E-01  1.1476222906E+00  3.4993952225E-01 -1.3770252706E+00
 -4.2379889122E+00 -8.2672445282E-01  1.1693958607E+00  3.4546505396E-01 -1.5123801144E+00
 -4.2499246727E+00 -8.2967111789E-01  1.1911640663E+00  3.4169578826E-01 -1.6631577065E+00
 -4.2618667842E+00 -8.3262503021E-01  1.2129278061E+00  3.3857698528E-01 -1.8258141740E+00
 -4.2738140856E+00 -8.3558326099E-01  1.2346881106E+00  3.3605482902E-01 -1.9946491161E+00
 -4.2857654737E+00 -8.3854154150E-01  1.2564461643E+00  3.3408078325E-01 -2.1617903055E+00
 -4.2977199679E+00 -8.4149394446E-01  1.2782033097E+00  3.3261816157E-01 -2.3182454755E+00
 -4.3096769277E+00 -8.4443382454E-01  1.2999607957E+00  3.3165081256E-01 -2.4567681132E+00
 -4.3216367739E+00 -8.4736147438E-01  1.3217183448E+00  3.3119286250E-01 -2.5771543749E+00
 -4.3336020404E+00 -8.5030574272E-01  1.3434706665E+00  3.3129706850E-01 -2.6939779874E+00
 -4.3455750965E+00 -8.5331930694E-01  1.3652091970E+00  3.3205778796E-01 -2.8456063154E+00
 -4.3575539791E+00 -8.5641237644E-01  1.3869333520E+00  3.3360324884E-01 -3.1018243370E+00
 -4.3695354723E+00 -8.5955642925E-01  1.4086487529E+00  3.3607185816E-01 -3.5660313649E+00
 -4.3815178835E+00 -8.6272759958E-01  1.4303597056E+00  3.3956950591E-01 -4.3674294044E+00
 -4.3935005646E+00 -8.6591342534E-01  1.4520683642E+00  3.4410918642E-01 -5.6393929404E+00
 -4.4054832798E+00 -8.6910784659E-01  1.4737757410E+00  3.4954102088E-01 -7.4827184281E+00
 -4.4174659384E+00 -8.7230782382E-01  1.4954823307E+00  3.5548871129E-01 -9.9172895436E+00
 -4.4294484942E+00 -8.7551176014E-01  1.5171883931E+00  3.6131526113E-01 -1.2833245662E+01
 -4.4414308973E+00 -8.7871878699E-01  1.5388940835E+00  3.6614272023E-01 -1.5961419065E+01
 -4.4534130510E+00 -8.8192843098E-01  1.5605995247E+00  3.6894322797E-01 -1.8887037408E+01
 -4.4653947208E+00 -8.8514046336E-01  1.5823048797E+00  3.6869922464E-01 -2.1122385275E+01
 -4.4773750867E+00 -8.8835490512E-01  1.6040105977E+00  3.6460294811E-01 -2.2229856347E+01
 -4.4809680815E+00 -8.8931986638E-01  1.6105228352E+00  3.6254832108E-01 -2.2297526770E+01
</Path of -GradDelSqRho>
<Path of -GradDelSqRho>
Starting CP# =      4
Ending CP# =     17
Number of Points =     20
 -4.1428462650E+00 -8.0350987246E-01  9.9501446449E-01  4.0507095242E-01 -9.3109088648E-01
 -4.1310009226E+00 -8.0064406027E-01  9.7318615782E-01  4.1682824924E-01 -9.4054242940E-01
 -4.1191640778E+00 -7.9778129046E-01  9.5135284270E-01  4.2964859673E-01 -9.6934906786E-01
 -4.1073339593E+00 -7.9491952074E-01  9.2951575115E-01  4.4355202172E-01 -1.0182820314E+00
 -4.0955083861E+00 -7.9205663732E-01  9.0767634380E-01  4.5855278703E-01 -1.0881599777E+00
 -4.0836847569E+00 -7.8919046219E-01  8.8583631561E-01  4.7465850252E-01 -1.1797258067E+00
 -4.0718600086E+00 -7.8631872226E-01  8.6399762444E-01  4.9186922243E-01 -1.2934925729E+00
 -4.0600305228E+00 -7.8343896799E-01  8.4216255476E-01  5.1017662507E-01 -1.4295620607E+00
 -4.0481919572E+00 -7.8054842348E-01  8.2033383310E-01  5.2956339121E-01 -1.5874220425E+00
 -4.0363389635E+00 -7.7764373527E-01  7.9851482150E-01  5.5000291592E-01 -1.7657309816E+00
 -4.0244647258E+00 -7.7472055925E-01  7.7670983563E-01  5.7145950232E-01 -1.9621014435E+00
 -4.0125601992E+00 -7.7177286674E-01  7.5492467702E-01  5.9388919294E-01 -2.1728950038E+00
 -4.0006128013E+00 -7.6879172655E-01  7.3316756202E-01  6.1724139003E-01 -2.3930407232E+00
 -3.9886040261E+00 -7.6576302463E-01  7.1145085493E-01  6.4146138739E-01 -2.6158840600E+00
 -3.9765046875E+00 -7.6266279985E-01  6.8979462069E-01  6.6649384018E-01 -2.8330594085E+00
 -3.9642641878E+00 -7.5944643801E-01  6.6823495010E-01  6.9228682900E-01 -3.0343509812E+00
 -3.9517814466E+00 -7.5601850794E-01  6.4684780505E-01  7.1879429570E-01 -3.2074576255E+00
 -3.9387987595E+00 -7.5211749231E-01  6.2584520769E-01  7.4595974188E-01 -3.3375338917E+00
 -3.9241869182E+00 -7.4642682750E-01  6.0646140555E-01  7.7332336706E-01 -3.4069724719E+00
 -3.8998622648E+00 -7.1248882968E-01  6.0980972392E-01  7.8547508092E-01 -3.4242532714E+00
</Path of -GradDelSqRho>
<Path of -GradDelSqRho>
Starting CP# =      5
Ending CP# =     15
Number of Points =     53
 -3.6257207332E+00 -5.3350307612E-01  4.0852053021E-02  2.2320592829E+01  1.2118227207E+03
 -3.6287809931E+00 -5.1132607918E-01  5.1979299055E-02  1.5486385580E+01  1.1329709714E+03
 -3.6318353567E+00 -4.8914799532E-01  6.3105999345E-02  1.0846693621E+01  9.6641937823E+02
 -3.6348883198E+00 -4.6696963400E-01  7.4232530910E-02  7.7063378965E+00  7.6122425218E+02
 -3.6379375944E+00 -4.4479056289E-01  8.5358659021E-02  5.5882044234E+00  5.6370703767E+02
 -3.6409796500E+00 -4.2261010792E-01  9.6484004324E-02  4.1598626430E+00  4.0234414639E+02
 -3.6440109177E+00 -4.0042756475E-01  1.0760813039E-01  3.1937828767E+00  2.8195188770E+02
 -3.6470281787E+00 -3.7824226432E-01  1.1873056537E-01  2.5371528033E+00  1.9534862509E+02
 -3.6500289050E+00 -3.5605363381E-01  1.2985083024E-01  2.0879179500E+00  1.3345730837E+02
 -3.6530110793E+00 -3.3386116018E-01  1.4096841616E-01  1.7775540257E+00  8.9217548446E+01
 -3.6559724352E+00 -3.1166423417E-01  1.5208267739E-01  1.5597169160E+00  5.7837393873E+01
 -3.6589095733E+00 -2.8946195104E-01  1.6319266302E-01  1.4030234394E+00  3.6006950303E+01
 -3.6618172171E+00 -2.6725291065E-01  1.7429689797E-01  1.2863752599E+00  2.1245788504E+01
 -3.6646874602E+00 -2.4503497617E-01  1.8539306512E-01  1.1957844972E+00  1.1590854454E+01
 -3.6675086744E+00 -2.2280489975E-01  1.9647747556E-01  1.1221321765E+00  5.4924737363E+00
 -3.6702635865E+00 -2.0055766076E-01  2.0754410299E-01  1.0595673852E+00  1.7747446638E+00
 -3.6729254163E+00 -1.7828516649E-01  2.1858264684E-01  1.0043806423E+00 -4.0844251833E-01
 -3.6754485806E+00 -1.5597326560E-01  2.2957399512E-01  9.5423427615E-01 -1.6337285424E+00
 -3.6777397299E+00 -1.3359299788E-01  2.4047648045E-01  9.0765614396E-01 -2.2747105623E+00
 -3.6795200989E+00 -1.1106261343E-01  2.5116008290E-01  8.6373124145E-01 -2.5628430963E+00
 -3.6772106831E+00 -8.8295026031E-02  2.5946832275E-01  8.2389922647E-01 -2.6379389402E+00
 -3.6571114909E+00 -8.0127356794E-02  2.4724305334E-01  8.2331076861E-01 -2.6458421589E+00
 -3.6412650248E+00 -7.1391708563E-02  2.3013291775E-01  8.2318858212E-01 -2.6518297805E+00
 -3.6328124064E+00 -6.2059972719E-02  2.0870863685E-01  8.2293904502E-01 -2.6566150365E+00
 -3.6331988569E+00 -5.3244014683E-02  1.8543869867E-01  8.2270854424E-01 -2.6611230823E+00
 -3.6399219815E+00 -4.5733128558E-02  1.6260354290E-01  8.2250788485E-01 -2.6662247667E+00
 -3.6498708262E+00 -3.9514639458E-02  1.4053970201E-01  8.2227185070E-01 -2.6725374949E+00
 -3.6613672995E+00 -3.4401940496E-02  1.1894110594E-01  8.2195854838E-01 -2.6805320531E+00
 -3.6736580739E+00 -3.0275816523E-02  9.7568038389E-02  8.2155521484E-01 -2.6906233761E+00
 -3.6863884156E+00 -2.7074375332E-02  7.6293361097E-02  8.2106383149E-01 -2.7031916967E+00
 -3.6993717056E+00 -2.4765015908E-02  5.5055811513E-02  8.2049240905E-01 -2.7185796576E+00
 -3.7124973544E+00 -2.3329098960E-02  3.3828654522E-02  8.1985083603E-01 -2.7370832390E+00
 -3.7256923304E+00 -2.2754685059E-02  1.2603633855E-02  8.1914886978E-01 -2.7589410605E+00
 -3.7389038172E+00 -2.3033084668E-02 -8.6170912743E-03  8.1839509065E-01 -2.7843233714E+00
 -3.7520907414E+00 -2.4157171941E-02 -2.9825162589E-02  8.1759632269E-01 -2.8133213412E+00
 -3.7652193005E+00 -2.6120551047E-02 -5.1008349707E-02  8.1675731146E-01 -2.8459371412E+00
 -3.7782604222E+00 -2.8917160821E-02 -7.2151901467E-02  8.1588056646E-01 -2.8820753037E+00
 -3.7911882138E+00 -3.2541119117E-02 -9.3239361459E-02  8.1496632533E-01 -2.9215358601E+00
 -3.8039789419E+00 -3.6986705071E-02 -1.1425306901E-01  8.1401261908E-01 -2.9640097500E+00
 -3.8166103053E+00 -4.2248423034E-02 -1.3517446242E-01  8.1301542837E-01 -3.0090769612E+00
 -3.8290608706E+00 -4.8321114539E-02 -1.5598424932E-01  8.1196892717E-01 -3.0562077943E+00
 -3.8413095897E+00 -5.5200096279E-02 -1.7666248234E-01  8.1086581321E-01 -3.1047675464E+00
 -3.8533353513E+00 -6.2881307879E-02 -1.9718856455E-01  8.0969772770E-01 -3.1540247906E+00
 -3.8651165263E+00 -7.1361455376E-02 -2.1754120265E-01  8.0845576725E-01 -3.2031632873E+00
 -3.8766304737E+00 -8.0638135247E-02 -2.3769832490E-01  8.0713109153E-01 -3.2512974199E+00
 -3.8878529693E+00 -9.0709918928E-02 -2.5763698503E-01  8.0571562712E-01 -3.2974909060E+00
 -3.8987575073E+00 -1.0157636747E-01 -2.7733328627E-01  8.0420286290E-01 -3.3407784082E+00
 -3.9093143965E+00 -1.1323792698E-01 -2.9676238805E-01  8.0258872063E-01 -3.3801895566E+00
 -3.9194895045E+00 -1.2569562127E-01 -3.1589871882E-01  8.0087246585E-01 -3.4147748103E+00
 -3.9292423403E+00 -1.3895039331E-01 -3.3471665687E-01  7.9905759551E-01 -3.4436325085E+00
 -3.9385226747E+00 -1.5300180212E-01 -3.5319230022E-01  7.9715260451E-01 -3.4659364044E+00
 -3.9472630959E+00 -1.6784533777E-01 -3.7130814111E-01  7.9517152566E-01 -3.4809629236E+00
 -3.9580914338E+00 -1.8934011242E-01 -3.9547168120E-01  7.9238352119E-01 -3.4886757748E+00
</Path of -GradDelSqRho>
<Path of -GradDelSqRho>
Starting CP# =      5
Ending CP# =      1
Number of Points =      7
 -3.6257207332E+00 -5.3350307612E-01  4.0852053021E-02  2.2320592829E+01  1.2118227207E+03
 -3.6226459792E+00 -5.5567742593E-01  2.9723527751E-02  3.2419509374E+01  9.7529728372E+02
 -3.6195583656E+00 -5.7784942558E-01  1.8593879648E-02  4.7450297267E+01 -7.1554333135E+02
 -3.6164650216E+00 -6.0002037562E-01  7.4637315785E-03  6.9766721179E+01 -6.1365207610E+03
 -3.6133678349E+00 -6.2219062188E-01 -3.6667496521E-03  1.0285109062E+02 -1.9714371267E+04
 -3.6102640255E+00 -6.4435966118E-01 -1.4797790100E-02  1.5248907153E+02 -7.2144476268E+04
 -3.6047346944E+00 -6.8377237691E-01 -3.4588762723E-02  2.9750684271E+02 -3.3315279094E+06
</Path of -GradDelSqRho>
<Path of -GradDelSqRho>
Starting CP# =      6
Ending CP# =      1
Number of Points =      7
 -3.6145718697E+00 -8.3483353763E-01 -1.0489615716E-01  2.2883343105E+01  1.2679327456E+03
 -3.6131387716E+00 -8.1220812850E-01 -9.4358747227E-02  3.3327360347E+01  9.9200564538E+02
 -3.6116820335E+00 -7.8958237471E-01 -8.3825316742E-02  4.8923092664E+01 -9.2419940985E+02
 -3.6102150185E+00 -7.6695648033E-01 -7.3293613769E-02  7.2112314820E+01 -6.7903236416E+03
 -3.6087395765E+00 -7.4433047894E-01 -6.2763318666E-02  1.0660003349E+02 -2.2168834259E+04
 -3.6072509354E+00 -7.2170432020E-01 -5.2235219006E-02  1.5832786426E+02 -8.0362505303E+04
 -3.6047346944E+00 -6.8377237691E-01 -3.4588762723E-02  2.9750684271E+02 -3.3315279094E+06
</Path of -GradDelSqRho>
<Path of -GradDelSqRho>
Starting CP# =      6
Ending CP# =      8
Number of Points =     23
 -3.6145718697E+00 -8.3483353763E-01 -1.0489615716E-01  2.2883343105E+01  1.2679327456E+03
 -3.6159754821E+00 -8.5745847824E-01 -1.1543854181E-01  1.5845188067E+01  1.1805827203E+03
 -3.6173640447E+00 -8.8008315676E-01 -1.2598348435E-01  1.1086221142E+01  1.0045131897E+03
 -3.6187486590E+00 -9.0270775905E-01 -1.3652910965E-01  7.8789228976E+00  7.9071918653E+02
 -3.6201255720E+00 -9.2533222515E-01 -1.4707603494E-01  5.7270402090E+00  5.8434860957E+02
 -3.6214871538E+00 -9.4795642285E-01 -1.5762552502E-01  4.2854379868E+00  4.1492764939E+02
 -3.6228248794E+00 -9.7058019420E-01 -1.6817897902E-01  3.3178835317E+00  2.8817117019E+02
 -3.6241299872E+00 -9.9320336061E-01 -1.7873781036E-01  2.6658050364E+00  1.9697877203E+02
 -3.6253940622E+00 -1.0158257255E+00 -1.8930334611E-01  2.2235063196E+00  1.3195344394E+02
 -3.6266085636E+00 -1.0384470561E+00 -1.9987690463E-01  1.9202543192E+00  8.5679500448E+01
 -3.6277627199E+00 -1.0610670217E+00 -2.1046013162E-01  1.7084376550E+00  5.3089332553E+01
 -3.6288402769E+00 -1.0836850781E+00 -2.2105549578E-01  1.5560267160E+00  3.0666044398E+01
 -3.6298151312E+00 -1.1063002554E+00 -2.3166691329E-01  1.4416888341E+00  1.5760451670E+01
 -3.6306442783E+00 -1.1289107093E+00 -2.4230069322E-01  1.3514695319E+00  6.2651929240E+00
 -3.6312538810E+00 -1.1515126071E+00 -2.5296729037E-01  1.2764468869E+00  5.1085619165E-01
 -3.6315069300E+00 -1.1740968454E+00 -2.6368503794E-01  1.2110608109E+00 -2.7704655571E+00
 -3.6311109025E+00 -1.1966366196E+00 -2.7448935865E-01  1.1519638767E+00 -4.4892437748E+00
 -3.6292394897E+00 -1.2190126910E+00 -2.8545924840E-01  1.0973997429E+00 -5.2634304322E+00
 -3.6211518758E+00 -1.2394326017E+00 -2.9652056083E-01  1.0502891444E+00 -5.5002124110E+00
 -3.5973665657E+00 -1.2414969109E+00 -3.0144012446E-01  1.0449982563E+00 -5.5575789954E+00
 -3.5726751980E+00 -1.2388032121E+00 -3.0427229144E-01  1.0477990054E+00 -5.5979866588E+00
 -3.5480338958E+00 -1.2353910136E+00 -3.0674421567E-01  1.0495009918E+00 -5.6235970431E+00
 -3.5175379705E+00 -1.2302601717E+00 -3.0913151786E-01  1.0500580949E+00 -5.6348569934E+00
</Path of -GradDelSqRho>
<Path of -GradDelSqRho>
Starting CP# =     12
Ending CP# =     17
Number of Points =     31
 -3.6407331921E+00 -1.5187726541E-01  3.7101449925E-01  8.1915471247E-01 -2.6350203926E+00
 -3.6426940124E+00 -1.5533835718E-01  3.7497511417E-01  8.1954204674E-01 -2.6350492753E+00
