 AIMInt (Version 19.02.13, Professional)
 Portions Copyright (c) 1997-2019 by Todd A. Keith
 AIMInt is a component of the AIMAll package ( http://aim.tkgristmill.com )

 TP:  64-bit Linux

 Licensed To:  Research Group of Fernando Cortes Guzman, UNAM, fercor@unam.mx

 AIMInt is a heavily modified and extended version of the PROAIMV program
 developed by members of R.F.W. Bader's research group

 Much of the Quantum Theory of Atoms in Molecules (QTAIM) is described in the book:
   "Atoms in Molecules - A Quantum Theory"
   R.F.W. Bader, Oxford University Press, Oxford, 1990

 For additional references see:  http://aim.tkgristmill.com/references.html

 Current Directory:  /home/scratch/M_H2O_4_cuadrado_plano/Opt

 Inp File:  Cu2_cuadrado_plano_cc-pvtz-def2-tzv_2_atomicfiles/o6.inp
 Wfx File:  Cu2_cuadrado_plano_cc-pvtz-def2-tzv_2.wfx
 Out File:  Cu2_cuadrado_plano_cc-pvtz-def2-tzv_2_atomicfiles/o6.int

 Wfx Title:   Cu2_cuadrado_plano_cc-pvtz-def2-tzv_2                                         
 Job Title:   Cu2_cuadrado_plano_cc-pvtz-def2-tzv_2                                         
 
<Atom>
O6      
</Atom>
<Nuclei of Molecule>
    13
Cu1       29.0           2.6523255516E-03  -7.9900834696E-03  -3.4291951969E-02
O2         8.0           6.7762951559E-01  -3.5743446680E+00  -3.4864822447E-02
H3         1.0           9.0335359679E-01  -4.4611475015E+00   1.6121694713E+00
O4         8.0          -3.6047345629E+00  -6.8377274418E-01  -3.4588960226E-02
H5         1.0          -4.6516182496E+00   4.8048324337E-01  -1.0858913613E+00
O6         8.0          -6.8453275287E-01   3.6047232833E+00  -3.3695516607E-02
H7         1.0          -8.7268616877E-01   4.4888928156E+00   1.6192508420E+00
O8         8.0           3.6000078876E+00   6.7639795693E-01  -3.4074463389E-02
H9         1.0           4.6517876492E+00  -4.7232363218E-01  -1.0976752022E+00
H10        1.0          -4.4852341743E+00  -8.9053527652E-01   1.6181658368E+00
H11        1.0           4.6215290149E-01   4.6532168870E+00  -1.1023415974E+00
H12        1.0           4.4854621903E+00   8.7940161537E-01   1.6165482691E+00
H13        1.0          -4.7709588525E-01  -4.6303063548E+00  -1.0879695498E+00
</Nuclei of Molecule>
<Total Number of CPs of DelSqRho>
    31
</Total Number of CPs of DelSqRho>
<Number of (3,+3) CPs of DelSqRho>
     4
</Number of (3,+3) CPs of DelSqRho>
<Number of (3,+1) CPs of DelSqRho>
    12
</Number of (3,+1) CPs of DelSqRho>
<Number of (3,-1) CPs of DelSqRho>
    11
</Number of (3,-1) CPs of DelSqRho>
<Number of (3,-3) CPs of DelSqRho>
     4
</Number of (3,-3) CPs of DelSqRho>
<Number of Degenerate CPs of DelSqRho>
     0
</Number of Degenerate CPs of DelSqRho>
<CP of DelSqRho>
CP# = 1       
Type = (3,+3)
Coords = -6.84532383973702E-01  3.60472341733508E+00 -3.36953244458871E-02
DistFromNuc =  4.3700762699E-07
Rho =  2.9750665947E+02
DelSqRho = -3.3315272373E+06
GradDelSqRho =  6.7754081101E-06  1.1622731108E-05 -1.3826138456E-07
HessDelSqRho_EigVals =  1.3248587172E+11  1.3248588968E+11  1.3248589624E+11
HessDelSqRho_EigVec1 =  8.9685482043E-01 -1.1450498144E-01  4.2724704833E-01
HessDelSqRho_EigVec2 =  8.7228741531E-02  9.9272864691E-01  8.2951674224E-02
HessDelSqRho_EigVec3 = -4.3363876410E-01 -3.7127386542E-02  9.0032159779E-01
</CP of DelSqRho>
<CP of DelSqRho>
CP# = 2       
Type = (3,-1)
Coords = -8.49307151594133E-01  1.91501244110441E+00 -1.45897887539510E-01
DistFromNuc =  1.7014296062E+00
Rho =  9.3315373758E-02
DelSqRho =  2.3180778040E-01
GradDelSqRho =  2.0816681712E-16 -3.1918911958E-16  3.2959746044E-17
HessDelSqRho_EigVals = -3.5947372949E-01 -1.2626669877E-01  2.7296151418E+00
HessDelSqRho_EigVec1 =  9.3852028703E-01  2.0466377956E-01  2.7801512219E-01
HessDelSqRho_EigVec2 = -2.7366558798E-01 -4.9846730601E-02  9.6053237811E-01
HessDelSqRho_EigVec3 = -2.1044433179E-01  9.7756229509E-01 -9.2272656607E-03
</CP of DelSqRho>
<CP of DelSqRho>
CP# = 3       
Type = (3,+1)
Coords = -7.92633795036638E-01  4.14523293545228E+00  9.95898810497952E-01
DistFromNuc =  1.1678617203E+00
Rho =  4.0510902895E-01
DelSqRho = -9.3133507723E-01
GradDelSqRho = -3.7136960174E-14  2.0194956818E-13  4.0152603464E-13
HessDelSqRho_EigVals = -2.9934821498E+01  1.4210357911E+01  1.4875285222E+01
HessDelSqRho_EigVec1 = -1.0492442908E-01  4.7591145200E-01  8.7321197543E-01
HessDelSqRho_EigVec2 = -9.4508630535E-01  2.2556739027E-01 -2.3649783907E-01
HessDelSqRho_EigVec3 =  3.0952017644E-01  8.5007508039E-01 -4.2610986620E-01
</CP of DelSqRho>
<CP of DelSqRho>
CP# = 4       
Type = (3,+1)
Coords =  3.65059018267742E-02  4.24881338758735E+00 -6.91706587228264E-01
DistFromNuc =  1.1694987700E+00
Rho =  4.0475779456E-01
DelSqRho = -9.3187010179E-01
GradDelSqRho =  9.9070751602E-13  8.5575990738E-13 -8.8307139379E-13
HessDelSqRho_EigVals = -2.9879282033E+01  1.4226462204E+01  1.4845289429E+01
HessDelSqRho_EigVec1 =  6.0033425943E-01  5.6247834629E-01 -5.6852166794E-01
HessDelSqRho_EigVec2 = -7.7489872930E-01  2.3327418873E-01 -5.8746498807E-01
HessDelSqRho_EigVec3 = -1.9781490413E-01  7.9322207661E-01  5.7590624313E-01
</CP of DelSqRho>
<CP of DelSqRho>
CP# = 5       
Type = (3,+1)
Coords = -5.33396752185643E-01  3.62646291240503E+00  3.97714782848105E-02
DistFromNuc =  1.6944645619E-01
Rho =  2.2320703401E+01
DelSqRho =  1.2119146544E+03
GradDelSqRho = -6.1959326558E-12  4.8885340220E-12 -2.6005864129E-12
HessDelSqRho_EigVals = -3.8878114137E+05  3.6730500669E+03  3.7541880909E+03
HessDelSqRho_EigVec1 =  8.9215905977E-01  1.2710448257E-01  4.3347048639E-01
HessDelSqRho_EigVec2 = -4.3520552975E-01 -1.5250636802E-02  9.0020195787E-01
HessDelSqRho_EigVec3 = -1.2103040501E-01  9.9177208500E-01 -4.1710579879E-02
</CP of DelSqRho>
<CP of DelSqRho>
CP# = 6       
Type = (3,-3)
Coords = -7.11781337977453E-01  3.44611179328959E+00 -7.88991359377131E-02
DistFromNuc =  1.6716296645E-01
Rho =  2.2688579008E+01
DelSqRho =  1.2917092715E+03
GradDelSqRho =  7.7307049651E-12  1.0345502233E-11 -1.0373923942E-12
HessDelSqRho_EigVals = -4.4669748970E+05 -2.8426627308E+03 -1.6201534229E+02
HessDelSqRho_EigVec1 =  1.6777673737E-01  9.4750450925E-01  2.7218775019E-01
HessDelSqRho_EigVec2 =  8.9563489647E-01 -2.6187306668E-01  3.5952834267E-01
HessDelSqRho_EigVec3 = -4.1193336673E-01 -1.8346035514E-01  8.9255431177E-01
</CP of DelSqRho>
<CP of DelSqRho>
CP# = 7       
Type = (3,+1)
Coords = -8.36472007825383E-01  3.61424226268745E+00 -1.02133439180750E-01
DistFromNuc =  1.6691284376E-01
Rho =  2.2882550654E+01
DelSqRho =  1.2679500257E+03
GradDelSqRho =  1.0231815395E-11 -5.8264504332E-13  8.4128259914E-12
HessDelSqRho_EigVals = -4.4822282894E+05  1.8657331678E+03  1.9061164424E+03
HessDelSqRho_EigVec1 =  9.1026337156E-01 -5.4769353983E-02  4.1039116981E-01
HessDelSqRho_EigVec2 = -1.1086064301E-01  9.2277661979E-01  3.6904366652E-01
HessDelSqRho_EigVec3 = -3.9891165968E-01 -3.8142316111E-01  8.3389799133E-01
</CP of DelSqRho>
<CP of DelSqRho>
CP# = 8       
Type = (3,-1)
Coords = -8.99262149620555E-01  3.22317901736549E+00  5.24543482172483E-01
DistFromNuc =  7.0944733452E-01
Rho =  6.8210946087E-01
DelSqRho = -1.2144017161E+00
GradDelSqRho = -3.1086244690E-15  1.7763568394E-15  0.0000000000E+00
HessDelSqRho_EigVals = -1.4637780249E+01 -9.6968063996E+00  1.5260752918E+02
HessDelSqRho_EigVec1 =  2.8806478841E-01  7.2665166236E-01  6.2369546997E-01
HessDelSqRho_EigVec2 =  9.0129376789E-01 -4.2579443988E-01  7.9803752650E-02
HessDelSqRho_EigVec3 = -3.2355559282E-01 -5.3914418902E-01  7.7758299994E-01
</CP of DelSqRho>
<CP of DelSqRho>
CP# = 9       
Type = (3,-1)
Coords = -7.00931433263354E-01  4.32575405906909E+00  3.14863890817071E-03
DistFromNuc =  7.2215773078E-01
Rho =  6.5000330564E-01
DelSqRho = -8.4752143800E-01
GradDelSqRho = -7.9936057773E-15  2.6645352591E-14  2.8865798640E-15
HessDelSqRho_EigVals = -1.6353018602E+01 -1.0664537839E+01  1.3672599447E+02
HessDelSqRho_EigVec1 = -4.7253982755E-01 -5.6099868560E-02  8.7952198161E-01
HessDelSqRho_EigVec2 =  8.8039112874E-01  1.5494762443E-02  4.7399511894E-01
HessDelSqRho_EigVec3 = -4.0219048039E-02  9.9830492190E-01  4.2067934231E-02
</CP of DelSqRho>
<CP of DelSqRho>
CP# = 10      
Type = (3,+3)
Coords = -1.23421163078286E+00  3.51479952595888E+00 -3.01115311933196E-01
DistFromNuc =  6.1785637319E-01
Rho =  1.0494190858E+00
DelSqRho = -5.6265501631E+00
GradDelSqRho =  3.6592950892E-12  1.2434497876E-12  1.8509638267E-12
HessDelSqRho_EigVals =  2.3114992805E+01  2.8527776753E+01  4.7248227029E+02
HessDelSqRho_EigVec1 = -1.6958996206E-01  9.8495355311E-01  3.3252713824E-02
HessDelSqRho_EigVec2 = -4.2160228094E-01 -1.0300714974E-01  9.0091122971E-01
HessDelSqRho_EigVec3 =  8.9078098401E-01  1.3876608127E-01  4.3272764323E-01
</CP of DelSqRho>
<CP of DelSqRho>
CP# = 11      
Type = (3,-1)
Coords = -3.70547674798691E-01  3.30003180807705E+00 -5.90851241387515E-01
DistFromNuc =  7.0841091605E-01
Rho =  6.8673870785E-01
DelSqRho = -1.2482770594E+00
GradDelSqRho =  3.1086244690E-15  7.9936057773E-15  7.8825834748E-15
HessDelSqRho_EigVals = -1.5057178636E+01 -9.4002249535E+00  1.5412827949E+02
HessDelSqRho_EigVec1 = -6.4797597526E-01 -7.5887299211E-01  6.5106968394E-02
HessDelSqRho_EigVec2 = -6.3260119658E-01  4.8860281550E-01 -6.0090183455E-01
HessDelSqRho_EigVec3 = -4.2419672509E-01  4.3055669839E-01  7.9666684875E-01
</CP of DelSqRho>
<CP of DelSqRho>
CP# = 12      
Type = (3,+1)
Coords = -1.47081450583678E-01  3.64222756147567E+00  3.64464145230441E-01
DistFromNuc =  6.6991909177E-01
Rho =  8.1879379450E-01
DelSqRho = -2.6315800956E+00
GradDelSqRho =  3.5000891074E-12 -7.9936057773E-15  2.5619506516E-12
HessDelSqRho_EigVals = -2.6141177744E+00  5.7511633361E+00  2.1195490221E+02
HessDelSqRho_EigVec1 = -5.5418091019E-01  3.5304629933E-01  7.5381816727E-01
HessDelSqRho_EigVec2 =  1.6468729280E-01  9.3420225466E-01 -3.1645575202E-01
HessDelSqRho_EigVec3 =  8.1594216362E-01  5.1229463455E-02  5.7585929506E-01
</CP of DelSqRho>
<CP of DelSqRho>
CP# = 13      
Type = (3,+1)
Coords = -6.73296218709071E-01  3.93579315281386E+00 -6.35116897738155E-01
DistFromNuc =  6.8661575563E-01
Rho =  7.8117875232E-01
DelSqRho = -2.5334141351E+00
GradDelSqRho = -1.1102230246E-14  6.6613381478E-15 -3.1530333899E-14
HessDelSqRho_EigVals = -1.7563635267E+01  1.3109156232E+01  2.0183602775E+02
HessDelSqRho_EigVec1 =  9.5520195882E-01  2.8535768662E-01  7.8486996022E-02
HessDelSqRho_EigVec2 = -2.8930485052E-01  8.4440315903E-01  4.5087249692E-01
HessDelSqRho_EigVec3 =  6.2385265300E-02 -4.5338096089E-01  8.8913091442E-01
</CP of DelSqRho>
<CP of DelSqRho>
CP# = 14      
Type = (3,+1)
Coords = -1.15878658041351E+00  3.87395982244780E+00  3.83351295476314E-01
DistFromNuc =  6.8653699858E-01
Rho =  7.8477768269E-01
DelSqRho = -2.6033251052E+00
GradDelSqRho = -7.1054273576E-15  9.3258734069E-15  1.3100631691E-14
HessDelSqRho_EigVals = -1.6816345400E+01  1.3832897709E+01  2.0245591959E+02
HessDelSqRho_EigVec1 = -6.4715343077E-01 -2.4492086385E-01 -7.2194612507E-01
HessDelSqRho_EigVec2 =  1.2914133202E-01  8.9808367501E-01 -4.2043813938E-01
HessDelSqRho_EigVec3 =  7.5134210145E-01 -3.6532106856E-01 -5.4956852480E-01
</CP of DelSqRho>
<CP of DelSqRho>
CP# = 15      
Type = (3,+1)
Coords = -2.72428317946801E-01  3.07254473604801E+00  1.23926153945985E-01
DistFromNuc =  6.9129491714E-01
Rho =  7.4594865426E-01
DelSqRho = -2.4738921738E+00
GradDelSqRho =  2.3092638912E-14 -1.5598633496E-14 -3.1086244690E-15
HessDelSqRho_EigVals = -1.5268213043E+00  9.6757013189E+00  1.8404174728E+02
HessDelSqRho_EigVec1 =  6.5572048599E-01  6.6519424910E-01  3.5713758585E-01
HessDelSqRho_EigVec2 =  4.2633651418E-01  6.4165679478E-02 -9.0228595371E-01
HessDelSqRho_EigVec3 = -6.2311140331E-01  7.4390817749E-01 -2.4152184688E-01
</CP of DelSqRho>
<CP of DelSqRho>
CP# = 16      
Type = (3,+3)
Coords = -7.05910388147883E-01  3.90160293953467E+00  6.10232153284961E-01
DistFromNuc =  7.0939225935E-01
Rho =  7.8535364998E-01
DelSqRho = -3.4232914328E+00
GradDelSqRho =  8.6197715632E-13 -3.9257486151E-13 -4.7739590059E-13
HessDelSqRho_EigVals =  1.3192006538E+01  2.4695723807E+01  1.5824394452E+02
HessDelSqRho_EigVec1 =  9.7029419260E-01 -2.2381567414E-01  9.1846196503E-02
HessDelSqRho_EigVec2 =  2.4190105992E-01  8.9188090418E-01 -3.8214176685E-01
HessDelSqRho_EigVec3 =  3.6134483823E-03  3.9300762941E-01  9.1952811062E-01
</CP of DelSqRho>
<CP of DelSqRho>
CP# = 17      
Type = (3,+3)
Coords = -1.96450487878396E-01  3.95932767632653E+00 -4.02093511862906E-01
DistFromNuc =  7.0688447137E-01
Rho =  7.9216990041E-01
DelSqRho = -3.4871107913E+00
GradDelSqRho = -2.6645352591E-15 -6.2172489379E-15  1.4210854715E-14
HessDelSqRho_EigVals =  1.3530212394E+01  2.5045969804E+01  1.6168989977E+02
HessDelSqRho_EigVec1 = -6.6051687171E-01  2.8746061237E-01 -6.9360208947E-01
HessDelSqRho_EigVec2 = -1.8490429114E-01  8.3307110218E-01  5.2134723729E-01
HessDelSqRho_EigVec3 =  7.2768665324E-01  4.7260864894E-01 -4.9710481756E-01
</CP of DelSqRho>
<CP of DelSqRho>
CP# = 18      
Type = (3,-3)
Coords = -7.31205517066830E-01  4.74162451221157E+00  1.33934698260182E-02
DistFromNuc =  1.1388327901E+00
Rho =  2.4227355363E-01
DelSqRho =  9.0424461386E-01
GradDelSqRho =  1.4988010832E-15 -3.1086244690E-15  8.3266726847E-17
HessDelSqRho_EigVals = -1.8239477413E+01 -2.0430342408E+00 -5.5561402560E-01
HessDelSqRho_EigVec1 = -6.4964554914E-02  9.9745897387E-01  2.9243837687E-02
HessDelSqRho_EigVec2 = -4.4758937790E-01 -5.5318911840E-02  8.9252650761E-01
HessDelSqRho_EigVec3 =  8.9187631171E-01  4.4893356197E-02  4.5004581009E-01
</CP of DelSqRho>
<CP of DelSqRho>
CP# = 19      
Type = (3,-1)
Coords = -1.06215772201957E+00  4.10959348382401E+00 -1.03383022661274E+00
DistFromNuc =  1.1822706860E+00
Rho =  2.3964588102E-01
DelSqRho =  7.5790726976E-01
GradDelSqRho =  1.4155343564E-15 -1.8596235662E-15 -2.8455016121E-13
HessDelSqRho_EigVals = -1.7949099599E+01 -9.5965224137E-01  2.1867359389E-01
HessDelSqRho_EigVec1 =  3.3164467956E-01 -4.2613307710E-01  8.4167832758E-01
HessDelSqRho_EigVec2 = -8.9921121534E-01 -4.1264972548E-01  1.4539392791E-01
HessDelSqRho_EigVec3 = -2.8536116892E-01  8.0506571450E-01  5.2003672813E-01
</CP of DelSqRho>
<CP of DelSqRho>
CP# = 20      
Type = (3,-3)
Coords = -3.81938293975196E-01  3.27150815388986E+00 -1.09138008964903E+00
DistFromNuc =  1.1494748301E+00
Rho =  2.4305440789E-01
DelSqRho =  8.2961867277E-01
GradDelSqRho = -1.3742479377E-14  2.9143354396E-14  6.9388939039E-14
HessDelSqRho_EigVals = -1.7962130146E+01 -1.5858590483E+00 -3.9521799729E-01
HessDelSqRho_EigVec1 = -2.5432368591E-01  3.3349348249E-01  9.0780039652E-01
HessDelSqRho_EigVec2 =  5.2111165316E-01  8.3800000579E-01 -1.6185992474E-01
HessDelSqRho_EigVec3 = -8.1471596752E-01  4.3190055271E-01 -3.8691059025E-01
</CP of DelSqRho>
<CP of DelSqRho>
CP# = 21      
Type = (3,-3)
Coords = -1.29974152076836E+00  3.13370312786448E+00  8.13742169719478E-01
DistFromNuc =  1.1482562637E+00
Rho =  2.4251565125E-01
DelSqRho =  8.3322927111E-01
GradDelSqRho =  1.9126089601E-12  1.0151879337E-12 -1.5507317652E-12
HessDelSqRho_EigVals = -1.8076285328E+01 -1.4953784208E+00 -4.3937937330E-01
HessDelSqRho_EigVec1 = -5.2536158711E-01 -4.5124549372E-01  7.2136863474E-01
HessDelSqRho_EigVec2 =  1.3518943683E-01  7.9275635127E-01  5.9435779098E-01
HessDelSqRho_EigVec3 = -8.4007084163E-01  4.0977417185E-01 -3.5548011073E-01
</CP of DelSqRho>
<CP of DelSqRho>
CP# = 22      
Type = (3,-1)
Coords =  4.51826513836552E-01  3.32971206669373E+00 -2.44389340275037E-01
DistFromNuc =  1.1879963971E+00
Rho =  2.3905512689E-01
DelSqRho =  7.0752959876E-01
GradDelSqRho =  1.1102230246E-15 -5.8286708793E-16  7.6327832943E-17
HessDelSqRho_EigVals = -1.6389992373E+01 -1.5862481840E+00  2.7659345215E-01
HessDelSqRho_EigVec1 =  9.4705185453E-01 -2.7743791391E-01 -1.6161988971E-01
HessDelSqRho_EigVec2 =  1.7042573916E-01  8.6095854208E-01 -4.7927597088E-01
HessDelSqRho_EigVec3 =  2.7211735016E-01  4.2635500789E-01  8.6265494550E-01
</CP of DelSqRho>
<CP of DelSqRho>
CP# = 23      
Type = (3,+1)
Coords = -3.74664226867621E-01  2.41441148346842E+00  1.68147741614657E-02
DistFromNuc =  1.2310207040E+00
Rho =  2.3410466995E-01
DelSqRho =  3.5216802818E-01
GradDelSqRho =  1.1723400029E-12 -1.5938361742E-12  1.5323853297E-13
HessDelSqRho_EigVals = -1.0216403028E+01  9.0354293120E-01  1.1575693196E+00
HessDelSqRho_EigVec1 = -2.6295057439E-01  9.6381183371E-01 -4.3860513263E-02
HessDelSqRho_EigVec2 =  7.8972458558E-01  2.4112554703E-01  5.6408647342E-01
HessDelSqRho_EigVec3 = -5.5424910858E-01 -1.1368913653E-01  8.2455000205E-01
</CP of DelSqRho>
<CP of DelSqRho>
CP# = 24      
Type = (3,-1)
Coords = -1.39576930392692E-01  3.25582182447263E+00  9.61644729601340E-01
DistFromNuc =  1.1871862879E+00
Rho =  2.3888458989E-01
DelSqRho =  6.9724521156E-01
GradDelSqRho = -1.8873791419E-15  1.9151347175E-15 -7.2164496601E-16
HessDelSqRho_EigVals = -1.6285105144E+01 -1.5333531670E+00  3.3307019128E-01
HessDelSqRho_EigVec1 =  4.6617569706E-01 -3.3774807615E-01  8.1768359194E-01
HessDelSqRho_EigVec2 =  3.1946968755E-01 -7.9762546356E-01 -5.1159821991E-01
HessDelSqRho_EigVec3 =  8.2499656861E-01  4.9971977841E-01 -2.6393333411E-01
</CP of DelSqRho>
<CP of DelSqRho>
CP# = 25      
Type = (3,-1)
Coords = -1.73364807898118E+00  4.02394963031810E+00  3.22978427615716E-01
DistFromNuc =  1.1847404779E+00
Rho =  2.3990184990E-01
DelSqRho =  7.5040131947E-01
GradDelSqRho = -1.3433698598E-14  1.0824674490E-14  5.6343818500E-15
HessDelSqRho_EigVals = -1.7862398958E+01 -9.0245582669E-01  2.3525959844E-01
HessDelSqRho_EigVec1 =  8.8950273325E-01 -3.5468750233E-01 -2.8806538013E-01
HessDelSqRho_EigVec2 =  4.1298722027E-01  3.5430852774E-01  8.3899167044E-01
HessDelSqRho_EigVec3 =  1.9551583934E-01  8.6525270463E-01 -4.6163980949E-01
</CP of DelSqRho>
<CP of DelSqRho>
CP# = 26      
Type = (3,+1)
Coords = -1.59716657076444E+00  4.80036750690428E+00  1.26529933450195E+00
DistFromNuc =  1.9874237641E+00
Rho =  7.1473129034E-02
DelSqRho =  1.9187568865E-01
GradDelSqRho =  3.8944542036E-15 -2.3973878438E-15 -2.4650420594E-15
HessDelSqRho_EigVals = -1.9576985904E+00  1.2323521046E-02  5.7342230829E-01
HessDelSqRho_EigVec1 =  7.6900983368E-01 -6.0642527037E-01 -2.0216890752E-01
HessDelSqRho_EigVec2 =  5.1942054148E-01  7.7713790052E-01 -3.5532940305E-01
HessDelSqRho_EigVec3 =  3.7259384965E-01  1.6824112172E-01  9.1261642992E-01
</CP of DelSqRho>
<CP of DelSqRho>
CP# = 27      
Type = (3,-1)
Coords = -1.60564162276350E+00  4.06653617872648E+00  1.68544130379493E+00
DistFromNuc =  2.0042814443E+00
Rho =  7.2004432767E-02
DelSqRho =  1.9419750861E-01
GradDelSqRho =  2.6076779625E-12  2.0424634206E-13 -2.5313640073E-12
HessDelSqRho_EigVals = -2.1724961805E+00 -1.9140983684E-02  4.9110075086E-01
HessDelSqRho_EigVec1 =  7.9239443502E-01  1.3547971061E-01 -5.9477416501E-01
HessDelSqRho_EigVec2 =  4.9000018821E-01 -7.2210769004E-01  4.8832396986E-01
HessDelSqRho_EigVec3 =  3.6333300827E-01  6.7838464900E-01  6.3857919877E-01
</CP of DelSqRho>
<CP of DelSqRho>
CP# = 28      
Type = (3,-1)
Coords =  1.38640511637298E-01  4.22536974665838E+00 -1.75261531054572E+00
DistFromNuc =  2.0043706029E+00
Rho =  7.2070885783E-02
DelSqRho =  1.9640258248E-01
GradDelSqRho = -2.6709242457E-12  9.9639393958E-13  8.8157814382E-12
HessDelSqRho_EigVals = -2.2619351271E+00 -2.1063139726E-02  4.6434114587E-01
HessDelSqRho_EigVec1 = -3.2568301630E-02  1.0033845419E-01  9.9442018299E-01
HessDelSqRho_EigVec2 =  7.5024260076E-01 -6.5491830972E-01  9.0653447783E-02
HessDelSqRho_EigVec3 =  6.6036001222E-01  7.4900881317E-01 -5.3948605771E-02
</CP of DelSqRho>
<CP of DelSqRho>
CP# = 29      
Type = (3,-1)
Coords = -1.04743788660196E+00  5.17254930562234E+00  1.14929328013623E+00
DistFromNuc =  1.9973084553E+00
Rho =  7.1517254777E-02
DelSqRho =  1.9313140627E-01
GradDelSqRho =  1.3523904219E-14 -1.1665668431E-13 -2.5617528931E-14
HessDelSqRho_EigVals = -2.1704560578E+00 -1.6332352991E-02  5.3756888482E-01
HessDelSqRho_EigVec1 = -2.4070990085E-01  9.6950314867E-01  4.6069386331E-02
HessDelSqRho_EigVec2 =  9.7049106345E-01  2.3971071316E-01  2.6189115508E-02
HessDelSqRho_EigVec3 = -1.4347104494E-02 -5.1013907129E-02  9.9859488376E-01
</CP of DelSqRho>
<CP of DelSqRho>
CP# = 30      
Type = (3,+1)
Coords = -7.72449811014354E-02  4.13649939520315E+00  1.82709327792808E+00
DistFromNuc =  2.0283291668E+00
Rho =  7.0039458460E-02
DelSqRho =  1.7364349263E-01
GradDelSqRho =  7.1123662515E-17  1.7000290065E-16  7.3031858339E-16
HessDelSqRho_EigVals = -1.6167576974E+00  3.0470194165E-02  5.7471964286E-01
HessDelSqRho_EigVec1 =  6.2458476469E-01  9.4387757362E-03  7.8089998158E-01
HessDelSqRho_EigVec2 =  4.5523512494E-01  8.0807015652E-01 -3.7387645442E-01
HessDelSqRho_EigVec3 = -6.3455090635E-01  5.8901063798E-01  5.0041144631E-01
</CP of DelSqRho>
<CP of DelSqRho>
CP# = 31      
Type = (3,+1)
Coords =  1.09627360523232E+00  4.45704869694142E+00 -5.11735939695836E-01
DistFromNuc =  2.0313179323E+00
Rho =  6.9931603149E-02
DelSqRho =  1.7534085247E-01
GradDelSqRho = -3.1957075874E-13 -7.6862127774E-14  6.6369652829E-14
HessDelSqRho_EigVals = -1.6706463284E+00  2.6148964121E-02  5.7606049140E-01
HessDelSqRho_EigVec1 =  9.6913406074E-01  2.0444749672E-01  1.3776934854E-01
HessDelSqRho_EigVec2 = -2.4645578264E-01  8.1753807145E-01  5.2047194826E-01
HessDelSqRho_EigVec3 = -6.2225005820E-03 -5.3836114534E-01  8.4269125881E-01
</CP of DelSqRho>
<Path of -GradDelSqRho>
Starting CP# =      3
Ending CP# =      0
Number of Points =     30
 -7.9263379504E-01  4.1452329355E+00  9.9589881050E-01  4.0510902895E-01 -9.3133507723E-01
 -7.9525965771E-01  4.1571355462E+00  1.0177261486E+00  3.9439187041E-01 -9.4060752159E-01
 -7.9789236208E-01  4.1690486791E+00  1.0395469211E+00  3.8468348541E-01 -9.6816808712E-01
 -8.0053346728E-01  4.1809728402E+00  1.0613606536E+00  3.7595076895E-01 -1.0137947167E+00
 -8.0318423314E-01  4.1929081317E+00  1.0831671259E+00  3.6815708634E-01 -1.0774617089E+00
 -8.0584555613E-01  4.2048542862E+00  1.1049663628E+00  3.6126239599E-01 -1.1592695290E+00
 -8.0851791067E-01  4.2168107210E+00  1.1267586129E+00  3.5522324531E-01 -1.2593053480E+00
 -8.1120129164E-01  4.2287766055E+00  1.1485443205E+00  3.4999273288E-01 -1.3774076901E+00
 -8.1389514902E-01  4.2407509349E+00  1.1703240944E+00  3.4552060071E-01 -1.5128069783E+00
 -8.1659829969E-01  4.2527326047E+00  1.1920986794E+00  3.4175371833E-01 -1.6636325960E+00
 -8.1930879035E-01  4.2647204766E+00  1.2138689381E+00  3.3863734332E-01 -1.8263376537E+00
 -8.2202367233E-01  4.2767134350E+00  1.2356358479E+00  3.3611765944E-01 -1.9952177628E+00
 -8.2473865632E-01  4.2887104338E+00  1.2574005183E+00  3.3414613603E-01 -2.1623965355E+00
 -8.2744779496E-01  4.3007105652E+00  1.2791641900E+00  3.3268610252E-01 -2.3188792476E+00
 -8.3014443101E-01  4.3127132648E+00  1.3009279979E+00  3.3172143807E-01 -2.4574218455E+00
 -8.3282888352E-01  4.3247189472E+00  1.3226916672E+00  3.3126631720E-01 -2.5778322226E+00
 -8.3553010492E-01  4.3367298261E+00  1.3444503899E+00  3.3137356206E-01 -2.6947096455E+00
 -8.3830083908E-01  4.3487477047E+00  1.3661964925E+00  3.3213760379E-01 -2.8464636367E+00
 -8.4115121135E-01  4.3607705349E+00  1.3879295675E+00  3.3368673535E-01 -3.1029365761E+00
 -8.4405261848E-01  4.3727954289E+00  1.4096547521E+00  3.3615939343E-01 -3.5675925341E+00
 -8.4698116274E-01  4.3848209585E+00  1.4313759453E+00  3.3966142873E-01 -4.3696898949E+00
 -8.4992437050E-01  4.3968466112E+00  1.4530950888E+00  3.4420569357E-01 -5.6426280780E+00
 -8.5287617710E-01  4.4088722166E+00  1.4748130917E+00  3.4964204105E-01 -7.4871701446E+00
 -8.5583354086E-01  4.4208977166E+00  1.4965303969E+00  3.5559377980E-01 -9.9230854027E+00
 -8.5879486375E-01  4.4329230826E+00  1.5182472369E+00  3.6142343217E-01 -1.2840312737E+01
 -8.6175927626E-01  4.4449482746E+00  1.5399637517E+00  3.6625255804E-01 -1.5969424963E+01
 -8.6472630373E-01  4.4569732025E+00  1.5616800556E+00  3.6905290841E-01 -1.8895396861E+01
 -8.6769571475E-01  4.4689976375E+00  1.5833963067E+00  3.6880674922E-01 -2.1130355923E+01
 -8.7066752147E-01  4.4810207703E+00  1.6051129510E+00  3.6470643160E-01 -2.2236709625E+01
 -8.7155968014E-01  4.4846266057E+00  1.6116284712E+00  3.6265027794E-01 -2.2303928755E+01
</Path of -GradDelSqRho>
<Path of -GradDelSqRho>
Starting CP# =      3
Ending CP# =     16
Number of Points =     20
 -7.9263379504E-01  4.1452329355E+00  9.9589881050E-01  4.0510902895E-01 -9.3133507723E-01
 -7.9001284557E-01  4.1333396186E+00  9.7406581648E-01  4.1686424043E-01 -9.4078850028E-01
 -7.8739506918E-01  4.1214546094E+00  9.5222791831E-01  4.2968247612E-01 -9.6960009334E-01
 -7.8477840023E-01  4.1095761636E+00  9.3038631660E-01  4.4358374158E-01 -1.0185399394E+00
 -7.8216069651E-01  4.0977021297E+00  9.0854244002E-01  4.5858227663E-01 -1.0884253735E+00
 -7.7953974645E-01  4.0858299376E+00  8.8669795159E-01  4.7468566687E-01 -1.1799977731E+00
 -7.7691323792E-01  4.0739565563E+00  8.6485477727E-01  4.9189394164E-01 -1.2937684521E+00
 -7.7427867576E-01  4.0620784005E+00  8.4301516912E-01  5.1019875441E-01 -1.4298372255E+00
 -7.7163322968E-01  4.0501911628E+00  8.2118181925E-01  5.2958276208E-01 -1.5876896679E+00
 -7.6897347950E-01  4.0382895329E+00  7.9935805066E-01  5.5001933779E-01 -1.7659818292E+00
 -7.6629499590E-01  4.0263667389E+00  7.7754813103E-01  5.7147276588E-01 -1.9623236702E+00
 -7.6359163621E-01  4.0144137898E+00  7.5575779749E-01  5.9389907460E-01 -2.1730740005E+00
 -7.6085430822E-01  4.0024181753E+00  7.3399517277E-01  6.1724765780E-01 -2.3931589781E+00
 -7.5806865559E-01  3.9903614924E+00  7.1227247447E-01  6.4146380841E-01 -2.6159210199E+00
 -7.5521032217E-01  3.9782147149E+00  6.9060952003E-01  6.6649218969E-01 -2.8329912701E+00
 -7.5223397554E-01  3.9659275153E+00  6.6904194485E-01  6.9228090006E-01 -3.0341502731E+00
 -7.4904263989E-01  3.9533993246E+00  6.4764476540E-01  7.1878390321E-01 -3.2070923320E+00
 -7.4537029548E-01  3.9403735607E+00  6.2662762830E-01  7.4594464106E-01 -3.3369658535E+00
 -7.3987131551E-01  3.9257238418E+00  6.0721834624E-01  7.7329909988E-01 -3.4061603185E+00
 -7.0591038815E-01  3.9016029395E+00  6.1023215328E-01  7.8535364998E-01 -3.4232914328E+00
</Path of -GradDelSqRho>
<Path of -GradDelSqRho>
Starting CP# =      4
Ending CP# =      0
Number of Points =     30
  3.6505901827E-02  4.2488133876E+00 -6.9170658723E-01  4.0475779456E-01 -9.3187010179E-01
  5.1510861808E-02  4.2628779235E+00 -7.0592066466E-01  3.9401138288E-01 -9.4112251680E-01
  6.6507613102E-02  4.2769482765E+00 -7.2013764771E-01  3.8427523572E-01 -9.6861376201E-01
  8.1494644335E-02  4.2910249407E+00 -7.3435863243E-01  3.7551584778E-01 -1.0141108434E+00
  9.6470853403E-02  4.3051081047E+00 -7.4858458183E-01  3.6769625507E-01 -1.0775804920E+00
  1.1143557471E-01  4.3191976870E+00 -7.6281626369E-01  3.6077615479E-01 -1.1591186390E+00
  1.2638859484E-01  4.3332933849E+00 -7.7705418741E-01  3.5471189742E-01 -1.2588110795E+00
  1.4133016167E-01  4.3473947343E+00 -7.9129853750E-01  3.4945644399E-01 -1.3764988146E+00
  1.5626099560E-01  4.3615011768E+00 -8.0554909768E-01  3.4495945157E-01 -1.5114198852E+00
  1.7118231653E-01  4.3756121309E+00 -8.1980515412E-01  3.4116774778E-01 -1.6617180957E+00
  1.8609590719E-01  4.3897270668E+00 -8.3406535732E-01  3.3802657727E-01 -1.8238691008E+00
  2.0100424174E-01  4.4038455856E+00 -8.4832750951E-01  3.3548211954E-01 -1.9921986591E+00
  2.1591070053E-01  4.4179675134E+00 -8.6258824713E-01  3.3348582058E-01 -2.1588633899E+00
  2.3081975744E-01  4.4320930125E+00 -8.7684273021E-01  3.3200093317E-01 -2.3148925812E+00
  2.4573624549E-01  4.4462226352E+00 -8.9108534658E-01  3.3101116992E-01 -2.4530360656E+00
  2.6065983065E-01  4.4603567954E+00 -9.0531602170E-01  3.3053042050E-01 -2.5730356910E+00
  2.7556974858E-01  4.4744933651E+00 -9.1955861787E-01  3.3061110341E-01 -2.6893319585E+00
  2.9042867546E-01  4.4886262836E+00 -9.3385799338E-01  3.3134718133E-01 -2.8400596040E+00
  3.0523004543E-01  4.5027521111E+00 -9.4822392475E-01  3.3286651515E-01 -3.0946739009E+00
  3.1999479552E-01  4.5168723907E+00 -9.6263293994E-01  3.3530730790E-01 -3.5561863082E+00
  3.3474018592E-01  4.5309893697E+00 -9.7706499895E-01  3.3877561039E-01 -4.3534384482E+00
  3.4947515346E-01  4.5451044558E+00 -9.9150955025E-01  3.4328515429E-01 -5.6196045653E+00
  3.6420401024E-01  4.5592184186E+00 -1.0059614299E+00  3.4868753292E-01 -7.4556022283E+00
  3.7892890314E-01  4.5733316811E+00 -1.0204180323E+00  3.5460868341E-01 -9.8819012666E+00
  3.9365095430E-01  4.5874444795E+00 -1.0348779814E+00  3.6041442870E-01 -1.2789741511E+01
  4.0837077793E-01  4.6015569383E+00 -1.0493405295E+00  3.6522979907E-01 -1.5911438010E+01
  4.2308872748E-01  4.6156690953E+00 -1.0638052793E+00  3.6802945437E-01 -1.8833730370E+01
  4.3780502943E-01  4.6297808763E+00 -1.0782720721E+00  3.6779723159E-01 -2.1069944862E+01
  4.5251991809E-01  4.6438918632E+00 -1.0927410769E+00  3.6372516520E-01 -2.2182604067E+01
  4.5693426592E-01  4.6481245295E+00 -1.0970825131E+00  3.6167998226E-01 -2.2252559697E+01
</Path of -GradDelSqRho>
<Path of -GradDelSqRho>
Starting CP# =      4
Ending CP# =     17
Number of Points =     21
  3.6505901827E-02  4.2488133876E+00 -6.9170658723E-01  4.0475779456E-01 -9.3187010179E-01
  2.1494792157E-02  4.2347536976E+00 -6.7749420879E-01  4.1654422342E-01 -9.4130925661E-01
  6.4794796872E-03  4.2206978936E+00 -6.6328242628E-01  4.2939618614E-01 -9.7009227431E-01
 -8.5375335937E-03  4.2066444809E+00 -6.4907007584E-01  4.4333430515E-01 -1.0190153359E+00
 -2.3553463812E-02  4.1925916068E+00 -6.3485604875E-01  4.5837350362E-01 -1.0889291804E+00
 -3.8565228891E-02  4.1785370317E+00 -6.2063930424E-01  4.7452210915E-01 -1.1806170962E+00
 -5.3569384379E-02  4.1644780732E+00 -6.0641886145E-01  4.9178093962E-01 -1.2946419279E+00
 -6.8561991056E-02  4.1504115029E+00 -5.9219376674E-01  5.1014246666E-01 -1.4311655800E+00
 -8.3538385299E-02  4.1363333744E+00 -5.7796303016E-01  5.2959017250E-01 -1.5897469843E+00
 -9.8492803599E-02  4.1222387459E+00 -5.6372551870E-01  5.5009823430E-01 -1.7691272807E+00
 -1.1341777346E-01  4.1081212360E+00 -5.4947978162E-01  5.7163168398E-01 -1.9670135620E+00
 -1.2830310330E-01  4.0939722970E+00 -5.3522375896E-01  5.9414719826E-01 -2.1798742026E+00
 -1.4313413297E-01  4.0797799828E+00 -5.2095427389E-01  6.1759466806E-01 -2.4027583443E+00
 -1.5788850469E-01  4.0655267281E+00 -5.0666609446E-01  6.4191966347E-01 -2.6291474193E+00
 -1.7252965717E-01  4.0511850025E+00 -4.9235005773E-01  6.6706680101E-01 -2.8508339047E+00
 -1.8699200520E-01  4.0367077626E+00 -4.7798889378E-01  6.9298360640E-01 -3.0577960889E+00
 -2.0114046505E-01  4.0220036496E+00 -4.6354636571E-01  7.1962244655E-01 -3.2379929111E+00
 -2.1462146608E-01  4.0068532169E+00 -4.4893129266E-01  7.4692332340E-01 -3.3769693796E+00
 -2.2583117181E-01  3.9904555919E+00 -4.3382573081E-01  7.7450412000E-01 -3.4576806142E+00
 -2.1900449665E-01  3.9731624807E+00 -4.2020786804E-01  7.8936762053E-01 -3.4798333657E+00
 -1.9645048788E-01  3.9593276763E+00 -4.0209351186E-01  7.9216990041E-01 -3.4871107913E+00
</Path of -GradDelSqRho>
<Path of -GradDelSqRho>
Starting CP# =      5
Ending CP# =     17
Number of Points =     53
 -5.3339675219E-01  3.6264629124E+00  3.9771478285E-02  2.2320703401E+01  1.2119146544E+03
 -5.1109158532E-01  3.6296340545E+00  5.0607685035E-02  1.5486299009E+01  1.1330553037E+03
 -4.8878531493E-01  3.6327992485E+00  6.1443359813E-02  1.0846478657E+01  9.6649310593E+02
 -4.6647876413E-01  3.6359630304E+00  7.2278869718E-02  7.7060395899E+00  7.6128726059E+02
 -4.4417149475E-01  3.6391230920E+00  8.3113985836E-02  5.5878532117E+00  5.6375955812E+02
 -4.2186282394E-01  3.6422758706E+00  9.3948337988E-02  4.1594791137E+00  4.0238762043E+02
 -3.9955203964E-01  3.6454177640E+00  1.0478149985E-01  3.1933809778E+00  2.8198829688E+02
 -3.7723846747E-01  3.6485455212E+00  1.1561300993E-01  2.5367422064E+00  1.9537966097E+02
 -3.5492153277E-01  3.6516565867E+00  1.2644239908E-01  2.0875056302E+00  1.3348408950E+02
 -3.3260072387E-01  3.6547489193E+00  1.3726916844E-01  1.7771451829E+00  8.9240728132E+01
 -3.1027543479E-01  3.6578202249E+00  1.4809268471E-01  1.5593154612E+00  5.7857373591E+01
 -2.8794476559E-01  3.6608670644E+00  1.5891201543E-01  1.4026322535E+00  3.6024044543E+01
 -2.6560732385E-01  3.6638841015E+00  1.6972571432E-01  1.2859963612E+00  2.1260306533E+01
 -2.4326098729E-01  3.6668633406E+00  1.8053150942E-01  1.1954191845E+00  1.1603120227E+01
 -2.2090253694E-01  3.6697930233E+00  1.9132578354E-01  1.1217811685E+00  5.5028153891E+00
 -1.9852700976E-01  3.6726556851E+00  2.0210262760E-01  1.0592309559E+00  1.7834761146E+00
 -1.7612642939E-01  3.6754242574E+00  2.1285194291E-01  1.0040587463E+00 -4.0103675069E-01
 -1.5368689091E-01  3.6780526927E+00  2.2355499962E-01  9.5392665905E-01 -1.6274020656E+00
 -1.3118003229E-01  3.6804467930E+00  2.3417099963E-01  9.0736244415E-01 -2.2692579522E+00
 -1.0852619041E-01  3.6823258667E+00  2.4457291059E-01  8.6345109311E-01 -2.5580986630E+00
 -8.5644114551E-02  3.6801434226E+00  2.5270408156E-01  8.2354732199E-01 -2.6337358325E+00
 -7.7647682149E-02  3.6598040475E+00  2.4077902757E-01  8.2288408009E-01 -2.6416768784E+00
 -6.9195113722E-02  3.6434869508E+00  2.2396614622E-01  8.2275714598E-01 -2.6476603897E+00
 -6.0148316815E-02  3.6344110088E+00  2.0267848334E-01  8.2249433074E-01 -2.6523751011E+00
 -5.1581127833E-02  3.6343723150E+00  1.7932306374E-01  8.2225273789E-01 -2.6567450975E+00
 -4.4323500353E-02  3.6409644758E+00  1.5637180532E-01  8.2205077177E-01 -2.6616683195E+00
 -3.8369382903E-02  3.6509024001E+00  1.3423081218E-01  8.2181895144E-01 -2.6677783463E+00
 -3.3523715650E-02  3.6624143404E+00  1.1257901107E-01  8.2151171927E-01 -2.6755505897E+00
 -2.9664112712E-02  3.6747206564E+00  9.1165127080E-02  8.2111508048E-01 -2.6854024461E+00
 -2.6728262704E-02  3.6874609293E+00  6.9858101658E-02  8.2063076244E-01 -2.6977169255E+00
 -2.4683775493E-02  3.7004480143E+00  4.8595730915E-02  8.2006682175E-01 -2.7128401603E+00
 -2.3512236583E-02  3.7135719046E+00  2.7351252953E-02  8.1943327851E-01 -2.7310724080E+00
 -2.3201824890E-02  3.7267602658E+00  6.1166187725E-03  8.1874004342E-01 -2.7526573756E+00
 -2.3743862986E-02  3.7399608797E+00 -1.5105777122E-02  8.1799585186E-01 -2.7777712028E+00
 -2.5131151800E-02  3.7531331515E+00 -3.6307369698E-02  8.1720767700E-01 -2.8065117136E+00
 -2.7357155999E-02  3.7662436604E+00 -5.7475761235E-02  8.1638040325E-01 -2.8388884209E+00
 -3.0415622503E-02  3.7792636445E+00 -7.8596070373E-02  8.1551666516E-01 -2.8748137672E+00
 -3.4300434311E-02  3.7921674717E+00 -9.9651742297E-02  8.1461680797E-01 -2.9140961014E+00
 -3.9005599039E-02  3.8049316362E+00 -1.2062504430E-01  8.1367894877E-01 -2.9564348860E+00
 -4.4525316913E-02  3.8175340452E+00 -1.4149736425E-01  8.1269912849E-01 -3.0014185998E+00
 -5.0854095273E-02  3.8299534637E+00 -1.6224937686E-01  8.1167155058E-01 -3.0485257330E+00
 -5.7986888017E-02  3.8421690426E+00 -1.8286111576E-01  8.1058890611E-01 -3.0971291845E+00
 -6.5919244179E-02  3.8541598779E+00 -2.0331197574E-01  8.0944278747E-01 -3.1465042429E+00
 -7.4647451968E-02  3.8659045656E+00 -2.2358066254E-01  8.0822419382E-01 -3.1958402045E+00
 -8.4168663705E-02  3.8773807184E+00 -2.4364510698E-01  8.0692413171E-01 -3.2442555288E+00
 -9.4480982533E-02  3.8885644078E+00 -2.6348236353E-01  8.0553431207E-01 -3.2908162964E+00
 -1.0558348219E-01  3.8994294850E+00 -2.8306852592E-01  8.0404793904E-01 -3.3345576027E+00
 -1.1747611330E-01  3.9099467056E+00 -3.0237871878E-01  8.0246057600E-01 -3.3745074076E+00
 -1.3015941806E-01  3.9200825238E+00 -3.2138728090E-01  8.0077105536E-01 -3.4097122753E+00
 -1.4363391545E-01  3.9297972709E+00 -3.4006838376E-01  7.9898237133E-01 -3.4392643601E+00
 -1.5789889032E-01  3.9390419992E+00 -3.5839765242E-01  7.9710245946E-01 -3.4623289354E+00
 -1.7294994026E-01  3.9477517211E+00 -3.7635639777E-01  7.9514475204E-01 -3.4781717112E+00
 -1.9645048788E-01  3.9593276763E+00 -4.0209351186E-01  7.9216990041E-01 -3.4871107913E+00
</Path of -GradDelSqRho>
<Path of -GradDelSqRho>
Starting CP# =      5
Ending CP# =      1
Number of Points =      7
 -5.3339675219E-01  3.6264629124E+00  3.9771478285E-02  2.2320703401E+01  1.2119146544E+03
 -5.5569922971E-01  3.6232771488E+00  2.8934025536E-02  3.2419925773E+01  9.7535918666E+02
 -5.7799931935E-01  3.6200784126E+00  1.8095479400E-02  4.7451182242E+01 -7.1565194770E+02
 -6.0029834253E-01  3.6168738957E+00  7.2564464356E-03  6.9768293226E+01 -6.1369701688E+03
 -6.2259665046E-01  3.6136655018E+00 -3.5829109277E-03  1.0285371282E+02 -1.9716041466E+04
 -6.4489373142E-01  3.6104504260E+00 -1.4422812530E-02  1.5249322154E+02 -7.2150367801E+04
 -6.8453238397E-01  3.6047234173E+00 -3.3695324446E-02  2.9750665947E+02 -3.3315272373E+06
</Path of -GradDelSqRho>
<Path of -GradDelSqRho>
Starting CP# =      7
Ending CP# =      1
Number of Points =      7
 -8.3647200783E-01  3.6142422627E+00 -1.0213343918E-01  2.2882550654E+01  1.2679500257E+03
 -8.1371521442E-01  3.6128573125E+00 -9.1876237726E-02  3.3326360631E+01  9.9205229489E+02
 -7.9095812199E-01  3.6114484561E+00 -8.1622953121E-02  4.8921714521E+01 -9.2398251378E+02
 -7.6820090882E-01  3.6100292070E+00 -7.1371368959E-02  7.2110307121E+01 -6.7897730117E+03
 -7.4544360474E-01  3.6086014381E+00 -6.1121170443E-02  1.0659694866E+02 -2.2166754241E+04
 -7.2268616833E-01  3.6071603239E+00 -5.0873132969E-02  1.5832312999E+02 -8.0355862031E+04
 -6.8453238397E-01  3.6047234173E+00 -3.3695324446E-02  2.9750665947E+02 -3.3315272373E+06
</Path of -GradDelSqRho>
<Path of -GradDelSqRho>
Starting CP# =      7
Ending CP# =     10
Number of Points =     23
 -8.3647200783E-01  3.6142422627E+00 -1.0213343918E-01  2.2882550654E+01  1.2679500257E+03
 -8.5922838963E-01  3.6155973965E+00 -1.1239553633E-01  1.5844498122E+01  1.1806049015E+03
 -8.8198453885E-01  3.6169373135E+00 -1.2266014995E-01  1.1085574900E+01  1.0045382497E+03
 -9.0474061992E-01  3.6182732391E+00 -1.3292543491E-01  7.8782868500E+00  7.9074545713E+02
 -9.2749657958E-01  3.6196013787E+00 -1.4319199879E-01  5.7263952183E+00  5.8437683473E+02
 -9.5025229941E-01  3.6209140194E+00 -1.5346108618E-01  4.2847742965E+00  4.1495830181E+02
 -9.7300763633E-01  3.6222025446E+00 -1.6373407380E-01  3.3171979648E+00  2.8820388664E+02
 -9.9576242593E-01  3.6234581013E+00 -1.7401235231E-01  2.6650989512E+00  1.9701270111E+02
 -1.0185164840E+00  3.6246721899E+00 -1.8429722732E-01  2.2227839953E+00  1.3198756007E+02
 -1.0412695887E+00  3.6258361877E+00 -1.9458999567E-01  1.9195216860E+00  8.5712785435E+01
 -1.0640214225E+00  3.6269392231E+00 -2.0489227591E-01  1.7077013202E+00  5.3120900639E+01
 -1.0867714600E+00  3.6279648935E+00 -2.1520649578E-01  1.5552932531E+00  3.0695232358E+01
 -1.1095187589E+00  3.6288868628E+00 -2.2553650574E-01  1.4409643175E+00  1.5786861053E+01
 -1.1322615147E+00  3.6296617596E+00 -2.3588850731E-01  1.3507593012E+00  6.2886794438E+00
 -1.1549959464E+00  3.6302151575E+00 -2.4627277218E-01  1.2757555298E+00  5.3147952710E-01
 -1.1777130056E+00  3.6304090685E+00 -2.5670729763E-01  1.2103923873E+00 -2.7525098585E+00
 -1.2003858832E+00  3.6299492826E+00 -2.6722680335E-01  1.1513225703E+00 -4.4736922714E+00
 -1.2228949226E+00  3.6280071140E+00 -2.7790845054E-01  1.0967917713E+00 -5.2500127614E+00
 -1.2434622850E+00  3.6198798908E+00 -2.8868456374E-01  1.0496798143E+00 -5.4886397942E+00
 -1.2456818678E+00  3.5961112456E+00 -2.9352636192E-01  1.0441856011E+00 -5.5467629902E+00
 -1.2430065162E+00  3.5714100430E+00 -2.9628913699E-01  1.0470368436E+00 -5.5878650390E+00
 -1.2396072960E+00  3.5467607588E+00 -2.9869856265E-01  1.0487968813E+00 -5.6142374474E+00
 -1.2342116308E+00  3.5147995260E+00 -3.0111531193E-01  1.0494190858E+00 -5.6265501631E+00
</Path of -GradDelSqRho>
<Path of -GradDelSqRho>
Starting CP# =     12
Ending CP# =     16
Number of Points =     31
 -1.4708145058E-01  3.6422275615E+00  3.6446414523E-01  8.1879379450E-01 -2.6315800956E+00
 -1.5047473739E-01  3.6441924332E+00  3.6844958047E-01  8.1918107273E-01 -2.6316084454E+00
