 AIMInt (Version 19.02.13, Professional)
 Portions Copyright (c) 1997-2019 by Todd A. Keith
 AIMInt is a component of the AIMAll package ( http://aim.tkgristmill.com )

 TP:  64-bit Linux

 Licensed To:  Research Group of Fernando Cortes Guzman, UNAM, fercor@unam.mx

 AIMInt is a heavily modified and extended version of the PROAIMV program
 developed by members of R.F.W. Bader's research group

 Much of the Quantum Theory of Atoms in Molecules (QTAIM) is described in the book:
   "Atoms in Molecules - A Quantum Theory"
   R.F.W. Bader, Oxford University Press, Oxford, 1990

 For additional references see:  http://aim.tkgristmill.com/references.html

 Current Directory:  /home/scratch/M_H2O_4_cuadrado_plano/Opt

 Inp File:  Cu2_cuadrado_plano_cc-pvtz-def2-tzv_2_atomicfiles/o8.inp
 Wfx File:  Cu2_cuadrado_plano_cc-pvtz-def2-tzv_2.wfx
 Out File:  Cu2_cuadrado_plano_cc-pvtz-def2-tzv_2_atomicfiles/o8.int

 Wfx Title:   Cu2_cuadrado_plano_cc-pvtz-def2-tzv_2                                         
 Job Title:   Cu2_cuadrado_plano_cc-pvtz-def2-tzv_2                                         
 
<Atom>
O8      
</Atom>
<Nuclei of Molecule>
    13
Cu1       29.0           2.6523255516E-03  -7.9900834696E-03  -3.4291951969E-02
O2         8.0           6.7762951559E-01  -3.5743446680E+00  -3.4864822447E-02
H3         1.0           9.0335359679E-01  -4.4611475015E+00   1.6121694713E+00
O4         8.0          -3.6047345629E+00  -6.8377274418E-01  -3.4588960226E-02
H5         1.0          -4.6516182496E+00   4.8048324337E-01  -1.0858913613E+00
O6         8.0          -6.8453275287E-01   3.6047232833E+00  -3.3695516607E-02
H7         1.0          -8.7268616877E-01   4.4888928156E+00   1.6192508420E+00
O8         8.0           3.6000078876E+00   6.7639795693E-01  -3.4074463389E-02
H9         1.0           4.6517876492E+00  -4.7232363218E-01  -1.0976752022E+00
H10        1.0          -4.4852341743E+00  -8.9053527652E-01   1.6181658368E+00
H11        1.0           4.6215290149E-01   4.6532168870E+00  -1.1023415974E+00
H12        1.0           4.4854621903E+00   8.7940161537E-01   1.6165482691E+00
H13        1.0          -4.7709588525E-01  -4.6303063548E+00  -1.0879695498E+00
</Nuclei of Molecule>
<Total Number of CPs of DelSqRho>
    32
</Total Number of CPs of DelSqRho>
<Number of (3,+3) CPs of DelSqRho>
     4
</Number of (3,+3) CPs of DelSqRho>
<Number of (3,+1) CPs of DelSqRho>
    12
</Number of (3,+1) CPs of DelSqRho>
<Number of (3,-1) CPs of DelSqRho>
    12
</Number of (3,-1) CPs of DelSqRho>
<Number of (3,-3) CPs of DelSqRho>
     4
</Number of (3,-3) CPs of DelSqRho>
<Number of Degenerate CPs of DelSqRho>
     0
</Number of Degenerate CPs of DelSqRho>
<CP of DelSqRho>
CP# = 1       
Type = (3,+3)
Coords =  3.60000802152768E+00  6.76397591231266E-01 -3.40742696740546E-02
DistFromNuc =  4.3496121168E-07
Rho =  2.9750168840E+02
DelSqRho = -3.3314697343E+06
GradDelSqRho =  1.7737547751E-06 -7.2347665991E-06 -3.2098796510E-07
HessDelSqRho_EigVals =  1.3248359099E+11  1.3248360906E+11  1.3248361556E+11
HessDelSqRho_EigVec1 =  1.1182345023E-01  8.9457131349E-01 -4.3270969606E-01
HessDelSqRho_EigVec2 =  9.9300753211E-01 -8.4013135562E-02  8.2932709029E-02
HessDelSqRho_EigVec3 = -3.7835924094E-02  4.3895780906E-01  8.9771069099E-01
</CP of DelSqRho>
<CP of DelSqRho>
CP# = 2       
Type = (3,-1)
Coords =  1.92099721285946E+00  8.35710755457525E-01 -1.46830895123476E-01
DistFromNuc =  1.6903169604E+00
Rho =  9.5647597730E-02
DelSqRho =  2.3725217765E-01
GradDelSqRho = -9.2287288922E-16  2.7755575616E-16 -1.3183898417E-16
HessDelSqRho_EigVals = -3.6892762098E-01 -1.3122623628E-01  2.8397812834E+00
HessDelSqRho_EigVec1 = -2.0118033283E-01  9.3719030632E-01 -2.8495754671E-01
HessDelSqRho_EigVec2 = -5.0977147546E-02  2.8049427212E-01  9.5850106611E-01
HessDelSqRho_EigVec3 =  9.7822686740E-01  2.0735788640E-01 -8.6546424972E-03
</CP of DelSqRho>
<CP of DelSqRho>
CP# = 3       
Type = (3,+1)
Coords =  4.24603169302803E+00 -4.59061884598349E-02 -6.88870217708444E-01
DistFromNuc =  1.1695415835E+00
Rho =  4.0464127955E-01
DelSqRho = -9.3082487010E-01
GradDelSqRho =  9.5468077888E-13 -1.0961787034E-12 -9.6884306133E-13
HessDelSqRho_EigVals = -2.9847261734E+01  1.4209792439E+01  1.4833653451E+01
HessDelSqRho_EigVec1 = -5.6415929641E-01  6.0129853242E-01  5.6583068420E-01
HessDelSqRho_EigVec2 = -2.2884744277E-01 -7.7232843312E-01  5.9256867901E-01
HessDelSqRho_EigVec3 =  7.9331780278E-01  2.0481422390E-01  5.7332189691E-01
</CP of DelSqRho>
<CP of DelSqRho>
CP# = 4       
Type = (3,+1)
Coords =  4.14120335101507E+00  7.93732463934721E-01  9.94139527548209E-01
DistFromNuc =  1.1678544119E+00
Rho =  4.0502095598E-01
DelSqRho = -9.3045825170E-01
GradDelSqRho =  1.9209633884E-13  4.2521541843E-14  3.9551695252E-13
HessDelSqRho_EigVals = -2.9913366813E+01  1.4197915564E+01  1.4867171082E+01
HessDelSqRho_EigVec1 =  4.7656001437E-01  1.1277778964E-01  8.7187827297E-01
HessDelSqRho_EigVec2 =  2.2168374535E-01  9.4427504270E-01 -2.4331247558E-01
HessDelSqRho_EigVec3 = -8.5073313662E-01  3.0923423790E-01  4.2500272512E-01
</CP of DelSqRho>
<CP of DelSqRho>
CP# = 5       
Type = (3,+1)
Coords =  3.62190422485417E+00  5.25735094282533E-01  4.02987161502337E-02
DistFromNuc =  1.6944060198E-01
Rho =  2.2322387468E+01
DelSqRho =  1.2119162311E+03
GradDelSqRho = -5.0590642786E-12  1.0288658814E-11 -7.9722894952E-12
HessDelSqRho_EigVals = -3.8887873113E+05  3.6770239163E+03  3.7614016846E+03
HessDelSqRho_EigVec1 = -1.2803627488E-01  8.8940078180E-01 -4.3883135901E-01
HessDelSqRho_EigVec2 = -1.3303894651E-02  4.4089309070E-01  8.9746102365E-01
HessDelSqRho_EigVec3 =  9.9168025023E-01  1.2074573249E-01 -4.4617814651E-02
</CP of DelSqRho>
<CP of DelSqRho>
CP# = 6       
Type = (3,-3)
Coords =  3.44124407433809E+00  7.02732036615346E-01 -7.93023641783503E-02
DistFromNuc =  1.6716756614E-01
Rho =  2.2687053552E+01
DelSqRho =  1.2916724439E+03
GradDelSqRho = -3.0951241570E-11  6.9242389600E-12 -1.0672351891E-11
HessDelSqRho_EigVals = -4.4658575974E+05 -2.8574187791E+03 -1.6468422278E+02
HessDelSqRho_EigVec1 =  9.4841332178E-01 -1.6228004312E-01  2.7235520681E-01
HessDelSqRho_EigVec2 =  2.5796065555E-01  8.9440790354E-01 -3.6536393127E-01
HessDelSqRho_EigVec3 = -1.8430537502E-01  4.1677294740E-01  8.9013023713E-01
</CP of DelSqRho>
<CP of DelSqRho>
CP# = 7       
Type = (3,+1)
Coords =  3.60910486636827E+00  8.27981997928747E-01 -1.03365686987184E-01
DistFromNuc =  1.6691839376E-01
Rho =  2.2881749965E+01
DelSqRho =  1.2676869608E+03
GradDelSqRho =  3.4106051316E-13  3.1263880373E-12 -9.3507424026E-12
HessDelSqRho_EigVals = -4.4805015381E+05  1.8824488356E+03  1.9199064049E+03
HessDelSqRho_EigVec1 =  5.2255317547E-02  9.0809426869E-01 -4.1549269663E-01
HessDelSqRho_EigVec2 =  9.0167287865E-01  1.3593448575E-01  4.1049705905E-01
HessDelSqRho_EigVec3 = -4.2924981268E-01  3.9608915000E-01  8.1170067362E-01
</CP of DelSqRho>
<CP of DelSqRho>
CP# = 8       
Type = (3,-1)
Coords =  3.74301070748623E+00  7.63300546950614E-01 -2.33663605395663E-02
DistFromNuc =  1.6767984408E-01
Rho =  2.2574951892E+01
DelSqRho =  1.2795557413E+03
GradDelSqRho =  1.3301360013E-11  1.5688783606E-11  3.0695446185E-12
HessDelSqRho_EigVals = -4.3363648519E+05 -2.2543485649E+03  1.5257878859E+02
HessDelSqRho_EigVec1 =  8.5001232358E-01  5.2321769892E-01  6.1010567113E-02
HessDelSqRho_EigVec2 = -4.2511548701E-01  7.4976544271E-01 -5.0707849849E-01
HessDelSqRho_EigVec3 = -3.1105606001E-01  4.0508643579E-01  8.5973781298E-01
</CP of DelSqRho>
<CP of DelSqRho>
CP# = 9       
Type = (3,-1)
Coords =  4.32114192342600E+00  6.94716620959132E-01  2.31492027831506E-03
DistFromNuc =  7.2228391807E-01
Rho =  6.4975623362E-01
DelSqRho = -8.4395519380E-01
GradDelSqRho = -4.7961634664E-14 -3.5527136788E-15 -4.4408920985E-15
HessDelSqRho_EigVals = -1.6387813783E+01 -1.0678104859E+01  1.3655179333E+02
HessDelSqRho_EigVec1 = -5.6789450637E-02  4.7839136421E-01  8.7630854209E-01
HessDelSqRho_EigVec2 = -1.7723409300E-02  8.7710366284E-01 -4.7997400492E-01
HessDelSqRho_EigVec3 =  9.9822885105E-01  4.2788635024E-02  4.1331509210E-02
</CP of DelSqRho>
<CP of DelSqRho>
CP# = 10      
Type = (3,+3)
Coords =  3.50916977562128E+00  1.22428734647833E+00 -3.04808824378994E-01
DistFromNuc =  6.1784418747E-01
Rho =  1.0495718198E+00
DelSqRho = -5.6255135946E+00
GradDelSqRho =  4.4941828037E-13 -2.0250467969E-12  9.8054897535E-13
HessDelSqRho_EigVals =  2.3143479924E+01  2.8535406567E+01  4.7239808429E+02
HessDelSqRho_EigVec1 =  9.8456418777E-01  1.7182161158E-01  3.3327075360E-02
HessDelSqRho_EigVec2 = -1.0486627539E-01  4.2666039324E-01  8.9831173494E-01
HessDelSqRho_EigVec3 = -1.4013002692E-01  8.8794044994E-01 -4.3809283596E-01
</CP of DelSqRho>
<CP of DelSqRho>
CP# = 11      
Type = (3,-1)
Coords =  3.21816277765250E+00  8.94137889831800E-01  5.22996037641001E-01
DistFromNuc =  7.0960827891E-01
Rho =  6.8186046228E-01
DelSqRho = -1.2102335852E+00
GradDelSqRho = -3.1974423109E-14  1.1546319456E-14  7.1054273576E-15
HessDelSqRho_EigVals = -1.4641680977E+01 -9.7447423724E+00  1.5235013760E+02
HessDelSqRho_EigVec1 =  7.2799118484E-01 -2.8154876451E-01  6.2510729319E-01
HessDelSqRho_EigVec2 =  4.2319930674E-01  9.0188436192E-01 -8.6642625196E-02
HessDelSqRho_EigVec3 = -5.3938036817E-01  3.2762004049E-01  7.7571510718E-01
</CP of DelSqRho>
<CP of DelSqRho>
CP# = 12      
Type = (3,-1)
Coords =  3.29582932177515E+00  3.58598755768217E-01 -5.89487435134144E-01
DistFromNuc =  7.0852275994E-01
Rho =  6.8664036274E-01
DelSqRho = -1.2452382523E+00
GradDelSqRho = -1.9095836024E-14  1.4210854715E-14  6.6613381478E-15
HessDelSqRho_EigVals = -1.5067165866E+01 -9.4405870343E+00  1.5394010475E+02
HessDelSqRho_EigVec1 =  7.6050196792E-01 -6.4639661720E-01 -6.1710372399E-02
HessDelSqRho_EigVec2 = -4.8682073712E-01 -6.3047438265E-01  6.0457226427E-01
HessDelSqRho_EigVec3 =  4.2970027542E-01  4.2973650775E-01  7.9415628639E-01
</CP of DelSqRho>
<CP of DelSqRho>
CP# = 13      
Type = (3,+1)
Coords =  3.64079343881858E+00  1.45996910348772E-01  3.72997242826009E-01
DistFromNuc =  6.6984782257E-01
Rho =  8.1954149389E-01
DelSqRho = -2.6409799624E+00
GradDelSqRho = -7.9936057773E-15 -6.0396132540E-14  6.0396132540E-14
HessDelSqRho_EigVals = -2.7239596951E+00  5.9719606088E+00  2.1227285471E+02
HessDelSqRho_EigVec1 =  3.6300483928E-01  5.6533603156E-01  7.4069066288E-01
HessDelSqRho_EigVec2 =  9.3012206386E-01 -1.7234722092E-01 -3.2429829133E-01
HessDelSqRho_EigVec3 = -5.5681531754E-02  8.0665457717E-01 -5.8839439168E-01
</CP of DelSqRho>
<CP of DelSqRho>
CP# = 14      
Type = (3,+1)
Coords =  3.93088376156457E+00  6.62493424911214E-01 -6.35572188911081E-01
DistFromNuc =  6.8663796413E-01
Rho =  7.8130526448E-01
DelSqRho = -2.5347427860E+00
GradDelSqRho =  2.6645352591E-15  5.3290705182E-15  1.0658141036E-14
HessDelSqRho_EigVals = -1.7551612611E+01  1.3156775949E+01  2.0176400409E+02
HessDelSqRho_EigVec1 = -2.8786126848E-01  9.5400129533E-01 -8.3770034079E-02
HessDelSqRho_EigVec2 =  8.4384648916E-01  2.9403613816E-01  4.4884947610E-01
HessDelSqRho_EigVec3 = -4.5283439892E-01 -5.8517330394E-02  8.8967225943E-01
</CP of DelSqRho>
<CP of DelSqRho>
CP# = 15      
Type = (3,+1)
Coords =  3.06242633701674E+00  2.70519133741165E-01  1.22679703755565E-01
DistFromNuc =  6.9159483194E-01
Rho =  7.4568954452E-01
DelSqRho = -2.4797174966E+00
GradDelSqRho =  7.1054273576E-15 -1.5987211555E-14  6.6613381478E-16
HessDelSqRho_EigVals = -1.5244489008E+00  9.8387275113E+00  1.8388299877E+02
HessDelSqRho_EigVec1 = -6.5586251030E-01  6.6073639941E-01 -3.6506407393E-01
HessDelSqRho_EigVec2 = -6.5322398431E-02  4.3211514296E-01  8.9944954694E-01
HessDelSqRho_EigVec3 =  7.5204876959E-01  6.1376209864E-01 -2.4024723606E-01
</CP of DelSqRho>
<CP of DelSqRho>
CP# = 16      
Type = (3,+1)
Coords =  3.86849968958264E+00  1.15390980847525E+00  3.79749256308761E-01
DistFromNuc =  6.8655333884E-01
Rho =  7.8494466698E-01
DelSqRho = -2.6056540745E+00
GradDelSqRho =  1.5099033135E-14  2.2204460493E-14 -3.5527136788E-15
HessDelSqRho_EigVals = -1.6788693261E+01  1.3896119271E+01  2.0239453260E+02
HessDelSqRho_EigVec1 =  2.4688427195E-01 -6.4179453892E-01  7.2604953417E-01
HessDelSqRho_EigVec2 = -8.9808188753E-01  1.2990063344E-01  4.2020798270E-01
HessDelSqRho_EigVec3 =  3.6400148291E-01  7.5579467797E-01  5.4431362761E-01
</CP of DelSqRho>
<CP of DelSqRho>
CP# = 17      
Type = (3,+3)
Coords =  3.95569270052919E+00  1.87174684547100E-01 -3.99856104057253E-01
DistFromNuc =  7.0685734418E-01
Rho =  7.9225000567E-01
DelSqRho = -3.4858104232E+00
GradDelSqRho = -2.6645352591E-15 -1.8651746814E-14 -1.2434497876E-14
HessDelSqRho_EigVals =  1.3461221715E+01  2.5057505210E+01  1.6172520002E+02
HessDelSqRho_EigVec1 =  2.8562187515E-01  6.5702239264E-01 -6.9766877529E-01
HessDelSqRho_EigVec2 =  8.3285938435E-01  1.8996361791E-01  5.1986447250E-01
HessDelSqRho_EigVec3 = -4.7409428423E-01  7.2954465212E-01  4.9294950068E-01
</CP of DelSqRho>
<CP of DelSqRho>
CP# = 18      
Type = (3,+3)
Coords =  3.89737955882654E+00  7.03265985855346E-01  6.09462471654121E-01
DistFromNuc =  7.0943046776E-01
Rho =  7.8527220838E-01
DelSqRho = -3.4208205849E+00
GradDelSqRho =  3.1086244690E-15  8.8817841970E-16 -9.7699626167E-15
HessDelSqRho_EigVals =  1.3127822409E+01  2.4704499345E+01  1.5818501897E+02
HessDelSqRho_EigVec1 =  2.2096912905E-01  9.7025297375E-01 -9.8903038031E-02
HessDelSqRho_EigVec2 =  8.9227312275E-01 -2.4205972701E-01 -3.8112434058E-01
HessDelSqRho_EigVec3 =  3.9372746720E-01  4.0318089944E-03  9.1921837780E-01
</CP of DelSqRho>
<CP of DelSqRho>
CP# = 19      
Type = (3,-3)
Coords =  4.73672094316800E+00  7.26211487158512E-01  1.20391961054758E-02
DistFromNuc =  1.1387380858E+00
Rho =  2.4231019985E-01
DelSqRho =  9.0457086180E-01
GradDelSqRho =  1.8873791419E-15 -9.7144514655E-16  1.6653345369E-16
HessDelSqRho_EigVals = -1.8237388881E+01 -2.0506834319E+00 -5.5473480514E-01
HessDelSqRho_EigVec1 =  9.9731493829E-01  6.7544297145E-02  2.8296321046E-02
HessDelSqRho_EigVec2 = -5.5934962002E-02  4.5319648769E-01  8.8965399093E-01
HessDelSqRho_EigVec3 = -4.7267260206E-02  8.8884796870E-01 -4.5575771485E-01
</CP of DelSqRho>
<CP of DelSqRho>
CP# = 20      
Type = (3,-1)
Coords =  4.10057657959734E+00  1.05010622265540E+00 -1.03791154033928E+00
DistFromNuc =  1.1823348766E+00
Rho =  2.3969670649E-01
DelSqRho =  7.5801639003E-01
GradDelSqRho = -8.0491169285E-16 -3.0531133177E-16 -2.2204460493E-16
HessDelSqRho_EigVals = -1.7956541374E+01 -9.5763991736E-01  2.1732213807E-01
HessDelSqRho_EigVec1 = -4.2231704828E-01 -3.2816577735E-01  8.4495889445E-01
HessDelSqRho_EigVec2 = -4.1721447590E-01  8.9792710177E-01  1.4021055956E-01
HessDelSqRho_EigVec3 = -8.0472379848E-01 -2.9331577265E-01 -5.1612543599E-01
</CP of DelSqRho>
<CP of DelSqRho>
CP# = 21      
Type = (3,-3)
Coords =  3.26588273562931E+00  3.64701278739128E-01 -1.08879509001450E+00
DistFromNuc =  1.1494477094E+00
Rho =  2.4311774653E-01
DelSqRho =  8.2957150195E-01
GradDelSqRho =  4.7184478547E-16  2.7755575616E-17  4.4408920985E-16
HessDelSqRho_EigVals = -1.7949361767E+01 -1.5904523776E+00 -3.9478616040E-01
HessDelSqRho_EigVec1 =  3.3422096084E-01  2.6219660254E-01  9.0528961717E-01
HessDelSqRho_EigVec2 = -8.4029444660E-01  5.1791266614E-01  1.6022394724E-01
HessDelSqRho_EigVec3 =  4.2685078464E-01  8.1426003947E-01 -3.9341961794E-01
</CP of DelSqRho>
<CP of DelSqRho>
CP# = 22      
Type = (3,-3)
Coords =  3.12740917819069E+00  1.29509977412070E+00  8.09881495482279E-01
DistFromNuc =  1.1482173746E+00
Rho =  2.4257729611E-01
DelSqRho =  8.3320116293E-01
GradDelSqRho =  3.1704916470E-12 -6.8951511167E-12 -4.8681614295E-12
HessDelSqRho_EigVals = -1.8067351473E+01 -1.4979892076E+00 -4.3939576592E-01
HessDelSqRho_EigVec1 = -4.5257195014E-01  5.2814474882E-01  7.1849965500E-01
HessDelSqRho_EigVec2 = -7.9405929052E-01  1.2795370168E-01 -5.9422023977E-01
HessDelSqRho_EigVec3 =  4.0576898980E-01  8.3945873902E-01 -3.6146998825E-01
</CP of DelSqRho>
<CP of DelSqRho>
CP# = 23      
Type = (3,+1)
Coords =  2.40917073079238E+00  3.65535391686486E-01  1.80736230550941E-02
DistFromNuc =  1.2318474303E+00
Rho =  2.3422591082E-01
DelSqRho =  3.5109055767E-01
GradDelSqRho = -1.4527268277E-12 -1.3205547766E-12  1.7703893906E-13
HessDelSqRho_EigVals = -1.0117510149E+01  9.0589191344E-01  1.1594958013E+00
HessDelSqRho_EigVec1 =  9.6346697285E-01  2.6395332280E-01 -4.5387615077E-02
HessDelSqRho_EigVec2 = -2.4133465814E-01  7.8211894702E-01 -5.7449763750E-01
HessDelSqRho_EigVec3 = -1.1614204665E-01  5.6446310428E-01  8.1724685922E-01
</CP of DelSqRho>
<CP of DelSqRho>
CP# = 24      
Type = (3,-1)
Coords =  3.32992527360421E+00 -4.63128726617092E-01 -2.34361985248199E-01
DistFromNuc =  1.1880996475E+00
Rho =  2.3912289937E-01
DelSqRho =  7.0795726606E-01
GradDelSqRho =  1.7000290065E-15  8.3266726847E-16  1.2767564783E-15
HessDelSqRho_EigVals = -1.6406444018E+01 -1.5746953437E+00  2.7344033952E-01
HessDelSqRho_EigVec1 =  2.7276663113E-01  9.4985020683E-01  1.5291484405E-01
HessDelSqRho_EigVec2 =  8.6050439533E-01 -1.6978370297E-01 -4.8031831094E-01
HessDelSqRho_EigVec3 =  4.3026799852E-01 -2.6259870296E-01  8.6366160656E-01
</CP of DelSqRho>
<CP of DelSqRho>
CP# = 25      
Type = (3,-1)
Coords =  3.25463558922112E+00  1.35663267491523E-01  9.64947903199385E-01
DistFromNuc =  1.1873170250E+00
Rho =  2.3895602317E-01
DelSqRho =  6.9713807243E-01
GradDelSqRho = -9.9920072216E-16 -4.4408920985E-16  2.2204460493E-16
HessDelSqRho_EigVals = -1.6286855069E+01 -1.5255609179E+00  3.3217021990E-01
HessDelSqRho_EigVec1 = -3.3444245690E-01 -4.6274968246E-01  8.2098171381E-01
HessDelSqRho_EigVec2 =  7.9685962485E-01  3.2624615183E-01  5.0850583743E-01
HessDelSqRho_EigVec3 =  5.0315303965E-01 -8.2427312209E-01 -2.5963597379E-01
</CP of DelSqRho>
<CP of DelSqRho>
CP# = 26      
Type = (3,-1)
Coords =  4.01494293373049E+00  1.72998446546906E+00  3.14553524076708E-01
DistFromNuc =  1.1848025562E+00
Rho =  2.3994306146E-01
DelSqRho =  7.5055742257E-01
GradDelSqRho =  2.3438473384E-12  2.8619329129E-12  9.3844376714E-13
HessDelSqRho_EigVals = -1.7873936554E+01 -8.9874608175E-01  2.3402358804E-01
HessDelSqRho_EigVec1 =  3.5096293877E-01  8.9310976459E-01  2.8138934595E-01
HessDelSqRho_EigVec2 =  3.5763868072E-01 -4.0557238992E-01  8.4119296870E-01
HessDelSqRho_EigVec3 =  8.6540140378E-01 -1.9459184191E-01 -4.6175147580E-01
</CP of DelSqRho>
<CP of DelSqRho>
CP# = 27      
Type = (3,+1)
Coords =  4.78004878675901E+00  1.61136252906363E+00  1.26328012257449E+00
DistFromNuc =  1.9874063994E+00
Rho =  7.1465602341E-02
DelSqRho =  1.9184984682E-01
GradDelSqRho = -1.3125611709E-13 -1.6506240819E-13 -9.7248598063E-14
HessDelSqRho_EigVals = -1.9560995477E+00  1.2636695355E-02  5.7359819296E-01
HessDelSqRho_EigVec1 =  5.9069576230E-01  7.8108324111E-01  2.0245366595E-01
HessDelSqRho_EigVec2 =  7.8642308188E-01 -5.0113504676E-01 -3.6111272644E-01
HessDelSqRho_EigVec3 =  1.8060247142E-01 -3.7252199314E-01  9.1028023814E-01
</CP of DelSqRho>
<CP of DelSqRho>
CP# = 28      
Type = (3,-1)
Coords =  5.16967111469552E+00  1.04449423202862E+00  1.14477589497542E+00
DistFromNuc =  1.9972545360E+00
Rho =  7.1526076095E-02
DelSqRho =  1.9326272188E-01
GradDelSqRho = -4.1633363423E-17  3.0184188482E-16  9.0205620751E-17
HessDelSqRho_EigVals = -2.1776705797E+00 -1.7093049543E-02  5.3657583926E-01
HessDelSqRho_EigVec1 =  9.7087639213E-01  2.3585104352E-01  4.2110764247E-02
HessDelSqRho_EigVec2 = -2.3435217265E-01  9.7142353968E-01 -3.7621346779E-02
HessDelSqRho_EigVec3 = -4.9780421560E-02  2.6656928335E-02  9.9840438591E-01
</CP of DelSqRho>
<CP of DelSqRho>
CP# = 29      
Type = (3,-1)
Coords =  4.05921394586998E+00  1.61051841088058E+00  1.67895833367511E+00
DistFromNuc =  2.0044781341E+00
Rho =  7.1969991701E-02
DelSqRho =  1.9408999766E-01
GradDelSqRho =  4.5970172113E-17  0.0000000000E+00  2.7755575616E-17
HessDelSqRho_EigVals = -2.1709155591E+00 -1.8983877049E-02  4.9137268549E-01
HessDelSqRho_EigVec1 = -1.3862079062E-01  7.9516573307E-01  5.9033527199E-01
HessDelSqRho_EigVec2 = -7.1880767743E-01 -4.9082841964E-01  4.9234437676E-01
HessDelSqRho_EigVec3 =  6.8124870588E-01 -3.5608835900E-01  6.3961025736E-01
</CP of DelSqRho>
<CP of DelSqRho>
CP# = 30      
Type = (3,-1)
Coords =  4.21758809441498E+00 -1.58981684377070E-01 -1.74861377736160E+00
DistFromNuc =  2.0047218052E+00
Rho =  7.2032083382E-02
DelSqRho =  1.9632413840E-01
GradDelSqRho =  1.1819364931E-13  3.2410359119E-13  9.2788277062E-13
HessDelSqRho_EigVals = -2.2628500977E+00 -2.0950888276E-02  4.6369262829E-01
HessDelSqRho_EigVec1 =  1.0567802097E-01  4.3319956960E-02  9.9345635899E-01
HessDelSqRho_EigVec2 =  6.4834182854E-01  7.5450378410E-01 -1.0186713477E-01
HessDelSqRho_EigVec3 =  7.5397946209E-01 -6.5486442956E-01 -5.1648326610E-02
</CP of DelSqRho>
<CP of DelSqRho>
CP# = 31      
Type = (3,+1)
Coords =  4.13565235382690E+00  8.44120340388800E-02  1.83062000761465E+00
DistFromNuc =  2.0284101650E+00
Rho =  7.0005243764E-02
DelSqRho =  1.7363328076E-01
GradDelSqRho = -1.0061396161E-16  5.9327542878E-16 -1.8041124150E-16
HessDelSqRho_EigVals = -1.6165945936E+00  3.0546802911E-02  5.7491359738E-01
HessDelSqRho_EigVec1 =  1.2384054555E-02 -6.1880361888E-01  7.8544809915E-01
HessDelSqRho_EigVec2 = -8.0887526162E-01  4.5559676791E-01  3.7168857423E-01
HessDelSqRho_EigVec3 =  5.8784985016E-01  6.3993254827E-01  4.9489280389E-01
</CP of DelSqRho>
<CP of DelSqRho>
CP# = 32      
Type = (3,+1)
Coords =  4.46099579189831E+00 -1.10320384308913E+00 -5.01769820987718E-01
DistFromNuc =  2.0315072447E+00
Rho =  6.9881382557E-02
DelSqRho =  1.7527966643E-01
GradDelSqRho = -3.3653635434E-16  7.4246164772E-16 -2.2551405188E-16
HessDelSqRho_EigVals = -1.6701589439E+00  2.6519698478E-02  5.7651952911E-01
HessDelSqRho_EigVec1 = -2.1072401732E-01  9.6684274876E-01 -1.4425840596E-01
HessDelSqRho_EigVec2 =  8.1762086616E-01  2.5520696095E-01  5.1610611922E-01
HessDelSqRho_EigVec3 = -5.3580920834E-01  9.1927280294E-03  8.4428904174E-01
</CP of DelSqRho>
<Path of -GradDelSqRho>
Starting CP# =      3
Ending CP# =     17
Number of Points =     21
  4.2460316930E+00 -4.5906188460E-02 -6.8887021771E-01  4.0464127955E-01 -9.3082487010E-01
  4.2319300583E+00 -3.0870916331E-02 -6.7472509538E-01  4.1643095667E-01 -9.4025431612E-01
  4.2178324653E+00 -1.5831336301E-02 -6.6058052386E-01  4.2928603419E-01 -9.6900947218E-01
  4.2037374065E+00 -7.8996894013E-04 -6.4643532735E-01  4.4322716950E-01 -1.0178885778E+00
  4.1896430143E+00  1.4250379127E-02 -6.3228838293E-01  4.5826932641E-01 -1.0877446448E+00
  4.1755470340E+00  2.9286598946E-02 -6.1813863279E-01  4.7442087762E-01 -1.1793634552E+00
  4.1614467681E+00  4.4315214783E-02 -6.0398507513E-01  4.9168268934E-01 -1.2933105746E+00
  4.1473389735E+00  5.9332250961E-02 -5.8982673013E-01  5.1004728333E-01 -1.4297508538E+00
  4.1332196907E+00  7.4333000730E-02 -5.7566257437E-01  5.2949819213E-01 -1.5882463785E+00
  4.1190839656E+00  8.9311648309E-02 -5.6149143099E-01  5.5000964160E-01 -1.7675416136E+00
  4.1049254064E+00  1.0426065574E-01 -5.4731179018E-01  5.7154670855E-01 -1.9653470915E+00
  4.0907354569E+00  1.1916974621E-01 -5.3312150992E-01  5.9406610851E-01 -2.1781346734E+00
  4.0765021656E+00  1.3402414344E-01 -5.1891729502E-01  6.1751776218E-01 -2.4009569749E+00
  4.0622079667E+00  1.4880132264E-01 -5.0469373473E-01  6.4184725660E-01 -2.6272988722E+00
  4.0478253415E+00  1.6346446573E-01 -4.9044137899E-01  6.6699920613E-01 -2.8489563589E+00
  4.0333072891E+00  1.7794755567E-01 -4.7614245584E-01  6.9292110090E-01 -3.0559116799E+00
  4.0185625973E+00  1.9211468353E-01 -4.6175973049E-01  7.1956519261E-01 -3.2361291598E+00
  4.0033724564E+00  2.0561036143E-01 -4.4719956034E-01  7.4687106729E-01 -3.3751633220E+00
  3.9869416506E+00  2.1682554310E-01 -4.3213440745E-01  7.7445424497E-01 -3.4559929316E+00
  3.9696693569E+00  2.1004895504E-01 -4.1844429010E-01  7.8937550210E-01 -3.4783139442E+00
  3.9556927005E+00  1.8717468455E-01 -3.9985610406E-01  7.9225000567E-01 -3.4858104232E+00
</Path of -GradDelSqRho>
<Path of -GradDelSqRho>
Starting CP# =      3
Ending CP# =      0
Number of Points =     30
  4.2460316930E+00 -4.5906188460E-02 -6.8887021771E-01  4.0464127955E-01 -9.3082487010E-01
  4.2601383347E+00 -6.0935195865E-02 -7.0301700500E-01  3.9389145776E-01 -9.4006700156E-01
  4.2742509673E+00 -7.5955866050E-02 -7.1716667128E-01  3.8415171775E-01 -9.6752638225E-01
  4.2883700889E+00 -9.0966682698E-02 -7.3132032005E-01  3.7538854172E-01 -1.0129687636E+00
  4.3024958877E+00 -1.0596654339E-01 -7.4547892064E-01  3.6756496208E-01 -1.0763601299E+00
  4.3166282773E+00 -1.2095478638E-01 -7.5964324626E-01  3.6064068185E-01 -1.1577964954E+00
  4.3307669458E+00 -1.3593120546E-01 -7.7381381103E-01  3.5457206664E-01 -1.2573651120E+00
  4.3449114164E+00 -1.5089605790E-01 -7.8799080383E-01  3.4931210100E-01 -1.3749106391E+00
  4.3590611149E+00 -1.6585007422E-01 -8.0217401276E-01  3.4481047145E-01 -1.5096780660E+00
  4.3732154412E+00 -1.8079448353E-01 -8.1636272889E-01  3.4101403626E-01 -1.6598225476E+00
  4.3873738447E+00 -1.9573107480E-01 -8.3055560901E-01  3.3786806357E-01 -1.8218359778E+00
  4.4015359037E+00 -2.1066232308E-01 -8.4475046402E-01  3.3531873638E-01 -1.9900638769E+00
  4.4157014185E+00 -2.2559160144E-01 -8.5894394271E-01  3.3331746697E-01 -2.1566811501E+00
  4.4298705229E+00 -2.4052336732E-01 -8.7313122002E-01  3.3182741692E-01 -2.3127234111E+00
  4.4440437447E+00 -2.5546244233E-01 -8.8730668454E-01  3.3083213224E-01 -2.4509180982E+00
  4.4582215117E+00 -2.7040856221E-01 -9.0147017348E-01  3.3034525376E-01 -2.5709348528E+00
  4.4724018231E+00 -2.8534122241E-01 -9.1564530069E-01  3.3041888530E-01 -2.6870728677E+00
  4.4865787797E+00 -3.0022323626E-01 -9.2987691350E-01  3.3114666067E-01 -2.8372493103E+00
  4.5007488995E+00 -3.1504782793E-01 -9.4417512055E-01  3.3265619500E-01 -3.0906429250E+00
  4.5149135998E+00 -3.2983582362E-01 -9.5851653993E-01  3.3508566786E-01 -3.5499813804E+00
  4.5290750549E+00 -3.4460447819E-01 -9.7288107934E-01  3.3854148930E-01 -4.3439040409E+00
  4.5432346406E+00 -3.5936273124E-01 -9.8725814741E-01  3.4303827417E-01 -5.6055821535E+00
  4.5573931123E+00 -3.7411489394E-01 -1.0016425615E+00  3.4842908733E-01 -7.4362526217E+00
  4.5715508860E+00 -3.8886311119E-01 -1.0160317079E+00  3.5434184893E-01 -9.8571101126E+00
  4.5857081942E+00 -4.0360850344E-01 -1.0304242069E+00  3.6014460786E-01 -1.2760500597E+01
  4.5998651592E+00 -4.1835168379E-01 -1.0448193093E+00  3.6496440136E-01 -1.5880028172E+01
  4.6140218170E+00 -4.3309300542E-01 -1.0592166173E+00  3.6777710375E-01 -1.8803521449E+01
  4.6281780917E+00 -4.4783269568E-01 -1.0736159721E+00  3.6756646286E-01 -2.1044733544E+01
  4.6423335629E+00 -4.6257099275E-01 -1.0880175426E+00  3.6352288992E-01 -2.2165627893E+01
  4.6465795613E+00 -4.6699237437E-01 -1.0923387556E+00  3.6148718725E-01 -2.2238478302E+01
</Path of -GradDelSqRho>
<Path of -GradDelSqRho>
Starting CP# =      4
Ending CP# =      0
Number of Points =     30
  4.1412033510E+00  7.9373246393E-01  9.9413952755E-01  4.0502095598E-01 -9.3045825170E-01
  4.1531222946E+00  7.9655463945E-01  1.0159334279E+00  3.9430098751E-01 -9.3972383097E-01
  4.1650520127E+00  7.9938361000E-01  1.0377205510E+00  3.8458966611E-01 -9.6726319327E-01
  4.1769930174E+00  8.0222093110E-01  1.0595004040E+00  3.7585388431E-01 -1.0128534934E+00
  4.1889454110E+00  8.0506786033E-01  1.0812727547E+00  3.6805700987E-01 -1.0764685277E+00
  4.2009089204E+00  8.0792529342E-01  1.1030376231E+00  3.6115900900E-01 -1.1582087814E+00
  4.2128829509E+00  8.1079370593E-01  1.1247952604E+00  3.5511644227E-01 -1.2581623476E+00
  4.2248666541E+00  8.1367309590E-01  1.1465461213E+00  3.4988242638E-01 -1.3761701421E+00
  4.2368590025E+00  8.1656291906E-01  1.1682908329E+00  3.4540672488E-01 -1.5114671884E+00
  4.2488588631E+00  8.1946200105E-01  1.1900301673E+00  3.4163622916E-01 -1.6621904317E+00
  4.2608650644E+00  8.2236840144E-01  1.2117650231E+00  3.3851621348E-01 -1.8248038352E+00
  4.2728764508E+00  8.2527919004E-01  1.2334964268E+00  3.3599286464E-01 -1.9936162399E+00
  4.2848919278E+00  8.2819010364E-01  1.2552255522E+00  3.3401762978E-01 -2.1607635135E+00
  4.2969105286E+00  8.3109522872E-01  1.2769537246E+00  3.3255377746E-01 -2.3172551838E+00
  4.3089316270E+00  8.3398793221E-01  1.2986821723E+00  3.3158507522E-01 -2.4558322095E+00
  4.3209556363E+00  8.3686846029E-01  1.3204106272E+00  3.3112553065E-01 -2.5762541185E+00
  4.3329850068E+00  8.3976546480E-01  1.3421339197E+00  3.3122775459E-01 -2.6930255023E+00
  4.3450219781E+00  8.4273149495E-01  1.3638436719E+00  3.3198595715E-01 -2.8444101043E+00
  4.3570645737E+00  8.4577689939E-01  1.3855393170E+00  3.3352826580E-01 -3.1000650258E+00
  4.3691096500E+00  8.4887324750E-01  1.4072263789E+00  3.3599310072E-01 -3.5632642341E+00
  4.3811555721E+00  8.5199668816E-01  1.4289090874E+00  3.3948655246E-01 -4.3631307724E+00
  4.3932017224E+00  8.5513476280E-01  1.4505895565E+00  3.4402206405E-01 -5.6330624716E+00
  4.4052478797E+00  8.5828141478E-01  1.4722687785E+00  3.4945047320E-01 -7.4740369855E+00
  4.4172939610E+00  8.6143360741E-01  1.4939472381E+00  3.5539641516E-01 -9.9063096960E+00
  4.4293399235E+00  8.6458974577E-01  1.5156251895E+00  3.6122390074E-01 -1.2820559900E+01
  4.4413857192E+00  8.6774896247E-01  1.5373027851E+00  3.6605583079E-01 -1.5948221198E+01
  4.4534312526E+00  8.7091078438E-01  1.5589801467E+00  3.6886476667E-01 -1.8874992744E+01
  4.4654762895E+00  8.7407498171E-01  1.5806574377E+00  3.6863291391E-01 -2.1113281975E+01
  4.4775200123E+00  8.7724156962E-01  1.6023351096E+00  3.6455154081E-01 -2.2225118208E+01
  4.4811320112E+00  8.7819216537E-01  1.6088389416E+00  3.6250169814E-01 -2.2294263217E+01
</Path of -GradDelSqRho>
<Path of -GradDelSqRho>
Starting CP# =      4
Ending CP# =     18
Number of Points =     20
  4.1412033510E+00  7.9373246393E-01  9.9413952755E-01  4.0502095598E-01 -9.3045825170E-01
  4.1292939347E+00  7.9091516089E-01  9.7233978913E-01  4.1677885772E-01 -9.3990513545E-01
  4.1173930525E+00  7.8810099420E-01  9.5053498546E-01  4.2959967456E-01 -9.6869777985E-01
  4.1054989422E+00  7.8528790421E-01  9.2872634816E-01  4.4350342571E-01 -1.0176072703E+00
  4.0936094325E+00  7.8247375497E-01  9.0691533900E-01  4.5850436703E-01 -1.0874519125E+00
  4.0817219330E+00  7.7965634127E-01  8.8510365557E-01  4.7461010196E-01 -1.1789739896E+00
  4.0698333929E+00  7.7683335715E-01  8.6329325967E-01  4.9182067877E-01 -1.2926856239E+00
  4.0579402083E+00  7.7400231351E-01  8.4148644101E-01  5.1012777039E-01 -1.4286873059E+00
  4.0460380551E+00  7.7116038602E-01  8.1968593255E-01  5.2951405302E-01 -1.5864651144E+00
  4.0341216082E+00  7.6830416059E-01  7.9789510398E-01  5.4995291846E-01 -1.7646753889E+00
  4.0221840831E+00  7.6542921456E-01  7.7611827989E-01  5.7140866844E-01 -1.9609281201E+00
  4.0102164788E+00  7.6252941329E-01  7.5436127228E-01  5.9383734687E-01 -2.1715818448E+00
  3.9982062770E+00  7.5959567524E-01  7.3263231006E-01  6.1718836100E-01 -2.3915621091E+00
  3.9861350692E+00  7.5661365949E-01  7.1094377383E-01  6.4140701406E-01 -2.6142103553E+00
  3.9739738250E+00  7.5355903360E-01  6.8931575359E-01  6.6643797511E-01 -2.8311563891E+00
  3.9616722111E+00  7.5038650260E-01  6.6778439214E-01  6.9222933877E-01 -3.0321790870E+00
  3.9491296332E+00  7.4699914659E-01  6.4642581276E-01  7.1873503304E-01 -3.2049708931E+00
  3.9360893470E+00  7.4313097352E-01  6.2545287962E-01  7.4589826674E-01 -3.3346788837E+00
  3.9214234649E+00  7.3743518421E-01  6.0611388302E-01  7.7325015682E-01 -3.4037006484E+00
  3.8973795588E+00  7.0326598586E-01  6.0946247165E-01  7.8527220838E-01 -3.4208205849E+00
</Path of -GradDelSqRho>
<Path of -GradDelSqRho>
Starting CP# =      5
Ending CP# =      1
Number of Points =      7
  3.6219042249E+00  5.2573509428E-01  4.0298716150E-02  2.2322387468E+01  1.2119162311E+03
  3.6186951815E+00  5.4796859232E-01  2.9327226651E-02  3.2422133119E+01  9.7528792871E+02
  3.6154731925E+00  5.7019966703E-01  1.8354619989E-02  4.7454296351E+01 -7.1616655680E+02
  3.6122454354E+00  5.9242965959E-01  7.3815158548E-03  6.9772860967E+01 -6.1383495842E+03
  3.6090138087E+00  6.1465892611E-01 -3.5919200443E-03  1.0286072390E+02 -1.9720857845E+04
  3.6057755161E+00  6.3688694763E-01 -1.4565912848E-02  1.5250399258E+02 -7.2167309403E+04
  3.6000080215E+00  6.7639759123E-01 -3.4074269674E-02  2.9750168840E+02 -3.3314697343E+06
</Path of -GradDelSqRho>
<Path of -GradDelSqRho>
Starting CP# =      5
Ending CP# =     17
Number of Points =     53
  3.6219042249E+00  5.2573509428E-01  4.0298716150E-02  2.2322387468E+01  1.2119162311E+03
  3.6250986705E+00  5.0349886593E-01  5.1268932824E-02  1.5487693178E+01  1.1330459041E+03
  3.6282871705E+00  4.8126151619E-01  6.2238606648E-02  1.0847712542E+01  9.6647807861E+02
  3.6314742543E+00  4.5902388085E-01  7.3208113062E-02  7.7071882356E+00  7.6126923481E+02
  3.6346576161E+00  4.3678551466E-01  8.4177218519E-02  5.5889618426E+00  5.6373555141E+02
  3.6378336937E+00  4.1454572310E-01  9.5145545420E-02  4.1605734195E+00  4.0235624683E+02
  3.6409988810E+00  3.9230378095E-01  1.0611265918E-01  3.1944728783E+00  2.8195068572E+02
  3.6441499182E+00  3.7005900005E-01  1.1707808969E-01  2.5378342863E+00  1.9533805338E+02
  3.6472842348E+00  3.4781079228E-01  1.2804135938E-01  2.0885946470E+00  1.3344082418E+02
  3.6503997683E+00  3.2555863214E-01  1.3900196091E-01  1.7782246921E+00  8.9197840164E+01
  3.6534941938E+00  3.0330189635E-01  1.4995925057E-01  1.5603776985E+00  5.7816468109E+01
  3.6565640265E+00  2.8103965942E-01  1.6091228071E-01  1.4036694323E+00  3.5986254733E+01
  3.6596038561E+00  2.5877048928E-01  1.7185958152E-01  1.2870015068E+00  2.1226296947E+01
  3.6626055644E+00  2.3649220142E-01  1.8279884405E-01  1.1963865952E+00  1.1573138248E+01
  3.6655571818E+00  2.1420147816E-01  1.9372639180E-01  1.1227065915E+00  5.4767820122E+00
  3.6684408703E+00  1.9189319594E-01  2.0463621689E-01  1.0601115625E+00  1.7610931594E+00
  3.6712288684E+00  1.6955910495E-01  2.1551804444E-01  1.0048929950E+00 -4.2018626257E-01
  3.6738737370E+00  1.4718479438E-01  2.2635279104E-01  9.5471413795E-01 -1.6437747819E+00
  3.6762779701E+00  1.2474080100E-01  2.3709877093E-01  9.0810386659E-01 -2.2832971050E+00
  3.6781491163E+00  1.0214406489E-01  2.4762530470E-01  8.6414962911E-01 -2.5702078211E+00
  3.6756781617E+00  7.9392751376E-02  2.5570128731E-01  8.2452124847E-01 -2.6444672460E+00
  3.6552111778E+00  7.1445442036E-02  2.4391625166E-01  8.2400810119E-01 -2.6525760783E+00
  3.6385487098E+00  6.2988274422E-02  2.2743743569E-01  8.2387707390E-01 -2.6586240616E+00
  3.6289264107E+00  5.3868139002E-02  2.0642638062E-01  8.2359597134E-01 -2.6632479215E+00
  3.6286724959E+00  4.5141400816E-02  1.8314914394E-01  8.2333864443E-01 -2.6673704870E+00
  3.6354690314E+00  3.7749253872E-02  1.6030517487E-01  8.2313240880E-01 -2.6719402150E+00
  3.6456882616E+00  3.1685525570E-02  1.3832242175E-01  8.2289606954E-01 -2.6776141669E+00
  3.6574316430E+00  2.6728680177E-02  1.1682029052E-01  8.2257768736E-01 -2.6848718118E+00
  3.6699125664E+00  2.2749278646E-02  9.5529591216E-02  8.2216254193E-01 -2.6941340463E+00
  3.6827847882E+00  1.9685527222E-02  7.4320028994E-02  8.2165318396E-01 -2.7057893186E+00
  3.6958738373E+00  1.7506850631E-02  5.3133608158E-02  8.2105869462E-01 -2.7201908016E+00
  3.7090784282E+00  1.6196447572E-02  3.1947308056E-02  8.2039005009E-01 -2.7376471344E+00
  3.7223319512E+00  1.5743726043E-02  1.0755833973E-02  8.1965803076E-01 -2.7584116300E+00
  3.7355859702E+00  1.6140927791E-02 -1.0436466698E-02  8.1887217619E-01 -2.7826711836E+00
  3.7488024470E+00  1.7381552512E-02 -3.1619635025E-02  8.1804021514E-01 -2.8105354406E+00
  3.7619497376E+00  1.9459608171E-02 -5.2780256214E-02  8.1716774759E-01 -2.8420266834E+00
  3.7750003508E+00  2.2369271777E-02 -7.3902687114E-02  8.1625808584E-01 -2.8770709119E+00
  3.7879295888E+00  2.6104770110E-02 -9.4969788097E-02  8.1531221324E-01 -2.9154906120E+00
  3.8007146522E+00  3.0660385625E-02 -1.1596336866E-01  8.1432884131E-01 -2.9569997057E+00
  3.8133339976E+00  3.6030536119E-02 -1.3686445406E-01  8.1330455613E-01 -3.0012011526E+00
  3.8257668316E+00  4.2209897519E-02 -1.5765343148E-01  8.1223405058E-01 -3.0475876078E+00
  3.8379926723E+00  4.9193549694E-02 -1.7831010940E-01  8.1111044233E-01 -3.0955454531E+00
  3.8499909343E+00  5.6977130351E-02 -1.9881371192E-01  8.0992567975E-01 -3.1443624012E+00
  3.8617405033E+00  6.5556983984E-02 -2.1914282372E-01  8.0867103920E-01 -3.1932387341E+00
  3.8732192691E+00  7.4930291863E-02 -2.3927530068E-01  8.0733771721E-01 -3.2413020977E+00
  3.8844035846E+00  8.5095164639E-02 -2.5918816502E-01  8.0591751901E-01 -3.2876256264E+00
  3.8952676034E+00  9.6050669803E-02 -2.7885751542E-01  8.0440363990E-01 -3.3312490466E+00
  3.9057824269E+00  1.0779674906E-01 -2.9825850753E-01  8.0279152596E-01 -3.3712022897E+00
  3.9159149323E+00  1.2033394993E-01 -3.1736551366E-01  8.0107978302E-01 -3.4065310566E+00
  3.9256260143E+00  1.3366283834E-01 -3.3615268927E-01  7.9927107637E-01 -3.4363236986E+00
  3.9348675754E+00  1.4778283594E-01 -3.5459547218E-01  7.9737292910E-01 -3.4597387175E+00
  3.9435762109E+00  1.6268987269E-01 -3.7267447520E-01  7.9539830858E-01 -3.4760321358E+00
  3.9556927005E+00  1.8717468455E-01 -3.9985610406E-01  7.9225000567E-01 -3.4858104232E+00
</Path of -GradDelSqRho>
<Path of -GradDelSqRho>
Starting CP# =      7
Ending CP# =     10
Number of Points =     23
  3.6091048664E+00  8.2798199793E-01 -1.0336568699E-01  2.2881749965E+01  1.2676869608E+03
  3.6103972506E+00  8.5068408507E-01 -1.1375534156E-01  1.5844333780E+01  1.1803697053E+03
  3.6116745288E+00  8.7338586719E-01 -1.2414753313E-01  1.1085792819E+01  1.0043415989E+03
  3.6129478402E+00  8.9608756215E-01 -1.3454040198E-01  7.8787246376E+00  7.9058605000E+02
  3.6142134113E+00  9.1878909884E-01 -1.4493456140E-01  5.7269473763E+00  5.8425269434E+02
  3.6154635778E+00  9.4149032265E-01 -1.5533126706E-01  4.2853734072E+00  4.1486416937E+02
  3.6166897749E+00  9.6419105033E-01 -1.6573190813E-01  3.3178022785E+00  2.8813297244E+02
  3.6178831988E+00  9.8689107668E-01 -1.7613788841E-01  2.6656834303E+00  1.9695903864E+02
  3.6190353931E+00  1.0095901788E+00 -1.8655052661E-01  2.2233342049E+00  1.3194681333E+02
  3.6201377734E+00  1.0322880963E+00 -1.9697113348E-01  1.9200299367E+00  8.5681987075E+01
  3.6211795130E+00  1.0549844630E+00 -2.0740134577E-01  1.7081643114E+00  5.3097935959E+01
  3.6221442757E+00  1.0776786805E+00 -2.1784361893E-01  1.5557105898E+00  3.0678460796E+01
  3.6230058286E+00  1.1003696902E+00 -2.2830184819E-01  1.4413375024E+00  1.5774929708E+01
  3.6237209618E+00  1.1230554980E+00 -2.3878230929E-01  1.3510909973E+00  6.2804568906E+00
  3.6242155051E+00  1.1457320045E+00 -2.4929540203E-01  1.2760489917E+00  5.2603556720E-01
  3.6243518967E+00  1.1683895854E+00 -2.5985936135E-01  1.2106509928E+00 -2.7559185311E+00
  3.6238366989E+00  1.1910002516E+00 -2.7050940601E-01  1.1515493316E+00 -4.4756418167E+00
  3.6218427257E+00  1.2134412004E+00 -2.8132400399E-01  1.0969884391E+00 -5.2509339273E+00
  3.6136626445E+00  1.2339124080E+00 -2.9223588651E-01  1.0498593043E+00 -5.4888494852E+00
  3.5898861321E+00  1.2359823115E+00 -2.9713362899E-01  1.0444219144E+00 -5.5466823542E+00
  3.5652016569E+00  1.2332019794E+00 -2.9994195255E-01  1.0472494380E+00 -5.5875157296E+00
  3.5405705045E+00  1.2297016396E+00 -3.0239169637E-01  1.0489823220E+00 -5.6135985731E+00
  3.5091697756E+00  1.2242873465E+00 -3.0480882438E-01  1.0495718198E+00 -5.6255135946E+00
</Path of -GradDelSqRho>
<Path of -GradDelSqRho>
Starting CP# =      7
Ending CP# =      1
Number of Points =      7
  3.6091048664E+00  8.2798199793E-01 -1.0336568699E-01  2.2881749965E+01  1.2676869608E+03
  3.6077828777E+00  8.0527935721E-01 -9.2980969078E-02  3.3324518400E+01  9.9189460232E+02
  3.6064371500E+00  7.8257630344E-01 -8.2600201058E-02  4.8918221192E+01 -9.2356618187E+02
  3.6050811020E+00  7.5987307935E-01 -7.2221147789E-02  7.2104320244E+01 -6.7882091797E+03
