 AIMInt (Version 19.02.13, Professional)
 Portions Copyright (c) 1997-2019 by Todd A. Keith
 AIMInt is a component of the AIMAll package ( http://aim.tkgristmill.com )

 TP:  64-bit Linux

 Licensed To:  Research Group of Fernando Cortes Guzman, UNAM, fercor@unam.mx

 AIMInt is a heavily modified and extended version of the PROAIMV program
 developed by members of R.F.W. Bader's research group

 Much of the Quantum Theory of Atoms in Molecules (QTAIM) is described in the book:
   "Atoms in Molecules - A Quantum Theory"
   R.F.W. Bader, Oxford University Press, Oxford, 1990

 For additional references see:  http://aim.tkgristmill.com/references.html

 Current Directory:  /home/scratch/M_H2O_4_cuadrado_plano/Opt

 Inp File:  V4_cuadrado_plano_cc-pvtz-def2-tzv_2_atomicfiles/o2.inp
 Wfx File:  V4_cuadrado_plano_cc-pvtz-def2-tzv_2.wfx
 Out File:  V4_cuadrado_plano_cc-pvtz-def2-tzv_2_atomicfiles/o2.int

 Wfx Title:   V4_cuadrado_plano_cc-pvtz-def2-tzv_2                                          
 Job Title:   V4_cuadrado_plano_cc-pvtz-def2-tzv_2                                          
 
<Atom>
O2      
</Atom>
<Nuclei of Molecule>
    13
V1        23.0           1.5846970517E-04  -8.1081241132E-05  -4.0430510639E-04
O2         8.0          -2.9480278920E+00  -1.9140673700E+00   1.3611877309E-04
H3         1.0          -3.3262564051E+00  -3.5213263836E+00   1.0030102059E+00
O4         8.0           2.9478743965E+00   1.9142699535E+00   1.3625105392E-04
H5         1.0           4.5701240613E+00   1.6043189301E+00  -1.0018839255E+00
O6         8.0          -1.9142354295E+00   2.9479471632E+00   3.1205227606E-04
H7         1.0          -3.5217823005E+00   3.3249221680E+00   1.0031005726E+00
O8         8.0           1.9141017995E+00  -2.9479551065E+00   3.1210896785E-04
H9         1.0           3.5212780332E+00  -3.3259591327E+00   1.0032680401E+00
H10        1.0           3.3250647275E+00   3.5218876767E+00   1.0027634455E+00
H11        1.0          -1.6046495564E+00   4.5701928907E+00  -1.0017748128E+00
H12        1.0           1.6042995693E+00  -4.5694994689E+00  -1.0030243753E+00
H13        1.0          -4.5694259278E+00  -1.6042289336E+00  -1.0033323817E+00
</Nuclei of Molecule>
<Total Number of CPs of DelSqRho>
    38
</Total Number of CPs of DelSqRho>
<Number of (3,+3) CPs of DelSqRho>
     5
</Number of (3,+3) CPs of DelSqRho>
<Number of (3,+1) CPs of DelSqRho>
    13
</Number of (3,+1) CPs of DelSqRho>
<Number of (3,-1) CPs of DelSqRho>
    14
</Number of (3,-1) CPs of DelSqRho>
<Number of (3,-3) CPs of DelSqRho>
     6
</Number of (3,-3) CPs of DelSqRho>
<Number of Degenerate CPs of DelSqRho>
     0
</Number of Degenerate CPs of DelSqRho>
<CP of DelSqRho>
CP# = 1       
Type = (3,+3)
Coords = -2.94802808667672E+00 -1.91406749618611E+00  1.36118671888451E-04
DistFromNuc =  2.3197474216E-07
Rho =  2.9734805142E+02
DelSqRho = -3.3294723906E+06
GradDelSqRho = -2.3166532628E-05 -1.3556360500E-05 -1.2666987459E-09
HessDelSqRho_EigVals =  1.3240330536E+11  1.3240332189E+11  1.3240332641E+11
HessDelSqRho_EigVec1 = -3.6548036997E-01  5.6287142939E-01  7.4135002067E-01
HessDelSqRho_EigVec2 = -8.3912957679E-01 -5.4393111455E-01 -7.0426144878E-04
HessDelSqRho_EigVec3 = -4.0284693437E-01  6.2234612283E-01 -6.7111820931E-01
</CP of DelSqRho>
<CP of DelSqRho>
CP# = 2       
Type = (3,-1)
Coords = -1.70322449441694E+00 -1.10549309593899E+00 -5.02857148087811E-04
DistFromNuc =  1.4843612309E+00
Rho =  1.6249698283E-01
DelSqRho =  3.9656226580E-01
GradDelSqRho =  3.8069547514E-13  2.5218716004E-13 -3.0973487664E-15
HessDelSqRho_EigVals = -8.9879086100E-01 -1.5545530712E-01  4.4529086564E+00
HessDelSqRho_EigVec1 = -3.2003913413E-01  4.9319071638E-01  8.0891153404E-01
HessDelSqRho_EigVec2 = -4.4044670471E-01  6.7848697623E-01 -5.8793037291E-01
HessDelSqRho_EigVec3 =  8.3879774257E-01  5.4444314705E-01 -8.1841433640E-05
</CP of DelSqRho>
<CP of DelSqRho>
CP# = 3       
Type = (3,-3)
Coords = -2.79407596340206E+00 -1.88588380333831E+00  5.93061265010095E-02
DistFromNuc =  1.6732184427E-01
Rho =  2.2664081177E+01
DelSqRho =  1.2844924193E+03
GradDelSqRho =  1.6541434888E-11  5.0022208598E-12  2.7284841053E-12
HessDelSqRho_EigVals = -4.4179779066E+05 -1.8661451637E+03 -2.2184480957E+02
HessDelSqRho_EigVec1 =  9.2025167796E-01  1.6995564351E-01  3.5249387009E-01
HessDelSqRho_EigVec2 = -3.8163227021E-01  5.8902867693E-01  7.1232157632E-01
HessDelSqRho_EigVec3 =  8.6565926034E-02  7.9003816173E-01 -6.0691518638E-01
</CP of DelSqRho>
<CP of DelSqRho>
CP# = 4       
Type = (3,-1)
Coords = -2.80790033692264E+00 -1.82278812531726E+00 -6.55049110954759E-05
DistFromNuc =  1.6723538161E-01
Rho =  2.2694593584E+01
DelSqRho =  1.2842598209E+03
GradDelSqRho = -2.2737367544E-13 -1.1368683772E-13 -4.2632564146E-14
HessDelSqRho_EigVals = -4.4372779359E+05 -1.7659857076E+03  1.2136650513E+02
HessDelSqRho_EigVec1 =  8.3791081082E-01  5.4580585858E-01 -1.1991084717E-03
HessDelSqRho_EigVec2 = -3.8145054580E-01  5.8716417609E-01  7.1395637922E-01
HessDelSqRho_EigVec3 =  3.9038564808E-01 -5.9777436802E-01  7.0018915352E-01
</CP of DelSqRho>
<CP of DelSqRho>
CP# = 5       
Type = (3,+1)
Coords = -3.07239426900123E+00 -1.86999283807471E+00  1.04696215817524E-01
DistFromNuc =  1.6835193489E-01
Rho =  2.2493793948E+01
DelSqRho =  1.2483941331E+03
GradDelSqRho =  3.9221959014E-11 -9.4360075309E-12 -2.8734348234E-11
HessDelSqRho_EigVals = -4.1492131705E+05  8.6974731492E+02  1.6462588293E+03
HessDelSqRho_EigVec1 =  7.3700727933E-01 -2.6418769966E-01 -6.2211343786E-01
HessDelSqRho_EigVec2 =  5.6083202076E-01  7.5273872592E-01  3.4474897388E-01
HessDelSqRho_EigVec3 =  3.7721043822E-01 -6.0298363979E-01  7.0293884190E-01
</CP of DelSqRho>
<CP of DelSqRho>
CP# = 6       
Type = (3,-3)
Coords = -2.85929463425057E+00 -1.78499311981030E+00 -5.87088446531076E-02
DistFromNuc =  1.6732149539E-01
Rho =  2.2664241054E+01
DelSqRho =  1.2844846770E+03
GradDelSqRho =  7.1622707765E-12  3.5242919694E-12 -7.2191141953E-12
HessDelSqRho_EigVals = -4.4180466317E+05 -1.8652247370E+03 -2.1920993776E+02
HessDelSqRho_EigVec1 =  5.3176031738E-01  7.7093658346E-01 -3.5055348972E-01
HessDelSqRho_EigVec2 =  3.8314323464E-01 -5.8814152111E-01 -7.1224350674E-01
HessDelSqRho_EigVec3 =  7.5526963835E-01 -2.4443063523E-01  6.0812945822E-01
</CP of DelSqRho>
<CP of DelSqRho>
CP# = 7       
Type = (3,+1)
Coords = -2.95834972619635E+00 -2.04552584031272E+00 -1.04526801764285E-01
DistFromNuc =  1.6835140811E-01
Rho =  2.2493891657E+01
DelSqRho =  1.2484091188E+03
GradDelSqRho =  1.5347723092E-12  8.3844042820E-12  5.8975047068E-12
HessDelSqRho_EigVals = -4.1493401527E+05  8.6878554614E+02  1.6456584354E+03
HessDelSqRho_EigVec1 =  5.8426563225E-02  7.8025836968E-01  6.2272242071E-01
HessDelSqRho_EigVec2 =  9.1617725850E-01  2.0584034261E-01 -3.4387350051E-01
HessDelSqRho_EigVec3 =  3.9649157331E-01 -5.9061546703E-01  7.0282843027E-01
</CP of DelSqRho>
<CP of DelSqRho>
CP# = 8       
Type = (3,-1)
Coords = -3.08944211179575E+00 -2.00592511113647E+00 -4.47711550946521E-05
DistFromNuc =  1.6862935356E-01
Rho =  2.2387072684E+01
DelSqRho =  1.2527257761E+03
GradDelSqRho = -2.1692869723E-11 -4.6014747568E-11  3.5527136788E-14
HessDelSqRho_EigVals = -4.1023175867E+05 -5.7877211097E+02  9.7881181291E+02
HessDelSqRho_EigVec1 =  8.3860801393E-01  5.4473428721E-01  1.0748481809E-03
HessDelSqRho_EigVec2 = -3.8763597404E-01  5.9536954135E-01  7.0375667731E-01
HessDelSqRho_EigVec3 =  3.8272046012E-01 -5.9059263927E-01  7.1044027465E-01
</CP of DelSqRho>
<CP of DelSqRho>
CP# = 9       
Type = (3,-1)
Coords = -2.46540241190951E+00 -2.16339329992045E+00  4.41092020423038E-01
DistFromNuc =  6.9966626371E-01
Rho =  7.2367856404E-01
DelSqRho = -1.5356811755E+00
GradDelSqRho = -1.9539925233E-14  1.5543122345E-14 -7.9936057773E-15
HessDelSqRho_EigVals = -1.4907546745E+01 -8.2191180255E+00  1.6650424327E+02
HessDelSqRho_EigVec1 =  5.6379082032E-01  8.0453245481E-01 -1.8672825196E-01
HessDelSqRho_EigVec2 = -4.3770924983E-01  4.8277904078E-01  7.5850841155E-01
HessDelSqRho_EigVec3 =  7.0039312070E-01 -3.4590739648E-01  6.2433768870E-01
</CP of DelSqRho>
<CP of DelSqRho>
CP# = 10      
Type = (3,-1)
Coords = -2.97901278300502E+00 -1.37154226127893E+00 -4.40615502278956E-01
DistFromNuc =  6.9968246264E-01
Rho =  7.2366609554E-01
DelSqRho = -1.5355793911E+00
GradDelSqRho = -1.5543122345E-15  1.7763568394E-14  3.5527136788E-15
HessDelSqRho_EigVals = -1.4909892749E+01 -8.2186748582E+00  1.6648266578E+02
HessDelSqRho_EigVec1 =  9.6440431504E-01  1.8700047101E-01  1.8696294009E-01
HessDelSqRho_EigVec2 = -2.6267573229E-01  5.9612116546E-01  7.5871009994E-01
HessDelSqRho_EigVec3 = -3.0426580307E-02  7.8081392145E-01 -6.2402230992E-01
</CP of DelSqRho>
<CP of DelSqRho>
CP# = 11      
Type = (3,+1)
Coords = -3.09041510464750E+00 -1.99190612156415E+00  6.62724519598538E-01
DistFromNuc =  6.8217034418E-01
Rho =  7.7750604278E-01
DelSqRho = -2.3463368771E+00
GradDelSqRho = -4.4408920985E-15  2.6645352591E-15 -1.9539925233E-14
HessDelSqRho_EigVals = -1.2050858683E+01  7.2079915643E+00  2.0058988284E+02
HessDelSqRho_EigVec1 =  1.0878499298E-01  9.8980359924E-01  9.1949226364E-02
HessDelSqRho_EigVec2 =  9.7045454725E-01 -1.2578603287E-01  2.0590251493E-01
HessDelSqRho_EigVec3 = -2.1536897878E-01 -6.6833441200E-02  9.7424303647E-01
</CP of DelSqRho>
<CP of DelSqRho>
CP# = 12      
Type = (3,+1)
Coords = -3.07695176616855E+00 -2.01190886701973E+00 -6.62587715306471E-01
DistFromNuc =  6.8220026687E-01
Rho =  7.7744289370E-01
DelSqRho = -2.3457916080E+00
GradDelSqRho =  6.4392935428E-15  5.3290705182E-15  1.7763568394E-14
HessDelSqRho_EigVals = -1.2060840685E+01  7.2089611247E+00  2.0053581338E+02
HessDelSqRho_EigVec1 =  9.4829996057E-01 -3.0377670139E-01 -9.1907020797E-02
HessDelSqRho_EigVec2 =  2.8049208966E-01  9.3767814224E-01 -2.0514358192E-01
HessDelSqRho_EigVec3 =  1.4849704515E-01  1.6875845833E-01  9.7440710708E-01
</CP of DelSqRho>
<CP of DelSqRho>
CP# = 13      
Type = (3,+3)
Coords = -2.69957542123262E+00 -1.39945877013143E+00  3.31206217413565E-01
DistFromNuc =  6.6042263099E-01
Rho =  8.7637991493E-01
DelSqRho = -3.7434720318E+00
GradDelSqRho =  4.5297099405E-14  1.8474111130E-13  1.2079226508E-13
HessDelSqRho_EigVals =  4.4233778599E+00  1.6957243303E+01  2.6184175776E+02
HessDelSqRho_EigVec1 =  8.5091410466E-01 -4.7182341580E-02 -5.2318162537E-01
HessDelSqRho_EigVec2 =  3.8505754690E-01 -6.2143743784E-01  6.8230945797E-01
HessDelSqRho_EigVec3 =  3.5731760671E-01  7.8204177478E-01  5.1062196432E-01
</CP of DelSqRho>
<CP of DelSqRho>
CP# = 14      
Type = (3,+1)
Coords = -2.38796707271639E+00 -1.55035919592563E+00  5.26082812469163E-04
DistFromNuc =  6.6779630823E-01
Rho =  8.6354217375E-01
DelSqRho = -3.5742699186E+00
GradDelSqRho =  1.1102230246E-13  6.6613381478E-14 -8.6597395921E-15
HessDelSqRho_EigVals = -3.1767688521E+00  1.7030808577E+01  2.4494177339E+02
HessDelSqRho_EigVec1 = -3.5974705581E-01  5.5316339951E-01  7.5139357814E-01
HessDelSqRho_EigVec2 = -4.0890098377E-01  6.3039086720E-01 -6.5985402933E-01
HessDelSqRho_EigVec3 =  8.3867874738E-01  5.4462611762E-01  5.9220024286E-04
</CP of DelSqRho>
<CP of DelSqRho>
CP# = 15      
Type = (3,+1)
Coords = -3.42870878148318E+00 -1.44873718484962E+00  1.01899509021070E-01
DistFromNuc =  6.7671418362E-01
Rho =  7.9881234171E-01
DelSqRho = -2.5729208801E+00
GradDelSqRho = -1.3979928326E-12  2.6023627697E-13 -3.9435121835E-13
HessDelSqRho_EigVals = -1.0537360240E+01  9.0668094367E+00  2.1178484300E+02
HessDelSqRho_EigVec1 =  5.5582494881E-01  3.4120111802E-01  7.5805040950E-01
HessDelSqRho_EigVec2 =  4.6307113777E-01  6.3022416489E-01 -6.2320351680E-01
HessDelSqRho_EigVec3 = -6.9037942296E-01  6.9742332844E-01  1.9229392426E-01
</CP of DelSqRho>
<CP of DelSqRho>
CP# = 16      
Type = (3,-1)
Coords = -3.54045306440817E+00 -2.29930674357110E+00 -9.55320820373891E-04
DistFromNuc =  7.0666693078E-01
Rho =  7.1468625193E-01
DelSqRho = -1.5381558157E+00
GradDelSqRho = -5.5289106626E-14 -2.3425705820E-14  1.1324274851E-14
HessDelSqRho_EigVals = -1.9416363532E+01 -9.8967552080E-01  1.5737120751E+02
HessDelSqRho_EigVec1 =  4.2148897773E-01 -6.4991907146E-01  6.3241777506E-01
HessDelSqRho_EigVec2 = -3.4586618506E-01  5.2946336541E-01  7.7462579787E-01
HessDelSqRho_EigVec3 =  8.3828612281E-01  5.4522815889E-01  1.6220572120E-03
</CP of DelSqRho>
<CP of DelSqRho>
CP# = 17      
Type = (3,+1)
Coords = -2.71877572642926E+00 -2.54260253885904E+00 -1.01504474714724E-01
DistFromNuc =  6.7671546765E-01
Rho =  7.9881234061E-01
DelSqRho = -2.5729813734E+00
GradDelSqRho = -2.4868995752E-14  7.8159700934E-14  7.1054273576E-15
HessDelSqRho_EigVals = -1.0544266945E+01  9.0707098848E+00  2.1179083724E+02
HessDelSqRho_EigVec1 =  5.3853124582E-01  3.6869256193E-01 -7.5766080277E-01
HessDelSqRho_EigVec2 =  7.6376071380E-01  1.6619111510E-01  6.2373879574E-01
HessDelSqRho_EigVec3 = -3.5588434826E-01  9.1457438628E-01  1.9209378601E-01
</CP of DelSqRho>
<CP of DelSqRho>
CP# = 18      
Type = (3,+3)
Coords = -2.37685227040683E+00 -1.89698749228267E+00 -3.30903709903051E-01
DistFromNuc =  6.6039433759E-01
Rho =  8.7649031961E-01
DelSqRho = -3.7445323172E+00
GradDelSqRho = -3.8191672047E-14  6.4392935428E-15  1.3322676296E-15
HessDelSqRho_EigVals =  4.4362488720E+00  1.6961456296E+01  2.6192151874E+02
HessDelSqRho_EigVec1 =  3.0374863663E-01  7.9629472729E-01  5.2311707394E-01
HessDelSqRho_EigVec2 =  4.1046057352E-01 -6.0486305704E-01  6.8239490019E-01
HessDelSqRho_EigVec3 =  8.5980165348E-01  7.4424136098E-03 -5.1057391938E-01
</CP of DelSqRho>
<CP of DelSqRho>
CP# = 19      
Type = (3,+3)
Coords = -3.04929268385697E+00 -2.51014456734135E+00  3.60301045957626E-01
DistFromNuc =  7.0376228801E-01
Rho =  7.9370540062E-01
DelSqRho = -3.4588725356E+00
GradDelSqRho =  0.0000000000E+00 -3.0198066270E-14  1.0214051827E-14
HessDelSqRho_EigVals =  1.4807381829E+01  2.2340763003E+01  1.6626585457E+02
HessDelSqRho_EigVec1 =  4.0695626301E-01 -5.0991786199E-01 -7.5787226761E-01
HessDelSqRho_EigVec2 =  9.0472909510E-01  1.1065003117E-01  4.1136581662E-01
HessDelSqRho_EigVec3 =  1.2590418767E-01  8.5307698634E-01 -5.0636724904E-01
</CP of DelSqRho>
<CP of DelSqRho>
CP# = 20      
Type = (3,+3)
Coords = -3.53354032522373E+00 -1.76350379673419E+00 -3.60151876852309E-01
DistFromNuc =  7.0377669670E-01
Rho =  7.9367267559E-01
DelSqRho = -3.4585155662E+00
GradDelSqRho =  7.1054273576E-15 -7.9936057773E-15  3.1086244690E-15
HessDelSqRho_EigVals =  1.4807152346E+01  2.2339675387E+01  1.6624095659E+02
HessDelSqRho_EigVec1 = -3.0010728689E-01  5.7892558579E-01  7.5814298287E-01
HessDelSqRho_EigVec2 = -4.6973912119E-01 -7.8142334276E-01  4.1075870948E-01
HessDelSqRho_EigVec3 =  8.3022935047E-01 -2.3285773664E-01  5.0645483521E-01
</CP of DelSqRho>
<CP of DelSqRho>
CP# = 21      
Type = (3,+1)
Coords = -1.83002472444211E+00 -1.54104807931163E+00 -3.94136400395081E-01
DistFromNuc =  1.2427893198E+00
Rho =  2.4699536214E-01
DelSqRho =  4.2531657407E-01
GradDelSqRho =  3.4694469520E-15  8.7430063189E-16 -1.2767564783E-15
HessDelSqRho_EigVals = -1.0817797098E+01  4.5318270601E-01  8.5693160808E-01
HessDelSqRho_EigVec1 =  8.9601957461E-01  2.8102559355E-01 -3.4376378182E-01
HessDelSqRho_EigVec2 =  5.7016716590E-02  6.9498414227E-01  7.1676086390E-01
HessDelSqRho_EigVec3 = -4.4033852426E-01  6.6183204649E-01 -6.0669623890E-01
</CP of DelSqRho>
<CP of DelSqRho>
CP# = 22      
Type = (3,+1)
Coords = -3.94033764857924E+00 -1.71080818309760E+00 -6.17806374415005E-01
DistFromNuc =  1.1865268117E+00
Rho =  3.8075141755E-01
DelSqRho = -7.7342488128E-01
GradDelSqRho = -2.2204460493E-16  2.7755575616E-16 -2.2759572005E-15
HessDelSqRho_EigVals = -2.4741419766E+01  1.2086171444E+01  1.2355784029E+01
HessDelSqRho_EigVec1 =  8.3992124216E-01 -1.5591732881E-01  5.1982890795E-01
HessDelSqRho_EigVec2 = -3.4102436911E-01  5.9348540496E-01  7.2902500216E-01
HessDelSqRho_EigVec3 =  4.2217850092E-01  7.8959791076E-01 -4.4530938985E-01
</CP of DelSqRho>
<CP of DelSqRho>
CP# = 23      
Type = (3,+1)
Coords = -2.15200010378948E+00 -1.04482070092760E+00  3.94191365287192E-01
DistFromNuc =  1.2427910318E+00
Rho =  2.4698992916E-01
DelSqRho =  4.2525553060E-01
GradDelSqRho =  1.0268591533E-12  5.5699889145E-13 -3.8585801221E-13
HessDelSqRho_EigVals = -1.0816515913E+01  4.5363817234E-01  8.5720322971E-01
HessDelSqRho_EigVec1 =  6.2158560152E-01  7.0398185668E-01  3.4357078666E-01
HessDelSqRho_EigVec2 =  6.5804198556E-01 -2.3130651845E-01 -7.1657382017E-01
HessDelSqRho_EigVec3 =  4.2498480587E-01 -6.7149597168E-01  6.0702642018E-01
</CP of DelSqRho>
<CP of DelSqRho>
CP# = 24      
Type = (3,+1)
Coords = -3.16706503395626E+00 -2.90326649075682E+00  6.17725243646014E-01
DistFromNuc =  1.1865532003E+00
Rho =  3.8072235037E-01
DelSqRho = -7.7328101489E-01
GradDelSqRho =  9.9920072216E-16  4.6629367034E-15 -3.6914915569E-15
HessDelSqRho_EigVals = -2.4735959253E+01  1.2083865059E+01  1.2353750729E+01
HessDelSqRho_EigVec1 =  2.0010953083E-01  8.3071304234E-01 -5.1949207593E-01
HessDelSqRho_EigVec2 = -4.0395237164E-01  5.5300634561E-01  7.2870190281E-01
HessDelSqRho_EigVec3 =  8.9262458913E-01  6.4029860238E-02  4.4623034397E-01
</CP of DelSqRho>
<CP of DelSqRho>
CP# = 25      
Type = (3,-1)
Coords = -2.83954662272557E+00 -1.99350055735081E+00  1.17103580782137E+00
DistFromNuc =  1.1785940348E+00
Rho =  2.3888416702E-01
DelSqRho =  7.3770239323E-01
GradDelSqRho =  4.3018019702E-12 -2.0733692541E-12 -6.6069927307E-12
HessDelSqRho_EigVals = -1.6928736613E+01 -1.4680513000E+00  2.7130630966E-01
HessDelSqRho_EigVec1 =  1.0940898459E-01 -3.9642527423E-02  9.9320599279E-01
HessDelSqRho_EigVec2 =  3.1181074047E-01  9.5013750570E-01  3.5752458708E-03
HessDelSqRho_EigVec3 =  9.4382399642E-01 -3.0930113203E-01 -1.1631454555E-01
</CP of DelSqRho>
<CP of DelSqRho>
CP# = 26      
Type = (3,-1)
Coords = -2.97599070157474E+00 -1.78202571709877E+00 -1.17073096980792E+00
DistFromNuc =  1.1786206582E+00
Rho =  2.3889880357E-01
DelSqRho =  7.3757517566E-01
GradDelSqRho = -1.1959877533E-13  4.6686265964E-12  4.8563653099E-12
HessDelSqRho_EigVals = -1.6924698601E+01 -1.4690913337E+00  2.7167096324E-01
HessDelSqRho_EigVec1 = -8.6746077594E-03 -1.1657323117E-01  9.9314421559E-01
HessDelSqRho_EigVec2 =  9.9474157661E-01 -1.0236273592E-01 -3.3265681124E-03
HessDelSqRho_EigVec3 =  1.0204874786E-01  9.8789298614E-01  1.1684819635E-01
</CP of DelSqRho>
<CP of DelSqRho>
CP# = 27      
Type = (3,-3)
Coords = -3.04235569517803E+00 -9.80751831974612E-01 -6.79180458471619E-01
DistFromNuc =  1.1582083751E+00
Rho =  2.4444782751E-01
DelSqRho =  7.9689513685E-01
GradDelSqRho = -3.2959746044E-15 -3.8857805862E-14  3.4583447217E-14
HessDelSqRho_EigVals = -1.7319215682E+01 -1.3848679740E+00 -3.4936588180E-01
HessDelSqRho_EigVec1 = -4.9117767230E-02  8.1148722446E-01 -5.8230226642E-01
HessDelSqRho_EigVec2 =  9.3834923083E-01  2.3722651102E-01  2.5144443417E-01
HessDelSqRho_EigVec3 = -3.4218148101E-01  5.3405249462E-01  7.7311044945E-01
</CP of DelSqRho>
<CP of DelSqRho>
CP# = 28      
Type = (3,-3)
Coords = -3.44167806738241E+00 -2.79724258846306E+00 -5.69377474774525E-01
DistFromNuc =  1.1610489634E+00
Rho =  2.3863089799E-01
DelSqRho =  8.4998155119E-01
GradDelSqRho =  2.7200464103E-15  4.3298697960E-15  3.5527136788E-15
HessDelSqRho_EigVals = -1.8612513586E+01 -1.2412210373E+00 -2.9593916166E-01
HessDelSqRho_EigVec1 =  4.1096871109E-01  7.6233480405E-01  4.9995036258E-01
HessDelSqRho_EigVec2 =  4.6613152075E-01 -6.4701042548E-01  6.0340609433E-01
HessDelSqRho_EigVec3 =  7.8347056350E-01 -1.4938402040E-02 -6.2124932215E-01
</CP of DelSqRho>
<CP of DelSqRho>
CP# = 29      
Type = (3,-3)
Coords = -3.95599043430492E+00 -2.00510370553191E+00  5.69182009361089E-01
DistFromNuc =  1.1610724898E+00
Rho =  2.3863249781E-01
DelSqRho =  8.4991829035E-01
GradDelSqRho = -8.3266726847E-16  7.2858385991E-17  1.6653345369E-16
HessDelSqRho_EigVals = -1.8612038780E+01 -1.2410383804E+00 -2.9559480406E-01
HessDelSqRho_EigVec1 =  8.6386666314E-01  6.4767569386E-02 -4.9953933806E-01
HessDelSqRho_EigVec2 =  4.0061130057E-01 -6.8951612628E-01  6.0338884433E-01
HessDelSqRho_EigVec3 =  3.0536040046E-01  7.2136861143E-01  6.2159661540E-01
</CP of DelSqRho>
<CP of DelSqRho>
CP# = 30      
Type = (3,-1)
Coords = -3.58168959890902E+00 -9.23732173113813E-01  1.27588308272738E-01
DistFromNuc =  1.1825967282E+00
Rho =  2.3886962083E-01
DelSqRho =  7.3326645024E-01
GradDelSqRho =  6.7307270868E-16  7.0776717820E-16  7.6327832943E-17
HessDelSqRho_EigVals = -1.7151104847E+01 -1.2284084868E+00  2.7369901404E-01
HessDelSqRho_EigVec1 = -5.1399842753E-01  8.4870751207E-01  1.2450371663E-01
HessDelSqRho_EigVec2 =  6.9235323745E-01  3.2478432974E-01  6.4433076424E-01
HessDelSqRho_EigVec3 = -5.0641150371E-01 -4.1738555091E-01  7.5454402841E-01
</CP of DelSqRho>
<CP of DelSqRho>
CP# = 31      
Type = (3,-1)
Coords = -2.30185199063205E+00 -2.89627219259598E+00 -1.27365739579092E-01
DistFromNuc =  1.1825930547E+00
Rho =  2.3886679633E-01
DelSqRho =  7.3330114457E-01
GradDelSqRho = -8.3266726847E-17  2.6645352591E-15 -1.5334955528E-15
HessDelSqRho_EigVals = -1.7152356088E+01 -1.2282633548E+00  2.7374229934E-01
HessDelSqRho_EigVec1 = -5.6559699646E-01  8.1522517411E-01  1.2453093228E-01
HessDelSqRho_EigVec2 =  5.7890528419E-01  5.0002768916E-01 -6.4408150261E-01
HessDelSqRho_EigVec3 =  5.8734036940E-01  2.9219894861E-01  7.5475232024E-01
</CP of DelSqRho>
<CP of DelSqRho>
CP# = 32      
Type = (3,-1)
Coords = -3.93419989775339E+00 -2.55374718760299E+00 -2.67671552939734E-05
DistFromNuc =  1.1754682133E+00
Rho =  2.4677797418E-01
DelSqRho =  8.1181835466E-01
GradDelSqRho =  1.5062395775E-12  6.4337424277E-13 -3.2868152644E-13
HessDelSqRho_EigVals = -1.6316946785E+01 -3.6764019083E+00  2.9408742676E-01
HessDelSqRho_EigVec1 =  8.3895658478E-01  5.4419833713E-01  1.3684124864E-04
HessDelSqRho_EigVec2 = -4.1291400867E-01  6.3672748678E-01 -6.5121434952E-01
HessDelSqRho_EigVec3 = -3.5447689671E-01  5.4628406296E-01  7.5889383464E-01
</CP of DelSqRho>
<CP of DelSqRho>
CP# = 33      
Type = (3,-3)
Coords = -2.13445701812987E+00 -2.38049488308758E+00  6.79796345462534E-01
DistFromNuc =  1.1581840163E+00
Rho =  2.4443360366E-01
DelSqRho =  7.9696863440E-01
GradDelSqRho =  1.2212453271E-15  9.7144514655E-17  5.5511151231E-16
HessDelSqRho_EigVals = -1.7322119638E+01 -1.3837975266E+00 -3.4916154800E-01
HessDelSqRho_EigVec1 =  7.2079279760E-01 -3.7550042926E-01  5.8262953113E-01
HessDelSqRho_EigVec2 = -5.9894944797E-01 -7.6047956002E-01  2.5085931828E-01
HessDelSqRho_EigVec3 = -3.4888006779E-01  5.2978322587E-01  7.7305396441E-01
</CP of DelSqRho>
<CP of DelSqRho>
CP# = 34      
Type = (3,-1)
Coords = -1.89100379566231E+00 -1.22826180343110E+00 -1.49626833116384E-04
DistFromNuc =  1.2600116258E+00
Rho =  2.4472237405E-01
DelSqRho =  4.4662712969E-01
GradDelSqRho =  1.8041124150E-15  8.7430063189E-16  9.6060312482E-17
HessDelSqRho_EigVals = -7.9103775246E+00 -3.9469459684E-01  6.8883763165E-01
HessDelSqRho_EigVec1 =  8.3893189214E-01  5.4423635112E-01 -2.7288080258E-04
HessDelSqRho_EigVec2 = -3.2516271253E-01  5.0163522167E-01  8.0164288481E-01
HessDelSqRho_EigVec3 =  4.3642008515E-01 -6.7243505151E-01  5.9780315387E-01
</CP of DelSqRho>
<CP of DelSqRho>
CP# = 35      
Type = (3,-1)
Coords = -4.78453229376760E+00 -2.36533920467766E+00 -7.61085088004624E-01
DistFromNuc =  2.0385907907E+00
Rho =  6.6487104922E-02
DelSqRho =  1.8541982403E-01
GradDelSqRho =  4.2951753265E-15  3.4902636337E-15 -1.0408340856E-17
HessDelSqRho_EigVals = -2.3502115657E+00 -1.2823922898E-02  4.2011069353E-01
HessDelSqRho_EigVec1 =  7.0932879914E-01  7.0329620145E-01  4.7192242370E-02
HessDelSqRho_EigVec2 = -4.4135069685E-01  3.9093864794E-01  8.0769829512E-01
HessDelSqRho_EigVec3 =  5.4960187145E-01 -5.9375199080E-01  5.8770431028E-01
</CP of DelSqRho>
<CP of DelSqRho>
CP# = 36      
Type = (3,-1)
Coords = -4.10871443181362E+00 -3.40794884491304E+00  7.59819734299976E-01
DistFromNuc =  2.0386255910E+00
Rho =  6.6481270677E-02
DelSqRho =  1.8540161147E-01
GradDelSqRho =  3.2028546482E-13  1.3027079415E-13 -9.7429009305E-14
HessDelSqRho_EigVals = -2.3500869733E+00 -1.2826955150E-02  4.2006952845E-01
HessDelSqRho_EigVec1 =  9.3118457660E-01  3.6163028393E-01 -4.6030664239E-02
HessDelSqRho_EigVec2 = -1.7837305926E-01  5.6210121071E-01  8.0760465616E-01
HessDelSqRho_EigVec3 = -3.1792819321E-01  7.4381836941E-01 -5.8792507796E-01
</CP of DelSqRho>
<CP of DelSqRho>
CP# = 37      
Type = (3,+1)
Coords = -4.39406870696534E+00 -7.61781255087218E-01 -9.21851624445166E-01
DistFromNuc =  2.0661216634E+00
Rho =  6.4109611054E-02
DelSqRho =  1.6942181628E-01
GradDelSqRho =  2.0816681712E-17  4.4408920985E-16 -2.7755575616E-17
HessDelSqRho_EigVals = -1.8410557118E+00  6.6466040645E-03  5.0155473167E-01
HessDelSqRho_EigVec1 = -3.7650594425E-01  8.8937251293E-01 -2.5934495790E-01
HessDelSqRho_EigVec2 = -4.9278717525E-01  4.4787259609E-02  8.6899649095E-01
HessDelSqRho_EigVec3 =  7.8447694284E-01  4.5498421359E-01  4.2140869893E-01
</CP of DelSqRho>
<CP of DelSqRho>
CP# = 38      
Type = (3,+1)
Coords = -2.48587668674319E+00 -3.70565288510991E+00  9.19574678461651E-01
DistFromNuc =  2.0660904287E+00
Rho =  6.4100796727E-02
DelSqRho =  1.6941806708E-01
GradDelSqRho = -8.5376150594E-14  1.1497747199E-13 -1.0779918624E-13
HessDelSqRho_EigVals = -1.8406296779E+00  6.6570176115E-03  5.0162410048E-01
HessDelSqRho_EigVec1 = -6.5819568642E-01  7.0750899229E-01 -2.5731199778E-01
HessDelSqRho_EigVec2 =  1.6234650552E-01  4.6713178793E-01  8.6915562752E-01
HessDelSqRho_EigVec3 =  7.3513403575E-01  5.3030078119E-01 -4.2232574033E-01
</CP of DelSqRho>
<Path of -GradDelSqRho>
Starting CP# =      5
Ending CP# =      1
Number of Points =      7
 -3.0723942690E+00 -1.8699928381E+00  1.0469621582E-01  2.2493793948E+01  1.2483941331E+03
 -3.0539571910E+00 -1.8765810062E+00  8.9150475663E-02  3.2750467686E+01  9.9489528863E+02
 -3.0355015790E+00 -1.8831434374E+00  7.3615842157E-02  4.8031823840E+01 -7.9300794324E+02
 -3.0170378064E+00 -1.8896945312E+00  5.8086120164E-02  7.0725986796E+01 -6.4063726264E+03
 -2.9985681030E+00 -1.8962373976E+00  4.2559983193E-02  1.0440375718E+02 -2.0716100357E+04
 -2.9800886154E+00 -1.9027667327E+00  2.7039792842E-02  1.5491536396E+02 -7.5590803942E+04
 -2.9480280867E+00 -1.9140674962E+00  1.3611867189E-04  2.9734805142E+02 -3.3294723906E+06
</Path of -GradDelSqRho>
<Path of -GradDelSqRho>
Starting CP# =      5
Ending CP# =     13
Number of Points =     55
 -3.0723942690E+00 -1.8699928381E+00  1.0469621582E-01  2.2493793948E+01  1.2483941331E+03
 -3.0908094572E+00 -1.8633742269E+00  1.2025496694E-01  1.5562489159E+01  1.1656217288E+03
 -3.1092147214E+00 -1.8567416385E+00  1.3581951055E-01  1.0862955425E+01  9.9416647159E+02
 -3.1276174790E+00 -1.8501052787E+00  1.5138541041E-01  7.6864153610E+00  7.8423478239E+02
 -3.1460145004E+00 -1.8434605688E+00  1.6695452768E-01  5.5475559798E+00  5.8194594059E+02
 -3.1644001724E+00 -1.8367995115E+00  1.8253006366E-01  4.1084501336E+00  4.1634136538E+02
 -3.1827684481E+00 -1.8301133642E+00  1.9811536972E-01  3.1378151915E+00  2.9260183581E+02
 -3.2011133900E+00 -1.8233933772E+00  2.1371359671E-01  2.4803761950E+00  2.0350414745E+02
 -3.2194297133E+00 -1.8166315393E+00  2.2932735907E-01  2.0325203487E+00  1.3975852578E+02
 -3.2377125638E+00 -1.8098202303E+00  2.4495883598E-01  1.7247452322E+00  9.4105983492E+01
 -3.2559562373E+00 -1.8029503209E+00  2.6061042340E-01  1.5100838721E+00  6.1624882910E+01
 -3.2741524237E+00 -1.7960085144E+00  2.7628554050E-01  1.3567513133E+00  3.8931090240E+01
 -3.2922883600E+00 -1.7889744509E+00  2.9198930971E-01  1.2433940356E+00  2.3498675657E+01
 -3.3103445572E+00 -1.7818170863E+00  3.0772917360E-01  1.1558728067E+00  1.3330082631E+01
 -3.3282912579E+00 -1.7744891501E+00  3.2351563296E-01  1.0849935920E+00  6.8451303509E+00
 -3.3460821356E+00 -1.7669176927E+00  3.3936326129E-01  1.0248876368E+00  2.8403747069E+00
 -3.3636418503E+00 -1.7589864961E+00  3.5529213871E-01  9.7187375615E-01  4.4585080636E-01
 -3.3808374925E+00 -1.7504987085E+00  3.7132983833E-01  9.2369149178E-01 -9.3479191193E-01
 -3.3973967985E+00 -1.7410799025E+00  3.8751274543E-01  8.7903830807E-01 -1.6910508713E+00
 -3.4125822682E+00 -1.7298486761E+00  4.0386243649E-01  8.3750865746E-01 -2.0678762838E+00
 -3.4230222432E+00 -1.7140219267E+00  4.1978487446E-01  8.0190891652E-01 -2.2211496461E+00
 -3.4175122155E+00 -1.6922018552E+00  4.2893267798E-01  7.8984276610E-01 -2.2847247173E+00
 -3.4036587330E+00 -1.6716918097E+00  4.3231273705E-01  7.9271969900E-01 -2.3421225408E+00
 -3.3883570395E+00 -1.6520762722E+00  4.3475633425E-01  7.9724287589E-01 -2.4007098255E+00
 -3.3722362110E+00 -1.6330901495E+00  4.3689151256E-01  8.0191909943E-01 -2.4604013540E+00
 -3.3553582723E+00 -1.6147487055E+00  4.3879936521E-01  8.0659845155E-01 -2.5210169817E+00
 -3.3377442954E+00 -1.5970922674E+00  4.4050518872E-01  8.1125026764E-01 -2.5823738255E+00
 -3.3194174542E+00 -1.5801589932E+00  4.4202242650E-01  8.1585528411E-01 -2.6442873095E+00
 -3.3004062466E+00 -1.5639817258E+00  4.4335687087E-01  8.2039581384E-01 -2.7065692308E+00
 -3.2807440984E+00 -1.5485873239E+00  4.4450738361E-01  8.2485482449E-01 -2.7690254672E+00
 -3.2604685509E+00 -1.5339963979E+00  4.4546642471E-01  8.2921582557E-01 -2.8314538032E+00
 -3.2396203716E+00 -1.5202232652E+00  4.4622066407E-01  8.3346283049E-01 -2.8936421709E+00
 -3.2182426747E+00 -1.5072760975E+00  4.4675166178E-01  8.3758033879E-01 -2.9553675387E+00
 -3.1963801117E+00 -1.4951572326E+00  4.4703657183E-01  8.4155334382E-01 -3.0163956111E+00
 -3.1740781744E+00 -1.4838636065E+00  4.4704882404E-01  8.4536737339E-01 -3.0764814249E+00
 -3.1513826381E+00 -1.4733872588E+00  4.4675874668E-01  8.4900856685E-01 -3.1353708582E+00
 -3.1283391574E+00 -1.4637158636E+00  4.4613410317E-01  8.5246378821E-01 -3.1928030020E+00
 -3.1049930130E+00 -1.4548332474E+00  4.4514052865E-01  8.5572077161E-01 -3.2485133023E+00
 -3.0813890007E+00 -1.4467198645E+00  4.4374186413E-01  8.5876829287E-01 -3.3022373427E+00
 -3.0575714482E+00 -1.4393532151E+00  4.4190039682E-01  8.6159635947E-01 -3.3537151226E+00
 -3.0335843423E+00 -1.4327081995E+00  4.3957702518E-01  8.6419641040E-01 -3.4026956729E+00
 -3.0094715517E+00 -1.4267574177E+00  4.3673137746E-01  8.6656151705E-01 -3.4489418490E+00
 -2.9852771270E+00 -1.4214714335E+00  4.3332192350E-01  8.6868657604E-01 -3.4922351389E+00
 -2.9610456571E+00 -1.4168190347E+00  4.2930613412E-01  8.7056848478E-01 -3.5323803242E+00
 -2.9368226562E+00 -1.4127675411E+00  4.2464076104E-01  8.7220628991E-01 -3.5692098304E+00
 -2.9126549359E+00 -1.4092832290E+00  4.1928233571E-01  8.7360129791E-01 -3.6025875983E+00
 -2.8885908912E+00 -1.4063319737E+00  4.1318801738E-01  8.7475713566E-01 -3.6324123050E+00
 -2.8646805837E+00 -1.4038802482E+00  4.0631695789E-01  8.7567974727E-01 -3.6586197621E+00
 -2.8409754375E+00 -1.4018966627E+00  3.9863238742E-01  8.7637731263E-01 -3.6811843326E+00
 -2.8175272832E+00 -1.4003542788E+00  3.9010464686E-01  8.7686007442E-01 -3.7001192479E+00
 -2.7943863981E+00 -1.3992339653E+00  3.8071537156E-01  8.7714006608E-01 -3.7154757932E+00
 -2.7715981754E+00 -1.3985290245E+00  3.7046291607E-01  8.7723074731E-01 -3.7273414892E+00
 -2.7491982334E+00 -1.3982510868E+00  3.5936878885E-01  8.7714657868E-01 -3.7358376143E+00
 -2.7272065020E+00 -1.3984364671E+00  3.4748401241E-01  8.7690260549E-01 -3.7411166219E+00
 -2.6995754212E+00 -1.3994587701E+00  3.3120621741E-01  8.7637991493E-01 -3.7434720318E+00
</Path of -GradDelSqRho>
<Path of -GradDelSqRho>
Starting CP# =      7
Ending CP# =      1
Number of Points =      7
 -2.9583497262E+00 -2.0455258403E+00 -1.0452680176E-01  2.2493891657E+01  1.2484091188E+03
 -2.9568691051E+00 -2.0260152487E+00 -8.8965811517E-02  3.2750640914E+01  9.9490199727E+02
 -2.9553573985E+00 -2.0064982159E+00 -7.3415887817E-02  4.8032118377E+01 -7.9304836720E+02
 -2.9538320002E+00 -1.9869783491E+00 -5.7870857849E-02  7.0726466198E+01 -6.4065061684E+03
 -2.9522966616E+00 -1.9674564179E+00 -4.2329400039E-02  1.0440453027E+02 -2.0716602896E+04
 -2.9507449629E+00 -1.9479310640E+00 -2.6793867403E-02  1.5491657168E+02 -7.5592499271E+04
 -2.9480280867E+00 -1.9140674962E+00  1.3611867189E-04  2.9734805142E+02 -3.3294723906E+06
</Path of -GradDelSqRho>
<Path of -GradDelSqRho>
Starting CP# =      7
Ending CP# =     18
Number of Points =     55
 -2.9583497262E+00 -2.0455258403E+00 -1.0452680176E-01  2.2493891657E+01  1.2484091188E+03
 -2.9597935906E+00 -2.0650288425E+00 -1.2010075645E-01  1.5562541020E+01  1.1656348461E+03
 -2.9612206300E+00 -2.0845284747E+00 -1.3568048365E-01  1.0862979436E+01  9.9417735363E+02
 -2.9626431995E+00 -2.1040273531E+00 -1.5126156301E-01  7.6864227771E+00  7.8424357765E+02
 -2.9640557962E+00 -2.1235243935E+00 -1.6684584897E-01  5.5475540337E+00  5.8195263601E+02
 -2.9654488204E+00 -2.1430177267E+00 -1.8243653161E-01  4.1084433865E+00  4.1634619300E+02
 -2.9668118132E+00 -2.1625053909E+00 -1.9803695073E-01  3.1378063885E+00  2.9260520378E+02
 -2.9681343538E+00 -2.1819855265E+00 -2.1365024661E-01  2.4803668952E+00  2.0350645501E+02
 -2.9694069619E+00 -2.2014565683E+00 -2.2927902530E-01  2.0325113694E+00  1.3976008067E+02
 -2.9706206901E+00 -2.2209171845E+00 -2.4492545956E-01  1.7247369391E+00  9.4107003507E+01
 -2.9717648640E+00 -2.2403658801E+00 -2.6059193873E-01  1.5100763623E+00  6.1625523136E+01
 -2.9728239355E+00 -2.2598004759E+00 -2.7628187268E-01  1.3567445322E+00  3.8931465582E+01
 -2.9737740821E+00 -2.2792175990E+00 -2.9200036975E-01  1.2433878557E+00  2.3498873066E+01
 -2.9745789672E+00 -2.2986120798E+00 -3.0775485202E-01  1.1558670824E+00  1.3330166892E+01
 -2.9751832266E+00 -2.3179759688E+00 -3.2355579115E-01  1.0849882013E+00  6.8451476375E+00
 -2.9755012533E+00 -2.3372966237E+00 -3.3941771869E-01  1.0248825178E+00  2.8403558490E+00
 -2.9753960333E+00 -2.3565524903E+00 -3.5536065041E-01  9.7186895265E-01  4.4581454642E-01
 -2.9746333238E+00 -2.3757021972E+00 -3.7141204615E-01  9.2368723917E-01 -9.3483613983E-01
 -2.9727596457E+00 -2.3946492219E+00 -3.8760803558E-01  8.7903527579E-01 -1.6911013799E+00
 -2.9686682628E+00 -2.4130779257E+00 -4.0396933938E-01  8.3750892969E-01 -2.0679407541E+00
 -2.9584428705E+00 -2.4290385177E+00 -4.1989699704E-01  8.0192111142E-01 -2.2212594765E+00
 -2.9362632098E+00 -2.4328780705E+00 -4.2903777320E-01  7.8986113061E-01 -2.2849242888E+00
 -2.9118889374E+00 -2.4285705405E+00 -4.3240574075E-01  7.9273930822E-01 -2.3424115393E+00
 -2.8877426881E+00 -2.4225750865E+00 -4.3483376643E-01  7.9726844475E-01 -2.4010915317E+00
 -2.8638379761E+00 -2.4155756275E+00 -4.3695162525E-01  8.0195170591E-01 -2.4608790637E+00
 -2.8402138071E+00 -2.4076230428E+00 -4.3884065230E-01  8.0663831151E-01 -2.5215932367E+00
 -2.8169154798E+00 -2.3987202850E+00 -4.4052611764E-01  8.1129741615E-01 -2.5830502524E+00
 -2.7939871882E+00 -2.3888730280E+00 -4.4202144327E-01  8.1590967582E-01 -2.6450645078E+00
 -2.7714704576E+00 -2.3780939285E+00 -4.4333244630E-01  8.2045733465E-01 -2.7074466937E+00
 -2.7494033779E+00 -2.3664025437E+00 -4.4445806280E-01  8.2492329325E-01 -2.7700015381E+00
 -2.7278200370E+00 -2.3538247026E+00 -4.4539087259E-01  8.2929099629E-01 -2.8325256693E+00
 -2.7067501201E+00 -2.3403917184E+00 -4.4611770403E-01  8.3354439632E-01 -2.8948058924E+00
 -2.6862186871E+00 -2.3261395339E+00 -4.4662030571E-01  8.3766793747E-01 -2.9566181091E+00
 -2.6662461246E+00 -2.3111078630E+00 -4.4687604095E-01  8.4164656440E-01 -3.0177270418E+00
 -2.6468482532E+00 -2.2953393859E+00 -4.4685856064E-01  8.4546576373E-01 -3.0778868488E+00
 -2.6280365561E+00 -2.2788790408E+00 -4.4653841752E-01  8.4911164136E-01 -3.1368426440E+00
 -2.6098184933E+00 -2.2617734432E+00 -4.4588359581E-01  8.5257103561E-01 -3.1943328750E+00
 -2.5921978644E+00 -2.2440704466E+00 -4.4485994182E-01  8.5583166223E-01 -3.2500924658E+00
 -2.5751751926E+00 -2.2258188491E+00 -4.4343149351E-01  8.5888228538E-01 -3.3038565978E+00
 -2.5587481068E+00 -2.2070682392E+00 -4.4156071697E-01  8.6171290687E-01 -3.3553649836E+00
 -2.5429117128E+00 -2.1878689677E+00 -4.3920866852E-01  8.6431496525E-01 -3.4043664782E+00
 -2.5276589533E+00 -2.1682722289E+00 -4.3633511035E-01  8.6668153595E-01 -3.4506238660E+00
 -2.5129809672E+00 -2.1483302266E+00 -4.3289861967E-01  8.6880752350E-01 -3.4939186650E+00
 -2.4988674696E+00 -2.1280963943E+00 -4.2885674495E-01  8.7068983659E-01 -3.5340557838E+00
 -2.4853071878E+00 -2.1076256244E+00 -4.2416628260E-01  8.7232753617E-01 -3.5708678692E+00
 -2.4722883973E+00 -2.0869744363E+00 -4.1878377236E-01  8.7372194590E-01 -3.6042191762E+00
 -2.4597996242E+00 -2.0662009795E+00 -4.1266634244E-01  8.7487671263E-01 -3.6340087878E+00
 -2.4478305905E+00 -2.0453647049E+00 -4.0577307349E-01  8.7579780332E-01 -3.6601730136E+00
 -2.4363734987E+00 -2.0245254616E+00 -3.9806708813E-01  8.7649342353E-01 -3.6826868050E+00
 -2.4254247639E+00 -2.0037416757E+00 -3.8951859599E-01  8.7697384416E-01 -3.7015640686E+00
 -2.4149872961E+00 -1.9830671766E+00 -3.8010910544E-01  8.7725112872E-01 -3.7168568450E+00
 -2.4050733973E+00 -1.9625462290E+00 -3.6983690016E-01  8.7733876723E-01 -3.7286534785E+00
 -2.3957082011E+00 -1.9422065868E+00 -3.5872355802E-01  8.7725124855E-01 -3.7370761237E+00
 -2.3869331340E+00 -1.9220513834E+00 -3.4682042593E-01  8.7700364137E-01 -3.7422781493E+00
 -2.3768522704E+00 -1.8969874923E+00 -3.3090370990E-01  8.7649031961E-01 -3.7445323172E+00
</Path of -GradDelSqRho>
<Path of -GradDelSqRho>
Starting CP# =     11
Ending CP# =     13
Number of Points =     36
 -3.0904151046E+00 -1.9919061216E+00  6.6272451960E-01  7.7750604278E-01 -2.3463368771E+00
 -3.0879591384E+00 -1.9706687413E+00  6.6437270010E-01  7.7912013044E-01 -2.3490919104E+00
 -3.0847783649E+00 -1.9458978621E+00  6.6547328164E-01  7.8133386903E-01 -2.3591547158E+00
 -3.0812525897E+00 -1.9211501879E+00  6.6568805872E-01  7.8389860719E-01 -2.3763675145E+00
 -3.0773788950E+00 -1.8964627706E+00  6.6501712176E-01  7.8680297969E-01 -2.4004288075E+00
 -3.0731543226E+00 -1.8718729031E+00  6.6346296343E-01  7.9003087894E-01 -2.4309772634E+00
 -3.0685758115E+00 -1.8474179553E+00  6.6103054583E-01  7.9356160523E-01 -2.4675985998E+00
 -3.0636400780E+00 -1.8231352220E+00  6.5772732350E-01  7.9737009077E-01 -2.5098317143E+00
 -3.0583434546E+00 -1.7990617919E+00  6.5356322733E-01  8.0142718823E-01 -2.5571741196E+00
 -3.0526816890E+00 -1.7752344502E+00  6.4855061492E-01  8.0570002237E-01 -2.6090868082E+00
 -3.0466496993E+00 -1.7516896264E+00  6.4270419628E-01  8.1015240171E-01 -2.6649987177E+00
 -3.0402412841E+00 -1.7284633982E+00  6.3604094611E-01  8.1474528682E-01 -2.7243110050E+00
 -3.0334487829E+00 -1.7055915629E+00  6.2858001666E-01  8.1943731024E-01 -2.7864013475E+00
 -3.0262626799E+00 -1.6831097866E+00  6.2034266721E-01  8.2418534291E-01 -2.8506284885E+00
 -3.0186711454E+00 -1.6610538461E+00  6.1135222909E-01  8.2894510054E-01 -2.9163372281E+00
 -3.0106595028E+00 -1.6394599756E+00  6.0163412832E-01  8.3367178355E-01 -2.9828640303E+00
 -3.0022096098E+00 -1.6183653406E+00  5.9121599196E-01  8.3832074370E-01 -3.0495433860E+00
 -2.9932991402E+00 -1.5978086622E+00  5.8012787050E-01  8.4284817080E-01 -3.1157150289E+00
 -2.9839007529E+00 -1.5778310303E+00  5.6840261725E-01  8.4721179363E-01 -3.1807320665E+00
 -2.9739811421E+00 -1.5584769498E+00  5.5607647750E-01  8.5137159078E-01 -3.2439700473E+00
 -2.9634999771E+00 -1.5397956853E+00  5.4318995745E-01  8.5529050880E-01 -3.3048369555E+00
 -2.9524087774E+00 -1.5218429757E+00  5.2978906291E-01  8.5893518768E-01 -3.3627840881E+00
 -2.9406498392E+00 -1.5046832012E+00  5.1592701945E-01  8.6227669661E-01 -3.4173177260E+00
 -2.9281554688E+00 -1.4883920541E+00  5.0166659600E-01  8.6529128443E-01 -3.4680114340E+00
 -2.9148480177E+00 -1.4730596700E+00  4.8708312018E-01  8.6796114780E-01 -3.5145186672E+00
 -2.9006416165E+00 -1.4587939149E+00  4.7226812454E-01  8.7027521019E-01 -3.5565850423E+00
 -2.8854470611E+00 -1.4457229585E+00  4.5733314543E-01  8.7222987616E-01 -3.5940590345E+00
 -2.8691818651E+00 -1.4339952089E+00  4.4241227009E-01  8.7382966294E-01 -3.6268988570E+00
