 AIMInt (Version 19.02.13, Professional)
 Portions Copyright (c) 1997-2019 by Todd A. Keith
 AIMInt is a component of the AIMAll package ( http://aim.tkgristmill.com )

 TP:  64-bit Linux

 Licensed To:  Research Group of Fernando Cortes Guzman, UNAM, fercor@unam.mx

 AIMInt is a heavily modified and extended version of the PROAIMV program
 developed by members of R.F.W. Bader's research group

 Much of the Quantum Theory of Atoms in Molecules (QTAIM) is described in the book:
   "Atoms in Molecules - A Quantum Theory"
   R.F.W. Bader, Oxford University Press, Oxford, 1990

 For additional references see:  http://aim.tkgristmill.com/references.html

 Current Directory:  /home/scratch/M_H2O_4_cuadrado_plano/Opt

 Inp File:  V4_cuadrado_plano_cc-pvtz-def2-tzv_2_atomicfiles/o4.inp
 Wfx File:  V4_cuadrado_plano_cc-pvtz-def2-tzv_2.wfx
 Out File:  V4_cuadrado_plano_cc-pvtz-def2-tzv_2_atomicfiles/o4.int

 Wfx Title:   V4_cuadrado_plano_cc-pvtz-def2-tzv_2                                          
 Job Title:   V4_cuadrado_plano_cc-pvtz-def2-tzv_2                                          
 
<Atom>
O4      
</Atom>
<Nuclei of Molecule>
    13
V1        23.0           1.5846970517E-04  -8.1081241132E-05  -4.0430510639E-04
O2         8.0          -2.9480278920E+00  -1.9140673700E+00   1.3611877309E-04
H3         1.0          -3.3262564051E+00  -3.5213263836E+00   1.0030102059E+00
O4         8.0           2.9478743965E+00   1.9142699535E+00   1.3625105392E-04
H5         1.0           4.5701240613E+00   1.6043189301E+00  -1.0018839255E+00
O6         8.0          -1.9142354295E+00   2.9479471632E+00   3.1205227606E-04
H7         1.0          -3.5217823005E+00   3.3249221680E+00   1.0031005726E+00
O8         8.0           1.9141017995E+00  -2.9479551065E+00   3.1210896785E-04
H9         1.0           3.5212780332E+00  -3.3259591327E+00   1.0032680401E+00
H10        1.0           3.3250647275E+00   3.5218876767E+00   1.0027634455E+00
H11        1.0          -1.6046495564E+00   4.5701928907E+00  -1.0017748128E+00
H12        1.0           1.6042995693E+00  -4.5694994689E+00  -1.0030243753E+00
H13        1.0          -4.5694259278E+00  -1.6042289336E+00  -1.0033323817E+00
</Nuclei of Molecule>
<Total Number of CPs of DelSqRho>
    38
</Total Number of CPs of DelSqRho>
<Number of (3,+3) CPs of DelSqRho>
     5
</Number of (3,+3) CPs of DelSqRho>
<Number of (3,+1) CPs of DelSqRho>
    13
</Number of (3,+1) CPs of DelSqRho>
<Number of (3,-1) CPs of DelSqRho>
    14
</Number of (3,-1) CPs of DelSqRho>
<Number of (3,-3) CPs of DelSqRho>
     6
</Number of (3,-3) CPs of DelSqRho>
<Number of Degenerate CPs of DelSqRho>
     0
</Number of Degenerate CPs of DelSqRho>
<CP of DelSqRho>
CP# = 1       
Type = (3,+3)
Coords =  2.94787459108515E+00  1.91427007974289E+00  1.36251180877512E-04
DistFromNuc =  2.3196904652E-07
Rho =  2.9734809290E+02
DelSqRho = -3.3294728769E+06
GradDelSqRho = -2.4981285151E-05 -2.8337326512E-06  1.8121681933E-10
HessDelSqRho_EigVals =  1.3240332474E+11  1.3240334127E+11  1.3240334578E+11
HessDelSqRho_EigVec1 =  3.6498976947E-01 -5.6253732350E-01  7.4184515086E-01
HessDelSqRho_EigVec2 = -8.3885343063E-01 -5.4435734373E-01 -6.5246635253E-05
HessDelSqRho_EigVec3 = -4.0386555945E-01  6.2227553544E-01  6.7057122507E-01
</CP of DelSqRho>
<CP of DelSqRho>
CP# = 2       
Type = (3,-1)
Coords =  1.70314109573211E+00  1.10580496249851E+00 -3.24912955668400E-04
DistFromNuc =  1.4842428522E+00
Rho =  1.6254114672E-01
DelSqRho =  3.9668852915E-01
GradDelSqRho = -3.8505310052E-13 -2.5155572070E-13 -8.9468363274E-16
HessDelSqRho_EigVals = -8.9922843508E-01 -1.5544442407E-01  4.4524623020E+00
HessDelSqRho_EigVec1 =  3.1985355162E-01 -4.9271830998E-01  8.0927274298E-01
HessDelSqRho_EigVec2 = -4.4083156983E-01  6.7866775145E-01  5.8743306869E-01
HessDelSqRho_EigVec3 =  8.3866634162E-01  5.4464552706E-01  1.3149540182E-04
</CP of DelSqRho>
<CP of DelSqRho>
CP# = 3       
Type = (3,-3)
Coords =  2.79385509949486E+00  1.88599632147861E+00  5.90872129437198E-02
DistFromNuc =  1.6732172009E-01
Rho =  2.2664151422E+01
DelSqRho =  1.2844880207E+03
GradDelSqRho = -1.9326762413E-12  7.3896444519E-13 -8.0575546235E-12
HessDelSqRho_EigVals = -4.4180002896E+05 -1.8653738863E+03 -2.2083276255E+02
HessDelSqRho_EigVec1 =  9.2065259402E-01  1.7049270701E-01 -3.5118519044E-01
HessDelSqRho_EigVec2 =  3.8096408521E-01 -5.8879374025E-01  7.1287326870E-01
HessDelSqRho_EigVec3 =  8.5235948460E-02  7.9009756885E-01  6.0702608246E-01
</CP of DelSqRho>
<CP of DelSqRho>
CP# = 4       
Type = (3,+1)
Coords =  3.07215429150377E+00  1.87026449054367E+00  1.04828469525087E-01
DistFromNuc =  1.6835211224E-01
Rho =  2.2493736922E+01
DelSqRho =  1.2483946792E+03
GradDelSqRho =  3.0240698834E-11 -6.6933125709E-12  2.7426949600E-11
HessDelSqRho_EigVals = -4.1491796291E+05  8.6938594845E+02  1.6459278390E+03
HessDelSqRho_EigVec1 =  7.3649302577E-01 -2.6377714529E-01  6.2289617161E-01
HessDelSqRho_EigVec2 =  5.6097731145E-01  7.5273409189E-01 -3.4452263052E-01
HessDelSqRho_EigVec3 = -3.7799798812E-01  6.0316913426E-01  7.0235640273E-01
</CP of DelSqRho>
<CP of DelSqRho>
CP# = 5       
Type = (3,-1)
Coords =  2.80763464558894E+00  1.82316298873629E+00  3.28458741864209E-05
DistFromNuc =  1.6723539533E-01
Rho =  2.2694601183E+01
DelSqRho =  1.2842584000E+03
GradDelSqRho = -4.4110493036E-11 -1.9866774892E-11 -1.7053025658E-13
HessDelSqRho_EigVals = -4.4372730527E+05 -1.7655699052E+03  1.2135718918E+02
HessDelSqRho_EigVec1 =  8.3857867290E-01  5.4478016462E-01  6.1773609727E-04
HessDelSqRho_EigVec2 = -3.8078219289E-01  5.8694720155E-01 -7.1449136046E-01
HessDelSqRho_EigVec3 = -3.8960329944E-01  5.9892199394E-01  6.9964399107E-01
</CP of DelSqRho>
<CP of DelSqRho>
CP# = 6       
Type = (3,-3)
Coords =  2.85929173390214E+00  1.78514729036114E+00 -5.88296556909903E-02
DistFromNuc =  1.6732163162E-01
Rho =  2.2664191536E+01
DelSqRho =  1.2844860932E+03
GradDelSqRho = -1.7678303266E-11  4.8316906032E-13  4.5616843636E-12
HessDelSqRho_EigVals = -4.4180175914E+05 -1.8651398496E+03 -2.2017635446E+02
HessDelSqRho_EigVec1 =  5.3086276485E-01  7.7122545154E-01  3.5127770751E-01
HessDelSqRho_EigVec2 =  3.8249147862E-01 -5.8793330109E-01  7.1276553104E-01
HessDelSqRho_EigVec3 = -7.5623078070E-01  2.4401995075E-01  6.0709906108E-01
</CP of DelSqRho>
<CP of DelSqRho>
CP# = 7       
Type = (3,+1)
Coords =  2.95831891686659E+00  2.04571463651397E+00 -1.04531789791535E-01
DistFromNuc =  1.6835139282E-01
Rho =  2.2493875843E+01
DelSqRho =  1.2484147765E+03
GradDelSqRho =  1.2647660697E-12  1.1397105482E-11 -2.0492052499E-11
HessDelSqRho_EigVals = -4.1493519418E+05  8.6807589866E+02  1.6450399230E+03
HessDelSqRho_EigVec1 =  5.9156880883E-02  7.8017615932E-01 -6.2275647236E-01
HessDelSqRho_EigVec2 =  9.1581977482E-01  2.0581680028E-01  3.4483849085E-01
HessDelSqRho_EigVec3 = -3.9720851387E-01  5.9073226181E-01  7.0232527462E-01
</CP of DelSqRho>
<CP of DelSqRho>
CP# = 8       
Type = (3,-1)
Coords =  3.08926192665735E+00  2.00616891794582E+00  5.40099896186670E-05
DistFromNuc =  1.6862935723E-01
Rho =  2.2387082948E+01
DelSqRho =  1.2527241993E+03
GradDelSqRho = -9.8907548818E-12 -9.7060137705E-12  1.1013412404E-13
HessDelSqRho_EigVals = -4.1023143805E+05 -5.7834223805E+02  9.7878923474E+02
HessDelSqRho_EigVec1 =  8.3844938801E-01  5.4497924962E-01 -4.9115044266E-04
HessDelSqRho_EigVec2 = -3.8717048430E-01  5.9502620894E-01 -7.0430307877E-01
HessDelSqRho_EigVec3 = -3.8353831598E-01  5.9071264433E-01  7.0989924074E-01
</CP of DelSqRho>
<CP of DelSqRho>
CP# = 9       
Type = (3,-1)
Coords =  2.46487404306376E+00  2.16371250774558E+00  4.40618357421212E-01
DistFromNuc =  6.9966807505E-01
Rho =  7.2368844782E-01
DelSqRho = -1.5357410506E+00
GradDelSqRho = -1.3988810110E-14  4.4408920985E-15  9.7699626167E-15
HessDelSqRho_EigVals = -1.4908700055E+01 -8.2186039190E+00  1.6650276740E+02
HessDelSqRho_EigVec1 =  5.6354822228E-01  8.0467305985E-01  1.8685467058E-01
HessDelSqRho_EigVec2 =  4.3717035059E-01 -4.8242840041E-01  7.5904210887E-01
HessDelSqRho_EigVec3 =  7.0092473614E-01 -3.4606950925E-01 -6.2365087111E-01
</CP of DelSqRho>
<CP of DelSqRho>
CP# = 10      
Type = (3,-1)
Coords =  2.97926287645562E+00  1.37157864903090E+00 -4.40367131843919E-01
DistFromNuc =  6.9967300863E-01
Rho =  7.2368723298E-01
DelSqRho = -1.5357088997E+00
GradDelSqRho = -8.8817841970E-16 -1.6875389974E-14 -2.7533531011E-14
HessDelSqRho_EigVals = -1.4910367683E+01 -8.2180954544E+00  1.6649538891E+02
HessDelSqRho_EigVec1 =  9.6446925708E-01  1.8716997373E-01 -1.8645764422E-01
HessDelSqRho_EigVec2 =  2.6237004707E-01 -5.9574934591E-01  7.5910781530E-01
HessDelSqRho_EigVec3 = -3.1000170266E-02  7.8105705155E-01  6.2368972387E-01
</CP of DelSqRho>
<CP of DelSqRho>
CP# = 11      
Type = (3,+1)
Coords =  3.08960580783387E+00  1.99236511004291E+00  6.62846349488037E-01
DistFromNuc =  6.8218129629E-01
Rho =  7.7748100327E-01
DelSqRho = -2.3460639663E+00
GradDelSqRho = -6.0507154842E-15 -8.8817841970E-15 -2.3092638912E-14
HessDelSqRho_EigVals = -1.2054183031E+01  7.2072751999E+00  2.0056728378E+02
HessDelSqRho_EigVec1 =  1.0889154459E-01  9.8976503257E-01 -9.2237800347E-02
HessDelSqRho_EigVec2 =  9.7065466493E-01 -1.2588375517E-01 -2.0489705132E-01
HessDelSqRho_EigVec3 =  2.1441117735E-01  6.7219494790E-02  9.7442772259E-01
</CP of DelSqRho>
<CP of DelSqRho>
CP# = 12      
Type = (3,+1)
Coords =  3.07723298622035E+00  2.01193744380795E+00 -6.62512883043623E-01
DistFromNuc =  6.8218506164E-01
Rho =  7.7747800531E-01
DelSqRho = -2.3460723155E+00
GradDelSqRho =  8.8817841970E-15  3.5527136788E-15 -1.9539925233E-14
HessDelSqRho_EigVals = -1.2058136094E+01  7.2091791908E+00  2.0056555384E+02
HessDelSqRho_EigVec1 =  9.4828788193E-01 -3.0358580156E-01  9.2659344216E-02
HessDelSqRho_EigVec2 =  2.8018796368E-01  9.3778824173E-01  2.0505589159E-01
HessDelSqRho_EigVec3 = -1.4914690071E-01 -1.6848998414E-01  9.7435431300E-01
</CP of DelSqRho>
<CP of DelSqRho>
CP# = 13      
Type = (3,+3)
Coords =  2.69915640933817E+00  1.39976657269795E+00  3.31173750026794E-01
DistFromNuc =  6.6042425132E-01
Rho =  8.7639881297E-01
DelSqRho = -3.7437502548E+00
GradDelSqRho = -4.9737991503E-14 -1.8118839762E-13  1.2967404928E-13
HessDelSqRho_EigVals =  4.4260866589E+00  1.6959850565E+01  2.6183992604E+02
HessDelSqRho_EigVec1 =  8.5045221463E-01 -4.6965752107E-02  5.2395157100E-01
HessDelSqRho_EigVec2 = -3.8568892614E-01  6.2165464289E-01  6.8175476326E-01
HessDelSqRho_EigVec3 =  3.5773605197E-01  7.8188216702E-01 -5.1057339729E-01
</CP of DelSqRho>
<CP of DelSqRho>
CP# = 14      
Type = (3,-1)
Coords =  3.54042286149910E+00  2.29931440329074E+00 -1.83844371234437E-04
DistFromNuc =  7.0666329619E-01
Rho =  7.1469913408E-01
DelSqRho = -1.5382546377E+00
GradDelSqRho =  1.8474111130E-13  8.8817841970E-14  5.8175686490E-14
HessDelSqRho_EigVals = -1.9417601682E+01 -9.8787288317E-01  1.5737574686E+02
HessDelSqRho_EigVec1 = -4.2208369253E-01  6.5005529615E-01  6.3188089737E-01
HessDelSqRho_EigVec2 = -3.4464733018E-01  5.2961489242E-01 -7.7506534146E-01
HessDelSqRho_EigVec3 =  8.3848886355E-01  5.4491850554E-01 -4.9801287835E-04
</CP of DelSqRho>
<CP of DelSqRho>
CP# = 15      
Type = (3,+1)
Coords =  3.42846640146524E+00  1.44896049070487E+00  1.02443196880960E-01
DistFromNuc =  6.7671876186E-01
Rho =  7.9879228971E-01
DelSqRho = -2.5726264504E+00
GradDelSqRho =  1.6751044996E-12 -3.2329694477E-13 -4.2343906159E-13
HessDelSqRho_EigVals = -1.0541394001E+01  9.0651904821E+00  2.1177364316E+02
HessDelSqRho_EigVec1 = -5.5648877795E-01 -3.4102934052E-01  7.5764056710E-01
HessDelSqRho_EigVec2 =  4.6251724464E-01  6.3037342294E-01  6.2346382899E-01
HessDelSqRho_EigVec3 = -6.9021593608E-01  6.9737245181E-01 -1.9306378487E-01
</CP of DelSqRho>
<CP of DelSqRho>
CP# = 16      
Type = (3,+1)
Coords =  2.38781194682737E+00  1.55057036319734E+00  1.37236274456093E-04
DistFromNuc =  6.6779288668E-01
Rho =  8.6356291719E-01
DelSqRho = -3.5744578139E+00
GradDelSqRho = -1.2434497876E-13 -7.1054273576E-14 -4.2188474936E-15
HessDelSqRho_EigVals = -3.1761252672E+00  1.7031861777E+01  2.4495192002E+02
HessDelSqRho_EigVec1 =  3.5906864628E-01 -5.5294659287E-01  7.5187749846E-01
HessDelSqRho_EigVec2 = -4.0948778092E-01  6.3058665540E-01  6.5930283429E-01
HessDelSqRho_EigVec3 =  8.3868317292E-01  5.4461962457E-01  9.7656148492E-07
</CP of DelSqRho>
<CP of DelSqRho>
CP# = 17      
Type = (3,+1)
Coords =  2.71860795223362E+00  2.54272937383464E+00 -1.01939328890791E-01
DistFromNuc =  6.7671542721E-01
Rho =  7.9880594130E-01
DelSqRho = -2.5728694929E+00
GradDelSqRho =  1.3322676296E-14 -4.6185277824E-14  0.0000000000E+00
HessDelSqRho_EigVals = -1.0543610834E+01  9.0684315121E+00  2.1178999064E+02
HessDelSqRho_EigVec1 =  5.3787037406E-01  3.6907213325E-01  7.5794539458E-01
HessDelSqRho_EigVec2 = -7.6423713131E-01 -1.6605177635E-01  6.2319211700E-01
HessDelSqRho_EigVec3 = -3.5586102319E-01  9.1444659113E-01 -1.9274429730E-01
</CP of DelSqRho>
<CP of DelSqRho>
CP# = 18      
Type = (3,+3)
Coords =  2.37689782268921E+00  1.89685760351222E+00 -3.31238374111131E-01
DistFromNuc =  6.6039880369E-01
Rho =  8.7647513423E-01
DelSqRho = -3.7443869706E+00
GradDelSqRho = -4.6185277824E-14 -3.5527136788E-15 -2.1316282073E-14
HessDelSqRho_EigVals =  4.4324491642E+00  1.6960748286E+01  2.6191284053E+02
HessDelSqRho_EigVec1 =  3.0384026600E-01  7.9610187433E-01 -5.2335733342E-01
HessDelSqRho_EigVec2 = -4.1104698442E-01  6.0511028322E-01  6.8182250017E-01
HessDelSqRho_EigVec3 =  8.5948907460E-01  7.9593238593E-03  5.1109214415E-01
</CP of DelSqRho>
<CP of DelSqRho>
CP# = 19      
Type = (3,+3)
Coords =  3.04876925110095E+00  2.51049252281130E+00  3.60168475449126E-01
DistFromNuc =  7.0376439694E-01
Rho =  7.9370657307E-01
DelSqRho = -3.4588944739E+00
GradDelSqRho =  6.2172489379E-15  8.8817841970E-16  1.7763568394E-15
HessDelSqRho_EigVals =  1.4809529794E+01  2.2341140490E+01  1.6626087192E+02
HessDelSqRho_EigVec1 =  4.0638892569E-01 -5.0957959965E-01  7.5840402998E-01
HessDelSqRho_EigVec2 = -9.0505622370E-01 -1.1059943974E-01  4.1065922109E-01
HessDelSqRho_EigVec3 =  1.2538450066E-01  8.5328564710E-01  5.0614457563E-01
</CP of DelSqRho>
<CP of DelSqRho>
CP# = 20      
Type = (3,+3)
Coords =  3.53367023246755E+00  1.76369088720617E+00 -3.59668832348686E-01
DistFromNuc =  7.0376879354E-01
Rho =  7.9370224258E-01
DelSqRho = -3.4588731763E+00
GradDelSqRho =  1.9539925233E-14  5.3290705182E-15 -6.2172489379E-15
HessDelSqRho_EigVals =  1.4810676155E+01  2.2341851279E+01  1.6625296933E+02
HessDelSqRho_EigVec1 = -2.9969329492E-01  5.7862493511E-01 -7.5853616490E-01
HessDelSqRho_EigVec2 =  4.6930897541E-01  7.8164393872E-01  4.1083066908E-01
HessDelSqRho_EigVec3 =  8.3062206483E-01 -2.3286463349E-01 -5.0580732289E-01
</CP of DelSqRho>
<CP of DelSqRho>
CP# = 21      
Type = (3,+1)
Coords =  3.94071789040457E+00  1.71094138815724E+00 -6.16927588483682E-01
DistFromNuc =  1.1865279141E+00
Rho =  3.8075777399E-01
DelSqRho = -7.7350241206E-01
GradDelSqRho = -1.6098233857E-15  2.3869795029E-15  3.2196467714E-15
HessDelSqRho_EigVals = -2.4743458084E+01  1.2087216919E+01  1.2356832014E+01
HessDelSqRho_EigVec1 =  8.4037389979E-01 -1.5597892966E-01 -5.1907830050E-01
HessDelSqRho_EigVec2 =  3.4041708615E-01 -5.9334621212E-01  7.2942201778E-01
HessDelSqRho_EigVec3 =  4.2176760900E-01  7.8969034821E-01  4.4553477747E-01
</CP of DelSqRho>
<CP of DelSqRho>
CP# = 22      
Type = (3,+1)
Coords =  1.83013034388397E+00  1.54092509047262E+00 -3.94567374507380E-01
DistFromNuc =  1.2427908536E+00
Rho =  2.4699361325E-01
DelSqRho =  4.2532546925E-01
GradDelSqRho =  1.4155343564E-15  6.1062266354E-16  9.9920072216E-16
HessDelSqRho_EigVals = -1.0817657801E+01  4.5346648062E-01  8.5695265773E-01
HessDelSqRho_EigVec1 =  8.9580375023E-01  2.8127832811E-01  3.4411937349E-01
HessDelSqRho_EigVec2 = -5.7239798323E-02 -6.9479804783E-01  7.1692348143E-01
HessDelSqRho_EigVec3 = -4.4074850716E-01  6.6192006683E-01  6.0630238212E-01
</CP of DelSqRho>
<CP of DelSqRho>
CP# = 23      
Type = (3,+1)
Coords =  3.16627119746346E+00  2.90369478081713E+00  6.17568942628870E-01
DistFromNuc =  1.1865419420E+00
Rho =  3.8073878385E-01
DelSqRho = -7.7338527272E-01
GradDelSqRho = -8.3266726847E-16  5.2180482157E-15  4.4547698863E-15
HessDelSqRho_EigVals = -2.4739326977E+01  1.2085435027E+01  1.2355155865E+01
HessDelSqRho_EigVec1 =  1.9957547699E-01  8.3091147620E-01  5.1938015721E-01
HessDelSqRho_EigVec2 =  4.0325547469E-01 -5.5272408433E-01  7.2930179537E-01
HessDelSqRho_EigVec3 =  8.9305915320E-01  6.3892138161E-02 -4.4537977454E-01
</CP of DelSqRho>
<CP of DelSqRho>
CP# = 24      
Type = (3,+1)
Coords =  2.15203720946456E+00  1.04496848694812E+00  3.94480189324692E-01
DistFromNuc =  1.2427988613E+00
Rho =  2.4699228127E-01
DelSqRho =  4.2523873599E-01
GradDelSqRho = -9.7435948199E-13 -6.4120930787E-13 -3.6562419758E-13
HessDelSqRho_EigVals = -1.0816542458E+01  4.5417335417E-01  8.5728479931E-01
HessDelSqRho_EigVec1 =  6.2142595080E-01  7.0399908008E-01 -3.4382420352E-01
HessDelSqRho_EigVec2 =  6.5785744959E-01 -2.3052512717E-01  7.1699493845E-01
HessDelSqRho_EigVec3 = -4.2550365885E-01  6.7174657498E-01  6.0638533567E-01
</CP of DelSqRho>
<CP of DelSqRho>
CP# = 25      
Type = (3,-1)
Coords =  2.83845455877236E+00  1.99414826737724E+00  1.17093159757002E+00
DistFromNuc =  1.1786072244E+00
Rho =  2.3889035276E-01
DelSqRho =  7.3764560562E-01
GradDelSqRho = -4.9788680123E-12  2.3990254228E-12 -7.6569861562E-12
HessDelSqRho_EigVals = -1.6926962312E+01 -1.4685936520E+00  2.7155438340E-01
HessDelSqRho_EigVec1 = -1.1018801867E-01  4.0017502703E-02  9.9310482831E-01
HessDelSqRho_EigVec2 =  3.1165190118E-01  9.5018910347E-01 -3.7094669228E-03
HessDelSqRho_EigVec3 =  9.4378583007E-01 -3.0909426900E-01  1.1717098547E-01
</CP of DelSqRho>
<CP of DelSqRho>
CP# = 26      
Type = (3,-1)
Coords =  2.97671240146467E+00  1.78179450352329E+00 -1.17064795934385E+00
DistFromNuc =  1.1786080955E+00
Rho =  2.3889355302E-01
DelSqRho =  7.3764864811E-01
GradDelSqRho =  7.6327832943E-16  1.2490009027E-16 -1.4710455076E-15
HessDelSqRho_EigVals = -1.6926668906E+01 -1.4686781022E+00  2.7151267361E-01
HessDelSqRho_EigVec1 =  7.9401723217E-03  1.1695153627E-01  9.9310588148E-01
HessDelSqRho_EigVec2 =  9.9475786648E-01 -1.0217703313E-01  4.0793355404E-03
HessDelSqRho_EigVec3 =  1.0194969711E-01  9.8786749722E-01 -1.1714976396E-01
</CP of DelSqRho>
<CP of DelSqRho>
CP# = 27      
Type = (3,-3)
Coords =  3.44174089844906E+00  2.79734241083535E+00 -5.69350303186636E-01
DistFromNuc =  1.1610495347E+00
Rho =  2.3862782078E-01
DelSqRho =  8.4998588289E-01
GradDelSqRho =  6.1062266354E-16  2.3314683517E-15 -1.3322676296E-15
HessDelSqRho_EigVals = -1.8613061178E+01 -1.2407499242E+00 -2.9582581450E-01
HessDelSqRho_EigVec1 =  4.1116239696E-01  7.6224062234E-01 -4.9993471272E-01
HessDelSqRho_EigVec2 = -4.6673257219E-01  6.4713095079E-01  6.0281194297E-01
HessDelSqRho_EigVec3 =  7.8301097654E-01 -1.4517788994E-02  6.2183843916E-01
</CP of DelSqRho>
<CP of DelSqRho>
CP# = 28      
Type = (3,-3)
Coords =  3.04282270250297E+00  9.80752507024029E-01 -6.78804514291481E-01
DistFromNuc =  1.1582014361E+00
Rho =  2.4444571658E-01
DelSqRho =  7.9693228724E-01
GradDelSqRho =  3.0427049769E-15  4.5297099405E-14  4.0523140399E-14
HessDelSqRho_EigVals = -1.7320379385E+01 -1.3846733896E+00 -3.4930551265E-01
HessDelSqRho_EigVec1 = -4.9652129890E-02  8.1166916854E-01  5.8200328766E-01
HessDelSqRho_EigVec2 =  9.3853361218E-01  2.3722003721E-01 -2.5076146585E-01
HessDelSqRho_EigVec3 =  3.4159819205E-01 -5.3377880699E-01  7.7355727674E-01
</CP of DelSqRho>
<CP of DelSqRho>
CP# = 29      
Type = (3,-3)
Coords =  3.95534444215145E+00  2.00561090055517E+00  5.69982808130213E-01
DistFromNuc =  1.1610616522E+00
Rho =  2.3863259637E-01
DelSqRho =  8.4996196909E-01
GradDelSqRho =  1.1102230246E-16  4.5796699766E-16  3.8857805862E-16
HessDelSqRho_EigVals = -1.8612761351E+01 -1.2411498455E+00 -2.9582563670E-01
HessDelSqRho_EigVec1 =  8.6344054304E-01  6.5023525359E-02  5.0024231108E-01
HessDelSqRho_EigVec2 = -4.0121335680E-01  6.8961737640E-01  6.0287288585E-01
HessDelSqRho_EigVec3 =  3.0577486975E-01  7.2124878878E-01 -6.2153190885E-01
</CP of DelSqRho>
<CP of DelSqRho>
CP# = 30      
Type = (3,-1)
Coords =  3.93390821212302E+00  2.55416660985024E+00  4.60646735135927E-04
DistFromNuc =  1.1754703406E+00
Rho =  2.4677850107E-01
DelSqRho =  8.1182501337E-01
GradDelSqRho = -1.3106182806E-12 -5.7970295231E-13 -2.6720986535E-13
HessDelSqRho_EigVals = -1.6317053499E+01 -3.6766076475E+00  2.9416406732E-01
HessDelSqRho_EigVec1 =  8.3883784983E-01  5.4438128793E-01  2.7393708924E-04
HessDelSqRho_EigVec2 = -4.1353182832E-01  6.3688432187E-01  6.5066872334E-01
HessDelSqRho_EigVec3 =  3.5403741139E-01 -5.4591883454E-01  7.5936166445E-01
</CP of DelSqRho>
<CP of DelSqRho>
CP# = 31      
Type = (3,-1)
Coords =  2.30155202654295E+00  2.89627955966202E+00 -1.28080684344280E-01
DistFromNuc =  1.1825882863E+00
Rho =  2.3886647758E-01
DelSqRho =  7.3331387369E-01
GradDelSqRho =  1.6653345369E-15 -1.8596235662E-15  6.6613381478E-16
HessDelSqRho_EigVals = -1.7152313339E+01 -1.2283663373E+00  2.7375421507E-01
HessDelSqRho_EigVec1 = -5.6571392178E-01  8.1505009081E-01 -1.2514434933E-01
HessDelSqRho_EigVec2 =  5.7839277761E-01  5.0037629495E-01  6.4427118379E-01
HessDelSqRho_EigVec3 = -5.8773255271E-01 -2.9209059026E-01  7.5448892210E-01
</CP of DelSqRho>
<CP of DelSqRho>
CP# = 32      
Type = (3,-1)
Coords =  3.58160812469614E+00  9.24095974977357E-01  1.28448861457273E-01
DistFromNuc =  1.1825933672E+00
Rho =  2.3887036066E-01
DelSqRho =  7.3328249286E-01
GradDelSqRho =  1.6861512186E-15 -6.3837823916E-16 -9.0205620751E-17
HessDelSqRho_EigVals = -1.7151154182E+01 -1.2288159537E+00  2.7378115177E-01
HessDelSqRho_EigVec1 = -5.1405087353E-01  8.4856972007E-01 -1.2522431715E-01
HessDelSqRho_EigVec2 =  6.9277336075E-01  3.2464337508E-01 -6.4395011426E-01
HessDelSqRho_EigVec3 =  5.0578332323E-01  4.1777518978E-01  7.5474970735E-01
</CP of DelSqRho>
<CP of DelSqRho>
CP# = 33      
Type = (3,-3)
Coords =  2.13368166162314E+00  2.38085312161795E+00  6.78959723143701E-01
DistFromNuc =  1.1581929755E+00
Rho =  2.4443910820E-01
DelSqRho =  7.9696294738E-01
GradDelSqRho = -1.4432899320E-15  1.5265566589E-15  2.4424906542E-15
HessDelSqRho_EigVals = -1.7321467174E+01 -1.3840312258E+00 -3.4933919043E-01
HessDelSqRho_EigVec1 =  7.2131369015E-01 -3.7563729930E-01 -5.8189619330E-01
HessDelSqRho_EigVec2 =  5.9869329409E-01  7.6058659033E-01  2.5114612922E-01
HessDelSqRho_EigVec3 = -3.4824258788E-01  5.2953249001E-01 -7.7351305225E-01
</CP of DelSqRho>
<CP of DelSqRho>
CP# = 34      
Type = (3,-1)
Coords =  1.89097810954641E+00  1.22820567441978E+00 -3.32173668038158E-04
DistFromNuc =  1.2600453070E+00
Rho =  2.4471590184E-01
DelSqRho =  4.4666925128E-01
GradDelSqRho =  1.8041124150E-15  1.0130785100E-15 -4.0787685729E-16
HessDelSqRho_EigVals = -7.9060822213E+00 -3.9525369790E-01  6.8858087381E-01
HessDelSqRho_EigVec1 =  8.3881380690E-01  5.4441820932E-01  4.5903002022E-04
HessDelSqRho_EigVec2 = -3.2486275909E-01  5.0120939967E-01 -8.0203075094E-01
HessDelSqRho_EigVec3 = -4.3687021541E-01  6.7260534569E-01  5.9728256617E-01
</CP of DelSqRho>
<CP of DelSqRho>
CP# = 35      
Type = (3,-1)
Coords =  4.78489534567694E+00  2.36555322465579E+00 -7.59756661255604E-01
DistFromNuc =  2.0385631697E+00
Rho =  6.6487979508E-02
DelSqRho =  1.8542910257E-01
GradDelSqRho = -3.8892500331E-15 -2.8241298189E-15  2.0643209364E-16
HessDelSqRho_EigVals = -2.3504069382E+00 -1.2822325325E-02  4.2010381372E-01
HessDelSqRho_EigVec1 =  7.0923934350E-01  7.0340760858E-01 -4.6875258144E-02
HessDelSqRho_EigVec2 = -4.4075636465E-01  3.9055121674E-01 -8.0821010518E-01
HessDelSqRho_EigVec3 = -5.5019394821E-01  5.9387497278E-01  5.8702566899E-01
</CP of DelSqRho>
<CP of DelSqRho>
CP# = 36      
Type = (3,-1)
Coords =  4.10768270881151E+00  3.40869539301140E+00  7.60022828058364E-01
DistFromNuc =  2.0386000896E+00
Rho =  6.6484565110E-02
DelSqRho =  1.8541563019E-01
GradDelSqRho = -3.3754249396E-13 -1.3762255224E-13 -1.0083600621E-13
HessDelSqRho_EigVals = -2.3503162297E+00 -1.2822854632E-02  4.2006737079E-01
HessDelSqRho_EigVec1 =  9.3105360110E-01  3.6191778247E-01  4.6418860529E-02
HessDelSqRho_EigVec2 =  1.7811071103E-01 -5.6181448808E-01  8.0786202757E-01
HessDelSqRho_EigVec3 = -3.1845842193E-01  7.4389515371E-01  5.8754083585E-01
</CP of DelSqRho>
<CP of DelSqRho>
CP# = 37      
Type = (3,+1)
Coords =  4.39510014713690E+00  7.61858113741720E-01 -9.19735022109257E-01
DistFromNuc =  2.0660780675E+00
Rho =  6.4109702194E-02
DelSqRho =  1.6943136662E-01
GradDelSqRho = -3.1918911958E-16  1.5265566589E-16  1.9775847626E-16
HessDelSqRho_EigVals = -1.8410648966E+00  6.6547406925E-03  5.0160969986E-01
HessDelSqRho_EigVec1 = -3.7712965331E-01  8.8942972898E-01  2.5824016304E-01
HessDelSqRho_EigVec2 =  4.9215844041E-01 -4.3744833734E-02  8.6940580804E-01
HessDelSqRho_EigVec3 =  7.8457204522E-01  4.5497378686E-01 -4.2124287428E-01
</CP of DelSqRho>
<CP of DelSqRho>
CP# = 38      
Type = (3,+1)
Coords =  2.48448671261977E+00  3.70541263258691E+00  9.19829862413798E-01
DistFromNuc =  2.0660969438E+00
Rho =  6.4104374837E-02
DelSqRho =  1.6942383212E-01
GradDelSqRho =  6.0784710598E-15 -9.2148511044E-15 -4.0314973582E-15
HessDelSqRho_EigVals = -1.8409342255E+00  6.6543496013E-03  5.0159186825E-01
HessDelSqRho_EigVec1 = -6.5875624123E-01  7.0685004423E-01  2.5768824112E-01
HessDelSqRho_EigVec2 = -1.6142872275E-01 -4.6732730880E-01  8.6922146426E-01
HessDelSqRho_EigVec3 =  7.3483398269E-01  5.3100678095E-01  4.2196068118E-01
</CP of DelSqRho>
<Path of -GradDelSqRho>
Starting CP# =      4
Ending CP# =     13
Number of Points =     55
  3.0721542915E+00  1.8702644905E+00  1.0482846953E-01  2.2493736922E+01  1.2483946792E+03
  3.0905566246E+00  1.8636561435E+00  1.2040678108E-01  1.5562441983E+01  1.1656226740E+03
  3.1089490350E+00  1.8570338198E+00  1.3599087762E-01  1.0862913277E+01  9.9416767124E+02
  3.1273389389E+00  1.8504077249E+00  1.5157632915E-01  7.6863754472E+00  7.8423612970E+02
  3.1457231070E+00  1.8437732801E+00  1.6716499444E-01  5.5475166433E+00  5.8194750329E+02
  3.1640959267E+00  1.8371224883E+00  1.8276007078E-01  4.1084104593E+00  4.1634316918E+02
  3.1824513516E+00  1.8304466069E+00  1.9836490550E-01  3.1377747803E+00  2.9260383425E+02
  3.2007834449E+00  1.8237368868E+00  2.1398264589E-01  2.4803349963E+00  2.0350626167E+02
  3.2190869221E+00  1.8169853168E+00  2.2961590372E-01  2.0324785317E+00  1.3976067330E+02
  3.2373569295E+00  1.8101842774E+00  2.4526685633E-01  1.7247030895E+00  9.4108090305E+01
  3.2555877632E+00  1.8033246401E+00  2.6093789790E-01  1.5100417494E+00  6.1626888821E+01
  3.2737711138E+00  1.7963931094E+00  2.7663244521E-01  1.3567095586E+00  3.8932951943E+01
  3.2918942195E+00  1.7893693277E+00  2.9235561701E-01  1.2433529665E+00  2.3500367690E+01
  3.3099375934E+00  1.7822222544E+00  3.0811485075E-01  1.1558326912E+00  1.3331595871E+01
  3.3278714813E+00  1.7749046252E+00  3.2392064020E-01  1.0849546403E+00  6.8464685859E+00
  3.3456495640E+00  1.7673435017E+00  3.3978754938E-01  1.0248500006E+00  2.8415503916E+00
  3.3631965172E+00  1.7594226873E+00  3.5573564458E-01  9.7183753015E-01  4.4688106419E-01
  3.3803794699E+00  1.7509453754E+00  3.7179247502E-01  9.2365670901E-01 -9.3388839378E-01
  3.3969262772E+00  1.7415372501E+00  3.8799437186E-01  8.7900489841E-01 -1.6902557707E+00
  3.4120999569E+00  1.7303172669E+00  4.0436274592E-01  8.3747615150E-01 -2.0671718973E+00
  3.4225328939E+00  1.7145033273E+00  4.2030310881E-01  8.0187265396E-01 -2.2205114208E+00
  3.4170270092E+00  1.6926877102E+00  4.2946241449E-01  7.8979161139E-01 -2.2841003513E+00
  3.4031751273E+00  1.6721765189E+00  4.3284174842E-01  7.9266568438E-01 -2.3415003988E+00
  3.3878747258E+00  1.6525594982E+00  4.3528151446E-01  7.9718884577E-01 -2.4000934835E+00
  3.3717554198E+00  1.6335714812E+00  4.3741134041E-01  8.0186563275E-01 -2.4597946303E+00
  3.3548792732E+00  1.6152276879E+00  4.3931245729E-01  8.0654585985E-01 -2.5204236021E+00
  3.3372673400E+00  1.5975684278E+00  4.4101016345E-01  8.1119882100E-01 -2.5817973633E+00
  3.3189427680E+00  1.5806318488E+00  4.4251790555E-01  8.1580523601E-01 -2.6437311389E+00
  3.2999340280E+00  1.5644507894E+00  4.4384149669E-01  8.2034740221E-01 -2.7060364889E+00
  3.2802745188E+00  1.5490521115E+00  4.4497983867E-01  8.2480827042E-01 -2.7685190253E+00
  3.2600017567E+00  1.5344564383E+00  4.4592545013E-01  8.2917133219E-01 -2.8309762476E+00
  3.2391564868E+00  1.5206781092E+00  4.4666507646E-01  8.3342058244E-01 -2.8931957925E+00
  3.2177818058E+00  1.5077253280E+00  4.4718036769E-01  8.3754050209E-01 -2.9549543298E+00
  3.1959223527E+00  1.4956004729E+00  4.4744857938E-01  8.4151606613E-01 -3.0160172678E+00
  3.1736236136E+00  1.4843005276E+00  4.4744325177E-01  8.4533278447E-01 -3.0761393530E+00
  3.1509313647E+00  1.4738175848E+00  4.4713482971E-01  8.4897677906E-01 -3.1350661802E+00
  3.1278912679E+00  1.4641393752E+00  4.4649119710E-01  8.5243489701E-01 -3.1925365649E+00
  3.1045486175E+00  1.4552497834E+00  4.4547811156E-01  8.5569485593E-01 -3.2482856836E+00
  3.0809482279E+00  1.4471293225E+00  4.4405953714E-01  8.5874541526E-01 -3.3020488546E+00
  3.0571344495E+00  1.4397555494E+00  4.4219788346E-01  8.6157656609E-01 -3.3535658142E+00
  3.0331512950E+00  1.4331034189E+00  4.3985416989E-01  8.6417973077E-01 -3.4025853304E+00
  3.0090426607E+00  1.4271455822E+00  4.3698814315E-01  8.6654796361E-01 -3.4488699946E+00
  2.9848526249E+00  1.4218526486E+00  4.3355838809E-01  8.6867614365E-01 -3.4922010286E+00
  2.9606258041E+00  1.4171934460E+00  4.2952248553E-01  8.7056115009E-01 -3.5323829470E+00
  2.9364077386E+00  1.4131353260E+00  4.2483728996E-01  8.7220201089E-01 -3.5692479090E+00
  2.9122452638E+00  1.4096445864E+00  4.1945942496E-01  8.7360001348E-01 -3.6026595929E+00
  2.8881867970E+00  1.4066871107E+00  4.1334612634E-01  8.7475876569E-01 -3.6325164227E+00
  2.8642824214E+00  1.4042293621E+00  4.0645660023E-01  8.7568419306E-01 -3.6587539730E+00
  2.8405835852E+00  1.4022399178E+00  3.9875410009E-01  8.7638445802E-01 -3.6813463946E+00
  2.8171421488E+00  1.4006917766E+00  3.9020894869E-01  8.7686978766E-01 -3.7003067397E+00
  2.7940084319E+00  1.3995657086E+00  3.8080271111E-01  8.7715220249E-01 -3.7156861568E+00
  2.7712278874E+00  1.3988548772E+00  3.7053361154E-01  8.7724515250E-01 -3.7275720781E+00
  2.7488362108E+00  1.3985707391E+00  3.5942296872E-01  8.7716309187E-01 -3.7360857425E+00
  2.7268534109E+00  1.3987494257E+00  3.4752157895E-01  8.7692106207E-01 -3.7413796093E+00
  2.6991564093E+00  1.3997665727E+00  3.3117375003E-01  8.7639881297E-01 -3.7437502548E+00
</Path of -GradDelSqRho>
<Path of -GradDelSqRho>
Starting CP# =      4
Ending CP# =      1
Number of Points =      7
  3.0721542915E+00  1.8702644905E+00  1.0482846953E-01  2.2493736922E+01  1.2483946792E+03
  3.0537300714E+00  1.8768423950E+00  8.9263151460E-02  3.2750392251E+01  9.9489826201E+02
  3.0352873195E+00  1.8833945625E+00  7.3708925039E-02  4.8031716061E+01 -7.9299051126E+02
  3.0168364081E+00  1.8899353928E+00  5.8159603488E-02  7.0725826539E+01 -6.4063266841E+03
  2.9983795666E+00  1.8964679956E+00  4.2613862012E-02  1.0440350862E+02 -2.0715934890E+04
  2.9799129424E+00  1.9029870674E+00  2.7074058892E-02  1.5491498010E+02 -7.5590247650E+04
  2.9478745911E+00  1.9142700797E+00  1.3625118088E-04  2.9734809290E+02 -3.3294728769E+06
</Path of -GradDelSqRho>
<Path of -GradDelSqRho>
Starting CP# =      7
Ending CP# =     18
Number of Points =     55
  2.9583189169E+00  2.0457146365E+00 -1.0453178979E-01  2.2493875843E+01  1.2484147765E+03
  2.9597810482E+00  2.0652155814E+00 -1.2010661640E-01  1.5562518856E+01  1.1656402467E+03
  2.9612263634E+00  2.0847131546E+00 -1.3568723583E-01  1.0862952578E+01  9.9418224717E+02
  2.9626672109E+00  2.1042099739E+00 -1.5126921237E-01  7.6863924856E+00  7.8424791467E+02
  2.9640980911E+00  2.1237049545E+00 -1.6685440709E-01  5.5475212676E+00  5.8195646885E+02
  2.9655094093E+00  2.1431962264E+00 -1.8244602149E-01  4.1084088899E+00  4.1634961691E+02
  2.9668907126E+00  2.1626818271E+00 -1.9804740763E-01  3.1377707668E+00  2.9260830726E+02
  2.9682315865E+00  2.1821598965E+00 -2.1366171759E-01  2.4803306686E+00  2.0350929480E+02
  2.9695225564E+00  2.2016288694E+00 -2.2929156769E-01  2.0324750010E+00  1.3976268082E+02
  2.9707546808E+00  2.2210874146E+00 -2.4493913978E-01  1.7247008416E+00  9.4109367274E+01
  2.9719172930E+00  2.2405340382E+00 -2.6060683358E-01  1.5100408929E+00  6.1627646914E+01
  2.9729948558E+00  2.2599665627E+00 -2.7629807393E-01  1.3567099842E+00  3.8933348994E+01
  2.9739635637E+00  2.2793816182E+00 -2.9201799191E-01  1.2433544516E+00  2.3500523602E+01
  2.9747871071E+00  2.2987740406E+00 -3.0777404379E-01  1.1558349716E+00  1.3331600196E+01
  2.9754101643E+00  2.3181358901E+00 -3.2357675212E-01  1.0849574602E+00  6.8463853904E+00
  2.9757471975E+00  2.3374545435E+00 -3.3944072530E-01  1.0248531491E+00  2.8414229411E+00
  2.9756613099E+00  2.3567084842E+00 -3.5538609963E-01  9.7184087587E-01  4.4673660515E-01
  2.9749184719E+00  2.3758564223E+00 -3.7144053984E-01  9.2366025270E-01 -9.3403435640E-01
  2.9730656424E+00  2.3948020403E+00 -3.8764058266E-01  8.7900891526E-01 -1.6903964004E+00
  2.9689971905E+00  2.4132304048E+00 -4.0400804321E-01  8.3748178214E-01 -2.0673084183E+00
  2.9587991629E+00  2.4291958085E+00 -4.1994908928E-01  8.0188544997E-01 -2.2206613172E+00
  2.9366332321E+00  2.4330457724E+00 -4.2911553127E-01  7.8981114989E-01 -2.2842959785E+00
  2.9122611053E+00  2.4287436294E+00 -4.3250575299E-01  7.9268708274E-01 -2.3417437325E+00
  2.8881156880E+00  2.4227536658E+00 -4.3495551442E-01  7.9721406612E-01 -2.4003854133E+00
  2.8642112686E+00  2.4157597333E+00 -4.3709482355E-01  8.0189517358E-01 -2.4601360081E+00
  2.8405869803E+00  2.4078125547E+00 -4.3900498712E-01  8.0657981843E-01 -2.5208149139E+00
  2.8172881785E+00  2.3989150085E+00 -4.4071127842E-01  8.1123720505E-01 -2.5822386682E+00
  2.7943591010E+00  2.3890727214E+00 -4.4222712175E-01  8.1584801087E-01 -2.6442220319E+00
  2.7718413082E+00  2.3782983195E+00 -4.4355832752E-01  8.2039449648E-01 -2.7065760791E+00
  2.7497729163E+00  2.3666113440E+00 -4.4470381579E-01  8.2485957699E-01 -2.7691059304E+00
  2.7281880294E+00  2.3540376206E+00 -4.4565614233E-01  8.2922670953E-01 -2.8316086038E+00
  2.7071163380E+00  2.3406084705E+00 -4.4640210543E-01  8.3347985661E-01 -2.8938712791E+00
  2.6865828967E+00  2.3263598527E+00 -4.4692341996E-01  8.3760346951E-01 -2.9556702055E+00
  2.6666080774E+00  2.3113315036E+00 -4.4719741427E-01  8.4158249680E-01 -3.0167704155E+00
  2.6472076772E+00  2.2955661288E+00 -4.4719770547E-01  8.4540242549E-01 -3.0769263306E+00
  2.6283931495E+00  2.2791086932E+00 -4.4689481592E-01  8.4904935826E-01 -3.1358832737E+00
  2.6101719195E+00  2.2620058381E+00 -4.4625670466E-01  8.5251012653E-01 -3.1933798417E+00
  2.5925477495E+00  2.2443054405E+00 -4.4524919965E-01  8.5577243550E-01 -3.2491510437E+00
  2.5755211243E+00  2.2260563186E+00 -4.4383632853E-01  8.5882503525E-01 -3.3029320797E+00
  2.5590896347E+00  2.2073080766E+00 -4.4198055611E-01  8.6165791019E-01 -3.3544626131E+00
  2.5432483503E+00  2.1881110763E+00 -4.3964294717E-01  8.6426247833E-01 -3.4034913812E+00
  2.5279901803E+00  2.1685165172E+00 -4.3678328263E-01  8.6663179175E-01 -3.4497809829E+00
  2.5133062331E+00  2.1485766027E+00 -4.3336016889E-01  8.6876072899E-01 -3.4931126845E+00
  2.4991861977E+00  2.1283447592E+00 -4.2933119391E-01  8.7064617050E-01 -3.5332910787E+00
  2.4856187777E+00  2.1078758651E+00 -4.2465320295E-01  8.7228714702E-01 -3.5701484360E+00
  2.4725922288E+00  2.0872264193E+00 -4.1928279187E-01  8.7368495045E-01 -3.6035485784E+00
  2.4600950582E+00  2.0664545447E+00 -4.1317714831E-01  8.7484319481E-01 -3.6333901056E+00
  2.4481169685E+00  2.0456196625E+00 -4.0629540874E-01  8.7576781374E-01 -3.6596088008E+00
  2.4366501379E+00  2.0247815947E+00 -3.9860073654E-01  8.7646697991E-01 -3.6821790551E+00
  2.4256909465E+00  2.0039987545E+00 -3.9006334936E-01  8.7695093273E-01 -3.7011141926E+00
  2.4152422497E+00  1.9833249932E+00 -3.8066470503E-01  8.7723170699E-01 -3.7164656609E+00
  2.4053162626E+00  1.9628046640E+00 -3.7040294291E-01  8.7732276828E-01 -3.7283212137E+00
  2.3959379841E+00  1.9424657200E+00 -3.5929936050E-01  8.7723858655E-01 -3.7368024260E+00
  2.3871486472E+00  1.9223116434E+00 -3.4740485467E-01  8.7699421773E-01 -3.7420621007E+00
  2.3768978227E+00  1.8968576035E+00 -3.3123837411E-01  8.7647513423E-01 -3.7443869706E+00
</Path of -GradDelSqRho>
<Path of -GradDelSqRho>
Starting CP# =      7
Ending CP# =      1
Number of Points =      7
  2.9583189169E+00  2.0457146365E+00 -1.0453178979E-01  2.2493875843E+01  1.2484147765E+03
  2.9568200486E+00  2.0262060976E+00 -8.8969972913E-02  3.2750633607E+01  9.9490709823E+02
  2.9552901116E+00  2.0066911134E+00 -7.3419261102E-02  4.8032122242E+01 -7.9304588866E+02
  2.9537464902E+00  1.9871732934E+00 -5.7873460035E-02  7.0726484237E+01 -6.4065089714E+03
  2.9521929340E+00  1.9676534075E+00 -4.2331243525E-02  1.0440456643E+02 -2.0716620792E+04
  2.9506230268E+00  1.9481300967E+00 -2.6794972683E-02  1.5491663058E+02 -7.5592562237E+04
  2.9478745911E+00  1.9142700797E+00  1.3625118088E-04  2.9734809290E+02 -3.3294728769E+06
</Path of -GradDelSqRho>
<Path of -GradDelSqRho>
Starting CP# =     11
Ending CP# =     19
Number of Points =     26
  3.0896058078E+00  1.9923651100E+00  6.6284634949E-01  7.7748100327E-01 -2.3460639663E+00
  3.0918286196E+00  2.0136720244E+00  6.6053312827E-01  7.7612254206E-01 -2.3488744030E+00
  3.0940950566E+00  2.0383205922E+00  6.5703481677E-01  7.7487910448E-01 -2.3592198758E+00
  3.0960284672E+00  2.0628588991E+00  6.5266892829E-01  7.7398655555E-01 -2.3771801696E+00
  3.0976319848E+00  2.0872528172E+00  6.4744457926E-01  7.7343369882E-01 -2.4026643673E+00
  3.0989086239E+00  2.1114690429E+00  6.4137220952E-01  7.7320492112E-01 -2.4354748425E+00
  3.0998612106E+00  2.1354750759E+00  6.3446332284E-01  7.7328046301E-01 -2.4753006881E+00
  3.1004922776E+00  2.1592391545E+00  6.2673023337E-01  7.7363675372E-01 -2.5217128882E+00
  3.1008039390E+00  2.1827301473E+00  6.1818582378E-01  7.7424681163E-01 -2.5741617737E+00
  3.1007977485E+00  2.2059174014E+00  6.0884332313E-01  7.7508071251E-01 -2.6319772634E+00
  3.1004745363E+00  2.2287705486E+00  5.9871611257E-01  7.7610612772E-01 -2.6943723155E+00
  3.0998342226E+00  2.2512592733E+00  5.8781756689E-01  7.7728893469E-01 -2.7604499082E+00
  3.0988755967E+00  2.2733530438E+00  5.7616094138E-01  7.7859390085E-01 -2.8292137328E+00
  3.0975960516E+00  2.2950208128E+00  5.6375931525E-01  7.7998543989E-01 -2.8995826339E+00
  3.0959912522E+00  2.3162306908E+00  5.5062560718E-01  7.8142843582E-01 -2.9704086669E+00
  3.0940547094E+00  2.3369496027E+00  5.3677268549E-01  7.8288912400E-01 -3.0404984856E+00
  3.0917772115E+00  2.3571429432E+00  5.2221360606E-01  7.8433600872E-01 -3.1086376182E+00
  3.0891460375E+00  2.3767742533E+00  5.0696202800E-01  7.8574078352E-01 -3.1736170521E+00
  3.0861438237E+00  2.3958049570E+00  4.9103288326E-01  7.8707920124E-01 -3.2342614217E+00
  3.0827468523E+00  2.4141942108E+00  4.7444341895E-01  7.8833181700E-01 -3.2894579932E+00
  3.0789223214E+00  2.4318989323E+00  4.5721481048E-01  7.8948450147E-01 -3.3381855578E+00
  3.0746236839E+00  2.4488740615E+00  4.3937471130E-01  7.9052860517E-01 -3.3795423047E+00
  3.0697819452E+00  2.4650730063E+00  4.2096154318E-01  7.9146067514E-01 -3.4127717761E+00
  3.0642871768E+00  2.4804478262E+00  4.0203274509E-01  7.9228175113E-01 -3.4372861840E+00
  3.0579396327E+00  2.4949469866E+00  3.8268537825E-01  7.9299670842E-01 -3.4526868656E+00
  3.0487692511E+00  2.5104925228E+00  3.6016847545E-01  7.9370657307E-01 -3.4588944739E+00
</Path of -GradDelSqRho>
<Path of -GradDelSqRho>
Starting CP# =     11
Ending CP# =     13
Number of Points =     36
  3.0896058078E+00  1.9923651100E+00  6.6284634949E-01  7.7748100327E-01 -2.3460639663E+00
