 AIMInt (Version 19.02.13, Professional)
 Portions Copyright (c) 1997-2019 by Todd A. Keith
 AIMInt is a component of the AIMAll package ( http://aim.tkgristmill.com )

 TP:  64-bit Linux

 Licensed To:  Research Group of Fernando Cortes Guzman, UNAM, fercor@unam.mx

 AIMInt is a heavily modified and extended version of the PROAIMV program
 developed by members of R.F.W. Bader's research group

 Much of the Quantum Theory of Atoms in Molecules (QTAIM) is described in the book:
   "Atoms in Molecules - A Quantum Theory"
   R.F.W. Bader, Oxford University Press, Oxford, 1990

 For additional references see:  http://aim.tkgristmill.com/references.html

 Current Directory:  /home/scratch/M_H2O_4_cuadrado_plano/Opt

 Inp File:  V4_cuadrado_plano_cc-pvtz-def2-tzv_2_atomicfiles/o6.inp
 Wfx File:  V4_cuadrado_plano_cc-pvtz-def2-tzv_2.wfx
 Out File:  V4_cuadrado_plano_cc-pvtz-def2-tzv_2_atomicfiles/o6.int

 Wfx Title:   V4_cuadrado_plano_cc-pvtz-def2-tzv_2                                          
 Job Title:   V4_cuadrado_plano_cc-pvtz-def2-tzv_2                                          
 
<Atom>
O6      
</Atom>
<Nuclei of Molecule>
    13
V1        23.0           1.5846970517E-04  -8.1081241132E-05  -4.0430510639E-04
O2         8.0          -2.9480278920E+00  -1.9140673700E+00   1.3611877309E-04
H3         1.0          -3.3262564051E+00  -3.5213263836E+00   1.0030102059E+00
O4         8.0           2.9478743965E+00   1.9142699535E+00   1.3625105392E-04
H5         1.0           4.5701240613E+00   1.6043189301E+00  -1.0018839255E+00
O6         8.0          -1.9142354295E+00   2.9479471632E+00   3.1205227606E-04
H7         1.0          -3.5217823005E+00   3.3249221680E+00   1.0031005726E+00
O8         8.0           1.9141017995E+00  -2.9479551065E+00   3.1210896785E-04
H9         1.0           3.5212780332E+00  -3.3259591327E+00   1.0032680401E+00
H10        1.0           3.3250647275E+00   3.5218876767E+00   1.0027634455E+00
H11        1.0          -1.6046495564E+00   4.5701928907E+00  -1.0017748128E+00
H12        1.0           1.6042995693E+00  -4.5694994689E+00  -1.0030243753E+00
H13        1.0          -4.5694259278E+00  -1.6042289336E+00  -1.0033323817E+00
</Nuclei of Molecule>
<Total Number of CPs of DelSqRho>
    38
</Total Number of CPs of DelSqRho>
<Number of (3,+3) CPs of DelSqRho>
     5
</Number of (3,+3) CPs of DelSqRho>
<Number of (3,+1) CPs of DelSqRho>
    13
</Number of (3,+1) CPs of DelSqRho>
<Number of (3,-1) CPs of DelSqRho>
    14
</Number of (3,-1) CPs of DelSqRho>
<Number of (3,-3) CPs of DelSqRho>
     6
</Number of (3,-3) CPs of DelSqRho>
<Number of Degenerate CPs of DelSqRho>
     0
</Number of Degenerate CPs of DelSqRho>
<CP of DelSqRho>
CP# = 1       
Type = (3,+3)
Coords = -1.91423555579200E+00  2.94794735776449E+00  3.12052423627460E-04
DistFromNuc =  2.3198007904E-07
Rho =  2.9734809573E+02
DelSqRho = -3.3294730452E+06
GradDelSqRho = -5.4073643696E-06 -1.2905664335E-05 -2.6102497941E-09
HessDelSqRho_EigVals =  1.3240333201E+11  1.3240334854E+11  1.3240335305E+11
HessDelSqRho_EigVec1 =  5.6257089115E-01  3.6508914983E-01  7.4177079014E-01
HessDelSqRho_EigVec2 = -5.4460486030E-01  8.3869272469E-01  2.4431774219E-04
HessDelSqRho_EigVec3 =  6.2202856732E-01  4.0410942359E-01 -6.7065343897E-01
</CP of DelSqRho>
<CP of DelSqRho>
CP# = 2       
Type = (3,-1)
Coords = -1.10592379977697E+00  1.70290762596990E+00 -5.76093902347919E-05
DistFromNuc =  1.4844161400E+00
Rho =  1.6247582905E-01
DelSqRho =  3.9651594174E-01
GradDelSqRho =  2.4584501102E-13 -3.7954361876E-13  9.3848540050E-16
HessDelSqRho_EigVals = -8.9875838549E-01 -1.5540883996E-01  4.4531669077E+00
HessDelSqRho_EigVec1 =  4.9280713907E-01  3.1982911907E-01  8.0922831035E-01
HessDelSqRho_EigVec2 =  6.7859971328E-01  4.4085477882E-01 -5.8749424944E-01
HessDelSqRho_EigVec3 = -5.4464993603E-01  8.3866345967E-01  2.2043379851E-04
</CP of DelSqRho>
<CP of DelSqRho>
CP# = 3       
Type = (3,-3)
Coords = -1.88589314843458E+00  2.79393348818334E+00  5.92444836694112E-02
DistFromNuc =  1.6732163173E-01
Rho =  2.2664176145E+01
DelSqRho =  1.2844884029E+03
GradDelSqRho =  2.4726887204E-12 -2.2282620193E-11  1.7053025658E-12
HessDelSqRho_EigVals = -4.4180207866E+05 -1.8653839354E+03 -2.2060353132E+02
HessDelSqRho_EigVec1 = -1.7090252242E-01  9.2061883003E-01 -3.5107449013E-01
HessDelSqRho_EigVec2 =  5.8879010134E-01  3.8112259826E-01  7.1279154152E-01
HessDelSqRho_EigVec3 =  7.9001173687E-01 -8.4891312216E-02 -6.0718606762E-01
</CP of DelSqRho>
<CP of DelSqRho>
CP# = 4       
Type = (3,-1)
Coords = -1.82312170536135E+00  2.80771183610874E+00  2.31371474080903E-04
DistFromNuc =  1.6723535569E-01
Rho =  2.2694605637E+01
DelSqRho =  1.2842593812E+03
GradDelSqRho =  8.5265128291E-13  5.7980287238E-12  8.5265128291E-14
HessDelSqRho_EigVals = -4.4372832188E+05 -1.7656753566E+03  1.2129389876E+02
HessDelSqRho_EigVec1 = -5.4482129190E-01  8.3855204187E-01  4.8266359519E-04
HessDelSqRho_EigVec2 =  5.8695237749E-01  3.8094157635E-01  7.1440214303E-01
HessDelSqRho_EigVec3 = -5.9887950912E-01 -3.8950479905E-01  6.9973519639E-01
</CP of DelSqRho>
<CP of DelSqRho>
CP# = 5       
Type = (3,-3)
Coords = -1.78510290152681E+00  2.85938410410912E+00 -5.86615185433441E-02
DistFromNuc =  1.6732156846E-01
Rho =  2.2664202862E+01
DelSqRho =  1.2844872158E+03
GradDelSqRho = -1.0118128557E-11  1.0004441720E-11  2.2453150450E-12
HessDelSqRho_EigVals = -4.4180327950E+05 -1.8652358892E+03 -2.2019510095E+02
HessDelSqRho_EigVec1 =  7.7128508038E-01 -5.3074569604E-01 -3.5132368397E-01
HessDelSqRho_EigVec2 =  5.8794240496E-01  3.8265726391E-01  7.1266903035E-01
HessDelSqRho_EigVec3 = -2.4380946091E-01 -7.5622908203E-01  6.0718573950E-01
</CP of DelSqRho>
<CP of DelSqRho>
CP# = 6       
Type = (3,+1)
Coords = -2.04569557443974E+00  2.95835076713905E+00 -1.04340580637436E-01
DistFromNuc =  1.6835135357E-01
Rho =  2.2493884795E+01
DelSqRho =  1.2484150750E+03
GradDelSqRho = -4.6725290304E-11  4.7606363296E-12 -5.2239101933E-11
HessDelSqRho_EigVals = -4.1493601903E+05  8.6814434411E+02  1.6450698511E+03
HessDelSqRho_EigVec1 =  7.8026745795E-01 -5.8913749382E-02  6.2266513006E-01
HessDelSqRho_EigVec2 = -2.0602296115E-01  9.1578173734E-01  3.4481639902E-01
HessDelSqRho_EigVec3 = -5.9053978150E-01 -3.9733232903E-01  7.0241710314E-01
</CP of DelSqRho>
<CP of DelSqRho>
CP# = 7       
Type = (3,+1)
Coords = -1.87024083266444E+00  3.07223708782412E+00  1.04996946224704E-01
DistFromNuc =  1.6835212191E-01
Rho =  2.2493738200E+01
DelSqRho =  1.2483932982E+03
GradDelSqRho =  5.9614535530E-12  6.8496319727E-12 -2.1884716261E-12
HessDelSqRho_EigVals = -4.1491753785E+05  8.6956667446E+02  1.6460060415E+03
HessDelSqRho_EigVec1 =  2.6371324353E-01  7.3655302524E-01  6.2285228281E-01
HessDelSqRho_EigVec2 =  7.5290069188E-01 -5.6081753772E-01  3.4441869512E-01
HessDelSqRho_EigVec3 = -6.0298911545E-01 -3.7811814344E-01  7.0244629421E-01
</CP of DelSqRho>
<CP of DelSqRho>
CP# = 8       
Type = (3,-1)
Coords = -2.00617656635463E+00  3.08930728645072E+00  2.29521938157858E-04
DistFromNuc =  1.6862936847E-01
Rho =  2.2387075526E+01
DelSqRho =  1.2527246752E+03
GradDelSqRho = -2.5579538487E-13  9.3294261205E-12  2.4158453016E-13
HessDelSqRho_EigVals = -4.1023129259E+05 -5.7844101604E+02  9.7874050935E+02
HessDelSqRho_EigVec1 = -5.4522954465E-01  8.3828664576E-01 -4.9312772033E-04
HessDelSqRho_EigVec2 =  5.9498730276E-01  3.8739961235E-01  7.0420994732E-01
HessDelSqRho_EigVec3 = -5.9052083214E-01 -3.8366266419E-01  7.0999162454E-01
</CP of DelSqRho>
<CP of DelSqRho>
CP# = 9       
Type = (3,-1)
Coords = -1.37160194401977E+00  2.97938253269595E+00 -4.40256593519706E-01
DistFromNuc =  6.9967136123E-01
Rho =  7.2368373700E-01
DelSqRho = -1.5356783296E+00
GradDelSqRho =  3.5527136788E-15 -5.7731597281E-15 -1.6875389974E-14
HessDelSqRho_EigVals = -1.4910249279E+01 -8.2182097205E+00  1.6649649833E+02
HessDelSqRho_EigVec1 = -1.8724995961E-01  9.6446466549E-01 -1.8640107738E-01
HessDelSqRho_EigVec2 =  5.9582794378E-01  2.6237892473E-01  7.5904305627E-01
HessDelSqRho_EigVec3 =  7.8097792161E-01  3.1067810972E-02 -6.2378544155E-01
</CP of DelSqRho>
<CP of DelSqRho>
CP# = 10      
Type = (3,-1)
Coords = -2.16355585198021E+00  2.46492892261385E+00  4.40846718033463E-01
DistFromNuc =  6.9966998326E-01
Rho =  7.2368152866E-01
DelSqRho = -1.5357068640E+00
GradDelSqRho = -3.5527136788E-15 -4.4408920985E-15  0.0000000000E+00
HessDelSqRho_EigVals = -1.4908678722E+01 -8.2184238837E+00  1.6649991465E+02
HessDelSqRho_EigVec1 =  8.0471430156E-01 -5.6345664902E-01 -1.8695319614E-01
HessDelSqRho_EigVec2 =  4.8248523176E-01  4.3725291701E-01  7.5895842290E-01
HessDelSqRho_EigVec3 =  3.4589433936E-01  7.0094685337E-01 -6.2372318760E-01
</CP of DelSqRho>
<CP of DelSqRho>
CP# = 11      
Type = (3,+1)
Coords = -1.99226289067870E+00  3.08971876868543E+00  6.63020733876260E-01
DistFromNuc =  6.8218052559E-01
Rho =  7.7747959153E-01
DelSqRho = -2.3460522872E+00
GradDelSqRho =  1.3766765505E-14 -6.2172489379E-15 -3.3750779949E-14
HessDelSqRho_EigVals = -1.2053301948E+01  7.2067831401E+00  2.0056784779E+02
HessDelSqRho_EigVec1 =  9.8979792775E-01 -1.0870401965E-01  9.2105908249E-02
HessDelSqRho_EigVec2 =  1.2567812601E-01  9.7066067329E-01 -2.0499479500E-01
HessDelSqRho_EigVec3 = -6.7119824691E-02  2.1447912123E-01  9.7441964045E-01
</CP of DelSqRho>
<CP of DelSqRho>
CP# = 12      
Type = (3,+1)
Coords = -2.01198712144783E+00  3.07727895032162E+00 -6.62331477447899E-01
DistFromNuc =  6.8218659612E-01
Rho =  7.7747394239E-01
DelSqRho = -2.3460348974E+00
GradDelSqRho =  7.7715611724E-15 -3.1086244690E-15  1.2434497876E-14
HessDelSqRho_EigVals = -1.2059323665E+01  7.2095732008E+00  2.0056288235E+02
HessDelSqRho_EigVec1 =  3.0347256387E-01  9.4832940578E-01  9.2605297365E-02
HessDelSqRho_EigVec2 =  9.3780440914E-01 -2.8007237912E-01 -2.0513983681E-01
HessDelSqRho_EigVec3 =  1.6860395360E-01 -1.4909996841E-01  9.7434178103E-01
</CP of DelSqRho>
<CP of DelSqRho>
CP# = 13      
Type = (3,+3)
Coords = -1.39965932699354E+00  2.69930171192260E+00  3.31296035882747E-01
DistFromNuc =  6.6042677348E-01
Rho =  8.7637402432E-01
DelSqRho = -3.7434791841E+00
GradDelSqRho =  3.1263880373E-13 -6.3948846218E-14  2.8066438063E-13
HessDelSqRho_EigVals =  4.4238077294E+00  1.6957735828E+01  2.6183037674E+02
HessDelSqRho_EigVec1 =  4.6938982910E-02  8.5048425889E-01  5.2390195386E-01
HessDelSqRho_EigVec2 = -6.2152001143E-01 -3.8572474456E-01  6.8185724080E-01
HessDelSqRho_EigVec3 =  7.8199079744E-01 -3.5762123373E-01  5.1048745911E-01
</CP of DelSqRho>
<CP of DelSqRho>
CP# = 14      
Type = (3,+1)
Coords = -1.44898975927721E+00  3.42860279067833E+00  1.02580634147173E-01
DistFromNuc =  6.7671428890E-01
Rho =  7.9880426898E-01
DelSqRho = -2.5727696388E+00
GradDelSqRho =  3.4727776210E-13  1.6617818233E-12 -4.1122660832E-13
HessDelSqRho_EigVals = -1.0539517914E+01  9.0659104043E+00  2.1178300501E+02
HessDelSqRho_EigVec1 =  3.4115500443E-01 -5.5642736813E-01  7.5762909590E-01
HessDelSqRho_EigVec2 = -6.3039701166E-01  4.6244206611E-01  6.2349574431E-01
HessDelSqRho_EigVec3 =  6.9728966050E-01  6.9031581142E-01  1.9300572496E-01
</CP of DelSqRho>
<CP of DelSqRho>
CP# = 15      
Type = (3,-1)
Coords = -2.29946302645288E+00  3.54037917143778E+00 -1.19866465012466E-04
DistFromNuc =  7.0666553080E-01
Rho =  7.1469525469E-01
DelSqRho = -1.5381971028E+00
GradDelSqRho = -4.2188474936E-14  9.9475983006E-14  3.2973623831E-14
HessDelSqRho_EigVals = -1.9418450141E+01 -9.8834627838E-01  1.5737313961E+02
HessDelSqRho_EigVec1 = -6.4992509656E-01 -4.2216755101E-01  6.3195880225E-01
HessDelSqRho_EigVec2 =  5.2949792361E-01  3.4497003152E-01  7.7500169435E-01
HessDelSqRho_EigVec3 = -5.4518741526E-01  8.3831392463E-01 -6.6783937033E-04
</CP of DelSqRho>
<CP of DelSqRho>
CP# = 16      
Type = (3,+1)
Coords = -1.55040303387801E+00  2.38797002036425E+00  3.78462884164450E-04
DistFromNuc =  6.6779369343E-01
Rho =  8.6354715303E-01
DelSqRho = -3.5743375337E+00
GradDelSqRho =  1.5987211555E-14 -6.2172489379E-14 -4.5519144010E-15
HessDelSqRho_EigVals = -3.1758291270E+00  1.7031193927E+01  2.4494843783E+02
HessDelSqRho_EigVec1 =  5.5289419481E-01  3.5931106209E-01  7.5180021948E-01
HessDelSqRho_EigVec2 =  6.3045674748E-01  4.0954592967E-01 -6.5939094705E-01
HessDelSqRho_EigVec3 = -5.4482318133E-01  8.3855094786E-01 -9.4516515018E-05
</CP of DelSqRho>
<CP of DelSqRho>
CP# = 17      
Type = (3,+1)
Coords = -2.54268079298574E+00  2.71859259043651E+00 -1.01665672117085E-01
DistFromNuc =  6.7671748251E-01
Rho =  7.9880405078E-01
DelSqRho = -2.5728568416E+00
GradDelSqRho =  2.1316282073E-14  9.7699626167E-15  4.8849813084E-15
HessDelSqRho_EigVals = -1.0544689423E+01  9.0690124375E+00  2.1178561770E+02
HessDelSqRho_EigVec1 = -3.6903900285E-01  5.3784853810E-01  7.5797702105E-01
HessDelSqRho_EigVec2 = -1.6624332973E-01  7.6419112885E-01 -6.2319745981E-01
HessDelSqRho_EigVec3 =  9.1442515806E-01  3.5599279299E-01  1.9260260031E-01
</CP of DelSqRho>
<CP of DelSqRho>
CP# = 18      
Type = (3,+3)
Coords = -1.89684471211655E+00  2.37698267767939E+00 -3.31078425299690E-01
DistFromNuc =  6.6039573693E-01
Rho =  8.7647887831E-01
DelSqRho = -3.7444329179E+00
GradDelSqRho = -5.7731597281E-15 -8.1712414612E-14 -3.5527136788E-14
HessDelSqRho_EigVals =  4.4340194342E+00  1.6961103430E+01  2.6191953079E+02
HessDelSqRho_EigVec1 =  7.9620714936E-01 -3.0380600867E-01  5.2321705286E-01
HessDelSqRho_EigVec2 = -6.0497217096E-01 -4.1110342003E-01  6.8191102821E-01
HessDelSqRho_EigVec3 = -7.9276520962E-03  8.5947419224E-01  5.1111766277E-01
</CP of DelSqRho>
<CP of DelSqRho>
CP# = 19      
Type = (3,+3)
Coords = -1.76376770847482E+00  3.53375968685285E+00 -3.59512691467991E-01
DistFromNuc =  7.0376892104E-01
Rho =  7.9370734755E-01
DelSqRho = -3.4589549311E+00
GradDelSqRho = -1.2767564783E-15 -1.2434497876E-14 -2.6645352591E-15
HessDelSqRho_EigVals =  1.4810836020E+01  2.2342863800E+01  1.6625321563E+02
HessDelSqRho_EigVec1 =  5.7867568788E-01  2.9975137376E-01  7.5847449673E-01
HessDelSqRho_EigVec2 = -7.8164888796E-01  4.6922468089E-01  4.1091752797E-01
HessDelSqRho_EigVec3 =  2.3272186018E-01  8.3064873007E-01 -5.0582924295E-01
</CP of DelSqRho>
<CP of DelSqRho>
CP# = 20      
Type = (3,+3)
Coords = -2.51043066629083E+00  3.04876970034811E+00  3.60413800827119E-01
DistFromNuc =  7.0376644822E-01
Rho =  7.9370454551E-01
DelSqRho = -3.4588943150E+00
GradDelSqRho = -2.6645352591E-15  5.5511151231E-16 -1.4210854715E-14
HessDelSqRho_EigVals =  1.4809946099E+01  2.2341750163E+01  1.6625751037E+02
HessDelSqRho_EigVec1 =  5.0961612257E-01  4.0649322630E-01  7.5832358831E-01
HessDelSqRho_EigVec2 =  1.1078202466E-01 -9.0502365683E-01  4.1068177898E-01
HessDelSqRho_EigVec3 =  8.5324014828E-01 -1.2528143335E-01 -5.0624678945E-01
</CP of DelSqRho>
<CP of DelSqRho>
CP# = 21      
Type = (3,+1)
Coords = -1.04494133694479E+00  2.15197265692010E+00  3.94357558504062E-01
DistFromNuc =  1.2427869870E+00
Rho =  2.4699058068E-01
DelSqRho =  4.2524103980E-01
GradDelSqRho =  5.8594795682E-13 -1.0179357357E-12 -3.8047343054E-13
HessDelSqRho_EigVals = -1.0817292007E+01  4.5369441146E-01  8.5730663466E-01
HessDelSqRho_EigVec1 =  7.0399820810E-01 -6.2156871919E-01  3.4356782491E-01
HessDelSqRho_EigVec2 =  2.3069565038E-01  6.5766877346E-01  7.1711317190E-01
HessDelSqRho_EigVec3 =  6.7168894578E-01  4.2558678520E-01 -6.0639083797E-01
</CP of DelSqRho>
<CP of DelSqRho>
CP# = 22      
Type = (3,+1)
Coords = -2.90361794959256E+00  3.16621515348664E+00  6.17845866406171E-01
DistFromNuc =  1.1865355866E+00
Rho =  3.8074884923E-01
DelSqRho = -7.7344383616E-01
GradDelSqRho =  1.7069679004E-15 -2.0487084251E-15 -1.8457457784E-15
HessDelSqRho_EigVals = -2.4741280892E+01  1.2086264226E+01  1.2356008879E+01
HessDelSqRho_EigVec1 =  8.3088353728E-01 -1.9946589719E-01 -5.1946694152E-01
HessDelSqRho_EigVec2 =  5.5274373028E-01  4.0337488779E-01  7.2922086403E-01
HessDelSqRho_EigVec3 = -6.4085225351E-02  8.9302970598E-01 -4.4541107769E-01
</CP of DelSqRho>
<CP of DelSqRho>
CP# = 23      
Type = (3,+1)
Coords = -1.71112873405087E+00  3.94080049433942E+00 -6.16794922708042E-01
DistFromNuc =  1.1865205795E+00
Rho =  3.8076995236E-01
DelSqRho = -7.7358745787E-01
GradDelSqRho = -5.4123372450E-16 -1.5820678101E-15  3.2369940062E-15
HessDelSqRho_EigVals = -2.4746202028E+01  1.2088355757E+01  1.2358126433E+01
HessDelSqRho_EigVec1 =  1.5578796222E-01  8.4038303188E-01 -5.1912086315E-01
HessDelSqRho_EigVec2 =  5.9344771683E-01  3.4049334338E-01  7.2930383964E-01
HessDelSqRho_EigVec3 =  7.8965177022E-01 -4.2168785001E-01 -4.4567862742E-01
</CP of DelSqRho>
<CP of DelSqRho>
CP# = 24      
Type = (3,+1)
Coords = -1.54078303601455E+00  1.83021349440720E+00 -3.94292725755436E-01
DistFromNuc =  1.2427824328E+00
Rho =  2.4699350191E-01
DelSqRho =  4.2532439973E-01
GradDelSqRho = -9.8532293435E-16  1.4016565686E-15  4.7184478547E-16
HessDelSqRho_EigVals = -1.0818533797E+01  4.5304288583E-01  8.5700374066E-01
HessDelSqRho_EigVec1 = -2.8138522512E-01  8.9580946288E-01  3.4401709447E-01
HessDelSqRho_EigVec2 =  6.9489104310E-01 -5.7017641196E-02  7.1685104925E-01
HessDelSqRho_EigVec3 =  6.6177699666E-01  4.4076569150E-01 -6.0644605028E-01
</CP of DelSqRho>
<CP of DelSqRho>
CP# = 25      
Type = (3,-1)
Coords = -1.99397690977313E+00  2.83850597555620E+00  1.17111219141460E+00
DistFromNuc =  1.1786047018E+00
Rho =  2.3888967463E-01
DelSqRho =  7.3764781503E-01
GradDelSqRho = -2.3376682534E-12 -4.8670061037E-12 -7.1188888118E-12
HessDelSqRho_EigVals = -1.6927014976E+01 -1.4685964442E+00  2.7151688584E-01
HessDelSqRho_EigVec1 = -3.9893870862E-02 -1.1020688591E-01  9.9310770884E-01
HessDelSqRho_EigVec2 =  9.5022425350E-01 -3.1154601508E-01  3.5984088021E-03
HessDelSqRho_EigVec3 =  3.0900217981E-01  9.4381858574E-01  1.1715003238E-01
</CP of DelSqRho>
<CP of DelSqRho>
CP# = 26      
Type = (3,-1)
Coords = -1.78202833669097E+00  2.97679601294537E+00 -1.17050127427850E+00
DistFromNuc =  1.1786071513E+00
Rho =  2.3889322433E-01
DelSqRho =  7.3765725673E-01
GradDelSqRho = -6.9388939039E-18  1.4051260155E-16 -1.0547118734E-15
HessDelSqRho_EigVals = -1.6927024769E+01 -1.4687383508E+00  2.7150908688E-01
HessDelSqRho_EigVec1 = -1.1672355526E-01  7.9341019333E-03  9.9313275128E-01
HessDelSqRho_EigVec2 =  1.0210605300E-01  9.9476526050E-01  4.0534485826E-03
HessDelSqRho_EigVec3 =  9.8790179957E-01 -1.0187799827E-01  1.1692265768E-01
</CP of DelSqRho>
<CP of DelSqRho>
CP# = 27      
Type = (3,-3)
Coords = -2.00570735108304E+00  3.95543431431114E+00  5.70114557423653E-01
DistFromNuc =  1.1610651864E+00
Rho =  2.3863442706E-01
DelSqRho =  8.4995747699E-01
GradDelSqRho =  7.0082828429E-16 -1.3877787808E-16  7.3552275381E-16
HessDelSqRho_EigVals = -1.8612506565E+01 -1.2413701507E+00 -2.9577609782E-01
HessDelSqRho_EigVec1 = -6.5135434603E-02  8.6345549287E-01  5.0020194621E-01
HessDelSqRho_EigVec2 = -6.8949635379E-01 -4.0130379311E-01  6.0295111224E-01
HessDelSqRho_EigVec3 =  7.2135438813E-01 -3.0561393533E-01  6.2148851096E-01
</CP of DelSqRho>
<CP of DelSqRho>
CP# = 28      
Type = (3,-3)
Coords = -9.80853812867802E-01  3.04297861321964E+00 -6.78794638732269E-01
DistFromNuc =  1.1581960614E+00
Rho =  2.4444296891E-01
DelSqRho =  7.9694602791E-01
GradDelSqRho = -4.3506864777E-14  4.6802839382E-15  3.6262659542E-14
HessDelSqRho_EigVals = -1.7320850707E+01 -1.3846443848E+00 -3.4930272061E-01
HessDelSqRho_EigVec1 =  8.1156463185E-01  4.9717605752E-02 -5.8214345999E-01
HessDelSqRho_EigVec2 = -2.3733364586E-01  9.3851793198E-01 -2.5071264805E-01
HessDelSqRho_EigVec3 =  5.3388724359E-01  3.4163174769E-01  7.7346762059E-01
</CP of DelSqRho>
<CP of DelSqRho>
CP# = 29      
Type = (3,-3)
Coords = -2.79744134152440E+00  3.44174279473797E+00 -5.69029058066719E-01
DistFromNuc =  1.1610495720E+00
Rho =  2.3863106635E-01
DelSqRho =  8.4999136574E-01
GradDelSqRho =  5.8564264549E-15 -2.6437185774E-15  1.7971735211E-15
HessDelSqRho_EigVals = -1.8612808038E+01 -1.2411259201E+00 -2.9587316735E-01
HessDelSqRho_EigVec1 =  7.6235555441E-01 -4.1109844831E-01  4.9981203914E-01
HessDelSqRho_EigVec2 = -6.4699511557E-01 -4.6680501891E-01  6.0290164600E-01
HessDelSqRho_EigVec3 =  1.4537162774E-02  7.8300136661E-01  6.2185008706E-01
</CP of DelSqRho>
<CP of DelSqRho>
CP# = 30      
Type = (3,-1)
Coords = -9.24145791298687E-01  3.58182947108440E+00  1.28535699737629E-01
DistFromNuc =  1.1825927346E+00
Rho =  2.3886839084E-01
DelSqRho =  7.3328051760E-01
GradDelSqRho = -3.1086244690E-15 -9.4368957093E-16 -5.3125906452E-16
HessDelSqRho_EigVals = -1.7151444809E+01 -1.2286189152E+00  2.7377686932E-01
HessDelSqRho_EigVec1 =  8.4850716278E-01  5.1417182334E-01  1.2515163120E-01
HessDelSqRho_EigVec2 = -3.2479488603E-01  6.9272417915E-01 -6.4392662130E-01
HessDelSqRho_EigVec3 = -4.1778448596E-01  5.0572774069E-01  7.5478180661E-01
</CP of DelSqRho>
<CP of DelSqRho>
CP# = 31      
Type = (3,-1)
Coords = -2.55425894219484E+00  3.93389801091805E+00  7.11538771254128E-04
DistFromNuc =  1.1754698340E+00
Rho =  2.4678066491E-01
DelSqRho =  8.1183419652E-01
GradDelSqRho =  5.5876137051E-13 -1.2474327127E-12 -2.4981752778E-13
HessDelSqRho_EigVals = -1.6317082078E+01 -3.6768662961E+00  2.9414398190E-01
HessDelSqRho_EigVec1 = -5.4448866041E-01  8.3876813537E-01  3.3730224957E-04
HessDelSqRho_EigVec2 =  6.3674978102E-01  4.1360957864E-01 -6.5075097605E-01
HessDelSqRho_EigVec3 =  5.4596869421E-01  3.5411175008E-01  7.5929115193E-01
</CP of DelSqRho>
<CP of DelSqRho>
CP# = 32      
Type = (3,-1)
Coords = -2.89620291915953E+00  2.30153382772801E+00 -1.27805451408267E-01
DistFromNuc =  1.1825922567E+00
Rho =  2.3886854813E-01
DelSqRho =  7.3330116863E-01
GradDelSqRho =  2.7478019859E-15  2.5118795932E-15  1.7694179455E-16
HessDelSqRho_EigVals = -1.7151963794E+01 -1.2285235305E+00  2.7377866554E-01
HessDelSqRho_EigVec1 =  8.1501211791E-01  5.6578573054E-01  1.2506700111E-01
HessDelSqRho_EigVec2 = -5.0035446759E-01  5.7832528176E-01  6.4434872177E-01
HessDelSqRho_EigVec3 =  2.9223390362E-01 -5.8772984916E-01  7.5443553070E-01
</CP of DelSqRho>
<CP of DelSqRho>
CP# = 33      
Type = (3,-3)
Coords = -2.38065800037493E+00  2.13371118423996E+00  6.79197018072999E-01
DistFromNuc =  1.1581947335E+00
Rho =  2.4443906331E-01
DelSqRho =  7.9695582407E-01
GradDelSqRho = -1.0269562978E-15 -2.4702462298E-15  1.9290125053E-15
HessDelSqRho_EigVals = -1.7321192530E+01 -1.3842024700E+00 -3.4932308292E-01
HessDelSqRho_EigVec1 =  3.7548767446E-01  7.2135011631E-01 -5.8194760591E-01
HessDelSqRho_EigVec2 =  7.6063162966E-01 -5.9860547278E-01 -2.5121905165E-01
HessDelSqRho_EigVec3 =  5.2957391390E-01  3.4831809838E-01  7.7345069142E-01
</CP of DelSqRho>
<CP of DelSqRho>
CP# = 34      
Type = (3,-1)
Coords = -1.22816671785697E+00  1.89111238773043E+00 -2.76711653444975E-04
DistFromNuc =  1.2599961771E+00
Rho =  2.4472521848E-01
DelSqRho =  4.4662061081E-01
GradDelSqRho = -1.5404344467E-15  1.7347234760E-15 -4.0115480382E-17
HessDelSqRho_EigVals = -7.9124916412E+00 -3.9463517127E-01  6.8902283955E-01
HessDelSqRho_EigVec1 = -5.4446035108E-01  8.3878639347E-01  5.5878621066E-04
HessDelSqRho_EigVec2 =  5.0130193810E-01  3.2486327872E-01  8.0197270340E-01
HessDelSqRho_EigVec3 = -6.7250226242E-01 -4.3692246026E-01  5.9736041948E-01
</CP of DelSqRho>
<CP of DelSqRho>
CP# = 35      
Type = (3,-1)
Coords = -2.36579708029994E+00  4.78496354662078E+00 -7.59366552896941E-01
DistFromNuc =  2.0385408264E+00
Rho =  6.6490949654E-02
DelSqRho =  1.8543607676E-01
GradDelSqRho =  2.9750507613E-15 -3.7296554734E-15  2.4980018054E-16
HessDelSqRho_EigVals = -2.3504425570E+00 -1.2825926617E-02  4.2014708155E-01
HessDelSqRho_EigVec1 = -7.0342218614E-01  7.0924211649E-01 -4.6613820373E-02
HessDelSqRho_EigVec2 =  3.9082129736E-01  4.4072515171E-01  8.0809656241E-01
HessDelSqRho_EigVec3 = -5.9367999930E-01 -5.5021537679E-01  5.8720277381E-01
</CP of DelSqRho>
<CP of DelSqRho>
CP# = 36      
Type = (3,-1)
Coords = -3.40863964088317E+00  4.10758968561141E+00  7.60457929059642E-01
DistFromNuc =  2.0385868833E+00
Rho =  6.6486777972E-02
DelSqRho =  1.8541882766E-01
GradDelSqRho =  1.3542986177E-13 -3.3135300059E-13 -9.8261676573E-14
HessDelSqRho_EigVals = -2.3502036821E+00 -1.2823044281E-02  4.2013923761E-01
HessDelSqRho_EigVec1 = -3.6197278523E-01  9.3102381441E-01  4.6587120069E-02
HessDelSqRho_EigVec2 =  5.6187717836E-01  1.7802925565E-01  8.0783638230E-01
HessDelSqRho_EigVec3 =  7.4382103976E-01  3.1859102488E-01 -5.8756277935E-01
</CP of DelSqRho>
<CP of DelSqRho>
CP# = 37      
Type = (3,+1)
Coords = -7.62096743088868E-01  4.39594154548242E+00 -9.18572944262935E-01
DistFromNuc =  2.0660253921E+00
Rho =  6.4112023855E-02
DelSqRho =  1.6943941309E-01
GradDelSqRho =  1.7347234760E-16 -5.5858095926E-16  3.2265856653E-16
HessDelSqRho_EigVals = -1.8408129552E+00  6.6600204840E-03  5.0171700705E-01
HessDelSqRho_EigVec1 =  8.8936686777E-01  3.7791810554E-01 -2.5730231252E-01
HessDelSqRho_EigVec2 =  4.2294490875E-02  4.9236410305E-01  8.6936112523E-01
HessDelSqRho_EigVec3 = -4.5523373179E-01  7.8406345121E-01 -4.2190846627E-01
</CP of DelSqRho>
<CP of DelSqRho>
CP# = 38      
Type = (3,+1)
Coords = -3.70529847805111E+00  2.48435173797333E+00  9.20019177165624E-01
DistFromNuc =  2.0660805303E+00
Rho =  6.4107178856E-02
DelSqRho =  1.6942956846E-01
GradDelSqRho =  3.9178382760E-12  2.6005447795E-12 -1.6032071504E-12
HessDelSqRho_EigVals = -1.8409311758E+00  6.6490983985E-03  5.0162070848E-01
HessDelSqRho_EigVec1 =  7.0682665863E-01  6.5881092630E-01 -2.5761257351E-01
HessDelSqRho_EigVec2 = -4.6737732464E-01  1.6157324617E-01 -8.6916771830E-01
HessDelSqRho_EigVec3 = -5.3099388985E-01  7.3475318952E-01  4.2211756589E-01
</CP of DelSqRho>
<Path of -GradDelSqRho>
Starting CP# =      6
Ending CP# =      1
Number of Points =      7
 -2.0456955744E+00  2.9583507671E+00 -1.0434058064E-01  2.2493884795E+01  1.2484150750E+03
 -2.0261847481E+00  2.9568579764E+00 -8.8781047510E-02  3.2750647244E+01  9.9490682347E+02
 -2.0066674686E+00  2.9553341158E+00 -7.3232619787E-02  4.8032143902E+01 -7.9304953437E+02
 -1.9871473499E+00  2.9537965704E+00 -5.7689102966E-02  7.0726518706E+01 -6.4065193196E+03
 -1.9676251628E+00  2.9522490898E+00 -4.2149170856E-02  1.0440462213E+02 -2.0716658422E+04
 -1.9480995465E+00  2.9506852576E+00 -2.6615184716E-02  1.5491671885E+02 -7.5592689930E+04
 -1.9142355558E+00  2.9479473578E+00  3.1205242363E-04  2.9734809573E+02 -3.3294730452E+06
</Path of -GradDelSqRho>
<Path of -GradDelSqRho>
Starting CP# =      6
Ending CP# =     18
Number of Points =     55
 -2.0456955744E+00  2.9583507671E+00 -1.0434058064E-01  2.2493884795E+01  1.2484150750E+03
 -2.0651987976E+00  2.9598068195E+00 -1.1991312381E-01  1.5562525207E+01  1.1656404374E+03
 -2.0846986450E+00  2.9612460550E+00 -1.3549145982E-01  1.0862957541E+01  9.9418234036E+02
 -2.1041977374E+00  2.9626808225E+00 -1.5107115277E-01  7.6863967854E+00  7.8424792954E+02
 -2.1236949888E+00  2.9641056221E+00 -1.6665406371E-01  5.5475253538E+00  5.8195639652E+02
 -2.1431885270E+00  2.9655108588E+00 -1.8224339411E-01  4.1084130307E+00  4.1634946161E+02
 -2.1626763867E+00  2.9668860789E+00 -1.9784249588E-01  3.1377751069E+00  2.9260808768E+02
 -2.1821567054E+00  2.9682208672E+00 -2.1345452092E-01  2.4803352712E+00  2.0350903276E+02
 -2.2016279159E+00  2.9695057484E+00 -2.2908208524E-01  2.0324798778E+00  1.3976239510E+02
 -2.2210886848E+00  2.9707317800E+00 -2.4472737031E-01  1.7247059739E+00  9.4109072517E+01
 -2.2405375158E+00  2.9718882937E+00 -2.6039277536E-01  1.5100462457E+00  6.1627354255E+01
 -2.2599722278E+00  2.9729597504E+00 -2.7608172445E-01  1.3567155156E+00  3.8933066633E+01
 -2.2793894454E+00  2.9739223413E+00 -2.9179934755E-01  1.2433601199E+00  2.3500257118E+01
 -2.2987839960E+00  2.9747397513E+00 -3.0755309913E-01  1.1558407399E+00  1.3331352809E+01
 -2.3181479266E+00  2.9753566502E+00 -3.2335349891E-01  1.0849633001E+00  6.8461583172E+00
 -2.3374685931E+00  2.9756874856E+00 -3.3921515067E-01  1.0248590442E+00  2.8412158542E+00
 -2.3567244439E+00  2.9755953356E+00 -3.5515818293E-01  9.7184682688E-01  4.4654809355E-01
 -2.3758741259E+00  2.9748461250E+00 -3.7121024608E-01  9.2366628992E-01 -9.3420642084E-01
 -2.3948211864E+00  2.9729867216E+00 -3.8740784582E-01  8.7901513713E-01 -1.6905547080E+00
 -2.4132503082E+00  2.9689112862E+00 -4.0377270188E-01  8.3748852726E-01 -2.0674566248E+00
 -2.4292140474E+00  2.9587057214E+00 -4.1971045538E-01  8.0189447221E-01 -2.2208071291E+00
 -2.4330584522E+00  2.9365371918E+00 -4.2887372698E-01  7.8982286509E-01 -2.2844521857E+00
 -2.4287505393E+00  2.9121659014E+00 -4.3226262346E-01  7.9269911301E-01 -2.3419112778E+00
 -2.4227544460E+00  2.8880219070E+00 -4.3471140540E-01  7.9722663839E-01 -2.4005637759E+00
 -2.4157542203E+00  2.8641192697E+00 -4.3685003921E-01  8.0190832114E-01 -2.4603247044E+00
 -2.4078006685E+00  2.8404970960E+00 -4.3875982355E-01  8.0659349966E-01 -2.5210134463E+00
 -2.3988967189E+00  2.8172007328E+00 -4.4046600387E-01  8.1125136565E-01 -2.5824465148E+00
 -2.3890480417E+00  2.7942744077E+00 -4.4198197194E-01  8.1586259389E-01 -2.6444386352E+00
 -2.3782673031E+00  2.7717596674E+00 -4.4331350470E-01  8.2040944340E-01 -2.7068008325E+00
 -2.3665740806E+00  2.7496946107E+00 -4.4445948913E-01  8.2487482755E-01 -2.7693381640E+00
 -2.3539942318E+00  2.7281133211E+00 -4.4541244916E-01  8.2924220131E-01 -2.8318475710E+00
 -2.3405591044E+00  2.7070454663E+00 -4.4615915316E-01  8.3349552470E-01 -2.8941161444E+00
 -2.3263046791E+00  2.6865160769E+00 -4.4668128843E-01  8.3761924617E-01 -2.9559200367E+00
 -2.3112707084E+00  2.6665455001E+00 -4.4695615829E-01  8.4159831131E-01 -3.0170241785E+00
 -2.2954999095E+00  2.6471495088E+00 -4.4695735741E-01  8.4541820420E-01 -3.0771828895E+00
 -2.2790372548E+00  2.6283395325E+00 -4.4665538797E-01  8.4906502482E-01 -3.1361413953E+00
 -2.2619293896E+00  2.6101229740E+00 -4.4601819076E-01  8.5252560228E-01 -3.1936382038E+00
 -2.2442241925E+00  2.5925035744E+00 -4.4501157696E-01  8.5578764013E-01 -3.2494082483E+00
 -2.2259704814E+00  2.5754817983E+00 -4.4359955830E-01  8.5883988756E-01 -3.3031866695E+00
 -2.2072178591E+00  2.5590552176E+00 -4.4174458409E-01  8.6167232902E-01 -3.3547130905E+00
 -2.1880166858E+00  2.5432188839E+00 -4.3940770345E-01  8.6427638360E-01 -3.4037362304E+00
 -2.1684181598E+00  2.5279656891E+00 -4.3654868111E-01  8.6664510551E-01 -3.4500186936E+00
 -2.1484744842E+00  2.5132867249E+00 -4.3312610640E-01  8.6877337659E-01 -3.4933417765E+00
 -2.1282390867E+00  2.4991716640E+00 -4.2909754930E-01  8.7065808166E-01 -3.5335101272E+00
 -2.1077668488E+00  2.4856091945E+00 -4.2441983633E-01  8.7229825693E-01 -3.5703560962E+00
 -2.0871142745E+00  2.4725875572E+00 -4.1904954467E-01  8.7369520071E-01 -3.6037436094E+00
 -2.0663394936E+00  2.4600952467E+00 -4.1294384471E-01  8.7485253425E-01 -3.6335713926E+00
 -2.0455019352E+00  2.4481219551E+00 -4.0606185957E-01  8.7577619900E-01 -3.6597753735E+00
 -2.0246614277E+00  2.4366598557E+00 -3.9836674714E-01  8.7647437568E-01 -3.6823301029E+00
 -2.0038763851E+00  2.4257053314E+00 -3.8982873332E-01  8.7695731165E-01 -3.7012490746E+00
 -1.9832006468E+00  2.4152612527E+00 -3.8042930609E-01  8.7723704903E-01 -3.7165839105E+00
 -1.9626785307E+00  2.4053398680E+00 -3.7016666749E-01  8.7732705963E-01 -3.7284225380E+00
 -1.9423379164E+00  2.3959662343E+00 -3.5906222241E-01  8.7724181817E-01 -3.7368867010E+00
 -1.9221821631E+00  2.3871816735E+00 -3.4716702855E-01  8.7699638377E-01 -3.7421293653E+00
 -1.8968447121E+00  2.3769826777E+00 -3.3107842530E-01  8.7647887831E-01 -3.7444329179E+00
</Path of -GradDelSqRho>
<Path of -GradDelSqRho>
Starting CP# =      7
Ending CP# =     13
Number of Points =     55
 -1.8702408327E+00  3.0722370878E+00  1.0499694622E-01  2.2493738200E+01  1.2483932982E+03
 -1.8636340794E+00  3.0906409236E+00  1.2057415858E-01  1.5562444945E+01  1.1656213756E+03
 -1.8570133459E+00  3.1090348394E+00  1.3615715398E-01  1.0862917356E+01  9.9416651935E+02
 -1.8503888404E+00  3.1274262494E+00  1.5174150387E-01  7.6863802419E+00  7.8423513521E+02
 -1.8437559831E+00  3.1458119253E+00  1.6732906639E-01  5.5475218693E+00  5.8194665691E+02
 -1.8371067749E+00  3.1641862561E+00  1.8292303765E-01  4.1084159179E+00  4.1634244910E+02
 -1.8304324713E+00  3.1825431972E+00  1.9852676372E-01  3.1377803325E+00  2.9260321634E+02
 -1.8237243210E+00  3.2008768137E+00  2.1414339059E-01  2.4803405433E+00  2.0350572650E+02
 -1.8169743117E+00  3.2191818226E+00  2.2977552878E-01  2.0324840013E+00  1.3976020761E+02
 -1.8101748223E+00  3.2374533723E+00  2.4542535442E-01  1.7247084286E+00  9.4107685444E+01
 -1.8033167230E+00  3.2556857608E+00  2.6109526028E-01  1.5100469191E+00  6.1626538496E+01
 -1.7963867162E+00  3.2738706818E+00  2.7678866105E-01  1.3567145325E+00  3.8932650615E+01
 -1.7893644410E+00  3.2919953780E+00  2.9251067234E-01  1.2433577281E+00  2.3500109825E+01
 -1.7822188516E+00  3.3100403695E+00  3.0826872671E-01  1.1558372319E+00  1.3331375836E+01
 -1.7749026764E+00  3.3279759131E+00  3.2407331052E-01  1.0849589572E+00  6.8462808368E+00
 -1.7673429656E+00  3.3457557063E+00  3.3993897618E-01  1.0248540941E+00  2.8413897381E+00
 -1.7594235045E+00  3.3633044518E+00  3.5588577130E-01  9.7184140161E-01  4.4674287753E-01
 -1.7509474547E+00  3.3804893246E+00  3.7194121317E-01  9.2366035718E-01 -9.3400806090E-01
 -1.7415404340E+00  3.3970382659E+00  3.8814157184E-01  8.7900831540E-01 -1.6903601435E+00
 -1.7303212085E+00  3.4122144820E+00  4.0450811265E-01  8.3747932258E-01 -2.0672635027E+00
 -1.7145068139E+00  3.4226507282E+00  4.2044579753E-01  8.0187584084E-01 -2.2205925874E+00
 -1.6926883261E+00  3.4171487557E+00  4.2960067109E-01  7.8979636680E-01 -2.2841760976E+00
 -1.6721734003E+00  3.4033014335E+00  4.3297608027E-01  7.9267059949E-01 -2.3415717203E+00
 -1.6525522949E+00  3.3880056855E+00  4.3541218235E-01  7.9719332827E-01 -2.4001591368E+00
 -1.6335599902E+00  3.3718909597E+00  4.3753843671E-01  8.0186951611E-01 -2.4598532379E+00
 -1.6152117528E+00  3.3550192561E+00  4.3943609998E-01  8.0654904330E-01 -2.5204737426E+00
 -1.5975479283E+00  3.3374115849E+00  4.4113052386E-01  8.1120121354E-01 -2.5818376071E+00
 -1.5806067027E+00  3.3190910576E+00  4.4263520907E-01  8.1580675018E-01 -2.6437600852E+00
 -1.5644209558E+00  3.3000861156E+00  4.4395601792E-01  8.2034795505E-01 -2.7060528028E+00
 -1.5490175918E+00  3.2804301357E+00  4.4509189433E-01  8.2480778527E-01 -2.7685214742E+00
 -1.5344172745E+00  3.2601606200E+00  4.4603539054E-01  8.2916974044E-01 -2.8309637330E+00
 -1.5206343811E+00  3.2393183068E+00  4.4677327620E-01  8.3341782502E-01 -2.8931673775E+00
 -1.5076771479E+00  3.2179462923E+00  4.4728721596E-01  8.3753653055E-01 -2.9549092596E+00
 -1.4955479801E+00  3.1960892208E+00  4.4755447073E-01  8.4151084338E-01 -3.0159549839E+00
 -1.4842438818E+00  3.1737925874E+00  4.4754857752E-01  8.4532628508E-01 -3.0760595009E+00
 -1.4737569595E+00  3.1511021802E+00  4.4723997035E-01  8.4896898926E-01 -3.1349686110E+00
 -1.4640749517E+00  3.1280636746E+00  4.4659651581E-01  8.5242581437E-01 -3.1924213318E+00
 -1.4551817455E+00  3.1047223788E+00  4.4558394890E-01  8.5568448878E-01 -3.2481530342E+00
 -1.4470578516E+00  3.0811231209E+00  4.4416620681E-01  8.5873378200E-01 -3.3018992202E+00
 -1.4396808213E+00  3.0573102643E+00  4.4230566905E-01  8.6156369436E-01 -3.3533997963E+00
 -1.4330256009E+00  3.0333278336E+00  4.3996332245E-01  8.6416565658E-01 -3.4024036862E+00
 -1.4270648308E+00  3.0092197361E+00  4.3709887950E-01  8.6653273053E-01 -3.4486736208E+00
 -1.4217691091E+00  2.9850300604E+00  4.3367088975E-01  8.6865980194E-01 -3.4919909459E+00
 -1.4171072516E+00  2.9608034320E+00  4.2963689827E-01  8.7054375599E-01 -3.5321602830E+00
 -1.4130465986E+00  2.9365854001E+00  4.2495372401E-01  8.7218362592E-01 -3.5690138823E+00
 -1.4095534376E+00  2.9124228086E+00  4.1957795601E-01  8.7358070384E-01 -3.6024154972E+00
 -1.4065936438E+00  2.8883640832E+00  4.1346679760E-01  8.7473860169E-01 -3.6322636107E+00
 -1.4041336749E+00  2.8644593153E+00  4.0657942586E-01  8.7566324861E-01 -3.6584938409E+00
 -1.4021421062E+00  2.8407599607E+00  3.9887907035E-01  8.7636281012E-01 -3.6810803663E+00
 -1.4005919396E+00  2.8173178863E+00  3.9033603700E-01  8.7684751581E-01 -3.7000362510E+00
 -1.3994639525E+00  2.7941834160E+00  3.8093188290E-01  8.7712938805E-01 -3.7154126391E+00
 -1.3987513196E+00  2.7714020037E+00  3.7066483366E-01  8.7722187792E-01 -3.7272969422E+00
 -1.3984655077E+00  2.7490093436E+00  3.5955621646E-01  8.7713943985E-01 -3.7358103630E+00
 -1.3986426477E+00  2.7270254443E+00  3.4765683451E-01  8.7689711478E-01 -3.7411053088E+00
 -1.3996593270E+00  2.6993017119E+00  3.3129603588E-01  8.7637402432E-01 -3.7434791841E+00
</Path of -GradDelSqRho>
<Path of -GradDelSqRho>
Starting CP# =      7
Ending CP# =      1
Number of Points =      7
 -1.8702408327E+00  3.0722370878E+00  1.0499694622E-01  2.2493738200E+01  1.2483932982E+03
 -1.8768171350E+00  3.0538113709E+00  8.9432723008E-02  3.2750391052E+01  9.9489710493E+02
 -1.8833676935E+00  3.0353671273E+00  7.3879587724E-02  4.8031711341E+01 -7.9299054924E+02
 -1.8899069115E+00  3.0169147263E+00  5.8331355665E-02  7.0725817085E+01 -6.4063245655E+03
 -1.8964378999E+00  2.9984563970E+00  4.2786702475E-02  1.0440349273E+02 -2.0715925480E+04
 -1.9029553534E+00  2.9799882875E+00  2.7247985642E-02  1.5491495610E+02 -7.5590217124E+04
 -1.9142355558E+00  2.9479473578E+00  3.1205242363E-04  2.9734809573E+02 -3.3294730452E+06
</Path of -GradDelSqRho>
<Path of -GradDelSqRho>
Starting CP# =     11
Ending CP# =     13
Number of Points =     36
 -1.9922628907E+00  3.0897187687E+00  6.6302073388E-01  7.7747959153E-01 -2.3460522872E+00
 -1.9710215692E+00  3.0872643495E+00  6.6467241256E-01  7.7909338945E-01 -2.3488089018E+00
 -1.9462504486E+00  3.0840866212E+00  6.6577635391E-01  7.8130654615E-01 -2.3588749010E+00
 -1.9215022547E+00  3.0805646825E+00  6.6599416539E-01  7.8387078865E-01 -2.3760922854E+00
 -1.8968140391E+00  3.0766956128E+00  6.6532592255E-01  7.8677475508E-01 -2.4001594838E+00
 -1.8722230953E+00  3.0724764494E+00  6.6377410333E-01  7.9000234055E-01 -2.4307150865E+00
 -1.8477667942E+00  3.0679041252E+00  6.6134365516E-01  7.9353284769E-01 -2.4673447278E+00
 -1.8234824324E+00  3.0629753484E+00  6.5804201791E-01  7.9734121054E-01 -2.5095872175E+00
 -1.7994071007E+00  3.0576864418E+00  6.5387910766E-01  8.0139828316E-01 -2.5569399770E+00
 -1.7755775868E+00  3.0520331416E+00  6.4886726696E-01  8.0567119116E-01 -2.6088639035E+00
 -1.7520303228E+00  3.0460103529E+00  6.4302119027E-01  8.1012374339E-01 -2.6647878362E+00
 -1.7288013892E+00  3.0396118601E+00  6.3635783602E-01  8.1471690004E-01 -2.7241128300E+00
 -1.7059265853E+00  3.0328299867E+00  6.2889633902E-01  8.1940929269E-01 -2.7862164564E+00
 -1.6834415797E+00  3.0256552002E+00  6.2065793951E-01  8.2415779051E-01 -2.8504573490E+00
 -1.6613821503E+00  3.0180756527E+00  6.1166594762E-01  8.2891810668E-01 -2.9161801934E+00
 -1.6397845318E+00  3.0100766480E+00  6.0194576528E-01  8.3364543827E-01 -2.9827213346E+00
 -1.6186858889E+00  3.0016400233E+00  5.9152499177E-01  8.3829513284E-01 -3.0494151394E+00
 -1.5981249408E+00  2.9927434298E+00  5.8043364508E-01  8.4282337506E-01 -3.1156012123E+00
 -1.5781427730E+00  2.9833595019E+00  5.6870454009E-01  8.4718788771E-01 -3.1806325258E+00
 -1.5587838849E+00  2.9734549059E+00  5.5637387641E-01  8.5134864245E-01 -3.2438844885E+00
 -1.5400975323E+00  2.9629892788E+00  5.4348210562E-01  8.5526857796E-01 -3.3047649394E+00
 -1.5221394436E+00  2.9519141009E+00  5.3007516826E-01  8.5891432543E-01 -3.3627250257E+00
 -1.5049739856E+00  2.9401716192E+00  5.1620621233E-01  8.6225694431E-01 -3.4172708757E+00
 -1.4886768362E+00  2.9276940752E+00  5.0193791549E-01  8.6527267267E-01 -3.4679759001E+00
 -1.4733381171E+00  2.9144037335E+00  4.8734550058E-01  8.6794369545E-01 -3.5144934023E+00
 -1.4590656854E+00  2.9002146047E+00  4.7252038486E-01  8.7025892342E-01 -3.5565688556E+00
 -1.4459877153E+00  2.8850373201E+00  4.5757398778E-01  8.7221474762E-01 -3.5940506105E+00
 -1.4342526468E+00  2.8687891725E+00  4.4264029702E-01  8.7381567149E-01 -3.6268967892E+00
