 AIMInt (Version 19.02.13, Professional)
 Portions Copyright (c) 1997-2019 by Todd A. Keith
 AIMInt is a component of the AIMAll package ( http://aim.tkgristmill.com )

 TP:  64-bit Linux

 Licensed To:  Research Group of Fernando Cortes Guzman, UNAM, fercor@unam.mx

 AIMInt is a heavily modified and extended version of the PROAIMV program
 developed by members of R.F.W. Bader's research group

 Much of the Quantum Theory of Atoms in Molecules (QTAIM) is described in the book:
   "Atoms in Molecules - A Quantum Theory"
   R.F.W. Bader, Oxford University Press, Oxford, 1990

 For additional references see:  http://aim.tkgristmill.com/references.html

 Current Directory:  /home/scratch/M_H2O_4_cuadrado_plano/Opt

 Inp File:  V4_cuadrado_plano_cc-pvtz-def2-tzv_2_atomicfiles/o8.inp
 Wfx File:  V4_cuadrado_plano_cc-pvtz-def2-tzv_2.wfx
 Out File:  V4_cuadrado_plano_cc-pvtz-def2-tzv_2_atomicfiles/o8.int

 Wfx Title:   V4_cuadrado_plano_cc-pvtz-def2-tzv_2                                          
 Job Title:   V4_cuadrado_plano_cc-pvtz-def2-tzv_2                                          
 
<Atom>
O8      
</Atom>
<Nuclei of Molecule>
    13
V1        23.0           1.5846970517E-04  -8.1081241132E-05  -4.0430510639E-04
O2         8.0          -2.9480278920E+00  -1.9140673700E+00   1.3611877309E-04
H3         1.0          -3.3262564051E+00  -3.5213263836E+00   1.0030102059E+00
O4         8.0           2.9478743965E+00   1.9142699535E+00   1.3625105392E-04
H5         1.0           4.5701240613E+00   1.6043189301E+00  -1.0018839255E+00
O6         8.0          -1.9142354295E+00   2.9479471632E+00   3.1205227606E-04
H7         1.0          -3.5217823005E+00   3.3249221680E+00   1.0031005726E+00
O8         8.0           1.9141017995E+00  -2.9479551065E+00   3.1210896785E-04
H9         1.0           3.5212780332E+00  -3.3259591327E+00   1.0032680401E+00
H10        1.0           3.3250647275E+00   3.5218876767E+00   1.0027634455E+00
H11        1.0          -1.6046495564E+00   4.5701928907E+00  -1.0017748128E+00
H12        1.0           1.6042995693E+00  -4.5694994689E+00  -1.0030243753E+00
H13        1.0          -4.5694259278E+00  -1.6042289336E+00  -1.0033323817E+00
</Nuclei of Molecule>
<Total Number of CPs of DelSqRho>
    38
</Total Number of CPs of DelSqRho>
<Number of (3,+3) CPs of DelSqRho>
     5
</Number of (3,+3) CPs of DelSqRho>
<Number of (3,+1) CPs of DelSqRho>
    13
</Number of (3,+1) CPs of DelSqRho>
<Number of (3,-1) CPs of DelSqRho>
    14
</Number of (3,-1) CPs of DelSqRho>
<Number of (3,-3) CPs of DelSqRho>
     6
</Number of (3,-3) CPs of DelSqRho>
<Number of Degenerate CPs of DelSqRho>
     0
</Number of Degenerate CPs of DelSqRho>
<CP of DelSqRho>
CP# = 1       
Type = (3,+3)
Coords =  1.91410192569816E+00 -2.94795530108404E+00  3.12108895963582E-04
DistFromNuc =  2.3194926051E-07
Rho =  2.9734803259E+02
DelSqRho = -3.3294721565E+06
GradDelSqRho =  5.1901351981E-06  1.2421532119E-05 -1.7091679183E-09
HessDelSqRho_EigVals =  1.3240329608E+11  1.3240331261E+11  1.3240331712E+11
HessDelSqRho_EigVec1 = -5.6288322945E-01 -3.6541474465E-01  7.4137341091E-01
HessDelSqRho_EigVec2 = -5.4398768454E-01  8.3909301338E-01  5.6033108279E-04
HessDelSqRho_EigVec3 =  6.2228600264E-01  4.0298260421E-01  6.7109250601E-01
</CP of DelSqRho>
<CP of DelSqRho>
CP# = 2       
Type = (3,-1)
Coords =  1.10542231472172E+00 -1.70342688821670E+00 -5.30593843466002E-04
DistFromNuc =  1.4841878942E+00
Rho =  1.6256314584E-01
DelSqRho =  3.9673078803E-01
GradDelSqRho = -2.5894564271E-13  3.8848091410E-13 -4.1156314468E-15
HessDelSqRho_EigVals = -8.9923925047E-01 -1.5547599132E-01  4.4521878074E+00
HessDelSqRho_EigVec1 = -4.9318875126E-01 -3.2002089709E-01  8.0891994725E-01
HessDelSqRho_EigVec2 =  6.7847892470E-01  4.4047456434E-01  5.8791879279E-01
HessDelSqRho_EigVec3 = -5.4445496083E-01  8.3879007123E-01 -1.0966621243E-04
</CP of DelSqRho>
<CP of DelSqRho>
CP# = 3       
Type = (3,-3)
Coords =  1.88597437032275E+00 -2.79400300774236E+00  5.95089996890832E-02
DistFromNuc =  1.6732206323E-01
Rho =  2.2664019441E+01
DelSqRho =  1.2844908258E+03
GradDelSqRho = -7.0201622293E-12  7.7022832556E-12  1.5177192836E-11
HessDelSqRho_EigVals = -4.4179262998E+05 -1.8661758301E+03 -2.2235404652E+02
HessDelSqRho_EigVec1 = -1.6962124670E-01  9.2025217891E-01  3.5265359758E-01
HessDelSqRho_EigVec2 = -5.8904745982E-01 -3.8155502797E-01  7.1234742276E-01
HessDelSqRho_EigVec3 =  7.9009602122E-01 -8.6900447922E-02  6.0679204791E-01
</CP of DelSqRho>
<CP of DelSqRho>
CP# = 4       
Type = (3,-1)
Coords =  1.82278511597123E+00 -2.80785196361490E+00  5.02151705907467E-05
DistFromNuc =  1.6723545054E-01
Rho =  2.2694588485E+01
DelSqRho =  1.2842570070E+03
GradDelSqRho =  3.8937741920E-12 -2.4442670110E-12  7.1054273576E-14
HessDelSqRho_EigVals = -4.4372579604E+05 -1.7657783586E+03  1.2158050878E+02
HessDelSqRho_EigVec1 = -5.4602890856E-01  8.3776488457E-01 -1.5585926811E-03
HessDelSqRho_EigVec2 =  5.8717219371E-01  3.8137211972E-01 -7.1399168148E-01
HessDelSqRho_EigVec3 =  5.9756275482E-01  3.9077526084E-01  7.0015244737E-01
</CP of DelSqRho>
<CP of DelSqRho>
CP# = 5       
Type = (3,-3)
Coords =  1.78501004646229E+00 -2.85928377124934E+00 -5.85882587144620E-02
DistFromNuc =  1.6732166539E-01
Rho =  2.2664199815E+01
DelSqRho =  1.2844821954E+03
GradDelSqRho = -6.2243543653E-12 -4.0927261580E-12  1.3784529074E-12
HessDelSqRho_EigVals = -4.4180043631E+05 -1.8651376655E+03 -2.1941361820E+02
HessDelSqRho_EigVec1 =  7.7104094184E-01 -5.3139084265E-01  3.5088408107E-01
HessDelSqRho_EigVec2 =  5.8814575876E-01  3.8306144248E-01 -7.1228400076E-01
HessDelSqRho_EigVec3 =  2.4409103313E-01  7.5557111090E-01  6.0789132574E-01
</CP of DelSqRho>
<CP of DelSqRho>
CP# = 6       
Type = (3,+1)
Coords =  1.87003736852053E+00 -3.07230924557888E+00  1.04890932731530E-01
DistFromNuc =  1.6835188260E-01
Rho =  2.2493804759E+01
DelSqRho =  1.2483960248E+03
GradDelSqRho =  1.4438228391E-11  1.9738877199E-11 -2.6119550967E-11
HessDelSqRho_EigVals = -4.1492258574E+05  8.6949704945E+02  1.6461990039E+03
HessDelSqRho_EigVec1 =  2.6412774705E-01  7.3693503000E-01 -6.2222447300E-01
HessDelSqRho_EigVec2 =  7.5285410032E-01 -5.6077905709E-01 -3.4458315798E-01
HessDelSqRho_EigVec3 =  6.0286585313E-01  3.7743027263E-01  7.0292186795E-01
</CP of DelSqRho>
<CP of DelSqRho>
CP# = 7       
Type = (3,+1)
Coords =  2.04556904021462E+00 -2.95829131919066E+00 -1.04338406785566E-01
DistFromNuc =  1.6835142743E-01
Rho =  2.2493890204E+01
DelSqRho =  1.2484086811E+03
GradDelSqRho =  2.1032064978E-12 -9.3791641120E-13 -1.2732925825E-11
HessDelSqRho_EigVals = -4.1493347914E+05  8.6868376062E+02  1.6457018558E+03
HessDelSqRho_EigVec1 =  7.8031044017E-01 -5.8512593616E-02 -6.2264909327E-01
HessDelSqRho_EigVec2 = -2.0589438124E-01  9.1607412407E-01 -3.4411582786E-01
HessDelSqRho_EigVec3 =  5.9052783231E-01  3.9671712290E-01  7.0277478872E-01
</CP of DelSqRho>
<CP of DelSqRho>
CP# = 8       
Type = (3,-1)
Coords =  2.00596428264270E+00 -3.08936623022218E+00  1.79852388109729E-04
DistFromNuc =  1.6862929527E-01
Rho =  2.2387096247E+01
DelSqRho =  1.2527252126E+03
GradDelSqRho =  1.3841372493E-11 -3.5015546018E-11  6.7856831265E-13
HessDelSqRho_EigVals = -4.1023270001E+05 -5.7863887059E+02  9.7893963815E+02
HessDelSqRho_EigVec1 = -5.4476244200E-01  8.3859004539E-01  7.8585128888E-04
HessDelSqRho_EigVec2 =  5.9543562006E-01  3.8746470042E-01 -7.0379508971E-01
HessDelSqRho_EigVec3 =  5.9050004586E-01  3.8293320788E-01  7.1040260004E-01
</CP of DelSqRho>
<CP of DelSqRho>
CP# = 9       
Type = (3,-1)
Coords =  1.37159055873846E+00 -2.97901060884690E+00 -4.40448580559762E-01
DistFromNuc =  6.9968055285E-01
Rho =  7.2367620005E-01
DelSqRho = -1.5356414125E+00
GradDelSqRho =  1.0658141036E-14 -3.5527136788E-15 -6.2172489379E-15
HessDelSqRho_EigVals = -1.4910019177E+01 -8.2186476202E+00  1.6648590802E+02
HessDelSqRho_EigVec1 = -1.8706992787E-01  9.6440481699E-01  1.8689085332E-01
HessDelSqRho_EigVec2 = -5.9611918331E-01 -2.6266261427E-01  7.5871619882E-01
HessDelSqRho_EigVec3 =  7.8079879699E-01  3.0523761738E-02  6.2403648819E-01
</CP of DelSqRho>
<CP of DelSqRho>
CP# = 10      
Type = (3,-1)
Coords =  2.16341293758160E+00 -2.46526513046673E+00  4.41213444129806E-01
DistFromNuc =  6.9967109690E-01
Rho =  7.2367434661E-01
DelSqRho = -1.5355702335E+00
GradDelSqRho = -9.7699626167E-15 -3.5527136788E-15  6.2172489379E-15
HessDelSqRho_EigVals = -1.4909442245E+01 -8.2193983647E+00  1.6649698633E+02
HessDelSqRho_EigVec1 =  8.0452856772E-01 -5.6376205535E-01  1.8683181921E-01
HessDelSqRho_EigVec2 = -4.8280268506E-01 -4.3760834613E-01  7.5855158209E-01
HessDelSqRho_EigVec3 =  3.4588343560E-01  7.0047932185E-01  6.2425424999E-01
</CP of DelSqRho>
<CP of DelSqRho>
CP# = 11      
Type = (3,+1)
Coords =  1.99190999492582E+00 -3.09026786323033E+00  6.62920178240548E-01
DistFromNuc =  6.8217042554E-01
Rho =  7.7751222605E-01
DelSqRho = -2.3463179953E+00
GradDelSqRho =  7.9936057773E-15 -3.9968028887E-15  7.1054273576E-15
HessDelSqRho_EigVals = -1.2052502285E+01  7.2081696634E+00  2.0058854886E+02
HessDelSqRho_EigVec1 =  9.8980787740E-01 -1.0879383877E-01 -9.1892689999E-02
HessDelSqRho_EigVec2 =  1.2577583666E-01  9.7047634042E-01  2.0580600479E-01
HessDelSqRho_EigVec3 =  6.6789256198E-02 -2.1526628472E-01  9.7426876267E-01
</CP of DelSqRho>
<CP of DelSqRho>
CP# = 12      
Type = (3,+1)
Coords =  2.01195755326308E+00 -3.07694272795630E+00 -6.62396416854483E-01
DistFromNuc =  6.8219949079E-01
Rho =  7.7744577453E-01
DelSqRho = -2.3458279459E+00
GradDelSqRho = -1.1102230246E-15 -1.0214051827E-14  0.0000000000E+00
HessDelSqRho_EigVals = -1.2059699288E+01  7.2088330338E+00  2.0053755496E+02
HessDelSqRho_EigVec1 =  3.0373816530E-01  9.4830308982E-01 -9.2002047630E-02
HessDelSqRho_EigVec2 =  9.3768690364E-01 -2.8043110616E-01  2.0518690367E-01
HessDelSqRho_EigVec3 = -1.6877913876E-01  1.4859220883E-01  9.7438901769E-01
</CP of DelSqRho>
<CP of DelSqRho>
CP# = 13      
Type = (3,+3)
Coords =  1.39947744259193E+00 -2.69945091957147E+00  3.31316425163116E-01
DistFromNuc =  6.6042139349E-01
Rho =  8.7639950502E-01
DelSqRho = -3.7436691142E+00
GradDelSqRho = -3.3573144265E-13  5.5955240441E-14  2.6467716907E-13
HessDelSqRho_EigVals =  4.4241682356E+00  1.6959325456E+01  2.6184728812E+02
HessDelSqRho_EigVec1 =  4.7208121421E-02  8.5083025701E-01 -5.2331564761E-01
HessDelSqRho_EigVec2 =  6.2139878168E-01  3.8516918406E-01  6.8228165283E-01
HessDelSqRho_EigVec3 =  7.8207093502E-01 -3.5739694097E-01 -5.1052177151E-01
</CP of DelSqRho>
<CP of DelSqRho>
CP# = 14      
Type = (3,+1)
Coords =  1.55040948746516E+00 -2.38788577300154E+00  5.75679346865272E-04
DistFromNuc =  6.6779474810E-01
Rho =  8.6356205736E-01
DelSqRho = -3.5744299238E+00
GradDelSqRho = -3.6415315208E-14  3.3750779949E-14  1.9428902931E-15
HessDelSqRho_EigVals = -3.1765911773E+00  1.7032365179E+01  2.4494637964E+02
HessDelSqRho_EigVec1 = -5.5322408076E-01 -3.5959472630E-01  7.5142181848E-01
HessDelSqRho_EigVec2 =  6.3035428471E-01  4.0900902652E-01  6.5982201537E-01
HessDelSqRho_EigVec3 = -5.4460682351E-01  8.3869139082E-01  3.9843376601E-04
</CP of DelSqRho>
<CP of DelSqRho>
CP# = 15      
Type = (3,-1)
Coords =  2.29932555164895E+00 -3.54038595620564E+00 -6.77035536133948E-04
DistFromNuc =  7.0666302390E-01
Rho =  7.1469565929E-01
DelSqRho = -1.5382105949E+00
GradDelSqRho =  7.9936057773E-15 -2.4868995752E-14  1.0547118734E-14
HessDelSqRho_EigVals = -1.9415898605E+01 -9.8935322149E-01  1.5737500442E+02
HessDelSqRho_EigVec1 =  6.4989137004E-01  4.2156210880E-01  6.3239749808E-01
HessDelSqRho_EigVec2 =  5.2951782209E-01  3.4574504864E-01 -7.7464265144E-01
HessDelSqRho_EigVec3 = -5.4520829344E-01  8.3829931991E-01  1.4720736188E-03
</CP of DelSqRho>
<CP of DelSqRho>
CP# = 16      
Type = (3,+1)
Coords =  1.44877593890428E+00 -3.42863769927379E+00  1.02095503214869E-01
DistFromNuc =  6.7671542832E-01
Rho =  7.9880785704E-01
DelSqRho = -2.5728624224E+00
GradDelSqRho = -2.5757174171E-13 -1.4370726831E-12 -3.8213876508E-13
HessDelSqRho_EigVals = -1.0537775849E+01  9.0662559532E+00  2.1178291531E+02
HessDelSqRho_EigVec1 = -3.4126021457E-01  5.5589405509E-01  7.5797312978E-01
HessDelSqRho_EigVec2 = -6.3019729590E-01  4.6299281624E-01 -6.2328887392E-01
HessDelSqRho_EigVec3 =  6.9741869361E-01  6.9037631160E-01 -1.9232190250E-01
</CP of DelSqRho>
<CP of DelSqRho>
CP# = 17      
Type = (3,+1)
Coords =  2.54262656755776E+00 -2.71869253588932E+00 -1.01372676924873E-01
DistFromNuc =  6.7671597143E-01
Rho =  7.9881239861E-01
DelSqRho = -2.5728963184E+00
GradDelSqRho = -3.3750779949E-14 -1.3322676296E-14  1.1324274851E-14
HessDelSqRho_EigVals = -1.0545287504E+01  9.0700722208E+00  2.1178749863E+02
HessDelSqRho_EigVec1 =  3.6872560378E-01 -5.3842113491E-01  7.5772297748E-01
HessDelSqRho_EigVec2 = -1.6619942885E-01  7.6383753232E-01  6.2364250503E-01
HessDelSqRho_EigVec3 =  9.1455955463E-01  3.5588608529E-01 -1.9216117019E-01
</CP of DelSqRho>
<CP of DelSqRho>
CP# = 18      
Type = (3,+3)
Coords =  1.89694493876293E+00 -2.37679669716136E+00 -3.30758601986143E-01
DistFromNuc =  6.6039692764E-01
Rho =  8.7649380182E-01
DelSqRho = -3.7445554333E+00
GradDelSqRho = -4.4408920985E-15  1.7763568394E-15 -1.7763568394E-15
HessDelSqRho_EigVals =  4.4351087088E+00  1.6962436288E+01  2.6191521884E+02
HessDelSqRho_EigVec1 =  7.9629731762E-01 -3.0369281389E-01 -5.2314554069E-01
HessDelSqRho_EigVec2 =  6.0485814756E-01  4.1056316732E-01  6.8233753155E-01
HessDelSqRho_EigVec3 = -7.5632851747E-03  8.5977238873E-01 -5.1062142169E-01
</CP of DelSqRho>
<CP of DelSqRho>
CP# = 19      
Type = (3,+3)
Coords =  1.76356384355516E+00 -3.53350371733870E+00 -3.59925103941387E-01
DistFromNuc =  7.0377532029E-01
Rho =  7.9366682638E-01
DelSqRho = -3.4584057507E+00
GradDelSqRho =  1.0658141036E-14  3.3750779949E-14  1.5099033135E-14
HessDelSqRho_EigVals =  1.4805912594E+01  2.2337980569E+01  1.6624356704E+02
HessDelSqRho_EigVec1 =  5.7892883382E-01  3.0006437166E-01 -7.5815748907E-01
HessDelSqRho_EigVec2 =  7.8143404184E-01 -4.6967144180E-01  4.1081574340E-01
HessDelSqRho_EigVec3 =  2.3281375309E-01  8.3028315027E-01  5.0638685484E-01
</CP of DelSqRho>
<CP of DelSqRho>
CP# = 20      
Type = (3,+3)
Coords =  2.51016836016844E+00 -3.04916882788207E+00  3.60510287866851E-01
DistFromNuc =  7.0376295030E-01
Rho =  7.9372045256E-01
DelSqRho = -3.4590627366E+00
GradDelSqRho =  3.9079850467E-14 -7.9936057773E-15  2.3980817332E-14
HessDelSqRho_EigVals =  1.4810009045E+01  2.2343409293E+01  1.6626288902E+02
HessDelSqRho_EigVec1 =  5.0994260064E-01  4.0686127226E-01 -7.5790662300E-01
HessDelSqRho_EigVec2 = -1.1065592858E-01  9.0477953609E-01  4.1125327542E-01
HessDelSqRho_EigVec3 =  8.5306143362E-01 -1.2584870365E-01  5.0640724152E-01
</CP of DelSqRho>
<CP of DelSqRho>
CP# = 21      
Type = (3,+1)
Coords =  2.90326871906061E+00 -3.16686160711690E+00  6.17961161557515E-01
DistFromNuc =  1.1865334394E+00
Rho =  3.8075177878E-01
DelSqRho = -7.7349010023E-01
GradDelSqRho = -4.3021142204E-16  1.7624790516E-15 -1.1934897515E-15
HessDelSqRho_EigVals = -2.4742874080E+01  1.2086935679E+01  1.2356843344E+01
HessDelSqRho_EigVec1 =  8.3070012341E-01 -1.9999883471E-01  5.1955535901E-01
HessDelSqRho_EigVec2 = -5.5301846197E-01 -4.0388077171E-01  7.2873239461E-01
HessDelSqRho_EigVec3 = -6.4092789610E-02  8.9268179569E-01  4.4610685487E-01
</CP of DelSqRho>
<CP of DelSqRho>
CP# = 22      
Type = (3,+1)
Coords =  1.04478173516460E+00 -2.15204776482401E+00  3.94487051861115E-01
DistFromNuc =  1.2428031849E+00
Rho =  2.4699150444E-01
DelSqRho =  4.2525227833E-01
GradDelSqRho = -6.0278171343E-13  9.9142916099E-13 -3.7092551253E-13
HessDelSqRho_EigVals = -1.0815577670E+01  4.5408697364E-01  8.5719016354E-01
HessDelSqRho_EigVec1 =  7.0403281850E-01 -6.2146017403E-01 -3.4369323907E-01
HessDelSqRho_EigVec2 = -2.3119098768E-01 -6.5816315172E-01  7.1649982061E-01
HessDelSqRho_EigVec3 =  6.7148232866E-01  4.2498060876E-01  6.0704445017E-01
</CP of DelSqRho>
<CP of DelSqRho>
CP# = 23      
Type = (3,+1)
Coords =  1.54119702915609E+00 -1.82997697511139E+00 -3.94173099181608E-01
DistFromNuc =  1.2427999233E+00
Rho =  2.4699657847E-01
DelSqRho =  4.2531416725E-01
GradDelSqRho =  1.2906342661E-15 -1.4432899320E-15  5.9674487574E-16
HessDelSqRho_EigVals = -1.0816883314E+01  4.5360241242E-01  8.5689224223E-01
HessDelSqRho_EigVec1 = -2.8090168801E-01  8.9598674810E-01 -3.4395056171E-01
HessDelSqRho_EigVec2 = -6.9500511247E-01  5.7243027630E-02  7.1672249122E-01
HessDelSqRho_EigVec3 =  6.6186262571E-01  4.4037595644E-01  6.0663570755E-01
</CP of DelSqRho>
<CP of DelSqRho>
CP# = 24      
Type = (3,+1)
Coords =  1.71086843158842E+00 -3.94034055220657E+00 -6.17544826698476E-01
DistFromNuc =  1.1865411361E+00
Rho =  3.8072822897E-01
DelSqRho = -7.7327418084E-01
GradDelSqRho =  6.9388939039E-16 -9.9920072216E-16  7.0082828429E-16
HessDelSqRho_EigVals = -2.4736373672E+01  1.2084028013E+01  1.2353561831E+01
HessDelSqRho_EigVec1 =  1.5589779328E-01  8.3997555926E-01  5.1974699411E-01
HessDelSqRho_EigVec2 = -5.9340237213E-01 -3.4100722018E-01  7.2910061071E-01
HessDelSqRho_EigVec3 =  7.8966417090E-01 -4.2208427550E-01  4.4528121628E-01
</CP of DelSqRho>
<CP of DelSqRho>
CP# = 25      
Type = (3,-1)
Coords =  1.99350770109149E+00 -2.83930848547622E+00  1.17120083898587E+00
DistFromNuc =  1.1785965398E+00
Rho =  2.3888778220E-01
DelSqRho =  7.3770722413E-01
GradDelSqRho =  2.0694279623E-12  4.3057848953E-12 -6.2816418733E-12
HessDelSqRho_EigVals = -1.6928460593E+01 -1.4684018246E+00  2.7135476349E-01
HessDelSqRho_EigVec1 =  3.9616523858E-02  1.0954911044E-01  9.9319158446E-01
HessDelSqRho_EigVec2 =  9.5014707526E-01 -3.1178232095E-01 -3.5099455305E-03
HessDelSqRho_EigVec3 =  3.0927506594E-01  9.4381713099E-01 -1.1643949864E-01
</CP of DelSqRho>
<CP of DelSqRho>
CP# = 26      
Type = (3,-1)
Coords =  1.78205987147507E+00 -2.97602012025915E+00 -1.17055326334989E+00
DistFromNuc =  1.1786214133E+00
Rho =  2.3889817467E-01
DelSqRho =  7.3756944000E-01
GradDelSqRho = -4.7597273345E-12 -1.2384711312E-13  5.2640392045E-12
HessDelSqRho_EigVals = -1.6924600907E+01 -1.4689177943E+00  2.7167978423E-01
HessDelSqRho_EigVec1 =  1.1657622009E-01 -8.5802969359E-03  9.9314468403E-01
HessDelSqRho_EigVec2 =  1.0232422724E-01  9.9474523276E-01 -3.4167853061E-03
HessDelSqRho_EigVec3 =  9.8789662284E-01 -1.0202107825E-01 -1.1684161145E-01
</CP of DelSqRho>
<CP of DelSqRho>
CP# = 27      
Type = (3,-3)
Coords =  2.00514361586288E+00 -3.95583251381667E+00  5.69500883436618E-01
DistFromNuc =  1.1610690512E+00
Rho =  2.3863144659E-01
DelSqRho =  8.4993254287E-01
GradDelSqRho = -4.7184478547E-16 -2.4980018054E-16 -4.7184478547E-16
HessDelSqRho_EigVals = -1.8612488347E+01 -1.2409150272E+00 -2.9558147012E-01
HessDelSqRho_EigVec1 = -6.4764807409E-02  8.6380015386E-01 -4.9965469468E-01
HessDelSqRho_EigVec2 =  6.8954880218E-01  4.0067637507E-01  6.0330828925E-01
HessDelSqRho_EigVec3 =  7.2133762493E-01 -3.0546315106E-01 -6.2158208968E-01
</CP of DelSqRho>
<CP of DelSqRho>
CP# = 28      
Type = (3,-3)
Coords =  2.79732652713270E+00 -3.44163193311464E+00 -5.69100043345254E-01
DistFromNuc =  1.1610482022E+00
Rho =  2.3862985138E-01
DelSqRho =  8.4998517719E-01
GradDelSqRho = -1.5265566589E-15  1.1796119637E-15  1.1102230246E-15
HessDelSqRho_EigVals = -1.8612699187E+01 -1.2410830950E+00 -2.9589051958E-01
HessDelSqRho_EigVec1 =  7.6237065427E-01 -4.1099920194E-01 -4.9987062478E-01
HessDelSqRho_EigVec2 =  6.4696638663E-01  4.6612831629E-01  6.0345578739E-01
HessDelSqRho_EigVec3 =  1.5015994334E-02  7.8345647535E-01 -6.2126521804E-01
</CP of DelSqRho>
<CP of DelSqRho>
CP# = 29      
Type = (3,-3)
Coords =  9.80764224620083E-01 -3.04237243641367E+00 -6.78962140799773E-01
DistFromNuc =  1.1582086027E+00
Rho =  2.4444919174E-01
DelSqRho =  7.9689818385E-01
GradDelSqRho =  4.0328851370E-14 -3.7886360715E-15  3.3209546224E-14
HessDelSqRho_EigVals = -1.7319383902E+01 -1.3847264597E+00 -3.4937451506E-01
HessDelSqRho_EigVec1 =  8.1150158583E-01  4.9207429270E-02  5.8227468183E-01
HessDelSqRho_EigVec2 = -2.3727822183E-01  9.3835083841E-01  2.5138963680E-01
HessDelSqRho_EigVec3 = -5.3400769811E-01 -3.4216419005E-01  7.7314904475E-01
</CP of DelSqRho>
<CP of DelSqRho>
CP# = 30      
Type = (3,-1)
Coords =  2.89627040229516E+00 -2.30172587436949E+00 -1.27189630149372E-01
DistFromNuc =  1.1825921013E+00
Rho =  2.3886878011E-01
DelSqRho =  7.3331247000E-01
GradDelSqRho =  2.1649348980E-15  1.6583956430E-15 -9.4368957093E-16
HessDelSqRho_EigVals = -1.7152278781E+01 -1.2285055190E+00  2.7374936189E-01
HessDelSqRho_EigVec1 =  8.1519183536E-01  5.6564432611E-01 -1.2453420375E-01
HessDelSqRho_EigVec2 = -5.0003809459E-01  5.7882442387E-01 -6.4414609391E-01
HessDelSqRho_EigVec3 = -2.9227414447E-01  5.8737448248E-01  7.5469665549E-01
</CP of DelSqRho>
<CP of DelSqRho>
CP# = 31      
Type = (3,-1)
Coords =  2.55382137036084E+00 -3.93409794528649E+00  2.61841230614055E-04
DistFromNuc =  1.1754653676E+00
Rho =  2.4677616631E-01
DelSqRho =  8.1183165437E-01
GradDelSqRho = -6.4229177532E-13  1.4905160439E-12 -3.2190916599E-13
HessDelSqRho_EigVals = -1.6317454923E+01 -3.6760160336E+00  2.9404254955E-01
HessDelSqRho_EigVec1 = -5.4422356839E-01  8.3894022727E-01  5.1716559060E-05
HessDelSqRho_EigVec2 =  6.3670306103E-01  4.1299144248E-01  6.5118912807E-01
HessDelSqRho_EigVec3 = -5.4628739660E-01 -3.5442539907E-01  7.5891548726E-01
</CP of DelSqRho>
<CP of DelSqRho>
CP# = 32      
Type = (3,-1)
Coords =  9.23771182518359E-01 -3.58161074734673E+00  1.27804551002879E-01
DistFromNuc =  1.1825939815E+00
Rho =  2.3886928280E-01
DelSqRho =  7.3328136679E-01
GradDelSqRho =  4.5380366132E-15  2.8588242884E-15 -1.2576745201E-16
HessDelSqRho_EigVals = -1.7151381072E+01 -1.2283730853E+00  2.7367713635E-01
HessDelSqRho_EigVec1 =  8.4870268668E-01  5.1399995617E-01 -1.2453029623E-01
HessDelSqRho_EigVec2 = -3.2481359485E-01  6.9241112444E-01  6.4425380352E-01
HessDelSqRho_EigVec3 =  4.1737258921E-01 -5.0633080076E-01  7.5460535512E-01
</CP of DelSqRho>
<CP of DelSqRho>
CP# = 33      
Type = (3,-3)
Coords =  2.38048203107077E+00 -2.13429775237235E+00  6.79902417331708E-01
DistFromNuc =  1.1581846992E+00
Rho =  2.4443836487E-01
DelSqRho =  7.9697837406E-01
GradDelSqRho =  6.9388939039E-18 -4.7184478547E-16 -9.0205620751E-16
HessDelSqRho_EigVals = -1.7321927702E+01 -1.3841531084E+00 -3.4920709912E-01
HessDelSqRho_EigVec1 =  3.7545822926E-01  7.2086862489E-01  5.8256290968E-01
HessDelSqRho_EigVec2 =  7.6048693314E-01 -5.9889996956E-01  2.5095507761E-01
HessDelSqRho_EigVec3 = -5.2980255058E-01 -3.4880833148E-01  7.7307309182E-01
</CP of DelSqRho>
<CP of DelSqRho>
CP# = 34      
Type = (3,-1)
Coords =  1.22826011763597E+00 -1.89089436074154E+00 -1.41140220397519E-05
DistFromNuc =  1.2600620378E+00
Rho =  2.4471345560E-01
DelSqRho =  4.4667085018E-01
GradDelSqRho =  9.7838404045E-16 -1.1934897515E-15  1.8111597291E-16
HessDelSqRho_EigVals = -7.9039214976E+00 -3.9528653525E-01  6.8841420796E-01
HessDelSqRho_EigVec1 = -5.4422557951E-01  8.3893887253E-01 -2.9455698547E-04
HessDelSqRho_EigVec2 =  5.0162729005E-01  3.2512770167E-01 -8.0166204818E-01
HessDelSqRho_EigVec3 =  6.7244968621E-01  4.3643275056E-01  5.9777744500E-01
</CP of DelSqRho>
<CP of DelSqRho>
CP# = 35      
Type = (3,-1)
Coords =  2.36544349906668E+00 -4.78452512647901E+00 -7.60815809109839E-01
DistFromNuc =  2.0386305393E+00
Rho =  6.6481458818E-02
DelSqRho =  1.8540453317E-01
GradDelSqRho = -2.8952534814E-15  3.7504721551E-15  1.9081958236E-16
HessDelSqRho_EigVals = -2.3500867403E+00 -1.2821407555E-02  4.2005732200E-01
HessDelSqRho_EigVec1 = -7.0334428725E-01  7.0928169100E-01  4.7183645513E-02
HessDelSqRho_EigVec2 =  3.9085663174E-01  4.4131918022E-01 -8.0775520710E-01
HessDelSqRho_EigVec3 =  5.9374902696E-01  5.4968796965E-01  5.8762677696E-01
</CP of DelSqRho>
<CP of DelSqRho>
CP# = 36      
Type = (3,-1)
Coords =  3.40795837157779E+00 -4.10844346661064E+00  7.60144511922433E-01
DistFromNuc =  2.0385499681E+00
Rho =  6.6487157656E-02
DelSqRho =  1.8542814802E-01
GradDelSqRho = -1.2889689316E-13  3.1688540680E-13 -9.5909391540E-14
HessDelSqRho_EigVals = -2.3503891170E+00 -1.2831517953E-02  4.2012824383E-01
HessDelSqRho_EigVec1 = -3.6167545308E-01  9.3116217923E-01 -4.6128761138E-02
HessDelSqRho_EigVec2 = -5.6212810890E-01 -1.7833044490E-01  8.0759534521E-01
HessDelSqRho_EigVec3 =  7.4377607909E-01  3.1801768565E-01  5.8793017935E-01
</CP of DelSqRho>
<CP of DelSqRho>
CP# = 37      
Type = (3,+1)
Coords =  7.61897757067924E-01 -4.39368491474828E+00 -9.22388587110955E-01
DistFromNuc =  2.0661765192E+00
Rho =  6.4104905463E-02
DelSqRho =  1.6941133652E-01
GradDelSqRho =  9.2287288922E-16  2.2204460493E-16  1.9428902931E-16
HessDelSqRho_EigVals = -1.8412535949E+00  6.6380798985E-03  5.0143530635E-01
HessDelSqRho_EigVec1 =  8.8935144733E-01  3.7606063389E-01  2.6006230555E-01
HessDelSqRho_EigVec2 = -4.5843327869E-02 -4.9257747519E-01  8.6906030874E-01
HessDelSqRho_EigVec3 = -4.5492020445E-01  7.8482216493E-01  4.2083461955E-01
</CP of DelSqRho>
<CP of DelSqRho>
CP# = 38      
Type = (3,+1)
Coords =  3.70561919120290E+00 -2.48559512671199E+00  9.19603966401439E-01
DistFromNuc =  2.0660127867E+00
Rho =  6.4106294968E-02
DelSqRho =  1.6943916392E-01
GradDelSqRho =  3.5429992273E-14  5.4078269640E-14  5.6482596378E-15
HessDelSqRho_EigVals = -1.8407310653E+00  6.6602144877E-03  5.0173353718E-01
HessDelSqRho_EigVec1 =  7.0752852759E-01  6.5824076728E-01  2.5714290762E-01
HessDelSqRho_EigVec2 = -4.6712792526E-01  1.6258497166E-01  8.6911312752E-01
HessDelSqRho_EigVec3 =  5.3027811956E-01 -7.3504096436E-01  4.2251614955E-01
</CP of DelSqRho>
<Path of -GradDelSqRho>
Starting CP# =      6
Ending CP# =      1
Number of Points =      7
  1.8700373685E+00 -3.0723092456E+00  1.0489093273E-01  2.2493804759E+01  1.2483960248E+03
  1.8766240380E+00 -3.0538739753E+00  8.9342413987E-02  3.2750485736E+01  9.9489635796E+02
  1.8831849708E+00 -3.0354201733E+00  7.3804997642E-02  4.8031853269E+01 -7.9301151111E+02
  1.8897345666E+00 -3.0169582117E+00  5.8272490934E-02  7.0726033273E+01 -6.4063851801E+03
  1.8962759349E+00 -2.9984903200E+00  4.2743567896E-02  1.0440383052E+02 -2.0716148720E+04
  1.9028037723E+00 -2.9800126453E+00  2.7220589250E-02  1.5491547668E+02 -7.5590967206E+04
  1.9141019257E+00 -2.9479553011E+00  3.1210889596E-04  2.9734803259E+02 -3.3294721565E+06
</Path of -GradDelSqRho>
<Path of -GradDelSqRho>
Starting CP# =      6
Ending CP# =     13
Number of Points =     55
  1.8700373685E+00 -3.0723092456E+00  1.0489093273E-01  2.2493804759E+01  1.2483960248E+03
  1.8634202562E+00 -3.0907226287E+00  1.2045245749E-01  1.5562495428E+01  1.1656234329E+03
  1.8567891666E+00 -3.1091260889E+00  1.3601977255E-01  1.0862958795E+01  9.9416794868E+02
  1.8501543055E+00 -3.1275270428E+00  1.5158844339E-01  7.6864168733E+00  7.8423604218E+02
  1.8435110941E+00 -3.1459222611E+00  1.6716033046E-01  5.5475563142E+00  5.8194697558E+02
  1.8368515353E+00 -3.1643061312E+00  1.8273863390E-01  4.1084497287E+00  4.1634219455E+02
  1.8301668863E+00 -3.1826726067E+00  1.9832670390E-01  3.1378143189E+00  2.9260249863E+02
  1.8234483976E+00 -3.2010157509E+00  2.1392769032E-01  2.4803750163E+00  2.0350468432E+02
  1.8166880578E+00 -3.2193302790E+00  2.2954420689E-01  2.0325189567E+00  1.3975896844E+02
  1.8098782470E+00 -3.2376113374E+00  2.4517843235E-01  1.7247436779E+00  9.4106354443E+01
  1.8030098361E+00 -3.2558532219E+00  2.6083276227E-01  1.5100821816E+00  6.1625198044E+01
  1.7960695287E+00 -3.2740476230E+00  2.7651061528E-01  1.3567494976E+00  3.8931361342E+01
  1.7890369657E+00 -3.2921817783E+00  2.9221711299E-01  1.2433920975E+00  2.3498911873E+01
  1.7818811039E+00 -3.3102361999E+00  3.0795969684E-01  1.1558707444E+00  1.3330291170E+01
  1.7745546746E+00 -3.3281811317E+00  3.2374886624E-01  1.0849914018E+00  6.8453168521E+00
  1.7669847313E+00 -3.3459702496E+00  3.3959919316E-01  1.0248853143E+00  2.8405435007E+00
  1.7590550614E+00 -3.3635282175E+00  3.5553075607E-01  9.7187129630E-01  4.4600517283E-01
  1.7505688233E+00 -3.3807221337E+00  3.7157112627E-01  9.2368888650E-01 -9.3464949248E-01
  1.7411516110E+00 -3.3972797543E+00  3.8775668573E-01  8.7903553742E-01 -1.6909184705E+00
  1.7299220747E+00 -3.4124636543E+00  4.0410899952E-01  8.3750564424E-01 -2.0677521989E+00
  1.7140971825E+00 -3.4229026653E+00  4.2003397992E-01  8.0190509017E-01 -2.2210312342E+00
  1.6922777286E+00 -3.4173929428E+00  4.2918321593E-01  7.8983731932E-01 -2.2846066634E+00
  1.6717674357E+00 -3.4035397563E+00  4.3256295994E-01  7.9271406668E-01 -2.3420046270E+00
  1.6521514470E+00 -3.3882384968E+00  4.3500565506E-01  7.9723738341E-01 -2.4005933462E+00
  1.6331646748E+00 -3.3721182567E+00  4.3713950579E-01  8.0191387789E-01 -2.4602876123E+00
  1.6148223699E+00 -3.3552410560E+00  4.3904561681E-01  8.0659360588E-01 -2.5209072418E+00
  1.5971648477E+00 -3.3376279566E+00  4.4074928650E-01  8.1124589411E-01 -2.5822692905E+00
  1.5802302580E+00 -3.3193021185E+00  4.4226396492E-01  8.1585147179E-01 -2.6441891044E+00
  1.5640514397E+00 -3.3002920230E+00  4.4359545782E-01  8.2039264398E-01 -2.7064783898E+00
  1.5486552527E+00 -3.2806310775E+00  4.4474264720E-01  8.2485236993E-01 -2.7689429262E+00
  1.5340623149E+00 -3.2603568042E+00  4.4569801964E-01  8.2921415052E-01 -2.8313803972E+00
  1.5202869563E+00 -3.2395099513E+00  4.4644827708E-01  8.3346199060E-01 -2.8935786355E+00
  1.5073373676E+00 -3.2181336151E+00  4.4697501607E-01  8.3758038153E-01 -2.9553145152E+00
  1.4952159097E+00 -3.1962724312E+00  4.4725543025E-01  8.4155430906E-01 -3.0163536528E+00
  1.4839195464E+00 -3.1739718779E+00  4.4726299125E-01  8.4536929409E-01 -3.0764510053E+00
  1.4734403478E+00 -3.1512777201E+00  4.4696807030E-01  8.4901146977E-01 -3.1353523784E+00
  1.4637660205E+00 -3.1282356050E+00  4.4633847415E-01  8.5246769463E-01 -3.1927967974E+00
  1.4548804248E+00 -3.1048908085E+00  4.4533988110E-01  8.5572569788E-01 -3.2485196472E+00
  1.4467640496E+00 -3.0812881244E+00  4.4393617482E-01  8.5877425089E-01 -3.3022564536E+00
  1.4393944295E+00 -3.0574718798E+00  4.4208968444E-01  8.6160335695E-01 -3.3537471590E+00
  1.4327464989E+00 -3.0334860630E+00  4.3976134961E-01  8.6420445105E-01 -3.4027407358E+00
  1.4267928913E+00 -3.0093745444E+00  4.3691083893E-01  8.6657060050E-01 -3.4489999777E+00
  1.4215042032E+00 -2.9851813766E+00  4.3349666179E-01  8.6869669772E-01 -3.4923063062E+00
  1.4168492540E+00 -2.9609511501E+00  4.2947632748E-01  8.7057963561E-01 -3.5324644308E+00
  1.4127953935E+00 -2.9367293794E+00  4.2480662470E-01  8.7221845602E-01 -3.5693066980E+00
  1.4093089259E+00 -2.9125628747E+00  4.1944411945E-01  8.7361446027E-01 -3.6026969639E+00
  1.4063557511E+00 -2.8885000278E+00  4.1334600151E-01  8.7477126976E-01 -3.6325338150E+00
  1.4039023615E+00 -2.8645908952E+00  4.0647144684E-01  8.7569482294E-01 -3.6587529691E+00
  1.4019173785E+00 -2.8408868955E+00  3.9878369980E-01  8.7639329406E-01 -3.6813286948E+00
  1.4003738638E+00 -2.8174398548E+00  3.9025310082E-01  8.7687692046E-01 -3.7002741317E+00
  1.3992526687E+00 -2.7943000511E+00  3.8086126439E-01  8.7715773083E-01 -3.7156404805E+00
  1.3985470552E+00 -2.7715128886E+00  3.7060649796E-01  8.7724918109E-01 -3.7275151883E+00
  1.3982685854E+00 -2.7491140123E+00  3.5951023239E-01  8.7716572912E-01 -3.7360194734E+00
  1.3984534780E+00 -2.7271233964E+00  3.4762338453E-01  8.7692241852E-01 -3.7413057437E+00
  1.3994774426E+00 -2.6994509196E+00  3.3131642516E-01  8.7639950502E-01 -3.7436691142E+00
</Path of -GradDelSqRho>
<Path of -GradDelSqRho>
Starting CP# =      7
Ending CP# =     18
Number of Points =     55
  2.0455690402E+00 -2.9582913192E+00 -1.0433840679E-01  2.2493890204E+01  1.2484086811E+03
  2.0650733445E+00 -2.9597373380E+00 -1.1991053085E-01  1.5562541328E+01  1.1656344927E+03
  2.0845742791E+00 -2.9611665354E+00 -1.3548843003E-01  1.0862980615E+01  9.9417711299E+02
  2.1040744599E+00 -2.9625912636E+00 -1.5106768213E-01  7.6864242759E+00  7.8424344455E+02
  2.1235728027E+00 -2.9640060213E+00 -1.6665014244E-01  5.5475555123E+00  5.8195260380E+02
  2.1430674386E+00 -2.9654012103E+00 -1.8223900250E-01  4.1084446450E+00  4.1634624467E+02
  2.1625564060E+00 -2.9667663740E+00 -1.9783760372E-01  3.1378073215E+00  2.9260531738E+02
  2.1820378455E+00 -2.9680910938E+00 -2.1344908792E-01  2.4803674591E+00  2.0350661066E+02
  2.2015101920E+00 -2.9693658912E+00 -2.2907606250E-01  2.0325115596E+00  1.3976026284E+02
  2.2209721142E+00 -2.9705818204E+00 -2.4472070137E-01  1.7247367750E+00  9.4107200498E+01
  2.2404221175E+00 -2.9717282089E+00 -2.6038539521E-01  1.5100758770E+00  6.1625725976E+01
  2.2598580230E+00 -2.9727895117E+00 -2.7607355579E-01  1.3567437653E+00  3.8931667391E+01
  2.2792764592E+00 -2.9737419105E+00 -2.9179029442E-01  1.2433868479E+00  2.3499068770E+01
  2.2986722578E+00 -2.9745490756E+00 -3.0754303764E-01  1.1558658717E+00  1.3330353056E+01
  2.3180374719E+00 -2.9751556535E+00 -3.2334226383E-01  1.0849868194E+00  6.8453222491E+00
  2.3373594640E+00 -2.9754760536E+00 -3.3920251489E-01  1.0248809874E+00  2.8405180474E+00
  2.3566166880E+00 -2.9753732888E+00 -3.5514382329E-01  9.7186728166E-01  4.4596434455E-01
  2.3757677894E+00 -2.9746131642E+00 -3.7119367857E-01  9.2368541064E-01 -9.3469807100E-01
  2.3947162854E+00 -2.9727422962E+00 -3.8738827377E-01  8.7903321424E-01 -1.6909737722E+00
  2.4131466665E+00 -2.9686541850E+00 -4.0374851841E-01  8.3750635290E-01 -2.0678213508E+00
  2.4291097910E+00 -2.9584330100E+00 -4.1967646691E-01  8.0191649349E-01 -2.2211423036E+00
  2.4329516335E+00 -2.9362553662E+00 -4.2882050183E-01  7.8985394116E-01 -2.2847982128E+00
  2.4286447187E+00 -2.9118814890E+00 -4.3219211617E-01  7.9273167429E-01 -2.3422753642E+00
  2.4226497397E+00 -2.8877355249E+00 -4.3462414683E-01  7.9726019168E-01 -2.4009455287E+00
  2.4156506052E+00 -2.8638310959E+00 -4.3674626298E-01  8.0194279959E-01 -2.4607235895E+00
  2.4076981752E+00 -2.8402072333E+00 -4.3863976301E-01  8.0662878753E-01 -2.5214287802E+00
  2.3987954074E+00 -2.8169092485E+00 -4.4032989762E-01  8.1128732964E-01 -2.5828774419E+00
  2.3889479888E+00 -2.7939813432E+00 -4.4183006700E-01  8.1589909280E-01 -2.6448841105E+00
  2.3781685936E+00 -2.7714650458E+00 -4.4314606147E-01  8.2044633031E-01 -2.7072596102E+00
  2.3664767995E+00 -2.7493984444E+00 -4.4427678612E-01  8.2491195093E-01 -2.7698087916E+00
  2.3538984576E+00 -2.7278156207E+00 -4.4521478689E-01  8.2927940624E-01 -2.8323283912E+00
  2.3404649036E+00 -2.7067462486E+00 -4.4594685676E-01  8.3353265426E-01 -2.8946053045E+00
  2.3262121019E+00 -2.6862153733E+00 -4.4645470897E-01  8.3765614304E-01 -2.9564155033E+00
  2.3111797862E+00 -2.6662433638E+00 -4.4671567270E-01  8.4163481957E-01 -3.0175237597E+00
  2.2954106540E+00 -2.6468460210E+00 -4.4670336707E-01  8.4545417116E-01 -3.0776842609E+00
  2.2789496578E+00 -2.6280348077E+00 -4.4638831624E-01  8.4910030295E-01 -3.1366421303E+00
  2.2618434241E+00 -2.6098171635E+00 -4.4573847950E-01  8.5256005109E-01 -3.1941358064E+00
  2.2441398144E+00 -2.5921968690E+00 -4.4471968239E-01  8.5582112800E-01 -3.2499001874E+00
  2.2258876320E+00 -2.5751744296E+00 -4.4329594633E-01  8.5887229346E-01 -3.3036704144E+00
  2.2071364674E+00 -2.5587474587E+00 -4.4142972524E-01  8.6170354407E-01 -3.3551861466E+00
  2.1879366713E+00 -2.5429110491E+00 -4.3908206764E-01  8.6430631247E-01 -3.4041961740E+00
  2.1683394354E+00 -2.5276581334E+00 -4.3621273232E-01  8.6667366763E-01 -3.4504632062E+00
  2.1483969586E+00 -2.5129798429E+00 -4.3278029741E-01  8.6880050720E-01 -3.4937686775E+00
  2.1281626675E+00 -2.4988658886E+00 -4.2874231678E-01  8.7068373261E-01 -3.5339174049E+00
  2.1076914451E+00 -2.4853049961E+00 -4.2405559652E-01  8.7232239732E-01 -3.5707419365E+00
  2.0870397991E+00 -2.4722854425E+00 -4.1867669027E-01  8.7371781724E-01 -3.6041064221E+00
  2.0662658648E+00 -2.4597957579E+00 -4.1256274384E-01  8.7487363128E-01 -3.6339098340E+00
  2.0454290766E+00 -2.4478256702E+00 -4.0567285816E-01  8.7579579833E-01 -3.6600883657E+00
  2.0245892658E+00 -2.4363673891E+00 -3.9797017676E-01  8.7649251584E-01 -3.6826168486E+00
  2.0038048409E+00 -2.4254173360E+00 -3.8942492717E-01  8.7697404673E-01 -3.7015090665E+00
  1.9831296191E+00 -2.4149784242E+00 -3.8001862673E-01  8.7725244684E-01 -3.7168169365E+00
  1.9626078661E+00 -2.4050629512E+00 -3.6974955005E-01  8.7734119934E-01 -3.7286286805E+00
  1.9422673629E+00 -2.3956960330E+00 -3.5863923546E-01  8.7725478737E-01 -3.7370663342E+00
  1.9221113117E+00 -2.3869190580E+00 -3.4673894636E-01  8.7700827557E-01 -3.7422831515E+00
  1.8969449388E+00 -2.3767966972E+00 -3.3075860199E-01  8.7649380182E-01 -3.7445554333E+00
</Path of -GradDelSqRho>
<Path of -GradDelSqRho>
Starting CP# =      7
Ending CP# =      1
Number of Points =      7
  2.0455690402E+00 -2.9582913192E+00 -1.0433840679E-01  2.2493890204E+01  1.2484086811E+03
  2.0260571473E+00 -2.9568085517E+00 -8.8779252732E-02  3.2750636250E+01  9.9490189704E+02
  2.0065388137E+00 -2.9552947054E+00 -7.3231169880E-02  4.8032108289E+01 -7.9304654831E+02
  1.9870176466E+00 -2.9537671704E+00 -5.7687982801E-02  7.0726447614E+01 -6.4065003821E+03
  1.9674944152E+00 -2.9522296973E+00 -4.2148369332E-02  1.0440449819E+02 -2.0716582281E+04
  1.9479677616E+00 -2.9506758678E+00 -2.6614683359E-02  1.5491651958E+02 -7.5592430629E+04
  1.9141019257E+00 -2.9479553011E+00  3.1210889596E-04  2.9734803259E+02 -3.3294721565E+06
</Path of -GradDelSqRho>
<Path of -GradDelSqRho>
Starting CP# =     11
Ending CP# =     20
Number of Points =     26
  1.9919099949E+00 -3.0902678632E+00  6.6292017824E-01  7.7751222605E-01 -2.3463179953E+00
  2.0132149814E+00 -3.0924879838E+00  6.6061486691E-01  7.7615354702E-01 -2.3491272596E+00
  2.0378651580E+00 -3.0947509568E+00  6.5712565985E-01  7.7490955356E-01 -2.3594704700E+00
  2.0624054604E+00 -3.0966801358E+00  6.5276912526E-01  7.7401639218E-01 -2.3774276411E+00
  2.0868017560E+00 -3.0982786665E+00  6.4755435920E-01  7.7346287400E-01 -2.4029079768E+00
  2.1110207364E+00 -3.0995495772E+00  6.4149178172E-01  7.7323339342E-01 -2.4357139763E+00
  2.1350298954E+00 -3.1004957083E+00  6.3459287752E-01  7.7330819839E-01 -2.4755348610E+00
  2.1587974651E+00 -3.1011196073E+00  6.2686994240E-01  7.7366372540E-01 -2.5219417438E+00
  2.1822923080E+00 -3.1014234038E+00  6.1833584150E-01  7.7427299980E-01 -2.5743850831E+00
  2.2054837646E+00 -3.1014086673E+00  6.0900378720E-01  7.7510610401E-01 -2.6321949209E+00
  2.2283414599E+00 -3.1010762442E+00  5.9888714476E-01  7.7613071562E-01 -2.6945843327E+00
  2.2508350719E+00 -3.1004260710E+00  5.8799927402E-01  7.7731271783E-01 -2.7606564051E+00
  2.2729340626E+00 -3.0994569538E+00  5.7635341622E-01  7.7861688328E-01 -2.8294149277E+00
  2.2946073780E+00 -3.0981663027E+00  5.6396263743E-01  7.8000763025E-01 -2.8997788304E+00
  2.3158231224E+00 -3.0965498006E+00  5.5083984421E-01  7.8144984670E-01 -2.9706002398E+00
  2.3365482145E+00 -3.0946009773E+00  5.3699789380E-01  7.8290977117E-01 -3.0406858653E+00
  2.3567480429E+00 -3.0923106418E+00  5.2244983231E-01  7.8435591041E-01 -3.1088212735E+00
  2.3763861418E+00 -3.0896660967E+00  5.0720931063E-01  7.8575995968E-01 -3.1737974722E+00
  2.3954239281E+00 -3.0866500059E+00  4.9129125451E-01  7.8709767281E-01 -3.2344390977E+00
  2.4138205506E+00 -3.0832386858E+00  4.7471290787E-01  7.8834960524E-01 -3.2896333992E+00
  2.4315329171E+00 -3.0793993787E+00  4.5749544728E-01  7.8950162730E-01 -3.3383591321E+00
  2.4485159557E+00 -3.0750855976E+00  4.3966653445E-01  7.9054508856E-01 -3.3797144312E+00
  2.4647230595E+00 -3.0702284347E+00  4.2126461111E-01  7.9147653432E-01 -3.4129427660E+00
  2.4801062683E+00 -3.0647180968E+00  4.0234715721E-01  7.9229700115E-01 -3.4374562565E+00
  2.4946140230E+00 -3.0583550774E+00  3.8301131756E-01  7.9301135779E-01 -3.4528561262E+00
  2.5101683602E+00 -3.0491688279E+00  3.6051028787E-01  7.9372045256E-01 -3.4590627366E+00
</Path of -GradDelSqRho>
<Path of -GradDelSqRho>
Starting CP# =     11
Ending CP# =     13
Number of Points =     36
  1.9919099949E+00 -3.0902678632E+00  6.6292017824E-01  7.7751222605E-01 -2.3463179953E+00
