 AIMInt (Version 19.02.13, Professional)
 Portions Copyright (c) 1997-2019 by Todd A. Keith
 AIMInt is a component of the AIMAll package ( http://aim.tkgristmill.com )

 TP:  64-bit Linux

 Licensed To:  Research Group of Fernando Cortes Guzman, UNAM, fercor@unam.mx

 AIMInt is a heavily modified and extended version of the PROAIMV program
 developed by members of R.F.W. Bader's research group

 Much of the Quantum Theory of Atoms in Molecules (QTAIM) is described in the book:
   "Atoms in Molecules - A Quantum Theory"
   R.F.W. Bader, Oxford University Press, Oxford, 1990

 For additional references see:  http://aim.tkgristmill.com/references.html

 Current Directory:  /home/scratch/M_H2O_4_cuadrado_plano/Opt

 Inp File:  V4_cuadrado_plano_cc-pvtz-def2-tzv_2_atomicfiles/v1.inp
 Wfx File:  V4_cuadrado_plano_cc-pvtz-def2-tzv_2.wfx
 Out File:  V4_cuadrado_plano_cc-pvtz-def2-tzv_2_atomicfiles/v1.int

 Wfx Title:   V4_cuadrado_plano_cc-pvtz-def2-tzv_2                                          
 Job Title:   V4_cuadrado_plano_cc-pvtz-def2-tzv_2                                          
 
<Atom>
V1      
</Atom>
<Nuclei of Molecule>
    13
V1        23.0           1.5846970517E-04  -8.1081241132E-05  -4.0430510639E-04
O2         8.0          -2.9480278920E+00  -1.9140673700E+00   1.3611877309E-04
H3         1.0          -3.3262564051E+00  -3.5213263836E+00   1.0030102059E+00
O4         8.0           2.9478743965E+00   1.9142699535E+00   1.3625105392E-04
H5         1.0           4.5701240613E+00   1.6043189301E+00  -1.0018839255E+00
O6         8.0          -1.9142354295E+00   2.9479471632E+00   3.1205227606E-04
H7         1.0          -3.5217823005E+00   3.3249221680E+00   1.0031005726E+00
O8         8.0           1.9141017995E+00  -2.9479551065E+00   3.1210896785E-04
H9         1.0           3.5212780332E+00  -3.3259591327E+00   1.0032680401E+00
H10        1.0           3.3250647275E+00   3.5218876767E+00   1.0027634455E+00
H11        1.0          -1.6046495564E+00   4.5701928907E+00  -1.0017748128E+00
H12        1.0           1.6042995693E+00  -4.5694994689E+00  -1.0030243753E+00
H13        1.0          -4.5694259278E+00  -1.6042289336E+00  -1.0033323817E+00
</Nuclei of Molecule>
<Total Number of CPs of DelSqRho>
    88
</Total Number of CPs of DelSqRho>
<Number of (3,+3) CPs of DelSqRho>
    12
</Number of (3,+3) CPs of DelSqRho>
<Number of (3,+1) CPs of DelSqRho>
    27
</Number of (3,+1) CPs of DelSqRho>
<Number of (3,-1) CPs of DelSqRho>
    33
</Number of (3,-1) CPs of DelSqRho>
<Number of (3,-3) CPs of DelSqRho>
    16
</Number of (3,-3) CPs of DelSqRho>
<Number of Degenerate CPs of DelSqRho>
     0
</Number of Degenerate CPs of DelSqRho>
<CP of DelSqRho>
CP# = 1       
Type = (3,+3)
Coords =  1.58469705037608E-04 -8.10812410698156E-05 -4.04305106627691E-04
DistFromNuc =  2.7713722006E-13
Rho =  8.1180913323E+03
DelSqRho = -3.9067593547E+09
GradDelSqRho = -3.4497084016E-04  8.8663598945E-05 -3.4619992948E-04
HessDelSqRho_EigVals =  3.0762696431E+16  3.0762696431E+16  3.0762696483E+16
HessDelSqRho_EigVec1 =  2.1193521620E-01  9.7728371510E-01 -6.5875131686E-05
HessDelSqRho_EigVec2 =  9.7728371267E-01 -2.1193522129E-01 -8.3232058444E-05
HessDelSqRho_EigVec3 =  9.5302595903E-05  4.6738888965E-05  9.9999999437E-01
</CP of DelSqRho>
<CP of DelSqRho>
CP# = 2       
Type = (3,-1)
Coords =  6.76666217166731E-02  3.17348458581819E-01 -4.04930898758943E-04
DistFromNuc =  3.2452867876E-01
Rho =  1.5679409818E+01
DelSqRho =  9.5974082457E+02
GradDelSqRho =  2.0463630790E-12 -2.7284841053E-12  8.8817841970E-16
HessDelSqRho_EigVals = -2.3098723328E+05 -3.6092807436E+02  2.9427574647E+03
HessDelSqRho_EigVec1 =  2.0801753471E-01  9.7812509692E-01 -4.6172215521E-06
HessDelSqRho_EigVec2 =  9.7812233152E-01 -2.0801695781E-01 -2.3769391174E-03
HessDelSqRho_EigVec3 =  2.3259042650E-03 -4.8992880784E-04  9.9999717507E-01
</CP of DelSqRho>
<CP of DelSqRho>
CP# = 3       
Type = (3,+1)
Coords =  1.76847073814785E-01 -3.75785461446514E-02 -3.75924958534162E-04
DistFromNuc =  1.8062370692E-01
Rho =  6.8901963010E+01
DelSqRho = -3.5727448098E+03
GradDelSqRho =  0.0000000000E+00 -3.6379788071E-12  7.1054273576E-15
HessDelSqRho_EigVals = -1.1899053167E+03  1.2782919598E+04  5.2188992912E+06
HessDelSqRho_EigVec1 =  2.0760005080E-01  9.7821367424E-01  4.7586270745E-04
HessDelSqRho_EigVec2 = -2.5309860387E-04 -4.3274733913E-04  9.9999987434E-01
HessDelSqRho_EigVec3 =  9.7821375724E-01 -2.0760014515E-01  1.5774614565E-04
</CP of DelSqRho>
<CP of DelSqRho>
CP# = 4       
Type = (3,+1)
Coords = -1.76496967395445E-01  3.75725420708629E-02 -3.65664008958281E-04
DistFromNuc =  1.8062375342E-01
Rho =  6.8901881986E+01
DelSqRho = -3.5727410332E+03
GradDelSqRho =  0.0000000000E+00 -2.3646862246E-11 -4.9737991503E-14
HessDelSqRho_EigVals = -1.1843473203E+03  1.2782910022E+04  5.2188877418E+06
HessDelSqRho_EigVec1 =  2.0846408394E-01  9.7802994504E-01 -3.9026524026E-04
HessDelSqRho_EigVec2 =  2.9104138858E-04  3.3699737598E-04  9.9999990086E-01
HessDelSqRho_EigVec3 =  9.7802997960E-01 -2.0846417685E-01 -2.1439534401E-04
</CP of DelSqRho>
<CP of DelSqRho>
CP# = 5       
Type = (3,+1)
Coords =  3.75228194285220E-02  1.76635762613583E-01 -3.72439846348330E-04
DistFromNuc =  1.8062374857E-01
Rho =  6.8901904040E+01
DelSqRho = -3.5727384585E+03
GradDelSqRho =  1.0913936421E-11  0.0000000000E+00  7.1054273576E-15
HessDelSqRho_EigVals = -1.1864423168E+03  1.2782168820E+04  5.2188881653E+06
HessDelSqRho_EigVec1 =  9.7836970023E-01 -2.0686346396E-01 -4.8676577789E-04
HessDelSqRho_EigVec2 =  4.3964079036E-04 -2.7377712450E-04  9.9999986588E-01
HessDelSqRho_EigVec3 =  2.0686356948E-01  9.7836978302E-01  1.7690962644E-04
</CP of DelSqRho>
<CP of DelSqRho>
CP# = 6       
Type = (3,+3)
Coords =  1.53556757062025E-04 -7.09733082410242E-05 -1.81309859832944E-01
DistFromNuc =  1.8090555508E-01
Rho =  6.8774724218E+01
DelSqRho = -3.5865782433E+03
GradDelSqRho =  0.0000000000E+00  0.0000000000E+00  2.9103830457E-11
HessDelSqRho_EigVals =  1.4445177352E+04  1.4446827114E+04  5.1664273013E+06
HessDelSqRho_EigVec1 =  9.7940103334E-01  2.0192477727E-01 -1.5084506182E-05
HessDelSqRho_EigVec2 = -2.0192477602E-01  9.7940103183E-01  6.0650998918E-05
HessDelSqRho_EigVec3 =  2.7020720367E-05 -5.6355715481E-05  9.9999999805E-01
</CP of DelSqRho>
<CP of DelSqRho>
CP# = 7       
Type = (3,+3)
Coords =  1.51616790520537E-01  9.83358823782224E-02 -3.74040136861769E-04
DistFromNuc =  1.8062536530E-01
Rho =  6.8911270683E+01
DelSqRho = -3.5775936237E+03
GradDelSqRho = -1.4551915228E-11  0.0000000000E+00  4.2632564146E-14
HessDelSqRho_EigVals =  1.1887747755E+03  1.3376137850E+04  5.2185816275E+06
HessDelSqRho_EigVec1 = -5.4486782349E-01  8.3852178202E-01 -5.2534879741E-04
HessDelSqRho_EigVec2 = -4.2712332728E-04  3.4897478643E-04  9.9999984789E-01
HessDelSqRho_EigVec3 =  8.3852183781E-01  5.4486796500E-01  1.6800708120E-04
</CP of DelSqRho>
<CP of DelSqRho>
CP# = 8       
Type = (3,+3)
Coords = -9.82488569916467E-02  1.51383611628350E-01 -3.65898093863010E-04
DistFromNuc =  1.8062545947E-01
Rho =  6.8911115266E+01
DelSqRho = -3.5775591971E+03
GradDelSqRho =  0.0000000000E+00  7.2759576142E-12  2.8421709430E-14
HessDelSqRho_EigVals =  1.1837941766E+03  1.3373544859E+04  5.2185559286E+06
HessDelSqRho_EigVec1 =  8.3855662453E-01  5.4481425068E-01  4.6873802562E-04
HessDelSqRho_EigVec2 = -2.7694577096E-04 -4.3409887372E-04  9.9999986743E-01
HessDelSqRho_EigVec3 = -5.4481438194E-01  8.3855664317E-01  2.1313248357E-04
</CP of DelSqRho>
<CP of DelSqRho>
CP# = 9       
Type = (3,+3)
Coords =  9.84459825982995E-02 -1.51623393657431E-01 -3.72316164073384E-04
DistFromNuc =  1.8062532676E-01
Rho =  6.8911331728E+01
DelSqRho = -3.5776108864E+03
GradDelSqRho =  2.9103830457E-11 -1.4551915228E-11  3.5527136788E-14
HessDelSqRho_EigVals =  1.1903425515E+03  1.3380180718E+04  5.2185922684E+06
HessDelSqRho_EigVec1 =  8.3898705122E-01  5.4415105294E-01 -5.9955201378E-04
HessDelSqRho_EigVec2 =  4.0625913560E-04  4.7543001330E-04  9.9999980446E-01
HessDelSqRho_EigVec3 = -5.4415123158E-01  8.3898713074E-01 -1.7781328852E-04
</CP of DelSqRho>
<CP of DelSqRho>
CP# = 10      
Type = (3,+3)
Coords = -1.51374515008955E-01 -9.83831511277129E-02 -3.76331684463194E-04
DistFromNuc =  1.8062542231E-01
Rho =  6.8911173072E+01
DelSqRho = -3.5775745669E+03
GradDelSqRho =  1.4551915228E-11  1.4551915228E-11 -1.4210854715E-14
HessDelSqRho_EigVals =  1.1851324532E+03  1.3376713830E+04  5.2185662377E+06
HessDelSqRho_EigVec1 = -5.4423141811E-01  8.3893496346E-01  5.3909654341E-04
HessDelSqRho_EigVec2 =  4.2383314144E-04 -3.6764845951E-04  9.9999984260E-01
HessDelSqRho_EigVec3 =  8.3893502961E-01  5.4423156093E-01 -1.5548259854E-04
</CP of DelSqRho>
<CP of DelSqRho>
CP# = 11      
Type = (3,+1)
Coords =  1.68442703222310E-04 -8.08035954998018E-05  3.25193034041148E-01
DistFromNuc =  3.2559733930E-01
Rho =  1.5808943472E+01
DelSqRho =  9.0760210063E+02
GradDelSqRho = -5.5164206536E-16 -1.3877787808E-17  6.4801497501E-12
HessDelSqRho_EigVals = -2.2360917169E+05  4.8817233463E+03  4.8820108872E+03
HessDelSqRho_EigVec1 =  3.0416002467E-05 -3.1904165379E-07  9.9999999954E-01
HessDelSqRho_EigVec2 =  9.9719282015E-01 -7.4876421629E-02 -3.0354507990E-05
HessDelSqRho_EigVec3 =  7.4876421604E-02  9.9719282061E-01 -1.9592953785E-06
</CP of DelSqRho>
<CP of DelSqRho>
CP# = 12      
Type = (3,+1)
Coords =  1.47008623164536E-04 -7.81334582234952E-05 -3.26002424969919E-01
DistFromNuc =  3.2559812008E-01
Rho =  1.5808803105E+01
DelSqRho =  9.0759417159E+02
GradDelSqRho =  4.1633363423E-17  2.7755575616E-17 -7.9012352217E-12
HessDelSqRho_EigVals = -2.2360565509E+05  4.8820088276E+03  4.8823101390E+03
HessDelSqRho_EigVec1 =  3.5038115284E-05 -8.1879078080E-06  9.9999999935E-01
HessDelSqRho_EigVec2 =  9.9992841677E-01 -1.1964952822E-02 -3.5133575096E-05
HessDelSqRho_EigVec3 =  1.1964953102E-02  9.9992841736E-01  7.7680922948E-06
</CP of DelSqRho>
<CP of DelSqRho>
CP# = 13      
Type = (3,-1)
Coords = -2.68456774980867E-02 -1.28995163547578E-01 -1.24174174926097E-01
DistFromNuc =  1.8074027016E-01
Rho =  6.8736522151E+01
DelSqRho = -3.5238056841E+03
GradDelSqRho =  4.3655745685E-11  2.0008883439E-11  1.4551915228E-11
HessDelSqRho_EigVals = -1.3570327772E+04 -6.3191422722E+02  5.1967822831E+06
HessDelSqRho_EigVec1 = -1.3993557833E-01 -6.6920392028E-01  7.2978363026E-01
HessDelSqRho_EigVec2 =  9.7879069903E-01 -2.0486272735E-01 -1.7443215995E-04
HessDelSqRho_EigVec3 =  1.4962219556E-01  7.1428102034E-01  6.8367815716E-01
</CP of DelSqRho>
<CP of DelSqRho>
CP# = 14      
Type = (3,-1)
Coords =  2.14836818812263E-01  1.35199098336454E-01  2.01633296824878E-01
DistFromNuc =  3.2435584341E-01
Rho =  1.5596709863E+01
DelSqRho =  9.8690027891E+02
GradDelSqRho = -7.7307049651E-12 -3.6379788071E-12  1.8189894035E-12
HessDelSqRho_EigVals = -2.3234457229E+05 -3.8289707339E+03  2.2211261170E+02
HessDelSqRho_EigVec1 =  6.6255606051E-01  4.1747957036E-01  6.2187641458E-01
HessDelSqRho_EigVec2 = -5.2571433426E-01 -3.3219738656E-01  7.8311514806E-01
HessDelSqRho_EigVec3 = -5.3352029524E-01  8.4578703271E-01  6.2439735955E-04
</CP of DelSqRho>
<CP of DelSqRho>
CP# = 15      
Type = (3,-1)
Coords = -1.35247246407758E-01  2.14507900005928E-01  2.01643972333183E-01
DistFromNuc =  3.2435573873E-01
Rho =  1.5596703828E+01
DelSqRho =  9.8690253604E+02
GradDelSqRho =  4.0358827391E-12 -4.3200998334E-12 -3.9790393203E-12
HessDelSqRho_EigVals = -2.3234465090E+05 -3.8291475292E+03  2.2173903414E+02
HessDelSqRho_EigVec1 = -4.1786801882E-01  6.6228081395E-01  6.2190870899E-01
HessDelSqRho_EigVec2 =  3.3244968508E-01 -5.2559294890E-01  7.8308955998E-01
HessDelSqRho_EigVec3 =  8.4549602349E-01  5.3398143744E-01 -5.4656377069E-04
</CP of DelSqRho>
<CP of DelSqRho>
CP# = 16      
Type = (3,-1)
Coords =  1.35387374423953E-01 -2.14790165135887E-01  2.01634826844443E-01
DistFromNuc =  3.2435575872E-01
Rho =  1.5596697131E+01
DelSqRho =  9.8690526142E+02
GradDelSqRho =  2.9558577808E-12  1.1368683772E-12  1.1368683772E-12
HessDelSqRho_EigVals = -2.3234522293E+05 -3.8293200370E+03  2.2173178043E+02
HessDelSqRho_EigVec1 = -4.1732151820E-01  6.6264992259E-01 -6.2188248933E-01
HessDelSqRho_EigVec2 = -3.3199512051E-01  5.2584919054E-01  7.8311038096E-01
HessDelSqRho_EigVec3 =  8.4594443695E-01  5.3327076508E-01  5.4835836738E-04
</CP of DelSqRho>
<CP of DelSqRho>
CP# = 17      
Type = (3,-1)
Coords = -2.14547330965008E-01 -1.35303179136452E-01  2.01642486787959E-01
DistFromNuc =  3.2435551901E-01
Rho =  1.5596725218E+01
DelSqRho =  9.8690631163E+02
GradDelSqRho = -9.0949470177E-13  1.5916157281E-12  4.5474735089E-13
HessDelSqRho_EigVals = -2.3234564094E+05 -3.8292703434E+03  2.2143849174E+02
HessDelSqRho_EigVec1 =  6.6264043237E-01  4.1730212927E-01 -6.2190561204E-01
HessDelSqRho_EigVec2 =  5.2583557615E-01  3.3206008812E-01  7.8309197718E-01
HessDelSqRho_EigVec3 = -5.3329598183E-01  8.4592850217E-01 -6.0413479658E-04
</CP of DelSqRho>
<CP of DelSqRho>
CP# = 18      
Type = (3,-1)
Coords =  2.11094127028850E-01  1.40958087918579E-01 -2.02445053731293E-01
DistFromNuc =  3.2435530344E-01
Rho =  1.5596755466E+01
DelSqRho =  9.8690628007E+02
GradDelSqRho =  2.2737367544E-12 -1.8189894035E-12 -4.5474735089E-13
HessDelSqRho_EigVals = -2.3234590751E+05 -3.8293789436E+03  2.2151381038E+02
HessDelSqRho_EigVec1 =  6.5097891542E-01  4.3529876291E-01 -6.2188539032E-01
HessDelSqRho_EigVec2 =  5.1737234716E-01  3.4506178239E-01  7.8310805176E-01
HessDelSqRho_EigVec3 = -5.5547484738E-01  8.3153313424E-01  5.8359783105E-04
</CP of DelSqRho>
<CP of DelSqRho>
CP# = 19      
Type = (3,-1)
Coords = -1.40844940665302E-01  2.10888187456335E-01 -2.02434701665724E-01
DistFromNuc =  3.2435516830E-01
Rho =  1.5596784060E+01
DelSqRho =  9.8690480042E+02
GradDelSqRho = -2.2737367544E-13  2.2737367544E-12 -2.3874235922E-12
HessDelSqRho_EigVals = -2.3234590922E+05 -3.8293738065E+03  2.2160421554E+02
HessDelSqRho_EigVec1 = -4.3518915344E-01  6.5108346529E-01 -6.2185265293E-01
HessDelSqRho_EigVec2 = -3.4491225447E-01  5.1743273594E-01  7.8313402461E-01
HessDelSqRho_EigVec3 =  8.3165253408E-01  5.5529603367E-01 -6.1444845448E-04
</CP of DelSqRho>
<CP of DelSqRho>
CP# = 20      
Type = (3,-1)
Coords =  1.41277664615414E-01 -2.10959111900307E-01 -2.02449229378039E-01
DistFromNuc =  3.2435524107E-01
Rho =  1.5596782732E+01
DelSqRho =  9.8690475826E+02
GradDelSqRho = -5.0590642786E-12  9.0949470177E-13  5.6843418861E-12
HessDelSqRho_EigVals = -2.3234597506E+05 -3.8294230684E+03  2.2178044368E+02
HessDelSqRho_EigVec1 = -4.3554627140E-01  6.5080002137E-01  6.2189933080E-01
HessDelSqRho_EigVec2 =  3.4523770426E-01 -5.1727176952E-01  7.8309695697E-01
HessDelSqRho_EigVec3 =  8.3133048364E-01  5.5577805700E-01  6.1508519893E-04
</CP of DelSqRho>
<CP of DelSqRho>
CP# = 21      
Type = (3,-1)
Coords = -2.10845034829529E-01 -1.41029999867753E-01 -2.02437148102257E-01
DistFromNuc =  3.2435527780E-01
Rho =  1.5596792790E+01
DelSqRho =  9.8690059768E+02
GradDelSqRho =  5.4569682106E-12  3.4106051316E-12  5.9117155615E-12
HessDelSqRho_EigVals = -2.3234533836E+05 -3.8291609619E+03  2.2203856784E+02
HessDelSqRho_EigVec1 =  6.5118736103E-01  4.3502166665E-01  6.2186105392E-01
HessDelSqRho_EigVec2 = -5.1745204475E-01 -3.4489826227E-01  7.8312742901E-01
HessDelSqRho_EigVec3 = -5.5515619624E-01  8.3174595775E-01 -5.0946168044E-04
</CP of DelSqRho>
<CP of DelSqRho>
CP# = 22      
Type = (3,+1)
Coords =  2.72368587153852E-01  1.76701779301864E-01 -4.00113110792221E-04
DistFromNuc =  3.2457746046E-01
Rho =  1.5695364639E+01
DelSqRho =  9.5499080306E+02
GradDelSqRho =  0.0000000000E+00  9.5496943686E-12 -3.5527136788E-15
HessDelSqRho_EigVals = -2.3061553844E+05  3.6086411386E+02  3.1215839667E+03
HessDelSqRho_EigVec1 =  8.3866035289E-01  5.4465476440E-01  1.0418759756E-05
HessDelSqRho_EigVec2 = -5.4465255396E-01  8.3865700345E-01 -2.8330249812E-03
HessDelSqRho_EigVec3 = -1.5517583195E-03  2.3702711264E-03  9.9999598692E-01
</CP of DelSqRho>
<CP of DelSqRho>
CP# = 23      
Type = (3,+1)
Coords = -2.72077702148636E-01 -1.76823582039845E-01 -4.03081643587601E-04
DistFromNuc =  3.2457733263E-01
Rho =  1.5695382672E+01
DelSqRho =  9.5499036702E+02
GradDelSqRho = -4.5474735089E-12 -7.2759576142E-12  3.1086244690E-15
HessDelSqRho_EigVals = -2.3061557182E+05  3.6078238965E+02  3.1216258568E+03
HessDelSqRho_EigVec1 =  8.3874003254E-01  5.4453205398E-01 -1.9085834533E-06
HessDelSqRho_EigVec2 = -5.4452981529E-01  8.3873659433E-01  2.8645396509E-03
HessDelSqRho_EigVec3 =  1.5614344586E-03 -2.4015647994E-03  9.9999589720E-01
</CP of DelSqRho>
<CP of DelSqRho>
CP# = 24      
Type = (3,+1)
Coords = -1.76570795188313E-01  2.72163479175934E-01 -3.91120844569300E-04
DistFromNuc =  3.2457716174E-01
Rho =  1.5695412412E+01
DelSqRho =  9.5499033665E+02
GradDelSqRho =  6.8212102633E-13 -6.3664629124E-12  6.2172489379E-15
HessDelSqRho_EigVals = -2.3061596148E+05  3.6078839659E+02  3.1216593926E+03
HessDelSqRho_EigVec1 = -5.4449002330E-01  8.3876731761E-01  3.7832321826E-05
HessDelSqRho_EigVec2 =  8.3876417750E-01  5.4448786034E-01  2.7612489094E-03
HessDelSqRho_EigVec3 = -2.2954461010E-03 -1.5352048793E-03  9.9999618703E-01
</CP of DelSqRho>
<CP of DelSqRho>
CP# = 25      
Type = (3,+1)
Coords =  1.76858222933182E-01 -2.72345377813783E-01 -4.09555870348977E-04
DistFromNuc =  3.2457764866E-01
Rho =  1.5695335334E+01
DelSqRho =  9.5498953565E+02
GradDelSqRho = -4.0927261580E-12 -1.3642420527E-12  3.5527136788E-15
HessDelSqRho_EigVals = -2.3061504196E+05  3.6090712512E+02  3.1217938223E+03
HessDelSqRho_EigVec1 = -5.4439959764E-01  8.3882601160E-01  1.8859547938E-05
HessDelSqRho_EigVec2 =  8.3882236504E-01  5.4439729704E-01 -2.9364767120E-03
HessDelSqRho_EigVec3 =  2.4734601354E-03  1.5827969299E-03  9.9999568837E-01
</CP of DelSqRho>
<CP of DelSqRho>
CP# = 26      
Type = (3,-3)
Coords =  5.67838886889734E-02  2.50211891551378E-01  1.97933816846806E-01
DistFromNuc =  3.2433165267E-01
Rho =  1.5590761559E+01
DelSqRho =  9.8873030158E+02
GradDelSqRho = -2.3874235922E-12  9.0949470177E-13 -4.5474735089E-13
HessDelSqRho_EigVals = -2.3252477342E+05 -3.6919903796E+03 -2.2711787520E+02
HessDelSqRho_EigVec1 =  1.7473239333E-01  7.7246893256E-01  6.1054102152E-01
HessDelSqRho_EigVec2 = -1.3550341924E-01 -5.9531469550E-01  7.9198436645E-01
HessDelSqRho_EigVec3 =  9.7524736047E-01 -2.2111571983E-01  6.5142009011E-04
</CP of DelSqRho>
<CP of DelSqRho>
CP# = 27      
Type = (3,-3)
Coords = -2.50131449683143E-01  5.65332431744563E-02  1.97940841927019E-01
DistFromNuc =  3.2433165561E-01
Rho =  1.5590765976E+01
DelSqRho =  9.8872576448E+02
GradDelSqRho = -1.0800249584E-12  1.9042545318E-12  3.0127011996E-12
HessDelSqRho_EigVals = -2.3252439941E+05 -3.6915628440E+03 -2.2654330545E+02
HessDelSqRho_EigVec1 =  7.7245882572E-01 -1.7469840170E-01 -6.1056353560E-01
HessDelSqRho_EigVec2 =  5.9533390817E-01 -1.3552059422E-01  7.9196698563E-01
HessDelSqRho_EigVec3 =  2.2109929974E-01  9.7525106357E-01  6.8019683786E-04
</CP of DelSqRho>
<CP of DelSqRho>
CP# = 28      
Type = (3,-3)
Coords =  2.50416435910884E-01 -5.69043899648828E-02  1.97921204487302E-01
DistFromNuc =  3.2433153689E-01
Rho =  1.5590783627E+01
DelSqRho =  9.8873055968E+02
GradDelSqRho =  1.4210854715E-12 -1.9326762413E-12  3.0695446185E-12
HessDelSqRho_EigVals = -2.3252546341E+05 -3.6916761232E+03 -2.2705847077E+02
HessDelSqRho_EigVec1 =  7.7236053076E-01 -1.7534373061E-01  6.1050289653E-01
HessDelSqRho_EigVec2 = -5.9513723241E-01  1.3611046411E-01  7.9201364645E-01
HessDelSqRho_EigVec3 =  2.2197046005E-01  9.7505308455E-01 -7.7276775026E-04
</CP of DelSqRho>
<CP of DelSqRho>
CP# = 29      
Type = (3,-3)
Coords = -5.66143730497209E-02 -2.50336901943858E-01  1.97938226530564E-01
DistFromNuc =  3.2433145288E-01
Rho =  1.5590799124E+01
DelSqRho =  9.8873024773E+02
GradDelSqRho =  3.8653524825E-12 -2.7284841053E-12 -2.2737367544E-12
HessDelSqRho_EigVals = -2.3252550915E+05 -3.6920385730E+03 -2.2672758553E+02
HessDelSqRho_EigVec1 =  1.7518938371E-01  7.7235341124E-01 -6.1055621198E-01
HessDelSqRho_EigVec2 =  1.3598902539E-01  5.9521965998E-01  7.9197256351E-01
HessDelSqRho_EigVec3 =  9.7509777192E-01 -2.2177412953E-01 -7.5542224714E-04
</CP of DelSqRho>
<CP of DelSqRho>
CP# = 30      
Type = (3,-3)
Coords = -2.51517767466215E-01  5.01025935640312E-02 -1.98725747595638E-01
DistFromNuc =  3.2433119511E-01
Rho =  1.5590831140E+01
DelSqRho =  9.8872803318E+02
GradDelSqRho = -3.4674485505E-12 -1.3073986338E-12 -8.5265128291E-13
HessDelSqRho_EigVals = -2.3252531575E+05 -3.6917933555E+03 -2.2686137760E+02
HessDelSqRho_EigVec1 =  7.7672836588E-01 -1.5490564966E-01  6.1048938184E-01
HessDelSqRho_EigVec2 = -5.9886485524E-01  1.1856905809E-01  7.9202415596E-01
HessDelSqRho_EigVec3 =  1.9507416740E-01  9.8078826368E-01  6.7159872362E-04
</CP of DelSqRho>
<CP of DelSqRho>
CP# = 31      
Type = (3,-3)
Coords =  2.51860447463082E-01 -5.00679291304145E-02 -1.98742519048179E-01
DistFromNuc =  3.2433103101E-01
Rho =  1.5590866871E+01
DelSqRho =  9.8872900114E+02
GradDelSqRho = -4.2632564146E-12  2.1600499167E-12  3.2969182939E-12
HessDelSqRho_EigVals = -2.3252622219E+05 -3.6917285705E+03 -2.2669317999E+02
HessDelSqRho_EigVec1 =  7.7680851798E-01 -1.5429807302E-01 -6.1054126074E-01
HessDelSqRho_EigVec2 =  5.9902057671E-01 -1.1804875038E-01  7.9198411677E-01
HessDelSqRho_EigVec3 =  1.9427525596E-01  9.8094678612E-01 -7.2644585691E-04
</CP of DelSqRho>
<CP of DelSqRho>
CP# = 32      
Type = (3,-3)
Coords = -4.98282873061856E-02 -2.51785850485172E-01 -1.98738969256535E-01
DistFromNuc =  3.2433101261E-01
Rho =  1.5590862259E+01
DelSqRho =  9.8873225000E+02
GradDelSqRho = -4.5474735089E-13 -2.2737367544E-12 -3.6379788071E-12
HessDelSqRho_EigVals = -2.3252621388E+05 -3.6922647957E+03 -2.2714462855E+02
HessDelSqRho_EigVec1 =  1.5429801853E-01  7.7681666813E-01  6.1053090471E-01
HessDelSqRho_EigVec2 = -1.1796514234E-01 -5.9902657453E-01  7.9199203797E-01
HessDelSqRho_EigVec3 =  9.8095685260E-01 -1.9422416723E-01 -7.9132466560E-04
</CP of DelSqRho>
<CP of DelSqRho>
CP# = 33      
Type = (3,-1)
Coords =  3.17588730410634E-01 -6.75856225707441E-02 -4.15302112056279E-04
DistFromNuc =  3.2452863299E-01
Rho =  1.5679393207E+01
DelSqRho =  9.5974583426E+02
GradDelSqRho = -1.9497292669E-11  2.3590018827E-12  8.8817841970E-16
HessDelSqRho_EigVals = -2.3098798332E+05 -3.6115426524E+02  2.9423869565E+03
HessDelSqRho_EigVec1 =  9.7812724979E-01 -2.0800740824E-01 -3.6508953567E-05
HessDelSqRho_EigVec2 =  2.0800688014E-01  9.7812433964E-01  2.4318739641E-03
HessDelSqRho_EigVec3 = -4.7013750434E-04 -2.3862763059E-03  9.9999704232E-01
</CP of DelSqRho>
<CP of DelSqRho>
CP# = 34      
Type = (3,-1)
Coords = -3.17268269780094E-01  6.74409312322669E-02 -3.87279212827730E-04
DistFromNuc =  3.2452882368E-01
Rho =  1.5679355567E+01
DelSqRho =  9.5974241356E+02
GradDelSqRho = -2.0463630790E-12  2.8421709430E-14 -1.5543122345E-15
HessDelSqRho_EigVals = -2.3098670901E+05 -3.6097708281E+02  2.9424119955E+03
HessDelSqRho_EigVec1 =  9.7811558575E-01 -2.0806224648E-01 -5.0086032408E-05
HessDelSqRho_EigVec2 =  2.0806157165E-01  9.7811297249E-01 -2.3228084923E-03
HessDelSqRho_EigVec3 =  5.3227855108E-04  2.2615542104E-03  9.9999730102E-01
</CP of DelSqRho>
<CP of DelSqRho>
CP# = 35      
Type = (3,-1)
Coords = -6.73816459443024E-02 -3.17503925683844E-01 -3.97652144663413E-04
DistFromNuc =  3.2452878060E-01
Rho =  1.5679395000E+01
DelSqRho =  9.5974069568E+02
GradDelSqRho = -5.0022208598E-12 -1.8189894035E-12  8.8817841970E-16
HessDelSqRho_EigVals = -2.3098708269E+05 -3.6094776140E+02  2.9428570684E+03
HessDelSqRho_EigVec1 =  2.0811905043E-01  9.7810350195E-01 -1.8151822820E-05
HessDelSqRho_EigVec2 =  9.7810071684E-01 -2.0811841346E-01  2.3903358367E-03
HessDelSqRho_EigVec3 = -2.3342181242E-03  5.1522873547E-04  9.9999714298E-01
</CP of DelSqRho>
<CP of DelSqRho>
CP# = 36      
Type = (3,-3)
Coords =  5.02518405585163E-02  2.51602204331450E-01 -1.98739511613672E-01
DistFromNuc =  3.2433112120E-01
Rho =  1.5590847136E+01
DelSqRho =  9.8872915128E+02
GradDelSqRho = -1.1368683772E-12 -2.7284841053E-12  6.3664629124E-12
HessDelSqRho_EigVals = -2.3252575396E+05 -3.6920738253E+03 -2.2666081597E+02
HessDelSqRho_EigVec1 =  1.5462570733E-01  7.7675125002E-01 -6.1053123280E-01
HessDelSqRho_EigVec2 =  1.1836919566E-01  5.9894704905E-01  7.9199189766E-01
HessDelSqRho_EigVec3 =  9.8085657675E-01 -1.9473039832E-01  6.6919041933E-04
</CP of DelSqRho>
<CP of DelSqRho>
CP# = 37      
Type = (3,+3)
Coords =  3.91583108067845E-01 -6.02923415436469E-01 -4.49690287837350E-04
DistFromNuc =  7.1877126367E-01
Rho =  1.7778218287E+00
DelSqRho = -1.6526644476E+01
GradDelSqRho =  9.9475983006E-14 -6.0396132540E-14  5.5511151231E-16
HessDelSqRho_EigVals =  1.8664056868E+01  1.4437625738E+02  2.0530439743E+03
HessDelSqRho_EigVec1 =  8.3836266087E-01  5.4434883253E-01 -2.8851297761E-02
HessDelSqRho_EigVec2 =  2.4233680218E-02  1.5656641821E-02  9.9958371251E-01
HessDelSqRho_EigVec3 = -5.4457394135E-01  8.3871283411E-01  6.5631636630E-05
</CP of DelSqRho>
<CP of DelSqRho>
CP# = 38      
Type = (3,+3)
Coords = -3.91098764076554E-01  6.02865121439608E-01 -4.06987594488060E-04
DistFromNuc =  7.1876724071E-01
Rho =  1.7778838180E+00
DelSqRho = -1.6528248685E+01
GradDelSqRho =  2.4868995752E-14 -7.1054273576E-14  2.2204460493E-16
HessDelSqRho_EigVals =  1.8686835760E+01  1.4439398265E+02  2.0531634798E+03
HessDelSqRho_EigVec1 =  8.3851760445E-01  5.4411996443E-01  2.8665158883E-02
HessDelSqRho_EigVec2 = -2.4050838699E-02 -1.5596428011E-02  9.9958906986E-01
HessDelSqRho_EigVec3 = -5.4434344322E-01  8.3886245341E-01 -8.6620440401E-06
</CP of DelSqRho>
<CP of DelSqRho>
CP# = 39      
Type = (3,+3)
Coords =  6.03033341660972E-01  3.91291044946346E-01 -4.24224246584600E-04
DistFromNuc =  7.1876995818E-01
Rho =  1.7778407411E+00
DelSqRho = -1.6527122176E+01
GradDelSqRho =  1.5987211555E-13  5.6843418861E-14  1.1102230246E-16
HessDelSqRho_EigVals =  1.8671696198E+01  1.4437871927E+02  2.0530836480E+03
HessDelSqRho_EigVec1 = -5.4427742423E-01  8.3841265373E-01 -2.8745565519E-02
HessDelSqRho_EigVec2 = -1.5625575300E-02  2.4127783312E-02  9.9958676035E-01
HessDelSqRho_EigVec3 =  8.3875975515E-01  5.4450167322E-01 -3.1527700070E-05
</CP of DelSqRho>
<CP of DelSqRho>
CP# = 40      
Type = (3,+3)
Coords = -6.02626067547913E-01 -3.91590824052690E-01 -4.24515351527111E-04
DistFromNuc =  7.1876914060E-01
Rho =  1.7778590225E+00
DelSqRho = -1.6527485298E+01
GradDelSqRho = -8.8817841970E-14 -6.0396132540E-14  6.6613381478E-16
HessDelSqRho_EigVals =  1.8677061248E+01  1.4438024272E+02  2.0531064063E+03
HessDelSqRho_EigVec1 = -5.4447163444E-01  8.3828556876E-01  2.8774024590E-02
HessDelSqRho_EigVec2 =  1.5648823660E-02 -2.4146628098E-02  9.9958594161E-01
HessDelSqRho_EigVec3 =  8.3863326526E-01  5.4469647103E-01  2.8971024685E-05
</CP of DelSqRho>
<CP of DelSqRho>
CP# = 41      
Type = (3,+3)
Coords =  1.80569025055427E-04 -9.74742984462532E-05  7.07287368558471E-01
DistFromNuc =  7.0769167420E-01
Rho =  1.9993755190E+00
DelSqRho = -2.2462507986E+01
GradDelSqRho = -1.1882855810E-16  7.2858385991E-17  2.8066438063E-13
HessDelSqRho_EigVals =  2.0885755423E+02  2.0887174366E+02  2.3396787138E+03
HessDelSqRho_EigVec1 =  9.9741385189E-01  7.1872158622E-02 -2.9486194214E-05
HessDelSqRho_EigVec2 = -7.1872157870E-02  9.9741385205E-01  2.5826230904E-05
HessDelSqRho_EigVec3 =  3.1266125518E-05 -2.3640204041E-05  9.9999999923E-01
</CP of DelSqRho>
<CP of DelSqRho>
CP# = 42      
Type = (3,+3)
Coords =  1.38215049057720E-04 -8.71739453179841E-05 -7.08103557363375E-01
DistFromNuc =  7.0769925257E-01
Rho =  1.9992945509E+00
DelSqRho = -2.2459251923E+01
GradDelSqRho =  7.9797279895E-17  3.1225022568E-17  2.8066438063E-13
HessDelSqRho_EigVals =  2.0880128120E+02  2.0881313652E+02  2.3394030925E+03
HessDelSqRho_EigVec1 =  9.8786463576E-01 -1.5531729041E-01 -2.6876380169E-05
HessDelSqRho_EigVec2 =  1.5531729012E-01  9.8786463609E-01 -1.2584585069E-05
HessDelSqRho_EigVec3 =  2.8504829169E-05  8.2575000096E-06  9.9999999956E-01
</CP of DelSqRho>
<CP of DelSqRho>
CP# = 43      
Type = (3,+1)
Coords = -2.44264909257794E-01  4.99216945439666E-01  4.87948721102088E-01
DistFromNuc =  7.3995269162E-01
Rho =  1.5529880403E+00
DelSqRho = -8.7818266775E+00
GradDelSqRho =  2.6645352591E-15  1.7763568394E-14 -2.8421709430E-14
HessDelSqRho_EigVals = -1.4071306347E+02  1.0528428607E+01  1.5108794059E+03
HessDelSqRho_EigVec1 = -2.9457951164E-01  5.8896998568E-01 -7.5255383016E-01
HessDelSqRho_EigVec2 =  8.9606791070E-01  4.4390439742E-01 -3.3444530383E-03
HessDelSqRho_EigVec3 = -3.3209217205E-01  6.7532454562E-01  6.5852224514E-01
</CP of DelSqRho>
<CP of DelSqRho>
CP# = 44      
Type = (3,+1)
Coords =  2.44245107283917E-01 -4.99587366165700E-01  4.87903358382182E-01
DistFromNuc =  7.3995215355E-01
Rho =  1.5529832370E+00
DelSqRho = -8.7819106253E+00
GradDelSqRho = -7.9936057773E-15 -3.5527136788E-14 -4.4408920985E-15
HessDelSqRho_EigVals = -1.4069824323E+02  1.0519053935E+01  1.5108968907E+03
HessDelSqRho_EigVec1 = -2.9416594727E-01  5.8911077659E-01  7.5260540017E-01
HessDelSqRho_EigVec2 = -8.9637371969E-01 -4.4328634492E-01 -3.3721010389E-03
HessDelSqRho_EigVec3 = -3.3163315594E-01  6.7560765931E-01 -6.5846316568E-01
</CP of DelSqRho>
<CP of DelSqRho>
CP# = 45      
Type = (3,-1)
Coords =  5.11536337462094E-02  5.62662231802478E-01 -4.79424240765652E-01
DistFromNuc =  7.4077030306E-01
Rho =  1.5396559920E+00
DelSqRho = -8.3663299291E+00
GradDelSqRho =  1.6164847239E-13  4.4408920985E-13 -3.8014036363E-13
HessDelSqRho_EigVals = -1.3533203000E+02 -1.0701080275E+01  1.4922627341E+03
HessDelSqRho_EigVec1 =  5.0880331349E-02  6.4203461184E-01  7.6498545678E-01
HessDelSqRho_EigVec2 =  9.9640998409E-01 -8.4530006684E-02  4.6713566236E-03
HessDelSqRho_EigVec3 =  6.7663398411E-02  7.6200146664E-01 -6.4403061212E-01
</CP of DelSqRho>
<CP of DelSqRho>
CP# = 46      
Type = (3,-1)
Coords = -5.05187310663125E-02 -5.62867574222773E-01 -4.79407610640989E-01
DistFromNuc =  7.4077053267E-01
Rho =  1.5396531278E+00
DelSqRho = -8.3660349524E+00
GradDelSqRho = -1.5099033135E-13 -2.0605739337E-13 -2.4513724384E-13
HessDelSqRho_EigVals = -1.3533345008E+02 -1.0719374663E+01  1.4922599297E+03
HessDelSqRho_EigVec1 = -5.0407934629E-02 -6.4204906852E-01  7.6500459720E-01
HessDelSqRho_EigVec2 =  9.9646291971E-01 -8.3898982485E-02 -4.7550378791E-03
HessDelSqRho_EigVec3 =  6.7236074942E-02  7.6205902288E-01  6.4400726384E-01
</CP of DelSqRho>
<CP of DelSqRho>
CP# = 47      
Type = (3,+1)
Coords =  4.99659190986667E-01  2.43992128144016E-01  4.87913372355982E-01
DistFromNuc =  7.3995057688E-01
Rho =  1.5530077012E+00
DelSqRho = -8.7826393128E+00
GradDelSqRho =  4.4408920985E-15 -2.3092638912E-14 -1.8984813721E-14
HessDelSqRho_EigVals = -1.4069381219E+02  1.0541789276E+01  1.5109309858E+03
HessDelSqRho_EigVec1 =  5.8908313886E-01  2.9425518028E-01 -7.5259215010E-01
HessDelSqRho_EigVec2 = -4.4333090227E-01  8.9635138251E-01  3.4511098614E-03
HessDelSqRho_EigVec3 =  6.7560252117E-01  3.3161436632E-01  6.5847790050E-01
</CP of DelSqRho>
<CP of DelSqRho>
CP# = 48      
Type = (3,+1)
Coords = -4.99229148345496E-01 -2.44353679160200E-01  4.87930110496947E-01
DistFromNuc =  7.3995107718E-01
Rho =  1.5529981743E+00
DelSqRho = -8.7821402261E+00
GradDelSqRho = -5.3290705182E-15 -2.6645352591E-14  5.7398530373E-14
HessDelSqRho_EigVals = -1.4070033301E+02  1.0519820098E+01  1.5109196960E+03
HessDelSqRho_EigVec1 =  5.8903103502E-01  2.9440634297E-01  7.5257381366E-01
HessDelSqRho_EigVec2 =  4.4363752564E-01 -8.9619999887E-01  3.3627177730E-03
HessDelSqRho_EigVec3 =  6.7544665639E-01  3.3188923942E-01 -6.5849931444E-01
</CP of DelSqRho>
<CP of DelSqRho>
CP# = 49      
Type = (3,-1)
Coords =  5.62934530357690E-01 -5.06517871351144E-02 -4.79426614921274E-01
DistFromNuc =  7.4076761811E-01
Rho =  1.5396746066E+00
DelSqRho = -8.3669254312E+00
GradDelSqRho =  4.6895820560E-13 -1.5365486661E-13 -4.7695181138E-13
HessDelSqRho_EigVals = -1.3532443704E+02 -1.0696949110E+01  1.4923257308E+03
HessDelSqRho_EigVec1 =  6.4208714915E-01 -5.0278429242E-02  7.6498115823E-01
HessDelSqRho_EigVec2 =  8.3707026012E-02  9.9647901143E-01 -4.7658771578E-03
HessDelSqRho_EigVec3 =  7.6204804750E-01 -6.7094406188E-02 -6.4403502542E-01
</CP of DelSqRho>
<CP of DelSqRho>
CP# = 50      
Type = (3,-1)
Coords = -5.62618320015232E-01  5.09353028459191E-02 -4.79384201729967E-01
DistFromNuc =  7.4077130605E-01
Rho =  1.5396436780E+00
DelSqRho = -8.3660979249E+00
GradDelSqRho = -4.9737991503E-13  1.7053025658E-13 -3.8546943415E-13
HessDelSqRho_EigVals = -1.3531798014E+02 -1.0715955661E+01  1.4922398421E+03
HessDelSqRho_EigVec1 = -6.4198018279E-01  5.0882648308E-02  7.6503098043E-01
HessDelSqRho_EigVec2 =  8.4553366767E-02  9.9640795313E-01  4.6817847824E-03
HessDelSqRho_EigVec3 =  7.6204473168E-01 -6.7691558126E-02  6.4397645910E-01
</CP of DelSqRho>
<CP of DelSqRho>
CP# = 51      
Type = (3,-1)
Coords =  1.82622496840932E-01  5.34737686774320E-01  4.78580332280352E-01
DistFromNuc =  7.4077696959E-01
Rho =  1.5395577214E+00
DelSqRho = -8.3641238067E+00
GradDelSqRho = -1.1546319456E-14  1.4210854715E-14  3.5527136788E-15
HessDelSqRho_EigVals = -1.3534982753E+02 -1.0734537134E+01  1.4921103117E+03
HessDelSqRho_EigVec1 = -2.1475816480E-01 -6.0713139391E-01  7.6502967340E-01
HessDelSqRho_EigVec2 =  9.4456765538E-01 -3.2828418912E-01  4.6298581389E-03
HessDelSqRho_EigVec3 =  2.4833621376E-01  7.2361658473E-01  6.4397838724E-01
</CP of DelSqRho>
<CP of DelSqRho>
CP# = 52      
Type = (3,-1)
Coords = -5.34615187977887E-01  1.82474414464660E-01  4.78591243236274E-01
DistFromNuc =  7.4077399340E-01
Rho =  1.5395867019E+00
DelSqRho = -8.3651073480E+00
GradDelSqRho =  5.6843418861E-14  8.8817841970E-16 -3.0198066270E-14
HessDelSqRho_EigVals = -1.3533620736E+02 -1.0714974723E+01  1.4921767044E+03
HessDelSqRho_EigVec1 =  6.0706030672E-01 -2.1501648395E-01  7.6501352644E-01
HessDelSqRho_EigVec2 =  3.2854477630E-01  9.4447646662E-01  4.7469962716E-03
HessDelSqRho_EigVec3 =  7.2355795481E-01 -2.4845948490E-01 -6.4399671613E-01
</CP of DelSqRho>
<CP of DelSqRho>
CP# = 53      
Type = (3,-1)
Coords =  5.34874089491291E-01 -1.82910128840587E-01  4.78550744539992E-01
DistFromNuc =  7.4077337578E-01
Rho =  1.5395819373E+00
DelSqRho = -8.3649140575E+00
GradDelSqRho =  2.1316282073E-14 -4.3964831775E-14  0.0000000000E+00
HessDelSqRho_EigVals = -1.3534521341E+02 -1.0722311763E+01  1.4921946295E+03
HessDelSqRho_EigVec1 = -6.0689640403E-01  2.1531236650E-01  7.6506035030E-01
HessDelSqRho_EigVec2 =  3.2901731179E-01  9.4431188679E-01 -4.7611978156E-03
HessDelSqRho_EigVec3 =  7.2348072767E-01 -2.4882854598E-01  6.4394098440E-01
</CP of DelSqRho>
<CP of DelSqRho>
CP# = 54      
Type = (3,-1)
Coords = -1.82441903481711E-01 -5.34847735263739E-01  4.78579158610634E-01
DistFromNuc =  7.4077218432E-01
Rho =  1.5396049853E+00
DelSqRho = -8.3653929458E+00
GradDelSqRho =  2.1316282073E-14 -7.1054273576E-15  7.1054273576E-15
HessDelSqRho_EigVals = -1.3534802264E+02 -1.0708783823E+01  1.4922218412E+03
HessDelSqRho_EigVec1 =  2.1506792259E-01  6.0702622503E-01  7.6502611119E-01
HessDelSqRho_EigVec2 =  9.4444824399E-01 -3.2862581318E-01 -4.7528247122E-03
HessDelSqRho_EigVec3 =  2.4852223865E-01  7.2354974745E-01 -6.4398172324E-01
</CP of DelSqRho>
<CP of DelSqRho>
CP# = 55      
Type = (3,+1)
Coords =  4.26508520258403E-01  3.56652215516894E-01 -4.88761662598143E-01
DistFromNuc =  7.3994994374E-01
Rho =  1.5530302828E+00
DelSqRho = -8.7824392471E+00
GradDelSqRho = -9.0150109600E-13  5.6914473134E-12 -1.6040502260E-12
HessDelSqRho_EigVals = -1.4068647161E+02  1.0501005050E+01  1.5109428559E+03
HessDelSqRho_EigVec1 =  5.0866309657E-01  4.1824775992E-01  7.5254944390E-01
HessDelSqRho_EigVec2 = -6.3807675239E-01  7.6996542624E-01  3.3616156355E-03
HessDelSqRho_EigVec3 =  5.7803106513E-01  4.8189423499E-01 -6.5852717030E-01
</CP of DelSqRho>
<CP of DelSqRho>
CP# = 56      
Type = (3,+1)
Coords = -3.56511191686093E-01  4.26336382473861E-01 -4.88746697766572E-01
DistFromNuc =  7.3994823683E-01
Rho =  1.5530538994E+00
DelSqRho = -8.7829430993E+00
GradDelSqRho = -6.3593574851E-12 -8.7396756498E-13 -2.0428103653E-12
HessDelSqRho_EigVals = -1.4069047322E+02  1.0515221293E+01  1.5109798659E+03
HessDelSqRho_EigVec1 = -4.1809549797E-01  5.0876356714E-01  7.5256613485E-01
HessDelSqRho_EigVec2 = -7.7010194607E-01 -6.3791169443E-01  3.4150786646E-03
HessDelSqRho_EigVec3 =  4.8180820586E-01 -5.7812481598E-01  6.5850782069E-01
</CP of DelSqRho>
<CP of DelSqRho>
CP# = 57      
Type = (3,+1)
Coords =  3.57182193025131E-01 -4.26186479935844E-01 -4.88758668728726E-01
DistFromNuc =  7.3994711587E-01
Rho =  1.5530635207E+00
DelSqRho = -8.7833768673E+00
GradDelSqRho =  3.4021674367E-12  7.4606987255E-13 -7.5672801358E-13
HessDelSqRho_EigVals = -1.4067755053E+02  1.0517883350E+01  1.5110107991E+03
HessDelSqRho_EigVec1 = -4.1855547893E-01  5.0840996076E-01 -7.5254941556E-01
HessDelSqRho_EigVec2 = -7.6954871598E-01 -6.3857904102E-01 -3.4032500171E-03
HessDelSqRho_EigVec3 = -4.8229253032E-01  5.7769898752E-01  6.5852698884E-01
</CP of DelSqRho>
<CP of DelSqRho>
CP# = 58      
Type = (3,+1)
Coords = -4.26170906111729E-01 -3.56855906426838E-01 -4.88743658639053E-01
DistFromNuc =  7.3994617154E-01
Rho =  1.5530807840E+00
DelSqRho = -8.7836127970E+00
GradDelSqRho =  8.2622797493E-13 -4.9595882956E-12 -1.4166445794E-12
HessDelSqRho_EigVals = -1.4068512188E+02  1.0528375214E+01  1.5110269172E+03
HessDelSqRho_EigVec1 =  5.0859419031E-01  4.1829831377E-01 -7.5256791739E-01
HessDelSqRho_EigVec2 = -6.3815525410E-01  7.6990045615E-01 -3.3405518811E-03
HessDelSqRho_EigVec3 = -5.7800503566E-01 -4.8195415583E-01 -6.5850616583E-01
</CP of DelSqRho>
<CP of DelSqRho>
CP# = 59      
Type = (3,+1)
Coords =  7.05483757468757E-01 -1.50108180659459E-01 -4.71750136973871E-04
DistFromNuc =  7.2110463642E-01
Rho =  1.7410682287E+00
DelSqRho = -1.5324213838E+01
GradDelSqRho =  1.9539925233E-14  5.3290705182E-15 -5.5511151231E-17
HessDelSqRho_EigVals = -1.8442198594E+01  1.3273782872E+02  1.9870571074E+03
HessDelSqRho_EigVec1 =  2.0799343266E-01  9.7784351214E-01  2.3681168592E-02
HessDelSqRho_EigVec2 = -4.8361005009E-03 -2.3182288332E-02  9.9971955750E-01
HessDelSqRho_EigVec3 =  9.7811826693E-01 -2.0804962697E-01 -9.2814228109E-05
</CP of DelSqRho>
<CP of DelSqRho>
CP# = 60      
Type = (3,+1)
Coords = -7.05178413831083E-01  1.49904019951330E-01 -4.04113572293262E-04
DistFromNuc =  7.2110723880E-01
Rho =  1.7410439697E+00
DelSqRho = -1.5323377181E+01
GradDelSqRho =  2.3980817332E-13 -4.9737991503E-14 -3.8857805862E-16
HessDelSqRho_EigVals = -1.8458873780E+01  1.3273262955E+02  1.9869737546E+03
HessDelSqRho_EigVec1 =  2.0793625103E-01  9.7785794211E-01 -2.3587296578E-02
HessDelSqRho_EigVec2 =  4.9058791922E-03  2.3071473928E-02  9.9972178102E-01
HessDelSqRho_EigVec3 =  9.7813007717E-01 -2.0799411565E-01  1.4286334114E-07
</CP of DelSqRho>
<CP of DelSqRho>
CP# = 61      
Type = (3,+1)
Coords =  1.50326550020346E-01  7.05212912266404E-01 -4.55540726815722E-04
DistFromNuc =  7.2110337140E-01
Rho =  1.7410939429E+00
DelSqRho = -1.5324660558E+01
GradDelSqRho =  3.9079850467E-14  1.6342482922E-13  0.0000000000E+00
HessDelSqRho_EigVals = -1.8448793333E+01  1.3275821255E+02  1.9870836853E+03
HessDelSqRho_EigVec1 =  9.7780351914E-01 -2.0818940119E-01 -2.3610404462E-02
HessDelSqRho_EigVec2 =  2.3107194349E-02 -4.8490783211E-03  9.9972123315E-01
HessDelSqRho_EigVec3 =  2.0824585359E-01  9.7807651013E-01 -6.9227107757E-05
</CP of DelSqRho>
<CP of DelSqRho>
CP# = 62      
Type = (3,+1)
Coords = -1.49727730047314E-01 -7.05435801968406E-01 -4.21861101144581E-04
DistFromNuc =  7.2110412233E-01
Rho =  1.7410881144E+00
DelSqRho = -1.5324541781E+01
GradDelSqRho = -1.7763568394E-14 -9.9475983006E-14  0.0000000000E+00
HessDelSqRho_EigVals = -1.8439932418E+01  1.3274923406E+02  1.9870642635E+03
HessDelSqRho_EigVec1 =  9.7788615283E-01 -2.0780006045E-01  2.3617937435E-02
HessDelSqRho_EigVec2 = -2.3107402774E-02  4.8842150514E-03  9.9972105729E-01
HessDelSqRho_EigVec3 =  2.0785745123E-01  9.7815912781E-01  2.5513427147E-05
</CP of DelSqRho>
<CP of DelSqRho>
CP# = 63      
Type = (3,+1)
