 AIMInt (Version 19.02.13, Professional)
 Portions Copyright (c) 1997-2019 by Todd A. Keith
 AIMInt is a component of the AIMAll package ( http://aim.tkgristmill.com )

 TP:  64-bit Linux

 Licensed To:  Research Group of Fernando Cortes Guzman, UNAM, fercor@unam.mx

 AIMInt is a heavily modified and extended version of the PROAIMV program
 developed by members of R.F.W. Bader's research group

 Much of the Quantum Theory of Atoms in Molecules (QTAIM) is described in the book:
   "Atoms in Molecules - A Quantum Theory"
   R.F.W. Bader, Oxford University Press, Oxford, 1990

 For additional references see:  http://aim.tkgristmill.com/references.html

 Current Directory:  /home/scratch/M_H2O_4_cuadrado_plano/Opt

 Inp File:  Co2_cuadrado_plano_cc-pvtz-def2-tzv_1_atomicfiles/co1.inp
 Wfx File:  Co2_cuadrado_plano_cc-pvtz-def2-tzv_1.wfx
 Out File:  Co2_cuadrado_plano_cc-pvtz-def2-tzv_1_atomicfiles/co1.int

 Wfx Title:   Co2_cuadrado_plano_cc-pvtz-def2-tzv_1                                         
 Job Title:   Co2_cuadrado_plano_cc-pvtz-def2-tzv_1                                         
 
<Atom>
Co1     
</Atom>
<Nuclei of Molecule>
    13
Co1       27.0           3.6802301122E-04   1.6904982741E-04  -3.2847191437E-04
O2         8.0           2.3226702891E-01  -3.4312489273E+00  -1.5604221749E-03
H3         1.0           1.3592556797E+00  -4.4398278083E+00   1.0645301820E+00
O4         8.0          -3.4311550984E+00  -2.3172411666E-01   3.1242870360E-04
H5         1.0          -4.5802404718E+00   7.2472662705E-01  -1.0901613873E+00
O6         8.0          -2.3168168839E-01   3.4316902251E+00   9.0495233256E-04
H7         1.0           7.6231948637E-01   4.5836161021E+00  -1.0521152287E+00
O8         8.0           3.4317843374E+00   2.3222509197E-01  -9.7504171074E-04
H9         1.0           4.5807022563E+00  -7.4046208393E-01  -1.0771284753E+00
H10        1.0          -1.3778662195E+00   4.4373633980E+00   1.0489955938E+00
H11        1.0           4.4421319501E+00   1.3374178090E+00   1.0862015424E+00
H12        1.0          -7.6500522209E-01  -4.5819268052E+00  -1.0528624642E+00
H13        1.0          -4.4409507162E+00  -1.3330097690E+00   1.0919536419E+00
</Nuclei of Molecule>
<Total Number of CPs of DelSqRho>
    85
</Total Number of CPs of DelSqRho>
<Number of (3,+3) CPs of DelSqRho>
     9
</Number of (3,+3) CPs of DelSqRho>
<Number of (3,+1) CPs of DelSqRho>
    31
</Number of (3,+1) CPs of DelSqRho>
<Number of (3,-1) CPs of DelSqRho>
    33
</Number of (3,-1) CPs of DelSqRho>
<Number of (3,-3) CPs of DelSqRho>
    12
</Number of (3,-3) CPs of DelSqRho>
<Number of Degenerate CPs of DelSqRho>
     0
</Number of Degenerate CPs of DelSqRho>
<CP of DelSqRho>
CP# = 1       
Type = (3,+3)
Coords =  3.68023011163845E-04  1.69049827411196E-04 -3.28471914562238E-04
DistFromNuc =  1.9966217109E-13
Rho =  1.3269197284E+04
DelSqRho = -8.8939583595E+09
GradDelSqRho = -6.4358675445E-04  7.5040420961E-04 -6.2231559468E-04
HessDelSqRho_EigVals =  9.8549963117E+16  9.8549963118E+16  9.8549963274E+16
HessDelSqRho_EigVec1 =  9.9907297022E-01  4.3045636555E-02 -5.2283749029E-04
HessDelSqRho_EigVec2 = -4.3045142342E-02  9.9907270257E-01  9.2233846263E-04
HessDelSqRho_EigVec3 =  5.6205531067E-04 -8.9897781321E-04  9.9999943797E-01
</CP of DelSqRho>
<CP of DelSqRho>
CP# = 2       
Type = (3,-3)
Coords = -1.76023416716572E-02  2.66831285128296E-01 -4.51693382255644E-04
DistFromNuc =  2.6726708912E-01
Rho =  2.8401867348E+01
DelSqRho =  2.8737591488E+03
GradDelSqRho = -7.3381301036E-12 -5.7355009631E-11  7.9580786405E-13
HessDelSqRho_EigVals = -9.4131912716E+05 -5.5622597455E+04 -4.2688443323E+04
HessDelSqRho_EigVec1 = -6.7240561878E-02  9.9773668841E-01 -4.5546280447E-04
HessDelSqRho_EigVec2 =  9.9773650596E-01  6.7240189680E-02 -7.8840110916E-04
HessDelSqRho_EigVec3 =  7.5599130643E-04  5.0744440069E-04  9.9999958549E-01
</CP of DelSqRho>
<CP of DelSqRho>
CP# = 3       
Type = (3,-3)
Coords = -2.66294001909930E-01 -1.78009129570523E-02 -3.96918863403940E-04
DistFromNuc =  2.6726683255E-01
Rho =  2.8402322342E+01
DelSqRho =  2.8734900537E+03
GradDelSqRho =  2.7853275242E-11  2.0818902158E-12  2.1316282073E-14
HessDelSqRho_EigVals = -9.4130145504E+05 -5.5606961199E+04 -4.2605739289E+04
HessDelSqRho_EigVec1 =  9.9773688793E-01  6.7238670814E-02  2.5220019855E-04
HessDelSqRho_EigVec2 = -6.7238529112E-02  9.9773678667E-01 -5.3359401975E-04
HessDelSqRho_EigVec3 = -2.8750756834E-04  5.1542886629E-04  9.9999982584E-01
</CP of DelSqRho>
<CP of DelSqRho>
CP# = 4       
Type = (3,-1)
Coords =  1.50926422188741E-01  1.03091851235469E-02 -2.87285715924890E-04
DistFromNuc =  1.5089948841E-01
Rho =  1.2064479174E+02
DelSqRho = -8.3164249368E+03
GradDelSqRho =  2.9103830457E-11 -7.2759576142E-12  0.0000000000E+00
HessDelSqRho_EigVals = -1.9223235353E+05 -1.4237978887E+05  1.8664137639E+07
HessDelSqRho_EigVec1 = -6.7198764911E-02  9.9773960465E-01  8.5435481513E-05
HessDelSqRho_EigVec2 = -2.6609842373E-04 -1.0355102972E-04  9.9999995923E-01
HessDelSqRho_EigVec3 =  9.9773957283E-01  6.7198739437E-02  2.7245543739E-04
</CP of DelSqRho>
<CP of DelSqRho>
CP# = 5       
Type = (3,-1)
Coords = -1.50189818063243E-01 -9.98239839026749E-03 -3.62855197566418E-04
DistFromNuc =  1.5089969050E-01
Rho =  1.2064417401E+02
DelSqRho = -8.3161415288E+03
GradDelSqRho =  2.9103830457E-11  2.7284841053E-11 -8.5265128291E-14
HessDelSqRho_EigVals = -1.9223332694E+05 -1.4252566132E+05  1.8663897086E+07
HessDelSqRho_EigVec1 = -6.7271938994E-02  9.9773467723E-01 -8.4544765484E-06
HessDelSqRho_EigVec2 = -2.2773384918E-04 -6.8812094402E-06  9.9999997404E-01
HessDelSqRho_EigVec3 =  9.9773465128E-01  6.7271939174E-02  2.2768087080E-04
</CP of DelSqRho>
<CP of DelSqRho>
CP# = 6       
Type = (3,-1)
Coords = -9.78466234798664E-03  1.50726555984773E-01 -3.92992346895063E-04
DistFromNuc =  1.5089944945E-01
Rho =  1.2064492693E+02
DelSqRho = -8.3161426288E+03
GradDelSqRho = -5.4569682106E-12 -2.9103830457E-11  2.2737367544E-13
HessDelSqRho_EigVals = -1.9227532946E+05 -1.4269324077E+05  1.8664181757E+07
HessDelSqRho_EigVec1 =  9.9773409919E-01  6.7279972348E-02 -2.6952076294E-04
HessDelSqRho_EigVec2 =  2.4017828450E-04  4.4421338479E-04  9.9999987249E-01
HessDelSqRho_EigVec3 = -6.7280083494E-02  9.9773403670E-01 -4.2704765298E-04
</CP of DelSqRho>
<CP of DelSqRho>
CP# = 7       
Type = (3,-3)
Coords =  2.67613349305540E-04  3.34618261224577E-04  2.67840175982004E-01
DistFromNuc =  2.6816871781E-01
Rho =  2.8696171344E+01
DelSqRho =  2.7326123910E+03
GradDelSqRho = -2.8421709430E-14 -1.1368683772E-13 -1.9724666345E-11
HessDelSqRho_EigVals = -9.1481596487E+05 -3.4402436227E+04 -3.4333243466E+04
HessDelSqRho_EigVec1 = -3.6787798003E-04  6.2900972576E-04  9.9999973451E-01
HessDelSqRho_EigVec2 = -6.9644165785E-02  9.9757168345E-01 -6.5310301946E-04
HessDelSqRho_EigVec3 =  9.9757182941E-01  6.9644387557E-02  3.2317779822E-04
</CP of DelSqRho>
<CP of DelSqRho>
CP# = 8       
Type = (3,-3)
Coords =  4.76937768849079E-04  1.02011787560792E-05 -2.68496943425393E-01
DistFromNuc =  2.6816854068E-01
Rho =  2.8696244424E+01
DelSqRho =  2.7326027403E+03
GradDelSqRho =  7.8159700934E-14 -1.7053025658E-12 -7.3896444519E-12
HessDelSqRho_EigVals = -9.1481309312E+05 -3.4402878424E+04 -3.4333703703E+04
HessDelSqRho_EigVec1 = -4.1779974086E-04  5.8886576051E-04  9.9999973934E-01
HessDelSqRho_EigVec2 = -6.7519375958E-02  9.9771777309E-01 -6.1573157351E-04
HessDelSqRho_EigVec3 =  9.9771787561E-01  6.7519615611E-02  3.7708637838E-04
</CP of DelSqRho>
<CP of DelSqRho>
CP# = 9       
Type = (3,-1)
Coords =  1.80317541539859E-01  1.23650604922488E-02  1.99556920216306E-01
DistFromNuc =  2.6922990525E-01
Rho =  2.9145456484E+01
DelSqRho =  2.4559128588E+03
GradDelSqRho =  6.9348971010E-12 -1.0231815395E-12  5.1159076975E-12
HessDelSqRho_EigVals = -8.8219431170E+05 -2.4473346291E+04  3.7398919838E+04
HessDelSqRho_EigVec1 =  6.6924775246E-01  4.5370452318E-02  7.4165286212E-01
HessDelSqRho_EigVec2 = -6.7019137067E-02  9.9775153250E-01 -5.6095175711E-04
HessDelSqRho_EigVec3 =  7.4001073039E-01  4.9329519120E-02 -6.7078365920E-01
</CP of DelSqRho>
<CP of DelSqRho>
CP# = 10      
Type = (3,-1)
Coords = -1.17936118258004E-02  1.80287003970935E-01  1.99409247293274E-01
DistFromNuc =  2.6923138606E-01
Rho =  2.9146217698E+01
DelSqRho =  2.4555227936E+03
GradDelSqRho =  5.6843418861E-14 -7.9580786405E-12 -4.0927261580E-12
HessDelSqRho_EigVals = -8.8214836079E+05 -2.4427242624E+04  3.7464217841E+04
HessDelSqRho_EigVec1 = -4.5232756458E-02  6.6986952531E-01  7.4109973473E-01
HessDelSqRho_EigVec2 =  9.9774820113E-01  6.7070504296E-02  2.7312722442E-04
HessDelSqRho_EigVec3 = -4.9522973337E-02  7.3944328148E-01 -6.7139489765E-01
</CP of DelSqRho>
<CP of DelSqRho>
CP# = 11      
Type = (3,-1)
Coords =  1.24221524640378E-02 -1.79744221725068E-01  1.99604606600727E-01
DistFromNuc =  2.6923469910E-01
Rho =  2.9146033735E+01
DelSqRho =  2.4552841976E+03
GradDelSqRho = -2.4868995752E-13  7.7307049651E-12 -8.4128259914E-12
HessDelSqRho_EigVals = -8.8208456797E+05 -2.4395695455E+04  3.7476909582E+04
HessDelSqRho_EigVec1 =  4.4838445168E-02 -6.6910476482E-01  7.4181421362E-01
HessDelSqRho_EigVec2 =  9.9773921678E-01  6.7203866804E-02  3.0917758804E-04
HessDelSqRho_EigVec3 = -5.0059655803E-02  7.4012326945E-01  6.7060538089E-01
</CP of DelSqRho>
<CP of DelSqRho>
CP# = 12      
Type = (3,-1)
Coords = -1.79709702669445E-01 -1.18532250457079E-02  1.99452696082162E-01
DistFromNuc =  2.6923045419E-01
Rho =  2.9144731976E+01
DelSqRho =  2.4560056482E+03
GradDelSqRho =  1.0800249584E-11  0.0000000000E+00 -7.9580786405E-12
HessDelSqRho_EigVals = -8.8219750004E+05 -2.4487784093E+04  3.7394165390E+04
HessDelSqRho_EigVec1 = -6.6972942604E-01 -4.4715032232E-02  7.4125775665E-01
HessDelSqRho_EigVec2 = -6.7260346033E-02  9.9773528827E-01 -5.8342373653E-04
HessDelSqRho_EigVec3 =  7.3955293370E-01  5.0247989256E-02  6.7122023050E-01
</CP of DelSqRho>
<CP of DelSqRho>
CP# = 13      
Type = (3,-1)
Coords =  1.80444034914959E-01  1.22378350706464E-02 -2.00106529154141E-01
DistFromNuc =  2.6922908051E-01
Rho =  2.9145231627E+01
DelSqRho =  2.4560180686E+03
GradDelSqRho =  8.4696694103E-12  4.5474735089E-13  1.3642420527E-12
HessDelSqRho_EigVals = -8.8221238999E+05 -2.4489688427E+04  3.7393014473E+04
HessDelSqRho_EigVec1 = -6.6971915259E-01 -4.4877971629E-02  7.4125719175E-01
HessDelSqRho_EigVec2 = -6.7447512914E-02  9.9772268134E-01 -5.3304171695E-04
HessDelSqRho_EigVec3 =  7.3954519109E-01  5.0352942260E-02  6.7122089624E-01
</CP of DelSqRho>
<CP of DelSqRho>
CP# = 14      
Type = (3,-1)
Coords = -1.17257075664408E-02  1.80080460078440E-01 -2.00259480495695E-01
DistFromNuc =  2.6923369412E-01
Rho =  2.9146397188E+01
DelSqRho =  2.4552893595E+03
GradDelSqRho = -9.3081098385E-13  1.7053025658E-12  4.7748471843E-12
HessDelSqRho_EigVals = -8.8209380223E+05 -2.4397167857E+04  3.7476276330E+04
HessDelSqRho_EigVec1 =  4.4966163678E-02 -6.6909608261E-01  7.4181431394E-01
HessDelSqRho_EigVec2 =  9.9772607422E-01  6.7398685229E-02  3.1312728370E-04
HessDelSqRho_EigVec3 = -5.0206821683E-02  7.4011340311E-01  6.7060526809E-01
</CP of DelSqRho>
<CP of DelSqRho>
CP# = 15      
Type = (3,-1)
Coords =  1.25800303457938E-02 -1.79945017276771E-01 -2.00068648553021E-01
DistFromNuc =  2.6923288888E-01
Rho =  2.9145684063E+01
DelSqRho =  2.4554922489E+03
GradDelSqRho = -1.1652900866E-12  1.1368683772E-13  2.9558577808E-12
HessDelSqRho_EigVals = -8.8212502863E+05 -2.4425689044E+04  3.7465563944E+04
HessDelSqRho_EigVec1 = -4.5416501459E-02  6.6985387071E-01  7.4110264694E-01
HessDelSqRho_EigVec2 =  9.9773496268E-01  6.7266827898E-02  3.4365867144E-04
HessDelSqRho_EigVec3 = -4.9621423115E-02  7.3943962956E-01 -6.7139165068E-01
</CP of DelSqRho>
<CP of DelSqRho>
CP# = 16      
Type = (3,-1)
Coords = -1.79577805396466E-01 -1.20666590729281E-02 -2.00217363827483E-01
DistFromNuc =  2.6923183847E-01
Rho =  2.9144762991E+01
DelSqRho =  2.4558746080E+03
GradDelSqRho =  1.8758328224E-12  6.5369931690E-13 -9.4360075309E-12
HessDelSqRho_EigVals = -8.8216460902E+05 -2.4471302615E+04  3.7400785219E+04
HessDelSqRho_EigVec1 =  6.6923511836E-01  4.5497576555E-02  7.4165647498E-01
HessDelSqRho_EigVec2 = -6.7208789164E-02  9.9773877529E-01 -5.6119558457E-04
HessDelSqRho_EigVec3 =  7.4000495607E-01  4.9470261866E-02 -6.7077966441E-01
</CP of DelSqRho>
<CP of DelSqRho>
CP# = 17      
Type = (3,+1)
Coords =  9.97031812552581E-02  1.13845170848522E-01 -3.43970393324732E-04
DistFromNuc =  1.5096269206E-01
Rho =  1.2134752992E+02
DelSqRho = -8.8636313064E+03
GradDelSqRho =  0.0000000000E+00  5.8207660913E-11  1.1368683772E-13
HessDelSqRho_EigVals = -4.6371132542E+04  1.9213537049E+05  1.8605722638E+07
HessDelSqRho_EigVec1 = -2.3986405794E-04  3.4624962679E-04  9.9999991129E-01
HessDelSqRho_EigVec2 =  7.5300808200E-01 -6.5801114095E-01  4.0845572242E-04
HessDelSqRho_EigVec3 =  6.5801122400E-01  7.5300811317E-01 -1.0289554492E-04
</CP of DelSqRho>
<CP of DelSqRho>
CP# = 18      
Type = (3,+1)
Coords = -1.13317028998558E-01  9.94941728677738E-02 -4.44476356846929E-04
DistFromNuc =  1.5096285826E-01
Rho =  1.2134700902E+02
DelSqRho = -8.8633882202E+03
GradDelSqRho = -2.9103830457E-11  0.0000000000E+00  0.0000000000E+00
HessDelSqRho_EigVals = -4.6480901113E+04  1.9211671693E+05  1.8605522343E+07
HessDelSqRho_EigVec1 = -4.7529999657E-04  6.2177201953E-04  9.9999969374E-01
HessDelSqRho_EigVec2 =  6.5794512827E-01  7.5306585635E-01 -1.5551400876E-04
HessDelSqRho_EigVec3 =  7.5306572241E-01 -6.5794485286E-01  7.6702407008E-04
</CP of DelSqRho>
<CP of DelSqRho>
CP# = 19      
Type = (3,+1)
Coords =  1.14057283927700E-01 -9.91511592469027E-02 -2.09231963589682E-04
DistFromNuc =  1.5096279739E-01
Rho =  1.2134722751E+02
DelSqRho = -8.8634673786E+03
GradDelSqRho = -5.8207660913E-11  5.8207660913E-11  0.0000000000E+00
HessDelSqRho_EigVals = -4.6449621376E+04  1.9211632393E+05  1.8605595551E+07
HessDelSqRho_EigVec1 = -5.3490239276E-04  5.8667634515E-04  9.9999968485E-01
HessDelSqRho_EigVec2 =  6.5791201506E-01  7.5309479640E-01 -8.9904219953E-05
HessDelSqRho_EigVec3 =  7.5309461180E-01 -6.5791175962E-01  7.8881362499E-04
</CP of DelSqRho>
<CP of DelSqRho>
CP# = 20      
Type = (3,-3)
Coords =  2.67031195837066E-01  1.81378339695486E-02 -2.57614535918184E-04
DistFromNuc =  2.6726789924E-01
Rho =  2.8401924106E+01
DelSqRho =  2.8734744871E+03
GradDelSqRho =  1.2505552149E-12  8.3133500084E-12  7.1054273576E-15
HessDelSqRho_EigVals = -9.4128812778E+05 -5.5606238941E+04 -4.2601956952E+04
HessDelSqRho_EigVec1 =  9.9773753700E-01  6.7228990585E-02  2.6473539381E-04
HessDelSqRho_EigVec2 = -6.7229189710E-02  9.9773721070E-01  8.3332663266E-04
HessDelSqRho_EigVec3 = -2.0811264505E-04 -8.4923920800E-04  9.9999961774E-01
</CP of DelSqRho>
<CP of DelSqRho>
CP# = 21      
Type = (3,-3)
Coords =  1.83371504651820E-02 -2.66492716507100E-01 -2.02927348421954E-04
DistFromNuc =  2.6726653911E-01
Rho =  2.8402081558E+01
DelSqRho =  2.8737683956E+03
GradDelSqRho =  8.6153306711E-13  1.5859313862E-11 -1.1368683772E-13
HessDelSqRho_EigVals = -9.4132661923E+05 -5.5622729944E+04 -4.2690921169E+04
HessDelSqRho_EigVec1 = -6.7230133915E-02  9.9773738563E-01 -4.6733675892E-04
HessDelSqRho_EigVec2 =  9.9773728298E-01  6.7230417665E-02  6.2055855959E-04
HessDelSqRho_EigVec3 = -6.5057372037E-04  4.2455907302E-04  9.9999969825E-01
</CP of DelSqRho>
<CP of DelSqRho>
CP# = 22      
Type = (3,-1)
Coords =  1.77636789487623E-01  2.03025775310154E-01 -3.86266068899809E-04
DistFromNuc =  2.6939760575E-01
Rho =  2.9245717990E+01
DelSqRho =  2.3790621015E+03
GradDelSqRho =  8.5265128291E-12  5.2295945352E-12  1.1368683772E-13
HessDelSqRho_EigVals = -8.7640301753E+05 -1.4488753695E+04  5.4284470536E+04
HessDelSqRho_EigVec1 =  6.5802027561E-01  7.5300018101E-01 -2.1045315180E-04
HessDelSqRho_EigVec2 = -1.0304885943E-04  3.6953693002E-04  9.9999992641E-01
HessDelSqRho_EigVec3 =  7.5300020337E-01 -6.5802020550E-01  3.2075860235E-04
</CP of DelSqRho>
<CP of DelSqRho>
CP# = 23      
Type = (3,-1)
Coords = -2.02513050878924E-01  1.77408347011129E-01 -5.44979445559663E-04
DistFromNuc =  2.6939663228E-01
Rho =  2.9246059540E+01
DelSqRho =  2.3790759487E+03
GradDelSqRho = -1.1510792319E-12 -8.5833562480E-12  1.1368683772E-13
HessDelSqRho_EigVals = -8.7641501302E+05 -1.4491282080E+04  5.4284648598E+04
HessDelSqRho_EigVec1 =  7.5309647810E-01 -6.5790961244E-01  7.9783365952E-04
HessDelSqRho_EigVec2 = -4.3131766990E-04  7.1895827636E-04  9.9999964853E-01
HessDelSqRho_EigVec3 =  6.5790995481E-01  7.5309655753E-01 -2.5767690479E-04
</CP of DelSqRho>
<CP of DelSqRho>
CP# = 24      
Type = (3,-1)
Coords =  2.03249867632854E-01 -1.77069771718673E-01 -1.07196959682869E-04
DistFromNuc =  2.6939690366E-01
Rho =  2.9245964884E+01
DelSqRho =  2.3790744136E+03
GradDelSqRho =  1.0309975096E-11 -5.5706550484E-12  2.2737367544E-13
HessDelSqRho_EigVals = -8.7641254265E+05 -1.4490693833E+04  5.4284385362E+04
HessDelSqRho_EigVec1 =  7.5309708529E-01 -6.5790889374E-01  8.1710468525E-04
HessDelSqRho_EigVec2 = -6.1785297287E-04  5.3472622548E-04  9.9999966616E-01
HessDelSqRho_EigVec3 =  6.5790911103E-01  7.5309733873E-01  3.7902040330E-06
</CP of DelSqRho>
<CP of DelSqRho>
CP# = 25      
Type = (3,-1)
Coords = -1.76899348768574E-01 -2.02686701088519E-01 -2.62367959570802E-04
DistFromNuc =  2.6939595607E-01
Rho =  2.9246328677E+01
DelSqRho =  2.3790816154E+03
GradDelSqRho =  3.1263880373E-13 -6.5369931690E-12  0.0000000000E+00
HessDelSqRho_EigVals = -8.7642312839E+05 -1.4492490603E+04  5.4284930344E+04
HessDelSqRho_EigVec1 =  6.5802032703E-01  7.5300012516E-01 -2.4642371748E-04
HessDelSqRho_EigVec2 = -2.7599820874E-04  5.6844094118E-04  9.9999980035E-01
HessDelSqRho_EigVec3 =  7.5300011490E-01 -6.5802012765E-01  5.8187237974E-04
</CP of DelSqRho>
<CP of DelSqRho>
CP# = 26      
Type = (3,+1)
Coords =  1.48995959774031E-01  1.70398598708518E-01  1.47146382760137E-01
DistFromNuc =  2.6984661506E-01
Rho =  2.9395831587E+01
DelSqRho =  2.3005793003E+03
GradDelSqRho = -7.2759576142E-12 -2.1600499167E-12 -1.4779288904E-12
HessDelSqRho_EigVals = -8.6377424584E+05  2.0196591986E+04  3.7890866461E+04
HessDelSqRho_EigVec1 =  5.5118283411E-01  6.3127683886E-01  5.4560703450E-01
HessDelSqRho_EigVec2 = -3.6027579482E-01 -4.0974493764E-01  8.3803963972E-01
HessDelSqRho_EigVec3 =  7.5259473493E-01 -6.5848207174E-01  1.5893888760E-03
</CP of DelSqRho>
<CP of DelSqRho>
CP# = 27      
Type = (3,+1)
Coords = -1.69807829790531E-01  1.48963482968145E-01  1.47041027902111E-01
DistFromNuc =  2.6984694493E-01
Rho =  2.9395715497E+01
DelSqRho =  2.3005390255E+03
GradDelSqRho = -5.6843418861E-12  4.8885340220E-12  1.1368683772E-12
HessDelSqRho_EigVals = -8.6376876480E+05  2.0201780816E+04  3.7902083744E+04
HessDelSqRho_EigVec1 =  6.3108094429E-01 -5.5180291741E-01 -5.4520673335E-01
HessDelSqRho_EigVec2 =  4.1195020055E-01 -3.5714301904E-01  8.3829940726E-01
HessDelSqRho_EigVec3 = -6.5729283734E-01 -7.5363280468E-01  1.9291687879E-03
</CP of DelSqRho>
<CP of DelSqRho>
CP# = 28      
Type = (3,+1)
Coords =  1.70408594364466E-01 -1.48467558862355E-01  1.47357356348100E-01
DistFromNuc =  2.6984762593E-01
Rho =  2.9395507766E+01
DelSqRho =  2.3006244594E+03
GradDelSqRho = -5.0022208598E-12  6.5938365879E-12 -2.2737367544E-13
HessDelSqRho_EigVals = -8.6376159583E+05  2.0193914332E+04  3.7866006512E+04
HessDelSqRho_EigVec1 =  6.3058303971E-01 -5.5121313116E-01  5.4637817862E-01
HessDelSqRho_EigVec2 =  4.1294428742E-01 -3.5778507246E-01 -8.3753618275E-01
HessDelSqRho_EigVec3 =  6.5714689798E-01  7.5375985961E-01  2.0071151107E-03
</CP of DelSqRho>
<CP of DelSqRho>
CP# = 29      
Type = (3,+1)
Coords = -1.48302402529570E-01 -1.69935233898101E-01  1.47249790370246E-01
DistFromNuc =  2.6984756117E-01
Rho =  2.9395542600E+01
DelSqRho =  2.3005885083E+03
GradDelSqRho = -3.5242919694E-12 -1.1368683772E-13  8.0717654782E-12
HessDelSqRho_EigVals = -8.6376095825E+05  2.0198020096E+04  3.7877441534E+04
HessDelSqRho_EigVec1 =  5.5134900728E-01  6.3081706180E-01 -5.4597079291E-01
HessDelSqRho_EigVec2 =  3.6063677677E-01  4.0991151071E-01  8.3780288173E-01
HessDelSqRho_EigVec3 =  7.5230006474E-01 -6.5881893410E-01 -1.4915273926E-03
</CP of DelSqRho>
<CP of DelSqRho>
CP# = 30      
Type = (3,+1)
Coords =  1.49011759392104E-01  1.70305238292862E-01 -1.47896606416377E-01
DistFromNuc =  2.6984743340E-01
Rho =  2.9395573897E+01
DelSqRho =  2.3005865752E+03
GradDelSqRho =  4.5474735089E-13  1.0231815395E-12  5.6843418861E-14
HessDelSqRho_EigVals = -8.6376081268E+05  2.0195643225E+04  3.7879979310E+04
HessDelSqRho_EigVec1 =  5.5122909777E-01  6.3093941258E-01 -5.4595049174E-01
HessDelSqRho_EigVec2 =  3.6093614277E-01  4.0962272432E-01  8.3781520908E-01
HessDelSqRho_EigVec3 =  7.5224436364E-01 -6.5888138643E-01 -1.9328731461E-03
</CP of DelSqRho>
<CP of DelSqRho>
CP# = 31      
Type = (3,+1)
Coords = -1.69699396898364E-01  1.48771984621944E-01 -1.48017788210978E-01
DistFromNuc =  2.6984790845E-01
Rho =  2.9395409454E+01
DelSqRho =  2.3006120834E+03
GradDelSqRho = -2.7284841053E-12 -4.9169557315E-12 -2.5011104299E-12
HessDelSqRho_EigVals = -8.6375443024E+05  2.0195164447E+04  3.7865094914E+04
HessDelSqRho_EigVec1 =  6.3069179101E-01 -5.5107877047E-01  5.4638818937E-01
HessDelSqRho_EigVec2 =  4.1262273259E-01 -3.5816862637E-01 -8.3753072519E-01
HessDelSqRho_EigVec3 =  6.5724450952E-01  7.5367594085E-01  1.4936156929E-03
</CP of DelSqRho>
<CP of DelSqRho>
CP# = 32      
Type = (3,+1)
Coords =  1.70569751436100E-01 -1.48596081249344E-01 -1.47697776154727E-01
DistFromNuc =  2.6984700186E-01
Rho =  2.9395701505E+01
DelSqRho =  2.3005333668E+03
GradDelSqRho =  2.2737367544E-13 -3.6379788071E-12 -4.3200998334E-12
HessDelSqRho_EigVals = -8.6376620537E+05  2.0201942339E+04  3.7901755072E+04
HessDelSqRho_EigVec1 =  6.3119028445E-01 -5.5167550282E-01 -5.4520910154E-01
HessDelSqRho_EigVec2 =  4.1175523866E-01 -3.5736970546E-01  8.3829858467E-01
HessDelSqRho_EigVec3 = -6.5731000924E-01 -7.5361862584E-01  1.5869922864E-03
</CP of DelSqRho>
<CP of DelSqRho>
CP# = 33      
Type = (3,+1)
Coords = -1.48224121397597E-01 -1.70081715104843E-01 -1.47817194780409E-01
DistFromNuc =  2.6984786772E-01
Rho =  2.9395401525E+01
DelSqRho =  2.3005535101E+03
GradDelSqRho = -2.5011104299E-12 -5.6843418861E-12 -5.3432813729E-12
HessDelSqRho_EigVals = -8.6375418072E+05  2.0200979302E+04  3.7887656704E+04
HessDelSqRho_EigVec1 =  5.5104102337E-01  6.3137288579E-01  5.4563913867E-01
HessDelSqRho_EigVec2 = -3.6058439798E-01 -4.0951797229E-01  8.3801785321E-01
HessDelSqRho_EigVec3 =  7.5255078399E-01 -6.5853117578E-01  2.0020093846E-03
</CP of DelSqRho>
<CP of DelSqRho>
CP# = 34      
Type = (3,-1)
Coords =  6.52346530628733E-01  4.41067084130434E-02 -1.49627642600410E-04
DistFromNuc =  6.5345736221E-01
Rho =  2.6396553669E+00
DelSqRho =  1.2076585833E+01
GradDelSqRho = -4.2632564146E-14 -1.9984014443E-15  3.1086244690E-15
HessDelSqRho_EigVals = -1.0732828640E+03 -8.0744210228E+02  2.3085802795E+03
HessDelSqRho_EigVec1 = -6.7231807814E-02  9.9769073802E-01  9.6475537123E-03
HessDelSqRho_EigVec2 =  3.7311637507E-04 -9.6442902640E-03  9.9995342314E-01
HessDelSqRho_EigVec3 =  9.9773731252E-01  6.7232276027E-02  2.7614831792E-04
</CP of DelSqRho>
<CP of DelSqRho>
CP# = 35      
Type = (3,-1)
Coords = -6.51586930982610E-01 -4.37540512977346E-02 -5.18631767080374E-04
DistFromNuc =  6.5343288639E-01
Rho =  2.6400252702E+00
DelSqRho =  1.2069299398E+01
GradDelSqRho = -7.9936057773E-14 -9.1038288019E-15 -1.1102230246E-16
HessDelSqRho_EigVals = -1.0734797605E+03 -8.0746689216E+02  2.3099620534E+03
HessDelSqRho_EigVec1 = -6.7215395609E-02  9.9769623971E-01 -9.1817139634E-03
HessDelSqRho_EigVec2 = -8.9769388464E-04  9.1420488048E-03  9.9995780765E-01
HessDelSqRho_EigVec3 =  9.9773808424E-01  6.7220802002E-02  2.8113938601E-04
</CP of DelSqRho>
<CP of DelSqRho>
CP# = 36      
Type = (3,-1)
Coords = -4.35640052581814E-02  6.52252463039850E-01 -6.64572553178593E-04
DistFromNuc =  6.5356171389E-01
Rho =  2.6383815774E+00
DelSqRho =  1.2111849033E+01
GradDelSqRho =  2.3092638912E-14  1.2789769244E-13 -1.0658141036E-14
HessDelSqRho_EigVals = -1.0725379446E+03 -8.0807224570E+02  2.3027788958E+03
HessDelSqRho_EigVec1 =  9.9769276340E-01  6.7215288760E-02 -9.5527383626E-03
HessDelSqRho_EigVec2 =  9.4973854158E-03  1.1430224140E-03  9.9995424554E-01
HessDelSqRho_EigVec3 = -6.7223132355E-02  9.9773784055E-01 -5.0201568762E-04
</CP of DelSqRho>
<CP of DelSqRho>
CP# = 37      
Type = (3,-1)
Coords =  4.43126926781468E-02 -6.51900271014018E-01 -3.34597615910615E-06
DistFromNuc =  6.5354849773E-01
Rho =  2.6385674981E+00
DelSqRho =  1.2107868730E+01
GradDelSqRho = -8.8817841970E-16  5.6843418861E-14  1.0658141036E-14
HessDelSqRho_EigVals = -1.0726523394E+03 -8.0806907363E+02  2.3035259680E+03
HessDelSqRho_EigVec1 =  9.9769386693E-01  6.7234103363E-02  9.3017870254E-03
HessDelSqRho_EigVec2 = -9.3140776984E-03 -1.3066682563E-04  9.9995661450E-01
HessDelSqRho_EigVec3 = -6.7232401813E-02  9.9773721905E-01 -4.9585817217E-04
</CP of DelSqRho>
<CP of DelSqRho>
CP# = 38      
Type = (3,-1)
Coords =  1.01058939373552E-04  4.95456871233226E-04  6.30724145458192E-01
DistFromNuc =  6.3105275826E-01
Rho =  3.1416248311E+00
DelSqRho = -1.8174966446E-02
GradDelSqRho =  8.8817841970E-16 -1.4210854715E-14  5.6843418861E-14
HessDelSqRho_EigVals = -8.5682388453E+02 -8.5535330264E+02  3.7735641580E+03
HessDelSqRho_EigVec1 = -6.2311882035E-02  9.9805656975E-01 -5.5940852663E-04
HessDelSqRho_EigVec2 =  9.9805663970E-01  6.2312100618E-02  3.8218772179E-04
HessDelSqRho_EigVec3 = -4.1630288701E-04  5.3450655808E-04  9.9999977050E-01
</CP of DelSqRho>
<CP of DelSqRho>
CP# = 39      
Type = (3,-1)
Coords =  5.61691423018654E-04 -2.17874017965487E-04 -6.31380024862365E-01
DistFromNuc =  6.3105170129E-01
Rho =  3.1416394239E+00
DelSqRho = -1.9648937513E-02
GradDelSqRho = -4.4408920985E-16 -1.4210854715E-14  4.5474735089E-13
HessDelSqRho_EigVals = -8.5680213280E+02 -8.5533014028E+02  3.7736641244E+03
HessDelSqRho_EigVec1 = -7.5971149472E-02  9.9710981441E-01 -6.3439263577E-04
HessDelSqRho_EigVec2 =  9.9710996381E-01  7.5971336390E-02  2.7589951067E-04
HessDelSqRho_EigVec3 = -3.2329776621E-04  6.1159881513E-04  9.9999976071E-01
</CP of DelSqRho>
<CP of DelSqRho>
CP# = 40      
Type = (3,+1)
Coords = -2.60633521256915E-02  3.97663592878040E-01  4.24905005558459E-01
DistFromNuc =  5.8268691397E-01
Rho =  4.3061037901E+00
DelSqRho = -4.7292721390E+01
GradDelSqRho = -1.7763568394E-14  1.1368683772E-13  3.6948222260E-13
HessDelSqRho_EigVals = -9.9696376231E+02  1.4580441164E+03  8.9995202006E+03
HessDelSqRho_EigVec1 =  9.9781768455E-01  6.6029297633E-02 -1.5786715344E-05
HessDelSqRho_EigVec2 = -4.8190688577E-02  7.2808174780E-01 -6.8379428636E-01
HessDelSqRho_EigVec3 = -4.5138962434E-02  6.8230279230E-01  7.2967484107E-01
</CP of DelSqRho>
<CP of DelSqRho>
CP# = 41      
Type = (3,+1)
Coords =  2.65460647882810E-02 -3.96898770718021E-01  4.25317221030516E-01
DistFromNuc =  5.8268550686E-01
Rho =  4.3063058834E+00
DelSqRho = -4.7300374559E+01
GradDelSqRho = -3.1086244690E-15 -1.4210854715E-14  8.5265128291E-14
HessDelSqRho_EigVals = -9.9609975012E+02  1.4581072878E+03  8.9993097964E+03
HessDelSqRho_EigVec1 =  9.9780606735E-01  6.6200888266E-02  7.0310601227E-04
HessDelSqRho_EigVec2 = -4.8831136126E-02  7.2874785271E-01  6.8303886223E-01
HessDelSqRho_EigVec3 =  4.4705392404E-02 -6.8157465443E-01  7.3038169358E-01
</CP of DelSqRho>
<CP of DelSqRho>
CP# = 42      
Type = (3,+1)
Coords = -2.67734864643036E-02  3.97142266387013E-01 -4.25991412952016E-01
DistFromNuc =  5.8267772874E-01
Rho =  4.3065610159E+00
DelSqRho = -4.7310080762E+01
GradDelSqRho = -1.2212453271E-14  7.8159700934E-14 -2.5579538487E-13
HessDelSqRho_EigVals = -9.9597569843E+02  1.4583730319E+03  9.0005086815E+03
HessDelSqRho_EigVec1 =  9.9765819339E-01  6.8396716648E-02 -1.3535082110E-04
HessDelSqRho_EigVec2 = -4.9866224557E-02  7.2871760607E-01  6.8299634717E-01
HessDelSqRho_EigVec3 =  4.6813340156E-02 -6.8139015237E-01  7.3042177639E-01
</CP of DelSqRho>
<CP of DelSqRho>
CP# = 43      
Type = (3,+1)
Coords =  2.76837395774653E-02 -3.97288023095342E-01 -4.25559782773145E-01
DistFromNuc =  5.8270055854E-01
Rho =  4.3056556899E+00
DelSqRho = -4.7278244376E+01
GradDelSqRho = -5.3290705182E-15  1.9895196601E-13  2.5579538487E-13
HessDelSqRho_EigVals = -9.9698282362E+02  1.4576047278E+03  8.9973753222E+03
HessDelSqRho_EigVec1 =  9.9766527610E-01  6.8291049846E-02  5.7391745029E-04
HessDelSqRho_EigVec2 = -4.9437248129E-02  7.2797651549E-01 -6.8381733774E-01
HessDelSqRho_EigVec3 = -4.7116402323E-02  6.8219244015E-01  7.2965301290E-01
</CP of DelSqRho>
<CP of DelSqRho>
CP# = 44      
Type = (3,+1)
Coords =  3.97563220937654E-01  2.66126790324874E-02  4.25256471632939E-01
DistFromNuc =  5.8273993767E-01
Rho =  4.3045137552E+00
DelSqRho = -4.7224656606E+01
GradDelSqRho = -6.7501559897E-13 -2.8421709430E-14 -4.3698378249E-13
HessDelSqRho_EigVals = -9.9792478215E+02  1.4548982938E+03  8.9919655139E+03
HessDelSqRho_EigVec1 = -6.5997894120E-02  9.9781975760E-01 -9.6511330761E-05
HessDelSqRho_EigVec2 =  7.2862596977E-01  4.8126769268E-02 -6.8321885971E-01
HessDelSqRho_EigVec3 =  6.8172463220E-01  4.5161326626E-02  7.3021365396E-01
</CP of DelSqRho>
<CP of DelSqRho>
CP# = 45      
Type = (3,+1)
Coords = -3.97145219110306E-01 -2.59942579540339E-02  4.25005114374590E-01
DistFromNuc =  5.8276063350E-01
Rho =  4.3037760681E+00
DelSqRho = -4.7198073122E+01
GradDelSqRho =  4.2632564146E-13  4.5297099405E-14 -5.3645976550E-13
HessDelSqRho_EigVals = -9.9852247112E+02  1.4541833030E+03  8.9889557343E+03
HessDelSqRho_EigVec1 = -6.6221663036E-02  9.9780459119E-01 -8.3014627684E-04
HessDelSqRho_EigVec2 =  7.2811603876E-01  4.8891970471E-02  6.8370798542E-01
HessDelSqRho_EigVec3 = -6.8224755438E-01 -4.4671837007E-02  7.2975523398E-01
</CP of DelSqRho>
<CP of DelSqRho>
CP# = 46      
Type = (3,+1)
Coords =  3.97778146332019E-01  2.72422693518499E-02 -4.25686412283527E-01
DistFromNuc =  5.8274963987E-01
Rho =  4.3041247249E+00
DelSqRho = -4.7211584209E+01
GradDelSqRho =  5.6843418861E-14 -3.5527136788E-15  5.6843418861E-14
HessDelSqRho_EigVals = -9.9838501469E+02  1.4545827196E+03  8.9906706181E+03
HessDelSqRho_EigVec1 = -6.8489951595E-02  9.9765178967E-01 -1.8195619615E-04
HessDelSqRho_EigVec2 =  7.2809055252E-01  5.0108946856E-02  6.8364701475E-01
HessDelSqRho_EigVec3 = -6.8205078540E-01 -4.6690470361E-02  7.2981280210E-01
</CP of DelSqRho>
<CP of DelSqRho>
CP# = 47      
Type = (3,+1)
Coords = -3.96796165280691E-01 -2.72434038811613E-02 -4.25905091897914E-01
DistFromNuc =  5.8275749206E-01
Rho =  4.3039573846E+00
DelSqRho = -4.7205937024E+01
GradDelSqRho =  3.2684965845E-13  3.0198066270E-14  4.5119463721E-13
HessDelSqRho_EigVals = -9.9796007795E+02  1.4543088563E+03  8.9892074873E+03
HessDelSqRho_EigVec1 = -6.8207926272E-02  9.9767070333E-01 -9.2005990643E-04
HessDelSqRho_EigVec2 =  7.2851832173E-01  4.9176631829E-02 -6.8325889221E-01
HessDelSqRho_EigVec3 =  6.8162213410E-01  4.7273952643E-02  7.3017562251E-01
</CP of DelSqRho>
<CP of DelSqRho>
CP# = 48      
Type = (3,+1)
Coords =  3.75916217327773E-01  4.29914231481392E-01 -5.08351775074141E-04
DistFromNuc =  5.7071656693E-01
Rho =  4.6411441226E+00
DelSqRho = -6.6090799396E+01
GradDelSqRho =  5.8264504332E-13  5.4711790654E-13 -2.1316282073E-14
HessDelSqRho_EigVals = -6.0373574389E+02  2.3548927557E+03  1.0970338703E+04
HessDelSqRho_EigVec1 =  7.7672019685E-04 -2.6479525394E-04  9.9999966329E-01
HessDelSqRho_EigVec2 =  7.5299263187E-01 -6.5802851010E-01 -7.5910766728E-04
HessDelSqRho_EigVec3 =  6.5802848954E-01  7.5299296795E-01 -3.1171515872E-04
</CP of DelSqRho>
<CP of DelSqRho>
CP# = 49      
Type = (3,+1)
Coords = -4.29435987637181E-01  3.75638526080036E-01 -8.86211272950151E-04
DistFromNuc =  5.7070931852E-01
Rho =  4.6413803975E+00
DelSqRho = -6.6100407655E+01
GradDelSqRho =  2.8421709430E-14  1.5631940187E-13 -2.1316282073E-14
HessDelSqRho_EigVals = -6.0344885728E+02  2.3550753542E+03  1.0971698034E+04
HessDelSqRho_EigVec1 =  1.7087114833E-04  1.6756222677E-03  9.9999858155E-01
HessDelSqRho_EigVec2 =  6.5789764277E-01  7.5310610330E-01 -1.3743390318E-03
HessDelSqRho_EigVec3 =  7.5310733793E-01 -6.5789694441E-01  9.7370383544E-04
</CP of DelSqRho>
<CP of DelSqRho>
CP# = 50      
Type = (3,+1)
Coords =  4.30170021056769E-01 -3.75305875952798E-01  2.09058667912493E-04
DistFromNuc =  5.7071136869E-01
Rho =  4.6413030554E+00
DelSqRho = -6.6097910958E+01
GradDelSqRho = -5.9685589804E-13  7.1054273576E-14  3.5527136788E-14
HessDelSqRho_EigVals = -6.0353423417E+02  2.3550458721E+03  1.0971337242E+04
HessDelSqRho_EigVec1 = -1.4342351125E-03 -2.1197320834E-04  9.9999894902E-01
HessDelSqRho_EigVec2 =  6.5790349993E-01  7.5310143253E-01  1.1032267866E-03
HessDelSqRho_EigVec3 =  7.5310087489E-01 -6.5790439077E-01  9.4066660214E-04
</CP of DelSqRho>
<CP of DelSqRho>
CP# = 51      
Type = (3,+1)
Coords = -3.75174974828233E-01 -4.29563625800551E-01 -1.94730871506910E-04
DistFromNuc =  5.7070371789E-01
Rho =  4.6415639067E+00
DelSqRho = -6.6108278968E+01
GradDelSqRho = -3.4106051316E-13 -1.4210854715E-13  7.1054273576E-14
HessDelSqRho_EigVals = -6.0321945186E+02  2.3552484324E+03  1.0972749616E+04
HessDelSqRho_EigVec1 = -1.1393816055E-03  1.3101946256E-03  9.9999849260E-01
HessDelSqRho_EigVec2 =  7.5298736541E-01 -6.5803272625E-01  1.7200934877E-03
HessDelSqRho_EigVec3 =  6.5803398799E-01  7.5298819020E-01 -2.3680961520E-04
</CP of DelSqRho>
<CP of DelSqRho>
CP# = 52      
Type = (3,+3)
Coords =  3.16476133659747E-01  3.61677710348257E-01  2.94987791259033E-01
DistFromNuc =  5.6375929664E-01
Rho =  4.9431971577E+00
DelSqRho = -7.9828830859E+01
GradDelSqRho = -4.2632564146E-14 -2.7000623959E-13 -1.8474111130E-13
HessDelSqRho_EigVals =  9.2476939321E+02  1.8438743562E+03  1.2164140140E+04
HessDelSqRho_EigVec1 =  3.4431079632E-01  3.9413417181E-01 -8.5211990362E-01
HessDelSqRho_EigVec2 = -7.5308005450E-01  6.5792889512E-01  2.1906450282E-05
HessDelSqRho_EigVec3 =  5.6064294078E-01  6.4170696084E-01  5.2334660539E-01
</CP of DelSqRho>
<CP of DelSqRho>
CP# = 53      
Type = (3,+3)
Coords = -3.61081353532424E-01  3.16612136589681E-01  2.94693017194659E-01
DistFromNuc =  5.6375487404E-01
Rho =  4.9432897926E+00
DelSqRho = -7.9838139465E+01
GradDelSqRho =  5.4001247918E-13 -3.6237679524E-13 -3.9790393203E-13
HessDelSqRho_EigVals =  9.2470965897E+02  1.8447656871E+03  1.2165044814E+04
HessDelSqRho_EigVec1 =  3.9595221054E-01 -3.4142981581E-01  8.5243623096E-01
HessDelSqRho_EigVec2 =  6.5694611217E-01  7.5393085737E-01 -3.1730133689E-03
HessDelSqRho_EigVec3 =  6.4159461709E-01 -5.6126102945E-01 -5.2282157964E-01
</CP of DelSqRho>
<CP of DelSqRho>
CP# = 54      
Type = (3,+3)
Coords =  3.61584762168566E-01 -3.15957436260139E-01  2.95356078419600E-01
DistFromNuc =  5.6377552373E-01
Rho =  4.9426399205E+00
DelSqRho = -7.9797689642E+01
GradDelSqRho = -8.2422957348E-13  6.6080474426E-13 -4.6895820560E-13
HessDelSqRho_EigVals =  9.2371342724E+02  1.8427798305E+03  1.2160794234E+04
HessDelSqRho_EigVec1 = -3.9657569135E-01  3.4247418560E-01  8.5172715891E-01
HessDelSqRho_EigVec2 =  6.5699138894E-01  7.5389299692E-01  2.7684031292E-03
HessDelSqRho_EigVec3 =  6.4116303378E-01 -5.6067529051E-01  5.2397822733E-01
</CP of DelSqRho>
<CP of DelSqRho>
CP# = 55      
Type = (3,+3)
Coords = -3.15914243422675E-01 -3.61143185746707E-01  2.95059498654711E-01
DistFromNuc =  5.6376861991E-01
Rho =  4.9428250981E+00
DelSqRho = -7.9810478670E+01
GradDelSqRho = -5.6843418861E-13 -7.2475359048E-13  7.6383344094E-13
HessDelSqRho_EigVals =  9.2374023375E+02  1.8437542829E+03  1.2162197166E+04
HessDelSqRho_EigVec1 = -3.4421448485E-01 -3.9435872969E-01 -8.5205491650E-01
HessDelSqRho_EigVec2 = -7.5289864344E-01  6.5813633121E-01 -4.4972317982E-04
HessDelSqRho_EigVec3 =  5.6094564900E-01  6.4135618954E-01 -5.2345221082E-01
</CP of DelSqRho>
<CP of DelSqRho>
CP# = 56      
Type = (3,+3)
Coords =  3.16043007737599E-01  3.61919731839617E-01 -2.95831177578892E-01
DistFromNuc =  5.6376954598E-01
Rho =  4.9428518056E+00
DelSqRho = -7.9810965237E+01
GradDelSqRho = -3.9790393203E-13 -5.1159076975E-13  4.3876013933E-13
HessDelSqRho_EigVals =  9.2426677724E+02  1.8432259632E+03  1.2161980277E+04
HessDelSqRho_EigVec1 = -3.4686209741E-01 -3.9232566722E-01 -8.5191974752E-01
HessDelSqRho_EigVec2 = -7.5210022897E-01  6.5904313820E-01  2.7180071448E-03
HessDelSqRho_EigVec3 =  5.6038551994E-01  6.4167181084E-01 -5.2366530935E-01
</CP of DelSqRho>
<CP of DelSqRho>
CP# = 57      
Type = (3,+3)
Coords = -3.61338883735733E-01  3.15752354550401E-01 -2.95998299463294E-01
DistFromNuc =  5.6377775367E-01
Rho =  4.9425439672E+00
DelSqRho = -7.9794150041E+01
GradDelSqRho =  2.8421709430E-14 -3.9790393203E-13  1.7408297026E-13
HessDelSqRho_EigVals =  9.2353592629E+02  1.8428126278E+03  1.2160279747E+04
HessDelSqRho_EigVec1 = -3.9453692105E-01  3.4476093541E-01  8.5175143988E-01
HessDelSqRho_EigVec2 =  6.5781963742E-01  7.5317547812E-01 -1.5420932094E-04
HessDelSqRho_EigVec3 =  6.4157146332E-01 -5.6023798209E-01  5.2394604768E-01
</CP of DelSqRho>
<CP of DelSqRho>
CP# = 58      
Type = (3,+3)
Coords =  3.62306281389703E-01 -3.15696489871329E-01 -2.95371488260877E-01
DistFromNuc =  5.6375590777E-01
Rho =  4.9432412405E+00
DelSqRho = -7.9837371643E+01
GradDelSqRho =  4.5474735089E-13 -2.7000623959E-13 -4.6895820560E-13
HessDelSqRho_EigVals =  9.2476930326E+02  1.8447082250E+03  1.2164821065E+04
HessDelSqRho_EigVec1 =  3.9355805274E-01 -3.4422943138E-01  8.5241900360E-01
HessDelSqRho_EigVec2 =  6.5797973029E-01  7.5303557603E-01  3.0945667012E-04
HessDelSqRho_EigVec3 =  6.4200835948E-01 -5.6075263692E-01 -5.2285920336E-01
</CP of DelSqRho>
<CP of DelSqRho>
CP# = 59      
Type = (3,+3)
Coords = -3.15230998417294E-01 -3.61887219035895E-01 -2.95532785048756E-01
DistFromNuc =  5.6376685841E-01
Rho =  4.9428421824E+00
DelSqRho = -7.9816479388E+01
GradDelSqRho = -3.1263880373E-13 -5.6843418861E-13 -2.8421709430E-13
HessDelSqRho_EigVals =  9.2387522582E+02  1.8442335716E+03  1.2162546569E+04
HessDelSqRho_EigVec1 =  3.4674810314E-01  3.9171193903E-01 -8.5224850237E-01
HessDelSqRho_EigVec2 =  7.5224715392E-01 -6.5887312418E-01  3.2288759266E-03
HessDelSqRho_EigVec3 =  5.6025884409E-01  6.4222111695E-01  5.2312719731E-01
</CP of DelSqRho>
<CP of DelSqRho>
CP# = 60      
Type = (3,-3)
Coords = -5.46163575529217E-02  8.16250613869483E-01 -7.33999077983153E-04
DistFromNuc =  8.1793188331E-01
Rho =  1.4746323224E+00
DelSqRho =  1.7337970411E+01
GradDelSqRho =  3.1086244690E-15  1.2789769244E-13 -1.4210854715E-14
HessDelSqRho_EigVals = -5.2064765087E+02 -2.2821270643E+02 -1.7571102615E+02
HessDelSqRho_EigVec1 = -6.7201035687E-02  9.9773929836E-01 -5.5973339039E-04
HessDelSqRho_EigVec2 =  9.9751563514E-01  6.7174067915E-02 -2.1217970050E-02
HessDelSqRho_EigVec3 =  2.1132402982E-02  1.9842123710E-03  9.9977471685E-01
</CP of DelSqRho>
<CP of DelSqRho>
CP# = 61      
Type = (3,-3)
Coords =  5.53632420818856E-02 -8.15931358781745E-01  7.39229303198480E-05
DistFromNuc =  8.1795141236E-01
Rho =  1.4745624090E+00
DelSqRho =  1.7337135628E+01
GradDelSqRho = -7.5495165675E-15  8.8817841970E-14  0.0000000000E+00
HessDelSqRho_EigVals = -5.2066728401E+02 -2.2815488027E+02 -1.7568296752E+02
HessDelSqRho_EigVec1 = -6.7244819585E-02  9.9773637049E-01 -5.1889230916E-04
HessDelSqRho_EigVec2 =  9.9751671467E-01  6.7240912814E-02  2.0953844556E-02
HessDelSqRho_EigVec3 = -2.0941303607E-02 -8.9143374526E-04  9.9978030944E-01
</CP of DelSqRho>
<CP of DelSqRho>
CP# = 62      
Type = (3,-3)
Coords =  8.16608847691696E-01  5.51729134097258E-02 -1.03861631300396E-04
DistFromNuc =  8.1809202376E-01
Rho =  1.4739382988E+00
DelSqRho =  1.7327613196E+01
GradDelSqRho = -3.0198066270E-14 -2.0539125956E-15  7.2164496601E-16
HessDelSqRho_EigVals = -5.2075165589E+02 -2.2781886188E+02 -1.7520339023E+02
HessDelSqRho_EigVec1 =  9.9773645977E-01  6.7244919949E-02  2.7854903296E-04
HessDelSqRho_EigVec2 = -6.7235619152E-02  9.9751034735E-01  2.1271540958E-02
HessDelSqRho_EigVec3 =  1.1525475263E-03 -2.1242120386E-02  9.9977369637E-01
</CP of DelSqRho>
<CP of DelSqRho>
CP# = 63      
Type = (3,-3)
