 AIMInt (Version 19.02.13, Professional)
 Portions Copyright (c) 1997-2019 by Todd A. Keith
 AIMInt is a component of the AIMAll package ( http://aim.tkgristmill.com )

 TP:  64-bit Linux

 Licensed To:  Research Group of Fernando Cortes Guzman, UNAM, fercor@unam.mx

 AIMInt is a heavily modified and extended version of the PROAIMV program
 developed by members of R.F.W. Bader's research group

 Much of the Quantum Theory of Atoms in Molecules (QTAIM) is described in the book:
   "Atoms in Molecules - A Quantum Theory"
   R.F.W. Bader, Oxford University Press, Oxford, 1990

 For additional references see:  http://aim.tkgristmill.com/references.html

 Current Directory:  /home/scratch/M_H2O_4_cuadrado_plano/Opt

 Inp File:  Co2_cuadrado_plano_cc-pvtz-def2-tzv_1_atomicfiles/o2.inp
 Wfx File:  Co2_cuadrado_plano_cc-pvtz-def2-tzv_1.wfx
 Out File:  Co2_cuadrado_plano_cc-pvtz-def2-tzv_1_atomicfiles/o2.int

 Wfx Title:   Co2_cuadrado_plano_cc-pvtz-def2-tzv_1                                         
 Job Title:   Co2_cuadrado_plano_cc-pvtz-def2-tzv_1                                         
 
<Atom>
O2      
</Atom>
<Nuclei of Molecule>
    13
Co1       27.0           3.6802301122E-04   1.6904982741E-04  -3.2847191437E-04
O2         8.0           2.3226702891E-01  -3.4312489273E+00  -1.5604221749E-03
H3         1.0           1.3592556797E+00  -4.4398278083E+00   1.0645301820E+00
O4         8.0          -3.4311550984E+00  -2.3172411666E-01   3.1242870360E-04
H5         1.0          -4.5802404718E+00   7.2472662705E-01  -1.0901613873E+00
O6         8.0          -2.3168168839E-01   3.4316902251E+00   9.0495233256E-04
H7         1.0           7.6231948637E-01   4.5836161021E+00  -1.0521152287E+00
O8         8.0           3.4317843374E+00   2.3222509197E-01  -9.7504171074E-04
H9         1.0           4.5807022563E+00  -7.4046208393E-01  -1.0771284753E+00
H10        1.0          -1.3778662195E+00   4.4373633980E+00   1.0489955938E+00
H11        1.0           4.4421319501E+00   1.3374178090E+00   1.0862015424E+00
H12        1.0          -7.6500522209E-01  -4.5819268052E+00  -1.0528624642E+00
H13        1.0          -4.4409507162E+00  -1.3330097690E+00   1.0919536419E+00
</Nuclei of Molecule>
<Total Number of CPs of DelSqRho>
    34
</Total Number of CPs of DelSqRho>
<Number of (3,+3) CPs of DelSqRho>
     5
</Number of (3,+3) CPs of DelSqRho>
<Number of (3,+1) CPs of DelSqRho>
    14
</Number of (3,+1) CPs of DelSqRho>
<Number of (3,-1) CPs of DelSqRho>
    10
</Number of (3,-1) CPs of DelSqRho>
<Number of (3,-3) CPs of DelSqRho>
     5
</Number of (3,-3) CPs of DelSqRho>
<Number of Degenerate CPs of DelSqRho>
     0
</Number of Degenerate CPs of DelSqRho>
<CP of DelSqRho>
CP# = 1       
Type = (3,+3)
Coords =  2.32267044378143E-01 -3.43124922318809E+00 -1.56041761431463E-03
DistFromNuc =  2.9636907877E-07
Rho =  2.9718030234E+02
DelSqRho = -3.3280675660E+06
GradDelSqRho =  1.6370047753E-06 -1.7149660380E-05 -4.4260417553E-09
HessDelSqRho_EigVals =  1.3235014820E+11  1.3235016975E+11  1.3235017680E+11
HessDelSqRho_EigVec1 =  7.1207440043E-01  4.2513437288E-02 -7.0081570752E-01
HessDelSqRho_EigVec2 = -6.3202472817E-02  9.9799395243E-01 -3.6767292727E-03
HessDelSqRho_EigVec3 =  6.9925352747E-01  4.6911390496E-02  7.1333289968E-01
</CP of DelSqRho>
<CP of DelSqRho>
CP# = 2       
Type = (3,-1)
Coords =  1.45475968202978E-01 -1.95771555278956E+00 -5.80536551570109E-03
DistFromNuc =  1.4760932604E+00
Rho =  1.5432269945E-01
DelSqRho =  3.5982499932E-01
GradDelSqRho = -1.6826817717E-16  2.7824964555E-15 -1.7347234760E-17
HessDelSqRho_EigVals = -1.5507477188E-01 -5.1042688473E-02  5.1877361984E+00
HessDelSqRho_EigVec1 = -7.0402156447E-02 -5.9455776306E-03  9.9750097066E-01
HessDelSqRho_EigVec2 =  9.9502292209E-01  7.0274525990E-02  7.0646128827E-02
HessDelSqRho_EigVec3 = -7.0518939931E-02  9.9750997043E-01  9.6850785457E-04
</CP of DelSqRho>
<CP of DelSqRho>
CP# = 3       
Type = (3,+1)
Coords =  3.51103024928017E-01 -3.46373689255011E+00 -1.16214660307351E-01
DistFromNuc =  1.6829455178E-01
Rho =  2.2592928189E+01
DelSqRho =  1.2302735541E+03
GradDelSqRho = -5.3308468750E-12  2.7249313916E-12  1.1100453889E-11
HessDelSqRho_EigVals = -4.1273959260E+05  2.8103233384E+03  3.7730485657E+03
HessDelSqRho_EigVec1 =  7.0657727090E-01 -1.8872578325E-01 -6.8200523384E-01
HessDelSqRho_EigVec2 =  1.0046440067E-01  9.8077112078E-01 -1.6731680382E-01
HessDelSqRho_EigVec3 =  7.0046803242E-01  4.9705003547E-02  7.1195080460E-01
</CP of DelSqRho>
<CP of DelSqRho>
CP# = 4       
Type = (3,+1)
Coords =  1.18340782115336E-01 -3.47723020402646E+00  1.13497708954265E-01
DistFromNuc =  1.6832064954E-01
Rho =  2.2587209728E+01
DelSqRho =  1.2296853967E+03
GradDelSqRho =  5.6230575751E-12 -6.6435745794E-13 -6.0733640339E-12
HessDelSqRho_EigVals = -4.1213275845E+05  2.8326113220E+03  3.7929426098E+03
HessDelSqRho_EigVec1 =  6.7782987027E-01  2.6897159507E-01 -6.8425210852E-01
HessDelSqRho_EigVec2 = -2.2199228177E-01  9.6211460821E-01  1.5828742054E-01
HessDelSqRho_EigVec3 =  7.0090376929E-01  4.4606745149E-02  7.1185963819E-01
</CP of DelSqRho>
<CP of DelSqRho>
CP# = 5       
Type = (3,-1)
Coords =  2.22294588688306E-01 -3.26460298395746E+00 -2.39125752899716E-03
DistFromNuc =  1.6694612984E-01
Rho =  2.2734959346E+01
DelSqRho =  1.2943754285E+03
GradDelSqRho = -1.6524559499E-12  3.7873704173E-11 -2.0028423364E-13
HessDelSqRho_EigVals = -4.5129823551E+05 -3.7490836789E+03  2.6649742071E+02
HessDelSqRho_EigVec1 = -5.9704183958E-02  9.9820348823E-01 -5.0206076556E-03
HessDelSqRho_EigVec2 =  7.1074116720E-01  3.8977906812E-02 -7.0237291806E-01
HessDelSqRho_EigVec3 =  7.0091540407E-01  4.5502954452E-02  7.1179145645E-01
</CP of DelSqRho>
<CP of DelSqRho>
CP# = 6       
Type = (3,-1)
Coords =  2.43499276045467E-01 -3.59958411640159E+00 -1.41731042985761E-03
DistFromNuc =  1.6870957223E-01
Rho =  2.2345200066E+01
DelSqRho =  1.2548083896E+03
GradDelSqRho =  1.0906830994E-12  6.2172489379E-14  3.5083047578E-14
HessDelSqRho_EigVals = -4.0863269522E+05 -2.2764399229E+03  1.3780017074E+03
HessDelSqRho_EigVec1 = -6.6641934157E-02  9.9777664775E-01 -7.8346649702E-04
HessDelSqRho_EigVec2 =  7.1119050833E-01  4.6949950560E-02 -7.0142979905E-01
HessDelSqRho_EigVec3 =  6.9983348982E-01  4.7301832421E-02  7.1273811683E-01
</CP of DelSqRho>
<CP of DelSqRho>
CP# = 7       
Type = (3,-3)
Coords =  2.98180099519879E-01 -3.29672809434667E+00  7.25211087545834E-02
DistFromNuc =  1.6711810371E-01
Rho =  2.2673174131E+01
DelSqRho =  1.2951896258E+03
GradDelSqRho =  6.7723604502E-14  1.0808243189E-11  4.6771475581E-12
HessDelSqRho_EigVals = -4.4748022162E+05 -3.9777258042E+03 -4.5509184465E+02
HessDelSqRho_EigVec1 =  3.9275349947E-01  8.0665913360E-01  4.4163982026E-01
HessDelSqRho_EigVec2 = -7.0994332950E-01 -3.9311608816E-02  7.0316076846E-01
HessDelSqRho_EigVec3 =  5.8457262812E-01 -5.8970809694E-01  5.5724249915E-01
</CP of DelSqRho>
<CP of DelSqRho>
CP# = 8       
Type = (3,-3)
Coords =  1.50559973915306E-01 -3.30678350756505E+00 -7.74603656144525E-02
DistFromNuc =  1.6711817660E-01
Rho =  2.2673079750E+01
DelSqRho =  1.2952040883E+03
GradDelSqRho =  7.4695805097E-13 -3.0668800832E-12 -1.0492939850E-11
HessDelSqRho_EigVals = -4.4748041839E+05 -3.9788819148E+03 -4.5782814022E+02
HessDelSqRho_EigVec1 = -4.8741077002E-01  7.4670499987E-01 -4.5261726042E-01
HessDelSqRho_EigVec2 = -7.1199711954E-01 -3.9810088633E-02  7.0105296419E-01
HessDelSqRho_EigVec3 =  5.0546102028E-01  6.6396295078E-01  5.5105567501E-01
</CP of DelSqRho>
<CP of DelSqRho>
CP# = 9       
Type = (3,-1)
Coords =  6.87720005376048E-01 -3.13331236454628E+00  4.70310195854958E-01
DistFromNuc =  7.2032318395E-01
Rho =  6.6100651826E-01
DelSqRho = -8.6723999916E-01
GradDelSqRho =  5.6621374256E-15  1.2517764603E-14  1.2434497876E-14
HessDelSqRho_EigVals = -1.6141787334E+01 -1.2607366370E+01  1.3735145602E+02
HessDelSqRho_EigVec1 = -3.7358999195E-01  8.9544822337E-01 -2.4208055929E-01
HessDelSqRho_EigVec2 = -6.8468807309E-01 -9.0133539979E-02  7.2324144484E-01
HessDelSqRho_EigVec3 =  6.2580568908E-01  4.3594543723E-01  6.4677570708E-01
</CP of DelSqRho>
<CP of DelSqRho>
CP# = 10      
Type = (3,-1)
Coords = -2.57108135270130E-01 -3.19661809214847E+00 -4.75155397961468E-01
DistFromNuc =  7.2029985506E-01
Rho =  6.6108866825E-01
DelSqRho = -8.6800680790E-01
GradDelSqRho =  1.6442958106E-12 -1.2307238562E-12  4.6671833065E-12
HessDelSqRho_EigVals = -1.6145679975E+01 -1.2598597031E+01  1.3738136557E+02
HessDelSqRho_EigVec1 =  2.5936284079E-01  9.3714215908E-01  2.3344269209E-01
HessDelSqRho_EigVec2 = -6.9031877980E-01  1.0846792290E-02  7.2342403150E-01
HessDelSqRho_EigVec3 =  6.7541905442E-01 -3.4877918626E-01  6.4974008662E-01
</CP of DelSqRho>
<CP of DelSqRho>
CP# = 11      
Type = (3,+1)
Coords =  1.90844129646246E-01 -2.75724067539950E+00 -5.40789685437908E-03
DistFromNuc =  6.7529088785E-01
Rho =  8.3139351276E-01
DelSqRho = -3.2720307882E+00
GradDelSqRho = -4.6906922790E-15  6.6169292268E-14 -4.7097742373E-16
HessDelSqRho_EigVals = -5.8036740051E+00  1.9245558779E+01  2.2510324970E+02
HessDelSqRho_EigVec1 = -7.0057575957E-01 -3.8296644311E-02  7.1254962784E-01
HessDelSqRho_EigVec2 =  7.1097970215E-01  4.7675241178E-02  7.0159456562E-01
HessDelSqRho_EigVec3 = -6.0839692889E-02  9.9812846789E-01 -6.1719815350E-03
</CP of DelSqRho>
<CP of DelSqRho>
CP# = 12      
Type = (3,-1)
Coords =  2.78194445399402E-01 -4.15991337870976E+00  1.33369803546714E-03
DistFromNuc =  7.3011614578E-01
Rho =  6.5155430586E-01
DelSqRho = -8.1098394021E-01
GradDelSqRho = -8.6042284408E-16 -1.0491607583E-14 -7.1470607210E-16
HessDelSqRho_EigVals = -1.9119807899E+01 -8.0000380673E+00  1.2697491849E+02
HessDelSqRho_EigVec1 =  7.2321621415E-01  4.8315772509E-02  6.8892952740E-01
HessDelSqRho_EigVec2 = -6.8773151134E-01 -4.0782389040E-02  7.2481871186E-01
HessDelSqRho_EigVec3 = -6.3116368000E-02  9.9799918981E-01 -3.7337942439E-03
</CP of DelSqRho>
<CP of DelSqRho>
CP# = 13      
Type = (3,+1)
Coords = -3.59510658377799E-01 -3.78877813183417E+00 -7.94998628308513E-02
DistFromNuc =  6.9577476220E-01
Rho =  7.8044708727E-01
DelSqRho = -2.6397156041E+00
GradDelSqRho = -8.9261931180E-14 -4.4339532046E-15  5.0737192225E-14
HessDelSqRho_EigVals = -1.1649951324E+01  1.6330868321E+01  1.7984142340E+02
HessDelSqRho_EigVec1 = -2.2397206568E-01  4.0450133682E-01  8.8668775920E-01
HessDelSqRho_EigVec2 = -4.1413810188E-01  7.8407287880E-01 -4.6229790537E-01
HessDelSqRho_EigVec3 =  8.8222794468E-01  4.7075300238E-01  8.0910064637E-03
</CP of DelSqRho>
<CP of DelSqRho>
CP# = 14      
Type = (3,+1)
Coords =  1.71404167441886E-01 -3.75681244506660E+00 -6.14620415328835E-01
DistFromNuc =  6.9680588921E-01
Rho =  7.7562916712E-01
DelSqRho = -2.5673598659E+00
GradDelSqRho =  1.9428902931E-15 -7.2164496601E-15 -3.3945068978E-14
HessDelSqRho_EigVals = -1.2575164613E+01  1.5597717939E+01  1.7816408753E+02
HessDelSqRho_EigVec1 =  8.6028338378E-01  4.6759651411E-01 -2.0314034454E-01
HessDelSqRho_EigVec2 = -5.0965451757E-01  7.7875766459E-01 -3.6577147588E-01
HessDelSqRho_EigVec3 = -1.2836366786E-02  4.1819851725E-01  9.0826495465E-01
</CP of DelSqRho>
<CP of DelSqRho>
CP# = 15      
Type = (3,+3)
Coords = -2.10585074203619E-01 -3.29836777316054E+00  4.30936328558869E-01
DistFromNuc =  6.3311043724E-01
Rho =  9.7943827970E-01
DelSqRho = -4.5207711550E+00
GradDelSqRho =  4.6629367034E-15 -6.6613381478E-15 -1.8318679906E-14
HessDelSqRho_EigVals =  1.3171957415E+01  2.4301542088E+01  3.5290778113E+02
HessDelSqRho_EigVec1 =  1.2186364127E-01  9.8100716374E-01 -1.5091122432E-01
HessDelSqRho_EigVec2 =  7.0106969954E-01  2.2553309319E-02  7.1273601328E-01
HessDelSqRho_EigVec3 =  7.0260268240E-01 -1.9265589254E-01 -6.8500596914E-01
</CP of DelSqRho>
<CP of DelSqRho>
CP# = 16      
Type = (3,+3)
Coords =  6.87883348271317E-01 -3.81878962797921E+00  4.15543720595754E-01
DistFromNuc =  7.2921182869E-01
Rho =  7.4224887994E-01
DelSqRho = -2.9539460780E+00
GradDelSqRho = -1.0672018824E-14  8.1878948066E-15 -1.6764367672E-14
HessDelSqRho_EigVals =  9.5988989907E+00  2.3593774574E+01  1.3361667431E+02
HessDelSqRho_EigVec1 =  6.9185637925E-01  5.5441199246E-02 -7.1990348236E-01
HessDelSqRho_EigVec2 =  3.4401334892E-01  8.5129524842E-01  3.9617069020E-01
HessDelSqRho_EigVec3 =  6.3481459203E-01 -5.2174962716E-01  5.6990153563E-01
</CP of DelSqRho>
<CP of DelSqRho>
CP# = 17      
Type = (3,+3)
Coords =  6.55648389938259E-01 -3.25065173859069E+00 -4.35455213453719E-01
DistFromNuc =  6.3255972945E-01
Rho =  9.8182190121E-01
DelSqRho = -4.5488827424E+00
GradDelSqRho =  3.4128255777E-13  9.9142916099E-14 -3.1097346920E-13
HessDelSqRho_EigVals =  1.3486201062E+01  2.4482162271E+01  3.5602777821E+02
HessDelSqRho_EigVec1 = -2.4134595956E-01  9.6036140988E-01  1.3949225860E-01
HessDelSqRho_EigVec2 =  6.9788073909E-01  7.1877918856E-02  7.1259809064E-01
HessDelSqRho_EigVec3 =  6.7432529376E-01  2.6933163050E-01 -6.8756517582E-01
</CP of DelSqRho>
<CP of DelSqRho>
CP# = 18      
Type = (3,+3)
Coords = -1.74239901211978E-01 -3.87628397832152E+00 -4.11909082565423E-01
DistFromNuc =  7.2917083321E-01
Rho =  7.4235278918E-01
DelSqRho = -2.9549861639E+00
GradDelSqRho =  7.5990602699E-13  6.1239902038E-13  6.7101879608E-13
HessDelSqRho_EigVals =  9.6037453194E+00  2.3598052884E+01  1.3366611323E+02
HessDelSqRho_EigVec1 = -6.8967205860E-01 -2.1153993554E-02  7.2381279357E-01
HessDelSqRho_EigVec2 =  4.4751849497E-01 -7.9828193998E-01  4.0307957150E-01
HessDelSqRho_EigVec3 =  5.6927993838E-01  6.0191232988E-01  5.6001955225E-01
</CP of DelSqRho>
<CP of DelSqRho>
CP# = 19      
Type = (3,+1)
Coords =  3.29509922160136E-01 -3.74050430079803E+00  6.15135044964394E-01
DistFromNuc =  6.9671254154E-01
Rho =  7.7589796250E-01
DelSqRho = -2.5688421340E+00
GradDelSqRho = -5.3290705182E-15 -1.1379786002E-14  1.3877787808E-14
HessDelSqRho_EigVals = -1.2498010861E+01  1.5578319189E+01  1.7817953248E+02
HessDelSqRho_EigVec1 =  9.1203218403E-01 -3.6076719687E-01 -1.9504954488E-01
HessDelSqRho_EigVec2 =  4.0870346422E-01  8.3899009916E-01  3.5924516955E-01
HessDelSqRho_EigVec3 =  3.4040764193E-02 -4.0736058127E-01  9.1263277565E-01
</CP of DelSqRho>
<CP of DelSqRho>
CP# = 20      
Type = (3,+1)
Coords =  8.63113426011022E-01 -3.71277786221498E+00  8.28966389923751E-02
DistFromNuc =  6.9595884442E-01
Rho =  7.7999138174E-01
DelSqRho = -2.6375379079E+00
GradDelSqRho =  1.7763568394E-14  6.8486882832E-15 -5.5511151231E-17
HessDelSqRho_EigVals = -1.1712092577E+01  1.6353661569E+01  1.7968392012E+02
HessDelSqRho_EigVec1 = -1.7745535697E-01 -4.1933419571E-01  8.9031928463E-01
HessDelSqRho_EigVec2 =  3.1236572580E-01  8.3389740113E-01  4.5501953555E-01
HessDelSqRho_EigVec3 =  9.3324018860E-01 -3.5885088365E-01  1.6993930597E-02
</CP of DelSqRho>
<CP of DelSqRho>
CP# = 21      
Type = (3,-1)
Coords =  1.38182852973970E+00 -3.57518835038957E+00 -2.86756602200597E-01
DistFromNuc =  1.1931249150E+00
Rho =  2.4613990714E-01
DelSqRho =  7.1613462126E-01
GradDelSqRho = -1.1692036228E-15  1.9645743365E-16 -5.6898930012E-16
HessDelSqRho_EigVals = -1.7619598838E+01 -9.8316409579E-01  3.1018176312E-01
HessDelSqRho_EigVec1 =  9.6220274432E-01 -1.0702908802E-01 -2.5042095188E-01
HessDelSqRho_EigVec2 =  1.3387062327E-01 -6.1488071643E-01  7.7717460122E-01
HessDelSqRho_EigVec3 =  2.3715930310E-01  7.8132354302E-01  5.7731186205E-01
</CP of DelSqRho>
<CP of DelSqRho>
CP# = 22      
Type = (3,-1)
Coords = -8.90489575487631E-01 -3.71151169901052E+00  2.88881992903747E-01
DistFromNuc =  1.1930994973E+00
Rho =  2.4617844231E-01
DelSqRho =  7.1607939508E-01
GradDelSqRho = -4.5727310827E-15 -1.3357370765E-16  1.1041514925E-15
HessDelSqRho_EigVals = -1.7616675896E+01 -9.8842563162E-01  3.0942813970E-01
HessDelSqRho_EigVec1 =  9.4136285405E-01  2.2108802292E-01 -2.5486479384E-01
HessDelSqRho_EigVec2 =  5.8895441890E-02  6.3611296070E-01  7.6934493444E-01
HessDelSqRho_EigVec3 = -3.3221574909E-01  7.3924311789E-01 -5.8579203538E-01
</CP of DelSqRho>
<CP of DelSqRho>
CP# = 23      
Type = (3,+1)
Coords =  1.46124098001783E-01 -2.18106307013596E+00  1.12283209747893E-03
DistFromNuc =  1.2531530161E+00
Rho =  2.3898947442E-01
DelSqRho =  4.1359445361E-01
GradDelSqRho = -6.6786853825E-17 -2.3071822230E-16  1.3877787808E-17
HessDelSqRho_EigVals = -8.2506668345E+00  5.6332833716E-01  8.9813563788E-01
HessDelSqRho_EigVec1 = -6.8617905146E-02  9.9764067190E-01  2.1616813517E-03
HessDelSqRho_EigVec2 = -5.6009202800E-01 -4.0316141312E-02  8.2744880743E-01
HessDelSqRho_EigVec3 =  8.2558373486E-01  5.5567063290E-02  5.6153699630E-01
</CP of DelSqRho>
<CP of DelSqRho>
CP# = 24      
Type = (3,-1)
Coords =  1.66625869028523E-02 -3.60915767248646E+00  1.15814471679918E+00
DistFromNuc =  1.1929177702E+00
Rho =  2.4584235609E-01
DelSqRho =  7.1445174634E-01
GradDelSqRho =  1.7867651803E-16 -7.0256300777E-16  4.1772141302E-15
HessDelSqRho_EigVals = -1.7329405832E+01 -1.1206854576E+00  2.9685109424E-01
HessDelSqRho_EigVec1 = -1.9067835559E-01 -1.3243081604E-01  9.7267869498E-01
HessDelSqRho_EigVec2 =  7.9194066168E-01 -6.0625397078E-01  7.2705648208E-02
HessDelSqRho_EigVec3 =  5.8006185281E-01  7.8416720275E-01  2.2047685830E-01
</CP of DelSqRho>
<CP of DelSqRho>
CP# = 25      
Type = (3,-1)
Coords =  4.67450031676565E-01 -3.59578696123263E+00 -1.15935921567582E+00
DistFromNuc =  1.1928461157E+00
Rho =  2.4580819682E-01
DelSqRho =  7.1521403359E-01
GradDelSqRho =  1.9081958236E-16 -3.2612801348E-16 -6.1756155745E-16
HessDelSqRho_EigVals = -1.7350389384E+01 -1.1155694458E+00  2.9591327374E-01
HessDelSqRho_EigVec1 = -2.0486654870E-01  1.2029639742E-01  9.7136938082E-01
HessDelSqRho_EigVec2 =  7.1370663787E-01  6.9750151159E-01  6.4144184359E-02
HessDelSqRho_EigVec3 = -6.6981529714E-01  7.0641377258E-01 -2.2875106474E-01
</CP of DelSqRho>
<CP of DelSqRho>
CP# = 26      
Type = (3,+1)
Coords =  9.31801914724589E-01 -4.05460369497629E+00  6.59056086428260E-01
DistFromNuc =  1.1464442395E+00
Rho =  4.1954142362E-01
DelSqRho = -9.9597042363E-01
GradDelSqRho =  1.7005559287E-13 -7.6127645854E-13  1.1444595271E-12
HessDelSqRho_EigVals = -3.2622827874E+01  1.5190025935E+01  1.6356712814E+01
HessDelSqRho_EigVec1 =  6.0711027405E-01 -5.4761223485E-01  5.7579332697E-01
HessDelSqRho_EigVec2 = -7.0152467682E-01 -2.9048928498E-02  7.1205286852E-01
HessDelSqRho_EigVec3 =  3.7320268348E-01  8.3622783976E-01  4.0179939902E-01
</CP of DelSqRho>
<CP of DelSqRho>
CP# = 27      
Type = (3,+1)
Coords = -3.87243489513405E-01 -4.14286533897402E+00 -6.52849768138955E-01
DistFromNuc =  1.1464593373E+00
Rho =  4.1955305157E-01
DelSqRho = -9.9614313356E-01
GradDelSqRho = -1.2716407788E-12 -2.9328206530E-12 -4.8645115713E-12
HessDelSqRho_EigVals = -3.2626983721E+01  1.5192806976E+01  1.6358179653E+01
HessDelSqRho_EigVec1 =  5.3660907758E-01  6.2413589623E-01  5.6789530805E-01
HessDelSqRho_EigVec2 = -6.9764780288E-01 -5.0452441533E-02  7.1466222390E-01
HessDelSqRho_EigVec3 =  4.7469805244E-01 -7.7968515068E-01  4.0835379859E-01
</CP of DelSqRho>
<CP of DelSqRho>
CP# = 28      
Type = (3,-3)
Coords = -5.65763003936123E-01 -3.06046042220711E+00 -7.21348117817484E-01
DistFromNuc =  1.1368510789E+00
Rho =  2.4738349299E-01
DelSqRho =  8.6280776809E-01
GradDelSqRho =  5.1528226130E-14 -2.8470281688E-14  3.1179919757E-14
HessDelSqRho_EigVals = -1.7753534810E+01 -2.1102566016E+00 -5.2357165851E-01
HessDelSqRho_EigVec1 =  6.8835128422E-01 -3.6765119054E-01  6.2530401535E-01
HessDelSqRho_EigVec2 =  2.3896170180E-01  9.2885356095E-01  2.8306954514E-01
HessDelSqRho_EigVec3 = -6.8488671661E-01 -4.5427573271E-02  7.2723209569E-01
</CP of DelSqRho>
<CP of DelSqRho>
CP# = 29      
Type = (3,-3)
Coords =  9.79033645331435E-01 -2.95740356716420E+00  7.12688389261925E-01
DistFromNuc =  1.1368118443E+00
Rho =  2.4737448571E-01
DelSqRho =  8.6300607232E-01
GradDelSqRho =  4.5552797645E-12  1.5047060820E-12  8.5432702579E-13
HessDelSqRho_EigVals = -1.7759151859E+01 -2.1058372505E+00 -5.2671934230E-01
HessDelSqRho_EigVec1 =  6.3820732254E-01  4.5613758214E-01  6.2018539133E-01
HessDelSqRho_EigVec2 = -3.5131890427E-01  8.8936385448E-01 -2.9258667409E-01
HessDelSqRho_EigVec3 = -6.8503024820E-01 -3.1151894242E-02  7.2784827988E-01
</CP of DelSqRho>
<CP of DelSqRho>
CP# = 30      
Type = (3,-3)
Coords =  3.09994496074357E-01 -4.58087714659112E+00 -2.39120141856716E-03
DistFromNuc =  1.1522531371E+00
Rho =  2.5220734195E-01
DelSqRho =  8.8664428667E-01
GradDelSqRho =  3.7383290907E-16 -5.8286708793E-15 -3.1225022568E-16
HessDelSqRho_EigVals = -1.7117271916E+01 -3.9759288236E+00 -1.2396028432E-01
HessDelSqRho_EigVec1 = -6.7468286449E-02  9.9772114025E-01  7.4607495293E-04
HessDelSqRho_EigVec2 =  7.1271808981E-01  4.7672382218E-02  6.9982874221E-01
HessDelSqRho_EigVec3 = -6.9819836349E-01 -4.7747987160E-02  7.1431027918E-01
</CP of DelSqRho>
<CP of DelSqRho>
CP# = 31      
Type = (3,+1)
Coords = -1.26913834577808E+00 -4.70979488293174E+00 -3.36371925718080E-01
DistFromNuc =  2.0002491352E+00
Rho =  7.4606921142E-02
DelSqRho =  1.7990971441E-01
GradDelSqRho =  1.8821923187E-13  7.4101749042E-14  5.3552865267E-14
HessDelSqRho_EigVals = -1.6347767398E+00  4.4080574221E-02  5.9153709310E-01
HessDelSqRho_EigVec1 =  8.0343999077E-01  5.3091927505E-01 -2.6946039527E-01
HessDelSqRho_EigVec2 = -5.9116553682E-01  7.6515858356E-01 -2.5506009111E-01
HessDelSqRho_EigVec3 =  7.0763615704E-02  3.6422117647E-01  9.2862018355E-01
</CP of DelSqRho>
<CP of DelSqRho>
CP# = 32      
Type = (3,+1)
Coords =  1.87939075630272E+00 -4.50864137629940E+00  3.51813953226782E-01
DistFromNuc =  1.9996661001E+00
Rho =  7.4643226094E-02
DelSqRho =  1.8016868373E-01
GradDelSqRho =  4.0505793164E-16 -2.1445518972E-16  1.1926223897E-16
HessDelSqRho_EigVals = -1.6387776689E+00  4.3898933882E-02  5.9129171907E-01
HessDelSqRho_EigVec1 =  8.6521103756E-01 -4.2748907277E-01 -2.6203616764E-01
HessDelSqRho_EigVec2 =  4.8894574999E-01  8.3511523903E-01  2.5202101322E-01
HessDelSqRho_EigVec3 =  1.1109416751E-01 -3.4617283284E-01  9.3156988774E-01
</CP of DelSqRho>
<CP of DelSqRho>
CP# = 33      
Type = (3,+1)
Coords = -6.12094868970596E-02 -4.60932557708321E+00 -1.58562155323890E+00
DistFromNuc =  1.9958062845E+00
Rho =  7.4822446326E-02
DelSqRho =  1.8243514917E-01
GradDelSqRho = -2.4286128664E-16  1.7520707107E-16  5.0827397846E-16
HessDelSqRho_EigVals = -1.6694275548E+00  3.9350754658E-02  5.9051413685E-01
HessDelSqRho_EigVec1 = -2.8683257081E-01  4.3722896340E-01  8.5238366355E-01
HessDelSqRho_EigVec2 = -3.4030693614E-01  7.8523369195E-01 -5.1729994998E-01
HessDelSqRho_EigVec3 =  8.9549889198E-01  4.3845054749E-01  7.6438549619E-02
</CP of DelSqRho>
<CP of DelSqRho>
CP# = 34      
Type = (3,+1)
Coords =  6.62102229029586E-01 -4.54771460388877E+00  1.59663335840465E+00
DistFromNuc =  1.9963660152E+00
Rho =  7.4784967327E-02
DelSqRho =  1.8214618657E-01
GradDelSqRho = -3.1528599176E-16  7.3292066860E-16 -2.9629076970E-15
HessDelSqRho_EigVals = -1.6639029319E+00  3.9613559722E-02  5.9086628095E-01
HessDelSqRho_EigVec1 = -2.3265643514E-01 -4.6042172189E-01  8.5666961029E-01
HessDelSqRho_EigVec2 =  2.4009975736E-01  8.2638522881E-01  5.0935209838E-01
HessDelSqRho_EigVec3 =  9.4245588210E-01 -3.2419020901E-01  8.1716697675E-02
</CP of DelSqRho>
<Path of -GradDelSqRho>
Starting CP# =      3
Ending CP# =     17
Number of Points =     30
  3.5110302493E-01 -3.4637368926E+00 -1.1621466031E-01  2.2592928189E+01  1.2302735541E+03
  3.6877008220E-01 -3.4684298985E+00 -1.3326900265E-01  1.5676427617E+01  1.1481865964E+03
  3.8643973967E-01 -3.4730980107E+00 -1.5032748816E-01  1.0988446252E+01  9.7840862483E+02
  4.0411005416E-01 -3.4777599576E+00 -1.6738697912E-01  7.8205936609E+00  7.7037691905E+02
  4.2178187078E-01 -3.4824075253E+00 -1.8444883635E-01  5.6881071758E+00  5.6973425022E+02
  4.3945665056E-01 -3.4870264085E+00 -2.0151541080E-01  4.2534893477E+00  4.0540332567E+02
  4.5713595459E-01 -3.4916010000E+00 -2.1858922368E-01  3.2857160161E+00  2.8263782486E+02
  4.7482130046E-01 -3.4961155649E+00 -2.3567274938E-01  2.6296515476E+00  1.9434391615E+02
  4.9251402918E-01 -3.5005553869E+00 -2.5276820948E-01  2.1817763876E+00  1.3134388261E+02
  5.1021537200E-01 -3.5049059518E+00 -2.6987768743E-01  1.8726919899E+00  8.6444177048E+01
  5.2792677141E-01 -3.5091492753E+00 -2.8700367155E-01  1.6555743802E+00  5.4741297339E+01
  5.4565028581E-01 -3.5132585232E+00 -3.0414978327E-01  1.4988233110E+00  3.2836300163E+01
  5.6338894851E-01 -3.5171913722E+00 -3.2132153249E-01  1.3812980120E+00  1.8173578027E+01
  5.8114705736E-01 -3.5208802272E+00 -3.3852719404E-01  1.2890814564E+00  8.7255331610E+00
  5.9893026206E-01 -3.5242146343E+00 -3.5577896667E-01  1.2131973706E+00  2.8897942986E+00
  6.1674465490E-01 -3.5270052408E+00 -3.7309430756E-01  1.1479899689E+00 -5.4891024927E-01
  6.3459105223E-01 -3.5288988234E+00 -3.9049564172E-01  1.0900179537E+00 -2.4632401042E+00
  6.5243227219E-01 -3.5291312073E+00 -4.0799394357E-01  1.0374367890E+00 -3.4463949946E+00
  6.6993173055E-01 -3.5255464278E+00 -4.2539562087E-01  9.9046081632E-01 -3.8849127287E+00
  6.8346324346E-01 -3.5111612058E+00 -4.3960343006E-01  9.5942805756E-01 -4.0449769708E+00
  6.8662386201E-01 -3.4870047662E+00 -4.4433634033E-01  9.5758624258E-01 -4.1360416960E+00
  6.8627107234E-01 -3.4620541518E+00 -4.4577816802E-01  9.6288469679E-01 -4.2172464290E+00
  6.8502824850E-01 -3.4370955558E+00 -4.4645885619E-01  9.6814916329E-01 -4.2901447281E+00
  6.8315472400E-01 -3.4121675112E+00 -4.4663530076E-01  9.7265680529E-01 -4.3543591268E+00
  6.8066690129E-01 -3.3872945653E+00 -4.4632557353E-01  9.7634219665E-01 -4.4095830217E+00
  6.7756443260E-01 -3.3625016479E+00 -4.4552930299E-01  9.7919551213E-01 -4.4556131309E+00
  6.7384790453E-01 -3.3378139545E+00 -4.4424370974E-01  9.8121694902E-01 -4.4923527623E+00
  6.6952099613E-01 -3.3132567825E+00 -4.4246322338E-01  9.8241428824E-01 -4.5198119431E+00
  6.6459320430E-01 -3.2888552296E+00 -4.4017684913E-01  9.8280258458E-01 -4.5381052425E+00
  6.5564838994E-01 -3.2506517386E+00 -4.3545521345E-01  9.8182190121E-01 -4.5488827424E+00
</Path of -GradDelSqRho>
<Path of -GradDelSqRho>
Starting CP# =      3
Ending CP# =      1
Number of Points =      7
  3.5110302493E-01 -3.4637368926E+00 -1.1621466031E-01  2.2592928189E+01  1.2302735541E+03
  3.3344173636E-01 -3.4589889005E+00 -9.9169568917E-02  3.2831821170E+01  9.7726574668E+02
  3.1578537367E-01 -3.4541944939E+00 -8.2132361566E-02  4.8093664744E+01 -8.1025561592E+02
  2.9813119738E-01 -3.4493796658E+00 -6.5098645615E-02  7.0769056283E+01 -6.4222933859E+03
  2.8047862810E-01 -3.4445498906E+00 -4.8067497207E-02  1.0443547064E+02 -2.0752828766E+04
  2.6282871705E-01 -3.4396954653E+00 -3.1040601688E-02  1.5494908487E+02 -7.5716748514E+04
  2.3226704438E-01 -3.4312492232E+00 -1.5604176143E-03  2.9718030234E+02 -3.3280675660E+06
</Path of -GradDelSqRho>
<Path of -GradDelSqRho>
Starting CP# =      4
Ending CP# =      1
Number of Points =      7
  1.1834078212E-01 -3.4772302040E+00  1.1349770895E-01  2.2587209728E+01  1.2296853967E+03
  1.3527971482E-01 -3.4704768428E+00  9.6396119605E-02  3.2822541646E+01  9.7707985853E+02
  1.5220800823E-01 -3.4636782541E+00  7.9301910409E-02  4.8078570767E+01 -8.0813295575E+02
  1.6913160014E-01 -3.4568597616E+00  6.2210971735E-02  7.0744996580E+01 -6.4156034364E+03
  1.8605175093E-01 -3.4500267296E+00  4.5122434072E-02  1.0439702177E+02 -2.0727853292E+04
  2.0296621332E-01 -3.4431696974E+00  2.8037878251E-02  1.5488920962E+02 -7.5632704673E+04
  2.3226704438E-01 -3.4312492232E+00 -1.5604176143E-03  2.9718030234E+02 -3.3280675660E+06
</Path of -GradDelSqRho>
<Path of -GradDelSqRho>
Starting CP# =      4
Ending CP# =     15
Number of Points =     30
  1.1834078212E-01 -3.4772302040E+00  1.1349770895E-01  2.2587209728E+01  1.2296853967E+03
  1.0138932572E-01 -3.4839300403E+00  1.3060794372E-01  1.5672822558E+01  1.1476850834E+03
  8.4432225751E-02 -3.4906057055E+00  1.4772203878E-01  1.0986085228E+01  9.7800455959E+02
  6.7473717396E-02 -3.4972753921E+00  1.6483706929E-01  7.8189383272E+00  7.7006147215E+02
  5.0511940570E-02 -3.5039310779E+00  1.8195431013E-01  5.6868149909E+00  5.6951018015E+02
  3.3543675298E-02 -3.5105588282E+00  1.9907595686E-01  4.2523478178E+00  4.0526239338E+02
  1.6565442296E-02 -3.5171434414E+00  2.1620436137E-01  3.2846017290E+00  2.8256257874E+02
 -4.2620991160E-04 -3.5236695887E+00  2.3334182817E-01  2.6285000235E+00  1.9431616450E+02
 -1.7434430877E-02 -3.5301229297E+00  2.5049042120E-01  2.1805604397E+00  1.3134880481E+02
 -3.4462235226E-02 -3.5364893176E+00  2.6765206986E-01  1.8714071347E+00  8.6470641450E+01
 -5.1513274998E-02 -3.5427512203E+00  2.8482907285E-01  1.6542292734E+00  5.4780993849E+01
 -6.8592905933E-02 -3.5488824739E+00  3.0202476987E-01  1.4974334303E+00  3.2882999622E+01
 -8.5709363816E-02 -3.5548418014E+00  3.1924422897E-01  1.3798814227E+00  1.8222724633E+01
 -1.0287526061E-01 -3.5605632515E+00  3.3649502582E-01  1.2876559763E+00  8.7739970140E+00
 -1.2010984675E-01 -3.5659389917E+00  3.5378823420E-01  1.2117786648E+00  2.9356344792E+00
 -1.3744258064E-01 -3.5707840016E+00  3.7113943437E-01  1.1465900526E+00 -5.0670950530E-01
 -1.5491806456E-01 -3.5747526898E+00  3.8856773896E-01  1.0886429927E+00 -2.4250285062E+00
 -1.7259491689E-01 -3.5770956981E+00  4.0607793828E-01  1.0360796433E+00 -3.4120544237E+00
 -1.9041705520E-01 -3.5756849318E+00  4.2346814153E-01  9.8905240930E-01 -3.8538570055E+00
 -2.0577668761E-01 -3.5632644315E+00  4.3769718723E-01  9.5752832469E-01 -4.0152678089E+00
 -2.1205703531E-01 -3.5397188920E+00  4.4233373120E-01  9.5533646006E-01 -4.1057774042E+00
 -2.1485076407E-01 -3.5149118157E+00  4.4356998441E-01  9.6056885462E-01 -4.1864475050E+00
 -2.1675005430E-01 -3.4899896041E+00  4.4403366858E-01  9.6580528183E-01 -4.2589781479E+00
 -2.1801785332E-01 -3.4650228353E+00  4.4399246725E-01  9.7029665607E-01 -4.3230004371E+00
 -2.1866829306E-01 -3.4400378836E+00  4.4346549154E-01  9.7397549058E-01 -4.3782123203E+00
 -2.1869808873E-01 -3.4150594698E+00  4.4245255888E-01  9.7683183624E-01 -4.4244124877E+00
 -2.1810485142E-01 -3.3901127105E+00  4.4095096689E-01  9.7886580787E-01 -4.4615036187E+00
 -2.1688927591E-01 -3.3652232319E+00  4.3895517859E-01  9.8008502299E-01 -4.4894925141E+00
 -2.1505775032E-01 -3.3404172315E+00  4.3645432654E-01  9.8050428787E-01 -4.5084879772E+00
 -2.1058507420E-01 -3.2983677732E+00  4.3093632856E-01  9.7943827970E-01 -4.5207711550E+00
</Path of -GradDelSqRho>
<Path of -GradDelSqRho>
Starting CP# =     11
Ending CP# =     15
Number of Points =     36
  1.9084412965E-01 -2.7572406754E+00 -5.4078968544E-03  8.3139351276E-01 -3.2720307882E+00
  1.8512453950E-01 -2.7581854151E+00  4.5246639965E-04  8.3226207439E-01 -3.2721900215E+00
  1.7536506739E-01 -2.7588353140E+00  1.0386705978E-02  8.3202492035E-01 -3.2734449445E+00
  1.5830953850E-01 -2.7608744320E+00  2.7808355985E-02  8.3209423587E-01 -3.2783367157E+00
  1.4103712637E-01 -2.7643368675E+00  4.5544794692E-02  8.3310692341E-01 -3.2868935605E+00
  1.2391801754E-01 -2.7688473081E+00  6.3194109305E-02  8.3455987741E-01 -3.2990481854E+00
  1.0698214615E-01 -2.7743955140E+00  8.0724094451E-02  8.3644782489E-01 -3.3147844497E+00
  9.0258806241E-02 -2.7809688331E+00  9.8103065467E-02  8.3876388449E-01 -3.3340805947E+00
  7.3776543411E-02 -2.7885522987E+00  1.1529998271E-01  8.4149949187E-01 -3.3569069145E+00
  5.7563054858E-02 -2.7971287404E+00  1.3228456622E-01  8.4464430604E-01 -3.3832230263E+00
  4.1645097631E-02 -2.8066789028E+00  1.4902740053E-01  8.4818609698E-01 -3.4129748287E+00
  2.6048404450E-02 -2.8171815697E+00  1.6550003006E-01  8.5211061566E-01 -3.4460912444E+00
  1.0797606258E-02 -2.8286136902E+00  1.8167504575E-01  8.5640144859E-01 -3.4824808380E+00
 -4.0838392910E-03 -2.8409505071E+00  1.9752616384E-01  8.6103986031E-01 -3.5220283992E+00
 -1.8573713935E-02 -2.8541656854E+00  2.1302829738E-01  8.6600462853E-01 -3.5645915753E+00
 -3.2651099647E-02 -2.8682314427E+00  2.2815762091E-01  8.7127187808E-01 -3.6099976320E+00
 -4.6296433788E-02 -2.8831186826E+00  2.4289162790E-01  8.7681492097E-01 -3.6580404167E+00
 -5.9491557662E-02 -2.8987971314E+00  2.5720918006E-01  8.8260411112E-01 -3.7084775999E+00
 -7.2219757043E-02 -2.9152354807E+00  2.7109054736E-01  8.8860672330E-01 -3.7610282684E+00
 -8.4465793004E-02 -2.9324015359E+00  2.8451743647E-01  8.9478686631E-01 -3.8153709536E+00
 -9.6215921286E-02 -2.9502623706E+00  2.9747300576E-01  9.0110544085E-01 -3.8711421807E+00
 -1.0745789867E-01 -2.9687844861E+00  3.0994186451E-01  9.0752015209E-01 -3.9279356366E+00
 -1.1818097539E-01 -2.9879339743E+00  3.2191005435E-01  9.1398558629E-01 -3.9853020609E+00
 -1.2837587339E-01 -3.0076766811E+00  3.3336501122E-01  9.2045335946E-01 -4.0427499680E+00
 -1.3803475155E-01 -3.0279783660E+00  3.4429550701E-01  9.2687234389E-01 -4.0997473102E+00
 -1.4715116021E-01 -3.0488048555E+00  3.5469157002E-01  9.3318897603E-01 -4.1557241834E+00
 -1.5571998926E-01 -3.0701221848E+00  3.6454438425E-01  9.3934764630E-01 -4.2100766624E+00
 -1.6373741582E-01 -3.0918967249E+00  3.7384616680E-01  9.4529116793E-01 -4.2621718292E+00
 -1.7120086061E-01 -3.1140952927E+00  3.8259002169E-01  9.5096131917E-01 -4.3113540214E+00
 -1.7810896571E-01 -3.1366852416E+00  3.9076976477E-01  9.5629944985E-01 -4.3569522904E+00
 -1.8446161374E-01 -3.1596345326E+00  3.9837970772E-01  9.6124714084E-01 -4.3982890075E+00
 -1.9026002282E-01 -3.1829117877E+00  4.0541437333E-01  9.6574690328E-01 -4.4346895061E+00
 -1.9550698485E-01 -3.2064863291E+00  4.1186807950E-01  9.6974290319E-01 -4.4654925956E+00
 -2.0020740409E-01 -3.2303282114E+00  4.1773423662E-01  9.7318169696E-01 -4.4900617308E+00
 -2.0436958366E-01 -3.2544082647E+00  4.2300390499E-01  9.7601296509E-01 -4.5077965783E+00
 -2.1058507420E-01 -3.2983677732E+00  4.3093632856E-01  9.7943827970E-01 -4.5207711550E+00
</Path of -GradDelSqRho>
<Path of -GradDelSqRho>
Starting CP# =     11
Ending CP# =     17
Number of Points =     36
  1.9084412965E-01 -2.7572406754E+00 -5.4078968544E-03  8.3139351276E-01 -3.2720307882E+00
  1.9664232899E-01 -2.7575558253E+00 -1.1262258731E-02  8.3228849357E-01 -3.2721902301E+00
  2.0643161187E-01 -2.7571362990E+00 -2.1210730830E-02  8.3209398189E-01 -3.2734500010E+00
  2.2363002259E-01 -2.7573064177E+00 -3.8625772243E-02  8.3224525287E-01 -3.2783626112E+00
  2.4120950722E-01 -2.7588648561E+00 -5.6329979987E-02  8.3333958373E-01 -3.2869669087E+00
  2.5876446650E-01 -2.7614806806E+00 -7.3933593096E-02  8.3487510660E-01 -3.2992107474E+00
  2.7626392307E-01 -2.7651468870E+00 -9.1404561321E-02  8.3684684146E-01 -3.3150911796E+00
  2.9367724324E-01 -2.7698540234E+00 -1.0871139482E-01  8.3924817078E-01 -3.3345984718E+00
  3.1097425532E-01 -2.7755902761E+00 -1.2582328451E-01  8.4207075601E-01 -3.3577135427E+00
  3.2812536122E-01 -2.7823415690E+00 -1.4271021277E-01  8.4530443453E-01 -3.3844050387E+00
  3.4510164136E-01 -2.7900916689E+00 -1.5934305466E-01  8.4893709748E-01 -3.4146261402E+00
  3.6187495310E-01 -2.7988222965E+00 -1.7569367023E-01  8.5295455011E-01 -3.4483111891E+00
  3.7841802344E-01 -2.8085132396E+00 -1.9173498892E-01  8.5734035700E-01 -3.4853722288E+00
  3.9470453646E-01 -2.8191424686E+00 -2.0744108665E-01  8.6207567608E-01 -3.5256955413E+00
  4.1070921600E-01 -2.8306862530E+00 -2.2278725645E-01  8.6713908663E-01 -3.5691382587E+00
  4.2640790359E-01 -2.8431192816E+00 -2.3775007245E-01  8.7250641772E-01 -3.6155251257E+00
  4.4177763110E-01 -2.8564147866E+00 -2.5230744693E-01  8.7815058488E-01 -3.6646454811E+00
  4.5679668726E-01 -2.8705446732E+00 -2.6643867914E-01  8.8404144392E-01 -3.7162505321E+00
  4.7144467646E-01 -2.8854796571E+00 -2.8012449436E-01  8.9014567146E-01 -3.7700509950E+00
  4.8570256818E-01 -2.9011894097E+00 -2.9334707091E-01  8.9642668280E-01 -3.8257151840E+00
  4.9955273511E-01 -2.9176427113E+00 -3.0609005299E-01  9.0284459713E-01 -3.8828676400E+00
  5.1297897832E-01 -2.9348076115E+00 -3.1833854693E-01  9.0935626062E-01 -3.9410883981E+00
  5.2596653822E-01 -2.9526515946E+00 -3.3007909899E-01  9.1591533616E-01 -3.9999130047E+00
  5.3850209102E-01 -2.9711417463E+00 -3.4129965312E-01  9.2247246781E-01 -4.0588333965E+00
  5.5057373135E-01 -2.9902449187E+00 -3.5198948791E-01  9.2897552519E-01 -4.1172997560E+00
  5.6217094320E-01 -3.0099278881E+00 -3.6213913234E-01  9.3536993105E-01 -4.1747234487E+00
  5.7328456314E-01 -3.0301575024E+00 -3.7174026030E-01  9.4159907165E-01 -4.2304811293E+00
  5.8390674167E-01 -3.0509008120E+00 -3.8078556368E-01  9.4760478692E-01 -4.2839200797E+00
  5.9403091161E-01 -3.0721251815E+00 -3.8926860225E-01  9.5332793348E-01 -4.3343648029E+00
  6.0365177638E-01 -3.0937983787E+00 -3.9718362522E-01  9.5870901123E-01 -4.3811248552E+00
  6.1276533828E-01 -3.1158886380E+00 -4.0452535202E-01  9.6368884128E-01 -4.4235038469E+00
  6.2136900198E-01 -3.1383646958E+00 -4.1128868397E-01  9.6820928163E-01 -4.4608094884E+00
  6.2946182235E-01 -3.1611957916E+00 -4.1746828228E-01  9.7221396560E-01 -4.4923645042E+00
  6.3704505804E-01 -3.1843516228E+00 -4.2305785181E-01  9.7564904861E-01 -4.5175181871E+00
  6.4412349359E-01 -3.2078022061E+00 -4.2804866013E-01  9.7846395022E-01 -4.5356583198E+00
  6.5564838994E-01 -3.2506517386E+00 -4.3545521345E-01  9.8182190121E-01 -4.5488827424E+00
</Path of -GradDelSqRho>
<Path of -GradDelSqRho>
Starting CP# =     13
Ending CP# =     15
Number of Points =     31
 -3.5951065838E-01 -3.7887781318E+00 -7.9499862831E-02  7.8044708727E-01 -2.6397156041E+00
 -3.6421680498E-01 -3.7795168654E+00 -5.9620607820E-02  7.8516366255E-01 -2.6427135401E+00
 -3.6870799484E-01 -3.7687580367E+00 -3.7507114553E-02  7.9084288104E-01 -2.6534159819E+00
 -3.7240021904E-01 -3.7575517684E+00 -1.5468128656E-02  7.9697213865E-01 -2.6722577165E+00
 -3.7529008038E-01 -3.7459115913E+00  6.4655192228E-03  8.0355072883E-01 -2.6994938590E+00
 -3.7737545218E-01 -3.7338511266E+00  2.8262913889E-02  8.1057168975E-01 -2.7352366571E+00
 -3.7865579167E-01 -3.7213841766E+00  4.9893124589E-02  8.1802131220E-01 -2.7794563561E+00
 -3.7913243964E-01 -3.7085247645E+00  7.1325312571E-02  8.2587870865E-01 -2.8319840492E+00
 -3.7880889119E-01 -3.6952871185E+00  9.2528867888E-02  8.3411545719E-01 -2.8925160974E+00
 -3.7769102350E-01 -3.6816855968E+00  1.1347356205E-01  8.4269533986E-01 -2.9606197395E+00
 -3.7578726776E-01 -3.6677345528E+00  1.3412969952E-01  8.5157420007E-01 -3.0357395974E+00
 -3.7310871541E-01 -3.6534481394E+00  1.5446824784E-01  8.6069994757E-01 -3.1172048866E+00
 -3.6966915417E-01 -3.6388400545E+00  1.7446092394E-01  8.7001274065E-01 -3.2042372722E+00
 -3.6548503542E-01 -3.6239232305E+00  1.9408021259E-01  8.7944537392E-01 -3.2959594311E+00
 -3.6057538362E-01 -3.6087094715E+00  2.1329929324E-01  8.8892389429E-01 -3.3914044911E+00
 -3.5496166800E-01 -3.5932090396E+00  2.3209185168E-01  8.9836845809E-01 -3.4895265911E+00
 -3.4866766762E-01 -3.5774301879E+00  2.5043175402E-01  9.0769442850E-01 -3.5892128366E+00
 -3.4171937318E-01 -3.5613786312E+00  2.6829255905E-01  9.1681369612E-01 -3.6892969082E+00
 -3.3414498135E-01 -3.5450569323E+00  2.8564684007E-01  9.2563618793E-01 -3.7885745207E+00
 -3.2597505360E-01 -3.5284637651E+00  3.0246527279E-01  9.3407151508E-01 -3.8858208336E+00
 -3.1724293340E-01 -3.5115929901E+00  3.1871541803E-01  9.4203069929E-01 -3.9798098090E+00
 -3.0798555262E-01 -3.4944324411E+00  3.3436007370E-01  9.4942791526E-01 -4.0693354147E+00
 -2.9824482552E-01 -3.4769622641E+00  3.4935497386E-01  9.5618219243E-01 -4.1532345145E+00
 -2.8806995914E-01 -3.4591525661E+00  3.6364543533E-01  9.6221903514E-01 -4.2304113104E+00
 -2.7752127075E-01 -3.4409599905E+00  3.7716121996E-01  9.6747194449E-01 -4.2998633489E+00
 -2.6667664879E-01 -3.4223226194E+00  3.8980822183E-01  9.7188385912E-01 -4.3607094694E+00
 -2.5564299719E-01 -3.4031522784E+00  4.0145419977E-01  9.7540858227E-01 -4.4122208004E+00
 -2.4457785008E-01 -3.3833229850E+00  4.1190263070E-01  9.7801235001E-01 -4.4538573021E+00
 -2.3373369595E-01 -3.3626548092E+00  4.2084105897E-01  9.7967589643E-01 -4.4853148759E+00
 -2.2355853012E-01 -3.3408992538E+00  4.2772997886E-01  9.8039796345E-01 -4.5065917252E+00
