 AIMInt (Version 19.02.13, Professional)
 Portions Copyright (c) 1997-2019 by Todd A. Keith
 AIMInt is a component of the AIMAll package ( http://aim.tkgristmill.com )

 TP:  64-bit Linux

 Licensed To:  Research Group of Fernando Cortes Guzman, UNAM, fercor@unam.mx

 AIMInt is a heavily modified and extended version of the PROAIMV program
 developed by members of R.F.W. Bader's research group

 Much of the Quantum Theory of Atoms in Molecules (QTAIM) is described in the book:
   "Atoms in Molecules - A Quantum Theory"
   R.F.W. Bader, Oxford University Press, Oxford, 1990

 For additional references see:  http://aim.tkgristmill.com/references.html

 Current Directory:  /home/scratch/M_H2O_4_cuadrado_plano/Opt

 Inp File:  Co2_cuadrado_plano_cc-pvtz-def2-tzv_1_atomicfiles/o4.inp
 Wfx File:  Co2_cuadrado_plano_cc-pvtz-def2-tzv_1.wfx
 Out File:  Co2_cuadrado_plano_cc-pvtz-def2-tzv_1_atomicfiles/o4.int

 Wfx Title:   Co2_cuadrado_plano_cc-pvtz-def2-tzv_1                                         
 Job Title:   Co2_cuadrado_plano_cc-pvtz-def2-tzv_1                                         
 
<Atom>
O4      
</Atom>
<Nuclei of Molecule>
    13
Co1       27.0           3.6802301122E-04   1.6904982741E-04  -3.2847191437E-04
O2         8.0           2.3226702891E-01  -3.4312489273E+00  -1.5604221749E-03
H3         1.0           1.3592556797E+00  -4.4398278083E+00   1.0645301820E+00
O4         8.0          -3.4311550984E+00  -2.3172411666E-01   3.1242870360E-04
H5         1.0          -4.5802404718E+00   7.2472662705E-01  -1.0901613873E+00
O6         8.0          -2.3168168839E-01   3.4316902251E+00   9.0495233256E-04
H7         1.0           7.6231948637E-01   4.5836161021E+00  -1.0521152287E+00
O8         8.0           3.4317843374E+00   2.3222509197E-01  -9.7504171074E-04
H9         1.0           4.5807022563E+00  -7.4046208393E-01  -1.0771284753E+00
H10        1.0          -1.3778662195E+00   4.4373633980E+00   1.0489955938E+00
H11        1.0           4.4421319501E+00   1.3374178090E+00   1.0862015424E+00
H12        1.0          -7.6500522209E-01  -4.5819268052E+00  -1.0528624642E+00
H13        1.0          -4.4409507162E+00  -1.3330097690E+00   1.0919536419E+00
</Nuclei of Molecule>
<Total Number of CPs of DelSqRho>
    34
</Total Number of CPs of DelSqRho>
<Number of (3,+3) CPs of DelSqRho>
     5
</Number of (3,+3) CPs of DelSqRho>
<Number of (3,+1) CPs of DelSqRho>
    14
</Number of (3,+1) CPs of DelSqRho>
<Number of (3,-1) CPs of DelSqRho>
    10
</Number of (3,-1) CPs of DelSqRho>
<Number of (3,-3) CPs of DelSqRho>
     5
</Number of (3,-3) CPs of DelSqRho>
<Number of Degenerate CPs of DelSqRho>
     0
</Number of Degenerate CPs of DelSqRho>
<CP of DelSqRho>
CP# = 1       
Type = (3,+3)
Coords = -3.43115539408462E+00 -2.31724136287112E-01  3.12429035329374E-04
DistFromNuc =  2.9630860147E-07
Rho =  2.9717870224E+02
DelSqRho = -3.3280508117E+06
GradDelSqRho = -1.5193630304E-05  1.6683652149E-07  3.2753533219E-09
HessDelSqRho_EigVals =  1.3234949165E+11  1.3234951323E+11  1.3234952028E+11
HessDelSqRho_EigVec1 = -4.9110936757E-02  7.3292351647E-01  6.7853609697E-01
HessDelSqRho_EigVec2 =  9.9775608241E-01  6.6953633376E-02 -1.0486774830E-04
HessDelSqRho_EigVec3 =  4.5507317108E-02 -6.7700836773E-01  7.3456705215E-01
</CP of DelSqRho>
<CP of DelSqRho>
CP# = 2       
Type = (3,-1)
Coords = -1.95843326774484E+00 -1.33866249507009E-01  8.72737679075110E-04
DistFromNuc =  1.4759695345E+00
Rho =  1.5435370081E-01
DelSqRho =  3.5990329236E-01
GradDelSqRho =  1.8492152254E-15  2.2432142949E-16 -4.4994390158E-18
HessDelSqRho_EigVals = -1.5514342975E-01 -5.2147421867E-02  5.1839898429E+00
HessDelSqRho_EigVec1 = -4.3519877927E-03  7.1179347182E-02  9.9745403941E-01
HessDelSqRho_EigVec2 = -6.7776320015E-02  9.9514882034E-01 -7.1310558971E-02
HessDelSqRho_EigVec3 =  9.9769104970E-01  6.7914106858E-02 -4.9339869507E-04
</CP of DelSqRho>
<CP of DelSqRho>
CP# = 3       
Type = (3,-1)
Coords = -3.26458200653040E+00 -2.20570683501098E-01  2.48376009248788E-04
DistFromNuc =  1.6694609345E-01
Rho =  2.2734964949E+01
DelSqRho =  1.2943586960E+03
GradDelSqRho =  2.6222135574E-11  2.4201751714E-12  5.8564264549E-15
HessDelSqRho_EigVals = -4.5129359554E+05 -3.7514183791E+03  2.6891526848E+02
HessDelSqRho_EigVec1 =  9.9776588853E-01  6.6806302065E-02 -3.8690387738E-04
HessDelSqRho_EigVec2 = -4.8716611907E-02  7.3153118728E-01  6.8006530110E-01
HessDelSqRho_EigVec3 =  4.5715680182E-02 -6.7852711077E-01  7.3315144175E-01
</CP of DelSqRho>
<CP of DelSqRho>
CP# = 4       
Type = (3,-1)
Coords = -3.59948200213948E+00 -2.43077065150212E-01  3.24839720979590E-04
DistFromNuc =  1.6870932430E-01
Rho =  2.2345249671E+01
DelSqRho =  1.2547983151E+03
GradDelSqRho = -5.0038195809E-11 -2.5845992013E-12  5.2291504460E-14
HessDelSqRho_EigVals = -4.0863344420E+05 -2.2791206472E+03  1.3803193307E+03
HessDelSqRho_EigVec1 =  9.9773294080E-01  6.7297653060E-02 -6.8750363128E-05
HessDelSqRho_EigVec2 = -4.9355291064E-02  7.3241908555E-01  6.7906283831E-01
HessDelSqRho_EigVec3 =  4.5749689376E-02 -6.7751996946E-01  7.3408014338E-01
</CP of DelSqRho>
<CP of DelSqRho>
CP# = 5       
Type = (3,+1)
Coords = -3.47834495984330E+00 -1.14547458917167E-01  1.11535050198934E-01
DistFromNuc =  1.6830841831E-01
Rho =  2.2590024874E+01
DelSqRho =  1.2299128857E+03
GradDelSqRho = -2.3856472353E-12  5.7329696546E-12  8.4865448002E-12
HessDelSqRho_EigVals = -4.1240663823E+05  2.8249827680E+03  3.7886080066E+03
HessDelSqRho_EigVec1 = -2.7616879404E-01  6.9723284026E-01  6.6151127251E-01
HessDelSqRho_EigVec2 =  9.6013637963E-01  2.3110188451E-01  1.5725791392E-01
HessDelSqRho_EigVec3 =  4.3231119729E-02 -6.7857076671E-01  7.3326174375E-01
</CP of DelSqRho>
<CP of DelSqRho>
CP# = 6       
Type = (3,+1)
Coords = -3.46233526407805E+00 -3.54163180895460E-01 -1.10879089856901E-01
DistFromNuc =  1.6830650903E-01
Rho =  2.2590444103E+01
DelSqRho =  1.2299561977E+03
GradDelSqRho = -2.1347368317E-12 -2.8506086380E-12 -3.9352965331E-12
HessDelSqRho_EigVals = -4.1245110093E+05  2.8233139387E+03  3.7871259239E+03
HessDelSqRho_EigVec1 =  1.8094821658E-01  7.2793563421E-01  6.6133762585E-01
HessDelSqRho_EigVec2 =  9.8230303950E-01 -1.0070404815E-01 -1.5792223806E-01
HessDelSqRho_EigVec3 =  4.8357848399E-02 -6.7820970735E-01  7.3327560396E-01
</CP of DelSqRho>
<CP of DelSqRho>
CP# = 7       
Type = (3,-3)
Coords = -3.30684086975876E+00 -1.51362670443086E-01 -7.72560488903944E-02
DistFromNuc =  1.6711929333E-01
Rho =  2.2672666404E+01
DelSqRho =  1.2951944040E+03
GradDelSqRho = -5.4116711112E-12 -6.9393379931E-12 -6.9784178436E-12
HessDelSqRho_EigVals = -4.4745140903E+05 -3.9828723704E+03 -4.6020195284E+02
HessDelSqRho_EigVec1 =  7.4579965769E-01  4.7945020252E-01 -4.6250445825E-01
HessDelSqRho_EigVec2 = -4.8962328863E-02  7.3184676657E-01  6.7970802601E-01
HessDelSqRho_EigVec3 = -6.6436854301E-01  4.8428071774E-01 -5.6928606648E-01
</CP of DelSqRho>
<CP of DelSqRho>
CP# = 8       
Type = (3,-3)
Coords = -3.29713865385874E+00 -2.94762997320496E-01  7.77368561205147E-02
DistFromNuc =  1.6711926834E-01
Rho =  2.2672680304E+01
DelSqRho =  1.2951931176E+03
GradDelSqRho = -1.1547318657E-11 -2.1374568782E-12  4.8707704536E-12
HessDelSqRho_EigVals = -4.4745171629E+05 -3.9827497276E+03 -4.5993648292E+02
HessDelSqRho_EigVec1 =  8.0364784385E-01 -3.7555651649E-01  4.6163562038E-01
HessDelSqRho_EigVec2 = -4.8589537246E-02  7.3172193608E-01  6.7986915294E-01
HessDelSqRho_EigVec3 = -5.9311820066E-01 -5.6880604003E-01  5.6979863888E-01
</CP of DelSqRho>
<CP of DelSqRho>
CP# = 9       
Type = (3,+1)
Coords = -2.75737493249097E+00 -1.86408793212737E-01  1.20869016022917E-05
DistFromNuc =  6.7530236247E-01
Rho =  8.3139739021E-01
DelSqRho = -3.2719809901E+00
GradDelSqRho =  2.0855539518E-13  1.2982670494E-14  9.7144514655E-17
HessDelSqRho_EigVals = -5.7931980972E+00  1.9238830892E+01  2.2506076902E+02
HessDelSqRho_EigVec1 = -4.8189710113E-02  7.2160582731E-01  6.9062492123E-01
HessDelSqRho_EigVec2 =  4.6650727883E-02 -6.8904767729E-01  7.2321297556E-01
HessDelSqRho_EigVec3 =  9.9774819540E-01  6.7069578911E-02 -4.5842926593E-04
</CP of DelSqRho>
<CP of DelSqRho>
CP# = 10      
Type = (3,-1)
Coords = -4.15962113176040E+00 -2.80704165757898E-01  6.48593448713787E-04
DistFromNuc =  7.3011089564E-01
Rho =  6.5163476191E-01
DelSqRho = -8.1181182629E-01
GradDelSqRho =  1.3239409569E-14  1.4380857616E-15  1.2325210297E-15
HessDelSqRho_EigVals = -1.9103846400E+01 -8.0053420486E+00  1.2698699230E+02
HessDelSqRho_EigVec1 =  4.7510993846E-02 -7.0182092057E-01  7.1076726213E-01
HessDelSqRho_EigVec2 = -4.7373562234E-02  7.0918689061E-01  7.0342711051E-01
HessDelSqRho_EigVec3 =  9.9774668682E-01  6.7092098245E-02 -4.4641693784E-04
</CP of DelSqRho>
<CP of DelSqRho>
CP# = 11      
Type = (3,-1)
Coords = -3.19618137200120E+00  2.43886129998313E-01 -4.87077779894066E-01
DistFromNuc =  7.2039362454E-01
Rho =  6.6087834689E-01
DelSqRho = -8.6678106450E-01
GradDelSqRho = -5.0306980803E-16 -1.3801459975E-14  6.1062266354E-16
HessDelSqRho_EigVals = -1.6134245745E+01 -1.2596084110E+01  1.3727166658E+02
HessDelSqRho_EigVec1 =  9.3704362059E-01 -2.4758998511E-01  2.4626906503E-01
HessDelSqRho_EigVec2 =  3.7551871203E-03  7.1231625630E-01  7.0184859448E-01
HessDelSqRho_EigVec3 =  3.4919214150E-01  6.5673796166E-01 -6.6840115053E-01
</CP of DelSqRho>
<CP of DelSqRho>
CP# = 12      
Type = (3,-1)
Coords = -3.13418096155902E+00 -6.71513116439829E-01  4.87492200653463E-01
DistFromNuc =  7.2038332330E-01
Rho =  6.6089858581E-01
DelSqRho = -8.6693207770E-01
GradDelSqRho = -1.4266365866E-14  1.3045120539E-14 -1.5751289162E-14
HessDelSqRho_EigVals = -1.6133046383E+01 -1.2595912437E+01  1.3728331150E+02
HessDelSqRho_EigVec1 =  8.9522625536E-01  3.7081964679E-01 -2.4710876404E-01
HessDelSqRho_EigVec2 = -9.8477743703E-02  7.0546139449E-01  7.0187346074E-01
HessDelSqRho_EigVec3 =  4.3459416208E-01 -6.0400083646E-01  6.6806504462E-01
</CP of DelSqRho>
<CP of DelSqRho>
CP# = 13      
Type = (3,+3)
Coords = -3.30454847292505E+00  2.24745117236647E-01  4.19906024872538E-01
DistFromNuc =  6.3281291474E-01
Rho =  9.8071725775E-01
DelSqRho = -4.5345144054E+00
GradDelSqRho =  1.6375789613E-15  1.4321877018E-14  1.6098233857E-14
HessDelSqRho_EigVals =  1.3330566862E+01  2.4397586019E+01  3.5450918867E+02
HessDelSqRho_EigVec1 =  9.8286291283E-01 -1.2043544032E-01 -1.3955572109E-01
HessDelSqRho_EigVec2 =  2.1037192287E-02 -6.7883482194E-01  7.3398959193E-01
HessDelSqRho_EigVec3 =  1.8313364277E-01  7.2434700885E-01  6.6466794691E-01
</CP of DelSqRho>
<CP of DelSqRho>
CP# = 14      
Type = (3,+1)
Coords = -3.75319796827601E+00 -1.92493366986734E-01 -6.16406502092297E-01
DistFromNuc =  6.9684496220E-01
Rho =  7.7558911500E-01
DelSqRho = -2.5667833438E+00
GradDelSqRho =  4.5935477644E-15 -1.2018164242E-14 -2.6013913246E-14
HessDelSqRho_EigVals = -1.2530717073E+01  1.5584128825E+01  1.7802867698E+02
HessDelSqRho_EigVec1 = -4.7349184346E-01  8.6377668529E-01  1.7232327798E-01
HessDelSqRho_EigVec2 =  7.7825797214E-01  5.0189959625E-01 -3.7737424937E-01
HessDelSqRho_EigVec3 =  4.1245606188E-01  4.4571664133E-02  9.0988645653E-01
</CP of DelSqRho>
<CP of DelSqRho>
CP# = 15      
Type = (3,+3)
Coords = -3.81913771909361E+00 -6.77781478275695E-01  4.27291331478063E-01
DistFromNuc =  7.2925212869E-01
Rho =  7.4213279378E-01
DelSqRho = -2.9521686518E+00
GradDelSqRho =  1.9005630403E-14  1.1192435867E-14 -1.1171619185E-14
HessDelSqRho_EigVals =  9.5828414853E+00  2.3575142802E+01  1.3356779138E+02
HessDelSqRho_EigVec1 =  6.4677810545E-02 -7.1094332824E-01 -7.0026878044E-01
HessDelSqRho_EigVec2 =  8.5030182942E-01 -3.2802801551E-01  4.1156338506E-01
HessDelSqRho_EigVec3 =  5.2230602113E-01  6.2205884374E-01 -5.8330027878E-01
</CP of DelSqRho>
<CP of DelSqRho>
CP# = 16      
Type = (3,+3)
Coords = -3.87575262894701E+00  1.58458397488553E-01 -4.26180637931295E-01
DistFromNuc =  7.2925009042E-01
Rho =  7.4213119649E-01
DelSqRho = -2.9521264488E+00
GradDelSqRho = -1.2434497876E-14  4.3125225613E-15 -1.1352030427E-14
HessDelSqRho_EigVals =  9.5832052430E+00  2.3575381687E+01  1.3356758231E+02
HessDelSqRho_EigVec1 =  3.0340570526E-02 -7.1312698343E-01 -7.0037800885E-01
HessDelSqRho_EigVec2 =  7.9834267419E-01  4.3891191443E-01 -4.1231699691E-01
HessDelSqRho_EigVec3 =  6.0143862891E-01 -5.4663171961E-01  5.8263654088E-01
</CP of DelSqRho>
<CP of DelSqRho>
CP# = 17      
Type = (3,+3)
Coords = -3.24513159777387E+00 -6.67180711611239E-01 -4.19418412089362E-01
DistFromNuc =  6.3277260339E-01
Rho =  9.8087995494E-01
DelSqRho = -4.5362673244E+00
GradDelSqRho =  1.5237811013E-14 -1.4083179067E-13 -1.1732281813E-13
HessDelSqRho_EigVals =  1.3346740946E+01  2.4408842528E+01  3.5473614521E+02
HessDelSqRho_EigVec1 =  9.5807407377E-01  2.5084190732E-01  1.3846446010E-01
HessDelSqRho_EigVec2 =  7.0770287699E-02 -6.7546373482E-01  7.3398931145E-01
HessDelSqRho_EigVec3 = -2.7764300019E-01  6.9341696005E-01  6.6489644605E-01
</CP of DelSqRho>
<CP of DelSqRho>
CP# = 18      
Type = (3,+1)
Coords = -3.74441211616194E+00 -3.13474761782051E-01  6.17381211222979E-01
DistFromNuc =  6.9684073467E-01
Rho =  7.7559405343E-01
DelSqRho = -2.5666906181E+00
GradDelSqRho =  1.4774292900E-13 -1.3483658634E-13 -4.8246823203E-13
HessDelSqRho_EigVals = -1.2528614667E+01  1.5580620220E+01  1.7802887354E+02
HessDelSqRho_EigVec1 =  3.5393198664E-01  9.1937715265E-01  1.7169100155E-01
HessDelSqRho_EigVec2 =  8.3876596956E-01 -3.9323137333E-01  3.7661749208E-01
HessDelSqRho_EigVec3 = -4.1376780584E-01 -1.0711592203E-02  9.1031943001E-01
</CP of DelSqRho>
<CP of DelSqRho>
CP# = 19      
Type = (3,+1)
Coords = -3.79191815305139E+00  3.54930350693626E-01 -9.97975635146768E-02
DistFromNuc =  6.9594213566E-01
Rho =  7.8007167357E-01
DelSqRho = -2.6377262774E+00
GradDelSqRho = -2.7502305988E-14  1.1025902413E-14  3.5388358910E-15
HessDelSqRho_EigVals = -1.1662875855E+01  1.6339295818E+01  1.7963255223E+02
HessDelSqRho_EigVec1 =  3.9638310505E-01  2.5561564738E-01  8.8178289553E-01
HessDelSqRho_EigVec2 =  7.8493398936E-01  4.0381447845E-01 -4.6990690497E-01
HessDelSqRho_EigVec3 = -4.7619225779E-01  8.7840452401E-01 -4.0576173011E-02
</CP of DelSqRho>
<CP of DelSqRho>
CP# = 20      
Type = (3,+1)
Coords = -3.71012472090465E+00 -8.61324303505492E-01  1.00936622167501E-01
DistFromNuc =  6.9594947651E-01
Rho =  7.8006716021E-01
DelSqRho = -2.6379404940E+00
GradDelSqRho = -5.2631510261E-15 -1.4342693699E-14 -1.1102230246E-15
HessDelSqRho_EigVals = -1.1664077332E+01  1.6343166479E+01  1.7963443537E+02
HessDelSqRho_EigVec1 = -4.2609412710E-01  2.0060099478E-01  8.8215816935E-01
HessDelSqRho_EigVec2 =  8.3238364439E-01 -2.9503115510E-01  4.6914186135E-01
HessDelSqRho_EigVec3 =  3.5437446776E-01  9.3419262383E-01 -4.1265944608E-02
</CP of DelSqRho>
<CP of DelSqRho>
CP# = 21      
Type = (3,+1)
Coords = -2.18079681882862E+00 -1.47107723505443E-01 -1.96324673849540E-05
DistFromNuc =  1.2532182059E+00
Rho =  2.3895879271E-01
DelSqRho =  4.1359240027E-01
GradDelSqRho = -1.9133999940E-15 -3.1441863002E-18 -8.7820375971E-18
HessDelSqRho_EigVals = -8.2443445532E+00  5.6511048750E-01  8.9355503013E-01
HessDelSqRho_EigVec1 =  9.9771639564E-01  6.7541653816E-02 -3.4478458586E-04
HessDelSqRho_EigVec2 = -3.9137057416E-02  5.8227277953E-01  8.1205092263E-01
HessDelSqRho_EigVec3 = -5.5048020977E-02  8.1018302575E-01 -5.8358648046E-01
</CP of DelSqRho>
<CP of DelSqRho>
CP# = 22      
Type = (3,-1)
Coords = -3.72085038176404E+00  8.97570473111639E-01  2.53868248518037E-01
DistFromNuc =  1.1931136498E+00
Rho =  2.4618856408E-01
DelSqRho =  7.1596970504E-01
GradDelSqRho = -9.1723503792E-17 -4.8312048806E-16  1.0972125986E-16
HessDelSqRho_EigVals = -1.7620654671E+01 -9.8262115491E-01  3.0890341728E-01
HessDelSqRho_EigVec1 = -2.2913383323E-01  9.4727760089E-01  2.2397060818E-01
HessDelSqRho_EigVec2 =  6.2981576946E-01 -3.1158575369E-02  7.7611934631E-01
HessDelSqRho_EigVec3 =  7.4217907745E-01  3.1889542179E-01 -5.8947088729E-01
</CP of DelSqRho>
<CP of DelSqRho>
CP# = 23      
Type = (3,-1)
Coords = -3.56770521112566E+00 -1.38956276339627E+00 -2.53211482591480E-01
DistFromNuc =  1.1931096508E+00
Rho =  2.4618363439E-01
DelSqRho =  7.1605181860E-01
GradDelSqRho = -2.6802561906E-14  1.2902526270E-13  1.0338572446E-14
HessDelSqRho_EigVals = -1.7623283446E+01 -9.8155032414E-01  3.0883314414E-01
HessDelSqRho_EigVec1 =  1.0081459916E-01  9.6937066980E-01  2.2395740919E-01
HessDelSqRho_EigVec2 = -6.1898292710E-01 -1.1512092942E-01  7.7692168689E-01
HessDelSqRho_EigVec3 =  7.7890728110E-01 -2.1695086113E-01  5.8841802428E-01
</CP of DelSqRho>
<CP of DelSqRho>
CP# = 24      
Type = (3,-1)
Coords = -3.61957492122455E+00  1.74081848440421E-02  1.15158557938688E+00
DistFromNuc =  1.1928951340E+00
Rho =  2.4584643025E-01
DelSqRho =  7.1469324221E-01
GradDelSqRho =  1.1412719728E-12 -1.6756596111E-12 -4.5552832340E-12
HessDelSqRho_EigVals = -1.7338344888E+01 -1.1172795129E+00  2.9560191569E-01
HessDelSqRho_EigVec1 = -1.4137676776E-01  2.1884033348E-01  9.6546440534E-01
HessDelSqRho_EigVec2 =  6.0091868152E-01  7.9400027181E-01 -9.1979924787E-02
HessDelSqRho_EigVec3 =  7.8670791768E-01 -5.6716177305E-01  2.4375843668E-01
</CP of DelSqRho>
<CP of DelSqRho>
CP# = 25      
Type = (3,-1)
Coords = -3.58587330369689E+00 -5.04003737922967E-01 -1.15073648297157E+00
DistFromNuc =  1.1928904025E+00
Rho =  2.4584409409E-01
DelSqRho =  7.1475637357E-01
GradDelSqRho = -1.4062102177E-16 -9.1246454836E-16 -3.1086244690E-15
HessDelSqRho_EigVals = -1.7340548860E+01 -1.1163226188E+00  2.9540104033E-01
HessDelSqRho_EigVec1 =  1.1195486617E-01  2.3593265094E-01  9.6529886158E-01
HessDelSqRho_EigVec2 = -7.0171984931E-01  7.0657718179E-01 -9.1312317136E-02
HessDelSqRho_EigVec3 =  7.0360170624E-01  6.6714651344E-01 -2.4466337809E-01
</CP of DelSqRho>
<CP of DelSqRho>
CP# = 26      
Type = (3,+1)
Coords = -4.05523961600906E+00 -9.15384382414831E-01  6.76678185179466E-01
DistFromNuc =  1.1464482023E+00
Rho =  4.1947754017E-01
DelSqRho = -9.9533223874E-01
GradDelSqRho = -2.3093506274E-15 -6.6700117651E-16  1.8787055245E-15
HessDelSqRho_EigVals = -3.2606362952E+01  1.5182359504E+01  1.6347311397E+01
HessDelSqRho_EigVec1 = -5.4824429268E-01 -5.9315924848E-01  5.8956789387E-01
HessDelSqRho_EigVec2 =  3.6950371128E-02 -7.2144792083E-01 -6.9148215277E-01
HessDelSqRho_EigVec3 =  8.3550156530E-01 -3.5731639126E-01  4.1744715943E-01
</CP of DelSqRho>
<CP of DelSqRho>
CP# = 27      
Type = (3,-3)
Coords = -3.06025724256582E+00  5.46479104134775E-01 -7.40827000839093E-01
DistFromNuc =  1.1368610849E+00
Rho =  2.4740168133E-01
DelSqRho =  8.6228294183E-01
GradDelSqRho = -4.7139809417E-14 -7.0815749098E-14  6.8554537047E-14
HessDelSqRho_EigVals = -1.7746741074E+01 -2.1090239448E+00 -5.2263617704E-01
HessDelSqRho_EigVec1 =  3.6781697217E-01  6.7136384458E-01 -6.4341375737E-01
HessDelSqRho_EigVec2 =  9.2832575617E-01 -2.2488445097E-01  2.9603762284E-01
HessDelSqRho_EigVec3 =  5.4055207033E-02 -7.0618522493E-01 -7.0596066653E-01
</CP of DelSqRho>
<CP of DelSqRho>
CP# = 28      
Type = (3,+1)
Coords = -4.14174220077012E+00  3.62392996901313E-01 -6.75313829183333E-01
DistFromNuc =  1.1464641359E+00
Rho =  4.1946139512E-01
DelSqRho = -9.9520924679E-01
GradDelSqRho =  1.3088488626E-15 -9.4108748572E-17  6.0021432269E-16
HessDelSqRho_EigVals = -3.2602519523E+01  1.5180481909E+01  1.6345348179E+01
HessDelSqRho_EigVec1 =  6.2320815882E-01 -5.1456151886E-01  5.8892956632E-01
HessDelSqRho_EigVec2 = -5.9015568171E-02  7.1996281071E-01  6.9149888930E-01
HessDelSqRho_EigVec3 = -7.7982610465E-01 -4.6570376259E-01  4.1831955729E-01
</CP of DelSqRho>
<CP of DelSqRho>
CP# = 29      
Type = (3,-3)
Coords = -4.58086820380951E+00 -3.09244864495883E-01  6.17893488375637E-04
DistFromNuc =  1.1523236457E+00
Rho =  2.5222341667E-01
DelSqRho =  8.8643257035E-01
GradDelSqRho = -6.7983813024E-15 -4.0852737859E-16 -4.5590701353E-17
HessDelSqRho_EigVals = -1.7112534604E+01 -3.9768868133E+00 -1.2416593634E-01
HessDelSqRho_EigVec1 =  9.9773439964E-01  6.7275543683E-02 -2.6266363626E-04
HessDelSqRho_EigVec2 =  4.6772675860E-02 -6.9084837085E-01  7.2148516637E-01
HessDelSqRho_EigVec3 = -4.8356846082E-02  7.1986285480E-01  6.9242984173E-01
</CP of DelSqRho>
<CP of DelSqRho>
CP# = 30      
Type = (3,-3)
Coords = -2.95867492533039E+00 -9.53491955466925E-01  7.40757619645219E-01
DistFromNuc =  1.1368576903E+00
Rho =  2.4739631383E-01
DelSqRho =  8.6233259218E-01
GradDelSqRho =  1.1700709845E-15 -2.2551405188E-16  7.4593109467E-16
HessDelSqRho_EigVals = -1.7748424670E+01 -2.1079817036E+00 -5.2264220044E-01
HessDelSqRho_EigVec1 =  4.5500360094E-01 -6.1625957108E-01  6.4280313019E-01
HessDelSqRho_EigVec2 = -8.8959020601E-01 -3.4700032876E-01  2.9701858059E-01
HessDelSqRho_EigVec3 = -4.0012354425E-02  7.0697589272E-01  7.0610487791E-01
</CP of DelSqRho>
<CP of DelSqRho>
CP# = 31      
Type = (3,+1)
Coords = -4.50491143889771E+00 -1.87275250431040E+00  3.93304457847898E-01
DistFromNuc =  2.0000923936E+00
Rho =  7.4606695682E-02
DelSqRho =  1.8001464502E-01
GradDelSqRho =  1.1024767389E-13  1.0419513559E-13 -4.2859867131E-16
HessDelSqRho_EigVals = -1.6365697254E+00  4.3930587817E-02  5.9131234868E-01
HessDelSqRho_EigVec1 =  4.2371101215E-01  8.7347470228E-01  2.3981435039E-01
HessDelSqRho_EigVec2 =  8.3562034951E-01 -4.7911451191E-01  2.6867808984E-01
HessDelSqRho_EigVec3 = -3.4958204997E-01 -8.6551885905E-02  9.3289933079E-01
</CP of DelSqRho>
<CP of DelSqRho>
CP# = 32      
Type = (3,+1)
Coords = -4.59993890718530E+00  3.98383769081438E-03 -1.60057402385178E+00
DistFromNuc =  1.9961090314E+00
Rho =  7.4793856464E-02
DelSqRho =  1.8227719208E-01
GradDelSqRho = -7.1015242298E-17 -4.2717565596E-17 -2.7311052725E-16
HessDelSqRho_EigVals = -1.6663525938E+00  3.9420463984E-02  5.9085143632E-01
HessDelSqRho_EigVec1 =  4.2994059429E-01  3.1579901530E-01  8.4582626308E-01
HessDelSqRho_EigVec2 =  7.8681848741E-01  3.2840271608E-01 -5.2255939752E-01
HessDelSqRho_EigVec3 = -4.4279538530E-01  8.9018123885E-01 -1.0728284463E-01
</CP of DelSqRho>
<CP of DelSqRho>
CP# = 33      
Type = (3,+1)
Coords = -4.71497988296057E+00  1.25118631703103E+00 -3.91365587131807E-01
DistFromNuc =  2.0001602685E+00
Rho =  7.4600690511E-02
DelSqRho =  1.7997917417E-01
GradDelSqRho =  6.2012352718E-14 -6.2147650307E-13  4.9540092081E-13
HessDelSqRho_EigVals = -1.6358843896E+00  4.3960756889E-02  5.9130799241E-01
HessDelSqRho_EigVec1 = -5.3637897341E-01  8.0907316710E-01  2.4020451113E-01
HessDelSqRho_EigVec2 =  7.6381975367E-01  5.8642175546E-01 -2.6960880667E-01
HessDelSqRho_EigVec3 =  3.5899440218E-01 -3.8860455577E-02  9.3253036637E-01
</CP of DelSqRho>
<CP of DelSqRho>
CP# = 34      
Type = (3,+1)
Coords = -4.55541417491386E+00 -6.21506385320458E-01  1.60295196874566E+00
DistFromNuc =  1.9960817076E+00
Rho =  7.4795689208E-02
DelSqRho =  1.8227729250E-01
GradDelSqRho =  1.2099696245E-16 -3.8868647884E-16 -3.0758815633E-16
HessDelSqRho_EigVals = -1.6660018579E+00  3.9417118754E-02  5.9093225877E-01
HessDelSqRho_EigVec1 = -4.6665591807E-01  2.5532385725E-01  8.4678331469E-01
HessDelSqRho_EigVec2 =  8.2435652318E-01 -2.2129620593E-01  5.2102237182E-01
HessDelSqRho_EigVec3 =  3.2041937648E-01  9.4118952244E-01 -1.0720870311E-01
</CP of DelSqRho>
<Path of -GradDelSqRho>
Starting CP# =      5
Ending CP# =     13
Number of Points =     30
 -3.4783449598E+00 -1.1454745892E-01  1.1153505020E-01  2.2590024874E+01  1.2299128857E+03
 -3.4852246868E+00 -9.7110684000E-02  1.2807675657E-01  1.5674710582E+01  1.1478745167E+03
 -3.4920801844E+00 -7.9668019800E-02  1.4462231830E-01  1.0987431145E+01  9.7815381530E+02
 -3.4989296882E+00 -6.2223886219E-02  1.6116881326E-01  7.8199783169E+00  7.7017534242E+02
 -3.5057651780E+00 -4.4776347083E-02  1.7771751164E-01  5.6876983166E+00  5.6958669782E+02
 -3.5125727050E+00 -2.7322046590E-02  1.9427060373E-01  4.2531662545E+00  4.0530429332E+02
 -3.5193370502E+00 -9.8573582177E-03  2.1083043646E-01  3.2854075945E+00  2.8257703190E+02
 -3.5260428662E+00  7.6213160321E-03  2.2739931053E-01  2.6293194823E+00  1.9431101212E+02
 -3.5326757923E+00  2.5117260239E-02  2.4397928809E-01  2.1814031523E+00  1.3133060435E+02
 -3.5392216587E+00  4.2633618913E-02  2.6057229891E-01  1.8722728450E+00  8.6444404546E+01
 -3.5456629002E+00  6.0174202681E-02  2.7718064425E-01  1.6551121766E+00  5.4750483460E+01
 -3.5519732996E+00  7.7744601456E-02  2.9380767025E-01  1.4983250721E+00  3.2851006419E+01
 -3.5581114854E+00  9.5353414645E-02  3.1045846105E-01  1.3807726284E+00  1.8191227914E+01
 -3.5640113307E+00  1.1301381978E-01  3.2714063296E-01  1.2885381091E+00  8.7442789690E+00
 -3.5695646498E+00  1.3074595226E-01  3.4386536295E-01  1.2126444320E+00  2.9084036453E+00
 -3.5745856381E+00  1.4858068037E-01  3.6064850089E-01  1.1474341080E+00 -5.3117873315E-01
 -3.5787266930E+00  1.6656489579E-01  3.7750991181E-01  1.0894628735E+00 -2.4467610049E+00
 -3.5812320620E+00  1.8476072783E-01  3.9445676442E-01  1.0368793047E+00 -3.4312728620E+00
 -3.5799451997E+00  2.0311119905E-01  4.1129630229E-01  9.8986717890E-01 -3.8709831173E+00
 -3.5675184417E+00  2.1888077383E-01  4.2504628673E-01  9.5860444291E-01 -4.0314131373E+00
 -3.5439862050E+00  2.2532681926E-01  4.2955823580E-01  9.5661744961E-01 -4.1220558692E+00
 -3.5191965264E+00  2.2825051031E-01  4.3084529691E-01  9.6188177584E-01 -4.2028605790E+00
 -3.4942851531E+00  2.3026523524E-01  4.3139639048E-01  9.6712406678E-01 -4.2754349797E+00
 -3.4693237825E+00  2.3163419993E-01  4.3146354102E-01  9.7161404323E-01 -4.3394067205E+00
 -3.4443388644E+00  2.3237128902E-01  4.3106457032E-01  9.7528603096E-01 -4.3944729030E+00
 -3.4193550932E+00  2.3247305516E-01  4.3019917389E-01  9.7813028782E-01 -4.4404328028E+00
 -3.3943975529E+00  2.3193692918E-01  4.2886452980E-01  9.8014706974E-01 -4.4771910801E+00
 -3.3694918354E+00  2.3076339336E-01  4.2705483342E-01  9.8134417750E-01 -4.5047578759E+00
 -3.3446640987E+00  2.2895864178E-01  4.2475857856E-01  9.8173664622E-01 -4.5232466305E+00
 -3.3045484729E+00  2.2474511724E-01  4.1990602487E-01  9.8071725775E-01 -4.5345144054E+00
</Path of -GradDelSqRho>
<Path of -GradDelSqRho>
Starting CP# =      5
Ending CP# =      1
Number of Points =      7
 -3.4783449598E+00 -1.1454745892E-01  1.1153505020E-01  2.2590024874E+01  1.2299128857E+03
 -3.4714116409E+00 -1.3197117880E-01  9.5001969476E-02  3.2826932145E+01  9.7712327977E+02
 -3.4644330628E+00 -1.4938381400E-01  7.8476247161E-02  4.8085553153E+01 -8.0915057912E+02
 -3.4574345707E+00 -1.6679155175E-01  6.1953784812E-02  7.0755998233E+01 -6.4187092201E+03
 -3.4504215181E+00 -1.8419570156E-01  4.5433717873E-02  1.0441452313E+02 -2.0739413680E+04
 -3.4433844416E+00 -2.0159392269E-01  2.8917621759E-02  1.5491643027E+02 -7.5671615728E+04
 -3.4311553941E+00 -2.3172413629E-01  3.1242903533E-04  2.9717870224E+02 -3.3280508117E+06
</Path of -GradDelSqRho>
<Path of -GradDelSqRho>
Starting CP# =      6
Ending CP# =      1
Number of Points =      7
 -3.4623352641E+00 -3.5416318090E-01 -1.1087908986E-01  2.2590444103E+01  1.2299561977E+03
 -3.4577817607E+00 -3.3596793706E-01 -9.4350375652E-02  3.2827611876E+01  9.7713713043E+02
 -3.4531819078E+00 -3.1777762744E-01 -7.7829059038E-02  4.8086658330E+01 -8.0930576481E+02
 -3.4485616587E+00 -2.9958950883E-01 -6.1311019565E-02  7.0757759473E+01 -6.4191988412E+03
 -3.4439264937E+00 -2.8140299950E-01 -4.4795388411E-02  1.0441733722E+02 -2.0741241564E+04
 -3.4392667187E+00 -2.6321915392E-01 -2.8283749115E-02  1.5492081189E+02 -7.5677765850E+04
 -3.4311553941E+00 -2.3172413629E-01  3.1242903533E-04  2.9717870224E+02 -3.3280508117E+06
</Path of -GradDelSqRho>
<Path of -GradDelSqRho>
Starting CP# =      6
Ending CP# =     17
Number of Points =     30
 -3.4623352641E+00 -3.5416318090E-01 -1.1087908986E-01  2.2590444103E+01  1.2299561977E+03
 -3.4668338891E+00 -3.7236419789E-01 -1.2741647676E-01  1.5674975284E+01  1.1479114757E+03
 -3.4713077004E+00 -3.9056781248E-01 -1.4395774098E-01  1.0987604960E+01  9.7818361800E+02
 -3.4757753718E+00 -4.0877208204E-01 -1.6049994387E-01  7.8201006457E+00  7.7019863069E+02
 -3.4802286949E+00 -4.2697785292E-01 -1.7704436231E-01  5.6877942143E+00  5.6960326881E+02
 -3.4846533923E+00 -4.4518658586E-01 -1.9359319865E-01  4.2532512450E+00  4.0531475147E+02
 -3.4890338914E+00 -4.6339984009E-01 -2.1014881292E-01  3.2854906705E+00  2.8258265791E+02
 -3.4933544961E+00 -4.8161912926E-01 -2.2671351897E-01  2.6294053144E+00  1.9431314231E+02
 -3.4976005306E+00 -4.9984578778E-01 -2.4328939116E-01  2.1814936756E+00  1.3133032892E+02
 -3.5017575269E+00 -5.1808103708E-01 -2.5987837123E-01  1.8723683300E+00  8.6442543556E+01
 -3.5058075621E+00 -5.3632630460E-01 -2.7648277525E-01  1.6552119315E+00  5.4747649730E+01
 -3.5097238976E+00 -5.5458362395E-01 -2.9310597144E-01  1.4984279064E+00  3.2847659459E+01
 -3.5134643681E+00 -5.7285598442E-01 -3.0975307875E-01  1.3808771622E+00  1.8187703736E+01
 -3.5169616513E+00 -5.9114760112E-01 -3.2643176889E-01  1.2886429778E+00  8.7408083714E+00
 -3.5201057907E+00 -6.0946395834E-01 -3.4315330890E-01  1.2127484191E+00  2.9051298462E+00
 -3.5227084184E+00 -6.2781079140E-01 -3.5993370134E-01  1.1475362397E+00 -5.3418041869E-01
 -3.5244185319E+00 -6.4618805829E-01 -3.7679308863E-01  1.0895625414E+00 -2.4494637228E+00
 -3.5244780861E+00 -6.6455613464E-01 -3.9373919146E-01  1.0369766910E+00 -3.4336828614E+00
 -3.5207541882E+00 -6.8256912248E-01 -4.1058026620E-01  9.8996631354E-01 -3.8731373800E+00
 -3.5063219531E+00 -6.9652342830E-01 -4.2433124646E-01  9.5873627366E-01 -4.0334403069E+00
 -3.4821383693E+00 -6.9975309864E-01 -4.2885246771E-01  9.5677592909E-01 -4.1240944792E+00
 -3.4571813170E+00 -6.9933221850E-01 -4.3015714177E-01  9.6204473012E-01 -4.2049121263E+00
 -3.4322248058E+00 -6.9799534818E-01 -4.3072697881E-01  9.6728809144E-01 -4.2774893107E+00
 -3.4073047967E+00 -6.9601183253E-01 -4.3081306904E-01  9.7177830240E-01 -4.3414534287E+00
 -3.3824456662E+00 -6.9339880127E-01 -4.3043319427E-01  9.7544994292E-01 -4.3965016482E+00
 -3.3576723578E+00 -6.9015605261E-01 -4.2958711151E-01  9.7829329560E-01 -4.4424334630E+00
 -3.3330100843E+00 -6.8628429814E-01 -4.2827208418E-01  9.8030862916E-01 -4.4791538926E+00
 -3.3084841542E+00 -6.8178732439E-01 -4.2648241339E-01  9.8150376051E-01 -4.5066735681E+00
 -3.2841196705E+00 -6.7667464013E-01 -4.2420671511E-01  9.8189374473E-01 -4.5251065366E+00
 -3.2451315978E+00 -6.6718071161E-01 -4.1941841209E-01  9.8087995494E-01 -4.5362673244E+00
</Path of -GradDelSqRho>
<Path of -GradDelSqRho>
Starting CP# =      9
Ending CP# =     13
Number of Points =     36
 -2.7573749325E+00 -1.8640879321E-01  1.2086901602E-05  8.3139739021E-01 -3.2719809901E+00
 -2.7583998983E+00 -1.8052832539E-01  5.6809116833E-03  8.3227830927E-01 -3.2721394043E+00
 -2.7591863127E+00 -1.7050532243E-01  1.5281052285E-02  8.3206535182E-01 -3.2733866729E+00
 -2.7614610751E+00 -1.5295097986E-01  3.2151690651E-02  8.3216790887E-01 -3.2782661488E+00
 -2.7651661119E+00 -1.3517036607E-01  4.9328081772E-02  8.3321846005E-01 -3.2868189015E+00
 -2.7699174913E+00 -1.1755211377E-01  6.6413978091E-02  8.3470980937E-01 -3.2989835525E+00
 -2.7757045009E+00 -1.0012705612E-01  8.3378193580E-02  8.3663683914E-01 -3.3147507699E+00
 -2.7825140308E+00 -8.2925355068E-02  1.0019006607E-01  8.3899281346E-01 -3.3341051686E+00
 -2.7903306742E+00 -6.5976390431E-02  1.1681957619E-01  8.4176929911E-01 -3.3570228610E+00
 -2.7991368394E+00 -4.9308657650E-02  1.3323745680E-01  8.4495606703E-01 -3.3834686223E+00
 -2.8089128690E+00 -3.2949673846E-02  1.4941529312E-01  8.4854097485E-01 -3.4133927642E+00
 -2.8196371639E+00 -1.6925891471E-02  1.6532561369E-01  8.5250983175E-01 -3.4467278081E+00
 -2.8312863093E+00 -1.2626186764E-03  1.8094197329E-01  8.5684624788E-01 -3.4833850509E+00
 -2.8438352018E+00  1.4016054396E-02  1.9623902847E-01  8.6153147213E-01 -3.5232511096E+00
 -2.8572571777E+00  2.8887323903E-02  2.1119260628E-01  8.6654422305E-01 -3.5661845275E+00
 -2.8715241431E+00  4.3329735194E-02  2.2577976645E-01  8.7186051925E-01 -3.6120125166E+00
 -2.8866067065E+00  5.7323239792E-02  2.3997885674E-01  8.7745351694E-01 -3.6605279124E+00
 -2.9024743171E+00  7.0849245356E-02  2.5376956024E-01  8.8329336325E-01 -3.7114864108E+00
 -2.9190954070E+00  8.3890657101E-02  2.6713293345E-01  8.8934707497E-01 -3.7646041651E+00
 -2.9364375415E+00  9.6431908816E-02  2.8005143288E-01  8.9557845295E-01 -3.8195558227E+00
 -2.9544675746E+00  1.0845898163E-01  2.9250892817E-01  9.0194804257E-01 -3.8759730930E+00
 -2.9731518100E+00  1.1995940893E-01  3.0449069950E-01  9.0841315042E-01 -3.9334439431E+00
 -2.9924561646E+00  1.3092226635E-01  3.1598341728E-01  9.1492792645E-01 -3.9915125302E+00
 -3.0123463335E+00  1.4133814688E-01  3.2697510256E-01  9.2144351941E-01 -4.0496799813E+00
 -3.0327879496E+00  1.5119912202E-01  3.3745506719E-01  9.2790831142E-01 -4.1074061320E+00
 -3.0537467370E+00  1.6049869169E-01  3.4741383320E-01  9.3426823489E-01 -4.1641123295E+00
 -3.0751886520E+00  1.6923172707E-01  3.5684303110E-01  9.4046717198E-01 -4.2191853868E+00
 -3.0970800089E+00  1.7739441290E-01  3.6573527648E-01  9.4644743365E-01 -4.2719827511E+00
 -3.1193875886E+00  1.8498419796E-01  3.7408402291E-01  9.5215031211E-01 -4.3218389149E+00
 -3.1420787264E+00  1.9199976694E-01  3.8188338558E-01  9.5751669736E-01 -4.3680730534E+00
 -3.1651213810E+00  1.9844105313E-01  3.8912792266E-01  9.6248774627E-01 -4.4099978255E+00
 -3.1884841854E+00  2.0430932608E-01  3.9581234558E-01  9.6700559047E-01 -4.4469292201E+00
 -3.2121364825E+00  2.0960742019E-01  4.0193109258E-01  9.7101406870E-01 -4.4781972763E+00
 -3.2360483548E+00  2.1434025800E-01  4.0747760387E-01  9.7445946886E-01 -4.5031574577E+00
 -3.2601906631E+00  2.1851610564E-01  4.1244282683E-01  9.7729126707E-01 -4.5212024126E+00
 -3.3045484729E+00  2.2474511724E-01  4.1990602487E-01  9.8071725775E-01 -4.5345144054E+00
</Path of -GradDelSqRho>
<Path of -GradDelSqRho>
Starting CP# =      9
Ending CP# =     17
Number of Points =     36
 -2.7573749325E+00 -1.8640879321E-01  1.2086901602E-05  8.3139739021E-01 -3.2719809901E+00
 -2.7576088342E+00 -1.9237394952E-01 -5.6562206442E-03  8.3227939944E-01 -3.2721394119E+00
 -2.7570554380E+00 -2.0241320389E-01 -1.5256797057E-02  8.3206820957E-01 -3.2733868587E+00
 -2.7569758503E+00 -2.2011543139E-01 -3.2126667420E-02  8.3217413965E-01 -3.2782671277E+00
 -2.7582836030E+00 -2.3823306509E-01 -4.9300690522E-02  8.3322808584E-01 -3.2868217158E+00
 -2.7606499224E+00 -2.5632985520E-01 -6.6383225306E-02  8.3472289471E-01 -3.2989898433E+00
 -2.7640682889E+00 -2.7437381055E-01 -8.3343094668E-02  8.3665346990E-01 -3.3147627144E+00
 -2.7685297179E+00 -2.9233328438E-01 -1.0014964775E-01  8.3901309569E-01 -3.3341254488E+00
 -2.7740228452E+00 -3.1017709766E-01 -1.1677287866E-01  8.4179335749E-01 -3.3570546261E+00
 -2.7805340239E+00 -3.2787465542E-01 -1.3318353581E-01  8.4498404295E-01 -3.3835154460E+00
 -2.7880474307E+00 -3.4539605579E-01 -1.4935322176E-01  8.4857302409E-01 -3.4134585979E+00
 -2.7965451764E+00 -3.6271219220E-01 -1.6525448411E-01  8.5254612172E-01 -3.4468169309E+00
 -2.8060074204E+00 -3.7979484912E-01 -1.8086089827E-01  8.5688695450E-01 -3.4835020169E+00
 -2.8164124868E+00 -3.9661679225E-01 -1.9614714289E-01  8.6157677628E-01 -3.5234006932E+00
 -2.8277369822E+00 -4.1315185336E-01 -2.1108906853E-01  8.6659430668E-01 -3.5663716664E+00
 -2.8399559162E+00 -4.2937501010E-01 -2.2566375980E-01  8.7191556124E-01 -3.6122422539E+00
 -2.8530428253E+00 -4.4526246032E-01 -2.3984959055E-01  8.7751368868E-01 -3.6608053353E+00
 -2.8669699028E+00 -4.6079169006E-01 -2.5362627127E-01  8.8335882415E-01 -3.7118165878E+00
 -2.8817081352E+00 -4.7594153375E-01 -2.6697488694E-01  8.8941796785E-01 -3.7649920801E+00
 -2.8972274460E+00 -4.9069222498E-01 -2.7987792357E-01  8.9565489956E-01 -3.8200063068E+00
 -2.9134968483E+00 -5.0502543595E-01 -2.9231928122E-01  9.0203013923E-01 -3.8764907527E+00
 -2.9304846031E+00 -5.1892430377E-01 -3.0428427116E-01  9.0850096395E-01 -3.9340330866E+00
 -2.9481583837E+00 -5.3237344246E-01 -3.1575959540E-01  9.1502149044E-01 -3.9921770912E+00
 -2.9664854413E+00 -5.4535894009E-01 -3.2673330686E-01  9.2154283098E-01 -4.0504234416E+00
 -2.9854327698E+00 -5.5786834170E-01 -3.3719474927E-01  9.2801332851E-01 -4.1082314446E+00
 -3.0049672635E+00 -5.6989061993E-01 -3.4713447637E-01  9.3437887417E-01 -4.1650218428E+00
 -3.0250558646E+00 -5.8141613724E-01 -3.5654414989E-01  9.4058330740E-01 -4.2201807724E+00
 -3.0456656961E+00 -5.9243660540E-01 -3.6541641605E-01  9.4656889571E-01 -4.2730649371E+00
 -3.0667641750E+00 -6.0294505086E-01 -3.7374475825E-01  9.5227688776E-01 -4.3230080265E+00
 -3.0883191032E+00 -6.1293579853E-01 -3.8152332065E-01  9.5764813064E-01 -4.3693283636E+00
 -3.1102987342E+00 -6.2240449361E-01 -3.8874668949E-01  9.6262373953E-01 -4.4113377172E+00
 -3.1326718107E+00 -6.3134819494E-01 -3.9540960358E-01  9.6714580624E-01 -4.4483511612E+00
 -3.1554075694E+00 -6.3976560613E-01 -4.0150652822E-01  9.7115813203E-01 -4.4796978105E+00
 -3.1784756996E+00 -6.4765759694E-01 -4.0703093162E-01  9.7460697022E-01 -4.5047322109E+00
 -3.2018462118E+00 -6.5502844899E-01 -4.1197379413E-01  9.7744176563E-01 -4.5228461167E+00
 -3.2451315978E+00 -6.6718071161E-01 -4.1941841209E-01  9.8087995494E-01 -4.5362673244E+00
</Path of -GradDelSqRho>
<Path of -GradDelSqRho>
Starting CP# =     14
Ending CP# =     16
Number of Points =     18
 -3.7531979683E+00 -1.9249336699E-01 -6.1640650209E-01  7.7558911500E-01 -2.5667833438E+00
 -3.7639922048E+00 -1.7244955937E-01 -6.1205962539E-01  7.7118780865E-01 -2.5700697050E+00
 -3.7752182974E+00 -1.5079596005E-01 -6.0658015592E-01  7.6687615446E-01 -2.5805729624E+00
 -3.7859953201E+00 -1.2913630063E-01 -6.0028394019E-01  7.6299852874E-01 -2.5975636058E+00
 -3.7963054080E+00 -1.0750087662E-01 -5.9317500989E-01  7.5953316043E-01 -2.6201770557E+00
 -3.8061295335E+00 -8.5920378175E-02 -5.8525707995E-01  7.5645581275E-01 -2.6474502336E+00
 -3.8154471454E+00 -6.4426136143E-02 -5.7653338971E-01  7.5374071338E-01 -2.6783403196E+00
 -3.8242357561E+00 -4.3050413724E-02 -5.6700661102E-01  7.5136158670E-01 -2.7117462388E+00
 -3.8324704726E+00 -2.1826736333E-02 -5.5667885123E-01  7.4929278665E-01 -2.7465325121E+00
 -3.8401234754E+00 -7.9024089871E-04 -5.4555179849E-01  7.4751051037E-01 -2.7815550528E+00
 -3.8471634558E+00  2.0021996025E-02 -5.3362708508E-01  7.4599404312E-01 -2.8156884570E+00
 -3.8535550380E+00  4.0570731421E-02 -5.2090698162E-01  7.4472693832E-01 -2.8478542779E+00
 -3.8592582260E+00  6.0814575880E-02 -5.0739557894E-01  7.4369797307E-01 -2.8770496854E+00
 -3.8642279097E+00  8.0710505676E-02 -4.9310065606E-01  7.4290164349E-01 -2.9023757551E+00
 -3.8684133821E+00  1.0021524767E-01 -4.7803645822E-01  7.4233790496E-01 -2.9230644130E+00
 -3.8717575263E+00  1.1928808836E-01 -4.6222762277E-01  7.4201088561E-01 -2.9385028188E+00
 -3.8741943688E+00  1.3789594455E-01 -4.4571465003E-01  7.4192652749E-01 -2.9482537820E+00
 -3.8757526289E+00  1.5845839749E-01 -4.2618063793E-01  7.4213119649E-01 -2.9521264488E+00
</Path of -GradDelSqRho>
<Path of -GradDelSqRho>
Starting CP# =     14
Ending CP# =     17
Number of Points =     31
 -3.7531979683E+00 -1.9249336699E-01 -6.1640650209E-01  7.7558911500E-01 -2.5667833438E+00
 -3.7420235021E+00 -2.1252486747E-01 -6.2005373781E-01  7.8039772183E-01 -2.5702349746E+00
 -3.7296087803E+00 -2.3399637678E-01 -6.2318070317E-01  7.8603206583E-01 -2.5819542635E+00
 -3.7168082050E+00 -2.5534591670E-01 -6.2547665769E-01  7.9214685610E-01 -2.6023269772E+00
 -3.7036376978E+00 -2.7654324255E-01 -6.2693957528E-01  7.9874139134E-01 -2.6315743783E+00
 -3.6901132650E+00 -2.9755806806E-01 -6.2756875948E-01  8.0580857005E-01 -2.6697721489E+00
 -3.6762510592E+00 -3.1836015812E-01 -6.2736516802E-01  8.1333440016E-01 -2.7168519704E+00
 -3.6620673884E+00 -3.3891945862E-01 -6.2633171978E-01  8.2129756357E-01 -2.7726049830E+00
 -3.6475786697E+00 -3.5920625346E-01 -6.2447356913E-01  8.2966904847E-01 -2.8366866850E+00
 -3.6328013251E+00 -3.7919133493E-01 -6.2179833274E-01  8.3841186876E-01 -2.9086228829E+00
 -3.6177516196E+00 -3.9884616961E-01 -6.1831625552E-01  8.4748089540E-01 -2.9878163915E+00
