 AIMInt (Version 19.02.13, Professional)
 Portions Copyright (c) 1997-2019 by Todd A. Keith
 AIMInt is a component of the AIMAll package ( http://aim.tkgristmill.com )

 TP:  64-bit Linux

 Licensed To:  Research Group of Fernando Cortes Guzman, UNAM, fercor@unam.mx

 AIMInt is a heavily modified and extended version of the PROAIMV program
 developed by members of R.F.W. Bader's research group

 Much of the Quantum Theory of Atoms in Molecules (QTAIM) is described in the book:
   "Atoms in Molecules - A Quantum Theory"
   R.F.W. Bader, Oxford University Press, Oxford, 1990

 For additional references see:  http://aim.tkgristmill.com/references.html

 Current Directory:  /home/scratch/M_H2O_4_cuadrado_plano/Opt

 Inp File:  Co2_cuadrado_plano_cc-pvtz-def2-tzv_1_atomicfiles/o6.inp
 Wfx File:  Co2_cuadrado_plano_cc-pvtz-def2-tzv_1.wfx
 Out File:  Co2_cuadrado_plano_cc-pvtz-def2-tzv_1_atomicfiles/o6.int

 Wfx Title:   Co2_cuadrado_plano_cc-pvtz-def2-tzv_1                                         
 Job Title:   Co2_cuadrado_plano_cc-pvtz-def2-tzv_1                                         
 
<Atom>
O6      
</Atom>
<Nuclei of Molecule>
    13
Co1       27.0           3.6802301122E-04   1.6904982741E-04  -3.2847191437E-04
O2         8.0           2.3226702891E-01  -3.4312489273E+00  -1.5604221749E-03
H3         1.0           1.3592556797E+00  -4.4398278083E+00   1.0645301820E+00
O4         8.0          -3.4311550984E+00  -2.3172411666E-01   3.1242870360E-04
H5         1.0          -4.5802404718E+00   7.2472662705E-01  -1.0901613873E+00
O6         8.0          -2.3168168839E-01   3.4316902251E+00   9.0495233256E-04
H7         1.0           7.6231948637E-01   4.5836161021E+00  -1.0521152287E+00
O8         8.0           3.4317843374E+00   2.3222509197E-01  -9.7504171074E-04
H9         1.0           4.5807022563E+00  -7.4046208393E-01  -1.0771284753E+00
H10        1.0          -1.3778662195E+00   4.4373633980E+00   1.0489955938E+00
H11        1.0           4.4421319501E+00   1.3374178090E+00   1.0862015424E+00
H12        1.0          -7.6500522209E-01  -4.5819268052E+00  -1.0528624642E+00
H13        1.0          -4.4409507162E+00  -1.3330097690E+00   1.0919536419E+00
</Nuclei of Molecule>
<Total Number of CPs of DelSqRho>
    34
</Total Number of CPs of DelSqRho>
<Number of (3,+3) CPs of DelSqRho>
     5
</Number of (3,+3) CPs of DelSqRho>
<Number of (3,+1) CPs of DelSqRho>
    14
</Number of (3,+1) CPs of DelSqRho>
<Number of (3,-1) CPs of DelSqRho>
    10
</Number of (3,-1) CPs of DelSqRho>
<Number of (3,-3) CPs of DelSqRho>
     5
</Number of (3,-3) CPs of DelSqRho>
<Number of Degenerate CPs of DelSqRho>
     0
</Number of Degenerate CPs of DelSqRho>
<CP of DelSqRho>
CP# = 1       
Type = (3,+3)
Coords = -2.31681710115843E-01  3.43169052054107E+00  9.04950761183340E-04
DistFromNuc =  2.9625685574E-07
Rho =  2.9718042583E+02
DelSqRho = -3.3280687618E+06
GradDelSqRho =  4.6103309614E-08  1.6889474466E-05 -6.2019296365E-09
HessDelSqRho_EigVals =  1.3235019449E+11  1.3235021604E+11  1.3235022308E+11
HessDelSqRho_EigVec1 =  7.0616747366E-01  4.9764309668E-02  7.0629385713E-01
HessDelSqRho_EigVec2 =  6.9175181084E-02 -9.9760389173E-01  1.1267351676E-03
HessDelSqRho_EigVec3 = -7.0465757178E-01 -4.8062341739E-02  7.0791787507E-01
</CP of DelSqRho>
<CP of DelSqRho>
CP# = 2       
Type = (3,-1)
Coords = -1.29983799285706E-01  1.95909103422817E+00  3.47382260319428E-03
DistFromNuc =  1.4761088837E+00
Rho =  1.5432406921E-01
DelSqRho =  3.5971264757E-01
GradDelSqRho = -4.9851615891E-16  5.6621374256E-15 -4.1633363423E-17
HessDelSqRho_EigVals = -1.5467880739E-01 -5.0189773553E-02  5.1876964966E+00
HessDelSqRho_EigVec1 =  6.8127318080E-02  3.4901339504E-03  9.9767053053E-01
HessDelSqRho_EigVec2 =  9.9541849035E-01  6.7005270661E-02 -6.8207937793E-02
HessDelSqRho_EigVec3 = -6.7087238769E-02  9.9774651724E-01  1.0907455194E-03
</CP of DelSqRho>
<CP of DelSqRho>
CP# = 3       
Type = (3,-1)
Coords = -2.43139673702293E-01  3.60001012072641E+00  8.95637945186972E-04
DistFromNuc =  1.6870943300E-01
Rho =  2.2345223355E+01
DelSqRho =  1.2548135520E+03
GradDelSqRho = -3.2995828292E-13 -4.8547832421E-12 -2.1316282073E-14
HessDelSqRho_EigVals = -4.0863637148E+05 -2.2759156423E+03  1.3770945104E+03
HessDelSqRho_EigVec1 = -6.7891065332E-02  9.9769273939E-01 -3.1866227525E-05
HessDelSqRho_EigVec2 =  7.0564688948E-01  4.8040488296E-02  7.0693322093E-01
HessDelSqRho_EigVec3 = -7.0530367263E-01 -4.7971963183E-02  7.0728029813E-01
</CP of DelSqRho>
<CP of DelSqRho>
CP# = 4       
Type = (3,-1)
Coords = -2.20074181245114E-01  3.26514836394856E+00  1.32514549803781E-03
DistFromNuc =  1.6694640546E-01
Rho =  2.2734894468E+01
DelSqRho =  1.2943705247E+03
GradDelSqRho =  1.9360069103E-12 -3.7804426256E-11  9.3258734069E-14
HessDelSqRho_EigVals = -4.5129170231E+05 -3.7481348534E+03  2.6601201878E+02
HessDelSqRho_EigVec1 = -6.9544580932E-02  9.9757564132E-01 -2.5280653611E-03
HessDelSqRho_EigVec2 =  7.0449299340E-01  5.0906660121E-02  7.0788285344E-01
HessDelSqRho_EigVec3 =  7.0629538686E-01  4.7448412058E-02 -7.0632533204E-01
</CP of DelSqRho>
<CP of DelSqRho>
CP# = 5       
Type = (3,+1)
Coords = -1.19025528866288E-01  3.47910882408652E+00  1.16602211139681E-01
DistFromNuc =  1.6830267231E-01
Rho =  2.2591102670E+01
DelSqRho =  1.2301005803E+03
GradDelSqRho =  3.6930458691E-12  6.7750249855E-12  7.2661876516E-12
HessDelSqRho_EigVals = -4.1255255543E+05  2.8166262928E+03  3.7778480904E+03
HessDelSqRho_EigVec1 =  6.7038246379E-01  2.7753431785E-01  6.8815845170E-01
HessDelSqRho_EigVec2 = -2.2732848512E-01  9.5964027103E-01 -1.6556663335E-01
HessDelSqRho_EigVec3 = -7.0633498575E-01 -4.5445050757E-02  7.0641746529E-01
</CP of DelSqRho>
<CP of DelSqRho>
CP# = 6       
Type = (3,+1)
Coords = -3.49805318213164E-01  3.46270319231789E+00 -1.14914043871528E-01
DistFromNuc =  1.6831231666E-01
Rho =  2.2588994182E+01
DelSqRho =  1.2298826376E+03
GradDelSqRho = -5.5635496210E-12  6.3948846218E-14  3.8813396941E-12
HessDelSqRho_EigVals = -4.1232815271E+05  2.8248828568E+03  3.7852297578E+03
HessDelSqRho_EigVec1 =  7.0223330049E-01 -1.7995485274E-01  6.8882845662E-01
HessDelSqRho_EigVec2 =  9.2345436807E-02  9.8237753779E-01  1.6250136474E-01
HessDelSqRho_EigVec3 = -7.0593251234E-01 -5.0503704985E-02  7.0647623018E-01
</CP of DelSqRho>
<CP of DelSqRho>
CP# = 7       
Type = (3,-3)
Coords = -2.96901265795681E-01  3.29714140253369E+00  7.55473801328610E-02
DistFromNuc =  1.6711813473E-01
Rho =  2.2673182165E+01
DelSqRho =  1.2951866021E+03
GradDelSqRho =  6.0289551129E-12  1.9854340394E-11  2.0303758674E-12
HessDelSqRho_EigVals = -4.4747921756E+05 -3.9766661270E+03 -4.5517534940E+02
HessDelSqRho_EigVec1 =  3.8852579909E-01  8.0681869694E-01 -4.4507448109E-01
HessDelSqRho_EigVec2 =  7.0516629167E-01  5.0566074956E-02  7.0723657509E-01
HessDelSqRho_EigVec3 =  5.9311736151E-01 -5.8863117683E-01 -5.4929512389E-01
</CP of DelSqRho>
<CP of DelSqRho>
CP# = 8       
Type = (3,-3)
Coords = -1.48218018590282E-01  3.30730696542980E+00 -7.31970838974569E-02
DistFromNuc =  1.6711819540E-01
Rho =  2.2673134071E+01
DelSqRho =  1.2951920706E+03
GradDelSqRho =  2.7320368190E-12  1.6025403227E-11 -1.9593215939E-12
HessDelSqRho_EigVals = -4.4747877474E+05 -3.9771560514E+03 -4.5625088376E+02
HessDelSqRho_EigVec1 = -4.9797655841E-01  7.4620813993E-01  4.4180624619E-01
HessDelSqRho_EigVec2 =  7.0436927045E-01  5.0866019959E-02  7.0800888332E-01
HessDelSqRho_EigVec3 =  5.0584906654E-01  6.6376657035E-01 -5.5093616869E-01
</CP of DelSqRho>
<CP of DelSqRho>
CP# = 9       
Type = (3,-1)
Coords =  2.62689050338210E-01  3.19790991271750E+00 -4.67895363258282E-01
DistFromNuc =  7.2029813110E-01
Rho =  6.6106477569E-01
DelSqRho = -8.6758637000E-01
GradDelSqRho = -1.2803647031E-13  4.6837533851E-14  9.7533092713E-14
HessDelSqRho_EigVals = -1.6146048055E+01 -1.2606089493E+01  1.3737839690E+02
HessDelSqRho_EigVec1 =  2.5417100973E-01  9.3765567215E-01 -2.3706315255E-01
HessDelSqRho_EigVec2 =  6.8509144763E-01 -1.5362127437E-03  7.2845545398E-01
HessDelSqRho_EigVec3 =  6.8267620889E-01 -3.4756219664E-01 -6.4277034256E-01
</CP of DelSqRho>
<CP of DelSqRho>
CP# = 10      
Type = (3,-1)
Coords = -6.89236482918847E-01  3.13294672445792E+00  4.70175011547955E-01
DistFromNuc =  7.2029053696E-01
Rho =  6.6110459568E-01
DelSqRho = -8.6796239587E-01
GradDelSqRho = -1.3683498779E-14 -1.2198575483E-14  1.6209256160E-14
HessDelSqRho_EigVals = -1.6147493750E+01 -1.2601773074E+01  1.3738983320E+02
HessDelSqRho_EigVec1 = -3.8178008331E-01  8.9403363853E-01  2.3440951594E-01
HessDelSqRho_EigVec2 =  6.7785575444E-01  9.8438033752E-02  7.2857499935E-01
HessDelSqRho_EigVec3 =  6.2829574577E-01  4.3705126323E-01 -6.4360752727E-01
</CP of DelSqRho>
<CP of DelSqRho>
CP# = 11      
Type = (3,-1)
Coords = -2.82291503524569E-01  4.16004459401907E+00  7.90762251477583E-05
DistFromNuc =  7.3011103416E-01
Rho =  6.5156108892E-01
DelSqRho = -8.1102076452E-01
GradDelSqRho =  2.5504771906E-15 -3.1419311597E-14  1.0408340856E-16
HessDelSqRho_EigVals = -1.9123627709E+01 -7.9975679045E+00  1.2697976779E+02
HessDelSqRho_EigVec1 =  7.2822892991E-01  4.9809163649E-02 -6.8352152333E-01
HessDelSqRho_EigVec2 =  6.8182885209E-01  4.8085383647E-02  7.2992959410E-01
HessDelSqRho_EigVec3 = -6.9224577285E-02  9.9760054285E-01 -1.0558426033E-03
</CP of DelSqRho>
<CP of DelSqRho>
CP# = 12      
Type = (3,+1)
Coords = -1.84491521528402E-01  2.75804758240198E+00  2.19822878462940E-03
DistFromNuc =  6.7529474636E-01
Rho =  8.3137843066E-01
DelSqRho = -3.2720006641E+00
GradDelSqRho =  2.5842175622E-14 -1.7319479184E-13  1.2729400867E-14
HessDelSqRho_EigVals = -5.8039056781E+00  1.9247260485E+01  2.2509610967E+02
HessDelSqRho_EigVec1 =  6.9430366728E-01  5.0282302111E-02  7.1792346924E-01
HessDelSqRho_EigVec2 =  7.1626287135E-01  4.8846903862E-02 -6.9611886852E-01
HessDelSqRho_EigVec3 = -7.0070797934E-02  9.9753980877E-01 -2.1007616015E-03
</CP of DelSqRho>
<CP of DelSqRho>
CP# = 13      
Type = (3,+1)
Coords =  3.57590818230406E-01  3.79361801895612E+00 -7.65498786135226E-02
DistFromNuc =  6.9586856940E-01
Rho =  7.8019263320E-01
DelSqRho = -2.6383387861E+00
GradDelSqRho =  5.4123372450E-15  3.6776137691E-16 -9.8254737679E-15
HessDelSqRho_EigVals = -1.1700990266E+01  1.6343287971E+01  1.7978135818E+02
HessDelSqRho_EigVec1 =  2.2277120090E-01 -3.9654677430E-01  8.9057489738E-01
HessDelSqRho_EigVec2 = -4.2288736550E-01  7.8379698290E-01  4.5478408691E-01
HessDelSqRho_EigVec3 =  8.7837308027E-01  4.7792566932E-01 -6.9127744614E-03
</CP of DelSqRho>
<CP of DelSqRho>
CP# = 14      
Type = (3,+1)
Coords = -1.70505473566903E-01  3.75353350155979E+00 -6.13966202467619E-01
DistFromNuc =  6.9670091207E-01
Rho =  7.7591508695E-01
DelSqRho = -2.5692072181E+00
GradDelSqRho = -8.3821838359E-15  1.0713652188E-14 -2.7672308889E-14
HessDelSqRho_EigVals = -1.2521604357E+01  1.5588991725E+01  1.7823930798E+02
HessDelSqRho_EigVec1 =  8.5517557528E-01  4.7635358607E-01  2.0435752125E-01
HessDelSqRho_EigVec2 = -5.1820493746E-01  7.7675745082E-01  3.5792667600E-01
HessDelSqRho_EigVec3 =  1.1763428403E-02 -4.1198922757E-01  9.1111278013E-01
</CP of DelSqRho>
<CP of DelSqRho>
CP# = 15      
Type = (3,+3)
Coords = -6.95299515824200E-01  3.81792681669924E+00  4.10268091658284E-01
DistFromNuc =  7.2917650432E-01
Rho =  7.4235595537E-01
DelSqRho = -2.9551871993E+00
GradDelSqRho =  1.6070478281E-14 -2.0816681712E-15 -1.6653345369E-15
HessDelSqRho_EigVals =  9.6081149639E+00  2.3601348227E+01  1.3365946420E+02
HessDelSqRho_EigVec1 = -6.8262675512E-01 -6.6050377621E-02 -7.2777610624E-01
HessDelSqRho_EigVec2 = -3.4139977454E-01 -8.5171867204E-01  3.9751917895E-01
HessDelSqRho_EigVec3 =  6.4611679063E-01 -5.1981982581E-01 -5.5885636935E-01
</CP of DelSqRho>
<CP of DelSqRho>
CP# = 16      
Type = (3,+3)
Coords =  2.08549387008110E-01  3.30590075559968E+00  4.37647916003326E-01
DistFromNuc =  6.3274861256E-01
Rho =  9.8099971765E-01
DelSqRho = -4.5394564289E+00
GradDelSqRho = -3.2418512319E-14 -1.8873791419E-15  1.5543122345E-14
HessDelSqRho_EigVals =  1.3382188099E+01  2.4418186604E+01  3.5496829071E+02
HessDelSqRho_EigVec1 =  1.1242194264E-01  9.8303533611E-01  1.4492354802E-01
HessDelSqRho_EigVec2 = -7.0661189549E-01 -2.3450916393E-02  7.0721261560E-01
HessDelSqRho_EigVec3 =  6.9861358129E-01 -1.8191091907E-01  6.9198806461E-01
</CP of DelSqRho>
<CP of DelSqRho>
CP# = 17      
Type = (3,+3)
Coords =  1.72878869085185E-01  3.87730720882589E+00 -4.10735563868189E-01
DistFromNuc =  7.2917189705E-01
Rho =  7.4236000222E-01
DelSqRho = -2.9551963615E+00
GradDelSqRho = -1.0540457396E-12 -4.5019543649E-13  1.0980105714E-13
HessDelSqRho_EigVals =  9.6072847556E+00  2.3602181234E+01  1.3366220729E+02
HessDelSqRho_EigVec1 =  6.8662821933E-01  3.2538405958E-02  7.2628020802E-01
HessDelSqRho_EigVec2 = -4.5609763640E-01  7.9722695895E-01  3.9547961010E-01
HessDelSqRho_EigVec3 =  5.6614188548E-01  6.0280214670E-01 -5.6223921727E-01
</CP of DelSqRho>
<CP of DelSqRho>
CP# = 18      
Type = (3,+3)
Coords = -6.50032727479435E-01  3.24396530211518E+00 -4.35409397387471E-01
DistFromNuc =  6.3295217069E-01
Rho =  9.8011604906E-01
DelSqRho = -4.5289509311E+00
GradDelSqRho =  1.5543122345E-14  1.7874590696E-14  4.0190073491E-14
HessDelSqRho_EigVals =  1.3262917679E+01  2.4352194520E+01  3.5381288253E+02
HessDelSqRho_EigVec1 = -2.4812176499E-01  9.5724569709E-01 -1.4871538297E-01
HessDelSqRho_EigVec2 = -7.0327205468E-01 -7.2418402415E-02  7.0722273160E-01
HessDelSqRho_EigVec3 =  6.6621618627E-01  2.8006472536E-01  6.9117273005E-01
</CP of DelSqRho>
<CP of DelSqRho>
CP# = 19      
Type = (3,+1)
Coords = -3.38289987855322E-01  3.74386042801522E+00  6.14621991756048E-01
DistFromNuc =  6.9675258851E-01
Rho =  7.7576918721E-01
DelSqRho = -2.5682537088E+00
GradDelSqRho = -5.1059712014E-12 -1.5432100042E-13 -6.8657579622E-12
HessDelSqRho_EigVals = -1.2550928958E+01  1.5592947464E+01  1.7820750444E+02
HessDelSqRho_EigVec1 =  9.1284072293E-01 -3.5186050904E-01  2.0716176465E-01
HessDelSqRho_EigVec2 =  4.0554745076E-01  8.4027461699E-01 -3.5981916739E-01
HessDelSqRho_EigVec3 = -4.7466617051E-02  4.1247151443E-01  9.0973302130E-01
</CP of DelSqRho>
<CP of DelSqRho>
CP# = 20      
Type = (3,+1)
Coords = -8.65742167388481E-01  3.70821872331981E+00  7.61617157210641E-02
DistFromNuc =  6.9581914446E-01
Rho =  7.8032089277E-01
DelSqRho = -2.6388992854E+00
GradDelSqRho = -2.2648549702E-14  1.3024303858E-14  6.1617377867E-15
HessDelSqRho_EigVals = -1.1676210741E+01  1.6334491076E+01  1.7981175062E+02
HessDelSqRho_EigVec1 =  1.6360272314E-01  4.2669920475E-01  8.8947284255E-01
HessDelSqRho_EigVec2 =  3.1048332728E-01  8.3353292462E-01 -4.5697151668E-01
HessDelSqRho_EigVec3 =  9.3639428259E-01 -3.5092827221E-01 -3.8852674551E-03
</CP of DelSqRho>
<CP of DelSqRho>
CP# = 21      
Type = (3,-1)
Coords =  8.86997122940726E-01  3.72314454842119E+00  2.96052080667876E-01
DistFromNuc =  1.1931050804E+00
Rho =  2.4614649213E-01
DelSqRho =  7.1614749908E-01
GradDelSqRho = -4.5588532949E-15 -1.2420620088E-15 -5.8720389662E-16
HessDelSqRho_EigVals = -1.7617705812E+01 -9.8618404826E-01  3.1008985584E-01
HessDelSqRho_EigVec1 =  9.3803135244E-01  2.3053007222E-01  2.5875290847E-01
HessDelSqRho_EigVec2 = -5.8266199430E-02 -6.3111116694E-01  7.7350096636E-01
HessDelSqRho_EigVec3 = -3.4161708365E-01  7.4064470616E-01  5.7856995030E-01
</CP of DelSqRho>
<CP of DelSqRho>
CP# = 22      
Type = (3,-1)
Coords = -1.37965281062402E+00  3.56342484555206E+00 -2.96255342810834E-01
DistFromNuc =  1.1931034946E+00
Rho =  2.4616156284E-01
DelSqRho =  7.1608163295E-01
GradDelSqRho = -3.5755426397E-13 -4.8483005805E-13 -3.0100921755E-14
HessDelSqRho_EigVals = -1.7615992058E+01 -9.8745614261E-01  3.0999643274E-01
HessDelSqRho_EigVec1 =  9.6062743827E-01 -9.6700214525E-02  2.6046879536E-01
HessDelSqRho_EigVec2 = -1.4667200952E-01  6.1970732258E-01  7.7100593770E-01
HessDelSqRho_EigVec3 =  2.3597085936E-01  7.7885294046E-01 -5.8112464298E-01
</CP of DelSqRho>
<CP of DelSqRho>
CP# = 23      
Type = (3,+1)
Coords = -1.47620871193246E-01  2.18137956967338E+00 -6.65246465799377E-04
DistFromNuc =  1.2531342392E+00
Rho =  2.3899685603E-01
DelSqRho =  4.1355319769E-01
GradDelSqRho =  8.4134088585E-17  1.4051260155E-15  3.4694469520E-18
HessDelSqRho_EigVals = -8.2533183317E+00  5.6273157615E-01  8.9914558849E-01
HessDelSqRho_EigVec1 = -6.7183642803E-02  9.9773972963E-01  1.3379301525E-03
HessDelSqRho_EigVec2 =  5.5519184155E-01  3.6270062738E-02  8.3093110522E-01
HessDelSqRho_EigVec3 =  8.2900444946E-01  5.6567786473E-02 -5.5637371282E-01
</CP of DelSqRho>
<CP of DelSqRho>
CP# = 24      
Type = (3,-1)
Coords = -2.82675703577645E-02  3.61994538726063E+00  1.16111838945611E+00
DistFromNuc =  1.1928589729E+00
Rho =  2.4581550689E-01
DelSqRho =  7.1503175974E-01
GradDelSqRho = -3.0878077872E-16  2.0122792321E-16 -4.0453751460E-15
HessDelSqRho_EigVals = -1.7344651930E+01 -1.1177958143E+00  2.9640938534E-01
HessDelSqRho_EigVec1 =  1.8051654105E-01  1.4127970795E-01  9.7337239663E-01
HessDelSqRho_EigVec2 =  7.9871293374E-01 -5.9858741611E-01 -6.1243405880E-02
HessDelSqRho_EigVec3 =  5.7399601731E-01  7.8850057032E-01 -2.2089685989E-01
</CP of DelSqRho>
<CP of DelSqRho>
CP# = 25      
Type = (3,-1)
Coords = -4.59865341082431E-01  3.58532001355734E+00 -1.15982710461473E+00
DistFromNuc =  1.1928825589E+00
Rho =  2.4582815228E-01
DelSqRho =  7.1479855306E-01
GradDelSqRho =  1.7399276464E-15 -3.5561831258E-16  1.9012569297E-15
HessDelSqRho_EigVals = -1.7338652003E+01 -1.1193717953E+00  2.9652994589E-01
HessDelSqRho_EigVec1 =  1.9893219764E-01 -1.1097043974E-01  9.7371019418E-01
HessDelSqRho_EigVec2 =  7.0685752484E-01  7.0444285519E-01 -6.4130362190E-02
HessDelSqRho_EigVec3 = -6.7880661482E-01  7.0103197165E-01  2.1857665566E-01
</CP of DelSqRho>
<CP of DelSqRho>
CP# = 26      
Type = (3,+1)
Coords = -9.43222643721223E-01  4.05327139782451E+00  6.50257022216245E-01
DistFromNuc =  1.1464343837E+00
Rho =  4.1959064735E-01
DelSqRho = -9.9643988484E-01
GradDelSqRho = -3.3167912861E-15 -9.9920072216E-16  3.2751579226E-15
HessDelSqRho_EigVals = -3.2635096970E+01  1.5196678771E+01  1.6362758438E+01
HessDelSqRho_EigVec1 =  6.1746051657E-01 -5.4608080671E-01 -5.6616098683E-01
HessDelSqRho_EigVec2 =  6.9376353643E-01  3.8848590244E-02  7.1915432457E-01
HessDelSqRho_EigVec3 = -3.7072181753E-01 -8.3683124916E-01  4.0283842224E-01
</CP of DelSqRho>
<CP of DelSqRho>
CP# = 27      
Type = (3,+1)
Coords =  3.85698342280873E-01  4.14408436327832E+00 -6.51558546863556E-01
DistFromNuc =  1.1464606963E+00
Rho =  4.1956010863E-01
DelSqRho = -9.9622712990E-01
GradDelSqRho =  1.9484632007E-12  4.4195966331E-12 -7.4287936913E-12
HessDelSqRho_EigVals = -3.2628633956E+01  1.5193376205E+01  1.6359606590E+01
HessDelSqRho_EigVec1 =  5.3490484422E-01  6.2479956584E-01 -5.6877263485E-01
HessDelSqRho_EigVec2 =  6.9331517050E-01  6.0161235845E-02  7.1811886206E-01
HessDelSqRho_EigVec3 =  4.8289841787E-01 -7.7846395435E-01 -4.0100248103E-01
</CP of DelSqRho>
<CP of DelSqRho>
CP# = 28      
Type = (3,-3)
Coords =  5.75551316727838E-01  3.06269596959031E+00 -7.09419904257153E-01
DistFromNuc =  1.1368127757E+00
Rho =  2.4737151129E-01
DelSqRho =  8.6308488720E-01
GradDelSqRho =  7.6398609661E-13 -3.2680455564E-13 -5.9194663060E-13
HessDelSqRho_EigVals = -1.7759395399E+01 -2.1075722836E+00 -5.2634445288E-01
HessDelSqRho_EigVec1 =  6.9670053481E-01 -3.6607515202E-01 -6.1692572313E-01
HessDelSqRho_EigVec2 =  2.3387430812E-01  9.2891493839E-01 -2.8708856690E-01
HessDelSqRho_EigVec3 =  6.7816751086E-01  5.5731681435E-02  7.3279110727E-01
</CP of DelSqRho>
<CP of DelSqRho>
CP# = 29      
Type = (3,-3)
Coords = -3.09491963789432E-01  4.58130892501546E+00  1.69565278747922E-03
DistFromNuc =  1.1522492002E+00
Rho =  2.5220558148E-01
DelSqRho =  8.8665997672E-01
GradDelSqRho =  2.5587171271E-17  5.6968318951E-15 -1.4311468677E-16
HessDelSqRho_EigVals = -1.7117498257E+01 -3.9764123587E+00 -1.2349095535E-01
HessDelSqRho_EigVec1 = -6.7531093339E-02  9.9771692746E-01  6.9576996833E-04
HessDelSqRho_EigVec2 =  7.1792901066E-01  4.9077710624E-02 -6.9438412567E-01
HessDelSqRho_EigVec3 =  6.9283294313E-01  4.6393005758E-02  7.1960419810E-01
</CP of DelSqRho>
<CP of DelSqRho>
CP# = 30      
Type = (3,-3)
Coords = -9.79721255013225E-01  2.95634413793468E+00  7.12861195348908E-01
DistFromNuc =  1.1368371861E+00
Rho =  2.4737955051E-01
DelSqRho =  8.6300754341E-01
GradDelSqRho =  4.0245584643E-16 -6.9735883734E-16  8.3787143890E-16
HessDelSqRho_EigVals = -1.7757067770E+01 -2.1092149014E+00 -5.2524274437E-01
HessDelSqRho_EigVec1 =  6.3899302597E-01  4.5739778574E-01 -6.1844577641E-01
HessDelSqRho_EigVec2 =  3.6084987206E-01 -8.8828829249E-01 -2.8413250299E-01
HessDelSqRho_EigVec3 =  6.7931972045E-01  4.1607391434E-02  7.3266195642E-01
</CP of DelSqRho>
<CP of DelSqRho>
CP# = 31      
Type = (3,+1)
Coords =  1.26259195639636E+00  4.71775429088435E+00 -3.34332305743930E-01
DistFromNuc =  1.9997996215E+00
Rho =  7.4631499228E-02
DelSqRho =  1.8009838468E-01
GradDelSqRho = -3.3203995109E-13 -1.8325488696E-13  3.3197403160E-14
HessDelSqRho_EigVals = -1.6375100021E+00  4.3962305038E-02  5.9149938299E-01
HessDelSqRho_EigVec1 =  7.9907316477E-01  5.3679761834E-01  2.7079585352E-01
HessDelSqRho_EigVec2 = -5.9683090450E-01  7.6261755724E-01  2.4941397880E-01
HessDelSqRho_EigVec3 = -7.2628842518E-02 -3.6091935157E-01  9.2976463306E-01
</CP of DelSqRho>
<CP of DelSqRho>
CP# = 32      
Type = (3,+1)
Coords = -1.89053575672220E+00  4.49937441853683E+00  3.29948933151457E-01
DistFromNuc =  2.0000040746E+00
Rho =  7.4626514791E-02
DelSqRho =  1.7999638703E-01
GradDelSqRho = -1.8214596498E-17 -5.4643789493E-17  1.9840899756E-16
HessDelSqRho_EigVals = -1.6359190220E+00  4.4058588086E-02  5.9156787019E-01
HessDelSqRho_EigVec1 =  8.6514869627E-01 -4.2056617965E-01  2.7320655533E-01
HessDelSqRho_EigVec2 =  4.8606715629E-01  8.3732585905E-01 -2.5024812756E-01
HessDelSqRho_EigVec3 = -1.2351701466E-01  3.4929857473E-01  9.2883478228E-01
</CP of DelSqRho>
<CP of DelSqRho>
CP# = 33      
Type = (3,+1)
Coords =  6.10409876394666E-02  4.60259613356832E+00 -1.58905638979663E+00
DistFromNuc =  1.9961673981E+00
Rho =  7.4797371964E-02
DelSqRho =  1.8225134078E-01
GradDelSqRho =  4.2240516640E-16 -5.3949900103E-16  8.9164786665E-16
HessDelSqRho_EigVals = -1.6660657191E+00  3.9542982678E-02  5.9079476818E-01
HessDelSqRho_EigVec1 =  2.8478792241E-01 -4.3038027452E-01  8.5654460395E-01
HessDelSqRho_EigVec2 = -3.4897826544E-01  7.8568043506E-01  5.1080370419E-01
HessDelSqRho_EigVec3 =  8.9281017552E-01  4.4438617583E-01 -7.3558937098E-02
</CP of DelSqRho>
<CP of DelSqRho>
CP# = 34      
Type = (3,+1)
Coords = -6.87087911458407E-01  4.55477317292110E+00  1.58677431101037E+00
DistFromNuc =  1.9959187755E+00
Rho =  7.4817534970E-02
DelSqRho =  1.8237489323E-01
GradDelSqRho =  3.4998046128E-15 -3.6325109587E-15  4.1789488536E-15
HessDelSqRho_EigVals = -1.6680484593E+00  3.9425667867E-02  5.9062298500E-01
HessDelSqRho_EigVec1 =  2.2120271881E-01  4.6778911824E-01  8.5571180782E-01
HessDelSqRho_EigVec2 =  2.3762109269E-01  8.2514994213E-01 -5.1250735537E-01
HessDelSqRho_EigVec3 =  9.4583591257E-01 -3.1670319522E-01 -7.1368849200E-02
</CP of DelSqRho>
<Path of -GradDelSqRho>
Starting CP# =      5
Ending CP# =     16
Number of Points =     30
 -1.1902552887E-01  3.4791088241E+00  1.1660221114E-01  2.2591102670E+01  1.2301005803E+03
 -1.0226009504E-01  3.4860226611E+00  1.3381031672E-01  1.5675249128E+01  1.1480401311E+03
 -8.5488849132E-02  3.4929122293E+00  1.5102249716E-01  1.0987647263E+01  9.7829148651E+02
 -6.8716151450E-02  3.4997957898E+00  1.6823566660E-01  7.8200089578E+00  7.7028623980E+02
 -5.1940093519E-02  3.5066653191E+00  1.8545116565E-01  5.6876318763E+00  5.6967101698E+02
 -3.5157364941E-02  3.5135068540E+00  2.0267130817E-01  4.2530586015E+00  4.0536518526E+02
 -1.8364386709E-02  3.5203051574E+00  2.1989857488E-01  3.2852924146E+00  2.8261953111E+02
 -1.5576059615E-03  3.5270448614E+00  2.3713539938E-01  2.6292158546E+00  1.9433992493E+02
  1.5266222916E-02  3.5337115838E+00  2.5438396515E-01  2.1813208650E+00  1.3134963521E+02
  3.2110210822E-02  3.5402911307E+00  2.7164631804E-01  1.8722158770E+00  8.6456223144E+01
  4.8978130407E-02  3.5467659052E+00  2.8892489973E-01  1.6550809133E+00  5.4757050726E+01
  6.5875518307E-02  3.5531096419E+00  3.0622326168E-01  1.4983177465E+00  3.2853826341E+01
  8.2810897233E-02  3.5592808912E+00  3.2354680256E-01  1.3807863015E+00  1.8191475669E+01
  9.9797341245E-02  3.5652133958E+00  3.4090361740E-01  1.2885693646E+00  8.7428577510E+00
  1.1685486399E-01  3.5707987430E+00  3.5830560613E-01  1.2126898885E+00  2.9059808038E+00
  1.3401424637E-01  3.5758507054E+00  3.7576970222E-01  1.1474908514E+00 -5.3413436583E-01
  1.5132256466E-01  3.5800208042E+00  3.9331733228E-01  1.0895290146E+00 -2.4499397719E+00
  1.6884359166E-01  3.5825511269E+00  4.1095733061E-01  1.0369554188E+00 -3.4344916373E+00
  1.8653212904E-01  3.5812783521E+00  4.2849138538E-01  9.8996341121E-01 -3.8741813366E+00
  2.0177820685E-01  3.5688481628E+00  4.4281653614E-01  9.5876292055E-01 -4.0347403134E+00
  2.0810293491E-01  3.5453256370E+00  4.4755071270E-01  9.5680038860E-01 -4.1256448257E+00
  2.1104115209E-01  3.5205425745E+00  4.4892869436E-01  9.6207660510E-01 -4.2066960276E+00
  2.1309988670E-01  3.4956360638E+00  4.4953417817E-01  9.6733257640E-01 -4.2794980836E+00
  2.1453287432E-01  3.4706783802E+00  4.4962999227E-01  9.7183590534E-01 -4.3436761076E+00
  2.1535331458E-01  3.4456960008E+00  4.4923474971E-01  9.7552035519E-01 -4.3989246422E+00
  2.1555759389E-01  3.4207135995E+00  4.4834818489E-01  9.7837603422E-01 -4.4450406657E+00
  2.1514298143E-01  3.3957562428E+00  4.4696761610E-01  9.8040309402E-01 -4.4819268647E+00
  2.1410978960E-01  3.3708495152E+00  4.4508761935E-01  9.8160924222E-01 -4.5095917740E+00
  2.1246406048E-01  3.3460195880E+00  4.4269749320E-01  9.8200943110E-01 -4.5281476271E+00
  2.0854938701E-01  3.3059007556E+00  4.3764791600E-01  9.8099971765E-01 -4.5394564289E+00
</Path of -GradDelSqRho>
<Path of -GradDelSqRho>
Starting CP# =      5
Ending CP# =      1
Number of Points =      7
 -1.1902552887E-01  3.4791088241E+00  1.1660221114E-01  2.2591102670E+01  1.2301005803E+03
 -1.3577808993E-01  3.4721413431E+00  9.9403211451E-02  3.2828901810E+01  9.7721724445E+02
 -1.5251972575E-01  3.4651285713E+00  8.2211976002E-02  4.8088954548E+01 -8.0958873475E+02
 -1.6925653543E-01  3.4580958730E+00  6.5024179629E-02  7.0761578925E+01 -6.4202120055E+03
 -1.8598980831E-01  3.4510485993E+00  4.7838910933E-02  1.0442354216E+02 -2.0745065938E+04
 -2.0271723896E-01  3.4439772828E+00  3.0657830573E-02  1.5493051911E+02 -7.5690633664E+04
 -2.3168171012E-01  3.4316905205E+00  9.0495076118E-04  2.9718042583E+02 -3.3280687618E+06
</Path of -GradDelSqRho>
<Path of -GradDelSqRho>
Starting CP# =      6
Ending CP# =      1
Number of Points =      7
 -3.4980531821E-01  3.4627031923E+00 -1.1491404387E-01  2.2588994182E+01  1.2298826376E+03
 -3.3225237267E-01  3.4581745690E+00 -9.7698197704E-02  3.2825476710E+01  9.7714802482E+02
 -3.1470395552E-01  3.4535996622E+00 -8.0489967191E-02  4.8083379831E+01 -8.0880455652E+02
 -2.9715755005E-01  3.4490043867E+00 -6.3285110711E-02  7.0752689816E+01 -6.4177394504E+03
 -2.7961262162E-01  3.4443942221E+00 -4.6082732479E-02  1.0440933435E+02 -2.0735835083E+04
 -2.6207013860E-01  3.4397594869E+00 -2.8884462364E-02  1.5490839218E+02 -7.5659572801E+04
 -2.3168171012E-01  3.4316905205E+00  9.0495076118E-04  2.9718042583E+02 -3.3280687618E+06
</Path of -GradDelSqRho>
<Path of -GradDelSqRho>
Starting CP# =      6
Ending CP# =     18
Number of Points =     30
 -3.4980531821E-01  3.4627031923E+00 -1.1491404387E-01  2.2588994182E+01  1.2298826376E+03
 -3.6736355852E-01  3.4671770292E+00 -1.3213881656E-01  1.5673922034E+01  1.1478542411E+03
 -3.8492418037E-01  3.4716261060E+00 -1.4936757943E-01  1.0986780108E+01  9.7814167519E+02
 -4.0248540423E-01  3.4760690544E+00 -1.6659731014E-01  7.8194026713E+00  7.7016925259E+02
 -4.2004800622E-01  3.4804976733E+00 -1.8382932416E-01  5.6871597898E+00  5.6958786959E+02
 -4.3761332487E-01  3.4848977061E+00 -2.0106588933E-01  4.2526421405E+00  4.0531282248E+02
 -4.5518278775E-01  3.4892536025E+00 -2.1830943615E-01  3.2848859494E+00  2.8259149089E+02
 -4.7275777845E-01  3.4935496884E+00 -2.3556234774E-01  2.6287955498E+00  1.9432947262E+02
 -4.9033951346E-01  3.4977713084E+00 -2.5282676054E-01  2.1808766756E+00  1.3135128440E+02
 -5.0792910220E-01  3.5019040149E+00 -2.7010467426E-01  1.8717461518E+00  8.6465853287E+01
 -5.2552783710E-01  3.5059299113E+00 -2.8739847361E-01  1.6545888573E+00  5.4771586178E+01
 -5.4313755407E-01  3.5098223007E+00 -3.0471162538E-01  1.4978090840E+00  3.2870962023E+01
 -5.6076093883E-01  3.5135390878E+00 -3.2204939551E-01  1.3802677088E+00  1.8209525915E+01
 -5.7840174297E-01  3.5170130741E+00 -3.3941966919E-01  1.2880474200E+00  8.7606644978E+00
 -5.9606474772E-01  3.5201345370E+00 -3.5683400942E-01  1.2121703633E+00  2.9228258403E+00
 -6.1375462724E-01  3.5227155992E+00 -3.7430879057E-01  1.1469781478E+00 -5.1862694172E-01
 -6.3146979716E-01  3.5244064562E+00 -3.9186446684E-01  1.0890253291E+00 -2.4358991915E+00
 -6.4916901848E-01  3.5244527403E+00 -4.0950814165E-01  1.0364579121E+00 -3.4218733018E+00
 -6.6651337376E-01  3.5207374274E+00 -4.2704008021E-01  9.8944593525E-01 -3.8627653313E+00
 -6.7994734089E-01  3.5063766977E+00 -4.4138349061E-01  9.5806212765E-01 -4.0238025261E+00
 -6.8299690001E-01  3.4822111712E+00 -4.4609863327E-01  9.5597103015E-01 -4.1144818172E+00
 -6.8248039876E-01  3.4572567917E+00 -4.4741770881E-01  9.6122257044E-01 -4.1953164279E+00
 -6.8107195957E-01  3.4323036078E+00 -4.4795993537E-01  9.6646742241E-01 -4.2679639910E+00
 -6.7903659117E-01  3.4073876523E+00 -4.4799189692E-01  9.7096394374E-01 -4.3320530410E+00
 -6.7639141695E-01  3.3825332642E+00 -4.4753248053E-01  9.7464521160E-01 -4.3872800853E+00
 -6.7313642329E-01  3.3577653708E+00 -4.4658139017E-01  9.7750130110E-01 -4.4334431009E+00
 -6.6927254257E-01  3.3331091668E+00 -4.4513585980E-01  9.7953234009E-01 -4.4704447931E+00
 -6.6480382192E-01  3.3085899402E+00 -4.4319034697E-01  9.8074598171E-01 -4.4982927315E+00
 -6.5974005133E-01  3.2842327809E+00 -4.4073404180E-01  9.8115709174E-01 -4.5170972204E+00
 -6.5003272748E-01  3.2439653021E+00 -4.3540939739E-01  9.8011604906E-01 -4.5289509311E+00
</Path of -GradDelSqRho>
<Path of -GradDelSqRho>
Starting CP# =     12
Ending CP# =     16
Number of Points =     36
 -1.8449152153E-01  2.7580475824E+00  2.1982287846E-03  8.3137843066E-01 -3.2720006641E+00
 -1.7882766988E-01  2.7590906105E+00  8.0991980020E-03  8.3226530763E-01 -3.2721600773E+00
 -1.6914425345E-01  2.7599078180E+00  1.8119992801E-02  8.3205753306E-01 -3.2734187658E+00
 -1.5224618819E-01  2.7622423435E+00  3.5669337519E-02  8.3218386415E-01 -3.2783258045E+00
 -1.3515229303E-01  2.7660023380E+00  5.3517787489E-02  8.3325302031E-01 -3.2869164187E+00
 -1.1822027425E-01  2.7708079405E+00  7.1269385742E-02  8.3476297259E-01 -3.2991338498E+00
 -1.0147969412E-01  2.7766483320E+00  8.8891802463E-02  8.3670864582E-01 -3.3149710241E+00
 -8.4959458378E-02  2.7835103035E+00  1.0635325942E-01  8.3908333587E-01 -3.3344144078E+00
 -6.8687710786E-02  2.7913783571E+00  1.2362265239E-01  8.4187862897E-01 -3.3574415162E+00
 -5.2691735890E-02  2.8002348182E+00  1.4066966383E-01  8.4508430166E-01 -3.3840180501E+00
 -3.6997869566E-02  2.8100599537E+00  1.5746486594E-01  8.4868820185E-01 -3.4140947505E+00
 -2.1631416642E-02  2.8208320958E+00  1.7397981459E-01  8.5267611228E-01 -3.4476040648E+00
 -6.6165747539E-03  2.8325277670E+00  1.9018713496E-01  8.5703159884E-01 -3.4844567144E+00
  8.0236363167E-03  2.8451218064E+00  2.0606059982E-01  8.6173584731E-01 -3.5245382508E+00
  2.2267440255E-02  2.8585874973E+00  2.2157520090E-01  8.6676749384E-01 -3.5677056802E+00
  3.6094364738E-02  2.8728966963E+00  2.3670721371E-01  8.7210245525E-01 -3.6137842321E+00
  4.9485296304E-02  2.8880199665E+00  2.5143425512E-01  8.7771376692E-01 -3.6625643431E+00
  6.2422528451E-02  2.9039267145E+00  2.6573533294E-01  8.8357143713E-01 -3.7137989296E+00
  7.4889801432E-02  2.9205853340E+00  2.7959088559E-01  8.8964232730E-01 -3.7672010224E+00
  8.6872331934E-02  2.9379633551E+00  2.9298281002E-01  8.9589006857E-01 -3.8224418460E+00
  9.8356830851E-02  2.9560276012E+00  3.0589447546E-01  9.0227502498E-01 -3.8791494313E+00
  1.0933150763E-01  2.9747443500E+00  3.1831072085E-01  9.0875431341E-01 -3.9369078615E+00
  1.1978606024E-01  2.9940794980E+00  3.3021783384E-01  9.1528188950E-01 -3.9952572576E+00
  1.2971165086E-01  3.0139987252E+00  3.4160350991E-01  9.2180870727E-01 -4.0536946160E+00
  1.3910086826E-01  3.0344676553E+00  3.5245679062E-01  9.2828295810E-01 -4.1116756111E+00
  1.4794767981E-01  3.0554520094E+00  3.6276798072E-01  9.3465039228E-01 -4.1686174649E+00
  1.5624737726E-01  3.0769177465E+00  3.7252854394E-01  9.4085472306E-01 -4.2239029730E+00
  1.6399652272E-01  3.0988311896E+00  3.8173097719E-01  9.4683811011E-01 -4.2768857483E+00
  1.7119290412E-01  3.1211591332E+00  3.9036866161E-01  9.5254171606E-01 -4.3268967080E+00
  1.7783551310E-01  3.1438689310E+00  3.9843568532E-01  9.5790632673E-01 -4.3732517878E+00
  1.8392456572E-01  3.1669285648E+00  4.0592662569E-01  9.6287302321E-01 -4.4152608165E+00
  1.8946160102E-01  3.1903066946E+00  4.1283626343E-01  9.6738389209E-01 -4.4522374313E+00
  1.9444972671E-01  3.2139726950E+00  4.1915916501E-01  9.7138275938E-01 -4.4835098605E+00
  1.9889417330E-01  3.2378966867E+00  4.2488897591E-01  9.7481593342E-01 -4.5084323489E+00
  2.0280362028E-01  3.2620495790E+00  4.3001696226E-01  9.7763294389E-01 -4.5263969588E+00
  2.0854938701E-01  3.3059007556E+00  4.3764791600E-01  9.8099971765E-01 -4.5394564289E+00
</Path of -GradDelSqRho>
<Path of -GradDelSqRho>
Starting CP# =     12
Ending CP# =     18
Number of Points =     36
 -1.8449152153E-01  2.7580475824E+00  2.1982287846E-03  8.3137843066E-01 -3.2720006641E+00
 -1.9024312734E-01  2.7582638797E+00 -3.7046888238E-03  8.3225506276E-01 -3.2721599959E+00
 -1.9993667542E-01  2.7576780981E+00 -1.3719813247E-02  8.3203075728E-01 -3.2734167916E+00
 -2.1698669607E-01  2.7575527042E+00 -3.1271065830E-02  8.3212530428E-01 -3.2783157036E+00
 -2.3443261610E-01  2.7588108311E+00 -4.9130599687E-02  8.3316281843E-01 -3.2868878222E+00
 -2.5186425958E-01  2.7611274588E+00 -6.6897910536E-02  8.3464078802E-01 -3.2990704935E+00
 -2.6925085153E-01  2.7644961751E+00 -8.4540611789E-02  8.3655403066E-01 -3.3148515188E+00
 -2.8656193263E-01  2.7689081008E+00 -1.0202685408E-01  8.3889574622E-01 -3.3342127048E+00
 -3.0376747810E-01  2.7743519732E+00 -1.1932544920E-01  8.4165743969E-01 -3.3571274661E+00
 -3.2083801001E-01  2.7808142431E+00 -1.3640598439E-01  8.4482882473E-01 -3.3835580385E+00
 -3.3774470269E-01  2.7882791809E+00 -1.5323892671E-01  8.4839770851E-01 -3.4134523950E+00
 -3.5445948160E-01  2.7967289875E+00 -1.6979571821E-01  8.5234985893E-01 -3.4467409566E+00
 -3.7095511604E-01  2.8061439086E+00 -1.8604886245E-01  8.5666885647E-01 -3.4833331908E+00
 -3.8720530642E-01  2.8165023521E+00 -2.0197200334E-01  8.6133593429E-01 -3.5231141853E+00
 -4.0318476647E-01  2.8277810051E+00 -2.1753999698E-01  8.6632981133E-01 -3.5659412793E+00
 -4.1886930059E-01  2.8399549557E+00 -2.3272897656E-01  8.7162652472E-01 -3.6116408296E+00
 -4.3423587607E-01  2.8529978165E+00 -2.4751641019E-01  8.7719926898E-01 -3.6600051854E+00
 -4.4926268916E-01  2.8668818545E+00 -2.6188115055E-01  8.8301825056E-01 -3.7107899443E+00
 -4.6392922405E-01  2.8815781269E+00 -2.7580347493E-01  8.8905056738E-01 -3.7637115659E+00
 -4.7821630279E-01  2.8970566251E+00 -2.8926511362E-01  8.9526012356E-01 -3.8184454223E+00
 -4.9210612464E-01  2.9132864256E+00 -3.0224926453E-01  9.0160758953E-01 -3.8746243762E+00
 -5.0558229306E-01  2.9302358485E+00 -3.1474059163E-01  9.0805041791E-01 -3.9318379828E+00
 -5.1862982917E-01  2.9478726206E+00 -3.2672520535E-01  9.1454292411E-01 -3.9896324206E+00
 -5.3123517125E-01  2.9661640406E+00 -3.3819062335E-01  9.2103643976E-01 -4.0475112637E+00
 -5.4338616082E-01  2.9850771433E+00 -3.4912571052E-01  9.2747954466E-01 -4.1049372029E+00
 -5.5507201722E-01  3.0045788569E+00 -3.5952059799E-01  9.3381838055E-01 -4.1613348210E+00
 -5.6628330449E-01  3.0246361504E+00 -3.6936658080E-01  9.3999704704E-01 -4.2160945085E+00
 -5.7701189612E-01  3.0452161666E+00 -3.7865599401E-01  9.4595807683E-01 -4.2685775818E+00
 -5.8725094622E-01  3.0662863354E+00 -3.8738206543E-01  9.5164298401E-01 -4.3181226326E+00
 -5.9699487976E-01  3.0878144654E+00 -3.9553874015E-01  9.5699287646E-01 -4.3640530933E+00
 -6.0623942166E-01  3.1097688108E+00 -4.0312046477E-01  9.6194912076E-01 -4.4056859563E+00
 -6.1498169913E-01  3.1321181096E+00 -4.1012190415E-01  9.6645404607E-01 -4.4423415314E+00
 -6.2322048524E-01  3.1548315893E+00 -4.1653752845E-01  9.7045167260E-01 -4.4733540724E+00
 -6.3095674145E-01  3.1778789241E+00 -4.2236091622E-01  9.7388845027E-01 -4.4980830552E+00
 -6.3819490993E-01  3.2012301030E+00 -4.2758332251E-01  9.7671399446E-01 -4.5159248427E+00
 -6.5003272748E-01  3.2439653021E+00 -4.3540939739E-01  9.8011604906E-01 -4.5289509311E+00
</Path of -GradDelSqRho>
<Path of -GradDelSqRho>
Starting CP# =     13
Ending CP# =     16
Number of Points =     31
  3.5759081823E-01  3.7936180190E+00 -7.6549878614E-02  7.8019263320E-01 -2.6383387861E+00
  3.6228078570E-01  3.7845122632E+00 -5.6539718749E-02  7.8491857969E-01 -2.6413635011E+00
  3.6674445126E-01  3.7739424640E+00 -3.4329705615E-02  7.9060033229E-01 -2.6521309199E+00
  3.7041203413E-01  3.7629186414E+00 -1.2194802913E-02  7.9673580463E-01 -2.6710787694E+00
  3.7328011927E-01  3.7514541539E+00  9.8340286473E-03  8.0332460708E-01 -2.6984662954E+00
  3.7534655692E-01  3.7395624679E+00  3.1725751047E-02  8.1036009276E-01 -2.7344097134E+00
  3.7661077602E-01  3.7272572531E+00  5.3449319604E-02  8.1782886090E-01 -2.7788830144E+00
  3.7707408397E-01  3.7145524271E+00  7.4973793109E-02  8.2571032022E-01 -2.8317207535E+00
  3.7673993831E-01  3.7014621452E+00  9.6268474137E-02  8.3397632604E-01 -2.8926224027E+00
  3.7561417562E-01  3.6880007303E+00  1.1730306620E-01  8.4259091051E-01 -2.9611578871E+00
  3.7370518497E-01  3.6741825434E+00  1.3804783077E-01  8.5151013056E-01 -3.0367740042E+00
  3.7102401592E-01  3.6600217920E+00  1.5847372404E-01  8.6068206216E-01 -3.1188015373E+00
  3.6758441602E-01  3.6455322795E+00  1.7855249086E-01  8.7004697095E-01 -3.2064629982E+00
  3.6340279946E-01  3.6307270980E+00  1.9825669211E-01  8.7953768797E-01 -3.2988810650E+00
  3.5849815685E-01  3.6156182683E+00  2.1755964158E-01  8.8908021389E-01 -3.3950878842E+00
  3.5289192607E-01  3.6002163288E+00  2.3643522939E-01  8.9859456538E-01 -3.4940354901E+00
  3.4660785495E-01  3.5845298718E+00  2.5485760989E-01  9.0799586375E-01 -3.5946076194E+00
  3.3967189845E-01  3.5685650188E+00  2.7280073141E-01  9.1719564942E-01 -3.6956331895E+00
  3.3211220565E-01  3.5523248140E+00  2.9023768056E-01  9.2610338811E-01 -3.7959016438E+00
  3.2395926759E-01  3.5358084990E+00  3.0713980133E-01  9.3462811928E-01 -3.8941802741E+00
  3.1524631818E-01  3.5190106067E+00  3.2347552207E-01  9.4268018652E-01 -3.9892335176E+00
  3.0601011658E-01  3.5019197733E+00  3.3920877325E-01  9.5017298634E-01 -4.0798441282E+00
  2.9629230410E-01  3.4845171155E+00  3.5429678637E-01  9.5702467771E-01 -4.1648360558E+00
  2.8614165523E-01  3.4667739312E+00  3.6868689650E-01  9.6315980945E-01 -4.2430988830E+00
  2.7561779516E-01  3.4486483414E+00  3.8231165406E-01  9.6851084685E-01 -4.3136138047E+00
  2.6479748455E-01  3.4300802682E+00  3.9508092381E-01  9.7301961134E-01 -4.3754814814E+00
  2.5378573975E-01  3.4109837865E+00  4.0686831891E-01  9.7663869525E-01 -4.4279528049E+00
  2.4273683082E-01  3.3912354429E+00  4.1748628109E-01  9.7933299523E-01 -4.4704649805E+00
  2.3189743363E-01  3.3706572612E+00  4.2663656466E-01  9.8108169167E-01 -4.5026878964E+00
  2.2170530038E-01  3.3489984220E+00  4.3380227583E-01  9.8188154004E-01 -4.5245898672E+00
