 AIMInt (Version 19.02.13, Professional)
 Portions Copyright (c) 1997-2019 by Todd A. Keith
 AIMInt is a component of the AIMAll package ( http://aim.tkgristmill.com )

 TP:  64-bit Linux

 Licensed To:  Research Group of Fernando Cortes Guzman, UNAM, fercor@unam.mx

 AIMInt is a heavily modified and extended version of the PROAIMV program
 developed by members of R.F.W. Bader's research group

 Much of the Quantum Theory of Atoms in Molecules (QTAIM) is described in the book:
   "Atoms in Molecules - A Quantum Theory"
   R.F.W. Bader, Oxford University Press, Oxford, 1990

 For additional references see:  http://aim.tkgristmill.com/references.html

 Current Directory:  /home/scratch/M_H2O_4_cuadrado_plano/Opt

 Inp File:  Co2_cuadrado_plano_cc-pvtz-def2-tzv_1_atomicfiles/o8.inp
 Wfx File:  Co2_cuadrado_plano_cc-pvtz-def2-tzv_1.wfx
 Out File:  Co2_cuadrado_plano_cc-pvtz-def2-tzv_1_atomicfiles/o8.int

 Wfx Title:   Co2_cuadrado_plano_cc-pvtz-def2-tzv_1                                         
 Job Title:   Co2_cuadrado_plano_cc-pvtz-def2-tzv_1                                         
 
<Atom>
O8      
</Atom>
<Nuclei of Molecule>
    13
Co1       27.0           3.6802301122E-04   1.6904982741E-04  -3.2847191437E-04
O2         8.0           2.3226702891E-01  -3.4312489273E+00  -1.5604221749E-03
H3         1.0           1.3592556797E+00  -4.4398278083E+00   1.0645301820E+00
O4         8.0          -3.4311550984E+00  -2.3172411666E-01   3.1242870360E-04
H5         1.0          -4.5802404718E+00   7.2472662705E-01  -1.0901613873E+00
O6         8.0          -2.3168168839E-01   3.4316902251E+00   9.0495233256E-04
H7         1.0           7.6231948637E-01   4.5836161021E+00  -1.0521152287E+00
O8         8.0           3.4317843374E+00   2.3222509197E-01  -9.7504171074E-04
H9         1.0           4.5807022563E+00  -7.4046208393E-01  -1.0771284753E+00
H10        1.0          -1.3778662195E+00   4.4373633980E+00   1.0489955938E+00
H11        1.0           4.4421319501E+00   1.3374178090E+00   1.0862015424E+00
H12        1.0          -7.6500522209E-01  -4.5819268052E+00  -1.0528624642E+00
H13        1.0          -4.4409507162E+00  -1.3330097690E+00   1.0919536419E+00
</Nuclei of Molecule>
<Total Number of CPs of DelSqRho>
    34
</Total Number of CPs of DelSqRho>
<Number of (3,+3) CPs of DelSqRho>
     5
</Number of (3,+3) CPs of DelSqRho>
<Number of (3,+1) CPs of DelSqRho>
    14
</Number of (3,+1) CPs of DelSqRho>
<Number of (3,-1) CPs of DelSqRho>
    10
</Number of (3,-1) CPs of DelSqRho>
<Number of (3,-3) CPs of DelSqRho>
     5
</Number of (3,-3) CPs of DelSqRho>
<Number of Degenerate CPs of DelSqRho>
     0
</Number of Degenerate CPs of DelSqRho>
<CP of DelSqRho>
CP# = 1       
Type = (3,+3)
Coords =  3.43178463306004E+00  2.32225108221266E-01 -9.75038273402818E-04
DistFromNuc =  2.9615013591E-07
Rho =  2.9717870528E+02
DelSqRho = -3.3280501790E+06
GradDelSqRho = -2.1205640778E-05 -2.4297901291E-07 -4.7731418817E-10
HessDelSqRho_EigVals =  1.3234946326E+11  1.3234948484E+11  1.3234949189E+11
HessDelSqRho_EigVec1 = -4.4703593438E-02  7.2692386919E-01 -6.8526146626E-01
HessDelSqRho_EigVec2 =  9.9797551150E-01  6.3557120938E-02  2.3175048032E-03
HessDelSqRho_EigVec3 = -4.5237895443E-02  6.8377056151E-01  7.2829345187E-01
</CP of DelSqRho>
<CP of DelSqRho>
CP# = 2       
Type = (3,-1)
Coords =  1.95851450309764E+00  1.42927344003296E-01 -4.18642123274749E-03
DistFromNuc =  1.4759771019E+00
Rho =  1.5436659597E-01
DelSqRho =  3.5984190076E-01
GradDelSqRho = -2.8779062466E-15 -2.1727411537E-16  6.2883726004E-18
HessDelSqRho_EigVals = -1.5489581484E-01 -5.2087358531E-02  5.1838102728E+00
HessDelSqRho_EigVec1 =  5.5918971890E-03 -7.0992509116E-02  9.9746117435E-01
HessDelSqRho_EigVec2 = -6.9735098648E-02  9.9502069656E-01  7.1209756530E-02
HessDelSqRho_EigVec3 =  9.9754987179E-01  6.9956251029E-02 -6.1338380957E-04
</CP of DelSqRho>
<CP of DelSqRho>
CP# = 3       
Type = (3,-1)
Coords =  3.60012023190746E+00  2.43436399121174E-01 -9.09940862896551E-04
DistFromNuc =  1.6870883508E-01
Rho =  2.2345345849E+01
DelSqRho =  1.2548101163E+03
GradDelSqRho =  7.2865935508E-11  5.2728932332E-12  1.1574075032E-13
HessDelSqRho_EigVals = -4.0864478654E+05 -2.2785633492E+03  1.3789448045E+03
HessDelSqRho_EigVec1 =  9.9778600772E-01  6.6505413696E-02  3.3579182370E-04
HessDelSqRho_EigVec2 = -4.8170960832E-02  7.2617551961E-01 -6.8581970900E-01
HessDelSqRho_EigVec3 = -4.5854567270E-02  6.8428513404E-01  7.2777140229E-01
</CP of DelSqRho>
<CP of DelSqRho>
CP# = 4       
Type = (3,+1)
Coords =  3.47811388166288E+00  1.15873387734351E-01  1.11482331510050E-01
DistFromNuc =  1.6831757646E-01
Rho =  2.2587960889E+01
DelSqRho =  1.2297177002E+03
GradDelSqRho =  3.6779468360E-12 -6.8713923440E-12  2.7080560017E-12
HessDelSqRho_EigVals = -4.1219585524E+05  2.8321407765E+03  3.7938321266E+03
HessDelSqRho_EigVec1 = -2.7104790474E-01  6.9226906231E-01 -6.6880234652E-01
HessDelSqRho_EigVec2 =  9.6159493760E-01  2.2593833202E-01 -1.5584301750E-01
HessDelSqRho_EigVec3 = -4.3222787033E-02  6.8535787403E-01  7.2692253727E-01
</CP of DelSqRho>
<CP of DelSqRho>
CP# = 5       
Type = (3,+1)
Coords =  3.46382409013154E+00  3.53534628686970E-01 -1.13141567400327E-01
DistFromNuc =  1.6829699623E-01
Rho =  2.2592469677E+01
DelSqRho =  1.2301816190E+03
GradDelSqRho = -1.8651746814E-14 -2.5659474545E-12  1.3609335880E-11
HessDelSqRho_EigVals = -4.1267443051E+05  2.8145656220E+03  3.7781390201E+03
HessDelSqRho_EigVec1 =  1.8606303009E-01  7.2127542141E-01 -6.6718986451E-01
HessDelSqRho_EigVec2 =  9.8134924228E-01 -1.0303221704E-01  1.6228994712E-01
HessDelSqRho_EigVec3 =  4.8313699075E-02 -6.8494242731E-01 -7.2699357477E-01
</CP of DelSqRho>
<CP of DelSqRho>
CP# = 6       
Type = (3,-3)
Coords =  3.29764489274263E+00  2.96582946509230E-01  7.51406568607179E-02
DistFromNuc =  1.6711948904E-01
Rho =  2.2672688356E+01
DelSqRho =  1.2951750274E+03
GradDelSqRho =  5.4036775055E-12  9.0671914421E-12 -6.0818017289E-12
HessDelSqRho_EigVals = -4.4744458442E+05 -3.9805301262E+03 -4.5824080167E+02
HessDelSqRho_EigVec1 =  8.0438122316E-01 -3.8347004268E-01 -4.5378582413E-01
HessDelSqRho_EigVec2 = -4.2108516597E-02  7.2508436046E-01 -6.8737147384E-01
HessDelSqRho_EigVec3 =  5.9261937249E-01  5.7201695480E-01  5.6709689011E-01
</CP of DelSqRho>
<CP of DelSqRho>
CP# = 7       
Type = (3,-3)
Coords =  3.30741177220185E+00  1.51842576499081E-01 -7.84286683716648E-02
DistFromNuc =  1.6711956212E-01
Rho =  2.2672616390E+01
DelSqRho =  1.2951853786E+03
GradDelSqRho =  2.0908608178E-11  1.4089063249E-11  5.4809490280E-12
HessDelSqRho_EigVals = -4.4744436081E+05 -3.9813648909E+03 -4.6021152176E+02
HessDelSqRho_EigVec1 =  7.4614747901E-01  4.7952546571E-01  4.6186498817E-01
HessDelSqRho_EigVec2 =  4.2576805592E-02 -7.2666684858E-01  6.8566938593E-01
HessDelSqRho_EigVec3 = -6.6441790704E-01  4.9194574794E-01  5.6261729967E-01
</CP of DelSqRho>
<CP of DelSqRho>
CP# = 8       
Type = (3,-1)
Coords =  3.26515113195626E+00  2.22018377167487E-01 -1.58875432886526E-03
DistFromNuc =  1.6694663464E-01
Rho =  2.2734831960E+01
DelSqRho =  1.2943479135E+03
GradDelSqRho = -9.7508667807E-12  1.1839973446E-12  1.4779844015E-15
HessDelSqRho_EigVals = -4.5128027485E+05 -3.7500544355E+03  2.6837234988E+02
HessDelSqRho_EigVec1 =  9.9812399995E-01  6.1112353061E-02  3.7095871792E-03
HessDelSqRho_EigVec2 = -4.1876757422E-02  7.2564568457E-01 -6.8679303844E-01
HessDelSqRho_EigVec3 = -4.4663384573E-02  6.8534926918E-01  7.2684356041E-01
</CP of DelSqRho>
<CP of DelSqRho>
CP# = 9       
Type = (3,-1)
Coords =  4.16040305048002E+00  2.78679190854606E-01  1.15374645615768E-03
DistFromNuc =  7.3010118759E-01
Rho =  6.5164159741E-01
DelSqRho = -8.1186887386E-01
GradDelSqRho = -6.6863181658E-14 -5.4001941807E-15 -1.9433239740E-15
HessDelSqRho_EigVals = -1.9106299291E+01 -8.0032837259E+00  1.2699521995E+02
HessDelSqRho_EigVec1 = -4.7200374148E-02  7.0819570753E-01  7.0443662917E-01
HessDelSqRho_EigVec2 =  4.3002455390E-02 -7.0312817237E-01  7.0976162340E-01
HessDelSqRho_EigVec3 =  9.9795937468E-01  6.3793518901E-02  2.7337584897E-03
</CP of DelSqRho>
<CP of DelSqRho>
CP# = 10      
Type = (3,+1)
Coords =  2.75779517019278E+00  1.90087994501142E-01 -3.88149614457062E-03
DistFromNuc =  6.7531132076E-01
Rho =  8.3137111142E-01
DelSqRho = -3.2718585716E+00
GradDelSqRho = -1.0866307854E-14  1.5664552988E-15 -2.7321894747E-16
HessDelSqRho_EigVals = -5.7946417382E+00  1.9240270252E+01  2.2504356131E+02
HessDelSqRho_EigVec1 = -4.1189369448E-02  7.1570044307E-01 -6.9719173233E-01
HessDelSqRho_EigVec2 = -4.6542493617E-02  6.9565206511E-01  7.1686958409E-01
HessDelSqRho_EigVec3 =  9.9806674733E-01  6.1976447897E-02  4.6570133867E-03
</CP of DelSqRho>
<CP of DelSqRho>
CP# = 11      
Type = (3,-1)
Coords =  3.13475390146987E+00  6.77233770519385E-01  4.81388497268769E-01
DistFromNuc =  7.2037100689E-01
Rho =  6.6091225788E-01
DelSqRho = -8.6681266807E-01
GradDelSqRho =  2.6693924848E-14 -1.3079815009E-14 -2.0594637107E-14
HessDelSqRho_EigVals = -1.6134825279E+01 -1.2601286955E+01  1.3729254267E+02
HessDelSqRho_EigVec1 =  8.9578594985E-01  3.6924926240E-01  2.4743183764E-01
HessDelSqRho_EigVec2 =  9.2895295065E-02 -6.9990251311E-01  7.0817154440E-01
HessDelSqRho_EigVec3 = -4.3466998541E-01  6.1138486599E-01  6.6126435669E-01
</CP of DelSqRho>
<CP of DelSqRho>
CP# = 12      
Type = (3,-1)
Coords =  3.19654820663462E+00 -2.47030825925550E-01 -4.84611957744654E-01
DistFromNuc =  7.2036583664E-01
Rho =  6.6096062481E-01
DelSqRho = -8.6733527687E-01
GradDelSqRho =  2.2690183066E-15  7.4870665223E-15  2.1371793224E-15
HessDelSqRho_EigVals = -1.6140300067E+01 -1.2592659298E+01  1.3730402270E+02
HessDelSqRho_EigVec1 =  9.3687198913E-01 -2.5328802364E-01 -2.4107271323E-01
HessDelSqRho_EigVec2 = -8.5679157120E-03 -7.0584551229E-01  7.0831398660E-01
HessDelSqRho_EigVec3 =  3.4956754255E-01  6.6153404286E-01  6.6345703955E-01
</CP of DelSqRho>
<CP of DelSqRho>
CP# = 13      
Type = (3,+3)
Coords =  3.30090093824163E+00 -2.19968739862890E-01  4.22249173036529E-01
DistFromNuc =  6.3303116959E-01
Rho =  9.7976550125E-01
DelSqRho = -4.5235528827E+00
GradDelSqRho = -2.4785729025E-14 -3.2307490017E-14  3.5360603334E-14
HessDelSqRho_EigVals =  1.3206737808E+01  2.4323802154E+01  3.5329465975E+02
HessDelSqRho_EigVec1 =  9.8162952091E-01 -1.2366677633E-01  1.4529284951E-01
HessDelSqRho_EigVec2 = -2.1345005832E-02  6.8554534403E-01  7.2771695872E-01
HessDelSqRho_EigVec3 =  1.8959924687E-01  7.1744972626E-01 -6.7031187956E-01
</CP of DelSqRho>
<CP of DelSqRho>
CP# = 14      
Type = (3,+1)
Coords =  3.75601672575461E+00  1.85167120808640E-01 -6.15990259567960E-01
DistFromNuc =  6.9683915829E-01
Rho =  7.7557468581E-01
DelSqRho = -2.5667705332E+00
GradDelSqRho =  5.5511151231E-15 -2.9143354396E-15 -1.4134526882E-14
HessDelSqRho_EigVals = -1.2560620163E+01  1.5591977502E+01  1.7808410303E+02
HessDelSqRho_EigVec1 = -4.6884663152E-01  8.6410228762E-01 -1.8305756648E-01
HessDelSqRho_EigVec2 =  7.7911870461E-01  5.0221513487E-01  3.7517196381E-01
HessDelSqRho_EigVec3 = -4.1612123262E-01 -3.3274537404E-02  9.0870012926E-01
</CP of DelSqRho>
<CP of DelSqRho>
CP# = 15      
Type = (3,+3)
Coords =  3.82007225468074E+00  6.79402305272748E-01  4.24531381201129E-01
DistFromNuc =  7.2923979784E-01
Rho =  7.4217000265E-01
DelSqRho = -2.9526903901E+00
GradDelSqRho =  3.6290415117E-15  6.3837823916E-16 -8.8123952580E-15
HessDelSqRho_EigVals =  9.5877568987E+00  2.3580082849E+01  1.3358027221E+02
HessDelSqRho_EigVec1 =  5.8230658177E-02 -7.0668719230E-01  7.0512580629E-01
HessDelSqRho_EigVec2 = -8.5045913007E-01  3.3478364630E-01  4.0575753628E-01
HessDelSqRho_EigVec3 =  5.2280824260E-01  6.2330820820E-01  5.8151390272E-01
</CP of DelSqRho>
<CP of DelSqRho>
CP# = 16      
Type = (3,+3)
Coords =  3.24969288798108E+00  6.64709433030507E-01 -4.25214248186602E-01
DistFromNuc =  6.3259695345E-01
Rho =  9.8164230569E-01
DelSqRho = -4.5456524310E+00
GradDelSqRho = -1.1676770661E-13  4.1477932200E-13 -3.9726555379E-13
HessDelSqRho_EigVals =  1.3453889697E+01  2.4465391967E+01  3.5575445810E+02
HessDelSqRho_EigVec1 =  9.5979104542E-01  2.4523400040E-01 -1.3660685993E-01
HessDelSqRho_EigVec2 = -7.0755668622E-02  6.8226825676E-01  7.2767002218E-01
HessDelSqRho_EigVec3 = -2.7165195470E-01  6.8874546159E-01 -6.7218665908E-01
</CP of DelSqRho>
<CP of DelSqRho>
CP# = 17      
Type = (3,+3)
Coords =  3.87625599976619E+00 -1.64549236070938E-01 -4.21405546609426E-01
DistFromNuc =  7.2920966499E-01
Rho =  7.4224348778E-01
DelSqRho = -2.9534174189E+00
GradDelSqRho =  1.7243151351E-14 -1.4842294060E-14 -1.6917023338E-14
HessDelSqRho_EigVals =  9.5926933754E+00  2.3583902646E+01  1.3361438106E+02
HessDelSqRho_EigVec1 = -2.3978869803E-02  7.0553743775E-01 -7.0826685489E-01
HessDelSqRho_EigVec2 = -7.9871549618E-01 -4.3959732726E-01 -4.1086219835E-01
HessDelSqRho_EigVec3 =  6.0123087909E-01 -5.5585170127E-01 -5.7406473174E-01
</CP of DelSqRho>
<CP of DelSqRho>
CP# = 18      
Type = (3,+1)
Coords =  3.74285360413324E+00  3.16936728724949E-01  6.16714804946236E-01
DistFromNuc =  6.9676459209E-01
Rho =  7.7579106662E-01
DelSqRho = -2.5680497535E+00
GradDelSqRho = -1.5424606037E-12 -2.4844015734E-13 -3.3963491741E-12
HessDelSqRho_EigVals = -1.2499289369E+01  1.5577115217E+01  1.7810156746E+02
HessDelSqRho_EigVec1 =  3.5898817115E-01  9.1642396196E-01 -1.7690284033E-01
HessDelSqRho_EigVec2 =  8.3840463122E-01 -3.9991356407E-01 -3.7033338444E-01
HessDelSqRho_EigVec3 =  4.1012823279E-01  1.5370856210E-02  9.1189833285E-01
</CP of DelSqRho>
<CP of DelSqRho>
CP# = 19      
Type = (3,+1)
Coords =  3.79003628472898E+00 -3.57151207415828E-01 -9.30941236832154E-02
DistFromNuc =  6.9584107764E-01
Rho =  7.8030203607E-01
DelSqRho = -2.6387254814E+00
GradDelSqRho =  1.1146465695E-14  6.6613381478E-15 -8.6597395921E-15
HessDelSqRho_EigVals = -1.1647180396E+01  1.6328299574E+01  1.7974163919E+02
HessDelSqRho_EigVec1 = -4.0146495676E-01 -2.4416008158E-01  8.8272971121E-01
HessDelSqRho_EigVec2 =  7.8482421291E-01  4.0509648077E-01  4.6898592313E-01
HessDelSqRho_EigVec3 = -4.7209834073E-01  8.8106906417E-01  2.8990702715E-02
</CP of DelSqRho>
<CP of DelSqRho>
CP# = 20      
Type = (3,+1)
Coords =  3.71312492740721E+00  8.61359772969987E-01  9.61506006559257E-02
DistFromNuc =  6.9598589414E-01
Rho =  7.7995196658E-01
DelSqRho = -2.6372187018E+00
GradDelSqRho =  5.7623177063E-15  1.2607970223E-14 -4.3298697960E-15
HessDelSqRho_EigVals = -1.1694483762E+01  1.6347478717E+01  1.7962227973E+02
HessDelSqRho_EigVec1 =  4.2168776257E-01 -1.9597204174E-01  8.8531033528E-01
HessDelSqRho_EigVec2 =  8.3295183113E-01 -3.0207789438E-01 -4.6361642846E-01
HessDelSqRho_EigVec3 =  3.5828854002E-01  9.3292223930E-01  3.5852719617E-02
</CP of DelSqRho>
<CP of DelSqRho>
CP# = 21      
Type = (3,+1)
Coords =  2.18148793657345E+00  1.46377265128479E-01  1.02469520338351E-03
DistFromNuc =  1.2532417716E+00
Rho =  2.3896288846E-01
DelSqRho =  4.1348355716E-01
GradDelSqRho = -1.9081958236E-15  5.9370910965E-16  5.3668007538E-17
HessDelSqRho_EigVals = -8.2420460712E+00  5.6461600539E-01  8.9475228123E-01
HessDelSqRho_EigVec1 =  9.9765464426E-01  6.8430437307E-02 -1.5767185433E-03
HessDelSqRho_EigVec2 =  4.0793050252E-02 -5.7591327622E-01  8.1649239147E-01
HessDelSqRho_EigVec3 = -5.4964878264E-02  8.1464174551E-01  5.7735404098E-01
</CP of DelSqRho>
<CP of DelSqRho>
CP# = 22      
Type = (3,-1)
Coords =  3.57420382075555E+00  1.38757208627097E+00 -2.62538253683745E-01
DistFromNuc =  1.1931157950E+00
Rho =  2.4616152219E-01
DelSqRho =  7.1604931413E-01
GradDelSqRho = -2.3497371583E-16 -4.4027281820E-15  1.5488641186E-15
HessDelSqRho_EigVals = -1.7621690999E+01 -9.8107108554E-01  3.0940566765E-01
HessDelSqRho_EigVec1 =  1.0574197468E-01  9.6727403830E-01 -2.3065031894E-01
HessDelSqRho_EigVec2 =  6.1650928009E-01  1.1822116463E-01  7.7842152064E-01
HessDelSqRho_EigVec3 =  7.8021467710E-01 -2.2450989081E-01 -5.8383248160E-01
</CP of DelSqRho>
<CP of DelSqRho>
CP# = 23      
Type = (3,-1)
Coords =  3.71459185803966E+00 -8.96038702624287E-01  2.64555153535790E-01
DistFromNuc =  1.1930907629E+00
Rho =  2.4619474028E-01
DelSqRho =  7.1601673101E-01
GradDelSqRho = -4.7834999850E-16 -4.7340603659E-15 -6.7933397623E-16
HessDelSqRho_EigVals = -1.7619431017E+01 -9.8546790756E-01  3.0874160757E-01
HessDelSqRho_EigVec1 = -2.2327880715E-01  9.4624634621E-01 -2.3401800479E-01
HessDelSqRho_EigVec2 = -6.3358086017E-01  4.1561707905E-02  7.7255932980E-01
HessDelSqRho_EigVec3 =  7.4075763101E-01  3.2076545438E-01  5.9024372539E-01
</CP of DelSqRho>
<CP of DelSqRho>
CP# = 24      
Type = (3,-1)
Coords =  3.61355913452251E+00 -8.13861807898275E-03  1.15323702544987E+00
DistFromNuc =  1.1929049778E+00
Rho =  2.4585176072E-01
DelSqRho =  7.1453223234E-01
GradDelSqRho =  1.2072591191E-16 -1.4571677198E-16 -1.5924761509E-15
HessDelSqRho_EigVals = -1.7333324535E+01 -1.1193533798E+00  2.9596229174E-01
HessDelSqRho_EigVec1 =  1.3570347439E-01 -2.1146263609E-01  9.6791948042E-01
HessDelSqRho_EigVec2 =  6.0516645982E-01  7.9121878941E-01  8.8013539838E-02
HessDelSqRho_EigVec3 =  7.8444765469E-01 -5.7380866221E-01 -2.3534123360E-01
</CP of DelSqRho>
<CP of DelSqRho>
CP# = 25      
Type = (3,+1)
Coords =  4.05623208899192E+00  9.18249641746690E-01  6.72674442375335E-01
DistFromNuc =  1.1464590288E+00
Rho =  4.1948236368E-01
DelSqRho = -9.9544146095E-01
GradDelSqRho = -1.2481335410E-15 -4.6533957243E-16 -9.5756735874E-16
HessDelSqRho_EigVals = -3.2607689697E+01  1.5183141185E+01  1.6348540491E+01
HessDelSqRho_EigVec1 = -5.4852916330E-01 -5.9530508603E-01 -5.8713508800E-01
HessDelSqRho_EigVec2 = -3.1547448304E-02  7.1643945811E-01 -6.9693562211E-01
HessDelSqRho_EigVec3 =  8.3553606476E-01 -3.6376689983E-01 -4.1176829294E-01
</CP of DelSqRho>
<CP of DelSqRho>
CP# = 26      
Type = (3,-3)
Coords =  3.06023402716734E+00 -5.50515087708557E-01 -7.37021446326078E-01
DistFromNuc =  1.1368799988E+00
Rho =  2.4740265937E-01
DelSqRho =  8.6235232277E-01
GradDelSqRho =  2.9511185162E-12  7.4260181337E-12  5.3532438898E-13
HessDelSqRho_EigVals = -1.7746098901E+01 -2.1112756936E+00 -5.2202852217E-01
HessDelSqRho_EigVec1 =  3.6837280601E-01  6.7512024656E-01  6.3915109987E-01
HessDelSqRho_EigVec2 = -9.2843765792E-01  2.3164697776E-01  2.9041899569E-01
HessDelSqRho_EigVec3 =  4.8010323358E-02 -7.0039441058E-01  7.1213950774E-01
</CP of DelSqRho>
<CP of DelSqRho>
CP# = 27      
Type = (3,+1)
Coords =  4.14230762022620E+00 -3.72004707418099E-01 -6.67661448034859E-01
DistFromNuc =  1.1464762319E+00
Rho =  4.1948727867E-01
DelSqRho = -9.9552681569E-01
GradDelSqRho =  5.3946517392E-13 -2.1182491525E-13 -8.8354844274E-13
HessDelSqRho_EigVals = -3.2609394667E+01  1.5184706073E+01  1.6348816385E+01
HessDelSqRho_EigVec1 =  6.2312773269E-01 -5.2331754104E-01 -5.8124915484E-01
HessDelSqRho_EigVec2 =  5.3141412572E-02 -7.1312497923E-01  6.9901985255E-01
HessDelSqRho_EigVec3 =  7.8031264185E-01  4.6646705697E-01  4.1655811808E-01
</CP of DelSqRho>
<CP of DelSqRho>
CP# = 28      
Type = (3,-3)
Coords =  2.95938776941830E+00  9.62717947077783E-01  7.30878841156208E-01
DistFromNuc =  1.1368326326E+00
Rho =  2.4738803872E-01
DelSqRho =  8.6256827727E-01
GradDelSqRho = -1.0963452368E-15 -2.0435042547E-15 -7.9970752243E-16
HessDelSqRho_EigVals = -1.7752916319E+01 -2.1065876344E+00 -5.2469518351E-01
HessDelSqRho_EigVec1 = -4.5493533439E-01  6.2404252125E-01  6.3529896364E-01
HessDelSqRho_EigVec2 = -8.8987296253E-01 -3.4585042870E-01 -2.9751233844E-01
HessDelSqRho_EigVec3 = -3.4058069146E-02  7.0068424604E-01 -7.1265814756E-01
</CP of DelSqRho>
<CP of DelSqRho>
CP# = 29      
Type = (3,-3)
Coords =  4.58148039628218E+00  3.09787363605669E-01 -1.82127946882133E-03
DistFromNuc =  1.1523097023E+00
Rho =  2.5221214845E-01
DelSqRho =  8.8645189687E-01
GradDelSqRho =  8.0456474816E-15  3.5496779127E-16 -4.8870412925E-17
HessDelSqRho_EigVals = -1.7114119211E+01 -3.9746852813E+00 -1.2410236205E-01
HessDelSqRho_EigVec1 =  9.9773109515E-01  6.7320872399E-02 -7.4960576764E-04
HessDelSqRho_EigVec2 = -4.6520515420E-02  6.9742181339E-01  7.1514939408E-01
HessDelSqRho_EigVec3 = -4.8667272519E-02  7.1349191611E-01 -6.9897123134E-01
</CP of DelSqRho>
<CP of DelSqRho>
CP# = 30      
Type = (3,-1)
Coords =  3.59294128203510E+00  4.92864479609713E-01 -1.15379089603046E+00
DistFromNuc =  1.1928490454E+00
Rho =  2.4582678542E-01
DelSqRho =  7.1512504360E-01
GradDelSqRho =  3.7613860052E-13  1.2668512073E-13  6.8446463775E-13
HessDelSqRho_EigVals = -1.7349458594E+01 -1.1153849733E+00  2.9519006616E-01
HessDelSqRho_EigVec1 = -1.1744000449E-01 -2.2622368909E-01  9.6696984846E-01
HessDelSqRho_EigVec2 = -6.9814705627E-01  7.1128729249E-01  8.1615411287E-02
HessDelSqRho_EigVec3 =  7.0625670486E-01  6.6550223894E-01  2.4147098543E-01
</CP of DelSqRho>
<CP of DelSqRho>
CP# = 31      
Type = (3,+1)
Coords =  4.71167306022046E+00 -1.25959470383113E+00 -3.72010123516307E-01
DistFromNuc =  2.0003270927E+00
Rho =  7.4590750339E-02
DelSqRho =  1.7989931197E-01
GradDelSqRho = -3.4238191167E-12  8.2986573342E-12  1.2747066586E-12
HessDelSqRho_EigVals = -1.6347098392E+00  4.4007073057E-02  5.9149377786E-01
HessDelSqRho_EigVec1 = -5.3302276991E-01  8.0815893212E-01 -2.5053117010E-01
HessDelSqRho_EigVec2 =  7.6510572966E-01  5.8680542049E-01  2.6508983557E-01
HessDelSqRho_EigVec3 = -3.6124776704E-01  5.0383915266E-02  9.3110768007E-01
</CP of DelSqRho>
<CP of DelSqRho>
CP# = 32      
Type = (3,+1)
Coords =  4.50956980134786E+00  1.87216777544429E+00  3.84169977534912E-01
DistFromNuc =  1.9998425431E+00
Rho =  7.4618944661E-02
DelSqRho =  1.8011070766E-01
GradDelSqRho = -6.3433687556E-14 -9.9027231727E-14  3.2782614514E-15
HessDelSqRho_EigVals = -1.6379272237E+00  4.3878149637E-02  5.9134938882E-01
HessDelSqRho_EigVec1 =  4.2691174217E-01  8.7052748958E-01 -2.4480248015E-01
HessDelSqRho_EigVec2 =  8.3479705681E-01 -4.8346057886E-01 -2.6340034667E-01
HessDelSqRho_EigVec3 =  3.4764959129E-01  9.1911689046E-02  9.3310878417E-01
</CP of DelSqRho>
<CP of DelSqRho>
CP# = 33      
Type = (3,+1)
Coords =  4.60656559122371E+00 -2.47007107354451E-02 -1.59389063660640E+00
DistFromNuc =  1.9958712270E+00
Rho =  7.4809234832E-02
DelSqRho =  1.8240436274E-01
GradDelSqRho = -1.8062808194E-16 -2.5711854520E-16  5.2193492583E-16
HessDelSqRho_EigVals = -1.6687819087E+00  3.9290577455E-02  5.9074046736E-01
HessDelSqRho_EigVec1 = -4.3525603920E-01 -3.0615980168E-01  8.4665126007E-01
HessDelSqRho_EigVec2 =  7.8627399141E-01  3.2881411777E-01  5.2311995411E-01
HessDelSqRho_EigVec3 = -4.3854918854E-01  8.9339098484E-01  9.7607158747E-02
</CP of DelSqRho>
<CP of DelSqRho>
CP# = 34      
Type = (3,+1)
Coords =  4.55257714227491E+00  6.29012479038406E-01  1.60260765527421E+00
DistFromNuc =  1.9962700739E+00
Rho =  7.4781228199E-02
DelSqRho =  1.8218507536E-01
GradDelSqRho = -3.4596891324E-16 -7.4126902533E-16 -1.5921508903E-15
HessDelSqRho_EigVals = -1.6644960937E+00  3.9517178924E-02  5.9106808178E-01
HessDelSqRho_EigVec1 =  4.6331984280E-01 -2.5069320653E-01  8.4999272907E-01
HessDelSqRho_EigVec2 =  8.2518896217E-01 -2.2766299783E-01 -5.1694558334E-01
HessDelSqRho_EigVec3 =  3.2310663872E-01  9.4091576436E-01  1.0138848256E-01
</CP of DelSqRho>
<Path of -GradDelSqRho>
Starting CP# =      4
Ending CP# =      1
Number of Points =      7
  3.4781138817E+00  1.1587338773E-01  1.1148233151E-01  2.2587960889E+01  1.2297177002E+03
  3.4713086270E+00  1.3317318441E-01  9.4766912563E-02  3.2823631151E+01  9.7706842799E+02
  3.4644581700E+00  1.5046216131E-01  7.8058757930E-02  4.8080227182E+01 -8.0839830380E+02
  3.4575878213E+00  1.6774635702E-01  6.1353822286E-02  7.0747543170E+01 -6.4163595663E+03
  3.4507029384E+00  1.8502705233E-01  4.4651250433E-02  1.0440103525E+02 -2.0730657287E+04
  3.4437940668E+00  2.0230196161E-01  2.7952598446E-02  1.5489543510E+02 -7.5642136346E+04
  3.4317846331E+00  2.3222510822E-01 -9.7503827340E-04  2.9717870528E+02 -3.3280501790E+06
</Path of -GradDelSqRho>
<Path of -GradDelSqRho>
Starting CP# =      4
Ending CP# =     13
Number of Points =     30
  3.4781138817E+00  1.1587338773E-01  1.1148233151E-01  2.2587960889E+01  1.2297177002E+03
  3.4848656337E+00  9.8560853835E-02  1.2820626131E-01  1.5673378545E+01  1.1477092001E+03
  3.4915932182E+00  8.1242579178E-02  1.4493399172E-01  1.0986528615E+01  9.7802155825E+02
  3.4983148255E+00  6.3922872438E-02  1.6166264224E-01  7.8193184817E+00  7.7007294854E+02
  3.5050224400E+00  4.6599842706E-02  1.7839346737E-01  5.6871625555E+00  5.6951529438E+02
  3.5117021342E+00  2.9270215853E-02  1.9512862814E-01  4.2526811988E+00  4.0526122105E+02
  3.5183387143E+00  1.1930454375E-02  2.1187043941E-01  3.2849308926E+00  2.8255636310E+02
  3.5249168593E+00 -5.4229504836E-03  2.2862116951E-01  2.6288293197E+00  1.9430648472E+02
  3.5314222361E+00 -2.2793199968E-02  2.4538285019E-01  2.1808907081E+00  1.3133707115E+02
  3.5378407045E+00 -4.0183357551E-02  2.6215738100E-01  1.8717371830E+00  8.6457971477E+01
  3.5441547394E+00 -5.7597134032E-02  2.7894702559E-01  1.6545568777E+00  5.4768233242E+01
  3.5503381864E+00 -7.5039971161E-02  2.9575507352E-01  1.4977559999E+00  3.2870758077E+01
  3.5563497803E+00 -9.2520236641E-02  3.1258651862E-01  1.3801964304E+00  1.8211402427E+01
  3.5621235806E+00 -1.1005074326E-01  3.2944883049E-01  1.2879612166E+00  8.7638127220E+00
  3.5675517529E+00 -1.2765104453E-01  3.4635294040E-01  1.2120723886E+00  2.9266610200E+00
  3.5724492172E+00 -1.4535105179E-01  3.6331426367E-01  1.1468710311E+00 -5.1450343578E-01
  3.5764700949E+00 -1.6319600986E-01  3.8035182996E-01  1.0889106161E+00 -2.4317390345E+00
  3.5788637245E+00 -1.8124512442E-01  3.9747101761E-01  1.0363345350E+00 -3.4178126192E+00
  3.5774945295E+00 -1.9943844648E-01  4.1447537152E-01  9.8930236396E-01 -3.8588251621E+00
  3.5650737935E+00 -2.1508730297E-01  4.2837855283E-01  9.5784728061E-01 -4.0197834272E+00
  3.5415286057E+00 -2.2145263060E-01  4.3291174634E-01  9.5572322736E-01 -4.1102080091E+00
  3.5167253174E+00 -2.2428154792E-01  4.3414547460E-01  9.6096109543E-01 -4.1908038746E+00
  3.4918052357E+00 -2.2620347453E-01  4.3463010524E-01  9.6619164848E-01 -4.2632357981E+00
  3.4668390653E+00 -2.2748365946E-01  4.3462410070E-01  9.7067458360E-01 -4.3271347718E+00
  3.4418531924E+00 -2.2813630875E-01  4.3414576661E-01  9.7434345399E-01 -4.3821996526E+00
  3.4168723339E+00 -2.2815816631E-01  4.3319481103E-01  9.7718846969E-01 -4.4282304302E+00
  3.3919215988E+00 -2.2754687227E-01  4.3176839775E-01  9.7920985048E-01 -4.4651314310E+00
  3.3670266010E+00 -2.2630314288E-01  4.2986073526E-01  9.8041532711E-01 -4.4929114177E+00
  3.3422135179E+00 -2.2443338746E-01  4.2746045667E-01  9.8081982947E-01 -4.5116814352E+00
  3.3009009382E+00 -2.1996873986E-01  4.2224917304E-01  9.7976550125E-01 -4.5235528827E+00
</Path of -GradDelSqRho>
<Path of -GradDelSqRho>
Starting CP# =      5
Ending CP# =     16
Number of Points =     30
  3.4638240901E+00  3.5353462869E-01 -1.1314156740E-01  2.2592469677E+01  1.2301816190E+03
  3.4684505507E+00  3.7156920175E-01 -1.2982538737E-01  1.5676220771E+01  1.1481047851E+03
  3.4730521457E+00  3.8960643531E-01 -1.4651321295E-01  1.0988389893E+01  9.7834028427E+02
  3.4776475845E+00  4.0764434015E-01 -1.6320200937E-01  7.8206233763E+00  7.7032177705E+02
  3.4822286583E+00  4.2568378165E-01 -1.7989309305E-01  5.6881812135E+00  5.6969204985E+02
  3.4867810748E+00  4.4372625528E-01 -1.9658873725E-01  4.2535812052E+00  4.0537240109E+02
  3.4912892423E+00  4.6177335877E-01 -2.1329137914E-01  3.2858095769E+00  2.8261573080E+02
  3.4957374431E+00  4.7982664525E-01 -2.3000340967E-01  2.6297375324E+00  1.9432838714E+02
  3.5001109782E+00  4.9788748698E-01 -2.4672697425E-01  2.1818498859E+00  1.3133319713E+02
  3.5043953529E+00  5.1595714386E-01 -2.6346408349E-01  1.8727508556E+00  8.6437100911E+01
  3.5085726074E+00  5.3403709195E-01 -2.8021713756E-01  1.6556182100E+00  5.4736920940E+01
  3.5126159456E+00  5.5212943805E-01 -2.9698962885E-01  1.4988527746E+00  3.2833917750E+01
  3.5164831048E+00  5.7023728817E-01 -3.1378686919E-01  1.3813143865E+00  1.8172628030E+01
  3.5201065906E+00  5.8836504679E-01 -3.3061683097E-01  1.2890862854E+00  8.7255735739E+00
  3.5233761230E+00  6.0651851409E-01 -3.4749125364E-01  1.2131921938E+00  2.8904886610E+00
  3.5261026677E+00  6.2470397922E-01 -3.6442689848E-01  1.1479760655E+00 -5.4780712893E-01
  3.5279336498E+00  6.4292244930E-01 -3.8144516159E-01  1.0899959648E+00 -2.4618974034E+00
  3.5281064464E+00  6.6113651013E-01 -3.9855578970E-01  1.0374057222E+00 -3.4449176617E+00
  3.5244697452E+00  6.7900500196E-01 -4.1556762158E-01  9.9041360917E-01 -3.8833371327E+00
  3.5100484444E+00  6.9283410257E-01 -4.2944726902E-01  9.5934574224E-01 -4.0432281724E+00
  3.4858759173E+00  6.9607188726E-01 -4.3404216295E-01  9.5749721867E-01 -4.1340820768E+00
  3.4609216356E+00  6.9572608853E-01 -4.3542121861E-01  9.6278677030E-01 -4.2150900467E+00
  3.4359623368E+00  6.9447517477E-01 -4.3606010351E-01  9.6803898300E-01 -4.2878019963E+00
  3.4110355433E+00  6.9258271754E-01 -4.3620910517E-01  9.7253428737E-01 -4.3518423076E+00
  3.3861657501E+00  6.9006527199E-01 -4.3588588152E-01  9.7620787311E-01 -4.4069064073E+00
  3.3613779000E+00  6.8692243188E-01 -4.3509017992E-01  9.7905005324E-01 -4.4527928989E+00
  3.3366972068E+00  6.8315469492E-01 -4.3381932854E-01  9.8106111742E-01 -4.4894067765E+00
  3.3121489902E+00  6.7876560580E-01 -4.3206778408E-01  9.8224892967E-01 -4.5167595165E+00
  3.2877583756E+00  6.7376444172E-01 -4.2982441898E-01  9.8262861930E-01 -4.5349668670E+00
  3.2496928880E+00  6.6470943303E-01 -4.2521424819E-01  9.8164230569E-01 -4.5456524310E+00
</Path of -GradDelSqRho>
<Path of -GradDelSqRho>
Starting CP# =      5
Ending CP# =      1
Number of Points =      7
  3.4638240901E+00  3.5353462869E-01 -1.1314156740E-01  2.2592469677E+01  1.2301816190E+03
  3.4591426906E+00  3.3550596118E-01 -9.6466696204E-02  3.2830948163E+01  9.7721510742E+02
  3.4544149107E+00  3.1748233703E-01 -7.9799453372E-02  4.8092129472E+01 -8.1007217145E+02
  3.4496667240E+00  2.9946095148E-01 -6.3135589067E-02  7.0766515846E+01 -6.4216352317E+03
  3.4449036030E+00  2.8144121108E-01 -4.6474209082E-02  1.0443135520E+02 -2.0750353081E+04
  3.4401158511E+00  2.6342419246E-01 -2.9816944986E-02  1.5494265171E+02 -7.5708412673E+04
  3.4317846331E+00  2.3222510822E-01 -9.7503827340E-04  2.9717870528E+02 -3.3280501790E+06
</Path of -GradDelSqRho>
<Path of -GradDelSqRho>
Starting CP# =     10
Ending CP# =     16
Number of Points =     36
  2.7577951702E+00  1.9008799450E-01 -3.8814961446E-03  8.3137111142E-01 -3.2718585716E+00
  2.7580866622E+00  1.9600395828E-01 -9.6034527792E-03  8.3226301405E-01 -3.2720172377E+00
  2.7576293492E+00  2.0597383036E-01 -1.9307666759E-02  8.3206700156E-01 -3.2732683518E+00
  2.7577234150E+00  2.2353215636E-01 -3.6338360357E-02  8.3220473455E-01 -3.2781603288E+00
  2.7592070461E+00  2.4149065814E-01 -5.3664554896E-02  8.3328928496E-01 -3.2867370068E+00
  2.7617484864E+00  2.5942391443E-01 -7.0893765798E-02  8.3481491294E-01 -3.2989434965E+00
  2.7653408732E+00  2.7730024748E-01 -8.7994591360E-02  8.3677662293E-01 -3.3147757528E+00
  2.7699748910E+00  2.9508833167E-01 -1.0493617500E-01  8.3916778842E-01 -3.3342231589E+00
  2.7756388582E+00  3.1275731485E-01 -1.2168832350E-01  8.4198006917E-01 -3.3572659860E+00
  2.7823188243E+00  3.3027693273E-01 -1.3822161585E-01  8.4520330894E-01 -3.3838724854E+00
  2.7899986766E+00  3.4761761623E-01 -1.5450750262E-01  8.4882541412E-01 -3.4139957062E+00
  2.7986602505E+00  3.6475059219E-01 -1.7051839657E-01  8.5283221472E-01 -3.4475701279E+00
  2.8082834432E+00  3.8164797798E-01 -1.8622775537E-01  8.5720731023E-01 -3.4845082022E+00
  2.8188463291E+00  3.9828287077E-01 -2.0161015714E-01  8.6193190400E-01 -3.5246968859E+00
  2.8303252765E+00  4.1462943172E-01 -2.1664136944E-01  8.6698463151E-01 -3.5679942454E+00
  2.8426950682E+00  4.3066296527E-01 -2.3129841186E-01  8.7234138876E-01 -3.6142262081E+00
  2.8559290247E+00  4.4635999305E-01 -2.4555961172E-01  8.7797516866E-01 -3.6631835307E+00
  2.8699991348E+00  4.6169832143E-01 -2.5940465168E-01  8.8385591423E-01 -3.7146190573E+00
  2.8848761920E+00  4.7665710117E-01 -2.7281460788E-01  8.8995039826E-01 -3.7682453410E+00
  2.9005299400E+00  4.9121687761E-01 -2.8577197631E-01  8.9622213988E-01 -3.8237327126E+00
  2.9169292251E+00  5.0535962921E-01 -2.9826068529E-01  9.0263136831E-01 -3.8807078847E+00
  2.9340421568E+00  5.1906879291E-01 -3.1026609186E-01  9.0913504397E-01 -3.9387531937E+00
  2.9518362725E+00  5.3232927499E-01 -3.2177495996E-01  9.1568694626E-01 -3.9974065865E+00
  2.9702787045E+00  5.4512744705E-01 -3.3277541906E-01  9.2223783553E-01 -4.0561624674E+00
  2.9893363445E+00  5.5745112766E-01 -3.4325690227E-01  9.2873569512E-01 -4.1144735168E+00
  3.0089760023E+00  5.6928955199E-01 -3.5321006344E-01  9.3512605628E-01 -4.1717535889E+00
  3.0291645527E+00  5.8063333313E-01 -3.6262667331E-01  9.4135240607E-01 -4.2273817752E+00
  3.0498690672E+00  5.9147442109E-01 -3.7149949403E-01  9.4735667498E-01 -4.2807076978E+00
  3.0710569268E+00  6.0180606812E-01 -3.7982213041E-01  9.5307979769E-01 -4.3310580565E+00
  3.0926959108E+00  6.1162281318E-01 -3.8758885227E-01  9.5846233764E-01 -4.3777444142E+00
  3.1147542620E+00  6.2092050519E-01 -3.9479437527E-01  9.6344516320E-01 -4.4200721520E+00
  3.1372007227E+00  6.2969639947E-01 -4.0143357132E-01  9.6797016200E-01 -4.4573504715E+00
  3.1600045372E+00  6.3794939444E-01 -4.0750104311E-01  9.7198097844E-01 -4.4889032700E+00
  3.1831354085E+00  6.4568056467E-01 -4.1299040083E-01  9.7542375988E-01 -4.5140806605E+00
  3.2065633644E+00  6.5289443616E-01 -4.1789276769E-01  9.7824789849E-01 -4.5322708666E+00
  3.2496928880E+00  6.6470943303E-01 -4.2521424819E-01  9.8164230569E-01 -4.5456524310E+00
</Path of -GradDelSqRho>
<Path of -GradDelSqRho>
Starting CP# =     10
Ending CP# =     13
Number of Points =     36
  2.7577951702E+00  1.9008799450E-01 -3.8814961446E-03  8.3137111142E-01 -3.2718585716E+00
  2.7587629986E+00  1.8425168626E-01  1.8449726557E-03  8.3224214779E-01 -3.2720170748E+00
  2.7594523058E+00  1.7430887607E-01  1.1538313757E-02  8.3201249411E-01 -3.2732644046E+00
  2.7615563974E+00  1.5689388967E-01  2.8573919572E-02  8.3208549349E-01 -3.2781400244E+00
  2.7650881890E+00  1.3924789239E-01  4.5924745421E-02  8.3310549458E-01 -3.2866794590E+00
  2.7696676020E+00  1.2175833742E-01  6.3188890472E-02  8.3456584650E-01 -3.2988158975E+00
  2.7752842634E+00  1.0445583655E-01  8.0334831157E-02  8.3646132360E-01 -3.3145349189E+00
  2.7819253908E+00  8.7370346837E-02  9.7331557863E-02  8.3878509225E-01 -3.3338164478E+00
  2.7895758916E+00  7.0531059844E-02  1.1414869638E-01  8.4152863515E-01 -3.3566323977E+00
  2.7982184738E+00  5.3966299450E-02  1.3075661987E-01  8.4468165648E-01 -3.3829439151E+00
  2.8078337651E+00  3.7703428080E-02  1.4712655121E-01  8.4823196822E-01 -3.4126983179E+00
  2.8184004370E+00  2.1768760651E-02  1.6323065603E-01  8.5216535882E-01 -3.4458258185E+00
  2.8298953311E+00  6.1874853811E-03  1.7904212737E-01  8.5646544634E-01 -3.4822361261E+00
  2.8422935877E+00 -9.0164093410E-03  1.9453526251E-01  8.6111351958E-01 -3.5218150174E+00
  2.8555687736E+00 -2.3820202583E-02  2.0968553290E-01  8.6608837195E-01 -3.5644209566E+00
  2.8696930132E+00 -3.8202503096E-02  2.2446964722E-01  8.7136613420E-01 -3.6098818467E+00
  2.8846371214E+00 -5.2143305719E-02  2.3886560750E-01  8.7692011344E-01 -3.6579919834E+00
  2.9003707406E+00 -6.5624040965E-02  2.5285275719E-01  8.8272064707E-01 -3.7085092877E+00
  2.9168624837E+00 -7.8627616349E-02  2.6641182003E-01  8.8873498115E-01 -3.7611528909E+00
  2.9340800826E+00 -9.1138447702E-02  2.7952492757E-01  8.9492718325E-01 -3.8156011553E+00
  2.9519905431E+00 -1.0314247864E-01  2.9217563338E-01  9.0125810032E-01 -3.8714902172E+00
  2.9705603046E+00 -1.1462718663E-01  3.0434891164E-01  9.0768537158E-01 -3.9284131498E+00
  2.9897554035E+00 -1.2558157462E-01  3.1603113820E-01  9.1416350576E-01 -3.9859198518E+00
  3.0095416361E+00 -1.3599614801E-01  3.2721005246E-01  9.2064403072E-01 -4.0435177705E+00
  3.0298847194E+00 -1.4586287814E-01  3.3787469906E-01  9.2707572126E-01 -4.1006735692E+00
  3.0507504436E+00 -1.5517515453E-01  3.4801534867E-01  9.3340490853E-01 -4.1568158430E+00
  3.0721048139E+00 -1.6392773027E-01  3.5762339784E-01  9.3957587163E-01 -4.2113389691E+00
  3.0939141774E+00 -1.7211666650E-01  3.6669124691E-01  9.4553130842E-01 -4.2636081556E+00
  3.1161453326E+00 -1.7973928514E-01  3.7521215438E-01  9.5121287986E-01 -4.3129657167E+00
  3.1387656191E+00 -1.8679414232E-01  3.8318006209E-01  9.5656181869E-01 -4.3587385639E+00
  3.1617429883E+00 -1.9328104237E-01  3.9058937880E-01  9.6151959116E-01 -4.4002468490E+00
  3.1850460560E+00 -1.9920112581E-01  3.9743469396E-01  9.6602859831E-01 -4.4368136491E+00
  3.2086441399E+00 -2.0455709736E-01  4.0371035797E-01  9.7003290255E-01 -4.4677755259E+00
  3.2325072906E+00 -2.0935374612E-01  4.0940977133E-01  9.7347896508E-01 -4.4924937423E+00
  3.2566063312E+00 -2.1359919152E-01  4.1452392479E-01  9.7631638116E-01 -4.5103658777E+00
  3.3009009382E+00 -2.1996873986E-01  4.2224917304E-01  9.7976550125E-01 -4.5235528827E+00
</Path of -GradDelSqRho>
<Path of -GradDelSqRho>
Starting CP# =     14
Ending CP# =     16
Number of Points =     31
  3.7560167258E+00  1.8516712081E-01 -6.1599025957E-01  7.7557468581E-01 -2.5667705332E+00
  3.7449400377E+00  2.0522619905E-01 -6.1988973990E-01  7.8038669835E-01 -2.5702358576E+00
  3.7326363375E+00  2.2672087768E-01 -6.2328483021E-01  7.8602238281E-01 -2.5819897652E+00
  3.7199432663E+00  2.4810408460E-01 -6.2584868300E-01  7.9214019801E-01 -2.6024192162E+00
  3.7068766276E+00  2.6934551482E-01 -6.2757887023E-01  7.9873956837E-01 -2.6317469518E+00
  3.6934523190E+00  2.9041480865E-01 -6.2847429270E-01  8.0581351347E-01 -2.6700500557E+00
  3.6796863961E+00  3.1128164143E-01 -6.2853550546E-01  8.1334815605E-01 -2.7172615184E+00
  3.6655950844E+00  3.3191585092E-01 -6.2776502639E-01  8.2132228461E-01 -2.7731736758E+00
  3.6511947346E+00  3.5228759283E-01 -6.2616761254E-01  8.2970698336E-01 -2.8374430838E+00
  3.6365017213E+00  3.7236751057E-01 -6.2375048923E-01  8.3846534891E-01 -2.9095964362E+00
  3.6215322834E+00  3.9212690197E-01 -6.2052351832E-01  8.4755231836E-01 -2.9890372252E+00
  3.6063023078E+00  4.1153786196E-01 -6.1649929495E-01  8.5691463856E-01 -3.0750529654E+00
  3.5908270604E+00  4.3057337801E-01 -6.1169316680E-01  8.6649100855E-01 -3.1668229347E+00
  3.5751208684E+00  4.4920735346E-01 -6.0612317697E-01  8.7621242714E-01 -3.2634265279E+00
  3.5591967582E+00  4.6741453396E-01 -5.9980993974E-01  8.8600277288E-01 -3.3638524280E+00
  3.5430660514E+00  4.8517031263E-01 -5.9277646908E-01  8.9577963489E-01 -3.4670088898E+00
  3.5267379168E+00  5.0245039101E-01 -5.8504799092E-01  9.0545539892E-01 -3.5717354594E+00
  3.5102188677E+00  5.1923027189E-01 -5.7665178269E-01  9.1493857556E-01 -3.6768164393E+00
  3.4935121808E+00  5.3548455542E-01 -5.6761709674E-01  9.2413533788E-01 -3.7809963385E+00
  3.4766171938E+00  5.5118599644E-01 -5.5797524058E-01  9.3295121758E-01 -3.8829974439E+00
  3.4595284108E+00  5.6630425169E-01 -5.4775990826E-01  9.4129289482E-01 -3.9815395231E+00
  3.4422343033E+00  5.8080418993E-01 -5.3700789446E-01  9.4907001108E-01 -4.0753615599E+00
  3.4247156298E+00  5.9464353488E-01 -5.2576039001E-01  9.5619693781E-01 -4.1632453505E+00
  3.4069429956E+00  6.0776942043E-01 -5.1406519313E-01  9.6259444757E-01 -4.2440408085E+00
  3.3888731990E+00  6.2011307238E-01 -5.0198044816E-01  9.6819125642E-01 -4.3166929924E+00
  3.3704436137E+00  6.3158109195E-01 -4.8958112451E-01  9.7292543557E-01 -4.3802712875E+00
  3.3515633447E+00  6.4204020899E-01 -4.7697082712E-01  9.7674572711E-01 -4.4340020697E+00
  3.3320991211E+00  6.5128857917E-01 -4.6430497133E-01  9.7961285164E-01 -4.4773080131E+00
  3.3118534311E+00  6.5899686326E-01 -4.5184090030E-01  9.8150100599E-01 -4.5098609680E+00
  3.2905380001E+00  6.6457418017E-01 -4.4006063178E-01  9.8240012170E-01 -4.5316625916E+00
