 AIMInt (Version 19.02.13, Professional)
 Portions Copyright (c) 1997-2019 by Todd A. Keith
 AIMInt is a component of the AIMAll package ( http://aim.tkgristmill.com )

 TP:  64-bit Linux

 Licensed To:  Research Group of Fernando Cortes Guzman, UNAM, fercor@unam.mx

 AIMInt is a heavily modified and extended version of the PROAIMV program
 developed by members of R.F.W. Bader's research group

 Much of the Quantum Theory of Atoms in Molecules (QTAIM) is described in the book:
   "Atoms in Molecules - A Quantum Theory"
   R.F.W. Bader, Oxford University Press, Oxford, 1990

 For additional references see:  http://aim.tkgristmill.com/references.html

 Current Directory:  /home/scratch/M_H2O_4_cuadrado_plano/Opt

 Inp File:  V3_cuadrado_plano_cc-pvtz-def2-tzv_1_atomicfiles/o2.inp
 Wfx File:  V3_cuadrado_plano_cc-pvtz-def2-tzv_1.wfx
 Out File:  V3_cuadrado_plano_cc-pvtz-def2-tzv_1_atomicfiles/o2.int

 Wfx Title:   V3_cuadrado_plano_cc-pvtz-def2-tzv_1                                          
 Job Title:   V3_cuadrado_plano_cc-pvtz-def2-tzv_1                                          
 
<Atom>
O2      
</Atom>
<Nuclei of Molecule>
    13
V1        23.0           5.2798968090E-04  -5.7760036768E-04  -2.4249930219E-03
O2         8.0          -3.5149995828E+00   8.3752999038E-05   5.8046521433E-04
H3         1.0          -4.6536992267E+00   5.8768667744E-04  -1.5093825003E+00
O4         8.0          -8.1587268196E-04   3.5150129130E+00   1.7260549906E-03
H5         1.0           1.4894476958E+00   4.6607795470E+00   3.0695161542E-03
O6         8.0           3.5147820289E+00   8.6125455585E-04   5.8044631707E-04
H7         1.0           4.6534721332E+00   1.2770344169E-03  -1.5094763781E+00
O8         8.0          -3.8371024343E-05  -3.5147680940E+00   1.7260549906E-03
H9         1.0           1.4903757749E+00  -4.6604593628E+00   3.4256075612E-03
H10        1.0          -4.6511094316E+00   2.8593407084E-04   1.5124311309E+00
H11        1.0           4.6510468902E+00   1.3046358757E-03   1.5123997448E+00
H12        1.0          -1.4919918354E+00   4.6595635819E+00   3.3144749522E-03
H13        1.0          -1.4911113828E+00  -4.6595728610E+00   3.0890714199E-03
</Nuclei of Molecule>
<Total Number of CPs of DelSqRho>
    42
</Total Number of CPs of DelSqRho>
<Number of (3,+3) CPs of DelSqRho>
     5
</Number of (3,+3) CPs of DelSqRho>
<Number of (3,+1) CPs of DelSqRho>
    15
</Number of (3,+1) CPs of DelSqRho>
<Number of (3,-1) CPs of DelSqRho>
    16
</Number of (3,-1) CPs of DelSqRho>
<Number of (3,-3) CPs of DelSqRho>
     6
</Number of (3,-3) CPs of DelSqRho>
<Number of Degenerate CPs of DelSqRho>
     0
</Number of Degenerate CPs of DelSqRho>
<CP of DelSqRho>
CP# = 1       
Type = (3,+3)
Coords = -3.51499987221929E+00  8.37531199140680E-05  5.80465473711702E-04
DistFromNuc =  2.8945543142E-07
Rho =  2.9725943635E+02
DelSqRho = -3.3287116948E+06
GradDelSqRho =  1.8058770365E-05  4.1974601572E-10  4.0231062925E-09
HessDelSqRho_EigVals =  1.3237442172E+11  1.3237443945E+11  1.3237444617E+11
HessDelSqRho_EigVec1 =  2.7307670314E-04  9.9999995774E-01  9.9749451768E-05
HessDelSqRho_EigVec2 =  9.9999959884E-01 -2.7299150751E-04 -8.5311365072E-04
HessDelSqRho_EigVec3 =  8.5308638392E-04 -9.9982377216E-05  9.9999963112E-01
</CP of DelSqRho>
<CP of DelSqRho>
CP# = 2       
Type = (3,-1)
Coords = -2.03003246487672E+00 -3.48488277496678E-04 -9.92798320037891E-04
DistFromNuc =  1.4849680142E+00
Rho =  1.6128138086E-01
DelSqRho =  4.0974816279E-01
GradDelSqRho =  2.2204460493E-16 -1.3145951341E-18 -3.4694469520E-18
HessDelSqRho_EigVals = -7.0348022099E-01 -2.2966200431E-01  4.3764499233E+00
HessDelSqRho_EigVec1 =  2.0468235367E-04  9.9999997281E-01  1.1173335082E-04
HessDelSqRho_EigVec2 =  8.0508776449E-04 -1.1189810421E-04  9.9999966966E-01
HessDelSqRho_EigVec3 =  9.9999965497E-01 -2.0459233090E-04 -8.0511064617E-04
</CP of DelSqRho>
<CP of DelSqRho>
CP# = 3       
Type = (3,+1)
Coords = -4.21477346022714E+00  3.99235920627934E-04 -9.33157990514753E-01
DistFromNuc =  1.1668552107E+00
Rho =  3.9839318948E-01
DelSqRho = -8.7107076210E-01
GradDelSqRho = -7.7715611724E-16 -1.9515639105E-18 -3.2335245592E-15
HessDelSqRho_EigVals = -2.8361227378E+01  1.3527897626E+01  1.4048911014E+01
HessDelSqRho_EigVec1 =  6.0242033282E-01 -2.6415725607E-04  7.9817897293E-01
HessDelSqRho_EigVec2 =  2.1302929263E-04  9.9999996283E-01  1.7016743548E-04
HessDelSqRho_EigVec3 =  7.9817898821E-01 -6.7523178877E-05 -6.0242036670E-01
</CP of DelSqRho>
<CP of DelSqRho>
CP# = 4       
Type = (3,+1)
Coords = -4.21319192279539E+00  2.11849554340881E-04  9.35488290708016E-01
DistFromNuc =  1.1668441208E+00
Rho =  3.9842879003E-01
DelSqRho = -8.7134979698E-01
GradDelSqRho = -1.7763568394E-15  2.7105054312E-19 -7.3135941747E-15
HessDelSqRho_EigVals = -2.8368412499E+01  1.3531308186E+01  1.4052997920E+01
HessDelSqRho_EigVec1 = -6.0106160287E-01  1.0509391919E-04  7.9920268925E-01
HessDelSqRho_EigVec2 =  2.0856906179E-04  9.9999997793E-01  2.5361448339E-05
HessDelSqRho_EigVec3 =  7.9920266895E-01 -1.8193274786E-04  6.0106161152E-01
</CP of DelSqRho>
<CP of DelSqRho>
CP# = 5       
Type = (3,-1)
Coords = -3.34796474323910E+00  3.95360077682267E-05  3.62819457607520E-04
DistFromNuc =  1.6703498717E-01
Rho =  2.2738858940E+01
DelSqRho =  1.2884555906E+03
GradDelSqRho = -8.2280848801E-12 -1.2545520178E-14 -9.0372154204E-14
HessDelSqRho_EigVals = -4.4852593967E+05 -2.5179295197E+03  3.9912632427E+02
HessDelSqRho_EigVec1 =  9.9999911856E-01 -2.6531759029E-04 -1.3009556181E-03
HessDelSqRho_EigVec2 =  2.6544584297E-04  9.9999995993E-01  9.8411767851E-05
HessDelSqRho_EigVec3 =  1.3009294556E-03 -9.8757014367E-05  9.9999914891E-01
</CP of DelSqRho>
<CP of DelSqRho>
CP# = 6       
Type = (3,-1)
Coords = -3.68376674143231E+00  9.65296558981750E-05  7.50418763425204E-04
DistFromNuc =  1.6876724473E-01
Rho =  2.2357540192E+01
DelSqRho =  1.2490698321E+03
GradDelSqRho =  3.2969182939E-11 -1.7208456882E-15 -4.8849813084E-15
HessDelSqRho_EigVals = -4.0682004152E+05 -1.0366426300E+03  1.5253668910E+03
HessDelSqRho_EigVec1 =  9.9999948953E-01 -7.4249842808E-05 -1.0076794285E-03
HessDelSqRho_EigVec2 =  7.4348925768E-05  9.9999999241E-01  9.8290754509E-05
HessDelSqRho_EigVec3 =  1.0076721227E-03 -9.8365624218E-05  9.9999948746E-01
</CP of DelSqRho>
<CP of DelSqRho>
CP# = 7       
Type = (3,+1)
Coords = -3.58093604487617E+00  1.55019444940722E-01  6.58395400849693E-04
DistFromNuc =  1.6838257554E-01
Rho =  2.2521546825E+01
DelSqRho =  1.2400579280E+03
GradDelSqRho = -1.9895196601E-13  7.3896444519E-13  1.1879386363E-14
HessDelSqRho_EigVals = -4.1276997421E+05  1.4644791816E+03  2.6690987857E+03
HessDelSqRho_EigVec1 = -3.8783158747E-01  9.2173013863E-01  4.5968312208E-04
HessDelSqRho_EigVec2 =  9.2172966502E-01  3.8783185516E-01 -9.3634141751E-04
HessDelSqRho_EigVec3 =  1.0413338626E-03 -6.0560791772E-05  9.9999945598E-01
</CP of DelSqRho>
<CP of DelSqRho>
CP# = 8       
Type = (3,+1)
Coords = -3.58101080829268E+00 -1.54819805750044E-01  6.27961068078957E-04
DistFromNuc =  1.6838229320E-01
Rho =  2.2521604932E+01
DelSqRho =  1.2400648886E+03
GradDelSqRho =  4.2348347051E-12  9.0949470177E-13  3.6637359813E-15
HessDelSqRho_EigVals = -4.1277659526E+05  1.4641200233E+03  2.6688377970E+03
HessDelSqRho_EigVec1 =  3.8827648490E-01  9.2154288758E-01 -2.7862764715E-04
HessDelSqRho_EigVec2 =  9.2154234070E-01 -3.8827656083E-01 -1.0132155908E-03
HessDelSqRho_EigVec3 =  1.0419062059E-03 -1.3664061391E-04  9.9999944788E-01
</CP of DelSqRho>
<CP of DelSqRho>
CP# = 9       
Type = (3,-3)
Coords = -3.39966120080544E+00  3.95178436206339E-05  1.21713742777209E-01
DistFromNuc =  1.6726091965E-01
Rho =  2.2654434264E+01
DelSqRho =  1.2901679713E+03
GradDelSqRho =  4.7748471843E-12  6.6613381478E-16 -9.3791641120E-13
HessDelSqRho_EigVals = -4.4371571998E+05 -2.8654874328E+03 -6.4667467284E+02
HessDelSqRho_EigVec1 =  6.9187117880E-01 -2.6544138090E-04  7.2202091486E-01
HessDelSqRho_EigVec2 =  2.5120493685E-04  9.9999996039E-01  1.2692141284E-04
HessDelSqRho_EigVec3 =  7.2202091995E-01 -9.3561950799E-05 -6.9187121808E-01
</CP of DelSqRho>
<CP of DelSqRho>
CP# = 10      
Type = (3,-3)
Coords = -3.39987617494289E+00  6.34279060041229E-05 -1.20757197030151E-01
DistFromNuc =  1.6726095695E-01
Rho =  2.2654445093E+01
DelSqRho =  1.2901631558E+03
GradDelSqRho =  3.6038727558E-11 -1.1018963519E-14 -4.0444092519E-11
HessDelSqRho_EigVals = -4.4371403569E+05 -2.8651584850E+03 -6.4601256471E+02
HessDelSqRho_EigVec1 = -6.9058960324E-01  1.2292485100E-04  7.2324683531E-01
HessDelSqRho_EigVec2 =  2.5100037255E-04  9.9999996607E-01  6.9704281310E-05
HessDelSqRho_EigVec3 =  7.2324680220E-01 -2.2967227708E-04  6.9058961066E-01
</CP of DelSqRho>
<CP of DelSqRho>
CP# = 11      
Type = (3,+1)
Coords = -2.84877914765001E+00 -5.82533898319627E-05 -3.32132717331680E-06
DistFromNuc =  6.6622070602E-01
Rho =  8.7285545171E-01
DelSqRho = -3.6148743366E+00
GradDelSqRho =  3.1086244690E-14 -3.4694469520E-17 -7.6327832943E-17
HessDelSqRho_EigVals = -4.9631056822E+00  1.9115842018E+01  2.4803483986E+02
HessDelSqRho_EigVec1 =  2.1784431916E-04  9.9999997123E-01  1.0045392476E-04
HessDelSqRho_EigVec2 =  8.8175812452E-04 -1.0064597410E-04  9.9999960619E-01
HessDelSqRho_EigVec3 =  9.9999958752E-01 -2.1775565730E-04 -8.8178002431E-04
</CP of DelSqRho>
<CP of DelSqRho>
CP# = 12      
Type = (3,-1)
Coords = -4.22883141533876E+00  1.58930333417080E-04  1.14506091832722E-03
DistFromNuc =  7.1383205981E-01
Rho =  6.9792326666E-01
DelSqRho = -1.3334222107E+00
GradDelSqRho =  2.7911006839E-13  7.1892145015E-14  6.4366914576E-15
HessDelSqRho_EigVals = -1.8194539750E+01 -3.4507120785E+00  1.4665677002E+02
HessDelSqRho_EigVec1 =  8.0744684216E-04 -1.0281273043E-04  9.9999966873E-01
HessDelSqRho_EigVec2 =  8.8115413875E-05  9.9999999084E-01  1.0274161501E-04
HessDelSqRho_EigVec3 =  9.9999967013E-01 -8.8032426293E-05 -8.0745589415E-04
</CP of DelSqRho>
<CP of DelSqRho>
CP# = 13      
Type = (3,-1)
Coords = -3.26912145153331E+00 -3.79127230420681E-05  6.67634857524663E-01
DistFromNuc =  7.1092730467E-01
Rho =  6.9228291869E-01
DelSqRho = -1.1985480159E+00
GradDelSqRho =  1.7763568394E-15 -5.2041704279E-18 -7.1054273576E-15
HessDelSqRho_EigVals = -1.5639972453E+01 -1.0334598920E+01  1.5051235252E+02
HessDelSqRho_EigVec1 =  9.2909868427E-01 -2.6775462476E-04 -3.6983180393E-01
HessDelSqRho_EigVec2 =  3.1492681234E-04  9.9999994815E-01  6.7175066728E-05
HessDelSqRho_EigVec3 =  3.6983176677E-01 -1.7888221723E-04  9.2909872042E-01
</CP of DelSqRho>
<CP of DelSqRho>
CP# = 14      
Type = (3,-1)
Coords = -3.27027808160219E+00  9.41776912341843E-05 -6.66891600702594E-01
DistFromNuc =  7.1092022901E-01
Rho =  6.9231622845E-01
DelSqRho = -1.1988984476E+00
GradDelSqRho = -7.1054273576E-15 -2.1684043450E-19 -1.7763568394E-15
HessDelSqRho_EigVals = -1.5636876264E+01 -1.0334656552E+01  1.5052208799E+02
HessDelSqRho_EigVec1 =  9.2973245568E-01 -3.5716585619E-04  3.6823556766E-01
HessDelSqRho_EigVec2 =  3.3012352048E-04  9.9999993620E-01  1.3643245369E-04
HessDelSqRho_EigVec3 = -3.6823559290E-01 -5.2824582360E-06  9.2973251427E-01
</CP of DelSqRho>
<CP of DelSqRho>
CP# = 15      
Type = (3,+3)
Coords = -3.15359680394721E+00  5.38972043338466E-01  2.97888634265728E-04
DistFromNuc =  6.4885486655E-01
Rho =  9.2005024139E-01
DelSqRho = -4.0720600425E+00
GradDelSqRho =  3.5527136788E-14  2.5757174171E-14 -1.3877787808E-17
HessDelSqRho_EigVals =  6.7474644487E+00  2.0349471055E+01  2.9499688731E+02
HessDelSqRho_EigVec1 =  8.4506308502E-01 -5.3466606088E-01 -7.6529181899E-04
HessDelSqRho_EigVec2 =  8.6794340146E-04 -5.9522388347E-05  9.9999962157E-01
HessDelSqRho_EigVec3 =  5.3466590410E-01  8.4506342945E-01 -4.1375970640E-04
</CP of DelSqRho>
<CP of DelSqRho>
CP# = 16      
Type = (3,+3)
Coords = -3.15394949810545E+00 -5.39029363588355E-01  1.90540147389014E-04
DistFromNuc =  6.4884533454E-01
Rho =  9.2008947285E-01
DelSqRho = -4.0724580948E+00
GradDelSqRho = -1.5987211555E-14  1.0658141036E-14 -4.1633363423E-17
HessDelSqRho_EigVals =  6.7517490393E+00  2.0351800211E+01  2.9503155255E+02
HessDelSqRho_EigVec1 =  8.4540431176E-01  5.3412649232E-01 -6.6321563862E-04
HessDelSqRho_EigVec2 =  8.7138906177E-04 -1.3753425555E-04  9.9999961088E-01
HessDelSqRho_EigVec3 = -5.3412619327E-01  8.4540456072E-01  5.8170403566E-04
</CP of DelSqRho>
<CP of DelSqRho>
CP# = 17      
Type = (3,+1)
Coords = -3.78067066870996E+00  4.55145430290920E-01  4.39745716553852E-01
DistFromNuc =  6.8595070816E-01
Rho =  7.8584644870E-01
DelSqRho = -2.4886999112E+00
GradDelSqRho = -9.7699626167E-15 -1.7763568394E-15  1.4210854715E-14
HessDelSqRho_EigVals = -1.2105180352E+01  1.0628414505E+01  1.9385996641E+02
HessDelSqRho_EigVec1 =  5.3298689430E-01  6.7868652416E-01 -5.0528167632E-01
HessDelSqRho_EigVec2 =  7.6834170675E-01 -1.3811204853E-01  6.2496086575E-01
HessDelSqRho_EigVec3 = -3.5436703031E-01  7.2132493647E-01  5.9507507413E-01
</CP of DelSqRho>
<CP of DelSqRho>
CP# = 18      
Type = (3,+1)
Coords = -3.78091234427914E+00 -4.54879300739221E-01  4.39708085675822E-01
DistFromNuc =  6.8595484112E-01
Rho =  7.8583245522E-01
DelSqRho = -2.4885925720E+00
GradDelSqRho =  3.5527136788E-15  3.5527136788E-15  8.8817841970E-15
HessDelSqRho_EigVals = -1.2107316004E+01  1.0629034471E+01  1.9385450022E+02
HessDelSqRho_EigVec1 =  5.3262159539E-01 -6.7892196384E-01 -5.0535057450E-01
HessDelSqRho_EigVec2 =  7.6841989060E-01  1.3764321681E-01  6.2496817246E-01
HessDelSqRho_EigVec3 =  3.5474654030E-01  7.2119297825E-01 -5.9500889091E-01
</CP of DelSqRho>
<CP of DelSqRho>
CP# = 19      
Type = (3,+1)
Coords = -3.78140568399788E+00  4.55172264466673E-01 -4.38128940257696E-01
DistFromNuc =  6.8596188414E-01
Rho =  7.8581543121E-01
DelSqRho = -2.4885181002E+00
GradDelSqRho = -2.4868995752E-14  4.7961634664E-14 -2.1316282073E-14
HessDelSqRho_EigVals = -1.2104131937E+01  1.0626236824E+01  1.9384312108E+02
HessDelSqRho_EigVec1 =  5.3382641257E-01  6.7865515129E-01  5.0443686114E-01
HessDelSqRho_EigVec2 = -7.6730447556E-01  1.3807940409E-01  6.2624110369E-01
HessDelSqRho_EigVec3 = -3.5534940978E-01  7.2136070297E-01 -5.9444556788E-01
</CP of DelSqRho>
<CP of DelSqRho>
CP# = 20      
Type = (3,+1)
Coords = -3.78164801204311E+00 -4.54730954144421E-01 -4.38272731057131E-01
DistFromNuc =  6.8596642086E-01
Rho =  7.8579946540E-01
DelSqRho = -2.4883841135E+00
GradDelSqRho =  3.5527136788E-15  5.3290705182E-15  0.0000000000E+00
HessDelSqRho_EigVals = -1.2106502371E+01  1.0626622518E+01  1.9383682884E+02
HessDelSqRho_EigVec1 =  5.3345972438E-01 -6.7909281322E-01  5.0423573208E-01
HessDelSqRho_EigVec2 = -7.6738316077E-01 -1.3785890098E-01  6.2619326728E-01
HessDelSqRho_EigVec3 =  3.5572996363E-01  7.2099089762E-01  5.9466656079E-01
</CP of DelSqRho>
<CP of DelSqRho>
CP# = 21      
Type = (3,+3)
Coords = -3.94263658521036E+00  1.78448144818118E-04  5.77075172961910E-01
DistFromNuc =  7.1778796513E-01
Rho =  7.6327188821E-01
DelSqRho = -3.1406735003E+00
GradDelSqRho = -1.4210854715E-14  4.3368086899E-18  2.7533531011E-14
HessDelSqRho_EigVals =  1.2389523101E+01  2.1982441773E+01  1.4617619245E+02
HessDelSqRho_EigVec1 =  2.8005584315E-04  9.9999996041E-01  2.7182881587E-05
HessDelSqRho_EigVec2 =  8.0334948769E-01 -2.4117034573E-04  5.9550780219E-01
HessDelSqRho_EigVec3 = -5.9550778517E-01  1.4493808565E-04  8.0334952343E-01
</CP of DelSqRho>
<CP of DelSqRho>
CP# = 22      
Type = (3,+3)
Coords = -3.94359182446928E+00  2.96816980685264E-04 -5.75215561944750E-01
DistFromNuc =  7.1779692110E-01
Rho =  7.6322715251E-01
DelSqRho = -3.1401281404E+00
GradDelSqRho =  1.9539925233E-14 -1.7347234760E-17  1.2434497876E-14
HessDelSqRho_EigVals =  1.2385896358E+01  2.1975766538E+01  1.4616616848E+02
HessDelSqRho_EigVec1 =  2.8650941106E-04  9.9999994353E-01  1.7563593114E-04
HessDelSqRho_EigVec2 =  8.0237981943E-01 -1.2506744412E-04 -5.9681371442E-01
HessDelSqRho_EigVec3 =  5.9681365876E-01 -3.1191947255E-04  8.0237980996E-01
</CP of DelSqRho>
<CP of DelSqRho>
CP# = 23      
Type = (3,-1)
Coords = -2.25473274361573E+00 -6.27037961879758E-04 -3.99779433393518E-04
DistFromNuc =  1.2602674208E+00
Rho =  2.4375116630E-01
DelSqRho =  4.5960361612E-01
GradDelSqRho =  5.3845816694E-15 -7.0473141212E-18 -1.3877787808E-17
HessDelSqRho_EigVals = -7.9029924457E+00 -2.0636736830E-01  5.9625161237E-01
HessDelSqRho_EigVec1 =  9.9999951811E-01 -6.6540788025E-04 -7.2180654819E-04
HessDelSqRho_EigVec2 =  6.6548672896E-04  9.9999977262E-01  1.0900334166E-04
HessDelSqRho_EigVec3 =  7.2173385239E-04 -1.0948364181E-04  9.9999973356E-01
</CP of DelSqRho>
<CP of DelSqRho>
CP# = 24      
Type = (3,-3)
Coords = -3.09859686758672E+00 -1.33579799787485E-04  1.07116033018911E+00
DistFromNuc =  1.1487090649E+00
Rho =  2.4735007090E-01
DelSqRho =  8.1589149404E-01
GradDelSqRho =  5.5511151231E-16 -7.5894152074E-19 -5.5511151231E-16
HessDelSqRho_EigVals = -1.7401281974E+01 -1.6868561765E+00 -4.2683587577E-01
HessDelSqRho_EigVec1 =  3.9347653969E-01 -1.9662999282E-04  9.1933463660E-01
HessDelSqRho_EigVec2 =  9.1933461162E-01 -2.3219870340E-04 -3.9347657867E-01
HessDelSqRho_EigVec3 =  2.9083760745E-04  9.9999995371E-01  8.9404015745E-05
</CP of DelSqRho>
<CP of DelSqRho>
CP# = 25      
Type = (3,-3)
Coords = -3.10036058212037E+00  8.68909001666371E-05 -1.07070093461638E+00
DistFromNuc =  1.1487250927E+00
Rho =  2.4735092419E-01
DelSqRho =  8.1581249041E-01
GradDelSqRho = -1.9484414082E-14 -4.7005551307E-15  3.8691272408E-14
HessDelSqRho_EigVals = -1.7400158151E+01 -1.6861470768E+00 -4.2687630052E-01
HessDelSqRho_EigVec1 = -3.9192989855E-01  8.2849605448E-06  9.1999508399E-01
HessDelSqRho_EigVec2 =  9.1999503750E-01 -3.1449038479E-04  3.9192988157E-01
HessDelSqRho_EigVec3 =  2.9257673158E-04  9.9999995051E-01  1.1563606202E-04
</CP of DelSqRho>
<CP of DelSqRho>
CP# = 26      
Type = (3,-1)
Coords = -3.56784338911138E+00  8.97054289949925E-01  7.72229522480698E-01
DistFromNuc =  1.1843947313E+00
Rho =  2.4244523393E-01
DelSqRho =  7.2979606015E-01
GradDelSqRho =  3.7816971776E-16 -2.0539125956E-15 -2.7755575616E-17
HessDelSqRho_EigVals = -1.7110359180E+01 -1.3564826784E+00  2.6658511513E-01
HessDelSqRho_EigVec1 = -2.0300027258E-02  7.6424128477E-01  6.4461086521E-01
HessDelSqRho_EigVec2 = -7.3394685921E-01 -4.4920020116E-01  5.0945184967E-01
HessDelSqRho_EigVec3 =  6.7890346644E-01 -4.6276823350E-01  5.7003126696E-01
</CP of DelSqRho>
<CP of DelSqRho>
CP# = 27      
Type = (3,-1)
Coords = -3.56836003896226E+00 -8.96958482932267E-01  7.72110981132981E-01
DistFromNuc =  1.1843949714E+00
Rho =  2.4244532498E-01
DelSqRho =  7.2979324458E-01
GradDelSqRho =  1.6653345369E-16 -1.3322676296E-15 -1.7486012638E-15
HessDelSqRho_EigVals = -1.7110167745E+01 -1.3566427359E+00  2.6665893942E-01
HessDelSqRho_EigVec1 =  2.0740287872E-02  7.6431466017E-01 -6.4450984532E-01
HessDelSqRho_EigVec2 = -7.3367597704E-01  4.4956375440E-01  5.0952133561E-01
HessDelSqRho_EigVec3 =  6.7918289229E-01  4.6229377130E-01  5.7008338675E-01
</CP of DelSqRho>
<CP of DelSqRho>
CP# = 28      
Type = (3,-1)
Coords = -3.56895547612226E+00  8.97051076666047E-01 -7.71000522094231E-01
DistFromNuc =  1.1843980911E+00
Rho =  2.4244648586E-01
DelSqRho =  7.2975331367E-01
GradDelSqRho =  1.6653345369E-16  1.1102230246E-16  4.9960036108E-16
HessDelSqRho_EigVals = -1.7109068646E+01 -1.3566594310E+00  2.6663561025E-01
HessDelSqRho_EigVec1 = -2.1227521633E-02  7.6422425100E-01 -6.4460118407E-01
HessDelSqRho_EigVec2 =  7.3487217803E-01  4.4908184943E-01  5.0822079303E-01
HessDelSqRho_EigVec3 =  6.7787334678E-01 -4.6291120822E-01 -5.7114003451E-01
</CP of DelSqRho>
<CP of DelSqRho>
CP# = 29      
Type = (3,-1)
Coords = -3.56946091340139E+00 -8.96631785256424E-01 -7.71256804173017E-01
DistFromNuc =  1.1843975530E+00
Rho =  2.4244668941E-01
DelSqRho =  7.2975226048E-01
GradDelSqRho =  4.3715031595E-16 -1.2212453271E-15  1.6375789613E-15
HessDelSqRho_EigVals = -1.7108851409E+01 -1.3568888823E+00  2.6670964182E-01
HessDelSqRho_EigVec1 =  2.1656805431E-02  7.6402705645E-01  6.4482062606E-01
HessDelSqRho_EigVec2 =  7.3460669559E-01 -4.4964945232E-01  5.0810271877E-01
HessDelSqRho_EigVec3 =  6.7814746595E-01  4.6268566764E-01 -5.7099736198E-01
</CP of DelSqRho>
<CP of DelSqRho>
CP# = 30      
Type = (3,+1)
Coords = -2.34275288472547E+00  4.25285835789987E-01 -3.62102404464470E-04
DistFromNuc =  1.2469803610E+00
Rho =  2.4595032780E-01
DelSqRho =  4.5102934733E-01
GradDelSqRho = -2.4980018054E-15 -4.7184478547E-16 -3.0357660830E-18
HessDelSqRho_EigVals = -1.0255766815E+01  2.7177413394E-01  6.9971600424E-01
HessDelSqRho_EigVec1 =  9.2706579272E-01  3.7489796626E-01 -7.2859946375E-04
HessDelSqRho_EigVec2 = -3.7489804568E-01  9.2706604645E-01  2.9503808336E-05
HessDelSqRho_EigVec3 =  6.8652074204E-04  2.4579854358E-04  9.9999973414E-01
</CP of DelSqRho>
<CP of DelSqRho>
CP# = 31      
Type = (3,-3)
Coords = -4.51961122884769E+00  5.91921100674469E-01  1.47879022063396E-03
DistFromNuc =  1.1659831957E+00
Rho =  2.4426340617E-01
DelSqRho =  8.4071181266E-01
GradDelSqRho =  1.5099033135E-14 -9.3813845581E-15  2.0740787560E-16
HessDelSqRho_EigVals = -1.7918454940E+01 -1.8785699891E+00 -2.3231384030E-01
HessDelSqRho_EigVec1 =  8.5710025002E-01 -5.1514909261E-01 -7.5749385357E-04
HessDelSqRho_EigVec2 =  8.3820966975E-04 -7.5830217577E-05  9.9999964583E-01
HessDelSqRho_EigVec3 =  5.1514896760E-01  8.5710058140E-01 -3.6680885234E-04
</CP of DelSqRho>
<CP of DelSqRho>
CP# = 32      
Type = (3,+1)
Coords = -2.34297169049740E+00 -4.25706248957816E-01 -4.54750193856176E-04
DistFromNuc =  1.2469753717E+00
Rho =  2.4594987207E-01
DelSqRho =  4.5107353933E-01
GradDelSqRho = -9.9920072216E-16 -1.6930901126E-15 -2.2985086057E-17
HessDelSqRho_EigVals = -1.0256658947E+01  2.7125636002E-01  6.9951370126E-01
HessDelSqRho_EigVec1 =  9.2687610173E-01 -3.7536653200E-01 -8.1159760807E-04
HessDelSqRho_EigVec2 =  3.7536677957E-01  9.2687634081E-01  1.7215897316E-04
HessDelSqRho_EigVec3 =  6.8762790448E-04 -4.6421681837E-04  9.9999965584E-01
</CP of DelSqRho>
<CP of DelSqRho>
CP# = 33      
Type = (3,-3)
Coords = -4.51990487681252E+00 -5.91231383369938E-01  1.35782019274518E-03
DistFromNuc =  1.1659712024E+00
Rho =  2.4426053833E-01
DelSqRho =  8.4074459259E-01
GradDelSqRho =  1.1657341759E-14  9.3813845581E-15  1.1853040251E-16
HessDelSqRho_EigVals = -1.7919268612E+01 -1.8781190855E+00 -2.3248391891E-01
HessDelSqRho_EigVec1 =  8.5736342209E-01  5.1471111955E-01 -6.5258664595E-04
HessDelSqRho_EigVec2 =  8.4205719241E-04 -1.3476030492E-04  9.9999963639E-01
HessDelSqRho_EigVec3 = -5.1471084446E-01  8.5736365986E-01  5.4895475642E-04
</CP of DelSqRho>
<CP of DelSqRho>
CP# = 34      
Type = (3,-1)
Coords = -4.68609439566487E+00  6.24464184904269E-04  1.56428320547638E-03
DistFromNuc =  1.1710953510E+00
Rho =  2.4918926191E-01
DelSqRho =  8.2543034471E-01
GradDelSqRho =  3.1058489114E-12 -1.7355458433E-13 -2.8123323440E-15
HessDelSqRho_EigVals = -1.6500109598E+01 -3.7160667418E+00  1.8385926974E-01
HessDelSqRho_EigVec1 =  9.9999955756E-01 -4.5690450314E-04 -8.2225904107E-04
HessDelSqRho_EigVec2 =  8.2221286686E-04 -1.0123741226E-04  9.9999965686E-01
HessDelSqRho_EigVec3 =  4.5698758973E-04  9.9999989049E-01  1.0086169471E-04
</CP of DelSqRho>
<CP of DelSqRho>
CP# = 35      
Type = (3,-1)
Coords = -3.93498323752357E+00  7.38790478106218E-05  1.97915536790337E+00
DistFromNuc =  2.0226578841E+00
Rho =  7.0116507643E-02
DelSqRho =  1.8385612850E-01
GradDelSqRho = -3.6082248300E-16 -6.2688654316E-16 -9.9920072216E-16
HessDelSqRho_EigVals = -2.0224445539E+00 -8.8061299534E-03  4.9951065426E-01
HessDelSqRho_EigVec1 =  3.2474689531E-01 -1.4361697902E-04  9.4580094807E-01
HessDelSqRho_EigVec2 =  2.6965704556E-04  9.9999996189E-01  5.9258436264E-05
HessDelSqRho_EigVec3 =  9.4580092053E-01 -2.3579789614E-04 -3.2474692166E-01
</CP of DelSqRho>
<CP of DelSqRho>
CP# = 36      
Type = (3,-1)
Coords = -3.93837031609312E+00  3.37514860411846E-04 -1.97734310704461E+00
DistFromNuc =  2.0227269959E+00
Rho =  7.0109371278E-02
DelSqRho =  1.8382026455E-01
GradDelSqRho = -1.1102230246E-15  8.0469061725E-16  5.2319260035E-15
HessDelSqRho_EigVals = -2.0220280689E+00 -8.7380127118E-03  4.9941490567E-01
HessDelSqRho_EigVec1 = -3.2307911121E-01  8.1338548621E-05  9.4637195715E-01
HessDelSqRho_EigVec2 =  3.7778425892E-04  9.9999992771E-01  4.3022893431E-05
HessDelSqRho_EigVec3 =  9.4637188524E-01 -3.7142422666E-04  3.2307911859E-01
</CP of DelSqRho>
<CP of DelSqRho>
CP# = 37      
Type = (3,+1)
Coords = -4.47381855631030E+00  8.59784928259588E-01  1.54716839352548E+00
DistFromNuc =  2.0125491683E+00
Rho =  6.9540583812E-02
DelSqRho =  1.8078167650E-01
GradDelSqRho = -1.3130121990E-14  4.6585131586E-14 -8.0511985967E-14
HessDelSqRho_EigVals = -1.7565766719E+00  1.4382417660E-02  5.6804814885E-01
HessDelSqRho_EigVec1 = -2.3336980814E-01  7.9890682463E-01  5.5433421165E-01
HessDelSqRho_EigVec2 =  7.8018850474E-01 -1.8641994155E-01  5.9712101157E-01
HessDelSqRho_EigVec3 =  5.8038300261E-01  5.7183519562E-01 -5.7979313494E-01
</CP of DelSqRho>
<CP of DelSqRho>
CP# = 38      
Type = (3,+1)
Coords = -4.47391038327227E+00 -8.59214317324900E-01  1.54732424452136E+00
DistFromNuc =  2.0125405377E+00
Rho =  6.9541376691E-02
DelSqRho =  1.8078617842E-01
GradDelSqRho = -1.3539516730E-14 -4.7756069932E-14 -7.6167045761E-14
HessDelSqRho_EigVals = -1.7566755746E+00  1.4372146364E-02  5.6802416190E-01
HessDelSqRho_EigVec1 =  2.3344104151E-01  7.9879071208E-01 -5.5447153077E-01
HessDelSqRho_EigVec2 =  7.8017135757E-01  1.8648629593E-01  5.9712269615E-01
HessDelSqRho_EigVec3 =  5.8037740563E-01 -5.7197575099E-01 -5.7966007911E-01
</CP of DelSqRho>
<CP of DelSqRho>
CP# = 39      
Type = (3,+1)
Coords = -4.47589033382146E+00  8.59945232520085E-01 -1.54469987332434E+00
DistFromNuc =  2.0126013326E+00
Rho =  6.9534613377E-02
DelSqRho =  1.8076801451E-01
GradDelSqRho = -1.1605300054E-15  5.5242269092E-15  4.0519020431E-14
HessDelSqRho_EigVals = -1.7565299599E+00  1.4321091271E-02  5.6788813454E-01
HessDelSqRho_EigVec1 = -2.3376252715E-01  7.9888732813E-01 -5.5419682231E-01
HessDelSqRho_EigVec2 = -7.7901580560E-01  1.8717805081E-01  5.9841352919E-01
HessDelSqRho_EigVec3 =  5.8179846641E-01  5.7161474286E-01  5.7859064133E-01
</CP of DelSqRho>
<CP of DelSqRho>
CP# = 40      
Type = (3,+1)
Coords = -4.47597380948494E+00 -8.58753376934890E-01 -1.54520133976791E+00
DistFromNuc =  2.0125888971E+00
Rho =  6.9535634602E-02
DelSqRho =  1.8077431385E-01
GradDelSqRho = -1.9116652705E-15 -9.1515336975E-15  3.8467926761E-14
HessDelSqRho_EigVals = -1.7566533525E+00  1.4307744421E-02  5.6786265274E-01
HessDelSqRho_EigVec1 =  2.3382320607E-01  7.9855231931E-01  5.5465385749E-01
HessDelSqRho_EigVec2 = -7.7899884247E-01 -1.8749192446E-01  5.9833734773E-01
HessDelSqRho_EigVec3 =  5.8179679591E-01 -5.7197986991E-01  5.7823136951E-01
</CP of DelSqRho>
<CP of DelSqRho>
CP# = 41      
Type = (3,-1)
Coords = -5.28852275426394E+00  4.32126134543967E-05  9.65477305988709E-01
DistFromNuc =  2.0190122226E+00
Rho =  7.0945788862E-02
DelSqRho =  1.8820415811E-01
GradDelSqRho =  1.0741407763E-14 -1.7084315733E-16  2.6020852140E-17
HessDelSqRho_EigVals = -2.2122052811E+00 -1.4525561259E-02  4.8360923338E-01
HessDelSqRho_EigVec1 =  9.9676042395E-01  1.8318300866E-04  8.0427754438E-02
HessDelSqRho_EigVec2 = -1.6761523515E-04  9.9999996589E-01 -2.0031355692E-04
HessDelSqRho_EigVec3 = -8.0427788389E-02  1.8618370894E-04  9.9676042066E-01
</CP of DelSqRho>
<CP of DelSqRho>
CP# = 42      
Type = (3,-1)
Coords = -5.29019743306309E+00  1.84391158736303E-04 -9.61402513794949E-01
DistFromNuc =  2.0190935267E+00
Rho =  7.0937130728E-02
DelSqRho =  1.8817237404E-01
GradDelSqRho =  3.5237646134E-12  1.0280691635E-13  1.7481155412E-13
HessDelSqRho_EigVals = -2.2121582368E+00 -1.4464181110E-02  4.8343518501E-01
HessDelSqRho_EigVec1 =  9.9662223610E-01  2.5097454709E-04 -8.2122198666E-02
HessDelSqRho_EigVec2 = -2.1612684746E-04  9.9999988280E-01  4.3322872812E-04
HessDelSqRho_EigVec3 =  8.2122297771E-02 -4.1401657186E-04  9.9662217354E-01
</CP of DelSqRho>
<Path of -GradDelSqRho>
Starting CP# =      3
Ending CP# =     22
Number of Points =     18
 -4.2147734602E+00  3.9923592063E-04 -9.3315799051E-01  3.9839318948E-01 -8.7107076210E-01
 -4.1997182191E+00  3.9262908875E-04 -9.1319954232E-01  4.1011567150E-01 -8.8003458518E-01
 -4.1846735582E+00  3.8601696222E-04 -8.9323311741E-01  4.2288304685E-01 -9.0738388003E-01
 -4.1696388196E+00  3.7940073301E-04 -8.7325921999E-01  4.3671509599E-01 -9.5389223618E-01
 -4.1546131446E+00  3.7278171436E-04 -8.5327850333E-01  4.5162601399E-01 -1.0203699468E+00
 -4.1395955051E+00  3.6616132659E-04 -8.3329174644E-01  4.6762350937E-01 -1.1075386447E+00
 -4.1245847273E+00  3.5954110382E-04 -8.1329983554E-01  4.8470789597E-01 -1.2158756084E+00
 -4.1095795045E+00  3.5292273059E-04 -7.9330375484E-01  5.0287127421E-01 -1.3454311567E+00
 -4.0945783933E+00  3.4630811937E-04 -7.7330458941E-01  5.2209691880E-01 -1.4956250120E+00
 -4.0795797913E+00  3.3969954760E-04 -7.5330354213E-01  5.4235900807E-01 -1.6650301959E+00
 -4.0645818917E+00  3.3309988911E-04 -7.3330196805E-01  5.6362284563E-01 -1.8511554165E+00
 -4.0495826076E+00  3.2651300892E-04 -7.1330143228E-01  5.8584573542E-01 -2.0502382269E+00
 -4.0345794456E+00  3.1994446766E-04 -6.9330380531E-01  6.0897867669E-01 -2.2570601453E+00
 -4.0195692875E+00  3.1340287068E-04 -6.7331142930E-01  6.3296904645E-01 -2.4647889473E+00
 -4.0045479607E+00  3.0690272794E-04 -6.5332744381E-01  6.5776443705E-01 -2.6648378984E+00
 -3.9895092383E+00  3.0047146849E-04 -6.3335654684E-01  6.8331782475E-01 -2.8466986725E+00
 -3.9744418308E+00  2.9417101762E-04 -6.1340728605E-01  7.0959426764E-01 -2.9976408436E+00
 -3.9435918245E+00  2.9681698069E-04 -5.7521556194E-01  7.6322715251E-01 -3.1401281404E+00
</Path of -GradDelSqRho>
<Path of -GradDelSqRho>
Starting CP# =      3
Ending CP# =      0
Number of Points =     30
 -4.2147734602E+00  3.9923592063E-04 -9.3315799051E-01  3.9839318948E-01 -8.7107076210E-01
 -4.2298393322E+00  4.0583665010E-04 -9.5310841510E-01  3.8769105281E-01 -8.7984900348E-01
 -4.2449163767E+00  4.1243021608E-04 -9.7305039770E-01  3.7798062852E-01 -9.0591703964E-01
 -4.2600045001E+00  4.1901597166E-04 -9.9298399929E-01  3.6922970520E-01 -9.4904111120E-01
 -4.2751033429E+00  4.2559351349E-04 -1.0129094827E+00  3.6140281432E-01 -1.0091964178E+00
 -4.2902123011E+00  4.3216269721E-04 -1.0328272970E+00  3.5446137127E-01 -1.0865126078E+00
 -4.3053305664E+00  4.3872364028E-04 -1.0527380479E+00  3.4836367212E-01 -1.1811590057E+00
 -4.3204571761E+00  4.4527671614E-04 -1.0726424602E+00  3.4306482240E-01 -1.2931457918E+00
 -4.3355910695E+00  4.5182254542E-04 -1.0925413351E+00  3.3851673375E-01 -1.4220125803E+00
 -4.3507311415E+00  4.5836199277E-04 -1.1124355094E+00  3.3466841162E-01 -1.5663858564E+00
 -4.3658762873E+00  4.6489618075E-04 -1.1323258215E+00  3.3146687027E-01 -1.7234302602E+00
 -4.3810254343E+00  4.7142653638E-04 -1.1522130863E+00  3.2885913287E-01 -1.8883188202E+00
 -4.3961775572E+00  4.7795488570E-04 -1.1720980838E+00  3.2679584910E-01 -2.0540182863E+00
 -4.4113316922E+00  4.8448357380E-04 -1.1919815481E+00  3.2523699264E-01 -2.2119075624E+00
 -4.4264870228E+00  4.9101533778E-04 -1.2118641010E+00  3.2415974328E-01 -2.3539334562E+00
 -4.4416433249E+00  4.9755154850E-04 -1.2317459134E+00  3.2356787721E-01 -2.4769911096E+00
 -4.4568022004E+00  5.0408552781E-04 -1.2516257637E+00  3.2350073803E-01 -2.5897876697E+00
 -4.4719670850E+00  5.1059804315E-04 -1.2715010304E+00  3.2403831287E-01 -2.7214743949E+00
 -4.4871386149E+00  5.1707869486E-04 -1.2913712250E+00  3.2529757023E-01 -2.9299164315E+00
 -4.5023140559E+00  5.2353642735E-04 -1.3112384328E+00  3.2741478000E-01 -3.3060272650E+00
 -4.5174911353E+00  5.2998190511E-04 -1.3311043892E+00  3.3050983379E-01 -3.9697397950E+00
 -4.5326687591E+00  5.3642107333E-04 -1.3509699295E+00  3.3463220391E-01 -5.0534777131E+00
 -4.5478464472E+00  5.4285681087E-04 -1.3708354207E+00  3.3969415216E-01 -6.6708484380E+00
 -4.5630239754E+00  5.4929053812E-04 -1.3907010342E+00  3.4540436354E-01 -8.8722076851E+00
 -4.5782012226E+00  5.5572299543E-04 -1.4105668623E+00  3.5122252539E-01 -1.1595308656E+01
 -4.5933781016E+00  5.6215459358E-04 -1.4304329716E+00  3.5635927097E-01 -1.4627778111E+01
 -4.6085545143E+00  5.6858558108E-04 -1.4502994373E+00  3.5984198130E-01 -1.7604544363E+01
 -4.6237302874E+00  5.7501614006E-04 -1.4701663915E+00  3.6065167484E-01 -2.0059932598E+01
 -4.6389049631E+00  5.8144649542E-04 -1.4900341839E+00  3.5791079744E-01 -2.1535113718E+01
 -4.6480080940E+00  5.8530501750E-04 -1.5019561381E+00  3.5431698989E-01 -2.1807725591E+01
</Path of -GradDelSqRho>
<Path of -GradDelSqRho>
Starting CP# =      4
Ending CP# =      0
Number of Points =     30
 -4.2131919228E+00  2.1184955434E-04  9.3548829071E-01  3.9842879003E-01 -8.7134979698E-01
 -4.2282238255E+00  2.1447516404E-04  9.5546432327E-01  3.8772638512E-01 -8.8013031940E-01
 -4.2432668980E+00  2.1709670296E-04  9.7543194574E-01  3.7801576126E-01 -9.0620532462E-01
 -4.2583210459E+00  2.1971355936E-04  9.9539121947E-01  3.6926470583E-01 -9.4934119539E-01
 -4.2733859090E+00  2.2232528362E-04  1.0153424069E+00  3.6143774735E-01 -1.0095131840E+00
 -4.2884608830E+00  2.2493160755E-04  1.0352859557E+00  3.5449629633E-01 -1.0868508430E+00
 -4.3035451592E+00  2.2753245571E-04  1.0552224698E+00  3.4839864220E-01 -1.1815231511E+00
 -4.3186377749E+00  2.3012795060E-04  1.0751526714E+00  3.4309988215E-01 -1.2935395346E+00
 -4.3337376695E+00  2.3271841542E-04  1.0950773589E+00  3.3855191835E-01 -1.4224382286E+00
 -4.3488437377E+00  2.3530438014E-04  1.1149973662E+00  3.3470374641E-01 -1.5668434728E+00
 -4.3639548749E+00  2.3788659936E-04  1.1349135286E+00  3.3150237207E-01 -1.7239166392E+00
 -4.3790700078E+00  2.4046609403E-04  1.1548266587E+00  3.2889481366E-01 -1.8888266174E+00
 -4.3941881106E+00  2.4304422912E-04  1.1747375341E+00  3.2683172320E-01 -2.0545359553E+00
 -4.4093082176E+00  2.4562280908E-04  1.1946468876E+00  3.2527308798E-01 -2.2124211603E+00
 -4.4244295105E+00  2.4820397073E-04  1.2145553405E+00  3.2419611686E-01 -2.3544316382E+00
 -4.4395517640E+00  2.5078875605E-04  1.2344630637E+00  3.2360463273E-01 -2.4774744113E+00
 -4.4546765879E+00  2.5337171614E-04  1.2543688340E+00  3.2353804174E-01 -2.5902821334E+00
 -4.4698074363E+00  2.5593731748E-04  1.2742700252E+00  3.2407640048E-01 -2.7220475997E+00
 -4.4849449536E+00  2.5847721669E-04  1.2941661444E+00  3.2533673578E-01 -2.9306914071E+00
 -4.5000863999E+00  2.6099864533E-04  1.3140592738E+00  3.2745533757E-01 -3.3071874437E+00
 -4.5152294951E+00  2.6351018687E-04  1.3339511481E+00  3.3055204593E-01 -3.9715171308E+00
 -4.5303731409E+00  2.6601661708E-04  1.3538426032E+00  3.3467617858E-01 -5.0561172227E+00
 -4.5455168545E+00  2.6852024418E-04  1.3737340067E+00  3.3973972090E-01 -6.6745464980E+00
 -4.5606604102E+00  2.7102220372E-04  1.3936255303E+00  3.4545096749E-01 -8.8770296130E+00
 -4.5758036860E+00  2.7352308397E-04  1.4135172671E+00  3.5126914741E-01 -1.1601104138E+01
 -4.5909465943E+00  2.7602320567E-04  1.4334092836E+00  3.5640445617E-01 -1.4634127951E+01
 -4.6060890362E+00  2.7852275229E-04  1.4533016553E+00  3.5988397586E-01 -1.7610778936E+01
 -4.6212308377E+00  2.8102183609E-04  1.4731945142E+00  3.6068868108E-01 -2.0065247754E+01
 -4.6363715394E+00  2.8352054279E-04  1.4930882104E+00  3.5794129749E-01 -2.1538769047E+01
 -4.6454542906E+00  2.8501967046E-04  1.5050256986E+00  3.5434309094E-01 -2.1810138389E+01
</Path of -GradDelSqRho>
<Path of -GradDelSqRho>
Starting CP# =      4
Ending CP# =     21
Number of Points =     18
 -4.2131919228E+00  2.1184955434E-04  9.3548829071E-01  3.9842879003E-01 -8.7134979698E-01
 -4.1981706492E+00  2.0922072107E-04  9.1550426416E-01  4.1015160843E-01 -8.8031582600E-01
 -4.1831599553E+00  2.0658938657E-04  8.9551228958E-01  4.2291938616E-01 -9.0767156659E-01
 -4.1681591841E+00  2.0395648575E-04  8.7551286848E-01  4.3675190008E-01 -9.5419031672E-01
 -4.1531674784E+00  2.0132301546E-04  8.5550665084E-01  4.5166334031E-01 -1.0206820285E+00
 -4.1381838113E+00  1.9869002704E-04  8.3549441190E-01  4.6766140927E-01 -1.1078679350E+00
 -4.1232070108E+00  1.9605863625E-04  8.1547703360E-01  4.8474641369E-01 -1.2162248460E+00
 -4.1082357717E+00  1.9343005697E-04  7.9545549546E-01  5.0291044621E-01 -1.3458025335E+00
 -4.0932686525E+00  1.9080566724E-04  7.7543087722E-01  5.2213677330E-01 -1.4960200890E+00
 -4.0783040533E+00  1.8818712318E-04  7.5540437568E-01  5.4239956500E-01 -1.6654498203E+00
 -4.0633401708E+00  1.8557654961E-04  7.3537733862E-01  5.6366411707E-01 -1.8515996496E+00
 -4.0483749226E+00  1.8297686531E-04  7.1535132209E-01  5.8588772648E-01 -2.0507062935E+00
 -4.0334058225E+00  1.8039236478E-04  6.9532818465E-01  6.0902138710E-01 -2.2575504158E+00
 -4.0184297638E+00  1.7782983632E-04  6.7531025153E-01  6.3301247282E-01 -2.4652989613E+00
 -4.0034425938E+00  1.7530093826E-04  6.5530063621E-01  6.5780857597E-01 -2.6653644271E+00
 -3.9884381237E+00  1.7282803571E-04  6.3530399121E-01  6.8336267695E-01 -2.8472377971E+00
 -3.9734051504E+00  1.7046216513E-04  6.1532876841E-01  7.0963984404E-01 -2.9981879851E+00
 -3.9426365852E+00  1.7844814482E-04  5.7707517296E-01  7.6327188821E-01 -3.1406735003E+00
</Path of -GradDelSqRho>
<Path of -GradDelSqRho>
Starting CP# =      7
Ending CP# =     15
Number of Points =     44
 -3.5809360449E+00  1.5501944494E-01  6.5839540085E-04  2.2521546825E+01  1.2400579280E+03
 -3.5906100446E+00  1.7807185124E-01  6.6986930597E-04  1.5600765559E+01  1.1577452408E+03
 -3.6002624248E+00  2.0113332172E-01  6.8132519545E-04  1.0908453537E+01  9.8717806535E+02
 -3.6099092534E+00  2.2419711503E-01  6.9277650494E-04  7.7367481653E+00  7.7820727039E+02
 -3.6195433193E+00  2.4726624177E-01  7.0421727052E-04  5.6010197414E+00  5.7677968950E+02
 -3.6291521165E+00  2.7034590351E-01  7.1563715610E-04  4.1638223844E+00  4.1186519083E+02
 -3.6387219850E+00  2.9344173175E-01  7.2702493165E-04  3.1941883833E+00  2.8865541528E+02
 -3.6482391991E+00  3.1655930442E-01  7.3836939401E-04  2.5370385842E+00  1.9997794931E+02
 -3.6576910742E+00  3.3970366519E-01  7.4966028930E-04  2.0888861673E+00  1.3659484168E+02
 -3.6670653789E+00  3.6287954919E-01  7.6088782998E-04  1.7803237299E+00  9.1280914360E+01
 -3.6763472913E+00  3.8609258396E-01  7.7204020565E-04  1.5644715194E+00  5.9128017758E+01
 -3.6855150398E+00  4.0935093045E-01  7.8310005527E-04  1.4096330128E+00  3.6751225416E+01
 -3.6945348940E+00  4.3266700536E-01  7.9404046038E-04  1.2945443177E+00  2.1617233944E+01
 -3.7033544308E+00  4.5605953452E-01  8.0481958712E-04  1.2051535683E+00  1.1720401916E+01
 -3.7118914717E+00  4.7955651567E-01  8.1537184571E-04  1.1323492738E+00  5.4748832901E+00
 -3.7200136589E+00  5.0319982892E-01  8.2559141596E-04  1.0703420960E+00  1.6748784227E+00
 -3.7274965837E+00  5.2705244908E-01  8.3529801640E-04  1.0155382312E+00 -5.4907227454E-01
 -3.7339237078E+00  5.5120869085E-01  8.4415365258E-04  9.6581046808E-01 -1.7910243533E+00
 -3.7383859425E+00  5.7579404652E-01  8.5140686549E-04  9.2018845229E-01 -2.4379068826E+00
 -3.7382724605E+00  6.0070631490E-01  8.5481971181E-04  8.7973909878E-01 -2.7353763902E+00
 -3.7260380972E+00  6.2180366599E-01  8.4729011327E-04  8.5505296153E-01 -2.8578027039E+00
 -3.7033508687E+00  6.3197206296E-01  8.2896194902E-04  8.5387990091E-01 -2.9417331615E+00
 -3.6790205019E+00  6.3768652598E-01  8.0817682416E-04  8.5925559958E-01 -3.0235345895E+00
 -3.6543947626E+00  6.4198570730E-01  7.8652381245E-04  8.6545259024E-01 -3.1045937804E+00
 -3.6296246245E+00  6.4535852604E-01  7.6422242530E-04  8.7157652388E-01 -3.1845810052E+00
 -3.6047529497E+00  6.4787626567E-01  7.4134710568E-04  8.7747081588E-01 -3.2631053862E+00
 -3.5798101576E+00  6.4954870904E-01  7.1795755795E-04  8.8308873092E-01 -3.3397731101E+00
 -3.5548250901E+00  6.5037733746E-01  6.9411507631E-04  8.8840081288E-01 -3.4141956585E+00
 -3.5298262868E+00  6.5036284216E-01  6.6988457273E-04  8.9338204225E-01 -3.4859948998E+00
 -3.5048421627E+00  6.4950611353E-01  6.4533485337E-04  8.9801036258E-01 -3.5548078162E+00
