 AIMInt (Version 19.02.13, Professional)
 Portions Copyright (c) 1997-2019 by Todd A. Keith
 AIMInt is a component of the AIMAll package ( http://aim.tkgristmill.com )

 TP:  64-bit Linux

 Licensed To:  Research Group of Fernando Cortes Guzman, UNAM, fercor@unam.mx

 AIMInt is a heavily modified and extended version of the PROAIMV program
 developed by members of R.F.W. Bader's research group

 Much of the Quantum Theory of Atoms in Molecules (QTAIM) is described in the book:
   "Atoms in Molecules - A Quantum Theory"
   R.F.W. Bader, Oxford University Press, Oxford, 1990

 For additional references see:  http://aim.tkgristmill.com/references.html

 Current Directory:  /home/scratch/M_H2O_4_cuadrado_plano/Opt

 Inp File:  V3_cuadrado_plano_cc-pvtz-def2-tzv_1_atomicfiles/o4.inp
 Wfx File:  V3_cuadrado_plano_cc-pvtz-def2-tzv_1.wfx
 Out File:  V3_cuadrado_plano_cc-pvtz-def2-tzv_1_atomicfiles/o4.int

 Wfx Title:   V3_cuadrado_plano_cc-pvtz-def2-tzv_1                                          
 Job Title:   V3_cuadrado_plano_cc-pvtz-def2-tzv_1                                          
 
<Atom>
O4      
</Atom>
<Nuclei of Molecule>
    13
V1        23.0           5.2798968090E-04  -5.7760036768E-04  -2.4249930219E-03
O2         8.0          -3.5149995828E+00   8.3752999038E-05   5.8046521433E-04
H3         1.0          -4.6536992267E+00   5.8768667744E-04  -1.5093825003E+00
O4         8.0          -8.1587268196E-04   3.5150129130E+00   1.7260549906E-03
H5         1.0           1.4894476958E+00   4.6607795470E+00   3.0695161542E-03
O6         8.0           3.5147820289E+00   8.6125455585E-04   5.8044631707E-04
H7         1.0           4.6534721332E+00   1.2770344169E-03  -1.5094763781E+00
O8         8.0          -3.8371024343E-05  -3.5147680940E+00   1.7260549906E-03
H9         1.0           1.4903757749E+00  -4.6604593628E+00   3.4256075612E-03
H10        1.0          -4.6511094316E+00   2.8593407084E-04   1.5124311309E+00
H11        1.0           4.6510468902E+00   1.3046358757E-03   1.5123997448E+00
H12        1.0          -1.4919918354E+00   4.6595635819E+00   3.3144749522E-03
H13        1.0          -1.4911113828E+00  -4.6595728610E+00   3.0890714199E-03
</Nuclei of Molecule>
<Total Number of CPs of DelSqRho>
    42
</Total Number of CPs of DelSqRho>
<Number of (3,+3) CPs of DelSqRho>
     5
</Number of (3,+3) CPs of DelSqRho>
<Number of (3,+1) CPs of DelSqRho>
    15
</Number of (3,+1) CPs of DelSqRho>
<Number of (3,-1) CPs of DelSqRho>
    16
</Number of (3,-1) CPs of DelSqRho>
<Number of (3,-3) CPs of DelSqRho>
     6
</Number of (3,-3) CPs of DelSqRho>
<Number of Degenerate CPs of DelSqRho>
     0
</Number of Degenerate CPs of DelSqRho>
<CP of DelSqRho>
CP# = 1       
Type = (3,+3)
Coords = -8.15872772759286E-04  3.51501320380463E+00  1.72605549121165E-03
DistFromNuc =  2.9082507296E-07
Rho =  2.9727735279E+02
DelSqRho = -3.3289234351E+06
GradDelSqRho =  2.5891573330E-09  1.2964097550E-05 -1.2194504961E-08
HessDelSqRho_EigVals =  1.3238284956E+11  1.3238286798E+11  1.3238287390E+11
HessDelSqRho_EigVec1 =  8.3627441873E-05 -1.1704924539E-03  9.9999931148E-01
HessDelSqRho_EigVec2 = -3.0790635892E-04  9.9999926754E-01  1.1705181519E-03
HessDelSqRho_EigVec3 =  9.9999994910E-01  3.0800403436E-04 -8.3266978550E-05
</CP of DelSqRho>
<CP of DelSqRho>
CP# = 2       
Type = (3,-1)
Coords = -9.46374723922370E-07  2.02875553272035E+00 -5.28174082651511E-04
DistFromNuc =  1.4862593132E+00
Rho =  1.6037560527E-01
DelSqRho =  3.9881175362E-01
GradDelSqRho = -2.6996634095E-17 -1.1102230246E-16  1.3877787808E-17
HessDelSqRho_EigVals = -6.5210577550E-01 -1.4198927412E-01  4.4551114932E+00
HessDelSqRho_EigVec1 =  8.2136870703E-05 -1.1645479877E-03  9.9999931854E-01
HessDelSqRho_EigVec2 =  9.9999992742E-01  3.7214183752E-04 -8.1703543391E-05
HessDelSqRho_EigVec3 = -3.7204643623E-04  9.9999925267E-01  1.1645784698E-03
</CP of DelSqRho>
<CP of DelSqRho>
CP# = 3       
Type = (3,+1)
Coords =  9.26310351385972E-01  4.21743878274220E+00  2.57087714928694E-03
DistFromNuc =  1.1631706030E+00
Rho =  4.0547185418E-01
DelSqRho = -9.2318853606E-01
GradDelSqRho =  3.2076424850E-12  2.0835555503E-12  2.4424906542E-15
HessDelSqRho_EigVals = -2.9781358145E+01  1.4193607658E+01  1.4803946020E+01
HessDelSqRho_EigVec1 =  7.9064376926E-01  6.1227602631E-01  7.0550024898E-04
HessDelSqRho_EigVec2 = -2.0158261252E-04 -8.9195051571E-04  9.9999958189E-01
HessDelSqRho_EigVec3 = -6.1227639959E-01  7.9064358090E-01  5.8179091677E-04
</CP of DelSqRho>
<CP of DelSqRho>
CP# = 4       
Type = (3,+1)
Coords = -9.28501330384856E-01  4.21669143264628E+00  2.72256991694278E-03
DistFromNuc =  1.1631655284E+00
Rho =  4.0548071346E-01
DelSqRho = -9.2325121836E-01
GradDelSqRho = -3.1977198667E-12  2.0763391007E-12  2.9837243787E-15
HessDelSqRho_EigVals = -2.9783656118E+01  1.4194592122E+01  1.4805134489E+01
HessDelSqRho_EigVec1 =  7.9113933880E-01 -6.1163538786E-01 -8.3601869385E-04
HessDelSqRho_EigVec2 =  3.6723199826E-04 -8.9184935264E-04  9.9999953487E-01
HessDelSqRho_EigVec3 =  6.1163584897E-01  7.9113927783E-01  4.8096502147E-04
</CP of DelSqRho>
<CP of DelSqRho>
CP# = 5       
Type = (3,-1)
Coords = -8.75794751987505E-04  3.68377486820466E+00  1.77956925057782E-03
DistFromNuc =  1.6876197435E-01
Rho =  2.2352716866E+01
DelSqRho =  1.2506710162E+03
GradDelSqRho = -4.9960036108E-15  2.0804691303E-11  0.0000000000E+00
HessDelSqRho_EigVals = -4.0718268681E+05 -1.1945877229E+03  1.3558087383E+03
HessDelSqRho_EigVec1 = -3.5522712241E-04  9.9999988852E-01  3.1108069609E-04
HessDelSqRho_EigVec2 =  8.6243605531E-05 -3.1105007849E-04  9.9999994790E-01
HessDelSqRho_EigVec3 =  9.9999993319E-01  3.5525393263E-04 -8.6133102493E-05
</CP of DelSqRho>
<CP of DelSqRho>
CP# = 6       
Type = (3,-1)
Coords = -7.04863522325599E-04  3.34799546547134E+00  1.54860818503221E-03
DistFromNuc =  1.6701757866E-01
Rho =  2.2737082380E+01
DelSqRho =  1.2902889608E+03
GradDelSqRho = -6.3393734706E-14  8.9357854449E-11  7.1054273576E-15
HessDelSqRho_EigVals = -4.4923782491E+05 -2.6871789395E+03  2.3031144109E+02
HessDelSqRho_EigVec1 = -6.6300950706E-04  9.9999921306E-01  1.0650306636E-03
HessDelSqRho_EigVec2 =  8.5938900106E-05 -1.0649739154E-03  9.9999942922E-01
HessDelSqRho_EigVec3 =  9.9999977652E-01  6.6310065619E-04 -8.5232744647E-05
</CP of DelSqRho>
<CP of DelSqRho>
CP# = 7       
Type = (3,+1)
Coords = -8.22779986143896E-04  3.57555255984828E+00  1.58829174786156E-01
DistFromNuc =  1.6836400785E-01
Rho =  2.2530256284E+01
DelSqRho =  1.2397423566E+03
GradDelSqRho =  2.9976021665E-15 -1.1766587704E-11 -1.1180389947E-11
HessDelSqRho_EigVals = -4.1310173193E+05  1.6494066025E+03  2.6667421901E+03
HessDelSqRho_EigVec1 = -3.9683974508E-05  3.5568197551E-01  9.3460704616E-01
HessDelSqRho_EigVec2 = -3.8544003400E-04  9.3460697203E-01 -3.5568196366E-01
HessDelSqRho_EigVec3 =  9.9999992493E-01  3.7434984562E-04 -1.0000515348E-04
</CP of DelSqRho>
<CP of DelSqRho>
CP# = 8       
Type = (3,+1)
Coords = -8.49869179239801E-04  3.57584912234702E+00 -1.55261096579424E-01
DistFromNuc =  1.6836273722E-01
Rho =  2.2530519500E+01
DelSqRho =  1.2397734919E+03
GradDelSqRho = -1.3322676296E-15 -6.0254023992E-12  9.1517904366E-12
HessDelSqRho_EigVals = -4.1313155738E+05  1.6479219654E+03  2.6656326025E+03
HessDelSqRho_EigVec1 =  2.0084240286E-04 -3.5744673567E-01  9.3393350450E-01
HessDelSqRho_EigVec2 = -3.2542451632E-04  9.3393345052E-01  3.5744678499E-01
HessDelSqRho_EigVec3 =  9.9999992688E-01  3.7571533017E-04 -7.1251507251E-05
</CP of DelSqRho>
<CP of DelSqRho>
CP# = 9       
Type = (3,-3)
Coords =  9.97105154080589E-02  3.38144512320324E+00  1.57035230156374E-03
DistFromNuc =  1.6717037241E-01
Rho =  2.2682289887E+01
DelSqRho =  1.2909268481E+03
GradDelSqRho =  1.3983481040E-11 -3.0695446185E-12 -4.9737991503E-14
HessDelSqRho_EigVals = -4.4585580807E+05 -2.8826574911E+03 -4.0132104310E+02
HessDelSqRho_EigVec1 = -5.9915319457E-01  8.0063385784E-01  9.3547397723E-04
HessDelSqRho_EigVec2 =  1.8809421806E-04 -1.0276560341E-03  9.9999945427E-01
HessDelSqRho_EigVec3 =  8.0063438226E-01  5.9915304355E-01  4.6512879629E-04
</CP of DelSqRho>
<CP of DelSqRho>
CP# = 10      
Type = (3,-3)
Coords = -1.01268267977306E-01  3.38138941729856E+00  1.58756401867899E-03
DistFromNuc =  1.6717039660E-01
Rho =  2.2682272163E+01
DelSqRho =  1.2909289033E+03
GradDelSqRho =  1.2676082406E-11  1.5120349417E-11  4.2632564146E-14
HessDelSqRho_EigVals = -4.4585553697E+05 -2.8828400335E+03 -4.0176734841E+02
HessDelSqRho_EigVec1 =  5.9870942699E-01  8.0096587214E-01  8.3288668194E-04
HessDelSqRho_EigVec2 = -1.6071704082E-05 -1.0278390001E-03  9.9999947164E-01
HessDelSqRho_EigVec3 =  8.0096630502E-01 -5.9870912405E-01 -6.0250401232E-04
</CP of DelSqRho>
<CP of DelSqRho>
CP# = 11      
Type = (3,-1)
Coords =  6.61705181537277E-01  3.26018223891473E+00  1.43986978026788E-03
DistFromNuc =  7.0984005355E-01
Rho =  6.9464498954E-01
DelSqRho = -1.1991474620E+00
GradDelSqRho = -4.4408920985E-15 -2.6645352591E-15 -9.9920072216E-16
HessDelSqRho_EigVals = -1.5651581446E+01 -1.0793586187E+01  1.5149008229E+02
HessDelSqRho_EigVec1 =  3.8094819772E-01  9.2459538422E-01  1.3587203938E-03
HessDelSqRho_EigVec2 = -1.1620835571E-04 -1.4216485074E-03  9.9999898271E-01
HessDelSqRho_EigVec3 =  9.2459637526E-01 -3.8094796808E-01 -4.3412872739E-04
</CP of DelSqRho>
<CP of DelSqRho>
CP# = 12      
Type = (3,-1)
Coords = -6.63129272326499E-01  3.25965366947326E+00  1.55239099363815E-03
DistFromNuc =  7.0983618727E-01
Rho =  6.9465457146E-01
DelSqRho = -1.1991639813E+00
GradDelSqRho =  8.8817841970E-15 -8.4376949872E-15  1.1102230246E-16
HessDelSqRho_EigVals = -1.5652821150E+01 -1.0794120955E+01  1.5149502204E+02
HessDelSqRho_EigVec1 = -3.8168513266E-01  9.2429134721E-01  1.4017767838E-03
HessDelSqRho_EigVec2 =  2.7881062523E-04 -1.4014601415E-03  9.9999897909E-01
HessDelSqRho_EigVec3 =  9.2429236812E-01  3.8168513382E-01  2.7721425160E-04
</CP of DelSqRho>
<CP of DelSqRho>
CP# = 13      
Type = (3,-1)
Coords = -1.09702725876861E-03  4.23247014496512E+00  2.03499710802812E-03
DistFromNuc =  7.1745735359E-01
Rho =  6.8765132947E-01
DelSqRho = -1.2142040055E+00
GradDelSqRho = -2.1961599206E-15 -8.8817841970E-14  3.3772984409E-13
HessDelSqRho_EigVals = -1.9451251975E+01 -3.9135411659E+00  1.4229466750E+02
HessDelSqRho_EigVec1 =  9.9999991896E-01  3.9489327359E-04 -7.8317544473E-05
HessDelSqRho_EigVec2 =  7.8458867284E-05 -3.5787317505E-04  9.9999993289E-01
HessDelSqRho_EigVec3 = -3.9486521934E-04  9.9999985799E-01  3.5790412893E-04
</CP of DelSqRho>
<CP of DelSqRho>
CP# = 14      
Type = (3,+1)
Coords = -5.56479742681221E-04  2.84697376779505E+00  1.23122919253713E-03
DistFromNuc =  6.6803937881E-01
Rho =  8.6395233013E-01
DelSqRho = -3.5338032511E+00
GradDelSqRho = -4.8572257327E-17 -4.9737991503E-14 -5.3290705182E-15
HessDelSqRho_EigVals = -5.3794228524E+00  1.8774032854E+01  2.4377002731E+02
HessDelSqRho_EigVec1 =  8.3639578607E-05 -7.4903987120E-04  9.9999971597E-01
HessDelSqRho_EigVec2 =  9.9999992130E-01  3.8787232303E-04 -8.3349063863E-05
HessDelSqRho_EigVec3 = -3.8780978109E-04  9.9999964425E-01  7.4907225373E-04
</CP of DelSqRho>
<CP of DelSqRho>
CP# = 15      
Type = (3,+3)
Coords = -6.40926280493061E-04  3.18201595580824E+00  5.57074074821840E-01
DistFromNuc =  6.4753256846E-01
Rho =  9.2279527555E-01
DelSqRho = -4.0898661728E+00
GradDelSqRho =  2.8270571648E-16 -2.6645352591E-14  1.1013412404E-13
HessDelSqRho_EigVals =  7.5072104226E+00  2.0182740915E+01  2.9939689539E+02
HessDelSqRho_EigVec1 = -3.0380334197E-04  8.7130315661E-01  4.9074506314E-01
HessDelSqRho_EigVec2 =  9.9999991976E-01  3.9284901177E-04 -7.8426191768E-05
HessDelSqRho_EigVec3 =  2.6112170153E-04 -4.9074499993E-01  8.7130320604E-01
</CP of DelSqRho>
<CP of DelSqRho>
CP# = 16      
Type = (3,+3)
Coords = -7.35475757604890E-04  3.18342747183644E+00 -5.54418624470155E-01
DistFromNuc =  6.4749194260E-01
Rho =  9.2299916007E-01
DelSqRho = -4.0921623159E+00
GradDelSqRho =  4.3368086899E-17 -1.1013412404E-13 -2.2026824809E-13
HessDelSqRho_EigVals =  7.5305800057E+00  2.0198320665E+01  2.9955815526E+02
HessDelSqRho_EigVec1 = -3.9454233026E-04  8.7251478868E-01 -4.8858754371E-01
HessDelSqRho_EigVec2 =  9.9999991582E-01  3.9929727119E-04 -9.4454972197E-05
HessDelSqRho_EigVec3 = -1.1267831283E-04  4.8858753985E-01  8.7251487277E-01
</CP of DelSqRho>
<CP of DelSqRho>
CP# = 17      
Type = (3,+1)
Coords =  4.46210405469111E-01  3.77109192141931E+00  4.53622706420123E-01
DistFromNuc =  6.8528792160E-01
Rho =  7.8948663725E-01
DelSqRho = -2.5322754722E+00
GradDelSqRho = -1.5987211555E-14  8.8817841970E-16 -1.6875389974E-14
HessDelSqRho_EigVals = -1.2418178180E+01  1.1506529858E+01  1.9555578057E+02
HessDelSqRho_EigVec1 =  5.0439115785E-01  5.3483459095E-01 -6.7789491826E-01
HessDelSqRho_EigVec2 =  6.1343803069E-01 -7.7446426656E-01 -1.5459263348E-01
HessDelSqRho_EigVec3 =  6.0768687857E-01  3.3787136628E-01  7.1872080634E-01
</CP of DelSqRho>
<CP of DelSqRho>
CP# = 18      
Type = (3,+1)
Coords = -4.47964751552538E-01  3.77072587988835E+00  4.53703563444311E-01
DistFromNuc =  6.8528454635E-01
Rho =  7.8949713517E-01
DelSqRho = -2.5323426742E+00
GradDelSqRho = -8.8817841970E-15  2.2204460493E-16 -5.3290705182E-15
HessDelSqRho_EigVals = -1.2418688358E+01  1.1507026044E+01  1.9556240847E+02
HessDelSqRho_EigVec1 = -5.0493767239E-01  5.3443983908E-01 -6.7779938434E-01
HessDelSqRho_EigVec2 =  6.1284364736E-01  7.7495367792E-01  1.5449744645E-01
HessDelSqRho_EigVec3 = -6.0783271621E-01  3.3737346588E-01  7.1883136662E-01
</CP of DelSqRho>
<CP of DelSqRho>
CP# = 19      
Type = (3,+1)
Coords =  4.46382627163233E-01  3.77207152398728E+00 -4.49479142386841E-01
DistFromNuc =  6.8531143132E-01
Rho =  7.8941595844E-01
DelSqRho = -2.5316539841E+00
GradDelSqRho =  1.2434497876E-14  1.9539925233E-14 -3.9079850467E-14
HessDelSqRho_EigVals = -1.2430012328E+01  1.1508217511E+01  1.9552116724E+02
HessDelSqRho_EigVec1 =  5.0418104414E-01  5.3335670072E-01  6.7921432887E-01
HessDelSqRho_EigVec2 =  6.1337150493E-01 -7.7480988441E-01  1.5311773238E-01
HessDelSqRho_EigVec3 = -6.0792834420E-01 -3.3941165688E-01  7.1779025871E-01
</CP of DelSqRho>
<CP of DelSqRho>
CP# = 20      
Type = (3,+1)
Coords = -4.48287668259477E-01  3.77170482038986E+00 -4.49410721391456E-01
DistFromNuc =  6.8530732826E-01
Rho =  7.8943002549E-01
DelSqRho = -2.5317661513E+00
GradDelSqRho = -3.3750779949E-14  1.6431300764E-14 -2.2204460493E-14
HessDelSqRho_EigVals = -1.2430213573E+01  1.1509116751E+01  1.9552930954E+02
HessDelSqRho_EigVec1 = -5.0449883584E-01  5.3296509358E-01  6.7928575258E-01
HessDelSqRho_EigVec2 =  6.1272699610E-01  7.7529761769E-01 -1.5322934530E-01
HessDelSqRho_EigVec3 =  6.0831451806E-01 -3.3891269235E-01  7.1769884637E-01
</CP of DelSqRho>
<CP of DelSqRho>
CP# = 21      
Type = (3,+3)
Coords =  5.79640417154326E-01  3.93743866454160E+00  2.32623546985881E-03
DistFromNuc =  7.1789510390E-01
Rho =  7.6620880603E-01
DelSqRho = -3.1902599690E+00
GradDelSqRho =  9.7699626167E-15 -1.6098233857E-14  5.5511151231E-17
HessDelSqRho_EigVals =  1.2638433932E+01  2.2941408242E+01  1.4623925068E+02
HessDelSqRho_EigVec1 = -2.5264694982E-04 -1.1991936161E-03  9.9999924905E-01
HessDelSqRho_EigVec2 = -5.8000130713E-01  8.1461512032E-01  8.3034631431E-04
HessDelSqRho_EigVec3 =  8.1461550433E-01  5.8000066179E-01  9.0134389029E-04
</CP of DelSqRho>
<CP of DelSqRho>
CP# = 22      
Type = (3,+3)
Coords = -5.81607644846775E-01  3.93697132827794E+00  2.41695695050624E-03
DistFromNuc =  7.1789167999E-01
Rho =  7.6622271485E-01
DelSqRho = -3.1904073776E+00
GradDelSqRho = -1.8651746814E-14  1.8762769116E-14  0.0000000000E+00
HessDelSqRho_EigVals =  1.2639177016E+01  2.2942958357E+01  1.4624395290E+02
HessDelSqRho_EigVec1 =  4.1285147363E-04 -1.1887620114E-03  9.9999920820E-01
HessDelSqRho_EigVec2 =  5.7934573617E-01  8.1508158208E-01  7.2975485785E-04
HessDelSqRho_EigVec3 =  8.1508180420E-01 -5.7934497616E-01 -1.0252118349E-03
</CP of DelSqRho>
<CP of DelSqRho>
CP# = 23      
Type = (3,-3)
Coords =  1.06631636488071E+00  3.09188817288222E+00  1.20178298428570E-03
DistFromNuc =  1.1479573306E+00
Rho =  2.4683530341E-01
DelSqRho =  8.2946073398E-01
GradDelSqRho = -7.2164496601E-16  5.5511151231E-16  2.1163626407E-16
HessDelSqRho_EigVals = -1.7529476939E+01 -1.6602556499E+00 -4.8032776625E-01
HessDelSqRho_EigVec1 =  9.1666325826E-01 -3.9966014218E-01 -4.9164303776E-04
HessDelSqRho_EigVec2 =  3.9966044350E-01  9.1666265224E-01  1.0544568316E-03
HessDelSqRho_EigVec3 =  2.9246443727E-05 -1.1630721094E-03  9.9999932320E-01
</CP of DelSqRho>
<CP of DelSqRho>
CP# = 24      
Type = (3,-3)
Coords = -1.06761313544617E+00  3.09105218238296E+00  1.37406091244391E-03
DistFromNuc =  1.1479543653E+00
Rho =  2.4683606916E-01
DelSqRho =  8.2950967724E-01
GradDelSqRho =  1.4549472738E-13  7.6105788338E-14 -1.0928757899E-14
HessDelSqRho_EigVals = -1.7530108484E+01 -1.6605688073E+00 -4.8043395302E-01
HessDelSqRho_EigVec1 =  9.1634798903E-01  4.0038262441E-01  3.4215353320E-04
HessDelSqRho_EigVec2 = -4.0038274793E-01  9.1634731493E-01  1.1196299206E-03
HessDelSqRho_EigVec3 =  1.3474889454E-04 -1.1629629980E-03  9.9999931468E-01
</CP of DelSqRho>
<CP of DelSqRho>
CP# = 25      
Type = (3,-1)
Coords = -3.50096122212064E-04  2.25796760067163E+00 -2.06713936116583E-03
DistFromNuc =  1.2570511217E+00
Rho =  2.4424607103E-01
DelSqRho =  4.5174091816E-01
GradDelSqRho =  1.2468324984E-17  1.8596235662E-15 -6.0368376964E-16
HessDelSqRho_EigVals = -8.0878948033E+00 -1.4707102359E-01  7.2725835644E-01
HessDelSqRho_EigVec1 = -3.5470316694E-04  9.9999387575E-01  3.4817603353E-03
HessDelSqRho_EigVec2 =  8.0785980365E-05 -3.4817318881E-03  9.9999393549E-01
HessDelSqRho_EigVec3 =  9.9999993383E-01  3.5498229326E-04 -7.9550504284E-05
</CP of DelSqRho>
<CP of DelSqRho>
CP# = 26      
Type = (3,-3)
Coords = -1.17396062915548E-03  4.52576378463216E+00  5.78337046783318E-01
DistFromNuc =  1.1636570322E+00
Rho =  2.4511015566E-01
DelSqRho =  8.5478804058E-01
GradDelSqRho =  4.4127028420E-17 -1.4988010832E-14 -1.0880185641E-14
HessDelSqRho_EigVals = -1.7971776199E+01 -2.1368383740E+00 -2.3470614648E-01
HessDelSqRho_EigVec1 = -3.0432689262E-04  8.6527985635E-01  5.0128901602E-01
HessDelSqRho_EigVec2 =  9.9999991837E-01  3.9655836236E-04 -7.7414612720E-05
HessDelSqRho_EigVec3 =  2.6577565623E-04 -5.0128895154E-01  8.6527990640E-01
</CP of DelSqRho>
<CP of DelSqRho>
CP# = 27      
Type = (3,+1)
Coords = -3.32840391286845E-04  2.32841476405328E+00  3.82439992594633E-01
DistFromNuc =  1.2461775566E+00
Rho =  2.4587252523E-01
DelSqRho =  4.4662847859E-01
GradDelSqRho =  3.4071053270E-17 -2.2204460493E-16  1.2490009027E-15
HessDelSqRho_EigVals = -1.0059944275E+01  2.1432810612E-01  7.9116465853E-01
HessDelSqRho_EigVec1 = -3.8038850859E-04  9.4024858751E-01 -3.4048854457E-01
HessDelSqRho_EigVec2 =  7.9972376772E-06  3.4048857205E-01  9.4024865447E-01
HessDelSqRho_EigVec3 =  9.9999992762E-01  3.5493681557E-04 -1.3703733155E-04
</CP of DelSqRho>
<CP of DelSqRho>
CP# = 28      
Type = (3,-3)
Coords = -1.26704515745328E-03  4.52695865430409E+00 -5.72676268570899E-01
DistFromNuc =  1.1636032040E+00
Rho =  2.4510035667E-01
DelSqRho =  8.5493911315E-01
GradDelSqRho =  1.2820690690E-17 -1.9845236565E-14  1.4266365866E-14
HessDelSqRho_EigVals = -1.7975050558E+01 -2.1350186546E+00 -2.3559839272E-01
HessDelSqRho_EigVec1 = -3.8511442396E-04  8.6634776579E-01 -4.9944108802E-01
HessDelSqRho_EigVec2 =  9.9999991744E-01  3.9838272738E-04 -8.0042285930E-05
HessDelSqRho_EigVec3 = -1.2962424723E-04  4.9944107761E-01  8.6634784769E-01
</CP of DelSqRho>
<CP of DelSqRho>
CP# = 29      
Type = (3,+1)
Coords = -3.93586070826533E-04  2.32917758894269E+00 -3.81438588361043E-01
DistFromNuc =  1.2462025269E+00
Rho =  2.4587529297E-01
DelSqRho =  4.4680539473E-01
GradDelSqRho =  6.2341624918E-18 -2.7200464103E-15 -3.9412917374E-15
HessDelSqRho_EigVals = -1.0056929975E+01  2.1177234581E-01  7.9030851229E-01
HessDelSqRho_EigVec1 = -3.2671631144E-04  9.3953938692E-01  3.4244070097E-01
HessDelSqRho_EigVec2 =  1.3858369199E-04 -3.4244067342E-01  9.3953944355E-01
HessDelSqRho_EigVec3 =  9.9999993703E-01  3.5441955808E-04 -1.8323883300E-05
</CP of DelSqRho>
<CP of DelSqRho>
CP# = 30      
Type = (3,-1)
Coords =  7.67680875887410E-01  3.56481839182119E+00  9.02567610388389E-01
DistFromNuc =  1.1851511913E+00
Rho =  2.4249961366E-01
DelSqRho =  7.3104997353E-01
GradDelSqRho =  1.5820678101E-15  1.3877787808E-17  8.3266726847E-16
HessDelSqRho_EigVals = -1.7167390843E+01 -1.3472605012E+00  3.0388021215E-01
HessDelSqRho_EigVec1 =  6.4132096556E-01  1.7538428932E-02  7.6707224082E-01
HessDelSqRho_EigVec2 =  5.0922065918E-01  7.3809542209E-01 -4.4261661532E-01
HessDelSqRho_EigVec3 = -5.7393530942E-01  6.7446834722E-01  4.6442513843E-01
</CP of DelSqRho>
<CP of DelSqRho>
CP# = 31      
Type = (3,-1)
Coords = -7.69154857332274E-01  3.56427010335540E+00  9.02730989527374E-01
DistFromNuc =  1.1851501838E+00
Rho =  2.4250044116E-01
DelSqRho =  7.3106773358E-01
GradDelSqRho =  2.0539125956E-15 -3.6082248300E-16 -3.3306690739E-16
HessDelSqRho_EigVals = -1.7167889932E+01 -1.3473516407E+00  3.0389791991E-01
HessDelSqRho_EigVec1 = -6.4116351647E-01  1.7083218161E-02  7.6721412188E-01
HessDelSqRho_EigVec2 =  5.0989392317E-01 -7.3767310176E-01  4.4254557060E-01
HessDelSqRho_EigVec3 =  5.7351332353E-01  6.7494189276E-01  4.6425845080E-01
</CP of DelSqRho>
<CP of DelSqRho>
CP# = 32      
Type = (3,-1)
Coords =  7.67792872446389E-01  3.56702791482532E+00 -8.98905513523391E-01
DistFromNuc =  1.1851591394E+00
Rho =  2.4250593380E-01
DelSqRho =  7.3100940203E-01
GradDelSqRho =  3.6082248300E-16 -4.2674197509E-16 -1.1102230246E-16
HessDelSqRho_EigVals = -1.7165762274E+01 -1.3481465795E+00  3.0424924320E-01
HessDelSqRho_EigVec1 = -6.4141538860E-01 -1.9436526699E-02  7.6694753451E-01
HessDelSqRho_EigVec2 =  5.0922054088E-01  7.3693360351E-01  4.4454842793E-01
HessDelSqRho_EigVec3 = -5.7382988770E-01  6.7568564100E-01 -4.6278307503E-01
</CP of DelSqRho>
<CP of DelSqRho>
CP# = 33      
Type = (3,-1)
Coords = -7.69556109501040E-01  3.56648791240019E+00 -8.98824854634809E-01
DistFromNuc =  1.1851595539E+00
Rho =  2.4250676454E-01
DelSqRho =  7.3102451952E-01
GradDelSqRho =  2.3037127761E-15 -2.1684043450E-16  2.8310687128E-15
HessDelSqRho_EigVals = -1.7166227895E+01 -1.3482077482E+00  3.0427384939E-01
HessDelSqRho_EigVec1 =  6.4150259686E-01 -1.8989051097E-02  7.6688580255E-01
HessDelSqRho_EigVec2 =  5.0975032573E-01 -7.3650908218E-01 -4.4464477653E-01
HessDelSqRho_EigVec3 =  5.7326174096E-01  6.7616106647E-01 -4.6279281385E-01
</CP of DelSqRho>
<CP of DelSqRho>
CP# = 34      
Type = (3,-1)
Coords = -1.28289301416173E-03  4.68274986329129E+00  4.10962132555757E-03
DistFromNuc =  1.1677394763E+00
Rho =  2.5024196073E-01
DelSqRho =  8.4044869453E-01
GradDelSqRho = -3.5290780714E-16  3.1086244690E-15 -1.0408340856E-16
HessDelSqRho_EigVals = -1.6552433591E+01 -4.0311783260E+00  1.8336223964E-01
HessDelSqRho_EigVec1 = -3.9714975710E-04  9.9999788515E-01  2.0179094454E-03
HessDelSqRho_EigVec2 =  9.9999991778E-01  3.9731435871E-04 -8.1170146817E-05
HessDelSqRho_EigVec3 =  8.1971719552E-05 -2.0178770428E-03  9.9999796072E-01
</CP of DelSqRho>
<CP of DelSqRho>
CP# = 35      
Type = (3,-1)
Coords =  1.97615023303817E+00  3.96164805508905E+00  1.88383329498964E-03
DistFromNuc =  2.0267900627E+00
Rho =  7.1183042582E-02
DelSqRho =  1.8563013264E-01
GradDelSqRho =  6.9388939039E-17 -2.0816681712E-16 -6.9388939039E-18
HessDelSqRho_EigVals = -2.0760728490E+00 -1.2542716368E-02  4.9065637704E-01
HessDelSqRho_EigVec1 =  9.5284111794E-01 -3.0346874036E-01 -7.2635449758E-04
HessDelSqRho_EigVec2 =  2.9478692298E-04 -1.4679224676E-03  9.9999887915E-01
HessDelSqRho_EigVec3 =  3.0346946645E-01  9.5284026407E-01  1.3092382689E-03
</CP of DelSqRho>
<CP of DelSqRho>
CP# = 36      
Type = (3,-1)
Coords = -1.97811092313198E+00  3.96005879300176E+00  2.17886269409433E-03
DistFromNuc =  2.0267613961E+00
Rho =  7.1186489844E-02
DelSqRho =  1.8565158806E-01
GradDelSqRho = -3.1918911958E-16  2.9143354396E-16  7.8062556419E-18
HessDelSqRho_EigVals = -2.0765204743E+00 -1.2582415631E-02  4.9060455324E-01
HessDelSqRho_EigVec1 =  9.5257583854E-01  3.0430069858E-01  5.9721595384E-04
HessDelSqRho_EigVec2 = -1.4902577317E-04 -1.4960758556E-03  9.9999886977E-01
HessDelSqRho_EigVec3 = -3.0430124813E-01  9.5257485092E-01  1.3797770658E-03
</CP of DelSqRho>
<CP of DelSqRho>
CP# = 37      
Type = (3,+1)
Coords =  1.62623214805235E+00  4.36299464893033E+00  8.19513592486935E-01
DistFromNuc =  2.0087644817E+00
Rho =  7.0803096790E-02
DelSqRho =  1.8262301533E-01
GradDelSqRho = -2.3974656895E-12 -5.8730624530E-13 -1.5725823421E-12
HessDelSqRho_EigVals = -1.7653478918E+00  1.7344425282E-02  5.7210329084E-01
HessDelSqRho_EigVec1 =  6.4243656842E-01  1.2985795920E-01  7.5525635779E-01
HessDelSqRho_EigVec2 =  5.8709235308E-01 -7.1682588792E-01 -3.7614254659E-01
HessDelSqRho_EigVec3 =  4.9254220581E-01  6.8505295915E-01 -5.3675377843E-01
</CP of DelSqRho>
<CP of DelSqRho>
CP# = 38      
Type = (3,+1)
Coords = -1.62794420446556E+00  4.36221568841920E+00  8.20060980281413E-01
DistFromNuc =  2.0087237741E+00
Rho =  7.0805561648E-02
DelSqRho =  1.8263178966E-01
GradDelSqRho =  1.6458293062E-12 -4.1485391511E-13 -1.1005276551E-12
HessDelSqRho_EigVals = -1.7653438601E+00  1.7377381923E-02  5.7216215696E-01
HessDelSqRho_EigVec1 = -6.4199572946E-01  1.2984581971E-01  7.5563320895E-01
HessDelSqRho_EigVec2 =  5.8674010328E-01  7.1761340236E-01  3.7518936012E-01
HessDelSqRho_EigVec3 = -4.9353574800E-01  6.8423027400E-01 -5.3689048938E-01
</CP of DelSqRho>
<CP of DelSqRho>
CP# = 39      
Type = (3,+1)
Coords =  1.62706068308444E+00  4.36382708264169E+00 -8.13479224121925E-01
DistFromNuc =  2.0087377187E+00
Rho =  7.0806821562E-02
DelSqRho =  1.8264299661E-01
GradDelSqRho = -3.8111250267E-12 -8.8833454481E-13  2.4127401466E-12
HessDelSqRho_EigVals = -1.7658441438E+00  1.7298235327E-02  5.7200096427E-01
HessDelSqRho_EigVec1 = -6.4317090275E-01 -1.3055061921E-01  7.5451158088E-01
HessDelSqRho_EigVec2 =  5.8679638919E-01 -7.1707372078E-01  3.7613199359E-01
HessDelSqRho_EigVec3 =  4.9193616200E-01  6.8466182513E-01  5.3780758429E-01
</CP of DelSqRho>
<CP of DelSqRho>
CP# = 40      
Type = (3,+1)
Coords = -1.62899859636938E+00  4.36310476064164E+00 -8.13521309310647E-01
DistFromNuc =  2.0086978441E+00
Rho =  7.0809203794E-02
DelSqRho =  1.8265130697E-01
GradDelSqRho =  2.7593344276E-12 -6.6057923021E-13  1.7801801699E-12
HessDelSqRho_EigVals = -1.7658262047E+00  1.7334355773E-02  5.7206455980E-01
HessDelSqRho_EigVec1 =  6.4293908310E-01 -1.3059495822E-01  7.5470145906E-01
HessDelSqRho_EigVec2 =  5.8634162786E-01  7.1788817794E-01 -3.7528663632E-01
HessDelSqRho_EigVec3 = -4.9278071274E-01  6.8379932792E-01  5.3813162729E-01
</CP of DelSqRho>
<CP of DelSqRho>
CP# = 41      
Type = (3,-1)
Coords =  9.42789894167469E-01  5.28819727131512E+00  2.41054553909336E-03
DistFromNuc =  2.0086251717E+00
Rho =  7.2942353958E-02
DelSqRho =  1.9438200490E-01
GradDelSqRho = -2.0764640007E-15 -2.1112278592E-13 -1.9346503566E-14
HessDelSqRho_EigVals = -2.3684650797E+00 -1.8419217317E-02  4.5858754856E-01
HessDelSqRho_EigVec1 = -1.1291800443E-01  9.9360427136E-01 -2.7605100472E-04
HessDelSqRho_EigVec2 = -8.3995862771E-04  1.8237084514E-04  9.9999963061E-01
HessDelSqRho_EigVec3 =  9.9360395467E-01  1.1291819459E-01  8.1399352836E-04
</CP of DelSqRho>
<CP of DelSqRho>
CP# = 42      
Type = (3,-1)
Coords = -9.45842572838055E-01  5.28742880970318E+00  2.58491358549868E-03
DistFromNuc =  2.0086150235E+00
Rho =  7.2943522387E-02
DelSqRho =  1.9438514104E-01
GradDelSqRho =  8.4047352411E-15 -4.3862136145E-13 -5.2889116697E-14
HessDelSqRho_EigVals = -2.3684476239E+00 -1.8422783958E-02  4.5860640762E-01
HessDelSqRho_EigVec1 =  1.1210171431E-01  9.9369669931E-01 -2.7463563420E-04
HessDelSqRho_EigVec2 =  9.9104738004E-04  1.6457474947E-04  9.9999949537E-01
HessDelSqRho_EigVec3 =  9.9369624306E-01 -1.1210192992E-01 -9.6635139886E-04
</CP of DelSqRho>
<Path of -GradDelSqRho>
Starting CP# =      3
Ending CP# =      0
Number of Points =     30
  9.2631035139E-01  4.2174387827E+00  2.5708771493E-03  4.0547185418E-01 -9.2318853606E-01
  9.4606978344E-01  4.2327542812E+00  2.5885079442E-03  3.9477997565E-01 -9.3242195802E-01
  9.6581516260E-01  4.2480878928E+00  2.6061230434E-03  3.8509210795E-01 -9.5989624326E-01
  9.8554636493E-01  4.2634397429E+00  2.6237201900E-03  3.7637640868E-01 -1.0054261996E+00
  1.0052636390E+00  4.2788094778E+00  2.6412978241E-03  3.6859735644E-01 -1.0690136136E+00
  1.0249675836E+00  4.2941962977E+00  2.6588551270E-03  3.6171588172E-01 -1.1507805737E+00
  1.0446591028E+00  4.3095990160E+00  2.6763920346E-03  3.5568937183E-01 -1.2508332366E+00
  1.0643393485E+00  4.3250161363E+00  2.6939092267E-03  3.5047164129E-01 -1.3690294536E+00
  1.0840096548E+00  4.3404459362E+00  2.7114081051E-03  3.4601302930E-01 -1.5046218768E+00
  1.1036714782E+00  4.3558865444E+00  2.7288907837E-03  3.4226088434E-01 -1.6557665295E+00
  1.1233263501E+00  4.3713360006E+00  2.7463601164E-03  3.3916081903E-01 -1.8189466437E+00
  1.1429758533E+00  4.3867922846E+00  2.7638198058E-03  3.3665923622E-01 -1.9884858085E+00
  1.1626216224E+00  4.4022533146E+00  2.7812746106E-03  3.3470767271E-01 -2.1565204696E+00
  1.1822653221E+00  4.4177169739E+00  2.7987304925E-03  3.3326936202E-01 -2.3140315538E+00
  1.2019083493E+00  4.4331814874E+00  2.8161935386E-03  3.3232793231E-01 -2.4536843960E+00
  1.2215503414E+00  4.4486473155E+00  2.8336628352E-03  3.3189720552E-01 -2.5751026876E+00
  1.2411858257E+00  4.4641214043E+00  2.8511116377E-03  3.3202965588E-01 -2.6925990974E+00
  1.2608066502E+00  4.4796140763E+00  2.8684936757E-03  3.3281947154E-01 -2.8442231088E+00
  1.2804132705E+00  4.4951247214E+00  2.8858026988E-03  3.3439497089E-01 -3.0994663434E+00
  1.3000118954E+00  4.5106454687E+00  2.9030664793E-03  3.3689517970E-01 -3.5615982873E+00
  1.3196069066E+00  4.5261707784E+00  2.9203071744E-03  3.4042731797E-01 -4.3600317906E+00
  1.3392004011E+00  4.5416980021E+00  2.9375360650E-03  3.4500643072E-01 -5.6288609060E+00
  1.3587933405E+00  4.5572259262E+00  2.9547585369E-03  3.5048518189E-01 -7.4702011202E+00
  1.3783861948E+00  4.5727539579E+00  2.9719772644E-03  3.5648977496E-01 -9.9057773601E+00
  1.3979792218E+00  4.5882817714E+00  2.9891936588E-03  3.6238484460E-01 -1.2827752580E+01
  1.4175725969E+00  4.6038091459E+00  3.0064085176E-03  3.6729221524E-01 -1.5968525015E+01
  1.4371664945E+00  4.6193358609E+00  3.0236223425E-03  3.7018109398E-01 -1.8913609564E+01
  1.4567612000E+00  4.6348615564E+00  3.0408355404E-03  3.7002796359E-01 -2.1173630835E+01
  1.4763575592E+00  4.6503851645E+00  3.0580487788E-03  3.6601663293E-01 -2.2307306470E+01
  1.4822376881E+00  4.6550407048E+00  3.0632133456E-03  3.6398491797E-01 -2.2382414038E+01
</Path of -GradDelSqRho>
<Path of -GradDelSqRho>
Starting CP# =      3
Ending CP# =     21
Number of Points =     18
  9.2631035139E-01  4.2174387827E+00  2.5708771493E-03  4.0547185418E-01 -9.2318853606E-01
  9.0653780738E-01  4.2021402157E+00  2.5532339242E-03  4.1719560423E-01 -9.3258361271E-01
  8.8675252342E-01  4.1868581284E+00  2.5355811696E-03  4.2997462862E-01 -9.6117188787E-01
  8.6695566210E-01  4.1715910414E+00  2.5179227558E-03  4.4382721696E-01 -1.0096338013E+00
  8.4714867070E-01  4.1563370990E+00  2.5002629614E-03  4.5876576641E-01 -1.0786703281E+00
  8.2733325024E-01  4.1410941075E+00  2.4826064688E-03  4.7479592542E-01 -1.1688752441E+00
  8.0751133981E-01  4.1258595564E+00  2.4649584376E-03  4.9191574012E-01 -1.2805770044E+00
  7.8768512762E-01  4.1106306038E+00  2.4473246883E-03  5.1011490226E-01 -1.4136542010E+00
  7.6785710010E-01  4.0954040147E+00  2.4297120464E-03  5.2937421775E-01 -1.5673310034E+00
  7.4803014411E-01  4.0801760305E+00  2.4121289314E-03  5.4966543273E-01 -1.7399616011E+00
  7.2820772890E-01  4.0649421361E+00  2.3945863469E-03  5.7095156793E-01 -1.9288149104E+00
  7.0839421944E-01  4.0496966611E+00  2.3770995850E-03  5.9318792088E-01 -2.1298718223E+00
  6.8859543123E-01  4.0344320744E+00  2.3596913116E-03  6.1632389690E-01 -2.3376456087E+00
  6.6881968440E-01  4.0191376519E+00  2.3423975820E-03  6.4030582179E-01 -2.5450290909E+00
  6.4908003690E-01  4.0037966749E+00  2.3252808872E-03  6.6508086302E-01 -2.7431548866E+00
  6.2939983909E-01  3.9883795342E+00  2.3084631613E-03  6.9060208713E-01 -2.9212190376E+00
  6.0983046954E-01  3.9728220836E+00  2.2922324548E-03  7.1683409873E-01 -3.0661510018E+00
  5.7964041715E-01  3.9374386645E+00  2.3262354699E-03  7.6620880603E-01 -3.1902599690E+00
</Path of -GradDelSqRho>
<Path of -GradDelSqRho>
Starting CP# =      4
Ending CP# =     22
Number of Points =     18
 -9.2850133038E-01  4.2166914326E+00  2.7225699169E-03  4.0548071346E-01 -9.2325121836E-01
 -9.0871641009E-01  4.2014088788E+00  2.7016630122E-03  4.1720471608E-01 -9.3264700517E-01
 -8.8891877556E-01  4.1861427988E+00  2.6807450835E-03  4.2998402000E-01 -9.6123737300E-01
 -8.6910958735E-01  4.1708917137E+00  2.6598200020E-03  4.4383691392E-01 -1.0097026909E+00
 -8.4929029033E-01  4.1556537674E+00  2.6388920591E-03  4.5877579360E-01 -1.0787438432E+00
 -8.2946258278E-01  4.1404267663E+00  2.6179659556E-03  4.7480630560E-01 -1.1689544913E+00
 -8.0962840082E-01  4.1252081993E+00  2.5970468655E-03  4.9192649370E-01 -1.2806629483E+00
 -7.8978992951E-01  4.1099952240E+00  2.5761406101E-03  5.1012604697E-01 -1.4137476331E+00
 -7.6994965187E-01  4.0947846044E+00  2.5552539891E-03  5.2938576832E-01 -1.5674325073E+00
 -7.5011045109E-01  4.0795725804E+00  2.5343953507E-03  5.4967740069E-01 -1.7400715172E+00
 -7.3027579228E-01  4.0643546348E+00  2.5135755532E-03  5.7096396157E-01 -1.9289333011E+00
 -7.1045003548E-01  4.0491250942E+00  2.4928096209E-03  5.9320074535E-01 -2.1299984417E+00
 -6.9063899008E-01  4.0338764229E+00  2.4721197413E-03  6.1633715446E-01 -2.3377798789E+00
 -6.7085096781E-01  4.0185978899E+00  2.4515411064E-03  6.4031951233E-01 -2.5451700860E+00
 -6.5109901401E-01  4.0032727649E+00  2.4311345769E-03  6.6509498476E-01 -2.7433013214E+00
 -6.3140645738E-01  3.9878714174E+00  2.4110187168E-03  6.9061663759E-01 -2.9213692470E+00
 -6.1182463105E-01  3.9723296526E+00  2.3914733182E-03  7.1684907581E-01 -3.0663028797E+00
 -5.8160764485E-01  3.9369713283E+00  2.4169569505E-03  7.6622271485E-01 -3.1904073776E+00
</Path of -GradDelSqRho>
<Path of -GradDelSqRho>
Starting CP# =      4
Ending CP# =      0
Number of Points =     30
 -9.2850133038E-01  4.2166914326E+00  2.7225699169E-03  4.0548071346E-01 -9.2325121836E-01
 -9.4827316502E-01  4.2319909123E+00  2.7434629630E-03  3.9478860965E-01 -9.3248536484E-01
 -9.6803097489E-01  4.2473084992E+00  2.7643388735E-03  3.8510054376E-01 -9.5996184229E-01
 -9.8777463633E-01  4.2626443185E+00  2.7851954545E-03  3.7638467256E-01 -1.0054954677E+00
 -1.0075043976E+00  4.2779980166E+00  2.8060312326E-03  3.6860547329E-01 -1.0690880015E+00
 -1.0272208561E+00  4.2933687939E+00  2.8268454965E-03  3.6172387444E-01 -1.1508614504E+00
 -1.0469249146E+00  4.3087554639E+00  2.8476383062E-03  3.5569726080E-01 -1.2509217971E+00
 -1.0666177226E+00  4.3241565307E+00  2.8684104753E-03  3.5047944394E-01 -1.3691265734E+00
 -1.0863006116E+00  4.3395702723E+00  2.8891635433E-03  3.4602075981E-01 -1.5047278974E+00
 -1.1059750352E+00  4.3549948180E+00  2.9098997580E-03  3.4226855378E-01 -1.6558809759E+00
 -1.1256425217E+00  4.3704282085E+00  2.9306220977E-03  3.3916843599E-01 -1.8190679200E+00
 -1.1453046503E+00  4.3858684243E+00  2.9513343740E-03  3.3666680838E-01 -1.9886110018E+00
 -1.1649630519E+00  4.4013133852E+00  2.9720414349E-03  3.3471520950E-01 -2.1566455065E+00
 -1.1846193869E+00  4.4167609761E+00  2.9927493049E-03  3.3327687862E-01 -2.3141520735E+00
 -1.2042750480E+00  4.4322094245E+00  3.0134640979E-03  3.3233545467E-01 -2.4537977411E+00
 -1.2239296715E+00  4.4476591929E+00  3.0341848790E-03  3.3190477573E-01 -2.5752112646E+00
 -1.2435777965E+00  4.4631172241E+00  3.0548848818E-03  3.3203733621E-01 -2.6927149236E+00
 -1.2632112979E+00  4.4785938237E+00  3.0755179751E-03  3.3282734463E-01 -2.8443726557E+00
 -1.2828306387E+00  4.4940883717E+00  3.0960781312E-03  3.3440313344E-01 -3.0996939815E+00
 -1.3024420115E+00  4.5095930042E+00  3.1165931999E-03  3.3690372678E-01 -3.5619660353E+00
 -1.3220497841E+00  4.5251021896E+00  3.1370853273E-03  3.4043631710E-01 -4.3606129967E+00
 -1.3416560466E+00  4.5406132841E+00  3.1575657743E-03  3.4501588731E-01 -5.6297261614E+00
 -1.3612617570E+00  4.5561250765E+00  3.1780399144E-03  3.5049500173E-01 -7.4713963992E+00
 -1.3808673836E+00  4.5716369747E+00  3.1985104168E-03  3.5649973359E-01 -9.9072974473E+00
 -1.4004731835E+00  4.5871486538E+00  3.2189786930E-03  3.6239457612E-01 -1.2829517267E+01
 -1.4200793314E+00  4.6026598931E+00  3.2394455473E-03  3.6730123309E-01 -1.5970369738E+01
 -1.4396860014E+00  4.6181704725E+00  3.2599114971E-03  3.7018884981E-01 -1.8915302400E+01
 -1.4592934782E+00  4.6336800320E+00  3.2803769878E-03  3.7003393843E-01 -2.1174920166E+01
 -1.4789026065E+00  4.6491875033E+00  3.3008428160E-03  3.6602044034E-01 -2.2307988771E+01
 -1.4847865616E+00  4.6538382057E+00  3.3069833555E-03  3.6398803076E-01 -2.2382889947E+01
</Path of -GradDelSqRho>
<Path of -GradDelSqRho>
Starting CP# =      7
Ending CP# =     15
Number of Points =     42
 -8.2277998614E-04  3.5755525598E+00  1.5882917479E-01  2.2530256284E+01  1.2397423566E+03
 -8.2376421680E-04  3.5844219565E+00  1.8220295568E-01  1.5608364009E+01  1.1573938539E+03
 -8.2474052201E-04  3.5932688074E+00  2.0558528280E-01  1.0915561556E+01  9.8681250864E+02
 -8.2571465138E-04  3.6021098057E+00  2.2896982349E-01  7.7437195565E+00  7.7783806867E+02
 -8.2668398652E-04  3.6109374546E+00  2.5235940615E-01  5.6080550661E+00  5.7639697589E+02
 -8.2764395053E-04  3.6197387187E+00  2.7575892843E-01  4.1710211377E+00  4.1146379409E+02
 -8.2858949486E-04  3.6284993255E+00  2.9917370046E-01  3.2015794725E+00  2.8823899506E+02
 -8.2951548758E-04  3.6372048896E+00  3.2260898989E-01  2.5446027737E+00  1.9955532000E+02
 -8.3041710026E-04  3.6458420509E+00  3.4606957205E-01  2.0965736826E+00  1.3617680971E+02
 -8.3128956175E-04  3.6543978402E+00  3.6955994739E-01  1.7880681648E+00  9.0878260117E+01
 -8.3212698758E-04  3.6628564618E+00  3.9308547916E-01  1.5722007465E+00  5.8749991813E+01
 -8.3292068056E-04  3.6711946610E+00  4.1665394777E-01  1.4172774182E+00  3.6404494370E+01
 -8.3365711194E-04  3.6793763265E+00  4.4027718473E-01  1.3020425382E+00  2.1305442049E+01
 -8.3431513104E-04  3.6873451310E+00  4.6397301500E-01  1.2124560885E+00  1.1444352891E+01
 -8.3486133040E-04  3.6950123061E+00  4.8776802439E-01  1.1394205993E+00  5.2331428413E+00
 -8.3524147129E-04  3.7022338375E+00  5.1170173725E-01  1.0771627932E+00  1.4645268968E+00
 -8.3536293865E-04  3.7087631271E+00  5.3583265210E-01  1.0221095791E+00 -7.3176032673E-01
 -8.3505306850E-04  3.7141361585E+00  5.6024434625E-01  9.7217024653E-01 -1.9501216211E+00
 -8.3393601512E-04  3.7173210540E+00  5.8502438805E-01  9.2647859775E-01 -2.5777698144E+00
 -8.3097321125E-04  3.7153151751E+00  6.0982923379E-01  8.8662270359E-01 -2.8617861143E+00
 -8.2401119531E-04  3.7006909900E+00  6.2934190883E-01  8.6466419174E-01 -2.9819620531E+00
 -8.1496532478E-04  3.6773395196E+00  6.3798270922E-01  8.6478021683E-01 -3.0700512697E+00
 -8.0589037230E-04  3.6527862883E+00  6.4265417297E-01  8.7042055518E-01 -3.1556098184E+00
 -7.9688771665E-04  3.6280107540E+00  6.4598418937E-01  8.7669223546E-01 -3.2395637147E+00
 -7.8794895287E-04  3.6031295442E+00  6.4840573031E-01  8.8279763413E-01 -3.3215286453E+00
 -7.7907056541E-04  3.5781805744E+00  6.4998386518E-01  8.8859090250E-01 -3.4010760960E+00
 -7.7025074533E-04  3.5531928031E+00  6.5072781982E-01  8.9402724776E-01 -3.4777845777E+00
 -7.6148790400E-04  3.5281941136E+00  6.5063913820E-01  8.9907876448E-01 -3.5512484327E+00
 -7.5278040915E-04  3.5032122211E+00  6.4971858116E-01  9.0372260070E-01 -3.6210835845E+00
 -7.4412659329E-04  3.4782748107E+00  6.4796704588E-01  9.0793960224E-01 -3.6869327297E+00
