 AIMInt (Version 19.02.13, Professional)
 Portions Copyright (c) 1997-2019 by Todd A. Keith
 AIMInt is a component of the AIMAll package ( http://aim.tkgristmill.com )

 TP:  64-bit Linux

 Licensed To:  Research Group of Fernando Cortes Guzman, UNAM, fercor@unam.mx

 AIMInt is a heavily modified and extended version of the PROAIMV program
 developed by members of R.F.W. Bader's research group

 Much of the Quantum Theory of Atoms in Molecules (QTAIM) is described in the book:
   "Atoms in Molecules - A Quantum Theory"
   R.F.W. Bader, Oxford University Press, Oxford, 1990

 For additional references see:  http://aim.tkgristmill.com/references.html

 Current Directory:  /home/scratch/M_H2O_4_cuadrado_plano/Opt

 Inp File:  V3_cuadrado_plano_cc-pvtz-def2-tzv_1_atomicfiles/o6.inp
 Wfx File:  V3_cuadrado_plano_cc-pvtz-def2-tzv_1.wfx
 Out File:  V3_cuadrado_plano_cc-pvtz-def2-tzv_1_atomicfiles/o6.int

 Wfx Title:   V3_cuadrado_plano_cc-pvtz-def2-tzv_1                                          
 Job Title:   V3_cuadrado_plano_cc-pvtz-def2-tzv_1                                          
 
<Atom>
O6      
</Atom>
<Nuclei of Molecule>
    13
V1        23.0           5.2798968090E-04  -5.7760036768E-04  -2.4249930219E-03
O2         8.0          -3.5149995828E+00   8.3752999038E-05   5.8046521433E-04
H3         1.0          -4.6536992267E+00   5.8768667744E-04  -1.5093825003E+00
O4         8.0          -8.1587268196E-04   3.5150129130E+00   1.7260549906E-03
H5         1.0           1.4894476958E+00   4.6607795470E+00   3.0695161542E-03
O6         8.0           3.5147820289E+00   8.6125455585E-04   5.8044631707E-04
H7         1.0           4.6534721332E+00   1.2770344169E-03  -1.5094763781E+00
O8         8.0          -3.8371024343E-05  -3.5147680940E+00   1.7260549906E-03
H9         1.0           1.4903757749E+00  -4.6604593628E+00   3.4256075612E-03
H10        1.0          -4.6511094316E+00   2.8593407084E-04   1.5124311309E+00
H11        1.0           4.6510468902E+00   1.3046358757E-03   1.5123997448E+00
H12        1.0          -1.4919918354E+00   4.6595635819E+00   3.3144749522E-03
H13        1.0          -1.4911113828E+00  -4.6595728610E+00   3.0890714199E-03
</Nuclei of Molecule>
<Total Number of CPs of DelSqRho>
    42
</Total Number of CPs of DelSqRho>
<Number of (3,+3) CPs of DelSqRho>
     5
</Number of (3,+3) CPs of DelSqRho>
<Number of (3,+1) CPs of DelSqRho>
    15
</Number of (3,+1) CPs of DelSqRho>
<Number of (3,-1) CPs of DelSqRho>
    16
</Number of (3,-1) CPs of DelSqRho>
<Number of (3,-3) CPs of DelSqRho>
     6
</Number of (3,-3) CPs of DelSqRho>
<Number of Degenerate CPs of DelSqRho>
     0
</Number of Degenerate CPs of DelSqRho>
<CP of DelSqRho>
CP# = 1       
Type = (3,+3)
Coords =  3.51478231842482E+00  8.61254656959749E-04  5.80446551198235E-04
DistFromNuc =  2.8948993689E-07
Rho =  2.9725961066E+02
DelSqRho = -3.3287130990E+06
GradDelSqRho = -1.5052188246E-05  3.2753533219E-09 -1.2967085183E-09
HessDelSqRho_EigVals =  1.3237447480E+11  1.3237449252E+11  1.3237449924E+11
HessDelSqRho_EigVec1 = -3.8921740918E-04  9.9999992423E-01 -6.9604331936E-06
HessDelSqRho_EigVec2 =  9.9999964712E-01  3.8922248332E-04  7.4449282784E-04
HessDelSqRho_EigVec3 = -7.4449548059E-04  6.6706611678E-06  9.9999972284E-01
</CP of DelSqRho>
<CP of DelSqRho>
CP# = 2       
Type = (3,-1)
Coords =  2.03059155554100E+00  1.51773147786884E-04 -1.04727935332878E-03
DistFromNuc =  1.4841915355E+00
Rho =  1.6157075257E-01
DelSqRho =  4.1061777627E-01
GradDelSqRho = -3.8025138593E-15 -3.4965520063E-18  2.0816681712E-17
HessDelSqRho_EigVals = -7.0572984961E-01 -2.3009504583E-01  4.3732803696E+00
HessDelSqRho_EigVec1 = -4.2788763125E-04  9.9999990827E-01 -1.9373413173E-05
HessDelSqRho_EigVec2 = -7.9267397038E-04  1.9034233442E-05  9.9999968565E-01
HessDelSqRho_EigVec3 =  9.9999959429E-01  4.2790285354E-04  7.9266575316E-04
</CP of DelSqRho>
<CP of DelSqRho>
CP# = 3       
Type = (3,+1)
Coords =  4.21453790302874E+00  1.12076242858249E-03 -9.33210058416211E-01
DistFromNuc =  1.1668860516E+00
Rho =  3.9835807527E-01
DelSqRho = -8.7085695325E-01
GradDelSqRho =  5.5511151231E-16 -4.3368086899E-18  5.9813265452E-15
HessDelSqRho_EigVals = -2.8353973186E+01  1.3525097334E+01  1.4045201717E+01
HessDelSqRho_EigVec1 = -6.0238881311E-01 -2.1743579997E-04  7.9820277534E-01
HessDelSqRho_EigVec2 = -2.7646039032E-04  9.9999995975E-01  6.3767185972E-05
HessDelSqRho_EigVec3 =  7.9820275708E-01  1.8225881135E-04  6.0238884898E-01
</CP of DelSqRho>
<CP of DelSqRho>
CP# = 4       
Type = (3,+1)
Coords =  4.21305957633118E+00  1.13828438770448E-03  9.35464076235526E-01
DistFromNuc =  1.1668757481E+00
Rho =  3.9839372150E-01
DelSqRho = -8.7114292813E-01
GradDelSqRho =  1.2212453271E-15 -1.0842021725E-18 -3.3861802251E-15
HessDelSqRho_EigVals = -2.8361302240E+01  1.3528575054E+01  1.4049397093E+01
HessDelSqRho_EigVec1 =  6.0111792496E-01  2.3148434496E-04  7.9916030101E-01
HessDelSqRho_EigVec2 = -2.6817688785E-04  9.9999996017E-01 -8.7940305973E-05
HessDelSqRho_EigVec3 =  7.9916028954E-01  1.6145382817E-04 -6.0111796309E-01
</CP of DelSqRho>
<CP of DelSqRho>
CP# = 5       
Type = (3,-1)
Coords =  3.68354945881552E+00  9.10515177445181E-04  7.38650971290023E-04
DistFromNuc =  1.6876751122E-01
Rho =  2.2357544421E+01
DelSqRho =  1.2490548728E+03
GradDelSqRho = -4.4849457481E-11 -4.2743586448E-15  7.1054273576E-15
HessDelSqRho_EigVals = -4.0681287826E+05 -1.0343375538E+03  1.5259779697E+03
HessDelSqRho_EigVec1 =  9.9999951743E-01  2.9166059123E-04  9.3812655147E-04
HessDelSqRho_EigVec2 = -2.9165659463E-04  9.9999995746E-01 -4.3969990065E-06
HessDelSqRho_EigVec3 = -9.3812779400E-04  4.1233860893E-06  9.9999955995E-01
</CP of DelSqRho>
<CP of DelSqRho>
CP# = 6       
Type = (3,-1)
Coords =  3.34774719456544E+00  8.07156519242616E-04  3.63539089179287E-04
DistFromNuc =  1.6703498397E-01
Rho =  2.2738917555E+01
DelSqRho =  1.2884496426E+03
GradDelSqRho =  0.0000000000E+00  2.9198865548E-14 -1.1068923556E-13
HessDelSqRho_EigVals = -4.4852521251E+05 -2.5159917382E+03  3.9940735203E+02
HessDelSqRho_EigVec1 =  9.9999910750E-01  3.2395735268E-04  1.2961651391E-03
HessDelSqRho_EigVec2 = -3.2395094994E-04  9.9999994751E-01 -5.1497029150E-06
HessDelSqRho_EigVec3 = -1.2961667394E-03  4.7298043908E-06  9.9999915996E-01
</CP of DelSqRho>
<CP of DelSqRho>
CP# = 7       
Type = (3,+1)
Coords =  3.58080175206156E+00  1.55761822063700E-01  6.37564362064481E-04
DistFromNuc =  1.6838287597E-01
Rho =  2.2521394336E+01
DelSqRho =  1.2400741761E+03
GradDelSqRho =  3.8653524825E-12  1.1965539670E-11  2.2204460493E-15
HessDelSqRho_EigVals = -4.1276694202E+05  1.4616936384E+03  2.6672074635E+03
HessDelSqRho_EigVec1 =  3.8832644713E-01  9.2152181601E-01  3.3625235234E-04
HessDelSqRho_EigVec2 =  9.2152135791E-01 -3.8832658982E-01  9.2008940602E-04
HessDelSqRho_EigVec3 = -9.7845818963E-04  4.7431325764E-05  9.9999952018E-01
</CP of DelSqRho>
<CP of DelSqRho>
CP# = 8       
Type = (3,+1)
Coords =  3.58090022079990E+00 -1.53997257416672E-01  6.39012408362135E-04
DistFromNuc =  1.6838283005E-01
Rho =  2.2521403324E+01
DelSqRho =  1.2400752441E+03
GradDelSqRho =  7.3896444519E-13 -1.7720935830E-11 -1.6153745008E-14
HessDelSqRho_EigVals = -4.1276801300E+05  1.4616446658E+03  2.6671858528E+03
HessDelSqRho_EigVec1 = -3.8891224569E-01  9.2127473982E-01 -3.4486405856E-04
HessDelSqRho_EigVec2 =  9.2127428621E-01  3.8891239672E-01  9.1501284674E-04
HessDelSqRho_EigVec3 = -9.7710012987E-04 -3.8145311670E-05  9.9999952191E-01
</CP of DelSqRho>
<CP of DelSqRho>
CP# = 9       
Type = (3,-3)
Coords =  3.39947312956543E+00  8.24170870744382E-04  1.21741921000336E-01
DistFromNuc =  1.6726101338E-01
Rho =  2.2654446957E+01
DelSqRho =  1.2901643061E+03
GradDelSqRho = -3.4106051316E-12  2.5535129566E-15  4.5474735089E-12
HessDelSqRho_EigVals = -4.4371329429E+05 -2.8638287269E+03 -6.4713453083E+02
HessDelSqRho_EigVec1 = -6.9169562167E-01 -2.2254609772E-04  7.2218911473E-01
HessDelSqRho_EigVec2 = -3.2102126130E-04  9.9999994847E-01  6.8830357446E-07
HessDelSqRho_EigVec3 =  7.2218907767E-01  2.3136196394E-04  6.9169565747E-01
</CP of DelSqRho>
<CP of DelSqRho>
CP# = 10      
Type = (3,-3)
Coords =  3.39966962647439E+00  8.23010400435152E-04 -1.20767801880223E-01
DistFromNuc =  1.6726106541E-01
Rho =  2.2654457272E+01
DelSqRho =  1.2901586731E+03
GradDelSqRho = -5.4569682106E-12  2.3869795029E-15 -1.1368683772E-12
HessDelSqRho_EigVals = -4.4371117404E+05 -2.8634493907E+03 -6.4637090537E+02
HessDelSqRho_EigVec1 =  6.9052418419E-01  2.2945882133E-04  7.2330926885E-01
HessDelSqRho_EigVec2 = -3.2132897278E-04  9.9999994832E-01 -1.0470462650E-05
HessDelSqRho_EigVec3 =  7.2330923387E-01  2.2519011668E-04 -6.9052422223E-01
</CP of DelSqRho>
<CP of DelSqRho>
CP# = 11      
Type = (3,-1)
Coords =  4.22858984649177E+00  1.00969165802101E-03  1.10448007128550E-03
DistFromNuc =  7.1380802535E-01
Rho =  6.9799161099E-01
DelSqRho = -1.3341937150E+00
GradDelSqRho = -1.6875389974E-13  1.5435439385E-13  4.3229309021E-15
HessDelSqRho_EigVals = -1.8192193685E+01 -3.4422698514E+00  1.4668545436E+02
HessDelSqRho_EigVec1 = -7.5118809831E-04  1.3407337600E-05  9.9999971777E-01
HessDelSqRho_EigVec2 = -1.9377351701E-04  9.9999998113E-01 -1.3552901531E-05
HessDelSqRho_EigVec3 =  9.9999969908E-01  1.9378364310E-04  7.5118548615E-04
</CP of DelSqRho>
<CP of DelSqRho>
CP# = 12      
Type = (3,+1)
Coords =  2.84858408616378E+00  6.59681302228653E-04  2.73771933622081E-05
DistFromNuc =  6.6619820284E-01
Rho =  8.7299736059E-01
DelSqRho = -3.6161425898E+00
GradDelSqRho =  7.8159700934E-14 -6.0715321659E-18  3.3306690739E-16
HessDelSqRho_EigVals = -4.9594140621E+00  1.9121247385E+01  2.4810443925E+02
HessDelSqRho_EigVec1 = -3.0228981476E-04  9.9999995427E-01 -9.0154054189E-06
HessDelSqRho_EigVec2 = -8.3372389251E-04  8.7633764450E-06  9.9999965241E-01
HessDelSqRho_EigVec3 =  9.9999960676E-01  3.0229722604E-04  8.3372120530E-04
</CP of DelSqRho>
<CP of DelSqRho>
CP# = 13      
Type = (3,-1)
Coords =  3.26899460162271E+00  7.79793760073889E-04  6.67652446118525E-01
DistFromNuc =  7.1091245521E-01
Rho =  6.9234815448E-01
DelSqRho = -1.1990930530E+00
GradDelSqRho =  7.1054273576E-15  6.9388939039E-18 -2.8421709430E-14
HessDelSqRho_EigVals = -1.5641415666E+01 -1.0330609894E+01  1.5053534407E+02
HessDelSqRho_EigVec1 =  9.2914296071E-01  4.2474936739E-04  3.6972040539E-01
HessDelSqRho_EigVec2 = -4.3989491913E-04  9.9999990231E-01 -4.3341016892E-05
HessDelSqRho_EigVec3 = -3.6972038768E-01 -1.2236812707E-04  9.2914305678E-01
</CP of DelSqRho>
<CP of DelSqRho>
CP# = 14      
Type = (3,-1)
Coords =  3.27008720277377E+00  7.70549397704716E-04 -6.66887202703350E-01
DistFromNuc =  7.1090690577E-01
Rho =  6.9238033394E-01
DelSqRho = -1.1994432622E+00
GradDelSqRho = -1.6209256160E-14  0.0000000000E+00  1.2434497876E-14
HessDelSqRho_EigVals = -1.5638359634E+01 -1.0330584761E+01  1.5054364804E+02
HessDelSqRho_EigVec1 =  9.2974131334E-01  3.9782288589E-04 -3.6821316110E-01
HessDelSqRho_EigVec2 = -4.1992858932E-04  9.9999991163E-01  2.0091331238E-05
HessDelSqRho_EigVec3 =  3.6821313655E-01  1.3594349262E-04  9.2974139823E-01
</CP of DelSqRho>
<CP of DelSqRho>
CP# = 15      
Type = (3,+3)
Coords =  3.15285173901327E+00  5.39418641378351E-01  2.56378074636765E-04
DistFromNuc =  6.4887417785E-01
Rho =  9.2002681113E-01
DelSqRho = -4.0721262817E+00
GradDelSqRho = -2.6645352591E-14  3.5527136788E-14 -1.1102230246E-16
HessDelSqRho_EigVals =  6.7411174072E+00  2.0350722337E+01  2.9495376072E+02
HessDelSqRho_EigVec1 =  8.4454697550E-01  5.3548104437E-01  6.7623490921E-04
HessDelSqRho_EigVec2 = -8.2722307671E-04  4.1820472425E-05  9.9999965698E-01
HessDelSqRho_EigVec3 = -5.3548083241E-01  8.4454724520E-01 -4.7828163055E-04
</CP of DelSqRho>
<CP of DelSqRho>
CP# = 16      
Type = (3,+3)
Coords =  3.15325500126810E+00 -5.37963134749312E-01  2.65029211790957E-04
DistFromNuc =  6.4887103012E-01
Rho =  9.2005110684E-01
DelSqRho = -4.0724444107E+00
GradDelSqRho = -6.9277916737E-14 -2.1316282073E-14  4.8572257327E-17
HessDelSqRho_EigVals =  6.7450804774E+00  2.0353308548E+01  2.9496564716E+02
HessDelSqRho_EigVec1 =  8.4494329267E-01 -5.3485546755E-01  6.7896587938E-04
HessDelSqRho_EigVec2 = -8.2268240496E-04 -3.0203170284E-05  9.9999966114E-01
HessDelSqRho_EigVec3 =  5.3485526580E-01  8.4494356493E-01  4.6553614850E-04
</CP of DelSqRho>
<CP of DelSqRho>
CP# = 17      
Type = (3,+1)
Coords =  3.78031168022358E+00  4.56102311359020E-01  4.39630306234521E-01
DistFromNuc =  6.8594110170E-01
Rho =  7.8584548039E-01
DelSqRho = -2.4884033820E+00
GradDelSqRho =  6.8833827527E-15  1.4210854715E-14  2.8421709430E-14
HessDelSqRho_EigVals = -1.2105004949E+01  1.0620507442E+01  1.9387341848E+02
HessDelSqRho_EigVec1 =  5.3331644806E-01 -6.7841897908E-01  5.0529323669E-01
HessDelSqRho_EigVec2 = -7.6819986986E-01 -1.3832239277E-01  6.2508869419E-01
HessDelSqRho_EigVec3 =  3.5417866420E-01  7.2153628078E-01  5.9493097864E-01
</CP of DelSqRho>
<CP of DelSqRho>
CP# = 18      
Type = (3,+1)
Coords =  3.78061921748265E+00 -4.54164699985059E-01  4.39676104750889E-01
DistFromNuc =  6.8594681089E-01
Rho =  7.8582527348E-01
DelSqRho = -2.4881888194E+00
GradDelSqRho = -5.5511151231E-15 -2.3980817332E-14 -2.6645352591E-15
HessDelSqRho_EigVals = -1.2107472382E+01  1.0619940394E+01  1.9386296735E+02
HessDelSqRho_EigVec1 =  5.3286064392E-01  6.7882505186E-01  5.0522874337E-01
HessDelSqRho_EigVec2 = -7.6829085937E-01  1.3786221153E-01  6.2507852789E-01
HessDelSqRho_EigVec3 = -3.5466701222E-01  7.2124237230E-01 -5.9499642927E-01
</CP of DelSqRho>
<CP of DelSqRho>
CP# = 19      
Type = (3,+1)
Coords =  3.78100443534468E+00  4.56031294796261E-01 -4.38144191541614E-01
DistFromNuc =  6.8595440306E-01
Rho =  7.8580805782E-01
DelSqRho = -2.4881551172E+00
GradDelSqRho = -1.1324274851E-14 -1.6875389974E-14 -4.4408920985E-15
HessDelSqRho_EigVals = -1.2104267557E+01  1.0617811219E+01  1.9385240425E+02
HessDelSqRho_EigVec1 =  5.3409773166E-01 -6.7850316150E-01 -5.0435411455E-01
HessDelSqRho_EigVec2 =  7.6722893623E-01  1.3842140044E-01  6.2625815389E-01
HessDelSqRho_EigVec3 =  3.5510473448E-01  7.2143813022E-01 -5.9449781482E-01
</CP of DelSqRho>
<CP of DelSqRho>
CP# = 20      
Type = (3,+1)
Coords =  3.78131075671981E+00 -4.54108273053819E-01 -4.38173413623302E-01
DistFromNuc =  6.8595902458E-01
Rho =  7.8579163244E-01
DelSqRho = -2.4879822619E+00
GradDelSqRho = -1.8429702209E-14  3.9079850467E-14  3.2862601529E-14
HessDelSqRho_EigVals = -1.2106440115E+01  1.0617623697E+01  1.9384403551E+02
HessDelSqRho_EigVec1 =  5.3364482544E-01  6.7889045924E-01 -5.0431234828E-01
HessDelSqRho_EigVec2 =  7.6731883700E-01 -1.3794323394E-01  6.2625351624E-01
HessDelSqRho_EigVec3 = -3.5559106101E-01  7.2116531292E-01  5.9453813063E-01
</CP of DelSqRho>
<CP of DelSqRho>
CP# = 21      
Type = (3,+3)
Coords =  3.94246342936754E+00  1.05492803978693E-03  5.77020810542089E-01
DistFromNuc =  7.1777079301E-01
Rho =  7.6330564240E-01
DelSqRho = -3.1409442470E+00
GradDelSqRho =  4.0523140399E-15  4.0115480382E-18  3.5527136788E-15
HessDelSqRho_EigVals =  1.2394423066E+01  2.1979826382E+01  1.4619594477E+02
HessDelSqRho_EigVec1 = -3.8397246025E-04  9.9999992344E-01 -7.5371532504E-05
HessDelSqRho_EigVec2 =  8.0328096801E-01  2.6354648872E-04 -5.9560021574E-01
HessDelSqRho_EigVec3 =  5.9560015027E-01  2.8923859775E-04  8.0328100770E-01
</CP of DelSqRho>
<CP of DelSqRho>
CP# = 22      
Type = (3,+3)
Coords =  3.94335842398181E+00  1.03950810178192E-03 -5.75207555134226E-01
DistFromNuc =  7.1778101172E-01
Rho =  7.6325699020E-01
DelSqRho = -3.1403522473E+00
GradDelSqRho = -2.3314683517E-15 -7.8062556419E-18 -1.4210854715E-14
HessDelSqRho_EigVals =  1.2390695282E+01  2.1972835984E+01  1.4618408098E+02
HessDelSqRho_EigVec1 = -3.7423608613E-04  9.9999992870E-01  5.0459399051E-05
HessDelSqRho_EigVec2 =  8.0237246313E-01  2.7016139149E-04  5.9682355636E-01
HessDelSqRho_EigVec3 = -5.9682350017E-01 -2.6384014415E-04  8.0237250703E-01
</CP of DelSqRho>
<CP of DelSqRho>
CP# = 23      
Type = (3,-1)
Coords =  2.25428683851884E+00  8.34945828957865E-05 -3.57300186510822E-04
DistFromNuc =  1.2604957792E+00
Rho =  2.4370384101E-01
DelSqRho =  4.5991755890E-01
GradDelSqRho =  2.9420910153E-15  2.2632720351E-18 -3.4694469520E-18
HessDelSqRho_EigVals = -7.8740848490E+00 -2.0937471719E-01  5.9388613386E-01
HessDelSqRho_EigVec1 =  9.9999954783E-01  6.6418913439E-04  6.8057648679E-04
HessDelSqRho_EigVec2 = -6.6417741019E-04  9.9999977928E-01 -1.7452731639E-05
HessDelSqRho_EigVec3 = -6.8058792849E-04  1.7000700219E-05  9.9999976826E-01
</CP of DelSqRho>
<CP of DelSqRho>
CP# = 24      
Type = (3,-3)
Coords =  3.09842157242153E+00  7.48710778195794E-04  1.07119645113049E+00
DistFromNuc =  1.1487274142E+00
Rho =  2.4735638804E-01
DelSqRho =  8.1585320468E-01
GradDelSqRho = -2.2204460493E-16 -1.8024861118E-18  4.7184478547E-15
HessDelSqRho_EigVals = -1.7401047816E+01 -1.6862519903E+00 -4.2669296746E-01
HessDelSqRho_EigVec1 = -3.9340040760E-01 -1.1131672909E-04  9.1936723180E-01
HessDelSqRho_EigVec2 =  9.1936717187E-01  3.3320344238E-04  3.9340042230E-01
HessDelSqRho_EigVec3 = -3.5012837468E-04  9.9999993829E-01 -2.8741423641E-05
</CP of DelSqRho>
<CP of DelSqRho>
CP# = 25      
Type = (3,-3)
Coords =  3.10007534767342E+00  7.17068381199259E-04 -1.07069723487080E+00
DistFromNuc =  1.1487460653E+00
Rho =  2.4735829945E-01
DelSqRho =  8.1576497095E-01
GradDelSqRho = -3.8857805862E-16 -8.2745632178E-16 -7.8270723236E-15
HessDelSqRho_EigVals = -1.7399624820E+01 -1.6856024730E+00 -4.2674617921E-01
HessDelSqRho_EigVec1 =  3.9194543380E-01  1.3706300174E-04  9.1998845544E-01
HessDelSqRho_EigVec2 =  9.1998839668E-01  3.2882172490E-04 -3.9194545776E-01
HessDelSqRho_EigVec3 = -3.5623341176E-04  9.9999993655E-01  2.7838023974E-06
</CP of DelSqRho>
<CP of DelSqRho>
CP# = 26      
Type = (3,-1)
Coords =  3.56737096287781E+00  8.97757994222450E-01  7.72311756336332E-01
DistFromNuc =  1.1843810926E+00
Rho =  2.4244150100E-01
DelSqRho =  7.2983793068E-01
GradDelSqRho = -4.0592529338E-16 -3.9412917374E-15 -1.6930901126E-15
HessDelSqRho_EigVals = -1.7110285011E+01 -1.3566625821E+00  2.6654062511E-01
HessDelSqRho_EigVec1 =  2.0084099013E-02  7.6417889698E-01  6.4469158703E-01
HessDelSqRho_EigVec2 =  7.3412810673E-01 -4.4900953996E-01  5.0935876938E-01
HessDelSqRho_EigVec3 =  6.7871389545E-01  4.6305620225E-01 -5.7002315890E-01
</CP of DelSqRho>
<CP of DelSqRho>
CP# = 27      
Type = (3,-1)
Coords =  3.56802140842928E+00 -8.95912010825833E-01  7.72413767079775E-01
DistFromNuc =  1.1843831289E+00
Rho =  2.4244326666E-01
DelSqRho =  7.2981883252E-01
GradDelSqRho = -9.7144514655E-17  2.9976021665E-15 -5.8286708793E-16
HessDelSqRho_EigVals = -1.7109488133E+01 -1.3570863547E+00  2.6667943622E-01
HessDelSqRho_EigVec1 = -2.0638853311E-02  7.6409126350E-01 -6.4477792981E-01
HessDelSqRho_EigVec2 =  7.3378883505E-01  4.4960885452E-01  5.0931898010E-01
HessDelSqRho_EigVec3 =  6.7906404948E-01 -4.6261908626E-01 -5.6996104931E-01
</CP of DelSqRho>
<CP of DelSqRho>
CP# = 28      
Type = (3,-1)
Coords =  3.56837510123021E+00  8.97557212425191E-01 -7.71320990805392E-01
DistFromNuc =  1.1843849403E+00
Rho =  2.4244342015E-01
DelSqRho =  7.2978675592E-01
GradDelSqRho = -1.7520707107E-16 -3.1086244690E-15  3.0531133177E-16
HessDelSqRho_EigVals = -1.7108656379E+01 -1.3569340055E+00  2.6661124158E-01
HessDelSqRho_EigVec1 =  2.0920385882E-02  7.6399478627E-01 -6.4488317082E-01
HessDelSqRho_EigVec2 = -7.3501256298E-01  4.4900137275E-01  5.0808886972E-01
HessDelSqRho_EigVec3 =  6.7773067638E-01  4.6336781699E-01  5.7093904794E-01
</CP of DelSqRho>
<CP of DelSqRho>
CP# = 29      
Type = (3,-1)
Coords =  3.56903196398823E+00 -8.95749662869292E-01 -7.71377166118164E-01
DistFromNuc =  1.1843870770E+00
Rho =  2.4244515322E-01
DelSqRho =  7.2977140659E-01
GradDelSqRho = -1.9949319974E-16  5.8841820305E-15  1.7486012638E-15
HessDelSqRho_EigVals = -1.7108009546E+01 -1.3573204020E+00  2.6673848407E-01
HessDelSqRho_EigVec1 = -2.1481467909E-02  7.6393966761E-01  6.4493002008E-01
HessDelSqRho_EigVec2 = -7.3466817263E-01 -4.4958206922E-01  5.0807345843E-01
HessDelSqRho_EigVec3 =  6.7808644188E-01 -4.6289539563E-01  5.7089984239E-01
</CP of DelSqRho>
<CP of DelSqRho>
CP# = 30      
Type = (3,-3)
Coords =  4.51896580073686E+00  5.93419569836596E-01  1.35499345238288E-03
DistFromNuc =  1.1659807050E+00
Rho =  2.4424748826E-01
DelSqRho =  8.4069289499E-01
GradDelSqRho = -1.0935696793E-14 -9.1038288019E-15 -4.4777549724E-17
HessDelSqRho_EigVals = -1.7920704133E+01 -1.8751392362E+00 -2.3259154374E-01
HessDelSqRho_EigVec1 =  8.5671525639E-01  5.1578924581E-01  6.5067409445E-04
HessDelSqRho_EigVec2 = -7.8450777753E-04  4.1540005499E-05  9.9999969141E-01
HessDelSqRho_EigVec3 = -5.1578905962E-01  8.5671550247E-01 -4.4022863137E-04
</CP of DelSqRho>
<CP of DelSqRho>
CP# = 31      
Type = (3,+1)
Coords =  2.34321180452667E+00  4.27971086781459E-01 -3.84128831669953E-04
DistFromNuc =  1.2469966038E+00
Rho =  2.4595126555E-01
DelSqRho =  4.5115057168E-01
GradDelSqRho =  3.4972025276E-15 -8.6042284408E-16  8.6736173799E-18
HessDelSqRho_EigVals = -1.0259549613E+01  2.7432310586E-01  6.9923402773E-01
HessDelSqRho_EigVec1 =  9.2639268449E-01 -3.7655813459E-01  7.5192955806E-04
HessDelSqRho_EigVec2 =  3.7655832957E-01  9.2639290102E-01 -1.3178829279E-04
HessDelSqRho_EigVec3 = -6.4695625097E-04  4.0523304868E-04  9.9999970862E-01
</CP of DelSqRho>
<CP of DelSqRho>
CP# = 32      
Type = (3,-3)
Coords =  4.51933399748206E+00 -5.91049953096387E-01  1.36701662785650E-03
DistFromNuc =  1.1659691908E+00
Rho =  2.4424493484E-01
DelSqRho =  8.4072681228E-01
GradDelSqRho = -1.1102230246E-15  3.0531133177E-15 -1.9531902137E-16
HessDelSqRho_EigVals = -1.7921686016E+01 -1.8746514962E+00 -2.3278199498E-01
HessDelSqRho_EigVec1 =  8.5704144465E-01 -5.1524705183E-01  6.6161204675E-04
HessDelSqRho_EigVec2 = -7.8464531920E-04 -2.1080596056E-05  9.9999969194E-01
HessDelSqRho_EigVec3 =  5.1524687916E-01  8.5704169977E-01  4.2235313195E-04
</CP of DelSqRho>
<CP of DelSqRho>
CP# = 33      
Type = (3,+1)
Coords =  2.34364020546300E+00 -4.27412228780362E-01 -3.69061711965292E-04
DistFromNuc =  1.2469932834E+00
Rho =  2.4595178812E-01
DelSqRho =  4.5116843519E-01
GradDelSqRho =  2.6090241079E-15 -1.7208456882E-15 -2.6020852140E-17
HessDelSqRho_EigVals = -1.0260780387E+01  2.7409662605E-01  6.9911749996E-01
HessDelSqRho_EigVec1 =  9.2602015870E-01  3.7747333874E-01  7.3771551429E-04
HessDelSqRho_EigVec2 = -3.7747350631E-01  9.2602037910E-01  9.7571691767E-05
HessDelSqRho_EigVec3 = -6.4630888795E-04 -3.6882141533E-04  9.9999972313E-01
</CP of DelSqRho>
<CP of DelSqRho>
CP# = 34      
Type = (3,-1)
Coords =  4.68590061962073E+00  1.47882465039499E-03  1.49877155930167E-03
DistFromNuc =  1.1711191136E+00
Rho =  2.4918280190E-01
DelSqRho =  8.2534498351E-01
GradDelSqRho = -4.0165648585E-12 -1.5581747047E-13 -3.4853982764E-15
HessDelSqRho_EigVals = -1.6499334083E+01 -3.7153908213E+00  1.8426433679E-01
HessDelSqRho_EigVec1 =  9.9999956870E-01  5.2447427936E-04  7.6650130324E-04
HessDelSqRho_EigVec2 = -7.6650655572E-04  9.8138306913E-06  9.9999970619E-01
HessDelSqRho_EigVec3 = -5.2446660295E-04  9.9999986242E-01 -1.0215839432E-05
</CP of DelSqRho>
<CP of DelSqRho>
CP# = 35      
Type = (3,-1)
Coords =  3.93492521388691E+00  1.47430901606310E-03  1.97918003736926E+00
DistFromNuc =  2.0227152576E+00
Rho =  7.0104612641E-02
DelSqRho =  1.8383094195E-01
GradDelSqRho = -5.8980598183E-17  2.8712722846E-16 -1.6792123247E-15
HessDelSqRho_EigVals = -2.0219911969E+00 -8.7580422004E-03  4.9958075235E-01
HessDelSqRho_EigVec1 = -3.2460300831E-01  3.0053401105E-04  9.4585030352E-01
HessDelSqRho_EigVec2 = -1.7202583052E-05  9.9999994748E-01 -3.2364318575E-04
HessDelSqRho_EigVec3 =  9.4585035111E-01  1.2132662011E-04  3.2460298609E-01
</CP of DelSqRho>
<CP of DelSqRho>
CP# = 36      
Type = (3,-1)
Coords =  3.93809593749746E+00  1.32755917352630E-03 -1.97742082968615E+00
DistFromNuc =  2.0227911238E+00
Rho =  7.0097472792E-02
DelSqRho =  1.8379173139E-01
GradDelSqRho = -2.0816681712E-17  1.8902387251E-16  1.3877787808E-15
HessDelSqRho_EigVals = -2.0215073766E+00 -8.6843339278E-03  4.9949456346E-01
HessDelSqRho_EigVec1 =  3.2302434367E-01 -1.7765301520E-04  9.4639063913E-01
HessDelSqRho_EigVec2 = -1.1015684947E-04  9.9999996855E-01  2.2531536640E-04
HessDelSqRho_EigVec3 =  9.4639064939E-01  1.7703375953E-04 -3.2302431394E-01
</CP of DelSqRho>
<CP of DelSqRho>
CP# = 37      
Type = (3,+1)
Coords =  4.47294414090033E+00  8.60594222333542E-01  1.54760785056008E+00
DistFromNuc =  2.0125876871E+00
Rho =  6.9531846051E-02
DelSqRho =  1.8077747738E-01
GradDelSqRho =  2.2797735921E-14  8.1344653236E-14 -9.3088297487E-14
HessDelSqRho_EigVals = -1.7568168539E+00  1.4335306267E-02  5.6795949423E-01
HessDelSqRho_EigVec1 =  2.3263928408E-01  7.9884698985E-01  5.5472736575E-01
HessDelSqRho_EigVec2 = -7.7992208480E-01 -1.8752108415E-01  5.9712426231E-01
HessDelSqRho_EigVec3 =  5.8103399654E-01 -5.7155868448E-01  5.7941363900E-01
</CP of DelSqRho>
<CP of DelSqRho>
CP# = 38      
Type = (3,+1)
Coords =  4.47312069494758E+00 -8.58000910418212E-01  1.54797750250189E+00
DistFromNuc =  2.0125841266E+00
Rho =  6.9532452075E-02
DelSqRho =  1.8077811202E-01
GradDelSqRho =  2.4244495300E-14 -8.7995583042E-14 -8.3372978660E-14
HessDelSqRho_EigVals = -1.7568374935E+00  1.4328429467E-02  5.6794183482E-01
HessDelSqRho_EigVec1 = -2.3279648239E-01  7.9856251480E-01 -5.5507090335E-01
HessDelSqRho_EigVec2 = -7.7991836728E-01  1.8766439884E-01  5.9708409273E-01
HessDelSqRho_EigVec3 =  5.8097602203E-01  5.7190906914E-01  5.7912596079E-01
</CP of DelSqRho>
<CP of DelSqRho>
CP# = 39      
Type = (3,+1)
Coords =  4.47467739478445E+00  8.60378355420716E-01 -1.54556271122954E+00
DistFromNuc =  2.0126419015E+00
Rho =  6.9526006175E-02
DelSqRho =  1.8076342571E-01
GradDelSqRho =  6.9605779474E-15  2.5274921045E-14  5.3190958582E-14
HessDelSqRho_EigVals = -1.7567485564E+00  1.4268139585E-02  5.6779698598E-01
HessDelSqRho_EigVec1 =  2.3281436133E-01  7.9866645396E-01 -5.5491383879E-01
HessDelSqRho_EigVec2 =  7.7876390775E-01  1.8866801166E-01  5.9827348041E-01
HessDelSqRho_EigVec3 =  5.8251544970E-01 -5.7143352780E-01 -5.7804798604E-01
</CP of DelSqRho>
<CP of DelSqRho>
CP# = 40      
Type = (3,+1)
Coords =  4.47491628508037E+00 -8.57856232556906E-01 -1.54585306788169E+00
DistFromNuc =  2.0126376043E+00
Rho =  6.9526605817E-02
DelSqRho =  1.8076474324E-01
GradDelSqRho =  7.5694658874E-15 -2.6544738629E-14  4.7336700532E-14
HessDelSqRho_EigVals = -1.7567775890E+00  1.4260675551E-02  5.6777905358E-01
HessDelSqRho_EigVec1 = -2.3303000283E-01  7.9841643491E-01  5.5518304572E-01
HessDelSqRho_EigVec2 =  7.7877936817E-01 -1.8869422622E-01  5.9824508748E-01
HessDelSqRho_EigVec3 =  5.8240854517E-01  5.7177415599E-01 -5.7781883064E-01
</CP of DelSqRho>
<CP of DelSqRho>
CP# = 41      
Type = (3,-1)
Coords =  5.28839304359299E+00  1.15108649337270E-03  9.65392120808349E-01
DistFromNuc =  2.0190487073E+00
Rho =  7.0937076020E-02
DelSqRho =  1.8819307259E-01
GradDelSqRho = -5.8980598183E-15 -1.2171355232E-16 -5.6465249143E-16
HessDelSqRho_EigVals = -2.2123177649E+00 -1.4494438146E-02  4.8349206321E-01
HessDelSqRho_EigVec1 =  9.9675224440E-01 -1.8473469325E-05 -8.0529267654E-02
HessDelSqRho_EigVec2 = -9.0978725488E-07  9.9999997104E-01 -2.4066158607E-04
HessDelSqRho_EigVec3 =  8.0529269768E-02  2.3995324055E-04  9.9675221551E-01
</CP of DelSqRho>
<CP of DelSqRho>
CP# = 42      
Type = (3,-1)
Coords =  5.28996346605898E+00  1.16982831909169E-03 -9.61511428979022E-01
DistFromNuc =  2.0191310028E+00
Rho =  7.0928421546E-02
DelSqRho =  1.8816151722E-01
GradDelSqRho = -8.7337082011E-13  8.1698530048E-15  4.2491184182E-14
HessDelSqRho_EigVals = -2.2122631873E+00 -1.4432370311E-02  4.8332195049E-01
HessDelSqRho_EigVec1 =  9.9662286753E-01  1.9556640488E-05  8.2114916626E-02
HessDelSqRho_EigVec2 = -3.6199445798E-05  9.9999997911E-01  2.0118823807E-04
HessDelSqRho_EigVec3 = -8.2114910975E-02 -2.0348131322E-04  9.9662284742E-01
</CP of DelSqRho>
<Path of -GradDelSqRho>
Starting CP# =      3
Ending CP# =     22
Number of Points =     18
  4.2145379030E+00  1.1207624286E-03 -9.3321005842E-01  3.9835807527E-01 -8.7085695325E-01
  4.1994834605E+00  1.1153252711E-03 -9.1325100744E-01  4.1008087393E-01 -8.7981860012E-01
  4.1844396196E+00  1.1098860076E-03 -8.9328396441E-01  4.2284853075E-01 -9.0716176453E-01
  4.1694057208E+00  1.1044455024E-03 -8.7330943453E-01  4.3668083904E-01 -9.5366072011E-01
  4.1543809043E+00  1.0990047304E-03 -8.5332807194E-01  4.5159200867E-01 -1.0201265754E+00
  4.1393641411E+00  1.0935647767E-03 -8.3334065626E-01  4.6758976466E-01 -1.1072819308E+00
  4.1243542570E+00  1.0881268540E-03 -8.1334807397E-01  4.8467443864E-01 -1.2156052058E+00
  4.1093499456E+00  1.0826923452E-03 -7.9335130913E-01  5.0283814971E-01 -1.3451480511E+00
  4.0943497641E+00  1.0772628831E-03 -7.7335144598E-01  5.2206419156E-01 -1.4953317219E+00
  4.0793521122E+00  1.0718404856E-03 -7.5334968586E-01  5.4232676108E-01 -1.6647309764E+00
  4.0643551866E+00  1.0664277809E-03 -7.3334738122E-01  5.6359117920E-01 -1.8508564551E+00
  4.0493569053E+00  1.0610283933E-03 -7.1334609304E-01  5.8581476495E-01 -2.0499478249E+00
  4.0343547835E+00  1.0556476321E-03 -6.9334768533E-01  6.0894852935E-01 -2.2567888810E+00
  4.0193457165E+00  1.0502938149E-03 -6.7335448978E-01  6.3293985654E-01 -2.4645498350E+00
  4.0043255551E+00  1.0449810762E-03 -6.5336962802E-01  6.5773634004E-01 -2.6646465850E+00
  3.9892881168E+00  1.0397362617E-03 -6.3339776380E-01  6.8329094993E-01 -2.8465737715E+00
  3.9742222138E+00  1.0346201286E-03 -6.1344736633E-01  7.0956872976E-01 -2.9976046108E+00
  3.9433584240E+00  1.0395081018E-03 -5.7520755513E-01  7.6325699020E-01 -3.1403522473E+00
</Path of -GradDelSqRho>
<Path of -GradDelSqRho>
Starting CP# =      3
Ending CP# =      0
Number of Points =     30
  4.2145379030E+00  1.1207624286E-03 -9.3321005842E-01  3.9835807527E-01 -8.7085695325E-01
  4.2296029981E+00  1.1261968477E-03 -9.5316107004E-01  3.8765557613E-01 -8.7963284527E-01
  4.2446792892E+00  1.1316278338E-03 -9.7310362252E-01  3.7794473522E-01 -9.0569353619E-01
  4.2597666837E+00  1.1370549294E-03 -9.9303777619E-01  3.6919333528E-01 -9.4880489740E-01
  4.2748648222E+00  1.1424778408E-03 -1.0129637936E+00  3.6136590453E-01 -1.0089418799E+00
  4.2899731007E+00  1.1478964408E-03 -1.0328821238E+00  3.5442385770E-01 -1.0862340543E+00
  4.3050907099E+00  1.1533107616E-03 -1.0527933733E+00  3.4832549285E-01 -1.1808509345E+00
  4.3202166859E+00  1.1587209791E-03 -1.0726982674E+00  3.4302591986E-01 -1.2928033165E+00
  4.3353499662E+00  1.1641273917E-03 -1.0925976089E+00  3.3847705673E-01 -1.4216320805E+00
  4.3504894430E+00  1.1695303960E-03 -1.1124922366E+00  3.3462791627E-01 -1.5659658873E+00
  4.3656340086E+00  1.1749304640E-03 -1.1323829907E+00  3.3142551959E-01 -1.7229726462E+00
  4.3807825867E+00  1.1803281254E-03 -1.1522706892E+00  3.2881689360E-01 -1.8878296351E+00
  4.3959341475E+00  1.1857239560E-03 -1.1721561154E+00  3.2675268506E-01 -2.0535080583E+00
  4.4110877212E+00  1.1911185604E-03 -1.1920400077E+00  3.2519285362E-01 -2.2113896178E+00
  4.4262424849E+00  1.1965124782E-03 -1.2119229932E+00  3.2411454944E-01 -2.3534190125E+00
  4.4413982095E+00  1.2019057386E-03 -1.2318052461E+00  3.2352150063E-01 -2.4764798973E+00
  4.4565565095E+00  1.2072966408E-03 -1.2516855356E+00  3.2345298551E-01 -2.5892538640E+00
  4.4717208659E+00  1.2126817242E-03 -1.2715612056E+00  3.2398891713E-01 -2.7208496249E+00
  4.4868919454E+00  1.2180602792E-03 -1.2914317444E+00  3.2524619889E-01 -2.9290742960E+00
  4.5020669938E+00  1.2234349176E-03 -1.3112992525E+00  3.2736107234E-01 -3.3047762823E+00
  4.5172437108E+00  1.2288078227E-03 -1.3311654860E+00  3.3045347231E-01 -3.9678330296E+00
  4.5324209873E+00  1.2341800362E-03 -1.3510312920E+00  3.3457302043E-01 -5.0506465406E+00
  4.5475983360E+00  1.2395520063E-03 -1.3708970428E+00  3.3963225666E-01 -6.6668641399E+00
  4.5627755291E+00  1.2449239340E-03 -1.3907629126E+00  3.4534026990E-01 -8.8669664733E+00
  4.5779524436E+00  1.2502959167E-03 -1.4106289952E+00  3.5115723497E-01 -1.1588922343E+01
  4.5931289916E+00  1.2556680066E-03 -1.4304953578E+00  3.5629426957E-01 -1.4620636719E+01
  4.6083050741E+00  1.2610402363E-03 -1.4503620759E+00  3.5977911551E-01 -1.7597308436E+01
  4.6234805179E+00  1.2664126329E-03 -1.4702292820E+00  3.6059290489E-01 -2.0053425980E+01
  4.6386548655E+00  1.2717852378E-03 -1.4900973253E+00  3.5785787012E-01 -2.1530127875E+01
  4.6477577891E+00  1.2750089829E-03 -1.5020194379E+00  3.5426819505E-01 -2.1803934397E+01
</Path of -GradDelSqRho>
<Path of -GradDelSqRho>
Starting CP# =      4
Ending CP# =      0
Number of Points =     30
  4.2130595763E+00  1.1382843877E-03  9.3546407624E-01  3.9839372150E-01 -8.7114292813E-01
  4.2280928964E+00  1.1440698877E-03  9.5543904150E-01  3.8769089550E-01 -8.7992114517E-01
  4.2431374062E+00  1.1498516118E-03  9.7540558041E-01  3.7797979815E-01 -9.0598893320E-01
  4.2581930121E+00  1.1556290205E-03  9.9536375375E-01  3.6922821063E-01 -9.4911229920E-01
  4.2732593541E+00  1.1614017669E-03  1.0153138236E+00  3.6140065782E-01 -1.0092662374E+00
  4.2883358281E+00  1.1671696976E-03  1.0352562379E+00  3.5445854921E-01 -1.0865802073E+00
  4.3034216246E+00  1.1729328417E-03  1.0551916010E+00  3.4836017578E-01 -1.1812233513E+00
  4.3185157800E+00  1.1786913904E-03  1.0751206359E+00  3.4306063870E-01 -1.2932056682E+00
  4.3336172319E+00  1.1844456691E-03  1.0950441424E+00  3.3851184607E-01 -1.4220665918E+00
  4.3487248731E+00  1.1901961054E-03  1.1149629561E+00  3.3466280055E-01 -1.5664324368E+00
  4.3638375962E+00  1.1959431966E-03  1.1348779144E+00  3.3146051451E-01 -1.7234677090E+00
  4.3789543250E+00  1.2016874798E-03  1.1547898324E+00  3.2885201002E-01 -1.8883453885E+00
  4.3940740295E+00  1.2074295046E-03  1.1746994908E+00  3.2678793654E-01 -2.0540323380E+00
  4.4091957393E+00  1.2131697946E-03  1.1946076264E+00  3.2522826821E-01 -2.2119078265E+00
  4.4243186298E+00  1.2189087352E-03  1.2145148650E+00  3.2415018570E-01 -2.3539193535E+00
  4.4394424718E+00  1.2246461910E-03  1.2344213807E+00  3.2355746598E-01 -2.4769630629E+00
  4.4545688859E+00  1.2303806960E-03  1.2543259421E+00  3.2348945251E-01 -2.5897472146E+00
  4.4697013659E+00  1.2361099923E-03  1.2742258920E+00  3.2402613033E-01 -2.7214238081E+00
  4.4848405832E+00  1.2418344452E-03  1.2941207171E+00  3.2528446291E-01 -2.9298575654E+00
  4.4999837799E+00  1.2475564686E-03  1.3140125133E+00  3.2740071149E-01 -3.3059593768E+00
  4.5151286523E+00  1.2532776709E-03  1.3339030339E+00  3.3049475574E-01 -3.9696564364E+00
  4.5302740885E+00  1.2589987103E-03  1.3537931251E+00  3.3461605470E-01 -5.0533631922E+00
  4.5454195993E+00  1.2647198286E-03  1.3736831596E+00  3.3967685934E-01 -6.6706748927E+00
  4.5605649560E+00  1.2704411171E-03  1.3935733114E+00  3.4538585192E-01 -8.8719342916E+00
  4.5757100349E+00  1.2761626135E-03  1.4134636747E+00  3.5120273186E-01 -1.1594884691E+01
  4.5908547476E+00  1.2818843360E-03  1.4333543168E+00  3.5633816530E-01 -1.4627151129E+01
  4.6059989948E+00  1.2876062977E-03  1.4532453134E+00  3.5981958976E-01 -1.7603673259E+01
  4.6211426024E+00  1.2933285145E-03  1.4731367968E+00  3.6062810100E-01 -2.0058802817E+01
  4.6362851116E+00  1.2990510222E-03  1.4930291166E+00  3.5788623313E-01 -2.1533749397E+01
  4.6453689401E+00  1.3024847481E-03  1.5049657847E+00  3.5429195884E-01 -2.1806249775E+01
</Path of -GradDelSqRho>
<Path of -GradDelSqRho>
Starting CP# =      4
Ending CP# =     21
Number of Points =     18
  4.2130595763E+00  1.1382843877E-03  9.3546407624E-01  3.9839372150E-01 -8.7114292813E-01
  4.1980369036E+00  1.1324959234E-03  9.1548110209E-01  4.1011691725E-01 -8.8010682700E-01
  4.1830248283E+00  1.1267052574E-03  8.9549016543E-01  4.2288503959E-01 -9.0745658047E-01
  4.1680226923E+00  1.1209134253E-03  8.7549176877E-01  4.3671787855E-01 -9.5396618040E-01
  4.1530296373E+00  1.1151216057E-03  8.5548656298E-01  4.5162963937E-01 -1.0204464078E+00
  4.1380446357E+00  1.1093311243E-03  8.3547532401E-01  4.6762804124E-01 -1.1076194821E+00
  4.1230665149E+00  1.1035434793E-03  8.1545893422E-01  4.8471340901E-01 -1.2159633782E+00
  4.1080939702E+00  1.0977603989E-03  7.9543837312E-01  5.0287785422E-01 -1.3455292298E+00
  4.0931255607E+00  1.0919839434E-03  7.7541471999E-01  5.2210466252E-01 -1.4957376979E+00
  4.0781596885E+00  1.0862166779E-03  7.5538917046E-01  5.4236802265E-01 -1.6651628694E+00
  4.0631945530E+00  1.0804619582E-03  7.3536307030E-01  5.6363324772E-01 -1.8513146469E+00
  4.0482280767E+00  1.0747244177E-03  7.1533797221E-01  5.8585764972E-01 -2.0504319133E+00
  4.0332577809E+00  1.0690108364E-03  6.9531572944E-01  6.0899223402E-01 -2.2572976667E+00
  4.0182805705E+00  1.0633318074E-03  6.7529865851E-01  6.3298438115E-01 -2.4650813489E+00
  4.0032923139E+00  1.0577052718E-03  6.5528985778E-01  6.5778168389E-01 -2.6651981572E+00
  3.9882868614E+00  1.0521651887E-03  6.3529395057E-01  6.8333711532E-01 -2.8471421202E+00
  3.9732531004E+00  1.0467881936E-03  6.1531932109E-01  7.0961572743E-01 -2.9981858940E+00
  3.9424634294E+00  1.0549280398E-03  5.7702081054E-01  7.6330564240E-01 -3.1409442470E+00
</Path of -GradDelSqRho>
<Path of -GradDelSqRho>
Starting CP# =      7
Ending CP# =     15
Number of Points =     44
  3.5808017521E+00  1.5576182206E-01  6.3756436206E-04  2.2521394336E+01  1.2400741761E+03
  3.5904881301E+00  1.7880903122E-01  6.4595347838E-04  1.5600614901E+01  1.1577615034E+03
  3.6001528956E+00  2.0186531522E-01  6.5432553602E-04  1.0908300229E+01  9.8719332636E+02
  3.6098121114E+00  2.2492392480E-01  6.6269323847E-04  7.7365904302E+00  7.7822118537E+02
  3.6194585683E+00  2.4798787424E-01  6.7105094559E-04  5.6008570615E+00  5.7679254646E+02
  3.6290797642E+00  2.7106237142E-01  6.7938888004E-04  4.1636550039E+00  4.1187731655E+02
  3.6386620434E+00  2.9415305463E-01  6.8769642091E-04  3.1940170996E+00  2.8866697952E+02
  3.6481916849E+00  3.1726550847E-01  6.9596297955E-04  2.5368645908E+00  1.9998897522E+02
  3.6576560094E+00  3.4040478248E-01  7.0417887455E-04  2.0887108979E+00  1.3660525926E+02
  3.6670427914E+00  3.6357561698E-01  7.1233487535E-04  1.7801487070E+00  9.1290614167E+01
  3.6763372175E+00  3.8678364541E-01  7.2041985065E-04  1.5642982198E+00  5.9136896001E+01
  3.6855175297E+00  4.1003703703E-01  7.2841744373E-04  1.4094627609E+00  3.6759214603E+01
  3.6945500198E+00  4.3334822104E-01  7.3630231083E-04  1.2943782150E+00  2.1624316136E+01
  3.7033823033E+00  4.5673594170E-01  7.4403511337E-04  1.2049924576E+00  1.1726606865E+01
  3.7119322703E+00  4.8022822387E-01  7.5155428937E-04  1.1321937291E+00  5.4802772171E+00
  3.7200676919E+00  5.0386698826E-01  7.5876079046E-04  1.0701924213E+00  1.6795496416E+00
  3.7275644240E+00  5.2771527546E-01  7.6548655351E-04  1.0153944305E+00 -5.4502635868E-01
  3.7340065403E+00  5.5186753181E-01  7.7141840680E-04  9.6567207923E-01 -1.7875062506E+00
  3.7384866916E+00  5.7644967080E-01  7.7586693462E-04  9.2005369203E-01 -2.4348216573E+00
  3.7384005751E+00  6.0136245585E-01  7.7681835591E-04  8.7959875908E-01 -2.7326162038E+00
  3.7262086725E+00  6.2248544957E-01  7.6818528654E-04  8.5486538774E-01 -2.8551681112E+00
  3.7035354755E+00  6.3268295339E-01  7.5062833138E-04  8.5366288934E-01 -2.9390797316E+00
  3.6792091429E+00  6.3841439690E-01  7.3113811614E-04  8.5903435094E-01 -3.0208633968E+00
  3.6545859327E+00  6.4272802459E-01  7.1089321728E-04  8.6523258681E-01 -3.1019191216E+00
  3.6298176917E+00  6.4611474895E-01  6.9004777297E-04  8.7135977316E-01 -3.1819180801E+00
  3.6049474078E+00  6.4864619778E-01  6.6866140784E-04  8.7725871959E-01 -3.2604697528E+00
  3.5800055284E+00  6.5033221108E-01  6.4678683732E-04  8.8288256424E-01 -3.3371804972E+00
  3.5550209091E+00  6.5117427884E-01  6.2448007133E-04  8.8820179724E-01 -3.4116617898E+00
  3.5300221006E+00  6.5117309409E-01  6.0180161041E-04  8.9319134742E-01 -3.4835353147E+00
  3.5050375268E+00  6.5032954883E-01  5.7881663792E-04  8.9782909725E-01 -3.5524376870E+00
