 AIMInt (Version 19.02.13, Professional)
 Portions Copyright (c) 1997-2019 by Todd A. Keith
 AIMInt is a component of the AIMAll package ( http://aim.tkgristmill.com )

 TP:  64-bit Linux

 Licensed To:  Research Group of Fernando Cortes Guzman, UNAM, fercor@unam.mx

 AIMInt is a heavily modified and extended version of the PROAIMV program
 developed by members of R.F.W. Bader's research group

 Much of the Quantum Theory of Atoms in Molecules (QTAIM) is described in the book:
   "Atoms in Molecules - A Quantum Theory"
   R.F.W. Bader, Oxford University Press, Oxford, 1990

 For additional references see:  http://aim.tkgristmill.com/references.html

 Current Directory:  /home/scratch/M_H2O_4_cuadrado_plano/Opt

 Inp File:  V3_cuadrado_plano_cc-pvtz-def2-tzv_1_atomicfiles/o8.inp
 Wfx File:  V3_cuadrado_plano_cc-pvtz-def2-tzv_1.wfx
 Out File:  V3_cuadrado_plano_cc-pvtz-def2-tzv_1_atomicfiles/o8.int

 Wfx Title:   V3_cuadrado_plano_cc-pvtz-def2-tzv_1                                          
 Job Title:   V3_cuadrado_plano_cc-pvtz-def2-tzv_1                                          
 
<Atom>
O8      
</Atom>
<Nuclei of Molecule>
    13
V1        23.0           5.2798968090E-04  -5.7760036768E-04  -2.4249930219E-03
O2         8.0          -3.5149995828E+00   8.3752999038E-05   5.8046521433E-04
H3         1.0          -4.6536992267E+00   5.8768667744E-04  -1.5093825003E+00
O4         8.0          -8.1587268196E-04   3.5150129130E+00   1.7260549906E-03
H5         1.0           1.4894476958E+00   4.6607795470E+00   3.0695161542E-03
O6         8.0           3.5147820289E+00   8.6125455585E-04   5.8044631707E-04
H7         1.0           4.6534721332E+00   1.2770344169E-03  -1.5094763781E+00
O8         8.0          -3.8371024343E-05  -3.5147680940E+00   1.7260549906E-03
H9         1.0           1.4903757749E+00  -4.6604593628E+00   3.4256075612E-03
H10        1.0          -4.6511094316E+00   2.8593407084E-04   1.5124311309E+00
H11        1.0           4.6510468902E+00   1.3046358757E-03   1.5123997448E+00
H12        1.0          -1.4919918354E+00   4.6595635819E+00   3.3144749522E-03
H13        1.0          -1.4911113828E+00  -4.6595728610E+00   3.0890714199E-03
</Nuclei of Molecule>
<Total Number of CPs of DelSqRho>
    42
</Total Number of CPs of DelSqRho>
<Number of (3,+3) CPs of DelSqRho>
     5
</Number of (3,+3) CPs of DelSqRho>
<Number of (3,+1) CPs of DelSqRho>
    15
</Number of (3,+1) CPs of DelSqRho>
<Number of (3,-1) CPs of DelSqRho>
    16
</Number of (3,-1) CPs of DelSqRho>
<Number of (3,-3) CPs of DelSqRho>
     6
</Number of (3,-3) CPs of DelSqRho>
<Number of Degenerate CPs of DelSqRho>
     0
</Number of Degenerate CPs of DelSqRho>
<CP of DelSqRho>
CP# = 1       
Type = (3,+3)
Coords = -3.83710979312734E-05 -3.51476838483424E+00  1.72605552515314E-03
DistFromNuc =  2.9082774108E-07
Rho =  2.9727730821E+02
DelSqRho = -3.3289223117E+06
GradDelSqRho = -1.4596324149E-10  7.3038827395E-06  1.3265889720E-08
HessDelSqRho_EigVals =  1.3238280238E+11  1.3238282080E+11  1.3238282672E+11
HessDelSqRho_EigVec1 = -1.1456586444E-04  1.2097487759E-03  9.9999926169E-01
HessDelSqRho_EigVec2 =  3.0930039265E-04  9.9999922046E-01 -1.2097132907E-03
HessDelSqRho_EigVec3 =  9.9999994560E-01 -3.0916157244E-04  1.1493995090E-04
</CP of DelSqRho>
<CP of DelSqRho>
CP# = 2       
Type = (3,-1)
Coords =  2.52595450926252E-04 -2.02936167441605E+00 -5.42106947477852E-04
DistFromNuc =  1.4854081798E+00
Rho =  1.6069289190E-01
DelSqRho =  3.9970548858E-01
GradDelSqRho =  1.0354130747E-17  2.6645352591E-15 -1.1102230246E-16
HessDelSqRho_EigVals = -6.5400557965E-01 -1.4228618373E-01  4.4519018080E+00
HessDelSqRho_EigVec1 = -1.0440772993E-04  1.1626041789E-03  9.9999931873E-01
HessDelSqRho_EigVec2 =  9.9999997586E-01 -1.9320623522E-04  1.0463242107E-04
HessDelSqRho_EigVec3 =  1.9332774969E-04  9.9999930551E-01 -1.1625839786E-03
</CP of DelSqRho>
<CP of DelSqRho>
CP# = 3       
Type = (3,+1)
Coords =  9.27173552418967E-01 -4.21713063908262E+00  2.79125699248097E-03
DistFromNuc =  1.1632008556E+00
Rho =  4.0543030304E-01
DelSqRho = -9.2292017471E-01
GradDelSqRho =  3.2432667663E-12 -2.1085355684E-12  3.4278135885E-15
HessDelSqRho_EigVals = -2.9772355947E+01  1.4189917202E+01  1.4799462574E+01
HessDelSqRho_EigVec1 =  7.9069441797E-01 -6.1221036855E-01  8.9555769919E-04
HessDelSqRho_EigVec2 = -3.9614738398E-04  9.5118561934E-04  9.9999946916E-01
HessDelSqRho_EigVec3 =  6.1221089541E-01  7.9069435301E-01 -5.0957162372E-04
</CP of DelSqRho>
<CP of DelSqRho>
CP# = 4       
Type = (3,+1)
Coords = -9.27652642443547E-01 -4.21658741219215E+00  2.58305882573933E-03
DistFromNuc =  1.1631935894E+00
Rho =  4.0544056280E-01
DelSqRho = -9.2298097936E-01
GradDelSqRho = -3.2360780722E-12 -2.1009860518E-12  2.6090241079E-15
HessDelSqRho_EigVals = -2.9774732499E+01  1.4190936307E+01  1.4800639079E+01
HessDelSqRho_EigVec1 =  7.9105582935E-01  6.1174354265E-01 -7.1615625237E-04
HessDelSqRho_EigVec2 =  1.6975951516E-04  9.5116110506E-04  9.9999953324E-01
HessDelSqRho_EigVec3 = -6.1174393829E-01  7.9105558169E-01 -6.4857224961E-04
</CP of DelSqRho>
<CP of DelSqRho>
CP# = 5       
Type = (3,-1)
Coords =  3.16403453195538E-05 -3.34775059334723E+00  1.53840213755994E-03
DistFromNuc =  1.6701762075E-01
Rho =  2.2737108653E+01
DelSqRho =  1.2902847403E+03
GradDelSqRho =  1.5959455979E-15 -1.5518253349E-11  2.1316282073E-14
HessDelSqRho_EigVals = -4.4923609186E+05 -2.6861963163E+03  2.3053460115E+02
HessDelSqRho_EigVec1 =  4.1839244945E-04  9.9999927812E-01 -1.1263667562E-03
HessDelSqRho_EigVec2 = -1.1753206485E-04  1.1264160215E-03  9.9999935869E-01
HessDelSqRho_EigVec3 =  9.9999990557E-01 -4.1825979692E-04  1.1800326396E-04
</CP of DelSqRho>
<CP of DelSqRho>
CP# = 6       
Type = (3,-1)
Coords = -8.41981813218225E-05 -3.68353018375722E+00  1.77947325989979E-03
DistFromNuc =  1.6876210443E-01
Rho =  2.2352729276E+01
DelSqRho =  1.2506615932E+03
GradDelSqRho =  2.7366997557E-14  8.2991391537E-11  2.8421709430E-14
HessDelSqRho_EigVals = -4.0717868497E+05 -1.1933687896E+03  1.3562402372E+03
HessDelSqRho_EigVec1 =  2.7162723637E-04  9.9999991506E-01 -3.0999764402E-04
HessDelSqRho_EigVec2 = -1.1877753123E-04  3.1002991648E-04  9.9999994489E-01
HessDelSqRho_EigVec3 =  9.9999995606E-01 -2.7159040065E-04  1.1886173371E-04
</CP of DelSqRho>
<CP of DelSqRho>
CP# = 7       
Type = (3,+1)
Coords = -7.28241382368607E-05 -3.57534185994927E+00  1.58816282048137E-01
DistFromNuc =  1.6836425317E-01
Rho =  2.2530166824E+01
DelSqRho =  1.2397469575E+03
GradDelSqRho =  8.8817841970E-16 -2.0605739337E-12  2.0463630790E-12
HessDelSqRho_EigVals = -4.1309762200E+05  1.6481233586E+03  2.6659729053E+03
HessDelSqRho_EigVec1 = -2.0383456149E-04 -3.5588475459E-01  9.3452982826E-01
HessDelSqRho_EigVec2 =  2.2450519142E-04  9.3452980783E-01  3.5588479578E-01
HessDelSqRho_EigVec3 =  9.9999995402E-01 -2.8234841927E-04  1.1059149863E-04
</CP of DelSqRho>
<CP of DelSqRho>
CP# = 8       
Type = (3,+1)
Coords = -3.56919467394631E-05 -3.57565491530545E+00 -1.55241626020536E-01
DistFromNuc =  1.6836287565E-01
Rho =  2.2530452559E+01
DelSqRho =  1.2397807058E+03
GradDelSqRho = -4.9960036108E-15  5.0732751333E-12  6.8780536822E-12
HessDelSqRho_EigVals = -4.1312995349E+05  1.6465092299E+03  2.6647602573E+03
HessDelSqRho_EigVec1 = -1.7071318083E-05  3.5774768466E-01  9.3381828737E-01
HessDelSqRho_EigVec2 =  3.0650144867E-04  9.3381824552E-01 -3.5774766302E-01
HessDelSqRho_EigVec3 =  9.9999995288E-01 -2.8010943372E-04  1.2559169191E-04
</CP of DelSqRho>
<CP of DelSqRho>
CP# = 9       
Type = (3,-3)
Coords =  1.00514512778630E-01 -3.38122004276202E+00  1.58225313749496E-03
DistFromNuc =  1.6717052704E-01
Rho =  2.2682268244E+01
DelSqRho =  1.2909242352E+03
GradDelSqRho = -1.7053025658E-12  1.9426238396E-11 -5.3290705182E-14
HessDelSqRho_EigVals = -4.4585184531E+05 -2.8819134996E+03 -4.0178343467E+02
HessDelSqRho_EigVec1 =  5.9931075713E-01  8.0051600114E-01 -8.6505029484E-04
HessDelSqRho_EigVec2 = -7.5598207850E-06  1.0862749341E-03  9.9999940997E-01
HessDelSqRho_EigVec3 =  8.0051646850E-01 -5.9931039698E-01  6.5706801069E-04
</CP of DelSqRho>
<CP of DelSqRho>
CP# = 10      
Type = (3,-3)
Coords = -1.00530358302534E-01 -3.38117422038742E+00  1.55854834041134E-03
DistFromNuc =  1.6717054356E-01
Rho =  2.2682259077E+01
DelSqRho =  1.2909252525E+03
GradDelSqRho = -6.1390892370E-12  7.3896444519E-13  3.9079850467E-14
HessDelSqRho_EigVals = -4.4585161971E+05 -2.8820069926E+03 -4.0200631104E+02
HessDelSqRho_EigVec1 = -5.9894555386E-01  8.0078911755E-01 -1.0063394424E-03
HessDelSqRho_EigVec2 = -2.2806898239E-04  1.0861010728E-03  9.9999938418E-01
HessDelSqRho_EigVec3 =  8.0078971740E-01  5.9894541454E-01 -4.6788024946E-04
</CP of DelSqRho>
<CP of DelSqRho>
CP# = 11      
Type = (3,-1)
Coords =  6.62465126762957E-01 -3.25990941263065E+00  1.56477457208025E-03
DistFromNuc =  7.0983368338E-01
Rho =  6.9468865496E-01
DelSqRho = -1.1994824604E+00
GradDelSqRho =  7.1054273576E-15 -5.3290705182E-15 -7.7715611724E-16
HessDelSqRho_EigVals = -1.5651788134E+01 -1.0791496090E+01  1.5150118095E+02
HessDelSqRho_EigVec1 = -3.8099454773E-01  9.2457615493E-01 -1.4451071069E-03
HessDelSqRho_EigVec2 = -3.0796161981E-04  1.4360892211E-03  9.9999892140E-01
HessDelSqRho_EigVec3 =  9.2457723299E-01  3.8099458182E-01 -2.6240819297E-04
</CP of DelSqRho>
<CP of DelSqRho>
CP# = 12      
Type = (3,-1)
Coords = -6.62400872199189E-01 -3.25954680955043E+00  1.41087751937530E-03
DistFromNuc =  7.0983243540E-01
Rho =  6.9469718464E-01
DelSqRho = -1.1994970815E+00
GradDelSqRho = -1.7763568394E-15  0.0000000000E+00  7.7715611724E-16
HessDelSqRho_EigVals = -1.5653309829E+01 -1.0791970047E+01  1.5150367866E+02
HessDelSqRho_EigVec1 =  3.8149950874E-01  9.2436799501E-01 -1.3909123441E-03
HessDelSqRho_EigVec2 =  8.9993908588E-05  1.4675737542E-03  9.9999891906E-01
HessDelSqRho_EigVec3 =  9.2436903709E-01 -3.8149922153E-01  4.7669117741E-04
</CP of DelSqRho>
<CP of DelSqRho>
CP# = 13      
Type = (3,+1)
Coords =  1.34102420513277E-04 -2.84674082941454E+00  1.20282024664085E-03
DistFromNuc =  6.6802749177E-01
Rho =  8.6406482062E-01
DelSqRho = -3.5347514640E+00
GradDelSqRho = -5.2258544714E-17 -5.7287508071E-14  1.7763568394E-15
HessDelSqRho_EigVals = -5.3778199504E+00  1.8778197766E+01  2.4380857964E+02
HessDelSqRho_EigVec1 = -1.1321285936E-04  7.9332797241E-04  9.9999967891E-01
HessDelSqRho_EigVec2 =  9.9999995933E-01 -2.6167591982E-04  1.1342048600E-04
HessDelSqRho_EigVec3 =  2.6176581544E-04  9.9999965108E-01 -7.9329831507E-04
</CP of DelSqRho>
<CP of DelSqRho>
CP# = 14      
Type = (3,-1)
Coords = -2.40670329148470E-04 -4.23221072235524E+00  2.06634205135097E-03
DistFromNuc =  7.1744273757E-01
Rho =  6.8769442317E-01
DelSqRho = -1.2147092816E+00
GradDelSqRho = -2.9869227751E-15 -1.1224354779E-13  3.7825298449E-13
HessDelSqRho_EigVals = -1.9448065478E+01 -3.9085933172E+00  1.4231116268E+02
HessDelSqRho_EigVec1 =  9.9999995384E-01 -2.8442853250E-04  1.0691151314E-04
HessDelSqRho_EigVec2 = -1.0679764171E-04  4.0033671552E-04  9.9999991416E-01
HessDelSqRho_EigVec3 =  2.8447130869E-04  9.9999987942E-01 -4.0030632074E-04
</CP of DelSqRho>
<CP of DelSqRho>
CP# = 15      
Type = (3,+3)
Coords = -1.75338677148558E-05 -3.18144093187539E+00  5.56891824080183E-01
DistFromNuc =  6.4754615945E-01
Rho =  9.2279305902E-01
DelSqRho = -4.0899951579E+00
GradDelSqRho =  7.6327832943E-17  9.0594198809E-14  1.2612133560E-13
HessDelSqRho_EigVals =  7.5031099521E+00  2.0184789120E+01  2.9936382790E+02
HessDelSqRho_EigVec1 =  2.9322902536E-04  8.7102214759E-01 -4.9124365891E-01
HessDelSqRho_EigVec2 =  9.9999995668E-01 -2.6805236983E-04  1.2162897319E-04
HessDelSqRho_EigVec3 =  2.5737497500E-05  4.9124367329E-01  8.7102218846E-01
</CP of DelSqRho>
<CP of DelSqRho>
CP# = 16      
Type = (3,+3)
Coords =  1.10486436176012E-04 -3.18292340518862E+00 -5.54276480083962E-01
DistFromNuc =  6.4750269394E-01
Rho =  9.2300455868E-01
DelSqRho = -4.0923447434E+00
GradDelSqRho = -1.4745149546E-16  7.9047879353E-14 -1.3211653993E-13
HessDelSqRho_EigVals =  7.5267781028E+00  2.0200411944E+01  2.9953587289E+02
HessDelSqRho_EigVec1 =  1.6800381530E-04  8.7229624055E-01  4.8897775051E-01
HessDelSqRho_EigVec2 =  9.9999996009E-01 -2.5761125315E-04  1.1597566349E-04
HessDelSqRho_EigVec3 = -2.2713130633E-04 -4.8897771152E-01  8.7229624902E-01
</CP of DelSqRho>
<CP of DelSqRho>
CP# = 17      
Type = (3,+1)
Coords =  4.46904529886702E-01 -3.77071823426138E+00  4.53775058721928E-01
DistFromNuc =  6.8528587666E-01
Rho =  7.8947990906E-01
DelSqRho = -2.5320001597E+00
GradDelSqRho = -2.6645352591E-15  2.6645352591E-15  2.1316282073E-14
HessDelSqRho_EigVals = -1.2417705458E+01  1.1500886241E+01  1.9555544737E+02
HessDelSqRho_EigVec1 = -5.0454954865E-01  5.3494674361E-01  6.7768852318E-01
HessDelSqRho_EigVec2 =  6.1343342216E-01  7.7446133086E-01 -1.5462562392E-01
HessDelSqRho_EigVec3 =  6.0756002957E-01 -3.3770050118E-01  7.1890832655E-01
</CP of DelSqRho>
<CP of DelSqRho>
CP# = 18      
Type = (3,+1)
Coords = -4.47227565704803E-01 -3.77045999079283E+00  4.53674474047176E-01
DistFromNuc =  6.8528380647E-01
Rho =  7.8948961866E-01
DelSqRho = -2.5320704061E+00
GradDelSqRho =  1.2434497876E-14 -3.5527136788E-15  1.9539925233E-14
HessDelSqRho_EigVals = -1.2417999811E+01  1.1501563130E+01  1.9555944192E+02
HessDelSqRho_EigVec1 =  5.0469607064E-01  5.3466942464E-01  6.7779826101E-01
HessDelSqRho_EigVec2 =  6.1296119631E-01 -7.7480547037E-01  1.5477420621E-01
HessDelSqRho_EigVec3 = -6.0791483622E-01 -3.3735009922E-01  7.1877288657E-01
</CP of DelSqRho>
<CP of DelSqRho>
CP# = 19      
Type = (3,+1)
Coords =  4.47260967146222E-01 -3.77174748139462E+00 -4.49419055101826E-01
DistFromNuc =  6.8530797006E-01
Rho =  7.8941540478E-01
DelSqRho = -2.5314667562E+00
GradDelSqRho = -7.9936057773E-15  6.2172489379E-15  1.4210854715E-14
HessDelSqRho_EigVals = -1.2429126521E+01  1.1503456681E+01  1.9552451736E+02
HessDelSqRho_EigVec1 = -5.0406337724E-01  5.3339467287E-01 -6.7927184151E-01
HessDelSqRho_EigVec2 =  6.1330274482E-01  7.7482488311E-01  1.5331713442E-01
HessDelSqRho_EigVec3 = -6.0809526796E-01  3.3931773231E-01  7.1769326430E-01
</CP of DelSqRho>
<CP of DelSqRho>
CP# = 20      
Type = (3,+1)
Coords = -4.47379322305942E-01 -3.77148974755491E+00 -4.49523165978532E-01
DistFromNuc =  6.8530707972E-01
Rho =  7.8941973896E-01
DelSqRho = -2.5314703758E+00
GradDelSqRho = -3.0198066270E-14 -8.8817841970E-16 -1.2434497876E-14
HessDelSqRho_EigVals = -1.2429901476E+01  1.1503520179E+01  1.9552612483E+02
HessDelSqRho_EigVec1 =  5.0452055626E-01  5.3311384511E-01 -6.7915288151E-01
HessDelSqRho_EigVec2 =  6.1289884378E-01 -7.7517103016E-01 -1.5318250977E-01
HessDelSqRho_EigVec3 =  6.0812335558E-01  3.3896829079E-01  7.1783457860E-01
</CP of DelSqRho>
<CP of DelSqRho>
CP# = 21      
Type = (3,+3)
Coords =  5.80443987569049E-01 -3.93714343217665E+00  2.45619111357957E-03
DistFromNuc =  7.1788664010E-01
Rho =  7.6621887189E-01
DelSqRho = -3.1902290804E+00
GradDelSqRho =  6.2172489379E-15 -5.3290705182E-15  1.6653345369E-16
HessDelSqRho_EigVals =  1.2639457022E+01  2.2937645764E+01  1.4624766476E+02
HessDelSqRho_EigVec1 = -4.4539191917E-04  1.2314593998E-03  9.9999914257E-01
HessDelSqRho_EigVec2 =  5.7995004975E-01  8.1465169546E-01 -7.4490606098E-04
HessDelSqRho_EigVec3 =  8.1465191427E-01 -5.7994922071E-01  1.0770242223E-03
</CP of DelSqRho>
<CP of DelSqRho>
CP# = 22      
Type = (3,+3)
Coords = -5.80760677288821E-01 -3.93681143295686E+00  2.33235611143532E-03
DistFromNuc =  7.1788532827E-01
Rho =  7.6622715845E-01
DelSqRho = -3.1903079730E+00
GradDelSqRho = -3.4638958368E-14 -1.7763568394E-14 -4.4408920985E-16
HessDelSqRho_EigVals =  1.2640154362E+01  2.2938846530E+01  1.4624918873E+02
HessDelSqRho_EigVec1 =  2.2845142499E-04  1.2464879134E-03  9.9999919704E-01
HessDelSqRho_EigVec2 = -5.7948727053E-01  8.1498081128E-01 -8.8347974760E-04
HessDelSqRho_EigVec3 =  8.1498125813E-01  5.7948660339E-01 -9.0850740636E-04
</CP of DelSqRho>
<CP of DelSqRho>
CP# = 23      
Type = (3,-3)
Coords =  1.06705921529277E+00 -3.09151686840618E+00  1.37803493130600E-03
DistFromNuc =  1.1479716808E+00
Rho =  2.4684206605E-01
DelSqRho =  8.2941419656E-01
GradDelSqRho = -1.1080025786E-13 -6.1117777506E-14  1.0488138136E-14
HessDelSqRho_EigVals = -1.7528985061E+01 -1.6596723265E+00 -4.8015030517E-01
HessDelSqRho_EigVec1 =  9.1663194406E-01  3.9973211466E-01 -3.4004157337E-04
HessDelSqRho_EigVec2 = -3.9973222657E-01  9.1663119313E-01 -1.1844091980E-03
HessDelSqRho_EigVec3 = -1.6175368022E-04  1.2215928809E-03  9.9999924077E-01
</CP of DelSqRho>
<CP of DelSqRho>
CP# = 24      
Type = (3,-3)
Coords = -1.06690917809300E+00 -3.09094056041476E+00  1.14748774662079E-03
DistFromNuc =  1.1479736199E+00
Rho =  2.4684526777E-01
DelSqRho =  8.2945119718E-01
GradDelSqRho = -4.4408920985E-15  3.6082248300E-15  2.7894353494E-15
HessDelSqRho_EigVals = -1.7529075841E+01 -1.6601848622E+00 -4.8029560197E-01
HessDelSqRho_EigVec1 =  9.1641514913E-01 -4.0022866267E-01  5.4038175569E-04
HessDelSqRho_EigVec2 =  4.0022902344E-01  9.1641449631E-01 -1.0953311866E-03
HessDelSqRho_EigVec3 = -5.6830738470E-05  1.2200545551E-03  9.9999925412E-01
</CP of DelSqRho>
<CP of DelSqRho>
CP# = 25      
Type = (3,-1)
Coords =  2.22920247496602E-04 -2.25747559793035E+00 -2.11875879301417E-03
DistFromNuc =  1.2572984020E+00
Rho =  2.4419669613E-01
DelSqRho =  4.5200391998E-01
GradDelSqRho =  8.2941466195E-18 -5.2458037914E-15 -6.8001160258E-16
HessDelSqRho_EigVals = -8.0561173198E+00 -1.4973399367E-01  7.2485953492E-01
HessDelSqRho_EigVec1 =  2.0027040901E-04  9.9999370961E-01 -3.5412764422E-03
HessDelSqRho_EigVec2 = -1.0345183655E-04  3.5412972125E-03  9.9999372424E-01
HessDelSqRho_EigVec3 =  9.9999997459E-01 -1.9990280061E-04  1.0416040283E-04
</CP of DelSqRho>
<CP of DelSqRho>
CP# = 26      
Type = (3,+1)
Coords =  1.73983375531607E-04 -2.32896430214291E+00  3.85007608036480E-01
DistFromNuc =  1.2462084203E+00
Rho =  2.4587031005E-01
DelSqRho =  4.4673230380E-01
GradDelSqRho = -1.9271693616E-17 -1.9428902931E-16  6.6613381478E-16
HessDelSqRho_EigVals = -1.0062986051E+01  2.1722457206E-01  7.9040135648E-01
HessDelSqRho_EigVec1 =  1.6030606910E-04  9.3942709303E-01  3.4274875810E-01
HessDelSqRho_EigVec2 = -1.3764528174E-04 -3.4274873853E-01  9.3942710377E-01
HessDelSqRho_EigVec3 =  9.9999997768E-01 -1.9777361559E-04  7.4363003927E-05
</CP of DelSqRho>
<CP of DelSqRho>
CP# = 27      
Type = (3,-3)
Coords = -3.96091066777776E-04 -4.52518119159845E+00  5.78934238150995E-01
DistFromNuc =  1.1636597623E+00
Rho =  2.4509684816E-01
DelSqRho =  8.5475893276E-01
GradDelSqRho =  1.9624059322E-16  1.7208456882E-14 -1.2656542481E-14
HessDelSqRho_EigVals = -1.7973467401E+01 -2.1337620419E+00 -2.3494272171E-01
HessDelSqRho_EigVec1 =  3.0515949916E-04  8.6497576157E-01 -5.0181354982E-01
HessDelSqRho_EigVec2 =  9.9999995222E-01 -2.8877213781E-04  1.1035689406E-04
HessDelSqRho_EigVec3 =  4.9453733078E-05  5.0181355951E-01  8.6497580836E-01
</CP of DelSqRho>
<CP of DelSqRho>
CP# = 28      
Type = (3,+1)
Coords =  2.53356855793827E-04 -2.32972898158285E+00 -3.83991455296154E-01
DistFromNuc =  1.2462326351E+00
Rho =  2.4587279945E-01
DelSqRho =  4.4691778634E-01
GradDelSqRho = -5.9089018400E-18 -4.2188474936E-15  7.7715611724E-16
HessDelSqRho_EigVals = -1.0059903545E+01  2.1458981573E-01  7.8952599753E-01
HessDelSqRho_EigVec1 =  2.2998282454E-04  9.3871570855E-01 -3.4469227673E-01
HessDelSqRho_EigVec2 = -5.4337390704E-05  3.4469229706E-01  9.3871572768E-01
HessDelSqRho_EigVec3 =  9.9999997208E-01 -1.9715881558E-04  1.3028067029E-04
</CP of DelSqRho>
<CP of DelSqRho>
CP# = 29      
Type = (3,-3)
Coords = -2.69656338073591E-04 -4.52644282183778E+00 -5.73158189588227E-01
DistFromNuc =  1.1636054757E+00
Rho =  2.4508692314E-01
DelSqRho =  8.5490985258E-01
GradDelSqRho = -2.8232624572E-16  1.7930101848E-14  1.4099832413E-14
HessDelSqRho_EigVals = -1.7976707385E+01 -2.1319377838E+00 -2.3582312154E-01
HessDelSqRho_EigVec1 =  1.9538819315E-04  8.6610251396E-01  4.9986637928E-01
HessDelSqRho_EigVec2 =  9.9999995373E-01 -2.8578499809E-04  1.0428971292E-04
HessDelSqRho_EigVec3 = -2.3317989478E-04 -4.9986633578E-01  8.6610252972E-01
</CP of DelSqRho>
<CP of DelSqRho>
CP# = 30      
Type = (3,-1)
Coords =  7.68441312054384E-01 -3.56426227749433E+00  9.02589182647937E-01
DistFromNuc =  1.1851434817E+00
Rho =  2.4249909960E-01
DelSqRho =  7.3107553060E-01
GradDelSqRho =  6.1062266354E-16 -2.0816681712E-17 -3.3306690739E-16
HessDelSqRho_EigVals = -1.7167103384E+01 -1.3474120727E+00  3.0384134828E-01
HessDelSqRho_EigVec1 =  6.4131520600E-01 -1.7279949305E-02  7.6708292244E-01
HessDelSqRho_EigVec2 =  5.0929929035E-01 -7.3815603601E-01 -4.4242502116E-01
HessDelSqRho_EigVec3 =  5.7387197126E-01  6.7440868162E-01 -4.6459002438E-01
</CP of DelSqRho>
<CP of DelSqRho>
CP# = 31      
Type = (3,-1)
Coords = -7.68717545442574E-01 -3.56388440397347E+00  9.02442973734359E-01
DistFromNuc =  1.1851460048E+00
Rho =  2.4250127937E-01
DelSqRho =  7.3107770979E-01
GradDelSqRho =  9.4368957093E-16 -1.3877787808E-16 -1.1102230246E-15
HessDelSqRho_EigVals = -1.7167167611E+01 -1.3475498572E+00  3.0389891634E-01
HessDelSqRho_EigVec1 = -6.4146499905E-01 -1.6969248649E-02  7.6696460126E-01
HessDelSqRho_EigVec2 =  5.0961745817E-01  7.3785951187E-01  4.4255325903E-01
HessDelSqRho_EigVec3 = -5.7342192260E-01  6.7474097649E-01 -4.6466322572E-01
</CP of DelSqRho>
<CP of DelSqRho>
CP# = 32      
Type = (3,-1)
Coords =  7.68892796490834E-01 -3.56656740200239E+00 -8.98632948764102E-01
DistFromNuc =  1.1851517389E+00
Rho =  2.4250477817E-01
DelSqRho =  7.3104042047E-01
GradDelSqRho = -3.1086244690E-15  2.5673907444E-16  3.8857805862E-16
HessDelSqRho_EigVals = -1.7165706613E+01 -1.3481654880E+00  3.0419040326E-01
HessDelSqRho_EigVec1 = -6.4169810064E-01  1.9259909936E-02  7.6671546450E-01
HessDelSqRho_EigVec2 =  5.0912921957E-01 -7.3695051288E-01  4.4462498732E-01
HessDelSqRho_EigVec3 =  5.7359479201E-01  6.7567225593E-01  4.6309396146E-01
</CP of DelSqRho>
<CP of DelSqRho>
CP# = 33      
Type = (3,-1)
Coords = -7.68782256785711E-01 -3.56617468516427E+00 -8.98816420680732E-01
DistFromNuc =  1.1851525429E+00
Rho =  2.4250694130E-01
DelSqRho =  7.3104505284E-01
GradDelSqRho =  1.1934897515E-15 -2.1684043450E-16 -8.8817841970E-16
HessDelSqRho_EigVals = -1.7165752614E+01 -1.3483648992E+00  3.0424164021E-01
HessDelSqRho_EigVec1 =  6.4152069265E-01  1.8935224811E-02  7.6687199594E-01
HessDelSqRho_EigVec2 =  5.0963855972E-01  7.3665971839E-01 -4.4452333768E-01
HessDelSqRho_EigVec3 = -5.7334085791E-01  6.7599845899E-01  4.6293233209E-01
</CP of DelSqRho>
<CP of DelSqRho>
CP# = 34      
Type = (3,-1)
Coords = -3.77512744274256E-04 -4.68252380428802E+00  4.17454437330868E-03
DistFromNuc =  1.1677583265E+00
Rho =  2.5023644322E-01
DelSqRho =  8.4036731040E-01
GradDelSqRho =  4.4679971528E-16  1.9984014443E-15 -2.0122792321E-16
HessDelSqRho_EigVals = -1.6551452411E+01 -4.0306216355E+00  1.8369489157E-01
HessDelSqRho_EigVec1 =  2.8646628183E-04  9.9999781115E-01 -2.0725898052E-03
HessDelSqRho_EigVec2 =  9.9999995285E-01 -2.8623643351E-04  1.1119486760E-04
HessDelSqRho_EigVec3 = -1.1060137350E-04  2.0726215611E-03  9.9999784600E-01
</CP of DelSqRho>
<CP of DelSqRho>
CP# = 35      
Type = (3,-1)
Coords =  1.97701843112307E+00 -3.96124125187045E+00  2.14089653443668E-03
DistFromNuc =  2.0268428779E+00
Rho =  7.1169222281E-02
DelSqRho =  1.8560346074E-01
GradDelSqRho = -1.4710455076E-15 -5.7592819402E-16 -2.9403562918E-16
HessDelSqRho_EigVals = -2.0754779338E+00 -1.2489832626E-02  4.9077138439E-01
HessDelSqRho_EigVec1 =  9.5284249235E-01  3.0346447557E-01 -7.0487423667E-04
HessDelSqRho_EigVec2 =  2.1418011517E-04  1.6502536088E-03  9.9999861539E-01
HessDelSqRho_EigVec3 = -3.0346521861E-01  9.5284132401E-01 -1.5074357053E-03
</CP of DelSqRho>
<CP of DelSqRho>
CP# = 36      
Type = (3,-1)
Coords = -1.97733233529553E+00 -3.96009091126808E+00  1.70627128420477E-03
DistFromNuc =  2.0268211152E+00
Rho =  7.1173269911E-02
DelSqRho =  1.8562357862E-01
GradDelSqRho = -3.3306690739E-16 -1.8041124150E-16 -1.7347234760E-18
HessDelSqRho_EigVals = -2.0758751639E+00 -1.2530150585E-02  4.9073240093E-01
HessDelSqRho_EigVec1 =  9.5264991346E-01 -3.0406794107E-01  9.1082034020E-04
HessDelSqRho_EigVec2 = -4.3406704024E-04  1.6355065456E-03  9.9999856835E-01
HessDelSqRho_EigVec3 =  3.0406899540E-01  9.5264894496E-01 -1.4260792979E-03
</CP of DelSqRho>
<CP of DelSqRho>
CP# = 37      
Type = (3,+1)
Coords =  1.62753649464169E+00 -4.36189747226902E+00  8.19500124900013E-01
DistFromNuc =  2.0088261638E+00
Rho =  7.0792333843E-02
DelSqRho =  1.8261242196E-01
GradDelSqRho = -9.8055222796E-13  2.6369184614E-13 -6.8151387311E-13
HessDelSqRho_EigVals = -1.7655503243E+00  1.7294383326E-02  5.7201528922E-01
HessDelSqRho_EigVec1 =  6.4280920892E-01 -1.2908587939E-01  7.5507162354E-01
HessDelSqRho_EigVec2 =  5.8689125009E-01  7.1646202243E-01 -3.7714828779E-01
HessDelSqRho_EigVec3 = -4.9229562409E-01  6.8557932156E-01  5.3630775898E-01
</CP of DelSqRho>
<CP of DelSqRho>
CP# = 38      
Type = (3,+1)
Coords = -1.62782963960121E+00 -4.36147315460526E+00  8.19419088838737E-01
DistFromNuc =  2.0087896284E+00
Rho =  7.0795052801E-02
DelSqRho =  1.8261947655E-01
GradDelSqRho =  8.2456036356E-13  2.2338901562E-13 -5.7496195305E-13
HessDelSqRho_EigVals = -1.7654794975E+00  1.7331732728E-02  5.7208780239E-01
HessDelSqRho_EigVec1 = -6.4264306020E-01 -1.2922469258E-01  7.5518929812E-01
HessDelSqRho_EigVec2 =  5.8655817205E-01 -7.1710993267E-01  3.7643439703E-01
HessDelSqRho_EigVec3 =  4.9290912749E-01  6.8487540714E-01  5.3664352110E-01
</CP of DelSqRho>
<CP of DelSqRho>
CP# = 39      
Type = (3,+1)
Coords =  1.62864154253633E+00 -4.36287481104825E+00 -8.12758816180621E-01
DistFromNuc =  2.0087978668E+00
Rho =  7.0796094081E-02
DelSqRho =  1.8263367527E-01
GradDelSqRho = -1.8319616657E-12  4.6976138257E-13  1.2332045107E-12
HessDelSqRho_EigVals = -1.7660669320E+00  1.7248434132E-02  5.7191383169E-01
HessDelSqRho_EigVec1 = -6.4379692716E-01  1.2991194643E-01  7.5408779512E-01
HessDelSqRho_EigVec2 =  5.8646465629E-01  7.1678142263E-01  3.7720498285E-01
HessDelSqRho_EigVec3 = -4.9151268905E-01  6.8508924845E-01 -5.3765044235E-01
</CP of DelSqRho>
<CP of DelSqRho>
CP# = 40      
Type = (3,+1)
Coords = -1.62861971092159E+00 -4.36237952572858E+00 -8.13375676106954E-01
DistFromNuc =  2.0087591075E+00
Rho =  7.0798991923E-02
DelSqRho =  1.8264184755E-01
GradDelSqRho =  1.5220880112E-12  3.9388978190E-13  1.0313971899E-12
HessDelSqRho_EigVals = -1.7660204016E+00  1.7281151158E-02  5.7198074636E-01
HessDelSqRho_EigVec1 =  6.4333861321E-01  1.2997928202E-01  7.5446723918E-01
HessDelSqRho_EigVec2 =  5.8627803854E-01 -7.1739350577E-01 -3.7633046568E-01
HessDelSqRho_EigVec3 =  4.9233473398E-01  6.8443549303E-01 -5.3773094164E-01
</CP of DelSqRho>
<CP of DelSqRho>
CP# = 41      
Type = (3,-1)
Coords =  9.43770739987253E-01 -5.28789924775105E+00  2.68593006425976E-03
DistFromNuc =  2.0086738530E+00
Rho =  7.2931999452E-02
DelSqRho =  1.9436570946E-01
GradDelSqRho = -2.4980018054E-15  2.2992718840E-13 -2.1935578354E-14
HessDelSqRho_EigVals = -2.3685626027E+00 -1.8382779154E-02  4.5844705515E-01
HessDelSqRho_EigVec1 =  1.1286155358E-01  9.9361069160E-01  2.5151811992E-04
HessDelSqRho_EigVec2 = -1.0413657156E-03 -1.3484942329E-04  9.9999944869E-01
HessDelSqRho_EigVec3 =  9.9361017773E-01 -1.1286175328E-01  1.0194927935E-03
</CP of DelSqRho>
<CP of DelSqRho>
CP# = 42      
Type = (3,-1)
Coords = -9.44875959843487E-01 -5.28734140091592E+00  2.43638963385836E-03
DistFromNuc =  2.0086649054E+00
Rho =  7.2933428052E-02
DelSqRho =  1.9436951006E-01
GradDelSqRho =  8.3058560030E-15  4.2665870836E-13 -5.1039901472E-14
HessDelSqRho_EigVals = -2.3685364767E+00 -1.8384842220E-02  4.5847178958E-01
HessDelSqRho_EigVec1 = -1.1226362143E-01  9.9367842373E-01  2.6367032120E-04
HessDelSqRho_EigVec2 =  8.3944474078E-04 -1.7050900354E-04  9.9999963313E-01
HessDelSqRho_EigVec3 =  9.9367810413E-01  1.1226380158E-01 -8.1499616860E-04
</CP of DelSqRho>
<Path of -GradDelSqRho>
Starting CP# =      3
Ending CP# =      0
Number of Points =     30
  9.2717355242E-01 -4.2171306391E+00  2.7912569925E-03  4.0543030304E-01 -9.2292017471E-01
  9.4693424174E-01 -4.2324445091E+00  2.8136384519E-03  3.9473807664E-01 -9.3215069920E-01
  9.6668085909E-01 -4.2477765200E+00  2.8360026388E-03  3.8504978676E-01 -9.5961599078E-01
  9.8641327992E-01 -4.2631267977E+00  2.8583473316E-03  3.7633358625E-01 -1.0051304942E+00
  1.0061317526E+00 -4.2784949886E+00  2.8806710167E-03  3.6855395183E-01 -1.0686957819E+00
  1.0258368761E+00 -4.2938802925E+00  2.9029729380E-03  3.6167181505E-01 -1.1504339510E+00
  1.0455295554E+00 -4.3092815215E+00  2.9252531159E-03  3.5564456714E-01 -1.2504515232E+00
  1.0652109432E+00 -4.3246971776E+00  2.9475123405E-03  3.5042602915E-01 -1.3686072797E+00
  1.0848823754E+00 -4.3401255360E+00  2.9697521565E-03  3.4596654871E-01 -1.5041556488E+00
  1.1045453102E+00 -4.3555647228E+00  2.9919748614E-03  3.4221348346E-01 -1.6552555693E+00
  1.1242012810E+00 -4.3710127747E+00  3.0141835487E-03  3.3911245364E-01 -1.8183944713E+00
  1.1438518731E+00 -4.3864676683E+00  3.0363822398E-03  3.3660986495E-01 -1.9879011069E+00
  1.1634987234E+00 -4.4019273183E+00  3.0585761298E-03  3.3465724773E-01 -2.1559168129E+00
  1.1831434996E+00 -4.4173896038E+00  3.0807717739E-03  3.3321781443E-01 -2.3134244952E+00
  1.2027876026E+00 -4.4328527447E+00  3.1029759457E-03  3.3227515261E-01 -2.4530842805E+00
  1.2224306744E+00 -4.4483171953E+00  3.1251878402E-03  3.3184302194E-01 -2.5745020096E+00
  1.2420672408E+00 -4.4637899049E+00  3.1473781771E-03  3.3197381639E-01 -2.6919547418E+00
  1.2616891253E+00 -4.4792812283E+00  3.1694955578E-03  3.3276163874E-01 -2.8434364362E+00
  1.2812967655E+00 -4.4947905781E+00  3.1915323327E-03  3.3433474129E-01 -3.0983672490E+00
  1.3008963823E+00 -4.5103100670E+00  3.2135188511E-03  3.3683213831E-01 -3.5599419696E+00
  1.3204923716E+00 -4.5258341360E+00  3.2354795970E-03  3.4036113453E-01 -4.3575178479E+00
  1.3400868379E+00 -4.5413601274E+00  3.2574271002E-03  3.4493699344E-01 -5.6251825188E+00
  1.3596807461E+00 -4.5568868231E+00  3.2793673646E-03  3.5041275021E-01 -7.4651263186E+00
  1.3792745677E+00 -4.5724136281E+00  3.3013033801E-03  3.5641511586E-01 -9.8992530649E+00
  1.3988685614E+00 -4.5879402159E+00  3.3232367285E-03  3.6230930385E-01 -1.2820004938E+01
  1.4184629027E+00 -4.6034663651E+00  3.3451683071E-03  3.6721767314E-01 -1.5960112037E+01
  1.4380577662E+00 -4.6189918552E+00  3.3670986841E-03  3.7010977469E-01 -1.8905378241E+01
  1.4576534369E+00 -4.6345163264E+00  3.3890283285E-03  3.6996211026E-01 -2.1166556097E+01
  1.4772507583E+00 -4.6500387139E+00  3.4109580298E-03  3.6595811664E-01 -2.2302243697E+01
  1.4831311845E+00 -4.6546938769E+00  3.4175376645E-03  3.6392886694E-01 -2.2378072065E+01
</Path of -GradDelSqRho>
<Path of -GradDelSqRho>
Starting CP# =      3
Ending CP# =     21
Number of Points =     18
  9.2717355242E-01 -4.2171306391E+00  2.7912569925E-03  4.0543030304E-01 -9.2292017471E-01
  9.0739973358E-01 -4.2018337261E+00  2.7688615496E-03  4.1715433418E-01 -9.3231253127E-01
  8.8761315771E-01 -4.1865533177E+00  2.7464549350E-03  4.2993358304E-01 -9.6089305510E-01
  8.6781498859E-01 -4.1712879330E+00  2.7240409695E-03  4.4378635180E-01 -1.0093428874E+00
  8.4800667464E-01 -4.1560357142E+00  2.7016238562E-03  4.5872505237E-01 -1.0783638360E+00
  8.2818991779E-01 -4.1407944665E+00  2.6792081629E-03  4.7475534979E-01 -1.1685506604E+00
  8.0836665775E-01 -4.1255616778E+00  2.6567988783E-03  4.9187530826E-01 -1.2802329698E+00
  7.8853908290E-01 -4.1103345056E+00  2.6344015736E-03  5.1007463860E-01 -1.4132906968E+00
  7.6870967926E-01 -4.0951097150E+00  2.6120227155E-03  5.2933416617E-01 -1.5669495461E+00
  7.4888133252E-01 -4.0798835479E+00  2.5896702069E-03  5.4962565616E-01 -1.7395654369E+00
  7.2905750970E-01 -4.0646514915E+00  2.5673543014E-03  5.7091214715E-01 -1.9284091972E+00
  7.0924257192E-01 -4.0494078792E+00  2.5450891785E-03  5.9314895226E-01 -2.1294637916E+00
  6.8944232830E-01 -4.0341451866E+00  2.5228957964E-03  6.1628548900E-01 -2.3372447037E+00
  6.6966508789E-01 -4.0188527017E+00  2.5008074543E-03  6.4026809077E-01 -2.5446470923E+00
  6.4992388800E-01 -4.0035137285E+00  2.4788818545E-03  6.6504392677E-01 -2.7428060720E+00
  6.3024203489E-01 -3.9880987069E+00  2.4572316192E-03  6.9056605878E-01 -2.9209204752E+00
  6.1067078630E-01 -3.9725436254E+00  2.4361229014E-03  7.1679908331E-01 -3.0659231812E+00
  5.8044398757E-01 -3.9371434322E+00  2.4561911136E-03  7.6621887189E-01 -3.1902290804E+00
</Path of -GradDelSqRho>
<Path of -GradDelSqRho>
Starting CP# =      4
Ending CP# =     22
Number of Points =     18
 -9.2765264244E-01 -4.2165874122E+00  2.5830588257E-03  4.0544056280E-01 -9.2298097936E-01
 -9.0786979867E-01 -4.2013021666E+00  2.5651492212E-03  4.1716476140E-01 -9.3237406606E-01
 -8.8807421836E-01 -4.1860334193E+00  2.5472301377E-03  4.2994420348E-01 -9.6095672195E-01
 -8.6826706354E-01 -4.1707796895E+00  2.5293054367E-03  4.4379718947E-01 -1.0094099808E+00
 -8.4844978052E-01 -4.1555391202E+00  2.5113793535E-03  4.5873612897E-01 -1.0784355125E+00
 -8.2862406884E-01 -4.1403095167E+00  2.4934564894E-03  4.7476668421E-01 -1.1686279027E+00
 -8.0879186554E-01 -4.1250883675E+00  2.4755418793E-03  4.9188691612E-01 -1.2803165449E+00
 -7.8895535614E-01 -4.1098728303E+00  2.4576411682E-03  5.1008653187E-01 -1.4133811087E+00
 -7.6911702351E-01 -4.0946596702E+00  2.4397609453E-03  5.2934635297E-01 -1.5670469854E+00
 -7.4927974982E-01 -4.0794451294E+00  2.4219093147E-03  5.4963814073E-01 -1.7396697289E+00
 -7.2944699802E-01 -4.0642246948E+00  2.4040968589E-03  5.7092492994E-01 -1.9285197532E+00
 -7.0962312426E-01 -4.0489926994E+00  2.3863382962E-03  5.9316203036E-01 -2.1295795660E+00
 -6.8981393125E-01 -4.0337416180E+00  2.3686554828E-03  6.1629885682E-01 -2.3373641597E+00
 -6.7002771908E-01 -4.0184607371E+00  2.3510832713E-03  6.4028174107E-01 -2.5447681768E+00
 -6.5027751135E-01 -4.0031333582E+00  2.3336822168E-03  6.6505785223E-01 -2.7429261899E+00
 -6.3058659062E-01 -3.9877299154E+00  2.3165707352E-03  6.9058025414E-01 -2.9210364423E+00
 -6.1100616577E-01 -3.9721863807E+00  2.3000290261E-03  7.1681354885E-01 -3.0660311015E+00
 -5.8076067729E-01 -3.9368114330E+00  2.3323561114E-03  7.6622715845E-01 -3.1903079730E+00
</Path of -GradDelSqRho>
<Path of -GradDelSqRho>
Starting CP# =      4
Ending CP# =      0
Number of Points =     30
 -9.2765264244E-01 -4.2165874122E+00  2.5830588257E-03  4.0544056280E-01 -9.2298097936E-01
 -9.4742237774E-01 -4.2318896082E+00  2.6009560311E-03  3.9474819584E-01 -9.3221225710E-01
 -9.6717806363E-01 -4.2472099382E+00  2.6188375297E-03  3.8505979280E-01 -9.5967984268E-01
 -9.8691957579E-01 -4.2625485279E+00  2.6367010041E-03  3.7634350636E-01 -1.0051982122E+00
 -1.0066471623E+00 -4.2779050239E+00  2.6545448238E-03  3.6856381246E-01 -1.0687689348E+00
 -1.0263614212E+00 -4.2932786260E+00  2.6723680989E-03  3.6168164118E-01 -1.1505140523E+00
 -1.0460632562E+00 -4.3086681469E+00  2.6901707031E-03  3.5565438167E-01 -1.2505399461E+00
 -1.0657538181E+00 -4.3240720889E+00  2.7079532746E-03  3.5043585238E-01 -1.3687051233E+00
 -1.0854344407E+00 -4.3394887279E+00  2.7257172089E-03  3.4597639800E-01 -1.5042635376E+00
 -1.1051065799E+00 -4.3549161909E+00  2.7434646640E-03  3.4222337312E-01 -1.6553733867E+00
 -1.1247717665E+00 -4.3703525153E+00  2.7611986121E-03  3.3912239550E-01 -1.8185210646E+00
 -1.1444315831E+00 -4.3857956787E+00  2.7789229780E-03  3.3661986961E-01 -1.9880340792E+00
 -1.1640876636E+00 -4.4012435970E+00  2.7966428932E-03  3.3466732696E-01 -2.1560526254E+00
 -1.1837416726E+00 -4.4166941509E+00  2.8143648897E-03  3.3322798476E-01 -2.3135592149E+00
 -1.2033950075E+00 -4.4321455623E+00  2.8320957595E-03  3.3228544006E-01 -2.4532153572E+00
 -1.2230473092E+00 -4.4475982877E+00  2.8498347013E-03  3.3185346714E-01 -2.5746313420E+00
 -1.2426931120E+00 -4.4630592738E+00  2.8675522067E-03  3.3198447867E-01 -2.6920929109E+00
 -1.2623242597E+00 -4.4785388626E+00  2.8851963407E-03  3.3277259695E-01 -2.8436073461E+00
 -1.2819411962E+00 -4.4940364582E+00  2.9027591932E-03  3.3434608867E-01 -3.0986116591E+00
 -1.3015501301E+00 -4.5095441787E+00  2.9202712586E-03  3.3684396887E-01 -3.5603178121E+00
 -1.3211554470E+00 -4.5250564720E+00  2.9377572038E-03  3.4037351962E-01 -4.3580950773E+00
 -1.3407592458E+00 -4.5405706838E+00  2.9552296673E-03  3.4494994982E-01 -5.6260307696E+00
 -1.3603624887E+00 -4.5560855979E+00  2.9726947083E-03  3.5042620437E-01 -7.4662951120E+00
 -1.3799656461E+00 -4.5716006202E+00  2.9901553433E-03  3.5642887343E-01 -9.9007470704E+00
 -1.3995689758E+00 -4.5871154247E+00  3.0076131650E-03  3.6232303563E-01 -1.2821760880E+01
 -1.4191726531E+00 -4.6026297901E+00  3.0250690699E-03  3.6723092961E-01 -1.5961987881E+01
 -1.4387768521E+00 -4.6181434962E+00  3.0425236124E-03  3.7012203570E-01 -1.8907165889E+01
 -1.4583818574E+00 -4.6336561833E+00  3.0599772217E-03  3.6997286573E-01 -2.1168022385E+01
 -1.4779885115E+00 -4.6491667864E+00  3.0774305482E-03  3.6596696104E-01 -2.2303191145E+01
 -1.4838717331E+00 -4.6538184178E+00  3.0826670483E-03  3.6393708516E-01 -2.2378838282E+01
</Path of -GradDelSqRho>
<Path of -GradDelSqRho>
Starting CP# =      7
Ending CP# =     15
Number of Points =     42
 -7.2824138237E-05 -3.5753418599E+00  1.5881628205E-01  2.2530166824E+01  1.2397469575E+03
 -7.7915325993E-05 -3.5842163301E+00  1.8218813658E-01  1.5608286483E+01  1.1573988671E+03
 -8.3001838363E-05 -3.5930682587E+00  2.0556854137E-01  1.0915489359E+01  9.8681756705E+02
 -8.8087120402E-05 -3.6019143355E+00  2.2895116086E-01  7.7436490248E+00  7.7784298756E+02
 -9.3169635990E-05 -3.6107470648E+00  2.5233882495E-01  5.6079841487E+00  5.7640187477E+02
 -9.8246709546E-05 -3.6195534129E+00  2.7573643382E-01  4.1709488150E+00  4.1146875353E+02
 -1.0331541887E-04 -3.6283191094E+00  2.9914930038E-01  3.2015054348E+00  2.8824399198E+02
 -1.0837282731E-04 -3.6370297708E+00  3.2258269513E-01  2.5445271869E+00  1.9956027332E+02
 -1.1341621057E-04 -3.6456720390E+00  3.4604139601E-01  2.0964970062E+00  1.3618162006E+02
 -1.1844291289E-04 -3.6542329468E+00  3.6952990591E-01  1.7879910117E+00  9.0882831568E+01
 -1.2344967071E-04 -3.6626967016E+00  3.9305359089E-01  1.5721237782E+00  5.8754245196E+01
 -1.2843163984E-04 -3.6710400538E+00  4.1662023532E-01  1.4172012685E+00  3.6408375788E+01
 -1.3338124511E-04 -3.6792269006E+00  4.4024167662E-01  1.3019677637E+00  2.1308926106E+01
 -1.3828657540E-04 -3.6872009302E+00  4.6393574861E-01  1.2123831404E+00  1.1447440547E+01
 -1.4312865677E-04 -3.6948734023E+00  4.8772905019E-01  1.1393498120E+00  5.2358555119E+00
 -1.4787624293E-04 -3.7021003573E+00  5.1166112572E-01  1.0770943793E+00  1.4668991559E+00
 -1.5247468395E-04 -3.7086353148E+00  5.3579050674E-01  1.0220436128E+00 -7.2968741550E-01
 -1.5681790111E-04 -3.7140145472E+00  5.6020083864E-01  9.7210657858E-01 -1.9483052385E+00
 -1.6065807870E-04 -3.7172070577E+00  5.8497992348E-01  9.2641638662E-01 -2.5761668088E+00
 -1.6320150285E-04 -3.7152136661E+00  6.0978602842E-01  8.8655680185E-01 -2.8603439627E+00
 -1.6193711286E-04 -3.7006076446E+00  6.2931260692E-01  8.6457436020E-01 -2.9805802303E+00
 -1.5714978827E-04 -3.6772612692E+00  6.3796624883E-01  8.6467789001E-01 -3.0686694703E+00
 -1.5156893366E-04 -3.6527094189E+00  6.4264487854E-01  8.7031711736E-01 -3.1542315287E+00
 -1.4575782477E-04 -3.6279346735E+00  6.4598075079E-01  8.7659053472E-01 -3.2381977914E+00
 -1.3979357343E-04 -3.6030540033E+00  6.4840783441E-01  8.8269878860E-01 -3.3201842979E+00
 -1.3368867459E-04 -3.5781053768E+00  6.4999139563E-01  8.8849568089E-01 -3.3997625853E+00
 -1.2744690523E-04 -3.5531177648E+00  6.5074069833E-01  8.9393633513E-01 -3.4765110915E+00
 -1.2107125196E-04 -3.5281190565E+00  6.5065729516E-01  8.9899280688E-01 -3.5500239710E+00
 -1.1456502563E-04 -3.5031369720E+00  6.4974195100E-01  9.0364220770E-01 -3.6199168481E+00
 -1.0793206281E-04 -3.4781991998E+00  6.4799556653E-01  9.0786534240E-01 -3.6858320106E+00
