 AIMInt (Version 19.02.13, Professional)
 Portions Copyright (c) 1997-2019 by Todd A. Keith
 AIMInt is a component of the AIMAll package ( http://aim.tkgristmill.com )

 TP:  64-bit Linux

 Licensed To:  Research Group of Fernando Cortes Guzman, UNAM, fercor@unam.mx

 AIMInt is a heavily modified and extended version of the PROAIMV program
 developed by members of R.F.W. Bader's research group

 Much of the Quantum Theory of Atoms in Molecules (QTAIM) is described in the book:
   "Atoms in Molecules - A Quantum Theory"
   R.F.W. Bader, Oxford University Press, Oxford, 1990

 For additional references see:  http://aim.tkgristmill.com/references.html

 Current Directory:  /home/scratch/M_H2O_4_cuadrado_plano/Opt

 Inp File:  V3_cuadrado_plano_cc-pvtz-def2-tzv_1_atomicfiles/v1.inp
 Wfx File:  V3_cuadrado_plano_cc-pvtz-def2-tzv_1.wfx
 Out File:  V3_cuadrado_plano_cc-pvtz-def2-tzv_1_atomicfiles/v1.int

 Wfx Title:   V3_cuadrado_plano_cc-pvtz-def2-tzv_1                                          
 Job Title:   V3_cuadrado_plano_cc-pvtz-def2-tzv_1                                          
 
<Atom>
V1      
</Atom>
<Nuclei of Molecule>
    13
V1        23.0           5.2798968090E-04  -5.7760036768E-04  -2.4249930219E-03
O2         8.0          -3.5149995828E+00   8.3752999038E-05   5.8046521433E-04
H3         1.0          -4.6536992267E+00   5.8768667744E-04  -1.5093825003E+00
O4         8.0          -8.1587268196E-04   3.5150129130E+00   1.7260549906E-03
H5         1.0           1.4894476958E+00   4.6607795470E+00   3.0695161542E-03
O6         8.0           3.5147820289E+00   8.6125455585E-04   5.8044631707E-04
H7         1.0           4.6534721332E+00   1.2770344169E-03  -1.5094763781E+00
O8         8.0          -3.8371024343E-05  -3.5147680940E+00   1.7260549906E-03
H9         1.0           1.4903757749E+00  -4.6604593628E+00   3.4256075612E-03
H10        1.0          -4.6511094316E+00   2.8593407084E-04   1.5124311309E+00
H11        1.0           4.6510468902E+00   1.3046358757E-03   1.5123997448E+00
H12        1.0          -1.4919918354E+00   4.6595635819E+00   3.3144749522E-03
H13        1.0          -1.4911113828E+00  -4.6595728610E+00   3.0890714199E-03
</Nuclei of Molecule>
<Total Number of CPs of DelSqRho>
    93
</Total Number of CPs of DelSqRho>
<Number of (3,+3) CPs of DelSqRho>
    12
</Number of (3,+3) CPs of DelSqRho>
<Number of (3,+1) CPs of DelSqRho>
    32
</Number of (3,+1) CPs of DelSqRho>
<Number of (3,-1) CPs of DelSqRho>
    33
</Number of (3,-1) CPs of DelSqRho>
<Number of (3,-3) CPs of DelSqRho>
    16
</Number of (3,-3) CPs of DelSqRho>
<Number of Degenerate CPs of DelSqRho>
     0
</Number of Degenerate CPs of DelSqRho>
<CP of DelSqRho>
CP# = 1       
Type = (3,+3)
Coords =  5.27989680502564E-04 -5.77600367235986E-04 -2.42499302294712E-03
DistFromNuc =  1.1731237277E-12
Rho =  8.1178299706E+03
DelSqRho = -3.9066275729E+09
GradDelSqRho = -1.3704888406E-03 -9.5242798488E-04 -4.8157155543E-03
HessDelSqRho_EigVals =  3.0761653120E+16  3.0761653128E+16  3.0761653258E+16
HessDelSqRho_EigVec1 =  9.9999988702E-01  4.7518696702E-04  1.2324169121E-05
HessDelSqRho_EigVec2 = -4.7518712387E-04  9.9999988702E-01  1.2727023060E-05
HessDelSqRho_EigVec3 = -1.2318120013E-05 -1.2732877909E-05  9.9999999984E-01
</CP of DelSqRho>
<CP of DelSqRho>
CP# = 2       
Type = (3,+1)
Coords =  3.92063202822918E-04  1.39623774965514E-01 -1.16506611700891E-01
DistFromNuc =  1.8075137577E-01
Rho =  6.8681630524E+01
DelSqRho = -3.5073299602E+03
GradDelSqRho =  4.5474735089E-13 -2.9103830457E-11  0.0000000000E+00
HessDelSqRho_EigVals = -2.6739788989E+04  3.0914532786E+03  5.1936230770E+06
HessDelSqRho_EigVec1 = -7.1833558364E-04  6.2990552979E-01  7.7667142829E-01
HessDelSqRho_EigVec2 =  9.9999945823E-01  1.0375879230E-03  8.3372223745E-05
HessDelSqRho_EigVec3 = -7.5334826941E-04  7.7667106741E-01 -6.2990593387E-01
</CP of DelSqRho>
<CP of DelSqRho>
CP# = 3       
Type = (3,+1)
Coords =  3.92635635005311E-04  1.39588960615105E-01  1.11698509363089E-01
DistFromNuc =  1.8075081448E-01
Rho =  6.8682707713E+01
DelSqRho = -3.5075701235E+03
GradDelSqRho =  3.4106051316E-13  0.0000000000E+00 -2.9103830457E-11
HessDelSqRho_EigVals = -2.6694403037E+04  3.0953547349E+03  5.1937853759E+06
HessDelSqRho_EigVec1 =  6.9064064669E-04 -6.3013805574E-01  7.7648280968E-01
HessDelSqRho_EigVec2 =  9.9999948016E-01  1.0176599184E-03 -6.3586784715E-05
HessDelSqRho_EigVec3 = -7.5012697988E-04  7.7648244995E-01  6.3013843100E-01
</CP of DelSqRho>
<CP of DelSqRho>
CP# = 4       
Type = (3,+3)
Coords =  1.81193667254415E-01 -2.81127120791822E-04 -2.35745561150787E-03
DistFromNuc =  1.8066593345E-01
Rho =  6.8830144912E+01
DelSqRho = -3.5837817924E+03
GradDelSqRho =  1.4551915228E-11  1.1368683772E-13  1.7763568394E-15
HessDelSqRho_EigVals =  2.9541098546E+03  2.6799537296E+04  5.2058082223E+06
HessDelSqRho_EigVec1 = -1.6425920600E-03  9.9999865082E-01  1.5621952075E-05
HessDelSqRho_EigVec2 = -3.7731805194E-04 -1.6241752510E-05  9.9999992868E-01
HessDelSqRho_EigVec3 =  9.9999857976E-01  1.6425860484E-03  3.7734422144E-04
</CP of DelSqRho>
<CP of DelSqRho>
CP# = 5       
Type = (3,+3)
Coords = -1.80138143552923E-01 -3.17071659791039E-04 -2.36075501559271E-03
DistFromNuc =  1.8066633250E-01
Rho =  6.8829537399E+01
DelSqRho = -3.5836356898E+03
GradDelSqRho =  4.3655745685E-11 -2.8421709430E-14  1.2434497876E-14
HessDelSqRho_EigVals =  2.9269557594E+03  2.6788755514E+04  5.2057004265E+06
HessDelSqRho_EigVec1 =  1.4437844263E-03  9.9999895770E-01  9.7198204577E-06
HessDelSqRho_EigVec2 =  3.5908515736E-04 -1.0238272060E-05  9.9999993548E-01
HessDelSqRho_EigVec3 =  9.9999889327E-01 -1.4437808429E-03 -3.5909956495E-04
</CP of DelSqRho>
<CP of DelSqRho>
CP# = 6       
Type = (3,+3)
Coords =  2.60503396092060E-04  1.80074823381326E-01 -2.33244109259560E-03
DistFromNuc =  1.8065264549E-01
Rho =  6.8839866059E+01
DelSqRho = -3.5797245084E+03
GradDelSqRho = -4.5474735089E-13  0.0000000000E+00  2.8421709430E-14
HessDelSqRho_EigVals =  2.4469048636E+03  2.2227697967E+04  5.2092617757E+06
HessDelSqRho_EigVec1 =  9.9999890238E-01  1.4815776919E-03  1.3148054502E-05
HessDelSqRho_EigVec2 = -1.2383685579E-05 -5.1592351137E-04  9.9999986683E-01
HessDelSqRho_EigVec3 = -1.4815842780E-03  9.9999876937E-01  5.1590459769E-04
</CP of DelSqRho>
<CP of DelSqRho>
CP# = 7       
Type = (3,+3)
Coords =  5.29428075734587E-04 -5.87171595188347E-04  1.78551735282840E-01
DistFromNuc =  1.8097672856E-01
Rho =  6.8967156772E+01
DelSqRho = -3.6721282486E+03
GradDelSqRho =  0.0000000000E+00  1.7763568394E-15  2.9103830457E-11
HessDelSqRho_EigVals =  3.3420995870E+04  3.7497256665E+04  5.1577887813E+06
HessDelSqRho_EigVec1 = -3.3937634211E-04  9.9999994095E-01  5.4013955245E-05
HessDelSqRho_EigVec2 =  9.9999994237E-01  3.3937680725E-04 -8.6025870454E-06
HessDelSqRho_EigVec3 =  8.6209176211E-06 -5.4011032617E-05  9.9999999850E-01
</CP of DelSqRho>
<CP of DelSqRho>
CP# = 8       
Type = (3,+3)
Coords =  5.33270769741135E-04 -5.83582483466002E-04 -1.83401735670659E-01
DistFromNuc =  1.8097674282E-01
Rho =  6.8967036873E+01
DelSqRho = -3.6722745733E+03
GradDelSqRho = -8.8817841970E-16 -2.6645352591E-15  4.3655745685E-11
HessDelSqRho_EigVals =  3.3479140814E+04  3.7549404951E+04  5.1577971749E+06
HessDelSqRho_EigVec1 = -3.7486173986E-04  9.9999992916E-01 -3.4123892584E-05
HessDelSqRho_EigVec2 =  9.9999992929E-01  3.7486275911E-04  2.9867539340E-05
HessDelSqRho_EigVec3 = -2.9880329001E-05  3.4112693974E-05  9.9999999897E-01
</CP of DelSqRho>
<CP of DelSqRho>
CP# = 9       
Type = (3,+1)
Coords =  4.52027157692631E-04 -1.40727537539621E-01  1.11718564857179E-01
DistFromNuc =  1.8075055315E-01
Rho =  6.8683174525E+01
DelSqRho = -3.5076784571E+03
GradDelSqRho =  0.0000000000E+00 -2.9103830457E-11  2.9103830457E-11
HessDelSqRho_EigVals = -2.6698279514E+04  3.1233419909E+03  5.1938605004E+06
HessDelSqRho_EigVec1 =  4.6775584721E-04  6.3024855886E-01  7.7639328646E-01
HessDelSqRho_EigVec2 =  9.9999980196E-01 -6.2170607746E-04 -9.7793729727E-05
HessDelSqRho_EigVec3 =  4.2105406747E-04  7.7639317845E-01 -6.3024872485E-01
</CP of DelSqRho>
<CP of DelSqRho>
CP# = 10      
Type = (3,+1)
Coords =  4.59682208701715E-04 -1.40758606498731E-01 -1.16531299392827E-01
DistFromNuc =  1.8075112254E-01
Rho =  6.8682079966E+01
DelSqRho = -3.5074338413E+03
GradDelSqRho =  0.0000000000E+00  2.9103830457E-11  0.0000000000E+00
HessDelSqRho_EigVals = -2.6744275256E+04  3.1185247374E+03  5.1936962199E+06
HessDelSqRho_EigVec1 = -4.6194547311E-04 -6.3004168697E-01  7.7656117550E-01
HessDelSqRho_EigVec2 =  9.9999982162E-01 -5.8508990938E-04  1.2016356227E-04
HessDelSqRho_EigVec3 =  3.7865005431E-04  7.7656109248E-01  6.3004184486E-01
</CP of DelSqRho>
<CP of DelSqRho>
CP# = 11      
Type = (3,+1)
Coords =  1.22076329625666E-01  1.33072400094631E-01 -2.33920452669882E-03
DistFromNuc =  1.8065527650E-01
Rho =  6.8814622472E+01
DelSqRho = -3.5706459585E+03
GradDelSqRho =  2.9103830457E-11  0.0000000000E+00  2.8421709430E-14
HessDelSqRho_EigVals = -2.6772623050E+03  2.2961747397E+04  5.2082986939E+06
HessDelSqRho_EigVec1 =  7.3985084108E-01 -6.7277092476E-01 -1.2551741285E-04
HessDelSqRho_EigVec2 = -2.2897027113E-04 -4.3836800064E-04  9.9999987770E-01
HessDelSqRho_EigVec3 =  6.7277089751E-01  7.3985072186E-01  4.7837147503E-04
</CP of DelSqRho>
<CP of DelSqRho>
CP# = 12      
Type = (3,+1)
Coords = -1.21362921939301E-01  1.32760080602693E-01 -2.34207093244165E-03
DistFromNuc =  1.8065530266E-01
Rho =  6.8814586785E+01
DelSqRho = -3.5706823870E+03
GradDelSqRho = -2.9103830457E-11  2.9103830457E-11  0.0000000000E+00
HessDelSqRho_EigVals = -2.6616619670E+03  2.2974453259E+04  5.2082954984E+06
HessDelSqRho_EigVec1 =  7.3812409531E-01  6.7466495427E-01  1.3932291480E-04
HessDelSqRho_EigVec2 =  2.0919381935E-04 -4.3537743488E-04  9.9999988334E-01
HessDelSqRho_EigVec3 = -6.7466493622E-01  7.3812398005E-01  4.6249831381E-04
</CP of DelSqRho>
<CP of DelSqRho>
CP# = 13      
Type = (3,+1)
Coords =  1.22571436674003E-01 -1.33775639721469E-01 -2.34202088462138E-03
DistFromNuc =  1.8065527262E-01
Rho =  6.8814594664E+01
DelSqRho = -3.5706117781E+03
GradDelSqRho =  0.0000000000E+00  3.6379788071E-11  1.4210854715E-14
HessDelSqRho_EigVals = -2.7006435169E+03  2.2966465251E+04  5.2082957581E+06
HessDelSqRho_EigVec1 =  7.3735213184E-01  6.7550856259E-01 -1.2462651812E-04
HessDelSqRho_EigVec2 = -2.2073381006E-04  4.2543509459E-04  9.9999988514E-01
HessDelSqRho_EigVec3 = -6.7550853802E-01  7.3735201964E-01 -4.6280305271E-04
</CP of DelSqRho>
<CP of DelSqRho>
CP# = 14      
Type = (3,-1)
Coords = -1.36827531663720E-01 -1.64493470234047E-02 -1.18853015981147E-01
DistFromNuc =  1.8075933203E-01
Rho =  6.8642485607E+01
DelSqRho = -3.4926217832E+03
GradDelSqRho = -2.5465851650E-11 -5.4569682106E-11 -2.5465851650E-11
HessDelSqRho_EigVals = -3.1195050923E+04 -9.8958825894E+01  5.1915994564E+06
HessDelSqRho_EigVec1 = -6.4076401560E-01 -5.4653507947E-02  7.6579009551E-01
HessDelSqRho_EigVec2 = -1.0247607612E-01  9.9462595557E-01 -1.4760160171E-02
HessDelSqRho_EigVec3 =  7.6086801098E-01  8.7932943618E-02  6.4292119835E-01
</CP of DelSqRho>
<CP of DelSqRho>
CP# = 15      
Type = (3,+1)
Coords = -1.21807609593472E-01 -1.33507439153320E-01 -2.34378269102260E-03
DistFromNuc =  1.8065532786E-01
Rho =  6.8814555837E+01
DelSqRho = -3.5706501741E+03
GradDelSqRho =  0.0000000000E+00 -1.4551915228E-11 -4.2632564146E-14
HessDelSqRho_EigVals = -2.6847033281E+03  2.2983779078E+04  5.2082846617E+06
HessDelSqRho_EigVec1 =  7.3586950486E-01 -6.7712336592E-01  1.3837893178E-04
HessDelSqRho_EigVec2 =  2.0496273315E-04  4.2710790347E-04  9.9999988778E-01
HessDelSqRho_EigVec3 =  6.7712334904E-01  7.3586939392E-01 -4.5308073721E-04
</CP of DelSqRho>
<CP of DelSqRho>
CP# = 16      
Type = (3,+1)
Coords =  3.25131640575042E-01 -4.69398064566922E-04 -2.41670529583043E-03
DistFromNuc =  3.2460366903E-01
Rho =  1.5766099315E+01
DelSqRho =  9.3249442058E+02
GradDelSqRho = -8.6970430857E-12  5.1403326040E-14  8.0491169285E-16
HessDelSqRho_EigVals = -2.2927166074E+05  9.5556315058E+02  7.4560820277E+03
HessDelSqRho_EigVec1 =  9.9999994653E-01  3.2664889335E-04  1.5714814643E-05
HessDelSqRho_EigVec2 = -3.2664912403E-04  9.9999994654E-01  1.4678502686E-05
HessDelSqRho_EigVec3 = -1.5710019087E-05 -1.4683635132E-05  9.9999999977E-01
</CP of DelSqRho>
<CP of DelSqRho>
CP# = 17      
Type = (3,+1)
Coords = -3.24074425096015E-01 -5.69891440951343E-04 -2.42312582467783E-03
DistFromNuc =  3.2460241487E-01
Rho =  1.5766301103E+01
DelSqRho =  9.3249458987E+02
GradDelSqRho = -2.0463630790E-12 -2.9670710333E-13  5.5511151231E-17
HessDelSqRho_EigVals = -2.2927357768E+05  9.5503723438E+02  7.4559766890E+03
HessDelSqRho_EigVec1 =  9.9999999985E-01 -1.6720983966E-05  4.0997864719E-06
HessDelSqRho_EigVec2 =  1.6720925419E-05  9.9999999976E-01  1.4280298663E-05
HessDelSqRho_EigVec3 = -4.1000252516E-06 -1.4280230109E-05  9.9999999989E-01
</CP of DelSqRho>
<CP of DelSqRho>
CP# = 18      
Type = (3,+1)
Coords =  4.55399964716599E-04  3.23993101941404E-01 -2.41474221287956E-03
DistFromNuc =  3.2457071059E-01
Rho =  1.5736396082E+01
DelSqRho =  9.4080797704E+02
GradDelSqRho =  1.3433698598E-14  9.0949470177E-13  1.6653345369E-16
HessDelSqRho_EigVals = -2.2980928055E+05  6.4145079866E+02  6.0430782019E+03
HessDelSqRho_EigVec1 = -2.1822096092E-04  9.9999997599E-01  1.9837128210E-05
HessDelSqRho_EigVec2 =  9.9999997613E-01  2.1822075144E-04  1.0561991279E-05
HessDelSqRho_EigVec3 = -1.0557662153E-05 -1.9839432584E-05  9.9999999975E-01
</CP of DelSqRho>
<CP of DelSqRho>
CP# = 19      
Type = (3,+1)
Coords =  4.55900333224455E-04 -3.25149755697868E-01 -2.41894492619086E-03
DistFromNuc =  3.2457216339E-01
Rho =  1.5736163414E+01
DelSqRho =  9.4080696054E+02
GradDelSqRho =  3.9968028887E-15 -9.0949470177E-13 -1.3877787808E-16
HessDelSqRho_EigVals = -2.2980689759E+05  6.4215988173E+02  6.0431424677E+03
HessDelSqRho_EigVec1 =  2.1711948690E-04  9.9999997641E-01 -6.7965459646E-06
HessDelSqRho_EigVec2 =  9.9999997638E-01 -2.1711942191E-04  9.5610208627E-06
HessDelSqRho_EigVec3 = -9.5595449750E-06  6.7986216880E-06  9.9999999993E-01
</CP of DelSqRho>
<CP of DelSqRho>
CP# = 20      
Type = (3,+1)
Coords =  5.23574143129521E-04 -5.79544636576588E-04  3.24666659486456E-01
DistFromNuc =  3.2709165254E-01
Rho =  1.6004840547E+01
DelSqRho =  8.3526947200E+02
GradDelSqRho =  3.1918911958E-15  7.8409501114E-16 -2.4868995752E-12
HessDelSqRho_EigVals = -2.1490496726E+05  9.8396765566E+03  1.0911459483E+04
HessDelSqRho_EigVec1 = -1.3442717563E-05 -5.0818547255E-06  9.9999999990E-01
HessDelSqRho_EigVec2 = -3.3264986616E-04  9.9999994466E-01  5.0773827266E-06
HessDelSqRho_EigVec3 =  9.9999994458E-01  3.3264979787E-04  1.3444407298E-05
</CP of DelSqRho>
<CP of DelSqRho>
CP# = 21      
Type = (3,+1)
Coords =  5.30188878237605E-04 -5.73947983020990E-04 -3.29520666378846E-01
DistFromNuc =  3.2709567338E-01
Rho =  1.6004134994E+01
DelSqRho =  8.3523307846E+02
GradDelSqRho = -1.6583956430E-15 -2.1059542998E-15  6.4090954766E-12
HessDelSqRho_EigVals = -2.1488816816E+05  9.8407668121E+03  1.0912395952E+04
HessDelSqRho_EigVec1 = -6.7422709009E-06 -1.1959858458E-05  9.9999999991E-01
HessDelSqRho_EigVec2 = -3.3585354576E-04  9.9999994353E-01  1.1957593368E-05
HessDelSqRho_EigVec3 =  9.9999994358E-01  3.3585346510E-04  6.7462872810E-06
</CP of DelSqRho>
<CP of DelSqRho>
CP# = 22      
Type = (3,-1)
Coords =  4.41131145276697E-04  2.55822431665569E-01  1.96101788391667E-01
DistFromNuc =  3.2427436980E-01
Rho =  1.5556509668E+01
DelSqRho =  1.0004799056E+03
GradDelSqRho =  7.7104989060E-13 -4.5474735089E-12 -1.8189894035E-12
HessDelSqRho_EigVals = -2.3300351600E+05 -7.5719247358E+03  8.1382045172E+02
HessDelSqRho_EigVec1 = -2.6519057097E-04  7.9280895493E-01  6.0947017208E-01
HessDelSqRho_EigVec2 =  1.7696233553E-04 -6.0947014676E-01  7.9280899900E-01
HessDelSqRho_EigVec3 =  9.9999994918E-01  3.1809873620E-04  2.1328411916E-05
</CP of DelSqRho>
<CP of DelSqRho>
CP# = 23      
Type = (3,-1)
Coords =  5.27218736805668E-04 -2.56980464619400E-01  1.96099594327692E-01
DistFromNuc =  3.2427525434E-01
Rho =  1.5556373036E+01
DelSqRho =  1.0004801608E+03
GradDelSqRho = -9.9920072216E-16  1.8189894035E-12 -1.8189894035E-12
HessDelSqRho_EigVals = -2.3300243384E+05 -7.5719607378E+03  8.1447468611E+02
HessDelSqRho_EigVec1 = -7.8707451971E-07  7.9281291090E-01 -6.0946508375E-01
HessDelSqRho_EigVec2 =  2.5130521060E-05  6.0946508357E-01  7.9281291064E-01
HessDelSqRho_EigVec3 =  9.9999999968E-01 -1.4692172282E-05 -2.0403495992E-05
</CP of DelSqRho>
<CP of DelSqRho>
CP# = 24      
Type = (3,-1)
Coords =  4.44301132963034E-04  2.55833678308231E-01 -2.00933556744812E-01
DistFromNuc =  3.2427210905E-01
Rho =  1.5556857690E+01
DelSqRho =  1.0004821271E+03
GradDelSqRho =  1.2601031329E-14 -5.4569682106E-12  6.3664629124E-12
HessDelSqRho_EigVals = -2.3300746049E+05 -7.5726958654E+03  8.1374755753E+02
HessDelSqRho_EigVec1 = -2.5542218280E-04  7.9285603018E-01 -6.0940893509E-01
HessDelSqRho_EigVec2 = -1.9487801474E-04  6.0940890393E-01  7.9285607132E-01
HessDelSqRho_EigVec3 =  9.9999994839E-01  3.2127343182E-04 -1.1463433189E-06
</CP of DelSqRho>
<CP of DelSqRho>
CP# = 25      
Type = (3,-1)
Coords =  5.32276228364946E-04 -2.56985296405367E-01 -2.00939577250004E-01
DistFromNuc =  3.2427295101E-01
Rho =  1.5556720091E+01
DelSqRho =  1.0004839921E+03
GradDelSqRho =  5.0418003106E-14  3.6379788071E-12 -3.1832314562E-12
HessDelSqRho_EigVals = -2.3300656107E+05 -7.5728081297E+03  8.1417854999E+02
HessDelSqRho_EigVec1 = -1.6235278013E-05  7.9284036941E-01  6.0942936291E-01
HessDelSqRho_EigVec2 = -3.8800562208E-05 -6.0942936303E-01  7.9284036853E-01
HessDelSqRho_EigVec3 =  9.9999999912E-01 -1.0774218104E-05  4.0656907212E-05
</CP of DelSqRho>
<CP of DelSqRho>
CP# = 26      
Type = (3,-1)
Coords =  2.51583625976155E-01 -3.75785858218709E-04  2.02601715486316E-01
DistFromNuc =  3.2413720003E-01
Rho =  1.5528365025E+01
DelSqRho =  1.0111184171E+03
GradDelSqRho = -1.1937117961E-12  4.0523140399E-14 -1.8189894035E-12
HessDelSqRho_EigVals = -2.3390387160E+05 -8.9763080548E+03  1.3374754473E+02
HessDelSqRho_EigVec1 =  7.7689432628E-01  6.2073767504E-04  6.2963070166E-01
HessDelSqRho_EigVec2 = -6.2963056011E-01 -4.2638289263E-04  7.7689457198E-01
HessDelSqRho_EigVec3 = -7.5071149023E-04  9.9999971644E-01 -5.9580959909E-05
</CP of DelSqRho>
<CP of DelSqRho>
CP# = 27      
Type = (3,-1)
Coords = -2.50532102943895E-01 -1.59069719605871E-04  2.02595071188524E-01
DistFromNuc =  3.2413665637E-01
Rho =  1.5528452428E+01
DelSqRho =  1.0111157117E+03
GradDelSqRho = -1.5347723092E-12  2.2759572005E-15  7.3896444519E-13
HessDelSqRho_EigVals = -2.3390402934E+05 -8.9761605260E+03  1.3336911486E+02
HessDelSqRho_EigVec1 =  7.7691216678E-01 -1.2906796605E-03 -6.2960767090E-01
HessDelSqRho_EigVec2 =  6.2960728695E-01 -7.3587432022E-04  7.7691320153E-01
HessDelSqRho_EigVec3 =  1.4660581840E-03  9.9999889632E-01 -2.4091160677E-04
</CP of DelSqRho>
<CP of DelSqRho>
CP# = 28      
Type = (3,-1)
Coords =  2.51595538587619E-01 -4.47059160835840E-04 -2.07434553886954E-01
DistFromNuc =  3.2413554449E-01
Rho =  1.5528607605E+01
DelSqRho =  1.0111175880E+03
GradDelSqRho = -1.8758328224E-12 -1.3600232052E-14  7.9580786405E-13
HessDelSqRho_EigVals = -2.3390587847E+05 -8.9769844224E+03  1.3383611903E+02
HessDelSqRho_EigVec1 =  7.7694297447E-01  4.0027569497E-04 -6.2957084923E-01
HessDelSqRho_EigVec2 =  6.2957078877E-01  2.7822665113E-04  7.7694307675E-01
HessDelSqRho_EigVec3 = -4.8615481903E-04  9.9999988118E-01  3.5835643099E-05
</CP of DelSqRho>
<CP of DelSqRho>
CP# = 29      
Type = (3,-1)
Coords =  2.05918193579203E-01  2.50610031479460E-01 -2.41398062614801E-03
DistFromNuc =  3.2446935506E-01
Rho =  1.5717276902E+01
DelSqRho =  9.4757942295E+02
GradDelSqRho =  4.5474735089E-12  7.2759576142E-12 -2.7755575616E-17
HessDelSqRho_EigVals = -2.3044254894E+05 -7.6834529308E+02  6.2311109921E+03
HessDelSqRho_EigVec1 =  6.3314682656E-01  7.7403171479E-01  2.2764317983E-05
HessDelSqRho_EigVec2 =  7.7403171503E-01 -6.3314682667E-01 -2.8003410054E-06
HessDelSqRho_EigVec3 = -1.2245602942E-05 -1.9393331110E-05  9.9999999974E-01
</CP of DelSqRho>
<CP of DelSqRho>
CP# = 30      
Type = (3,-1)
Coords = -2.04934575747779E-01  2.50552278427537E-01 -2.41818930159884E-03
DistFromNuc =  3.2447046378E-01
Rho =  1.5717036663E+01
DelSqRho =  9.4757445024E+02
GradDelSqRho =  3.6379788071E-12 -8.1854523160E-12  1.5543122345E-15
HessDelSqRho_EigVals = -2.3043815243E+05 -7.6806372685E+02  6.2306155677E+03
HessDelSqRho_EigVec1 = -6.3337160162E-01  7.7384779780E-01  9.8548857035E-06
HessDelSqRho_EigVec2 =  7.7384779783E-01  6.3337160141E-01  1.7924550370E-05
HessDelSqRho_EigVec3 = -7.6290690905E-06 -1.8979082775E-05  9.9999999979E-01
</CP of DelSqRho>
<CP of DelSqRho>
CP# = 31      
Type = (3,-1)
Coords =  2.06032243302822E-01 -2.51670837145332E-01 -2.41902562338455E-03
DistFromNuc =  3.2446850671E-01
Rho =  1.5717377732E+01
DelSqRho =  9.4759630979E+02
GradDelSqRho =  6.8212102633E-12 -6.8212102633E-12 -7.2164496601E-16
HessDelSqRho_EigVals = -2.3044724403E+05 -7.6926990392E+02  6.2304646295E+03
HessDelSqRho_EigVec1 = -6.3350912423E-01  7.7373521923E-01 -7.2661041973E-06
HessDelSqRho_EigVec2 =  7.7373521925E-01  6.3350912423E-01 -1.1893801849E-06
HessDelSqRho_EigVec3 = -3.6828779685E-06  6.3755239235E-06  9.9999999997E-01
</CP of DelSqRho>
<CP of DelSqRho>
CP# = 32      
Type = (3,-1)
Coords = -2.04939982812487E-01 -2.51701989235719E-01 -2.42301368286326E-03
DistFromNuc =  3.2446963865E-01
Rho =  1.5717229135E+01
DelSqRho =  9.4757910163E+02
GradDelSqRho =  4.5474735089E-12 -1.8189894035E-12  9.9920072216E-16
HessDelSqRho_EigVals = -2.3044203748E+05 -7.6846609977E+02  6.2314069982E+03
HessDelSqRho_EigVec1 =  6.3339920151E-01  7.7382520733E-01  5.1356750794E-06
HessDelSqRho_EigVec2 =  7.7382520718E-01 -6.3339920150E-01  1.6561261807E-05
HessDelSqRho_EigVec3 = -1.6068454346E-05  6.5157751722E-06  9.9999999985E-01
</CP of DelSqRho>
<CP of DelSqRho>
CP# = 33      
Type = (3,-3)
Coords =  2.32711011105150E-01  1.00634940989849E-01  1.99827828335499E-01
DistFromNuc =  3.2412827355E-01
Rho =  1.5526797623E+01
DelSqRho =  1.0114591535E+03
GradDelSqRho = -3.0127011996E-12  1.5347723092E-12 -6.5085714596E-12
HessDelSqRho_EigVals = -2.3397010731E+05 -8.6291705209E+03 -2.3125170440E+02
HessDelSqRho_EigVec1 =  7.1847771438E-01  3.1304097365E-01  6.2112408000E-01
HessDelSqRho_EigVec2 = -5.9236302583E-01 -1.9264546863E-01  7.8230030618E-01
HessDelSqRho_EigVec3 = -3.6454878900E-01  9.2999627539E-01 -4.7022422379E-02
</CP of DelSqRho>
<CP of DelSqRho>
CP# = 34      
Type = (3,-3)
Coords = -2.31759562201876E-01  1.00389103060125E-01  1.99830518813067E-01
DistFromNuc =  3.2412817531E-01
Rho =  1.5526820692E+01
DelSqRho =  1.0114515880E+03
GradDelSqRho = -1.0231815395E-12 -4.6611603466E-12 -2.2737367544E-12
HessDelSqRho_EigVals = -2.3396877410E+05 -8.6299016977E+03 -2.2995048152E+02
HessDelSqRho_EigVec1 =  7.1880480001E-01 -3.1227512724E-01 -6.2113114910E-01
HessDelSqRho_EigVec2 =  5.9254879447E-01 -1.9208289165E-01  7.8229795405E-01
HessDelSqRho_EigVec3 =  3.6360086035E-01  9.3037003802E-01 -4.6968145674E-02
</CP of DelSqRho>
<CP of DelSqRho>
CP# = 35      
Type = (3,-3)
Coords =  2.32698940370064E-01 -1.01842168203463E-01  1.99814610709542E-01
DistFromNuc =  3.2412762974E-01
Rho =  1.5526906715E+01
DelSqRho =  1.0114632396E+03
GradDelSqRho = -4.5474735089E-13 -1.5347723092E-12 -1.8474111130E-12
HessDelSqRho_EigVals = -2.3397282687E+05 -8.6279817525E+03 -2.3223066327E+02
HessDelSqRho_EigVec1 =  7.1844376023E-01 -3.1320532231E-01  6.2108050160E-01
HessDelSqRho_EigVec2 = -5.9232238065E-01  1.9265120909E-01  7.8232966773E-01
HessDelSqRho_EigVec3 =  3.6468172531E-01  9.2993974951E-01  4.7109463067E-02
</CP of DelSqRho>
<CP of DelSqRho>
CP# = 36      
Type = (3,-3)
Coords = -2.31639428018958E-01 -1.01849922246721E-01  1.99814461528811E-01
DistFromNuc =  3.2412742864E-01
Rho =  1.5526932187E+01
DelSqRho =  1.0114618945E+03
GradDelSqRho = -2.7284841053E-12 -1.8758328224E-12  6.9917405199E-12
HessDelSqRho_EigVals = -2.3397210342E+05 -8.6286115371E+03 -2.3238139789E+02
HessDelSqRho_EigVec1 =  7.1843678451E-01  3.1322446059E-01 -6.2107891926E-01
HessDelSqRho_EigVec2 =  5.9228478524E-01  1.9274536300E-01  7.8233493992E-01
HessDelSqRho_EigVec3 = -3.6475652130E-01  9.2991379296E-01  4.7042723550E-02
</CP of DelSqRho>
<CP of DelSqRho>
CP# = 37      
Type = (3,-3)
Coords =  2.32701100780838E-01  1.00694914699537E-01 -2.04656265142633E-01
DistFromNuc =  3.2412646182E-01
Rho =  1.5527064135E+01
DelSqRho =  1.0114596388E+03
GradDelSqRho =  2.3305801733E-12  2.7284841053E-12  2.7853275242E-12
HessDelSqRho_EigVals = -2.3397273249E+05 -8.6295356544E+03 -2.3157045781E+02
HessDelSqRho_EigVec1 =  7.1845716232E-01  3.1323256404E-01 -6.2105125934E-01
HessDelSqRho_EigVec2 =  5.9226005641E-01  1.9273275679E-01  7.8235676647E-01
HessDelSqRho_EigVec3 = -3.6475653727E-01  9.2991367625E-01  4.7044906523E-02
</CP of DelSqRho>
<CP of DelSqRho>
CP# = 38      
Type = (3,-3)
Coords = -2.31743955285744E-01  1.00443025926111E-01 -2.04668610119547E-01
DistFromNuc =  3.2412637044E-01
Rho =  1.5527084040E+01
DelSqRho =  1.0114521394E+03
GradDelSqRho = -6.5369931690E-13  3.1832314562E-12 -4.8316906032E-13
HessDelSqRho_EigVals = -2.3397137131E+05 -8.6303085509E+03 -2.3023514242E+02
HessDelSqRho_EigVec1 =  7.1876683877E-01 -3.1244784847E-01  6.2108821714E-01
HessDelSqRho_EigVec2 = -5.9248255337E-01  1.9215709700E-01  7.8232990102E-01
HessDelSqRho_EigVec3 =  3.6378380315E-01  9.3029672259E-01  4.7003749896E-02
</CP of DelSqRho>
<CP of DelSqRho>
CP# = 39      
Type = (3,-3)
Coords =  2.32700605455025E-01 -1.01864759590320E-01 -2.04648518121381E-01
DistFromNuc =  3.2412584939E-01
Rho =  1.5527176482E+01
DelSqRho =  1.0114621048E+03
GradDelSqRho = -8.8107299234E-12  2.1600499167E-12  3.6664005165E-12
HessDelSqRho_EigVals = -2.3397524677E+05 -8.6284699000E+03 -2.3216235425E+02
HessDelSqRho_EigVec1 =  7.1845898229E-01 -3.1328137471E-01 -6.2102453336E-01
HessDelSqRho_EigVec2 =  5.9224545785E-01 -1.9270263802E-01  7.8237523667E-01
HessDelSqRho_EigVec3 =  3.6477665553E-01  9.2990347540E-01 -4.7090530008E-02
</CP of DelSqRho>
<CP of DelSqRho>
CP# = 40      
Type = (3,-3)
Coords = -2.31632652787618E-01 -1.01873233673342E-01 -2.04657648904579E-01
DistFromNuc =  3.2412561815E-01
Rho =  1.5527204846E+01
DelSqRho =  1.0114610294E+03
GradDelSqRho = -1.2789769244E-12 -4.9453774409E-12 -4.5474735089E-12
HessDelSqRho_EigVals = -2.3397461743E+05 -8.6291099838E+03 -2.3232456745E+02
HessDelSqRho_EigVec1 =  7.1842610612E-01  3.1330286052E-01  6.2105172702E-01
HessDelSqRho_EigVec2 = -5.9223866992E-01 -1.9279844085E-01  7.8235677223E-01
HessDelSqRho_EigVec3 = -3.6485241934E-01  9.2987637823E-01 -4.7038636268E-02
</CP of DelSqRho>
<CP of DelSqRho>
CP# = 41      
Type = (3,-1)
Coords = -2.50535812506822E-01 -2.23191129476664E-04 -2.07437996011374E-01
DistFromNuc =  3.2413498696E-01
Rho =  1.5528694870E+01
DelSqRho =  1.0111150935E+03
GradDelSqRho =  4.3769432523E-12  6.8556271771E-15  5.7411853049E-12
HessDelSqRho_EigVals = -2.3390607832E+05 -8.9768484897E+03  1.3345065144E+02
HessDelSqRho_EigVec1 =  7.7693564465E-01 -1.0921725897E-03  6.2957907465E-01
HessDelSqRho_EigVec2 = -6.2957882744E-01  6.0020407985E-04  7.7693638079E-01
HessDelSqRho_EigVec3 =  1.2264245482E-03  9.9999922346E-01  2.2128879466E-04
</CP of DelSqRho>
<CP of DelSqRho>
CP# = 42      
Type = (3,+3)
Coords =  7.07071231538522E-01 -7.54028686967868E-04 -2.45712460200225E-03
DistFromNuc =  7.0654326462E-01
Rho =  1.9405746558E+00
DelSqRho = -2.2602656748E+01
GradDelSqRho = -1.1368683772E-13  0.0000000000E+00 -4.1633363423E-17
HessDelSqRho_EigVals =  4.8436223806E+01  3.8439504447E+02  2.4336085753E+03
HessDelSqRho_EigVec1 =  2.5325491539E-04  9.9999996785E-01  1.2842752966E-05
HessDelSqRho_EigVec2 =  5.5153866717E-05 -1.2856721346E-05  9.9999999840E-01
HessDelSqRho_EigVec3 =  9.9999996641E-01 -2.5325420665E-04 -5.5157120971E-05
</CP of DelSqRho>
<CP of DelSqRho>
CP# = 43      
Type = (3,+3)
Coords = -7.06006323712048E-01 -9.80171214090894E-04 -2.47117689217184E-03
DistFromNuc =  7.0653442959E-01
Rho =  1.9407284988E+00
DelSqRho = -2.2607448041E+01
GradDelSqRho = -2.0961010705E-13 -6.2450045135E-16 -2.0816681712E-17
HessDelSqRho_EigVals =  4.8543844450E+01  3.8444781783E+02  2.4339113867E+03
HessDelSqRho_EigVec1 = -5.7444398394E-04  9.9999983488E-01  1.6130593415E-05
HessDelSqRho_EigVec2 = -7.5133471695E-05 -1.6173756009E-05  9.9999999705E-01
HessDelSqRho_EigVec3 =  9.9999983218E-01  5.7444277029E-04  7.5142750205E-05
</CP of DelSqRho>
<CP of DelSqRho>
CP# = 44      
Type = (3,+3)
Coords =  8.40278711811113E-04  7.10234154320852E-01 -2.47827428640225E-03
DistFromNuc =  7.1081182529E-01
Rho =  1.8788698805E+00
DelSqRho = -2.0392828599E+01
GradDelSqRho =  3.1918911958E-16  1.5631940187E-13  0.0000000000E+00
HessDelSqRho_EigVals =  3.1903782726E+01  3.0467710899E+02  2.2953016180E+03
HessDelSqRho_EigVec1 =  9.9999989964E-01 -4.4790256111E-04  1.0572867432E-05
HessDelSqRho_EigVec2 = -1.0534028510E-05  8.6715152838E-05  9.9999999618E-01
HessDelSqRho_EigVec3 =  4.4790347623E-04  9.9999989593E-01 -8.6710425916E-05
</CP of DelSqRho>
<CP of DelSqRho>
CP# = 45      
Type = (3,+3)
Coords =  8.36525775131237E-04 -7.11400090850508E-01 -2.48798897411993E-03
DistFromNuc =  7.1082256024E-01
Rho =  1.8786887750E+00
DelSqRho = -2.0387576767E+01
GradDelSqRho =  3.4694469520E-17 -8.1712414612E-14  2.7755575616E-16
HessDelSqRho_EigVals =  3.1796435914E+01  3.0462696890E+02  2.2949497390E+03
HessDelSqRho_EigVec1 =  9.9999990300E-01  4.4034348405E-04  9.5725398801E-06
HessDelSqRho_EigVec2 = -9.5282592977E-06 -1.0056117423E-04  9.9999999490E-01
HessDelSqRho_EigVec3 = -4.4034444443E-04  9.9999989799E-01  1.0055696876E-04
</CP of DelSqRho>
<CP of DelSqRho>
CP# = 46      
Type = (3,+3)
Coords =  5.24104896188094E-04 -5.81792988253485E-04  6.83876762012900E-01
DistFromNuc =  6.8630175506E-01
Rho =  2.4023734831E+00
DelSqRho = -3.5055016805E+01
GradDelSqRho =  2.3939183968E-16 -4.5102810375E-17 -1.8474111130E-13
HessDelSqRho_EigVals =  4.9804193321E+02  5.5545297671E+02  3.0462666020E+03
HessDelSqRho_EigVec1 = -3.3430176008E-04  9.9999994411E-01  5.4833420130E-06
HessDelSqRho_EigVec2 =  9.9999994410E-01  3.3430172156E-04  7.0235130367E-06
HessDelSqRho_EigVec3 = -7.0216795534E-06 -5.4856896792E-06  9.9999999996E-01
</CP of DelSqRho>
<CP of DelSqRho>
CP# = 47      
Type = (3,+3)
Coords =  5.37806394581096E-04 -5.70306123011808E-04 -6.88757873495823E-01
DistFromNuc =  6.8633288058E-01
Rho =  2.4019127822E+00
DelSqRho = -3.5036776714E+01
GradDelSqRho = -6.8955258170E-17  1.4398204851E-16  6.3238303483E-13
HessDelSqRho_EigVals =  4.9766038258E+02  5.5508286542E+02  3.0447681259E+03
HessDelSqRho_EigVec1 = -3.2342404325E-04  9.9999994764E-01  1.1205031657E-05
HessDelSqRho_EigVec2 =  9.9999994761E-01  3.2342389809E-04  1.2954309003E-05
HessDelSqRho_EigVec3 = -1.2950684349E-05 -1.1209220805E-05  9.9999999985E-01
</CP of DelSqRho>
<CP of DelSqRho>
CP# = 48      
Type = (3,+1)
Coords =  5.89156915408772E-04  5.70405639382533E-01  4.85940185036791E-01
DistFromNuc =  7.5134706425E-01
Rho =  1.4533948502E+00
DelSqRho = -5.4457808057E+00
GradDelSqRho = -1.7694179455E-16 -5.5067062021E-14 -7.1054273576E-14
HessDelSqRho_EigVals = -2.6107015735E+02  2.8451411209E+01  1.2682854619E+03
HessDelSqRho_EigVec1 = -1.2643782392E-04 -6.4588718668E-01  7.6343285631E-01
HessDelSqRho_EigVec2 =  9.9999998812E-01 -1.4899300979E-04  3.9564902451E-05
HessDelSqRho_EigVec3 =  8.8191695498E-05  7.6343285224E-01  6.4588719784E-01
</CP of DelSqRho>
<CP of DelSqRho>
CP# = 49      
Type = (3,+1)
Coords =  7.86980941548143E-04 -5.71589689666543E-01  4.85918438058181E-01
DistFromNuc =  7.5135489609E-01
Rho =  1.4533010231E+00
DelSqRho = -5.4436839437E+00
GradDelSqRho = -1.0408340856E-16  1.0658141036E-13 -8.1712414612E-14
HessDelSqRho_EigVals = -2.6104535554E+02  2.8393664136E+01  1.2681318139E+03
HessDelSqRho_EigVec1 = -2.9814095998E-04  6.4585117759E-01  7.6346327189E-01
HessDelSqRho_EigVec2 =  9.9999989335E-01  4.6185487236E-04 -1.9461971052E-07
HessDelSqRho_EigVec3 = -3.5273492736E-04  7.6346319040E-01 -6.4585124640E-01
</CP of DelSqRho>
<CP of DelSqRho>
CP# = 50      
Type = (3,+1)
Coords =  5.98135547705984E-04  5.70348233915407E-01 -4.90824335935938E-01
DistFromNuc =  7.5132564932E-01
Rho =  1.4536854555E+00
DelSqRho = -5.4507170989E+00
GradDelSqRho = -1.1796119637E-16 -2.9487523534E-13  2.2382096176E-13
HessDelSqRho_EigVals = -2.6101751882E+02  2.8437223310E+01  1.2687013948E+03
HessDelSqRho_EigVec1 =  1.0925907684E-04  6.4593163331E-01  7.6339525355E-01
HessDelSqRho_EigVec2 =  9.9999998898E-01 -1.4731353451E-04 -1.8476147982E-05
HessDelSqRho_EigVec3 =  1.0052412459E-04  7.6339524716E-01 -6.4593164229E-01
</CP of DelSqRho>
<CP of DelSqRho>
CP# = 51      
Type = (3,+1)
Coords =  7.96299316500538E-04 -5.71517568836615E-01 -4.90820873294319E-01
DistFromNuc =  7.5133418360E-01
Rho =  1.4535853074E+00
DelSqRho = -5.4484005694E+00
GradDelSqRho =  1.4918621893E-16 -1.8118839762E-13 -6.3948846218E-14
HessDelSqRho_EigVals = -2.6099291146E+02  2.8371712319E+01  1.2685339944E+03
HessDelSqRho_EigVec1 =  2.8372531231E-04 -6.4591932067E-01  7.6340562658E-01
HessDelSqRho_EigVec2 =  9.9999989332E-01  4.6153209011E-04  1.8846091210E-05
HessDelSqRho_EigVec3 = -3.6450924887E-04  7.6340553979E-01  6.4591938271E-01
</CP of DelSqRho>
<CP of DelSqRho>
CP# = 52      
Type = (3,+1)
Coords =  5.66878007300417E-01 -3.09667324070427E-03  5.02000557407598E-01
DistFromNuc =  7.5842193014E-01
Rho =  1.3858769190E+00
DelSqRho = -3.5084894687E+00
GradDelSqRho =  1.0658141036E-14 -7.2164496601E-16  1.1013412404E-13
HessDelSqRho_EigVals = -2.9172774848E+02  2.4663668359E+00  1.1354125881E+03
HessDelSqRho_EigVec1 = -6.6002913518E-01  2.1506001587E-03  7.5123692376E-01
HessDelSqRho_EigVec2 =  3.9289397340E-03  9.9999210810E-01  5.8920361129E-04
HessDelSqRho_EigVec3 =  7.5122972794E-01 -3.3404561495E-03  6.6003237588E-01
</CP of DelSqRho>
<CP of DelSqRho>
CP# = 53      
Type = (3,+1)
Coords = -5.65816009630365E-01 -2.01284465134680E-03  5.02004585052602E-01
DistFromNuc =  7.5841728931E-01
Rho =  1.3859332180E+00
DelSqRho = -3.5098758158E+00
GradDelSqRho = -1.7763568394E-14 -8.3266726847E-17 -5.6843418861E-14
HessDelSqRho_EigVals = -2.9174740548E+02  2.5151578412E+00  1.1354950113E+03
HessDelSqRho_EigVec1 =  6.6004210377E-01  1.2975724335E-03  7.5122748722E-01
HessDelSqRho_EigVec2 = -2.2887332511E-03  9.9999734062E-01  2.8365752170E-04
HessDelSqRho_EigVec3 =  7.5122512135E-01  1.9065852365E-03 -6.6004331826E-01
</CP of DelSqRho>
<CP of DelSqRho>
CP# = 54      
Type = (3,+1)
Coords =  5.66832908780156E-01 -3.35308863584578E-03 -5.06879519131713E-01
DistFromNuc =  7.5840842140E-01
Rho =  1.3860896804E+00
DelSqRho = -3.5115356328E+00
GradDelSqRho =  1.0658141036E-14 -1.6653345369E-16  1.1723955140E-13
HessDelSqRho_EigVals = -2.9167831231E+02  2.4227177583E+00  1.1356518729E+03
HessDelSqRho_EigVec1 =  6.6005714564E-01 -2.3922100719E-03  7.5121158259E-01
HessDelSqRho_EigVec2 =  4.3437081692E-03  9.9999036622E-01 -6.3219018554E-04
HessDelSqRho_EigVec3 =  7.5120283325E-01 -3.6803255374E-03 -6.6006117786E-01
</CP of DelSqRho>
<CP of DelSqRho>
CP# = 55      
Type = (3,+1)
Coords = -5.65750786154914E-01 -2.43228510613263E-03 -5.06906090017117E-01
DistFromNuc =  7.5840376386E-01
Rho =  1.3861454442E+00
DelSqRho = -3.5129202372E+00
GradDelSqRho =  6.3948846218E-14  4.9960036108E-16  2.1316282073E-14
HessDelSqRho_EigVals = -2.9169794415E+02  2.4714030414E+00  1.1357345474E+03
HessDelSqRho_EigVec1 = -6.6009992668E-01 -1.6791832375E-03  7.5117592290E-01
HessDelSqRho_EigVec2 = -2.9576464833E-03  9.9999556003E-01 -3.6365175780E-04
HessDelSqRho_EigVec3 =  7.5117197706E-01  2.4617593254E-03  6.6010196229E-01
</CP of DelSqRho>
<CP of DelSqRho>
CP# = 56      
Type = (3,+1)
Coords =  4.42754063222342E-01  5.59346402177288E-01 -2.48234697183598E-03
DistFromNuc =  7.1349757676E-01
Rho =  1.8345458754E+00
DelSqRho = -1.8874241815E+01
GradDelSqRho = -2.0605739337E-13 -2.1849189125E-13  1.1102230246E-16
HessDelSqRho_EigVals = -3.7217416101E+01  3.0469586584E+02  2.2142580556E+03
HessDelSqRho_EigVec1 =  7.8475766592E-01 -6.1980271501E-01  1.5280698479E-05
HessDelSqRho_EigVec2 =  3.9214012953E-05  7.4304604651E-05  9.9999999647E-01
HessDelSqRho_EigVec3 =  6.1980271396E-01  7.8475766256E-01 -8.2616059808E-05
</CP of DelSqRho>
<CP of DelSqRho>
CP# = 57      
Type = (3,+1)
Coords = -4.41705643893940E-01  5.59359225042308E-01 -2.49097053299297E-03
DistFromNuc =  7.1351232608E-01
Rho =  1.8343148495E+00
DelSqRho = -1.8867827192E+01
GradDelSqRho = -6.3948846218E-14  3.3750779949E-14  8.3266726847E-17
HessDelSqRho_EigVals = -3.7300263374E+01  3.0458990314E+02  2.2137628019E+03
HessDelSqRho_EigVec1 =  7.8475583769E-01  6.1980502999E-01 -1.6660363228E-06
HessDelSqRho_EigVec2 = -5.7295883961E-05  7.5232231868E-05  9.9999999553E-01
HessDelSqRho_EigVec3 = -6.1980502735E-01  7.8475583409E-01 -9.4551210218E-05
</CP of DelSqRho>
<CP of DelSqRho>
CP# = 58      
Type = (3,+1)
Coords =  4.42402846314601E-01 -5.60772761013925E-01 -2.49310008536598E-03
DistFromNuc =  7.1349282517E-01
Rho =  1.8345976000E+00
DelSqRho = -1.8875875916E+01
GradDelSqRho = -4.9737991503E-14  3.7303493627E-14  1.7347234760E-17
HessDelSqRho_EigVals = -3.7148345524E+01  3.0465662819E+02  2.2144443592E+03
HessDelSqRho_EigVec1 =  7.8513787989E-01  6.1932100660E-01  1.8820540888E-05
HessDelSqRho_EigVec2 =  4.5581793969E-05 -8.8174845181E-05  9.9999999507E-01
HessDelSqRho_EigVec3 = -6.1932100520E-01  7.8513787516E-01  9.7459173528E-05
</CP of DelSqRho>
<CP of DelSqRho>
CP# = 59      
Type = (3,+1)
Coords = -4.41095115596763E-01 -5.60981319767344E-01 -2.50225081229271E-03
DistFromNuc =  7.1350073707E-01
Rho =  1.8344899702E+00
DelSqRho = -1.8872521626E+01
GradDelSqRho = -3.5527136788E-14 -1.0302869669E-13  2.7755575616E-17
HessDelSqRho_EigVals = -3.7204509173E+01  3.0462966063E+02  2.2141501580E+03
HessDelSqRho_EigVec1 =  7.8541764806E-01 -6.1896616880E-01 -1.2543611989E-06
HessDelSqRho_EigVec2 = -6.7442979387E-05 -8.7606189438E-05  9.9999999389E-01
HessDelSqRho_EigVec3 =  6.1896616513E-01  7.8541764317E-01  1.1055236983E-04
</CP of DelSqRho>
<CP of DelSqRho>
CP# = 60      
Type = (3,-1)
Coords =  5.40011192358101E-01  1.82836918204307E-01  4.98223056660248E-01
DistFromNuc =  7.5850608517E-01
Rho =  1.3840824763E+00
DelSqRho = -3.4868582612E+00
GradDelSqRho =  8.5265128291E-14 -3.5527136788E-15  7.8159700934E-14
HessDelSqRho_EigVals = -2.8443027163E+02 -4.6316006879E+00  1.1340572380E+03
HessDelSqRho_EigVec1 = -6.3554869125E-01 -1.6258540402E-01  7.5474753888E-01
HessDelSqRho_EigVec2 = -2.8987141148E-01  9.5630746964E-01 -3.8086589741E-02
HessDelSqRho_EigVec3 =  7.1557838555E-01  2.4298561667E-01  6.5490882131E-01
</CP of DelSqRho>
<CP of DelSqRho>
CP# = 61      
Type = (3,-1)
Coords = -5.38650793903145E-01  1.83853744284585E-01  4.98172463006988E-01
DistFromNuc =  7.5850279798E-01
Rho =  1.3841051378E+00
DelSqRho = -3.4879678947E+00
GradDelSqRho =  3.9079850467E-14  1.7763568394E-14  1.4210854715E-14
HessDelSqRho_EigVals = -2.8434406819E+02 -4.6753224326E+00  1.1341151204E+03
HessDelSqRho_EigVec1 =  6.3527885810E-01 -1.6344116599E-01  7.5478987653E-01
HessDelSqRho_EigVec2 =  2.9144762662E-01  9.5581858190E-01 -3.8329093741E-02
HessDelSqRho_EigVec3 =  7.1517763765E-01 -2.4433138101E-01 -6.5484587718E-01
</CP of DelSqRho>
<CP of DelSqRho>
CP# = 62      
Type = (3,-1)
Coords =  5.40526164777694E-01 -1.82245845098000E-01  4.98290132376650E-01
DistFromNuc =  7.5849655046E-01
Rho =  1.3841844008E+00
DelSqRho = -3.4888984228E+00
GradDelSqRho = -3.9079850467E-14 -3.5527136788E-15 -5.6843418861E-14
HessDelSqRho_EigVals = -2.8457326731E+02 -4.4701404376E+00  1.1342353993E+03
HessDelSqRho_EigVec1 = -6.3605529183E-01  1.6091898455E-01  7.5467790887E-01
HessDelSqRho_EigVec2 =  2.8703832397E-01  9.5717204838E-01  3.7824203566E-02
HessDelSqRho_EigVec3 =  7.1626996747E-01 -2.4067976694E-01  6.5500426219E-01
</CP of DelSqRho>
<CP of DelSqRho>
CP# = 63      
Type = (3,-1)
