AIMSum (Version 19.02.13, Professional)
Copyright (c) 1997-2019 by Todd A. Keith
AIMSum is a component of the AIMAll package ( http://aim.tkgristmill.com )

TP:  64-bit Linux

Licensed To:  Research Group of Fernando Cortes Guzman, UNAM, fercor@unam.mx

Much of the Quantum Theory of Atoms in Molecules (QTAIM) is described in the book:
  "Atoms in Molecules - A Quantum Theory"
  R.F.W. Bader, Oxford University Press, Oxford, 1990

For additional references see:  http://aim.tkgristmill.com/references.html

Wfx File:  /home/scratch/M_H2O_4_tetraedrico/Opt/V2_tetraedrico_cc-pvtz-def2-tzv_1.wfx
Sum File:  /home/scratch/M_H2O_4_tetraedrico/Opt/V2_tetraedrico_cc-pvtz-def2-tzv_1.sum

SumViz File:  /home/scratch/M_H2O_4_tetraedrico/Opt/V2_tetraedrico_cc-pvtz-def2-tzv_1.sumviz

Wfx Title:   V2_tetraedrico_cc-pvtz-def2-tzv_1                                             
 
Total memory allocated for AIMSum =        0.946 Megabytes

Atomic units (a.u.) used throughout, except where stated otherwise

Model:  Unrestricted SCF
 
Unrestricted, single-determinant wavefunction.
  Number of electrons (from MO Occs)                   =          61.0000000000
  Number of Alpha electrons (from MO Occs)             =          31.0000000000
  Number of Beta electrons (from MO Occs)              =          30.0000000000
  Number of electron pairs (N*(N-1)/2)                 =        1830.0000000000
  Number of electron pairs (from Muller 2EDM)          =        1830.0000000000
 
Nuclear Charges and Cartesian Coordinates:
-------------------------------------------------------------------------------
Atom      Charge                X                  Y                  Z
-------------------------------------------------------------------------------
V1        23.0          -3.3672515202E-05   5.5287090505E-05  -1.9085634029E-05
O2         8.0           2.0030155269E+00   1.3840631117E+00   2.5350892074E+00
H3         1.0           2.8115089410E+00   4.7678698644E-01   3.9445092238E+00
O4         8.0          -1.9995657973E+00  -2.5557037961E+00   1.3506935460E+00
H5         1.0          -2.7708587388E+00  -3.9782267848E+00   4.3170899390E-01
O6         8.0          -2.0587629348E+00   2.5014901633E+00  -1.3634395019E+00
H7         1.0          -2.8576829812E+00   2.5010056318E+00  -3.0443006304E+00
O8         8.0           2.0551794977E+00  -1.3296278014E+00  -2.5224186681E+00
H9         1.0           2.8848268933E+00  -2.9955466734E+00  -2.5279851588E+00
H10        1.0           2.7831632005E+00   3.0736542532E+00   2.5489034078E+00
H11        1.0          -2.8817883568E+00   3.8968489885E+00  -4.4759854702E-01
H12        1.0          -2.8122900113E+00  -2.5757398487E+00   3.0248138891E+00
H13        1.0           2.8449651804E+00  -4.0182757594E-01  -3.9290088763E+00
 
Some Atomic Properties:
----------------------
  q(A) = Net Charge of Atom A
  L(A) = Lagrangian of Atom A = -(1/4) Times Atomic Integral of the Laplacian of the Electron Density
  K(A) = Electronic Kinetic Energy of Atom A (Hamiltonian Form)
  K_Scaled(A) = K(A) * E(Mol)/K(Mol) = Approximation to Virial-Based Total Energy of Atom A.
  |Mu_Intra(A)| = Magnitude of Intraatomic Dipole Moment of Atom A
--------------------------------------------------------------------------------------------------
Atom A          q(A)              L(A)              K(A)          K_Scaled(A)      |Mu_Intra(A)|
--------------------------------------------------------------------------------------------------
V1        1.5184438680E+00 -1.2429341556E-04  9.4310264362E+02 -9.4483889263E+02  8.1680688505E-04
O2       -1.1547815057E+00 -7.0956337105E-06  7.5383057597E+01 -7.5521837569E+01  2.3856530876E-01
H3        6.3761414642E-01  9.7974768399E-06  3.3518004279E-01 -3.3579710820E-01  1.2931999120E-01
O4       -1.1548477938E+00 -9.5204517411E-06  7.5383117173E+01 -7.5521897255E+01  2.3851996805E-01
H5        6.3772392641E-01  1.4016684026E-05  3.3513066172E-01 -3.3574763621E-01  1.2928316304E-01
O6       -1.1547452879E+00 -7.5553252984E-06  7.5383077694E+01 -7.5521857704E+01  2.3857973597E-01
H7        6.3749637597E-01  1.2725677522E-05  3.3525454984E-01 -3.3587175241E-01  1.2934583407E-01
O8       -1.1547538216E+00 -6.6431033311E-06  7.5383083159E+01 -7.5521863178E+01  2.3856425402E-01
H9        6.3743082868E-01  1.8494407833E-05  3.3529545180E-01 -3.3591272968E-01  1.2936754381E-01
H10       6.3755877600E-01  1.2656210739E-05  3.3521339285E-01 -3.3583051966E-01  1.2932411889E-01
H11       6.3759201189E-01  1.4431478727E-05  3.3520573543E-01 -3.3582284814E-01  1.2933066529E-01
H12       6.3750892375E-01  1.1803971534E-05  3.3523700480E-01 -3.3585417508E-01  1.2934616765E-01
H13       6.3764918015E-01  1.0315216775E-05  3.3517182279E-01 -3.3578887307E-01  1.2931090793E-01
--------------------------------------------------------------------------------------------------
Total     1.9998896283E+00 -5.0866805645E-05  1.2473166679E+03 -1.2496129740E+03
 
1st Largest |L(A)| = 1.2429341556E-04, atom V1      
2nd Largest |L(A)| = 1.8494407833E-05, atom H9      
 
Molecular charge q(Mol) from the wfx file:   2.0000000000E+00
Molecular energy E(Mol) from the wfx file:  -1.2496129693E+03
Molecular virial ratio (-V(Mol)/T(Mol)) from the wfx file:   2.0018409969E+00
Full molecular virial ratio ((-V(Mol)+W(Mol))/T(Mol)) from the wfx file:   2.0018411484E+00
Note.  K_Scaled(A) = (1+V(Mol)/T(Mol))*K(A) = (E(Mol)/T(Mol))*K(A)
       Only use K_Scaled(A) data with caution.
 
N_AIMInt(SumA)     =         61.000110
N_Analytic(Mol)    =         61.000000
 
G_AIMInt(SumA)     =       1247.316719
G_Analytic(Mol)    =       1247.316663
 
K_AIMInt(SumA)     =       1247.316668
K_Analytic(Mol)    =       1247.316663
 
L_AIMInt(SumA)     =         -0.000051
L_Analytic(Mol)    =          0.000000
 
VenT_AIMInt(SumA)  =      -3700.930513
VenT_Analytic(Mol) =      -3700.928791
 
Some Information About the Atomic Calculations:
----------------------------------------------
  Time(sec) = "Elapsed User Time", in Seconds, for Atom A by AIMInt and, if used, by TWOe
  NProc = Number of Processors Used for AIMInt Job
  BIM = Basin Integration Method
  OAQ = Angular Quadrature Outside of Beta Sphere
  ORQ = Multiple of Default for Radial Quadrature Outside of Beta Sphere
  IAQ = Multiple of Default for Angular Quadrature Inside of Beta Sphere
  IRQ = Multiple of Default for Radial Quadrature Inside of Beta Sphere
  MIR = Maximum Integration Radius
------------------------------------------------------------------------------------------------------
Atom A     Time(sec)   NProc      BIM          OAQ                     ORQ      IAQ      IRQ      MIR
------------------------------------------------------------------------------------------------------
V1            391        1     Proaim(5)    4500(GS4)                  1.00     1.00     1.00    13.00
O2            239        1     Proaim(5)    4500(GS4)                  1.00     1.00     1.00    13.00
H3             76        1     Proaim(5)    1800(GS4)                  1.00     1.00     1.00    13.00
O4            239        1     Proaim(5)    4500(GS4)                  1.00     1.00     1.00    13.00
H5             64        1     Proaim(5)    1800(GS4)                  1.00     1.00     1.00    13.00
O6            233        1     Proaim(5)    4500(GS4)                  1.00     1.00     1.00    13.00
H7             64        1     Proaim(5)    1800(GS4)                  1.00     1.00     1.00    13.00
O8            236        1     Proaim(5)    4500(GS4)                  1.00     1.00     1.00    13.00
H9             64        1     Proaim(5)    1800(GS4)                  1.00     1.00     1.00    13.00
H10            64        1     Proaim(5)    1800(GS4)                  1.00     1.00     1.00    13.00
H11            64        1     Proaim(5)    1800(GS4)                  1.00     1.00     1.00    13.00
H12            64        1     Proaim(5)    1800(GS4)                  1.00     1.00     1.00    13.00
H13            66        1     Proaim(5)    1800(GS4)                  1.00     1.00     1.00    13.00
------------------------------------------------------------------------------------------------------
Total        1864
Note:  Total wall clock time is less than total of atomic times if more than one atom
       was calculated at a time
 
Electron Density Critical Point Analysis of Molecular Structure:               
---------------------------------------------------------------                
  NACP = Nuclear Attractor Critical Point                                      
  NNACP = Non-Nuclear Attractor Critical Point                                 
  BCP = Bond Critical Point                                                    
  RCP = Ring Critical Point                                                    
  CCP = Cage Critical Point                                                    
  Rho = Electron Density                                                       
  GradRho = Gradient of Electron Density                                       
  HessRho_EigVals = Eigenvalues of the Hessian of Rho, Ascending Order         
  HessRho_EigVecs = Eigenvectors of the Hessian of Rho                         
  DelSqRho = Laplacian of Rho = Trace of Hessian of Rho                        
  Bond Ellipticity = (HessRho_EigVal(1) / HessRho_EigVal(2)) - 1               
  V = Virial Field = Potential Energy Density = Trace of Stress Tensor         
  G = Lagrangian Form of Kinetic Energy Density                                
  K = Hamiltonian Form of Kinetic Energy Density                               
  L = K - G = Lagrangian Density = (-1/4)DelSqRho                              
  Vnuc = Electrostatic Potential from Nuclei                                   
  Ven = Electron-nuclear attractive contribution to Virial Field V             
  Vrep = V - Ven = Repulsive contribution to Virial Field V                    
  DelSqV = Laplacian of V                                                      
  DelSqVen = Laplacian of Ven                                                  
  DelSqVrep = Laplacian of Vrep                                                
  DelSqG = Laplacian of G                                                      
  DelSqK = Laplacian of K                                                      
  Stress_EigVals = Eigenvalues of Stress Tensor, Ascending Order               
  Stress_EigVecs = Eigenvectors of Stress Tensor                               
  -DivStress = Ehrenfest Force Density = Minus Divergence of Stress Tensor     
  ESP = Total Electrostatic Potential                                          
  ESPe = Electrostatic Potential from Electrons                                
  ESPn = Electrostatic Potential from Nuclei                                   
  BP = Bond Path                                                               
  BPL = Bond Path Length                                                       
  GBL = Geometric Bond Length                                                  
  GBL_I = Distance Between Nuclear Attractors                                  
  GBL_II = Distance Between Nuclei                                             
  GBL_III = Sum of Distances Between BCP and Nuclear Attractors                
  GBL_IV = Sum of Distances Between BCP and Nuclei                             

CP# 1      Coords = -3.36725160456299E-05  5.52870892952710E-05 -1.90856282250436E-05
           Type = (3,-3) NACP V1
           Rho =  8.1158990994E+03     Rho at Nucleus =  8.1158990994E+03
           GradRho = -1.6897933587E-12 -3.2328931199E-12 -1.5519651536E-12
           HessRho_EigVals = -1.3018980993E+09 -1.3018980992E+09 -1.3018979964E+09
           HessRho_EigVec1 = -1.5587408211E-02  9.2450771986E-01  3.8084446775E-01
           HessRho_EigVec2 =  2.1906533410E-03 -3.8085825192E-01  9.2463084146E-01
           HessRho_EigVec3 =  9.9987610920E-01  1.5246896576E-02  3.9113171179E-03
           DelSqRho = -3.9056941949E+09
           Bond Ellipticity = NA
           V = -9.7663032002E+08
           G =  1.0338565224E+05
           K =  9.7652693437E+08
           L =  9.7642354872E+08
           Vnuc =  2.3000000107E+09
           Ven = -1.8666568016E+13
           Vrep =  1.8665591386E+13
           DelSqV =  2.2752399341E+16
           DelSqVen =  5.5999683704E+29
           DelSqVrep = -5.5999683704E+29
           DelSqG =  1.5666236326E+14
           DelSqK = -2.2909061704E+16
           Stress_EigVals = -3.2554345462E+08 -3.2554343271E+08 -3.2554343269E+08
           Stress_EigVec1 =  9.9987969620E-01  1.5017753521E-02  3.8807487933E-03
           Stress_EigVec2 =  3.8090581257E-03 -4.8026279048E-01  8.7711637948E-01
           Stress_EigVec3 = -1.5036096841E-02  8.7699607705E-01  4.8026221654E-01
           -DivStress =  6.3719086782E+03  9.1354468716E+03 -4.3831320245E+04
           ESP =  -9.7050221761E+01     ESP at Nucleus =  -9.7050221761E+01
           ESPe = -1.0779797575E+02     ESPe at Nucleus = -1.0779797575E+02
           ESPn =  1.0747753988E+01     ESPn at Nucleus =  1.0747753988E+01

CP# 2      Coords =  2.00301931857214E+00  1.38406461644494E+00  2.53509192922174E+00
           Type = (3,-3) NACP O2
           Rho =  2.9729495885E+02     Rho at Nucleus =  2.9729494551E+02
           GradRho =  9.4982466337E-11 -7.0980721301E-11  8.1642692606E-11
           HessRho_EigVals = -1.1097651877E+06 -1.1097529663E+06 -1.1097310226E+06
           HessRho_EigVec1 = -9.6650120516E-03  8.8080230164E-01 -4.7338556481E-01
           HessRho_EigVec2 =  6.7026627359E-01  3.5701873215E-01  6.5060029770E-01
           HessRho_EigVec3 =  7.4205775383E-01 -3.1100631878E-01 -5.9382266684E-01
           DelSqRho = -3.3292491766E+06
           Bond Ellipticity = NA
           V = -8.3244857599E+05
           G =  6.8140922402E+01
           K =  8.3238043507E+05
           L =  8.3231229415E+05
           Vnuc =  1.6313524209E+06
           Ven = -4.8499285083E+08
           Vrep =  4.8416040225E+08
           DelSqV =  9.3082418832E+10
           DelSqVen =  5.4311787005E+12
           DelSqVrep = -5.3380962817E+12
           DelSqG =  3.1074140691E+09
           DelSqK = -9.6189832901E+10
           Stress_EigVals = -2.7748738654E+05 -2.7748191130E+05 -2.7747927815E+05
           Stress_EigVec1 =  7.3449208497E-01 -3.1498991681E-01 -6.0108462751E-01
           Stress_EigVec2 =  6.7854871870E-01  3.5347864774E-01  6.4391341183E-01
           Stress_EigVec3 = -9.6443492884E-03  8.8081450822E-01 -4.7336327342E-01
           -DivStress = -1.1548859040E+05 -4.5832683964E+04 -8.2904800170E+04
           ESP =  -2.1920378275E+01     ESP at Nucleus =  -2.1920378387E+01
           ESPe = -3.4603205684E+01     ESPe at Nucleus = -3.4603216114E+01
           ESPn =  1.2682827409E+01     ESPn at Nucleus =  1.2682837727E+01

CP# 3      Coords =  2.78963367166063E+00  5.01683712440065E-01  3.90560449027416E+00
           Type = (3,-3) NACP H3
           Rho =  3.9741880855E-01     Rho at Nucleus =  3.8837425075E-01
           GradRho = -1.2256363025E-11  1.3895613826E-11 -2.1728423748E-11
           HessRho_EigVals = -7.8506721826E+00 -7.8366100589E+00 -6.2217184543E+00
           HessRho_EigVec1 =  6.0868170365E-01  7.7855008538E-01  1.5286055148E-01
           HessRho_EigVec2 = -6.6628182315E-01  3.9696777667E-01  6.3125677535E-01
           HessRho_EigVec3 =  4.3078430309E-01 -4.8608265639E-01  7.6036079290E-01
           DelSqRho = -2.1909000696E+01
           Bond Ellipticity = NA
           V = -5.5306379956E+00
           G =  2.6693910830E-02
           K =  5.5039440848E+00
           L =  5.4772501740E+00
           Vnuc =  3.3426453924E+01
           Ven = -1.3284301492E+01
           Vrep =  7.7536634968E+00
           DelSqV =  1.3332865864E+03
           DelSqVen =  7.3234020230E+02
           DelSqVrep =  6.0094638414E+02
           DelSqG =  1.0268659134E+02
           DelSqK = -1.4359731778E+03
           Stress_EigVals = -1.9852151092E+00 -1.9794992566E+00 -1.5659236298E+00
           Stress_EigVec1 = -7.6965998948E-01  2.4367148090E-01  5.9012516467E-01
           Stress_EigVec2 =  4.7382028497E-01  8.3751352720E-01  2.7214964505E-01
           Stress_EigVec3 =  4.2792270112E-01 -4.8907596665E-01  7.6005714306E-01
           -DivStress =  9.9629090986E+00 -1.1346333321E+01  1.7725784794E+01
           ESP =  -6.0823887144E-01     ESP at Nucleus =  -6.1081516739E-01
           ESPe = -1.4468003501E+01     ESPe at Nucleus = -1.4283770215E+01
           ESPn =  1.3859764630E+01     ESPn at Nucleus =  1.3672955047E+01

CP# 4      Coords = -1.99956957638518E+00 -2.55570656724107E+00  1.35069498541344E+00
           Type = (3,-3) NACP O4
           Rho =  2.9729472618E+02     Rho at Nucleus =  2.9729471285E+02
           GradRho =  4.4930170695E-11  1.1913137143E-10  8.1817885800E-13
           HessRho_EigVals = -1.1097643842E+06 -1.1097521611E+06 -1.1097302155E+06
           HessRho_EigVec1 = -1.4084226324E-02  4.7567350247E-01  8.7950915494E-01
           HessRho_EigVec2 =  6.6845155893E-01  6.5863157065E-01 -3.4550972130E-01
           HessRho_EigVec3 =  7.4362231538E-01 -5.8304302860E-01  3.2724101037E-01
           DelSqRho = -3.3292467608E+06
           Bond Ellipticity = NA
           V = -8.3244797390E+05
           G =  6.8141848835E+01
           K =  8.3237983205E+05
           L =  8.3231169021E+05
           Vnuc =  1.6318862025E+06
           Ven = -4.8515116174E+08
           Vrep =  4.8431871376E+08
           DelSqV =  9.3082352090E+10
           DelSqVen =  5.4329518572E+12
           DelSqVrep = -5.3398695051E+12
           DelSqG =  3.1074120018E+09
           DelSqK = -9.6189764092E+10
           Stress_EigVals = -2.7748718625E+05 -2.7748171064E+05 -2.7747907701E+05
           Stress_EigVec1 =  7.3613594230E-01 -5.9033864356E-01  3.3106519052E-01
           Stress_EigVec2 =  6.7668578879E-01  6.5214798122E-01 -3.4175920447E-01
           Stress_EigVec3 = -1.4149830456E-02  4.7560834361E-01  8.7954333934E-01
           -DivStress =  1.1510776448E+05  8.4407508440E+04 -4.3845096703E+04
           ESP =  -2.1920380414E+01     ESP at Nucleus =  -2.1920380526E+01
           ESPe = -3.4603247406E+01     ESPe at Nucleus = -3.4603257840E+01
           ESPn =  1.2682866992E+01     ESPn at Nucleus =  1.2682877314E+01

CP# 5      Coords = -2.75000502217463E+00 -3.93896059404693E+00  4.56927604996497E-01
           Type = (3,-3) NACP H5
           Rho =  3.9743434051E-01     Rho at Nucleus =  3.8838716163E-01
           GradRho =  1.4468822841E-11  2.7157210074E-11  1.7430917820E-11
           HessRho_EigVals = -7.8509289901E+00 -7.8368342456E+00 -6.2215544444E+00
           HessRho_EigVec1 = -6.2097832938E-01 -1.5991975950E-01  7.6734059254E-01
           HessRho_EigVec2 =  6.6756898005E-01 -6.2094486936E-01  4.1082736775E-01
           HessRho_EigVec3 =  4.1077679014E-01  7.6736766920E-01  4.9235077835E-01
           DelSqRho = -2.1909317680E+01
           Bond Ellipticity = NA
           V = -5.5307250884E+00
           G =  2.6697834184E-02
           K =  5.5040272542E+00
           L =  5.4773294200E+00
           Vnuc =  3.3424076346E+01
           Ven = -1.3283875740E+01
           Vrep =  7.7531506515E+00
           DelSqV =  1.3332718544E+03
           DelSqVen =  7.3229870686E+02
           DelSqVrep =  6.0097314759E+02
           DelSqG =  1.0268620606E+02
           DelSqK = -1.4359580605E+03
           Stress_EigVals = -1.9852785328E+00 -1.9795691725E+00 -1.5658773830E+00
           Stress_EigVec1 =  7.7234883958E-01 -5.7914946812E-01  2.6088917871E-01
           Stress_EigVec2 = -4.8695839297E-01 -2.7613249010E-01  8.2862679864E-01
           Stress_EigVec3 =  4.0785879114E-01  7.6703112159E-01  4.9529230259E-01
           -DivStress = -9.4975620970E+00 -1.7890670550E+01 -1.1493094035E+01
           ESP =  -6.0822691673E-01     ESP at Nucleus =  -6.1080447428E-01
           ESPe = -1.4468373573E+01     ESPe at Nucleus = -1.4284110417E+01
           ESPn =  1.3860146656E+01     ESPn at Nucleus =  1.3673305942E+01

CP# 6      Coords = -2.05876679256438E+00  2.50149281615882E+00 -1.36344096442975E+00
           Type = (3,-3) NACP O6
           Rho =  2.9729509539E+02     Rho at Nucleus =  2.9729508204E+02
           GradRho =  1.8409496150E-11  1.7053025658E-11  2.1630475189E-12
           HessRho_EigVals = -1.1097657666E+06 -1.1097535448E+06 -1.1097315990E+06
           HessRho_EigVec1 = -8.2279466749E-03  4.7348006970E-01  8.8076610090E-01
           HessRho_EigVec2 = -6.8534665628E-01  6.3872117148E-01 -3.4976452911E-01
           HessRho_EigVec3 =  7.2817048939E-01  6.0650794611E-01 -3.1924261885E-01
           DelSqRho = -3.3292509105E+06
           Bond Ellipticity = NA
           V = -8.3244900916E+05
           G =  6.8140771128E+01
           K =  8.3238086839E+05
           L =  8.3231272761E+05
           Vnuc =  1.6309980488E+06
           Ven = -4.8488772051E+08
           Vrep =  4.8405527150E+08
           DelSqV =  9.3082467358E+10
           DelSqVen =  5.4300017398E+12
           DelSqVrep = -5.3369192724E+12
           DelSqG =  3.1074158795E+09
           DelSqK = -9.6189883237E+10
           Stress_EigVals = -2.7748753138E+05 -2.7748205545E+05 -2.7747942233E+05
           Stress_EigVec1 =  7.2039465846E-01  6.1367371171E-01 -3.2316576491E-01
           Stress_EigVec2 = -6.9351596667E-01  6.3186416054E-01 -3.4609722130E-01
           Stress_EigVec3 = -8.1939016480E-03  4.7344720738E-01  8.8078408353E-01
           -DivStress =  1.1750319841E+05 -8.0805650219E+04  4.4549169575E+04
           ESP =  -2.1920409271E+01     ESP at Nucleus =  -2.1920409384E+01
           ESPe = -3.4603220274E+01     ESPe at Nucleus = -3.4603230700E+01
           ESPn =  1.2682811002E+01     ESPn at Nucleus =  1.2682821316E+01

CP# 7      Coords = -2.83607352699415E+00  2.50088568853804E+00 -2.99799585016788E+00
           Type = (3,-3) NACP H7
           Rho =  3.9741545923E-01     Rho at Nucleus =  3.8837346032E-01
           GradRho =  2.8732398405E-13 -1.6826817717E-16  6.1304173543E-13
           HessRho_EigVals = -7.8507499116E+00 -7.8367096422E+00 -6.2221929912E+00
           HessRho_EigVec1 = -6.2984752531E-01  7.1710150183E-01  2.9842508431E-01
           HessRho_EigVec2 =  6.4968688285E-01  6.9696357147E-01 -3.0356009998E-01
           HessRho_EigVec3 =  4.2567481617E-01 -2.6862850311E-03  9.0487222012E-01
           DelSqRho = -2.1909652545E+01
           Bond Ellipticity = NA
           V = -5.5307931275E+00
           G =  2.6689995619E-02
           K =  5.5041031319E+00
           L =  5.4774131363E+00
           Vnuc =  3.3429784730E+01
           Ven = -1.3285513250E+01
           Vrep =  7.7547201228E+00
           DelSqV =  1.3333655051E+03
           DelSqVen =  7.3243496809E+02
           DelSqVrep =  6.0093053698E+02
           DelSqG =  1.0269278822E+02
           DelSqK = -1.4360582933E+03
           Stress_EigVals = -1.9852324984E+00 -1.9795152988E+00 -1.5660453303E+00
           Stress_EigVec1 =  7.5747586521E-01  5.4902654343E-01 -3.5327067277E-01
           Stress_EigVec2 =  4.9752588553E-01 -8.3580490891E-01 -2.3215974560E-01
           Stress_EigVec3 =  4.2272722513E-01 -9.4099865881E-05  9.0625696372E-01
           -DivStress = -9.8419887058E+00  5.2357640384E-02 -2.1099579742E+01
           ESP =  -6.0829969860E-01     ESP at Nucleus =  -6.1087352899E-01
           ESPe = -1.4468258926E+01     ESPe at Nucleus = -1.4284068388E+01
           ESPn =  1.3859959227E+01     ESPn at Nucleus =  1.3673194859E+01

CP# 8      Coords =  2.05518334991096E+00 -1.32962919968017E+00 -2.52242136302232E+00
           Type = (3,-3) NACP O8
           Rho =  2.9729504407E+02     Rho at Nucleus =  2.9729503072E+02
           GradRho =  4.4988457404E-12 -3.8099023936E-11 -2.1972645925E-11
           HessRho_EigVals = -1.1097655833E+06 -1.1097533610E+06 -1.1097314137E+06
           HessRho_EigVec1 = -1.3590194629E-02  8.7978806255E-01 -4.7517183376E-01
           HessRho_EigVec2 = -6.8426589408E-01  3.3833168200E-01  6.4599679500E-01
           HessRho_EigVec3 =  7.2910595445E-01  3.3392310184E-01  5.9741097181E-01
           DelSqRho = -3.3292503581E+06
           Bond Ellipticity = NA
           V = -8.3244887142E+05
           G =  6.8140952203E+01
           K =  8.3238073047E+05
           L =  8.3231258952E+05
           Vnuc =  1.6310649440E+06
           Ven = -4.8490752441E+08
           Vrep =  4.8407507554E+08
           DelSqV =  9.3082452053E+10
           DelSqVen =  5.4302235666E+12
           DelSqVrep = -5.3371411145E+12
           DelSqG =  3.1074153870E+09
           DelSqK = -9.6189867440E+10
           Stress_EigVals = -2.7748748576E+05 -2.7748200944E+05 -2.7747937622E+05
           Stress_EigVec1 =  7.2135630928E-01  3.3771143168E-01  6.0464540350E-01
           Stress_EigVec2 = -6.9242895037E-01  3.3443366014E-01  6.3929357549E-01
           Stress_EigVec3 = -1.3682973261E-02  8.7983243625E-01 -4.7508700294E-01
           -DivStress = -1.1733376911E+05  4.2590343219E+04  8.2086473163E+04
           ESP =  -2.1920400486E+01     ESP at Nucleus =  -2.1920400598E+01
           ESPe = -3.4603291788E+01     ESPe at Nucleus = -3.4603302215E+01
           ESPn =  1.2682891302E+01     ESPn at Nucleus =  1.2682901617E+01

CP# 9      Coords =  2.86237186822107E+00 -2.94965108372158E+00 -2.52770249071022E+00
           Type = (3,-3) NACP H9
           Rho =  3.9742180151E-01     Rho at Nucleus =  3.8838090766E-01
           GradRho = -1.9454099789E-13  3.9308833966E-13  1.8336027141E-15
           HessRho_EigVals = -7.8508885499E+00 -7.8368660637E+00 -6.2225068064E+00
           HessRho_EigVec1 = -6.1630301390E-01 -3.0863720651E-01  7.2450926138E-01
           HessRho_EigVec2 =  6.5162547344E-01  3.1675340516E-01  6.8923981507E-01
           HessRho_EigVec3 = -4.4221582675E-01  8.9688926579E-01  5.8997875518E-03
           DelSqRho = -2.1910261420E+01
           Bond Ellipticity = NA
           V = -5.5309457796E+00
           G =  2.6690212293E-02
           K =  5.5042555673E+00
           L =  5.4775653550E+00
           Vnuc =  3.3431639391E+01
           Ven = -1.3286462354E+01
           Vrep =  7.7555165747E+00
           DelSqV =  1.3334210722E+03
           DelSqVen =  7.3249595876E+02
           DelSqVrep =  6.0092511347E+02
           DelSqG =  1.0269655387E+02
           DelSqK = -1.4361176261E+03
           Stress_EigVals = -1.9852713261E+00 -1.9795489161E+00 -1.5661255374E+00
           Stress_EigVec1 =  7.5717113131E-01  3.6833687904E-01  5.3946253017E-01
           Stress_EigVec2 =  4.8340648666E-01  2.3947581975E-01 -8.4200326627E-01
           Stress_EigVec3 = -4.3932908688E-01  8.9832025208E-01  3.2677407626E-03
           -DivStress =  1.0227602927E+01 -2.0913788068E+01 -1.2644720794E-01
           ESP =  -6.0828738832E-01     ESP at Nucleus =  -6.1086074459E-01
           ESPe = -1.4468593286E+01     ESPe at Nucleus = -1.4284419589E+01
           ESPn =  1.3860305898E+01     ESPn at Nucleus =  1.3673558844E+01

CP# 10     Coords =  2.76207092014590E+00  3.02711040940447E+00  2.54839716108239E+00
           Type = (3,-3) NACP H10
           Rho =  3.9740396296E-01     Rho at Nucleus =  3.8836114265E-01
           GradRho = -3.5384065469E-13 -7.8251467805E-13 -1.0016293350E-14
           HessRho_EigVals = -7.8504770638E+00 -7.8364394446E+00 -6.2218136849E+00
           HessRho_EigVec1 =  6.2036917561E-01 -2.9166709020E-01  7.2806070794E-01
           HessRho_EigVec2 =  6.6518982504E-01 -2.9614336709E-01 -6.8543533816E-01
           HessRho_EigVec3 =  4.1552928009E-01  9.0952153060E-01  1.0295764190E-02
           DelSqRho = -2.1908730193E+01
           Bond Ellipticity = NA
           V = -5.5305602171E+00
           G =  2.6688834406E-02
           K =  5.5038713827E+00
           L =  5.4771825483E+00
           Vnuc =  3.3428236881E+01
           Ven = -1.3284513811E+01
           Vrep =  7.7539535942E+00
           DelSqV =  1.3332926629E+03
           DelSqVen =  7.3237022266E+02
           DelSqVrep =  6.0092244020E+02
           DelSqG =  1.0268736255E+02
           DelSqK = -1.4359800254E+03
           Stress_EigVals = -1.9851651791E+00 -1.9794475931E+00 -1.5659474449E+00
           Stress_EigVec1 = -7.7068352211E-01  3.4460866407E-01  5.3599606099E-01
           Stress_EigVec2 =  4.8558717116E-01 -2.2705822413E-01  8.4418579831E-01
           Stress_EigVec3 =  4.1261605393E-01  9.1087289536E-01  7.6524855589E-03
           -DivStress =  9.6059795820E+00  2.1207560811E+01  2.2828476538E-01
           ESP =  -6.0825931679E-01     ESP at Nucleus =  -6.1083330970E-01
           ESPe = -1.4467998673E+01     ESPe at Nucleus = -1.4283793332E+01
           ESPn =  1.3859739356E+01     ESPn at Nucleus =  1.3672960022E+01

CP# 11     Coords = -2.85951052064069E+00  3.85832378500376E+00 -4.72726795008447E-01
           Type = (3,-3) NACP H11
           Rho =  3.9744084105E-01     Rho at Nucleus =  3.8839591139E-01
           GradRho =  9.8625725642E-12 -1.7004679782E-11 -1.1085861396E-11
           HessRho_EigVals = -7.8510894594E+00 -7.8370167903E+00 -6.2220548048E+00
           HessRho_EigVec1 =  6.1983936551E-01 -1.4183035538E-01  7.7180522883E-01
           HessRho_EigVec2 =  6.5067159610E-01  6.4268457373E-01 -4.0445396861E-01
           HessRho_EigVec3 = -4.3866346439E-01  7.5288823140E-01  4.9064618212E-01
           DelSqRho = -2.1910161054E+01
           Bond Ellipticity = NA
           V = -5.5309349833E+00
           G =  2.6697359841E-02
           K =  5.5042376235E+00
           L =  5.4775402636E+00
           Vnuc =  3.3426868476E+01
           Ven = -1.3285202721E+01
           Vrep =  7.7542677377E+00
           DelSqV =  1.3333578067E+03
           DelSqVen =  7.3238807188E+02
           DelSqVrep =  6.0096973480E+02
           DelSqG =  1.0269183359E+02
           DelSqK = -1.4360496403E+03
           Stress_EigVals = -1.9853201383E+00 -1.9796057648E+00 -1.5660090802E+00
           Stress_EigVec1 =  7.5660965249E-01  6.0334684131E-01 -2.5202067939E-01
           Stress_EigVec2 =  4.8749705058E-01 -2.6364772644E-01  8.3236800877E-01
           Stress_EigVec3 = -4.3576192976E-01  7.5263700775E-01  4.9360822030E-01
           -DivStress = -1.0146812023E+01  1.7553855166E+01  1.1452373035E+01
           ESP =  -6.0826889120E-01     ESP at Nucleus =  -6.1084598669E-01
           ESPe = -1.4468333708E+01     ESPe at Nucleus = -1.4284098497E+01
           ESPn =  1.3860064817E+01     ESPn at Nucleus =  1.3673252510E+01

CP# 12     Coords = -2.79029942090723E+00 -2.57506766940925E+00  2.97869284135578E+00
           Type = (3,-3) NACP H12
           Rho =  3.9740295489E-01     Rho at Nucleus =  3.8836105721E-01
           GradRho =  2.3992960396E-13  8.1948337005E-15 -5.0484269543E-13
           HessRho_EigVals = -7.8504463797E+00 -7.8364378975E+00 -6.2219286278E+00
           HessRho_EigVec1 =  6.0512491809E-01  7.3667612176E-01  3.0188097842E-01
           HessRho_EigVec2 =  6.6803178819E-01 -6.7610935466E-01  3.1082096215E-01
           HessRho_EigVec3 = -4.3307893446E-01 -1.3580580573E-02  9.0125368479E-01
           DelSqRho = -2.1908812905E+01
           Bond Ellipticity = NA
           V = -5.5305787323E+00
           G =  2.6687752995E-02
           K =  5.5038909793E+00
           L =  5.4772032263E+00
           Vnuc =  3.3428742479E+01
           Ven = -1.3284681039E+01
           Vrep =  7.7541023070E+00
           DelSqV =  1.3333101931E+03
           DelSqVen =  7.3238406463E+02
           DelSqVrep =  6.0092612848E+02
           DelSqG =  1.0268815742E+02
           DelSqK = -1.4359983505E+03
           Stress_EigVals = -1.9851630006E+00 -1.9794366485E+00 -1.5659790832E+00
           Stress_EigVec1 = -7.7081947253E-01  5.2484867792E-01 -3.6106953077E-01
           Stress_EigVec2 =  4.6982200042E-01  8.5112586679E-01  2.3420513828E-01
           Stress_EigVec3 = -4.3023787454E-01 -1.0891471915E-02  9.0264984748E-01
           -DivStress = -1.0015379230E+01 -3.0381917730E-01  2.1015072720E+01
           ESP =  -6.0826691530E-01     ESP at Nucleus =  -6.1084086789E-01
           ESPe = -1.4467458820E+01     ESPe at Nucleus = -1.4283259850E+01
           ESPn =  1.3859191905E+01     ESPn at Nucleus =  1.3672418982E+01

CP# 13     Coords =  2.82360216886291E+00 -4.27281282101448E-01 -3.89017591520625E+00
           Type = (3,-3) NACP H13
           Rho =  3.9744003301E-01     Rho at Nucleus =  3.8839404164E-01
           GradRho = -1.1470494259E-11 -1.3617520306E-11  2.0785411586E-11
           HessRho_EigVals = -7.8510718724E+00 -7.8369791817E+00 -6.2218602531E+00
           HessRho_EigVec1 =  6.3177074871E-01 -7.6088727182E-01 -1.4804148290E-01
           HessRho_EigVec2 =  6.5101109757E-01  4.1715348352E-01  6.3416679354E-01
           HessRho_EigVec3 = -4.2077342112E-01 -4.9702467823E-01  7.5889142656E-01
           DelSqRho = -2.1909911307E+01
           Bond Ellipticity = NA
           V = -5.5308744673E+00
           G =  2.6698320229E-02
           K =  5.5041761470E+00
           L =  5.4774778268E+00
           Vnuc =  3.3425270639E+01
           Ven = -1.3284540666E+01
           Vrep =  7.7536661988E+00
           DelSqV =  1.3333271696E+03
           DelSqVen =  7.3234471514E+02
           DelSqVrep =  6.0098245448E+02
           DelSqG =  1.0268999058E+02
           DelSqK = -1.4360171602E+03
           Stress_EigVals = -1.9853124833E+00 -1.9796030374E+00 -1.5659589465E+00
           Stress_EigVec1 =  7.5866101246E-01  2.6741555706E-01  5.9407271274E-01
           Stress_EigVec2 =  4.9986176622E-01 -8.2374504373E-01 -2.6754872005E-01
           Stress_EigVec3 = -4.1781776272E-01 -4.9993301829E-01  7.5861406155E-01
           -DivStress =  9.7298194996E+00  1.1600466208E+01 -1.7693847460E+01
           ESP =  -6.0826246555E-01     ESP at Nucleus =  -6.1084006597E-01
           ESPe = -1.4468025882E+01     ESPe at Nucleus = -1.4283773991E+01
           ESPn =  1.3859763417E+01     ESPn at Nucleus =  1.3672933925E+01

CP# 14     Coords =  1.01429645075707E+00  6.75051485546662E-01  1.23732698293723E+00
           Type = (3,-1) BCP O2 V1
           Rho =  1.0968400480E-01
           GradRho =  7.9797279895E-17  1.9081958236E-17  8.3266726847E-17
           HessRho_EigVals = -1.3741623427E-01 -1.0179008447E-01  9.7529983968E-01
           HessRho_EigVec1 = -8.2171750757E-01  2.6610337458E-01  5.0395370004E-01
           HessRho_EigVec2 = -6.7807202622E-03  8.7966437065E-01 -4.7554665055E-01
           HessRho_EigVec3 =  5.6985468286E-01  3.9418217749E-01  7.2103124161E-01
           DelSqRho =  7.3609352093E-01
           Bond Ellipticity =  3.4999626910E-01
           V = -2.1805568717E-01
           G =  2.0103953370E-01
           K =  1.7016153468E-02
           L = -1.8402338023E-01
           Vnuc =  2.4863835322E+01
           Ven = -2.7271650329E+00
           Vrep =  2.5091093457E+00
           DelSqV = -2.2229479966E+00
           DelSqVen = -1.8302108086E+01
           DelSqVrep =  1.6079160090E+01
           DelSqG =  1.9182937897E+00
           DelSqK =  3.0465420689E-01
           Stress_EigVals = -1.0934957442E-01 -1.0053807135E-01 -8.1680414021E-03
           Stress_EigVec1 = -1.0004329658E-02  8.8108129501E-01 -4.7285903287E-01
           Stress_EigVec2 =  8.2098406491E-01 -2.6272756548E-01 -5.0691162100E-01
           Stress_EigVec3 =  5.7086345000E-01  3.9328104190E-01  7.2072528992E-01
           -DivStress = -5.5173652093E-02 -3.7614727680E-02 -6.9031510473E-02
           ESP =   9.6196600389E-01
           ESPe = -2.3901869318E+01
           ESPn =  2.4863835322E+01
           BPL =  3.5171381740E+00 =  1.7791381740E+00 +  1.7380000000E+00                
           GBL_I =  3.5153427835E+00                                                      
           GBL_II =  3.5148908677E+00                                                     
           GBL_III =  3.5158650119E+00 =  1.7788947088E+00 +  1.7369703031E+00            
           GBL_IV =  3.5154126218E+00 =  1.7788900160E+00 +  1.7365226058E+00             

CP# 15     Coords =  2.65560658744197E+00  6.52334374849529E-01  3.66987696779107E+00
           Type = (3,-1) BCP H3 O2
           Rho =  3.4881968092E-01
           GradRho = -8.5339721401E-14 -3.2435165664E-13 -4.6566916989E-14
           HessRho_EigVals = -1.7522934866E+00 -1.7192795067E+00  8.7693457187E-01
           HessRho_EigVec1 =  5.6568066628E-01  8.0253280686E-01  1.8959556352E-01
           HessRho_EigVec2 = -7.0120941208E-01  3.4714219540E-01  6.2273401753E-01
           HessRho_EigVec3 =  4.3394785886E-01 -4.8521478758E-01  7.5911518606E-01
           DelSqRho = -2.5946384214E+00
           Bond Ellipticity =  1.9202217967E-02
           V = -7.7460288406E-01
           G =  6.2971639350E-02
           K =  7.1163124471E-01
           L =  6.4865960536E-01
           Vnuc =  1.7954199285E+01
           Ven = -6.2627780657E+00
           Vrep =  5.4881751816E+00
           DelSqV =  1.3960220302E+01
           DelSqVen =  4.6584655290E+01
           DelSqVrep = -3.2624434988E+01
           DelSqG =  5.3792592202E+00
           DelSqK = -1.9339479522E+01
           Stress_EigVals = -4.9007702495E-01 -4.7898827799E-01  1.9446241888E-01
           Stress_EigVec1 = -7.5085521542E-01  2.7245204941E-01  6.0165299489E-01
           Stress_EigVec2 =  5.0050210178E-01  8.2910316374E-01  2.4916980152E-01
           Stress_EigVec3 =  4.3094557846E-01 -4.8821903348E-01  7.5889925798E-01
           -DivStress =  4.9863358338E-01 -5.6316384848E-01  8.7912084328E-01
           ESP =   2.3001525090E+00
           ESPe = -1.5654046776E+01
           ESPn =  1.7954199285E+01
           BPL =  1.8099179495E+00 =  3.1020389644E-01 +  1.4997140531E+00                
           GBL_I =  1.8098792447E+00                                                      
           GBL_II =  1.8609880039E+00                                                     
           GBL_III =  1.8098824742E+00 =  3.1020371736E-01 +  1.4996787568E+00            
           GBL_IV =  1.8609922710E+00 =  3.6131053884E-01 +  1.4996817321E+00             

CP# 16     Coords = -1.01263593943157E+00 -1.24761769101200E+00  6.58364677194231E-01
           Type = (3,-1) BCP V1 O4
           Rho =  1.0967884506E-01
           GradRho =  1.0408340856E-17  2.4286128664E-17 -1.3877787808E-17
           HessRho_EigVals = -1.3737782568E-01 -1.0178333474E-01  9.7528440340E-01
           HessRho_EigVec1 =  8.2238781262E-01 -4.9556245698E-01  2.7945686052E-01
           HessRho_EigVec2 =  1.2603587313E-02 -4.7520981698E-01 -8.7978223410E-01
           HessRho_EigVec3 =  5.6878768908E-01  7.2704434602E-01 -3.8456089723E-01
           DelSqRho =  7.3612324298E-01
           Bond Ellipticity =  3.4970843731E-01
           V = -2.1805323314E-01
           G =  2.0104202194E-01
           K =  1.7011211197E-02
           L = -1.8403081075E-01
           Vnuc =  2.4863824149E+01
           Ven = -2.7270355165E+00
           Vrep =  2.5089822834E+00
           DelSqV = -2.2229546397E+00
           DelSqVen = -1.8302838866E+01
           DelSqVrep =  1.6079884226E+01
           DelSqG =  1.9182803497E+00
           DelSqK =  3.0467428999E-01
           Stress_EigVals = -1.0934810493E-01 -1.0053519064E-01 -8.1699375699E-03
           Stress_EigVec1 = -1.0546630636E-02  4.7351433399E-01  8.8072296671E-01
           Stress_EigVec2 =  8.2168392320E-01 -4.9782823277E-01  2.7749338913E-01
           Stress_EigVec3 =  5.6984585542E-01  7.2660252282E-01 -3.8382870515E-01
           -DivStress =  5.5074262890E-02  6.9587555234E-02 -3.6710486194E-02
           ESP =   9.6196534776E-01
           ESPe = -2.3901858802E+01
           ESPn =  2.4863824149E+01
           BPL =  3.5171319798E+00 =  1.7380000000E+00 +  1.7791319798E+00                
           GBL_I =  3.5153285870E+00                                                      
