AIMSum (Version 16.05.18, Professional)
Copyright (c) 1997-2016 by Todd A. Keith
AIMSum is a component of the AIMAll package ( http://aim.tkgristmill.com )

TP:  64-bit Linux

Licensed To:  Research Group of Fernando Cortes Guzman, UNAM, fercor@unam.mx

Much of the Quantum Theory of Atoms in Molecules (QTAIM) is described in the book:
  "Atoms in Molecules - A Quantum Theory"
  R.F.W. Bader, Oxford University Press, Oxford, 1990

For additional references see:  http://aim.tkgristmill.com/references.html

Wfx File:  /home/davit_gabo/David/max_int2/Co24.wfx
Sum File:  /home/davit_gabo/David/max_int2/Co24.sum

SumViz File:  /home/davit_gabo/David/max_int2/Co24.sumviz

Wfx Title:   Co[H2O]6 (2+)                                                                 
 
Total memory allocated for AIMSum =        1.189 Megabytes

Atomic units (a.u.) used throughout, except where stated otherwise

Model:  Unrestricted SCF
 
Unrestricted, single-determinant wavefunction.
  Number of electrons (from MO Occs)                   =          85.0000000000
  Number of Alpha electrons (from MO Occs)             =          44.0000000000
  Number of Beta electrons (from MO Occs)              =          41.0000000000
  Number of electron pairs (N*(N-1)/2)                 =        3570.0000000000
  Number of electron pairs (from Muller 2EDM)          =        3570.0000000000
 
Nuclear Charges and Cartesian Coordinates:
-------------------------------------------------------------------------------
Atom      Charge                X                  Y                  Z
-------------------------------------------------------------------------------
Co1       27.0          -4.5400541784E-08   1.2483945418E-07  -2.5182854376E-07
O2         8.0           3.9987202554E+00   5.9342133943E-02  -4.0414409763E-02
O3         8.0           5.8569803912E-02  -3.9048245994E+00   5.1424166375E-02
O4         8.0          -4.1595656370E-02  -4.9058634629E-02  -4.0480024183E+00
H5         1.0           9.3877076926E-02  -4.9522402612E+00   1.5425624844E+00
H6         1.0          -1.5187569815E+00  -9.4610135793E-02  -5.1121166547E+00
H7         1.0           1.4129423384E+00  -4.7948658678E-02  -5.1436447036E+00
H8         1.0           5.8783994854E-02  -4.9955650881E+00  -1.4086058915E+00
H9         1.0           5.0968910461E+00  -1.3938599501E+00  -3.3236877169E-02
H10        1.0           5.0522594425E+00   1.5448128196E+00  -8.2195088846E-02
O11        8.0          -3.9987203132E+00  -5.9341999476E-02   4.0415159419E-02
O12        8.0          -5.8569900989E-02   3.9048247360E+00  -5.1424292252E-02
O13        8.0           4.1595726148E-02   4.9059894193E-02   4.0480018518E+00
H14        1.0          -9.3877242106E-02   4.9522411624E+00  -1.5425620707E+00
H15        1.0           1.5187573128E+00   9.4609544884E-02   5.1121158071E+00
H16        1.0          -1.4129420662E+00   4.7948484438E-02   5.1436444076E+00
H17        1.0          -5.8784080173E-02   4.9955644019E+00   1.4086063948E+00
H18        1.0          -5.0968907833E+00   1.3938603247E+00   3.3235817613E-02
H19        1.0          -5.0522598712E+00  -1.5448124477E+00   8.2194679750E-02
 
Some Atomic Properties:
----------------------
  q(A) = Net Charge of Atom A
  L(A) = Lagrangian of Atom A = -(1/4) Times Atomic Integral of the Laplacian of the Electron Density
  K(A) = Electronic Kinetic Energy of Atom A (Hamiltonian Form)
  K_Scaled(A) = K(A) * E(Mol)/K(Mol) = Approximation to Virial-Based Total Energy of Atom A.
  |Mu_Intra(A)| = Magnitude of Intraatomic Dipole Moment of Atom A
--------------------------------------------------------------------------------------------------
Atom A          q(A)              L(A)              K(A)          K_Scaled(A)      |Mu_Intra(A)|
--------------------------------------------------------------------------------------------------
Co1       1.5658411690E+00 -8.5033990412E-04  1.3807707123E+03 -1.3829049985E+03  1.6349369534E-06
O2       -1.2368582978E+00  1.7898462850E-05  7.5553631780E+01 -7.5670416612E+01  2.4871254499E-01
O3       -1.2351958861E+00  1.0747949751E-05  7.5561204625E+01 -7.5678001163E+01  2.4720041554E-01
O4       -1.2288112418E+00 -6.0347881714E-06  7.5542837741E+01 -7.5659605888E+01  2.6686029278E-01
H5        6.5729946990E-01  1.5032234965E-05  3.2196369367E-01 -3.2246135970E-01  1.2802037327E-01
H6        6.4791550217E-01  1.7063935815E-05  3.2817929613E-01 -3.2868656974E-01  1.3188102467E-01
H7        6.4786035149E-01  1.6112260901E-05  3.2823058123E-01 -3.2873793412E-01  1.3190660278E-01
H8        6.5728435422E-01  1.4549907912E-05  3.2199983045E-01 -3.2249755234E-01  1.2802448245E-01
H9        6.5364683558E-01  1.6007429962E-05  3.2446587528E-01 -3.2496740898E-01  1.2945444980E-01
H10       6.5365040037E-01  1.8542068590E-05  3.2443813089E-01 -3.2493962171E-01  1.2944643661E-01
O11      -1.2368540459E+00  1.9783355818E-05  7.5553629545E+01 -7.5670414374E+01  2.4870043917E-01
O12      -1.2352015160E+00  6.4989109120E-06  7.5561205580E+01 -7.5678002119E+01  2.4720167791E-01
O13      -1.2288188393E+00 -1.0328738294E-05  7.5542840144E+01 -7.5659608295E+01  2.6686064223E-01
H14       6.5730188870E-01  1.6682293323E-05  3.2196319105E-01 -3.2246085631E-01  1.2801955213E-01
H15       6.4791625390E-01  1.6733589909E-05  3.2817818420E-01 -3.2868545610E-01  1.3188202489E-01
H16       6.4786291984E-01  1.7770215146E-05  3.2822994498E-01 -3.2873729689E-01  1.3190567824E-01
H17       6.5728692136E-01  1.6228460818E-05  3.2199922896E-01 -3.2249694992E-01  1.2802393153E-01
H18       6.5364575103E-01  1.5470202696E-05  3.2446628382E-01 -3.2496781816E-01  1.2945484449E-01
H19       6.5364716215E-01  1.6055551353E-05  3.2443854923E-01 -3.2494004070E-01  1.2944706405E-01
--------------------------------------------------------------------------------------------------
Total     1.9994191528E+00 -6.1552659986E-04  1.8379846145E+03 -1.8408256258E+03
 
Molecular charge q(Mol) from the wfx file:   2.0000000000E+00
Molecular energy E(Mol) from the wfx file:  -1.8408257235E+03
Molecular virial ratio (-V(Mol)/T(Mol)) from the wfx file:   2.0015457210E+00
Full molecular virial ratio ((-V(Mol)+W(Mol))/T(Mol)) from the wfx file:   2.0015461069E+00
Note.  K_Scaled(A) = (1+V(Mol)/T(Mol))*K(A) = (E(Mol)/T(Mol))*K(A)
       Only use K_Scaled(A) data with caution.
 
N_AIMInt(SumA)     =         85.000581
N_Analytic(Mol)    =         85.000000
 
G_AIMInt(SumA)     =       1837.985230
G_Analytic(Mol)    =       1837.984712
 
K_AIMInt(SumA)     =       1837.984615
K_Analytic(Mol)    =       1837.984712
 
L_AIMInt(SumA)     =         -0.000616
L_Analytic(Mol)    =          0.000000
 
VenT_AIMInt(SumA)  =      -5710.441199
VenT_Analytic(Mol) =      -5710.429478
 
Some Information About the Atomic Calculations:
----------------------------------------------
  Time(sec) = "Elapsed User Time", in Seconds, for Atom A by AIMInt and, if used, by TWOe
  NProc = Number of Processors Used for AIMInt Job
  BIM = Basin Integration Method
  OAQ = Angular Quadrature Outside of Beta Sphere
  ORQ = Multiple of Default for Radial Quadrature Outside of Beta Sphere
  IAQ = Multiple of Default for Angular Quadrature Inside of Beta Sphere
  IRQ = Multiple of Default for Radial Quadrature Inside of Beta Sphere
  MIR = Maximum Integration Radius
------------------------------------------------------------------------------------------------------
Atom A     Time(sec)   NProc      BIM              OAQ                 ORQ      IAQ      IRQ      MIR
------------------------------------------------------------------------------------------------------
Co1          1428        8     Proaim(5)    4334      (Very High)      Auto     Auto     Auto    13.00
O2            599        8     Proaim(5)    4334      (Very High)      Auto     Auto     Auto    13.00
O3            856        8     Proaim(5)    4334      (Very High)      Auto     Auto     Auto    13.00
O4           1174        8     Proaim(5)    4334      (Very High)      Auto     Auto     Auto    13.00
H5            196        8     Proaim(5)    2030      (Very High)      Auto     Auto     Auto    13.00
H6            199        8     Proaim(5)    2030      (Very High)      Auto     Auto     Auto    13.00
H7            237        8     Proaim(5)    2030      (Very High)      Auto     Auto     Auto    13.00
H8            273        8     Proaim(5)    2030      (Very High)      Auto     Auto     Auto    13.00
H9            251        8     Proaim(5)    2030      (Very High)      Auto     Auto     Auto    13.00
H10           169        8     Proaim(5)    2030      (Very High)      Auto     Auto     Auto    13.00
O11           689        8     Proaim(5)    4334      (Very High)      Auto     Auto     Auto    13.00
O12           904        8     Proaim(5)    4334      (Very High)      Auto     Auto     Auto    13.00
O13           762        8     Proaim(5)    4334      (Very High)      Auto     Auto     Auto    13.00
H14           276        8     Proaim(5)    2030      (Very High)      Auto     Auto     Auto    13.00
H15           168        8     Proaim(5)    2030      (Very High)      Auto     Auto     Auto    13.00
H16           214        8     Proaim(5)    2030      (Very High)      Auto     Auto     Auto    13.00
H17           207        8     Proaim(5)    2030      (Very High)      Auto     Auto     Auto    13.00
H18           205        8     Proaim(5)    2030      (Very High)      Auto     Auto     Auto    13.00
H19           187        8     Proaim(5)    2030      (Very High)      Auto     Auto     Auto    13.00
------------------------------------------------------------------------------------------------------
Total        8994
Note:  Total wall clock time is less than total of atomic times if more than one atom
       was calculated at a time
Note:  Total time does not include times for diatomic interaction energy calculations (9206 seconds)
 
Electron Density Critical Point Analysis of Molecular Structure:               
---------------------------------------------------------------                
  NACP = Nuclear Attractor Critical Point                                      
  NNACP = Non-Nuclear Attractor Critical Point                                 
  BCP = Bond Critical Point                                                    
  RCP = Ring Critical Point                                                    
  CCP = Cage Critical Point                                                    
  Rho = Electron Density                                                       
  GradRho = Gradient of Electron Density                                       
  HessRho_EigVals = Eigenvalues of the Hessian of Rho, Ascending Order         
  HessRho_EigVecs = Eigenvectors of the Hessian of Rho                         
  DelSqRho = Laplacian of Rho = Trace of Hessian of Rho                        
  Bond Ellipticity = (HessRho_EigVal(1) / HessRho_EigVal(2)) - 1               
  V = Virial Field = Potential Energy Density = Trace of Stress Tensor         
  G = Lagrangian Form of Kinetic Energy Density                                
  K = Hamiltonian Form of Kinetic Energy Density                               
  L = K - G = Lagrangian Density = (-1/4)DelSqRho                              
  Vnuc = Electrostatic Potential from Nuclei                                   
  Ven = Electron-nuclear attractive contribution to Virial Field V             
  Vrep = V - Ven = Repulsive contribution to Virial Field V                    
  DelSqV = Laplacian of V                                                      
  DelSqVen = Laplacian of Ven                                                  
  DelSqVrep = Laplacian of Vrep                                                
  DelSqG = Laplacian of G                                                      
  DelSqK = Laplacian of K                                                      
  Stress_EigVals = Eigenvalues of Stress Tensor, Ascending Order               
  Stress_EigVecs = Eigenvectors of Stress Tensor                               
  -DivStress = Ehrenfest Force Density = Minus Divergence of Stress Tensor     
  ESP = Total Electrostatic Potential                                          
  ESPe = Electrostatic Potential from Electrons                                
  ESPn = Electrostatic Potential from Nuclei                                   
  BP = Bond Path                                                               
  BPL = Bond Path Length                                                       
  GBL = Geometric Bond Length                                                  
  GBL_I = Distance Between Nuclear Attractors                                  
  GBL_II = Distance Between Nuclei                                             
  GBL_III = Sum of Distances Between BCP and Nuclear Attractors                
  GBL_IV = Sum of Distances Between BCP and Nuclei                             

CP# 1      Coords = -4.54005410174239E-08  1.24839449776439E-07 -2.51828546755904E-07
           Type = (3,-3) NACP Co1
           Rho =  1.3038423545E+04     Rho at Nucleus =  1.3038423545E+04
           GradRho = -1.5345712846E-15  4.7572766920E-15 -1.3662844727E-14
           HessRho_EigVals = -7.0926988640E+08 -7.0926988344E+08 -7.0926982227E+08
           HessRho_EigVec1 = -1.1836878232E-01  1.4566740247E-03  9.9296863469E-01
           HessRho_EigVec2 =  9.9284473428E-01  1.6038393889E-02  1.1833048438E-01
           HessRho_EigVec3 = -1.5753253139E-02  9.9987031560E-01 -3.3446962899E-03
           DelSqRho = -2.1278095921E+09
           Bond Ellipticity = NA
           V = -5.3239177824E+08
           G =  2.1969010638E+05
           K =  5.3217208813E+08
           L =  5.3195239803E+08
           Vnuc =  2.7000000143E+09
           Ven = -3.5203743758E+13
           Vrep =  3.5203211366E+13
           DelSqV =  1.0509579048E+15
           DelSqVen =  1.0561123071E+30
           DelSqVrep = -1.0561123071E+30
           DelSqG =  2.8980644485E+13
           DelSqK = -1.0799385493E+15
           Stress_EigVals = -1.7746393214E+08 -1.7746392475E+08 -1.7746392136E+08
           Stress_EigVec1 = -1.5370630956E-02  9.9987852697E-01  2.5836043996E-03
           Stress_EigVec2 =  3.1229119680E-02 -2.1025826717E-03  9.9951004058E-01
           Stress_EigVec3 =  9.9939405931E-01  1.5443783661E-02 -3.1193008162E-02
           -DivStress = -2.6535423979E-01  1.5229291174E+00  1.0354341484E+00
           ESP =  -1.2175641476E+02     ESP at Nucleus =  -1.2175641476E+02
           ESPe = -1.3608352334E+02     ESPe at Nucleus = -1.3608352334E+02
           ESPn =  1.4327108581E+01     ESPn at Nucleus =  1.4327108581E+01

CP# 2      Coords =  3.99872742426467E+00  5.93422407660411E-02 -4.04145456720229E-02
           Type = (3,-3) NACP O2
           Rho =  2.9547299023E+02     Rho at Nucleus =  2.9547296910E+02
           GradRho =  1.2987400044E-10 -4.0772593635E-13 -1.7663925878E-12
           HessRho_EigVals = -8.2186123070E+05 -8.2184830667E+05 -8.2182498095E+05
           HessRho_EigVec1 = -1.5124971084E-02  9.9974553792E-01 -1.6736028499E-02
           HessRho_EigVec2 =  9.9978307112E-01  1.4881596213E-02 -1.4572192539E-02
           HessRho_EigVec3 =  1.4319425650E-02  1.6952801962E-02  9.9975374796E-01
           DelSqRho = -2.4655345183E+06
           Bond Ellipticity = NA
           V = -6.1652320276E+05
           G =  6.9786590985E+01
           K =  6.1645341617E+05
           L =  6.1638362958E+05
           Vnuc =  1.1156292670E+06
           Ven = -3.2963831552E+08
           Vrep =  3.2902179232E+08
           DelSqV =  3.9214384021E+10
           DelSqVen =  2.7506224701E+12
           DelSqVrep = -2.7114080861E+12
           DelSqG =  1.7148322278E+09
           DelSqK = -4.0929216249E+10
           Stress_EigVals = -2.0551238395E+05 -2.0550669690E+05 -2.0550412191E+05
           Stress_EigVec1 =  1.4521806458E-02  1.6940034742E-02  9.9975104519E-01
           Stress_EigVec2 =  9.9978085742E-01  1.4831699261E-02 -1.4773551559E-02
           Stress_EigVec3 = -1.5078271315E-02  9.9974649583E-01 -1.6720939393E-02
           -DivStress = -9.1518834483E+04 -1.3637369172E+03  1.7349718121E+03
           ESP =  -2.2014802761E+01     ESP at Nucleus =  -2.2014802944E+01
           ESPe = -3.7982337456E+01     ESPe at Nucleus = -3.7982354159E+01
           ESPn =  1.5967534696E+01     ESPn at Nucleus =  1.5967551215E+01

CP# 3      Coords =  5.85699250712677E-02 -3.90483165663636E+00  5.14242682787095E-02
           Type = (3,-3) NACP O3
           Rho =  2.9547375498E+02     Rho at Nucleus =  2.9547373451E+02
           GradRho =  2.6190438707E-12  1.6569140504E-10  2.8438536248E-12
           HessRho_EigVals = -8.2186427725E+05 -8.2185137128E+05 -8.2182922156E+05
           HessRho_EigVec1 =  1.1921536446E-02  1.4770457781E-02  9.9981983904E-01
           HessRho_EigVec2 = -1.6317323678E-02  9.9976062821E-01 -1.4575020431E-02
           HessRho_EigVec3 =  9.9979579011E-01  1.6140627296E-02 -1.2159697107E-02
           DelSqRho = -2.4655448701E+06
           Bond Ellipticity = NA
           V = -6.1652577120E+05
           G =  6.9776840062E+01
           K =  6.1645599436E+05
           L =  6.1638621752E+05
           Vnuc =  1.1333192868E+06
           Ven = -3.3486610526E+08
           Vrep =  3.3424957949E+08
           DelSqV =  3.9214552183E+10
           DelSqVen =  2.7942495570E+12
           DelSqVrep = -2.7550350048E+12
           DelSqG =  1.7148420913E+09
           DelSqK = -4.0929394274E+10
           Stress_EigVals = -2.0551303886E+05 -2.0550765671E+05 -2.0550507563E+05
           Stress_EigVec1 =  9.9979531745E-01  1.6178618004E-02 -1.2148067053E-02
           Stress_EigVec2 = -1.6354546026E-02  9.9976074722E-01 -1.4525052439E-02
           Stress_EigVec3 =  1.1910165319E-02  1.4720755536E-02  9.9982070759E-01
           -DivStress = -1.5467394732E+03  9.0094173610E+04 -1.3009410558E+03
           ESP =  -2.2006338303E+01     ESP at Nucleus =  -2.2006338481E+01
           ESPe = -3.8200525790E+01     ESPe at Nucleus = -3.8200542832E+01
           ESPn =  1.6194187487E+01     ESPn at Nucleus =  1.6194204351E+01

CP# 4      Coords = -4.15957332472651E-02 -4.90588122306626E-02 -4.04800987357295E+00
           Type = (3,-3) NACP O4
           Rho =  2.9549879844E+02     Rho at Nucleus =  2.9549877559E+02
           GradRho =  1.4265255643E-12  2.0732859873E-12  2.9838131965E-10
           HessRho_EigVals = -8.2193402825E+05 -8.2192065373E+05 -8.2189811247E+05
           HessRho_EigVec1 =  9.9981404419E-01  1.5935363000E-02 -1.0860075492E-02
           HessRho_EigVec2 =  1.0560569541E-02  1.8760336209E-02  9.9976823522E-01
           HessRho_EigVec3 = -1.6135408412E-02  9.9969701109E-01 -1.8588561106E-02
           DelSqRho = -2.4657527945E+06
           Bond Ellipticity = NA
           V = -6.1657758391E+05
           G =  6.9692646257E+01
           K =  6.1650789126E+05
           L =  6.1643819861E+05
           Vnuc =  1.0727233874E+06
           Ven = -3.1698847204E+08
           Vrep =  3.1637189446E+08
           DelSqV =  3.9217832022E+10
           DelSqVen =  2.6450706985E+12
           DelSqVrep = -2.6058528665E+12
           DelSqG =  1.7149856464E+09
           DelSqK = -4.0932817668E+10
           Stress_EigVals = -2.0553043636E+05 -2.0552490095E+05 -2.0552224659E+05
           Stress_EigVec1 = -1.6121907012E-02  9.9969247946E-01 -1.8842256385E-02
           Stress_EigVec2 =  1.0570748869E-02  1.9014064915E-02  9.9976333430E-01
           Stress_EigVec3 =  9.9981415442E-01  1.5918914749E-02 -1.0874041133E-02
           -DivStress =  9.8152074688E+02  2.2673917283E+03  9.5182531583E+04
           ESP =  -2.2023167260E+01     ESP at Nucleus =  -2.2023167458E+01
           ESPe = -3.7876602466E+01     ESPe at Nucleus = -3.7876619524E+01
           ESPn =  1.5853435206E+01     ESPn at Nucleus =  1.5853452066E+01

CP# 5      Coords =  9.28568653340837E-02 -4.92244785432600E+00  1.49877312778017E+00
           Type = (3,-3) NACP H5
           Rho =  4.0431121013E-01     Rho at Nucleus =  3.9454469676E-01
           GradRho =  3.2363434849E-17  2.7625471355E-15  7.2316284905E-16
           HessRho_EigVals = -7.9586021919E+00 -7.9351058822E+00 -6.1919666539E+00
           HessRho_EigVec1 = -6.5026087188E-03  8.2462698743E-01  5.6563950330E-01
           HessRho_EigVec2 =  9.9979286449E-01  1.6270645180E-02 -1.2226782749E-02
           HessRho_EigVec3 =  1.9285854682E-02 -5.6544283329E-01  8.2456197954E-01
           DelSqRho = -2.2085674728E+01
           Bond Ellipticity = NA
           V = -5.5805037519E+00
           G =  2.9542534931E-02
           K =  5.5509612169E+00
           L =  5.5214186820E+00
           Vnuc =  3.6161124785E+01
           Ven = -1.4620348122E+01
           Vrep =  9.0398443697E+00
           DelSqV =  1.3389457146E+03
           DelSqVen =  7.9864283981E+02
           DelSqVrep =  5.4030287482E+02
           DelSqG =  1.0284378335E+02
           DelSqK = -1.4417894980E+03
           Stress_EigVals = -2.0146508282E+00 -2.0092446895E+00 -1.5566082342E+00
           Stress_EigVec1 =  9.9979340114E-01  1.6208319347E-02 -1.2265619317E-02
           Stress_EigVec2 = -6.5041451006E-03  8.2681938071E-01  5.6242991367E-01
           Stress_EigVec3 =  1.9257495419E-02 -5.6223393892E-01  8.2675398203E-01
           -DivStress =  4.7036929599E-01 -1.3733905345E+01  2.0194115524E+01
           ESP =  -6.5036518869E-01     ESP at Nucleus =  -6.5403965776E-01
           ESPe = -1.7933939729E+01     ESPe at Nucleus = -1.7729690972E+01
           ESPn =  1.7283574540E+01     ESPn at Nucleus =  1.7075651315E+01

CP# 6      Coords = -1.47573686685197E+00 -9.33091224654982E-02 -5.08207795870052E+00
           Type = (3,-3) NACP H6
           Rho =  4.0699369244E-01     Rho at Nucleus =  3.9732557788E-01
           GradRho = -6.4098032437E-16 -9.7578195524E-19  6.8348104953E-16
           HessRho_EigVals = -8.0128879857E+00 -7.9890889098E+00 -6.2587528458E+00
           HessRho_EigVec1 = -5.7546090549E-01  6.1214568699E-03  8.1780637930E-01
           HessRho_EigVec2 = -1.6790101208E-02  9.9967279875E-01 -1.9297355909E-02
           HessRho_EigVec3 =  8.1765691996E-01  2.4835925781E-02  5.7516983408E-01
           DelSqRho = -2.2260729741E+01
           Bond Ellipticity = NA
           V = -5.6256225744E+00
           G =  3.0220069523E-02
           K =  5.5954025049E+00
           L =  5.5651824353E+00
           Vnuc =  3.6092225359E+01
           Ven = -1.4689308067E+01
           Vrep =  9.0636854927E+00
           DelSqV =  1.3520542980E+03
           DelSqVen =  8.0343927448E+02
           DelSqVrep =  5.4861502349E+02
           DelSqG =  1.0376798904E+02
           DelSqK = -1.4558222870E+03
           Stress_EigVals = -2.0287912519E+00 -2.0232801149E+00 -1.5735512076E+00
           Stress_EigVec1 = -1.6674618300E-02  9.9967253232E-01 -1.9410956661E-02
           Stress_EigVec2 = -5.7203367930E-01  6.3846167016E-03  8.2020528309E-01
           Stress_EigVec3 =  8.2006062389E-01  2.4780330981E-02  5.7173989571E-01
           -DivStress = -1.9999406520E+01 -6.0448044135E-01 -1.3957330866E+01
           ESP =  -6.6575166649E-01     ESP at Nucleus =  -6.6939331422E-01
           ESPe = -1.7705159556E+01     ESPe at Nucleus = -1.7504856058E+01
           ESPn =  1.7039407890E+01     ESPn at Nucleus =  1.6835462744E+01

CP# 7      Coords =  1.37056141433134E+00 -4.80064708063229E-02 -5.11268480423374E+00
           Type = (3,-3) NACP H7
           Rho =  4.0704733313E-01     Rho at Nucleus =  3.9737830492E-01
           GradRho =  1.8388068845E-16 -1.9190378453E-17 -1.4953316363E-15
           HessRho_EigVals = -8.0138954367E+00 -7.9900942726E+00 -6.2595572437E+00
           HessRho_EigVec1 =  5.9247549030E-01  2.4665144547E-02  8.0521079478E-01
           HessRho_EigVec2 = -1.5417599995E-02  9.9969527636E-01 -1.9278279028E-02
           HessRho_EigVec3 =  8.0544092956E-01  9.9251012677E-04 -5.9267522634E-01
           DelSqRho = -2.2263546953E+01
           Bond Ellipticity = NA
           V = -5.6263479602E+00
           G =  3.0230610955E-02
           K =  5.5961173492E+00
           L =  5.5658867383E+00
           Vnuc =  3.6091399394E+01
           Ven = -1.4690907872E+01
           Vrep =  9.0645599122E+00
           DelSqV =  1.3522286196E+03
           DelSqVen =  8.0352256501E+02
           DelSqVrep =  5.4870605455E+02
           DelSqG =  1.0378074546E+02
           DelSqK = -1.4560093650E+03
           Stress_EigVals = -2.0290522374E+00 -2.0235400266E+00 -1.5737556961E+00
           Stress_EigVec1 = -1.5544986990E-02  9.9969101124E-01 -1.9396789046E-02
           Stress_EigVec2 =  5.8909509895E-01  2.4831587424E-02  8.0768208886E-01
           Stress_EigVec3 =  8.0791417723E-01  1.1288542013E-03 -5.8929908189E-01
           -DivStress =  1.9704885413E+01  2.7248079182E-02 -1.4387381228E+01
           ESP =  -6.6574349456E-01     ESP at Nucleus =  -6.6938767922E-01
           ESPe = -1.7704032437E+01     ESPe at Nucleus = -1.7503700525E+01
           ESPn =  1.7038288942E+01     ESPn at Nucleus =  1.6834312846E+01

CP# 8      Coords =  5.87943511875431E-02 -4.96449427749569E+00 -1.36570056189990E+00
           Type = (3,-3) NACP H8
           Rho =  4.0437168832E-01     Rho at Nucleus =  3.9460331517E-01
           GradRho = -6.8033686323E-18  2.9507646326E-15 -6.7003694260E-16
           HessRho_EigVals = -7.9598162872E+00 -7.9363242558E+00 -6.1928235287E+00
           HessRho_EigVec1 = -2.0172105607E-02  8.0761852529E-01 -5.8936016473E-01
           HessRho_EigVec2 =  9.9979651493E-01  1.6222747723E-02 -1.1989628271E-02
           HessRho_EigVec3 =  1.2200463273E-04  5.8948209478E-01  8.0778143396E-01
           DelSqRho = -2.2088964072E+01
           Bond Ellipticity = NA
           V = -5.5813492013E+00
           G =  2.9554091694E-02
           K =  5.5517951096E+00
           L =  5.5222410179E+00
           Vnuc =  3.6154037518E+01
           Ven = -1.4619669191E+01
           Vrep =  9.0383199894E+00
           DelSqV =  1.3391400784E+03
           DelSqVen =  7.9860523578E+02
           DelSqVrep =  5.4053484260E+02
           DelSqG =  1.0285925143E+02
           DelSqK = -1.4419993298E+03
           Stress_EigVals = -2.0149652928E+00 -2.0095583722E+00 -1.5568255364E+00
           Stress_EigVec1 =  9.9979665640E-01  1.6213609523E-02 -1.1990192827E-02
           Stress_EigVec2 = -2.0164408478E-02  8.0990096520E-01 -5.8621994439E-01
           Stress_EigVec3 =  2.0612747070E-04  5.8634251546E-01  8.1006321487E-01
           -DivStress = -4.9197032708E-03 -1.4325537750E+01 -1.9789531883E+01
           ESP =  -6.5035214985E-01     ESP at Nucleus =  -6.5403022629E-01
           ESPe = -1.7927265196E+01     ESPe at Nucleus = -1.7722895253E+01
           ESPn =  1.7276913046E+01     ESPn at Nucleus =  1.7068865027E+01

CP# 9      Coords =  5.06566259544734E+00 -1.35132717457511E+00 -3.34666274631029E-02
           Type = (3,-3) NACP H9
           Rho =  4.0528653108E-01     Rho at Nucleus =  3.9556370989E-01
           GradRho =  7.9016654331E-16 -8.8958788252E-17  1.8648277367E-17
           HessRho_EigVals = -7.9793148689E+00 -7.9553460767E+00 -6.2188778988E+00
           HessRho_EigVec1 =  8.0394434848E-01  5.9431027414E-01 -2.1651388029E-02
           HessRho_EigVec2 =  1.4874784884E-02  1.6300603894E-02  9.9975648589E-01
           HessRho_EigVec3 = -5.9451848190E-01  8.0407063643E-01 -4.2645408955E-03
           DelSqRho = -2.2153538844E+01
           Bond Ellipticity = NA
           V = -5.5983581911E+00
           G =  2.9986740001E-02
           K =  5.5683714511E+00
           L =  5.5383847111E+00
           Vnuc =  3.6071836126E+01
           Ven = -1.4619429333E+01
           Vrep =  9.0210711420E+00
           DelSqV =  1.3441893909E+03
           DelSqVen =  7.9911882279E+02
           DelSqVrep =  5.4507056813E+02
           DelSqG =  1.0322192814E+02
           DelSqK = -1.4474113191E+03
           Stress_EigVals = -2.0202912569E+00 -2.0146401112E+00 -1.5634268229E+00
           Stress_EigVec1 =  1.4947055687E-02  1.6389937591E-02  9.9975394747E-01
           Stress_EigVec2 =  8.0628873001E-01  5.9112233861E-01 -2.1745451309E-02
           Stress_EigVec3 = -5.9133329805E-01  8.0641537110E-01 -4.3794834524E-03
           -DivStress =  1.4441089271E+01 -1.9676489985E+01  1.0658382791E-01
           ESP =  -6.5660300461E-01     ESP at Nucleus =  -6.6026955402E-01
           ESPe = -1.7777029223E+01     ESPe at Nucleus = -1.7574807522E+01
           ESPn =  1.7120426219E+01     ESPn at Nucleus =  1.6914537968E+01

CP# 10     Coords =  5.02234138985236E+00  1.50136885929960E+00 -8.09927658350470E-02
           Type = (3,-3) NACP H10
           Rho =  4.0521667790E-01     Rho at Nucleus =  3.9549664216E-01
           GradRho =  5.4730525667E-16 -4.2142938445E-16 -4.7596475372E-17
           HessRho_EigVals = -7.9780235602E+00 -7.9540642263E+00 -6.2180921541E+00
           HessRho_EigVec1 =  8.2165752988E-01 -5.6997645717E-01 -2.3962167155E-03
           HessRho_EigVec2 =  1.4975579987E-02  1.7385300967E-02  9.9973670700E-01
           HessRho_EigVec3 =  5.6978472741E-01  8.2147707794E-01 -2.2820491474E-02
           DelSqRho = -2.2150179941E+01
           Bond Ellipticity = NA
           V = -5.5974921079E+00
           G =  2.9973561386E-02
           K =  5.5675185465E+00
           L =  5.5375449851E+00
           Vnuc =  3.6073428858E+01
           Ven = -1.4617555003E+01
           Vrep =  9.0200628946E+00
           DelSqV =  1.3440058443E+03
           DelSqVen =  7.9903294029E+02
           DelSqVrep =  5.4497290401E+02
           DelSqG =  1.0320781857E+02
           DelSqK = -1.4472136629E+03
           Stress_EigVals = -2.0199577095E+00 -2.0143080990E+00 -1.5632262993E+00
           Stress_EigVec1 =  1.4929779215E-02  1.7388334288E-02  9.9973733927E-01
           Stress_EigVec2 =  8.2390676530E-01 -5.6672008429E-01 -2.4470705759E-03
           Stress_EigVec3 =  5.6652867870E-01  8.2372689157E-01 -2.2787371993E-02
           -DivStress =  1.3832830211E+01  2.0094855022E+01 -5.5588921820E-01
           ESP =  -6.5658438131E-01     ESP at Nucleus =  -6.6024562293E-01
           ESPe = -1.7777266494E+01     ESPe at Nucleus = -1.7575085096E+01
           ESPn =  1.7120682112E+01     ESPn at Nucleus =  1.6914839473E+01

CP# 11     Coords = -3.99872748203088E+00 -5.93421062973384E-02  4.04152953124657E-02
           Type = (3,-3) NACP O11
           Rho =  2.9547299022E+02     Rho at Nucleus =  2.9547296909E+02
           GradRho = -1.1396372734E-10  1.5690435062E-12 -4.9822646009E-13
           HessRho_EigVals = -8.2186123068E+05 -8.2184830665E+05 -8.2182498092E+05
           HessRho_EigVec1 = -1.5124707553E-02  9.9974553817E-01 -1.6736251816E-02
           HessRho_EigVec2 =  9.9978308819E-01  1.4881344982E-02 -1.4571277964E-02
           HessRho_EigVec3 =  1.4318512193E-02  1.6953007843E-02  9.9975375755E-01
           DelSqRho = -2.4655345182E+06
           Bond Ellipticity = NA
           V = -6.1652320274E+05
           G =  6.9786591015E+01
           K =  6.1645341615E+05
           L =  6.1638362956E+05
           Vnuc =  1.1156292845E+06
           Ven = -3.2963832068E+08
           Vrep =  3.2902179748E+08
           DelSqV =  3.9214384020E+10
           DelSqVen =  2.7506225039E+12
           DelSqVrep = -2.7114081199E+12
           DelSqG =  1.7148322278E+09
           DelSqK = -4.0929216248E+10
           Stress_EigVals = -2.0551238395E+05 -2.0550669690E+05 -2.0550412190E+05
           Stress_EigVec1 =  1.4520831845E-02  1.6940239390E-02  9.9975105588E-01
           Stress_EigVec2 =  9.9978087535E-01  1.4831462805E-02 -1.4772576049E-02
           Stress_EigVec3 = -1.5078021574E-02  9.9974649587E-01 -1.6721162189E-02
           -DivStress =  9.1518837241E+04  1.3637154356E+03 -1.7347673536E+03
           ESP =  -2.2014802765E+01     ESP at Nucleus =  -2.2014802949E+01
           ESPe = -3.7982337425E+01     ESPe at Nucleus = -3.7982354128E+01
           ESPn =  1.5967534659E+01     ESPn at Nucleus =  1.5967551179E+01

CP# 12     Coords = -5.85700221481632E-02  3.90483179326307E+00 -5.14243941512885E-02
           Type = (3,-3) NACP O12
           Rho =  2.9547375497E+02     Rho at Nucleus =  2.9547373450E+02
           GradRho = -1.5983325774E-12  3.8046732431E-11 -5.7148556720E-13
           HessRho_EigVals = -8.2186427722E+05 -8.2185137126E+05 -8.2182922153E+05
           HessRho_EigVec1 =  1.1921565409E-02  1.4769891824E-02  9.9981984706E-01
           HessRho_EigVec2 = -1.6317345700E-02  9.9976063612E-01 -1.4574453772E-02
           HessRho_EigVec3 =  9.9979578940E-01  1.6140655779E-02 -1.2159717248E-02
           DelSqRho = -2.4655448700E+06
           Bond Ellipticity = NA
           V = -6.1652577118E+05
           G =  6.9776840113E+01
           K =  6.1645599434E+05
           L =  6.1638621750E+05
           Vnuc =  1.1333193417E+06
           Ven = -3.3486612147E+08
           Vrep =  3.3424959570E+08
           DelSqV =  3.9214552182E+10
           DelSqVen =  2.7942496860E+12
           DelSqVrep = -2.7550351338E+12
           DelSqG =  1.7148420912E+09
           DelSqK = -4.0929394273E+10
           Stress_EigVals = -2.0551303886E+05 -2.0550765670E+05 -2.0550507563E+05
           Stress_EigVec1 =  9.9979531673E-01  1.6178647198E-02 -1.2148087161E-02
           Stress_EigVec2 = -1.6354569041E-02  9.9976075474E-01 -1.4524508929E-02
           Stress_EigVec3 =  1.1910193883E-02  1.4720212736E-02  9.9982071524E-01
           -DivStress =  1.5467424796E+03 -9.0094169944E+04  1.3008888286E+03
           ESP =  -2.2006338313E+01     ESP at Nucleus =  -2.2006338491E+01
           ESPe = -3.8200526391E+01     ESPe at Nucleus = -3.8200543433E+01
           ESPn =  1.6194188078E+01     ESPn at Nucleus =  1.6194204942E+01

CP# 13     Coords =  4.15958030275472E-02  4.90600717778009E-02  4.04800930708226E+00
           Type = (3,-3) NACP O13
           Rho =  2.9549879845E+02     Rho at Nucleus =  2.9549877560E+02
           GradRho =  2.2601417266E-12 -1.1895484597E-12  9.9450225832E-11
           HessRho_EigVals = -8.2193402828E+05 -8.2192065376E+05 -8.2189811250E+05
           HessRho_EigVec1 =  9.9981404440E-01  1.5935219121E-02 -1.0860267945E-02
           HessRho_EigVec2 =  1.0560782646E-02  1.8759221882E-02  9.9976825388E-01
           HessRho_EigVec3 = -1.6135256372E-02  9.9969703430E-01 -1.8587445114E-02
           DelSqRho = -2.4657527945E+06
           Bond Ellipticity = NA
           V = -6.1657758393E+05
           G =  6.9692646309E+01
           K =  6.1650789128E+05
           L =  6.1643819863E+05
           Vnuc =  1.0727233990E+06
           Ven = -3.1698847546E+08
           Vrep =  3.1637189788E+08
           DelSqV =  3.9217832023E+10
           DelSqVen =  2.6450707190E+12
           DelSqVrep = -2.6058528870E+12
           DelSqG =  1.7149856465E+09
           DelSqK = -4.0932817670E+10
           Stress_EigVals = -2.0553043637E+05 -2.0552490096E+05 -2.0552224660E+05
           Stress_EigVec1 = -1.6121754538E-02  9.9969250408E-01 -1.8841080531E-02
           Stress_EigVec2 =  1.0570955430E-02  1.9012890608E-02  9.9976335445E-01
           Stress_EigVec3 =  9.9981415470E-01  1.5918771174E-02 -1.0874226060E-02
           -DivStress = -9.8154388343E+02 -2.2671749394E+03 -9.5182535485E+04
           ESP =  -2.2023167268E+01     ESP at Nucleus =  -2.2023167467E+01
           ESPe = -3.7876603237E+01     ESPe at Nucleus = -3.7876620296E+01
           ESPn =  1.5853435969E+01     ESPn at Nucleus =  1.5853452829E+01

CP# 14     Coords = -9.28570285228879E-02  4.92244873249687E+00 -1.49877272847658E+00
           Type = (3,-3) NACP H14
           Rho =  4.0431120495E-01     Rho at Nucleus =  3.9454469133E-01
           GradRho =  3.4071053270E-17  2.6038199374E-15  7.4159428598E-17
           HessRho_EigVals = -7.9586021000E+00 -7.9351057903E+00 -6.1919665282E+00
           HessRho_EigVec1 = -6.5026128929E-03  8.2462669662E-01  5.6563992720E-01
           HessRho_EigVec2 =  9.9979286375E-01  1.6270675995E-02 -1.2226802775E-02
           HessRho_EigVec3 =  1.9285891968E-02 -5.6544325650E-01  8.2456168845E-01
           DelSqRho = -2.2085674419E+01
           Bond Ellipticity = NA
           V = -5.5805036730E+00
           G =  2.9542534194E-02
           K =  5.5509611388E+00
           L =  5.5214186046E+00
           Vnuc =  3.6161123774E+01
           Ven = -1.4620347525E+01
           Vrep =  9.0398438522E+00
           DelSqV =  1.3389456909E+03
           DelSqVen =  7.9864280628E+02
           DelSqVrep =  5.4030288464E+02
           DelSqG =  1.0284378185E+02
           DelSqK = -1.4417894728E+03
           Stress_EigVals = -2.0146508046E+00 -2.0092446661E+00 -1.5566082023E+00
           Stress_EigVec1 =  9.9979340039E-01  1.6208350665E-02 -1.2265638952E-02
           Stress_EigVec2 = -6.5041500508E-03  8.2681909135E-01  5.6243033899E-01
           Stress_EigVec3 =  1.9257532612E-02 -5.6223436355E-01  8.2675369239E-01
           -DivStress = -4.7037020716E-01  1.3733915781E+01 -2.0194108587E+01
           ESP =  -6.5036519684E-01     ESP at Nucleus =  -6.5403966601E-01
           ESPe = -1.7933939108E+01     ESPe at Nucleus = -1.7729690329E+01
           ESPn =  1.7283573911E+01     ESPn at Nucleus =  1.7075650663E+01

CP# 15     Coords =  1.47573719038733E+00  9.33085825203556E-02  5.08207711968171E+00
           Type = (3,-3) NACP H15
           Rho =  4.0699369112E-01     Rho at Nucleus =  3.9732557656E-01
           GradRho = -5.0306980803E-16 -2.0274580625E-17 -1.4467593790E-15
           HessRho_EigVals = -8.0128879471E+00 -7.9890888706E+00 -6.2587528057E+00
           HessRho_EigVec1 = -5.7546070913E-01  6.1205879282E-03  8.1780652397E-01
           HessRho_EigVec2 = -1.6789803254E-02  9.9967282844E-01 -1.9296076847E-02
           HessRho_EigVec3 =  8.1765706427E-01  2.4834944703E-02  5.7516967128E-01
           DelSqRho = -2.2260729623E+01
           Bond Ellipticity = NA
           V = -5.6256225442E+00
           G =  3.0220069180E-02
           K =  5.5954024750E+00
           L =  5.5651824059E+00
           Vnuc =  3.6092226297E+01
           Ven = -1.4689308401E+01
           Vrep =  9.0636858573E+00
           DelSqV =  1.3520542898E+03
           DelSqVen =  8.0343929111E+02
           DelSqVrep =  5.4861499867E+02
           DelSqG =  1.0376798830E+02
           DelSqK = -1.4558222781E+03
           Stress_EigVals = -2.0287912418E+00 -2.0232801050E+00 -1.5735511974E+00
           Stress_EigVec1 = -1.6674343177E-02  9.9967256212E-01 -1.9409657823E-02
           Stress_EigVec2 = -5.7203348123E-01  6.3837144019E-03  8.2020542826E-01
           Stress_EigVec3 =  8.2006076764E-01  2.4779360921E-02  5.7173973156E-01
           -DivStress =  1.9999410011E+01  6.0445680463E-01  1.3957326799E+01
           ESP =  -6.6575167611E-01     ESP at Nucleus =  -6.6939332380E-01
           ESPe = -1.7705160564E+01     ESPe at Nucleus = -1.7504857067E+01
           ESPn =  1.7039408887E+01     ESPn at Nucleus =  1.6835463744E+01

CP# 16     Coords = -1.37056114715130E+00  4.80063354223099E-02  5.11268450043378E+00
           Type = (3,-3) NACP H16
           Rho =  4.0704732916E-01     Rho at Nucleus =  3.9737830085E-01
           GradRho =  3.7209818560E-16 -2.6129272357E-17  2.3887142264E-15
           HessRho_EigVals = -8.0138953594E+00 -7.9900941949E+00 -6.2595571536E+00
           HessRho_EigVec1 =  5.9247563598E-01  2.4664108629E-02  8.0521071932E-01
           HessRho_EigVec2 = -1.5417593910E-02  9.9969530117E-01 -1.9276997157E-02
           HessRho_EigVec3 =  8.0544082251E-01  9.9326073250E-04 -5.9267537056E-01
           DelSqRho = -2.2263546708E+01
           Bond Ellipticity = NA
           V = -5.6263478975E+00
           G =  3.0230610269E-02
           K =  5.5961172873E+00
           L =  5.5658866770E+00
           Vnuc =  3.6091399509E+01
           Ven = -1.4690907776E+01
