AIMSum (Version 16.05.18, Professional)
Copyright (c) 1997-2016 by Todd A. Keith
AIMSum is a component of the AIMAll package ( http://aim.tkgristmill.com )

TP:  64-bit Linux

Licensed To:  Research Group of Fernando Cortes Guzman, UNAM, fercor@unam.mx

Much of the Quantum Theory of Atoms in Molecules (QTAIM) is described in the book:
  "Atoms in Molecules - A Quantum Theory"
  R.F.W. Bader, Oxford University Press, Oxford, 1990

For additional references see:  http://aim.tkgristmill.com/references.html

Wfx File:  /home/lillian/David/max_int/Co24_beta.wfx
Sum File:  /home/lillian/David/max_int/Co24_beta.sum

SumViz File:  /home/lillian/David/max_int/Co24_beta.sumviz

Wfx Title:   Co[H2O]6 (2+)                                                                 
 
Total memory allocated for AIMSum =        1.397 Megabytes

Atomic units (a.u.) used throughout, except where stated otherwise

Model:  Unknown
 
Unrestricted, natural orbital wavefunction.
  Number of electrons (from MO Occs)                   =          41.0000000000
  Number of Alpha electrons (from MO Occs)             =           0.0000000000
  Number of Beta electrons (from MO Occs)              =          41.0000000000
  Number of electron pairs (N*(N-1)/2)                 =         820.0000000000
  Number of electron pairs (from Muller 2EDM)          =         820.0000000000
  Number of electron pairs (from Muller 2EDM, no SOSI) =         820.0000000000
 
Nuclear Charges and Cartesian Coordinates:
-------------------------------------------------------------------------------
Atom      Charge                X                  Y                  Z
-------------------------------------------------------------------------------
Co1       27.0          -4.5400541784E-08   1.2483945418E-07  -2.5182854376E-07
O2         8.0           3.9987202554E+00   5.9342133943E-02  -4.0414409763E-02
O3         8.0           5.8569803912E-02  -3.9048245994E+00   5.1424166375E-02
O4         8.0          -4.1595656370E-02  -4.9058634629E-02  -4.0480024183E+00
H5         1.0           9.3877076926E-02  -4.9522402612E+00   1.5425624844E+00
H6         1.0          -1.5187569815E+00  -9.4610135793E-02  -5.1121166547E+00
H7         1.0           1.4129423384E+00  -4.7948658678E-02  -5.1436447036E+00
H8         1.0           5.8783994854E-02  -4.9955650881E+00  -1.4086058915E+00
H9         1.0           5.0968910461E+00  -1.3938599501E+00  -3.3236877169E-02
H10        1.0           5.0522594425E+00   1.5448128196E+00  -8.2195088846E-02
O11        8.0          -3.9987203132E+00  -5.9341999476E-02   4.0415159419E-02
O12        8.0          -5.8569900989E-02   3.9048247360E+00  -5.1424292252E-02
O13        8.0           4.1595726148E-02   4.9059894193E-02   4.0480018518E+00
H14        1.0          -9.3877242106E-02   4.9522411624E+00  -1.5425620707E+00
H15        1.0           1.5187573128E+00   9.4609544884E-02   5.1121158071E+00
H16        1.0          -1.4129420662E+00   4.7948484438E-02   5.1436444076E+00
H17        1.0          -5.8784080173E-02   4.9955644019E+00   1.4086063948E+00
H18        1.0          -5.0968907833E+00   1.3938603247E+00   3.3235817613E-02
H19        1.0          -5.0522598712E+00  -1.5448124477E+00   8.2194679750E-02
 
Some Atomic Properties:
----------------------
  q(A) = Net Charge of Atom A
  L(A) = Lagrangian of Atom A = -(1/4) Times Atomic Integral of the Laplacian of the Electron Density
  K(A) = Electronic Kinetic Energy of Atom A (Hamiltonian Form)
  K_Scaled(A) = K(A) * E(Mol)/K(Mol) = Approximation to Virial-Based Total Energy of Atom A.
  |Mu_Intra(A)| = Magnitude of Intraatomic Dipole Moment of Atom A
--------------------------------------------------------------------------------------------------
Atom A          q(A)              L(A)              K(A)          K_Scaled(A)      |Mu_Intra(A)|
--------------------------------------------------------------------------------------------------
Co1       1.5754783180E+01 -5.3714806071E-04  6.7744054698E+02 -6.7848768103E+02  1.9149292666E-08
O2        3.3817341975E+00  3.3298514980E-05  3.7723541479E+01 -3.7781851548E+01  1.0416114933E-01
O3        3.3873811990E+00  1.9356049887E-05  3.7703417012E+01 -3.7761695974E+01  9.6015331736E-02
O4        3.3873411885E+00  1.8106360499E-04  3.7722418978E+01 -3.7780727312E+01  1.1910850465E-01
H5        8.2927162710E-01  1.1262153590E-05  1.6053439545E-01 -1.6078253683E-01  6.3668799052E-02
H6        8.2502496296E-01  1.1861562338E-05  1.6334934465E-01 -1.6360183716E-01  6.5510028507E-02
H7        8.2500722111E-01  1.0843567524E-05  1.6336727273E-01 -1.6361979295E-01  6.5520011893E-02
H8        8.2927019168E-01  1.1038182979E-05  1.6054764251E-01 -1.6079580437E-01  6.3668678661E-02
H9        8.2858105585E-01  8.9487789354E-06  1.6093278018E-01 -1.6118153735E-01  6.4101683084E-02
H10       8.2858475467E-01  1.0688919675E-05  1.6091736137E-01 -1.6116609471E-01  6.4097375501E-02
O11       3.3817330878E+00  3.1812232880E-05  3.7723541012E+01 -3.7781851080E+01  1.0416179317E-01
O12       3.3873823850E+00  2.0349661974E-05  3.7703417005E+01 -3.7761695967E+01  9.6014683881E-02
O13       3.3873411816E+00  1.8124166634E-04  3.7722419180E+01 -3.7780727514E+01  1.1910863807E-01
H14       8.2927022715E-01  1.0215744883E-05  1.6053466950E-01 -1.6078281131E-01  6.3669020788E-02
H15       8.2502219640E-01  9.1979781303E-06  1.6334927730E-01 -1.6360176970E-01  6.5511804838E-02
H16       8.2500585137E-01  9.7472162773E-06  1.6336752615E-01 -1.6362004676E-01  6.5520114120E-02
H17       8.2926904466E-01  1.0189146888E-05  1.6054800837E-01 -1.6079617079E-01  6.3669176131E-02
H18       8.2858248678E-01  1.0018554427E-05  1.6093261482E-01 -1.6118137173E-01  6.4101482759E-02
H19       8.2858471578E-01  1.0097208080E-05  1.6091691956E-01 -1.6116565222E-01  6.4097809957E-02
--------------------------------------------------------------------------------------------------
Total     4.5999170755E+01  5.4082684068E-05  9.0567859946E+02 -9.0707852585E+02
 
Molecular charge q(Mol) from the wfx file:   4.6000000000E+01
Molecular energy E(Mol) from the wfx file:  -1.8408257235E+03
Molecular virial ratio (-V(Mol)/T(Mol)) from the wfx file:   2.0015457210E+00
Full molecular virial ratio ((-V(Mol)+W(Mol))/T(Mol)) from the wfx file:   2.0015461069E+00
Note.  K_Scaled(A) = (1+V(Mol)/T(Mol))*K(A) = (E(Mol)/T(Mol))*K(A)
       Only use K_Scaled(A) data with caution.
 
N_AIMInt(SumA)     =         41.000829
N_Analytic(Mol)    =         41.000000
 
G_AIMInt(SumA)     =        905.678545
G_Analytic(Mol)    =        905.677916
 
K_AIMInt(SumA)     =        905.678599
K_Analytic(Mol)    =        905.677916
 
L_AIMInt(SumA)     =          0.000054
L_Analytic(Mol)    =          0.000000
 
VenT_AIMInt(SumA)  =      -2778.918454
VenT_Analytic(Mol) =      -2778.901154
 
Some Information About the Atomic Calculations:
----------------------------------------------
  Time(sec) = "Elapsed User Time", in Seconds, for Atom A by AIMInt and, if used, by TWOe
  NProc = Number of Processors Used for AIMInt Job
  BIM = Basin Integration Method
  OAQ = Angular Quadrature Outside of Beta Sphere
  ORQ = Multiple of Default for Radial Quadrature Outside of Beta Sphere
  IAQ = Multiple of Default for Angular Quadrature Inside of Beta Sphere
  IRQ = Multiple of Default for Radial Quadrature Inside of Beta Sphere
  MIR = Maximum Integration Radius
------------------------------------------------------------------------------------------------------
Atom A     Time(sec)   NProc      BIM              OAQ                 ORQ      IAQ      IRQ      MIR
------------------------------------------------------------------------------------------------------
Co1          1113        8    Promega(1)    4334      (Very High)      Auto     Auto     Auto    13.00
O2            835        8     Proaim(5)    4334      (Very High)      Auto     Auto     Auto    13.00
O3           1230        8     Proaim(5)    4334      (Very High)      Auto     Auto     Auto    13.00
O4           1398        8    Promega(1)    4334      (Very High)      Auto     Auto     Auto    13.00
H5            242        8     Proaim(5)    2030      (Very High)      Auto     Auto     Auto    13.00
H6            185        8     Proaim(5)    2030      (Very High)      Auto     Auto     Auto    13.00
H7            286        8     Proaim(5)    2030      (Very High)      Auto     Auto     Auto    13.00
H8            199        8     Proaim(5)    2030      (Very High)      Auto     Auto     Auto    13.00
H9            193        8     Proaim(5)    2030      (Very High)      Auto     Auto     Auto    13.00
H10           257        8     Proaim(5)    2030      (Very High)      Auto     Auto     Auto    13.00
O11           780        8     Proaim(5)    4334      (Very High)      Auto     Auto     Auto    13.00
O12           770        8     Proaim(5)    4334      (Very High)      Auto     Auto     Auto    13.00
O13          1130        8    Promega(1)    4334      (Very High)      Auto     Auto     Auto    13.00
H14           200        8     Proaim(5)    2030      (Very High)      Auto     Auto     Auto    13.00
H15           203        8     Proaim(5)    2030      (Very High)      Auto     Auto     Auto    13.00
H16           177        8     Proaim(5)    2030      (Very High)      Auto     Auto     Auto    13.00
H17           183        8     Proaim(5)    2030      (Very High)      Auto     Auto     Auto    13.00
H18           151        8     Proaim(5)    2030      (Very High)      Auto     Auto     Auto    13.00
H19           160        8     Proaim(5)    2030      (Very High)      Auto     Auto     Auto    13.00
------------------------------------------------------------------------------------------------------
Total        9692
Note:  Total wall clock time is less than total of atomic times if more than one atom
       was calculated at a time
Note:  Total time does not include times for diatomic interaction energy calculations (3220 seconds)
 
Electron Density Critical Point Analysis of Molecular Structure:               
---------------------------------------------------------------                
  NACP = Nuclear Attractor Critical Point                                      
  NNACP = Non-Nuclear Attractor Critical Point                                 
  BCP = Bond Critical Point                                                    
  RCP = Ring Critical Point                                                    
  CCP = Cage Critical Point                                                    
  Rho = Electron Density                                                       
  GradRho = Gradient of Electron Density                                       
  HessRho_EigVals = Eigenvalues of the Hessian of Rho, Ascending Order         
  HessRho_EigVecs = Eigenvectors of the Hessian of Rho                         
  DelSqRho = Laplacian of Rho = Trace of Hessian of Rho                        
  Bond Ellipticity = (HessRho_EigVal(1) / HessRho_EigVal(2)) - 1               
  V = Virial Field = Potential Energy Density = Trace of Stress Tensor         
  G = Lagrangian Form of Kinetic Energy Density                                
  K = Hamiltonian Form of Kinetic Energy Density                               
  L = K - G = Lagrangian Density = (-1/4)DelSqRho                              
  Vnuc = Electrostatic Potential from Nuclei                                   
  Ven = Electron-nuclear attractive contribution to Virial Field V             
  Vrep = V - Ven = Repulsive contribution to Virial Field V                    
  DelSqV = Laplacian of V                                                      
  DelSqVen = Laplacian of Ven                                                  
  DelSqVrep = Laplacian of Vrep                                                
  DelSqG = Laplacian of G                                                      
  DelSqK = Laplacian of K                                                      
  Stress_EigVals = Eigenvalues of Stress Tensor, Ascending Order               
  Stress_EigVecs = Eigenvectors of Stress Tensor                               
  -DivStress = Ehrenfest Force Density = Minus Divergence of Stress Tensor     
  ESP = Total Electrostatic Potential                                          
  ESPe = Electrostatic Potential from Electrons                                
  ESPn = Electrostatic Potential from Nuclei                                   
  BP = Bond Path                                                               
  BPL = Bond Path Length                                                       
  GBL = Geometric Bond Length                                                  
  GBL_I = Distance Between Nuclear Attractors                                  
  GBL_II = Distance Between Nuclei                                             
  GBL_III = Sum of Distances Between BCP and Nuclear Attractors                
  GBL_IV = Sum of Distances Between BCP and Nuclei                             

CP# 1      Coords = -4.54005410667532E-08  1.24839449966331E-07 -2.51828546843149E-07
           Type = (3,-3) NACP Co1
           Rho =  6.5199251924E+03     Rho at Nucleus =  6.5199251924E+03
           GradRho = -4.9759797519E-16  2.3598469201E-15 -2.9776325177E-15
           HessRho_EigVals = -3.5468040543E+08 -3.5468033641E+08 -3.5468031856E+08
           HessRho_EigVec1 =  5.8339021139E-03  8.3095773992E-03  9.9994845693E-01
           HessRho_EigVec2 =  9.9991061016E-01  1.1981995739E-02 -5.9332517613E-03
           HessRho_EigVec3 = -1.2030680965E-02  9.9989368570E-01 -8.2389328171E-03
           DelSqRho = -1.0640410604E+09
           Bond Ellipticity = NA
           V = -2.6623013936E+08
           G =  1.0993713218E+05
           K =  2.6612020223E+08
           L =  2.6601026510E+08
           Vnuc =  2.7000000143E+09
           Ven = -1.7603798113E+13
           Vrep =  1.7603531883E+13
           DelSqV =  5.2554661283E+14
           DelSqVen =  5.2811394058E+29
           DelSqVrep = -5.2811394058E+29
           DelSqG =  1.4492492952E+13
           DelSqK = -5.4003910578E+14
           Stress_EigVals = -8.8743388670E+07 -8.8743382126E+07 -8.8743368568E+07
           Stress_EigVec1 = -1.5027395700E-02  9.9983806276E-01 -9.9007895355E-03
           Stress_EigVec2 =  9.9986629920E-01  1.4962503916E-02 -6.5959988348E-03
           Stress_EigVec3 =  6.4467900948E-03  9.9985864765E-03  9.9992923108E-01
           -DivStress = -1.2419885080E-01  7.2874671906E-01  5.3286040160E-01
           ESP =  -5.1703239675E+01     ESP at Nucleus =  -5.1703239675E+01
           ESPe = -6.6030348257E+01     ESPe at Nucleus = -6.6030348257E+01
           ESPn =  1.4327108581E+01     ESPn at Nucleus =  1.4327108581E+01

CP# 2      Coords =  3.99872673511052E+00  5.93422304827008E-02 -4.04145409912790E-02
           Type = (3,-3) NACP O2
           Rho =  1.4769044069E+02     Rho at Nucleus =  1.4769043206E+02
           GradRho =  5.3200943650E-11 -6.7080369037E-13 -5.9653323947E-13
           HessRho_EigVals = -4.1079799936E+05 -4.1079234652E+05 -4.1077984008E+05
           HessRho_EigVec1 = -1.5071908880E-02  9.9974612804E-01 -1.6748642734E-02
           HessRho_EigVec2 =  9.9979050387E-01  1.4836349513E-02 -1.4100748158E-02
           HessRho_EigVec3 =  1.3848679656E-02  1.6957659150E-02  9.9976029721E-01
           DelSqRho = -1.2323701860E+06
           Bond Ellipticity = NA
           V = -3.0816187940E+05
           G =  3.4666456622E+01
           K =  3.0812721295E+05
           L =  3.0809254649E+05
           Vnuc =  1.2342499413E+06
           Ven = -1.8228691776E+08
           Vrep =  1.8197875588E+08
           DelSqV =  1.9600883588E+10
           DelSqVen =  1.5210528292E+12
           DelSqVrep = -1.5014519456E+12
           DelSqG =  8.5712984719E+08
           DelSqK = -2.0458013435E+10
           Stress_EigVals = -1.0272301033E+05 -1.0271999551E+05 -1.0271887357E+05
           Stress_EigVec1 =  1.4052898387E-02  1.6946455175E-02  9.9975763748E-01
           Stress_EigVec2 =  9.9978875674E-01  1.4759781479E-02 -1.4303522420E-02
           Stress_EigVec3 = -1.4998598263E-02  9.9974745136E-01 -1.6735457641E-02
           -DivStress = -4.1347127415E+04 -6.1602829924E+02  8.3734141507E+02
           ESP =  -2.6386481052E+00     ESP at Nucleus =  -2.6386401200E+00
           ESPe = -1.8606184389E+01     ESPe at Nucleus = -1.8606191335E+01
           ESPn =  1.5967536284E+01     ESPn at Nucleus =  1.5967551215E+01

CP# 3      Coords =  5.85699134996440E-02 -3.90483097394083E+00  5.14242584531277E-02
           Type = (3,-3) NACP O3
           Rho =  1.4768827321E+02     Rho at Nucleus =  1.4768826486E+02
           GradRho =  7.0566816279E-13 -3.7584824142E-11 -9.3926602607E-13
           HessRho_EigVals = -4.1079287001E+05 -4.1078724450E+05 -4.1077589460E+05
           HessRho_EigVec1 =  1.1926272112E-02  1.4790117903E-02  9.9981949193E-01
           HessRho_EigVec2 = -1.6310318598E-02  9.9976045560E-01 -1.4594688174E-02
           HessRho_EigVec3 =  9.9979584793E-01  1.6133314232E-02 -1.2164646776E-02
           DelSqRho = -1.2323560091E+06
           Bond Ellipticity = NA
           V = -3.0815802002E+05
           G =  3.4508872610E+01
           K =  3.0812351115E+05
           L =  3.0808900228E+05
           Vnuc =  1.2546922883E+06
           Ven = -1.8530333747E+08
           Vrep =  1.8499517945E+08
           DelSqV =  1.9600653535E+10
           DelSqVen =  1.5462275773E+12
           DelSqVrep = -1.5266269243E+12
           DelSqG =  8.5712185272E+08
           DelSqK = -2.0457775388E+10
           Stress_EigVals = -1.0272152585E+05 -1.0271880802E+05 -1.0271768616E+05
           Stress_EigVec1 =  9.9979542040E-01  1.6168241360E-02 -1.2153407994E-02
           Stress_EigVec2 = -1.6344238773E-02  9.9976092748E-01 -1.4524246837E-02
           Stress_EigVec3 =  1.1915670920E-02  1.4719913675E-02  9.9982065438E-01
           -DivStress = -6.9927170876E+02  4.0675473149E+04 -5.8755228786E+02
           ESP =  -2.5061843583E+00     ESP at Nucleus =  -2.5061762104E+00
           ESPe = -1.8700373477E+01     ESPe at Nucleus = -1.8700380561E+01
           ESPn =  1.6194189118E+01     ESPn at Nucleus =  1.6194204351E+01

CP# 4      Coords = -4.15957265039750E-02 -4.90588077016319E-02 -4.04800922120560E+00
           Type = (3,-3) NACP O4
           Rho =  1.4770421619E+02     Rho at Nucleus =  1.4770420668E+02
           GradRho = -6.9525982194E-14  4.1338286960E-13  1.4100715040E-10
           HessRho_EigVals = -4.1083691385E+05 -4.1083099748E+05 -4.1081894962E+05
           HessRho_EigVec1 =  9.9981364577E-01  1.5936334172E-02 -1.0895273623E-02
           HessRho_EigVec2 =  1.0606813237E-02  1.8074680844E-02  9.9978037660E-01
           HessRho_EigVec3 = -1.6129762773E-02  9.9970962742E-01 -1.7902278830E-02
           DelSqRho = -1.2324868609E+06
           Bond Ellipticity = NA
           V = -3.0819099561E+05
           G =  3.4640186513E+01
           K =  3.0815635542E+05
           L =  3.0812171524E+05
           Vnuc =  1.1755445990E+06
           Ven = -1.7363289359E+08
           Vrep =  1.7332470260E+08
           DelSqV =  1.9602728496E+10
           DelSqVen =  1.4488432753E+12
           DelSqVrep = -1.4292405457E+12
           DelSqG =  8.5721209477E+08
           DelSqK = -2.0459940590E+10
           Stress_EigVals = -1.0273267092E+05 -1.0272974752E+05 -1.0272857717E+05
           Stress_EigVec1 = -1.6116945950E-02  9.9970490262E-01 -1.8175580383E-02
           Stress_EigVec2 =  1.0609751912E-02  1.8347908793E-02  9.9977536847E-01
           Stress_EigVec3 =  9.9981382128E-01  1.5920487177E-02 -1.0902333257E-02
           -DivStress =  4.4757293165E+02  1.1044394256E+03  4.3413170558E+04
           ESP =  -2.7092632153E+00     ESP at Nucleus =  -2.7092550115E+00
           ESPe = -1.8562699897E+01     ESPe at Nucleus = -1.8562707078E+01
           ESPn =  1.5853436681E+01     ESPn at Nucleus =  1.5853452066E+01

CP# 5      Coords =  9.28544552563612E-02 -4.92227695965218E+00  1.49879687250469E+00
           Type = (3,-3) NACP H5
           Rho =  2.0199456823E-01     Rho at Nucleus =  1.9710233554E-01
           GradRho = -4.1801414760E-16  1.3208184546E-14 -1.7002024788E-14
           HessRho_EigVals = -3.9764033263E+00 -3.9643218916E+00 -3.0915633888E+00
           HessRho_EigVec1 = -6.4315775228E-03  8.2338802324E-01  5.6744233011E-01
           HessRho_EigVec2 =  9.9979305202E-01  1.6246866662E-02 -1.2243057197E-02
           HessRho_EigVec3 =  1.9299946539E-02 -5.6724615690E-01  8.2332211773E-01
           DelSqRho = -1.1032288607E+01
           Bond Ellipticity = NA
           V = -2.7872259685E+00
           G =  1.4576908435E-02
           K =  2.7726490601E+00
           L =  2.7580721517E+00
           Vnuc =  3.6134308875E+01
           Ven = -7.2989341194E+00
           Vrep =  4.5117081508E+00
           DelSqV =  6.6860278700E+02
           DelSqVen =  3.9864412411E+02
           DelSqVrep =  2.6995866289E+02
           DelSqG =  5.1361641958E+01
           DelSqK = -7.1996442896E+02
           Stress_EigVals = -1.0064063096E+00 -1.0036962774E+00 -7.7712338157E-01
           Stress_EigVec1 =  9.9979393924E-01  1.6138728191E-02 -1.2313428463E-02
           Stress_EigVec2 = -6.3659221969E-03  8.2524732197E-01  5.6473563073E-01
           Stress_EigVec3 =  1.9275738707E-02 -5.6454087455E-01  8.2518000876E-01
           -DivStress =  2.3550840580E-01 -6.8996595464E+00  1.0081181959E+01
           ESP =   8.6115310087E+00     ESP at Nucleus =   8.5030022037E+00
           ESPe = -8.6725409864E+00     ESPe at Nucleus = -8.5726491109E+00
           ESPn =  1.7284071995E+01     ESPn at Nucleus =  1.7075651315E+01

CP# 6      Coords = -1.47571864411655E+00 -9.33074740437200E-02 -5.08189178725150E+00
           Type = (3,-3) NACP H6
           Rho =  2.0318607386E-01     Rho at Nucleus =  1.9834020741E-01
           GradRho =  3.0281766678E-15  1.0466616723E-16  1.6293390248E-15
           HessRho_EigVals = -3.9996094853E+00 -3.9871347700E+00 -3.1206808262E+00
           HessRho_EigVec1 = -5.7712051939E-01  5.5481814680E-03  8.1664014338E-01
           HessRho_EigVec2 = -1.7065603390E-02  9.9967663142E-01 -1.8851996656E-02
           HessRho_EigVec3 =  8.1648066192E-01  2.4816330901E-02  5.7683921368E-01
           DelSqRho = -1.1107425081E+01
           Bond Ellipticity = NA
           V = -2.8068575828E+00
           G =  1.5000656227E-02
           K =  2.7918569266E+00
           L =  2.7768562704E+00
           Vnuc =  3.6048792202E+01
           Ven = -7.3246125549E+00
           Vrep =  4.5177549721E+00
           DelSqV =  6.7430374045E+02
           DelSqVen =  4.0040925866E+02
           DelSqVrep =  2.7389448179E+02
           DelSqG =  5.1751850370E+01
           DelSqK = -7.2605559082E+02
           Stress_EigVals = -1.0125720018E+00 -1.0097573152E+00 -7.8452826580E-01
           Stress_EigVec1 = -1.6820419755E-02  9.9967548012E-01 -1.9131333882E-02
           Stress_EigVec2 = -5.7417258355E-01  6.0071831057E-03  8.1871225595E-01
           Stress_EigVec3 =  8.1856149297E-01  2.4755771205E-02  5.7388520979E-01
           -DivStress = -9.9828025864E+00 -3.0198743109E-01 -7.0075715445E+00
           ESP =   8.4703860145E+00     ESP at Nucleus =   8.3640596225E+00
           ESPe = -8.5696718329E+00     ESPe at Nucleus = -8.4714031218E+00
           ESPn =  1.7040057847E+01     ESPn at Nucleus =  1.6835462744E+01

CP# 7      Coords =  1.37054661676508E+00 -4.80052692518368E-02 -5.11249710461960E+00
           Type = (3,-3) NACP H7
           Rho =  2.0320896540E-01     Rho at Nucleus =  1.9836255767E-01
           GradRho = -8.2529469370E-16 -1.2326023448E-17 -1.0338951917E-15
           HessRho_EigVals = -4.0000204298E+00 -3.9875446009E+00 -3.1209823562E+00
           HessRho_EigVec1 =  5.9413428764E-01  2.4148208726E-02  8.0400330364E-01
           HessRho_EigVec2 = -1.5134408528E-02  9.9970791574E-01 -1.8842316090E-02
           HessRho_EigVec3 =  8.0422347511E-01  9.7324840726E-04 -5.9432621923E-01
           DelSqRho = -1.1108547387E+01
           Bond Ellipticity = NA
           V = -2.8071483652E+00
           G =  1.5005759226E-02
           K =  2.7921426060E+00
           L =  2.7771368467E+00
           Vnuc =  3.6047557149E+01
           Ven = -7.3251867933E+00
           Vrep =  4.5180384281E+00
           DelSqV =  6.7437057290E+02
           DelSqVen =  4.0043599677E+02
           DelSqVrep =  2.7393457613E+02
           DelSqG =  5.1756615583E+01
           DelSqK = -7.2612718848E+02
           Stress_EigVals = -1.0126793662E+00 -1.0098640171E+00 -7.8460498194E-01
           Stress_EigVec1 = -1.5393921028E-02  9.9969863514E-01 -1.9122397751E-02
           Stress_EigVec2 =  5.9122055404E-01  2.4523865194E-02  8.0613698372E-01
           Stress_EigVec3 =  8.0636299746E-01  1.1040544721E-03 -5.9141989938E-01
           -DivStress =  9.8347975562E+00  1.3312920064E-02 -7.2223161459E+00
           ESP =   8.4698122513E+00     ESP at Nucleus =   8.3634661279E+00
           ESPe = -8.5691318285E+00     ESPe at Nucleus = -8.4708467182E+00
           ESPn =  1.7038944080E+01     ESPn at Nucleus =  1.6834312846E+01

CP# 8      Coords =  5.87913119663341E-02 -4.96432321251651E+00 -1.36572884365226E+00
           Type = (3,-3) NACP H8
           Rho =  2.0202261168E-01     Rho at Nucleus =  1.9712937684E-01
           GradRho =  9.7036094437E-18  8.6649437625E-16  2.9577035265E-15
           HessRho_EigVals = -3.9769446587E+00 -3.9648662219E+00 -3.0919177068E+00
           HessRho_EigVec1 = -2.0141779354E-02  8.0632355714E-01 -5.9113165194E-01
           HessRho_EigVec2 =  9.9979713073E-01  1.6197853189E-02 -1.1971922975E-02
           HessRho_EigVec3 =  7.8179805537E-05  5.9125286532E-01  8.0648623245E-01
           DelSqRho = -1.1033728587E+01
           Bond Ellipticity = NA
           V = -2.7875965607E+00
           G =  1.4582206897E-02
           K =  2.7730143538E+00
           L =  2.7584321469E+00
           Vnuc =  3.6126907240E+01
           Ven = -7.2984521527E+00
           Vrep =  4.5108555920E+00
           DelSqV =  6.6868485365E+02
           DelSqVen =  3.9861448919E+02
           DelSqVrep =  2.7007036446E+02
           DelSqG =  5.1368068925E+01
           DelSqK = -7.2005292258E+02
           Stress_EigVals = -1.0065468737E+00 -1.0038367013E+00 -7.7721298574E-01
           Stress_EigVec1 =  9.9979824775E-01  1.6149482309E-02 -1.1943953005E-02
           Stress_EigVec2 = -2.0085847895E-02  8.0825705452E-01 -5.8848712181E-01
           Stress_EigVec3 =  1.5002191209E-04  5.8860829764E-01  8.0841836288E-01
           -DivStress = -1.7464008169E-03 -7.1950868992E+00 -9.8778549779E+00
           ESP =   8.6080513465E+00     ESP at Nucleus =   8.4994552380E+00
           ESPe = -8.6693627511E+00     ESPe at Nucleus = -8.5694097891E+00
           ESPn =  1.7277414098E+01     ESPn at Nucleus =  1.7068865027E+01

CP# 9      Coords =  5.06543245080405E+00 -1.35126466968451E+00 -3.34661068438215E-02
           Type = (3,-3) NACP H9
           Rho =  2.0198037236E-01     Rho at Nucleus =  1.9710613673E-01
           GradRho =  5.7462715142E-16  9.7664931697E-16  1.2061749169E-18
           HessRho_EigVals = -3.9748071540E+00 -3.9622892254E+00 -3.0928346944E+00
           HessRho_EigVec1 =  8.0268590820E-01  5.9602071380E-01 -2.1322323917E-02
           HessRho_EigVec2 =  1.4587057154E-02  1.6121015049E-02  9.9976363739E-01
           HessRho_EigVec3 = -5.9622357429E-01  8.0280721322E-01 -4.2459233886E-03
           DelSqRho = -1.1029931074E+01
           Bond Ellipticity = NA
           V = -2.7872399037E+00
           G =  1.4878567622E-02
           K =  2.7723613361E+00
           L =  2.7574827684E+00
           Vnuc =  3.6005905231E+01
           Ven = -7.2724861458E+00
           Vrep =  4.4852462421E+00
           DelSqV =  6.6876398570E+02
           DelSqVen =  3.9714265295E+02
           DelSqVrep =  2.7162133276E+02
           DelSqG =  5.1349323126E+01
           DelSqK = -7.2011330883E+02
           Stress_EigVals = -1.0063335917E+00 -1.0034294406E+00 -7.7747687139E-01
           Stress_EigVec1 =  1.4737618933E-02  1.6277958630E-02  9.9975888626E-01
           Stress_EigVec2 =  8.0469154674E-01  5.9330288226E-01 -2.1522186442E-02
           Stress_EigVec3 = -5.9351016604E-01  8.0481471033E-01 -4.3548639175E-03
           -DivStress =  7.2432420691E+00 -9.8106391873E+00  5.2942020950E-02
           ESP =   8.5209963334E+00     ESP at Nucleus =   8.4134329275E+00
           ESPe = -8.6003502981E+00     ESPe at Nucleus = -8.5011050410E+00
           ESPn =  1.7121346631E+01     ESPn at Nucleus =  1.6914537968E+01

CP# 10     Coords =  5.02211310321146E+00  1.50129951049173E+00 -8.09896865373780E-02
           Type = (3,-3) NACP H10
           Rho =  2.0194387469E-01     Rho at Nucleus =  1.9707109898E-01
           GradRho = -7.9571765843E-15 -1.0413111345E-14  2.5920563439E-16
           HessRho_EigVals = -3.9741091571E+00 -3.9615979855E+00 -3.0923978469E+00
           HessRho_EigVec1 =  8.2045027945E-01 -5.7171433026E-01 -2.0158195198E-03
           HessRho_EigVec2 =  1.4690706423E-02  1.7557200206E-02  9.9973792959E-01
           HessRho_EigVec3 =  5.7152910871E-01  8.2026487752E-01 -2.2803697199E-02
           DelSqRho = -1.1028104989E+01
           Bond Ellipticity = NA
           V = -2.7867703962E+00
           G =  1.4872074410E-02
           K =  2.7718983218E+00
           L =  2.7570262474E+00
           Vnuc =  3.6007477657E+01
           Ven = -7.2714895559E+00
           Vrep =  4.4847191597E+00
           DelSqV =  6.6866303081E+02
           DelSqVen =  3.9709424401E+02
           DelSqVrep =  2.7156878680E+02
           DelSqG =  5.1341325596E+01
           DelSqK = -7.2000435641E+02
           Stress_EigVals = -1.0061542284E+00 -1.0032508172E+00 -7.7736535055E-01
           Stress_EigVec1 =  1.4713178244E-02  1.7504598572E-02  9.9973852152E-01
           Stress_EigVec2 =  8.2237490149E-01 -5.6894194487E-01 -2.1412080331E-03
           Stress_EigVec3 =  5.6875569780E-01  8.2219137213E-01 -2.2766286771E-02
           -DivStress =  6.9398885306E+00  1.0020384540E+01 -2.7746745581E-01
           ESP =   8.5211506858E+00     ESP at Nucleus =   8.4136128834E+00
           ESPe = -8.6004521198E+00     ESPe at Nucleus = -8.5012265898E+00
           ESPn =  1.7121602806E+01     ESPn at Nucleus =  1.6914839473E+01

CP# 11     Coords = -3.99872679287674E+00 -5.93420960140946E-02  4.04152906308857E-02
           Type = (3,-3) NACP O11
           Rho =  1.4769044069E+02     Rho at Nucleus =  1.4769043206E+02
           GradRho =  7.6017692141E-11  1.4181381763E-12  1.3306161728E-12
           HessRho_EigVals = -4.1079799935E+05 -4.1079234650E+05 -4.1077984007E+05
           HessRho_EigVec1 = -1.5071630222E-02  9.9974612852E-01 -1.6748865044E-02
           HessRho_EigVec2 =  9.9979051893E-01  1.4836081085E-02 -1.4099962730E-02
           HessRho_EigVec3 =  1.3847895631E-02  1.6957865898E-02  9.9976030456E-01
           DelSqRho = -1.2323701859E+06
           Bond Ellipticity = NA
           V = -3.0816187939E+05
           G =  3.4666456642E+01
           K =  3.0812721294E+05
           L =  3.0809254648E+05
           Vnuc =  1.2342499685E+06
           Ven = -1.8228692176E+08
           Vrep =  1.8197875988E+08
           DelSqV =  1.9600883587E+10
           DelSqVen =  1.5210528650E+12
           DelSqVrep = -1.5014519819E+12
           DelSqG =  8.5712984716E+08
           DelSqK = -2.0458013434E+10
           Stress_EigVals = -1.0272301032E+05 -1.0271999550E+05 -1.0271887357E+05
           Stress_EigVec1 =  1.4052053618E-02  1.6946660569E-02  9.9975764587E-01
           Stress_EigVec2 =  9.9978877252E-01  1.4759532162E-02 -1.4302676532E-02
           Stress_EigVec3 = -1.4998337733E-02  9.9974745156E-01 -1.6735679232E-02
           -DivStress =  4.1347128833E+04  6.1601817800E+02 -8.3723388294E+02
           ESP =  -2.6386481242E+00     ESP at Nucleus =  -2.6386401390E+00
           ESPe = -1.8606184372E+01     ESPe at Nucleus = -1.8606191318E+01
           ESPn =  1.5967536247E+01     ESPn at Nucleus =  1.5967551179E+01

CP# 12     Coords = -5.85700105765472E-02  3.90483111056749E+00 -5.14243843259689E-02
           Type = (3,-3) NACP O12
           Rho =  1.4768827320E+02     Rho at Nucleus =  1.4768826485E+02
           GradRho = -1.0321396515E-12  5.6069149323E-11 -5.0052670342E-13
           HessRho_EigVals = -4.1079287000E+05 -4.1078724448E+05 -4.1077589458E+05
           HessRho_EigVec1 =  1.1926301706E-02  1.4789532811E-02  9.9981950023E-01
           HessRho_EigVec2 = -1.6310338176E-02  9.9976046383E-01 -1.4594102401E-02
           HessRho_EigVec3 =  9.9979584726E-01  1.6133340496E-02 -1.2164667207E-02
           DelSqRho = -1.2323560091E+06
           Bond Ellipticity = NA
           V = -3.0815802001E+05
           G =  3.4508872552E+01
           K =  3.0812351114E+05
           L =  3.0808900227E+05
           Vnuc =  1.2546923651E+06
           Ven = -1.8530334881E+08
           Vrep =  1.8499519079E+08
           DelSqV =  1.9600653534E+10
           DelSqVen =  1.5462276741E+12
           DelSqVrep = -1.5266270211E+12
           DelSqG =  8.5712185269E+08
           DelSqK = -2.0457775387E+10
           Stress_EigVals = -1.0272152584E+05 -1.0271880802E+05 -1.0271768615E+05
           Stress_EigVec1 =  9.9979541971E-01  1.6168268466E-02 -1.2153428441E-02
           Stress_EigVec2 = -1.6344259567E-02  9.9976093520E-01 -1.4523692013E-02
           Stress_EigVec3 =  1.1915700032E-02  1.4719359541E-02  9.9982066219E-01
           -DivStress =  6.9927326026E+02 -4.0675470982E+04  5.8752785656E+02
           ESP =  -2.5061840530E+00     ESP at Nucleus =  -2.5061759051E+00
           ESPe = -1.8700373762E+01     ESPe at Nucleus = -1.8700380847E+01
           ESPn =  1.6194189709E+01     ESPn at Nucleus =  1.6194204942E+01

CP# 13     Coords =  4.15957962841738E-02  4.90600672480523E-02  4.04800865471486E+00
           Type = (3,-3) NACP O13
           Rho =  1.4770421620E+02     Rho at Nucleus =  1.4770420668E+02
           GradRho =  1.4126234904E-12 -1.5231912953E-13 -1.0055362099E-10
           HessRho_EigVals = -4.1083691385E+05 -4.1083099749E+05 -4.1081894963E+05
           HessRho_EigVec1 =  9.9981364592E-01  1.5936190232E-02 -1.0895470520E-02
           HessRho_EigVec2 =  1.0607028609E-02  1.8073695099E-02  9.9978039213E-01
           HessRho_EigVec3 = -1.6129611932E-02  9.9970964754E-01 -1.7901291367E-02
           DelSqRho = -1.2324868610E+06
           Bond Ellipticity = NA
           V = -3.0819099561E+05
           G =  3.4640186512E+01
           K =  3.0815635543E+05
           L =  3.0812171524E+05
           Vnuc =  1.1755446292E+06
           Ven = -1.7363289806E+08
           Vrep =  1.7332470706E+08
           DelSqV =  1.9602728496E+10
           DelSqVen =  1.4488433080E+12
           DelSqVrep = -1.4292405785E+12
           DelSqG =  8.5721209478E+08
           DelSqK = -2.0459940591E+10
           Stress_EigVals = -1.0273267092E+05 -1.0272974752E+05 -1.0272857717E+05
           Stress_EigVec1 = -1.6116794649E-02  9.9970492415E-01 -1.8174530768E-02
           Stress_EigVec2 =  1.0609958830E-02  1.8346860749E-02  9.9977538551E-01
           Stress_EigVec3 =  9.9981382152E-01  1.5920343560E-02 -1.0902520674E-02
           -DivStress = -4.4758396445E+02 -1.1043264834E+03 -4.3413172201E+04
           ESP =  -2.7092628317E+00     ESP at Nucleus =  -2.7092546279E+00
           ESPe = -1.8562700276E+01     ESPe at Nucleus = -1.8562707457E+01
           ESPn =  1.5853437444E+01     ESPn at Nucleus =  1.5853452829E+01

CP# 14     Coords = -9.28546184382407E-02  4.92227783757430E+00 -1.49879647317958E+00
           Type = (3,-3) NACP H14
           Rho =  2.0199456480E-01     Rho at Nucleus =  1.9710233197E-01
           GradRho =  4.1550693008E-16 -1.1109169140E-14  1.7023708831E-14
           HessRho_EigVals = -3.9764032599E+00 -3.9643218254E+00 -3.0915633041E+00
           HessRho_EigVec1 = -6.4315803317E-03  8.2338773032E-01  5.6744275511E-01
           HessRho_EigVec2 =  9.9979305129E-01  1.6246896453E-02 -1.2243077928E-02
           HessRho_EigVec3 =  1.9299983832E-02 -5.6724658123E-01  8.2332182451E-01
           DelSqRho = -1.1032288389E+01
           Bond Ellipticity = NA
           V = -2.7872259133E+00
           G =  1.4576907979E-02
           K =  2.7726490053E+00
           L =  2.7580720974E+00
           Vnuc =  3.6134307781E+01
           Ven = -7.2989337746E+00
           Vrep =  4.5117078613E+00
           DelSqV =  6.6860277072E+02
           DelSqVen =  3.9864410419E+02
           DelSqVrep =  2.6995866653E+02
           DelSqG =  5.1361640846E+01
           DelSqK = -7.1996441157E+02
           Stress_EigVals = -1.0064062927E+00 -1.0036962606E+00 -7.7712336008E-01
           Stress_EigVec1 =  9.9979393849E-01  1.6138758618E-02 -1.2313448706E-02
           Stress_EigVec2 = -6.3659259177E-03  8.2524703007E-01  5.6473605724E-01
           Stress_EigVec3 =  1.9275775885E-02 -5.6454130038E-01  8.2517971657E-01
           -DivStress = -2.3550886115E-01  6.8996647770E+00 -1.0081178442E+01
           ESP =   8.6115306753E+00     ESP at Nucleus =   8.5030018580E+00
           ESPe = -8.6725406920E+00     ESPe at Nucleus = -8.5726488051E+00
           ESPn =  1.7284071367E+01     ESPn at Nucleus =  1.7075650663E+01

CP# 15     Coords =  1.47571896765036E+00  9.33069339150992E-02  5.08189094828543E+00
           Type = (3,-3) NACP H15
           Rho =  2.0318607337E-01     Rho at Nucleus =  1.9834020691E-01
           GradRho = -3.6808663756E-15 -1.1786632868E-16 -1.6328084718E-15
           HessRho_EigVals = -3.9996094701E+00 -3.9871347544E+00 -3.1206808106E+00
           HessRho_EigVec1 = -5.7712032498E-01  5.5474132270E-03  8.1664028599E-01
           HessRho_EigVec2 = -1.7065253327E-02  9.9967665993E-01 -1.8850801676E-02
           HessRho_EigVec3 =  8.1648080665E-01  2.4815354147E-02  5.7683905084E-01
           DelSqRho = -1.1107425035E+01
           Bond Ellipticity = NA
           V = -2.8068575709E+00
           G =  1.5000656055E-02
           K =  2.7918569148E+00
           L =  2.7768562588E+00
           Vnuc =  3.6048793160E+01
           Ven = -7.3246127317E+00
           Vrep =  4.5177551608E+00
           DelSqV =  6.7430373727E+02
           DelSqVen =  4.0040926763E+02
           DelSqVrep =  2.7389446964E+02
           DelSqG =  5.1751850070E+01
           DelSqK = -7.2605558734E+02
           Stress_EigVals = -1.0125719978E+00 -1.0097573112E+00 -7.8452826186E-01
           Stress_EigVec1 = -1.6820115814E-02  9.9967550904E-01 -1.9130089667E-02
           Stress_EigVec2 = -5.7417238678E-01  6.0063445869E-03  8.1871240010E-01
           Stress_EigVec3 =  8.1856163724E-01  2.4754806632E-02  5.7388504562E-01
           -DivStress =  9.9828043399E+00  3.0197568110E-01  7.0075695109E+00
           ESP =   8.4703865207E+00     ESP at Nucleus =   8.3640601296E+00
           ESPe = -8.5696723241E+00     ESPe at Nucleus = -8.4714036139E+00
           ESPn =  1.7040058845E+01     ESPn at Nucleus =  1.6835463744E+01

CP# 16     Coords = -1.37054634958320E+00  4.80051336780022E-02  5.11249680073462E+00
           Type = (3,-3) NACP H16
           Rho =  2.0320896312E-01     Rho at Nucleus =  1.9836255534E-01
           GradRho =  7.3357118990E-16  2.3310346708E-18 -6.3274038786E-16
           HessRho_EigVals = -4.0000203842E+00 -3.9875445550E+00 -3.1209823039E+00
           HessRho_EigVec1 =  5.9413443222E-01  2.4147273017E-02  8.0400322490E-01
           HessRho_EigVec2 = -1.5134456096E-02  9.9970793762E-01 -1.8841117247E-02
           HessRho_EigVec3 =  8.0422336741E-01  9.7399500986E-04 -5.9432636375E-01
           DelSqRho = -1.1108547243E+01
           Bond Ellipticity = NA
           V = -2.8071483285E+00
           G =  1.5005758868E-02
           K =  2.7921425696E+00
           L =  2.7771368108E+00
