AIMSum (Version 16.05.18, Professional)
Copyright (c) 1997-2016 by Todd A. Keith
AIMSum is a component of the AIMAll package ( http://aim.tkgristmill.com )

TP:  64-bit Linux

Licensed To:  Research Group of Fernando Cortes Guzman, UNAM, fercor@unam.mx

Much of the Quantum Theory of Atoms in Molecules (QTAIM) is described in the book:
  "Atoms in Molecules - A Quantum Theory"
  R.F.W. Bader, Oxford University Press, Oxford, 1990

For additional references see:  http://aim.tkgristmill.com/references.html

Wfx File:  /home/lillian/David/max_int/Co24_alpha.wfx
Sum File:  /home/lillian/David/max_int/Co24_alpha.sum

SumViz File:  /home/lillian/David/max_int/Co24_alpha.sumviz

Wfx Title:   Co[H2O]6 (2+)                                                                 
 
Total memory allocated for AIMSum =        1.189 Megabytes

Atomic units (a.u.) used throughout, except where stated otherwise

Model:  Unknown
 
Unrestricted, natural orbital wavefunction.
  Number of electrons (from MO Occs)                   =          44.0000000000
  Number of Alpha electrons (from MO Occs)             =          44.0000000000
  Number of Beta electrons (from MO Occs)              =           0.0000000000
  Number of electron pairs (N*(N-1)/2)                 =         946.0000000000
  Number of electron pairs (from Muller 2EDM)          =         946.0000000000
  Number of electron pairs (from Muller 2EDM, no SOSI) =         946.0000000000
 
Nuclear Charges and Cartesian Coordinates:
-------------------------------------------------------------------------------
Atom      Charge                X                  Y                  Z
-------------------------------------------------------------------------------
Co1       27.0          -4.5400541784E-08   1.2483945418E-07  -2.5182854376E-07
O2         8.0           3.9987202554E+00   5.9342133943E-02  -4.0414409763E-02
O3         8.0           5.8569803912E-02  -3.9048245994E+00   5.1424166375E-02
O4         8.0          -4.1595656370E-02  -4.9058634629E-02  -4.0480024183E+00
H5         1.0           9.3877076926E-02  -4.9522402612E+00   1.5425624844E+00
H6         1.0          -1.5187569815E+00  -9.4610135793E-02  -5.1121166547E+00
H7         1.0           1.4129423384E+00  -4.7948658678E-02  -5.1436447036E+00
H8         1.0           5.8783994854E-02  -4.9955650881E+00  -1.4086058915E+00
H9         1.0           5.0968910461E+00  -1.3938599501E+00  -3.3236877169E-02
H10        1.0           5.0522594425E+00   1.5448128196E+00  -8.2195088846E-02
O11        8.0          -3.9987203132E+00  -5.9341999476E-02   4.0415159419E-02
O12        8.0          -5.8569900989E-02   3.9048247360E+00  -5.1424292252E-02
O13        8.0           4.1595726148E-02   4.9059894193E-02   4.0480018518E+00
H14        1.0          -9.3877242106E-02   4.9522411624E+00  -1.5425620707E+00
H15        1.0           1.5187573128E+00   9.4609544884E-02   5.1121158071E+00
H16        1.0          -1.4129420662E+00   4.7948484438E-02   5.1436444076E+00
H17        1.0          -5.8784080173E-02   4.9955644019E+00   1.4086063948E+00
H18        1.0          -5.0968907833E+00   1.3938603247E+00   3.3235817613E-02
H19        1.0          -5.0522598712E+00  -1.5448124477E+00   8.2194679750E-02
 
Some Atomic Properties:
----------------------
  q(A) = Net Charge of Atom A
  L(A) = Lagrangian of Atom A = -(1/4) Times Atomic Integral of the Laplacian of the Electron Density
  K(A) = Electronic Kinetic Energy of Atom A (Hamiltonian Form)
  K_Scaled(A) = K(A) * E(Mol)/K(Mol) = Approximation to Virial-Based Total Energy of Atom A.
  |Mu_Intra(A)| = Magnitude of Intraatomic Dipole Moment of Atom A
--------------------------------------------------------------------------------------------------
Atom A          q(A)              L(A)              K(A)          K_Scaled(A)      |Mu_Intra(A)|
--------------------------------------------------------------------------------------------------
Co1       1.2813855067E+01 -3.2780860864E-04  7.0333126319E+02 -7.0441841707E+02  1.5598385036E-05
O2        3.3809323906E+00  6.7546454555E-07  3.7829812937E+01 -3.7888287271E+01  1.4247995679E-01
O3        3.3767286762E+00  7.7597172901E-06  3.7857547550E+01 -3.7916064755E+01  1.4863209829E-01
O4        3.3833644919E+00 -1.1657455570E-06  3.7820766533E+01 -3.7879226884E+01  1.4727216342E-01
H5        8.2804104416E-01  1.1533637608E-05  1.6142660420E-01 -1.6167612468E-01  6.4349184509E-02
H6        8.2289896409E-01  1.1953765345E-05  1.6482930243E-01 -1.6508408254E-01  6.6368250327E-02
H7        8.2286068867E-01  1.1056242767E-05  1.6486255762E-01 -1.6511738913E-01  6.6384931673E-02
H8        8.2802720335E-01  1.0903619992E-05  1.6144904451E-01 -1.6169859968E-01  6.4353160505E-02
H9        8.2506419579E-01  9.1410195177E-06  1.6353579728E-01 -1.6378857799E-01  6.5351106605E-02
H10       8.2506486372E-01  1.0739422686E-05  1.6352339415E-01 -1.6377615568E-01  6.5346777158E-02
O11       3.3809337223E+00  2.0000122364E-06  3.7829813018E+01 -3.7888287353E+01  1.4248494156E-01
O12       3.3767303618E+00  9.1840769648E-06  3.7857547519E+01 -3.7916064723E+01  1.4863256172E-01
O13       3.3833681396E+00  2.4281436851E-06  3.7820766656E+01 -3.7879227007E+01  1.4727598570E-01
H14       8.2803965651E-01  1.0427941398E-05  1.6142682353E-01 -1.6167634436E-01  6.4349438925E-02
H15       8.2289610897E-01  9.1810945109E-06  1.6482919620E-01 -1.6508397614E-01  6.6369980006E-02
H16       8.2285946282E-01  1.0172027635E-05  1.6486288273E-01 -1.6511771474E-01  6.6384920389E-02
H17       8.2802611532E-01  1.0116722595E-05  1.6144942594E-01 -1.6169898170E-01  6.4353588847E-02
H18       8.2506561773E-01  1.0083943575E-05  1.6353552420E-01 -1.6378830449E-01  6.5350978833E-02
H19       8.2506480823E-01  1.0057184723E-05  1.6352288838E-01 -1.6377564914E-01  6.5347252619E-02
--------------------------------------------------------------------------------------------------
Total     4.2999821579E+01 -1.8156031712E-04  9.3230677084E+02 -9.3374785696E+02
 
Molecular charge q(Mol) from the wfx file:   4.3000000000E+01
Molecular energy E(Mol) from the wfx file:  -1.8408257235E+03
Molecular virial ratio (-V(Mol)/T(Mol)) from the wfx file:   2.0015457210E+00
Full molecular virial ratio ((-V(Mol)+W(Mol))/T(Mol)) from the wfx file:   2.0015461069E+00
Note.  K_Scaled(A) = (1+V(Mol)/T(Mol))*K(A) = (E(Mol)/T(Mol))*K(A)
       Only use K_Scaled(A) data with caution.
 
N_AIMInt(SumA)     =         44.000178
N_Analytic(Mol)    =         44.000000
 
G_AIMInt(SumA)     =        932.306952
G_Analytic(Mol)    =        932.306796
 
K_AIMInt(SumA)     =        932.306771
K_Analytic(Mol)    =        932.306796
 
L_AIMInt(SumA)     =         -0.000182
L_Analytic(Mol)    =          0.000000
 
VenT_AIMInt(SumA)  =      -2931.531798
VenT_Analytic(Mol) =      -2931.528325
 
Some Information About the Atomic Calculations:
----------------------------------------------
  Time(sec) = "Elapsed User Time", in Seconds, for Atom A by AIMInt and, if used, by TWOe
  NProc = Number of Processors Used for AIMInt Job
  BIM = Basin Integration Method
  OAQ = Angular Quadrature Outside of Beta Sphere
  ORQ = Multiple of Default for Radial Quadrature Outside of Beta Sphere
  IAQ = Multiple of Default for Angular Quadrature Inside of Beta Sphere
  IRQ = Multiple of Default for Radial Quadrature Inside of Beta Sphere
  MIR = Maximum Integration Radius
------------------------------------------------------------------------------------------------------
Atom A     Time(sec)   NProc      BIM              OAQ                 ORQ      IAQ      IRQ      MIR
------------------------------------------------------------------------------------------------------
Co1           998        8     Proaim(5)    4334      (Very High)      Auto     Auto     Auto    13.00
O2            649        8     Proaim(5)    4334      (Very High)      Auto     Auto     Auto    13.00
O3            627        8     Proaim(5)    4334      (Very High)      Auto     Auto     Auto    13.00
O4            577        8     Proaim(5)    4334      (Very High)      Auto     Auto     Auto    13.00
H5            150        8     Proaim(5)    2030      (Very High)      Auto     Auto     Auto    13.00
H6            346        8     Proaim(5)    2030      (Very High)      Auto     Auto     Auto    13.00
H7            165        8     Proaim(5)    2030      (Very High)      Auto     Auto     Auto    13.00
H8            182        8     Proaim(5)    2030      (Very High)      Auto     Auto     Auto    13.00
H9            203        8     Proaim(5)    2030      (Very High)      Auto     Auto     Auto    13.00
H10           311        8     Proaim(5)    2030      (Very High)      Auto     Auto     Auto    13.00
O11           921        8     Proaim(5)    4334      (Very High)      Auto     Auto     Auto    13.00
O12           939        8     Proaim(5)    4334      (Very High)      Auto     Auto     Auto    13.00
O13           801        8     Proaim(5)    4334      (Very High)      Auto     Auto     Auto    13.00
H14           370        8     Proaim(5)    2030      (Very High)      Auto     Auto     Auto    13.00
H15           159        8     Proaim(5)    2030      (Very High)      Auto     Auto     Auto    13.00
H16           206        8     Proaim(5)    2030      (Very High)      Auto     Auto     Auto    13.00
H17           361        8     Proaim(5)    2030      (Very High)      Auto     Auto     Auto    13.00
H18           213        8     Proaim(5)    2030      (Very High)      Auto     Auto     Auto    13.00
H19           251        8     Proaim(5)    2030      (Very High)      Auto     Auto     Auto    13.00
------------------------------------------------------------------------------------------------------
Total        8429
Note:  Total wall clock time is less than total of atomic times if more than one atom
       was calculated at a time
Note:  Total time does not include times for diatomic interaction energy calculations (4682 seconds)
 
Electron Density Critical Point Analysis of Molecular Structure:               
---------------------------------------------------------------                
  NACP = Nuclear Attractor Critical Point                                      
  NNACP = Non-Nuclear Attractor Critical Point                                 
  BCP = Bond Critical Point                                                    
  RCP = Ring Critical Point                                                    
  CCP = Cage Critical Point                                                    
  Rho = Electron Density                                                       
  GradRho = Gradient of Electron Density                                       
  HessRho_EigVals = Eigenvalues of the Hessian of Rho, Ascending Order         
  HessRho_EigVecs = Eigenvectors of the Hessian of Rho                         
  DelSqRho = Laplacian of Rho = Trace of Hessian of Rho                        
  Bond Ellipticity = (HessRho_EigVal(1) / HessRho_EigVal(2)) - 1               
  V = Virial Field = Potential Energy Density = Trace of Stress Tensor         
  G = Lagrangian Form of Kinetic Energy Density                                
  K = Hamiltonian Form of Kinetic Energy Density                               
  L = K - G = Lagrangian Density = (-1/4)DelSqRho                              
  Vnuc = Electrostatic Potential from Nuclei                                   
  Ven = Electron-nuclear attractive contribution to Virial Field V             
  Vrep = V - Ven = Repulsive contribution to Virial Field V                    
  DelSqV = Laplacian of V                                                      
  DelSqVen = Laplacian of Ven                                                  
  DelSqVrep = Laplacian of Vrep                                                
  DelSqG = Laplacian of G                                                      
  DelSqK = Laplacian of K                                                      
  Stress_EigVals = Eigenvalues of Stress Tensor, Ascending Order               
  Stress_EigVecs = Eigenvectors of Stress Tensor                               
  -DivStress = Ehrenfest Force Density = Minus Divergence of Stress Tensor     
  ESP = Total Electrostatic Potential                                          
  ESPe = Electrostatic Potential from Electrons                                
  ESPn = Electrostatic Potential from Nuclei                                   
  BP = Bond Path                                                               
  BPL = Bond Path Length                                                       
  GBL = Geometric Bond Length                                                  
  GBL_I = Distance Between Nuclear Attractors                                  
  GBL_II = Distance Between Nuclei                                             
  GBL_III = Sum of Distances Between BCP and Nuclear Attractors                
  GBL_IV = Sum of Distances Between BCP and Nuclei                             

CP# 1      Coords = -4.54005409680819E-08  1.24839449586498E-07 -2.51828546668636E-07
           Type = (3,-3) NACP Co1
           Rho =  6.5184983525E+03     Rho at Nucleus =  6.5184983525E+03
           GradRho =  5.5536171943E-16 -5.9423673115E-16  1.7570271770E-16
           HessRho_EigVals = -3.5458954708E+08 -3.5458950371E+08 -3.5458948092E+08
           HessRho_EigVec1 =  9.9978403732E-01  1.7311416628E-02 -1.1497546565E-02
           HessRho_EigVec2 = -1.7559944720E-02  9.9960641177E-01 -2.1878525814E-02
           HessRho_EigVec3 =  1.1114272990E-02  2.2075697151E-02  9.9969452161E-01
           DelSqRho = -1.0637685317E+09
           Bond Ellipticity = NA
           V = -2.6616163888E+08
           G =  1.0975297420E+05
           K =  2.6605188590E+08
           L =  2.6594213293E+08
           Vnuc =  2.7000000143E+09
           Ven = -1.7599945645E+13
           Vrep =  1.7599679483E+13
           DelSqV =  5.2541129194E+14
           DelSqVen =  5.2799836655E+29
           DelSqVrep = -5.2799836655E+29
           DelSqG =  1.4488151533E+13
           DelSqK = -5.3989944348E+14
           Stress_EigVals = -8.8720556177E+07 -8.8720543467E+07 -8.8720539231E+07
           Stress_EigVec1 =  1.1249579204E-02  1.7333495561E-02  9.9978647565E-01
           Stress_EigVec2 = -1.6543442622E-02  9.9971612208E-01 -1.7146129313E-02
           Stress_EigVec3 =  9.9979986071E-01  1.6347023454E-02 -1.1533141386E-02
           -DivStress = -1.4115539605E-01  7.9418242908E-01  5.0257373274E-01
           ESP =  -5.5726066505E+01     ESP at Nucleus =  -5.5726066505E+01
           ESPe = -7.0053175087E+01     ESPe at Nucleus = -7.0053175087E+01
           ESPn =  1.4327108581E+01     ESPn at Nucleus =  1.4327108581E+01

CP# 2      Coords =  3.99872811297674E+00  5.93422510427861E-02 -4.04145503497661E-02
           Type = (3,-3) NACP O2
           Rho =  1.4778254973E+02     Rho at Nucleus =  1.4778253704E+02
           GradRho = -1.3035400450E-11  6.7184837676E-13  7.4340896937E-14
           HessRho_EigVals = -4.1106322921E+05 -4.1105595376E+05 -4.1104513872E+05
           HessRho_EigVec1 = -1.5166124131E-02  9.9974512394E-01 -1.6723511746E-02
           HessRho_EigVec2 =  9.9977445760E-01  1.4913643636E-02 -1.5120091158E-02
           HessRho_EigVec3 =  1.4866828914E-02  1.6949053064E-02  9.9974582120E-01
           DelSqRho = -1.2331643217E+06
           Bond Ellipticity = NA
           V = -3.0836132041E+05
           G =  3.5119993643E+01
           K =  3.0832620042E+05
           L =  3.0829108042E+05
           Vnuc =  1.0178663014E+06
           Ven = -1.5042287730E+08
           Vrep =  1.5011451598E+08
           DelSqV =  1.9613500087E+10
           DelSqVen =  1.2551964058E+12
           DelSqVrep = -1.2355829057E+12
           DelSqG =  8.5770236410E+08
           DelSqK = -2.0471202451E+10
           Stress_EigVals = -1.0278937310E+05 -1.0278669951E+05 -1.0278524780E+05
           Stress_EigVec1 =  1.5046507640E-02  1.6934422398E-02  9.9974338105E-01
           Stress_EigVec2 =  9.9977216753E-01  1.4884607821E-02 -1.5299067824E-02
           Stress_EigVec3 = -1.5139869025E-02  9.9974580459E-01 -1.6706602822E-02
           -DivStress = -5.0171704926E+04 -7.4770859322E+02  8.9763038835E+02
           ESP =  -3.4086198313E+00     ESP at Nucleus =  -3.4086116087E+00
           ESPe = -1.9376152940E+01     ESPe at Nucleus = -1.9376162824E+01
           ESPn =  1.5967533109E+01     ESPn at Nucleus =  1.5967551215E+01

CP# 3      Coords =  5.85699366350943E-02 -3.90483233887192E+00  5.14242780976716E-02
           Type = (3,-3) NACP O3
           Rho =  1.4778548196E+02     Rho at Nucleus =  1.4778546965E+02
           GradRho =  3.2896816239E-13  5.2367399046E-11 -4.2290042995E-13
           HessRho_EigVals = -4.1107140514E+05 -4.1106412050E+05 -4.1105332486E+05
           HessRho_EigVec1 =  1.1917038769E-02  1.4755159348E-02  9.9982011855E-01
           HessRho_EigVec2 = -1.6324507169E-02  9.9976073406E-01 -1.4559708177E-02
           HessRho_EigVec3 =  9.9979572646E-01  1.6148062086E-02 -1.2155058132E-02
           DelSqRho = -1.2331888505E+06
           Bond Ellipticity = NA
           V = -3.0836774828E+05
           G =  3.5267829266E+01
           K =  3.0833248046E+05
           L =  3.0829721263E+05
           Vnuc =  1.0334188589E+06
           Ven = -1.5272430413E+08
           Vrep =  1.5241593639E+08
           DelSqV =  1.9613898308E+10
           DelSqVen =  1.2744006139E+12
           DelSqVrep = -1.2547867151E+12
           DelSqG =  8.5772022232E+08
           DelSqK = -2.0471618531E+10
           Stress_EigVals = -1.0279151249E+05 -1.0278884684E+05 -1.0278738895E+05
           Stress_EigVec1 =  9.9979520176E-01  1.6189484097E-02 -1.2143111230E-02
           Stress_EigVec2 = -1.6365347145E-02  9.9976056026E-01 -1.4525755062E-02
           Stress_EigVec3 =  1.1905039206E-02  1.4721506444E-02  9.9982075758E-01
           -DivStress = -8.4746771813E+02  4.9418698038E+04 -7.1338873388E+02
           ESP =  -3.3059663256E+00     ESP at Nucleus =  -3.3059579193E+00
           ESPe = -1.9500152182E+01     ESPe at Nucleus = -1.9500162270E+01
           ESPn =  1.6194185857E+01     ESPn at Nucleus =  1.6194204351E+01

CP# 4      Coords = -4.15957399863114E-02 -4.90588167568453E-02 -4.04801052552973E+00
           Type = (3,-3) NACP O4
           Rho =  1.4779458242E+02     Rho at Nucleus =  1.4779456891E+02
           GradRho =  9.5193557897E-13 -6.7887362398E-13  8.0311653161E-11
           HessRho_EigVals = -4.1109711249E+05 -4.1108965053E+05 -4.1107916092E+05
           HessRho_EigVec1 =  9.9981436643E-01  1.5934286063E-02 -1.0831953214E-02
           HessRho_EigVec2 =  1.0519683314E-02  1.9552336966E-02  9.9975349081E-01
           HessRho_EigVec3 = -1.6142148114E-02  9.9968185171E-01 -1.9381083753E-02
           DelSqRho = -1.2332659239E+06
           Bond Ellipticity = NA
           V = -3.0838658565E+05
           G =  3.5052333770E+01
           K =  3.0835153332E+05
           L =  3.0831648099E+05
           Vnuc =  9.8649051002E+05
           Ven = -1.4579795299E+08
           Vrep =  1.4548956641E+08
           DelSqV =  1.9615103216E+10
           DelSqVen =  1.2166051302E+12
           DelSqVrep = -1.1969900270E+12
           DelSqG =  8.5777353687E+08
           DelSqK = -2.0472876753E+10
           Stress_EigVals = -1.0279776497E+05 -1.0279515174E+05 -1.0279366894E+05
           Stress_EigVec1 = -1.6127629187E-02  9.9967816131E-01 -1.9582476365E-02
           Stress_EigVec2 =  1.0536865576E-02  1.9753860201E-02  9.9974934832E-01
           Stress_EigVec3 =  9.9981441980E-01  1.5917248848E-02 -1.0852057337E-02
           -DivStress =  5.3394778740E+02  1.1629522900E+03  5.1769358160E+04
           ESP =  -3.4604687222E+00     ESP at Nucleus =  -3.4604603799E+00
           ESPe = -1.9313902454E+01     ESPe at Nucleus = -1.9313912446E+01
           ESPn =  1.5853433732E+01     ESPn at Nucleus =  1.5853452066E+01

CP# 5      Coords =  9.28592685327776E-02 -4.92261839275466E+00  1.49874928842161E+00
           Type = (3,-3) NACP H5
           Rho =  2.0231675492E-01     Rho at Nucleus =  1.9744236123E-01
           GradRho = -4.3994298357E-16  1.2668980313E-14 -1.8280024711E-14
           HessRho_EigVals = -3.9821947988E+00 -3.9707781824E+00 -3.1003850451E+00
           HessRho_EigVec1 = -6.5756564919E-03  8.2586434948E-01  5.6383050379E-01
           HessRho_EigVec2 =  9.9979266074E-01  1.6296119736E-02 -1.2209504768E-02
           HessRho_EigVec3 =  1.9271644113E-02 -5.6363331408E-01  8.2580027306E-01
           DelSqRho = -1.1053358026E+01
           Bond Ellipticity = NA
           V = -2.7932693719E+00
           G =  1.4964932676E-02
           K =  2.7783044393E+00
           L =  2.7633395066E+00
           Vnuc =  3.6187760650E+01
           Ven = -7.3213903024E+00
           Vrep =  4.5281209305E+00
           DelSqV =  6.7033911908E+02
           DelSqVen =  3.9999627463E+02
           DelSqVrep =  2.7034284445E+02
           DelSqG =  5.1481878700E+01
           DelSqK = -7.2182099778E+02
           Stress_EigVals = -1.0082430370E+00 -1.0055477455E+00 -7.7947858939E-01
           Stress_EigVec1 =  9.9979284672E-01  1.6278203095E-02 -1.2218173014E-02
           Stress_EigVec2 = -6.6423678839E-03  8.2838537952E-01  5.6011922120E-01
           Stress_EigVec3 =  1.9239090329E-02 -5.5992203306E-01  8.2832190258E-01
           -DivStress =  2.3486059401E-01 -6.8342254697E+00  1.0112934833E+01
           ESP =   8.0216965611E+00     ESP at Nucleus =   7.9186094532E+00
           ESPe = -9.2613819336E+00     ESPe at Nucleus = -9.1570418614E+00
           ESPn =  1.7283078495E+01     ESPn at Nucleus =  1.7075651315E+01

CP# 6      Coords = -1.47575486051843E+00 -9.33107601772079E-02 -5.08226335011634E+00
           Type = (3,-3) NACP H6
           Rho =  2.0380774519E-01     Rho at Nucleus =  1.9898537047E-01
           GradRho =  2.8548974437E-15  9.8662397696E-17  2.1494511357E-15
           HessRho_EigVals = -4.0132729669E+00 -4.0019467869E+00 -3.1380500903E+00
           HessRho_EigVec1 = -5.7379689729E-01  6.7455301913E-03  8.1896985200E-01
           HessRho_EigVec2 = -1.6487320665E-02  9.9966829761E-01 -1.9785424440E-02
           HessRho_EigVec3 =  8.1883166092E-01  2.4855433720E-02  5.7349535176E-01
           DelSqRho = -1.1153269844E+01
           Bond Ellipticity = NA
           V = -2.8187548593E+00
           G =  1.5218699138E-02
           K =  2.8035361602E+00
           L =  2.7883174610E+00
           Vnuc =  3.6135495191E+01
           Ven = -7.3646937962E+00
           Vrep =  4.5459389369E+00
           DelSqV =  6.7774602380E+02
           DelSqVen =  4.0302892882E+02
           DelSqVrep =  2.7471709499E+02
           DelSqG =  5.2015853018E+01
           DelSqK = -7.2976187682E+02
           Stress_EigVals = -1.0162174447E+00 -1.0135217198E+00 -7.8901569476E-01
           Stress_EigVec1 = -1.6519930136E-02  9.9966932302E-01 -1.9706256054E-02
           Stress_EigVec2 = -5.6989110082E-01  6.7801588554E-03  8.2169225544E-01
           Stress_EigVec3 =  8.2155415227E-01  2.4804718609E-02  5.6959064320E-01
           -DivStress = -1.0016601107E+01 -3.0249273897E-01 -6.9497328424E+00
           ESP =   7.9032910145E+00     ESP at Nucleus =   7.8020098076E+00
           ESPe = -9.1354700656E+00     ESPe at Nucleus = -9.0334529367E+00
           ESPn =  1.7038761080E+01     ESPn at Nucleus =  1.6835462744E+01

CP# 7      Coords =  1.37057599479409E+00 -4.80076683656077E-02 -5.11287170448517E+00
           Type = (3,-3) NACP H7
           Rho =  2.0383849594E-01     Rho at Nucleus =  1.9901574725E-01
           GradRho = -1.1129674114E-16 -1.5178830415E-17  4.1930841395E-16
           HessRho_EigVals = -4.0138693900E+00 -4.0025422180E+00 -3.1385526662E+00
           HessRho_EigVec1 =  5.9081061805E-01  2.5232350317E-02  8.0641561375E-01
           HessRho_EigVec2 = -1.5728741548E-02  9.9968110152E-01 -1.9756061233E-02
           HessRho_EigVec3 =  8.0665694089E-01  1.0118120215E-03 -5.9101908256E-01
           DelSqRho = -1.1154964274E+01
           Bond Ellipticity = NA
           V = -2.8191893284E+00
           G =  1.5224129951E-02
           K =  2.8039651985E+00
           L =  2.7887410685E+00
           Vnuc =  3.6135076477E+01
           Ven = -7.3657196398E+00
           Vrep =  4.5465303113E+00
           DelSqV =  6.7785345311E+02
           DelSqVen =  4.0308548715E+02
           DelSqVrep =  2.7476796597E+02
           DelSqG =  5.2023840568E+01
           DelSqK = -7.2987729368E+02
           Stress_EigVals = -1.0163710413E+00 -1.0136749089E+00 -7.8914337822E-01
           Stress_EigVec1 = -1.5705258278E-02  9.9968284005E-01 -1.9686649718E-02
           Stress_EigVec2 =  5.8696526127E-01  2.5157273525E-02  8.0922116485E-01
           Stress_EigVec3 =  8.0945977474E-01  1.1536479025E-03 -5.8717420088E-01
           -DivStress =  9.8700854671E+00  1.3935359227E-02 -7.1650382062E+00
           ESP =   7.9027541613E+00     ESP at Nucleus =   7.8014590390E+00
           ESPe = -9.1348828510E+00     ESPe at Nucleus = -9.0328538071E+00
           ESPn =  1.7037637012E+01     ESPn at Nucleus =  1.6834312846E+01

CP# 8      Coords =  5.87973855576138E-02 -4.96466497545529E+00 -1.36567219492616E+00
           Type = (3,-3) NACP H8
           Rho =  2.0234919073E-01     Rho at Nucleus =  1.9747393833E-01
           GradRho = -7.7120232265E-18  2.3682024766E-15  2.7517796527E-15
           HessRho_EigVals = -3.9828675118E+00 -3.9714521691E+00 -3.1008874358E+00
           HessRho_EigVec1 = -2.0204282419E-02  8.0891205798E-01 -5.8758239374E-01
           HessRho_EigVec2 =  9.9979585889E-01  1.6249297400E-02 -1.2008367454E-02
           HessRho_EigVec3 =  1.6591216724E-04  5.8770506446E-01  8.0907523116E-01
           DelSqRho = -1.1055207117E+01
           Bond Ellipticity = NA
           V = -2.7937441452E+00
           G =  1.4971183005E-02
           K =  2.7787729622E+00
           L =  2.7638017792E+00
           Vnuc =  3.6180986584E+01
           Ven = -7.3211933551E+00
           Vrep =  4.5274492099E+00
           DelSqV =  6.7045137908E+02
           DelSqVen =  3.9998830037E+02
           DelSqVrep =  2.7046307871E+02
           DelSqG =  5.1490918164E+01
           DelSqK = -7.2194229725E+02
           Stress_EigVals = -1.0084169228E+00 -1.0057209903E+00 -7.7960623208E-01
           Stress_EigVec1 =  9.9979505482E-01  1.6278155815E-02 -1.2036195746E-02
           Stress_EigVec2 = -2.0243013337E-02  8.1153892415E-01 -5.8394759611E-01
           Stress_EigVec3 =  2.6225138967E-04  5.8407156774E-01  8.1170212208E-01
           -DivStress = -3.1736417847E-03 -7.1304303170E+00 -9.9116787254E+00
           ESP =   8.0185278644E+00     ESP at Nucleus =   7.9153795628E+00
           ESPe = -9.2578855690E+00     ESPe at Nucleus = -9.1534854643E+00
           ESPn =  1.7276413433E+01     ESPn at Nucleus =  1.7068865027E+01

CP# 9      Coords =  5.06589077633356E+00 -1.35138893060203E+00 -3.34671457387529E-02
           Type = (3,-3) NACP H9
           Rho =  2.0330635312E-01     Rho at Nucleus =  1.9845757316E-01
           GradRho = -9.1601954564E-16  8.0257472895E-16 -6.6721314651E-18
           HessRho_EigVals = -4.0044972910E+00 -3.9930443078E+00 -3.1260071880E+00
           HessRho_EigVec1 =  8.0519833297E-01  5.9259701476E-01 -2.2009604187E-02
           HessRho_EigVec2 =  1.5186815099E-02  1.6496324119E-02  9.9974858436E-01
           HessRho_EigVec3 = -5.9281110417E-01  8.0533014931E-01 -4.2831513894E-03
           DelSqRho = -1.1123548787E+01
           Bond Ellipticity = NA
           V = -2.8111015492E+00
           G =  1.5107176257E-02
           K =  2.7959943730E+00
           L =  2.7808871967E+00
           Vnuc =  3.6137461758E+01
           Ven = -7.3469755612E+00
           Vrep =  4.5358740119E+00
           DelSqV =  6.7541799833E+02
           DelSqVen =  4.0197681890E+02
           DelSqVrep =  2.7344117942E+02
           DelSqG =  5.1872175966E+01
           DelSqK = -7.2729017429E+02
           Stress_EigVals = -1.0139546117E+00 -1.0112083154E+00 -7.8593862215E-01
           Stress_EigVec1 =  1.5170782664E-02  1.6510841586E-02  9.9974858813E-01
           Stress_EigVec2 =  8.0787655501E-01  5.8894151382E-01 -2.1985567106E-02
           Stress_EigVec3 = -5.8915644714E-01  8.0800698352E-01 -4.4040181129E-03
           -DivStress =  7.1978048230E+00 -9.8658382189E+00  5.3641935842E-02
           ESP =   7.9428572260E+00     ESP at Nucleus =   7.8408354870E+00
           ESPe = -9.1766570706E+00     ESPe at Nucleus = -9.0737024815E+00
           ESPn =  1.7119514297E+01     ESPn at Nucleus =  1.6914537968E+01

CP# 10     Coords =  5.02256772873958E+00  1.50143739853338E+00 -8.09958138509046E-02
           Type = (3,-3) NACP H10
           Rho =  2.0327299781E-01     Rho at Nucleus =  1.9842554318E-01
           GradRho = -5.5548742553E-15 -6.5257444783E-15  1.9061078874E-16
           HessRho_EigVals = -4.0039039770E+00 -3.9924536902E+00 -3.1256582606E+00
           HessRho_EigVec1 =  8.2286023261E-01 -5.6823689220E-01 -2.8056960774E-03
           HessRho_EigVec2 =  1.5285127006E-02  1.7198055948E-02  9.9973526084E-01
           HessRho_EigVec3 =  5.6803820512E-01  8.2268527471E-01 -2.2837169385E-02
           DelSqRho = -1.1122015928E+01
           Bond Ellipticity = NA
           V = -2.8107049570E+00
           G =  1.5100487515E-02
           K =  2.7956044694E+00
           L =  2.7805039819E+00
           Vnuc =  3.6139072497E+01
           Ven = -7.3460976044E+00
           Vrep =  4.5353926474E+00
           DelSqV =  6.7533540049E+02
           DelSqVen =  4.0193933992E+02
           DelSqVrep =  2.7339606057E+02
           DelSqG =  5.1866065523E+01
           DelSqK = -7.2720146602E+02
           Stress_EigVals = -1.0138004261E+00 -1.0110549253E+00 -7.8584960561E-01
           Stress_EigVec1 =  1.5160852966E-02  1.7263703788E-02  9.9973602169E-01
           Stress_EigVec2 =  8.2542923683E-01 -5.6449880805E-01 -2.7696021974E-03
           Stress_EigVec3 =  5.6430197902E-01  8.2525333095E-01 -2.2808249271E-02
           -DivStress =  6.8928997475E+00  1.0074456718E+01 -2.7842116085E-01
           ESP =   7.9429774216E+00     ESP at Nucleus =   7.8409809669E+00
           ESPe = -9.1767925172E+00     ESPe at Nucleus = -9.0738585064E+00
           ESPn =  1.7119769939E+01     ESPn at Nucleus =  1.6914839473E+01

CP# 11     Coords = -3.99872817074295E+00 -5.93421165739869E-02  4.04152999910445E-02
           Type = (3,-3) NACP O11
           Rho =  1.4778254973E+02     Rho at Nucleus =  1.4778253703E+02
           GradRho =  8.2446069503E-11  1.9295888265E-14 -1.2601495368E-12
           HessRho_EigVals = -4.1106322919E+05 -4.1105595375E+05 -4.1104513871E+05
           HessRho_EigVec1 = -1.5165872437E-02  9.9974512400E-01 -1.6723736110E-02
           HessRho_EigVec2 =  9.9977447724E-01  1.4913406651E-02 -1.5119026303E-02
           HessRho_EigVec3 =  1.4865764949E-02  1.6949257752E-02  9.9974583355E-01
           DelSqRho = -1.2331643217E+06
           Bond Ellipticity = NA
           V = -3.0836132040E+05
           G =  3.5119993653E+01
           K =  3.0832620041E+05
           L =  3.0829108041E+05
           Vnuc =  1.0178663127E+06
           Ven = -1.5042287897E+08
           Vrep =  1.5011451765E+08
           DelSqV =  1.9613500086E+10
           DelSqVen =  1.2551964196E+12
           DelSqVrep = -1.2355829200E+12
           DelSqG =  8.5770236408E+08
           DelSqK = -2.0471202450E+10
           Stress_EigVals = -1.0278937309E+05 -1.0278669951E+05 -1.0278524780E+05
           Stress_EigVec1 =  1.5045387723E-02  1.6934626060E-02  9.9974339445E-01
           Stress_EigVec2 =  9.9977218804E-01  1.4884381899E-02 -1.5297947184E-02
           Stress_EigVec3 = -1.5139627499E-02  9.9974580450E-01 -1.6706826853E-02
           -DivStress =  5.0171706268E+04  7.4769723289E+02 -8.9753346196E+02
           ESP =  -3.4086198531E+00     ESP at Nucleus =  -3.4086116305E+00
           ESPe = -1.9376152926E+01     ESPe at Nucleus = -1.9376162809E+01
           ESPn =  1.5967533073E+01     ESPn at Nucleus =  1.5967551179E+01

CP# 12     Coords = -5.85700337119821E-02  3.90483247549869E+00 -5.14244039699885E-02
           Type = (3,-3) NACP O12
           Rho =  1.4778548196E+02     Rho at Nucleus =  1.4778546964E+02
           GradRho = -9.8283802429E-13 -6.9876867313E-11  9.6939817285E-14
           HessRho_EigVals = -4.1107140513E+05 -4.1106412049E+05 -4.1105332485E+05
           HessRho_EigVec1 =  1.1917067189E-02  1.4754608272E-02  9.9982012634E-01
           HessRho_EigVec2 = -1.6324531712E-02  9.9976074169E-01 -1.4559156377E-02
           HessRho_EigVec3 =  9.9979572572E-01  1.6148092914E-02 -1.2155078003E-02
           DelSqRho = -1.2331888505E+06
           Bond Ellipticity = NA
           V = -3.0836774828E+05
           G =  3.5267829374E+01
           K =  3.0833248045E+05
           L =  3.0829721262E+05
           Vnuc =  1.0334188980E+06
           Ven = -1.5272430991E+08
           Vrep =  1.5241594216E+08
           DelSqV =  1.9613898308E+10
           DelSqVen =  1.2744006615E+12
           DelSqVrep = -1.2547867632E+12
           DelSqG =  8.5772022230E+08
           DelSqK = -2.0471618530E+10
           Stress_EigVals = -1.0279151249E+05 -1.0278884684E+05 -1.0278738895E+05
           Stress_EigVec1 =  9.9979520101E-01  1.6189515404E-02 -1.2143131026E-02
           Stress_EigVec2 = -1.6365372372E-02  9.9976056762E-01 -1.4525220110E-02
           Stress_EigVec3 =  1.1905067292E-02  1.4720972221E-02  9.9982076511E-01
           -DivStress =  8.4746917294E+02 -4.9418696542E+04  7.1336093792E+02
           ESP =  -3.3059660508E+00     ESP at Nucleus =  -3.3059576444E+00
           ESPe = -1.9500152498E+01     ESPe at Nucleus = -1.9500162586E+01
           ESPn =  1.6194186448E+01     ESPn at Nucleus =  1.6194204942E+01

CP# 13     Coords =  4.15958097666769E-02  4.90600763047011E-02  4.04800995903908E+00
           Type = (3,-3) NACP O13
           Rho =  1.4779458243E+02     Rho at Nucleus =  1.4779456891E+02
           GradRho = -3.0094720119E-13  7.1587180628E-13 -1.1168660441E-10
           HessRho_EigVals = -4.1109711252E+05 -4.1108965055E+05 -4.1107916095E+05
           HessRho_EigVec1 =  9.9981436667E-01  1.5934142234E-02 -1.0832142118E-02
           HessRho_EigVec2 =  1.0519895385E-02  1.9551074209E-02  9.9975351327E-01
           HessRho_EigVec3 = -1.6141994693E-02  9.9968187870E-01 -1.9379819369E-02
           DelSqRho = -1.2332659240E+06
           Bond Ellipticity = NA
           V = -3.0838658567E+05
           G =  3.5052333823E+01
           K =  3.0835153334E+05
           L =  3.0831648100E+05
           Vnuc =  9.8649050898E+05
           Ven = -1.4579795285E+08
           Vrep =  1.4548956626E+08
           DelSqV =  1.9615103217E+10
           DelSqVen =  1.2166051287E+12
           DelSqVrep = -1.1969900260E+12
           DelSqG =  8.5777353692E+08
           DelSqK = -2.0472876754E+10
           Stress_EigVals = -1.0279776497E+05 -1.0279515175E+05 -1.0279366895E+05
           Stress_EigVec1 = -1.6127475411E-02  9.9967818957E-01 -1.9581160367E-02
           Stress_EigVec2 =  1.0537072575E-02  1.9752545737E-02  9.9974937211E-01
           Stress_EigVec3 =  9.9981442010E-01  1.5917105308E-02 -1.0852240330E-02
           -DivStress = -5.3395989117E+02 -1.1628484434E+03 -5.1769360424E+04
           ESP =  -3.4604683518E+00     ESP at Nucleus =  -3.4604600095E+00
           ESPe = -1.9313902847E+01     ESPe at Nucleus = -1.9313912839E+01
           ESPn =  1.5853434495E+01     ESPn at Nucleus =  1.5853452829E+01

CP# 14     Coords = -9.28594317284538E-02  4.92261927117175E+00 -1.49874888913942E+00
           Type = (3,-3) NACP H14
           Rho =  2.0231675316E-01     Rho at Nucleus =  1.9744235936E-01
           GradRho =  4.3502638083E-16 -1.0855767376E-14  1.7701904395E-14
           HessRho_EigVals = -3.9821947732E+00 -3.9707781568E+00 -3.1003850040E+00
           HessRho_EigVec1 = -6.5756621053E-03  8.2586406078E-01  5.6383092659E-01
           HessRho_EigVec2 =  9.9979265999E-01  1.6296151639E-02 -1.2209524053E-02
           HessRho_EigVec3 =  1.9271681393E-02 -5.6363373617E-01  8.2579998410E-01
           DelSqRho = -1.1053357934E+01
           Bond Ellipticity = NA
           V = -2.7932693483E+00
           G =  1.4964932393E-02
           K =  2.7783044159E+00
           L =  2.7633394835E+00
           Vnuc =  3.6187759720E+01
           Ven = -7.3213900508E+00
           Vrep =  4.5281207025E+00
           DelSqV =  6.7033911163E+02
           DelSqVen =  3.9999626102E+02
           DelSqVrep =  2.7034285062E+02
           DelSqG =  5.1481878305E+01
           DelSqK = -7.2182098994E+02
           Stress_EigVals = -1.0082430304E+00 -1.0055477389E+00 -7.7947857895E-01
           Stress_EigVec1 =  9.9979284596E-01  1.6278235316E-02 -1.2218192039E-02
           Stress_EigVec2 = -6.6423740741E-03  8.2838509269E-01  5.6011964533E-01
           Stress_EigVec3 =  1.9239127537E-02 -5.5992245648E-01  8.2832161550E-01
           -DivStress = -2.3486104982E-01  6.8342306755E+00 -1.0112931414E+01
           ESP =   8.0216962575E+00     ESP at Nucleus =   7.9186091391E+00
           ESPe = -9.2613816073E+00     ESPe at Nucleus = -9.1570415240E+00
           ESPn =  1.7283077865E+01     ESPn at Nucleus =  1.7075650663E+01

CP# 15     Coords =  1.47575518405544E+00  9.33102204150609E-02  5.08226251104547E+00
           Type = (3,-3) NACP H15
           Rho =  2.0380774437E-01     Rho at Nucleus =  1.9898536965E-01
           GradRho = -2.9323027025E-15 -5.8004816228E-17 -2.8794851161E-15
           HessRho_EigVals = -4.0132729435E+00 -4.0019467633E+00 -3.1380500657E+00
           HessRho_EigVec1 = -5.7379669885E-01  6.7445509777E-03  8.1896999910E-01
           HessRho_EigVec2 = -1.6487079979E-02  9.9966832871E-01 -1.9784053246E-02
           HessRho_EigVec3 =  8.1883180482E-01  2.4854448318E-02  5.7349518901E-01
           DelSqRho = -1.1153269773E+01
           Bond Ellipticity = NA
           V = -2.8187548411E+00
           G =  1.5218698967E-02
           K =  2.8035361421E+00
           L =  2.7883174431E+00
           Vnuc =  3.6135496110E+01
           Ven = -7.3646939539E+00
           Vrep =  4.5459391128E+00
           DelSqV =  6.7774601880E+02
           DelSqVen =  4.0302893648E+02
           DelSqVrep =  2.7471708232E+02
           DelSqG =  5.2015852571E+01
           DelSqK = -7.2976187137E+02
           Stress_EigVals = -1.0162174387E+00 -1.0135217138E+00 -7.8901568851E-01
           Stress_EigVec1 = -1.6519685564E-02  9.9966935380E-01 -1.9704899542E-02
           Stress_EigVec2 = -5.6989090140E-01  6.7791892471E-03  8.2169240175E-01
           Stress_EigVec3 =  8.2155429552E-01  2.4803743069E-02  5.6959047907E-01
           -DivStress =  1.0016602845E+01  3.0248085223E-01  6.9497308094E+00
           ESP =   7.9032914963E+00     ESP at Nucleus =   7.8020102901E+00
           ESPe = -9.1354705816E+00     ESPe at Nucleus = -9.0334534534E+00
           ESPn =  1.7038762078E+01     ESPn at Nucleus =  1.6835463744E+01

CP# 16     Coords = -1.37057572761570E+00  4.80075331708474E-02  5.11287140076911E+00
           Type = (3,-3) NACP H16
           Rho =  2.0383849425E-01     Rho at Nucleus =  1.9901574551E-01
           GradRho =  8.5978248718E-16  9.2157184661E-18  4.6975769628E-16
           HessRho_EigVals = -4.0138693583E+00 -4.0025421862E+00 -3.1385526285E+00
           HessRho_EigVec1 =  5.9081076504E-01  2.5231204626E-02  8.0641554190E-01
           HessRho_EigVec2 = -1.5728676509E-02  9.9968112967E-01 -1.9754688388E-02
           HessRho_EigVec3 =  8.0665683450E-01  1.0125666307E-03 -5.9101922648E-01
           DelSqRho = -1.1154964173E+01
           Bond Ellipticity = NA
           V = -2.8191893025E+00
           G =  1.5224129623E-02
           K =  2.8039651728E+00
           L =  2.7887410432E+00
