 AIMInt (Version 14.11.23, Professional)
 Portions Copyright (c) 1997-2014 by Todd A. Keith
 AIMInt is a component of the AIMAll package ( http://aim.tkgristmill.com )

 AIMInt is a heavily modified and extended version of the PROAIMV program
 developed by members of R.F.W. Bader's research group

 Much of the Quantum Theory of Atoms in Molecules (QTAIM) is described in the book:
   "Atoms in Molecules - A Quantum Theory"
   R.F.W. Bader, Oxford University Press, Oxford, 1990

 For additional references see:  http://aim.tkgristmill.com/references.html

 Inp File:  E:\Proyecto spin\estructuras hexahidratadas\estructuras hexahidratadas solas\nuevas\Ni23_atomicfiles\ni1.inp
 Wfx File:  E:\Proyecto spin\estructuras hexahidratadas\estructuras hexahidratadas solas\nuevas\Ni23.wfx
 Out File:  E:\Proyecto spin\estructuras hexahidratadas\estructuras hexahidratadas solas\nuevas\Ni23_atomicfiles\ni1.int

 Wfx Title:   Ni[H2O]6 (2+)                                                                 
 Job Title:   Ni[H2O]6 (2+)                                                                 
 
<Atom>
Ni1     
</Atom>
<Nuclei of Molecule>
    19
Ni1       28.0           0.0000000000E+00   0.0000000000E+00   0.0000000000E+00
O2         8.0          -3.9214370762E+00   2.3808692006E-02   2.1353113559E-02
H3         1.0          -5.0036284683E+00  -1.4411347422E+00   1.5908824041E-02
H4         1.0          -4.9805167560E+00   1.5047711243E+00   7.2209196531E-02
O5         8.0           3.1716204243E-02  -3.3294667576E-02   3.9214947566E+00
H6         1.0          -1.4304780954E+00  -6.0645056125E-02   5.0070295418E+00
H7         1.0           1.5157699755E+00  -8.1729232401E-02   4.9763872796E+00
O8         8.0           1.5803806651E-02   3.9209930903E+00   5.1101642237E-02
H9         1.0           1.5748508240E-02   5.0177812945E+00  -1.4028581362E+00
H10        1.0           5.0209233756E-02   4.9652838866E+00   1.5430783458E+00
O11        8.0           3.9214370762E+00  -2.3808692006E-02  -2.1353113559E-02
H12        1.0           5.0036284683E+00   1.4411347422E+00  -1.5908824041E-02
H13        1.0           4.9805167560E+00  -1.5047711243E+00  -7.2209196531E-02
O14        8.0          -3.1716204243E-02   3.3294667576E-02  -3.9214947566E+00
H15        1.0           1.4304780954E+00   6.0645056125E-02  -5.0070295418E+00
H16        1.0          -1.5157699755E+00   8.1729232401E-02  -4.9763872796E+00
O17        8.0          -1.5803806651E-02  -3.9209930903E+00  -5.1101642237E-02
H18        1.0          -1.5748508240E-02  -5.0177812945E+00   1.4028581362E+00
H19        1.0          -5.0209233756E-02  -4.9652838866E+00  -1.5430783458E+00
</Nuclei of Molecule>
<Total Number of CPs of DelSqRho>
    97
</Total Number of CPs of DelSqRho>
<Number of (3,+3) CPs of DelSqRho>
    14
</Number of (3,+3) CPs of DelSqRho>
<Number of (3,+1) CPs of DelSqRho>
    36
</Number of (3,+1) CPs of DelSqRho>
<Number of (3,-1) CPs of DelSqRho>
    35
</Number of (3,-1) CPs of DelSqRho>
<Number of (3,-3) CPs of DelSqRho>
    12
</Number of (3,-3) CPs of DelSqRho>
<Number of Degenerate CPs of DelSqRho>
     0
</Number of Degenerate CPs of DelSqRho>
<CP of DelSqRho>
CP# = 1       
Type = (3,+3)
Coords = -6.46234853557053E-27  1.26722615814703E-26 -3.80672718423451E-26
DistFromNuc =  4.0638225204E-26
Rho =  1.4571806022E+04
DelSqRho = -2.5337045403E+09
GradDelSqRho = -1.3092745642E-11  4.5087739475E-11 -6.4669508425E-11
HessDelSqRho_EigVals =  1.8542787758E+15  1.8542787758E+15  1.8542787760E+15
HessDelSqRho_EigVec1 =  5.5701705414E-02  7.1201627458E-01  6.9995010161E-01
HessDelSqRho_EigVec2 =  8.6531087803E-01 -3.8417744141E-01  3.2193909033E-01
HessDelSqRho_EigVec3 =  4.9813091089E-01  5.8774188063E-01 -6.3751476639E-01
</CP of DelSqRho>
<CP of DelSqRho>
CP# = 2       
Type = (3,-1)
Coords =  1.43116630775919E-01 -7.94942685709690E-04 -1.05410618619500E-03
DistFromNuc =  1.4312272034E-01
Rho =  1.3970190736E+02
DelSqRho = -1.0091237523E+04
GradDelSqRho =  1.1641532183E-10  0.0000000000E+00 -2.8194335755E-11
HessDelSqRho_EigVals = -1.5601558105E+05 -1.5598308981E+05  2.4288866969E+07
HessDelSqRho_EigVec1 =  9.1836937747E-03  6.7449438651E-01  7.3822285412E-01
HessDelSqRho_EigVec2 = -8.6657647788E-04  7.3825907814E-01 -6.7451670297E-01
HessDelSqRho_EigVec3 =  9.9995745350E-01 -5.5548282852E-03 -7.3644462698E-03
</CP of DelSqRho>
<CP of DelSqRho>
CP# = 3       
Type = (3,-1)
Coords = -1.43116630775919E-01  7.94942685710145E-04  1.05410618619441E-03
DistFromNuc =  1.4312272034E-01
Rho =  1.3970190736E+02
DelSqRho = -1.0091237523E+04
GradDelSqRho =  0.0000000000E+00 -8.7311491370E-11 -2.4556356948E-11
HessDelSqRho_EigVals = -1.5601558105E+05 -1.5598308981E+05  2.4288866969E+07
HessDelSqRho_EigVec1 =  9.1836937748E-03  6.7449438645E-01  7.3822285417E-01
HessDelSqRho_EigVec2 = -8.6657647713E-04  7.3825907819E-01 -6.7451670291E-01
HessDelSqRho_EigVec3 =  9.9995745350E-01 -5.5548282852E-03 -7.3644462698E-03
</CP of DelSqRho>
<CP of DelSqRho>
CP# = 4       
Type = (3,-1)
Coords = -7.86752780625459E-04 -1.43110409132400E-01 -1.70277918807551E-03
DistFromNuc =  1.4312270134E-01
Rho =  1.3970195172E+02
DelSqRho = -1.0091244653E+04
GradDelSqRho =  5.8207660913E-11  9.0949470177E-12 -1.6279955162E-10
HessDelSqRho_EigVals = -1.5600991169E+05 -1.5598238642E+05  2.4288887299E+07
HessDelSqRho_EigVec1 =  7.2960922865E-01 -1.2146841590E-02  6.8375640963E-01
HessDelSqRho_EigVec2 = -6.8384220540E-01 -4.9227927825E-03  7.2961332514E-01
HessDelSqRho_EigVec3 =  5.4965063644E-03  9.9991410649E-01  1.1898237987E-02
</CP of DelSqRho>
<CP of DelSqRho>
CP# = 5       
Type = (3,-1)
Coords = -1.06652911143696E-03  1.67626761644710E-03 -1.43108939709441E-01
DistFromNuc =  1.4312273049E-01
Rho =  1.3970189007E+02
DelSqRho = -1.0091242478E+04
GradDelSqRho = -8.1854523160E-11  4.0017766878E-11 -5.8207660913E-11
HessDelSqRho_EigVals = -1.5601769723E+05 -1.5597759270E+05  2.4288858728E+07
HessDelSqRho_EigVec1 = -7.3508375666E-01  6.7784351612E-01  1.3417836934E-02
HessDelSqRho_EigVec2 =  6.7793534464E-01  7.3511292702E-01  3.5571090032E-03
HessDelSqRho_EigVec3 =  7.4524621085E-03 -1.1711198955E-02  9.9990364967E-01
</CP of DelSqRho>
<CP of DelSqRho>
CP# = 6       
Type = (3,+1)
Coords =  1.76124876529637E-04 -1.02470055066230E-01  1.00077678261353E-01
DistFromNuc =  1.4323297418E-01
Rho =  1.4004423758E+02
DelSqRho = -1.0491000461E+04
GradDelSqRho =  2.9103830457E-11 -5.0931703299E-11 -2.6830093702E-11
HessDelSqRho_EigVals = -7.7886214941E+04  1.5590552854E+05  2.4153768219E+07
HessDelSqRho_EigVec1 =  9.9995741904E-01 -5.5100056476E-03 -7.4026990776E-03
HessDelSqRho_EigVec2 =  9.1458241335E-03  6.9868477907E-01  7.1537118575E-01
HessDelSqRho_EigVec3 = -1.2304538958E-03  7.1540842834E-01 -6.9870542194E-01
</CP of DelSqRho>
<CP of DelSqRho>
CP# = 7       
Type = (3,+1)
Coords = -1.31536420492047E-03 -1.00074674254528E-01 -1.02464377527438E-01
DistFromNuc =  1.4323274511E-01
Rho =  1.4004369471E+02
DelSqRho = -1.0490638686E+04
GradDelSqRho = -2.9103830457E-11  4.3655745685E-11 -9.4587448984E-11
HessDelSqRho_EigVals = -7.7989257626E+04  1.5583526235E+05  2.4153951106E+07
HessDelSqRho_EigVec1 =  9.9995680392E-01 -5.3911024485E-03 -7.5714141389E-03
HessDelSqRho_EigVec2 = -1.4334090670E-03  7.1540826874E-01 -6.9870519846E-01
HessDelSqRho_EigVec3 =  9.1834435872E-03  6.9868587007E-01  7.1536963825E-01
</CP of DelSqRho>
<CP of DelSqRho>
CP# = 8       
Type = (3,+1)
Coords = -1.02023388482943E-01  1.74617495314073E-03 -1.00517722687581E-01
DistFromNuc =  1.4323279477E-01
Rho =  1.4004377688E+02
DelSqRho = -1.0490705287E+04
GradDelSqRho =  4.3655745685E-11 -1.7462298274E-10  0.0000000000E+00
HessDelSqRho_EigVals = -7.7971976676E+04  1.5585104524E+05  2.4153909275E+07
HessDelSqRho_EigVec1 =  5.6660730003E-03  9.9991644300E-01  1.1619063088E-02
HessDelSqRho_EigVec2 = -7.0186165257E-01 -4.2998221648E-03  7.1230031039E-01
HessDelSqRho_EigVec3 =  7.1229075262E-01 -1.2190920377E-02  7.0177864401E-01
</CP of DelSqRho>
<CP of DelSqRho>
CP# = 9       
Type = (3,+1)
Coords =  1.00712326414608E-01 -1.01827592305364E-01 -1.94918000689395E-03
DistFromNuc =  1.4323278448E-01
Rho =  1.4004382760E+02
DelSqRho = -1.0490706248E+04
GradDelSqRho =  1.1641532183E-10  2.3283064365E-10 -3.2741809264E-11
HessDelSqRho_EigVals = -7.7979120980E+04  1.5584982938E+05  2.4153922343E+07
HessDelSqRho_EigVec1 =  7.2584285707E-03 -1.1961441910E-02  9.9990211477E-01
HessDelSqRho_EigVec2 =  7.1101707170E-01  7.0316723402E-01  3.2503455564E-03
HessDelSqRho_EigVec3 = -7.0313728316E-01  7.1092388123E-01  1.3608678542E-02
</CP of DelSqRho>
<CP of DelSqRho>
CP# = 10      
Type = (3,-1)
Coords =  1.82712385103895E-01 -3.13235998837288E-03  1.80015988324894E-01
DistFromNuc =  2.5651390489E-01
Rho =  3.4230287914E+01
DelSqRho =  3.0813542057E+03
GradDelSqRho =  0.0000000000E+00  1.0913936421E-11 -6.3664629124E-12
HessDelSqRho_EigVals = -1.3217960437E+06 -2.0146214338E+04  4.0271423981E+04
HessDelSqRho_EigVec1 =  7.1229043284E-01 -1.2210210900E-02  7.0177863322E-01
HessDelSqRho_EigVec2 =  5.6657364867E-03  9.9991612120E-01  1.1646887553E-02
HessDelSqRho_EigVec3 = -7.0186197982E-01 -4.3198737686E-03  7.1229986661E-01
</CP of DelSqRho>
<CP of DelSqRho>
CP# = 11      
Type = (3,-1)
Coords =  1.80364944357182E-01 -1.82361466018582E-01 -3.48638174840079E-03
DistFromNuc =  2.5651388325E-01
Rho =  3.4230326248E+01
DelSqRho =  3.0813588664E+03
GradDelSqRho =  0.0000000000E+00 -3.6379788071E-12  3.1832314562E-12
HessDelSqRho_EigVals = -1.3217973385E+06 -2.0148281491E+04  4.0270875266E+04
HessDelSqRho_EigVec1 = -7.0313903265E-01  7.1092246432E-01  1.3592294788E-02
HessDelSqRho_EigVec2 =  7.2625284716E-03 -1.1934354981E-02  9.9990240866E-01
HessDelSqRho_EigVec3 =  7.1101529972E-01  7.0316912680E-01  3.2284161785E-03
</CP of DelSqRho>
<CP of DelSqRho>
CP# = 12      
Type = (3,-1)
Coords = -1.80037968582488E-01 -1.17557623926225E-03  1.82715260750688E-01
DistFromNuc =  2.5651494815E-01
Rho =  3.4230616983E+01
DelSqRho =  3.0812009385E+03
GradDelSqRho = -9.0949470177E-12 -5.4569682106E-12  2.3646862246E-11
HessDelSqRho_EigVals = -1.3217641533E+06 -2.0127976324E+04  4.0280231836E+04
HessDelSqRho_EigVec1 = -7.0186159061E-01 -4.5790737913E-03  7.1229863099E-01
HessDelSqRho_EigVec2 =  5.4902708042E-03  9.9991485733E-01  1.1837863713E-02
HessDelSqRho_EigVec3 =  7.1229219043E-01 -1.2219254232E-02  7.0177669189E-01
</CP of DelSqRho>
<CP of DelSqRho>
CP# = 13      
Type = (3,-1)
Coords =  1.80037968582487E-01  1.17557623926258E-03 -1.82715260750689E-01
DistFromNuc =  2.5651494815E-01
Rho =  3.4230616983E+01
DelSqRho =  3.0812009385E+03
GradDelSqRho =  0.0000000000E+00 -2.2737367544E-12 -5.4569682106E-12
HessDelSqRho_EigVals = -1.3217641533E+06 -2.0127976324E+04  4.0280231836E+04
HessDelSqRho_EigVec1 = -7.0186159061E-01 -4.5790737913E-03  7.1229863099E-01
HessDelSqRho_EigVec2 =  5.4902708042E-03  9.9991485733E-01  1.1837863713E-02
HessDelSqRho_EigVec3 =  7.1229219043E-01 -1.2219254232E-02  7.0177669189E-01
</CP of DelSqRho>
<CP of DelSqRho>
CP# = 14      
Type = (3,-1)
Coords = -1.80364944357182E-01  1.82361466018582E-01  3.48638174840111E-03
DistFromNuc =  2.5651388325E-01
Rho =  3.4230326248E+01
DelSqRho =  3.0813588664E+03
GradDelSqRho =  1.4551915228E-11 -1.8189894035E-11 -8.1854523160E-12
HessDelSqRho_EigVals = -1.3217973385E+06 -2.0148281491E+04  4.0270875266E+04
HessDelSqRho_EigVec1 = -7.0313903265E-01  7.1092246432E-01  1.3592294788E-02
HessDelSqRho_EigVec2 =  7.2625284716E-03 -1.1934354981E-02  9.9990240866E-01
HessDelSqRho_EigVec3 =  7.1101529972E-01  7.0316912680E-01  3.2284161785E-03
</CP of DelSqRho>
<CP of DelSqRho>
CP# = 15      
Type = (3,-1)
Coords = -1.82712385103896E-01  3.13235998837295E-03 -1.80015988324893E-01
DistFromNuc =  2.5651390489E-01
Rho =  3.4230287914E+01
DelSqRho =  3.0813542057E+03
GradDelSqRho =  1.8189894035E-11 -9.0949470177E-12  7.2759576142E-12
HessDelSqRho_EigVals = -1.3217960437E+06 -2.0146214338E+04  4.0271423981E+04
HessDelSqRho_EigVec1 =  7.1229043284E-01 -1.2210210900E-02  7.0177863322E-01
HessDelSqRho_EigVec2 =  5.6657364867E-03  9.9991612120E-01  1.1646887553E-02
HessDelSqRho_EigVec3 = -7.0186197982E-01 -4.3198737686E-03  7.1229986661E-01
</CP of DelSqRho>
<CP of DelSqRho>
CP# = 16      
Type = (3,-1)
Coords =  1.06652911143764E-03 -1.67626761644773E-03  1.43108939709441E-01
DistFromNuc =  1.4312273049E-01
Rho =  1.3970189007E+02
DelSqRho = -1.0091242478E+04
GradDelSqRho = -5.2750692703E-11  5.4569682106E-12 -3.2014213502E-10
HessDelSqRho_EigVals = -1.5601769723E+05 -1.5597759270E+05  2.4288858728E+07
HessDelSqRho_EigVec1 = -7.3508375667E-01  6.7784351611E-01  1.3417836933E-02
HessDelSqRho_EigVec2 =  6.7793534462E-01  7.3511292703E-01  3.5571090035E-03
HessDelSqRho_EigVec3 =  7.4524621085E-03 -1.1711198955E-02  9.9990364967E-01
</CP of DelSqRho>
<CP of DelSqRho>
CP# = 17      
Type = (3,+1)
Coords = -1.76124876529527E-04  1.02470055066228E-01 -1.00077678261355E-01
DistFromNuc =  1.4323297418E-01
Rho =  1.4004423758E+02
DelSqRho = -1.0491000461E+04
GradDelSqRho =  2.9103830457E-11 -1.0913936421E-10  7.1167960414E-11
HessDelSqRho_EigVals = -7.7886214941E+04  1.5590552854E+05  2.4153768219E+07
HessDelSqRho_EigVec1 =  9.9995741904E-01 -5.5100056476E-03 -7.4026990776E-03
HessDelSqRho_EigVec2 =  9.1458241334E-03  6.9868477907E-01  7.1537118575E-01
HessDelSqRho_EigVec3 = -1.2304538958E-03  7.1540842834E-01 -6.9870542194E-01
</CP of DelSqRho>
<CP of DelSqRho>
CP# = 18      
Type = (3,+1)
Coords =  1.02023388482943E-01 -1.74617495314015E-03  1.00517722687581E-01
DistFromNuc =  1.4323279477E-01
Rho =  1.4004377688E+02
DelSqRho = -1.0490705287E+04
GradDelSqRho = -2.3283064365E-10 -5.8207660913E-11 -5.8207660913E-11
HessDelSqRho_EigVals = -7.7971976676E+04  1.5585104524E+05  2.4153909275E+07
HessDelSqRho_EigVec1 =  5.6660730003E-03  9.9991644300E-01  1.1619063088E-02
HessDelSqRho_EigVec2 = -7.0186165257E-01 -4.2998221648E-03  7.1230031039E-01
HessDelSqRho_EigVec3 =  7.1229075262E-01 -1.2190920377E-02  7.0177864401E-01
</CP of DelSqRho>
<CP of DelSqRho>
CP# = 19      
Type = (3,+1)
Coords = -1.01840413383224E-01 -1.00717468073596E-01 -4.39647354754209E-04
DistFromNuc =  1.4323292730E-01
Rho =  1.4004413014E+02
DelSqRho = -1.0490937653E+04
GradDelSqRho = -2.3283064365E-10 -2.9103830457E-11  6.0026650317E-11
HessDelSqRho_EigVals = -7.7894013832E+04  1.5589477684E+05  2.4153801908E+07
HessDelSqRho_EigVec1 =  7.3966459861E-03 -1.1845352669E-02  9.9990248387E-01
HessDelSqRho_EigVec2 = -7.0314047959E-01  7.1092043950E-01  1.3623313024E-02
HessDelSqRho_EigVec3 =  7.1101248624E-01  7.0317267887E-01  3.0705201411E-03
</CP of DelSqRho>
<CP of DelSqRho>
CP# = 20      
Type = (3,+3)
Coords = -8.25599212847042E-02 -8.32367969510737E-02  8.23511547495287E-02
DistFromNuc =  1.4326973741E-01
Rho =  1.4015852013E+02
DelSqRho = -1.0624154308E+04
GradDelSqRho = -1.7462298274E-10 -1.4551915228E-10  1.3460521586E-10
HessDelSqRho_EigVals =  1.0384706290E+05  1.0386752619E+05  2.4109098498E+07
HessDelSqRho_EigVec1 =  8.1672346702E-01 -4.3508572345E-01  3.7902927548E-01
HessDelSqRho_EigVec2 = -2.9877994795E-02 -6.8786844301E-01 -7.2522018073E-01
HessDelSqRho_EigVec3 =  5.7625522457E-01  5.8097970564E-01 -5.7479778861E-01
</CP of DelSqRho>
<CP of DelSqRho>
CP# = 21      
Type = (3,-3)
Coords =  2.55454942467010E-01 -1.41496373012489E-03 -1.88593883801438E-03
DistFromNuc =  2.5546582260E-01
Rho =  3.3664093648E+01
DelSqRho =  3.4132836802E+03
GradDelSqRho =  1.0913936421E-11 -2.0463630790E-12 -5.9117155615E-12
HessDelSqRho_EigVals = -1.3578495445E+06 -4.0792980377E+04 -4.0781978773E+04
HessDelSqRho_EigVec1 =  9.9995741550E-01 -5.5407220735E-03 -7.3802162040E-03
HessDelSqRho_EigVec2 =  9.1782970057E-03  6.8047733261E-01  7.3271164769E-01
HessDelSqRho_EigVec3 = -9.6231823671E-04  7.3274818335E-01 -6.8049920922E-01
</CP of DelSqRho>
<CP of DelSqRho>
CP# = 22      
Type = (3,-3)
Coords = -2.55454942467010E-01  1.41496373012490E-03  1.88593883801402E-03
DistFromNuc =  2.5546582260E-01
Rho =  3.3664093648E+01
DelSqRho =  3.4132836802E+03
GradDelSqRho = -1.8189894035E-11 -2.2737367544E-13 -5.1159076975E-12
HessDelSqRho_EigVals = -1.3578495445E+06 -4.0792980377E+04 -4.0781978773E+04
HessDelSqRho_EigVec1 =  9.9995741550E-01 -5.5407220735E-03 -7.3802162040E-03
HessDelSqRho_EigVec2 =  9.1782970057E-03  6.8047733262E-01  7.3271164769E-01
HessDelSqRho_EigVec3 = -9.6231823675E-04  7.3274818335E-01 -6.8049920922E-01
</CP of DelSqRho>
<CP of DelSqRho>
CP# = 23      
Type = (3,-3)
Coords =  1.40797186635422E-03  2.55443913779285E-01  3.03177018490932E-03
DistFromNuc =  2.5546578460E-01
Rho =  3.3664124774E+01
DelSqRho =  3.4132820194E+03
GradDelSqRho =  2.0463630790E-12  1.9099388737E-11  6.1106675275E-12
HessDelSqRho_EigVals = -1.3578512033E+06 -4.0791241453E+04 -4.0782486292E+04
HessDelSqRho_EigVec1 =  5.5095317882E-03  9.9991435767E-01  1.1871073866E-02
HessDelSqRho_EigVec2 =  7.2396893408E-01 -1.2177550174E-02  6.8972508274E-01
HessDelSqRho_EigVec3 = -6.8981057367E-01 -4.7942264248E-03  7.2397402429E-01
</CP of DelSqRho>
<CP of DelSqRho>
CP# = 24      
Type = (3,-3)
Coords = -1.40797186635401E-03 -2.55443913779285E-01 -3.03177018490953E-03
DistFromNuc =  2.5546578460E-01
Rho =  3.3664124774E+01
DelSqRho =  3.4132820194E+03
GradDelSqRho =  4.5474735089E-13 -3.3651303966E-11  4.5190517994E-12
HessDelSqRho_EigVals = -1.3578512033E+06 -4.0791241453E+04 -4.0782486292E+04
HessDelSqRho_EigVec1 =  5.5095317882E-03  9.9991435767E-01  1.1871073866E-02
HessDelSqRho_EigVec2 =  7.2396893408E-01 -1.2177550174E-02  6.8972508274E-01
HessDelSqRho_EigVec3 = -6.8981057367E-01 -4.7942264248E-03  7.2397402429E-01
</CP of DelSqRho>
<CP of DelSqRho>
CP# = 25      
Type = (3,-3)
Coords =  1.89892904238242E-03 -2.99913668571028E-03  2.55441206552897E-01
DistFromNuc =  2.5546587004E-01
Rho =  3.3664065761E+01
DelSqRho =  3.4132808098E+03
GradDelSqRho = -4.3200998334E-12 -9.7770680441E-12 -5.1386450650E-11
HessDelSqRho_EigVals = -1.3578478180E+06 -4.0792957092E+04 -4.0781200635E+04
HessDelSqRho_EigVec1 =  7.4354494621E-03 -1.1736567510E-02  9.9990347888E-01
HessDelSqRho_EigVec2 = -7.3784896951E-01  6.7483266843E-01  1.3407752026E-02
HessDelSqRho_EigVec3 =  6.7492489381E-01  7.3787744416E-01  3.6421300415E-03
</CP of DelSqRho>
<CP of DelSqRho>
CP# = 26      
Type = (3,-3)
Coords = -1.89892904238248E-03  2.99913668571018E-03 -2.55441206552897E-01
DistFromNuc =  2.5546587004E-01
Rho =  3.3664065761E+01
DelSqRho =  3.4132808098E+03
GradDelSqRho =  3.8653524825E-12  3.8369307731E-12  4.0472514229E-11
HessDelSqRho_EigVals = -1.3578478180E+06 -4.0792957092E+04 -4.0781200635E+04
HessDelSqRho_EigVec1 =  7.4354494621E-03 -1.1736567510E-02  9.9990347888E-01
HessDelSqRho_EigVec2 = -7.3784896950E-01  6.7483266844E-01  1.3407752026E-02
HessDelSqRho_EigVec3 =  6.7492489382E-01  7.3787744415E-01  3.6421300413E-03
</CP of DelSqRho>
<CP of DelSqRho>
CP# = 27      
Type = (3,-1)
Coords =  2.35425742398715E-03  1.79222415581593E-01  1.83502065629267E-01
DistFromNuc =  2.5651359587E-01
Rho =  3.4230213125E+01
DelSqRho =  3.0813968498E+03
GradDelSqRho =  2.7284841053E-12  9.5496943686E-12  4.5474735089E-12
HessDelSqRho_EigVals = -1.3218057458E+06 -2.0150516383E+04  4.0268377705E+04
HessDelSqRho_EigVec1 =  9.1781490130E-03  6.9868613023E-01  7.1536945210E-01
HessDelSqRho_EigVec2 =  9.9995687470E-01 -5.3985292822E-03 -7.5567605711E-03
HessDelSqRho_EigVec3 = -1.4178608658E-03  7.1540795865E-01 -6.9870554769E-01
</CP of DelSqRho>
<CP of DelSqRho>
CP# = 28      
Type = (3,-1)
Coords =  3.02911705348259E-04 -1.83512703393055E-01  1.79228965767153E-01
DistFromNuc =  2.5651515790E-01
Rho =  3.4230694046E+01
DelSqRho =  3.0811746944E+03
GradDelSqRho = -1.0004441720E-11 -2.3646862246E-11  2.9558577808E-12
HessDelSqRho_EigVals = -1.3217581918E+06 -2.0125743753E+04  4.0281122872E+04
HessDelSqRho_EigVec1 = -1.1838221034E-03  7.1540708256E-01 -6.9870688045E-01
HessDelSqRho_EigVec2 =  9.9995749289E-01 -5.5420372436E-03 -7.3687330446E-03
HessDelSqRho_EigVec3 =  9.1439033634E-03  6.9868590371E-01  7.1537011189E-01
</CP of DelSqRho>
<CP of DelSqRho>
CP# = 29      
Type = (3,-1)
Coords = -3.02911705347896E-04  1.83512703393055E-01 -1.79228965767153E-01
DistFromNuc =  2.5651515790E-01
Rho =  3.4230694046E+01
DelSqRho =  3.0811746944E+03
GradDelSqRho = -2.7284841053E-12  1.0004441720E-11 -1.0231815395E-11
HessDelSqRho_EigVals = -1.3217581918E+06 -2.0125743753E+04  4.0281122872E+04
HessDelSqRho_EigVec1 = -1.1838221034E-03  7.1540708256E-01 -6.9870688045E-01
HessDelSqRho_EigVec2 =  9.9995749289E-01 -5.5420372436E-03 -7.3687330446E-03
HessDelSqRho_EigVec3 =  9.1439033634E-03  6.9868590371E-01  7.1537011189E-01
</CP of DelSqRho>
<CP of DelSqRho>
CP# = 30      
Type = (3,-1)
Coords = -2.35425742398755E-03 -1.79222415581593E-01 -1.83502065629267E-01
DistFromNuc =  2.5651359587E-01
Rho =  3.4230213125E+01
DelSqRho =  3.0813968498E+03
GradDelSqRho =  0.0000000000E+00  1.2960299500E-11 -1.0004441720E-11
HessDelSqRho_EigVals = -1.3218057458E+06 -2.0150516383E+04  4.0268377705E+04
HessDelSqRho_EigVec1 =  9.1781490130E-03  6.9868613023E-01  7.1536945210E-01
HessDelSqRho_EigVec2 =  9.9995687470E-01 -5.3985292822E-03 -7.5567605711E-03
HessDelSqRho_EigVec3 = -1.4178608658E-03  7.1540795865E-01 -6.9870554769E-01
</CP of DelSqRho>
<CP of DelSqRho>
CP# = 31      
Type = (3,-1)
Coords =  1.82385420621004E-01  1.80374150172208E-01  7.69413737104129E-04
DistFromNuc =  2.5651484889E-01
Rho =  3.4230621457E+01
DelSqRho =  3.0812075204E+03
GradDelSqRho =  3.1832314562E-12 -5.0022208598E-12  5.8548721427E-12
HessDelSqRho_EigVals = -1.3217673959E+06 -2.0127272072E+04  4.0279605027E+04
HessDelSqRho_EigVec1 =  7.1101303256E-01  7.0317241576E-01  3.0035383574E-03
HessDelSqRho_EigVec2 =  7.4400915863E-03 -1.1794046827E-02  9.9990276802E-01
HessDelSqRho_EigVec3 = -7.0313946879E-01  7.1092155275E-01  1.3617388174E-02
</CP of DelSqRho>
<CP of DelSqRho>
CP# = 32      
Type = (3,-1)
Coords = -1.82385420621004E-01 -1.80374150172208E-01 -7.69413737104459E-04
DistFromNuc =  2.5651484889E-01
Rho =  3.4230621457E+01
DelSqRho =  3.0812075204E+03
GradDelSqRho = -1.7735146685E-11 -9.6633812063E-12  2.1600499167E-12
HessDelSqRho_EigVals = -1.3217673959E+06 -2.0127272072E+04  4.0279605027E+04
HessDelSqRho_EigVec1 =  7.1101303256E-01  7.0317241576E-01  3.0035383574E-03
HessDelSqRho_EigVec2 =  7.4400915863E-03 -1.1794046827E-02  9.9990276802E-01
HessDelSqRho_EigVec3 = -7.0313946879E-01  7.1092155275E-01  1.3617388174E-02
</CP of DelSqRho>
<CP of DelSqRho>
CP# = 33      
Type = (3,+1)
Coords =  1.50240401875092E-01  1.45737438918416E-01  1.48894305105343E-01
DistFromNuc =  2.5686785231E-01
Rho =  3.4420181100E+01
DelSqRho =  2.9709640067E+03
GradDelSqRho = -1.1368683772E-11 -1.2050804798E-11 -3.7516656448E-12
HessDelSqRho_EigVals = -1.3097397362E+06  2.6724828925E+04  2.6752784652E+04
HessDelSqRho_EigVec1 =  5.8489254012E-01  5.6736315560E-01  5.7965486816E-01
HessDelSqRho_EigVec2 =  3.3359671296E-01  4.8313572432E-01 -8.0950176342E-01
HessDelSqRho_EigVec3 = -7.3933344954E-01  6.6684250131E-01  9.3311997259E-02
</CP of DelSqRho>
<CP of DelSqRho>
CP# = 34      
Type = (3,+1)
Coords = -1.46400253494753E-01  1.47310865475341E-01  1.51154329141461E-01
DistFromNuc =  2.5686797490E-01
Rho =  3.4420236661E+01
DelSqRho =  2.9709419589E+03
GradDelSqRho = -3.6379788071E-12 -7.2759576142E-12 -1.8189894035E-12
HessDelSqRho_EigVals = -1.3097360182E+06  2.6726748584E+04  2.6755311645E+04
HessDelSqRho_EigVec1 = -5.6994230237E-01  5.7349062538E-01  5.8845074099E-01
HessDelSqRho_EigVec2 = -3.5912893786E-01 -8.1798738957E-01  4.4935847215E-01
HessDelSqRho_EigVec3 = -7.3904815672E-01 -4.4778712611E-02 -6.7216269529E-01
</CP of DelSqRho>
<CP of DelSqRho>
CP# = 35      
Type = (3,+1)
Coords =  1.48524478706334E-01 -1.50874852049817E-01  1.45459766257603E-01
DistFromNuc =  2.5686822566E-01
Rho =  3.4420280282E+01
DelSqRho =  2.9709276966E+03
GradDelSqRho =  9.0949470177E-12  0.0000000000E+00 -3.6379788071E-12
HessDelSqRho_EigVals = -1.3097288412E+06  2.6725344160E+04  2.6754032542E+04
HessDelSqRho_EigVec1 = -5.7821470799E-01  5.8736193607E-01 -5.6628059080E-01
HessDelSqRho_EigVec2 =  8.1579748213E-01  4.2636200604E-01 -3.9075556036E-01
HessDelSqRho_EigVec3 =  1.1925586213E-02 -6.8791089238E-01 -7.2569717137E-01
</CP of DelSqRho>
<CP of DelSqRho>
CP# = 36      
Type = (3,+1)
Coords = -1.48024131261754E-01 -1.49234536112053E-01  1.47646654666725E-01
DistFromNuc =  2.5686888647E-01
Rho =  3.4420319546E+01
DelSqRho =  2.9709406538E+03
GradDelSqRho = -1.2278178474E-11 -1.0459189070E-11  1.2278178474E-11
HessDelSqRho_EigVals = -1.3097108498E+06  2.6724070808E+04  2.6727586838E+04
HessDelSqRho_EigVec1 =  5.7626384986E-01  5.8097552957E-01 -5.7479336234E-01
HessDelSqRho_EigVec2 =  8.1719856522E-01 -4.1850134281E-01  3.9628667788E-01
HessDelSqRho_EigVec3 = -1.0318931436E-02 -6.9808599764E-01 -7.1593956417E-01
</CP of DelSqRho>
<CP of DelSqRho>
CP# = 37      
Type = (3,+1)
Coords =  1.48024131261754E-01  1.49234536112054E-01 -1.47646654666725E-01
DistFromNuc =  2.5686888647E-01
Rho =  3.4420319546E+01
DelSqRho =  2.9709406538E+03
GradDelSqRho = -1.2732925825E-11  1.1823431123E-11 -1.3642420527E-12
HessDelSqRho_EigVals = -1.3097108498E+06  2.6724070808E+04  2.6727586838E+04
HessDelSqRho_EigVec1 =  5.7626384986E-01  5.8097552957E-01 -5.7479336234E-01
HessDelSqRho_EigVec2 =  8.1719856522E-01 -4.1850134278E-01  3.9628667792E-01
HessDelSqRho_EigVec3 = -1.0318931395E-02 -6.9808599766E-01 -7.1593956415E-01
</CP of DelSqRho>
<CP of DelSqRho>
CP# = 38      
Type = (3,+1)
Coords = -1.48524478706334E-01  1.50874852049817E-01 -1.45459766257603E-01
DistFromNuc =  2.5686822566E-01
Rho =  3.4420280282E+01
DelSqRho =  2.9709276966E+03
GradDelSqRho = -1.8189894035E-12 -8.1854523160E-12  1.8189894035E-12
HessDelSqRho_EigVals = -1.3097288412E+06  2.6725344160E+04  2.6754032542E+04
HessDelSqRho_EigVec1 = -5.7821470799E-01  5.8736193607E-01 -5.6628059080E-01
HessDelSqRho_EigVec2 =  8.1579748213E-01  4.2636200603E-01 -3.9075556037E-01
HessDelSqRho_EigVec3 =  1.1925586200E-02 -6.8791089239E-01 -7.2569717136E-01
</CP of DelSqRho>
<CP of DelSqRho>
CP# = 39      
Type = (3,+1)
Coords =  1.46400253494753E-01 -1.47310865475341E-01 -1.51154329141461E-01
DistFromNuc =  2.5686797490E-01
Rho =  3.4420236661E+01
DelSqRho =  2.9709419589E+03
GradDelSqRho =  1.8189894035E-12 -3.6379788071E-12 -1.4551915228E-11
HessDelSqRho_EigVals = -1.3097360182E+06  2.6726748584E+04  2.6755311645E+04
HessDelSqRho_EigVec1 = -5.6994230237E-01  5.7349062538E-01  5.8845074099E-01
HessDelSqRho_EigVec2 = -3.5912893786E-01 -8.1798738957E-01  4.4935847215E-01
HessDelSqRho_EigVec3 = -7.3904815672E-01 -4.4778712611E-02 -6.7216269529E-01
</CP of DelSqRho>
<CP of DelSqRho>
CP# = 40      
Type = (3,+1)
Coords = -1.50240401875092E-01 -1.45737438918416E-01 -1.48894305105342E-01
DistFromNuc =  2.5686785231E-01
Rho =  3.4420181100E+01
DelSqRho =  2.9709640067E+03
GradDelSqRho =  5.4569682106E-12  1.1368683772E-12  6.0254023992E-12
HessDelSqRho_EigVals = -1.3097397362E+06  2.6724828925E+04  2.6752784652E+04
HessDelSqRho_EigVec1 =  5.8489254012E-01  5.6736315560E-01  5.7965486816E-01
HessDelSqRho_EigVec2 =  3.3359671296E-01  4.8313572432E-01 -8.0950176342E-01
HessDelSqRho_EigVec3 = -7.3933344954E-01  6.6684250131E-01  9.3311997260E-02
</CP of DelSqRho>
<CP of DelSqRho>
CP# = 41      
Type = (3,+1)
Coords =  3.94864900350251E-01 -3.99227065471601E-01 -7.61170948447681E-03
DistFromNuc =  5.6156787431E-01
Rho =  5.1739881940E+00
DelSqRho = -5.7751250786E+01
GradDelSqRho =  7.6738615462E-13 -9.0949470177E-13 -7.8159700934E-14
HessDelSqRho_EigVals = -7.0885027013E+02  1.4168484695E+03  1.0224970816E+04
HessDelSqRho_EigVec1 =  7.2618665761E-03 -1.1880237860E-02  9.9990305792E-01
HessDelSqRho_EigVec2 =  7.1101558849E-01  7.0316900640E-01  3.1908240399E-03
HessDelSqRho_EigVec3 = -7.0313874749E-01  7.1092348982E-01  1.3553353818E-02
</CP of DelSqRho>
<CP of DelSqRho>
CP# = 42      
Type = (3,+1)
Coords = -3.94864900350251E-01  3.99227065471601E-01  7.61170948447683E-03
DistFromNuc =  5.6156787431E-01
Rho =  5.1739881940E+00
DelSqRho = -5.7751250786E+01
GradDelSqRho = -8.2422957348E-13  5.4001247918E-13  8.8817841970E-14
HessDelSqRho_EigVals = -7.0885027013E+02  1.4168484695E+03  1.0224970816E+04
HessDelSqRho_EigVec1 =  7.2618665761E-03 -1.1880237860E-02  9.9990305792E-01
HessDelSqRho_EigVec2 =  7.1101558849E-01  7.0316900640E-01  3.1908240399E-03
HessDelSqRho_EigVec3 = -7.0313874749E-01  7.1092348982E-01  1.3553353818E-02
</CP of DelSqRho>
<CP of DelSqRho>
CP# = 43      
Type = (3,+1)
Coords =  3.99994082537662E-01 -6.88067090994571E-03  3.94100696574398E-01
DistFromNuc =  5.6156742136E-01
Rho =  5.1739794259E+00
DelSqRho = -5.7751932736E+01
GradDelSqRho = -7.6738615462E-13  5.6843418861E-14 -9.0949470177E-13
HessDelSqRho_EigVals = -7.0880598915E+02  1.4168858325E+03  1.0225065875E+04
HessDelSqRho_EigVec1 =  5.6720937234E-03  9.9991545202E-01  1.1701117682E-02
HessDelSqRho_EigVec2 = -7.0186255567E-01 -4.3540334192E-03  7.1229909121E-01
HessDelSqRho_EigVec3 =  7.1228981482E-01 -1.2252803565E-02  7.0177851813E-01
</CP of DelSqRho>
<CP of DelSqRho>
CP# = 44      
Type = (3,+1)
Coords = -3.99994082537662E-01  6.88067090994565E-03 -3.94100696574398E-01
DistFromNuc =  5.6156742136E-01
Rho =  5.1739794259E+00
DelSqRho = -5.7751932736E+01
GradDelSqRho = -3.6948222260E-13  8.5265128291E-14 -2.5579538487E-13
HessDelSqRho_EigVals = -7.0880598915E+02  1.4168858325E+03  1.0225065875E+04
HessDelSqRho_EigVec1 =  5.6720937234E-03  9.9991545202E-01  1.1701117682E-02
HessDelSqRho_EigVec2 = -7.0186255567E-01 -4.3540334192E-03  7.1229909121E-01
HessDelSqRho_EigVec3 =  7.1228981482E-01 -1.2252803565E-02  7.0177851813E-01
</CP of DelSqRho>
<CP of DelSqRho>
CP# = 45      
Type = (3,+1)
Coords =  5.14645522328002E-03  3.92368216151390E-01  4.01720784595118E-01
DistFromNuc =  5.6156824325E-01
Rho =  5.1739033022E+00
DelSqRho = -5.7749988671E+01
GradDelSqRho =  0.0000000000E+00  5.1159076975E-13  5.6843418861E-14
HessDelSqRho_EigVals = -7.0891415660E+02  1.4168235705E+03  1.0225091533E+04
HessDelSqRho_EigVec1 =  9.9995705058E-01 -5.4087925834E-03 -7.5260854683E-03
HessDelSqRho_EigVec2 = -1.3891656729E-03  7.1540176965E-01 -6.9871194222E-01
HessDelSqRho_EigVec3 =  9.1633628336E-03  6.9869238793E-01  7.1536352985E-01
</CP of DelSqRho>
<CP of DelSqRho>
CP# = 46      
Type = (3,+1)
Coords = -5.14645522328001E-03 -3.92368216151390E-01 -4.01720784595118E-01
DistFromNuc =  5.6156824325E-01
Rho =  5.1739033022E+00
DelSqRho = -5.7749988671E+01
GradDelSqRho = -5.6843418861E-14  1.1368683772E-13  5.6843418861E-14
HessDelSqRho_EigVals = -7.0891415660E+02  1.4168235705E+03  1.0225091533E+04
HessDelSqRho_EigVec1 =  9.9995705058E-01 -5.4087925834E-03 -7.5260854683E-03
HessDelSqRho_EigVec2 = -1.3891656729E-03  7.1540176965E-01 -6.9871194222E-01
HessDelSqRho_EigVec3 =  9.1633628336E-03  6.9869238793E-01  7.1536352985E-01
</CP of DelSqRho>
<CP of DelSqRho>
CP# = 47      
Type = (3,+1)
Coords = -1.00529570949265E-01 -6.47188577396595E-04  1.02024822233712E-01
DistFromNuc =  1.4323294956E-01
Rho =  1.4004413011E+02
DelSqRho = -1.0490948928E+04
GradDelSqRho =  1.3096723706E-10  1.1641532183E-10 -1.7462298274E-10
HessDelSqRho_EigVals = -7.7896915614E+04  1.5589836118E+05  2.4153782679E+07
HessDelSqRho_EigVec1 =  5.5297418431E-03  9.9991520333E-01  1.1790169867E-02
HessDelSqRho_EigVec2 =  7.1229277613E-01 -1.2213891364E-02  7.0177619077E-01
HessDelSqRho_EigVec3 = -7.0186068634E-01 -4.5174116592E-03  7.1229991574E-01
</CP of DelSqRho>
<CP of DelSqRho>
CP# = 48      
Type = (3,+3)
Coords =  8.25599212847034E-02  8.32367969510735E-02 -8.23511547495297E-02
DistFromNuc =  1.4326973741E-01
Rho =  1.4015852013E+02
DelSqRho = -1.0624154308E+04
GradDelSqRho =  1.1641532183E-10 -5.8207660913E-11 -5.4569682106E-11
HessDelSqRho_EigVals =  1.0384706290E+05  1.0386752619E+05  2.4109098498E+07
HessDelSqRho_EigVec1 =  8.1672346702E-01 -4.3508572337E-01  3.7902927556E-01
HessDelSqRho_EigVec2 = -2.9877994701E-02 -6.8786844306E-01 -7.2522018069E-01
HessDelSqRho_EigVec3 =  5.7625522457E-01  5.8097970564E-01 -5.7479778861E-01
</CP of DelSqRho>
<CP of DelSqRho>
CP# = 49      
Type = (3,+3)
Coords = -8.28363960679602E-02  8.41536126857286E-02 -8.11324986745238E-02
DistFromNuc =  1.4326961081E-01
Rho =  1.4015830498E+02
DelSqRho = -1.0624096686E+04
GradDelSqRho =  2.0372681320E-10 -2.3283064365E-10  5.8207660913E-11
HessDelSqRho_EigVals =  1.0383169485E+05  1.0396727110E+05  2.4109174764E+07
HessDelSqRho_EigVec1 = -8.1589901557E-01 -4.1890568400E-01  3.9853083233E-01
HessDelSqRho_EigVec2 =  3.1342475625E-03 -6.9246206353E-01 -7.2144748046E-01
HessDelSqRho_EigVec3 = -5.7818593280E-01  5.8737919480E-01 -5.6629207007E-01
</CP of DelSqRho>
<CP of DelSqRho>
CP# = 50      
Type = (3,+3)
Coords =  8.16578484107753E-02 -8.21603203760851E-02 -8.43080526737771E-02
DistFromNuc =  1.4326957178E-01
Rho =  1.4015821062E+02
DelSqRho = -1.0624055327E+04
GradDelSqRho = -2.9103830457E-11  1.7462298274E-10  1.7462298274E-10
HessDelSqRho_EigVals =  1.0383467276E+05  1.0396685856E+05  2.4109199130E+07
HessDelSqRho_EigVec1 = -3.5028225564E-01 -8.1741182666E-01  4.5731853999E-01
HessDelSqRho_EigVec2 = -7.4326913260E-01 -5.4526720028E-02 -6.6676670082E-01
HessDelSqRho_EigVec3 = -5.6995906687E-01  5.7346729849E-01  5.8845723690E-01
</CP of DelSqRho>
<CP of DelSqRho>
CP# = 51      
Type = (3,+3)
Coords = -8.37996240941286E-02 -8.12869798621178E-02 -8.30434574450023E-02
DistFromNuc =  1.4326955684E-01
Rho =  1.4015815496E+02
DelSqRho = -1.0624021532E+04
GradDelSqRho =  8.7311491370E-11  1.0186340660E-10  2.1827872843E-11
HessDelSqRho_EigVals =  1.0382612864E+05  1.0395555843E+05  2.4109211477E+07
HessDelSqRho_EigVec1 =  3.3264577784E-01  4.8396200399E-01 -8.0939950900E-01
HessDelSqRho_EigVec2 =  7.3974922429E-01 -6.6623649187E-01 -9.4339928269E-02
HessDelSqRho_EigVec3 =  5.8490843014E-01  5.6737088010E-01  5.7963127310E-01
</CP of DelSqRho>
<CP of DelSqRho>
CP# = 52      
Type = (3,-1)
Coords =  6.02270358150527E-01 -3.31662677538461E-03 -4.46522914862523E-03
DistFromNuc =  6.0229604232E-01
Rho =  3.9159476731E+00
DelSqRho = -8.1995893673E+00
GradDelSqRho =  2.4158453016E-13 -1.4210854715E-14  6.3948846218E-14
HessDelSqRho_EigVals = -9.5395131623E+02 -9.5352624852E+02  5.4941404370E+03
HessDelSqRho_EigVec1 =  8.8314682714E-03  8.0463281087E-01  5.9370703620E-01
HessDelSqRho_EigVec2 =  2.6867366128E-03 -5.9374714117E-01  8.0464719834E-01
HessDelSqRho_EigVec3 =  9.9995739240E-01 -5.5110817704E-03 -7.4054954713E-03
</CP of DelSqRho>
<CP of DelSqRho>
CP# = 53      
Type = (3,-1)
Coords = -6.02270358150527E-01  3.31662677538464E-03  4.46522914862524E-03
DistFromNuc =  6.0229604232E-01
Rho =  3.9159476731E+00
DelSqRho = -8.1995893673E+00
GradDelSqRho = -1.5987211555E-13  4.2632564146E-14 -6.3948846218E-14
HessDelSqRho_EigVals = -9.5395131623E+02 -9.5352624852E+02  5.4941404370E+03
HessDelSqRho_EigVec1 =  8.8314682714E-03  8.0463281087E-01  5.9370703620E-01
HessDelSqRho_EigVec2 =  2.6867366128E-03 -5.9374714117E-01  8.0464719834E-01
HessDelSqRho_EigVec3 =  9.9995739240E-01 -5.5110817704E-03 -7.4054954713E-03
</CP of DelSqRho>
<CP of DelSqRho>
CP# = 54      
Type = (3,-1)
Coords =  3.33614418820457E-03  6.02243014202308E-01  7.11305869849953E-03
DistFromNuc =  6.0229425833E-01
Rho =  3.9159920826E+00
DelSqRho = -8.2006626504E+00
GradDelSqRho =  2.8421709430E-14 -4.6362913508E-13 -1.0658141036E-14
HessDelSqRho_EigVals = -9.5389715553E+02 -9.5357379859E+02  5.4943058300E+03
HessDelSqRho_EigVec1 =  5.5259686545E-01 -1.2906777309E-02  8.3334873816E-01
HessDelSqRho_EigVec2 =  8.3343031784E-01  1.9199225518E-03 -5.5262122579E-01
HessDelSqRho_EigVec3 =  5.5325940617E-03  9.9991486087E-01  1.1817842699E-02
</CP of DelSqRho>
<CP of DelSqRho>
CP# = 55      
Type = (3,-1)
Coords = -3.33614418820451E-03 -6.02243014202308E-01 -7.11305869849951E-03
DistFromNuc =  6.0229425833E-01
Rho =  3.9159920826E+00
DelSqRho = -8.2006626504E+00
GradDelSqRho =  2.8421709430E-14  1.2434497876E-13 -5.6843418861E-14
HessDelSqRho_EigVals = -9.5389715553E+02 -9.5357379859E+02  5.4943058300E+03
HessDelSqRho_EigVec1 =  5.5259686545E-01 -1.2906777309E-02  8.3334873816E-01
HessDelSqRho_EigVec2 =  8.3343031784E-01  1.9199225518E-03 -5.5262122579E-01
HessDelSqRho_EigVec3 =  5.5325940617E-03  9.9991486087E-01  1.1817842699E-02
</CP of DelSqRho>
<CP of DelSqRho>
CP# = 56      
Type = (3,-1)
Coords =  4.45470442625236E-03 -7.09964790016597E-03  6.02238236100216E-01
DistFromNuc =  6.0229655687E-01
Rho =  3.9159268489E+00
DelSqRho = -8.1992856037E+00
GradDelSqRho =  2.1316282073E-14  4.9737991503E-14  2.5579538487E-13
HessDelSqRho_EigVals = -9.5391969847E+02 -9.5354537895E+02  5.4940913476E+03
HessDelSqRho_EigVec1 = -8.3793351462E-01  5.4562621589E-01  1.2627652598E-02
HessDelSqRho_EigVec2 =  5.4572212932E-01  8.3794593810E-01  5.8277261766E-03
HessDelSqRho_EigVec3 =  7.4015300214E-03 -1.1774436542E-02  9.9990328532E-01
</CP of DelSqRho>
<CP of DelSqRho>
CP# = 57      
Type = (3,-1)
Coords = -4.45470442625235E-03  7.09964790016596E-03 -6.02238236100216E-01
DistFromNuc =  6.0229655687E-01
Rho =  3.9159268489E+00
DelSqRho = -8.1992856037E+00
GradDelSqRho = -1.4210854715E-14 -2.8421709430E-14 -1.1368683772E-13
HessDelSqRho_EigVals = -9.5391969847E+02 -9.5354537895E+02  5.4940913476E+03
HessDelSqRho_EigVec1 = -8.3793351462E-01  5.4562621589E-01  1.2627652598E-02
HessDelSqRho_EigVec2 =  5.4572212932E-01  8.3794593810E-01  5.8277261766E-03
HessDelSqRho_EigVec3 =  7.4015300214E-03 -1.1774436542E-02  9.9990328532E-01
</CP of DelSqRho>
<CP of DelSqRho>
CP# = 58      
Type = (3,+1)
Coords =  6.03395627813412E-04 -4.01750685527256E-01  3.92362761950084E-01
DistFromNuc =  5.6156256497E-01
Rho =  5.1743972063E+00
DelSqRho = -5.7762498831E+01
GradDelSqRho =  7.1054273576E-14 -3.4106051316E-13  1.3500311979E-13
HessDelSqRho_EigVals = -7.0820310399E+02  1.4170624032E+03  1.0225194370E+04
HessDelSqRho_EigVec1 =  9.9995764216E-01 -5.6177586096E-03 -7.2907245782E-03
HessDelSqRho_EigVec2 =  9.1410084537E-03  6.9868205624E-01  7.1537390661E-01
HessDelSqRho_EigVec3 = -1.0751005168E-03  7.1541024949E-01 -6.9870381356E-01
</CP of DelSqRho>
<CP of DelSqRho>
CP# = 59      
Type = (3,+1)
Coords = -6.03395627813406E-04  4.01750685527256E-01 -3.92362761950084E-01
DistFromNuc =  5.6156256497E-01
Rho =  5.1743972063E+00
DelSqRho = -5.7762498831E+01
GradDelSqRho =  0.0000000000E+00  3.6948222260E-13 -5.1159076975E-13
HessDelSqRho_EigVals = -7.0820310399E+02  1.4170624032E+03  1.0225194370E+04
HessDelSqRho_EigVec1 =  9.9995764216E-01 -5.6177586096E-03 -7.2907245782E-03
HessDelSqRho_EigVec2 =  9.1410084537E-03  6.9868205624E-01  7.1537390661E-01
HessDelSqRho_EigVec3 = -1.0751005168E-03  7.1541024949E-01 -6.9870381356E-01
</CP of DelSqRho>
<CP of DelSqRho>
CP# = 60      
Type = (3,+1)
Coords = -3.94136310703241E-01 -2.65096953815146E-03  4.00002808693878E-01
DistFromNuc =  5.6156273560E-01
Rho =  5.1743385474E+00
DelSqRho = -5.7761597870E+01
GradDelSqRho = -3.7090330807E-12 -6.2385652200E-12  3.6237679524E-12
HessDelSqRho_EigVals = -7.0827977631E+02  1.4170746026E+03  1.0225285611E+04
HessDelSqRho_EigVec1 =  5.3945692144E-03  9.9991414724E-01  1.1941389363E-02
HessDelSqRho_EigVec2 =  7.1229138402E-01 -1.2223752177E-02  7.0177743204E-01
