AIMSum (Version 19.02.13, Professional)
Copyright (c) 1997-2019 by Todd A. Keith
AIMSum is a component of the AIMAll package ( http://aim.tkgristmill.com )

TP:  64-bit Linux

Licensed To:  Research Group of Fernando Cortes Guzman, UNAM, fercor@unam.mx

Much of the Quantum Theory of Atoms in Molecules (QTAIM) is described in the book:
  "Atoms in Molecules - A Quantum Theory"
  R.F.W. Bader, Oxford University Press, Oxford, 1990

For additional references see:  http://aim.tkgristmill.com/references.html

Wfx File:  /home/scratch/M_H2O_4_tetraedrico/Opt/Mn3_tetraedrico_cc-pvtz-def2-tzv_1.wfx
Sum File:  /home/scratch/M_H2O_4_tetraedrico/Opt/Mn3_tetraedrico_cc-pvtz-def2-tzv_1.sum

SumViz File:  /home/scratch/M_H2O_4_tetraedrico/Opt/Mn3_tetraedrico_cc-pvtz-def2-tzv_1.sumviz

Wfx Title:   Mn3_tetraedrico_cc-pvtz-def2-tzv_1                                            
 
Total memory allocated for AIMSum =        0.752 Megabytes

Atomic units (a.u.) used throughout, except where stated otherwise

Model:  Restricted SCF
 
Restricted, closed-shell, single-determinant wavefunction.
  Number of electrons (from MO Occs)                   =          62.0000000000
  Number of Alpha electrons (from MO Occs)             =          31.0000000000
  Number of Beta electrons (from MO Occs)              =          31.0000000000
  Number of electron pairs (N*(N-1)/2)                 =        1891.0000000000
  Number of electron pairs (from Muller 2EDM)          =        1891.0000000000
 
Nuclear Charges and Cartesian Coordinates:
-------------------------------------------------------------------------------
Atom      Charge                X                  Y                  Z
-------------------------------------------------------------------------------
Mn1       25.0          -2.3417154361E-05   5.1701735360E-05  -2.4150699978E-05
O2         8.0          -1.8201651221E+00   2.1677096249E+00   1.9868035375E+00
H3         1.0          -3.4659205552E+00   2.9278486125E+00   1.4822867789E+00
O4         8.0           2.1715928313E+00   1.8100777495E+00  -1.9917644655E+00
H5         1.0           3.0096016588E+00   1.2470439200E+00  -3.5805527699E+00
O6         8.0           1.8060200415E+00  -2.1614284424E+00   2.0063037349E+00
H7         1.0           1.2406471022E+00  -2.9921569017E+00   3.5981866171E+00
O8         8.0          -2.1575423074E+00  -1.8161512936E+00  -2.0014386349E+00
H9         1.0          -2.9833789890E+00  -1.2590542798E+00  -3.5987373777E+00
H10        1.0           2.9312054045E+00   3.4579546522E+00  -1.4934321947E+00
H11        1.0           3.4557566507E+00  -2.9219309101E+00   1.5153137115E+00
H12        1.0          -1.2664886975E+00   3.0001628647E+00   3.5818141621E+00
H13        1.0          -2.9200806913E+00  -3.4628216086E+00  -1.5035085357E+00
 
Some Atomic Properties:
----------------------
  q(A) = Net Charge of Atom A
  L(A) = Lagrangian of Atom A = -(1/4) Times Atomic Integral of the Laplacian of the Electron Density
  K(A) = Electronic Kinetic Energy of Atom A (Hamiltonian Form)
  K_Scaled(A) = K(A) * E(Mol)/K(Mol) = Approximation to Virial-Based Total Energy of Atom A.
  |Mu_Intra(A)| = Magnitude of Intraatomic Dipole Moment of Atom A
--------------------------------------------------------------------------------------------------
Atom A          q(A)              L(A)              K(A)          K_Scaled(A)      |Mu_Intra(A)|
--------------------------------------------------------------------------------------------------
Mn1       1.7740252230E+00 -1.1201798580E-05  1.1492438256E+03 -1.1517924355E+03  4.0465970956E-04
O2       -1.1225889269E+00 -2.1530429885E-05  7.5319933478E+01 -7.5486966028E+01  2.1953092391E-01
H3        7.1442307013E-01  1.1464580963E-05  2.8083447024E-01 -2.8145726019E-01  9.9525885688E-02
O4       -1.1225673924E+00 -3.0286906412E-05  7.5319968255E+01 -7.5487000882E+01  2.1963718830E-01
H5        7.1466255774E-01  1.1052711912E-05  2.8040484550E-01 -2.8102668269E-01  9.9715341479E-02
O6       -1.1225706198E+00 -2.5881959933E-05  7.5319858044E+01 -7.5486890426E+01  2.1963617121E-01
H7        7.1467321754E-01  1.2225309764E-05  2.8038528975E-01 -2.8100708358E-01  9.9705187955E-02
O8       -1.1225610947E+00  4.3047684328E-06  7.5319916111E+01 -7.5486948623E+01  2.1960318223E-01
H9        7.1468182659E-01  1.2713333898E-05  2.8038428614E-01 -2.8100607774E-01  9.9705073441E-02
H10       7.1442334435E-01  1.9620055149E-05  2.8083991171E-01 -2.8146271373E-01  9.9526400490E-02
H11       7.1436536299E-01  2.7437973385E-05  2.8088039212E-01 -2.8150328391E-01  9.9534479761E-02
H12       7.1467602220E-01  1.1346335478E-05  2.8039277244E-01 -2.8101458286E-01  9.9708362711E-02
H13       7.1439190070E-01  1.9126038289E-05  2.8086017983E-01 -2.8148302680E-01  9.9532091106E-02
--------------------------------------------------------------------------------------------------
Total     3.0000344914E+00  4.0390012461E-05  1.4527684836E+03 -1.4559902022E+03
 
1st Largest |L(A)| = 3.0286906412E-05, atom O4      
2nd Largest |L(A)| = 2.7437973385E-05, atom H11     
 
Molecular charge q(Mol) from the wfx file:   3.0000000000E+00
Molecular energy E(Mol) from the wfx file:  -1.4559901977E+03
Molecular virial ratio (-V(Mol)/T(Mol)) from the wfx file:   2.0022176407E+00
Full molecular virial ratio ((-V(Mol)+W(Mol))/T(Mol)) from the wfx file:   2.0022178909E+00
Note.  K_Scaled(A) = (1+V(Mol)/T(Mol))*K(A) = (E(Mol)/T(Mol))*K(A)
       Only use K_Scaled(A) data with caution.
 
N_AIMInt(SumA)     =         61.999966
N_Analytic(Mol)    =         62.000000
 
G_AIMInt(SumA)     =       1452.768443
G_Analytic(Mol)    =       1452.768479
 
K_AIMInt(SumA)     =       1452.768484
K_Analytic(Mol)    =       1452.768479
 
L_AIMInt(SumA)     =          0.000040
L_Analytic(Mol)    =          0.000000
 
VenT_AIMInt(SumA)  =      -4231.505645
VenT_Analytic(Mol) =      -4231.506213
 
Some Information About the Atomic Calculations:
----------------------------------------------
  Time(sec) = "Elapsed User Time", in Seconds, for Atom A by AIMInt and, if used, by TWOe
  NProc = Number of Processors Used for AIMInt Job
  BIM = Basin Integration Method
  OAQ = Angular Quadrature Outside of Beta Sphere
  ORQ = Multiple of Default for Radial Quadrature Outside of Beta Sphere
  IAQ = Multiple of Default for Angular Quadrature Inside of Beta Sphere
  IRQ = Multiple of Default for Radial Quadrature Inside of Beta Sphere
  MIR = Maximum Integration Radius
------------------------------------------------------------------------------------------------------
Atom A     Time(sec)   NProc      BIM          OAQ                     ORQ      IAQ      IRQ      MIR
------------------------------------------------------------------------------------------------------
Mn1           233        1     Proaim(5)    4500(GS4)                  1.00     1.00     1.00    13.00
O2            150        1     Proaim(5)    4500(GS4)                  1.00     1.00     1.00    13.00
H3             51        1     Proaim(5)    1800(GS4)                  1.00     1.00     1.00    13.00
O4            153        1     Proaim(5)    4500(GS4)                  1.00     1.00     1.00    13.00
H5             51        1     Proaim(5)    1800(GS4)                  1.00     1.00     1.00    13.00
O6            152        1     Proaim(5)    4500(GS4)                  1.00     1.00     1.00    13.00
H7             52        1     Proaim(5)    1800(GS4)                  1.00     1.00     1.00    13.00
O8            152        1     Proaim(5)    4500(GS4)                  1.00     1.00     1.00    13.00
H9             51        1     Proaim(5)    1800(GS4)                  1.00     1.00     1.00    13.00
H10            52        1     Proaim(5)    1800(GS4)                  1.00     1.00     1.00    13.00
H11            51        1     Proaim(5)    1800(GS4)                  1.00     1.00     1.00    13.00
H12            52        1     Proaim(5)    1800(GS4)                  1.00     1.00     1.00    13.00
H13            51        1     Proaim(5)    1800(GS4)                  1.00     1.00     1.00    13.00
------------------------------------------------------------------------------------------------------
Total        1251
Note:  Total wall clock time is less than total of atomic times if more than one atom
       was calculated at a time
 
Electron Density Critical Point Analysis of Molecular Structure:               
---------------------------------------------------------------                
  NACP = Nuclear Attractor Critical Point                                      
  NNACP = Non-Nuclear Attractor Critical Point                                 
  BCP = Bond Critical Point                                                    
  RCP = Ring Critical Point                                                    
  CCP = Cage Critical Point                                                    
  Rho = Electron Density                                                       
  GradRho = Gradient of Electron Density                                       
  HessRho_EigVals = Eigenvalues of the Hessian of Rho, Ascending Order         
  HessRho_EigVecs = Eigenvectors of the Hessian of Rho                         
  DelSqRho = Laplacian of Rho = Trace of Hessian of Rho                        
  Bond Ellipticity = (HessRho_EigVal(1) / HessRho_EigVal(2)) - 1               
  V = Virial Field = Potential Energy Density = Trace of Stress Tensor         
  G = Lagrangian Form of Kinetic Energy Density                                
  K = Hamiltonian Form of Kinetic Energy Density                               
  L = K - G = Lagrangian Density = (-1/4)DelSqRho                              
  Vnuc = Electrostatic Potential from Nuclei                                   
  Ven = Electron-nuclear attractive contribution to Virial Field V             
  Vrep = V - Ven = Repulsive contribution to Virial Field V                    
  DelSqV = Laplacian of V                                                      
  DelSqVen = Laplacian of Ven                                                  
  DelSqVrep = Laplacian of Vrep                                                
  DelSqG = Laplacian of G                                                      
  DelSqK = Laplacian of K                                                      
  Stress_EigVals = Eigenvalues of Stress Tensor, Ascending Order               
  Stress_EigVecs = Eigenvectors of Stress Tensor                               
  -DivStress = Ehrenfest Force Density = Minus Divergence of Stress Tensor     
  ESP = Total Electrostatic Potential                                          
  ESPe = Electrostatic Potential from Electrons                                
  ESPn = Electrostatic Potential from Nuclei                                   
  BP = Bond Path                                                               
  BPL = Bond Path Length                                                       
  GBL = Geometric Bond Length                                                  
  GBL_I = Distance Between Nuclear Attractors                                  
  GBL_II = Distance Between Nuclei                                             
  GBL_III = Sum of Distances Between BCP and Nuclear Attractors                
  GBL_IV = Sum of Distances Between BCP and Nuclei                             

CP# 1      Coords = -2.34171536004957E-05  5.17017367182943E-05 -2.41507009363103E-05
           Type = (3,-3) NACP Mn1
           Rho =  1.0483449334E+04     Rho at Nucleus =  1.0483449334E+04
           GradRho =  1.7880957132E-12 -1.4825571326E-12  1.9246999827E-12
           HessRho_EigVals = -1.9960397581E+09 -1.9960397581E+09 -1.9960397554E+09
           HessRho_EigVec1 =  4.5420189672E-01  8.9087394070E-01 -6.6527277619E-03
           HessRho_EigVec2 =  8.9080123701E-01 -4.5402900492E-01  1.8188425773E-02
           HessRho_EigVec3 = -1.3183063178E-02  1.4187475604E-02  9.9981244360E-01
           DelSqRho = -5.9881192716E+09
           Bond Ellipticity = NA
           V = -1.4973635080E+09
           G =  1.6684504294E+05
           K =  1.4971966629E+09
           L =  1.4970298179E+09
           Vnuc =  2.5000000109E+09
           Ven = -2.6208623450E+13
           Vrep =  2.6207126087E+13
           DelSqV =  4.1591100206E+16
           DelSqVen =  7.8625867382E+29
           DelSqVrep = -7.8625867382E+29
           DelSqG =  2.8509262295E+14
           DelSqK = -4.1876192829E+16
           Stress_EigVals = -4.9912117011E+08 -4.9912116894E+08 -4.9912116893E+08
           Stress_EigVec1 = -1.5643623860E-02  7.8876270289E-03  9.9984651941E-01
           Stress_EigVec2 =  8.7550852664E-01  4.8310150555E-01  9.8871190654E-03
           Stress_EigVec3 = -4.8294937294E-01  8.7552882344E-01 -1.4463142958E-02
           -DivStress = -1.0509326289E+04 -1.8756761532E+04  1.3234262697E+04
           ESP =  -1.0875426275E+02     ESP at Nucleus =  -1.0875426275E+02
           ESPe = -1.1967199126E+02     ESPe at Nucleus = -1.1967199126E+02
           ESPn =  1.0917728515E+01     ESPn at Nucleus =  1.0917728515E+01

CP# 2      Coords = -1.82016602040858E+00  2.16771212856970E+00  1.98680439543491E+00
           Type = (3,-3) NACP O2
           Rho =  2.9716269029E+02     Rho at Nucleus =  2.9716268596E+02
           GradRho = -4.1114223137E-11 -3.4332536814E-11  2.3159252294E-12
           HessRho_EigVals = -1.1092246659E+06 -1.1092198075E+06 -1.1091943275E+06
           HessRho_EigVec1 =  7.4075781853E-01 -2.0135112473E-03  6.7176915682E-01
           HessRho_EigVec2 = -5.1026332294E-01  6.4872689515E-01  5.6461026980E-01
           HessRho_EigVec3 =  4.3693156849E-01  7.6101863399E-01 -4.7952209874E-01
           DelSqRho = -3.3276388009E+06
           Bond Ellipticity = NA
           V = -8.3204589601E+05
           G =  6.8097892431E+01
           K =  8.3197779812E+05
           L =  8.3190970023E+05
           Vnuc =  2.8623552844E+06
           Ven = -8.5058519688E+08
           Vrep =  8.4975315099E+08
           DelSqV =  9.3037436852E+10
           DelSqVen =  9.5248844882E+12
           DelSqVrep = -9.4318470513E+12
           DelSqG =  3.1057876398E+09
           DelSqK = -9.6143224492E+10
           Stress_EigVals = -2.7735299013E+05 -2.7734695896E+05 -2.7734594692E+05
           Stress_EigVec1 =  4.3870021589E-01  7.5908691938E-01 -4.8096691093E-01
           Stress_EigVec2 = -5.0368460622E-01  6.5095269181E-01  5.6794578129E-01
           Stress_EigVec3 =  7.4420691883E-01 -6.9023077339E-03  6.6791348250E-01
           -DivStress =  2.7324647056E+04 -7.6225865363E+04 -2.6101179143E+04
           ESP =  -2.1670563030E+01     ESP at Nucleus =  -2.1670563077E+01
           ESPe = -3.5109055804E+01     ESPe at Nucleus = -3.5109062069E+01
           ESPn =  1.3438492774E+01     ESPn at Nucleus =  1.3438498992E+01

CP# 3      Coords = -3.41741408762294E+00  2.90551930885901E+00  1.49632430216306E+00
           Type = (3,-3) NACP H3
           Rho =  3.6800308772E-01     Rho at Nucleus =  3.5841250580E-01
           GradRho =  1.1705227065E-11 -5.3942197931E-12  3.3997041293E-12
           HessRho_EigVals = -7.2174749612E+00 -7.2080071593E+00 -5.5413032354E+00
           HessRho_EigVec1 =  7.3547904483E-02  6.4252842992E-01  7.6272401462E-01
           HessRho_EigVec2 =  4.7343894443E-01  6.5062784254E-01 -5.9374992751E-01
           HessRho_EigVec3 =  8.7775068878E-01 -4.0477231533E-01  2.5634566721E-01
           DelSqRho = -1.9966785356E+01
           Bond Ellipticity = NA
           V = -5.0367956533E+00
           G =  2.2549657179E-02
           K =  5.0142459962E+00
           L =  4.9916963390E+00
           Vnuc =  3.2531953035E+01
           Ven = -1.1971859166E+01
           Vrep =  6.9350635131E+00
           DelSqV =  1.1956250214E+03
           DelSqVen =  6.4955852347E+02
           DelSqVrep =  5.4606649792E+02
           DelSqG =  9.2333844935E+01
           DelSqK = -1.2879588663E+03
           Stress_EigVals = -1.8251943826E+00 -1.8186918682E+00 -1.3929094025E+00
           Stress_EigVec1 =  4.7819360495E-01  7.5677142100E-01 -4.4567689254E-01
           Stress_EigVec2 =  1.4909939913E-02 -5.1437972170E-01 -8.5743291026E-01
           Stress_EigVec3 =  8.7812787786E-01 -4.0337391867E-01  2.5725650985E-01
           -DivStress = -2.0120221225E+01  9.2619184657E+00 -5.8200545214E+00
           ESP =  -3.6675345939E-01     ESP at Nucleus =  -3.6942348763E-01
           ESPe = -1.4787184017E+01     ESPe at Nucleus = -1.4585510856E+01
           ESPn =  1.4420430558E+01     ESPn at Nucleus =  1.4216087368E+01

CP# 4      Coords =  2.17159534680122E+00  1.81007863762107E+00 -1.99176531498812E+00
           Type = (3,-3) NACP O4
           Rho =  2.9716301430E+02     Rho at Nucleus =  2.9716300995E+02
           GradRho =  1.0147749308E-10 -6.0293769977E-11  3.6966651962E-11
           HessRho_EigVals = -1.1092258951E+06 -1.1092210343E+06 -1.1091955634E+06
           HessRho_EigVec1 =  1.1396672350E-04  7.4447495860E-01  6.6765037484E-01
           HessRho_EigVec2 =  6.5053018505E-01  5.0701218030E-01 -5.6546363929E-01
           HessRho_EigVec3 =  7.5948039168E-01 -4.3439116593E-01  4.8424565007E-01
           DelSqRho = -3.3276424928E+06
           Bond Ellipticity = NA
           V = -8.3204681757E+05
           G =  6.8097185802E+01
           K =  8.3197872038E+05
           L =  8.3191062320E+05
           Vnuc =  2.8574675029E+06
           Ven = -8.4913365643E+08
           Vrep =  8.4830160961E+08
           DelSqV =  9.3037539518E+10
           DelSqVen =  9.5086301512E+12
           DelSqVrep = -9.4155926116E+12
           DelSqG =  3.1057911389E+09
           DelSqK = -9.6143330657E+10
           Stress_EigVals = -2.7735329586E+05 -2.7734726716E+05 -2.7734625455E+05
           Stress_EigVec1 =  7.5751250831E-01 -4.3617702146E-01  4.8572050164E-01
           Stress_EigVec2 =  6.5280132314E-01  5.0038607031E-01 -5.6873914332E-01
           Stress_EigVec3 = -5.0231724355E-03 -7.4790600117E-01 -6.6378564398E-01
           -DivStress = -7.6585575617E+04 -2.7014282585E+04  2.5845671404E+04
           ESP =  -2.1670552015E+01     ESP at Nucleus =  -2.1670552063E+01
           ESPe = -3.5109072586E+01     ESPe at Nucleus = -3.5109078847E+01
           ESPn =  1.3438520571E+01     ESPn at Nucleus =  1.3438526784E+01

CP# 5      Coords =  2.98502502221174E+00  1.26297104030688E+00 -3.53361079031946E+00
           Type = (3,-3) NACP H5
           Rho =  3.6789329870E-01     Rho at Nucleus =  3.5828142628E-01
           GradRho = -1.7724641199E-12  1.1513012765E-12  3.3818191303E-12
           HessRho_EigVals = -7.2073507091E+00 -7.1974096490E+00 -5.5273033859E+00
           HessRho_EigVec1 =  5.9062167598E-01  8.0620524052E-01  3.4628687819E-02
           HessRho_EigVec2 =  6.7328966831E-01 -5.1599434411E-01  5.2955722957E-01
           HessRho_EigVec3 = -4.4480002069E-01  2.8945284072E-01  8.4756710330E-01
           DelSqRho = -1.9932063744E+01
           Bond Ellipticity = NA
           V = -5.0279961208E+00
           G =  2.2490092384E-02
           K =  5.0055060284E+00
           L =  4.9830159360E+00
           Vnuc =  3.2376447225E+01
           Ven = -1.1911077970E+01
           Vrep =  6.8830818488E+00
           DelSqV =  1.1927674648E+03
           DelSqVen =  6.4532940989E+02
           DelSqVrep =  5.4743805495E+02
           DelSqG =  9.2047063886E+01
           DelSqK = -1.2848145287E+03
           Stress_EigVals = -1.8223457122E+00 -1.8161292908E+00 -1.3895211178E+00
           Stress_EigVec1 =  7.4782843337E-01 -4.0168652599E-01  5.2858354977E-01
           Stress_EigVec2 =  4.9413472334E-01  8.6850623596E-01 -3.9086996391E-02
           Stress_EigVec3 = -4.4337738941E-01  2.9042185340E-01  8.4798091819E-01
           -DivStress =  1.0173260050E+01 -6.5900893009E+00 -1.9433763048E+01
           ESP =  -3.6882878657E-01     ESP at Nucleus =  -3.7147827961E-01
           ESPe = -1.4671380839E+01     ESPe at Nucleus = -1.4468599613E+01
           ESPn =  1.4302552052E+01     ESPn at Nucleus =  1.4097121334E+01

CP# 6      Coords =  1.80602093295588E+00 -2.16143094999337E+00  2.00630460006024E+00
           Type = (3,-3) NACP O6
           Rho =  2.9716290586E+02     Rho at Nucleus =  2.9716290151E+02
           GradRho = -4.8492321270E-12 -2.3116042414E-10  1.5975265555E-10
           HessRho_EigVals = -1.1092253896E+06 -1.1092205316E+06 -1.1091950541E+06
           HessRho_EigVec1 =  7.4576943080E-01 -2.6117762542E-03 -6.6619902034E-01
           HessRho_EigVec2 =  5.0643819973E-01 -6.4747947116E-01  5.6946526170E-01
           HessRho_EigVec3 =  4.3283750523E-01  7.6207841660E-01  4.8154769340E-01
           DelSqRho = -3.3276409753E+06
           Bond Ellipticity = NA
           V = -8.3204643762E+05
           G =  6.8096894127E+01
           K =  8.3197834072E+05
           L =  8.3191024383E+05
           Vnuc =  2.8587365662E+06
           Ven = -8.4951046510E+08
           Vrep =  8.4867841866E+08
           DelSqV =  9.3037496772E+10
           DelSqVen =  9.5128489984E+12
           DelSqVrep = -9.4198115016E+12
           DelSqG =  3.1057894363E+09
           DelSqK = -9.6143286208E+10
           Stress_EigVals = -2.7735317020E+05 -2.7734713972E+05 -2.7734612770E+05
           Stress_EigVec1 =  4.3461682202E-01  7.6012840235E-01  4.8302487509E-01
           Stress_EigVec2 =  4.9972860631E-01 -6.4972872157E-01  5.7282100904E-01
           Stress_EigVec3 =  7.4925265302E-01 -7.5762988876E-03 -6.6224093927E-01
           -DivStress = -2.7116986008E+04  7.6344305353E+04 -2.6322552940E+04
           ESP =  -2.1670551591E+01     ESP at Nucleus =  -2.1670551638E+01
           ESPe = -3.5109093133E+01     ESPe at Nucleus = -3.5109099397E+01
           ESPn =  1.3438541542E+01     ESPn at Nucleus =  1.3438547758E+01

CP# 7      Coords =  1.25664140565603E+00 -2.96779673200616E+00  3.55115825962593E+00
           Type = (3,-3) NACP H7
           Rho =  3.6784567047E-01     Rho at Nucleus =  3.5823582529E-01
           GradRho =  1.2478455769E-12  1.8980494260E-12 -3.6563330488E-12
           HessRho_EigVals = -7.2065296450E+00 -7.1965905961E+00 -5.5268232927E+00
           HessRho_EigVec1 =  8.0698013966E-01 -5.8981569840E-01 -3.0008267505E-02
           HessRho_EigVec2 =  5.1408934567E-01  6.7654679181E-01  5.2725381285E-01
           HessRho_EigVec3 = -2.9068057875E-01 -4.4091028613E-01  8.4917779100E-01
           DelSqRho = -1.9929943534E+01
           Bond Ellipticity = NA
           V = -5.0274537442E+00
           G =  2.2483930391E-02
           K =  5.0049698139E+00
           L =  4.9824858835E+00
           Vnuc =  3.2376083860E+01
           Ven = -1.1909402275E+01
           Vrep =  6.8819485305E+00
           DelSqV =  1.1926577216E+03
           DelSqVen =  6.4525352318E+02
           DelSqVrep =  5.4740419844E+02
           DelSqG =  9.2039008946E+01
           DelSqK = -1.2846967306E+03
           Stress_EigVals = -1.8221343799E+00 -1.8159198106E+00 -1.3893995537E+00
           Stress_EigVec1 =  4.0017250364E-01  7.5066873601E-01  5.2569802749E-01
           Stress_EigVec2 =  8.6879360004E-01 -4.9329861188E-01  4.3059958770E-02
           Stress_EigVec3 = -2.9164987205E-01 -4.3949167033E-01  8.4958073415E-01
           -DivStress = -6.6172258366E+00 -1.0082608012E+01  1.9467496673E+01
           ESP =  -3.6881906264E-01     ESP at Nucleus =  -3.7146580963E-01
           ESPe = -1.4670028592E+01     ESPe at Nucleus = -1.4467261278E+01
           ESPn =  1.4301209529E+01     ESPn at Nucleus =  1.4095795469E+01

CP# 8      Coords = -2.15754481100388E+00 -1.81615218870358E+00 -2.00143950310461E+00
           Type = (3,-3) NACP O8
           Rho =  2.9716281003E+02     Rho at Nucleus =  2.9716280569E+02
           GradRho = -8.7125862080E-11 -1.1175060877E-11  7.4418249341E-11
           HessRho_EigVals = -1.1092250727E+06 -1.1092202144E+06 -1.1091947356E+06
           HessRho_EigVec1 = -4.8738307063E-03 -7.4210963989E-01  6.7026079115E-01
           HessRho_EigVec2 =  6.4621374990E-01  5.0917821805E-01  5.6845873351E-01
           HessRho_EigVec3 =  7.6314090129E-01 -4.3590231089E-01 -4.7707980480E-01
           DelSqRho = -3.3276400227E+06
           Bond Ellipticity = NA
           V = -8.3204620043E+05
           G =  6.8097374395E+01
           K =  8.3197810305E+05
           L =  8.3191000568E+05
           Vnuc =  2.8602756669E+06
           Ven = -8.4996755461E+08
           Vrep =  8.4913550841E+08
           DelSqV =  9.3037470555E+10
           DelSqVen =  9.5179677041E+12
           DelSqVrep = -9.4249302335E+12
           DelSqG =  3.1057886637E+09
           DelSqK = -9.6143259218E+10
           Stress_EigVals = -2.7735309136E+05 -2.7734706056E+05 -2.7734604851E+05
           Stress_EigVec1 =  7.6120030134E-01 -4.3768335383E-01 -4.7854715862E-01
           Stress_EigVec2 =  6.4844293345E-01  5.0253415382E-01  5.7182268781E-01
           Stress_EigVec3 = -9.7909803811E-03 -7.4558212560E-01  6.6634182720E-01
           -DivStress =  7.6221815785E+04  2.7228959023E+04  2.6413184851E+04
           ESP =  -2.1670557275E+01     ESP at Nucleus =  -2.1670557323E+01
           ESPe = -3.5109062951E+01     ESPe at Nucleus = -3.5109069214E+01
           ESPn =  1.3438505676E+01     ESPn at Nucleus =  1.3438511891E+01

CP# 9      Coords = -2.95916201077708E+00 -1.27480548830051E+00 -3.55155145208621E+00
           Type = (3,-3) NACP H9
           Rho =  3.6785826055E-01     Rho at Nucleus =  3.5824763841E-01
           GradRho =  2.1641403947E-12 -1.4107326418E-12  4.2112407311E-12
           HessRho_EigVals = -7.2067496540E+00 -7.1968043292E+00 -5.5269139897E+00
           HessRho_EigVec1 =  5.9034765957E-01  8.0648575294E-01 -3.2716527004E-02
           HessRho_EigVec2 =  6.7777065669E-01 -5.1732419442E-01 -5.2249652133E-01
           HessRho_EigVec3 =  4.3831105139E-01 -2.8628029651E-01  8.5201350580E-01
           DelSqRho = -1.9930467973E+01
           Bond Ellipticity = NA
           V = -5.0275884505E+00
           G =  2.2485728625E-02
           K =  5.0051027219E+00
           L =  4.9826169932E+00
           Vnuc =  3.2376151044E+01
           Ven = -1.1909834606E+01
           Vrep =  6.8822461557E+00
           DelSqV =  1.1926812762E+03
           DelSqVen =  6.4527184147E+02
           DelSqVrep =  5.4740943475E+02
           DelSqG =  9.2040879023E+01
           DelSqK = -1.2847221552E+03
           Stress_EigVals = -1.8221908466E+00 -1.8159755672E+00 -1.3894220367E+00
           Stress_EigVec1 =  7.5192382852E-01 -4.0348618231E-01 -5.2135348544E-01
           Stress_EigVec2 =  4.9369673692E-01  8.6872702342E-01  3.9710083432E-02
           Stress_EigVec3 =  4.3689139160E-01 -2.8724947251E-01  8.5241636099E-01
           -DivStress = -1.0023606145E+01  6.5167707543E+00 -1.9533198200E+01
           ESP =  -3.6882639633E-01     ESP at Nucleus =  -3.7147417414E-01
           ESPe = -1.4670611433E+01     ESPe at Nucleus = -1.4467839112E+01
           ESPn =  1.4301785036E+01     ESPn at Nucleus =  1.4096364937E+01

CP# 10     Coords =  2.90889181915422E+00  3.40938787085790E+00 -1.50728590197260E+00
           Type = (3,-3) NACP H10
           Rho =  3.6800891429E-01     Rho at Nucleus =  3.5841815547E-01
           GradRho = -5.6218840347E-12 -1.2222772707E-11 -3.4983266284E-12
           HessRho_EigVals = -7.2175538418E+00 -7.2080822828E+00 -5.5413514865E+00
           HessRho_EigVec1 = -6.4545606799E-01  7.8329757364E-02  7.5977030305E-01
           HessRho_EigVec2 =  6.4789846478E-01 -4.7063919847E-01  5.9893766304E-01
           HessRho_EigVec3 =  4.0449232827E-01  8.7884196189E-01  2.5302719695E-01
           DelSqRho = -1.9966987611E+01
           Bond Ellipticity = NA
           V = -5.0368470619E+00
           G =  2.2550079543E-02
           K =  5.0142969823E+00
           L =  4.9917469028E+00
           Vnuc =  3.2532301526E+01
           Ven = -1.1972176964E+01
           Vrep =  6.9353299021E+00
           DelSqV =  1.1956347206E+03
           DelSqVen =  6.4957206154E+02
           DelSqVrep =  5.4606265911E+02
           DelSqG =  9.2334279474E+01
           DelSqK = -1.2879690001E+03
           Stress_EigVals = -1.8252128439E+00 -1.8187120494E+00 -1.3929221685E+00
           Stress_EigVec1 =  7.5524712984E-01 -4.7628613075E-01  4.5028135041E-01
           Stress_EigVec2 = -5.1684264002E-01 -1.0276697340E-02  8.5601873516E-01
           Stress_EigVec3 =  4.0308244606E-01  8.7923029472E-01  2.5392642739E-01
           -DivStress =  9.2554544923E+00  2.0145429297E+01  5.7438314269E+00
           ESP =  -3.6674347144E-01     ESP at Nucleus =  -3.6941380792E-01
           ESPe = -1.4787600622E+01     ESPe at Nucleus = -1.4585927940E+01
           ESPn =  1.4420857151E+01     ESPn at Nucleus =  1.4216514132E+01

CP# 11     Coords =  3.40714506066219E+00 -2.89959671804517E+00  1.52894898973845E+00
           Type = (3,-3) NACP H11
           Rho =  3.6800012224E-01     Rho at Nucleus =  3.5841146191E-01
           GradRho = -1.2596032724E-11  5.7912633022E-12  3.5458407044E-12
           HessRho_EigVals = -7.2175255346E+00 -7.2080623890E+00 -5.5416572681E+00
           HessRho_EigVec1 = -7.9399741947E-02 -6.4176750765E-01  7.6277791467E-01
           HessRho_EigVec2 =  4.6872748543E-01  6.5128831629E-01  5.9675629319E-01
           HessRho_EigVec3 =  8.7976714270E-01 -4.0491726957E-01 -2.4910194584E-01
           DelSqRho = -1.9967245192E+01
           Bond Ellipticity = NA
           V = -5.0369073416E+00
           G =  2.2548021827E-02
           K =  5.0143593197E+00
           L =  4.9918112979E+00
           Vnuc =  3.2534921684E+01
           Ven = -1.1972855157E+01
           Vrep =  6.9359478152E+00
           DelSqV =  1.1956841342E+03
           DelSqVen =  6.4963275856E+02
           DelSqVrep =  5.4605137559E+02
           DelSqG =  9.2338255576E+01
           DelSqK = -1.2880223897E+03
           Stress_EigVals = -1.8252053012E+00 -1.8187031021E+00 -1.3929989383E+00
           Stress_EigVec1 = -4.7460743462E-01 -7.5778836604E-01 -4.4777737248E-01
           Stress_EigVec2 =  8.7689625465E-03 -5.1276916752E-01  8.5848173314E-01
           Stress_EigVec3 =  8.8015390035E-01 -4.0351527003E-01 -2.5000907695E-01
           -DivStress =  2.0164315828E+01 -9.2641502155E+00 -5.6533311160E+00
           ESP =  -3.6674299286E-01     ESP at Nucleus =  -3.6941095270E-01
           ESPe = -1.4788051707E+01     ESPe at Nucleus = -1.4586415129E+01
           ESPn =  1.4421308714E+01     ESPn at Nucleus =  1.4217004176E+01

CP# 12     Coords = -1.28214002104526E+00  2.97574884958626E+00  3.53469582453654E+00
           Type = (3,-3) NACP H12
           Rho =  3.6787654165E-01     Rho at Nucleus =  3.5826525962E-01
           GradRho = -1.3219425554E-12 -2.0571738757E-12 -3.9689172088E-12
           HessRho_EigVals = -7.2070935100E+00 -7.1971479749E+00 -5.5271448127E+00
           HessRho_EigVec1 =  8.0651896441E-01 -5.9006291833E-01  3.6781958342E-02
           HessRho_EigVec2 =  5.1826971123E-01  6.7571164242E-01 -5.2422350455E-01
           HessRho_EigVec3 =  2.8447085347E-01  4.4185917294E-01  8.5078599237E-01
           DelSqRho = -1.9931386298E+01
           Bond Ellipticity = NA
           V = -5.0278233475E+00
           G =  2.2488386538E-02
           K =  5.0053349609E+00
           L =  4.9828465744E+00
           Vnuc =  3.2376429809E+01
           Ven = -1.1910529029E+01
           Vrep =  6.8827056816E+00
           DelSqV =  1.1927329938E+03
           DelSqVen =  6.4530712946E+02
           DelSqVrep =  5.4742586432E+02
           DelSqG =  9.2044906940E+01
           DelSqK = -1.2847779007E+03
           Stress_EigVals = -1.8222801202E+00 -1.8160632154E+00 -1.3894800118E+00
           Stress_EigVec1 =  4.0475776664E-01  7.4965180116E-01 -5.2363472704E-01
           Stress_EigVec2 =  8.6873118981E-01 -4.9399492406E-01 -3.5709030414E-02
           Stress_EigVec3 =  2.8544223619E-01  4.4044431205E-01  8.5119418336E-01
           -DivStress =  6.4757315300E+00  1.0105655491E+01  1.9506101317E+01
           ESP =  -3.6883385365E-01     ESP at Nucleus =  -3.7148255247E-01
           ESPe = -1.4671109069E+01     ESPe at Nucleus = -1.4468333764E+01
           ESPn =  1.4302275216E+01     ESPn at Nucleus =  1.4096851211E+01

CP# 13     Coords = -2.89768631850110E+00 -3.41429194509908E+00 -1.51735059933919E+00
           Type = (3,-3) NACP H13
           Rho =  3.6800707351E-01     Rho at Nucleus =  3.5841716910E-01
           GradRho =  5.4930469895E-12  1.1895179286E-11 -3.4043011465E-12
           HessRho_EigVals = -7.2175792695E+00 -7.2081127220E+00 -5.5415122225E+00
           HessRho_EigVec1 =  6.3959132205E-01 -7.5441104773E-02  7.6500430095E-01
           HessRho_EigVec2 =  6.5276380563E-01 -4.7228167019E-01 -5.9232544945E-01
           HessRho_EigVec3 =  4.0598319524E-01  8.7821333611E-01 -2.5282203516E-01
           DelSqRho = -1.9967204214E+01
           Bond Ellipticity = NA
           V = -5.0369000686E+00
           G =  2.2549507554E-02
           K =  5.0143505610E+00
           L =  4.9918010535E+00
           Vnuc =  3.2533355191E+01
           Ven = -1.1972504835E+01
           Vrep =  6.9356047666E+00
           DelSqV =  1.1956623742E+03
           DelSqVen =  6.4960014688E+02
           DelSqVrep =  5.4606222735E+02
           DelSqG =  9.2336488603E+01
           DelSqK = -1.2879988628E+03
           Stress_EigVals = -1.8252202914E+00 -1.8187174567E+00 -1.3929623205E+00
           Stress_EigVec1 =  7.5876020325E-01 -4.7738481650E-01 -4.4315538013E-01
           Stress_EigVec2 =  5.1048399028E-01  1.3231224400E-02  8.5978545601E-01
           Stress_EigVec3 =  4.0458503387E-01  8.7859471412E-01 -2.5373663254E-01
           -DivStress = -9.2890778285E+00 -2.0130270224E+01  5.7390913629E+00
           ESP =  -3.6674940207E-01     ESP at Nucleus =  -3.6941870124E-01
           ESPe = -1.4787725502E+01     ESPe at Nucleus = -1.4586067707E+01
           ESPn =  1.4420976100E+01     ESPn at Nucleus =  1.4216649005E+01

CP# 14     Coords = -9.49112043295758E-01  1.03153881455055E+00  9.43067857332996E-01
           Type = (3,-1) BCP O2 Mn1
           Rho =  1.2410956707E-01
           GradRho =  3.2959746044E-17 -1.3877787808E-17  6.9388939039E-17
           HessRho_EigVals = -1.7785960375E-01 -1.4575628215E-01  9.9271613640E-01
           HessRho_EigVec1 =  4.6030679645E-01  7.5316344828E-01 -4.6996007630E-01
           HessRho_EigVec2 =  7.5715041517E-01 -5.6670167760E-02  6.5077779687E-01
           HessRho_EigVec3 = -4.6350933319E-01  6.5538790976E-01  5.9634368093E-01
           DelSqRho =  6.6910025050E-01
           Bond Ellipticity =  2.2025343351E-01
           V = -2.3415009763E-01
           G =  2.0071258013E-01
           K =  3.3437517500E-02
           L = -1.6727506263E-01
           Vnuc =  2.6559420981E+01
           Ven = -3.2962782395E+00
           Vrep =  3.0621281419E+00
           DelSqV = -2.8627349496E+00
           DelSqVen = -1.7770915232E+01
           DelSqVrep =  1.4908180282E+01
           DelSqG =  2.7130848645E+00
           DelSqK =  1.4965008510E-01
           Stress_EigVals = -1.2557650235E-01 -1.2415444878E-01  1.5580853507E-02
           Stress_EigVec1 =  8.2445426546E-01  2.8497651770E-01  4.8894125263E-01
           Stress_EigVec2 =  1.4267132188E-01  7.3139554282E-01 -6.6686239499E-01
           Stress_EigVec3 = -5.4764957598E-01  6.1955544086E-01  5.6234419854E-01
           -DivStress =  6.4412793244E-02 -6.6371531036E-02 -6.0917975443E-02
           ESP =   1.2612612170E+00
           ESPe = -2.5298159764E+01
           ESPn =  2.6559420981E+01
           BPL =  3.5260254478E+00 =  1.7720254478E+00 +  1.7540000000E+00                
           GBL_I =  3.4588964407E+00                                                      
           GBL_II =  3.4581990921E+00                                                     
           GBL_III =  3.4618618703E+00 =  1.7717253714E+00 +  1.6901364990E+00            
           GBL_IV =  3.4611479931E+00 =  1.7717228187E+00 +  1.6894251744E+00             

CP# 15     Coords = -3.17293978575076E+00  2.79261391755665E+00  1.56795531912209E+00
           Type = (3,-1) BCP O2 H3
           Rho =  3.2975303075E-01
           GradRho =  4.5970172113E-17  1.8041124150E-16 -2.4286128664E-17
           HessRho_EigVals = -1.7765141312E+00 -1.7515960720E+00  9.2973724553E-01
           HessRho_EigVec1 =  3.2022586028E-02  5.8555842355E-01  8.0999746085E-01
           HessRho_EigVec2 =  4.7997893927E-01  7.0184059263E-01 -5.2634589426E-01
           HessRho_EigVec3 =  8.7669537004E-01 -4.0563667875E-01  2.5858096026E-01
           DelSqRho = -2.5983729577E+00
           Bond Ellipticity =  1.4225916369E-02
           V = -7.4909548439E-01
           G =  4.9751122483E-02
           K =  6.9934436191E-01
           L =  6.4959323942E-01
           Vnuc =  1.8598930770E+01
           Ven = -6.1330537902E+00
           Vrep =  5.3839583058E+00
           DelSqV =  4.5902051401E+00
           DelSqVen =  4.8326958755E+01
           DelSqVrep = -4.3736753615E+01
           DelSqG =  5.8221588157E+00
           DelSqK = -1.0412363956E+01
           Stress_EigVals = -4.8749247287E-01 -4.7651454311E-01  2.1491153159E-01
           Stress_EigVec1 =  4.8020363432E-01  7.4475967911E-01 -4.6339776645E-01
           Stress_EigVec2 =  5.8838100355E-03 -5.3101814176E-01 -8.4734002260E-01
           Stress_EigVec3 =  8.7713730417E-01 -4.0416921393E-01  2.5937886604E-01
           -DivStress = -8.5284085985E-01  3.9422965914E-01 -2.4861537784E-01
           ESP =   2.7370918546E+00
           ESPe = -1.5861838915E+01
           ESPn =  1.8598930770E+01
           BPL =  1.8266112364E+00 =  1.5479602654E+00 +  2.7865097093E-01                
           GBL_I =  1.8265080195E+00                                                      
           GBL_II =  1.8817171375E+00                                                     
           GBL_III =  1.8265312572E+00 =  1.5478803748E+00 +  2.7865088238E-01            
           GBL_IV =  1.8817460617E+00 =  1.5478819385E+00 +  3.3386412316E-01             

CP# 16     Coords =  1.03346684271352E+00  9.44337556092219E-01 -9.45771136678195E-01
           Type = (3,-1) BCP O4 Mn1
           Rho =  1.2411573344E-01
           GradRho = -9.0205620751E-17  0.0000000000E+00 -3.4694469520E-18
           HessRho_EigVals = -1.7788197107E-01 -1.4579511820E-01  9.9274517513E-01
           HessRho_EigVec1 = -7.5221753085E-01  4.5760681846E-01 -4.7409364684E-01
           HessRho_EigVec2 =  5.5105115014E-02  7.6067487644E-01  6.4678988757E-01
           HessRho_EigVec3 =  6.5660658890E-01  4.6040170727E-01 -5.9740945370E-01
           DelSqRho =  6.6906808587E-01
           Bond Ellipticity =  2.2008180565E-01
           V = -2.3415737305E-01
           G =  2.0071219726E-01
           K =  3.3445175793E-02
           L = -1.6726702147E-01
           Vnuc =  2.6559337878E+01
           Ven = -3.2964317005E+00
           Vrep =  3.0622743275E+00
           DelSqV = -2.8625759802E+00
           DelSqVen = -1.7770005356E+01
           DelSqVrep =  1.4907429376E+01
           DelSqG =  2.7129092003E+00
           DelSqK =  1.4966677990E-01
           Stress_EigVals = -1.2557825393E-01 -1.2415812039E-01  1.5579001270E-02
           Stress_EigVec1 = -2.8767295350E-01  8.2724658246E-01  4.8260476959E-01
           Stress_EigVec2 = -7.2935191932E-01  1.3735988578E-01 -6.7020746009E-01
           Stress_EigVec3 =  6.2071736693E-01  5.4478927448E-01 -5.6383915864E-01
           -DivStress = -6.6501118295E-02 -6.4098629824E-02  6.1098453836E-02
           ESP =   1.2612386295E+00
           ESPe = -2.5298099249E+01
           ESPn =  2.6559337878E+01
           BPL =  3.5260090919E+00 =  1.7720090919E+00 +  1.7540000000E+00                
           GBL_I =  3.4588486069E+00                                                      
