 AIMExt (Version 19.02.13, Professional)
 Portions Copyright (c) 1997-2019 by Todd A. Keith
 AIMExt is a component of the AIMAll package ( http://aim.tkgristmill.com )

 TP:  64-bit Linux

 Licensed To:  Research Group of Fernando Cortes Guzman, UNAM, fercor@unam.mx

 AIMExt is a heavily modified and extended version of the EXTREME program
 developed by members of R.F.W. Bader's research group

 Much of the Quantum Theory of Atoms in Molecules (QTAIM) is described in the book:
   "Atoms in Molecules - A Quantum Theory"
   R.F.W. Bader, Oxford University Press, Oxford, 1990

 For additional references see:  http://aim.tkgristmill.com/references.html

 Wfx File:  /home/scratch/M_H2O_4_tetraedrico/Opt/Mn4_tetraedrico_cc-pvtz-def2-tzv_1.wfx
 ExtOut File:  /home/scratch/M_H2O_4_tetraedrico/Opt/Mn4_tetraedrico_cc-pvtz-def2-tzv_1.extout
 Mgp File:  /home/scratch/M_H2O_4_tetraedrico/Opt/Mn4_tetraedrico_cc-pvtz-def2-tzv_1.mgp

 MgpViz File:  /home/scratch/M_H2O_4_tetraedrico/Opt/Mn4_tetraedrico_cc-pvtz-def2-tzv_1.mgpviz

 Wfx Title:   Mn4_tetraedrico_cc-pvtz-def2-tzv_1                                            
 Job Title:  Auto                                                                           
 
Nuclear Charges and Cartesian Coordinates:
-------------------------------------------------------------------------------
Atom      Charge                X                  Y                  Z
-------------------------------------------------------------------------------
Mn1       25.0          -2.7991199411E-05   4.0458458872E-05  -1.1700893488E-05
O2         8.0          -1.9976235081E+00   2.7746029689E+00   5.2013997142E-01
H3         1.0          -2.8458300237E+00   3.2423980048E+00   2.1932852914E+00
O4         8.0           1.9990500125E+00   5.2242600547E-01  -2.7730864029E+00
H5         1.0           2.8468278880E+00  -8.6626766712E-01  -3.8175145094E+00
O6         8.0          -1.9956148067E+00  -2.7752676463E+00  -5.2388295895E-01
H7         1.0          -2.8396745785E+00  -3.2449832065E+00  -2.1986079010E+00
O8         8.0           1.9940753549E+00  -5.2159843601E-01   2.7767827380E+00
H9         1.0           2.8394044678E+00   8.6720770870E-01   3.8231223781E+00
H10        1.0           2.8460053493E+00   2.1962776273E+00  -3.2410288539E+00
H11        1.0           2.8398271216E+00  -2.1954856268E+00   3.2464995096E+00
H12        1.0          -2.8420058990E+00  -3.8219234354E+00   8.6400844695E-01
H13        1.0          -2.8429509659E+00   3.8204619970E+00  -8.6909862024E-01

Total number of electron density critical points found =     25

Electron Density Critical Point Analysis of Molecular Structure:
---------------------------------------------------------------
  NACP = Nuclear Attractor Critical Point
  NNACP = Non-Nuclear Attractor Critical Point
  BCP = Bond Critical Point
  RCP = Ring Critical Point
  CCP = Cage Critical Point
  Rho = Electron Density
  GradRho = Gradient of Electron Density
  HessRho_EigVals = Eigenvalues of the Hessian of Rho, Ascending Order
  HessRho_EigVecs = Eigenvectors of the Hessian of Rho
  DelSqRho = Laplacian of Rho = Trace of Hessian of Rho
  Bond Ellipticity = (HessRho_EigVal(1) / HessRho_EigVal(2)) - 1
  V = Virial Field = Potential Energy Density = Trace of Stress Tensor
  G = Lagrangian Form of Kinetic Energy Density
  K = Hamiltonian Form of Kinetic Energy Density
  L = K - G = Lagrangian Density = (-1/4)DelSqRho
  Vnuc = Electrostatic Potential from Nuclei
  Ven = Electron-nuclear attractive contribution to Virial Field V
  Vrep = V - Ven = Repulsive contribution to Virial Field V
  DelSqV = Laplacian of V
  DelSqVen = Laplacian of Ven
  DelSqVrep = Laplacian of Vrep
  DelSqG = Laplacian of G
  DelSqK = Laplacian of K
  Stress_EigVals = Eigenvalues of Stress Tensor, Ascending Order
  Stress_EigVecs = Eigenvectors of Stress Tensor
  -DivStress = Ehrenfest Force Density = Minus Divergence of Stress Tensor
  ESP = Total Electrostatic Potential
  ESPe = Electrostatic Potential from Electrons
  ESPn = Electrostatic Potential from Nuclei
  BP = Bond Path
  BPL = Bond Path Length
  GBL = Geometric Bond Length
  GBL_I = Distance Between Nuclear Attractors
  GBL_II = Distance Between Nuclei
  GBL_III = Sum of Distances Between BCP and Nuclear Attractors
  GBL_IV = Sum of Distances Between BCP and Nuclei

CP# 1      Coords = -2.79912000822030E-05  4.04584602333230E-05 -1.17008930510059E-05
           Type = (3,-3) NACP Mn1
           Rho =  1.0484146308E+04     Rho at Nucleus =  1.0484146308E+04
           GradRho =  9.8983972061E-13 -5.5126996718E-12  1.4934763495E-12
           HessRho_EigVals = -1.9961749932E+09 -1.9961749931E+09 -1.9961748409E+09
           HessRho_EigVec1 = -9.0221191021E-04 -4.6475947717E-01  8.8543651065E-01
           HessRho_EigVec2 = -8.0790171010E-04  8.8543692082E-01  4.6475886925E-01
           HessRho_EigVec3 =  9.9999926665E-01  2.9603468393E-04  1.1743317121E-03
           DelSqRho = -5.9885248272E+09
           Bond Ellipticity = NA
           V = -1.4974651379E+09
           G =  1.6696554109E+05
           K =  1.4972981724E+09
           L =  1.4971312068E+09
           Vnuc =  2.5000000109E+09
           Ven = -2.6210365885E+13
           Vrep =  2.6208868420E+13
           DelSqV =  4.1593919044E+16
           DelSqVen =  7.8631095354E+29
           DelSqVrep = -7.8631095354E+29
           DelSqG =  2.8511233583E+14
           DelSqK = -4.1879031379E+16
           Stress_EigVals = -4.9915507418E+08 -4.9915503186E+08 -4.9915503185E+08
           Stress_EigVec1 =  9.9999948801E-01 -6.9751240679E-06  1.0118902422E-03
           Stress_EigVec2 = -4.7250761621E-04  8.8104707170E-01  4.7302836510E-01
           Stress_EigVec3 = -8.9482236629E-04 -4.7302860105E-01  8.8104661732E-01
           -DivStress =  9.2671234890E+03 -1.8801586824E+04 -6.0330230905E+03
           ESP =  -1.0845395687E+02     ESP at Nucleus =  -1.0845395687E+02
           ESPe = -1.1936013020E+02     ESPe at Nucleus = -1.1936013020E+02
           ESPn =  1.0906173328E+01     ESPn at Nucleus =  1.0906173328E+01

CP# 2      Coords = -1.99762581528165E+00  2.77460306304095E+00  5.20139988416568E-01
           Type = (3,-3) NACP O2
           Rho =  2.9728782700E+02     Rho at Nucleus =  2.9728782404E+02
           GradRho = -1.1861203686E-10  3.2695443575E-11 -2.8024589593E-11
           HessRho_EigVals = -1.1095964994E+06 -1.1095957810E+06 -1.1095753008E+06
           HessRho_EigVec1 = -5.3608101441E-01  8.3044929273E-01  1.5156225846E-01
           HessRho_EigVec2 = -3.4509582834E-03 -1.8169510010E-01  9.8334886052E-01
           HessRho_EigVec3 =  8.4415948545E-01  5.2663161963E-01  1.0026913944E-01
           DelSqRho = -3.3287675812E+06
           Bond Ellipticity = NA
           V = -8.3232640860E+05
           G =  6.7256651348E+01
           K =  8.3225915195E+05
           L =  8.3219189530E+05
           Vnuc =  3.4645363347E+06
           Ven = -1.0299644785E+09
           Vrep =  1.0291321521E+09
           DelSqV =  9.3068284319E+10
           DelSqVen =  1.1532636258E+13
           DelSqVrep = -1.1439567974E+13
           DelSqG =  3.1065760174E+09
           DelSqK = -9.6174860337E+10
           Stress_EigVals = -2.7744526072E+05 -2.7744074878E+05 -2.7744039910E+05
           Stress_EigVec1 =  8.5111015116E-01  5.1571465622E-01  9.8233924653E-02
           Stress_EigVec2 = -2.0608237523E-03 -1.8383337340E-01  9.8295526034E-01
           Stress_EigVec3 = -5.2498310792E-01  8.3680564301E-01  1.5539965321E-01
           -DivStress =  7.0262888931E+04 -2.8513423993E+03 -5.1432828788E+02
           ESP =  -2.1419880488E+01     ESP at Nucleus =  -2.1419880523E+01
           ESPe = -3.4826808479E+01     ESPe at Nucleus = -3.4826811913E+01
           ESPn =  1.3406927991E+01     ESPn at Nucleus =  1.3406931389E+01

CP# 3      Coords = -2.82017470586389E+00  3.22694662825065E+00  2.14362958915497E+00
           Type = (3,-3) NACP H3
           Rho =  3.2822138931E-01     Rho at Nucleus =  3.1891932308E-01
           GradRho =  2.3597470007E-11 -1.4119420178E-11 -4.5715612448E-11
           HessRho_EigVals = -6.4000391574E+00 -6.3978257336E+00 -4.8016082419E+00
           HessRho_EigVec1 =  6.2458873785E-01 -5.9627038302E-01  5.0433177462E-01
           HessRho_EigVec2 =  6.4385393252E-01  7.5864314738E-01  9.9562485495E-02
           HessRho_EigVec3 = -4.4197400618E-01  2.6253038923E-01  8.5775099685E-01
           DelSqRho = -1.7599473133E+01
           Bond Ellipticity = NA
           V = -4.4351819262E+00
           G =  1.7656821496E-02
           K =  4.4175251047E+00
           L =  4.3998682832E+00
           Vnuc =  3.1435052119E+01
           Ven = -1.0317656479E+01
           Vrep =  5.8824745531E+00
           DelSqV =  1.0414049646E+03
           DelSqVen =  5.5324035522E+02
           DelSqVrep =  4.8816460941E+02
           DelSqG =  8.0541436498E+01
           DelSqK = -1.1219464011E+03
           Stress_EigVals = -1.6169376783E+00 -1.6116177076E+00 -1.2066265404E+00
           Stress_EigVec1 =  7.7142111899E-01  5.9984026883E-01  2.1237021699E-01
           Stress_EigVec2 =  4.5897778128E-01 -7.5567977897E-01  4.6721244412E-01
           Stress_EigVec3 = -4.4073671672E-01  2.6294433545E-01  8.5826069640E-01
           -DivStress = -9.3670130230E+00  5.6480135832E+00  1.8134684931E+01
           ESP =  -1.2895312960E-01     ESP at Nucleus =  -1.3130785193E-01
           ESPe = -1.4319111845E+01     ESPe at Nucleus = -1.4113781097E+01
           ESPn =  1.4190158715E+01     ESPn at Nucleus =  1.3982473245E+01

CP# 4      Coords =  1.99905232079224E+00  5.22426023554540E-01 -2.77308649512851E+00
           Type = (3,-3) NACP O4
           Rho =  2.9728787165E+02     Rho at Nucleus =  2.9728786868E+02
           GradRho =  4.3572090380E-12 -3.5682852506E-11 -1.5185713798E-10
           HessRho_EigVals = -1.1095966633E+06 -1.1095959445E+06 -1.1095754660E+06
           HessRho_EigVec1 = -5.3662466759E-01 -1.5621221931E-01  8.2923561710E-01
           HessRho_EigVec2 = -2.5393611125E-04  9.8274486660E-01  1.8496611227E-01
           HessRho_EigVec3 =  8.4382101281E-01 -9.9046805643E-02  5.2740480528E-01
           DelSqRho = -3.3287680738E+06
           Bond Ellipticity = NA
           V = -8.3232653151E+05
           G =  6.7256529807E+01
           K =  8.3225927498E+05
           L =  8.3219201845E+05
           Vnuc =  3.4628761791E+06
           Ven = -1.0294710891E+09
           Vrep =  1.0286387625E+09
           DelSqV =  9.3068297985E+10
           DelSqVen =  1.1527111606E+13
           DelSqVrep = -1.1434043308E+13
           DelSqG =  3.1065764695E+09
           DelSqK = -9.6174874454E+10
           Stress_EigVals = -2.7744530144E+05 -2.7744078987E+05 -2.7744044019E+05
           Stress_EigVec1 =  8.5077658027E-01 -9.6992394183E-02  5.1649945396E-01
           Stress_EigVec2 = -2.9419014462E-04  9.8273282656E-01  1.8503001125E-01
           Stress_EigVec3 = -5.2552747209E-01 -1.5757114927E-01  8.3605753929E-01
           -DivStress = -7.0298722583E+04 -5.4766890935E+02  2.7933405640E+03
           ESP =  -2.1419878850E+01     ESP at Nucleus =  -2.1419878886E+01
           ESPe = -3.4826841309E+01     ESPe at Nucleus = -3.4826844743E+01
           ESPn =  1.3406962459E+01     ESPn at Nucleus =  1.3406965858E+01

CP# 5      Coords =  2.82118650443271E+00 -8.25627698356129E-01 -3.78505957520509E+00
           Type = (3,-3) NACP H5
           Rho =  3.2817293782E-01     Rho at Nucleus =  3.1887263358E-01
           GradRho = -2.0011560079E-10  3.1778248744E-10  2.5268973394E-10
           HessRho_EigVals = -6.3992022637E+00 -6.3969827227E+00 -4.8010603509E+00
           HessRho_EigVec1 =  6.2467903506E-01  6.8652029715E-01 -3.7211017826E-01
           HessRho_EigVec2 =  6.4392200978E-01 -1.8329753401E-01  7.4280984063E-01
           HessRho_EigVec3 = -4.4174715446E-01  7.0362766832E-01  5.5656765617E-01
           DelSqRho = -1.7597245337E+01
           Bond Ellipticity = NA
           V = -4.4346144533E+00
           G =  1.7651559497E-02
           K =  4.4169628938E+00
           L =  4.3993113343E+00
           Vnuc =  3.1434359028E+01
           Ven = -1.0315905951E+01
           Vrep =  5.8812914973E+00
           DelSqV =  1.0412846719E+03
           DelSqVen =  5.5315812810E+02
           DelSqVrep =  4.8812654380E+02
           DelSqG =  8.0532679597E+01
           DelSqK = -1.1218173515E+03
           Stress_EigVals = -1.6167211305E+00 -1.6114053132E+00 -1.2064880096E+00
           Stress_EigVec1 =  7.7106781300E-01 -2.1170461746E-02  6.3640100511E-01
           Stress_EigVec2 =  4.5978849230E-01  7.0993543486E-01 -5.3346623199E-01
           Stress_EigVec3 = -4.4050989785E-01  7.0394849945E-01  5.5714229782E-01
           -DivStress =  9.3607722162E+00 -1.4838397312E+01 -1.1856062298E+01
           ESP =  -1.2893145001E-01     ESP at Nucleus =  -1.3128416893E-01
           ESPe = -1.4317836082E+01     ESPe at Nucleus = -1.4112516305E+01
           ESPn =  1.4188904632E+01     ESPn at Nucleus =  1.3981232137E+01

CP# 6      Coords = -1.99561710699184E+00 -2.77526774771620E+00 -5.23882980046633E-01
           Type = (3,-3) NACP O6
           Rho =  2.9728744426E+02     Rho at Nucleus =  2.9728744131E+02
           GradRho = -3.1145641621E-12 -1.5292406230E-11 -4.3685461498E-11
           HessRho_EigVals = -1.1095951321E+06 -1.1095944162E+06 -1.1095739311E+06
           HessRho_EigVec1 =  5.3541578254E-01  8.3030013113E-01  1.5469851990E-01
           HessRho_EigVec2 =  3.8386663179E-04 -1.8340355427E-01  9.8303763353E-01
           HessRho_EigVec3 =  8.4458853441E-01 -5.2627448022E-01 -9.8515882046E-02
           DelSqRho = -3.3287634794E+06
           Bond Ellipticity = NA
           V = -8.3232538576E+05
           G =  6.7257958816E+01
           K =  8.3225812780E+05
           L =  8.3219086984E+05
           Vnuc =  3.4742499231E+06
           Ven = -1.0328508803E+09
           Vrep =  1.0320185550E+09
           DelSqV =  9.3068170740E+10
           DelSqVen =  1.1564956221E+13
           DelSqVrep = -1.1471888051E+13
           DelSqG =  3.1065723743E+09
           DelSqK = -9.6174743114E+10
           Stress_EigVals = -2.7744492051E+05 -2.7744040709E+05 -2.7744005815E+05
           Stress_EigVec1 =  8.5150608411E-01 -5.1539504956E-01 -9.6464146765E-02
           Stress_EigVec2 = -2.0014711439E-04 -1.8429032097E-01  9.8287183169E-01
           Stress_EigVec3 =  5.2434468497E-01  8.3690203757E-01  1.5702748438E-01
           -DivStress =  7.0055485993E+04  3.0735615049E+03  6.3927987422E+02
           ESP =  -2.1419889855E+01     ESP at Nucleus =  -2.1419889890E+01
           ESPe = -3.4826886244E+01     ESPe at Nucleus = -3.4826889682E+01
           ESPn =  1.3406996389E+01     ESPn at Nucleus =  1.3406999792E+01

CP# 7      Coords = -2.81414190793151E+00 -3.22947570155297E+00 -2.14890515586464E+00
           Type = (3,-3) NACP H7
           Rho =  3.2819578183E-01     Rho at Nucleus =  3.1889405385E-01
           GradRho =  2.4148528609E-11  1.4573560999E-11  4.7052457579E-11
           HessRho_EigVals = -6.3995823661E+00 -6.3973590566E+00 -4.8012104696E+00
           HessRho_EigVec1 =  6.2345822320E-01  5.9849677332E-01 -5.0309189642E-01
           HessRho_EigVec2 = -6.4640306753E-01  7.5655086873E-01  9.8963919281E-02
           HessRho_EigVec3 =  4.3984419765E-01  2.6350027582E-01  8.5854801056E-01
           DelSqRho = -1.7598151892E+01
           Bond Ellipticity = NA
           V = -4.4348480063E+00
           G =  1.7655016607E-02
           K =  4.4171929897E+00
           L =  4.3995379731E+00
           Vnuc =  3.1433730523E+01
           Ven = -1.0316417765E+01
           Vrep =  5.8815697584E+00
           DelSqV =  1.0413236947E+03
           DelSqVen =  5.5317556431E+02
           DelSqVrep =  4.8814813043E+02
           DelSqG =  8.0535702741E+01
           DelSqK = -1.1218593975E+03
           Stress_EigVals = -1.6168205539E+00 -1.6115020923E+00 -1.2065253601E+00
           Stress_EigVec1 = -7.7239390938E-01  5.9933786121E-01  2.1024218625E-01
           Stress_EigVec2 =  4.5937787702E-01  7.5574174628E-01 -4.6671873654E-01
           Stress_EigVec3 =  4.3861100632E-01  2.6391010031E-01  8.5905287619E-01
           -DivStress = -9.3215559988E+00 -5.6680748958E+00 -1.8150527675E+01
           ESP =  -1.2894853511E-01     ESP at Nucleus =  -1.3130297982E-01
           ESPe = -1.4318128520E+01     ESPe at Nucleus = -1.4112790800E+01
           ESPn =  1.4189179985E+01     ESPn at Nucleus =  1.3981487820E+01

CP# 8      Coords =  1.99407766000284E+00 -5.21598454982527E-01  2.77678283644002E+00
           Type = (3,-3) NACP O8
           Rho =  2.9728768340E+02     Rho at Nucleus =  2.9728768044E+02
           GradRho = -1.2700118734E-11  3.6037190593E-11  2.3187846088E-10
           HessRho_EigVals = -1.1095959837E+06 -1.1095952683E+06 -1.1095747848E+06
           HessRho_EigVec1 =  5.3510221492E-01 -1.5449738556E-01  8.3053969047E-01
           HessRho_EigVec2 = -1.0960955567E-03  9.8300685206E-01  1.8356559420E-01
           HessRho_EigVec3 =  8.4478661102E-01  9.9136706907E-02 -5.2583979992E-01
           DelSqRho = -3.3287660369E+06
           Bond Ellipticity = NA
           V = -8.3232602350E+05
           G =  6.7257143892E+01
           K =  8.3225876636E+05
           L =  8.3219150922E+05
           Vnuc =  3.4672529811E+06
           Ven = -1.0307716065E+09
           Vrep =  1.0299392805E+09
           DelSqV =  9.3068241542E+10
           DelSqVen =  1.1541673968E+13
           DelSqVrep = -1.1448605726E+13
           DelSqG =  3.1065746408E+09
           DelSqK = -9.6174816183E+10
           Stress_EigVals = -2.7744513268E+05 -2.7744061987E+05 -2.7744027095E+05
           Stress_EigVec1 =  8.5171316815E-01  9.7092499378E-02 -5.1493468106E-01
           Stress_EigVec2 = -5.2992393582E-04  9.8284333349E-01  1.8444159239E-01
           Stress_EigVec3 =  5.2400801366E-01 -1.5681845678E-01  8.3715206100E-01
           -DivStress = -7.0201803753E+04  5.7471334672E+02 -2.9815153562E+03
           ESP =  -2.1419879634E+01     ESP at Nucleus =  -2.1419879670E+01
           ESPe = -3.4826880209E+01     ESPe at Nucleus = -3.4826883644E+01
           ESPn =  1.3407000575E+01     ESPn at Nucleus =  1.3407003975E+01

CP# 9      Coords =  2.81383886091790E+00  8.26564670878487E-01  3.79061119666292E+00
           Type = (3,-3) NACP H9
           Rho =  3.2814334411E-01     Rho at Nucleus =  3.1884376997E-01
           GradRho = -2.0327825350E-10 -3.2378237813E-10 -2.5789042093E-10
           HessRho_EigVals = -6.3986605718E+00 -6.3964344534E+00 -4.8006448132E+00
           HessRho_EigVec1 =  6.2344830488E-01 -6.8658886942E-01  3.7404269213E-01
           HessRho_EigVec2 = -6.4600473912E-01 -1.8285180927E-01  7.4110936634E-01
           HessRho_EigVec3 =  4.4044305895E-01  7.0367672993E-01  5.5753831400E-01
           DelSqRho = -1.7595739838E+01
           Bond Ellipticity = NA
           V = -4.4342315574E+00
           G =  1.7648298881E-02
           K =  4.4165832585E+00
           L =  4.3989349596E+00
           Vnuc =  3.1433788775E+01
           Ven = -1.0314788567E+01
           Vrep =  5.8805570095E+00
           DelSqV =  1.0411960046E+03
           DelSqVen =  5.5310076969E+02
           DelSqVrep =  4.8809523496E+02
           DelSqG =  8.0526115815E+01
           DelSqK = -1.1217221205E+03
           Stress_EigVals = -1.6165819368E+00 -1.6112672546E+00 -1.2063823659E+00
           Stress_EigVec1 = -7.7237316019E-01 -2.1393730883E-02  6.3480864022E-01
           Stress_EigVec2 =  4.5884412182E-01 -7.0987951328E-01  5.3435301861E-01
           Stress_EigVec3 =  4.3920584387E-01  7.0399814268E-01  5.5810827069E-01
           -DivStress =  9.3323134011E+00  1.4838272702E+01  1.1875588689E+01
           ESP =  -1.2892062389E-01     ESP at Nucleus =  -1.3127232111E-01
           ESPe = -1.4317314838E+01     ESPe at Nucleus = -1.4111997856E+01
           ESPn =  1.4188394214E+01     ESPn at Nucleus =  1.3980725535E+01

CP# 10     Coords =  2.82038861637434E+00  2.14660589129966E+00 -3.22557423102653E+00
           Type = (3,-3) NACP H10
           Rho =  3.2816842399E-01     Rho at Nucleus =  3.1886840502E-01
           GradRho = -2.3768552339E-11 -4.6128804661E-11  1.4243836904E-11
           HessRho_EigVals = -6.3991149392E+00 -6.3968985802E+00 -4.8010249839E+00
           HessRho_EigVec1 =  6.2528036953E-01 -5.0395355707E-01 -5.9586514565E-01
           HessRho_EigVec2 =  6.4362776288E-01 -9.8773022852E-02  7.5893820091E-01
           HessRho_EigVec3 =  4.4132500759E-01  8.5806450939E-01 -2.6259766830E-01
           DelSqRho = -1.7597038503E+01
           Bond Ellipticity = NA
           V = -4.4345611940E+00
           G =  1.7650784060E-02
           K =  4.4169104099E+00
           L =  4.3992596258E+00
           Vnuc =  3.1434619104E+01
           Ven = -1.0315849410E+01
           Vrep =  5.8812882162E+00
           DelSqV =  1.0412745989E+03
           DelSqVen =  5.5315620275E+02
           DelSqVrep =  4.8811839619E+02
           DelSqG =  8.0531826472E+01
           DelSqK = -1.1218064254E+03
           Stress_EigVals = -1.6166993969E+00 -1.6113829490E+00 -1.2064788481E+00
           Stress_EigVec1 =  7.7112773352E-01 -2.1127546017E-01  6.0060361181E-01
           Stress_EigVec2 =  4.6009248672E-01 -4.6713712282E-01 -7.5504821843E-01
           Stress_EigVec3 =  4.4008740298E-01  8.5857183066E-01 -2.6301613891E-01
           -DivStress =  9.3516557336E+00  1.8138083156E+01 -5.6484451874E+00
           ESP =  -1.2893096342E-01     ESP at Nucleus =  -1.3128338045E-01
           ESPe = -1.4317924768E+01     ESPe at Nucleus = -1.4112609238E+01
           ESPn =  1.4188993804E+01     ESPn at Nucleus =  1.3981325857E+01

CP# 11     Coords =  2.81424716815053E+00 -2.14580987631247E+00  3.23099137063926E+00
           Type = (3,-3) NACP H11
           Rho =  3.2820030136E-01     Rho at Nucleus =  3.1889903133E-01
           GradRho = -2.3801105238E-11  4.6262409593E-11 -1.4335475623E-11
           HessRho_EigVals = -6.3996851307E+00 -6.3974650437E+00 -4.8013835107E+00
           HessRho_EigVec1 =  6.2391731974E-01  5.0385834230E-01  5.9737253788E-01
           HessRho_EigVec2 = -6.4538736441E-01 -9.8840646733E-02  7.5743361189E-01
           HessRho_EigVec3 = -4.4068393207E-01  8.5811263681E-01 -2.6351541618E-01
           DelSqRho = -1.7598533685E+01
           Bond Ellipticity = NA
           V = -4.4349429782E+00
           G =  1.7654778486E-02
           K =  4.4172881997E+00
           L =  4.3996334213E+00
           Vnuc =  3.1434824361E+01
           Ven = -1.0316918828E+01
           Vrep =  5.8819758500E+00
           DelSqV =  1.0413553794E+03
           DelSqVen =  5.5320681543E+02
           DelSqVrep =  4.8814856393E+02
           DelSqG =  8.0537902307E+01
           DelSqK = -1.1218932817E+03
           Stress_EigVals = -1.6168460634E+00 -1.6115277461E+00 -1.2065691688E+00
           Stress_EigVec1 = -7.7235781512E-01 -2.1115334304E-01  5.9906399587E-01
           Stress_EigVec2 =  4.5863928725E-01  4.6710329064E-01  7.5595272343E-01
           Stress_EigVec3 = -4.3944670851E-01  8.5862027788E-01 -2.6392765824E-01
           -DivStress =  9.3390075083E+00 -1.8141068702E+01  5.6684440864E+00
           ESP =  -1.2893677291E-01     ESP at Nucleus =  -1.3129055747E-01
           ESPe = -1.4318579092E+01     ESPe at Nucleus = -1.4113253444E+01
           ESPn =  1.4189642319E+01     ESPn at Nucleus =  1.3981962886E+01

CP# 12     Coords = -2.81640733865043E+00 -3.78940387188992E+00  8.23393436843071E-01
           Type = (3,-3) NACP H12
           Rho =  3.2815342158E-01     Rho at Nucleus =  3.1885365701E-01
           GradRho =  1.8100852718E-10  2.2940286053E-10 -2.8774905429E-10
           HessRho_EigVals = -6.3988710844E+00 -6.3966442479E+00 -4.8008195375E+00
           HessRho_EigVec1 =  6.2217935433E-01  3.7471323207E-01  6.8737387553E-01
           HessRho_EigVec2 =  6.4684122442E-01 -7.4065498223E-01 -1.8173229674E-01
           HessRho_EigVec3 = -4.4100938928E-01 -5.5769184233E-01  7.0320020447E-01
           DelSqRho = -1.7596334870E+01
           Bond Ellipticity = NA
           V = -4.4343833214E+00
           G =  1.7649801968E-02
           K =  4.4167335194E+00
           L =  4.3990837175E+00
           Vnuc =  3.1433961277E+01
           Ven = -1.0315161947E+01
           Vrep =  5.8807786256E+00
           DelSqV =  1.0412334059E+03
           DelSqVen =  5.5312250916E+02
           DelSqVrep =  4.8811089669E+02
           DelSqG =  8.0529096009E+01
           DelSqK = -1.1217625019E+03
           Stress_EigVals = -1.6166365733E+00 -1.6113206920E+00 -1.2064260561E+00
           Stress_EigVec1 =  7.7224226339E-01 -6.3497663413E-01 -2.1131984006E-02
           Stress_EigVec2 =  4.5851748422E-01  5.3399648601E-01  7.1035869080E-01
           Stress_EigVec3 = -4.3977676530E-01 -5.5825838734E-01  7.0352254382E-01
           -DivStress = -9.3446861474E+00 -1.1879039713E+01  1.4828552514E+01
           ESP =  -1.2892913950E-01     ESP at Nucleus =  -1.3128122066E-01
           ESPe = -1.4317376988E+01     ESPe at Nucleus = -1.4112059397E+01
           ESPn =  1.4188447848E+01     ESPn at Nucleus =  1.3980778176E+01

CP# 13     Coords = -2.81738474786748E+00  3.78796621047498E+00 -8.28444269384580E-01
           Type = (3,-3) NACP H13
           Rho =  3.2811483324E-01     Rho at Nucleus =  3.1881614015E-01
           GradRho =  2.1758541258E-10 -2.7590523291E-10  3.4665490113E-10
           HessRho_EigVals = -6.3981396561E+00 -6.3959137187E+00 -4.8002726255E+00
           HessRho_EigVec1 = -6.2416602499E-01  3.7346145883E-01  6.8625309618E-01
           HessRho_EigVec2 =  6.4530427494E-01  7.4159851479E-01  1.8334130905E-01
           HessRho_EigVec3 =  4.4045336416E-01 -5.5727747274E-01  7.0387687302E-01
           DelSqRho = -1.7594326000E+01
           Bond Ellipticity = NA
           V = -4.4338712258E+00
           G =  1.7644862830E-02
           K =  4.4162263629E+00
           L =  4.3985815001E+00
           Vnuc =  3.1433326474E+01
           Ven = -1.0313740674E+01
           Vrep =  5.8798694483E+00
           DelSqV =  1.0411151814E+03
           DelSqVen =  5.5304819355E+02
           DelSqVrep =  4.8806698783E+02
           DelSqG =  8.0520067024E+01
           DelSqK = -1.1216352484E+03
           Stress_EigVals = -1.6164476499E+00 -1.6111351801E+00 -1.2062883957E+00
           Stress_EigVec1 =  7.7156982351E-01  6.3575040691E-01  2.2392578306E-02
           Stress_EigVec2 = -4.6018448336E-01  5.3350104781E-01  7.0965264268E-01
           Stress_EigVec3 =  4.3921549236E-01 -5.5785128134E-01  7.0419578185E-01
           -DivStress = -9.3317986255E+00  1.1869034705E+01 -1.4841217127E+01
           ESP =  -1.2891472864E-01     ESP at Nucleus =  -1.3126535456E-01
           ESPe = -1.4316718901E+01     ESPe at Nucleus = -1.4111407899E+01
           ESPn =  1.4187804173E+01     ESPn at Nucleus =  1.3980142544E+01

CP# 14     Coords = -1.02001634503657E+00  1.33351708315038E+00  2.49875777172494E-01
           Type = (3,-1) BCP O2 Mn1
           Rho =  1.3205002269E-01
           GradRho =  1.4450246555E-15 -1.8648277367E-15 -3.6168984474E-16
           HessRho_EigVals = -1.9449054941E-01 -1.9099317819E-01  9.6585465672E-01
           HessRho_EigVec1 = -3.5992680926E-03 -1.8668538641E-01  9.8241315737E-01
           HessRho_EigVec2 =  8.2328995431E-01  5.5708119551E-01  1.0887696150E-01
           HessRho_EigVec3 = -5.6760963382E-01  8.0920276081E-01  1.5169111867E-01
           DelSqRho =  5.8037092912E-01
           Bond Ellipticity =  1.8311498121E-02
           V = -2.2892450850E-01
           G =  1.8700862039E-01
           K =  4.1915888108E-02
           L = -1.4509273228E-01
           Vnuc =  2.6495062995E+01
           Ven = -3.4986736698E+00
           Vrep =  3.2697491613E+00
           DelSqV = -2.7595139110E+00
           DelSqVen = -1.5376964328E+01
           DelSqVrep =  1.2617450417E+01
           DelSqG =  2.6619983184E+00
           DelSqK =  9.7515592605E-02
           Stress_EigVals = -1.3054132287E-01 -1.2777586100E-01  2.9392675376E-02
           Stress_EigVec1 =  8.0651472535E-01  5.8076111909E-01  1.1068206875E-01
           Stress_EigVec2 = -1.4645322668E-03 -1.8524839596E-01  9.8269063644E-01
           Stress_EigVec3 = -5.9121218943E-01  7.9271656621E-01  1.4855501579E-01
           -DivStress =  7.0807049745E-02 -9.0830778268E-02 -1.7015439955E-02
           ESP =   1.5094552670E+00
           ESPe = -2.4985607728E+01
           ESPn =  2.6495062995E+01
           BPL =  3.4634310059E+00 =  1.7624630082E+00 +  1.7009679977E+00
           GBL_I =  3.4582007596E+00
           GBL_II =  3.4581993488E+00
           GBL_III =  3.4595855254E+00 =  1.7622405686E+00 +  1.6973449568E+00
           GBL_IV =  3.4595841659E+00 =  1.7622392091E+00 +  1.6973449568E+00
             72 sample points along path from BCP to atom O2      
            -1.0200163450E+00   1.3335170832E+00   2.4987577717E-01   1.3205002269E-01
            -1.0341944129E+00   1.3537553886E+00   2.5366962841E-01   1.3234651213E-01
            -1.0483479584E+00   1.3740102582E+00   2.5746664412E-01   1.3321658345E-01
            -1.0624762172E+00   1.3942821640E+00   2.6126691531E-01   1.3463539550E-01
            -1.0765792960E+00   1.4145709895E+00   2.6507042057E-01   1.3658351632E-01
            -1.0906573717E+00   1.4348765719E+00   2.6887712971E-01   1.3904663541E-01
            -1.1047107054E+00   1.4551986931E+00   2.7268700200E-01   1.4201532107E-01
            -1.1187396437E+00   1.4755370797E+00   2.7649998616E-01   1.4548481800E-01
            -1.1327446161E+00   1.4958914051E+00   2.8031602071E-01   1.4945487956E-01
            -1.1467261308E+00   1.5162612925E+00   2.8413503463E-01   1.5392962924E-01
            -1.1606847688E+00   1.5366463200E+00   2.8795694820E-01   1.5891744473E-01
            -1.1746211765E+00   1.5570460248E+00   2.9178167390E-01   1.6443085794E-01
            -1.1885360574E+00   1.5774599100E+00   2.9560911761E-01   1.7048646288E-01
            -1.2024301624E+00   1.5978874508E+00   2.9943917976E-01   1.7710482287E-01
            -1.2163042791E+00   1.6183281012E+00   3.0327175675E-01   1.8431036715E-01
            -1.2301592209E+00   1.6387813023E+00   3.0710674227E-01   1.9213126562E-01
            -1.2439958144E+00   1.6592464892E+00   3.1094402887E-01   2.0059926948E-01
            -1.2578148879E+00   1.6797230993E+00   3.1478350934E-01   2.0974950383E-01
            -1.2716172586E+00   1.7002105803E+00   3.1862507832E-01   2.1962019729E-01
            -1.2854037202E+00   1.7207083980E+00   3.2246863370E-01   2.3025233252E-01
            -1.2991750306E+00   1.7412160439E+00   3.2631407817E-01   2.4168920103E-01
            -1.3129319003E+00   1.7617330427E+00   3.3016132054E-01   2.5397584580E-01
            -1.3266749802E+00   1.7822589596E+00   3.3401027719E-01   2.6715837639E-01
            -1.3404048511E+00   1.8027934071E+00   3.3786087332E-01   2.8128314380E-01
            -1.3541220124E+00   1.8233360517E+00   3.4171304424E-01   2.9639576692E-01
            -1.3678268721E+00   1.8438866201E+00   3.4556673653E-01   3.1254000922E-01
            -1.3815197362E+00   1.8644449055E+00   3.4942190926E-01   3.2975651388E-01
            -1.3952007997E+00   1.8850107734E+00   3.5327853507E-01   3.4808141814E-01
            -1.4088701359E+00   1.9055841678E+00   3.5713660132E-01   3.6754488349E-01
            -1.4225276876E+00   1.9261651164E+00   3.6099611114E-01   3.8816959680E-01
            -1.4361732572E+00   1.9467537371E+00   3.6485708454E-01   4.0996931872E-01
            -1.4498064973E+00   1.9673502424E+00   3.6871955942E-01   4.3294757757E-01
            -1.4634269028E+00   1.9879549453E+00   3.7258359255E-01   4.5709662966E-01
            -1.4770338028E+00   2.0085682629E+00   3.7644926029E-01   4.8239682659E-01
            -1.4906263561E+00   2.0291907190E+00   3.8031665915E-01   5.0881654682E-01
            -1.5042035505E+00   2.0498229437E+00   3.8418590573E-01   5.3631285862E-01
            -1.5177642088E+00   2.0704656685E+00   3.8805713582E-01   5.6483308501E-01
            -1.5313070071E+00   2.0911197142E+00   3.9193050225E-01   5.9431743763E-01
            -1.5448305096E+00   2.1117859676E+00   3.9580617056E-01   6.2470288126E-01
            -1.5583332307E+00   2.1324653412E+00   3.9968431163E-01   6.5592839549E-01
            -1.5718137373E+00   2.1531587083E+00   4.0356508966E-01   6.8794184149E-01
            -1.5852708106E+00   2.1738668014E+00   4.0744864337E-01   7.2070877324E-01
            -1.5987036949E+00   2.1945900575E+00   4.1133505723E-01   7.5422384696E-01
            -1.6121124767E+00   2.2153283832E+00   4.1522431795E-01   7.8852614097E-01
            -1.6254986552E+00   2.2360808058E+00   4.1911624940E-01   8.2372094720E-01
            -1.6388659854E+00   2.2568449556E+00   4.2301041639E-01   8.6001280140E-01
            -1.6522216767E+00   2.2776163309E+00   4.2690598746E-01   8.9775816885E-01
            -1.6655779450E+00   2.2983873357E+00   4.3080155521E-01   9.3755189595E-01
            -1.6789536178E+00   2.3191462562E+00   4.3469494463E-01   9.8036989897E-01
            -1.6923748596E+00   2.3398767171E+00   4.3858310989E-01   1.0278020448E+00
            -1.7058733487E+00   2.3605586315E+00   4.4246230893E-01   1.0824237040E+00
            -1.7194804832E+00   2.3811716097E+00   4.4632873659E-01   1.1483709632E+00
            -1.7332187485E+00   2.4017003510E+00   4.5017952934E-01   1.2322011280E+00
            -1.7470949060E+00   2.4221392774E+00   4.5401363185E-01   1.3441369367E+00
            -1.7610995502E+00   2.4424933587E+00   4.5783195499E-01   1.4998188291E+00
            -1.7752126745E+00   2.4627749232E+00   4.6163678452E-01   1.7227540981E+00
            -1.7894108450E+00   2.4829990620E+00   4.6543092531E-01   2.0478140418E+00
            -1.8036722954E+00   2.5031801408E+00   4.6921705040E-01   2.5264659919E+00
            -1.8179791328E+00   2.5233301588E+00   4.7299739402E-01   3.2349532192E+00
            -1.8323175780E+00   2.5434584585E+00   4.7677369645E-01   4.2871505341E+00
            -1.8466773606E+00   2.5635720556E+00   4.8054726500E-01   5.8537623268E+00
            -1.8610509656E+00   2.5836761103E+00   4.8431906136E-01   8.1883211138E+00
            -1.8754329878E+00   2.6037743470E+00   4.8808977965E-01   1.1659593590E+01
            -1.8898195878E+00   2.6238694167E+00   4.9185991402E-01   1.6797303227E+01
            -1.9042079767E+00   2.6439632476E+00   4.9562982409E-01   2.4383781931E+01
            -1.9185959734E+00   2.6640573487E+00   4.9939979153E-01   3.5638541948E+01
            -1.9329818210E+00   2.6841529350E+00   5.0317004338E-01   5.2424960162E+01
            -1.9473641648E+00   2.7042509429E+00   5.0694075450E-01   7.7314033929E+01
            -1.9617415763E+00   2.7243523586E+00   5.1071210959E-01   1.1440359699E+02
            -1.9761124113E+00   2.7444583158E+00   5.1448432127E-01   1.6978363096E+02
            -1.9904736174E+00   2.7645709167E+00   5.1825778476E-01   2.5241632968E+02
            -1.9976258153E+00   2.7746030630E+00   5.2013998842E-01   2.9728782700E+02
             70 sample points along path from BCP to atom Mn1     
            -1.0200163450E+00   1.3335170832E+00   2.4987577717E-01   1.3205002269E-01
            -1.0058139745E+00   1.3132952354E+00   2.4608506934E-01   1.3235770339E-01
            -9.9158733335E-01   1.2930898652E+00   2.4229750804E-01   1.3330628214E-01
            -9.7733591730E-01   1.2729013579E+00   2.3851316622E-01   1.3493907866E-01
            -9.6306006969E-01   1.2527295227E+00   2.3473200680E-01   1.3730652046E-01
            -9.4876018236E-01   1.2325741336E+00   2.3095398609E-01   1.4046672695E-01
            -9.3443670381E-01   1.2124349237E+00   2.2717905267E-01   1.4448616531E-01
            -9.2009013532E-01   1.1923115879E+00   2.2340714783E-01   1.4944038153E-01
            -9.0572102534E-01   1.1722037861E+00   2.1963820624E-01   1.5541480829E-01
            -8.9132996364E-01   1.1521111467E+00   2.1587215668E-01   1.6250565004E-01
            -8.7691757597E-01   1.1320332709E+00   2.1210892270E-01   1.7082084292E-01
            -8.6248451953E-01   1.1119697350E+00   2.0834842321E-01   1.8048108340E-01
            -8.4803147964E-01   1.0919200928E+00   2.0459057287E-01   1.9162091485E-01
            -8.3355916781E-01   1.0718838771E+00   2.0083528238E-01   2.0438985434E-01
            -8.1906832147E-01   1.0518605996E+00   1.9708245845E-01   2.1895353341E-01
            -8.0455970563E-01   1.0318497496E+00   1.9333200362E-01   2.3549481552E-01
            -7.9003411653E-01   1.0118507917E+00   1.8958381580E-01   2.5421483902E-01
            -7.7549238744E-01   9.9186316164E-01   1.8583778742E-01   2.7533391768E-01
            -7.6093539679E-01   9.7188626030E-01   1.8209380442E-01   2.9909221047E-01
            -7.4636407869E-01   9.5191944646E-01   1.7835174481E-01   3.2575004839E-01
            -7.3177943593E-01   9.3196202751E-01   1.7461147696E-01   3.5558777879E-01
            -7.1718255574E-01   9.1201324820E-01   1.7087285744E-01   3.8890495630E-01
            -7.0257462859E-01   8.9207227734E-01   1.6713572859E-01   4.2601867527E-01
            -6.8795697051E-01   8.7213819191E-01   1.6339991544E-01   4.6726080151E-01
            -6.7333104977E-01   8.5220995812E-01   1.5966522225E-01   5.1297382265E-01
            -6.5869851915E-01   8.3228640861E-01   1.5593142812E-01   5.6350499789E-01
            -6.4406125564E-01   8.1236621448E-01   1.5219828182E-01   6.1919845329E-01
            -6.2942141014E-01   7.9244785042E-01   1.4846549516E-01   6.8038484106E-01
            -6.1478147110E-01   7.7252955020E-01   1.4473273464E-01   7.4736817127E-01
            -6.0014434747E-01   7.5260924913E-01   1.4099961065E-01   8.2040944177E-01
            -5.8551347869E-01   7.3268450806E-01   1.3726566314E-01   8.9970676045E-01
            -5.7089298280E-01   7.1275241185E-01   1.3353034251E-01   9.8537180276E-01
            -5.5628785815E-01   6.9280943208E-01   1.2979298379E-01   1.0774027260E+00
            -5.4170426124E-01   6.7285123993E-01   1.2605277143E-01   1.1756541399E+00
            -5.2714989248E-01   6.5287244943E-01   1.2230869097E-01   1.2798055078E+00
            -5.1263453525E-01   6.3286626434E-01   1.1855946257E-01   1.3893305602E+00
            -4.9817081136E-01   6.1282399336E-01   1.1480344980E-01   1.5034721127E+00
            -4.8377523624E-01   5.9273439186E-01   1.1103853572E-01   1.6212293225E+00
            -4.6946967014E-01   5.7258279278E-01   1.0726195931E-01   1.7413681498E+00
            -4.5528322892E-01   5.5235003414E-01   1.0347011361E-01   1.8624709509E+00
            -4.4125452916E-01   5.3201135143E-01   9.9658337182E-02   1.9830480693E+00
            -4.2743348014E-01   5.1153586815E-01   9.5820818135E-02   2.1017433175E+00
            -4.1387994522E-01   4.9088846328E-01   9.1950945401E-02   2.2176762610E+00
            -4.0065219195E-01   4.7003805396E-01   8.8042867579E-02   2.3309759008E+00
            -3.8777145196E-01   4.4897879647E-01   8.4095483997E-02   2.4435706509E+00
            -3.7515197813E-01   4.2776708813E-01   8.0119411743E-02   2.5603167396E+00
            -3.6253162407E-01   4.0655590821E-01   7.6143451806E-02   2.6906229563E+00
            -3.4951376856E-01   3.8557889285E-01   7.2211585203E-02   2.8509264153E+00
            -3.3576514378E-01   3.6505811436E-01   6.8365601236E-02   3.0685068924E+00
            -3.2118292006E-01   3.4510091566E-01   6.4625681536E-02   3.3868617431E+00
            -3.0586603947E-01   3.2568191928E-01   6.0987031659E-02   3.8725665593E+00
            -2.8998834776E-01   3.0670237925E-01   5.7431060883E-02   4.6236841926E+00
            -2.7371179032E-01   2.8805166189E-01   5.3936949910E-02   5.7798573405E+00
            -2.5715936165E-01   2.6963675622E-01   5.0487199234E-02   7.5338515120E+00
