 AIMInt (Version 19.02.13, Professional)
 Portions Copyright (c) 1997-2019 by Todd A. Keith
 AIMInt is a component of the AIMAll package ( http://aim.tkgristmill.com )

 TP:  64-bit Linux

 Licensed To:  Research Group of Fernando Cortes Guzman, UNAM, fercor@unam.mx

 AIMInt is a heavily modified and extended version of the PROAIMV program
 developed by members of R.F.W. Bader's research group

 Much of the Quantum Theory of Atoms in Molecules (QTAIM) is described in the book:
   "Atoms in Molecules - A Quantum Theory"
   R.F.W. Bader, Oxford University Press, Oxford, 1990

 For additional references see:  http://aim.tkgristmill.com/references.html

 Current Directory:  /home/scratch/M_H2O_4_tetraedrico/Opt

 Inp File:  V3_tetraedrico_cc-pvtz-def2-tzv_2_atomicfiles/o2.inp
 Wfx File:  V3_tetraedrico_cc-pvtz-def2-tzv_2.wfx
 Out File:  V3_tetraedrico_cc-pvtz-def2-tzv_2_atomicfiles/o2.int

 Wfx Title:   V3_tetraedrico_cc-pvtz-def2-tzv_2                                             
 Job Title:   V3_tetraedrico_cc-pvtz-def2-tzv_2                                             
 
<Atom>
O2      
</Atom>
<Nuclei of Molecule>
    13
V1        23.0           9.6159815467E-06   2.3393319961E-05   1.7764325519E-05
O2         8.0           2.0476220410E+00  -1.0266125420E+00  -2.6660208275E+00
H3         1.0           3.6231980236E+00  -2.0935713291E-01  -3.2951673111E+00
O4         8.0          -2.0144316725E+00  -2.6887671097E+00   1.0329223587E+00
H5         1.0          -1.6837359757E+00  -3.8191414991E+00   2.5010866473E+00
O6         8.0           2.0109076840E+00   1.0556001109E+00   2.6826482838E+00
H7         1.0           1.6657898862E+00   2.5187769510E+00   3.8152994454E+00
O8         8.0          -2.0440588327E+00   2.6598727172E+00  -1.0494799672E+00
H9         1.0          -3.6328036347E+00   3.2812861892E+00  -2.5207703083E-01
H10        1.0           1.7337953102E+00  -2.4964058246E+00  -3.7991719161E+00
H11        1.0          -1.7154169567E+00   3.7968791397E+00  -2.5130655628E+00
H12        1.0           3.5937536817E+00   2.6130836326E-01   3.3227979624E+00
H13        1.0          -3.5851152607E+00  -3.3346296445E+00   2.1933040311E-01
</Nuclei of Molecule>
<Total Number of CPs of DelSqRho>
    37
</Total Number of CPs of DelSqRho>
<Number of (3,+3) CPs of DelSqRho>
     5
</Number of (3,+3) CPs of DelSqRho>
<Number of (3,+1) CPs of DelSqRho>
    14
</Number of (3,+1) CPs of DelSqRho>
<Number of (3,-1) CPs of DelSqRho>
    12
</Number of (3,-1) CPs of DelSqRho>
<Number of (3,-3) CPs of DelSqRho>
     6
</Number of (3,-3) CPs of DelSqRho>
<Number of Degenerate CPs of DelSqRho>
     0
</Number of Degenerate CPs of DelSqRho>
<CP of DelSqRho>
CP# = 1       
Type = (3,+3)
Coords =  2.04762217613569E+00 -1.02661260543736E+00 -2.66602103992938E+00
DistFromNuc =  2.5966063983E-07
Rho =  2.9718867266E+02
DelSqRho = -3.3279237447E+06
GradDelSqRho = -2.0925318267E-05 -7.5253797149E-06  1.2923495433E-05
HessDelSqRho_EigVals =  1.3234328064E+11  1.3234330040E+11  1.3234330644E+11
HessDelSqRho_EigVec1 =  5.3436248509E-01 -5.7795474532E-01  6.1678606250E-01
HessDelSqRho_EigVec2 =  5.7206868159E-01 -2.8989650831E-01 -7.6726621066E-01
HessDelSqRho_EigVec3 =  6.2224927326E-01  7.6284226865E-01  1.7571999057E-01
</CP of DelSqRho>
<CP of DelSqRho>
CP# = 2       
Type = (3,-1)
Coords =  1.13097426152509E+00 -7.10582723649156E-01 -1.53261410837992E+00
DistFromNuc =  1.4915524760E+00
Rho =  1.5526015646E-01
DelSqRho =  3.7229491553E-01
GradDelSqRho = -7.1026518000E-13  3.6471173304E-13  9.0465135383E-13
HessDelSqRho_EigVals = -4.6114148297E-01 -1.8416388269E-01  4.5539830334E+00
HessDelSqRho_EigVec1 = -4.8492282376E-01  6.1959076227E-01 -6.1721725697E-01
HessDelSqRho_EigVec2 =  6.6483176103E-01  7.1968709068E-01  2.0012301476E-01
HessDelSqRho_EigVec3 = -5.6819766325E-01  3.1330141848E-01  7.6091631383E-01
</CP of DelSqRho>
<CP of DelSqRho>
CP# = 3       
Type = (3,+1)
Coords =  3.01920131939299E+00 -5.16037657759910E-01 -3.04957172045335E+00
DistFromNuc =  1.1626539872E+00
Rho =  4.0309254272E-01
DelSqRho = -9.0100979074E-01
GradDelSqRho =  7.7909900753E-14  4.6497528050E-14 -2.6579433099E-14
HessDelSqRho_EigVals = -2.9125059226E+01  1.3828262069E+01  1.4534797155E+01
HessDelSqRho_EigVec1 =  8.3708758055E-01  4.3150056179E-01 -3.3629101635E-01
HessDelSqRho_EigVec2 = -5.4392903079E-01  5.9069765842E-01 -5.9600124647E-01
HessDelSqRho_EigVec3 = -5.8528556774E-02  6.8182368800E-01  7.2917135608E-01
</CP of DelSqRho>
<CP of DelSqRho>
CP# = 4       
Type = (3,+1)
Coords =  1.84662640039250E+00 -1.93519877056838E+00 -3.36247962570082E+00
DistFromNuc =  1.1623179599E+00
Rho =  4.0325627149E-01
DelSqRho = -9.0131670831E-01
GradDelSqRho =  1.2663481375E-16  2.7061686225E-16  1.8873791419E-15
HessDelSqRho_EigVals = -2.9214401855E+01  1.3859044301E+01  1.4571570215E+01
HessDelSqRho_EigVec1 =  1.6377510669E-01  7.8029620687E-01  6.0358557303E-01
HessDelSqRho_EigVec2 =  5.5694382013E-01 -5.7814596192E-01  5.9628921501E-01
HessDelSqRho_EigVec3 =  8.1424277439E-01  2.3850592501E-01 -5.2926706688E-01
</CP of DelSqRho>
<CP of DelSqRho>
CP# = 5       
Type = (3,+1)
Coords =  2.15989073122182E+00 -1.13361310741391E+00 -2.60086057604625E+00
DistFromNuc =  1.6822377410E-01
Rho =  2.2578029837E+01
DelSqRho =  1.2381232540E+03
GradDelSqRho =  5.5564441936E-12 -8.6171070279E-12  7.1729289175E-12
HessDelSqRho_EigVals = -4.1549468841E+05  2.0879266092E+03  2.9792509956E+03
HessDelSqRho_EigVec1 =  6.6579044285E-01 -6.3555226503E-01  3.9089180680E-01
HessDelSqRho_EigVec2 =  4.0823549067E-01 -1.2823274405E-01 -9.0382528594E-01
HessDelSqRho_EigVec3 =  6.2455333669E-01  7.6133414593E-01  1.7407885531E-01
</CP of DelSqRho>
<CP of DelSqRho>
CP# = 6       
Type = (3,-3)
Coords =  2.04355600496824E+00 -9.08516084151089E-01 -2.54765862173262E+00
DistFromNuc =  1.6725106201E-01
Rho =  2.2652155996E+01
DelSqRho =  1.2903344633E+03
GradDelSqRho = -5.8086868648E-13 -4.4337866711E-12 -7.8159700934E-13
HessDelSqRho_EigVals = -4.4390346738E+05 -3.2196371818E+03 -4.3607495090E+02
HessDelSqRho_EigVec1 = -2.6371697511E-02  7.0491196760E-01  7.0880438169E-01
HessDelSqRho_EigVec2 = -5.3556028552E-01  5.8874477550E-01 -6.0543766806E-01
HessDelSqRho_EigVec3 =  8.4408513442E-01  3.9557389608E-01 -3.6199665550E-01
</CP of DelSqRho>
<CP of DelSqRho>
CP# = 7       
Type = (3,+1)
Coords =  1.98582324250763E+00 -9.45606937881246E-01 -2.80003526278847E+00
DistFromNuc =  1.6834746290E-01
Rho =  2.2551086781E+01
DelSqRho =  1.2352778274E+03
GradDelSqRho = -1.3415046851E-11  1.7717383116E-11 -2.8180124900E-11
HessDelSqRho_EigVals = -4.1260561843E+05  2.2035283622E+03  3.0780144113E+03
HessDelSqRho_EigVec1 =  3.6967712515E-01 -4.8281816908E-01  7.9386739368E-01
HessDelSqRho_EigVec2 = -6.8875351949E-01  4.3108623113E-01  5.8290929888E-01
HessDelSqRho_EigVec3 =  6.2366450319E-01  7.6226719523E-01  1.7317999461E-01
</CP of DelSqRho>
<CP of DelSqRho>
CP# = 8       
Type = (3,-1)
Coords =  2.14668281734963E+00 -1.07926326153747E+00 -2.79194140772198E+00
DistFromNuc =  1.6864497683E-01
Rho =  2.2367637815E+01
DelSqRho =  1.2543092984E+03
GradDelSqRho = -2.1177726239E-11  4.8210324621E-12  2.3096191626E-11
HessDelSqRho_EigVals = -4.0987215881E+05 -1.6767854022E+03  1.2250130576E+03
HessDelSqRho_EigVec1 = -5.8764100631E-01  3.1244976393E-01  7.4635996190E-01
HessDelSqRho_EigVec2 =  5.1431678410E-01 -5.6785500478E-01  6.4266549553E-01
HessDelSqRho_EigVec3 =  6.2462492210E-01  7.6152205389E-01  1.7299672867E-01
</CP of DelSqRho>
<CP of DelSqRho>
CP# = 9       
Type = (3,-3)
Coords =  1.90897205025886E+00 -1.07168663210147E+00 -2.58406184897713E+00
DistFromNuc =  1.6725061344E-01
Rho =  2.2652646168E+01
DelSqRho =  1.2902735339E+03
GradDelSqRho = -1.4871659459E-11 -2.1351809210E-12  2.9078961461E-12
HessDelSqRho_EigVals = -4.4389900660E+05 -3.2152432339E+03 -4.2410931958E+02
HessDelSqRho_EigVec1 =  8.2853749672E-01  2.6764386220E-01 -4.9182555805E-01
HessDelSqRho_EigVec2 =  5.4694283893E-01 -5.7495308668E-01  6.0850840509E-01
HessDelSqRho_EigVec3 =  1.1991308300E-01  7.7317249766E-01  6.2275608498E-01
</CP of DelSqRho>
<CP of DelSqRho>
CP# = 10      
Type = (3,-1)
Coords =  1.48197051665834E+00 -1.45171218551766E+00 -2.57278279745966E+00
DistFromNuc =  7.1369789422E-01
Rho =  6.8280447672E-01
DelSqRho = -1.0891536389E+00
GradDelSqRho =  5.2202686618E-13  3.0014879471E-13  4.3159920082E-14
HessDelSqRho_EigVals = -1.5358942168E+01 -1.1640500668E+01  1.4588503703E+02
HessDelSqRho_EigVec1 = -2.6580204619E-01  5.6098862248E-01  7.8399045765E-01
HessDelSqRho_EigVec2 = -5.4178675568E-01  5.8573478114E-01 -6.0281164350E-01
HessDelSqRho_EigVec3 =  7.9738095263E-01  5.8498421484E-01 -1.4824670239E-01
</CP of DelSqRho>
<CP of DelSqRho>
CP# = 11      
Type = (3,-1)
Coords =  2.31487551655542E+00 -4.45024336020777E-01 -2.34973035703660E+00
DistFromNuc =  7.1393901922E-01
Rho =  6.8178686880E-01
DelSqRho = -1.0895982470E+00
GradDelSqRho =  1.6570078643E-14  3.2085445412E-14  1.4099832413E-14
HessDelSqRho_EigVals = -1.5325223830E+01 -1.1407591132E+01  1.4565710397E+02
HessDelSqRho_EigVec1 =  7.5691846876E-01  3.2591854571E-02 -6.5269610284E-01
HessDelSqRho_EigVec2 =  5.4559914640E-01 -5.8126913925E-01  6.0369508794E-01
HessDelSqRho_EigVec3 =  3.5971655938E-01  8.1305839813E-01  4.5775543485E-01
</CP of DelSqRho>
<CP of DelSqRho>
CP# = 12      
Type = (3,+1)
Coords =  2.26084789250056E+00 -5.12625787897201E-01 -3.06973298791657E+00
DistFromNuc =  6.8748174927E-01
Rho =  7.8906298564E-01
DelSqRho = -2.5851972247E+00
GradDelSqRho =  0.0000000000E+00 -9.1038288019E-15  1.3655743203E-14
HessDelSqRho_EigVals = -1.1917627782E+01  1.2911334845E+01  1.9183927374E+02
HessDelSqRho_EigVec1 =  9.7515583283E-01 -1.6909018449E-01  1.4310699214E-01
HessDelSqRho_EigVec2 = -6.0381995485E-03  6.2549328453E-01  7.8020618503E-01
HessDelSqRho_EigVec3 =  2.2143767032E-01  7.6168672072E-01 -6.0893242453E-01
</CP of DelSqRho>
<CP of DelSqRho>
CP# = 13      
Type = (3,-1)
Coords =  2.45515661006671E+00 -1.24165825734398E+00 -3.21974907415197E+00
DistFromNuc =  7.2037771748E-01
Rho =  6.7751446956E-01
DelSqRho = -1.1032979496E+00
GradDelSqRho =  7.4384942650E-15 -9.2703622556E-15 -2.5368596113E-14
HessDelSqRho_EigVals = -1.8964292939E+01 -5.3880383662E+00  1.3850022682E+02
HessDelSqRho_EigVec1 =  6.2774284236E-01  7.6028503472E-01  1.6704966284E-01
HessDelSqRho_EigVec2 =  5.3369937946E-01 -5.7658557017E-01  6.1863887094E-01
HessDelSqRho_EigVec3 = -5.6666030057E-01  2.9919182184E-01  7.6771111592E-01
</CP of DelSqRho>
<CP of DelSqRho>
CP# = 14      
Type = (3,+1)
Coords =  1.68641883607523E+00 -1.20940272895084E+00 -3.22203570846021E+00
DistFromNuc =  6.8777362235E-01
Rho =  7.8871699670E-01
DelSqRho = -2.5856447167E+00
GradDelSqRho = -2.1815882434E-14 -4.4408920985E-16  1.9428902931E-16
HessDelSqRho_EigVals = -1.1946696727E+01  1.2935235667E+01  1.9148429208E+02
HessDelSqRho_EigVec1 = -3.4097204421E-01  9.3969657586E-01  2.6615979775E-02
HessDelSqRho_EigVec2 =  7.6022473721E-01  2.9228359814E-01 -5.8019707616E-01
HessDelSqRho_EigVec3 =  5.5298862013E-01  1.7759685687E-01  8.1404111839E-01
</CP of DelSqRho>
<CP of DelSqRho>
CP# = 15      
Type = (3,+3)
Coords =  1.58464226551840E+00 -6.09890612379522E-01 -2.83138594280026E+00
DistFromNuc =  6.4447890616E-01
Rho =  9.3184870633E-01
DelSqRho = -4.1081147162E+00
GradDelSqRho = -1.3322676296E-14 -1.3766765505E-14 -1.6653345369E-16
HessDelSqRho_EigVals =  8.6483927916E+00  2.0069022657E+01  3.0623339122E+02
HessDelSqRho_EigVec1 = -3.2180431292E-01  6.0169859094E-02  9.4489236014E-01
HessDelSqRho_EigVec2 =  6.2700113999E-01  7.6133125219E-01  1.6505845900E-01
HessDelSqRho_EigVec3 =  7.0944453950E-01 -6.4556511097E-01  2.8272625076E-01
</CP of DelSqRho>
<CP of DelSqRho>
CP# = 16      
Type = (3,+1)
Coords =  2.13912800997767E+00 -1.70702371751501E+00 -2.71170948759698E+00
DistFromNuc =  6.8805534940E-01
Rho =  7.8855689242E-01
DelSqRho = -2.5935738395E+00
GradDelSqRho = -1.2878587086E-14  1.5432100042E-14  2.9976021665E-15
HessDelSqRho_EigVals = -1.2284942590E+01  1.3291760802E+01  1.9176181805E+02
HessDelSqRho_EigVec1 =  4.3081669648E-01  9.2823404989E-02  8.9765293378E-01
HessDelSqRho_EigVec2 =  8.8429584303E-01  1.5503387363E-01 -4.4043769142E-01
HessDelSqRho_EigVec3 = -1.8004953770E-01  9.8353866905E-01 -1.5292169887E-02
</CP of DelSqRho>
<CP of DelSqRho>
CP# = 17      
Type = (3,+3)
Coords =  2.23135458301801E+00 -1.30279123138612E+00 -2.11705429273516E+00
DistFromNuc =  6.4140203597E-01
Rho =  9.4425012210E-01
DelSqRho = -4.2413776046E+00
GradDelSqRho = -1.9290125053E-14  3.6748382115E-14 -8.0158102378E-14
HessDelSqRho_EigVals =  9.9288592937E+00  2.1105115378E+01  3.1980960203E+02
HessDelSqRho_EigVec1 = -7.1450364887E-01  4.7937245508E-01  5.0959453005E-01
HessDelSqRho_EigVec2 =  6.2977153162E-01  7.5794820866E-01  1.7000685561E-01
HessDelSqRho_EigVec3 =  3.0474965744E-01 -4.4239864636E-01  8.4345188599E-01
</CP of DelSqRho>
<CP of DelSqRho>
CP# = 18      
Type = (3,+1)
Coords =  2.72587567453026E+00 -9.99765150636801E-01 -2.55458942159705E+00
DistFromNuc =  6.8787043257E-01
Rho =  7.8842048317E-01
DelSqRho = -2.5882780124E+00
GradDelSqRho =  1.2462253451E-14  1.9761969838E-14 -4.2743586448E-15
HessDelSqRho_EigVals = -1.2290745613E+01  1.3248436056E+01  1.9192153414E+02
HessDelSqRho_EigVec1 = -1.8897960679E-01 -6.5714944599E-01  7.2968576377E-01
HessDelSqRho_EigVec2 = -1.2940543778E-01  7.5326063302E-01  6.4486638261E-01
HessDelSqRho_EigVec3 =  9.7341714639E-01 -2.7441289717E-02  2.2738960998E-01
</CP of DelSqRho>
<CP of DelSqRho>
CP# = 19      
Type = (3,+1)
Coords =  1.66672804724029E+00 -8.26637442724041E-01 -2.14762432129326E+00
DistFromNuc =  6.7365066053E-01
Rho =  8.4225637294E-01
DelSqRho = -3.3389695437E+00
GradDelSqRho =  3.1641356202E-14 -5.4956039719E-15 -1.1435297154E-14
HessDelSqRho_EigVals = -5.7698879837E+00  1.8135889128E+01  2.2873587555E+02
HessDelSqRho_EigVec1 =  5.3559588744E-01 -5.7944048757E-01  6.1431731761E-01
HessDelSqRho_EigVec2 =  6.2811131023E-01  7.5958518563E-01  1.6883876251E-01
HessDelSqRho_EigVec3 = -5.6445834860E-01  2.9543030843E-01  7.7078382544E-01
</CP of DelSqRho>
<CP of DelSqRho>
CP# = 20      
Type = (3,+3)
Coords =  2.64761257213539E+00 -7.00933975864744E-01 -2.89546439580483E+00
DistFromNuc =  7.2020796780E-01
Rho =  7.5881404218E-01
DelSqRho = -3.0981324803E+00
GradDelSqRho =  3.5836333900E-12  9.3264285184E-13 -5.0032200605E-13
HessDelSqRho_EigVals =  1.1183547380E+01  2.2794467247E+01  1.4330866498E+02
HessDelSqRho_EigVec1 =  5.4611147308E-01 -5.7536157463E-01  6.0886888360E-01
HessDelSqRho_EigVec2 = -9.9706321813E-02  6.7701349141E-01  7.2918542350E-01
HessDelSqRho_EigVec3 =  8.3175772215E-01  4.5892460262E-01 -3.1235764877E-01
</CP of DelSqRho>
<CP of DelSqRho>
CP# = 21      
Type = (3,+3)
Coords =  1.91194150663007E+00 -1.59186726474125E+00 -3.09143060823836E+00
DistFromNuc =  7.2034407793E-01
Rho =  7.5864181201E-01
DelSqRho = -3.0955669322E+00
GradDelSqRho = -2.2967738822E-15 -3.1641356202E-15  7.9936057773E-15
HessDelSqRho_EigVals =  1.1152744865E+01  2.2775783574E+01  1.4324455990E+02
HessDelSqRho_EigVec1 =  5.3636661082E-01 -5.8613126084E-01  6.0725695044E-01
HessDelSqRho_EigVec2 = -8.2080107164E-01 -1.9477853810E-01  5.3697944271E-01
HessDelSqRho_EigVec3 =  1.9645981674E-01  7.8645499945E-01  5.8556987136E-01
</CP of DelSqRho>
<CP of DelSqRho>
CP# = 22      
Type = (3,+1)
Coords =  1.25830582693401E+00 -5.49154513748508E-01 -1.81533370990124E+00
DistFromNuc =  1.2548525119E+00
Rho =  2.4300447614E-01
DelSqRho =  4.1941440561E-01
GradDelSqRho =  1.5820678101E-15 -1.4181364416E-15 -2.5673907444E-16
HessDelSqRho_EigVals = -8.3094750343E+00  2.0159108137E-01  7.9935708281E-01
HessDelSqRho_EigVec1 =  6.3557903673E-01 -3.9939893749E-01 -6.6069643317E-01
HessDelSqRho_EigVec2 =  4.4596128019E-01 -5.0863565795E-01  7.3648374323E-01
HessDelSqRho_EigVec3 =  6.3020458951E-01  7.6273865524E-01  1.4516170005E-01
</CP of DelSqRho>
<CP of DelSqRho>
CP# = 23      
Type = (3,-3)
Coords =  2.41986239455225E+00 -1.09211624187193E+00 -3.76569838249660E+00
DistFromNuc =  1.1628174150E+00
Rho =  2.4701769935E-01
DelSqRho =  8.5509311538E-01
GradDelSqRho = -1.7685505838E-14 -4.1668057893E-15  8.4598994476E-14
HessDelSqRho_EigVals = -1.7490664655E+01 -2.7790274494E+00 -1.3657656216E-01
HessDelSqRho_EigVec1 = -3.2032439249E-01  5.6562885185E-02  9.4561774708E-01
HessDelSqRho_EigVec2 =  6.2756551697E-01  7.6042029363E-01  1.6710026614E-01
HessDelSqRho_EigVec3 = -7.0961525173E-01  6.4696338154E-01 -2.7907808488E-01
</CP of DelSqRho>
<CP of DelSqRho>
CP# = 24      
Type = (3,-1)
Coords =  2.05392011398791E+00  6.05636703939689E-02 -3.14441427887014E+00
DistFromNuc =  1.1877929436E+00
Rho =  2.4291290181E-01
DelSqRho =  7.2323694263E-01
GradDelSqRho =  1.5404344467E-15  2.9143354396E-16 -9.8532293435E-16
HessDelSqRho_EigVals = -1.7116979874E+01 -1.2615763575E+00  2.8338505214E-01
HessDelSqRho_EigVec1 = -1.3607378506E-02  9.2147848353E-01 -3.8819098861E-01
HessDelSqRho_EigVec2 =  9.7579192103E-01 -7.2511331368E-02 -2.0633039929E-01
HessDelSqRho_EigVec3 =  2.1827726885E-01  3.8160124634E-01  8.9818457050E-01
</CP of DelSqRho>
<CP of DelSqRho>
CP# = 25      
Type = (3,-1)
Coords =  2.67436412014594E+00 -1.33998178390568E+00 -3.59406496471569E+00
DistFromNuc =  1.1628722356E+00
Rho =  2.4966048480E-01
DelSqRho =  8.5184634594E-01
GradDelSqRho = -1.1275702594E-15  1.4328815912E-15  2.7894353494E-15
HessDelSqRho_EigVals = -1.6732642122E+01 -3.8651633933E+00  9.6370769488E-02
HessDelSqRho_EigVec1 = -5.3964410560E-01  2.7006848016E-01  7.9740031059E-01
HessDelSqRho_EigVec2 =  6.2782160616E-01  7.6013553430E-01  1.6743356993E-01
HessDelSqRho_EigVec3 = -5.6091378138E-01  5.9097968283E-01 -5.7975748752E-01
</CP of DelSqRho>
<CP of DelSqRho>
CP# = 26      
Type = (3,-1)
Coords =  1.11154965762775E+00 -1.08273308729509E+00 -3.39620332138871E+00
DistFromNuc =  1.1885064144E+00
Rho =  2.4299215362E-01
DelSqRho =  7.1934385691E-01
GradDelSqRho =  1.5404344467E-15  1.8370721611E-15 -7.0776717820E-16
HessDelSqRho_EigVals = -1.7029084104E+01 -1.2646675470E+00  3.0316591006E-01
HessDelSqRho_EigVec1 =  8.0035152649E-01  3.3929512481E-02  5.9857014813E-01
HessDelSqRho_EigVec2 = -3.2185619413E-01  8.6664397485E-01  3.8123065347E-01
HessDelSqRho_EigVec3 =  5.0581224219E-01  4.9777204525E-01 -7.0454025195E-01
</CP of DelSqRho>
<CP of DelSqRho>
CP# = 27      
Type = (3,-3)
Coords =  2.88639924471300E+00 -1.59440773386719E+00 -3.23494055763178E+00
DistFromNuc =  1.1617264036E+00
Rho =  2.4678828954E-01
DelSqRho =  8.5768411701E-01
GradDelSqRho =  2.3175905639E-15 -1.9706458687E-15 -7.7368667029E-16
HessDelSqRho_EigVals = -1.7555835332E+01 -2.6866093753E+00 -1.6634288814E-01
HessDelSqRho_EigVec1 =  7.2223056798E-01 -4.8896377803E-01 -4.8918036597E-01
HessDelSqRho_EigVec2 =  6.2805667815E-01  7.5987612485E-01  1.6772919816E-01
HessDelSqRho_EigVec3 =  2.8970297843E-01 -4.2837214972E-01  8.5590273141E-01
</CP of DelSqRho>
<CP of DelSqRho>
CP# = 28      
Type = (3,-3)
Coords =  1.15635976561677E+00 -1.72588094690371E+00 -2.49921922571880E+00
DistFromNuc =  1.1450535010E+00
Rho =  2.4729026787E-01
DelSqRho =  8.3096287008E-01
GradDelSqRho =  3.0531133177E-16 -3.5388358910E-16 -1.0477729795E-15
HessDelSqRho_EigVals = -1.7519033648E+01 -1.7549289780E+00 -5.0150439752E-01
HessDelSqRho_EigVec1 =  7.8960604103E-01  5.8887567679E-01 -1.7247532359E-01
HessDelSqRho_EigVec2 = -2.4696633263E-01  5.6229678973E-01  7.8919576203E-01
HessDelSqRho_EigVec3 =  5.6172050925E-01 -5.8055814312E-01  5.8942540830E-01
</CP of DelSqRho>
<CP of DelSqRho>
CP# = 29      
Type = (3,-3)
Coords =  2.49527478373401E+00 -1.11944242674017E-01 -2.14175287763757E+00
DistFromNuc =  1.1453680452E+00
Rho =  2.4684651108E-01
DelSqRho =  8.2695579309E-01
GradDelSqRho =  7.4246164772E-16  2.3314683517E-15  1.6375789613E-15
HessDelSqRho_EigVals = -1.7465643434E+01 -1.7575854117E+00 -4.5810224346E-01
HessDelSqRho_EigVec1 =  3.6117506155E-01  7.9911222720E-01  4.8059569624E-01
HessDelSqRho_EigVec2 = -7.5543193773E-01 -5.1413603205E-02  6.5320688060E-01
HessDelSqRho_EigVec3 =  5.4669476161E-01 -5.9897937338E-01  5.8510558695E-01
</CP of DelSqRho>
<CP of DelSqRho>
CP# = 30      
Type = (3,-1)
Coords =  2.13599184180411E+00 -2.15268317064559E+00 -2.29685529558684E+00
DistFromNuc =  1.1883296985E+00
Rho =  2.4307470991E-01
DelSqRho =  7.2644983657E-01
GradDelSqRho = -1.4311468677E-16 -4.0731307216E-15  6.7654215563E-16
HessDelSqRho_EigVals = -1.7229178820E+01 -1.2671009161E+00  2.9615205176E-01
HessDelSqRho_EigVec1 = -6.9169129086E-02  9.4052436680E-01 -3.3261020284E-01
HessDelSqRho_EigVec2 =  1.8455745707E-01  3.3971772325E-01  9.2224205800E-01
HessDelSqRho_EigVec3 =  9.8038470848E-01  2.4049867278E-03 -1.9707876450E-01
</CP of DelSqRho>
<CP of DelSqRho>
CP# = 31      
Type = (3,-1)
Coords =  3.06193705720873E+00 -1.03567479228414E+00 -2.04837589928319E+00
DistFromNuc =  1.1876036097E+00
Rho =  2.4289579633E-01
DelSqRho =  7.3011342103E-01
GradDelSqRho = -4.9706627703E-12  7.9665354175E-13 -3.0249761029E-12
HessDelSqRho_EigVals = -1.7313787539E+01 -1.2564713631E+00  2.7940288404E-01
HessDelSqRho_EigVec1 =  8.4154641105E-01 -8.9676644239E-03  5.4011037672E-01
HessDelSqRho_EigVec2 = -4.8100789868E-01 -4.6745731933E-01  7.4169741540E-01
HessDelSqRho_EigVec3 = -2.4582725532E-01  8.8397015538E-01  3.9770054683E-01
</CP of DelSqRho>
<CP of DelSqRho>
CP# = 32      
Type = (3,+1)
Coords =  2.02620967148184E+00 -2.97964008752888E+00 -3.12487605500929E+00
DistFromNuc =  2.0063208126E+00
Rho =  7.0702336530E-02
DelSqRho =  1.8320306055E-01
GradDelSqRho =  2.3559322895E-13  4.6089607825E-13  1.1268763700E-13
HessDelSqRho_EigVals = -1.7616382073E+00  1.5718439640E-02  5.7427418241E-01
HessDelSqRho_EigVec1 = -1.6734459918E-01  9.5948750124E-01 -2.2667050995E-01
HessDelSqRho_EigVec2 =  9.3766439181E-01  8.3860704837E-02 -3.3727269460E-01
HessDelSqRho_EigVec3 =  3.0460018625E-01  2.6898162975E-01  9.1371090034E-01
</CP of DelSqRho>
<CP of DelSqRho>
CP# = 33      
Type = (3,-1)
Coords =  3.67849844785224E+00  1.62351091725969E-01 -2.52522961122772E+00
DistFromNuc =  2.0231694302E+00
Rho =  7.0884848350E-02
DelSqRho =  1.8421768884E-01
GradDelSqRho = -2.3093506274E-16 -1.8518173106E-16  1.0202342443E-16
HessDelSqRho_EigVals = -2.0120862986E+00 -1.0904137599E-02  5.0399342261E-01
HessDelSqRho_EigVec1 =  5.6856070033E-01  6.2668515106E-01  5.3292068029E-01
HessDelSqRho_EigVec2 = -5.1712104989E-01  7.7608855721E-01 -3.6093264072E-01
HessDelSqRho_EigVec3 = -6.3978476834E-01 -7.0372386718E-02  7.6532553687E-01
</CP of DelSqRho>
<CP of DelSqRho>
CP# = 34      
Type = (3,+1)
Coords =  1.04715470295146E+00 -2.02673321839413E+00 -4.09904612712353E+00
DistFromNuc =  2.0136379445E+00
Rho =  7.0219098658E-02
DelSqRho =  1.7938334327E-01
GradDelSqRho =  3.3827107782E-17  2.0816681712E-17  1.2836953722E-16
HessDelSqRho_EigVals = -1.7056319796E+00  1.9850970505E-02  5.7694322252E-01
HessDelSqRho_EigVec1 =  7.3266420423E-01  9.0530679276E-02  6.7454233370E-01
HessDelSqRho_EigVec2 = -5.7870125622E-01 -4.3876505357E-01  6.8745187745E-01
HessDelSqRho_EigVec3 = -3.5820108862E-01  8.9402987863E-01  2.6907723100E-01
</CP of DelSqRho>
<CP of DelSqRho>
CP# = 35      
Type = (3,+1)
Coords =  3.09407512144904E+00  4.49539270222722E-01 -3.55303094251013E+00
DistFromNuc =  2.0151613251E+00
Rho =  7.0155704014E-02
DelSqRho =  1.7942297658E-01
GradDelSqRho = -3.5671986198E-14 -5.5112164832E-14  1.4059933773E-15
HessDelSqRho_EigVals = -1.7147257775E+00  1.7692928749E-02  5.7311668727E-01
HessDelSqRho_EigVec1 =  7.2628683501E-02  8.8568955815E-01 -4.5856197063E-01
HessDelSqRho_EigVec2 =  1.5078180622E-01  4.4474089401E-01  8.8287619976E-01
HessDelSqRho_EigVec3 =  9.8589549205E-01 -1.3326493828E-01 -1.0124492570E-01
</CP of DelSqRho>
<CP of DelSqRho>
CP# = 36      
Type = (3,-1)
Coords =  1.23331614203221E+00 -2.80513447946702E+00 -3.17743645684460E+00
DistFromNuc =  2.0218259879E+00
Rho =  7.1011186219E-02
DelSqRho =  1.8508805317E-01
GradDelSqRho =  9.1666257918E-14  2.7682717230E-13 -1.7756846341E-14
HessDelSqRho_EigVals = -2.0262185601E+00 -1.2926847413E-02  5.0386131928E-01
HessDelSqRho_EigVec1 =  5.8616137000E-01  7.7763395590E-01 -2.2737695343E-01
HessDelSqRho_EigVec2 =  7.7763294955E-01 -4.6123088316E-01  4.2726229437E-01
HessDelSqRho_EigVec3 = -2.2738039514E-01  4.2726046277E-01  8.7506951316E-01
</CP of DelSqRho>
<CP of DelSqRho>
CP# = 37      
Type = (3,+1)
Coords =  4.00281142355600E+00 -5.72090432797265E-01 -2.58934306129655E+00
DistFromNuc =  2.0087895233E+00
Rho =  7.0548861677E-02
DelSqRho =  1.8260596837E-01
GradDelSqRho = -3.6215301591E-13 -7.9186359076E-14 -1.1255232857E-13
HessDelSqRho_EigVals = -1.7613392072E+00  1.4226886462E-02  5.7172488579E-01
HessDelSqRho_EigVec1 =  9.0116173256E-01 -5.5056670651E-02  4.2997243491E-01
HessDelSqRho_EigVec2 = -1.9866290530E-01  8.2914756706E-01  5.2253934024E-01
HessDelSqRho_EigVec3 = -3.8527987466E-01 -5.5631203030E-01  7.3625833994E-01
</CP of DelSqRho>
<Path of -GradDelSqRho>
Starting CP# =      3
Ending CP# =      0
Number of Points =     30
  3.0192013194E+00 -5.1603765776E-01 -3.0495717205E+00  4.0309254272E-01 -9.0100979074E-01
  3.0401299211E+00 -5.0525805069E-01 -3.0579856173E+00  3.9244108647E-01 -9.1003706531E-01
  3.0610615096E+00 -4.9449513880E-01 -3.0664134457E+00  3.8278669980E-01 -9.3688944492E-01
  3.0819961266E+00 -4.8374909985E-01 -3.0748552711E+00  3.7409795671E-01 -9.8137971136E-01
  3.1029337400E+00 -4.7301967395E-01 -3.0833107858E+00  3.6633987847E-01 -1.0435155998E+00
  3.1238742458E+00 -4.6230618700E-01 -3.0917793383E+00  3.5947406979E-01 -1.1234403123E+00
  3.1448174751E+00 -4.5160760107E-01 -3.1002599856E+00  3.5345871989E-01 -1.2213077077E+00
  3.1657632030E+00 -4.4092258319E-01 -3.1087515609E+00  3.4824855175E-01 -1.3370667521E+00
  3.1867111586E+00 -4.3024958273E-01 -3.1172527490E+00  3.4379486815E-01 -1.4701263254E+00
  3.2076610334E+00 -4.1958690654E-01 -3.1257621597E+00  3.4004593684E-01 -1.6188854323E+00
  3.2286124856E+00 -4.0893278037E-01 -3.1342783935E+00  3.3694807624E-01 -1.7801654277E+00
  3.2495651384E+00 -3.9828538629E-01 -3.1428000915E+00  3.3444792466E-01 -1.9486934247E+00
  3.2705185698E+00 -3.8764287386E-01 -3.1513259721E+00  3.3249643830E-01 -2.1169709685E+00
  3.2914723042E+00 -3.7700338433E-01 -3.1598548802E+00  3.3105505791E-01 -2.2760906885E+00
  3.3124258703E+00 -3.6636531160E-01 -3.1683859691E+00  3.3010406281E-01 -2.4182354827E+00
  3.3333792033E+00 -3.5572864313E-01 -3.1769193809E+00  3.2965226123E-01 -2.5415282310E+00
  3.3543338319E+00 -3.4509838638E-01 -3.1854575989E+00  3.2974582597E-01 -2.6573840204E+00
  3.3752928967E+00 -3.3448352824E-01 -3.1940040809E+00  3.3047248526E-01 -2.7994417727E+00
  3.3962571865E+00 -3.2388486162E-01 -3.2025578401E+00  3.3195597468E-01 -3.0316682964E+00
  3.4172247970E+00 -3.1329564926E-01 -3.2111151696E+00  3.3433545197E-01 -3.4518026419E+00
  3.4381940608E+00 -3.0271068585E-01 -3.2196737050E+00  3.3772619035E-01 -4.1855772278E+00
  3.4591641239E+00 -2.9212746684E-01 -3.2282324390E+00  3.4216193580E-01 -5.3676619289E+00
  3.4801345861E+00 -2.8154487054E-01 -3.2367909652E+00  3.4752574943E-01 -7.1074528853E+00
  3.5011052527E+00 -2.7096236679E-01 -3.2453491049E+00  3.5348399140E-01 -9.4422195453E+00
  3.5220760217E+00 -2.6037967583E-01 -3.2539067624E+00  3.5944531998E-01 -1.2287237722E+01
  3.5430468332E+00 -2.4979661615E-01 -3.2624638596E+00  3.6456965408E-01 -1.5401292561E+01
  3.5640176434E+00 -2.3921301455E-01 -3.2710202898E+00  3.6784645328E-01 -1.8391478701E+01
  3.5849884023E+00 -2.2862859887E-01 -3.2795758385E+00  3.6824426994E-01 -2.0775538086E+01
  3.6059589986E+00 -2.1804263715E-01 -3.2881298730E+00  3.6490661342E-01 -2.2098191928E+01
  3.6153955307E+00 -2.1327718916E-01 -3.2919775820E+00  3.6203806091E-01 -2.2260201062E+01
</Path of -GradDelSqRho>
<Path of -GradDelSqRho>
Starting CP# =      3
Ending CP# =     20
Number of Points =     18
  3.0192013194E+00 -5.1603765776E-01 -3.0495717205E+00  4.0309254272E-01 -9.0100979074E-01
  2.9982754957E+00 -5.2683282159E-01 -3.0411708690E+00  4.1476862953E-01 -9.1020090031E-01
  2.9773523723E+00 -5.3764309186E-01 -3.0327827266E+00  4.2749255494E-01 -9.3818173665E-01
  2.9564317138E+00 -5.4846709678E-01 -3.0244061556E+00  4.4128250760E-01 -9.8563879478E-01
  2.9355132377E+00 -5.5930314801E-01 -3.0160397148E+00  4.5615086644E-01 -1.0532775489E+00
  2.9145966230E+00 -5.7014928088E-01 -3.0076816874E+00  4.7210333419E-01 -1.1416941232E+00
  2.8936815169E+00 -5.8100327629E-01 -2.9993300939E+00  4.8913807456E-01 -1.2512167837E+00
  2.8727675358E+00 -5.9186265130E-01 -2.9909826771E+00  5.0724495172E-01 -1.3817210698E+00
  2.8518542604E+00 -6.0272460582E-01 -2.9826368484E+00  5.2640499103E-01 -1.5324248073E+00
  2.8309412219E+00 -6.1358590834E-01 -2.9742895779E+00  5.4659019768E-01 -1.7016718345E+00
  2.8100278747E+00 -6.2444269045E-01 -2.9659372019E+00  5.6776388413E-01 -1.8867154875E+00
  2.7891135502E+00 -6.3529009049E-01 -2.9575750900E+00  5.8988166611E-01 -2.0835138761E+00
  2.7681973717E+00 -6.4612161728E-01 -2.9491970568E+00  6.1289328893E-01 -2.2865472810E+00
  2.7472780962E+00 -6.5692792919E-01 -2.9407942374E+00  6.3674543915E-01 -2.4886609002E+00
  2.7263537795E+00 -6.6769421143E-01 -2.9323526897E+00  6.6138567187E-01 -2.6809186803E+00
  2.7054209627E+00 -6.7839352426E-01 -2.9238473581E+00  6.8676748778E-01 -2.8524175076E+00
  2.6844721829E+00 -6.8896487366E-01 -2.9152223960E+00  7.1285599038E-01 -2.9899429075E+00
  2.6476125721E+00 -7.0093397586E-01 -2.8954643958E+00  7.5881404218E-01 -3.0981324803E+00
</Path of -GradDelSqRho>
<Path of -GradDelSqRho>
Starting CP# =      4
Ending CP# =     21
Number of Points =     18
  1.8466264004E+00 -1.9351987706E+00 -3.3624796257E+00  4.0325627149E-01 -9.0131670831E-01
  1.8507299624E+00 -1.9156900650E+00 -3.3473941642E+00  4.1494591636E-01 -9.1053496286E-01
  1.8548516622E+00 -1.8961788038E+00 -3.3323169546E+00  4.2768403638E-01 -9.3859369952E-01
  1.8589898532E+00 -1.8766652539E+00 -3.3172472261E+00  4.4148867941E-01 -9.8617307857E-01
  1.8631425073E+00 -1.8571497614E+00 -3.3021839927E+00  4.5637205519E-01 -1.0539707276E+00
  1.8673072626E+00 -1.8376327505E+00 -3.2871260684E+00  4.7233967111E-01 -1.1425731967E+00
  1.8714814494E+00 -1.8181147249E+00 -3.2720720709E+00  4.8938947238E-01 -1.2522972077E+00
  1.8756620783E+00 -1.7985962787E+00 -3.2570204067E+00  5.0751108542E-01 -1.3830045449E+00
  1.8798457758E+00 -1.7790781166E+00 -3.2419692266E+00  5.2668528356E-01 -1.5338968583E+00
  1.8840286463E+00 -1.7595610918E+00 -3.2269163420E+00  5.4688381198E-01 -1.7032992350E+00
  1.8882060240E+00 -1.7400462690E+00 -3.2118590780E+00  5.6806972292E-01 -1.8884435938E+00
  1.8923720424E+00 -1.7205350325E+00 -3.1967940220E+00  5.9019838084E-01 -2.0852639231E+00
  1.8965188664E+00 -1.7010292774E+00 -3.1817165787E+00  6.1321929929E-01 -2.2882136347E+00
  1.9006352158E+00 -1.6815317795E+00 -3.1666201197E+00  6.3707896395E-01 -2.4901081095E+00
  1.9047031932E+00 -1.6620469979E+00 -3.1514941684E+00  6.6172476963E-01 -2.6819778552E+00
  1.9086902261E+00 -1.6425831433E+00 -3.1363198279E+00  6.8711009509E-01 -2.8528809500E+00
  1.9125224323E+00 -1.6231591963E+00 -3.1210548766E+00  7.1319987709E-01 -2.9895550052E+00
  1.9119415066E+00 -1.5918672647E+00 -3.0914306082E+00  7.5864181201E-01 -3.0955669322E+00
</Path of -GradDelSqRho>
<Path of -GradDelSqRho>
Starting CP# =      4
Ending CP# =      0
Number of Points =     30
  1.8466264004E+00 -1.9351987706E+00 -3.3624796257E+00  4.0325627149E-01 -9.0131670831E-01
  1.8425415154E+00 -1.9547048308E+00 -3.3775735745E+00  3.9259200454E-01 -9.1037256976E-01
  1.8384766731E+00 -1.9742080589E+00 -3.3926765911E+00  3.8292563378E-01 -9.3731293585E-01
  1.8344320862E+00 -1.9937084435E+00 -3.4077887145E+00  3.7422578039E-01 -9.8195282814E-01
  1.8304074429E+00 -2.0132060572E+00 -3.4229097352E+00  3.6645748025E-01 -1.0443004034E+00
  1.8264019355E+00 -2.0327010475E+00 -3.4380392173E+00  3.5958232055E-01 -1.1244966481E+00
  1.8224143205E+00 -2.0521936235E+00 -3.4531765346E+00  3.5355844255E-01 -1.2226891187E+00
  1.8184430006E+00 -2.0716840383E+00 -3.4683209173E+00  3.4834049508E-01 -1.3388141311E+00
  1.8144861173E+00 -2.0911725697E+00 -3.4834715016E+00  3.4387968888E-01 -1.4722585442E+00
  1.8105416403E+00 -2.1106595002E+00 -3.4986273792E+00  3.4012419699E-01 -1.6213868404E+00
  1.8066074404E+00 -2.1301450987E+00 -3.5137876402E+00  3.3702026537E-01 -1.7829719319E+00
  1.8026813347E+00 -2.1496296029E+00 -3.5289514057E+00  3.3451451973E-01 -1.9516823623E+00
  1.7987611006E+00 -2.1691132029E+00 -3.5441178519E+00  3.3255801416E-01 -2.1199651512E+00
  1.7948445099E+00 -2.1885960223E+00 -3.5592862424E+00  3.3111245649E-01 -2.2788924952E+00
  1.7909296620E+00 -2.2080780925E+00 -3.5744560447E+00  3.3015861490E-01 -2.4207094397E+00
  1.7870166528E+00 -2.2275593517E+00 -3.5896273630E+00  3.2970602907E-01 -2.5437451796E+00
  1.7831117110E+00 -2.2470398301E+00 -3.6048017616E+00  3.2980179878E-01 -2.6598222235E+00
  1.7792255592E+00 -2.2665200493E+00 -3.6199813151E+00  3.3053462117E-01 -2.8032097516E+00
  1.7753587404E+00 -2.2860006655E+00 -3.6351652962E+00  3.3202895784E-01 -3.0386777076E+00
  1.7715030613E+00 -2.3054818326E+00 -3.6503514038E+00  3.3442404392E-01 -3.4647903894E+00
  1.7676523502E+00 -2.3249634403E+00 -3.6655382067E+00  3.3783411310E-01 -4.2078685649E+00
  1.7638036604E+00 -2.3444453764E+00 -3.6807251009E+00  3.4229034129E-01 -5.4025907043E+00
  1.7599556755E+00 -2.3639275702E+00 -3.6959118430E+00  3.4767149872E-01 -7.1574214122E+00
  1.7561077732E+00 -2.3834099827E+00 -3.7110983254E+00  3.5363815662E-01 -9.5075055512E+00
  1.7522596241E+00 -2.4028925949E+00 -3.7262844893E+00  3.5959247345E-01 -1.2364847338E+01
  1.7484110132E+00 -2.4223754032E+00 -3.7414702845E+00  3.6468852616E-01 -1.5484363310E+01
  1.7445617320E+00 -2.4418584218E+00 -3.7566556398E+00  3.6791231725E-01 -1.8469799479E+01
  1.7407114488E+00 -2.4613416984E+00 -3.7718404103E+00  3.6823290593E-01 -2.0837482290E+01
  1.7368592564E+00 -2.4808253927E+00 -3.7870241604E+00  3.6479903764E-01 -2.2133723944E+01
  1.7351236746E+00 -2.4895934619E+00 -3.7938557938E+00  3.6188338868E-01 -2.2281719382E+01
</Path of -GradDelSqRho>
<Path of -GradDelSqRho>
Starting CP# =      5
Ending CP# =     17
Number of Points =     35
  2.1598907312E+00 -1.1336131074E+00 -2.6008605760E+00  2.2578029837E+01  1.2381232540E+03
  2.1765261304E+00 -1.1494988902E+00 -2.5910674537E+00  1.5650243836E+01  1.1555231240E+03
  2.1931521035E+00 -1.1653816257E+00 -2.5812533962E+00  1.0954707380E+01  9.8488192616E+02
  2.2097755964E+00 -1.1812635631E+00 -2.5714338471E+00  7.7818795058E+00  7.7595079387E+02
  2.2263935462E+00 -1.1971437082E+00 -2.5616020261E+00  5.6462186373E+00  5.7448111410E+02
  2.2430005383E+00 -1.2130202982E+00 -2.5517459819E+00  4.2096899329E+00  4.0946779650E+02
  2.2595905836E+00 -1.2288913687E+00 -2.5418525842E+00  3.2409117393E+00  2.8617181295E+02
  2.2761575536E+00 -1.2447548847E+00 -2.5319085393E+00  2.5845218364E+00  1.9746064860E+02
  2.2926956163E+00 -1.2606088748E+00 -2.5219013921E+00  2.1368558230E+00  1.3410950701E+02
  2.3091989272E+00 -1.2764513220E+00 -2.5118188874E+00  1.8284118888E+00  8.8891634243E+01
  2.3256601975E+00 -1.2922796717E+00 -2.5016459381E+00  1.6122794198E+00  5.6888613626E+01
  2.3420685432E+00 -1.3080900639E+00 -2.4913602196E+00  1.4567772661E+00  3.4699861150E+01
  2.3584067665E+00 -1.3238763008E+00 -2.4809269007E+00  1.3406876526E+00  1.9774345095E+01
  2.3746472919E+00 -1.3396281996E+00 -2.4702912521E+00  1.2500223307E+00  1.0089909295E+01
  2.3907448277E+00 -1.3553284404E+00 -2.4593661049E+00  1.1757411875E+00  4.0477234813E+00
  2.4066213380E+00 -1.3709456999E+00 -2.4480079909E+00  1.1121299287E+00  4.3342703391E-01
  2.4221308390E+00 -1.3864173803E+00 -2.4359664773E+00  1.0556809148E+00 -1.6269182135E+00
  2.4369586755E+00 -1.4015958813E+00 -2.4227581576E+00  1.0044110448E+00 -2.7289296599E+00
  2.4502272850E+00 -1.4160138816E+00 -2.4072804997E+00  9.5783612211E-01 -3.2603417615E+00
  2.4582363096E+00 -1.4272627606E+00 -2.3868078512E+00  9.2046187261E-01 -3.4748630457E+00
  2.4527650919E+00 -1.4282463149E+00 -2.3629396081E+00  9.0951667222E-01 -3.5742931872E+00
  2.4407684453E+00 -1.4233169248E+00 -2.3415930950E+00  9.1339920424E-01 -3.6601718670E+00
  2.4275383075E+00 -1.4171460958E+00 -2.3213008168E+00  9.1902593226E-01 -3.7413386802E+00
  2.4137674679E+00 -1.4104161393E+00 -2.3015520774E+00  9.2437667572E-01 -3.8175195690E+00
  2.3995449918E+00 -1.4032084607E+00 -2.2822980988E+00  9.2919594840E-01 -3.8882784985E+00
  2.3848939145E+00 -1.3955357752E+00 -2.2635518672E+00  9.3343977832E-01 -3.9532214870E+00
  2.3698312954E+00 -1.3874039295E+00 -2.2453327623E+00  9.3708990946E-01 -4.0120091840E+00
  2.3543741655E+00 -1.3788180400E+00 -2.2276606223E+00  9.4013501913E-01 -4.0643623329E+00
  2.3385401046E+00 -1.3697829696E+00 -2.2105552274E+00  9.4256922749E-01 -4.1100657312E+00
  2.3223473989E+00 -1.3603033300E+00 -2.1940362456E+00  9.4439198210E-01 -4.1489709812E+00
  2.3058151792E+00 -1.3503834374E+00 -2.1781232025E+00  9.4560796951E-01 -4.1809980092E+00
  2.2889635687E+00 -1.3400272479E+00 -2.1628354483E+00  9.4622697073E-01 -4.2061353480E+00
  2.2718138381E+00 -1.3292382792E+00 -2.1481921207E+00  9.4626365945E-01 -4.2244392089E+00
  2.2543885529E+00 -1.3180195428E+00 -2.1342121089E+00  9.4573734649E-01 -4.2360314014E+00
  2.2313545830E+00 -1.3027912314E+00 -2.1170542927E+00  9.4425012210E-01 -4.2413776046E+00
</Path of -GradDelSqRho>
<Path of -GradDelSqRho>
Starting CP# =      5
Ending CP# =      1
Number of Points =      7
  2.1598907312E+00 -1.1336131074E+00 -2.6008605760E+00  2.2578029837E+01  1.2381232540E+03
  2.1432349492E+00 -1.1177207546E+00 -2.6106082831E+00  3.2833652327E+01  9.8360325585E+02
  2.1265620933E+00 -1.1018229267E+00 -2.6203178081E+00  4.8119738705E+01 -8.1171715014E+02
  2.1098817488E+00 -1.0859227067E+00 -2.6300105427E+00  7.0828733764E+01 -6.4389858786E+03
  2.0931959149E+00 -1.0700207373E+00 -2.6396909495E+00  1.0454307759E+02 -2.0823267706E+04
  2.0765010951E+00 -1.0541159094E+00 -2.6493511473E+00  1.5512142232E+02 -7.5951229511E+04
  2.0476221761E+00 -1.0266126054E+00 -2.6660210399E+00  2.9718867266E+02 -3.3279237447E+06
</Path of -GradDelSqRho>
<Path of -GradDelSqRho>
Starting CP# =      7
Ending CP# =      1
Number of Points =      7
  1.9858232425E+00 -9.4560693788E-01 -2.8000352628E+00  2.2551086781E+01  1.2352778274E+03
  1.9950472744E+00 -9.5766607211E-01 -2.7801733826E+00  3.2789796550E+01  9.8266959972E+02
  2.0042434470E+00 -9.6970757284E-01 -2.7602878953E+00  4.8048280300E+01 -8.0169356011E+02
  2.0134273488E+00 -9.8174130127E-01 -2.7403920334E+00  7.0714730588E+01 -6.4072974471E+03
  2.0226023251E+00 -9.9376937382E-01 -2.7204886356E+00  1.0436081660E+02 -2.0704752889E+04
  2.0317626054E+00 -1.0057881304E+00 -2.7005728445E+00  1.5483756514E+02 -7.5552709464E+04
  2.0476221761E+00 -1.0266126054E+00 -2.6660210399E+00  2.9718867266E+02 -3.3279237447E+06
</Path of -GradDelSqRho>
<Path of -GradDelSqRho>
Starting CP# =      7
Ending CP# =     15
Number of Points =     36
  1.9858232425E+00 -9.4560693788E-01 -2.8000352628E+00  2.2551086781E+01  1.2352778274E+03
  1.9765662509E+00 -9.3352696337E-01 -2.8198691273E+00  1.5633340729E+01  1.1530913260E+03
  1.9672942375E+00 -9.2143750105E-01 -2.8396901935E+00  1.0943713555E+01  9.8291780205E+02
  1.9580182903E+00 -9.0934555913E-01 -2.8595079063E+00  7.7742351246E+00  7.7441276397E+02
  1.9487334180E+00 -8.9724798862E-01 -2.8793180023E+00  5.6402937026E+00  5.7338148617E+02
  1.9394309335E+00 -8.8513931391E-01 -2.8991130443E+00  4.2044721618E+00  4.0876646164E+02
  1.9301013088E+00 -8.7301354323E-01 -2.9188848325E+00  3.2358118915E+00  2.8578514084E+02
  1.9207349123E+00 -8.6086464066E-01 -2.9386250067E+00  2.5792304596E+00  1.9730183975E+02
  1.9113227419E+00 -8.4868699395E-01 -2.9583256545E+00  2.1312405303E+00  1.3410807242E+02
  1.9018559669E+00 -8.3647513146E-01 -2.9779788973E+00  1.8224482140E+00  8.8994784439E+01
