 AIMInt (Version 19.02.13, Professional)
 Portions Copyright (c) 1997-2019 by Todd A. Keith
 AIMInt is a component of the AIMAll package ( http://aim.tkgristmill.com )

 TP:  64-bit Linux

 Licensed To:  Research Group of Fernando Cortes Guzman, UNAM, fercor@unam.mx

 AIMInt is a heavily modified and extended version of the PROAIMV program
 developed by members of R.F.W. Bader's research group

 Much of the Quantum Theory of Atoms in Molecules (QTAIM) is described in the book:
   "Atoms in Molecules - A Quantum Theory"
   R.F.W. Bader, Oxford University Press, Oxford, 1990

 For additional references see:  http://aim.tkgristmill.com/references.html

 Current Directory:  /home/scratch/M_H2O_4_tetraedrico/Opt

 Inp File:  V3_tetraedrico_cc-pvtz-def2-tzv_2_atomicfiles/o4.inp
 Wfx File:  V3_tetraedrico_cc-pvtz-def2-tzv_2.wfx
 Out File:  V3_tetraedrico_cc-pvtz-def2-tzv_2_atomicfiles/o4.int

 Wfx Title:   V3_tetraedrico_cc-pvtz-def2-tzv_2                                             
 Job Title:   V3_tetraedrico_cc-pvtz-def2-tzv_2                                             
 
<Atom>
O4      
</Atom>
<Nuclei of Molecule>
    13
V1        23.0           9.6159815467E-06   2.3393319961E-05   1.7764325519E-05
O2         8.0           2.0476220410E+00  -1.0266125420E+00  -2.6660208275E+00
H3         1.0           3.6231980236E+00  -2.0935713291E-01  -3.2951673111E+00
O4         8.0          -2.0144316725E+00  -2.6887671097E+00   1.0329223587E+00
H5         1.0          -1.6837359757E+00  -3.8191414991E+00   2.5010866473E+00
O6         8.0           2.0109076840E+00   1.0556001109E+00   2.6826482838E+00
H7         1.0           1.6657898862E+00   2.5187769510E+00   3.8152994454E+00
O8         8.0          -2.0440588327E+00   2.6598727172E+00  -1.0494799672E+00
H9         1.0          -3.6328036347E+00   3.2812861892E+00  -2.5207703083E-01
H10        1.0           1.7337953102E+00  -2.4964058246E+00  -3.7991719161E+00
H11        1.0          -1.7154169567E+00   3.7968791397E+00  -2.5130655628E+00
H12        1.0           3.5937536817E+00   2.6130836326E-01   3.3227979624E+00
H13        1.0          -3.5851152607E+00  -3.3346296445E+00   2.1933040311E-01
</Nuclei of Molecule>
<Total Number of CPs of DelSqRho>
    38
</Total Number of CPs of DelSqRho>
<Number of (3,+3) CPs of DelSqRho>
     5
</Number of (3,+3) CPs of DelSqRho>
<Number of (3,+1) CPs of DelSqRho>
    14
</Number of (3,+1) CPs of DelSqRho>
<Number of (3,-1) CPs of DelSqRho>
    13
</Number of (3,-1) CPs of DelSqRho>
<Number of (3,-3) CPs of DelSqRho>
     6
</Number of (3,-3) CPs of DelSqRho>
<Number of Degenerate CPs of DelSqRho>
     0
</Number of Degenerate CPs of DelSqRho>
<CP of DelSqRho>
CP# = 1       
Type = (3,+3)
Coords = -2.01443180498981E+00 -2.68876732373861E+00  1.03292242219812E+00
DistFromNuc =  2.5961943329E-07
Rho =  2.9718863545E+02
DelSqRho = -3.3279235129E+06
GradDelSqRho =  1.1883411844E-05  1.2373326172E-05  8.6673233000E-06
HessDelSqRho_EigVals =  1.3234327242E+11  1.3234329217E+11  1.3234329822E+11
HessDelSqRho_EigVec1 = -5.3950244875E-01  6.1054944032E-01  5.7979866222E-01
HessDelSqRho_EigVec2 =  5.6330085612E-01  7.7353404613E-01 -2.9040872055E-01
HessDelSqRho_EigVec3 =  6.2580288692E-01 -1.6992486692E-01  7.6124653452E-01
</CP of DelSqRho>
<CP of DelSqRho>
CP# = 2       
Type = (3,-1)
Coords = -1.11196984154859E+00 -1.54494970712244E+00  7.13849957301268E-01
DistFromNuc =  1.4914968334E+00
Rho =  1.5528868759E-01
DelSqRho =  3.7228315542E-01
GradDelSqRho =  7.7866879611E-13  1.0225778557E-12 -4.1680547902E-13
HessDelSqRho_EigVals = -4.6110814759E-01 -1.8357228846E-01  4.5533508525E+00
HessDelSqRho_EigVec1 = -4.8989125414E-01  6.1177153134E-01  6.2108143795E-01
HessDelSqRho_EigVec2 =  6.6917955482E-01 -1.9273148059E-01  7.1767213949E-01
HessDelSqRho_EigVec3 =  5.5875332888E-01  7.6719630463E-01 -3.1496753425E-01
</CP of DelSqRho>
<CP of DelSqRho>
CP# = 3       
Type = (3,+1)
Coords = -1.80306584790027E+00 -3.38345867536818E+00  1.94049474106797E+00
DistFromNuc =  1.1623078389E+00
Rho =  4.0327948395E-01
DelSqRho = -9.0154224806E-01
GradDelSqRho =  1.7902346272E-15 -1.6167622796E-15  2.5396351688E-15
HessDelSqRho_EigVals = -2.9220690789E+01  1.3861925650E+01  1.4574944515E+01
HessDelSqRho_EigVec1 =  1.7276563768E-01 -6.0215478106E-01  7.7946241351E-01
HessDelSqRho_EigVec2 = -5.6186392883E-01  5.8972592305E-01  5.8011400703E-01
HessDelSqRho_EigVec3 =  8.0898761419E-01  5.3817558038E-01  2.3644467590E-01
</CP of DelSqRho>
<CP of DelSqRho>
CP# = 4       
Type = (3,+1)
Coords = -2.12712765283434E+00 -2.62491355397762E+00  1.14025992661366E+00
DistFromNuc =  1.6822310797E-01
Rho =  2.2578164914E+01
DelSqRho =  1.2381403729E+03
GradDelSqRho = -4.0216718844E-12 -2.5650592761E-12 -2.7178259643E-12
HessDelSqRho_EigVals = -4.1551050035E+05  2.0866363781E+03  2.9788062270E+03
HessDelSqRho_EigVec1 =  6.6837265652E-01 -3.8314291380E-01 -6.3755744809E-01
HessDelSqRho_EigVec2 =  3.9793696506E-01  9.0834042801E-01 -1.2870057764E-01
HessDelSqRho_EigVec3 =  6.2842991960E-01 -1.6768772897E-01  7.5957663320E-01
</CP of DelSqRho>
<CP of DelSqRho>
CP# = 5       
Type = (3,-3)
Coords = -2.01209298858665E+00 -2.57032283970212E+00  9.14860474572970E-01
DistFromNuc =  1.6725167571E-01
Rho =  2.2652006854E+01
DelSqRho =  1.2903233169E+03
GradDelSqRho =  6.1106675275E-13  5.0413007102E-12 -5.7518434460E-12
HessDelSqRho_EigVals = -4.4388818974E+05 -3.2191332378E+03 -4.3651200820E+02
HessDelSqRho_EigVec1 =  1.6035427950E-02  7.0931804905E-01 -7.0470615887E-01
HessDelSqRho_EigVec2 = -5.4055287149E-01  5.9907107764E-01  5.9069149059E-01
HessDelSqRho_EigVec3 =  8.4115721371E-01  3.7145894690E-01  3.9303026932E-01
</CP of DelSqRho>
<CP of DelSqRho>
CP# = 6       
Type = (3,-3)
Coords = -1.87654396527424E+00 -2.60547548008761E+00  1.07789408273686E+00
DistFromNuc =  1.6725122218E-01
Rho =  2.2652439987E+01
DelSqRho =  1.2902732369E+03
GradDelSqRho =  1.3569589896E-11  6.7750249855E-12  6.3922200866E-12
HessDelSqRho_EigVals = -4.4388517061E+05 -3.2155836703E+03 -4.2651372283E+02
HessDelSqRho_EigVec1 =  8.2395379040E-01  4.9979293615E-01  2.6703402829E-01
HessDelSqRho_EigVec2 = -5.5212769091E-01  6.0206745597E-01  5.7677533875E-01
HessDelSqRho_EigVec3 =  1.2749574198E-01 -6.2267310801E-01  7.7202528219E-01
</CP of DelSqRho>
<CP of DelSqRho>
CP# = 7       
Type = (3,+1)
Coords = -1.95139762933759E+00 -2.82204469994753E+00  9.51652188018842E-01
DistFromNuc =  1.6834799463E-01
Rho =  2.2550962805E+01
DelSqRho =  1.2352672250E+03
GradDelSqRho =  2.3945290195E-12 -5.7678306575E-12 -1.8332002583E-12
HessDelSqRho_EigVals = -4.1259339970E+05  2.2033764554E+03  3.0785517271E+03
HessDelSqRho_EigVec1 = -3.7698465499E-01  7.8945997909E-01  4.8439189849E-01
HessDelSqRho_EigVec2 =  6.8116699865E-01  5.9068008774E-01 -4.3256046270E-01
HessDelSqRho_EigVec3 =  6.2760982294E-01 -1.6688311887E-01  7.6043141360E-01
</CP of DelSqRho>
<CP of DelSqRho>
CP# = 8       
Type = (3,-1)
Coords = -2.11201409389093E+00 -2.81575453238459E+00  1.08577051531662E+00
DistFromNuc =  1.6864478096E-01
Rho =  2.2367712660E+01
DelSqRho =  1.2543062995E+03
GradDelSqRho =  1.7621459847E-12  5.7696070144E-12 -1.2612133560E-12
HessDelSqRho_EigVals = -4.0987527329E+05 -1.6761563462E+03  1.2256618982E+03
HessDelSqRho_EigVec1 =  5.7887998258E-01  7.5268681978E-01 -3.1362480306E-01
HessDelSqRho_EigVec2 = -5.1956653162E-01  6.3691036776E-01  5.6955754992E-01
HessDelSqRho_EigVec3 =  6.2844934958E-01 -1.6675651342E-01  7.5976554294E-01
</CP of DelSqRho>
<CP of DelSqRho>
CP# = 9       
Type = (3,-1)
Coords = -1.44862585650416E+00 -2.58949043105166E+00  1.45643838735753E+00
DistFromNuc =  7.1369314611E-01
Rho =  6.8280745113E-01
DelSqRho = -1.0890334346E+00
GradDelSqRho = -6.6763261586E-13  3.3029134983E-13  1.4654943925E-14
HessDelSqRho_EigVals = -1.5362462304E+01 -1.1640840644E+01  1.4588790434E+02
HessDelSqRho_EigVec1 =  2.5546496396E-01  7.8718349803E-01 -5.6131968843E-01
HessDelSqRho_EigVec2 = -5.4674798581E-01  5.9645740163E-01  5.8762675914E-01
HessDelSqRho_EigVec3 =  7.9737337064E-01  1.5678236020E-01  5.8276496062E-01
</CP of DelSqRho>
<CP of DelSqRho>
CP# = 10      
Type = (3,+1)
Coords = -1.63986644138846E+00 -2.16610496603101E+00  8.32124405979463E-01
DistFromNuc =  6.7364281825E-01
Rho =  8.4228706594E-01
DelSqRho = -3.3392854748E+00
GradDelSqRho = -9.9920072216E-16  5.5511151231E-14 -2.7200464103E-14
HessDelSqRho_EigVals = -5.7673016017E+00  1.8140714578E+01  2.2875127104E+02
HessDelSqRho_EigVec1 = -5.4070654123E-01  6.0807566725E-01  5.8127482241E-01
HessDelSqRho_EigVec2 =  6.3208744319E-01 -1.6226334296E-01  7.5771767282E-01
HessDelSqRho_EigVec3 =  5.5506927535E-01  7.7711941838E-01 -2.9662014283E-01
</CP of DelSqRho>
<CP of DelSqRho>
CP# = 11      
Type = (3,-1)
Coords = -2.41526092878905E+00 -3.24704233821177E+00  1.24876297178326E+00
DistFromNuc =  7.2036275149E-01
Rho =  6.7753836571E-01
DelSqRho = -1.1034194715E+00
GradDelSqRho = -1.2267964422E-14 -1.7985612999E-14 -8.9650509238E-15
HessDelSqRho_EigVals = -1.8961205325E+01 -5.3890683324E+00  1.3851194716E+02
HessDelSqRho_EigVec1 =  6.3163995696E-01 -1.6056547097E-01  7.5845217008E-01
HessDelSqRho_EigVec2 = -5.3885258859E-01  6.1243669364E-01  5.7841091281E-01
HessDelSqRho_EigVec3 =  5.5737675996E-01  7.7404135924E-01 -3.0031836714E-01
</CP of DelSqRho>
<CP of DelSqRho>
CP# = 12      
Type = (3,-1)
Coords = -2.28679166537979E+00 -2.37515624866592E+00  4.52232071562532E-01
DistFromNuc =  7.1395584423E-01
Rho =  6.8176766197E-01
DelSqRho = -1.0894048135E+00
GradDelSqRho =  7.5217609918E-15 -6.6058269965E-15  1.7930101848E-14
HessDelSqRho_EigVals = -1.5330316898E+01 -1.1406257477E+01  1.4563956548E+02
HessDelSqRho_EigVec1 =  7.4971276721E-01  6.6104240855E-01  3.0882046223E-02
HessDelSqRho_EigVec2 = -5.5066555969E-01  5.9728918562E-01  5.8310639691E-01
HessDelSqRho_EigVec3 =  3.6701254481E-01 -4.5416798968E-01  8.1180861606E-01
</CP of DelSqRho>
<CP of DelSqRho>
CP# = 13      
Type = (3,+1)
Coords = -2.22450212070654E+00 -3.09456447590698E+00  5.19273783730390E-01
DistFromNuc =  6.8748523928E-01
Rho =  7.8904955945E-01
DelSqRho = -2.5849187273E+00
GradDelSqRho = -1.1102230246E-14 -6.7446048746E-15 -1.5543122345E-14
HessDelSqRho_EigVals = -1.1917244243E+01  1.2907795527E+01  1.9182548531E+02
HessDelSqRho_EigVec1 =  9.7623785023E-01 -1.3219393981E-01 -1.7171028523E-01
HessDelSqRho_EigVec2 = -4.2595383410E-03  7.8052161967E-01 -6.2511427561E-01
HessDelSqRho_EigVec3 =  2.1665990886E-01  6.1099162311E-01  7.6141166289E-01
</CP of DelSqRho>
<CP of DelSqRho>
CP# = 14      
Type = (3,+3)
Coords = -1.55076046701939E+00 -2.84862833907207E+00  6.14791165308412E-01
DistFromNuc =  6.4450003437E-01
Rho =  9.3177467840E-01
DelSqRho = -4.1073810663E+00
GradDelSqRho = -3.0642155480E-14  1.5626389072E-14  5.1070259133E-15
HessDelSqRho_EigVals =  8.6395894867E+00  2.0067491682E+01  3.0614420684E+02
HessDelSqRho_EigVec1 =  3.1091115994E-01  9.4851283916E-01 -6.0478463713E-02
HessDelSqRho_EigVec2 =  6.3095338938E-01 -1.5839352146E-01  7.5947963290E-01
HessDelSqRho_EigVec3 =  7.1079678605E-01 -2.7428978528E-01 -6.4771370422E-01
</CP of DelSqRho>
<CP of DelSqRho>
CP# = 15      
Type = (3,+1)
Coords = -1.64655154046023E+00 -3.24086533848381E+00  1.21420800220934E+00
DistFromNuc =  6.8775920951E-01
Rho =  7.8875577731E-01
DelSqRho = -2.5858624421E+00
GradDelSqRho =  3.6748382115E-14 -1.0880185641E-14 -2.4424906542E-15
HessDelSqRho_EigVals = -1.1946027251E+01  1.2934528622E+01  1.9150650500E+02
HessDelSqRho_EigVec1 = -3.3786434824E-01 -3.1063850971E-02  9.4068205008E-01
HessDelSqRho_EigVec2 =  7.5462187026E-01  5.8836635357E-01  2.9046663649E-01
HessDelSqRho_EigVec3 = -5.6248867998E-01  8.0799756878E-01 -1.7534655326E-01
</CP of DelSqRho>
<CP of DelSqRho>
CP# = 16      
Type = (3,+1)
Coords = -2.10351534092718E+00 -2.73584606897032E+00  1.71354744314844E+00
DistFromNuc =  6.8804275590E-01
Rho =  7.8859429279E-01
DelSqRho = -2.5939145625E+00
GradDelSqRho =  5.8841820305E-15 -5.5511151231E-17  3.2196467714E-15
HessDelSqRho_EigVals = -1.2286302971E+01  1.3293991857E+01  1.9178893911E+02
HessDelSqRho_EigVec1 = -4.4103910777E-01  8.9285312629E-01 -9.1092262499E-02
HessDelSqRho_EigVec2 =  8.7976965089E-01  4.5016773229E-01  1.5282137997E-01
HessDelSqRho_EigVec3 = -1.7745384411E-01  1.2740002907E-02  9.8404665821E-01
</CP of DelSqRho>
<CP of DelSqRho>
CP# = 17      
Type = (3,+3)
Coords = -2.20345034989161E+00 -2.14202879657705E+00  1.30993205574138E+00
DistFromNuc =  6.4139318340E-01
Rho =  9.4428283508E-01
DelSqRho = -4.2416678758E+00
GradDelSqRho = -3.9024339316E-14  1.2012613126E-13  7.1997963147E-14
HessDelSqRho_EigVals =  9.9287566215E+00  2.1108241512E+01  3.1985069271E+02
HessDelSqRho_EigVec1 =  7.0737286178E-01  5.1775589479E-01 -4.8119898983E-01
HessDelSqRho_EigVec2 =  6.3385780627E-01 -1.6337498616E-01  7.5599794664E-01
HessDelSqRho_EigVec3 = -3.1280651502E-01  8.3978416709E-01  4.4375064717E-01
</CP of DelSqRho>
<CP of DelSqRho>
CP# = 18      
Type = (3,+1)
Coords = -2.69395848806125E+00 -2.58485948656024E+00  1.00799044632033E+00
DistFromNuc =  6.8787723289E-01
Rho =  7.8840107311E-01
DelSqRho = -2.5880732278E+00
GradDelSqRho =  2.4680257837E-12 -3.8272163216E-13  1.1146639167E-13
HessDelSqRho_EigVals = -1.2292569559E+01  1.3247166642E+01  1.9191000156E+02
HessDelSqRho_EigVec1 =  1.8265260246E-01  7.3130436326E-01  6.5713922048E-01
HessDelSqRho_EigVec2 = -1.2016314993E-01 -6.4676759032E-01  7.5316167023E-01
HessDelSqRho_EigVec3 =  9.7580676582E-01 -2.1653085781E-01 -3.0257947715E-02
</CP of DelSqRho>
<CP of DelSqRho>
CP# = 19      
Type = (3,+3)
Coords = -1.87242146728903E+00 -3.11298057922519E+00  1.59750785994591E+00
DistFromNuc =  7.2033377978E-01
Rho =  7.5868539191E-01
DelSqRho = -3.0960896078E+00
GradDelSqRho = -6.8556271771E-15  1.7374990335E-14 -1.6930901126E-14
HessDelSqRho_EigVals =  1.1155194202E+01  2.2779988383E+01  1.4325895104E+02
HessDelSqRho_EigVec1 = -5.4135975725E-01  6.0093285893E-01  5.8805553504E-01
HessDelSqRho_EigVec2 =  8.1537419570E-01  5.4589496304E-01  1.9277865624E-01
HessDelSqRho_EigVec3 =  2.0516952553E-01 -5.8384791546E-01  7.8551071120E-01
</CP of DelSqRho>
<CP of DelSqRho>
CP# = 20      
Type = (3,+3)
Coords = -2.61272095685788E+00 -2.92465311193505E+00  7.08704702429989E-01
DistFromNuc =  7.2021480304E-01
Rho =  7.5880057707E-01
DelSqRho = -3.0980205345E+00
GradDelSqRho =  7.9936057773E-15  6.3282712404E-15  4.6629367034E-15
HessDelSqRho_EigVals =  1.1184929867E+01  2.2794915101E+01  1.4329881286E+02
HessDelSqRho_EigVec1 = -5.5127832751E-01  6.0246244781E-01  5.7717519402E-01
HessDelSqRho_EigVec2 = -8.9758485987E-02 -7.3060115110E-01  6.7687914151E-01
HessDelSqRho_EigVec3 =  8.2947912560E-01  3.2134242949E-01  4.5684069784E-01
</CP of DelSqRho>
<CP of DelSqRho>
CP# = 21      
Type = (3,+1)
Coords = -1.23571922856097E+00 -1.82976344521843E+00  5.52961611774032E-01
DistFromNuc =  1.2548476738E+00
Rho =  2.4301037851E-01
DelSqRho =  4.1938944894E-01
GradDelSqRho = -7.7967493572E-13 -6.3422184171E-13  5.2755369517E-13
HessDelSqRho_EigVals = -8.3117753982E+00  2.0214305546E-01  7.9951051972E-01
HessDelSqRho_EigVec1 =  6.2729446244E-01  6.6734566149E-01 -4.0143670171E-01
HessDelSqRho_EigVec2 =  4.5218196440E-01 -7.3178482920E-01 -5.0992395005E-01
HessDelSqRho_EigVec3 =  6.3406082395E-01 -1.3835003377E-01  7.6080624320E-01
</CP of DelSqRho>
<CP of DelSqRho>
CP# = 22      
Type = (3,+1)
Coords = -2.98305857095161E+00 -3.08264284079685E+00  5.24623981723163E-01
DistFromNuc =  1.1626450017E+00
Rho =  4.0310394649E-01
DelSqRho = -9.0107709116E-01
GradDelSqRho =  4.8572257327E-15  1.3739009930E-15  2.9073965457E-15
HessDelSqRho_EigVals = -2.9126857197E+01  1.3829138626E+01  1.4535680167E+01
HessDelSqRho_EigVec1 =  8.3446458408E-01  3.4516102387E-01  4.2957272437E-01
HessDelSqRho_EigVec2 = -5.4890129403E-01  5.8958069659E-01  5.9253858239E-01
HessDelSqRho_EigVec3 =  4.8746562288E-02  7.3024548599E-01 -6.8144354341E-01
</CP of DelSqRho>
<CP of DelSqRho>
CP# = 23      
Type = (3,-3)
Coords = -2.37489620264134E+00 -3.79230304426174E+00  1.09927619423151E+00
DistFromNuc =  1.1628108478E+00
Rho =  2.4702085086E-01
DelSqRho =  8.5511110757E-01
GradDelSqRho =  2.4445723223E-13  1.1942530298E-12  4.9466507279E-14
HessDelSqRho_EigVals = -1.7489770643E+01 -2.7812436177E+00 -1.3588041263E-01
HessDelSqRho_EigVec1 =  3.1021149627E-01  9.4893911067E-01 -5.7300888427E-02
HessDelSqRho_EigVec2 =  6.3147268572E-01 -1.6062446687E-01  7.5857895293E-01
HessDelSqRho_EigVec3 =  7.1064131231E-01 -2.7150385794E-01 -6.4905668501E-01
</CP of DelSqRho>
<CP of DelSqRho>
CP# = 24      
Type = (3,-1)
Coords = -2.01842877630316E+00 -3.16645244462392E+00 -5.45840832649052E-02
DistFromNuc =  1.1878002851E+00
Rho =  2.4291892954E-01
DelSqRho =  7.2317696604E-01
GradDelSqRho = -7.8756445809E-16 -6.5225602697E-16 -2.0330959138E-15
HessDelSqRho_EigVals = -1.7114805799E+01 -1.2623045881E+00  2.8352727111E-01
HessDelSqRho_EigVec1 = -1.5369129105E-02  3.8738391624E-01  9.2179037276E-01
HessDelSqRho_EigVec2 =  9.7325119097E-01  2.1714682437E-01 -7.5029167219E-02
HessDelSqRho_EigVec3 = -2.2922894481E-01  8.9598044516E-01 -3.8035921543E-01
</CP of DelSqRho>
<CP of DelSqRho>
CP# = 25      
Type = (3,-3)
Coords = -1.12311246694822E+00 -2.51238630571780E+00  1.72973176486864E+00
DistFromNuc =  1.1450342626E+00
Rho =  2.4728876870E-01
DelSqRho =  8.3104894125E-01
GradDelSqRho = -3.1225022568E-16  4.4235448637E-16  6.9041994344E-16
HessDelSqRho_EigVals = -1.7521068012E+01 -1.7550176319E+00 -5.0158303365E-01
HessDelSqRho_EigVec1 =  7.8930805328E-01  1.8097682363E-01  5.8671985336E-01
HessDelSqRho_EigVec2 = -2.3652090836E-01 -7.9220906126E-01  5.6255014281E-01
HessDelSqRho_EigVec3 = -5.6661332223E-01  5.8279687076E-01  5.8249218922E-01
</CP of DelSqRho>
<CP of DelSqRho>
CP# = 26      
Type = (3,-3)
Coords = -2.84509715072944E+00 -3.26780740393002E+00  1.60237281246385E+00
DistFromNuc =  1.1617084911E+00
Rho =  2.4678698423E-01
DelSqRho =  8.5772460743E-01
GradDelSqRho =  2.4097772389E-12  1.1162494540E-12 -1.7716644124E-12
HessDelSqRho_EigVals = -1.7556080340E+01 -2.6872656766E+00 -1.6599813730E-01
HessDelSqRho_EigVec1 =  7.1526679268E-01  4.9790276916E-01 -4.9039397197E-01
HessDelSqRho_EigVec2 =  6.3196200889E-01 -1.6124257562E-01  7.5804013821E-01
HessDelSqRho_EigVec3 = -2.9835789684E-01  8.5211129805E-01  4.2998709414E-01
</CP of DelSqRho>
<CP of DelSqRho>
CP# = 27      
Type = (3,-1)
Coords = -1.07024411802908E+00 -3.40867325135726E+00  1.08580112512594E+00
DistFromNuc =  1.1885079531E+00
Rho =  2.4299209773E-01
DelSqRho =  7.1935288077E-01
GradDelSqRho = -1.0408340856E-14  7.4974748632E-15  7.1123662515E-17
HessDelSqRho_EigVals = -1.7029303241E+01 -1.2649317616E+00  3.0318737750E-01
HessDelSqRho_EigVec1 =  8.0696513930E-01 -5.8977673056E-01  3.1155610139E-02
HessDelSqRho_EigVec2 =  3.1502753800E-01  3.8521726352E-01 -8.6738994125E-01
HessDelSqRho_EigVec3 =  4.9956472479E-01  7.0976831993E-01  4.9665281411E-01
</CP of DelSqRho>
<CP of DelSqRho>
CP# = 28      
Type = (3,-1)
Coords = -2.62965412842099E+00 -3.62421351614955E+00  1.34704983140131E+00
DistFromNuc =  1.1628562760E+00
Rho =  2.4965089168E-01
DelSqRho =  8.5190524993E-01
GradDelSqRho = -9.5365035313E-13 -2.1556992302E-12  3.3864577809E-13
HessDelSqRho_EigVals = -1.6735504861E+01 -3.8623636035E+00  9.5918178994E-02
HessDelSqRho_EigVec1 =  5.2976031098E-01  8.0377673046E-01 -2.7073415093E-01
HessDelSqRho_EigVec2 = -6.3172717210E-01  1.6094859241E-01 -7.5829831243E-01
HessDelSqRho_EigVec3 =  5.6592825777E-01 -5.7274646936E-01 -5.9303177730E-01
</CP of DelSqRho>
<CP of DelSqRho>
CP# = 29      
Type = (3,-3)
Coords = -2.47037313203580E+00 -2.16891513087350E+00  1.19814117762436E-01
DistFromNuc =  1.1453800043E+00
Rho =  2.4685969910E-01
DelSqRho =  8.2693082359E-01
GradDelSqRho =  1.7173762412E-15  7.5980888248E-16  1.4502288259E-15
HessDelSqRho_EigVals = -1.7463811365E+01 -1.7589936896E+00 -4.5822946410E-01
HessDelSqRho_EigVec1 =  3.6867032206E-01 -4.7705519897E-01  7.9780983371E-01
HessDelSqRho_EigVec2 = -7.4828478276E-01 -6.6150813825E-01 -4.9768131435E-02
HessDelSqRho_EigVec3 = -5.5149984362E-01  5.7864092506E-01  6.0085156430E-01
</CP of DelSqRho>
<CP of DelSqRho>
CP# = 30      
Type = (3,-1)
Coords = -2.10389654608686E+00 -2.32123693554605E+00  2.15943442047720E+00
DistFromNuc =  1.1883231117E+00
Rho =  2.4307072963E-01
DelSqRho =  7.2651483292E-01
GradDelSqRho = -2.0729945538E-16  2.6367796835E-16  7.2858385991E-16
HessDelSqRho_EigVals = -1.7231024571E+01 -1.2667178302E+00  2.9603511304E-01
HessDelSqRho_EigVec1 = -7.0362264520E-02  3.3129973968E-01  9.4089831237E-01
HessDelSqRho_EigVec2 = -1.9587822662E-01  9.2028331208E-01 -3.3868915815E-01
HessDelSqRho_EigVec3 =  9.7810064516E-01  2.0813242899E-01 -1.4118765130E-04
</CP of DelSqRho>
<CP of DelSqRho>
CP# = 31      
Type = (3,-1)
Coords = -3.03545378401788E+00 -2.08232654406971E+00  1.04500729071479E+00
DistFromNuc =  1.1876036197E+00
Rho =  2.4289793639E-01
DelSqRho =  7.3009976982E-01
GradDelSqRho = -2.8310687128E-15  6.9388939039E-16  3.0444397003E-16
HessDelSqRho_EigVals = -1.7313008170E+01 -1.2565637628E+00  2.7941656233E-01
HessDelSqRho_EigVec1 =  8.4741346028E-01 -5.3080922170E-01 -1.1489016039E-02
HessDelSqRho_EigVec2 =  4.7404804298E-01  7.4669735971E-01  4.6660637152E-01
HessDelSqRho_EigVec3 = -2.3910014696E-01 -4.0085486545E-01  8.8439046612E-01
</CP of DelSqRho>
<CP of DelSqRho>
CP# = 32      
Type = (3,-1)
Coords = -2.38597632567426E+00 -4.21346565230581E+00  2.29153129487173E+00
DistFromNuc =  2.0116777896E+00
Rho =  7.2333792340E-02
DelSqRho =  1.9296870562E-01
GradDelSqRho =  5.6924690656E-13  7.4610977119E-13 -3.2461056412E-13
HessDelSqRho_EigVals = -2.3547891344E+00 -2.0841752709E-02  4.5798465705E-01
HessDelSqRho_EigVec1 =  6.2497157309E-01  7.4692905119E-01 -2.2695269399E-01
HessDelSqRho_EigVec2 =  5.2087010802E-01 -6.1553378311E-01 -5.9144948425E-01
HessDelSqRho_EigVec3 =  5.8146785242E-01 -2.5142624034E-01  7.7374413230E-01
</CP of DelSqRho>
<CP of DelSqRho>
CP# = 33      
Type = (3,+1)
Coords = -1.98372702687594E+00 -3.14898134800649E+00  2.98539319701703E+00
DistFromNuc =  2.0062109298E+00
Rho =  7.0706886575E-02
DelSqRho =  1.8323376171E-01
GradDelSqRho = -1.0842021725E-17  1.0234868508E-16 -4.2500725161E-16
HessDelSqRho_EigVals = -1.7619612382E+00  1.5771711745E-02  5.7440503138E-01
HessDelSqRho_EigVec1 = -1.6848365084E-01  2.2379866992E-01  9.5996219443E-01
HessDelSqRho_EigVec2 =  9.3343469071E-01  3.4914899594E-01  8.2429708250E-02
HessDelSqRho_EigVec3 = -3.1672217726E-01  9.0995007224E-01 -2.6772733976E-01
</CP of DelSqRho>
<CP of DelSqRho>
CP# = 34      
Type = (3,-1)
Coords = -3.65007887011870E+00 -2.56494859584961E+00 -1.51326481995453E-01
DistFromNuc =  2.0231455944E+00
Rho =  7.0890549389E-02
DelSqRho =  1.8422783907E-01
GradDelSqRho =  2.7712207529E-16  3.0270924656E-16 -1.3877787808E-17
HessDelSqRho_EigVals = -2.0121964004E+00 -1.0921920974E-02  5.0400681722E-01
HessDelSqRho_EigVec1 =  5.7623401752E-01 -5.2722886094E-01  6.2448705771E-01
HessDelSqRho_EigVec2 =  5.1893186074E-01 -3.5428313097E-01 -7.7794163471E-01
HessDelSqRho_EigVec3 =  6.3139851200E-01  7.7234266443E-01  6.9445861951E-02
</CP of DelSqRho>
<CP of DelSqRho>
CP# = 35      
Type = (3,-1)
Coords = -1.18880260878569E+00 -3.19231958099167E+00  2.80833144006889E+00
DistFromNuc =  2.0217086457E+00
Rho =  7.1017261450E-02
DelSqRho =  1.8513753693E-01
GradDelSqRho = -8.0057488416E-15 -1.1003838899E-15 -1.0596558353E-14
HessDelSqRho_EigVals = -2.0271644370E+00 -1.2990636944E-02  5.0383696081E-01
HessDelSqRho_EigVec1 =  5.8641968430E-01  2.3335791230E-01  7.7566490100E-01
HessDelSqRho_EigVec2 =  7.8052427283E-01 -4.1880267948E-01 -4.6409716135E-01
HessDelSqRho_EigVec3 =  2.1654979424E-01  8.7758099366E-01 -4.2773564989E-01
</CP of DelSqRho>
<CP of DelSqRho>
CP# = 36      
Type = (3,+1)
Coords = -3.05483323898466E+00 -3.58661686427568E+00 -4.40944565932953E-01
DistFromNuc =  2.0151559029E+00
Rho =  7.0158508690E-02
DelSqRho =  1.7941870039E-01
GradDelSqRho =  3.7987061413E-13  2.6120945684E-13  8.6434158442E-13
HessDelSqRho_EigVals = -1.7144720810E+00  1.7710270517E-02  5.7318018815E-01
HessDelSqRho_EigVec1 =  6.9889293780E-02  4.5908257728E-01  8.8564026210E-01
HessDelSqRho_EigVec2 = -1.6134633335E-01  8.8132366413E-01 -4.4411255302E-01
HessDelSqRho_EigVec3 =  9.8442005634E-01  1.1185609627E-01 -1.3566637903E-01
</CP of DelSqRho>
<CP of DelSqRho>
CP# = 37      
Type = (3,+1)
Coords = -9.96039131032892E-01 -4.11210463052590E+00  2.02858565694625E+00
DistFromNuc =  2.0135437592E+00
Rho =  7.0222623128E-02
DelSqRho =  1.7940291461E-01
GradDelSqRho = -9.7838404045E-16  1.3045120539E-15 -5.7072402360E-16
HessDelSqRho_EigVals = -1.7056457032E+00  1.9907588616E-02  5.7710852599E-01
HessDelSqRho_EigVec1 =  7.3960842386E-01 -6.6733737975E-01  8.7408242972E-02
HessDelSqRho_EigVec2 =  5.7370886493E-01  6.9302047024E-01  4.3655557050E-01
HessDelSqRho_EigVec3 = -3.5190555218E-01 -2.7273329356E-01  8.9542114836E-01
</CP of DelSqRho>
<CP of DelSqRho>
CP# = 38      
Type = (3,+1)
Coords = -3.97157840345695E+00 -2.63346514327924E+00  5.83874232250063E-01
DistFromNuc =  2.0087622692E+00
Rho =  7.0552697281E-02
DelSqRho =  1.8261488044E-01
GradDelSqRho = -4.1026210207E-16  1.7347234760E-17  3.2959746044E-17
HessDelSqRho_EigVals = -1.7613440784E+00  1.4230457072E-02  5.7176083568E-01
HessDelSqRho_EigVec1 =  9.0574593547E-01 -4.1983322314E-01 -5.8003147549E-02
HessDelSqRho_EigVec2 = -1.9053467736E-01 -5.2560718186E-01  8.2911617226E-01
HessDelSqRho_EigVec3 =  3.7857738587E-01  7.3991699205E-01  5.5605935635E-01
</CP of DelSqRho>
<Path of -GradDelSqRho>
Starting CP# =      3
Ending CP# =      0
Number of Points =     30
 -1.8030658479E+00 -3.3834586754E+00  1.9404947411E+00  4.0327948395E-01 -9.0154224806E-01
 -1.7987561376E+00 -3.3985169475E+00  1.9599799867E+00  3.9261432504E-01 -9.1060008784E-01
 -1.7944663385E+00 -3.4135844833E+00  1.9794624647E+00  3.8294711183E-01 -9.3754641807E-01
 -1.7901966610E+00 -3.4286613225E+00  1.9989421652E+00  3.7424646196E-01 -9.8219623935E-01
 -1.7859467951E+00 -3.4437472515E+00  2.0184191605E+00  3.6647740606E-01 -1.0445575659E+00
 -1.7817159379E+00 -3.4588418252E+00  2.0378935965E+00  3.5960152440E-01 -1.1247710498E+00
 -1.7775028540E+00 -3.4739444047E+00  2.0573656788E+00  3.5357694982E-01 -1.2229836058E+00
 -1.7733059567E+00 -3.4890542038E+00  2.0768356557E+00  3.4835832144E-01 -1.3391304316E+00
 -1.7691233997E+00 -3.5041703406E+00  2.0963037990E+00  3.4389683977E-01 -1.4725965715E+00
 -1.7649531655E+00 -3.5192918875E+00  2.1157703847E+00  3.4014066816E-01 -1.6217437850E+00
 -1.7607931389E+00 -3.5344179146E+00  2.1352356736E+00  3.3703604535E-01 -1.7833412867E+00
 -1.7566411503E+00 -3.5495475238E+00  2.1546998949E+00  3.3452959503E-01 -1.9520532961E+00
 -1.7524949903E+00 -3.5646798729E+00  2.1741632288E+00  3.3257237820E-01 -2.1203230222E+00
 -1.7483524436E+00 -3.5798142087E+00  2.1936257873E+00  3.3112612259E-01 -2.2792216834E+00
 -1.7442116206E+00 -3.5949499873E+00  2.2130875907E+00  3.3017163277E-01 -2.4209998092E+00
 -1.7400726231E+00 -3.6100873180E+00  2.2325485752E+00  3.2971850202E-01 -2.5440029974E+00
 -1.7359416629E+00 -3.6252278091E+00  2.2520088085E+00  3.2981389633E-01 -2.6600849278E+00
 -1.7318294099E+00 -3.6403735885E+00  2.2714688882E+00  3.3054657915E-01 -2.8035616059E+00
 -1.7277363864E+00 -3.6555239066E+00  2.2909294893E+00  3.3204105643E-01 -3.0392606668E+00
 -1.7236544376E+00 -3.6706764039E+00  2.3103907204E+00  3.3443655528E-01 -3.4658025072E+00
 -1.7195774286E+00 -3.6858296143E+00  2.3298524318E+00  3.3784721532E-01 -4.2095420878E+00
 -1.7155024305E+00 -3.7009829191E+00  2.3493144909E+00  3.4230400498E-01 -5.4051444227E+00
 -1.7114281346E+00 -3.7161360687E+00  2.3687768179E+00  3.4768536561E-01 -7.1609876110E+00
 -1.7073539221E+00 -3.7312889532E+00  2.3882393687E+00  3.5365144309E-01 -9.5120420597E+00
 -1.7032794658E+00 -3.7464415121E+00  2.4077021219E+00  3.5960394162E-01 -1.2370059693E+01
 -1.6992045514E+00 -3.7615936941E+00  2.4271650727E+00  3.6469656358E-01 -1.5489676010E+01
 -1.6951289720E+00 -3.7767454267E+00  2.4466282341E+00  3.6791514527E-01 -1.8474416548E+01
 -1.6910523973E+00 -3.7918965614E+00  2.4660916525E+00  3.6822889628E-01 -2.0840552494E+01
 -1.6869739243E+00 -3.8070466527E+00  2.4855554854E+00  3.6478706630E-01 -2.2134575567E+01
 -1.6851365292E+00 -3.8138631168E+00  2.4943146115E+00  3.6186767174E-01 -2.2281453899E+01
</Path of -GradDelSqRho>
<Path of -GradDelSqRho>
Starting CP# =      3
Ending CP# =     19
Number of Points =     18
 -1.8030658479E+00 -3.3834586754E+00  1.9404947411E+00  4.0327948395E-01 -9.0154224806E-01
 -1.8073941136E+00 -3.3684090742E+00  1.9210069093E+00  4.1497007218E-01 -9.1076245003E-01
 -1.8117404001E+00 -3.3533679046E+00  1.9015165789E+00  4.2770918723E-01 -9.3882694028E-01
 -1.8161030733E+00 -3.3383343806E+00  1.8820240107E+00  4.4151487573E-01 -9.8641570974E-01
 -1.8204801203E+00 -3.3233074976E+00  1.8625295441E+00  4.5639934471E-01 -1.0542261691E+00
 -1.8248691968E+00 -3.3082860471E+00  1.8430335953E+00  4.7236809756E-01 -1.1428446018E+00
 -1.8292676531E+00 -3.2932686214E+00  1.8235366596E+00  4.8941907427E-01 -1.2525874071E+00
 -1.8336725228E+00 -3.2782535981E+00  1.8040393214E+00  5.0754189497E-01 -1.3833159844E+00
 -1.8380804583E+00 -3.2632390958E+00  1.7845422749E+00  5.2671732582E-01 -1.5342315304E+00
 -1.8424875950E+00 -3.2482228883E+00  1.7650463610E+00  5.4691710421E-01 -1.7036586059E+00
 -1.8468893045E+00 -3.2332022559E+00  1.7455526301E+00  5.6810427417E-01 -1.8888285310E+00
 -1.8512797688E+00 -3.2181737301E+00  1.7260624477E+00  5.9023419194E-01 -2.0856746289E+00
 -1.8556512181E+00 -3.2031326417E+00  1.7065776840E+00  6.1325636331E-01 -2.2886495902E+00
 -1.8599924686E+00 -3.1880722568E+00  1.6871010779E+00  6.3711726723E-01 -2.4905680323E+00
 -1.8642857769E+00 -3.1729819335E+00  1.6676370289E+00  6.6176429389E-01 -2.6824596621E+00
 -1.8684988534E+00 -3.1578424764E+00  1.6481936365E+00  6.8715082193E-01 -2.8533816916E+00
 -1.8725584559E+00 -3.1426109908E+00  1.6287896221E+00  7.1324180139E-01 -2.9900706784E+00
 -1.8724214673E+00 -3.1129805792E+00  1.5975078599E+00  7.5868539191E-01 -3.0960896078E+00
</Path of -GradDelSqRho>
<Path of -GradDelSqRho>
Starting CP# =      4
Ending CP# =      1
Number of Points =      7
 -2.1271276528E+00 -2.6249135540E+00  1.1402599266E+00  2.2578164914E+01  1.2381403729E+03
 -2.1104075895E+00 -2.6344674190E+00  1.1243174395E+00  3.2833879399E+01  9.8360998107E+02
 -2.0936708781E+00 -2.6439829169E+00  1.1083694704E+00  4.8120114641E+01 -8.1176966759E+02
 -2.0769268652E+00 -2.6534815435E+00  1.0924191063E+00  7.0829337823E+01 -6.4391549575E+03
 -2.0601774999E+00 -2.6629677823E+00  1.0764669906E+00  1.0454404650E+02 -2.0823905455E+04
 -2.0434193736E+00 -2.6724337146E+00  1.0605120129E+00  1.5512293293E+02 -7.5953371260E+04
 -2.0144318050E+00 -2.6887673237E+00  1.0329224222E+00  2.9718863545E+02 -3.3279235129E+06
</Path of -GradDelSqRho>
<Path of -GradDelSqRho>
Starting CP# =      4
Ending CP# =     17
Number of Points =     35
 -2.1271276528E+00 -2.6249135540E+00  1.1402599266E+00  2.2578164914E+01  1.2381403729E+03
 -2.1438278394E+00 -2.6153140514E+00  1.1561958347E+00  1.5650323573E+01  1.1555379576E+03
 -2.1605188329E+00 -2.6056935094E+00  1.1721286907E+00  1.0954753871E+01  9.8489412993E+02
 -2.1772074077E+00 -2.5960674482E+00  1.1880607468E+00  7.7819064948E+00  7.7596058754E+02
 -2.1938905767E+00 -2.5864290544E+00  1.2039910075E+00  5.6462349274E+00  5.7448844699E+02
 -2.2105630590E+00 -2.5767663177E+00  1.2199177070E+00  4.2097010471E+00  4.0947290783E+02
 -2.2272190123E+00 -2.5670660422E+00  1.2358388777E+00  3.2409209616E+00  2.8617517352E+02
 -2.2438524572E+00 -2.5573148669E+00  1.2517524806E+00  2.5845309781E+00  1.9746273594E+02
 -2.2604577014E+00 -2.5475002725E+00  1.2676565402E+00  2.1368657691E+00  1.3411069890E+02
 -2.2770290389E+00 -2.5376099391E+00  1.2835490349E+00  1.8284229593E+00  8.8892204812E+01
 -2.2935593510E+00 -2.5276286989E+00  1.2994274037E+00  1.6122916009E+00  5.6888761961E+01
 -2.3100380063E+00 -2.5175341067E+00  1.3152877770E+00  1.4567903567E+00  3.4699735598E+01
 -2.3264482016E+00 -2.5072911406E+00  1.3311239412E+00  1.3407013615E+00  1.9774056638E+01
 -2.3427629822E+00 -2.4968447647E+00  1.3469256868E+00  1.2500363403E+00  1.0089538426E+01
 -2.3589380486E+00 -2.4861073053E+00  1.3626756472E+00  1.1757551947E+00  4.0473252521E+00
 -2.3748970052E+00 -2.4749344209E+00  1.3783424108E+00  1.1121436713E+00  4.3303621036E-01
 -2.3904967497E+00 -2.4630740352E+00  1.3938631962E+00  1.0556941919E+00 -1.6272819433E+00
 -2.4054282461E+00 -2.4500391726E+00  1.4090899504E+00  1.0044237577E+00 -2.7292571230E+00
 -2.4188270043E+00 -2.4347172506E+00  1.4235538383E+00  9.5784849909E-01 -3.2606313795E+00
 -2.4270275692E+00 -2.4143402167E+00  1.4348379113E+00  9.2047660937E-01 -3.4751241035E+00
 -2.4218112605E+00 -2.3904148712E+00  1.4358234336E+00  9.0953771354E-01 -3.5745510636E+00
 -2.4100600491E+00 -2.3689357116E+00  1.4308789754E+00  9.1342213001E-01 -3.6604330533E+00
 -2.3970677267E+00 -2.3484960385E+00  1.4246893397E+00  9.1904957521E-01 -3.7416030738E+00
 -2.3835305064E+00 -2.3285934831E+00  1.4179385618E+00  9.2440090742E-01 -3.8177868991E+00
 -2.3695377819E+00 -2.3091803322E+00  1.4107081833E+00  9.2922079408E-01 -3.8885485220E+00
 -2.3551124759E+00 -2.2902698206E+00  1.4030108808E+00  9.3346528116E-01 -3.9534939935E+00
 -2.3402714940E+00 -2.2718814997E+00  1.3948524435E+00  9.3711611254E-01 -4.0122839949E+00
 -2.3250317146E+00 -2.2540353769E+00  1.3862379258E+00  9.4016196279E-01 -4.0646392982E+00
 -2.3094105705E+00 -2.2367514064E+00  1.3771721260E+00  9.4259694831E-01 -4.1103447279E+00
 -2.2934262055E+00 -2.2200494368E+00  1.3676595907E+00  9.4442051208E-01 -4.1492519101E+00
 -2.2770976116E+00 -2.2039491844E+00  1.3577045728E+00  9.4563733542E-01 -4.1812807926E+00
 -2.2604447729E+00 -2.1884702015E+00  1.3473109734E+00  9.4625719347E-01 -4.2064199271E+00
 -2.2434888122E+00 -2.1736318447E+00  1.3364822754E+00  9.4629475357E-01 -4.2247255414E+00
 -2.2262521179E+00 -2.1594532459E+00  1.3252215014E+00  9.4576931979E-01 -4.2363194583E+00
 -2.2034503499E+00 -2.1420287966E+00  1.3099320557E+00  9.4428283508E-01 -4.2416678758E+00
</Path of -GradDelSqRho>
<Path of -GradDelSqRho>
Starting CP# =      7
Ending CP# =      1
Number of Points =      7
 -1.9513976293E+00 -2.8220446999E+00  9.5165218802E-01  2.2550962805E+01  1.2352672250E+03
 -1.9608045490E+00 -2.8022928116E+00  9.6375063980E-01  3.2789600342E+01  9.8266714191E+02
 -1.9701839190E+00 -2.7825170144E+00  9.7583141801E-01  4.8047965183E+01 -8.0164905321E+02
 -1.9795511543E+00 -2.7627307099E+00  9.8790440625E-01  7.0714231099E+01 -6.4071595361E+03
 -1.9889095634E+00 -2.7429367730E+00  9.9997172604E-01  1.0436002043E+02 -2.0704242083E+04
 -1.9982534393E+00 -2.7231302839E+00  1.0120297091E+00  1.5483632636E+02 -7.5550990369E+04
 -2.0144318050E+00 -2.6887673237E+00  1.0329224222E+00  2.9718863545E+02 -3.3279235129E+06
</Path of -GradDelSqRho>
<Path of -GradDelSqRho>
Starting CP# =      7
Ending CP# =     14
Number of Points =     36
 -1.9513976293E+00 -2.8220446999E+00  9.5165218802E-01  2.2550962805E+01  1.2352672250E+03
 -1.9419581182E+00 -2.8417682165E+00  9.3953284878E-01  1.5633259073E+01  1.1530824547E+03
 -1.9325037543E+00 -2.8614787729E+00  9.2740400025E-01  1.0943656315E+01  9.8291084837E+02
 -1.9230455012E+00 -2.8811859333E+00  9.1527266599E-01  7.7741912739E+00  7.7440754411E+02
 -1.9135784233E+00 -2.9008853803E+00  9.0313568956E-01  5.6402562849E+00  5.7337806452E+02
 -1.9040939311E+00 -2.9205695824E+00  8.9098758247E-01  4.2044369272E+00  4.0876468274E+02
 -1.8945826044E+00 -2.9402302367E+00  8.7882233873E-01  3.2357764476E+00  2.8578465859E+02
 -1.8850349212E+00 -2.9598588788E+00  8.6663390774E-01  2.5791936471E+00  1.9730228500E+02
 -1.8754419831E+00 -2.9794474987E+00  8.5441666335E-01  2.1312019710E+00  1.3410913623E+02
 -1.8657950626E+00 -2.9989881226E+00  8.4216511995E-01  1.8224080020E+00  8.8996227964E+01
 -1.8560834411E+00 -3.0184708492E+00  8.2987256791E-01  1.6059640704E+00  5.7058649901E+01
 -1.8462912828E+00 -3.0378809349E+00  8.1752912083E-01  1.4502219791E+00  3.4905698956E+01
 -1.8363939329E+00 -3.0571951697E+00  8.0511944479E-01  1.3339767850E+00  1.9994236093E+01
 -1.8263527856E+00 -3.0763765629E+00  7.9261967932E-01  1.2432395615E+00  1.0308815712E+01
 -1.8161066792E+00 -3.0953649129E+00  7.7999239365E-01  1.1689604344E+00  4.2562114027E+00
 -1.8055557600E+00 -3.1140578800E+00  7.6717740698E-01  1.1054084273E+00  6.2643830811E-01
 -1.7945278726E+00 -3.1322677781E+00  7.5407351033E-01  1.0490503101E+00 -1.4512821921E+00
 -1.7826971054E+00 -3.1496021215E+00  7.4049742917E-01  9.9785284387E-01 -2.5703832369E+00
 -1.7693423259E+00 -3.1650178406E+00  7.2608239248E-01  9.5116226881E-01 -3.1167716912E+00
 -1.7527083187E+00 -3.1743422797E+00  7.1029614287E-01  9.1243691946E-01 -3.3402400330E+00
 -1.7340178919E+00 -3.1668251880E+00  6.9651965418E-01  8.9891135753E-01 -3.4372633211E+00
 -1.7179881693E+00 -3.1502406942E+00  6.8694981751E-01  9.0216160899E-01 -3.5186190827E+00
 -1.7029831308E+00 -3.1320800818E+00  6.7858769189E-01  9.0751217498E-01 -3.5957860031E+00
 -1.6884624499E+00 -3.1132899773E+00  6.7077602498E-01  9.1265029067E-01 -3.6685881385E+00
 -1.6743743610E+00 -3.0939844199E+00  6.6344349253E-01  9.1729930178E-01 -3.7366365328E+00
 -1.6607290413E+00 -3.0741915881E+00  6.5658826441E-01  9.2141513164E-01 -3.7995763481E+00
 -1.6475431082E+00 -3.0539318454E+00  6.5021496658E-01  9.2498042026E-01 -3.8570991234E+00
 -1.6348339682E+00 -3.0332250850E+00  6.4432833034E-01  9.2798442521E-01 -3.9089475559E+00
 -1.6226193819E+00 -3.0120913568E+00  6.3893261961E-01  9.3042145283E-01 -3.9549189463E+00
 -1.6109174635E+00 -2.9905509695E+00  6.3403153297E-01  9.3229073670E-01 -3.9948676191E+00
 -1.5997466985E+00 -2.9686245596E+00  6.2962814273E-01  9.3359635089E-01 -4.0287063065E+00
 -1.5891259416E+00 -2.9463331587E+00  6.2572485791E-01  9.3434707082E-01 -4.0564064918E+00
 -1.5790743657E+00 -2.9236982707E+00  6.2232344236E-01  9.3455618103E-01 -4.0779977345E+00
 -1.5696113003E+00 -2.9007419743E+00  6.1942516333E-01  9.3424123351E-01 -4.0935660276E+00
 -1.5607557803E+00 -2.8774870951E+00  6.1703128059E-01  9.3342376047E-01 -4.1032512600E+00
 -1.5507604670E+00 -2.8486283391E+00  6.1479116531E-01  9.3177467840E-01 -4.1073810663E+00
</Path of -GradDelSqRho>
<Path of -GradDelSqRho>
Starting CP# =     10
Ending CP# =     17
Number of Points =     33
 -1.6398664414E+00 -2.1661049660E+00  8.3212440598E-01  8.4228706594E-01 -3.3392854748E+00
 -1.6445773582E+00 -2.1616854445E+00  8.3700117629E-01  8.4320992731E-01 -3.3394361423E+00
 -1.6518444917E+00 -2.1536750596E+00  8.4478184682E-01  8.4307607015E-01 -3.3405951519E+00
 -1.6654734941E+00 -2.1397263059E+00  8.5915072132E-01  8.4311619288E-01 -3.3453146694E+00
 -1.6802557829E+00 -2.1264743234E+00  8.7434214147E-01  8.4406576536E-01 -3.3537360640E+00
 -1.6955399408E+00 -2.1140981984E+00  8.8977381878E-01  8.4536223641E-01 -3.3657575165E+00
 -1.7112989623E+00 -2.1026176632E+00  9.0541867479E-01  8.4700040740E-01 -3.3813304869E+00
 -1.7275049684E+00 -2.0920503512E+00  9.2124929974E-01  8.4897316055E-01 -3.4003803979E+00
 -1.7441293156E+00 -2.0824117506E+00  9.3723805774E-01  8.5127140647E-01 -3.4228059472E+00
 -1.7611427073E+00 -2.0737151691E+00  9.5335719228E-01  8.5388402639E-01 -3.4484784627E+00
 -1.7785153079E+00 -2.0659717108E+00  9.6957893128E-01  8.5679781148E-01 -3.4772413257E+00
 -1.7962168571E+00 -2.0591902642E+00  9.8587559089E-01  8.5999740184E-01 -3.5089094872E+00
 -1.8142167865E+00 -2.0533775027E+00  1.0022196774E+00  8.6346522836E-01 -3.5432691066E+00
 -1.8324843356E+00 -2.0485378980E+00  1.0185839865E+00  8.6718146098E-01 -3.5800773416E+00
 -1.8509886672E+00 -2.0446737458E+00  1.0349416991E+00  8.7112396722E-01 -3.6190623230E+00
 -1.8696989824E+00 -2.0417852061E+00  1.0512664723E+00  8.7526828530E-01 -3.6599233482E+00
 -1.8885846319E+00 -2.0398703565E+00  1.0675325255E+00  8.7958761613E-01 -3.7023313329E+00
