 AIMInt (Version 19.02.13, Professional)
 Portions Copyright (c) 1997-2019 by Todd A. Keith
 AIMInt is a component of the AIMAll package ( http://aim.tkgristmill.com )

 TP:  64-bit Linux

 Licensed To:  Research Group of Fernando Cortes Guzman, UNAM, fercor@unam.mx

 AIMInt is a heavily modified and extended version of the PROAIMV program
 developed by members of R.F.W. Bader's research group

 Much of the Quantum Theory of Atoms in Molecules (QTAIM) is described in the book:
   "Atoms in Molecules - A Quantum Theory"
   R.F.W. Bader, Oxford University Press, Oxford, 1990

 For additional references see:  http://aim.tkgristmill.com/references.html

 Current Directory:  /home/scratch/M_H2O_4_tetraedrico/Opt

 Inp File:  V3_tetraedrico_cc-pvtz-def2-tzv_2_atomicfiles/o6.inp
 Wfx File:  V3_tetraedrico_cc-pvtz-def2-tzv_2.wfx
 Out File:  V3_tetraedrico_cc-pvtz-def2-tzv_2_atomicfiles/o6.int

 Wfx Title:   V3_tetraedrico_cc-pvtz-def2-tzv_2                                             
 Job Title:   V3_tetraedrico_cc-pvtz-def2-tzv_2                                             
 
<Atom>
O6      
</Atom>
<Nuclei of Molecule>
    13
V1        23.0           9.6159815467E-06   2.3393319961E-05   1.7764325519E-05
O2         8.0           2.0476220410E+00  -1.0266125420E+00  -2.6660208275E+00
H3         1.0           3.6231980236E+00  -2.0935713291E-01  -3.2951673111E+00
O4         8.0          -2.0144316725E+00  -2.6887671097E+00   1.0329223587E+00
H5         1.0          -1.6837359757E+00  -3.8191414991E+00   2.5010866473E+00
O6         8.0           2.0109076840E+00   1.0556001109E+00   2.6826482838E+00
H7         1.0           1.6657898862E+00   2.5187769510E+00   3.8152994454E+00
O8         8.0          -2.0440588327E+00   2.6598727172E+00  -1.0494799672E+00
H9         1.0          -3.6328036347E+00   3.2812861892E+00  -2.5207703083E-01
H10        1.0           1.7337953102E+00  -2.4964058246E+00  -3.7991719161E+00
H11        1.0          -1.7154169567E+00   3.7968791397E+00  -2.5130655628E+00
H12        1.0           3.5937536817E+00   2.6130836326E-01   3.3227979624E+00
H13        1.0          -3.5851152607E+00  -3.3346296445E+00   2.1933040311E-01
</Nuclei of Molecule>
<Total Number of CPs of DelSqRho>
    38
</Total Number of CPs of DelSqRho>
<Number of (3,+3) CPs of DelSqRho>
     5
</Number of (3,+3) CPs of DelSqRho>
<Number of (3,+1) CPs of DelSqRho>
    14
</Number of (3,+1) CPs of DelSqRho>
<Number of (3,-1) CPs of DelSqRho>
    13
</Number of (3,-1) CPs of DelSqRho>
<Number of (3,-3) CPs of DelSqRho>
     6
</Number of (3,-3) CPs of DelSqRho>
<Number of Degenerate CPs of DelSqRho>
     0
</Number of Degenerate CPs of DelSqRho>
<CP of DelSqRho>
CP# = 1       
Type = (3,+3)
Coords =  2.01090781633895E+00  1.05560017595682E+00  2.68264849754481E+00
DistFromNuc =  2.5965168220E-07
Rho =  2.9718870170E+02
DelSqRho = -3.3279241062E+06
GradDelSqRho =  4.4772050387E-06 -4.5167325879E-07  2.1697486318E-05
HessDelSqRho_EigVals =  1.3234329511E+11  1.3234331487E+11  1.3234332092E+11
HessDelSqRho_EigVec1 = -5.3017246362E-01 -5.8689138728E-01  6.1194416277E-01
HessDelSqRho_EigVec2 = -5.6197683928E-01 -2.9720082374E-01 -7.7191560580E-01
HessDelSqRho_EigVec3 = -6.3490093001E-01  7.5314684485E-01  1.7225167391E-01
</CP of DelSqRho>
<CP of DelSqRho>
CP# = 2       
Type = (3,-1)
Coords =  1.10861784272930E+00  7.26325524388856E-01  1.54158933747042E+00
DistFromNuc =  1.4914973114E+00
Rho =  1.5528679844E-01
DelSqRho =  3.7228977143E-01
GradDelSqRho = -7.4162898045E-13 -4.0832615067E-13 -9.7366559260E-13
HessDelSqRho_EigVals = -4.6122916628E-01 -1.8349730110E-01  4.5533665905E+00
HessDelSqRho_EigVec1 =  4.7996308621E-01  6.2765019284E-01 -6.1293610704E-01
HessDelSqRho_EigVec2 = -6.7736514575E-01  7.0912860627E-01  1.9573727057E-01
HessDelSqRho_EigVec3 =  5.5750506293E-01  3.2123489101E-01  7.6550391874E-01
</CP of DelSqRho>
<CP of DelSqRho>
CP# = 3       
Type = (3,+1)
Coords =  1.79060726313180E+00  1.95998865328613E+00  3.37875235800766E+00
DistFromNuc =  1.1623303287E+00
Rho =  4.0324553825E-01
DelSqRho = -9.0128025112E-01
GradDelSqRho =  6.6092964435E-16  4.5102810375E-16 -2.0122792321E-15
HessDelSqRho_EigVals = -2.9212204263E+01  1.3858146895E+01  1.4570747487E+01
HessDelSqRho_EigVec1 = -1.8040494461E-01  7.7681673990E-01  6.0333225388E-01
HessDelSqRho_EigVec2 = -5.5266246115E-01 -5.8746902415E-01  5.9113818156E-01
HessDelSqRho_EigVec3 =  8.1364504546E-01 -2.2679483741E-01  5.3529976810E-01
</CP of DelSqRho>
<CP of DelSqRho>
CP# = 4       
Type = (3,+1)
Coords =  2.12203607413432E+00  1.16438499524565E+00  2.61849762880852E+00
DistFromNuc =  1.6822299694E-01
Rho =  2.2578183382E+01
DelSqRho =  1.2381446054E+03
GradDelSqRho =  2.3408830430E-11  8.8355989192E-12 -1.2789769244E-13
HessDelSqRho_EigVals = -4.1551351574E+05  2.0865922795E+03  2.9784492454E+03
HessDelSqRho_EigVec1 =  6.5904950302E-01  6.4614377904E-01 -3.8490514335E-01
HessDelSqRho_EigVec2 = -3.9932610990E-01 -1.3305514213E-01 -9.0710252293E-01
HessDelSqRho_EigVec3 = -6.3733226070E-01  7.5152814050E-01  1.7033215643E-01
</CP of DelSqRho>
<CP of DelSqRho>
CP# = 5       
Type = (3,-3)
Coords =  2.00961394987391E+00  9.37616049034106E-01  2.56411086454223E+00
DistFromNuc =  1.6725140474E-01
Rho =  2.2652072966E+01
DelSqRho =  1.2903285837E+03
GradDelSqRho =  4.9737991503E-13  5.4214410738E-12  1.5955237131E-11
HessDelSqRho_EigVals = -4.4389505585E+05 -3.2192042341E+03 -4.3643242903E+02
HessDelSqRho_EigVec1 =  9.8047986396E-03  7.0426654381E-01  7.0986794631E-01
HessDelSqRho_EigVec2 =  5.3112660328E-01  5.9781543343E-01 -6.0043420858E-01
HessDelSqRho_EigVec3 =  8.4723573886E-01 -3.8291688761E-01  3.6819323727E-01
</CP of DelSqRho>
<CP of DelSqRho>
CP# = 6       
Type = (3,+1)
Coords =  1.94933643447509E+00  9.73466913284120E-01  2.81608079369616E+00
DistFromNuc =  1.6834819751E-01
Rho =  2.2550912843E+01
DelSqRho =  1.2352642593E+03
GradDelSqRho = -1.7763568394E-14 -1.0903278280E-11  1.0196288258E-11
HessDelSqRho_EigVals = -4.1258910728E+05  2.2036238776E+03  3.0784417974E+03
HessDelSqRho_EigVec1 = -3.6828140367E-01 -4.8954886553E-01  7.9038643458E-01
HessDelSqRho_EigVec2 =  6.7769060620E-01  4.4064704356E-01  5.8869824635E-01
HessDelSqRho_EigVec3 =  6.3647800431E-01 -7.5244407849E-01 -1.6948055572E-01
</CP of DelSqRho>
<CP of DelSqRho>
CP# = 7       
Type = (3,-1)
Coords =  2.10824525804136E+00  1.10959970771405E+00  2.80933895354898E+00
DistFromNuc =  1.6864485041E-01
Rho =  2.2367687178E+01
DelSqRho =  1.2543074893E+03
GradDelSqRho = -1.2935430505E-11 -2.7569058147E-12  2.0001778012E-12
HessDelSqRho_EigVals = -4.0987430535E+05 -1.6762065187E+03  1.2253699637E+03
HessDelSqRho_EigVec1 =  5.7742457648E-01  3.2045590942E-01  7.5092534156E-01
HessDelSqRho_EigVec2 =  5.1022490910E-01  5.7639238265E-01 -6.3831212064E-01
HessDelSqRho_EigVec3 = -6.3737853793E-01  7.5171792006E-01  1.6931854018E-01
</CP of DelSqRho>
<CP of DelSqRho>
CP# = 8       
Type = (3,-3)
Coords =  1.87221200773361E+00  1.09880202874914E+00  2.59976292225963E+00
DistFromNuc =  1.6725094759E-01
Rho =  2.2652540372E+01
DelSqRho =  1.2902722238E+03
GradDelSqRho =  1.8651746814E-12 -2.1476154188E-12  8.3453244315E-12
HessDelSqRho_EigVals = -4.4389134645E+05 -3.2151541593E+03 -4.2529276296E+02
HessDelSqRho_EigVec1 =  8.2876697729E-01 -2.5646079542E-01  4.9736622097E-01
HessDelSqRho_EigVec2 = -5.4288991999E-01 -5.8402367053E-01  6.0347898641E-01
HessDelSqRho_EigVec3 = -1.3570494509E-01  7.7015856333E-01  6.2324951280E-01
</CP of DelSqRho>
<CP of DelSqRho>
CP# = 9       
Type = (3,-1)
Coords =  1.43954813890887E+00  1.47211686843453E+00  2.58559899743901E+00
DistFromNuc =  7.1369216262E-01
Rho =  6.8281268391E-01
DelSqRho = -1.0892003481E+00
GradDelSqRho = -1.4155343564E-14  2.6112445539E-13 -1.8281209879E-13
HessDelSqRho_EigVals = -1.5360298791E+01 -1.1639636443E+01  1.4589123416E+02
HessDelSqRho_EigVec1 =  2.5112117074E-01  5.6388214822E-01  7.8674969369E-01
HessDelSqRho_EigVec2 =  5.3738793597E-01  5.9480994242E-01 -5.9784223561E-01
HessDelSqRho_EigVec3 =  8.0507910412E-01 -5.7292063614E-01  1.5365409465E-01
</CP of DelSqRho>
<CP of DelSqRho>
CP# = 10      
Type = (3,-1)
Coords =  2.28941083923913E+00  4.78571272438149E-01  2.36769813971225E+00
DistFromNuc =  7.1394669357E-01
Rho =  6.8178023708E-01
DelSqRho = -1.0894935635E+00
GradDelSqRho = -3.6637359813E-15  2.3370194668E-14  1.6098233857E-15
HessDelSqRho_EigVals = -1.5328631096E+01 -1.1407456017E+01  1.4564926733E+02
HessDelSqRho_EigVec1 =  7.5223398412E-01 -2.2031112655E-02  6.5852764803E-01
HessDelSqRho_EigVec2 = -5.4138432573E-01 -5.9033468523E-01  5.9867183938E-01
HessDelSqRho_EigVec3 = -3.7556230508E-01  8.0685784962E-01  4.5599711130E-01
</CP of DelSqRho>
<CP of DelSqRho>
CP# = 11      
Type = (3,-1)
Coords =  2.41088188653972E+00  1.27607342595740E+00  3.23973062732426E+00
DistFromNuc =  7.2036697785E-01
Rho =  6.7753116349E-01
DelSqRho = -1.1034271059E+00
GradDelSqRho =  9.6034291630E-15  2.1926904736E-15  2.4424906542E-14
HessDelSqRho_EigVals = -1.8962111387E+01 -5.3881691678E+00  1.3850973055E+02
HessDelSqRho_EigVec1 = -6.4051607792E-01  7.5040370264E-01  1.6319753977E-01
HessDelSqRho_EigVec2 =  5.2953050163E-01  5.8548561753E-01 -6.1384366048E-01
HessDelSqRho_EigVec3 =  5.5618036802E-01  3.0675865877E-01  7.7237460050E-01
</CP of DelSqRho>
<CP of DelSqRho>
CP# = 12      
Type = (3,+1)
Coords =  2.22868829688455E+00  5.44325214451182E-01  3.08736603346658E+00
DistFromNuc =  6.8747863385E-01
Rho =  7.8906646101E-01
DelSqRho = -2.5850747215E+00
GradDelSqRho =  9.1038288019E-15 -3.3639757646E-14  2.8754776338E-14
HessDelSqRho_EigVals = -1.1916712280E+01  1.2908198116E+01  1.9183769876E+02
HessDelSqRho_EigVec1 =  9.7358217015E-01  1.8396677557E-01 -1.3525525298E-01
HessDelSqRho_EigVec2 = -9.4933946999E-03  6.2444951458E-01  7.8100747704E-01
HessDelSqRho_EigVec3 = -2.2813950432E-01  7.5909092290E-01 -6.0969938277E-01
</CP of DelSqRho>
<CP of DelSqRho>
CP# = 13      
Type = (3,+1)
Coords =  1.64264682224524E+00  1.23191922420233E+00  3.23610604233726E+00
DistFromNuc =  6.8776448178E-01
Rho =  7.8873097263E-01
DelSqRho = -2.5856615942E+00
GradDelSqRho = -1.5404344467E-14  3.1086244690E-14  3.1252778143E-14
HessDelSqRho_EigVals = -1.1944503149E+01  1.2932299658E+01  1.9149608226E+02
HessDelSqRho_EigVec1 =  3.2625112703E-01  9.4478699831E-01  3.0622376537E-02
HessDelSqRho_EigVec2 =  7.6013382178E-01 -2.8146888470E-01  5.8563797685E-01
HessDelSqRho_EigVec3 = -5.6192239242E-01  1.6778794587E-01  8.0999409265E-01
</CP of DelSqRho>
<CP of DelSqRho>
CP# = 14      
Type = (3,+3)
Coords =  1.55301514976343E+00  6.31603919488375E-01  2.84373089926131E+00
DistFromNuc =  6.4450442374E-01
Rho =  9.3175486848E-01
DelSqRho = -4.1072297978E+00
GradDelSqRho =  7.7715611724E-15  6.6613381478E-16 -1.4765966228E-14
HessDelSqRho_EigVals =  8.6387690007E+00  2.0065092558E+01  3.0612873268E+02
HessDelSqRho_EigVec1 =  3.1335894361E-01  6.3592905900E-02  9.4750309486E-01
HessDelSqRho_EigVec2 = -6.3980890342E-01  7.5144579951E-01  1.6116382195E-01
HessDelSqRho_EigVec3 =  7.0174834489E-01  6.5672304111E-01 -2.7615956931E-01
</CP of DelSqRho>
<CP of DelSqRho>
CP# = 15      
Type = (3,+1)
Coords =  2.09162710896138E+00  1.73725775827755E+00  2.72996410433821E+00
DistFromNuc =  6.8804909753E-01
Rho =  7.8856919392E-01
DelSqRho = -2.5937400308E+00
GradDelSqRho = -8.2711615335E-15  1.0214051827E-14  9.1038288019E-15
HessDelSqRho_EigVals = -1.2285628439E+01  1.3292962764E+01  1.9177854857E+02
HessDelSqRho_EigVec1 = -4.3912476544E-01  8.4899435166E-02  8.9440568328E-01
HessDelSqRho_EigVec2 =  8.8313020340E-01 -1.4212830233E-01  4.4708007058E-01
HessDelSqRho_EigVec3 =  1.6507720682E-01  9.8620060413E-01 -1.2565198025E-02
</CP of DelSqRho>
<CP of DelSqRho>
CP# = 16      
Type = (3,+3)
Coords =  2.19463325545423E+00  1.33531857899190E+00  2.13548910971748E+00
DistFromNuc =  6.4138963885E-01
Rho =  9.4429711819E-01
DelSqRho = -4.2418942943E+00
GradDelSqRho =  1.3239409569E-14  3.7525538232E-14 -4.5519144010E-14
HessDelSqRho_EigVals =  9.9317169368E+00  2.1108941465E+01  3.1987032264E+02
HessDelSqRho_EigVec1 =  7.0310566069E-01  4.8955321404E-01  5.1573256687E-01
HessDelSqRho_EigVec2 =  6.4261421310E-01 -7.4797354497E-01 -1.6607994805E-01
HessDelSqRho_EigVec3 = -3.0444934394E-01 -4.4818882923E-01  8.4049828693E-01
</CP of DelSqRho>
<CP of DelSqRho>
CP# = 17      
Type = (3,+1)
Coords =  2.69033499884255E+00  1.03919733847885E+00  2.57644844487104E+00
DistFromNuc =  6.8787275928E-01
Rho =  7.8841318974E-01
DelSqRho = -2.5882008968E+00
GradDelSqRho = -5.8286708793E-15  3.1086244690E-15  4.4408920985E-16
HessDelSqRho_EigVals = -1.2293375058E+01  1.3248086585E+01  1.9192041073E+02
HessDelSqRho_EigVec1 =  1.9327237945E-01 -6.5526219981E-01  7.3025833568E-01
HessDelSqRho_EigVec2 =  1.1295768109E-01  7.5420329777E-01  6.4685233857E-01
HessDelSqRho_EigVec3 =  9.7462113132E-01  4.2530402437E-02 -2.1978356455E-01
</CP of DelSqRho>
<CP of DelSqRho>
CP# = 18      
Type = (3,+1)
Coords =  1.63709460481920E+00  8.50526400758078E-01  2.16110629415388E+00
DistFromNuc =  6.7364493003E-01
Rho =  8.4227749297E-01
DelSqRho = -3.3391900089E+00
GradDelSqRho =  4.2410519541E-14  1.9706458687E-14  5.6732396558E-14
HessDelSqRho_EigVals = -5.7684818799E+00  1.8138661307E+01  2.2874817946E+02
HessDelSqRho_EigVec1 =  5.3137506296E-01  5.8838068555E-01 -6.0946592303E-01
HessDelSqRho_EigVec2 = -6.4091033786E-01  7.4968232161E-01  1.6495561673E-01
HessDelSqRho_EigVec3 =  5.5396252698E-01  3.0295970941E-01  7.7546175481E-01
</CP of DelSqRho>
<CP of DelSqRho>
CP# = 19      
Type = (3,+3)
Coords =  1.86329728727534E+00  1.61807319200945E+00  3.10775880133847E+00
DistFromNuc =  7.2033585793E-01
Rho =  7.5865929501E-01
DelSqRho = -3.0957704852E+00
GradDelSqRho =  1.0755285551E-14 -3.9301895072E-14 -1.7985612999E-14
HessDelSqRho_EigVals =  1.1153375259E+01  2.2776422492E+01  1.4325577802E+02
HessDelSqRho_EigVec1 =  5.3196391988E-01  5.9518406689E-01 -6.0230417106E-01
HessDelSqRho_EigVec2 =  8.1954089439E-01 -1.8296984480E-01  5.4302371800E-01
HessDelSqRho_EigVec3 = -2.1299556419E-01  7.8248192466E-01  5.8511103837E-01
</CP of DelSqRho>
<CP of DelSqRho>
CP# = 20      
Type = (3,+3)
Coords =  2.61396365173701E+00  7.38709331831436E-01  2.91632381269425E+00
DistFromNuc =  7.2020866348E-01
Rho =  7.5881779420E-01
DelSqRho = -3.0982073763E+00
GradDelSqRho =  5.8841820305E-15  8.4376949872E-15  4.6906922790E-15
HessDelSqRho_EigVals =  1.1185538359E+01  2.2795705774E+01  1.4330724270E+02
HessDelSqRho_EigVec1 = -5.4204930422E-01 -5.8439637749E-01  6.0387368362E-01
HessDelSqRho_EigVec2 =  8.3767807358E-02  6.7744588071E-01  7.3078726943E-01
HessDelSqRho_EigVec3 =  8.3616117241E-01 -4.4670790532E-01  3.1825546512E-01
</CP of DelSqRho>
<CP of DelSqRho>
CP# = 21      
Type = (3,+1)
Coords =  2.98710489197214E+00  5.59197351060848E-01  3.07299422026602E+00
DistFromNuc =  1.1626463947E+00
Rho =  4.0310521116E-01
DelSqRho = -9.0109728947E-01
GradDelSqRho =  3.1225022568E-16  5.6898930012E-16  1.9394208461E-15
HessDelSqRho_EigVals = -2.9127838845E+01  1.3829540827E+01  1.4536112579E+01
HessDelSqRho_EigVec1 =  8.4090348592E-01 -4.1931555027E-01  3.4213417934E-01
HessDelSqRho_EigVec2 =  5.3950595246E-01  5.9975627621E-01 -5.9095324385E-01
HessDelSqRho_EigVec3 =  4.2598763269E-02  6.8151806906E-01  7.3056037869E-01
</CP of DelSqRho>
<CP of DelSqRho>
CP# = 22      
Type = (3,-3)
Coords =  2.37392180442810E+00  1.12543916255778E+00  3.78514115530760E+00
DistFromNuc =  1.1628186774E+00
Rho =  2.4701848027E-01
DelSqRho =  8.5508670582E-01
GradDelSqRho = -5.7127913511E-14  1.1185496973E-14 -2.7156055182E-13
HessDelSqRho_EigVals = -1.7490014003E+01 -2.7802707953E+00 -1.3610236933E-01
HessDelSqRho_EigVec1 =  3.1238972561E-01  6.0305150174E-02  9.4803794660E-01
HessDelSqRho_EigVec2 =  6.4035769862E-01 -7.5052435689E-01 -1.6326422615E-01
HessDelSqRho_EigVec3 =  7.0167989650E-01  6.5808546450E-01 -2.7307296509E-01
</CP of DelSqRho>
<CP of DelSqRho>
CP# = 23      
Type = (3,-1)
Coords =  2.03006646923947E+00 -3.20960874366723E-02  3.15953341325791E+00
DistFromNuc =  1.1878002802E+00
Rho =  2.4291688035E-01
DelSqRho =  7.2317667814E-01
GradDelSqRho =  1.1764894614E-14 -1.5179524304E-13  6.4837024638E-14
HessDelSqRho_EigVals = -1.7114930940E+01 -1.2622468096E+00  2.8356938536E-01
HessDelSqRho_EigVec1 =  2.5791723180E-03  9.2217471250E-01 -3.8676497709E-01
HessDelSqRho_EigVec2 =  9.7294705325E-01  8.7034525615E-02  2.1400706281E-01
HessDelSqRho_EigVec3 = -2.3101380792E-01  3.7685380585E-01  8.9700269206E-01
</CP of DelSqRho>
<CP of DelSqRho>
CP# = 24      
Type = (3,+1)
Coords =  1.23501017786320E+00  5.66485007926722E-01  1.82628508807707E+00
DistFromNuc =  1.2548340317E+00
Rho =  2.4301269160E-01
DelSqRho =  4.1938349810E-01
GradDelSqRho = -2.3696322682E-15 -1.6254358970E-15 -2.9351521214E-15
HessDelSqRho_EigVals = -8.3139917240E+00  2.0248469117E-01  7.9957681399E-01
HessDelSqRho_EigVec1 =  6.2479820080E-01  4.0883168235E-01  6.6519460595E-01
HessDelSqRho_EigVec2 = -4.4304994040E-01 -5.1587123524E-01  7.3320094037E-01
HessDelSqRho_EigVec3 = -6.4291053700E-01  7.5281705889E-01  1.4118256712E-01
</CP of DelSqRho>
<CP of DelSqRho>
CP# = 25      
Type = (3,-1)
Coords =  2.62526447877427E+00  1.37672609443651E+00  3.61629701230828E+00
DistFromNuc =  1.1628654766E+00
Rho =  2.4965330657E-01
DelSqRho =  8.5186894463E-01
GradDelSqRho =  6.8695049649E-16 -2.5673907444E-16 -6.2450045135E-17
HessDelSqRho_EigVals = -1.6734307011E+01 -3.8632675233E+00  9.6108600031E-02
HessDelSqRho_EigVec1 =  5.2899640932E-01  2.7676898742E-01  8.0222299053E-01
HessDelSqRho_EigVec2 = -6.4060217915E-01  7.5024587423E-01  1.6358476782E-01
HessDelSqRho_EigVec3 = -5.5658929832E-01 -6.0044155069E-01  5.7417619003E-01
</CP of DelSqRho>
<CP of DelSqRho>
CP# = 26      
Type = (3,-1)
Coords =  1.06848356678755E+00  1.09628893887293E+00  3.40564629183505E+00
DistFromNuc =  1.1885053289E+00
Rho =  2.4299075541E-01
DelSqRho =  7.1933782257E-01
GradDelSqRho =  2.0858315075E-14  1.3183898417E-16 -1.4821477379E-14
HessDelSqRho_EigVals = -1.7028798493E+01 -1.2648770303E+00  3.0314250526E-01
HessDelSqRho_EigVec1 =  8.0536926977E-01 -2.0764726715E-02 -5.9240962638E-01
HessDelSqRho_EigVec2 =  3.0555368742E-01  8.7092723433E-01  3.8486711551E-01
HessDelSqRho_EigVec3 = -5.0795401702E-01  4.9097309358E-01 -7.0776276956E-01
</CP of DelSqRho>
<CP of DelSqRho>
CP# = 27      
Type = (3,-3)
Coords =  2.83642828769278E+00  1.63511581709054E+00  3.25906331870699E+00
DistFromNuc =  1.1617129651E+00
Rho =  2.4678485482E-01
DelSqRho =  8.5770719140E-01
GradDelSqRho = -1.9891970016E-12 -1.4989259833E-12 -9.2103408234E-13
HessDelSqRho_EigVals = -1.7556198259E+01 -2.6863935615E+00 -1.6624353413E-01
HessDelSqRho_EigVec1 =  7.1082669455E-01  4.9906828073E-01  4.9563722771E-01
HessDelSqRho_EigVec2 = -6.4082859346E-01  7.4998928268E-01  1.6387431058E-01
HessDelSqRho_EigVec3 = -2.8993813844E-01 -4.3410474201E-01  8.5292962713E-01
</CP of DelSqRho>
<CP of DelSqRho>
CP# = 28      
Type = (3,-3)
Coords =  1.11044301005990E+00  1.74145750684264E+00  2.50974783206025E+00
DistFromNuc =  1.1450465330E+00
Rho =  2.4728688451E-01
DelSqRho =  8.3098990891E-01
GradDelSqRho =  4.2951753265E-15 -1.3530843113E-15 -2.4980018054E-16
HessDelSqRho_EigVals = -1.7520018790E+01 -1.7547698206E+00 -5.0139913522E-01
HessDelSqRho_EigVec1 =  7.9710793265E-01 -5.7703401262E-01  1.7790641358E-01
HessDelSqRho_EigVec2 =  2.3216166057E-01  5.6484654699E-01  7.9186447181E-01
HessDelSqRho_EigVec3 = -5.5742255701E-01 -5.8989840366E-01  5.8420883791E-01
</CP of DelSqRho>
<CP of DelSqRho>
CP# = 29      
Type = (3,-3)
Coords =  2.47649202802412E+00  1.48647441607765E-01  2.16058794213924E+00
DistFromNuc =  1.1453728329E+00
Rho =  2.4685493176E-01
DelSqRho =  8.2696285607E-01
GradDelSqRho =  2.0469737017E-16 -2.3592239273E-15  3.8510861167E-16
HessDelSqRho_EigVals = -1.7465006395E+01 -1.7583878389E+00 -4.5834168597E-01
HessDelSqRho_EigVec1 = -3.7701777449E-01  7.9279482435E-01  4.7888825857E-01
HessDelSqRho_EigVec2 =  7.5102860719E-01 -4.0914257476E-02  6.5900080024E-01
HessDelSqRho_EigVec3 =  5.4204578119E-01  6.0811379693E-01 -5.7998619042E-01
</CP of DelSqRho>
<CP of DelSqRho>
CP# = 30      
Type = (3,-1)
Coords =  2.08505945320371E+00  2.18340489556630E+00  2.31567922975153E+00
DistFromNuc =  1.1883216752E+00
Rho =  2.4306988528E-01
DelSqRho =  7.2651330557E-01
GradDelSqRho =  1.1505553454E-15  5.0792703377E-15 -1.4224732503E-15
HessDelSqRho_EigVals = -1.7230938228E+01 -1.2666666082E+00  2.9599154486E-01
HessDelSqRho_EigVec1 =  5.7488789926E-02  9.4194503489E-01 -3.3080899364E-01
HessDelSqRho_EigVec2 = -1.9697099870E-01  3.3554535616E-01  9.2120124817E-01
HessDelSqRho_EigVec3 =  9.7872236344E-01  1.2201032822E-02  2.0482595074E-01
</CP of DelSqRho>
<CP of DelSqRho>
CP# = 31      
Type = (3,-1)
Coords =  3.02970908797735E+00  1.08090294592513E+00  2.07288948922895E+00
DistFromNuc =  1.1876036047E+00
Rho =  2.4289646223E-01
DelSqRho =  7.3011277808E-01
GradDelSqRho = -4.5102810375E-16 -2.3071822230E-16 -1.1310397063E-15
HessDelSqRho_EigVals = -1.7313518310E+01 -1.2564977880E+00  2.7944551639E-01
HessDelSqRho_EigVec1 =  8.4546122426E-01  2.2484406413E-02 -5.3356327623E-01
HessDelSqRho_EigVec2 =  4.8229203240E-01 -4.6118337986E-01  7.4478472435E-01
HessDelSqRho_EigVec3 =  2.2932447267E-01  8.8701992177E-01  4.0075671501E-01
</CP of DelSqRho>
<CP of DelSqRho>
CP# = 32      
Type = (3,+1)
Coords =  1.95683544798360E+00  3.00732322715830E+00  3.14427414170415E+00
DistFromNuc =  2.0063014135E+00
Rho =  7.0700214362E-02
DelSqRho =  1.8321201793E-01
GradDelSqRho = -8.3535608986E-15 -1.2033950225E-13 -3.4260788651E-17
HessDelSqRho_EigVals = -1.7618722732E+00  1.5726513214E-02  5.7427022460E-01
HessDelSqRho_EigVec1 =  1.5518240682E-01  9.6219417594E-01 -2.2383205401E-01
HessDelSqRho_EigVec2 =  9.3582840379E-01 -7.0601256504E-02  3.4531241108E-01
HessDelSqRho_EigVec3 = -3.1645476656E-01  2.6305480488E-01  9.1140471271E-01
</CP of DelSqRho>
<CP of DelSqRho>
CP# = 33      
Type = (3,-1)
Coords =  2.37192360048616E+00  2.31772605012563E+00  4.20708131158152E+00
DistFromNuc =  2.0117630165E+00
Rho =  7.2327468096E-02
DelSqRho =  1.9294320423E-01
GradDelSqRho = -1.9775847626E-16  1.5959455979E-16 -1.4571677198E-16
HessDelSqRho_EigVals = -2.3546118576E+00 -2.0822499379E-02  4.5786512376E-01
HessDelSqRho_EigVec1 =  6.2463294071E-01  2.3420325872E-01  7.4497149139E-01
HessDelSqRho_EigVec2 =  5.1134914491E-01  5.9834148330E-01 -6.1685453826E-01
HessDelSqRho_EigVec3 = -5.9021669019E-01  7.6624819933E-01  2.5398416418E-01
</CP of DelSqRho>
<CP of DelSqRho>
CP# = 34      
Type = (3,-1)
Coords =  3.66095962819638E+00 -1.07772479454785E-01  2.55254824882323E+00
DistFromNuc =  2.0231246185E+00
Rho =  7.0889799021E-02
DelSqRho =  1.8423588981E-01
GradDelSqRho = -3.1918911958E-16  6.7892740041E-16  1.0592655225E-16
HessDelSqRho_EigVals = -2.0122233716E+00 -1.0932087880E-02  5.0402977057E-01
HessDelSqRho_EigVec1 = -5.8240762204E-01  6.1666325877E-01  5.2964873933E-01
HessDelSqRho_EigVec2 =  5.0793918394E-01  7.8476736930E-01 -3.5515906505E-01
HessDelSqRho_EigVec3 = -6.3466459425E-01  6.2182001907E-02 -7.7028192984E-01
</CP of DelSqRho>
<CP of DelSqRho>
CP# = 35      
Type = (3,-1)
Coords =  1.16606197510594E+00  2.82101457919455E+00  3.18977967228816E+00
DistFromNuc =  2.0217899895E+00
Rho =  7.1009237974E-02
DelSqRho =  1.8510012197E-01
GradDelSqRho =  6.1495947223E-16 -1.0000680839E-15  5.8330076880E-17
HessDelSqRho_EigVals = -2.0262999153E+00 -1.2952094783E-02  5.0388663571E-01
HessDelSqRho_EigVec1 = -5.9569636340E-01  7.6920929161E-01 -2.3122047559E-01
HessDelSqRho_EigVec2 =  7.7427588429E-01  4.7336067080E-01 -4.2003158256E-01
HessDelSqRho_EigVec3 =  2.1364151665E-01  4.2923972444E-01  8.7755943464E-01
</CP of DelSqRho>
<CP of DelSqRho>
CP# = 36      
Type = (3,+1)
Coords =  3.07259522624375E+00 -4.05693262303351E-01  3.57610138371258E+00
DistFromNuc =  2.0151469430E+00
Rho =  7.0157976504E-02
DelSqRho =  1.7941963777E-01
GradDelSqRho = -4.8969400583E-14  1.0754071245E-13 -3.1951438023E-14
HessDelSqRho_EigVals = -1.7144813073E+00  1.7723544392E-02  5.7319274453E-01
HessDelSqRho_EigVec1 = -8.2464905908E-02  8.8497416674E-01 -4.5827967824E-01
HessDelSqRho_EigVec2 = -1.6395766996E-01  4.4153265648E-01  8.8213762856E-01
HessDelSqRho_EigVec3 =  9.8301445653E-01  1.4788386477E-01  1.0868735338E-01
</CP of DelSqRho>
<CP of DelSqRho>
CP# = 37      
Type = (3,+1)
Coords =  9.84489968771705E-01  2.03793311057122E+00  4.10963267851785E+00
DistFromNuc =  2.0136523808E+00
Rho =  7.0215265066E-02
DelSqRho =  1.7937265386E-01
GradDelSqRho =  2.3071822230E-16  1.8843433758E-16 -4.3368086899E-18
HessDelSqRho_EigVals = -1.7054884951E+00  1.9876706982E-02  5.7697565798E-01
HessDelSqRho_EigVec1 =  7.3883487104E-01 -7.8101848397E-02 -6.6934530297E-01
HessDelSqRho_EigVec2 =  5.8060081199E-01 -4.3044125848E-01  6.9110275655E-01
HessDelSqRho_EigVec3 =  3.4209023728E-01  8.9923324242E-01  2.7267901510E-01
</CP of DelSqRho>
<CP of DelSqRho>
CP# = 38      
Type = (3,+1)
Coords =  3.97333159411317E+00  6.31217904441220E-01  2.62069959055987E+00
DistFromNuc =  2.0087422684E+00
Rho =  7.0553184398E-02
DelSqRho =  1.8262256072E-01
GradDelSqRho =  6.9041994344E-15  4.1280997717E-16 -1.0693702868E-14
HessDelSqRho_EigVals = -1.7614820139E+00  1.4236928909E-02  5.7176221392E-01
HessDelSqRho_EigVec1 =  9.0357710662E-01  6.9729627548E-02 -4.2271289480E-01
HessDelSqRho_EigVec2 =  1.8179921578E-01  8.3102211201E-01  5.2569125396E-01
HessDelSqRho_EigVec3 =  3.8794001796E-01 -5.5185145501E-01  7.3821576390E-01
</CP of DelSqRho>
<Path of -GradDelSqRho>
Starting CP# =      3
Ending CP# =      0
Number of Points =     30
  1.7906072631E+00  1.9599886533E+00  3.3787523580E+00  4.0324553825E-01 -9.0128025112E-01
  1.7861066119E+00  1.9794078706E+00  3.3938400383E+00  3.9258107232E-01 -9.1033539504E-01
  1.7816259603E+00  1.9988245599E+00  3.4089369220E+00  3.8291448457E-01 -9.3727349838E-01
  1.7771655204E+00  2.0182387137E+00  3.4240430488E+00  3.7421439339E-01 -9.8190944535E-01
  1.7727249812E+00  2.0376504006E+00  3.4391582062E+00  3.6644583274E-01 -1.0442512943E+00
  1.7683035365E+00  2.0570597567E+00  3.4542819520E+00  3.5957038876E-01 -1.1244399827E+00
  1.7638999453E+00  2.0764669728E+00  3.4694136512E+00  3.5354620255E-01 -1.2226230910E+00
  1.7595126138E+00  2.0958722780E+00  3.4845525226E+00  3.4832792353E-01 -1.3387370742E+00
  1.7551396875E+00  2.1152759221E+00  3.4996976899E+00  3.4386676378E-01 -1.4721691055E+00
  1.7507791401E+00  2.1346781566E+00  3.5148482315E+00  3.4011089808E-01 -1.6212842271E+00
  1.7464288475E+00  2.1540792172E+00  3.5300032239E+00  3.3700657416E-01 -1.7828562061E+00
  1.7420866318E+00  2.1734793067E+00  3.5451617754E+00  3.3450041877E-01 -1.9515547041E+00
  1.7377502756E+00  2.1928785789E+00  3.5603230501E+00  3.3254348543E-01 -2.1198279135E+00
  1.7334175565E+00  2.2122771191E+00  3.5754863013E+00  3.3109747854E-01 -2.2787487596E+00
  1.7290865784E+00  2.2316749245E+00  3.5906509896E+00  3.3014315876E-01 -2.4205617049E+00
  1.7247574360E+00  2.2510719328E+00  3.6058172216E+00  3.2969005337E-01 -2.5435928653E+00
  1.7204363376E+00  2.2704682867E+00  3.6209865837E+00  3.2978524514E-01 -2.6596579306E+00
  1.7161339751E+00  2.2898647138E+00  3.6361611759E+00  3.3051741173E-01 -2.8030147381E+00
  1.7118508924E+00  2.3092618973E+00  3.6513402555E+00  3.3201099754E-01 -3.0384177209E+00
  1.7075789191E+00  2.3286598469E+00  3.6665214869E+00  3.3440522998E-01 -3.4644136449E+00
  1.7033118997E+00  2.3480583381E+00  3.6817034198E+00  3.3781435368E-01 -4.2073080264E+00
  1.6990468957E+00  2.3674572022E+00  3.6968854425E+00  3.4226958337E-01 -5.4017726631E+00
  1.6947825939E+00  2.3868563430E+00  3.7120673088E+00  3.4764976231E-01 -7.1562814228E+00
  1.6905183738E+00  2.4062557090E+00  3.7272489103E+00  3.5361556878E-01 -9.5060106489E+00
  1.6862539073E+00  2.4256552748E+00  3.7424301874E+00  3.5956929182E-01 -1.2363019899E+01
  1.6819889796E+00  2.4450550327E+00  3.7576110894E+00  3.6466514070E-01 -1.5482297757E+01
  1.6777233831E+00  2.4644549934E+00  3.7727915443E+00  3.6788922107E-01 -1.8467660989E+01
  1.6734567867E+00  2.4838551991E+00  3.7879714051E+00  3.6821063445E-01 -2.0835480280E+01
  1.6691882858E+00  2.5032557961E+00  3.8031502303E+00  3.6477808665E-01 -2.2132063503E+01
  1.6672653701E+00  2.5119864408E+00  3.8099796324E+00  3.6186316390E-01 -2.2280265553E+01
</Path of -GradDelSqRho>
<Path of -GradDelSqRho>
Starting CP# =      3
Ending CP# =     19
Number of Points =     18
  1.7906072631E+00  1.9599886533E+00  3.3787523580E+00  4.0324553825E-01 -9.0128025112E-01
  1.7951265515E+00  1.9405670733E+00  3.3636732921E+00  4.1493536768E-01 -9.1049785324E-01
  1.7996639389E+00  1.9211432119E+00  3.3486026023E+00  4.2767366228E-01 -9.3855478573E-01
  1.8042177825E+00  1.9017173104E+00  3.3335395072E+00  4.4147847502E-01 -9.8613147866E-01
  1.8087860589E+00  1.8822896843E+00  3.3184830077E+00  4.5636202139E-01 -1.0539258915E+00
  1.8133664115E+00  1.8628607218E+00  3.3034319022E+00  4.7232981507E-01 -1.1425249791E+00
  1.8179561766E+00  1.8434308868E+00  3.2883847908E+00  4.8937980786E-01 -1.2522459504E+00
  1.8225523718E+00  1.8240007283E+00  3.2733400599E+00  5.0750163289E-01 -1.3829511662E+00
  1.8271516313E+00  1.8045709008E+00  3.2582958380E+00  5.2667607002E-01 -1.5338429447E+00
  1.8317500686E+00  1.7851421992E+00  3.2432499106E+00  5.4687487049E-01 -1.7032471298E+00
  1.8363430291E+00  1.7657156192E+00  3.2281995720E+00  5.6806109161E-01 -1.8883964772E+00
  1.8409246607E+00  1.7462924573E+00  3.2131413713E+00  5.9019010153E-01 -2.0852258778E+00
  1.8454871475E+00  1.7268744920E+00  3.1980706625E+00  6.1321141560E-01 -2.2881896944E+00
  1.8500192386E+00  1.7074643301E+00  3.1829807455E+00  6.3707151883E-01 -2.4901042953E+00
  1.8545030839E+00  1.6880661615E+00  3.1678610317E+00  6.6171780265E-01 -2.6820012161E+00
  1.8589062008E+00  1.6686877039E+00  3.1526924252E+00  6.8710364016E-01 -2.8529396482E+00
  1.8631549205E+00  1.6493468103E+00  3.1374322645E+00  7.1319396542E-01 -2.9896585187E+00
  1.8632972873E+00  1.6180731920E+00  3.1077588013E+00  7.5865929501E-01 -3.0957704852E+00
</Path of -GradDelSqRho>
<Path of -GradDelSqRho>
Starting CP# =      4
Ending CP# =     16
Number of Points =     35
  2.1220360741E+00  1.1643849952E+00  2.6184976288E+00  2.2578183382E+01  1.2381446054E+03
  2.1385031524E+00  1.1805354575E+00  2.6088540948E+00  1.5650330651E+01  1.1555417164E+03
  2.1549610079E+00  1.1966827631E+00  2.5991895457E+00  1.0954754239E+01  9.8489724981E+02
  2.1714164367E+00  1.2128292414E+00  2.5895194839E+00  7.7819031370E+00  7.7596308317E+02
  2.1878664422E+00  1.2289738630E+00  2.5798371041E+00  5.6462297740E+00  5.7449033707E+02
  2.2043057268E+00  1.2451148022E+00  2.5701304101E+00  4.2096953206E+00  4.0947427399E+02
  2.2207284304E+00  1.2612500245E+00  2.5603862216E+00  3.2409154016E+00  2.8617613047E+02
  2.2371285557E+00  1.2773774233E+00  2.5505911940E+00  2.5845260059E+00  1.9746338867E+02
  2.2535003944E+00  1.2934949582E+00  2.5407328231E+00  2.1368616014E+00  1.3411112719E+02
  2.2698382258E+00  1.3096005426E+00  2.5307988046E+00  1.8284196830E+00  8.8892466347E+01
  2.2861349138E+00  1.3256915345E+00  2.5207739900E+00  1.6122892201E+00  5.6888899747E+01
  2.3023798020E+00  1.3417639434E+00  2.5106359629E+00  1.4567888257E+00  3.4699783277E+01
  2.3185560507E+00  1.3578113639E+00  2.5003497471E+00  1.3407006067E+00  1.9774041006E+01
  2.3346366528E+00  1.3738232786E+00  2.4898603801E+00  1.2500362775E+00  1.0089480456E+01
  2.3505772391E+00  1.3897818132E+00  2.4790803088E+00  1.1757557426E+00  4.0472407387E+00
  2.3663013335E+00  1.4056546767E+00  2.4678654000E+00  1.1121447652E+00  4.3293647619E-01
  2.3816657899E+00  1.4213774288E+00  2.4559639686E+00  1.0556958036E+00 -1.6273892813E+00
  2.3963618180E+00  1.4367983977E+00  2.4428898849E+00  1.0044259442E+00 -2.7293675621E+00
  2.4095271064E+00  1.4514384635E+00  2.4275329559E+00  9.5785159426E-01 -3.2607436503E+00
  2.4175174297E+00  1.4628360129E+00  2.4071356076E+00  9.2048204148E-01 -3.4752428671E+00
  2.4122105726E+00  1.4637695084E+00  2.3832279657E+00  9.0954492732E-01 -3.5746839072E+00
  2.4004524845E+00  1.4586903637E+00  2.3617840272E+00  9.1342986660E-01 -3.6605797428E+00
  2.3874723067E+00  1.4523498650E+00  2.3413829167E+00  9.1905810365E-01 -3.7417630147E+00
  2.3739559910E+00  1.4454411543E+00  2.3215203899E+00  9.2441028177E-01 -3.8179594161E+00
  2.3599917368E+00  1.4380469902E+00  2.3021484751E+00  9.2923096842E-01 -3.8887327786E+00
  2.3456023164E+00  1.4301803778E+00  2.2832803443E+00  9.3347618538E-01 -3.9536889941E+00
  2.3308045855E+00  1.4218473548E+00  2.2649355065E+00  9.3712766735E-01 -4.0124885947E+00
  2.3156153789E+00  1.4130532266E+00  2.2471339277E+00  9.4017408228E-01 -4.0648522166E+00
  2.3000520856E+00  1.4038030536E+00  2.2298955197E+00  9.4260954107E-01 -4.1105645639E+00
  2.2841328046E+00  1.3941016569E+00  2.2132400870E+00  9.4443348214E-01 -4.1494771602E+00
  2.2678764831E+00  1.3839535780E+00  2.1971872991E+00  9.4565058329E-01 -4.1815098702E+00
  2.2513030627E+00  1.3733630201E+00  2.1817566582E+00  9.4627061716E-01 -4.2066511837E+00
  2.2344336297E+00  1.3623337794E+00  2.1669674654E+00  9.4630824968E-01 -4.2249572886E+00
  2.2172905517E+00  1.3508691938E+00  2.1528387893E+00  9.4578278458E-01 -4.2365499912E+00
  2.1946332555E+00  1.3353185790E+00  2.1354891097E+00  9.4429711819E-01 -4.2418942943E+00
</Path of -GradDelSqRho>
<Path of -GradDelSqRho>
Starting CP# =      4
Ending CP# =      1
Number of Points =      7
  2.1220360741E+00  1.1643849952E+00  2.6184976288E+00  2.2578183382E+01  1.2381446054E+03
  2.1055490548E+00  1.1482277273E+00  2.6280955782E+00  3.2833916764E+01  9.8361231950E+02
  2.0890453327E+00  1.1320647875E+00  2.6376552051E+00  4.8120182265E+01 -8.1177799555E+02
  2.0725342850E+00  1.1158993695E+00  2.6471979800E+00  7.0829451339E+01 -6.4391848590E+03
  2.0560178671E+00  1.0997321387E+00  2.6567283814E+00  1.0454423171E+02 -2.0824018193E+04
  2.0394926590E+00  1.0835619461E+00  2.6662384995E+00  1.5512322303E+02 -7.5953748326E+04
  2.0109078163E+00  1.0556001760E+00  2.6826484975E+00  2.9718870170E+02 -3.3279241062E+06
</Path of -GradDelSqRho>
<Path of -GradDelSqRho>
Starting CP# =      6
Ending CP# =     14
Number of Points =     36
  1.9493364345E+00  9.7346691328E-01  2.8160807937E+00  2.2550912843E+01  1.2352642593E+03
  1.9401145841E+00  9.6121846902E-01  2.8358275137E+00  1.5633223160E+01  1.1530800606E+03
  1.9308779603E+00  9.4896033550E-01  2.8555613156E+00  1.0943628654E+01  9.8290899621E+02
  1.9216374678E+00  9.3669966939E-01  2.8752917327E+00  7.7741683496E+00  7.7440614391E+02
  1.9123881971E+00  9.2443325430E-01  2.8950144613E+00  5.6402358854E+00  5.7337716708E+02
  1.9031216041E+00  9.1215549760E-01  2.9147219943E+00  4.2044176970E+00  4.0876426898E+02
  1.8938283182E+00  8.9986027917E-01  2.9344060553E+00  3.2357576207E+00  2.8578463250E+02
  1.8844988667E+00  8.8754143328E-01  2.9540582070E+00  2.5791748484E+00  1.9730253300E+02
  1.8751243969E+00  8.7519322631E-01  2.9736704648E+00  2.1311830712E+00  1.3410956075E+02
  1.8656962254E+00  8.6281006753E-01  2.9932348797E+00  1.8223890169E+00  8.8996753844E+01
  1.8562036868E+00  8.5038511842E-01  3.0127415815E+00  1.6059450942E+00  5.7059220993E+01
  1.8466310233E+00  8.3790830223E-01  3.0321758720E+00  1.4502031416E+00  3.4906274257E+01
  1.8369537004E+00  8.2536398900E-01  3.0515146126E+00  1.3339582222E+00  1.9994787349E+01
  1.8271332963E+00  8.1272785532E-01  3.0707209243E+00  1.2432213987E+00  1.0309325577E+01
  1.8171089316E+00  7.9996173852E-01  3.0897347837E+00  1.1689427758E+00  4.2566714057E+00
  1.8067811899E+00  7.8700426642E-01  3.1084541445E+00  1.1053913505E+00  6.2684655393E-01
  1.7959786041E+00  7.7375218488E-01  3.1266918329E+00  1.0490338605E+00 -1.4509232561E+00
  1.7843763488E+00  7.6001837412E-01  3.1440563557E+00  9.9783701392E-01 -2.5700686200E+00
  1.7712546687E+00  7.4542766244E-01  3.1595069477E+00  9.5114686625E-01 -3.1164947537E+00
  1.7548518095E+00  7.2942809467E-01  3.1688774496E+00  9.1242023165E-01 -3.3399898098E+00
  1.7363114840E+00  7.1542085306E-01  3.1614157020E+00  8.9888992187E-01 -3.4370186721E+00
  1.7203490324E+00  7.0565920414E-01  3.1448782104E+00  9.0213903725E-01 -3.5183743354E+00
  1.7053909997E+00  6.9711939586E-01  3.1267615588E+00  9.0748960661E-01 -3.5955420253E+00
  1.6909082199E+00  6.8913665107E-01  3.1080141533E+00  9.1262793423E-01 -3.6683460021E+00
  1.6768501266E+00  6.8163893412E-01  3.0887502212E+00  9.1727722736E-01 -3.7363973027E+00
  1.6632269668E+00  6.7462456694E-01  3.0689979235E+00  9.2139338849E-01 -3.7993410629E+00
  1.6500553231E+00  6.6809841954E-01  3.0487775839E+00  9.2495905174E-01 -3.8568687814E+00
  1.6373525631E+00  6.6206547968E-01  3.0281090528E+00  9.2796347012E-01 -3.9087231020E+00
  1.6251364137E+00  6.5653027337E-01  3.0070123358E+00  9.3040094522E-01 -3.9547012587E+00
  1.6134249632E+00  6.5149676573E-01  2.9855076954E+00  9.3227070567E-01 -3.9946574972E+00
  1.6022366812E+00  6.4696829842E-01  2.9636157192E+00  9.3357682040E-01 -4.0285044596E+00
  1.5915904196E+00  6.4294754939E-01  2.9413573869E+00  9.3432805951E-01 -4.0562135290E+00
  1.5815053671E+00  6.3943654467E-01  2.9187541454E+00  9.3453770218E-01 -4.0778141566E+00
  1.5720008941E+00  6.3643679449E-01  2.8958280102E+00  9.3422329507E-01 -4.0933922209E+00
  1.5630961148E+00  6.3394975548E-01  2.8726017349E+00  9.3340636521E-01 -4.1030874927E+00
  1.5530151498E+00  6.3160391949E-01  2.8437308993E+00  9.3175486848E-01 -4.1072297978E+00
</Path of -GradDelSqRho>
<Path of -GradDelSqRho>
Starting CP# =      6
Ending CP# =      1
Number of Points =      7
  1.9493364345E+00  9.7346691328E-01  2.8160807937E+00  2.2550912843E+01  1.2352642593E+03
  1.9585258674E+00  9.8569407413E-01  2.7963057936E+00  3.2789526411E+01  9.8266712167E+02
  1.9676878982E+00  9.9790322636E-01  2.7765069621E+00  4.8047851535E+01 -8.0163198181E+02
  1.9768378595E+00  1.0101044410E+00  2.7566976572E+00  7.0714055474E+01 -6.4071091384E+03
  1.9859790420E+00  1.0222998798E+00  2.7368807448E+00  1.0435974340E+02 -2.0704054603E+04
  1.9951057698E+00  1.0344858049E+00  2.7170513209E+00  1.5483589649E+02 -7.5550356926E+04
  2.0109078163E+00  1.0556001760E+00  2.6826484975E+00  2.9718870170E+02 -3.3279241062E+06
</Path of -GradDelSqRho>
<Path of -GradDelSqRho>
Starting CP# =     12
Ending CP# =     20
Number of Points =     20
  2.2286882969E+00  5.4432521445E-01  3.0873660335E+00  7.8906646101E-01 -2.5850747215E+00
  2.2499594524E+00  5.4860668206E-01  3.0841642523E+00  7.8565206797E-01 -2.5879092112E+00
  2.2739821932E+00  5.5408544183E-01  3.0799426670E+00  7.8209666504E-01 -2.5978503636E+00
  2.2977375783E+00  5.6019617154E-01  3.0751186306E+00  7.7888873204E-01 -2.6145200014E+00
  2.3211936677E+00  5.6693223369E-01  3.0696994215E+00  7.7601312909E-01 -2.6373566708E+00
  2.3443183949E+00  5.7428657136E-01  3.0636918591E+00  7.7345130711E-01 -2.6656771914E+00
  2.3670792983E+00  5.8225186711E-01  3.0571021120E+00  7.7118195887E-01 -2.6986854758E+00
  2.3894431985E+00  5.9082064984E-01  3.0499354982E+00  7.6918174699E-01 -2.7354848004E+00
  2.4113758227E+00  5.9998534214E-01  3.0421962841E+00  7.6742611463E-01 -2.7750934693E+00
  2.4328413775E+00  6.0973822951E-01  3.0338874757E+00  7.6589018190E-01 -2.8164636755E+00
  2.4538020789E+00  6.2007132227E-01  3.0250105993E+00  7.6454972388E-01 -2.8585032400E+00
  2.4742176526E+00  6.3097606504E-01  3.0155654604E+00  7.6338221390E-01 -2.9000998081E+00
  2.4940448369E+00  6.4244282323E-01  3.0055498629E+00  7.6236789515E-01 -2.9401469879E+00
  2.5132369464E+00  6.5446003665E-01  2.9949592547E+00  7.6149081190E-01 -2.9775718371E+00
  2.5317435896E+00  6.6701286812E-01  2.9837862189E+00  7.6073968716E-01 -3.0113630161E+00
  2.5495106829E+00  6.8008106588E-01  2.9720196304E+00  7.6010847814E-01 -3.0405988174E+00
  2.5664809296E+00  6.9363553576E-01  2.9596430353E+00  7.5959638917E-01 -3.0644741606E+00
