 AIMInt (Version 19.02.13, Professional)
 Portions Copyright (c) 1997-2019 by Todd A. Keith
 AIMInt is a component of the AIMAll package ( http://aim.tkgristmill.com )

 TP:  64-bit Linux

 Licensed To:  Research Group of Fernando Cortes Guzman, UNAM, fercor@unam.mx

 AIMInt is a heavily modified and extended version of the PROAIMV program
 developed by members of R.F.W. Bader's research group

 Much of the Quantum Theory of Atoms in Molecules (QTAIM) is described in the book:
   "Atoms in Molecules - A Quantum Theory"
   R.F.W. Bader, Oxford University Press, Oxford, 1990

 For additional references see:  http://aim.tkgristmill.com/references.html

 Current Directory:  /home/scratch/M_H2O_4_tetraedrico/Opt

 Inp File:  V3_tetraedrico_cc-pvtz-def2-tzv_2_atomicfiles/o8.inp
 Wfx File:  V3_tetraedrico_cc-pvtz-def2-tzv_2.wfx
 Out File:  V3_tetraedrico_cc-pvtz-def2-tzv_2_atomicfiles/o8.int

 Wfx Title:   V3_tetraedrico_cc-pvtz-def2-tzv_2                                             
 Job Title:   V3_tetraedrico_cc-pvtz-def2-tzv_2                                             
 
<Atom>
O8      
</Atom>
<Nuclei of Molecule>
    13
V1        23.0           9.6159815467E-06   2.3393319961E-05   1.7764325519E-05
O2         8.0           2.0476220410E+00  -1.0266125420E+00  -2.6660208275E+00
H3         1.0           3.6231980236E+00  -2.0935713291E-01  -3.2951673111E+00
O4         8.0          -2.0144316725E+00  -2.6887671097E+00   1.0329223587E+00
H5         1.0          -1.6837359757E+00  -3.8191414991E+00   2.5010866473E+00
O6         8.0           2.0109076840E+00   1.0556001109E+00   2.6826482838E+00
H7         1.0           1.6657898862E+00   2.5187769510E+00   3.8152994454E+00
O8         8.0          -2.0440588327E+00   2.6598727172E+00  -1.0494799672E+00
H9         1.0          -3.6328036347E+00   3.2812861892E+00  -2.5207703083E-01
H10        1.0           1.7337953102E+00  -2.4964058246E+00  -3.7991719161E+00
H11        1.0          -1.7154169567E+00   3.7968791397E+00  -2.5130655628E+00
H12        1.0           3.5937536817E+00   2.6130836326E-01   3.3227979624E+00
H13        1.0          -3.5851152607E+00  -3.3346296445E+00   2.1933040311E-01
</Nuclei of Molecule>
<Total Number of CPs of DelSqRho>
    37
</Total Number of CPs of DelSqRho>
<Number of (3,+3) CPs of DelSqRho>
     5
</Number of (3,+3) CPs of DelSqRho>
<Number of (3,+1) CPs of DelSqRho>
    14
</Number of (3,+1) CPs of DelSqRho>
<Number of (3,-1) CPs of DelSqRho>
    12
</Number of (3,-1) CPs of DelSqRho>
<Number of (3,-3) CPs of DelSqRho>
     6
</Number of (3,-3) CPs of DelSqRho>
<Number of Degenerate CPs of DelSqRho>
     0
</Number of Degenerate CPs of DelSqRho>
<CP of DelSqRho>
CP# = 1       
Type = (3,+3)
Coords = -2.04405896781380E+00  2.65987292921290E+00 -1.04948003208450E+00
DistFromNuc =  2.5966787700E-07
Rho =  2.9718868878E+02
DelSqRho = -3.3279239205E+06
GradDelSqRho =  1.6510005139E-05 -2.6917386208E-05  9.4862811579E-06
HessDelSqRho_EigVals =  1.3234328757E+11  1.3234330733E+11  1.3234331337E+11
HessDelSqRho_EigVec1 =  5.2416753142E-01  6.1790795494E-01  5.8603597008E-01
HessDelSqRho_EigVec2 =  5.7135209904E-01 -7.6545001122E-01  2.9604570465E-01
HessDelSqRho_EigVec3 = -6.3151023580E-01 -1.7965533542E-01  7.5426704988E-01
</CP of DelSqRho>
<CP of DelSqRho>
CP# = 2       
Type = (3,-1)
Coords = -1.12778800439527E+00  1.52926713055097E+00 -7.22781966972185E-01
DistFromNuc =  1.4914934819E+00
Rho =  1.5528361039E-01
DelSqRho =  3.7228408641E-01
GradDelSqRho =  6.8188510394E-13 -8.7196916354E-13  3.6459724129E-13
HessDelSqRho_EigVals = -4.6108190524E-01 -1.8354829168E-01  4.5534775188E+00
HessDelSqRho_EigVec1 =  4.7443417625E-01  6.1811453783E-01  6.2677478454E-01
HessDelSqRho_EigVec2 =  6.7337167863E-01  2.0377597214E-01 -7.1066583961E-01
HessDelSqRho_EigVec3 = -5.6699452803E-01  7.5921655099E-01 -3.1954253845E-01
</CP of DelSqRho>
<CP of DelSqRho>
CP# = 3       
Type = (3,+1)
Coords = -3.02382849934495E+00  3.03864965385912E+00 -5.51151916846278E-01
DistFromNuc =  1.1626484478E+00
Rho =  4.0309973856E-01
DelSqRho = -9.0105019294E-01
GradDelSqRho = -7.5439654523E-14  2.2412627310E-14  4.4061976290E-14
HessDelSqRho_EigVals = -2.9126847285E+01  1.3828970884E+01  1.4535649111E+01
HessDelSqRho_EigVec1 =  8.4406495989E-01 -3.3218740478E-01 -4.2095827773E-01
HessDelSqRho_EigVec2 =  5.3367125826E-01  5.9713039225E-01  5.9885748118E-01
HessDelSqRho_EigVec3 = -5.2434068993E-02  7.3012794958E-01 -6.8129571087E-01
</CP of DelSqRho>
<CP of DelSqRho>
CP# = 4       
Type = (3,+1)
Coords = -1.83388490271272E+00  3.35873688195904E+00 -1.95414142063050E+00
DistFromNuc =  1.1623237703E+00
Rho =  4.0324885813E-01
DelSqRho = -9.0127415178E-01
GradDelSqRho =  1.3045120539E-15  3.7470027081E-16  3.5388358910E-16
HessDelSqRho_EigVals = -2.9212519615E+01  1.3858365117E+01  1.4570654451E+01
HessDelSqRho_EigVec1 = -1.7162885140E-01 -6.0561896841E-01  7.7702586988E-01
HessDelSqRho_EigVec2 =  5.4693953562E-01  5.9743609961E-01  5.8645311087E-01
HessDelSqRho_EigVec3 =  8.1939043303E-01 -5.2563844226E-01 -2.2869968579E-01
</CP of DelSqRho>
<CP of DelSqRho>
CP# = 5       
Type = (3,-3)
Coords = -2.04105473230292E+00  2.54130568947601E+00 -9.31557390690978E-01
DistFromNuc =  1.6725100517E-01
Rho =  2.2652176931E+01
DelSqRho =  1.2903343855E+03
GradDelSqRho =  6.2883032115E-13 -1.3653078668E-11  8.8355989192E-12
HessDelSqRho_EigVals = -4.4390474321E+05 -3.2195559202E+03 -4.3584778796E+02
HessDelSqRho_EigVec1 = -2.0042025664E-02  7.1001868466E-01 -7.0389756686E-01
HessDelSqRho_EigVec2 =  5.2526304491E-01  6.0652661062E-01  5.9684520963E-01
HessDelSqRho_EigVec3 =  8.5070385614E-01 -3.5776939227E-01 -3.8510259815E-01
</CP of DelSqRho>
<CP of DelSqRho>
CP# = 6       
Type = (3,+1)
Coords = -2.15463766792621E+00  2.59445161236612E+00 -1.15806914529475E+00
DistFromNuc =  1.6822368843E-01
Rho =  2.2578048102E+01
DelSqRho =  1.2381255859E+03
GradDelSqRho =  6.3238303483E-13 -1.5978329770E-12 -3.0198066270E-12
HessDelSqRho_EigVals = -4.1549677297E+05  2.0878624457E+03  2.9791136339E+03
HessDelSqRho_EigVec1 =  6.5573779860E-01  3.9243724570E-01  6.4498135452E-01
HessDelSqRho_EigVec2 = -4.1016954819E-01  9.0239857479E-01 -1.3205208808E-01
HessDelSqRho_EigVec3 = -6.3385241281E-01 -1.7796016524E-01  7.5270266265E-01
</CP of DelSqRho>
<CP of DelSqRho>
CP# = 7       
Type = (3,+1)
Coords = -1.98388281871582E+00  2.79399007225968E+00 -9.67429482735293E-01
DistFromNuc =  1.6834755597E-01
Rho =  2.2551065494E+01
DelSqRho =  1.2352760837E+03
GradDelSqRho =  4.8672177400E-12  8.1037399013E-12  3.9115377604E-12
HessDelSqRho_EigVals = -4.1260354424E+05  2.2036297891E+03  3.0780127179E+03
HessDelSqRho_EigVec1 =  3.6002448142E-01  7.9448589274E-01  4.8905474030E-01
HessDelSqRho_EigVec2 =  6.8536473346E-01 -5.8089110003E-01  4.3913632512E-01
HessDelSqRho_EigVec3 = -6.3297516137E-01 -1.7708104400E-01  7.5364762917E-01
</CP of DelSqRho>
<CP of DelSqRho>
CP# = 8       
Type = (3,-1)
Coords = -2.14293223527395E+00  2.78547991666292E+00 -1.10322018107976E+00
DistFromNuc =  1.6864497884E-01
Rho =  2.2367636045E+01
DelSqRho =  1.2543097869E+03
GradDelSqRho =  1.7696066834E-11 -1.3658407738E-11  5.5671023347E-12
HessDelSqRho_EigVals = -4.0987222303E+05 -1.6767918504E+03  1.2249319422E+03
HessDelSqRho_EigVec1 = -5.8652568291E-01  7.4450072912E-01 -3.1891423240E-01
HessDelSqRho_EigVec2 =  5.0411168319E-01  6.4375769006E-01  5.7571472742E-01
HessDelSqRho_EigVec3 =  6.3392352391E-01  1.7690308317E-01 -7.5289193448E-01
</CP of DelSqRho>
<CP of DelSqRho>
CP# = 9       
Type = (3,-3)
Coords = -1.90449679948974E+00  2.57854344373347E+00 -1.09284737849840E+00
DistFromNuc =  1.6725054317E-01
Rho =  2.2652666184E+01
DelSqRho =  1.2902743450E+03
GradDelSqRho =  1.4614087718E-11 -1.0356160374E-11 -1.5048406965E-11
HessDelSqRho_EigVals = -4.4390069483E+05 -3.2152114100E+03 -4.2402986932E+02
HessDelSqRho_EigVec1 =  8.3397339730E-01 -4.8806575303E-01 -2.5744939955E-01
HessDelSqRho_EigVec2 =  5.3683052952E-01  6.0967153700E-01  5.8319259216E-01
HessDelSqRho_EigVec3 = -1.2767676053E-01 -6.2457380484E-01  7.7045843958E-01
</CP of DelSqRho>
<CP of DelSqRho>
CP# = 10      
Type = (3,-1)
Coords = -1.47246848852933E+00  2.56963488453697E+00 -1.46721269052135E+00
DistFromNuc =  7.1369392326E-01
Rho =  6.8281135977E-01
DelSqRho = -1.0892681144E+00
GradDelSqRho = -1.2545520178E-13 -1.1399214905E-13 -8.9650509238E-14
HessDelSqRho_EigVals = -1.5357766458E+01 -1.1639134780E+01  1.4588980989E+02
HessDelSqRho_EigVec1 = -2.6155688288E-01  7.8384213355E-01 -5.6318691985E-01
HessDelSqRho_EigVec2 =  5.3155212011E-01  6.0402125333E-01  5.9381029726E-01
HessDelSqRho_EigVec3 =  8.0563039952E-01 -1.4404803089E-01 -5.7463886413E-01
</CP of DelSqRho>
<CP of DelSqRho>
CP# = 11      
Type = (3,-1)
Coords = -2.31771715578338E+00  2.34149125240783E+00 -4.72023773272724E-01
DistFromNuc =  7.1394067738E-01
Rho =  6.8178531673E-01
DelSqRho = -1.0895330253E+00
GradDelSqRho = -1.6597834218E-14 -1.0880185641E-14  3.3528735344E-14
HessDelSqRho_EigVals = -1.5325772440E+01 -1.1409043585E+01  1.4565478496E+02
HessDelSqRho_EigVec1 =  7.5981338579E-01 -6.4970652467E-01 -2.3770792518E-02
HessDelSqRho_EigVec2 =  5.3554660165E-01  6.0473950960E-01  5.8947431072E-01
HessDelSqRho_EigVec3 = -3.6861016839E-01 -4.6062083901E-01  8.0743729566E-01
</CP of DelSqRho>
<CP of DelSqRho>
CP# = 12      
Type = (3,+1)
Coords = -2.26568271777998E+00  3.06182191343917E+00 -5.37670187119656E-01
DistFromNuc =  6.8748058433E-01
Rho =  7.8907138568E-01
DelSqRho = -2.5853044434E+00
GradDelSqRho = -2.0650148258E-14  3.7303493627E-14  5.7176485768E-14
HessDelSqRho_EigVals = -1.1916756736E+01  1.2912437292E+01  1.9184093165E+02
HessDelSqRho_EigVec1 =  9.7225180707E-01  1.4668272207E-01  1.8223776417E-01
HessDelSqRho_EigVec2 = -8.7592014020E-04  7.8128139622E-01 -6.2417835006E-01
HessDelSqRho_EigVec3 = -2.3393515428E-01  6.0669890305E-01  7.5973073166E-01
</CP of DelSqRho>
<CP of DelSqRho>
CP# = 13      
Type = (3,-1)
Coords = -2.45094052748996E+00  3.21234169383236E+00 -1.26895835680523E+00
DistFromNuc =  7.2037868321E-01
Rho =  6.7751321474E-01
DelSqRho = -1.1032913782E+00
GradDelSqRho = -6.3282712404E-15  4.5519144010E-15  1.2212453271E-15
HessDelSqRho_EigVals = -1.8964670399E+01 -5.3878717138E+00  1.3849959666E+02
HessDelSqRho_EigVec1 =  6.3704021665E-01  1.7086506209E-01 -7.5165476978E-01
HessDelSqRho_EigVec2 =  5.2356128921E-01  6.1976811482E-01  5.8461188860E-01
HessDelSqRho_EigVec3 = -5.6574140631E-01  7.6595862447E-01 -3.0535888195E-01
</CP of DelSqRho>
<CP of DelSqRho>
CP# = 14      
Type = (3,+3)
Coords = -1.58730910529851E+00  2.82633929343132E+00 -6.26366618935047E-01
DistFromNuc =  6.4448145046E-01
Rho =  9.3183652150E-01
DelSqRho = -4.1079781885E+00
GradDelSqRho =  2.6645352591E-14  2.4757973449E-14  1.5765166950E-14
HessDelSqRho_EigVals =  8.6471625197E+00  2.0067250513E+01  3.0622294260E+02
HessDelSqRho_EigVec1 = -3.2481302674E-01  9.4369469693E-01 -6.2744056676E-02
HessDelSqRho_EigVec2 = -6.3634431252E-01 -1.6898198156E-01  7.5266925394E-01
HessDelSqRho_EigVec3 =  6.9968736846E-01  2.8440360212E-01  6.5540230204E-01
</CP of DelSqRho>
<CP of DelSqRho>
CP# = 15      
Type = (3,+1)
Coords = -1.68269716059035E+00  3.21764574300038E+00 -1.22650917892976E+00
DistFromNuc =  6.8777347158E-01
Rho =  7.8870938706E-01
DelSqRho = -2.5855306103E+00
GradDelSqRho =  2.7755575616E-17 -1.7347234760E-14 -4.9960036108E-15
HessDelSqRho_EigVals = -1.1946872253E+01  1.2933191359E+01  1.9148400384E+02
HessDelSqRho_EigVec1 =  3.2859974942E-01 -2.6919095646E-02  9.4408557185E-01
HessDelSqRho_EigVec2 =  7.6634751259E-01 -5.7664687711E-01 -2.8317815781E-01
HessDelSqRho_EigVec3 =  5.5202689664E-01  8.1654990136E-01 -1.6885663733E-01
</CP of DelSqRho>
<CP of DelSqRho>
CP# = 16      
Type = (3,+1)
Coords = -2.12673767186090E+00  2.70639157407286E+00 -1.73095998081650E+00
DistFromNuc =  6.8805145406E-01
Rho =  7.8856587887E-01
DelSqRho = -2.5936662536E+00
GradDelSqRho = -1.3211653993E-14  1.5543122345E-15 -1.6875389974E-14
HessDelSqRho_EigVals = -1.2284298960E+01  1.3292592359E+01  1.9176954664E+02
HessDelSqRho_EigVec1 =  4.2839379214E-01  8.9953000510E-01 -8.5583460921E-02
HessDelSqRho_EigVec2 =  8.8803471508E-01 -4.3662528147E-01 -1.4405800356E-01
HessDelSqRho_EigVec3 =  1.6695239939E-01  1.4287529903E-02  9.8586143186E-01
</CP of DelSqRho>
<CP of DelSqRho>
CP# = 17      
Type = (3,+3)
Coords = -2.22192479694046E+00  2.11066355814459E+00 -1.32899213586897E+00
DistFromNuc =  6.4140007329E-01
Rho =  9.4426041359E-01
DelSqRho = -4.2415197257E+00
GradDelSqRho = -1.8263168755E-14 -9.5479180118E-14 -3.0753177782E-14
HessDelSqRho_EigVals =  9.9305305146E+00  2.1106497772E+01  3.1981958466E+02
HessDelSqRho_EigVec1 =  7.1010696211E-01 -5.0758976118E-01  4.8795567084E-01
HessDelSqRho_EigVec2 = -6.3908967941E-01 -1.7381998466E-01  7.4923360483E-01
HessDelSqRho_EigVec3 =  2.9548685932E-01  8.4388343228E-01  4.4782615901E-01
</CP of DelSqRho>
<CP of DelSqRho>
CP# = 18      
Type = (3,+1)
Coords = -2.72215878155613E+00  2.54568880936717E+00 -1.03179055854986E+00
DistFromNuc =  6.8787384063E-01
Rho =  7.8841325932E-01
DelSqRho = -2.5881899720E+00
GradDelSqRho = -3.2973623831E-14 -9.5201624362E-15 -1.0214051827E-14
HessDelSqRho_EigVals = -1.2292308277E+01  1.3248142877E+01  1.9191557160E+02
HessDelSqRho_EigVec1 = -2.0057292208E-01  7.2778621743E-01  6.5581836254E-01
HessDelSqRho_EigVec2 =  1.2202281646E-01 -6.4565014576E-01  7.5382114692E-01
HessDelSqRho_EigVec3 =  9.7204986250E-01  2.3122091385E-01  4.0693412344E-02
</CP of DelSqRho>
<CP of DelSqRho>
CP# = 19      
Type = (3,+1)
Coords = -1.66375999775374E+00  2.14265623351104E+00 -8.45357329187996E-01
DistFromNuc =  6.7365135358E-01
Rho =  8.4225376952E-01
DelSqRho = -3.3389399916E+00
GradDelSqRho =  3.1086244690E-15 -2.9531932455E-14 -1.6542323067E-14
HessDelSqRho_EigVals = -5.7701967724E+00  1.8135473858E+01  2.2873441346E+02
HessDelSqRho_EigVec1 =  5.2541416644E-01  6.1544380642E-01  5.8751074445E-01
HessDelSqRho_EigVec2 =  6.3741268406E-01  1.7267382150E-01 -7.5092531024E-01
HessDelSqRho_EigVec3 = -5.6360005669E-01  7.6903359648E-01 -3.0156641655E-01
</CP of DelSqRho>
<CP of DelSqRho>
CP# = 20      
Type = (3,+3)
Coords = -2.64920470229638E+00  2.88636803162530E+00 -7.31362126173576E-01
DistFromNuc =  7.2020872791E-01
Rho =  7.5881579098E-01
DelSqRho = -3.0981502323E+00
GradDelSqRho = -3.7081449022E-14  1.8596235662E-15  1.5959455979E-14
HessDelSqRho_EigVals =  1.1183880667E+01  2.2795184967E+01  1.4330753548E+02
HessDelSqRho_EigVec1 =  5.3606122351E-01  6.0999774067E-01  5.8355901246E-01
HessDelSqRho_EigVec2 =  9.3656320087E-02 -7.2998095911E-01  6.7702015704E-01
HessDelSqRho_EigVec3 =  8.3896773380E-01 -3.0827026406E-01 -4.4844462973E-01
</CP of DelSqRho>
<CP of DelSqRho>
CP# = 21      
Type = (3,+3)
Coords = -1.90263834387965E+00  3.08679712539474E+00 -1.61217764011693E+00
DistFromNuc =  7.2034219374E-01
Rho =  7.5864236395E-01
DelSqRho = -3.0955682355E+00
GradDelSqRho =  1.5210055437E-14  8.8817841970E-15 -2.0428103653E-14
HessDelSqRho_EigVals =  1.1152705020E+01  2.2775042586E+01  1.4324696558E+02
HessDelSqRho_EigVec1 =  5.2612656671E-01  6.0840190750E-01  5.9416997126E-01
HessDelSqRho_EigVec2 =  8.2545912374E-01 -5.3335377751E-01 -1.8479984589E-01
HessDelSqRho_EigVec3 = -2.0447021991E-01 -5.8769113228E-01  7.8282249725E-01
</CP of DelSqRho>
<CP of DelSqRho>
CP# = 22      
Type = (3,-3)
Coords = -2.41979524956865E+00  3.75817785069520E+00 -1.11800583047678E+00
DistFromNuc =  1.1628189090E+00
Rho =  2.4701787435E-01
DelSqRho =  8.5508946472E-01
GradDelSqRho =  2.5153490402E-15 -1.2947976025E-14 -6.0281640790E-16
HessDelSqRho_EigVals = -1.7490586588E+01 -2.7790492944E+00 -1.3658976304E-01
HessDelSqRho_EigVec1 = -3.2332407514E-01  9.4443667553E-01 -5.9168474259E-02
HessDelSqRho_EigVec2 = -6.3687548411E-01 -1.7093318435E-01  7.5177886658E-01
HessDelSqRho_EigVec3 =  6.9989367777E-01  2.8075115744E-01  6.5675537868E-01
</CP of DelSqRho>
<CP of DelSqRho>
CP# = 23      
Type = (3,+1)
Coords = -1.25757852272405E+00  1.81173730373385E+00 -5.62911448212045E-01
DistFromNuc =  1.2548441661E+00
Rho =  2.4300632526E-01
DelSqRho =  4.1940642220E-01
GradDelSqRho = -1.9428902931E-16  1.2143064332E-16 -1.0356299152E-15
HessDelSqRho_EigVals = -8.3109424328E+00  2.0190848194E-01  7.9938601490E-01
HessDelSqRho_EigVec1 = -6.3305162660E-01  6.5862828085E-01 -4.0676089503E-01
HessDelSqRho_EigVec2 =  4.3604469899E-01  7.3755795389E-01  5.1562901891E-01
HessDelSqRho_EigVec3 =  6.3961758774E-01  1.4905385710E-01 -7.5410363289E-01
</CP of DelSqRho>
<CP of DelSqRho>
CP# = 24      
Type = (3,-3)
Coords = -1.14306749773241E+00  2.49774103958646E+00 -1.73728852731810E+00
DistFromNuc =  1.1450557549E+00
Rho =  2.4728600299E-01
DelSqRho =  8.3093866214E-01
GradDelSqRho = -9.7144514655E-17 -1.8388068845E-16 -2.1510571102E-15
HessDelSqRho_EigVals = -1.7519068460E+01 -1.7545710319E+00 -5.0117323390E-01
HessDelSqRho_EigVec1 =  7.9792891831E-01 -1.6837743367E-01 -5.7875597721E-01
HessDelSqRho_EigVec2 =  2.4263482819E-01 -7.8923062218E-01  5.6413062775E-01
HessDelSqRho_EigVec3 =  5.5175880733E-01  5.9056249868E-01  5.8889570697E-01
</CP of DelSqRho>
<CP of DelSqRho>
CP# = 25      
Type = (3,-3)
Coords = -2.87755819206881E+00  3.22638366603104E+00 -1.62736678682612E+00
DistFromNuc =  1.1617267379E+00
Rho =  2.4678837551E-01
DelSqRho =  8.5768475216E-01
GradDelSqRho =  4.5760617517E-13 -2.0450308114E-13  3.4018447781E-13
HessDelSqRho_EigVals = -1.7555894025E+01 -2.6864760214E+00 -1.6639943938E-01
HessDelSqRho_EigVec1 =  7.1768151207E-01 -4.8710512121E-01  4.9765635546E-01
HessDelSqRho_EigVec2 = -6.3736223327E-01 -1.7157138790E-01  7.5122076812E-01
HessDelSqRho_EigVec3 =  2.8053989170E-01  8.5632462288E-01  4.3359602098E-01
</CP of DelSqRho>
<CP of DelSqRho>
CP# = 26      
Type = (3,-1)
Coords = -1.11020763956067E+00  3.39379541917162E+00 -1.09200816844196E+00
DistFromNuc =  1.1884987301E+00
Rho =  2.4299007563E-01
DelSqRho =  7.1936643855E-01
GradDelSqRho =  4.3715031595E-16 -1.0616507673E-15  8.0664641633E-16
HessDelSqRho_EigVals = -1.7029408763E+01 -1.2646330662E+00  3.0300930831E-01
HessDelSqRho_EigVec1 =  7.9837732537E-01  6.0174229006E-01 -2.2357608938E-02
HessDelSqRho_EigVec2 = -3.1191079996E-01  3.8150548280E-01 -8.7015241163E-01
HessDelSqRho_EigVec3 = -5.1507795449E-01  7.0168353475E-01  4.9227524603E-01
</CP of DelSqRho>
<CP of DelSqRho>
CP# = 27      
Type = (3,-1)
Coords = -2.67030505406364E+00  3.58598293616068E+00 -1.36949669779812E+00
DistFromNuc =  1.1628736713E+00
Rho =  2.4966131433E-01
DelSqRho =  8.5184244658E-01
GradDelSqRho =  1.9984014443E-15 -3.4625080580E-15  1.0998146838E-15
HessDelSqRho_EigVals = -1.6732472896E+01 -3.8653565505E+00  9.6395350194E-02
HessDelSqRho_EigVec1 = -5.3920257460E-01  7.9573552406E-01 -2.7579985369E-01
HessDelSqRho_EigVec2 = -6.3713346916E-01 -1.7126908569E-01  7.5148376081E-01
HessDelSqRho_EigVec3 = -5.5074633546E-01 -5.8092329617E-01 -5.9933846693E-01
</CP of DelSqRho>
<CP of DelSqRho>
CP# = 28      
Type = (3,-3)
Coords = -2.50167483780614E+00  2.13222436794181E+00 -1.41713929890373E-01
DistFromNuc =  1.1453664772E+00
Rho =  2.4685012596E-01
DelSqRho =  8.2697759393E-01
GradDelSqRho =  2.8832942978E-12  4.5966841444E-12 -5.3236512421E-12
HessDelSqRho_EigVals = -1.7465775762E+01 -1.7577954003E+00 -4.5841201526E-01
HessDelSqRho_EigVec1 = -3.6979100214E-01 -4.8343286593E-01  7.9344015456E-01
HessDelSqRho_EigVec2 =  7.5863399113E-01 -6.5012647731E-01 -4.2544459231E-02
HessDelSqRho_EigVec3 = -5.3640384249E-01 -5.8619811296E-01 -6.0715952609E-01
</CP of DelSqRho>
<CP of DelSqRho>
CP# = 29      
Type = (3,-1)
Coords = -2.11619861216137E+00  2.29234330841934E+00 -2.17723541093643E+00
DistFromNuc =  1.1883241792E+00
Rho =  2.4307375928E-01
DelSqRho =  7.2650196983E-01
GradDelSqRho = -2.2464669014E-16 -4.8572257327E-16  1.5959455979E-16
HessDelSqRho_EigVals = -1.7230646336E+01 -1.2669700562E+00  2.9598930588E-01
HessDelSqRho_EigVec1 =  5.5523798015E-02  3.3122265520E-01  9.4191754445E-01
HessDelSqRho_EigVec2 =  1.8542811810E-01  9.2354094813E-01 -3.3569112313E-01
HessDelSqRho_EigVec3 =  9.8108792719E-01 -1.9329684379E-01  1.0139492563E-02
</CP of DelSqRho>
<CP of DelSqRho>
CP# = 30      
Type = (3,-1)
Coords = -3.05571000499050E+00  2.03824018152510E+00 -1.07296069584372E+00
DistFromNuc =  1.1876095522E+00
Rho =  2.4289776014E-01
DelSqRho =  7.3007872986E-01
GradDelSqRho =  2.3752527722E-13  4.1913694737E-13 -2.7223275717E-13
HessDelSqRho_EigVals = -1.7312705026E+01 -1.2567662568E+00  2.7957450091E-01
HessDelSqRho_EigVec1 =  8.3920098550E-01  5.4341653569E-01  2.0980340410E-02
HessDelSqRho_EigVec2 = -4.9008344823E-01  7.3899024829E-01  4.6228954855E-01
HessDelSqRho_EigVec3 =  2.3571151799E-01 -3.9823596230E-01  8.8648079428E-01
</CP of DelSqRho>
<CP of DelSqRho>
CP# = 31      
Type = (3,-1)
Coords = -2.06666288878896E+00  3.13630918534969E+00  3.83455206133561E-02
DistFromNuc =  1.1877992017E+00
Rho =  2.4291358821E-01
DelSqRho =  7.2320348025E-01
GradDelSqRho = -5.6205040622E-16 -1.5994150449E-15 -3.2612801348E-15
HessDelSqRho_EigVals = -1.7116304192E+01 -1.2615212696E+00  2.8350675005E-01
HessDelSqRho_EigVec1 = -1.4376964933E-04  3.8660666598E-01  9.2224468833E-01
HessDelSqRho_EigVec2 =  9.7555729153E-01 -2.0260461839E-01  8.5084308481E-02
HessDelSqRho_EigVec3 =  2.1974519397E-01  8.9971476281E-01 -3.7712782356E-01
</CP of DelSqRho>
<CP of DelSqRho>
CP# = 32      
Type = (3,+1)
Coords = -1.99852931801966E+00  3.12221819512456E+00 -3.00128642159488E+00
DistFromNuc =  2.0063361416E+00
Rho =  7.0700474830E-02
DelSqRho =  1.8320554674E-01
GradDelSqRho = -1.9255430583E-16 -8.9555099447E-17  1.5820678101E-15
HessDelSqRho_EigVals = -1.7617785394E+00  1.5679489739E-02  5.7422941873E-01
HessDelSqRho_EigVec1 =  1.5358931973E-01  2.2571730764E-01  9.6200936477E-01
HessDelSqRho_EigVec2 =  9.4010881908E-01 -3.3320250675E-01 -7.1913126634E-02
HessDelSqRho_EigVec3 =  3.0431189453E-01  9.1543857605E-01 -2.6337517787E-01
</CP of DelSqRho>
<CP of DelSqRho>
CP# = 33      
Type = (3,-1)
Coords = -3.68968303396035E+00  2.51066367361863E+00  1.17921188355460E-01
DistFromNuc =  2.0231578803E+00
Rho =  7.0887571268E-02
DelSqRho =  1.8422896373E-01
GradDelSqRho =  1.5041353579E-14  8.7915785763E-15 -1.0966054453E-14
HessDelSqRho_EigVals = -2.0123922770E+00 -1.0928830452E-02  5.0395136291E-01
HessDelSqRho_EigVec1 = -5.7439519952E-01 -5.3616408857E-01  6.1854524887E-01
HessDelSqRho_EigVec2 =  5.0544339591E-01  3.6207402949E-01  7.8321732022E-01
HessDelSqRho_EigVec3 = -6.4389217133E-01  7.6251588003E-01  6.3027013282E-02
</CP of DelSqRho>
<CP of DelSqRho>
CP# = 34      
Type = (3,+1)
Coords = -3.11339994887058E+00  3.54050239118782E+00  4.14006499021469E-01
DistFromNuc =  2.0151406111E+00
Rho =  7.0157146313E-02
DelSqRho =  1.7942519423E-01
GradDelSqRho =  3.3295848717E-15  2.0400348077E-15 -2.4329496751E-15
HessDelSqRho_EigVals = -1.7145989425E+00  1.7715632676E-02  5.7316020205E-01
HessDelSqRho_EigVec1 = -8.6136591607E-02  4.5708501211E-01  8.8524221504E-01
HessDelSqRho_EigVec2 =  1.5279557075E-01  8.8409352240E-01 -4.4162445269E-01
HessDelSqRho_EigVec3 =  9.8449682638E-01 -9.7221064374E-02  1.4599336799E-01
</CP of DelSqRho>
<CP of DelSqRho>
CP# = 35      
Type = (3,-1)
Coords = -1.20963759478968E+00  3.17699822626618E+00 -2.81698430831413E+00
DistFromNuc =  2.0218182881E+00
Rho =  7.1007907383E-02
DelSqRho =  1.8507747087E-01
GradDelSqRho = -1.8210259689E-15 -1.5460722980E-16  1.6965595595E-15
HessDelSqRho_EigVals = -2.0255974765E+00 -1.2895964840E-02  5.0400767486E-01
HessDelSqRho_EigVec1 = -5.9607925602E-01  2.2420536462E-01  7.7098733779E-01
HessDelSqRho_EigVec2 =  7.7087554991E-01  4.2839011660E-01  4.7141573430E-01
HessDelSqRho_EigVec3 = -2.2458941893E-01  8.7533642817E-01 -4.2818889573E-01
</CP of DelSqRho>
<CP of DelSqRho>
CP# = 36      
Type = (3,+1)
Coords = -1.03579545747218E+00  4.09814820022233E+00 -2.03418188111722E+00
DistFromNuc =  2.0136705933E+00
Rho =  7.0216587453E-02
DelSqRho =  1.7937577311E-01
GradDelSqRho = -2.4459601011E-16 -4.5796699766E-16 -1.0321604682E-16
HessDelSqRho_EigVals = -1.7056870591E+00  1.9823854254E-02  5.7690954906E-01
HessDelSqRho_EigVec1 =  7.3149388477E-01  6.7713987903E-01 -7.9989254139E-02
HessDelSqRho_EigVec2 = -5.8648192511E-01  6.8467661777E-01  4.3273188073E-01
HessDelSqRho_EigVec3 =  3.4778678535E-01 -2.6962847274E-01  8.9796705876E-01
</CP of DelSqRho>
<CP of DelSqRho>
CP# = 37      
Type = (3,+1)
Coords = -4.00480390372606E+00  2.57475414285481E+00 -6.21255160750854E-01
DistFromNuc =  2.0087665096E+00
Rho =  7.0551384705E-02
DelSqRho =  1.8261080012E-01
GradDelSqRho =  4.1737446832E-15  1.0954778751E-15 -4.9222778631E-16
HessDelSqRho_EigVals = -1.7613486632E+00  1.4252400340E-02  5.7175825035E-01
HessDelSqRho_EigVec1 =  8.9867227935E-01  4.3332459880E-01  6.7955326503E-02
HessDelSqRho_EigVec2 =  1.8960643961E-01 -5.2349252507E-01  8.3066538043E-01
HessDelSqRho_EigVec3 = -3.9552184818E-01  7.3361118330E-01  5.5260935510E-01
</CP of DelSqRho>
<Path of -GradDelSqRho>
Starting CP# =      3
Ending CP# =     20
Number of Points =     18
 -3.0238284993E+00  3.0386496539E+00 -5.5115191685E-01  4.0309973856E-01 -9.0105019294E-01
 -3.0027281684E+00  3.0303513949E+00 -5.6168353096E-01  4.1477590840E-01 -9.1024184750E-01
 -2.9816303939E+00  3.0220658494E+00 -5.7223026589E-01  4.2749992996E-01 -9.3822425600E-01
 -2.9605349533E+00  3.0137918797E+00 -5.8279074828E-01  4.4128998988E-01 -9.8568380048E-01
 -2.9394415797E+00  3.0055280443E+00 -5.9336328800E-01  4.5615846468E-01 -1.0533258143E+00
 -2.9183499703E+00  2.9972726259E+00 -6.0394591847E-01  4.7211105427E-01 -1.1417462487E+00
 -2.8972597924E+00  2.9890236444E+00 -6.1453641859E-01  4.8914591924E-01 -1.2512731602E+00
 -2.8761706849E+00  2.9807788418E+00 -6.2513230329E-01  5.0725292044E-01 -1.3817818395E+00
 -2.8550822537E+00  2.9725356284E+00 -6.3573077022E-01  5.2641307984E-01 -1.5324898214E+00
 -2.8339940585E+00  2.9642909732E+00 -6.4632858538E-01  5.4659839931E-01 -1.7017406128E+00
 -2.8129055883E+00  2.9560412108E+00 -6.5692187737E-01  5.6777218825E-01 -1.8867871812E+00
 -2.7918162167E+00  2.9477817090E+00 -6.6750578071E-01  5.8989005984E-01 -2.0835872365E+00
 -2.7707251238E+00  2.9395062797E+00 -6.7807379879E-01  6.1290175760E-01 -2.2866206372E+00
 -2.7496311475E+00  2.9312060548E+00 -6.8861658154E-01  6.3675396734E-01 -2.4887321449E+00
 -2.7285324716E+00  2.9228670871E+00 -6.9911929958E-01  6.6139424475E-01 -2.6809852562E+00
 -2.7074258700E+00  2.9144643120E+00 -7.0955498433E-01  6.8677609283E-01 -2.8524763775E+00
 -2.6863044063E+00  2.9059418606E+00 -7.1986257205E-01  7.1286461899E-01 -2.9899904707E+00
 -2.6492047023E+00  2.8863680316E+00 -7.3136212617E-01  7.5881579098E-01 -3.0981502323E+00
</Path of -GradDelSqRho>
<Path of -GradDelSqRho>
Starting CP# =      3
Ending CP# =      0
Number of Points =     30
 -3.0238284993E+00  3.0386496539E+00 -5.5115191685E-01  4.0309973856E-01 -9.0105019294E-01
 -3.0449314604E+00  3.0469609626E+00 -5.4063587463E-01  3.9244821389E-01 -9.1007803818E-01
 -3.0660372492E+00  3.0552862072E+00 -5.3013654428E-01  3.8279377441E-01 -9.3693216996E-01
 -3.0871459060E+00  3.0636254530E+00 -5.1965410421E-01  3.7410499455E-01 -9.8142541191E-01
 -3.1082574007E+00  3.0719783917E+00 -5.0918829476E-01  3.6634689547E-01 -1.0435655112E+00
 -3.1293716356E+00  3.0803443716E+00 -4.9873844166E-01  3.5948108120E-01 -1.1234956383E+00
 -3.1504884515E+00  3.0887224492E+00 -4.8830350642E-01  3.5346573977E-01 -1.2213695529E+00
 -3.1716076361E+00  3.0971114572E+00 -4.7788215509E-01  3.4825559246E-01 -1.3371360148E+00
 -3.1927289332E+00  3.1055100798E+00 -4.6747283568E-01  3.4380194003E-01 -1.4702035387E+00
 -3.2138520505E+00  3.1139169264E+00 -4.5707385332E-01  3.4005304811E-01 -1.6189705487E+00
 -3.2349766636E+00  3.1223305970E+00 -4.4668343168E-01  3.3695523332E-01 -1.7802575748E+00
 -3.2561024137E+00  3.1307497322E+00 -4.3629975030E-01  3.3445513312E-01 -1.9487907162E+00
 -3.2772288980E+00  3.1391730498E+00 -4.2592095566E-01  3.3250370468E-01 -2.1170705427E+00
 -3.2983556609E+00  3.1475993942E+00 -4.1554518546E-01  3.3106239255E-01 -2.2761892425E+00
 -3.3194822494E+00  3.1560279179E+00 -4.0517083016E-01  3.3011148361E-01 -2.4183306197E+00
 -3.3406086007E+00  3.1644587632E+00 -3.9479787842E-01  3.2965979789E-01 -2.5416208591E+00
 -3.3617361875E+00  3.1728944159E+00 -3.8443135411E-01  3.2975352349E-01 -2.6574817555E+00
 -3.3828680411E+00  3.1813383372E+00 -3.7408027109E-01  3.3048040502E-01 -2.7995627860E+00
 -3.4040049300E+00  3.1897895410E+00 -3.6374542401E-01  3.3196419087E-01 -3.0318444248E+00
 -3.4251450232E+00  3.1982443187E+00 -3.5342005775E-01  3.3434404109E-01 -3.4520800529E+00
 -3.4462867145E+00  3.2067003044E+00 -3.4309895352E-01  3.3773521277E-01 -4.1860127574E+00
 -3.4674291806E+00  3.2151564900E+00 -3.3277960014E-01  3.4217140998E-01 -5.3683135761E+00
 -3.4885720351E+00  3.2236124684E+00 -3.2246087288E-01  3.4753562246E-01 -7.1083640580E+00
 -3.5097150900E+00  3.2320680610E+00 -3.1214224007E-01  3.5349411276E-01 -9.4433987951E+00
 -3.5308582469E+00  3.2405231714E+00 -3.0182342125E-01  3.5945542799E-01 -1.2288638991E+01
 -3.5520014483E+00  3.2489777217E+00 -2.9150423445E-01  3.6457938506E-01 -1.5402804457E+01
 -3.5731446521E+00  3.2574316049E+00 -2.8118450624E-01  3.6785537978E-01 -1.8392932392E+01
 -3.5942878112E+00  3.2658846064E+00 -2.7086396416E-01  3.6825196584E-01 -2.0776738890E+01
 -3.6154308211E+00  3.2743360928E+00 -2.6054187568E-01  3.6491273276E-01 -2.2098969064E+01
 -3.6249449561E+00  3.2781376568E+00 -2.5589517329E-01  3.6204339613E-01 -2.2260750232E+01
</Path of -GradDelSqRho>
<Path of -GradDelSqRho>
Starting CP# =      4
Ending CP# =     21
Number of Points =     18
 -1.8338849027E+00  3.3587368820E+00 -1.9541414206E+00  4.0324885813E-01 -9.0127415178E-01
 -1.8381848480E+00  3.3436005481E+00 -1.9347145879E+00  4.1493843755E-01 -9.1049183562E-01
 -1.8425030093E+00  3.3284723917E+00 -1.9152854258E+00  4.2767648044E-01 -9.3854893862E-01
 -1.8468377323E+00  3.3133516480E+00 -1.8958541814E+00  4.4148103709E-01 -9.8612575903E-01
 -1.8511869795E+00  3.2982373385E+00 -1.8764211765E+00  4.5636432013E-01 -1.0539200921E+00
 -1.8555483773E+00  3.2831282859E+00 -1.8569868067E+00  4.7233184026E-01 -1.1425186897E+00
 -1.8599192427E+00  3.2680231180E+00 -1.8375515441E+00  4.8938154628E-01 -1.2522385129E+00
 -1.8642965707E+00  3.2529202520E+00 -1.8181159470E+00  5.0750306842E-01 -1.3829416267E+00
 -1.8686769698E+00  3.2378178512E+00 -1.7986806803E+00  5.2667718386E-01 -1.5338300046E+00
 -1.8730565231E+00  3.2227137410E+00 -1.7792465514E+00  5.4687564157E-01 -1.7032290997E+00
 -1.8774305386E+00  3.2076052628E+00 -1.7598145708E+00  5.6806149720E-01 -1.8883712357E+00
 -1.8817931166E+00  3.1924890247E+00 -1.7403860550E+00  5.9019011810E-01 -2.0851908401E+00
 -1.8861363765E+00  3.1773604577E+00 -1.7209628090E+00  6.1321101985E-01 -2.2881417899E+00
 -1.8904489731E+00  3.1622129713E+00 -1.7015474802E+00  6.3707068890E-01 -2.4900399533E+00
 -1.8947129055E+00  3.1470361473E+00 -1.6821443244E+00  6.6171651912E-01 -2.6819163504E+00
 -1.8988954143E+00  3.1318111943E+00 -1.6627611849E+00  6.8710188556E-01 -2.8528296239E+00
 -1.9029221986E+00  3.1164961297E+00 -1.6434162099E+00  7.1319171597E-01 -2.9895180797E+00
 -1.9026383439E+00  3.0867971254E+00 -1.6121776401E+00  7.5864236395E-01 -3.0955682355E+00
</Path of -GradDelSqRho>
<Path of -GradDelSqRho>
Starting CP# =      4
Ending CP# =      0
Number of Points =     30
 -1.8338849027E+00  3.3587368820E+00 -1.9541414206E+00  4.0324885813E-01 -9.0127415178E-01
 -1.8296037151E+00  3.3738816270E+00 -1.9735658405E+00  3.9258464303E-01 -9.1032940961E-01
 -1.8253426565E+00  3.3890353588E+00 -1.9929876775E+00  3.8291830917E-01 -9.3726791166E-01
 -1.8211019400E+00  3.4041981158E+00 -2.0124069227E+00  3.7421847697E-01 -9.8190462064E-01
 -1.8168812521E+00  3.4193696900E+00 -2.0318236446E+00  3.6645018216E-01 -1.0442476690E+00
 -1.8126797807E+00  3.4345496488E+00 -2.0512379809E+00  3.5957501238E-01 -1.1244380695E+00
 -1.8084962765E+00  3.4497373716E+00 -2.0706501251E+00  3.5355111000E-01 -1.2226234836E+00
 -1.8043291348E+00  3.4649320947E+00 -2.0900603104E+00  3.4833312540E-01 -1.3387404558E+00
 -1.8001764889E+00  3.4801329621E+00 -2.1094687917E+00  3.4387227133E-01 -1.4721762575E+00
 -1.7960362998E+00  3.4953390737E+00 -2.1288758263E+00  3.4011672290E-01 -1.6212960306E+00
 -1.7919064299E+00  3.5105495280E+00 -2.1482816565E+00  3.3701272779E-01 -1.7828736259E+00
 -1.7877846887E+00  3.5257634551E+00 -2.1676864926E+00  3.3450691231E-01 -1.9515787373E+00
 -1.7836688465E+00  3.5409800402E+00 -2.1870904968E+00  3.3255032906E-01 -2.1198594790E+00
 -1.7795566697E+00  3.5561985561E+00 -2.2064937639E+00  3.3110468114E-01 -2.2787885117E+00
 -1.7754462541E+00  3.5714184783E+00 -2.2258963012E+00  3.3015072772E-01 -2.4206097745E+00
 -1.7713376957E+00  3.5866399103E+00 -2.2452980473E+00  3.2969799464E-01 -2.5436485811E+00
 -1.7672372279E+00  3.6018643897E+00 -2.2646991136E+00  3.2979356393E-01 -2.6597196456E+00
 -1.7631555781E+00  3.6170939456E+00 -2.2841001631E+00  3.3052611390E-01 -2.8030799591E+00
 -1.7590932819E+00  3.6323278479E+00 -2.3035018627E+00  3.3202009166E-01 -3.0384837721E+00
 -1.7550421321E+00  3.6475638294E+00 -2.3229042607E+00  3.3441473006E-01 -3.4644790370E+00
 -1.7509959497E+00  3.6628004849E+00 -2.3423071661E+00  3.3782428197E-01 -4.2073745261E+00
 -1.7469517853E+00  3.6780372226E+00 -2.3617104276E+00  3.4227997219E-01 -5.4018477782E+00
 -1.7429083217E+00  3.6932738048E+00 -2.3811139573E+00  3.4766065358E-01 -7.1563806652E+00
 -1.7388649365E+00  3.7085101267E+00 -2.4005177078E+00  3.5362700987E-01 -9.5061585898E+00
 -1.7348213004E+00  3.7237461308E+00 -2.4199216555E+00  3.5958132693E-01 -1.2363248805E+01
 -1.7307771979E+00  3.7389817678E+00 -2.4393257942E+00  3.6467779788E-01 -1.5482642767E+01
 -1.7267324203E+00  3.7542169676E+00 -2.4587301355E+00  3.6790249667E-01 -1.8468151707E+01
 -1.7226866345E+00  3.7694515866E+00 -2.4781347226E+00  3.6822447872E-01 -2.0836130400E+01
 -1.7186389299E+00  3.7846851932E+00 -2.4975397043E+00  3.6479239521E-01 -2.2132861980E+01
 -1.7168153580E+00  3.7915392710E+00 -2.5062723270E+00  3.6187763281E-01 -2.2281119691E+01
</Path of -GradDelSqRho>
<Path of -GradDelSqRho>
Starting CP# =      6
Ending CP# =      1
Number of Points =      7
 -2.1546376679E+00  2.5944516124E+00 -1.1580691453E+00  2.2578048102E+01  1.2381255859E+03
 -2.1382331490E+00  2.6042379928E+00 -1.1419409631E+00  3.2833683067E+01  9.8360422666E+02
 -2.1218114734E+00  2.6139862493E+00 -1.1258071477E+00  4.8119789691E+01 -8.1172394520E+02
 -2.1053822726E+00  2.6237177409E+00 -1.1096708711E+00  7.0828815828E+01 -6.4390081279E+03
 -2.0889475554E+00  2.6334369232E+00 -1.0935327942E+00  1.0454320919E+02 -2.0823351370E+04
 -2.0725038079E+00  2.6431359271E+00 -1.0773917759E+00  1.5512162742E+02 -7.5951510438E+04
 -2.0440589678E+00  2.6598729292E+00 -1.0494800321E+00  2.9718868878E+02 -3.3279239205E+06
</Path of -GradDelSqRho>
<Path of -GradDelSqRho>
Starting CP# =      6
Ending CP# =     17
Number of Points =     35
 -2.1546376679E+00  2.5944516124E+00 -1.1580691453E+00  2.2578048102E+01  1.2381255859E+03
 -2.1710217063E+00  2.5846198857E+00 -1.1741905684E+00  1.5650254656E+01  1.1555251498E+03
 -2.1873962738E+00  2.5747672556E+00 -1.1903088566E+00  1.0954713815E+01  9.8488358681E+02
 -2.2037683493E+00  2.5649091423E+00 -1.2064263235E+00  7.7818834674E+00  7.7595211356E+02
 -2.2201348556E+00  2.5550387759E+00 -1.2225419465E+00  5.6462213539E+00  5.7448208905E+02
 -2.2364903529E+00  2.5451442232E+00 -1.2386539123E+00  4.2096921750E+00  4.0946846238E+02
 -2.2528288247E+00  2.5352123744E+00 -1.2547602004E+00  3.2409139645E+00  2.8617223460E+02
 -2.2691441156E+00  2.5252299562E+00 -1.2708587183E+00  2.5845242950E+00  1.9746089076E+02
 -2.2854303689E+00  2.5151845331E+00 -1.2869474391E+00  2.1368586334E+00  1.3410962117E+02
 -2.3016817175E+00  2.5050638692E+00 -1.3030242902E+00  1.8284150868E+00  8.8891658539E+01
 -2.3178908451E+00  2.4948529015E+00 -1.3190866465E+00  1.6122829921E+00  5.6888576557E+01
 -2.3340468285E+00  2.4845293411E+00 -1.3351305431E+00  1.4567811712E+00  3.4699784492E+01
 -2.3501324111E+00  2.4740584133E+00 -1.3511496149E+00  1.3406918358E+00  1.9774245400E+01
 -2.3661199307E+00  2.4633854786E+00 -1.3671334093E+00  1.2500267350E+00  1.0089798639E+01
 -2.3819639723E+00  2.4524235143E+00 -1.3830641576E+00  1.1757457608E+00  4.0476100965E+00
 -2.3975863349E+00  2.4410293014E+00 -1.3989097509E+00  1.1121346311E+00  4.3331602034E-01
 -2.4128408506E+00  2.4289528660E+00 -1.4146060883E+00  1.0556857286E+00 -1.6270241606E+00
 -2.4274128628E+00  2.4157117692E+00 -1.4300022276E+00  1.0044160012E+00 -2.7290296793E+00
 -2.4404265272E+00  2.4002060982E+00 -1.4446210869E+00  9.5784141662E-01 -3.2604367589E+00
 -2.4482023964E+00  2.3797208068E+00 -1.4560095910E+00  9.2046848540E-01 -3.4749574988E+00
 -2.4426218683E+00  2.3558764883E+00 -1.4569608434E+00  9.0952467276E-01 -3.5743940493E+00
 -2.4306056947E+00  2.3345695847E+00 -1.4519091588E+00  9.1340748320E-01 -3.6602797260E+00
 -2.4173769913E+00  2.3143196340E+00 -1.4455978094E+00  9.1903450337E-01 -3.7414532133E+00
 -2.4036173824E+00  2.2946143687E+00 -1.4387190941E+00  9.2438554856E-01 -3.8176403849E+00
 -2.3894146599E+00  2.2754047873E+00 -1.4313556843E+00  9.2920509753E-01 -3.8884051166E+00
 -2.3747917411E+00  2.2567038039E+00 -1.4235205813E+00  9.3344916868E-01 -3.9533533392E+00
 -2.3597656804E+00  2.2385307409E+00 -1.4152198300E+00  9.3709950233E-01 -4.0121456205E+00
 -2.3443535114E+00  2.2209053791E+00 -1.4064587476E+00  9.4014477323E-01 -4.0645026293E+00
 -2.3285728151E+00  2.2038474402E+00 -1.3972424111E+00  9.4257909948E-01 -4.1102090984E+00
 -2.3124418752E+00  2.1873765321E+00 -1.3875756635E+00  9.4440192699E-01 -4.1491165753E+00
 -2.2959798152E+00  2.1715121191E+00 -1.3774630732E+00  9.4561794111E-01 -4.1811449435E+00
 -2.2792067434E+00  2.1562734888E+00 -1.3669088762E+00  9.4623692208E-01 -4.2062827054E+00
 -2.2621439036E+00  2.1416797153E+00 -1.3559169055E+00  9.4627354325E-01 -4.2245860549E+00
 -2.2448138133E+00  2.1277496255E+00 -1.3444905362E+00  9.4574711553E-01 -4.2361767970E+00
 -2.2219247969E+00  2.1106635581E+00 -1.3289921359E+00  9.4426041359E-01 -4.2415197257E+00
</Path of -GradDelSqRho>
<Path of -GradDelSqRho>
Starting CP# =      7
Ending CP# =     14
Number of Points =     36
 -1.9838828187E+00  2.7939900723E+00 -9.6742948274E-01  2.2551065494E+01  1.2352760837E+03
 -1.9748672183E+00  2.8138394436E+00 -9.5519341844E-01  1.5633326384E+01  1.1530898705E+03
 -1.9658366711E+00  2.8336760607E+00 -9.4294769133E-01  1.0943703246E+01  9.8291665094E+02
 -1.9568022097E+00  2.8535093360E+00 -9.3069943863E-01  7.7742270657E+00  7.7441188113E+02
 -1.9477588678E+00  2.8733350208E+00 -9.1844545317E-01  5.6402867623E+00  5.7338088672E+02
 -1.9386980010E+00  2.8931457032E+00 -9.0618015803E-01  4.2044656422E+00  4.0876612527E+02
 -1.9296101286E+00  2.9129332116E+00 -8.9389745035E-01  3.2358053925E+00  2.8578501386E+02
 -1.9204856659E+00  2.9326892140E+00 -8.8159118191E-01  2.5792237787E+00  1.9730186353E+02
 -1.9113156542E+00  2.9524058246E+00 -8.6925563550E-01  2.1312335906E+00  1.3410819806E+02
 -1.9020913049E+00  2.9720751911E+00 -8.5688523654E-01  1.8224410148E+00  8.8994974526E+01
 -1.8928018221E+00  2.9916875619E+00 -8.4447316635E-01  1.6059981607E+00  5.7057234644E+01
 -1.8834312538E+00  3.0112284138E+00 -8.3200937752E-01  1.4502567295E+00  3.4904236536E+01
 -1.8739547602E+00  3.0306748804E+00 -8.1947828570E-01  1.3340117567E+00  1.9992807756E+01
 -1.8643334334E+00  3.0499905082E+00 -8.0685563891E-01  1.2432743483E+00  1.0307473630E+01
 -1.8545056053E+00  3.0691159454E+00 -7.9410338756E-01  1.1689946985E+00  4.2549838427E+00
 -1.8443705227E+00  3.0879502358E+00 -7.8116034395E-01  1.1054419287E+00  6.2533554849E-01
 -1.8337542789E+00  3.1063080669E+00 -7.6792357187E-01  1.0490829512E+00 -1.4522622005E+00
 -1.8223269870E+00  3.1238014011E+00 -7.5420655700E-01  9.9788480308E-01 -2.5712506100E+00
 -1.8093556599E+00  3.1393967867E+00 -7.3963552979E-01  9.5119465131E-01 -3.1175436031E+00
