 AIMInt (Version 19.02.13, Professional)
 Portions Copyright (c) 1997-2019 by Todd A. Keith
 AIMInt is a component of the AIMAll package ( http://aim.tkgristmill.com )

 TP:  64-bit Linux

 Licensed To:  Research Group of Fernando Cortes Guzman, UNAM, fercor@unam.mx

 AIMInt is a heavily modified and extended version of the PROAIMV program
 developed by members of R.F.W. Bader's research group

 Much of the Quantum Theory of Atoms in Molecules (QTAIM) is described in the book:
   "Atoms in Molecules - A Quantum Theory"
   R.F.W. Bader, Oxford University Press, Oxford, 1990

 For additional references see:  http://aim.tkgristmill.com/references.html

 Current Directory:  /home/scratch/M_H2O_4_tetraedrico/Opt

 Inp File:  V3_tetraedrico_cc-pvtz-def2-tzv_2_atomicfiles/v1.inp
 Wfx File:  V3_tetraedrico_cc-pvtz-def2-tzv_2.wfx
 Out File:  V3_tetraedrico_cc-pvtz-def2-tzv_2_atomicfiles/v1.int

 Wfx Title:   V3_tetraedrico_cc-pvtz-def2-tzv_2                                             
 Job Title:   V3_tetraedrico_cc-pvtz-def2-tzv_2                                             
 
<Atom>
V1      
</Atom>
<Nuclei of Molecule>
    13
V1        23.0           9.6159815467E-06   2.3393319961E-05   1.7764325519E-05
O2         8.0           2.0476220410E+00  -1.0266125420E+00  -2.6660208275E+00
H3         1.0           3.6231980236E+00  -2.0935713291E-01  -3.2951673111E+00
O4         8.0          -2.0144316725E+00  -2.6887671097E+00   1.0329223587E+00
H5         1.0          -1.6837359757E+00  -3.8191414991E+00   2.5010866473E+00
O6         8.0           2.0109076840E+00   1.0556001109E+00   2.6826482838E+00
H7         1.0           1.6657898862E+00   2.5187769510E+00   3.8152994454E+00
O8         8.0          -2.0440588327E+00   2.6598727172E+00  -1.0494799672E+00
H9         1.0          -3.6328036347E+00   3.2812861892E+00  -2.5207703083E-01
H10        1.0           1.7337953102E+00  -2.4964058246E+00  -3.7991719161E+00
H11        1.0          -1.7154169567E+00   3.7968791397E+00  -2.5130655628E+00
H12        1.0           3.5937536817E+00   2.6130836326E-01   3.3227979624E+00
H13        1.0          -3.5851152607E+00  -3.3346296445E+00   2.1933040311E-01
</Nuclei of Molecule>
<Total Number of CPs of DelSqRho>
    90
</Total Number of CPs of DelSqRho>
<Number of (3,+3) CPs of DelSqRho>
     9
</Number of (3,+3) CPs of DelSqRho>
<Number of (3,+1) CPs of DelSqRho>
    28
</Number of (3,+1) CPs of DelSqRho>
<Number of (3,-1) CPs of DelSqRho>
    37
</Number of (3,-1) CPs of DelSqRho>
<Number of (3,-3) CPs of DelSqRho>
    16
</Number of (3,-3) CPs of DelSqRho>
<Number of Degenerate CPs of DelSqRho>
     0
</Number of Degenerate CPs of DelSqRho>
<CP of DelSqRho>
CP# = 1       
Type = (3,+3)
Coords =  9.61598154207441E-06  2.33933199727715E-05  1.77643254950543E-05
DistFromNuc =  2.6621117327E-14
Rho =  8.1171048808E+03
DelSqRho = -3.9062843330E+09
GradDelSqRho =  5.5111467248E-06  2.5976843290E-05 -1.9546459384E-05
HessDelSqRho_EigVals =  3.0758950750E+16  3.0758950750E+16  3.0758950750E+16
HessDelSqRho_EigVec1 =  7.1019267818E-03 -1.2649442711E-01  9.9194189474E-01
HessDelSqRho_EigVec2 = -6.8364132999E-02  9.8958460546E-01  1.2668328203E-01
HessDelSqRho_EigVec3 =  9.9763515774E-01  6.8712943013E-02  1.6197244260E-03
</CP of DelSqRho>
<CP of DelSqRho>
CP# = 2       
Type = (3,-1)
Coords = -5.81251594911146E-02 -4.27385956552521E-04 -2.19703418457433E-04
DistFromNuc =  5.8137008111E-02
Rho =  6.1901861093E+02
DelSqRho =  3.2034484012E+05
GradDelSqRho =  7.7932327258E-11 -3.7175595935E-11  5.4569682106E-12
HessDelSqRho_EigVals = -1.1799902824E+09 -5.9683189218E+04  1.0556276167E+05
HessDelSqRho_EigVec1 =  9.9996159687E-01  7.7537659883E-03  4.0845921708E-03
HessDelSqRho_EigVec2 = -6.1023461453E-03  9.5055408827E-01 -3.1049909282E-01
HessDelSqRho_EigVec3 = -6.2901630921E-03  3.1046224309E-01  9.5056490019E-01
</CP of DelSqRho>
<CP of DelSqRho>
CP# = 3       
Type = (3,+1)
Coords =  3.48074435461616E-03 -2.79806794517030E-01 -1.66014017403231E-01
DistFromNuc =  3.2539750353E-01
Rho =  1.5819775555E+01
DelSqRho =  9.0646985109E+02
GradDelSqRho = -7.0166095156E-14  6.3664629124E-12  2.9558577808E-12
HessDelSqRho_EigVals = -2.2445821547E+05  5.2347847112E+03  5.6118224357E+03
HessDelSqRho_EigVec1 = -1.0002280249E-02  8.5998028517E-01  5.1022922644E-01
HessDelSqRho_EigVec2 = -6.6716545484E-01 -3.8581776384E-01  6.3720868557E-01
HessDelSqRho_EigVec3 =  7.4484240632E-01 -3.3403377408E-01  5.7760819551E-01
</CP of DelSqRho>
<CP of DelSqRho>
CP# = 4       
Type = (3,-1)
Coords =  1.03769003579167E-01  1.42654236366863E-01 -4.00295106465626E-02
DistFromNuc =  1.8086832817E-01
Rho =  6.8454253984E+01
DelSqRho = -3.4450986468E+03
GradDelSqRho = -9.0949470177E-12  7.0940586738E-11 -1.9326762413E-11
HessDelSqRho_EigVals = -2.2525386414E+04 -2.0892213003E+04  5.1582402339E+06
HessDelSqRho_EigVec1 =  6.1774237455E-01 -2.3914418688E-01  7.4913577980E-01
HessDelSqRho_EigVec2 = -5.3785710290E-01  5.6647318245E-01  6.2435396244E-01
HessDelSqRho_EigVec3 =  5.7367594994E-01  7.8861789952E-01 -2.2130908932E-01
</CP of DelSqRho>
<CP of DelSqRho>
CP# = 5       
Type = (3,-1)
Coords = -1.03696316704780E-01 -4.12012386425433E-02 -1.42316160982310E-01
DistFromNuc =  1.8086828646E-01
Rho =  6.8454338674E+01
DelSqRho = -3.4451236847E+03
GradDelSqRho = -1.8189894035E-12 -1.5916157281E-12  7.2759576142E-12
HessDelSqRho_EigVals = -2.2520378132E+04 -2.0886219135E+04  5.1582493336E+06
HessDelSqRho_EigVec1 = -6.2608734507E-01  7.4140116729E-01  2.4153456373E-01
HessDelSqRho_EigVec2 =  5.2843940775E-01  6.3120761815E-01 -5.6774002425E-01
HessDelSqRho_EigVec3 =  5.7338157337E-01  2.2781846266E-01  7.8697669558E-01
</CP of DelSqRho>
<CP of DelSqRho>
CP# = 6       
Type = (3,+3)
Coords =  1.80805354819066E-01  1.31065968237880E-03  7.91620198021976E-04
DistFromNuc =  1.8080197756E-01
Rho =  6.8803277644E+01
DelSqRho = -3.5981545252E+03
GradDelSqRho =  1.5162981981E-11  4.6185277824E-14  3.9790393203E-13
HessDelSqRho_EigVals =  1.1079878484E+04  2.6949003926E+04  5.1805095902E+06
HessDelSqRho_EigVec1 = -6.2823308387E-03  3.1095978880E-01  9.5040230538E-01
HessDelSqRho_EigVec2 = -5.4355684837E-03  9.5039640099E-01 -3.1099378705E-01
HessDelSqRho_EigVec3 =  9.9996549286E-01  7.1197426770E-03  4.2804613913E-03
</CP of DelSqRho>
<CP of DelSqRho>
CP# = 7       
Type = (3,+3)
Coords = -1.80786233233889E-01 -1.24901599043776E-03 -7.53289179054831E-04
DistFromNuc =  1.8080197079E-01
Rho =  6.8803305577E+01
DelSqRho = -3.5981605401E+03
GradDelSqRho =  6.5043082031E-11 -6.2527760747E-13  0.0000000000E+00
HessDelSqRho_EigVals =  1.1083254907E+04  2.6946800998E+04  5.1805119568E+06
HessDelSqRho_EigVec1 = -5.3615683670E-03  9.5038771487E-01 -3.1102161502E-01
HessDelSqRho_EigVec2 = -6.2418459167E-03  3.1098821970E-01  9.5039326942E-01
HessDelSqRho_EigVec3 =  9.9996614590E-01  7.0369474872E-03  4.2647890761E-03
</CP of DelSqRho>
<CP of DelSqRho>
CP# = 8       
Type = (3,-1)
Coords = -2.30846652820459E-01  2.01902245057573E-01  1.06025290175518E-01
DistFromNuc =  3.2448001966E-01
Rho =  1.5619320150E+01
DelSqRho =  9.7888688699E+02
GradDelSqRho =  3.0581759347E-11 -2.0946799850E-11 -1.2164491636E-11
HessDelSqRho_EigVals = -2.3095566344E+05 -5.5001805607E+03  2.6784812865E+03
HessDelSqRho_EigVec1 =  7.1141349378E-01 -6.1987497509E-01 -3.3112815665E-01
HessDelSqRho_EigVec2 =  7.0241853160E-01  6.1220115594E-01  3.6306741955E-01
HessDelSqRho_EigVec3 = -2.2339367385E-02 -4.9088161498E-01  8.7093983302E-01
</CP of DelSqRho>
<CP of DelSqRho>
CP# = 9       
Type = (3,-1)
Coords = -1.05472167397081E-01  3.97763102153776E-02  1.41462591957686E-01
DistFromNuc =  1.8086829543E-01
Rho =  6.8454288973E+01
DelSqRho = -3.4451099880E+03
GradDelSqRho =  3.0922819860E-11 -2.0236257114E-11 -4.9112713896E-11
HessDelSqRho_EigVals = -2.2522784647E+04 -2.0889237400E+04  5.1582467612E+06
HessDelSqRho_EigVec1 =  6.1287966924E-01  7.5086958591E-01  2.4611659021E-01
HessDelSqRho_EigVec2 =  5.3315819940E-01 -6.2284400798E-01  5.7254491190E-01
HessDelSqRho_EigVec3 = -5.8319880439E-01  2.1968205815E-01  7.8206070601E-01
</CP of DelSqRho>
<CP of DelSqRho>
CP# = 10      
Type = (3,-3)
Coords = -1.85522456810590E-01 -6.76851341571570E-02 -2.56247819825348E-01
DistFromNuc =  3.2354079240E-01
Rho =  1.5662569398E+01
DelSqRho =  1.0064606323E+03
GradDelSqRho =  5.9685589804E-12  2.7426949600E-12 -7.1054273576E-12
HessDelSqRho_EigVals = -2.3509836217E+05 -3.9627675455E+03 -3.8701522742E+03
HessDelSqRho_EigVec1 =  5.7343037103E-01  2.0985302162E-01  7.9192128327E-01
HessDelSqRho_EigVec2 = -7.3346580957E-01  5.6213517466E-01  3.8214127180E-01
HessDelSqRho_EigVec3 =  3.6497330831E-01  7.9997859642E-01 -4.7626539817E-01
</CP of DelSqRho>
<CP of DelSqRho>
CP# = 11      
Type = (3,-3)
Coords =  1.88648381796619E-01 -2.54095061155485E-01  6.72322537812788E-02
DistFromNuc =  3.2354066277E-01
Rho =  1.5662565280E+01
DelSqRho =  1.0064644510E+03
GradDelSqRho =  1.7053025658E-13 -4.5901060730E-12 -1.3073986338E-12
HessDelSqRho_EigVals = -2.3509903501E+05 -3.9641319936E+03 -3.8692316950E+03
HessDelSqRho_EigVec1 = -5.8303266319E-01  7.8528572315E-01 -2.0832485851E-01
HessDelSqRho_EigVec2 =  7.2839530643E-01  3.9165664568E-01 -5.6217910800E-01
HessDelSqRho_EigVec3 =  3.5987941206E-01  4.7951163168E-01  8.0034705213E-01
</CP of DelSqRho>
<CP of DelSqRho>
CP# = 12      
Type = (3,+1)
Coords = -3.25380153811897E-01 -2.28716568643161E-03 -1.36543747949351E-03
DistFromNuc =  3.2540091305E-01
Rho =  1.5820466084E+01
DelSqRho =  9.0614127581E+02
GradDelSqRho =  7.0912165029E-12 -3.2956970486E-13 -1.0258460748E-13
HessDelSqRho_EigVals = -2.2443083203E+05  5.2673840520E+03  5.6453727274E+03
HessDelSqRho_EigVec1 =  9.9996575105E-01  7.1012069247E-03  4.2508326267E-03
HessDelSqRho_EigVec2 = -5.3614036733E-03  9.4708640481E-01 -3.2093394519E-01
HessDelSqRho_EigVec3 = -6.3049241439E-03  3.2090016311E-01  9.4709204054E-01
</CP of DelSqRho>
<CP of DelSqRho>
CP# = 13      
Type = (3,-3)
Coords =  1.85577562227818E-01  2.56808331650560E-01 -6.55913366889565E-02
DistFromNuc =  3.2354060234E-01
Rho =  1.5662570170E+01
DelSqRho =  1.0064729479E+03
GradDelSqRho =  1.3642420527E-12 -1.2505552149E-12 -1.4068746168E-12
HessDelSqRho_EigVals = -2.3509931906E+05 -3.9645279533E+03 -3.8712666271E+03
HessDelSqRho_EigVec1 =  5.7354735370E-01  7.9352782048E-01 -2.0336428199E-01
HessDelSqRho_EigVec2 =  7.2722400665E-01 -3.7895306539E-01  5.7231094554E-01
HessDelSqRho_EigVec3 = -3.7707913920E-01  4.7613881626E-01  7.9442000883E-01
</CP of DelSqRho>
<CP of DelSqRho>
CP# = 14      
Type = (3,-1)
Coords =  1.05448771996119E-01 -1.41114983503655E-01  4.09552585328251E-02
DistFromNuc =  1.8086828209E-01
Rho =  6.8454316527E+01
DelSqRho = -3.4451177259E+03
GradDelSqRho = -4.0017766878E-11 -5.4569682106E-12  1.3415046851E-11
HessDelSqRho_EigVals = -2.2521535565E+04 -2.0887458728E+04  5.1582499428E+06
HessDelSqRho_EigVec1 =  6.2168692062E-01  2.4914648976E-01 -7.4258427088E-01
HessDelSqRho_EigVec2 =  5.2312300008E-01  5.7354546138E-01  6.3038712750E-01
HessDelSqRho_EigVec3 = -5.8296457827E-01  7.8036634369E-01 -2.2623145254E-01
</CP of DelSqRho>
<CP of DelSqRho>
CP# = 15      
Type = (3,+1)
Coords = -1.88432853510731E-03  2.79864441099246E-01  1.66056419032589E-01
DistFromNuc =  3.2539734772E-01
Rho =  1.5819799460E+01
DelSqRho =  9.0647067254E+02
GradDelSqRho =  8.4376949872E-14  1.5063505998E-12  5.9117155615E-12
HessDelSqRho_EigVals = -2.2445870341E+05  5.2335946946E+03  5.6130184542E+03
HessDelSqRho_EigVec1 = -6.4857696337E-03  8.6000488207E-01  5.1024458606E-01
HessDelSqRho_EigVec2 =  6.6753298552E-01 -3.7619607943E-01  6.4255445144E-01
HessDelSqRho_EigVec3 =  7.4455197806E-01  3.4477255203E-01 -5.7164170538E-01
</CP of DelSqRho>
<CP of DelSqRho>
CP# = 16      
Type = (3,+1)
Coords = -7.51594510541862E-04  1.66066992573841E-01 -2.79825694001014E-01
DistFromNuc =  3.2539732246E-01
Rho =  1.5819799819E+01
DelSqRho =  9.0647127706E+02
GradDelSqRho =  1.1084466678E-12 -1.7053025658E-12  8.3559825725E-12
HessDelSqRho_EigVals = -2.2445881992E+05  5.2339042086E+03  5.6126119271E+03
HessDelSqRho_EigVec1 =  1.6736834918E-03 -5.1026846718E-01  8.6001354070E-01
HessDelSqRho_EigVec2 = -6.7357357690E-01  6.3507825934E-01  3.7811934757E-01
HessDelSqRho_EigVec3 =  7.3911828234E-01  5.7991524890E-01  3.4264043662E-01
</CP of DelSqRho>
<CP of DelSqRho>
CP# = 17      
Type = (3,-3)
Coords = -1.89485685921585E-01  2.55747594415534E-01 -6.51183961171190E-02
DistFromNuc =  3.2487852479E-01
Rho =  1.5437035084E+01
DelSqRho =  9.9844478929E+02
GradDelSqRho = -4.8885340220E-12  2.7142732506E-12 -2.2737367544E-13
HessDelSqRho_EigVals = -2.3090585526E+05 -3.4652481012E+03 -3.3641950895E+03
HessDelSqRho_EigVec1 = -5.8329622753E-01  7.8729329431E-01 -1.9983688267E-01
HessDelSqRho_EigVec2 =  7.2255307707E-01  6.1531749823E-01  3.1512128963E-01
HessDelSqRho_EigVec3 =  3.7105600892E-01  3.9416304968E-02 -9.2777356782E-01
</CP of DelSqRho>
<CP of DelSqRho>
CP# = 18      
Type = (3,-3)
Coords = -1.88633375832278E-01  6.51250632481981E-02  2.54682466591228E-01
DistFromNuc =  3.2354059462E-01
Rho =  1.5662568424E+01
DelSqRho =  1.0064675869E+03
GradDelSqRho =  2.3874235922E-12  5.5422333389E-13 -1.3962164758E-12
HessDelSqRho_EigVals = -2.3509932789E+05 -3.9641484520E+03 -3.8699310302E+03
HessDelSqRho_EigVec1 = -5.8305224447E-01  2.0179422136E-01  7.8697469619E-01
HessDelSqRho_EigVec2 =  7.1840746131E-01  5.8041030394E-01  3.8342482785E-01
HessDelSqRho_EigVec3 =  3.7939530802E-01 -7.8892520007E-01  4.8338000470E-01
</CP of DelSqRho>
<CP of DelSqRho>
CP# = 19      
Type = (3,+1)
Coords = -7.31393471160521E-02  1.61669295493325E-01 -3.41900722725146E-02
DistFromNuc =  1.8069406348E-01
Rho =  6.8750883992E+01
DelSqRho = -3.5448456654E+03
GradDelSqRho = -9.0949470177E-12 -3.8198777474E-11  1.3642420527E-12
HessDelSqRho_EigVals = -9.6875838085E+03  4.6778947815E+03  5.2078714022E+06
HessDelSqRho_EigVec1 =  1.2377480244E-01  2.5911077757E-01  9.5788381510E-01
HessDelSqRho_EigVec2 = -9.0568095434E-01 -3.6495668214E-01  2.1575131308E-01
HessDelSqRho_EigVec3 = -4.0548958953E-01  8.9424170396E-01 -1.8949925508E-01
</CP of DelSqRho>
<CP of DelSqRho>
CP# = 20      
Type = (3,+1)
Coords = -7.10561243664563E-02 -1.62675391135730E-01  3.36203551756814E-02
DistFromNuc =  1.8069412837E-01
Rho =  6.8750868509E+01
DelSqRho = -3.5448389783E+03
GradDelSqRho =  2.7284841053E-11  7.6397554949E-11 -1.1368683772E-11
HessDelSqRho_EigVals = -9.7035082092E+03  4.6919710773E+03  5.2078565035E+06
HessDelSqRho_EigVec1 =  1.3536423147E-01 -2.5713391512E-01 -9.5684830278E-01
HessDelSqRho_EigVec2 =  9.0910185467E-01 -3.5176985399E-01  2.2314073510E-01
HessDelSqRho_EigVec3 =  3.9396743860E-01  9.0007784081E-01 -1.8614386319E-01
</CP of DelSqRho>
<CP of DelSqRho>
CP# = 21      
Type = (3,+1)
Coords =  7.12268896048571E-02  3.44083459203260E-02  1.62486567515748E-01
DistFromNuc =  1.8069404262E-01
Rho =  6.8750894608E+01
DelSqRho = -3.5448434663E+03
GradDelSqRho = -5.4569682106E-12  1.8644641386E-11 -4.3655745685E-11
HessDelSqRho_EigVals = -9.6895817850E+03  4.6773118437E+03  5.2078757327E+06
HessDelSqRho_EigVec1 =  1.2435611339E-01  9.5819138914E-01 -2.5769132472E-01
HessDelSqRho_EigVec2 =  9.1031141790E-01 -2.1350880328E-01 -3.5460839437E-01
HessDelSqRho_EigVec3 =  3.9480207636E-01  1.9048163348E-01  8.9880368702E-01
</CP of DelSqRho>
<CP of DelSqRho>
CP# = 22      
Type = (3,+1)
Coords =  7.30658142693240E-02 -3.33727850219810E-02 -1.61839670932645E-01
DistFromNuc =  1.8069405686E-01
Rho =  6.8750895396E+01
DelSqRho = -3.5448450474E+03
GradDelSqRho =  3.6379788071E-12 -8.6401996668E-12 -4.5474735089E-11
HessDelSqRho_EigVals = -9.6915220590E+03  4.6798185312E+03  5.2078732381E+06
HessDelSqRho_EigVec1 = -1.3511475972E-01  9.5645563417E-01 -2.5872112704E-01
HessDelSqRho_EigVec2 =  9.0428759450E-01  2.2576032711E-01  3.6234820427E-01
HessDelSqRho_EigVec3 = -4.0497894777E-01  1.8499971506E-01  8.9541451702E-01
</CP of DelSqRho>
<CP of DelSqRho>
CP# = 23      
Type = (3,+1)
Coords = -8.07700480668289E-04 -1.66034357329310E-01  2.79852803714987E-01
DistFromNuc =  3.2539743980E-01
Rho =  1.5819780557E+01
DelSqRho =  9.0647113977E+02
GradDelSqRho =  1.7053025658E-13  1.3642420527E-12 -6.9348971010E-12
HessDelSqRho_EigVals = -2.2445858655E+05  5.2344094484E+03  5.6121444966E+03
HessDelSqRho_EigVec1 = -1.8462275721E-03 -5.1030017617E-01  8.5999437303E-01
HessDelSqRho_EigVec2 =  6.6113723458E-01  6.4460103696E-01  3.8391022414E-01
HessDelSqRho_EigVec3 =  7.5026271965E-01 -5.6928308718E-01 -3.3618836707E-01
</CP of DelSqRho>
<CP of DelSqRho>
CP# = 24      
Type = (3,-1)
Coords =  2.28857389095614E-01 -1.05347428956060E-01  2.04499608751605E-01
DistFromNuc =  3.2447979621E-01
Rho =  1.5619344441E+01
DelSqRho =  9.7889154933E+02
GradDelSqRho =  2.7000623959E-12 -1.9326762413E-12 -1.2541079286E-12
HessDelSqRho_EigVals = -2.3095667117E+05 -5.5003517309E+03  2.6779310305E+03
HessDelSqRho_EigVec1 =  7.0526317867E-01 -3.2916563585E-01  6.2789635529E-01
HessDelSqRho_EigVec2 = -7.0829186247E-01 -3.6518002016E-01  6.0412431704E-01
HessDelSqRho_EigVec3 = -3.0438238731E-02  8.7080051507E-01  4.9069336308E-01
</CP of DelSqRho>
<CP of DelSqRho>
CP# = 25      
Type = (3,-1)
Coords =  9.59800971367444E-03  8.02772195571965E-02  3.14359426441352E-01
DistFromNuc =  3.2456631751E-01
Rho =  1.5607509436E+01
DelSqRho =  9.7789150626E+02
GradDelSqRho =  2.2026824809E-13 -2.1600499167E-12  9.0381035989E-12
HessDelSqRho_EigVals = -2.3065811269E+05 -5.4226358062E+03  2.7517103074E+03
HessDelSqRho_EigVec1 =  2.4630116718E-02  2.4722642126E-01  9.6864464794E-01
HessDelSqRho_EigVec2 = -2.3733787587E-03  9.6895032241E-01 -2.4724408947E-01
HessDelSqRho_EigVec3 =  9.9969381534E-01 -3.7906901492E-03 -2.4452121471E-02
</CP of DelSqRho>
<CP of DelSqRho>
CP# = 26      
Type = (3,+1)
Coords =  3.25399266477285E-01  2.33547155099476E-03  1.40082963107936E-03
DistFromNuc =  3.2540080397E-01
Rho =  1.5820482359E+01
DelSqRho =  9.0614201636E+02
GradDelSqRho =  7.4322770161E-12 -2.6528779173E-13  1.1102230246E-15
HessDelSqRho_EigVals = -2.2443120021E+05  5.2666552340E+03  5.6460856404E+03
HessDelSqRho_EigVec1 =  9.9996573000E-01  7.1045299768E-03  4.2502333285E-03
HessDelSqRho_EigVec2 = -6.3037468024E-03  3.2060427745E-01  9.4719225084E-01
HessDelSqRho_EigVec3 = -5.3667127546E-03  9.4718658296E-01 -3.2063807550E-01
</CP of DelSqRho>
<CP of DelSqRho>
CP# = 27      
Type = (3,-3)
Coords =  1.86385351013435E-01  6.56503935017303E-02  2.57899915081083E-01
DistFromNuc =  3.2487847180E-01
Rho =  1.5437067595E+01
DelSqRho =  9.9844294518E+02
GradDelSqRho = -2.3305801733E-12 -2.7569058147E-12 -5.6061821851E-12
HessDelSqRho_EigVals = -2.3090597998E+05 -3.4653565350E+03 -3.3637530349E+03
HessDelSqRho_EigVec1 =  5.7369383218E-01  2.0134596148E-01  7.9393651555E-01
HessDelSqRho_EigVec2 =  7.2382173222E-01  3.2904249488E-01 -6.0647599832E-01
HessDelSqRho_EigVec3 = -3.8335034484E-01  9.2260004355E-01  4.3031067226E-02
</CP of DelSqRho>
<CP of DelSqRho>
CP# = 28      
Type = (3,-3)
Coords =  1.89483234309198E-01 -6.29936131600363E-02 -2.56252909779459E-01
DistFromNuc =  3.2487852123E-01
Rho =  1.5437030334E+01
DelSqRho =  9.9844739724E+02
GradDelSqRho =  2.7853275242E-12 -2.7000623959E-13 -5.6008531146E-12
HessDelSqRho_EigVals = -2.3090594744E+05 -3.4645208506E+03 -3.3655992617E+03
HessDelSqRho_EigVec1 = -5.8322208925E-01  1.9331434883E-01  7.8897500413E-01
HessDelSqRho_EigVec2 =  7.2581851803E-01 -3.1210444275E-01  6.1300758209E-01
HessDelSqRho_EigVec3 =  3.6474576557E-01  9.3017223101E-01  4.1715070983E-02
</CP of DelSqRho>
<CP of DelSqRho>
CP# = 29      
Type = (3,-3)
Coords = -1.86378697504380E-01 -2.58376581282437E-01  6.35383294928611E-02
DistFromNuc =  3.2487845801E-01
Rho =  1.5437047301E+01
DelSqRho =  9.9845340657E+02
GradDelSqRho = -2.1032064978E-12 -9.0523144536E-12 -5.8264504332E-13
HessDelSqRho_EigVals = -2.3090626493E+05 -3.4664449453E+03 -3.3654661856E+03
HessDelSqRho_EigVec1 =  5.7372610800E-01  7.9552930617E-01 -1.9486271071E-01
HessDelSqRho_EigVec2 = -7.3091894227E-01  6.0464956553E-01  3.1647496385E-01
HessDelSqRho_EigVec3 =  3.6958876178E-01 -3.9141102894E-02  9.2837068094E-01
</CP of DelSqRho>
<CP of DelSqRho>
CP# = 30      
Type = (3,-1)
Coords =  2.29080149058262E-01  1.08628765220495E-01 -2.02513511136030E-01
DistFromNuc =  3.2448012800E-01
Rho =  1.5619392569E+01
DelSqRho =  9.7887443311E+02
GradDelSqRho =  1.8900436771E-12  3.4106051316E-13 -2.2717383530E-12
HessDelSqRho_EigVals = -2.3095448676E+05 -5.4996417547E+03  2.6797908624E+03
HessDelSqRho_EigVec1 =  7.0586649901E-01  3.3913310719E-01 -6.2188521545E-01
HessDelSqRho_EigVec2 =  7.0820847584E-01 -3.5511082531E-01  6.1019427766E-01
HessDelSqRho_EigVec3 =  1.3901090731E-02  8.7114007907E-01  4.9083777597E-01
</CP of DelSqRho>
<CP of DelSqRho>
CP# = 31      
Type = (3,-1)
Coords =  1.33884090200350E-02 -8.00708726708265E-02 -3.14226243570733E-01
DistFromNuc =  3.2456644935E-01
Rho =  1.5607490234E+01
DelSqRho =  9.7789000905E+02
GradDelSqRho = -4.6895820560E-13 -1.7621459847E-12 -1.8189894035E-12
HessDelSqRho_EigVals = -2.3065755078E+05 -5.4226453493E+03  2.7518018034E+03
HessDelSqRho_EigVec1 = -3.6309892581E-02  2.4680418813E-01  9.6838488444E-01
HessDelSqRho_EigVec2 = -9.0885474970E-03  9.6890225058E-01 -2.4727682285E-01
HessDelSqRho_EigVec3 =  9.9929924948E-01  1.7779806893E-02  3.2937645054E-02
</CP of DelSqRho>
<CP of DelSqRho>
CP# = 32      
Type = (3,-1)
Coords = -9.56280739462757E-03 -3.14348886312751E-01  8.01544109967775E-02
DistFromNuc =  3.2456654731E-01
Rho =  1.5607540866E+01
DelSqRho =  9.7788067986E+02
GradDelSqRho =  2.9309887850E-13 -2.3305801733E-12 -1.5347723092E-12
HessDelSqRho_EigVals = -2.3065667908E+05 -5.4223547963E+03  2.7529459328E+03
HessDelSqRho_EigVec1 =  2.4580237865E-02  9.6872385335E-01 -2.4692085344E-01
HessDelSqRho_EigVec2 = -9.2630957243E-03  2.4720557843E-01  9.6891877732E-01
HessDelSqRho_EigVec3 =  9.9965494395E-01 -2.1529002517E-02  1.5049753703E-02
</CP of DelSqRho>
<CP of DelSqRho>
CP# = 33      
Type = (3,-1)
Coords =  2.27584838359601E-01  1.93037164653586E-01  1.27877763121188E-01
DistFromNuc =  3.2464284538E-01
Rho =  1.5592469236E+01
DelSqRho =  9.7781463055E+02
GradDelSqRho = -4.7180037654E-12 -5.0306425692E-12  4.3769432523E-12
HessDelSqRho_EigVals = -2.3043808556E+05 -5.4402957025E+03  2.7480583938E+03
HessDelSqRho_EigVec1 =  7.0128922662E-01  5.9696838280E-01  3.8964364561E-01
HessDelSqRho_EigVec2 = -7.1256174147E-01  6.0325513780E-01  3.5824433466E-01
HessDelSqRho_EigVec3 = -2.1193990019E-02 -5.2887804706E-01  8.4843315949E-01
</CP of DelSqRho>
<CP of DelSqRho>
CP# = 34      
Type = (3,-1)
Coords = -2.27055139799366E-01 -2.05073749463456E-01 -1.07981709501738E-01
DistFromNuc =  3.2447978002E-01
Rho =  1.5619444387E+01
DelSqRho =  9.7887941159E+02
GradDelSqRho =  1.1368683772E-12 -4.4195758164E-12  2.4442670110E-12
HessDelSqRho_EigVals = -2.3095572587E+05 -5.5000935000E+03  2.6792769848E+03
HessDelSqRho_EigVec1 =  6.9972406087E-01  6.2979194163E-01  3.3726599132E-01
HessDelSqRho_EigVec2 = -7.1407990355E-01  6.0213587131E-01  3.5710262367E-01
HessDelSqRho_EigVec3 =  2.1820403178E-02 -4.9070816453E-01  8.7105072600E-01
</CP of DelSqRho>
<CP of DelSqRho>
CP# = 35      
Type = (3,-1)
Coords = -1.33768806504264E-02  3.14231122524977E-01 -8.02175113159968E-02
DistFromNuc =  3.2456647215E-01
Rho =  1.5607545743E+01
DelSqRho =  9.7788124957E+02
GradDelSqRho =  2.0072832285E-13 -4.5474735089E-13  1.1652900866E-12
HessDelSqRho_EigVals = -2.3065688255E+05 -5.4221924279E+03  2.7527936325E+03
HessDelSqRho_EigVec1 = -3.6334187256E-02  9.6828724646E-01 -2.4718340392E-01
HessDelSqRho_EigVec2 = -2.5485660573E-03  2.4725614175E-01  9.6894680204E-01
HessDelSqRho_EigVec3 =  9.9933644567E-01  3.5835857780E-02 -6.5161069445E-03
</CP of DelSqRho>
<CP of DelSqRho>
CP# = 36      
Type = (3,-1)
Coords = -2.29542235313842E-01  1.25260167743489E-01 -1.92373625784599E-01
DistFromNuc =  3.2464249428E-01
Rho =  1.5592437743E+01
DelSqRho =  9.7782827036E+02
GradDelSqRho = -1.0942358131E-12 -2.7853275242E-12 -8.5975671027E-13
HessDelSqRho_EigVals = -2.3043998850E+05 -5.4409343327E+03  2.7466916838E+03
HessDelSqRho_EigVec1 =  7.0733725042E-01 -3.8156005359E-01  5.9505120761E-01
HessDelSqRho_EigVec2 = -7.0675715186E-01 -3.6629330065E-01  6.0524668210E-01
HessDelSqRho_EigVec3 =  1.2974685566E-02  8.4867022064E-01  5.2876319287E-01
</CP of DelSqRho>
<CP of DelSqRho>
CP# = 37      
Type = (3,-1)
Coords = -2.29380937064909E-01 -1.28443955339790E-01  1.90461683754248E-01
DistFromNuc =  3.2464252948E-01
Rho =  1.5592539499E+01
DelSqRho =  9.7781357701E+02
GradDelSqRho =  1.6626700017E-12  3.5242919694E-12  3.2143177009E-12
HessDelSqRho_EigVals = -2.3043890290E+05 -5.4404530775E+03  2.7485017768E+03
HessDelSqRho_EigVec1 =  7.0692089546E-01  3.9151443222E-01 -5.8904948597E-01
HessDelSqRho_EigVec2 =  7.0667822305E-01 -3.5626331255E-01  6.1129562504E-01
HessDelSqRho_EigVec3 = -2.9474338429E-02  8.4840609468E-01  5.2852470319E-01
</CP of DelSqRho>
<CP of DelSqRho>
CP# = 38      
Type = (3,-1)
Coords =  2.31375538590401E-01 -1.89760496287592E-01 -1.25857366229749E-01
DistFromNuc =  3.2464236229E-01
Rho =  1.5592473754E+01
DelSqRho =  9.7782636088E+02
GradDelSqRho =  2.8421709430E-13 -5.1159076975E-13 -9.3791641120E-12
HessDelSqRho_EigVals = -2.3044024012E+05 -5.4409181395E+03  2.7471090630E+03
HessDelSqRho_EigVec1 =  7.1296567643E-01 -5.8701574058E-01 -3.8352635442E-01
HessDelSqRho_EigVec2 =  7.0087134277E-01  6.1330473295E-01  3.6419317047E-01
HessDelSqRho_EigVec3 =  2.1431404705E-02 -5.2845986115E-01  8.4868773412E-01
</CP of DelSqRho>
<CP of DelSqRho>
CP# = 39      
Type = (3,+3)
Coords =  7.04055139130452E-01  5.01413604659695E-03  3.00977971568533E-03
DistFromNuc =  7.0406956924E-01
Rho =  2.0290311782E+00
DelSqRho = -2.4150171575E+01
GradDelSqRho = -3.5527136788E-14 -7.7715611724E-16 -7.2164496601E-16
HessDelSqRho_EigVals =  2.2727321362E+02  2.8472426944E+02  2.4696086994E+03
HessDelSqRho_EigVec1 = -5.4640077756E-03  9.5280737051E-01 -3.0352637335E-01
HessDelSqRho_EigVec2 = -6.2015447911E-03  3.0349278028E-01  9.5281355635E-01
HessDelSqRho_EigVec3 =  9.9996584215E-01  7.0885130802E-03  4.2505906743E-03
</CP of DelSqRho>
<CP of DelSqRho>
CP# = 40      
Type = (3,+3)
Coords = -7.04036753427690E-01 -4.98128278527902E-03 -2.97752339353696E-03
DistFromNuc =  7.0407052829E-01
Rho =  2.0290141142E+00
DelSqRho = -2.4149877035E+01
GradDelSqRho =  1.2434497876E-13 -6.1894933623E-15  6.1062266354E-16
HessDelSqRho_EigVals =  2.2723479813E+02  2.8475734219E+02  2.4695754422E+03
HessDelSqRho_EigVec1 = -6.2100426950E-03  3.0340823691E-01  9.5284042585E-01
HessDelSqRho_EigVec2 = -5.4816602780E-03  9.5283415384E-01 -3.0344196592E-01
HessDelSqRho_EigVec3 =  9.9996569280E-01  7.1075350775E-03  4.2539598963E-03
</CP of DelSqRho>
<CP of DelSqRho>
CP# = 41      
Type = (3,+1)
Coords =  7.69830106662159E-02  7.10635927802276E-01 -1.79303987746323E-01
DistFromNuc =  7.3692019135E-01
Rho =  1.6026309799E+00
DelSqRho = -9.8191559555E+00
GradDelSqRho = -2.8421709430E-14 -1.7053025658E-13  4.9737991503E-14
HessDelSqRho_EigVals = -1.9153462829E+02  9.3141155434E+01  1.5780770371E+03
HessDelSqRho_EigVec1 = -1.8586397898E-02  2.4657470010E-01  9.6894554186E-01
HessDelSqRho_EigVec2 =  9.9400899925E-01 -9.9840587193E-02  4.4474336026E-02
HessDelSqRho_EigVec3 =  1.0770633792E-01  9.6396720609E-01 -2.4324179401E-01
</CP of DelSqRho>
<CP of DelSqRho>
CP# = 42      
Type = (3,+1)
Coords =  8.56365904941656E-02 -7.09421122721115E-01  1.80039799196172E-01
DistFromNuc =  7.3692023527E-01
Rho =  1.6026168471E+00
DelSqRho = -9.8192065620E+00
GradDelSqRho =  1.5631940187E-13 -1.4495071810E-12 -1.4921397451E-13
HessDelSqRho_EigVals = -1.9150472791E+02  9.3123956599E+01  1.5780779237E+03
HessDelSqRho_EigVec1 =  6.7741924656E-03  2.4676649455E-01  9.6905129249E-01
HessDelSqRho_EigVec2 =  9.9281777007E-01  1.1409343374E-01 -3.5993941315E-02
HessDelSqRho_EigVec3 = -1.1944448815E-01  9.6233517318E-01 -2.4422126997E-01
</CP of DelSqRho>
<CP of DelSqRho>
CP# = 43      
Type = (3,+1)
Coords = -8.55903430450578E-02  1.79106618049148E-01  7.09706446064282E-01
DistFromNuc =  7.3692345556E-01
Rho =  1.6025772924E+00
DelSqRho = -9.8179921550E+00
GradDelSqRho =  1.4299672557E-13 -5.2224891078E-13 -9.5212726592E-13
HessDelSqRho_EigVals = -1.9152306891E+02  9.3092543255E+01  1.5780103408E+03
HessDelSqRho_EigVec1 = -1.8412225519E-02  9.6890046819E-01 -2.4676481251E-01
HessDelSqRho_EigVec2 =  9.9267453182E-01  4.7190614362E-02  1.1122193932E-01
HessDelSqRho_EigVec3 = -1.1940797218E-01  2.4290930130E-01  9.6267170288E-01
</CP of DelSqRho>
<CP of DelSqRho>
CP# = 44      
Type = (3,+1)
Coords = -7.70554183280319E-02 -1.80187868163680E-01 -7.10364721154688E-01
DistFromNuc =  7.3692495816E-01
Rho =  1.6025532912E+00
DelSqRho = -9.8175391686E+00
GradDelSqRho =  1.4210854715E-14 -4.2632564146E-14  1.5631940187E-13
HessDelSqRho_EigVals = -1.9151678397E+02  9.3082063361E+01  1.5779719401E+03
HessDelSqRho_EigVec1 =  6.9528353894E-03  9.6908177579E-01 -2.4664178462E-01
HessDelSqRho_EigVec2 =  9.9414511544E-01 -3.3295225269E-02 -1.0279551264E-01
HessDelSqRho_EigVec3 =  1.0782925171E-01  2.4448300516E-01  9.6363941008E-01
</CP of DelSqRho>
<CP of DelSqRho>
CP# = 45      
Type = (3,-1)
Coords =  4.37621770875070E-01  1.63592535581564E-01  6.02734630029122E-01
DistFromNuc =  7.6257909925E-01
Rho =  1.3480582718E+00
DelSqRho = -3.1921590188E+00
GradDelSqRho =  3.5527136788E-14  1.9539925233E-14  7.1054273576E-15
HessDelSqRho_EigVals = -1.3075251985E+02 -1.2559459322E+02  1.0583864441E+03
HessDelSqRho_EigVec1 = -6.7533652801E-01  6.6957930197E-01  3.0916683574E-01
HessDelSqRho_EigVec2 =  4.6302413700E-01  7.1122812716E-01 -5.2892645962E-01
HessDelSqRho_EigVec3 =  5.7404635919E-01  2.1405165150E-01  7.9034971247E-01
</CP of DelSqRho>
<CP of DelSqRho>
CP# = 46      
Type = (3,-1)
Coords = -4.33879665030549E-01  1.36458027332857E-01  5.88830497879525E-01
DistFromNuc =  7.4402604305E-01
Rho =  1.5296515875E+00
DelSqRho = -7.3382526317E+00
GradDelSqRho = -5.6843418861E-14  2.4868995752E-14  4.6185277824E-14
HessDelSqRho_EigVals = -1.0520886347E+02 -9.5342869830E+01  1.4312723814E+03
HessDelSqRho_EigVec1 =  6.4320135005E-01 -4.9079283059E-01  5.8771967871E-01
HessDelSqRho_EigVec2 =  4.9629659567E-01  8.5172149923E-01  1.6810763481E-01
HessDelSqRho_EigVec3 = -5.8307950781E-01  1.8355621808E-01  7.9140722917E-01
</CP of DelSqRho>
<CP of DelSqRho>
CP# = 47      
Type = (3,-1)
Coords =  4.44996257684995E-01 -1.57375405863831E-01 -5.98938509542060E-01
DistFromNuc =  7.6258515019E-01
Rho =  1.3479991423E+00
DelSqRho = -3.1908220875E+00
GradDelSqRho =  3.5527136788E-14  1.5987211555E-14 -4.9737991503E-14
HessDelSqRho_EigVals = -1.3078562908E+02 -1.2558903155E+02  1.0582820251E+03
HessDelSqRho_EigVec1 =  6.6144798304E-01  6.8163070435E-01  3.1283565752E-01
HessDelSqRho_EigVec2 =  4.7092978173E-01 -7.0211227018E-01  5.3410064664E-01
HessDelSqRho_EigVec3 = -5.8370515366E-01  2.0595616755E-01  7.8541094380E-01
</CP of DelSqRho>
<CP of DelSqRho>
CP# = 48      
Type = (3,-1)
Coords = -4.26874513039672E-01 -1.42364175145456E-01 -5.92492041780921E-01
DistFromNuc =  7.4402429369E-01
Rho =  1.5296659414E+00
DelSqRho = -7.3389166393E+00
GradDelSqRho =  3.5527136788E-14 -1.4210854715E-14  7.1054273576E-14
HessDelSqRho_EigVals = -1.0525775279E+02 -9.5263861165E+01  1.4313074497E+03
HessDelSqRho_EigVec1 =  6.4069398496E-01  5.0081023133E-01 -5.8197966446E-01
HessDelSqRho_EigVec2 =  5.1031567675E-01 -8.4409444984E-01 -1.6456752360E-01
HessDelSqRho_EigVec3 =  5.7366290425E-01  1.9155592383E-01  7.9637754887E-01
</CP of DelSqRho>
<CP of DelSqRho>
CP# = 49      
Type = (3,-1)
Coords =  4.26845380811704E-01  5.93715431587269E-01 -1.37546749197750E-01
DistFromNuc =  7.4403158657E-01
Rho =  1.5296219526E+00
DelSqRho = -7.3365891170E+00
GradDelSqRho =  2.1316282073E-14  8.1712414612E-14  7.9936057773E-15
HessDelSqRho_EigVals = -1.0528628646E+02 -9.5327943664E+01  1.4311476252E+03
HessDelSqRho_EigVec1 = -6.4885035114E-01  5.8050798987E-01  4.9193871114E-01
HessDelSqRho_EigVec2 =  4.9998300401E-01 -1.6208851001E-01  8.5073163255E-01
HessDelSqRho_EigVec3 =  5.7359412263E-01  7.9795851310E-01 -1.8507294199E-01
</CP of DelSqRho>
<CP of DelSqRho>
CP# = 50      
Type = (3,-1)
Coords = -4.44917923904574E-01  5.97686719870088E-01 -1.62370682093961E-01
DistFromNuc =  7.6258243829E-01
Rho =  1.3480192358E+00
DelSqRho = -3.1914565926E+00
GradDelSqRho = -1.1368683772E-13 -7.4606987255E-14 -1.7763568394E-15
HessDelSqRho_EigVals = -1.3077964773E+02 -1.2557700700E+02  1.0583293734E+03
HessDelSqRho_EigVec1 =  6.7112380142E-01  3.1823562575E-01 -6.6956622501E-01
HessDelSqRho_EigVec2 =  4.5712459560E-01  5.3339803979E-01  7.1170473881E-01
HessDelSqRho_EigVec3 = -5.8363511483E-01  7.8371717963E-01 -2.1250278841E-01
</CP of DelSqRho>
<CP of DelSqRho>
CP# = 51      
Type = (3,-1)
Coords =  4.34035637512367E-01 -5.87542701608119E-01  1.41297706110321E-01
DistFromNuc =  7.4402454612E-01
Rho =  1.5296592700E+00
DelSqRho = -7.3387701800E+00
GradDelSqRho =  2.1316282073E-14 -9.2370555649E-14  2.1316282073E-14
HessDelSqRho_EigVals = -1.0522669853E+02 -9.5302337000E+01  1.4313055346E+03
HessDelSqRho_EigVec1 =  6.3736834113E-01  5.9001745588E-01  4.9562183111E-01
HessDelSqRho_EigVec2 =  5.0355278121E-01  1.6793406306E-01 -8.4748613381E-01
HessDelSqRho_EigVec3 = -5.8326340041E-01  7.8973258272E-01 -1.9006907568E-01
</CP of DelSqRho>
<CP of DelSqRho>
CP# = 52      
Type = (3,-1)
Coords = -4.37732930703479E-01 -6.03938186322910E-01  1.58625217071522E-01
DistFromNuc =  7.6259061818E-01
Rho =  1.3479728997E+00
DelSqRho = -3.1895429649E+00
GradDelSqRho = -1.5631940187E-13 -1.9539925233E-13  7.8159700934E-14
HessDelSqRho_EigVals = -1.3079283273E+02 -1.2562618346E+02  1.0581861440E+03
HessDelSqRho_EigVec1 =  6.6810114694E-01 -3.0674924028E-01  6.7789804620E-01
HessDelSqRho_EigVec2 = -4.7321237461E-01  5.2790946713E-01  7.0525289296E-01
HessDelSqRho_EigVec3 =  5.7420458546E-01  7.9197001086E-01 -2.0753938407E-01
</CP of DelSqRho>
<CP of DelSqRho>
CP# = 53      
Type = (3,+1)
Coords = -5.16860298106820E-01 -1.95196049337103E-01  4.89343637946246E-01
DistFromNuc =  7.3804129253E-01
Rho =  1.5892266207E+00
DelSqRho = -9.4641419028E+00
GradDelSqRho =  1.1368683772E-13 -3.4283687000E-13  1.2646550474E-12
HessDelSqRho_EigVals = -1.9332518159E+02  8.6798474238E+01  1.5508622358E+03
HessDelSqRho_EigVec1 = -7.0997045652E-01  3.5573996950E-01 -6.0777547250E-01
HessDelSqRho_EigVec2 =  7.7494720946E-02  8.9725766174E-01  4.3465303021E-01
HessDelSqRho_EigVec3 =  6.9995465503E-01  2.6149141965E-01 -6.6459440139E-01
</CP of DelSqRho>
<CP of DelSqRho>
CP# = 54      
Type = (3,+1)
Coords = -5.15378856367431E-01  1.87924101227691E-01 -4.93729369823299E-01
DistFromNuc =  7.3805025977E-01
Rho =  1.5891088788E+00
DelSqRho = -9.4611790892E+00
GradDelSqRho = -5.3290705182E-14  1.4566126083E-13 -3.1263880373E-13
HessDelSqRho_EigVals = -1.9333617160E+02  8.6719511057E+01  1.5506635746E+03
HessDelSqRho_EigVec1 =  7.1002140800E-01  3.6585795969E-01 -6.0167894554E-01
HessDelSqRho_EigVec2 = -9.3966153441E-02  8.9602286867E-01  4.3395089678E-01
HessDelSqRho_EigVec3 =  6.9788248451E-01 -2.5157697062E-01  6.7057368400E-01
</CP of DelSqRho>
<CP of DelSqRho>
CP# = 55      
Type = (3,+1)
Coords =  5.11859214398422E-01  4.95142692371278E-01  1.93876329888817E-01
DistFromNuc =  7.3804761034E-01
Rho =  1.5891665933E+00
DelSqRho = -9.4621194355E+00
GradDelSqRho = -7.0166095156E-14  1.4921397451E-13  3.1974423109E-14
HessDelSqRho_EigVals = -1.9335541010E+02  8.6771004288E+01  1.5507088583E+03
HessDelSqRho_EigVec1 = -7.1581008141E-01  5.9969582109E-01  3.5774411179E-01
HessDelSqRho_EigVec2 =  8.4851477973E-02 -4.3381634497E-01  8.9699699304E-01
HessDelSqRho_EigVec3 = -6.9312059127E-01 -6.7243460723E-01 -2.5964503646E-01
</CP of DelSqRho>
<CP of DelSqRho>
CP# = 56      
Type = (3,+1)
Coords =  5.20437824485924E-01 -4.87846649189036E-01 -1.89324176757218E-01
DistFromNuc =  7.3804679339E-01
Rho =  1.5891495227E+00
DelSqRho = -9.4623651485E+00
GradDelSqRho =  1.4361845047E-12 -2.5401902803E-12 -8.3844042820E-13
HessDelSqRho_EigVals = -1.9333059652E+02  8.6747505579E+01  1.5507470138E+03
HessDelSqRho_EigVec1 = -7.0418143659E-01 -6.0977999518E-01 -3.6372635571E-01
HessDelSqRho_EigVec2 = -8.6414344989E-02 -4.3486378503E-01  8.9634036473E-01
HessDelSqRho_EigVec3 =  7.0474184304E-01 -6.6261742050E-01 -2.5352926599E-01
</CP of DelSqRho>
<CP of DelSqRho>
CP# = 57      
Type = (3,+1)
Coords = -5.23385764961710E-01  3.98975332647166E-01  3.30170824733033E-01
DistFromNuc =  7.3627876377E-01
Rho =  1.6106863069E+00
DelSqRho = -1.0018055628E+01
GradDelSqRho =  8.1357143245E-13 -3.0375701954E-12 -2.2950530365E-12
HessDelSqRho_EigVals = -1.9189107605E+02  9.6266465292E+01  1.5948348036E+03
HessDelSqRho_EigVec1 =  6.9898473297E-01  6.1427219298E-01  3.6618303621E-01
HessDelSqRho_EigVec2 =  7.9049465945E-02 -5.7527502741E-01  8.1413133140E-01
HessDelSqRho_EigVec3 =  7.1075419450E-01 -5.4011879784E-01 -4.5066635022E-01
</CP of DelSqRho>
<CP of DelSqRho>
CP# = 58      
Type = (3,+1)
Coords =  5.19773966748551E-01 -3.28685218150417E-01  4.04864753642960E-01
DistFromNuc =  7.3627808357E-01
Rho =  1.6106928386E+00
DelSqRho = -1.0018150696E+01
GradDelSqRho = -2.4282797995E-12  2.3057111775E-12 -3.1583624605E-12
HessDelSqRho_EigVals = -1.9188619543E+02  9.6255854355E+01  1.5948550985E+03
HessDelSqRho_EigVec1 = -7.0487783432E-01 -3.6826839826E-01  6.0623891786E-01
HessDelSqRho_EigVec2 =  7.0164919536E-02  8.1427454859E-01  5.7622377909E-01
HessDelSqRho_EigVec3 =  7.0584992934E-01 -4.4870407438E-01  5.4812455782E-01
</CP of DelSqRho>
<CP of DelSqRho>
CP# = 59      
Type = (3,+1)
Coords =  5.18512266955973E-01  3.36007623054798E-01 -4.00441749160074E-01
DistFromNuc =  7.3627319905E-01
Rho =  1.6107759172E+00
DelSqRho = -1.0020039895E+01
GradDelSqRho =  1.7763568394E-14  3.5527136788E-15 -7.1054273576E-15
HessDelSqRho_EigVals = -1.9189589798E+02  9.6329153158E+01  1.5949562736E+03
HessDelSqRho_EigVec1 = -7.0481607281E-01  3.5829087899E-01 -6.1225970759E-01
HessDelSqRho_EigVec2 =  8.6519766499E-02 -8.1321908586E-01 -5.7549026786E-01
HessDelSqRho_EigVec3 =  7.0409419363E-01  4.5858735747E-01 -5.4217063924E-01
</CP of DelSqRho>
<CP of DelSqRho>
CP# = 60      
Type = (3,+1)
Coords = -5.14844495695845E-01 -4.06236780771091E-01 -3.34605953703558E-01
DistFromNuc =  7.3627109004E-01
Rho =  1.6107924573E+00
DelSqRho = -1.0020725854E+01
GradDelSqRho =  8.8817841970E-15  1.5987211555E-14 -1.4210854715E-14
HessDelSqRho_EigVals = -1.9186836567E+02  9.6316195607E+01  1.5950148582E+03
HessDelSqRho_EigVec1 = -7.1071092412E-01  6.0424054362E-01  3.6025455970E-01
HessDelSqRho_EigVec2 = -7.7822286024E-02 -5.7648756063E-01  8.1339153194E-01
HessDelSqRho_EigVec3 =  6.9916641376E-01  5.5005041395E-01  4.5673938737E-01
</CP of DelSqRho>
<CP of DelSqRho>
CP# = 61      
Type = (3,+3)
Coords =  6.11990636913336E-03 -3.59875476743797E-01  6.05263731756418E-01
DistFromNuc =  7.0419259682E-01
Rho =  2.0274957478E+00
DelSqRho = -2.4081200093E+01
GradDelSqRho =  2.6645352591E-15  1.4210854715E-13 -2.1138646389E-13
HessDelSqRho_EigVals =  2.2593206618E+02  2.8225848597E+02  2.4657572381E+03
HessDelSqRho_EigVec1 =  7.0159461816E-01 -6.0941423912E-01 -3.6929564976E-01
HessDelSqRho_EigVec2 =  7.1252664000E-01  6.0609935238E-01  3.5348177088E-01
HessDelSqRho_EigVec3 =  8.4130297148E-03 -5.1113389656E-01  8.5945992386E-01
</CP of DelSqRho>
<CP of DelSqRho>
CP# = 62      
Type = (3,+3)
Coords =  6.22700267873140E-03  3.60028342457149E-01 -6.05163042774642E-01
DistFromNuc =  7.0419175555E-01
Rho =  2.0275130928E+00
DelSqRho = -2.4081751146E+01
GradDelSqRho = -2.2204460493E-16 -7.1054273576E-15 -8.8817841970E-14
HessDelSqRho_EigVals =  2.2596601830E+02  2.8224528826E+02  2.4657880480E+03
HessDelSqRho_EigVec1 =  6.8970718975E-01  6.1924268862E-01  3.7528986797E-01
HessDelSqRho_EigVec2 = -7.2403773779E-01  5.9592870998E-01  3.4733028500E-01
HessDelSqRho_EigVec3 = -8.5642673627E-03 -5.1128022180E-01  8.5937139126E-01
</CP of DelSqRho>
<CP of DelSqRho>
CP# = 63      
Type = (3,+3)
