 AIMInt (Version 19.02.13, Professional)
 Portions Copyright (c) 1997-2019 by Todd A. Keith
 AIMInt is a component of the AIMAll package ( http://aim.tkgristmill.com )

 TP:  64-bit Linux

 Licensed To:  Research Group of Fernando Cortes Guzman, UNAM, fercor@unam.mx

 AIMInt is a heavily modified and extended version of the PROAIMV program
 developed by members of R.F.W. Bader's research group

 Much of the Quantum Theory of Atoms in Molecules (QTAIM) is described in the book:
   "Atoms in Molecules - A Quantum Theory"
   R.F.W. Bader, Oxford University Press, Oxford, 1990

 For additional references see:  http://aim.tkgristmill.com/references.html

 Current Directory:  /home/scratch/M_H2O_4_cuadrado_plano/Opt

 Inp File:  Ni3_cuadrado_plano_cc-pvtz-def2-tzv_1_atomicfiles/ni1.inp
 Wfx File:  Ni3_cuadrado_plano_cc-pvtz-def2-tzv_1.wfx
 Out File:  Ni3_cuadrado_plano_cc-pvtz-def2-tzv_1_atomicfiles/ni1.int

 Wfx Title:   Ni3_cuadrado_plano_cc-pvtz-def2-tzv_1                                         
 Job Title:   Ni3_cuadrado_plano_cc-pvtz-def2-tzv_1                                         
 
<Atom>
Ni1     
</Atom>
<Nuclei of Molecule>
    13
Ni1       28.0          -6.9117293859E-03  -8.1071355502E-03   5.9356853636E-06
O2         8.0          -9.4239645881E-01   3.3546216369E+00   9.8663157200E-06
H3         1.0           3.3300556473E-01   4.7440001944E+00  -2.5437408944E-04
O4         8.0          -3.5107542886E+00  -9.8284862133E-01   1.2039500773E-05
H5         1.0          -4.5763595560E+00  -8.2154886584E-01   1.5381875633E+00
O6         8.0           9.8290937253E-01  -3.3551566797E+00   1.9294659619E-06
H7         1.0           2.7245848808E+00  -4.0647087818E+00  -4.4351677808E-04
O8         8.0           3.4852840127E+00   1.0070813491E+00  -1.1143826166E-07
H9         1.0           4.5527354670E+00   8.3877055846E-01   1.5368156221E+00
H10        1.0          -2.6722145784E+00   4.0937069272E+00   5.3084352379E-05
H11        1.0          -4.5762559801E+00  -8.2179097755E-01  -1.5382607485E+00
H12        1.0          -2.6518077911E-01  -4.7696386612E+00   2.4940800032E-04
H13        1.0           4.5528723020E+00   8.3862792193E-01  -1.5367030283E+00
</Nuclei of Molecule>
<Total Number of CPs of DelSqRho>
    86
</Total Number of CPs of DelSqRho>
<Number of (3,+3) CPs of DelSqRho>
    10
</Number of (3,+3) CPs of DelSqRho>
<Number of (3,+1) CPs of DelSqRho>
    30
</Number of (3,+1) CPs of DelSqRho>
<Number of (3,-1) CPs of DelSqRho>
    34
</Number of (3,-1) CPs of DelSqRho>
<Number of (3,-3) CPs of DelSqRho>
    12
</Number of (3,-3) CPs of DelSqRho>
<Number of Degenerate CPs of DelSqRho>
     0
</Number of Degenerate CPs of DelSqRho>
<CP of DelSqRho>
CP# = 1       
Type = (3,+3)
Coords = -6.91172938627996E-03 -8.10713555086979E-03  5.93568536786731E-06
DistFromNuc =  7.6637438300E-13
Rho =  1.4831757292E+04
DelSqRho = -1.0710083290E+10
GradDelSqRho = -5.3458812588E-02 -3.4045347449E-02  4.0089559889E-05
HessDelSqRho_EigVals =  1.2806735961E+17  1.2806735973E+17  1.2806736004E+17
HessDelSqRho_EigVec1 = -3.4565550008E-01  9.3836148431E-01 -5.6706266402E-06
HessDelSqRho_EigVec2 =  9.3836148432E-01  3.4565550009E-01  4.8610764106E-07
HessDelSqRho_EigVec3 = -2.4162279747E-06  5.1530718513E-06  9.9999999998E-01
</CP of DelSqRho>
<CP of DelSqRho>
CP# = 2       
Type = (3,+3)
Coords = -7.24268419840783E-02 -2.66523272876126E-02 -1.28095931683897E-01
DistFromNuc =  1.4507323164E-01
Rho =  1.3779810064E+02
DelSqRho = -1.0795971356E+04
GradDelSqRho = -8.7311491370E-11 -2.7284841053E-12 -4.3655745685E-11
HessDelSqRho_EigVals =  5.5101031279E+04  6.3418439323E+04  2.4676090016E+07
HessDelSqRho_EigVec1 =  2.6769421231E-01  9.2456267946E-01 -2.7115246714E-01
HessDelSqRho_EigVec2 =  8.5082760798E-01 -3.5889795508E-01 -3.8377680928E-01
HessDelSqRho_EigVec3 =  4.5214178108E-01  1.2796917435E-01  8.8271835838E-01
</CP of DelSqRho>
<CP of DelSqRho>
CP# = 3       
Type = (3,-3)
Coords =  2.41867735669606E-01  5.39827690700859E-02  2.32464736671080E-06
DistFromNuc =  2.5641056628E-01
Rho =  3.2817807091E+01
DelSqRho =  3.4864344078E+03
GradDelSqRho =  7.2759576142E-12 -6.3664629124E-12  0.0000000000E+00
HessDelSqRho_EigVals = -1.2646833600E+06 -7.0619323500E+04 -4.0634654212E+04
HessDelSqRho_EigVec1 =  9.7026644350E-01  2.4203931172E-01 -1.4129952755E-05
HessDelSqRho_EigVec2 = -2.4203931176E-01  9.7026644359E-01 -1.4344364720E-06
HessDelSqRho_EigVec3 =  1.3362628991E-05  4.8117896141E-06  9.9999999990E-01
</CP of DelSqRho>
<CP of DelSqRho>
CP# = 4       
Type = (3,-3)
Coords = -2.55696164878116E-01 -7.01806718853593E-02  9.42461398086724E-06
DistFromNuc =  2.5641142578E-01
Rho =  3.2817653626E+01
DelSqRho =  3.4863578962E+03
GradDelSqRho =  0.0000000000E+00 -1.3642420527E-12  2.2204460493E-16
HessDelSqRho_EigVals = -1.2646420358E+06 -7.0632045956E+04 -4.0628667843E+04
HessDelSqRho_EigVec1 =  9.7029536284E-01  2.4192335287E-01 -1.3472176273E-05
HessDelSqRho_EigVec2 = -2.4192335291E-01  9.7029536292E-01 -1.5965328356E-06
HessDelSqRho_EigVec3 =  1.2685751589E-05  4.8083424619E-06  9.9999999991E-01
</CP of DelSqRho>
<CP of DelSqRho>
CP# = 5       
Type = (3,-1)
Coords =  1.75252077734081E-01 -6.79201428988357E-02  1.72924329823942E-01
DistFromNuc =  2.5818989040E-01
Rho =  3.3593799779E+01
DelSqRho =  3.0098631846E+03
GradDelSqRho =  0.0000000000E+00 -2.9558577808E-12 -4.7748471843E-12
HessDelSqRho_EigVals = -1.1917174072E+06 -1.5550253280E+04  4.1838619698E+04
HessDelSqRho_EigVec1 =  7.0663277494E-01 -2.3251949226E-01  6.6828497447E-01
HessDelSqRho_EigVec2 = -3.9689389877E-01  6.5164671869E-01  6.4639909278E-01
HessDelSqRho_EigVec3 =  5.8578609961E-01  7.2200501366E-01 -3.6818936128E-01
</CP of DelSqRho>
<CP of DelSqRho>
CP# = 6       
Type = (3,+1)
Coords =  2.08293307658519E-01 -1.51255582317879E-01  9.30132693974071E-07
DistFromNuc =  2.5846602447E-01
Rho =  3.3778538750E+01
DelSqRho =  2.8543952211E+03
GradDelSqRho =  2.7284841053E-11 -2.5693225325E-11 -3.5527136788E-15
HessDelSqRho_EigVals = -1.1770503532E+06  2.0639249400E+04  6.2750108451E+04
HessDelSqRho_EigVec1 =  8.3229007226E-01 -5.5434036048E-01 -1.9203486891E-05
HessDelSqRho_EigVec2 =  1.5548031733E-05 -1.1298138977E-05  9.9999999982E-01
HessDelSqRho_EigVec3 =  5.5434036059E-01  8.3229007240E-01  7.8442739006E-07
</CP of DelSqRho>
<CP of DelSqRho>
CP# = 7       
Type = (3,-1)
Coords = -6.92636155096800E-03 -8.10843932164078E-03  2.58525365705088E-01
DistFromNuc =  2.5851943044E-01
Rho =  3.3676795196E+01
DelSqRho =  2.9949253001E+03
GradDelSqRho = -3.9968028887E-15  9.1038288019E-15 -5.2409632190E-11
HessDelSqRho_EigVals = -1.1817040599E+06 -1.0354029408E+04  2.9767477175E+04
HessDelSqRho_EigVec1 = -6.8996397333E-05 -1.3080096770E-05  9.9999999753E-01
HessDelSqRho_EigVec2 =  9.6624596091E-01  2.5762130756E-01  7.0037202047E-05
HessDelSqRho_EigVec3 = -2.5762130785E-01  9.6624596336E-01 -5.1363514261E-06
</CP of DelSqRho>
<CP of DelSqRho>
CP# = 8       
Type = (3,-1)
Coords = -6.92438734412283E-03 -8.11398261338938E-03 -2.58513490577498E-01
DistFromNuc =  2.5851942666E-01
Rho =  3.3676797322E+01
DelSqRho =  2.9949256397E+03
GradDelSqRho = -1.1546319456E-14  1.9984014443E-14 -2.7625901566E-11
HessDelSqRho_EigVals = -1.1817042661E+06 -1.0354011572E+04  2.9767426313E+04
HessDelSqRho_EigVec1 =  6.1327005046E-05  3.4563467481E-05  9.9999999752E-01
HessDelSqRho_EigVec2 =  9.6624598478E-01  2.5762121856E-01 -6.8161255163E-05
HessDelSqRho_EigVec3 = -2.5762122028E-01  9.6624598657E-01 -1.7597673903E-05
</CP of DelSqRho>
<CP of DelSqRho>
CP# = 9       
Type = (3,+1)
Coords =  1.16038274995707E-01  2.19268290397232E-01 -3.16394917559809E-06
DistFromNuc =  2.5848846780E-01
Rho =  3.3769739037E+01
DelSqRho =  2.8571196713E+03
GradDelSqRho = -4.2064129957E-12  1.8189894035E-12 -1.7763568394E-15
HessDelSqRho_EigVals = -1.1765626986E+06  1.9153559612E+04  6.2565795848E+04
HessDelSqRho_EigVec1 =  4.7512049947E-01  8.7992074061E-01 -3.5058603364E-05
HessDelSqRho_EigVec2 =  1.7093645668E-05  3.0613054826E-05  9.9999999939E-01
HessDelSqRho_EigVec3 =  8.7992074114E-01 -4.7512049978E-01 -4.9616345689E-07
</CP of DelSqRho>
<CP of DelSqRho>
CP# = 10      
Type = (3,+1)
Coords = -2.22116822274522E-01  1.35048180984923E-01  1.08851700298969E-05
DistFromNuc =  2.5846987577E-01
Rho =  3.3776968196E+01
DelSqRho =  2.8543230379E+03
GradDelSqRho = -9.0949470177E-13  1.4694023776E-11 -1.7763568394E-15
HessDelSqRho_EigVals = -1.1769815424E+06  2.0644377424E+04  6.2750921040E+04
HessDelSqRho_EigVec1 =  8.3230226018E-01 -5.5432206103E-01 -1.9116734189E-05
HessDelSqRho_EigVec2 =  1.5103158855E-05 -1.1809634498E-05  9.9999999982E-01
HessDelSqRho_EigVec3 =  5.5432206115E-01  8.3230226031E-01  1.4571713395E-06
</CP of DelSqRho>
<CP of DelSqRho>
CP# = 11      
Type = (3,+1)
Coords = -1.29871305720200E-01 -2.35491629892367E-01  1.50387857796024E-05
DistFromNuc =  2.5850099760E-01
Rho =  3.3764667001E+01
DelSqRho =  2.8568145326E+03
GradDelSqRho =  2.2737367544E-12 -1.8189894035E-12 -8.8817841970E-16
HessDelSqRho_EigVals = -1.1763095378E+06  1.9165641298E+04  6.2577480055E+04
HessDelSqRho_EigVec1 =  4.7512783771E-01  8.7991677822E-01 -3.5129374581E-05
HessDelSqRho_EigVec2 =  1.6364107298E-05  3.1087407718E-05  9.9999999938E-01
HessDelSqRho_EigVec3 =  8.7991677877E-01 -4.7512783799E-01  3.7144023630E-07
</CP of DelSqRho>
<CP of DelSqRho>
CP# = 12      
Type = (3,-3)
Coords = -5.99681482208157E-02  2.02270277136270E-01  1.37525059775758E-01
DistFromNuc =  2.5687574591E-01
Rho =  3.3037297064E+01
DelSqRho =  3.3509276744E+03
GradDelSqRho = -5.2295945352E-12  7.2759576142E-12  1.8189894035E-12
HessDelSqRho_EigVals = -1.2445274747E+06 -5.3493400948E+04 -1.7409544085E+04
HessDelSqRho_EigVec1 = -2.0690710654E-01  8.2004018084E-01  5.3359493165E-01
HessDelSqRho_EigVec2 =  9.7162629371E-01  2.3611283447E-01  1.3895134964E-02
HessDelSqRho_EigVec3 =  1.1459404278E-01 -5.2132986795E-01  8.4562602499E-01
</CP of DelSqRho>
<CP of DelSqRho>
CP# = 13      
Type = (3,-3)
Coords =  4.61704154758351E-02 -2.18469547811079E-01  1.37535854423408E-01
DistFromNuc =  2.5687455527E-01
Rho =  3.3037942553E+01
DelSqRho =  3.3509068335E+03
GradDelSqRho =  2.5011104299E-12  0.0000000000E+00  4.5474735089E-12
HessDelSqRho_EigVals = -1.2445308715E+06 -5.3501024666E+04 -1.7410601405E+04
HessDelSqRho_EigVec1 = -2.0705522349E-01  8.1997345711E-01 -5.3364001355E-01
HessDelSqRho_EigVec2 =  9.7158023429E-01  2.3630300052E-01 -1.3883093647E-02
HessDelSqRho_EigVec3 = -1.1471696811E-01  5.2134865644E-01  8.4559777415E-01
</CP of DelSqRho>
<CP of DelSqRho>
CP# = 14      
Type = (3,-1)
Coords =  1.75243951440808E-01 -6.79196204851761E-02 -1.72921273875688E-01
DistFromNuc =  2.5818994020E-01
Rho =  3.3593826786E+01
DelSqRho =  3.0098556496E+03
GradDelSqRho =  4.5474735089E-12 -5.4001247918E-12  1.5916157281E-12
HessDelSqRho_EigVals = -1.1917156825E+06 -1.5548493290E+04  4.1837798893E+04
HessDelSqRho_EigVec1 =  7.0660131613E-01 -2.3251718755E-01 -6.6831903874E-01
HessDelSqRho_EigVec2 =  3.9693219900E-01 -6.5163924432E-01  6.4638310982E-01
HessDelSqRho_EigVec3 =  5.8579809614E-01  7.2201250180E-01  3.6815558912E-01
</CP of DelSqRho>
<CP of DelSqRho>
CP# = 15      
Type = (3,-3)
Coords = -5.99742883127226E-02  2.02265100119207E-01 -1.37518859965291E-01
DistFromNuc =  2.5687581069E-01
Rho =  3.3037302080E+01
DelSqRho =  3.3509192897E+03
GradDelSqRho = -9.0949470177E-13  7.2759576142E-12  1.8189894035E-12
HessDelSqRho_EigVals = -1.2445255756E+06 -5.3492223570E+04 -1.7408689125E+04
HessDelSqRho_EigVec1 = -2.0693093855E-01  8.2001990243E-01 -5.3361685346E-01
HessDelSqRho_EigVec2 =  9.7162442866E-01  2.3611796356E-01 -1.3938325709E-02
HessDelSqRho_EigVec3 = -1.1456682027E-01  5.2135944118E-01  8.4561148099E-01
</CP of DelSqRho>
<CP of DelSqRho>
CP# = 16      
Type = (3,-3)
Coords =  4.61642597336879E-02 -2.18474755521716E-01 -1.37518391939326E-01
DistFromNuc =  2.5687455468E-01
Rho =  3.3037910256E+01
DelSqRho =  3.3509142002E+03
GradDelSqRho =  6.8212102633E-13  1.8189894035E-12 -1.8189894035E-12
HessDelSqRho_EigVals = -1.2445317195E+06 -5.3502063399E+04 -1.7411326508E+04
HessDelSqRho_EigVec1 = -2.0703122642E-01  8.1999369876E-01  5.3361822052E-01
HessDelSqRho_EigVec2 =  9.7158210851E-01  2.3629784233E-01  1.3839658152E-02
HessDelSqRho_EigVec3 =  1.1474440166E-01 -5.2131915724E-01  8.4561223891E-01
</CP of DelSqRho>
<CP of DelSqRho>
CP# = 17      
Type = (3,-1)
Coords =  1.33697551349076E-01  2.70272199158446E-02  3.44381944618868E-06
DistFromNuc =  1.4493237309E-01
Rho =  1.3708167833E+02
DelSqRho = -1.0228215845E+04
GradDelSqRho = -2.9103830457E-11  0.0000000000E+00 -2.3092638912E-14
HessDelSqRho_EigVals = -2.4461471671E+05 -1.3881434197E+05  2.4829085049E+07
HessDelSqRho_EigVec1 = -2.4237068244E-01  9.7018372090E-01  4.2984091394E-07
HessDelSqRho_EigVec2 =  1.6720639544E-05  3.7340885290E-06  9.9999999985E-01
HessDelSqRho_EigVec3 =  9.7018372075E-01  2.4237068241E-01 -1.7127125874E-05
</CP of DelSqRho>
<CP of DelSqRho>
CP# = 18      
Type = (3,-1)
Coords = -1.47548215433075E-01 -4.31343780149944E-02  7.75455881997024E-06
DistFromNuc =  1.4493284281E-01
Rho =  1.3708199633E+02
DelSqRho = -1.0227973297E+04
GradDelSqRho =  2.9103830457E-11 -2.9103830457E-11 -1.2434497876E-14
HessDelSqRho_EigVals = -2.4522889933E+05 -1.3858377000E+05  2.4828463891E+07
HessDelSqRho_EigVec1 = -2.4164452563E-01  9.7036484027E-01 -2.0968599323E-06
HessDelSqRho_EigVec2 =  1.1660796680E-05  5.0647214434E-06  9.9999999992E-01
HessDelSqRho_EigVec3 =  9.7036484020E-01  2.4164452559E-01 -1.2539089319E-05
</CP of DelSqRho>
<CP of DelSqRho>
CP# = 19      
Type = (3,+1)
Coords = -1.20347688292451E-01 -3.99523411370170E-02 -2.30141024482628E-01
DistFromNuc =  2.5855261972E-01
Rho =  3.3710857849E+01
DelSqRho =  2.9590384215E+03
GradDelSqRho =  3.1832314562E-12  2.8421709430E-12  7.2759576142E-12
HessDelSqRho_EigVals = -1.1792464194E+06  1.5876179739E+04  1.8084758644E+04
HessDelSqRho_EigVec1 =  4.3993847881E-01  1.2345433008E-01  8.8950163758E-01
HessDelSqRho_EigVec2 =  6.1919854671E-01  6.7569907903E-01 -4.0002989183E-01
HessDelSqRho_EigVec3 = -6.5042085961E-01  7.2676666337E-01  2.2082328318E-01
</CP of DelSqRho>
<CP of DelSqRho>
CP# = 20      
Type = (3,-1)
Coords = -6.87935712887967E-02  2.41228830087860E-01 -1.26517612525025E-06
DistFromNuc =  2.5690034288E-01
Rho =  3.3090669865E+01
DelSqRho =  3.2932052666E+03
GradDelSqRho =  3.8653524825E-12  5.4569682106E-12 -5.8286708793E-16
HessDelSqRho_EigVals = -1.2412710853E+06 -5.8546230456E+04  1.2204636779E+04
HessDelSqRho_EigVec1 = -2.4097844198E-01  9.7053046821E-01 -2.7775464744E-05
HessDelSqRho_EigVec2 =  9.7053046839E-01  2.4097844122E-01 -2.8079908486E-05
HessDelSqRho_EigVec3 =  2.0559118532E-05  3.3723587406E-05  9.9999999922E-01
</CP of DelSqRho>
<CP of DelSqRho>
CP# = 21      
Type = (3,-1)
Coords =  5.49988467498494E-02 -2.57434946408098E-01  1.26612488872939E-05
DistFromNuc =  2.5689935140E-01
Rho =  3.3091195408E+01
DelSqRho =  3.2931799765E+03
GradDelSqRho = -4.5474735089E-12  0.0000000000E+00 -8.3266726847E-16
HessDelSqRho_EigVals = -1.2412683311E+06 -5.8557198488E+04  1.2206303202E+04
HessDelSqRho_EigVec1 = -2.4116894436E-01  9.7048314750E-01 -2.6241863336E-05
HessDelSqRho_EigVec2 =  9.7048314763E-01  2.4116894363E-01 -2.8126834432E-05
HessDelSqRho_EigVec3 =  2.0967896349E-05  3.2250605098E-05  9.9999999926E-01
</CP of DelSqRho>
<CP of DelSqRho>
CP# = 22      
Type = (3,-1)
Coords = -3.65677275981250E-02  1.09576865692805E-01  7.92878959603483E-02
DistFromNuc =  1.4496424250E-01
Rho =  1.3722991492E+02
DelSqRho = -1.0367897678E+04
GradDelSqRho =  0.0000000000E+00 -5.8207660913E-11  0.0000000000E+00
HessDelSqRho_EigVals = -1.8635792386E+05 -6.2247245540E+04  2.4790470620E+07
HessDelSqRho_EigVec1 =  9.7188514360E-01  2.3498776615E-01  1.4832984015E-02
HessDelSqRho_EigVec2 =  1.1630535476E-01 -5.3389287391E-01  8.3751505279E-01
HessDelSqRho_EigVec3 = -2.0472501583E-01  8.1224328188E-01  5.4621288793E-01
</CP of DelSqRho>
<CP of DelSqRho>
CP# = 23      
Type = (3,-1)
Coords = -1.38723682602506E-01 -1.46750292445818E-01  1.73477199294240E-01
DistFromNuc =  2.5824135080E-01
Rho =  3.3604905309E+01
DelSqRho =  3.0005754545E+03
GradDelSqRho =  2.2737367544E-13  2.5011104299E-12 -8.2991391537E-12
HessDelSqRho_EigVals = -1.1898708706E+06 -1.4026798141E+04  4.2598645694E+04
HessDelSqRho_EigVec1 = -5.1099484416E-01 -5.3799053198E-01  6.7041066275E-01
HessDelSqRho_EigVec2 =  4.9843086820E-02  7.6006779176E-01  6.4792948584E-01
HessDelSqRho_EigVec3 =  8.5813748079E-01 -3.6450396351E-01  3.6157561401E-01
</CP of DelSqRho>
<CP of DelSqRho>
CP# = 24      
Type = (3,-1)
Coords = -3.65710209420740E-02  1.09573958690948E-01 -7.92791037866851E-02
DistFromNuc =  1.4496424042E-01
Rho =  1.3722994923E+02
DelSqRho = -1.0367915584E+04
GradDelSqRho =  0.0000000000E+00  5.8207660913E-11  0.0000000000E+00
HessDelSqRho_EigVals = -1.8635203857E+05 -6.2241743536E+04  2.4790476228E+07
HessDelSqRho_EigVec1 =  9.7188294594E-01  2.3499446990E-01 -1.4870726592E-02
HessDelSqRho_EigVec2 = -1.1628365336E-01  5.3392039777E-01  8.3750051988E-01
HessDelSqRho_EigVec3 = -2.0474777497E-01  8.1222325007E-01 -5.4623414456E-01
</CP of DelSqRho>
<CP of DelSqRho>
CP# = 25      
Type = (3,+1)
Coords =  1.06522946727044E-01  2.37203100803607E-02  2.30158883548218E-01
DistFromNuc =  2.5855520001E-01
Rho =  3.3709655725E+01
DelSqRho =  2.9590207742E+03
GradDelSqRho =  1.8189894035E-12 -1.0231815395E-12 -5.2295945352E-12
HessDelSqRho_EigVals = -1.1792104471E+06  1.5886384549E+04  1.8084485969E+04
HessDelSqRho_EigVec1 =  4.3992180718E-01  1.2338626667E-01  8.8951932681E-01
HessDelSqRho_EigVec2 =  6.2097726169E-01  6.7374553865E-01 -4.0056733468E-01
HessDelSqRho_EigVec3 = -6.4873418596E-01  7.2858958155E-01  2.1977528894E-01
</CP of DelSqRho>
<CP of DelSqRho>
CP# = 26      
Type = (3,+1)
Coords = -1.20342478471068E-01 -3.99442257138294E-02  2.30156584486480E-01
DistFromNuc =  2.5855261803E-01
Rho =  3.3710855102E+01
DelSqRho =  2.9590447200E+03
GradDelSqRho =  1.3642420527E-12 -1.3642420527E-12  6.1390892370E-12
HessDelSqRho_EigVals = -1.1792466847E+06  1.5875481318E+04  1.8082623580E+04
HessDelSqRho_EigVec1 = -4.3991823079E-01 -1.2342285084E-01  8.8951602015E-01
HessDelSqRho_EigVec2 =  6.1919893215E-01  6.7572297852E-01  3.9998892326E-01
HessDelSqRho_EigVec3 = -6.5043418779E-01  7.2674978926E-01 -2.2083955977E-01
</CP of DelSqRho>
<CP of DelSqRho>
CP# = 27      
Type = (3,+1)
Coords =  1.06517594886490E-01  2.37121124267995E-02 -2.30150753940554E-01
DistFromNuc =  2.5855517385E-01
Rho =  3.3709664610E+01
DelSqRho =  2.9590279701E+03
GradDelSqRho = -3.6379788071E-12 -6.8212102633E-13  6.4801497501E-12
HessDelSqRho_EigVals = -1.1792113958E+06  1.5885649805E+04  1.8082278885E+04
HessDelSqRho_EigVec1 = -4.3990121827E-01 -1.2335456290E-01  8.8953390603E-01
HessDelSqRho_EigVec2 =  6.2097896582E-01  6.7376831278E-01  4.0052638453E-01
HessDelSqRho_EigVec3 = -6.4874651612E-01  7.2857388953E-01 -2.1979091272E-01
</CP of DelSqRho>
<CP of DelSqRho>
CP# = 28      
Type = (3,-1)
Coords = -1.38729606414876E-01 -1.46761662338207E-01 -1.73451673612786E-01
DistFromNuc =  2.5824130717E-01
Rho =  3.3604885570E+01
DelSqRho =  3.0005773450E+03
GradDelSqRho =  3.1832314562E-12  5.5706550484E-12  7.1054273576E-12
HessDelSqRho_EigVals = -1.1898722964E+06 -1.4027669843E+04  4.2600870696E+04
HessDelSqRho_EigVec1 =  5.1101792800E-01  5.3803444702E-01  6.7035782317E-01
HessDelSqRho_EigVec2 =  4.9820463540E-02  7.6002547843E-01 -6.4798085894E-01
HessDelSqRho_EigVec3 =  8.5812504839E-01 -3.6452737340E-01 -3.6158151966E-01
</CP of DelSqRho>
<CP of DelSqRho>
CP# = 29      
Type = (3,-1)
Coords = -1.89055399747350E-01  5.16902859154661E-02  1.72948937061847E-01
DistFromNuc =  2.5818855511E-01
Rho =  3.3594546715E+01
DelSqRho =  3.0098625561E+03
GradDelSqRho =  5.4569682106E-12  2.5011104299E-12 -6.1390892370E-12
HessDelSqRho_EigVals = -1.1917337900E+06 -1.5550316226E+04  4.1830072053E+04
HessDelSqRho_EigVec1 =  7.0656281963E-01 -2.3242705487E-01 -6.6839108768E-01
HessDelSqRho_EigVec2 =  3.9698830215E-01 -6.5170314385E-01  6.4628422560E-01
HessDelSqRho_EigVec3 =  5.8580651232E-01  7.2198384779E-01  3.6819838899E-01
</CP of DelSqRho>
<CP of DelSqRho>
CP# = 30      
Type = (3,-1)
Coords =  1.24907356403346E-01  1.30625020852832E-01  1.73397421653095E-01
DistFromNuc =  2.5823921082E-01
Rho =  3.3605464966E+01
DelSqRho =  3.0006717546E+03
GradDelSqRho = -1.3642420527E-12 -3.0695446185E-12  2.9558577808E-12
HessDelSqRho_EigVals = -1.1899336079E+06 -1.4033078618E+04  4.2613185940E+04
HessDelSqRho_EigVec1 =  5.1103036884E-01  5.3838654544E-01  6.7006558620E-01
HessDelSqRho_EigVec2 =  4.9621402151E-02  7.5976442666E-01 -6.4830219221E-01
HessDelSqRho_EigVec3 =  8.5812917359E-01 -3.6455170233E-01 -3.6154719991E-01
</CP of DelSqRho>
<CP of DelSqRho>
CP# = 31      
Type = (3,-1)
Coords =  1.24901283666628E-01  1.30613437878929E-01 -1.73399474844415E-01
DistFromNuc =  2.5823923850E-01
Rho =  3.3605492795E+01
DelSqRho =  3.0006705112E+03
GradDelSqRho = -1.5916157281E-12  5.0022208598E-12 -9.0949470177E-13
HessDelSqRho_EigVals = -1.1899326457E+06 -1.4032195060E+04  4.2610843573E+04
HessDelSqRho_EigVec1 = -5.1100704544E-01 -5.3834155787E-01  6.7011951664E-01
HessDelSqRho_EigVec2 =  4.9644775640E-02  7.5980760570E-01  6.4824979644E-01
HessDelSqRho_EigVec3 =  8.5814171077E-01 -3.6452814624E-01  3.6154119383E-01
</CP of DelSqRho>
<CP of DelSqRho>
CP# = 32      
Type = (3,-1)
Coords = -1.89063275207027E-01  5.16906745455179E-02 -1.72928557061005E-01
DistFromNuc =  2.5818850191E-01
Rho =  3.3594522351E+01
DelSqRho =  3.0098705419E+03
GradDelSqRho = -2.7284841053E-12  3.5242919694E-12 -2.9558577808E-12
HessDelSqRho_EigVals = -1.1917357505E+06 -1.5552039872E+04  4.1830776530E+04
HessDelSqRho_EigVec1 =  7.0659344913E-01 -2.3242838793E-01  6.6835824386E-01
HessDelSqRho_EigVec2 = -3.9695122874E-01  6.5171104398E-01  6.4629903075E-01
HessDelSqRho_EigVec3 =  5.8579469070E-01  7.2197628745E-01 -3.6823202022E-01
</CP of DelSqRho>
<CP of DelSqRho>
CP# = 33      
Type = (3,+1)
Coords = -8.13478926599609E-02 -8.34886922575848E-02  9.90586927648391E-02
DistFromNuc =  1.4503299686E-01
Rho =  1.3772586924E+02
DelSqRho = -1.0757289564E+04
GradDelSqRho = -2.9103830457E-11 -4.6611603466E-11  0.0000000000E+00
HessDelSqRho_EigVals = -4.7906795393E+04  1.4754262118E+05  2.4715081465E+07
HessDelSqRho_EigVec1 = -5.3073866873E-02 -7.7449416583E-01 -6.3035065777E-01
HessDelSqRho_EigVec2 = -8.5641190056E-01  3.5993866616E-01 -3.7013891065E-01
HessDelSqRho_EigVec3 = -5.1355800182E-01 -5.2019510157E-01  6.8238935738E-01
</CP of DelSqRho>
<CP of DelSqRho>
CP# = 34      
Type = (3,+1)
Coords = -8.13505778303039E-02 -8.34949539798292E-02 -9.90400238202787E-02
DistFromNuc =  1.4503298735E-01
Rho =  1.3772586603E+02
DelSqRho = -1.0757290857E+04
GradDelSqRho =  0.0000000000E+00 -7.2532202466E-11  0.0000000000E+00
HessDelSqRho_EigVals = -4.7909150932E+04  1.4754891223E+05  2.4715091437E+07
HessDelSqRho_EigVec1 = -5.3055549658E-02 -7.7445476385E-01  6.3040060866E-01
HessDelSqRho_EigVec2 = -8.5640197206E-01  3.5996096436E-01  3.7014019829E-01
HessDelSqRho_EigVec3 =  5.1357645089E-01  5.2023833277E-01  6.8234251385E-01
</CP of DelSqRho>
<CP of DelSqRho>
CP# = 35      
Type = (3,-1)
Coords =  5.79790726443920E-01  1.39013620899322E-01 -2.69578833091947E-06
DistFromNuc =  6.0486716619E-01
Rho =  3.6198806931E+00
DelSqRho =  3.5335523565E+00
GradDelSqRho = -4.6895820560E-13  4.2632564146E-14 -8.3266726847E-17
HessDelSqRho_EigVals = -1.6257211022E+03 -8.8082102381E+02  5.0817231115E+03
HessDelSqRho_EigVec1 = -2.4324526815E-01  9.6996481355E-01 -1.8809672777E-06
HessDelSqRho_EigVec2 =  1.3554541045E-05  5.3383846261E-06  9.9999999989E-01
HessDelSqRho_EigVec3 =  9.6996481345E-01  2.4324526810E-01 -1.4445964677E-05
</CP of DelSqRho>
<CP of DelSqRho>
CP# = 36      
Type = (3,-1)
Coords = -5.93592005873265E-01 -1.55384439174003E-01  1.55782598379078E-05
DistFromNuc =  6.0488375005E-01
Rho =  3.6187910024E+00
DelSqRho =  3.5480709351E+00
GradDelSqRho = -1.7053025658E-13  8.5265128291E-14 -1.3877787808E-17
HessDelSqRho_EigVals = -1.6250363258E+03 -8.8138951363E+02  5.0797115907E+03
HessDelSqRho_EigVec1 = -2.4345049295E-01  9.6991332473E-01 -1.2658305791E-06
HessDelSqRho_EigVec2 =  1.5090533406E-05  5.0928554642E-06  9.9999999987E-01
HessDelSqRho_EigVec3 =  9.6991332461E-01  2.4345049290E-01 -1.5876367601E-05
</CP of DelSqRho>
<CP of DelSqRho>
CP# = 37      
Type = (3,+1)
Coords = -1.44990707513286E-01  5.50292773088419E-01 -5.27271605598656E-06
DistFromNuc =  5.7521844746E-01
Rho =  4.3805172937E+00
DelSqRho = -2.7402361844E+01
GradDelSqRho =  1.2079226508E-13 -3.3395508581E-13  2.3956531203E-15
HessDelSqRho_EigVals = -1.8054677780E+03  4.8060664674E+02  9.1653607075E+03
HessDelSqRho_EigVec1 =  9.7069083261E-01  2.4033165989E-01 -2.7314666963E-05
HessDelSqRho_EigVec2 =  2.1880535094E-05  2.5279366530E-05  9.9999999944E-01
HessDelSqRho_EigVec3 = -2.4033166045E-01  9.7069083266E-01 -1.9279864026E-05
</CP of DelSqRho>
<CP of DelSqRho>
CP# = 38      
Type = (3,+1)
Coords =  1.30922245302217E-01 -5.66559477341199E-01  2.05425557536028E-05
DistFromNuc =  5.7521059000E-01
Rho =  4.3804915781E+00
DelSqRho = -2.7410996135E+01
GradDelSqRho =  2.5934809855E-13 -1.1368683772E-13 -3.7209818560E-15
HessDelSqRho_EigVals = -1.8049763797E+03  4.8052084664E+02  9.1666983899E+03
HessDelSqRho_EigVec1 =  9.7077758973E-01  2.3998097956E-01 -2.7114687474E-05
HessDelSqRho_EigVec2 =  2.0186886123E-05  3.1326277670E-05  9.9999999931E-01
HessDelSqRho_EigVec3 = -2.3998098024E-01  9.7077758960E-01 -2.5566379625E-05
</CP of DelSqRho>
<CP of DelSqRho>
CP# = 39      
Type = (3,+1)
Coords = -6.70507953797503E-03 -8.08300627098904E-03  5.55482153928516E-01
DistFromNuc =  5.5547625721E-01
Rho =  5.3238611088E+00
DelSqRho = -6.0674359147E+01
GradDelSqRho = -2.2204460493E-15 -1.1102230246E-15 -3.4106051316E-13
HessDelSqRho_EigVals = -4.9054042828E+02  1.0397231153E+03  1.2568402087E+04
HessDelSqRho_EigVec1 =  9.6670335900E-01  2.5589935419E-01 -3.6907986906E-04
HessDelSqRho_EigVec2 = -2.5589935290E-01  9.6670342843E-01  5.1517252111E-05
HessDelSqRho_EigVec3 =  3.6997400633E-04  4.4645399000E-05  9.9999993056E-01
</CP of DelSqRho>
<CP of DelSqRho>
CP# = 40      
Type = (3,+1)
Coords = -6.70044120626290E-03 -8.09568298875011E-03 -5.55470230163253E-01
DistFromNuc =  5.5547620615E-01
Rho =  5.3238615953E+00
DelSqRho = -6.0674442006E+01
GradDelSqRho = -2.4424906542E-15 -1.1102230246E-16  7.3896444519E-13
HessDelSqRho_EigVals = -4.9054495533E+02  1.0397325528E+03  1.2568415449E+04
HessDelSqRho_EigVec1 =  9.6670324094E-01  2.5589979685E-01  3.7137854069E-04
HessDelSqRho_EigVec2 = -2.5589978659E-01  9.6670331203E-01 -7.5702692981E-05
HessDelSqRho_EigVec3 = -3.7838516906E-04 -2.1853650655E-05  9.9999992817E-01
</CP of DelSqRho>
<CP of DelSqRho>
CP# = 41      
Type = (3,-1)
Coords = -1.21855846657696E-01  4.47784108424311E-01  3.50610919497501E-01
DistFromNuc =  5.8649197019E-01
Rho =  4.1208965384E+00
DelSqRho = -1.3710118231E+01
GradDelSqRho = -8.5265128291E-14  5.4711790654E-13  2.1316282073E-13
HessDelSqRho_EigVals = -1.4248230527E+03 -5.4859665744E+02  7.3641683566E+03
HessDelSqRho_EigVec1 =  9.7207275644E-01  2.3422809782E-01  1.4551782974E-02
HessDelSqRho_EigVec2 =  1.2827736885E-01 -5.8224255546E-01  8.0283156593E-01
HessDelSqRho_EigVec3 = -1.9651837786E-01  7.7854402881E-01  5.9602828990E-01
</CP of DelSqRho>
<CP of DelSqRho>
CP# = 42      
Type = (3,-1)
Coords =  1.07902297844107E-01 -4.64028147668472E-01  3.50591201692233E-01
DistFromNuc =  5.8647784176E-01
Rho =  4.1211191868E+00
DelSqRho = -1.3724387845E+01
GradDelSqRho = -1.5631940187E-13  5.6843418861E-13 -6.1106675275E-13
HessDelSqRho_EigVals = -1.4245274104E+03 -5.4852736856E+02  7.3662328725E+03
HessDelSqRho_EigVec1 =  9.7220800116E-01  2.3363349841E-01 -1.5066216933E-02
HessDelSqRho_EigVec2 = -1.2751631277E-01  5.8239988020E-01  8.0283869458E-01
HessDelSqRho_EigVec3 = -1.9634457581E-01  7.7860501409E-01 -5.9600590567E-01
</CP of DelSqRho>
<CP of DelSqRho>
CP# = 43      
Type = (3,-1)
Coords = -1.21870178346953E-01  4.47769675976330E-01 -3.50612438742787E-01
DistFromNuc =  5.8649156581E-01
Rho =  4.1209141264E+00
DelSqRho = -1.3710672651E+01
GradDelSqRho = -1.4921397451E-13  8.5265128291E-14 -1.9895196601E-13
HessDelSqRho_EigVals = -1.4247997516E+03 -5.4859221234E+02  7.3642198237E+03
HessDelSqRho_EigVec1 =  9.7206977333E-01  2.3423832112E-01 -1.4586455726E-02
HessDelSqRho_EigVec2 = -1.2826229540E-01  5.8227067421E-01  8.0281358081E-01
HessDelSqRho_EigVec3 = -1.9654297075E-01  7.7851992323E-01 -5.9605166704E-01
</CP of DelSqRho>
<CP of DelSqRho>
CP# = 44      
Type = (3,-1)
Coords =  1.07888380745228E-01 -4.64043286775436E-01 -3.50566135944992E-01
DistFromNuc =  5.8647899936E-01
Rho =  4.1210781324E+00
DelSqRho = -1.3723160611E+01
GradDelSqRho = -1.4210854715E-13  3.5527136788E-13  3.5527136788E-13
HessDelSqRho_EigVals = -1.4245484923E+03 -5.4853974593E+02  7.3660710338E+03
HessDelSqRho_EigVec1 =  9.7221103368E-01  2.3362305485E-01  1.5032439386E-02
HessDelSqRho_EigVec2 =  1.2753050932E-01 -5.8237174123E-01  8.0285685163E-01
HessDelSqRho_EigVec3 = -1.9632033819E-01  7.7862919496E-01  5.9598229971E-01
</CP of DelSqRho>
<CP of DelSqRho>
CP# = 45      
Type = (3,+1)
Coords =  2.78368096818874E-01  2.52061093983044E-01  3.94887765562866E-01
DistFromNuc =  5.5227144274E-01
Rho =  5.3553463761E+00
DelSqRho = -6.6777772277E+01
GradDelSqRho = -3.2684965845E-13 -6.1284310959E-13 -3.4106051316E-13
HessDelSqRho_EigVals = -4.7712366685E+02  1.5150938675E+03  1.3390510504E+04
HessDelSqRho_EigVec1 =  5.2190881813E-02  8.1551788084E-01 -5.7637374843E-01
HessDelSqRho_EigVec2 =  8.5473164364E-01 -3.3495424313E-01 -3.9653432684E-01
HessDelSqRho_EigVec3 =  5.1643966657E-01  4.7194940516E-01  7.1453049603E-01
</CP of DelSqRho>
<CP of DelSqRho>
CP# = 46      
Type = (3,+1)
Coords = -2.92216656297115E-01 -2.68895502795129E-01  3.94466712855109E-01
DistFromNuc =  5.5227599851E-01
Rho =  5.3544936671E+00
DelSqRho = -6.6778425294E+01
GradDelSqRho = -5.6843418861E-14 -3.3573144265E-13  2.8421709430E-13
HessDelSqRho_EigVals = -4.7840334880E+02  1.5175292537E+03  1.3389927769E+04
HessDelSqRho_EigVec1 =  5.1618459072E-02  8.1485236441E-01  5.7736570638E-01
HessDelSqRho_EigVec2 =  8.5474064472E-01 -3.3504348719E-01  3.9643951866E-01
HessDelSqRho_EigVec3 = -5.1648229878E-01 -4.7303433904E-01  7.1378186383E-01
</CP of DelSqRho>
<CP of DelSqRho>
CP# = 47      
Type = (3,+1)
Coords =  2.78355916422766E-01  2.52033889594025E-01 -3.94902976177997E-01
DistFromNuc =  5.5227170068E-01
Rho =  5.3553565874E+00
DelSqRho = -6.6777163512E+01
GradDelSqRho =  2.1316282073E-13  2.9487523534E-13 -5.4001247918E-13
HessDelSqRho_EigVals = -4.7708713654E+02  1.5149874036E+03  1.3390431134E+04
HessDelSqRho_EigVec1 =  5.2208223426E-02  8.1555804718E-01  5.7631534171E-01
HessDelSqRho_EigVec2 =  8.5474395709E-01 -3.3492625890E-01  3.9653142235E-01
HessDelSqRho_EigVec3 = -5.1641753380E-01 -4.7189985461E-01  7.1457921744E-01
</CP of DelSqRho>
<CP of DelSqRho>
CP# = 48      
Type = (3,+1)
Coords = -2.92230333203486E-01 -2.68924707135951E-01 -3.94424981363553E-01
DistFromNuc =  5.5227552875E-01
Rho =  5.3544884851E+00
DelSqRho = -6.6779384936E+01
GradDelSqRho =  3.5527136788E-13  2.2559731860E-13  4.8316906032E-13
HessDelSqRho_EigVals = -4.7844616857E+02  1.5176605514E+03  1.3390063212E+04
HessDelSqRho_EigVec1 =  5.1598295019E-02  8.1480916324E-01 -5.7742847475E-01
HessDelSqRho_EigVec2 =  8.5472669312E-01 -3.3507324712E-01 -3.9644444645E-01
HessDelSqRho_EigVec3 =  5.1650740170E-01  4.7308767323E-01  7.1372834988E-01
</CP of DelSqRho>
<CP of DelSqRho>
CP# = 49      
Type = (3,+3)
Coords = -4.51411284352893E-01  2.91770667213768E-01  1.53170854865354E-05
DistFromNuc =  5.3619637358E-01
Rho =  5.9454177013E+00
DelSqRho = -1.0459916209E+02
GradDelSqRho =  6.3948846218E-13  1.9895196601E-13  0.0000000000E+00
HessDelSqRho_EigVals =  1.1276576003E+03  2.9545278919E+03  1.7605360562E+04
HessDelSqRho_EigVec1 =  1.5630610128E-05 -8.1679618730E-06  9.9999999984E-01
HessDelSqRho_EigVec2 =  5.5847571797E-01  8.2952086920E-01 -1.9538213815E-06
HessDelSqRho_EigVec3 =  8.2952086905E-01 -5.5847571791E-01 -1.7527525671E-05
</CP of DelSqRho>
<CP of DelSqRho>
CP# = 50      
Type = (3,+3)
Coords =  4.37483315128989E-01 -3.08094692944229E-01 -2.43358367906637E-06
DistFromNuc =  5.3617113896E-01
Rho =  5.9468788789E+00
DelSqRho = -1.0465506128E+02
GradDelSqRho = -2.8421709430E-13 -8.5265128291E-14  4.4408920985E-16
HessDelSqRho_EigVals =  1.1292488544E+03  2.9558656003E+03  1.7613285929E+04
HessDelSqRho_EigVec1 =  1.2920855562E-05 -8.8174336036E-06  9.9999999988E-01
HessDelSqRho_EigVec2 =  5.5870424683E-01  8.2936696617E-01  9.3951282244E-08
HessDelSqRho_EigVec3 =  8.2936696607E-01 -5.5870424676E-01 -1.5642468378E-05
</CP of DelSqRho>
<CP of DelSqRho>
CP# = 51      
Type = (3,+1)
Coords = -3.83971704095136E-01  8.74195088105142E-02  3.92852043336680E-01
DistFromNuc =  5.5283598708E-01
Rho =  5.3281340542E+00
DelSqRho = -6.5574736662E+01
GradDelSqRho = -1.4921397451E-13  6.5725203058E-14  3.6592950892E-13
HessDelSqRho_EigVals = -5.3979483493E+02  1.4904939282E+03  1.3274165871E+04
HessDelSqRho_EigVec1 = -4.2351114504E-01  6.9774571290E-01 -5.7774495251E-01
HessDelSqRho_EigVec2 = -5.9581075433E-01 -6.9495634339E-01 -4.0254841423E-01
HessDelSqRho_EigVec3 = -6.8238394987E-01  1.7374291612E-01  7.1004615628E-01
</CP of DelSqRho>
<CP of DelSqRho>
CP# = 52      
Type = (3,+1)
Coords =  3.70002148721688E-01 -1.03535955756688E-01  3.93040274300581E-01
DistFromNuc =  5.5285325591E-01
Rho =  5.3278242233E+00
DelSqRho = -6.5542470778E+01
GradDelSqRho = -1.4210854715E-13 -4.4408920985E-14 -1.2079226508E-13
HessDelSqRho_EigVals = -5.3958200528E+02  1.4882286959E+03  1.3269786288E+04
HessDelSqRho_EigVec1 = -4.2365381315E-01  6.9799180052E-01  5.7734295962E-01
HessDelSqRho_EigVec2 =  5.9603239997E-01  6.9475371074E-01 -4.0257006794E-01
HessDelSqRho_EigVec3 = -6.8210177012E-01  1.7356476548E-01 -7.1036078677E-01
</CP of DelSqRho>
<CP of DelSqRho>
CP# = 53      
Type = (3,+1)
Coords = -3.83994544160027E-01  8.74252392062197E-02 -3.92817152821929E-01
DistFromNuc =  5.5283619879E-01
Rho =  5.3281052800E+00
DelSqRho = -6.5574281759E+01
GradDelSqRho =  6.2172489379E-13  1.0658141036E-13  3.5171865420E-13
HessDelSqRho_EigVals = -5.3988970810E+02  1.4905716053E+03  1.3274145669E+04
HessDelSqRho_EigVec1 = -4.2346810215E-01  6.9774849589E-01  5.7777314142E-01
HessDelSqRho_EigVec2 =  5.9579438190E-01  6.9495093685E-01 -4.0258197907E-01
HessDelSqRho_EigVec3 = -6.8242495628E-01  1.7375336503E-01 -7.1000418815E-01
</CP of DelSqRho>
<CP of DelSqRho>
CP# = 54      
Type = (3,+1)
Coords =  3.69982039183071E-01 -1.03531690799773E-01 -3.93048254156379E-01
DistFromNuc =  5.5285292319E-01
Rho =  5.3278539878E+00
DelSqRho = -6.5543116825E+01
GradDelSqRho = -2.1671553441E-13  9.4146912488E-14  1.6342482922E-13
HessDelSqRho_EigVals = -5.3949879471E+02  1.4881736811E+03  1.3269840408E+04
HessDelSqRho_EigVec1 = -4.2369206737E-01  6.9798758607E-01 -5.7731998210E-01
HessDelSqRho_EigVec2 = -5.9604626356E-01 -6.9475990889E-01 -4.0253884371E-01
HessDelSqRho_EigVec3 = -6.8206589399E-01  1.7355690332E-01  7.1039715481E-01
</CP of DelSqRho>
<CP of DelSqRho>
CP# = 55      
Type = (3,+3)
Coords = -2.73149865992042E-01 -8.38927339403353E-02  4.76000515289711E-01
DistFromNuc =  5.5063331003E-01
Rho =  5.4733321703E+00
DelSqRho = -7.0396075812E+01
GradDelSqRho = -1.2789769244E-13  8.5265128291E-14 -2.5579538487E-13
HessDelSqRho_EigVals =  4.9365801201E+02  7.7826421545E+02  1.3684560383E+04
HessDelSqRho_EigVec1 = -1.1642580899E-01  9.8890022990E-01  9.2311246911E-02
HessDelSqRho_EigVec2 =  8.6758849437E-01  5.6018887980E-02  4.9411748464E-01
HessDelSqRho_EigVec3 = -4.8346172076E-01 -1.3761620361E-01  8.6448050589E-01
</CP of DelSqRho>
<CP of DelSqRho>
CP# = 56      
Type = (3,+3)
Coords =  2.59290712514708E-01  6.77553213773709E-02  4.76031526332611E-01
DistFromNuc =  5.5065344401E-01
Rho =  5.4727551504E+00
DelSqRho = -7.0353708689E+01
GradDelSqRho = -2.1316282073E-13  0.0000000000E+00 -4.1211478674E-13
HessDelSqRho_EigVals =  4.9206249327E+02  7.7722935093E+02  1.3679412327E+04
HessDelSqRho_EigVec1 = -1.1341958481E-01  9.8907144461E-01 -9.4200187005E-02
HessDelSqRho_EigVec2 =  8.6803298583E-01  5.2517244209E-02 -4.9372125189E-01
HessDelSqRho_EigVec3 =  4.8337845762E-01  1.3776652899E-01  8.6450312330E-01
</CP of DelSqRho>
<CP of DelSqRho>
CP# = 57      
Type = (3,+3)
Coords = -2.73160340971530E-01 -8.39132711709344E-02 -4.75978469431071E-01
DistFromNuc =  5.5063240668E-01
Rho =  5.4733563996E+00
DelSqRho = -7.0398013502E+01
GradDelSqRho =  7.1054273576E-13  1.8474111130E-13  7.1054273576E-13
HessDelSqRho_EigVals =  4.9373709606E+02  7.7833716376E+02  1.3684781793E+04
HessDelSqRho_EigVec1 = -1.1629394451E-01  9.8890485694E-01 -9.2427822593E-02
HessDelSqRho_EigVec2 =  8.6759521719E-01  5.5844741276E-02 -4.9412539297E-01
HessDelSqRho_EigVec3 =  4.8348139320E-01  1.3765372785E-01  8.6446352938E-01
</CP of DelSqRho>
<CP of DelSqRho>
CP# = 58      
Type = (3,+3)
Coords =  2.59281597634387E-01  6.77358450330421E-02 -4.76028607877763E-01
DistFromNuc =  5.5065409444E-01
Rho =  5.4727386055E+00
DelSqRho = -7.0352245885E+01
GradDelSqRho = -1.9895196601E-13 -2.9842794902E-13  3.2684965845E-13
HessDelSqRho_EigVals =  4.9199553045E+02  7.7717064569E+02  1.3679258515E+04
HessDelSqRho_EigVec1 = -1.1353960137E-01  9.8906792391E-01  9.4092512032E-02
HessDelSqRho_EigVec2 =  8.6802673027E-01  5.2676358140E-02  4.9371529936E-01
HessDelSqRho_EigVec3 = -4.8336151528E-01 -1.3773105384E-01  8.6451824871E-01
</CP of DelSqRho>
<CP of DelSqRho>
CP# = 59      
Type = (3,+3)
Coords =  2.45017833683835E-01  4.65867462562629E-01 -1.06265566253930E-05
DistFromNuc =  5.3676850194E-01
Rho =  5.9253401209E+00
DelSqRho = -1.0319169669E+02
GradDelSqRho = -9.9475983006E-14 -9.9475983006E-14 -1.1102230246E-16
HessDelSqRho_EigVals =  1.0479259262E+03  2.9179955061E+03  1.7428985335E+04
HessDelSqRho_EigVec1 =  1.6967020743E-05  2.6034591100E-05  9.9999999952E-01
HessDelSqRho_EigVec2 =  8.8245876267E-01 -4.7038976623E-01 -2.7262909113E-06
HessDelSqRho_EigVec3 =  4.7038976593E-01  8.8245876229E-01 -3.0955565970E-05
</CP of DelSqRho>
<CP of DelSqRho>
CP# = 60      
Type = (3,+3)
Coords = -2.58860224581728E-01 -4.82166476879788E-01  2.30275432718855E-05
DistFromNuc =  5.3685221768E-01
Rho =  5.9206825497E+00
DelSqRho = -1.0301743078E+02
GradDelSqRho =  8.5265128291E-14  1.7053025658E-13  8.8817841970E-16
HessDelSqRho_EigVals =  1.0446064993E+03  2.9129822040E+03  1.7402810936E+04
HessDelSqRho_EigVec1 =  2.0076383777E-05  2.5451898977E-05  9.9999999947E-01
HessDelSqRho_EigVec2 =  8.8247976715E-01 -4.7035035935E-01 -5.7456926540E-06
HessDelSqRho_EigVec3 =  4.7035035896E-01  8.8247976680E-01 -3.1903720206E-05
</CP of DelSqRho>
<CP of DelSqRho>
CP# = 61      
Type = (3,+1)
Coords =  4.43065035596183E-01  8.40070831666515E-01 -2.72082727249346E-05
DistFromNuc =  9.6014840217E-01
Rho =  1.2523486997E+00
DelSqRho =  7.9275773240E+00
GradDelSqRho = -2.0428103653E-14 -6.1284310959E-14  0.0000000000E+00
HessDelSqRho_EigVals = -3.3102845526E+02  1.5488325955E+01  4.6162576470E+01
HessDelSqRho_EigVec1 =  4.6979801094E-01  8.8277393916E-01 -3.5532893473E-05
HessDelSqRho_EigVec2 =  1.9646624916E-05  2.9795791398E-05  9.9999999936E-01
HessDelSqRho_EigVec3 =  8.8277393966E-01 -4.6979801133E-01 -3.3455249354E-06
</CP of DelSqRho>
<CP of DelSqRho>
CP# = 62      
Type = (3,+1)
Coords = -4.56887309171434E-01 -8.56295577925747E-01  3.99012792091067E-05
DistFromNuc =  9.6015710034E-01
Rho =  1.2521152528E+00
DelSqRho =  7.9114397121E+00
GradDelSqRho =  2.0872192863E-14  4.3076653355E-14 -3.6429192996E-17
HessDelSqRho_EigVals = -3.3061328680E+02  1.5570625379E+01  4.6323850889E+01
HessDelSqRho_EigVec1 =  4.6981604729E-01  8.8276434023E-01 -3.6253632617E-05
HessDelSqRho_EigVec2 =  1.4434062716E-05  3.3386348947E-05  9.9999999934E-01
HessDelSqRho_EigVec3 =  8.8276434086E-01 -4.6981604751E-01  2.9435666455E-06
</CP of DelSqRho>
<CP of DelSqRho>
CP# = 63      
Type = (3,+1)
