 AIMInt (Version 19.02.13, Professional)
 Portions Copyright (c) 1997-2019 by Todd A. Keith
 AIMInt is a component of the AIMAll package ( http://aim.tkgristmill.com )

 TP:  64-bit Linux

 Licensed To:  Research Group of Fernando Cortes Guzman, UNAM, fercor@unam.mx

 AIMInt is a heavily modified and extended version of the PROAIMV program
 developed by members of R.F.W. Bader's research group

 Much of the Quantum Theory of Atoms in Molecules (QTAIM) is described in the book:
   "Atoms in Molecules - A Quantum Theory"
   R.F.W. Bader, Oxford University Press, Oxford, 1990

 For additional references see:  http://aim.tkgristmill.com/references.html

 Current Directory:  /home/scratch/M_H2O_4_cuadrado_plano/Opt

 Inp File:  Ni3_cuadrado_plano_cc-pvtz-def2-tzv_1_atomicfiles/o2.inp
 Wfx File:  Ni3_cuadrado_plano_cc-pvtz-def2-tzv_1.wfx
 Out File:  Ni3_cuadrado_plano_cc-pvtz-def2-tzv_1_atomicfiles/o2.int

 Wfx Title:   Ni3_cuadrado_plano_cc-pvtz-def2-tzv_1                                         
 Job Title:   Ni3_cuadrado_plano_cc-pvtz-def2-tzv_1                                         
 
<Atom>
O2      
</Atom>
<Nuclei of Molecule>
    13
Ni1       28.0          -6.9117293859E-03  -8.1071355502E-03   5.9356853636E-06
O2         8.0          -9.4239645881E-01   3.3546216369E+00   9.8663157200E-06
H3         1.0           3.3300556473E-01   4.7440001944E+00  -2.5437408944E-04
O4         8.0          -3.5107542886E+00  -9.8284862133E-01   1.2039500773E-05
H5         1.0          -4.5763595560E+00  -8.2154886584E-01   1.5381875633E+00
O6         8.0           9.8290937253E-01  -3.3551566797E+00   1.9294659619E-06
H7         1.0           2.7245848808E+00  -4.0647087818E+00  -4.4351677808E-04
O8         8.0           3.4852840127E+00   1.0070813491E+00  -1.1143826166E-07
H9         1.0           4.5527354670E+00   8.3877055846E-01   1.5368156221E+00
H10        1.0          -2.6722145784E+00   4.0937069272E+00   5.3084352379E-05
H11        1.0          -4.5762559801E+00  -8.2179097755E-01  -1.5382607485E+00
H12        1.0          -2.6518077911E-01  -4.7696386612E+00   2.4940800032E-04
H13        1.0           4.5528723020E+00   8.3862792193E-01  -1.5367030283E+00
</Nuclei of Molecule>
<Total Number of CPs of DelSqRho>
    40
</Total Number of CPs of DelSqRho>
<Number of (3,+3) CPs of DelSqRho>
     5
</Number of (3,+3) CPs of DelSqRho>
<Number of (3,+1) CPs of DelSqRho>
    15
</Number of (3,+1) CPs of DelSqRho>
<Number of (3,-1) CPs of DelSqRho>
    15
</Number of (3,-1) CPs of DelSqRho>
<Number of (3,-3) CPs of DelSqRho>
     5
</Number of (3,-3) CPs of DelSqRho>
<Number of Degenerate CPs of DelSqRho>
     0
</Number of Degenerate CPs of DelSqRho>
<CP of DelSqRho>
CP# = 1       
Type = (3,+3)
Coords = -9.42396500674640E-01  3.35462182472377E+00  9.86625649375872E-06
DistFromNuc =  1.9243508570E-07
Rho =  2.9730511726E+02
DelSqRho = -3.3292849829E+06
GradDelSqRho = -5.8523983171E-07 -2.2663656637E-05  1.3537504451E-11
HessDelSqRho_EigVals =  1.3239731812E+11  1.3239733784E+11  1.3239734340E+11
HessDelSqRho_EigVec1 =  9.0676065559E-05  7.4475822542E-05  9.9999999312E-01
HessDelSqRho_EigVec2 = -1.5132549800E-01  9.8848398574E-01 -5.9896557543E-05
HessDelSqRho_EigVec3 =  9.8848398340E-01  1.5132549152E-01 -1.0090192963E-04
</CP of DelSqRho>
<CP of DelSqRho>
CP# = 2       
Type = (3,+1)
Coords = -5.41862431297035E-01  1.88781332150234E+00  3.98497424215557E-05
DistFromNuc =  1.5205111450E+00
Rho =  1.4560921004E-01
DelSqRho =  3.1942016996E-01
GradDelSqRho =  1.9081958236E-16 -2.3522850334E-15  0.0000000000E+00
HessDelSqRho_EigVals = -4.1166961353E-01  1.0173847700E-01  4.4823091478E+00
HessDelSqRho_EigVec1 =  5.5053981223E-05  1.0644464171E-05  9.9999999843E-01
HessDelSqRho_EigVec2 =  9.6616538870E-01  2.5792331915E-01 -5.5936706785E-05
HessDelSqRho_EigVec3 = -2.5792331933E-01  9.6616539026E-01  3.9153927056E-06
</CP of DelSqRho>
<CP of DelSqRho>
CP# = 3       
Type = (3,+1)
Coords = -1.48831854498408E-01  4.21318638489677E+00 -1.54352306862680E-04
DistFromNuc =  1.1691356785E+00
Rho =  4.0388876283E-01
DelSqRho = -9.2444859977E-01
GradDelSqRho =  6.0507154842E-15  4.3055836674E-15 -1.2468324984E-18
HessDelSqRho_EigVals = -2.9692087108E+01  1.4117713338E+01  1.4800991368E+01
HessDelSqRho_EigVec1 =  6.7275185343E-01  7.3986818022E-01 -1.4001943476E-04
HessDelSqRho_EigVec2 =  1.0023784734E-04  9.8104280920E-05  9.9999999016E-01
HessDelSqRho_EigVec3 =  7.3986818668E-01 -6.7275186085E-01 -8.1629568834E-06
</CP of DelSqRho>
<CP of DelSqRho>
CP# = 4       
Type = (3,-1)
Coords = -9.75403305090694E-01  3.51978076071039E+00  1.66920663895381E-05
DistFromNuc =  1.6842502227E-01
Rho =  2.2407346647E+01
DelSqRho =  1.2618037013E+03
GradDelSqRho =  4.7037929107E-12  3.4674485505E-12 -1.2490009027E-16
HessDelSqRho_EigVals = -4.1548214020E+05 -1.7269203005E+03  5.7364771510E+02
HessDelSqRho_EigVec1 = -1.9589432775E-01  9.8062501020E-01  4.1529194519E-05
HessDelSqRho_EigVec2 =  1.1300259818E-04 -1.9775781811E-05  9.9999999342E-01
HessDelSqRho_EigVec3 =  9.8062500457E-01  1.9589433115E-01 -1.0693921051E-04
</CP of DelSqRho>
<CP of DelSqRho>
CP# = 5       
Type = (3,+1)
Coords = -9.49629264982528E-01  3.38749897656416E+00  1.64782321464646E-01
DistFromNuc =  1.6817608309E-01
Rho =  2.2576697440E+01
DelSqRho =  1.2421973968E+03
GradDelSqRho =  7.6383344094E-13 -1.1937117961E-12  8.6153306711E-12
HessDelSqRho_EigVals = -4.1727563608E+05  2.0847303101E+03  2.4290301056E+03
HessDelSqRho_EigVec1 = -4.2396289076E-02  1.9275366469E-01  9.8033085202E-01
HessDelSqRho_EigVec2 = -1.7283163467E-01  9.6500546424E-01 -1.9721480684E-01
HessDelSqRho_EigVec3 =  9.8403850572E-01  1.7779335963E-01  7.5987196663E-03
</CP of DelSqRho>
<CP of DelSqRho>
CP# = 6       
Type = (3,+1)
Coords = -9.49660868885072E-01  3.38747777111003E+00 -1.64765739595056E-01
DistFromNuc =  1.6817638809E-01
Rho =  2.2576630645E+01
DelSqRho =  1.2421904915E+03
GradDelSqRho =  0.0000000000E+00 -4.2632564146E-13 -4.1904257841E-12
HessDelSqRho_EigVals = -4.1726845856E+05  2.0849868928E+03  2.4292602021E+03
HessDelSqRho_EigVec1 =  4.2584304957E-02 -1.9262742186E-01  9.8034751661E-01
HessDelSqRho_EigVec2 = -1.7280119247E-01  9.6502952263E-01  1.9712373864E-01
HessDelSqRho_EigVec3 =  9.8403573352E-01  1.7779959731E-01 -7.8088632844E-03
</CP of DelSqRho>
<CP of DelSqRho>
CP# = 7       
Type = (3,-3)
Coords = -8.63873075706311E-01  3.20688843424975E+00  1.81024813599684E-05
DistFromNuc =  1.6730517304E-01
Rho =  2.2655101357E+01
DelSqRho =  1.2867418411E+03
GradDelSqRho = -8.0859763329E-12 -7.4464878708E-12  1.9428902931E-16
HessDelSqRho_EigVals = -4.4250635316E+05 -2.6807718340E+03 -1.1111878013E+02
HessDelSqRho_EigVec1 = -4.6854625034E-01  8.8343896722E-01 -4.9968615246E-05
HessDelSqRho_EigVec2 =  7.6886180010E-05  9.7339317597E-05  9.9999999231E-01
HessDelSqRho_EigVec3 =  8.8343896528E-01  4.6854624289E-01 -1.1353221973E-04
</CP of DelSqRho>
<CP of DelSqRho>
CP# = 8       
Type = (3,-1)
Coords = -2.54510442749265E-01  3.19205287902026E+00 -4.83162135422479E-05
DistFromNuc =  7.0683504124E-01
Rho =  6.9784734649E-01
DelSqRho = -1.2383048051E+00
GradDelSqRho =  4.9737991503E-14 -1.3100631691E-14 -3.4694469520E-18
HessDelSqRho_EigVals = -1.6013323768E+01 -1.0580935096E+01  1.5423836019E+02
HessDelSqRho_EigVec1 =  2.3841586220E-01  9.7116315060E-01 -1.0755478068E-04
HessDelSqRho_EigVec2 =  1.0150646713E-04  8.5829067754E-05  9.9999999116E-01
HessDelSqRho_EigVec3 =  9.7116315125E-01 -2.3841587101E-01 -7.8116329230E-05
</CP of DelSqRho>
<CP of DelSqRho>
CP# = 9       
Type = (3,-1)
Coords = -1.49298066971712E+00  2.91243767744432E+00  7.98799973496552E-05
DistFromNuc =  7.0616544251E-01
Rho =  6.9655689887E-01
DelSqRho = -1.2297212061E+00
GradDelSqRho = -2.3803181648E-13 -6.8611782922E-14  1.8214596498E-17
HessDelSqRho_EigVals = -1.5571786136E+01 -1.0651027343E+01  1.5473976497E+02
HessDelSqRho_EigVec1 = -6.3389830186E-01  7.7341640784E-01 -5.4662644201E-05
HessDelSqRho_EigVec2 =  4.3386966093E-05  1.0623716686E-04  9.9999999342E-01
HessDelSqRho_EigVec3 =  7.7341640856E-01  6.3389829531E-01 -1.0089975113E-04
</CP of DelSqRho>
<CP of DelSqRho>
CP# = 10      
Type = (3,-1)
Coords = -1.09685232512463E+00  4.05529663562886E+00 -9.50048038510578E-06
DistFromNuc =  7.1749708631E-01
Rho =  6.7963083871E-01
DelSqRho = -1.1102009932E+00
GradDelSqRho =  1.3922196729E-12  2.0703438963E-12  1.5842470565E-14
HessDelSqRho_EigVals = -2.0351072526E+01 -5.3945706075E+00  1.4258100175E+02
HessDelSqRho_EigVec1 =  9.7683836647E-01  2.1397849738E-01 -9.1893690332E-05
HessDelSqRho_EigVec2 =  8.4932789514E-05  4.1724204352E-05  9.9999999552E-01
HessDelSqRho_EigVec3 = -2.1397850025E-01  9.7683836991E-01 -2.2584012943E-05
</CP of DelSqRho>
<CP of DelSqRho>
CP# = 11      
Type = (3,+3)
Coords = -8.87385821670894E-01  3.11201293012896E+00  5.99906613872093E-01
DistFromNuc =  6.4943149179E-01
Rho =  8.9704548284E-01
DelSqRho = -3.7548566826E+00
GradDelSqRho =  1.7763568394E-15 -2.3980817332E-14 -5.3290705182E-15
HessDelSqRho_EigVals =  6.7920861475E+00  1.6212217613E+01  2.8655246749E+02
HessDelSqRho_EigVec1 = -2.1332106009E-01  9.0958251181E-01  3.5658628624E-01
HessDelSqRho_EigVec2 =  9.7384883336E-01  2.2717571418E-01  3.1055842904E-03
HessDelSqRho_EigVec3 =  7.8182959084E-02 -3.4792362537E-01  9.3425723214E-01
</CP of DelSqRho>
<CP of DelSqRho>
CP# = 12      
Type = (3,+3)
Coords = -8.87482508635988E-01  3.11188767990638E+00 -5.99853949877878E-01
DistFromNuc =  6.4943969218E-01
Rho =  8.9701399192E-01
DelSqRho = -3.7545421640E+00
GradDelSqRho =  6.6613381478E-16 -2.1316282073E-14 -2.0428103653E-14
HessDelSqRho_EigVals =  6.7895848916E+00  1.6210600544E+01  2.8652044968E+02
HessDelSqRho_EigVec1 = -2.1340451424E-01  9.0950615250E-01 -3.5673109181E-01
HessDelSqRho_EigVec2 =  9.7384294594E-01  2.2719790893E-01 -3.3206660299E-03
HessDelSqRho_EigVec3 = -7.8028391924E-02  3.4810870248E-01  9.3420121029E-01
</CP of DelSqRho>
<CP of DelSqRho>
CP# = 13      
Type = (3,+1)
Coords = -1.41758223880072E+00  3.47677429413293E+00  4.67667326627035E-01
DistFromNuc =  6.7780992716E-01
Rho =  8.0729676388E-01
DelSqRho = -2.7202167695E+00
GradDelSqRho =  2.0872192863E-14 -2.4424906542E-15 -2.0872192863E-14
HessDelSqRho_EigVals = -1.1589977107E+01  1.2652864182E+01  2.1114844742E+02
HessDelSqRho_EigVec1 = -6.5574527940E-01  3.7206571341E-01 -6.5693624763E-01
HessDelSqRho_EigVec2 =  3.7818303793E-01  9.1497417368E-01  1.4071194450E-01
HessDelSqRho_EigVec3 = -6.5343379035E-01  1.5617095249E-01  7.4069893697E-01
</CP of DelSqRho>
<CP of DelSqRho>
CP# = 14      
Type = (3,+1)
Coords = -1.41761950570671E+00  3.47669049388951E+00 -4.67628224099560E-01
DistFromNuc =  6.7780759346E-01
Rho =  8.0730194215E-01
DelSqRho = -2.7202324132E+00
GradDelSqRho =  3.1974423109E-14 -4.2188474936E-15  1.6431300764E-14
HessDelSqRho_EigVals = -1.1588512211E+01  1.2652391006E+01  2.1115045078E+02
HessDelSqRho_EigVec1 = -6.5568404797E-01  3.7218787045E-01  6.5692816832E-01
HessDelSqRho_EigVec2 =  3.7817713890E-01  9.1494626371E-01 -1.4090914144E-01
HessDelSqRho_EigVec3 =  6.5349864640E-01 -1.5604333891E-01  7.4066861384E-01
</CP of DelSqRho>
<CP of DelSqRho>
CP# = 15      
Type = (3,+3)
Coords = -4.45689403954785E-01  3.86078208986342E+00 -9.00915171626456E-05
DistFromNuc =  7.0916592733E-01
Rho =  7.8885622464E-01
DelSqRho = -3.4449200946E+00
GradDelSqRho =  9.3258734069E-15  1.9623191960E-14 -5.6378512969E-18
HessDelSqRho_EigVals =  1.3220974983E+01  2.5038296481E+01  1.5882525021E+02
HessDelSqRho_EigVec1 =  1.1210398794E-04  8.7085921849E-05  9.9999998992E-01
HessDelSqRho_EigVec2 = -7.0048357255E-01  7.1366852552E-01  1.6376520696E-05
HessDelSqRho_EigVec3 =  7.1366851690E-01  7.0048356733E-01 -1.4100734544E-04
</CP of DelSqRho>
<CP of DelSqRho>
CP# = 16      
Type = (3,+1)
Coords = -5.63586321197017E-01  3.66569605621869E+00  4.67905651453592E-01
DistFromNuc =  6.7763624495E-01
Rho =  8.0786578117E-01
DelSqRho = -2.7167414444E+00
GradDelSqRho =  0.0000000000E+00  1.2434497876E-14  9.2564844678E-15
HessDelSqRho_EigVals = -1.1662104634E+01  1.2637624031E+01  2.1123313221E+02
HessDelSqRho_EigVec1 =  4.3851534224E-01  6.1294438612E-01 -6.5726971187E-01
HessDelSqRho_EigVec2 = -7.2908636453E-01  6.7023914125E-01  1.3860940293E-01
HessDelSqRho_EigVec3 =  5.2548774265E-01  4.1842403499E-01  7.4079954055E-01
</CP of DelSqRho>
<CP of DelSqRho>
CP# = 17      
Type = (3,+1)
Coords = -5.63697475333708E-01  3.66559663121354E+00 -4.68041380564863E-01
DistFromNuc =  6.7763584386E-01
Rho =  8.0786445011E-01
DelSqRho = -2.7166864706E+00
GradDelSqRho =  1.8207657604E-14  1.8207657604E-14 -2.2218338280E-14
HessDelSqRho_EigVals = -1.1661227566E+01  1.2636464574E+01  2.1123102918E+02
HessDelSqRho_EigVec1 =  4.3866500266E-01  6.1308336895E-01  6.5704018002E-01
HessDelSqRho_EigVec2 = -7.2912260451E-01  6.7020610605E-01 -1.3857850845E-01
HessDelSqRho_EigVec3 = -5.2531251940E-01 -4.1827330554E-01  7.4100890604E-01
</CP of DelSqRho>
<CP of DelSqRho>
CP# = 18      
Type = (3,+1)
Coords = -7.88786303567242E-01  2.69237215877113E+00  8.20461906885477E-06
DistFromNuc =  6.7983119307E-01
Rho =  8.1070506406E-01
DelSqRho = -3.1601083395E+00
GradDelSqRho =  8.8817841970E-16 -3.5527136788E-15  1.3010426070E-18
HessDelSqRho_EigVals = -3.9681530139E+00  1.6902097341E+01  2.1501566810E+02
HessDelSqRho_EigVec1 =  9.5464662644E-05  2.0529223398E-05  9.9999999523E-01
HessDelSqRho_EigVec2 =  9.7468450611E-01  2.2358466857E-01 -9.7637947635E-05
HessDelSqRho_EigVec3 = -2.2358466950E-01  9.7468451078E-01  1.3349189887E-06
</CP of DelSqRho>
<CP of DelSqRho>
CP# = 19      
Type = (3,+3)
Coords = -1.60618932244090E+00  3.60587510937318E+00  2.03268507934827E-05
DistFromNuc =  7.0975296642E-01
Rho =  7.8805593209E-01
DelSqRho = -3.4446371772E+00
GradDelSqRho =  1.8429702209E-14 -3.9968028887E-15 -4.3368086899E-18
HessDelSqRho_EigVals =  1.3168708893E+01  2.4903798233E+01  1.5830217550E+02
HessDelSqRho_EigVec1 =  4.1749006983E-05  8.5970724680E-05  9.9999999543E-01
HessDelSqRho_EigVec2 =  3.3317518042E-01  9.4286493737E-01 -9.4968515309E-05
HessDelSqRho_EigVec3 =  9.4286494123E-01 -3.3317518287E-01 -1.0720363148E-05
</CP of DelSqRho>
<CP of DelSqRho>
CP# = 20      
Type = (3,-3)
Coords =  1.87288511294020E-01  3.14582625514036E+00 -4.59059857309732E-05
DistFromNuc =  1.1488183696E+00
Rho =  2.4491406561E-01
DelSqRho =  8.4190205742E-01
GradDelSqRho =  4.3281350726E-16  1.4432899320E-15 -4.6654574735E-18
HessDelSqRho_EigVals = -1.7672499279E+01 -1.9762145484E+00 -4.5018631709E-01
HessDelSqRho_EigVec1 =  9.7377014463E-01 -2.2753396089E-01 -4.5473547153E-05
HessDelSqRho_EigVec2 =  2.2753395419E-01  9.7377013989E-01 -1.1977416588E-04
HessDelSqRho_EigVec3 =  7.1533472749E-05  1.0628573084E-04  9.9999999179E-01
</CP of DelSqRho>
<CP of DelSqRho>
CP# = 21      
Type = (3,+1)
Coords = -6.26473390160170E-01  2.13870921181909E+00 -6.05438304049111E-05
DistFromNuc =  1.2562843690E+00
Rho =  2.3687599166E-01
DelSqRho =  3.8951306313E-01
GradDelSqRho = -8.4904305808E-14  2.6306734568E-13  2.6556727534E-16
HessDelSqRho_EigVals = -8.2667829547E+00  2.0635892271E-01  1.0260717109E+00
HessDelSqRho_EigVec1 = -2.5731297229E-01  9.6632811699E-01  6.7891701809E-05
HessDelSqRho_EigVec2 =  8.8092110874E-05 -4.6800313259E-05  9.9999999502E-01
HessDelSqRho_EigVec3 =  9.6632811536E-01  2.5731297699E-01 -7.3083555914E-05
</CP of DelSqRho>
<CP of DelSqRho>
CP# = 22      
Type = (3,-3)
Coords = -1.18371787496925E+00  4.46624216754028E+00  2.15284096924288E-01
DistFromNuc =  1.1577042906E+00
Rho =  2.4684062238E-01
DelSqRho =  8.7217179165E-01
GradDelSqRho =  1.5362711103E-13 -7.0554673215E-13 -1.9551027464E-13
HessDelSqRho_EigVals = -1.7433045659E+01 -3.2399104183E+00 -3.4232581146E-02
HessDelSqRho_EigVec1 = -2.0870033660E-01  9.6019739120E-01  1.8564789100E-01
HessDelSqRho_EigVec2 =  9.7718065799E-01  2.1240986981E-01 -9.4106144512E-05
HessDelSqRho_EigVec3 =  3.9523804831E-02 -1.8139188830E-01  9.8261632986E-01
</CP of DelSqRho>
<CP of DelSqRho>
CP# = 23      
Type = (3,-3)
Coords = -1.18377102648337E+00  4.46628948885440E+00 -2.14972633736641E-01
DistFromNuc =  1.1577065994E+00
Rho =  2.4684423098E-01
DelSqRho =  8.7216729374E-01
GradDelSqRho =  1.7202905767E-13 -7.8825834748E-13  2.2057355942E-13
HessDelSqRho_EigVals = -1.7432225235E+01 -3.2411866540E+00 -3.3966362398E-02
HessDelSqRho_EigVec1 = -2.0874605503E-01  9.6023765957E-01 -1.8538802998E-01
HessDelSqRho_EigVec2 =  9.7718064475E-01  2.1240992789E-01 -1.0029030058E-04
HessDelSqRho_EigVec3 = -3.9281955555E-02  1.8117852987E-01  9.8266538979E-01
</CP of DelSqRho>
<CP of DelSqRho>
CP# = 24      
Type = (3,-1)
Coords = -2.46750258638405E-01  3.56703521820233E+00  9.34319724062712E-01
DistFromNuc =  1.1840515511E+00
Rho =  2.4044246316E-01
DelSqRho =  7.4006676221E-01
GradDelSqRho =  8.3266726847E-17 -1.4571677198E-16  1.6653345369E-15
HessDelSqRho_EigVals = -1.7617508732E+01 -1.2115952463E+00  2.7563825521E-01
HessDelSqRho_EigVec1 =  5.8018353902E-01  1.5264365935E-01  8.0005435710E-01
HessDelSqRho_EigVec2 =  3.8881846098E-01  8.1122154220E-01 -4.3673769459E-01
HessDelSqRho_EigVec3 = -7.1568656929E-01  5.6446392510E-01  4.1130671258E-01
</CP of DelSqRho>
<CP of DelSqRho>
CP# = 25      
Type = (3,-1)
Coords = -1.65381751502719E+00  3.26355493447175E+00  9.41746995263177E-01
DistFromNuc =  1.1837575273E+00
Rho =  2.3993317484E-01
DelSqRho =  7.4073554232E-01
GradDelSqRho =  3.4383607073E-13  7.3177575111E-14 -5.0254245210E-13
HessDelSqRho_EigVals = -1.7700269199E+01 -1.1645670797E+00  2.7594157569E-01
HessDelSqRho_EigVec1 = -5.8310196813E-01 -9.8647384069E-02  8.0638749270E-01
HessDelSqRho_EigVec2 =  6.9889765805E-01 -5.6694705933E-01  4.3601960448E-01
HessDelSqRho_EigVec3 =  4.1416682428E-01  8.1782621964E-01  3.9953237182E-01
</CP of DelSqRho>
<CP of DelSqRho>
CP# = 26      
Type = (3,-1)
Coords = -2.46894230493974E-01  3.56683922976607E+00 -9.34452982868884E-01
DistFromNuc =  1.1840525634E+00
Rho =  2.4044280989E-01
DelSqRho =  7.4005549215E-01
GradDelSqRho =  1.5820678101E-15 -7.4940054162E-16 -1.1934897515E-15
HessDelSqRho_EigVals = -1.7617069095E+01 -1.2117698005E+00  2.7566911448E-01
HessDelSqRho_EigVec1 = -5.8005896023E-01 -1.5247210697E-01  8.0017739236E-01
HessDelSqRho_EigVec2 =  3.8888147630E-01  8.1131907414E-01  4.3650035203E-01
HessDelSqRho_EigVec3 = -7.1575330949E-01  5.6437010599E-01 -4.1131932051E-01
</CP of DelSqRho>
<CP of DelSqRho>
CP# = 27      
Type = (3,-1)
Coords = -1.65394360476154E+00  3.26338799949101E+00 -9.41616919914844E-01
DistFromNuc =  1.1837583884E+00
Rho =  2.3993356134E-01
DelSqRho =  7.4072835748E-01
GradDelSqRho =  3.3165137303E-13  7.0051603407E-14  4.8919202023E-13
HessDelSqRho_EigVals = -1.7700103663E+01 -1.1646501998E+00  2.7596840036E-01
HessDelSqRho_EigVec1 =  5.8320672811E-01  9.8791457689E-02  8.0629409038E-01
HessDelSqRho_EigVec2 =  6.9883967573E-01 -5.6702760124E-01 -4.3600780618E-01
HessDelSqRho_EigVec3 =  4.1411715723E-01  8.1775298674E-01 -3.9973370232E-01
</CP of DelSqRho>
<CP of DelSqRho>
CP# = 28      
Type = (3,+1)
Coords = -2.01842979431707E+00  3.80722139606494E+00  3.60096580926436E-05
DistFromNuc =  1.1673449712E+00
Rho =  4.0588529729E-01
DelSqRho = -9.4033551071E-01
GradDelSqRho =  6.1062266354E-16  4.4408920985E-16 -1.6263032587E-19
HessDelSqRho_EigVals = -3.0208878209E+01  1.4336365045E+01  1.5044026064E+01
HessDelSqRho_EigVec1 =  9.1737449589E-01 -3.9802516724E-01 -2.3360148915E-05
HessDelSqRho_EigVec2 =  5.6701929295E-05  7.1997344250E-05  9.9999999580E-01
HessDelSqRho_EigVec3 =  3.9802516388E-01  9.1737449336E-01 -8.8617322277E-05
</CP of DelSqRho>
<CP of DelSqRho>
CP# = 29      
Type = (3,-3)
Coords = -1.86940278617034E+00  2.68060783406778E+00  1.34200003160550E-04
DistFromNuc =  1.1461393252E+00
Rho =  2.4371862072E-01
DelSqRho =  8.4597217844E-01
GradDelSqRho =  1.5382278784E-12  1.5335580028E-12 -9.9460907345E-13
HessDelSqRho_EigVals = -1.7976379822E+01 -1.7824304311E+00 -4.5319990896E-01
HessDelSqRho_EigVec1 =  7.8144269697E-01  6.2397700215E-01 -1.1017747042E-04
HessDelSqRho_EigVec2 = -6.2397700826E-01  7.8144269927E-01 -3.0344871595E-05
HessDelSqRho_EigVec3 =  6.7162877874E-05  9.2460986667E-05  9.9999999347E-01
</CP of DelSqRho>
<CP of DelSqRho>
CP# = 30      
Type = (3,-1)
Coords = -1.18802292877606E+00  4.48595519211851E+00 -7.19655502072459E-04
DistFromNuc =  1.1576910245E+00
Rho =  2.4761769813E-01
DelSqRho =  8.7196179818E-01
GradDelSqRho =  3.0531133177E-16 -1.3322676296E-15  2.4936649967E-18
HessDelSqRho_EigVals = -1.7258341274E+01 -3.5147038690E+00  1.8104620021E-02
HessDelSqRho_EigVec1 = -2.1247139425E-01  9.7716708757E-01 -6.2418122225E-04
HessDelSqRho_EigVec2 =  9.7716728621E-01  2.1247137512E-01 -9.7565768379E-05
HessDelSqRho_EigVec3 = -3.7282584883E-05  6.3065940589E-04  9.9999980044E-01
</CP of DelSqRho>
<CP of DelSqRho>
CP# = 31      
Type = (3,-1)
Coords = -2.95903905037106E+00  3.30490831842888E+00  1.56539118543555E-04
DistFromNuc =  2.0172552584E+00
Rho =  7.1604061945E-02
DelSqRho =  1.9290826213E-01
GradDelSqRho =  6.2724131444E-14 -1.6632702160E-13  4.1768213186E-15
HessDelSqRho_EigVals = -2.3074565031E+00 -2.4262530513E-02  4.4951153897E-01
HessDelSqRho_EigVec1 =  8.2758999516E-01  5.6133304365E-01 -1.1839904942E-04
HessDelSqRho_EigVec2 =  7.2478295764E-05  1.0406787323E-04  9.9999999196E-01
HessDelSqRho_EigVec3 = -5.6133305145E-01  8.2758999709E-01 -4.5441068342E-05
</CP of DelSqRho>
<CP of DelSqRho>
CP# = 32      
Type = (3,-1)
Coords = -3.26177168242793E-01  5.26741211270884E+00 -1.88911379519709E-04
DistFromNuc =  2.0096003727E+00
Rho =  7.1036595959E-02
DelSqRho =  1.9109165696E-01
GradDelSqRho = -4.0592529338E-16  8.6042284408E-16  8.3009228831E-20
HessDelSqRho_EigVals = -2.2460671955E+00 -2.2376112028E-02  5.2041163216E-01
HessDelSqRho_EigVec1 = -2.6775808955E-01  9.6348617282E-01 -1.6261620454E-05
HessDelSqRho_EigVec2 =  1.3892473877E-04  5.5485843412E-05  9.9999998881E-01
HessDelSqRho_EigVec3 =  9.6348616294E-01  2.6775808429E-01 -1.4870884829E-04
</CP of DelSqRho>
<CP of DelSqRho>
CP# = 33      
Type = (3,-1)
Coords = -8.21214408555951E-01  1.80702913687565E+00  4.87458932674808E-05
DistFromNuc =  1.5523297449E+00
Rho =  1.3421442334E-01
DelSqRho =  3.2141854176E-01
GradDelSqRho = -1.1102230246E-16  8.3266726847E-16  0.0000000000E+00
HessDelSqRho_EigVals = -4.4198849298E-01 -1.6570527087E-01  4.2687799212E+00
HessDelSqRho_EigVec1 = -6.2066067500E-06 -7.0951118906E-06  9.9999999996E-01
HessDelSqRho_EigVec2 =  9.5768555671E-01  2.8781656382E-01  7.9860683652E-06
HessDelSqRho_EigVec3 = -2.8781656386E-01  9.5768555672E-01  5.0085219532E-06
</CP of DelSqRho>
<CP of DelSqRho>
CP# = 34      
Type = (3,-1)
Coords = -2.46530669777792E-01  1.96066764486889E+00  1.53455161576901E-05
DistFromNuc =  1.5579913120E+00
Rho =  1.3196987165E-01
DelSqRho =  3.2162839551E-01
GradDelSqRho = -4.6858350533E-13 -1.6062151609E-13  2.8975303060E-17
HessDelSqRho_EigVals = -4.4268340027E-01 -1.6654845746E-01  4.3834441062E+00
HessDelSqRho_EigVec1 =  1.1226114413E-04  2.7774092879E-05  9.9999999331E-01
HessDelSqRho_EigVec2 =  9.7257811799E-01  2.3257641977E-01 -1.1564233214E-04
HessDelSqRho_EigVec3 = -2.3257642142E-01  9.7257812447E-01 -9.0318000031E-07
</CP of DelSqRho>
<CP of DelSqRho>
CP# = 35      
Type = (3,-1)
Coords = -2.28653635234387E+00  4.83635060364034E+00  5.56425323424610E-05
DistFromNuc =  2.0005581187E+00
Rho =  7.2041353912E-02
DelSqRho =  1.9541558988E-01
GradDelSqRho =  6.0371672939E-12 -1.3115966646E-12  5.3422850962E-12
HessDelSqRho_EigVals = -2.3398188202E+00 -2.8784351835E-02  5.0859538054E-01
HessDelSqRho_EigVec1 = -1.3760381059E-01  9.9048735027E-01  1.6027023228E-05
HessDelSqRho_EigVec2 =  3.0953589229E-05 -1.1880708407E-05  9.9999999945E-01
HessDelSqRho_EigVec3 =  9.9048734992E-01  1.3760381101E-01 -2.9024307827E-05
</CP of DelSqRho>
<CP of DelSqRho>
CP# = 36      
Type = (3,+1)
Coords =  2.07859018581303E-01  4.74505802373777E+00  8.69566871842413E-01
DistFromNuc =  2.0031301493E+00
Rho =  6.9961499242E-02
DelSqRho =  1.8352804347E-01
GradDelSqRho = -1.4415552085E-15 -1.7052331769E-15 -2.3741859173E-15
HessDelSqRho_EigVals = -1.7879034752E+00  2.6159469893E-02  5.9110353981E-01
HessDelSqRho_EigVec1 =  3.2328508718E-01  4.8989167057E-01  8.0962516235E-01
HessDelSqRho_EigVec2 =  7.2780101433E-01 -6.7553521261E-01  1.1814338772E-01
HessDelSqRho_EigVec3 =  6.0480776776E-01  5.5105201899E-01 -5.7493411485E-01
</CP of DelSqRho>
<CP of DelSqRho>
CP# = 37      
Type = (3,+1)
Coords =  2.07700778425840E-01  4.74487504721322E+00 -8.70055709432163E-01
DistFromNuc =  2.0031331224E+00
Rho =  6.9961459596E-02
DelSqRho =  1.8352638252E-01
GradDelSqRho = -1.0018028074E-15 -1.0724927890E-15  1.7692011051E-15
HessDelSqRho_EigVals = -1.7878687900E+00  2.6160215588E-02  5.9110433836E-01
HessDelSqRho_EigVec1 = -3.2314246612E-01 -4.8972404975E-01  8.0978349062E-01
HessDelSqRho_EigVec2 =  7.2777911239E-01 -6.7556066494E-01 -1.1813277083E-01
HessDelSqRho_EigVec3 =  6.0491033232E-01  5.5116979514E-01  5.7471327353E-01
</CP of DelSqRho>
<CP of DelSqRho>
CP# = 38      
Type = (3,+1)
Coords = -2.61343656937463E+00  4.01987400130874E+00  8.74173191026095E-01
DistFromNuc =  1.9997743067E+00
Rho =  7.0426532020E-02
DelSqRho =  1.8419449509E-01
GradDelSqRho =  3.5128150389E-17  3.9464959078E-17 -4.1806835771E-16
HessDelSqRho_EigVals = -1.7854641831E+00  2.7186794520E-02  5.9217921260E-01
HessDelSqRho_EigVec1 = -5.4727629710E-01  1.9689564453E-01  8.1346220551E-01
HessDelSqRho_EigVec2 =  4.0051243716E-01  9.1503460606E-01  4.7973507256E-02
HessDelSqRho_EigVec3 =  7.3490029413E-01 -3.5205649387E-01  5.7963590538E-01
</CP of DelSqRho>
<CP of DelSqRho>
CP# = 39      
Type = (3,+1)
Coords = -2.61351947635519E+00  4.01978875857041E+00 -8.74069436779433E-01
DistFromNuc =  1.9997785046E+00
Rho =  7.0426337784E-02
DelSqRho =  1.8419214206E-01
GradDelSqRho = -1.6783449630E-16  1.2012960071E-16 -1.5612511284E-16
HessDelSqRho_EigVals = -1.7854171338E+00  2.7189759334E-02  5.9218260533E-01
HessDelSqRho_EigVec1 =  5.4735961299E-01 -1.9682023687E-01  8.1342439625E-01
HessDelSqRho_EigVec2 =  4.0049994150E-01  9.1503378290E-01 -4.8093378148E-02
HessDelSqRho_EigVec3 =  7.3484505233E-01 -3.5210079596E-01 -5.7967903063E-01
</CP of DelSqRho>
<CP of DelSqRho>
CP# = 40      
Type = (3,-1)
Coords =  9.15134001536094E-01  4.15068329635919E+00 -2.02602107080623E-04
DistFromNuc =  2.0209239525E+00
Rho =  7.1722362339E-02
DelSqRho =  1.9544686963E-01
GradDelSqRho = -3.7968163336E-11  2.9758452647E-12 -3.9111331209E-12
HessDelSqRho_EigVals = -2.4375174786E+00 -2.9096639369E-02  4.0953294765E-01
HessDelSqRho_EigVec1 =  9.8293616750E-01 -1.8394697566E-01 -2.7750208795E-05
HessDelSqRho_EigVec2 =  5.2896487157E-05  1.3179701247E-04  9.9999998992E-01
HessDelSqRho_EigVec3 =  1.8394697015E-01  9.8293615905E-01 -1.3927819916E-04
</CP of DelSqRho>
<Path of -GradDelSqRho>
Starting CP# =      2
Ending CP# =      0
Number of Points =    400
 -5.4186243130E-01  1.8878133215E+00  3.9849742422E-05  1.4560921004E-01  3.1942016996E-01
 -5.4185315147E-01  1.8877836398E+00  2.5038590106E-02  1.4552926978E-01  3.1929157586E-01
 -5.4182815488E-01  1.8876942968E+00  5.0038411757E-02  1.4529029552E-01  3.1890624913E-01
 -5.4178789672E-01  1.8875467666E+00  7.5037938233E-02  1.4489362924E-01  3.1826563525E-01
 -5.4173312181E-01  1.8873434588E+00  1.0003704630E-01  1.4434147737E-01  3.1737214886E-01
 -5.4166484332E-01  1.8870876467E+00  1.2503563969E-01  1.4363686700E-01  3.1622917956E-01
 -5.4158431427E-01  1.8867833711E+00  1.5003365446E-01  1.4278358778E-01  3.1484109686E-01
 -5.4149299363E-01  1.8864353268E+00  1.7503106185E-01  1.4178612222E-01  3.1321325186E-01
 -5.4139250822E-01  1.8860487336E+00  2.0002786836E-01  1.4064956761E-01  3.1135197271E-01
 -5.4128461230E-01  1.8856292010E+00  2.2502411353E-01  1.3937955258E-01  3.0926455093E-01
 -5.4117114608E-01  1.8851825881E+00  2.5001986541E-01  1.3798215152E-01  3.0695921599E-01
 -5.4105399440E-01  1.8847148644E+00  2.7501521462E-01  1.3646379935E-01  3.0444509616E-01
 -5.4093504673E-01  1.8842319753E+00  3.0001026727E-01  1.3483120891E-01  3.0173216403E-01
 -5.4081615889E-01  1.8837397131E+00  3.2500513754E-01  1.3309129269E-01  2.9883116615E-01
 -5.4069911715E-01  1.8832435960E+00  3.4999994036E-01  1.3125109014E-01  2.9575353674E-01
 -5.4058560457E-01  1.8827487551E+00  3.7499478473E-01  1.2931770119E-01  2.9251129658E-01
 -5.4047716980E-01  1.8822598295E+00  3.9998976793E-01  1.2729822651E-01  2.8911693837E-01
 -5.4037519780E-01  1.8817808687E+00  4.2498497112E-01  1.2519971453E-01  2.8558330109E-01
 -5.4028088236E-01  1.8813152406E+00  4.4998045614E-01  1.2302911504E-01  2.8192343564E-01
 -5.4019519992E-01  1.8808655449E+00  4.7497626382E-01  1.2079323927E-01  2.7815046497E-01
 -5.4011888437E-01  1.8804335305E+00  4.9997241360E-01  1.1849872591E-01  2.7427744180E-01
 -5.4005240244E-01  1.8800200154E+00  5.2496890432E-01  1.1615201300E-01  2.7031720698E-01
 -5.3999592947E-01  1.8796248081E+00  5.4996571586E-01  1.1375931507E-01  2.6628225168E-01
 -5.3994932551E-01  1.8792466319E+00  5.7496281133E-01  1.1132660559E-01  2.6218458625E-01
 -5.3991211161E-01  1.8788830502E+00  5.9996013924E-01  1.0885960431E-01  2.5803561829E-01
 -5.3988344678E-01  1.8785303953E+00  6.2495763514E-01  1.0636376939E-01  2.5384604211E-01
 -5.3986210596E-01  1.8781837011E+00  6.4995522188E-01  1.0384429439E-01  2.4962574142E-01
 -5.3984645974E-01  1.8778366432E+00  6.7495280782E-01  1.0130610991E-01  2.4538370660E-01
 -5.3983445694E-01  1.8774814894E+00  6.9995028186E-01  9.8753889982E-02  2.4112796749E-01
 -5.3982361122E-01  1.8771090643E+00  7.2494750451E-01  9.6192063276E-02  2.3686554225E-01
 -5.3981099355E-01  1.8767087351E+00  7.4994429394E-01  9.3624828870E-02  2.3260240272E-01
 -5.3979323240E-01  1.8762684226E+00  7.7494040615E-01  9.1056176638E-02  2.2834345608E-01
 -5.3976652377E-01  1.8757746477E+00  7.9993550881E-01  8.8489911816E-02  2.2409254295E-01
 -5.3972665364E-01  1.8752126179E+00  8.2492914864E-01  8.5929683258E-02  2.1985245174E-01
 -5.3966903508E-01  1.8745663646E+00  8.4992071302E-01  8.3379014517E-02  2.1562494916E-01
 -5.3958876227E-01  1.8738189367E+00  8.7490938745E-01  8.0841336540E-02  2.1141082705E-01
 -5.3948068326E-01  1.8729526571E+00  8.9989411159E-01  7.8320020368E-02  2.0720996582E-01
 -5.3933949226E-01  1.8719494435E+00  9.2487353803E-01  7.5818407788E-02  2.0302141487E-01
 -5.3915984104E-01  1.8707911940E+00  9.4984599890E-01  7.3339837566E-02  1.9884349052E-01
 -5.3893646756E-01  1.8694602281E+00  9.7480948652E-01  7.0887664665E-02  1.9467389191E-01
 -5.3866433759E-01  1.8679397706E+00  9.9976165439E-01  6.8465269894E-02  1.9050983462E-01
 -5.3833879349E-01  1.8662144570E+00  1.0246998440E+00  6.6076057815E-02  1.8634820147E-01
 -5.3795570194E-01  1.8642708330E+00  1.0496211414E+00  6.3723441468E-02  1.8218570842E-01
 -5.3751159160E-01  1.8620978167E+00  1.0745224636E+00  6.1410813576E-02  1.7801908246E-01
 -5.3700377093E-01  1.8596870905E+00  1.0994006728E+00  5.9141505291E-02  1.7384524640E-01
 -5.3643041740E-01  1.8570333933E+00  1.1242527100E+00  5.6918734932E-02  1.6966150414E-01
 -5.3579063122E-01  1.8541346890E+00  1.1490757387E+00  5.4745550463E-02  1.6546571873E-01
 -5.3508444996E-01  1.8509922007E+00  1.1738672847E+00  5.2624770274E-02  1.6125647466E-01
 -5.3431282370E-01  1.8476103085E+00  1.1986253604E+00  5.0558927078E-02  1.5703321607E-01
 -5.3347755415E-01  1.8439963252E+00  1.2233485623E+00  4.8550219355E-02  1.5279635346E-01
 -5.3258120403E-01  1.8401601702E+00  1.2480361336E+00  4.6600473803E-02  1.4854733310E-01
 -5.3162698500E-01  1.8361139719E+00  1.2726879883E+00  4.4711120977E-02  1.4428866607E-01
 -5.3061863313E-01  1.8318716294E+00  1.2973046995E+00  4.2883184830E-02  1.4002391597E-01
 -5.2956028061E-01  1.8274483630E+00  1.3218874543E+00  4.1117285626E-02  1.3575764744E-01
 -5.2845633114E-01  1.8228602804E+00  1.3464379842E+00  3.9413654625E-02  1.3149533956E-01
 -5.2731134475E-01  1.8181239759E+00  1.3709584778E+00  3.7772158336E-02  1.2724327023E-01
 -5.2612993599E-01  1.8132561792E+00  1.3954514852E+00  3.6192329825E-02  1.2300837841E-01
 -5.2491668743E-01  1.8082734567E+00  1.4199198207E+00  3.4673404618E-02  1.1879811183E-01
 -5.2367607936E-01  1.8031919706E+00  1.4443664691E+00  3.3214358940E-02  1.1462026734E-01
 -5.2241243494E-01  1.7980272924E+00  1.4687945014E+00  3.1813948435E-02  1.1048283087E-01
 -5.2112987979E-01  1.7927942657E+00  1.4932070009E+00  3.0470745904E-02  1.0639382248E-01
 -5.1983231425E-01  1.7875069141E+00  1.5176070014E+00  2.9183176994E-02  1.0236115157E-01
 -5.1852339653E-01  1.7821783865E+00  1.5419974383E+00  2.7949553149E-02  9.8392485494E-02
 -5.1720653497E-01  1.7768209339E+00  1.5663811117E+00  2.6768101428E-02  9.4495134303E-02
 -5.1588488761E-01  1.7714459119E+00  1.5907606600E+00  2.5636990991E-02  9.0675952813E-02
 -5.1456136765E-01  1.7660638025E+00  1.6151385432E+00  2.4554356293E-02  8.6941260707E-02
 -5.1323865349E-01  1.7606842529E+00  1.6395170352E+00  2.3518317078E-02  8.3296780392E-02
 -5.1191920219E-01  1.7553161249E+00  1.6638982211E+00  2.2526995386E-02  7.9747591898E-02
 -5.1060526549E-01  1.7499675543E+00  1.6882840020E+00  2.1578529816E-02  7.6298103631E-02
 -5.0929890774E-01  1.7446460150E+00  1.7126761024E+00  2.0671087308E-02  7.2952037522E-02
 -5.0800202499E-01  1.7393583889E+00  1.7370760814E+00  1.9802872716E-02  6.9712426948E-02
 -5.0671636495E-01  1.7341110372E+00  1.7614853461E+00  1.8972136439E-02  6.6581625720E-02
 -5.0544354735E-01  1.7289098741E+00  1.7859051661E+00  1.8177180355E-02  6.3561326436E-02
 -5.0418508444E-01  1.7237604401E+00  1.8103366893E+00  1.7416362288E-02  6.0652586554E-02
 -5.0294240141E-01  1.7186679749E+00  1.8347809566E+00  1.6688099228E-02  5.7855860647E-02
 -5.0171685648E-01  1.7136374900E+00  1.8592389180E+00  1.5990869487E-02  5.5171037405E-02
 -5.0050976055E-01  1.7086738386E+00  1.8837114462E+00  1.5323213958E-02  5.2597480124E-02
 -4.9932239622E-01  1.7037817835E+00  1.9081993504E+00  1.4683736637E-02  5.0134069536E-02
 -4.9815603601E-01  1.6989660625E+00  1.9327033880E+00  1.4071104528E-02  4.7779248017E-02
 -4.9701195959E-01  1.6942314500E+00  1.9572242747E+00  1.3484047050E-02  4.5531064308E-02
 -4.9589146993E-01  1.6895828141E+00  1.9817626928E+00  1.2921355047E-02  4.3387218080E-02
 -4.9479590811E-01  1.6850251701E+00  2.0063192971E+00  1.2381879481E-02  4.1345103728E-02
 -4.9372666650E-01  1.6805637270E+00  2.0308947186E+00  1.1864529886E-02  3.9401852956E-02
 -4.9268520027E-01  1.6762039285E+00  2.0554895656E+00  1.1368272628E-02  3.7554375770E-02
 -4.9167303664E-01  1.6719514856E+00  2.0801044215E+00  1.0892129044E-02  3.5799399602E-02
 -4.9069178189E-01  1.6678124014E+00  2.1047398406E+00  1.0435173483E-02  3.4133506367E-02
 -4.8974312546E-01  1.6637929850E+00  2.1293963399E+00  9.9965312851E-03  3.2553167299E-02
 -4.8882884110E-01  1.6598998548E+00  2.1540743885E+00  9.5753767309E-03  3.1054775500E-02
 -4.8795078436E-01  1.6561399291E+00  2.1787743938E+00  9.1709309685E-03  2.9634676136E-02
 -4.8711088642E-01  1.6525204022E+00  2.2034966854E+00  8.7824599385E-03  2.8289194296E-02
 -4.8631114354E-01  1.6490487058E+00  2.2282414958E+00  8.4092723012E-03  2.7014660523E-02
 -4.8555360223E-01  1.6457324544E+00  2.2530089402E+00  8.0507173665E-03  2.5807434059E-02
 -4.8484033971E-01  1.6425793733E+00  2.2777989947E+00  7.7061830274E-03  2.4663923870E-02
 -4.8417343961E-01  1.6395972102E+00  2.3026114750E+00  7.3750936933E-03  2.3580607505E-02
 -4.8355496332E-01  1.6367936296E+00  2.3274460158E+00  7.0569082153E-03  2.2554047876E-02
 -4.8298691691E-01  1.6341760930E+00  2.3523020528E+00  6.7511178015E-03  2.1580908011E-02
 -4.8247121462E-01  1.6317517248E+00  2.3771788092E+00  6.4572439152E-03  2.0657963868E-02
 -4.8200963944E-01  1.6295271692E+00  2.4020752868E+00  6.1748361578E-03  1.9782115250E-02
 -4.8160380216E-01  1.6275084404E+00  2.4269902646E+00  5.9034701364E-03  1.8950394910E-02
 -4.8125509998E-01  1.6257007719E+00  2.4519223054E+00  5.6427453279E-03  1.8159975867E-02
 -4.8096467641E-01  1.6241084710E+00  2.4768697703E+00  5.3922829512E-03  1.7408176999E-02
 -4.8073338403E-01  1.6227347822E+00  2.5018308432E+00  5.1517238693E-03  1.6692466962E-02
 -4.8056175164E-01  1.6215817690E+00  2.5268035628E+00  4.9207265461E-03  1.6010466470E-02
 -4.8044995749E-01  1.6206502153E+00  2.5517858631E+00  4.6989650876E-03  1.5359949004E-02
 -4.8039780968E-01  1.6199395552E+00  2.5767756193E+00  4.4861273976E-03  1.4738840015E-02
 -4.8040473482E-01  1.6194478316E+00  2.6017706976E+00  4.2819134769E-03  1.4145214702E-02
 -4.8046977541E-01  1.6191716871E+00  2.6267690066E+00  4.0860338943E-03  1.3577294467E-02
 -4.8059159593E-01  1.6191063863E+00  2.6517685473E+00  3.8982084475E-03  1.3033442163E-02
 -4.8076849743E-01  1.6192458698E+00  2.6767674600E+00  3.7181650274E-03  1.2512156290E-02
 -4.8099843967E-01  1.6195828345E+00  2.7017640647E+00  3.5456386895E-03  1.2012064277E-02
 -4.8127906966E-01  1.6201088385E+00  2.7267568943E+00  3.3803709276E-03  1.1531915037E-02
 -4.8160775544E-01  1.6208144239E+00  2.7517447193E+00  3.2221091375E-03  1.1070570972E-02
 -4.8198162343E-01  1.6216892532E+00  2.7767265628E+00  3.0706062506E-03  1.0626999601E-02
 -4.8239759790E-01  1.6227222535E+00  2.8017017065E+00  2.9256205132E-03  1.0200265001E-02
 -4.8285244138E-01  1.6239017630E+00  2.8266696883E+00  2.7869153865E-03  9.7895192239E-03
 -4.8334279445E-01  1.6252156763E+00  2.8516302916E+00  2.6542595382E-03  9.3939938325E-03
 -4.8386521422E-01  1.6266515847E+00  2.8765835289E+00  2.5274269012E-03  9.0129917057E-03
 -4.8441621053E-01  1.6281969070E+00  2.9015296195E+00  2.4061967742E-03  8.6458792087E-03
 -4.8499227930E-01  1.6298390112E+00  2.9264689641E+00  2.2903539449E-03  8.2920788235E-03
 -4.8558993285E-01  1.6315653245E+00  2.9514021169E+00  2.1796888176E-03  7.9510623034E-03
 -4.8620572682E-01  1.6333634308E+00  2.9763297568E+00  2.0739975331E-03  7.6223443923E-03
 -4.8683628382E-01  1.6352211562E+00  3.0012526579E+00  1.9730820706E-03  7.3054771337E-03
 -4.8747831384E-01  1.6371266431E+00  3.0261716619E+00  1.8767503251E-03  7.0000447737E-03
 -4.8812863164E-01  1.6390684125E+00  3.0510876515E+00  1.7848161571E-03  6.7056592470E-03
 -4.8878417126E-01  1.6410354171E+00  3.0760015256E+00  1.6970994121E-03  6.4219562255E-03
 -4.8944199805E-01  1.6430170838E+00  3.1009141781E+00  1.6134259107E-03  6.1485916969E-03
 -4.9009931828E-01  1.6450033488E+00  3.1258264779E+00  1.5336274114E-03  5.8852390354E-03
 -4.9075348681E-01  1.6469846846E+00  3.1507392530E+00  1.4575415464E-03  5.6315865223E-03
 -4.9140201282E-01  1.6489521210E+00  3.1756532767E+00  1.3850117354E-03  5.3873352712E-03
 -4.9204256402E-01  1.6508972594E+00  3.2005692568E+00  1.3158870798E-03  5.1521975121E-03
 -4.9267296931E-01  1.6528122831E+00  3.2254878275E+00  1.2500222396E-03  4.9258951897E-03
 -4.9329122028E-01  1.6546899621E+00  3.2504095436E+00  1.1872772985E-03  4.7081588323E-03
 -4.9389547155E-01  1.6565236540E+00  3.2753348771E+00  1.1275176177E-03  4.4987266516E-03
 -4.9448404001E-01  1.6583073018E+00  3.3002642159E+00  1.0706136831E-03  4.2973438355E-03
 -4.9505540330E-01  1.6600354279E+00  3.3251978642E+00  1.0164409475E-03  4.1037619994E-03
 -4.9560819735E-01  1.6617031257E+00  3.3501360446E+00  9.6487967045E-04  3.9177387678E-03
 -4.9614121321E-01  1.6633060478E+00  3.3750789018E+00  9.1581475769E-04  3.7390374573E-03
 -4.9665339328E-01  1.6648403932E+00  3.4000265070E+00  8.6913560139E-04  3.5674268406E-03
 -4.9714382686E-01  1.6663028908E+00  3.4249788634E+00  8.2473592304E-04  3.4026809707E-03
 -4.9761174525E-01  1.6676907822E+00  3.4499359122E+00  7.8251361979E-04  3.2445790502E-03
 -4.9805651631E-01  1.6690018026E+00  3.4748975398E+00  7.4237061499E-04  3.0929053316E-03
 -4.9847763872E-01  1.6702341600E+00  3.4998635843E+00  7.0421271364E-04  2.9474490401E-03
 -4.9887473587E-01  1.6713865137E+00  3.5248338427E+00  6.6794946306E-04  2.8080043081E-03
 -4.9924754947E-01  1.6724579515E+00  3.5498080781E+00  6.3349401890E-04  2.6743701184E-03
