 AIMInt (Version 19.02.13, Professional)
 Portions Copyright (c) 1997-2019 by Todd A. Keith
 AIMInt is a component of the AIMAll package ( http://aim.tkgristmill.com )

 TP:  64-bit Linux

 Licensed To:  Research Group of Fernando Cortes Guzman, UNAM, fercor@unam.mx

 AIMInt is a heavily modified and extended version of the PROAIMV program
 developed by members of R.F.W. Bader's research group

 Much of the Quantum Theory of Atoms in Molecules (QTAIM) is described in the book:
   "Atoms in Molecules - A Quantum Theory"
   R.F.W. Bader, Oxford University Press, Oxford, 1990

 For additional references see:  http://aim.tkgristmill.com/references.html

 Current Directory:  /home/scratch/M_H2O_4_cuadrado_plano/Opt

 Inp File:  Ni3_cuadrado_plano_cc-pvtz-def2-tzv_1_atomicfiles/o4.inp
 Wfx File:  Ni3_cuadrado_plano_cc-pvtz-def2-tzv_1.wfx
 Out File:  Ni3_cuadrado_plano_cc-pvtz-def2-tzv_1_atomicfiles/o4.int

 Wfx Title:   Ni3_cuadrado_plano_cc-pvtz-def2-tzv_1                                         
 Job Title:   Ni3_cuadrado_plano_cc-pvtz-def2-tzv_1                                         
 
<Atom>
O4      
</Atom>
<Nuclei of Molecule>
    13
Ni1       28.0          -6.9117293859E-03  -8.1071355502E-03   5.9356853636E-06
O2         8.0          -9.4239645881E-01   3.3546216369E+00   9.8663157200E-06
H3         1.0           3.3300556473E-01   4.7440001944E+00  -2.5437408944E-04
O4         8.0          -3.5107542886E+00  -9.8284862133E-01   1.2039500773E-05
H5         1.0          -4.5763595560E+00  -8.2154886584E-01   1.5381875633E+00
O6         8.0           9.8290937253E-01  -3.3551566797E+00   1.9294659619E-06
H7         1.0           2.7245848808E+00  -4.0647087818E+00  -4.4351677808E-04
O8         8.0           3.4852840127E+00   1.0070813491E+00  -1.1143826166E-07
H9         1.0           4.5527354670E+00   8.3877055846E-01   1.5368156221E+00
H10        1.0          -2.6722145784E+00   4.0937069272E+00   5.3084352379E-05
H11        1.0          -4.5762559801E+00  -8.2179097755E-01  -1.5382607485E+00
H12        1.0          -2.6518077911E-01  -4.7696386612E+00   2.4940800032E-04
H13        1.0           4.5528723020E+00   8.3862792193E-01  -1.5367030283E+00
</Nuclei of Molecule>
<Total Number of CPs of DelSqRho>
    38
</Total Number of CPs of DelSqRho>
<Number of (3,+3) CPs of DelSqRho>
     6
</Number of (3,+3) CPs of DelSqRho>
<Number of (3,+1) CPs of DelSqRho>
    15
</Number of (3,+1) CPs of DelSqRho>
<Number of (3,-1) CPs of DelSqRho>
    13
</Number of (3,-1) CPs of DelSqRho>
<Number of (3,-3) CPs of DelSqRho>
     4
</Number of (3,-3) CPs of DelSqRho>
<Number of Degenerate CPs of DelSqRho>
     0
</Number of Degenerate CPs of DelSqRho>
<CP of DelSqRho>
CP# = 1       
Type = (3,+3)
Coords = -3.51075447765200E+00 -9.82848371214901E-01  1.20394740778230E-05
DistFromNuc =  3.1350860479E-07
Rho =  2.9727757598E+02
DelSqRho = -3.3291025049E+06
GradDelSqRho =  1.2769757404E-05 -1.6004087229E-06 -1.0822276408E-10
HessDelSqRho_EigVals =  1.3239071355E+11  1.3239073540E+11  1.3239074148E+11
HessDelSqRho_EigVec1 = -1.0096783197E-01  9.9488968742E-01 -8.2289482740E-05
HessDelSqRho_EigVec2 =  9.9488968978E-01  1.0096783531E-01  3.7412363087E-05
HessDelSqRho_EigVec3 = -4.5529765158E-05  7.8091512766E-05  9.9999999591E-01
</CP of DelSqRho>
<CP of DelSqRho>
CP# = 2       
Type = (3,-1)
Coords = -1.81468037060600E+00 -1.08171305502179E+00 -9.06518969079069E-06
DistFromNuc =  1.6989528870E+00
Rho =  9.5166589777E-02
DelSqRho =  2.3861647625E-01
GradDelSqRho = -4.8606951797E-14  4.6559978095E-15 -1.9004031205E-17
HessDelSqRho_EigVals = -3.7965973080E-01 -8.9998267960E-02  2.5401790425E+00
HessDelSqRho_EigVec1 = -2.5758374057E-01  9.6625597842E-01  2.7549203129E-05
HessDelSqRho_EigVec2 =  4.0273839886E-06 -2.7437671878E-05  9.9999999962E-01
HessDelSqRho_EigVec3 =  9.6625597880E-01  2.5758374059E-01  3.1760142986E-06
</CP of DelSqRho>
<CP of DelSqRho>
CP# = 3       
Type = (3,+1)
Coords = -4.16671907294336E+00 -8.73072922842692E-01  9.53365738889381E-01
DistFromNuc =  1.1624215149E+00
Rho =  4.0583783706E-01
DelSqRho = -9.2328100763E-01
GradDelSqRho =  5.5511151231E-16  8.8817841970E-16  4.3298697960E-15
HessDelSqRho_EigVals = -2.9979892807E+01  1.4071205363E+01  1.4994368121E+01
HessDelSqRho_EigVec1 = -5.7190036918E-01  7.8270681549E-02  8.1658047254E-01
HessDelSqRho_EigVec2 = -2.5875984294E-02  9.9322101865E-01 -1.1332449666E-01
HessDelSqRho_EigVec3 =  8.1991487434E-01  8.5940144957E-02  5.6599813632E-01
</CP of DelSqRho>
<CP of DelSqRho>
CP# = 4       
Type = (3,+1)
Coords = -4.16665485895594E+00 -8.73223805834647E-01 -9.53403253286102E-01
DistFromNuc =  1.1624215581E+00
Rho =  4.0583795996E-01
DelSqRho = -9.2328174017E-01
GradDelSqRho = -4.4408920985E-16  3.3306690739E-16 -4.4408920985E-16
HessDelSqRho_EigVals = -2.9979917441E+01  1.4071234690E+01  1.4994369972E+01
HessDelSqRho_EigVec1 =  5.7184524398E-01 -7.8142454044E-02  8.1663135735E-01
HessDelSqRho_EigVec2 = -2.5886357050E-02  9.9323851540E-01  1.1316867075E-01
HessDelSqRho_EigVec3 =  8.1995299466E-01  8.5854577033E-02 -5.6595589770E-01
</CP of DelSqRho>
<CP of DelSqRho>
CP# = 5       
Type = (3,-3)
Coords = -3.34349914269066E+00 -9.82318483823930E-01  7.37910757154497E-06
DistFromNuc =  1.6725598618E-01
Rho =  2.2650515765E+01
DelSqRho =  1.2906226102E+03
GradDelSqRho = -2.2410517886E-11  1.8474111130E-13 -3.4694469520E-17
HessDelSqRho_EigVals = -4.4417355340E+05 -3.5479088885E+03 -9.2039090098E+01
HessDelSqRho_EigVec1 =  9.9999989940E-01 -4.4772344766E-04 -2.7366051479E-05
HessDelSqRho_EigVec2 =  4.4772099441E-04  9.9999989576E-01 -8.9586051887E-05
HessDelSqRho_EigVec3 =  2.7406158402E-05  8.9573790518E-05  9.9999999561E-01
</CP of DelSqRho>
<CP of DelSqRho>
CP# = 6       
Type = (3,+1)
Coords = -3.55559952029634E+00 -8.19883691831147E-01 -2.40549751921260E-06
DistFromNuc =  1.6902267084E-01
Rho =  2.2432898319E+01
DelSqRho =  1.2144583468E+03
GradDelSqRho = -3.9790393203E-12  1.6825651983E-11  1.0998146838E-15
HessDelSqRho_EigVals = -3.9652155907E+05  3.8873067655E+03  3.9629829599E+03
HessDelSqRho_EigVec1 = -2.6360471958E-01  9.6463078145E-01 -8.5434786558E-05
HessDelSqRho_EigVec2 =  9.6463077751E-01  2.6360472764E-01  1.0316032308E-04
HessDelSqRho_EigVec3 = -1.2203263671E-04  5.5219476545E-05  9.9999999103E-01
</CP of DelSqRho>
<CP of DelSqRho>
CP# = 7       
Type = (3,+1)
Coords = -3.49814673158320E+00 -1.14970905784932E+00  2.55379970171470E-05
DistFromNuc =  1.6733605694E-01
Rho =  2.2806505310E+01
DelSqRho =  1.2517274973E+03
GradDelSqRho =  4.1353587221E-12 -5.7525539887E-11  6.4878658002E-15
HessDelSqRho_EigVals = -4.3603063477E+05  2.6482068688E+03  2.7876536602E+03
HessDelSqRho_EigVec1 = -7.7833445865E-02  9.9696637264E-01 -8.0745827610E-05
HessDelSqRho_EigVec2 =  9.9696637211E-01  7.7833452386E-02  8.1021804639E-05
HessDelSqRho_EigVec3 = -8.7060741205E-05  7.4194668570E-05  9.9999999346E-01
</CP of DelSqRho>
<CP of DelSqRho>
CP# = 8       
Type = (3,-1)
Coords = -3.66444612759903E+00 -1.05074503329245E+00  7.31743033835238E-06
DistFromNuc =  1.6802114196E-01
Rho =  2.2478953465E+01
DelSqRho =  1.2738694249E+03
GradDelSqRho =  1.2668976979E-11  1.5120349417E-11  5.3793774990E-15
HessDelSqRho_EigVals = -4.2534760081E+05 -2.8623899739E+03  2.7586281688E+02
HessDelSqRho_EigVec1 =  9.1286687162E-01  4.0825736237E-01  2.7754560235E-05
HessDelSqRho_EigVec2 = -4.0825735835E-01  9.1286686901E-01 -9.3848166947E-05
HessDelSqRho_EigVec3 = -6.3650423603E-05  7.4339879125E-05  9.9999999521E-01
</CP of DelSqRho>
<CP of DelSqRho>
CP# = 9       
Type = (3,+1)
Coords = -2.84900180395873E+00 -7.68332951528052E-01  1.63058291988244E-05
DistFromNuc =  6.9565316328E-01
Rho =  7.4916443120E-01
DelSqRho = -2.6057232696E+00
GradDelSqRho =  2.3980817332E-14  3.3750779949E-14 -7.3346276969E-17
HessDelSqRho_EigVals = -4.8882675293E+00  1.4085448872E+01  1.8353169935E+02
HessDelSqRho_EigVec1 = -3.0508345137E-01  9.5232561669E-01 -8.6558299420E-05
HessDelSqRho_EigVec2 = -3.3092741551E-05  8.0290028900E-05  9.9999999623E-01
HessDelSqRho_EigVec3 =  9.5232562005E-01  3.0508345309E-01  7.0199063778E-06
</CP of DelSqRho>
<CP of DelSqRho>
CP# = 10      
Type = (3,-1)
Coords = -4.22871810320188E+00 -1.10110581679889E+00 -1.88661673712392E-06
DistFromNuc =  7.2763782440E-01
Rho =  6.4380184621E-01
DelSqRho = -7.5776900464E-01
GradDelSqRho =  5.1514348343E-14  5.1070259133E-15 -6.5523758294E-16
HessDelSqRho_EigVals = -1.7938864694E+01 -1.0034769145E+01  1.3025401666E+02
HessDelSqRho_EigVec1 = -3.3325306888E-05  8.1582699594E-05  9.9999999612E-01
HessDelSqRho_EigVec2 = -1.7769891109E-01  9.8408489957E-01 -8.6206173817E-05
HessDelSqRho_EigVec3 =  9.8408490278E-01  1.7769891327E-01  1.8297774400E-05
</CP of DelSqRho>
<CP of DelSqRho>
CP# = 11      
Type = (3,+3)
Coords = -3.52821093772320E+00 -3.31581981582734E-01 -3.85788268384488E-05
DistFromNuc =  6.5150055504E-01
Rho =  8.8732021924E-01
DelSqRho = -3.4004451187E+00
GradDelSqRho =  2.9976021665E-15 -1.0658141036E-14  3.5865407866E-16
HessDelSqRho_EigVals =  8.2996114773E+00  1.0738992259E+01  2.6320420896E+02
HessDelSqRho_EigVec1 =  9.9905167776E-01  4.3540154984E-02  8.1802564908E-06
HessDelSqRho_EigVec2 = -1.1589571930E-05  7.8050361022E-05  9.9999999689E-01
HessDelSqRho_EigVec3 = -4.3540154210E-02  9.9905167475E-01 -7.8480955887E-05
</CP of DelSqRho>
<CP of DelSqRho>
CP# = 12      
Type = (3,-1)
Coords = -3.18586054790948E+00 -9.04039705099733E-01  6.33219692244351E-01
DistFromNuc =  7.1604379722E-01
Rho =  6.6690170166E-01
DelSqRho = -9.9974016888E-01
GradDelSqRho = -1.9984014443E-13  1.5321077740E-13 -7.1764816312E-13
HessDelSqRho_EigVals = -1.4848575078E+01 -1.1871238752E+01  1.4204254830E+02
HessDelSqRho_EigVec1 = -8.4354004216E-01  3.5964892185E-01  3.9886445101E-01
HessDelSqRho_EigVec2 =  2.7933263813E-01  9.2811599185E-01 -2.4611782330E-01
HessDelSqRho_EigVec3 =  4.5870848536E-01  9.6194379686E-02  8.8336468504E-01
</CP of DelSqRho>
<CP of DelSqRho>
CP# = 13      
Type = (3,-1)
Coords = -3.18581868968821E+00 -9.04140718933254E-01 -6.33187043764525E-01
DistFromNuc =  7.1604410228E-01
Rho =  6.6690125308E-01
DelSqRho = -9.9973803854E-01
GradDelSqRho = -1.8030021920E-13  1.5520917884E-13  6.9810823788E-13
HessDelSqRho_EigVals = -1.4848580594E+01 -1.1871233695E+01  1.4204226656E+02
HessDelSqRho_EigVec1 = -8.4352076654E-01  3.5956225844E-01 -3.9898333139E-01
HessDelSqRho_EigVec2 =  2.7929571256E-01  9.2816419782E-01  2.4597789908E-01
HessDelSqRho_EigVec3 = -4.5876641264E-01 -9.6053132144E-02  8.8334997280E-01
</CP of DelSqRho>
<CP of DelSqRho>
CP# = 14      
Type = (3,+1)
Coords = -3.79424139637523E+00 -5.07605325838558E-01  3.92031962705767E-01
DistFromNuc =  6.7815982656E-01
Rho =  8.2197500851E-01
DelSqRho = -2.9428846682E+00
GradDelSqRho = -4.8849813084E-15  3.5527136788E-15 -1.2434497876E-14
HessDelSqRho_EigVals = -7.9291523273E+00  1.5753369110E+01  2.0613598985E+02
HessDelSqRho_EigVec1 =  3.8986854002E-01  6.4419176148E-01 -6.5804216882E-01
HessDelSqRho_EigVec2 =  8.3594854644E-01  5.2149839576E-02  5.4632446580E-01
HessDelSqRho_EigVec3 = -3.8625451350E-01  7.6308411638E-01  5.1817958482E-01
</CP of DelSqRho>
<CP of DelSqRho>
CP# = 15      
Type = (3,+1)
Coords = -3.79421521313361E+00 -5.07666168977003E-01 -3.92100162668684E-01
DistFromNuc =  6.7815959614E-01
Rho =  8.2197525344E-01
DelSqRho = -2.9428779957E+00
GradDelSqRho =  7.5495165675E-15 -5.3290705182E-15  2.1316282073E-14
HessDelSqRho_EigVals = -7.9292857990E+00  1.5753279396E+01  2.0613628708E+02
HessDelSqRho_EigVec1 =  3.8982472074E-01  6.4429402923E-01  6.5796800151E-01
HessDelSqRho_EigVec2 = -8.3598472504E-01 -5.2065331760E-02  5.4627716475E-01
HessDelSqRho_EigVec3 = -3.8622043784E-01  7.6300354202E-01 -5.1832361345E-01
</CP of DelSqRho>
<CP of DelSqRho>
CP# = 16      
Type = (3,+3)
Coords = -3.32936234857638E+00 -1.57505902629359E+00  6.53758588642112E-05
DistFromNuc =  6.1936758270E-01
Rho =  1.0432042582E+00
DelSqRho = -5.4160609787E+00
GradDelSqRho =  2.8421709430E-14 -7.1054273576E-14  4.3368086899E-19
HessDelSqRho_EigVals =  2.3374074013E+01  2.8432987962E+01  4.4927050293E+02
HessDelSqRho_EigVec1 =  9.5904514397E-01  2.8325326391E-01  1.7673191328E-05
HessDelSqRho_EigVec2 = -4.1298166934E-05  7.7434642381E-05  9.9999999615E-01
HessDelSqRho_EigVec3 = -2.8325326145E-01  9.5904514101E-01 -8.5961158328E-05
</CP of DelSqRho>
<CP of DelSqRho>
CP# = 17      
Type = (3,+1)
Coords = -3.77515688506139E+00 -1.30966963590522E+00  5.48251277414444E-01
DistFromNuc =  6.9085958816E-01
Rho =  7.8323147262E-01
DelSqRho = -2.6303896853E+00
GradDelSqRho =  1.9761969838E-14  5.3290705182E-15 -5.6621374256E-15
HessDelSqRho_EigVals = -1.5373062053E+01  1.5706017222E+01  1.9235887515E+02
HessDelSqRho_EigVec1 =  4.4186051260E-01 -8.0520721563E-01 -3.9547519177E-01
HessDelSqRho_EigVec2 =  8.3238146139E-01  2.0361361691E-01  5.1544407819E-01
HessDelSqRho_EigVec3 = -3.3451515682E-01 -5.5694060268E-01  7.6020837601E-01
</CP of DelSqRho>
<CP of DelSqRho>
CP# = 18      
Type = (3,+1)
Coords = -3.77512077712373E+00 -1.30975713860293E+00 -5.48192072588167E-01
DistFromNuc =  6.9085929639E-01
Rho =  7.8323239845E-01
DelSqRho = -2.6303969571E+00
GradDelSqRho =  9.3258734069E-15 -1.7763568394E-15  9.7699626167E-15
HessDelSqRho_EigVals = -1.5373053256E+01  1.5706097151E+01  1.9235932142E+02
HessDelSqRho_EigVec1 =  4.4183351778E-01 -8.0514431854E-01  3.9563337686E-01
HessDelSqRho_EigVec2 =  8.3241563695E-01  2.0352999194E-01 -5.1542191430E-01
HessDelSqRho_EigVec3 =  3.3446576795E-01  5.5706208694E-01  7.6014109307E-01
</CP of DelSqRho>
<CP of DelSqRho>
CP# = 19      
Type = (3,+3)
Coords = -3.89606797138824E+00 -8.50187664935657E-01  5.87311727117903E-01
DistFromNuc =  7.1483318792E-01
Rho =  7.7195056970E-01
DelSqRho = -3.2334510285E+00
GradDelSqRho =  6.3060667799E-14 -4.4408920985E-15 -1.4122036873E-13
HessDelSqRho_EigVals =  9.8419000103E+00  2.4494382316E+01  1.5116656615E+02
HessDelSqRho_EigVec1 =  4.7223894913E-02  9.6786930488E-01 -2.4697957897E-01
HessDelSqRho_EigVec2 =  8.5207346019E-01  9.0002752040E-02  5.1562614662E-01
HessDelSqRho_EigVec3 = -5.2128756191E-01  2.3479461941E-01  8.2044546711E-01
</CP of DelSqRho>
<CP of DelSqRho>
CP# = 20      
Type = (3,+3)
Coords = -3.89602917590341E+00 -8.50283157359544E-01 -5.87334551742425E-01
DistFromNuc =  7.1483309887E-01
Rho =  7.7195095698E-01
DelSqRho = -3.2334559255E+00
GradDelSqRho =  7.1942451996E-14 -6.2172489379E-15  1.4388490399E-13
HessDelSqRho_EigVals =  9.8420366712E+00  2.4494465994E+01  1.5116657559E+02
HessDelSqRho_EigVec1 =  4.7203279899E-02  9.6790938643E-01  2.4682639652E-01
HessDelSqRho_EigVec2 =  8.5210718136E-01  8.9923250991E-02 -5.1558429031E-01
HessDelSqRho_EigVec3 =  5.2123430609E-01 -2.3465981459E-01  8.2051786670E-01
</CP of DelSqRho>
<CP of DelSqRho>
CP# = 21      
Type = (3,-3)
Coords = -4.62274612746769E+00 -1.23465162621776E+00 -5.47938100503080E-06
DistFromNuc =  1.1401449922E+00
Rho =  2.4551826525E-01
DelSqRho =  9.0706796055E-01
GradDelSqRho = -2.1545265572E-15  1.2490009027E-16 -1.9578573653E-16
HessDelSqRho_EigVals = -1.7932600740E+01 -2.6491372861E+00 -4.3138671670E-01
HessDelSqRho_EigVec1 =  9.7220773904E-01  2.3411986666E-01  1.3890731833E-05
HessDelSqRho_EigVec2 = -3.3428968505E-05  7.9485651402E-05  9.9999999628E-01
HessDelSqRho_EigVec3 = -2.3411986468E-01  9.7220773589E-01 -8.5102951084E-05
</CP of DelSqRho>
<CP of DelSqRho>
CP# = 22      
Type = (3,-3)
Coords = -3.06210123386886E+00 -1.01937319839100E+00  1.05001405115438E+00
DistFromNuc =  1.1424219154E+00
Rho =  2.4427730033E-01
DelSqRho =  8.4155547442E-01
GradDelSqRho = -9.9920072216E-16  1.0130785100E-15 -1.1102230246E-15
HessDelSqRho_EigVals = -1.7785216775E+01 -1.8581978688E+00 -4.9440439323E-01
HessDelSqRho_EigVec1 =  4.3848644070E-01 -2.1823041225E-02  8.9847281327E-01
HessDelSqRho_EigVec2 =  8.9583037916E-01 -6.9734822203E-02 -4.3889063142E-01
HessDelSqRho_EigVec3 =  7.2232770230E-02  9.9732683181E-01 -1.1028030685E-02
</CP of DelSqRho>
<CP of DelSqRho>
CP# = 23      
Type = (3,-3)
Coords = -3.06203195942665E+00 -1.01954606812367E+00 -1.04995471974072E+00
DistFromNuc =  1.1424222629E+00
Rho =  2.4427742730E-01
DelSqRho =  8.4155426008E-01
GradDelSqRho = -3.8857805862E-15  3.4694469520E-16  3.3306690739E-15
HessDelSqRho_EigVals = -1.7785175501E+01 -1.8582046079E+00 -4.9439889318E-01
HessDelSqRho_EigVec1 = -4.3854543200E-01  2.1970592817E-02  8.9844042492E-01
HessDelSqRho_EigVec2 =  8.9580165238E-01 -6.9661462327E-02  4.3896090972E-01
HessDelSqRho_EigVec3 =  7.2230905224E-02  9.9732871899E-01  1.0868422741E-02
</CP of DelSqRho>
<CP of DelSqRho>
CP# = 24      
Type = (3,+1)
Coords = -2.34572678835867E+00 -5.65829124907179E-01  1.12985446212874E-05
DistFromNuc =  1.2374143755E+00
Rho =  2.3662037531E-01
DelSqRho =  3.3842738811E-01
GradDelSqRho =  4.5519144010E-15 -4.0106806765E-15  1.2834243217E-17
HessDelSqRho_EigVals = -9.6905136744E+00  8.6786485135E-01  1.1880501027E+00
HessDelSqRho_EigVec1 =  9.4130322528E-01  3.3756219884E-01 -1.0875966761E-06
HessDelSqRho_EigVec2 = -3.3756219721E-01  9.4130322042E-01 -1.0119098244E-04
HessDelSqRho_EigVec3 = -3.3134492282E-05  9.5618529665E-05  9.9999999488E-01
</CP of DelSqRho>
<CP of DelSqRho>
CP# = 25      
Type = (3,-1)
Coords = -3.69877511535627E+00 -1.90153709265667E+00  7.31752114549357E-01
DistFromNuc =  1.1894468782E+00
Rho =  2.4342960133E-01
DelSqRho =  7.3934130967E-01
GradDelSqRho =  3.8517800061E-14  3.2807090378E-14  2.8366198279E-14
HessDelSqRho_EigVals = -1.7827407730E+01 -9.9898682259E-01  2.4724621386E-01
HessDelSqRho_EigVec1 =  1.4900893233E-01  7.7874514836E-01 -6.0938684921E-01
HessDelSqRho_EigVec2 = -6.0703577614E-01  5.5851623275E-01  5.6530273681E-01
HessDelSqRho_EigVec3 =  7.8057921096E-01  2.8568446172E-01  5.5595007308E-01
</CP of DelSqRho>
<CP of DelSqRho>
CP# = 26      
Type = (3,-1)
Coords = -3.69872643894598E+00 -1.90165317851475E+00 -7.31594743997345E-01
DistFromNuc =  1.1894468585E+00
Rho =  2.4342972201E-01
DelSqRho =  7.3934117191E-01
GradDelSqRho =  1.1136924716E-14  8.6597395921E-15 -8.8817841970E-15
HessDelSqRho_EigVals = -1.7827415728E+01 -9.9898378562E-01  2.4724780858E-01
HessDelSqRho_EigVec1 =  1.4896831850E-01  7.7884189381E-01  6.0927312803E-01
HessDelSqRho_EigVec2 =  6.0699609638E-01 -5.5842719773E-01  5.6543328856E-01
HessDelSqRho_EigVec3 =  7.8061781882E-01  2.8559476412E-01 -5.5594194989E-01
</CP of DelSqRho>
<CP of DelSqRho>
CP# = 27      
Type = (3,-1)
Coords = -3.55883343064134E+00  2.94794583818974E-02  6.28016071496953E-01
DistFromNuc =  1.1922704429E+00
Rho =  2.4244865681E-01
DelSqRho =  7.0310036485E-01
GradDelSqRho =  7.2872263779E-14 -6.5161764873E-12 -3.4686142847E-12
HessDelSqRho_EigVals = -1.7025436869E+01 -1.1751505264E+00  2.5949347083E-01
HessDelSqRho_EigVec1 = -9.0097631965E-03  8.5805499191E-01  5.1347877758E-01
HessDelSqRho_EigVec2 = -7.2718064396E-01 -3.5809597516E-01  5.8564117309E-01
HessDelSqRho_EigVec3 =  6.8638701562E-01 -3.6811533986E-01  6.2718734151E-01
</CP of DelSqRho>
<CP of DelSqRho>
CP# = 28      
Type = (3,-1)
Coords = -3.55878741617588E+00  2.93744487403408E-02 -6.28164164889234E-01
DistFromNuc =  1.1922701324E+00
Rho =  2.4244869517E-01
DelSqRho =  7.0310259223E-01
GradDelSqRho = -7.7313155877E-14 -3.7996827906E-12  2.1719848142E-12
HessDelSqRho_EigVals = -1.7025432991E+01 -1.1751915215E+00  2.5948615383E-01
HessDelSqRho_EigVec1 = -8.9713341566E-03  8.5796927850E-01 -5.1362265557E-01
HessDelSqRho_EigVec2 =  7.2714198979E-01  3.5819094736E-01  5.8563108858E-01
HessDelSqRho_EigVec3 =  6.8642846812E-01 -3.6822270758E-01 -6.2707893903E-01
</CP of DelSqRho>
<CP of DelSqRho>
CP# = 29      
Type = (3,-1)
Coords = -3.89566141496977E+00 -1.06509888035502E+00  1.96503475011377E+00
DistFromNuc =  2.0040541046E+00
Rho =  7.2811139739E-02
DelSqRho =  1.9658657205E-01
GradDelSqRho = -7.1456729422E-14  1.4376694280E-13 -5.0062731738E-13
HessDelSqRho_EigVals = -2.3097549428E+00 -3.2309988278E-02  4.4894568732E-01
HessDelSqRho_EigVec1 =  3.5995882217E-01 -1.9813330993E-01  9.1168680907E-01
HessDelSqRho_EigVec2 =  2.5649929006E-01  9.6054996902E-01  1.0747963160E-01
HessDelSqRho_EigVec3 =  8.9701603137E-01 -1.9515877769E-01 -3.9657948882E-01
</CP of DelSqRho>
<CP of DelSqRho>
CP# = 30      
Type = (3,-1)
Coords = -3.89552509661993E+00 -1.06539230499083E+00 -1.96502691506581E+00
DistFromNuc =  2.0040559192E+00
Rho =  7.2811098698E-02
DelSqRho =  1.9658558957E-01
GradDelSqRho = -8.2798351508E-14  1.5792575581E-13  5.5769278084E-13
HessDelSqRho_EigVals = -2.3097451839E+00 -3.2306636661E-02  4.4894625651E-01
HessDelSqRho_EigVec1 = -3.6002236045E-01  1.9825950063E-01  9.1163428544E-01
HessDelSqRho_EigVec2 =  2.5649261858E-01  9.6053816507E-01 -1.0760097611E-01
HessDelSqRho_EigVec3 =  8.9699243954E-01 -1.9508870765E-01  3.9666731597E-01
</CP of DelSqRho>
<CP of DelSqRho>
CP# = 31      
Type = (3,+1)
Coords = -4.59155906171768E+00  5.40072749818682E-02  1.36142949586433E+00
DistFromNuc =  2.0240223807E+00
Rho =  7.0033119528E-02
DelSqRho =  1.7403541653E-01
GradDelSqRho =  6.2151889538E-17 -1.9428902931E-16  1.8648277367E-17
HessDelSqRho_EigVals = -1.6029497876E+00  3.6960264103E-02  5.9175861441E-01
HessDelSqRho_EigVec1 = -4.0169332771E-01  8.2323595256E-01  4.0115462964E-01
HessDelSqRho_EigVec2 =  8.2528517073E-01  1.3555864313E-01  5.4820456150E-01
HessDelSqRho_EigVec3 =  3.9692172711E-01  5.5127708159E-01 -7.3385742612E-01
</CP of DelSqRho>
<CP of DelSqRho>
CP# = 32      
Type = (3,+1)
Coords = -4.64463409746082E+00 -1.68569161310570E+00  1.47625934496437E+00
DistFromNuc =  1.9897180199E+00
Rho =  7.1471858536E-02
DelSqRho =  1.8889975995E-01
GradDelSqRho =  8.6736173799E-17 -7.0603245472E-16  2.4286128664E-17
HessDelSqRho_EigVals = -1.8685381622E+00  2.3818502168E-02  5.8521306610E-01
HessDelSqRho_EigVec1 =  4.3507432163E-01  7.7412416052E-01 -4.5982835794E-01
HessDelSqRho_EigVec2 =  8.1171715039E-01 -1.1621458710E-01  5.7237176512E-01
HessDelSqRho_EigVec3 =  3.8964804942E-01 -6.2227482180E-01 -6.7893184027E-01
</CP of DelSqRho>
<CP of DelSqRho>
CP# = 33      
Type = (3,+1)
Coords = -4.59147323428479E+00  5.37895485119809E-02 -1.36163475182047E+00
DistFromNuc =  2.0240192981E+00
Rho =  7.0033342803E-02
DelSqRho =  1.7403741294E-01
GradDelSqRho = -6.8480919720E-17 -4.8572257327E-16 -6.6353172956E-17
HessDelSqRho_EigVals = -1.6029762458E+00  3.6955927530E-02  5.9175734427E-01
HessDelSqRho_EigVec1 = -4.0167009674E-01  8.2317544599E-01 -4.0130202902E-01
HessDelSqRho_EigVec2 = -8.2532206113E-01 -1.3548312963E-01  5.4816769058E-01
HessDelSqRho_EigVec3 =  3.9686852835E-01  5.5138598703E-01  7.3380437755E-01
</CP of DelSqRho>
<CP of DelSqRho>
CP# = 34      
Type = (3,+1)
Coords = -4.64451696969474E+00 -1.68592799550108E+00 -1.47621388120631E+00
DistFromNuc =  1.9897189229E+00
Rho =  7.1471790570E-02
DelSqRho =  1.8889935599E-01
GradDelSqRho = -2.6020852140E-16  7.8929918157E-17  6.2450045135E-17
HessDelSqRho_EigVals = -1.8685225545E+00  2.3817792468E-02  5.8521652456E-01
HessDelSqRho_EigVec1 =  4.3502744997E-01  7.7419680325E-01  4.5975039708E-01
HessDelSqRho_EigVec2 = -8.1175788361E-01  1.1627688628E-01  5.7230134030E-01
HessDelSqRho_EigVec3 =  3.8961552351E-01 -6.2217280201E-01  6.7904399583E-01
</CP of DelSqRho>
<CP of DelSqRho>
CP# = 35      
Type = (3,+1)
Coords = -2.11233670572285E+00 -2.07050239062980E-02 -1.51852449326244E-06
DistFromNuc =  1.6974369026E+00
Rho =  9.8646732274E-02
DelSqRho =  1.9658993956E-01
GradDelSqRho = -3.7470027081E-16 -4.1980308119E-16 -1.7796162222E-18
HessDelSqRho_EigVals = -1.2204641442E-01  4.3919805320E-02  2.5229299927E+00
HessDelSqRho_EigVec1 = -2.9673539304E-01  9.5495974017E-01 -3.4222579764E-05
HessDelSqRho_EigVec2 = -6.3888670196E-06  3.3851455112E-05  9.9999999941E-01
HessDelSqRho_EigVec3 =  9.5495974076E-01  2.9673539308E-01 -3.9438140485E-06
</CP of DelSqRho>
<CP of DelSqRho>
CP# = 36      
Type = (3,-1)
Coords = -5.18562194751645E+00 -1.17605256973429E+00  1.07431465431127E+00
DistFromNuc =  1.9991587102E+00
Rho =  7.2003566494E-02
DelSqRho =  1.9276675715E-01
GradDelSqRho =  1.8821749714E-16 -4.5102810375E-17  6.2450045135E-17
HessDelSqRho_EigVals = -2.2138016049E+00 -2.8843746306E-02  5.2806282433E-01
HessDelSqRho_EigVec1 =  9.4965899847E-01  3.1314582700E-01 -9.3529487860E-03
HessDelSqRho_EigVec2 = -3.0393776651E-01  9.1367434016E-01 -2.6985372747E-01
HessDelSqRho_EigVec3 = -7.5958019345E-02  2.5911173493E-01  9.6285590205E-01
</CP of DelSqRho>
<CP of DelSqRho>
CP# = 37      
Type = (3,-1)
Coords = -5.18555266122302E+00 -1.17621442087114E+00 -1.07436977785528E+00
DistFromNuc =  1.9991588758E+00
Rho =  7.2003512401E-02
DelSqRho =  1.9276655667E-01
GradDelSqRho = -2.1510571102E-16 -7.1123662515E-17 -2.0816681712E-16
HessDelSqRho_EigVals = -2.2137896318E+00 -2.8842726671E-02  5.2806832290E-01
HessDelSqRho_EigVec1 =  9.4966124326E-01  3.1313860738E-01  9.3667295154E-03
HessDelSqRho_EigVec2 = -3.0394774731E-01  9.1372104568E-01  2.6968429243E-01
HessDelSqRho_EigVec3 =  7.5889985877E-02 -2.5895571678E-01  9.6290323854E-01
</CP of DelSqRho>
<CP of DelSqRho>
CP# = 38      
Type = (3,+3)
Coords = -2.04168866232003E+00 -2.55387697232377E-01  7.85561246033474E-06
DistFromNuc =  1.6393148601E+00
Rho =  1.1364723519E-01
DelSqRho =  1.9530887819E-01
GradDelSqRho =  1.1379786002E-15  3.6429192996E-17  5.1923119667E-18
HessDelSqRho_EigVals =  1.2823182702E-01  1.4642741789E-01  3.3026493345E+00
HessDelSqRho_EigVec1 = -2.7851066130E-01  9.6043313194E-01 -1.0298652346E-04
HessDelSqRho_EigVec2 = -2.5742982021E-05  9.9764184285E-05  9.9999999469E-01
HessDelSqRho_EigVec3 =  9.6043313712E-01  2.7851066247E-01 -3.0609760913E-06
</CP of DelSqRho>
<Path of -GradDelSqRho>
Starting CP# =      3
Ending CP# =      0
Number of Points =     30
 -4.1667190729E+00 -8.7307292284E-01  9.5336573889E-01  4.0583783706E-01 -9.2328100763E-01
 -4.1810183819E+00 -8.7111975352E-01  9.7377933450E-01  3.9511138339E-01 -9.3257600664E-01
 -4.1953216074E+00 -8.6917517423E-01  9.9419100621E-01  3.8539210869E-01 -9.6023320379E-01
 -4.2096288600E+00 -8.6724062700E-01  1.0146008088E+00  3.7664807360E-01 -1.0060643001E+00
 -4.2239400341E+00 -8.6531713240E-01  1.0350089064E+00  3.6884361250E-01 -1.0700664027E+00
 -4.2382548558E+00 -8.6340526917E-01  1.0554155389E+00  3.6193946695E-01 -1.1523534800E+00
 -4.2525729395E+00 -8.6150516420E-01  1.0758209810E+00  3.5589279459E-01 -1.2530173340E+00
 -4.2668938561E+00 -8.5961648708E-01  1.0962254961E+00  3.5065714734E-01 -1.3718912496E+00
 -4.2812172076E+00 -8.5773844011E-01  1.1166292833E+00  3.4618258337E-01 -1.5081880929E+00
 -4.2955427122E+00 -8.5586972928E-01  1.1370324162E+00  3.4241617774E-01 -1.6600040633E+00
 -4.3098703019E+00 -8.5400849494E-01  1.1574347684E+00  3.3930331942E-01 -1.8237410664E+00
 -4.3242002459E+00 -8.5215217180E-01  1.1778359146E+00  3.3679030003E-01 -1.9936276079E+00
 -4.3385333114E+00 -8.5029725717E-01  1.1982349961E+00  3.3482874009E-01 -2.1617165362E+00
 -4.3528709348E+00 -8.4843910885E-01  1.2186305797E+00  3.3338224415E-01 -2.3189676515E+00
 -4.3672150579E+00 -8.4657272723E-01  1.2390208406E+00  3.3243517404E-01 -2.4581669563E+00
 -4.3815659349E+00 -8.4469862122E-01  1.2594056400E+00  3.3200245978E-01 -2.5792972397E+00
 -4.3959152242E+00 -8.4283871758E-01  1.2797928550E+00  3.3213795865E-01 -2.6973516894E+00
 -4.4102460784E+00 -8.4103147457E-01  1.3001977576E+00  3.3293729149E-01 -2.8514029732E+00
 -4.4245534372E+00 -8.3928304846E-01  1.3206242655E+00  3.3452981355E-01 -3.1122137656E+00
 -4.4388448692E+00 -8.3757188399E-01  1.3410650778E+00  3.3705450091E-01 -3.5843165789E+00
 -4.4531274758E+00 -8.3588041233E-01  1.3615136976E+00  3.4061670128E-01 -4.3979570377E+00
 -4.4674051705E+00 -8.3419953222E-01  1.3819666208E+00  3.4522715902E-01 -5.6870908558E+00
 -4.4816799347E+00 -8.3252483619E-01  1.4024220968E+00  3.5073158152E-01 -7.5521770540E+00
 -4.4959527955E+00 -8.3085412019E-01  1.4228792264E+00  3.5674700372E-01 -1.0011418969E+01
 -4.5102243036E+00 -8.2918622638E-01  1.4433375300E+00  3.6262801123E-01 -1.2951750704E+01
 -4.5244947518E+00 -8.2752051679E-01  1.4637967509E+00  3.6748770384E-01 -1.6099598845E+01
 -4.5387642665E+00 -8.2585661944E-01  1.4842567703E+00  3.7029056469E-01 -1.9035576300E+01
 -4.5530328110E+00 -8.2419428733E-01  1.5047175936E+00  3.7001467467E-01 -2.1268636959E+01
 -4.5672999348E+00 -8.2253323709E-01  1.5251795116E+00  3.6585270711E-01 -2.2360544304E+01
 -4.5708658195E+00 -8.2211792384E-01  1.5302956118E+00  3.6414643402E-01 -2.2420111212E+01
</Path of -GradDelSqRho>
<Path of -GradDelSqRho>
Starting CP# =      3
Ending CP# =     19
Number of Points =     20
 -4.1667190729E+00 -8.7307292284E-01  9.5336573889E-01  4.0583783706E-01 -9.2328100763E-01
 -4.1524232091E+00 -8.7503265614E-01  9.3295035944E-01  4.1759937963E-01 -9.3273864442E-01
 -4.1381302886E+00 -8.7699704447E-01  9.1253336652E-01  4.3041940598E-01 -9.6151702664E-01
 -4.1238393815E+00 -8.7896357286E-01  8.9211517018E-01  4.4431614206E-01 -1.0103013037E+00
 -4.1095492352E+00 -8.8092939928E-01  8.7169637385E-01  4.5930185705E-01 -1.0797989833E+00
 -4.0952582411E+00 -8.8289132617E-01  8.5127779586E-01  4.7538199832E-01 -1.1706125290E+00
 -4.0809643816E+00 -8.8484571852E-01  8.3086050115E-01  4.9255432651E-01 -1.2830813165E+00
 -4.0666651415E+00 -8.8678834261E-01  8.1044585147E-01  5.1080814945E-01 -1.4170968161E+00
 -4.0523573626E+00 -8.8871408747E-01  7.9003558628E-01  5.3012377346E-01 -1.5718973042E+00
 -4.0380370107E+00 -8.9061650346E-01  7.6963195299E-01  5.5047230811E-01 -1.7458510393E+00
 -4.0236987968E+00 -8.9248703701E-01  7.4923792045E-01  5.7181597326E-01 -1.9362391536E+00
 -4.0093355450E+00 -8.9431372341E-01  7.2885754014E-01  5.9410906180E-01 -2.1390506696E+00
 -3.9949370884E+00 -8.9607883452E-01  7.0849659229E-01  6.1729970042E-01 -2.3488006707E+00
 -3.9804881965E+00 -8.9775431691E-01  6.8816383801E-01  6.4133250305E-01 -2.5583762069E+00
 -3.9659642807E+00 -8.9929196740E-01  6.6787373992E-01  6.6615203747E-01 -2.7588986952E+00
 -3.9513211434E+00 -9.0059882533E-01  6.4765344430E-01  6.9170627218E-01 -2.9395604544E+00
 -3.9364647102E+00 -9.0145913951E-01  6.2756608790E-01  7.1794459671E-01 -3.0873478411E+00
 -3.9211231837E+00 -9.0115076712E-01  6.0784008363E-01  7.4475361958E-01 -3.1866160061E+00
 -3.9048908566E+00 -8.9288901531E-01  5.9255542330E-01  7.6794318903E-01 -3.2231045923E+00
 -3.8960679714E+00 -8.5018766494E-01  5.8731172712E-01  7.7195056970E-01 -3.2334510285E+00
</Path of -GradDelSqRho>
<Path of -GradDelSqRho>
Starting CP# =      4
Ending CP# =     20
Number of Points =     20
 -4.1666548590E+00 -8.7322380583E-01 -9.5340325329E-01  4.0583795996E-01 -9.2328174017E-01
 -4.1523603735E+00 -8.7518033245E-01 -9.3298660113E-01  4.1759950616E-01 -9.3273938499E-01
 -4.1380688320E+00 -8.7714151219E-01 -9.1256833446E-01  4.3041953706E-01 -9.6151779271E-01
 -4.1237793045E+00 -8.7910483030E-01 -8.9214886369E-01  4.4431627868E-01 -1.0103021153E+00
 -4.1094905384E+00 -8.8106744505E-01 -8.7172879258E-01  4.5930200026E-01 -1.0797998630E+00
 -4.0952009249E+00 -8.8302615923E-01 -8.5130893988E-01  4.7538214922E-01 -1.1706135029E+00
 -4.0809084467E+00 -8.8497733825E-01 -8.3089037093E-01  4.9255448625E-01 -1.2830824134E+00
 -4.0666105884E+00 -8.8691674888E-01 -8.1047444797E-01  5.1080831925E-01 -1.4170980685E+00
 -4.0523041917E+00 -8.8883928071E-01 -7.9006291100E-01  5.3012395460E-01 -1.5718987476E+00
 -4.0379852225E+00 -8.9073848481E-01 -7.6965800815E-01  5.5047250190E-01 -1.7458527128E+00
 -4.0236483917E+00 -8.9260580848E-01 -7.4926270912E-01  5.7181618109E-01 -1.9362410994E+00
 -4.0092865234E+00 -8.9442928820E-01 -7.2888106668E-01  5.9410928509E-01 -2.1390529338E+00
 -3.9948894508E+00 -8.9619119749E-01 -7.0851886291E-01  6.1729994067E-01 -2.3488033032E+00
 -3.9804419434E+00 -8.9786348545E-01 -6.8818486191E-01  6.4133276185E-01 -2.5583792629E+00
 -3.9659194125E+00 -8.9939795310E-01 -6.6789353154E-01  6.6615231655E-01 -2.7589022356E+00
 -3.9512776610E+00 -9.0070164780E-01 -6.4767202828E-01  6.9170657371E-01 -2.9395645468E+00
 -3.9364226144E+00 -9.0155883737E-01 -6.2758351279E-01  7.1794492427E-01 -3.0873525555E+00
 -3.9210824726E+00 -9.0124744782E-01 -6.0785647804E-01  7.4475398600E-01 -3.1866213862E+00
 -3.9048512242E+00 -8.9298358429E-01 -5.9257177857E-01  7.6794380979E-01 -3.2231102435E+00
 -3.8960291759E+00 -8.5028315736E-01 -5.8733455174E-01  7.7195095698E-01 -3.2334559255E+00
</Path of -GradDelSqRho>
<Path of -GradDelSqRho>
Starting CP# =      4
Ending CP# =      0
Number of Points =     30
 -4.1666548590E+00 -8.7322380583E-01 -9.5340325329E-01  4.0583795996E-01 -9.2328174017E-01
 -4.1809527901E+00 -8.7127384117E-01 -9.7381812034E-01  3.9511150352E-01 -9.3257674660E-01
 -4.1952546383E+00 -8.6933246433E-01 -9.9423106193E-01  3.8539222688E-01 -9.6023396503E-01
 -4.2095605140E+00 -8.6740111733E-01 -1.0146421326E+00  3.7664819063E-01 -1.0060650954E+00
 -4.2238703119E+00 -8.6548082076E-01 -1.0350514965E+00  3.6884372908E-01 -1.0700672445E+00
 -4.2381837577E+00 -8.6357215344E-01 -1.0554593932E+00  3.6193958376E-01 -1.1523543807E+00
 -4.2525004659E+00 -8.6167524239E-01 -1.0758660975E+00  3.5589291227E-01 -1.2530183069E+00
 -4.2668200073E+00 -8.5978975742E-01 -1.0962718729E+00  3.5065726648E-01 -1.3718923092E+00
 -4.2811419839E+00 -8.5791490103E-01 -1.1166769187E+00  3.4618270453E-01 -1.5081892557E+00
 -4.2954661137E+00 -8.5604937944E-01 -1.1370813086E+00  3.4241630143E-01 -1.6600053481E+00
 -4.3097923288E+00 -8.5419133327E-01 -1.1574849166E+00  3.3930344611E-01 -1.8237424940E+00
 -4.3241208984E+00 -8.5233819749E-01 -1.1778873179E+00  3.3679043014E-01 -1.9936291996E+00
 -4.3384525896E+00 -8.5048646968E-01 -1.1982876545E+00  3.3482887399E-01 -2.1617183105E+00
 -4.3527888389E+00 -8.4863150796E-01 -1.2186844940E+00  3.3338238212E-01 -2.3189696186E+00
 -4.3671315881E+00 -8.4676831294E-01 -1.2390760127E+00  3.3243531632E-01 -2.4581691093E+00
 -4.3814810916E+00 -8.4489739349E-01 -1.2594620718E+00  3.3200260656E-01 -2.5792995461E+00
 -4.3958290072E+00 -8.4304067530E-01 -1.2798505439E+00  3.3213811009E-01 -2.6973540851E+00
 -4.4101584869E+00 -8.4123661515E-01 -1.3002566934E+00  3.3293744776E-01 -2.8514053658E+00
 -4.4244644703E+00 -8.3949136938E-01 -1.3206844366E+00  3.3452997492E-01 -3.1122160537E+00
 -4.4387545262E+00 -8.3778338381E-01 -1.3411264768E+00  3.3705466783E-01 -3.5843186937E+00
 -4.4530357564E+00 -8.3609509037E-01 -1.3615763205E+00  3.4061687449E-01 -4.3979590070E+00
 -4.4673120745E+00 -8.3441738816E-01 -1.3820304655E+00  3.4522733959E-01 -5.6870928833E+00
 -4.4815854619E+00 -8.3274586990E-01 -1.4024871621E+00  3.5073177085E-01 -7.5521795944E+00
 -4.4958569459E+00 -8.3107833162E-01 -1.4229455115E+00  3.5674720345E-01 -1.0011422767E+01
 -4.5101270771E+00 -8.2941361553E-01 -1.4434050344E+00  3.6262822295E-01 -1.2951756753E+01
 -4.5243961483E+00 -8.2775108369E-01 -1.4638654741E+00  3.6748792871E-01 -1.6099608232E+01
 -4.5386642860E+00 -8.2609036417E-01 -1.4843267120E+00  3.7029080296E-01 -1.9035589931E+01
 -4.5529314533E+00 -8.2443121001E-01 -1.5047887535E+00  3.7001492523E-01 -2.1268655224E+01
 -4.5671971998E+00 -8.2277333803E-01 -1.5252518896E+00  3.6585296724E-01 -2.2360566806E+01
 -4.5707627400E+00 -8.2235881961E-01 -1.5303682944E+00  3.6414669594E-01 -2.2420134609E+01
</Path of -GradDelSqRho>
<Path of -GradDelSqRho>
Starting CP# =      6
Ending CP# =     11
Number of Points =     25
 -3.5555995203E+00 -8.1988369183E-01 -2.4054975192E-06  2.2432898319E+01  1.2144583468E+03
 -3.5621800000E+00 -7.9576529109E-01 -4.5412127794E-06  1.5573248867E+01  1.1346535492E+03
 -3.5687512617E+00 -7.7164437664E-01 -6.6767774940E-06  1.0918951199E+01  9.6738544434E+02
 -3.5753201431E+00 -7.4752281385E-01 -8.8122995061E-06  7.7704316946E+00  7.6164740754E+02
 -3.5818832321E+00 -7.2339967450E-01 -1.0947722536E-05  5.6481087352E+00  5.6342019147E+02
 -3.5884349784E+00 -6.9927345231E-01 -1.3082953694E-05  4.2179318924E+00  4.0131699109E+02
 -3.5949694538E+00 -6.7514254702E-01 -1.5217890219E-05  3.2512474198E+00  2.8032600955E+02
 -3.6014808388E+00 -6.5100540135E-01 -1.7352425828E-05  2.5944923732E+00  1.9332336376E+02
 -3.6079638753E+00 -6.2686062657E-01 -1.9486456655E-05  2.1451443995E+00  1.3121818243E+02
 -3.6144135223E+00 -6.0270691188E-01 -2.1619873658E-05  1.8344132012E+00  8.6915231404E+01
 -3.6208235523E+00 -5.7854265436E-01 -2.3752534983E-05  1.6158274676E+00  5.5586721242E+01
 -3.6271846132E+00 -5.5436546202E-01 -2.5884224103E-05  1.4579700703E+00  3.3889411624E+01
 -3.6334819833E+00 -5.3017160646E-01 -2.8014593734E-05  1.3397687668E+00  1.9312273702E+01
 -3.6396924344E+00 -5.0595530278E-01 -3.0143077796E-05  1.2472968441E+00  9.8656310995E+00
 -3.6457788285E+00 -4.8170754334E-01 -3.2268729525E-05  1.1715131144E+00  3.9788020286E+00
 -3.6516795856E+00 -4.5741399561E-01 -3.4389889189E-05  1.1066489187E+00  4.6131010815E-01
 -3.6572854298E+00 -4.3305086421E-01 -3.6503408482E-05  1.0490766545E+00 -1.5414757535E+00
 -3.6623769938E+00 -4.0857568554E-01 -3.8602426083E-05  9.9654849888E-01 -2.6099177198E+00
 -3.6663914909E+00 -3.8390471909E-01 -4.0667169466E-05  9.4775544551E-01 -3.1182691069E+00
 -3.6666571935E+00 -3.5901087397E-01 -4.2574860446E-05  9.0297097141E-01 -3.2990779212E+00
 -3.6476599793E+00 -3.4576392458E-01 -4.2690419375E-05  8.8807489069E-01 -3.3361735337E+00
 -3.6230559331E+00 -3.4134042379E-01 -4.1861791717E-05  8.8914526668E-01 -3.3604992641E+00
 -3.5983222122E+00 -3.3770800173E-01 -4.0971735784E-05  8.8960140596E-01 -3.3789519448E+00
 -3.5734888221E+00 -3.3483507430E-01 -4.0051912646E-05  8.8938341923E-01 -3.3916301154E+00
 -3.5282109377E+00 -3.3158198158E-01 -3.8578826838E-05  8.8732021924E-01 -3.4004451187E+00
</Path of -GradDelSqRho>
<Path of -GradDelSqRho>
Starting CP# =      6
Ending CP# =      1
Number of Points =      7
 -3.5555995203E+00 -8.1988369183E-01 -2.4054975192E-06  2.2432898319E+01  1.2144583468E+03
 -3.5489975837E+00 -8.4399622752E-01 -2.6944026581E-07  3.2576229018E+01  9.7232028636E+02
 -3.5423770467E+00 -8.6810366351E-01  1.8669107476E-06  4.7682091705E+01 -7.5224335805E+02
 -3.5357482747E+00 -8.9220883671E-01  4.0033911510E-06  7.0117154664E+01 -6.2396664234E+03
 -3.5291138129E+00 -9.1631244443E-01  6.1399607874E-06  1.0339765256E+02 -2.0079503715E+04
 -3.5224697325E+00 -9.4041340264E-01  8.2766813836E-06  1.5333509541E+02 -7.3419699933E+04
 -3.5107544777E+00 -9.8284837121E-01  1.2039474078E-05  2.9727757598E+02 -3.3291025049E+06
</Path of -GradDelSqRho>
<Path of -GradDelSqRho>
Starting CP# =      7
Ending CP# =      1
Number of Points =      7
 -3.4981467316E+00 -1.1497090578E+00  2.5537997017E-05  2.2806505310E+01  1.2517274973E+03
 -3.5000752095E+00 -1.1247835515E+00  2.3519900100E-05  3.3179070004E+01  9.8342719439E+02
 -3.5019771748E+00 -1.0998560066E+00  2.1502642157E-05  4.8660189272E+01 -8.9083680011E+02
 -3.5038675993E+00 -1.0749275833E+00  1.9485749704E-05  7.1674960348E+01 -6.6738668813E+03
 -3.5057489177E+00 -1.0499984714E+00  1.7469145861E-05  1.0588754083E+02 -2.1708673041E+04
 -3.5076157661E+00 -1.0250682715E+00  1.5453001618E-05  1.5721293126E+02 -7.8874809310E+04
 -3.5107544777E+00 -9.8284837121E-01  1.2039474078E-05  2.9727757598E+02 -3.3291025049E+06
</Path of -GradDelSqRho>
<Path of -GradDelSqRho>
Starting CP# =      7
Ending CP# =     16
Number of Points =     23
 -3.4981467316E+00 -1.1497090578E+00  2.5537997017E-05  2.2806505310E+01  1.2517274973E+03
 -3.4961855467E+00 -1.1746320127E+00  2.7557127668E-05  1.5811377514E+01  1.1662863182E+03
 -3.4942080923E+00 -1.1995536833E+00  2.9576773476E-05  1.1077844313E+01  9.9271372302E+02
 -3.4922263104E+00 -1.2244750102E+00  3.1596557839E-05  7.8848570804E+00  7.8128262299E+02
 -3.4902358027E+00 -1.2493956415E+00  3.3616618705E-05  5.7401288678E+00  5.7718998810E+02
 -3.4882280441E+00 -1.2743148883E+00  3.5637223574E-05  4.3011758808E+00  4.0974449675E+02
 -3.4861935476E+00 -1.2992319655E+00  3.7658668901E-05  3.3335662448E+00  2.8453100703E+02
 -3.4841225740E+00 -1.3241460362E+00  3.9681256970E-05  2.6799116096E+00  1.9448036657E+02
 -3.4820057597E+00 -1.3490562526E+00  4.1705276065E-05  2.2352689822E+00  1.3029037079E+02
 -3.4798335428E+00 -1.3739616970E+00  4.3731018410E-05  1.9293780138E+00  8.4631033934E+01
