 AIMInt (Version 19.02.13, Professional)
 Portions Copyright (c) 1997-2019 by Todd A. Keith
 AIMInt is a component of the AIMAll package ( http://aim.tkgristmill.com )

 TP:  64-bit Linux

 Licensed To:  Research Group of Fernando Cortes Guzman, UNAM, fercor@unam.mx

 AIMInt is a heavily modified and extended version of the PROAIMV program
 developed by members of R.F.W. Bader's research group

 Much of the Quantum Theory of Atoms in Molecules (QTAIM) is described in the book:
   "Atoms in Molecules - A Quantum Theory"
   R.F.W. Bader, Oxford University Press, Oxford, 1990

 For additional references see:  http://aim.tkgristmill.com/references.html

 Current Directory:  /home/scratch/M_H2O_4_cuadrado_plano/Opt

 Inp File:  Ni3_cuadrado_plano_cc-pvtz-def2-tzv_1_atomicfiles/o6.inp
 Wfx File:  Ni3_cuadrado_plano_cc-pvtz-def2-tzv_1.wfx
 Out File:  Ni3_cuadrado_plano_cc-pvtz-def2-tzv_1_atomicfiles/o6.int

 Wfx Title:   Ni3_cuadrado_plano_cc-pvtz-def2-tzv_1                                         
 Job Title:   Ni3_cuadrado_plano_cc-pvtz-def2-tzv_1                                         
 
<Atom>
O6      
</Atom>
<Nuclei of Molecule>
    13
Ni1       28.0          -6.9117293859E-03  -8.1071355502E-03   5.9356853636E-06
O2         8.0          -9.4239645881E-01   3.3546216369E+00   9.8663157200E-06
H3         1.0           3.3300556473E-01   4.7440001944E+00  -2.5437408944E-04
O4         8.0          -3.5107542886E+00  -9.8284862133E-01   1.2039500773E-05
H5         1.0          -4.5763595560E+00  -8.2154886584E-01   1.5381875633E+00
O6         8.0           9.8290937253E-01  -3.3551566797E+00   1.9294659619E-06
H7         1.0           2.7245848808E+00  -4.0647087818E+00  -4.4351677808E-04
O8         8.0           3.4852840127E+00   1.0070813491E+00  -1.1143826166E-07
H9         1.0           4.5527354670E+00   8.3877055846E-01   1.5368156221E+00
H10        1.0          -2.6722145784E+00   4.0937069272E+00   5.3084352379E-05
H11        1.0          -4.5762559801E+00  -8.2179097755E-01  -1.5382607485E+00
H12        1.0          -2.6518077911E-01  -4.7696386612E+00   2.4940800032E-04
H13        1.0           4.5528723020E+00   8.3862792193E-01  -1.5367030283E+00
</Nuclei of Molecule>
<Total Number of CPs of DelSqRho>
    40
</Total Number of CPs of DelSqRho>
<Number of (3,+3) CPs of DelSqRho>
     5
</Number of (3,+3) CPs of DelSqRho>
<Number of (3,+1) CPs of DelSqRho>
    15
</Number of (3,+1) CPs of DelSqRho>
<Number of (3,-1) CPs of DelSqRho>
    15
</Number of (3,-1) CPs of DelSqRho>
<Number of (3,-3) CPs of DelSqRho>
     5
</Number of (3,-3) CPs of DelSqRho>
<Number of Degenerate CPs of DelSqRho>
     0
</Number of Degenerate CPs of DelSqRho>
<CP of DelSqRho>
CP# = 1       
Type = (3,+3)
Coords =  9.82909416767385E-01 -3.35515686773419E+00  1.92940638777488E-06
DistFromNuc =  1.9321316962E-07
Rho =  2.9730166374E+02
DelSqRho = -3.3292477988E+06
GradDelSqRho =  5.9679259721E-06  3.8106263673E-06  2.7660540525E-11
HessDelSqRho_EigVals =  1.3239585479E+11  1.3239587451E+11  1.3239588006E+11
HessDelSqRho_EigVec1 =  2.3757396435E-04  1.6119838541E-05  9.9999997165E-01
HessDelSqRho_EigVec2 = -1.5844896035E-01  9.8736716904E-01  2.1727148927E-05
HessDelSqRho_EigVec3 =  9.8736714069E-01  1.5844896101E-01 -2.3712690428E-04
</CP of DelSqRho>
<CP of DelSqRho>
CP# = 2       
Type = (3,-1)
Coords =  8.56605343749182E-01 -1.80411720161389E+00  1.09547998784913E-05
DistFromNuc =  1.5561735669E+00
Rho =  1.3269766822E-01
DelSqRho =  3.2452716804E-01
GradDelSqRho =  0.0000000000E+00 -1.1865508576E-15  6.7762635780E-21
HessDelSqRho_EigVals = -4.5490662389E-01 -2.1647393422E-01  4.2288528414E+00
HessDelSqRho_EigVec1 =  1.9256838389E-04  5.5906699383E-05  9.9999997990E-01
HessDelSqRho_EigVec2 =  9.5327185259E-01  3.0211377803E-01 -2.0046020826E-04
HessDelSqRho_EigVec3 = -3.0211378316E-01  9.5327187203E-01  4.8832790940E-06
</CP of DelSqRho>
<CP of DelSqRho>
CP# = 3       
Type = (3,+1)
Coords =  2.06255459989676E-01 -4.22928764391289E+00  1.53395989160208E-04
DistFromNuc =  1.1693144425E+00
Rho =  4.0373768373E-01
DelSqRho = -9.2337387970E-01
GradDelSqRho =  2.3869795029E-15  2.4667767828E-15 -3.2526065175E-19
HessDelSqRho_EigVals = -2.9658586651E+01  1.4103657439E+01  1.4780592430E+01
HessDelSqRho_EigVec1 =  6.5813632584E-01  7.5289877082E-01 -1.3232162310E-04
HessDelSqRho_EigVec2 =  2.0488885195E-04 -3.3512817393E-06  9.9999997900E-01
HessDelSqRho_EigVec3 =  7.5289875457E-01 -6.5813633914E-01 -1.5646616504E-04
</CP of DelSqRho>
<CP of DelSqRho>
CP# = 4       
Type = (3,-3)
Coords =  8.94364606452544E-01 -3.21319474268261E+00  2.61985221620542E-05
DistFromNuc =  1.6731218646E-01
Rho =  2.2652389297E+01
DelSqRho =  1.2867617476E+03
GradDelSqRho =  6.1248783823E-12 -3.3637093111E-11  2.9559688031E-15
HessDelSqRho_EigVals = -4.4233817275E+05 -2.6906043855E+03 -1.4605960893E+02
HessDelSqRho_EigVec1 = -5.2830438827E-01  8.4905503483E-01  1.4549343509E-04
HessDelSqRho_EigVec2 =  2.6780446454E-04 -4.7242591938E-06  9.9999996413E-01
HessDelSqRho_EigVec3 =  8.4905500506E-01  5.2830440829E-01 -2.2488488210E-04
</CP of DelSqRho>
<CP of DelSqRho>
CP# = 5       
Type = (3,-1)
Coords =  1.01565312763909E+00 -3.52037036202493E+00  1.37581515070691E-05
DistFromNuc =  1.6842717857E-01
Rho =  2.2407131561E+01
DelSqRho =  1.2616611907E+03
GradDelSqRho =  9.9475983006E-14 -1.7621459847E-12  8.6736173799E-16
HessDelSqRho_EigVals = -4.1541394305E+05 -1.7193982053E+03  5.8553112056E+02
HessDelSqRho_EigVec1 = -1.9427513862E-01  9.8094707575E-01 -7.1331659113E-05
HessDelSqRho_EigVec2 =  2.3263020018E-04  1.1878920275E-04  9.9999996589E-01
HessDelSqRho_EigVec3 =  9.8094705076E-01  1.9427511540E-01 -2.5127570343E-04
</CP of DelSqRho>
<CP of DelSqRho>
CP# = 6       
Type = (3,+1)
Coords =  9.90548868661566E-01 -3.38814795454559E+00  1.64734052297449E-01
DistFromNuc =  1.6817686646E-01
Rho =  2.2576368505E+01
DelSqRho =  1.2421664013E+03
GradDelSqRho =  3.1974423109E-13 -6.7927885539E-12 -9.3436369752E-13
HessDelSqRho_EigVals = -4.1725022175E+05  2.0780809543E+03  2.4326909008E+03
HessDelSqRho_EigVec1 =  4.4777929586E-02 -1.9342909373E-01  9.8009189504E-01
HessDelSqRho_EigVec2 = -1.6353108953E-01  9.6642291935E-01  1.9820273389E-01
HessDelSqRho_EigVec3 =  9.8552144562E-01  1.6915060349E-01 -1.1642746989E-02
</CP of DelSqRho>
<CP of DelSqRho>
CP# = 7       
Type = (3,+1)
Coords =  9.90467173153322E-01 -3.38815755928914E+00 -1.64732366439667E-01
DistFromNuc =  1.6817718827E-01
Rho =  2.2576297814E+01
DelSqRho =  1.2421591417E+03
GradDelSqRho =  1.1723955140E-12  9.6633812063E-13 -7.3754335972E-12
HessDelSqRho_EigVals = -4.1724265280E+05  2.0783486092E+03  2.4329338724E+03
HessDelSqRho_EigVec1 = -4.4291846267E-02  1.9348615723E-01  9.8010271876E-01
HessDelSqRho_EigVec2 = -1.6359933276E-01  9.6641653745E-01 -1.9817753271E-01
HessDelSqRho_EigVec3 =  9.8553208506E-01  1.6912179963E-01  1.1150166486E-02
</CP of DelSqRho>
<CP of DelSqRho>
CP# = 8       
Type = (3,-1)
Coords =  1.52586223724674E+00 -2.90394736090232E+00 -1.43356263132749E-04
DistFromNuc =  7.0596578086E-01
Rho =  6.9730626538E-01
DelSqRho = -1.2364463492E+00
GradDelSqRho =  1.3691270340E-12  7.4674710859E-12 -3.2348256018E-15
HessDelSqRho_EigVals = -1.5512524860E+01 -1.0640803004E+01  1.5501890043E+02
HessDelSqRho_EigVec1 = -6.4706884790E-01  7.6243156500E-01  1.2151708087E-04
HessDelSqRho_EigVec2 =  2.3096005029E-04  3.6632764680E-05  9.9999997266E-01
HessDelSqRho_EigVec3 =  7.6243153971E-01  6.4706885827E-01 -1.9979515344E-04
</CP of DelSqRho>
<CP of DelSqRho>
CP# = 9       
Type = (3,-1)
Coords =  2.91678095923775E-01 -3.20577511575643E+00  1.53767358563459E-04
DistFromNuc =  7.0718848438E-01
Rho =  6.9679564206E-01
DelSqRho = -1.2309524756E+00
GradDelSqRho =  6.4392935428E-15  5.1070259133E-15 -2.6020852140E-18
HessDelSqRho_EigVals = -1.6013413220E+01 -1.0559276806E+01  1.5372891836E+02
HessDelSqRho_EigVec1 =  2.1953791752E-01  9.7560396809E-01  1.5051036116E-05
HessDelSqRho_EigVec2 =  2.0675290048E-04 -6.1952532947E-05  9.9999997671E-01
HessDelSqRho_EigVec3 =  9.7560394629E-01 -2.1953790929E-01 -2.1530988018E-04
</CP of DelSqRho>
<CP of DelSqRho>
CP# = 10      
Type = (3,-1)
Coords =  1.15116560439273E+00 -4.05257226800347E+00 -7.88704836008587E-06
DistFromNuc =  7.1742502224E-01
Rho =  6.8012587097E-01
DelSqRho = -1.1151666056E+00
GradDelSqRho = -3.1414870705E-12  2.7844393458E-12 -2.4438703014E-14
HessDelSqRho_EigVals = -2.0347577874E+01 -5.3558562865E+00  1.4269179140E+02
HessDelSqRho_EigVec1 =  9.7253124420E-01  2.3277228447E-01 -2.0650257084E-04
HessDelSqRho_EigVec2 =  2.0279430819E-04  3.9861986079E-05  9.9999997864E-01
HessDelSqRho_EigVec3 = -2.3277228773E-01  9.7253126530E-01  8.4378674788E-06
</CP of DelSqRho>
<CP of DelSqRho>
CP# = 11      
Type = (3,+3)
Coords =  9.24466584299078E-01 -3.11204585050999E+00  5.99408584906631E-01
DistFromNuc =  6.4946652980E-01
Rho =  8.9698993927E-01
DelSqRho = -3.7547166401E+00
GradDelSqRho =  4.8849813084E-15 -1.7763568394E-15 -4.3520742565E-14
HessDelSqRho_EigVals =  6.7746734771E+00  1.6239444488E+01  2.8641984844E+02
HessDelSqRho_EigVec1 = -2.2936170776E-01  9.0492858802E-01 -3.5846542038E-01
HessDelSqRho_EigVec2 =  9.6980218073E-01  2.4384257447E-01 -4.9526890156E-03
HessDelSqRho_EigVec3 = -8.2927301084E-02  3.4877650361E-01  9.3352986737E-01
</CP of DelSqRho>
<CP of DelSqRho>
CP# = 12      
Type = (3,+3)
Coords =  9.24168412244739E-01 -3.11201860011056E+00 -5.99374132239751E-01
DistFromNuc =  6.4947539560E-01
Rho =  8.9695639212E-01
DelSqRho = -3.7543853918E+00
GradDelSqRho = -3.1086244690E-15  2.3980817332E-14 -2.7977620221E-14
HessDelSqRho_EigVals =  6.7718796954E+00  1.6237778672E+01  2.8638554041E+02
HessDelSqRho_EigVec1 = -2.2911626737E-01  9.0493397621E-01  3.5860874881E-01
HessDelSqRho_EigVec2 =  9.6982041233E-01  2.4377968098E-01  4.4536472503E-03
HessDelSqRho_EigVec3 =  8.3391269666E-02 -3.4880648767E-01  9.3347733251E-01
</CP of DelSqRho>
<CP of DelSqRho>
CP# = 13      
Type = (3,+1)
Coords =  1.46146676525228E+00 -3.46850646604933E+00  4.66741225271936E-01
DistFromNuc =  6.7801985403E-01
Rho =  8.0679525969E-01
DelSqRho = -2.7158754953E+00
GradDelSqRho = -8.4376949872E-15 -3.3306690739E-15 -7.3274719625E-15
HessDelSqRho_EigVals = -1.1587360446E+01  1.2593168123E+01  2.1073551503E+02
HessDelSqRho_EigVec1 =  6.6081182943E-01 -3.6110376761E-01 -6.5797552774E-01
HessDelSqRho_EigVec2 =  3.6161147896E-01  9.2137594411E-01 -1.4249037829E-01
HessDelSqRho_EigVec3 =  6.5769663552E-01 -1.4377217615E-01  7.3943539068E-01
</CP of DelSqRho>
<CP of DelSqRho>
CP# = 14      
Type = (3,+1)
Coords =  1.46120811387534E+00 -3.46850403437507E+00 -4.67004246002996E-01
DistFromNuc =  6.7802070523E-01
Rho =  8.0678788364E-01
DelSqRho = -2.7157448495E+00
GradDelSqRho =  1.9984014443E-14 -3.5527136788E-15 -2.0650148258E-14
HessDelSqRho_EigVals = -1.1586918273E+01  1.2591277227E+01  2.1073037168E+02
HessDelSqRho_EigVec1 =  6.6117216377E-01 -3.6110587185E-01  6.5761228636E-01
HessDelSqRho_EigVec2 =  3.6169322217E-01  9.2137467020E-01  1.4229100520E-01
HessDelSqRho_EigVec3 = -6.5728942095E-01  1.4377505500E-01  7.3979683067E-01
</CP of DelSqRho>
<CP of DelSqRho>
CP# = 15      
Type = (3,+3)
Coords =  4.96686245409111E-01 -3.87133136978911E+00  8.19730388313926E-05
DistFromNuc =  7.0911864063E-01
Rho =  7.8895613223E-01
DelSqRho = -3.4457056359E+00
GradDelSqRho =  2.7089441801E-14  4.0689673853E-14 -3.9031278209E-18
HessDelSqRho_EigVals =  1.3249990695E+01  2.5054880842E+01  1.5882201629E+02
HessDelSqRho_EigVec1 =  1.8737324987E-04 -3.7792199072E-05  9.9999998173E-01
HessDelSqRho_EigVec2 =  7.1536631626E-01 -6.9874960309E-01 -1.6044779855E-04
HessDelSqRho_EigVec3 =  6.9874959639E-01  7.1536633325E-01 -1.0389171774E-04
</CP of DelSqRho>
<CP of DelSqRho>
CP# = 16      
Type = (3,+1)
Coords =  6.11556650784730E-01 -3.67374268872978E+00  4.68778460444203E-01
DistFromNuc =  6.7760705805E-01
Rho =  8.0777545200E-01
DelSqRho = -2.7136641396E+00
GradDelSqRho =  2.6645352591E-15  0.0000000000E+00 -8.6181062287E-15
HessDelSqRho_EigVals = -1.1668337118E+01  1.2617542821E+01  2.1117328664E+02
HessDelSqRho_EigVec1 =  4.2739720726E-01  6.2173916517E-01  6.5633226167E-01
HessDelSqRho_EigVec2 = -7.4293426984E-01  6.5521711669E-01 -1.3689120020E-01
HessDelSqRho_EigVec3 = -5.1515075262E-01 -4.2910481293E-01  7.4194929853E-01
</CP of DelSqRho>
<CP of DelSqRho>
CP# = 17      
Type = (3,+1)
Coords =  6.11374458090529E-01 -3.67371699416102E+00 -4.68642003556630E-01
DistFromNuc =  6.7760313059E-01
Rho =  8.0778714817E-01
DelSqRho = -2.7137514698E+00
GradDelSqRho = -4.8849813084E-15 -4.4408920985E-16 -9.9642516460E-15
HessDelSqRho_EigVals = -1.1666272462E+01  1.2617616127E+01  2.1117862450E+02
HessDelSqRho_EigVec1 =  4.2712735297E-01  6.2177753774E-01 -6.5647156671E-01
HessDelSqRho_EigVec2 = -7.4288625313E-01  6.5520216891E-01  1.3722293092E-01
HessDelSqRho_EigVec3 =  5.1544373044E-01  4.2907203523E-01  7.4176475336E-01
</CP of DelSqRho>
<CP of DelSqRho>
CP# = 18      
Type = (3,+1)
Coords =  8.18140940263342E-01 -2.69569252710545E+00  3.03937650859511E-07
DistFromNuc =  6.7973642301E-01
Rho =  8.1110708104E-01
DelSqRho = -3.1623396132E+00
GradDelSqRho =  2.2497559371E-12 -9.1304741545E-12 -2.0636525258E-13
HessDelSqRho_EigVals = -3.9741702002E+00  1.6899122383E+01  2.1516841025E+02
HessDelSqRho_EigVec1 =  2.1657378815E-04  5.4352105992E-05  9.9999997507E-01
HessDelSqRho_EigVec2 =  9.7090139628E-01  2.3947949566E-01 -2.2328801381E-04
HessDelSqRho_EigVec3 = -2.3947950183E-01  9.7090142043E-01 -9.0555403957E-07
</CP of DelSqRho>
<CP of DelSqRho>
CP# = 19      
Type = (3,+3)
Coords =  1.65133447192556E+00 -3.59460919287687E+00 -1.62317270366159E-04
DistFromNuc =  7.1002087756E-01
Rho =  7.8736543153E-01
DelSqRho = -3.4360657348E+00
GradDelSqRho = -1.1546319456E-14  7.1054273576E-15  2.1684043450E-18
HessDelSqRho_EigVals =  1.3132733649E+01  2.4789159046E+01  1.5793902048E+02
HessDelSqRho_EigVec1 =  2.4837588623E-04  2.4343244630E-05  9.9999996886E-01
HessDelSqRho_EigVec2 =  3.1591299003E-01  9.4878815992E-01 -1.0156175431E-04
HessDelSqRho_EigVec3 =  9.4878813285E-01 -3.1591300542E-01 -2.2796575287E-04
</CP of DelSqRho>
<CP of DelSqRho>
CP# = 20      
Type = (3,-3)
Coords = -1.50713350438867E-01 -3.16934426557984E+00  2.42778604721463E-04
DistFromNuc =  1.1487500987E+00
Rho =  2.4491886562E-01
DelSqRho =  8.4009762944E-01
GradDelSqRho =  3.4625080580E-15 -4.7878367937E-16 -6.2714319415E-18
HessDelSqRho_EigVals = -1.7649137787E+01 -1.9754766811E+00 -4.4293823677E-01
HessDelSqRho_EigVec1 =  9.7808081753E-01 -2.0822552621E-01 -2.1122986118E-04
HessDelSqRho_EigVec2 =  2.0822552472E-01  9.7808084022E-01 -2.9300915749E-05
HessDelSqRho_EigVec3 =  2.1270107870E-04 -1.5324785050E-05  9.9999997726E-01
</CP of DelSqRho>
<CP of DelSqRho>
CP# = 21      
Type = (3,+1)
Coords =  6.38537014775213E-01 -2.14693267261741E+00 -1.19341026470235E-04
DistFromNuc =  1.2563429415E+00
Rho =  2.3686218028E-01
DelSqRho =  3.9021642207E-01
GradDelSqRho = -1.3461454174E-15  2.8865798640E-15  1.3552527156E-19
HessDelSqRho_EigVals = -8.2573309780E+00  2.0181725393E-01  1.0192601692E+00
HessDelSqRho_EigVec1 = -2.8273842911E-01  9.5919704315E-01 -1.1454764287E-04
HessDelSqRho_EigVec2 =  1.0013052750E-04  1.4893539351E-04  9.9999998390E-01
HessDelSqRho_EigVec3 =  9.5919704476E-01  2.8273841308E-01 -1.3815466510E-04
</CP of DelSqRho>
<CP of DelSqRho>
CP# = 22      
Type = (3,-3)
Coords =  1.24391720214508E+00 -4.45761844329902E+00  2.39733609833830E-01
DistFromNuc =  1.1580234479E+00
Rho =  2.4675705945E-01
DelSqRho =  8.7152339078E-01
GradDelSqRho = -1.8041124150E-16 -4.4408920985E-16 -1.1102230246E-16
HessDelSqRho_EigVals = -1.7456182622E+01 -3.1927528365E+00 -4.2277829249E-02
HessDelSqRho_EigVec1 = -2.2584095432E-01  9.5195093760E-01 -2.0684601942E-01
HessDelSqRho_EigVec2 =  9.7301374381E-01  2.3074678442E-01 -4.1932010996E-04
HessDelSqRho_EigVec3 = -4.7329881679E-02  2.0135871940E-01  9.7837341972E-01
</CP of DelSqRho>
<CP of DelSqRho>
CP# = 23      
Type = (3,-3)
Coords =  1.24382575671859E+00 -4.45768934418192E+00 -2.39516504800704E-01
DistFromNuc =  1.1580262157E+00
Rho =  2.4676027887E-01
DelSqRho =  8.7151815312E-01
GradDelSqRho =  6.6613381478E-16  1.2767564783E-15 -9.1593399532E-16
HessDelSqRho_EigVals = -1.7455452522E+01 -3.1938863342E+00 -4.2033238264E-02
HessDelSqRho_EigVec1 = -2.2576288384E-01  9.5201119357E-01  2.0665383519E-01
HessDelSqRho_EigVec2 =  9.7301367491E-01  2.3074745523E-01 -1.8325338295E-05
HessDelSqRho_EigVec3 =  4.7702292511E-02 -2.0107287043E-01  9.7841412095E-01
</CP of DelSqRho>
<CP of DelSqRho>
CP# = 24      
Type = (3,-1)
Coords =  1.69404999391866E+00 -3.24956112173427E+00  9.40459629443834E-01
DistFromNuc =  1.1837787338E+00
Rho =  2.3996228752E-01
DelSqRho =  7.4040585264E-01
GradDelSqRho = -7.1828654136E-13  2.3695281848E-13 -1.4738210652E-14
HessDelSqRho_EigVals = -1.7690874938E+01 -1.1646112031E+00  2.7713857084E-01
HessDelSqRho_EigVec1 =  5.8254452827E-01  1.1058497304E-01  8.0524085609E-01
HessDelSqRho_EigVec2 =  7.0815206970E-01 -5.5532644163E-01 -4.3604264632E-01
HessDelSqRho_EigVec3 =  3.9895177498E-01  8.2424723655E-01 -4.0181335751E-01
</CP of DelSqRho>
<CP of DelSqRho>
CP# = 25      
Type = (3,-1)
Coords =  2.89127175039608E-01 -3.57905571495994E+00  9.32829622306942E-01
DistFromNuc =  1.1839054101E+00
Rho =  2.4042851865E-01
DelSqRho =  7.4040757563E-01
GradDelSqRho = -2.3560042806E-12  1.8304247007E-12 -2.5467405962E-12
HessDelSqRho_EigVals = -1.7617096823E+01 -1.2162636732E+00  2.7282675528E-01
HessDelSqRho_EigVec1 = -5.7941080579E-01 -1.6197496741E-01  7.9877858513E-01
HessDelSqRho_EigVec2 =  3.7183620964E-01  8.1958384182E-01  4.3591301819E-01
HessDelSqRho_EigVec3 = -7.2527301848E-01  5.4958751457E-01 -4.1464757626E-01
</CP of DelSqRho>
<CP of DelSqRho>
CP# = 26      
Type = (3,-1)
Coords =  1.69362390135877E+00 -3.24949798018215E+00 -9.40770050505582E-01
DistFromNuc =  1.1837781974E+00
Rho =  2.3996252178E-01
DelSqRho =  7.4039584419E-01
GradDelSqRho = -1.1662060206E-12  4.0810757551E-13 -2.8033131372E-15
HessDelSqRho_EigVals = -1.7690374729E+01 -1.1648444303E+00  2.7716836363E-01
HessDelSqRho_EigVec1 = -5.8217810974E-01 -1.1064366690E-01  8.0549775140E-01
HessDelSqRho_EigVec2 =  7.0834768537E-01 -5.5536375704E-01  4.3567723604E-01
HessDelSqRho_EigVec3 =  3.9913933053E-01  8.2421421751E-01  4.0169480764E-01
</CP of DelSqRho>
<CP of DelSqRho>
CP# = 27      
Type = (3,-1)
Coords =  2.88738698967837E-01 -3.57903743433827E+00 -9.32543773770963E-01
DistFromNuc =  1.1839075154E+00
Rho =  2.4042900424E-01
DelSqRho =  7.4039946741E-01
GradDelSqRho = -2.1292967389E-12  1.5928855457E-12  2.1639356973E-12
HessDelSqRho_EigVals = -1.7616990389E+01 -1.2162939640E+00  2.7285699870E-01
HessDelSqRho_EigVec1 =  5.7973954933E-01  1.6195826939E-01  7.9854340766E-01
HessDelSqRho_EigVec2 =  3.7165163329E-01  8.1959683661E-01 -4.3604597108E-01
HessDelSqRho_EigVec3 = -7.2510490167E-01  5.4957305647E-01  4.1496064534E-01
</CP of DelSqRho>
<CP of DelSqRho>
CP# = 28      
Type = (3,+1)
Coords =  2.06623502617376E+00 -3.78912419382620E+00 -2.74613712739440E-04
DistFromNuc =  1.1670142894E+00
Rho =  4.0602915758E-01
DelSqRho = -9.4065757968E-01
GradDelSqRho = -2.4424906542E-15 -8.8817841970E-16  1.6263032587E-19
HessDelSqRho_EigVals = -3.0232739705E+01  1.4347815817E+01  1.5051684983E+01
HessDelSqRho_EigVec1 =  9.2392209911E-01 -3.8258057788E-01 -2.3708819398E-04
HessDelSqRho_EigVec2 =  2.5250904430E-04 -9.9051033294E-06  9.9999996807E-01
HessDelSqRho_EigVec3 =  3.8258056801E-01  9.2392212948E-01 -8.7453512226E-05
</CP of DelSqRho>
<CP of DelSqRho>
CP# = 29      
Type = (3,-3)
Coords =  1.89765231575651E+00 -2.66427148352440E+00 -1.75819889663889E-04
DistFromNuc =  1.1463319929E+00
Rho =  2.4372568575E-01
DelSqRho =  8.4545242736E-01
GradDelSqRho =  2.7894353494E-15  2.8241298189E-15 -3.6591823321E-19
HessDelSqRho_EigVals = -1.7973327892E+01 -1.7679020083E+00 -4.5344335433E-01
HessDelSqRho_EigVec1 =  7.7027636706E-01  6.3771019682E-01 -1.5240152000E-04
HessDelSqRho_EigVec2 = -6.3771017671E-01  7.7027638162E-01  1.6259548453E-04
HessDelSqRho_EigVec3 =  2.2108008982E-04 -2.8055458878E-05  9.9999997517E-01
</CP of DelSqRho>
<CP of DelSqRho>
CP# = 30      
Type = (3,-1)
Coords =  1.24963130642684E+00 -4.48205557523981E+00 -6.22919465508882E-04
DistFromNuc =  1.1580337220E+00
Rho =  2.4772010666E-01
DelSqRho =  8.7119807973E-01
GradDelSqRho =  9.7144514655E-16 -7.7715611724E-16 -6.5052130349E-19
HessDelSqRho_EigVals = -1.7238522627E+01 -3.5330060127E+00  2.2711579928E-02
HessDelSqRho_EigVec1 = -2.3087322595E-01  9.7298369376E-01  5.3405818767E-04
HessDelSqRho_EigVec2 =  9.7298378203E-01  2.3087336735E-01 -2.1943823872E-04
HessDelSqRho_EigVec3 =  3.3680964021E-04 -4.6896754119E-04  9.9999983331E-01
</CP of DelSqRho>
<CP of DelSqRho>
CP# = 31      
Type = (3,-1)
Coords =  2.99837235114217E+00 -3.27070584821569E+00 -4.10543412258717E-04
DistFromNuc =  2.0172315512E+00
Rho =  7.1618750417E-02
DelSqRho =  1.9270165098E-01
GradDelSqRho =  2.6714741530E-16  9.5409791179E-16 -1.1912671370E-17
HessDelSqRho_EigVals = -2.2980201760E+00 -2.3800053551E-02  4.5218577177E-01
HessDelSqRho_EigVec1 =  8.1890613078E-01  5.7392746696E-01 -1.0789751488E-04
HessDelSqRho_EigVec2 =  2.0349759213E-04 -1.0236121652E-04  9.9999997406E-01
HessDelSqRho_EigVec3 = -5.7392744103E-01  8.1890613149E-01  2.0061708535E-04
</CP of DelSqRho>
<CP of DelSqRho>
CP# = 32      
Type = (3,-1)
Coords =  4.04382237641800E-01 -5.27996459707583E+00  2.28284963859026E-04
DistFromNuc =  2.0098704476E+00
Rho =  7.1025148649E-02
DelSqRho =  1.9092515433E-01
GradDelSqRho = -5.3256010712E-16  4.9960036108E-16  1.4704491964E-18
HessDelSqRho_EigVals = -2.2424613975E+00 -2.2070072943E-02  5.2155955591E-01
HessDelSqRho_EigVec1 = -2.8617350486E-01  9.5817781331E-01 -5.6598323687E-05
HessDelSqRho_EigVec2 =  1.1220459956E-04  9.2580213584E-05  9.9999998942E-01
HessDelSqRho_EigVec3 =  9.5817780841E-01  2.8617349548E-01 -1.3400596205E-04
</CP of DelSqRho>
<CP of DelSqRho>
CP# = 33      
Type = (3,+1)
Coords = -1.39449403161026E-01 -4.76845733576739E+00  8.69961643399614E-01
DistFromNuc =  2.0034814373E+00
Rho =  6.9923931313E-02
DelSqRho =  1.8346743298E-01
GradDelSqRho =  1.6393570529E-13  9.0477365183E-13 -3.0872103918E-13
HessDelSqRho_EigVals = -1.7879579410E+00  2.5748481341E-02  5.9098866302E-01
HessDelSqRho_EigVec1 = -3.1299631219E-01 -4.9640997868E-01  8.0969774708E-01
HessDelSqRho_EigVec2 =  7.4097764023E-01 -6.6094159351E-01 -1.1877856136E-01
HessDelSqRho_EigVec3 =  5.9412578233E-01  5.6279067426E-01  5.7470097593E-01
</CP of DelSqRho>
<CP of DelSqRho>
CP# = 34      
Type = (3,+1)
Coords = -1.39792008229706E-01 -4.76846661765076E+00 -8.69518249849493E-01
DistFromNuc =  2.0034891348E+00
Rho =  6.9923569662E-02
DelSqRho =  1.8346402957E-01
GradDelSqRho =  9.1072982489E-17  6.5919492087E-17 -3.6613507365E-16
HessDelSqRho_EigVals = -1.7878948778E+00  2.5752780427E-02  5.9099055821E-01
HessDelSqRho_EigVec1 =  3.1332377338E-01  4.9642666744E-01  8.0956085435E-01
HessDelSqRho_EigVec2 =  7.4102092584E-01 -6.6094359945E-01  1.1849702871E-01
HessDelSqRho_EigVec3 =  5.9389915011E-01  5.6277359764E-01 -5.7495189129E-01
</CP of DelSqRho>
<CP of DelSqRho>
CP# = 35      
Type = (3,-1)
Coords =  3.27813890558248E-01 -1.95667012716625E+00  7.10070282578893E-05
DistFromNuc =  1.5443169146E+00
Rho =  1.3683112262E-01
DelSqRho =  3.2011806419E-01
GradDelSqRho =  2.2065682614E-15 -1.1934897515E-15 -2.7105054312E-19
HessDelSqRho_EigVals = -4.3104443704E-01 -7.1037958209E-02  4.4652831581E+00
HessDelSqRho_EigVec1 =  3.2319219868E-05  1.6639589254E-05  9.9999999934E-01
HessDelSqRho_EigVec2 =  9.6914130920E-01  2.4650582456E-01 -3.5423646748E-05
HessDelSqRho_EigVec3 = -2.4650582498E-01  9.6914130971E-01 -8.1592373720E-06
</CP of DelSqRho>
<CP of DelSqRho>
CP# = 36      
Type = (3,-1)
Coords =  2.35179777056984E+00 -4.81349147008129E+00 -3.47362695757154E-04
DistFromNuc =  2.0001489768E+00
Rho =  7.2103198268E-02
DelSqRho =  1.9569933698E-01
GradDelSqRho =  3.5561831258E-16 -1.0616507673E-15 -4.0433964770E-17
HessDelSqRho_EigVals = -2.3462356776E+00 -2.8919858394E-02  5.0747938179E-01
HessDelSqRho_EigVec1 = -1.5347148900E-01  9.8815307550E-01  3.8042465300E-05
HessDelSqRho_EigVec2 =  2.5548188689E-04  1.1807093096E-06  9.9999996736E-01
HessDelSqRho_EigVec3 =  9.8815304320E-01  1.5347149371E-01 -2.5263641748E-04
</CP of DelSqRho>
<CP of DelSqRho>
CP# = 37      
Type = (3,+1)
Coords =  2.66916171526505E+00 -3.98119091127308E+00  8.73178538712484E-01
DistFromNuc =  1.9994507279E+00
Rho =  7.0472803800E-02
DelSqRho =  1.8426189233E-01
GradDelSqRho = -1.3233741360E-12 -3.1648945617E-13 -1.8370027721E-13
HessDelSqRho_EigVals = -1.7845104195E+00  2.7023229439E-02  5.9231148808E-01
HessDelSqRho_EigVec1 =  5.5483985042E-01 -1.7772235754E-01  8.1275303999E-01
HessDelSqRho_EigVec2 =  3.8550089705E-01  9.2063172706E-01 -6.1856943777E-02
HessDelSqRho_EigVec3 =  7.3725287301E-01 -3.4763772343E-01 -5.7931529799E-01
</CP of DelSqRho>
<CP of DelSqRho>
CP# = 38      
Type = (3,+1)
Coords =  2.66874967534639E+00 -3.98110800356173E+00 -8.74033229493973E-01
DistFromNuc =  1.9994524364E+00
Rho =  7.0472811217E-02
DelSqRho =  1.8426056990E-01
GradDelSqRho = -9.7923448864E-13 -2.9555915007E-13  7.5286998857E-15
HessDelSqRho_EigVals = -1.7844826135E+00  2.7022294964E-02  5.9230854489E-01
HessDelSqRho_EigVec1 = -5.5446017437E-01  1.7764405147E-01  8.1302921597E-01
HessDelSqRho_EigVec2 =  3.8553285067E-01  9.2062431908E-01  6.1767986563E-02
HessDelSqRho_EigVec3 =  7.3752175296E-01 -3.4769735991E-01  5.7893713806E-01
</CP of DelSqRho>
<CP of DelSqRho>
CP# = 39      
Type = (3,+1)
Coords =  4.54201860433754E-01 -1.92404860689718E+00  6.35708358766666E-05
DistFromNuc =  1.5256480436E+00
Rho =  1.4361617605E-01
DelSqRho =  3.1992885963E-01
GradDelSqRho = -1.3877787808E-16 -7.9797279895E-17  1.6263032587E-19
HessDelSqRho_EigVals = -4.1791240555E-01  6.0667808389E-02  4.5064404466E+00
HessDelSqRho_EigVec1 =  7.0576184565E-05  2.6697514081E-05  9.9999999715E-01
HessDelSqRho_EigVec2 =  9.6674794255E-01  2.5573112822E-01 -7.5056766832E-05
HessDelSqRho_EigVec3 = -2.5573112949E-01  9.6674794510E-01 -7.7612395045E-06
</CP of DelSqRho>
<CP of DelSqRho>
CP# = 40      
Type = (3,-1)
Coords = -8.58793113456690E-01 -4.18647509431406E+00  4.13245944627950E-04
DistFromNuc =  2.0206331984E+00
Rho =  7.1633349076E-02
DelSqRho =  1.9505042411E-01
GradDelSqRho = -1.2065695665E-13  9.9708435952E-14 -6.8066424306E-14
HessDelSqRho_EigVals = -2.4221220759E+00 -2.7977521569E-02  4.1344096699E-01
HessDelSqRho_EigVec1 =  9.8648722246E-01 -1.6383802990E-01 -2.4472418416E-04
HessDelSqRho_EigVec2 =  2.4358040971E-04 -2.7070729541E-05  9.9999996997E-01
HessDelSqRho_EigVec3 =  1.6383803161E-01  9.8648725244E-01 -1.3202805654E-05
</CP of DelSqRho>
<Path of -GradDelSqRho>
Starting CP# =      3
Ending CP# =     15
Number of Points =     19
  2.0625545999E-01 -4.2292876439E+00  1.5339598916E-04  4.0373768373E-01 -9.2337387970E-01
  2.2271057323E-01 -4.2104666653E+00  1.5008861790E-04  4.1566093121E-01 -9.3274812795E-01
  2.3916879765E-01 -4.1916484072E+00  1.4678233801E-04  4.2865185970E-01 -9.6135263576E-01
  2.5562930988E-01 -4.1728321503E+00  1.4347667566E-04  4.4273158625E-01 -1.0100077323E+00
  2.7209102585E-01 -4.1540169464E+00  1.4017113179E-04  4.5791551129E-01 -1.0795878670E+00
  2.8855258101E-01 -4.1352016019E+00  1.3686518471E-04  4.7421240101E-01 -1.1708991808E+00
  3.0501229459E-01 -4.1163846463E+00  1.3355828423E-04  4.9162344914E-01 -1.2845258313E+00
  3.2146810671E-01 -4.0975642788E+00  1.3024983411E-04  5.1014141333E-01 -1.4206484779E+00
  3.3791747382E-01 -4.0787382781E+00  1.2693915868E-04  5.2974994174E-01 -1.5788408387E+00
  3.5435720044E-01 -4.0599038586E+00  1.2362544631E-04  5.5042322397E-01 -1.7578530424E+00
  3.7078316925E-01 -4.0410574399E+00  1.2030765616E-04  5.7212611580E-01 -1.9553931068E+00
  3.8718990004E-01 -4.0221942721E+00  1.1698436163E-04  5.9481489606E-01 -2.1679195214E+00
  4.0356979824E-01 -4.0033078013E+00  1.1365347677E-04  6.1843881643E-01 -2.3904573078E+00
  4.1991179106E-01 -3.9843885264E+00  1.1031174690E-04  6.4294259545E-01 -2.6164447619E+00
  4.3619862052E-01 -3.9654217520E+00  1.0695371452E-04  6.6826997979E-01 -2.8376040685E+00
  4.5240074517E-01 -3.9463825942E+00  1.0356934784E-04  6.9436840244E-01 -3.0437987256E+00
  4.6845977959E-01 -3.9272226810E+00  1.0013751714E-04  7.2119433575E-01 -3.2227829540E+00
  4.8422719181E-01 -3.9078226204E+00  9.6601639327E-05  7.4871573366E-01 -3.3596532799E+00
  4.9668624541E-01 -3.8713313698E+00  8.1973038831E-05  7.8895613223E-01 -3.4457056359E+00
</Path of -GradDelSqRho>
<Path of -GradDelSqRho>
Starting CP# =      3
Ending CP# =      0
Number of Points =     30
  2.0625545999E-01 -4.2292876439E+00  1.5339598916E-04  4.0373768373E-01 -9.2337387970E-01
  1.8980390078E-01 -4.2481117292E+00  1.5670483068E-04  3.9285610730E-01 -9.3255326857E-01
  1.7335635579E-01 -4.2669393220E+00  1.6001558072E-04  3.8298597563E-01 -9.5980926547E-01
  1.5691294978E-01 -4.2857705297E+00  1.6332857239E-04  3.7409334437E-01 -1.0048849865E+00
  1.4047361113E-01 -4.3046052883E+00  1.6664406370E-04  3.6614085974E-01 -1.0677244229E+00
  1.2403810692E-01 -4.3234433930E+00  1.6996222508E-04  3.5908789153E-01 -1.1484034198E+00
  1.0760608797E-01 -4.3422845379E+00  1.7328312926E-04  3.5289053590E-01 -1.2469930826E+00
  9.1177141956E-02 -4.3611283624E+00  1.7660674210E-04  3.4750157963E-01 -1.3633296284E+00
  7.4750852675E-02 -4.3799745028E+00  1.7993291272E-04  3.4287058535E-01 -1.4966628020E+00
  5.8326864496E-02 -4.3988226486E+00  1.8326135948E-04  3.3894435393E-01 -1.6451727326E+00
  4.1904953497E-02 -4.4176726042E+00  1.8659164674E-04  3.3566814008E-01 -1.8054033797E+00
  2.5485110940E-02 -4.4365243617E+00  1.8992314450E-04  3.3298811265E-01 -1.9717820676E+00
  9.0676479055E-03 -4.4553781914E+00  1.9325496513E-04  3.3085559696E-01 -2.1365864735E+00
 -7.3466919850E-03 -4.4742347402E+00  1.9658590684E-04  3.2923349511E-01 -2.2909460064E+00
 -2.3756801717E-02 -4.4930949704E+00  1.9991464527E-04  3.2810480738E-01 -2.4276125290E+00
 -4.0162445436E-02 -4.5119590856E+00  2.0324123752E-04  3.2748224751E-01 -2.5461173014E+00
 -5.6568427463E-02 -4.5308229065E+00  2.0657139095E-04  3.2741656792E-01 -2.6603434651E+00
 -7.2985100778E-02 -4.5496774230E+00  2.0991562004E-04  3.2799964240E-01 -2.8074066988E+00
 -8.9416025116E-02 -4.5685195219E+00  2.1327593768E-04  3.2935715414E-01 -3.0552461583E+00
 -1.0585673323E-01 -4.5873530850E+00  2.1664649534E-04  3.3162573760E-01 -3.5049832953E+00
 -1.2230287455E-01 -4.6061819039E+00  2.2002243493E-04  3.3491139459E-01 -4.2835369251E+00
 -1.3875204707E-01 -4.6250080748E+00  2.2340124668E-04  3.3923035961E-01 -5.5227021053E+00
 -1.5520304132E-01 -4.6438326539E+00  2.2678172379E-04  3.4444019492E-01 -7.3233197876E+00
 -1.7165523617E-01 -4.6626561837E+00  2.3016326755E-04  3.5017669641E-01 -9.7078496713E+00
 -1.8810830504E-01 -4.6814789495E+00  2.3354556738E-04  3.5581897182E-01 -1.2572021846E+01
 -2.0456208496E-01 -4.7003010937E+00  2.3692845813E-04  3.6050714585E-01 -1.5654821737E+01
 -2.2101652805E-01 -4.7191226583E+00  2.4031185576E-04  3.6323009315E-01 -1.8550487775E+01
 -2.3747172137E-01 -4.7379435669E+00  2.4369573332E-04  3.6298179697E-01 -2.0778483123E+01
 -2.5392814249E-01 -4.7567634020E+00  2.4708015091E-04  3.5895767350E-01 -2.1903875632E+01
 -2.5886593640E-01 -4.7624085937E+00  2.4809568670E-04  3.5693887851E-01 -2.1981528587E+01
</Path of -GradDelSqRho>
<Path of -GradDelSqRho>
Starting CP# =      6
Ending CP# =     11
Number of Points =     34
  9.9054886866E-01 -3.3881479545E+00  1.6473405230E-01  2.2576368505E+01  1.2421664013E+03
  9.9166449581E-01 -3.3929674937E+00  1.8923971153E-01  1.5640181174E+01  1.1592507009E+03
  9.9277625184E-01 -3.3977706116E+00  2.1374877218E-01  1.0939241879E+01  9.8809203928E+02
  9.9388697082E-01 -3.4025693060E+00  2.3825874634E-01  7.7630053491E+00  7.7862163196E+02
  9.9499542150E-01 -3.4073583611E+00  2.6277070810E-01  5.6252608625E+00  5.7665615269E+02
  9.9609941915E-01 -3.4121285176E+00  2.8728655490E-01  4.1875197178E+00  4.1123981646E+02
  9.9719656305E-01 -3.4168695962E+00  3.1180834809E-01  3.2181007948E+00  2.8764118740E+02
  9.9828442468E-01 -3.4215712951E+00  3.3633813418E-01  2.5614530572E+00  1.9870545732E+02
  9.9936072954E-01 -3.4262239555E+00  3.6087777672E-01  2.1137952762E+00  1.3517948831E+02
  1.0004232361E+00 -3.4308180418E+00  3.8542905126E-01  1.8055502825E+00  8.9815495807E+01
  1.0014691750E+00 -3.4353417516E+00  4.0999409780E-01  1.5897534374E+00  5.7683829458E+01
  1.0024944340E+00 -3.4397775453E+00  4.3457603591E-01  1.4346799462E+00  3.5379808184E+01
  1.0034925794E+00 -3.4440979645E+00  4.5917961428E-01  1.3190738213E+00  2.0351912636E+01
  1.0044534711E+00 -3.4482597053E+00  4.8381197969E-01  1.2289116874E+00  1.0578558980E+01
  1.0053608907E+00 -3.4521934499E+00  5.0848373361E-01  1.1551188279E+00  4.4612581131E+00
  1.0061879625E+00 -3.4557842380E+00  5.3321036201E-01  1.0919410816E+00  7.8538190499E-01
  1.0068872015E+00 -3.4588287893E+00  5.5801356166E-01  1.0358097558E+00 -1.3237478560E+00
  1.0073646066E+00 -3.4609244032E+00  5.8291813138E-01  9.8460566147E-01 -2.4624978666E+00
  1.0073898996E+00 -3.4610839130E+00  6.0790318424E-01  9.3737512180E-01 -3.0181717140E+00
  1.0061212049E+00 -3.4556946890E+00  6.3209453631E-01  8.9613987741E-01 -3.2377175240E+00
  1.0015471497E+00 -3.4360921239E+00  6.4534968893E-01  8.8016555552E-01 -3.3157907420E+00
  9.9591810155E-01 -3.4119031908E+00  6.4802870262E-01  8.8273859874E-01 -3.3776971684E+00
  9.9026294023E-01 -3.3875694301E+00  6.4892881804E-01  8.8658357925E-01 -3.4353860964E+00
  9.8460657259E-01 -3.3632189032E+00  6.4896105715E-01  8.9004867693E-01 -3.4886910278E+00
  9.7895034930E-01 -3.3388810213E+00  6.4817425113E-01  8.9303255765E-01 -3.5373903238E+00
  9.7329424258E-01 -3.3145832836E+00  6.4657029977E-01  8.9552227744E-01 -3.5813042761E+00
  9.6763726626E-01 -3.2903535103E+00  6.4414941254E-01  8.9751267983E-01 -3.6202985618E+00
  9.6197742921E-01 -3.2662199380E+00  6.4091204576E-01  8.9900300800E-01 -3.6542856565E+00
  9.5631173272E-01 -3.2422112743E+00  6.3685901037E-01  8.9999674190E-01 -3.6832253636E+00
  9.5063627372E-01 -3.2183567283E+00  6.3199152818E-01  9.0050148115E-01 -3.7071244972E+00
  9.4494656298E-01 -3.1946859868E+00  6.2631129004E-01  9.0052878099E-01 -3.7260357441E+00
  9.3923828693E-01 -3.1712290772E+00  6.1982051608E-01  9.0009394285E-01 -3.7400557533E+00
  9.3350905612E-01 -3.1480159737E+00  6.1252201431E-01  8.9921576324E-01 -3.7493225200E+00
  9.2446658430E-01 -3.1120458505E+00  5.9940858491E-01  8.9698993927E-01 -3.7547166401E+00
</Path of -GradDelSqRho>
<Path of -GradDelSqRho>
Starting CP# =      6
Ending CP# =      1
Number of Points =      7
  9.9054886866E-01 -3.3881479545E+00  1.6473405230E-01  2.2576368505E+01  1.2421664013E+03
  9.8942492874E-01 -3.3832932083E+00  1.4023572457E-01  3.2844943188E+01  9.8663626708E+02
  9.8829402654E-01 -3.3784089889E+00  1.1574357430E-01  4.8150646949E+01 -8.1421411522E+02
  9.8716006776E-01 -3.3735118341E+00  9.1254147864E-02  7.0888311231E+01 -6.4532001229E+03
  9.8602385864E-01 -3.3686051556E+00  6.6766732467E-02  1.0464548359E+02 -2.0878264622E+04
  9.8488396653E-01 -3.3636828834E+00  4.2282617777E-02  1.5528536005E+02 -7.6136967108E+04
  9.8290941677E-01 -3.3551568677E+00  1.9294063878E-06  2.9730166374E+02 -3.3292477988E+06
</Path of -GradDelSqRho>
<Path of -GradDelSqRho>
Starting CP# =      7
Ending CP# =      1
Number of Points =      7
  9.9046717315E-01 -3.3881575593E+00 -1.6473236644E-01  2.2576297814E+01  1.2421591417E+03
  9.8935538376E-01 -3.3833013887E+00 -1.4023376656E-01  3.2844828564E+01  9.8663401074E+02
  9.8823662962E-01 -3.3784157485E+00 -1.1574134177E-01  4.8150460521E+01 -8.1418776514E+02
  9.8711481782E-01 -3.3735171744E+00 -9.1251639764E-02  7.0888014012E+01 -6.4531173177E+03
  9.8599075493E-01 -3.3686090778E+00 -6.6763947985E-02  1.0464500841E+02 -2.0877953860E+04
  9.8486300778E-01 -3.3636853895E+00 -4.2279555615E-02  1.5528462003E+02 -7.6135926627E+04
  9.8290941677E-01 -3.3551568677E+00  1.9294063878E-06  2.9730166374E+02 -3.3292477988E+06
</Path of -GradDelSqRho>
<Path of -GradDelSqRho>
Starting CP# =      7
Ending CP# =     12
Number of Points =     34
  9.9046717315E-01 -3.3881575593E+00 -1.6473236644E-01  2.2576297814E+01  1.2421591417E+03
  9.9157064695E-01 -3.3929785273E+00 -1.8923829489E-01  1.5640136508E+01  1.1592445245E+03
  9.9267024837E-01 -3.3977830766E+00 -2.1374762332E-01  1.0939212486E+01  9.8808708321E+02
  9.9376881235E-01 -3.4025832031E+00 -2.3825786485E-01  7.7629845789E+00  7.7861778183E+02
  9.9486510712E-01 -3.4073736917E+00 -2.6277009320E-01  5.6252444912E+00  5.7665343922E+02
  9.9595694715E-01 -3.4121452840E+00 -2.8728620505E-01  4.1875051325E+00  4.1123813578E+02
  9.9704193081E-01 -3.4168878023E+00 -3.1180826089E-01  3.2180864862E+00  2.8764032189E+02
  9.9811762859E-01 -3.4215909462E+00 -3.3633830639E-01  2.5614382452E+00  1.9870518008E+02
  9.9918176504E-01 -3.4262450587E+00 -3.6087820428E-01  2.1137796418E+00  1.3517961420E+02
  1.0002320977E+00 -3.4308406054E+00 -3.8542972932E-01  1.8055337865E+00  8.9815885552E+01
  1.0012658558E+00 -3.4353657862E+00 -4.0999502056E-01  1.5897362012E+00  5.7684379093E+01
  1.0022789256E+00 -3.4398030644E+00 -4.3457719611E-01  1.4346621742E+00  3.5380439923E+01
  1.0032648703E+00 -3.4441249865E+00 -4.5918100249E-01  1.3190557481E+00  2.0352569784E+01
  1.0042135462E+00 -3.4482882564E+00 -4.8381358302E-01  1.2288935438E+00  1.0579202779E+01
  1.0051087285E+00 -3.4522235696E+00 -5.0848553387E-01  1.1551008191E+00  4.4618646990E+00
  1.0059235329E+00 -3.4558159899E+00 -5.3321233258E-01  1.0919233723E+00  7.8593892600E-01
  1.0066104631E+00 -3.4588622843E+00 -5.5801566250E-01  1.0357924561E+00 -1.3232445936E+00
  1.0070755084E+00 -3.4609598620E+00 -5.8292030208E-01  9.8458879062E-01 -2.4620471798E+00
  1.0070884271E+00 -3.4611218933E+00 -6.0790535709E-01  9.3735842840E-01 -3.0177685738E+00
  1.0058079684E+00 -3.4557372620E+00 -6.3209727445E-01  8.9612096564E-01 -3.2373495866E+00
  1.0012271415E+00 -3.4361390089E+00 -6.4535576048E-01  8.8013797021E-01 -3.3154240762E+00
  9.9559597616E-01 -3.4119505468E+00 -6.4803439036E-01  8.8270932657E-01 -3.3773228019E+00
  9.8993987721E-01 -3.3876169683E+00 -6.4893353114E-01  8.8655372085E-01 -3.4350055463E+00
  9.8428334277E-01 -3.3632664789E+00 -6.4896476211E-01  8.9001838447E-01 -3.4883059682E+00
  9.7862771961E-01 -3.3389284904E+00 -6.4817694006E-01  8.9300194058E-01 -3.5370024758E+00
  9.7297299384E-01 -3.3146304989E+00 -6.4657196420E-01  8.9549144465E-01 -3.5809153859E+00
  9.6731818666E-01 -3.2904003228E+00 -6.4415004190E-01  8.9748174041E-01 -3.6199103787E+00
  9.6166130424E-01 -3.2662661983E+00 -6.4091162675E-01  8.9897207030E-01 -3.6538999113E+00
  9.5599933123E-01 -3.2422568360E+00 -6.3685752636E-01  8.9996591254E-01 -3.6828437473E+00
  9.5032832867E-01 -3.2184014517E+00 -6.3198895865E-01  9.0047086410E-01 -3.7067486411E+00
  9.4464374494E-01 -3.1947297448E+00 -6.2630761014E-01  9.0049847674E-01 -3.7256672015E+00
  9.3894116660E-01 -3.1712717647E+00 -6.1981569674E-01  9.0006404765E-01 -3.7396959835E+00
  9.3321804978E-01 -3.1480575214E+00 -6.1251602346E-01  8.9918636841E-01 -3.7489728745E+00
  9.2416841224E-01 -3.1120186001E+00 -5.9937413224E-01  8.9695639212E-01 -3.7543853918E+00
</Path of -GradDelSqRho>
<Path of -GradDelSqRho>
Starting CP# =     13
Ending CP# =     19
Number of Points =     22
  1.4614667653E+00 -3.4685064660E+00  4.6674122527E-01  8.0679525969E-01 -2.7158754953E+00
  1.4747327914E+00 -3.4757937472E+00  4.5311602389E-01  8.0438255791E-01 -2.7182781450E+00
  1.4904813530E+00 -3.4845503748E+00  4.3578874893E-01  8.0169927763E-01 -2.7277644269E+00
  1.5056179325E+00 -3.4930908745E+00  4.1782003089E-01  7.9932199359E-01 -2.7443159804E+00
  1.5201228468E+00 -3.5014069812E+00  3.9923560030E-01  7.9724104869E-01 -2.7676606966E+00
  1.5339768534E+00 -3.5094899155E+00  3.8006103307E-01  7.9544333755E-01 -2.7973943705E+00
