 AIMInt (Version 19.02.13, Professional)
 Portions Copyright (c) 1997-2019 by Todd A. Keith
 AIMInt is a component of the AIMAll package ( http://aim.tkgristmill.com )

 TP:  64-bit Linux

 Licensed To:  Research Group of Fernando Cortes Guzman, UNAM, fercor@unam.mx

 AIMInt is a heavily modified and extended version of the PROAIMV program
 developed by members of R.F.W. Bader's research group

 Much of the Quantum Theory of Atoms in Molecules (QTAIM) is described in the book:
   "Atoms in Molecules - A Quantum Theory"
   R.F.W. Bader, Oxford University Press, Oxford, 1990

 For additional references see:  http://aim.tkgristmill.com/references.html

 Current Directory:  /home/scratch/M_H2O_4_cuadrado_plano/Opt

 Inp File:  Ni3_cuadrado_plano_cc-pvtz-def2-tzv_1_atomicfiles/o8.inp
 Wfx File:  Ni3_cuadrado_plano_cc-pvtz-def2-tzv_1.wfx
 Out File:  Ni3_cuadrado_plano_cc-pvtz-def2-tzv_1_atomicfiles/o8.int

 Wfx Title:   Ni3_cuadrado_plano_cc-pvtz-def2-tzv_1                                         
 Job Title:   Ni3_cuadrado_plano_cc-pvtz-def2-tzv_1                                         
 
<Atom>
O8      
</Atom>
<Nuclei of Molecule>
    13
Ni1       28.0          -6.9117293859E-03  -8.1071355502E-03   5.9356853636E-06
O2         8.0          -9.4239645881E-01   3.3546216369E+00   9.8663157200E-06
H3         1.0           3.3300556473E-01   4.7440001944E+00  -2.5437408944E-04
O4         8.0          -3.5107542886E+00  -9.8284862133E-01   1.2039500773E-05
H5         1.0          -4.5763595560E+00  -8.2154886584E-01   1.5381875633E+00
O6         8.0           9.8290937253E-01  -3.3551566797E+00   1.9294659619E-06
H7         1.0           2.7245848808E+00  -4.0647087818E+00  -4.4351677808E-04
O8         8.0           3.4852840127E+00   1.0070813491E+00  -1.1143826166E-07
H9         1.0           4.5527354670E+00   8.3877055846E-01   1.5368156221E+00
H10        1.0          -2.6722145784E+00   4.0937069272E+00   5.3084352379E-05
H11        1.0          -4.5762559801E+00  -8.2179097755E-01  -1.5382607485E+00
H12        1.0          -2.6518077911E-01  -4.7696386612E+00   2.4940800032E-04
H13        1.0           4.5528723020E+00   8.3862792193E-01  -1.5367030283E+00
</Nuclei of Molecule>
<Total Number of CPs of DelSqRho>
    38
</Total Number of CPs of DelSqRho>
<Number of (3,+3) CPs of DelSqRho>
     6
</Number of (3,+3) CPs of DelSqRho>
<Number of (3,+1) CPs of DelSqRho>
    15
</Number of (3,+1) CPs of DelSqRho>
<Number of (3,-1) CPs of DelSqRho>
    13
</Number of (3,-1) CPs of DelSqRho>
<Number of (3,-3) CPs of DelSqRho>
     4
</Number of (3,-3) CPs of DelSqRho>
<Number of Degenerate CPs of DelSqRho>
     0
</Number of Degenerate CPs of DelSqRho>
<CP of DelSqRho>
CP# = 1       
Type = (3,+3)
Coords =  3.48528420728584E+00  1.00708108961328E+00 -1.11416113286909E-07
DistFromNuc =  3.2433667505E-07
Rho =  2.9729210076E+02
DelSqRho = -3.3292612001E+06
GradDelSqRho = -1.9100319875E-05 -1.1622636521E-05 -6.3726801613E-13
HessDelSqRho_EigVals =  1.3239696771E+11  1.3239698927E+11  1.3239699538E+11
HessDelSqRho_EigVec1 = -1.0625901397E-01  9.9433848323E-01 -5.2194953026E-05
HessDelSqRho_EigVec2 =  9.9433848160E-01  1.0625901757E-01  7.1999877031E-05
HessDelSqRho_EigVec3 = -7.7138432950E-05  4.4248814400E-05  9.9999999605E-01
</CP of DelSqRho>
<CP of DelSqRho>
CP# = 2       
Type = (3,-1)
Coords =  1.78855412602835E+00  1.08722854899681E+00  3.10597200893268E-05
DistFromNuc =  1.6986217598E+00
Rho =  9.5051333429E-02
DelSqRho =  2.4161595626E-01
GradDelSqRho =  2.4563684420E-14 -1.7139067943E-15  8.4296718911E-18
HessDelSqRho_EigVals = -3.9251844403E-01 -9.8571635964E-02  2.5444878118E+00
HessDelSqRho_EigVec1 = -2.6800436597E-01  9.6341769567E-01  5.9056708468E-05
HessDelSqRho_EigVec2 =  1.0847644300E-05 -5.8281566328E-05  9.9999999824E-01
HessDelSqRho_EigVec3 =  9.6341769742E-01  2.6800436614E-01  5.1689017562E-06
</CP of DelSqRho>
<CP of DelSqRho>
CP# = 3       
Type = (3,+1)
Coords =  4.14249632020413E+00  8.92674161443169E-01  9.52450517842813E-01
DistFromNuc =  1.1628324140E+00
Rho =  4.0571721551E-01
DelSqRho = -9.2310254048E-01
GradDelSqRho = -7.7715611724E-16 -8.3266726847E-17 -4.9404924596E-15
HessDelSqRho_EigVals = -2.9958949585E+01  1.4071052980E+01  1.4976705179E+01
HessDelSqRho_EigVec1 =  5.7265640575E-01 -8.1822390236E-02  8.1570199057E-01
HessDelSqRho_EigVec2 = -2.7887713100E-02  9.9248647779E-01  1.1913381917E-01
HessDelSqRho_EigVec3 =  8.1932100938E-01  9.0970807775E-02 -5.6607189978E-01
</CP of DelSqRho>
<CP of DelSqRho>
CP# = 4       
Type = (3,+1)
Coords =  4.14258082169943E+00  8.92584685459152E-01 -9.52380738731712E-01
DistFromNuc =  1.1628316475E+00
Rho =  4.0571768337E-01
DelSqRho = -9.2310594191E-01
GradDelSqRho = -5.5511151231E-16 -2.4980018054E-16 -9.8809849192E-15
HessDelSqRho_EigVals = -2.9959079894E+01  1.4071078365E+01  1.4976791599E+01
HessDelSqRho_EigVec1 = -5.7272985350E-01  8.1897946059E-02  8.1564283932E-01
HessDelSqRho_EigVec2 = -2.7874427580E-02  9.9247572176E-01 -1.1922649873E-01
HessDelSqRho_EigVec3 =  8.1927012102E-01  9.1020152410E-02  5.6613761636E-01
</CP of DelSqRho>
<CP of DelSqRho>
CP# = 5       
Type = (3,-3)
Coords =  3.31804083528978E+00  1.00657017902763E+00  1.60534111074551E-05
DistFromNuc =  1.6724395933E-01
Rho =  2.2654925360E+01
DelSqRho =  1.2907092523E+03
GradDelSqRho = -6.3209881773E-11 -3.3040237213E-13 -8.5695339713E-16
HessDelSqRho_EigVals = -4.4446454641E+05 -3.4925067767E+03 -8.8104401110E+01
HessDelSqRho_EigVec1 =  9.9999975689E-01 -6.9065433731E-04 -9.5977818649E-05
HessDelSqRho_EigVec2 =  6.9064717430E-04  9.9999975872E-01 -7.4645076949E-05
HessDelSqRho_EigVec3 =  9.6029349437E-05  7.4578771993E-05  9.9999999261E-01
</CP of DelSqRho>
<CP of DelSqRho>
CP# = 6       
Type = (3,+1)
Coords =  3.47167496540661E+00  1.17382983009623E+00 -8.71343506617031E-06
DistFromNuc =  1.6730290543E-01
Rho =  2.2812254954E+01
DelSqRho =  1.2530039752E+03
GradDelSqRho =  1.5889511928E-12 -2.9274360713E-12 -7.6987027864E-15
HessDelSqRho_EigVals = -4.3696642006E+05  2.5723990048E+03  2.7214856221E+03
HessDelSqRho_EigVec1 = -8.3875418412E-02  9.9647624735E-01 -5.1534620523E-05
HessDelSqRho_EigVec2 =  9.9647623813E-01  8.3875424939E-02  1.4120665998E-04
HessDelSqRho_EigVec3 = -1.4503157083E-04  3.9509257104E-05  9.9999998870E-01
</CP of DelSqRho>
<CP of DelSqRho>
CP# = 7       
Type = (3,+1)
Coords =  3.53193725408212E+00  8.44589279707651E-01  1.00418681907077E-05
DistFromNuc =  1.6905678822E-01
Rho =  2.2423750994E+01
DelSqRho =  1.2142359337E+03
GradDelSqRho = -1.5290879674E-11  1.1795009414E-11 -2.9767854848E-15
HessDelSqRho_EigVals = -3.9587859086E+05  3.8640389113E+03  3.9451389097E+03
HessDelSqRho_EigVec1 = -2.7425872969E-01  9.6165593930E-01 -5.9997864786E-05
HessDelSqRho_EigVec2 =  9.6165591614E-01  2.7425873625E-01  2.1105253906E-04
HessDelSqRho_EigVec3 = -2.1941486627E-04 -1.8569963270E-07  9.9999997593E-01
</CP of DelSqRho>
<CP of DelSqRho>
CP# = 8       
Type = (3,-1)
Coords =  3.63733681837653E+00  1.07854088664915E+00  1.24257842494065E-05
DistFromNuc =  1.6800750398E-01
Rho =  2.2483999755E+01
DelSqRho =  1.2739017233E+03
GradDelSqRho = -4.7748471843E-12  3.0695446185E-12  3.0149494012E-15
HessDelSqRho_EigVals = -4.2564961076E+05 -2.7971129362E+03  2.8697651866E+02
HessDelSqRho_EigVec1 =  9.0301058392E-01  4.2961829546E-01  7.4397926551E-05
HessDelSqRho_EigVec2 = -4.2961828994E-01  9.0301058610E-01 -7.9635970298E-05
HessDelSqRho_EigVec3 = -1.0139518508E-04  3.9949414060E-05  9.9999999406E-01
</CP of DelSqRho>
<CP of DelSqRho>
CP# = 9       
Type = (3,-1)
Coords =  4.20169753192877E+00  1.13151747635589E+00  2.39965540566162E-05
DistFromNuc =  7.2714006969E-01
Rho =  6.4480768714E-01
DelSqRho = -7.6845885415E-01
GradDelSqRho = -6.1728400169E-14 -1.4654943925E-14 -1.1027691347E-16
HessDelSqRho_EigVals = -1.7831960337E+01 -1.0043664897E+01  1.3080698103E+02
HessDelSqRho_EigVec1 = -4.2872569905E-05  4.7926577157E-05  9.9999999793E-01
HessDelSqRho_EigVec2 = -1.8687294214E-01  9.8238409009E-01 -5.5094030280E-05
HessDelSqRho_EigVec3 =  9.8238409070E-01  1.8687294411E-01  3.3161150096E-05
</CP of DelSqRho>
<CP of DelSqRho>
CP# = 10      
Type = (3,+1)
Coords =  2.82803553377258E+00  7.80444470543941E-01 -1.48138069179433E-05
DistFromNuc =  6.9522646521E-01
Rho =  7.5037230095E-01
DelSqRho = -2.6208600227E+00
GradDelSqRho = -2.6521007612E-12 -1.0009770790E-12  3.3217244060E-17
HessDelSqRho_EigVals = -4.6152750622E+00  1.4096697927E+01  1.8427940798E+02
HessDelSqRho_EigVec1 = -3.2284216803E-01  9.4645281493E-01 -6.0360038888E-05
HessDelSqRho_EigVec2 = -4.1091503858E-05  4.9758390303E-05  9.9999999792E-01
HessDelSqRho_EigVec3 =  9.4645281597E-01  3.2284216984E-01  2.2827062893E-05
</CP of DelSqRho>
<CP of DelSqRho>
CP# = 11      
Type = (3,+3)
Coords =  3.50590927947995E+00  3.54478728359745E-01  3.09101923051324E-05
DistFromNuc =  6.5292846710E-01
Rho =  8.8127795548E-01
DelSqRho = -3.3342802301E+00
GradDelSqRho =  1.7763568394E-15  3.5527136788E-15 -1.5926929914E-16
HessDelSqRho_EigVals =  7.6450150314E+00  1.0134517587E+01  2.5827229169E+02
HessDelSqRho_EigVec1 =  9.9881904239E-01  4.8585180774E-02  2.7567921925E-05
HessDelSqRho_EigVec2 = -2.9894502074E-05  4.7159977919E-05  9.9999999844E-01
HessDelSqRho_EigVec3 = -4.8585179398E-02  9.9881904166E-01 -4.8556713772E-05
</CP of DelSqRho>
<CP of DelSqRho>
CP# = 12      
Type = (3,-1)
Coords =  3.16196346089014E+00  9.25138593002393E-01  6.33035662284661E-01
DistFromNuc =  7.1553133075E-01
Rho =  6.6827986766E-01
DelSqRho = -1.0139536467E+00
GradDelSqRho =  4.8849813084E-14 -2.2781776465E-13 -5.9241500594E-13
HessDelSqRho_EigVals = -1.4877639418E+01 -1.1753981153E+01  1.4279444704E+02
HessDelSqRho_EigVec1 = -8.4747586447E-01  3.5018503088E-01 -3.9894248117E-01
HessDelSqRho_EigVec2 =  2.6952700664E-01  9.3132130510E-01  2.4494044041E-01
HessDelSqRho_EigVec3 = -4.5731810792E-01 -1.0005533871E-01  8.8365665129E-01
</CP of DelSqRho>
<CP of DelSqRho>
CP# = 13      
Type = (3,-1)
Coords =  3.16201649272748E+00  9.25075005931046E-01 -6.33053936794820E-01
DistFromNuc =  7.1553062517E-01
Rho =  6.6828045827E-01
DelSqRho = -1.0139538720E+00
GradDelSqRho =  3.1974423109E-14 -2.2848389847E-13  5.4001247918E-13
HessDelSqRho_EigVals = -1.4877550428E+01 -1.1754063503E+01  1.4279505986E+02
HessDelSqRho_EigVec1 = -8.4749886118E-01  3.5025948801E-01  3.9882824795E-01
HessDelSqRho_EigVec2 =  2.6957835569E-01  9.3128372440E-01 -2.4502680429E-01
HessDelSqRho_EigVec3 =  4.5724521916E-01  1.0014447431E-01  8.8368427270E-01
</CP of DelSqRho>
<CP of DelSqRho>
CP# = 14      
Type = (3,+3)
Coords =  3.29831902645368E+00  1.59748033346219E+00 -3.80872819126929E-05
DistFromNuc =  6.1929546122E-01
Rho =  1.0438733066E+00
DelSqRho = -5.4335089577E+00
GradDelSqRho = -6.5973893015E-12  4.9261927870E-11 -2.3336367561E-15
HessDelSqRho_EigVals =  2.3356146227E+01  2.8500426403E+01  4.5063399006E+02
HessDelSqRho_EigVec1 =  9.5624433061E-01  2.9256927258E-01  3.0232579606E-05
HessDelSqRho_EigVec2 = -4.6763223007E-05  4.9507889938E-05  9.9999999768E-01
HessDelSqRho_EigVec3 = -2.9256927040E-01  9.5624432981E-01 -6.1023121213E-05
</CP of DelSqRho>
<CP of DelSqRho>
CP# = 15      
Type = (3,+1)
Coords =  3.76512516974553E+00  5.21098788592826E-01  3.79452035070025E-01
DistFromNuc =  6.7710712134E-01
Rho =  8.2323462545E-01
DelSqRho = -2.9318216915E+00
GradDelSqRho = -3.9079850467E-14 -1.9317880628E-14 -6.5725203058E-14
HessDelSqRho_EigVals = -7.7386565842E+00  1.5235019800E+01  2.0754781550E+02
HessDelSqRho_EigVec1 =  3.9547680999E-01  6.2797716902E-01  6.7025574817E-01
HessDelSqRho_EigVec2 = -8.3491394363E-01 -5.8328738313E-02  5.4728097447E-01
HessDelSqRho_EigVec3 = -3.8277512914E-01  7.7604280390E-01 -5.0123923133E-01
</CP of DelSqRho>
<CP of DelSqRho>
CP# = 16      
Type = (3,+1)
Coords =  3.76515850066867E+00  5.21064567084783E-01 -3.79384971686256E-01
DistFromNuc =  6.7710775626E-01
Rho =  8.2323319958E-01
DelSqRho = -2.9318211803E+00
GradDelSqRho = -3.1086244690E-14 -2.3758772727E-14  6.3948846218E-14
HessDelSqRho_EigVals = -7.7385662207E+00  1.5235070602E+01  2.0754681207E+02
HessDelSqRho_EigVec1 =  3.9553400352E-01  6.2791659388E-01 -6.7027875036E-01
HessDelSqRho_EigVec2 =  8.3486714053E-01  5.8378406568E-02  5.4734707390E-01
HessDelSqRho_EigVec3 = -3.8281811572E-01  7.7608808313E-01  5.0113628636E-01
</CP of DelSqRho>
<CP of DelSqRho>
CP# = 17      
Type = (3,+1)
Coords =  3.74740970496496E+00  1.33401452337912E+00  5.49010216877263E-01
DistFromNuc =  6.9065730983E-01
Rho =  7.8294751384E-01
DelSqRho = -2.6217080290E+00
GradDelSqRho =  1.8707257965E-14  1.5987211555E-14  3.9523939677E-14
HessDelSqRho_EigVals = -1.5535277140E+01  1.5523873395E+01  1.9282544520E+02
HessDelSqRho_EigVec1 =  4.4635492333E-01 -8.0410093542E-01  3.9266903121E-01
HessDelSqRho_EigVec2 =  8.3125158663E-01  2.1009861785E-01 -5.1466432799E-01
HessDelSqRho_EigVec3 =  3.3134284683E-01  5.5612971187E-01  7.6218873084E-01
</CP of DelSqRho>
<CP of DelSqRho>
CP# = 18      
Type = (3,+1)
Coords =  3.74745670639324E+00  1.33395952779350E+00 -5.49021262030993E-01
DistFromNuc =  6.9065772193E-01
Rho =  7.8294686465E-01
DelSqRho = -2.6217111222E+00
GradDelSqRho = -7.8825834748E-15 -1.0658141036E-14  7.9936057773E-15
HessDelSqRho_EigVals = -1.5535171143E+01  1.5523882600E+01  1.9282498013E+02
HessDelSqRho_EigVec1 =  4.4639061987E-01 -8.0413947992E-01 -3.9254950176E-01
HessDelSqRho_EigVec2 =  8.3120705906E-01  2.1015295465E-01  5.1471405714E-01
HessDelSqRho_EigVec3 = -3.3140645658E-01 -5.5605344392E-01  7.6221671987E-01
</CP of DelSqRho>
<CP of DelSqRho>
CP# = 19      
Type = (3,+3)
Coords =  3.87133488529393E+00  8.71403660498305E-01  5.85679344804800E-01
DistFromNuc =  7.1446772978E-01
Rho =  7.7279446681E-01
DelSqRho = -3.2444865580E+00
GradDelSqRho = -6.3948846218E-14  2.8421709430E-14 -1.3322676296E-13
HessDelSqRho_EigVals =  1.0066435905E+01  2.4482813127E+01  1.5160332056E+02
HessDelSqRho_EigVec1 =  4.4811073770E-02  9.6618958062E-01  2.5390876703E-01
HessDelSqRho_EigVec2 =  8.5117557198E-01  9.6125863484E-02 -5.1600384110E-01
HessDelSqRho_EigVec3 =  5.2296473430E-01 -2.3924362619E-01  8.1808946577E-01
</CP of DelSqRho>
<CP of DelSqRho>
CP# = 20      
Type = (3,+3)
Coords =  3.87138546527682E+00  8.71347576119850E-01 -5.85633839564856E-01
DistFromNuc =  7.1446823047E-01
Rho =  7.7279322790E-01
DelSqRho = -3.2444759009E+00
GradDelSqRho = -8.0824236193E-14  2.9309887850E-14  1.5099033135E-13
HessDelSqRho_EigVals =  1.0066268154E+01  2.4482681956E+01  1.5160289060E+02
HessDelSqRho_EigVec1 =  4.4833963797E-02  9.6616542305E-01 -2.5399663581E-01
HessDelSqRho_EigVec2 =  8.5113233219E-01  9.6173454498E-02  5.1606629395E-01
HessDelSqRho_EigVec3 = -5.2303314311E-01  2.3932204654E-01  8.1802279262E-01
</CP of DelSqRho>
<CP of DelSqRho>
CP# = 21      
Type = (3,-3)
Coords =  4.59510053409405E+00  1.26874131747159E+00  3.65026010486491E-05
DistFromNuc =  1.1402449963E+00
Rho =  2.4533004309E-01
DelSqRho =  9.0664860365E-01
GradDelSqRho =  5.1625370645E-15  3.8857805862E-16 -2.8971914928E-17
HessDelSqRho_EigVals = -1.7958033231E+01 -2.5968008585E+00 -4.4224679839E-01
HessDelSqRho_EigVec1 =  9.6991070082E-01  2.4346094447E-01  3.0952060552E-05
HessDelSqRho_EigVec2 = -4.3776685754E-05  4.7265960857E-05  9.9999999792E-01
HessDelSqRho_EigVec3 = -2.4346094250E-01  9.6991070016E-01 -5.6501674479E-05
</CP of DelSqRho>
<CP of DelSqRho>
CP# = 22      
Type = (3,-3)
Coords =  3.03716193108129E+00  1.04553023724915E+00  1.05049600967626E+00
DistFromNuc =  1.1427308596E+00
Rho =  2.4424560741E-01
DelSqRho =  8.4148780039E-01
GradDelSqRho = -1.4988010832E-15 -1.0547118734E-15 -9.9920072216E-16
HessDelSqRho_EigVals = -1.7809877164E+01 -1.8356276337E+00 -4.9492502157E-01
HessDelSqRho_EigVec1 = -4.3732301559E-01  2.3342571964E-02  8.9900150410E-01
HessDelSqRho_EigVec2 =  8.9611420230E-01 -7.2817906233E-02  4.3780919241E-01
HessDelSqRho_EigVec3 =  7.5682999809E-02  9.9707205199E-01  1.0927336088E-02
</CP of DelSqRho>
<CP of DelSqRho>
CP# = 23      
Type = (3,-3)
Coords =  3.03724886580028E+00  1.04541789557054E+00 -1.05053601350708E+00
DistFromNuc =  1.1427295678E+00
Rho =  2.4424525345E-01
DelSqRho =  8.4149265210E-01
GradDelSqRho =  2.1649348980E-15 -1.5820678101E-15  3.1086244690E-15
HessDelSqRho_EigVals = -1.7810039050E+01 -1.8355846458E+00 -4.9494537366E-01
HessDelSqRho_EigVec1 =  4.3724895617E-01 -2.3246242889E-02  8.9904002276E-01
HessDelSqRho_EigVec2 =  8.9615043133E-01 -7.2862617824E-02 -4.3772759034E-01
HessDelSqRho_EigVec3 =  7.5681931472E-02  9.9707103614E-01 -1.1026972995E-02
</CP of DelSqRho>
<CP of DelSqRho>
CP# = 24      
Type = (3,+1)
Coords =  2.32769022183715E+00  5.69302760008859E-01 -1.06314631852941E-05
DistFromNuc =  1.2376079661E+00
Rho =  2.3659502404E-01
DelSqRho =  3.3835049532E-01
GradDelSqRho = -4.8155923693E-14  2.7644553313E-14  8.9150217699E-18
HessDelSqRho_EigVals = -9.7064080532E+00  8.7734690183E-01  1.1879703867E+00
HessDelSqRho_EigVec1 =  9.3493193512E-01  3.5482710811E-01  6.9097645887E-06
HessDelSqRho_EigVec2 = -3.5482710714E-01  9.3493193370E-01 -5.8234986828E-05
HessDelSqRho_EigVec3 = -2.7123511535E-05  5.1993977147E-05  9.9999999828E-01
</CP of DelSqRho>
<CP of DelSqRho>
CP# = 25      
Type = (3,-1)
Coords =  3.67756218046965E+00  1.92184954210654E+00  7.35077521213286E-01
DistFromNuc =  1.1891639361E+00
Rho =  2.4329491427E-01
DelSqRho =  7.3977061320E-01
GradDelSqRho =  8.1185058676E-16  1.9984014443E-15  7.2164496601E-16
HessDelSqRho_EigVals = -1.7806226591E+01 -1.0097165385E+00  2.4910244594E-01
HessDelSqRho_EigVec1 =  1.5292950214E-01  7.7590489161E-01  6.1203281493E-01
HessDelSqRho_EigVec2 =  6.0413633166E-01 -5.6351714836E-01  5.6344273557E-01
HessDelSqRho_EigVec3 =  7.8206896124E-01  2.8358424263E-01 -5.5493073188E-01
</CP of DelSqRho>
<CP of DelSqRho>
CP# = 26      
Type = (3,-1)
Coords =  3.67763044883318E+00  1.92178283049040E+00 -7.35143620010572E-01
DistFromNuc =  1.1891643830E+00
Rho =  2.4329470591E-01
DelSqRho =  7.3976991497E-01
GradDelSqRho = -1.6679574388E-12 -4.9773518640E-12  2.7276514381E-12
HessDelSqRho_EigVals = -1.7806211503E+01 -1.0097059556E+00  2.4910483431E-01
HessDelSqRho_EigVec1 =  1.5298685140E-01  7.7584919913E-01 -6.1208908135E-01
HessDelSqRho_EigVec2 = -6.0418604411E-01  5.6356952784E-01  5.6333703180E-01
HessDelSqRho_EigVec3 =  7.8201933953E-01  2.8363252193E-01  5.5497598606E-01
</CP of DelSqRho>
<CP of DelSqRho>
CP# = 27      
Type = (3,-1)
Coords =  3.52765158446968E+00 -3.65400532984314E-03  6.30162681207471E-01
DistFromNuc =  1.1918414798E+00
Rho =  2.4225481483E-01
DelSqRho =  7.0331076474E-01
GradDelSqRho = -3.6613073684E-14  3.8286041004E-13 -1.5498713424E-13
HessDelSqRho_EigVals = -1.6984782285E+01 -1.2004335273E+00  2.5895475156E-01
HessDelSqRho_EigVec1 = -3.6170918705E-03  8.5714139491E-01 -5.1506848649E-01
HessDelSqRho_EigVec2 =  7.3253889908E-01  3.5289088556E-01  5.8211234674E-01
HessDelSqRho_EigVec3 =  6.8071556320E-01 -3.7520214820E-01 -6.2916585254E-01
</CP of DelSqRho>
<CP of DelSqRho>
CP# = 28      
Type = (3,-1)
Coords =  3.52771396336067E+00 -3.72216976002449E-03 -6.30049807759117E-01
DistFromNuc =  1.1918417153E+00
Rho =  2.4225473599E-01
DelSqRho =  7.0330678741E-01
GradDelSqRho = -3.2952807150E-14  2.6373347950E-13  9.7977181923E-14
HessDelSqRho_EigVals = -1.6984798063E+01 -1.2003659372E+00  2.5897362458E-01
HessDelSqRho_EigVec1 = -3.6690434075E-03  8.5719696738E-01  5.1497562781E-01
HessDelSqRho_EigVec2 = -7.3258797725E-01 -3.5283338820E-01  5.8208543682E-01
HessDelSqRho_EigVec3 =  6.8066246680E-01 -3.7512925678E-01  6.2926675345E-01
</CP of DelSqRho>
<CP of DelSqRho>
CP# = 29      
Type = (3,-1)
Coords =  3.87512207533605E+00  1.09039539172343E+00  1.96429929289847E+00
DistFromNuc =  2.0043420603E+00
Rho =  7.2767997892E-02
DelSqRho =  1.9650773018E-01
GradDelSqRho = -5.2319260035E-15  3.6429192996E-17  4.2882364326E-15
HessDelSqRho_EigVals = -2.3058551491E+00 -3.1898992224E-02  4.4953556719E-01
HessDelSqRho_EigVec1 = -3.5569358896E-01  2.0408757722E-01  9.1204732969E-01
HessDelSqRho_EigVec2 =  2.6593366989E-01  9.5762861136E-01 -1.1057452658E-01
HessDelSqRho_EigVec3 =  8.9596950505E-01 -2.0321344329E-01  3.9489611606E-01
</CP of DelSqRho>
<CP of DelSqRho>
CP# = 30      
Type = (3,-1)
Coords =  3.87530186505728E+00  1.09023157380349E+00 -1.96426755987782E+00
DistFromNuc =  2.0043389170E+00
Rho =  7.2768122183E-02
DelSqRho =  1.9650911388E-01
GradDelSqRho = -4.0089459530E-15  3.1051550220E-16 -3.4139358007E-15
HessDelSqRho_EigVals = -2.3058628443E+00 -3.1904363347E-02  4.4953870345E-01
HessDelSqRho_EigVec1 =  3.5560875539E-01 -2.0402315522E-01  9.1209482249E-01
HessDelSqRho_EigVec2 =  2.6594111229E-01  9.5763239921E-01  1.1052381090E-01
HessDelSqRho_EigVec3 =  8.9600096980E-01 -2.0326027677E-01 -3.9480061044E-01
</CP of DelSqRho>
<CP of DelSqRho>
CP# = 31      
Type = (3,+1)
Coords =  4.62187410090518E+00  1.70242613260136E+00  1.47798841707879E+00
DistFromNuc =  1.9899224827E+00
Rho =  7.1465684516E-02
DelSqRho =  1.8908310399E-01
GradDelSqRho = -1.5300261058E-14 -7.2258171668E-14 -2.5371718615E-13
HessDelSqRho_EigVals = -1.8762573244E+00  2.3250986046E-02  5.8324639514E-01
HessDelSqRho_EigVec1 =  4.3574895355E-01  7.7289840348E-01  4.6124928984E-01
HessDelSqRho_EigVec2 = -8.1096634961E-01  1.1483100036E-01  5.7371371010E-01
HessDelSqRho_EigVec3 =  3.9045669322E-01 -6.2405280166E-01  6.7683208513E-01
</CP of DelSqRho>
<CP of DelSqRho>
CP# = 32      
Type = (3,+1)
Coords =  4.56893253996740E+00 -3.60766912293448E-02  1.35619517063689E+00
DistFromNuc =  2.0252749124E+00
Rho =  6.9983019711E-02
DelSqRho =  1.7371736785E-01
GradDelSqRho = -2.2985086057E-16  2.9837243787E-16 -1.9038590149E-16
HessDelSqRho_EigVals = -1.6013412357E+00  3.6912619464E-02  5.9034833764E-01
HessDelSqRho_EigVec1 = -4.0294773823E-01  8.2436797821E-01 -3.9755572787E-01
HessDelSqRho_EigVec2 = -8.2496146797E-01 -1.3905017760E-01  5.4781714511E-01
HessDelSqRho_EigVec3 =  3.9632271778E-01  5.4870983644E-01  7.3610177201E-01
</CP of DelSqRho>
<CP of DelSqRho>
CP# = 33      
Type = (3,+1)
Coords =  4.62198893195768E+00  1.70228900770776E+00 -1.47796069528243E+00
DistFromNuc =  1.9899194078E+00
Rho =  7.1466006457E-02
DelSqRho =  1.8908406624E-01
GradDelSqRho = -2.0468002293E-14 -8.5198341437E-14  2.6569718647E-13
HessDelSqRho_EigVals = -1.8762764798E+00  2.3253875752E-02  5.8324505686E-01
HessDelSqRho_EigVec1 =  4.3577377709E-01  7.7286023824E-01 -4.6128978674E-01
HessDelSqRho_EigVec2 =  8.1091747451E-01 -1.1475476376E-01  5.7379804263E-01
HessDelSqRho_EigVec3 =  3.9053049142E-01 -6.2411408920E-01 -6.7673298939E-01
</CP of DelSqRho>
<CP of DelSqRho>
CP# = 34      
Type = (3,+1)
Coords =  4.56901824890793E+00 -3.62122389822114E-02 -1.35602656780179E+00
DistFromNuc =  2.0252775504E+00
Rho =  6.9982865410E-02
DelSqRho =  1.7371453868E-01
GradDelSqRho =  3.6429192996E-17 -8.3266726847E-17 -1.3010426070E-18
HessDelSqRho_EigVals = -1.6012973023E+00  3.6920699812E-02  5.9035207617E-01
HessDelSqRho_EigVec1 = -4.0295465519E-01  8.2440490609E-01  3.9747213321E-01
HessDelSqRho_EigVec2 =  8.2491406029E-01  1.3904864257E-01  5.4788891953E-01
HessDelSqRho_EigVec3 =  3.9641435267E-01  5.4865474191E-01 -7.3609349622E-01
</CP of DelSqRho>
<CP of DelSqRho>
CP# = 35      
Type = (3,+1)
Coords =  2.09543377240235E+00  3.42715517536617E-02 -6.65443725608950E-05
DistFromNuc =  1.6964794713E+00
Rho =  9.9056470207E-02
DelSqRho =  1.9449282828E-01
GradDelSqRho = -5.5511151231E-17  7.9537071374E-16  5.7558938085E-16
HessDelSqRho_EigVals = -1.0066437356E-01  5.4058846845E-02  2.5464250885E+00
HessDelSqRho_EigVec1 = -3.0633455936E-01  9.5192389881E-01  1.6916881847E-04
HessDelSqRho_EigVec2 =  5.6343203799E-05 -1.5958097673E-04  9.9999998568E-01
HessDelSqRho_EigVec3 =  9.5192391217E-01  3.0633456450E-01 -4.7492740450E-06
</CP of DelSqRho>
<CP of DelSqRho>
CP# = 36      
Type = (3,-1)
Coords =  5.15652447262879E+00  1.21044940035151E+00  1.07855690446200E+00
DistFromNuc =  1.9994220355E+00
Rho =  7.1960002139E-02
DelSqRho =  1.9269868810E-01
GradDelSqRho = -2.8161500909E-14 -5.5719318048E-15 -4.4686476741E-15
HessDelSqRho_EigVals = -2.2082966218E+00 -2.8256271597E-02  5.2826162195E-01
HessDelSqRho_EigVec1 =  9.4450821568E-01  3.2811528604E-01  1.5639360170E-02
HessDelSqRho_EigVec2 = -3.1891355303E-01  9.0452844032E-01  2.8305908632E-01
HessDelSqRho_EigVec3 =  7.8729767011E-02 -2.7233923647E-01  9.5897495487E-01
</CP of DelSqRho>
<CP of DelSqRho>
CP# = 37      
Type = (3,-1)
Coords =  5.15662281985062E+00  1.21033328076688E+00 -1.07842042242705E+00
DistFromNuc =  1.9994186963E+00
Rho =  7.1960448511E-02
DelSqRho =  1.9270047819E-01
GradDelSqRho = -2.3401419691E-14 -4.6048234670E-15  3.7157776855E-15
HessDelSqRho_EigVals = -2.2083452812E+00 -2.8261167951E-02  5.2825406228E-01
HessDelSqRho_EigVec1 =  9.4451383596E-01  3.2810227985E-01 -1.5572656918E-02
HessDelSqRho_EigVec2 = -3.1887428499E-01  9.0450925509E-01 -2.8316461262E-01
HessDelSqRho_EigVec3 = -7.8821342664E-02  2.7241861431E-01  9.5894488607E-01
</CP of DelSqRho>
<CP of DelSqRho>
CP# = 38      
Type = (3,+3)
Coords =  2.03549161381066E+00  2.25423477776791E-01 -2.97793498814080E-05
DistFromNuc =  1.6470844023E+00
Rho =  1.1170280071E-01
DelSqRho =  1.9379182868E-01
GradDelSqRho = -2.9143354396E-16  1.8041124150E-16 -1.9227647903E-18
HessDelSqRho_EigVals =  1.0594215179E-01  1.3875720272E-01  3.2041538201E+00
HessDelSqRho_EigVec1 = -2.9101896810E-01  9.5671724490E-01  2.7113922053E-04
HessDelSqRho_EigVec2 =  8.0992898035E-05 -2.5876897514E-04  9.9999996324E-01
HessDelSqRho_EigVec3 =  9.5671727989E-01  2.9101897936E-01 -2.1806221441E-06
</CP of DelSqRho>
<Path of -GradDelSqRho>
Starting CP# =      3
Ending CP# =      0
Number of Points =     30
  4.1424963202E+00  8.9267416144E-01  9.5245051784E-01  4.0571721551E-01 -9.2310254048E-01
  4.1568145420E+00  8.9063239031E-01  9.7284217520E-01  3.9499496263E-01 -9.3239042903E-01
  4.1711366896E+00  8.8859963376E-01  9.9323197604E-01  3.8527986283E-01 -9.6002443372E-01
  4.1854628524E+00  8.8657736982E-01  1.0136199994E+00  3.7653991007E-01 -1.0058143156E+00
  4.1997929070E+00  8.8456664209E-01  1.0340064286E+00  3.6873939048E-01 -1.0697563493E+00
  4.2141265647E+00  8.8256803817E-01  1.0543915169E+00  3.6183901482E-01 -1.1519648751E+00
  4.2284634293E+00  8.8058167910E-01  1.0747755469E+00  3.5579592591E-01 -1.2525335729E+00
  4.2428030653E+00  8.7860721384E-01  1.0951587830E+00  3.5056367460E-01 -1.3712996585E+00
  4.2571450730E+00  8.7664380930E-01  1.1155414190E+00  3.4609232832E-01 -1.5074827379E+00
  4.2714891735E+00  8.7469012087E-01  1.1359235159E+00  3.4232897640E-01 -1.6591893023E+00
  4.2858353078E+00  8.7274422173E-01  1.1563049266E+00  3.3921901907E-01 -1.8228352730E+00
  4.3001837599E+00  8.7080345939E-01  1.1766851955E+00  3.3670874476E-01 -1.9926654762E+00
  4.3145353202E+00  8.6886421752E-01  1.1970634206E+00  3.3474974163E-01 -2.1607469450E+00
  4.3288914581E+00  8.6692170677E-01  1.2174381096E+00  3.3330553632E-01 -2.3180426612E+00
  4.3432541555E+00  8.6497075976E-01  1.2378073685E+00  3.3236035337E-01 -2.4573170915E+00
  4.3576236872E+00  8.6301183211E-01  1.2581710410E+00  3.3192892207E-01 -2.5784901293E+00
  4.3719915977E+00  8.6106738212E-01  1.2785372418E+00  3.3206485168E-01 -2.6964364845E+00
  4.3863407094E+00  8.5917712163E-01  1.2989217810E+00  3.3286351573E-01 -2.8500516913E+00
  4.4006657977E+00  8.5734764083E-01  1.3193287544E+00  3.3445410527E-01 -3.1098805539E+00
  4.4149745868E+00  8.5555673061E-01  1.3397505836E+00  3.3697562613E-01 -3.5802426667E+00
  4.4292743495E+00  8.5378620424E-01  1.3601805126E+00  3.4053377461E-01 -4.3912497568E+00
  4.4435690944E+00  8.5202663269E-01  1.3806148996E+00  3.4514006503E-01 -5.6768967759E+00
  4.4578608493E+00  8.5027345052E-01  1.4010519270E+00  3.5064142910E-01 -7.5379486281E+00
  4.4721506648E+00  8.4852437528E-01  1.4214906625E+00  3.5665649433E-01 -9.9932369049E+00
  4.4864391041E+00  8.4677820810E-01  1.4419306087E+00  3.6254156636E-01 -1.2930610786E+01
  4.5007264671E+00  8.4503428810E-01  1.4623714991E+00  3.6741120322E-01 -1.6077521412E+01
  4.5150128850E+00  8.4329222932E-01  1.4828132088E+00  3.7023062146E-01 -1.9015394562E+01
  4.5292983251E+00  8.4155177407E-01  1.5032557384E+00  3.6997752080E-01 -2.1253413446E+01
  4.5435823477E+00  8.3981262337E-01  1.5236993695E+00  3.6584293880E-01 -2.2352745795E+01
  4.5471517693E+00  8.3937750277E-01  1.5288113562E+00  3.6414393403E-01 -2.2414407470E+01
</Path of -GradDelSqRho>
<Path of -GradDelSqRho>
Starting CP# =      3
Ending CP# =     19
Number of Points =     20
  4.1424963202E+00  8.9267416144E-01  9.5245051784E-01  4.0571721551E-01 -9.2310254048E-01
  4.1281815751E+00  8.9472286204E-01  9.3205711462E-01  4.1747461705E-01 -9.3255430750E-01
  4.1138698318E+00  8.9677654124E-01  9.1166210533E-01  4.3029066710E-01 -9.6131826200E-01
  4.0995601893E+00  8.9883262165E-01  8.9126586394E-01  4.4418371553E-01 -1.0100855242E+00
  4.0852514266E+00  9.0088819446E-01  8.7086895414E-01  4.5916617357E-01 -1.0795713908E+00
  4.0709419712E+00  9.0293999274E-01  8.5047215030E-01  4.7524364713E-01 -1.1703882200E+00
  4.0566298473E+00  9.0498431047E-01  8.3007646772E-01  4.9241406934E-01 -1.2828876675E+00
  4.0423125903E+00  9.0701684142E-01  8.0968321031E-01  5.1066693077E-01 -1.4169761218E+00
  4.0279871060E+00  9.0903239970E-01  7.8929404696E-01  5.2998272570E-01 -1.5719096172E+00
  4.0136494454E+00  9.1102445654E-01  7.6891113468E-01  5.5033275054E-01 -1.7460771537E+00
  3.9992944378E+00  9.1298437247E-01  7.4853731998E-01  5.7167940300E-01 -1.9367836752E+00
  3.9849150815E+00  9.1490008770E-01  7.2817647923E-01  5.9397713549E-01 -2.1400451523E+00
  3.9705014801E+00  9.1675377069E-01  7.0783412620E-01  6.1717420556E-01 -2.3504068863E+00
  3.9560388544E+00  9.1851727124E-01  6.8751858649E-01  6.4121531903E-01 -2.5607898175E+00
  3.9415034407E+00  9.2014236872E-01  6.6724354174E-01  6.6604509159E-01 -2.7623539916E+00
  3.9268527658E+00  9.2153649204E-01  6.4703453203E-01  6.9161152439E-01 -2.9443375230E+00
  3.9119972292E+00  9.2248647768E-01  6.2695051356E-01  7.1786431178E-01 -3.0937841628E+00
  3.8966825277E+00  9.2229145969E-01  6.0720143175E-01  7.4469502067E-01 -3.1951173408E+00
  3.8804421273E+00  9.1461637076E-01  5.9133920924E-01  7.6846426968E-01 -3.2335955703E+00
  3.8713348853E+00  8.7140366050E-01  5.8567934480E-01  7.7279446681E-01 -3.2444865580E+00
</Path of -GradDelSqRho>
<Path of -GradDelSqRho>
Starting CP# =      4
Ending CP# =     20
Number of Points =     20
  4.1425808217E+00  8.9258468546E-01 -9.5238073873E-01  4.0571768337E-01 -9.2310594191E-01
  4.1282642404E+00  8.9463527636E-01 -9.3198881453E-01  4.1747508582E-01 -9.3255774768E-01
  4.1139506608E+00  8.9669084867E-01 -9.1159528472E-01  4.3029113652E-01 -9.6132180949E-01
  4.0996391815E+00  8.9874882476E-01 -8.9120052321E-01  4.4418418505E-01 -1.0100892318E+00
  4.0853285818E+00  9.0080629555E-01 -8.7080509363E-01  4.5916664227E-01 -1.0795752921E+00
  4.0710172888E+00  9.0285999378E-01 -8.5040977033E-01  4.7524411369E-01 -1.1703923257E+00
  4.0567033266E+00  9.0490621306E-01 -8.3001556857E-01  4.9241453201E-01 -1.2828919610E+00
  4.0423842304E+00  9.0694064676E-01 -8.0962379225E-01  5.1066738731E-01 -1.4169805549E+00
  4.0280569058E+00  9.0895810852E-01 -7.8923611028E-01  5.2998317340E-01 -1.5719141053E+00
  4.0137174036E+00  9.1095206903E-01 -7.6885467970E-01  5.5033318622E-01 -1.7460815706E+00
  3.9993605527E+00  9.1291388819E-01 -7.4848234706E-01  5.7167982301E-01 -1.9367878481E+00
  3.9849793509E+00  9.1483150537E-01 -7.2812298881E-01  5.9397753574E-01 -2.1400488567E+00
  3.9705639012E+00  9.1668708779E-01 -7.0778211874E-01  6.1717458157E-01 -2.3504098406E+00
  3.9560994231E+00  9.1845248344E-01 -6.8746806247E-01  6.4121566595E-01 -2.5607916769E+00
  3.9415621510E+00  9.2007946842E-01 -6.6719450156E-01  6.6604540421E-01 -2.7623543410E+00
  3.9269096077E+00  9.2147546493E-01 -6.4698697582E-01  6.9161179686E-01 -2.9443358671E+00
  3.9120521838E+00  9.2242729152E-01 -6.2690444083E-01  7.1786453593E-01 -3.0937799138E+00
  3.8967355474E+00  9.2223400346E-01 -6.0715684471E-01  7.4469517078E-01 -3.1951098346E+00
  3.8804934857E+00  9.1455947398E-01 -5.9129644734E-01  7.6846340911E-01 -3.2335851726E+00
  3.8713854653E+00  8.7134757612E-01 -5.8563383956E-01  7.7279322790E-01 -3.2444759009E+00
</Path of -GradDelSqRho>
<Path of -GradDelSqRho>
Starting CP# =      4
Ending CP# =      0
Number of Points =     30
  4.1425808217E+00  8.9258468546E-01 -9.5238073873E-01  4.0571768337E-01 -9.2310594191E-01
  4.1569008797E+00  8.9054102688E-01 -9.7277091756E-01  3.9499542960E-01 -9.3239387291E-01
  4.1712248636E+00  8.8850638595E-01 -9.9315924047E-01  3.8528032911E-01 -9.6002801084E-01
  4.1855528629E+00  8.8648224071E-01 -1.0135457865E+00  3.7654037600E-01 -1.0058181231E+00
  4.1998847544E+00  8.8446963470E-01 -1.0339307391E+00  3.6873985650E-01 -1.0697604869E+00
  4.2142202493E+00  8.8246915539E-01 -1.0543143515E+00  3.6183948136E-01 -1.1519694395E+00
  4.2285589517E+00  8.8048092363E-01 -1.0746969061E+00  3.5579639339E-01 -1.2525386500E+00
  4.2429004260E+00  8.7850458814E-01 -1.0950786676E+00  3.5056414333E-01 -1.3713053112E+00
  4.2572442723E+00  8.7653931547E-01 -1.1154598297E+00  3.4609279851E-01 -1.5074889892E+00
  4.2715902120E+00  8.7458376069E-01 -1.1358404531E+00  3.4232944813E-01 -1.6591961131E+00
  4.2859381858E+00  8.7263599655E-01 -1.1562203908E+00  3.3921949234E-01 -1.8228425188E+00
  4.3002884775E+00  8.7069337006E-01 -1.1765991869E+00  3.3670921959E-01 -1.9926729329E+00
  4.3146418772E+00  8.6875226428E-01 -1.1969759389E+00  3.3475021828E-01 -2.1607543031E+00
  4.3289998537E+00  8.6680788918E-01 -1.2173491544E+00  3.3330601555E-01 -2.3180495963E+00
  4.3433643885E+00  8.6485507669E-01 -1.2377169389E+00  3.3236083687E-01 -2.4573234217E+00
  4.3577357560E+00  8.6289428296E-01 -1.2580791362E+00  3.3192941280E-01 -2.5784960774E+00
  4.3721055030E+00  8.6094797009E-01 -1.2784438633E+00  3.3206535418E-01 -2.6964430277E+00
  4.3864564565E+00  8.5905585448E-01 -1.2988269338E+00  3.3286403608E-01 -2.8500609277E+00
  4.4007833938E+00  8.5722452536E-01 -1.3192324433E+00  3.3445465056E-01 -3.1098959519E+00
  4.4150940368E+00  8.5543177058E-01 -1.3396528116E+00  3.3697620320E-01 -3.5802690191E+00
  4.4293956560E+00  8.5365940151E-01 -1.3600812813E+00  3.4053438801E-01 -4.3912926581E+00
  4.4436922587E+00  8.5189798824E-01 -1.3805142098E+00  3.4514071434E-01 -5.6769614988E+00
  4.4579858723E+00  8.5014296487E-01 -1.4009497793E+00  3.5064210608E-01 -7.5380384098E+00
  4.4722775470E+00  8.4839204872E-01 -1.4213870571E+00  3.5665718064E-01 -9.9933508981E+00
  4.4865678458E+00  8.4664404078E-01 -1.4418255460E+00  3.6254223288E-01 -1.2930742272E+01
  4.5008570686E+00  8.4489828009E-01 -1.4622649792E+00  3.6741181187E-01 -1.6077657195E+01
  4.5151453464E+00  8.4315438061E-01 -1.4827052319E+00  3.7023112999E-01 -1.9015516446E+01
  4.5294326467E+00  8.4141208456E-01 -1.5031463047E+00  3.6997788997E-01 -2.1253502079E+01
  4.5437185295E+00  8.3967109270E-01 -1.5235884792E+00  3.6584314037E-01 -2.2352785990E+01
  4.5472884298E+00  8.3923551623E-01 -1.5287000928E+00  3.6414409124E-01 -2.2414434157E+01
</Path of -GradDelSqRho>
<Path of -GradDelSqRho>
Starting CP# =      6
Ending CP# =     14
Number of Points =     23
  3.4716749654E+00  1.1738298301E+00 -8.7134350662E-06  2.2812254954E+01  1.2530039752E+03
  3.4695624637E+00  1.1987404154E+00 -1.0002537169E-05  1.5813812217E+01  1.1674171818E+03
  3.4674333878E+00  1.2236495911E+00 -1.1292426259E-05  1.1078300824E+01  9.9365453152E+02
  3.4652999129E+00  1.2485583903E+00 -1.2582531035E-05  7.8841823598E+00  7.8204309449E+02
  3.4631575881E+00  1.2734664298E+00 -1.3873062210E-05  5.7388708088E+00  5.7777595131E+02
  3.4609977548E+00  1.2983729566E+00 -1.5164430991E-05  4.2996825673E+00  4.1017878495E+02
  3.4588107765E+00  1.3232771136E+00 -1.6457097117E-05  3.3320500894E+00  2.8484656975E+02
  3.4565867629E+00  1.3481779894E+00 -1.7751534500E-05  2.6784959538E+00  1.9470764236E+02
  3.4543162095E+00  1.3730746632E+00 -1.9048201192E-05  2.2340204566E+00  1.3045232775E+02
  3.4519894203E+00  1.3979661423E+00 -2.0347567525E-05  1.9283274443E+00  8.4743954066E+01
  3.4495940866E+00  1.4228511154E+00 -2.1650232354E-05  1.7140777829E+00  5.2568313862E+01
  3.4471115792E+00  1.4477275364E+00 -2.2957100811E-05  1.5594075653E+00  3.0442795285E+01
  3.4445119786E+00  1.4725919787E+00 -2.4269621727E-05  1.4430780683E+00  1.5742955173E+01
  3.4417460738E+00  1.4974384352E+00 -2.5590165467E-05  1.3511795417E+00  6.3820141502E+00
  3.4387296913E+00  1.5222556330E+00 -2.6922749862E-05  1.2748022330E+00  7.0847191407E-01
  3.4353078744E+00  1.5470198825E+00 -2.8274651870E-05  1.2083798014E+00 -2.5305361257E+00
  3.4311552302E+00  1.5716708365E+00 -2.9660685718E-05  1.1485560772E+00 -4.2336530240E+00
  3.4253888336E+00  1.5959852841E+00 -3.1118313838E-05  1.0936007559E+00 -5.0102472366E+00
  3.4137404176E+00  1.6177234239E+00 -3.2774348032E-05  1.0462717004E+00 -5.2616050602E+00
  3.3895859251E+00  1.6196241832E+00 -3.4180383874E-05  1.0382147693E+00 -5.3287545250E+00
  3.3650556847E+00  1.6148089768E+00 -3.5296072361E-05  1.0412529349E+00 -5.3771545438E+00
  3.3406966810E+00  1.6091885458E+00 -3.6365380701E-05  1.0432281253E+00 -5.4106818618E+00
  3.2983190265E+00  1.5974803335E+00 -3.8087281913E-05  1.0438733066E+00 -5.4335089577E+00
</Path of -GradDelSqRho>
<Path of -GradDelSqRho>
Starting CP# =      6
Ending CP# =      1
Number of Points =      7
  3.4716749654E+00  1.1738298301E+00 -8.7134350662E-06  2.2812254954E+01  1.2530039752E+03
  3.4737542100E+00  1.1489164475E+00 -7.4258997763E-06  3.3190294428E+01  9.8411854528E+02
  3.4758065192E+00  1.1240008299E+00 -6.1396311143E-06  4.8680167487E+01 -8.9337335222E+02
  3.4778471049E+00  1.0990842490E+00 -4.8539134431E-06  7.1708229036E+01 -6.6827863835E+03
  3.4798784134E+00  1.0741669104E+00 -3.5686307881E-06  1.0594175108E+02 -2.1743783348E+04
  3.4818949952E+00  1.0492483753E+00 -2.2840369689E-06  1.5729778512E+02 -7.8989095842E+04
  3.4852842073E+00  1.0070810896E+00 -1.1141611329E-07  2.9729210076E+02 -3.3292612001E+06
</Path of -GradDelSqRho>
<Path of -GradDelSqRho>
Starting CP# =      7
Ending CP# =      1
Number of Points =      7
  3.5319372541E+00  8.4458927971E-01  1.0041868191E-05  2.2423750994E+01  1.2142359337E+03
  3.5250690651E+00  8.6862733134E-01  8.5415030149E-06  3.2563400092E+01  9.7255712029E+02
  3.5181824117E+00  8.9266010038E-01  7.0404795094E-06  4.7663031731E+01 -7.4926198068E+02
  3.5112875782E+00  9.1669052417E-01  5.5391648988E-06  7.0088239444E+01 -6.2312680106E+03
  3.5043871058E+00  9.4071932919E-01  4.0376499666E-06  1.0335246972E+02 -2.0049569503E+04
  3.4974770855E+00  9.6474539031E-01  2.5357962606E-06  1.5326513844E+02 -7.3316067641E+04
  3.4852842073E+00  1.0070810896E+00 -1.1141611329E-07  2.9729210076E+02 -3.3292612001E+06
</Path of -GradDelSqRho>
<Path of -GradDelSqRho>
Starting CP# =      7
Ending CP# =     11
Number of Points =     26
  3.5319372541E+00  8.4458927971E-01  1.0041868191E-05  2.2423750994E+01  1.2142359337E+03
  3.5387841860E+00  8.2054516413E-01  1.1541473433E-05  1.5566199311E+01  1.1345111572E+03
  3.5456220286E+00  7.9649846155E-01  1.3040752082E-05  1.0913089191E+01  9.6730643707E+02
  3.5524575392E+00  7.7245109596E-01  1.4539945850E-05  7.7652144029E+00  7.6161746034E+02
  3.5592873323E+00  7.4840210602E-01  1.6038933448E-05  5.6432015416E+00  5.6345175888E+02
  3.5661059223E+00  7.2434993750E-01  1.7537517594E-05  4.2131371545E+00  4.0141156324E+02
  3.5729074633E+00  7.0029294262E-01  1.9035486827E-05  3.2464625263E+00  2.8047144170E+02
  3.5796862342E+00  6.7622952218E-01  2.0532632071E-05  2.5896783257E+00  1.9350298070E+02
  3.5864370913E+00  6.5215825623E-01  2.2028761688E-05  2.1403021047E+00  1.3141642805E+02
  3.5931551329E+00  6.2807781185E-01  2.3523687868E-05  1.8295664965E+00  8.7119328735E+01
  3.5998343256E+00  6.0398656407E-01  2.5017174291E-05  1.6110113573E+00  5.5786795847E+01
  3.6064656180E+00  5.7988208937E-01  2.6508862368E-05  1.4532227386E+00  3.4078358351E+01
