AIMSum (Version 19.02.13, Professional)
Copyright (c) 1997-2019 by Todd A. Keith
AIMSum is a component of the AIMAll package ( http://aim.tkgristmill.com )

TP:  64-bit Linux

Licensed To:  Research Group of Fernando Cortes Guzman, UNAM, fercor@unam.mx

Much of the Quantum Theory of Atoms in Molecules (QTAIM) is described in the book:
  "Atoms in Molecules - A Quantum Theory"
  R.F.W. Bader, Oxford University Press, Oxford, 1990

For additional references see:  http://aim.tkgristmill.com/references.html

Wfx File:  /home/scratch/M_H2O_4_cuadrado_plano/Opt/V4_cuadrado_plano_cc-pvtz-def2-tzv_2.wfx
Sum File:  /home/scratch/M_H2O_4_cuadrado_plano/Opt/V4_cuadrado_plano_cc-pvtz-def2-tzv_2.sum

SumViz File:  /home/scratch/M_H2O_4_cuadrado_plano/Opt/V4_cuadrado_plano_cc-pvtz-def2-tzv_2.sumviz

Wfx Title:   V4_cuadrado_plano_cc-pvtz-def2-tzv_2                                          
 
Total memory allocated for AIMSum =        0.933 Megabytes

Atomic units (a.u.) used throughout, except where stated otherwise

Model:  Unrestricted SCF
 
Unrestricted, single-determinant wavefunction.
  Number of electrons (from MO Occs)                   =          59.0000000000
  Number of Alpha electrons (from MO Occs)             =          30.0000000000
  Number of Beta electrons (from MO Occs)              =          29.0000000000
  Number of electron pairs (N*(N-1)/2)                 =        1711.0000000000
  Number of electron pairs (from Muller 2EDM)          =        1711.0000000000
 
Nuclear Charges and Cartesian Coordinates:
-------------------------------------------------------------------------------
Atom      Charge                X                  Y                  Z
-------------------------------------------------------------------------------
V1        23.0           1.5846970517E-04  -8.1081241132E-05  -4.0430510639E-04
O2         8.0          -2.9480278920E+00  -1.9140673700E+00   1.3611877309E-04
H3         1.0          -3.3262564051E+00  -3.5213263836E+00   1.0030102059E+00
O4         8.0           2.9478743965E+00   1.9142699535E+00   1.3625105392E-04
H5         1.0           4.5701240613E+00   1.6043189301E+00  -1.0018839255E+00
O6         8.0          -1.9142354295E+00   2.9479471632E+00   3.1205227606E-04
H7         1.0          -3.5217823005E+00   3.3249221680E+00   1.0031005726E+00
O8         8.0           1.9141017995E+00  -2.9479551065E+00   3.1210896785E-04
H9         1.0           3.5212780332E+00  -3.3259591327E+00   1.0032680401E+00
H10        1.0           3.3250647275E+00   3.5218876767E+00   1.0027634455E+00
H11        1.0          -1.6046495564E+00   4.5701928907E+00  -1.0017748128E+00
H12        1.0           1.6042995693E+00  -4.5694994689E+00  -1.0030243753E+00
H13        1.0          -4.5694259278E+00  -1.6042289336E+00  -1.0033323817E+00
 
Some Atomic Properties:
----------------------
  q(A) = Net Charge of Atom A
  L(A) = Lagrangian of Atom A = -(1/4) Times Atomic Integral of the Laplacian of the Electron Density
  K(A) = Electronic Kinetic Energy of Atom A (Hamiltonian Form)
  K_Scaled(A) = K(A) * E(Mol)/K(Mol) = Approximation to Virial-Based Total Energy of Atom A.
  |Mu_Intra(A)| = Magnitude of Intraatomic Dipole Moment of Atom A
--------------------------------------------------------------------------------------------------
Atom A          q(A)              L(A)              K(A)          K_Scaled(A)      |Mu_Intra(A)|
--------------------------------------------------------------------------------------------------
V1        2.2154087080E+00  5.1520385555E-05  9.4240578782E+02 -9.4438677920E+02  2.7492162968E-04
O2       -1.0773298413E+00 -6.5171739158E-05  7.5281898792E+01 -7.5440145690E+01  1.8998336607E-01
H3        7.6177001303E-01  3.1081178657E-05  2.4061611154E-01 -2.4112190050E-01  8.1598759098E-02
O4       -1.0772969025E+00 -5.4165004329E-05  7.5281969179E+01 -7.5440216225E+01  1.8998463109E-01
H5        7.6173436251E-01  2.9635091030E-05  2.4065026780E-01 -2.4115612856E-01  8.1613671748E-02
O6       -1.0773265164E+00 -5.7353490194E-05  7.5281912959E+01 -7.5440159887E+01  1.8994669589E-01
H7        7.6173593313E-01  3.2437132104E-05  2.4064966525E-01 -2.4115552474E-01  8.1615632837E-02
O8       -1.0773161182E+00 -5.7372566307E-05  7.5282012182E+01 -7.5440259318E+01  1.9001536232E-01
H9        7.6178330071E-01  2.8675567929E-05  2.4061192073E-01 -2.4111770088E-01  8.1598962913E-02
H10       7.6175392168E-01  2.9157671129E-05  2.4063082492E-01 -2.4113664481E-01  8.1606985628E-02
H11       7.6172804853E-01  3.0891544376E-05  2.4065940960E-01 -2.4116528958E-01  8.1617875477E-02
H12       7.6172314351E-01  3.4092350219E-05  2.4065436656E-01 -2.4116023594E-01  8.1613683405E-02
H13       7.6170094286E-01  3.2460726360E-05  2.4067603274E-01 -2.4118194766E-01  8.1626300586E-02
--------------------------------------------------------------------------------------------------
Total     4.0000689956E+00  6.5888847371E-05  1.2454587295E+03 -1.2480767557E+03
 
1st Largest |L(A)| = 6.5171739158E-05, atom O2      
2nd Largest |L(A)| = 5.7372566307E-05, atom O8      
 
Molecular charge q(Mol) from the wfx file:   4.0000000000E+00
Molecular energy E(Mol) from the wfx file:  -1.2480767468E+03
Molecular virial ratio (-V(Mol)/T(Mol)) from the wfx file:   2.0021020577E+00
Full molecular virial ratio ((-V(Mol)+W(Mol))/T(Mol)) from the wfx file:   2.0021016796E+00
Note.  K_Scaled(A) = (1+V(Mol)/T(Mol))*K(A) = (E(Mol)/T(Mol))*K(A)
       Only use K_Scaled(A) data with caution.
 
N_AIMInt(SumA)     =         58.999931
N_Analytic(Mol)    =         59.000000
 
G_AIMInt(SumA)     =       1245.458664
G_Analytic(Mol)    =       1245.458721
 
K_AIMInt(SumA)     =       1245.458730
K_Analytic(Mol)    =       1245.458721
 
L_AIMInt(SumA)     =          0.000066
L_Analytic(Mol)    =          0.000000
 
VenT_AIMInt(SumA)  =      -3669.364348
VenT_Analytic(Mol) =      -3669.365796
 
Some Information About the Atomic Calculations:
----------------------------------------------
  Time(sec) = "Elapsed User Time", in Seconds, for Atom A by AIMInt and, if used, by TWOe
  NProc = Number of Processors Used for AIMInt Job
  BIM = Basin Integration Method
  OAQ = Angular Quadrature Outside of Beta Sphere
  ORQ = Multiple of Default for Radial Quadrature Outside of Beta Sphere
  IAQ = Multiple of Default for Angular Quadrature Inside of Beta Sphere
  IRQ = Multiple of Default for Radial Quadrature Inside of Beta Sphere
  MIR = Maximum Integration Radius
------------------------------------------------------------------------------------------------------
Atom A     Time(sec)   NProc      BIM          OAQ                     ORQ      IAQ      IRQ      MIR
------------------------------------------------------------------------------------------------------
V1            326        1     Proaim(5)    4500(GS4)                  1.00     1.00     1.00    13.00
O2            198        1     Proaim(5)    4500(GS4)                  1.00     1.00     1.00    13.00
H3             63        1     Proaim(5)    1800(GS4)                  1.00     1.00     1.00    13.00
O4            198        1     Proaim(5)    4500(GS4)                  1.00     1.00     1.00    13.00
H5             63        1     Proaim(5)    1800(GS4)                  1.00     1.00     1.00    13.00
O6            205        1     Proaim(5)    4500(GS4)                  1.00     1.00     1.00    13.00
H7             81        1     Proaim(5)    1800(GS4)                  1.00     1.00     1.00    13.00
O8            241        1     Proaim(5)    4500(GS4)                  1.00     1.00     1.00    13.00
H9             73        1     Proaim(5)    1800(GS4)                  1.00     1.00     1.00    13.00
H10            75        1     Proaim(5)    1800(GS4)                  1.00     1.00     1.00    13.00
H11            82        1     Proaim(5)    1800(GS4)                  1.00     1.00     1.00    13.00
H12            83        1     Proaim(5)    1800(GS4)                  1.00     1.00     1.00    13.00
H13            79        1     Proaim(5)    1800(GS4)                  1.00     1.00     1.00    13.00
------------------------------------------------------------------------------------------------------
Total        1767
Note:  Total wall clock time is less than total of atomic times if more than one atom
       was calculated at a time
 
Electron Density Critical Point Analysis of Molecular Structure:               
---------------------------------------------------------------                
  NACP = Nuclear Attractor Critical Point                                      
  NNACP = Non-Nuclear Attractor Critical Point                                 
  BCP = Bond Critical Point                                                    
  RCP = Ring Critical Point                                                    
  CCP = Cage Critical Point                                                    
  Rho = Electron Density                                                       
  GradRho = Gradient of Electron Density                                       
  HessRho_EigVals = Eigenvalues of the Hessian of Rho, Ascending Order         
  HessRho_EigVecs = Eigenvectors of the Hessian of Rho                         
  DelSqRho = Laplacian of Rho = Trace of Hessian of Rho                        
  Bond Ellipticity = (HessRho_EigVal(1) / HessRho_EigVal(2)) - 1               
  V = Virial Field = Potential Energy Density = Trace of Stress Tensor         
  G = Lagrangian Form of Kinetic Energy Density                                
  K = Hamiltonian Form of Kinetic Energy Density                               
  L = K - G = Lagrangian Density = (-1/4)DelSqRho                              
  Vnuc = Electrostatic Potential from Nuclei                                   
  Ven = Electron-nuclear attractive contribution to Virial Field V             
  Vrep = V - Ven = Repulsive contribution to Virial Field V                    
  DelSqV = Laplacian of V                                                      
  DelSqVen = Laplacian of Ven                                                  
  DelSqVrep = Laplacian of Vrep                                                
  DelSqG = Laplacian of G                                                      
  DelSqK = Laplacian of K                                                      
  Stress_EigVals = Eigenvalues of Stress Tensor, Ascending Order               
  Stress_EigVecs = Eigenvectors of Stress Tensor                               
  -DivStress = Ehrenfest Force Density = Minus Divergence of Stress Tensor     
  ESP = Total Electrostatic Potential                                          
  ESPe = Electrostatic Potential from Electrons                                
  ESPn = Electrostatic Potential from Nuclei                                   
  BP = Bond Path                                                               
  BPL = Bond Path Length                                                       
  GBL = Geometric Bond Length                                                  
  GBL_I = Distance Between Nuclear Attractors                                  
  GBL_II = Distance Between Nuclei                                             
  GBL_III = Sum of Distances Between BCP and Nuclear Attractors                
  GBL_IV = Sum of Distances Between BCP and Nuclei                             

CP# 1      Coords =  1.58469697994169E-04 -8.10812377587669E-05 -4.04305119558183E-04
           Type = (3,-3) NACP V1
           Rho =  8.1180913323E+03     Rho at Nucleus =  8.1180913323E+03
           GradRho = -2.6580265766E-12 -8.6893322399E-12  2.8679170150E-11
           HessRho_EigVals = -1.3022535672E+09 -1.3022528938E+09 -1.3022528938E+09
           HessRho_EigVec1 =  2.0285347949E-05  2.9116048920E-05  9.9999999937E-01
           HessRho_EigVec2 =  9.9440453689E-01 -1.0563908707E-01 -1.7096049216E-05
           HessRho_EigVec3 =  1.0563908651E-01  9.9440453661E-01 -3.1096056780E-05
           DelSqRho = -3.9067593547E+09
           Bond Ellipticity = NA
           V = -9.7689746465E+08
           G =  1.0381298244E+05
           K =  9.7679365166E+08
           L =  9.7668983868E+08
           Vnuc =  2.3000000107E+09
           Ven = -1.8671610151E+13
           Vrep =  1.8670633254E+13
           DelSqV =  2.2758611073E+16
           DelSqVen =  5.6014697880E+29
           DelSqVrep = -5.6014697880E+29
           DelSqG =  1.5670563161E+14
           DelSqK = -2.2915316705E+16
           Stress_EigVals = -3.2563253568E+08 -3.2563253568E+08 -3.2563239329E+08
           Stress_EigVec1 =  9.2148855241E-01 -3.8840551953E-01  1.3585886785E-05
           Stress_EigVec2 =  3.8840551973E-01  9.2148855222E-01 -1.9089973003E-05
           Stress_EigVec3 = -5.1045882619E-06  2.2868025006E-05  9.9999999973E-01
           -DivStress =  5.4239326020E+04 -2.5501569988E+04  9.9507415489E+04
           ESP =  -9.6356288008E+01     ESP at Nucleus =  -9.6356288008E+01
           ESPe = -1.0707782740E+02     ESPe at Nucleus = -1.0707782740E+02
           ESPn =  1.0721539390E+01     ESPn at Nucleus =  1.0721539390E+01

CP# 2      Coords = -2.94803036332184E+00 -1.91406897199016E+00  1.36117440640121E-04
           Type = (3,-3) NACP O2
           Rho =  2.9734805551E+02     Rho at Nucleus =  2.9734805069E+02
           GradRho = -9.0851770551E-11 -1.0101608439E-10 -6.9666494795E-15
           HessRho_EigVals = -1.1098315885E+06 -1.1098257461E+06 -1.1098145686E+06
           HessRho_EigVec1 = -3.8611550840E-01  5.9537095977E-01 -7.0459082766E-01
           HessRho_EigVec2 = -8.3872110187E-01 -5.4456095499E-01 -5.2875195064E-04
           HessRho_EigVec3 = -3.8400745755E-01  5.9075103602E-01  7.0961361739E-01
           DelSqRho = -3.3294719033E+06
           Bond Ellipticity = NA
           V = -8.3250270126E+05
           G =  6.7362723107E+01
           K =  8.3243533854E+05
           L =  8.3236797581E+05
           Vnuc =  2.7163784227E+06
           Ven = -8.0770984200E+08
           Vrep =  8.0687733929E+08
           DelSqV =  9.3087933758E+10
           DelSqVen =  9.0441056092E+12
           DelSqVrep = -8.9510176755E+12
           DelSqG =  3.1072627502E+09
           DelSqK = -9.6195196508E+10
           Stress_EigVals = -2.7750296350E+05 -2.7750050382E+05 -2.7749923394E+05
           Stress_EigVec1 = -3.8788007737E-01  5.9660000752E-01  7.0257916038E-01
           Stress_EigVec2 = -8.3864029863E-01 -5.4468543721E-01 -4.7329611208E-04
           Stress_EigVec3 = -3.8240226868E-01  5.8939477900E-01 -7.1160543800E-01
           -DivStress =  7.5263044709E+04  4.8788104768E+04  4.0502859999E+01
           ESP =  -2.1434273126E+01     ESP at Nucleus =  -2.1434273169E+01
           ESPe = -3.4280422629E+01     ESPe at Nucleus = -3.4280429271E+01
           ESPn =  1.2846149503E+01     ESPn at Nucleus =  1.2846156102E+01

CP# 3      Coords = -3.31357010888395E+00 -3.47391280723009E+00  9.73481716130699E-01
           Type = (3,-3) NACP H3
           Rho =  3.3140334443E-01     Rho at Nucleus =  3.2220572580E-01
           GradRho =  2.0337290879E-12  7.6855691949E-12 -4.7886729304E-12
           HessRho_EigVals = -6.4684532277E+00 -6.4671108360E+00 -4.8848362186E+00
           HessRho_EigVec1 =  8.6374493268E-02  5.1067348879E-01  8.5542506087E-01
           HessRho_EigVec2 =  9.7243153097E-01 -2.2989494190E-01  3.9054234952E-02
           HessRho_EigVec3 =  2.1660185708E-01  8.2846901181E-01 -5.1645206164E-01
           DelSqRho = -1.7820400282E+01
           Bond Ellipticity = NA
           V = -4.4913829057E+00
           G =  1.8141417545E-02
           K =  4.4732414881E+00
           L =  4.4551000706E+00
           Vnuc =  3.1222079702E+01
           Ven = -1.0347101633E+01
           Vrep =  5.8557187274E+00
           DelSqV =  1.0578173758E+03
           DelSqVen =  5.5638995793E+02
           DelSqVrep =  5.0142741791E+02
           DelSqG =  8.1735327919E+01
           DelSqK = -1.1395527038E+03
           Stress_EigVals = -1.6341632392E+00 -1.6294882066E+00 -1.2277314598E+00
           Stress_EigVec1 = -3.3367647384E-01  5.6023239748E-01  7.5815544028E-01
           Stress_EigVec2 =  9.1768273369E-01  9.0342201413E-03  3.9721125758E-01
           Stress_EigVec3 =  2.1568127199E-01  8.2828620880E-01 -5.1713010474E-01
           -DivStress = -4.6901120983E+00 -1.7540021240E+01  1.0925367009E+01
           ESP =  -1.3387789166E-01     ESP at Nucleus =  -1.3620636086E-01
           ESPe = -1.3897651222E+01     ESPe at Nucleus = -1.3698647971E+01
           ESPn =  1.3763773330E+01     ESPn at Nucleus =  1.3562441610E+01

CP# 4      Coords =  2.94787686748708E+00  1.91427155585090E+00  1.36252587075251E-04
           Type = (3,-3) NACP O4
           Rho =  2.9734809698E+02     Rho at Nucleus =  2.9734809217E+02
           GradRho =  4.5332015919E-11 -1.0262690697E-10  4.8849813084E-15
           HessRho_EigVals = -1.1098317491E+06 -1.1098259069E+06 -1.1098147336E+06
           HessRho_EigVec1 = -3.8676927889E-01  5.9559009449E-01  7.0404684805E-01
           HessRho_EigVec2 = -8.3870008653E-01 -5.4459357614E-01 -4.1031638914E-05
           HessRho_EigVec3 =  3.8339495271E-01 -5.9050002216E-01  7.1015352852E-01
           DelSqRho = -3.3294723896E+06
           Bond Ellipticity = NA
           V = -8.3250282306E+05
           G =  6.7362827658E+01
           K =  8.3243546023E+05
           L =  8.3236809740E+05
           Vnuc =  2.7164192856E+06
           Ven = -8.0772210517E+08
           Vrep =  8.0688960235E+08
           DelSqV =  9.3087947346E+10
           DelSqVen =  9.0442429563E+12
           DelSqVrep = -8.9511550089E+12
           DelSqG =  3.1072632235E+09
           DelSqK = -9.6195210569E+10
           Stress_EigVals = -2.7750300337E+05 -2.7750054477E+05 -2.7749927492E+05
           Stress_EigVec1 =  3.8723045753E-01 -5.9637655628E-01  7.0312699840E-01
           Stress_EigVec2 = -8.3867796962E-01 -5.4462763407E-01 -5.9020588836E-05
           Stress_EigVec3 = -3.8297759209E-01  5.8967426883E-01  7.1106428727E-01
           -DivStress = -7.5254979426E+04 -4.8798004881E+04 -4.6813185946E+01
           ESP =  -2.1434244802E+01     ESP at Nucleus =  -2.1434244845E+01
           ESPe = -3.4280683933E+01     ESPe at Nucleus = -3.4280690576E+01
           ESPn =  1.2846439131E+01     ESPn at Nucleus =  1.2846445730E+01

CP# 5      Coords =  4.52164327634777E+00  1.61206536819997E+00 -9.72378438864998E-01
           Type = (3,-3) NACP H5
           Rho =  3.3144868092E-01     Rho at Nucleus =  3.2224977667E-01
           GradRho = -1.7685859850E-11  2.8742112856E-12  1.0781285587E-11
           HessRho_EigVals = -6.4692745071E+00 -6.4679317990E+00 -4.8854390669E+00
           HessRho_EigVec1 =  5.0016937001E-01 -1.3422082986E-01  8.5546207990E-01
           HessRho_EigVec2 =  1.8901754250E-01  9.8101393226E-01  4.3405452813E-02
           HessRho_EigVec3 =  8.4504613480E-01 -1.3998726205E-01 -5.1604321188E-01
           DelSqRho = -1.7822645373E+01
           Bond Ellipticity = NA
           V = -4.4919547179E+00
           G =  1.8146687319E-02
           K =  4.4738080306E+00
           L =  4.4556613433E+00
           Vnuc =  3.1223386155E+01
           Ven = -1.0348950155E+01
           Vrep =  5.8569954372E+00
           DelSqV =  1.0579468535E+03
           DelSqVen =  5.5648333881E+02
           DelSqVrep =  5.0146351470E+02
           DelSqG =  8.1744880286E+01
           DelSqK = -1.1396917338E+03
           Stress_EigVals = -1.6343742671E+00 -1.6296956692E+00 -1.2278847816E+00
           Stress_EigVec1 =  3.7542980009E-01 -5.3247758857E-01  7.5863039939E-01
           Stress_EigVec2 =  3.8192501150E-01  8.3465878968E-01  3.9683496620E-01
           Stress_EigVec3 =  8.4450325683E-01 -1.4075625198E-01 -5.1672229169E-01
           -DivStress =  1.7935811506E+01 -2.8688011504E+00 -1.0918211859E+01
           ESP =  -1.3386267432E-01     ESP at Nucleus =  -1.3619306698E-01
           ESPe = -1.3899066224E+01     ESPe at Nucleus = -1.3700056790E+01
           ESPn =  1.3765203550E+01     ESPn at Nucleus =  1.3563863723E+01

CP# 6      Coords = -1.91423703248121E+00  2.94794963391633E+00  3.12054067264981E-04
           Type = (3,-3) NACP O6
           Rho =  2.9734809982E+02     Rho at Nucleus =  2.9734809500E+02
           GradRho =  9.5667473943E-11  1.9834311971E-10 -1.3350431871E-14
           HessRho_EigVals = -1.1098318052E+06 -1.1098259635E+06 -1.1098147892E+06
           HessRho_EigVec1 =  5.9541498895E-01  3.8687181729E-01 -7.0413861414E-01
           HessRho_EigVec2 = -5.4479240557E-01  8.3857094589E-01  5.9507630779E-05
           HessRho_EigVec3 =  5.9049320552E-01  3.8357393772E-01  7.1006253847E-01
           DelSqRho = -3.3294725578E+06
           Bond Ellipticity = NA
           V = -8.3250286484E+05
           G =  6.7362694505E+01
           K =  8.3243550215E+05
           L =  8.3236813946E+05
           Vnuc =  2.7163108052E+06
           Ven = -8.0768985644E+08
           Vrep =  8.0685735357E+08
           DelSqV =  9.3087952224E+10
           DelSqVen =  9.0438823281E+12
           DelSqVrep = -8.9507943758E+12
           DelSqG =  3.1072635097E+09
           DelSqK = -9.6195215734E+10
           Stress_EigVals = -2.7750301742E+05 -2.7750055855E+05 -2.7749928887E+05
           Stress_EigVec1 =  5.9636004497E-01  3.8742752974E-01  7.0303243593E-01
           Stress_EigVec2 =  5.4482463327E-01 -8.3855000841E-01 -4.8766553870E-05
           Stress_EigVec3 =  5.8950896155E-01  3.8305847150E-01 -7.1115778253E-01
           -DivStress =  4.8817336983E+04 -7.5246750032E+04 -5.4677418461E+01
           ESP =  -2.1434274606E+01     ESP at Nucleus =  -2.1434274649E+01
           ESPe = -3.4280299523E+01     ESPe at Nucleus = -3.4280306165E+01
           ESPn =  1.2846024917E+01     ESPn at Nucleus =  1.2846031515E+01

CP# 7      Coords = -3.47435880814389E+00  3.31227225673302E+00  9.73573547803371E-01
           Type = (3,-3) NACP H7
           Rho =  3.3144038704E-01     Rho at Nucleus =  3.2224194608E-01
           GradRho =  7.7506542850E-12 -2.0467291056E-12 -4.8269192462E-12
           HessRho_EigVals = -6.4691507917E+00 -6.4678078754E+00 -4.8853908893E+00
           HessRho_EigVec1 =  5.1108870987E-01 -8.4405550410E-02  8.5537362229E-01
           HessRho_EigVec2 =  2.2832138257E-01  9.7274576743E-01 -4.0435358355E-02
           HessRho_EigVec3 =  8.2864810198E-01 -2.1596614319E-01 -5.1643097127E-01
           DelSqRho = -1.7822349556E+01
           Bond Ellipticity = NA
           V = -4.4918777294E+00
           G =  1.8145170136E-02
           K =  4.4737325592E+00
           L =  4.4555873891E+00
           Vnuc =  3.1223263620E+01
           Ven = -1.0348650579E+01
           Vrep =  5.8567728493E+00
           DelSqV =  1.0579343202E+03
           DelSqVen =  5.5647191853E+02
           DelSqVrep =  5.0146240168E+02
           DelSqG =  8.1744099312E+01
           DelSqK = -1.1396784195E+03
           Stress_EigVals = -1.6343415489E+00 -1.6296645418E+00 -1.2278716386E+00
           Stress_EigVec1 =  5.5996295847E-01  3.3331916922E-01  7.5851157972E-01
           Stress_EigVec2 = -9.2489193603E-03  9.1796221372E-01 -3.9655999756E-01
           Stress_EigVec3 =  8.2846601779E-01 -2.1504349701E-01 -5.1710767908E-01
           -DivStress = -1.7545584601E+01  4.6771536770E+00  1.0925998009E+01
           ESP =  -1.3389196827E-01     ESP at Nucleus =  -1.3622128319E-01
           ESPe = -1.3898668387E+01     ESPe at Nucleus = -1.3699669624E+01
           ESPn =  1.3764776419E+01     ESPn at Nucleus =  1.3563448340E+01

CP# 8      Coords =  1.91410340157845E+00 -2.94795757736575E+00  3.12108017039215E-04
           Type = (3,-3) NACP O8
           Rho =  2.9734803667E+02     Rho at Nucleus =  2.9734803186E+02
           GradRho = -5.7312821156E-11 -8.3495987901E-11 -7.2164496601E-16
           HessRho_EigVals = -1.1098315111E+06 -1.1098256670E+06 -1.1098144912E+06
           HessRho_EigVec1 =  5.9526813516E-01  3.8634112043E-01  7.0455403337E-01
           HessRho_EigVec2 = -5.4464845840E-01  8.3866439957E-01  2.8575289127E-04
           HessRho_EigVec3 = -5.9077398727E-01 -3.8390436772E-01  7.0965028881E-01
           DelSqRho = -3.3294716693E+06
           Bond Ellipticity = NA
           V = -8.3250264360E+05
           G =  6.7363132538E+01
           K =  8.3243528046E+05
           L =  8.3236791733E+05
           Vnuc =  2.7166450637E+06
           Ven = -8.0778907604E+08
           Vrep =  8.0695657340E+08
           DelSqV =  9.3087927279E+10
           DelSqVen =  9.0449928028E+12
           DelSqVrep = -8.9519048755E+12
           DelSqG =  3.1072625113E+09
           DelSqK = -9.6195189790E+10
           Stress_EigVals = -2.7750294412E+05 -2.7750048488E+05 -2.7749921460E+05
           Stress_EigVec1 = -5.9662522984E-01 -3.8777018243E-01  7.0261840335E-01
           Stress_EigVec2 = -5.4477820668E-01  8.3858014595E-01  2.1057433122E-04
           Stress_EigVec3 =  5.8928349768E-01  3.8264555980E-01  7.1156681691E-01
           -DivStress = -4.8790405593E+04  7.5250997696E+04  2.8894255959E+01
           ESP =  -2.1434243138E+01     ESP at Nucleus =  -2.1434243181E+01
           ESPe = -3.4280822773E+01     ESPe at Nucleus = -3.4280829415E+01
           ESPn =  1.2846579635E+01     ESPn at Nucleus =  1.2846586234E+01

CP# 9      Coords =  3.47386164291968E+00 -3.31327804923917E+00  9.73733787470550E-01
           Type = (3,-3) NACP H9
           Rho =  3.3142717077E-01     Rho at Nucleus =  3.2222786484E-01
           GradRho = -7.7126777187E-12  2.0407312992E-12 -4.8057504157E-12
           HessRho_EigVals = -6.4688019220E+00 -6.4674596734E+00 -4.8849134424E+00
           HessRho_EigVec1 = -5.1071756863E-01  8.6444350100E-02  8.5539168772E-01
           HessRho_EigVec2 =  2.2983715389E-01  9.7244929573E-01  3.8951892475E-02
           HessRho_EigVec3 =  8.2845787327E-01 -2.1649420679E-01  5.1651506333E-01
           DelSqRho = -1.7821175038E+01
           Bond Ellipticity = NA
           V = -4.4915838939E+00
           G =  1.8145067227E-02
           K =  4.4734388267E+00
           L =  4.4552937594E+00
           Vnuc =  3.1221378411E+01
           Ven = -1.0347613114E+01
           Vrep =  5.8560292202E+00
           DelSqV =  1.0578427937E+03
           DelSqVen =  5.5640164958E+02
           DelSqVrep =  5.0144114409E+02
           DelSqG =  8.1736979330E+01
           DelSqK = -1.1395797730E+03
           Stress_EigVals = -1.6342539494E+00 -1.6295782155E+00 -1.2277517290E+00
           Stress_EigVec1 = -5.6024803075E-01 -3.3361663685E-01  7.5817022077E-01
           Stress_EigVec2 = -9.1034926219E-03  9.1772998052E-01  3.9710050274E-01
           Stress_EigVec3 =  8.2827487615E-01 -2.1557277766E-01  5.1719349094E-01
           -DivStress =  1.7541777337E+01 -4.6883711543E+00  1.0927946183E+01
           ESP =  -1.3385247850E-01     ESP at Nucleus =  -1.3618323795E-01
           ESPe = -1.3898188120E+01     ESPe at Nucleus = -1.3699158403E+01
           ESPn =  1.3764335641E+01     ESPn at Nucleus =  1.3562975165E+01

CP# 10     Coords =  3.31240811623401E+00  3.47446175672373E+00  9.73241099221155E-01
           Type = (3,-3) NACP H10
           Rho =  3.3142357408E-01     Rho at Nucleus =  3.2222531952E-01
           GradRho = -2.0524294070E-12 -7.7669693593E-12 -4.8374151906E-12
           HessRho_EigVals = -6.4688013938E+00 -6.4674583811E+00 -4.8850788768E+00
           HessRho_EigVec1 = -8.4317517825E-02 -5.1102080358E-01  8.5542287466E-01
           HessRho_EigVec2 =  9.7272837166E-01 -2.2837534176E-01 -4.0548961075E-02
           HessRho_EigVec3 =  2.1607885402E-01  8.2867511220E-01  5.1634047610E-01
           DelSqRho = -1.7821338652E+01
           Bond Ellipticity = NA
           V = -4.4916218225E+00
           G =  1.8143579774E-02
           K =  4.4734782427E+00
           L =  4.4553346629E+00
           Vnuc =  3.1222859198E+01
           Ven = -1.0347991589E+01
           Vrep =  5.8563697661E+00
           DelSqV =  1.0578694284E+03
           DelSqVen =  5.5643314745E+02
           DelSqVrep =  5.0143628090E+02
           DelSqG =  8.1739033012E+01
           DelSqK = -1.1396084614E+03
           Stress_EigVals = -1.6342526017E+00 -1.6295761333E+00 -1.2277930874E+00
           Stress_EigVec1 =  3.3323248590E-01 -5.5992549571E-01  7.5857731946E-01
           Stress_EigVec2 =  9.1796725929E-01  9.0742255306E-03 -3.9655235379E-01
           Stress_EigVec3 =  2.1515627159E-01  8.2849326955E-01  5.1701709943E-01
           -DivStress =  4.6793628655E+00  1.7545487262E+01  1.0923646218E+01
           ESP =  -1.3385539423E-01     ESP at Nucleus =  -1.3618468791E-01
           ESPe = -1.3898556098E+01     ESPe at Nucleus = -1.3699550181E+01
           ESPn =  1.3764700704E+01     ESPn at Nucleus =  1.3563365493E+01

CP# 11     Coords = -1.61238549473071E+00  4.52171165445818E+00 -9.72266475997944E-01
           Type = (3,-3) NACP H11
           Rho =  3.3146278792E-01     Rho at Nucleus =  3.2226339019E-01
           GradRho = -2.8706290817E-12 -1.7694163842E-11  1.0787554877E-11
           HessRho_EigVals = -6.4695366657E+00 -6.4681945449E+00 -4.8856152592E+00
           HessRho_EigVec1 =  1.3215170245E-01  5.0062116715E-01  8.5551994397E-01
           HessRho_EigVec2 =  9.8132122289E-01 -1.8780539297E-01 -4.1686830894E-02
           HessRho_EigVec3 =  1.3980194934E-01  8.4504886330E-01 -5.1608897837E-01
           DelSqRho = -1.7823346470E+01
           Bond Ellipticity = NA
           V = -4.4921338661E+00
           G =  1.8148624332E-02
           K =  4.4739852418E+00
           L =  4.4558366175E+00
           Vnuc =  3.1222960029E+01
           Ven = -1.0349249378E+01
           Vrep =  5.8571155122E+00
           DelSqV =  1.0579864423E+03
           DelSqVen =  5.5649763442E+02
           DelSqVrep =  5.0148880789E+02
           DelSqG =  8.1747907639E+01
           DelSqK = -1.1397343499E+03
           Stress_EigVals = -1.6344413481E+00 -1.6297631688E+00 -1.2279293492E+00
           Stress_EigVec1 =  5.3246672787E-01  3.7555480403E-01  7.5857614838E-01
           Stress_EigVec2 =  8.3469703430E-01 -3.8179490731E-01 -3.9687971691E-01
           Stress_EigVec3 =  1.4057042595E-01  8.4450650556E-01 -5.1676756615E-01
           -DivStress =  2.8650266752E+00  1.7936684600E+01 -1.0919689314E+01
           ESP =  -1.3389728107E-01     ESP at Nucleus =  -1.3622812352E-01
           ESPe = -1.3898806105E+01     ESPe at Nucleus = -1.3699794849E+01
           ESPn =  1.3764908824E+01     ESPn at Nucleus =  1.3563566725E+01

CP# 12     Coords =  1.61204086295691E+00 -4.52104387125225E+00 -9.73483444457742E-01
           Type = (3,-3) NACP H12
           Rho =  3.3142426463E-01     Rho at Nucleus =  3.2222698039E-01
           GradRho =  2.8186116635E-12  1.7348164572E-11  1.0594756843E-11
           HessRho_EigVals = -6.4688797246E+00 -6.4675424557E+00 -4.8853190860E+00
           HessRho_EigVec1 = -1.3685876076E-01 -5.0032745939E-01  8.5495152669E-01
           HessRho_EigVec2 =  9.8066110727E-01 -1.9032705431E-01  4.5600494434E-02
           HessRho_EigVec3 =  1.3990522613E-01  8.4465853798E-01  5.1669960511E-01
           DelSqRho = -1.7821741266E+01
           Bond Ellipticity = NA
           V = -4.4917218305E+00
           G =  1.8143256946E-02
           K =  4.4735785735E+00
           L =  4.4554353166E+00
           Vnuc =  3.1224853143E+01
           Ven = -1.0348673991E+01
           Vrep =  5.8569521609E+00
           DelSqV =  1.0579111366E+03
           DelSqVen =  5.5648125381E+02
           DelSqVrep =  5.0142988277E+02
           DelSqG =  8.1742234233E+01
           DelSqK = -1.1396533708E+03
           Stress_EigVals = -1.6342736430E+00 -1.6295947017E+00 -1.2278534857E+00
           Stress_EigVec1 = -5.3296954709E-01 -3.7582815478E-01  7.5808750151E-01
           Stress_EigVec2 =  8.3435829120E-01 -3.8239155441E-01  3.9701755757E-01
           Stress_EigVec3 =  1.4067588201E-01  8.4411486019E-01  5.1737839057E-01
           -DivStress = -2.8667627427E+00 -1.7925616928E+01 -1.0930788613E+01
           ESP =  -1.3384289279E-01     ESP at Nucleus =  -1.3617138412E-01
           ESPe = -1.3899373555E+01     ESPe at Nucleus = -1.3700385660E+01
           ESPn =  1.3765530662E+01     ESPn at Nucleus =  1.3564214275E+01

CP# 13     Coords = -4.52097348775634E+00 -1.61197136993927E+00 -9.73786326363870E-01
           Type = (3,-3) NACP H13
           Rho =  3.3145379705E-01     Rho at Nucleus =  3.2225569261E-01
           GradRho =  1.7310791757E-11 -2.8137284169E-12  1.0574117970E-11
           HessRho_EigVals = -6.4694346498E+00 -6.4680957708E+00 -4.8857290256E+00
           HessRho_EigVec1 = -5.0066760333E-01  1.3555458669E-01  8.5496017744E-01
           HessRho_EigVec2 =  1.8968363533E-01  9.8083932844E-01 -4.4433436417E-02
           HessRho_EigVec3 =  8.4460172239E-01 -1.3992557240E-01  5.1678696261E-01
           DelSqRho = -1.7823259446E+01
           Bond Ellipticity = NA
           V = -4.4921089354E+00
           G =  1.8147036927E-02
           K =  4.4739618985E+00
           L =  4.4558148616E+00
           Vnuc =  3.1224848409E+01
           Ven = -1.0349594567E+01
           Vrep =  5.8574856320E+00
           DelSqV =  1.0580001296E+03
           DelSqVen =  5.5652857437E+02
           DelSqVrep =  5.0147155524E+02
           DelSqG =  8.1748964604E+01
           DelSqK = -1.1397490942E+03
           Stress_EigVals = -1.6344154490E+00 -1.6297361398E+00 -1.2279573467E+00
           Stress_EigVec1 = -3.7592929061E-01  5.3290072141E-01  7.5808574025E-01
           Stress_EigVec2 =  3.8241683765E-01  8.3439894361E-01 -3.9690775399E-01
           Stress_EigVec3 =  8.4405836927E-01 -1.4069550106E-01  5.1746521163E-01
           -DivStress = -1.7925966532E+01  2.8674246648E+00 -1.0933605448E+01
           ESP =  -1.3388440554E-01     ESP at Nucleus =  -1.3621377558E-01
           ESPe = -1.3899448900E+01     ESPe at Nucleus = -1.3700459392E+01
           ESPn =  1.3765564494E+01     ESPn at Nucleus =  1.3564245617E+01

CP# 14     Coords = -1.49220922960301E+00 -9.68968475957539E-01 -1.17941412636234E-04
           Type = (3,-1) BCP V1 O2
           Rho =  1.3175135702E-01
           GradRho =  9.6450625264E-15  6.3230670699E-15 -1.0164395367E-18
           HessRho_EigVals = -2.7632168944E-01 -2.1612353455E-01  1.0606234007E+00
           HessRho_EigVec1 =  3.6782680678E-01 -5.6631478475E-01  7.3755745863E-01
           HessRho_EigVec2 = -4.0152164471E-01  6.1868522409E-01  6.7528435664E-01
           HessRho_EigVec3 =  8.3873941665E-01  5.4453297243E-01 -1.8136658566E-04
           DelSqRho =  5.6817817675E-01
           Bond Ellipticity =  2.7853586154E-01
           V = -2.2412781075E-01
           G =  1.8308617747E-01
           K =  4.1041633283E-02
           L = -1.4204454419E-01
           Vnuc =  2.4781864830E+01
           Ven = -3.2650443207E+00
           Vrep =  3.0409165100E+00
           DelSqV = -1.8640090884E+00
           DelSqVen = -1.4080514776E+01
           DelSqVrep =  1.2216505687E+01
           DelSqG =  1.5634103507E+00
           DelSqK =  3.0059873773E-01
           Stress_EigVals = -1.1717499432E-01 -1.0387669168E-01 -3.0761247540E-03
           Stress_EigVec1 = -3.2562082471E-01  5.0177728342E-01  8.0136797812E-01
           Stress_EigVec2 = -4.3643674142E-01  6.7209644267E-01 -5.9817166640E-01
           Stress_EigVec3 =  8.3874552115E-01  5.4452358039E-01 -1.4544454556E-04
           -DivStress =  1.0281972730E-01  6.6757063883E-02 -2.3668255995E-05
           ESP =   1.4720983284E+00
           ESPe = -2.3309766502E+01
           ESPn =  2.4781864830E+01
           BPL =  3.5156930018E+00 =  1.7800000000E+00 +  1.7356930018E+00                
           GBL_I =  3.5156929955E+00                                                      
           GBL_II =  3.5149888519E+00                                                     
           GBL_III =  3.5156929959E+00 =  1.7799999973E+00 +  1.7356929986E+00            
           GBL_IV =  3.5149888524E+00 =  1.7792987988E+00 +  1.7356900535E+00             
             73 sample points along path from BCP to atom V1
            -1.4922092296E+00  -9.6896847596E-01  -1.1794141264E-04   1.3175135702E-01    
            -1.4712407434E+00  -9.5535515294E-01  -1.2248815666E-04   1.3208777708E-01    
            -1.4502722554E+00  -9.4174183261E-01  -1.2705947533E-04   1.3311872699E-01    
            -1.4293037655E+00  -9.2812851515E-01  -1.3165493832E-04   1.3488088301E-01    
            -1.4083352737E+00  -9.1451520066E-01  -1.3627321670E-04   1.3741667185E-01    
            -1.3873667800E+00  -9.0090188919E-01  -1.4091291690E-04   1.4077458698E-01    
            -1.3663982843E+00  -8.8728858078E-01  -1.4557257343E-04   1.4500954108E-01    
            -1.3454297866E+00  -8.7367527545E-01  -1.5025065720E-04   1.5018325238E-01    
            -1.3244612869E+00  -8.6006197318E-01  -1.5494558751E-04   1.5636466060E-01    
            -1.3034927852E+00  -8.4644867398E-01  -1.5965574608E-04   1.6363036647E-01    
            -1.2825242816E+00  -8.3283537781E-01  -1.6437949264E-04   1.7206508559E-01    
            -1.2615557760E+00  -8.1922208463E-01  -1.6911518197E-04   1.8176210459E-01    
            -1.2405872685E+00  -8.0560879442E-01  -1.7386118215E-04   1.9282372302E-01    
            -1.2196187591E+00  -7.9199550712E-01  -1.7861589401E-04   2.0536165967E-01    
            -1.1986502478E+00  -7.7838222270E-01  -1.8337777138E-04   2.1949739633E-01    
            -1.1776817347E+00  -7.6476894112E-01  -1.8814534214E-04   2.3536242499E-01    
            -1.1567132198E+00  -7.5115566237E-01  -1.9291722966E-04   2.5309835685E-01    
            -1.1357447030E+00  -7.3754238642E-01  -1.9769217449E-04   2.7285684306E-01    
            -1.1147761844E+00  -7.2392911329E-01  -2.0246905599E-04   2.9479924715E-01    
            -1.0938076640E+00  -7.1031584299E-01  -2.0724691377E-04   3.1909599931E-01    
            -1.0728391417E+00  -6.9670257556E-01  -2.1202496891E-04   3.4592555162E-01    
            -1.0518706175E+00  -6.8308931108E-01  -2.1680264483E-04   3.7547284245E-01    
            -1.0309020913E+00  -6.6947604965E-01  -2.2157958835E-04   4.0792716760E-01    
            -1.0099335631E+00  -6.5586279139E-01  -2.2635569098E-04   4.4347934548E-01    
            -9.8896503265E-01  -6.4224953647E-01  -2.3113111172E-04   4.8231805575E-01    
            -9.6799649994E-01  -6.2863628509E-01  -2.3590630201E-04   5.2462522485E-01    
            -9.4702796475E-01  -6.1502303752E-01  -2.4068203488E-04   5.7057033075E-01    
            -9.2605942690E-01  -6.0140979407E-01  -2.4545944011E-04   6.2030350508E-01    
            -9.0509088613E-01  -5.8779655510E-01  -2.5024004853E-04   6.7394732638E-01    
            -8.8412234216E-01  -5.7418332107E-01  -2.5502584904E-04   7.3158723049E-01    
            -8.6315379463E-01  -5.6057009252E-01  -2.5981936308E-04   7.9326051958E-01    
            -8.4218524311E-01  -5.4695687012E-01  -2.6462374267E-04   8.5894404274E-01    
            -8.2121668709E-01  -5.3334365466E-01  -2.6944289932E-04   9.2854076522E-01    
            -8.0024812594E-01  -5.1973044711E-01  -2.7428167293E-04   1.0018656637E+00    
            -7.7927955887E-01  -5.0611724867E-01  -2.7914605089E-04   1.0786317140E+00    
            -7.5831098494E-01  -4.9250406084E-01  -2.8404344826E-04   1.1584372164E+00    
            -7.3734240292E-01  -4.7889088546E-01  -2.8898305680E-04   1.2407563896E+00    
            -7.1637381133E-01  -4.6527772485E-01  -2.9397626025E-04   1.3249361180E+00    
            -6.9540520826E-01  -4.5166458194E-01  -2.9903708392E-04   1.4102030532E+00    
            -6.7443659137E-01  -4.3805146037E-01  -3.0418257376E-04   1.4956870506E+00    
            -6.5346795775E-01  -4.2443836459E-01  -3.0943283039E-04   1.5804693237E+00    
            -6.3249930399E-01  -4.1082529989E-01  -3.1481004732E-04   1.6636669377E+00    
