 AIMInt (Version 19.02.13, Professional)
 Portions Copyright (c) 1997-2019 by Todd A. Keith
 AIMInt is a component of the AIMAll package ( http://aim.tkgristmill.com )

 TP:  64-bit Linux

 Licensed To:  Research Group of Fernando Cortes Guzman, UNAM, fercor@unam.mx

 AIMInt is a heavily modified and extended version of the PROAIMV program
 developed by members of R.F.W. Bader's research group

 Much of the Quantum Theory of Atoms in Molecules (QTAIM) is described in the book:
   "Atoms in Molecules - A Quantum Theory"
   R.F.W. Bader, Oxford University Press, Oxford, 1990

 For additional references see:  http://aim.tkgristmill.com/references.html

 Current Directory:  /home/scratch/M_H2O_4_cuadrado_plano/Opt

 Inp File:  Mn3_cuadrado_plano_cc-pvtz-def2-tzv_1_atomicfiles/mn1.inp
 Wfx File:  Mn3_cuadrado_plano_cc-pvtz-def2-tzv_1.wfx
 Out File:  Mn3_cuadrado_plano_cc-pvtz-def2-tzv_1_atomicfiles/mn1.int

 Wfx Title:   Mn3_cuadrado_plano_cc-pvtz-def2-tzv_1                                         
 Job Title:   Mn3_cuadrado_plano_cc-pvtz-def2-tzv_1                                         
 
<Atom>
Mn1     
</Atom>
<Nuclei of Molecule>
    13
Mn1       25.0          -8.4467860928E-06   2.5244705709E-05  -5.7599143257E-05
O2         8.0           1.7254580615E-03  -3.4581977669E+00   3.4599559778E-03
H3         1.0          -1.4809276934E+00  -4.5965688673E+00   2.1026701082E-01
O4         8.0          -3.4582004102E+00  -1.7377241286E-03   3.6981649693E-05
H5         1.0          -4.6072923526E+00   1.2537539240E+00   8.0589680153E-01
O6         8.0          -1.7222638428E-03   3.4581960621E+00  -3.4882646567E-03
H7         1.0           1.4810410964E+00   4.5963921928E+00  -2.1027721593E-01
O8         8.0           3.4581969148E+00   1.7100355704E-03   7.4530507954E-05
H9         1.0           4.6073034836E+00  -1.2538393626E+00  -8.0569567856E-01
H10        1.0           4.6058785111E+00   1.2583407132E+00   8.0621718570E-01
H11        1.0           1.4858144952E+00  -4.5948074866E+00   2.0943596596E-01
H12        1.0          -4.6058448356E+00  -1.2585713772E+00  -8.0577945012E-01
H13        1.0          -1.4857591256E+00   4.5949042932E+00  -2.0929026866E-01
</Nuclei of Molecule>
<Total Number of CPs of DelSqRho>
   102
</Total Number of CPs of DelSqRho>
<Number of (3,+3) CPs of DelSqRho>
    12
</Number of (3,+3) CPs of DelSqRho>
<Number of (3,+1) CPs of DelSqRho>
    34
</Number of (3,+1) CPs of DelSqRho>
<Number of (3,-1) CPs of DelSqRho>
    40
</Number of (3,-1) CPs of DelSqRho>
<Number of (3,-3) CPs of DelSqRho>
    16
</Number of (3,-3) CPs of DelSqRho>
<Number of Degenerate CPs of DelSqRho>
     0
</Number of Degenerate CPs of DelSqRho>
<CP of DelSqRho>
CP# = 1       
Type = (3,+3)
Coords = -8.44678608585731E-06  2.52447056911857E-05 -5.75991432789595E-05
DistFromNuc =  2.8775518534E-14
Rho =  1.0483670507E+04
DelSqRho = -5.9882368091E+09
GradDelSqRho =  2.7519210903E-05 -1.4055538941E-05 -8.7991216674E-05
HessDelSqRho_EigVals =  5.6216149572E+16  5.6216149579E+16  5.6216149763E+16
HessDelSqRho_EigVec1 =  1.0336406812E-03  9.6890085878E-01  2.4744708007E-01
HessDelSqRho_EigVec2 =  9.9999943650E-01 -9.4160557053E-04 -4.9027716484E-04
HessDelSqRho_EigVec3 =  2.4203241706E-04 -2.4744744740E-01  9.6890128609E-01
</CP of DelSqRho>
<CP of DelSqRho>
CP# = 2       
Type = (3,-3)
Coords =  6.19279751763990E-05 -2.01435677262248E-01 -2.12610390912576E-01
DistFromNuc =  2.9285695710E-01
Rho =  2.1261370797E+01
DelSqRho =  1.7706250884E+03
GradDelSqRho = -2.2204460493E-15 -1.0004441720E-11 -9.0949470177E-12
HessDelSqRho_EigVals = -4.8787652610E+05 -2.1671949305E+04 -1.9487040253E+04
HessDelSqRho_EigVec1 = -2.4116984003E-04  6.8985985042E-01  7.2394290425E-01
HessDelSqRho_EigVec2 =  9.9999956356E-01  8.1981486313E-04 -4.4808454118E-04
HessDelSqRho_EigVec3 = -9.0261468751E-04  7.2394248023E-01 -6.8985974706E-01
</CP of DelSqRho>
<CP of DelSqRho>
CP# = 3       
Type = (3,+1)
Coords = -2.08730925810981E-01  2.01976590551597E-01  5.39728238190273E-02
DistFromNuc =  2.9541277214E-01
Rho =  2.2121610251E+01
DelSqRho =  1.3865261357E+03
GradDelSqRho =  5.4569682106E-12 -1.0459189070E-11 -1.8189894035E-12
HessDelSqRho_EigVals = -4.4848319545E+05  2.2788004191E+04  2.6945347378E+04
HessDelSqRho_EigVec1 =  7.0645927377E-01 -6.8370890071E-01 -1.8291373265E-01
HessDelSqRho_EigVec2 =  4.8697442997E-01  6.5711065310E-01 -5.7537943493E-01
HessDelSqRho_EigVec3 =  5.1358660327E-01  3.1740782705E-01  7.9717066697E-01
</CP of DelSqRho>
<CP of DelSqRho>
CP# = 4       
Type = (3,+1)
Coords =  2.08714096429750E-01 -2.01926148618772E-01 -5.40879092504254E-02
DistFromNuc =  2.9541282931E-01
Rho =  2.2121595408E+01
DelSqRho =  1.3865249851E+03
GradDelSqRho =  1.3642420527E-11 -1.1368683772E-11  3.4106051316E-13
HessDelSqRho_EigVals = -4.4848259727E+05  2.2788071493E+04  2.6945338641E+04
HessDelSqRho_EigVec1 =  7.0645919480E-01 -6.8370895193E-01 -1.8291384620E-01
HessDelSqRho_EigVec2 =  4.8697336043E-01  6.5710998451E-01 -5.7538110370E-01
HessDelSqRho_EigVec3 =  5.1358772601E-01  3.1740910087E-01  7.9716943643E-01
</CP of DelSqRho>
<CP of DelSqRho>
CP# = 5       
Type = (3,+1)
Coords =  9.03013243222218E-02 -4.78349479594685E-02 -1.29003576351566E-01
DistFromNuc =  1.6454032283E-01
Rho =  9.2399125776E+01
DelSqRho = -5.6354471526E+03
GradDelSqRho = -2.9103830457E-11 -5.4569682106E-11 -5.8207660913E-11
HessDelSqRho_EigVals = -8.7363323880E+04  5.4969503585E+04  1.0125549779E+07
HessDelSqRho_EigVec1 = -5.0586029088E-01  6.3008376304E-01 -5.8915177812E-01
HessDelSqRho_EigVec2 =  6.6490287262E-01  7.1992233314E-01  1.9903769550E-01
HessDelSqRho_EigVec3 = -5.4955394285E-01  2.9104344313E-01  7.8312462489E-01
</CP of DelSqRho>
<CP of DelSqRho>
CP# = 6       
Type = (3,+1)
Coords = -9.03192239732341E-02  4.78838189446313E-02  1.28888249368188E-01
DistFromNuc =  1.6454030343E-01
Rho =  9.2399173196E+01
DelSqRho = -5.6354579411E+03
GradDelSqRho = -5.8207660913E-11  4.0017766878E-11 -1.4551915228E-11
HessDelSqRho_EigVals = -8.7360144811E+04  5.4968007171E+04  1.0125560937E+07
HessDelSqRho_EigVec1 = -5.0586035478E-01  6.3008599268E-01 -5.8914933870E-01
HessDelSqRho_EigVec2 =  6.6489763151E-01  7.1992436692E-01  1.9904784733E-01
HessDelSqRho_EigVec3 = -5.4956022516E-01  2.9103358524E-01  7.8312387984E-01
</CP of DelSqRho>
<CP of DelSqRho>
CP# = 7       
Type = (3,+1)
Coords = -1.64440710393493E-01 -5.63186190226232E-05 -4.39515070431506E-05
DistFromNuc =  1.6443228440E-01
Rho =  9.2442090350E+01
DelSqRho = -5.6131520839E+03
GradDelSqRho = -8.7311491370E-11  8.4376949872E-15  0.0000000000E+00
HessDelSqRho_EigVals = -8.7975411319E+04  4.2254770490E+04  1.0162353881E+07
HessDelSqRho_EigVec1 = -4.5198795292E-04  9.5865557338E-01  2.8456859865E-01
HessDelSqRho_EigVec2 =  2.2065324895E-04 -2.8456852518E-01  9.5865567634E-01
HessDelSqRho_EigVec3 =  9.9999987351E-01  4.9609180255E-04 -8.2908921727E-05
</CP of DelSqRho>
<CP of DelSqRho>
CP# = 8       
Type = (3,+1)
Coords = -8.94995330194466E-05  1.63461732293527E-01  1.80446831161090E-02
DistFromNuc =  1.6443595917E-01
Rho =  9.2452166759E+01
DelSqRho = -5.6209358012E+03
GradDelSqRho = -7.1054273576E-15  5.8207660913E-11 -5.0931703299E-11
HessDelSqRho_EigVals = -8.2725671449E+04  4.3815470918E+04  1.0160178407E+07
HessDelSqRho_EigVec1 =  9.9999985922E-01  5.1150782644E-04 -1.4110863659E-04
HessDelSqRho_EigVec2 =  1.9633006521E-04 -1.0962059940E-01  9.9397348337E-01
HessDelSqRho_EigVec3 = -4.9295680269E-04  9.9397337115E-01  1.0962068439E-01
</CP of DelSqRho>
<CP of DelSqRho>
CP# = 9       
Type = (3,+1)
Coords =  7.21810720163386E-05 -1.63411306954310E-01 -1.81594662170442E-02
DistFromNuc =  1.6443597694E-01
Rho =  9.2452127230E+01
DelSqRho = -5.6209248102E+03
GradDelSqRho =  1.4210854715E-13  0.0000000000E+00 -2.1827872843E-11
HessDelSqRho_EigVals = -8.2728404636E+04  4.3815004202E+04  1.0160168188E+07
HessDelSqRho_EigVec1 =  9.9999986053E-01  5.0894379120E-04 -1.4115122608E-04
HessDelSqRho_EigVec2 =  1.9609005110E-04 -1.0961801400E-01  9.9397376855E-01
HessDelSqRho_EigVec3 = -4.9040406104E-04  9.9397365759E-01  1.0961809851E-01
</CP of DelSqRho>
<CP of DelSqRho>
CP# = 10      
Type = (3,-3)
Coords = -7.88938231202529E-05  2.01486070130880E-01  2.12495309339200E-01
DistFromNuc =  2.9285697541E-01
Rho =  2.1261367501E+01
DelSqRho =  1.7706257370E+03
GradDelSqRho = -3.9968028887E-15  2.1600499167E-12 -2.8421709430E-12
HessDelSqRho_EigVals = -4.8787671551E+05 -2.1671935465E+04 -1.9487051450E+04
HessDelSqRho_EigVec1 = -2.4150161808E-04  6.8985928716E-01  7.2394344088E-01
HessDelSqRho_EigVec2 =  9.9999956318E-01  8.2028862803E-04 -4.4807673818E-04
HessDelSqRho_EigVec3 = -9.0295247109E-04  7.2394301644E-01 -6.8985918391E-01
</CP of DelSqRho>
<CP of DelSqRho>
CP# = 11      
Type = (3,-1)
Coords = -4.87986370599072E-05  1.13072899421617E-01  1.19454157489996E-01
DistFromNuc =  1.6450785343E-01
Rho =  9.2148225949E+01
DelSqRho = -5.4713942248E+03
GradDelSqRho =  4.2632564146E-14  0.0000000000E+00 -2.9103830457E-11
HessDelSqRho_EigVals = -7.6206783442E+04 -7.0712517816E+04  1.0134169317E+07
HessDelSqRho_EigVec1 =  9.9999959044E-01  8.0114156651E-04 -4.2106455975E-04
HessDelSqRho_EigVec2 = -8.7113337302E-04  7.2583350268E-01 -6.8786987688E-01
HessDelSqRho_EigVec3 = -2.4545838646E-04  6.8786996196E-01  7.2583390330E-01
</CP of DelSqRho>
<CP of DelSqRho>
CP# = 12      
Type = (3,-1)
Coords =  1.33938168934404E-04 -2.90194478990853E-01 -4.35635880073034E-02
DistFromNuc =  2.9346256893E-01
Rho =  2.1553742508E+01
DelSqRho =  1.6512687099E+03
GradDelSqRho =  5.7731597281E-15  1.5916157281E-12 -1.2789769244E-13
HessDelSqRho_EigVals = -4.7762379031E+05 -2.4263095746E+04  1.3364666690E+04
HessDelSqRho_EigVec1 = -4.8462143318E-04  9.8885880353E-01  1.4885574168E-01
HessDelSqRho_EigVec2 =  9.9999985812E-01  5.1213860100E-04 -1.4652709772E-04
HessDelSqRho_EigVec3 =  2.2112938183E-04 -1.4885564955E-01  9.8885891142E-01
</CP of DelSqRho>
<CP of DelSqRho>
CP# = 13      
Type = (3,-1)
Coords = -1.50928014824626E-04  2.90245034544666E-01  4.34482491101357E-02
DistFromNuc =  2.9346261354E-01
Rho =  2.1553731753E+01
DelSqRho =  1.6512689197E+03
GradDelSqRho =  2.2204460493E-14 -5.9117155615E-12 -3.9932501750E-12
HessDelSqRho_EigVals = -4.7762372436E+05 -2.4263026368E+04  1.3364653501E+04
HessDelSqRho_EigVec1 = -4.8512913798E-04  9.8885887569E-01  1.4885526065E-01
HessDelSqRho_EigVec2 =  9.9999985786E-01  5.1264880742E-04 -1.4650643997E-04
HessDelSqRho_EigVec3 =  2.2118466536E-04 -1.4885516841E-01  9.8885898384E-01
</CP of DelSqRho>
<CP of DelSqRho>
CP# = 14      
Type = (3,-1)
Coords =  3.17403978946509E-05 -1.13023113695476E-01 -1.19568713033868E-01
DistFromNuc =  1.6450787001E-01
Rho =  9.2148184029E+01
DelSqRho = -5.4713853768E+03
GradDelSqRho =  2.1316282073E-14  0.0000000000E+00  2.9103830457E-11
HessDelSqRho_EigVals = -7.6207511466E+04 -7.0712624823E+04  1.0134159665E+07
HessDelSqRho_EigVec1 =  9.9999963637E-01  7.6116263878E-04 -3.8455991025E-04
HessDelSqRho_EigVec2 = -8.1700346395E-04  7.2582961669E-01 -6.8787404373E-01
HessDelSqRho_EigVec3 = -2.4445905002E-04  6.8787410779E-01  7.2582997463E-01
</CP of DelSqRho>
<CP of DelSqRho>
CP# = 15      
Type = (3,-3)
Coords =  2.40299491771397E-01 -5.68189965844769E-02  1.57786359562717E-01
DistFromNuc =  2.9307659136E-01
Rho =  2.1242644337E+01
DelSqRho =  1.7487763451E+03
GradDelSqRho = -1.8189894035E-12  4.5474735089E-13 -5.9117155615E-12
HessDelSqRho_EigVals = -4.8566131960E+05 -2.0251043167E+04 -1.4403851174E+04
HessDelSqRho_EigVec1 =  8.2148952925E-01 -1.9346931446E-01  5.3639964364E-01
HessDelSqRho_EigVec2 = -3.5820543477E-01  5.5682440591E-01  7.4942341002E-01
HessDelSqRho_EigVec3 =  4.4367084628E-01  8.0778475186E-01 -3.8812365919E-01
</CP of DelSqRho>
<CP of DelSqRho>
CP# = 16      
Type = (3,-1)
Coords = -1.37110503043927E-01 -2.01926273498901E-01  1.63370247299927E-01
DistFromNuc =  2.9375168175E-01
Rho =  2.1340320360E+01
DelSqRho =  1.6730618815E+03
GradDelSqRho = -2.9558577808E-12 -3.1832314562E-12 -5.4569682106E-12
HessDelSqRho_EigVals = -4.7644698093E+05 -2.6640880653E+04  9.8906557968E+03
HessDelSqRho_EigVec1 =  4.6809468399E-01  6.8857561190E-01 -5.5385105717E-01
HessDelSqRho_EigVec2 =  4.6575186888E-01  3.4039158422E-01  8.1682848017E-01
HessDelSqRho_EigVec3 =  7.5097440932E-01 -6.4031023426E-01 -1.6136988706E-01
</CP of DelSqRho>
<CP of DelSqRho>
CP# = 17      
Type = (3,-1)
Coords =  1.37093225359446E-01  2.01977241575310E-01 -1.63485128301066E-01
DistFromNuc =  2.9375165503E-01
Rho =  2.1340326394E+01
DelSqRho =  1.6730621030E+03
GradDelSqRho =  2.7284841053E-12 -4.0927261580E-12 -2.7284841053E-12
HessDelSqRho_EigVals = -4.7644714093E+05 -2.6640900068E+04  9.8906613982E+03
HessDelSqRho_EigVec1 =  4.6809423323E-01  6.8857693022E-01 -5.5384979913E-01
HessDelSqRho_EigVec2 =  4.6575109711E-01  3.4039086480E-01  8.1682922003E-01
HessDelSqRho_EigVec3 =  7.5097516894E-01 -6.4030919901E-01 -1.6137045983E-01
</CP of DelSqRho>
<CP of DelSqRho>
CP# = 18      
Type = (3,-3)
Coords = -2.40316407991063E-01  5.68696790546749E-02 -1.57901262878036E-01
DistFromNuc =  2.9307648851E-01
Rho =  2.1242669960E+01
DelSqRho =  1.7487773778E+03
GradDelSqRho = -3.6379788071E-12  4.3200998334E-12  1.8189894035E-12
HessDelSqRho_EigVals = -4.8566199889E+05 -2.0251141599E+04 -1.4403922900E+04
HessDelSqRho_EigVec1 =  8.2148999369E-01 -1.9347024784E-01  5.3639859569E-01
HessDelSqRho_EigVec2 = -3.5820463587E-01  5.5682337496E-01  7.4942455787E-01
HessDelSqRho_EigVec3 =  4.4367063133E-01  8.0778523897E-01 -3.8812289110E-01
</CP of DelSqRho>
<CP of DelSqRho>
CP# = 19      
Type = (3,+3)
Coords =  1.16394636471515E-01  1.12846466066573E-01  2.78601244018381E-02
DistFromNuc =  1.6449226447E-01
Rho =  9.2895133990E+01
DelSqRho = -5.9088432543E+03
GradDelSqRho =  2.9103830457E-11 -4.3655745685E-11  1.4551915228E-11
HessDelSqRho_EigVals =  7.8809546903E+04  9.5705274453E+04  1.0135985742E+07
HessDelSqRho_EigVec1 =  4.8168612111E-01 -6.4370102358E-01  5.9466584984E-01
HessDelSqRho_EigVec2 = -5.1683399719E-01  3.3933721681E-01  7.8595984162E-01
HessDelSqRho_EigVec3 =  7.0771540896E-01  6.8592947563E-01  1.6923254529E-01
</CP of DelSqRho>
<CP of DelSqRho>
CP# = 20      
Type = (3,+3)
Coords = -1.16519566256669E-01  1.12727939923591E-01  2.78882537727256E-02
DistFromNuc =  1.6449227692E-01
Rho =  9.2895150424E+01
DelSqRho = -5.9088510411E+03
GradDelSqRho =  4.3655745685E-11 -7.2759576142E-12  4.7293724492E-11
HessDelSqRho_EigVals =  7.8817717660E+04  9.5698917465E+04  1.0135982992E+07
HessDelSqRho_EigVec1 = -4.8087456463E-01 -6.4418233074E-01  5.9480146087E-01
HessDelSqRho_EigVec2 =  5.1668972130E-01  3.3987926938E-01  7.8582047196E-01
HessDelSqRho_EigVec3 =  7.0837234912E-01 -6.8520887837E-01 -1.6940309325E-01
</CP of DelSqRho>
<CP of DelSqRho>
CP# = 21      
Type = (3,+3)
Coords =  1.16503169626846E-01 -1.12677375249128E-01 -2.80016979309037E-02
DistFromNuc =  1.6449227934E-01
Rho =  9.2895144990E+01
DelSqRho = -5.9088538182E+03
GradDelSqRho = -2.9103830457E-11 -2.9103830457E-11  1.6370904632E-11
HessDelSqRho_EigVals =  7.8820990257E+04  9.5698656670E+04  1.0135982026E+07
HessDelSqRho_EigVec1 = -4.8086446937E-01 -6.4417031750E-01  5.9482263251E-01
HessDelSqRho_EigVec2 =  5.1669488697E-01  3.3990304431E-01  7.8580679193E-01
HessDelSqRho_EigVec3 =  7.0837543427E-01 -6.8520837890E-01 -1.6939221235E-01
</CP of DelSqRho>
<CP of DelSqRho>
CP# = 22      
Type = (3,+3)
Coords = -1.16412537416580E-01 -1.12795374278516E-01 -2.79735666953788E-02
DistFromNuc =  1.6449226616E-01
Rho =  9.2895129557E+01
DelSqRho = -5.9088439115E+03
GradDelSqRho = -5.8207660913E-11 -4.3655745685E-11 -2.5465851650E-11
HessDelSqRho_EigVals =  7.8811966443E+04  9.5704007185E+04  1.0135984901E+07
HessDelSqRho_EigVec1 =  4.8167495813E-01 -6.4369249758E-01  5.9468412058E-01
HessDelSqRho_EigVec2 = -5.1683582739E-01  3.3936101069E-01  7.8594836468E-01
HessDelSqRho_EigVec3 =  7.0772167004E-01  6.8592570514E-01  1.6922164396E-01
</CP of DelSqRho>
<CP of DelSqRho>
CP# = 23      
Type = (3,+1)
Coords =  7.55749336168950E-02 -1.14841523617397E-01  9.01653799460293E-02
DistFromNuc =  1.6446096137E-01
Rho =  9.2429175614E+01
DelSqRho = -5.6200037982E+03
GradDelSqRho =  2.9103830457E-11 -2.9103830457E-11  1.4551915228E-11
HessDelSqRho_EigVals = -8.9643193694E+04  3.5809861250E+04  1.0161906239E+07
HessDelSqRho_EigVec1 = -4.7081282053E-01  3.3135908972E-01  8.1764077790E-01
HessDelSqRho_EigVec2 =  7.5298071880E-01  6.3387636052E-01  1.7669407656E-01
HessDelSqRho_EigVec3 = -4.5973397214E-01  6.9885757722E-01 -5.4794412272E-01
</CP of DelSqRho>
<CP of DelSqRho>
CP# = 24      
Type = (3,+1)
Coords = -7.54483091943046E-02 -1.14923283468512E-01  9.01814135530569E-02
DistFromNuc =  1.6446098742E-01
Rho =  9.2429166816E+01
DelSqRho = -5.6200119266E+03
GradDelSqRho = -2.9103830457E-11  0.0000000000E+00  0.0000000000E+00
HessDelSqRho_EigVals = -8.9639321874E+04  3.5817562874E+04  1.0161892998E+07
HessDelSqRho_EigVec1 =  4.7065170178E-01  3.3184810082E-01  8.1753520633E-01
HessDelSqRho_EigVec2 =  7.5361381617E-01 -6.3307147738E-01 -1.7688052637E-01
HessDelSqRho_EigVec3 =  4.5886075413E-01  6.9935494744E-01 -5.4804148183E-01
</CP of DelSqRho>
<CP of DelSqRho>
CP# = 25      
Type = (3,+1)
Coords =  7.54267367807221E-02  1.14978389684876E-01 -9.02946444821450E-02
DistFromNuc =  1.6446098872E-01
Rho =  9.2429154817E+01
DelSqRho = -5.6200085326E+03
GradDelSqRho = -8.7311491370E-11 -1.4551915228E-11  0.0000000000E+00
HessDelSqRho_EigVals = -8.9639538314E+04  3.5817064987E+04  1.0161891528E+07
HessDelSqRho_EigVec1 =  4.7064680373E-01  3.3184612852E-01  8.1753882668E-01
HessDelSqRho_EigVec2 =  7.5363439154E-01 -6.3304130519E-01 -1.7690084743E-01
HessDelSqRho_EigVec3 =  4.5883198453E-01  6.9938319462E-01 -5.4802952207E-01
</CP of DelSqRho>
<CP of DelSqRho>
CP# = 26      
Type = (3,-1)
Coords = -9.69264391568530E-05  1.51707782675919E-01 -6.35284715900344E-02
DistFromNuc =  1.6442673689E-01
Rho =  9.2355190117E+01
DelSqRho = -5.5607112042E+03
GradDelSqRho = -1.7053025658E-13  0.0000000000E+00  2.9103830457E-11
HessDelSqRho_EigVals = -5.1897398821E+04 -4.3618704128E+04  1.0173300479E+07
HessDelSqRho_EigVec1 = -5.1241439694E-04  3.8555410101E-01  9.2268508854E-01
HessDelSqRho_EigVec2 =  9.9999972384E-01  6.9423815996E-04  2.6525614082E-04
HessDelSqRho_EigVec3 = -5.3829260518E-04  9.2268496965E-01 -3.8555435028E-01
</CP of DelSqRho>
<CP of DelSqRho>
CP# = 27      
Type = (3,-1)
Coords =  7.97488821429564E-05 -1.51657417756070E-01  6.34130094210631E-02
DistFromNuc =  1.6442674971E-01
Rho =  9.2355164661E+01
DelSqRho = -5.5607019067E+03
GradDelSqRho =  5.6843418861E-14  5.8207660913E-11  0.0000000000E+00
HessDelSqRho_EigVals = -5.1896918899E+04 -4.3623007753E+04  1.0173292959E+07
HessDelSqRho_EigVec1 = -5.3581781041E-04  3.8555251034E-01  9.2268573993E-01
HessDelSqRho_EigVec2 =  9.9999971250E-01  7.0166995576E-04  2.8751614119E-04
HessDelSqRho_EigVec3 = -5.3656829232E-04  9.2268562871E-01 -3.8555277546E-01
</CP of DelSqRho>
<CP of DelSqRho>
CP# = 28      
Type = (3,+3)
Coords = -4.55926180832751E-05  3.68028275571065E-02 -1.60526083426636E-01
DistFromNuc =  1.6462905706E-01
Rho =  9.2861670782E+01
DelSqRho = -5.9505450010E+03
GradDelSqRho =  7.1054273576E-15 -4.3655745685E-11 -5.8207660913E-11
HessDelSqRho_EigVals =  9.1464081201E+04  9.4339972603E+04  1.0100634017E+07
HessDelSqRho_EigVec1 =  9.9999987549E-01  4.8416118380E-04 -1.2089885167E-04
HessDelSqRho_EigVec2 = -4.4476658969E-04  9.7457883842E-01  2.2404439268E-01
HessDelSqRho_EigVec3 =  2.2629906082E-04 -2.2404431101E-01  9.7457893241E-01
</CP of DelSqRho>
<CP of DelSqRho>
CP# = 29      
Type = (3,-1)
Coords =  1.35833962108948E-01 -2.90121846827585E-02  8.79732723049856E-02
DistFromNuc =  1.6445597188E-01
Rho =  9.2270971543E+01
DelSqRho = -5.5226250052E+03
GradDelSqRho = -1.8189894035E-11  1.4551915228E-11 -4.3655745685E-11
HessDelSqRho_EigVals = -6.6173991496E+04 -5.2455578656E+04  1.0159403424E+07
HessDelSqRho_EigVec1 = -3.4008015053E-01  5.9997149528E-01  7.2414066041E-01
HessDelSqRho_EigVec2 =  4.4877044471E-01  7.8024054790E-01 -4.3569458955E-01
HessDelSqRho_EigVec3 =  8.2640824002E-01 -1.7680184461E-01  5.3459379773E-01
</CP of DelSqRho>
<CP of DelSqRho>
CP# = 30      
Type = (3,-1)
Coords = -1.35802750209536E-01 -2.91484661165494E-02  8.80024920589185E-02
DistFromNuc =  1.6445600600E-01
Rho =  9.2270888617E+01
DelSqRho = -5.5225890693E+03
GradDelSqRho = -6.1845639721E-11  2.1827872843E-11 -2.9103830457E-11
HessDelSqRho_EigVals = -6.6183598037E+04 -5.2467144679E+04  1.0159387666E+07
HessDelSqRho_EigVec1 =  3.3954434660E-01  6.0046700711E-01  7.2398136030E-01
HessDelSqRho_EigVec2 = -4.4971397593E-01  7.7967084067E-01 -4.3574157487E-01
HessDelSqRho_EigVec3 =  8.2611559514E-01  1.7763094771E-01 -5.3477123134E-01
</CP of DelSqRho>
<CP of DelSqRho>
CP# = 31      
Type = (3,-1)
Coords =  1.35786039571996E-01  2.91992924627868E-02 -8.81173445855354E-02
DistFromNuc =  1.6445603168E-01
Rho =  9.2270824688E+01
DelSqRho = -5.5225683580E+03
GradDelSqRho = -1.8189894035E-11 -1.4551915228E-11  5.8207660913E-11
HessDelSqRho_EigVals = -6.6186608822E+04 -5.2471517793E+04  1.0159372205E+07
HessDelSqRho_EigVec1 =  3.3956226352E-01  6.0043090971E-01  7.2400289493E-01
HessDelSqRho_EigVec2 = -4.4969866115E-01  7.7969817698E-01 -4.3570846558E-01
HessDelSqRho_EigVec3 =  8.2611656766E-01  1.7763297971E-01 -5.3476905404E-01
</CP of DelSqRho>
<CP of DelSqRho>
CP# = 32      
Type = (3,-1)
Coords = -1.35851030542558E-01  2.90632355628765E-02 -8.80880440162539E-02
DistFromNuc =  1.6445598712E-01
Rho =  9.2270931068E+01
DelSqRho = -5.5226106121E+03
GradDelSqRho = -1.0913936421E-11 -4.3655745685E-11  0.0000000000E+00
HessDelSqRho_EigVals = -6.6176240338E+04 -5.2458995642E+04  1.0159393954E+07
HessDelSqRho_EigVec1 = -3.4011477676E-01  5.9990438733E-01  7.2417999467E-01
HessDelSqRho_EigVec2 =  4.4874239438E-01  7.8029137874E-01 -4.3563244571E-01
HessDelSqRho_EigVec3 =  8.2640922194E-01 -1.7680523275E-01  5.3459115926E-01
</CP of DelSqRho>
<CP of DelSqRho>
CP# = 33      
Type = (3,+1)
Coords = -2.08538724338349E-01 -2.02138838555018E-01 -5.40339646472354E-02
DistFromNuc =  2.9541266264E-01
Rho =  2.2121604161E+01
DelSqRho =  1.3865310876E+03
GradDelSqRho = -9.0949470177E-13 -4.5474735089E-13  1.4779288904E-12
HessDelSqRho_EigVals = -4.4848431432E+05  2.2786043984E+04  2.6946786326E+04
HessDelSqRho_EigVec1 =  7.0580861344E-01  6.8442927825E-01  1.8273139926E-01
HessDelSqRho_EigVec2 = -4.8779675264E-01  6.5661569366E-01 -5.7524791087E-01
HessDelSqRho_EigVec3 = -5.1370081693E-01  3.1687914718E-01  7.9730739164E-01
</CP of DelSqRho>
<CP of DelSqRho>
CP# = 34      
Type = (3,+1)
Coords =  9.02894489502645E-02  4.79695173062914E-02  1.28865372206843E-01
DistFromNuc =  1.6454025584E-01
Rho =  9.2399191401E+01
DelSqRho = -5.6354526761E+03
GradDelSqRho =  0.0000000000E+00 -1.4551915228E-11 -5.0931703299E-11
HessDelSqRho_EigVals = -8.7358682743E+04  5.4959936231E+04  1.0125580645E+07
HessDelSqRho_EigVec1 =  5.0509632182E-01  6.3058381649E-01 -5.8927222577E-01
HessDelSqRho_EigVec2 =  6.6554282345E-01 -7.1927722399E-01 -1.9923108496E-01
HessDelSqRho_EigVec3 =  5.4948198864E-01  2.9155501271E-01  7.8298481385E-01
</CP of DelSqRho>
<CP of DelSqRho>
CP# = 35      
Type = (3,-1)
Coords = -2.93427635345721E-01 -1.20490385125007E-04 -3.35543216039724E-05
DistFromNuc =  2.9341922574E-01
Rho =  2.1518154566E+01
DelSqRho =  1.6612834800E+03
GradDelSqRho =  5.4569682106E-12 -3.0198066270E-14  1.1546319456E-14
HessDelSqRho_EigVals = -4.7856721156E+05 -2.5611040656E+04  1.2467202961E+04
HessDelSqRho_EigVec1 =  9.9999987330E-01  4.9672770960E-04 -8.1657664229E-05
HessDelSqRho_EigVec2 = -4.5027168551E-04  9.5515367366E-01  2.9611021081E-01
HessDelSqRho_EigVec3 =  2.2508176477E-04 -2.9611013652E-01  9.5515377630E-01
</CP of DelSqRho>
<CP of DelSqRho>
CP# = 36      
Type = (3,-1)
Coords =  2.93410733233417E-01  1.71002603897904E-04 -8.07745544376166E-05
DistFromNuc =  2.9341921714E-01
Rho =  2.1518156526E+01
DelSqRho =  1.6612833389E+03
GradDelSqRho =  7.2759576142E-12  8.4376949872E-15 -8.8817841970E-15
HessDelSqRho_EigVals = -4.7856718930E+05 -2.5611054852E+04  1.2467212169E+04
HessDelSqRho_EigVec1 =  9.9999987306E-01  4.9753690045E-04 -7.9553658441E-05
HessDelSqRho_EigVec2 = -4.5166761536E-04  9.5515368716E-01  2.9611016513E-01
HessDelSqRho_EigVec3 =  2.2331170394E-04 -2.9611009161E-01  9.5515379064E-01
</CP of DelSqRho>
<CP of DelSqRho>
CP# = 37      
Type = (3,+1)
Coords = -9.03062249277259E-02 -4.79200851778279E-02 -1.28980276426629E-01
DistFromNuc =  1.6454026897E-01
Rho =  9.2399156857E+01
DelSqRho = -5.6354448129E+03
GradDelSqRho =  5.8207660913E-11  0.0000000000E+00  5.0931703299E-11
HessDelSqRho_EigVals = -8.7361013385E+04  5.4961151655E+04  1.0125572884E+07
HessDelSqRho_EigVec1 =  5.0509555894E-01  6.3058050652E-01 -5.8927642167E-01
HessDelSqRho_EigVec2 =  6.6554407172E-01 -7.1927754386E-01 -1.9922576011E-01
HessDelSqRho_EigVec3 =  5.4948117796E-01  2.9156138239E-01  7.8298301091E-01
</CP of DelSqRho>
<CP of DelSqRho>
CP# = 38      
Type = (3,-3)
Coords = -1.69635220903059E-04  2.68200930748676E-01 -1.18714549086440E-01
DistFromNuc =  2.9325363823E-01
Rho =  2.1253639596E+01
DelSqRho =  1.7276823006E+03
GradDelSqRho =  1.7763568394E-15  3.4106051316E-13 -1.8189894035E-12
HessDelSqRho_EigVals = -4.8353266839E+05 -1.6657391660E+04 -1.2253495644E+04
HessDelSqRho_EigVec1 = -5.4975961404E-04  9.1568260565E-01 -4.0190180824E-01
HessDelSqRho_EigVec2 = -4.8729536425E-04  4.0190157595E-01  9.1568274298E-01
HessDelSqRho_EigVec3 =  9.9999973015E-01  6.9925027941E-04  2.2525863357E-04
</CP of DelSqRho>
<CP of DelSqRho>
CP# = 39      
Type = (3,-3)
Coords =  1.52628975848585E-04 -2.68150312738418E-01  1.18599515002843E-01
DistFromNuc =  2.9325358701E-01
Rho =  2.1253652945E+01
DelSqRho =  1.7276825295E+03
GradDelSqRho =  0.0000000000E+00  9.4360075309E-12 -4.5474735089E-13
HessDelSqRho_EigVals = -4.8353292357E+05 -1.6657418838E+04 -1.2253562177E+04
HessDelSqRho_EigVec1 = -5.4929628656E-04  9.1568230181E-01 -4.0190250113E-01
HessDelSqRho_EigVec2 = -4.8600142469E-04  4.0190226985E-01  9.1568243911E-01
HessDelSqRho_EigVec3 =  9.9999973104E-01  6.9830615161E-04  2.2425947886E-04
</CP of DelSqRho>
<CP of DelSqRho>
CP# = 40      
Type = (3,-3)
Coords = -2.40227338253031E-01 -5.70569097993240E-02  1.57835749884872E-01
DistFromNuc =  2.9307643687E-01
Rho =  2.1242648242E+01
DelSqRho =  1.7487939519E+03
GradDelSqRho = -5.4569682106E-12  9.0949470177E-13  2.2737367544E-12
HessDelSqRho_EigVals = -4.8566304616E+05 -2.0252974401E+04 -1.4407003921E+04
HessDelSqRho_EigVec1 =  8.2118699202E-01  1.9428329816E-01 -5.3656865748E-01
HessDelSqRho_EigVec2 =  3.5769057356E-01  5.5739174679E-01  7.4924755201E-01
HessDelSqRho_EigVec3 = -4.4464522681E-01  8.0719789436E-01 -3.8822954757E-01
</CP of DelSqRho>
<CP of DelSqRho>
CP# = 41      
Type = (3,-3)
Coords =  2.40210401405694E-01  5.71075846789280E-02 -1.57950709536250E-01
DistFromNuc =  2.9307630896E-01
Rho =  2.1242679806E+01
DelSqRho =  1.7487948918E+03
GradDelSqRho =  0.0000000000E+00  2.7284841053E-12 -5.0022208598E-12
HessDelSqRho_EigVals = -4.8566376310E+05 -2.0253091310E+04 -1.4407095230E+04
HessDelSqRho_EigVec1 =  8.2118727816E-01  1.9428416740E-01 -5.3656790482E-01
HessDelSqRho_EigVec2 =  3.5769005719E-01  5.5739074506E-01  7.4924854375E-01
HessDelSqRho_EigVec3 = -4.4464511374E-01  8.0719837687E-01 -3.8822867386E-01
</CP of DelSqRho>
<CP of DelSqRho>
CP# = 42      
Type = (3,-1)
Coords =  1.37344205186946E-01 -2.01780599132952E-01  1.63339623729906E-01
DistFromNuc =  2.9375159924E-01
Rho =  2.1340243198E+01
DelSqRho =  1.6730818470E+03
GradDelSqRho = -5.9117155615E-12  4.7748471843E-12 -1.8189894035E-12
HessDelSqRho_EigVals = -4.7644897334E+05 -2.6642299720E+04  9.8878281894E+03
HessDelSqRho_EigVec1 = -4.6894826916E-01  6.8807830074E-01 -5.5374702970E-01
HessDelSqRho_EigVec2 = -4.6592606291E-01  3.3990179697E-01  8.1693308925E-01
HessDelSqRho_EigVec3 =  7.5033354233E-01  6.4110453162E-01  1.6119725426E-01
</CP of DelSqRho>
<CP of DelSqRho>
CP# = 43      
Type = (3,-1)
Coords = -1.37360775042774E-01  2.01831579086078E-01 -1.63454439241422E-01
DistFromNuc =  2.9375157196E-01
Rho =  2.1340249764E+01
DelSqRho =  1.6730822465E+03
GradDelSqRho =  1.8189894035E-12 -7.9580786405E-12  4.3200998334E-12
HessDelSqRho_EigVals = -4.7644920845E+05 -2.6642307874E+04  9.8878217502E+03
HessDelSqRho_EigVec1 = -4.6894800033E-01  6.8807981380E-01 -5.5374537725E-01
HessDelSqRho_EigVec2 = -4.6592508685E-01  3.3990073761E-01  8.1693408670E-01
HessDelSqRho_EigVec3 =  7.5033431644E-01  6.4110346935E-01  1.6119787579E-01
</CP of DelSqRho>
<CP of DelSqRho>
CP# = 44      
Type = (3,+1)
Coords =  5.30903897613882E-05 -6.10491818123431E-02  2.90075140461989E-01
DistFromNuc =  2.9649130839E-01
Rho =  2.1909864031E+01
DelSqRho =  1.3615833536E+03
GradDelSqRho =  0.0000000000E+00 -5.6843418861E-12 -1.5916157281E-12
HessDelSqRho_EigVals = -4.3819149531E+05  2.5348152933E+04  2.6227286501E+04
HessDelSqRho_EigVec1 =  2.0736733962E-04 -2.0569102835E-01  9.7861696177E-01
HessDelSqRho_EigVec2 =  9.9999990519E-01  4.1736942259E-04 -1.2417337832E-04
HessDelSqRho_EigVec3 = -3.8290344639E-04  9.7861689473E-01  2.0569109540E-01
</CP of DelSqRho>
<CP of DelSqRho>
CP# = 45      
Type = (3,+1)
Coords = -6.99872532448658E-05  6.10996349236840E-02 -2.90190418745988E-01
DistFromNuc =  2.9649137920E-01
Rho =  2.1909845173E+01
DelSqRho =  1.3615823329E+03
GradDelSqRho =  8.8817841970E-15 -1.3073986338E-12  8.8675733423E-12
HessDelSqRho_EigVals = -4.3819086766E+05  2.5348215539E+04  2.6227289618E+04
HessDelSqRho_EigVec1 =  2.0727433597E-04 -2.0569072468E-01  9.7861702561E-01
HessDelSqRho_EigVec2 =  9.9999990529E-01  4.1714672135E-04 -1.2412527245E-04
HessDelSqRho_EigVec3 = -3.8269546645E-04  9.7861695866E-01  2.0569079167E-01
</CP of DelSqRho>
<CP of DelSqRho>
CP# = 46      
Type = (3,+1)
Coords =  2.08521778809392E-01  2.02189317904393E-01  5.39188796059715E-02
DistFromNuc =  2.9541263977E-01
Rho =  2.2121609989E+01
DelSqRho =  1.3865316660E+03
GradDelSqRho =  7.2759576142E-12 -5.0022208598E-12  3.2969182939E-12
HessDelSqRho_EigVals = -4.4848458773E+05  2.2785992798E+04  2.6946809155E+04
HessDelSqRho_EigVec1 =  7.0580878279E-01  6.8442914091E-01  1.8273125955E-01
HessDelSqRho_EigVec2 = -4.8779777570E-01  6.5661642822E-01 -5.7524620487E-01
HessDelSqRho_EigVec3 = -5.1369961277E-01  3.1687792170E-01  7.9730865452E-01
</CP of DelSqRho>
<CP of DelSqRho>
CP# = 47      
Type = (3,-1)
Coords =  1.56753536919301E-01  8.86713520540960E-02  2.32356321024026E-01
DistFromNuc =  2.9402156753E-01
Rho =  2.1495868825E+01
DelSqRho =  1.6303551278E+03
GradDelSqRho =  6.8212102633E-12 -3.6948222260E-12  5.0022208598E-12
HessDelSqRho_EigVals = -4.7122739487E+05 -2.4608630221E+04  1.6048156904E+04
HessDelSqRho_EigVec1 =  5.3463341417E-01  3.0348343427E-01  7.8871092143E-01
HessDelSqRho_EigVec2 =  5.1056362446E-01  6.2771305707E-01 -5.8762326653E-01
HessDelSqRho_EigVec3 = -6.7341807062E-01  7.1685013992E-01  1.8064877265E-01
</CP of DelSqRho>
<CP of DelSqRho>
CP# = 48      
Type = (3,-1)
Coords = -1.56798580336298E-01  8.85201487606319E-02  2.32395165850917E-01
DistFromNuc =  2.9402173725E-01
Rho =  2.1495927607E+01
DelSqRho =  1.6303376475E+03
GradDelSqRho =  4.5474735089E-12 -3.1832314562E-12 -5.9117155615E-12
HessDelSqRho_EigVals = -4.7122468782E+05 -2.4608231096E+04  1.6050563730E+04
HessDelSqRho_EigVec1 = -5.3473104505E-01  3.0296742367E-01  7.8884310839E-01
HessDelSqRho_EigVec2 =  5.1131949747E-01 -6.2721456565E-01  5.8749830650E-01
HessDelSqRho_EigVec3 =  6.7276673593E-01  7.1750444517E-01  1.8047794934E-01
</CP of DelSqRho>
<CP of DelSqRho>
CP# = 49      
Type = (3,-1)
Coords =  1.56781441876648E-01 -8.84699407702668E-02 -2.32510379884725E-01
DistFromNuc =  2.9402170381E-01
Rho =  2.1495934827E+01
DelSqRho =  1.6303371738E+03
GradDelSqRho =  1.8189894035E-12  8.5265128291E-13  8.1854523160E-12
HessDelSqRho_EigVals = -4.7122462284E+05 -2.4608294855E+04  1.6050621067E+04
HessDelSqRho_EigVec1 = -5.3473063170E-01  3.0296821427E-01  7.8884308494E-01
HessDelSqRho_EigVec2 =  5.1131940198E-01 -6.2721440700E-01  5.8749855899E-01
HessDelSqRho_EigVec3 =  6.7276713704E-01  7.1750425002E-01  1.8047722993E-01
</CP of DelSqRho>
<CP of DelSqRho>
CP# = 50      
Type = (3,-1)
Coords = -1.56770264238531E-01 -8.86211682315590E-02 -2.32471481268920E-01
DistFromNuc =  2.9402154095E-01
Rho =  2.1495874631E+01
DelSqRho =  1.6303548086E+03
GradDelSqRho = -2.7284841053E-12 -3.6379788071E-12  2.7284841053E-12
HessDelSqRho_EigVals = -4.7122736816E+05 -2.4608678703E+04  1.6048205428E+04
HessDelSqRho_EigVec1 =  5.3463322030E-01  3.0348452376E-01  7.8871063362E-01
HessDelSqRho_EigVec2 =  5.1056329872E-01  6.2771274586E-01 -5.8762388199E-01
HessDelSqRho_EigVec3 = -6.7341847149E-01  7.1684995119E-01  1.8064802718E-01
</CP of DelSqRho>
<CP of DelSqRho>
CP# = 51      
Type = (3,+1)
Coords =  6.62555795340645E-01  3.52467579704594E-04 -1.13936091147852E-04
DistFromNuc =  6.6256432533E-01
Rho =  2.4748291615E+00
DelSqRho = -1.4441257507E+01
GradDelSqRho = -1.4210854715E-14  1.1102230246E-16  2.2204460493E-16
HessDelSqRho_EigVals = -8.6964810278E+02  4.5006146712E+02  3.3420002477E+03
HessDelSqRho_EigVec1 = -4.4721610969E-04  9.5553546091E-01  2.9487587719E-01
HessDelSqRho_EigVec2 =  2.2895587908E-04 -2.9487580111E-01  9.5553556161E-01
HessDelSqRho_EigVec3 =  9.9999987379E-01  4.9484446222E-04 -8.6902252833E-05
</CP of DelSqRho>
<CP of DelSqRho>
CP# = 52      
Type = (3,+1)
Coords = -6.62572746423072E-01 -3.01820211575196E-04 -7.11875423330813E-06
DistFromNuc =  6.6256438229E-01
Rho =  2.4748273414E+00
DelSqRho = -1.4441210371E+01
GradDelSqRho = -1.2789769244E-13 -3.3306690739E-16 -3.3306690739E-16
HessDelSqRho_EigVals = -8.6964920418E+02  4.5006133256E+02  3.3419970635E+03
HessDelSqRho_EigVec1 = -4.4922038924E-04  9.5553546409E-01  2.9487586384E-01
HessDelSqRho_EigVec2 =  2.1921072699E-04 -2.9487579241E-01  9.5553556658E-01
HessDelSqRho_EigVec3 =  9.9999987507E-01  4.9388601163E-04 -7.6999405507E-05
</CP of DelSqRho>
<CP of DelSqRho>
CP# = 53      
Type = (3,-1)
Coords = -3.91469457137357E-04  6.22317623875005E-01 -2.99808709531881E-01
DistFromNuc =  6.9072330210E-01
Rho =  2.0246268410E+00
DelSqRho = -1.7260353056E+00
GradDelSqRho =  1.1102230246E-16  4.2632564146E-14  2.1316282073E-14
HessDelSqRho_EigVals = -4.6181467732E+02 -2.9247665782E+02  2.0616600702E+03
HessDelSqRho_EigVec1 = -4.2642325672E-04  4.2899277997E-01  9.0330781736E-01
HessDelSqRho_EigVec2 =  9.9999975454E-01  6.8512425019E-04  1.4669395392E-04
HessDelSqRho_EigVec3 = -5.5594744396E-04  9.0330765819E-01 -4.2899296682E-01
</CP of DelSqRho>
<CP of DelSqRho>
CP# = 54      
Type = (3,-1)
Coords =  3.75202861707691E-04 -6.22266601648950E-01  2.99692749704999E-01
DistFromNuc =  6.9072249193E-01
Rho =  2.0246365244E+00
DelSqRho = -1.7263217353E+00
GradDelSqRho = -1.1102230246E-16  9.9475983006E-14  4.2632564146E-14
HessDelSqRho_EigVals = -4.6181745697E+02 -2.9246973354E+02  2.0616919261E+03
HessDelSqRho_EigVec1 = -4.2627987914E-04  4.2899258637E-01  9.0330790937E-01
HessDelSqRho_EigVec2 =  9.9999975417E-01  6.8576141177E-04  1.4623276439E-04
HessDelSqRho_EigVec3 = -5.5672093538E-04  9.0330774965E-01 -4.2899277324E-01
</CP of DelSqRho>
<CP of DelSqRho>
CP# = 55      
Type = (3,-1)
Coords = -1.72082816692456E-04  4.75407965767628E-01  5.27216219190143E-01
DistFromNuc =  7.0993410804E-01
Rho =  1.8569285550E+00
DelSqRho =  4.7028744093E+00
GradDelSqRho = -6.6613381478E-16 -9.2370555649E-14  1.4210854715E-14
HessDelSqRho_EigVals = -4.7587540309E+02 -4.5175241004E+02  1.4061642454E+03
HessDelSqRho_EigVec1 =  9.9999906270E-01  1.1515438882E-03 -7.4064162378E-04
HessDelSqRho_EigVec2 = -1.3491714604E-03  7.3667777287E-01 -6.7624258864E-01
HessDelSqRho_EigVec3 = -2.3310879799E-04  6.7624295405E-01  7.3667863601E-01
</CP of DelSqRho>
<CP of DelSqRho>
CP# = 56      
Type = (3,-1)
Coords =  1.55484345244335E-04 -4.75356636401646E-01 -5.27332239776704E-01
DistFromNuc =  7.0993415639E-01
Rho =  1.8569313242E+00
DelSqRho =  4.7028637045E+00
GradDelSqRho =  2.7755575616E-17 -8.1712414612E-14 -7.1054273576E-15
HessDelSqRho_EigVals = -4.7587593786E+02 -4.5175304318E+02  1.4061628059E+03
HessDelSqRho_EigVec1 =  9.9999903973E-01  1.1640778546E-03 -7.5197361688E-04
HessDelSqRho_EigVec2 = -1.3660684294E-03  7.3667857440E-01 -6.7624168156E-01
HessDelSqRho_EigVec3 = -2.3323511378E-04  6.7624205943E-01  7.3667945720E-01
</CP of DelSqRho>
<CP of DelSqRho>
CP# = 57      
Type = (3,-1)
Coords =  5.61475979095587E-01 -1.42609615242813E-01  3.92145180942429E-01
DistFromNuc =  6.9959451433E-01
Rho =  1.9346570176E+00
DelSqRho =  1.5650399806E+00
GradDelSqRho = -7.4535932981E-12  3.5189628989E-12 -5.5777604757E-12
HessDelSqRho_EigVals = -5.0178227186E+02 -3.4715278859E+02  1.7376512330E+03
HessDelSqRho_EigVec1 = -4.2175113113E-01  4.5860721931E-01  7.8217990373E-01
HessDelSqRho_EigVec2 = -4.1431276739E-01 -8.6480369229E-01  2.8365384641E-01
HessDelSqRho_EigVec3 =  8.0651777052E-01 -2.0443578993E-01  5.5473876160E-01
</CP of DelSqRho>
<CP of DelSqRho>
CP# = 58      
Type = (3,-1)
Coords = -5.61279021720786E-01 -1.43159973826760E-01  3.92265026808647E-01
DistFromNuc =  6.9960253568E-01
Rho =  1.9345883874E+00
DelSqRho =  1.5677413720E+00
GradDelSqRho = -8.5265128291E-14 -4.2632564146E-14  7.1054273576E-15
HessDelSqRho_EigVals = -5.0178338971E+02 -3.4722566075E+02  1.7373747565E+03
HessDelSqRho_EigVec1 =  4.2135907674E-01  4.5923288872E-01  7.8202409321E-01
HessDelSqRho_EigVec2 =  4.1532030474E-01 -8.6428467164E-01  2.8376231399E-01
HessDelSqRho_EigVec3 =  8.0620442378E-01  2.0522465807E-01 -5.5490293457E-01
</CP of DelSqRho>
<CP of DelSqRho>
CP# = 59      
Type = (3,-1)
Coords =  5.61260095256749E-01  1.43209010858171E-01 -3.92379841683568E-01
DistFromNuc =  6.9960039249E-01
Rho =  1.9346159890E+00
DelSqRho =  1.5672095352E+00
GradDelSqRho = -1.1368683772E-13 -7.1054273576E-14  3.5527136788E-14
HessDelSqRho_EigVals = -5.0178696478E+02 -3.4722631269E+02  1.7374483208E+03
HessDelSqRho_EigVec1 =  4.2135688923E-01  4.5923984178E-01  7.8202118873E-01
HessDelSqRho_EigVec2 =  4.1532276638E-01 -8.6428131997E-01  2.8376891952E-01
HessDelSqRho_EigVec3 =  8.0620429894E-01  2.0522321428E-01 -5.5490364992E-01
</CP of DelSqRho>
<CP of DelSqRho>
CP# = 60      
Type = (3,-1)
Coords = -5.61490956261393E-01  1.42658669297302E-01 -3.92260456235997E-01
DistFromNuc =  6.9959272678E-01
Rho =  1.9346792333E+00
DelSqRho =  1.5646106002E+00
GradDelSqRho =  1.2079226508E-13 -4.0856207306E-14  9.2370555649E-14
HessDelSqRho_EigVals = -5.0178482279E+02 -3.4715368592E+02  1.7377123255E+03
HessDelSqRho_EigVec1 = -4.2174714597E-01  4.5861829581E-01  7.8217555805E-01
HessDelSqRho_EigVec2 = -4.1431744968E-01 -8.6479812217E-01  2.8366398923E-01
HessDelSqRho_EigVec3 =  8.0651744913E-01 -2.0443450454E-01  5.5473970256E-01
</CP of DelSqRho>
<CP of DelSqRho>
CP# = 61      
Type = (3,+1)
Coords =  3.04297566573225E-01  4.62503235829541E-01 -3.85363237569862E-01
DistFromNuc =  6.7449868572E-01
Rho =  2.2504619032E+00
DelSqRho = -8.7814312719E+00
GradDelSqRho =  4.9737991503E-14  4.9737991503E-14  1.4210854715E-14
HessDelSqRho_EigVals = -8.2279760358E+02  2.7747630126E+02  2.7394871828E+03
HessDelSqRho_EigVec1 =  4.7045029623E-01  3.5557639488E-01  8.0761497397E-01
HessDelSqRho_EigVec2 =  7.5627671099E-01 -6.3403298094E-01 -1.6139304659E-01
HessDelSqRho_EigVec3 =  4.5466697174E-01  6.8670780284E-01 -5.6719515013E-01
</CP of DelSqRho>
<CP of DelSqRho>
CP# = 62      
Type = (3,+1)
Coords = -3.04895724703432E-01  4.62185035713801E-01 -3.85297557444684E-01
DistFromNuc =  6.7450555975E-01
Rho =  2.2503384858E+00
DelSqRho = -8.7779523135E+00
GradDelSqRho =  1.2079226508E-13 -9.2370555649E-14  7.1054273576E-14
HessDelSqRho_EigVals = -8.2279164703E+02  2.7736631068E+02  2.7391706734E+03
HessDelSqRho_EigVec1 = -4.7064296551E-01  3.5507696236E-01  8.0772244603E-01
HessDelSqRho_EigVec2 =  7.5564103413E-01  6.3483404796E-01  1.6122145974E-01
HessDelSqRho_EigVec3 = -4.5552368385E-01  6.8622597032E-01 -5.6709090198E-01
</CP of DelSqRho>
<CP of DelSqRho>
CP# = 63      
Type = (3,+1)
