 AIMInt (Version 19.02.13, Professional)
 Portions Copyright (c) 1997-2019 by Todd A. Keith
 AIMInt is a component of the AIMAll package ( http://aim.tkgristmill.com )

 TP:  64-bit Linux

 Licensed To:  Research Group of Fernando Cortes Guzman, UNAM, fercor@unam.mx

 AIMInt is a heavily modified and extended version of the PROAIMV program
 developed by members of R.F.W. Bader's research group

 Much of the Quantum Theory of Atoms in Molecules (QTAIM) is described in the book:
   "Atoms in Molecules - A Quantum Theory"
   R.F.W. Bader, Oxford University Press, Oxford, 1990

 For additional references see:  http://aim.tkgristmill.com/references.html

 Current Directory:  /home/scratch/M_H2O_4_cuadrado_plano/Opt

 Inp File:  Mn3_cuadrado_plano_cc-pvtz-def2-tzv_1_atomicfiles/o2.inp
 Wfx File:  Mn3_cuadrado_plano_cc-pvtz-def2-tzv_1.wfx
 Out File:  Mn3_cuadrado_plano_cc-pvtz-def2-tzv_1_atomicfiles/o2.int

 Wfx Title:   Mn3_cuadrado_plano_cc-pvtz-def2-tzv_1                                         
 Job Title:   Mn3_cuadrado_plano_cc-pvtz-def2-tzv_1                                         
 
<Atom>
O2      
</Atom>
<Nuclei of Molecule>
    13
Mn1       25.0          -8.4467860928E-06   2.5244705709E-05  -5.7599143257E-05
O2         8.0           1.7254580615E-03  -3.4581977669E+00   3.4599559778E-03
H3         1.0          -1.4809276934E+00  -4.5965688673E+00   2.1026701082E-01
O4         8.0          -3.4582004102E+00  -1.7377241286E-03   3.6981649693E-05
H5         1.0          -4.6072923526E+00   1.2537539240E+00   8.0589680153E-01
O6         8.0          -1.7222638428E-03   3.4581960621E+00  -3.4882646567E-03
H7         1.0           1.4810410964E+00   4.5963921928E+00  -2.1027721593E-01
O8         8.0           3.4581969148E+00   1.7100355704E-03   7.4530507954E-05
H9         1.0           4.6073034836E+00  -1.2538393626E+00  -8.0569567856E-01
H10        1.0           4.6058785111E+00   1.2583407132E+00   8.0621718570E-01
H11        1.0           1.4858144952E+00  -4.5948074866E+00   2.0943596596E-01
H12        1.0          -4.6058448356E+00  -1.2585713772E+00  -8.0577945012E-01
H13        1.0          -1.4857591256E+00   4.5949042932E+00  -2.0929026866E-01
</Nuclei of Molecule>
<Total Number of CPs of DelSqRho>
    40
</Total Number of CPs of DelSqRho>
<Number of (3,+3) CPs of DelSqRho>
     5
</Number of (3,+3) CPs of DelSqRho>
<Number of (3,+1) CPs of DelSqRho>
    14
</Number of (3,+1) CPs of DelSqRho>
<Number of (3,-1) CPs of DelSqRho>
    15
</Number of (3,-1) CPs of DelSqRho>
<Number of (3,-3) CPs of DelSqRho>
     6
</Number of (3,-3) CPs of DelSqRho>
<Number of Degenerate CPs of DelSqRho>
     0
</Number of Degenerate CPs of DelSqRho>
<CP of DelSqRho>
CP# = 1       
Type = (3,+3)
Coords =  1.72545825938897E-03 -3.45819803309882E+00  3.46005508714805E-03
DistFromNuc =  2.8405021287E-07
Rho =  2.9729658128E+02
DelSqRho = -3.3291539003E+06
GradDelSqRho =  8.1620754599E-09  2.8097696486E-05  1.5618297766E-09
HessDelSqRho_EigVals =  1.3239199221E+11  1.3239201075E+11  1.3239201559E+11
HessDelSqRho_EigVec1 =  2.2193458315E-04  1.0587608372E-01  9.9437930672E-01
HessDelSqRho_EigVec2 = -7.4117562492E-04  9.9437907550E-01 -1.0587589368E-01
HessDelSqRho_EigVec3 =  9.9999970070E-01  7.1351218174E-04 -2.9915987813E-04
</CP of DelSqRho>
<CP of DelSqRho>
CP# = 2       
Type = (3,-1)
Coords =  1.03543453594427E-03 -1.99536969107187E+00 -1.11561475228634E-01
DistFromNuc =  1.4673433086E+00
Rho =  1.6220958915E-01
DelSqRho =  4.0689334757E-01
GradDelSqRho =  3.6218857774E-15  8.4779405718E-13 -6.9388939039E-18
HessDelSqRho_EigVals = -8.1369209279E-01 -1.7711572335E-01  4.9662838391E+00
HessDelSqRho_EigVec1 =  1.4884368710E-04 -1.3007780020E-02  9.9991538417E-01
HessDelSqRho_EigVec2 =  9.9999984933E-01  5.3027569085E-04 -1.4195796703E-04
HessDelSqRho_EigVec3 = -5.2838426312E-04  9.9991525464E-01  1.3007856988E-02
</CP of DelSqRho>
<CP of DelSqRho>
CP# = 3       
Type = (3,+1)
Coords = -9.22185626698484E-01 -4.15646071329136E+00  1.31800252698950E-01
DistFromNuc =  1.1651841342E+00
Rho =  4.0684662765E-01
DelSqRho = -9.3639442223E-01
GradDelSqRho = -1.4124049152E-12 -9.3591800976E-13  1.6495138588E-13
HessDelSqRho_EigVals = -3.0122586833E+01  1.4382116861E+01  1.4920160720E+01
HessDelSqRho_EigVec1 =  7.8524070399E-01  6.0934404572E-01 -1.0998577518E-01
HessDelSqRho_EigVec2 =  6.9403237148E-02  8.9893303767E-02  9.9353026356E-01
HessDelSqRho_EigVec3 = -6.1528873505E-01  7.8779377243E-01 -2.8297431824E-02
</CP of DelSqRho>
<CP of DelSqRho>
CP# = 4       
Type = (3,+1)
Coords =  9.26520699464403E-01 -4.15536746857505E+00  1.31286449140693E-01
DistFromNuc =  1.1651744263E+00
Rho =  4.0686009586E-01
DelSqRho = -9.3648484061E-01
GradDelSqRho =  1.4335824194E-12 -9.4635410619E-13  1.6661672042E-13
HessDelSqRho_EigVals = -3.0125533225E+01  1.4383535744E+01  1.4921523521E+01
HessDelSqRho_EigVec1 =  7.8602010676E-01 -6.0841792316E-01  1.0954461440E-01
HessDelSqRho_EigVec2 = -6.8927760168E-02  8.9841895579E-02  9.9356801361E-01
HessDelSqRho_EigVec3 =  6.1434628317E-01  7.8851510105E-01 -2.8680651665E-02
</CP of DelSqRho>
<CP of DelSqRho>
CP# = 5       
Type = (3,-1)
Coords =  1.63713129870917E-03 -3.29304263389726E+00 -2.17087539542445E-02
DistFromNuc =  1.6706193378E-01
Rho =  2.2725172489E+01
DelSqRho =  1.2893531169E+03
GradDelSqRho = -9.1038288019E-15  7.9722894952E-12 -1.4921397451E-12
HessDelSqRho_EigVals = -4.4816049372E+05 -2.5196788567E+03  1.2529819600E+02
HessDelSqRho_EigVec1 = -5.2948948452E-04  9.8846580571E-01 -1.5144329164E-01
HessDelSqRho_EigVec2 =  2.0448872480E-04  1.5144341673E-01  9.8846590721E-01
HessDelSqRho_EigVec3 =  9.9999983891E-01  4.9241385808E-04 -2.8231780877E-04
</CP of DelSqRho>
<CP of DelSqRho>
CP# = 6       
Type = (3,-1)
Coords =  1.82793266392805E-03 -3.62632668037314E+00 -9.91261602619578E-03
DistFromNuc =  1.6865991737E-01
Rho =  2.2374269003E+01
DelSqRho =  1.2529502063E+03
GradDelSqRho =  1.7763568394E-15 -1.1368683772E-13 -2.2737367544E-12
HessDelSqRho_EigVals = -4.0952512957E+05 -1.1047069668E+03  1.1524631377E+03
HessDelSqRho_EigVec1 = -6.0699067710E-04  9.9670920645E-01  8.1057938199E-02
HessDelSqRho_EigVec2 =  3.5022411574E-04 -8.1057736277E-02  9.9670934617E-01
HessDelSqRho_EigVec3 =  9.9999975445E-01  6.3338172563E-04 -2.9987031025E-04
</CP of DelSqRho>
<CP of DelSqRho>
CP# = 7       
Type = (3,+1)
Coords =  1.80036556323650E-03 -3.49968903110153E+00  1.66798584801287E-01
DistFromNuc =  1.6852607597E-01
Rho =  2.2488059658E+01
DelSqRho =  1.2372747509E+03
GradDelSqRho =  9.7699626167E-15 -1.8474111130E-12  7.6170181273E-12
HessDelSqRho_EigVals = -4.0960890491E+05  1.7821232976E+03  2.5768007145E+03
HessDelSqRho_EigVec1 =  4.4254733048E-04 -2.4272556256E-01  9.7009489507E-01
HessDelSqRho_EigVec2 = -5.4127826919E-04  9.7009478981E-01  2.4272578314E-01
HessDelSqRho_EigVec3 =  9.9999975558E-01  6.3250893312E-04 -2.9793078715E-04
</CP of DelSqRho>
<CP of DelSqRho>
CP# = 8       
Type = (3,+1)
Coords =  1.73004301664435E-03 -3.53584669487449E+00 -1.45678896292299E-01
DistFromNuc =  1.6814206283E-01
Rho =  2.2569162069E+01
DelSqRho =  1.2465268496E+03
GradDelSqRho = -2.6645352591E-15  4.3520742565E-12  5.7980287238E-12
HessDelSqRho_EigVals = -4.1861796431E+05  1.3406903191E+03  2.2281045796E+03
HessDelSqRho_EigVec1 = -2.4267363544E-05  4.5800448594E-01  8.8894988063E-01
HessDelSqRho_EigVec2 = -6.9256648182E-04  8.8894966000E-01 -4.5800439117E-01
HessDelSqRho_EigVec3 =  9.9999975988E-01  6.2677145041E-04 -2.9562609091E-04
</CP of DelSqRho>
<CP of DelSqRho>
CP# = 9       
Type = (3,-3)
Coords =  8.20709439449514E-02 -3.31344771464661E+00 -1.96113433390205E-02
DistFromNuc =  1.6715340135E-01
Rho =  2.2693117774E+01
DelSqRho =  1.2895672572E+03
GradDelSqRho =  1.0174971976E-11  7.7307049651E-12 -8.8995477654E-13
HessDelSqRho_EigVals = -4.4609287329E+05 -2.6232644724E+03 -2.2975091960E+02
HessDelSqRho_EigVec1 =  4.7878580874E-01  8.6686537013E-01 -1.3895531449E-01
HessDelSqRho_EigVec2 =  2.4875890765E-02  1.4481698511E-01  9.8914570761E-01
HessDelSqRho_EigVec3 = -8.7757924965E-01  4.7704556480E-01 -4.7772269078E-02
</CP of DelSqRho>
<CP of DelSqRho>
CP# = 10      
Type = (3,-3)
Coords = -7.88238409764302E-02 -3.31355332998427E+00 -1.95631351773848E-02
DistFromNuc =  1.6715341885E-01
Rho =  2.2693109339E+01
DelSqRho =  1.2895676326E+03
GradDelSqRho =  7.8443918028E-12 -9.0665253083E-12  9.4591001698E-13
HessDelSqRho_EigVals = -4.4609249611E+05 -2.6233104187E+03 -2.2989111582E+02
HessDelSqRho_EigVec1 = -4.8000667049E-01  8.6623598087E-01 -1.3866802710E-01
HessDelSqRho_EigVec2 =  2.4473875289E-02 -1.4478423727E-01 -9.8916052998E-01
HessDelSqRho_EigVec3 =  8.7692338646E-01  4.7819739658E-01 -4.8297248304E-02
</CP of DelSqRho>
<CP of DelSqRho>
CP# = 11      
Type = (3,-1)
Coords =  6.56255275610353E-01 -3.19098842729300E+00 -1.32910971572068E-02
DistFromNuc =  7.0717092065E-01
Rho =  6.9941643054E-01
DelSqRho = -1.2476633217E+00
GradDelSqRho =  0.0000000000E+00  1.4210854715E-14 -4.4408920985E-16
HessDelSqRho_EigVals = -1.5658800541E+01 -1.0396623916E+01  1.5444264320E+02
HessDelSqRho_EigVec1 = -3.9596400063E-01  9.1003957321E-01 -1.2263965669E-01
HessDelSqRho_EigVec2 = -2.2267093939E-02  1.2400068268E-01  9.9203226118E-01
HessDelSqRho_EigVec3 =  9.1799601673E-01  3.9553989165E-01 -2.8835869728E-02
</CP of DelSqRho>
<CP of DelSqRho>
CP# = 12      
Type = (3,-1)
Coords = -6.53116980618774E-01 -3.19174125773469E+00 -1.29185662922977E-02
DistFromNuc =  7.0716755212E-01
Rho =  6.9942057037E-01
DelSqRho = -1.2477020137E+00
GradDelSqRho =  2.8421709430E-14  3.5527136788E-15 -6.6613381478E-16
HessDelSqRho_EigVals = -1.5658094875E+01 -1.0396801234E+01  1.5444655730E+02
HessDelSqRho_EigVec1 =  3.9485206552E-01  9.1050472190E-01 -1.2277213750E-01
HessDelSqRho_EigVec2 =  2.2650540671E-02  1.2394239610E-01  9.9203086417E-01
HessDelSqRho_EigVec3 =  9.1846545899E-01 -3.9448629107E-01  2.8315486870E-02
</CP of DelSqRho>
<CP of DelSqRho>
CP# = 13      
Type = (3,+1)
Coords =  1.32604103815317E-03 -2.79191137437308E+00 -6.16704025721994E-02
DistFromNuc =  6.6946223195E-01
Rho =  8.5461911072E-01
DelSqRho = -3.4767549176E+00
GradDelSqRho =  0.0000000000E+00  1.7763568394E-14  0.0000000000E+00
HessDelSqRho_EigVals = -5.0938894438E+00  1.8383023461E+01  2.4021312083E+02
HessDelSqRho_EigVec1 =  2.1508205722E-04  1.0380954641E-01  9.9459717062E-01
HessDelSqRho_EigVec2 =  9.9999979541E-01  5.7684879250E-04 -2.7645808055E-04
HessDelSqRho_EigVec3 = -6.0243116484E-04  9.9459702660E-01 -1.0380940110E-01
</CP of DelSqRho>
<CP of DelSqRho>
CP# = 14      
Type = (3,-1)
Coords =  2.14756406380629E-03 -4.17403180068029E+00  1.83750737076405E-02
DistFromNuc =  7.1598952704E-01
Rho =  6.9083247980E-01
DelSqRho = -1.2351147892E+00
GradDelSqRho = -1.3183898417E-16  5.5067062021E-14 -5.8286708793E-16
HessDelSqRho_EigVals = -1.9945879496E+01 -4.0373279330E+00  1.4429051914E+02
HessDelSqRho_EigVec1 =  9.9999979475E-01  5.8454358364E-04 -2.6229885158E-04
HessDelSqRho_EigVec2 =  2.5737593162E-04  8.4060399521E-03  9.9996463550E-01
HessDelSqRho_EigVec3 = -5.8672780617E-04  9.9996449777E-01 -8.4058877794E-03
</CP of DelSqRho>
<CP of DelSqRho>
CP# = 15      
Type = (3,+3)
Coords =  1.58770304096548E-03 -2.99361048032326E+00  4.67853942895786E-01
DistFromNuc =  6.5688898675E-01
Rho =  8.8721323623E-01
DelSqRho = -3.8179905441E+00
GradDelSqRho = -4.1633363423E-17  2.1804780204E-13  7.3541173151E-13
HessDelSqRho_EigVals =  5.6736140866E+00  1.9005524101E+01  2.6854965422E+02
HessDelSqRho_EigVec1 = -6.1001909388E-04  7.2718230353E-01 -6.8644411667E-01
HessDelSqRho_EigVec2 =  9.9999979517E-01  5.7660713629E-04 -2.7783829550E-04
HessDelSqRho_EigVec3 = -1.9376948461E-04  6.8644414555E-01  7.2718250632E-01
</CP of DelSqRho>
<CP of DelSqRho>
CP# = 16      
Type = (3,+1)
Coords =  4.62968586739827E-01 -3.75197042332921E+00 -4.05922192907114E-01
DistFromNuc =  6.8311151450E-01
Rho =  7.9089159660E-01
DelSqRho = -2.5467023404E+00
GradDelSqRho =  1.6875389974E-14 -1.7763568394E-15 -3.5527136788E-15
HessDelSqRho_EigVals = -1.2971571313E+01  1.1584033837E+01  2.0092810943E+02
HessDelSqRho_EigVec1 = -4.9175602007E-01  4.4751250634E-01 -7.4693277703E-01
HessDelSqRho_EigVec2 =  5.9478253349E-01  7.9914238280E-01  8.7207739678E-02
HessDelSqRho_EigVec3 =  6.3593219338E-01 -4.0137763849E-01 -6.5915569992E-01
</CP of DelSqRho>
<CP of DelSqRho>
CP# = 17      
Type = (3,+3)
Coords =  1.41236317123764E-03 -3.21001006234746E+00 -5.92221981288617E-01
DistFromNuc =  6.4531713529E-01
Rho =  9.2491013055E-01
DelSqRho = -4.1226371813E+00
GradDelSqRho = -4.9960036108E-16  3.0198066270E-14  1.6431300764E-14
HessDelSqRho_EigVals =  8.2554849863E+00  1.9721447470E+01  3.0860570285E+02
HessDelSqRho_EigVec1 = -3.9874517768E-04  9.3265435277E-01  3.6077097897E-01
HessDelSqRho_EigVec2 =  9.9999980653E-01  5.4413490158E-04 -3.0142303637E-04
HessDelSqRho_EigVec3 =  4.7743158803E-04 -3.6077078899E-01  9.3265438930E-01
</CP of DelSqRho>
<CP of DelSqRho>
CP# = 18      
Type = (3,+1)
Coords =  4.12584686414057E-01 -3.61341072732330E+00  5.24579356623304E-01
DistFromNuc =  6.8151434199E-01
Rho =  7.9420923027E-01
DelSqRho = -2.5157495723E+00
GradDelSqRho =  4.4408920985E-15 -3.5527136788E-15 -7.1054273576E-15
HessDelSqRho_EigVals = -1.1881034396E+01  1.0243693279E+01  2.0031473679E+02
HessDelSqRho_EigVec1 = -5.4059112226E-01  6.5224433822E-01  5.3135540064E-01
HessDelSqRho_EigVec2 =  6.2705956711E-01  7.3345722283E-01 -2.6236768393E-01
HessDelSqRho_EigVec3 =  5.6085429287E-01 -1.9135784681E-01  8.0549651560E-01
</CP of DelSqRho>
<CP of DelSqRho>
CP# = 19      
Type = (3,+1)
Coords = -4.08667126178209E-01 -3.61389064005545E+00  5.24804826191397E-01
DistFromNuc =  6.8151508982E-01
Rho =  7.9420385553E-01
DelSqRho = -2.5157172529E+00
GradDelSqRho = -1.3766765505E-14 -7.9936057773E-15  3.5527136788E-15
HessDelSqRho_EigVals = -1.1880880009E+01  1.0243272063E+01  2.0031420125E+02
HessDelSqRho_EigVec1 =  5.4012531701E-01  6.5286846904E-01  5.3106252368E-01
HessDelSqRho_EigVec2 =  6.2805334734E-01 -7.3273069175E-01  2.6202046917E-01
HessDelSqRho_EigVec3 = -5.6019071290E-01 -1.9201170667E-01  8.0580262452E-01
</CP of DelSqRho>
<CP of DelSqRho>
CP# = 20      
Type = (3,+1)
Coords = -4.59409534092137E-01 -3.75250424111108E+00 -4.05656799503751E-01
DistFromNuc =  6.8310928947E-01
Rho =  7.9089963894E-01
DelSqRho = -2.5468315160E+00
GradDelSqRho = -7.8159700934E-14 -4.8139270348E-13 -8.8817841970E-14
HessDelSqRho_EigVals = -1.2970203375E+01  1.1585047688E+01  2.0093355170E+02
HessDelSqRho_EigVec1 =  4.9080705763E-01  4.4808572784E-01 -7.4721323107E-01
HessDelSqRho_EigVec2 = -5.9565819645E-01  7.9845198172E-01  8.7554245425E-02
HessDelSqRho_EigVec3 =  6.3584569290E-01  4.0211144401E-01  6.5879180431E-01
</CP of DelSqRho>
<CP of DelSqRho>
CP# = 21      
Type = (3,+3)
Coords =  5.80495863283147E-01 -3.86862328430239E+00  8.49518108601146E-02
DistFromNuc =  7.1418849732E-01
Rho =  7.7612340362E-01
DelSqRho = -3.3113244917E+00
GradDelSqRho =  3.5527136788E-15  0.0000000000E+00  4.4408920985E-16
HessDelSqRho_EigVals =  1.3752598350E+01  2.3644312609E+01  1.5122373096E+02
HessDelSqRho_EigVec1 = -5.7035232538E-02  1.2313506880E-01  9.9074958344E-01
HessDelSqRho_EigVec2 =  5.7025203110E-01  8.1857454170E-01 -6.8908204909E-02
HessDelSqRho_EigVec3 =  8.1948740276E-01 -5.6104676677E-01  1.1690561242E-01
</CP of DelSqRho>
<CP of DelSqRho>
CP# = 22      
Type = (3,+3)
Coords = -5.76521430733032E-01 -3.86929691269998E+00  8.52578798656280E-02
DistFromNuc =  7.1418686100E-01
Rho =  7.7612194360E-01
DelSqRho = -3.3112935786E+00
GradDelSqRho =  3.0198066270E-14  1.7763568394E-14 -2.6645352591E-15
HessDelSqRho_EigVals =  1.3751542271E+01  2.3643477896E+01  1.5122670439E+02
HessDelSqRho_EigVec1 =  5.7429597554E-02  1.2316296062E-01  9.9072333497E-01
HessDelSqRho_EigVec2 = -5.7123423049E-01  8.1791805640E-01 -6.8567535464E-02
HessDelSqRho_EigVec3 =  8.1877548524E-01  5.6199727592E-01 -1.1732760385E-01
</CP of DelSqRho>
<CP of DelSqRho>
CP# = 23      
Type = (3,-3)
Coords =  1.06788228389468E+00 -3.03370708690454E+00 -3.85526654495301E-02
DistFromNuc =  1.1483238981E+00
Rho =  2.4572609519E-01
DelSqRho =  8.3386766361E-01
GradDelSqRho =  2.2204460493E-15 -4.4408920985E-16  0.0000000000E+00
HessDelSqRho_EigVals = -1.7662552093E+01 -1.6230729854E+00 -4.7232647024E-01
HessDelSqRho_EigVec1 =  9.1437718778E-01  4.0261485708E-01 -4.2610272474E-02
HessDelSqRho_EigVec2 = -4.0462907065E-01  9.0519253382E-01 -1.3000689177E-01
HessDelSqRho_EigVec3 = -1.3772205642E-02  1.3611669104E-01  9.9059707892E-01
</CP of DelSqRho>
<CP of DelSqRho>
CP# = 24      
Type = (3,-3)
Coords = -1.06493751897322E+00 -3.03493589727312E+00 -3.79971783997932E-02
DistFromNuc =  1.1483201691E+00
Rho =  2.4572363458E-01
DelSqRho =  8.3387369613E-01
GradDelSqRho = -4.4408920985E-16 -1.1102230246E-16  1.5265566589E-16
HessDelSqRho_EigVals = -1.7663046641E+01 -1.6227717049E+00 -4.7232696358E-01
HessDelSqRho_EigVec1 =  9.1486354584E-01 -4.0155936715E-01  4.2127985285E-02
HessDelSqRho_EigVec2 =  4.0351576610E-01  9.0566061777E-01 -1.3020703490E-01
HessDelSqRho_EigVec3 =  1.4132197354E-02  1.3612097590E-01  9.9059141977E-01
</CP of DelSqRho>
<CP of DelSqRho>
CP# = 25      
Type = (3,+1)
Coords =  1.18502452169386E-03 -2.27389115846222E+00  3.93539601512022E-01
DistFromNuc =  1.2468939669E+00
Rho =  2.4502240315E-01
DelSqRho =  4.1490942151E-01
GradDelSqRho = -1.2312199871E-15 -2.9032332094E-13  1.5171197632E-13
HessDelSqRho_EigVals = -1.0115596235E+01  5.5588859490E-01  9.8221529323E-01
HessDelSqRho_EigVec1 = -4.2048657044E-04  9.3875909090E-01  3.4457392885E-01
HessDelSqRho_EigVec2 =  4.2003673231E-04 -3.4457376311E-01  9.3875915194E-01
HessDelSqRho_EigVec3 =  9.9999982338E-01  5.3946932337E-04 -2.4942466105E-04
</CP of DelSqRho>
<CP of DelSqRho>
CP# = 26      
Type = (3,-3)
Coords =  2.45325045881372E-03 -4.33148609361440E+00  7.76421506425832E-01
DistFromNuc =  1.1662343631E+00
Rho =  2.4500021189E-01
DelSqRho =  8.5478222342E-01
GradDelSqRho = -9.8011876393E-16  6.2327920602E-13 -1.0764722447E-12
HessDelSqRho_EigVals = -1.8148375415E+01 -2.0674021902E+00 -2.4580335343E-01
HessDelSqRho_EigVec1 = -6.1928947305E-04  7.4122325391E-01 -6.7125829928E-01
HessDelSqRho_EigVec2 =  9.9999979070E-01  5.8476078038E-04 -2.7686965695E-04
HessDelSqRho_EigVec3 = -1.8730329889E-04  6.7125833024E-01  7.4122346090E-01
</CP of DelSqRho>
<CP of DelSqRho>
CP# = 27      
Type = (3,-3)
Coords =  2.25113171404550E-03 -4.53865012947365E+00 -4.18485582815748E-01
DistFromNuc =  1.1599205239E+00
Rho =  2.4424563461E-01
DelSqRho =  8.6521708762E-01
GradDelSqRho =  9.1940344227E-17  4.4408920985E-16  1.1102230246E-16
HessDelSqRho_EigVals = -1.8085702836E+01 -2.0547606906E+00 -2.7493572610E-01
HessDelSqRho_EigVec1 = -4.4521844700E-04  9.2781175151E-01  3.7304846273E-01
HessDelSqRho_EigVec2 =  9.9999980383E-01  5.7744281249E-04 -2.4270269587E-04
HessDelSqRho_EigVec3 =  4.4059656686E-04 -3.7304828149E-01  9.2781182659E-01
</CP of DelSqRho>
<CP of DelSqRho>
CP# = 28      
Type = (3,-1)
Coords =  7.90702550422859E-01 -3.61934308190424E+00 -8.61825311390030E-01
DistFromNuc =  1.1820199908E+00
Rho =  2.4096950853E-01
DelSqRho =  7.4273413646E-01
GradDelSqRho = -1.6930901126E-15 -6.9388939039E-17 -1.5543122345E-15
HessDelSqRho_EigVals = -1.7500418478E+01 -1.2704493568E+00  2.8439306723E-01
HessDelSqRho_EigVec1 = -6.5966283638E-01  1.1231876698E-01  7.4312141463E-01
HessDelSqRho_EigVec2 =  4.9908115676E-01 -6.7381759685E-01  5.4487415532E-01
HessDelSqRho_EigVec3 =  5.6192787906E-01  7.3031112600E-01  3.8843624699E-01
</CP of DelSqRho>
<CP of DelSqRho>
CP# = 29      
Type = (3,-1)
Coords = -7.87486854321660E-01 -3.62030232504704E+00 -8.61433470148761E-01
DistFromNuc =  1.1820214044E+00
Rho =  2.4096804371E-01
DelSqRho =  7.4273068053E-01
GradDelSqRho = -2.2204460493E-16  3.6082248300E-16  9.4368957093E-16
HessDelSqRho_EigVals = -1.7500705207E+01 -1.2701447827E+00  2.8439122384E-01
HessDelSqRho_EigVec1 =  6.5989531453E-01  1.1312530761E-01  7.4279259463E-01
HessDelSqRho_EigVec2 =  4.9802041482E-01  6.7438170021E-01 -5.4514675899E-01
HessDelSqRho_EigVec3 = -5.6259562768E-01  7.2966566809E-01  3.8868261156E-01
</CP of DelSqRho>
<CP of DelSqRho>
CP# = 30      
Type = (3,-1)
Coords =  7.57602377458703E-01 -3.37914535427590E+00  9.11112500695824E-01
DistFromNuc =  1.1838210773E+00
Rho =  2.4200869944E-01
DelSqRho =  7.3409769151E-01
GradDelSqRho = -5.5237203700E-12 -1.5960982536E-12 -5.7189253333E-12
HessDelSqRho_EigVals = -1.7132393646E+01 -1.4881447871E+00  3.2150826968E-01
HessDelSqRho_EigVec1 =  6.2753145431E-01  9.4431315401E-02  7.7284345150E-01
HessDelSqRho_EigVec2 =  5.1391660608E-01 -7.9590475701E-01 -3.2003959092E-01
HessDelSqRho_EigVec3 =  5.8488801992E-01  5.9801199355E-01 -5.4798509078E-01
</CP of DelSqRho>
<CP of DelSqRho>
CP# = 31      
Type = (3,-1)
Coords = -7.53743890371182E-01 -3.38002524797788E+00  9.11525016676516E-01
DistFromNuc =  1.1838188348E+00
Rho =  2.4200701944E-01
DelSqRho =  7.3410116832E-01
GradDelSqRho = -3.5943470422E-15 -1.3877787808E-17  4.2743586448E-15
HessDelSqRho_EigVals = -1.7132529110E+01 -1.4880859252E+00  3.2149204567E-01
HessDelSqRho_EigVec1 = -6.2721923268E-01  9.3702748151E-02  7.7318550759E-01
HessDelSqRho_EigVec2 =  5.1316126795E-01  7.9650635716E-01  3.1975480620E-01
HessDelSqRho_EigVec3 = -5.8588526798E-01  5.9732521962E-01 -5.4766872721E-01
</CP of DelSqRho>
<CP of DelSqRho>
CP# = 32      
Type = (3,-1)
Coords =  2.46915930846736E-03 -4.59619347705336E+00  2.75087590880942E-01
DistFromNuc =  1.1699642565E+00
Rho =  2.5066636875E-01
DelSqRho =  8.4077904705E-01
GradDelSqRho =  3.1764413148E-16  4.4408920985E-15 -1.3877787808E-15
HessDelSqRho_EigVals = -1.6506876548E+01 -4.1763015352E+00  2.1412526208E-01
HessDelSqRho_EigVec1 = -6.3018870824E-04  9.7386471481E-01 -2.2712798180E-01
HessDelSqRho_EigVec2 =  9.9999979225E-01  5.8294397371E-04 -2.7508724427E-04
HessDelSqRho_EigVec3 =  1.3549487243E-04  2.2712810797E-01  9.7386487985E-01
</CP of DelSqRho>
<CP of DelSqRho>
CP# = 33      
Type = (3,-1)
Coords =  1.88639343292437E+00 -3.92657380242903E+00  5.71378313241859E-01
DistFromNuc =  2.0233340670E+00
Rho =  7.1520352031E-02
DelSqRho =  1.8470817667E-01
GradDelSqRho = -1.1740608485E-14 -1.2698175844E-15 -3.9551695252E-15
HessDelSqRho_EigVals = -1.9927856480E+00 -6.4629413810E-03  5.1487500417E-01
HessDelSqRho_EigVec1 =  8.7450245547E-01  2.5930904267E-01  4.0988324650E-01
HessDelSqRho_EigVec2 = -3.5784861884E-01 -2.2549700770E-01  9.0614318157E-01
HessDelSqRho_EigVec3 = -3.2739856653E-01  9.3910059094E-01  1.0440430416E-01
</CP of DelSqRho>
<CP of DelSqRho>
CP# = 34      
Type = (3,-1)
Coords = -1.88204260597432E+00 -3.92882175842257E+00  5.72528303465144E-01
DistFromNuc =  2.0233407633E+00
Rho =  7.1517282939E-02
DelSqRho =  1.8470478672E-01
GradDelSqRho =  6.1062821466E-12 -7.3881872842E-13 -2.1120327709E-12
HessDelSqRho_EigVals = -1.9927053501E+00 -6.4709973661E-03  5.1486793673E-01
HessDelSqRho_EigVec1 =  8.7453960263E-01 -2.5825998515E-01 -4.1046591027E-01
HessDelSqRho_EigVec2 =  3.5868475883E-01 -2.2517590412E-01  9.0589240862E-01
HessDelSqRho_EigVec3 =  3.2638279246E-01  9.3946665309E-01  1.0429132523E-01
</CP of DelSqRho>
<CP of DelSqRho>
CP# = 35      
Type = (3,-1)
Coords =  9.67432917323424E-01 -5.22170253075990E+00  2.56136320819310E-02
DistFromNuc =  2.0107289062E+00
Rho =  7.2847074276E-02
DelSqRho =  1.9422902330E-01
GradDelSqRho = -1.2490009027E-16 -2.2204460493E-16 -6.2450045135E-17
HessDelSqRho_EigVals = -2.3471868118E+00 -1.8207049398E-02  4.6931260516E-01
HessDelSqRho_EigVec1 =  8.0677449497E-02  9.8891443515E-01  1.2465708598E-01
HessDelSqRho_EigVec2 = -1.8150824869E-01 -1.0839747681E-01  9.7739692177E-01
HessDelSqRho_EigVec3 =  9.8007443840E-01 -1.0148018016E-01  1.7075089526E-01
</CP of DelSqRho>
<CP of DelSqRho>
CP# = 36      
Type = (3,-1)
Coords = -9.61874036629845E-01 -5.22286768211305E+00  2.63267182830384E-02
DistFromNuc =  2.0107478173E+00
Rho =  7.2844679617E-02
DelSqRho =  1.9422220006E-01
GradDelSqRho =  2.2898349883E-16 -8.3266726847E-16 -1.9428902931E-16
HessDelSqRho_EigVals = -2.3471784171E+00 -1.8213045195E-02  4.6927791956E-01
HessDelSqRho_EigVec1 = -8.1816087192E-02  9.8883717117E-01  1.2452781534E-01
HessDelSqRho_EigVec2 =  1.8207797461E-01 -1.0801402822E-01  9.7733340313E-01
HessDelSqRho_EigVec3 =  9.7987434860E-01  1.0263536733E-01 -1.7120818420E-01
</CP of DelSqRho>
<CP of DelSqRho>
CP# = 37      
Type = (3,+1)
Coords =  1.59517008024469E+00 -4.19006344428623E+00  9.83349882731920E-01
DistFromNuc =  2.0087004262E+00
Rho =  7.1162907364E-02
DelSqRho =  1.8426982142E-01
GradDelSqRho =  1.9775847626E-16 -3.4694469520E-16 -9.7144514655E-17
HessDelSqRho_EigVals = -1.7853415963E+00  8.2898530338E-03  5.6826867404E-01
HessDelSqRho_EigVec1 =  6.1609793808E-01 -2.5219694919E-02  7.8726570971E-01
HessDelSqRho_EigVec2 =  6.0317561610E-01  6.5788778678E-01 -4.5095768776E-01
HessDelSqRho_EigVec3 = -5.0655948006E-01  7.5269358107E-01  4.2053521394E-01
</CP of DelSqRho>
<CP of DelSqRho>
CP# = 38      
Type = (3,+1)
Coords = -1.59009935054620E+00 -4.19219534815554E+00  9.84402911542307E-01
DistFromNuc =  2.0087079809E+00
Rho =  7.1159972274E-02
DelSqRho =  1.8426559844E-01
GradDelSqRho =  2.0816681712E-16  5.3082538365E-16  1.8041124150E-16
HessDelSqRho_EigVals = -1.7852899339E+00  8.2961098746E-03  5.6825914781E-01
HessDelSqRho_EigVec1 = -6.1541690542E-01 -2.6172724010E-02  7.8776711092E-01
HessDelSqRho_EigVec2 =  6.0425893220E-01 -6.5740163522E-01  4.5021576256E-01
HessDelSqRho_EigVec3 =  5.0609601399E-01  7.5308570464E-01  4.2039118223E-01
</CP of DelSqRho>
<CP of DelSqRho>
CP# = 39      
Type = (3,+1)
Coords =  1.81734539539165E+00 -4.18888094117145E+00 -4.83793871710533E-01
DistFromNuc =  2.0168762854E+00
Rho =  7.1132229789E-02
DelSqRho =  1.8249371939E-01
GradDelSqRho = -2.2195717486E-12  2.8279115161E-13  1.0384471061E-12
HessDelSqRho_EigVals = -1.8651643964E+00  1.0769262746E-02  5.4604755697E-01
HessDelSqRho_EigVec1 =  8.1513060024E-01 -7.8454682275E-03 -5.7922409582E-01
HessDelSqRho_EigVec2 =  4.5539034352E-01  6.2667634998E-01  6.3237361379E-01
HessDelSqRho_EigVec3 = -3.5802477509E-01  7.7924014335E-01 -5.1439581979E-01
</CP of DelSqRho>
<CP of DelSqRho>
CP# = 40      
Type = (3,+1)
Coords = -1.81307073514959E+00 -4.19138781478371E+00 -4.83134262892865E-01
DistFromNuc =  2.0168854214E+00
Rho =  7.1128464735E-02
DelSqRho =  1.8248409601E-01
GradDelSqRho =  4.3021142204E-16  3.7470027081E-16  2.0816681712E-16
HessDelSqRho_EigVals = -1.8648768768E+00  1.0788049777E-02  5.4608330919E-01
HessDelSqRho_EigVec1 =  8.1522385404E-01  9.1802025792E-03  5.7907321789E-01
HessDelSqRho_EigVec2 = -4.5605767615E-01  6.2645675964E-01  6.3211021533E-01
HessDelSqRho_EigVec3 =  3.5696143185E-01  7.7940211200E-01 -5.1488919584E-01
</CP of DelSqRho>
<Path of -GradDelSqRho>
Starting CP# =      3
Ending CP# =     22
Number of Points =     19
 -9.2218562670E-01 -4.1564607133E+00  1.3180025270E-01  4.0684662765E-01 -9.3639442223E-01
 -9.0254876493E-01 -4.1412344636E+00  1.2905162608E-01  4.1858756116E-01 -9.4589925894E-01
 -8.8290043928E-01 -4.1260226073E+00  1.2630522805E-01  4.3139251975E-01 -9.7483241552E-01
 -8.6324186519E-01 -4.1108235690E+00  1.2356120178E-01  4.4528049016E-01 -1.0239054716E+00
 -8.4357457545E-01 -4.0956353659E+00  1.2081963512E-01  4.6026458981E-01 -1.0938621060E+00
 -8.2390040205E-01 -4.0804556297E+00  1.1808056587E-01  4.7635119900E-01 -1.1853517100E+00
 -8.0422147568E-01 -4.0652816054E+00  1.1534399103E-01  4.9353908890E-01 -1.2987723158E+00
 -7.8454025636E-01 -4.0501101111E+00  1.1260987940E-01  5.1181864305E-01 -1.4340867534E+00
 -7.6485960938E-01 -4.0349374385E+00  1.0987818804E-01  5.3117129076E-01 -1.5906184240E+00
 -7.4518294733E-01 -4.0197591690E+00  1.0714888491E-01  5.5156928835E-01 -1.7668357726E+00
 -7.2551447315E-01 -4.0045698602E+00  1.0442198247E-01  5.7297599807E-01 -1.9601369121E+00
 -7.0585959200E-01 -3.9893625171E+00  1.0169759308E-01  5.9534682218E-01 -2.1666470723E+00
 -6.8622563179E-01 -3.9741276708E+00  9.8976028001E-02  6.1863094867E-01 -2.3810402226E+00
 -6.6662319082E-01 -3.9588516684E+00  9.6257990855E-02  6.4277405074E-01 -2.5963898128E+00
 -6.4706892598E-01 -3.9435131684E+00  9.3544994294E-02  6.6772203620E-01 -2.8040374514E+00
 -6.2759222963E-01 -3.9280748644E+00  9.0840389932E-02  6.9342577796E-01 -2.9934346076E+00
 -6.0825521584E-01 -3.9124592554E+00  8.8152525376E-02  7.1984589332E-01 -3.1518498871E+00
 -5.8924197752E-01 -3.8964451256E+00  8.5509205718E-02  7.4694879921E-01 -3.2637415738E+00
 -5.7652143073E-01 -3.8692969127E+00  8.5257879866E-02  7.7612194360E-01 -3.3112935786E+00
</Path of -GradDelSqRho>
<Path of -GradDelSqRho>
Starting CP# =      3
Ending CP# =      0
Number of Points =     30
 -9.2218562670E-01 -4.1564607133E+00  1.3180025270E-01  4.0684662765E-01 -9.3639442223E-01
 -9.4181058007E-01 -4.1717019539E+00  1.3455084428E-01  3.9614564741E-01 -9.4573203283E-01
 -9.6142270465E-01 -4.1869593762E+00  1.3730322502E-01  3.8645611975E-01 -9.7351141123E-01
 -9.8102185662E-01 -4.2022331891E+00  1.4005710305E-01  3.7774558685E-01 -1.0195402877E+00
 -1.0006082582E+00 -4.2175231368E+00  1.4281215956E-01  3.6997793014E-01 -1.0838166359E+00
 -1.0201824686E+00 -4.2328285354E+00  1.4556806864E-01  3.6311349352E-01 -1.1664583639E+00
 -1.0397453348E+00 -4.2481483333E+00  1.4832452140E-01  3.5710908176E-01 -1.2675619746E+00
 -1.0592979300E+00 -4.2634811878E+00  1.5108125325E-01  3.5191792901E-01 -1.3869631020E+00
 -1.0788414874E+00 -4.2788255447E+00  1.5383807453E-01  3.4748980402E-01 -1.5238705545E+00
 -1.0983773363E+00 -4.2941797129E+00  1.5659490528E-01  3.4377151941E-01 -1.6763653433E+00
 -1.1179068528E+00 -4.3095419201E+00  1.5935181781E-01  3.4070823682E-01 -1.8408188567E+00
 -1.1374314285E+00 -4.3249103413E+00  1.6210909326E-01  3.3824607700E-01 -2.0114127903E+00
 -1.1569524595E+00 -4.3402830980E+00  1.6486729930E-01  3.3633658436E-01 -2.1801437267E+00
 -1.1764713123E+00 -4.3556582864E+00  1.6762736500E-01  3.3494343727E-01 -2.3379262850E+00
 -1.1959890602E+00 -4.3710343389E+00  1.7039043021E-01  3.3405128799E-01 -2.4775517664E+00
 -1.2155052832E+00 -4.3864117958E+00  1.7315644863E-01  3.3367563648E-01 -2.5991176128E+00
 -1.2350156640E+00 -4.4017970795E+00  1.7592015216E-01  3.3387120748E-01 -2.7179106309E+00
 -1.2545145046E+00 -4.4171991430E+00  1.7867180535E-01  3.3473467970E-01 -2.8735334309E+00
 -1.2740028909E+00 -4.4326169630E+00  1.8140924848E-01  3.3639644680E-01 -3.1375258171E+00
 -1.2934856305E+00 -4.4480435696E+00  1.8413737189E-01  3.3899620616E-01 -3.6153763487E+00
 -1.3129658964E+00 -4.4634742019E+00  1.8686039006E-01  3.4263924911E-01 -4.4382886980E+00
 -1.3324451665E+00 -4.4789065961E+00  1.8958054527E-01  3.4733495522E-01 -5.7408819925E+00
 -1.3519241085E+00 -4.4943397142E+00  1.9229894313E-01  3.5292590676E-01 -7.6235982982E+00
 -1.3714030465E+00 -4.5097730484E+00  1.9501614151E-01  3.5902406288E-01 -1.0103563776E+01
 -1.3908821612E+00 -4.5252063198E+00  1.9773242993E-01  3.6497725092E-01 -1.3065374657E+01
 -1.4103615835E+00 -4.5406393374E+00  2.0044795512E-01  3.6989098188E-01 -1.6232051285E+01
 -1.4298414605E+00 -4.5560719055E+00  2.0316277283E-01  3.7272270122E-01 -1.9180446729E+01
 -1.4493220586E+00 -4.5715036939E+00  2.0587684807E-01  3.7244560891E-01 -2.1416522616E+01
 -1.4688042304E+00 -4.5869336743E+00  2.0858990609E-01  3.6825097441E-01 -2.2500925184E+01
 -1.4736758293E+00 -4.5907899144E+00  2.0926772277E-01  3.6653183784E-01 -2.2557072560E+01
</Path of -GradDelSqRho>
<Path of -GradDelSqRho>
Starting CP# =      4
Ending CP# =      0
Number of Points =     30
  9.2652069946E-01 -4.1553674686E+00  1.3128644914E-01  4.0686009586E-01 -9.3648484061E-01
  9.4616514824E-01 -4.1705855628E+00  1.3402601227E-01  3.9615908991E-01 -9.4582339225E-01
  9.6579679016E-01 -4.1858198524E+00  1.3676736562E-01  3.8646956079E-01 -9.7360566236E-01
  9.8541548170E-01 -4.2010705465E+00  1.3951021721E-01  3.7775905133E-01 -1.0196394532E+00
  1.0050214448E+00 -4.2163373888E+00  1.4225424805E-01  3.6999144273E-01 -1.0839227590E+00
  1.0246152375E+00 -4.2316196945E+00  1.4499913211E-01  3.6312707771E-01 -1.1665734329E+00
  1.0441977056E+00 -4.2469164112E+00  1.4774456036E-01  3.5712275905E-01 -1.2676878040E+00
  1.0637699205E+00 -4.2622261948E+00  1.5049026811E-01  3.5193171810E-01 -1.3871011464E+00
  1.0833331129E+00 -4.2775474898E+00  1.5323606563E-01  3.4750372033E-01 -1.5240216339E+00
  1.1028886104E+00 -4.2928786036E+00  1.5598187295E-01  3.4378557502E-01 -1.6765292810E+00
  1.1224377866E+00 -4.3082177624E+00  1.5872776245E-01  3.4072244106E-01 -1.8409940839E+00
  1.1419820312E+00 -4.3235631395E+00  1.6147401547E-01  3.3826043824E-01 -2.0115960772E+00
  1.1615227379E+00 -4.3389128546E+00  1.6422120000E-01  3.3635111314E-01 -2.1803303462E+00
  1.1810612719E+00 -4.3542650023E+00  1.6697024561E-01  3.3495815119E-01 -2.3381110637E+00
  1.2005987045E+00 -4.3696180138E+00  1.6972229242E-01  3.3406621799E-01 -2.4777315334E+00
  1.2201346152E+00 -4.3849724323E+00  1.7247729246E-01  3.3369083362E-01 -2.5992953779E+00
  1.2396646884E+00 -4.4003346903E+00  1.7522997173E-01  3.3388674822E-01 -2.7181012967E+00
  1.2591832321E+00 -4.4157137471E+00  1.7797059216E-01  3.3475066659E-01 -2.8737699756E+00
  1.2786913336E+00 -4.4311085726E+00  1.8069699938E-01  3.3641300111E-01 -3.1378638730E+00
  1.2981937951E+00 -4.4465121898E+00  1.8341408663E-01  3.3901344892E-01 -3.6158943276E+00
  1.3176937856E+00 -4.4619198348E+00  1.8612606864E-01  3.4265726909E-01 -4.4390804488E+00
  1.3371927809E+00 -4.4773292427E+00  1.8883518756E-01  3.4735376579E-01 -5.7420397414E+00
  1.3566914481E+00 -4.4927393749E+00  1.9154254895E-01  3.5294539821E-01 -7.6251856693E+00
  1.3761901110E+00 -4.5081497232E+00  1.9424871064E-01  3.5904396229E-01 -1.0105582513E+01
  1.3956889499E+00 -4.5235600085E+00  1.9695396216E-01  3.6499710521E-01 -1.3067734224E+01
  1.4151880957E+00 -4.5389700396E+00  1.9965845023E-01  3.6991017977E-01 -1.6234555837E+01
  1.4346876953E+00 -4.5543796206E+00  2.0236223053E-01  3.7274054234E-01 -1.9182814278E+01
  1.4541880149E+00 -4.5697884208E+00  2.0506526801E-01  3.7246141366E-01 -2.1418441986E+01
  1.4736899067E+00 -4.5851954097E+00  2.0776728741E-01  3.6826421030E-01 -2.2502138129E+01
  1.4785664286E+00 -4.5890459070E+00  2.0844234617E-01  3.6654437634E-01 -2.2558082528E+01
</Path of -GradDelSqRho>
<Path of -GradDelSqRho>
Starting CP# =      4
Ending CP# =     21
Number of Points =     19
  9.2652069946E-01 -4.1553674686E+00  1.3128644914E-01  4.0686009586E-01 -9.3648484061E-01
  9.0686436255E-01 -4.1401643784E+00  1.2854885214E-01  4.1860107781E-01 -9.4599057467E-01
  8.8719658115E-01 -4.1249756946E+00  1.2581348506E-01  4.3140610518E-01 -9.7492631683E-01
  8.6751856846E-01 -4.1097998407E+00  1.2308049117E-01  4.4529416155E-01 -1.0240034558E+00
  8.4783185451E-01 -4.0946348326E+00  1.2034995840E-01  4.6027836045E-01 -1.0939654331E+00
  8.2813826797E-01 -4.0794783002E+00  1.1762192465E-01  4.7636507772E-01 -1.1854613488E+00
  8.0843993569E-01 -4.0643274868E+00  1.1489638699E-01  4.9355307954E-01 -1.2988888829E+00
  7.8873931325E-01 -4.0491792081E+00  1.1217331431E-01  5.1183274417E-01 -1.4342104465E+00
  7.6903926081E-01 -4.0340297528E+00  1.0945266380E-01  5.3118549551E-01 -1.5907489527E+00
  7.4934318482E-01 -4.0188746995E+00  1.0673440360E-01  5.5158358466E-01 -1.7669722897E+00
  7.2965528074E-01 -4.0037086015E+00  1.0401854652E-01  5.7299036909E-01 -1.9602779514E+00
  7.0998094413E-01 -3.9885244587E+00  1.0130520544E-01  5.9536124718E-01 -2.1667904976E+00
  6.9032748999E-01 -3.9733127950E+00  9.8594692631E-02  6.1864540431E-01 -2.3811831910E+00
  6.7070549830E-01 -3.9580599469E+00  9.5887713526E-02  6.4278851291E-01 -2.5965287513E+00
  6.5113159785E-01 -3.9427445557E+00  9.3185784283E-02  6.6773648245E-01 -2.8041680362E+00
  6.3163513356E-01 -3.9273292827E+00  9.0492263897E-02  6.9344019066E-01 -2.9935517142E+00
  6.1227812708E-01 -3.9117365506E+00  8.7815518216E-02  7.1986026379E-01 -3.1519474459E+00
  5.9324444824E-01 -3.8957448713E+00  8.5183415962E-02  7.4696312965E-01 -3.2638122099E+00
  5.8049586328E-01 -3.8686232843E+00  8.4951810860E-02  7.7612340362E-01 -3.3113244917E+00
</Path of -GradDelSqRho>
<Path of -GradDelSqRho>
Starting CP# =      7
Ending CP# =     15
Number of Points =     46
  1.8003655632E-03 -3.4996890311E+00  1.6679858480E-01  2.2488059658E+01  1.2372747509E+03
  1.8114181125E-03 -3.5057371885E+00  1.9105594549E-01  1.5577975832E+01  1.1554000426E+03
  1.8224597560E-03 -3.5117656943E+00  2.1531819997E-01  1.0891994554E+01  9.8529385881E+02
  1.8334986660E-03 -3.5177891558E+00  2.3958170727E-01  7.7239343867E+00  7.7673211599E+02
  1.8445311158E-03 -3.5238008509E+00  2.6384813209E-01  5.5901414925E+00  5.7574113913E+02
  1.8555507527E-03 -3.5297892941E+00  2.8812030443E-01  4.1538166653E+00  4.1123487776E+02
  1.8665507097E-03 -3.5357420016E+00  3.1240126397E-01  3.1844377188E+00  2.8835192816E+02
  1.8775241801E-03 -3.5416465050E+00  3.3669398840E-01  2.5272216638E+00  1.9991126244E+02
  1.8884649965E-03 -3.5474913759E+00  3.6100112714E-01  2.0788691972E+00  1.3668961338E+02
  1.8993673419E-03 -3.5532656828E+00  3.8532512244E-01  1.7700862971E+00  9.1479725442E+01
  1.9102242399E-03 -3.5589562193E+00  4.0966884720E-01  1.5540574015E+00  5.9387828539E+01
  1.9210254369E-03 -3.5645435871E+00  4.3403644926E-01  1.3991173376E+00  3.7040003832E+01
  1.9317550391E-03 -3.5699977777E+00  4.5843418792E-01  1.2840114116E+00  2.1911994809E+01
  1.9423884016E-03 -3.5752723396E+00  4.8287135315E-01  1.1946820476E+00  1.2005894156E+01
  1.9528870418E-03 -3.5802949404E+00  5.0736146506E-01  1.1220018365E+00  5.7422476684E+00
  1.9631892279E-03 -3.5849502320E+00  5.3192385645E-01  1.0601571983E+00  1.9201468099E+00
  1.9731905820E-03 -3.5890454464E+00  5.5658531973E-01  1.0055188048E+00 -3.2644257639E-01
  1.9826972906E-03 -3.5922302111E+00  5.8137928398E-01  9.5589669630E-01 -1.5893244111E+00
  1.9912829063E-03 -3.5937624813E+00  6.0632357725E-01  9.1016052722E-01 -2.2537588026E+00
  1.9976647793E-03 -3.5915737484E+00  6.3117017800E-01  8.6870165779E-01 -2.5627346114E+00
  1.9965806807E-03 -3.5787809885E+00  6.5193880466E-01  8.4002228253E-01 -2.6827513153E+00
  1.9850347077E-03 -3.5551863097E+00  6.5955916110E-01  8.3679792099E-01 -2.7550494155E+00
  1.9709865140E-03 -3.5303072444E+00  6.6193681578E-01  8.4113110325E-01 -2.8252782917E+00
  1.9563169436E-03 -3.5053279199E+00  6.6291160703E-01  8.4622103188E-01 -2.8951804188E+00
  1.9412340009E-03 -3.4803292456E+00  6.6297132844E-01  8.5122053236E-01 -2.9645039028E+00
  1.9257869474E-03 -3.4553431600E+00  6.6217436932E-01  8.5601104201E-01 -3.0329453403E+00
  1.9100095444E-03 -3.4303985196E+00  6.6052969106E-01  8.6055983647E-01 -3.1001942160E+00
  1.8939350630E-03 -3.4055238843E+00  6.5804117151E-01  8.6484534805E-01 -3.1659384160E+00
  1.8775977133E-03 -3.3807476736E+00  6.5471255697E-01  8.6884897519E-01 -3.2298679463E+00
  1.8610326662E-03 -3.3560981985E+00  6.5054798384E-01  8.7255439154E-01 -3.2916785792E+00
  1.8442759482E-03 -3.3316036943E+00  6.4555203698E-01  8.7594763025E-01 -3.3510755264E+00
  1.8273643319E-03 -3.3072923535E+00  6.3972976958E-01  8.7901721603E-01 -3.4077770847E+00
  1.8103352208E-03 -3.2831923564E+00  6.3308672607E-01  8.8175427103E-01 -3.4615181865E+00
  1.7932265198E-03 -3.2593318975E+00  6.2562897063E-01  8.8415258780E-01 -3.5120537874E+00
  1.7760764751E-03 -3.2357392078E+00  6.1736312056E-01  8.8620866942E-01 -3.5591620237E+00
  1.7589234647E-03 -3.2124425735E+00  6.0829638349E-01  8.8792173781E-01 -3.6026470838E+00
  1.7418057185E-03 -3.1894703498E+00  5.9843659758E-01  8.8929371181E-01 -3.6423417391E+00
  1.7247609354E-03 -3.1668509707E+00  5.8779227436E-01  8.9032915663E-01 -3.6781094934E+00
  1.7078257620E-03 -3.1446129540E+00  5.7637264365E-01  8.9103520675E-01 -3.7098463166E+00
  1.6910350820E-03 -3.1227849011E+00  5.6418770043E-01  8.9142146445E-01 -3.7374819425E+00
  1.6744210560E-03 -3.1013954932E+00  5.5124825377E-01  8.9149987630E-01 -3.7609807192E+00
