 AIMInt (Version 19.02.13, Professional)
 Portions Copyright (c) 1997-2019 by Todd A. Keith
 AIMInt is a component of the AIMAll package ( http://aim.tkgristmill.com )

 TP:  64-bit Linux

 Licensed To:  Research Group of Fernando Cortes Guzman, UNAM, fercor@unam.mx

 AIMInt is a heavily modified and extended version of the PROAIMV program
 developed by members of R.F.W. Bader's research group

 Much of the Quantum Theory of Atoms in Molecules (QTAIM) is described in the book:
   "Atoms in Molecules - A Quantum Theory"
   R.F.W. Bader, Oxford University Press, Oxford, 1990

 For additional references see:  http://aim.tkgristmill.com/references.html

 Current Directory:  /home/scratch/M_H2O_4_cuadrado_plano/Opt

 Inp File:  Mn3_cuadrado_plano_cc-pvtz-def2-tzv_1_atomicfiles/o4.inp
 Wfx File:  Mn3_cuadrado_plano_cc-pvtz-def2-tzv_1.wfx
 Out File:  Mn3_cuadrado_plano_cc-pvtz-def2-tzv_1_atomicfiles/o4.int

 Wfx Title:   Mn3_cuadrado_plano_cc-pvtz-def2-tzv_1                                         
 Job Title:   Mn3_cuadrado_plano_cc-pvtz-def2-tzv_1                                         
 
<Atom>
O4      
</Atom>
<Nuclei of Molecule>
    13
Mn1       25.0          -8.4467860928E-06   2.5244705709E-05  -5.7599143257E-05
O2         8.0           1.7254580615E-03  -3.4581977669E+00   3.4599559778E-03
H3         1.0          -1.4809276934E+00  -4.5965688673E+00   2.1026701082E-01
O4         8.0          -3.4582004102E+00  -1.7377241286E-03   3.6981649693E-05
H5         1.0          -4.6072923526E+00   1.2537539240E+00   8.0589680153E-01
O6         8.0          -1.7222638428E-03   3.4581960621E+00  -3.4882646567E-03
H7         1.0           1.4810410964E+00   4.5963921928E+00  -2.1027721593E-01
O8         8.0           3.4581969148E+00   1.7100355704E-03   7.4530507954E-05
H9         1.0           4.6073034836E+00  -1.2538393626E+00  -8.0569567856E-01
H10        1.0           4.6058785111E+00   1.2583407132E+00   8.0621718570E-01
H11        1.0           1.4858144952E+00  -4.5948074866E+00   2.0943596596E-01
H12        1.0          -4.6058448356E+00  -1.2585713772E+00  -8.0577945012E-01
H13        1.0          -1.4857591256E+00   4.5949042932E+00  -2.0929026866E-01
</Nuclei of Molecule>
<Total Number of CPs of DelSqRho>
    42
</Total Number of CPs of DelSqRho>
<Number of (3,+3) CPs of DelSqRho>
     5
</Number of (3,+3) CPs of DelSqRho>
<Number of (3,+1) CPs of DelSqRho>
    15
</Number of (3,+1) CPs of DelSqRho>
<Number of (3,-1) CPs of DelSqRho>
    16
</Number of (3,-1) CPs of DelSqRho>
<Number of (3,-3) CPs of DelSqRho>
     6
</Number of (3,-3) CPs of DelSqRho>
<Number of Degenerate CPs of DelSqRho>
     0
</Number of Degenerate CPs of DelSqRho>
<CP of DelSqRho>
CP# = 1       
Type = (3,+3)
Coords = -3.45820068463726E+00 -1.73772429978403E-03  3.69816621187361E-05
DistFromNuc =  2.7444631184E-07
Rho =  2.9727790883E+02
DelSqRho = -3.3289368745E+06
GradDelSqRho =  1.9019900719E-05 -1.3573810520E-08  2.2038193492E-10
HessDelSqRho_EigVals =  1.3238337378E+11  1.3238339225E+11  1.3238339752E+11
HessDelSqRho_EigVec1 =  3.2363956277E-04 -5.4615303406E-01  8.3768535778E-01
HessDelSqRho_EigVec2 =  9.9999979175E-01  6.4447616926E-04  3.3835042697E-05
HessDelSqRho_EigVec3 = -5.5834736166E-04  8.3768517239E-01  5.4615312890E-01
</CP of DelSqRho>
<CP of DelSqRho>
CP# = 2       
Type = (3,-1)
Coords = -1.99747429124058E+00 -1.06578242137319E-03 -2.49430358026317E-05
DistFromNuc =  1.4607262748E+00
Rho =  1.6427021303E-01
DelSqRho =  4.1280245432E-01
GradDelSqRho =  2.5472957077E-12 -2.6645352591E-15 -2.0745124368E-15
HessDelSqRho_EigVals = -8.1075963824E-01 -2.0248030448E-01  4.9152990000E+00
HessDelSqRho_EigVec1 =  2.2138495592E-04 -3.8864081361E-01  9.2138931456E-01
HessDelSqRho_EigVec2 = -4.9458280327E-04  9.2138918190E-01  3.8864087648E-01
HessDelSqRho_EigVec3 =  9.9999985319E-01  5.4174255340E-04 -1.1766640360E-05
</CP of DelSqRho>
<CP of DelSqRho>
CP# = 3       
Type = (3,+1)
Coords = -4.16342925140665E+00  7.82335608401660E-01  4.97322477411225E-01
DistFromNuc =  1.1659380659E+00
Rho =  4.0538865394E-01
DelSqRho = -9.2581959057E-01
GradDelSqRho = -3.2096547642E-13  4.2976733283E-13  2.3780977187E-13
HessDelSqRho_EigVals = -2.9797391286E+01  1.4208364132E+01  1.4781233662E+01
HessDelSqRho_EigVec1 = -6.1367035733E-01  6.6304916692E-01  4.2868927533E-01
HessDelSqRho_EigVec2 = -4.4110874617E-02 -5.7088826316E-01  8.1984194924E-01
HessDelSqRho_EigVec3 = -7.8832919728E-01 -4.8420284307E-01 -3.7958488311E-01
</CP of DelSqRho>
<CP of DelSqRho>
CP# = 4       
Type = (3,+1)
Coords = -4.16252803361980E+00 -7.86633900629590E-01 -4.97222345944254E-01
DistFromNuc =  1.1659357821E+00
Rho =  4.0539247054E-01
DelSqRho = -9.2584334923E-01
GradDelSqRho = -3.1258329258E-13 -4.1228132019E-13 -2.2765123120E-13
HessDelSqRho_EigVals = -2.9798228380E+01  1.4208729130E+01  1.4781636536E+01
HessDelSqRho_EigVec1 =  6.1290697690E-01  6.6376894136E-01  4.2866750536E-01
HessDelSqRho_EigVec2 = -4.4776400342E-02  5.7081552482E-01 -8.1985651830E-01
HessDelSqRho_EigVec3 =  7.8888536027E-01 -4.8330159229E-01 -3.7957800154E-01
</CP of DelSqRho>
<CP of DelSqRho>
CP# = 5       
Type = (3,-1)
Coords = -3.29112618228225E+00 -1.63196770785442E-03  3.83524874746454E-05
DistFromNuc =  1.6707426139E-01
Rho =  2.2723332450E+01
DelSqRho =  1.2886508651E+03
GradDelSqRho = -6.3920424509E-11 -8.2156503822E-15  5.2735593670E-16
HessDelSqRho_EigVals = -4.4775496240E+05 -2.4930501961E+03  1.8147743716E+02
HessDelSqRho_EigVec1 =  9.9999979967E-01  6.3292406269E-04  7.9640974566E-06
HessDelSqRho_EigVec2 =  3.4754582226E-04 -5.5954014515E-01  8.2880317638E-01
HessDelSqRho_EigVec3 = -5.2902570581E-04  8.2880300758E-01  5.5954025303E-01
</CP of DelSqRho>
<CP of DelSqRho>
CP# = 6       
Type = (3,-1)
Coords = -3.62690853972763E+00 -1.83588174304958E-03  3.16188833044628E-05
DistFromNuc =  1.6870815818E-01
Rho =  2.2362953639E+01
DelSqRho =  1.2518875471E+03
GradDelSqRho = -7.9580786405E-12 -1.5321077740E-14 -4.1078251911E-15
HessDelSqRho_EigVals = -4.0842313967E+05 -1.1129337582E+03  1.2012946334E+03
HessDelSqRho_EigVec1 =  9.9999983032E-01  5.8165805748E-04  3.2124156741E-05
HessDelSqRho_EigVec2 =  3.0220048697E-04 -5.6511427140E-01  8.2501258714E-01
HessDelSqRho_EigVec3 = -4.9802903826E-04  8.2501243744E-01  5.6511435128E-01
</CP of DelSqRho>
<CP of DelSqRho>
CP# = 7       
Type = (3,+1)
Coords = -3.51880344093649E+00 -9.02097475249452E-02  1.29792708896373E-01
DistFromNuc =  1.6833471125E-01
Rho =  2.2528078515E+01
DelSqRho =  1.2417285233E+03
GradDelSqRho =  2.6432189770E-12 -1.2448708731E-11  9.5496943686E-12
HessDelSqRho_EigVals = -4.1401970476E+05  1.5334719703E+03  2.4285855570E+03
HessDelSqRho_EigVec1 = -3.5637102648E-01 -5.2636773850E-01  7.7196936166E-01
HessDelSqRho_EigVec2 =  9.3430883569E-01 -1.9353438956E-01  2.9935169885E-01
HessDelSqRho_EigVec3 =  8.1664575667E-03 -8.2793806768E-01 -5.6076007797E-01
</CP of DelSqRho>
<CP of DelSqRho>
CP# = 8       
Type = (3,+1)
Coords = -3.51891116252174E+00  8.66614811081372E-02 -1.29717920078619E-01
DistFromNuc =  1.6833463535E-01
Rho =  2.2528094056E+01
DelSqRho =  1.2417304647E+03
GradDelSqRho = -8.6401996668E-12  3.9790393203E-12 -6.3096194935E-12
HessDelSqRho_EigVals = -4.1402150579E+05  1.5333749769E+03  2.4285060645E+03
HessDelSqRho_EigVec1 =  3.5701196257E-01 -5.2593977689E-01  7.7196490183E-01
HessDelSqRho_EigVec2 = -9.3407236353E-01 -1.9467226843E-01  2.9935184581E-01
HessDelSqRho_EigVec3 =  7.1608844036E-03  8.2794327039E-01  5.6076613909E-01
</CP of DelSqRho>
<CP of DelSqRho>
CP# = 9       
Type = (3,-3)
Coords = -3.31969319689193E+00  7.58824757066867E-02  5.24429186959267E-02
DistFromNuc =  1.6719906039E-01
Rho =  2.2679026790E+01
DelSqRho =  1.2890806662E+03
GradDelSqRho = -7.2759576142E-12 -7.6312289821E-12  1.3642420527E-12
HessDelSqRho_EigVals = -4.4497081513E+05 -2.6449327622E+03 -3.2198662320E+02
HessDelSqRho_EigVec1 =  8.2975537919E-01  4.6256039301E-01  3.1232017791E-01
HessDelSqRho_EigVec2 =  9.6744395802E-04 -5.6077714747E-01  8.2796621605E-01
HessDelSqRho_EigVec3 = -5.5812639676E-01  6.8670726929E-01  4.6575535590E-01
</CP of DelSqRho>
<CP of DelSqRho>
CP# = 10      
Type = (3,-3)
Coords = -3.31960452746528E+00 -7.91949311735519E-02 -5.23757254806575E-02
DistFromNuc =  1.6719907147E-01
Rho =  2.2679022429E+01
DelSqRho =  1.2890808835E+03
GradDelSqRho = -8.7538865046E-12  1.5631940187E-12  2.2382096176E-12
HessDelSqRho_EigVals = -4.4497061721E+05 -2.6449582164E+03 -3.2204681646E+02
HessDelSqRho_EigVec1 =  8.3028379404E-01 -4.6158366117E-01 -3.1236092121E-01
HessDelSqRho_EigVec2 = -2.7485639090E-04 -5.6078768343E-01  8.2795959960E-01
HessDelSqRho_EigVec3 =  5.5734078068E-01  6.8735558327E-01  4.6573979467E-01
</CP of DelSqRho>
<CP of DelSqRho>
CP# = 11      
Type = (3,+1)
Coords = -2.78927993362795E+00 -1.36017718397988E-03  3.31682554447713E-05
DistFromNuc =  6.6892058312E-01
Rho =  8.5724257607E-01
DelSqRho = -3.5038360967E+00
GradDelSqRho = -7.8159700934E-14  5.2041704279E-17 -3.9898639947E-17
HessDelSqRho_EigVals = -4.7909200363E+00  1.8610871911E+01  2.4139580161E+02
HessDelSqRho_EigVec1 =  3.0322964339E-04 -5.2784512691E-01  8.4934058542E-01
HessDelSqRho_EigVec2 = -4.7923946112E-04  8.4934045023E-01  5.2784521399E-01
HessDelSqRho_EigVec3 =  9.9999983919E-01  5.6709584047E-04 -4.5809876565E-06
</CP of DelSqRho>
<CP of DelSqRho>
CP# = 12      
Type = (3,-1)
Coords = -4.17375621595462E+00 -2.15257763867166E-03  5.06361893404418E-05
DistFromNuc =  7.1555592615E-01
Rho =  6.9300233814E-01
DelSqRho = -1.2630164148E+00
GradDelSqRho = -1.4566126083E-13 -1.5406773080E-13  2.4536882942E-13
HessDelSqRho_EigVals = -2.0052366140E+01 -3.4829225621E+00  1.4489034066E+02
HessDelSqRho_EigVec1 = -4.8950994366E-04  8.5865423870E-01  5.1255502997E-01
HessDelSqRho_EigVec2 =  3.1304746198E-04 -5.1255493468E-01  8.5865437804E-01
HessDelSqRho_EigVec3 =  9.9999983119E-01  5.8077390747E-04 -1.7898792946E-05
</CP of DelSqRho>
<CP of DelSqRho>
CP# = 13      
Type = (3,-1)
Coords = -3.19371412274037E+00  5.47985222608143E-01  3.58915573548430E-01
DistFromNuc =  7.0777267406E-01
Rho =  6.9825429741E-01
DelSqRho = -1.2394543366E+00
GradDelSqRho =  1.6875389974E-14  1.4210854715E-14  8.8817841970E-16
HessDelSqRho_EigVals = -1.5808673079E+01 -1.0253260318E+01  1.5363361546E+02
HessDelSqRho_EigVec1 =  9.1522770276E-01 -3.8151616204E-01 -1.2962897130E-01
HessDelSqRho_EigVec2 = -9.1242705821E-02 -5.0958377123E-01  8.5556948796E-01
HessDelSqRho_EigVec3 =  3.9247040746E-01  7.7121319892E-01  5.0119575125E-01
</CP of DelSqRho>
<CP of DelSqRho>
CP# = 14      
Type = (3,-1)
Coords = -3.19309323638299E+00 -5.51165050033070E-01 -3.58839616180911E-01
DistFromNuc =  7.0777440793E-01
Rho =  6.9825255132E-01
DelSqRho = -1.2394323875E+00
GradDelSqRho = -5.3290705182E-15  1.7763568394E-14  3.5527136788E-15
HessDelSqRho_EigVals = -1.5809174638E+01 -1.0253343271E+01  1.5363175597E+02
HessDelSqRho_EigVec1 =  9.1479594885E-01  3.8255421811E-01  1.2961729116E-01
HessDelSqRho_EigVec2 =  9.1827865441E-02 -5.0947245540E-01  8.5557317648E-01
HessDelSqRho_EigVec3 = -3.9333956716E-01  7.7077239662E-01  5.0119247552E-01
</CP of DelSqRho>
<CP of DelSqRho>
CP# = 15      
Type = (3,+1)
Coords = -3.68998147288183E+00 -6.20737006863897E-01  1.62554901008971E-01
DistFromNuc =  6.8065751091E-01
Rho =  7.9968062356E-01
DelSqRho = -2.6199604222E+00
GradDelSqRho =  1.3322676296E-15  4.4408920985E-14  8.8817841970E-16
HessDelSqRho_EigVals = -1.1547827483E+01  1.1718124470E+01  2.0399608583E+02
HessDelSqRho_EigVec1 =  5.5874893679E-01  8.8247389739E-02  8.2462841562E-01
HessDelSqRho_EigVec2 = -7.7060278131E-01  4.2277464109E-01  4.7689931462E-01
HessDelSqRho_EigVec3 =  3.0654686276E-01  9.0192793562E-01 -3.0422856519E-01
</CP of DelSqRho>
<CP of DelSqRho>
CP# = 16      
Type = (3,+1)
Coords = -3.69070447786150E+00  6.16994697892504E-01 -1.62461698745162E-01
DistFromNuc =  6.8065686853E-01
Rho =  7.9968210103E-01
DelSqRho = -2.6199978449E+00
GradDelSqRho =  1.0658141036E-14 -2.4868995752E-14  8.8817841970E-16
HessDelSqRho_EigVals = -1.1547437497E+01  1.1718204693E+01  2.0399850680E+02
HessDelSqRho_EigVec1 =  5.5881852856E-01 -8.7589535663E-02 -8.2465139628E-01
HessDelSqRho_EigVec2 =  7.7013239536E-01  4.2365735885E-01  4.7687580765E-01
HessDelSqRho_EigVec3 = -3.0760030196E-01  9.0157779228E-01 -3.0420312079E-01
</CP of DelSqRho>
<CP of DelSqRho>
CP# = 17      
Type = (3,+1)
Coords = -3.69467834810809E+00  1.10956011880011E-01  6.32046104486209E-01
DistFromNuc =  6.8414707820E-01
Rho =  7.8485017262E-01
DelSqRho = -2.4415214436E+00
GradDelSqRho =  1.1102230246E-14  9.9920072216E-15  3.5527136788E-15
HessDelSqRho_EigVals = -1.2946460112E+01  1.0043956146E+01  1.9690407040E+02
HessDelSqRho_EigVec1 = -5.5041090135E-01  7.9062495296E-01 -2.6825365503E-01
HessDelSqRho_EigVec2 =  7.7388022434E-01  6.0370660884E-01  1.9143596532E-01
HessDelSqRho_EigVec3 = -3.1330055547E-01  1.0222775651E-01  9.4413571468E-01
</CP of DelSqRho>
<CP of DelSqRho>
CP# = 18      
Type = (3,+1)
Coords = -3.69457096017077E+00 -1.14708052172315E-01 -6.31962239249899E-01
DistFromNuc =  6.8414643691E-01
Rho =  7.8485328123E-01
DelSqRho = -2.4415467716E+00
GradDelSqRho =  8.8817841970E-16 -7.8825834748E-15 -2.1316282073E-14
HessDelSqRho_EigVals = -1.2946576956E+01  1.0044096043E+01  1.9690542443E+02
HessDelSqRho_EigVec1 =  5.4948306561E-01  7.9126240092E-01 -2.6827630066E-01
HessDelSqRho_EigVec2 =  7.7457268273E-01 -6.0280883679E-01 -1.9146452791E-01
HessDelSqRho_EigVec3 =  3.1321800679E-01  1.0259297816E-01  9.4412348824E-01
</CP of DelSqRho>
<CP of DelSqRho>
CP# = 19      
Type = (3,+3)
Coords = -3.09357785001338E+00 -2.93402962514971E-01  4.54002056866809E-01
DistFromNuc =  6.5123153501E-01
Rho =  9.0504093608E-01
DelSqRho = -3.9438651371E+00
GradDelSqRho = -6.3948846218E-14  3.1086244690E-14 -4.7961634664E-14
HessDelSqRho_EigVals =  6.4441001338E+00  1.9265816040E+01  2.8619399551E+02
HessDelSqRho_EigVec1 =  8.4344808690E-01  3.2227750397E-01 -4.2980522931E-01
HessDelSqRho_EigVec2 =  3.1334341093E-02 -8.2821956988E-01 -5.5952703521E-01
HessDelSqRho_EigVec3 =  5.3629607846E-01 -4.5846434376E-01  7.0865856499E-01
</CP of DelSqRho>
<CP of DelSqRho>
CP# = 20      
Type = (3,+3)
Coords = -3.09393323388270E+00  2.90346918221421E-01 -4.53941147449227E-01
DistFromNuc =  6.5122972577E-01
Rho =  9.0504573141E-01
DelSqRho = -3.9438953974E+00
GradDelSqRho = -2.0428103653E-14 -7.9936057773E-15 -3.5527136788E-15
HessDelSqRho_EigVals =  6.4440481464E+00  1.9265572254E+01  2.8620085833E+02
HessDelSqRho_EigVec1 = -8.4383596761E-01  3.2131466373E-01 -4.2976475732E-01
HessDelSqRho_EigVec2 =  3.0409888514E-02  8.2824963517E-01  5.5953353833E-01
HessDelSqRho_EigVec3 = -5.3573883418E-01 -4.5908542637E-01  7.0867797542E-01
</CP of DelSqRho>
<CP of DelSqRho>
CP# = 21      
Type = (3,+3)
Coords = -3.87607645952662E+00  4.96401861889315E-01  2.95470832616099E-01
DistFromNuc =  7.1417406846E-01
Rho =  7.7555943258E-01
DelSqRho = -3.2994634766E+00
GradDelSqRho =  1.4210854715E-14 -2.3092638912E-14 -4.4408920985E-15
HessDelSqRho_EigVals =  1.3488920048E+01  2.3527531463E+01  1.5124499577E+02
HessDelSqRho_EigVec1 = -4.2678788547E-02 -5.2170308194E-01  8.5205892713E-01
HessDelSqRho_EigVec2 =  8.1765797639E-01  4.7183795710E-01  3.2985508317E-01
HessDelSqRho_EigVec3 = -5.7412015699E-01  7.1077059347E-01  4.0643721385E-01
</CP of DelSqRho>
<CP of DelSqRho>
CP# = 22      
Type = (3,+3)
Coords = -3.87550957747612E+00 -5.00360263580146E-01 -2.95383610533432E-01
DistFromNuc =  7.1417414139E-01
Rho =  7.7556128462E-01
DelSqRho = -3.2994847298E+00
GradDelSqRho =  1.2434497876E-14  1.7763568394E-14  7.9936057773E-15
HessDelSqRho_EigVals =  1.3489327210E+01  2.3528042215E+01  1.5124449081E+02
HessDelSqRho_EigVec1 =  4.3294794369E-02 -5.2164913613E-01  8.5206087785E-01
HessDelSqRho_EigVec2 =  8.1819035596E-01 -4.7090339436E-01 -3.2987048155E-01
HessDelSqRho_EigVec3 =  5.7331501131E-01  7.1142966761E-01  4.0642062675E-01
</CP of DelSqRho>
<CP of DelSqRho>
CP# = 23      
Type = (3,-1)
Coords = -2.19846297187481E+00 -1.06250554917041E-03  3.57097685321360E-05
DistFromNuc =  1.2597376193E+00
Rho =  2.4103788218E-01
DelSqRho =  4.5408654254E-01
GradDelSqRho = -3.8302694350E-15  3.2742905609E-17  1.9081958236E-17
HessDelSqRho_EigVals = -7.6708083497E+00 -2.4292542084E-01  7.1717774871E-01
HessDelSqRho_EigVec1 =  9.9999985377E-01  5.4079531602E-04  2.9945165347E-06
HessDelSqRho_EigVec2 =  2.2873952083E-04 -4.2797320685E-01  9.0379139291E-01
HessDelSqRho_EigVec3 = -4.9004772479E-04  9.0379126006E-01  4.2797326796E-01
</CP of DelSqRho>
<CP of DelSqRho>
CP# = 24      
Type = (3,-1)
Coords = -3.51551784279184E+00  1.11908060110078E+00 -3.78955114160615E-01
DistFromNuc =  1.1845480214E+00
Rho =  2.4164372465E-01
DelSqRho =  7.3203155189E-01
GradDelSqRho = -4.7796402253E-14 -8.1629147886E-14 -1.2006021177E-14
HessDelSqRho_EigVals = -1.7361482750E+01 -1.2319704447E+00  3.1073718094E-01
HessDelSqRho_EigVec1 = -2.5029184397E-02  9.4243871085E-01 -3.3344087366E-01
HessDelSqRho_EigVec2 = -7.3307022251E-01  2.0947640801E-01  6.4709171171E-01
HessDelSqRho_EigVec3 =  6.7969227508E-01  2.6063175322E-01  6.8563073181E-01
</CP of DelSqRho>
<CP of DelSqRho>
CP# = 25      
Type = (3,-1)
Coords = -3.51423435777350E+00 -1.12262010312440E+00  3.79037446614097E-01
DistFromNuc =  1.1845498990E+00
Rho =  2.4164496350E-01
DelSqRho =  7.3202440591E-01
GradDelSqRho = -1.8477407104E-14  2.9976021665E-14  3.6914915569E-15
HessDelSqRho_EigVals = -1.7361212059E+01 -1.2321283826E+00  3.1077219076E-01
HessDelSqRho_EigVec1 =  2.3949988032E-02  9.4246353343E-01 -3.3344997560E-01
HessDelSqRho_EigVec2 =  7.3284017626E-01  2.1031801569E-01  6.4707929061E-01
HessDelSqRho_EigVec3 =  6.7997917184E-01 -2.5986308016E-01 -6.8563802800E-01
</CP of DelSqRho>
<CP of DelSqRho>
CP# = 26      
Type = (3,-1)
Coords = -3.48158050131739E+00  2.12275721166789E-01  1.16113446502113E+00
DistFromNuc =  1.1808876955E+00
Rho =  2.4138878197E-01
DelSqRho =  7.4266421637E-01
GradDelSqRho =  3.2031668984E-14  9.9913133322E-13  3.5975077084E-12
HessDelSqRho_EigVals = -1.7232055848E+01 -1.5165310783E+00  2.8628984748E-01
HessDelSqRho_EigVec1 =  8.9444155724E-03  1.6964453050E-01  9.8546472829E-01
HessDelSqRho_EigVec2 = -7.5488092457E-01  6.4746586421E-01 -1.0460757335E-01
HessDelSqRho_EigVec3 =  6.5580087462E-01  7.4297287161E-01 -1.3385262379E-01
</CP of DelSqRho>
<CP of DelSqRho>
CP# = 27      
Type = (3,-1)
Coords = -3.48134033584569E+00 -2.15811878673224E-01 -1.16105448694186E+00
DistFromNuc =  1.1808880549E+00
Rho =  2.4138916645E-01
DelSqRho =  7.4266263488E-01
GradDelSqRho =  2.7883945153E-14 -9.8658581305E-13 -3.5848060631E-12
HessDelSqRho_EigVals = -1.7231935068E+01 -1.5165281628E+00  2.8629411889E-01
HessDelSqRho_EigVec1 = -9.1347273572E-03  1.6966348131E-01  9.8545972006E-01
HessDelSqRho_EigVec2 =  7.5414493499E-01  6.4831958000E-01 -1.0462857738E-01
HessDelSqRho_EigVec3 =  6.5664448051E-01 -7.4222370300E-01  1.3387307769E-01
</CP of DelSqRho>
<CP of DelSqRho>
CP# = 28      
Type = (3,-3)
Coords = -3.03395042852598E+00  9.14530113895095E-01  5.47417593354264E-01
DistFromNuc =  1.1485470526E+00
Rho =  2.4604035708E-01
DelSqRho =  8.3026580793E-01
GradDelSqRho = -1.1379786002E-15 -6.6613381478E-16 -1.3877787808E-15
HessDelSqRho_EigVals = -1.7613951628E+01 -1.6446930831E+00 -4.5912959668E-01
HessDelSqRho_EigVec1 =  4.0333486758E-01  7.8349350918E-01  4.7271440180E-01
HessDelSqRho_EigVec2 = -9.1481958543E-01  3.5691252828E-01  1.8899357996E-01
HessDelSqRho_EigVec3 = -2.0642449125E-02 -5.0867609363E-01  8.6071047459E-01
</CP of DelSqRho>
<CP of DelSqRho>
CP# = 29      
Type = (3,-3)
Coords = -3.03291748671537E+00 -9.17535495357625E-01 -5.47332651502006E-01
DistFromNuc =  1.1485489272E+00
Rho =  2.4604193611E-01
DelSqRho =  8.3026552453E-01
GradDelSqRho = -2.7755575616E-16  3.0531133177E-15  1.1657341759E-15
HessDelSqRho_EigVals = -1.7613712577E+01 -1.6448567690E+00 -4.5916311998E-01
HessDelSqRho_EigVec1 = -4.0421877228E-01  7.8304287946E-01  4.7270607470E-01
HessDelSqRho_EigVec2 =  9.1441599267E-01  3.5795241089E-01  1.8898006216E-01
HessDelSqRho_EigVec3 = -2.1226787049E-02  5.0863928325E-01 -8.6071801599E-01
</CP of DelSqRho>
<CP of DelSqRho>
CP# = 30      
Type = (3,+1)
Coords = -2.28591752952845E+00 -1.85135755846999E-01  3.77420131105049E-01
DistFromNuc =  1.2451104496E+00
Rho =  2.4403331688E-01
DelSqRho =  4.4448175368E-01
GradDelSqRho =  3.1918911958E-16  4.8572257327E-16 -3.4694469520E-15
HessDelSqRho_EigVals = -1.0300956677E+01  3.0207087376E-01  8.3684637273E-01
HessDelSqRho_EigVec1 =  9.2831696666E-01 -1.5510148126E-01  3.3789220162E-01
HessDelSqRho_EigVec2 = -3.7129271112E-01 -4.3373086490E-01  8.2098675964E-01
HessDelSqRho_EigVec3 = -1.9218014341E-02  8.8759284998E-01  4.6022777033E-01
</CP of DelSqRho>
<CP of DelSqRho>
CP# = 31      
Type = (3,+1)
Coords = -2.28611500059813E+00  1.82904802154557E-01 -3.77351483350576E-01
DistFromNuc =  1.2451100849E+00
Rho =  2.4403335556E-01
DelSqRho =  4.4448149282E-01
GradDelSqRho = -2.1233015346E-15  0.0000000000E+00  9.9920072216E-16
HessDelSqRho_EigVals = -1.0300827959E+01  3.0209048366E-01  8.3684728736E-01
HessDelSqRho_EigVec1 =  9.2814897061E-01  1.5608628677E-01 -3.3790022112E-01
HessDelSqRho_EigVec2 =  3.7176054815E-01 -4.3329841840E-01  8.2100339552E-01
HessDelSqRho_EigVec3 =  1.8264259960E-02  8.8763142784E-01  4.6019220454E-01
</CP of DelSqRho>
<CP of DelSqRho>
CP# = 32      
Type = (3,-3)
Coords = -4.45741139578755E+00 -3.14133254080445E-01  5.07435131985741E-01
DistFromNuc =  1.1633857674E+00
Rho =  2.4445392552E-01
DelSqRho =  8.5774592051E-01
GradDelSqRho =  1.7888468484E-14  8.8956619848E-15 -1.2698175844E-14
HessDelSqRho_EigVals = -1.8088632960E+01 -2.0535335090E+00 -2.3659097143E-01
HessDelSqRho_EigVec1 =  8.5388241465E-01  2.7313148457E-01 -4.4303951753E-01
HessDelSqRho_EigVec2 = -1.3336379532E-02  8.6243893549E-01  5.0598539853E-01
HessDelSqRho_EigVec3 =  5.2029507295E-01 -4.2614349072E-01  7.4006402586E-01
</CP of DelSqRho>
<CP of DelSqRho>
CP# = 33      
Type = (3,-3)
Coords = -4.45778829526103E+00  3.09493566535994E-01 -5.07333552375090E-01
DistFromNuc =  1.1633854542E+00
Rho =  2.4445361291E-01
DelSqRho =  8.5774733787E-01
GradDelSqRho =  2.6950663923E-14 -1.3183898417E-14  1.9956258868E-14
HessDelSqRho_EigVals = -1.8088687911E+01 -2.0534863752E+00 -2.3658970585E-01
HessDelSqRho_EigVec1 =  8.5421262051E-01 -2.7213782736E-01  4.4301444884E-01
HessDelSqRho_EigVec2 =  1.2348529689E-02  8.6245447384E-01  5.0598398628E-01
HessDelSqRho_EigVec3 = -5.1977717608E-01 -4.2674732978E-01  7.4007999821E-01
</CP of DelSqRho>
<CP of DelSqRho>
CP# = 34      
Type = (3,-1)
Coords = -4.62705420736349E+00 -2.42455524314327E-03  6.34703940938128E-05
DistFromNuc =  1.1688539993E+00
Rho =  2.5033820559E-01
DelSqRho =  8.4168498679E-01
GradDelSqRho =  1.9106938254E-13 -8.2223941197E-14  1.3176140951E-13
HessDelSqRho_EigVals = -1.6561820885E+01 -4.0597338960E+00  1.9140605713E-01
HessDelSqRho_EigVec1 =  9.9999982830E-01  5.8551958439E-04 -2.3673394251E-05
HessDelSqRho_EigVec2 = -4.8362446102E-04  8.4743944235E-01  5.3089185118E-01
HessDelSqRho_EigVec3 =  3.3090934408E-04 -5.3089174858E-01  8.4743958002E-01
</CP of DelSqRho>
<CP of DelSqRho>
CP# = 35      
Type = (3,+1)
Coords = -4.32589577054248E+00 -1.81901464233883E+00 -1.80847172207063E-01
DistFromNuc =  2.0219074442E+00
Rho =  6.9990272588E-02
DelSqRho =  1.7711100220E-01
GradDelSqRho =  1.8951853975E-16  8.5348395018E-16 -1.9775847626E-16
HessDelSqRho_EigVals = -1.6981106398E+00  2.5528324408E-02  5.7468729441E-01
HessDelSqRho_EigVec1 =  1.5408419754E-01  9.4731632555E-01 -2.8080213571E-01
HessDelSqRho_EigVec2 = -7.1996130841E-01  3.0228393592E-01  6.2472404827E-01
HessDelSqRho_EigVec3 =  6.7669326468E-01  1.0590656937E-01  7.2860827891E-01
</CP of DelSqRho>
<CP of DelSqRho>
CP# = 36      
Type = (3,+1)
Coords = -4.32782905821490E+00  1.81460856299771E+00  1.81125408497282E-01
DistFromNuc =  2.0219200871E+00
Rho =  6.9989277746E-02
DelSqRho =  1.7710888549E-01
GradDelSqRho =  5.7988609574E-12  2.0918752841E-12 -1.1103271080E-12
HessDelSqRho_EigVals = -1.6981529631E+00  2.5519406885E-02  5.7465971265E-01
HessDelSqRho_EigVec1 = -1.5501970831E-01  9.4721010739E-01 -2.8064551037E-01
HessDelSqRho_EigVec2 =  7.1952688259E-01  3.0291256947E-01  6.2492002727E-01
HessDelSqRho_EigVec3 =  6.7694161880E-01 -1.0505706884E-01 -7.2850055389E-01
</CP of DelSqRho>
<CP of DelSqRho>
CP# = 37      
Type = (3,-1)
Coords = -4.08168285107847E+00  1.19094442761024E+00  1.48992256527269E+00
DistFromNuc =  2.0077300918E+00
Rho =  7.1487541699E-02
DelSqRho =  1.8846109532E-01
GradDelSqRho = -4.6750797678E-16  4.5102810375E-17 -3.7816971776E-16
HessDelSqRho_EigVals = -1.9518836625E+00 -9.2642614053E-03  5.3546695955E-01
HessDelSqRho_EigVec1 =  1.1546853508E-01  3.6023864740E-01  9.2568630449E-01
HessDelSqRho_EigVec2 =  5.1337875528E-01  7.7615894346E-01 -3.6608680406E-01
HessDelSqRho_EigVec3 =  8.5035831920E-01 -5.1749918976E-01  9.5316932212E-02
</CP of DelSqRho>
<CP of DelSqRho>
CP# = 38      
Type = (3,-1)
Coords = -4.08008105050505E+00 -1.19552342784112E+00 -1.48964266793434E+00
DistFromNuc =  2.0077363611E+00
Rho =  7.1488652373E-02
DelSqRho =  1.8846522822E-01
GradDelSqRho =  1.5525775110E-16  2.0296264669E-16  8.3266726847E-17
HessDelSqRho_EigVals = -1.9521034260E+00 -9.2773986120E-03  5.3542270226E-01
HessDelSqRho_EigVec1 = -1.1613317652E-01  3.6044696256E-01  9.2552205403E-01
HessDelSqRho_EigVec2 = -5.1395623471E-01  7.7556449296E-01 -3.6653609107E-01
HessDelSqRho_EigVec3 =  8.4991886325E-01  5.1824483059E-01 -9.5185195522E-02
</CP of DelSqRho>
<CP of DelSqRho>
CP# = 39      
Type = (3,-1)
Coords = -5.22819909014775E+00  7.29291267327964E-01  6.22697570428599E-01
DistFromNuc =  2.0137042787E+00
Rho =  7.2533886378E-02
DelSqRho =  1.9319153471E-01
GradDelSqRho =  1.8462661955E-13  1.5543556026E-14 -3.2655302074E-14
HessDelSqRho_EigVals = -2.3497858974E+00 -1.5540413370E-02  4.6729211986E-01
HessDelSqRho_EigVec1 =  9.8570394509E-01  1.5821682284E-01 -5.7923825888E-02
HessDelSqRho_EigVec2 =  1.2587467788E-01 -4.6299899408E-01  8.7737534553E-01
HessDelSqRho_EigVec3 = -1.1199686649E-01  8.7212348234E-01  4.7629542665E-01
</CP of DelSqRho>
<CP of DelSqRho>
CP# = 40      
Type = (3,-1)
Coords = -5.22734851495405E+00 -7.34784621495155E-01 -6.22653741899511E-01
DistFromNuc =  2.0136997064E+00
Rho =  7.2534414495E-02
DelSqRho =  1.9319287836E-01
GradDelSqRho =  1.5411283361E-14 -1.2173421993E-15  1.9428902931E-15
HessDelSqRho_EigVals = -2.3497529856E+00 -1.5541704850E-02  4.6731267061E-01
HessDelSqRho_EigVec1 =  9.8587783423E-01 -1.5710546874E-01  5.7989375534E-02
HessDelSqRho_EigVec2 = -1.2540353907E-01 -4.6308227227E-01  8.7739886112E-01
HessDelSqRho_EigVec3 =  1.1099030756E-01  8.7228016188E-01  4.7624412944E-01
</CP of DelSqRho>
<CP of DelSqRho>
CP# = 41      
Type = (3,+1)
Coords = -4.41048850500410E+00  8.30149266173783E-01  1.54596558053769E+00
DistFromNuc =  1.9971939848E+00
Rho =  7.1370113954E-02
DelSqRho =  1.8807404038E-01
GradDelSqRho =  3.4781205693E-16 -5.2041704279E-16  1.9428902931E-16
HessDelSqRho_EigVals = -1.8379030691E+00  8.6908314354E-03  5.7220010949E-01
HessDelSqRho_EigVec1 = -2.1477022738E-01  2.6662174228E-02  9.7630060837E-01
HessDelSqRho_EigVec2 =  7.6807625351E-01  6.2206280390E-01  1.5197610601E-01
HessDelSqRho_EigVec3 = -6.0326828047E-01  7.8251325642E-01 -1.5407915273E-01
</CP of DelSqRho>
<CP of DelSqRho>
CP# = 42      
Type = (3,+1)
Coords = -4.40974842166472E+00 -8.34585455933377E-01 -1.54581929517782E+00
DistFromNuc =  1.9971856677E+00
Rho =  7.1370754294E-02
DelSqRho =  1.8807646707E-01
GradDelSqRho =  6.9388939039E-17  2.0383000843E-17 -1.7000290065E-16
HessDelSqRho_EigVals = -1.8379040165E+00  8.7022936513E-03  5.7221818429E-01
HessDelSqRho_EigVec1 =  2.1494893199E-01  2.6771889164E-02  9.7625827658E-01
HessDelSqRho_EigVec2 =  7.6886516640E-01 -6.2101896523E-01 -1.5225570837E-01
HessDelSqRho_EigVec3 =  6.0219873176E-01  7.8333818417E-01 -1.5407133634E-01
</CP of DelSqRho>
<Path of -GradDelSqRho>
Starting CP# =      3
Ending CP# =      0
Number of Points =     30
 -4.1634292514E+00  7.8233560840E-01  4.9732247741E-01  4.0538865394E-01 -9.2581959057E-01
 -4.1787783590E+00  7.9890447378E-01  5.0804057230E-01  3.9468434637E-01 -9.3505314502E-01
 -4.1941429579E+00  8.1545768719E-01  5.1876065551E-01  3.8498850456E-01 -9.6251170659E-01
 -4.2095231468E+00  8.3199495812E-01  5.2948298820E-01  3.7626859382E-01 -1.0079928808E+00
 -4.2249185926E+00  8.4851644007E-01  5.4020776521E-01  3.6848851249E-01 -1.0714896556E+00
 -4.2403285690E+00  8.6502270624E-01  5.5093510271E-01  3.6160871713E-01 -1.1531230920E+00
 -4.2557520183E+00  8.8151470101E-01  5.6166502779E-01  3.5558621845E-01 -1.2530061865E+00
 -4.2711876287E+00  8.9799367593E-01  5.7239746888E-01  3.5037453918E-01 -1.3710123934E+00
 -4.2866339179E+00  9.1446112039E-01  5.8313224436E-01  3.4592379425E-01 -1.5064202060E+00
 -4.3020893121E+00  9.3091869841E-01  5.9386904576E-01  3.4218115199E-01 -1.6574229117E+00
 -4.3175522118E+00  9.4736820494E-01  6.0460740956E-01  3.3909205723E-01 -1.8205513486E+00
 -4.3330210375E+00  9.6381155432E-01  6.1534666879E-01  3.3660271644E-01 -1.9901803163E+00
 -4.3484942548E+00  9.8025080510E-01  6.2608587631E-01  3.3466439306E-01 -2.1584842369E+00
 -4.3639704205E+00  9.9668816671E-01  6.3682372708E-01  3.3323992168E-01 -2.3164380456E+00
 -4.3794484361E+00  1.0131256488E+00  6.4755872656E-01  3.3231237305E-01 -2.4566127621E+00
 -4.3949286268E+00  1.0295630341E+00  6.5829073746E-01  3.3189486085E-01 -2.5784002349E+00
 -4.4104148944E+00  1.0459928197E+00  6.6902561654E-01  3.3203907960E-01 -2.6957100154E+00
 -4.4259124479E+00  1.0624025373E+00  6.7977489174E-01  3.3283855015E-01 -2.8460290013E+00
 -4.4414200579E+00  1.0787914004E+00  6.9054146745E-01  3.3442132872E-01 -3.0982149658E+00
 -4.4569329069E+00  1.0951678655E+00  7.0131935653E-01  3.3692694462E-01 -3.5550138861E+00
 -4.4724478809E+00  1.1115383506E+00  7.1210327028E-01  3.4046424335E-01 -4.3456910698E+00
 -4.4879635770E+00  1.1279060327E+00  7.2289039948E-01  3.4505124139E-01 -5.6048742532E+00
 -4.5034793840E+00  1.1442723993E+00  7.3367936510E-01  3.5054484926E-01 -7.4361511721E+00
 -4.5189950136E+00  1.1606381844E+00  7.4446946778E-01  3.5657627659E-01 -9.8637282360E+00
 -4.5345103062E+00  1.1770037863E+00  7.5526033301E-01  3.6251489333E-01 -1.2782967200E+01
 -4.5500251407E+00  1.1933694595E+00  7.6605174856E-01  3.6748554421E-01 -1.5929397387E+01
 -4.5655393706E+00  1.2097354283E+00  7.7684358504E-01  3.7045722918E-01 -1.8890394709E+01
 -4.5810527179E+00  1.2261020175E+00  7.8763574950E-01  3.7040197947E-01 -2.1175970637E+01
 -4.5965643187E+00  1.2424701235E+00  7.9842812390E-01  3.6649497472E-01 -2.2341219559E+01
 -4.6012144753E+00  1.2473838678E+00  8.0166559576E-01  3.6449414683E-01 -2.2426115026E+01
</Path of -GradDelSqRho>
<Path of -GradDelSqRho>
Starting CP# =      3
Ending CP# =     21
Number of Points =     19
 -4.1634292514E+00  7.8233560840E-01  4.9732247741E-01  4.0538865394E-01 -9.2581959057E-01
 -4.1480946024E+00  7.6575231285E-01  4.8660600354E-01  4.1713009429E-01 -9.3522548698E-01
 -4.1327739645E+00  7.4915520757E-01  4.7589086830E-01  4.2993298919E-01 -9.6387355298E-01
 -4.1174659639E+00  7.3254582225E-01  4.6517669942E-01  4.4381665216E-01 -1.0124953023E+00
 -4.1021688496E+00  7.1592603414E-01  4.5446311363E-01  4.5879459596E-01 -1.0818577597E+00
 -4.0868805183E+00  6.9929803987E-01  4.4374972371E-01  4.7487365495E-01 -1.1726375451E+00
 -4.0715985207E+00  6.8266434971E-01  4.3303613902E-01  4.9205310102E-01 -1.2852642813E+00
 -4.0563200333E+00  6.6602781979E-01  4.2232195700E-01  5.1032385051E-01 -1.4197371122E+00
 -4.0410417812E+00  6.4939173874E-01  4.1160674270E-01  5.2966787986E-01 -1.5754205998E+00
 -4.0257598888E+00  6.3275999250E-01  4.0088999054E-01  5.5005798574E-01 -1.7508289788E+00
 -4.0104696247E+00  6.1613734874E-01  3.9017105801E-01  5.7145803951E-01 -1.9434101525E+00
 -3.9951649690E+00  5.9952994074E-01  3.7944905006E-01  5.9382389371E-01 -2.1493421072E+00
 -3.9798378644E+00  5.8294611700E-01  3.6872260971E-01  6.1710509834E-01 -2.3633532215E+00
 -3.9644768321E+00  5.6639803460E-01  3.5798951380E-01  6.4124757150E-01 -2.5785717739E+00
 -3.9490641515E+00  5.4990495985E-01  3.4724581688E-01  6.6619732697E-01 -2.7863942352E+00
 -3.9335692494E+00  5.3350116435E-01  3.3648377996E-01  6.9190520970E-01 -2.9763288958E+00
 -3.9179295343E+00  5.1725944502E-01  3.2568571419E-01  7.1833179269E-01 -3.1357099386E+00
 -3.9019701075E+00  5.0139469750E-01  3.1479754741E-01  7.4544433854E-01 -3.2490852776E+00
 -3.8760764595E+00  4.9640186189E-01  2.9547083262E-01  7.7555943258E-01 -3.2994634766E+00
</Path of -GradDelSqRho>
<Path of -GradDelSqRho>
Starting CP# =      4
Ending CP# =     22
Number of Points =     19
 -4.1625280336E+00 -7.8663390063E-01 -4.9722234594E-01  4.0539247054E-01 -9.2584334923E-01
 -4.1472124757E+00 -7.7003262088E-01 -4.8650641568E-01  4.1713394150E-01 -9.3524950173E-01
 -4.1319109421E+00 -7.5341755130E-01 -4.7579182273E-01  4.2993687386E-01 -9.6389831091E-01
 -4.1166220575E+00 -7.3679021947E-01 -4.6507819491E-01  4.4382058040E-01 -1.0125212453E+00
 -4.1013440693E+00 -7.2015249998E-01 -4.5436514906E-01  4.5879857293E-01 -1.0818852735E+00
 -4.0860748724E+00 -7.0350658635E-01 -4.4365229809E-01  4.7487768469E-01 -1.1726669457E+00
 -4.0708120152E+00 -6.8685498523E-01 -4.3293925151E-01  4.9205718636E-01 -1.2852958000E+00
 -4.0555526717E+00 -6.7020054866E-01 -4.2222560696E-01  5.1032799293E-01 -1.4197708791E+00
 -4.0402935640E+00 -6.5354656052E-01 -4.1151092966E-01  5.2967207949E-01 -1.5754566263E+00
 -4.0250308131E+00 -6.3689690117E-01 -4.0079471427E-01  5.5006224137E-01 -1.7508671404E+00
 -4.0097596832E+00 -6.2025633147E-01 -3.9007631852E-01  5.7146234871E-01 -1.9434501739E+00
 -3.9944741488E+00 -6.0363097604E-01 -3.7935484765E-01  5.9382825304E-01 -2.1493835501E+00
 -3.9791661452E+00 -5.8702917178E-01 -3.6862894503E-01  6.1710950373E-01 -2.3633954770E+00
 -3.9638241823E+00 -5.7046305914E-01 -3.5789638796E-01  6.4125201872E-01 -2.5786140597E+00
 -3.9484305222E+00 -5.5395187872E-01 -3.4715323158E-01  6.6620181237E-01 -2.7864355944E+00
 -3.9329545597E+00 -5.3752985773E-01 -3.3639173774E-01  6.9190973136E-01 -2.9763681900E+00
 -3.9173336345E+00 -5.2126970257E-01 -3.2559421875E-01  7.1833635273E-01 -3.1357458154E+00
 -3.9013926349E+00 -5.0538606157E-01 -3.1470660220E-01  7.4544895071E-01 -3.2491160654E+00
 -3.8755095775E+00 -5.0036026358E-01 -2.9538361053E-01  7.7556128462E-01 -3.2994847298E+00
</Path of -GradDelSqRho>
<Path of -GradDelSqRho>
Starting CP# =      4
Ending CP# =      0
Number of Points =     30
 -4.1625280336E+00 -7.8663390063E-01 -4.9722234594E-01  4.0539247054E-01 -9.2584334923E-01
 -4.1778580635E+00 -8.0322077092E-01 -5.0793989593E-01  3.9468813974E-01 -9.3507717003E-01
 -4.1932035993E+00 -8.1979201159E-01 -5.1865943290E-01  3.8499228241E-01 -9.6253654668E-01
 -4.2085647397E+00 -8.3634733242E-01 -5.2938121805E-01  3.7627236395E-01 -1.0080191012E+00
 -4.2239411514E+00 -8.5288688656E-01 -5.4010544630E-01  3.6849228256E-01 -1.0715178253E+00
 -4.2393321075E+00 -8.6941124626E-01 -5.5083223393E-01  3.6161249439E-01 -1.1531537648E+00
 -4.2547365492E+00 -8.8592135446E-01 -5.6156160817E-01  3.5559000954E-01 -1.2530398700E+00
 -4.2701531639E+00 -9.0241846087E-01 -5.7229349756E-01  3.5037834991E-01 -1.3710495008E+00
 -4.2855804675E+00 -9.1890405273E-01 -5.8302772057E-01  3.4592762949E-01 -1.5064609833E+00
 -4.3010168850E+00 -9.3537979183E-01 -5.9376396875E-01  3.4218501561E-01 -1.6574673414E+00
 -4.3164608153E+00 -9.5184747077E-01 -6.0450177851E-01  3.3909595226E-01 -1.8205990413E+00
 -4.3319106772E+00 -9.6830900160E-01 -6.1524048261E-01  3.3660664554E-01 -1.9902304325E+00
 -4.3473649348E+00 -9.8476644063E-01 -6.2597913339E-01  3.3466835934E-01 -2.1585355181E+00
 -4.3628221433E+00 -1.0012219952E+00 -6.3671642493E-01  3.3324392999E-01 -2.3164890749E+00
 -4.3782812030E+00 -1.0176776733E+00 -6.4745086159E-01  3.3231643169E-01 -2.4566625952E+00
 -4.3937424400E+00 -1.0341332573E+00 -6.5818230614E-01  3.3189898339E-01 -2.5784494966E+00
 -4.4092097617E+00 -1.0505812487E+00 -6.6891662053E-01  3.3204328640E-01 -2.6957624255E+00
 -4.4246883838E+00 -1.0670091874E+00 -6.7966534159E-01  3.3284286870E-01 -2.8460930616E+00
 -4.4401770748E+00 -1.0834162872E+00 -6.9043137520E-01  3.3442579189E-01 -3.0983052684E+00
 -4.4556710113E+00 -1.0998109980E+00 -7.0120873006E-01  3.3693158581E-01 -3.5551512827E+00
 -4.4711670757E+00 -1.1161997324E+00 -7.1199211404E-01  3.4046908811E-01 -4.3459008816E+00
 -4.4866638633E+00 -1.1325856651E+00 -7.2277871608E-01  3.4505629590E-01 -5.6051818836E+00
 -4.5021607621E+00 -1.1489702824E+00 -7.3356715616E-01  3.5055008743E-01 -7.4365750028E+00
 -4.5176574837E+00 -1.1653543180E+00 -7.4435673444E-01  3.5658162878E-01 -9.8642706788E+00
 -4.5331538680E+00 -1.1817381698E+00 -7.5514707613E-01  3.6252024101E-01 -1.2783606253E+01
 -4.5486497940E+00 -1.1981220921E+00 -7.6593796885E-01  3.6749072485E-01 -1.5930082521E+01
 -4.5641451148E+00 -1.2145063092E+00 -7.7672928314E-01  3.7046205380E-01 -1.8891051179E+01
 -4.5796395524E+00 -1.2308911451E+00 -7.8752092599E-01  3.7040626154E-01 -2.1176514040E+01
 -4.5951322418E+00 -1.2472774954E+00 -7.9831277940E-01  3.6649856437E-01 -2.2341577685E+01
 -4.5997768599E+00 -1.2521965687E+00 -8.0155010799E-01  3.6449750886E-01 -2.2426408070E+01
</Path of -GradDelSqRho>
<Path of -GradDelSqRho>
Starting CP# =      7
Ending CP# =     19
Number of Points =     44
 -3.5188034409E+00 -9.0209747525E-02  1.2979270890E-01  2.2528078515E+01  1.2417285233E+03
 -3.5276914973E+00 -1.0337357457E-01  1.4909856195E-01  1.5602542423E+01  1.1592233163E+03
 -3.5365583959E+00 -1.1654207065E-01  1.6841096252E-01  1.0907342139E+01  9.8840512080E+02
 -3.5454198127E+00 -1.2971185768E-01  1.8772499877E-01  7.7339291158E+00  7.7919302341E+02
 -3.5542687891E+00 -1.4288447823E-01  2.0704280540E-01  5.5972521672E+00  5.7753149419E+02
 -3.5630931926E+00 -1.5606262984E-01  2.2636807722E-01  4.1595843755E+00  4.1241629615E+02
 -3.5718797758E+00 -1.6924928787E-01  2.4570477338E-01  3.1897689466E+00  2.8905319888E+02
 -3.5806152418E+00 -1.8244747206E-01  2.6505675657E-01  2.5326045268E+00  2.0026535233E+02
 -3.5892873132E+00 -1.9566001247E-01  2.8442744321E-01  2.0845282701E+00  1.3680332397E+02
 -3.5978841461E+00 -2.0888968468E-01  3.0381995746E-01  1.7760860939E+00  9.1431795349E+01
 -3.6063913626E+00 -2.2213987627E-01  3.2323795880E-01  1.5603693023E+00  5.9236055729E+01
 -3.6147878123E+00 -2.3541553360E-01  3.4268674025E-01  1.4056631880E+00  3.6827389430E+01
 -3.6230407023E+00 -2.4872422939E-01  3.6217432286E-01  1.2906925066E+00  2.1670160159E+01
 -3.6310990499E+00 -2.6207752775E-01  3.8171268573E-01  1.2013985363E+00  1.1756998842E+01
 -3.6388829190E+00 -2.7549304633E-01  4.0131945343E-01  1.1286657403E+00  5.5005950636E+00
 -3.6462635513E+00 -2.8899780887E-01  4.2102035807E-01  1.0667019524E+00  1.6938820991E+00
 -3.6530226251E+00 -3.0263387307E-01  4.4085261482E-01  1.0119096707E+00 -5.3365182536E-01
 -3.6587547863E+00 -3.1646781862E-01  4.6086778504E-01  9.6215296438E-01 -1.7768810744E+00
 -3.6625740559E+00 -3.3060174860E-01  4.8111704504E-01  9.1643527315E-01 -2.4232986223E+00
 -3.6619153736E+00 -3.4507071309E-01  5.0138953711E-01  8.7573559734E-01 -2.7187702374E+00
 -3.6491664400E+00 -3.5767279135E-01  5.1788149223E-01  8.5074286696E-01 -2.8378218555E+00
 -3.6261483082E+00 -3.6402187186E-01  5.2481631330E-01  8.4954704002E-01 -2.9184453618E+00
 -3.6016742513E+00 -3.6773844200E-01  5.2826130198E-01  8.5462354207E-01 -2.9967110228E+00
 -3.5769518009E+00 -3.7050193310E-01  5.3072628970E-01  8.6037420163E-01 -3.0738361605E+00
 -3.5521067895E+00 -3.7255451891E-01  5.3258250374E-01  8.6599387347E-01 -3.1495119123E+00
 -3.5271794133E+00 -3.7392255765E-01  5.3388252036E-01  8.7135236277E-01 -3.2233874499E+00
 -3.5022013603E+00 -3.7460590208E-01  5.3463479573E-01  8.7641150500E-01 -3.2951155997E+00
 -3.4772034857E+00 -3.7460379243E-01  5.3484081358E-01  8.8114682921E-01 -3.3643587780E+00
