 AIMInt (Version 19.02.13, Professional)
 Portions Copyright (c) 1997-2019 by Todd A. Keith
 AIMInt is a component of the AIMAll package ( http://aim.tkgristmill.com )

 TP:  64-bit Linux

 Licensed To:  Research Group of Fernando Cortes Guzman, UNAM, fercor@unam.mx

 AIMInt is a heavily modified and extended version of the PROAIMV program
 developed by members of R.F.W. Bader's research group

 Much of the Quantum Theory of Atoms in Molecules (QTAIM) is described in the book:
   "Atoms in Molecules - A Quantum Theory"
   R.F.W. Bader, Oxford University Press, Oxford, 1990

 For additional references see:  http://aim.tkgristmill.com/references.html

 Current Directory:  /home/scratch/M_H2O_4_cuadrado_plano/Opt

 Inp File:  Mn3_cuadrado_plano_cc-pvtz-def2-tzv_1_atomicfiles/o6.inp
 Wfx File:  Mn3_cuadrado_plano_cc-pvtz-def2-tzv_1.wfx
 Out File:  Mn3_cuadrado_plano_cc-pvtz-def2-tzv_1_atomicfiles/o6.int

 Wfx Title:   Mn3_cuadrado_plano_cc-pvtz-def2-tzv_1                                         
 Job Title:   Mn3_cuadrado_plano_cc-pvtz-def2-tzv_1                                         
 
<Atom>
O6      
</Atom>
<Nuclei of Molecule>
    13
Mn1       25.0          -8.4467860928E-06   2.5244705709E-05  -5.7599143257E-05
O2         8.0           1.7254580615E-03  -3.4581977669E+00   3.4599559778E-03
H3         1.0          -1.4809276934E+00  -4.5965688673E+00   2.1026701082E-01
O4         8.0          -3.4582004102E+00  -1.7377241286E-03   3.6981649693E-05
H5         1.0          -4.6072923526E+00   1.2537539240E+00   8.0589680153E-01
O6         8.0          -1.7222638428E-03   3.4581960621E+00  -3.4882646567E-03
H7         1.0           1.4810410964E+00   4.5963921928E+00  -2.1027721593E-01
O8         8.0           3.4581969148E+00   1.7100355704E-03   7.4530507954E-05
H9         1.0           4.6073034836E+00  -1.2538393626E+00  -8.0569567856E-01
H10        1.0           4.6058785111E+00   1.2583407132E+00   8.0621718570E-01
H11        1.0           1.4858144952E+00  -4.5948074866E+00   2.0943596596E-01
H12        1.0          -4.6058448356E+00  -1.2585713772E+00  -8.0577945012E-01
H13        1.0          -1.4857591256E+00   4.5949042932E+00  -2.0929026866E-01
</Nuclei of Molecule>
<Total Number of CPs of DelSqRho>
    40
</Total Number of CPs of DelSqRho>
<Number of (3,+3) CPs of DelSqRho>
     5
</Number of (3,+3) CPs of DelSqRho>
<Number of (3,+1) CPs of DelSqRho>
    14
</Number of (3,+1) CPs of DelSqRho>
<Number of (3,-1) CPs of DelSqRho>
    15
</Number of (3,-1) CPs of DelSqRho>
<Number of (3,-3) CPs of DelSqRho>
     6
</Number of (3,-3) CPs of DelSqRho>
<Number of Degenerate CPs of DelSqRho>
     0
</Number of Degenerate CPs of DelSqRho>
<CP of DelSqRho>
CP# = 1       
Type = (3,+3)
Coords = -1.72226401407349E-03  3.45819632826428E+00 -3.48836372394484E-03
DistFromNuc =  2.8402468626E-07
Rho =  2.9729655499E+02
DelSqRho = -3.3291536330E+06
GradDelSqRho =  8.3707476506E-09 -1.3824974303E-05  8.9548848337E-09
HessDelSqRho_EigVals =  1.3239198179E+11  1.3239200033E+11  1.3239200517E+11
HessDelSqRho_EigVec1 =  2.8669233743E-04  1.0581409922E-01  9.9438588798E-01
HessDelSqRho_EigVec2 = -5.4959609991E-04  9.9438579534E-01 -1.0581393091E-01
HessDelSqRho_EigVec3 =  9.9999980788E-01  5.1617456265E-04 -3.4323780422E-04
</CP of DelSqRho>
<CP of DelSqRho>
CP# = 2       
Type = (3,-1)
Coords = -9.66855920186996E-04  1.99540190378164E+00  1.11473465319975E-01
DistFromNuc =  1.4673048489E+00
Rho =  1.6222463411E-01
DelSqRho =  4.0692509513E-01
GradDelSqRho = -2.5045070184E-16 -8.4882101348E-13  4.8572257327E-17
HessDelSqRho_EigVals = -8.1377993108E-01 -1.7710506550E-01  4.9660684181E+00
HessDelSqRho_EigVec1 =  2.2608686588E-04 -1.3039249969E-02  9.9991495981E-01
HessDelSqRho_EigVec2 =  9.9999985396E-01  4.9379039242E-04 -2.1966685701E-04
HessDelSqRho_EigVec3 = -4.9088410933E-04  9.9991486344E-01  1.3039359704E-02
</CP of DelSqRho>
<CP of DelSqRho>
CP# = 3       
Type = (3,+1)
Coords =  9.22257704265238E-01  4.15635813067209E+00 -1.31817222445436E-01
DistFromNuc =  1.1651770582E+00
Rho =  4.0685787083E-01
DelSqRho = -9.3647908708E-01
GradDelSqRho =  1.3927470288E-12  9.2703622556E-13 -1.6242562850E-13
HessDelSqRho_EigVals = -3.0125196082E+01  1.4383348019E+01  1.4921451027E+01
HessDelSqRho_EigVec1 =  7.8531072873E-01  6.0925531277E-01 -1.0997737583E-01
HessDelSqRho_EigVec2 =  6.9450814889E-02  8.9823928357E-02  9.9353321344E-01
HessDelSqRho_EigVec3 = -6.1519398863E-01  7.8787031024E-01 -2.8226416688E-02
</CP of DelSqRho>
<CP of DelSqRho>
CP# = 4       
Type = (3,+1)
Coords = -9.26485137854038E-01  4.15542967651887E+00 -1.31208220193457E-01
DistFromNuc =  1.1651752972E+00
Rho =  4.0686005989E-01
DelSqRho = -9.3649451266E-01
GradDelSqRho = -1.4279688543E-12  9.4213525870E-13 -1.6617263121E-13
HessDelSqRho_EigVals = -3.0125621574E+01  1.4383605303E+01  1.4921621805E+01
HessDelSqRho_EigVec1 =  7.8599353377E-01 -6.0846906378E-01  1.0945119135E-01
HessDelSqRho_EigVec2 = -6.8846381454E-02  8.9791756093E-02  9.9357818832E-01
HessDelSqRho_EigVec3 =  6.1438940472E-01  7.8848134979E-01 -2.8684846407E-02
</CP of DelSqRho>
<CP of DelSqRho>
CP# = 5       
Type = (3,-1)
Coords = -1.80110113511666E-03  3.62632461276412E+00  9.88869241422979E-03
DistFromNuc =  1.6865989076E-01
Rho =  2.2374280248E+01
DelSqRho =  1.2529494872E+03
GradDelSqRho =  9.7699626167E-15  1.1368683772E-11 -3.4532376958E-12
HessDelSqRho_EigVals = -4.0952545643E+05 -1.1046018434E+03  1.1525487908E+03
HessDelSqRho_EigVec1 = -4.6667147867E-04  9.9670721082E-01  8.1083402207E-02
HessDelSqRho_EigVec2 =  3.9577285270E-04 -8.1083220598E-02  9.9670725627E-01
HessDelSqRho_EigVec3 =  9.9999981279E-01  4.9722545848E-04 -3.5663042968E-04
</CP of DelSqRho>
<CP of DelSqRho>
CP# = 6       
Type = (3,-1)
Coords = -1.65536691856043E-03  3.29303888195819E+00  2.16674936177348E-02
DistFromNuc =  1.6706199686E-01
Rho =  2.2725165021E+01
DelSqRho =  1.2893501920E+03
GradDelSqRho =  1.4571677198E-14 -1.1368683772E-13 -4.3911541070E-12
HessDelSqRho_EigVals = -4.4815860274E+05 -2.5194622277E+03  1.2548341850E+02
HessDelSqRho_EigVec1 = -4.0137391502E-04  9.8847778773E-01 -1.5136545863E-01
HessDelSqRho_EigVec2 =  2.8005706029E-04  1.5136557600E-01  9.8847781157E-01
HessDelSqRho_EigVec3 =  9.9999988023E-01  3.5435824376E-04 -3.3758437723E-04
</CP of DelSqRho>
<CP of DelSqRho>
CP# = 7       
Type = (3,+1)
Coords = -1.80140439461974E-03  3.49970021857572E+00 -1.66823524105383E-01
DistFromNuc =  1.6852598687E-01
Rho =  2.2488076203E+01
DelSqRho =  1.2372772195E+03
GradDelSqRho =  1.3322676296E-14 -9.0665253083E-12  2.8421709430E-14
HessDelSqRho_EigVals = -4.0961096495E+05  1.7818934062E+03  2.5767036525E+03
HessDelSqRho_EigVec1 =  4.6814879671E-04 -2.4280244964E-01  9.7007564204E-01
HessDelSqRho_EigVec2 = -3.9524629536E-04  9.7007562765E-01  2.4280263678E-01
HessDelSqRho_EigVec3 =  9.9999981231E-01  4.9708656598E-04 -3.5817296908E-04
</CP of DelSqRho>
<CP of DelSqRho>
CP# = 8       
Type = (3,+1)
Coords = -1.70828273436809E-03  3.53583625719647E+00  1.45655177726614E-01
DistFromNuc =  1.6814210210E-01
Rho =  2.2569151717E+01
DelSqRho =  1.2465261881E+03
GradDelSqRho = -8.8817841970E-16 -2.2737367544E-13  2.0321522243E-12
HessDelSqRho_EigVals = -4.1861701970E+05  1.3406032806E+03  2.2281268803E+03
HessDelSqRho_EigVec1 =  8.5801561282E-05  4.5795267504E-01  8.8897656891E-01
HessDelSqRho_EigVec2 = -5.9212217558E-04  8.8897643960E-01 -4.5795255128E-01
HessDelSqRho_EigVec3 =  9.9999982101E-01  4.8708969612E-04 -3.4743950072E-04
</CP of DelSqRho>
<CP of DelSqRho>
CP# = 9       
Type = (3,-3)
Coords =  7.88646723548272E-02  3.31356930570694E+00  1.95155130327500E-02
DistFromNuc =  1.6715360221E-01
Rho =  2.2693058472E+01
DelSqRho =  1.2895653567E+03
GradDelSqRho = -5.6585847119E-12 -9.5496943686E-12  2.0747847884E-12
HessDelSqRho_EigVals = -4.4608798948E+05 -2.6232578227E+03 -2.3022106523E+02
HessDelSqRho_EigVec1 = -4.8023058061E-01  8.6613039044E-01 -1.3855228692E-01
HessDelSqRho_EigVec2 =  2.4410094764E-02 -1.4470094569E-01 -9.8917429384E-01
HessDelSqRho_EigVec3 =  8.7680256428E-01  4.7841381991E-01 -4.8347494256E-02
</CP of DelSqRho>
<CP of DelSqRho>
CP# = 10      
Type = (3,-3)
Coords = -8.21323910723020E-02  3.31348015367758E+00  1.95732731240104E-02
DistFromNuc =  1.6715357379E-01
Rho =  2.2693070399E+01
DelSqRho =  1.2895648968E+03
GradDelSqRho =  4.7197801223E-12 -1.8189894035E-12  1.4495071810E-12
HessDelSqRho_EigVals = -4.4608857291E+05 -2.6231953086E+03 -2.3004558542E+02
HessDelSqRho_EigVec1 =  4.7917150577E-01  8.6666165768E-01 -1.3889650522E-01
HessDelSqRho_EigVec2 =  2.4959334432E-02  1.4472843821E-01  9.8915656536E-01
HessDelSqRho_EigVec3 = -8.7736634292E-01  4.7744240519E-01 -4.7718445513E-02
</CP of DelSqRho>
<CP of DelSqRho>
CP# = 11      
Type = (3,-1)
Coords =  6.53101426437385E-01  3.19168410951690E+00  1.28444558127917E-02
DistFromNuc =  7.0717002479E-01
Rho =  6.9941890732E-01
DelSqRho = -1.2476541733E+00
GradDelSqRho = -1.6875389974E-14  2.3092638912E-14  0.0000000000E+00
HessDelSqRho_EigVals = -1.5659450016E+01 -1.0396711048E+01  1.5444337213E+02
HessDelSqRho_EigVec1 =  3.9492254872E-01  9.1048251173E-01 -1.2271013135E-01
HessDelSqRho_EigVec2 =  2.2695868126E-02  1.2385773098E-01  9.9204040243E-01
HessDelSqRho_EigVec3 =  9.1843403578E-01 -3.9456413712E-01  2.8250019781E-02
</CP of DelSqRho>
<CP of DelSqRho>
CP# = 12      
Type = (3,-1)
Coords = -6.56269357081984E-01  3.19103226152871E+00  1.32892459548354E-02
DistFromNuc =  7.0717033199E-01
Rho =  6.9941885566E-01
DelSqRho = -1.2476615193E+00
GradDelSqRho = -1.5987211555E-14 -7.1054273576E-15  1.4432899320E-15
HessDelSqRho_EigVals = -1.5659433719E+01 -1.0396438168E+01  1.5444302332E+02
HessDelSqRho_EigVec1 = -3.9590917503E-01  9.1007014419E-01 -1.2258979475E-01
HessDelSqRho_EigVec2 = -2.2207402283E-02  1.2397016784E-01  9.9203741299E-01
HessDelSqRho_EigVec3 =  9.1802110891E-01  3.9547911466E-01 -2.8870633081E-02
</CP of DelSqRho>
<CP of DelSqRho>
CP# = 13      
Type = (3,-1)
Coords = -2.08871200018093E-03  4.17402782180285E+00 -1.83664886315823E-02
DistFromNuc =  7.1598645522E-01
Rho =  6.9083915178E-01
DelSqRho = -1.2351490296E+00
GradDelSqRho =  7.8062556419E-16  2.3092638912E-14  1.0824674490E-15
HessDelSqRho_EigVals = -1.9945709170E+01 -4.0371289846E+00  1.4429308973E+02
HessDelSqRho_EigVec1 =  9.9999982627E-01  5.0391688655E-04 -3.0581173084E-04
HessDelSqRho_EigVec2 =  3.0158910765E-04  8.3584792504E-03  9.9996502182E-01
HessDelSqRho_EigVec3 = -5.0645538147E-04  9.9996494033E-01 -8.3583258224E-03
</CP of DelSqRho>
<CP of DelSqRho>
CP# = 14      
Type = (3,+1)
Coords = -1.36878389459682E-03  2.79190767006980E+00  6.16076390986781E-02
DistFromNuc =  6.6946084498E-01
Rho =  8.5462734278E-01
DelSqRho = -3.4768361851E+00
GradDelSqRho = -1.7694179455E-16  1.0658141036E-13 -7.9936057773E-15
HessDelSqRho_EigVals = -5.0932182814E+00  1.8384123976E+01  2.4021620585E+02
HessDelSqRho_EigVec1 =  2.7111565833E-04  1.0375717746E-01  9.9460262146E-01
HessDelSqRho_EigVec2 =  9.9999982272E-01  4.9915904222E-04 -3.2465925247E-04
HessDelSqRho_EigVec3 = -5.3015061959E-04  9.9460253316E-01 -1.0375702374E-01
</CP of DelSqRho>
<CP of DelSqRho>
CP# = 15      
Type = (3,+1)
Coords = -4.62907972703435E-01  3.75196924456229E+00  4.05957192056088E-01
DistFromNuc =  6.8311091547E-01
Rho =  7.9089160571E-01
DelSqRho = -2.5466717023E+00
GradDelSqRho =  1.2612133560E-13 -9.5035090908E-14 -7.9936057773E-14
HessDelSqRho_EigVals = -1.2971521829E+01  1.1583367394E+01  2.0092840932E+02
HessDelSqRho_EigVec1 = -4.9178480370E-01  4.4760777848E-01 -7.4685673559E-01
HessDelSqRho_EigVec2 =  5.9485037620E-01  7.9909055689E-01  8.7219904946E-02
HessDelSqRho_EigVec3 =  6.3584647265E-01 -4.0137458630E-01 -6.5924024808E-01
</CP of DelSqRho>
<CP of DelSqRho>
CP# = 16      
Type = (3,+3)
Coords = -1.64424976339079E-03  2.99361474508063E+00 -4.67888812209350E-01
DistFromNuc =  6.5688939309E-01
Rho =  8.8721460889E-01
DelSqRho = -3.8180021328E+00
GradDelSqRho = -1.8041124150E-16 -2.7355895327E-13 -7.6028072726E-13
HessDelSqRho_EigVals =  5.6730295704E+00  1.9006071115E+01  2.6854893229E+02
HessDelSqRho_EigVec1 = -6.0670062052E-04  7.2719088987E-01 -6.8643502358E-01
HessDelSqRho_EigVec2 =  9.9999981102E-01  5.0941218485E-04 -3.4418495231E-04
HessDelSqRho_EigVec3 = -9.9390203366E-05  6.8643510268E-01  7.2719106151E-01
</CP of DelSqRho>
<CP of DelSqRho>
CP# = 17      
Type = (3,+3)
Coords = -1.39645081054403E-03  3.20993361123620E+00  5.92166204535095E-01
DistFromNuc =  6.4532053843E-01
Rho =  9.2489965626E-01
DelSqRho = -4.1225316019E+00
GradDelSqRho = -2.7061686225E-16  8.8817841970E-15  0.0000000000E+00
HessDelSqRho_EigVals =  8.2540814822E+00  1.9721522175E+01  3.0859161631E+02
HessDelSqRho_EigVec1 = -3.0204494291E-04  9.3261029409E-01  3.6088495137E-01
HessDelSqRho_EigVec2 =  9.9999983039E-01  4.6140266140E-04 -3.5541515262E-04
HessDelSqRho_EigVec3 =  4.9797710703E-04 -3.6088478281E-01  9.3261027528E-01
</CP of DelSqRho>
<CP of DelSqRho>
CP# = 18      
Type = (3,+1)
Coords =  4.08648798422360E-01  3.61388385837504E+00 -5.24851194972952E-01
DistFromNuc =  6.8151478617E-01
Rho =  7.9420501978E-01
DelSqRho = -2.5156870264E+00
GradDelSqRho =  3.5527136788E-15  4.4408920985E-15  1.1102230246E-15
HessDelSqRho_EigVals = -1.1881501021E+01  1.0242841789E+01  2.0031414968E+02
HessDelSqRho_EigVec1 =  5.4022022876E-01  6.5278499263E-01  5.3106859993E-01
HessDelSqRho_EigVec2 =  6.2800631932E-01 -7.3280403948E-01  2.6192804855E-01
HessDelSqRho_EigVec3 = -5.6015191451E-01 -1.9201560644E-01  8.0582866637E-01
</CP of DelSqRho>
<CP of DelSqRho>
CP# = 19      
Type = (3,+1)
Coords = -4.12592887040927E-01  3.61346731228070E+00 -5.24578716234319E-01
DistFromNuc =  6.8151235416E-01
Rho =  7.9421430539E-01
DelSqRho = -2.5157872982E+00
GradDelSqRho = -2.3092638912E-14  5.7731597281E-15 -2.7089441801E-14
HessDelSqRho_EigVals = -1.1880702869E+01  1.0243752411E+01  2.0031880491E+02
HessDelSqRho_EigVec1 = -5.4052075820E-01  6.5225061504E-01  5.3141927434E-01
HessDelSqRho_EigVec2 =  6.2709927996E-01  7.3342871573E-01 -2.6235245762E-01
HessDelSqRho_EigVec3 =  5.6087770773E-01 -1.9144569498E-01  8.0545933655E-01
</CP of DelSqRho>
<CP of DelSqRho>
CP# = 20      
Type = (3,+1)
Coords =  4.59439655923730E-01  3.75243060630960E+00  4.05647375586388E-01
DistFromNuc =  6.8310779192E-01
Rho =  7.9090489914E-01
DelSqRho = -2.5468343708E+00
GradDelSqRho =  1.1546319456E-13  5.2224891078E-13  1.4432899320E-13
HessDelSqRho_EigVals = -1.2970326290E+01  1.1584889297E+01  2.0093489887E+02
HessDelSqRho_EigVec1 =  4.9083417164E-01  4.4810495803E-01 -7.4718388804E-01
HessDelSqRho_EigVec2 = -5.9559513091E-01  7.9849161396E-01  8.7621815053E-02
HessDelSqRho_EigVec3 =  6.3588383844E-01  4.0201130460E-01  6.5881610104E-01
</CP of DelSqRho>
<CP of DelSqRho>
CP# = 21      
Type = (3,+3)
Coords =  5.76558078445484E-01  3.86924905611271E+00 -8.52772643011079E-02
DistFromNuc =  7.1418636129E-01
Rho =  7.7612981923E-01
DelSqRho = -3.3113890025E+00
GradDelSqRho =  4.1078251911E-15  3.5527136788E-15  5.7731597281E-15
HessDelSqRho_EigVals =  1.3752656076E+01  2.3644765377E+01  1.5122678882E+02
HessDelSqRho_EigVec1 =  5.7473857669E-02  1.2308346082E-01  9.9073064824E-01
HessDelSqRho_EigVec2 = -5.7117518117E-01  8.1796618425E-01 -6.8485281896E-02
HessDelSqRho_EigVec3 =  8.1881357347E-01  5.6194464415E-01 -1.1731389009E-01
</CP of DelSqRho>
<CP of DelSqRho>
CP# = 22      
Type = (3,+3)
Coords = -5.80467895408923E-01  3.86866574435148E+00 -8.49212731867571E-02
DistFromNuc =  7.1418709104E-01
Rho =  7.7612834323E-01
DelSqRho = -3.3113796065E+00
GradDelSqRho =  6.1062266354E-15 -3.5527136788E-15  1.5543122345E-15
HessDelSqRho_EigVals =  1.3752906701E+01  2.3644661862E+01  1.5122572929E+02
HessDelSqRho_EigVec1 = -5.6968523879E-02  1.2308799897E-01  9.9075927036E-01
HessDelSqRho_EigVec2 =  5.7031062641E-01  8.1853451921E-01 -6.8898695738E-02
HessDelSqRho_EigVec3 =  8.1945126560E-01 -5.6111548310E-01  1.1682909710E-01
</CP of DelSqRho>
<CP of DelSqRho>
CP# = 23      
Type = (3,-3)
Coords =  1.06490597770108E+00  3.03483708911894E+00  3.79006992522760E-02
DistFromNuc =  1.1483212408E+00
Rho =  2.4572634798E-01
DelSqRho =  8.3388109403E-01
GradDelSqRho = -4.4408920985E-15 -1.7763568394E-15  3.8857805862E-16
HessDelSqRho_EigVals = -1.7662881399E+01 -1.6230509188E+00 -4.7237797597E-01
HessDelSqRho_EigVec1 =  9.1482930114E-01 -4.0164384950E-01  4.2066232745E-02
HessDelSqRho_EigVec2 =  4.0359167726E-01  9.0563359621E-01 -1.3015969983E-01
HessDelSqRho_EigVec3 =  1.4181249249E-02  1.3605148866E-01  9.9060026479E-01
</CP of DelSqRho>
<CP of DelSqRho>
CP# = 24      
Type = (3,-3)
Coords = -1.06790001403725E+00  3.03376463638922E+00  3.85533299177611E-02
DistFromNuc =  1.1483224834E+00
Rho =  2.4572656859E-01
DelSqRho =  8.3387481347E-01
GradDelSqRho = -2.2204460493E-16 -2.2204460493E-15  2.0816681712E-16
HessDelSqRho_EigVals = -1.7662742695E+01 -1.6230992006E+00 -4.7232709080E-01
HessDelSqRho_EigVec1 =  9.1439901601E-01  4.0256288465E-01 -4.2632891239E-02
HessDelSqRho_EigVec2 = -4.0458181533E-01  9.0522524054E-01 -1.2992620439E-01
HessDelSqRho_EigVec3 = -1.3711098405E-02  1.3605288598E-01  9.9060669188E-01
</CP of DelSqRho>
<CP of DelSqRho>
CP# = 25      
Type = (3,+1)
Coords = -1.23204941065553E-03  2.27391090197141E+00 -3.93642373837233E-01
DistFromNuc =  1.2468968721E+00
Rho =  2.4502287509E-01
DelSqRho =  4.1491183350E-01
GradDelSqRho =  1.1011157264E-15  3.2873703759E-13 -1.4072076837E-13
HessDelSqRho_EigVals = -1.0115359756E+01  5.5592055025E-01  9.8220045953E-01
HessDelSqRho_EigVec1 = -3.8476927850E-04  9.3873369075E-01  3.4464316300E-01
HessDelSqRho_EigVec2 =  4.2562577815E-04 -3.4464300356E-01  9.3873373165E-01
HessDelSqRho_EigVec3 =  9.9999983540E-01  5.0788491506E-04 -2.6694121778E-04
</CP of DelSqRho>
<CP of DelSqRho>
CP# = 26      
Type = (3,-3)
Coords = -2.13204212735291E-03  4.53863805995183E+00  4.18482184107228E-01
DistFromNuc =  1.1599198844E+00
Rho =  2.4424577930E-01
DelSqRho =  8.6522090003E-01
GradDelSqRho =  2.1684043450E-17  1.8873791419E-15 -7.7715611724E-16
HessDelSqRho_EigVals = -1.8085790134E+01 -2.0548409154E+00 -2.7486984415E-01
HessDelSqRho_EigVec1 = -3.4822369116E-04  9.2780327851E-01  3.7306963843E-01
HessDelSqRho_EigVec2 =  9.9999983328E-01  4.9492778163E-04 -2.9745649037E-04
HessDelSqRho_EigVec3 =  4.6062363552E-04 -3.7306947265E-01  9.2780329618E-01
</CP of DelSqRho>
<CP of DelSqRho>
CP# = 27      
Type = (3,-3)
Coords = -2.41053934214937E-03  4.33157783749519E+00 -7.76340950850636E-01
DistFromNuc =  1.1662321698E+00
Rho =  2.4499974609E-01
DelSqRho =  8.5479034811E-01
GradDelSqRho =  9.3805171963E-16 -5.4378723746E-13  9.2847951549E-13
HessDelSqRho_EigVals = -1.8148504456E+01 -2.0674449540E+00 -2.4573039651E-01
HessDelSqRho_EigVec1 = -5.8860479059E-04  7.4130768129E-01 -6.7116508789E-01
HessDelSqRho_EigVec2 =  9.9999982090E-01  5.0906644593E-04 -3.1472110562E-04
HessDelSqRho_EigVec3 = -1.0836245286E-04  6.7116515293E-01  7.4130784816E-01
</CP of DelSqRho>
<CP of DelSqRho>
CP# = 28      
Type = (3,-1)
Coords =  7.87542734361797E-01  3.62017242888493E+00  8.61382611782486E-01
DistFromNuc =  1.1820225098E+00
Rho =  2.4096932345E-01
DelSqRho =  7.4272792579E-01
GradDelSqRho = -7.2164496601E-16 -5.5511151231E-17 -3.1641356202E-15
HessDelSqRho_EigVals = -1.7500520386E+01 -1.2702846331E+00  2.8442208593E-01
HessDelSqRho_EigVec1 =  6.5993470518E-01  1.1301634757E-01  7.4277418512E-01
HessDelSqRho_EigVec2 =  4.9806466324E-01  6.7436677515E-01 -5.4512479655E-01
HessDelSqRho_EigVec3 = -5.6251024536E-01  7.2969634627E-01  3.8874858984E-01
</CP of DelSqRho>
<CP of DelSqRho>
CP# = 29      
Type = (3,-1)
Coords = -7.90629677003146E-01  3.61933854405859E+00  8.61859891912782E-01
DistFromNuc =  1.1820191361E+00
Rho =  2.4096927031E-01
DelSqRho =  7.4273737784E-01
GradDelSqRho =  9.7144514655E-16 -4.4408920985E-16 -6.6613381478E-16
HessDelSqRho_EigVals = -1.7500419274E+01 -1.2705051922E+00  2.8439248741E-01
HessDelSqRho_EigVec1 = -6.5960431582E-01  1.1231492565E-01  7.4317393928E-01
HessDelSqRho_EigVec2 =  4.9907552247E-01 -6.7388348948E-01  5.4479782074E-01
HessDelSqRho_EigVec3 =  5.6200157422E-01  7.3025091584E-01  3.8844282782E-01
</CP of DelSqRho>
<CP of DelSqRho>
CP# = 30      
Type = (3,-1)
Coords =  7.53717505656460E-01  3.37999775354577E+00 -9.11575480231116E-01
DistFromNuc =  1.1838186567E+00
Rho =  2.4200788433E-01
DelSqRho =  7.3410452108E-01
GradDelSqRho = -1.9984014443E-15 -3.8163916471E-16 -1.3322676296E-15
HessDelSqRho_EigVals = -1.7132390460E+01 -1.4882380541E+00  3.2150672619E-01
HessDelSqRho_EigVec1 = -6.2719026130E-01  9.3724878654E-02  7.7320632644E-01
HessDelSqRho_EigVec2 =  5.1324509162E-01  7.9644225701E-01  3.1977993554E-01
HessDelSqRho_EigVec3 = -5.8584285611E-01  5.9740721319E-01 -5.4762466122E-01
</CP of DelSqRho>
<CP of DelSqRho>
CP# = 31      
Type = (3,-1)
Coords = -7.57646051820331E-01  3.37925156978297E+00 -9.11109515970362E-01
DistFromNuc =  1.1838198097E+00
Rho =  2.4200821765E-01
DelSqRho =  7.3410554995E-01
GradDelSqRho = -8.2989171091E-15  2.1892210267E-15 -2.8921309791E-14
HessDelSqRho_EigVals = -1.7132611721E+01 -1.4880888508E+00  3.2149435135E-01
HessDelSqRho_EigVec1 =  6.2757335015E-01  9.4340688866E-02  7.7282049960E-01
HessDelSqRho_EigVec2 =  5.1385520746E-01 -7.9591225773E-01 -3.2011951480E-01
HessDelSqRho_EigVec3 =  5.8489701312E-01  5.9801631450E-01 -5.4797077626E-01
</CP of DelSqRho>
<CP of DelSqRho>
CP# = 32      
Type = (3,-1)
Coords = -2.38189457297219E-03  4.59620770456785E+00 -2.75032310317726E-01
DistFromNuc =  1.1699602995E+00
Rho =  2.5066474008E-01
DelSqRho =  8.4079520499E-01
GradDelSqRho = -2.0155318387E-16 -6.6613381478E-15  6.6613381478E-16
HessDelSqRho_EigVals = -1.6507465910E+01 -4.1758119789E+00  2.1404179642E-01
HessDelSqRho_EigVec1 = -5.6233665565E-04  9.7388095443E-01 -2.2705851752E-01
HessDelSqRho_EigVec2 =  9.9999982117E-01  5.0143180947E-04 -3.2591451188E-04
HessDelSqRho_EigVec3 =  2.0354757260E-04  2.2705866019E-01  9.7388106224E-01
</CP of DelSqRho>
<CP of DelSqRho>
CP# = 33      
Type = (3,-1)
Coords =  1.88219774306344E+00  3.92852823277375E+00 -5.72223165025134E-01
DistFromNuc =  2.0233206197E+00
Rho =  7.1520310681E-02
DelSqRho =  1.8471779147E-01
GradDelSqRho = -3.6973202278E-12  4.4193815274E-13  1.3167383850E-12
HessDelSqRho_EigVals = -1.9930469834E+00 -6.4839458942E-03  5.1483813855E-01
HessDelSqRho_EigVec1 =  8.7461014764E-01 -2.5848335237E-01 -4.1017489708E-01
HessDelSqRho_EigVec2 =  3.5844215816E-01 -2.2493265090E-01  9.0604885178E-01
HessDelSqRho_EigVec3 =  3.2646027155E-01  9.3946349536E-01  1.0407704834E-01
</CP of DelSqRho>
<CP of DelSqRho>
CP# = 34      
Type = (3,-1)
Coords = -1.88652395637030E+00  3.92663406004047E+00 -5.70918833418685E-01
DistFromNuc =  2.0233361136E+00
Rho =  7.1520269142E-02
DelSqRho =  1.8471131234E-01
GradDelSqRho =  1.2129186544E-14  1.4155343564E-15  3.9412917374E-15
HessDelSqRho_EigVals = -1.9930016061E+00 -6.4683963832E-03  5.1483327518E-01
HessDelSqRho_EigVec1 =  8.7465300505E-01  2.5935325012E-01  4.0953389654E-01
HessDelSqRho_EigVec2 = -3.5757043049E-01 -2.2524198101E-01  9.0631641121E-01
HessDelSqRho_EigVec3 = -3.2730033303E-01  9.3914958428E-01  1.0427152226E-01
</CP of DelSqRho>
<CP of DelSqRho>
CP# = 35      
Type = (3,-1)
Coords =  9.62034669267280E-01  5.22275891633813E+00 -2.64167346177822E-02
DistFromNuc =  2.0107300185E+00
Rho =  7.2846184995E-02
DelSqRho =  1.9422747895E-01
GradDelSqRho = -3.7310432521E-14 -6.4628857821E-13  8.2996109985E-14
HessDelSqRho_EigVals = -2.3471895079E+00 -1.8208985812E-02  4.6931832130E-01
HessDelSqRho_EigVec1 = -8.1718902952E-02  9.8885507300E-01  1.2444944959E-01
HessDelSqRho_EigVec2 =  1.8202215493E-01 -1.0795919856E-01  9.7734985883E-01
HessDelSqRho_EigVec3 =  9.7989282884E-01  1.0252051526E-01 -1.7117122403E-01
</CP of DelSqRho>
<CP of DelSqRho>
CP# = 36      
Type = (3,-1)
Coords = -9.67309508475499E-01  5.22176187776287E+00 -2.55193419795739E-02
DistFromNuc =  2.0107233727E+00
Rho =  7.2846606620E-02
DelSqRho =  1.9422894016E-01
GradDelSqRho = -9.3675067703E-17 -6.1062266354E-16 -1.3183898417E-16
HessDelSqRho_EigVals = -2.3471565406E+00 -1.8205187981E-02  4.6933116921E-01
HessDelSqRho_EigVec1 =  8.0752844309E-02  9.8890835368E-01  1.2465651270E-01
HessDelSqRho_EigVec2 = -1.8141995934E-01 -1.0839307589E-01  9.7741380154E-01
HessDelSqRho_EigVec3 =  9.8008457619E-01 -1.0154412401E-01  1.7065466414E-01
</CP of DelSqRho>
<CP of DelSqRho>
CP# = 37      
Type = (3,+1)
Coords =  1.58981013666325E+00  4.19239440812120E+00 -9.84673885283965E-01
DistFromNuc =  2.0086681695E+00
Rho =  7.1162339258E-02
DelSqRho =  1.8427627114E-01
GradDelSqRho = -3.4694469520E-17  1.3877787808E-16  8.0491169285E-16
HessDelSqRho_EigVals = -1.7852957933E+00  8.3117709020E-03  5.6831869292E-01
HessDelSqRho_EigVec1 = -6.1509066023E-01 -2.6467480588E-02  7.8801202539E-01
HessDelSqRho_EigVec2 =  6.0429026882E-01 -6.5780039200E-01  4.4959083097E-01
HessDelSqRho_EigVec3 =  5.0645508261E-01  7.5272711972E-01  4.2060091838E-01
</CP of DelSqRho>
<CP of DelSqRho>
CP# = 38      
Type = (3,+1)
Coords = -1.59501683255538E+00  4.19040338403194E+00 -9.83348253557216E-01
DistFromNuc =  2.0086913010E+00
Rho =  7.1162405602E-02
DelSqRho =  1.8427150673E-01
GradDelSqRho = -2.0469737017E-16  5.1694759584E-16 -3.2612801348E-16
HessDelSqRho_EigVals = -1.7853335106E+00  8.2987366095E-03  5.6828696492E-01
HessDelSqRho_EigVec1 =  6.1599062143E-01 -2.5481620991E-02  7.8734124831E-01
HessDelSqRho_EigVec2 =  6.0323146789E-01  6.5804607916E-01 -4.5065192094E-01
HessDelSqRho_EigVec3 = -5.0662347997E-01  7.5254637378E-01  4.2072152887E-01
</CP of DelSqRho>
<CP of DelSqRho>
CP# = 39      
Type = (3,+1)
Coords =  1.81282527901195E+00  4.19158273649708E+00  4.83545405235309E-01
DistFromNuc =  2.0168392586E+00
Rho =  7.1130505999E-02
DelSqRho =  1.8249229011E-01
GradDelSqRho =  4.8572257327E-16  7.2858385991E-17  2.6367796835E-16
HessDelSqRho_EigVals = -1.8646826529E+00  1.0806154421E-02  5.4618879232E-01
HessDelSqRho_EigVec1 =  8.1495123532E-01  9.5108467261E-03  5.7945148877E-01
HessDelSqRho_EigVec2 = -4.5633435489E-01  6.2686250288E-01  6.3150800393E-01
HessDelSqRho_EigVec3 =  3.5723023472E-01  7.7907184924E-01 -5.1520249721E-01
</CP of DelSqRho>
<CP of DelSqRho>
CP# = 40      
Type = (3,+1)
Coords = -1.81713481647555E+00  4.18912132598429E+00  4.84107429828802E-01
DistFromNuc =  2.0168599453E+00
Rho =  7.1132048432E-02
DelSqRho =  1.8249651658E-01
GradDelSqRho =  3.7354008775E-12 -5.0128824702E-13 -1.7818801989E-12
HessDelSqRho_EigVals = -1.8651121404E+00  1.0772530244E-02  5.4608034621E-01
HessDelSqRho_EigVec1 =  8.1497635765E-01 -8.0232932330E-03 -5.7943866219E-01
HessDelSqRho_EigVec2 =  4.5560824561E-01  6.2676254678E-01  6.3213118613E-01
HessDelSqRho_EigVec3 = -3.5809867775E-01  7.7916900395E-01 -5.1445213604E-01
</CP of DelSqRho>
<Path of -GradDelSqRho>
Starting CP# =      3
Ending CP# =      0
Number of Points =     30
  9.2225770427E-01  4.1563581307E+00 -1.3181722245E-01  4.0685787083E-01 -9.3647908708E-01
  9.4188441168E-01  4.1715971503E+00 -1.3456760446E-01  3.9615671612E-01 -9.4581752479E-01
  9.6149829779E-01  4.1868523456E+00 -1.3731977661E-01  3.8646703528E-01 -9.7359942055E-01
  9.8109921917E-01  4.2021239252E+00 -1.4007344722E-01  3.7775637019E-01 -1.0196325308E+00
  1.0006873982E+00  4.2174116329E+00 -1.4282829760E-01  3.6998860119E-01 -1.0839148071E+00
  1.0202633940E+00  4.2327147847E+00 -1.4558400198E-01  3.6312407036E-01 -1.1665640632E+00
  1.0398280531E+00  4.2480323294E+00 -1.4834025153E-01  3.5711957995E-01 -1.2676765937E+00
  1.0593824484E+00  4.2633629244E+00 -1.5109678171E-01  3.5192836101E-01 -1.3870876474E+00
  1.0789278122E+00  4.2787050162E+00 -1.5385340276E-01  3.4750017884E-01 -1.5240053900E+00
  1.0984654731E+00  4.2940569143E+00 -1.5661003461E-01  3.4378184270E-01 -1.6765098558E+00
  1.1179968063E+00  4.3094168473E+00 -1.5936674927E-01  3.4071851167E-01 -1.8409711023E+00
  1.1375232025E+00  4.3247829908E+00 -1.6212382749E-01  3.3825630571E-01 -2.0115692773E+00
  1.1570460566E+00  4.3401534675E+00 -1.6488183628E-01  3.3634677161E-01 -2.1802996298E+00
  1.1765667341E+00  4.3555263749E+00 -1.6764170370E-01  3.3495359482E-01 -2.3380765175E+00
  1.1960863067E+00  4.3709001469E+00 -1.7040456814E-01  3.3406144052E-01 -2.4776933766E+00
  1.2156043533E+00  4.3862753259E+00 -1.7317038166E-01  3.3368582783E-01 -2.5992537779E+00
  1.2351165582E+00  4.4016583335E+00 -1.7593387794E-01  3.3388150507E-01 -2.7180559958E+00
  1.2546172315E+00  4.4170581119E+00 -1.7868533294E-01  3.3474517446E-01 -2.8737197039E+00
  1.2741074634E+00  4.4324736308E+00 -1.8142259536E-01  3.3640724516E-01 -3.1378055909E+00
  1.2935920573E+00  4.4478979249E+00 -1.8415055129E-01  3.3900741118E-01 -3.6158224400E+00
  1.3130741818E+00  4.4633262388E+00 -1.8687340931E-01  3.4265092954E-01 -4.4389862502E+00
  1.3325553125E+00  4.4787563118E+00 -1.8959340827E-01  3.4734710498E-01 -5.7419114437E+00
  1.3520361161E+00  4.4941871070E+00 -1.9231165211E-01  3.5293840152E-01 -7.6250093942E+00
  1.3715169162E+00  4.5096181176E+00 -1.9502869786E-01  3.5903662563E-01 -1.0105344512E+01
  1.3909978933E+00  4.5250490649E+00 -1.9774483457E-01  3.6498944123E-01 -1.3067424247E+01
  1.4104791781E+00  4.5404797579E+00 -2.0046020873E-01  3.6990222330E-01 -1.6234171005E+01
  1.4299609175E+00  4.5559100013E+00 -2.0317487591E-01  3.7273235311E-01 -1.9182362240E+01
  1.4494433781E+00  4.5713394646E+00 -2.0588880100E-01  3.7245307488E-01 -2.1417941872E+01
  1.4689274129E+00  4.5867671189E+00 -2.0860170882E-01  3.6825582249E-01 -2.2501618339E+01
  1.4737994717E+00  4.5906227843E+00 -2.0927948989E-01  3.6653599308E-01 -2.2557562879E+01
</Path of -GradDelSqRho>
<Path of -GradDelSqRho>
Starting CP# =      3
Ending CP# =     21
Number of Points =     19
  9.2225770427E-01  4.1563581307E+00 -1.3181722245E-01  4.0685787083E-01 -9.3647908708E-01
  9.0261909506E-01  4.1411340969E+00 -1.2906880617E-01  4.1859899971E-01 -9.4598472488E-01
  8.8296902795E-01  4.1259244521E+00 -1.2632261912E-01  4.3140417339E-01 -9.7492021732E-01
  8.6330871729E-01  4.1107276220E+00 -1.2357880430E-01  4.4529237684E-01 -1.0239970187E+00
  8.4363969462E-01  4.0955416249E+00 -1.2083744940E-01  4.6027672500E-01 -1.0939586475E+00
  8.2396379049E-01  4.0803640939E+00 -1.1809859212E-01  4.7636359522E-01 -1.1854542949E+00
  8.0428313400E-01  4.0651922754E+00 -1.1536222935E-01  4.9355175520E-01 -1.2988817474E+00
  7.8460018335E-01  4.0500229891E+00 -1.1262832980E-01  5.1183158470E-01 -1.4342035402E+00
  7.6491780175E-01  4.0348525285E+00 -1.0989685052E-01  5.3118450903E-01 -1.5907427272E+00
  7.4523939929E-01  4.0196764774E+00 -1.0716775942E-01  5.5158278053E-01 -1.7669673540E+00
  7.2556917579E-01  4.0044893960E+00 -1.0444106895E-01  5.7298975772E-01 -1.9602750858E+00
  7.0591253234E-01  3.9892842929E+00 -1.0171689143E-01  5.9536083962E-01 -2.1667906645E+00
  6.8627679118E-01  3.9740517042E+00 -9.8995538124E-02  6.1864521188E-01 -2.3811875425E+00
  6.6667254228E-01  3.9587779844E+00 -9.6277712522E-02  6.4278854666E-01 -2.5965386345E+00
  6.4711642928E-01  3.9434418034E+00 -9.3564927029E-02  6.6773675267E-01 -2.8041849988E+00
  6.2763782130E-01  3.9280058746E+00 -9.0860532651E-02  6.9344070678E-01 -2.9935775197E+00
  6.0829878531E-01  3.9123927341E+00 -8.8172875562E-02  7.1986103622E-01 -3.1519841045E+00
  5.8928329413E-01  3.8963812443E+00 -8.5529758058E-02  7.4696418750E-01 -3.2638620120E+00
  5.7655807845E-01  3.8692490561E+00 -8.5277264301E-02  7.7612981923E-01 -3.3113890025E+00
</Path of -GradDelSqRho>
<Path of -GradDelSqRho>
Starting CP# =      4
Ending CP# =     22
Number of Points =     19
 -9.2648513785E-01  4.1554296765E+00 -1.3120822019E-01  4.0686005989E-01 -9.3649451266E-01
 -9.0682946589E-01  4.1402253065E+00 -1.2847295792E-01  4.1860114661E-01 -9.4600027804E-01
 -8.8716235059E-01  4.1250353402E+00 -1.2573992399E-01  4.3140628034E-01 -9.7493612960E-01
 -8.6748500486E-01  4.1098582018E+00 -1.2300926198E-01  4.4529444532E-01 -1.0240134810E+00
 -8.4779895841E-01  4.0946919077E+00 -1.2028106023E-01  4.6027875573E-01 -1.0939758023E+00
 -8.2810603951E-01  4.0795340886E+00 -1.1755535710E-01  4.7636558801E-01 -1.1854722266E+00
 -8.0840837459E-01  4.0643819885E+00 -1.1483215023E-01  4.9355370895E-01 -1.2989004724E+00
 -7.8870841869E-01  4.0492324239E+00 -1.1211140916E-01  5.1183349735E-01 -1.4342229952E+00
 -7.6900903137E-01  4.0340816851E+00 -1.0939309190E-01  5.3118637759E-01 -1.5907627575E+00
 -7.4931361828E-01  4.0189253514E+00 -1.0667716756E-01  5.5158460112E-01 -1.7669877017E+00
 -7.2962637385E-01  4.0037579784E+00 -1.0396365021E-01  5.7299152569E-01 -1.9602953800E+00
 -7.0995269224E-01  3.9885725680E+00 -1.0125265444E-01  5.9536254976E-01 -2.1668104122E+00
 -6.9029988643E-01  3.9733596476E+00 -9.8544494892E-02  6.1864685864E-01 -2.3812061225E+00
 -6.7067853319E-01  3.9581055587E+00 -9.5839880553E-02  6.4279012450E-01 -2.5965552921E+00
 -6.5110525593E-01  3.9427889511E+00 -9.3140333330E-02  6.6773825644E-01 -2.8041988415E+00
 -6.3160938924E-01  3.9273725014E+00 -9.0449222563E-02  6.9344213209E-01 -2.9935875063E+00
 -6.1225293080E-01  3.9117786668E+00 -8.7774936087E-02  7.1986237926E-01 -3.1519890213E+00
 -5.9321966882E-01  3.8957860667E+00 -8.5145406211E-02  7.4696543949E-01 -3.2638604302E+00
 -5.8046789541E-01  3.8686657444E+00 -8.4921273187E-02  7.7612834323E-01 -3.3113796065E+00
</Path of -GradDelSqRho>
<Path of -GradDelSqRho>
Starting CP# =      4
Ending CP# =      0
Number of Points =     30
 -9.2648513785E-01  4.1554296765E+00 -1.3120822019E-01  4.0686005989E-01 -9.3649451266E-01
 -9.4612892300E-01  4.1706490478E+00 -1.3394544683E-01  3.9615895010E-01 -9.4583308823E-01
 -9.6575990281E-01  4.1858846112E+00 -1.3668446171E-01  3.8646931742E-01 -9.7361541527E-01
 -9.8537793391E-01  4.2011365756E+00 -1.3942497276E-01  3.7775870403E-01 -1.0196492723E+00
 -1.0049832382E+00  4.2164046847E+00 -1.4216666098E-01  3.6999099047E-01 -1.0839326259E+00
 -1.0245763739E+00  4.2316882536E+00 -1.4490920039E-01  3.6312651883E-01 -1.1665832945E+00
 -1.0441581866E+00  4.2469862303E+00 -1.4765228209E-01  3.5712209126E-01 -1.2676975615E+00
 -1.0637297476E+00  4.2622972707E+00 -1.5039564154E-01  3.5193093856E-01 -1.3871106382E+00
 -1.0832922877E+00  4.2776198196E+00 -1.5313908920E-01  3.4750282569E-01 -1.5240306144E+00
 -1.1028471340E+00  4.2929521849E+00 -1.5588254531E-01  3.4378456154E-01 -1.6765373955E+00
 -1.1223956601E+00  4.3082925931E+00 -1.5862608241E-01  3.4072130481E-01 -1.8410008503E+00
 -1.1419392554E+00  4.3236392179E+00 -1.6136998201E-01  3.3825917535E-01 -2.0116008908E+00
 -1.1614793137E+00  4.3389901797E+00 -1.6411481222E-01  3.3634972021E-01 -2.1803325387E+00
 -1.1810171998E+00  4.3543435734E+00 -1.6686150261E-01  3.3495662574E-01 -2.3381100514E+00
 -1.2005539849E+00  4.3696978310E+00 -1.6961119317E-01  3.3406455897E-01 -2.4777270861E+00
 -1.2200892485E+00  4.3850534956E+00 -1.7236383558E-01  3.3368904180E-01 -2.5992880066E+00
 -1.2396186753E+00  4.4004169978E+00 -1.7511415570E-01  3.3388482624E-01 -2.7180926917E+00
 -1.2591365740E+00  4.4157972935E+00 -1.7785241691E-01  3.3474861848E-01 -2.8737633425E+00
 -1.2786440321E+00  4.4311933515E+00 -1.8057646659E-01  3.3641083085E-01 -3.1378639389E+00
 -1.2981458512E+00  4.4465981974E+00 -1.8329119798E-01  3.3901115810E-01 -3.6159067642E+00
 -1.3176451995E+00  4.4620070693E+00 -1.8600082522E-01  3.4265485371E-01 -4.4391105281E+00
 -1.3371435530E+00  4.4774177032E+00 -1.8870759005E-01  3.4735121280E-01 -5.7420902047E+00
 -1.3566415783E+00  4.4928290607E+00 -1.9141259780E-01  3.5294268268E-01 -7.6252540730E+00
 -1.3761395993E+00  4.5082406342E+00 -1.9411640619E-01  3.5904104667E-01 -1.0105658706E+01
 -1.3956377963E+00  4.5236521446E+00 -1.9681930469E-01  3.6499394188E-01 -1.3067799062E+01
 -1.4151363002E+00  4.5390634006E+00 -1.9952143996E-01  3.6990671788E-01 -1.6234582467E+01
 -1.4346352579E+00  4.5544742065E+00 -2.0222286772E-01  3.7273673862E-01 -1.9182772949E+01
 -1.4541349355E+00  4.5698842315E+00 -2.0492355288E-01  3.7245724513E-01 -2.1418307960E+01
 -1.4736361854E+00  4.5852924451E+00 -2.0762322024E-01  3.6825968559E-01 -2.2501900362E+01
 -1.4785125460E+00  4.5891432495E+00 -2.0829769135E-01  3.6653976828E-01 -2.2557819333E+01
</Path of -GradDelSqRho>
<Path of -GradDelSqRho>
Starting CP# =      7
Ending CP# =      1
Number of Points =      7
 -1.8014043946E-03  3.4997002186E+00 -1.6682352411E-01  2.2488076203E+01  1.2372772195E+03
 -1.7896906411E-03  3.4936061785E+00 -1.4257765171E-01  3.2711695000E+01  9.8694598166E+02
 -1.7779612005E-03  3.4874746611E+00 -1.1834122667E-01  4.7942659766E+01 -7.8365610278E+02
 -1.7662248362E-03  3.4813266012E+00 -9.4108991655E-02  7.0563415682E+01 -6.3625827951E+03
 -1.7544834952E-03  3.4751666647E+00 -6.9879773521E-02  1.0413050876E+02 -2.0544947810E+04
 -1.7427338768E-03  3.4689870143E+00 -4.5655575568E-02  1.5448455315E+02 -7.5013700219E+04
 -1.7222640141E-03  3.4581963283E+00 -3.4883637239E-03  2.9729655499E+02 -3.3291536330E+06
</Path of -GradDelSqRho>
<Path of -GradDelSqRho>
Starting CP# =      7
Ending CP# =     16
Number of Points =     46
 -1.8014043946E-03  3.4997002186E+00 -1.6682352411E-01  2.2488076203E+01  1.2372772195E+03
 -1.8130997693E-03  3.5057502995E+00 -1.9108040482E-01  1.5577985108E+01  1.1554022143E+03
 -1.8247869955E-03  3.5117807299E+00 -2.1534218070E-01  1.0891999348E+01  9.8529568882E+02
 -1.8364722154E-03  3.5178061162E+00 -2.3960520977E-01  7.7239364413E+00  7.7673362972E+02
 -1.8481526437E-03  3.5238197369E+00 -2.6387115716E-01  5.5901419350E+00  5.7574232679E+02
 -1.8598235368E-03  3.5298101072E+00 -2.8814285367E-01  4.1538162143E+00  4.1123576939E+02
 -1.8714797774E-03  3.5357647441E+00 -3.1242333981E-01  3.1844368135E+00  2.8835258520E+02
 -1.8831163018E-03  3.5416711800E+00 -3.3671559416E-01  2.5272205600E+00  1.9991174694E+02
 -1.8947285312E-03  3.5475179870E+00 -3.6102226692E-01  2.0788680359E+00  1.3668997339E+02
 -1.9063121584E-03  3.5532942346E+00 -3.8534580116E-01  1.7700851492E+00  9.1479994689E+01
 -1.9178620246E-03  3.5589867167E+00 -4.0968907070E-01  1.5540562954E+00  5.9388030773E+01
 -1.9293705445E-03  3.5645760364E+00 -4.3405622479E-01  1.3991162761E+00  3.7040156654E+01
 -1.9408259452E-03  3.5700321868E+00 -4.5845352493E-01  1.2840103825E+00  2.1912111767E+01
 -1.9522099365E-03  3.5753087190E+00 -4.8289026447E-01  1.1946810311E+00  1.2005985693E+01
 -1.9634938678E-03  3.5803333048E+00 -5.0737996888E-01  1.1220008094E+00  5.7423216276E+00
 -1.9746315339E-03  3.5849906021E+00 -5.3194197970E-01  1.0601561363E+00  1.9202088708E+00
 -1.9855441307E-03  3.5890878533E+00 -5.5660310434E-01  1.0055176824E+00 -3.2638843571E-01
 -1.9960833210E-03  3.5922747039E+00 -5.8139680034E-01  9.5589548287E-01 -1.5892754514E+00
 -2.0059156200E-03  3.5938091438E+00 -6.0634096054E-01  9.1015917125E-01 -2.2537130743E+00
 -2.0139995078E-03  3.5916227310E+00 -6.3118776985E-01  8.6870000754E-01 -2.5626903842E+00
 -2.0156886650E-03  3.5788320986E+00 -6.5195770171E-01  8.4001989835E-01 -2.6827059624E+00
 -2.0074683823E-03  3.5552380731E+00 -6.5958004272E-01  8.3679533576E-01 -2.7550015329E+00
 -1.9965627937E-03  3.5303591996E+00 -6.6195972207E-01  8.4112845606E-01 -2.8252281254E+00
 -1.9849143305E-03  3.5053799537E+00 -6.6293656697E-01  8.4621830590E-01 -2.8951282367E+00
 -1.9727360823E-03  3.4803812828E+00 -6.6299834225E-01  8.5121774961E-01 -2.9644500086E+00
 -1.9600651349E-03  3.4553951305E+00 -6.6220342832E-01  8.5600823667E-01 -3.0328900767E+00
 -1.9469222073E-03  3.4304503547E+00 -6.6056078318E-01  8.6055704595E-01 -3.1001379622E+00
 -1.9333289314E-03  3.4055755160E+00 -6.5807428230E-01  8.6484261105E-01 -3.1658815847E+00
 -1.9193095910E-03  3.3807990351E+00 -6.5474766981E-01  8.6884633107E-01 -3.2298109792E+00
 -1.9048912166E-03  3.3561492236E+00 -6.5058508010E-01  8.7255187988E-01 -3.2916219421E+00
 -1.8901035342E-03  3.3316543179E+00 -6.4559109606E-01  8.7594529039E-01 -3.3510197037E+00
 -1.8749789197E-03  3.3073425113E+00 -6.3977076904E-01  8.7901508666E-01 -3.4077225735E+00
 -1.8595523670E-03  3.2832419851E+00 -6.3312964165E-01  8.8175238973E-01 -3.4614654908E+00
