 AIMInt (Version 19.02.13, Professional)
 Portions Copyright (c) 1997-2019 by Todd A. Keith
 AIMInt is a component of the AIMAll package ( http://aim.tkgristmill.com )

 TP:  64-bit Linux

 Licensed To:  Research Group of Fernando Cortes Guzman, UNAM, fercor@unam.mx

 AIMInt is a heavily modified and extended version of the PROAIMV program
 developed by members of R.F.W. Bader's research group

 Much of the Quantum Theory of Atoms in Molecules (QTAIM) is described in the book:
   "Atoms in Molecules - A Quantum Theory"
   R.F.W. Bader, Oxford University Press, Oxford, 1990

 For additional references see:  http://aim.tkgristmill.com/references.html

 Current Directory:  /home/scratch/M_H2O_4_cuadrado_plano/Opt

 Inp File:  Mn3_cuadrado_plano_cc-pvtz-def2-tzv_1_atomicfiles/o8.inp
 Wfx File:  Mn3_cuadrado_plano_cc-pvtz-def2-tzv_1.wfx
 Out File:  Mn3_cuadrado_plano_cc-pvtz-def2-tzv_1_atomicfiles/o8.int

 Wfx Title:   Mn3_cuadrado_plano_cc-pvtz-def2-tzv_1                                         
 Job Title:   Mn3_cuadrado_plano_cc-pvtz-def2-tzv_1                                         
 
<Atom>
O8      
</Atom>
<Nuclei of Molecule>
    13
Mn1       25.0          -8.4467860928E-06   2.5244705709E-05  -5.7599143257E-05
O2         8.0           1.7254580615E-03  -3.4581977669E+00   3.4599559778E-03
H3         1.0          -1.4809276934E+00  -4.5965688673E+00   2.1026701082E-01
O4         8.0          -3.4582004102E+00  -1.7377241286E-03   3.6981649693E-05
H5         1.0          -4.6072923526E+00   1.2537539240E+00   8.0589680153E-01
O6         8.0          -1.7222638428E-03   3.4581960621E+00  -3.4882646567E-03
H7         1.0           1.4810410964E+00   4.5963921928E+00  -2.1027721593E-01
O8         8.0           3.4581969148E+00   1.7100355704E-03   7.4530507954E-05
H9         1.0           4.6073034836E+00  -1.2538393626E+00  -8.0569567856E-01
H10        1.0           4.6058785111E+00   1.2583407132E+00   8.0621718570E-01
H11        1.0           1.4858144952E+00  -4.5948074866E+00   2.0943596596E-01
H12        1.0          -4.6058448356E+00  -1.2585713772E+00  -8.0577945012E-01
H13        1.0          -1.4857591256E+00   4.5949042932E+00  -2.0929026866E-01
</Nuclei of Molecule>
<Total Number of CPs of DelSqRho>
    42
</Total Number of CPs of DelSqRho>
<Number of (3,+3) CPs of DelSqRho>
     5
</Number of (3,+3) CPs of DelSqRho>
<Number of (3,+1) CPs of DelSqRho>
    15
</Number of (3,+1) CPs of DelSqRho>
<Number of (3,-1) CPs of DelSqRho>
    16
</Number of (3,-1) CPs of DelSqRho>
<Number of (3,-3) CPs of DelSqRho>
     6
</Number of (3,-3) CPs of DelSqRho>
<Number of Degenerate CPs of DelSqRho>
     0
</Number of Degenerate CPs of DelSqRho>
<CP of DelSqRho>
CP# = 1       
Type = (3,+3)
Coords =  3.45819718923431E+00  1.71003568137577E-03  7.45305879134051E-05
DistFromNuc =  2.7445434668E-07
Rho =  2.9727790544E+02
DelSqRho = -3.3289367720E+06
GradDelSqRho =  2.1066131012E-05  3.6226310840E-10  7.1929662226E-10
HessDelSqRho_EigVals =  1.3238336939E+11  1.3238338787E+11  1.3238339314E+11
HessDelSqRho_EigVec1 =  1.7148065996E-04 -5.4623146462E-01  8.3763426247E-01
HessDelSqRho_EigVec2 =  9.9999983680E-01  5.5016146532E-04  1.5404679200E-04
HessDelSqRho_EigVec3 = -5.4497929806E-04  8.3763409935E-01  5.4623146981E-01
</CP of DelSqRho>
<CP of DelSqRho>
CP# = 2       
Type = (3,-1)
Coords =  1.99746154555718E+00  1.09189899494059E-03 -3.44876671944831E-05
DistFromNuc =  1.4607355041E+00
Rho =  1.6426653313E-01
DelSqRho =  4.1279410395E-01
GradDelSqRho = -2.5438262607E-12  1.8921496314E-15  1.4675760607E-15
HessDelSqRho_EigVals = -8.1072264369E-01 -2.0248443804E-01  4.9153627121E+00
HessDelSqRho_EigVec1 =  1.6353013415E-04 -3.8868364172E-01  9.2137126063E-01
HessDelSqRho_EigVec2 = -4.9178629171E-04  9.2137113027E-01  3.8868367402E-01
HessDelSqRho_EigVec3 =  9.9999986570E-01  5.1667924891E-04  4.0477342277E-05
</CP of DelSqRho>
<CP of DelSqRho>
CP# = 3       
Type = (3,+1)
Coords =  4.16343137593299E+00 -7.82398699735655E-01 -4.97153396211739E-01
DistFromNuc =  1.1659407211E+00
Rho =  4.0538393140E-01
DelSqRho = -9.2578161443E-01
GradDelSqRho =  3.1968871994E-13 -4.2282843893E-13 -2.3481216971E-13
HessDelSqRho_EigVals = -2.9796253903E+01  1.4207807694E+01  1.4780673566E+01
HessDelSqRho_EigVec1 = -6.1367596051E-01  6.6307612291E-01  4.2863955805E-01
HessDelSqRho_EigVec2 = -4.4290600519E-02 -5.7094050855E-01  8.1979587606E-01
HessDelSqRho_EigVec3 = -7.8831475833E-01 -4.8410431823E-01 -3.7974050465E-01
</CP of DelSqRho>
<CP of DelSqRho>
CP# = 4       
Type = (3,+1)
Coords =  4.16254268458709E+00  7.86477316497628E-01  4.97532681515070E-01
DistFromNuc =  1.1659447931E+00
Rho =  4.0537870793E-01
DelSqRho = -9.2574116321E-01
GradDelSqRho =  3.1252778143E-13  4.0856207306E-13  2.2415402867E-13
HessDelSqRho_EigVals = -2.9794984573E+01  1.4207202905E+01  1.4780086535E+01
HessDelSqRho_EigVec1 =  6.1291788883E-01  6.6365085695E-01  4.2883470197E-01
HessDelSqRho_EigVec2 = -4.4618172604E-02  5.7093159368E-01 -8.1978432164E-01
HessDelSqRho_EigVec3 =  7.8888584739E-01 -4.8332665497E-01 -3.7954507555E-01
</CP of DelSqRho>
<CP of DelSqRho>
CP# = 5       
Type = (3,-1)
Coords =  3.62690506516322E+00  1.81243071123229E-03  7.55458146811167E-05
DistFromNuc =  1.6870818146E-01
Rho =  2.2362944402E+01
DelSqRho =  1.2518877027E+03
GradDelSqRho =  3.7733371983E-11  1.0436096431E-14 -3.3306690739E-16
HessDelSqRho_EigVals = -4.0842275907E+05 -1.1130252350E+03  1.2012844717E+03
HessDelSqRho_EigVec1 =  9.9999981528E-01  6.0780045253E-04  4.8734496423E-06
HessDelSqRho_EigVec2 =  3.3950647643E-04 -5.6519667664E-01  8.2495612092E-01
HessDelSqRho_EigVec3 = -5.0416316115E-04  8.2495596688E-01  5.6519677859E-01
</CP of DelSqRho>
<CP of DelSqRho>
CP# = 6       
Type = (3,-1)
Coords =  3.29112269490602E+00  1.62309730064771E-03  4.56667661644601E-05
DistFromNuc =  1.6707424499E-01
Rho =  2.2723332048E+01
DelSqRho =  1.2886519086E+03
GradDelSqRho =  4.6043169277E-11 -1.1102230246E-15  8.1219753145E-15
HessDelSqRho_EigVals = -4.4775550089E+05 -2.4931753471E+03  1.8142838539E+02
HessDelSqRho_EigVec1 =  9.9999984987E-01  5.1986989478E-04  1.7318928567E-04
HessDelSqRho_EigVec2 =  1.4740029741E-04 -5.5962186447E-01  8.2874806007E-01
HessDelSqRho_EigVec3 = -5.2776167774E-04  8.2874791013E-01  5.5962185709E-01
</CP of DelSqRho>
<CP of DelSqRho>
CP# = 7       
Type = (3,+1)
Coords =  3.51887960566625E+00 -8.67080221982907E-02  1.29829971675857E-01
DistFromNuc =  1.6833483426E-01
Rho =  2.2528054668E+01
DelSqRho =  1.2417249275E+03
GradDelSqRho = -1.9451107391E-12  7.3328010330E-12 -2.8705926525E-12
HessDelSqRho_EigVals = -4.1401674314E+05  1.5337128160E+03  2.4287652639E+03
HessDelSqRho_EigVec1 =  3.5684479375E-01 -5.2605087123E-01  7.7196649801E-01
HessDelSqRho_EigVec2 = -9.3413625261E-01 -1.9460915718E-01  2.9919347836E-01
HessDelSqRho_EigVec3 =  7.1592404112E-03  8.2788752667E-01  5.6084845410E-01
</CP of DelSqRho>
<CP of DelSqRho>
CP# = 8       
Type = (3,+1)
Coords =  3.51882362955336E+00  9.01899969662126E-02 -1.29664488858183E-01
DistFromNuc =  1.6833453377E-01
Rho =  2.2528117546E+01
DelSqRho =  1.2417322840E+03
GradDelSqRho =  3.8475889141E-12 -4.4053649617E-12  7.5459638538E-12
HessDelSqRho_EigVals = -4.1402381505E+05  1.5333558477E+03  2.4284891807E+03
HessDelSqRho_EigVec1 = -3.5651188643E-01 -5.2641595048E-01  7.7187144131E-01
HessDelSqRho_EigVec2 =  9.3425504262E-01 -1.9363839633E-01  2.9945231139E-01
HessDelSqRho_EigVec3 =  8.1725250589E-03 -8.2788309474E-01 -5.6084114621E-01
</CP of DelSqRho>
<CP of DelSqRho>
CP# = 9       
Type = (3,-3)
Coords =  3.31959364733860E+00  7.91691975659909E-02  5.24646789340955E-02
DistFromNuc =  1.6719902863E-01
Rho =  2.2679031970E+01
DelSqRho =  1.2890816950E+03
GradDelSqRho =  2.5806912163E-11 -1.6257217794E-11 -3.2116531656E-12
HessDelSqRho_EigVals = -4.4497172046E+05 -2.6450410887E+03 -3.2196591888E+02
HessDelSqRho_EigVec1 =  8.3032791139E-01 -4.6159620771E-01 -3.1222508003E-01
HessDelSqRho_EigVec2 = -4.6521398196E-04 -5.6084493887E-01  8.2792073178E-01
HessDelSqRho_EigVec3 =  5.5727492600E-01  6.8730044054E-01  4.6589994772E-01
</CP of DelSqRho>
<CP of DelSqRho>
CP# = 10      
Type = (3,-3)
Coords =  3.31968338534485E+00 -7.58809733389780E-02 -5.23577993575728E-02
DistFromNuc =  1.6719901828E-01
Rho =  2.2679036016E+01
DelSqRho =  1.2890815046E+03
GradDelSqRho = -1.1368683772E-13  2.8819613362E-11  8.5833562480E-12
HessDelSqRho_EigVals = -4.4497190201E+05 -2.6450173029E+03 -3.2191265886E+02
HessDelSqRho_EigVec1 =  8.2979312248E-01  4.6238549339E-01  3.1247884629E-01
HessDelSqRho_EigVec2 =  7.7692745641E-04 -5.6088316512E-01  8.2789460167E-01
HessDelSqRho_EigVec3 = -5.5807057821E-01  6.8673847321E-01  4.6577623292E-01
</CP of DelSqRho>
<CP of DelSqRho>
CP# = 11      
Type = (3,-1)
Coords =  4.17375406884521E+00  2.08825086950505E-03  1.12717529669313E-04
DistFromNuc =  7.1555725504E-01
Rho =  6.9299780845E-01
DelSqRho = -1.2630030517E+00
GradDelSqRho = -1.5809575871E-13  1.1623341178E-13 -1.8408625319E-13
HessDelSqRho_EigVals = -2.0051903700E+01 -3.4831273698E+00  1.4488918877E+02
HessDelSqRho_EigVec1 = -4.8349855780E-04  8.5861137756E-01  5.1262683168E-01
HessDelSqRho_EigVec2 =  2.3494053190E-04 -5.1262677992E-01  8.5861151245E-01
HessDelSqRho_EigVec3 =  9.9999985552E-01  5.3557424848E-04  4.6131695038E-05
</CP of DelSqRho>
<CP of DelSqRho>
CP# = 12      
Type = (3,+1)
Coords =  2.78927563582293E+00  1.37186337004327E-03  1.54906825120993E-05
DistFromNuc =  6.6892136704E-01
Rho =  8.5723891256E-01
DelSqRho = -3.5038016991E+00
GradDelSqRho = -3.9079850467E-14  3.4694469520E-17  9.1940344227E-17
HessDelSqRho_EigVals = -4.7912250387E+00  1.8610443684E+01  2.4139407472E+02
HessDelSqRho_EigVec1 =  1.8795234135E-04 -5.2792094087E-01  8.4929349748E-01
HessDelSqRho_EigVec2 = -4.7820562469E-04  8.4929336793E-01  5.2792096616E-01
HessDelSqRho_EigVec3 =  9.9999986800E-01  5.0536090915E-04  9.2828086318E-05
</CP of DelSqRho>
<CP of DelSqRho>
CP# = 13      
Type = (3,-1)
Coords =  3.19309286348697E+00  5.51118989602200E-01  3.58981935911666E-01
DistFromNuc =  7.0777459861E-01
Rho =  6.9824957183E-01
DelSqRho = -1.2394306650E+00
GradDelSqRho = -1.8318679906E-14  2.1316282073E-14  2.4424906542E-14
HessDelSqRho_EigVals = -1.5808496275E+01 -1.0253506139E+01  1.5363167755E+02
HessDelSqRho_EigVec1 =  9.1481162296E-01  3.8246896681E-01  1.2975817478E-01
HessDelSqRho_EigVec2 =  9.1693790810E-02 -5.0956951255E-01  8.5552975436E-01
HessDelSqRho_EigVec3 = -3.9333439111E-01  7.7075054415E-01  5.0123014222E-01
</CP of DelSqRho>
<CP of DelSqRho>
CP# = 14      
Type = (3,-1)
Coords =  3.19371431876376E+00 -5.47965383556321E-01 -3.58880301617189E-01
DistFromNuc =  7.0777304377E-01
Rho =  6.9825265868E-01
DelSqRho = -1.2394580854E+00
GradDelSqRho =  5.9952043330E-15  2.6645352591E-15 -1.3322676296E-15
HessDelSqRho_EigVals = -1.5808309113E+01 -1.0253274238E+01  1.5363342584E+02
HessDelSqRho_EigVec1 =  9.1520958999E-01 -3.8160708591E-01 -1.2948914387E-01
HessDelSqRho_EigVec2 = -9.1447895222E-02 -5.0962156290E-01  8.5552506982E-01
HessDelSqRho_EigVec3 =  3.9246488869E-01  7.7114323871E-01  5.0130770644E-01
</CP of DelSqRho>
<CP of DelSqRho>
CP# = 15      
Type = (3,+1)
Coords =  3.69061940350319E+00 -6.17054017100550E-01  1.62569806903737E-01
DistFromNuc =  6.8065694810E-01
Rho =  7.9968232977E-01
DelSqRho = -2.6200046800E+00
GradDelSqRho =  5.3290705182E-15 -1.5987211555E-14  5.6621374256E-15
HessDelSqRho_EigVals = -1.1546621805E+01  1.1718056990E+01  2.0399716567E+02
HessDelSqRho_EigVec1 =  5.5893814905E-01 -8.7586801583E-02 -8.2457061416E-01
HessDelSqRho_EigVec2 =  7.7009665796E-01  4.2355771182E-01  4.7702201433E-01
HessDelSqRho_EigVec3 = -3.0747241005E-01  9.0162487596E-01 -3.0419286664E-01
</CP of DelSqRho>
<CP of DelSqRho>
CP# = 16      
Type = (3,+1)
Coords =  3.69008438581118E+00  6.20707965793774E-01 -1.62302431064281E-01
DistFromNuc =  6.8065888262E-01
Rho =  7.9967862738E-01
DelSqRho = -2.6200226832E+00
GradDelSqRho = -1.7763568394E-15  3.5527136788E-15  5.5511151231E-16
HessDelSqRho_EigVals = -1.1547590455E+01  1.1719298191E+01  2.0399611913E+02
HessDelSqRho_EigVec1 =  5.5860856190E-01  8.8055697499E-02  8.2474400193E-01
HessDelSqRho_EigVec2 = -7.7064100911E-01  4.2279011001E-01  4.7682382277E-01
HessDelSqRho_EigVec3 =  3.0670655300E-01  9.0193941982E-01 -3.0403350691E-01
</CP of DelSqRho>
<CP of DelSqRho>
CP# = 17      
Type = (3,+1)
Coords =  3.69449378838579E+00  1.14582192290052E-01  6.32120122839343E-01
DistFromNuc =  6.8414762078E-01
Rho =  7.8484833703E-01
DelSqRho = -2.4415121579E+00
GradDelSqRho = -7.1054273576E-15 -8.8817841970E-16 -4.4408920985E-14
HessDelSqRho_EigVals = -1.2945758290E+01  1.0043586610E+01  1.9690220231E+02
HessDelSqRho_EigVec1 =  5.4959896680E-01  7.9123830860E-01 -2.6810989296E-01
HessDelSqRho_EigVec2 =  7.7453746745E-01 -6.0286464945E-01 -1.9143125650E-01
HessDelSqRho_EigVec3 =  3.1310172024E-01  1.0245073670E-01  9.4417750415E-01
</CP of DelSqRho>
<CP of DelSqRho>
CP# = 18      
Type = (3,+1)
Coords =  3.69477318906794E+00 -1.10986306477682E-01 -6.31899062745994E-01
DistFromNuc =  6.8414868387E-01
Rho =  7.8484593875E-01
DelSqRho = -2.4415218724E+00
GradDelSqRho =  1.4210854715E-14 -6.2172489379E-15 -1.5987211555E-14
HessDelSqRho_EigVals = -1.2947028133E+01  1.0044453189E+01  1.9690311213E+02
HessDelSqRho_EigVec1 = -5.5027153381E-01  7.9070225809E-01 -2.6831171821E-01
HessDelSqRho_EigVec2 =  7.7391949153E-01  6.0360616101E-01  1.9159390133E-01
HessDelSqRho_EigVec3 = -3.1344833660E-01  1.0222299857E-01  9.4408717757E-01
</CP of DelSqRho>
<CP of DelSqRho>
CP# = 19      
Type = (3,+3)
Coords =  3.09382670217223E+00 -2.90381669533950E-01  4.53971423389465E-01
DistFromNuc =  6.5123390989E-01
Rho =  9.0503101474E-01
DelSqRho = -3.9437697001E+00
GradDelSqRho = -1.0658141036E-14  1.0658141036E-14  0.0000000000E+00
HessDelSqRho_EigVals =  6.4433234814E+00  1.9265001102E+01  2.8618567010E+02
HessDelSqRho_EigVec1 = -8.4373679293E-01  3.2144232619E-01 -4.2986399615E-01
HessDelSqRho_EigVec2 =  3.0409080929E-02  8.2819336651E-01  5.5961686488E-01
HessDelSqRho_EigVec3 = -5.3589505694E-01 -4.5909756980E-01  7.0855198070E-01
</CP of DelSqRho>
<CP of DelSqRho>
CP# = 20      
Type = (3,+3)
Coords =  3.09372197474621E+00  2.93469450812268E-01 -4.53938617597179E-01
DistFromNuc =  6.5122459793E-01
Rho =  9.0506343464E-01
DelSqRho = -3.9440519784E+00
GradDelSqRho = -4.2632564146E-14  3.7303493627E-14 -3.9079850467E-14
HessDelSqRho_EigVals =  6.4456783110E+00  1.9266198515E+01  2.8621804019E+02
HessDelSqRho_EigVec1 =  8.4358952198E-01  3.2222152508E-01 -4.2956956036E-01
HessDelSqRho_EigVec2 =  3.1363444920E-02 -8.2815984437E-01 -5.5961380120E-01
HessDelSqRho_EigVec3 =  5.3607187273E-01 -4.5861155780E-01  7.0873294428E-01
</CP of DelSqRho>
<CP of DelSqRho>
CP# = 21      
Type = (3,+3)
Coords =  3.87551365672846E+00  5.00256527230006E-01  2.95613425649004E-01
DistFromNuc =  7.1417442267E-01
Rho =  7.7555318134E-01
DelSqRho = -3.2993792998E+00
GradDelSqRho =  6.4392935428E-15  1.2212453271E-14 -3.3306690739E-15
HessDelSqRho_EigVals =  1.3487965976E+01  2.3526921326E+01  1.5124441518E+02
HessDelSqRho_EigVec1 =  4.3142474320E-02 -5.2176358222E-01  8.5199852769E-01
HessDelSqRho_EigVec2 =  8.1819126289E-01 -4.7093113118E-01 -3.2982863280E-01
HessDelSqRho_EigVec3 =  5.7332519938E-01  7.1132737467E-01  4.0658527003E-01
</CP of DelSqRho>
<CP of DelSqRho>
CP# = 22      
Type = (3,+3)
Coords =  3.87607048036095E+00 -4.96455612599800E-01 -2.95320559431154E-01
DistFromNuc =  7.1417476082E-01
Rho =  7.7555453699E-01
DelSqRho = -3.2994047283E+00
GradDelSqRho = -1.7097434579E-14  1.6209256160E-14  6.6613381478E-16
HessDelSqRho_EigVals =  1.3488261076E+01  2.3526944751E+01  1.5124423332E+02
HessDelSqRho_EigVec1 = -4.2860545275E-02 -5.2173591063E-01  8.5202970207E-01
HessDelSqRho_EigVec2 =  8.1765434082E-01  4.7174261200E-01  3.3000043480E-01
HessDelSqRho_EigVec3 = -5.7411179452E-01  7.1080978298E-01  4.0638048651E-01
</CP of DelSqRho>
<CP of DelSqRho>
CP# = 23      
Type = (3,-1)
Coords =  2.19846220724591E+00  1.19346464841452E-03 -2.52888309913467E-04
DistFromNuc =  1.2597348560E+00
Rho =  2.4103825038E-01
DelSqRho =  4.5408427981E-01
GradDelSqRho = -1.3877787808E-17  1.5612511284E-17  1.5395670849E-17
HessDelSqRho_EigVals = -7.6711456591E+00 -2.4287626934E-01  7.1719248299E-01
HessDelSqRho_EigVec1 =  9.9999986807E-01  3.8622782904E-04  3.3866987499E-04
HessDelSqRho_EigVec2 = -1.4076242226E-04 -4.2802691578E-01  9.0376597610E-01
HessDelSqRho_EigVec3 = -4.9401939297E-04  9.0376590453E-01  4.2802680494E-01
</CP of DelSqRho>
<CP of DelSqRho>
CP# = 24      
Type = (3,-1)
Coords =  3.51440446216972E+00  1.12262428800308E+00 -3.78807807562981E-01
DistFromNuc =  1.1845504952E+00
Rho =  2.4164403038E-01
DelSqRho =  7.3202056486E-01
GradDelSqRho =  1.7597468621E-14 -2.6284530108E-14 -5.3290705182E-15
HessDelSqRho_EigVals = -1.7361332062E+01 -1.2319010460E+00  3.1075786633E-01
HessDelSqRho_EigVec1 =  2.4100558139E-02  9.4249504027E-01 -3.3335005948E-01
HessDelSqRho_EigVec2 =  7.3276608726E-01  2.1017348533E-01  6.4721014163E-01
HessDelSqRho_EigVec3 =  6.8005369234E-01 -2.5986574442E-01 -6.8556310462E-01
</CP of DelSqRho>
<CP of DelSqRho>
CP# = 25      
Type = (3,-1)
Coords =  3.51535621566794E+00 -1.11914192180821E+00  3.78997928797010E-01
DistFromNuc =  1.1845502260E+00
Rho =  2.4164420023E-01
DelSqRho =  7.3201992825E-01
GradDelSqRho =  4.2425047850E-14  7.2830630415E-14  1.0578343757E-14
HessDelSqRho_EigVals = -1.7361225226E+01 -1.2319960043E+00  3.1075660024E-01
HessDelSqRho_EigVec1 = -2.4894910132E-02  9.4246396755E-01 -3.3337953345E-01
HessDelSqRho_EigVec2 = -7.3314810629E-01  2.0949743966E-01  6.4699665920E-01
HessDelSqRho_EigVec3 =  6.7961319711E-01  2.6052349731E-01  6.8575025312E-01
</CP of DelSqRho>
<CP of DelSqRho>
CP# = 26      
Type = (3,-1)
Coords =  3.48119210712431E+00  2.15660281285670E-01  1.16119267945946E+00
DistFromNuc =  1.1808890051E+00
Rho =  2.4138895835E-01
DelSqRho =  7.4265119055E-01
GradDelSqRho = -1.7798262864E-14  9.4495938852E-13  3.4721808762E-12
HessDelSqRho_EigVals = -1.7231689891E+01 -1.5165471961E+00  2.8630919191E-01
HessDelSqRho_EigVec1 = -9.2581930799E-03  1.6956247000E-01  9.8547595335E-01
HessDelSqRho_EigVec2 =  7.5422965937E-01  6.4824932299E-01 -1.0445303329E-01
HessDelSqRho_EigVec3 =  6.5654543390E-01 -7.4230814627E-01  1.3389066138E-01
</CP of DelSqRho>
<CP of DelSqRho>
CP# = 27      
Type = (3,-1)
Coords =  3.48172629768684E+00 -2.12229762551005E-01 -1.16103210282416E+00
DistFromNuc =  1.1808863125E+00
Rho =  2.4138828328E-01
DelSqRho =  7.4267046739E-01
GradDelSqRho = -4.5758535849E-14 -1.0106152026E-12 -3.5837513512E-12
HessDelSqRho_EigVals = -1.7232244881E+01 -1.5164341217E+00  2.8625130712E-01
HessDelSqRho_EigVec1 =  8.8155741400E-03  1.6958259270E-01  9.8547654965E-01
HessDelSqRho_EigVec2 = -7.5480778162E-01  6.4753980021E-01 -1.0467769555E-01
HessDelSqRho_EigVec3 =  6.5588680308E-01  7.4292257429E-01 -1.3371069572E-01
</CP of DelSqRho>
<CP of DelSqRho>
CP# = 28      
Type = (3,-3)
Coords =  3.03292475938007E+00  9.17497244566350E-01  5.47469300874428E-01
DistFromNuc =  1.1485484983E+00
Rho =  2.4604070322E-01
DelSqRho =  8.3025887687E-01
GradDelSqRho = -7.2164496601E-16  1.9428902931E-15  4.4408920985E-16
HessDelSqRho_EigVals = -1.7613687415E+01 -1.6447064428E+00 -4.5916466344E-01
HessDelSqRho_EigVec1 = -4.0420797865E-01  7.8303824511E-01  4.7272298092E-01
HessDelSqRho_EigVec2 =  9.1442481271E-01  3.5784219734E-01  1.8914603805E-01
HessDelSqRho_EigVec3 = -2.1051648522E-02  5.0872396100E-01 -8.6067227189E-01
</CP of DelSqRho>
<CP of DelSqRho>
CP# = 29      
Type = (3,-3)
Coords =  3.03394785034077E+00 -9.14475405752843E-01 -5.47446559819402E-01
DistFromNuc =  1.1485479424E+00
Rho =  2.4603991507E-01
DelSqRho =  8.3025841614E-01
GradDelSqRho =  4.1633363423E-16  4.2743586448E-15  2.4980018054E-15
HessDelSqRho_EigVals = -1.7613806758E+01 -1.6446677370E+00 -4.5910270228E-01
HessDelSqRho_EigVec1 =  4.0333340741E-01  7.8341776671E-01  4.7284116283E-01
HessDelSqRho_EigVec2 = -9.1481571759E-01  3.5699143212E-01  1.8886323159E-01
HessDelSqRho_EigVec3 = -2.0841432776E-02 -5.0873737841E-01  8.6066945716E-01
</CP of DelSqRho>
<CP of DelSqRho>
CP# = 30      
Type = (3,+1)
Coords =  2.28608077246237E+00 -1.82917518322738E-01  3.77374633185850E-01
DistFromNuc =  1.2451100161E+00
Rho =  2.4403370288E-01
DelSqRho =  4.4446311476E-01
GradDelSqRho = -1.6653345369E-15 -4.8572257327E-16  4.1078251911E-15
HessDelSqRho_EigVals = -1.0300878260E+01  3.0225884463E-01  8.3691673668E-01
HessDelSqRho_EigVec1 =  9.2817848439E-01  1.5607266024E-01 -3.3782543695E-01
HessDelSqRho_EigVec2 =  3.7168649584E-01 -4.3337873668E-01  8.2099453068E-01
HessDelSqRho_EigVec3 =  1.8271560642E-02  8.8759461204E-01  4.6026291916E-01
</CP of DelSqRho>
<CP of DelSqRho>
CP# = 31      
Type = (3,+1)
Coords =  2.28592516766822E+00  1.85145295070728E-01 -3.77325357341112E-01
DistFromNuc =  1.2451105248E+00
Rho =  2.4403233780E-01
DelSqRho =  4.4450166795E-01
GradDelSqRho =  6.3837823916E-16 -7.2164496601E-16  2.7755575616E-17
HessDelSqRho_EigVals = -1.0300684804E+01  3.0181927825E-01  8.3674955614E-01
HessDelSqRho_EigVec1 =  9.2830561624E-01 -1.5513319320E-01  3.3790882681E-01
HessDelSqRho_EigVec2 = -3.7132117214E-01 -4.3376709458E-01  8.2095474588E-01
HessDelSqRho_EigVec3 = -1.9216398832E-02  8.8756960292E-01  4.6027266917E-01
</CP of DelSqRho>
<CP of DelSqRho>
CP# = 32      
Type = (3,-3)
Coords =  4.45765563324765E+00 -3.09690277136520E-01  5.07603991446964E-01
DistFromNuc =  1.1633890314E+00
Rho =  2.4445344591E-01
DelSqRho =  8.5773365868E-01
GradDelSqRho = -2.6256774532E-14  1.3058998327E-14 -2.1246893134E-14
HessDelSqRho_EigVals = -1.8088543462E+01 -2.0534313795E+00 -2.3658437518E-01
HessDelSqRho_EigVec1 =  8.5409719225E-01 -2.7228085140E-01  4.4314909923E-01
HessDelSqRho_EigVec2 =  1.2359261618E-02  8.6240815398E-01  5.0606266866E-01
HessDelSqRho_EigVec3 = -5.1996657089E-01 -4.2674970875E-01  7.3994557316E-01
</CP of DelSqRho>
<CP of DelSqRho>
CP# = 33      
Type = (3,-3)
Coords =  4.45751856174804E+00  3.14043622785489E-01 -5.07140037294178E-01
DistFromNuc =  1.1633841333E+00
Rho =  2.4445291159E-01
DelSqRho =  8.5774236740E-01
GradDelSqRho = -3.0211944058E-14 -1.3294920720E-14  2.2967738822E-14
HessDelSqRho_EigVals = -1.8088529126E+01 -2.0534118149E+00 -2.3661768598E-01
HessDelSqRho_EigVec1 =  8.5398110831E-01  2.7308052140E-01 -4.4288067861E-01
HessDelSqRho_EigVec2 = -1.3335519565E-02  8.6240408219E-01  5.0604482306E-01
HessDelSqRho_EigVec3 =  5.2013308929E-01 -4.2624667489E-01  7.4011846455E-01
</CP of DelSqRho>
<CP of DelSqRho>
CP# = 34      
Type = (3,-1)
Coords =  4.62705186804737E+00  2.22457242275526E-03  3.12030741462697E-04
DistFromNuc =  1.1688550906E+00
Rho =  2.5033783890E-01
DelSqRho =  8.4167414755E-01
GradDelSqRho = -2.2520874055E-13 -8.1473456454E-14  1.3080774528E-13
HessDelSqRho_EigVals = -1.6561565626E+01 -4.0597539662E+00  1.9142260820E-01
HessDelSqRho_EigVec1 =  9.9999988202E-01  4.4263365672E-04  2.0009428550E-04
HessDelSqRho_EigVec2 = -4.8132780036E-04  8.4739156377E-01  5.3096827210E-01
HessDelSqRho_EigVec3 =  6.5466218388E-05 -5.3096830576E-01  8.4739167685E-01
</CP of DelSqRho>
<CP of DelSqRho>
CP# = 35      
Type = (3,+1)
Coords =  4.32772109151865E+00 -1.81471007607854E+00 -1.80984694366302E-01
DistFromNuc =  2.0219388613E+00
Rho =  6.9988079924E-02
DelSqRho =  1.7710154054E-01
GradDelSqRho = -4.2197564887E-12 -4.0276740276E-12  1.6428802763E-12
HessDelSqRho_EigVals = -1.6980622772E+00  2.5524992186E-02  5.7465062789E-01
HessDelSqRho_EigVec1 = -1.5492646489E-01  9.4723663541E-01 -2.8060746072E-01
HessDelSqRho_EigVec2 =  7.1947000349E-01  3.0283009140E-01  6.2502547934E-01
HessDelSqRho_EigVec3 =  6.7702341507E-01 -1.0505566277E-01 -7.2842474091E-01
</CP of DelSqRho>
<CP of DelSqRho>
CP# = 36      
Type = (3,+1)
Coords =  4.32602643751022E+00  1.81891509454962E+00  1.81361802009899E-01
DistFromNuc =  2.0219365425E+00
Rho =  6.9987518226E-02
DelSqRho =  1.7710279012E-01
GradDelSqRho =  1.4094628242E-16 -2.5673907444E-16  6.9388939039E-17
HessDelSqRho_EigVals = -1.6980702640E+00  2.5524939537E-02  5.7464773815E-01
HessDelSqRho_EigVec1 =  1.5417991740E-01  9.4735516535E-01 -2.8061850216E-01
HessDelSqRho_EigVec2 = -7.1998821978E-01  3.0222660142E-01  6.2472077344E-01
HessDelSqRho_EigVec3 =  6.7664282783E-01  1.0572261856E-01  7.2868183144E-01
</CP of DelSqRho>
<CP of DelSqRho>
CP# = 37      
Type = (3,-1)
Coords =  4.08002089690741E+00  1.19525445338875E+00  1.49000922602503E+00
DistFromNuc =  2.0077646124E+00
Rho =  7.1485850466E-02
DelSqRho =  1.8845470513E-01
GradDelSqRho =  1.4835615375E-13 -2.9657092754E-12 -3.4153097017E-12
HessDelSqRho_EigVals = -1.9519885311E+00 -9.2758790799E-03  5.3539357592E-01
HessDelSqRho_EigVec1 = -1.1620329853E-01  3.6034267328E-01  9.2555386187E-01
HessDelSqRho_EigVec2 = -5.1383558835E-01  7.7566241876E-01 -3.6649802219E-01
HessDelSqRho_EigVec3 =  8.4998222426E-01  5.1817079225E-01 -9.5022357933E-02
</CP of DelSqRho>
<CP of DelSqRho>
CP# = 38      
Type = (3,-1)
Coords =  4.08196213042256E+00 -1.19070042061046E+00 -1.48990759417280E+00
DistFromNuc =  2.0077281868E+00
Rho =  7.1486736933E-02
DelSqRho =  1.8845963740E-01
GradDelSqRho = -1.6698448180E-14  7.9826770194E-14  1.6963860872E-13
HessDelSqRho_EigVals = -1.9517730284E+00 -9.2585874500E-03  5.3547851051E-01
HessDelSqRho_EigVec1 =  1.1519349146E-01  3.5994710856E-01  9.2583396922E-01
HessDelSqRho_EigVec2 =  5.1372001257E-01  7.7613259165E-01 -3.6566371008E-01
HessDelSqRho_EigVec3 =  8.5018951311E-01 -5.1774151777E-01  9.5506610066E-02
</CP of DelSqRho>
<CP of DelSqRho>
CP# = 39      
Type = (3,-1)
Coords =  5.22737103143672E+00  7.34577203537719E-01  6.22993895617048E-01
DistFromNuc =  2.0137278556E+00
Rho =  7.2531962569E-02
DelSqRho =  1.9318362642E-01
GradDelSqRho = -1.5324547187E-14  8.4177456672E-16 -2.2651151788E-15
HessDelSqRho_EigVals = -2.3496885977E+00 -1.5542816698E-02  4.6727142102E-01
HessDelSqRho_EigVec1 =  9.8587111219E-01 -1.5714918694E-01  5.7985198013E-02
HessDelSqRho_EigVec2 = -1.2544308456E-01 -4.6325527853E-01  8.7730187476E-01
HessDelSqRho_EigVec3 =  1.1100532727E-01  8.7218041709E-01  4.7642327542E-01
</CP of DelSqRho>
<CP of DelSqRho>
CP# = 40      
Type = (3,-1)
Coords =  5.22820350236757E+00 -7.29350914238303E-01 -6.22554118804477E-01
DistFromNuc =  2.0137129556E+00
Rho =  7.2533200123E-02
DelSqRho =  1.9318889905E-01
GradDelSqRho = -1.9475046575E-13 -1.6132928327E-14  3.4561763174E-14
HessDelSqRho_EigVals = -2.3497732632E+00 -1.5539241387E-02  4.6727017860E-01
HessDelSqRho_EigVec1 =  9.8569994427E-01  1.5823100239E-01 -5.7953168626E-02
HessDelSqRho_EigVec2 =  1.2590043091E-01 -4.6294247730E-01  8.7740147265E-01
HessDelSqRho_EigVec3 = -1.1200313106E-01  8.7215091159E-01  4.7624372546E-01
</CP of DelSqRho>
<CP of DelSqRho>
CP# = 41      
Type = (3,+1)
Coords =  4.40961448609875E+00  8.34303991909763E-01  1.54618609096172E+00
DistFromNuc =  1.9972153235E+00
Rho =  7.1367969123E-02
DelSqRho =  1.8806606781E-01
GradDelSqRho = -6.0715321659E-17  1.3574211200E-16 -5.3776427755E-16
HessDelSqRho_EigVals = -1.8378122981E+00  8.7012543064E-03  5.7218159266E-01
HessDelSqRho_EigVec1 =  2.1480460763E-01  2.6658209121E-02  9.7629315291E-01
HessDelSqRho_EigVec2 =  7.6881477024E-01 -6.2109605507E-01 -1.5219572738E-01
HessDelSqRho_EigVec3 =  6.0231456034E-01  7.8328093955E-01 -1.5390951933E-01
</CP of DelSqRho>
<CP of DelSqRho>
CP# = 42      
Type = (3,+1)
Coords =  4.41059174426173E+00 -8.30217805513332E-01 -1.54577437366123E+00
DistFromNuc =  1.9972002099E+00
Rho =  7.1369538744E-02
DelSqRho =  1.8807344929E-01
GradDelSqRho = -7.2858385991E-17  2.6367796835E-16  3.5041414215E-16
HessDelSqRho_EigVals = -1.8379288778E+00  8.6849397494E-03  5.7217617281E-01
HessDelSqRho_EigVec1 = -2.1485637667E-01  2.6656110018E-02  9.7628181854E-01
HessDelSqRho_EigVec2 =  7.6808914306E-01  6.2202773872E-01  1.5205446581E-01
HessDelSqRho_EigVec3 = -6.0322119137E-01  7.8254133696E-01 -1.5412089483E-01
</CP of DelSqRho>
<Path of -GradDelSqRho>
Starting CP# =      3
Ending CP# =     22
Number of Points =     19
  4.1634313759E+00 -7.8239869974E-01 -4.9715339621E-01  4.0538393140E-01 -9.2578161443E-01
  4.1480965881E+00 -7.6581472937E-01 -4.8643816527E-01  4.1712526259E-01 -9.3518716057E-01
  4.1327758140E+00 -7.4921694763E-01 -4.7572427281E-01  4.2992803893E-01 -9.6383420028E-01
  4.1174676791E+00 -7.3260688465E-01 -4.6501134638E-01  4.4381157452E-01 -1.0124542934E+00
  4.1021704321E+00 -7.1598641810E-01 -4.5429900259E-01  4.5878938294E-01 -1.0818145240E+00
  4.0868819691E+00 -6.9935774504E-01 -4.4358685415E-01  4.7486829963E-01 -1.1725915865E+00
  4.0715998404E+00 -6.8272337614E-01 -4.3287451039E-01  4.9204759776E-01 -1.2852151948E+00
  4.0563212218E+00 -6.6608616792E-01 -4.2216156882E-01  5.1031819510E-01 -1.4196846032E+00
  4.0410428377E+00 -6.4944940943E-01 -4.1144759458E-01  5.2966206961E-01 -1.5753645041E+00
  4.0257608118E+00 -6.3281698704E-01 -4.0073208227E-01  5.5005201951E-01 -1.7507692824E+00
  4.0104704117E+00 -6.1619366894E-01 -3.9001438960E-01  5.7145191768E-01 -1.9433470104E+00
  3.9951656162E+00 -5.9958558911E-01 -3.7929362180E-01  5.9381761797E-01 -2.1492758587E+00
  3.9798383665E+00 -5.8300109707E-01 -3.6856842221E-01  6.1709867144E-01 -2.3632844007E+00
  3.9644771811E+00 -5.6645235147E-01 -3.5783656799E-01  6.4124099682E-01 -2.5785011145E+00
  3.9490643356E+00 -5.4995862130E-01 -3.4709411394E-01  6.6619060788E-01 -2.7863226727E+00
  3.9335692498E+00 -5.3355418317E-01 -3.3633332116E-01  6.9189834861E-01 -2.9762575734E+00
  3.9179293184E+00 -5.1731184453E-01 -3.2553650033E-01  7.1832478944E-01 -3.1356402376E+00
  3.9019696093E+00 -5.0144652764E-01 -3.1464957788E-01  7.4543718531E-01 -3.2490189182E+00
  3.8760704804E+00 -4.9645561260E-01 -2.9532055943E-01  7.7555453699E-01 -3.2994047283E+00
</Path of -GradDelSqRho>
<Path of -GradDelSqRho>
Starting CP# =      3
Ending CP# =      0
Number of Points =     30
  4.1634313759E+00 -7.8239869974E-01 -4.9715339621E-01  4.0538393140E-01 -9.2578161443E-01
  4.1787806250E+00 -7.9896823797E-01 -5.0787024824E-01  3.9467972330E-01 -9.3501480933E-01
  4.1941453685E+00 -8.1552212183E-01 -5.1858908890E-01  3.8498397128E-01 -9.6247228011E-01
  4.2095257052E+00 -8.3206006049E-01 -5.2931017960E-01  3.7626414096E-01 -1.0079516258E+00
  4.2249213022E+00 -8.4858220721E-01 -5.4003371545E-01  3.6848413134E-01 -1.0714458482E+00
  4.2403314330E+00 -8.6508913505E-01 -5.5075981282E-01  3.6160439992E-01 -1.1530760538E+00
  4.2557550400E+00 -8.8158178834E-01 -5.6148849900E-01  3.5558195864E-01 -1.2529553346E+00
  4.2711908111E+00 -8.9806141872E-01 -5.7221970251E-01  3.5037033171E-01 -1.3709573178E+00
  4.2866372637E+00 -9.1452951573E-01 -5.8295324174E-01  3.4591963570E-01 -1.5063607835E+00
  4.3020928236E+00 -9.3098774376E-01 -5.9368880806E-01  3.4217704050E-01 -1.6573594544E+00
  4.3175558912E+00 -9.4743789820E-01 -6.0442593769E-01  3.3908799212E-01 -1.8204847625E+00
  4.3330248862E+00 -9.6388189407E-01 -6.1516396311E-01  3.3659869746E-01 -1.9901122017E+00
  4.3484982737E+00 -9.8032179085E-01 -6.2590193630E-01  3.3466041893E-01 -2.1584168024E+00
  4.3639746101E+00 -9.9675979928E-01 -6.3663855088E-01  3.3323598802E-01 -2.3163736434E+00
  4.3794527958E+00 -1.0131979308E+00 -6.4737231052E-01  3.3230846974E-01 -2.4565528364E+00
  4.3949331557E+00 -1.0296359694E+00 -6.5810307678E-01  3.3189096923E-01 -2.5783435534E+00
  4.4104195925E+00 -1.0460664088E+00 -6.6883671099E-01  3.3203517044E-01 -2.6956502865E+00
  4.4259173204E+00 -1.0624767681E+00 -6.7958475511E-01  3.3283458360E-01 -2.8459523542E+00
  4.4414251125E+00 -1.0788662536E+00 -6.9035012101E-01  3.3441725783E-01 -3.0980981978E+00
  4.4569381489E+00 -1.0952433273E+00 -7.0112681566E-01  3.3692272365E-01 -3.5548246928E+00
  4.4724533129E+00 -1.1116144135E+00 -7.1190954345E-01  3.4045984154E-01 -4.3453915043E+00
  4.4879692003E+00 -1.1279826928E+00 -7.2269549130E-01  3.4504666111E-01 -5.6044282852E+00
  4.5034851992E+00 -1.1443496542E+00 -7.3348327824E-01  3.5054014552E-01 -7.4355362999E+00
  4.5190010212E+00 -1.1607160329E+00 -7.4427220397E-01  3.5657157268E-01 -9.8629494675E+00
  4.5345165064E+00 -1.1770822273E+00 -7.5506189347E-01  3.6251038585E-01 -1.2782069388E+01
  4.5500315338E+00 -1.1934484923E+00 -7.6585213422E-01  3.6748149111E-01 -1.5928469718E+01
  4.5655459565E+00 -1.2098150525E+00 -7.7664279670E-01  3.7045391756E-01 -1.8889561108E+01
  4.5810594968E+00 -1.2261822323E+00 -7.8743378789E-01  3.7039967656E-01 -2.1175363921E+01
  4.5965712910E+00 -1.2425509280E+00 -7.9822498979E-01  3.6649387317E-01 -2.2340945156E+01
  4.6012212266E+00 -1.2474651318E+00 -8.0146208460E-01  3.6449342621E-01 -2.2425952428E+01
</Path of -GradDelSqRho>
<Path of -GradDelSqRho>
Starting CP# =      4
Ending CP# =      0
Number of Points =     30
  4.1625426846E+00  7.8647731650E-01  4.9753268152E-01  4.0537870793E-01 -9.2574116321E-01
  4.1778729876E+00  8.0306123226E-01  5.0825441221E-01  3.9467455327E-01 -9.3497395321E-01
  4.1932187971E+00  8.1962951322E-01  5.1897813145E-01  3.8497884546E-01 -9.6243018229E-01
  4.2085802121E+00  8.3618186896E-01  5.2970410030E-01  3.7625905000E-01 -1.0079074237E+00
  4.2239568993E+00  8.5271845262E-01  5.4043251353E-01  3.6847906615E-01 -1.0713986789E+00
  4.2393481319E+00  8.6923983660E-01  5.5116348721E-01  3.6159935208E-01 -1.1530250913E+00
  4.2547528512E+00  8.8574696408E-01  5.6189704839E-01  3.5557692082E-01 -1.2528998487E+00
  4.2701697444E+00  9.0224108516E-01  5.7263312547E-01  3.5036529794E-01 -1.3708967650E+00
  4.2855973276E+00  9.1872368750E-01  5.8337153682E-01  3.4591460161E-01 -1.5062949403E+00
  4.3010340255E+00  9.3519643327E-01  5.9411197404E-01  3.4217200327E-01 -1.6572885921E+00
  4.3164782372E+00  9.5166111543E-01  6.0485397377E-01  3.3908295015E-01 -1.8204098350E+00
  4.3319283814E+00  9.6811964621E-01  6.1559686927E-01  3.3659364946E-01 -1.9900349704E+00
  4.3473829223E+00  9.8457408195E-01  6.2633971377E-01  3.3465536231E-01 -2.1583397452E+00
  4.3628404152E+00  1.0010266297E+00  6.3708120276E-01  3.3323091651E-01 -2.3162994278E+00
  4.3782997600E+00  1.0174792977E+00  6.4781984193E-01  3.3230337034E-01 -2.4564831082E+00
  4.3937612811E+00  1.0339318714E+00  6.5855549214E-01  3.3188581892E-01 -2.5782768844E+00
  4.4092288817E+00  1.0503768605E+00  6.6929400380E-01  3.3202993373E-01 -2.6955793885E+00
  4.4247077778E+00  1.0668018069E+00  6.8004690215E-01  3.3282921240E-01 -2.8458611000E+00
  4.4401967432E+00  1.0832059156E+00  6.9081709829E-01  3.3441169533E-01 -3.0979594873E+00
  4.4556909554E+00  1.0995976334E+00  7.0159860853E-01  3.3691691397E-01 -3.5546005797E+00
  4.4711872960E+00  1.1159833741E+00  7.1238614409E-01  3.4045374566E-01 -4.3450370547E+00
  4.4866843601E+00  1.1323663132E+00  7.2317689537E-01  3.4504027806E-01 -5.6039002250E+00
  4.5021815355E+00  1.1487479371E+00  7.3396948313E-01  3.5053353544E-01 -7.4348064662E+00
  4.5176785337E+00  1.1651289796E+00  7.4476320794E-01  3.5656487573E-01 -9.8620211872E+00
  4.5331751946E+00  1.1815098386E+00  7.5555769527E-01  3.6250382909E-01 -1.2780992174E+01
  4.5486713973E+00  1.1978907686E+00  7.6635273287E-01  3.6747537569E-01 -1.5927345077E+01
  4.5641669949E+00  1.2142719936E+00  7.7714819135E-01  3.7044858244E-01 -1.8888532088E+01
  4.5796617095E+00  1.2306538376E+00  7.8794397776E-01  3.7039544219E-01 -2.1174585693E+01
  4.5951546773E+00  1.2470371953E+00  7.9873997414E-01  3.6649097779E-01 -2.2340543101E+01
  4.5997985468E+00  1.2519562137E+00  8.0197846875E-01  3.6449095966E-01 -2.2425678136E+01
</Path of -GradDelSqRho>
<Path of -GradDelSqRho>
Starting CP# =      4
Ending CP# =     21
Number of Points =     19
  4.1625426846E+00  7.8647731650E-01  4.9753268152E-01  4.0537870793E-01 -9.2574116321E-01
  4.1472268541E+00  7.6987898657E-01  4.8681257214E-01  4.1711997696E-01 -9.3514632229E-01
  4.1319250482E+00  7.5326686239E-01  4.7609380179E-01  4.2992268335E-01 -9.6379224487E-01
  4.1166358915E+00  7.3664247211E-01  4.6537599826E-01  4.4380614244E-01 -1.0124105698E+00
  4.1013576312E+00  7.2000769095E-01  4.5465877835E-01  4.5878386941E-01 -1.0817684793E+00
  4.0860881621E+00  7.0336471312E-01  4.4394175488E-01  4.7486270155E-01 -1.1725427868E+00
  4.0708250325E+00  6.8671604599E-01  4.3322453724E-01  4.9204191414E-01 -1.2851633493E+00
  4.0555654164E+00  6.7006454237E-01  4.2250672292E-01  5.1031242724E-01 -1.4196295901E+00
  4.0403060359E+00  6.5341348696E-01  4.1178787697E-01  5.2965622115E-01 -1.5753063977E+00
  4.0250430121E+00  6.3676676100E-01  4.0106749387E-01  5.5004609650E-01 -1.7507083806E+00
  4.0097716094E+00  6.2012912638E-01  3.9034493118E-01  5.7144592838E-01 -1.9432838604E+00
  3.9944858027E+00  6.0350670890E-01  3.7961929397E-01  5.9381157268E-01 -2.1492112788E+00
  3.9791775279E+00  5.8690784691E-01  3.6888922554E-01  6.1709258208E-01 -2.3632194981E+00
  3.9638352959E+00  5.7034468274E-01  3.5815250328E-01  6.4123487642E-01 -2.5784372992E+00
  3.9484413710E+00  5.5383645931E-01  3.4740518291E-01  6.6618447000E-01 -2.7862616699E+00
  3.9329651532E+00  5.3741740642E-01  3.3663952813E-01  6.9189220697E-01 -2.9762014457E+00
  3.9173439976E+00  5.2116023037E-01  3.2583785745E-01  7.1831865906E-01 -3.1355914336E+00
  3.9014028638E+00  5.0527954330E-01  3.1494612781E-01  7.4543109637E-01 -3.2489803559E+00
  3.8755136567E+00  5.0025652723E-01  2.9561342565E-01  7.7555318134E-01 -3.2993792998E+00
</Path of -GradDelSqRho>
<Path of -GradDelSqRho>
Starting CP# =      7
Ending CP# =     19
Number of Points =     44
  3.5188796057E+00 -8.6708022198E-02  1.2982997168E-01  2.2528054668E+01  1.2417249275E+03
  3.5277795112E+00 -9.9863951375E-02  1.4913574958E-01  1.5602529340E+01  1.1592201549E+03
  3.5366582641E+00 -1.1302457324E-01  1.6844807141E-01  1.0907335626E+01  9.8840247707E+02
  3.5455315368E+00 -1.2618649213E-01  1.8776202796E-01  7.7339265397E+00  7.7919086443E+02
  3.5543923722E+00 -1.3935125840E-01  2.0707975280E-01  5.5972518272E+00  5.7752982643E+02
  3.5632286407E+00 -1.5252158320E-01  2.2640493874E-01  4.1595851889E+00  4.1241506823E+02
  3.5720270981E+00 -1.6570045669E-01  2.4574154270E-01  3.1897702521E+00  2.8905231731E+02
  3.5807744510E+00 -1.7889091342E-01  2.6509342514E-01  2.5326059397E+00  2.0026472517E+02
  3.5894584252E+00 -1.9209579709E-01  2.8446400043E-01  2.0845295797E+00  1.3680288051E+02
  3.5980671802E+00 -2.0531789639E-01  3.0385639070E-01  1.7760871968E+00  9.1431485720E+01
  3.6065863420E+00 -2.1856061480E-01  3.2327425298E-01  1.5603701611E+00  5.9235844398E+01
  3.6149947664E+00 -2.3182892203E-01  3.4272287674E-01  1.4056638044E+00  3.6827249782E+01
  3.6232596700E+00 -2.4513042703E-01  3.6221027750E-01  1.2906929046E+00  2.1670071613E+01
  3.6313300842E+00 -2.5847675023E-01  3.8174842581E-01  1.2013987499E+00  1.1756945564E+01
  3.6391260953E+00 -2.7188559742E-01  4.0135493302E-01  1.1286658048E+00  5.5005652667E+00
  3.6465189802E+00 -2.8538413430E-01  4.2105551030E-01  1.0667018973E+00  1.6938674004E+00
  3.6532904741E+00 -2.9901465905E-01  4.4088733839E-01  1.0119095129E+00 -5.3365707595E-01
  3.6590353187E+00 -3.1284419775E-01  4.6090191813E-01  9.6215269527E-01 -1.7768804109E+00
  3.6628677025E+00 -3.2697582979E-01  4.8115030619E-01  9.1643482100E-01 -2.4232938753E+00
  3.6622227622E+00 -3.4144743311E-01  5.0142136646E-01  8.7573467283E-01 -2.7187614004E+00
  3.6494859512E+00 -3.5406517151E-01  5.1791063818E-01  8.5074114774E-01 -2.8378066633E+00
  3.6264738304E+00 -3.6044007765E-01  5.2484170717E-01  8.4954535370E-01 -2.9184235927E+00
  3.6020034082E+00 -3.6418380325E-01  5.2828311851E-01  8.5462161987E-01 -2.9966828921E+00
  3.5772836914E+00 -3.6697466571E-01  5.3074468171E-01  8.6037186331E-01 -3.0738016661E+00
  3.5524407129E+00 -3.6905468327E-01  5.3259756547E-01  8.6599106930E-01 -3.1494710798E+00
  3.5275146885E+00 -3.7045015290E-01  5.3389434041E-01  8.7134907925E-01 -3.2233403539E+00
  3.5025373051E+00 -3.7116088075E-01  5.3464347060E-01  8.7640773834E-01 -3.2950623683E+00
  3.4775394184E+00 -3.7118606342E-01  5.3484644939E-01  8.8114258022E-01 -3.3642995949E+00
