 AIMInt (Version 19.02.13, Professional)
 Portions Copyright (c) 1997-2019 by Todd A. Keith
 AIMInt is a component of the AIMAll package ( http://aim.tkgristmill.com )

 TP:  64-bit Linux

 Licensed To:  Research Group of Fernando Cortes Guzman, UNAM, fercor@unam.mx

 AIMInt is a heavily modified and extended version of the PROAIMV program
 developed by members of R.F.W. Bader's research group

 Much of the Quantum Theory of Atoms in Molecules (QTAIM) is described in the book:
   "Atoms in Molecules - A Quantum Theory"
   R.F.W. Bader, Oxford University Press, Oxford, 1990

 For additional references see:  http://aim.tkgristmill.com/references.html

 Current Directory:  /home/scratch/M_H2O_4_tetraedrico/Opt

 Inp File:  Zn2_tetraedrico_cc-pvtz-def2-tzv_1_atomicfiles/o2.inp
 Wfx File:  Zn2_tetraedrico_cc-pvtz-def2-tzv_1.wfx
 Out File:  Zn2_tetraedrico_cc-pvtz-def2-tzv_1_atomicfiles/o2.int

 Wfx Title:   Zn2_tetraedrico_cc-pvtz-def2-tzv_1                                            
 Job Title:   Zn2_tetraedrico_cc-pvtz-def2-tzv_1                                            
 
<Atom>
O2      
</Atom>
<Nuclei of Molecule>
    13
Zn1       30.0           3.3645234698E-06   2.2391904710E-05  -2.3847803875E-05
O2         8.0          -2.0999238880E+00  -1.2534308674E+00  -2.6545980192E+00
H3         1.0          -1.9061172060E+00  -2.8736636382E+00  -3.5251291239E+00
O4         8.0          -2.0675866590E+00   1.2973768342E+00   2.6588380555E+00
H5         1.0          -1.8351994193E+00   2.9108183435E+00   3.5325303130E+00
O6         8.0           2.1104340455E+00   2.6346582265E+00  -1.2776701807E+00
H7         1.0           3.6393389834E+00   3.3168963226E+00  -4.9223886722E-01
O8         8.0           2.0570891659E+00  -2.6785150225E+00   1.2733335437E+00
H9         1.0           1.8350657867E+00  -3.5508356306E+00   2.8889623466E+00
H10        1.0           1.9056617572E+00   3.5080758032E+00  -2.8949686888E+00
H11        1.0           3.5721228427E+00  -3.3894037423E+00   4.8641257807E-01
H12        1.0          -3.5974505805E+00   5.2773149673E-01   3.3567925856E+00
H13        1.0          -3.6136244153E+00  -4.5100407839E-01  -3.3508729041E+00
</Nuclei of Molecule>
<Total Number of CPs of DelSqRho>
    34
</Total Number of CPs of DelSqRho>
<Number of (3,+3) CPs of DelSqRho>
     5
</Number of (3,+3) CPs of DelSqRho>
<Number of (3,+1) CPs of DelSqRho>
    14
</Number of (3,+1) CPs of DelSqRho>
<Number of (3,-1) CPs of DelSqRho>
    10
</Number of (3,-1) CPs of DelSqRho>
<Number of (3,-3) CPs of DelSqRho>
     5
</Number of (3,-3) CPs of DelSqRho>
<Number of Degenerate CPs of DelSqRho>
     0
</Number of Degenerate CPs of DelSqRho>
<CP of DelSqRho>
CP# = 1       
Type = (3,+3)
Coords = -2.09992408102407E+00 -1.25343098606852E+00 -2.65459823694507E+00
DistFromNuc =  3.1428204573E-07
Rho =  2.9722270781E+02
DelSqRho = -3.3285799332E+06
GradDelSqRho =  2.4693159503E-05  3.6489809645E-06  2.4103073883E-05
HessDelSqRho_EigVals =  1.3237056693E+11  1.3237058709E+11  1.3237059478E+11
HessDelSqRho_EigVec1 = -5.6570864038E-01 -4.4850727351E-01  6.9196456543E-01
HessDelSqRho_EigVec2 =  5.9028713862E-01  3.6568534057E-01  7.1960775821E-01
HessDelSqRho_EigVec3 = -5.7579061140E-01  8.1554610986E-01  5.7876718306E-02
</CP of DelSqRho>
<CP of DelSqRho>
CP# = 2       
Type = (3,-1)
Coords = -1.17877075117523E+00 -7.03182415128115E-01 -1.49549518938517E+00
DistFromNuc =  1.5794986010E+00
Rho =  1.2159543318E-01
DelSqRho =  3.2519492734E-01
GradDelSqRho =  9.1288088200E-14  4.0502323717E-14  1.0755285551E-13
HessDelSqRho_EigVals = -4.1571757323E-01 -3.7070415557E-01  4.1295785487E+00
HessDelSqRho_EigVec1 =  5.7413142261E-01  4.6529081865E-01 -6.7370435923E-01
HessDelSqRho_EigVec2 = -5.7693659929E-01  8.1375372239E-01  7.0349411440E-02
HessDelSqRho_EigVec3 =  5.8096236536E-01  3.4829489428E-01  7.3564488489E-01
</CP of DelSqRho>
<CP of DelSqRho>
CP# = 3       
Type = (3,+1)
Coords = -2.03311892218995E+00 -1.19584470295673E+00 -2.79792902200380E+00
DistFromNuc =  1.6829392788E-01
Rho =  2.2588560330E+01
DelSqRho =  1.2315132204E+03
GradDelSqRho = -1.1368683772E-12 -3.7800873542E-12  2.0804691303E-11
HessDelSqRho_EigVals = -4.1300300498E+05  2.6730324095E+03  3.6953060824E+03
HessDelSqRho_EigVec1 = -4.0027399857E-01 -3.4431848879E-01  8.4924996576E-01
HessDelSqRho_EigVec2 =  7.1304369207E-01  4.6509817648E-01  5.2464500325E-01
HessDelSqRho_EigVec3 = -5.7562958512E-01  8.1555408436E-01  5.9347419669E-02
</CP of DelSqRho>
<CP of DelSqRho>
CP# = 4       
Type = (3,+1)
Coords = -2.21670690292145E+00 -1.34157315124526E+00 -2.57131306990497E+00
DistFromNuc =  1.6835592521E-01
Rho =  2.2575041226E+01
DelSqRho =  1.2301033963E+03
GradDelSqRho =  8.4128259914E-12  4.3769432523E-12  4.2632564146E-13
HessDelSqRho_EigVals = -4.1155992002E+05  2.7281293320E+03  3.7436860282E+03
HessDelSqRho_EigVec1 =  6.9166747649E-01  5.2244480316E-01 -4.9864569547E-01
HessDelSqRho_EigVec2 = -4.3746623715E-01 -2.4628901262E-01 -8.6484970579E-01
HessDelSqRho_EigVec3 = -5.7464719029E-01  8.1632906962E-01  5.8201862309E-02
</CP of DelSqRho>
<CP of DelSqRho>
CP# = 5       
Type = (3,-1)
Coords = -2.19883670368083E+00 -1.31398971373320E+00 -2.77718289105117E+00
DistFromNuc =  1.6875476228E-01
Rho =  2.2337022795E+01
DelSqRho =  1.2537486177E+03
GradDelSqRho = -2.0065726858E-11 -1.4779288904E-12 -1.0629719327E-11
HessDelSqRho_EigVals = -4.0769276244E+05 -2.1423429491E+03  1.4486349959E+03
HessDelSqRho_EigVec1 =  5.8599737732E-01  3.5876499234E-01  7.2656366138E-01
HessDelSqRho_EigVec2 =  5.7176747902E-01  4.5228968802E-01 -6.8448227738E-01
HessDelSqRho_EigVec3 = -5.7418553073E-01  8.1653029239E-01  5.9910415734E-02
</CP of DelSqRho>
<CP of DelSqRho>
CP# = 6       
Type = (3,-3)
Coords = -2.08151391603302E+00 -1.12031802255274E+00 -2.55530308932040E+00
DistFromNuc =  1.6708512688E-01
Rho =  2.2683549276E+01
DelSqRho =  1.2955793026E+03
GradDelSqRho = -2.1742607714E-12  4.4053649617E-12  3.6521896618E-12
HessDelSqRho_EigVals = -4.4831444742E+05 -3.9139805395E+03 -4.4231288575E+02
HessDelSqRho_EigVec1 =  1.1270792662E-01  7.9550201707E-01  5.9537674132E-01
HessDelSqRho_EigVec2 = -5.6283223653E-01 -4.4268505174E-01  6.9803282049E-01
HessDelSqRho_EigVec3 =  8.1885090022E-01 -4.1377105481E-01  3.9784006511E-01
</CP of DelSqRho>
<CP of DelSqRho>
CP# = 7       
Type = (3,-3)
Coords = -1.96188473176371E+00 -1.29163070221671E+00 -2.56855232803540E+00
DistFromNuc =  1.6708649554E-01
Rho =  2.2682397201E+01
DelSqRho =  1.2957209938E+03
GradDelSqRho = -1.5575096768E-11  2.0662582756E-11 -1.4971135442E-11
HessDelSqRho_EigVals = -4.4830269122E+05 -3.9258533426E+03 -4.7007499182E+02
HessDelSqRho_EigVec1 =  8.2601034740E-01 -2.2596772000E-01  5.1637728020E-01
HessDelSqRho_EigVec2 = -5.5878079886E-01 -4.4850010008E-01  6.9757557229E-01
HessDelSqRho_EigVec3 = -7.3965700253E-02  8.6474634995E-01  4.9673214657E-01
</CP of DelSqRho>
<CP of DelSqRho>
CP# = 8       
Type = (3,-1)
Coords = -2.00194196507839E+00 -1.18969843264343E+00 -2.53544807145731E+00
DistFromNuc =  1.6691012700E-01
Rho =  2.2745873317E+01
DelSqRho =  1.2948425095E+03
GradDelSqRho =  1.9781509764E-11 -2.0747847884E-12  8.8107299234E-12
HessDelSqRho_EigVals = -4.5219741669E+05 -3.6923591676E+03  2.6458983224E+02
HessDelSqRho_EigVec1 =  5.8716213407E-01  3.8181162609E-01  7.1376502471E-01
HessDelSqRho_EigVec2 =  5.6007078695E-01  4.4500876216E-01 -6.9877601218E-01
HessDelSqRho_EigVec3 = -5.8443249560E-01  8.1005375364E-01  4.7450756576E-02
</CP of DelSqRho>
<CP of DelSqRho>
CP# = 9       
Type = (3,-1)
Coords = -1.56105760376317E+00 -1.70543215369443E+00 -2.50563380214854E+00
DistFromNuc =  7.1893836525E-01
Rho =  6.6187767959E-01
DelSqRho = -9.0276431264E-01
GradDelSqRho =  1.7053025658E-13 -7.2830630415E-14  2.1316282073E-14
HessDelSqRho_EigVals = -1.5387300169E+01 -1.2533486631E+01  1.3926202717E+02
HessDelSqRho_EigVec1 =  3.2435240011E-01  6.5235814899E-01  6.8499953722E-01
HessDelSqRho_EigVec2 =  5.6575624764E-01  4.4656846333E-01 -6.9317853098E-01
HessDelSqRho_EigVec3 =  7.5809985411E-01 -6.1237688804E-01  2.2423014559E-01
</CP of DelSqRho>
<CP of DelSqRho>
CP# = 10      
Type = (3,-1)
Coords = -2.53150211022458E+00 -1.51911342982699E+00 -3.17757573953698E+00
DistFromNuc =  7.2825317156E-01
Rho =  6.5927256168E-01
DelSqRho = -9.0846248037E-01
GradDelSqRho = -1.5987211555E-14 -9.3258734069E-15 -6.2172489379E-15
HessDelSqRho_EigVals = -1.9116237878E+01 -7.1846339634E+00  1.3010630955E+02
HessDelSqRho_EigVec1 = -5.7496927381E-01  8.1600425877E-01  5.9559918033E-02
HessDelSqRho_EigVec2 =  5.6475203266E-01  4.4849684449E-01 -6.9275228047E-01
HessDelSqRho_EigVec3 =  5.9200124643E-01  3.6467469086E-01  7.1871196878E-01
</CP of DelSqRho>
<CP of DelSqRho>
CP# = 11      
Type = (3,-1)
Coords = -2.33134939603700E+00 -6.11981848084283E-01 -2.42653611528076E+00
DistFromNuc =  7.1904578587E-01
Rho =  6.6151919501E-01
DelSqRho = -9.0220638241E-01
GradDelSqRho =  8.8817841970E-16  1.4210854715E-14 -7.1054273576E-15
HessDelSqRho_EigVals = -1.5316137225E+01 -1.2512304830E+01  1.3912734455E+02
HessDelSqRho_EigVec1 =  7.6937974503E-01  2.2215920925E-02  6.3840524809E-01
HessDelSqRho_EigVec2 = -5.6272976186E-01 -4.4939173267E-01  6.9381718465E-01
HessDelSqRho_EigVec3 = -3.0230782830E-01  8.9305852186E-01  3.3325133681E-01
</CP of DelSqRho>
<CP of DelSqRho>
CP# = 12      
Type = (3,+1)
Coords = -1.69808809669275E+00 -1.00584352106227E+00 -2.17245309977588E+00
DistFromNuc =  6.7471121269E-01
Rho =  8.2774264209E-01
DelSqRho = -3.1908993703E+00
GradDelSqRho =  4.0856207306E-14  2.4424906542E-14  6.5725203058E-14
HessDelSqRho_EigVals = -7.1536830809E+00  1.8015116706E+01  2.2418680622E+02
HessDelSqRho_EigVec1 =  5.6051459689E-01  4.4546913049E-01 -6.9812652181E-01
HessDelSqRho_EigVec2 =  5.7459040958E-01 -8.1627338732E-01 -5.9528298937E-02
HessDelSqRho_EigVec3 =  5.9638012030E-01  3.6777032362E-01  7.1349543879E-01
</CP of DelSqRho>
<CP of DelSqRho>
CP# = 13      
Type = (3,+1)
Coords = -2.35679732323835E+00 -8.04958677810741E-01 -3.12112064027100E+00
DistFromNuc =  6.9624322085E-01
Rho =  7.7557314532E-01
DelSqRho = -2.5633919135E+00
GradDelSqRho =  3.9968028887E-15 -1.0658141036E-14  1.0658141036E-14
HessDelSqRho_EigVals = -1.2379423400E+01  1.4958337064E+01  1.7906211030E+02
HessDelSqRho_EigVec1 =  9.6133841779E-01  1.1017875134E-01 -2.5236697333E-01
HessDelSqRho_EigVec2 =  8.8802812469E-02  7.4346133318E-01  6.6285692768E-01
HessDelSqRho_EigVec3 = -2.6065783505E-01  6.5964072708E-01 -7.0493375873E-01
</CP of DelSqRho>
<CP of DelSqRho>
CP# = 14      
Type = (3,+1)
Coords = -1.79763138623425E+00 -1.59750826569992E+00 -3.17860645181805E+00
DistFromNuc =  6.9595606910E-01
Rho =  7.7634121891E-01
DelSqRho = -2.5691410716E+00
GradDelSqRho = -1.7763568394E-15  1.3766765505E-14  2.8421709430E-14
HessDelSqRho_EigVals = -1.2396749752E+01  1.4991848962E+01  1.7953582527E+02
HessDelSqRho_EigVec1 =  4.1158975694E-01  8.9021298098E-01 -1.9522991698E-01
HessDelSqRho_EigVec2 =  7.7280809909E-01 -2.2736520979E-01  5.9251388453E-01
HessDelSqRho_EigVec3 = -4.8307506038E-01  3.9474790674E-01  7.8154499305E-01
</CP of DelSqRho>
<CP of DelSqRho>
CP# = 15      
Type = (3,+1)
Coords = -2.23191015474380E+00 -1.93625141999688E+00 -2.64202648033696E+00
DistFromNuc =  6.9557337877E-01
Rho =  7.7727611714E-01
DelSqRho = -2.5724120298E+00
GradDelSqRho = -2.3092638912E-14 -6.2172489379E-14  1.4210854715E-14
HessDelSqRho_EigVals = -1.2264742695E+01  1.4971602530E+01  1.7980231631E+02
HessDelSqRho_EigVec1 = -4.4657816085E-01  2.1851180107E-01  8.6765231461E-01
HessDelSqRho_EigVec2 =  8.6075319954E-01 -1.5982912858E-01  4.8327898686E-01
HessDelSqRho_EigVec3 =  2.4427827519E-01  9.6265634702E-01 -1.1670853362E-01
</CP of DelSqRho>
<CP of DelSqRho>
CP# = 16      
Type = (3,+3)
Coords = -2.33559168178121E+00 -1.45962749044079E+00 -2.10304328717434E+00
DistFromNuc =  6.3424678066E-01
Rho =  9.7235128962E-01
DelSqRho = -4.4856322192E+00
GradDelSqRho = -6.4392935428E-15  6.6613381478E-15  6.2172489379E-14
HessDelSqRho_EigVals =  1.2897927810E+01  2.4118892315E+01  3.4868104128E+02
HessDelSqRho_EigVec1 = -7.2145751353E-01 -4.7131361587E-01 -5.0730910860E-01
HessDelSqRho_EigVec2 = -5.7488214677E-01  8.1607875398E-01  5.9380001841E-02
HessDelSqRho_EigVec3 = -3.8601758185E-01 -3.3448309791E-01  8.5971593199E-01
</CP of DelSqRho>
<CP of DelSqRho>
CP# = 17      
Type = (3,+3)
Coords = -1.65456680269926E+00 -9.18095581085911E-01 -2.95416534285474E+00
DistFromNuc =  6.3287697784E-01
Rho =  9.7775971207E-01
DelSqRho = -4.5425804733E+00
GradDelSqRho =  1.5987211555E-14  1.0658141036E-14 -1.0658141036E-14
HessDelSqRho_EigVals =  1.3507447163E+01  2.4369062530E+01  3.5618157410E+02
HessDelSqRho_EigVec1 =  4.3036039499E-01  2.3996103142E-01  8.7017735768E-01
HessDelSqRho_EigVec2 = -5.7473533304E-01  8.1619746202E-01  5.9169248272E-02
HessDelSqRho_EigVec3 =  6.9603823700E-01  5.2558577453E-01 -4.8917314546E-01
</CP of DelSqRho>
<CP of DelSqRho>
CP# = 18      
Type = (3,+1)
Coords = -2.78477877536793E+00 -1.15138044920498E+00 -2.58596035068798E+00
DistFromNuc =  6.9581005610E-01
Rho =  7.7659723537E-01
DelSqRho = -2.5678966159E+00
GradDelSqRho = -5.3290705182E-15 -1.3322676296E-14 -8.8817841970E-16
HessDelSqRho_EigVals = -1.2223959941E+01  1.4944944619E+01  1.7943520423E+02
HessDelSqRho_EigVec1 =  1.1165532010E-01 -5.7532387815E-01  8.1026879782E-01
HessDelSqRho_EigVec2 =  1.7451898018E-01  8.1404757369E-01  5.5395818734E-01
HessDelSqRho_EigVec3 =  9.7830272158E-01 -7.9554905540E-02 -1.9129767891E-01
</CP of DelSqRho>
<CP of DelSqRho>
CP# = 19      
Type = (3,+3)
Coords = -2.69650437262359E+00 -9.29296678792625E-01 -2.92178482701055E+00
DistFromNuc =  7.2963006871E-01
Rho =  7.4076635728E-01
DelSqRho = -2.9410428137E+00
GradDelSqRho = -3.7303493627E-14  2.0428103653E-14 -2.3092638912E-14
HessDelSqRho_EigVals =  9.9490727213E+00  2.2911232725E+01  1.3303610439E+02
HessDelSqRho_EigVec1 = -5.5626635671E-01 -4.5228962242E-01  6.9713832045E-01
HessDelSqRho_EigVec2 =  1.5354733286E-01  7.6852412655E-01  6.2112308240E-01
HessDelSqRho_EigVec3 =  8.1669514322E-01 -4.5255360385E-01  3.5805625072E-01
</CP of DelSqRho>
<CP of DelSqRho>
CP# = 20      
Type = (3,+3)
Coords = -2.01599420755131E+00 -1.89476174732908E+00 -2.99166187395198E+00
DistFromNuc =  7.2935692977E-01
Rho =  7.4147581346E-01
DelSqRho = -2.9486327518E+00
GradDelSqRho =  2.4963364709E-13 -3.3217872897E-13 -4.7961634664E-13
HessDelSqRho_EigVals =  9.9845730550E+00  2.2978085679E+01  1.3338507123E+02
HessDelSqRho_EigVec1 =  5.6547232549E-01  4.3950748235E-01 -6.9790702968E-01
HessDelSqRho_EigVec2 =  8.1542257322E-01 -1.7090078989E-01  5.5306323969E-01
HessDelSqRho_EigVec3 = -1.2380256941E-01  8.8183110230E-01  4.5502398929E-01
</CP of DelSqRho>
<CP of DelSqRho>
CP# = 21      
Type = (3,-3)
Coords = -1.24863174008212E+00 -1.96995628178340E+00 -2.42079668600206E+00
DistFromNuc =  1.1370004635E+00
Rho =  2.4631001291E-01
DelSqRho =  8.5446485687E-01
GradDelSqRho =  1.4432899320E-15 -1.5543122345E-15 -5.5511151231E-17
HessDelSqRho_EigVals = -1.7793861446E+01 -2.0124869811E+00 -5.1590129337E-01
HessDelSqRho_EigVec1 =  7.6422169763E-01 -5.9979416628E-01  2.3709102675E-01
HessDelSqRho_EigVec2 =  3.1011541877E-01  6.6405810412E-01  6.8033466867E-01
HessDelSqRho_EigVec3 = -5.6550298311E-01 -4.4640093240E-01  6.9349303071E-01
</CP of DelSqRho>
<CP of DelSqRho>
CP# = 22      
Type = (3,-3)
Coords = -2.46730608772853E+00 -2.39423848801149E-01 -2.29459546296247E+00
DistFromNuc =  1.1370056090E+00
Rho =  2.4623341955E-01
DelSqRho =  8.5318592042E-01
GradDelSqRho =  4.3506864777E-13 -2.1238566461E-13  2.1022072971E-13
HessDelSqRho_EigVals = -1.7786246166E+01 -1.9928616285E+00 -5.1214104154E-01
HessDelSqRho_EigVec1 = -2.8746697587E-01  8.9323539455E-01  3.4567798267E-01
HessDelSqRho_EigVec2 =  7.7479984102E-01  4.6969597888E-03  6.3218916863E-01
HessDelSqRho_EigVec3 =  5.6307010589E-01  4.4956475450E-01 -6.9342886252E-01
</CP of DelSqRho>
<CP of DelSqRho>
CP# = 23      
Type = (3,+1)
Coords = -3.03762549935540E+00 -7.56028183426964E-01 -3.08577037688405E+00
DistFromNuc =  1.1456890259E+00
Rho =  4.1987140543E-01
DelSqRho = -9.9668989135E-01
GradDelSqRho = -5.3845816694E-14  2.9892754938E-14 -1.9317880628E-14
HessDelSqRho_EigVals = -3.2703342117E+01  1.5285120608E+01  1.6313726749E+01
HessDelSqRho_EigVec1 =  8.1882104374E-01 -4.3180215227E-01  3.7825784806E-01
HessDelSqRho_EigVec2 =  5.5959709503E-01  4.5349210276E-01 -6.9368292755E-01
HessDelSqRho_EigVec3 =  1.2799683421E-01  7.7967417171E-01  6.1296410695E-01
</CP of DelSqRho>
<CP of DelSqRho>
CP# = 24      
Type = (3,+1)
Coords = -1.97993208724806E+00 -2.25729185633010E+00 -3.19411797125162E+00
DistFromNuc =  1.1459566728E+00
Rho =  4.1974466053E-01
DelSqRho = -9.9617107923E-01
GradDelSqRho = -7.2164496601E-16 -4.4408920985E-16  5.3290705182E-15
HessDelSqRho_EigVals = -3.2714783130E+01  1.5284005970E+01  1.6314318797E+01
HessDelSqRho_EigVec1 = -1.0267593589E-01  8.7550476330E-01  4.7217482104E-01
HessDelSqRho_EigVec2 = -5.6812166113E-01 -4.4125967116E-01  6.9464212423E-01
HessDelSqRho_EigVec3 =  8.1651419482E-01 -1.9692971346E-01  5.4269997017E-01
</CP of DelSqRho>
<CP of DelSqRho>
CP# = 25      
Type = (3,+1)
Coords = -1.38703484738914E+00 -8.21972037880645E-01 -1.73407523720446E+00
DistFromNuc =  1.2416640842E+00
Rho =  2.3711827038E-01
DelSqRho =  4.4577691821E-01
GradDelSqRho =  9.7144514655E-16 -4.7184478547E-16  1.2143064332E-16
HessDelSqRho_EigVals = -9.9104350955E+00  2.3329314317E-01  6.5890039535E-01
HessDelSqRho_EigVec1 =  5.7452979863E-01  3.4761786888E-01  7.4099752208E-01
HessDelSqRho_EigVec2 =  5.8302799145E-01  4.6158987577E-01 -6.6859041855E-01
HessDelSqRho_EigVec3 = -5.7445093061E-01  8.1614741550E-01  6.2526190490E-02
</CP of DelSqRho>
<CP of DelSqRho>
CP# = 26      
Type = (3,-1)
Coords = -2.02717666830545E+00 -3.49917629614208E-01 -3.42664729673292E+00
DistFromNuc =  1.1906672146E+00
Rho =  2.4568153121E-01
DelSqRho =  7.2165711760E-01
GradDelSqRho = -1.0748155838E-12  1.2889411760E-12  4.0178971261E-12
HessDelSqRho_EigVals = -1.7619588757E+01 -1.0760448614E+00  2.6595336101E-01
HessDelSqRho_EigVec1 =  7.8702505958E-02  7.6355695741E-01 -6.4092642975E-01
HessDelSqRho_EigVec2 =  9.9371367804E-01 -8.7408747694E-03  1.1160969123E-01
HessDelSqRho_EigVec3 = -7.9618098592E-02  6.4568132225E-01  7.5944492129E-01
</CP of DelSqRho>
<CP of DelSqRho>
CP# = 27      
Type = (3,-3)
Coords = -2.75354143059466E+00 -1.65106712363350E+00 -3.52407057288135E+00
DistFromNuc =  1.1581506836E+00
Rho =  2.5334676428E-01
DelSqRho =  8.7101316446E-01
GradDelSqRho =  3.4285768669E-13  2.0587351268E-13  5.0429105336E-13
HessDelSqRho_EigVals = -1.6851009344E+01 -4.2118899099E+00 -5.1685692396E-02
HessDelSqRho_EigVec1 =  5.6470263097E-01  3.4336049396E-01  7.5047618867E-01
HessDelSqRho_EigVec2 = -5.7485869648E-01  8.1611068269E-01  5.9167834872E-02
HessDelSqRho_EigVec3 =  5.9215573767E-01  4.6482999558E-01 -6.5824361565E-01
</CP of DelSqRho>
<CP of DelSqRho>
CP# = 28      
Type = (3,-1)
Coords = -3.12975701063127E+00 -1.22909460292519E+00 -2.05738743917002E+00
DistFromNuc =  1.1907178470E+00
Rho =  2.4589935376E-01
DelSqRho =  7.2137600839E-01
GradDelSqRho =  3.7744807280E-13 -1.1370071551E-13 -3.3342772987E-13
HessDelSqRho_EigVals = -1.7588123982E+01 -1.1263058888E+00  2.7365393989E-01
HessDelSqRho_EigVec1 =  8.5443729550E-01 -1.8351949688E-02 -5.1923030921E-01
HessDelSqRho_EigVec2 =  4.6173136503E-01 -4.3136901092E-01  7.7506446375E-01
HessDelSqRho_EigVec3 =  2.3820380897E-01  9.0198890368E-01  3.6010410027E-01
</CP of DelSqRho>
<CP of DelSqRho>
CP# = 29      
Type = (3,-1)
Coords = -2.38614382606051E+00 -2.28593531066141E+00 -2.13489417207035E+00
DistFromNuc =  1.1908313764E+00
Rho =  2.4589805378E-01
DelSqRho =  7.2128736815E-01
GradDelSqRho =  4.4061976290E-16  0.0000000000E+00  1.0130785100E-15
HessDelSqRho_EigVals = -1.7574693879E+01 -1.1319815484E+00  2.7617705189E-01
HessDelSqRho_EigVec1 =  2.3780133341E-01  8.5814098144E-01 -4.5502151795E-01
HessDelSqRho_EigVec2 = -1.9546460152E-01  5.0115506142E-01  8.4299299758E-01
HessDelSqRho_EigVec3 =  9.5144317507E-01 -1.1152425919E-01  2.8691152683E-01
</CP of DelSqRho>
<CP of DelSqRho>
CP# = 30      
Type = (3,-1)
Coords = -1.28133478378218E+00 -1.41084619471629E+00 -3.50478506969285E+00
DistFromNuc =  1.1906660857E+00
Rho =  2.4572949612E-01
DelSqRho =  7.2180329269E-01
GradDelSqRho = -6.6613381478E-16 -1.5890067040E-15  1.1934897515E-15
HessDelSqRho_EigVals = -1.7623037188E+01 -1.0796402941E+00  2.6778620172E-01
HessDelSqRho_EigVec1 =  6.9842391790E-01 -1.1765468217E-01 -7.0594716989E-01
HessDelSqRho_EigVec2 =  3.3610105012E-01  9.2477655373E-01  1.7839397351E-01
HessDelSqRho_EigVec3 = -6.3185450463E-01  3.6186420303E-01 -6.8542992606E-01
</CP of DelSqRho>
<CP of DelSqRho>
CP# = 31      
Type = (3,+1)
Coords = -4.07106266663051E+00 -9.94620131574182E-01 -2.82408175530206E+00
DistFromNuc =  1.9952683575E+00
Rho =  7.4990862970E-02
DelSqRho =  1.8254852429E-01
GradDelSqRho = -5.5164206536E-16 -6.2450045135E-17  1.7347234760E-17
HessDelSqRho_EigVals = -1.6609293192E+00  3.1935294444E-02  5.9741068614E-01
HessDelSqRho_EigVec1 =  9.5110963030E-01  2.0907644320E-01 -2.2732688368E-01
HessDelSqRho_EigVec2 =  3.1187195603E-02  6.6725862815E-01  7.4417288447E-01
HessDelSqRho_EigVec3 = -3.0727484436E-01  7.1487968502E-01 -6.2811559921E-01
</CP of DelSqRho>
<CP of DelSqRho>
CP# = 32      
Type = (3,+1)
Coords = -2.55600389186035E+00 -3.16510269928447E+00 -3.00262493857100E+00
DistFromNuc =  1.9959010244E+00
Rho =  7.4951857540E-02
DelSqRho =  1.8254242539E-01
GradDelSqRho =  1.1681627887E-14  3.8398104141E-14 -1.1744077932E-15
HessDelSqRho_EigVals = -1.6688612079E+00  3.1826254867E-02  5.9680145636E-01
HessDelSqRho_EigVec1 =  5.2222929405E-01  8.3708430863E-01 -1.6299210004E-01
HessDelSqRho_EigVec2 =  6.5984045428E-01 -2.7553501895E-01  6.9906439491E-01
HessDelSqRho_EigVec3 = -5.4026580433E-01  4.7262068679E-01  6.9623454891E-01
</CP of DelSqRho>
<CP of DelSqRho>
CP# = 33      
Type = (3,+1)
Coords = -3.09328641897337E+00 -1.86252645102094E-01 -4.01612943843794E+00
DistFromNuc =  1.9948449268E+00
Rho =  7.4957239454E-02
DelSqRho =  1.8259023064E-01
GradDelSqRho =  2.8275992658E-16  1.1518563880E-15 -1.2420620088E-15
HessDelSqRho_EigVals = -1.6580279703E+00  3.2219559802E-02  5.9667904475E-01
HessDelSqRho_EigVec1 =  6.8031046288E-02 -5.2261797830E-01  8.4984835441E-01
HessDelSqRho_EigVec2 =  2.3310890298E-01  8.3657058067E-01  4.9579219730E-01
HessDelSqRho_EigVec3 =  9.7006804714E-01 -1.6437795567E-01 -1.7873967550E-01
</CP of DelSqRho>
<CP of DelSqRho>
CP# = 34      
Type = (3,+1)
Coords = -1.55054930152259E+00 -2.40749770837318E+00 -4.18700964944543E+00
DistFromNuc =  1.9954869366E+00
Rho =  7.4916850106E-02
DelSqRho =  1.8247361966E-01
GradDelSqRho = -1.2143064332E-16 -4.3801767768E-17  4.3021142204E-16
HessDelSqRho_EigVals = -1.6632042698E+00  3.2058517784E-02  5.9711064483E-01
HessDelSqRho_EigVec1 = -3.8847715409E-01  1.5292641757E-01  9.0867981796E-01
HessDelSqRho_EigVec2 =  9.1034248803E-01 -8.9016559768E-02  4.0416903218E-01
HessDelSqRho_EigVec3 =  1.4269567351E-01  9.8422028169E-01 -1.0463451565E-01
</CP of DelSqRho>
<Path of -GradDelSqRho>
Starting CP# =      3
Ending CP# =      1
Number of Points =      7
 -2.0331189222E+00 -1.1958447030E+00 -2.7979290220E+00  2.2588560330E+01  1.2315132204E+03
 -2.0431028512E+00 -1.2044378759E+00 -2.7766810059E+00  3.2829977667E+01  9.7838916409E+02
 -2.0530510993E+00 -1.2130080227E+00 -2.7554069642E+00  4.8095374423E+01 -8.0970111693E+02
 -2.0629836330E+00 -1.2215680262E+00 -2.7341214974E+00  7.0775643397E+01 -6.4231620263E+03
 -2.0729046510E+00 -1.2301205965E+00 -2.7128276746E+00  1.0444868046E+02 -2.0756974277E+04
 -2.0828066422E+00 -1.2386608856E+00 -2.6915200703E+00  1.5497133571E+02 -7.5731471035E+04
 -2.0999240810E+00 -1.2534309861E+00 -2.6545982369E+00  2.9722270781E+02 -3.3285799332E+06
</Path of -GradDelSqRho>
<Path of -GradDelSqRho>
Starting CP# =      3
Ending CP# =     17
Number of Points =     31
 -2.0331189222E+00 -1.1958447030E+00 -2.7979290220E+00  2.2588560330E+01  1.2315132204E+03
 -2.0230927880E+00 -1.1872242997E+00 -2.8191461158E+00  1.5670304321E+01  1.1493638115E+03
 -2.0130475541E+00 -1.1785915718E+00 -2.8403491646E+00  1.0981125727E+01  9.7945295738E+02
 -2.0029975810E+00 -1.1699557805E+00 -2.8615487199E+00  7.8124742833E+00  7.7127274940E+02
 -1.9929365956E+00 -1.1613128799E+00 -2.8827401521E+00  5.6794699550E+00  5.7049846751E+02
 -1.9828536824E+00 -1.1526558302E+00 -2.9039153788E+00  4.2445332818E+00  4.0606464489E+02
 -1.9727369787E+00 -1.1439769836E+00 -2.9250655483E+00  3.2765874363E+00  2.8322207184E+02
 -1.9625745970E+00 -1.1352686819E+00 -2.9461816806E+00  2.6204647220E+00  1.9486815305E+02
 -1.9523555146E+00 -1.1265238316E+00 -2.9672552972E+00  2.1726253057E+00  1.3181680174E+02
 -1.9420689664E+00 -1.1177355139E+00 -2.9882779400E+00  1.8636556646E+00  8.6869119958E+01
 -1.9317017009E+00 -1.1088952191E+00 -3.0092390391E+00  1.6467185785E+00  5.5119417513E+01
 -1.9212340335E+00 -1.0999903172E+00 -3.0301227291E+00  1.4902009898E+00  3.3168755294E+01
 -1.9106351283E+00 -1.0910010480E+00 -3.0509037868E+00  1.3729498225E+00  1.8462570594E+01
 -1.8998562951E+00 -1.0818962759E+00 -3.0715414261E+00  1.2810369551E+00  8.9744754210E+00
 -1.8888193724E+00 -1.0726261882E+00 -3.0919677552E+00  1.2054771490E+00  3.1029880305E+00
 -1.8773939851E+00 -1.0631081485E+00 -3.1120631781E+00  1.1406088113E+00 -3.6675931666E-01
 -1.8653473689E+00 -1.0531959826E+00 -3.1315954233E+00  1.0829892791E+00 -2.3074814155E+00
 -1.8522135697E+00 -1.0426022094E+00 -3.1500297003E+00  1.0307771378E+00 -3.3127820666E+00
 -1.8368876901E+00 -1.0306760096E+00 -3.1656810989E+00  9.8414390022E-01 -3.7697117660E+00
 -1.8175762152E+00 -1.0167171369E+00 -3.1710155998E+00  9.5232319851E-01 -3.9428030413E+00
 -1.7992371129E+00 -1.0046933726E+00 -3.1594781075E+00  9.4918356370E-01 -4.0403041235E+00
 -1.7831704695E+00 -9.9461582071E-01 -3.1432015930E+00  9.5456827983E-01 -4.1279179162E+00
 -1.7678065820E+00 -9.8510368104E-01 -3.1259272914E+00  9.6029320763E-01 -4.2080832270E+00
 -1.7529023289E+00 -9.7595534106E-01 -3.1080633842E+00  9.6535455807E-01 -4.2803428386E+00
 -1.7384480665E+00 -9.6715966421E-01 -3.0896606862E+00  9.6963867722E-01 -4.3442678055E+00
 -1.7244580234E+00 -9.5872462291E-01 -3.0707377542E+00  9.7312370568E-01 -4.3995179599E+00
 -1.7109482912E+00 -9.5065957639E-01 -3.0513112189E+00  9.7580110859E-01 -4.4458492005E+00
 -1.6979351670E+00 -9.4297392999E-01 -3.0313979824E+00  9.7766997101E-01 -4.4831169468E+00
 -1.6854350523E+00 -9.3567703686E-01 -3.0110154063E+00  9.7873659203E-01 -4.5112773859E+00
 -1.6734644358E+00 -9.2877816656E-01 -2.9901813920E+00  9.7901426214E-01 -4.5303866167E+00
 -1.6545668027E+00 -9.1809558109E-01 -2.9541653429E+00  9.7775971207E-01 -4.5425804733E+00
</Path of -GradDelSqRho>
<Path of -GradDelSqRho>
Starting CP# =      4
Ending CP# =      1
Number of Points =      7
 -2.2167069029E+00 -1.3415731512E+00 -2.5713130699E+00  2.2575041226E+01  1.2301033963E+03
 -2.1994013759E+00 -1.3285043925E+00 -2.5837519581E+00  3.2807981451E+01  9.7793548974E+02
 -2.1820743364E+00 -1.3154237719E+00 -2.5961483678E+00  4.8059545770E+01 -8.0466727462E+02
 -2.1647378439E+00 -1.3023379441E+00 -2.6085260545E+00  7.0718496402E+01 -6.4072683336E+03
 -2.1473944687E+00 -1.2892483285E+00 -2.6208900846E+00  1.0435733854E+02 -2.0697679050E+04
 -2.1300397127E+00 -1.2761524552E+00 -2.6332314994E+00  1.5482908850E+02 -7.5531834191E+04
 -2.0999240810E+00 -1.2534309861E+00 -2.6545982369E+00  2.9722270781E+02 -3.3285799332E+06
</Path of -GradDelSqRho>
<Path of -GradDelSqRho>
Starting CP# =      4
Ending CP# =     16
Number of Points =     32
 -2.2167069029E+00 -1.3415731512E+00 -2.5713130699E+00  2.2575041226E+01  1.2301033963E+03
 -2.2339869457E+00 -1.3546278363E+00 -2.5588240700E+00  1.5661820831E+01  1.1481602773E+03
 -2.2512554872E+00 -1.3676761564E+00 -2.5463125229E+00  1.0975610490E+01  9.7848213207E+02
 -2.2685211760E+00 -1.3807228896E+00 -2.5337953852E+00  7.8086468078E+00  7.7051398540E+02
 -2.2857801691E+00 -1.3937659086E+00 -2.5212651510E+00  5.6765153638E+00  5.6995824829E+02
 -2.3030258015E+00 -1.4068015191E+00 -2.5087088417E+00  4.2419460350E+00  4.0572312111E+02
 -2.3202507800E+00 -1.4198256684E+00 -2.4961123582E+00  3.2740738643E+00  2.8303746972E+02
 -2.3374477110E+00 -1.4328342333E+00 -2.4834615723E+00  2.6178712605E+00  1.9479699655E+02
 -2.3546096203E+00 -1.4458233042E+00 -2.4707433847E+00  2.1698869908E+00  1.3182371058E+02
 -2.3717295593E+00 -1.4587889622E+00 -2.4579450042E+00  1.8607614273E+00  8.6927556724E+01
 -2.3887988526E+00 -1.4717262938E+00 -2.4450506875E+00  1.6436885190E+00  5.5209601562E+01
 -2.4058044878E+00 -1.4846279100E+00 -2.4320370565E+00  1.4870713938E+00  3.3275876363E+01
 -2.4227257985E+00 -1.4974820350E+00 -2.4188675097E+00  1.3697631450E+00  1.8575800239E+01
 -2.4395294217E+00 -1.5102695553E+00 -2.4054843066E+00  1.2778351486E+00  9.0863674611E+00
 -2.4561599670E+00 -1.5229584854E+00 -2.3917949030E+00  1.2022972405E+00  3.2089107391E+00
 -2.4725202632E+00 -1.5354920808E+00 -2.3776453438E+00  1.1374795586E+00 -2.6925155244E-01
 -2.4884228545E+00 -1.5477591255E+00 -2.3627620071E+00  1.0799265445E+00 -2.2192660526E+00
 -2.5034410588E+00 -1.5595005778E+00 -2.3466013168E+00  1.0277686536E+00 -3.2336511756E+00
 -2.5162578480E+00 -1.5698869915E+00 -2.3278876727E+00  9.8105324470E-01 -3.6984416760E+00
 -2.5210059215E+00 -1.5749630299E+00 -2.3044404736E+00  9.4823986844E-01 -3.8754100387E+00
 -2.5117094094E+00 -1.5701066387E+00 -2.2820243639E+00  9.4415973756E-01 -3.9721828200E+00
 -2.4982359872E+00 -1.5620998156E+00 -2.2625583601E+00  9.4934129097E-01 -4.0589361678E+00
 -2.4839127495E+00 -1.5534290254E+00 -2.2439951988E+00  9.5499261005E-01 -4.1386170845E+00
 -2.4691065360E+00 -1.5443757031E+00 -2.2260018348E+00  9.6001466192E-01 -4.2107883817E+00
 -2.4538632178E+00 -1.5349724195E+00 -2.2085614125E+00  9.6428255063E-01 -4.2750264949E+00
 -2.4381990941E+00 -1.5252284050E+00 -2.1916901964E+00  9.6777325199E-01 -4.3309907871E+00
 -2.4221286456E+00 -1.5151512632E+00 -2.1754070776E+00  9.7047787711E-01 -4.3784311008E+00
 -2.4056666328E+00 -1.5047485822E+00 -2.1597311766E+00  9.7239503754E-01 -4.4171913259E+00
 -2.3888282989E+00 -1.4940280315E+00 -2.1446816852E+00  9.7353038008E-01 -4.4472108603E+00
 -2.3716294791E+00 -1.4829973557E+00 -2.1302778322E+00  9.7389636896E-01 -4.4685240734E+00
 -2.3540867314E+00 -1.4716643102E+00 -2.1165388545E+00  9.7351200409E-01 -4.4812578520E+00
 -2.3355916818E+00 -1.4596274904E+00 -2.1030432872E+00  9.7235128962E-01 -4.4856322192E+00
</Path of -GradDelSqRho>
<Path of -GradDelSqRho>
Starting CP# =     12
Ending CP# =     17
Number of Points =     35
 -1.6980880967E+00 -1.0058435211E+00 -2.1724530998E+00  8.2774264209E-01 -3.1908993703E+00
 -1.6926054759E+00 -1.0014193959E+00 -2.1801972400E+00  8.2862762536E-01 -3.1912586473E+00
 -1.6810609061E+00 -9.9222209209E-01 -2.1948756838E+00  8.2821743839E-01 -3.1944016997E+00
 -1.6681995887E+00 -9.8180163815E-01 -2.2136081540E+00  8.2912360136E-01 -3.2022355045E+00
 -1.6560280223E+00 -9.7181615740E-01 -2.2330259062E+00  8.3049798727E-01 -3.2145250698E+00
 -1.6445665296E+00 -9.6228265564E-01 -2.2530921178E+00  8.3233439798E-01 -3.2312357992E+00
 -1.6338341536E+00 -9.5321730035E-01 -2.2737692122E+00  8.3462592269E-01 -3.2523143931E+00
 -1.6238480566E+00 -9.4463502682E-01 -2.2950184432E+00  8.3736356565E-01 -3.2776876680E+00
 -1.6146234664E+00 -9.3654948748E-01 -2.3168000648E+00  8.4053615577E-01 -3.3072611614E+00
 -1.6061736349E+00 -9.2897300890E-01 -2.3390735053E+00  8.4413024299E-01 -3.3409175525E+00
 -1.5985098074E+00 -9.2191655670E-01 -2.3617975442E+00  8.4812998413E-01 -3.3785149314E+00
 -1.5916412044E+00 -9.1538970853E-01 -2.3849304913E+00  8.5251702121E-01 -3.4198849576E+00
 -1.5855750146E+00 -9.0940063563E-01 -2.4084303661E+00  8.5727035612E-01 -3.4648309511E+00
 -1.5803164018E+00 -9.0395609338E-01 -2.4322550778E+00  8.6236622650E-01 -3.5131259699E+00
 -1.5758685244E+00 -8.9906142159E-01 -2.4563626030E+00  8.6777798831E-01 -3.5645109306E+00
 -1.5722325692E+00 -8.9472055503E-01 -2.4807111603E+00  8.7347601169E-01 -3.6186928415E+00
 -1.5694078009E+00 -8.9093604513E-01 -2.5052593807E+00  8.7942759731E-01 -3.6753432234E+00
 -1.5673916263E+00 -8.8770909340E-01 -2.5299664700E+00  8.8559692144E-01 -3.7340968046E+00
 -1.5661796760E+00 -8.8503959704E-01 -2.5547923629E+00  8.9194501805E-01 -3.7945505861E+00
 -1.5657659010E+00 -8.8292620707E-01 -2.5796978637E+00  8.9842980660E-01 -3.8562633801E+00
 -1.5661426856E+00 -8.8136639843E-01 -2.6046447727E+00  9.0500617388E-01 -3.9187559328E+00
 -1.5673009736E+00 -8.8035655150E-01 -2.6295959949E+00  9.1162611723E-01 -3.9815117431E+00
 -1.5692304069E+00 -8.7989204339E-01 -2.6545156279E+00  9.1823895520E-01 -4.0439786898E+00
 -1.5719194713E+00 -8.7996734702E-01 -2.6793690287E+00  9.2479160977E-01 -4.1055715657E+00
 -1.5753556481E+00 -8.8057613526E-01 -2.7041228568E+00  9.3122896162E-01 -4.1656756096E+00
 -1.5795255643E+00 -8.8171138723E-01 -2.7287450941E+00  9.3749427735E-01 -4.2236510952E+00
 -1.5844151396E+00 -8.8336549338E-01 -2.7532050440E+00  9.4352970442E-01 -4.2788390132E+00
 -1.5900097226E+00 -8.8553035636E-01 -2.7774733094E+00  9.4927682689E-01 -4.3305678388E+00
 -1.5962942148E+00 -8.8819748503E-01 -2.8015217552E+00  9.5467727236E-01 -4.3781613408E+00
 -1.6032531778E+00 -8.9135807969E-01 -2.8253234577E+00  9.5967335863E-01 -4.4209473350E+00
 -1.6108709203E+00 -8.9500310822E-01 -2.8488526451E+00  9.6420876720E-01 -4.4582672460E+00
 -1.6191315648E+00 -8.9912337458E-01 -2.8720846336E+00  9.6822922991E-01 -4.4894862888E+00
 -1.6280190884E+00 -9.0370958581E-01 -2.8949957637E+00  9.7168321544E-01 -4.5140040460E+00
 -1.6375173287E+00 -9.0875243566E-01 -2.9175633395E+00  9.7452260239E-01 -4.5312651787E+00
 -1.6545668027E+00 -9.1809558109E-01 -2.9541653429E+00  9.7775971207E-01 -4.5425804733E+00
</Path of -GradDelSqRho>
<Path of -GradDelSqRho>
Starting CP# =     12
Ending CP# =     16
Number of Points =     35
 -1.6980880967E+00 -1.0058435211E+00 -2.1724530998E+00  8.2774264209E-01 -3.1908993703E+00
 -1.7043174645E+00 -1.0107274862E+00 -2.1656100752E+00  8.2855664987E-01 -3.1912578879E+00
 -1.7160945353E+00 -1.0200652253E+00 -2.1512390082E+00  8.2800395555E-01 -3.1943872235E+00
 -1.7311783284E+00 -1.0318542827E+00 -2.1351641222E+00  8.2873826522E-01 -3.2021759912E+00
 -1.7468378053E+00 -1.0439876437E+00 -2.1199172139E+00  8.2993929491E-01 -3.2143637370E+00
 -1.7630432162E+00 -1.0564425262E+00 -2.1055239246E+00  8.3160007194E-01 -3.2308918690E+00
 -1.7797641896E+00 -1.0691958264E+00 -2.0920084134E+00  8.3371308756E-01 -3.2516844137E+00
 -1.7969693374E+00 -1.0822238974E+00 -2.0793925712E+00  8.3626883087E-01 -3.2766472064E+00
 -1.8146263930E+00 -1.0955026513E+00 -2.0676959495E+00  8.3925571673E-01 -3.3056668418E+00
 -1.8327023553E+00 -1.1090076630E+00 -2.0569357039E+00  8.4265999970E-01 -3.3386094106E+00
 -1.8511636341E+00 -1.1227142755E+00 -2.0471265518E+00  8.4646567626E-01 -3.3753190534E+00
 -1.8699761983E+00 -1.1365977049E+00 -2.0382807458E+00  8.5065437810E-01 -3.4156163704E+00
 -1.8891057251E+00 -1.1506331452E+00 -2.0304080623E+00  8.5520526001E-01 -3.4592967299E+00
 -1.9085177489E+00 -1.1647958714E+00 -2.0235158060E+00  8.6009488676E-01 -3.5061285289E+00
 -1.9281778082E+00 -1.1790613413E+00 -2.0176088308E+00  8.6529712400E-01 -3.5558514634E+00
 -1.9480515910E+00 -1.1934052932E+00 -2.0126895786E+00  8.7078303926E-01 -3.6081748750E+00
 -1.9681050754E+00 -1.2078038404E+00 -2.0087581352E+00  8.7652081997E-01 -3.6627762504E+00
 -1.9883046644E+00 -1.2222335599E+00 -2.0058123053E+00  8.8247571585E-01 -3.7192999555E+00
 -2.0086173138E+00 -1.2366715750E+00 -2.0038477066E+00  8.8861001403E-01 -3.7773562979E+00
 -2.0290106498E+00 -1.2510956289E+00 -2.0028578822E+00  8.9488305493E-01 -3.8365210159E+00
 -2.0494530754E+00 -1.2654841503E+00 -2.0028344320E+00  9.0125129728E-01 -3.8963352984E+00
 -2.0699138627E+00 -1.2798163074E+00 -2.0037671605E+00  9.0766843961E-01 -3.9563064439E+00
 -2.0903632291E+00 -1.2940720494E+00 -2.0056442392E+00  9.1408560465E-01 -4.0159092604E+00
 -2.1107723974E+00 -1.3082321366E+00 -2.0084523789E+00  9.2045159113E-01 -4.0745883071E+00
 -2.1311136361E+00 -1.3222781559E+00 -2.0121770103E+00  9.2671319545E-01 -4.1317610572E+00
 -2.1513602822E+00 -1.3361925245E+00 -2.0168024648E+00  9.3281560299E-01 -4.1868220484E+00
 -2.1714867458E+00 -1.3499584810E+00 -2.0223121526E+00  9.3870284606E-01 -4.2391480528E+00
 -2.1914684980E+00 -1.3635600662E+00 -2.0286887318E+00  9.4431832267E-01 -4.2881042710E+00
 -2.2112820445E+00 -1.3769820944E+00 -2.0359142642E+00  9.4960536785E-01 -4.3330515089E+00
 -2.2309048870E+00 -1.3902101204E+00 -2.0439703536E+00  9.5450786705E-01 -4.3733542606E+00
 -2.2503154762E+00 -1.4032304013E+00 -2.0528382649E+00  9.5897089949E-01 -4.4083895705E+00
 -2.2694931568E+00 -1.4160298597E+00 -2.0624990221E+00  9.6294139883E-01 -4.4375565084E+00
 -2.2884181082E+00 -1.4285960513E+00 -2.0729334857E+00  9.6636881773E-01 -4.4602860513E+00
 -2.3070712742E+00 -1.4409171476E+00 -2.0841224120E+00  9.6920578372E-01 -4.4760511314E+00
 -2.3355916818E+00 -1.4596274904E+00 -2.1030432872E+00  9.7235128962E-01 -4.4856322192E+00
</Path of -GradDelSqRho>
<Path of -GradDelSqRho>
Starting CP# =     13
Ending CP# =     17
Number of Points =     32
 -2.3567973232E+00 -8.0495867781E-01 -3.1211206403E+00  7.7557314532E-01 -2.5633919135E+00
 -2.3345222055E+00 -8.0265954146E-01 -3.1266513709E+00  7.8029673216E-01 -2.5667538997E+00
 -2.3101756244E+00 -8.0071731646E-01 -3.1319806353E+00  7.8586085209E-01 -2.5782710558E+00
 -2.2856476633E+00 -7.9934758921E-01 -3.1366101348E+00  7.9189280509E-01 -2.5983225270E+00
 -2.2609714812E+00 -7.9855030071E-01 -3.1405318213E+00  7.9839216865E-01 -2.6271222576E+00
 -2.2361804185E+00 -7.9832416785E-01 -3.1437382713E+00  8.0535218482E-01 -2.6647419930E+00
 -2.2113079706E+00 -7.9866644269E-01 -3.1462229230E+00  8.1275928781E-01 -2.7111134220E+00
 -2.1863876999E+00 -7.9957267947E-01 -3.1479802880E+00  8.2059268814E-01 -2.7660320766E+00
 -2.1614530925E+00 -8.0103651980E-01 -3.1490061256E+00  8.2882402738E-01 -2.8291625449E+00
 -2.1365373690E+00 -8.0304950485E-01 -3.1492975616E+00  8.3741712275E-01 -2.9000446063E+00
 -2.1116732629E+00 -8.0560092174E-01 -3.1488531390E+00  8.4632782636E-01 -2.9780999906E+00
 -2.0868927833E+00 -8.0867768827E-01 -3.1476727835E+00  8.5550402734E-01 -3.0626395876E+00
 -2.0622269833E+00 -8.1226427568E-01 -3.1457576739E+00  8.6488582718E-01 -3.1528710673E+00
 -2.0377057527E+00 -8.1634266334E-01 -3.1431100059E+00  8.7440591696E-01 -3.2479070050E+00
 -2.0133576611E+00 -8.2089231162E-01 -3.1397326476E+00  8.8399017995E-01 -3.3467737151E+00
 -1.9892098662E+00 -8.2589013057E-01 -3.1356286829E+00  8.9355853373E-01 -3.4484210798E+00
 -1.9652881083E+00 -8.3131041119E-01 -3.1308008450E+00  9.0302601205E-01 -3.5517336846E+00
 -1.9416167996E+00 -8.3712467435E-01 -3.1252508424E+00  9.1230407023E-01 -3.6555435585E+00
 -1.9182192181E+00 -8.4330137672E-01 -3.1189785716E+00  9.2130208003E-01 -3.7586447492E+00
 -1.8951178148E+00 -8.4980539385E-01 -3.1119812035E+00  9.2992896415E-01 -3.8598098632E+00
 -1.8723346449E+00 -8.5659717023E-01 -3.1042521066E+00  9.3809490888E-01 -3.9578085833E+00
 -1.8498919557E+00 -8.6363137863E-01 -3.0957795352E+00  9.4571309018E-01 -4.0514280650E+00
 -1.8278129966E+00 -8.7085484703E-01 -3.0865449582E+00  9.5270135269E-01 -4.1394950379E+00
 -1.8061231898E+00 -8.7820335936E-01 -3.0765208183E+00  9.5898379534E-01 -4.2208994294E+00
 -1.7848519498E+00 -8.8559664881E-01 -3.0656673746E+00  9.6449223818E-01 -4.2946194219E+00
 -1.7640357340E+00 -8.9293033804E-01 -3.0539280596E+00  9.6916757321E-01 -4.3597481295E+00
 -1.7437235852E+00 -9.0006241405E-01 -3.0412224128E+00  9.7296103791E-01 -4.4155226269E+00
 -1.7239880425E+00 -9.0678926428E-01 -3.0274350714E+00  9.7583550528E-01 -4.4613571112E+00
 -1.7049486182E+00 -9.1280025096E-01 -3.0123986441E+00  9.7776699569E-01 -4.4968838732E+00
