 AIMInt (Version 19.02.13, Professional)
 Portions Copyright (c) 1997-2019 by Todd A. Keith
 AIMInt is a component of the AIMAll package ( http://aim.tkgristmill.com )

 TP:  64-bit Linux

 Licensed To:  Research Group of Fernando Cortes Guzman, UNAM, fercor@unam.mx

 AIMInt is a heavily modified and extended version of the PROAIMV program
 developed by members of R.F.W. Bader's research group

 Much of the Quantum Theory of Atoms in Molecules (QTAIM) is described in the book:
   "Atoms in Molecules - A Quantum Theory"
   R.F.W. Bader, Oxford University Press, Oxford, 1990

 For additional references see:  http://aim.tkgristmill.com/references.html

 Current Directory:  /home/scratch/M_H2O_4_tetraedrico/Opt

 Inp File:  Zn2_tetraedrico_cc-pvtz-def2-tzv_1_atomicfiles/o4.inp
 Wfx File:  Zn2_tetraedrico_cc-pvtz-def2-tzv_1.wfx
 Out File:  Zn2_tetraedrico_cc-pvtz-def2-tzv_1_atomicfiles/o4.int

 Wfx Title:   Zn2_tetraedrico_cc-pvtz-def2-tzv_1                                            
 Job Title:   Zn2_tetraedrico_cc-pvtz-def2-tzv_1                                            
 
<Atom>
O4      
</Atom>
<Nuclei of Molecule>
    13
Zn1       30.0           3.3645234698E-06   2.2391904710E-05  -2.3847803875E-05
O2         8.0          -2.0999238880E+00  -1.2534308674E+00  -2.6545980192E+00
H3         1.0          -1.9061172060E+00  -2.8736636382E+00  -3.5251291239E+00
O4         8.0          -2.0675866590E+00   1.2973768342E+00   2.6588380555E+00
H5         1.0          -1.8351994193E+00   2.9108183435E+00   3.5325303130E+00
O6         8.0           2.1104340455E+00   2.6346582265E+00  -1.2776701807E+00
H7         1.0           3.6393389834E+00   3.3168963226E+00  -4.9223886722E-01
O8         8.0           2.0570891659E+00  -2.6785150225E+00   1.2733335437E+00
H9         1.0           1.8350657867E+00  -3.5508356306E+00   2.8889623466E+00
H10        1.0           1.9056617572E+00   3.5080758032E+00  -2.8949686888E+00
H11        1.0           3.5721228427E+00  -3.3894037423E+00   4.8641257807E-01
H12        1.0          -3.5974505805E+00   5.2773149673E-01   3.3567925856E+00
H13        1.0          -3.6136244153E+00  -4.5100407839E-01  -3.3508729041E+00
</Nuclei of Molecule>
<Total Number of CPs of DelSqRho>
    33
</Total Number of CPs of DelSqRho>
<Number of (3,+3) CPs of DelSqRho>
     5
</Number of (3,+3) CPs of DelSqRho>
<Number of (3,+1) CPs of DelSqRho>
    14
</Number of (3,+1) CPs of DelSqRho>
<Number of (3,-1) CPs of DelSqRho>
    10
</Number of (3,-1) CPs of DelSqRho>
<Number of (3,-3) CPs of DelSqRho>
     4
</Number of (3,-3) CPs of DelSqRho>
<Number of Degenerate CPs of DelSqRho>
     0
</Number of Degenerate CPs of DelSqRho>
<CP of DelSqRho>
CP# = 1       
Type = (3,+3)
Coords = -2.06758684858836E+00  1.29737695647582E+00  2.65883827427341E+00
DistFromNuc =  3.1426562559E-07
Rho =  2.9722267350E+02
DelSqRho = -3.3285795071E+06
GradDelSqRho =  2.8966369428E-05 -4.6726199798E-08  2.9085276765E-06
HessDelSqRho_EigVals =  1.3237054990E+11  1.3237057006E+11  1.3237057774E+11
HessDelSqRho_EigVec1 =  5.5667958750E-01 -4.6257408581E-01  6.9002395031E-01
HessDelSqRho_EigVec2 =  5.8059327181E-01 -3.7744055058E-01 -7.2142226435E-01
HessDelSqRho_EigVec3 =  5.9415426414E-01  8.0222431147E-01  5.8453951934E-02
</CP of DelSqRho>
<CP of DelSqRho>
CP# = 2       
Type = (3,-1)
Coords = -1.16070735319014E+00  7.27916993263093E-01  1.49775946136789E+00
DistFromNuc =  1.5794993154E+00
Rho =  1.2159509690E-01
DelSqRho =  3.2519916413E-01
GradDelSqRho =  9.0538687658E-14 -4.2917058796E-14 -1.0899614544E-13
HessDelSqRho_EigVals = -4.1571909305E-01 -3.7072048376E-01  4.1295571386E+00
HessDelSqRho_EigVec1 =  5.6412817186E-01 -4.7921191439E-01  6.7239523111E-01
HessDelSqRho_EigVec2 =  5.9544342895E-01  8.0027303477E-01  7.0782715005E-02
HessDelSqRho_EigVec3 = -5.7201969253E-01  3.6044279841E-01  7.3680014959E-01
</CP of DelSqRho>
<CP of DelSqRho>
CP# = 3       
Type = (3,+1)
Coords = -2.18250770996763E+00  1.38831126651807E+00  2.57596936989430E+00
DistFromNuc =  1.6835420393E-01
Rho =  2.2575423890E+01
DelSqRho =  1.2301407436E+03
GradDelSqRho =  1.3159251466E-11 -4.0785153033E-12 -1.2306600183E-11
HessDelSqRho_EigVals = -4.1159954841E+05  2.7267278183E+03  3.7426286176E+03
HessDelSqRho_EigVec1 =  6.8064707229E-01 -5.3899798552E-01  4.9618618944E-01
HessDelSqRho_EigVec2 =  4.3008461444E-01 -2.5431399103E-01 -8.6622838697E-01
HessDelSqRho_EigVec3 =  5.9308244571E-01  8.0299786150E-01  5.8716667353E-02
</CP of DelSqRho>
<CP of DelSqRho>
CP# = 4       
Type = (3,+1)
Coords = -2.00181763651271E+00  1.23799122942302E+00  2.80191571326667E+00
DistFromNuc =  1.6829566405E-01
Rho =  2.2588194013E+01
DelSqRho =  1.2314708401E+03
GradDelSqRho =  7.5317529991E-13  6.7004179982E-12 -1.7045920231E-11
HessDelSqRho_EigVals = -4.1296201263E+05  2.6747937951E+03  3.6970068545E+03
HessDelSqRho_EigVec1 =  3.9405897794E-01 -3.5507556333E-01  8.4772570224E-01
HessDelSqRho_EigVec2 =  7.0130117299E-01 -4.7999954402E-01 -5.2704563607E-01
HessDelSqRho_EigVec3 =  5.9404897666E-01  8.0219809403E-01  5.9866779330E-02
</CP of DelSqRho>
<CP of DelSqRho>
CP# = 5       
Type = (3,-3)
Coords = -1.92891177505460E+00  1.33267013707210E+00  2.57257345078079E+00
DistFromNuc =  1.6708657245E-01
Rho =  2.2682365630E+01
DelSqRho =  1.2957219634E+03
GradDelSqRho = -2.2851054382E-11 -1.1006306977E-11  2.2964741220E-11
HessDelSqRho_EigVals = -4.4830108348E+05 -3.9261935945E+03 -4.7034230909E+02
HessDelSqRho_EigVec1 =  8.2974827598E-01  2.0858222380E-01 -5.1769803402E-01
HessDelSqRho_EigVec2 =  5.5010683504E-01 -4.6240590339E-01  6.9538712280E-01
HessDelSqRho_EigVec3 =  9.4341234632E-02  8.6178549328E-01  4.9842300812E-01
</CP of DelSqRho>
<CP of DelSqRho>
CP# = 6       
Type = (3,-1)
Coords = -2.16494074848151E+00  1.35996328366612E+00  2.78165217820545E+00
DistFromNuc =  1.6875482552E-01
Rho =  2.2337006640E+01
DelSqRho =  1.2537475086E+03
GradDelSqRho =  7.6170181273E-12 -1.9895196601E-12  3.9577230382E-12
HessDelSqRho_EigVals = -4.0769135401E+05 -2.1425444872E+03  1.4487887961E+03
HessDelSqRho_EigVec1 = -5.7676955690E-01  3.7078253638E-01  7.2791289929E-01
HessDelSqRho_EigVec2 =  5.6225646839E-01 -4.6623754989E-01  6.8300088640E-01
HessDelSqRho_EigVec3 =  5.9262512771E-01  8.0320785466E-01  6.0436745619E-02
</CP of DelSqRho>
<CP of DelSqRho>
CP# = 7       
Type = (3,-1)
Coords = -1.97133901712370E+00  1.23170720331375E+00  2.53932703311593E+00
DistFromNuc =  1.6691013587E-01
Rho =  2.2745869870E+01
DelSqRho =  1.2948423853E+03
GradDelSqRho =  1.2050804798E-11 -1.6711965145E-11 -1.2960299500E-11
HessDelSqRho_EigVals = -4.5219716070E+05 -3.6925514298E+03  2.6473076590E+02
HessDelSqRho_EigVec1 = -5.7676871950E-01  3.9341742229E-01  7.1593336006E-01
HessDelSqRho_EigVec2 =  5.5139987929E-01 -4.5914278116E-01  6.9652428502E-01
HessDelSqRho_EigVec3 =  6.0274042284E-01  7.9649898829E-01  4.7888874802E-02
</CP of DelSqRho>
<CP of DelSqRho>
CP# = 8       
Type = (3,-1)
Coords = -2.31388620466767E+00  6.61761855056099E-01  2.43000479847653E+00
DistFromNuc =  7.1905112989E-01
Rho =  6.6150956935E-01
DelSqRho = -9.0211251825E-01
GradDelSqRho =  2.2204460493E-16  8.8817841970E-15  9.7699626167E-15
HessDelSqRho_EigVals = -1.5317131450E+01 -1.2512597089E+01  1.3912153959E+02
HessDelSqRho_EigVec1 =  7.6731313954E-01 -3.8224000663E-02 -6.4013238605E-01
HessDelSqRho_EigVec2 =  5.5394901290E-01 -4.6338291752E-01  6.9167677629E-01
HessDelSqRho_EigVec3 =  3.2306506620E-01  8.8533338214E-01  3.3438565381E-01
</CP of DelSqRho>
<CP of DelSqRho>
CP# = 9       
Type = (3,-1)
Coords = -1.51887780361617E+00  1.73734050374724E+00  2.50975496791076E+00
DistFromNuc =  7.1894033516E-01
Rho =  6.6187140101E-01
DelSqRho = -9.0272445254E-01
GradDelSqRho = -5.0481840930E-13 -8.6353146855E-13  3.9390712914E-13
HessDelSqRho_EigVals = -1.5387176116E+01 -1.2533328790E+01  1.3926004964E+02
HessDelSqRho_EigVec1 = -3.0810290510E-01  6.5807579318E-01  6.8702900251E-01
HessDelSqRho_EigVec2 = -5.5683857423E-01  4.6078959427E-01 -6.9108881633E-01
HessDelSqRho_EigVec3 =  7.7136463629E-01  5.9549072221E-01 -2.2447137377E-01
</CP of DelSqRho>
<CP of DelSqRho>
CP# = 10      
Type = (3,-1)
Coords = -2.49202666005329E+00  1.57168446973704E+00  3.18320437126732E+00
DistFromNuc =  7.2825409476E-01
Rho =  6.5926752360E-01
DelSqRho = -9.0841009220E-01
GradDelSqRho = -2.5091040357E-14  1.0880185641E-14  2.5091040357E-14
HessDelSqRho_EigVals = -1.9115535587E+01 -7.1855645597E+00  1.3010459686E+02
HessDelSqRho_EigVec1 =  5.9339330257E-01  8.0267010042E-01  6.0042471326E-02
HessDelSqRho_EigVec2 =  5.5579105735E-01 -4.6255276566E-01  6.9075410933E-01
HessDelSqRho_EigVec3 = -5.8222048147E-01  3.7651779357E-01  7.2059257704E-01
</CP of DelSqRho>
<CP of DelSqRho>
CP# = 11      
Type = (3,+3)
Coords = -2.29972286589450E+00  1.51006606527426E+00  2.10829811661280E+00
DistFromNuc =  6.3420671065E-01
Rho =  9.7251918285E-01
DelSqRho = -4.4874239788E+00
GradDelSqRho = -4.0856207306E-14  2.8421709430E-14 -9.9475983006E-14
HessDelSqRho_EigVals =  1.2913932023E+01  2.4130656843E+01  3.4889748656E+02
HessDelSqRho_EigVec1 =  7.0948701077E-01 -4.8642752795E-01 -5.0991807342E-01
HessDelSqRho_EigVec2 = -5.9335763852E-01 -8.0271079261E-01 -5.9850615915E-02
HessDelSqRho_EigVec3 =  3.8020375374E-01 -3.4502701847E-01  8.5813837006E-01
</CP of DelSqRho>
<CP of DelSqRho>
CP# = 12      
Type = (3,+1)
Coords = -2.33344108149165E+00  8.53845845682967E-01  3.12504796246041E+00
DistFromNuc =  6.9623989335E-01
Rho =  7.7558052725E-01
DelSqRho = -2.5633861137E+00
GradDelSqRho =  1.5987211555E-14  1.7763568394E-14 -1.9984014443E-14
HessDelSqRho_EigVals = -1.2375709278E+01  1.4957647764E+01  1.7905897996E+02
HessDelSqRho_EigVec1 =  9.5917162049E-01 -1.3224212249E-01  2.5000364696E-01
HessDelSqRho_EigVec2 = -7.0632481754E-02  7.4393833577E-01  6.6450493233E-01
HessDelSqRho_EigVec3 =  2.7386283971E-01  6.5503265080E-01 -7.0422394976E-01
</CP of DelSqRho>
<CP of DelSqRho>
CP# = 13      
Type = (3,+1)
Coords = -1.75647967086649E+00  1.63326112859688E+00  3.18299917431280E+00
DistFromNuc =  6.9595308449E-01
Rho =  7.7634574263E-01
DelSqRho = -2.5690972086E+00
GradDelSqRho = -2.9753977060E-14 -2.9309887850E-14 -3.0309088572E-14
HessDelSqRho_EigVals = -1.2393470311E+01  1.4990253608E+01  1.7953268016E+02
HessDelSqRho_EigVec1 = -3.9158051863E-01  8.9980992281E-01 -1.9237151621E-01
HessDelSqRho_EigVec2 =  7.7660726795E-01  2.1106348435E-01 -5.9357674899E-01
HessDelSqRho_EigVec3 =  4.9350364619E-01  3.8183020885E-01  7.8144727449E-01
</CP of DelSqRho>
<CP of DelSqRho>
CP# = 14      
Type = (3,+3)
Coords = -1.62927343799331E+00  9.51379015580730E-01  2.95673389078198E+00
DistFromNuc =  6.3290986634E-01
Rho =  9.7762069694E-01
DelSqRho = -4.5409990340E+00
GradDelSqRho =  5.3290705182E-14 -6.7501559897E-14  4.2632564146E-14
HessDelSqRho_EigVals =  1.3492717996E+01  2.4360297810E+01  3.5599250306E+02
HessDelSqRho_EigVec1 = -4.2299654984E-01  2.4774943634E-01  8.7160434580E-01
HessDelSqRho_EigVec2 =  5.9318010781E-01  8.0285565131E-01  5.9667100351E-02
HessDelSqRho_EigVec3 =  6.8498998425E-01 -5.4225733740E-01  4.8656520788E-01
</CP of DelSqRho>
<CP of DelSqRho>
CP# = 15      
Type = (3,+1)
Coords = -2.18398032013177E+00  1.98306823024994E+00  2.64813367056854E+00
DistFromNuc =  6.9558231635E-01
Rho =  7.7726156385E-01
DelSqRho = -2.5724776280E+00
GradDelSqRho = -1.1990408666E-14  2.2204460493E-14 -3.5527136788E-15
HessDelSqRho_EigVals = -1.2266835420E+01  1.4974581121E+01  1.7979831929E+02
HessDelSqRho_EigVec1 =  4.5324844456E-01  2.0622868390E-01  8.6719984862E-01
HessDelSqRho_EigVec2 =  8.6317279384E-01  1.4127690773E-01 -4.8474071762E-01
HessDelSqRho_EigVec3 = -2.2248275322E-01  9.6825129242E-01 -1.1397745057E-01
</CP of DelSqRho>
<CP of DelSqRho>
CP# = 16      
Type = (3,+1)
Coords = -2.75472216693962E+00  1.21083936147688E+00  2.59157653595120E+00
DistFromNuc =  6.9582185395E-01
Rho =  7.7657500470E-01
DelSqRho = -2.5678693085E+00
GradDelSqRho = -3.2862601529E-14  1.7763568394E-15 -6.6613381478E-15
HessDelSqRho_EigVals = -1.2226782101E+01  1.4947202060E+01  1.7942592140E+02
HessDelSqRho_EigVec1 = -1.2270430470E-01 -5.7435895755E-01  8.0935495395E-01
HessDelSqRho_EigVec2 = -1.5498285343E-01  8.1660185202E-01  5.5600515323E-01
HessDelSqRho_EigVec3 =  9.8026729454E-01  5.7211914465E-02  1.8921635261E-01
</CP of DelSqRho>
<CP of DelSqRho>
CP# = 17      
Type = (3,+1)
Coords = -1.67239761028136E+00  1.04173565252418E+00  2.17540410917305E+00
DistFromNuc =  6.7471118150E-01
Rho =  8.2774614203E-01
DelSqRho = -3.1909513352E+00
GradDelSqRho =  2.8421709430E-14 -1.4210854715E-14 -8.8817841970E-15
HessDelSqRho_EigVals = -7.1532865573E+00  1.8015903878E+01  2.2418717226E+02
HessDelSqRho_EigVec1 =  5.5167593837E-01 -4.5948471239E-01  6.9608006587E-01
HessDelSqRho_EigVec2 =  5.9303732158E-01  8.0293552890E-01  6.0010596115E-02
HessDelSqRho_EigVec3 = -5.8648136735E-01  3.7969505595E-01  7.1545179450E-01
</CP of DelSqRho>
<CP of DelSqRho>
CP# = 18      
Type = (3,+3)
Coords = -2.67070714283420E+00  9.86167676189424E-01  2.92671774677255E+00
DistFromNuc =  7.2963346074E-01
Rho =  7.4075750550E-01
DelSqRho = -2.9409529298E+00
GradDelSqRho = -2.6645352591E-15 -3.3306690739E-15  9.3258734069E-15
HessDelSqRho_EigVals =  9.9481283801E+00  2.2911178453E+01  1.3303256222E+02
HessDelSqRho_EigVec1 =  5.4752937169E-01 -4.6604484697E-01  6.9499193359E-01
HessDelSqRho_EigVec2 = -1.3489667019E-01  7.7052607121E-01  6.2297067504E-01
HessDelSqRho_EigVec3 =  8.2584167703E-01  4.3484683993E-01 -3.5901775762E-01
</CP of DelSqRho>
<CP of DelSqRho>
CP# = 19      
Type = (3,+3)
Coords = -1.96838917557608E+00  1.93586084531385E+00  2.99716192134511E+00
DistFromNuc =  7.2935931570E-01
Rho =  7.4146953219E-01
DelSqRho = -2.9485665848E+00
GradDelSqRho =  6.8500760619E-14  2.4957813594E-13  1.7763568394E-13
HessDelSqRho_EigVals =  9.9835590133E+00  2.2977687724E+01  1.3338266786E+02
HessDelSqRho_EigVec1 =  5.5669399186E-01 -4.5388292951E-01  6.9576007771E-01
HessDelSqRho_EigVec2 = -8.1800374667E-01 -1.5353760201E-01  5.5434292202E-01
HessDelSqRho_EigVec3 =  1.4478145549E-01  8.7773372447E-01  4.5675139745E-01
</CP of DelSqRho>
<CP of DelSqRho>
CP# = 20      
Type = (3,-3)
Coords = -2.45864850030030E+00  2.92783644417738E-01  2.29738749757589E+00
DistFromNuc =  1.1370063089E+00
Rho =  2.4623590642E-01
DelSqRho =  8.5318184395E-01
GradDelSqRho =  1.5890067040E-13  3.2234215297E-12  5.5416782274E-13
HessDelSqRho_EigVals = -1.7785763379E+01 -1.9932016003E+00 -5.1218016419E-01
HessDelSqRho_EigVec1 =  3.0838133991E-01  8.8571051169E-01  3.4701273560E-01
HessDelSqRho_EigVec2 = -7.7313791011E-01  2.0832332886E-02  6.3389572160E-01
HessDelSqRho_EigVec3 =  5.5421901912E-01 -4.6377031317E-01  6.9120067670E-01
</CP of DelSqRho>
<CP of DelSqRho>
CP# = 21      
Type = (3,-3)
Coords = -1.20089152432901E+00  1.99503846989154E+00  2.42458463153507E+00
DistFromNuc =  1.1369990682E+00
Rho =  2.4630899929E-01
DelSqRho =  8.5446056224E-01
GradDelSqRho = -1.2212453271E-15 -2.4980018054E-15  6.9388939039E-16
HessDelSqRho_EigVals = -1.7793791020E+01 -2.0124385377E+00 -5.1579969247E-01
HessDelSqRho_EigVec1 =  7.7702623803E-01  5.8291911162E-01 -2.3756164404E-01
HessDelSqRho_EigVec2 = -2.9354027137E-01  6.6940776935E-01  6.8244219347E-01
HessDelSqRho_EigVec3 =  5.5683420737E-01 -4.6054158080E-01  6.9125763494E-01
</CP of DelSqRho>
<CP of DelSqRho>
CP# = 22      
Type = (3,+1)
Coords = -3.01530324710655E+00  8.20282917253468E-01  3.09106014407749E+00
DistFromNuc =  1.1456881211E+00
Rho =  4.1987020824E-01
DelSqRho = -9.9667434745E-01
GradDelSqRho = -1.7763568394E-15 -1.1813466871E-15  1.5543122345E-15
HessDelSqRho_EigVals = -3.2703034851E+01  1.5284886280E+01  1.6313593536E+01
HessDelSqRho_EigVec1 =  8.2751306442E-01  4.1407284160E-01 -3.7916462131E-01
HessDelSqRho_EigVec2 = -5.5074309596E-01  4.6742681527E-01 -6.9151588168E-01
HessDelSqRho_EigVec3 = -1.0910623474E-01  7.8106072377E-01  6.1484955503E-01
</CP of DelSqRho>
<CP of DelSqRho>
CP# = 23      
Type = (3,+1)
Coords = -1.92368680342139E+00  2.29702742620143E+00  3.20032041531386E+00
DistFromNuc =  1.1459544583E+00
Rho =  4.1974471537E-01
DelSqRho = -9.9617257967E-01
GradDelSqRho =  8.7430063189E-16  4.7739590059E-15  1.7763568394E-15
HessDelSqRho_EigVals = -3.2714534057E+01  1.5283959138E+01  1.6314251622E+01
HessDelSqRho_EigVec1 =  1.2352586312E-01  8.7188038421E-01  4.7388390643E-01
HessDelSqRho_EigVec2 =  5.5941324555E-01 -4.5561156088E-01  6.9244128003E-01
HessDelSqRho_EigVec3 =  8.1963295556E-01  1.7956252734E-01 -5.4402124677E-01
</CP of DelSqRho>
<CP of DelSqRho>
CP# = 24      
Type = (3,+1)
Coords = -1.36535208622183E+00  8.50781524363308E-01  1.73734848074031E+00
DistFromNuc =  1.2416617101E+00
Rho =  2.3711817838E-01
DelSqRho =  4.4578463627E-01
GradDelSqRho =  1.1952244749E-15 -1.8041124150E-16 -1.9845236565E-15
HessDelSqRho_EigVals = -9.9103293264E+00  2.3326345636E-01  6.5886124226E-01
HessDelSqRho_EigVec1 = -5.6594020750E-01  3.5981499318E-01  7.4178490968E-01
HessDelSqRho_EigVec2 =  5.7284713576E-01 -4.7545219215E-01  6.6767609814E-01
HessDelSqRho_EigVec3 =  5.9292313211E-01  8.0279411038E-01  6.2958524034E-02
</CP of DelSqRho>
<CP of DelSqRho>
CP# = 25      
Type = (3,-1)
Coords = -2.01360641514127E+00  3.90626171471791E-01  3.42863168981442E+00
DistFromNuc =  1.1906690852E+00
Rho =  2.4568496967E-01
DelSqRho =  7.2160970045E-01
GradDelSqRho = -3.9898639947E-17  1.2767564783E-15  6.5225602697E-16
HessDelSqRho_EigVals = -1.7618147021E+01 -1.0768099016E+00  2.6607364945E-01
HessDelSqRho_EigVec1 = -6.2823290986E-02  7.6666100854E-01 -6.3897115122E-01
HessDelSqRho_EigVec2 =  9.9339306208E-01 -1.3573668746E-02 -1.1395604298E-01
HessDelSqRho_EigVec3 =  9.6038837587E-02  6.4190860213E-01  7.6074298431E-01
</CP of DelSqRho>
<CP of DelSqRho>
CP# = 26      
Type = (3,-3)
Coords = -2.71171020189749E+00  1.70903315442185E+00  3.52886742616262E+00
DistFromNuc =  1.1581481642E+00
Rho =  2.5335187585E-01
DelSqRho =  8.7101420856E-01
GradDelSqRho = -5.6898930012E-16  1.1032841307E-15  1.7208456882E-15
HessDelSqRho_EigVals = -1.6849797256E+01 -4.2143391511E+00 -5.1074226897E-02
HessDelSqRho_EigVec1 = -5.5649419533E-01  3.5546816567E-01  7.5097043468E-01
HessDelSqRho_EigVec2 =  5.9329331511E-01  8.0277239017E-01  5.9661812140E-02
HessDelSqRho_EigVec3 =  5.8165045587E-01 -4.7874719088E-01  6.5763506173E-01
</CP of DelSqRho>
<CP of DelSqRho>
CP# = 27      
Type = (3,-1)
Coords = -3.09901700842781E+00  1.29774497336667E+00  2.06389224959947E+00
DistFromNuc =  1.1907179402E+00
Rho =  2.4589732511E-01
DelSqRho =  7.2140914227E-01
GradDelSqRho =  2.4980018054E-16  2.2898349883E-16  1.2490009027E-16
HessDelSqRho_EigVals = -1.7589480318E+01 -1.1253599521E+00  2.7354314359E-01
HessDelSqRho_EigVec1 =  8.5578250677E-01 -2.1950214317E-03  5.1733111542E-01
HessDelSqRho_EigVec2 = -4.6964999945E-01 -4.2264323827E-01  7.7511390851E-01
HessDelSqRho_EigVec3 = -2.1694510623E-01  9.0629348173E-01  3.6272158173E-01
</CP of DelSqRho>
<CP of DelSqRho>
CP# = 28      
Type = (3,-1)
Coords = -2.33167823612984E+00  2.33720984290696E+00  2.14204537860950E+00
DistFromNuc =  1.1908281647E+00
Rho =  2.4589536760E-01
DelSqRho =  7.2135154017E-01
GradDelSqRho =  1.6161273708E-12 -1.9112766925E-12  9.2378882321E-13
HessDelSqRho_EigVals = -1.7576943059E+01 -1.1310037898E+00  2.7598702103E-01
HessDelSqRho_EigVec1 = -2.1946511878E-01  8.6429248010E-01 -4.5258542894E-01
HessDelSqRho_EigVec2 =  2.0876432614E-01  4.9475283249E-01  8.4358585270E-01
HessDelSqRho_EigVec3 =  9.5302283172E-01  9.0653977272E-02 -2.8901442634E-01
</CP of DelSqRho>
<CP of DelSqRho>
CP# = 29      
Type = (3,-1)
Coords = -1.24371151608721E+00  1.43436487863939E+00  3.50745506461528E+00
DistFromNuc =  1.1906665376E+00
Rho =  2.4573179283E-01
DelSqRho =  7.2176474981E-01
GradDelSqRho =  2.3314683517E-15  1.5265566589E-15  4.0245584643E-15
HessDelSqRho_EigVals = -1.7621822954E+01 -1.0803140662E+00  2.6787114598E-01
HessDelSqRho_EigVec1 =  7.0252258310E-01  1.0026611571E-01  7.0456279087E-01
HessDelSqRho_EigVec2 = -3.1477076017E-01  9.3169774108E-01  1.8126965497E-01
HessDelSqRho_EigVec3 = -6.3826435650E-01 -3.4912179151E-01  6.8609954519E-01
</CP of DelSqRho>
<CP of DelSqRho>
CP# = 30      
Type = (3,+1)
Coords = -4.04366105072944E+00  1.08276833210216E+00  2.83232762381294E+00
DistFromNuc =  1.9952507214E+00
Rho =  7.4991863030E-02
DelSqRho =  1.8256157595E-01
GradDelSqRho =  8.6736173799E-17  2.9403562918E-16 -2.8102520311E-16
HessDelSqRho_EigVals = -1.6612095436E+00  3.1914812254E-02  5.9740298201E-01
HessDelSqRho_EigVec1 =  9.4663238074E-01 -2.3109760787E-01  2.2467984195E-01
HessDelSqRho_EigVec2 = -1.4420606440E-02  6.6601616436E-01  7.4579790488E-01
HessDelSqRho_EigVec3 =  3.2199251831E-01  7.0923646582E-01 -6.2713989963E-01
</CP of DelSqRho>
<CP of DelSqRho>
CP# = 31      
Type = (3,+1)
Coords = -2.47949190287970E+00  3.21805026750372E+00  3.01219168686918E+00
DistFromNuc =  1.9958735321E+00
Rho =  7.4952679767E-02
DelSqRho =  1.8256205010E-01
GradDelSqRho =  1.3877787808E-17 -3.1745439610E-16 -2.0816681712E-16
HessDelSqRho_EigVals = -1.6692309022E+00  3.1790598485E-02  5.9680230666E-01
HessDelSqRho_EigVec1 = -5.0357368800E-01  8.4901273882E-01 -1.5997159144E-01
HessDelSqRho_EigVec2 =  6.6429702504E-01  2.6211857596E-01 -7.0000236761E-01
HessDelSqRho_EigVec3 =  5.5237940157E-01  4.5877142615E-01  6.9599265461E-01
</CP of DelSqRho>
<CP of DelSqRho>
CP# = 32      
Type = (3,+1)
Coords = -1.48872649759380E+00  2.43520818812846E+00  4.19255380275316E+00
DistFromNuc =  1.9955007567E+00
Rho =  7.4916456647E-02
DelSqRho =  1.8245800805E-01
GradDelSqRho =  2.0469737017E-16 -1.2576745201E-16 -6.9388939039E-17
HessDelSqRho_EigVals = -1.6628450070E+00  3.2066392814E-02  5.9713373209E-01
HessDelSqRho_EigVec1 =  3.9391638915E-01  1.4209942495E-01  9.0809560719E-01
HessDelSqRho_EigVec2 =  9.1118434224E-01  6.9386977723E-02 -4.0611395172E-01
HessDelSqRho_EigVec3 = -1.2071856867E-01  9.8741743997E-01 -1.0214610333E-01
</CP of DelSqRho>
<CP of DelSqRho>
CP# = 33      
Type = (3,+1)
Coords = -3.08179495786038E+00  2.50031656642086E-01  4.02044842356998E+00
DistFromNuc =  1.9948767353E+00
Rho =  7.4956270406E-02
DelSqRho =  1.8256933343E-01
GradDelSqRho =  3.9031278209E-17 -2.7755575616E-16  2.3592239273E-16
HessDelSqRho_EigVals = -1.6576649388E+00  3.2238481759E-02  5.9667440437E-01
HessDelSqRho_EigVec1 = -7.8044282093E-02 -5.2266317588E-01  8.4895953650E-01
HessDelSqRho_EigVec2 = -2.1324399746E-01  8.4060045587E-01  4.9791351772E-01
HessDelSqRho_EigVec3 =  9.7387683388E-01  1.4217622221E-01  1.7705884406E-01
</CP of DelSqRho>
<Path of -GradDelSqRho>
Starting CP# =      3
Ending CP# =      1
Number of Points =      7
 -2.1825077100E+00  1.3883112665E+00  2.5759693699E+00  2.2575423890E+01  1.2301407436E+03
 -2.1654779164E+00  1.3748284209E+00  2.5883467148E+00  3.2808596291E+01  9.7794647619E+02
 -2.1484269583E+00  1.3613333142E+00  2.6006814960E+00  4.8060540568E+01 -8.0480790206E+02
 -2.1313667002E+00  1.3478328252E+00  2.6129975172E+00  7.0720077950E+01 -6.4077089959E+03
 -2.1142996700E+00  1.3343284202E+00  2.6252998530E+00  1.0435986298E+02 -2.0699319185E+04
 -2.0972214423E+00  1.3208175463E+00  2.6375795274E+00  1.5483301836E+02 -7.5537361794E+04
 -2.0675868486E+00  1.2973769565E+00  2.6588382743E+00  2.9722267350E+02 -3.3285795071E+06
</Path of -GradDelSqRho>
<Path of -GradDelSqRho>
Starting CP# =      3
Ending CP# =     11
Number of Points =     32
 -2.1825077100E+00  1.3883112665E+00  2.5759693699E+00  2.2575423890E+01  1.2301407436E+03
 -2.1995124296E+00  1.4017795640E+00  2.5635418089E+00  1.5662066120E+01  1.1481919977E+03
 -2.2165058315E+00  1.4152412811E+00  2.5510916500E+00  1.0975775221E+01  9.7850759231E+02
 -2.2334964266E+00  1.4287013579E+00  2.5386358880E+00  7.8087660975E+00  7.7053376915E+02
 -2.2504804343E+00  1.4421575958E+00  2.5261670027E+00  5.6766115125E+00  5.6997214374E+02
 -2.2674512972E+00  1.4556061764E+00  2.5136719888E+00  4.2420328287E+00  4.0573163528E+02
 -2.2844018399E+00  1.4690429107E+00  2.5011367178E+00  3.2741592497E+00  2.8304172532E+02
 -2.3013247879E+00  1.4824635371E+00  2.4885470316E+00  2.6179593165E+00  1.9479817831E+02
 -2.3182132796E+00  1.4958640146E+00  2.4758898029E+00  2.1699793487E+00  1.3182279229E+02
 -2.3350604782E+00  1.5092402931E+00  2.4631522124E+00  1.8608582326E+00  8.6925275254E+01
 -2.3518578482E+00  1.5225872944E+00  2.4503184817E+00  1.6437890661E+00  5.5206509143E+01
 -2.3685925863E+00  1.5358973822E+00  2.4373651802E+00  1.4871745459E+00  3.3272386148E+01
 -2.3852443582E+00  1.5491583861E+00  2.4242556220E+00  1.3698676157E+00  1.8572211848E+01
 -2.4017803351E+00  1.5623505519E+00  2.4109319297E+00  1.2779396879E+00  9.0828834304E+00
 -2.4181460096E+00  1.5754408211E+00  2.3973013287E+00  1.2024007574E+00  3.2056530591E+00
 -2.4342457478E+00  1.5883705426E+00  2.3832094512E+00  1.1375812131E+00 -2.7222291243E-01
 -2.4498950227E+00  1.6010247514E+00  2.3683818575E+00  1.0800258780E+00 -2.2219350254E+00
 -2.4646736725E+00  1.6131356189E+00  2.3522730514E+00  1.0278660296E+00 -3.2360315854E+00
 -2.4772839921E+00  1.6238452193E+00  2.3336015552E+00  9.8115263951E-01 -3.7005753912E+00
 -2.4819438751E+00  1.6290634418E+00  2.3101691121E+00  9.4836850385E-01 -3.8774192657E+00
 -2.4727913896E+00  1.6240352965E+00  2.2877305267E+00  9.4431760626E-01 -3.9742130842E+00
 -2.4595385526E+00  1.6157643852E+00  2.2682235113E+00  9.4950524236E-01 -4.0609945244E+00
 -2.4454506891E+00  1.6068094901E+00  2.2496151600E+00  9.5515862338E-01 -4.1406939746E+00
 -2.4308877467E+00  1.5974600822E+00  2.2315747321E+00  9.6018175159E-01 -4.2128736329E+00
 -2.4158947682E+00  1.5877496894E+00  2.2140856586E+00  9.6445008520E-01 -4.2771097569E+00
 -2.4004878034E+00  1.5776878547E+00  2.1971642686E+00  9.6794063653E-01 -4.3330616781E+00
 -2.3846811262E+00  1.5672824564E+00  2.1808294990E+00  9.7064452694E-01 -4.3804793465E+00
 -2.3684892914E+00  1.5565413637E+00  2.1651005154E+00  9.7256038080E-01 -4.4192068966E+00
 -2.3519273349E+00  1.5454725388E+00  2.1499965556E+00  9.7369386209E-01 -4.4491841031E+00
 -2.3350108825E+00  1.5340840335E+00  2.1355368953E+00  9.7405745657E-01 -4.4704458373E+00
 -2.3177562798E+00  1.5223839310E+00  2.1217408194E+00  9.7367018974E-01 -4.4831196034E+00
 -2.2997228659E+00  1.5100660653E+00  2.1082981166E+00  9.7251918285E-01 -4.4874239788E+00
</Path of -GradDelSqRho>
<Path of -GradDelSqRho>
Starting CP# =      4
Ending CP# =     14
Number of Points =     31
 -2.0018176365E+00  1.2379912294E+00  2.8019157133E+00  2.2588194013E+01  1.2314708401E+03
 -1.9919472019E+00  1.2291015032E+00  2.8230946433E+00  1.5670081519E+01  1.1493273437E+03
 -1.9820579908E+00  1.2201990613E+00  2.8442594733E+00  1.0980987724E+01  9.7942328291E+02
 -1.9721641211E+00  1.2112934594E+00  2.8654207962E+00  7.8123845985E+00  7.7124931266E+02
 -1.9622594233E+00  1.2023805213E+00  2.8865739627E+00  5.6794053039E+00  5.7048141538E+02
 -1.9523331648E+00  1.1934529826E+00  2.9077108575E+00  4.2444791562E+00  4.0605336874E+02
 -1.9423736817E+00  1.1845029518E+00  2.9288225932E+00  3.2765353347E+00  2.8321535616E+02
 -1.9323692856E+00  1.1755225262E+00  2.9499001543E+00  2.6204101118E+00  1.9486475195E+02
 -1.9223091389E+00  1.1665043862E+00  2.9709350293E+00  2.1725661667E+00  1.3181571231E+02
 -1.9121826575E+00  1.1574413926E+00  2.9919187286E+00  1.8635915128E+00  8.6869596761E+01
 -1.9019768129E+00  1.1483247648E+00  3.0128406433E+00  1.6466498313E+00  5.5120907329E+01
 -1.8916722518E+00  1.1391414702E+00  3.0336848504E+00  1.4901285491E+00  3.3170842365E+01
 -1.8812386582E+00  1.1298711198E+00  3.0544260376E+00  1.3728747954E+00  1.8464946899E+01
 -1.8706281637E+00  1.1204815872E+00  3.0750232793E+00  1.2809604662E+00  8.9769239196E+00
 -1.8597639301E+00  1.1109214755E+00  3.0954084655E+00  1.2054002132E+00  3.1053678981E+00
 -1.8485177985E+00  1.1011055233E+00  3.1154616506E+00  1.1405322365E+00 -3.6452884670E-01
 -1.8366609876E+00  1.0908829201E+00  3.1349499851E+00  1.0829135350E+00 -2.3054371182E+00
 -1.8237356011E+00  1.0799570817E+00  3.1533377115E+00  1.0307019466E+00 -3.3109294396E+00
 -1.8086560971E+00  1.0676564814E+00  3.1689387927E+00  9.8406574639E-01 -3.7680270421E+00
 -1.7896581079E+00  1.0532541592E+00  3.1742235383E+00  9.5222020789E-01 -3.9411909842E+00
 -1.7716150296E+00  1.0408396448E+00  3.1626347226E+00  9.4905973386E-01 -4.0386598926E+00
 -1.7558112404E+00  1.0304344488E+00  3.1463071330E+00  9.5443961458E-01 -4.1262389359E+00
 -1.7406996881E+00  1.0206129768E+00  3.1289834217E+00  9.6016213935E-01 -4.2063771865E+00
 -1.7260406056E+00  1.0111668939E+00  3.1110716691E+00  9.6522172670E-01 -4.2786179920E+00
 -1.7118244567E+00  1.0020846879E+00  3.0926227242E+00  9.6950455119E-01 -4.3425327141E+00
 -1.6980652523E+00  9.9337459740E-01  3.0736551940E+00  9.7298874685E-01 -4.3977813779E+00
 -1.6847788444E+00  9.8504629528E-01  3.0541857600E+00  9.7566578299E-01 -4.4441199611E+00
 -1.6719812914E+00  9.7710950204E-01  3.0342313745E+00  9.7753474598E-01 -4.4814038454E+00
 -1.6596887602E+00  9.6957388334E-01  3.0138094487E+00  9.7860193250E-01 -4.5095890639E+00
 -1.6479175114E+00  9.6244901559E-01  2.9929379326E+00  9.7888062690E-01 -4.5287314486E+00
 -1.6292734380E+00  9.5137901558E-01  2.9567338908E+00  9.7762069694E-01 -4.5409990340E+00
</Path of -GradDelSqRho>
<Path of -GradDelSqRho>
Starting CP# =      4
Ending CP# =      1
Number of Points =      7
 -2.0018176365E+00  1.2379912294E+00  2.8019157133E+00  2.2588194013E+01  1.2314708401E+03
 -2.0116465731E+00  1.2468528569E+00  2.7807057342E+00  3.2829370424E+01  9.7837380233E+02
 -2.0214404240E+00  1.2556907220E+00  2.7594696204E+00  4.8094375076E+01 -8.0956184508E+02
 -2.0312188223E+00  1.2645181194E+00  2.7382220330E+00  7.0774040994E+01 -6.4227167457E+03
 -2.0409858982E+00  1.2733378465E+00  2.7169660554E+00  1.0444611288E+02 -2.0755307423E+04
 -2.0507342654E+00  1.2821449004E+00  2.6956962385E+00  1.5496733362E+02 -7.5725864234E+04
 -2.0675868486E+00  1.2973769565E+00  2.6588382743E+00  2.9722267350E+02 -3.3285795071E+06
</Path of -GradDelSqRho>
<Path of -GradDelSqRho>
Starting CP# =     12
Ending CP# =     14
Number of Points =     32
 -2.3334410815E+00  8.5384584568E-01  3.1250479625E+00  7.7558052725E-01 -2.5633861137E+00
 -2.3112136508E+00  8.5103629480E-01  3.1305238472E+00  7.8030356103E-01 -2.5667463091E+00
 -2.2869052541E+00  8.4853700979E-01  3.1357949702E+00  7.8586739657E-01 -2.5782589186E+00
 -2.2624041973E+00  8.4660729778E-01  3.1403670296E+00  7.9189879982E-01 -2.5983027995E+00
 -2.2377436459E+00  8.4524785419E-01  3.1442320508E+00  7.9839732215E-01 -2.6270915665E+00
 -2.2129569730E+00  8.4445815304E-01  3.1473826817E+00  8.0535617958E-01 -2.6646966523E+00
 -2.1880777369E+00  8.4423620519E-01  3.1498124286E+00  8.1276178060E-01 -2.7110494527E+00
 -2.1631395985E+00  8.4457832305E-01  3.1515158680E+00  8.2059331082E-01 -2.7659452303E+00
 -2.1381761822E+00  8.4547890227E-01  3.1524888190E+00  8.2882238817E-01 -2.8290483308E+00
 -2.1132208911E+00  8.4693022947E-01  3.1527284618E+00  8.3741280813E-01 -2.8998983219E+00
 -2.0883066886E+00  8.4892232356E-01  3.1522333867E+00  8.4632040358E-01 -2.9779167579E+00
 -2.0634658643E+00  8.5144281518E-01  3.1510035586E+00  8.5549304787E-01 -3.0624143943E+00
 -2.0387298041E+00  8.5447686438E-01  3.1490401863E+00  8.6487083094E-01 -3.1525988166E+00
 -2.0141287860E+00  8.5800711083E-01  3.1463454856E+00  8.7438643752E-01 -3.2475825724E+00
 -1.9896918231E+00  8.6201364349E-01  3.1429223337E+00  8.8396575066E-01 -3.3463920163E+00
 -1.9654465762E+00  8.6647396752E-01  3.1387738117E+00  8.9352869471E-01 -3.4479771484E+00
 -1.9414193496E+00  8.7136293579E-01  3.1339026376E+00  9.0299031791E-01 -3.5512227610E+00
 -1.9176351869E+00  8.7665259991E-01  3.1283104915E+00  9.1226209835E-01 -3.6549611901E+00
 -1.8941180733E+00  8.8231192074E-01  3.1219972271E+00  9.2125343916E-01 -3.7579868999E+00
 -1.8708912574E+00  8.8830625802E-01  3.1149599571E+00  9.2987330298E-01 -3.8590730318E+00
 -1.8479777049E+00  8.9459652959E-01  3.1071919732E+00  9.3803192454E-01 -3.9569899283E+00
 -1.8254007210E+00  9.0113788276E-01  3.0986814316E+00  9.4564253619E-01 -4.0505255343E+00
 -1.8031848132E+00  9.0787763716E-01  3.0894096757E+00  9.5262304642E-01 -4.1385075012E+00
 -1.7813569443E+00  9.1475210816E-01  3.0793489874E+00  9.5889762481E-01 -4.2198268120E+00
 -1.7599484781E+00  9.2168163464E-01  3.0684594166E+00  9.6439816843E-01 -4.2934628419E+00
 -1.7389984366E+00  9.2856257682E-01  3.0566841215E+00  9.6906565236E-01 -4.3585100401E+00
 -1.7185593888E+00  9.3525389632E-01  3.0439422759E+00  9.7285140358E-01 -4.4142069723E+00
 -1.6987089778E+00  9.4155340334E-01  3.0301180293E+00  9.7571839242E-01 -4.4599695092E+00
 -1.6795745668E+00  9.4715280043E-01  3.0150433552E+00  9.7764274834E-01 -4.4954318403E+00
 -1.6613917549E+00  9.5154545565E-01  2.9984736598E+00  9.7861601824E-01 -4.5205019751E+00
 -1.6446627789E+00  9.5381854493E-01  2.9800701287E+00  9.7864983477E-01 -4.5354394819E+00
 -1.6292734380E+00  9.5137901558E-01  2.9567338908E+00  9.7762069694E-01 -4.5409990340E+00
</Path of -GradDelSqRho>
<Path of -GradDelSqRho>
Starting CP# =     12
Ending CP# =     18
Number of Points =     17
 -2.3334410815E+00  8.5384584568E-01  3.1250479625E+00  7.7558052725E-01 -2.5633861137E+00
 -2.3554043059E+00  8.5712829290E-01  3.1190070510E+00  7.7124817468E-01 -2.5665878563E+00
 -2.3789857039E+00  8.6123441277E-01  3.1117969079E+00  7.6696369070E-01 -2.5769237247E+00
 -2.4022473548E+00  8.6590031680E-01  3.1039195318E+00  7.6309993683E-01 -2.5936831439E+00
 -2.4251553051E+00  8.7112253964E-01  3.0953824705E+00  7.5963499184E-01 -2.6160162610E+00
 -2.4476746492E+00  8.7689750690E-01  3.0861925393E+00  7.5654441081E-01 -2.6429732238E+00
 -2.4697691103E+00  8.8322160375E-01  3.0763556284E+00  7.5380213044E-01 -2.6735221138E+00
 -2.4914005535E+00  8.9009117540E-01  3.0658765236E+00  7.5138147686E-01 -2.7065696815E+00
 -2.5125284337E+00  8.9750243198E-01  3.0547587412E+00  7.4925627837E-01 -2.7409845354E+00
 -2.5331091897E+00  9.0545121073E-01  3.0430043824E+00  7.4740206873E-01 -2.7756223795E+00
 -2.5530956198E+00  9.1393251973E-01  3.0306140165E+00  7.4579734015E-01 -2.8093528573E+00
 -2.5724363089E+00  9.2293974287E-01  3.0175866009E+00  7.4442476094E-01 -2.8410875146E+00
 -2.5910752337E+00  9.3246332101E-01  3.0039194278E+00  7.4327221097E-01 -2.8698083119E+00
 -2.6089517479E+00  9.4248862329E-01  2.9896080270E+00  7.4233340872E-01 -2.8945959815E+00
 -2.6260012025E+00  9.5299254547E-01  2.9746457856E+00  7.4160782892E-01 -2.9146573164E+00
 -2.6421563943E+00  9.6393794702E-01  2.9590225712E+00  7.4109960085E-01 -2.9293502440E+00
 -2.6707071428E+00  9.8616767619E-01  2.9267177468E+00  7.4075750550E-01 -2.9409529298E+00
</Path of -GradDelSqRho>
<Path of -GradDelSqRho>
Starting CP# =     13
Ending CP# =     19
Number of Points =     17
 -1.7564796709E+00  1.6332611286E+00  3.1829991743E+00  7.7634574263E-01 -2.5690972086E+00
 -1.7656614003E+00  1.6538124188E+00  3.1782580994E+00  7.7201515303E-01 -2.5723008849E+00
 -1.7760270433E+00  1.6757908488E+00  3.1723903262E+00  7.6772984260E-01 -2.5826517839E+00
 -1.7867840054E+00  1.6973677596E+00  3.1657832991E+00  7.6386498296E-01 -2.5994415825E+00
 -1.7979194824E+00  1.7185111035E+00  3.1584424964E+00  7.6039873149E-01 -2.6218219638E+00
 -1.8094202353E+00  1.7391880430E+00  3.1503726244E+00  7.5730669707E-01 -2.6488441388E+00
 -1.8212725201E+00  1.7593645516E+00  3.1415773913E+00  7.5456284248E-01 -2.6794767196E+00
 -1.8334619354E+00  1.7790049705E+00  3.1320592947E+00  7.5214048891E-01 -2.7126264053E+00
 -1.8459731622E+00  1.7980715273E+00  3.1218194290E+00  7.5001342492E-01 -2.7471611328E+00
 -1.8587895544E+00  1.8165238437E+00  3.1108573215E+00  7.4815710636E-01 -2.7819352864E+00
 -1.8718925227E+00  1.8343184826E+00  3.0991708170E+00  7.4654990720E-01 -2.8158165240E+00
 -1.8852606174E+00  1.8514086345E+00  3.0867560333E+00  7.4517433797E-01 -2.8477137320E+00
 -1.8988681751E+00  1.8677441157E+00  3.0736074068E+00  7.4401808772E-01 -2.8766055405E+00
 -1.9126833149E+00  1.8832719531E+00  3.0597178013E+00  7.4307466618E-01 -2.9015686975E+00
 -1.9266649091E+00  1.8979379502E+00  3.0450785090E+00  7.4234334873E-01 -2.9218053982E+00
 -1.9407577121E+00  1.9116897390E+00  3.0296785580E+00  7.4182811370E-01 -2.9366684296E+00
 -1.9683891756E+00  1.9358608453E+00  2.9971619213E+00  7.4146953219E-01 -2.9485665848E+00
</Path of -GradDelSqRho>
<Path of -GradDelSqRho>
Starting CP# =     13
Ending CP# =     14
Number of Points =     32
 -1.7564796709E+00  1.6332611286E+00  3.1829991743E+00  7.7634574263E-01 -2.5690972086E+00
 -1.7476300022E+00  1.6123770196E+00  3.1871152708E+00  7.8106613316E-01 -2.5724584131E+00
 -1.7384419732E+00  1.5894303395E+00  3.1908514831E+00  7.8662895703E-01 -2.5839803476E+00
 -1.7296898833E+00  1.5662034245E+00  3.1938247999E+00  7.9265857200E-01 -2.6040396108E+00
 -1.7213836237E+00  1.5427284547E+00  3.1960295852E+00  7.9915436271E-01 -2.6328471143E+00
 -1.7135320222E+00  1.5190381036E+00  3.1974609626E+00  8.0610936408E-01 -2.6704715073E+00
 -1.7061426231E+00  1.4951655626E+00  3.1981150705E+00  8.1350979123E-01 -2.7168413644E+00
 -1.6992214536E+00  1.4711445081E+00  3.1979892870E+00  8.2133462695E-01 -2.7717491221E+00
 -1.6927727871E+00  1.4470090140E+00  3.1970824100E+00  8.2955528045E-01 -2.8348563188E+00
 -1.6867989141E+00  1.4227934188E+00  3.1953947777E+00  8.3813533722E-01 -2.9056997499E+00
 -1.6812999309E+00  1.3985321586E+00  3.1929283140E+00  8.4703042445E-01 -2.9836982458E+00
 -1.6762735535E+00  1.3742595821E+00  3.1896864855E+00  8.5618822049E-01 -3.0681599012E+00
 -1.6717149625E+00  1.3500097692E+00  3.1856741590E+00  8.6554863833E-01 -3.1582897213E+00
 -1.6676166785E+00  1.3258163747E+00  3.1808973546E+00  8.7504421146E-01 -3.2531977819E+00
 -1.6639684625E+00  1.3017125238E+00  3.1753628902E+00  8.8460070512E-01 -3.3519081096E+00
 -1.6607572239E+00  1.2777307845E+00  3.1690779221E+00  8.9413796657E-01 -3.4533685680E+00
 -1.6579669118E+00  1.2539032423E+00  3.1620493858E+00  9.0357101383E-01 -3.5564620633E+00
 -1.6555783486E+00  1.2302617034E+00  3.1542833442E+00  9.1281134625E-01 -3.6600193618E+00
 -1.6535689519E+00  1.2068380527E+00  3.1457842445E+00  9.2176844238E-01 -3.7628337474E+00
 -1.6519122686E+00  1.1836648017E+00  3.1365540776E+00  9.3035139502E-01 -3.8636776462E+00
 -1.6505772174E+00  1.1607758780E+00  3.1265914135E+00  9.3847062241E-01 -3.9613212248E+00
 -1.6495268938E+00  1.1382077423E+00  3.1158902576E+00  9.4603959100E-01 -4.0545528646E+00
 -1.6487167162E+00  1.1160009885E+00  3.1044386300E+00  9.5297649037E-01 -4.1422013362E+00
 -1.6480915641E+00  1.0942027090E+00  3.0922167021E+00  9.5920581487E-01 -4.2231594949E+00
 -1.6475813155E+00  1.0728701563E+00  3.0791942278E+00  9.6465982807E-01 -4.2964094201E+00
 -1.6470937259E+00  1.0520767290E+00  3.0653268573E+00  9.6927991421E-01 -4.3610491989E+00
 -1.6465026452E+00  1.0319223820E+00  3.0505507122E+00  9.7301785822E-01 -4.4163221238E+00
 -1.6456275580E+00  1.0125530394E+00  3.0347743938E+00  9.7583715316E-01 -4.4616501442E+00
 -1.6441958811E+00  9.9419988124E-01  3.0178678841E+00  9.7771455235E-01 -4.4966753524E+00
 -1.6417685783E+00  9.7726709010E-01  2.9996514962E+00  9.7864241647E-01 -4.5213163007E+00
 -1.6375827606E+00  9.6255344179E-01  2.9799119656E+00  9.7863364078E-01 -4.5358467458E+00
 -1.6292734380E+00  9.5137901558E-01  2.9567338908E+00  9.7762069694E-01 -4.5409990340E+00
</Path of -GradDelSqRho>
<Path of -GradDelSqRho>
Starting CP# =     15
Ending CP# =     19
Number of Points =     17
 -2.1839803201E+00  1.9830682302E+00  2.6481336706E+00  7.7726156385E-01 -2.5724776280E+00
 -2.1734993212E+00  1.9874203678E+00  2.6680177269E+00  7.7293660502E-01 -2.5756200369E+00
 -2.1618267030E+00  1.9913202734E+00  2.6897770881E+00  7.6862612313E-01 -2.5858426449E+00
 -2.1499310977E+00  1.9943223420E+00  2.7115580581E+00  7.6472861548E-01 -2.6024526033E+00
 -2.1378280369E+00  1.9964177897E+00  2.7333308079E+00  7.6122317512E-01 -2.6246140349E+00
