 AIMInt (Version 19.02.13, Professional)
 Portions Copyright (c) 1997-2019 by Todd A. Keith
 AIMInt is a component of the AIMAll package ( http://aim.tkgristmill.com )

 TP:  64-bit Linux

 Licensed To:  Research Group of Fernando Cortes Guzman, UNAM, fercor@unam.mx

 AIMInt is a heavily modified and extended version of the PROAIMV program
 developed by members of R.F.W. Bader's research group

 Much of the Quantum Theory of Atoms in Molecules (QTAIM) is described in the book:
   "Atoms in Molecules - A Quantum Theory"
   R.F.W. Bader, Oxford University Press, Oxford, 1990

 For additional references see:  http://aim.tkgristmill.com/references.html

 Current Directory:  /home/scratch/M_H2O_4_tetraedrico/Opt

 Inp File:  Zn2_tetraedrico_cc-pvtz-def2-tzv_1_atomicfiles/o6.inp
 Wfx File:  Zn2_tetraedrico_cc-pvtz-def2-tzv_1.wfx
 Out File:  Zn2_tetraedrico_cc-pvtz-def2-tzv_1_atomicfiles/o6.int

 Wfx Title:   Zn2_tetraedrico_cc-pvtz-def2-tzv_1                                            
 Job Title:   Zn2_tetraedrico_cc-pvtz-def2-tzv_1                                            
 
<Atom>
O6      
</Atom>
<Nuclei of Molecule>
    13
Zn1       30.0           3.3645234698E-06   2.2391904710E-05  -2.3847803875E-05
O2         8.0          -2.0999238880E+00  -1.2534308674E+00  -2.6545980192E+00
H3         1.0          -1.9061172060E+00  -2.8736636382E+00  -3.5251291239E+00
O4         8.0          -2.0675866590E+00   1.2973768342E+00   2.6588380555E+00
H5         1.0          -1.8351994193E+00   2.9108183435E+00   3.5325303130E+00
O6         8.0           2.1104340455E+00   2.6346582265E+00  -1.2776701807E+00
H7         1.0           3.6393389834E+00   3.3168963226E+00  -4.9223886722E-01
O8         8.0           2.0570891659E+00  -2.6785150225E+00   1.2733335437E+00
H9         1.0           1.8350657867E+00  -3.5508356306E+00   2.8889623466E+00
H10        1.0           1.9056617572E+00   3.5080758032E+00  -2.8949686888E+00
H11        1.0           3.5721228427E+00  -3.3894037423E+00   4.8641257807E-01
H12        1.0          -3.5974505805E+00   5.2773149673E-01   3.3567925856E+00
H13        1.0          -3.6136244153E+00  -4.5100407839E-01  -3.3508729041E+00
</Nuclei of Molecule>
<Total Number of CPs of DelSqRho>
    33
</Total Number of CPs of DelSqRho>
<Number of (3,+3) CPs of DelSqRho>
     5
</Number of (3,+3) CPs of DelSqRho>
<Number of (3,+1) CPs of DelSqRho>
    14
</Number of (3,+1) CPs of DelSqRho>
<Number of (3,-1) CPs of DelSqRho>
     9
</Number of (3,-1) CPs of DelSqRho>
<Number of (3,-3) CPs of DelSqRho>
     5
</Number of (3,-3) CPs of DelSqRho>
<Number of Degenerate CPs of DelSqRho>
     0
</Number of Degenerate CPs of DelSqRho>
<CP of DelSqRho>
CP# = 1       
Type = (3,+3)
Coords =  2.11043423891242E+00  2.63465844280677E+00 -1.27767030127098E+00
DistFromNuc =  3.1424858915E-07
Rho =  2.9722265399E+02
DelSqRho = -3.3285794709E+06
GradDelSqRho = -8.1796119957E-06  1.2491769667E-05  6.9521124715E-06
HessDelSqRho_EigVals =  1.3237054938E+11  1.3237056954E+11  1.3237057722E+11
HessDelSqRho_EigVec1 = -5.5417019115E-01  6.9682880763E-01  4.5532956428E-01
HessDelSqRho_EigVec2 =  5.9262108298E-01  7.1440697332E-01 -3.7205231954E-01
HessDelSqRho_EigVec3 =  5.8454739008E-01 -6.3657594461E-02  8.0885849159E-01
</CP of DelSqRho>
<CP of DelSqRho>
CP# = 2       
Type = (3,-1)
Coords =  1.18479013004859E+00  1.48423660346724E+00 -7.16848225426349E-01
DistFromNuc =  1.5794960698E+00
Rho =  1.2159651422E-01
DelSqRho =  3.2519004067E-01
GradDelSqRho = -7.9027062672E-14 -9.2092999893E-14  3.5464686743E-14
HessDelSqRho_EigVals = -4.1569634384E-01 -3.7068847668E-01  4.1295514824E+00
HessDelSqRho_EigVec1 = -5.6218786444E-01  6.7908769226E-01  4.7200075349E-01
HessDelSqRho_EigVec2 =  5.8568423929E-01 -7.6019969258E-02  8.0696650248E-01
HessDelSqRho_EigVec3 =  5.8388250267E-01  7.3011017695E-01 -3.5499345428E-01
</CP of DelSqRho>
<CP of DelSqRho>
CP# = 3       
Type = (3,+1)
Coords =  2.22543596563712E+00  2.55037736704147E+00 -1.36719471108291E+00
DistFromNuc =  1.6835482306E-01
Rho =  2.2575289669E+01
DelSqRho =  1.2301263627E+03
GradDelSqRho = -6.9348971010E-12 -5.2295945352E-12 -2.2168933356E-12
HessDelSqRho_EigVals = -4.1158505037E+05  2.7273081339E+03  3.7430394022E+03
HessDelSqRho_EigVec1 =  6.8106924628E-01 -5.0454769865E-01 -5.3063763677E-01
HessDelSqRho_EigVec2 = -4.4240266318E-01 -8.6101582393E-01  2.5086178378E-01
HessDelSqRho_EigVec3 =  5.8345913772E-01 -6.3901257689E-02  8.0962464382E-01
</CP of DelSqRho>
<CP of DelSqRho>
CP# = 4       
Type = (3,+1)
Coords =  2.04559042041446E+00  2.77854678751865E+00 -1.21923584638287E+00
DistFromNuc =  1.6829493497E-01
Rho =  2.2588351991E+01
DelSqRho =  1.2314875128E+03
GradDelSqRho =  4.4266812438E-12  3.8085090637E-12  2.7000623959E-13
HessDelSqRho_EigVals = -4.1297892316E+05  2.6741405478E+03  3.6963419844E+03
HessDelSqRho_EigVec1 = -3.8861328407E-01  8.5258717556E-01  3.4939207706E-01
HessDelSqRho_EigVec2 =  7.1233299838E-01  5.1851774618E-01 -4.7299159222E-01
HessDelSqRho_EigVec3 =  5.8443255801E-01 -6.5072689877E-02  8.0882886334E-01
</CP of DelSqRho>
<CP of DelSqRho>
CP# = 5       
Type = (3,-1)
Coords =  2.20979430130025E+00  2.75632699364207E+00 -1.33933381236952E+00
DistFromNuc =  1.6875471197E-01
Rho =  2.2337034566E+01
DelSqRho =  1.2537493217E+03
GradDelSqRho = -2.3653967673E-11 -4.3684167395E-11  2.8101965199E-11
HessDelSqRho_EigVals = -4.0769368822E+05 -2.1425283750E+03  1.4486635747E+03
HessDelSqRho_EigVec1 =  5.8865577232E-01  7.2113117941E-01 -3.6531384287E-01
HessDelSqRho_EigVec2 = -5.6002055673E-01  6.8968279308E-01  4.5903662269E-01
HessDelSqRho_EigVec3 =  5.8297629262E-01 -6.5631295983E-02  8.0983404178E-01
</CP of DelSqRho>
<CP of DelSqRho>
CP# = 6       
Type = (3,-3)
Coords =  2.09269057307166E+00  2.53543209546018E+00 -1.14441546345812E+00
DistFromNuc =  1.6708523440E-01
Rho =  2.2683522018E+01
DelSqRho =  1.2955772549E+03
GradDelSqRho =  1.0373923942E-12  5.8548721427E-12 -1.6598278307E-11
HessDelSqRho_EigVals = -4.4831162603E+05 -3.9140785904E+03 -4.4232526482E+02
HessDelSqRho_EigVec1 = -1.0873985759E-01 -5.9494446895E-01  7.9637724869E-01
HessDelSqRho_EigVec2 = -5.5137947728E-01  7.0269336301E-01  4.4966955603E-01
HessDelSqRho_EigVec3 =  8.2713742232E-01  3.9020906762E-01  4.0445094653E-01
</CP of DelSqRho>
<CP of DelSqRho>
CP# = 7       
Type = (3,-3)
Coords =  1.97120586390877E+00  2.54988458156470E+00 -1.31437002992772E+00
DistFromNuc =  1.6708661332E-01
Rho =  2.2682356044E+01
DelSqRho =  1.2957209602E+03
GradDelSqRho =  1.5916157281E-12 -2.8421709430E-14  5.9685589804E-13
HessDelSqRho_EigVals = -4.4829992217E+05 -3.9261130894E+03 -4.7046177444E+02
HessDelSqRho_EigVec1 =  8.3310615932E-01  5.0877048942E-01  2.1699473818E-01
HessDelSqRho_EigVec2 = -5.4740833418E-01  7.0221242504E-01  4.5523820774E-01
HessDelSqRho_EigVec3 =  7.9235364436E-02 -4.9804648298E-01  8.6352270255E-01
</CP of DelSqRho>
<CP of DelSqRho>
CP# = 8       
Type = (3,-1)
Coords =  2.34715157394826E+00  2.40414999015551E+00 -6.39027058597458E-01
DistFromNuc =  7.1905095277E-01
Rho =  6.6151127519E-01
DelSqRho = -9.0211807777E-01
GradDelSqRho = -2.6645352591E-15 -1.0658141036E-14  1.9539925233E-14
HessDelSqRho_EigVals = -1.5317080321E+01 -1.2512203649E+01  1.3912105115E+02
HessDelSqRho_EigVec1 =  7.7475875963E-01  6.3150997929E-01 -3.0724752759E-02
HessDelSqRho_EigVec2 = -5.5130014249E-01  6.9854881628E-01  4.5617727273E-01
HessDelSqRho_EigVec3 =  3.0954323973E-01 -3.3648877742E-01  8.8935835601E-01
</CP of DelSqRho>
<CP of DelSqRho>
CP# = 9       
Type = (3,-1)
Coords =  2.54363485845979E+00  3.15387815432467E+00 -1.54804010981219E+00
DistFromNuc =  7.2825282451E-01
Rho =  6.5927458177E-01
DelSqRho = -9.0843428193E-01
GradDelSqRho = -1.0658141036E-14 -7.9936057773E-15  7.5495165675E-15
HessDelSqRho_EigVals = -1.9116317509E+01 -7.1852468893E+00  1.3010587933E+02
HessDelSqRho_EigVec1 =  5.8376729172E-01 -6.5252986165E-02  8.0929462924E-01
HessDelSqRho_EigVec2 = -5.5325022421E-01  6.9756599413E-01  4.5531952874E-01
HessDelSqRho_EigVec3 =  5.9424737150E-01  7.1354308324E-01 -3.7111498196E-01
</CP of DelSqRho>
<CP of DelSqRho>
CP# = 10      
Type = (3,-1)
Coords =  1.56503963654923E+00  2.49086666707433E+00 -1.72347621618647E+00
DistFromNuc =  7.1893956293E-01
Rho =  6.6187488487E-01
DelSqRho = -9.0270868589E-01
GradDelSqRho = -3.5171865420E-13 -5.6843418861E-14 -2.5668356329E-13
HessDelSqRho_EigVals = -1.5387777150E+01 -1.2533567462E+01  1.3925992096E+02
HessDelSqRho_EigVec1 =  3.2295046432E-01  6.8247085583E-01 -6.5569545411E-01
HessDelSqRho_EigVec2 = -5.5426719164E-01  6.9796300756E-01  4.5347052865E-01
HessDelSqRho_EigVec3 =  7.6713159097E-01  2.1698196013E-01  6.0367868201E-01
</CP of DelSqRho>
<CP of DelSqRho>
CP# = 11      
Type = (3,+1)
Coords =  1.70715205159246E+00  2.15599637918369E+00 -1.02571055118436E+00
DistFromNuc =  6.7471266888E-01
Rho =  8.2774106545E-01
DelSqRho = -3.1908963621E+00
GradDelSqRho = -2.3092638912E-14 -3.3750779949E-14 -7.1054273576E-15
HessDelSqRho_EigVals = -7.1530788301E+00  1.8015638508E+01  2.2418256825E+02
HessDelSqRho_EigVec1 = -5.4904949138E-01  7.0283848939E-01  4.5228609734E-01
HessDelSqRho_EigVec2 =  5.8340678117E-01 -6.5210733037E-02  8.0955795838E-01
HessDelSqRho_EigVec3 =  5.9848240050E-01  7.0835416151E-01 -3.7423682097E-01
</CP of DelSqRho>
<CP of DelSqRho>
CP# = 12      
Type = (3,+1)
Coords =  2.37653330991106E+00  3.09861833466164E+00 -8.31931724900220E-01
DistFromNuc =  6.9624031159E-01
Rho =  7.7558152625E-01
DelSqRho = -2.5633731153E+00
GradDelSqRho =  1.6542323067E-14  4.6185277824E-14  1.5987211555E-14
HessDelSqRho_EigVals = -1.2377711237E+01  1.4957744048E+01  1.7906039184E+02
HessDelSqRho_EigVec1 =  9.5774172442E-01 -2.6082021338E-01 -1.2125842483E-01
HessDelSqRho_EigVec2 = -8.6199123725E-02 -6.6247223385E-01  7.4411037517E-01
HessDelSqRho_EigVec3 =  2.7440936640E-01  7.0221318392E-01  6.5695977348E-01
</CP of DelSqRho>
<CP of DelSqRho>
CP# = 13      
Type = (3,+1)
Coords =  1.80888218076813E+00  3.16163198487841E+00 -1.61783535318952E+00
DistFromNuc =  6.9595058283E-01
Rho =  7.7635720978E-01
DelSqRho = -2.5691863047E+00
GradDelSqRho =  1.1546319456E-13 -2.1138646389E-13  1.2168044350E-13
HessDelSqRho_EigVals = -1.2395363808E+01  1.4991365336E+01  1.7953892349E+02
HessDelSqRho_EigVec1 =  3.9942327273E-01 -1.9821204898E-01 -8.9508269609E-01
HessDelSqRho_EigVec2 =  7.8070525428E-01  5.8535808349E-01  2.1875835992E-01
HessDelSqRho_EigVec3 = -4.8058334880E-01  7.8617294391E-01 -3.8855082952E-01
</CP of DelSqRho>
<CP of DelSqRho>
CP# = 14      
Type = (3,+3)
Coords =  1.67164552041749E+00  2.93795787614282E+00 -9.37033386387417E-01
DistFromNuc =  6.3289767960E-01
Rho =  9.7767339355E-01
DelSqRho = -4.5415635152E+00
GradDelSqRho = -5.6843418861E-14  5.1958437552E-14  2.9753977060E-14
HessDelSqRho_EigVals =  1.3497938978E+01  2.4363595918E+01  3.5606092464E+02
HessDelSqRho_EigVec1 =  4.3531715394E-01  8.6646412103E-01 -2.4441543007E-01
HessDelSqRho_EigVec2 = -5.8355829345E-01  6.4842784925E-02 -8.0947830816E-01
HessDelSqRho_EigVec3 =  6.8553533361E-01 -4.9501044455E-01 -5.3385950039E-01
</CP of DelSqRho>
<CP of DelSqRho>
CP# = 15      
Type = (3,+1)
Coords =  2.23434967551747E+00  2.62144837566204E+00 -1.96199197508208E+00
DistFromNuc =  6.9557594971E-01
Rho =  7.7727856011E-01
DelSqRho = -2.5725174172E+00
GradDelSqRho = -5.3290705182E-15  4.4408920985E-15 -3.5527136788E-15
HessDelSqRho_EigVals = -1.2266664278E+01  1.4973869943E+01  1.7980395725E+02
HessDelSqRho_EigVec1 = -4.4130405003E-01  8.7178189584E-01 -2.1271356682E-01
HessDelSqRho_EigVec2 =  8.6684692993E-01  4.7543588966E-01  1.5012366531E-01
HessDelSqRho_EigVec3 = -2.3200675744E-01  1.1813992084E-01  9.6551324362E-01
</CP of DelSqRho>
<CP of DelSqRho>
CP# = 16      
Type = (3,+3)
Coords =  2.33880090269864E+00  2.08121029590043E+00 -1.48691196445160E+00
DistFromNuc =  6.3422248258E-01
Rho =  9.7245164337E-01
DelSqRho = -4.4866535973E+00
GradDelSqRho =  3.2862601529E-14 -8.1712414612E-14 -7.9936057773E-15
HessDelSqRho_EigVals =  1.2907644814E+01  2.4125512311E+01  3.4880966125E+02
HessDelSqRho_EigVec1 =  7.2043761079E-01  5.0122373053E-01 -4.7931661866E-01
HessDelSqRho_EigVec2 =  5.8372585339E-01 -6.5056336227E-02  8.0934034942E-01
HessDelSqRho_EigVec3 = -3.7447800610E-01  8.6286872992E-01  3.3944628128E-01
</CP of DelSqRho>
<CP of DelSqRho>
CP# = 17      
Type = (3,+1)
Coords =  2.79578033734082E+00  2.55990209485609E+00 -1.18347284892171E+00
DistFromNuc =  6.9581689854E-01
Rho =  7.7658686934E-01
DelSqRho = -2.5678744879E+00
GradDelSqRho =  2.1316282073E-14 -9.7699626167E-15  5.7731597281E-15
HessDelSqRho_EigVals = -1.2226157676E+01  1.4946353217E+01  1.7942917681E+02
HessDelSqRho_EigVec1 =  1.2538463243E-01  8.0887887042E-01  5.7445075241E-01
HessDelSqRho_EigVec2 = -1.7012662765E-01 -5.5291358665E-01  8.1568590539E-01
HessDelSqRho_EigVec3 =  9.7741271964E-01 -2.0000384669E-01  6.8284967568E-02
</CP of DelSqRho>
<CP of DelSqRho>
CP# = 18      
Type = (3,+3)
Coords =  2.71302732941613E+00  2.89634255045498E+00 -9.60230921723515E-01
DistFromNuc =  7.2963349319E-01
Rho =  7.4076399628E-01
DelSqRho = -2.9410206308E+00
GradDelSqRho =  5.3290705182E-15  1.4210854715E-14 -2.2204460493E-15
HessDelSqRho_EigVals =  9.9491664803E+00  2.2911771076E+01  1.3303194830E+02
HessDelSqRho_EigVec1 = -5.4486903412E-01  7.0177741203E-01  4.5894030072E-01
HessDelSqRho_EigVec2 = -1.5027974289E-01 -6.2018610016E-01  7.6992545096E-01
HessDelSqRho_EigVec3 =  8.2494468574E-01  3.5053910642E-01  4.4338313042E-01
</CP of DelSqRho>
<CP of DelSqRho>
CP# = 19      
Type = (3,+3)
Coords =  2.02208972265670E+00  2.97295134379233E+00 -1.91775983655308E+00
DistFromNuc =  7.2935705943E-01
Rho =  7.4148394612E-01
DelSqRho = -2.9487192806E+00
GradDelSqRho = -4.3837156127E-13  1.6848744622E-12 -3.0517810501E-12
HessDelSqRho_EigVals =  9.9848395511E+00  2.2979142135E+01  1.3338503609E+02
HessDelSqRho_EigVec1 = -5.5401214525E-01  7.0262703504E-01  4.4652636265E-01
HessDelSqRho_EigVec2 =  8.2230372878E-01  5.4557140396E-01  1.6176656275E-01
HessDelSqRho_EigVec3 =  1.2995045422E-01 -4.5680093347E-01  8.8002601475E-01
</CP of DelSqRho>
<CP of DelSqRho>
CP# = 20      
Type = (3,-3)
Coords =  1.24893683730489E+00  2.40888003050835E+00 -1.98450110566500E+00
DistFromNuc =  1.1369974450E+00
Rho =  2.4631050901E-01
DelSqRho =  8.5447629032E-01
GradDelSqRho = -1.0547118734E-15 -4.7184478547E-16 -6.6613381478E-16
HessDelSqRho_EigVals = -1.7794074097E+01 -2.0125781612E+00 -5.1587668773E-01
HessDelSqRho_EigVec1 =  7.7313696679E-01  2.2990492737E-01  5.9110316778E-01
HessDelSqRho_EigVec2 = -3.0848709583E-01 -6.7800467924E-01  6.6719215121E-01
HessDelSqRho_EigVec3 = -5.5416147673E-01  6.9817861562E-01  4.5326777781E-01
</CP of DelSqRho>
<CP of DelSqRho>
CP# = 21      
Type = (3,-3)
Coords =  2.48628584435000E+00  2.27063878064173E+00 -2.68210275994419E-01
DistFromNuc =  1.1370066098E+00
Rho =  2.4623635290E-01
DelSqRho =  8.5318123638E-01
GradDelSqRho = -1.4432899320E-15  1.6098233857E-15 -1.3877787808E-15
HessDelSqRho_EigVals = -1.7785845952E+01 -1.9932321721E+00 -5.1214537647E-01
HessDelSqRho_EigVec1 =  2.9466682160E-01 -3.4888327854E-01  8.8963583685E-01
HessDelSqRho_EigVec2 =  7.8030649121E-01  6.2525689520E-01 -1.3251217658E-02
HessDelSqRho_EigVec3 = -5.5162781295E-01  6.9809331250E-01  4.5647834891E-01
</CP of DelSqRho>
<CP of DelSqRho>
CP# = 22      
Type = (3,+1)
Coords =  3.05755710222774E+00  3.05714205296504E+00 -7.90795130095425E-01
DistFromNuc =  1.1456797036E+00
Rho =  4.1988202771E-01
DelSqRho = -9.9676263435E-01
GradDelSqRho =  6.8833827527E-15  5.9119376061E-15  6.7237881929E-15
HessDelSqRho_EigVals = -3.2705600055E+01  1.5286208190E+01  1.6314910262E+01
HessDelSqRho_EigVec1 =  8.2704503958E-01  3.7066586895E-01  4.2261485552E-01
HessDelSqRho_EigVec2 = -5.4816765762E-01  6.9834557906E-01  4.6024522957E-01
HessDelSqRho_EigVec3 = -1.2453401805E-01 -6.1230732953E-01  7.8075028822E-01
</CP of DelSqRho>
<CP of DelSqRho>
CP# = 23      
Type = (3,+1)
Coords =  1.39356546387617E+00  1.72122555067882E+00 -8.37819511763120E-01
DistFromNuc =  1.2416635726E+00
Rho =  2.3711832757E-01
DelSqRho =  4.4577044572E-01
GradDelSqRho =  4.8294701571E-15  6.9354244570E-15 -2.5812685323E-15
HessDelSqRho_EigVals = -9.9102244526E+00  2.3330001041E-01  6.5890575121E-01
HessDelSqRho_EigVec1 =  5.7772377232E-01  7.3528939096E-01 -3.5437939336E-01
HessDelSqRho_EigVec2 = -5.7099895450E-01  6.7431635648E-01  4.6824955456E-01
HessDelSqRho_EigVec3 =  5.8326275113E-01 -6.8168635936E-02  8.0941806269E-01
</CP of DelSqRho>
<CP of DelSqRho>
CP# = 24      
Type = (3,+1)
Coords =  1.98364738686758E+00  3.17597181962201E+00 -2.27971744388572E+00
DistFromNuc =  1.1459467617E+00
Rho =  4.1975808503E-01
DelSqRho = -9.9627615012E-01
GradDelSqRho =  2.8310687128E-15 -3.3584246495E-15  5.8841820305E-15
HessDelSqRho_EigVals = -3.2717827039E+01  1.5285506070E+01  1.6315937205E+01
HessDelSqRho_EigVec1 =  1.0858668737E-01 -4.7372005862E-01  8.7395551225E-01
HessDelSqRho_EigVec2 = -5.5673597576E-01  6.9936427133E-01  4.4825736948E-01
HessDelSqRho_EigVec3 =  8.2356176734E-01  5.3523725772E-01  1.8779534958E-01
</CP of DelSqRho>
<CP of DelSqRho>
CP# = 25      
Type = (3,-1)
Coords =  2.05496116558925E+00  3.40657907469837E+00 -3.72823135006677E-01
DistFromNuc =  1.1906667092E+00
Rho =  2.4568480155E-01
DelSqRho =  7.2163566955E-01
GradDelSqRho =  6.2536781309E-16  2.2204460493E-16 -6.6613381478E-16
HessDelSqRho_EigVals = -1.7618847459E+01 -1.0766066326E+00  2.6602287994E-01
HessDelSqRho_EigVec1 = -6.4212350671E-02  6.4096561959E-01  7.6487897639E-01
HessDelSqRho_EigVec2 =  9.9469136859E-01  1.0286789764E-01 -2.6975702564E-03
HessDelSqRho_EigVec3 = -8.0410542040E-02  7.6064529850E-01 -6.4416835889E-01
</CP of DelSqRho>
<CP of DelSqRho>
CP# = 26      
Type = (3,-3)
Coords =  2.76811384420990E+00  3.49745733160564E+00 -1.68306189422201E+00
DistFromNuc =  1.1581482871E+00
Rho =  2.5335102257E-01
DelSqRho =  8.7102632196E-01
GradDelSqRho = -3.6637359813E-15 -4.8294701571E-15  1.4849232954E-15
HessDelSqRho_EigVals = -1.6850472875E+01 -4.2134782344E+00 -5.1314949666E-02
HessDelSqRho_EigVec1 =  5.6820204598E-01  7.4471978024E-01 -3.5005554396E-01
HessDelSqRho_EigVec2 = -5.8366667773E-01  6.4864945525E-02 -8.0939838655E-01
HessDelSqRho_EigVec3 =  5.8006865477E-01 -6.6421757562E-01 -4.7152451473E-01
</CP of DelSqRho>
<CP of DelSqRho>
CP# = 27      
Type = (3,-1)
Coords =  3.13512919596691E+00  2.02830693062355E+00 -1.26561033067592E+00
DistFromNuc =  1.1907172147E+00
Rho =  2.4589874979E-01
DelSqRho =  7.2139891342E-01
GradDelSqRho = -1.6421863869E-12  1.0506318038E-12  1.0504097592E-13
HessDelSqRho_EigVals = -1.7589011947E+01 -1.1257583591E+00  2.7357797522E-01
HessDelSqRho_EigVec1 =  8.4994746840E-01 -5.2680434028E-01  8.1540191191E-03
HessDelSqRho_EigVec2 =  4.7352755434E-01  7.7059305886E-01  4.2656534425E-01
HessDelSqRho_EigVec3 = -2.3099990530E-01 -3.5869698172E-01  9.0441999041E-01
</CP of DelSqRho>
<CP of DelSqRho>
CP# = 28      
Type = (3,-1)
Coords =  2.38021410622579E+00  2.11318777421154E+00 -2.31370207745288E+00
DistFromNuc =  1.1908294609E+00
Rho =  2.4589701900E-01
DelSqRho =  7.2132868655E-01
GradDelSqRho = -4.2050044002E-13  4.2513215170E-13  7.9539153042E-13
HessDelSqRho_EigVals = -1.7576139206E+01 -1.1313957216E+00  2.7606702316E-01
HessDelSqRho_EigVec1 = -2.2393611535E-01  4.5648133750E-01  8.6109082260E-01
HessDelSqRho_EigVec2 = -1.9383423182E-01  8.4501830568E-01 -4.9836969576E-01
HessDelSqRho_EigVec3 =  9.5513397323E-01  2.7851185180E-01  1.0074840738E-01
</CP of DelSqRho>
<CP of DelSqRho>
CP# = 29      
Type = (3,-1)
Coords =  1.29762568896304E+00  3.49214606673452E+00 -1.42512154253956E+00
DistFromNuc =  1.1906656645E+00
Rho =  2.4573197283E-01
DelSqRho =  7.2178831303E-01
GradDelSqRho = -1.3877787808E-16  2.3592239273E-15  1.0755285551E-15
HessDelSqRho_EigVals = -1.7622474061E+01 -1.0801411649E+00  2.6785025129E-01
HessDelSqRho_EigVec1 = -6.9347815711E-01  7.1216035793E-01 -1.0915892178E-01
HessDelSqRho_EigVec2 =  3.2703223124E-01  1.7614126682E-01 -9.2845256952E-01
HessDelSqRho_EigVec3 =  6.4197972346E-01  6.7956006263E-01  3.5504951196E-01
</CP of DelSqRho>
<CP of DelSqRho>
CP# = 30      
Type = (3,+1)
Coords =  4.08580395705880E+00  2.78645598374828E+00 -1.04138412013498E+00
DistFromNuc =  1.9952343093E+00
Rho =  7.4993580127E-02
DelSqRho =  1.8256331912E-01
GradDelSqRho = -4.5102810375E-16  5.5511151231E-17 -1.5612511284E-17
HessDelSqRho_EigVals = -1.6611092576E+00  3.1924555476E-02  5.9743773754E-01
HessDelSqRho_EigVec1 =  9.4657813750E-01 -2.3564352576E-01 -2.2014076947E-01
HessDelSqRho_EigVec2 =  3.0156224920E-02  7.4435359791E-01 -6.6710443213E-01
HessDelSqRho_EigVec3 =  3.2106141424E-01  6.2482785632E-01  7.1169496152E-01
</CP of DelSqRho>
<CP of DelSqRho>
CP# = 31      
Type = (3,+1)
Coords =  2.54747864279188E+00  2.98005989827594E+00 -3.19420962270996E+00
DistFromNuc =  1.9958541349E+00
Rho =  7.4954603225E-02
DelSqRho =  1.8256281263E-01
GradDelSqRho = -6.9388939039E-16  1.0061396161E-16  1.0616507673E-15
HessDelSqRho_EigVals = -1.6691274768E+00  3.1813525944E-02  5.9685349842E-01
HessDelSqRho_EigVec1 = -5.1110374518E-01  1.6702295585E-01  8.4313480173E-01
HessDelSqRho_EigVec2 =  6.6913043645E-01  6.9300643182E-01  2.6834035192E-01
HessDelSqRho_EigVec3 = -5.3947884174E-01  7.0131691671E-01 -4.6595832608E-01
</CP of DelSqRho>
<CP of DelSqRho>
CP# = 32      
Type = (3,+1)
Coords =  1.56137829721985E+00  4.17274097779282E+00 -2.42428270821639E+00
DistFromNuc =  1.9954651219E+00
Rho =  7.4918800888E-02
DelSqRho =  1.8247354519E-01
GradDelSqRho = -7.0343036951E-16  1.2091022628E-15 -3.3306690739E-16
HessDelSqRho_EigVals = -1.6630490106E+00  3.2070593401E-02  5.9717080604E-01
HessDelSqRho_EigVec1 = -3.8214020866E-01  9.1219742940E-01 -1.4786720636E-01
HessDelSqRho_EigVec2 =  9.1485542361E-01  3.9602297937E-01  7.8774067470E-02
HessDelSqRho_EigVec3 = -1.3041631346E-01  1.0517437713E-01  9.8586506966E-01
</CP of DelSqRho>
<CP of DelSqRho>
CP# = 33      
Type = (3,+1)
Coords =  3.12800860545862E+00  3.98660988535224E+00 -2.21187515309518E-01
DistFromNuc =  1.9948400676E+00
Rho =  7.4958838575E-02
DelSqRho =  1.8258515697E-01
GradDelSqRho =  8.8470897275E-17  3.1658703437E-16  3.7253186647E-16
HessDelSqRho_EigVals = -1.6578307974E+00  3.2231306392E-02  5.9670190063E-01
HessDelSqRho_EigVec1 =  8.1614526665E-02  8.4886372770E-01  5.2227333920E-01
HessDelSqRho_EigVec2 = -2.2794260479E-01 -4.9423496794E-01  8.3891237051E-01
HessDelSqRho_EigVec3 =  9.7024802909E-01 -1.8751578138E-01  1.5315545623E-01
</CP of DelSqRho>
<Path of -GradDelSqRho>
Starting CP# =      3
Ending CP# =     16
Number of Points =     32
  2.2254359656E+00  2.5503773670E+00 -1.3671947111E+00  2.2575289669E+01  1.2301263627E+03
  2.2424509173E+00  2.5377409133E+00 -1.3804540947E+00  1.5661982546E+01  1.1481797015E+03
  2.2594542335E+00  2.5250820056E+00 -1.3937069920E+00  1.0975721295E+01  9.7849767913E+02
  2.2764546640E+00  2.5124175305E+00 -1.4069582723E+00  7.8087287946E+00  7.7052604257E+02
  2.2934483220E+00  2.4997400150E+00 -1.4202057682E+00  5.6765825449E+00  5.6996666188E+02
  2.3104284663E+00  2.4870365362E+00 -1.4334457154E+00  4.2420070624E+00  4.0572818899E+02
  2.3273877218E+00  2.4742930560E+00 -1.4466739850E+00  3.2741337132E+00  2.8303988782E+02
  2.3443186129E+00  2.4614955080E+00 -1.4598863758E+00  2.6179324712E+00  1.9479750747E+02
  2.3612140909E+00  2.4486308511E+00 -1.4730789046E+00  2.1699505648E+00  1.3182292735E+02
  2.3780671351E+00  2.4356863522E+00 -1.4862475791E+00  1.8608274358E+00  8.6925943711E+01
  2.3948689825E+00  2.4226463402E+00 -1.4993873939E+00  1.6437565038E+00  5.5207506265E+01
  2.4116064918E+00  2.4094875454E+00 -1.5124908218E+00  1.4871406322E+00  3.3273557734E+01
  2.4282587964E+00  2.3961735381E+00 -1.5255458671E+00  1.3698328260E+00  1.8573444838E+01
  2.4447922230E+00  2.3826468540E+00 -1.5385330599E+00  1.2779044881E+00  9.0841000598E+00
  2.4611508966E+00  2.3688154056E+00 -1.5514198195E+00  1.2023655554E+00  3.2068050554E+00
  2.4772368737E+00  2.3545260322E+00 -1.5641483486E+00  1.1375463193E+00 -2.7116087559E-01
  2.4928614202E+00  2.3395066283E+00 -1.5766053735E+00  1.0799914464E+00 -2.2209717486E+00
  2.5075956500E+00  2.3232170233E+00 -1.5885270696E+00  1.0278318664E+00 -3.2351642334E+00
  2.5201192603E+00  2.3043921118E+00 -1.5990686725E+00  9.8111707656E-01 -3.6997896691E+00
  2.5245847641E+00  2.2809031649E+00 -1.6042040083E+00  9.4832132197E-01 -3.8766695591E+00
  2.5151340324E+00  2.2585730044E+00 -1.5992471960E+00  9.4425981416E-01 -3.9734469983E+00
  2.5015763344E+00  2.2392260566E+00 -1.5910953105E+00  9.4944483768E-01 -4.0602098566E+00
  2.4871856632E+00  2.2207883599E+00 -1.5822698542E+00  9.5509678992E-01 -4.1398940002E+00
  2.4723218128E+00  2.2029244572E+00 -1.5730560226E+00  9.6011879201E-01 -4.2120618968E+00
  2.4570300450E+00  2.1856171973E+00 -1.5634868315E+00  9.6438622324E-01 -4.2762899508E+00
  2.4413267026E+00  2.1688827123E+00 -1.5535716630E+00  9.6787609337E-01 -4.3322375923E+00
  2.4252263620E+00  2.1527397663E+00 -1.5433182546E+00  9.7057952579E-01 -4.3796548202E+00
  2.4087438841E+00  2.1372073495E+00 -1.5327343300E+00  9.7249514546E-01 -4.4183857680E+00
  2.3918946146E+00  2.1223045185E+00 -1.5218276974E+00  9.7362861524E-01 -4.4483701592E+00
  2.3746944927E+00  2.1080503612E+00 -1.5106062448E+00  9.7399241792E-01 -4.4696427646E+00
  2.3571601825E+00  2.0944639667E+00 -1.4990778767E+00  9.7360557433E-01 -4.4823309407E+00
  2.3388009027E+00  2.0812102959E+00 -1.4869119645E+00  9.7245164337E-01 -4.4866535973E+00
</Path of -GradDelSqRho>
<Path of -GradDelSqRho>
Starting CP# =      3
Ending CP# =      1
Number of Points =      7
  2.2254359656E+00  2.5503773670E+00 -1.3671947111E+00  2.2575289669E+01  1.2301263627E+03
  2.2083952334E+00  2.5629639211E+00 -1.3539209866E+00  3.2808376561E+01  9.7794167587E+02
  2.1913327378E+00  2.5755081776E+00 -1.3406351755E+00  4.8060181190E+01 -8.0475772462E+02
  2.1742606784E+00  2.5880337909E+00 -1.3273440586E+00  7.0719503357E+01 -6.4075497641E+03
  2.1571816548E+00  2.6005458045E+00 -1.3140490816E+00  1.0435894374E+02 -2.0698726168E+04
  2.1400911160E+00  2.6130352979E+00 -1.3007477279E+00  1.5483158676E+02 -7.5535364888E+04
  2.1104342389E+00  2.6346584428E+00 -1.2776703013E+00  2.9722265399E+02 -3.3285794709E+06
</Path of -GradDelSqRho>
<Path of -GradDelSqRho>
Starting CP# =      4
Ending CP# =     14
Number of Points =     31
  2.0455904204E+00  2.7785467875E+00 -1.2192358464E+00  2.2588351991E+01  1.2314875128E+03
  2.0358558284E+00  2.7998474828E+00 -1.2104883959E+00  1.5670180609E+01  1.1493416077E+03
  2.0261021620E+00  2.8211343036E+00 -1.2017284161E+00  1.0981051942E+01  9.7943485259E+02
  2.0163437627E+00  2.8424176732E+00 -1.1929653222E+00  7.8124288116E+00  7.7125843778E+02
  2.0065743641E+00  2.8636930170E+00 -1.1841950000E+00  5.6794389827E+00  5.7048801420E+02
  1.9967830634E+00  2.8849523494E+00 -1.1754102921E+00  4.2445081906E+00  4.0605766582E+02
  1.9869580111E+00  2.9061869235E+00 -1.1666034227E+00  3.2765631647E+00  2.8321783441E+02
  1.9770873318E+00  2.9273878650E+00 -1.1577666056E+00  2.6204385594E+00  1.9486591468E+02
  1.9671600127E+00  2.9485467930E+00 -1.1488926284E+00  2.1725960324E+00  1.3181596721E+02
  1.9571652967E+00  2.9696553451E+00 -1.1399744565E+00  1.8636229766E+00  8.6869247205E+01
  1.9470899404E+00  2.9907030694E+00 -1.1310034376E+00  1.6466827135E+00  5.5120177726E+01
  1.9369142700E+00  3.0116742757E+00 -1.1219667298E+00  1.4901624801E+00  3.3169900112E+01
  1.9266074630E+00  3.0325440158E+00 -1.1128442415E+00  1.3729093292E+00  1.8463914549E+01
  1.9161208413E+00  3.0532719390E+00 -1.1036043145E+00  1.2809951547E+00  8.9758862865E+00
  1.9053762407E+00  3.0737908552E+00 -1.0941962992E+00  1.2054346554E+00  3.1043784324E+00
  1.8942432224E+00  3.0939823482E+00 -1.0845361685E+00  1.1405661134E+00 -3.6544112036E-01
  1.8824887344E+00  3.1136162798E+00 -1.0744752815E+00  1.0829466547E+00 -2.3062607514E+00
  1.8696455914E+00  3.1321622439E+00 -1.0637212745E+00  1.0307343898E+00 -3.3116651094E+00
  1.8546019159E+00  3.1479464131E+00 -1.0516119758E+00  9.8409881442E-01 -3.7686863466E+00
  1.8355031485E+00  3.1534561921E+00 -1.0374295591E+00  9.5226277115E-01 -3.9418133583E+00
  1.8171980855E+00  3.1420823927E+00 -1.0252005444E+00  9.4911083287E-01 -4.0392896274E+00
  1.8011012544E+00  3.1259458104E+00 -1.0149476797E+00  9.5449234853E-01 -4.1268776425E+00
  1.7856918657E+00  3.1088050432E+00 -1.0052690354E+00  9.6021534753E-01 -4.2070218980E+00
  1.7707325990E+00  3.0910707317E+00 -9.9595976026E-01  9.6527512616E-01 -4.2792655511E+00
  1.7562143879E+00  3.0727938028E+00 -9.8700854029E-01  9.6955795907E-01 -4.3431798956E+00
  1.7421515484E+00  3.0539926902E+00 -9.7842347794E-01  9.7304198971E-01 -4.3984249333E+00
  1.7285602305E+00  3.0346838833E+00 -9.7021408309E-01  9.7571868961E-01 -4.4447566614E+00
  1.7154567951E+00  3.0148841398E+00 -9.6238990966E-01  9.7758714804E-01 -4.4820305237E+00
  1.7028577167E+00  2.9946106758E+00 -9.5496045455E-01  9.7865366584E-01 -4.5102026569E+00
  1.6907795695E+00  2.9738812450E+00 -9.4793512320E-01  9.7893153265E-01 -4.5293290356E+00
  1.6716455204E+00  2.9379578761E+00 -9.3703338639E-01  9.7767339355E-01 -4.5415635152E+00
</Path of -GradDelSqRho>
<Path of -GradDelSqRho>
Starting CP# =      4
Ending CP# =      1
Number of Points =      7
  2.0455904204E+00  2.7785467875E+00 -1.2192358464E+00  2.2588351991E+01  1.2314875128E+03
  2.0552828599E+00  2.7572155438E+00 -1.2279556117E+00  3.2829627330E+01  9.7837925396E+02
  2.0649396627E+00  2.7358585895E+00 -1.2366519652E+00  4.8094793294E+01 -8.0962077085E+02
  2.0745807708E+00  2.7144903484E+00 -1.2453380056E+00  7.0774707814E+01 -6.4229028012E+03
  2.0842103785E+00  2.6931138537E+00 -1.2540164887E+00  1.0444717897E+02 -2.0756003700E+04
  2.0938209845E+00  2.6717237455E+00 -1.2626824854E+00  1.5496899470E+02 -7.5728208548E+04
  2.1104342389E+00  2.6346584428E+00 -1.2776703013E+00  2.9722265399E+02 -3.3285794709E+06
</Path of -GradDelSqRho>
<Path of -GradDelSqRho>
Starting CP# =     11
Ending CP# =     14
Number of Points =     35
  1.7071520516E+00  2.1559963792E+00 -1.0257105512E+00  8.2774106545E-01 -3.1908963621E+00
  1.7017911131E+00  2.1637858513E+00 -1.0212197014E+00  8.2862514406E-01 -3.1912555246E+00
  1.6904866533E+00  2.1785597547E+00 -1.0118827023E+00  8.2821298476E-01 -3.1943975873E+00
  1.6779149812E+00  2.1974000247E+00 -1.0013043250E+00  8.2911682513E-01 -3.2022295747E+00
  1.6660341254E+00  2.2169196550E+00 -9.9116848512E-01  8.3048886657E-01 -3.2145160886E+00
  1.6548638786E+00  2.2370816505E+00 -9.8149244037E-01  8.3232289211E-01 -3.2312221801E+00
  1.6444227597E+00  2.2578482758E+00 -9.7229259802E-01  8.3461198066E-01 -3.2522942222E+00
  1.6347274104E+00  2.2791806419E+00 -9.6358411208E-01  8.3734712756E-01 -3.2776587325E+00
  1.6257925443E+00  2.3010388763E+00 -9.5538083200E-01  8.4051715435E-01 -3.3072209832E+00
  1.6176309068E+00  2.3233822975E+00 -9.4769525912E-01  8.4410860548E-01 -3.3408634252E+00
  1.6102532470E+00  2.3461695923E+00 -9.4053851107E-01  8.4810563424E-01 -3.3784439613E+00
  1.6036683006E+00  2.3693589947E+00 -9.3392029447E-01  8.5248988135E-01 -3.4197941072E+00
  1.5978827858E+00  2.3929084658E+00 -9.2784888636E-01  8.5724034974E-01 -3.4647170856E+00
  1.5929014111E+00  2.4167758735E+00 -9.2233112470E-01  8.6233328055E-01 -3.5129859057E+00
  1.5887268967E+00  2.4409191698E+00 -9.1737240881E-01  8.6774203580E-01 -3.5643414857E+00
  1.5853600098E+00  2.4652965658E+00 -9.1297671018E-01  8.7343699427E-01 -3.6184908874E+00
  1.5827996151E+00  2.4898667010E+00 -9.0914659469E-01  8.7938546790E-01 -3.6751057372E+00
  1.5810427407E+00  2.5145888057E+00 -9.0588325664E-01  8.8555164677E-01 -3.7338209224E+00
  1.5800846599E+00  2.5394228534E+00 -9.0318656525E-01  8.9189658107E-01 -3.7942336552E+00
  1.5799189885E+00  2.5643297019E+00 -9.0105512373E-01  8.9837820878E-01 -3.8559030112E+00
  1.5805377985E+00  2.5892712180E+00 -8.9948634065E-01  9.0495143722E-01 -3.9183500498E+00
  1.5819317439E+00  2.6142103854E+00 -8.9847651280E-01  9.1156828603E-01 -3.9810586313E+00
  1.5840901984E+00  2.6391113913E+00 -8.9802091798E-01  9.1817809747E-01 -4.0434770402E+00
  1.5870014020E+00  2.6639396919E+00 -8.9811391573E-01  9.2472781827E-01 -4.1050205156E+00
  1.5906526101E+00  2.6886620545E+00 -8.9874905314E-01  9.3116235447E-01 -4.1650747774E+00
  1.5950302442E+00  2.7132465762E+00 -8.9991917287E-01  9.3742499818E-01 -4.2230006097E+00
  1.6001200362E+00  2.7376626813E+00 -9.0161651992E-01  9.4345792210E-01 -4.2781395353E+00
  1.6059071641E+00  2.7618810988E+00 -9.0383284412E-01  9.4920273476E-01 -4.3298205757E+00
  1.6123763746E+00  2.7858738238E+00 -9.0655949563E-01  9.5460108709E-01 -4.3773680509E+00
  1.6195120879E+00  2.8096140654E+00 -9.0978751152E-01  9.5959531863E-01 -4.4201103241E+00
  1.6272984846E+00  2.8330761873E+00 -9.1350769313E-01  9.6412913066E-01 -4.4573893536E+00
  1.6357195699E+00  2.8562356431E+00 -9.1771067555E-01  9.6814827260E-01 -4.4885708651E+00
  1.6447592132E+00  2.8790689120E+00 -9.2238699554E-01  9.7160122814E-01 -4.5130549184E+00
  1.6544011523E+00  2.9015534385E+00 -9.2752717625E-01  9.7443988819E-01 -4.5302866102E+00
  1.6716455204E+00  2.9379578761E+00 -9.3703338639E-01  9.7767339355E-01 -4.5415635152E+00
</Path of -GradDelSqRho>
<Path of -GradDelSqRho>
Starting CP# =     11
Ending CP# =     16
Number of Points =     35
  1.7071520516E+00  2.1559963792E+00 -1.0257105512E+00  8.2774106545E-01 -3.1908963621E+00
  1.7132625609E+00  2.1491014750E+00 -1.0306694267E+00  8.2855603881E-01 -3.1912547894E+00
  1.7248008323E+00  2.1346322574E+00 -1.0401495771E+00  8.2800513864E-01 -3.1943835651E+00
  1.7396026781E+00  2.1184302636E+00 -1.0521206007E+00  8.2874165941E-01 -3.2021719138E+00
  1.7549836092E+00  2.1030512732E+00 -1.0644421058E+00  8.2994493425E-01 -3.2143597641E+00
  1.7709143697E+00  2.0885211755E+00 -1.0770909535E+00  8.3160799960E-01 -3.2308889188E+00
  1.7873650738E+00  2.0748643851E+00 -1.0900436781E+00  8.3372335941E-01 -3.2516837882E+00
  1.8043048053E+00  2.0621030573E+00 -1.1032762601E+00  8.3628151466E-01 -3.2766505746E+00
  1.8217017540E+00  2.0502570155E+00 -1.1167642306E+00  8.3927089094E-01 -3.3056762184E+00
  1.8395233577E+00  2.0393436941E+00 -1.1304827764E+00  8.4267775217E-01 -3.3386271288E+00
  1.8577364461E+00  2.0293780941E+00 -1.1444068468E+00  8.4648610257E-01 -3.3753477338E+00
  1.8763073875E+00  2.0203727563E+00 -1.1585112606E+00  8.5067757969E-01 -3.4156588845E+00
  1.8952022370E+00  2.0123377474E+00 -1.1727708127E+00  8.5523134214E-01 -3.4593561603E+00
  1.9143868832E+00  2.0052806645E+00 -1.1871603787E+00  8.6012395619E-01 -3.5062081254E+00
  1.9338271955E+00  1.9992066538E+00 -1.2016550181E+00  8.6532928655E-01 -3.5559545957E+00
  1.9534891675E+00  1.9941184485E+00 -1.2162300745E+00  8.7081839725E-01 -3.6083049829E+00
  1.9733390576E+00  1.9900164235E+00 -1.2308612707E+00  8.7655946945E-01 -3.6629367908E+00
  1.9933435233E+00  1.9868986691E+00 -1.2455247995E+00  8.8251774391E-01 -3.7194943478E+00
  2.0134697488E+00  1.9847610840E+00 -1.2601974076E+00  8.8865549598E-01 -3.7775878679E+00
  2.0336855632E+00  1.9835974870E+00 -1.2748564707E+00  8.9493205157E-01 -3.8367929383E+00
  2.0539595467E+00  1.9833997472E+00 -1.2894800599E+00  9.0130385228E-01 -3.8966505398E+00
  2.0742611239E+00  1.9841579311E+00 -1.3040469966E+00  9.0772457705E-01 -3.9566677054E+00
  2.0945606414E+00  1.9858604641E+00 -1.3185368955E+00  9.1414532675E-01 -4.0163189225E+00
  2.1148294279E+00  1.9884943033E+00 -1.3329301945E+00  9.2051487630E-01 -4.0750483759E+00
  2.1350398369E+00  1.9920451166E+00 -1.3472081712E+00  9.2677999670E-01 -4.1322731149E+00
  2.1551652710E+00  1.9964974640E+00 -1.3613529466E+00  9.3288584666E-01 -4.1873872073E+00
  2.1751801875E+00  2.0018349756E+00 -1.3753474758E+00  9.3877643100E-01 -4.2397669159E+00
  2.1950600883E+00  2.0080405207E+00 -1.3891755290E+00  9.4439511988E-01 -4.2887768979E+00
  2.2147814953E+00  2.0150963639E+00 -1.4028216629E+00  9.4968522056E-01 -4.3337773905E+00
  2.2343219132E+00  2.0229843038E+00 -1.4162711861E+00  9.5459059118E-01 -4.3741323021E+00
  2.2536597832E+00  2.0316857923E+00 -1.4295101219E+00  9.5905628468E-01 -4.4092180830E+00
  2.2727744300E+00  2.0411820331E+00 -1.4425251706E+00  9.6302920970E-01 -4.4384332117E+00
  2.2916460016E+00  2.0514540594E+00 -1.4553036778E+00  9.6645879565E-01 -4.4612080862E+00
  2.3102553996E+00  2.0624827948E+00 -1.4678336176E+00  9.6929764883E-01 -4.4770150824E+00
  2.3388009027E+00  2.0812102959E+00 -1.4869119645E+00  9.7245164337E-01 -4.4866535973E+00
</Path of -GradDelSqRho>
<Path of -GradDelSqRho>
Starting CP# =     12
Ending CP# =     18
Number of Points =     17
  2.3765333099E+00  3.0986183347E+00 -8.3193172490E-01  7.7558152625E-01 -2.5633731153E+00
  2.3984644417E+00  3.0923289461E+00 -8.3496239034E-01  7.7124892539E-01 -2.5665757658E+00
  2.4220083036E+00  3.0848515241E+00 -8.3879689719E-01  7.6696455366E-01 -2.5769136849E+00
  2.4452312309E+00  3.0767095479E+00 -8.4319371225E-01  7.6310098413E-01 -2.5936761441E+00
  2.4680993194E+00  3.0679109471E+00 -8.4814975524E-01  7.5963628643E-01 -2.6160131627E+00
  2.4905777034E+00  3.0584629291E+00 -8.5366184646E-01  7.5654600655E-01 -2.6429747578E+00
  2.5126301355E+00  3.0483717919E+00 -8.5972677964E-01  7.5380407217E-01 -2.6735288774E+00
  2.5342184982E+00  3.0376427500E+00 -8.6634132756E-01  7.5138380060E-01 -2.7065821384E+00
  2.5553022480E+00  3.0262797748E+00 -8.7350215280E-01  7.4925901147E-01 -2.7410030163E+00
  2.5758378063E+00  3.0142854571E+00 -8.8120557647E-01  7.4740523031E-01 -2.7756470844E+00
  2.5957779286E+00  3.0016608977E+00 -8.8944712869E-01  7.4580094148E-01 -2.8093838596E+00
  2.6150711210E+00  2.9884056346E+00 -8.9822075993E-01  7.4442880607E-01 -2.8411247659E+00
  2.6336612316E+00  2.9745175967E+00 -9.0751752655E-01  7.4327669745E-01 -2.8698516491E+00
  2.6514874103E+00  2.9599930103E+00 -9.1732346242E-01  7.4233832837E-01 -2.8946451342E+00
  2.6684846877E+00  2.9448260173E+00 -9.2761617022E-01  7.4161316876E-01 -2.9147119165E+00
  2.6845853469E+00  2.9290072922E+00 -9.3835924121E-01  7.4110534382E-01 -2.9294098356E+00
  2.7130273294E+00  2.8963425505E+00 -9.6023092172E-01  7.4076399628E-01 -2.9410206308E+00
</Path of -GradDelSqRho>
<Path of -GradDelSqRho>
Starting CP# =     12
Ending CP# =     14
Number of Points =     32
  2.3765333099E+00  3.0986183347E+00 -8.3193172490E-01  7.7558152625E-01 -2.5633731153E+00
  2.3543369527E+00  3.1043448158E+00 -8.2937608533E-01  7.8030492650E-01 -2.5667342689E+00
  2.3300623777E+00  3.1098887152E+00 -8.2715358707E-01  7.8586895629E-01 -2.5782492348E+00
  2.3055937018E+00  3.1147348066E+00 -8.2550174062E-01  7.9190066067E-01 -2.5982969267E+00
  2.2809640070E+00  3.1188747473E+00 -8.2442086505E-01  7.9839959895E-01 -2.6270910364E+00
  2.2562065763E+00  3.1223008169E+00 -8.2391005684E-01  8.0535899471E-01 -2.6647030641E+00
  2.2313548716E+00  3.1250061542E+00 -8.2396694874E-01  8.1276526360E-01 -2.7110644636E+00
  2.2064424504E+00  3.1269849699E+00 -8.2458747572E-01  8.2059759779E-01 -2.7659705450E+00
  2.1815028267E+00  3.1282327209E+00 -8.2576565847E-01  8.2882762105E-01 -2.8290856913E+00
  2.1565692851E+00  3.1287462319E+00 -8.2749341334E-01  8.3741913376E-01 -2.8999494958E+00
  2.1316746610E+00  3.1285237462E+00 -8.2976039622E-01  8.4632797263E-01 -2.9779835253E+00
  2.1068511050E+00  3.1275648942E+00 -8.3255388453E-01  8.5550201342E-01 -3.0624985341E+00
  2.0821298507E+00  3.1258705643E+00 -8.3585869730E-01  8.6488134687E-01 -3.1527020890E+00
  2.0575410067E+00  3.1234426697E+00 -8.3965714745E-01  8.7439865664E-01 -3.2477067001E+00
  2.0331133962E+00  3.1202838038E+00 -8.4392901276E-01  8.8397982255E-01 -3.3465386621E+00
  2.0088744630E+00  3.1163967841E+00 -8.4865150334E-01  8.9354476340E-01 -3.4481478894E+00
  1.9848502611E+00  3.1117840862E+00 -8.5379919257E-01  9.0300851933E-01 -3.5514190596E+00
  1.9610655406E+00  3.1064471673E+00 -8.5934386653E-01  9.1228255774E-01 -3.6551843618E+00
