 AIMInt (Version 19.02.13, Professional)
 Portions Copyright (c) 1997-2019 by Todd A. Keith
 AIMInt is a component of the AIMAll package ( http://aim.tkgristmill.com )

 TP:  64-bit Linux

 Licensed To:  Research Group of Fernando Cortes Guzman, UNAM, fercor@unam.mx

 AIMInt is a heavily modified and extended version of the PROAIMV program
 developed by members of R.F.W. Bader's research group

 Much of the Quantum Theory of Atoms in Molecules (QTAIM) is described in the book:
   "Atoms in Molecules - A Quantum Theory"
   R.F.W. Bader, Oxford University Press, Oxford, 1990

 For additional references see:  http://aim.tkgristmill.com/references.html

 Current Directory:  /home/scratch/M_H2O_4_tetraedrico/Opt

 Inp File:  Zn2_tetraedrico_cc-pvtz-def2-tzv_1_atomicfiles/o8.inp
 Wfx File:  Zn2_tetraedrico_cc-pvtz-def2-tzv_1.wfx
 Out File:  Zn2_tetraedrico_cc-pvtz-def2-tzv_1_atomicfiles/o8.int

 Wfx Title:   Zn2_tetraedrico_cc-pvtz-def2-tzv_1                                            
 Job Title:   Zn2_tetraedrico_cc-pvtz-def2-tzv_1                                            
 
<Atom>
O8      
</Atom>
<Nuclei of Molecule>
    13
Zn1       30.0           3.3645234698E-06   2.2391904710E-05  -2.3847803875E-05
O2         8.0          -2.0999238880E+00  -1.2534308674E+00  -2.6545980192E+00
H3         1.0          -1.9061172060E+00  -2.8736636382E+00  -3.5251291239E+00
O4         8.0          -2.0675866590E+00   1.2973768342E+00   2.6588380555E+00
H5         1.0          -1.8351994193E+00   2.9108183435E+00   3.5325303130E+00
O6         8.0           2.1104340455E+00   2.6346582265E+00  -1.2776701807E+00
H7         1.0           3.6393389834E+00   3.3168963226E+00  -4.9223886722E-01
O8         8.0           2.0570891659E+00  -2.6785150225E+00   1.2733335437E+00
H9         1.0           1.8350657867E+00  -3.5508356306E+00   2.8889623466E+00
H10        1.0           1.9056617572E+00   3.5080758032E+00  -2.8949686888E+00
H11        1.0           3.5721228427E+00  -3.3894037423E+00   4.8641257807E-01
H12        1.0          -3.5974505805E+00   5.2773149673E-01   3.3567925856E+00
H13        1.0          -3.6136244153E+00  -4.5100407839E-01  -3.3508729041E+00
</Nuclei of Molecule>
<Total Number of CPs of DelSqRho>
    33
</Total Number of CPs of DelSqRho>
<Number of (3,+3) CPs of DelSqRho>
     5
</Number of (3,+3) CPs of DelSqRho>
<Number of (3,+1) CPs of DelSqRho>
    14
</Number of (3,+1) CPs of DelSqRho>
<Number of (3,-1) CPs of DelSqRho>
     9
</Number of (3,-1) CPs of DelSqRho>
<Number of (3,-3) CPs of DelSqRho>
     5
</Number of (3,-3) CPs of DelSqRho>
<Number of Degenerate CPs of DelSqRho>
     0
</Number of Degenerate CPs of DelSqRho>
<CP of DelSqRho>
CP# = 1       
Type = (3,+3)
Coords =  2.05708935501127E+00 -2.67851524290193E+00  1.27333366385338E+00
DistFromNuc =  3.1425509864E-07
Rho =  2.9722267578E+02
DelSqRho = -3.3285795769E+06
GradDelSqRho =  4.5234446588E-06 -2.7077338018E-05  6.5373242251E-06
HessDelSqRho_EigVals =  1.3237055288E+11  1.3237057304E+11  1.3237058073E+11
HessDelSqRho_EigVec1 =  5.6788468837E-01  6.8482667045E-01  4.5663925824E-01
HessDelSqRho_EigVec2 =  5.7849916316E-01 -7.2671712643E-01  3.7043344392E-01
HessDelSqRho_EigVec3 = -5.8553027159E-01 -5.3801947896E-02  8.0886318464E-01
</CP of DelSqRho>
<CP of DelSqRho>
CP# = 2       
Type = (3,-1)
Coords =  1.15476662999735E+00 -1.50883529571043E+00  7.14332897545441E-01
DistFromNuc =  1.5794993968E+00
Rho =  1.2159552980E-01
DelSqRho =  3.2519817623E-01
GradDelSqRho = -1.0132866768E-13  1.2329026688E-13 -4.7278153614E-14
HessDelSqRho_EigVals = -4.1573092746E-01 -3.7071694506E-01  4.1296020565E+00
HessDelSqRho_EigVec1 =  5.7560619373E-01  6.6689664818E-01  4.7320859077E-01
HessDelSqRho_EigVec2 =  5.8716860740E-01  6.5684191667E-02 -8.0679527357E-01
HessDelSqRho_EigVec3 = -5.6913138749E-01  7.4224958579E-01 -3.5377254864E-01
</CP of DelSqRho>
<CP of DelSqRho>
CP# = 3       
Type = (3,+1)
Coords =  2.17374559534871E+00 -2.59670790036620E+00  1.36301166703942E+00
DistFromNuc =  1.6835466597E-01
Rho =  2.2575314711E+01
DelSqRho =  1.2301320476E+03
GradDelSqRho =  4.0287773118E-12  2.7924329515E-12 -1.2203571487E-11
HessDelSqRho_EigVals = -4.1158908306E+05  2.7268852564E+03  3.7427794400E+03
HessDelSqRho_EigVec1 =  6.9097545126E-01  4.8989638391E-01  5.3155851869E-01
HessDelSqRho_EigVec2 =  4.2530177870E-01 -8.7010793353E-01  2.4905939260E-01
HessDelSqRho_EigVec3 = -5.8452658006E-01 -5.3978857293E-02  8.0957702547E-01
</CP of DelSqRho>
<CP of DelSqRho>
CP# = 4       
Type = (3,+1)
Coords =  1.98941012291884E+00 -2.82097886955277E+00  1.21462357621348E+00
DistFromNuc =  1.6829515996E-01
Rho =  2.2588294129E+01
DelSqRho =  1.2314844527E+03
GradDelSqRho =  2.6204816095E-11  1.4338752408E-11 -6.7785776992E-12
HessDelSqRho_EigVals = -4.1297411511E+05  2.6740693425E+03  3.6963893289E+03
HessDelSqRho_EigVec1 =  4.0541286888E-01  8.4405118511E-01  3.5102421947E-01
HessDelSqRho_EigVec2 =  7.0200785594E-01 -5.3342170503E-01  4.7185406091E-01
HessDelSqRho_EigVec3 = -5.8551291697E-01 -5.5126051165E-02  8.0878658653E-01
</CP of DelSqRho>
<CP of DelSqRho>
CP# = 5       
Type = (3,-1)
Coords =  2.15403951356492E+00 -2.80223770730001E+00  1.33474609289016E+00
DistFromNuc =  1.6875477426E-01
Rho =  2.2337024824E+01
DelSqRho =  1.2537471445E+03
GradDelSqRho = -2.4797941478E-12  8.5265128291E-13 -2.9203306440E-12
HessDelSqRho_EigVals = -4.0769223525E+05 -2.1422875753E+03  1.4488033579E+03
HessDelSqRho_EigVec1 = -5.7437296685E-01  7.3329823255E-01 -3.6382605336E-01
HessDelSqRho_EigVec2 =  5.7354298501E-01  6.7762043280E-01  4.6030315379E-01
HessDelSqRho_EigVec3 =  5.8407545685E-01  5.5715807427E-02 -8.0978491558E-01
</CP of DelSqRho>
<CP of DelSqRho>
CP# = 6       
Type = (3,-3)
Coords =  2.04132108298819E+00 -2.57869790495777E+00  1.14027187515778E+00
DistFromNuc =  1.6708529870E-01
Rho =  2.2683502383E+01
DelSqRho =  1.2955771632E+03
GradDelSqRho =  1.0714984455E-11 -1.7337242753E-11  6.8155259214E-11
HessDelSqRho_EigVals = -4.4831026919E+05 -3.9139947360E+03 -4.4252980316E+02
HessDelSqRho_EigVec1 =  9.6895238864E-02 -5.9853018363E-01  7.9521879503E-01
HessDelSqRho_EigVec2 =  5.6521233911E-01  6.9073566962E-01  4.5102022841E-01
HessDelSqRho_EigVec3 =  8.1923520701E-01 -4.0576576248E-01 -4.0522564282E-01
</CP of DelSqRho>
<CP of DelSqRho>
CP# = 7       
Type = (3,-3)
Coords =  1.91957030065109E+00 -2.59107889060965E+00  1.31023115836653E+00
DistFromNuc =  1.6708665246E-01
Rho =  2.2682345604E+01
DelSqRho =  1.2957204710E+03
GradDelSqRho =  2.2453150450E-11  3.9790393203E-12 -6.5938365879E-12
HessDelSqRho_EigVals = -4.4829901218E+05 -3.9259784704E+03 -4.7056080506E+02
HessDelSqRho_EigVec1 =  8.2284795374E-01 -5.2470770151E-01 -2.1818128473E-01
HessDelSqRho_EigVec2 =  5.6125815254E-01  6.9032473793E-01  4.5655343871E-01
HessDelSqRho_EigVec3 = -8.8941167238E-02 -4.9813008761E-01  8.6252877320E-01
</CP of DelSqRho>
<CP of DelSqRho>
CP# = 8       
Type = (3,-1)
Coords =  2.47991570158190E+00 -3.20673933432845E+00  1.54267637286815E+00
DistFromNuc =  7.2825048058E-01
Rho =  6.5927587895E-01
DelSqRho = -9.0846205390E-01
GradDelSqRho = -8.8817841970E-16  1.8873791419E-14 -8.8817841970E-16
HessDelSqRho_EigVals = -1.9115628198E+01 -7.1850723556E+00  1.3010776028E+02
HessDelSqRho_EigVec1 =  5.8490872806E-01  5.5210008459E-02 -8.0921791552E-01
HessDelSqRho_EigVec2 =  5.6699601348E-01  6.8558610960E-01  4.5660399366E-01
HessDelSqRho_EigVec3 = -5.7999767287E-01  7.2589499329E-01 -3.6970144464E-01
</CP of DelSqRho>
<CP of DelSqRho>
CP# = 9       
Type = (3,-1)
Coords =  1.51465958481798E+00 -2.52479769277069E+00  1.71943490505360E+00
DistFromNuc =  7.1893344092E-01
Rho =  6.6188491583E-01
DelSqRho = -9.0279893730E-01
GradDelSqRho = -8.3355544689E-13  5.4622972812E-14  4.8250292650E-13
HessDelSqRho_EigVals = -1.5387199062E+01 -1.2533509464E+01  1.3926726567E+02
HessDelSqRho_EigVec1 = -3.0935281269E-01  6.8999978667E-01 -6.5437079066E-01
HessDelSqRho_EigVec2 =  5.6800320472E-01  6.8596028638E-01  4.5478659274E-01
HessDelSqRho_EigVec3 =  7.6267502693E-01 -2.3099519454E-01 -6.0412583407E-01
</CP of DelSqRho>
<CP of DelSqRho>
CP# = 10      
Type = (3,+3)
Coords =  2.29637218341724E+00 -2.13009919270447E+00  1.48361834016424E+00
DistFromNuc =  6.3422076632E-01
Rho =  9.7246091554E-01
DelSqRho = -4.4868018844E+00
GradDelSqRho =  1.6875389974E-14  3.5527136788E-14  2.0428103653E-14
HessDelSqRho_EigVals =  1.2907729727E+01  2.4126512582E+01  3.4882277353E+02
HessDelSqRho_EigVec1 =  7.1034871430E-01 -5.1630663650E-01  4.7836404673E-01
HessDelSqRho_EigVec2 = -5.8492703926E-01 -5.5008348632E-02  8.0921841323E-01
HessDelSqRho_EigVec3 =  3.9149082087E-01  8.5463532497E-01  3.4107682197E-01
</CP of DelSqRho>
<CP of DelSqRho>
CP# = 11      
Type = (3,-1)
Coords =  2.29831109028153E+00 -2.45152854295711E+00  6.35110571028668E-01
DistFromNuc =  7.1905454702E-01
Rho =  6.6150702108E-01
DelSqRho = -9.0207921369E-01
GradDelSqRho =  3.8857805862E-15  1.9984014443E-15  6.2172489379E-15
HessDelSqRho_EigVals = -1.5318525013E+01 -1.2512086274E+01  1.3911779756E+02
HessDelSqRho_EigVec1 =  7.6200805385E-01 -6.4689955444E-01  2.9405651333E-02
HessDelSqRho_EigVec2 =  5.6516184355E-01  6.8652103143E-01  4.5747236420E-01
HessDelSqRho_EigVec3 = -3.1612626666E-01 -3.3197867382E-01  8.8873749986E-01
</CP of DelSqRho>
<CP of DelSqRho>
CP# = 12      
Type = (3,+1)
Coords =  2.31389476278174E+00 -3.14681233521715E+00  8.26684036783546E-01
DistFromNuc =  6.9623794047E-01
Rho =  7.7558546362E-01
DelSqRho = -2.5633969743E+00
GradDelSqRho = -1.7763568394E-15 -8.8817841970E-15 -1.0103029524E-14
HessDelSqRho_EigVals = -1.2377410822E+01  1.4957871983E+01  1.7906296364E+02
HessDelSqRho_EigVec1 =  9.6273725448E-01  2.4152767006E-01  1.2166085413E-01
HessDelSqRho_EigVec2 =  7.3077537299E-02 -6.6546840596E-01  7.4284014041E-01
HessDelSqRho_EigVec3 = -2.6037790301E-01  7.0626920169E-01  6.5832147342E-01
</CP of DelSqRho>
<CP of DelSqRho>
CP# = 13      
Type = (3,+1)
Coords =  1.74514176153343E+00 -3.20006009664973E+00  1.61249032131478E+00
DistFromNuc =  6.9595098049E-01
Rho =  7.7635176137E-01
DelSqRho = -2.5691544137E+00
GradDelSqRho = -1.0436096431E-14 -2.3314683517E-14  1.2434497876E-14
HessDelSqRho_EigVals = -1.2394885063E+01  1.4990251570E+01  1.7953908318E+02
HessDelSqRho_EigVec1 =  4.0328904556E-01  1.8851426387E-01  8.9544420153E-01
HessDelSqRho_EigVec2 = -7.6893246172E-01  6.0031141649E-01  2.1992969911E-01
HessDelSqRho_EigVec3 =  4.9608549167E-01  7.7723135265E-01 -3.8705375518E-01
</CP of DelSqRho>
<CP of DelSqRho>
CP# = 14      
Type = (3,+1)
Coords =  2.18124090592500E+00 -2.66909241715391E+00  1.95767421250326E+00
DistFromNuc =  6.9557500742E-01
Rho =  7.7727882960E-01
DelSqRho = -2.5725667386E+00
GradDelSqRho = -1.2878587086E-14  3.5527136788E-15 -1.6875389974E-14
HessDelSqRho_EigVals = -1.2266064923E+01  1.4973848806E+01  1.7980782788E+02
HessDelSqRho_EigVec1 =  4.5849838723E-01  8.6327418743E-01 -2.1103768910E-01
HessDelSqRho_EigVec2 =  8.5725358468E-01 -4.9223259998E-01 -1.5107401851E-01
HessDelSqRho_EigVec3 =  2.3429793097E-01  1.1164562165E-01  9.6573274497E-01
</CP of DelSqRho>
<CP of DelSqRho>
CP# = 15      
Type = (3,+3)
Coords =  1.61235353931046E+00 -2.97238835069685E+00  9.32137394577187E-01
DistFromNuc =  6.3290293317E-01
Rho =  9.7764866191E-01
DelSqRho = -4.5413184002E+00
GradDelSqRho = -2.9842794902E-13 -4.4764192353E-13 -2.4868995752E-13
HessDelSqRho_EigVals =  1.3495687409E+01  2.4361826693E+01  3.5603333884E+02
HessDelSqRho_EigVec1 = -4.1804270424E-01  8.7540478901E-01 -2.4270713382E-01
HessDelSqRho_EigVec2 = -5.8470366562E-01 -5.4815403119E-02  8.0939291755E-01
HessDelSqRho_EigVec3 =  6.9524234684E-01  4.8027255486E-01  5.3476756840E-01
</CP of DelSqRho>
<CP of DelSqRho>
CP# = 16      
Type = (3,+1)
Coords =  2.74377910048599E+00 -2.61717902024263E+00  1.17923338846542E+00
DistFromNuc =  6.9581607529E-01
Rho =  7.7658550162E-01
DelSqRho = -2.5678262020E+00
GradDelSqRho =  1.6089352073E-12  3.1397107136E-13 -8.3488771452E-14
HessDelSqRho_EigVals = -1.2227234714E+01  1.4945746556E+01  1.7943040006E+02
HessDelSqRho_EigVec1 = -1.0929976511E-01  8.1009423461E-01  5.7602160758E-01
HessDelSqRho_EigVec2 =  1.5914989385E-01 -5.5775558230E-01  8.1460421169E-01
HessDelSqRho_EigVec3 =  9.8118544253E-01  1.8070982669E-01 -6.7963857309E-02
</CP of DelSqRho>
<CP of DelSqRho>
CP# = 17      
Type = (3,+1)
Coords =  1.66335469315233E+00 -2.19149956580723E+00  1.02229158733106E+00
DistFromNuc =  6.7470953305E-01
Rho =  8.2775061932E-01
DelSqRho = -3.1909869463E+00
GradDelSqRho = -1.9984014443E-15 -1.6875389974E-14  5.1070259133E-15
HessDelSqRho_EigVals = -7.1528866143E+00  1.8016478957E+01  2.2419006053E+02
HessDelSqRho_EigVec1 =  5.6285387109E-01  6.9099175205E-01  4.5357019127E-01
HessDelSqRho_EigVec2 =  5.8456243653E-01  5.5179135703E-02 -8.0947020994E-01
HessDelSqRho_EigVec3 = -5.8436484973E-01  7.2075353734E-01 -3.7287003207E-01
</CP of DelSqRho>
<CP of DelSqRho>
CP# = 18      
Type = (3,+3)
Coords =  2.65434845080800E+00 -2.95149922580788E+00  9.55334594812789E-01
DistFromNuc =  7.2963166061E-01
Rho =  7.4076610851E-01
DelSqRho = -2.9410544074E+00
GradDelSqRho = -1.8651746814E-14  1.4654943925E-14  4.4408920985E-16
HessDelSqRho_EigVals =  9.9497553010E+00  2.2912341130E+01  1.3303385309E+02
HessDelSqRho_EigVec1 =  5.5872979731E-01  6.8993308243E-01  4.6023184958E-01
HessDelSqRho_EigVec2 =  1.3796793794E-01 -6.2452184671E-01  7.6872447020E-01
HessDelSqRho_EigVec3 =  8.1779328788E-01 -3.6601202816E-01 -4.4412760953E-01
</CP of DelSqRho>
<CP of DelSqRho>
CP# = 19      
Type = (3,+3)
Coords =  1.96206510365005E+00 -3.01621675610202E+00  1.91277683404253E+00
DistFromNuc =  7.2935571211E-01
Rho =  7.4148231684E-01
DelSqRho = -2.9487090536E+00
GradDelSqRho = -1.1846079673E-13 -4.6940229481E-13  8.5087492607E-13
HessDelSqRho_EigVals =  9.9844086979E+00  2.2978231962E+01  1.3338739426E+02
HessDelSqRho_EigVec1 =  5.6784353508E-01  6.9065072035E-01  4.4783401184E-01
HessDelSqRho_EigVec2 =  8.1132110212E-01 -5.6145991258E-01 -1.6285219011E-01
HessDelSqRho_EigVec3 = -1.3896686272E-01 -4.5581174738E-01  8.7916088517E-01
</CP of DelSqRho>
<CP of DelSqRho>
CP# = 20      
Type = (3,-3)
Coords =  1.20028284995991E+00 -2.43698649888458E+00  1.98065407626302E+00
DistFromNuc =  1.1369940310E+00
Rho =  2.4630736235E-01
DelSqRho =  8.5449315450E-01
GradDelSqRho =  2.1094237468E-15 -4.4408920985E-16 -1.6653345369E-15
HessDelSqRho_EigVals = -1.7794841936E+01 -2.0121860473E+00 -5.1586690023E-01
HessDelSqRho_EigVec1 =  7.6839146265E-01 -2.4410427372E-01 -5.9159755212E-01
HessDelSqRho_EigVec2 =  2.9495654566E-01 -6.8529082906E-01  6.6586568899E-01
HessDelSqRho_EigVec3 =  5.6795703737E-01  6.8614108109E-01  4.5457146913E-01
</CP of DelSqRho>
<CP of DelSqRho>
CP# = 21      
Type = (3,-3)
Coords =  2.44006440783386E+00 -2.32008498649837E+00  2.64546966230165E-01
DistFromNuc =  1.1370103278E+00
Rho =  2.4623923258E-01
DelSqRho =  8.5317431830E-01
GradDelSqRho =  2.2970514379E-13  1.4671597270E-13  4.7872816822E-13
HessDelSqRho_EigVals = -1.7785223168E+01 -1.9936458837E+00 -5.1220505282E-01
HessDelSqRho_EigVec1 = -3.0150237533E-01 -3.4467789183E-01  8.8898451536E-01
HessDelSqRho_EigVec2 =  7.6773631446E-01 -6.4065380195E-01  1.1985721243E-02
HessDelSqRho_EigVec3 =  5.6540009651E-01  6.8611941886E-01  4.5778037740E-01
</CP of DelSqRho>
<CP of DelSqRho>
CP# = 22      
Type = (3,+1)
Coords =  2.99562158856549E+00 -3.11875324535057E+00  7.85542216210447E-01
DistFromNuc =  1.1456845903E+00
Rho =  4.1987808256E-01
DelSqRho = -9.9673330949E-01
GradDelSqRho =  4.6629367034E-15 -2.4980018054E-15 -4.0245584643E-15
HessDelSqRho_EigVals = -3.2704924879E+01  1.5285813629E+01  1.6314494812E+01
HessDelSqRho_EigVec1 =  8.1950601806E-01 -3.8616246374E-01 -4.2342465442E-01
HessDelSqRho_EigVec2 =  5.6193310744E-01  6.8645141613E-01  4.6153616981E-01
HessDelSqRho_EigVec3 =  1.1243250922E-01 -6.1616800054E-01  7.7954853985E-01
</CP of DelSqRho>
<CP of DelSqRho>
CP# = 23      
Type = (3,+1)
Coords =  1.35854915946093E+00 -1.75020865254684E+00  8.35139381418450E-01
DistFromNuc =  1.2416621847E+00
Rho =  2.3711882401E-01
DelSqRho =  4.4578491675E-01
GradDelSqRho =  8.0491169285E-16  7.7715611724E-16  1.0130785100E-15
HessDelSqRho_EigVals = -9.9104966411E+00  2.3325015494E-01  6.5889464030E-01
HessDelSqRho_EigVec1 = -5.6297085431E-01  7.4727544369E-01 -3.5304847890E-01
HessDelSqRho_EigVec2 =  5.8429180260E-01  6.6197784577E-01  4.6945545169E-01
HessDelSqRho_EigVec3 =  5.8452280247E-01  5.8006404554E-02 -8.0930114940E-01
</CP of DelSqRho>
<CP of DelSqRho>
CP# = 24      
Type = (3,+1)
Coords =  1.91960944321651E+00 -3.21914786881443E+00  2.27434411661940E+00
DistFromNuc =  1.1459523182E+00
Rho =  4.1975016730E-01
DelSqRho = -9.9622715519E-01
GradDelSqRho =  1.5543122345E-15  5.3290705182E-15 -3.9968028887E-15
HessDelSqRho_EigVals = -3.2716091120E+01  1.5284686949E+01  1.6315075246E+01
HessDelSqRho_EigVec1 = -1.1794251620E-01 -4.7316546377E-01  8.7304295815E-01
HessDelSqRho_EigVec2 =  5.7053237446E-01  6.8729759869E-01  4.4957181910E-01
HessDelSqRho_EigVec3 =  8.1276218697E-01 -5.5112290348E-01 -1.8889460739E-01
</CP of DelSqRho>
<CP of DelSqRho>
CP# = 25      
Type = (3,-1)
Coords =  1.98629661616307E+00 -3.44740956378525E+00  3.66976453666378E-01
DistFromNuc =  1.1906693813E+00
Rho =  2.4568488567E-01
DelSqRho =  7.2161602091E-01
GradDelSqRho =  1.4810210350E-12  4.1442127507E-12 -3.6166070139E-12
HessDelSqRho_EigVals = -1.7618194527E+01 -1.0767544977E+00  2.6605779112E-01
HessDelSqRho_EigVec1 =  7.6934761421E-02  6.3806401756E-01  7.6613011427E-01
HessDelSqRho_EigVec2 =  9.9245421892E-01 -1.2259153573E-01  2.4369480008E-03
HessDelSqRho_EigVec3 =  9.5475996107E-02  7.6016157813E-01 -6.4268087672E-01
</CP of DelSqRho>
<CP of DelSqRho>
CP# = 26      
Type = (3,-1)
Coords =  3.09361472688293E+00 -2.09259419783652E+00  1.26231901282986E+00
DistFromNuc =  1.1907181745E+00
Rho =  2.4589901799E-01
DelSqRho =  7.2138984690E-01
GradDelSqRho =  3.0531133177E-15  7.2164496601E-16 -4.2327252814E-16
HessDelSqRho_EigVals = -1.7588533000E+01 -1.1258586718E+00  2.7360277009E-01
HessDelSqRho_EigVec1 =  8.6023366993E-01  5.0984862671E-01 -7.2395413306E-03
HessDelSqRho_EigVec2 = -4.5811542576E-01  7.7902609354E-01  4.2807546328E-01
HessDelSqRho_EigVec3 =  2.2389347868E-01 -3.6492838123E-01  9.0371399612E-01
</CP of DelSqRho>
<CP of DelSqRho>
CP# = 27      
Type = (3,-3)
Coords =  2.69770304283237E+00 -3.55479450989840E+00  1.67712957952974E+00
DistFromNuc =  1.1581464147E+00
Rho =  2.5334946357E-01
DelSqRho =  8.7102627108E-01
GradDelSqRho = -5.6304960694E-13  8.3411055840E-13 -3.5182967650E-13
HessDelSqRho_EigVals = -1.6850599300E+01 -4.2133294463E+00 -5.1288973188E-02
HessDelSqRho_EigVec1 = -5.5346691537E-01  7.5636912399E-01 -3.4868341209E-01
HessDelSqRho_EigVec2 = -5.8480932468E-01 -5.4838150770E-02  8.0931503815E-01
HessDelSqRho_EigVec3 =  5.9301975292E-01  6.5184240848E-01  4.7268281876E-01
</CP of DelSqRho>
<CP of DelSqRho>
CP# = 28      
Type = (3,-1)
Coords =  1.22745269974980E+00 -3.52001600193101E+00  1.41916255456445E+00
DistFromNuc =  1.1906664792E+00
Rho =  2.4573017650E-01
DelSqRho =  7.2177842324E-01
GradDelSqRho =  2.7755575616E-16 -3.2474023470E-15  1.6653345369E-16
HessDelSqRho_EigVals = -1.7622217607E+01 -1.0801091979E+00  2.6785304024E-01
HessDelSqRho_EigVec1 =  7.0745063209E-01  6.9849173292E-01 -1.0780956450E-01
HessDelSqRho_EigVec2 = -3.2347137310E-01  1.8437117609E-01 -9.2810211734E-01
HessDelSqRho_EigVec3 = -6.2839468006E-01  6.9145973742E-01  3.5637558501E-01
</CP of DelSqRho>
<CP of DelSqRho>
CP# = 29      
Type = (3,-1)
Coords =  2.33729734756952E+00 -2.16452808022134E+00  2.31033501953265E+00
DistFromNuc =  1.1908279736E+00
Rho =  2.4589558379E-01
DelSqRho =  7.2134838644E-01
GradDelSqRho =  2.3592239273E-16  1.3600232052E-15 -6.1062266354E-16
HessDelSqRho_EigVals = -1.7576761906E+01 -1.1312516619E+00  2.7603351322E-01
HessDelSqRho_EigVec1 =  2.3306894304E-01  4.5025848215E-01  8.6194325048E-01
HessDelSqRho_EigVec2 =  2.1063345300E-01  8.4193804414E-01 -4.9676340275E-01
HessDelSqRho_EigVec3 =  9.4937475017E-01 -2.9733420436E-01 -1.0139011122E-01
</CP of DelSqRho>
<CP of DelSqRho>
CP# = 30      
Type = (3,+1)
Coords =  4.02906334509489E+00 -2.86919791723464E+00  1.03671839903007E+00
DistFromNuc =  1.9952515772E+00
Rho =  7.4992663481E-02
DelSqRho =  1.8256010757E-01
GradDelSqRho =  2.0122792321E-16  2.3592239273E-16  3.8857805862E-16
HessDelSqRho_EigVals = -1.6611426474E+00  3.1921464915E-02  5.9741005234E-01
HessDelSqRho_EigVec1 =  9.5108131988E-01  2.1622216315E-01  2.2066331625E-01
HessDelSqRho_EigVec2 = -1.5269722205E-02  7.4628521145E-01 -6.6545113927E-01
HessDelSqRho_EigVec3 = -3.0856305443E-01  6.2952868031E-01  7.1307957628E-01
</CP of DelSqRho>
<CP of DelSqRho>
CP# = 31      
Type = (3,+1)
Coords =  2.48724817111564E+00 -3.03625567177754E+00  3.18917865362522E+00
DistFromNuc =  1.9958651324E+00
Rho =  7.4952791387E-02
DelSqRho =  1.8256167718E-01
GradDelSqRho =  2.4980018054E-16  2.0816681712E-17  2.9837243787E-16
HessDelSqRho_EigVals = -1.6691881334E+00  3.1806919194E-02  5.9682893085E-01
HessDelSqRho_EigVec1 =  5.1435494475E-01  1.5520490869E-01  8.4341592772E-01
HessDelSqRho_EigVec2 =  6.5522686315E-01 -7.0563387271E-01 -2.6973801269E-01
HessDelSqRho_EigVec3 =  5.5327818375E-01  6.9136985326E-01 -4.6464069708E-01
</CP of DelSqRho>
<CP of DelSqRho>
CP# = 32      
Type = (3,+1)
Coords =  1.47748432870936E+00 -4.20755020612612E+00  2.41702907349084E+00
DistFromNuc =  1.9954773426E+00
Rho =  7.4917396572E-02
DelSqRho =  1.8246718421E-01
GradDelSqRho =  4.0592529338E-16  7.5286998857E-16 -1.1579279202E-16
HessDelSqRho_EigVals = -1.6629930420E+00  3.2072713636E-02  5.9716171130E-01
HessDelSqRho_EigVec1 =  4.0030809653E-01  9.0465064865E-01 -1.4615276851E-01
HessDelSqRho_EigVec2 =  9.0672824132E-01 -4.1410908254E-01 -7.9734334796E-02
HessDelSqRho_EigVec3 =  1.3265490657E-01  1.0060254297E-01  9.8604351025E-01
</CP of DelSqRho>
<CP of DelSqRho>
CP# = 33      
Type = (3,+1)
Coords =  3.04768272578629E+00 -4.04850436894191E+00  2.14403708177674E-01
DistFromNuc =  1.9948631048E+00
Rho =  7.4957789587E-02
DelSqRho =  1.8257787611E-01
GradDelSqRho = -9.0769405880E-16 -4.8919202023E-15 -1.7971735211E-15
HessDelSqRho_EigVals = -1.6578006637E+00  3.2233308676E-02  5.9669087761E-01
HessDelSqRho_EigVec1 = -6.4819408843E-02  8.4945374701E-01  5.2366666491E-01
HessDelSqRho_EigVec2 =  2.1840722008E-01 -4.9997050143E-01  8.3804998891E-01
HessDelSqRho_EigVec3 =  9.7370258830E-01  1.6869448539E-01 -1.5311903913E-01
</CP of DelSqRho>
<Path of -GradDelSqRho>
Starting CP# =      3
Ending CP# =     10
Number of Points =     32
  2.1737455953E+00 -2.5967079004E+00  1.3630116670E+00  2.2575314711E+01  1.2301320476E+03
  2.1910086537E+00 -2.5844374857E+00  1.3762941194E+00  1.5661992731E+01  1.1481847677E+03
  2.2082605219E+00 -2.5721443760E+00  1.3895701313E+00  1.0975722498E+01  9.7850194507E+02
  2.2255096147E+00 -2.5598456392E+00  1.4028445375E+00  7.8087247493E+00  7.7052953673E+02
  2.2427521938E+00 -2.5475337217E+00  1.4161151861E+00  5.6765756816E+00  5.6996939575E+02
  2.2599817743E+00 -2.5351955614E+00  1.4293783393E+00  4.2419989366E+00  4.0573025614E+02
  2.2771912596E+00 -2.5228169674E+00  1.4426298967E+00  3.2741252844E+00  2.8304143079E+02
  2.2943734534E+00 -2.5103837185E+00  1.4558656861E+00  2.6179243070E+00  1.9479865918E+02
  2.3115215652E+00 -2.4978826274E+00  1.4690817510E+00  2.1699429831E+00  1.3182378783E+02
  2.3286288273E+00 -2.4853008155E+00  1.4822741249E+00  1.8608205965E+00  8.6926583356E+01
  2.3456867877E+00 -2.4726224299E+00  1.4954378346E+00  1.6437504662E+00  5.5207976060E+01
  2.3626827665E+00 -2.4598239283E+00  1.5085654003E+00  1.4871353921E+00  3.3273897098E+01
  2.3795966201E+00 -2.4468684479E+00  1.5216449006E+00  1.3698283410E+00  1.8573685509E+01
  2.3963958157E+00 -2.4336978254E+00  1.5346569828E+00  1.2779006963E+00  9.0842676024E+00
  2.4130263058E+00 -2.4202188125E+00  1.5475692541E+00  1.2023623901E+00  3.2069195355E+00
  2.4293931870E+00 -2.4062762124E+00  1.5603242296E+00  1.1375437221E+00 -2.7108425579E-01
  2.4453131278E+00 -2.3915939910E+00  1.5728091908E+00  1.0799893839E+00 -2.2209219214E+00
  2.4603679723E+00 -2.3756230347E+00  1.5847614187E+00  1.0278303658E+00 -3.2351336001E+00
  2.4732625955E+00 -2.3570706333E+00  1.5953387710E+00  9.8111633643E-01 -3.6997738549E+00
  2.4781927021E+00 -2.3336848813E+00  1.6005201194E+00  9.4832145259E-01 -3.8766673666E+00
  2.4691861645E+00 -2.3111618660E+00  1.5956090827E+00  9.4425963474E-01 -3.9734561183E+00
  2.4560138463E+00 -2.2915339066E+00  1.5874972457E+00  9.4944515230E-01 -4.0602300079E+00
  2.4419905771E+00 -2.2727973071E+00  1.5787099535E+00  9.5509802927E-01 -4.1399257991E+00
  2.4274828707E+00 -2.2546242709E+00  1.5695330824E+00  9.6012107451E-01 -4.2121059117E+00
  2.4125363628E+00 -2.2369985889E+00  1.5599996643E+00  9.6438959889E-01 -4.2763466465E+00
  2.3971671006E+00 -2.2199367272E+00  1.5501190178E+00  9.6788059657E-01 -4.3323073169E+00
  2.3813893135E+00 -2.2034577476E+00  1.5398988065E+00  9.7058518160E-01 -4.3797377967E+00
  2.3652175144E+00 -2.1875809430E+00  1.5293466740E+00  9.7250196975E-01 -4.4184820884E+00
  2.3486667040E+00 -2.1723256822E+00  1.5184703429E+00  9.7363661442E-01 -4.4484797810E+00
  2.3317524810E+00 -2.1577113765E+00  1.5072776078E+00  9.7400158884E-01 -4.4697655104E+00
  2.3144911749E+00 -2.1437574524E+00  1.4957762715E+00  9.7361590421E-01 -4.4824665006E+00
  2.2963721834E+00 -2.1300991927E+00  1.4836183402E+00  9.7246091554E-01 -4.4868018844E+00
</Path of -GradDelSqRho>
<Path of -GradDelSqRho>
Starting CP# =      3
Ending CP# =      1
Number of Points =      7
  2.1737455953E+00 -2.5967079004E+00  1.3630116670E+00  2.2575314711E+01  1.2301320476E+03
  2.1564577464E+00 -2.6089278821E+00  1.3497149762E+00  3.2808425956E+01  9.7794479459E+02
  2.1391489735E+00 -2.6211051164E+00  1.3364062855E+00  4.8060269374E+01 -8.0476907928E+02
  2.1218310067E+00 -2.6332635098E+00  1.3230923272E+00  7.0719650149E+01 -6.4075898851E+03
  2.1045063456E+00 -2.6454081596E+00  1.3097745368E+00  1.0435918244E+02 -2.0698878192E+04
  2.0871706159E+00 -2.6575300510E+00  1.2964504158E+00  1.5483196006E+02 -7.5535876624E+04
  2.0570893550E+00 -2.6785152429E+00  1.2733336639E+00  2.9722267578E+02 -3.3285795769E+06
</Path of -GradDelSqRho>
<Path of -GradDelSqRho>
Starting CP# =      4
Ending CP# =      1
Number of Points =      7
  1.9894101229E+00 -2.8209788696E+00  1.2146235762E+00  2.2588294129E+01  1.2314844527E+03
  1.9995228831E+00 -2.7998605473E+00  1.2233841811E+00  3.2829541610E+01  9.7837949479E+02
  2.0096005202E+00 -2.7787157698E+00  1.2321214299E+00  4.8094661236E+01 -8.0960130589E+02
  2.0196626881E+00 -2.7575593776E+00  1.2408483900E+00  7.0774503168E+01 -6.4228454268E+03
  2.0297135208E+00 -2.7363944915E+00  1.2495678108E+00  1.0444685566E+02 -2.0755791060E+04
  2.0397456238E+00 -2.7152155949E+00  1.2582747749E+00  1.5496849231E+02 -7.5727491384E+04
  2.0570893550E+00 -2.6785152429E+00  1.2733336639E+00  2.9722267578E+02 -3.3285795769E+06
</Path of -GradDelSqRho>
<Path of -GradDelSqRho>
Starting CP# =      4
Ending CP# =     15
Number of Points =     31
  1.9894101229E+00 -2.8209788696E+00  1.2146235762E+00  2.2588294129E+01  1.2314844527E+03
  1.9792558210E+00 -2.8420657629E+00  1.2058353527E+00  1.5670138968E+01  1.1493391895E+03
  1.9690827225E+00 -2.8631383836E+00  1.1970346302E+00  1.0981019709E+01  9.7943304830E+02
  1.9589049601E+00 -2.8842074543E+00  1.1882308012E+00  7.8124018661E+00  7.7125714650E+02
  1.9487163590E+00 -2.9052682695E+00  1.1794197612E+00  5.6794147530E+00  5.7048728724E+02
  1.9385061758E+00 -2.9263126157E+00  1.1705943701E+00  4.2444851238E+00  4.0605747622E+02
  1.9282627358E+00 -2.9473314986E+00  1.1617468710E+00  3.2765404061E+00  2.8321807069E+02
  1.9179743412E+00 -2.9683157958E+00  1.1528694968E+00  2.6204157171E+00  1.9486644618E+02
  1.9076301464E+00 -2.9892568966E+00  1.1439550533E+00  2.1725730044E+00  1.3181668063E+02
  1.8972195620E+00 -3.0101462140E+00  1.1349965234E+00  1.8635998312E+00  8.6870053937E+01
  1.8867295534E+00 -3.0309730201E+00  1.1259852775E+00  1.6466596083E+00  5.5121010933E+01
  1.8761407609E+00 -3.0517212142E+00  1.1169085070E+00  1.4901396087E+00  3.3170711348E+01
  1.8654228612E+00 -3.0723652059E+00  1.1077461739E+00  1.3728868854E+00  1.8464671468E+01
  1.8545279840E+00 -3.0928636306E+00  1.0984667062E+00  1.2809733107E+00  8.9765704511E+00
  1.8433793102E+00 -3.1131476722E+00  1.0890195983E+00  1.2054135492E+00  3.1049825827E+00
  1.8318487730E+00 -3.1330962061E+00  1.0793210766E+00  1.1405458394E+00 -3.6491617467E-01
  1.8197079319E+00 -3.1524742717E+00  1.0692229936E+00  1.0829272485E+00 -2.3058090463E+00
  1.8065002315E+00 -3.1707418605E+00  1.0584341216E+00  1.0307157600E+00 -3.3112776440E+00
  1.7911472863E+00 -3.1862026985E+00  1.0462958233E+00  9.8408024174E-01 -3.7683510206E+00
  1.7719430173E+00 -3.1913099426E+00  1.0321048209E+00  9.5223917978E-01 -3.9415048856E+00
  1.7538646029E+00 -3.1795551160E+00  1.0198993161E+00  9.4908238988E-01 -4.0389811409E+00
  1.7380888372E+00 -3.1630838208E+00  1.0096797347E+00  9.5446323822E-01 -4.1265678077E+00
  1.7230204146E+00 -3.1456229637E+00  1.0000364775E+00  9.6018635717E-01 -4.2067122437E+00
  1.7084137857E+00 -3.1275782642E+00  9.9076376082E-01  9.6524645603E-01 -4.2789576831E+00
  1.6942588746E+00 -3.1090004658E+00  9.8185012963E-01  9.6952973350E-01 -4.3428754156E+00
  1.6805696495E+00 -3.0899082992E+00  9.7330361699E-01  9.7301432187E-01 -4.3981254134E+00
  1.6673619584E+00 -3.0703185868E+00  9.6513366156E-01  9.7569168694E-01 -4.4444636212E+00
  1.6546518610E+00 -3.0502484229E+00  9.5734973605E-01  9.7756091183E-01 -4.4817454091E+00
  1.6424555327E+00 -3.0297153607E+00  9.4996124119E-01  9.7862829044E-01 -4.5099268206E+00
  1.6307892536E+00 -3.0087374916E+00  9.4297746299E-01  9.7890710486E-01 -4.5290637196E+00
  1.6123535393E+00 -2.9723883507E+00  9.3213739458E-01  9.7764866191E-01 -4.5413184002E+00
</Path of -GradDelSqRho>
<Path of -GradDelSqRho>
Starting CP# =     12
Ending CP# =     18
Number of Points =     17
  2.3138947628E+00 -3.1468123352E+00  8.2668403678E-01  7.7558546362E-01 -2.5633969743E+00
  2.3359462633E+00 -3.1409653583E+00  8.2972446123E-01  7.7125307644E-01 -2.5665994617E+00
  2.3596341402E+00 -3.1339640358E+00  8.3357084752E-01  7.6696881997E-01 -2.5769371104E+00
  2.3830143735E+00 -3.1262929867E+00  8.3798081493E-01  7.6310532454E-01 -2.5936992809E+00
  2.4060529093E+00 -3.1179594619E+00  8.4295127202E-01  7.5964066337E-01 -2.6160360655E+00
  2.4287147472E+00 -3.1089699713E+00  8.4847902948E-01  7.5655038567E-01 -2.6429975431E+00
  2.4509635239E+00 -3.0993300885E+00  8.5456087347E-01  7.5380842185E-01 -2.6735517114E+00
  2.4727610276E+00 -3.0890442665E+00  8.6119357174E-01  7.5138809140E-01 -2.7066052235E+00
  2.4940666469E+00 -3.0781156683E+00  8.6837378485E-01  7.4926321553E-01 -2.7410265767E+00
  2.5148367634E+00 -3.0665460157E+00  8.7609783551E-01  7.4740932052E-01 -2.7756713508E+00
  2.5350241233E+00 -3.0543354676E+00  8.8436125963E-01  7.4580489073E-01 -2.8094090532E+00
  2.5545772563E+00 -3.0414825339E+00  8.9315801842E-01  7.4443258642E-01 -2.8411510829E+00
  2.5734400671E+00 -3.0279840187E+00  9.0247918486E-01  7.4328027939E-01 -2.8698792443E+00
  2.5915517970E+00 -3.0138349234E+00  9.1231081670E-01  7.4234168033E-01 -2.8946741055E+00
  2.6088476099E+00 -2.9990280698E+00  9.2263055033E-01  7.4161625704E-01 -2.9147422900E+00
  2.6252599908E+00 -2.9835527366E+00  9.3340202606E-01  7.4110813310E-01 -2.9294415515E+00
  2.6543484508E+00 -2.9514992258E+00  9.5533459481E-01  7.4076610851E-01 -2.9410544074E+00
</Path of -GradDelSqRho>
<Path of -GradDelSqRho>
Starting CP# =     12
Ending CP# =     15
Number of Points =     32
  2.3138947628E+00 -3.1468123352E+00  8.2668403678E-01  7.7558546362E-01 -2.5633969743E+00
  2.2915893046E+00 -3.1520921662E+00  8.2411970148E-01  7.8030859538E-01 -2.5667579324E+00
  2.2672093426E+00 -3.1571489137E+00  8.2188899059E-01  7.8587235823E-01 -2.5782724174E+00
  2.2426492017E+00 -3.1615052160E+00  8.2023025316E-01  7.9190373866E-01 -2.5983192596E+00
  2.2179421224E+00 -3.1651533885E+00  8.1914382031E-01  7.9840229187E-01 -2.6271120588E+00
  2.1931215336E+00 -3.1680863702E+00  8.1862879931E-01  8.0536123745E-01 -2.6647222250E+00
  2.1682210263E+00 -3.1702979603E+00  8.1868283202E-01  8.1276698729E-01 -2.7110811245E+00
  2.1432742655E+00 -3.1717830279E+00  8.1930186044E-01  8.2059873013E-01 -2.7659839855E+00
  2.1183148480E+00 -3.1725376840E+00  8.2047990988E-01  8.2882808680E-01 -2.8290951158E+00
  2.0933761140E+00 -3.1725593978E+00  8.2220889871E-01  8.3741885541E-01 -2.8999540420E+00
  2.0684909263E+00 -3.1718470440E+00  8.2447848217E-01  8.4632687117E-01 -2.9779822750E+00
  2.0436914357E+00 -3.1704008655E+00  8.2727593438E-01  8.5550000931E-01 -3.0624905249E+00
  2.0190088510E+00 -3.1682223399E+00  8.3058606873E-01  8.6487836125E-01 -3.1526863288E+00
  1.9944732358E+00 -3.1653139417E+00  8.3439119053E-01  8.7439461258E-01 -3.2476821831E+00
  1.9701133554E+00 -3.1616787948E+00  8.3867106860E-01  8.8397464659E-01 -3.3465043864E+00
  1.9459565915E+00 -3.1573202147E+00  8.4340290351E-01  8.9353838706E-01 -3.4481028769E+00
  1.9220289436E+00 -3.1522411413E+00  8.4856125948E-01  9.0300088078E-01 -3.5513623773E+00
  1.8983551274E+00 -3.1464434650E+00  8.5411791488E-01  9.1227360343E-01 -3.6551151442E+00
  1.8749587824E+00 -3.1399272402E+00  8.6004157105E-01  9.2126595469E-01 -3.7581555511E+00
  1.8518627943E+00 -3.1326897734E+00  8.6629733917E-01  9.2988689265E-01 -3.8592566353E+00
  1.8290897496E+00 -3.1247245473E+00  8.7284589540E-01  9.3804664633E-01 -3.9571886197E+00
  1.8066625541E+00 -3.1160199107E+00  8.7964214662E-01  9.4565844125E-01 -4.0507393128E+00
  1.7846052869E+00 -3.1065574097E+00  8.8663316555E-01  9.5264017792E-01 -4.1387362115E+00
  1.7629444366E+00 -3.0963095478E+00  8.9375500271E-01  9.5891601681E-01 -4.2200701243E+00
  1.7417108186E+00 -3.0852366323E+00  9.0092769639E-01  9.6441784470E-01 -4.2937202307E+00
  1.7209427805E+00 -3.0732821393E+00  9.0804723994E-01  9.6908662524E-01 -4.3587807606E+00
  1.7006919996E+00 -3.0603656685E+00  9.1497210528E-01  9.7287367259E-01 -4.4144900334E+00
  1.6810348323E+00 -3.0463719912E+00  9.2149937563E-01  9.7574194268E-01 -4.4602636420E+00
  1.6620965918E+00 -3.0311340884E+00  9.2731953515E-01  9.7766754811E-01 -4.4957354604E+00
  1.6441092152E+00 -3.0144091978E+00  9.3192360939E-01  9.7864201446E-01 -4.5208131426E+00
  1.6275674592E+00 -2.9958623367E+00  9.3439348549E-01  9.7867694263E-01 -4.5357558937E+00
  1.6123535393E+00 -2.9723883507E+00  9.3213739458E-01  9.7764866191E-01 -4.5413184002E+00
</Path of -GradDelSqRho>
<Path of -GradDelSqRho>
Starting CP# =     13
Ending CP# =     19
Number of Points =     17
  1.7451417615E+00 -3.2000600966E+00  1.6124903213E+00  7.7635176137E-01 -2.5691544137E+00
  1.7545942648E+00 -3.1954090772E+00  1.6329399979E+00  7.7202128130E-01 -2.5723586634E+00
  1.7652561716E+00 -3.1896426115E+00  1.6548032164E+00  7.6773628867E-01 -2.5827110005E+00
  1.7763114148E+00 -3.1831401983E+00  1.6762608103E+00  7.6387178667E-01 -2.5995030586E+00
  1.7877467839E+00 -3.1759071893E+00  1.6972808754E+00  7.6040592759E-01 -2.6218864842E+00
  1.7995486311E+00 -3.1679481603E+00  1.7178307229E+00  7.5731431504E-01 -2.6489124425E+00
  1.8117027995E+00 -3.1592666839E+00  1.7378764816E+00  7.5457090624E-01 -2.6795494901E+00
  1.8241944671E+00 -3.1498651163E+00  1.7573826557E+00  7.5214901659E-01 -2.7127042615E+00
  1.8370078829E+00 -3.1397444009E+00  1.7763116475E+00  7.5002242858E-01 -2.7472446197E+00
  1.8501259543E+00 -3.1289039019E+00  1.7946232688E+00  7.4816659172E-01 -2.7820248662E+00
  1.8635296257E+00 -3.1173412821E+00  1.8122742958E+00  7.4655987335E-01 -2.8159125680E+00
  1.8771969593E+00 -3.1050524510E+00  1.8292181657E+00  7.4518477721E-01 -2.8478165128E+00
  1.8911017813E+00 -3.0920315977E+00  1.8454049894E+00  7.4402898539E-01 -2.8767152252E+00
  1.9052116838E+00 -3.0782712826E+00  1.8607821590E+00  7.4308600081E-01 -2.9016853419E+00
  1.9194850139E+00 -3.0637624116E+00  1.8752959467E+00  7.4235509244E-01 -2.9219289422E+00
  1.9338660438E+00 -3.0484935027E+00  1.8888946117E+00  7.4184023306E-01 -2.9367986937E+00
  1.9620651037E+00 -3.0162167561E+00  1.9127768340E+00  7.4148231684E-01 -2.9487090536E+00
</Path of -GradDelSqRho>
<Path of -GradDelSqRho>
Starting CP# =     13
Ending CP# =     15
Number of Points =     32
  1.7451417615E+00 -3.2000600966E+00  1.6124903213E+00  7.7635176137E-01 -2.5691544137E+00
  1.7360231334E+00 -3.2040889014E+00  1.5917043462E+00  7.8107210231E-01 -2.5725162030E+00
  1.7265468021E+00 -3.2077338107E+00  1.5688604616E+00  7.8663477387E-01 -2.5840396403E+00
  1.7175099933E+00 -3.2106195761E+00  1.5457317411E+00  7.9266429419E-01 -2.6041013076E+00
  1.7089230076E+00 -3.2127406631E+00  1.5223502548E+00  7.9916005179E-01 -2.6329121084E+00
  1.7007950818E+00 -3.2140922875E+00  1.4987485778E+00  8.0611508521E-01 -2.6705406784E+00
  1.6931341658E+00 -3.2146706691E+00  1.4749598173E+00  8.1351561301E-01 -2.7169155751E+00
  1.6859466872E+00 -3.2144732540E+00  1.4510175817E+00  8.2134062116E-01 -2.7718292144E+00
  1.6792373117E+00 -3.2134988934E+00  1.4269558964E+00  8.2956152180E-01 -2.8349431114E+00
  1.6730087121E+00 -3.2117479613E+00  1.4028090728E+00  8.3814190298E-01 -2.9057940363E+00
  1.6672613539E+00 -3.2092223985E+00  1.3786115438E+00  8.4703739403E-01 -2.9838007918E+00
  1.6619933082E+00 -3.2059256676E+00  1.3543976811E+00  8.5619567494E-01 -3.0682714427E+00
  1.6572000958E+00 -3.2018626094E+00  1.3302016151E+00  8.6555665970E-01 -3.1584109610E+00
  1.6528745627E+00 -3.1970391945E+00  1.3060570803E+00  8.7505288204E-01 -3.2533293844E+00
  1.6490067831E+00 -3.1914621674E+00  1.2819973119E+00  8.8461010661E-01 -3.3520506961E+00
  1.6455839707E+00 -3.1851385862E+00  1.2580550194E+00  8.9414817902E-01 -3.4535227087E+00
  1.6425903763E+00 -3.1780752623E+00  1.2342624622E+00  9.0358211454E-01 -3.5566282678E+00
  1.6400071296E+00 -3.1702781076E+00  1.2106516551E+00  9.1282340854E-01 -3.6601980675E+00
  1.6378119716E+00 -3.1617513894E+00  1.1872547291E+00  9.2178153431E-01 -3.7630253066E+00
  1.6359788025E+00 -3.1524968857E+00  1.1641044852E+00  9.3036557805E-01 -3.8638823107E+00
  1.6344769428E+00 -3.1425129146E+00  1.1412351912E+00  9.3848595006E-01 -3.9615391295E+00
  1.6332699605E+00 -3.1317931813E+00  1.1186837128E+00  9.4605610756E-01 -4.0547840096E+00
  1.6323138491E+00 -3.1203253414E+00  1.0964911333E+00  9.5299422962E-01 -4.1424455682E+00
  1.6315542099E+00 -3.1080891145E+00  1.0747051507E+00  9.5922479895E-01 -4.2234164877E+00
  1.6309218547E+00 -3.0950536779E+00  1.0533837874E+00  9.6468006631E-01 -4.2966786538E+00
  1.6303257869E+00 -3.0811739206E+00  1.0326014537E+00  9.6930140216E-01 -4.3613299391E+00
  1.6296415871E+00 -3.0663849198E+00  1.0124594846E+00  9.7304057660E-01 -4.4166133975E+00
  1.6286912453E+00 -3.0505937745E+00  9.9310577448E-01  9.7586106677E-01 -4.4619507130E+00
  1.6272060007E+00 -3.0336681835E+00  9.7477446930E-01  9.7773960859E-01 -4.4969836814E+00
  1.6247530254E+00 -3.0154247462E+00  9.5787452281E-01  9.7866854271E-01 -4.5216305282E+00
  1.6205802604E+00 -2.9956436603E+00  9.4321305557E-01  9.7866073800E-01 -4.5361646883E+00
  1.6123535393E+00 -2.9723883507E+00  9.3213739458E-01  9.7764866191E-01 -4.5413184002E+00
</Path of -GradDelSqRho>
<Path of -GradDelSqRho>
Starting CP# =     14
Ending CP# =     10
Number of Points =     32
  2.1812409059E+00 -2.6690924172E+00  1.9576742125E+00  7.7727882960E-01 -2.5725667386E+00
  2.1916482808E+00 -2.6493203545E+00  1.9524643228E+00  7.8198165353E-01 -2.5758606907E+00
  2.2027197709E+00 -2.6278737982E+00  1.9459530244E+00  7.8753847285E-01 -2.5872193456E+00
  2.2134949955E+00 -2.6065554726E+00  1.9385805620E+00  7.9355039621E-01 -2.6070091433E+00
  2.2239569334E+00 -2.5853928285E+00  1.9303574240E+00  8.0001570587E-01 -2.6354285585E+00
