 AIMInt (Version 19.02.13, Professional)
 Portions Copyright (c) 1997-2019 by Todd A. Keith
 AIMInt is a component of the AIMAll package ( http://aim.tkgristmill.com )

 TP:  64-bit Linux

 Licensed To:  Research Group of Fernando Cortes Guzman, UNAM, fercor@unam.mx

 AIMInt is a heavily modified and extended version of the PROAIMV program
 developed by members of R.F.W. Bader's research group

 Much of the Quantum Theory of Atoms in Molecules (QTAIM) is described in the book:
   "Atoms in Molecules - A Quantum Theory"
   R.F.W. Bader, Oxford University Press, Oxford, 1990

 For additional references see:  http://aim.tkgristmill.com/references.html

 Current Directory:  /home/scratch/M_H2O_4_tetraedrico/Opt

 Inp File:  Zn2_tetraedrico_cc-pvtz-def2-tzv_1_atomicfiles/zn1.inp
 Wfx File:  Zn2_tetraedrico_cc-pvtz-def2-tzv_1.wfx
 Out File:  Zn2_tetraedrico_cc-pvtz-def2-tzv_1_atomicfiles/zn1.int

 Wfx Title:   Zn2_tetraedrico_cc-pvtz-def2-tzv_1                                            
 Job Title:   Zn2_tetraedrico_cc-pvtz-def2-tzv_1                                            
 
<Atom>
Zn1     
</Atom>
<Nuclei of Molecule>
    13
Zn1       30.0           3.3645234698E-06   2.2391904710E-05  -2.3847803875E-05
O2         8.0          -2.0999238880E+00  -1.2534308674E+00  -2.6545980192E+00
H3         1.0          -1.9061172060E+00  -2.8736636382E+00  -3.5251291239E+00
O4         8.0          -2.0675866590E+00   1.2973768342E+00   2.6588380555E+00
H5         1.0          -1.8351994193E+00   2.9108183435E+00   3.5325303130E+00
O6         8.0           2.1104340455E+00   2.6346582265E+00  -1.2776701807E+00
H7         1.0           3.6393389834E+00   3.3168963226E+00  -4.9223886722E-01
O8         8.0           2.0570891659E+00  -2.6785150225E+00   1.2733335437E+00
H9         1.0           1.8350657867E+00  -3.5508356306E+00   2.8889623466E+00
H10        1.0           1.9056617572E+00   3.5080758032E+00  -2.8949686888E+00
H11        1.0           3.5721228427E+00  -3.3894037423E+00   4.8641257807E-01
H12        1.0          -3.5974505805E+00   5.2773149673E-01   3.3567925856E+00
H13        1.0          -3.6136244153E+00  -4.5100407839E-01  -3.3508729041E+00
</Nuclei of Molecule>
<Total Number of CPs of DelSqRho>
    46
</Total Number of CPs of DelSqRho>
<Number of (3,+3) CPs of DelSqRho>
     5
</Number of (3,+3) CPs of DelSqRho>
<Number of (3,+1) CPs of DelSqRho>
    15
</Number of (3,+1) CPs of DelSqRho>
<Number of (3,-1) CPs of DelSqRho>
    16
</Number of (3,-1) CPs of DelSqRho>
<Number of (3,-3) CPs of DelSqRho>
    10
</Number of (3,-3) CPs of DelSqRho>
<Number of Degenerate CPs of DelSqRho>
     0
</Number of Degenerate CPs of DelSqRho>
<CP of DelSqRho>
CP# = 1       
Type = (3,+3)
Coords =  3.36452347645834E-06  2.23919047162673E-05 -2.38478038998889E-05
DistFromNuc =  2.6367402487E-14
Rho =  1.8312391362E+04
DelSqRho = -1.5216087035E+10
GradDelSqRho =  1.0747338820E-05  2.3703896022E-04  1.4654112601E-04
HessDelSqRho_EigVals =  2.0984658178E+17  2.0984658178E+17  2.0984658178E+17
HessDelSqRho_EigVec1 =  9.9997153972E-01 -7.4267168259E-03  1.3280180733E-03
HessDelSqRho_EigVec2 = -6.1733530848E-03 -7.0426940218E-01  7.0990597889E-01
HessDelSqRho_EigVec3 =  4.3369881837E-03  7.0989397309E-01  7.0429520622E-01
</CP of DelSqRho>
<CP of DelSqRho>
CP# = 2       
Type = (3,+1)
Coords =  1.34459139219045E-01 -1.39017303052950E-03 -1.76200635465523E-04
DistFromNuc =  1.3446328086E-01
Rho =  1.7447123734E+02
DelSqRho = -1.5459440846E+04
GradDelSqRho =  0.0000000000E+00 -1.3642420527E-11  5.1159076975E-13
HessDelSqRho_EigVals = -5.2838313748E+04  3.7599992544E+04  4.2076224237E+07
HessDelSqRho_EigVec1 =  5.7688982934E-03  4.5295934590E-01  8.9151250736E-01
HessDelSqRho_EigVec2 =  8.8524842427E-03  8.9146927481E-01 -4.5299466397E-01
HessDelSqRho_EigVec3 =  9.9994417511E-01 -1.0505380567E-02 -1.1329801059E-03
</CP of DelSqRho>
<CP of DelSqRho>
CP# = 3       
Type = (3,+1)
Coords =  1.34565839903632E-01  6.30688116736551E-02  1.86238620269208E-01
DistFromNuc =  2.3827634763E-01
Rho =  4.3634189346E+01
DelSqRho =  4.5987602755E+03
GradDelSqRho = -7.2759576142E-12 -5.4569682106E-12 -7.2759576142E-12
HessDelSqRho_EigVals = -2.1372850722E+06  2.0485878987E+03  2.7655264262E+03
HessDelSqRho_EigVec1 =  5.6461720282E-01  2.6385840740E-01  7.8203974012E-01
HessDelSqRho_EigVec2 =  7.5011903362E-01  2.3119068743E-01 -6.1957429050E-01
HessDelSqRho_EigVec3 = -3.4428019067E-01  9.3644519695E-01 -6.7390974316E-02
</CP of DelSqRho>
<CP of DelSqRho>
CP# = 4       
Type = (3,+1)
Coords =  1.32774307675575E-01 -6.58984393370586E-02 -1.86576681941903E-01
DistFromNuc =  2.3827639258E-01
Rho =  4.3634190203E+01
DelSqRho =  4.5987525622E+03
GradDelSqRho =  1.4551915228E-11  0.0000000000E+00 -7.2759576142E-12
HessDelSqRho_EigVals = -2.1372816562E+06  2.0498942093E+03  2.7649422384E+03
HessDelSqRho_EigVec1 = -5.5711208468E-01  2.7592215168E-01  7.8325799793E-01
HessDelSqRho_EigVec2 =  7.4598047645E-01 -2.4814222073E-01  6.1801178553E-01
HessDelSqRho_EigVec3 =  3.6488252064E-01  9.2859700866E-01 -6.7589508284E-02
</CP of DelSqRho>
<CP of DelSqRho>
CP# = 5       
Type = (3,+1)
Coords = -1.31712573813592E-01  1.87870558108604E-01 -6.43634580944612E-02
DistFromNuc =  2.3827632574E-01
Rho =  4.3634229578E+01
DelSqRho =  4.5987542667E+03
GradDelSqRho = -6.8212102633E-12 -9.0949470177E-13 -9.0949470177E-13
HessDelSqRho_EigVals = -2.1372846041E+06  2.0499708288E+03  2.7651566487E+03
HessDelSqRho_EigVec1 = -5.5267178011E-01  7.8869455330E-01 -2.6928573127E-01
HessDelSqRho_EigVec2 =  7.5465334217E-01  6.1071146678E-01  2.3985378358E-01
HessDelSqRho_EigVec3 =  3.5362725662E-01 -7.0656959563E-02 -9.3271397408E-01
</CP of DelSqRho>
<CP of DelSqRho>
CP# = 6       
Type = (3,-3)
Coords =  2.37921099784541E-01 -2.63116295321705E-03 -2.45801038424403E-04
DistFromNuc =  2.3793263620E-01
Rho =  4.3787476416E+01
DelSqRho =  4.6277643244E+03
GradDelSqRho =  5.7980287238E-12 -4.5474735089E-13 -5.6843418861E-14
HessDelSqRho_EigVals = -2.1511844449E+06 -2.9042405753E+03 -1.3011428838E+03
HessDelSqRho_EigVec1 =  9.9993734366E-01 -1.1155428305E-02 -9.3014951447E-04
HessDelSqRho_EigVec2 =  5.8999652812E-03  4.5458838103E-01  8.9068209494E-01
HessDelSqRho_EigVec3 =  9.5131050906E-03  8.9063177591E-01 -4.5462571482E-01
</CP of DelSqRho>
<CP of DelSqRho>
CP# = 7       
Type = (3,-3)
Coords = -2.37914805939145E-01  2.62263791399163E-03  2.72519049226668E-04
DistFromNuc =  2.3793256387E-01
Rho =  4.3787517822E+01
DelSqRho =  4.6277674455E+03
GradDelSqRho =  1.0714984455E-11 -9.8054897535E-13 -8.5265128291E-14
HessDelSqRho_EigVals = -2.1511875123E+06 -2.9041795535E+03 -1.3016598789E+03
HessDelSqRho_EigVec1 =  9.9993950933E-01 -1.0927931652E-02 -1.2481934832E-03
HessDelSqRho_EigVec2 =  9.1653061441E-03  8.9059127057E-01 -4.5471220123E-01
HessDelSqRho_EigVec3 =  6.0806940767E-03  4.5467325531E-01  8.9063755595E-01
</CP of DelSqRho>
<CP of DelSqRho>
CP# = 8       
Type = (3,-1)
Coords =  9.99742081304345E-02  2.11811433598323E-01 -4.09275158951925E-02
DistFromNuc =  2.3774330236E-01
Rho =  4.3951058561E+01
DelSqRho =  4.6144860926E+03
GradDelSqRho =  2.2737367544E-12  2.0463630790E-11 -6.3664629124E-12
HessDelSqRho_EigVals = -2.1562882627E+06 -3.3301050039E+02  1.7224401965E+03
HessDelSqRho_EigVec1 =  4.2160091760E-01  8.9008599497E-01 -1.7320389093E-01
HessDelSqRho_EigVec2 =  8.7731549708E-01 -3.5209352381E-01  3.2610990336E-01
HessDelSqRho_EigVec3 =  2.2928188951E-01 -2.8944269216E-01 -9.2932918984E-01
</CP of DelSqRho>
<CP of DelSqRho>
CP# = 9       
Type = (3,-1)
Coords = -9.72404541204308E-02  4.18287326584191E-02  2.12855739303020E-01
DistFromNuc =  2.3774324175E-01
Rho =  4.3951157222E+01
DelSqRho =  4.6144753137E+03
GradDelSqRho =  3.6379788071E-12 -1.6370904632E-11 -2.1827872843E-11
HessDelSqRho_EigVals = -2.1562897836E+06 -3.2766425041E+02  1.7204234398E+03
HessDelSqRho_EigVec1 = -4.1012460346E-01  1.7701216400E-01  8.9468681863E-01
HessDelSqRho_EigVec2 =  8.8387824050E-01  3.1899142585E-01  3.4205807432E-01
HessDelSqRho_EigVec3 = -2.2484898402E-01  9.3108064314E-01 -2.8728343209E-01
</CP of DelSqRho>
<CP of DelSqRho>
CP# = 10      
Type = (3,-3)
Coords = -1.55400488210657E-02  2.04117786999742E-01  1.21232151465780E-01
DistFromNuc =  2.3790658956E-01
Rho =  4.3797933767E+01
DelSqRho =  4.6301535814E+03
GradDelSqRho =  2.3874235922E-12 -1.8189894035E-12  1.8189894035E-12
HessDelSqRho_EigVals = -2.1521981824E+06 -3.2642087809E+03 -1.7138437996E+03
HessDelSqRho_EigVec1 = -6.6674554457E-02  8.5758940711E-01  5.0999501234E-01
HessDelSqRho_EigVec2 =  5.7294552724E-01 -3.8555647561E-01  7.2324243994E-01
HessDelSqRho_EigVec3 =  8.1687693480E-01  3.4042122868E-01 -4.6564520878E-01
</CP of DelSqRho>
<CP of DelSqRho>
CP# = 11      
Type = (3,-3)
Coords =  1.68346256491127E-02 -1.21413516928149E-01  2.03862048835427E-01
DistFromNuc =  2.3790634744E-01
Rho =  4.3798072920E+01
DelSqRho =  4.6301619234E+03
GradDelSqRho =  1.3642420527E-12 -3.6379788071E-12  7.2759576142E-12
HessDelSqRho_EigVals = -2.1522076510E+06 -3.2642855574E+03 -1.7149168890E+03
HessDelSqRho_EigVec1 =  7.2081852021E-02 -5.1076573642E-01  8.5669280907E-01
HessDelSqRho_EigVec2 =  5.8418734060E-01  7.1779794733E-01  3.7880239953E-01
HessDelSqRho_EigVec3 =  8.0841162639E-01 -4.7316431533E-01 -3.5012308265E-01
</CP of DelSqRho>
<CP of DelSqRho>
CP# = 12      
Type = (3,-3)
Coords =  1.90671280233678E-02  1.21120290306915E-01 -2.03914261023171E-01
DistFromNuc =  2.3790634434E-01
Rho =  4.3798074467E+01
DelSqRho =  4.6301588276E+03
GradDelSqRho = -3.6379788071E-12  0.0000000000E+00 -1.4551915228E-11
HessDelSqRho_EigVals = -2.1522056692E+06 -3.2645233407E+03 -1.7148793708E+03
HessDelSqRho_EigVec1 = -8.1474006828E-02 -5.0931924796E-01  8.5671225617E-01
HessDelSqRho_EigVec2 = -5.6817782234E-01  7.2995232020E-01  3.7992574596E-01
HessDelSqRho_EigVec3 =  8.1886259434E-01  4.5581083126E-01  3.4885604150E-01
</CP of DelSqRho>
<CP of DelSqRho>
CP# = 13      
Type = (3,-3)
Coords = -2.03437089943195E-02 -2.03635892531428E-01 -1.21303024999463E-01
DistFromNuc =  2.3790615596E-01
Rho =  4.3798194509E+01
DelSqRho =  4.6301632552E+03
GradDelSqRho =  4.8885340220E-12  1.8189894035E-12  3.4560798667E-11
HessDelSqRho_EigVals = -2.1522128104E+06 -3.2642980904E+03 -1.7156548838E+03
HessDelSqRho_EigVec1 =  8.6861415854E-02  8.5572051599E-01  5.1009557238E-01
HessDelSqRho_EigVec2 = -5.7939796780E-01 -3.7313212290E-01  7.2461742579E-01
HessDelSqRho_EigVec3 =  8.1040304129E-01 -3.5848963358E-01  4.6339194348E-01
</CP of DelSqRho>
<CP of DelSqRho>
CP# = 14      
Type = (3,+1)
Coords = -1.35604224483580E-01 -1.84932577384205E-01  6.46127506470857E-02
DistFromNuc =  2.3827641243E-01
Rho =  4.3634122562E+01
DelSqRho =  4.5987644031E+03
GradDelSqRho =  4.3200998334E-12  6.8212102633E-12 -1.9099388737E-11
HessDelSqRho_EigVals = -2.1372832624E+06  2.0480568561E+03  2.7649944146E+03
HessDelSqRho_EigVec1 =  5.6901600736E-01  7.7655200318E-01 -2.7053238203E-01
HessDelSqRho_EigVec2 = -7.4138517347E-01  6.2678084339E-01  2.3977864566E-01
HessDelSqRho_EigVec3 =  3.5576510218E-01  6.4130809380E-02  9.3237247458E-01
</CP of DelSqRho>
<CP of DelSqRho>
CP# = 15      
Type = (3,-1)
Coords =  1.71967795845368E-01 -1.22171356055375E-01  1.09578944930761E-01
DistFromNuc =  2.3773062456E-01
Rho =  4.3948515192E+01
DelSqRho =  4.6186291652E+03
GradDelSqRho =  3.6379788071E-12 -1.6370904632E-11  2.7284841053E-12
HessDelSqRho_EigVals = -2.1570719029E+06 -1.5448121252E+03  1.4923503646E+03
HessDelSqRho_EigVec1 =  7.2258713898E-01 -5.1568301368E-01  4.6036817439E-01
HessDelSqRho_EigVec2 =  1.5684541209E-01  7.7089966455E-01  6.1734368379E-01
HessDelSqRho_EigVec3 =  6.7325132253E-01  3.7387797021E-01 -6.3792469783E-01
</CP of DelSqRho>
<CP of DelSqRho>
CP# = 16      
Type = (3,-1)
Coords = -1.74527332232257E-01 -1.07819603939801E-01 -1.20128225859320E-01
DistFromNuc =  2.3773077589E-01
Rho =  4.3948404549E+01
DelSqRho =  4.6186248031E+03
GradDelSqRho =  3.4560798667E-11  3.0468072509E-11  2.1827872843E-11
HessDelSqRho_EigVals = -2.1570665111E+06 -1.5437212699E+03  1.4931640794E+03
HessDelSqRho_EigVec1 =  7.3339314279E-01  4.5297048296E-01  5.0690456664E-01
HessDelSqRho_EigVec2 =  1.5340854988E-01  6.1614975509E-01 -7.7254468875E-01
HessDelSqRho_EigVec3 = -6.6226906536E-01  6.4434247172E-01  3.8239046038E-01
</CP of DelSqRho>
<CP of DelSqRho>
CP# = 17      
Type = (3,-1)
Coords = -9.83466480593419E-02 -3.96586097848608E-02 -2.12802434629290E-01
DistFromNuc =  2.3774363058E-01
Rho =  4.3950887334E+01
DelSqRho =  4.6144728168E+03
GradDelSqRho = -1.2732925825E-11  7.2759576142E-12  2.1827872843E-11
HessDelSqRho_EigVals = -2.1562759913E+06 -3.3232713848E+02  1.7240942635E+03
HessDelSqRho_EigVec1 =  4.1480499185E-01  1.6804967720E-01  8.9425730343E-01
HessDelSqRho_EigVec2 =  8.7670022888E-01 -3.3691015241E-01 -3.4334859527E-01
HessDelSqRho_EigVec3 =  2.4358474379E-01  9.2641829386E-01 -2.8708120349E-01
</CP of DelSqRho>
<CP of DelSqRho>
CP# = 18      
Type = (3,-1)
Coords =  9.56545811068211E-02 -2.13817215709503E-01  4.05402377355489E-02
DistFromNuc =  2.3774351317E-01
Rho =  4.3950995991E+01
DelSqRho =  4.6144664273E+03
GradDelSqRho = -9.0949470177E-13 -1.1368683772E-11 -5.4569682106E-12
HessDelSqRho_EigVals = -2.1562794993E+06 -3.2689333796E+02  1.7212655083E+03
HessDelSqRho_EigVec1 = -4.0344654671E-01  8.9873443819E-01 -1.7177687141E-01
HessDelSqRho_EigVec2 = -8.8314073618E-01 -3.3336395590E-01  3.3004683456E-01
HessDelSqRho_EigVec3 =  2.3936023905E-01  2.8485940833E-01  9.2820353018E-01
</CP of DelSqRho>
<CP of DelSqRho>
CP# = 19      
Type = (3,+1)
Coords =  5.11373580321297E-01 -5.31357329636717E-03 -3.25302881850991E-04
DistFromNuc =  5.1139814333E-01
Rho =  7.2214381710E+00
DelSqRho = -8.3074891365E+01
GradDelSqRho =  2.0463630790E-12 -1.8429702209E-14 -1.7763568394E-15
HessDelSqRho_EigVals = -2.0432628794E+02  7.0374976368E+01  2.4290634433E+04
HessDelSqRho_EigVec1 =  9.0720964592E-03  8.9467607561E-01 -4.4662335004E-01
HessDelSqRho_EigVec2 =  5.1908815779E-03  4.4659357669E-01  8.9472187411E-01
HessDelSqRho_EigVec3 =  9.9994537442E-01 -1.0435372066E-02 -5.9261755327E-04
</CP of DelSqRho>
<CP of DelSqRho>
CP# = 20      
Type = (3,+1)
Coords = -5.11367039360163E-01  5.24964556866225E-03  6.37339046359288E-04
DistFromNuc =  5.1139754723E-01
Rho =  7.2214736018E+00
DelSqRho = -8.3076271847E+01
GradDelSqRho =  1.7053025658E-12 -3.1086244690E-15  5.3290705182E-15
HessDelSqRho_EigVals = -2.0432381205E+02  7.0410600608E+01  2.4290923412E+04
HessDelSqRho_EigVec1 =  5.7216856992E-03  4.4656101876E-01  8.9473488746E-01
HessDelSqRho_EigVec2 =  8.5683651689E-03  8.9469479346E-01 -4.4659580122E-01
HessDelSqRho_EigVec3 =  9.9994692131E-01 -1.0221696054E-02 -1.2928645259E-03
</CP of DelSqRho>
<CP of DelSqRho>
CP# = 21      
Type = (3,+1)
Coords = -8.13335168775269E-02 -4.89710477576252E-01 -1.22589907102869E-01
DistFromNuc =  5.1134764165E-01
Rho =  7.2231178926E+00
DelSqRho = -8.3283704974E+01
GradDelSqRho = -3.1974423109E-13 -1.3642420527E-12 -1.1368683772E-13
HessDelSqRho_EigVals = -1.9131643015E+02  8.9172217342E+01  2.4307294225E+04
HessDelSqRho_EigVec1 =  7.1560460331E-01 -2.7926120196E-01  6.4025247583E-01
HessDelSqRho_EigVec2 = -6.8018278977E-01 -7.0028102781E-02  7.2968995972E-01
HessDelSqRho_EigVec3 =  1.5893842903E-01  9.5765820933E-01  2.4006109614E-01
</CP of DelSqRho>
<CP of DelSqRho>
CP# = 22      
Type = (3,+1)
Coords =  7.52613730595079E-02 -1.23190337355317E-01  4.90516411615155E-01
DistFromNuc =  5.1134615537E-01
Rho =  7.2232087675E+00
DelSqRho = -8.3288007469E+01
GradDelSqRho = -3.4106051316E-13  1.3073986338E-12 -1.4210854715E-12
HessDelSqRho_EigVals = -1.9123803937E+02  8.9386840612E+01  2.4307969134E+04
HessDelSqRho_EigVec1 = -7.1054252167E-01  6.4888840762E-01  2.7216384654E-01
HessDelSqRho_EigVec2 =  6.8811905937E-01  7.2160085764E-01  7.6054995802E-02
HessDelSqRho_EigVec3 =  1.4704245996E-01 -2.4132143858E-01  9.5924057371E-01
</CP of DelSqRho>
<CP of DelSqRho>
CP# = 23      
Type = (3,+1)
Coords =  7.69700255125958E-02  1.21741905134505E-01 -4.90673609626046E-01
DistFromNuc =  5.1134792029E-01
Rho =  7.2231013067E+00
DelSqRho = -8.3283029679E+01
GradDelSqRho = -1.8474111130E-13 -4.2632564146E-13  2.1032064978E-12
HessDelSqRho_EigVals = -1.9133480731E+02  8.9215746662E+01  2.4307097629E+04
HessDelSqRho_EigVec1 =  7.2480287068E-01  6.3341529466E-01  2.7100897244E-01
HessDelSqRho_EigVec2 =  6.7234038249E-01 -7.3617030490E-01 -7.7535103382E-02
HessDelSqRho_EigVec3 = -1.5039683752E-01 -2.3840794170E-01  9.5944903179E-01
</CP of DelSqRho>
<CP of DelSqRho>
CP# = 24      
Type = (3,+1)
Coords = -7.08704465689395E-02  4.91417297253786E-01  1.22382752170989E-01
DistFromNuc =  5.1134667870E-01
Rho =  7.2231740725E+00
DelSqRho = -8.3286615705E+01
GradDelSqRho = -2.1316282073E-13 -1.3642420527E-12 -1.0231815395E-12
HessDelSqRho_EigVals = -1.9126823188E+02  8.9408019992E+01  2.4307654597E+04
HessDelSqRho_EigVec1 =  7.1974669923E-01  2.6392696973E-01 -6.4211155075E-01
HessDelSqRho_EigVec2 =  6.8028661939E-01 -8.3641899721E-02  7.2815805159E-01
HessDelSqRho_EigVec3 = -1.3847311810E-01  9.6090925027E-01  2.3974696724E-01
</CP of DelSqRho>
<CP of DelSqRho>
CP# = 25      
Type = (3,-1)
Coords =  2.85719679262805E-01  2.27935091282114E-01  3.59953233599558E-01
DistFromNuc =  5.1299269993E-01
Rho =  7.1233897406E+00
DelSqRho = -7.8879184620E+01
GradDelSqRho = -5.1869619710E-13 -3.1263880373E-13 -3.6948222260E-13
HessDelSqRho_EigVals = -1.5829815123E+02 -8.4170179334E+01  2.3469477780E+04
HessDelSqRho_EigVec1 =  5.4168773214E-01  4.4603339999E-01 -7.1248060110E-01
HessDelSqRho_EigVec2 = -6.2965245698E-01  7.7683967651E-01  7.6092327281E-03
HessDelSqRho_EigVec3 =  5.5687717162E-01  4.4449333301E-01  7.0165054880E-01
</CP of DelSqRho>
<CP of DelSqRho>
CP# = 26      
Type = (3,+3)
Coords = -2.90401806980464E-01  1.69939038040929E-01  3.80493464662983E-01
DistFromNuc =  5.0793725534E-01
Rho =  7.4230441121E+00
DelSqRho = -9.3032053958E+01
GradDelSqRho =  3.6948222260E-13 -5.6132876125E-13 -9.3791641120E-13
HessDelSqRho_EigVals =  1.9243003608E+02  2.3300775375E+02  2.6011904869E+04
HessDelSqRho_EigVec1 =  6.0689141208E-01 -4.4184050126E-01  6.6065103148E-01
HessDelSqRho_EigVec2 =  5.5207099869E-01  8.3232594134E-01  4.9508986759E-02
HessDelSqRho_EigVec3 = -5.7175206720E-01  3.3467969585E-01  7.4905879265E-01
</CP of DelSqRho>
<CP of DelSqRho>
CP# = 27      
Type = (3,-1)
Coords =  2.80185756365481E-01 -2.33614409946485E-01 -3.60678985999195E-01
DistFromNuc =  5.1299167302E-01
Rho =  7.1234534099E+00
DelSqRho = -7.8882233623E+01
GradDelSqRho = -4.0500935938E-13 -5.6132876125E-13  4.9737991503E-13
HessDelSqRho_EigVals = -1.5801839901E+02 -8.4251835234E+01  2.3469923046E+04
HessDelSqRho_EigVec1 =  5.3177900891E-01 -4.5985156727E-01  7.1115935047E-01
HessDelSqRho_EigVec2 =  6.4730369721E-01  7.6218124343E-01  8.8133844506E-03
HessDelSqRho_EigVec3 = -5.4608516667E-01  4.5564930402E-01  7.0297560590E-01
</CP of DelSqRho>
<CP of DelSqRho>
CP# = 28      
Type = (3,+3)
Coords = -2.94757018089651E-01 -1.63741743523030E-01 -3.79889249085524E-01
DistFromNuc =  5.0793710073E-01
Rho =  7.4230491096E+00
DelSqRho = -9.3033934349E+01
GradDelSqRho = -1.3642420527E-12 -1.1368683772E-12 -4.2632564146E-13
HessDelSqRho_EigVals =  1.9228936719E+02  2.3338251003E+02  2.6012061982E+04
HessDelSqRho_EigVec1 =  6.1482658529E-01  4.2860052807E-01 -6.6203463456E-01
HessDelSqRho_EigVec2 = -5.3404587203E-01  8.4395139266E-01  5.0408862212E-02
HessDelSqRho_EigVec3 =  5.8033031679E-01  3.2256415511E-01  7.4777609567E-01
</CP of DelSqRho>
<CP of DelSqRho>
CP# = 29      
Type = (3,+3)
Coords =  2.96402244903373E-01  3.77136132123191E-01 -1.67155111757647E-01
DistFromNuc =  5.0793693382E-01
Rho =  7.4230529734E+00
DelSqRho = -9.3034808607E+01
GradDelSqRho = -2.5579538487E-13  4.1211478674E-13  0.0000000000E+00
HessDelSqRho_EigVals =  1.9241267876E+02  2.3336391491E+02  2.6012173105E+04
HessDelSqRho_EigVec1 = -6.0463197571E-01  6.6780144987E-01  4.3412140871E-01
HessDelSqRho_EigVec2 =  5.4211039765E-01 -5.4291455932E-02  8.3855158135E-01
HessDelSqRho_EigVec3 =  5.8355504514E-01  7.4235682887E-01 -3.2919575927E-01
</CP of DelSqRho>
<CP of DelSqRho>
CP# = 30      
Type = (3,+3)
Coords =  2.88732838867271E-01 -3.83225774897539E-01  1.66578954490408E-01
DistFromNuc =  5.0793735878E-01
Rho =  7.4230373661E+00
DelSqRho = -9.3031696775E+01
GradDelSqRho = -5.4001247918E-13  4.4053649617E-13 -5.1159076975E-13
HessDelSqRho_EigVals =  1.9233730877E+02  2.3305757350E+02  2.6011847847E+04
HessDelSqRho_EigVec1 =  6.1670604412E-01  6.5475573895E-01  4.3699951654E-01
HessDelSqRho_EigVec2 =  5.4454835365E-01  4.6040778150E-02 -8.3746482749E-01
HessDelSqRho_EigVec3 = -5.6845469976E-01  7.5443698813E-01 -3.2815253353E-01
</CP of DelSqRho>
<CP of DelSqRho>
CP# = 31      
Type = (3,-1)
Coords = -2.86472586142764E-01 -3.57347084304894E-01  2.31017157666552E-01
DistFromNuc =  5.1299255262E-01
Rho =  7.1233881594E+00
DelSqRho = -7.8878999645E+01
GradDelSqRho = -1.8474111130E-13  3.5527136788E-13 -9.0949470177E-13
HessDelSqRho_EigVals = -1.5821843139E+02 -8.4280376180E+01  2.3469510437E+04
HessDelSqRho_EigVec1 =  5.2937486663E-01 -7.1734591452E-01 -4.5296477733E-01
HessDelSqRho_EigVec2 =  6.3874975026E-01 -1.4384574869E-02  7.6928007939E-01
HessDelSqRho_EigVec3 =  5.5835562783E-01  6.9656867782E-01 -4.5058969135E-01
</CP of DelSqRho>
<CP of DelSqRho>
CP# = 32      
Type = (3,-1)
Coords = -2.79391166226480E-01  3.63267409853322E-01 -2.30572442156610E-01
DistFromNuc =  5.1299210641E-01
Rho =  7.1234337371E+00
DelSqRho = -7.8881368560E+01
GradDelSqRho =  3.9790393203E-13  2.9132252166E-13  3.9790393203E-13
HessDelSqRho_EigVals = -1.5814072944E+02 -8.4170515907E+01  2.3469752511E+04
HessDelSqRho_EigVec1 =  5.4439805412E-01  7.0618794086E-01  4.5269123125E-01
HessDelSqRho_EigVec2 = -6.3803959062E-01 -1.7353204727E-03  7.7000160355E-01
HessDelSqRho_EigVec3 = -5.4455141123E-01  7.0802230251E-01 -4.4963115960E-01
</CP of DelSqRho>
<CP of DelSqRho>
CP# = 33      
Type = (3,-1)
Coords =  8.28281276667213E-01 -9.12500131360623E-03 -1.27997298118561E-03
DistFromNuc =  8.2832937434E-01
Rho =  2.0438333928E+00
DelSqRho =  1.8177989791E+01
GradDelSqRho = -3.3040237213E-12 -7.4329431499E-14  2.1371793224E-13
HessDelSqRho_EigVals = -8.0566110382E+02 -3.4104829016E+00  1.9860753039E+00
HessDelSqRho_EigVec1 =  9.9993780664E-01 -1.1046363402E-02 -1.5364615241E-03
HessDelSqRho_EigVec2 =  7.1207019415E-03  5.2631507713E-01  8.5025980453E-01
HessDelSqRho_EigVec3 =  8.5836159215E-03  8.5021786469E-01 -5.2636100168E-01
</CP of DelSqRho>
<CP of DelSqRho>
CP# = 34      
Type = (3,-1)
Coords = -8.28281806156484E-01  8.56808431321119E-03  5.69979794018479E-04
DistFromNuc =  8.2832946673E-01
Rho =  2.0438321102E+00
DelSqRho =  1.8178134375E+01
GradDelSqRho =  5.4143356465E-12 -1.3750112160E-13  4.7728487829E-13
HessDelSqRho_EigVals = -8.0566759730E+02 -3.4102983066E+00  1.9844049286E+00
HessDelSqRho_EigVec1 =  9.9994641158E-01 -1.0326556783E-02 -7.3224609299E-04
HessDelSqRho_EigVec2 =  8.3943293300E-03  8.5017307069E-01 -5.2643640177E-01
HessDelSqRho_EigVec3 =  6.0588113048E-03  5.2640204416E-01  8.5021419578E-01
</CP of DelSqRho>
<CP of DelSqRho>
CP# = 35      
Type = (3,-3)
Coords =  4.85597716053365E-01  5.78065164888595E-01 -3.51475103791377E-01
DistFromNuc =  8.3273843851E-01
Rho =  2.0162695223E+00
DelSqRho =  1.8474099308E+01
GradDelSqRho =  3.9079850467E-14  2.6645352591E-14 -2.4868995752E-14
HessDelSqRho_EigVals = -8.1106579262E+02 -3.4129718650E+00 -2.7457387273E+00
HessDelSqRho_EigVec1 =  5.8272738568E-01  6.9252947850E-01 -4.2524312503E-01
HessDelSqRho_EigVec2 = -3.6041057072E-01  6.8922359806E-01  6.2854996014E-01
HessDelSqRho_EigVec3 =  7.2837697279E-01 -2.1301115766E-01  6.5122441003E-01
</CP of DelSqRho>
<CP of DelSqRho>
CP# = 36      
Type = (3,-3)
Coords =  4.73908264490187E-01 -5.88401864126197E-01  3.50151917138994E-01
DistFromNuc =  8.3273766917E-01
Rho =  2.0162825459E+00
DelSqRho =  1.8474177086E+01
GradDelSqRho = -2.1138646389E-13  1.7674750552E-13 -8.8817841970E-15
HessDelSqRho_EigVals = -8.1106820089E+02 -3.4031051875E+00 -2.7573152476E+00
HessDelSqRho_EigVec1 = -5.6872709020E-01  7.0501124738E-01 -4.2368459724E-01
HessDelSqRho_EigVec2 =  3.7261615927E-01  6.8004677572E-01  6.3142187219E-01
HessDelSqRho_EigVec3 = -7.3328486601E-01 -2.0123499670E-01  6.4945960720E-01
</CP of DelSqRho>
<CP of DelSqRho>
CP# = 37      
Type = (3,-3)
Coords = -4.75610435617203E-01  3.55789506555084E-01  5.83645859253018E-01
DistFromNuc =  8.3273588471E-01
Rho =  2.0162964321E+00
DelSqRho =  1.8474294850E+01
GradDelSqRho = -2.4868995752E-14 -4.0856207306E-14  1.2434497876E-13
HessDelSqRho_EigVals = -8.1107852103E+02 -3.4082591730E+00 -2.7608289565E+00
HessDelSqRho_EigVec1 = -5.7074021747E-01  4.3040582046E-01  6.9928994979E-01
HessDelSqRho_EigVec2 =  3.5225051761E-01 -6.4094325384E-01  6.8199070243E-01
HessDelSqRho_EigVec3 =  7.4173794362E-01  6.3556476859E-01  2.1420141904E-01
</CP of DelSqRho>
<CP of DelSqRho>
CP# = 38      
Type = (3,-3)
Coords = -4.83913076357552E-01 -3.45760154496100E-01 -5.82873945019078E-01
DistFromNuc =  8.3273941121E-01
Rho =  2.0162637684E+00
DelSqRho =  1.8474022689E+01
GradDelSqRho =  4.2899017672E-13  2.4513724384E-13  5.2935433814E-13
HessDelSqRho_EigVals = -8.1105881256E+02 -3.4086897874E+00 -2.7433927040E+00
HessDelSqRho_EigVec1 =  5.8074997977E-01  4.1843050637E-01  6.9831609772E-01
HessDelSqRho_EigVec2 =  3.7955825080E-01  6.1968287044E-01 -6.8697065027E-01
HessDelSqRho_EigVec3 = -7.2018400096E-01  6.6400982781E-01  2.0106206339E-01
</CP of DelSqRho>
<CP of DelSqRho>
CP# = 39      
Type = (3,+1)
Coords =  4.74002822056309E-01  2.59342711105628E-01  6.26437286509069E-01
DistFromNuc =  8.2727024998E-01
Rho =  2.0517519765E+00
DelSqRho =  1.7757534334E+01
GradDelSqRho = -3.0642155480E-13 -2.3581137043E-13 -3.9079850467E-13
HessDelSqRho_EigVals = -7.8977994952E+02  2.5614283989E+00  4.1269495043E+00
HessDelSqRho_EigVec1 =  5.7324848355E-01  3.1619971582E-01  7.5591263769E-01
HessDelSqRho_EigVec2 =  6.0742036336E-01  4.5517757926E-01 -6.5104060819E-01
HessDelSqRho_EigVec3 = -5.4993333985E-01  8.3236477043E-01  6.8863710777E-02
</CP of DelSqRho>
<CP of DelSqRho>
CP# = 40      
Type = (3,+1)
Coords = -4.76527410451701E-01 -6.22391578817349E-01  2.64353203095319E-01
DistFromNuc =  8.2727018289E-01
Rho =  2.0517524056E+00
DelSqRho =  1.7757620668E+01
GradDelSqRho =  7.1054273576E-15 -9.7699626167E-14 -1.8651746814E-14
HessDelSqRho_EigVals = -7.8978629704E+02  2.5634111291E+00  4.1240608768E+00
HessDelSqRho_EigVec1 =  5.7627465056E-01  7.5100799139E-01 -3.2232673484E-01
HessDelSqRho_EigVec2 = -5.9448055429E-01  6.5584721247E-01  4.6524972270E-01
HessDelSqRho_EigVec3 =  5.6080335028E-01 -7.6494645381E-02  8.2440777018E-01
</CP of DelSqRho>
<CP of DelSqRho>
CP# = 41      
Type = (3,+1)
Coords = -4.64502685012814E-01  6.31767173146349E-01 -2.63676977039368E-01
DistFromNuc =  8.2727281548E-01
Rho =  2.0517383329E+00
DelSqRho =  1.7757366967E+01
GradDelSqRho =  1.0658141036E-14 -1.6342482922E-13  1.1635137298E-13
HessDelSqRho_EigVals = -7.8976729630E+02  2.5705175782E+00  4.1197885072E+00
HessDelSqRho_EigVec1 = -5.6174645717E-01  7.6230797625E-01 -3.2144590090E-01
HessDelSqRho_EigVec2 =  6.0744758144E-01  6.4382902233E-01  4.6528660610E-01
HessDelSqRho_EigVec3 =  5.6164789118E-01  6.6111567476E-02 -8.2473080880E-01
</CP of DelSqRho>
<CP of DelSqRho>
CP# = 42      
Type = (3,+1)
Coords =  4.67154581136769E-01 -2.68682118916656E-01 -6.27677358317911E-01
DistFromNuc =  8.2727341465E-01
Rho =  2.0517383007E+00
DelSqRho =  1.7757385045E+01
GradDelSqRho = -7.8603790143E-14  3.9968028887E-15  1.0658141036E-14
HessDelSqRho_EigVals = -7.8976964448E+02  2.5720156178E+00  4.1160094504E+00
HessDelSqRho_EigVec1 = -5.6490726959E-01  3.2756353677E-01  7.5735190377E-01
HessDelSqRho_EigVec2 =  5.9488389933E-01 -4.7438574242E-01  6.4890007991E-01
HessDelSqRho_EigVec3 =  5.7183295033E-01  8.1710482606E-01  7.3121680452E-02
</CP of DelSqRho>
<CP of DelSqRho>
CP# = 43      
Type = (3,-1)
Coords = -1.15470340513696E-01 -2.48792333564889E-01  7.81718104048937E-01
DistFromNuc =  8.2847053264E-01
Rho =  2.0429315336E+00
DelSqRho =  1.8171525228E+01
GradDelSqRho =  1.7763568394E-15 -1.4210854715E-14 -1.4210854715E-14
HessDelSqRho_EigVals = -8.0523833196E+02 -3.4047103795E+00  1.9637657530E+00
HessDelSqRho_EigVec1 = -1.3787636163E-01 -3.0664863664E-01  9.4178379820E-01
HessDelSqRho_EigVec2 =  7.3243495555E-01  6.0851646570E-01  3.0536330306E-01
HessDelSqRho_EigVec3 =  6.6673018890E-01 -7.3189775557E-01 -1.4070014426E-01
</CP of DelSqRho>
<CP of DelSqRho>
CP# = 44      
Type = (3,-1)
Coords = -1.12235544230911E-01  2.50306851089653E-01 -7.81779985502498E-01
DistFromNuc =  8.2848207101E-01
Rho =  2.0428558788E+00
DelSqRho =  1.8170744290E+01
GradDelSqRho =  3.5527136788E-15 -6.2616578589E-14 -6.3948846218E-14
HessDelSqRho_EigVals = -8.0518374791E+02 -3.3951383960E+00  1.9853340182E+00
HessDelSqRho_EigVec1 =  1.3378386365E-01 -3.0842321117E-01  9.4179456392E-01
HessDelSqRho_EigVec2 = -7.1837326364E-01  6.2447257609E-01  3.0655155489E-01
HessDelSqRho_EigVec3 =  6.8267249243E-01  7.1757168598E-01  1.3801863482E-01
</CP of DelSqRho>
<CP of DelSqRho>
CP# = 45      
Type = (3,-1)
Coords =  1.22328163806816E-01  7.80316113335680E-01  2.50051593007454E-01
DistFromNuc =  8.2846808890E-01
Rho =  2.0429463226E+00
DelSqRho =  1.8171471632E+01
GradDelSqRho = -2.3536728122E-14 -1.8118839762E-13  5.8619775700E-14
HessDelSqRho_EigVals = -8.0523995155E+02 -3.4019937992E+00  1.9595190592E+00
HessDelSqRho_EigVec1 =  1.4607132620E-01  9.4005032389E-01  3.0816968736E-01
HessDelSqRho_EigVec2 =  7.2257033029E-01 -3.1414904560E-01  6.1579419853E-01
HessDelSqRho_EigVec3 =  6.7568874894E-01  1.3272439754E-01 -7.2514064074E-01
</CP of DelSqRho>
<CP of DelSqRho>
CP# = 46      
Type = (3,-1)
Coords =  1.05220146904762E-01 -7.83071167504609E-01 -2.49180035546878E-01
DistFromNuc =  8.2848349409E-01
Rho =  2.0428469948E+00
DelSqRho =  1.8170777487E+01
GradDelSqRho = -7.4606987255E-14 -1.7941204078E-13 -3.0198066270E-14
HessDelSqRho_EigVals = -8.0518248028E+02 -3.3981542452E+00  1.9885093441E+00
HessDelSqRho_EigVec1 = -1.2538618160E-01  9.4339549653E-01  3.0705576463E-01
HessDelSqRho_EigVec2 = -7.2821031539E-01 -2.9770957566E-01  6.1731575803E-01
HessDelSqRho_EigVec3 =  6.7378634745E-01 -1.4619830947E-01  7.2431899899E-01
</CP of DelSqRho>
<Path of -GradDelSqRho>
Starting CP# =      2
Ending CP# =      0
Number of Points =    400
  1.3445913922E-01 -1.3901730305E-03 -1.7620063547E-04  1.7447123734E+02 -1.5459440846E+04
  1.3326453138E-01 -4.4550710394E-04  1.6595155424E-03  1.7672446268E+02 -1.5428786387E+04
  1.3327032611E-01 -1.7575647386E-04  2.1904963005E-03  1.7670006557E+02 -1.5429535209E+04
  1.3327402071E-01  1.0979031311E-04  2.7525298989E-03  1.7667339386E+02 -1.5430363988E+04
  1.3327491571E-01  4.0718556431E-04  3.3378364249E-03  1.7664523527E+02 -1.5431251131E+04
  1.3327251312E-01  7.1433755287E-04  3.9422926014E-03  1.7661605902E+02 -1.5432184320E+04
  1.3326641838E-01  1.0301552704E-03  4.5637468308E-03  1.7658614965E+02 -1.5433156689E+04
  1.3325628500E-01  1.3540970985E-03  5.2011299628E-03  1.7655568771E+02 -1.5434164510E+04
  1.3324178397E-01  1.6859376627E-03  5.8539959265E-03  1.7652479448E+02 -1.5435205919E+04
  1.3322258640E-01  2.0256446373E-03  6.5222789971E-03  1.7649355681E+02 -1.5436280212E+04
  1.3319835262E-01  2.3733113632E-03  7.2061610379E-03  1.7646204139E+02 -1.5437387453E+04
  1.3316872481E-01  2.7291187031E-03  7.9059963520E-03  1.7643030322E+02 -1.5438528244E+04
  1.3313332126E-01  3.0933127987E-03  8.6222678731E-03  1.7639839090E+02 -1.5439703597E+04
  1.3309173156E-01  3.4661918018E-03  9.3555610423E-03  1.7636635018E+02 -1.5440914857E+04
  1.3304351211E-01  3.8480978326E-03  1.0106547991E-02  1.7633422637E+02 -1.5442163656E+04
  1.3298818174E-01  4.2394120519E-03  1.0875977869E-02  1.7630206618E+02 -1.5443451889E+04
  1.3292521726E-01  4.6405516002E-03  1.1664670859E-02  1.7626991916E+02 -1.5444781707E+04
  1.3285404879E-01  5.0519676235E-03  1.2473514344E-02  1.7623783895E+02 -1.5446155515E+04
  1.3277405493E-01  5.4741438649E-03  1.3303460210E-02  1.7620588432E+02 -1.5447575974E+04
  1.3268455767E-01  5.9075954393E-03  1.4155522521E-02  1.7617412015E+02 -1.5449046017E+04
  1.3258481710E-01  6.3528674798E-03  1.5030774966E-02  1.7614261834E+02 -1.5450568855E+04
  1.3247402601E-01  6.8105333745E-03  1.5930347529E-02  1.7611145863E+02 -1.5452147997E+04
  1.3235130442E-01  7.2811923190E-03  1.6855421839E-02  1.7608072927E+02 -1.5453787262E+04
  1.3221569433E-01  7.7654658985E-03  1.7807224650E-02  1.7605052760E+02 -1.5455490793E+04
  1.3206615475E-01  8.2639933983E-03  1.8787018861E-02  1.7602096035E+02 -1.5457263072E+04
  1.3190155758E-01  8.7774255289E-03  1.9796091463E-02  1.7599214371E+02 -1.5459108927E+04
  1.3172068443E-01  9.3064162446E-03  2.0835737796E-02  1.7596420289E+02 -1.5461033533E+04
  1.3152222513E-01  9.8516123532E-03  2.1907241514E-02  1.7593727125E+02 -1.5463042407E+04
  1.3130477837E-01  1.0413640662E-02  2.3011849777E-02  1.7591148870E+02 -1.5465141390E+04
  1.3106685514E-01  1.0993092494E-02  2.4150743333E-02  1.7588699934E+02 -1.5467336611E+04
  1.3080688556E-01  1.1590505556E-02  2.5325001460E-02  1.7586394822E+02 -1.5469634434E+04
  1.3052322983E-01  1.2206343337E-02  2.6535562111E-02  1.7584247721E+02 -1.5472041382E+04
  1.3021419373E-01  1.2840972472E-02  2.7783178114E-02  1.7582272000E+02 -1.5474564029E+04
  1.2987804891E-01  1.3494638789E-02  2.9068370795E-02  1.7580479642E+02 -1.5477208866E+04
  1.2951305809E-01  1.4167443031E-02  3.0391382985E-02  1.7578880647E+02 -1.5479982131E+04
  1.2911750479E-01  1.4859317479E-02  3.1752133760E-02  1.7577482447E+02 -1.5482889608E+04
  1.2868972682E-01  1.5570004822E-02  3.3150177526E-02  1.7576289388E+02 -1.5485936392E+04
  1.2822815251E-01  1.6299040590E-02  3.4584669996E-02  1.7575302349E+02 -1.5489126630E+04
  1.2773133862E-01  1.7045740273E-02  3.6054343240E-02  1.7574518554E+02 -1.5492463243E+04
  1.2719800835E-01  1.7809191942E-02  3.7557491340E-02  1.7573931596E+02 -1.5495947641E+04
  1.2662708849E-01  1.8588254771E-02  3.9091967416E-02  1.7573531708E+02 -1.5499579445E+04
  1.2601774459E-01  1.9381563455E-02  4.0655192001E-02  1.7573306236E+02 -1.5503356234E+04
  1.2536941332E-01  2.0187538234E-02  4.2244172141E-02  1.7573240285E+02 -1.5507273323E+04
  1.2468183139E-01  2.1004399989E-02  4.3855530193E-02  1.7573317445E+02 -1.5511323611E+04
  1.2395506050E-01  2.1830189853E-02  4.5485541206E-02  1.7573520537E+02 -1.5515497490E+04
  1.2318950758E-01  2.2662792756E-02  4.7130177743E-02  1.7573832300E+02 -1.5519782843E+04
  1.2238593964E-01  2.3499964365E-02  4.8785161127E-02  1.7574235969E+02 -1.5524165127E+04
  1.2154549248E-01  2.4339360916E-02  5.0446018123E-02  1.7574715708E+02 -1.5528627561E+04
  1.2066967227E-01  2.5178571369E-02  5.2108141991E-02  1.7575256901E+02 -1.5533151394E+04
  1.1976034937E-01  2.6015151258E-02  5.3766856730E-02  1.7575846301E+02 -1.5537716259E+04
  1.1881974379E-01  2.6846657473E-02  5.5417483062E-02  1.7576472074E+02 -1.5542300592E+04
  1.1785040221E-01  2.7670683103E-02  5.7055404535E-02  1.7577123759E+02 -1.5546882100E+04
  1.1685516672E-01  2.8484891370E-02  5.8676131925E-02  1.7577792181E+02 -1.5551438254E+04
  1.1583713607E-01  2.9287047695E-02  6.0275364088E-02  1.7578469339E+02 -1.5555946784E+04
  1.1479962055E-01  3.0075048920E-02  6.1849043489E-02  1.7579148288E+02 -1.5560386163E+04
  1.1374609200E-01  3.0846948870E-02  6.3393404811E-02  1.7579823029E+02 -1.5564736046E+04
  1.1268013067E-01  3.1600979575E-02  6.4905015401E-02  1.7580488411E+02 -1.5568977655E+04
  1.1160537085E-01  3.2335567680E-02  6.6380806653E-02  1.7581140051E+02 -1.5573094099E+04
  1.1052544705E-01  3.3049345814E-02  6.7818095899E-02  1.7581774262E+02 -1.5577070615E+04
  1.0944394260E-01  3.3741158905E-02  6.9214598779E-02  1.7582387993E+02 -1.5580894730E+04
  1.0836434197E-01  3.4410065644E-02  7.0568432473E-02  1.7582978784E+02 -1.5584556346E+04
  1.0728998832E-01  3.5055335470E-02  7.1878110524E-02  1.7583544712E+02 -1.5588047747E+04
  1.0622404689E-01  3.5676441628E-02  7.3142530231E-02  1.7584084350E+02 -1.5591363543E+04
  1.0516947503E-01  3.6273050890E-02  7.4360953779E-02  1.7584596722E+02 -1.5594500554E+04
  1.0412899887E-01  3.6845010626E-02  7.5532984377E-02  1.7585081261E+02 -1.5597457653E+04
  1.0310509676E-01  3.7392333914E-02  7.6658538662E-02  1.7585537758E+02 -1.5600235572E+04
  1.0209998906E-01  3.7915183321E-02  7.7737816623E-02  1.7585966324E+02 -1.5602836689E+04
  1.0111563377E-01  3.8413853983E-02  7.8771270159E-02  1.7586367344E+02 -1.5605264800E+04
  1.0015372734E-01  3.8888756501E-02  7.9759571279E-02  1.7586741431E+02 -1.5607524893E+04
  9.9215710053E-02  3.9340400110E-02  8.0703580786E-02  1.7587089390E+02 -1.5609622923E+04
  9.8302775017E-02  3.9769376487E-02  8.1604318112E-02  1.7587412175E+02 -1.5611565603E+04
  9.7415880192E-02  4.0176344461E-02  8.2462932851E-02  1.7587710858E+02 -1.5613360204E+04
  9.6555762613E-02  4.0562015841E-02  8.3280678331E-02  1.7587986594E+02 -1.5615014384E+04
  9.5722954192E-02  4.0927142485E-02  8.4058887489E-02  1.7588240595E+02 -1.5616536026E+04
  9.4917798497E-02  4.1272504669E-02  8.4798951160E-02  1.7588474103E+02 -1.5617933105E+04
  9.4140468000E-02  4.1598900777E-02  8.5502298816E-02  1.7588688371E+02 -1.5619213572E+04
  9.3390981357E-02  4.1907138294E-02  8.6170381705E-02  1.7588884645E+02 -1.5620385260E+04
  9.2669220388E-02  4.2198026038E-02  8.6804658302E-02  1.7589064147E+02 -1.5621455802E+04
  9.1974946469E-02  4.2472367557E-02  8.7406581919E-02  1.7589228067E+02 -1.5622432578E+04
  9.1307816138E-02  4.2730955614E-02  8.7977590315E-02  1.7589377554E+02 -1.5623322662E+04
  9.0667395772E-02  4.2974567644E-02  8.8519097124E-02  1.7589513705E+02 -1.5624132794E+04
  9.0053175236E-02  4.3203962096E-02  8.9032484915E-02  1.7589637564E+02 -1.5624869358E+04
  8.9464580451E-02  4.3419875554E-02  8.9519099694E-02  1.7589750121E+02 -1.5625538364E+04
  8.8900984873E-02  4.3623020539E-02  8.9980246673E-02  1.7589852304E+02 -1.5626145452E+04
  8.8361719873E-02  4.3814083911E-02  9.0417187147E-02  1.7589944983E+02 -1.5626695887E+04
  8.7846084076E-02  4.3993725774E-02  9.0831136294E-02  1.7590028971E+02 -1.5627194569E+04
  8.7353351672E-02  4.4162578812E-02  9.1223261795E-02  1.7590105023E+02 -1.5627646039E+04
  8.6882779785E-02  4.4321247993E-02  9.1594683112E-02  1.7590173838E+02 -1.5628054501E+04
  8.6433614944E-02  4.4470310567E-02  9.1946471332E-02  1.7590236063E+02 -1.5628423828E+04
  8.6005098725E-02  4.4610316317E-02  9.2279649458E-02  1.7590292293E+02 -1.5628757585E+04
  8.5596472644E-02  4.4741787999E-02  9.2595193081E-02  1.7590343077E+02 -1.5629059045E+04
  8.5206982352E-02  4.4865221953E-02  9.2894031339E-02  1.7590388917E+02 -1.5629331204E+04
  8.4835881213E-02  4.4981088823E-02  9.3177048104E-02  1.7590430274E+02 -1.5629576807E+04
  8.4482433311E-02  4.5089834378E-02  9.3445083345E-02  1.7590467568E+02 -1.5629798357E+04
  8.4145915965E-02  4.5191880396E-02  9.3698934617E-02  1.7590501184E+02 -1.5629998137E+04
  8.3825621797E-02  4.5287625593E-02  9.3939358640E-02  1.7590531472E+02 -1.5630178227E+04
  8.3520860395E-02  4.5377446586E-02  9.4167072926E-02  1.7590558751E+02 -1.5630340517E+04
  8.3230959641E-02  4.5461698859E-02  9.4382757441E-02  1.7590583311E+02 -1.5630486726E+04
  8.2955266725E-02  4.5540717740E-02  9.4587056272E-02  1.7590605416E+02 -1.5630618414E+04
  8.2693148901E-02  4.5614819366E-02  9.4780579287E-02  1.7590625303E+02 -1.5630736995E+04
  8.2443994006E-02  4.5684301630E-02  9.4963903760E-02  1.7590643191E+02 -1.5630843750E+04
  8.2207210786E-02  4.5749445114E-02  9.5137575973E-02  1.7590659274E+02 -1.5630939839E+04
  8.1982229045E-02  4.5810513985E-02  9.5302112769E-02  1.7590673732E+02 -1.5631026313E+04
  8.1768499653E-02  4.5867756875E-02  9.5458003055E-02  1.7590686725E+02 -1.5631104120E+04
  8.1565494430E-02  4.5921407715E-02  9.5605709250E-02  1.7590698397E+02 -1.5631174119E+04
