AIMSum (Version 16.05.18, Professional)
Copyright (c) 1997-2016 by Todd A. Keith
AIMSum is a component of the AIMAll package ( http://aim.tkgristmill.com )

TP:  64-bit Linux

Licensed To:  Research Group of Fernando Cortes Guzman, UNAM, fercor@unam.mx

Much of the Quantum Theory of Atoms in Molecules (QTAIM) is described in the book:
  "Atoms in Molecules - A Quantum Theory"
  R.F.W. Bader, Oxford University Press, Oxford, 1990

For additional references see:  http://aim.tkgristmill.com/references.html

Wfx File:  /home/david/David/max_int/Ni23.wfx
Sum File:  /home/david/David/max_int/Ni23.sum

SumViz File:  /home/david/David/max_int/Ni23.sumviz

Wfx Title:   Ni[H2O]6 (2+)                                                                 
 
Total memory allocated for AIMSum =        1.194 Megabytes

Atomic units (a.u.) used throughout, except where stated otherwise

Model:  Unrestricted SCF
 
Unrestricted, single-determinant wavefunction.
  Number of electrons (from MO Occs)                   =          86.0000000000
  Number of Alpha electrons (from MO Occs)             =          44.0000000000
  Number of Beta electrons (from MO Occs)              =          42.0000000000
  Number of electron pairs (N*(N-1)/2)                 =        3655.0000000000
  Number of electron pairs (from Muller 2EDM)          =        3655.0000000000
 
Nuclear Charges and Cartesian Coordinates:
-------------------------------------------------------------------------------
Atom      Charge                X                  Y                  Z
-------------------------------------------------------------------------------
Ni1       28.0           0.0000000000E+00   0.0000000000E+00   0.0000000000E+00
O2         8.0          -3.9214370762E+00   2.3808692006E-02   2.1353113559E-02
H3         1.0          -5.0036284683E+00  -1.4411347422E+00   1.5908824041E-02
H4         1.0          -4.9805167560E+00   1.5047711243E+00   7.2209196531E-02
O5         8.0           3.1716204243E-02  -3.3294667576E-02   3.9214947566E+00
H6         1.0          -1.4304780954E+00  -6.0645056125E-02   5.0070295418E+00
H7         1.0           1.5157699755E+00  -8.1729232401E-02   4.9763872796E+00
O8         8.0           1.5803806651E-02   3.9209930903E+00   5.1101642237E-02
H9         1.0           1.5748508240E-02   5.0177812945E+00  -1.4028581362E+00
H10        1.0           5.0209233756E-02   4.9652838866E+00   1.5430783458E+00
O11        8.0           3.9214370762E+00  -2.3808692006E-02  -2.1353113559E-02
H12        1.0           5.0036284683E+00   1.4411347422E+00  -1.5908824041E-02
H13        1.0           4.9805167560E+00  -1.5047711243E+00  -7.2209196531E-02
O14        8.0          -3.1716204243E-02   3.3294667576E-02  -3.9214947566E+00
H15        1.0           1.4304780954E+00   6.0645056125E-02  -5.0070295418E+00
H16        1.0          -1.5157699755E+00   8.1729232401E-02  -4.9763872796E+00
O17        8.0          -1.5803806651E-02  -3.9209930903E+00  -5.1101642237E-02
H18        1.0          -1.5748508240E-02  -5.0177812945E+00   1.4028581362E+00
H19        1.0          -5.0209233756E-02  -4.9652838866E+00  -1.5430783458E+00
 
Some Atomic Properties:
----------------------
  q(A) = Net Charge of Atom A
  L(A) = Lagrangian of Atom A = -(1/4) Times Atomic Integral of the Laplacian of the Electron Density
  K(A) = Electronic Kinetic Energy of Atom A (Hamiltonian Form)
  K_Scaled(A) = K(A) * E(Mol)/K(Mol) = Approximation to Virial-Based Total Energy of Atom A.
  |Mu_Intra(A)| = Magnitude of Intraatomic Dipole Moment of Atom A
--------------------------------------------------------------------------------------------------
Atom A          q(A)              L(A)              K(A)          K_Scaled(A)      |Mu_Intra(A)|
--------------------------------------------------------------------------------------------------
Ni1       1.5211902110E+00  2.9117215895E-04  1.5061588629E+03 -1.5084424571E+03  3.0474910658E-06
O2       -1.2284179153E+00 -8.1181826062E-06  7.5555432152E+01 -7.5669987097E+01  2.6791780079E-01
H3        6.5410464172E-01  1.5852156627E-05  3.2413086322E-01 -3.2462230099E-01  1.2943167714E-01
H4        6.5419526018E-01  1.6552712642E-05  3.2405243101E-01 -3.2454374986E-01  1.2940233377E-01
O5       -1.2284028560E+00 -3.6445845118E-06  7.5555404536E+01 -7.5669959439E+01  2.6793802099E-01
H6        6.5409814985E-01  1.7487077071E-05  3.2414179313E-01 -3.2463324747E-01  1.2943389464E-01
H7        6.5418347578E-01  1.7048104728E-05  3.2405529160E-01 -3.2454661479E-01  1.2940727547E-01
O8       -1.2284443551E+00 -2.1169644174E-05  7.5555487770E+01 -7.5670042799E+01  2.6792615297E-01
H9        6.5412687671E-01  1.6746892604E-05  3.2413664375E-01 -3.2462809029E-01  1.2942091087E-01
H10       6.5420560403E-01  1.7842125702E-05  3.2402800162E-01 -3.2451928343E-01  1.2940361477E-01
O11      -1.2284209318E+00 -1.0313145193E-05  7.5555432995E+01 -7.5669987941E+01  2.6792065096E-01
H12       6.5410521706E-01  1.5587451917E-05  3.2413021834E-01 -3.2462165514E-01  1.2943167208E-01
H13       6.5419612026E-01  1.6266453130E-05  3.2405130803E-01 -3.2454262518E-01  1.2940301017E-01
O14      -1.2284050149E+00 -5.1566436842E-06  7.5555404983E+01 -7.5669959886E+01  2.6793796577E-01
H15       6.5409639537E-01  1.6140253483E-05  3.2414207097E-01 -3.2463352573E-01  1.2943400333E-01
H16       6.5418204597E-01  1.5916086996E-05  3.2405538095E-01 -3.2454670428E-01  1.2940796595E-01
O17      -1.2284410677E+00 -1.9077927180E-05  7.5555486982E+01 -7.5670042010E+01  2.6792457120E-01
H18       6.5412698023E-01  1.7354687426E-05  3.2413726151E-01 -3.2462870898E-01  1.2942036322E-01
H19       6.5420253866E-01  1.5647356889E-05  3.2402854743E-01 -3.2451983008E-01  1.2940408966E-01
--------------------------------------------------------------------------------------------------
Total     2.0004813760E+00  4.2213339082E-04  1.9633806021E+03 -1.9663574226E+03
 
Molecular charge q(Mol) from the wfx file:   2.0000000000E+00
Molecular energy E(Mol) from the wfx file:  -1.9663574098E+03
Molecular virial ratio (-V(Mol)/T(Mol)) from the wfx file:   2.0015161709E+00
Full molecular virial ratio ((-V(Mol)+W(Mol))/T(Mol)) from the wfx file:   2.0015161730E+00
Note.  K_Scaled(A) = (1+V(Mol)/T(Mol))*K(A) = (E(Mol)/T(Mol))*K(A)
       Only use K_Scaled(A) data with caution.
 
N_AIMInt(SumA)     =         85.999519
N_Analytic(Mol)    =         86.000000
 
G_AIMInt(SumA)     =       1963.380180
G_Analytic(Mol)    =       1963.380589
 
K_AIMInt(SumA)     =       1963.380602
K_Analytic(Mol)    =       1963.380589
 
L_AIMInt(SumA)     =          0.000422
L_Analytic(Mol)    =          0.000000
 
VenT_AIMInt(SumA)  =      -6062.854724
VenT_Analytic(Mol) =      -6062.865564
 
Some Information About the Atomic Calculations:
----------------------------------------------
  Time(sec) = "Elapsed User Time", in Seconds, for Atom A by AIMInt and, if used, by TWOe
  NProc = Number of Processors Used for AIMInt Job
  BIM = Basin Integration Method
  OAQ = Angular Quadrature Outside of Beta Sphere
  ORQ = Multiple of Default for Radial Quadrature Outside of Beta Sphere
  IAQ = Multiple of Default for Angular Quadrature Inside of Beta Sphere
  IRQ = Multiple of Default for Radial Quadrature Inside of Beta Sphere
  MIR = Maximum Integration Radius
------------------------------------------------------------------------------------------------------
Atom A     Time(sec)   NProc      BIM              OAQ                 ORQ      IAQ      IRQ      MIR
------------------------------------------------------------------------------------------------------
Ni1          4167        8     Proaim(5)    180*120   (Very High)      Auto     Auto     Auto    13.00
O2            833        8     Proaim(5)    4334      (Very High)      Auto     Auto     Auto    13.00
H3            189        8     Proaim(5)    2030      (Very High)      Auto     Auto     Auto    13.00
H4            168        8     Proaim(5)    2030      (Very High)      Auto     Auto     Auto    13.00
O5            711        8     Proaim(5)    4334      (Very High)      Auto     Auto     Auto    13.00
H6            167        8     Proaim(5)    2030      (Very High)      Auto     Auto     Auto    13.00
H7            176        8     Proaim(5)    2030      (Very High)      Auto     Auto     Auto    13.00
O8            748        8     Proaim(5)    4334      (Very High)      Auto     Auto     Auto    13.00
H9            167        8     Proaim(5)    2030      (Very High)      Auto     Auto     Auto    13.00
H10           157        8     Proaim(5)    2030      (Very High)      Auto     Auto     Auto    13.00
O11           603        8     Proaim(5)    4334      (Very High)      Auto     Auto     Auto    13.00
H12           160        8     Proaim(5)    2030      (Very High)      Auto     Auto     Auto    13.00
H13           162        8     Proaim(5)    2030      (Very High)      Auto     Auto     Auto    13.00
O14           652        8     Proaim(5)    4334      (Very High)      Auto     Auto     Auto    13.00
H15           149        8     Proaim(5)    2030      (Very High)      Auto     Auto     Auto    13.00
H16           150        8     Proaim(5)    2030      (Very High)      Auto     Auto     Auto    13.00
O17           700        8     Proaim(5)    4334      (Very High)      Auto     Auto     Auto    13.00
H18           203        8     Proaim(5)    2030      (Very High)      Auto     Auto     Auto    13.00
H19           186        8     Proaim(5)    2030      (Very High)      Auto     Auto     Auto    13.00
------------------------------------------------------------------------------------------------------
Total       10448
Note:  Total wall clock time is less than total of atomic times if more than one atom
       was calculated at a time
Note:  Total time does not include times for diatomic interaction energy calculations (8770 seconds)
 
Electron Density Critical Point Analysis of Molecular Structure:               
---------------------------------------------------------------                
  NACP = Nuclear Attractor Critical Point                                      
  NNACP = Non-Nuclear Attractor Critical Point                                 
  BCP = Bond Critical Point                                                    
  RCP = Ring Critical Point                                                    
  CCP = Cage Critical Point                                                    
  Rho = Electron Density                                                       
  GradRho = Gradient of Electron Density                                       
  HessRho_EigVals = Eigenvalues of the Hessian of Rho, Ascending Order         
  HessRho_EigVecs = Eigenvectors of the Hessian of Rho                         
  DelSqRho = Laplacian of Rho = Trace of Hessian of Rho                        
  Bond Ellipticity = (HessRho_EigVal(1) / HessRho_EigVal(2)) - 1               
  V = Virial Field = Potential Energy Density = Trace of Stress Tensor         
  G = Lagrangian Form of Kinetic Energy Density                                
  K = Hamiltonian Form of Kinetic Energy Density                               
  L = K - G = Lagrangian Density = (-1/4)DelSqRho                              
  Vnuc = Electrostatic Potential from Nuclei                                   
  Ven = Electron-nuclear attractive contribution to Virial Field V             
  Vrep = V - Ven = Repulsive contribution to Virial Field V                    
  DelSqV = Laplacian of V                                                      
  DelSqVen = Laplacian of Ven                                                  
  DelSqVrep = Laplacian of Vrep                                                
  DelSqG = Laplacian of G                                                      
  DelSqK = Laplacian of K                                                      
  Stress_EigVals = Eigenvalues of Stress Tensor, Ascending Order               
  Stress_EigVecs = Eigenvectors of Stress Tensor                               
  -DivStress = Ehrenfest Force Density = Minus Divergence of Stress Tensor     
  ESP = Total Electrostatic Potential                                          
  ESPe = Electrostatic Potential from Electrons                                
  ESPn = Electrostatic Potential from Nuclei                                   
  BP = Bond Path                                                               
  BPL = Bond Path Length                                                       
  GBL = Geometric Bond Length                                                  
  GBL_I = Distance Between Nuclear Attractors                                  
  GBL_II = Distance Between Nuclei                                             
  GBL_III = Sum of Distances Between BCP and Nuclear Attractors                
  GBL_IV = Sum of Distances Between BCP and Nuclei                             

CP# 1      Coords =  4.62551414370014E-25  8.33089832382648E-25 -1.50600292156612E-24
           Type = (3,-3) NACP Ni1
           Rho =  1.4571806022E+04     Rho at Nucleus =  1.4571806022E+04
           GradRho =  8.0171608599E-17 -6.4130096717E-18 -1.1493653374E-17
           HessRho_EigVals = -8.4456818109E+08 -8.4456817977E+08 -8.4456817942E+08
           HessRho_EigVec1 =  5.1103725499E-01  5.5406562167E-01 -6.5715463241E-01
           HessRho_EigVec2 =  8.5758018850E-01 -2.7681194025E-01  4.3351051893E-01
           HessRho_EigVec3 = -5.8285026328E-02  7.8510281914E-01  6.1661691437E-01
           DelSqRho = -2.5337045403E+09
           Bond Ellipticity = NA
           V = -6.3396519654E+08
           G =  2.6953073421E+05
           K =  6.3369566580E+08
           L =  6.3342613507E+08
           Vnuc =  2.8000000145E+09
           Ven = -4.0801057073E+13
           Vrep =  4.0800423108E+13
           DelSqV =  1.3171696335E+15
           DelSqVen =  1.2240317059E+30
           DelSqVrep = -1.2240317059E+30
           DelSqG =  3.6769724185E+13
           DelSqK = -1.3539393577E+15
           Stress_EigVals = -2.1132173221E+08 -2.1132173218E+08 -2.1132173216E+08
           Stress_EigVec1 = -7.7932031025E-02  9.8175927073E-01 -1.7342241171E-01
           Stress_EigVec2 =  9.7838499629E-01  4.1892996971E-02 -2.0250376745E-01
           Stress_EigVec3 =  1.9154476649E-01  1.8545541552E-01  9.6380334679E-01
           -DivStress = -1.9134528947E-10 -3.4023870604E-10  6.2273008150E-10
           ESP =  -1.2827903735E+02     ESP at Nucleus =  -1.2827903735E+02
           ESPe = -1.4282446478E+02     ESPe at Nucleus = -1.4282446478E+02
           ESPn =  1.4545427426E+01     ESPn at Nucleus =  1.4545427426E+01

CP# 2      Coords = -3.92144417316020E+00  2.38087419908222E-02  2.13533168757368E-02
           Type = (3,-3) NACP O2
           Rho =  2.9546890641E+02     Rho at Nucleus =  2.9546888570E+02
           GradRho = -1.3754517669E-10 -4.4728977466E-13 -1.4034225171E-12
           HessRho_EigVals = -8.2185110691E+05 -8.2183831686E+05 -8.2181507896E+05
           HessRho_EigVec1 =  7.9225055350E-03  9.9978393479E-01  1.9217638898E-02
           HessRho_EigVec2 =  9.9982616837E-01 -7.5955382671E-03 -1.7027649397E-02
           HessRho_EigVec3 =  1.6878002002E-02 -1.9349199911E-02  9.9967031641E-01
           DelSqRho = -2.4655045027E+06
           Bond Ellipticity = NA
           V = -6.1651570976E+05
           G =  6.9792040695E+01
           K =  6.1644591772E+05
           L =  6.1637612568E+05
           Vnuc =  1.1267672363E+06
           Ven = -3.3292468309E+08
           Vrep =  3.3230816738E+08
           DelSqV =  3.9213914157E+10
           DelSqVen =  2.7780496937E+12
           DelSqVrep = -2.7388357775E+12
           DelSqG =  1.7148142081E+09
           DelSqK = -4.0928728365E+10
           Stress_EigVals = -2.0550985861E+05 -2.0550419745E+05 -2.0550165369E+05
           Stress_EigVec1 =  1.7392254686E-02 -1.9329422381E-02  9.9966188429E-01
           Stress_EigVec2 =  9.9981735079E-01 -7.5865335347E-03 -1.7541652423E-02
           Stress_EigVec3 =  7.9230384175E-03  9.9978438572E-01  1.9193944954E-02
           -DivStress =  9.0599792757E+04 -6.3812274290E+02 -2.5953727788E+03
           ESP =  -2.2012280630E+01     ESP at Nucleus =  -2.2012280809E+01
           ESPe = -3.8507288033E+01     ESPe at Nucleus = -3.8507305734E+01
           ESPn =  1.6495007403E+01     ESPn at Nucleus =  1.6495024925E+01

CP# 3      Coords = -4.97285002472569E+00 -1.39820149416022E+00  1.61012750003140E-02
           Type = (3,-3) NACP H3
           Rho =  4.0543435984E-01     Rho at Nucleus =  3.9569123560E-01
           GradRho =  2.1144034535E-15 -7.6198660419E-17  5.9631119487E-19
           HessRho_EigVals = -7.9802024275E+00 -7.9559041044E+00 -6.2159365988E+00
           HessRho_EigVec1 =  8.1047580333E-01 -5.8523016127E-01 -2.5191874859E-02
           HessRho_EigVec2 =  1.8369893580E-02 -1.7592002697E-02  9.9967648189E-01
           HessRho_EigVec3 =  5.8548400424E-01  8.1067637179E-01  3.5072767358E-03
           DelSqRho = -2.2152043131E+01
           Bond Ellipticity = NA
           V = -5.5978128614E+00
           G =  2.9901039383E-02
           K =  5.5679118221E+00
           L =  5.5380107827E+00
           Vnuc =  3.6428404155E+01
           Ven = -1.4769326719E+01
           Vrep =  9.1715138573E+00
           DelSqV =  1.3437302161E+03
           DelSqVen =  8.0696358003E+02
           DelSqVrep =  5.3676663605E+02
           DelSqG =  1.0317372493E+02
           DelSqK = -1.4469039410E+03
           Stress_EigVals = -2.0203699925E+00 -2.0147725076E+00 -1.5626703613E+00
           Stress_EigVec1 =  1.8753530035E-02 -1.7954434823E-02  9.9966291488E-01
           Stress_EigVec2 =  8.1277365890E-01 -5.8201241501E-01 -2.5700742534E-02
           Stress_EigVec3 =  5.8227766959E-01  8.1298166464E-01  3.6781043791E-03
           -DivStress = -1.4231771259E+01 -1.9859781503E+01 -8.9609875524E-02
           ESP =  -6.5523785344E-01     ESP at Nucleus =  -6.5891041156E-01
           ESPe = -1.8153661731E+01     ESPe at Nucleus = -1.7947516091E+01
           ESPn =  1.7498423877E+01     ESPn at Nucleus =  1.7288605679E+01

CP# 4      Coords = -4.95041892930054E+00  1.46137669199000E+00  7.07529631014326E-02
           Type = (3,-3) NACP H4
           Rho =  4.0537687423E-01     Rho at Nucleus =  3.9563375100E-01
           GradRho = -3.1588189003E-15  1.5044766275E-16  1.9312351197E-17
           HessRho_EigVals = -7.9789785541E+00 -7.9546732997E+00 -6.2147760554E+00
           HessRho_EigVec1 =  8.1961372855E-01  5.7290636608E-01 -3.4105234368E-03
           HessRho_EigVec2 =  1.8629348799E-02 -2.0700886074E-02  9.9961213512E-01
           HessRho_EigVec3 = -5.7261355496E-01  8.1935936500E-01  2.7639602942E-02
           DelSqRho = -2.2148427909E+01
           Bond Ellipticity = NA
           V = -5.5968867915E+00
           G =  2.9889907114E-02
           K =  5.5669968844E+00
           L =  5.5371069773E+00
           Vnuc =  3.6436160530E+01
           Ven = -1.4770376864E+01
           Vrep =  9.1734900729E+00
           DelSqV =  1.3434867652E+03
           DelSqVen =  8.0700367478E+02
           DelSqVrep =  5.3648309044E+02
           DelSqG =  1.0315496985E+02
           DelSqK = -1.4466417351E+03
           Stress_EigVals = -2.0200535345E+00 -2.0144566704E+00 -1.5623765866E+00
           Stress_EigVec1 =  1.8659959425E-02 -2.0603298046E-02  9.9961358035E-01
           Stress_EigVec2 =  8.2187049117E-01  5.6966299859E-01 -3.6005247861E-03
           Stress_EigVec3 = -5.6936868693E-01  8.2162008991E-01  2.7563131125E-02
           -DivStress = -1.3914712097E+01  2.0069734926E+01  6.7300878138E-01
           ESP =  -6.5526901563E-01     ESP at Nucleus =  -6.5894053340E-01
           ESPe = -1.8163019908E+01     ESPe at Nucleus = -1.7957003519E+01
           ESPn =  1.7507750892E+01     ESPn at Nucleus =  1.7298062986E+01

CP# 5      Coords =  3.17162736088310E-02 -3.32950080322787E-02  3.92150184959350E+00
           Type = (3,-3) NACP O5
           Rho =  2.9546901820E+02     Rho at Nucleus =  2.9546899747E+02
           GradRho =  1.4630389151E-12  1.0113698345E-12  8.7596107154E-11
           HessRho_EigVals = -8.2185141522E+05 -8.2183862437E+05 -8.2181539003E+05
           HessRho_EigVec1 =  9.9991912373E-01 -7.1636531740E-03 -1.0508476437E-02
           HessRho_EigVec2 =  1.0301880825E-02 -2.8290702608E-02  9.9954665094E-01
           HessRho_EigVec3 =  7.4576977203E-03  9.9957406840E-01  2.8214615460E-02
           DelSqRho = -2.4655054296E+06
           Bond Ellipticity = NA
           V = -6.1651594052E+05
           G =  6.9791554519E+01
           K =  6.1644614896E+05
           L =  6.1637635741E+05
           Vnuc =  1.1265345668E+06
           Ven = -3.3285606242E+08
           Vrep =  3.3223954648E+08
           DelSqV =  3.9213928771E+10
           DelSqVen =  2.7774770913E+12
           DelSqVrep = -2.7382631626E+12
           DelSqG =  1.7148148465E+09
           DelSqK = -4.0928743617E+10
           Stress_EigVals = -2.0550993504E+05 -2.0550427469E+05 -2.0550173079E+05
           Stress_EigVec1 =  7.4558015854E-03  9.9954914486E-01  2.9084670013E-02
           Stress_EigVec2 =  1.0269874290E-02 -2.9160484365E-02  9.9952198367E-01
           Stress_EigVec3 =  9.9991946711E-01 -7.1535416857E-03 -1.0482658850E-02
           -DivStress = -8.8555502429E+02  4.3459955071E+03 -9.0549394991E+04
           ESP =  -2.2012282631E+01     ESP at Nucleus =  -2.2012282811E+01
           ESPe = -3.8506813025E+01     ESPe at Nucleus = -3.8506830718E+01
           ESPn =  1.6494530394E+01     ESPn at Nucleus =  1.6494547907E+01

CP# 6      Coords = -1.38762255065875E+00 -5.98996512598252E-02  4.97615096039488E+00
           Type = (3,-3) NACP H6
           Rho =  4.0544907221E-01     Rho at Nucleus =  3.9570551686E-01
           GradRho = -9.5392215245E-16 -9.2106362684E-18 -1.8454695398E-15
           HessRho_EigVals = -7.9804858610E+00 -7.9561934057E+00 -6.2161440184E+00
           HessRho_EigVec1 =  5.8751799110E-01 -2.7893329871E-02  8.0873022219E-01
           HessRho_EigVec2 =  4.8179563225E-03  9.9950860243E-01  3.0973229946E-02
           HessRho_EigVec3 =  8.0919676064E-01  1.4300902949E-02 -5.8736367503E-01
           DelSqRho = -2.2152823285E+01
           Bond Ellipticity = NA
           V = -5.5980119652E+00
           G =  2.9903071962E-02
           K =  5.5681088932E+00
           L =  5.5382058213E+00
           Vnuc =  3.6426766042E+01
           Ven = -1.4769198495E+01
           Vrep =  9.1711865301E+00
           DelSqV =  1.3437758118E+03
           DelSqVen =  8.0695571097E+02
           DelSqVrep =  5.3682010080E+02
           DelSqG =  1.0317728018E+02
           DelSqK = -1.4469530919E+03
           Stress_EigVals = -2.0204429961E+00 -2.0148459570E+00 -1.5627230121E+00
           Stress_EigVec1 =  5.2460795422E-03  9.9949403917E-01  3.1371074555E-02
           Stress_EigVec2 =  5.8431295340E-01 -2.8522572804E-02  8.1102702503E-01
           Stress_EigVec3 =  8.1151146088E-01  1.4075812941E-02 -5.8416694562E-01
           -DivStress = -1.9824546461E+01 -3.4389169406E-01  1.4278586229E+01
           ESP =  -6.5524176626E-01     ESP at Nucleus =  -6.5891512409E-01
           ESPe = -1.8152118156E+01     ESPe at Nucleus = -1.7945952544E+01
           ESPn =  1.7496876390E+01     ESPn at Nucleus =  1.7287037420E+01

CP# 7      Coords =  1.47228832113241E+00 -8.03664150324184E-02  4.94641299052330E+00
           Type = (3,-3) NACP H7
           Rho =  4.0536977182E-01     Rho at Nucleus =  3.9562718846E-01
           GradRho =  3.2491845043E-16 -5.0205336850E-17 -9.3315184579E-16
           HessRho_EigVals = -7.9788133267E+00 -7.9545108708E+00 -6.2147014491E+00
           HessRho_EigVec1 = -5.7079429354E-01 -1.9674449126E-02  8.2085735089E-01
           HessRho_EigVec2 =  1.0089281436E-02  9.9946935570E-01  3.0971170855E-02
           HessRho_EigVec3 =  8.2103110834E-01 -2.5960028420E-02  5.7029290375E-01
           DelSqRho = -2.2148025647E+01
           Bond Ellipticity = NA
           V = -5.5967830133E+00
           G =  2.9888300805E-02
           K =  5.5668947125E+00
           L =  5.5370064117E+00
           Vnuc =  3.6438052801E+01
           Ven = -1.4770885150E+01
           Vrep =  9.1741021364E+00
           DelSqV =  1.3434667341E+03
           DelSqVen =  8.0703092795E+02
           DelSqVrep =  5.3643580613E+02
           DelSqG =  1.0315295127E+02
           DelSqK = -1.4466196854E+03
           Stress_EigVals = -2.0200104778E+00 -2.0144145649E+00 -1.5623579706E+00
           Stress_EigVec1 =  9.7469247747E-03  9.9946343355E-01  3.1270472433E-02
           Stress_EigVec2 = -5.6754629988E-01 -2.0217530806E-02  8.2309322008E-01
           Stress_EigVec3 =  8.2328378762E-01 -2.5770068623E-02  5.6704471483E-01
           -DivStress =  2.0109695454E+01 -6.2938875192E-01  1.3857357764E+01
           ESP =  -6.5527841614E-01     ESP at Nucleus =  -6.5894936816E-01
           ESPe = -1.8164558731E+01     ESPe at Nucleus = -1.7958578773E+01
           ESPn =  1.7509280315E+01     ESPn at Nucleus =  1.7299629405E+01

CP# 8      Coords =  1.58039613045166E-02  3.92100018688637E+00  5.11017644389028E-02
           Type = (3,-3) NACP O8
           Rho =  2.9546882150E+02     Rho at Nucleus =  2.9546880079E+02
           GradRho = -9.5646060516E-13  5.5427235637E-11  2.1153219692E-12
           HessRho_EigVals = -8.2185088578E+05 -8.2183809498E+05 -8.2181485685E+05
           HessRho_EigVec1 =  1.1759405153E-02 -1.8088552409E-02  9.9976723324E-01
           HessRho_EigVec2 =  1.2835018134E-02  9.9975672649E-01  1.7937394994E-02
           HessRho_EigVec3 =  9.9984847787E-01 -1.2621097473E-02 -1.1988711300E-02
           DelSqRho = -2.4655038376E+06
           Bond Ellipticity = NA
           V = -6.1651554440E+05
           G =  6.9792500306E+01
           K =  6.1644575190E+05
           L =  6.1637595940E+05
           Vnuc =  1.1268906701E+06
           Ven = -3.3296105825E+08
           Vrep =  3.3234454270E+08
           DelSqV =  3.9213903717E+10
           DelSqVen =  2.7783532759E+12
           DelSqVrep = -2.7391393712E+12
           DelSqG =  1.7148137779E+09
           DelSqK = -4.0928717495E+10
           Stress_EigVals = -2.0550980356E+05 -2.0550414239E+05 -2.0550159846E+05
           Stress_EigVec1 =  9.9984347499E-01 -1.3018069321E-02 -1.1981460667E-02
           Stress_EigVec2 =  1.3230626645E-02  9.9975339017E-01  1.7835620334E-02
           Stress_EigVec3 =  1.1746320579E-02 -1.7991350846E-02  9.9976914098E-01
           -DivStress = -1.9741859495E+03 -9.0594313503E+04 -1.5600811986E+03
           ESP =  -2.2012273316E+01     ESP at Nucleus =  -2.2012273495E+01
           ESPe = -3.8507829059E+01     ESPe at Nucleus = -3.8507846761E+01
           ESPn =  1.6495555743E+01     ESPn at Nucleus =  1.6495573266E+01

CP# 9      Coords =  1.57753905296369E-02  4.98656889472078E+00 -1.36023586928052E+00
           Type = (3,-3) NACP H9
           Rho =  4.0546910205E-01     Rho at Nucleus =  3.9572422942E-01
           GradRho =  5.8140341500E-18  3.2889836179E-15  1.0214278196E-15
           HessRho_EigVals = -7.9809601109E+00 -7.9566653953E+00 -6.2163981049E+00
           HessRho_EigVec1 =  1.7478271782E-02  8.0461927007E-01  5.9353377346E-01
           HessRho_EigVec2 =  9.9984715984E-01 -1.3822899131E-02 -1.0704410896E-02
           HessRho_EigVec3 =  4.0861780028E-04 -5.9363015227E-01  8.0473789233E-01
           DelSqRho = -2.2154023611E+01
           Bond Ellipticity = NA
           V = -5.5983221708E+00
           G =  2.9908133999E-02
           K =  5.5684140368E+00
           L =  5.5385059028E+00
           Vnuc =  3.6420088201E+01
           Ven = -1.4767220459E+01
           Vrep =  9.1688982885E+00
           DelSqV =  1.3438399992E+03
           DelSqVen =  8.0685149391E+02
           DelSqVrep =  5.3698850524E+02
           DelSqG =  1.0318353701E+02
           DelSqK = -1.4470235362E+03
           Stress_EigVals = -2.0205670154E+00 -2.0149683388E+00 -1.5627868166E+00
           Stress_EigVec1 =  9.9984098281E-01 -1.4072054907E-02 -1.0953828809E-02
           Stress_EigVec2 =  1.7824877778E-02  8.0695233466E-01  5.9034752757E-01
           Stress_EigVec3 =  5.3181490817E-04 -5.9044890283E-01  8.0707484803E-01
           -DivStress = -1.2878100860E-02  1.4433715391E+01 -1.9717753775E+01
           ESP =  -6.5520428221E-01     ESP at Nucleus =  -6.5887910546E-01
           ESPe = -1.8146190104E+01     ESPe at Nucleus = -1.7939907315E+01
           ESPn =  1.7490985821E+01     ESPn at Nucleus =  1.7281028210E+01

CP# 10     Coords =  4.92271174087517E-02  4.93562434175147E+00  1.49937032597440E+00
           Type = (3,-3) NACP H10
           Rho =  4.0534107907E-01     Rho at Nucleus =  3.9559903981E-01
           GradRho =  3.2864878353E-18 -4.8754125889E-16  4.9982874234E-16
           HessRho_EigVals = -7.9781731509E+00 -7.9538609753E+00 -6.2141688715E+00
           HessRho_EigVec1 =  4.1212592228E-03  8.2541045706E-01 -5.6451801795E-01
           HessRho_EigVec2 =  9.9981751155E-01 -1.3931670143E-02 -1.3071042633E-02
           HessRho_EigVec3 =  1.8653654090E-02  5.6436113078E-01  8.2531724522E-01
           DelSqRho = -2.2146202998E+01
           Bond Ellipticity = NA
           V = -5.5963168877E+00
           G =  2.9883069130E-02
           K =  5.5664338186E+00
           L =  5.5365507494E+00
           Vnuc =  3.6444583470E+01
           Ven = -1.4772486790E+01
           Vrep =  9.1761699025E+00
           DelSqV =  1.3433511643E+03
           DelSqVen =  8.0710914369E+02
           DelSqVrep =  5.3624202061E+02
           DelSqG =  1.0314334266E+02
           DelSqK = -1.4464945070E+03
           Stress_EigVals = -2.0198452181E+00 -2.0142486308E+00 -1.5622230389E+00
           Stress_EigVec1 =  9.9981798216E-01 -1.3990571461E-02 -1.2971755951E-02
           Stress_EigVec2 =  4.2995296745E-03  8.2763685649E-01 -5.6124749249E-01
           Stress_EigVec3 =  1.8588076469E-02  5.6108956299E-01  8.2754636470E-01
           -DivStress =  4.5379526893E-01  1.3710690479E+01  2.0212675259E+01
           ESP =  -6.5528178095E-01     ESP at Nucleus =  -6.5895155733E-01
           ESPe = -1.8171345765E+01     ESPe at Nucleus = -1.7965450918E+01
           ESPn =  1.7516063984E+01     ESPn at Nucleus =  1.7306499361E+01

CP# 11     Coords =  3.92144417316020E+00 -2.38087419908222E-02 -2.13533168757368E-02
           Type = (3,-3) NACP O11
           Rho =  2.9546890641E+02     Rho at Nucleus =  2.9546888570E+02
           GradRho =  1.3754473268E-10  4.4720650794E-13  1.4034468032E-12
           HessRho_EigVals = -8.2185110691E+05 -8.2183831686E+05 -8.2181507896E+05
           HessRho_EigVec1 =  7.9225055350E-03  9.9978393479E-01  1.9217638898E-02
           HessRho_EigVec2 =  9.9982616837E-01 -7.5955382671E-03 -1.7027649397E-02
           HessRho_EigVec3 =  1.6878002003E-02 -1.9349199911E-02  9.9967031641E-01
           DelSqRho = -2.4655045027E+06
           Bond Ellipticity = NA
           V = -6.1651570976E+05
           G =  6.9792040695E+01
           K =  6.1644591772E+05
           L =  6.1637612568E+05
           Vnuc =  1.1267672363E+06
           Ven = -3.3292468309E+08
           Vrep =  3.3230816738E+08
           DelSqV =  3.9213914157E+10
           DelSqVen =  2.7780496916E+12
           DelSqVrep = -2.7388357775E+12
           DelSqG =  1.7148142081E+09
           DelSqK = -4.0928728365E+10
           Stress_EigVals = -2.0550985861E+05 -2.0550419745E+05 -2.0550165369E+05
           Stress_EigVec1 =  1.7392254686E-02 -1.9329422381E-02  9.9966188429E-01
           Stress_EigVec2 =  9.9981735079E-01 -7.5865335347E-03 -1.7541652423E-02
           Stress_EigVec3 =  7.9230384175E-03  9.9978438572E-01  1.9193944954E-02
           -DivStress = -9.0599792757E+04  6.3812274290E+02  2.5953727788E+03
           ESP =  -2.2012280630E+01     ESP at Nucleus =  -2.2012280809E+01
           ESPe = -3.8507288033E+01     ESPe at Nucleus = -3.8507305734E+01
           ESPn =  1.6495007403E+01     ESPn at Nucleus =  1.6495024925E+01

CP# 12     Coords =  4.97285002472569E+00  1.39820149416022E+00 -1.61012750003140E-02
           Type = (3,-3) NACP H12
           Rho =  4.0543435984E-01     Rho at Nucleus =  3.9569123560E-01
           GradRho = -2.1256783090E-15  7.0995760540E-17 -2.2226144536E-18
           HessRho_EigVals = -7.9802024275E+00 -7.9559041044E+00 -6.2159365988E+00
           HessRho_EigVec1 =  8.1047580333E-01 -5.8523016127E-01 -2.5191874859E-02
           HessRho_EigVec2 =  1.8369893580E-02 -1.7592002697E-02  9.9967648189E-01
           HessRho_EigVec3 =  5.8548400424E-01  8.1067637179E-01  3.5072767358E-03
           DelSqRho = -2.2152043131E+01
           Bond Ellipticity = NA
           V = -5.5978128614E+00
           G =  2.9901039383E-02
           K =  5.5679118221E+00
           L =  5.5380107827E+00
           Vnuc =  3.6428404155E+01
           Ven = -1.4769326719E+01
           Vrep =  9.1715138573E+00
           DelSqV =  1.3437302161E+03
           DelSqVen =  8.0696358003E+02
           DelSqVrep =  5.3676663605E+02
           DelSqG =  1.0317372493E+02
           DelSqK = -1.4469039410E+03
           Stress_EigVals = -2.0203699925E+00 -2.0147725076E+00 -1.5626703613E+00
           Stress_EigVec1 =  1.8753530035E-02 -1.7954434823E-02  9.9966291488E-01
           Stress_EigVec2 =  8.1277365890E-01 -5.8201241501E-01 -2.5700742534E-02
           Stress_EigVec3 =  5.8227766959E-01  8.1298166464E-01  3.6781043791E-03
           -DivStress =  1.4231771259E+01  1.9859781503E+01  8.9609875524E-02
           ESP =  -6.5523785344E-01     ESP at Nucleus =  -6.5891041156E-01
           ESPe = -1.8153661731E+01     ESPe at Nucleus = -1.7947516091E+01
           ESPn =  1.7498423877E+01     ESPn at Nucleus =  1.7288605679E+01

CP# 13     Coords =  4.95041892930054E+00 -1.46137669199000E+00 -7.07529631014326E-02
           Type = (3,-3) NACP H13
           Rho =  4.0537687423E-01     Rho at Nucleus =  3.9563375100E-01
           GradRho =  3.1553509885E-15 -1.7907081186E-16 -1.5368565795E-17
           HessRho_EigVals = -7.9789785541E+00 -7.9546732997E+00 -6.2147760554E+00
           HessRho_EigVec1 =  8.1961372855E-01  5.7290636608E-01 -3.4105234368E-03
           HessRho_EigVec2 =  1.8629348799E-02 -2.0700886074E-02  9.9961213512E-01
           HessRho_EigVec3 = -5.7261355496E-01  8.1935936500E-01  2.7639602942E-02
           DelSqRho = -2.2148427909E+01
           Bond Ellipticity = NA
           V = -5.5968867915E+00
           G =  2.9889907114E-02
           K =  5.5669968844E+00
           L =  5.5371069773E+00
           Vnuc =  3.6436160530E+01
           Ven = -1.4770376864E+01
           Vrep =  9.1734900729E+00
           DelSqV =  1.3434867652E+03
           DelSqVen =  8.0700367478E+02
           DelSqVrep =  5.3648309044E+02
           DelSqG =  1.0315496985E+02
           DelSqK = -1.4466417351E+03
           Stress_EigVals = -2.0200535345E+00 -2.0144566704E+00 -1.5623765866E+00
           Stress_EigVec1 =  1.8659959425E-02 -2.0603298046E-02  9.9961358035E-01
           Stress_EigVec2 =  8.2187049117E-01  5.6966299859E-01 -3.6005247861E-03
           Stress_EigVec3 = -5.6936868693E-01  8.2162008991E-01  2.7563131125E-02
           -DivStress =  1.3914712097E+01 -2.0069734926E+01 -6.7300878138E-01
           ESP =  -6.5526901563E-01     ESP at Nucleus =  -6.5894053340E-01
           ESPe = -1.8163019908E+01     ESPe at Nucleus = -1.7957003519E+01
           ESPn =  1.7507750892E+01     ESPn at Nucleus =  1.7298062986E+01

CP# 14     Coords = -3.17162736088310E-02  3.32950080322787E-02 -3.92150184959350E+00
           Type = (3,-3) NACP O14
           Rho =  2.9546901820E+02     Rho at Nucleus =  2.9546899747E+02
           GradRho = -1.4630393624E-12 -1.0116714866E-12 -8.7593442512E-11
           HessRho_EigVals = -8.2185141522E+05 -8.2183862437E+05 -8.2181539003E+05
           HessRho_EigVec1 =  9.9991912373E-01 -7.1636531740E-03 -1.0508476437E-02
           HessRho_EigVec2 =  1.0301880826E-02 -2.8290702608E-02  9.9954665094E-01
           HessRho_EigVec3 =  7.4576977203E-03  9.9957406840E-01  2.8214615460E-02
           DelSqRho = -2.4655054296E+06
           Bond Ellipticity = NA
           V = -6.1651594052E+05
           G =  6.9791554519E+01
           K =  6.1644614896E+05
           L =  6.1637635741E+05
           Vnuc =  1.1265345668E+06
           Ven = -3.3285606242E+08
           Vrep =  3.3223954648E+08
           DelSqV =  3.9213928771E+10
           DelSqVen =  2.7774770913E+12
           DelSqVrep = -2.7382631626E+12
           DelSqG =  1.7148148465E+09
           DelSqK = -4.0928743617E+10
           Stress_EigVals = -2.0550993504E+05 -2.0550427469E+05 -2.0550173079E+05
           Stress_EigVec1 =  7.4558015854E-03  9.9954914486E-01  2.9084670014E-02
           Stress_EigVec2 =  1.0269874290E-02 -2.9160484365E-02  9.9952198367E-01
           Stress_EigVec3 =  9.9991946711E-01 -7.1535416857E-03 -1.0482658850E-02
           -DivStress =  8.8555502429E+02 -4.3459955071E+03  9.0549394991E+04
           ESP =  -2.2012282631E+01     ESP at Nucleus =  -2.2012282811E+01
           ESPe = -3.8506813025E+01     ESPe at Nucleus = -3.8506830718E+01
           ESPn =  1.6494530394E+01     ESPn at Nucleus =  1.6494547907E+01

CP# 15     Coords =  1.38762255065875E+00  5.98996512598252E-02 -4.97615096039488E+00
           Type = (3,-3) NACP H15
           Rho =  4.0544907221E-01     Rho at Nucleus =  3.9570551686E-01
           GradRho =  9.1229577705E-16  1.1433250722E-17  1.8628119835E-15
           HessRho_EigVals = -7.9804858610E+00 -7.9561934057E+00 -6.2161440184E+00
           HessRho_EigVec1 =  5.8751799110E-01 -2.7893329871E-02  8.0873022219E-01
           HessRho_EigVec2 =  4.8179563225E-03  9.9950860243E-01  3.0973229946E-02
           HessRho_EigVec3 =  8.0919676064E-01  1.4300902949E-02 -5.8736367503E-01
           DelSqRho = -2.2152823285E+01
           Bond Ellipticity = NA
           V = -5.5980119652E+00
           G =  2.9903071962E-02
           K =  5.5681088932E+00
           L =  5.5382058213E+00
           Vnuc =  3.6426766042E+01
           Ven = -1.4769198495E+01
           Vrep =  9.1711865301E+00
           DelSqV =  1.3437758118E+03
           DelSqVen =  8.0695571097E+02
           DelSqVrep =  5.3682010080E+02
           DelSqG =  1.0317728018E+02
           DelSqK = -1.4469530919E+03
           Stress_EigVals = -2.0204429961E+00 -2.0148459570E+00 -1.5627230121E+00
           Stress_EigVec1 =  5.2460795422E-03  9.9949403917E-01  3.1371074555E-02
           Stress_EigVec2 =  5.8431295340E-01 -2.8522572804E-02  8.1102702503E-01
           Stress_EigVec3 =  8.1151146088E-01  1.4075812941E-02 -5.8416694562E-01
           -DivStress =  1.9824546461E+01  3.4389169406E-01 -1.4278586229E+01
           ESP =  -6.5524176626E-01     ESP at Nucleus =  -6.5891512409E-01
           ESPe = -1.8152118156E+01     ESPe at Nucleus = -1.7945952544E+01
           ESPn =  1.7496876390E+01     ESPn at Nucleus =  1.7287037420E+01

CP# 16     Coords = -1.47228832113241E+00  8.03664150324184E-02 -4.94641299052330E+00
           Type = (3,-3) NACP H16
           Rho =  4.0536977182E-01     Rho at Nucleus =  3.9562718846E-01
           GradRho = -3.1103261581E-16  5.1109968037E-17  9.4356632764E-16
           HessRho_EigVals = -7.9788133267E+00 -7.9545108708E+00 -6.2147014491E+00
           HessRho_EigVec1 = -5.7079429354E-01 -1.9674449126E-02  8.2085735089E-01
           HessRho_EigVec2 =  1.0089281436E-02  9.9946935570E-01  3.0971170855E-02
           HessRho_EigVec3 =  8.2103110834E-01 -2.5960028420E-02  5.7029290375E-01
           DelSqRho = -2.2148025647E+01
           Bond Ellipticity = NA
           V = -5.5967830133E+00
           G =  2.9888300805E-02
           K =  5.5668947125E+00
           L =  5.5370064117E+00
           Vnuc =  3.6438052801E+01
           Ven = -1.4770885150E+01
           Vrep =  9.1741021364E+00
