AIMSum (Version 16.05.18, Professional)
Copyright (c) 1997-2016 by Todd A. Keith
AIMSum is a component of the AIMAll package ( http://aim.tkgristmill.com )

TP:  64-bit Linux

Licensed To:  Research Group of Fernando Cortes Guzman, UNAM, fercor@unam.mx

Much of the Quantum Theory of Atoms in Molecules (QTAIM) is described in the book:
  "Atoms in Molecules - A Quantum Theory"
  R.F.W. Bader, Oxford University Press, Oxford, 1990

For additional references see:  http://aim.tkgristmill.com/references.html

Wfx File:  /home/david/David/max_int/Ni23_beta.wfx
Sum File:  /home/david/David/max_int/Ni23_beta.sum

SumViz File:  /home/david/David/max_int/Ni23_beta.sumviz

Wfx Title:   Ni[H2O]6 (2+)                                                                 
 
Total memory allocated for AIMSum =        1.519 Megabytes

Atomic units (a.u.) used throughout, except where stated otherwise

Model:  Unknown
 
Unrestricted, natural orbital wavefunction.
  Number of electrons (from MO Occs)                   =          42.0000000000
  Number of Alpha electrons (from MO Occs)             =           0.0000000000
  Number of Beta electrons (from MO Occs)              =          42.0000000000
  Number of electron pairs (N*(N-1)/2)                 =         861.0000000000
  Number of electron pairs (from Muller 2EDM)          =         861.0000000000
  Number of electron pairs (from Muller 2EDM, no SOSI) =         861.0000000000
 
Nuclear Charges and Cartesian Coordinates:
-------------------------------------------------------------------------------
Atom      Charge                X                  Y                  Z
-------------------------------------------------------------------------------
Ni1       28.0           0.0000000000E+00   0.0000000000E+00   0.0000000000E+00
O2         8.0          -3.9214370762E+00   2.3808692006E-02   2.1353113559E-02
H3         1.0          -5.0036284683E+00  -1.4411347422E+00   1.5908824041E-02
H4         1.0          -4.9805167560E+00   1.5047711243E+00   7.2209196531E-02
O5         8.0           3.1716204243E-02  -3.3294667576E-02   3.9214947566E+00
H6         1.0          -1.4304780954E+00  -6.0645056125E-02   5.0070295418E+00
H7         1.0           1.5157699755E+00  -8.1729232401E-02   4.9763872796E+00
O8         8.0           1.5803806651E-02   3.9209930903E+00   5.1101642237E-02
H9         1.0           1.5748508240E-02   5.0177812945E+00  -1.4028581362E+00
H10        1.0           5.0209233756E-02   4.9652838866E+00   1.5430783458E+00
O11        8.0           3.9214370762E+00  -2.3808692006E-02  -2.1353113559E-02
H12        1.0           5.0036284683E+00   1.4411347422E+00  -1.5908824041E-02
H13        1.0           4.9805167560E+00  -1.5047711243E+00  -7.2209196531E-02
O14        8.0          -3.1716204243E-02   3.3294667576E-02  -3.9214947566E+00
H15        1.0           1.4304780954E+00   6.0645056125E-02  -5.0070295418E+00
H16        1.0          -1.5157699755E+00   8.1729232401E-02  -4.9763872796E+00
O17        8.0          -1.5803806651E-02  -3.9209930903E+00  -5.1101642237E-02
H18        1.0          -1.5748508240E-02  -5.0177812945E+00   1.4028581362E+00
H19        1.0          -5.0209233756E-02  -4.9652838866E+00  -1.5430783458E+00
 
Some Atomic Properties:
----------------------
  q(A) = Net Charge of Atom A
  L(A) = Lagrangian of Atom A = -(1/4) Times Atomic Integral of the Laplacian of the Electron Density
  K(A) = Electronic Kinetic Energy of Atom A (Hamiltonian Form)
  K_Scaled(A) = K(A) * E(Mol)/K(Mol) = Approximation to Virial-Based Total Energy of Atom A.
  |Mu_Intra(A)| = Magnitude of Intraatomic Dipole Moment of Atom A
--------------------------------------------------------------------------------------------------
Atom A          q(A)              L(A)              K(A)          K_Scaled(A)      |Mu_Intra(A)|
--------------------------------------------------------------------------------------------------
Ni1       1.5716326490E+01 -1.2349585382E-03  7.4333192281E+02 -7.4445894101E+02  7.8447078401E-09
O2        3.3903714170E+00  2.2905086696E-04  3.7719967475E+01 -3.7777157391E+01  1.2093772348E-01
H3        8.2823048824E-01  1.0249663570E-05  1.6121214167E-01 -1.6145656683E-01  6.4263852041E-02
H4        8.2825986836E-01  1.1431319018E-05  1.6118557700E-01 -1.6142996187E-01  6.4254259767E-02
O5        3.3903731365E+00  2.1204225508E-04  3.7719934114E+01 -3.7777123979E+01  1.2094722722E-01
H6        8.2822845024E-01  1.0754709487E-05  1.6121648302E-01 -1.6146091476E-01  6.4265054357E-02
H7        8.2824801540E-01  1.0555925501E-05  1.6119049861E-01 -1.6143489094E-01  6.4258380023E-02
O8        3.3903446359E+00  1.9124187004E-04  3.7719981453E+01 -3.7777171390E+01  1.2093384388E-01
H9        8.2825649633E-01  9.6781290225E-06  1.6120284448E-01 -1.6144725553E-01  6.4254429006E-02
H10       8.2824882616E-01  1.1405905501E-05  1.6118522714E-01 -1.6142961148E-01  6.4259846839E-02
O11       3.3903713246E+00  2.2906154264E-04  3.7719967782E+01 -3.7777157698E+01  1.2093801561E-01
H12       8.2823044723E-01  9.7920396697E-06  1.6121180102E-01 -1.6145622565E-01  6.4264054328E-02
H13       8.2825842285E-01  9.5660581884E-06  1.6118506250E-01 -1.6142944660E-01  6.4255567166E-02
O14       3.3903731198E+00  2.1195615445E-04  3.7719934019E+01 -3.7777123884E+01  1.2094728443E-01
H15       8.2822722243E-01  9.8462767579E-06  1.6121669005E-01 -1.6146112210E-01  6.4265066837E-02
H16       8.2824720147E-01  9.8714698820E-06  1.6119051553E-01 -1.6143490790E-01  6.4258791473E-02
O17       3.3903446379E+00  1.9137794609E-04  3.7719981652E+01 -3.7777171589E+01  1.2093385295E-01
H18       8.2825753968E-01  1.1055334263E-05  1.6120343490E-01 -1.6144784685E-01  6.4253546201E-02
H19       8.2824739323E-01  1.0060018144E-05  1.6118516650E-01 -1.6142955076E-01  6.4260290934E-02
--------------------------------------------------------------------------------------------------
Total     4.5997445133E+01  1.5403894606E-04  9.7158607475E+02 -9.7305916524E+02
 
Molecular charge q(Mol) from the wfx file:   4.6000000000E+01
Molecular energy E(Mol) from the wfx file:  -1.9663574098E+03
Molecular virial ratio (-V(Mol)/T(Mol)) from the wfx file:   2.0015161709E+00
Full molecular virial ratio ((-V(Mol)+W(Mol))/T(Mol)) from the wfx file:   2.0015161730E+00
Note.  K_Scaled(A) = (1+V(Mol)/T(Mol))*K(A) = (E(Mol)/T(Mol))*K(A)
       Only use K_Scaled(A) data with caution.
 
Note.  Potentially significant cumulative integration error.
 
N_AIMInt(SumA)     =         42.002555
N_Analytic(Mol)    =         42.000000
 
G_AIMInt(SumA)     =        971.585921
G_Analytic(Mol)    =        971.584006
 
K_AIMInt(SumA)     =        971.586075
K_Analytic(Mol)    =        971.584006
 
L_AIMInt(SumA)     =          0.000154
L_Analytic(Mol)    =          0.000000
 
VenT_AIMInt(SumA)  =      -2976.722000
VenT_Analytic(Mol) =      -2976.665148
 
Some Information About the Atomic Calculations:
----------------------------------------------
  Time(sec) = "Elapsed User Time", in Seconds, for Atom A by AIMInt and, if used, by TWOe
  NProc = Number of Processors Used for AIMInt Job
  BIM = Basin Integration Method
  OAQ = Angular Quadrature Outside of Beta Sphere
  ORQ = Multiple of Default for Radial Quadrature Outside of Beta Sphere
  IAQ = Multiple of Default for Angular Quadrature Inside of Beta Sphere
  IRQ = Multiple of Default for Radial Quadrature Inside of Beta Sphere
  MIR = Maximum Integration Radius
------------------------------------------------------------------------------------------------------
Atom A     Time(sec)   NProc      BIM              OAQ                 ORQ      IAQ      IRQ      MIR
------------------------------------------------------------------------------------------------------
Ni1          1543        8    Promega(1)    4334      (Very High)      Auto     Auto     Auto    13.00
O2           1322        8    Promega(1)    4334      (Very High)      Auto     Auto     Auto    13.00
H3            212        8     Proaim(5)    2030      (Very High)      Auto     Auto     Auto    13.00
H4            178        8     Proaim(5)    2030      (Very High)      Auto     Auto     Auto    13.00
O5           1083        8    Promega(1)    4334      (Very High)      Auto     Auto     Auto    13.00
H6            179        8     Proaim(5)    2030      (Very High)      Auto     Auto     Auto    13.00
H7            188        8     Proaim(5)    2030      (Very High)      Auto     Auto     Auto    13.00
O8            870        8    Promega(1)    4334      (Very High)      Auto     Auto     Auto    13.00
H9            142        8     Proaim(5)    2030      (Very High)      Auto     Auto     Auto    13.00
H10           147        8     Proaim(5)    2030      (Very High)      Auto     Auto     Auto    13.00
O11           620        8    Promega(1)    4334      (Very High)      Auto     Auto     Auto    13.00
H12           123        8     Proaim(5)    2030      (Very High)      Auto     Auto     Auto    13.00
H13           114        8     Proaim(5)    2030      (Very High)      Auto     Auto     Auto    13.00
O14           592        8    Promega(1)    4334      (Very High)      Auto     Auto     Auto    13.00
H15           122        8     Proaim(5)    2030      (Very High)      Auto     Auto     Auto    13.00
H16           125        8     Proaim(5)    2030      (Very High)      Auto     Auto     Auto    13.00
O17           603        8    Promega(1)    4334      (Very High)      Auto     Auto     Auto    13.00
H18           122        8     Proaim(5)    2030      (Very High)      Auto     Auto     Auto    13.00
H19           118        8     Proaim(5)    2030      (Very High)      Auto     Auto     Auto    13.00
------------------------------------------------------------------------------------------------------
Total        8403
Note:  Total wall clock time is less than total of atomic times if more than one atom
       was calculated at a time
Note:  Total time does not include times for diatomic interaction energy calculations (3053 seconds)
 
Electron Density Critical Point Analysis of Molecular Structure:               
---------------------------------------------------------------                
  NACP = Nuclear Attractor Critical Point                                      
  NNACP = Non-Nuclear Attractor Critical Point                                 
  BCP = Bond Critical Point                                                    
  RCP = Ring Critical Point                                                    
  CCP = Cage Critical Point                                                    
  Rho = Electron Density                                                       
  GradRho = Gradient of Electron Density                                       
  HessRho_EigVals = Eigenvalues of the Hessian of Rho, Ascending Order         
  HessRho_EigVecs = Eigenvectors of the Hessian of Rho                         
  DelSqRho = Laplacian of Rho = Trace of Hessian of Rho                        
  Bond Ellipticity = (HessRho_EigVal(1) / HessRho_EigVal(2)) - 1               
  V = Virial Field = Potential Energy Density = Trace of Stress Tensor         
  G = Lagrangian Form of Kinetic Energy Density                                
  K = Hamiltonian Form of Kinetic Energy Density                               
  L = K - G = Lagrangian Density = (-1/4)DelSqRho                              
  Vnuc = Electrostatic Potential from Nuclei                                   
  Ven = Electron-nuclear attractive contribution to Virial Field V             
  Vrep = V - Ven = Repulsive contribution to Virial Field V                    
  DelSqV = Laplacian of V                                                      
  DelSqVen = Laplacian of Ven                                                  
  DelSqVrep = Laplacian of Vrep                                                
  DelSqG = Laplacian of G                                                      
  DelSqK = Laplacian of K                                                      
  Stress_EigVals = Eigenvalues of Stress Tensor, Ascending Order               
  Stress_EigVecs = Eigenvectors of Stress Tensor                               
  -DivStress = Ehrenfest Force Density = Minus Divergence of Stress Tensor     
  ESP = Total Electrostatic Potential                                          
  ESPe = Electrostatic Potential from Electrons                                
  ESPn = Electrostatic Potential from Nuclei                                   
  BP = Bond Path                                                               
  BPL = Bond Path Length                                                       
  GBL = Geometric Bond Length                                                  
  GBL_I = Distance Between Nuclear Attractors                                  
  GBL_II = Distance Between Nuclei                                             
  GBL_III = Sum of Distances Between BCP and Nuclear Attractors                
  GBL_IV = Sum of Distances Between BCP and Nuclei                             

CP# 1      Coords = -8.53906396170564E-25 -3.08847886533818E-26 -3.48818880438266E-25
           Type = (3,-3) NACP Ni1
           Rho =  7.2864698332E+03     Rho at Nucleus =  7.2864698332E+03
           GradRho = -8.7598285232E-18  5.5650624935E-18  3.1242036900E-17
           HessRho_EigVals = -4.2232231077E+08 -4.2232231001E+08 -4.2232230981E+08
           HessRho_EigVec1 =  5.1940703362E-01  5.7942694059E-01 -6.2807702867E-01
           HessRho_EigVec2 =  8.5436671201E-01 -3.6636079089E-01  3.6856111069E-01
           HessRho_EigVec3 =  1.6548560179E-02  7.2804133908E-01  6.8533346171E-01
           DelSqRho = -1.2669669306E+09
           Bond Ellipticity = NA
           V = -3.1701140486E+08
           G =  1.3483610952E+05
           K =  3.1687656876E+08
           L =  3.1674173265E+08
           Vnuc =  2.8000000145E+09
           Ven = -2.0402115639E+13
           Vrep =  2.0401798627E+13
           DelSqV =  6.5864471476E+14
           DelSqVen =  6.1206346599E+29
           DelSqVrep = -6.1206346599E+29
           DelSqG =  1.8386797640E+13
           DelSqK = -6.7703151240E+14
           Stress_EigVals = -1.0567046831E+08 -1.0567046829E+08 -1.0567046827E+08
           Stress_EigVec1 = -2.7980409695E-01  9.5417129319E-01  1.0614523347E-01
           Stress_EigVec2 =  8.0336101771E-01  1.7216443192E-01  5.7006182436E-01
           Stress_EigVec3 = -5.2566219433E-01 -2.4477857676E-01  8.1471633457E-01
           -DivStress =  1.7674030644E-10  5.8664751063E-12  7.2196292910E-11
           ESP =  -5.5448238525E+01     ESP at Nucleus =  -5.5448238525E+01
           ESPe = -6.9993665951E+01     ESPe at Nucleus = -6.9993665951E+01
           ESPn =  1.4545427426E+01     ESPn at Nucleus =  1.4545427426E+01

CP# 2      Coords = -3.92144343483782E+00  2.38087365474362E-02  2.13533181126147E-02
           Type = (3,-3) NACP O2
           Rho =  1.4768622274E+02     Rho at Nucleus =  1.4768621443E+02
           GradRho = -7.5034218639E-11  1.3520001091E-16 -6.0674035240E-13
           HessRho_EigVals = -4.1078670038E+05 -4.1078123947E+05 -4.1076869571E+05
           HessRho_EigVec1 =  7.9882975436E-03  9.9978338209E-01  1.9219156846E-02
           HessRho_EigVec2 =  9.9984622805E-01 -7.6857967421E-03 -1.5762257890E-02
           HessRho_EigVec3 =  1.5611128970E-02 -1.9342115085E-02  9.9969103989E-01
           DelSqRho = -1.2323366356E+06
           Bond Ellipticity = NA
           V = -3.0815343955E+05
           G =  3.4640328555E+01
           K =  3.0811879922E+05
           L =  3.0808415889E+05
           Vnuc =  1.2574635173E+06
           Ven = -1.8571003710E+08
           Vrep =  1.8540188366E+08
           DelSqV =  1.9600353079E+10
           DelSqVen =  1.5496183578E+12
           DelSqVrep = -1.5300180047E+12
           DelSqG =  8.5710752006E+08
           DelSqK = -2.0457460599E+10
           Stress_EigVals = -1.0272018567E+05 -1.0271716526E+05 -1.0271608861E+05
           Stress_EigVec1 =  1.6115279579E-02 -1.9323242745E-02  9.9968340491E-01
           Stress_EigVec2 =  9.9983839167E-01 -7.6560720892E-03 -1.6265765017E-02
           Stress_EigVec3 =  7.9679555402E-03  9.9978397509E-01  1.9196740206E-02
           -DivStress =  4.0573403619E+04 -2.8421930257E+02 -1.3051473087E+03
           ESP =  -2.4935785615E+00     ESP at Nucleus =  -2.4935703869E+00
           ESPe = -1.8988587787E+01     ESPe at Nucleus = -1.8988595311E+01
           ESPn =  1.6495009226E+01     ESPn at Nucleus =  1.6495024925E+01

CP# 3      Coords = -4.97263567202491E+00 -1.39819034323669E+00  1.61017037509736E-02
           Type = (3,-3) NACP H3
           Rho =  2.0232588367E-01     Rho at Nucleus =  1.9744274291E-01
           GradRho =  2.7030413769E-15  2.5995500444E-15  1.1872013789E-17
           HessRho_EigVals = -3.9815063752E+00 -3.9687308666E+00 -3.0975449852E+00
           HessRho_EigVec1 =  8.0907597618E-01 -5.8720202007E-01 -2.4286876982E-02
           HessRho_EigVec2 =  1.7595584235E-02 -1.7103822759E-02  9.9969888200E-01
           HessRho_EigVec3 =  5.8744060141E-01  8.0925969062E-01  3.5061294880E-03
           DelSqRho = -1.1047782227E+01
           Bond Ellipticity = NA
           V = -2.7915966981E+00
           G =  1.4825570700E-02
           K =  2.7767711274E+00
           L =  2.7619455567E+00
           Vnuc =  3.6381182707E+01
           Ven = -7.3608549400E+00
           Vrep =  4.5692582419E+00
           DelSqV =  6.6978786434E+02
           DelSqVen =  4.0193138370E+02
           DelSqVrep =  2.6785648064E+02
           DelSqG =  5.1426131277E+01
           DelSqK = -7.2121399562E+02
           Stress_EigVals = -1.0079071408E+00 -1.0050353336E+00 -7.7865422379E-01
           Stress_EigVec1 =  1.8198956767E-02 -1.7648466276E-02  9.9967861316E-01
           Stress_EigVec2 =  8.1102465653E-01 -5.8447399680E-01 -2.5082933608E-02
           Stress_EigVec3 =  5.8472882986E-01  8.1122048710E-01  3.6765243008E-03
           -DivStress = -7.1473023910E+00 -9.9066108781E+00 -4.4788300142E-02
           ESP =   8.6172732700E+00     ESP at Nucleus =   8.5085301343E+00
           ESPe = -8.8819039374E+00     ESPe at Nucleus = -8.7800755447E+00
           ESPn =  1.7499177207E+01     ESPn at Nucleus =  1.7288605679E+01

CP# 4      Coords = -4.95020671430790E+00  1.46136318514120E+00  7.07530669725951E-02
           Type = (3,-3) NACP H4
           Rho =  2.0230376960E-01     Rho at Nucleus =  1.9742076434E-01
           GradRho =  5.5438222753E-15 -8.5662379544E-15 -2.8395254897E-16
           HessRho_EigVals = -3.9810579187E+00 -3.9682791484E+00 -3.0971420577E+00
           HessRho_EigVec1 =  8.1825357200E-01  5.7485237874E-01 -2.4154835446E-03
           HessRho_EigVec2 =  1.7833735101E-02 -2.1184499985E-02  9.9961651390E-01
           HessRho_EigVec3 = -5.7458076003E-01  8.1798286022E-01  2.7586057828E-02
           DelSqRho = -1.1046479125E+01
           Bond Ellipticity = NA
           V = -2.7912603684E+00
           G =  1.4820293575E-02
           K =  2.7764400748E+00
           L =  2.7616197812E+00
           Vnuc =  3.6389639359E+01
           Ven = -7.3617612166E+00
           Vrep =  4.5705008482E+00
           DelSqV =  6.6970194822E+02
           DelSqVen =  4.0197739154E+02
           DelSqVrep =  2.6772455668E+02
           DelSqG =  5.1419666599E+01
           DelSqK = -7.2112161482E+02
           Stress_EigVals = -1.0077897261E+00 -1.0049182994E+00 -7.7855234290E-01
           Stress_EigVec1 =  1.8089266187E-02 -2.0907619157E-02  9.9961775190E-01
           Stress_EigVec2 =  8.2016991684E-01  5.7211278344E-01 -2.8758550434E-03
           Stress_EigVec3 = -5.7183396713E-01  8.1990843055E-01  2.7496900693E-02
           -DivStress = -6.9889986499E+00  1.0012319863E+01  3.3561948547E-01
           ESP =   8.6220365607E+00     ESP at Nucleus =   8.5133642713E+00
           ESPe = -8.8864592900E+00     ESPe at Nucleus = -8.7846987145E+00
           ESPn =  1.7508495851E+01     ESPn at Nucleus =  1.7298062986E+01

CP# 5      Coords =  3.17162664201146E-02 -3.32950107499157E-02  3.92150111123165E+00
           Type = (3,-3) NACP O5
           Rho =  1.4768629291E+02     Rho at Nucleus =  1.4768628459E+02
           GradRho = -7.5568761996E-13 -1.8589421452E-13  3.6086633949E-12
           HessRho_EigVals = -4.1078689636E+05 -4.1078143493E+05 -4.1076889360E+05
           HessRho_EigVec1 =  9.9991816431E-01 -7.1629904644E-03 -1.0599823282E-02
           HessRho_EigVec2 =  1.0409352688E-02 -2.6124590484E-02  9.9960449736E-01
           HessRho_EigVec3 =  7.4370735253E-03  9.9963303134E-01  2.6047890466E-02
           DelSqRho = -1.2323372249E+06
           Bond Ellipticity = NA
           V = -3.0815358614E+05
           G =  3.4639957202E+01
           K =  3.0811894618E+05
           L =  3.0808430622E+05
           Vnuc =  1.2570430875E+06
           Ven = -1.8564803363E+08
           Vrep =  1.8533988004E+08
           DelSqV =  1.9600362374E+10
           DelSqVen =  1.5491009915E+12
           DelSqVrep = -1.5295006291E+12
           DelSqG =  8.5710793084E+08
           DelSqK = -2.0457470305E+10
           Stress_EigVals = -1.0272023418E+05 -1.0271721435E+05 -1.0271613760E+05
           Stress_EigVec1 =  7.4353604822E-03  9.9961041482E-01  2.6902304849E-02
           Stress_EigVec2 =  1.0345742600E-02 -2.6978507236E-02  9.9958247572E-01
           Stress_EigVec3 =  9.9991883722E-01 -7.1539317173E-03 -1.0542306979E-02
           -DivStress = -3.9675680679E+02  2.1896166937E+03 -4.0547963565E+04
           ESP =  -2.4938262059E+00     ESP at Nucleus =  -2.4938180352E+00
           ESPe = -1.8988358422E+01     ESPe at Nucleus = -1.8988365943E+01
           ESPn =  1.6494532216E+01     ESPn at Nucleus =  1.6494547907E+01

CP# 6      Coords = -1.38761186557514E+00 -5.99003387671262E-02  4.97593636638803E+00
           Type = (3,-3) NACP H6
           Rho =  2.0233270080E-01     Rho at Nucleus =  1.9744933568E-01
           GradRho =  2.8729057876E-15  4.8607832711E-17 -6.2229959506E-16
           HessRho_EigVals = -3.9816347844E+00 -3.9688629755E+00 -3.0976349376E+00
           HessRho_EigVec1 =  5.8947807872E-01 -2.6284894265E-02  8.0735661206E-01
           HessRho_EigVec2 =  3.9737881315E-03  9.9955271667E-01  2.9640775983E-02
           HessRho_EigVec3 =  8.0777459957E-01  1.4264323555E-02 -5.8931886560E-01
           DelSqRho = -1.1048132697E+01
           Bond Ellipticity = NA
           V = -2.7916861494E+00
           G =  1.4826487506E-02
           K =  2.7768596619E+00
           L =  2.7620331744E+00
           Vnuc =  3.6379495164E+01
           Ven = -7.3607615104E+00
           Vrep =  4.5690753610E+00
           DelSqV =  6.6980785948E+02
           DelSqVen =  4.0192549004E+02
           DelSqVrep =  2.6788236943E+02
           DelSqG =  5.1427682588E+01
           DelSqK = -7.2123554206E+02
           Stress_EigVals = -1.0079402930E+00 -1.0050688068E+00 -7.7867704956E-01
           Stress_EigVec1 =  4.7154798739E-03  9.9952620715E-01  3.0415875243E-02
           Stress_EigVec2 =  5.8676501033E-01 -2.7395235058E-02  8.0929371908E-01
           Stress_EigVec3 =  8.0974353156E-01  1.4030763107E-02 -5.8661618695E-01
           -DivStress = -9.8888957093E+00 -1.7133742828E-01  7.1706814822E+00
           ESP =   8.6164769437E+00     ESP at Nucleus =   8.5077225872E+00
           ESPe = -8.8811534025E+00     ESPe at Nucleus = -8.7793148324E+00
           ESPn =  1.7497630346E+01     ESPn at Nucleus =  1.7287037420E+01

CP# 7      Coords =  1.47227452914995E+00 -8.03669828479753E-02  4.94620126438578E+00
           Type = (3,-3) NACP H7
           Rho =  2.0230198495E-01     Rho at Nucleus =  1.9741928560E-01
           GradRho = -1.0170998836E-14  2.9434056104E-16 -5.8349456994E-15
           HessRho_EigVals = -3.9810183314E+00 -3.9682417574E+00 -3.0971518689E+00
           HessRho_EigVec1 = -5.7274403749E-01 -1.8037703221E-02  8.1953578859E-01
           HessRho_EigVec2 =  1.0906630540E-02  9.9950169843E-01  2.9620942677E-02
           HessRho_EigVec3 =  8.1966170640E-01 -2.5903592364E-02  5.7226190767E-01
           DelSqRho = -1.1046411958E+01
           Bond Ellipticity = NA
           V = -2.7912419778E+00
           G =  1.4819494184E-02
           K =  2.7764224836E+00
           L =  2.7616029894E+00
           Vnuc =  3.6391715264E+01
           Ven = -7.3621162335E+00
           Vrep =  4.5708742557E+00
           DelSqV =  6.6970141935E+02
           DelSqVen =  4.0199787865E+02
           DelSqVrep =  2.6770354070E+02
           DelSqG =  5.1419426383E+01
           DelSqK = -7.2112084574E+02
           Stress_EigVals = -1.0077789157E+00 -1.0049080836E+00 -7.7855497850E-01
           Stress_EigVec1 =  1.0259463153E-02  9.9948809119E-01  3.0303448540E-02
           Stress_EigVec2 = -5.6999971090E-01 -1.9053840737E-02  8.2142393484E-01
           Stress_EigVec3 =  8.2158083777E-01 -2.5700325499E-02  5.6951244084E-01
           -DivStress =  1.0032437401E+01 -3.1376094018E-01  6.9603648371E+00
           ESP =   8.6228154619E+00     ESP at Nucleus =   8.5141633930E+00
           ESPe = -8.8872075672E+00     ESPe at Nucleus = -8.7854660122E+00
           ESPn =  1.7510023029E+01     ESPn at Nucleus =  1.7299629405E+01

CP# 8      Coords =  1.58039623049113E-02  3.92099944863590E+00  5.11017523986073E-02
           Type = (3,-3) NACP O8
           Rho =  1.4768617796E+02     Rho at Nucleus =  1.4768616965E+02
           GradRho = -5.7777567453E-13 -4.6129097802E-11  1.3000158675E-13
           HessRho_EigVals = -4.1078658268E+05 -4.1078112147E+05 -4.1076857739E+05
           HessRho_EigVec1 =  1.1759020286E-02 -1.8301858979E-02  9.9976335570E-01
           HessRho_EigVec2 =  1.1877581077E-02  9.9976450145E-01  1.8162178177E-02
           HessRho_EigVec3 =  9.9986031450E-01 -1.1661200893E-02 -1.1973632867E-02
           DelSqRho = -1.2323362815E+06
           Bond Ellipticity = NA
           V = -3.0815335152E+05
           G =  3.4640568139E+01
           K =  3.0811871095E+05
           L =  3.0808407038E+05
           Vnuc =  1.2576495763E+06
           Ven = -1.8573745914E+08
           Vrep =  1.8542930579E+08
           DelSqV =  1.9600347518E+10
           DelSqVen =  1.5498471992E+12
           DelSqVrep = -1.5302468527E+12
           DelSqG =  8.5710728862E+08
           DelSqK = -2.0457454806E+10
           Stress_EigVals = -1.0272015639E+05 -1.0271713593E+05 -1.0271605921E+05
           Stress_EigVec1 =  9.9985579409E-01 -1.2049282462E-02 -1.1966862932E-02
           Stress_EigVec2 =  1.2263499795E-02  9.9976292264E-01  1.7991806021E-02
           Stress_EigVec3 =  1.1747237507E-02 -1.8135967117E-02  9.9976651730E-01
           -DivStress = -9.9314818204E+02 -4.0571123833E+04 -7.0294807656E+02
           ESP =  -2.4932883413E+00     ESP at Nucleus =  -2.4932801660E+00
           ESPe = -1.8988845907E+01     ESPe at Nucleus = -1.8988853432E+01
           ESPn =  1.6495557566E+01     ESPn at Nucleus =  1.6495573266E+01

CP# 9      Coords =  1.57757114593206E-02  4.98635261628608E+00 -1.36022596469112E+00
           Type = (3,-3) NACP H9
           Rho =  2.0233691335E-01     Rho at Nucleus =  1.9745277877E-01
           GradRho = -3.5643146420E-18 -1.2065529053E-15  1.3545972180E-15
           HessRho_EigVals = -3.9817306554E+00 -3.9689566516E+00 -3.0976089564E+00
           HessRho_EigVec1 =  1.6782694087E-02  8.0318487688E-01  5.9549340444E-01
           HessRho_EigVec2 =  9.9985907578E-01 -1.3236077411E-02 -1.0326414612E-02
           HessRho_EigVec3 =  4.1202325018E-04 -5.9558279005E-01  8.0329382571E-01
           DelSqRho = -1.1048296263E+01
           Bond Ellipticity = NA
           V = -2.7917317912E+00
           G =  1.4828862684E-02
           K =  2.7769029285E+00
           L =  2.7620740658E+00
           Vnuc =  3.6372229318E+01
           Ven = -7.3594446118E+00
           Vrep =  4.5677128205E+00
           DelSqV =  6.6980909717E+02
           DelSqVen =  4.0185116526E+02
           DelSqVrep =  2.6795793191E+02
           DelSqG =  5.1428309846E+01
           DelSqK = -7.2123740702E+02
           Stress_EigVals = -1.0079670695E+00 -1.0050945534E+00 -7.7867016833E-01
           Stress_EigVec1 =  9.9984938488E-01 -1.3651556121E-02 -1.0716462779E-02
           Stress_EigVec2 =  1.7347056271E-02  8.0516467473E-01  5.9279754235E-01
           Stress_EigVec3 =  5.3590834997E-04 -5.9289415716E-01  8.0528021906E-01
           -DivStress = -6.4968548529E-03  7.2481511629E+00 -9.8350667079E+00
           ESP =   8.6134748696E+00     ESP at Nucleus =   8.5046557570E+00
           ESPe = -8.8782721602E+00     ESPe at Nucleus = -8.7763724530E+00
           ESPn =  1.7491747030E+01     ESPn at Nucleus =  1.7281028210E+01

CP# 10     Coords =  4.92272471761362E-02  4.93541401750803E+00  1.49935562649242E+00
           Type = (3,-3) NACP H10
           Rho =  2.0229202243E-01     Rho at Nucleus =  1.9740967342E-01
           GradRho = -3.3575030776E-16 -1.0719970630E-14 -1.5337997646E-14
           HessRho_EigVals = -3.9808056102E+00 -3.9680232735E+00 -3.0970001061E+00
           HessRho_EigVec1 =  3.3738112393E-03  8.2407000371E-01 -5.6647793107E-01
           HessRho_EigVec2 =  9.9982099344E-01 -1.3326118401E-02 -1.3431144830E-02
           HessRho_EigVec3 =  1.8617155551E-02  5.6633121365E-01  8.2396744958E-01
           DelSqRho = -1.1045828990E+01
           Bond Ellipticity = NA
           V = -2.7910914811E+00
           G =  1.4817116825E-02
           K =  2.7762743643E+00
           L =  2.7614572475E+00
           Vnuc =  3.6398680535E+01
           Ven = -7.3631626991E+00
           Vrep =  4.5720712180E+00
           DelSqV =  6.6966680185E+02
           DelSqVen =  4.0205360064E+02
           DelSqVrep =  2.6761320121E+02
           DelSqG =  5.1416504243E+01
           DelSqK = -7.2108330609E+02
           Stress_EigVals = -1.0077231083E+00 -1.0048518347E+00 -7.7851653814E-01
           Stress_EigVec1 =  9.9982100338E-01 -1.3556347750E-02 -1.3197978707E-02
           Stress_EigVec2 =  3.7578976498E-03  8.2596420877E-01 -5.6371003542E-01
           Stress_EigVec3 =  1.8542907310E-02  5.6355953658E-01  8.2586730733E-01
           -DivStress =  2.2629649231E-01  6.8870924674E+00  1.0084307719E+01
           ESP =   8.6262989743E+00     ESP at Nucleus =   8.5176938833E+00
           ESPe = -8.8905024234E+00     ESPe at Nucleus = -8.7888054776E+00
           ESPn =  1.7516801398E+01     ESPn at Nucleus =  1.7306499361E+01

CP# 11     Coords =  3.92144343483782E+00 -2.38087365474362E-02 -2.13533181126147E-02
           Type = (3,-3) NACP O11
           Rho =  1.4768622274E+02     Rho at Nucleus =  1.4768621443E+02
           GradRho =  7.5033774604E-11  3.1441863002E-17  6.0676984270E-13
           HessRho_EigVals = -4.1078670038E+05 -4.1078123947E+05 -4.1076869571E+05
           HessRho_EigVec1 =  7.9882975437E-03  9.9978338209E-01  1.9219156846E-02
           HessRho_EigVec2 =  9.9984622805E-01 -7.6857967422E-03 -1.5762257890E-02
           HessRho_EigVec3 =  1.5611128969E-02 -1.9342115085E-02  9.9969103989E-01
           DelSqRho = -1.2323366356E+06
           Bond Ellipticity = NA
           V = -3.0815343955E+05
           G =  3.4640328555E+01
           K =  3.0811879922E+05
           L =  3.0808415889E+05
           Vnuc =  1.2574635173E+06
           Ven = -1.8571003710E+08
           Vrep =  1.8540188366E+08
           DelSqV =  1.9600353079E+10
           DelSqVen =  1.5496183578E+12
           DelSqVrep = -1.5300180047E+12
           DelSqG =  8.5710752006E+08
           DelSqK = -2.0457460599E+10
           Stress_EigVals = -1.0272018567E+05 -1.0271716526E+05 -1.0271608861E+05
           Stress_EigVec1 =  1.6115279579E-02 -1.9323242745E-02  9.9968340491E-01
           Stress_EigVec2 =  9.9983839167E-01 -7.6560720890E-03 -1.6265765017E-02
           Stress_EigVec3 =  7.9679555400E-03  9.9978397509E-01  1.9196740205E-02
           -DivStress = -4.0573403619E+04  2.8421930257E+02  1.3051473087E+03
           ESP =  -2.4935785615E+00     ESP at Nucleus =  -2.4935703869E+00
           ESPe = -1.8988587787E+01     ESPe at Nucleus = -1.8988595311E+01
           ESPn =  1.6495009226E+01     ESPn at Nucleus =  1.6495024925E+01

CP# 12     Coords =  4.97263567202491E+00  1.39819034323669E+00 -1.61017037509736E-02
           Type = (3,-3) NACP H12
           Rho =  2.0232588367E-01     Rho at Nucleus =  1.9744274291E-01
           GradRho = -2.6961041770E-15 -2.6012866737E-15 -1.5504091067E-17
           HessRho_EigVals = -3.9815063752E+00 -3.9687308666E+00 -3.0975449852E+00
           HessRho_EigVec1 =  8.0907597618E-01 -5.8720202007E-01 -2.4286876982E-02
           HessRho_EigVec2 =  1.7595584235E-02 -1.7103822759E-02  9.9969888200E-01
           HessRho_EigVec3 =  5.8744060141E-01  8.0925969062E-01  3.5061294880E-03
           DelSqRho = -1.1047782227E+01
           Bond Ellipticity = NA
           V = -2.7915966981E+00
           G =  1.4825570700E-02
           K =  2.7767711274E+00
           L =  2.7619455567E+00
           Vnuc =  3.6381182707E+01
           Ven = -7.3608549400E+00
           Vrep =  4.5692582419E+00
           DelSqV =  6.6978786434E+02
           DelSqVen =  4.0193138370E+02
           DelSqVrep =  2.6785648064E+02
           DelSqG =  5.1426131277E+01
           DelSqK = -7.2121399562E+02
           Stress_EigVals = -1.0079071408E+00 -1.0050353336E+00 -7.7865422379E-01
           Stress_EigVec1 =  1.8198956767E-02 -1.7648466276E-02  9.9967861316E-01
           Stress_EigVec2 =  8.1102465653E-01 -5.8447399680E-01 -2.5082933608E-02
           Stress_EigVec3 =  5.8472882986E-01  8.1122048710E-01  3.6765243008E-03
           -DivStress =  7.1473023910E+00  9.9066108781E+00  4.4788300142E-02
           ESP =   8.6172732700E+00     ESP at Nucleus =   8.5085301343E+00
           ESPe = -8.8819039374E+00     ESPe at Nucleus = -8.7800755447E+00
           ESPn =  1.7499177207E+01     ESPn at Nucleus =  1.7288605679E+01

CP# 13     Coords =  4.95020671430790E+00 -1.46136318514120E+00 -7.07530669725951E-02
           Type = (3,-3) NACP H13
           Rho =  2.0230376960E-01     Rho at Nucleus =  1.9742076434E-01
           GradRho = -5.5364527711E-15  8.5597340119E-15  2.8877724864E-16
           HessRho_EigVals = -3.9810579187E+00 -3.9682791484E+00 -3.0971420577E+00
           HessRho_EigVec1 =  8.1825357200E-01  5.7485237874E-01 -2.4154835446E-03
           HessRho_EigVec2 =  1.7833735101E-02 -2.1184499985E-02  9.9961651390E-01
           HessRho_EigVec3 = -5.7458076003E-01  8.1798286022E-01  2.7586057828E-02
           DelSqRho = -1.1046479125E+01
           Bond Ellipticity = NA
           V = -2.7912603684E+00
           G =  1.4820293575E-02
           K =  2.7764400748E+00
           L =  2.7616197812E+00
           Vnuc =  3.6389639359E+01
           Ven = -7.3617612166E+00
           Vrep =  4.5705008482E+00
           DelSqV =  6.6970194822E+02
           DelSqVen =  4.0197739154E+02
           DelSqVrep =  2.6772455668E+02
           DelSqG =  5.1419666599E+01
           DelSqK = -7.2112161482E+02
           Stress_EigVals = -1.0077897261E+00 -1.0049182994E+00 -7.7855234290E-01
           Stress_EigVec1 =  1.8089266187E-02 -2.0907619157E-02  9.9961775190E-01
           Stress_EigVec2 =  8.2016991684E-01  5.7211278344E-01 -2.8758550434E-03
           Stress_EigVec3 = -5.7183396713E-01  8.1990843055E-01  2.7496900693E-02
           -DivStress =  6.9889986499E+00 -1.0012319863E+01 -3.3561948547E-01
           ESP =   8.6220365607E+00     ESP at Nucleus =   8.5133642713E+00
           ESPe = -8.8864592900E+00     ESPe at Nucleus = -8.7846987145E+00
           ESPn =  1.7508495851E+01     ESPn at Nucleus =  1.7298062986E+01

CP# 14     Coords = -3.17162664201146E-02  3.32950107499157E-02 -3.92150111123165E+00
           Type = (3,-3) NACP O14
           Rho =  1.4768629291E+02     Rho at Nucleus =  1.4768628459E+02
           GradRho =  7.5570095564E-13  1.8618312729E-13 -3.6102175826E-12
           HessRho_EigVals = -4.1078689636E+05 -4.1078143493E+05 -4.1076889360E+05
           HessRho_EigVec1 =  9.9991816431E-01 -7.1629904644E-03 -1.0599823282E-02
           HessRho_EigVec2 =  1.0409352688E-02 -2.6124590484E-02  9.9960449736E-01
           HessRho_EigVec3 =  7.4370735253E-03  9.9963303134E-01  2.6047890466E-02
           DelSqRho = -1.2323372249E+06
           Bond Ellipticity = NA
           V = -3.0815358614E+05
           G =  3.4639957202E+01
           K =  3.0811894618E+05
           L =  3.0808430622E+05
           Vnuc =  1.2570430875E+06
           Ven = -1.8564803363E+08
           Vrep =  1.8533988004E+08
           DelSqV =  1.9600362374E+10
           DelSqVen =  1.5491009915E+12
           DelSqVrep = -1.5295006301E+12
           DelSqG =  8.5710793084E+08
           DelSqK = -2.0457470305E+10
           Stress_EigVals = -1.0272023418E+05 -1.0271721435E+05 -1.0271613760E+05
           Stress_EigVec1 =  7.4353604822E-03  9.9961041482E-01  2.6902304849E-02
           Stress_EigVec2 =  1.0345742600E-02 -2.6978507236E-02  9.9958247572E-01
           Stress_EigVec3 =  9.9991883722E-01 -7.1539317173E-03 -1.0542306979E-02
           -DivStress =  3.9675680679E+02 -2.1896166937E+03  4.0547963565E+04
           ESP =  -2.4938262059E+00     ESP at Nucleus =  -2.4938180352E+00
           ESPe = -1.8988358422E+01     ESPe at Nucleus = -1.8988365943E+01
           ESPn =  1.6494532216E+01     ESPn at Nucleus =  1.6494547907E+01

CP# 15     Coords =  1.38761186557514E+00  5.99003387671262E-02 -4.97593636638803E+00
           Type = (3,-3) NACP H15
           Rho =  2.0233270080E-01     Rho at Nucleus =  1.9744933568E-01
           GradRho = -2.8555530472E-15 -4.9002550065E-17  6.2229739807E-16
           HessRho_EigVals = -3.9816347844E+00 -3.9688629755E+00 -3.0976349376E+00
           HessRho_EigVec1 =  5.8947807872E-01 -2.6284894265E-02  8.0735661206E-01
           HessRho_EigVec2 =  3.9737881315E-03  9.9955271667E-01  2.9640775983E-02
           HessRho_EigVec3 =  8.0777459957E-01  1.4264323555E-02 -5.8931886560E-01
           DelSqRho = -1.1048132697E+01
           Bond Ellipticity = NA
           V = -2.7916861494E+00
           G =  1.4826487506E-02
           K =  2.7768596619E+00
           L =  2.7620331744E+00
           Vnuc =  3.6379495164E+01
           Ven = -7.3607615104E+00
           Vrep =  4.5690753610E+00
           DelSqV =  6.6980785948E+02
           DelSqVen =  4.0192549004E+02
           DelSqVrep =  2.6788236943E+02
           DelSqG =  5.1427682588E+01
           DelSqK = -7.2123554206E+02
           Stress_EigVals = -1.0079402930E+00 -1.0050688068E+00 -7.7867704956E-01
           Stress_EigVec1 =  4.7154798739E-03  9.9952620715E-01  3.0415875243E-02
           Stress_EigVec2 =  5.8676501033E-01 -2.7395235058E-02  8.0929371908E-01
           Stress_EigVec3 =  8.0974353156E-01  1.4030763107E-02 -5.8661618695E-01
           -DivStress =  9.8888957093E+00  1.7133742828E-01 -7.1706814822E+00
           ESP =   8.6164769437E+00     ESP at Nucleus =   8.5077225872E+00
           ESPe = -8.8811534025E+00     ESPe at Nucleus = -8.7793148324E+00
           ESPn =  1.7497630346E+01     ESPn at Nucleus =  1.7287037420E+01

CP# 16     Coords = -1.47227452914995E+00  8.03669828479753E-02 -4.94620126438578E+00
           Type = (3,-3) NACP H16
           Rho =  2.0230198495E-01     Rho at Nucleus =  1.9741928560E-01
           GradRho =  1.0177945353E-14 -2.9428635093E-16  5.8418932753E-15
           HessRho_EigVals = -3.9810183314E+00 -3.9682417574E+00 -3.0971518689E+00
           HessRho_EigVec1 = -5.7274403749E-01 -1.8037703221E-02  8.1953578859E-01
           HessRho_EigVec2 =  1.0906630540E-02  9.9950169843E-01  2.9620942677E-02
           HessRho_EigVec3 =  8.1966170640E-01 -2.5903592364E-02  5.7226190767E-01
           DelSqRho = -1.1046411958E+01
           Bond Ellipticity = NA
           V = -2.7912419778E+00
           G =  1.4819494184E-02
           K =  2.7764224836E+00
