AIMSum (Version 16.05.18, Professional)
Copyright (c) 1997-2016 by Todd A. Keith
AIMSum is a component of the AIMAll package ( http://aim.tkgristmill.com )

TP:  64-bit Linux

Licensed To:  Research Group of Fernando Cortes Guzman, UNAM, fercor@unam.mx

Much of the Quantum Theory of Atoms in Molecules (QTAIM) is described in the book:
  "Atoms in Molecules - A Quantum Theory"
  R.F.W. Bader, Oxford University Press, Oxford, 1990

For additional references see:  http://aim.tkgristmill.com/references.html

Wfx File:  /home/david/David/max_int/Ni23_alpha.wfx
Sum File:  /home/david/David/max_int/Ni23_alpha.sum

SumViz File:  /home/david/David/max_int/Ni23_alpha.sumviz

Wfx Title:   Ni[H2O]6 (2+)                                                                 
 
Total memory allocated for AIMSum =        1.194 Megabytes

Atomic units (a.u.) used throughout, except where stated otherwise

Model:  Unknown
 
Unrestricted, natural orbital wavefunction.
  Number of electrons (from MO Occs)                   =          44.0000000000
  Number of Alpha electrons (from MO Occs)             =          44.0000000000
  Number of Beta electrons (from MO Occs)              =           0.0000000000
  Number of electron pairs (N*(N-1)/2)                 =         946.0000000000
  Number of electron pairs (from Muller 2EDM)          =         946.0000000000
  Number of electron pairs (from Muller 2EDM, no SOSI) =         946.0000000000
 
Nuclear Charges and Cartesian Coordinates:
-------------------------------------------------------------------------------
Atom      Charge                X                  Y                  Z
-------------------------------------------------------------------------------
Ni1       28.0           0.0000000000E+00   0.0000000000E+00   0.0000000000E+00
O2         8.0          -3.9214370762E+00   2.3808692006E-02   2.1353113559E-02
H3         1.0          -5.0036284683E+00  -1.4411347422E+00   1.5908824041E-02
H4         1.0          -4.9805167560E+00   1.5047711243E+00   7.2209196531E-02
O5         8.0           3.1716204243E-02  -3.3294667576E-02   3.9214947566E+00
H6         1.0          -1.4304780954E+00  -6.0645056125E-02   5.0070295418E+00
H7         1.0           1.5157699755E+00  -8.1729232401E-02   4.9763872796E+00
O8         8.0           1.5803806651E-02   3.9209930903E+00   5.1101642237E-02
H9         1.0           1.5748508240E-02   5.0177812945E+00  -1.4028581362E+00
H10        1.0           5.0209233756E-02   4.9652838866E+00   1.5430783458E+00
O11        8.0           3.9214370762E+00  -2.3808692006E-02  -2.1353113559E-02
H12        1.0           5.0036284683E+00   1.4411347422E+00  -1.5908824041E-02
H13        1.0           4.9805167560E+00  -1.5047711243E+00  -7.2209196531E-02
O14        8.0          -3.1716204243E-02   3.3294667576E-02  -3.9214947566E+00
H15        1.0           1.4304780954E+00   6.0645056125E-02  -5.0070295418E+00
H16        1.0          -1.5157699755E+00   8.1729232401E-02  -4.9763872796E+00
O17        8.0          -1.5803806651E-02  -3.9209930903E+00  -5.1101642237E-02
H18        1.0          -1.5748508240E-02  -5.0177812945E+00   1.4028581362E+00
H19        1.0          -5.0209233756E-02  -4.9652838866E+00  -1.5430783458E+00
 
Some Atomic Properties:
----------------------
  q(A) = Net Charge of Atom A
  L(A) = Lagrangian of Atom A = -(1/4) Times Atomic Integral of the Laplacian of the Electron Density
  K(A) = Electronic Kinetic Energy of Atom A (Hamiltonian Form)
  K_Scaled(A) = K(A) * E(Mol)/K(Mol) = Approximation to Virial-Based Total Energy of Atom A.
  |Mu_Intra(A)| = Magnitude of Intraatomic Dipole Moment of Atom A
--------------------------------------------------------------------------------------------------
Atom A          q(A)              L(A)              K(A)          K_Scaled(A)      |Mu_Intra(A)|
--------------------------------------------------------------------------------------------------
Ni1       1.3803634333E+01 -1.3914674936E-03  7.6282656936E+02 -7.6398314477E+02  1.0885899520E-05
O2        3.3806835442E+00 -3.7456534421E-06  3.7835859308E+01 -3.7893224935E+01  1.4639009715E-01
H3        8.2588089795E-01  1.0534501411E-05  1.6291810179E-01 -1.6316511347E-01  6.5165428393E-02
H4        8.2594407602E-01  1.1321223984E-05  1.6286594362E-01 -1.6311287621E-01  6.5145276011E-02
O5        3.3806890421E+00  2.7922964203E-06  3.7835860324E+01 -3.7893225953E+01  1.4639692381E-01
H6        8.2587559222E-01  1.0566204893E-05  1.6292467452E-01 -1.6317169616E-01  6.5167483086E-02
H7        8.2594210848E-01  1.1231815963E-05  1.6286408957E-01 -1.6311101936E-01  6.5146502802E-02
O8        3.3806768185E+00 -1.4191250686E-06  3.7835889273E+01 -3.7893254946E+01  1.4639236751E-01
H9        8.2587492726E-01  9.5613738952E-06  1.6293289828E-01 -1.6317993239E-01  6.5165413200E-02
H10       8.2596365209E-01  1.1205807152E-05  1.6284217109E-01 -1.6308906764E-01  6.5141900676E-02
O11       3.3806827709E+00 -3.9558445982E-06  3.7835860034E+01 -3.7893225662E+01  1.4639203844E-01
H12       8.2588055543E-01  9.7603214469E-06  1.6291775242E-01 -1.6316476357E-01  6.5165686966E-02
H13       8.2594249954E-01  9.2549076315E-06  1.6286534042E-01 -1.6311227210E-01  6.5146686775E-02
O14       3.3806902421E+00  5.3153525911E-06  3.7835861465E+01 -3.7893227096E+01  1.4639809761E-01
H15       8.2587443698E-01  9.6538159840E-06  1.6292483679E-01 -1.6317185868E-01  6.5167507699E-02
H16       8.2594071900E-01  9.9642018786E-06  1.6286403048E-01 -1.6311096017E-01  6.5147197145E-02
O17       3.3806786494E+00  7.0140505886E-07  3.7835889789E+01 -3.7893255462E+01  1.4639519301E-01
H18       8.2587586829E-01  1.0949986801E-05  1.6293354522E-01 -1.6318058031E-01  6.5164668737E-02
H19       8.2596237182E-01  1.0052171427E-05  1.6284216696E-01 -1.6308906351E-01  6.5142243692E-02
--------------------------------------------------------------------------------------------------
Total     4.3998693105E+01 -1.2677227302E-03  9.9179648510E+02 -9.9330021803E+02
 
Molecular charge q(Mol) from the wfx file:   4.4000000000E+01
Molecular energy E(Mol) from the wfx file:  -1.9663574098E+03
Molecular virial ratio (-V(Mol)/T(Mol)) from the wfx file:   2.0015161709E+00
Full molecular virial ratio ((-V(Mol)+W(Mol))/T(Mol)) from the wfx file:   2.0015161730E+00
Note.  K_Scaled(A) = (1+V(Mol)/T(Mol))*K(A) = (E(Mol)/T(Mol))*K(A)
       Only use K_Scaled(A) data with caution.
 
N_AIMInt(SumA)     =         44.001307
N_Analytic(Mol)    =         44.000000
 
G_AIMInt(SumA)     =        991.797753
G_Analytic(Mol)    =        991.796583
 
K_AIMInt(SumA)     =        991.796485
K_Analytic(Mol)    =        991.796583
 
L_AIMInt(SumA)     =         -0.001268
L_Analytic(Mol)    =          0.000000
 
VenT_AIMInt(SumA)  =      -3086.230432
VenT_Analytic(Mol) =      -3086.200416
 
Some Information About the Atomic Calculations:
----------------------------------------------
  Time(sec) = "Elapsed User Time", in Seconds, for Atom A by AIMInt and, if used, by TWOe
  NProc = Number of Processors Used for AIMInt Job
  BIM = Basin Integration Method
  OAQ = Angular Quadrature Outside of Beta Sphere
  ORQ = Multiple of Default for Radial Quadrature Outside of Beta Sphere
  IAQ = Multiple of Default for Angular Quadrature Inside of Beta Sphere
  IRQ = Multiple of Default for Radial Quadrature Inside of Beta Sphere
  MIR = Maximum Integration Radius
------------------------------------------------------------------------------------------------------
Atom A     Time(sec)   NProc      BIM              OAQ                 ORQ      IAQ      IRQ      MIR
------------------------------------------------------------------------------------------------------
Ni1          1329        8     Proaim(5)    4334      (Very High)      Auto     Auto     Auto    13.00
O2            895        8     Proaim(5)    4334      (Very High)      Auto     Auto     Auto    13.00
H3            306        8     Proaim(5)    2030      (Very High)      Auto     Auto     Auto    13.00
H4            269        8     Proaim(5)    2030      (Very High)      Auto     Auto     Auto    13.00
O5            625        8     Proaim(5)    4334      (Very High)      Auto     Auto     Auto    13.00
H6            175        8     Proaim(5)    2030      (Very High)      Auto     Auto     Auto    13.00
H7            248        8     Proaim(5)    2030      (Very High)      Auto     Auto     Auto    13.00
O8            696        8     Proaim(5)    4334      (Very High)      Auto     Auto     Auto    13.00
H9            254        8     Proaim(5)    2030      (Very High)      Auto     Auto     Auto    13.00
H10           280        8     Proaim(5)    2030      (Very High)      Auto     Auto     Auto    13.00
O11           700        8     Proaim(5)    4334      (Very High)      Auto     Auto     Auto    13.00
H12           383        8     Proaim(5)    2030      (Very High)      Auto     Auto     Auto    13.00
H13           166        8     Proaim(5)    2030      (Very High)      Auto     Auto     Auto    13.00
O14           926        8     Proaim(5)    4334      (Very High)      Auto     Auto     Auto    13.00
H15           266        8     Proaim(5)    2030      (Very High)      Auto     Auto     Auto    13.00
H16           238        8     Proaim(5)    2030      (Very High)      Auto     Auto     Auto    13.00
O17           742        8     Proaim(5)    4334      (Very High)      Auto     Auto     Auto    13.00
H18           182        8     Proaim(5)    2030      (Very High)      Auto     Auto     Auto    13.00
H19           182        8     Proaim(5)    2030      (Very High)      Auto     Auto     Auto    13.00
------------------------------------------------------------------------------------------------------
Total        8862
Note:  Total wall clock time is less than total of atomic times if more than one atom
       was calculated at a time
Note:  Total time does not include times for diatomic interaction energy calculations (4749 seconds)
 
Electron Density Critical Point Analysis of Molecular Structure:               
---------------------------------------------------------------                
  NACP = Nuclear Attractor Critical Point                                      
  NNACP = Non-Nuclear Attractor Critical Point                                 
  BCP = Bond Critical Point                                                    
  RCP = Ring Critical Point                                                    
  CCP = Cage Critical Point                                                    
  Rho = Electron Density                                                       
  GradRho = Gradient of Electron Density                                       
  HessRho_EigVals = Eigenvalues of the Hessian of Rho, Ascending Order         
  HessRho_EigVecs = Eigenvectors of the Hessian of Rho                         
  DelSqRho = Laplacian of Rho = Trace of Hessian of Rho                        
  Bond Ellipticity = (HessRho_EigVal(1) / HessRho_EigVal(2)) - 1               
  V = Virial Field = Potential Energy Density = Trace of Stress Tensor         
  G = Lagrangian Form of Kinetic Energy Density                                
  K = Hamiltonian Form of Kinetic Energy Density                               
  L = K - G = Lagrangian Density = (-1/4)DelSqRho                              
  Vnuc = Electrostatic Potential from Nuclei                                   
  Ven = Electron-nuclear attractive contribution to Virial Field V             
  Vrep = V - Ven = Repulsive contribution to Virial Field V                    
  DelSqV = Laplacian of V                                                      
  DelSqVen = Laplacian of Ven                                                  
  DelSqVrep = Laplacian of Vrep                                                
  DelSqG = Laplacian of G                                                      
  DelSqK = Laplacian of K                                                      
  Stress_EigVals = Eigenvalues of Stress Tensor, Ascending Order               
  Stress_EigVecs = Eigenvectors of Stress Tensor                               
  -DivStress = Ehrenfest Force Density = Minus Divergence of Stress Tensor     
  ESP = Total Electrostatic Potential                                          
  ESPe = Electrostatic Potential from Electrons                                
  ESPn = Electrostatic Potential from Nuclei                                   
  BP = Bond Path                                                               
  BPL = Bond Path Length                                                       
  GBL = Geometric Bond Length                                                  
  GBL_I = Distance Between Nuclear Attractors                                  
  GBL_II = Distance Between Nuclei                                             
  GBL_III = Sum of Distances Between BCP and Nuclear Attractors                
  GBL_IV = Sum of Distances Between BCP and Nuclei                             

CP# 1      Coords =  1.67446325780788E-24  1.72416628393961E-24 -2.43722032393431E-24
           Type = (3,-3) NACP Ni1
           Rho =  7.2853361888E+03     Rho at Nucleus =  7.2853361888E+03
           GradRho =  3.5912949724E-17  2.3330906285E-18  9.2344303444E-18
           HessRho_EigVals = -4.2224587032E+08 -4.2224586977E+08 -4.2224586961E+08
           HessRho_EigVec1 = -4.9503806433E-01 -5.1846211360E-01  6.9723335522E-01
           HessRho_EigVec2 =  8.5696194541E-01 -1.5893723975E-01  4.9026031651E-01
           HessRho_EigVec3 = -1.4336505497E-01  8.4019997059E-01  5.2298228501E-01
           DelSqRho = -1.2667376097E+09
           Bond Ellipticity = NA
           V = -3.1695379167E+08
           G =  1.3469462468E+05
           K =  3.1681909705E+08
           L =  3.1668440242E+08
           Vnuc =  2.8000000145E+09
           Ven = -2.0398941435E+13
           Vrep =  2.0398624481E+13
           DelSqV =  6.5852491878E+14
           DelSqVen =  6.1196823986E+29
           DelSqVrep = -6.1196823986E+29
           DelSqG =  1.8382926546E+13
           DelSqK = -6.7690784533E+14
           Stress_EigVals = -1.0565126391E+08 -1.0565126389E+08 -1.0565126387E+08
           Stress_EigVec1 =  3.5325373791E-01  8.1047267809E-01 -4.6727490273E-01
           Stress_EigVec2 =  8.8776147261E-01 -4.4796811412E-01 -1.0584959366E-01
           Stress_EigVec3 =  2.9511246060E-01  3.7743689115E-01  8.7775282899E-01
           -DivStress = -3.4615484244E-10 -3.5185008460E-10  5.0374670754E-10
           ESP =  -5.8285371400E+01     ESP at Nucleus =  -5.8285371400E+01
           ESPe = -7.2830798826E+01     ESPe at Nucleus = -7.2830798826E+01
           ESPn =  1.4545427426E+01     ESPn at Nucleus =  1.4545427426E+01

CP# 2      Coords = -3.92144491098701E+00  2.38087474305551E-02  2.13533156396931E-02
           Type = (3,-3) NACP O2
           Rho =  1.4778268390E+02     Rho at Nucleus =  1.4778267127E+02
           GradRho =  8.3474192836E-11  4.6811231107E-13 -9.6226845936E-14
           HessRho_EigVals = -4.1106440408E+05 -4.1105707010E+05 -4.1104638075E+05
           HessRho_EigVec1 =  7.8731285311E-03  9.9978435744E-01  1.9215942844E-02
           HessRho_EigVec2 =  9.9980020017E-01 -7.5172661082E-03 -1.8521621268E-02
           HessRho_EigVec3 =  1.8373175862E-02 -1.9357926606E-02  9.9964378510E-01
           DelSqRho = -1.2331678549E+06
           Bond Ellipticity = NA
           V = -3.0836226683E+05
           G =  3.5151550610E+01
           K =  3.0832711528E+05
           L =  3.0829196373E+05
           Vnuc =  1.0207367797E+06
           Ven = -1.5084722086E+08
           Vrep =  1.5053885860E+08
           DelSqV =  1.9613560681E+10
           DelSqVen =  1.2587397832E+12
           DelSqVrep = -1.2391262230E+12
           DelSqG =  8.5770666907E+08
           DelSqK = -2.0471267350E+10
           Stress_EigVals = -1.0278967234E+05 -1.0278703002E+05 -1.0278556447E+05
           Stress_EigVec1 =  1.8840669498E-02 -1.9336848876E-02  9.9963549129E-01
           Stress_EigVec2 =  9.9979136156E-01 -7.5262125675E-03 -1.8989193572E-02
           Stress_EigVec3 =  7.8906603638E-03  9.9978469802E-01  1.9191015583E-02
           -DivStress =  5.0026388180E+04 -3.5390343676E+02 -1.2902254796E+03
           ESP =  -3.0236945701E+00     ESP at Nucleus =  -3.0236854979E+00
           ESPe = -1.9518700152E+01     ESPe at Nucleus = -1.9518710422E+01
           ESPn =  1.6495005582E+01     ESPn at Nucleus =  1.6495024925E+01

CP# 3      Coords = -4.97306326015928E+00 -1.39821237970076E+00  1.61008493939775E-02
           Type = (3,-3) NACP H3
           Rho =  2.0310864317E-01     Rho at Nucleus =  1.9824849270E-01
           GradRho =  3.2205005806E-15  2.0834909861E-15  3.0357660830E-18
           HessRho_EigVals = -3.9986890879E+00 -3.9871635839E+00 -3.1183624693E+00
           HessRho_EigVec1 =  8.1187015169E-01 -5.8325029781E-01 -2.6190588088E-02
           HessRho_EigVec2 =  1.9222823903E-02 -1.8131162051E-02  9.9965081104E-01
           HessRho_EigVec3 =  5.8352149904E-01  8.1209011265E-01  3.5084315188E-03
           DelSqRho = -1.1104215141E+01
           Bond Ellipticity = NA
           V = -2.8062028502E+00
           G =  1.5074532475E-02
           K =  2.7911283177E+00
           L =  2.7760537853E+00
           Vnuc =  3.6475371457E+01
           Ven = -7.4084632058E+00
           Vrep =  4.6022603556E+00
           DelSqV =  6.7393638447E+02
           DelSqVen =  4.0503037201E+02
           DelSqVrep =  2.6890601246E+02
           DelSqG =  5.1747218466E+01
           DelSqK = -7.2568360293E+02
           Stress_EigVals = -1.0124604844E+00 -1.0097356709E+00 -7.8400669488E-01
           Stress_EigVec1 =  1.9344433459E-02 -1.8281661665E-02  9.9964572411E-01
           Stress_EigVec2 =  8.1451286585E-01 -5.7954629233E-01 -2.6360698130E-02
           Stress_EigVec3 =  5.7982289042E-01  8.1473423636E-01  3.6796539471E-03
           -DivStress = -7.0844357327E+00 -9.9531684047E+00 -4.4821562883E-02
           ESP =   8.2259304597E+00     ESP at Nucleus =   8.1211651332E+00
           ESPe = -9.2717445813E+00     ESPe at Nucleus = -9.1674405458E+00
           ESPn =  1.7497675041E+01     ESPn at Nucleus =  1.7288605679E+01

CP# 4      Coords = -4.95063006051715E+00  1.46138992565798E+00  7.07528527806627E-02
           Type = (3,-3) NACP H4
           Rho =  2.0307326869E-01     Rho at Nucleus =  1.9821298666E-01
           GradRho =  4.8369850334E-15 -7.1126034207E-15 -2.6476217052E-16
           HessRho_EigVals = -3.9979138249E+00 -3.9863846824E+00 -3.1176053908E+00
           HessRho_EigVec1 =  8.2096829093E-01  5.7095604512E-01 -4.5010923652E-03
           HessRho_EigVec2 =  1.9505695953E-02 -2.0166591632E-02  9.9960634072E-01
           HessRho_EigVec3 = -5.7064051128E-01  8.2073290608E-01  2.7693027284E-02
           DelSqRho = -1.1101903898E+01
           Bond Ellipticity = NA
           V = -2.8056133600E+00
           G =  1.5068692721E-02
           K =  2.7905446672E+00
           L =  2.7754759745E+00
           Vnuc =  3.6482431519E+01
           Ven = -7.4086066184E+00
           Vrep =  4.6029932584E+00
           DelSqV =  6.7377896045E+02
           DelSqVen =  4.0502444869E+02
           DelSqVrep =  2.6875451176E+02
           DelSqG =  5.1734934075E+01
           DelSqK = -7.2551389453E+02
           Stress_EigVals = -1.0122614866E+00 -1.0095369080E+00 -7.8381496529E-01
           Stress_EigVec1 =  1.9267751394E-02 -2.0278020178E-02  9.9960870127E-01
           Stress_EigVec2 =  8.2356131183E-01  5.6721044279E-01 -4.3679789944E-03
           Stress_EigVec3 = -5.6689992010E-01  8.2332321447E-01  2.7629062699E-02
           -DivStress = -6.9256809821E+00  1.0057412540E+01  3.3738923877E-01
           ESP =   8.2304628282E+00     ESP at Nucleus =   8.1257581811E+00
           ESPe = -9.2765474775E+00     ESPe at Nucleus = -9.1723048047E+00
           ESPn =  1.7507010306E+01     ESPn at Nucleus =  1.7298062986E+01

CP# 5      Coords =  3.17162807927245E-02 -3.32950053164718E-02  3.92150258745989E+00
           Type = (3,-3) NACP O5
           Rho =  1.4778272551E+02     Rho at Nucleus =  1.4778271288E+02
           GradRho = -7.7795690896E-13  4.9248799483E-13 -2.7529932977E-11
           HessRho_EigVals = -4.1106451641E+05 -4.1105718223E+05 -4.1104649386E+05
           HessRho_EigVec1 =  9.9991983996E-01 -7.1639075693E-03 -1.0439927245E-02
           HessRho_EigVec2 =  1.0214247364E-02 -3.0847073407E-02  9.9947192417E-01
           HessRho_EigVec3 =  7.4821656850E-03  9.9949844247E-01  3.0771426781E-02
           DelSqRho = -1.2331681925E+06
           Bond Ellipticity = NA
           V = -3.0836235100E+05
           G =  3.5151435761E+01
           K =  3.0832719956E+05
           L =  3.0829204812E+05
           Vnuc =  1.0206142547E+06
           Ven = -1.5082915626E+08
           Vrep =  1.5052079391E+08
           DelSqV =  1.9613565999E+10
           DelSqVen =  1.2585890376E+12
           DelSqVrep = -1.2389754705E+12
           DelSqG =  8.5770689668E+08
           DelSqK = -2.0471272896E+10
           Stress_EigVals = -1.0278970027E+05 -1.0278705815E+05 -1.0278559257E+05
           Stress_EigVec1 =  7.4791530240E-03  9.9947388737E-01  3.1559637823E-02
           Stress_EigVec2 =  1.0208425104E-02 -3.1635190394E-02  9.9944734868E-01
           Stress_EigVec3 =  9.9991992196E-01 -7.1528454612E-03 -1.0439658752E-02
           -DivStress = -4.8879821310E+02  2.1563788302E+03 -5.0001430483E+04
           ESP =  -3.0239259372E+00     ESP at Nucleus =  -3.0239168684E+00
           ESPe = -1.9518454509E+01     ESPe at Nucleus = -1.9518464776E+01
           ESPn =  1.6494528572E+01     ESPn at Nucleus =  1.6494547907E+01

CP# 6      Coords = -1.38763297235260E+00 -5.98989635413309E-02  4.97636443386747E+00
           Type = (3,-3) NACP H6
           Rho =  2.0311653875E-01     Rho at Nucleus =  1.9825618119E-01
           GradRho =  2.3096796997E-15  4.1416522989E-17 -8.8029084890E-16
           HessRho_EigVals = -3.9988441389E+00 -3.9873207155E+00 -3.1184798775E+00
           HessRho_EigVec1 =  5.8554987563E-01 -2.9663142162E-02  8.1009347679E-01
           HessRho_EigVec2 =  5.7502478383E-03  9.9945712117E-01  3.2440678164E-02
           HessRho_EigVec3 =  8.1061598664E-01  1.4337396800E-02 -5.8540256342E-01
           DelSqRho = -1.1104644732E+01
           Bond Ellipticity = NA
           V = -2.8063124755E+00
           G =  1.5075646277E-02
           K =  2.7912368293E+00
           L =  2.7761611830E+00
           Vnuc =  3.6473782197E+01
           Ven = -7.4084283951E+00
           Vrep =  4.6021159196E+00
           DelSqV =  6.7396197283E+02
           DelSqVen =  4.0502839333E+02
           DelSqVrep =  2.6893357950E+02
           DelSqG =  5.1749221705E+01
           DelSqK = -7.2571119454E+02
           Stress_EigVals = -1.0125003367E+00 -1.0097756376E+00 -7.8403650122E-01
           Stress_EigVec1 =  5.8133686211E-03  9.9945844580E-01  3.2388576175E-02
           Stress_EigVec2 =  5.8185638389E-01 -2.9722400732E-02  8.1274825587E-01
           Stress_EigVec3 =  8.1327077488E-01  1.4120694605E-02 -5.8171406439E-01
           -DivStress = -9.9356485981E+00 -1.7255426579E-01  7.1078715424E+00
           ESP =   8.2251754013E+00     ESP at Nucleus =   8.1203997084E+00
           ESPe = -9.2709515362E+00     ESPe at Nucleus = -9.1666377113E+00
           ESPn =  1.7496126938E+01     ESPn at Nucleus =  1.7287037420E+01

CP# 7      Coords =  1.47230183950059E+00 -8.03658434676009E-02  4.94662364102552E+00
           Type = (3,-3) NACP H7
           Rho =  2.0306795026E-01     Rho at Nucleus =  1.9820790286E-01
           GradRho = -8.8549180060E-15  2.5793169683E-16 -5.3199699962E-15
           HessRho_EigVals = -3.9977882634E+00 -3.9862596484E+00 -3.1175210999E+00
           HessRho_EigVec1 = -5.6883907045E-01 -2.1472770082E-02  8.2216849372E-01
           HessRho_EigVec2 =  9.1864510178E-03  9.9943087317E-01  3.2458263499E-02
           HessRho_EigVec3 =  8.2239754441E-01 -2.6016339033E-02  5.6831807032E-01
           DelSqRho = -1.1101569012E+01
           Bond Ellipticity = NA
           V = -2.8055280311E+00
           G =  1.5067889101E-02
           K =  2.7904601420E+00
           L =  2.7753922529E+00
           Vnuc =  3.6484140957E+01
           Ven = -7.4087597212E+00
           Vrep =  4.6032316900E+00
           DelSqV =  6.7375948412E+02
           DelSqVen =  4.0503120866E+02
           DelSqVrep =  2.6872827546E+02
           DelSqG =  5.1733157107E+01
           DelSqK = -7.2549264123E+02
           Stress_EigVals = -1.0122292567E+00 -1.0095050228E+00 -7.8379375158E-01
           Stress_EigVec1 =  9.1990260637E-03  9.9943587186E-01  3.2300401717E-02
           Stress_EigVec2 = -5.6508965828E-01 -2.1453601215E-02  8.2475052052E-01
           Stress_EigVec3 =  8.2497821548E-01 -2.5839524503E-02  5.6457352307E-01
           -DivStress =  1.0077255502E+01 -3.1562778706E-01  6.8969606218E+00
           ESP =   8.2312038984E+00     ESP at Nucleus =   8.1265166441E+00
           ESPe = -9.2773380426E+00     ESPe at Nucleus = -9.1731127611E+00
           ESPn =  1.7508541941E+01     ESPn at Nucleus =  1.7299629405E+01

CP# 8      Coords =  1.58039603047963E-02  3.92100092464129E+00  5.11017764711180E-02
           Type = (3,-3) NACP O8
           Rho =  1.4778264376E+02     Rho at Nucleus =  1.4778263113E+02
           GradRho = -3.7381209239E-13  2.4990595964E-11  8.8976612536E-13
           HessRho_EigVals = -4.1106430065E+05 -4.1105696620E+05 -4.1104627699E+05
           HessRho_EigVec1 =  1.1759351148E-02 -1.7928526498E-02  9.9977011638E-01
           HessRho_EigVec2 =  1.3966131827E-02  9.9974466469E-01  1.7763799671E-02
           HessRho_EigVec3 =  9.9983331852E-01 -1.3754030484E-02 -1.2006740735E-02
           DelSqRho = -1.2331675438E+06
           Bond Ellipticity = NA
           V = -3.0836218950E+05
           G =  3.5151770634E+01
           K =  3.0832703773E+05
           L =  3.0829188596E+05
           Vnuc =  1.0208206567E+06
           Ven = -1.5085957545E+08
           Vrep =  1.5055121326E+08
           DelSqV =  1.9613555802E+10
           DelSqVen =  1.2588429025E+12
           DelSqVrep = -1.2392293467E+12
           DelSqG =  8.5770647036E+08
           DelSqK = -2.0471262272E+10
           Stress_EigVals = -1.0278964656E+05 -1.0278700430E+05 -1.0278553864E+05
           Stress_EigVec1 =  9.9982836108E-01 -1.4116976722E-02 -1.1998305820E-02
           Stress_EigVec2 =  1.4328356963E-02  9.9974035101E-01  1.7718034482E-02
           Stress_EigVec3 =  1.1745065392E-02 -1.7886909387E-02  9.9977102974E-01
           -DivStress = -9.8103777470E+02 -5.0023188709E+04 -8.5713311610E+02
           ESP =  -3.0234291362E+00     ESP at Nucleus =  -3.0234200632E+00
           ESPe = -1.9518983058E+01     ESPe at Nucleus = -1.9518993329E+01
           ESPn =  1.6495553922E+01     ESPn at Nucleus =  1.6495573266E+01

CP# 9      Coords =  1.57750713975706E-02  4.98678402524534E+00 -1.36024551117539E+00
           Type = (3,-3) NACP H9
           Rho =  2.0313235845E-01     Rho at Nucleus =  1.9827145065E-01
           GradRho =  2.2768245622E-18  3.6083942366E-16  1.5789320941E-15
           HessRho_EigVals = -3.9992223370E+00 -3.9876989229E+00 -3.1187594970E+00
           HessRho_EigVec1 =  1.8245341742E-02  8.0604925747E-01  5.9156715768E-01
           HessRho_EigVec2 =  9.9983345778E-01 -1.4469293051E-02 -1.1121882134E-02
           HessRho_EigVec3 =  4.0522627191E-04 -5.9167155931E-01  8.0617901343E-01
           DelSqRho = -1.1105680757E+01
           Bond Ellipticity = NA
           V = -2.8065768311E+00
           G =  1.5078320917E-02
           K =  2.7914985102E+00
           L =  2.7764201892E+00
           Vnuc =  3.6467689155E+01
           Ven = -7.4077677055E+00
           Vrep =  4.6011908744E+00
           DelSqV =  6.7402483044E+02
           DelSqVen =  4.0499851370E+02
           DelSqVrep =  2.6902631673E+02
           DelSqG =  5.1754846246E+01
           DelSqK = -7.2577967668E+02
           Stress_EigVals = -1.0125975345E+00 -1.0098722453E+00 -7.8410705128E-01
           Stress_EigVec1 =  9.9983176251E-01 -1.4520128666E-02 -1.1207699733E-02
           Stress_EigVec2 =  1.8334889650E-02  8.0873062566E-01  5.8789336357E-01
           Stress_EigVec3 =  5.2772273622E-04 -5.8799994981E-01  8.0886079181E-01
           -DivStress = -6.3812384122E-03  7.1855304742E+00 -9.8826849860E+00
           ESP =   8.2223245584E+00     ESP at Nucleus =   8.1174933475E+00
           ESPe = -9.2679046646E+00     ESPe at Nucleus = -9.1635348625E+00
           ESPn =  1.7490229223E+01     ESPn at Nucleus =  1.7281028210E+01

CP# 10     Coords =  4.92269836454087E-02  4.93583361135144E+00  1.49938475020976E+00
           Type = (3,-3) NACP H10
           Rho =  2.0304921807E-01     Rho at Nucleus =  1.9818936639E-01
           GradRho = -2.9793875700E-16 -9.6387538250E-15 -1.3711332281E-14
           HessRho_EigVals = -3.9973608561E+00 -3.9858284091E+00 -3.1171406443E+00
           HessRho_EigVec1 =  4.9410375094E-03  8.2674645502E-01 -5.6255300662E-01
           HessRho_EigVec2 =  9.9981311623E-01 -1.4598734098E-02 -1.2673183629E-02
           HessRho_EigVec3 =  1.8690071399E-02  5.6238525591E-01  8.2666408242E-01
           DelSqRho = -1.1100329910E+01
           Bond Ellipticity = NA
           V = -2.8052125677E+00
           G =  1.5065045143E-02
           K =  2.7901475225E+00
           L =  2.7750824774E+00
           Vnuc =  3.6490239903E+01
           Ven = -7.4093146794E+00
           Vrep =  4.6041021117E+00
           DelSqV =  6.7367860531E+02
           DelSqVen =  4.0505370141E+02
           DelSqVrep =  2.6862490391E+02
           DelSqG =  5.1726474729E+01
           DelSqK = -7.2540508004E+02
           Stress_EigVals = -1.0121198275E+00 -1.0093953700E+00 -7.8369737013E-01
           Stress_EigVec1 =  9.9981451190E-01 -1.4453030566E-02 -1.2729953218E-02
           Stress_EigVec2 =  4.8735403093E-03  8.2930035242E-01 -5.5878186628E-01
           Stress_EigVec3 =  1.8633046083E-02  5.5861617895E-01  8.2921696450E-01
           -DivStress =  2.2749874353E-01  6.8235661270E+00  1.0128364889E+01
           ESP =   8.2345005677E+00     ESP at Nucleus =   8.1298539203E+00
           ESPe = -9.2808302647E+00     ESPe at Nucleus = -9.1766454406E+00
           ESPn =  1.7515330832E+01     ESPn at Nucleus =  1.7306499361E+01

CP# 11     Coords =  3.92144491098701E+00 -2.38087474305551E-02 -2.13533156396931E-02
           Type = (3,-3) NACP O11
           Rho =  1.4778268390E+02     Rho at Nucleus =  1.4778267127E+02
           GradRho = -8.3476191346E-11 -4.6807046086E-13  9.5739388639E-14
           HessRho_EigVals = -4.1106440408E+05 -4.1105707010E+05 -4.1104638075E+05
           HessRho_EigVec1 =  7.8731285309E-03  9.9978435744E-01  1.9215942844E-02
           HessRho_EigVec2 =  9.9980020017E-01 -7.5172661080E-03 -1.8521621268E-02
           HessRho_EigVec3 =  1.8373175862E-02 -1.9357926606E-02  9.9964378510E-01
           DelSqRho = -1.2331678549E+06
           Bond Ellipticity = NA
           V = -3.0836226683E+05
           G =  3.5151550610E+01
           K =  3.0832711528E+05
           L =  3.0829196373E+05
           Vnuc =  1.0207367797E+06
           Ven = -1.5084722086E+08
           Vrep =  1.5053885860E+08
           DelSqV =  1.9613560681E+10
           DelSqVen =  1.2587397832E+12
           DelSqVrep = -1.2391262225E+12
           DelSqG =  8.5770666907E+08
           DelSqK = -2.0471267350E+10
           Stress_EigVals = -1.0278967234E+05 -1.0278703002E+05 -1.0278556447E+05
           Stress_EigVec1 =  1.8840669498E-02 -1.9336848876E-02  9.9963549129E-01
           Stress_EigVec2 =  9.9979136156E-01 -7.5262125677E-03 -1.8989193572E-02
           Stress_EigVec3 =  7.8906603641E-03  9.9978469802E-01  1.9191015583E-02
           -DivStress = -5.0026388180E+04  3.5390343676E+02  1.2902254796E+03
           ESP =  -3.0236945701E+00     ESP at Nucleus =  -3.0236854979E+00
           ESPe = -1.9518700152E+01     ESPe at Nucleus = -1.9518710422E+01
           ESPn =  1.6495005582E+01     ESPn at Nucleus =  1.6495024925E+01

CP# 12     Coords =  4.97306326015928E+00  1.39821237970076E+00 -1.61008493939775E-02
           Type = (3,-3) NACP H12
           Rho =  2.0310864317E-01     Rho at Nucleus =  1.9824849270E-01
           GradRho = -3.1540457637E-15 -2.8273756491E-15 -1.6263032587E-17
           HessRho_EigVals = -3.9986890879E+00 -3.9871635839E+00 -3.1183624693E+00
           HessRho_EigVec1 =  8.1187015169E-01 -5.8325029781E-01 -2.6190588088E-02
           HessRho_EigVec2 =  1.9222823903E-02 -1.8131162051E-02  9.9965081104E-01
           HessRho_EigVec3 =  5.8352149904E-01  8.1209011265E-01  3.5084315188E-03
           DelSqRho = -1.1104215141E+01
           Bond Ellipticity = NA
           V = -2.8062028502E+00
           G =  1.5074532475E-02
           K =  2.7911283177E+00
           L =  2.7760537853E+00
           Vnuc =  3.6475371457E+01
           Ven = -7.4084632058E+00
           Vrep =  4.6022603556E+00
           DelSqV =  6.7393638447E+02
           DelSqVen =  4.0503037201E+02
           DelSqVrep =  2.6890601246E+02
           DelSqG =  5.1747218466E+01
           DelSqK = -7.2568360293E+02
           Stress_EigVals = -1.0124604844E+00 -1.0097356709E+00 -7.8400669488E-01
           Stress_EigVec1 =  1.9344433459E-02 -1.8281661665E-02  9.9964572411E-01
           Stress_EigVec2 =  8.1451286585E-01 -5.7954629233E-01 -2.6360698130E-02
           Stress_EigVec3 =  5.7982289042E-01  8.1473423636E-01  3.6796539471E-03
           -DivStress =  7.0844357327E+00  9.9531684047E+00  4.4821562883E-02
           ESP =   8.2259304597E+00     ESP at Nucleus =   8.1211651332E+00
           ESPe = -9.2717445813E+00     ESPe at Nucleus = -9.1674405458E+00
           ESPn =  1.7497675041E+01     ESPn at Nucleus =  1.7288605679E+01

CP# 13     Coords =  4.95063006051715E+00 -1.46138992565798E+00 -7.07528527806627E-02
           Type = (3,-3) NACP H13
           Rho =  2.0307326869E-01     Rho at Nucleus =  1.9821298666E-01
           GradRho = -4.8478270552E-15  7.0935011337E-15  2.6476217052E-16
           HessRho_EigVals = -3.9979138249E+00 -3.9863846824E+00 -3.1176053908E+00
           HessRho_EigVec1 =  8.2096829093E-01  5.7095604512E-01 -4.5010923651E-03
           HessRho_EigVec2 =  1.9505695953E-02 -2.0166591632E-02  9.9960634072E-01
           HessRho_EigVec3 = -5.7064051128E-01  8.2073290608E-01  2.7693027284E-02
           DelSqRho = -1.1101903898E+01
           Bond Ellipticity = NA
           V = -2.8056133600E+00
           G =  1.5068692721E-02
           K =  2.7905446672E+00
           L =  2.7754759745E+00
           Vnuc =  3.6482431519E+01
           Ven = -7.4086066184E+00
           Vrep =  4.6029932584E+00
           DelSqV =  6.7377896045E+02
           DelSqVen =  4.0502444869E+02
           DelSqVrep =  2.6875451176E+02
           DelSqG =  5.1734934075E+01
           DelSqK = -7.2551389453E+02
           Stress_EigVals = -1.0122614866E+00 -1.0095369080E+00 -7.8381496529E-01
           Stress_EigVec1 =  1.9267751394E-02 -2.0278020178E-02  9.9960870127E-01
           Stress_EigVec2 =  8.2356131183E-01  5.6721044279E-01 -4.3679789944E-03
           Stress_EigVec3 = -5.6689992010E-01  8.2332321447E-01  2.7629062699E-02
           -DivStress =  6.9256809821E+00 -1.0057412540E+01 -3.3738923877E-01
           ESP =   8.2304628282E+00     ESP at Nucleus =   8.1257581811E+00
           ESPe = -9.2765474775E+00     ESPe at Nucleus = -9.1723048047E+00
           ESPn =  1.7507010306E+01     ESPn at Nucleus =  1.7298062986E+01

CP# 14     Coords = -3.17162807927245E-02  3.32950053164718E-02 -3.92150258745989E+00
           Type = (3,-3) NACP O14
           Rho =  1.4778272551E+02     Rho at Nucleus =  1.4778271288E+02
           GradRho =  7.7806793126E-13 -4.9283147008E-13  2.7530820939E-11
           HessRho_EigVals = -4.1106451641E+05 -4.1105718223E+05 -4.1104649386E+05
           HessRho_EigVec1 =  9.9991983996E-01 -7.1639075693E-03 -1.0439927245E-02
           HessRho_EigVec2 =  1.0214247364E-02 -3.0847073408E-02  9.9947192417E-01
           HessRho_EigVec3 =  7.4821656850E-03  9.9949844247E-01  3.0771426781E-02
           DelSqRho = -1.2331681925E+06
           Bond Ellipticity = NA
           V = -3.0836235100E+05
           G =  3.5151435761E+01
           K =  3.0832719956E+05
           L =  3.0829204812E+05
           Vnuc =  1.0206142547E+06
           Ven = -1.5082915626E+08
           Vrep =  1.5052079391E+08
           DelSqV =  1.9613565999E+10
           DelSqVen =  1.2585890365E+12
           DelSqVrep = -1.2389754705E+12
           DelSqG =  8.5770689668E+08
           DelSqK = -2.0471272896E+10
           Stress_EigVals = -1.0278970027E+05 -1.0278705815E+05 -1.0278559257E+05
           Stress_EigVec1 =  7.4791530241E-03  9.9947388737E-01  3.1559637823E-02
           Stress_EigVec2 =  1.0208425104E-02 -3.1635190394E-02  9.9944734868E-01
           Stress_EigVec3 =  9.9991992196E-01 -7.1528454613E-03 -1.0439658752E-02
           -DivStress =  4.8879821310E+02 -2.1563788302E+03  5.0001430483E+04
           ESP =  -3.0239259372E+00     ESP at Nucleus =  -3.0239168684E+00
           ESPe = -1.9518454509E+01     ESPe at Nucleus = -1.9518464776E+01
           ESPn =  1.6494528572E+01     ESPn at Nucleus =  1.6494547907E+01

CP# 15     Coords =  1.38763297235260E+00  5.98989635413309E-02 -4.97636443386747E+00
           Type = (3,-3) NACP H15
           Rho =  2.0311653875E-01     Rho at Nucleus =  1.9825618119E-01
           GradRho = -2.3166194406E-15 -4.4777549724E-17  9.0114141192E-16
           HessRho_EigVals = -3.9988441389E+00 -3.9873207155E+00 -3.1184798775E+00
           HessRho_EigVec1 =  5.8554987563E-01 -2.9663142162E-02  8.1009347679E-01
           HessRho_EigVec2 =  5.7502478383E-03  9.9945712117E-01  3.2440678164E-02
           HessRho_EigVec3 =  8.1061598664E-01  1.4337396800E-02 -5.8540256342E-01
           DelSqRho = -1.1104644732E+01
           Bond Ellipticity = NA
           V = -2.8063124755E+00
           G =  1.5075646277E-02
           K =  2.7912368293E+00
           L =  2.7761611830E+00
           Vnuc =  3.6473782197E+01
           Ven = -7.4084283951E+00
           Vrep =  4.6021159196E+00
           DelSqV =  6.7396197283E+02
           DelSqVen =  4.0502839333E+02
           DelSqVrep =  2.6893357950E+02
           DelSqG =  5.1749221705E+01
           DelSqK = -7.2571119454E+02
           Stress_EigVals = -1.0125003367E+00 -1.0097756376E+00 -7.8403650122E-01
           Stress_EigVec1 =  5.8133686211E-03  9.9945844580E-01  3.2388576175E-02
           Stress_EigVec2 =  5.8185638389E-01 -2.9722400732E-02  8.1274825587E-01
           Stress_EigVec3 =  8.1327077488E-01  1.4120694605E-02 -5.8171406439E-01
           -DivStress =  9.9356485981E+00  1.7255426579E-01 -7.1078715424E+00
           ESP =   8.2251754013E+00     ESP at Nucleus =   8.1203997084E+00
           ESPe = -9.2709515362E+00     ESPe at Nucleus = -9.1666377113E+00
           ESPn =  1.7496126938E+01     ESPn at Nucleus =  1.7287037420E+01

CP# 16     Coords = -1.47230183950059E+00  8.03658434676009E-02 -4.94662364102552E+00
           Type = (3,-3) NACP H16
           Rho =  2.0306795026E-01     Rho at Nucleus =  1.9820790286E-01
           GradRho =  8.8843964466E-15 -2.5587171271E-16  5.3182556015E-15
           HessRho_EigVals = -3.9977882634E+00 -3.9862596484E+00 -3.1175210999E+00
           HessRho_EigVec1 = -5.6883907045E-01 -2.1472770082E-02  8.2216849372E-01
           HessRho_EigVec2 =  9.1864510178E-03  9.9943087317E-01  3.2458263499E-02
           HessRho_EigVec3 =  8.2239754441E-01 -2.6016339033E-02  5.6831807032E-01
           DelSqRho = -1.1101569012E+01
           Bond Ellipticity = NA
           V = -2.8055280311E+00
           G =  1.5067889101E-02
           K =  2.7904601420E+00
           L =  2.7753922529E+00
