 AIMInt (Version 14.11.23, Professional)
 Portions Copyright (c) 1997-2014 by Todd A. Keith
 AIMInt is a component of the AIMAll package ( http://aim.tkgristmill.com )

 AIMInt is a heavily modified and extended version of the PROAIMV program
 developed by members of R.F.W. Bader's research group

 Much of the Quantum Theory of Atoms in Molecules (QTAIM) is described in the book:
   "Atoms in Molecules - A Quantum Theory"
   R.F.W. Bader, Oxford University Press, Oxford, 1990

 For additional references see:  http://aim.tkgristmill.com/references.html

 Inp File:  E:\Proyecto spin\estructuras hexahidratadas\estructuras hexahidratadas solas\modredundant\Ni23\Ni23_24_atomicfiles\ni1.inp
 Wfx File:  E:\Proyecto spin\estructuras hexahidratadas\estructuras hexahidratadas solas\modredundant\Ni23\Ni23_24.wfx
 Out File:  E:\Proyecto spin\estructuras hexahidratadas\estructuras hexahidratadas solas\modredundant\Ni23\Ni23_24_atomicfiles\ni1.int

 Wfx Title:   Ni23_24                                                                       
 Job Title:   Ni23_24                                                                       
 
<Atom>
Ni1     
</Atom>
<Nuclei of Molecule>
    19
Ni1       28.0           6.0408576078E-06   3.4941860211E-05  -5.0428770892E-05
O2         8.0          -4.5335497726E+00   6.1277838120E-02  -1.1165094022E-01
H3         1.0          -5.6439061089E+00  -1.3743842119E+00   1.4450652889E-02
H4         1.0          -5.5285751097E+00   1.5727188628E+00   8.1689363250E-02
O5         8.0           6.0462443917E-02   1.5120054113E-02   4.5348642335E+00
H6         1.0          -1.3766989041E+00  -2.8547924624E-02   5.6496171305E+00
H7         1.0           1.5707772590E+00  -1.2765674512E-01   5.5396095967E+00
O8         8.0          -1.3679315440E-01   4.5327537725E+00   7.1220838117E-02
H9         1.0           4.4948864462E-03   5.6015473918E+00  -1.3499420035E+00
H10        1.0           7.7077713300E-02   5.5465737731E+00   1.5697459325E+00
O11        8.0           4.5335618149E+00  -6.1208463927E-02   1.1155140189E-01
H12        1.0           5.6439133976E+00   1.3744558216E+00  -1.4550502527E-02
H13        1.0           5.5285911992E+00  -1.5726447247E+00  -8.1788144215E-02
O14        8.0          -6.0451103961E-02  -1.5056433290E-02  -4.5349650603E+00
H15        1.0           1.3767095866E+00   2.8611145448E-02  -5.6497182958E+00
H16        1.0          -1.5707665026E+00   1.2772004775E-01  -5.5397102293E+00
O17        8.0           1.3680162349E-01  -4.5326837478E+00  -7.1337594505E-02
H18        1.0          -4.5862244623E-03  -5.6022029191E+00   1.3508257058E+00
H19        1.0          -7.7069084746E-02  -5.5464284787E+00  -1.5698616560E+00
</Nuclei of Molecule>
<Total Number of CPs of DelSqRho>
    94
</Total Number of CPs of DelSqRho>
<Number of (3,+3) CPs of DelSqRho>
    12
</Number of (3,+3) CPs of DelSqRho>
<Number of (3,+1) CPs of DelSqRho>
    36
</Number of (3,+1) CPs of DelSqRho>
<Number of (3,-1) CPs of DelSqRho>
    34
</Number of (3,-1) CPs of DelSqRho>
<Number of (3,-3) CPs of DelSqRho>
    12
</Number of (3,-3) CPs of DelSqRho>
<Number of Degenerate CPs of DelSqRho>
     0
</Number of Degenerate CPs of DelSqRho>
<CP of DelSqRho>
CP# = 1       
Type = (3,+3)
Coords =  6.04085761075311E-06  3.49418603420571E-05 -5.04287708644504E-05
DistFromNuc =  1.3407216430E-13
Rho =  1.4571241058E+04
DelSqRho = -2.5335950629E+09
GradDelSqRho =  7.6466824339E-07  8.7124226411E-07  6.2102117226E-06
HessDelSqRho_EigVals =  1.8541979177E+15  1.8541979182E+15  1.8541979195E+15
HessDelSqRho_EigVec1 =  7.5693212397E-01 -5.3650654036E-01  3.7311458274E-01
HessDelSqRho_EigVec2 = -6.5287963924E-02 -6.3018162700E-01 -7.7369800230E-01
HessDelSqRho_EigVec3 = -6.5022399330E-01 -5.6127698078E-01  5.1203213706E-01
</CP of DelSqRho>
<CP of DelSqRho>
CP# = 2       
Type = (3,-1)
Coords = -1.43118467192121E-01  1.43658797807763E-04 -1.74271928700643E-05
DistFromNuc =  1.4312455314E-01
Rho =  1.3965038712E+02
DelSqRho = -1.0064581551E+04
GradDelSqRho =  1.4551915228E-10  2.5465851650E-11 -2.1827872843E-11
HessDelSqRho_EigVals = -1.6600951016E+05 -1.6555611763E+05  2.4280662962E+07
HessDelSqRho_EigVec1 =  6.8261608415E-04  6.7370079328E-01  7.3900390741E-01
HessDelSqRho_EigVec2 =  4.1845929713E-04  7.3900382244E-01 -6.7370110235E-01
HessDelSqRho_EigVec3 =  9.9999967946E-01 -7.6912226405E-04 -2.2253953501E-04
</CP of DelSqRho>
<CP of DelSqRho>
CP# = 3       
Type = (3,-1)
Coords =  3.69194251518966E-04 -1.37300097459273E-03  1.43066854688599E-01
DistFromNuc =  1.4312466946E-01
Rho =  1.3964987170E+02
DelSqRho = -1.0064412463E+04
GradDelSqRho =  1.8917489797E-10 -5.8207660913E-11  0.0000000000E+00
HessDelSqRho_EigVals = -1.6639551117E+05 -1.6527388444E+05  2.4280503683E+07
HessDelSqRho_EigVec1 = -7.0495589844E-01  7.0919693338E-01  8.7687478768E-03
HessDelSqRho_EigVec2 =  7.0924657348E-01  7.0494185035E-01  5.1269520849E-03
HessDelSqRho_EigVec3 =  2.5454386573E-03 -9.8334794986E-03  9.9994841038E-01
</CP of DelSqRho>
<CP of DelSqRho>
CP# = 4       
Type = (3,-1)
Coords = -3.57105211189099E-04  1.44264614503493E-03 -1.43167713588739E-01
DistFromNuc =  1.4312466845E-01
Rho =  1.3964987424E+02
DelSqRho = -1.0064413238E+04
GradDelSqRho =  4.3655745685E-11  0.0000000000E+00 -3.4924596548E-10
HessDelSqRho_EigVals = -1.6639538683E+05 -1.6527377525E+05  2.4280505440E+07
HessDelSqRho_EigVec1 = -7.0494198512E-01  7.0921077695E-01  8.7676375920E-03
HessDelSqRho_EigVec2 =  7.0926040253E-01  7.0492794607E-01  5.1256461334E-03
HessDelSqRho_EigVec3 =  2.5453892830E-03 -9.8318213281E-03  9.9994842681E-01
</CP of DelSqRho>
<CP of DelSqRho>
CP# = 5       
Type = (3,+1)
Coords =  1.01437413368458E-01 -8.35870333273116E-04  1.01086987853265E-01
DistFromNuc =  1.4324056229E-01
Rho =  1.4001110788E+02
DelSqRho = -1.0487282098E+04
GradDelSqRho =  2.6193447411E-10  2.9103830457E-11  1.8553691916E-10
HessDelSqRho_EigVals = -8.3699417010E+04  1.6529183799E+05  2.4138252978E+07
HessDelSqRho_EigVec1 =  5.5878980973E-04  9.9996739981E-01  8.0552516556E-03
HessDelSqRho_EigVec2 = -7.0609201931E-01 -5.3095412377E-03  7.0810018291E-01
HessDelSqRho_EigVec3 =  7.0811986840E-01 -6.0834280740E-03  7.0606603365E-01
</CP of DelSqRho>
<CP of DelSqRho>
CP# = 6       
Type = (3,+1)
Coords =  1.01159092277619E-01  1.44214646308704E-03 -1.01463370332198E-01
DistFromNuc =  1.4324281746E-01
Rho =  1.4001624296E+02
DelSqRho = -1.0491210887E+04
GradDelSqRho = -1.1641532183E-10 -8.7311491370E-11 -3.6379788071E-11
HessDelSqRho_EigVals = -8.1952852582E+04  1.6605072523E+05  2.4136172383E+07
HessDelSqRho_EigVec1 = -1.2931714367E-03  9.9992013400E-01  1.2571926317E-02
HessDelSqRho_EigVec2 =  7.0804541750E-01 -7.9623256461E-03  7.0612200654E-01
HessDelSqRho_EigVec3 = -7.0616571317E-01 -9.8146316274E-03  7.0797857209E-01
</CP of DelSqRho>
<CP of DelSqRho>
CP# = 7       
Type = (3,+1)
Coords = -1.01425313224257E-01  9.05244527344400E-04 -1.01187867272396E-01
DistFromNuc =  1.4324056159E-01
Rho =  1.4001110929E+02
DelSqRho = -1.0487282457E+04
GradDelSqRho =  5.8207660913E-11  2.9103830457E-11  9.0949470177E-11
HessDelSqRho_EigVals = -8.3699269599E+04  1.6529176995E+05  2.4138254117E+07
HessDelSqRho_EigVec1 =  5.5614034575E-04  9.9996742035E-01  8.0528849572E-03
HessDelSqRho_EigVec2 = -7.0609215116E-01 -5.3097348969E-03  7.0810004998E-01
HessDelSqRho_EigVec3 =  7.0811973901E-01 -6.0798818691E-03  7.0606619397E-01
</CP of DelSqRho>
<CP of DelSqRho>
CP# = 8       
Type = (3,+1)
Coords =  1.01350881770879E-01 -1.01184352886361E-01 -1.33844070744165E-03
DistFromNuc =  1.4324029246E-01
Rho =  1.4001083033E+02
DelSqRho = -1.0486933259E+04
GradDelSqRho = -3.2014213502E-10  3.4924596548E-10  8.7311491370E-11
HessDelSqRho_EigVals = -8.3854557656E+04  1.6518632645E+05  2.4138537076E+07
HessDelSqRho_EigVec1 =  2.8308903437E-04 -1.2436078490E-02  9.9992262891E-01
HessDelSqRho_EigVec2 =  7.0669697276E-01  7.0746409894E-01  8.5986861891E-03
HessDelSqRho_EigVec3 =  7.0751629561E-01 -7.0663986065E-01 -8.9888143502E-03
</CP of DelSqRho>
<CP of DelSqRho>
CP# = 9       
Type = (3,+1)
Coords = -3.97212808848627E-01  3.96742693257321E-01  5.21659224684252E-03
DistFromNuc =  5.6141570702E-01
Rho =  5.1759544084E+00
DelSqRho = -5.8034735709E+01
GradDelSqRho =  3.6948222260E-13 -3.9790393203E-13  2.2737367544E-13
HessDelSqRho_EigVals = -7.5921831181E+02  1.4991008475E+03  1.0236054621E+04
HessDelSqRho_EigVec1 =  8.1827718531E-04 -1.2441458956E-02  9.9992226724E-01
HessDelSqRho_EigVec2 =  7.0669146049E-01  7.0747405554E-01  8.2243792293E-03
HessDelSqRho_EigVec3 =  7.0752138490E-01 -7.0662979759E-01 -9.3711826794E-03
</CP of DelSqRho>
<CP of DelSqRho>
CP# = 10      
Type = (3,-3)
Coords =  4.47416684940789E-04 -2.55369167998027E-01 -2.82488715384984E-03
DistFromNuc =  2.5541956026E-01
Rho =  3.3636859436E+01
DelSqRho =  3.4275106061E+03
GradDelSqRho = -1.9610979507E-11 -5.4569682106E-12  2.0463630790E-11
HessDelSqRho_EigVals = -1.3586440531E+06 -4.3488864731E+04 -4.3218802056E+04
HessDelSqRho_EigVec1 = -1.7561730185E-03  9.9993933385E-01  1.0874027622E-02
HessDelSqRho_EigVec2 =  6.9103884015E-01 -6.6464259953E-03  7.2278706852E-01
HessDelSqRho_EigVec3 =  7.2281549323E-01  8.7837145836E-03 -6.9098524521E-01
</CP of DelSqRho>
<CP of DelSqRho>
CP# = 11      
Type = (3,-3)
Coords = -4.35344631042102E-04  2.55439045972266E-01  2.72401424630110E-03
DistFromNuc =  2.5541955437E-01
Rho =  3.3636862336E+01
DelSqRho =  3.4275102581E+03
GradDelSqRho = -5.1159076975E-12 -2.5465851650E-11  1.2732925825E-11
HessDelSqRho_EigVals = -1.3586439416E+06 -4.3488891409E+04 -4.3218828803E+04
HessDelSqRho_EigVec1 = -1.7562274450E-03  9.9993933448E-01  1.0873961018E-02
HessDelSqRho_EigVec2 =  6.9104175896E-01 -6.6463047736E-03  7.2278427902E-01
HessDelSqRho_EigVec3 =  7.2281270260E-01  8.7837347366E-03 -6.9098816413E-01
</CP of DelSqRho>
<CP of DelSqRho>
CP# = 12      
Type = (3,+1)
Coords =  3.97225121188828E-01 -3.96672440720147E-01 -5.31733632915977E-03
DistFromNuc =  5.6141560852E-01
Rho =  5.1759576331E+00
DelSqRho = -5.8034826183E+01
GradDelSqRho = -5.6843418861E-14 -3.4106051316E-13  5.6843418861E-14
HessDelSqRho_EigVals = -7.5921955080E+02  1.4991038345E+03  1.0236072616E+04
HessDelSqRho_EigVec1 =  8.1814585429E-04 -1.2441341139E-02  9.9992226881E-01
HessDelSqRho_EigVec2 =  7.0669097430E-01  7.0747454101E-01  8.2243951127E-03
HessDelSqRho_EigVec3 =  7.0752187067E-01 -7.0662931361E-01 -9.3710008536E-03
</CP of DelSqRho>
<CP of DelSqRho>
CP# = 13      
Type = (3,-1)
Coords = -2.67422850983936E-04  1.43150668641049E-01  1.51588522980601E-03
DistFromNuc =  1.4312455895E-01
Rho =  1.3965035661E+02
DelSqRho = -1.0064555894E+04
GradDelSqRho = -2.0372681320E-10  2.3283064365E-10 -1.7462298274E-10
HessDelSqRho_EigVals = -1.6628027390E+05 -1.6530203769E+05  2.4280645452E+07
HessDelSqRho_EigVec1 =  6.9332425065E-01 -6.5577921485E-03  7.2059591924E-01
HessDelSqRho_EigVec2 = -7.2062320015E-01 -8.9737310278E-03  6.9326883354E-01
HessDelSqRho_EigVec3 = -1.9201210456E-03  9.9993823185E-01  1.0947402504E-02
</CP of DelSqRho>
<CP of DelSqRho>
CP# = 14      
Type = (3,+1)
Coords =  2.00274087307397E-04  1.02373401251002E-01 -1.00275855739255E-01
DistFromNuc =  1.4324222216E-01
Rho =  1.4001492142E+02
DelSqRho = -1.0490184684E+04
GradDelSqRho = -3.8880898501E-11 -3.4924596548E-10  2.0372681320E-10
HessDelSqRho_EigVals = -8.2411823135E+04  1.6585545480E+05  2.4136720367E+07
HessDelSqRho_EigVec1 =  9.9999903948E-01 -1.1981110095E-03  6.9683183775E-04
HessDelSqRho_EigVec2 =  3.4046029778E-04  6.9969145678E-01  7.1444506395E-01
HessDelSqRho_EigVec3 =  1.3435517805E-03  7.1444414046E-01 -6.9969119262E-01
</CP of DelSqRho>
<CP of DelSqRho>
CP# = 15      
Type = (3,+3)
Coords =  8.25663331390569E-02 -8.36343607505431E-02  8.18791508963152E-02
DistFromNuc =  1.4328018036E-01
Rho =  1.4013461633E+02
DelSqRho = -1.0631295951E+04
GradDelSqRho = -1.7462298274E-10 -1.4551915228E-11 -2.9103830457E-11
HessDelSqRho_EigVals =  1.1011688569E+05  1.1184208054E+05  2.4090121348E+07
HessDelSqRho_EigVec1 = -8.1620754436E-01 -4.4722204488E-01  3.6578366162E-01
HessDelSqRho_EigVec2 = -4.2125169105E-02  6.7748795650E-01  7.3432658874E-01
HessDelSqRho_EigVec3 = -5.7622106405E-01  5.8395420315E-01 -5.7181008558E-01
</CP of DelSqRho>
<CP of DelSqRho>
CP# = 16      
Type = (3,+3)
Coords = -8.26824929441168E-02 -8.35519915490437E-02  8.18363320192475E-02
DistFromNuc =  1.4328157820E-01
Rho =  1.4013630168E+02
DelSqRho = -1.0630262554E+04
GradDelSqRho =  1.6007106751E-10  3.4924596548E-10 -2.9103830457E-11
HessDelSqRho_EigVals =  1.0920204755E+05  1.0984738056E+05  2.4089373594E+07
HessDelSqRho_EigVec1 = -6.9819347132E-02 -6.6199826819E-01 -7.4624630765E-01
HessDelSqRho_EigVec2 =  8.1368093910E-01 -4.7056388912E-01  3.4131064384E-01
HessDelSqRho_EigVec3 =  5.7710361991E-01  5.8337631009E-01 -5.7150983607E-01
</CP of DelSqRho>
<CP of DelSqRho>
CP# = 17      
Type = (3,+3)
Coords =  8.26947048809424E-02  8.36216161450920E-02 -8.19373241025798E-02
DistFromNuc =  1.4328157908E-01
Rho =  1.4013630221E+02
DelSqRho = -1.0630263934E+04
GradDelSqRho =  1.6007106751E-10  5.8207660913E-11  8.7311491370E-11
HessDelSqRho_EigVals =  1.0920260147E+05  1.0984798321E+05  2.4089372881E+07
HessDelSqRho_EigVec1 = -7.0160729243E-02 -6.6180250031E-01 -7.4638791701E-01
HessDelSqRho_EigVec2 =  8.1365091997E-01 -4.7084147116E-01  3.4099925142E-01
HessDelSqRho_EigVec3 =  5.7710454210E-01  5.8337445918E-01 -5.7151079419E-01
</CP of DelSqRho>
<CP of DelSqRho>
CP# = 18      
Type = (3,-3)
Coords =  2.55425597845941E-01 -1.11210714370058E-04 -1.49641599921496E-04
DistFromNuc =  2.5541961807E-01
Rho =  3.3636829155E+01
DelSqRho =  3.4275029692E+03
GradDelSqRho = -3.2002844819E-11  9.0949470177E-13  1.3429257706E-12
HessDelSqRho_EigVals = -1.3586421439E+06 -4.3415352381E+04 -4.3289418071E+04
HessDelSqRho_EigVec1 =  9.9999975297E-01 -6.0111942478E-04 -3.6428908321E-04
HessDelSqRho_EigVec2 =  6.7303018437E-04  6.6943530926E-01  7.4287005172E-01
HessDelSqRho_EigVec3 =  2.0268564310E-04  7.4287011339E-01 -6.6943554846E-01
</CP of DelSqRho>
<CP of DelSqRho>
CP# = 19      
Type = (3,-3)
Coords = -2.55413516728255E-01  1.80987530592923E-04  4.87680015744205E-05
DistFromNuc =  2.5541961860E-01
Rho =  3.3636828880E+01
DelSqRho =  3.4275029727E+03
GradDelSqRho =  4.5474735089E-12  6.8780536822E-12  7.8088646660E-12
HessDelSqRho_EigVals = -1.3586421384E+06 -4.3415350612E+04 -4.3289415825E+04
HessDelSqRho_EigVec1 =  9.9999975332E-01 -6.0059354125E-04 -3.6421403306E-04
HessDelSqRho_EigVec2 =  6.7262023089E-04  6.6942739489E-01  7.4287718403E-01
HessDelSqRho_EigVec3 =  2.0235238735E-04  7.4287724576E-01 -6.6942763372E-01
</CP of DelSqRho>
<CP of DelSqRho>
CP# = 20      
Type = (3,-3)
Coords =  6.12374004191334E-04 -2.49788291902413E-03  2.55355787633012E-01
DistFromNuc =  2.5541949459E-01
Rho =  3.3636581877E+01
DelSqRho =  3.4275660593E+03
GradDelSqRho = -1.2565948282E-11  4.0927261580E-12  2.9103830457E-11
HessDelSqRho_EigVals = -1.3586420910E+06 -4.3517214665E+04 -4.3207682142E+04
HessDelSqRho_EigVec1 =  2.3987009875E-03 -9.9048346965E-03  9.9994806889E-01
HessDelSqRho_EigVec2 = -7.0483829953E-01  7.0931445006E-01  8.7167913734E-03
HessDelSqRho_EigVec3 =  7.0936395295E-01  7.0482260547E-01  5.2798735728E-03
</CP of DelSqRho>
<CP of DelSqRho>
CP# = 21      
Type = (3,-3)
Coords = -6.00293432684155E-04  2.56766691887537E-03 -2.55456645700053E-01
DistFromNuc =  2.5541949413E-01
Rho =  3.3636582028E+01
DelSqRho =  3.4275661687E+03
GradDelSqRho =  1.9682033781E-12  4.5474735089E-13  3.6379788071E-12
HessDelSqRho_EigVals = -1.3586421502E+06 -4.3517213665E+04 -4.3207681432E+04
HessDelSqRho_EigVec1 =  2.3987048755E-03 -9.9043466830E-03  9.9994807372E-01
HessDelSqRho_EigVec2 = -7.0483913391E-01  7.0931362524E-01  8.7164417307E-03
HessDelSqRho_EigVec3 =  7.0936312388E-01  7.0482344240E-01  5.2795370869E-03
</CP of DelSqRho>
<CP of DelSqRho>
CP# = 22      
Type = (3,-1)
Coords =  2.05995068778066E-04  1.79540008284168E-01  1.83215702086451E-01
DistFromNuc =  2.5653183735E-01
Rho =  3.4235658292E+01
DelSqRho =  3.0754162979E+03
GradDelSqRho =  9.0949470177E-13  7.2759576142E-12  3.6379788071E-12
HessDelSqRho_EigVals = -1.3203795086E+06 -2.1488430752E+04  4.2744965456E+04
HessDelSqRho_EigVec1 =  7.7692577191E-04  6.9973833227E-01  7.1439881211E-01
HessDelSqRho_EigVec2 =  9.9998970437E-01  2.6502552961E-03 -3.6833809762E-03
HessDelSqRho_EigVec3 = -4.4707420967E-03  7.1439431864E-01 -6.9972906897E-01
</CP of DelSqRho>
<CP of DelSqRho>
CP# = 23      
Type = (3,-1)
Coords = -4.71647717478191E-04 -1.83243421507638E-01  1.79451809997207E-01
DistFromNuc =  2.5653896466E-01
Rho =  3.4238648410E+01
DelSqRho =  3.0741106404E+03
GradDelSqRho = -2.2737367544E-13 -5.2295945352E-12  1.2505552149E-12
HessDelSqRho_EigVals = -1.3201595018E+06 -2.1281700332E+04  4.2818099169E+04
HessDelSqRho_EigVec1 =  1.8246484723E-03  7.1442731776E-01 -6.9970728043E-01
HessDelSqRho_EigVec2 =  9.9999827443E-01 -1.5477711037E-03  1.0273944344E-03
HessDelSqRho_EigVec3 =  3.4898805965E-04  6.9970794768E-01  7.1442890911E-01
</CP of DelSqRho>
<CP of DelSqRho>
CP# = 24      
Type = (3,-1)
Coords =  4.83718816003660E-04  1.83313316048019E-01 -1.79552666282099E-01
DistFromNuc =  2.5653897149E-01
Rho =  3.4238645737E+01
DelSqRho =  3.0741102153E+03
GradDelSqRho = -4.7748471843E-12 -8.4128259914E-12  1.1368683772E-13
HessDelSqRho_EigVals = -1.3201592251E+06 -2.1281701979E+04  4.2818118498E+04
HessDelSqRho_EigVec1 =  1.8245981165E-03  7.1442738511E-01 -6.9970721180E-01
HessDelSqRho_EigVec2 =  9.9999827453E-01 -1.5477186931E-03  1.0273759328E-03
HessDelSqRho_EigVec3 =  3.4896443016E-04  6.9970787903E-01  7.1442897635E-01
</CP of DelSqRho>
<CP of DelSqRho>
CP# = 25      
Type = (3,-1)
Coords = -1.93923523928478E-04 -1.79470120715238E-01 -1.83316551242583E-01
DistFromNuc =  2.5653182867E-01
Rho =  3.4235661587E+01
DelSqRho =  3.0754169308E+03
GradDelSqRho = -4.5474735089E-12  1.0913936421E-11 -3.6379788071E-12
HessDelSqRho_EigVals = -1.3203798973E+06 -2.1488431311E+04  4.2744939725E+04
HessDelSqRho_EigVec1 =  7.7697300082E-04  6.9973829849E-01  7.1439884514E-01
HessDelSqRho_EigVec2 =  9.9998970443E-01  2.6502074903E-03 -3.6833999652E-03
HessDelSqRho_EigVec3 = -4.4707211948E-03  7.1439435190E-01 -6.9972903514E-01
</CP of DelSqRho>
<CP of DelSqRho>
CP# = 26      
Type = (3,-1)
Coords =  1.81652943276012E-01 -1.48494071426760E-03  1.81081038557321E-01
DistFromNuc =  2.5652780679E-01
Rho =  3.4233953755E+01
DelSqRho =  3.0761691923E+03
GradDelSqRho = -2.2737367544E-11  9.3223206932E-12 -1.4551915228E-11
HessDelSqRho_EigVals = -1.3205050137E+06 -2.1606820929E+04  4.2699477245E+04
HessDelSqRho_EigVec1 =  7.0809834135E-01 -5.9368516442E-03  7.0608887031E-01
HessDelSqRho_EigVec2 =  3.6405130356E-04  9.9996759054E-01  8.0427200437E-03
HessDelSqRho_EigVec3 = -7.0611373478E-01 -5.4379841492E-03  7.0807755358E-01
</CP of DelSqRho>
<CP of DelSqRho>
CP# = 27      
Type = (3,-1)
Coords = -1.81150868629559E-01 -2.58604582932944E-03  1.81579934996428E-01
DistFromNuc =  2.5654294859E-01
Rho =  3.4240263317E+01
DelSqRho =  3.0733828568E+03
GradDelSqRho =  3.2741809264E-11  3.8653524825E-12 -1.2732925825E-11
HessDelSqRho_EigVals = -1.3200357433E+06 -2.1166407236E+04  4.2859827436E+04
HessDelSqRho_EigVec1 = -7.0614687683E-01 -1.0188345157E-02  7.0799208044E-01
HessDelSqRho_EigVec2 = -1.5943839364E-03  9.9991681763E-01  1.2799053378E-02
HessDelSqRho_EigVec3 =  7.0806358915E-01 -7.9092003693E-03  7.0610438199E-01
</CP of DelSqRho>
<CP of DelSqRho>
CP# = 28      
Type = (3,-1)
Coords =  1.81162953724221E-01  2.65572035784365E-03 -1.81680790097388E-01
DistFromNuc =  2.5654294712E-01
Rho =  3.4240263941E+01
DelSqRho =  3.0733829474E+03
GradDelSqRho = -2.9103830457E-11  1.2278178474E-11  1.0913936421E-11
HessDelSqRho_EigVals = -1.3200358048E+06 -2.1166409964E+04  4.2859825881E+04
HessDelSqRho_EigVec1 = -7.0614689795E-01 -1.0187427581E-02  7.0799207258E-01
HessDelSqRho_EigVec2 = -1.5937227724E-03  9.9991682682E-01  1.2798417129E-02
HessDelSqRho_EigVec3 =  7.0806356958E-01 -7.9092194655E-03  7.0610440140E-01
</CP of DelSqRho>
<CP of DelSqRho>
CP# = 29      
Type = (3,-1)
Coords = -1.81640864726171E-01  1.55461988364291E-03 -1.81181893020154E-01
DistFromNuc =  2.5652780565E-01
Rho =  3.4233954184E+01
DelSqRho =  3.0761692989E+03
GradDelSqRho =  5.0022208598E-12  2.7284841053E-12  1.0913936421E-11
HessDelSqRho_EigVals = -1.3205050772E+06 -2.1606819489E+04  4.2699474189E+04
HessDelSqRho_EigVec1 =  7.0809835770E-01 -5.9359534099E-03  7.0608886146E-01
HessDelSqRho_EigVec2 =  3.6340243583E-04  9.9996759577E-01  8.0420988091E-03
HessDelSqRho_EigVec3 = -7.0611371872E-01 -5.4380025470E-03  7.0807756946E-01
</CP of DelSqRho>
<CP of DelSqRho>
CP# = 30      
Type = (3,-1)
Coords =  1.81304946571047E-01  1.81540660123049E-01  1.01062009290537E-03
DistFromNuc =  2.5654384576E-01
Rho =  3.4240789164E+01
DelSqRho =  3.0732320576E+03
GradDelSqRho =  1.6370904632E-11 -1.8189894035E-12  5.3432813729E-12
HessDelSqRho_EigVals = -1.3200111137E+06 -2.1142436360E+04  4.2861057724E+04
HessDelSqRho_EigVec1 =  7.0669732270E-01  7.0750376441E-01  4.1614230381E-03
HessDelSqRho_EigVec2 =  2.4035244014E-03 -8.2824047535E-03  9.9996281173E-01
HessDelSqRho_EigVec3 =  7.0751192015E-01 -7.0666103977E-01 -7.5536558267E-03
</CP of DelSqRho>
<CP of DelSqRho>
CP# = 31      
Type = (3,-1)
Coords = -1.81490513874435E-01  1.81306327101004E-01  2.28574084827960E-03
DistFromNuc =  2.5652635766E-01
Rho =  3.4233372343E+01
DelSqRho =  3.0764578199E+03
GradDelSqRho = -1.8189894035E-11  2.7284841053E-12  3.1832314562E-12
HessDelSqRho_EigVals = -1.3205523300E+06 -2.1649345775E+04  4.2675047209E+04
HessDelSqRho_EigVec1 =  7.0751622619E-01 -7.0663853529E-01 -9.0978084910E-03
HessDelSqRho_EigVec2 =  4.4185993510E-04 -1.2431364949E-02  9.9992262997E-01
HessDelSqRho_EigVec3 =  7.0669696083E-01  7.0746550559E-01  8.4831571579E-03
</CP of DelSqRho>
<CP of DelSqRho>
CP# = 32      
Type = (3,-1)
Coords =  1.81502588560571E-01 -1.81236439701438E-01 -2.38662954263929E-03
DistFromNuc =  2.5652635037E-01
Rho =  3.4233375142E+01
DelSqRho =  3.0764583360E+03
GradDelSqRho =  2.7284841053E-12 -3.6379788071E-12  4.3200998334E-12
HessDelSqRho_EigVals = -1.3205526509E+06 -2.1649346318E+04  4.2675025319E+04
HessDelSqRho_EigVec1 =  7.0751626997E-01 -7.0663848978E-01 -9.0979390725E-03
HessDelSqRho_EigVec2 =  4.4195140883E-04 -1.2431458898E-02  9.9992262876E-01
HessDelSqRho_EigVec3 =  7.0669691694E-01  7.0746554940E-01  8.4831595536E-03
</CP of DelSqRho>
<CP of DelSqRho>
CP# = 33      
Type = (3,-1)
Coords = -1.81292859711231E-01 -1.81470767006998E-01 -1.11150941826934E-03
DistFromNuc =  2.5654383561E-01
Rho =  3.4240793132E+01
DelSqRho =  3.0732326508E+03
GradDelSqRho = -7.2759576142E-12 -6.3664629124E-12  4.5474735089E-13
HessDelSqRho_EigVals = -1.3200115037E+06 -2.1142440642E+04  4.2861031913E+04
HessDelSqRho_EigVec1 =  7.0669737084E-01  7.0750371555E-01  4.1615545439E-03
HessDelSqRho_EigVec2 =  2.4034309630E-03 -8.2824980200E-03  9.9996281118E-01
HessDelSqRho_EigVec3 =  7.0751187239E-01 -7.0666108759E-01 -7.5536559111E-03
</CP of DelSqRho>
<CP of DelSqRho>
CP# = 34      
Type = (3,+1)
Coords =  1.48639667747554E-01  1.47374140469889E-01  1.48956007455170E-01
DistFromNuc =  2.5691187697E-01
Rho =  3.4438463422E+01
DelSqRho =  2.9574550878E+03
GradDelSqRho =  1.1823431123E-11  5.4569682106E-12  1.6370904632E-11
HessDelSqRho_EigVals = -1.3074530230E+06  2.8177693862E+04  2.8664183722E+04
HessDelSqRho_EigVec1 =  5.7853421727E-01  5.7348884459E-01  5.8000750389E-01
HessDelSqRho_EigVec2 = -4.8966944853E-01 -3.2449632227E-01  8.0927496440E-01
HessDelSqRho_EigVec3 = -6.5232046620E-01  7.5220521266E-01 -9.3087740456E-02
</CP of DelSqRho>
<CP of DelSqRho>
CP# = 35      
Type = (3,+1)
Coords = -1.48336490301600E-01  1.46081326247898E-01  1.50510139319791E-01
DistFromNuc =  2.5691153654E-01
Rho =  3.4438386824E+01
DelSqRho =  2.9573635045E+03
GradDelSqRho =  5.4569682106E-12  5.4569682106E-12  1.8189894035E-12
HessDelSqRho_EigVals = -1.3074591836E+06  2.8198698355E+04  2.8698230252E+04
HessDelSqRho_EigVec1 =  5.7740360746E-01 -5.6848657474E-01 -5.8602737857E-01
HessDelSqRho_EigVec2 =  5.1851187195E-01  8.0976305660E-01 -2.7464382537E-01
HessDelSqRho_EigVec3 =  6.3067464888E-01 -1.4528181754E-01  7.6232714811E-01
</CP of DelSqRho>
<CP of DelSqRho>
CP# = 36      
Type = (3,+1)
Coords =  1.48076720331458E-01 -1.49968761060989E-01  1.46840644663093E-01
DistFromNuc =  2.5691053786E-01
Rho =  3.4438508227E+01
DelSqRho =  2.9569869038E+03
GradDelSqRho = -7.2759576142E-12  6.0822458181E-12 -5.4569682106E-12
HessDelSqRho_EigVals = -1.3074768027E+06  2.8344131230E+04  2.8752340636E+04
HessDelSqRho_EigVec1 = -5.7636548569E-01  5.8386918366E-01 -5.7175134742E-01
HessDelSqRho_EigVec2 = -8.1593972801E-01 -4.4989094352E-01  3.6309847039E-01
HessDelSqRho_EigVec3 = -4.5223745655E-02  6.7579206514E-01  7.3570367508E-01
</CP of DelSqRho>
<CP of DelSqRho>
CP# = 37      
Type = (3,+1)
Coords = -1.48241885333229E-01 -1.49844354436894E-01  1.46795892252086E-01
DistFromNuc =  2.5691456377E-01
Rho =  3.4438160077E+01
DelSqRho =  2.9585129099E+03
GradDelSqRho =  1.4665602066E-11  1.4324541553E-11 -1.7735146685E-11
HessDelSqRho_EigVals = -1.3074083852E+06  2.8067552482E+04  2.8217391095E+04
HessDelSqRho_EigVec1 =  5.7702656070E-01  5.8338390475E-01 -5.7157988762E-01
HessDelSqRho_EigVec2 = -6.2877164763E-02 -6.6603482578E-01 -7.4326581584E-01
HessDelSqRho_EigVec3 =  8.1430142478E-01 -4.6482344017E-01  3.4763825893E-01
</CP of DelSqRho>
<CP of DelSqRho>
CP# = 38      
Type = (3,+1)
Coords =  1.48253963725951E-01  1.49914290316275E-01 -1.46896717109241E-01
DistFromNuc =  2.5691457360E-01
Rho =  3.4438156153E+01
DelSqRho =  2.9585124612E+03
GradDelSqRho = -1.7962520360E-11 -6.8212102633E-13 -7.7307049651E-12
HessDelSqRho_EigVals = -1.3074080643E+06  2.8067568740E+04  2.8217401183E+04
HessDelSqRho_EigVec1 =  5.7702651601E-01  5.8338409602E-01 -5.7157973751E-01
HessDelSqRho_EigVec2 = -6.3025291316E-02 -6.6595004430E-01 -7.4332923470E-01
HessDelSqRho_EigVec3 =  8.1429000514E-01 -4.6494465801E-01  3.4750288129E-01
</CP of DelSqRho>
<CP of DelSqRho>
CP# = 39      
Type = (3,+1)
Coords = -1.48064633126463E-01  1.50038687353295E-01 -1.46941478551733E-01
DistFromNuc =  2.5691054603E-01
Rho =  3.4438504976E+01
DelSqRho =  2.9569865013E+03
GradDelSqRho =  1.4779288904E-11 -1.4210854715E-11  2.0008883439E-11
HessDelSqRho_EigVals = -1.3074765233E+06  2.8344136199E+04  2.8752359064E+04
HessDelSqRho_EigVec1 = -5.7636543355E-01  5.8386935404E-01 -5.7175122599E-01
HessDelSqRho_EigVec2 = -8.1594234717E-01 -4.4985238692E-01  3.6314035313E-01
HessDelSqRho_EigVec3 = -4.5177130329E-02  6.7581758441E-01  7.3568309720E-01
</CP of DelSqRho>
<CP of DelSqRho>
CP# = 40      
Type = (3,+1)
Coords =  1.48348588140166E-01 -1.46011406611254E-01 -1.50610997704498E-01
DistFromNuc =  2.5691152593E-01
Rho =  3.4438391014E+01
DelSqRho =  2.9573640857E+03
GradDelSqRho = -3.6379788071E-12  1.6370904632E-11  3.6379788071E-12
HessDelSqRho_EigVals = -1.3074595725E+06  2.8198664097E+04  2.8698232996E+04
HessDelSqRho_EigVec1 =  5.7740370883E-01 -5.6848643265E-01 -5.8602741653E-01
HessDelSqRho_EigVec2 =  5.1849817085E-01  8.0976629009E-01 -2.7466015774E-01
HessDelSqRho_EigVec3 =  6.3068582024E-01 -1.4526434980E-01  7.6232123467E-01
</CP of DelSqRho>
<CP of DelSqRho>
CP# = 41      
Type = (3,+1)
Coords = -1.48627599373675E-01 -1.47304214075457E-01 -1.49056873212379E-01
DistFromNuc =  2.5691186498E-01
Rho =  3.4438468146E+01
DelSqRho =  2.9574557160E+03
GradDelSqRho =  2.7284841053E-12 -2.5465851650E-11 -1.0913936421E-11
HessDelSqRho_EigVals = -1.3074534490E+06  2.8177692253E+04  2.8664151093E+04
HessDelSqRho_EigVec1 =  5.7853430897E-01  5.7348869092E-01  5.8000756438E-01
HessDelSqRho_EigVec2 = -4.8964738693E-01 -3.2452182838E-01  8.0927808532E-01
HessDelSqRho_EigVec3 = -6.5233694500E-01  7.5219432615E-01 -9.3060227220E-02
</CP of DelSqRho>
<CP of DelSqRho>
CP# = 42      
Type = (3,+1)
Coords =  4.80395394141536E-04  3.92838372296980E-01  4.00972474894735E-01
DistFromNuc =  5.6135027322E-01
Rho =  5.1792456964E+00
DelSqRho = -5.8145652113E+01
GradDelSqRho = -5.6843418861E-14 -8.7752027866E-13 -9.8054897535E-13
HessDelSqRho_EigVals = -7.5452616127E+02  1.5018470714E+03  1.0243867320E+04
HessDelSqRho_EigVec1 =  9.9999132703E-01  2.3271450518E-03 -3.4540198988E-03
HessDelSqRho_EigVec2 = -4.0794286327E-03  7.1438792910E-01 -6.9973798312E-01
HessDelSqRho_EigVec3 =  8.3911833761E-04  6.9974600475E-01  7.1439122666E-01
</CP of DelSqRho>
<CP of DelSqRho>
CP# = 43      
Type = (3,+1)
Coords = -1.71083277064887E-03 -4.00955179625060E-01  3.92671996749136E-01
DistFromNuc =  5.6127259749E-01
Rho =  5.1833322899E+00
DelSqRho = -5.8277615921E+01
GradDelSqRho =  1.0658141036E-13  3.6948222260E-13 -3.5527136788E-13
HessDelSqRho_EigVals = -7.4844533253E+02  1.5045819316E+03  1.0252758329E+04
HessDelSqRho_EigVec1 =  9.9999534766E-01 -2.4092747004E-03  1.8708419028E-03
HessDelSqRho_EigVec2 =  3.4918034539E-04  6.9970172458E-01  7.1443500382E-01
HessDelSqRho_EigVec3 =  3.0303014857E-03  7.1443102677E-01 -6.9969931061E-01
</CP of DelSqRho>
<CP of DelSqRho>
CP# = 44      
Type = (3,+1)
Coords =  1.72299404007803E-03  4.01025402382318E-01 -3.92772632156512E-01
DistFromNuc =  5.6127268452E-01
Rho =  5.1833293140E+00
DelSqRho = -5.8277532309E+01
GradDelSqRho = -7.1054273576E-15  5.6843418861E-14  2.1316282073E-13
HessDelSqRho_EigVals = -7.4844407061E+02  1.5045789418E+03  1.0252742803E+04
HessDelSqRho_EigVec1 =  9.9999534724E-01 -2.4094322785E-03  1.8708672020E-03
HessDelSqRho_EigVec2 =  3.4927071055E-04  6.9970129587E-01  7.1443542365E-01
HessDelSqRho_EigVec3 =  3.0304319763E-03  7.1443144611E-01 -6.9969888187E-01
</CP of DelSqRho>
<CP of DelSqRho>
CP# = 45      
Type = (3,+1)
Coords = -4.68251267795978E-04 -3.92768158506368E-01 -4.01073493572238E-01
DistFromNuc =  5.6135015731E-01
Rho =  5.1792495664E+00
DelSqRho = -5.8145756040E+01
GradDelSqRho =  0.0000000000E+00 -2.8066438063E-13 -2.9842794902E-13
HessDelSqRho_EigVals = -7.5452771433E+02  1.5018503246E+03  1.0243888412E+04
HessDelSqRho_EigVec1 =  9.9999132677E-01  2.3272786026E-03 -3.4540053263E-03
HessDelSqRho_EigVec2 = -4.0795133782E-03  7.1438831663E-01 -6.9973758698E-01
HessDelSqRho_EigVec3 =  8.3901673711E-04  6.9974560866E-01  7.1439161474E-01
</CP of DelSqRho>
<CP of DelSqRho>
CP# = 46      
Type = (3,+1)
Coords =  1.13170771826255E-04  1.00268398944048E-01  1.02278826497211E-01
DistFromNuc =  1.4324117383E-01
Rho =  1.4001243924E+02
DelSqRho = -1.0488325847E+04
GradDelSqRho =  2.9103830457E-11  2.3283064365E-10  1.1641532183E-10
HessDelSqRho_EigVals = -8.3232996043E+04  1.6550332951E+05  2.4137676688E+07
HessDelSqRho_EigVec1 =  9.9998896778E-01  2.7902727970E-03 -3.7787166606E-03
HessDelSqRho_EigVec2 = -4.6374967870E-03  7.1437858028E-01 -6.9974405153E-01
HessDelSqRho_EigVec3 =  7.4695745145E-04  6.9975385559E-01  7.1438363898E-01
</CP of DelSqRho>
<CP of DelSqRho>
CP# = 47      
Type = (3,+1)
Coords = -1.88259020741425E-04 -1.02303817901363E-01  1.00174688603275E-01
DistFromNuc =  1.4324222022E-01
Rho =  1.4001492435E+02
DelSqRho = -1.0490184835E+04
GradDelSqRho = -9.5724317362E-11 -7.2759576142E-11 -1.1641532183E-10
HessDelSqRho_EigVals = -8.2411360420E+04  1.6585462309E+05  2.4136723156E+07
HessDelSqRho_EigVec1 =  9.9999903875E-01 -1.1986695508E-03  6.9691988284E-04
HessDelSqRho_EigVec2 =  3.4078405103E-04  6.9968925044E-01  7.1444722456E-01
HessDelSqRho_EigVec3 =  1.3440134841E-03  7.1444630030E-01 -6.9968898635E-01
</CP of DelSqRho>
<CP of DelSqRho>
CP# = 48      
Type = (3,+1)
Coords = -1.01223972250709E-01 -1.01309032059546E-01 -6.93538396137591E-04
DistFromNuc =  1.4324290626E-01
Rho =  1.4001681562E+02
DelSqRho = -1.0491472466E+04
GradDelSqRho = -1.1641532183E-10  2.5465851650E-10 -1.1641532183E-10
HessDelSqRho_EigVals = -8.1845138438E+04  1.6606434554E+05  2.4136116878E+07
HessDelSqRho_EigVec1 =  2.1389551922E-03 -8.4939319614E-03  9.9996163826E-01
HessDelSqRho_EigVec2 =  7.0750830240E-01 -7.0666506356E-01 -7.5159818524E-03
HessDelSqRho_EigVec3 =  7.0670179489E-01  7.0749723750E-01  4.4980024759E-03
</CP of DelSqRho>
<CP of DelSqRho>
CP# = 49      
Type = (3,-1)
Coords =  6.05063838664095E-01 -3.48607330036761E-05 -4.94184662343403E-04
DistFromNuc =  6.0505796456E-01
Rho =  3.8476219613E+00
DelSqRho = -6.1358899825E+00
GradDelSqRho =  5.6843418861E-14  4.9737991503E-14  0.0000000000E+00
HessDelSqRho_EigVals = -9.8333512940E+02 -9.8012256436E+02  5.2471462174E+03
HessDelSqRho_EigVec1 =  6.0665893442E-04  6.7858606466E-01  7.3452064969E-01
HessDelSqRho_EigVec2 = -3.0452467132E-04  7.3452087616E-01 -6.7858602237E-01
HessDelSqRho_EigVec3 =  9.9999976961E-01 -1.8799061382E-04 -6.5224985035E-04
</CP of DelSqRho>
<CP of DelSqRho>
CP# = 50      
Type = (3,-1)
Coords = -6.05051765682371E-01  1.05390206213914E-04  3.93407637519725E-04
DistFromNuc =  6.0505797343E-01
Rho =  3.8476218208E+00
DelSqRho = -6.1358838671E+00
GradDelSqRho = -3.9790393203E-13 -4.9737991503E-14  2.8421709430E-14
HessDelSqRho_EigVals = -9.8333516010E+02 -9.8012263649E+02  5.2471454129E+03
HessDelSqRho_EigVec1 =  6.0734430691E-04  6.7861300080E-01  7.3449576328E-01
HessDelSqRho_EigVec2 = -3.0395240504E-04  7.3449599009E-01 -6.7861295902E-01
HessDelSqRho_EigVec3 =  9.9999976937E-01 -1.8889996352E-04 -6.5235801171E-04
</CP of DelSqRho>
<CP of DelSqRho>
CP# = 51      
Type = (3,-1)
Coords = -7.96080642693291E-04  6.05058473813754E-01  6.41402603307815E-03
DistFromNuc =  6.0505859782E-01
Rho =  3.8476312078E+00
DelSqRho = -6.1355277000E+00
GradDelSqRho =  2.8421709430E-14  4.1211478674E-13  3.5527136788E-14
HessDelSqRho_EigVals = -9.8517992657E+02 -9.7832568771E+02  5.2470994002E+03
HessDelSqRho_EigVec1 =  6.9153482091E-01 -6.7582257164E-03  7.2231151026E-01
HessDelSqRho_EigVec2 = -7.2234172886E-01 -8.4365944624E-03  6.9148481590E-01
HessDelSqRho_EigVec3 = -1.4206388224E-03  9.9994157342E-01  1.0715947289E-02
</CP of DelSqRho>
<CP of DelSqRho>
CP# = 52      
Type = (3,-1)
Coords =  8.08236222251243E-04 -6.04988636189063E-01 -6.51481885608958E-03
DistFromNuc =  6.0505864332E-01
Rho =  3.8476294077E+00
DelSqRho = -6.1354567071E+00
GradDelSqRho =  0.0000000000E+00 -2.4158453016E-13  7.1054273576E-14
HessDelSqRho_EigVals = -9.8518061314E+02 -9.7832641564E+02  5.2470951370E+03
HessDelSqRho_EigVec1 =  6.9154448477E-01 -6.7579859971E-03  7.2230226029E-01
HessDelSqRho_EigVec2 = -7.2233247686E-01 -8.4366880314E-03  6.9149447950E-01
HessDelSqRho_EigVec3 = -1.4207288250E-03  9.9994157425E-01  1.0715857842E-02
</CP of DelSqRho>
<CP of DelSqRho>
CP# = 53      
Type = (3,-1)
Coords =  1.20518023622610E-03 -6.06873383625589E-03  6.04989350648264E-01
DistFromNuc =  6.0507175399E-01
Rho =  3.8472652123E+00
DelSqRho = -6.1260599757E+00
GradDelSqRho = -4.6185277824E-14  0.0000000000E+00  5.4711790654E-13
HessDelSqRho_EigVals = -9.8578488537E+02 -9.7790346127E+02  5.2459635153E+03
HessDelSqRho_EigVec1 =  7.0650507235E-01 -7.0765624624E-01 -8.5568629411E-03
HessDelSqRho_EigVec2 =  7.0770502763E-01  7.0648539803E-01  5.6547532845E-03
HessDelSqRho_EigVec3 =  2.0436772381E-03 -1.0050846803E-02  9.9994740055E-01
</CP of DelSqRho>
<CP of DelSqRho>
CP# = 54      
Type = (3,-1)
Coords = -1.19309755992647E-03  6.13922321194811E-03 -6.05090185035701E-01
DistFromNuc =  6.0507173694E-01
Rho =  3.8472655652E+00
DelSqRho = -6.1260657699E+00
GradDelSqRho = -3.5527136788E-15  9.2370555649E-14  1.0658141036E-13
HessDelSqRho_EigVals = -9.8578495364E+02 -9.7790350712E+02  5.2459651505E+03
HessDelSqRho_EigVec1 =  7.0651233527E-01 -7.0764898829E-01 -8.5574228632E-03
HessDelSqRho_EigVec2 =  7.0769777695E-01  7.0649265549E-01  5.6554601976E-03
HessDelSqRho_EigVec3 =  2.0436757157E-03 -1.0051721528E-02  9.9994739176E-01
</CP of DelSqRho>
<CP of DelSqRho>
CP# = 55      
Type = (3,+1)
Coords =  3.97524309841223E-01 -3.06961818330226E-03  3.96352809436921E-01
DistFromNuc =  5.6139641941E-01
Rho =  5.1768678285E+00
DelSqRho = -5.8067417180E+01
GradDelSqRho =  9.9475983006E-14 -2.8421709430E-14  4.2632564146E-14
HessDelSqRho_EigVals = -7.5799374904E+02  1.5000957520E+03  1.0238472925E+04
HessDelSqRho_EigVec1 = -1.3739269230E-04  9.9996817548E-01  7.9767883853E-03
HessDelSqRho_EigVec2 = -7.0611372929E-01 -5.7453631961E-03  7.0807513169E-01
HessDelSqRho_EigVec3 =  7.0809842708E-01 -5.5352354458E-03  7.0609204693E-01
</CP of DelSqRho>
<CP of DelSqRho>
CP# = 56      
Type = (3,+1)
Coords = -3.96310758390943E-01 -6.21632578182600E-03  3.97280871781341E-01
DistFromNuc =  5.6122922778E-01
Rho =  5.1855698354E+00
DelSqRho = -5.8350762254E+01
GradDelSqRho =  3.4372504842E-13 -5.6843418861E-14 -2.8421709430E-13
HessDelSqRho_EigVals = -7.4508962499E+02  1.5061653353E+03  1.0257766431E+04
HessDelSqRho_EigVec1 = -2.3518400903E-03  9.9990797745E-01  1.3360594249E-02
HessDelSqRho_EigVec2 =  7.0805253528E-01 -7.7696315845E-03  7.0611701588E-01
HessDelSqRho_EigVec3 = -7.0615584408E-01 -1.1120676937E-02  7.0796910555E-01
</CP of DelSqRho>
<CP of DelSqRho>
CP# = 57      
Type = (3,+1)
Coords =  3.96322847563961E-01  6.28729158307368E-03 -3.97381676875632E-01
DistFromNuc =  5.6122920797E-01
Rho =  5.1855704690E+00
DelSqRho = -5.8350783601E+01
GradDelSqRho = -1.9895196601E-13  1.1368683772E-13 -4.9737991503E-13
HessDelSqRho_EigVals = -7.4508929454E+02  1.5061657144E+03  1.0257770079E+04
HessDelSqRho_EigVec1 = -2.3531710476E-03  9.9990795751E-01  1.3361851926E-02
HessDelSqRho_EigVec2 =  7.0805250181E-01 -7.7695779484E-03  7.0611705003E-01
HessDelSqRho_EigVec3 = -7.0615587321E-01 -1.1122506883E-02  7.0796904775E-01
</CP of DelSqRho>
<CP of DelSqRho>
CP# = 58      
Type = (3,+1)
Coords = -3.97512223236073E-01  3.14055626876334E-03 -3.96453639730459E-01
DistFromNuc =  5.6139640254E-01
Rho =  5.1768684569E+00
DelSqRho = -5.8067431561E+01
GradDelSqRho = -2.8421709430E-13 -5.6843418861E-14 -4.6185277824E-13
HessDelSqRho_EigVals = -7.5799400836E+02  1.5000961181E+03  1.0238476002E+04
HessDelSqRho_EigVec1 = -1.3609448863E-04  9.9996816592E-01  7.9780093040E-03
HessDelSqRho_EigVec2 = -7.0611372618E-01 -5.7453110998E-03  7.0807513521E-01
HessDelSqRho_EigVec3 =  7.0809843043E-01 -5.5370167537E-03  7.0609202960E-01
</CP of DelSqRho>
<CP of DelSqRho>
CP# = 59      
Type = (3,+1)
Coords =  3.96611100662327E-01  3.97112329828048E-01  1.81633256462099E-03
DistFromNuc =  5.6122144497E-01
Rho =  5.1861133055E+00
DelSqRho = -5.8363788053E+01
GradDelSqRho =  4.5474735089E-13  1.4210854715E-13  8.5265128291E-14
HessDelSqRho_EigVals = -7.4435627932E+02  1.5061656916E+03  1.0258464195E+04
HessDelSqRho_EigVec1 =  3.0387693173E-03 -7.7670736022E-03  9.9996521862E-01
HessDelSqRho_EigVec2 =  7.0751909322E-01 -7.0665294188E-01 -7.6388784134E-03
HessDelSqRho_EigVec3 =  7.0668769524E-01  7.0751769752E-01  3.3479975943E-03
</CP of DelSqRho>
<CP of DelSqRho>
CP# = 60      
Type = (3,+1)
Coords = -3.96599172148399E-01 -3.97042110331689E-01 -1.91709117419041E-03
DistFromNuc =  5.6122131534E-01
Rho =  5.1861177423E+00
DelSqRho = -5.8363915648E+01
GradDelSqRho =  2.0605739337E-13  3.1263880373E-13  1.1368683772E-13
HessDelSqRho_EigVals = -7.4435733193E+02  1.5061698598E+03  1.0258487427E+04
HessDelSqRho_EigVec1 =  3.0388873934E-03 -7.7669748714E-03  9.9996521903E-01
