AIMSum (Version 16.05.18, Professional)
Copyright (c) 1997-2016 by Todd A. Keith
AIMSum is a component of the AIMAll package ( http://aim.tkgristmill.com )

TP:  64-bit Linux

Licensed To:  Research Group of Fernando Cortes Guzman, UNAM, fercor@unam.mx

Much of the Quantum Theory of Atoms in Molecules (QTAIM) is described in the book:
  "Atoms in Molecules - A Quantum Theory"
  R.F.W. Bader, Oxford University Press, Oxford, 1990

For additional references see:  http://aim.tkgristmill.com/references.html

Wfx File:  /home/davit_gabo/David/max_int2/Cr25_beta.wfx
Sum File:  /home/davit_gabo/David/max_int2/Cr25_beta.sum

SumViz File:  /home/davit_gabo/David/max_int2/Cr25_beta.sumviz

Wfx Title:   Cr[H2O]6 (2+)                                                                 
 
Total memory allocated for AIMSum =        1.173 Megabytes

Atomic units (a.u.) used throughout, except where stated otherwise

Model:  Unknown
 
Unrestricted, natural orbital wavefunction.
  Number of electrons (from MO Occs)                   =          39.0000000000
  Number of Alpha electrons (from MO Occs)             =           0.0000000000
  Number of Beta electrons (from MO Occs)              =          39.0000000000
  Number of electron pairs (N*(N-1)/2)                 =         741.0000000000
  Number of electron pairs (from Muller 2EDM)          =         741.0000000000
  Number of electron pairs (from Muller 2EDM, no SOSI) =         741.0000000000
 
Nuclear Charges and Cartesian Coordinates:
-------------------------------------------------------------------------------
Atom      Charge                X                  Y                  Z
-------------------------------------------------------------------------------
Cr1       24.0          -1.0647702660E-04  -1.2098664051E-04   5.8802981155E-04
O2         8.0           1.1021665806E-02  -2.6531289379E-01   3.9689831260E+00
O3         8.0          -4.3869126558E+00  -7.0866619413E-02   3.1374483461E-03
O4         8.0           4.3868182935E+00   7.2120050118E-02  -6.7599175278E-03
O5         8.0          -1.0510794834E-02   2.6426478504E-01  -3.9678806119E+00
O6         8.0          -7.9742622340E-02   3.9731105182E+00   2.6525267446E-01
O7         8.0           7.9459307866E-02  -3.9732384953E+00  -2.6415712035E-01
H8         1.0          -1.4593848070E+00  -3.6025158016E-01   5.0418691019E+00
H9         1.0           1.4885766445E+00  -3.1320167728E-01   5.0351079278E+00
H10        1.0          -5.4694226634E+00  -1.5328331928E+00  -8.9995270005E-02
H11        1.0          -5.5027916220E+00   1.3655291354E+00   1.0088693631E-01
H12        1.0           5.5029835068E+00  -1.3640834009E+00  -1.0409937518E-01
H13        1.0           5.4690499383E+00   1.5343048977E+00   8.6101261585E-02
H14        1.0           1.4605087664E+00   3.5942736005E-01  -5.0399122094E+00
H15        1.0          -1.4875614253E+00   3.1357584018E-01  -5.0346273630E+00
H16        1.0          -8.5202643545E-02   4.9488691900E+00   1.8037317183E+00
H17        1.0          -9.1665096081E-02   5.1457320546E+00  -1.1288871451E+00
H18        1.0           8.4880376441E-02  -4.9487912903E+00  -1.8027644766E+00
H19        1.0           9.1518920370E-02  -5.1459924158E+00   1.1298713858E+00
 
Some Atomic Properties:
----------------------
  q(A) = Net Charge of Atom A
  L(A) = Lagrangian of Atom A = -(1/4) Times Atomic Integral of the Laplacian of the Electron Density
  K(A) = Electronic Kinetic Energy of Atom A (Hamiltonian Form)
  K_Scaled(A) = K(A) * E(Mol)/K(Mol) = Approximation to Virial-Based Total Energy of Atom A.
  |Mu_Intra(A)| = Magnitude of Intraatomic Dipole Moment of Atom A
--------------------------------------------------------------------------------------------------
Atom A          q(A)              L(A)              K(A)          K_Scaled(A)      |Mu_Intra(A)|
--------------------------------------------------------------------------------------------------
Cr1       1.4820452921E+01  3.4916973098E-04  5.1051174236E+02 -5.1134420840E+02  1.6780456456E-05
O2        3.3728767442E+00 -1.2690546592E-05  3.7766765335E+01 -3.7828349716E+01  9.6697108376E-02
O3        3.3824544946E+00 -1.3747892415E-05  3.7701398317E+01 -3.7762876107E+01  9.0106603945E-02
O4        3.3824540876E+00 -1.2802534762E-05  3.7701408903E+01 -3.7762886710E+01  9.0117075905E-02
O5        3.3728764571E+00 -1.2177433811E-05  3.7766744234E+01 -3.7828328581E+01  9.6705105068E-02
O6        3.3748268549E+00 -1.7798418797E-05  3.7767253743E+01 -3.7828838921E+01  9.6008226605E-02
O7        3.3748215482E+00 -1.9587869673E-05  3.7767262955E+01 -3.7828848147E+01  9.6000989522E-02
H8        8.3052163634E-01  1.1216134046E-05  1.5964678289E-01 -1.5990711093E-01  6.3182218309E-02
H9        8.3052198824E-01  9.9757781802E-06  1.5964504194E-01 -1.5990536715E-01  6.3188048358E-02
H10       8.2039943709E-01  9.5246960079E-06  1.6622206422E-01 -1.6649311426E-01  6.7233054113E-02
H11       8.2031388169E-01  1.0158258032E-05  1.6626652716E-01 -1.6653764969E-01  6.7275784969E-02
H12       8.2031139218E-01  9.7605778847E-06  1.6626796884E-01 -1.6653909372E-01  6.7276542911E-02
H13       8.2040018662E-01  1.0008572404E-05  1.6622189731E-01 -1.6649294707E-01  6.7232741917E-02
H14       8.3051041783E-01  1.1326072228E-05  1.5965251175E-01 -1.5991284914E-01  6.3188928047E-02
H15       8.3052583115E-01  1.1835036888E-05  1.5964372306E-01 -1.5990404611E-01  6.3187796082E-02
H16       8.2904419967E-01  1.0699418563E-05  1.6072659797E-01 -1.6098868681E-01  6.3740768146E-02
H17       8.2900005423E-01  9.0747044555E-06  1.6076497312E-01 -1.6102712455E-01  6.3751409172E-02
H18       8.2904609957E-01  9.3855442753E-06  1.6072441237E-01 -1.6098649766E-01  6.3741044587E-02
H19       8.2900606552E-01  9.7954118486E-06  1.6076142667E-01 -1.6102357231E-01  6.3749194381E-02
--------------------------------------------------------------------------------------------------
Total     4.5000364298E+01  3.8312523974E-04  7.3892911977E+02 -7.4013405464E+02
 
Molecular charge q(Mol) from the wfx file:   4.5000000000E+01
Molecular energy E(Mol) from the wfx file:  -1.5025903453E+03
Molecular virial ratio (-V(Mol)/T(Mol)) from the wfx file:   2.0016306501E+00
Full molecular virial ratio ((-V(Mol)+W(Mol))/T(Mol)) from the wfx file:   2.0016310108E+00
Note.  K_Scaled(A) = (1+V(Mol)/T(Mol))*K(A) = (E(Mol)/T(Mol))*K(A)
       Only use K_Scaled(A) data with caution.
 
N_AIMInt(SumA)     =         38.999636
N_Analytic(Mol)    =         39.000000
 
G_AIMInt(SumA)     =        738.928737
G_Analytic(Mol)    =        738.929062
 
K_AIMInt(SumA)     =        738.929120
K_Analytic(Mol)    =        738.929062
 
L_AIMInt(SumA)     =          0.000383
L_Analytic(Mol)    =          0.000000
 
VenT_AIMInt(SumA)  =      -2308.516619
VenT_Analytic(Mol) =      -2308.524532
 
Some Information About the Atomic Calculations:
----------------------------------------------
  Time(sec) = "Elapsed User Time", in Seconds, for Atom A by AIMInt and, if used, by TWOe
  NProc = Number of Processors Used for AIMInt Job
  BIM = Basin Integration Method
  OAQ = Angular Quadrature Outside of Beta Sphere
  ORQ = Multiple of Default for Radial Quadrature Outside of Beta Sphere
  IAQ = Multiple of Default for Angular Quadrature Inside of Beta Sphere
  IRQ = Multiple of Default for Radial Quadrature Inside of Beta Sphere
  MIR = Maximum Integration Radius
------------------------------------------------------------------------------------------------------
Atom A     Time(sec)   NProc      BIM              OAQ                 ORQ      IAQ      IRQ      MIR
------------------------------------------------------------------------------------------------------
Cr1           855        8     Proaim(5)    4334      (Very High)      Auto     Auto     Auto    13.00
O2            420        8     Proaim(5)    4334      (Very High)      Auto     Auto     Auto    13.00
O3            372        8     Proaim(5)    4334      (Very High)      Auto     Auto     Auto    13.00
O4            388        8     Proaim(5)    4334      (Very High)      Auto     Auto     Auto    13.00
O5            429        8     Proaim(5)    4334      (Very High)      Auto     Auto     Auto    13.00
O6            415        8     Proaim(5)    4334      (Very High)      Auto     Auto     Auto    13.00
O7            426        8     Proaim(5)    4334      (Very High)      Auto     Auto     Auto    13.00
H8            110        8     Proaim(5)    2030      (Very High)      Auto     Auto     Auto    13.00
H9            109        8     Proaim(5)    2030      (Very High)      Auto     Auto     Auto    13.00
H10           117        8     Proaim(5)    2030      (Very High)      Auto     Auto     Auto    13.00
H11           108        8     Proaim(5)    2030      (Very High)      Auto     Auto     Auto    13.00
H12           108        8     Proaim(5)    2030      (Very High)      Auto     Auto     Auto    13.00
H13           120        8     Proaim(5)    2030      (Very High)      Auto     Auto     Auto    13.00
H14           123        8     Proaim(5)    2030      (Very High)      Auto     Auto     Auto    13.00
H15           134        8     Proaim(5)    2030      (Very High)      Auto     Auto     Auto    13.00
H16           169        8     Proaim(5)    2030      (Very High)      Auto     Auto     Auto    13.00
H17           173        8     Proaim(5)    2030      (Very High)      Auto     Auto     Auto    13.00
H18           221        8     Proaim(5)    2030      (Very High)      Auto     Auto     Auto    13.00
H19           437        8     Proaim(5)    2030      (Very High)      Auto     Auto     Auto    13.00
------------------------------------------------------------------------------------------------------
Total        5234
Note:  Total wall clock time is less than total of atomic times if more than one atom
       was calculated at a time
Note:  Total time does not include times for diatomic interaction energy calculations (4264 seconds)
 
Electron Density Critical Point Analysis of Molecular Structure:               
---------------------------------------------------------------                
  NACP = Nuclear Attractor Critical Point                                      
  NNACP = Non-Nuclear Attractor Critical Point                                 
  BCP = Bond Critical Point                                                    
  RCP = Ring Critical Point                                                    
  CCP = Cage Critical Point                                                    
  Rho = Electron Density                                                       
  GradRho = Gradient of Electron Density                                       
  HessRho_EigVals = Eigenvalues of the Hessian of Rho, Ascending Order         
  HessRho_EigVecs = Eigenvectors of the Hessian of Rho                         
  DelSqRho = Laplacian of Rho = Trace of Hessian of Rho                        
  Bond Ellipticity = (HessRho_EigVal(1) / HessRho_EigVal(2)) - 1               
  V = Virial Field = Potential Energy Density = Trace of Stress Tensor         
  G = Lagrangian Form of Kinetic Energy Density                                
  K = Hamiltonian Form of Kinetic Energy Density                               
  L = K - G = Lagrangian Density = (-1/4)DelSqRho                              
  Vnuc = Electrostatic Potential from Nuclei                                   
  Ven = Electron-nuclear attractive contribution to Virial Field V             
  Vrep = V - Ven = Repulsive contribution to Virial Field V                    
  DelSqV = Laplacian of V                                                      
  DelSqVen = Laplacian of Ven                                                  
  DelSqVrep = Laplacian of Vrep                                                
  DelSqG = Laplacian of G                                                      
  DelSqK = Laplacian of K                                                      
  Stress_EigVals = Eigenvalues of Stress Tensor, Ascending Order               
  Stress_EigVecs = Eigenvectors of Stress Tensor                               
  -DivStress = Ehrenfest Force Density = Minus Divergence of Stress Tensor     
  ESP = Total Electrostatic Potential                                          
  ESPe = Electrostatic Potential from Electrons                                
  ESPn = Electrostatic Potential from Nuclei                                   
  BP = Bond Path                                                               
  BPL = Bond Path Length                                                       
  GBL = Geometric Bond Length                                                  
  GBL_I = Distance Between Nuclear Attractors                                  
  GBL_II = Distance Between Nuclei                                             
  GBL_III = Sum of Distances Between BCP and Nuclear Attractors                
  GBL_IV = Sum of Distances Between BCP and Nuclei                             

CP# 1      Coords = -1.06477025126259E-04 -1.20986635362841E-04  5.88029826031137E-04
           Type = (3,-3) NACP Cr1
           Rho =  4.5495596005E+03     Rho at Nucleus =  4.5495596005E+03
           GradRho = -1.4548377439E-14 -3.0902915250E-13  8.4962854352E-12
           HessRho_EigVals = -2.0463182345E+08 -2.0463179256E+08 -2.0463179034E+08
           HessRho_EigVec1 =  9.9972973735E-01  2.3227197846E-02 -9.7444596683E-04
           HessRho_EigVec2 =  3.9806197476E-03 -1.2973329322E-01  9.9154093576E-01
           HessRho_EigVec3 = -2.2904299404E-02  9.9127683818E-01  1.2979068980E-01
           DelSqRho = -6.1389540635E+08
           Bond Ellipticity = NA
           V = -1.5358886821E+08
           G =  5.7508311339E+04
           K =  1.5353135990E+08
           L =  1.5347385159E+08
           Vnuc =  2.4000000139E+09
           Ven = -1.0918943105E+13
           Vrep =  1.0918789516E+13
           DelSqV =  2.6299302847E+14
           DelSqVen =  3.2756750998E+29
           DelSqVrep = -3.2756750998E+29
           DelSqG =  6.9121165237E+12
           DelSqK = -2.6990514500E+14
           Stress_EigVals = -5.1196290792E+07 -5.1196290186E+07 -5.1196287233E+07
           Stress_EigVec1 = -2.9684482957E-02  9.9205884317E-01  1.2222145127E-01
           Stress_EigVec2 =  4.4548997135E-03 -1.2214281436E-01  9.9250253741E-01
           Stress_EigVec3 =  9.9954939115E-01  3.0006408965E-02 -7.9377636494E-04
           -DivStress = -1.2805427885E+02 -4.4569259052E+02 -1.2545171910E+03
           ESP =  -4.2419068861E+01     ESP at Nucleus =  -4.2419068861E+01
           ESPe = -5.6330446425E+01     ESPe at Nucleus = -5.6330446425E+01
           ESPn =  1.3911377564E+01     ESPn at Nucleus =  1.3911377564E+01

CP# 2      Coords =  1.10216887635761E-02 -2.65313354977544E-01  3.96899020722181E+00
           Type = (3,-3) NACP O2
           Rho =  1.4772694128E+02     Rho at Nucleus =  1.4772693093E+02
           GradRho =  3.2988238877E-13  5.0591731325E-12 -4.8526481444E-11
           HessRho_EigVals = -4.1090336542E+05 -4.1089661178E+05 -4.1088607245E+05
           HessRho_EigVec1 =  9.9986970743E-01  1.5960678091E-02 -2.4134860271E-03
           HessRho_EigVec2 =  3.4901370293E-03 -6.7776616391E-02  9.9769441675E-01
           HessRho_EigVec3 = -1.5760301502E-02  9.9757284798E-01  6.7823490555E-02
           DelSqRho = -1.2326860497E+06
           Bond Ellipticity = NA
           V = -3.0824122430E+05
           G =  3.4855943635E+01
           K =  3.0820636836E+05
           L =  3.0817151241E+05
           Vnuc =  1.1273701452E+06
           Ven = -1.6654294323E+08
           Vrep =  1.6623470201E+08
           DelSqV =  1.9605904252E+10
           DelSqVen =  1.3896934502E+12
           DelSqVrep = -1.3700875460E+12
           DelSqG =  8.5735833201E+08
           DelSqK = -2.0463262584E+10
           Stress_EigVals = -1.0274923117E+05 -1.0274668365E+05 -1.0274530947E+05
           Stress_EigVec1 = -1.5752172469E-02  9.9758043375E-01  6.7713715480E-02
           Stress_EigVec2 =  3.4990784900E-03 -6.7666704921E-02  9.9770184599E-01
           Stress_EigVec3 =  9.9986980428E-01  1.5952907156E-02 -2.4247146315E-03
           -DivStress = -1.4654699531E+02  2.9435681135E+03 -4.5197046546E+04
           ESP =  -2.9552159902E+00     ESP at Nucleus =  -2.9552078649E+00
           ESPe = -1.8055155783E+01     ESPe at Nucleus = -1.8055162408E+01
           ESPn =  1.5099939793E+01     ESPn at Nucleus =  1.5099954543E+01

CP# 3      Coords = -4.38692020938492E+00 -7.08667076727063E-02  3.13746908072288E-03
           Type = (3,-3) NACP O3
           Rho =  1.4773767236E+02     Rho at Nucleus =  1.4773766063E+02
           GradRho =  6.2723247825E-11  1.5397736932E-12  6.3738077316E-15
           HessRho_EigVals = -4.1092871918E+05 -4.1092211380E+05 -4.1091132615E+05
           HessRho_EigVec1 = -1.2075906205E-02  9.9776960065E-01  6.5650563665E-02
           HessRho_EigVec2 =  9.9992413960E-01  1.2209134705E-02 -1.6285212339E-03
           HessRho_EigVec3 =  2.4264255565E-03 -6.5625917517E-02  9.9784134581E-01
           DelSqRho = -1.2327621591E+06
           Bond Ellipticity = NA
           V = -3.0825950403E+05
           G =  3.4482123907E+01
           K =  3.0822502191E+05
           L =  3.0819053978E+05
           Vnuc =  1.0590432169E+06
           Ven = -1.5646057979E+08
           Vrep =  1.5615232029E+08
           DelSqV =  1.9607066811E+10
           DelSqVen =  1.3055484027E+12
           DelSqVrep = -1.2859413359E+12
           DelSqG =  8.5740008969E+08
           DelSqK = -2.0464466901E+10
           Stress_EigVals = -1.0275537474E+05 -1.0275271928E+05 -1.0275141001E+05
           Stress_EigVec1 =  2.4817712349E-03 -6.5571460169E-02  9.9784478975E-01
           Stress_EigVec2 =  9.9992105348E-01  1.2454026513E-02 -1.6685426645E-03
           Stress_EigVec3 = -1.2317776689E-02  9.9777015431E-01  6.5597191575E-02
           -DivStress =  4.8213941002E+04  5.6337190171E+02 -1.3235083183E+02
           ESP =  -3.4162447029E+00     ESP at Nucleus =  -3.4162372615E+00
           ESPe = -1.7683513800E+01     ESPe at Nucleus = -1.7683519890E+01
           ESPn =  1.4267269097E+01     ESPn at Nucleus =  1.4267282629E+01

CP# 4      Coords =  4.38682584727113E+00  7.21201394348443E-02 -6.75993450572521E-03
           Type = (3,-3) NACP O4
           Rho =  1.4773768772E+02     Rho at Nucleus =  1.4773767600E+02
           GradRho = -1.6875418055E-10 -2.5176930277E-12  6.5051479828E-14
           HessRho_EigVals = -4.1092876376E+05 -4.1092215822E+05 -4.1091137076E+05
           HessRho_EigVec1 = -1.2250952403E-02  9.9778296617E-01  6.5414574657E-02
           HessRho_EigVec2 =  9.9992146529E-01  1.2397483520E-02 -1.8345697787E-03
           HessRho_EigVec3 =  2.6414785868E-03 -6.5386962116E-02  9.9785648656E-01
           DelSqRho = -1.2327622927E+06
           Bond Ellipticity = NA
           V = -3.0825953752E+05
           G =  3.4482167960E+01
           K =  3.0822505535E+05
           L =  3.0819057318E+05
           Vnuc =  1.0590058934E+06
           Ven = -1.5645508197E+08
           Vrep =  1.5614682243E+08
           DelSqV =  1.9607068933E+10
           DelSqVen =  1.3055025336E+12
           DelSqVrep = -1.2858954647E+12
           DelSqG =  8.5740018665E+08
           DelSqK = -2.0464469119E+10
           Stress_EigVals = -1.0275538589E+05 -1.0275273046E+05 -1.0275142117E+05
           Stress_EigVec1 =  2.6591576284E-03 -6.5333017021E-02  9.9785997303E-01
           Stress_EigVec2 =  9.9991837915E-01  1.2643619475E-02 -1.8368256357E-03
           Stress_EigVec3 = -1.2496556428E-02  9.9778341125E-01  6.5361305861E-02
           -DivStress = -4.8215625974E+04 -5.7012077646E+02  1.0837798416E+02
           ESP =  -3.4162562757E+00     ESP at Nucleus =  -3.4162488343E+00
           ESPe = -1.7683530389E+01     ESPe at Nucleus = -1.7683536480E+01
           ESPn =  1.4267274113E+01     ESPn at Nucleus =  1.4267287645E+01

CP# 5      Coords = -1.05108138449784E-02  2.64265254682710E-01 -3.96788769265684E+00
           Type = (3,-3) NACP O5
           Rho =  1.4772696138E+02     Rho at Nucleus =  1.4772695103E+02
           GradRho = -1.1014979076E-13  1.1382043311E-11 -8.6491501461E-11
           HessRho_EigVals = -4.1090342019E+05 -4.1089666631E+05 -4.1088612830E+05
           HessRho_EigVec1 =  9.9987732678E-01  1.5546143887E-02 -1.9101843579E-03
           HessRho_EigVec2 =  2.9686880994E-03 -6.8352349256E-02  9.9765682639E-01
           HessRho_EigVec3 = -1.5379150985E-02  9.9754011135E-01  6.8390115905E-02
           DelSqRho = -1.2326862148E+06
           Bond Ellipticity = NA
           V = -3.0824126507E+05
           G =  3.4855685978E+01
           K =  3.0820640939E+05
           L =  3.0817155370E+05
           Vnuc =  1.1273566296E+06
           Ven = -1.6654096928E+08
           Vrep =  1.6623272802E+08
           DelSqV =  1.9605906844E+10
           DelSqVen =  1.3896769792E+12
           DelSqVrep = -1.3700710713E+12
           DelSqG =  8.5735844375E+08
           DelSqK = -2.0463265287E+10
           Stress_EigVals = -1.0274924458E+05 -1.0274669735E+05 -1.0274532315E+05
           Stress_EigVec1 = -1.5370996895E-02  9.9754514795E-01  6.8318447426E-02
           Stress_EigVec2 =  3.0053076537E-03 -6.8280118877E-02  9.9766166284E-01
           Stress_EigVec3 =  9.9987734277E-01  1.5540372275E-02 -1.9483965728E-03
           -DivStress =  1.2135884108E+02 -2.9975479994E+03  4.5194119110E+04
           ESP =  -2.9543679354E+00     ESP at Nucleus =  -2.9543598095E+00
           ESPe = -1.8056043304E+01     ESPe at Nucleus = -1.8056049929E+01
           ESPn =  1.5101675368E+01     ESPn at Nucleus =  1.5101690119E+01

CP# 6      Coords = -7.97426467624489E-02  3.97311768134149E+00  2.65253152359239E-01
           Type = (3,-3) NACP O6
           Rho =  1.4773035829E+02     Rho at Nucleus =  1.4773034770E+02
           GradRho =  1.4907056842E-12  3.9388464590E-11  5.6015539514E-12
           HessRho_EigVals = -4.1091302860E+05 -4.1090631151E+05 -4.1089560562E+05
           HessRho_EigVec1 =  2.1626577372E-03 -6.6847107151E-02  9.9776088677E-01
           HessRho_EigVec2 = -1.0323661067E-02  9.9770855616E-01  6.6865977799E-02
           HessRho_EigVec3 =  9.9994437092E-01  1.0445153445E-02 -1.4675952510E-03
           DelSqRho = -1.2327149457E+06
           Bond Ellipticity = NA
           V = -3.0824843997E+05
           G =  3.4851769547E+01
           K =  3.0821358820E+05
           L =  3.0817873643E+05
           Vnuc =  1.1143543389E+06
           Ven = -1.6462396574E+08
           Vrep =  1.6431571730E+08
           DelSqV =  1.9606361130E+10
           DelSqVen =  1.3736812493E+12
           DelSqVrep = -1.3540748882E+12
           DelSqG =  8.5737868348E+08
           DelSqK = -2.0463739813E+10
           Stress_EigVals = -1.0275166172E+05 -1.0274907108E+05 -1.0274770718E+05
           Stress_EigVec1 =  9.9994879703E-01  1.0008393820E-02 -1.4951185203E-03
           Stress_EigVec2 = -9.8859638615E-03  9.9771069021E-01  6.6900271695E-02
           Stress_EigVec3 =  2.1612599966E-03 -6.6882065514E-02  9.9775854708E-01
           -DivStress =  1.5595619392E+02 -4.5721117720E+04 -3.0503867762E+03
           ESP =  -2.9651334850E+00     ESP at Nucleus =  -2.9651252920E+00
           ESPe = -1.8050532432E+01     ESPe at Nucleus = -1.8050539113E+01
           ESPn =  1.5085398947E+01     ESPn at Nucleus =  1.5085413821E+01

CP# 7      Coords =  7.94593329142082E-02 -3.97324565816316E+00 -2.64157599020881E-01
           Type = (3,-3) NACP O7
           Rho =  1.4773035828E+02     Rho at Nucleus =  1.4773034769E+02
           GradRho = -2.1068524650E-12 -8.5713714621E-11 -1.9151085967E-12
           HessRho_EigVals = -4.1091302761E+05 -4.1090631050E+05 -4.1089560545E+05
           HessRho_EigVec1 =  2.2218289481E-03 -6.6957254412E-02  9.9775337111E-01
           HessRho_EigVec2 = -1.0349823841E-02  9.9770085318E-01  6.6976777355E-02
           HessRho_EigVec3 =  9.9994397074E-01  1.0475382571E-02 -1.5237248491E-03
           DelSqRho = -1.2327149436E+06
           Bond Ellipticity = NA
           V = -3.0824843944E+05
           G =  3.4851777113E+01
           K =  3.0821358767E+05
           L =  3.0817873589E+05
           Vnuc =  1.1143954635E+06
           Ven = -1.6463004109E+08
           Vrep =  1.6432179265E+08
           DelSqV =  1.9606361095E+10
           DelSqVen =  1.3737319414E+12
           DelSqVrep = -1.3541255803E+12
           DelSqG =  8.5737868043E+08
           DelSqK = -2.0463739775E+10
           Stress_EigVals = -1.0275166140E+05 -1.0274907097E+05 -1.0274770707E+05
           Stress_EigVec1 =  9.9994837778E-01  1.0041738548E-02 -1.5508909615E-03
           Stress_EigVec2 = -9.9152639504E-03  9.9770316466E-01  6.7008079926E-02
           Stress_EigVec3 =  2.2202064395E-03 -6.6989243327E-02  9.9775122749E-01
           -DivStress = -1.5994992648E+02  4.5719078820E+04  3.0553230294E+03
           ESP =  -2.9650665657E+00     ESP at Nucleus =  -2.9650583726E+00
           ESPe = -1.8050579512E+01     ESPe at Nucleus = -1.8050586193E+01
           ESPn =  1.5085512946E+01     ESPn at Nucleus =  1.5085527820E+01

CP# 8      Coords = -1.41605018350427E+00 -3.57512060645240E-01  5.01119201620065E+00
           Type = (3,-3) NACP H8
           Rho =  2.0139771751E-01     Rho at Nucleus =  1.9650167847E-01
           GradRho =  7.2055466520E-15  4.1439223472E-16 -4.1948053104E-15
           HessRho_EigVals = -3.9624873951E+00 -3.9512041187E+00 -3.0789085478E+00
           HessRho_EigVec1 =  5.8173446043E-01 -4.5557202163E-02  8.1210193873E-01
           HessRho_EigVec2 = -1.5533017292E-02  9.9762590989E-01  6.7091499349E-02
           HessRho_EigVec3 =  8.1323043655E-01  5.1643830630E-02 -5.7964572959E-01
           DelSqRho = -1.0992600062E+01
           Bond Ellipticity = NA
           V = -2.7775054546E+00
           G =  1.4677719624E-02
           K =  2.7628277350E+00
           L =  2.7481500154E+00
           Vnuc =  3.5284278066E+01
           Ven = -7.1061730663E+00
           Vrep =  4.3286676116E+00
           DelSqV =  6.6594116190E+02
           DelSqVen =  3.8786595724E+02
           DelSqVrep =  2.7807520466E+02
           DelSqG =  5.1153068393E+01
           DelSqK = -7.1709423029E+02
           Stress_EigVals = -1.0031703250E+00 -1.0004181908E+00 -7.7391693882E-01
           Stress_EigVec1 = -1.5618999201E-02  9.9763106532E-01  6.6994808552E-02
           Stress_EigVec2 =  5.7878062145E-01 -4.5615694139E-02  8.1420648529E-01
           Stress_EigVec3 =  8.1533369800E-01  5.1492387371E-02 -5.7669705647E-01
           -DivStress = -9.9466504030E+00 -6.2861011346E-01  7.0383624869E+00
           ESP =   8.2946850463E+00     ESP at Nucleus =   8.1891845787E+00
           ESPe = -8.1800959199E+00     ESPe at Nucleus = -8.0842615025E+00
           ESPn =  1.6474780966E+01     ESPn at Nucleus =  1.6273446081E+01

CP# 9      Coords =  1.44503418837492E+00 -3.11849875017248E-01  5.00462975169147E+00
           Type = (3,-3) NACP H9
           Rho =  2.0140234934E-01     Rho at Nucleus =  1.9650597684E-01
           GradRho = -1.1457685929E-14  3.2830488816E-16 -8.8041824265E-15
           HessRho_EigVals = -3.9624892256E+00 -3.9512033374E+00 -3.0788536346E+00
           HessRho_EigVec1 = -5.7624553839E-01 -6.4056500929E-02  8.1476244647E-01
           HessRho_EigVec2 = -1.6022300820E-02  9.9761755460E-01  6.7100675402E-02
           HessRho_EigVec3 =  8.1711955390E-01 -2.5612095809E-02  5.7589899738E-01
           DelSqRho = -1.0992546198E+01
           Bond Ellipticity = NA
           V = -2.7774972431E+00
           G =  1.4680346844E-02
           K =  2.7628168962E+00
           L =  2.7481365494E+00
           Vnuc =  3.5286566412E+01
           Ven = -7.1067973755E+00
           Vrep =  4.3293001324E+00
           DelSqV =  6.6593156559E+02
           DelSqVen =  3.8788921144E+02
           DelSqVrep =  2.7804235415E+02
           DelSqG =  5.1151587775E+01
           DelSqK = -7.1708315336E+02
           Stress_EigVals = -1.0031729883E+00 -1.0004203643E+00 -7.7390389050E-01
           Stress_EigVec1 = -1.5862402783E-02  9.9763405127E-01  6.6893078293E-02
           Stress_EigVec2 = -5.7328270328E-01 -6.3887283838E-02  8.1686312016E-01
           Stress_EigVec3 =  8.1920408098E-01 -2.5391232924E-02  5.7293975163E-01
           -DivStress =  9.9942684531E+00 -3.1008985691E-01  6.9926770665E+00
           ESP =   8.2962702513E+00     ESP at Nucleus =   8.1907866197E+00
           ESPe = -8.1815108357E+00     ESPe at Nucleus = -8.0856934520E+00
           ESPn =  1.6477781087E+01     ESPn at Nucleus =  1.6276480072E+01

CP# 10     Coords = -5.43900733224853E+00 -1.49063456582106E+00 -8.73035897557964E-02
           Type = (3,-3) NACP H10
           Rho =  2.0402306752E-01     Rho at Nucleus =  1.9924296612E-01
           GradRho =  1.9345974104E-16  1.4094194138E-16  3.4982460722E-18
           HessRho_EigVals = -4.0169979931E+00 -4.0056045438E+00 -3.1480701082E+00
           HessRho_EigVec1 =  8.1015901663E-01 -5.8480208653E-01 -4.0606494009E-02
           HessRho_EigVec2 =  2.6828378063E-03 -6.5569937343E-02  9.9784436948E-01
           HessRho_EigVec3 =  5.8620403457E-01  8.0852155377E-01  5.1553146812E-02
           DelSqRho = -1.1170672645E+01
           Bond Ellipticity = NA
           V = -2.8230094697E+00
           G =  1.5170654207E-02
           K =  2.8078388155E+00
           L =  2.7926681613E+00
           Vnuc =  3.5055521037E+01
           Ven = -7.1521349355E+00
           Vrep =  4.3291254658E+00
           DelSqV =  6.7945560254E+02
           DelSqVen =  3.9159374991E+02
           DelSqVrep =  2.8786185263E+02
           DelSqG =  5.2109404167E+01
           DelSqK = -7.3156500670E+02
           Stress_EigVals = -1.0170998850E+00 -1.0144136759E+00 -7.9149590873E-01
           Stress_EigVec1 =  2.6217312654E-03 -6.5540225895E-02  9.9784648384E-01
           Stress_EigVec2 =  8.1247896837E-01 -5.8159353088E-01 -4.0334734409E-02
           Stress_EigVec3 =  5.8298460742E-01  8.1083502861E-01  5.1725273178E-02
           -DivStress = -7.0917383037E+00 -9.8448025656E+00 -6.2799452573E-01
           ESP =   7.9465159530E+00     ESP at Nucleus =   7.8459190258E+00
           ESPe = -7.9103780930E+00     ESPe at Nucleus = -7.8187152333E+00
           ESPn =  1.5856894046E+01     ESPn at Nucleus =  1.5664634259E+01

CP# 11     Coords = -5.47142031696149E+00  1.32405843902451E+00  9.80674062077308E-02
           Type = (3,-3) NACP H11
           Rho =  2.0402828146E-01     Rho at Nucleus =  1.9924996899E-01
           GradRho =  2.0015476634E-09 -2.6390569028E-09 -1.7943050299E-10
           HessRho_EigVals = -4.0170733609E+00 -4.0056742288E+00 -3.1483698753E+00
           HessRho_EigVec1 =  7.9649176587E-01  6.0348342977E-01  3.7531545433E-02
           HessRho_EigVec2 =  2.7816938797E-03 -6.5728129105E-02  9.9783369116E-01
           HessRho_EigVec3 = -6.0464297654E-01  7.9466191745E-01  5.4030619781E-02
           DelSqRho = -1.1171117465E+01
           Bond Ellipticity = NA
           V = -2.8231224173E+00
           G =  1.5171525508E-02
           K =  2.8079508918E+00
           L =  2.7927793663E+00
           Vnuc =  3.5079256532E+01
           Ven = -7.1571604253E+00
           Vrep =  4.3340380080E+00
           DelSqV =  6.7950924389E+02
           DelSqVen =  3.9187449773E+02
           DelSqVrep =  2.8763474616E+02
           DelSqG =  5.2111992607E+01
           DelSqK = -7.3162123650E+02
           Stress_EigVals = -1.0171179838E+00 -1.0144311061E+00 -7.9157332734E-01
           Stress_EigVec1 =  2.8199580216E-03 -6.5701384786E-02  9.9783534507E-01
           Stress_EigVec2 =  7.9889066771E-01  6.0032047166E-01  3.7269724249E-02
           Stress_EigVec3 = -6.0146965749E-01  7.9705624604E-01  5.4181101691E-02
           -DivStress = -7.3151151092E+00  9.6755088224E+00  6.5781180513E-01
           ESP =   7.9569945166E+00     ESP at Nucleus =   7.8565716582E+00
           ESPe = -7.9196199191E+00     ESPe at Nucleus = -7.8281188247E+00
           ESPn =  1.5876614436E+01     ESPn at Nucleus =  1.5684690483E+01

CP# 12     Coords =  5.47160418559201E+00 -1.32261837802298E+00 -1.01290953378166E-01
           Type = (3,-3) NACP H12
           Rho =  2.0402841240E-01     Rho at Nucleus =  1.9925014674E-01
           GradRho = -1.9729095971E-09  2.6002769015E-09  1.7611783904E-10
           HessRho_EigVals = -4.0170751758E+00 -4.0056761307E+00 -3.1483782004E+00
           HessRho_EigVec1 =  7.9637225941E-01  6.0365594910E-01  3.7292352496E-02
           HessRho_EigVec2 =  2.8551837111E-03 -6.5411635129E-02  9.9785428090E-01
           HessRho_EigVec3 = -6.0480002676E-01  7.9455699173E-01  5.3815560292E-02
           DelSqRho = -1.1171129507E+01
           Bond Ellipticity = NA
           V = -2.8231255575E+00
           G =  1.5171590393E-02
           K =  2.8079539671E+00
           L =  2.7927823767E+00
           Vnuc =  3.5079410856E+01
           Ven = -7.1571965048E+00
           Vrep =  4.3340709473E+00
           DelSqV =  6.7951068594E+02
           DelSqVen =  3.9187664409E+02
           DelSqVrep =  2.8763404185E+02
           DelSqG =  5.2112062307E+01
           DelSqK = -7.3162274825E+02
           Stress_EigVals = -1.0171184659E+00 -1.0144316406E+00 -7.9157545107E-01
           Stress_EigVec1 =  2.8969742381E-03 -6.5386518466E-02  9.9785580659E-01
           Stress_EigVec2 =  7.9877188022E-01  6.0049337709E-01  3.7029548244E-02
           Stress_EigVec3 = -6.0162703638E-01  7.9695188517E-01  5.3968526139E-02
           -DivStress =  7.3169949039E+00 -9.6741981199E+00 -6.5522743010E-01
           ESP =   7.9570171818E+00     ESP at Nucleus =   7.8565952750E+00
           ESPe = -7.9196452399E+00     ESPe at Nucleus = -7.8281446467E+00
           ESPn =  1.5876662422E+01     ESPn at Nucleus =  1.5684739922E+01

CP# 13     Coords =  5.43864242466587E+00  1.49209981492845E+00  8.34181439083494E-02
           Type = (3,-3) NACP H13
           Rho =  2.0402380665E-01     Rho at Nucleus =  1.9924365690E-01
           GradRho = -1.3470115098E-15 -1.7622480763E-16  8.7839434213E-18
           HessRho_EigVals = -4.0170067988E+00 -4.0056131844E+00 -3.1480714121E+00
           HessRho_EigVec1 =  8.1026900556E-01 -5.8465224291E-01 -4.0569612883E-02
           HessRho_EigVec2 =  2.7603497919E-03 -6.5416551843E-02  9.9785422543E-01
           HessRho_EigVec3 =  5.8605163518E-01  8.0864233726E-01  5.1391159712E-02
           DelSqRho = -1.1170691395E+01
           Bond Ellipticity = NA
           V = -2.8230147683E+00
           G =  1.5170959735E-02
           K =  2.8078438085E+00
           L =  2.7926728488E+00
           Vnuc =  3.5055456948E+01
           Ven = -7.1521477705E+00
           Vrep =  4.3291330022E+00
           DelSqV =  6.7945610367E+02
           DelSqVen =  3.9159369129E+02
           DelSqVrep =  2.8786241238E+02
           DelSqG =  5.2109409004E+01
           DelSqK = -7.3156551268E+02
           Stress_EigVals = -1.0171023387E+00 -1.0144161532E+00 -7.9149627630E-01
           Stress_EigVec1 =  2.6998161457E-03 -6.5382887989E-02  9.9785659739E-01
           Stress_EigVec2 =  8.1258835639E-01 -5.8144332713E-01 -4.0296655050E-02
           Stress_EigVec3 =  5.8283177166E-01  8.1095544594E-01  5.1559583405E-02
           -DivStress =  7.0899251979E+00  9.8463233802E+00  6.2599072893E-01
           ESP =   7.9465145359E+00     ESP at Nucleus =   7.8459169168E+00
           ESPe = -7.9103981859E+00     ESPe at Nucleus = -7.8187345514E+00
           ESPn =  1.5856912722E+01     ESPn at Nucleus =  1.5664651468E+01

CP# 14     Coords =  1.41715685332650E+00  3.56682717039280E-01 -5.00926181286574E+00
           Type = (3,-3) NACP H14
           Rho =  2.0139962032E-01     Rho at Nucleus =  1.9650371722E-01
           GradRho = -7.8446363988E-15 -5.5382571630E-16  5.6635468884E-15
           HessRho_EigVals = -3.9625229467E+00 -3.9512387446E+00 -3.0789582565E+00
           HessRho_EigVec1 =  5.8126838688E-01 -4.6275049238E-02  8.1239502844E-01
           HessRho_EigVec2 = -1.5237615713E-02  9.9758756770E-01  6.7726359953E-02
           HessRho_EigVec3 =  8.1356922107E-01  5.1746155250E-02 -5.7916099483E-01
           DelSqRho = -1.0992719948E+01
           Bond Ellipticity = NA
           V = -2.7775352661E+00
           G =  1.4677639565E-02
           K =  2.7628576265E+00
           L =  2.7481799870E+00
           Vnuc =  3.5287200527E+01
           Ven = -7.1068287882E+00
           Vrep =  4.3292935221E+00
           DelSqV =  6.6595084556E+02
           DelSqVen =  3.8790231314E+02
           DelSqVrep =  2.7804853243E+02
           DelSqG =  5.1153671579E+01
           DelSqK = -7.1710451714E+02
           Stress_EigVals = -1.0031787574E+00 -1.0004267756E+00 -7.7392973306E-01
           Stress_EigVec1 = -1.5337510499E-02  9.9759440321E-01  6.7603013648E-02
           Stress_EigVec2 =  5.7831136711E-01 -4.6304254907E-02  8.1450099979E-01
           Stress_EigVec3 =  8.1567194597E-01  5.1588008879E-02 -5.7620999114E-01
           -DivStress =  9.9507265426E+00  6.2977678990E-01 -7.0323173244E+00
           ESP =   8.2959692658E+00     ESP at Nucleus =   8.1904781111E+00
           ESPe = -8.1813684653E+00     ESPe at Nucleus = -8.0855422714E+00
           ESPn =  1.6477337731E+01     ESPn at Nucleus =  1.6276020382E+01

CP# 15     Coords = -1.44403241786700E+00  3.12183575483288E-01 -5.00413090563317E+00
           Type = (3,-3) NACP H15
           Rho =  2.0140360199E-01     Rho at Nucleus =  1.9650711386E-01
           GradRho =  1.0717175845E-14 -3.6257753527E-16  8.2517001045E-15
           HessRho_EigVals = -3.9625183584E+00 -3.9512311113E+00 -3.0788583114E+00
           HessRho_EigVec1 = -5.7663240709E-01 -6.4315275594E-02  8.1446830044E-01
           HessRho_EigVec2 = -1.5577305431E-02  9.9758095889E-01  6.7746424436E-02
           HessRho_EigVec3 =  8.1685519809E-01 -2.6377562315E-02  5.7623936829E-01
           DelSqRho = -1.0992607781E+01
           Bond Ellipticity = NA
           V = -2.7775127023E+00
           G =  1.4680378509E-02
           K =  2.7628323238E+00
           L =  2.7481519453E+00
           Vnuc =  3.5287339985E+01
           Ven = -7.1069973775E+00
           Vrep =  4.3294846752E+00
           DelSqV =  6.6593410813E+02
           DelSqVen =  3.8789988809E+02
           DelSqVrep =  2.7803422005E+02
           DelSqG =  5.1151868274E+01
           DelSqK = -7.1708597641E+02
           Stress_EigVals = -1.0031799896E+00 -1.0004275027E+00 -7.7390521006E-01
           Stress_EigVec1 = -1.5395762993E-02  9.9760038086E-01  6.7501485835E-02
           Stress_EigVec2 = -5.7367066197E-01 -6.4105857097E-02  8.1657357946E-01
           Stress_EigVec3 =  8.1894135448E-01 -2.6151848767E-02  5.7328102946E-01
           -DivStress = -9.9912385904E+00  3.1936398527E-01 -6.9969107884E+00
           ESP =   8.2967013573E+00     ESP at Nucleus =   8.1912097466E+00
           ESPe = -8.1820353766E+00     ESPe at Nucleus = -8.0862103707E+00
           ESPn =  1.6478736734E+01     ESPn at Nucleus =  1.6277420117E+01

CP# 16     Coords = -8.50409863925551E-02  4.92105756860098E+00  1.75857402657941E+00
           Type = (3,-3) NACP H16
           Rho =  2.0202032099E-01     Rho at Nucleus =  1.9713014324E-01
           GradRho =  5.2425632551E-16 -9.2997407358E-14 -1.4910846893E-13
           HessRho_EigVals = -3.9755911664E+00 -3.9642346070E+00 -3.0922202155E+00
           HessRho_EigVec1 = -9.3464646886E-03  8.4990378914E-01 -5.2685500168E-01
           HessRho_EigVec2 =  9.9995169643E-01  9.5462752882E-03 -2.3395387296E-03
           HessRho_EigVec3 = -3.0411200519E-03  5.2685141912E-01  8.4995195968E-01
           DelSqRho = -1.1032045989E+01
           Bond Ellipticity = NA
           V = -2.7875237741E+00
           G =  1.4756138444E-02
           K =  2.7727676357E+00
           L =  2.7580114972E+00
