AIMSum (Version 16.05.18, Professional)
Copyright (c) 1997-2016 by Todd A. Keith
AIMSum is a component of the AIMAll package ( http://aim.tkgristmill.com )

TP:  64-bit Linux

Licensed To:  Research Group of Fernando Cortes Guzman, UNAM, fercor@unam.mx

Much of the Quantum Theory of Atoms in Molecules (QTAIM) is described in the book:
  "Atoms in Molecules - A Quantum Theory"
  R.F.W. Bader, Oxford University Press, Oxford, 1990

For additional references see:  http://aim.tkgristmill.com/references.html

Wfx File:  /home/davit_gabo/David/max_int2/Cr25_alpha.wfx
Sum File:  /home/davit_gabo/David/max_int2/Cr25_alpha.sum

SumViz File:  /home/davit_gabo/David/max_int2/Cr25_alpha.sumviz

Wfx Title:   Cr[H2O]6 (2+)                                                                 
 
Total memory allocated for AIMSum =        1.173 Megabytes

Atomic units (a.u.) used throughout, except where stated otherwise

Model:  Unknown
 
Unrestricted, natural orbital wavefunction.
  Number of electrons (from MO Occs)                   =          43.0000000000
  Number of Alpha electrons (from MO Occs)             =          43.0000000000
  Number of Beta electrons (from MO Occs)              =           0.0000000000
  Number of electron pairs (N*(N-1)/2)                 =         903.0000000000
  Number of electron pairs (from Muller 2EDM)          =         903.0000000000
  Number of electron pairs (from Muller 2EDM, no SOSI) =         903.0000000000
 
Nuclear Charges and Cartesian Coordinates:
-------------------------------------------------------------------------------
Atom      Charge                X                  Y                  Z
-------------------------------------------------------------------------------
Cr1       24.0          -1.0647702660E-04  -1.2098664051E-04   5.8802981155E-04
O2         8.0           1.1021665806E-02  -2.6531289379E-01   3.9689831260E+00
O3         8.0          -4.3869126558E+00  -7.0866619413E-02   3.1374483461E-03
O4         8.0           4.3868182935E+00   7.2120050118E-02  -6.7599175278E-03
O5         8.0          -1.0510794834E-02   2.6426478504E-01  -3.9678806119E+00
O6         8.0          -7.9742622340E-02   3.9731105182E+00   2.6525267446E-01
O7         8.0           7.9459307866E-02  -3.9732384953E+00  -2.6415712035E-01
H8         1.0          -1.4593848070E+00  -3.6025158016E-01   5.0418691019E+00
H9         1.0           1.4885766445E+00  -3.1320167728E-01   5.0351079278E+00
H10        1.0          -5.4694226634E+00  -1.5328331928E+00  -8.9995270005E-02
H11        1.0          -5.5027916220E+00   1.3655291354E+00   1.0088693631E-01
H12        1.0           5.5029835068E+00  -1.3640834009E+00  -1.0409937518E-01
H13        1.0           5.4690499383E+00   1.5343048977E+00   8.6101261585E-02
H14        1.0           1.4605087664E+00   3.5942736005E-01  -5.0399122094E+00
H15        1.0          -1.4875614253E+00   3.1357584018E-01  -5.0346273630E+00
H16        1.0          -8.5202643545E-02   4.9488691900E+00   1.8037317183E+00
H17        1.0          -9.1665096081E-02   5.1457320546E+00  -1.1288871451E+00
H18        1.0           8.4880376441E-02  -4.9487912903E+00  -1.8027644766E+00
H19        1.0           9.1518920370E-02  -5.1459924158E+00   1.1298713858E+00
 
Some Atomic Properties:
----------------------
  q(A) = Net Charge of Atom A
  L(A) = Lagrangian of Atom A = -(1/4) Times Atomic Integral of the Laplacian of the Electron Density
  K(A) = Electronic Kinetic Energy of Atom A (Hamiltonian Form)
  K_Scaled(A) = K(A) * E(Mol)/K(Mol) = Approximation to Virial-Based Total Energy of Atom A.
  |Mu_Intra(A)| = Magnitude of Intraatomic Dipole Moment of Atom A
--------------------------------------------------------------------------------------------------
Atom A          q(A)              L(A)              K(A)          K_Scaled(A)      |Mu_Intra(A)|
--------------------------------------------------------------------------------------------------
Cr1       1.0808271331E+01 -3.7741377674E-04  5.3242270287E+02 -5.3329089802E+02  2.0006744184E-04
O2        3.3822322963E+00  4.4522807939E-05  3.7794732522E+01 -3.7856362508E+01  1.4077773886E-01
O3        3.3835671777E+00  9.2373859044E-06  3.7824098328E+01 -3.7885776200E+01  1.4796509483E-01
O4        3.3835681096E+00  1.0105912416E-05  3.7824082383E+01 -3.7885760228E+01  1.4796215377E-01
O5        3.3822317019E+00  4.2689973568E-05  3.7794774228E+01 -3.7856404282E+01  1.4079789094E-01
O6        3.3850199779E+00  2.9864007304E-05  3.7792809544E+01 -3.7854436394E+01  1.4008173869E-01
O7        3.3850194852E+00  3.3735617824E-05  3.7792821255E+01 -3.7854448124E+01  1.4008457002E-01
H8        8.2858136167E-01  1.0974660412E-05  1.6127725835E-01 -1.6154024513E-01  6.3938196474E-02
H9        8.2858771021E-01  1.0435563575E-05  1.6127180203E-01 -1.6153477992E-01  6.3942385800E-02
H10       8.1671779512E-01  1.1086190484E-05  1.6878085589E-01 -1.6905607841E-01  6.8865270630E-02
H11       8.1664260630E-01  1.0347773583E-05  1.6881916340E-01 -1.6909444839E-01  6.8896621801E-02
H12       8.1664232450E-01  1.0668107118E-05  1.6881961317E-01 -1.6909489889E-01  6.8896446989E-02
H13       8.1671577095E-01  1.0337780826E-05  1.6878164785E-01 -1.6905687166E-01  6.8865790132E-02
H14       8.2857203144E-01  1.1993471741E-05  1.6128156702E-01 -1.6154456083E-01  6.3944568460E-02
H15       8.2859039775E-01  1.1917885561E-05  1.6127003217E-01 -1.6153300717E-01  6.3943084424E-02
H16       8.2724140176E-01  1.1651258568E-05  1.6218083040E-01 -1.6244529060E-01  6.4474051506E-02
H17       8.2721955794E-01  1.0217148852E-05  1.6220362029E-01 -1.6246811765E-01  6.4476908959E-02
H18       8.2724438376E-01  9.8972724279E-06  1.6217730193E-01 -1.6244175637E-01  6.4474354903E-02
H19       8.2722457320E-01  1.0128089162E-05  1.6220024712E-01 -1.6246473898E-01  6.4474742613E-02
--------------------------------------------------------------------------------------------------
Total     4.0999889994E+01 -7.7602869475E-05  7.6121508507E+02 -7.6245636055E+02
 
Molecular charge q(Mol) from the wfx file:   4.1000000000E+01
Molecular energy E(Mol) from the wfx file:  -1.5025903453E+03
Molecular virial ratio (-V(Mol)/T(Mol)) from the wfx file:   2.0016306501E+00
Full molecular virial ratio ((-V(Mol)+W(Mol))/T(Mol)) from the wfx file:   2.0016310108E+00
Note.  K_Scaled(A) = (1+V(Mol)/T(Mol))*K(A) = (E(Mol)/T(Mol))*K(A)
       Only use K_Scaled(A) data with caution.
 
N_AIMInt(SumA)     =         43.000110
N_Analytic(Mol)    =         43.000000
 
G_AIMInt(SumA)     =        761.215163
G_Analytic(Mol)    =        761.215074
 
K_AIMInt(SumA)     =        761.215085
K_Analytic(Mol)    =        761.215074
 
L_AIMInt(SumA)     =         -0.000078
L_Analytic(Mol)    =          0.000000
 
VenT_AIMInt(SumA)  =      -2467.192135
VenT_Analytic(Mol) =      -2467.189921
 
Some Information About the Atomic Calculations:
----------------------------------------------
  Time(sec) = "Elapsed User Time", in Seconds, for Atom A by AIMInt and, if used, by TWOe
  NProc = Number of Processors Used for AIMInt Job
  BIM = Basin Integration Method
  OAQ = Angular Quadrature Outside of Beta Sphere
  ORQ = Multiple of Default for Radial Quadrature Outside of Beta Sphere
  IAQ = Multiple of Default for Angular Quadrature Inside of Beta Sphere
  IRQ = Multiple of Default for Radial Quadrature Inside of Beta Sphere
  MIR = Maximum Integration Radius
------------------------------------------------------------------------------------------------------
Atom A     Time(sec)   NProc      BIM              OAQ                 ORQ      IAQ      IRQ      MIR
------------------------------------------------------------------------------------------------------
Cr1           830        8     Proaim(5)    4334      (Very High)      Auto     Auto     Auto    13.00
O2            417        8     Proaim(5)    4334      (Very High)      Auto     Auto     Auto    13.00
O3            372        8     Proaim(5)    4334      (Very High)      Auto     Auto     Auto    13.00
O4            365        8     Proaim(5)    4334      (Very High)      Auto     Auto     Auto    13.00
O5            434        8     Proaim(5)    4334      (Very High)      Auto     Auto     Auto    13.00
O6            400        8     Proaim(5)    4334      (Very High)      Auto     Auto     Auto    13.00
O7            413        8     Proaim(5)    4334      (Very High)      Auto     Auto     Auto    13.00
H8            117        8     Proaim(5)    2030      (Very High)      Auto     Auto     Auto    13.00
H9            117        8     Proaim(5)    2030      (Very High)      Auto     Auto     Auto    13.00
H10           117        8     Proaim(5)    2030      (Very High)      Auto     Auto     Auto    13.00
H11           115        8     Proaim(5)    2030      (Very High)      Auto     Auto     Auto    13.00
H12           121        8     Proaim(5)    2030      (Very High)      Auto     Auto     Auto    13.00
H13           118        8     Proaim(5)    2030      (Very High)      Auto     Auto     Auto    13.00
H14           121        8     Proaim(5)    2030      (Very High)      Auto     Auto     Auto    13.00
H15           151        8     Proaim(5)    2030      (Very High)      Auto     Auto     Auto    13.00
H16           145        8     Proaim(5)    2030      (Very High)      Auto     Auto     Auto    13.00
H17           179        8     Proaim(5)    2030      (Very High)      Auto     Auto     Auto    13.00
H18           168        8     Proaim(5)    2030      (Very High)      Auto     Auto     Auto    13.00
H19           246        8     Proaim(5)    2030      (Very High)      Auto     Auto     Auto    13.00
------------------------------------------------------------------------------------------------------
Total        4946
Note:  Total wall clock time is less than total of atomic times if more than one atom
       was calculated at a time
Note:  Total time does not include times for diatomic interaction energy calculations (4327 seconds)
 
Electron Density Critical Point Analysis of Molecular Structure:               
---------------------------------------------------------------                
  NACP = Nuclear Attractor Critical Point                                      
  NNACP = Non-Nuclear Attractor Critical Point                                 
  BCP = Bond Critical Point                                                    
  RCP = Ring Critical Point                                                    
  CCP = Cage Critical Point                                                    
  Rho = Electron Density                                                       
  GradRho = Gradient of Electron Density                                       
  HessRho_EigVals = Eigenvalues of the Hessian of Rho, Ascending Order         
  HessRho_EigVecs = Eigenvectors of the Hessian of Rho                         
  DelSqRho = Laplacian of Rho = Trace of Hessian of Rho                        
  Bond Ellipticity = (HessRho_EigVal(1) / HessRho_EigVal(2)) - 1               
  V = Virial Field = Potential Energy Density = Trace of Stress Tensor         
  G = Lagrangian Form of Kinetic Energy Density                                
  K = Hamiltonian Form of Kinetic Energy Density                               
  L = K - G = Lagrangian Density = (-1/4)DelSqRho                              
  Vnuc = Electrostatic Potential from Nuclei                                   
  Ven = Electron-nuclear attractive contribution to Virial Field V             
  Vrep = V - Ven = Repulsive contribution to Virial Field V                    
  DelSqV = Laplacian of V                                                      
  DelSqVen = Laplacian of Ven                                                  
  DelSqVrep = Laplacian of Vrep                                                
  DelSqG = Laplacian of G                                                      
  DelSqK = Laplacian of K                                                      
  Stress_EigVals = Eigenvalues of Stress Tensor, Ascending Order               
  Stress_EigVecs = Eigenvectors of Stress Tensor                               
  -DivStress = Ehrenfest Force Density = Minus Divergence of Stress Tensor     
  ESP = Total Electrostatic Potential                                          
  ESPe = Electrostatic Potential from Electrons                                
  ESPn = Electrostatic Potential from Nuclei                                   
  BP = Bond Path                                                               
  BPL = Bond Path Length                                                       
  GBL = Geometric Bond Length                                                  
  GBL_I = Distance Between Nuclear Attractors                                  
  GBL_II = Distance Between Nuclei                                             
  GBL_III = Sum of Distances Between BCP and Nuclear Attractors                
  GBL_IV = Sum of Distances Between BCP and Nuclei                             

CP# 1      Coords = -1.06477025674620E-04 -1.20986633345309E-04  5.88029821533555E-04
           Type = (3,-3) NACP Cr1
           Rho =  4.5485105639E+03     Rho at Nucleus =  4.5485105639E+03
           GradRho = -5.5262912302E-13  9.1603764504E-13  7.9453475049E-12
           HessRho_EigVals = -2.0457637234E+08 -2.0457621557E+08 -2.0457621298E+08
           HessRho_EigVec1 =  9.9977702567E-01  2.1056297068E-02 -1.5910055958E-03
           HessRho_EigVec2 =  1.9582777308E-03 -1.7433280232E-02  9.9984611110E-01
           HessRho_EigVec3 = -2.1025320291E-02  9.9962628672E-01  1.7470627135E-02
           DelSqRho = -6.1372880088E+08
           Bond Ellipticity = NA
           V = -1.5354694501E+08
           G =  5.7372396896E+04
           K =  1.5348957262E+08
           L =  1.5343220022E+08
           Vnuc =  2.4000000139E+09
           Ven = -1.0916425417E+13
           Vrep =  1.0916271870E+13
           DelSqV =  2.6292122535E+14
           DelSqVen =  3.2749226299E+29
           DelSqVrep = -3.2749226299E+29
           DelSqG =  6.9099110938E+12
           DelSqK = -2.6983113644E+14
           Stress_EigVals = -5.1182322127E+07 -5.1182321473E+07 -5.1182301415E+07
           Stress_EigVec1 = -1.9715870488E-02  9.9869867378E-01  4.7034492045E-02
           Stress_EigVec2 =  2.3722999156E-03 -4.6996774545E-02  9.9889222410E-01
           Stress_EigVec3 =  9.9980280888E-01  1.9805609644E-02 -1.4426304592E-03
           -DivStress = -8.0414595856E+01 -6.2029603252E+02 -8.6414339463E+02
           ESP =  -4.6702319668E+01     ESP at Nucleus =  -4.6702319668E+01
           ESPe = -6.0613697232E+01     ESPe at Nucleus = -6.0613697232E+01
           ESPn =  1.3911377564E+01     ESPn at Nucleus =  1.3911377564E+01

CP# 2      Coords =  1.10216880459900E-02 -2.65313355272897E-01  3.96899001445880E+00
           Type = (3,-3) NACP O2
           Rho =  1.4772479902E+02     Rho at Nucleus =  1.4772478923E+02
           GradRho = -1.2366496716E-13 -1.0388488680E-11  2.0945356560E-11
           HessRho_EigVals = -4.1089601836E+05 -4.1088971984E+05 -4.1087781116E+05
           HessRho_EigVec1 =  9.9987014349E-01  1.5935570989E-02 -2.3986926331E-03
           HessRho_EigVec2 =  3.4544667424E-03 -6.6559210524E-02  9.9777649709E-01
           HessRho_EigVec3 = -1.5740483113E-02  9.9765521553E-01  6.6605616277E-02
           DelSqRho = -1.2326635494E+06
           Bond Ellipticity = NA
           V = -3.0823590059E+05
           G =  3.5006626246E+01
           K =  3.0820089397E+05
           L =  3.0816588734E+05
           Vnuc =  1.1587753517E+06
           Ven = -1.7117985594E+08
           Vrep =  1.7087162004E+08
           DelSqV =  1.9605553371E+10
           DelSqVen =  1.4283801395E+12
           DelSqVrep = -1.4087745861E+12
           DelSqG =  8.5734024303E+08
           DelSqK = -2.0462893614E+10
           Stress_EigVals = -1.0274764666E+05 -1.0274475686E+05 -1.0274349708E+05
           Stress_EigVec1 = -1.5728805008E-02  9.9765693148E-01  6.6582668692E-02
           Stress_EigVec2 =  3.4833086846E-03 -6.6535828814E-02  9.9777795628E-01
           Stress_EigVec3 =  9.9987022721E-01  1.5925782904E-02 -2.4286179762E-03
           -DivStress = -1.4196260447E+02  2.9454000277E+03 -4.3965108717E+04
           ESP =  -3.9521758618E+00     ESP at Nucleus =  -3.9521695907E+00
           ESPe = -1.9052116055E+01     ESPe at Nucleus = -1.9052124134E+01
           ESPn =  1.5099940193E+01     ESPn at Nucleus =  1.5099954543E+01

CP# 3      Coords = -4.38692147879600E+00 -7.08667206101519E-02  3.13746699353305E-03
           Type = (3,-3) NACP O3
           Rho =  1.4784139193E+02     Rho at Nucleus =  1.4784137592E+02
           GradRho =  1.5073320370E-10 -1.9926144068E-12 -6.0660244189E-14
           HessRho_EigVals = -4.1122661087E+05 -4.1121877769E+05 -4.1120863915E+05
           HessRho_EigVec1 = -1.1629838759E-02  9.9777583936E-01  6.5636279966E-02
           HessRho_EigVec2 =  9.9992834607E-01  1.1790957098E-02 -2.0678606362E-03
           HessRho_EigVec3 =  2.8371759431E-03 -6.5607527983E-02  9.9784147173E-01
           DelSqRho = -1.2336540277E+06
           Bond Ellipticity = NA
           V = -3.0848347261E+05
           G =  3.4982840035E+01
           K =  3.0844848977E+05
           L =  3.0841350693E+05
           Vnuc =  9.0667809471E+05
           Ven = -1.3404455156E+08
           Vrep =  1.3373606808E+08
           DelSqV =  1.9621232751E+10
           DelSqVen =  1.1185270840E+12
           DelSqVrep = -1.0989058510E+12
           DelSqG =  8.5804140482E+08
           DelSqK = -2.0479274156E+10
           Stress_EigVals = -1.0283005589E+05 -1.0282747664E+05 -1.0282594008E+05
           Stress_EigVec1 =  2.8452616414E-03 -6.5552700779E-02  9.9784505205E-01
           Stress_EigVec2 =  9.9992647126E-01  1.1949178578E-02 -2.0662040672E-03
           Stress_EigVec3 = -1.1787983463E-02  9.9777756066E-01  6.5581879311E-02
           -DivStress =  5.6356313206E+04  6.4638830599E+02 -1.1910386837E+02
           ESP =  -4.3588440248E+00     ESP at Nucleus =  -4.3588371700E+00
           ESPe = -1.8626110847E+01     ESPe at Nucleus = -1.8626119799E+01
           ESPn =  1.4267266823E+01     ESPn at Nucleus =  1.4267282629E+01

CP# 4      Coords =  4.38682711659099E+00  7.21201527756624E-02 -6.75993444683340E-03
           Type = (3,-3) NACP O4
           Rho =  1.4784140048E+02     Rho at Nucleus =  1.4784138447E+02
           GradRho = -2.4895197015E-11 -1.5435083767E-12  8.9455352847E-14
           HessRho_EigVals = -4.1122663625E+05 -4.1121880300E+05 -4.1120866501E+05
           HessRho_EigVec1 = -1.1805776814E-02  9.9778923209E-01  6.5400856019E-02
           HessRho_EigVec2 =  9.9992606228E-01  1.1971077299E-02 -2.1361815737E-03
           HessRho_EigVec3 =  2.9143776749E-03 -6.5370801147E-02  9.9785678570E-01
           DelSqRho = -1.2336541043E+06
           Bond Ellipticity = NA
           V = -3.0848349153E+05
           G =  3.4982730862E+01
           K =  3.0844850880E+05
           L =  3.0841352607E+05
           Vnuc =  9.0665904778E+05
           Ven = -1.3404174338E+08
           Vrep =  1.3373325989E+08
           DelSqV =  1.9621233960E+10
           DelSqVen =  1.1185036554E+12
           DelSqVrep = -1.0988824215E+12
           DelSqG =  8.5804146118E+08
           DelSqK = -2.0479275421E+10
           Stress_EigVals = -1.0283006212E+05 -1.0282748299E+05 -1.0282594642E+05
           Stress_EigVec1 =  2.9041849484E-03 -6.5316312449E-02  9.9786038354E-01
           Stress_EigVec2 =  9.9992419858E-01  1.2129243606E-02 -2.1162553166E-03
           Stress_EigVec3 = -1.1965065683E-02  9.9779089031E-01  6.5346586947E-02
           -DivStress = -5.6357414516E+04 -6.5571815187E+02  1.0806820834E+02
           ESP =  -4.3588187801E+00     ESP at Nucleus =  -4.3588119254E+00
           ESPe = -1.8626090619E+01     ESPe at Nucleus = -1.8626099571E+01
           ESPn =  1.4267271839E+01     ESPn at Nucleus =  1.4267287645E+01

CP# 5      Coords = -1.05108132517100E-02  2.64265255836614E-01 -3.96788750070097E+00
           Type = (3,-3) NACP O5
           Rho =  1.4772488646E+02     Rho at Nucleus =  1.4772487666E+02
           GradRho =  3.1433189385E-15 -9.2802432405E-12  3.0829117037E-11
           HessRho_EigVals = -4.1089626701E+05 -4.1088996733E+05 -4.1087806055E+05
           HessRho_EigVec1 =  9.9987775448E-01  1.5521790485E-02 -1.8841744134E-03
           HessRho_EigVec2 =  2.9207591903E-03 -6.7033101526E-02  9.9774647705E-01
           HessRho_EigVec3 = -1.5360509719E-02  9.9763001023E-01  6.7070242442E-02
           DelSqRho = -1.2326642949E+06
           Bond Ellipticity = NA
           V = -3.0823608701E+05
           G =  3.5006640612E+01
           K =  3.0820108037E+05
           L =  3.0816607372E+05
           Vnuc =  1.1586133876E+06
           Ven = -1.7115603114E+08
           Vrep =  1.7084779505E+08
           DelSqV =  1.9605565179E+10
           DelSqVen =  1.4281813535E+12
           DelSqVrep = -1.4085757873E+12
           DelSqG =  8.5734077274E+08
           DelSqK = -2.0462905952E+10
           Stress_EigVals = -1.0274770861E+05 -1.0274481920E+05 -1.0274355920E+05
           Stress_EigVec1 = -1.5348882428E-02  9.9762928587E-01  6.7083677457E-02
           Stress_EigVec2 =  2.9724199776E-03 -6.7045758567E-02  9.9774547405E-01
           Stress_EigVec3 =  9.9987778080E-01  1.5513678838E-02 -1.9362957540E-03
           -DivStress =  1.1756857002E+02 -3.0048609650E+03  4.3967353439E+04
           ESP =  -3.9513280903E+00     ESP at Nucleus =  -3.9513218178E+00
           ESPe = -1.9053003856E+01     ESPe at Nucleus = -1.9053011937E+01
           ESPn =  1.5101675766E+01     ESPn at Nucleus =  1.5101690119E+01

CP# 6      Coords = -7.97426376829288E-02  3.97311748243896E+00  2.65253140024640E-01
           Type = (3,-3) NACP O6
           Rho =  1.4772836197E+02     Rho at Nucleus =  1.4772835196E+02
           GradRho =  1.9185000810E-12 -7.2592598599E-11 -8.2016060610E-12
           HessRho_EigVals = -4.1090610740E+05 -4.1089986485E+05 -4.1088777122E+05
           HessRho_EigVec1 =  2.1871099298E-03 -6.6933632602E-02  9.9775503275E-01
           HessRho_EigVec2 = -1.1284678794E-02  9.9769223560E-01  6.6954156269E-02
           HessRho_EigVec3 =  9.9993393410E-01  1.1405781160E-02 -1.4267380509E-03
           DelSqRho = -1.2326937435E+06
           Bond Ellipticity = NA
           V = -3.0824341451E+05
           G =  3.4989322823E+01
           K =  3.0820842519E+05
           L =  3.0817343587E+05
           Vnuc =  1.1461739531E+06
           Ven = -1.6932240061E+08
           Vrep =  1.6901415720E+08
           DelSqV =  1.9606030010E+10
           DelSqVen =  1.4128814628E+12
           DelSqVrep = -1.3932754328E+12
           DelSqG =  8.5736148326E+08
           DelSqK = -2.0463391493E+10
           Stress_EigVals = -1.0275017931E+05 -1.0274724082E+05 -1.0274599438E+05
           Stress_EigVec1 =  9.9993822480E-01  1.1019743985E-02 -1.4532093660E-03
           Stress_EigVec2 = -1.0897725436E-02  9.9769623791E-01  6.6958617376E-02
           Stress_EigVec3 =  2.1877283385E-03 -6.6938644317E-02  9.9775469517E-01
           -DivStress =  9.7990428058E+01 -4.4449929850E+04 -2.9715409323E+03
           ESP =  -3.9598167905E+00     ESP at Nucleus =  -3.9598104729E+00
           ESPe = -1.9045216151E+01     ESPe at Nucleus = -1.9045224294E+01
           ESPn =  1.5085399360E+01     ESPn at Nucleus =  1.5085413821E+01

CP# 7      Coords =  7.94593238758383E-02 -3.97324545901556E+00 -2.64157586582727E-01
           Type = (3,-3) NACP O7
           Rho =  1.4772834499E+02     Rho at Nucleus =  1.4772833498E+02
           GradRho =  2.8157476351E-12  1.6873835662E-11  9.9488889349E-12
           HessRho_EigVals = -4.1090605696E+05 -4.1089981460E+05 -4.1088772100E+05
           HessRho_EigVec1 =  2.2453784955E-03 -6.7031040534E-02  9.9774836401E-01
           HessRho_EigVec2 = -1.1306861698E-02  9.9768539625E-01  6.7052255692E-02
           HessRho_EigVec3 =  9.9993355437E-01  1.1431960455E-02 -1.4822706292E-03
           DelSqRho = -1.2326935926E+06
           Bond Ellipticity = NA
           V = -3.0824337692E+05
           G =  3.4989391160E+01
           K =  3.0820838753E+05
           L =  3.0817339814E+05
           Vnuc =  1.1462588451E+06
           Ven = -1.6933492212E+08
           Vrep =  1.6902667874E+08
           DelSqV =  1.9606027619E+10
           DelSqVen =  1.4129859287E+12
           DelSqVrep = -1.3933799021E+12
           DelSqG =  8.5736137213E+08
           DelSqK = -2.0463388991E+10
           Stress_EigVals = -1.0275016675E+05 -1.0274722829E+05 -1.0274598189E+05
           Stress_EigVec1 =  9.9993782168E-01  1.1048883345E-02 -1.5082927899E-03
           Stress_EigVec2 = -1.0922899789E-02  9.9768962112E-01  6.7053039923E-02
           Stress_EigVec3 =  2.2456692781E-03 -6.7032395747E-02  9.9774827231E-01
           -DivStress = -1.0224655947E+02  4.4446321663E+04  2.9758152572E+03
           ESP =  -3.9597764517E+00     ESP at Nucleus =  -3.9597701341E+00
           ESPe = -1.9045289812E+01     ESPe at Nucleus = -1.9045297955E+01
           ESPn =  1.5085513360E+01     ESPn at Nucleus =  1.5085527820E+01

CP# 8      Coords = -1.41624193244239E+00 -3.57525731730438E-01  5.01131776894235E+00
           Type = (3,-3) NACP H8
           Rho =  2.0226853132E-01     Rho at Nucleus =  1.9738605431E-01
           GradRho =  4.5838983651E-15  1.9472271018E-16 -4.4079323525E-15
           HessRho_EigVals = -3.9835408440E+00 -3.9714236467E+00 -3.1005470460E+00
           HessRho_EigVec1 =  5.8193732829E-01 -4.5236285397E-02  8.1197452203E-01
           HessRho_EigVec2 = -1.5686808859E-02  9.9764154363E-01  6.6822709034E-02
           HessRho_EigVec3 =  8.1308232669E-01  5.1623917890E-02 -5.7985524153E-01
           DelSqRho = -1.1055511537E+01
           Bond Ellipticity = NA
           V = -2.7936207995E+00
           G =  1.4871457681E-02
           K =  2.7787493419E+00
           L =  2.7638778842E+00
           Vnuc =  3.5364969700E+01
           Ven = -7.1532204815E+00
           Vrep =  4.3595996819E+00
           DelSqV =  6.7037860840E+02
           DelSqVen =  3.9097783051E+02
           DelSqVrep =  2.7940077789E+02
           DelSqG =  5.1512170062E+01
           DelSqK = -7.2189077846E+02
           Stress_EigVals = -1.0084928234E+00 -1.0056874035E+00 -7.7944057263E-01
           Stress_EigVec1 = -1.5662410277E-02  9.9763918412E-01  6.6863646449E-02
           Stress_EigVec2 =  5.7888049931E-01 -4.5477284095E-02  8.1414322091E-01
           Stress_EigVec3 =  8.1526195571E-01  5.1457506192E-02 -5.7680158515E-01
           -DivStress = -9.9600148750E+00 -6.2905214120E-01  7.0497173049E+00
           ESP =   7.5295525806E+00     ESP at Nucleus =   7.4304626256E+00
           ESPe = -8.9443498604E+00     ESPe at Nucleus = -8.8429834556E+00
           ESPn =  1.6473902441E+01     ESPn at Nucleus =  1.6273446081E+01

CP# 9      Coords =  1.44522671946234E+00 -3.11856985582513E-01  5.00475435950097E+00
           Type = (3,-3) NACP H9
           Rho =  2.0227169591E-01     Rho at Nucleus =  1.9738886640E-01
           GradRho = -7.2856217587E-15  3.0899761916E-16 -4.7340603659E-15
           HessRho_EigVals = -3.9835258166E+00 -3.9714053949E+00 -3.1004673576E+00
           HessRho_EigVec1 = -5.7646056165E-01 -6.3766436022E-02  8.1463308458E-01
           HessRho_EigVec2 = -1.5879283996E-02  9.9763636485E-01  6.6854557582E-02
           HessRho_EigVec3 =  8.1697066606E-01 -2.5603225709E-02  5.7611058455E-01
           DelSqRho = -1.1055398569E+01
           Bond Ellipticity = NA
           V = -2.7935974123E+00
           G =  1.4873885012E-02
           K =  2.7787235273E+00
           L =  2.7638496423E+00
           Vnuc =  3.5367157281E+01
           Ven = -7.1537748827E+00
           Vrep =  4.3601774704E+00
           DelSqV =  6.7036513025E+02
           DelSqVen =  3.9099802000E+02
           DelSqVrep =  2.7936711025E+02
           DelSqG =  5.1510521289E+01
           DelSqK = -7.2187565154E+02
           Stress_EigVals = -1.0084909062E+00 -1.0056851381E+00 -7.7942136800E-01
           Stress_EigVec1 = -1.5789389485E-02  9.9764618820E-01  6.6729141651E-02
           Stress_EigVec2 = -5.7338948050E-01 -6.3707934751E-02  8.1680218089E-01
           Stress_EigVec3 =  8.1913075808E-01 -2.5364980099E-02  5.7304573897E-01
           -DivStress =  1.0007679082E+01 -3.1019931899E-01  7.0039945566E+00
           ESP =   7.5309637482E+00     ESP at Nucleus =   7.4318888162E+00
           ESPe = -8.9459402344E+00     ESPe at Nucleus = -8.8445912555E+00
           ESPn =  1.6476903983E+01     ESPn at Nucleus =  1.6276480072E+01

CP# 10     Coords = -5.43945796499298E+00 -1.49081844635203E+00 -8.73152230058908E-02
           Type = (3,-3) NACP H10
           Rho =  2.0512052168E-01     Rho at Nucleus =  2.0037964790E-01
           GradRho = -3.5561831258E-16  1.2522535092E-16  1.7367563551E-17
           HessRho_EigVals = -4.0424392012E+00 -4.0316258029E+00 -3.1784162245E+00
           HessRho_EigVec1 =  8.1228480671E-01 -5.8184759627E-01 -4.0580383109E-02
           HessRho_EigVec2 =  2.8203344424E-03 -6.5655933563E-02  9.9783833565E-01
           HessRho_EigVec3 =  5.8325418001E-01  8.1064336986E-01  5.1690312488E-02
           DelSqRho = -1.1252481229E+01
           Bond Ellipticity = NA
           V = -2.8441340438E+00
           G =  1.5506868344E-02
           K =  2.8286271755E+00
           L =  2.8131203071E+00
           Vnuc =  3.5206805223E+01
           Ven = -7.2216382541E+00
           Vrep =  4.3775042102E+00
           DelSqV =  6.8555014182E+02
           DelSqVen =  3.9616391489E+02
           DelSqVrep =  2.8938622694E+02
           DelSqG =  5.2583895381E+01
           DelSqK = -7.3813403720E+02
           Stress_EigVals = -1.0237087992E+00 -1.0210779080E+00 -7.9934733664E-01
           Stress_EigVec1 =  2.7450637856E-03 -6.5608451897E-02  9.9784166864E-01
           Stress_EigVec2 =  8.1539017110E-01 -5.7751331995E-01 -4.0214849874E-02
           Stress_EigVec3 =  5.7890528889E-01  8.1374068125E-01  5.1911175918E-02
           -DivStress = -7.0378842413E+00 -9.8753426775E+00 -6.2995762021E-01
           ESP =   7.2263531739E+00     ESP at Nucleus =   7.1319728730E+00
           ESPe = -8.6287312873E+00     ESPe at Nucleus = -8.5326613861E+00
           ESPn =  1.5855084461E+01     ESPn at Nucleus =  1.5664634259E+01

CP# 11     Coords = -5.47187198840799E+00  1.32422846981339E+00  9.80788269867801E-02
           Type = (3,-3) NACP H11
           Rho =  2.0512572927E-01     Rho at Nucleus =  2.0038593863E-01
           GradRho =  1.1876546292E-09 -1.5805898771E-09 -1.0747018398E-10
           HessRho_EigVals = -4.0424051533E+00 -4.0315926312E+00 -3.1785630194E+00
           HessRho_EigVec1 =  7.9868024617E-01  6.0060827862E-01  3.7142429026E-02
           HessRho_EigVec2 =  2.9447118060E-03 -6.5623618131E-02  9.9784010213E-01
           HessRho_EigVec3 = -6.0174844666E-01  7.9684580466E-01  5.4180905772E-02
           DelSqRho = -1.1252560804E+01
           Bond Ellipticity = NA
           V = -2.8441529966E+00
           G =  1.5506397793E-02
           K =  2.8286465988E+00
           L =  2.8131402010E+00
           Vnuc =  3.5228899680E+01
           Ven = -7.2263537381E+00
           Vrep =  4.3822007415E+00
           DelSqV =  6.8556717884E+02
           DelSqVen =  3.9641533717E+02
           DelSqVrep =  2.8915184167E+02
           DelSqG =  5.2583222080E+01
           DelSqK = -7.3815040092E+02
           Stress_EigVals = -1.0237007586E+00 -1.0210699969E+00 -7.9938224116E-01
           Stress_EigVec1 =  2.9065173872E-03 -6.5659701020E-02  9.9783784044E-01
           Stress_EigVec2 =  8.0188267997E-01  5.9634068595E-01  3.6904658955E-02
           Stress_EigVec3 = -5.9747445111E-01  8.0004161763E-01  5.4384651592E-02
           -DivStress = -7.2624555702E+00  9.7076697623E+00  6.6002631225E-01
           ESP =   7.2356010875E+00     ESP at Nucleus =   7.1413758979E+00
           ESPe = -8.6392202451E+00     ESPe at Nucleus = -8.5433145850E+00
           ESPn =  1.5874821333E+01     ESPn at Nucleus =  1.5684690483E+01

CP# 12     Coords =  5.47205575246620E+00 -1.32278818758296E+00 -1.01302719928652E-01
           Type = (3,-3) NACP H12
           Rho =  2.0512550444E-01     Rho at Nucleus =  2.0038574330E-01
           GradRho = -1.1690889836E-09  1.5552665229E-09  1.0533066977E-10
           HessRho_EigVals = -4.0423970845E+00 -4.0315848078E+00 -3.1785596636E+00
           HessRho_EigVec1 =  7.9856121676E-01  6.0077518091E-01  3.7002230895E-02
           HessRho_EigVec2 =  2.9366719719E-03 -6.5362316756E-02  9.9785727612E-01
           HessRho_EigVec3 = -6.0190643712E-01  7.9674145715E-01  5.3960090834E-02
           DelSqRho = -1.1252541556E+01
           Bond Ellipticity = NA
           V = -2.8441480831E+00
           G =  1.5506347089E-02
           K =  2.8286417361E+00
           L =  2.8131353890E+00
           Vnuc =  3.5228992897E+01
           Ven = -7.2263649390E+00
           Vrep =  4.3822168559E+00
           DelSqV =  6.8556623004E+02
           DelSqVen =  3.9641570799E+02
           DelSqVrep =  2.8915052205E+02
           DelSqG =  5.2583095157E+01
           DelSqK = -7.3814932520E+02
           Stress_EigVals = -1.0236987176E+00 -1.0210680233E+00 -7.9938134226E-01
           Stress_EigVec1 =  2.9207013361E-03 -6.5382256544E-02  9.9785601668E-01
           Stress_EigVec2 =  8.0176436945E-01  5.9651001573E-01  3.6738222751E-02
           Stress_EigVec3 = -5.9763313611E-01  7.9993809864E-01  5.4163391292E-02
           -DivStress =  7.2643534608E+00 -9.7063735233E+00 -6.5733833884E-01
           ESP =   7.2356341784E+00     ESP at Nucleus =   7.1414091566E+00
           ESPe = -8.6392358295E+00     ESPe at Nucleus = -8.5433307651E+00
           ESPn =  1.5874870008E+01     ESPn at Nucleus =  1.5684739922E+01

CP# 13     Coords =  5.43909310647581E+00  1.49228392930846E+00  8.34293388857049E-02
           Type = (3,-3) NACP H13
           Rho =  2.0512154765E-01     Rho at Nucleus =  2.0038064051E-01
           GradRho =  4.8268680719E-16 -3.7716683075E-16 -4.2925935701E-17
           HessRho_EigVals = -4.0424566947E+00 -4.0316433041E+00 -3.1784278507E+00
           HessRho_EigVec1 =  8.1239457838E-01 -5.8170384333E-01 -4.0443635753E-02
           HessRho_EigVec2 =  2.8131458560E-03 -6.5448044296E-02  9.9785201293E-01
           HessRho_EigVec3 =  5.8310130786E-01  8.1076333918E-01  5.1533218595E-02
           DelSqRho = -1.1252527849E+01
           Bond Ellipticity = NA
           V = -2.8441462195E+00
           G =  1.5507128589E-02
           K =  2.8286390910E+00
           L =  2.8131319624E+00
           Vnuc =  3.5206794322E+01
           Ven = -7.2216721391E+00
           Vrep =  4.3775259196E+00
           DelSqV =  6.8555274105E+02
           DelSqVen =  3.9616543360E+02
           DelSqVrep =  2.8938730745E+02
           DelSqG =  5.2584077745E+01
           DelSqK = -7.3813681880E+02
           Stress_EigVals = -1.0237133574E+00 -1.0210825098E+00 -7.9935035236E-01
           Stress_EigVec1 =  2.7595581274E-03 -6.5415413410E-02  9.9785430225E-01
           Stress_EigVec2 =  8.1549908692E-01 -5.7736713943E-01 -4.0105180845E-02
           Stress_EigVec3 =  5.7875178105E-01  8.1385994495E-01  5.1752931725E-02
           -DivStress =  7.0360628488E+00  9.8768443955E+00  6.2804458083E-01
           ESP =   7.2263822967E+00     ESP at Nucleus =   7.1320013305E+00
           ESPe = -8.6287202937E+00     ESPe at Nucleus = -8.5326501377E+00
           ESPn =  1.5855102590E+01     ESPn at Nucleus =  1.5664651468E+01

CP# 14     Coords =  1.41734844500780E+00  3.56696711258431E-01 -5.00938735536667E+00
           Type = (3,-3) NACP H14
           Rho =  2.0226942677E-01     Rho at Nucleus =  1.9738707994E-01
           GradRho = -4.5320192911E-15 -2.5630539358E-16  5.0463105916E-15
           HessRho_EigVals = -3.9835489729E+00 -3.9714316645E+00 -3.1005708566E+00
           HessRho_EigVec1 =  5.8146948255E-01 -4.5887936992E-02  8.1227306868E-01
           HessRho_EigVec2 = -1.5425967488E-02  9.9760672286E-01  6.7400786614E-02
           HessRho_EigVec3 =  8.1342195716E-01  5.1721598465E-02 -5.7936999910E-01
           DelSqRho = -1.1055551494E+01
           Bond Ellipticity = NA
           V = -2.7936305977E+00
           G =  1.4871362113E-02
           K =  2.7787592356E+00
           L =  2.7638878735E+00
           Vnuc =  3.5367814929E+01
           Ven = -7.1538276520E+00
           Vrep =  4.3601970543E+00
           DelSqV =  6.7038282466E+02
           DelSqVen =  3.9101069918E+02
           DelSqVrep =  2.7937212548E+02
           DelSqG =  5.1512295741E+01
           DelSqK = -7.2189512040E+02
           Stress_EigVals = -1.0084945566E+00 -1.0056891619E+00 -7.7944687923E-01
           Stress_EigVec1 = -1.5386932042E-02  9.9760374333E-01  6.7453788777E-02
           Stress_EigVec2 =  5.7840972989E-01 -4.6147696771E-02  8.1444003736E-01
           Stress_EigVec3 =  8.1560126697E-01  5.1547661253E-02 -5.7631364024E-01
           -DivStress =  9.9640763948E+00  6.3014584453E-01 -7.0436337229E+00
           ESP =   7.5307837427E+00     ESP at Nucleus =   7.4317019238E+00
           ESPe = -8.9456763352E+00     ESPe at Nucleus = -8.8443184586E+00
           ESPn =  1.6476460078E+01     ESPn at Nucleus =  1.6276020382E+01

CP# 15     Coords = -1.44422488553116E+00  3.12191195805090E-01 -5.00425559639424E+00
           Type = (3,-3) NACP H15
           Rho =  2.0227219023E-01     Rho at Nucleus =  1.9738927338E-01
           GradRho =  7.2327126927E-15 -1.2999584048E-16  3.4520997172E-15
           HessRho_EigVals = -3.9835317363E+00 -3.9714105750E+00 -3.1004549584E+00
           HessRho_EigVec1 = -5.7684768778E-01 -6.3956153353E-02  8.1434412600E-01
           HessRho_EigVec2 = -1.5398568273E-02  9.9760441760E-01  6.7441160145E-02
           HessRho_EigVec3 =  8.1670657472E-01 -2.6363543669E-02  5.7645063481E-01
           DelSqRho = -1.1055397270E+01
           Bond Ellipticity = NA
           V = -2.7935973801E+00
           G =  1.4874031342E-02
           K =  2.7787233488E+00
           L =  2.7638493174E+00
           Vnuc =  3.5367931418E+01
           Ven = -7.1539489517E+00
           Vrep =  4.3603515716E+00
           DelSqV =  6.7036381125E+02
           DelSqVen =  3.9100653244E+02
           DelSqVrep =  2.7935727881E+02
           DelSqG =  5.1510414333E+01
           DelSqK = -7.2187422558E+02
           Stress_EigVals = -1.0084923451E+00 -1.0056864986E+00 -7.7941853643E-01
           Stress_EigVec1 = -1.5314099974E-02  9.9761422144E-01  6.7315254790E-02
           Stress_EigVec2 = -5.7377655539E-01 -6.3903249672E-02  8.1651505752E-01
           Stress_EigVec3 =  8.1886869694E-01 -2.6119721797E-02  5.7338627234E-01
           -DivStress = -1.0004588816E+01  3.1940732871E-01 -7.0081941920E+00
           ESP =   7.5314502372E+00     ESP at Nucleus =   7.4323676024E+00
           ESPe = -8.9464092777E+00     ESPe at Nucleus = -8.8450525148E+00
           ESPn =  1.6477859515E+01     ESPn at Nucleus =  1.6277420117E+01

CP# 16     Coords = -8.50384428639819E-02  4.92115049704090E+00  1.75877218180130E+00
           Type = (3,-3) NACP H16
           Rho =  2.0278819015E-01     Rho at Nucleus =  1.9791263944E-01
           GradRho =  3.9153250954E-16 -6.8566680111E-14 -1.0775950444E-13
           HessRho_EigVals = -3.9942594478E+00 -3.9821458383E+00 -3.1116881363E+00
           HessRho_EigVec1 = -1.0089842329E-02  8.4966060330E-01 -5.2723339640E-01
           HessRho_EigVec2 =  9.9994431557E-01  1.0203741046E-02 -2.6924768388E-03
           HessRho_EigVec3 = -3.0920615524E-03  5.2723120438E-01  8.4971624457E-01
           DelSqRho = -1.1088093423E+01
           Bond Ellipticity = NA
           V = -2.8018950893E+00
           G =  1.4935866812E-02
           K =  2.7869592224E+00
           L =  2.7720233556E+00
