AIMSum (Version 16.05.18, Professional)
Copyright (c) 1997-2016 by Todd A. Keith
AIMSum is a component of the AIMAll package ( http://aim.tkgristmill.com )

TP:  64-bit Linux

Licensed To:  Research Group of Fernando Cortes Guzman, UNAM, fercor@unam.mx

Much of the Quantum Theory of Atoms in Molecules (QTAIM) is described in the book:
  "Atoms in Molecules - A Quantum Theory"
  R.F.W. Bader, Oxford University Press, Oxford, 1990

For additional references see:  http://aim.tkgristmill.com/references.html

Wfx File:  /home/davit_gabo/David/max_int2/Cr25.wfx
Sum File:  /home/davit_gabo/David/max_int2/Cr25.sum

SumViz File:  /home/davit_gabo/David/max_int2/Cr25.sumviz

Wfx Title:   Cr[H2O]6 (2+)                                                                 
 
Total memory allocated for AIMSum =        1.173 Megabytes

Atomic units (a.u.) used throughout, except where stated otherwise

Model:  Unrestricted SCF
 
Unrestricted, single-determinant wavefunction.
  Number of electrons (from MO Occs)                   =          82.0000000000
  Number of Alpha electrons (from MO Occs)             =          43.0000000000
  Number of Beta electrons (from MO Occs)              =          39.0000000000
  Number of electron pairs (N*(N-1)/2)                 =        3321.0000000000
  Number of electron pairs (from Muller 2EDM)          =        3321.0000000000
 
Nuclear Charges and Cartesian Coordinates:
-------------------------------------------------------------------------------
Atom      Charge                X                  Y                  Z
-------------------------------------------------------------------------------
Cr1       24.0          -1.0647702660E-04  -1.2098664051E-04   5.8802981155E-04
O2         8.0           1.1021665806E-02  -2.6531289379E-01   3.9689831260E+00
O3         8.0          -4.3869126558E+00  -7.0866619413E-02   3.1374483461E-03
O4         8.0           4.3868182935E+00   7.2120050118E-02  -6.7599175278E-03
O5         8.0          -1.0510794834E-02   2.6426478504E-01  -3.9678806119E+00
O6         8.0          -7.9742622340E-02   3.9731105182E+00   2.6525267446E-01
O7         8.0           7.9459307866E-02  -3.9732384953E+00  -2.6415712035E-01
H8         1.0          -1.4593848070E+00  -3.6025158016E-01   5.0418691019E+00
H9         1.0           1.4885766445E+00  -3.1320167728E-01   5.0351079278E+00
H10        1.0          -5.4694226634E+00  -1.5328331928E+00  -8.9995270005E-02
H11        1.0          -5.5027916220E+00   1.3655291354E+00   1.0088693631E-01
H12        1.0           5.5029835068E+00  -1.3640834009E+00  -1.0409937518E-01
H13        1.0           5.4690499383E+00   1.5343048977E+00   8.6101261585E-02
H14        1.0           1.4605087664E+00   3.5942736005E-01  -5.0399122094E+00
H15        1.0          -1.4875614253E+00   3.1357584018E-01  -5.0346273630E+00
H16        1.0          -8.5202643545E-02   4.9488691900E+00   1.8037317183E+00
H17        1.0          -9.1665096081E-02   5.1457320546E+00  -1.1288871451E+00
H18        1.0           8.4880376441E-02  -4.9487912903E+00  -1.8027644766E+00
H19        1.0           9.1518920370E-02  -5.1459924158E+00   1.1298713858E+00
 
Some Atomic Properties:
----------------------
  q(A) = Net Charge of Atom A
  L(A) = Lagrangian of Atom A = -(1/4) Times Atomic Integral of the Laplacian of the Electron Density
  K(A) = Electronic Kinetic Energy of Atom A (Hamiltonian Form)
  K_Scaled(A) = K(A) * E(Mol)/K(Mol) = Approximation to Virial-Based Total Energy of Atom A.
  |Mu_Intra(A)| = Magnitude of Intraatomic Dipole Moment of Atom A
--------------------------------------------------------------------------------------------------
Atom A          q(A)              L(A)              K(A)          K_Scaled(A)      |Mu_Intra(A)|
--------------------------------------------------------------------------------------------------
Cr1       1.6416007610E+00 -7.0193365513E-04  1.0429167396E+03 -1.0446173719E+03  2.1773862905E-04
O2       -1.2475875117E+00  6.5451416745E-06  7.5564496106E+01 -7.5687715362E+01  2.3554994836E-01
O3       -1.2356160614E+00 -3.7958357448E-06  7.5528379649E+01 -7.5651540011E+01  2.3858567246E-01
O4       -1.2356234801E+00 -8.3709192289E-06  7.5528375082E+01 -7.5651535437E+01  2.3859468225E-01
O5       -1.2475805241E+00  8.3807672869E-06  7.5564514881E+01 -7.5687734168E+01  2.3559025711E-01
O6       -1.2426211563E+00 -1.0940238786E-05  7.5562972852E+01 -7.5686189624E+01  2.3457491167E-01
O7       -1.2426237142E+00 -6.4543129288E-06  7.5562993571E+01 -7.5686210377E+01  2.3457086841E-01
H8        6.5909516276E-01  1.6404185626E-05  3.2092469224E-01 -3.2144800813E-01  1.2712266294E-01
H9        6.5910279572E-01  1.5865345134E-05  3.2091776568E-01 -3.2144107028E-01  1.2713161846E-01
H10       6.3711433279E-01  1.5871516015E-05  3.3500130492E-01 -3.3554757484E-01  1.3609904466E-01
H11       6.3695304004E-01  1.5863409511E-05  3.3508467203E-01 -3.3563107789E-01  1.3617305453E-01
H12       6.3695327406E-01  1.7380393479E-05  3.3508540263E-01 -3.3563180969E-01  1.3617346107E-01
H13       6.3711632019E-01  1.7503910436E-05  3.3500132573E-01 -3.3554759569E-01  1.3609927142E-01
H14       6.5907307668E-01  1.6260200520E-05  3.2093482916E-01 -3.2145816158E-01  1.2713554437E-01
H15       6.5910639833E-01  1.6095435637E-05  3.2091446687E-01 -3.2143776609E-01  1.2713359127E-01
H16       6.5628088788E-01  1.8037603080E-05  3.2290719599E-01 -3.2343374466E-01  1.2821675580E-01
H17       6.5621608935E-01  1.6434764025E-05  3.2296838661E-01 -3.2349503506E-01  1.2822910168E-01
H18       6.5628543044E-01  1.5596810318E-05  3.2290223893E-01 -3.2342877951E-01  1.2821627580E-01
H19       6.5622482427E-01  1.5553483797E-05  3.2296206331E-01 -3.2348870145E-01  1.2822520244E-01
--------------------------------------------------------------------------------------------------
Total     1.9994699457E+00 -5.1970199528E-04  1.5001440761E+03 -1.5025902862E+03
 
Molecular charge q(Mol) from the wfx file:   2.0000000000E+00
Molecular energy E(Mol) from the wfx file:  -1.5025903453E+03
Molecular virial ratio (-V(Mol)/T(Mol)) from the wfx file:   2.0016306501E+00
Full molecular virial ratio ((-V(Mol)+W(Mol))/T(Mol)) from the wfx file:   2.0016310108E+00
Note.  K_Scaled(A) = (1+V(Mol)/T(Mol))*K(A) = (E(Mol)/T(Mol))*K(A)
       Only use K_Scaled(A) data with caution.
 
N_AIMInt(SumA)     =         82.000530
N_Analytic(Mol)    =         82.000000
 
G_AIMInt(SumA)     =       1500.144596
G_Analytic(Mol)    =       1500.144135
 
K_AIMInt(SumA)     =       1500.144076
K_Analytic(Mol)    =       1500.144135
 
L_AIMInt(SumA)     =         -0.000520
L_Analytic(Mol)    =          0.000000
 
VenT_AIMInt(SumA)  =      -4775.725008
VenT_Analytic(Mol) =      -4775.714453
 
Some Information About the Atomic Calculations:
----------------------------------------------
  Time(sec) = "Elapsed User Time", in Seconds, for Atom A by AIMInt and, if used, by TWOe
  NProc = Number of Processors Used for AIMInt Job
  BIM = Basin Integration Method
  OAQ = Angular Quadrature Outside of Beta Sphere
  ORQ = Multiple of Default for Radial Quadrature Outside of Beta Sphere
  IAQ = Multiple of Default for Angular Quadrature Inside of Beta Sphere
  IRQ = Multiple of Default for Radial Quadrature Inside of Beta Sphere
  MIR = Maximum Integration Radius
------------------------------------------------------------------------------------------------------
Atom A     Time(sec)   NProc      BIM              OAQ                 ORQ      IAQ      IRQ      MIR
------------------------------------------------------------------------------------------------------
Cr1          1555        8     Proaim(5)    4334      (Very High)      Auto     Auto     Auto    13.00
O2            766        8     Proaim(5)    4334      (Very High)      Auto     Auto     Auto    13.00
O3            909        8     Proaim(5)    4334      (Very High)      Auto     Auto     Auto    13.00
O4            834        8     Proaim(5)    4334      (Very High)      Auto     Auto     Auto    13.00
O5            810        8     Proaim(5)    4334      (Very High)      Auto     Auto     Auto    13.00
O6            753        8     Proaim(5)    4334      (Very High)      Auto     Auto     Auto    13.00
O7            939        8     Proaim(5)    4334      (Very High)      Auto     Auto     Auto    13.00
H8            181        8     Proaim(5)    2030      (Very High)      Auto     Auto     Auto    13.00
H9            272        8     Proaim(5)    2030      (Very High)      Auto     Auto     Auto    13.00
H10           274        8     Proaim(5)    2030      (Very High)      Auto     Auto     Auto    13.00
H11           213        8     Proaim(5)    2030      (Very High)      Auto     Auto     Auto    13.00
H12           230        8     Proaim(5)    2030      (Very High)      Auto     Auto     Auto    13.00
H13           232        8     Proaim(5)    2030      (Very High)      Auto     Auto     Auto    13.00
H14           196        8     Proaim(5)    2030      (Very High)      Auto     Auto     Auto    13.00
H15           201        8     Proaim(5)    2030      (Very High)      Auto     Auto     Auto    13.00
H16           197        8     Proaim(5)    2030      (Very High)      Auto     Auto     Auto    13.00
H17           173        8     Proaim(5)    2030      (Very High)      Auto     Auto     Auto    13.00
H18           198        8     Proaim(5)    2030      (Very High)      Auto     Auto     Auto    13.00
H19           168        8     Proaim(5)    2030      (Very High)      Auto     Auto     Auto    13.00
------------------------------------------------------------------------------------------------------
Total        9101
Note:  Total wall clock time is less than total of atomic times if more than one atom
       was calculated at a time
Note:  Total time does not include times for diatomic interaction energy calculations (8212 seconds)
 
Electron Density Critical Point Analysis of Molecular Structure:               
---------------------------------------------------------------                
  NACP = Nuclear Attractor Critical Point                                      
  NNACP = Non-Nuclear Attractor Critical Point                                 
  BCP = Bond Critical Point                                                    
  RCP = Ring Critical Point                                                    
  CCP = Cage Critical Point                                                    
  Rho = Electron Density                                                       
  GradRho = Gradient of Electron Density                                       
  HessRho_EigVals = Eigenvalues of the Hessian of Rho, Ascending Order         
  HessRho_EigVecs = Eigenvectors of the Hessian of Rho                         
  DelSqRho = Laplacian of Rho = Trace of Hessian of Rho                        
  Bond Ellipticity = (HessRho_EigVal(1) / HessRho_EigVal(2)) - 1               
  V = Virial Field = Potential Energy Density = Trace of Stress Tensor         
  G = Lagrangian Form of Kinetic Energy Density                                
  K = Hamiltonian Form of Kinetic Energy Density                               
  L = K - G = Lagrangian Density = (-1/4)DelSqRho                              
  Vnuc = Electrostatic Potential from Nuclei                                   
  Ven = Electron-nuclear attractive contribution to Virial Field V             
  Vrep = V - Ven = Repulsive contribution to Virial Field V                    
  DelSqV = Laplacian of V                                                      
  DelSqVen = Laplacian of Ven                                                  
  DelSqVrep = Laplacian of Vrep                                                
  DelSqG = Laplacian of G                                                      
  DelSqK = Laplacian of K                                                      
  Stress_EigVals = Eigenvalues of Stress Tensor, Ascending Order               
  Stress_EigVecs = Eigenvectors of Stress Tensor                               
  -DivStress = Ehrenfest Force Density = Minus Divergence of Stress Tensor     
  ESP = Total Electrostatic Potential                                          
  ESPe = Electrostatic Potential from Electrons                                
  ESPn = Electrostatic Potential from Nuclei                                   
  BP = Bond Path                                                               
  BPL = Bond Path Length                                                       
  GBL = Geometric Bond Length                                                  
  GBL_I = Distance Between Nuclear Attractors                                  
  GBL_II = Distance Between Nuclei                                             
  GBL_III = Sum of Distances Between BCP and Nuclear Attractors                
  GBL_IV = Sum of Distances Between BCP and Nuclei                             

CP# 1      Coords = -1.06477025400402E-04 -1.20986634354212E-04  5.88029823782651E-04
           Type = (3,-3) NACP Cr1
           Rho =  9.0980701644E+03     Rho at Nucleus =  9.0980701644E+03
           GradRho =  2.3314934817E-12 -2.6531385392E-12  1.7499979628E-11
           HessRho_EigVals = -4.0920819578E+08 -4.0920800811E+08 -4.0920800334E+08
           HessRho_EigVec1 =  9.9976924307E-01  2.1430121555E-02 -1.4867752086E-03
           HessRho_EigVec2 =  2.9707208066E-03 -6.9381289556E-02  9.9758579154E-01
           HessRho_EigVec3 = -2.1275230393E-02  9.9736000850E-01  6.9428942250E-02
           DelSqRho = -1.2276242072E+09
           Bond Ellipticity = NA
           V = -3.0713581322E+08
           G =  1.1488070824E+05
           K =  3.0702093252E+08
           L =  3.0690605181E+08
           Vnuc =  2.4000000139E+09
           Ven = -2.1835368521E+13
           Vrep =  2.1835061385E+13
           DelSqV =  5.2591425382E+14
           DelSqVen =  6.5505981324E+29
           DelSqVrep = -6.5505981324E+29
           DelSqG =  1.3822027618E+13
           DelSqK = -5.3973628144E+14
           Stress_EigVals = -1.0237861292E+08 -1.0237861166E+08 -1.0237858865E+08
           Stress_EigVec1 = -2.1114928150E-02  9.9630254316E-01  8.3279062790E-02
           Stress_EigVec2 =  3.1022392461E-03 -8.3231942102E-02  9.9652537345E-01
           Stress_EigVec3 =  9.9977224202E-01  2.1299913237E-02 -1.3333323731E-03
           -DivStress = -2.0846888654E+02 -1.0659885285E+03 -2.1186607976E+03
           ESP =  -1.0303276609E+02     ESP at Nucleus =  -1.0303276609E+02
           ESPe = -1.1694414366E+02     ESPe at Nucleus = -1.1694414366E+02
           ESPn =  1.3911377564E+01     ESPn at Nucleus =  1.3911377564E+01

CP# 2      Coords =  1.10216884047860E-02 -2.65313355125210E-01  3.96899011084111E+00
           Type = (3,-3) NACP O2
           Rho =  2.9545174029E+02     Rho at Nucleus =  2.9545172016E+02
           GradRho =  4.8694381860E-13  1.6217925006E-11  1.6867469921E-10
           HessRho_EigVals = -8.2179938382E+05 -8.2178633174E+05 -8.2176388366E+05
           HessRho_EigVec1 =  9.9986992957E-01  1.5947830356E-02 -2.4063753564E-03
           HessRho_EigVec2 =  3.4719704082E-03 -6.7130528813E-02  9.9773816080E-01
           HessRho_EigVec3 = -1.5750217678E-02  9.9761673944E-01  6.7177167511E-02
           DelSqRho = -2.4653495992E+06
           Bond Ellipticity = NA
           V = -6.1647712495E+05
           G =  6.9862572685E+01
           K =  6.1640726238E+05
           L =  6.1633739981E+05
           Vnuc =  1.1428573969E+06
           Ven = -3.3765920682E+08
           Vrep =  3.3704272969E+08
           DelSqV =  3.9211457630E+10
           DelSqVen =  2.8175430246E+12
           DelSqVrep = -2.7783315670E+12
           DelSqG =  1.7146985754E+09
           DelSqK = -4.0926156205E+10
           Stress_EigVals = -2.0549687784E+05 -2.0549144055E+05 -2.0548880656E+05
           Stress_EigVec1 = -1.5740228423E-02  9.9762122022E-01  6.7112935981E-02
           Stress_EigVec2 =  3.4905822827E-03 -6.7066016841E-02  9.9774243431E-01
           Stress_EigVec3 =  9.9987002208E-01  1.5938957048E-02 -2.4266445316E-03
           -DivStress = -2.8850959702E+02  5.8889680309E+03 -8.9162154807E+04
           ESP =  -2.2007331822E+01     ESP at Nucleus =  -2.2007331999E+01
           ESPe = -3.7107271815E+01     ESPe at Nucleus = -3.7107286542E+01
           ESPn =  1.5099939993E+01     ESPn at Nucleus =  1.5099954543E+01

CP# 3      Coords = -4.38692084431955E+00 -7.08667141437650E-02  3.13746803675280E-03
           Type = (3,-3) NACP O3
           Rho =  2.9557906412E+02     Rho at Nucleus =  2.9557903656E+02
           GradRho = -3.0557043021E-11  2.2197395018E-12  1.3797773687E-13
           HessRho_EigVals = -8.2215533185E+05 -8.2214089693E+05 -8.2211996711E+05
           HessRho_EigVec1 = -1.1834297183E-02  9.9777297310E-01  6.5643305545E-02
           HessRho_EigVec2 =  9.9992652721E-01  1.1981053156E-02 -1.8424322674E-03
           HessRho_EigVec3 =  2.6248050542E-03 -6.5616678657E-02  9.9784145127E-01
           DelSqRho = -2.4664161959E+06
           Bond Ellipticity = NA
           V = -6.1674297914E+05
           G =  6.9465082929E+01
           K =  6.1667351405E+05
           L =  6.1660404897E+05
           Vnuc =  9.7692830252E+05
           Ven = -2.8875955337E+08
           Vrep =  2.8814281040E+08
           DelSqV =  3.9228299856E+10
           DelSqVen =  2.4095117860E+12
           DelSqVrep = -2.3702834866E+12
           DelSqG =  1.7154415086E+09
           DelSqK = -4.0943741365E+10
           Stress_EigVals = -2.0558543108E+05 -2.0558019751E+05 -2.0557735055E+05
           Stress_EigVec1 =  2.6616631307E-03 -6.5561954235E-02  9.9784495073E-01
           Stress_EigVec2 =  9.9992408219E-01  1.2179667797E-02 -1.8669616347E-03
           Stress_EigVec3 = -1.2031018360E-02  9.9777416576E-01  6.5589395088E-02
           -DivStress =  1.0457026203E+05  1.2097603015E+03 -2.5145470699E+02
           ESP =  -2.2042356819E+01     ESP at Nucleus =  -2.2042357060E+01
           ESPe = -3.6309624779E+01     ESPe at Nucleus = -3.6309639689E+01
           ESPn =  1.4267267959E+01     ESPn at Nucleus =  1.4267282629E+01

CP# 4      Coords =  4.38682648216012E+00  7.21201461076619E-02 -6.75993447626978E-03
           Type = (3,-3) NACP O4
           Rho =  2.9557908803E+02     Rho at Nucleus =  2.9557906047E+02
           GradRho =  3.0336373566E-10  5.5027154301E-12  2.8324131235E-13
           HessRho_EigVals = -8.2215540182E+05 -8.2214096665E+05 -8.2212003758E+05
           HessRho_EigVec1 = -1.2009818849E-02  9.9778635541E-01  6.5407592857E-02
           HessRho_EigVec2 =  9.9992403358E-01  1.2165474046E-02 -1.9819947190E-03
           HessRho_EigVec3 =  2.7733216604E-03 -6.5378820679E-02  9.9785666230E-01
           DelSqRho = -2.4664164061E+06
           Bond Ellipticity = NA
           V = -6.1674303155E+05
           G =  6.9465017792E+01
           K =  6.1667356653E+05
           L =  6.1660410151E+05
           Vnuc =  9.7690133314E+05
           Ven = -2.8875160515E+08
           Vrep =  2.8813486212E+08
           DelSqV =  3.9228303186E+10
           DelSqVen =  2.4094454789E+12
           DelSqVrep = -2.3702171752E+12
           DelSqG =  1.7154416619E+09
           DelSqK = -4.0943744848E+10
           Stress_EigVals = -2.0558544846E+05 -2.0558021505E+05 -2.0557736804E+05
           Stress_EigVec1 =  2.7803515571E-03 -6.5324542946E-02  9.9786019749E-01
           Stress_EigVec2 =  9.9992160317E-01  1.2364478860E-02 -1.9766593166E-03
           Stress_EigVec3 = -1.2208896950E-02  9.9778746422E-01  6.5353799307E-02
           -DivStress = -1.0457304831E+05 -1.2258390244E+03  2.1644620606E+02
           ESP =  -2.2042348164E+01     ESP at Nucleus =  -2.2042348405E+01
           ESPe = -3.6309621140E+01     ESPe at Nucleus = -3.6309636050E+01
           ESPn =  1.4267272976E+01     ESPn at Nucleus =  1.4267287645E+01

CP# 5      Coords = -1.05108135483465E-02  2.64265255259647E-01 -3.96788759667969E+00
           Type = (3,-3) NACP O5
           Rho =  2.9545184783E+02     Rho at Nucleus =  2.9545182769E+02
           GradRho =  2.7621730857E-14  1.9100092168E-11  4.9363096943E-11
           HessRho_EigVals = -8.2179968725E+05 -8.2178663376E+05 -8.2176418891E+05
           HessRho_EigVec1 =  9.9987754398E-01  1.5533703076E-02 -1.8976576222E-03
           HessRho_EigVec2 =  2.9445519146E-03 -6.7652224130E-02  9.9770461870E-01
           HessRho_EigVec3 = -1.5369666546E-02  9.9758803152E-01  6.7689679504E-02
           DelSqRho = -2.4653505099E+06
           Bond Ellipticity = NA
           V = -6.1647735214E+05
           G =  6.9862329372E+01
           K =  6.1640748981E+05
           L =  6.1633762748E+05
           Vnuc =  1.1427717617E+06
           Ven = -3.3763402866E+08
           Vrep =  3.3701755130E+08
           DelSqV =  3.9211472029E+10
           DelSqVen =  2.8173329490E+12
           DelSqVrep = -2.7781214770E+12
           DelSqG =  1.7146992168E+09
           DelSqK = -4.0926171246E+10
           Stress_EigVals = -2.0549695319E+05 -2.0549151658E+05 -2.0548888236E+05
           Stress_EigVec1 = -1.5359694477E-02  9.9759002410E-01  6.7662571636E-02
           Stress_EigVec2 =  2.9885603465E-03 -6.7624448707E-02  9.9770637085E-01
           Stress_EigVec3 =  9.9987756665E-01  1.5526678713E-02 -1.9426671167E-03
           -DivStress =  2.3892740844E+02 -6.0024088482E+03  8.9161472098E+04
           ESP =  -2.2007371570E+01     ESP at Nucleus =  -2.2007371747E+01
           ESPe = -3.7109047137E+01     ESPe at Nucleus = -3.7109061866E+01
           ESPn =  1.5101675567E+01     ESPn at Nucleus =  1.5101690119E+01

CP# 6      Coords = -7.97426422227290E-02  3.97311758189100E+00  2.65253146191988E-01
           Type = (3,-3) NACP O6
           Rho =  2.9545872025E+02     Rho at Nucleus =  2.9545869965E+02
           GradRho = -2.9169540819E-12 -3.8673951273E-11  2.6019491466E-13
           HessRho_EigVals = -8.2181913605E+05 -8.2180617648E+05 -8.2178337689E+05
           HessRho_EigVec1 =  2.1751542160E-03 -6.6888803168E-02  9.9775806522E-01
           HessRho_EigVec2 = -1.0833564243E-02  9.9770029573E-01  6.6908547975E-02
           HessRho_EigVec3 =  9.9993894943E-01  1.0954812509E-02 -1.4455078583E-03
           DelSqRho = -2.4654086894E+06
           Bond Ellipticity = NA
           V = -6.1649185455E+05
           G =  6.9841095376E+01
           K =  6.1642201345E+05
           L =  6.1635217235E+05
           Vnuc =  1.1300402758E+06
           Ven = -3.3388025370E+08
           Vrep =  3.3326376185E+08
           DelSqV =  3.9212391147E+10
           DelSqVen =  2.7860111145E+12
           DelSqVrep = -2.7467987244E+12
           DelSqG =  1.7147401671E+09
           DelSqK = -4.0927131314E+10
           Stress_EigVals = -2.0550184103E+05 -2.0549631194E+05 -2.0549370157E+05
           Stress_EigVec1 =  9.9994330876E-01  1.0545674530E-02 -1.4724150796E-03
           Stress_EigVec2 = -1.0423499715E-02  9.9770334972E-01  6.6928145076E-02
           Stress_EigVec3 =  2.1748358920E-03 -6.6909003118E-02  9.9775671152E-01
           -DivStress =  2.5394665132E+02 -9.0171047049E+04 -6.0219276737E+03
           ESP =  -2.2010349406E+01     ESP at Nucleus =  -2.2010349586E+01
           ESPe = -3.7095748559E+01     ESPe at Nucleus = -3.7095763406E+01
           ESPn =  1.5085399154E+01     ESPn at Nucleus =  1.5085413821E+01

CP# 7      Coords =  7.94593283950635E-02 -3.97324555859015E+00 -2.64157592801853E-01
           Type = (3,-3) NACP O7
           Rho =  2.9545870327E+02     Rho at Nucleus =  2.9545868267E+02
           GradRho = -5.0236720030E-12  8.0067071477E-11 -4.1194134472E-12
           HessRho_EigVals = -8.2181908462E+05 -8.2180612523E+05 -8.2178332650E+05
           HessRho_EigVec1 =  2.2338689592E-03 -6.6992811731E-02  9.9775095741E-01
           HessRho_EigVec2 = -1.0857631748E-02  9.9769300831E-01  6.7013230007E-02
           HessRho_EigVec3 =  9.9993855894E-01  1.0982911246E-02 -1.5013321626E-03
           DelSqRho = -2.4654085364E+06
           Bond Ellipticity = NA
           V = -6.1649181643E+05
           G =  6.9841171288E+01
           K =  6.1642197526E+05
           L =  6.1635213409E+05
           Vnuc =  1.1301026758E+06
           Ven = -3.3389867114E+08
           Vrep =  3.3328217933E+08
           DelSqV =  3.9212388721E+10
           DelSqVen =  2.7861647811E+12
           DelSqVrep = -2.7469523934E+12
           DelSqG =  1.7147400529E+09
           DelSqK = -4.0927128774E+10
           Stress_EigVals = -2.0550182815E+05 -2.0549629931E+05 -2.0549368897E+05
           Stress_EigVec1 =  9.9994289683E-01  1.0576804837E-02 -1.5278341851E-03
           Stress_EigVec2 = -1.0450625296E-02  9.9769625709E-01  6.7029568188E-02
           Stress_EigVec3 =  2.2332731089E-03 -6.7009773765E-02  9.9774981970E-01
           -DivStress = -2.6219651519E+02  9.0165399963E+04  6.0311382514E+03
           ESP =  -2.2010356147E+01     ESP at Nucleus =  -2.2010356327E+01
           ESPe = -3.7095869300E+01     ESPe at Nucleus = -3.7095884148E+01
           ESPn =  1.5085513153E+01     ESPn at Nucleus =  1.5085527820E+01

CP# 8      Coords = -1.41614634235583E+00 -3.57518916034332E-01  5.01125507841643E+00
           Type = (3,-3) NACP H8
           Rho =  4.0366620805E-01     Rho at Nucleus =  3.9388773277E-01
           GradRho =  3.5641791168E-16  5.1130296828E-17 -2.5762540972E-15
           HessRho_EigVals = -7.9460312462E+00 -7.9226306176E+00 -6.1794636579E+00
           HessRho_EigVec1 =  5.8183590139E-01 -4.5391337056E-02  8.1203855227E-01
           HessRho_EigVec2 = -1.5613040712E-02  9.9763398590E-01  6.6952693288E-02
           HessRho_EigVec3 =  8.1315632988E-01  5.1633871626E-02 -5.7975057265E-01
           DelSqRho = -2.2048125522E+01
           Bond Ellipticity = NA
           V = -5.5711301385E+00
           G =  2.9549379031E-02
           K =  5.5415807595E+00
           L =  5.5120313804E+00
           Vnuc =  3.5324655211E+01
           Ven = -1.4259369620E+01
           Vrep =  8.6882394811E+00
           DelSqV =  1.3363214383E+03
           DelSqVen =  7.7884243209E+02
           DelSqVrep =  5.5747900619E+02
           DelSqG =  1.0266530556E+02
           DelSqK = -1.4389867438E+03
           Stress_EigVals = -2.0116639151E+00 -2.0061063355E+00 -1.5533598879E+00
           Stress_EigVec1 = -1.5641084896E-02  9.9763516013E-01  6.6928646569E-02
           Stress_EigVec2 =  5.7883063344E-01 -4.5545789892E-02  8.1417484536E-01
           Stress_EigVec3 =  8.1529777030E-01  5.1474928765E-02 -5.7674940612E-01
           -DivStress = -1.9906676382E+01 -1.2576631209E+00  1.4088088238E+01
           ESP =  -6.5011671742E-01     ESP at Nucleus =  -6.5379887686E-01
           ESPe = -1.7124457100E+01     ESPe at Nucleus = -1.6927244958E+01
           ESPn =  1.6474340383E+01     ESPn at Nucleus =  1.6273446081E+01

CP# 9      Coords =  1.44513073911698E+00 -3.11853440472193E-01  5.00469223954790E+00
           Type = (3,-3) NACP H9
           Rho =  4.0367400456E-01     Rho at Nucleus =  3.9389484324E-01
           GradRho =  4.5792634008E-16 -1.3694828691E-16  1.3793762139E-16
           HessRho_EigVals = -7.9460180399E+00 -7.9226115754E+00 -6.1793290318E+00
           HessRho_EigVec1 = -5.7635322281E-01 -6.3906469966E-02  8.1469805797E-01
           HessRho_EigVec2 = -1.5947926764E-02  9.9762729052E-01  6.6973523452E-02
           HessRho_EigVec3 =  8.1704505763E-01 -2.5607661121E-02  5.7600487975E-01
           DelSqRho = -2.2047958647E+01
           Bond Ellipticity = NA
           V = -5.5710985281E+00
           G =  2.9554433178E-02
           K =  5.5415440950E+00
           L =  5.5119896618E+00
           Vnuc =  3.5326893110E+01
           Ven = -1.4260548411E+01
           Vrep =  8.6894498824E+00
           DelSqV =  1.3362983587E+03
           DelSqVen =  7.7888587843E+02
           DelSqVrep =  5.5741248028E+02
           DelSqG =  1.0266217562E+02
           DelSqK = -1.4389605343E+03
           Stress_EigVals = -2.0116646588E+00 -2.0061062412E+00 -1.5533276281E+00
           Stress_EigVec1 = -1.5825397866E-02  9.9764018205E-01  6.6810358105E-02
           Stress_EigVec2 = -5.7333619279E-01 -6.3796704338E-02  8.1683265762E-01
           Stress_EigVec3 =  8.1916736191E-01 -2.5378094558E-02  5.7299283197E-01
           -DivStress =  2.0001958694E+01 -6.2028966481E-01  1.3996680010E+01
           ESP =  -6.5012114977E-01     ESP at Nucleus =  -6.5380463582E-01
           ESPe = -1.7127462367E+01     ESPe at Nucleus = -1.6930284707E+01
           ESPn =  1.6477341218E+01     ESPn at Nucleus =  1.6276480072E+01

CP# 10     Coords = -5.43923347845280E+00 -1.49072693437867E+00 -8.73094335260205E-02
           Type = (3,-3) NACP H10
           Rho =  4.0914338737E-01     Rho at Nucleus =  3.9962261402E-01
           GradRho = -2.6446757577E-15  4.3396780141E-17  3.0987853342E-17
           HessRho_EigVals = -8.0594489579E+00 -8.0372431554E+00 -6.3265223674E+00
           HessRho_EigVec1 =  8.1122282862E-01 -5.8332653505E-01 -4.0591573463E-02
           HessRho_EigVec2 =  2.7499042606E-03 -6.5611910674E-02  9.9784142789E-01
           HessRho_EigVec3 =  5.8473067335E-01  8.0958336858E-01  5.1621787644E-02
           DelSqRho = -2.2423214481E+01
           Bond Ellipticity = NA
           V = -5.6671608209E+00
           G =  3.0678600371E-02
           K =  5.6364822205E+00
           L =  5.6058036202E+00
           Vnuc =  3.5131224767E+01
           Ven = -1.4373708304E+01
           Vrep =  8.7065474826E+00
           DelSqV =  1.3650133596E+03
           DelSqVen =  7.8775498792E+02
           DelSqVrep =  5.7725837167E+02
           DelSqG =  1.0469373585E+02
           DelSqK = -1.4697070954E+03
           Stress_EigVals = -2.0408118905E+00 -2.0354939897E+00 -1.5908549407E+00
           Stress_EigVec1 =  2.6822847661E-03 -6.5573761018E-02  9.9784411970E-01
           Stress_EigVec2 =  8.1393719553E-01 -5.7955523860E-01 -4.0273653229E-02
           Stress_EigVec3 =  5.8094668179E-01  8.1229046977E-01  5.1818390956E-02
           -DivStress = -1.4129671714E+01 -1.9720169614E+01 -1.2579537017E+00
           ESP =  -6.8315134248E-01     ESP at Nucleus =  -6.8674236030E-01
           ESPe = -1.6539136979E+01     ESPe at Nucleus = -1.6351376619E+01
           ESPn =  1.5855985637E+01     ESPn at Nucleus =  1.5664634259E+01

CP# 11     Coords = -5.47164698244950E+00  1.32414385495365E+00  9.80731436020403E-02
           Type = (3,-3) NACP H11
           Rho =  4.0915381207E-01     Rho at Nucleus =  3.9963590762E-01
           GradRho = -1.8717871430E-15  2.6889992647E-16 -3.2352423420E-17
           HessRho_EigVals = -8.0594901002E+00 -8.0372794697E+00 -6.3269683599E+00
           HessRho_EigVec1 =  7.9758688545E-01  6.0204727555E-01  3.7339498518E-02
           HessRho_EigVec2 =  2.8611803950E-03 -6.5677178643E-02  9.9783682125E-01
           HessRho_EigVec3 = -6.0319729260E-01  7.9575472742E-01  5.4105822221E-02
           DelSqRho = -2.2423737930E+01
           Bond Ellipticity = NA
           V = -5.6672924425E+00
           G =  3.0678980029E-02
           K =  5.6366134625E+00
           L =  5.6059344825E+00
           Vnuc =  3.5154141636E+01
           Ven = -1.4383451061E+01
           Vrep =  8.7161586180E+00
           DelSqV =  1.3650839177E+03
           DelSqVen =  7.8828725921E+02
           DelSqVrep =  5.7679665852E+02
           DelSqG =  1.0469564746E+02
           DelSqK = -1.4697795652E+03
           Stress_EigVals = -2.0408218989E+00 -2.0355034718E+00 -1.5909670718E+00
           Stress_EigVec1 =  2.8624199544E-03 -6.5681011197E-02  9.9783656544E-01
           Stress_EigVec2 =  8.0038925363E-01  5.9833226883E-01  3.7088256293E-02
           Stress_EigVec3 = -5.9947381029E-01  7.9855150169E-01  5.4283053755E-02
           -DivStress = -1.4577619571E+01  1.9383201064E+01  1.3178396343E+00
           ESP =  -6.8315332505E-01     ESP at Nucleus =  -6.8674292681E-01
           ESPe = -1.6558867643E+01     ESPe at Nucleus = -1.6371433410E+01
           ESPn =  1.5875714318E+01     ESPn at Nucleus =  1.5684690483E+01

CP# 12     Coords =  5.47183079830749E+00 -1.32270368278408E+00 -1.01296864161501E-01
           Type = (3,-3) NACP H12
           Rho =  4.0915371831E-01     Rho at Nucleus =  3.9963589004E-01
           GradRho = -3.1582863299E-15 -6.2589752632E-16 -3.3081718788E-17
           HessRho_EigVals = -8.0594838385E+00 -8.0372735397E+00 -6.3269733056E+00
           HessRho_EigVec1 =  7.9746761017E-01  6.0221706752E-01  3.7148543908E-02
           HessRho_EigVec2 =  2.8949623186E-03 -6.5387596340E-02  9.9785574180E-01
           HessRho_EigVec3 = -6.0335481262E-01  7.9565009007E-01  5.3887885907E-02
           DelSqRho = -2.2423730684E+01
           Bond Ellipticity = NA
           V = -5.6672906579E+00
           G =  3.0678993487E-02
           K =  5.6366116644E+00
           L =  5.6059326709E+00
           Vnuc =  3.5154265404E+01
           Ven = -1.4383498404E+01
           Vrep =  8.7162077465E+00
           DelSqV =  1.3650844060E+03
           DelSqVen =  7.8828977981E+02
           DelSqVrep =  5.7679462621E+02
           DelSqG =  1.0469559002E+02
           DelSqK = -1.4697799960E+03
           Stress_EigVals = -2.0408203379E+00 -2.0355020309E+00 -1.5909682892E+00
           Stress_EigVec1 =  2.9085693518E-03 -6.5384557804E-02  9.9785590133E-01
           Stress_EigVec2 =  8.0027070056E-01  5.9850342736E-01  3.6884322737E-02
           Stress_EigVec3 = -5.9963184209E-01  7.9844756061E-01  5.4066134605E-02
           -DivStress =  1.4581397224E+01 -1.9380594083E+01 -1.3125673240E+00
           ESP =  -6.8314588811E-01     ESP at Nucleus =  -6.8673549017E-01
           ESPe = -1.6558908539E+01     ESPe at Nucleus = -1.6371475412E+01
           ESPn =  1.5875762651E+01     ESPn at Nucleus =  1.5684739922E+01

CP# 13     Coords =  5.43886859575844E+00  1.49219230097653E+00  8.34237678236052E-02
           Type = (3,-3) NACP H13
           Rho =  4.0914515237E-01     Rho at Nucleus =  3.9962429741E-01
           GradRho =  1.0456102550E-15  2.1906520624E-16 -5.5448470793E-17
           HessRho_EigVals = -8.0594752632E+00 -8.0372693040E+00 -6.3265353164E+00
           HessRho_EigVec1 =  8.1133270320E-01 -5.8317965190E-01 -4.0506028403E-02
           HessRho_EigVec2 =  2.7861483467E-03 -6.5431937548E-02  9.9785314497E-01
           HessRho_EigVec3 =  5.8457803765E-01  8.0970374531E-01  5.1462245743E-02
           DelSqRho = -2.2423279884E+01
           Bond Ellipticity = NA
           V = -5.6671783041E+00
           G =  3.0679166608E-02
           K =  5.6364991375E+00
           L =  5.6058199709E+00
           Vnuc =  3.5131187256E+01
           Ven = -1.4373754963E+01
           Vrep =  8.7065766589E+00
           DelSqV =  1.3650164638E+03
           DelSqVen =  7.8775644450E+02
           DelSqVrep =  5.7726001929E+02
           DelSqG =  1.0469392319E+02
           DelSqK = -1.4697103870E+03
           Stress_EigVals = -2.0408189042E+00 -2.0355010702E+00 -1.5908583297E+00
           Stress_EigVec1 =  2.7291302861E-03 -6.5398857789E-02  9.9785547112E-01
           Stress_EigVec2 =  8.1404634417E-01 -5.7940700455E-01 -4.0200405756E-02
           Stress_EigVec3 =  5.8079351011E-01  8.1241031042E-01  5.1656423892E-02
           -DivStress =  1.4126037234E+01  1.9723192182E+01  1.2540368150E+00
           ESP =  -6.8314204414E-01     ESP at Nucleus =  -6.8673322090E-01
           ESPe = -1.6539146081E+01     ESPe at Nucleus = -1.6351384689E+01
           ESPn =  1.5856004037E+01     ESPn at Nucleus =  1.5664651468E+01

CP# 14     Coords =  1.41725293296727E+00  3.56689734398072E-01 -5.00932476941648E+00
           Type = (3,-3) NACP H14
           Rho =  4.0366900639E-01     Rho at Nucleus =  3.9389079716E-01
           GradRho =  8.0942468440E-16  2.0215627132E-16  2.2277644139E-15
           HessRho_EigVals = -7.9460749208E+00 -7.9226732561E+00 -6.1795371615E+00
           HessRho_EigVec1 =  5.8136892721E-01 -4.6074922553E-02  8.1233445821E-01
           HessRho_EigVec2 = -1.5335590907E-02  9.9759746786E-01  6.7558210230E-02
           HessRho_EigVec3 =  8.1349553787E-01  5.1733873136E-02 -5.7926558351E-01
           DelSqRho = -2.2048285338E+01
           Bond Ellipticity = NA
           V = -5.5711697408E+00
           G =  2.9549203078E-02
           K =  5.5416205377E+00
           L =  5.5120713346E+00
           Vnuc =  3.5327538964E+01
           Ven = -1.4260632552E+01
           Vrep =  8.6894628110E+00
           DelSqV =  1.3363353350E+03
           DelSqVen =  7.7891165937E+02
           DelSqVrep =  5.5742367566E+02
           DelSqG =  1.0266603435E+02
           DelSqK = -1.4390013694E+03
           Stress_EigVals = -2.0116740793E+00 -2.0061166773E+00 -1.5533789842E+00
           Stress_EigVec1 = -1.5362654600E-02  9.9759911456E-01  6.7527738523E-02
           Stress_EigVec2 =  5.7836061966E-01 -4.6225179172E-02  8.1447051907E-01
           Stress_EigVec3 =  8.1563655048E-01  5.1567813963E-02 -5.7626190061E-01
           -DivStress =  1.9914814023E+01  1.2599235163E+00 -1.4075959470E+01
           ESP =  -6.5015852540E-01     ESP at Nucleus =  -6.5384034756E-01
           ESPe = -1.7127056112E+01     ESPe at Nucleus = -1.6929860730E+01
           ESPn =  1.6476897587E+01     ESPn at Nucleus =  1.6276020382E+01

CP# 15     Coords = -1.44412893653456E+00  3.12187396508397E-01 -5.00419343492001E+00
           Type = (3,-3) NACP H15
           Rho =  4.0367575153E-01     Rho at Nucleus =  3.9389638723E-01
           GradRho = -3.6305187372E-16 -3.3251972410E-17  1.1465166923E-15
           HessRho_EigVals = -7.9460530927E+00 -7.9226445302E+00 -6.1793213104E+00
           HessRho_EigVec1 = -5.7674023858E-01 -6.4129503864E-02  8.1440659620E-01
           HessRho_EigVec2 = -1.5484373042E-02  9.9759310378E-01  6.7588708219E-02
           HessRho_EigVec3 =  8.1678083437E-01 -2.6370552160E-02  5.7634508984E-01
           DelSqRho = -2.2048018933E+01
           Bond Ellipticity = NA
           V = -5.5711139558E+00
           G =  2.9554611231E-02
           K =  5.5415593446E+00
           L =  5.5120047333E+00
           Vnuc =  3.5327666852E+01
           Ven = -1.4260922466E+01
           Vrep =  8.6898085105E+00
           DelSqV =  1.3362995826E+03
           DelSqVen =  7.7890506763E+02
           DelSqVrep =  5.5739451494E+02
           DelSqG =  1.0266234932E+02
           DelSqK = -1.4389619319E+03
           Stress_EigVals = -2.0116730991E+00 -2.0061147403E+00 -1.5533261164E+00
           Stress_EigVec1 = -1.5354365158E-02  9.9760737283E-01  6.7407515460E-02
           Stress_EigVec2 = -5.7372371094E-01 -6.4003524868E-02  8.1654433579E-01
           Stress_EigVec3 =  8.1890496822E-01 -2.6135770016E-02  5.7333373750E-01
           -DivStress = -1.9995838564E+01  6.3877182950E-01 -1.4005113370E+01
           ESP =  -6.5015914647E-01     ESP at Nucleus =  -6.5384276828E-01
           ESPe = -1.7128455955E+01     ESPe at Nucleus = -1.6931262886E+01
           ESPn =  1.6478296808E+01     ESPn at Nucleus =  1.6277420117E+01

CP# 16     Coords = -8.50397116965840E-02  4.92110415670672E+00  1.75867336410105E+00
           Type = (3,-3) NACP H16
           Rho =  4.0480847384E-01     Rho at Nucleus =  3.9504278268E-01
           GradRho = -3.2674931215E-17 -2.7759658314E-15  8.7548732505E-16
           HessRho_EigVals = -7.9698532799E+00 -7.9463829908E+00 -6.2039155895E+00
           HessRho_EigVec1 = -9.7300668084E-03  8.4978206846E-01 -5.2704436428E-01
           HessRho_EigVec2 =  9.9994795952E-01  9.8851767179E-03 -2.5222061419E-03
           HessRho_EigVec3 = -3.0666011268E-03  5.2704147788E-01  8.4983402883E-01
           DelSqRho = -2.2120151860E+01
           Bond Ellipticity = NA
           V = -5.5894223490E+00
           G =  2.9692191955E-02
           K =  5.5597301570E+00
           L =  5.5300379651E+00
           Vnuc =  3.5357352410E+01
           Ven = -1.4312955868E+01
