 AIMInt (Version 14.11.23, Professional)
 Portions Copyright (c) 1997-2014 by Todd A. Keith
 AIMInt is a component of the AIMAll package ( http://aim.tkgristmill.com )

 AIMInt is a heavily modified and extended version of the PROAIMV program
 developed by members of R.F.W. Bader's research group

 Much of the Quantum Theory of Atoms in Molecules (QTAIM) is described in the book:
   "Atoms in Molecules - A Quantum Theory"
   R.F.W. Bader, Oxford University Press, Oxford, 1990

 For additional references see:  http://aim.tkgristmill.com/references.html

 Inp File:  E:\Proyecto spin\estructuras hexahidratadas\estructuras hexahidratadas solas\modredundant\Ni23\Ni23_28_atomicfiles\ni1.inp
 Wfx File:  E:\Proyecto spin\estructuras hexahidratadas\estructuras hexahidratadas solas\modredundant\Ni23\Ni23_28.wfx
 Out File:  E:\Proyecto spin\estructuras hexahidratadas\estructuras hexahidratadas solas\modredundant\Ni23\Ni23_28_atomicfiles\ni1.int

 Wfx Title:   Ni23_28                                                                       
 Job Title:   Ni23_28                                                                       
 
<Atom>
Ni1     
</Atom>
<Nuclei of Molecule>
    19
Ni1       28.0           0.0000000000E+00   0.0000000000E+00   0.0000000000E+00
O2         8.0          -5.1624086180E+00   5.2084815962E-01  -1.0370163035E+00
H3         1.0          -6.4313414763E+00  -6.9237878613E-01  -5.4882856397E-01
H4         1.0          -5.8170216961E+00   2.1652844503E+00  -6.0100592167E-01
O5         8.0           6.2471026062E-01   1.0175221096E+00   5.1547584211E+00
H6         1.0          -5.4854724348E-01   5.2330810029E-01   6.4584304549E+00
H7         1.0           2.2889790966E+00   5.7204210746E-01   5.7503556850E+00
O8         8.0          -9.9672000120E-01   5.1579439612E+00   6.3191116689E-01
H9         1.0          -5.1040275970E-01   6.4602835931E+00  -5.4590471636E-01
H10        1.0          -5.4311213786E-01   5.7557520250E+00   2.2930699071E+00
O11        8.0           5.1624086180E+00  -5.2084815962E-01   1.0370163035E+00
H12        1.0           6.4313414763E+00   6.9237878613E-01   5.4882856397E-01
H13        1.0           5.8170216961E+00  -2.1652844503E+00   6.0100592167E-01
O14        8.0          -6.2471026062E-01  -1.0175221096E+00  -5.1547584211E+00
H15        1.0           5.4854724348E-01  -5.2330810029E-01  -6.4584304549E+00
H16        1.0          -2.2889790966E+00  -5.7204210746E-01  -5.7503556850E+00
O17        8.0           9.9672000120E-01  -5.1579439612E+00  -6.3191116689E-01
H18        1.0           5.1040275970E-01  -6.4602835931E+00   5.4590471636E-01
H19        1.0           5.4311213786E-01  -5.7557520250E+00  -2.2930699071E+00
</Nuclei of Molecule>
<Total Number of CPs of DelSqRho>
    94
</Total Number of CPs of DelSqRho>
<Number of (3,+3) CPs of DelSqRho>
    11
</Number of (3,+3) CPs of DelSqRho>
<Number of (3,+1) CPs of DelSqRho>
    39
</Number of (3,+1) CPs of DelSqRho>
<Number of (3,-1) CPs of DelSqRho>
    32
</Number of (3,-1) CPs of DelSqRho>
<Number of (3,-3) CPs of DelSqRho>
    12
</Number of (3,-3) CPs of DelSqRho>
<Number of Degenerate CPs of DelSqRho>
     0
</Number of Degenerate CPs of DelSqRho>
<CP of DelSqRho>
CP# = 1       
Type = (3,+3)
Coords =  1.36848722084716E-27 -3.03665044579819E-27 -5.31052194054097E-28
DistFromNuc =  3.3728355484E-27
Rho =  1.4571024126E+04
DelSqRho = -2.5335530042E+09
GradDelSqRho =  3.3844435535E-14 -6.2753738328E-14 -8.4190431061E-15
HessDelSqRho_EigVals =  1.8541667641E+15  1.8541667647E+15  1.8541667767E+15
HessDelSqRho_EigVec1 = -4.4047831066E-01 -3.9481054195E-01 -8.0628995640E-01
HessDelSqRho_EigVec2 =  6.9493372553E-01 -7.1853607218E-01 -2.7803418854E-02
HessDelSqRho_EigVec3 = -5.6837133545E-01 -5.7256488623E-01  5.9086671602E-01
</CP of DelSqRho>
<CP of DelSqRho>
CP# = 2       
Type = (3,-1)
Coords = -5.80833000841750E-03 -1.80630916159211E-01  1.82169097904759E-01
DistFromNuc =  2.5660640055E-01
Rho =  3.4269994878E+01
DelSqRho =  3.0603434357E+03
GradDelSqRho =  2.4556356948E-11  8.1854523160E-12  1.4097167877E-11
HessDelSqRho_EigVals = -1.3176430355E+06 -2.0032249883E+04  4.4315618921E+04
HessDelSqRho_EigVec1 = -2.2409932066E-02 -7.0392474013E-01  7.0992094995E-01
HessDelSqRho_EigVec2 =  9.9965482515E-01 -6.0378870635E-03  2.5569013903E-02
HessDelSqRho_EigVec3 = -1.3712238947E-02  7.1024890296E-01  7.0381707165E-01
</CP of DelSqRho>
<CP of DelSqRho>
CP# = 3       
Type = (3,-1)
Coords =  5.80833000841758E-03  1.80630916159211E-01 -1.82169097904759E-01
DistFromNuc =  2.5660640055E-01
Rho =  3.4269994878E+01
DelSqRho =  3.0603434357E+03
GradDelSqRho = -1.0004441720E-11 -1.0913936421E-11 -1.6370904632E-11
HessDelSqRho_EigVals = -1.3176430355E+06 -2.0032249883E+04  4.4315618921E+04
HessDelSqRho_EigVec1 = -2.2409932066E-02 -7.0392474013E-01  7.0992094995E-01
HessDelSqRho_EigVec2 =  9.9965482515E-01 -6.0378870635E-03  2.5569013903E-02
HessDelSqRho_EigVec3 = -1.3712238947E-02  7.1024890296E-01  7.0381707165E-01
</CP of DelSqRho>
<CP of DelSqRho>
CP# = 4       
Type = (3,-3)
Coords = -5.69206548132477E-03  2.55336802730313E-01  9.69699271315396E-04
DistFromNuc =  2.5540208056E-01
Rho =  3.3626599861E+01
DelSqRho =  3.4330633894E+03
GradDelSqRho = -7.2759576142E-12  1.4551915228E-11 -2.8421709430E-13
HessDelSqRho_EigVals = -1.3588489289E+06 -4.5590771570E+04 -4.3241984734E+04
HessDelSqRho_EigVec1 = -2.2439566364E-02  9.9974033899E-01  3.9649039397E-03
HessDelSqRho_EigVec2 =  7.0331404353E-01  1.2967330160E-02  7.1076100380E-01
HessDelSqRho_EigVec3 =  7.1052503266E-01  1.8737741335E-02 -7.0342240156E-01
</CP of DelSqRho>
<CP of DelSqRho>
CP# = 5       
Type = (3,-3)
Coords =  5.69206548132497E-03 -2.55336802730313E-01 -9.69699271315487E-04
DistFromNuc =  2.5540208056E-01
Rho =  3.3626599861E+01
DelSqRho =  3.4330633894E+03
GradDelSqRho = -1.8189894035E-12  1.0913936421E-11  3.6379788071E-12
HessDelSqRho_EigVals = -1.3588489289E+06 -4.5590771570E+04 -4.3241984734E+04
HessDelSqRho_EigVec1 = -2.2439566364E-02  9.9974033899E-01  3.9649039397E-03
HessDelSqRho_EigVec2 =  7.0331404353E-01  1.2967330160E-02  7.1076100380E-01
HessDelSqRho_EigVec3 =  7.1052503266E-01  1.8737741335E-02 -7.0342240156E-01
</CP of DelSqRho>
<CP of DelSqRho>
CP# = 6       
Type = (3,-1)
Coords =  3.25109177515594E-04  1.95694868121934E-03  1.43113579345145E-01
DistFromNuc =  1.4312732771E-01
Rho =  1.3962032252E+02
DelSqRho = -1.0052517108E+04
GradDelSqRho =  1.1641532183E-10  6.5483618528E-11 -3.4924596548E-10
HessDelSqRho_EigVals = -1.7378587727E+05 -1.6595723057E+05  2.4274547491E+07
HessDelSqRho_EigVec1 =  7.1785871531E-01 -6.9614413142E-01  7.8875305832E-03
HessDelSqRho_EigVec2 =  6.9618484653E-01  7.1777030151E-01 -1.1508854605E-02
HessDelSqRho_EigVec3 =  2.3503863880E-03  1.3752910850E-02  9.9990266183E-01
</CP of DelSqRho>
<CP of DelSqRho>
CP# = 7       
Type = (3,-1)
Coords =  1.78769044629525E-01  1.83942359348901E-01 -7.12801222440095E-03
DistFromNuc =  2.5660080171E-01
Rho =  3.4267734625E+01
DelSqRho =  3.0614424278E+03
GradDelSqRho = -1.5916157281E-12 -1.1311840353E-11  1.0231815395E-12
HessDelSqRho_EigVals = -1.3178196314E+06 -2.0211840177E+04  4.4239302874E+04
HessDelSqRho_EigVec1 =  6.9668372440E-01  7.1684954280E-01 -2.7541262714E-02
HessDelSqRho_EigVec2 =  1.3370445169E-02  2.5409705856E-02  9.9958770403E-01
HessDelSqRho_EigVec3 =  7.1725380400E-01 -6.9676472345E-01  8.1179310057E-03
</CP of DelSqRho>
<CP of DelSqRho>
CP# = 8       
Type = (3,-1)
Coords = -1.82461997944290E-01 -8.99419927402399E-03  1.80205814351186E-01
DistFromNuc =  2.5660750542E-01
Rho =  3.4270163633E+01
DelSqRho =  3.0601630471E+03
GradDelSqRho =  2.7284841053E-12  5.4569682106E-12  2.3646862246E-11
HessDelSqRho_EigVals = -1.3176060611E+06 -2.0005546389E+04  4.4331102085E+04
HessDelSqRho_EigVec1 =  7.1106333466E-01  3.4827676397E-02 -7.0226488383E-01
HessDelSqRho_EigVec2 = -3.5036314639E-02  9.9928681252E-01  1.4082718987E-02
HessDelSqRho_EigVec3 =  7.0225450569E-01  1.4591068305E-02  7.1177644662E-01
</CP of DelSqRho>
<CP of DelSqRho>
CP# = 9       
Type = (3,-3)
Coords =  4.41907222570088E-04  3.35508245304725E-03  2.55379873778874E-01
DistFromNuc =  2.5540229402E-01
Rho =  3.3625891023E+01
DelSqRho =  3.4331295124E+03
GradDelSqRho =  2.5011104299E-12 -1.2789769244E-12  1.4324541553E-11
HessDelSqRho_EigVals = -1.3588389559E+06 -4.5469930147E+04 -4.3376204154E+04
HessDelSqRho_EigVec1 =  1.9001261040E-03  1.3307669596E-02  9.9990964364E-01
HessDelSqRho_EigVec2 = -7.1801087635E-01  6.9598706685E-01 -7.8983683875E-03
HessDelSqRho_EigVec3 =  6.9602928887E-01  7.1793099161E-01 -1.0877514703E-02
</CP of DelSqRho>
<CP of DelSqRho>
CP# = 10      
Type = (3,-3)
Coords = -2.55366682499203E-01 -1.73103009679146E-03 -3.89748826607034E-03
DistFromNuc =  2.5540228936E-01
Rho =  3.3626217915E+01
DelSqRho =  3.4330926717E+03
GradDelSqRho = -3.4560798667E-11  4.7748471843E-12  5.4569682106E-12
HessDelSqRho_EigVals = -1.3588385294E+06 -4.5582171335E+04 -4.3259412839E+04
HessDelSqRho_EigVec1 =  9.9985895419E-01  6.6261502713E-03  1.5432622967E-02
HessDelSqRho_EigVec2 = -1.5566668759E-02  7.1057172469E-01  7.0345255909E-01
HessDelSqRho_EigVec3 = -6.3048031526E-03 -7.0359357459E-01  7.1057464862E-01
</CP of DelSqRho>
<CP of DelSqRho>
CP# = 11      
Type = (3,-3)
Coords =  2.55366682499203E-01  1.73103009679108E-03  3.89748826607006E-03
DistFromNuc =  2.5540228936E-01
Rho =  3.3626217915E+01
DelSqRho =  3.4330926717E+03
GradDelSqRho = -3.4560798667E-11  2.5011104299E-12  2.2737367544E-12
HessDelSqRho_EigVals = -1.3588385294E+06 -4.5582171335E+04 -4.3259412839E+04
HessDelSqRho_EigVec1 =  9.9985895419E-01  6.6261502713E-03  1.5432622967E-02
HessDelSqRho_EigVec2 = -1.5566668759E-02  7.1057172469E-01  7.0345255909E-01
HessDelSqRho_EigVec3 = -6.3048031526E-03 -7.0359357459E-01  7.1057464862E-01
</CP of DelSqRho>
<CP of DelSqRho>
CP# = 12      
Type = (3,-3)
Coords = -4.41907222570001E-04 -3.35508245304702E-03 -2.55379873778875E-01
DistFromNuc =  2.5540229402E-01
Rho =  3.3625891023E+01
DelSqRho =  3.4331295124E+03
GradDelSqRho = -6.5938365879E-12 -8.5265128291E-14  2.3646862246E-11
HessDelSqRho_EigVals = -1.3588389559E+06 -4.5469930147E+04 -4.3376204154E+04
HessDelSqRho_EigVec1 =  1.9001261040E-03  1.3307669596E-02  9.9990964364E-01
HessDelSqRho_EigVec2 = -7.1801087635E-01  6.9598706685E-01 -7.8983683875E-03
HessDelSqRho_EigVec3 =  6.9602928887E-01  7.1793099161E-01 -1.0877514703E-02
</CP of DelSqRho>
<CP of DelSqRho>
CP# = 13      
Type = (3,-1)
Coords =  1.82461997944290E-01  8.99419927402416E-03 -1.80205814351186E-01
DistFromNuc =  2.5660750542E-01
Rho =  3.4270163633E+01
DelSqRho =  3.0601630471E+03
GradDelSqRho =  6.3664629124E-12  1.8189894035E-12 -1.3642420527E-11
HessDelSqRho_EigVals = -1.3176060611E+06 -2.0005546389E+04  4.4331102085E+04
HessDelSqRho_EigVec1 =  7.1106333466E-01  3.4827676397E-02 -7.0226488383E-01
HessDelSqRho_EigVec2 = -3.5036314639E-02  9.9928681252E-01  1.4082718987E-02
HessDelSqRho_EigVec3 =  7.0225450569E-01  1.4591068305E-02  7.1177644662E-01
</CP of DelSqRho>
<CP of DelSqRho>
CP# = 14      
Type = (3,-1)
Coords = -1.78769044629525E-01 -1.83942359348901E-01  7.12801222440158E-03
DistFromNuc =  2.5660080171E-01
Rho =  3.4267734625E+01
DelSqRho =  3.0614424278E+03
GradDelSqRho =  7.9580786405E-12  8.6686213763E-13 -4.2632564146E-12
HessDelSqRho_EigVals = -1.3178196314E+06 -2.0211840177E+04  4.4239302874E+04
HessDelSqRho_EigVec1 =  6.9668372440E-01  7.1684954280E-01 -2.7541262714E-02
HessDelSqRho_EigVec2 =  1.3370445169E-02  2.5409705856E-02  9.9958770403E-01
HessDelSqRho_EigVec3 =  7.1725380400E-01 -6.9676472345E-01  8.1179310057E-03
</CP of DelSqRho>
<CP of DelSqRho>
CP# = 15      
Type = (3,-1)
Coords = -3.25109177515427E-04 -1.95694868121965E-03 -1.43113579345145E-01
DistFromNuc =  1.4312732771E-01
Rho =  1.3962032252E+02
DelSqRho = -1.0052517108E+04
GradDelSqRho =  7.2759576142E-11  0.0000000000E+00  4.6566128731E-10
HessDelSqRho_EigVals = -1.7378587727E+05 -1.6595723057E+05  2.4274547491E+07
HessDelSqRho_EigVec1 =  7.1785871531E-01 -6.9614413142E-01  7.8875305832E-03
HessDelSqRho_EigVec2 =  6.9618484653E-01  7.1777030151E-01 -1.1508854605E-02
HessDelSqRho_EigVec3 =  2.3503863880E-03  1.3752910850E-02  9.9990266183E-01
</CP of DelSqRho>
<CP of DelSqRho>
CP# = 16      
Type = (3,+1)
Coords = -3.01406726379580E-03 -1.00842527731009E-01  1.01707745153859E-01
DistFromNuc =  1.4325768889E-01
Rho =  1.4001154108E+02
DelSqRho = -1.0502564943E+04
GradDelSqRho = -5.8207660913E-11 -4.3655745685E-11  1.1641532183E-10
HessDelSqRho_EigVals = -7.7561321369E+04  1.7201651571E+05  2.4117248692E+07
HessDelSqRho_EigVec1 =  9.9968746350E-01 -5.0299315787E-03  2.4488264654E-02
HessDelSqRho_EigVec2 = -1.3666821292E-02  7.1025653701E-01  7.0381025116E-01
HessDelSqRho_EigVec3 = -2.0933067458E-02 -7.0392496150E-01  7.0996581274E-01
</CP of DelSqRho>
<CP of DelSqRho>
CP# = 17      
Type = (3,+1)
Coords =  3.01406726379688E-03  1.00842527731010E-01 -1.01707745153858E-01
DistFromNuc =  1.4325768889E-01
Rho =  1.4001154108E+02
DelSqRho = -1.0502564943E+04
GradDelSqRho = -1.4551915228E-10  7.2759576142E-11  2.9103830457E-10
HessDelSqRho_EigVals = -7.7561321369E+04  1.7201651571E+05  2.4117248692E+07
HessDelSqRho_EigVec1 =  9.9968746350E-01 -5.0299315787E-03  2.4488264654E-02
HessDelSqRho_EigVec2 = -1.3666821292E-02  7.1025653701E-01  7.0381025116E-01
HessDelSqRho_EigVec3 = -2.0933067458E-02 -7.0392496150E-01  7.0996581274E-01
</CP of DelSqRho>
<CP of DelSqRho>
CP# = 18      
Type = (3,+1)
Coords =  2.30850302886654E-03 -1.01725553007959E-01 -1.00814515989274E-01
DistFromNuc =  1.4323750890E-01
Rho =  1.3997480128E+02
DelSqRho = -1.0472468537E+04
GradDelSqRho =  8.7311491370E-11 -2.9103830457E-11 -1.1641532183E-10
HessDelSqRho_EigVals = -9.2499280606E+04  1.6682405514E+05  2.4137695096E+07
HessDelSqRho_EigVec1 =  9.9944752702E-01  3.1904123937E-02 -9.3149127825E-03
HessDelSqRho_EigVec2 =  2.9070334156E-02 -7.0328828117E-01  7.1031015003E-01
HessDelSqRho_EigVec3 = -1.6110754060E-02  7.1018851049E-01  7.0382719695E-01
</CP of DelSqRho>
<CP of DelSqRho>
CP# = 19      
Type = (3,+1)
Coords =  1.00587949218417E-01  1.77905368765601E-03  1.01960126932846E-01
DistFromNuc =  1.4323745336E-01
Rho =  1.3997443336E+02
DelSqRho = -1.0472301719E+04
GradDelSqRho =  8.7311491370E-11  5.8207660913E-11  1.7462298274E-10
HessDelSqRho_EigVals = -9.2566288562E+04  1.6680848611E+05  2.4137735401E+07
HessDelSqRho_EigVec1 =  2.9510980306E-03  9.9978829036E-01 -2.0363336603E-02
HessDelSqRho_EigVec2 =  7.1192840567E-01 -1.6400737210E-02 -7.0206051094E-01
HessDelSqRho_EigVec3 =  7.0224585170E-01  1.2425388371E-02  7.1182608374E-01
</CP of DelSqRho>
<CP of DelSqRho>
CP# = 20      
Type = (3,+1)
Coords =  1.01869632823641E-01  4.79598640865287E-03 -1.00610148707980E-01
DistFromNuc =  1.4325789891E-01
Rho =  1.4001160755E+02
DelSqRho = -1.0502793681E+04
GradDelSqRho = -1.9645085558E-10 -5.8207660913E-11 -5.8207660913E-11
HessDelSqRho_EigVals = -7.7460602416E+04  1.7208322534E+05  2.4117043948E+07
HessDelSqRho_EigVec1 = -3.4023669185E-02  9.9933598662E-01  1.3037476033E-02
HessDelSqRho_EigVec2 =  7.0227134652E-01  1.4624015596E-02  7.1175915451E-01
HessDelSqRho_EigVec3 =  7.1109587665E-01  3.3372503861E-02 -7.0230259162E-01
</CP of DelSqRho>
<CP of DelSqRho>
CP# = 21      
Type = (3,+1)
Coords = -1.00587949218417E-01 -1.77905368765639E-03 -1.01960126932846E-01
DistFromNuc =  1.4323745336E-01
Rho =  1.3997443336E+02
DelSqRho = -1.0472301719E+04
GradDelSqRho =  7.2759576142E-11 -2.9103830457E-11  4.3655745685E-11
HessDelSqRho_EigVals = -9.2566288562E+04  1.6680848611E+05  2.4137735401E+07
HessDelSqRho_EigVec1 =  2.9510980305E-03  9.9978829036E-01 -2.0363336603E-02
HessDelSqRho_EigVec2 =  7.1192840567E-01 -1.6400737210E-02 -7.0206051094E-01
HessDelSqRho_EigVec3 =  7.0224585170E-01  1.2425388371E-02  7.1182608374E-01
</CP of DelSqRho>
<CP of DelSqRho>
CP# = 22      
Type = (3,+1)
Coords =  9.98067946658361E-02  1.02699390919162E-01 -3.73648565091008E-03
DistFromNuc =  1.4325684096E-01
Rho =  1.4000986535E+02
DelSqRho = -1.0501082190E+04
GradDelSqRho = -2.7648638934E-10 -2.0372681320E-10 -4.8203219194E-11
HessDelSqRho_EigVals = -7.8277342775E+04  1.7169037196E+05  2.4118066091E+07
HessDelSqRho_EigVec1 =  1.2273665182E-02  2.4285795788E-02  9.9962971008E-01
HessDelSqRho_EigVec2 =  7.1725863297E-01 -6.9675971693E-01  8.1209790056E-03
HessDelSqRho_EigVec3 =  6.9669893826E-01  7.1689336515E-01 -2.5970992165E-02
</CP of DelSqRho>
<CP of DelSqRho>
CP# = 23      
Type = (3,+1)
Coords = -1.02735927640411E-01  9.98063319112150E-02 -1.12786020223375E-03
DistFromNuc =  1.4323842636E-01
Rho =  1.3997637268E+02
DelSqRho = -1.0473843957E+04
GradDelSqRho =  1.1641532183E-10 -1.1641532183E-10 -7.2759576142E-11
HessDelSqRho_EigVals = -9.1838867954E+04  1.6711010285E+05  2.4136762834E+07
HessDelSqRho_EigVec1 = -2.3883855780E-02 -1.3287454783E-02  9.9962643271E-01
HessDelSqRho_EigVec2 =  6.9642041227E-01  7.1715662654E-01  2.6172168002E-02
HessDelSqRho_EigVec3 =  7.1723648179E-01 -6.9678534467E-01  7.8748107019E-03
</CP of DelSqRho>
<CP of DelSqRho>
CP# = 24      
Type = (3,+3)
Coords = -8.62064003014229E-02  7.84138348123484E-02  8.33695303494299E-02
DistFromNuc =  1.4328555940E-01
Rho =  1.4011825860E+02
DelSqRho = -1.0637025118E+04
GradDelSqRho = -1.1641532183E-10  1.1641532183E-10 -1.1641532183E-10
HessDelSqRho_EigVals =  1.0753284952E+05  1.2505249751E+05  2.4080310693E+07
HessDelSqRho_EigVec1 =  3.6849883754E-01  8.3639354969E-01 -4.0577633835E-01
HessDelSqRho_EigVec2 =  7.0871494362E-01  2.9720915236E-02  7.0486863732E-01
HessDelSqRho_EigVec3 =  6.0160762579E-01 -5.4732302823E-01 -5.8181248470E-01
</CP of DelSqRho>
<CP of DelSqRho>
CP# = 25      
Type = (3,-1)
Coords = -4.16406422946791E-03  1.82155748596737E-01  1.80520633133541E-01
DistFromNuc =  2.5648733919E-01
Rho =  3.4211696177E+01
DelSqRho =  3.0836070727E+03
GradDelSqRho = -1.8189894035E-11 -3.6379788071E-12 -7.2759576142E-12
HessDelSqRho_EigVals = -1.3213523526E+06 -2.3869331004E+04  4.3139480843E+04
HessDelSqRho_EigVec1 = -1.6220558976E-02  7.1019586859E-01  7.0381725022E-01
HessDelSqRho_EigVec2 =  9.9946003394E-01  3.1633496424E-02 -8.8860823497E-03
HessDelSqRho_EigVec3 =  2.8575059441E-02 -7.0329307557E-01  7.1032549992E-01
</CP of DelSqRho>
<CP of DelSqRho>
CP# = 26      
Type = (3,-1)
Coords =  4.16406422946815E-03 -1.82155748596737E-01 -1.80520633133541E-01
DistFromNuc =  2.5648733919E-01
Rho =  3.4211696177E+01
DelSqRho =  3.0836070727E+03
GradDelSqRho =  6.3664629124E-12 -2.1827872843E-11 -9.0949470177E-12
HessDelSqRho_EigVals = -1.3213523526E+06 -2.3869331004E+04  4.3139480843E+04
HessDelSqRho_EigVec1 = -1.6220558976E-02  7.1019586859E-01  7.0381725022E-01
HessDelSqRho_EigVec2 =  9.9946003394E-01  3.1633496424E-02 -8.8860823497E-03
HessDelSqRho_EigVec3 =  2.8575059441E-02 -7.0329307557E-01  7.1032549992E-01
</CP of DelSqRho>
<CP of DelSqRho>
CP# = 27      
Type = (3,-1)
Coords =  1.80120180479404E-01  3.16221407189863E-03  1.82571064345152E-01
DistFromNuc =  2.5648678826E-01
Rho =  3.4211328301E+01
DelSqRho =  3.0837082036E+03
GradDelSqRho =  1.4551915228E-11 -9.0949470177E-13 -3.8653524825E-12
HessDelSqRho_EigVals = -1.3213673889E+06 -2.3884890260E+04  4.3137187598E+04
HessDelSqRho_EigVec1 =  7.0225944141E-01  1.2340852698E-02  7.1181414730E-01
HessDelSqRho_EigVec2 =  2.6637176863E-03  9.9979719840E-01 -1.9961630295E-02
HessDelSqRho_EigVec3 =  7.1191613379E-01 -1.5914315274E-02 -7.0208414953E-01
</CP of DelSqRho>
<CP of DelSqRho>
CP# = 28      
Type = (3,-1)
Coords = -1.80120180479404E-01 -3.16221407189861E-03 -1.82571064345152E-01
DistFromNuc =  2.5648678826E-01
Rho =  3.4211328301E+01
DelSqRho =  3.0837082036E+03
GradDelSqRho =  1.5461409930E-11  1.8189894035E-12  1.3415046851E-11
HessDelSqRho_EigVals = -1.3213673889E+06 -2.3884890260E+04  4.3137187598E+04
HessDelSqRho_EigVec1 =  7.0225944141E-01  1.2340852698E-02  7.1181414730E-01
HessDelSqRho_EigVec2 =  2.6637176863E-03  9.9979719840E-01 -1.9961630295E-02
HessDelSqRho_EigVec3 =  7.1191613379E-01 -1.5914315274E-02 -7.0208414953E-01
</CP of DelSqRho>
<CP of DelSqRho>
CP# = 29      
Type = (3,-1)
Coords = -1.83968355331051E-01  1.78717986511885E-01 -2.01516441145767E-03
DistFromNuc =  2.5649275887E-01
Rho =  3.4214223377E+01
DelSqRho =  3.0825372321E+03
GradDelSqRho = -3.6379788071E-12 -7.2759576142E-12  7.9580786405E-13
HessDelSqRho_EigVals = -1.3211819361E+06 -2.3697242895E+04  4.3204754501E+04
HessDelSqRho_EigVec1 =  7.1724506825E-01 -6.9677668885E-01  7.8586222472E-03
HessDelSqRho_EigVec2 = -2.3505368046E-02 -1.2921377412E-02  9.9964020311E-01
HessDelSqRho_EigVec3 =  6.9642444655E-01  7.1717172551E-01  2.5645786741E-02
</CP of DelSqRho>
<CP of DelSqRho>
CP# = 30      
Type = (3,-1)
Coords =  1.83968355331051E-01 -1.78717986511885E-01  2.01516441145780E-03
DistFromNuc =  2.5649275887E-01
Rho =  3.4214223377E+01
DelSqRho =  3.0825372321E+03
GradDelSqRho =  1.0913936421E-11  2.9103830457E-11 -8.5265128291E-13
HessDelSqRho_EigVals = -1.3211819361E+06 -2.3697242895E+04  4.3204754501E+04
HessDelSqRho_EigVec1 =  7.1724506825E-01 -6.9677668885E-01  7.8586222472E-03
HessDelSqRho_EigVec2 = -2.3505368046E-02 -1.2921377412E-02  9.9964020311E-01
HessDelSqRho_EigVec3 =  6.9642444655E-01  7.1717172551E-01  2.5645786741E-02
</CP of DelSqRho>
<CP of DelSqRho>
CP# = 31      
Type = (3,+1)
Coords =  1.47979041815742E-01  1.54002805457496E-01  1.42827914026429E-01
DistFromNuc =  2.5693281988E-01
Rho =  3.4448721308E+01
DelSqRho =  2.9471851978E+03
GradDelSqRho =  2.0918378141E-11  1.4324541553E-11  5.9685589804E-12
HessDelSqRho_EigVals = -1.3062445863E+06  2.7986675464E+04  3.2164367010E+04
HessDelSqRho_EigVec1 =  5.7588267734E-01  5.9932745082E-01  5.5602675172E-01
HessDelSqRho_EigVec2 = -3.9343987190E-01 -3.9301460284E-01  8.3111045545E-01
HessDelSqRho_EigVec3 =  7.1663394361E-01 -6.9738520822E-01  9.4690137578E-03
</CP of DelSqRho>
<CP of DelSqRho>
CP# = 32      
Type = (3,+1)
Coords = -1.54494270058735E-01  1.40798119853600E-01  1.49407362455564E-01
DistFromNuc =  2.5693413551E-01
Rho =  3.4448377954E+01
DelSqRho =  2.9478447195E+03
GradDelSqRho =  5.4569682106E-12  9.0949470177E-12  1.0913936421E-11
HessDelSqRho_EigVals = -1.3062234371E+06  2.7743282971E+04  3.2074922216E+04
HessDelSqRho_EigVec1 =  6.0123264453E-01 -5.4813043836E-01 -5.8143987625E-01
HessDelSqRho_EigVec2 =  3.6903221062E-01  8.3586320009E-01 -4.0638397884E-01
HessDelSqRho_EigVec3 = -7.0875562409E-01 -2.9761271418E-02 -7.0482602963E-01
</CP of DelSqRho>
<CP of DelSqRho>
CP# = 33      
Type = (3,+1)
Coords =  1.43512674380330E-01 -1.48678004986373E-01  1.52688962672337E-01
DistFromNuc =  2.5693375838E-01
Rho =  3.4448439398E+01
DelSqRho =  2.9477931688E+03
GradDelSqRho = -1.6370904632E-11 -1.2732925825E-11  3.6379788071E-12
HessDelSqRho_EigVals = -1.3062332229E+06  2.7772892229E+04  3.2078680108E+04
HessDelSqRho_EigVec1 =  5.5869315593E-01 -5.7859348716E-01  5.9421505715E-01
HessDelSqRho_EigVec2 = -8.2936989892E-01 -3.8738672141E-01  4.0258800137E-01
HessDelSqRho_EigVec3 =  2.7437727975E-03  7.1774724290E-01  6.9629833191E-01
</CP of DelSqRho>
<CP of DelSqRho>
CP# = 34      
Type = (3,+1)
Coords = -1.47057057370154E-01 -1.49617875706495E-01  1.48352050585533E-01
DistFromNuc =  2.5694282976E-01
Rho =  3.4447119273E+01
DelSqRho =  2.9617025627E+03
GradDelSqRho = -3.6379788071E-12 -8.2422957348E-12  3.0695446185E-12
HessDelSqRho_EigVals = -1.3063512470E+06  2.6478179908E+04  2.6717560357E+04
HessDelSqRho_EigVec1 =  5.7233580909E-01  5.8230548335E-01 -5.7736647434E-01
HessDelSqRho_EigVec2 =  6.9049426725E-01 -7.2201574288E-01 -4.3714230304E-02
HessDelSqRho_EigVec3 = -4.4232271989E-01 -3.7364902127E-01 -8.1531406242E-01
</CP of DelSqRho>
<CP of DelSqRho>
CP# = 35      
Type = (3,+1)
Coords =  1.47057057370154E-01  1.49617875706494E-01 -1.48352050585533E-01
DistFromNuc =  2.5694282976E-01
Rho =  3.4447119273E+01
DelSqRho =  2.9617025627E+03
GradDelSqRho = -1.0686562746E-11 -1.4779288904E-12 -2.7284841053E-12
HessDelSqRho_EigVals = -1.3063512470E+06  2.6478179908E+04  2.6717560357E+04
HessDelSqRho_EigVec1 =  5.7233580909E-01  5.8230548335E-01 -5.7736647434E-01
HessDelSqRho_EigVec2 =  6.9049426725E-01 -7.2201574288E-01 -4.3714230305E-02
HessDelSqRho_EigVec3 = -4.4232271990E-01 -3.7364902126E-01 -8.1531406242E-01
</CP of DelSqRho>
<CP of DelSqRho>
CP# = 36      
Type = (3,+1)
Coords = -1.43512674380330E-01  1.48678004986373E-01 -1.52688962672337E-01
DistFromNuc =  2.5693375838E-01
Rho =  3.4448439398E+01
DelSqRho =  2.9477931688E+03
GradDelSqRho =  1.0913936421E-11 -1.2732925825E-11  7.2759576142E-12
HessDelSqRho_EigVals = -1.3062332229E+06  2.7772892229E+04  3.2078680108E+04
HessDelSqRho_EigVec1 =  5.5869315593E-01 -5.7859348716E-01  5.9421505715E-01
HessDelSqRho_EigVec2 = -8.2936989892E-01 -3.8738672141E-01  4.0258800137E-01
HessDelSqRho_EigVec3 =  2.7437727975E-03  7.1774724290E-01  6.9629833191E-01
</CP of DelSqRho>
<CP of DelSqRho>
CP# = 37      
Type = (3,+1)
Coords =  1.54494270058735E-01 -1.40798119853600E-01 -1.49407362455564E-01
DistFromNuc =  2.5693413551E-01
Rho =  3.4448377954E+01
DelSqRho =  2.9478447195E+03
GradDelSqRho = -7.2759576142E-12 -7.2759576142E-12  5.4569682106E-12
HessDelSqRho_EigVals = -1.3062234371E+06  2.7743282971E+04  3.2074922216E+04
HessDelSqRho_EigVec1 =  6.0123264453E-01 -5.4813043836E-01 -5.8143987625E-01
HessDelSqRho_EigVec2 =  3.6903221062E-01  8.3586320009E-01 -4.0638397884E-01
HessDelSqRho_EigVec3 = -7.0875562409E-01 -2.9761271418E-02 -7.0482602963E-01
</CP of DelSqRho>
<CP of DelSqRho>
CP# = 38      
Type = (3,+1)
Coords = -1.47979041815742E-01 -1.54002805457496E-01 -1.42827914026429E-01
DistFromNuc =  2.5693281988E-01
Rho =  3.4448721308E+01
DelSqRho =  2.9471851978E+03
GradDelSqRho =  5.9117155615E-12  1.2278178474E-11  2.5323743102E-11
HessDelSqRho_EigVals = -1.3062445863E+06  2.7986675464E+04  3.2164367010E+04
HessDelSqRho_EigVec1 =  5.7588267734E-01  5.9932745082E-01  5.5602675172E-01
HessDelSqRho_EigVec2 = -3.9343987190E-01 -3.9301460284E-01  8.3111045545E-01
HessDelSqRho_EigVec3 =  7.1663394361E-01 -6.9738520822E-01  9.4690137578E-03
</CP of DelSqRho>
<CP of DelSqRho>
CP# = 39      
Type = (3,+1)
Coords =  3.90491666086170E-01  4.01764148051279E-01 -2.01660624841922E-02
DistFromNuc =  5.6062897001E-01
Rho =  5.2200071350E+00
DelSqRho = -5.9414632292E+01
GradDelSqRho =  3.5527136788E-14 -7.8159700934E-14  1.3855583347E-13
HessDelSqRho_EigVals = -7.1708745831E+02  1.5530309382E+03  1.0315559837E+04
HessDelSqRho_EigVec1 =  1.9150491666E-02  3.1368611756E-02  9.9932440622E-01
HessDelSqRho_EigVec2 =  7.1727223649E-01 -6.9674566233E-01  8.1253176014E-03
HessDelSqRho_EigVec3 =  6.9652982523E-01  7.1663204800E-01 -3.5842856310E-02
</CP of DelSqRho>
<CP of DelSqRho>
CP# = 40      
Type = (3,+1)
Coords = -3.90491666086170E-01 -4.01764148051279E-01  2.01660624841922E-02
DistFromNuc =  5.6062897001E-01
Rho =  5.2200071350E+00
DelSqRho = -5.9414632292E+01
GradDelSqRho =  9.9475983006E-14  4.5119463721E-13 -1.4566126083E-13
HessDelSqRho_EigVals = -7.1708745831E+02  1.5530309382E+03  1.0315559837E+04
HessDelSqRho_EigVec1 =  1.9150491666E-02  3.1368611756E-02  9.9932440622E-01
HessDelSqRho_EigVec2 =  7.1727223649E-01 -6.9674566233E-01  8.1253176014E-03
HessDelSqRho_EigVec3 =  6.9652982523E-01  7.1663204800E-01 -3.5842856310E-02
</CP of DelSqRho>
<CP of DelSqRho>
CP# = 41      
Type = (3,+1)
Coords = -2.30850302886724E-03  1.01725553007959E-01  1.00814515989274E-01
DistFromNuc =  1.4323750890E-01
Rho =  1.3997480128E+02
DelSqRho = -1.0472468537E+04
GradDelSqRho = -8.7311491370E-11 -1.8917489797E-10 -2.9103830457E-10
HessDelSqRho_EigVals = -9.2499280606E+04  1.6682405514E+05  2.4137695096E+07
HessDelSqRho_EigVec1 =  9.9944752702E-01  3.1904123937E-02 -9.3149127825E-03
HessDelSqRho_EigVec2 =  2.9070334156E-02 -7.0328828117E-01  7.1031015003E-01
HessDelSqRho_EigVec3 = -1.6110754060E-02  7.1018851049E-01  7.0382719695E-01
</CP of DelSqRho>
<CP of DelSqRho>
CP# = 42      
Type = (3,+1)
Coords = -1.01869632823642E-01 -4.79598640865697E-03  1.00610148707979E-01
DistFromNuc =  1.4325789891E-01
Rho =  1.4001160755E+02
DelSqRho = -1.0502793681E+04
GradDelSqRho = -8.7311491370E-11  1.7462298274E-10 -2.9103830457E-11
HessDelSqRho_EigVals = -7.7460602416E+04  1.7208322534E+05  2.4117043948E+07
HessDelSqRho_EigVec1 = -3.4023669185E-02  9.9933598662E-01  1.3037476033E-02
HessDelSqRho_EigVec2 =  7.0227134652E-01  1.4624015596E-02  7.1175915451E-01
HessDelSqRho_EigVec3 =  7.1109587665E-01  3.3372503861E-02 -7.0230259162E-01
</CP of DelSqRho>
<CP of DelSqRho>
CP# = 43      
Type = (3,+1)
Coords =  1.02735927640411E-01 -9.98063319112153E-02  1.12786020223432E-03
DistFromNuc =  1.4323842636E-01
Rho =  1.3997637268E+02
DelSqRho = -1.0473843957E+04
GradDelSqRho = -1.1641532183E-10  1.1641532183E-10 -4.3655745685E-11
HessDelSqRho_EigVals = -9.1838867954E+04  1.6711010285E+05  2.4136762834E+07
HessDelSqRho_EigVec1 = -2.3883855780E-02 -1.3287454783E-02  9.9962643271E-01
HessDelSqRho_EigVec2 =  6.9642041227E-01  7.1715662654E-01  2.6172168002E-02
HessDelSqRho_EigVec3 =  7.1723648179E-01 -6.9678534467E-01  7.8748107019E-03
</CP of DelSqRho>
<CP of DelSqRho>
CP# = 44      
Type = (3,+3)
Coords =  8.20080425838297E-02  8.34364093105461E-02 -8.27451360697603E-02
DistFromNuc =  1.4329588616E-01
Rho =  1.4011921692E+02
DelSqRho = -1.0622658156E+04
GradDelSqRho =  1.3096723706E-10 -5.8207660913E-11 -1.6007106751E-10
HessDelSqRho_EigVals =  1.0327277516E+05  1.0426100397E+05  2.4072681514E+07
HessDelSqRho_EigVec1 =  6.9117132316E-01 -7.2144267185E-01 -4.2457900026E-02
HessDelSqRho_EigVec2 =  4.4131165497E-01  3.7481124322E-01  8.1532849524E-01
HessDelSqRho_EigVec3 = -5.7229906975E-01 -5.8226884099E-01  5.7743984239E-01
</CP of DelSqRho>
<CP of DelSqRho>
CP# = 45      
Type = (3,-1)
Coords =  6.06264735783507E-01  5.58740858718723E-03  7.61942103516510E-03
DistFromNuc =  6.0633835815E-01
Rho =  3.8198356010E+00
DelSqRho = -5.3013247583E+00
GradDelSqRho =  7.1054273576E-14  5.6843418861E-14 -8.5265128291E-14
HessDelSqRho_EigVals = -1.0197141426E+03 -9.6212282965E+02  5.1359082700E+03
HessDelSqRho_EigVec1 = -1.5441998452E-02  7.1070018195E-01  7.0332552639E-01
HessDelSqRho_EigVec2 = -3.0728456213E-03 -7.0343980690E-01  7.1074819429E-01
HessDelSqRho_EigVec3 =  9.9987604347E-01  8.8141617519E-03  1.3046388351E-02
</CP of DelSqRho>
<CP of DelSqRho>
CP# = 46      
Type = (3,-1)
Coords = -6.06264735783507E-01 -5.58740858718723E-03 -7.61942103516506E-03
DistFromNuc =  6.0633835815E-01
Rho =  3.8198356010E+00
DelSqRho = -5.3013247583E+00
GradDelSqRho = -5.6843418861E-14 -1.1368683772E-13  1.4210854715E-14
HessDelSqRho_EigVals = -1.0197141426E+03 -9.6212282965E+02  5.1359082700E+03
HessDelSqRho_EigVec1 = -1.5441998452E-02  7.1070018195E-01  7.0332552639E-01
HessDelSqRho_EigVec2 = -3.0728456213E-03 -7.0343980690E-01  7.1074819429E-01
HessDelSqRho_EigVec3 =  9.9987604347E-01  8.8141617519E-03  1.3046388351E-02
</CP of DelSqRho>
<CP of DelSqRho>
CP# = 47      
Type = (3,-1)
Coords = -1.20443320238391E-02  6.06204575034349E-01  6.78393120761001E-04
DistFromNuc =  6.0632459372E-01
Rho =  3.8202391805E+00
DelSqRho = -5.3098508933E+00
GradDelSqRho =  2.8421709430E-14  1.4210854715E-14  0.0000000000E+00
HessDelSqRho_EigVals = -1.0200342145E+03 -9.6177485665E+02  5.1370714277E+03
HessDelSqRho_EigVec1 =  7.0318399623E-01  1.3160714652E-02  7.1088611116E-01
HessDelSqRho_EigVec2 =  7.1071833521E-01  1.5522557527E-02 -7.0330540891E-01
HessDelSqRho_EigVec3 = -2.0290772355E-02  9.9979290145E-01  1.5616528263E-03
</CP of DelSqRho>
<CP of DelSqRho>
CP# = 48      
Type = (3,-1)
Coords =  1.20443320238392E-02 -6.06204575034349E-01 -6.78393120761028E-04
DistFromNuc =  6.0632459372E-01
Rho =  3.8202391805E+00
DelSqRho = -5.3098508933E+00
GradDelSqRho = -2.8421709430E-14  4.5474735089E-13 -1.7763568394E-14
HessDelSqRho_EigVals = -1.0200342145E+03 -9.6177485665E+02  5.1370714277E+03
HessDelSqRho_EigVec1 =  7.0318399623E-01  1.3160714652E-02  7.1088611116E-01
HessDelSqRho_EigVec2 =  7.1071833521E-01  1.5522557527E-02 -7.0330540891E-01
HessDelSqRho_EigVec3 = -2.0290772355E-02  9.9979290145E-01  1.5616528263E-03
</CP of DelSqRho>
<CP of DelSqRho>
CP# = 49      
Type = (3,-1)
Coords = -5.87780198011095E-04  6.33856043984040E-03  6.06311496047994E-01
DistFromNuc =  6.0634491263E-01
Rho =  3.8195391342E+00
DelSqRho = -5.2969667949E+00
GradDelSqRho = -1.4210854715E-14 -4.4408920985E-15  4.5474735089E-13
HessDelSqRho_EigVals = -1.0169095468E+03 -9.6485557026E+02  5.1354034316E+03
HessDelSqRho_EigVec1 =  7.1787733903E-01 -6.9612382375E-01  7.9842417736E-03
HessDelSqRho_EigVec2 =  6.9616941357E-01  7.1783854130E-01 -7.4817271042E-03
HessDelSqRho_EigVec3 = -5.2318798804E-04  1.0929347258E-02  9.9994013603E-01
</CP of DelSqRho>
<CP of DelSqRho>
CP# = 50      
Type = (3,-1)
Coords =  5.87780198011081E-04 -6.33856043984039E-03 -6.06311496047994E-01
DistFromNuc =  6.0634491263E-01
Rho =  3.8195391342E+00
DelSqRho = -5.2969667949E+00
GradDelSqRho =  1.4210854715E-14 -1.7763568394E-14 -2.5579538487E-13
HessDelSqRho_EigVals = -1.0169095468E+03 -9.6485557026E+02  5.1354034316E+03
HessDelSqRho_EigVec1 =  7.1787733903E-01 -6.9612382375E-01  7.9842417736E-03
HessDelSqRho_EigVec2 =  6.9616941357E-01  7.1783854130E-01 -7.4817271042E-03
HessDelSqRho_EigVec3 = -5.2318798804E-04  1.0929347258E-02  9.9994013603E-01
</CP of DelSqRho>
<CP of DelSqRho>
CP# = 51      
Type = (3,+1)
Coords = -9.36864970366968E-03  3.99208985446542E-01  3.95602305263406E-01
DistFromNuc =  5.6210031986E-01
Rho =  5.1437183589E+00
DelSqRho = -5.7012727707E+01
GradDelSqRho =  9.9475983006E-14 -1.2789769244E-13  1.3677947663E-13
HessDelSqRho_EigVals = -8.2551036323E+02  1.5079176726E+03  1.0139502047E+04
HessDelSqRho_EigVec1 =  9.9952049137E-01  3.0204849489E-02 -6.8157464220E-03
HessDelSqRho_EigVec2 =  2.6098647435E-02 -7.0334523065E-01  7.1036916257E-01
HessDelSqRho_EigVec3 = -1.6662770897E-02  7.1020641619E-01  7.0379627626E-01
</CP of DelSqRho>
<CP of DelSqRho>
CP# = 52      
Type = (3,+1)
Coords = -1.70918686312481E-02 -3.94547245695935E-01  3.97818576691192E-01
DistFromNuc =  5.6055265678E-01
Rho =  5.2235089734E+00
DelSqRho = -5.9538755898E+01
GradDelSqRho = -1.1368683772E-13 -6.0396132540E-13  6.6080474426E-13
HessDelSqRho_EigVals = -7.1189425510E+02  1.5563636817E+03  1.0325337733E+04
HessDelSqRho_EigVec1 =  9.9944219958E-01 -1.1522761361E-02  3.1345105830E-02
HessDelSqRho_EigVec2 = -1.3885287134E-02  7.1023832964E-01  7.0382434876E-01
HessDelSqRho_EigVec3 = -3.0372495618E-02 -7.0386699104E-01  7.0968216156E-01
</CP of DelSqRho>
<CP of DelSqRho>
CP# = 53      
Type = (3,+1)
Coords =  1.70918686312484E-02  3.94547245695935E-01 -3.97818576691192E-01
DistFromNuc =  5.6055265678E-01
Rho =  5.2235089734E+00
DelSqRho = -5.9538755898E+01
GradDelSqRho = -3.6948222260E-13 -1.0444978216E-12  9.9475983006E-13
HessDelSqRho_EigVals = -7.1189425510E+02  1.5563636817E+03  1.0325337733E+04
HessDelSqRho_EigVec1 =  9.9944219958E-01 -1.1522761361E-02  3.1345105830E-02
HessDelSqRho_EigVec2 = -1.3885287134E-02  7.1023832964E-01  7.0382434876E-01
HessDelSqRho_EigVec3 = -3.0372495618E-02 -7.0386699104E-01  7.0968216156E-01
</CP of DelSqRho>
<CP of DelSqRho>
CP# = 54      
Type = (3,+1)
Coords =  9.36864970366973E-03 -3.99208985446542E-01 -3.95602305263406E-01
DistFromNuc =  5.6210031986E-01
Rho =  5.1437183589E+00
DelSqRho = -5.7012727707E+01
GradDelSqRho =  2.8421709430E-14  8.5265128291E-14 -9.6811447747E-14
HessDelSqRho_EigVals = -8.2551036323E+02  1.5079176726E+03  1.0139502047E+04
HessDelSqRho_EigVec1 =  9.9952049137E-01  3.0204849489E-02 -6.8157464220E-03
HessDelSqRho_EigVec2 =  2.6098647435E-02 -7.0334523065E-01  7.1036916257E-01
HessDelSqRho_EigVec3 = -1.6662770897E-02  7.1020641619E-01  7.0379627626E-01
</CP of DelSqRho>
<CP of DelSqRho>
CP# = 55      
Type = (3,+1)
Coords =  3.94736661858041E-01  6.75196761891669E-03  4.00126646003258E-01
DistFromNuc =  5.6210671062E-01
Rho =  5.1433305941E+00
DelSqRho = -5.7003135268E+01
GradDelSqRho = -1.4210854715E-13 -1.4210854715E-13 -2.8421709430E-13
HessDelSqRho_EigVals = -8.2599710822E+02  1.5078774584E+03  1.0138836801E+04
HessDelSqRho_EigVec1 =  1.1393356365E-03  9.9983704963E-01 -1.8015995642E-02
HessDelSqRho_EigVec2 =  7.1192394462E-01 -1.3462840367E-02 -7.0212751620E-01
HessDelSqRho_EigVec3 =  7.0225565073E-01  1.2026059783E-02  7.1182327505E-01
</CP of DelSqRho>
<CP of DelSqRho>
CP# = 56      
Type = (3,+1)
Coords = -3.98422138185560E-01 -2.40093329457823E-02  3.93564288104525E-01
DistFromNuc =  5.6054392971E-01
Rho =  5.2239013949E+00
DelSqRho = -5.9555342988E+01
GradDelSqRho = -4.2632564146E-13 -2.8421709430E-14  4.6895820560E-13
HessDelSqRho_EigVals = -7.1116943671E+02  1.5569647782E+03  1.0326375522E+04
HessDelSqRho_EigVec1 = -4.0581015713E-02  9.9898214807E-01  1.9693882277E-02
HessDelSqRho_EigVec2 =  7.0224609058E-01  1.4494769362E-02  7.1178671660E-01
HessDelSqRho_EigVec3 =  7.1077676483E-01  4.2714979768E-02 -7.0211952051E-01
</CP of DelSqRho>
<CP of DelSqRho>
CP# = 57      
Type = (3,+1)
Coords =  3.98422138185559E-01  2.40093329457825E-02 -3.93564288104525E-01
DistFromNuc =  5.6054392971E-01
Rho =  5.2239013949E+00
DelSqRho = -5.9555342988E+01
GradDelSqRho =  0.0000000000E+00 -8.5265128291E-14  1.8474111130E-13
HessDelSqRho_EigVals = -7.1116943671E+02  1.5569647782E+03  1.0326375522E+04
HessDelSqRho_EigVec1 = -4.0581015713E-02  9.9898214807E-01  1.9693882277E-02
HessDelSqRho_EigVec2 =  7.0224609058E-01  1.4494769362E-02  7.1178671660E-01
HessDelSqRho_EigVec3 =  7.1077676483E-01  4.2714979768E-02 -7.0211952051E-01
</CP of DelSqRho>
<CP of DelSqRho>
CP# = 58      
Type = (3,+1)
Coords = -3.94736661858041E-01 -6.75196761891660E-03 -4.00126646003258E-01
DistFromNuc =  5.6210671062E-01
Rho =  5.1433305941E+00
DelSqRho = -5.7003135268E+01
GradDelSqRho =  0.0000000000E+00  1.4210854715E-13  6.0396132540E-14
HessDelSqRho_EigVals = -8.2599710822E+02  1.5078774584E+03  1.0138836801E+04
HessDelSqRho_EigVec1 =  1.1393356365E-03  9.9983704963E-01 -1.8015995642E-02
HessDelSqRho_EigVec2 =  7.1192394462E-01 -1.3462840367E-02 -7.0212751620E-01
HessDelSqRho_EigVec3 =  7.0225565073E-01  1.2026059783E-02  7.1182327505E-01
</CP of DelSqRho>
<CP of DelSqRho>
CP# = 59      
Type = (3,+1)
Coords = -4.03113426252398E-01  3.91605876808834E-01 -4.39766770797370E-03
DistFromNuc =  5.6202752304E-01
Rho =  5.1473393498E+00
DelSqRho = -5.7132962611E+01
GradDelSqRho = -1.5916157281E-12  1.5347723092E-12 -3.5527136788E-15
HessDelSqRho_EigVals = -8.2046582878E+02  1.5106557829E+03  1.0148452179E+04
HessDelSqRho_EigVec1 = -2.1680515150E-02 -1.1079388517E-02  9.9970355727E-01
HessDelSqRho_EigVec2 =  6.9649019509E-01  7.1719589965E-01  2.3053192192E-02
HessDelSqRho_EigVec3 =  7.1723870741E-01 -6.9678353072E-01  7.8324910981E-03
</CP of DelSqRho>
<CP of DelSqRho>
CP# = 60      
Type = (3,+1)
Coords =  4.03113426252398E-01 -3.91605876808834E-01  4.39766770797375E-03
DistFromNuc =  5.6202752304E-01
Rho =  5.1473393498E+00
DelSqRho = -5.7132962611E+01
GradDelSqRho =  6.2527760747E-13 -5.1159076975E-13 -1.7763568394E-14
HessDelSqRho_EigVals = -8.2046582878E+02  1.5106557829E+03  1.0148452179E+04
HessDelSqRho_EigVec1 = -2.1680515150E-02 -1.1079388517E-02  9.9970355727E-01
