 AIMInt (Version 14.11.23, Professional)
 Portions Copyright (c) 1997-2014 by Todd A. Keith
 AIMInt is a component of the AIMAll package ( http://aim.tkgristmill.com )

 AIMInt is a heavily modified and extended version of the PROAIMV program
 developed by members of R.F.W. Bader's research group

 Much of the Quantum Theory of Atoms in Molecules (QTAIM) is described in the book:
   "Atoms in Molecules - A Quantum Theory"
   R.F.W. Bader, Oxford University Press, Oxford, 1990

 For additional references see:  http://aim.tkgristmill.com/references.html

 Inp File:  E:\Proyecto spin\estructuras hexahidratadas\estructuras hexahidratadas solas\nuevas\V24_alpha_atomicfiles\v1.inp
 Wfx File:  E:\Proyecto spin\estructuras hexahidratadas\estructuras hexahidratadas solas\nuevas\V24_alpha.wfx
 Out File:  E:\Proyecto spin\estructuras hexahidratadas\estructuras hexahidratadas solas\nuevas\V24_alpha_atomicfiles\v1.int

 Wfx Title:   V[H2O]6 (2+)                                                                  
 Job Title:   V[H2O]6 (2+)                                                                  
 
<Atom>
V1      
</Atom>
<Nuclei of Molecule>
    19
V1        23.0           0.0000000000E+00   0.0000000000E+00   0.0000000000E+00
O2         8.0          -4.0636198098E+00   1.8278378055E-02   2.8273973286E-02
O3         8.0           2.0121753445E-02   4.0546743400E+00  -2.9832919117E-01
H4         1.0          -5.1390912037E+00   1.4844546521E+00  -7.8156692312E-02
H5         1.0           4.2592685087E-02   5.2715718415E+00   1.0560905487E+00
H6         1.0           6.7987069189E-03   4.9890223568E+00  -1.8621237896E+00
O7         8.0           4.0636198098E+00  -1.8278378055E-02  -2.8273973286E-02
O8         8.0          -2.0121753445E-02  -4.0546743400E+00   2.9832919117E-01
O9         8.0          -3.8956586178E-02  -2.1513957999E-01  -4.0556338484E+00
O10        8.0           3.8956586178E-02   2.1513957999E-01   4.0556338484E+00
H11        1.0          -5.1489954877E+00  -1.4368876880E+00   1.7543556757E-01
H12        1.0           5.1390912037E+00  -1.4844546521E+00   7.8156692312E-02
H13        1.0           5.1489954877E+00   1.4368876880E+00  -1.7543556757E-01
H14        1.0          -4.2592685087E-02  -5.2715718415E+00  -1.0560905487E+00
H15        1.0          -6.7987069189E-03  -4.9890223568E+00   1.8621237896E+00
H16        1.0           1.4119588252E+00  -3.6660627601E-01  -5.1461143241E+00
H17        1.0          -1.5196905421E+00  -3.4806421001E-01  -5.1080785258E+00
H18        1.0          -1.4119588252E+00   3.6660627601E-01   5.1461143241E+00
H19        1.0           1.5196905421E+00   3.4806421001E-01   5.1080785258E+00
</Nuclei of Molecule>
<Total Number of CPs of DelSqRho>
   105
</Total Number of CPs of DelSqRho>
<Number of (3,+3) CPs of DelSqRho>
    17
</Number of (3,+3) CPs of DelSqRho>
<Number of (3,+1) CPs of DelSqRho>
    40
</Number of (3,+1) CPs of DelSqRho>
<Number of (3,-1) CPs of DelSqRho>
    36
</Number of (3,-1) CPs of DelSqRho>
<Number of (3,-3) CPs of DelSqRho>
    12
</Number of (3,-3) CPs of DelSqRho>
<Number of Degenerate CPs of DelSqRho>
     0
</Number of Degenerate CPs of DelSqRho>
<CP of DelSqRho>
CP# = 1       
Type = (3,+3)
Coords = -3.00683291251722E-28  3.28603825809329E-28  8.36509707663004E-28
DistFromNuc =  9.4770217209E-28
Rho =  3.9875991261E+03
DelSqRho = -4.9752805199E+08
GradDelSqRho = -2.4187027185E-14  1.0364045156E-13  3.4480871521E-14
HessDelSqRho_EigVals =  2.8433765194E+14  2.8433765206E+14  2.8433765219E+14
HessDelSqRho_EigVec1 = -5.8824217506E-03 -6.6522693581E-01  7.4661805563E-01
HessDelSqRho_EigVec2 =  9.9471693873E-01  7.2628772331E-02  7.2548419928E-02
HessDelSqRho_EigVec3 = -1.0248711587E-01  7.4310038710E-01  6.6128526808E-01
</CP of DelSqRho>
<CP of DelSqRho>
CP# = 2       
Type = (3,-1)
Coords =  1.80937302866683E-01 -8.57156468987976E-04 -1.43536116852120E-03
DistFromNuc =  1.8094502631E-01
Rho =  3.4153664025E+01
DelSqRho = -1.5755452648E+03
GradDelSqRho =  6.5483618528E-11 -1.8189894035E-12 -2.7284841053E-12
HessDelSqRho_EigVals = -2.1664052294E+04 -2.1547332842E+04  2.1946992544E+06
HessDelSqRho_EigVec1 =  3.1063504108E-03 -6.3625727679E-01  7.7147069181E-01
HessDelSqRho_EigVec2 =  8.6996302395E-03  7.7146241360E-01  6.3621542015E-01
HessDelSqRho_EigVec3 =  9.9995733260E-01 -4.7352017276E-03 -7.9316356307E-03
</CP of DelSqRho>
<CP of DelSqRho>
CP# = 3       
Type = (3,-1)
Coords = -1.80937302866683E-01  8.57156468988167E-04  1.43536116852144E-03
DistFromNuc =  1.8094502631E-01
Rho =  3.4153664025E+01
DelSqRho = -1.5755452648E+03
GradDelSqRho = -2.9103830457E-11  2.7284841053E-12  9.0949470177E-13
HessDelSqRho_EigVals = -2.1664052294E+04 -2.1547332842E+04  2.1946992544E+06
HessDelSqRho_EigVec1 =  3.1063504107E-03 -6.3625727679E-01  7.7147069180E-01
HessDelSqRho_EigVec2 =  8.6996302395E-03  7.7146241360E-01  6.3621542015E-01
HessDelSqRho_EigVec3 =  9.9995733260E-01 -4.7352017276E-03 -7.9316356307E-03
</CP of DelSqRho>
<CP of DelSqRho>
CP# = 4       
Type = (3,-1)
Coords =  8.03847077166635E-04  1.80568351520486E-01 -1.16471774339828E-02
DistFromNuc =  1.8094538536E-01
Rho =  3.4153441811E+01
DelSqRho = -1.5755254434E+03
GradDelSqRho = -5.4569682106E-12  0.0000000000E+00 -1.5461409930E-11
HessDelSqRho_EigVals = -2.1608015689E+04 -2.1602071571E+04  2.1946725311E+06
HessDelSqRho_EigVec1 =  6.3161253257E-01  4.7116842547E-02  7.7385115613E-01
HessDelSqRho_EigVec2 =  7.7527147368E-01 -4.4106496902E-02 -6.3008631077E-01
HessDelSqRho_EigVec3 =  4.4441861254E-03  9.9791513671E-01 -6.4386560168E-02
</CP of DelSqRho>
<CP of DelSqRho>
CP# = 5       
Type = (3,-1)
Coords = -8.03847077166750E-04 -1.80568351520486E-01  1.16471774339816E-02
DistFromNuc =  1.8094538536E-01
Rho =  3.4153441811E+01
DelSqRho = -1.5755254434E+03
GradDelSqRho =  9.0949470177E-13  2.9103830457E-11  9.0949470177E-13
HessDelSqRho_EigVals = -2.1608015689E+04 -2.1602071571E+04  2.1946725311E+06
HessDelSqRho_EigVec1 =  6.3161253249E-01  4.7116842551E-02  7.7385115620E-01
HessDelSqRho_EigVec2 =  7.7527147375E-01 -4.4106496897E-02 -6.3008631069E-01
HessDelSqRho_EigVec3 =  4.4441861254E-03  9.9791513671E-01 -6.4386560168E-02
</CP of DelSqRho>
<CP of DelSqRho>
CP# = 6       
Type = (3,-1)
Coords =  1.51807935718880E-03  1.11976240262126E-02  1.80591106319048E-01
DistFromNuc =  1.8094429814E-01
Rho =  3.4154159509E+01
DelSqRho = -1.5756266824E+03
GradDelSqRho =  3.6379788071E-12  4.5474735089E-12  2.9103830457E-11
HessDelSqRho_EigVals = -2.1604308166E+04 -2.1588922958E+04  2.1947613828E+06
HessDelSqRho_EigVec1 =  8.4287584570E-01  5.3659326843E-01 -4.0348147602E-02
HessDelSqRho_EigVec2 = -5.3804266002E-01  8.4157009083E-01 -4.7643238931E-02
HessDelSqRho_EigVec3 =  8.3907529456E-03  6.1866359968E-02  9.9804917152E-01
</CP of DelSqRho>
<CP of DelSqRho>
CP# = 7       
Type = (3,-1)
Coords = -1.51807935718913E-03 -1.11976240262143E-02 -1.80591106319048E-01
DistFromNuc =  1.8094429814E-01
Rho =  3.4154159509E+01
DelSqRho = -1.5756266824E+03
GradDelSqRho =  4.5474735089E-12  1.1823431123E-11 -2.9103830457E-11
HessDelSqRho_EigVals = -2.1604308166E+04 -2.1588922958E+04  2.1947613828E+06
HessDelSqRho_EigVec1 =  8.4287584570E-01  5.3659326842E-01 -4.0348147601E-02
HessDelSqRho_EigVec2 = -5.3804266001E-01  8.4157009084E-01 -4.7643238931E-02
HessDelSqRho_EigVec3 =  8.3907529456E-03  6.1866359968E-02  9.9804917152E-01
</CP of DelSqRho>
<CP of DelSqRho>
CP# = 8       
Type = (3,+1)
Coords =  1.58648342024962E-03  1.35915575495022E-01  1.19775371977087E-01
DistFromNuc =  1.8116760285E-01
Rho =  3.4272687556E+01
DelSqRho = -1.6644636273E+03
GradDelSqRho = -1.8189894035E-12 -7.2759576142E-12 -2.9103830457E-11
HessDelSqRho_EigVals = -1.0677529334E+04  2.1625685339E+04  2.1795170678E+06
HessDelSqRho_EigVec1 =  9.9995788038E-01 -4.7587381705E-03 -7.8480497938E-03
HessDelSqRho_EigVec2 =  2.7415534565E-03 -6.6117669716E-01  7.5022520553E-01
HessDelSqRho_EigVec3 =  8.7590729639E-03  7.5021512218E-01  6.6113580231E-01
</CP of DelSqRho>
<CP of DelSqRho>
CP# = 9       
Type = (3,+1)
Coords =  5.29260101284481E-04 -1.19740692046863E-01  1.35947092300085E-01
DistFromNuc =  1.8116215210E-01
Rho =  3.4271114885E+01
DelSqRho = -1.6635946454E+03
GradDelSqRho =  1.7905676941E-12  7.2759576142E-12 -4.3655745685E-11
HessDelSqRho_EigVals = -1.0900001198E+04  2.1520441995E+04  2.1797519424E+06
HessDelSqRho_EigVec1 =  9.9995348314E-01 -4.9676470902E-03 -8.2676499052E-03
HessDelSqRho_EigVec2 =  9.1923579899E-03  7.5041080452E-01  6.6090780372E-01
HessDelSqRho_EigVec3 =  2.9209770888E-03 -6.6095305956E-01  7.5042156216E-01
</CP of DelSqRho>
<CP of DelSqRho>
CP# = 10      
Type = (3,+1)
Coords = -5.29260101284075E-04  1.19740692046862E-01 -1.35947092300085E-01
DistFromNuc =  1.8116215210E-01
Rho =  3.4271114885E+01
DelSqRho = -1.6635946454E+03
GradDelSqRho = -3.2684965845E-12 -2.1827872843E-11  2.9103830457E-11
HessDelSqRho_EigVals = -1.0900001198E+04  2.1520441995E+04  2.1797519424E+06
HessDelSqRho_EigVec1 =  9.9995348314E-01 -4.9676470902E-03 -8.2676499052E-03
HessDelSqRho_EigVec2 =  9.1923579899E-03  7.5041080452E-01  6.6090780372E-01
HessDelSqRho_EigVec3 =  2.9209770888E-03 -6.6095305956E-01  7.5042156216E-01
</CP of DelSqRho>
<CP of DelSqRho>
CP# = 11      
Type = (3,+1)
Coords = -1.58648342024984E-03 -1.35915575495022E-01 -1.19775371977087E-01
DistFromNuc =  1.8116760285E-01
Rho =  3.4272687556E+01
DelSqRho = -1.6644636273E+03
GradDelSqRho = -5.4569682106E-12 -1.4551915228E-11 -1.4551915228E-11
HessDelSqRho_EigVals = -1.0677529334E+04  2.1625685339E+04  2.1795170678E+06
HessDelSqRho_EigVec1 =  9.9995788038E-01 -4.7587381705E-03 -7.8480497938E-03
HessDelSqRho_EigVec2 =  2.7415534565E-03 -6.6117669716E-01  7.5022520553E-01
HessDelSqRho_EigVec3 =  8.7590729639E-03  7.5021512218E-01  6.6113580231E-01
</CP of DelSqRho>
<CP of DelSqRho>
CP# = 12      
Type = (3,+1)
Coords =  1.29146724572886E-01  7.62353078798019E-03  1.26821155922456E-01
DistFromNuc =  1.8116456684E-01
Rho =  3.4271964855E+01
DelSqRho = -1.6640266546E+03
GradDelSqRho = -4.0017766878E-11  1.0913936421E-11 -1.4551915228E-11
HessDelSqRho_EigVals = -1.0789176882E+04  2.1574032756E+04  2.1796515690E+06
HessDelSqRho_EigVec1 =  2.5523532809E-03  9.9803685832E-01 -6.2577271653E-02
HessDelSqRho_EigVec2 = -7.0129561746E-01  4.6395952189E-02  7.1135917268E-01
HessDelSqRho_EigVec3 =  7.1286600594E-01  4.2069526444E-02  7.0003729366E-01
</CP of DelSqRho>
<CP of DelSqRho>
CP# = 13      
Type = (3,+1)
Coords = -1.27017150286330E-01  8.92196324255264E-03  1.28871138068570E-01
DistFromNuc =  1.8116491968E-01
Rho =  3.4272109385E+01
DelSqRho = -1.6640898772E+03
GradDelSqRho =  1.4551915228E-11 -2.5465851650E-11 -1.8189894035E-11
HessDelSqRho_EigVals = -1.0775588616E+04  2.1581594379E+04  2.1796382270E+06
HessDelSqRho_EigVec1 =  6.1233412022E-03  9.9799236299E-01 -6.3037672198E-02
HessDelSqRho_EigVec2 =  7.1302704962E-01  3.9840480308E-02  7.0000368759E-01
HessDelSqRho_EigVec3 = -7.0110978542E-01  4.9233926844E-02  7.1135159326E-01
</CP of DelSqRho>
<CP of DelSqRho>
CP# = 14      
Type = (3,+1)
Coords =  1.27017150286330E-01 -8.92196324255279E-03 -1.28871138068570E-01
DistFromNuc =  1.8116491968E-01
Rho =  3.4272109385E+01
DelSqRho = -1.6640898772E+03
GradDelSqRho =  2.9103830457E-11 -9.0949470177E-13  1.2732925825E-11
HessDelSqRho_EigVals = -1.0775588616E+04  2.1581594379E+04  2.1796382270E+06
HessDelSqRho_EigVec1 =  6.1233412022E-03  9.9799236299E-01 -6.3037672198E-02
HessDelSqRho_EigVec2 =  7.1302704962E-01  3.9840480308E-02  7.0000368759E-01
HessDelSqRho_EigVec3 = -7.0110978542E-01  4.9233926844E-02  7.1135159326E-01
</CP of DelSqRho>
<CP of DelSqRho>
CP# = 15      
Type = (3,+1)
Coords = -1.29146724572887E-01 -7.62353078798014E-03 -1.26821155922455E-01
DistFromNuc =  1.8116456684E-01
Rho =  3.4271964855E+01
DelSqRho = -1.6640266546E+03
GradDelSqRho = -3.6379788071E-12 -1.6370904632E-11  1.8189894035E-11
HessDelSqRho_EigVals = -1.0789176882E+04  2.1574032756E+04  2.1796515690E+06
HessDelSqRho_EigVec1 =  2.5523532809E-03  9.9803685832E-01 -6.2577271653E-02
HessDelSqRho_EigVec2 = -7.0129561746E-01  4.6395952189E-02  7.1135917268E-01
HessDelSqRho_EigVec3 =  7.1286600594E-01  4.2069526444E-02  7.0003729366E-01
</CP of DelSqRho>
<CP of DelSqRho>
CP# = 16      
Type = (3,+1)
Coords =  1.28657917175590E-01  1.27232372522824E-01 -8.93438386286649E-03
DistFromNuc =  1.8116500624E-01
Rho =  3.4271618306E+01
DelSqRho = -1.6639620608E+03
GradDelSqRho =  0.0000000000E+00  2.9103830457E-11 -8.1854523160E-12
HessDelSqRho_EigVals = -1.0804891817E+04  2.1571501743E+04  2.1796142056E+06
HessDelSqRho_EigVec1 =  6.4775590890E-03  6.3544546360E-02  9.9795798101E-01
HessDelSqRho_EigVec2 = -7.0399908508E-01  7.0904068076E-01 -4.0578334467E-02
HessDelSqRho_EigVec3 =  7.1017133808E-01  7.0229865702E-01 -4.9328155406E-02
</CP of DelSqRho>
<CP of DelSqRho>
CP# = 17      
Type = (3,+1)
Coords = -1.27543322330660E-01  1.28477534722501E-01 -6.86860389350264E-03
DistFromNuc =  1.8116554231E-01
Rho =  3.4271725400E+01
DelSqRho = -1.6640419971E+03
GradDelSqRho = -2.1827872843E-11  2.9103830457E-11 -3.1832314562E-12
HessDelSqRho_EigVals = -1.0781085129E+04  2.1581136609E+04  2.1795894972E+06
HessDelSqRho_EigVec1 =  1.0048865689E-02  6.3346253684E-02  9.9794101651E-01
HessDelSqRho_EigVec2 =  7.1011191054E-01  7.0218643214E-01 -5.1723196284E-02
HessDelSqRho_EigVec3 = -7.0401711259E-01  7.0916956129E-01 -3.7926752084E-02
</CP of DelSqRho>
<CP of DelSqRho>
CP# = 18      
Type = (3,+1)
Coords =  1.27543322330659E-01 -1.28477534722502E-01  6.86860389350450E-03
DistFromNuc =  1.8116554231E-01
Rho =  3.4271725400E+01
DelSqRho = -1.6640419971E+03
GradDelSqRho = -1.4551915228E-11  2.7284841053E-12 -1.8189894035E-11
HessDelSqRho_EigVals = -1.0781085129E+04  2.1581136609E+04  2.1795894972E+06
HessDelSqRho_EigVec1 =  1.0048865688E-02  6.3346253684E-02  9.9794101651E-01
HessDelSqRho_EigVec2 =  7.1011191054E-01  7.0218643214E-01 -5.1723196284E-02
HessDelSqRho_EigVec3 = -7.0401711259E-01  7.0916956129E-01 -3.7926752084E-02
</CP of DelSqRho>
<CP of DelSqRho>
CP# = 19      
Type = (3,+1)
Coords = -1.28657917175589E-01 -1.27232372522825E-01  8.93438386286732E-03
DistFromNuc =  1.8116500624E-01
Rho =  3.4271618306E+01
DelSqRho = -1.6639620608E+03
GradDelSqRho =  4.0017766878E-11  3.2741809264E-11 -1.0913936421E-11
HessDelSqRho_EigVals = -1.0804891817E+04  2.1571501743E+04  2.1796142056E+06
HessDelSqRho_EigVec1 =  6.4775590890E-03  6.3544546360E-02  9.9795798101E-01
HessDelSqRho_EigVec2 = -7.0399908508E-01  7.0904068076E-01 -4.0578334467E-02
HessDelSqRho_EigVec3 =  7.1017133808E-01  7.0229865702E-01 -4.9328155406E-02
</CP of DelSqRho>
<CP of DelSqRho>
CP# = 20      
Type = (3,+3)
Coords =  1.05667282726009E-01  1.10650766494085E-01  9.71519419758072E-02
DistFromNuc =  1.8123925235E-01
Rho =  3.4311543996E+01
DelSqRho = -1.6935281097E+03
GradDelSqRho =  7.2759576142E-12  2.8194335755E-11  1.0004441720E-11
HessDelSqRho_EigVals =  1.4268053034E+04  1.4422996381E+04  2.1746445230E+06
HessDelSqRho_EigVec1 =  8.1185669478E-01 -4.6298056898E-01 -3.5572137959E-01
HessDelSqRho_EigVec2 =  3.1004291633E-02  6.4258800638E-01 -7.6558434412E-01
HessDelSqRho_EigVec3 =  5.8303296738E-01  6.1051588580E-01  5.3604375954E-01
</CP of DelSqRho>
<CP of DelSqRho>
CP# = 21      
Type = (3,+3)
Coords = -1.03062050172430E-01  1.11654742543909E-01  9.87887565617276E-02
DistFromNuc =  1.8123958216E-01
Rho =  3.4311571756E+01
DelSqRho = -1.6935190117E+03
GradDelSqRho = -7.2759576142E-12  5.8207660913E-11  4.3655745685E-11
HessDelSqRho_EigVals =  1.4266718404E+04  1.4397125429E+04  2.1746370570E+06
HessDelSqRho_EigVec1 =  8.2239047217E-01  4.3983467285E-01  3.6085921333E-01
HessDelSqRho_EigVec2 = -1.7433984273E-02  6.5346943228E-01 -7.5675211084E-01
HessDelSqRho_EigVec3 = -5.6865628237E-01  6.1605451190E-01  5.4507510573E-01
</CP of DelSqRho>
<CP of DelSqRho>
CP# = 22      
Type = (3,+3)
Coords =  1.05313000611337E-01 -9.82189053052430E-02  1.10041782244987E-01
DistFromNuc =  1.8123734520E-01
Rho =  3.4311298174E+01
DelSqRho = -1.6935496774E+03
GradDelSqRho =  1.4551915228E-11  4.5474735089E-12  9.0949470177E-12
HessDelSqRho_EigVals =  1.4339513770E+04  1.4489321390E+04  2.1746906179E+06
HessDelSqRho_EigVec1 = -2.4046708558E-02  7.3429567128E-01  6.7840373152E-01
HessDelSqRho_EigVec2 = -8.1349852153E-01 -4.0880045355E-01  4.1364519174E-01
HessDelSqRho_EigVec3 =  5.8106962688E-01 -5.4193362722E-01  6.0717874832E-01
</CP of DelSqRho>
<CP of DelSqRho>
CP# = 23      
Type = (3,+3)
Coords = -1.04473642637085E-01 -9.71340459494676E-02  1.11790856738284E-01
DistFromNuc =  1.8123730449E-01
Rho =  3.4311368143E+01
DelSqRho = -1.6935720547E+03
GradDelSqRho = -7.2759576142E-12 -4.3655745685E-11  2.3192114895E-11
HessDelSqRho_EigVals =  1.4346761545E+04  1.4494300872E+04  2.1746927234E+06
HessDelSqRho_EigVec1 = -7.3171407508E-02  7.8568403221E-01  6.1428539511E-01
HessDelSqRho_EigVec2 =  8.1385774624E-01 -3.0896368914E-01  4.9211483180E-01
HessDelSqRho_EigVec3 = -5.7643864722E-01 -5.3594966211E-01  6.1682772771E-01
</CP of DelSqRho>
<CP of DelSqRho>
CP# = 24      
Type = (3,+3)
Coords =  1.04473642637087E-01  9.71340459494670E-02 -1.11790856738283E-01
DistFromNuc =  1.8123730449E-01
Rho =  3.4311368143E+01
DelSqRho = -1.6935720547E+03
GradDelSqRho =  7.2759576142E-12 -3.0922819860E-11  4.5474735089E-11
HessDelSqRho_EigVals =  1.4346761545E+04  1.4494300872E+04  2.1746927234E+06
HessDelSqRho_EigVec1 = -7.3171407512E-02  7.8568403221E-01  6.1428539511E-01
HessDelSqRho_EigVec2 =  8.1385774624E-01 -3.0896368913E-01  4.9211483180E-01
HessDelSqRho_EigVec3 = -5.7643864722E-01 -5.3594966211E-01  6.1682772771E-01
</CP of DelSqRho>
<CP of DelSqRho>
CP# = 25      
Type = (3,+3)
Coords = -1.05313000611336E-01  9.82189053052435E-02 -1.10041782244988E-01
DistFromNuc =  1.8123734520E-01
Rho =  3.4311298174E+01
DelSqRho = -1.6935496774E+03
GradDelSqRho =  1.4551915228E-11 -2.3646862246E-11 -1.6370904632E-11
HessDelSqRho_EigVals =  1.4339513770E+04  1.4489321390E+04  2.1746906179E+06
HessDelSqRho_EigVec1 = -2.4046708560E-02  7.3429567128E-01  6.7840373152E-01
HessDelSqRho_EigVec2 = -8.1349852153E-01 -4.0880045355E-01  4.1364519174E-01
HessDelSqRho_EigVec3 =  5.8106962688E-01 -5.4193362722E-01  6.0717874832E-01
</CP of DelSqRho>
<CP of DelSqRho>
CP# = 26      
Type = (3,+3)
Coords =  1.03062050172431E-01 -1.11654742543908E-01 -9.87887565617278E-02
DistFromNuc =  1.8123958216E-01
Rho =  3.4311571756E+01
DelSqRho = -1.6935190117E+03
GradDelSqRho = -2.9103830457E-11  3.6379788071E-12  3.6379788071E-12
HessDelSqRho_EigVals =  1.4266718404E+04  1.4397125429E+04  2.1746370570E+06
HessDelSqRho_EigVec1 =  8.2239047217E-01  4.3983467285E-01  3.6085921333E-01
HessDelSqRho_EigVec2 = -1.7433984277E-02  6.5346943228E-01 -7.5675211084E-01
HessDelSqRho_EigVec3 = -5.6865628237E-01  6.1605451190E-01  5.4507510573E-01
</CP of DelSqRho>
<CP of DelSqRho>
CP# = 27      
Type = (3,+3)
Coords = -1.05667282726009E-01 -1.10650766494084E-01 -9.71519419758080E-02
DistFromNuc =  1.8123925235E-01
Rho =  3.4311543996E+01
DelSqRho = -1.6935281097E+03
GradDelSqRho = -2.1827872843E-11 -1.3642420527E-12 -2.7284841053E-12
HessDelSqRho_EigVals =  1.4268053034E+04  1.4422996381E+04  2.1746445230E+06
HessDelSqRho_EigVec1 =  8.1185669478E-01 -4.6298056898E-01 -3.5572137959E-01
HessDelSqRho_EigVec2 =  3.1004291635E-02  6.4258800638E-01 -7.6558434412E-01
HessDelSqRho_EigVec3 =  5.8303296738E-01  6.1051588580E-01  5.3604375954E-01
</CP of DelSqRho>
<CP of DelSqRho>
CP# = 28      
Type = (3,-3)
Coords =  1.41595671369800E-03  3.18516819375402E-01 -2.04999443830735E-02
DistFromNuc =  3.1917897311E-01
Rho =  8.1922766786E+00
DelSqRho =  5.4127994189E+02
GradDelSqRho = -3.4106051316E-13  4.2632564146E-12 -8.1712414612E-13
HessDelSqRho_EigVals = -1.2261347678E+05 -6.0192901985E+03 -6.0172671164E+03
HessDelSqRho_EigVec1 =  4.4404737084E-03  9.9792205538E-01 -6.4279495814E-02
HessDelSqRho_EigVec2 =  8.4664361183E-01  3.0454719316E-02  5.3128815592E-01
HessDelSqRho_EigVec3 = -5.3214178256E-01  5.6780995590E-02  8.4474909991E-01
</CP of DelSqRho>
<CP of DelSqRho>
CP# = 29      
Type = (3,-3)
Coords = -1.41595671369802E-03 -3.18516819375402E-01  2.04999443830733E-02
DistFromNuc =  3.1917897311E-01
Rho =  8.1922766786E+00
DelSqRho =  5.4127994189E+02
GradDelSqRho =  4.1211478674E-13  4.6611603466E-12 -4.2632564146E-13
HessDelSqRho_EigVals = -1.2261347678E+05 -6.0192901985E+03 -6.0172671164E+03
HessDelSqRho_EigVec1 =  4.4404737084E-03  9.9792205538E-01 -6.4279495814E-02
HessDelSqRho_EigVec2 =  8.4664361183E-01  3.0454719316E-02  5.3128815592E-01
HessDelSqRho_EigVec3 = -5.3214178255E-01  5.6780995590E-02  8.4474909991E-01
</CP of DelSqRho>
<CP of DelSqRho>
CP# = 30      
Type = (3,-3)
Coords =  2.67292201255769E-03  1.97990875716695E-02  3.18553325535141E-01
DistFromNuc =  3.1917921234E-01
Rho =  8.1923498936E+00
DelSqRho =  5.4128412380E+02
GradDelSqRho = -2.7000623959E-13 -4.5474735089E-13 -1.5347723092E-12
HessDelSqRho_EigVals = -1.2261532738E+05 -6.0206646826E+03 -6.0164899369E+03
HessDelSqRho_EigVec1 =  8.3780194854E-03  6.1978280320E-02  9.9804233455E-01
HessDelSqRho_EigVec2 =  8.0601557489E-01  5.9029932025E-01 -4.3423559738E-02
HessDelSqRho_EigVec3 = -5.9183502923E-01  8.0480146948E-01 -4.5009920036E-02
</CP of DelSqRho>
<CP of DelSqRho>
CP# = 31      
Type = (3,-3)
Coords = -2.67292201255763E-03 -1.97990875716698E-02 -3.18553325535141E-01
DistFromNuc =  3.1917921234E-01
Rho =  8.1923498936E+00
DelSqRho =  5.4128412380E+02
GradDelSqRho =  3.1263880373E-13  1.9042545318E-12  4.5474735089E-12
HessDelSqRho_EigVals = -1.2261532738E+05 -6.0206646826E+03 -6.0164899369E+03
HessDelSqRho_EigVec1 =  8.3780194854E-03  6.1978280320E-02  9.9804233455E-01
HessDelSqRho_EigVec2 =  8.0601557490E-01  5.9029932025E-01 -4.3423559738E-02
HessDelSqRho_EigVec3 = -5.9183502922E-01  8.0480146949E-01 -4.5009920036E-02
</CP of DelSqRho>
<CP of DelSqRho>
CP# = 32      
Type = (3,-3)
Coords =  3.19164995503328E-01 -1.51495078355313E-03 -2.53715276495007E-03
DistFromNuc =  3.1917867500E-01
Rho =  8.1923302339E+00
DelSqRho =  5.4128731934E+02
GradDelSqRho = -7.2759576142E-12  1.1368683772E-13 -8.5265128291E-14
HessDelSqRho_EigVals = -1.2261507217E+05 -6.0362979776E+03 -6.0019775633E+03
HessDelSqRho_EigVec1 =  9.9995719487E-01 -4.7413922764E-03 -7.9452891824E-03
HessDelSqRho_EigVec2 =  2.8609509323E-03 -6.5819146317E-01  7.5284514528E-01
HessDelSqRho_EigVec3 =  8.7990556694E-03  7.5283565073E-01  6.5814972431E-01
</CP of DelSqRho>
<CP of DelSqRho>
CP# = 33      
Type = (3,-3)
Coords = -3.19164995503328E-01  1.51495078355305E-03  2.53715276495003E-03
DistFromNuc =  3.1917867500E-01
Rho =  8.1923302339E+00
DelSqRho =  5.4128731934E+02
GradDelSqRho =  5.4569682106E-12  1.4210854715E-13  3.1263880373E-13
HessDelSqRho_EigVals = -1.2261507217E+05 -6.0362979776E+03 -6.0019775633E+03
HessDelSqRho_EigVec1 =  9.9995719487E-01 -4.7413922764E-03 -7.9452891824E-03
HessDelSqRho_EigVec2 =  2.8609509323E-03 -6.5819146317E-01  7.5284514528E-01
HessDelSqRho_EigVec3 =  8.7990556694E-03  7.5283565073E-01  6.5814972431E-01
</CP of DelSqRho>
<CP of DelSqRho>
CP# = 34      
Type = (3,-1)
Coords =  2.80050296489107E-03  2.40979883274018E-01  2.12298127287263E-01
DistFromNuc =  3.2116917942E-01
Rho =  8.3987852736E+00
DelSqRho =  4.6455197173E+02
GradDelSqRho =  1.1368683772E-13  1.5063505998E-12  1.9895196601E-12
HessDelSqRho_EigVals = -1.1705516138E+05 -2.9249706409E+03  5.9197967605E+03
HessDelSqRho_EigVec1 =  8.7258747493E-03  7.5032156977E-01  6.6101543177E-01
HessDelSqRho_EigVec2 =  9.9995817637E-01 -4.7364760149E-03 -7.8237654285E-03
HessDelSqRho_EigVec3 =  2.7394562197E-03 -6.6105605491E-01  7.5033151850E-01
</CP of DelSqRho>
<CP of DelSqRho>
CP# = 35      
Type = (3,-1)
Coords =  9.33445777130844E-04 -2.12292822435569E-01  2.40954010524921E-01
DistFromNuc =  3.2113540597E-01
Rho =  8.3966968203E+00
DelSqRho =  4.6520672351E+02
GradDelSqRho =  0.0000000000E+00 -2.5011104299E-12  2.8137492336E-12
HessDelSqRho_EigVals = -1.1714218099E+05 -2.9850605848E+03  5.8962577086E+03
HessDelSqRho_EigVec1 =  2.9062645481E-03 -6.6107009764E-01  7.5031851879E-01
HessDelSqRho_EigVec2 =  9.9995362417E-01 -4.9680666783E-03 -8.2503229452E-03
HessDelSqRho_EigVec3 =  9.1816742263E-03  7.5030769976E-01  6.6102500145E-01
</CP of DelSqRho>
<CP of DelSqRho>
CP# = 36      
Type = (3,-1)
Coords = -9.33445777130883E-04  2.12292822435569E-01 -2.40954010524921E-01
DistFromNuc =  3.2113540597E-01
Rho =  8.3966968203E+00
DelSqRho =  4.6520672351E+02
GradDelSqRho =  1.9895196601E-13  2.6432189770E-12 -2.3305801733E-12
HessDelSqRho_EigVals = -1.1714218099E+05 -2.9850605848E+03  5.8962577086E+03
HessDelSqRho_EigVec1 =  2.9062645481E-03 -6.6107009764E-01  7.5031851879E-01
HessDelSqRho_EigVec2 =  9.9995362417E-01 -4.9680666783E-03 -8.2503229452E-03
HessDelSqRho_EigVec3 =  9.1816742263E-03  7.5030769976E-01  6.6102500145E-01
</CP of DelSqRho>
<CP of DelSqRho>
CP# = 37      
Type = (3,-1)
Coords = -2.80050296489097E-03 -2.40979883274017E-01 -2.12298127287264E-01
DistFromNuc =  3.2116917942E-01
Rho =  8.3987852736E+00
DelSqRho =  4.6455197173E+02
GradDelSqRho = -3.9790393203E-13  2.0179413696E-12  4.4764192353E-12
HessDelSqRho_EigVals = -1.1705516138E+05 -2.9249706409E+03  5.9197967605E+03
HessDelSqRho_EigVec1 =  8.7258747493E-03  7.5032156977E-01  6.6101543177E-01
HessDelSqRho_EigVec2 =  9.9995817637E-01 -4.7364760149E-03 -7.8237654285E-03
HessDelSqRho_EigVec3 =  2.7394562197E-03 -6.6105605491E-01  7.5033151850E-01
</CP of DelSqRho>
<CP of DelSqRho>
CP# = 38      
Type = (3,-1)
Coords =  2.28963927058471E-01  1.35810724422611E-02  2.24787264936180E-01
DistFromNuc =  3.2115142830E-01
Rho =  8.3977199519E+00
DelSqRho =  4.6488955426E+02
GradDelSqRho =  5.9117155615E-12 -1.8758328224E-12  3.1832314562E-12
HessDelSqRho_EigVals = -1.1710110475E+05 -2.9558431290E+03  5.9084300964E+03
HessDelSqRho_EigVec1 =  7.1294775540E-01  4.2253948126E-02  6.9994292763E-01
HessDelSqRho_EigVec2 =  2.4702153754E-03  9.9802530126E-01 -6.2764608486E-02
HessDelSqRho_EigVec3 = -7.0121280373E-01  4.6476896520E-02  7.1143552201E-01
</CP of DelSqRho>
<CP of DelSqRho>
CP# = 39      
Type = (3,-1)
Coords = -2.25189598699068E-01  1.58909054697534E-02  2.28422652091022E-01
DistFromNuc =  3.2115383265E-01
Rho =  8.3978763224E+00
DelSqRho =  4.6484558663E+02
GradDelSqRho = -2.2737367544E-12 -1.7763568394E-12 -2.0463630790E-12
HessDelSqRho_EigVals = -1.1709503601E+05 -2.9522431945E+03  5.9099733951E+03
HessDelSqRho_EigVec1 = -7.0119028905E-01  4.9439286200E-02  7.1125799504E-01
HessDelSqRho_EigVec2 =  6.2228004343E-03  9.9797929815E-01 -6.3234462348E-02
HessDelSqRho_EigVec3 =  7.1294702138E-01  3.9913374372E-02  7.0008104335E-01
</CP of DelSqRho>
<CP of DelSqRho>
CP# = 40      
Type = (3,-1)
Coords =  2.25189598699068E-01 -1.58909054697528E-02 -2.28422652091023E-01
DistFromNuc =  3.2115383265E-01
Rho =  8.3978763224E+00
DelSqRho =  4.6484558663E+02
GradDelSqRho =  0.0000000000E+00  8.9528384706E-13  6.8212102633E-13
HessDelSqRho_EigVals = -1.1709503601E+05 -2.9522431945E+03  5.9099733951E+03
HessDelSqRho_EigVec1 = -7.0119028905E-01  4.9439286200E-02  7.1125799504E-01
HessDelSqRho_EigVec2 =  6.2228004343E-03  9.9797929815E-01 -6.3234462348E-02
HessDelSqRho_EigVec3 =  7.1294702138E-01  3.9913374372E-02  7.0008104335E-01
</CP of DelSqRho>
<CP of DelSqRho>
CP# = 41      
Type = (3,-1)
Coords = -2.28963927058471E-01 -1.35810724422607E-02 -2.24787264936180E-01
DistFromNuc =  3.2115142830E-01
Rho =  8.3977199519E+00
DelSqRho =  4.6488955426E+02
GradDelSqRho =  8.1854523160E-12 -1.2505552149E-12  1.5916157281E-12
HessDelSqRho_EigVals = -1.1710110475E+05 -2.9558431290E+03  5.9084300964E+03
HessDelSqRho_EigVec1 =  7.1294775540E-01  4.2253948126E-02  6.9994292763E-01
HessDelSqRho_EigVec2 =  2.4702153754E-03  9.9802530126E-01 -6.2764608486E-02
HessDelSqRho_EigVec3 = -7.0121280373E-01  4.6476896520E-02  7.1143552201E-01
</CP of DelSqRho>
<CP of DelSqRho>
CP# = 42      
Type = (3,-1)
Coords =  2.28063290307373E-01  2.25557326332133E-01 -1.57754491463550E-02
DistFromNuc =  3.2115080047E-01
Rho =  8.3976663289E+00
DelSqRho =  4.6490200559E+02
GradDelSqRho = -2.2737367544E-12  9.0949470177E-13 -5.6843418861E-14
HessDelSqRho_EigVals = -1.1710173090E+05 -2.9575430126E+03  5.9077061832E+03
HessDelSqRho_EigVec1 =  7.1014413127E-01  7.0233820440E-01 -4.9156479390E-02
HessDelSqRho_EigVec2 =  6.4072078077E-03  6.3369228580E-02  9.9796958298E-01
HessDelSqRho_EigVec3 = -7.0402717314E-01  7.0901719832E-01 -4.0501258952E-02
</CP of DelSqRho>
<CP of DelSqRho>
CP# = 43      
Type = (3,-1)
Coords = -2.26087532446811E-01  2.27767327751242E-01 -1.20970000338486E-02
DistFromNuc =  3.2115395892E-01
Rho =  8.3978351521E+00
DelSqRho =  4.6483847588E+02
GradDelSqRho =  5.4569682106E-12 -3.2969182939E-12  5.8264504332E-13
HessDelSqRho_EigVals = -1.1709340906E+05 -2.9510537394E+03  5.9099826164E+03
HessDelSqRho_EigVec1 = -7.0398565955E-01  7.0921245071E-01 -3.7707968576E-02
HessDelSqRho_EigVec2 =  1.0162614481E-02  6.3147642873E-02  9.9795245201E-01
HessDelSqRho_EigVec3 =  7.1014147352E-01  7.0216100358E-01 -5.1662487738E-02
</CP of DelSqRho>
<CP of DelSqRho>
CP# = 44      
Type = (3,-1)
Coords =  2.26087532446811E-01 -2.27767327751242E-01  1.20970000338487E-02
DistFromNuc =  3.2115395892E-01
Rho =  8.3978351521E+00
DelSqRho =  4.6483847588E+02
GradDelSqRho = -3.4106051316E-12  1.8189894035E-12 -1.4352963262E-12
HessDelSqRho_EigVals = -1.1709340906E+05 -2.9510537394E+03  5.9099826164E+03
HessDelSqRho_EigVec1 = -7.0398565955E-01  7.0921245071E-01 -3.7707968576E-02
HessDelSqRho_EigVec2 =  1.0162614481E-02  6.3147642873E-02  9.9795245201E-01
HessDelSqRho_EigVec3 =  7.1014147352E-01  7.0216100358E-01 -5.1662487738E-02
</CP of DelSqRho>
<CP of DelSqRho>
CP# = 45      
Type = (3,-1)
Coords = -2.28063290307373E-01 -2.25557326332133E-01  1.57754491463555E-02
DistFromNuc =  3.2115080047E-01
Rho =  8.3976663289E+00
DelSqRho =  4.6490200559E+02
GradDelSqRho =  1.8189894035E-12  3.1832314562E-12 -1.1652900866E-12
HessDelSqRho_EigVals = -1.1710173090E+05 -2.9575430126E+03  5.9077061832E+03
HessDelSqRho_EigVec1 =  7.1014413127E-01  7.0233820440E-01 -4.9156479390E-02
HessDelSqRho_EigVec2 =  6.4072078077E-03  6.3369228580E-02  9.9796958298E-01
HessDelSqRho_EigVec3 = -7.0402717314E-01  7.0901719832E-01 -4.0501258952E-02
</CP of DelSqRho>
<CP of DelSqRho>
CP# = 46      
Type = (3,+1)
Coords =  1.87677121910837E-01  1.96498753486350E-01  1.72449545478870E-01
DistFromNuc =  3.2182807203E-01
Rho =  8.4667456518E+00
DelSqRho =  4.3954401484E+02
GradDelSqRho =  9.0949470177E-13  1.9326762413E-12  1.1368683772E-13
HessDelSqRho_EigVals = -1.1527089421E+05  3.8857339812E+03  3.9240913431E+03
HessDelSqRho_EigVec1 =  5.8318067641E-01  6.1056013665E-01  5.3583264009E-01
HessDelSqRho_EigVec2 =  8.1222114705E-01 -4.4965558501E-01 -3.7162704845E-01
HessDelSqRho_EigVec3 = -1.4039477762E-02 -6.5194031506E-01  7.5814030276E-01
</CP of DelSqRho>
<CP of DelSqRho>
CP# = 47      
Type = (3,+1)
Coords = -1.83047073303257E-01  1.98287164951575E-01  1.75357196930645E-01
DistFromNuc =  3.2182942275E-01
Rho =  8.4667153724E+00
DelSqRho =  4.3956256177E+02
GradDelSqRho = -1.7053025658E-12 -2.2168933356E-12  1.0800249584E-12
HessDelSqRho_EigVals = -1.1526778378E+05  3.8847045748E+03  3.9169944912E+03
HessDelSqRho_EigVec1 = -5.6878854354E-01  6.1611605218E-01  5.4486750958E-01
HessDelSqRho_EigVec2 =  8.2243415668E-01  4.1877118048E-01  3.8501007302E-01
HessDelSqRho_EigVec3 =  9.0360760445E-03  6.6710696942E-01 -7.4490713561E-01
</CP of DelSqRho>
<CP of DelSqRho>
CP# = 48      
Type = (3,+1)
Coords =  1.86986756494707E-01 -1.74452640774479E-01  1.95372181201695E-01
DistFromNuc =  3.2181991884E-01
Rho =  8.4667703831E+00
DelSqRho =  4.3946431552E+02
GradDelSqRho =  1.8189894035E-12 -5.1159076975E-12  2.6147972676E-12
HessDelSqRho_EigVals = -1.1528961253E+05  3.9065080502E+03  3.9450002745E+03
HessDelSqRho_EigVec1 =  5.8101040326E-01 -5.4208827628E-01  6.0709736618E-01
HessDelSqRho_EigVec2 = -4.2929594212E-02  7.2446530963E-01  6.8797315724E-01
HessDelSqRho_EigVec3 = -8.1276316430E-01 -4.2578200510E-01  3.9765025197E-01
</CP of DelSqRho>
<CP of DelSqRho>
CP# = 49      
Type = (3,+1)
Coords = -1.85496028788202E-01 -1.72534842315552E-01  1.98472130946730E-01
DistFromNuc =  3.2182019090E-01
Rho =  8.4668360297E+00
DelSqRho =  4.3944886294E+02
GradDelSqRho = -3.5242919694E-12 -4.4337866711E-12  1.2505552149E-12
HessDelSqRho_EigVals = -1.1528899861E+05  3.9087171811E+03  3.9458592907E+03
HessDelSqRho_EigVec1 = -5.7637798733E-01 -5.3613365605E-01  6.1672450784E-01
HessDelSqRho_EigVec2 = -5.2391448892E-02  7.7738674317E-01  6.2683728959E-01
HessDelSqRho_EigVec3 =  8.1550202440E-01 -3.2898412482E-01  4.7615742545E-01
</CP of DelSqRho>
<CP of DelSqRho>
CP# = 50      
Type = (3,+1)
Coords =  1.85496028788202E-01  1.72534842315552E-01 -1.98472130946730E-01
DistFromNuc =  3.2182019090E-01
Rho =  8.4668360297E+00
DelSqRho =  4.3944886294E+02
GradDelSqRho = -5.6843418861E-13  6.8212102633E-13  3.0695446185E-12
HessDelSqRho_EigVals = -1.1528899861E+05  3.9087171811E+03  3.9458592907E+03
HessDelSqRho_EigVec1 = -5.7637798733E-01 -5.3613365605E-01  6.1672450784E-01
HessDelSqRho_EigVec2 = -5.2391448892E-02  7.7738674317E-01  6.2683728959E-01
HessDelSqRho_EigVec3 =  8.1550202440E-01 -3.2898412482E-01  4.7615742545E-01
</CP of DelSqRho>
<CP of DelSqRho>
CP# = 51      
Type = (3,+1)
Coords = -1.86986756494707E-01  1.74452640774479E-01 -1.95372181201696E-01
DistFromNuc =  3.2181991884E-01
Rho =  8.4667703831E+00
DelSqRho =  4.3946431552E+02
GradDelSqRho =  2.5011104299E-12 -3.1832314562E-12  2.2737367544E-13
HessDelSqRho_EigVals = -1.1528961253E+05  3.9065080502E+03  3.9450002745E+03
HessDelSqRho_EigVec1 =  5.8101040326E-01 -5.4208827628E-01  6.0709736618E-01
HessDelSqRho_EigVec2 = -4.2929594213E-02  7.2446530963E-01  6.8797315724E-01
HessDelSqRho_EigVec3 = -8.1276316430E-01 -4.2578200510E-01  3.9765025197E-01
</CP of DelSqRho>
<CP of DelSqRho>
CP# = 52      
Type = (3,+1)
Coords =  1.83047073303258E-01 -1.98287164951575E-01 -1.75357196930645E-01
DistFromNuc =  3.2182942275E-01
Rho =  8.4667153724E+00
DelSqRho =  4.3956256177E+02
GradDelSqRho = -4.5474735089E-13  2.7284841053E-12  1.6484591470E-12
HessDelSqRho_EigVals = -1.1526778378E+05  3.8847045748E+03  3.9169944912E+03
HessDelSqRho_EigVec1 = -5.6878854354E-01  6.1611605218E-01  5.4486750958E-01
HessDelSqRho_EigVec2 =  8.2243415668E-01  4.1877118048E-01  3.8501007302E-01
HessDelSqRho_EigVec3 =  9.0360760441E-03  6.6710696942E-01 -7.4490713561E-01
</CP of DelSqRho>
<CP of DelSqRho>
CP# = 53      
Type = (3,+1)
Coords = -1.87677121910837E-01 -1.96498753486351E-01 -1.72449545478871E-01
DistFromNuc =  3.2182807203E-01
Rho =  8.4667456518E+00
DelSqRho =  4.3954401484E+02
GradDelSqRho =  3.6379788071E-12  7.9580786405E-13  2.0463630790E-12
HessDelSqRho_EigVals = -1.1527089421E+05  3.8857339812E+03  3.9240913431E+03
HessDelSqRho_EigVec1 =  5.8318067641E-01  6.1056013665E-01  5.3583264009E-01
HessDelSqRho_EigVec2 =  8.1222114705E-01 -4.4965558501E-01 -3.7162704845E-01
HessDelSqRho_EigVec3 = -1.4039477762E-02 -6.5194031506E-01  7.5814030276E-01
</CP of DelSqRho>
<CP of DelSqRho>
CP# = 54      
Type = (3,-1)
Coords =  8.22773288785468E-01 -3.93998852846916E-03 -6.56480271429220E-03
DistFromNuc =  8.2280891152E-01
Rho =  5.8284096896E-01
DelSqRho =  3.1660656856E+00
GradDelSqRho = -2.2311041903E-12  7.9936057773E-15  4.6629367034E-15
HessDelSqRho_EigVals = -1.1640342777E+02 -1.1561677377E+02  2.1079053783E+02
HessDelSqRho_EigVec1 =  2.5660619064E-03 -6.8232711610E-01  7.3104248984E-01
HessDelSqRho_EigVec2 =  8.9202798414E-03  7.3103142936E-01  6.8228548123E-01
HessDelSqRho_EigVec3 =  9.9995692104E-01 -4.7703168027E-03 -7.9624207223E-03
</CP of DelSqRho>
<CP of DelSqRho>
CP# = 55      
Type = (3,-1)
Coords = -8.22773288785468E-01  3.93998852846913E-03  6.56480271429220E-03
DistFromNuc =  8.2280891152E-01
Rho =  5.8284096896E-01
DelSqRho =  3.1660656856E+00
GradDelSqRho =  2.2488677587E-12 -2.6645352591E-15 -6.6613381478E-15
HessDelSqRho_EigVals = -1.1640342777E+02 -1.1561677377E+02  2.1079053783E+02
HessDelSqRho_EigVec1 =  2.5660619064E-03 -6.8232711610E-01  7.3104248984E-01
HessDelSqRho_EigVec2 =  8.9202798414E-03  7.3103142936E-01  6.8228548123E-01
HessDelSqRho_EigVec3 =  9.9995692104E-01 -4.7703168027E-03 -7.9624207223E-03
</CP of DelSqRho>
<CP of DelSqRho>
CP# = 56      
Type = (3,-1)
Coords =  3.62433130691949E-03  8.21112999081421E-01 -5.25291720169888E-02
DistFromNuc =  8.2279949377E-01
Rho =  5.8285320331E-01
DelSqRho =  3.1656616841E+00
GradDelSqRho = -7.1054273576E-15 -1.2683187833E-12  2.2426505097E-14
HessDelSqRho_EigVals = -1.1604219434E+02 -1.1597900346E+02  2.1082856861E+02
HessDelSqRho_EigVec1 =  4.1891649061E-01  5.6363456212E-02  9.0627376366E-01
HessDelSqRho_EigVec2 =  9.0801397962E-01 -3.0867498581E-02 -4.1780116125E-01
HessDelSqRho_EigVec3 =  4.4256866561E-03  9.9793304301E-01 -6.4109710360E-02
</CP of DelSqRho>
<CP of DelSqRho>
CP# = 57      
Type = (3,-1)
Coords = -3.62433130691947E-03 -8.21112999081420E-01  5.25291720169888E-02
DistFromNuc =  8.2279949377E-01
Rho =  5.8285320331E-01
DelSqRho =  3.1656616841E+00
GradDelSqRho =  0.0000000000E+00  1.2825296380E-12 -2.0650148258E-14
HessDelSqRho_EigVals = -1.1604219434E+02 -1.1597900346E+02  2.1082856861E+02
HessDelSqRho_EigVec1 =  4.1891649061E-01  5.6363456212E-02  9.0627376366E-01
HessDelSqRho_EigVec2 =  9.0801397962E-01 -3.0867498581E-02 -4.1780116125E-01
HessDelSqRho_EigVec3 =  4.4256866561E-03  9.9793304301E-01 -6.4109710360E-02
</CP of DelSqRho>
<CP of DelSqRho>
CP# = 58      
Type = (3,-1)
Coords =  6.87078972947314E-03  5.13768242370964E-02  8.21157923069825E-01
DistFromNuc =  8.2279227053E-01
Rho =  5.8289229409E-01
DelSqRho =  3.1654230692E+00
GradDelSqRho = -7.9936057773E-15 -2.0428103653E-14 -1.3180567748E-12
HessDelSqRho_EigVals = -1.1606765391E+02 -1.1596439576E+02  2.1086695453E+02
HessDelSqRho_EigVec1 =  8.9135982740E-01  4.5189282426E-01 -3.5644543654E-02
HessDelSqRho_EigVec2 = -4.5321909409E-01  8.8990067847E-01 -5.1664641822E-02
HessDelSqRho_EigVec3 =  8.3732226748E-03  6.2206574001E-02  9.9802817159E-01
</CP of DelSqRho>
<CP of DelSqRho>
CP# = 59      
Type = (3,-1)
Coords = -6.87078972947314E-03 -5.13768242370964E-02 -8.21157923069825E-01
DistFromNuc =  8.2279227053E-01
Rho =  5.8289229409E-01
DelSqRho =  3.1654230692E+00
GradDelSqRho =  5.1070259133E-15  2.1760371283E-14  1.3233858454E-12
HessDelSqRho_EigVals = -1.1606765391E+02 -1.1596439576E+02  2.1086695453E+02
HessDelSqRho_EigVec1 =  8.9135982740E-01  4.5189282426E-01 -3.5644543654E-02
HessDelSqRho_EigVec2 = -4.5321909409E-01  8.8990067847E-01 -5.1664641822E-02
HessDelSqRho_EigVec3 =  8.3732226748E-03  6.2206574001E-02  9.9802817159E-01
</CP of DelSqRho>
<CP of DelSqRho>
CP# = 60      
Type = (3,+1)
Coords =  6.18156029953251E-03  5.38832293387082E-01  4.74676513602504E-01
DistFromNuc =  7.1811993751E-01
Rho =  1.0894588677E+00
DelSqRho = -9.7380783372E+00
GradDelSqRho =  7.1054273576E-15  3.5527136788E-15 -2.0428103653E-14
HessDelSqRho_EigVals = -1.1935206588E+02  2.4103111759E+02  9.6595133082E+02
HessDelSqRho_EigVec1 =  9.9995913162E-01 -4.6455490124E-03 -7.7558982483E-03
HessDelSqRho_EigVec2 =  2.7484024005E-03 -6.6107663849E-01  7.5031335076E-01
