 AIMInt (Version 14.11.23, Professional)
 Portions Copyright (c) 1997-2014 by Todd A. Keith
 AIMInt is a component of the AIMAll package ( http://aim.tkgristmill.com )

 AIMInt is a heavily modified and extended version of the PROAIMV program
 developed by members of R.F.W. Bader's research group

 Much of the Quantum Theory of Atoms in Molecules (QTAIM) is described in the book:
   "Atoms in Molecules - A Quantum Theory"
   R.F.W. Bader, Oxford University Press, Oxford, 1990

 For additional references see:  http://aim.tkgristmill.com/references.html

 Inp File:  E:\Proyecto spin\estructuras hexahidratadas\estructuras hexahidratadas solas\nuevas\Cr25_atomicfiles\cr1.inp
 Wfx File:  E:\Proyecto spin\estructuras hexahidratadas\estructuras hexahidratadas solas\nuevas\Cr25.wfx
 Out File:  E:\Proyecto spin\estructuras hexahidratadas\estructuras hexahidratadas solas\nuevas\Cr25_atomicfiles\cr1.int

 Wfx Title:   Cr[H2O]6 (2+)                                                                 
 Job Title:   Cr[H2O]6 (2+)                                                                 
 
<Atom>
Cr1     
</Atom>
<Nuclei of Molecule>
    19
Cr1       24.0          -1.0647702660E-04  -1.2098664051E-04   5.8802981155E-04
O2         8.0           1.1021665806E-02  -2.6531289379E-01   3.9689831260E+00
O3         8.0          -4.3869126558E+00  -7.0866619413E-02   3.1374483461E-03
O4         8.0           4.3868182935E+00   7.2120050118E-02  -6.7599175278E-03
O5         8.0          -1.0510794834E-02   2.6426478504E-01  -3.9678806119E+00
O6         8.0          -7.9742622340E-02   3.9731105182E+00   2.6525267446E-01
O7         8.0           7.9459307866E-02  -3.9732384953E+00  -2.6415712035E-01
H8         1.0          -1.4593848070E+00  -3.6025158016E-01   5.0418691019E+00
H9         1.0           1.4885766445E+00  -3.1320167728E-01   5.0351079278E+00
H10        1.0          -5.4694226634E+00  -1.5328331928E+00  -8.9995270005E-02
H11        1.0          -5.5027916220E+00   1.3655291354E+00   1.0088693631E-01
H12        1.0           5.5029835068E+00  -1.3640834009E+00  -1.0409937518E-01
H13        1.0           5.4690499383E+00   1.5343048977E+00   8.6101261585E-02
H14        1.0           1.4605087664E+00   3.5942736005E-01  -5.0399122094E+00
H15        1.0          -1.4875614253E+00   3.1357584018E-01  -5.0346273630E+00
H16        1.0          -8.5202643545E-02   4.9488691900E+00   1.8037317183E+00
H17        1.0          -9.1665096081E-02   5.1457320546E+00  -1.1288871451E+00
H18        1.0           8.4880376441E-02  -4.9487912903E+00  -1.8027644766E+00
H19        1.0           9.1518920370E-02  -5.1459924158E+00   1.1298713858E+00
</Nuclei of Molecule>
<Total Number of CPs of DelSqRho>
    64
</Total Number of CPs of DelSqRho>
<Number of (3,+3) CPs of DelSqRho>
     8
</Number of (3,+3) CPs of DelSqRho>
<Number of (3,+1) CPs of DelSqRho>
    18
</Number of (3,+1) CPs of DelSqRho>
<Number of (3,-1) CPs of DelSqRho>
    28
</Number of (3,-1) CPs of DelSqRho>
<Number of (3,-3) CPs of DelSqRho>
    10
</Number of (3,-3) CPs of DelSqRho>
<Number of Degenerate CPs of DelSqRho>
     0
</Number of Degenerate CPs of DelSqRho>
<CP of DelSqRho>
CP# = 1       
Type = (3,+3)
Coords =  2.39156613864441E-03 -1.29466048911123E-01  1.14000237404610E-01
DistFromNuc =  1.7204276848E-01
Rho =  8.0082844002E+01
DelSqRho = -4.2961201555E+03
GradDelSqRho = -4.5297099405E-13 -3.7232439354E-11 -2.3192114895E-11
HessDelSqRho_EigVals =  6.3495881722E+03  3.5383832807E+04  6.2298329062E+06
HessDelSqRho_EigVec1 =  9.9982360695E-01  1.8771648989E-02 -6.1658926000E-04
HessDelSqRho_EigVec2 = -1.1910740243E-02  6.5909464016E-01  7.5196568378E-01
HessDelSqRho_EigVec3 = -1.4522026544E-02  7.5182569822E-01 -6.5920196468E-01
</CP of DelSqRho>
<CP of DelSqRho>
CP# = 2       
Type = (3,+3)
Coords = -2.61875733057619E-03  1.29218715817006E-01 -1.12829888842045E-01
DistFromNuc =  1.7204271114E-01
Rho =  8.0082927524E+01
DelSqRho = -4.2961487255E+03
GradDelSqRho =  2.2559731860E-12  1.9042545318E-11 -2.7284841053E-11
HessDelSqRho_EigVals =  6.3597708207E+03  3.5385539901E+04  6.2298540677E+06
HessDelSqRho_EigVec1 =  9.9982226672E-01  1.8841296557E-02 -6.6371085486E-04
HessDelSqRho_EigVec2 = -1.1921887549E-02  6.5912855489E-01  7.5193577966E-01
HessDelSqRho_EigVec3 = -1.4604915793E-02  7.5179422296E-01 -6.5923602963E-01
</CP of DelSqRho>
<CP of DelSqRho>
CP# = 3       
Type = (3,-1)
Coords = -1.72153010356073E-01 -4.83489672830472E-03 -4.26740107435001E-05
DistFromNuc =  1.7211225513E-01
Rho =  8.0060997705E+01
DelSqRho = -4.2457293610E+03
GradDelSqRho = -2.7625901566E-11  1.8474111130E-13 -3.3129055055E-13
HessDelSqRho_EigVals = -6.8348723984E+02 -2.3436878461E+02  6.2151057518E+06
HessDelSqRho_EigVec1 = -2.7599111452E-02  9.9668780516E-01  7.6496458038E-02
HessDelSqRho_EigVec2 = -1.5623929391E-03 -7.6568525908E-02  9.9706309719E-01
HessDelSqRho_EigVec3 =  9.9961785097E-01  2.7398538018E-02  3.6704412696E-03
</CP of DelSqRho>
<CP of DelSqRho>
CP# = 4       
Type = (3,-1)
Coords = -3.53273735324530E-03  1.71393622546865E-01  1.19472768576792E-02
DistFromNuc =  1.7192449772E-01
Rho =  7.9926401902E+01
DelSqRho = -4.1649899075E+03
GradDelSqRho =  5.3015369872E-12  1.2988721210E-11  5.4001247918E-12
HessDelSqRho_EigVals = -3.5449890083E+04 -1.1604421268E+04  6.2551077245E+06
HessDelSqRho_EigVec1 =  2.6415539176E-03 -6.6031613818E-02  9.9781403486E-01
HessDelSqRho_EigVec2 =  9.9979790468E-01  2.0060140543E-02 -1.3193005635E-03
HessDelSqRho_EigVec3 = -1.9929174230E-02  9.9761586632E-01  6.6071259081E-02
</CP of DelSqRho>
<CP of DelSqRho>
CP# = 5       
Type = (3,-1)
Coords =  3.32413964721621E-03 -1.71635699566249E-01 -1.07680282980481E-02
DistFromNuc =  1.7192447742E-01
Rho =  7.9926430513E+01
DelSqRho = -4.1649940231E+03
GradDelSqRho =  3.8324898810E-12 -1.2668976979E-11  7.1054273576E-12
HessDelSqRho_EigVals = -3.5447534961E+04 -1.1606813122E+04  6.2551139989E+06
HessDelSqRho_EigVec1 =  2.6366718426E-03 -6.6013584957E-02  9.9781524069E-01
HessDelSqRho_EigVec2 =  9.9979741577E-01  2.0084897746E-02 -1.3131304648E-03
HessDelSqRho_EigVec3 = -1.9954332629E-02  9.9761656135E-01  6.6053168930E-02
</CP of DelSqRho>
<CP of DelSqRho>
CP# = 6       
Type = (3,-1)
Coords =  3.79503655441947E-04 -1.14818774628345E-02  1.72138204213992E-01
DistFromNuc =  1.7192663655E-01
Rho =  7.9923960121E+01
DelSqRho = -4.1655203859E+03
GradDelSqRho = -4.9205084451E-13 -2.6147972676E-12 -2.6545876608E-11
HessDelSqRho_EigVals = -3.5375475369E+04 -1.1084716738E+04  6.2546570270E+06
HessDelSqRho_EigVec1 = -1.8975521458E-02  9.9763114889E-01  6.6121254828E-02
HessDelSqRho_EigVec2 =  9.9981595372E-01  1.9120854113E-02 -1.5657684269E-03
HessDelSqRho_EigVec3 =  2.8263542220E-03 -6.6079374185E-02  9.9781036677E-01
</CP of DelSqRho>
<CP of DelSqRho>
CP# = 7       
Type = (3,-1)
Coords = -5.82556207227428E-04  1.12353893060817E-02 -1.70962382433444E-01
DistFromNuc =  1.7192654788E-01
Rho =  7.9924085171E+01
DelSqRho = -4.1655572977E+03
GradDelSqRho =  5.4356519286E-13 -2.5181634555E-11  1.5779733076E-10
HessDelSqRho_EigVals = -3.5373062780E+04 -1.1073476673E+04  6.2546883258E+06
HessDelSqRho_EigVec1 = -1.8980351012E-02  9.9763284483E-01  6.6094274978E-02
HessDelSqRho_EigVec2 =  9.9981602214E-01  1.9121851070E-02 -1.5088694786E-03
HessDelSqRho_EigVec3 =  2.7691426331E-03 -6.6053476222E-02  9.9781224192E-01
</CP of DelSqRho>
<CP of DelSqRho>
CP# = 8       
Type = (3,+3)
Coords = -2.00798746256402E-03  1.13144027456643E-01  1.30072085188140E-01
DistFromNuc =  1.7204272655E-01
Rho =  8.0082963269E+01
DelSqRho = -4.2961537039E+03
GradDelSqRho =  2.6467716907E-13 -1.9895196601E-11  4.5794479320E-11
HessDelSqRho_EigVals =  6.3500822699E+03  3.5389085277E+04  6.2298545086E+06
HessDelSqRho_EigVec1 =  9.9981442213E-01  1.9153073380E-02 -2.0690790726E-03
HessDelSqRho_EigVec2 = -1.5777206476E-02  7.5245845277E-01 -6.5845072451E-01
HessDelSqRho_EigVec3 = -1.1054459006E-02  6.5836117491E-01  7.5262099513E-01
</CP of DelSqRho>
<CP of DelSqRho>
CP# = 9       
Type = (3,+3)
Coords =  1.78405614856902E-03 -1.13383983011778E-01 -1.28897886732045E-01
DistFromNuc =  1.7204267798E-01
Rho =  8.0083021231E+01
DelSqRho = -4.2961649440E+03
GradDelSqRho =  1.2718714970E-12  2.8421709430E-12  1.1496581465E-11
HessDelSqRho_EigVals =  6.3545485197E+03  3.5387067919E+04  6.2298694473E+06
HessDelSqRho_EigVec1 =  9.9981528778E-01  1.9103340459E-02 -2.1101452730E-03
HessDelSqRho_EigVec2 = -1.5767002771E-02  7.5247002777E-01 -6.5843774112E-01
HessDelSqRho_EigVec3 = -1.0990539268E-02  6.5834939029E-01  7.5263223978E-01
</CP of DelSqRho>
<CP of DelSqRho>
CP# = 10      
Type = (3,-3)
Coords =  7.35604267310852E-04 -2.02371696645507E-02  3.04514076568654E-01
DistFromNuc =  3.0459220577E-01
Rho =  1.9004617955E+01
DelSqRho =  1.3171340499E+03
GradDelSqRho =  3.4999780851E-14 -2.5401902803E-13  1.2228440482E-11
HessDelSqRho_EigVals = -3.5305563166E+05 -9.6398531543E+03 -3.2624436858E+03
HessDelSqRho_EigVec1 =  2.7654288179E-03 -6.6044371196E-02  9.9781285492E-01
HessDelSqRho_EigVec2 = -1.9001909804E-02  9.9763304006E-01  6.6085133018E-02
HessDelSqRho_EigVec3 =  9.9981562292E-01  1.9143103602E-02 -1.5039139741E-03
</CP of DelSqRho>
<CP of DelSqRho>
CP# = 11      
Type = (3,-1)
Coords =  1.71912629278666E-01  5.13478081332136E-03 -1.51502801974865E-03
DistFromNuc =  1.7211222757E-01
Rho =  8.0061015030E+01
DelSqRho = -4.2457379688E+03
GradDelSqRho =  3.3310243452E-11  9.3294261205E-12  4.0145664570E-13
HessDelSqRho_EigVals = -6.8349625587E+02 -2.2972858161E+02  6.2151143064E+06
HessDelSqRho_EigVec1 = -2.9775995923E-02  9.9780609983E-01  5.9130171657E-02
HessDelSqRho_EigVec2 =  1.4012295488E-02 -5.8733904716E-02  9.9817532729E-01
HessDelSqRho_EigVec3 =  9.9945837614E-01  3.0550213913E-02 -1.2232693404E-02
</CP of DelSqRho>
<CP of DelSqRho>
CP# = 12      
Type = (3,+1)
Coords =  3.05277694222892E-01 -6.54380067814847E-03  1.77012495748453E-05
DistFromNuc =  3.0545223827E-01
Rho =  1.9372345977E+01
DelSqRho =  1.2378705364E+03
GradDelSqRho =  6.8212102633E-13 -5.1159076975E-13  2.4868995752E-14
HessDelSqRho_EigVals = -3.4612332774E+05  5.9117168123E+01  1.4824483611E+02
HessDelSqRho_EigVec1 =  9.9977636512E-01 -2.1064847657E-02 -1.8686732660E-03
HessDelSqRho_EigVec2 =  2.1138875523E-02  9.9798975155E-01  5.9746160870E-02
HessDelSqRho_EigVec3 =  6.0637299163E-04 -5.9772301196E-02  9.9821185343E-01
</CP of DelSqRho>
<CP of DelSqRho>
CP# = 13      
Type = (3,+1)
Coords = -3.05492217176582E-01  6.19830622544799E-03  1.37796052146719E-03
DistFromNuc =  3.0545213658E-01
Rho =  1.9372371655E+01
DelSqRho =  1.2378714745E+03
GradDelSqRho = -1.2022383089E-11  2.8421709430E-14 -3.8191672047E-14
HessDelSqRho_EigVals = -3.4612396404E+05  5.8854031574E+01  1.4830865194E+02
HessDelSqRho_EigVec1 =  9.9978183602E-01 -2.0726725337E-02 -2.5851916595E-03
HessDelSqRho_EigVec2 =  2.0849582162E-02  9.9773908370E-01  6.3890654817E-02
HessDelSqRho_EigVec3 =  1.2551027035E-03 -6.3930616344E-02  9.9795355654E-01
</CP of DelSqRho>
<CP of DelSqRho>
CP# = 14      
Type = (3,+1)
Coords = -3.45929080281727E-03  2.01033546810887E-01  2.30671140243624E-01
DistFromNuc =  3.0563479088E-01
Rho =  1.9279832401E+01
DelSqRho =  1.2057050057E+03
GradDelSqRho =  1.1413092693E-13  3.0979663279E-12  8.2067685980E-13
HessDelSqRho_EigVals = -3.4416439421E+05  1.4764618496E+03  9.5566144659E+03
HessDelSqRho_EigVec1 = -1.0972683872E-02  6.5815713383E-01  7.5280062925E-01
HessDelSqRho_EigVec2 =  9.9981584938E-01  1.9074666346E-02 -2.1034314060E-03
HessDelSqRho_EigVec3 = -1.5743809214E-02  7.5263892026E-01 -6.5824523407E-01
</CP of DelSqRho>
<CP of DelSqRho>
CP# = 15      
Type = (3,-3)
Coords = -6.14713892900012E-03  3.03737282783029E-01  2.07175787123146E-02
DistFromNuc =  3.0458420220E-01
Rho =  1.9005749265E+01
DelSqRho =  1.3178360069E+03
GradDelSqRho =  1.5099033135E-13  1.2363443602E-11 -4.1922021410E-13
HessDelSqRho_EigVals = -3.5314366132E+05 -9.6709291551E+03 -3.4102383753E+03
HessDelSqRho_EigVec1 = -1.9835603911E-02  9.9761664159E-01  6.6087708663E-02
HessDelSqRho_EigVec2 =  2.6514107374E-03 -6.6047993571E-02  9.9781292463E-01
HessDelSqRho_EigVec3 =  9.9979973937E-01  1.9967447611E-02 -1.3349896357E-03
</CP of DelSqRho>
<CP of DelSqRho>
CP# = 16      
Type = (3,-3)
Coords =  5.93452211929903E-03 -3.03979213516515E-01 -1.95417703255003E-02
DistFromNuc =  3.0458418305E-01
Rho =  1.9005754235E+01
DelSqRho =  1.3178368580E+03
GradDelSqRho = -2.8421709430E-13 -7.7591266745E-12 -1.2789769244E-13
HessDelSqRho_EigVals = -3.5314402373E+05 -9.6708853598E+03 -3.4103002733E+03
HessDelSqRho_EigVec1 = -1.9836905241E-02  9.9761657633E-01  6.6088303163E-02
HessDelSqRho_EigVec2 =  2.6511065030E-03 -6.6048592527E-02  9.9781288580E-01
HessDelSqRho_EigVec3 =  9.9979971436E-01  1.9968726794E-02 -1.3345881218E-03
</CP of DelSqRho>
<CP of DelSqRho>
CP# = 17      
Type = (3,-3)
Coords = -9.47570643093023E-04  1.99941053764905E-02 -3.03338305068907E-01
DistFromNuc =  3.0459241849E-01
Rho =  1.9004571619E+01
DelSqRho =  1.3171335377E+03
GradDelSqRho =  2.6562085864E-14  1.5987211555E-14 -6.0538241087E-12
HessDelSqRho_EigVals = -3.5305474137E+05 -9.6397941971E+03 -3.2622051768E+03
HessDelSqRho_EigVec1 =  2.7617168993E-03 -6.6039854581E-02  9.9781316414E-01
HessDelSqRho_EigVec2 = -1.9002352596E-02  9.9763333541E-01  6.6080546824E-02
HessDelSqRho_EigVec3 =  9.9981562476E-01  1.9143293333E-02 -1.5002682396E-03
</CP of DelSqRho>
<CP of DelSqRho>
CP# = 18      
Type = (3,+1)
Coords =  4.33933653916068E-03 -2.29846018738588E-01  2.02129676916617E-01
DistFromNuc =  3.0563440766E-01
Rho =  1.9279927593E+01
DelSqRho =  1.2057036453E+03
GradDelSqRho = -2.3633872637E-13  7.7875483839E-12 -2.4158453016E-13
HessDelSqRho_EigVals = -3.4416706014E+05  1.4775392113E+03  9.5567132769E+03
HessDelSqRho_EigVec1 = -1.4550205942E-02  7.5163666160E-01 -6.5941687910E-01
HessDelSqRho_EigVec2 =  9.9982327376E-01  1.8788420603E-02 -6.4537140914E-04
HessDelSqRho_EigVec3 = -1.1904316866E-02  6.5930973312E-01  7.5177720307E-01
</CP of DelSqRho>
<CP of DelSqRho>
CP# = 19      
Type = (3,+1)
Coords = -4.55393090560137E-03  2.29603970735671E-01 -2.00953987370912E-01
DistFromNuc =  3.0563461940E-01
Rho =  1.9279881923E+01
DelSqRho =  1.2057023697E+03
GradDelSqRho = -6.6641137053E-14 -1.0942358131E-12  1.0942358131E-12
HessDelSqRho_EigVals = -3.4416590587E+05  1.4777455590E+03  9.5567215895E+03
HessDelSqRho_EigVec1 = -1.4555196619E-02  7.5163649528E-01 -6.5941695855E-01
HessDelSqRho_EigVec2 =  9.9982319227E-01  1.8792662440E-02 -6.4810619192E-04
HessDelSqRho_EigVec3 = -1.1905060043E-02  6.5930980184E-01  7.5177713103E-01
</CP of DelSqRho>
<CP of DelSqRho>
CP# = 20      
Type = (3,+1)
Coords =  3.24521443311114E-03 -2.01275411584986E-01 -2.29495172302106E-01
DistFromNuc =  3.0563477617E-01
Rho =  1.9279834520E+01
DelSqRho =  1.2057066174E+03
GradDelSqRho =  7.8603790143E-14 -2.5863755582E-12 -5.5777604757E-13
HessDelSqRho_EigVals = -3.4416492944E+05  1.4765319003E+03  9.5565389485E+03
HessDelSqRho_EigVec1 = -1.0969297850E-02  6.5815708381E-01  7.5280072233E-01
HessDelSqRho_EigVec2 =  9.9981589684E-01  1.9071945255E-02 -2.1055472674E-03
HessDelSqRho_EigVec3 = -1.5743155014E-02  7.5263903296E-01 -6.5824512086E-01
</CP of DelSqRho>
<CP of DelSqRho>
CP# = 21      
Type = (3,-1)
Coords = -2.96845208758137E-01  4.97665908950085E-02  5.30558259096761E-02
DistFromNuc =  3.0544314517E-01
Rho =  1.9361909172E+01
DelSqRho =  1.2379809465E+03
GradDelSqRho = -5.0306425692E-12 -1.4779288904E-12  2.2879476091E-12
HessDelSqRho_EigVals = -3.4617590725E+05 -1.7342165522E+02  5.9721877741E+02
HessDelSqRho_EigVec1 =  9.7145353933E-01 -1.6347846367E-01 -1.7190931572E-01
HessDelSqRho_EigVec2 =  2.3590078587E-01  5.8909137311E-01  7.7286620663E-01
HessDelSqRho_EigVec3 =  2.5076685234E-02  7.9135715454E-01 -6.1083959745E-01
</CP of DelSqRho>
<CP of DelSqRho>
CP# = 22      
Type = (3,-1)
Coords =  2.96919927415137E-01 -5.61960629848617E-02  4.44798682801081E-02
DistFromNuc =  3.0544327232E-01
Rho =  1.9361953010E+01
DelSqRho =  1.2379751382E+03
GradDelSqRho = -1.0778933301E-11 -1.2505552149E-12 -1.0373923942E-12
HessDelSqRho_EigVals = -3.4617521418E+05 -1.7072815219E+02  5.9496353147E+02
HessDelSqRho_EigVec1 =  9.7239552880E-01 -1.8375148852E-01  1.4381351134E-01
HessDelSqRho_EigVec2 =  2.3172433174E-01  6.8807886221E-01 -6.8764184970E-01
HessDelSqRho_EigVec3 =  2.7400176203E-02  7.0198494987E-01  7.1166449996E-01
</CP of DelSqRho>
<CP of DelSqRho>
CP# = 23      
Type = (3,-1)
Coords =  2.96602404370029E-01 -5.01131953165974E-02 -5.19486564562491E-02
DistFromNuc =  3.0544309557E-01
Rho =  1.9361880220E+01
DelSqRho =  1.2379814303E+03
GradDelSqRho = -6.8922645369E-12 -2.1600499167E-12 -2.2488677587E-12
HessDelSqRho_EigVals = -3.4617625970E+05 -1.7431048161E+02  5.9886015722E+02
HessDelSqRho_EigVec1 =  9.7135546321E-01 -1.6382026616E-01 -1.7213798094E-01
HessDelSqRho_EigVec2 =  2.3627504764E-01  5.8854094464E-01  7.7317117015E-01
HessDelSqRho_EigVec3 =  2.5350856973E-02  7.9169594977E-01 -6.1038910309E-01
</CP of DelSqRho>
<CP of DelSqRho>
CP# = 24      
Type = (3,-1)
Coords =  2.94248700106218E-01  6.12077721986585E-02  5.43384298719537E-02
DistFromNuc =  3.0544278101E-01
Rho =  1.9361276942E+01
DelSqRho =  1.2380312945E+03
GradDelSqRho = -1.9682033781E-12 -1.3073986338E-12 -1.5880630144E-12
HessDelSqRho_EigVals = -3.4617810984E+05 -1.9162164185E+02  6.1276432683E+02
HessDelSqRho_EigVec1 =  9.6364491418E-01  2.0092760586E-01  1.7611523667E-01
HessDelSqRho_EigVec2 = -2.6318475368E-01  6.0017108925E-01  7.5533333639E-01
HessDelSqRho_EigVec3 = -4.6068045482E-02  7.7422397330E-01 -6.3123290024E-01
</CP of DelSqRho>
<CP of DelSqRho>
CP# = 25      
Type = (3,-1)
Coords = -2.93990654439908E-01 -6.87283869335986E-02  4.77076869366746E-02
DistFromNuc =  3.0544254320E-01
Rho =  1.9361037999E+01
DelSqRho =  1.2380423649E+03
GradDelSqRho = -3.0198066270E-12  4.3769432523E-12  2.6574298317E-12
HessDelSqRho_EigVals = -3.4617965770E+05 -1.9729396597E+02  6.2083063730E+02
HessDelSqRho_EigVec1 =  9.6210225609E-01  2.2477555080E-01 -1.5438652985E-01
HessDelSqRho_EigVec2 = -2.6912903670E-01  6.9151684552E-01 -6.7035364843E-01
HessDelSqRho_EigVec3 = -4.3918224446E-02  6.8649865559E-01  7.2580354466E-01
</CP of DelSqRho>
<CP of DelSqRho>
CP# = 26      
Type = (3,-1)
Coords =  2.93742880206939E-01  6.85917957975845E-02 -4.65941207685821E-02
DistFromNuc =  3.0544237845E-01
Rho =  1.9361031632E+01
DelSqRho =  1.2380435160E+03
GradDelSqRho =  8.3844042820E-13  2.2737367544E-13  1.1652900866E-12
HessDelSqRho_EigVals = -3.4618059693E+05 -1.9828229497E+02  6.2246529249E+02
HessDelSqRho_EigVec1 =  9.6198798161E-01  2.2512175717E-01 -1.5459404158E-01
HessDelSqRho_EigVec2 = -2.6950293227E-01  6.9111566028E-01 -6.7061711401E-01
HessDelSqRho_EigVec3 = -4.4128139975E-02  6.8678915146E-01  7.2551593277E-01
</CP of DelSqRho>
<CP of DelSqRho>
CP# = 27      
Type = (3,-1)
Coords = -2.97105524644092E-01  5.60524498932761E-02 -4.33609775869593E-02
DistFromNuc =  3.0544296441E-01
Rho =  1.9361979761E+01
DelSqRho =  1.2379776817E+03
GradDelSqRho = -3.8369307731E-13  2.2168933356E-12 -3.0127011996E-12
HessDelSqRho_EigVals = -3.4617708615E+05 -1.7169755173E+02  5.9637147450E+02
HessDelSqRho_EigVec1 =  9.7230639439E-01 -1.8407433270E-01  1.4400317870E-01
HessDelSqRho_EigVec2 =  2.3207557281E-01  6.8771297102E-01 -6.8788937918E-01
HessDelSqRho_EigVec3 =  2.7589924579E-02  7.0225886220E-01  7.1138687543E-01
</CP of DelSqRho>
<CP of DelSqRho>
CP# = 28      
Type = (3,-1)
Coords = -2.94439123678723E-01 -6.15281236780911E-02 -5.31951005339712E-02
DistFromNuc =  3.0544257803E-01
Rho =  1.9361292418E+01
DelSqRho =  1.2380333306E+03
GradDelSqRho = -2.9913849176E-12  2.6716406865E-12  3.8795633373E-12
HessDelSqRho_EigVals = -3.4617946140E+05 -1.9226308167E+02  6.1374121873E+02
HessDelSqRho_EigVec1 =  9.6357153143E-01  2.0118313685E-01  1.7622499616E-01
HessDelSqRho_EigVec2 = -2.6339796602E-01  5.9956649522E-01  7.5573906165E-01
HessDelSqRho_EigVec3 = -4.6383351746E-02  7.7462595054E-01 -6.3071643503E-01
</CP of DelSqRho>
<CP of DelSqRho>
CP# = 29      
Type = (3,-1)
Coords =  6.94049656370107E-01  1.84319109806507E-02 -8.40642486736075E-04
DistFromNuc =  6.9440549296E-01
Rho =  2.2442678931E+00
DelSqRho = -1.7318978711E+01
GradDelSqRho = -4.9737991503E-14 -1.3322676296E-15  1.5959455979E-16
HessDelSqRho_EigVals = -1.0868082163E+01 -7.1475183998E+00  2.3773721313E+03
HessDelSqRho_EigVec1 = -2.6471300178E-02  9.9733528792E-01  6.7982304537E-02
HessDelSqRho_EigVec2 =  3.8633263085E-03 -6.7903561532E-02  9.9768440954E-01
HessDelSqRho_EigVec3 =  9.9964210845E-01  2.6672641313E-02 -2.0555360958E-03
</CP of DelSqRho>
<CP of DelSqRho>
CP# = 30      
Type = (3,-1)
Coords = -6.94254313777483E-01 -1.88680131679399E-02  2.80118540990948E-03
DistFromNuc =  6.9440447027E-01
Rho =  2.2442817145E+00
DelSqRho = -1.7319350796E+01
GradDelSqRho = -2.2737367544E-13 -1.2434497876E-14  1.1327744298E-15
HessDelSqRho_EigVals = -1.0864606035E+01 -7.1418983277E+00  2.3774056951E+03
HessDelSqRho_EigVec1 = -2.6675870233E-02  9.9739884069E-01  6.6962306773E-02
HessDelSqRho_EigVec2 =  4.9693129705E-03 -6.6853006991E-02  9.9775046048E-01
HessDelSqRho_EigVec3 =  9.9963178415E-01  2.6948618468E-02 -3.1730248566E-03
</CP of DelSqRho>
<CP of DelSqRho>
CP# = 31      
Type = (3,-1)
Coords = -1.42930515116039E-02  7.18897960803445E-01  4.82308123055578E-02
DistFromNuc =  7.2073527762E-01
Rho =  1.7535142204E+00
DelSqRho = -6.1562209185E+00
GradDelSqRho = -4.2188474936E-15 -6.3948846218E-14 -7.3274719625E-15
HessDelSqRho_EigVals = -2.7063726786E+02 -8.9529367881E+01  1.7357802593E+03
HessDelSqRho_EigVec1 =  2.6688042949E-03 -6.6061809177E-02  9.9781196367E-01
HessDelSqRho_EigVec2 =  9.9980270784E-01  1.9816405861E-02 -1.3621505731E-03
HessDelSqRho_EigVec3 = -1.9683060714E-02  9.9761873851E-01  6.6101661809E-02
</CP of DelSqRho>
<CP of DelSqRho>
CP# = 32      
Type = (3,-1)
Coords =  1.40762101552095E-02 -7.19139490506420E-01 -4.70552039363351E-02
DistFromNuc =  7.2073478842E-01
Rho =  1.7535184652E+00
DelSqRho = -6.1563196476E+00
GradDelSqRho = -6.6613381478E-16  1.4210854715E-14 -4.2188474936E-15
HessDelSqRho_EigVals = -2.7064145749E+02 -8.9523595996E+01  1.7357934649E+03
HessDelSqRho_EigVec1 =  2.6701429587E-03 -6.6062031480E-02  9.9781194538E-01
HessDelSqRho_EigVec2 =  9.9980280532E-01  1.9811371936E-02 -1.3638210592E-03
HessDelSqRho_EigVec3 = -1.9677926782E-02  9.9761882377E-01  6.6101903594E-02
</CP of DelSqRho>
<CP of DelSqRho>
CP# = 33      
Type = (3,-1)
Coords =  1.86171070135298E-03 -4.76965479755202E-02  7.19499998389706E-01
DistFromNuc =  7.2048714518E-01
Rho =  1.7552799508E+00
DelSqRho = -6.2485699343E+00
GradDelSqRho = -5.6205040622E-16  1.5543122345E-14 -9.4146912488E-14
HessDelSqRho_EigVals = -2.7040919104E+02 -8.6004218801E+01  1.7419708808E+03
HessDelSqRho_EigVec1 = -1.9125441171E-02  9.9763111751E-01  6.6078520532E-02
HessDelSqRho_EigVec2 =  9.9981335889E-01  1.9264159873E-02 -1.4627107786E-03
HessDelSqRho_EigVec3 =  2.7321929723E-03 -6.6038212575E-02  9.9781335409E-01
</CP of DelSqRho>
<CP of DelSqRho>
CP# = 34      
Type = (3,-1)
Coords = -2.08276592298450E-03  4.74606545251739E-02 -7.18326336861049E-01
DistFromNuc =  7.2048996169E-01
Rho =  1.7552477858E+00
DelSqRho = -6.2477158068E+00
GradDelSqRho =  1.5265566589E-16 -1.1102230246E-15  9.2370555649E-14
HessDelSqRho_EigVals = -2.7040574615E+02 -8.6024778628E+01  1.7418981842E+03
HessDelSqRho_EigVec1 = -1.9125393353E-02  9.9763065651E-01  6.6085493980E-02
HessDelSqRho_EigVec2 =  9.9981333209E-01  1.9264791183E-02 -1.4726835547E-03
HessDelSqRho_EigVec3 =  2.7423175033E-03 -6.6044992286E-02  9.9781287759E-01
</CP of DelSqRho>
<CP of DelSqRho>
CP# = 35      
Type = (3,+3)
Coords = -7.77724036099733E-03  4.47068359297210E-01  5.11952962717278E-01
DistFromNuc =  6.7936091022E-01
Rho =  2.3520729072E+00
DelSqRho = -2.5723010820E+01
GradDelSqRho =  4.4131365229E-15 -1.0302869669E-13 -1.4566126083E-13
HessDelSqRho_EigVals =  6.5649195614E+01  3.7184587162E+02  2.9265337153E+03
HessDelSqRho_EigVec1 =  9.9981323915E-01  1.9239101347E-02 -1.8286040758E-03
HessDelSqRho_EigVec2 = -1.5685157461E-02  7.5254906695E-01 -6.5834935837E-01
HessDelSqRho_EigVec3 = -1.1289935736E-02  6.5825508643E-01  7.5271028858E-01
</CP of DelSqRho>
<CP of DelSqRho>
CP# = 36      
Type = (3,+3)
Coords =  1.00821760712429E-02 -5.10803948631816E-01  4.48495248464701E-01
DistFromNuc =  6.7935393783E-01
Rho =  2.3521840384E+00
DelSqRho = -2.5725975557E+01
GradDelSqRho = -2.5535129566E-15 -1.7763568394E-14 -1.4210854715E-14
HessDelSqRho_EigVals =  6.5707549928E+01  3.7189184950E+02  2.9267912841E+03
HessDelSqRho_EigVec1 =  9.9981720306E-01  1.9095007519E-02 -9.7012954519E-04
HessDelSqRho_EigVec2 = -1.1860281222E-02  6.5920499062E-01  7.5186974541E-01
HessDelSqRho_EigVec3 = -1.4996472680E-02  7.5172079991E-01 -6.5931096213E-01
</CP of DelSqRho>
<CP of DelSqRho>
CP# = 37      
Type = (3,+3)
Coords = -1.02828157613294E-02  5.10568048230253E-01 -4.47315768452671E-01
DistFromNuc =  6.7935606327E-01
Rho =  2.3521507591E+00
DelSqRho = -2.5724884243E+01
GradDelSqRho = -5.5511151231E-16  7.1054273576E-15 -1.7763568394E-14
HessDelSqRho_EigVals =  6.5676811719E+01  3.7188061206E+02  2.9267066097E+03
HessDelSqRho_EigVec1 =  9.9981750439E-01  1.9079781288E-02 -9.5909137141E-04
HessDelSqRho_EigVec2 = -1.1858398542E-02  6.5919792284E-01  7.5187597176E-01
HessDelSqRho_EigVec3 = -1.4977860136E-02  7.5172738441E-01 -6.5930387777E-01
</CP of DelSqRho>
<CP of DelSqRho>
CP# = 38      
Type = (3,+3)
Coords =  7.57430660021835E-03 -4.47312220604410E-01 -5.10774692188934E-01
DistFromNuc =  6.7936060205E-01
Rho =  2.3520777022E+00
DelSqRho = -2.5723023035E+01
GradDelSqRho = -1.4849232954E-15  2.8421709430E-14  1.2789769244E-13
HessDelSqRho_EigVals =  6.5636317310E+01  3.7185145232E+02  2.9265490987E+03
HessDelSqRho_EigVec1 =  9.9981302934E-01  1.9250901455E-02 -1.8191086948E-03
HessDelSqRho_EigVec2 = -1.5687739599E-02  7.5254613152E-01 -6.5835265228E-01
HessDelSqRho_EigVec3 = -1.1304918820E-02  6.5825809735E-01  7.5270743060E-01
</CP of DelSqRho>
<CP of DelSqRho>
CP# = 39      
Type = (3,+1)
Coords = -6.65875562409234E-01  1.96215532198471E-01  1.56634945834396E-02
DistFromNuc =  6.9427931938E-01
Rho =  2.2354171562E+00
DelSqRho = -1.7447430825E+01
GradDelSqRho = -3.1914193510E-12 -2.2524204724E-12  2.2759572005E-12
HessDelSqRho_EigVals = -2.6631980853E+01  2.0362778704E+01  2.3875027725E+03
HessDelSqRho_EigVec1 =  3.5204327004E-03 -6.4656972531E-02  9.9790133904E-01
HessDelSqRho_EigVec2 =  2.8248737326E-01  9.5732755053E-01  6.1031507794E-02
HessDelSqRho_EigVec3 =  9.5926455710E-01 -2.8167967072E-01 -2.1634985547E-02
</CP of DelSqRho>
<CP of DelSqRho>
CP# = 40      
Type = (3,+1)
Coords =  6.65672271743878E-01 -1.96446057288493E-01 -1.42901376250418E-02
DistFromNuc =  6.9428109260E-01
Rho =  2.2353955376E+00
DelSqRho = -1.7446819732E+01
GradDelSqRho =  1.3405943022E-14 -1.4210854715E-14 -7.5495165675E-15
HessDelSqRho_EigVals = -2.6634816127E+01  2.0350512766E+01  2.3874443795E+03
HessDelSqRho_EigVec1 =  3.0113669710E-03 -6.5407454859E-02  9.9785409581E-01
HessDelSqRho_EigVec2 =  2.8245421995E-01  9.5728185299E-01  6.1895618345E-02
HessDelSqRho_EigVec3 =  9.5927605271E-01 -2.8166170983E-01 -2.1357338595E-02
</CP of DelSqRho>
<CP of DelSqRho>
CP# = 41      
Type = (3,+1)
Coords = -6.58654418701680E-01 -2.19764751703955E-01 -1.17288155477856E-02
DistFromNuc =  6.9432015648E-01
Rho =  2.2350622102E+00
DelSqRho = -1.7428116391E+01
GradDelSqRho = -1.6919798895E-13 -9.2370555649E-14 -1.0658141036E-14
HessDelSqRho_EigVals = -2.6342406776E+01  1.9212865941E+01  2.3861385339E+03
HessDelSqRho_EigVec1 =  3.9146227187E-03 -6.7714524154E-02  9.9769705770E-01
HessDelSqRho_EigVec2 = -3.1570853187E-01  9.4659381941E-01  6.5484837642E-02
HessDelSqRho_EigVec3 =  9.4884814308E-01  3.1523782177E-01  1.7672495336E-02
</CP of DelSqRho>
<CP of DelSqRho>
CP# = 42      
Type = (3,+1)
Coords =  6.58411579721277E-01  2.19600721692963E-01  1.31143112303549E-02
DistFromNuc =  6.9432022000E-01
Rho =  2.2350507535E+00
DelSqRho = -1.7428104544E+01
GradDelSqRho =  5.4312110365E-13  3.5527136788E-13  1.9539925233E-14
HessDelSqRho_EigVals = -2.6361581429E+01  1.9237082608E+01  2.3861416645E+03
HessDelSqRho_EigVec1 =  3.3575188411E-03 -6.6949843632E-02  9.9775069306E-01
HessDelSqRho_EigVec2 = -3.1584509303E-01  9.4661034983E-01  6.4581133543E-02
HessDelSqRho_EigVec3 =  9.4880482939E-01  3.1535149284E-01  1.7967517506E-02
</CP of DelSqRho>
<CP of DelSqRho>
CP# = 43      
Type = (3,+1)
Coords = -6.71569984800461E-01 -2.67942708161733E-02  1.75586984081982E-01
DistFromNuc =  6.9440574620E-01
Rho =  2.2368680544E+00
DelSqRho = -1.7372323513E+01
GradDelSqRho =  3.5527136788E-14 -3.9968028887E-15  8.8817841970E-15
HessDelSqRho_EigVals = -2.4447131152E+01  1.3198697887E+01  2.3819242661E+03
HessDelSqRho_EigVec1 = -2.4807994559E-02  9.9807713188E-01  5.6803188455E-02
HessDelSqRho_EigVec2 =  2.5259747460E-01 -4.8718671394E-02  9.6634414516E-01
HessDelSqRho_EigVec3 =  9.6725336868E-01  3.8321402248E-02 -2.5090315043E-01
</CP of DelSqRho>
<CP of DelSqRho>
CP# = 44      
Type = (3,+1)
Coords =  6.71254624461772E-01  2.65139655405665E-02 -1.74802869568475E-01
DistFromNuc =  6.9440414519E-01
Rho =  2.2368544155E+00
DelSqRho = -1.7372952564E+01
GradDelSqRho =  7.1054273576E-15 -2.6645352591E-15 -1.8651746814E-14
HessDelSqRho_EigVals = -2.4507974839E+01  1.3290872606E+01  2.3819980857E+03
HessDelSqRho_EigVec1 = -2.4645423766E-02  9.9806409322E-01  5.7102267190E-02
HessDelSqRho_EigVec2 =  2.5316957346E-01 -4.9026442189E-02  9.6617885251E-01
HessDelSqRho_EigVec3 =  9.6710794132E-01  3.8268443882E-02 -2.5147118332E-01
</CP of DelSqRho>
<CP of DelSqRho>
CP# = 45      
Type = (3,+1)
Coords =  6.72085247230396E-01  3.22204511359504E-03  1.74773792043506E-01
DistFromNuc =  6.9440159115E-01
Rho =  2.2368663957E+00
DelSqRho = -1.7374611449E+01
GradDelSqRho =  7.8159700934E-14 -2.3314683517E-15 -6.2172489379E-15
HessDelSqRho_EigVals = -2.4557126151E+01  1.3435531594E+01  2.3820847021E+03
HessDelSqRho_EigVec1 = -2.4338421918E-02  9.9689298428E-01  7.4913410774E-02
HessDelSqRho_EigVec2 = -2.4858895816E-01 -7.8616932740E-02  9.6541333519E-01
HessDelSqRho_EigVec3 =  9.6830324336E-01  4.8739903404E-03  2.4973000044E-01
</CP of DelSqRho>
<CP of DelSqRho>
CP# = 46      
Type = (3,+1)
Coords = -6.72225796280216E-01 -3.49299427691926E-03 -1.73862478109677E-01
DistFromNuc =  6.9439810589E-01
Rho =  2.2368904615E+00
DelSqRho = -1.7375853169E+01
GradDelSqRho = -4.2632564146E-14 -3.6637359813E-15 -2.0428103653E-14
HessDelSqRho_EigVals = -2.4592311453E+01  1.3509029189E+01  2.3822124737E+03
HessDelSqRho_EigVec1 = -2.4468481391E-02  9.9687320499E-01  7.5133924326E-02
HessDelSqRho_EigVec2 = -2.4896377085E-01 -7.8864875406E-02  9.6529652037E-01
HessDelSqRho_EigVec3 =  9.6820366361E-01  4.9137148264E-03  2.5011501591E-01
</CP of DelSqRho>
<CP of DelSqRho>
CP# = 47      
Type = (3,-1)
Coords =  1.00562858942271E+00 -1.02995235149476E-02  4.51721844509047E-01
DistFromNuc =  1.1023286013E+00
Rho =  6.4769003129E-01
DelSqRho =  3.6810235575E+00
GradDelSqRho = -2.6645352591E-15  7.9797279895E-17  6.4392935428E-15
HessDelSqRho_EigVals = -1.3668727027E+02 -2.3690986005E+00  1.6513896366E+00
HessDelSqRho_EigVec1 =  9.0973149091E-01 -9.6081421962E-03  4.1508589237E-01
HessDelSqRho_EigVec2 = -1.9921201672E-02  9.9757071829E-01  6.6751836956E-02
HessDelSqRho_EigVec3 = -4.1471889294E-01 -6.8995257929E-02  9.0733009110E-01
</CP of DelSqRho>
<CP of DelSqRho>
CP# = 48      
Type = (3,-1)
Coords = -1.00584367791090E+00  1.01155027599514E-02 -4.50542621297340E-01
DistFromNuc =  1.1023297906E+00
Rho =  6.4768474742E-01
DelSqRho =  3.6812496438E+00
GradDelSqRho = -1.3322676296E-14  1.1102230246E-16 -7.1054273576E-15
HessDelSqRho_EigVals = -1.3669214705E+02 -2.3699890453E+00  1.6495355968E+00
HessDelSqRho_EigVec1 =  9.0973294801E-01 -9.6550637708E-03  4.1508161011E-01
HessDelSqRho_EigVec2 = -1.9816853122E-02  9.9758048161E-01  6.6636889479E-02
HessDelSqRho_EigVec3 = -4.1472069594E-01 -6.8847385213E-02  9.0734049943E-01
</CP of DelSqRho>
<CP of DelSqRho>
CP# = 49      
Type = (3,-3)
Coords =  2.04470203895996E-02 -1.04059775428114E+00 -6.83482761204982E-02
DistFromNuc =  1.0429604808E+00
Rho =  6.4146082121E-01
DelSqRho =  5.1262875439E+00
GradDelSqRho = -8.3266726847E-16  2.3092638912E-14  1.6653345369E-15
HessDelSqRho_EigVals = -1.6549842704E+02 -2.1583613083E+01 -7.5787102035E+00
HessDelSqRho_EigVec1 = -1.9700085962E-02  9.9761860387E-01  6.6098621938E-02
HessDelSqRho_EigVec2 =  2.6613322033E-03 -6.6058893750E-02  9.9781217665E-01
HessDelSqRho_EigVec3 =  9.9980239244E-01  1.9832896045E-02 -1.3536286316E-03
</CP of DelSqRho>
<CP of DelSqRho>
CP# = 50      
Type = (3,-3)
Coords = -2.06612095029050E-02  1.04035548806636E+00  6.95266597020480E-02
DistFromNuc =  1.0429603665E+00
Rho =  6.4146107301E-01
DelSqRho =  5.1262722565E+00
GradDelSqRho = -2.7755575616E-17  5.3290705182E-15 -2.1094237468E-15
HessDelSqRho_EigVals = -1.6549774231E+02 -2.1583944728E+01 -7.5790225942E+00
HessDelSqRho_EigVec1 = -1.9702213483E-02  9.9761859087E-01  6.6098184117E-02
HessDelSqRho_EigVec2 =  2.6608143601E-03 -6.6058463237E-02  9.9781220653E-01
HessDelSqRho_EigVec3 =  9.9980235189E-01  1.9834984107E-02 -1.3529799274E-03
</CP of DelSqRho>
<CP of DelSqRho>
CP# = 51      
Type = (3,-3)
Coords =  2.75293284766384E-03 -6.90620971620711E-02  1.04189152669398E+00
DistFromNuc =  1.0435870953E+00
Rho =  6.4043027677E-01
DelSqRho =  5.1097094761E+00
GradDelSqRho = -3.8597597340E-16  4.9960036108E-16 -4.4408920985E-16
HessDelSqRho_EigVals = -1.6501555298E+02 -2.1395939716E+01 -7.3438708213E+00
HessDelSqRho_EigVec1 =  2.7388988241E-03 -6.6043201106E-02  9.9781300554E-01
HessDelSqRho_EigVec2 = -1.9155214382E-02  9.9763020446E-01  6.6083681061E-02
HessDelSqRho_EigVec3 =  9.9981277057E-01  1.9294318551E-02 -1.4673365182E-03
</CP of DelSqRho>
<CP of DelSqRho>
CP# = 52      
Type = (3,-3)
Coords = -2.95620649706384E-03  6.88185096455915E-02 -1.04071081834519E+00
DistFromNuc =  1.0435823237E+00
Rho =  6.4043347148E-01
DelSqRho =  5.1097538505E+00
GradDelSqRho =  2.2204460493E-16  9.7144514655E-16  1.0214051827E-14
HessDelSqRho_EigVals = -1.6501697294E+02 -2.1396437499E+01 -7.3445022240E+00
HessDelSqRho_EigVec1 =  2.7346479313E-03 -6.6049139939E-02  9.9781262410E-01
HessDelSqRho_EigVec2 = -1.9160219939E-02  9.9762971995E-01  6.6089544113E-02
HessDelSqRho_EigVec3 =  9.9981268629E-01  1.9299040971E-02 -1.4626500019E-03
</CP of DelSqRho>
<CP of DelSqRho>
CP# = 53      
Type = (3,-1)
Coords = -1.00335146361705E+00 -4.99659686234289E-02  4.54587666076510E-01
DistFromNuc =  1.1023160595E+00
Rho =  6.4769543142E-01
DelSqRho =  3.6810964847E+00
GradDelSqRho = -7.1054273576E-15 -1.1379786002E-15  5.7731597281E-15
HessDelSqRho_EigVals = -1.3669029759E+02 -2.3703695599E+00  1.6511342032E+00
HessDelSqRho_EigVec1 =  9.0744665552E-01  4.5621422026E-02 -4.1768319721E-01
HessDelSqRho_EigVec2 = -1.9993465680E-02  9.9765021077E-01  6.5531048219E-02
HessDelSqRho_EigVec3 =  4.1969134934E-01 -5.1114995871E-02  9.0622647748E-01
</CP of DelSqRho>
<CP of DelSqRho>
CP# = 54      
Type = (3,-1)
Coords =  1.00317272537211E+00  4.97751982966438E-02 -4.53333680463761E-01
DistFromNuc =  1.1023174254E+00
Rho =  6.4769438366E-01
DelSqRho =  3.6812729112E+00
GradDelSqRho = -1.2434497876E-14 -3.3306690739E-16  3.3306690739E-15
HessDelSqRho_EigVals = -1.3669424682E+02 -2.3706309421E+00  1.6488323318E+00
HessDelSqRho_EigVec1 =  9.0748129444E-01  4.5661860949E-02 -4.1760351374E-01
HessDelSqRho_EigVec2 = -2.0091499851E-02  9.9765513553E-01  6.5426005486E-02
HessDelSqRho_EigVec3 =  4.1961176326E-01 -5.0982595215E-02  9.0627078907E-01
</CP of DelSqRho>
<CP of DelSqRho>
CP# = 55      
Type = (3,-1)
Coords =  1.00853378420281E+00 -4.44752128022400E-01 -3.16004151737621E-02
DistFromNuc =  1.1027638571E+00
Rho =  6.4697901211E-01
DelSqRho =  3.6726337561E+00
GradDelSqRho = -3.1086244690E-15 -5.1070259133E-15 -1.3877787808E-17
HessDelSqRho_EigVals = -1.3646449038E+02 -2.3225038774E+00  1.7964017145E+00
HessDelSqRho_EigVec1 =  9.1225884303E-01 -4.0854778869E-01 -2.9538240776E-02
HessDelSqRho_EigVec2 =  2.8217145799E-03 -6.5842704443E-02  9.9782602502E-01
HessDelSqRho_EigVec3 =  4.0960449368E-01  9.1035896361E-01  5.8912784126E-02
</CP of DelSqRho>
<CP of DelSqRho>
CP# = 56      
Type = (3,-1)
Coords = -9.90487425746373E-01 -4.84048298038880E-01 -2.87725877701240E-02
DistFromNuc =  1.1026795147E+00
Rho =  6.4704144610E-01
DelSqRho =  3.6731860310E+00
GradDelSqRho =  6.7101879608E-13  1.8629542353E-13  9.5201624362E-15
HessDelSqRho_EigVals = -1.3648871665E+02 -2.3302798902E+00  1.7914451959E+00
HessDelSqRho_EigVec1 =  8.9554492264E-01  4.4415354373E-01  2.6961474887E-02
HessDelSqRho_EigVec2 =  2.6781851392E-03 -6.5970607967E-02  9.9781797248E-01
HessDelSqRho_EigVec3 = -4.4496305336E-01  8.9351861115E-01  6.0269168429E-02
</CP of DelSqRho>
<CP of DelSqRho>
CP# = 57      
Type = (3,-1)
Coords =  9.90274972497600E-01  4.83816782017499E-01  2.97678962267134E-02
DistFromNuc =  1.1026797559E+00
Rho =  6.4704135230E-01
DelSqRho =  3.6732068558E+00
GradDelSqRho = -5.8619775700E-13 -1.4899192990E-13 -7.6327832943E-15
HessDelSqRho_EigVals = -1.3648898097E+02 -2.3303610998E+00  1.7908408586E+00
HessDelSqRho_EigVec1 =  8.9554657460E-01  4.4415900274E-01  2.6816282611E-02
HessDelSqRho_EigVec2 =  3.0102549164E-03 -6.6311749304E-02  9.9779441283E-01
HessDelSqRho_EigVec3 = -4.4495760595E-01  8.9349064471E-01  6.0722291767E-02
</CP of DelSqRho>
<CP of DelSqRho>
CP# = 58      
Type = (3,-1)
Coords = -1.00873087204003E+00  4.44561026030091E-01  3.25918759860009E-02
DistFromNuc =  1.1027644847E+00
Rho =  6.4697505835E-01
DelSqRho =  3.6727170317E+00
GradDelSqRho =  4.8849813084E-15  1.3322676296E-15  1.1102230246E-16
HessDelSqRho_EigVals = -1.3646591479E+02 -2.3231341878E+00  1.7960641619E+00
HessDelSqRho_EigVec1 =  9.1224281063E-01 -4.0859427452E-01 -2.9390020211E-02
HessDelSqRho_EigVec2 =  2.4951470629E-03 -6.6200820538E-02  9.9780319984E-01
HessDelSqRho_EigVec3 =  4.0964231800E-01  9.1031212790E-01  5.9371719789E-02
</CP of DelSqRho>
<CP of DelSqRho>
CP# = 59      
Type = (3,-3)
Coords =  1.10178361437768E+00  2.24473505427306E-02 -1.32123433167966E-03
DistFromNuc =  1.1021228374E+00
Rho =  6.5625419063E-01
DelSqRho =  3.7323510889E+00
GradDelSqRho = -3.5527136788E-15 -1.4849232954E-15  1.0599160438E-15
HessDelSqRho_EigVals = -1.3861829820E+02 -1.1049500449E+00 -9.9966490340E-01
HessDelSqRho_EigVec1 =  9.9978658153E-01  2.0585866237E-02 -1.7359441463E-03
HessDelSqRho_EigVec2 = -2.0412639093E-02  9.9731004390E-01  7.0398867221E-02
HessDelSqRho_EigVec3 =  3.1804961966E-03 -7.0348407601E-02  9.9751741137E-01
</CP of DelSqRho>
<CP of DelSqRho>
CP# = 60      
Type = (3,-3)
Coords = -1.10200266050740E+00 -2.24665221419758E-02  1.85986537637503E-03
DistFromNuc =  1.1021234684E+00
Rho =  6.5625256384E-01
DelSqRho =  3.7323926128E+00
GradDelSqRho = -4.4408920985E-15 -5.4123372450E-16 -3.0834709785E-16
HessDelSqRho_EigVals = -1.3861915143E+02 -1.1050489460E+00 -9.9982135259E-01
HessDelSqRho_EigVec1 =  9.9979142011E-01  2.0389797350E-02 -1.1715072379E-03
HessDelSqRho_EigVec2 = -2.0255938890E-02  9.9729082548E-01  7.0715672671E-02
