 AIMInt (Version 19.02.13, Professional)
 Portions Copyright (c) 1997-2019 by Todd A. Keith
 AIMInt is a component of the AIMAll package ( http://aim.tkgristmill.com )

 TP:  64-bit Linux

 Licensed To:  Research Group of Fernando Cortes Guzman, UNAM, fercor@unam.mx

 AIMInt is a heavily modified and extended version of the PROAIMV program
 developed by members of R.F.W. Bader's research group

 Much of the Quantum Theory of Atoms in Molecules (QTAIM) is described in the book:
   "Atoms in Molecules - A Quantum Theory"
   R.F.W. Bader, Oxford University Press, Oxford, 1990

 For additional references see:  http://aim.tkgristmill.com/references.html

 Current Directory:  /home/scratch/M_H2O_4_cuadrado_plano/Opt

 Inp File:  Sc3_cuadrada_plana_cc-pvtz-def2-tzv_3_atomicfiles/o2.inp
 Wfx File:  Sc3_cuadrada_plana_cc-pvtz-def2-tzv_3.wfx
 Out File:  Sc3_cuadrada_plana_cc-pvtz-def2-tzv_3_atomicfiles/o2.int

 Wfx Title:   Sc3_cuadrada_plana_cc-pvtz-def2-tzv_3                                         
 Job Title:   Sc3_cuadrada_plana_cc-pvtz-def2-tzv_3                                         
 
<Atom>
O2      
</Atom>
<Nuclei of Molecule>
    13
Sc1       21.0           2.4747667738E-04  -3.4925639451E-04  -8.2090013004E-05
O2         8.0           2.7929503433E+00  -2.7464412062E+00   2.0541013273E-05
H3         1.0           3.6769132471E+00  -3.4755026649E+00  -1.5259369207E+00
O4         8.0          -2.7459315706E+00  -2.7926208308E+00   2.6919117784E-04
H5         1.0          -3.6195301506E+00  -3.5352446928E+00   1.5256505887E+00
O6         8.0          -2.7937120200E+00   2.7470364566E+00  -2.0851269129E-04
H7         1.0          -3.6796966095E+00   3.4749273623E+00   1.5253021232E+00
O8         8.0           2.7463720242E+00   2.7928474712E+00   9.4126948888E-05
H9         1.0           3.6181275922E+00   3.5367179667E+00   1.5258294891E+00
H10        1.0          -3.6190337196E+00  -3.5361642335E+00  -1.5249331737E+00
H11        1.0           3.6799819923E+00  -3.4730106831E+00   1.5254121998E+00
H12        1.0           3.6206246196E+00   3.5342828845E+00  -1.5254011455E+00
H13        1.0          -3.6800141969E+00   3.4747533185E+00  -1.5256020423E+00
</Nuclei of Molecule>
<Total Number of CPs of DelSqRho>
    34
</Total Number of CPs of DelSqRho>
<Number of (3,+3) CPs of DelSqRho>
     4
</Number of (3,+3) CPs of DelSqRho>
<Number of (3,+1) CPs of DelSqRho>
    11
</Number of (3,+1) CPs of DelSqRho>
<Number of (3,-1) CPs of DelSqRho>
    13
</Number of (3,-1) CPs of DelSqRho>
<Number of (3,-3) CPs of DelSqRho>
     6
</Number of (3,-3) CPs of DelSqRho>
<Number of Degenerate CPs of DelSqRho>
     0
</Number of Degenerate CPs of DelSqRho>
<CP of DelSqRho>
CP# = 1       
Type = (3,+3)
Coords =  2.79295071002005E+00 -2.74644145206234E+00  2.05408463737083E-05
DistFromNuc =  4.4155864638E-07
Rho =  2.9784181701E+02
DelSqRho = -3.3351522883E+06
GradDelSqRho =  2.3412171686E-05  3.6253788949E-06  2.2302959479E-10
HessDelSqRho_EigVals =  1.3262860972E+11  1.3262861593E+11  1.3262862693E+11
HessDelSqRho_EigVec1 =  7.3817925872E-01  6.7460325133E-01 -1.3547308636E-03
HessDelSqRho_EigVec2 = -6.7460386067E-01  7.3817994491E-01  9.6705719493E-06
HessDelSqRho_EigVec3 =  1.0065589535E-03  9.0676805512E-04  9.9999908230E-01
</CP of DelSqRho>
<CP of DelSqRho>
CP# = 2       
Type = (3,-1)
Coords =  1.53428393774698E+00 -1.59452563148635E+00 -5.72129193276147E-05
DistFromNuc =  1.7062094296E+00
Rho =  8.5172425532E-02
DelSqRho =  3.2239087736E-01
GradDelSqRho = -4.1286418728E-16  3.4347524824E-16 -6.4526969922E-18
HessDelSqRho_EigVals = -3.5157283652E-01 -3.1697243012E-01  2.7441126163E+00
HessDelSqRho_EigVec1 =  6.9675813358E-01  7.1730612197E-01 -1.7515171268E-04
HessDelSqRho_EigVec2 =  1.1115679523E-04  1.3620727023E-04  9.9999998455E-01
HessDelSqRho_EigVec3 =  7.1730613474E-01 -6.9675814228E-01  1.5170073671E-05
</CP of DelSqRho>
<CP of DelSqRho>
CP# = 3       
Type = (3,+1)
Coords =  3.34231171519641E+00 -3.19857221562667E+00 -9.45456601478775E-01
DistFromNuc =  1.1832782402E+00
Rho =  3.9609459456E-01
DelSqRho = -8.8237206323E-01
GradDelSqRho =  1.5099033135E-14 -9.7560848289E-15 -2.5340840537E-14
HessDelSqRho_EigVals = -2.8142625776E+01  1.3700298596E+01  1.3723910755E+01
HessDelSqRho_EigVec1 = -4.6255430310E-01  3.8144577080E-01  8.0033907853E-01
HessDelSqRho_EigVec2 =  1.2145781901E-01 -8.6694116039E-01  4.8338496317E-01
HessDelSqRho_EigVec3 =  8.7823203932E-01  3.2079923372E-01  3.5467779288E-01
</CP of DelSqRho>
<CP of DelSqRho>
CP# = 4       
Type = (3,+1)
Coords =  3.34420559058622E+00 -3.19702846623474E+00  9.45139260881360E-01
DistFromNuc =  1.1832838296E+00
Rho =  3.9608271338E-01
DelSqRho = -8.8227234050E-01
GradDelSqRho =  1.0616507673E-14 -8.7430063189E-15  1.7749690606E-14
HessDelSqRho_EigVals = -2.8140109426E+01  1.3698878664E+01  1.3722718693E+01
HessDelSqRho_EigVec1 =  4.6416400144E-01 -3.8013027889E-01  8.0003296859E-01
HessDelSqRho_EigVec2 =  1.2017498855E-01 -8.6784851909E-01 -4.8207563726E-01
HessDelSqRho_EigVec3 =  8.7755897345E-01  3.1990610963E-01 -3.5714188936E-01
</CP of DelSqRho>
<CP of DelSqRho>
CP# = 5       
Type = (3,-1)
Coords =  2.63326524098291E+00 -2.69826687424456E+00  1.69622975910007E-04
DistFromNuc =  1.6679364608E-01
Rho =  2.2855418747E+01
DelSqRho =  1.2869388908E+03
GradDelSqRho =  1.5688783606E-11 -2.5579538487E-12  3.4583447217E-14
HessDelSqRho_EigVals = -4.5444646469E+05 -1.3318090215E+02  5.5367626658E+02
HessDelSqRho_EigVec1 =  9.5685276448E-01 -2.9057183917E-01 -8.9072681067E-04
HessDelSqRho_EigVec2 =  2.9057043658E-01  9.5685253410E-01 -1.4315647860E-03
HessDelSqRho_EigVec3 =  1.2682666187E-03  1.1109778448E-03  9.9999857861E-01
</CP of DelSqRho>
<CP of DelSqRho>
CP# = 6       
Type = (3,-3)
Coords =  2.69921867773669E+00 -2.68605976171050E+00  1.24480994866766E-01
DistFromNuc =  1.6709861918E-01
Rho =  2.2741514881E+01
DelSqRho =  1.2896610002E+03
GradDelSqRho = -5.6132876125E-13  7.5388584264E-12  3.5313973967E-12
HessDelSqRho_EigVals = -4.4798527802E+05 -9.8805991504E+02 -5.5832978276E+02
HessDelSqRho_EigVec1 = -5.6390417168E-01  3.6336245882E-01  7.4160623561E-01
HessDelSqRho_EigVec2 =  5.8844090236E-01 -4.5328080025E-01  6.6953253883E-01
HessDelSqRho_EigVec3 =  5.7943885752E-01  8.1394363419E-01  4.1789601052E-02
</CP of DelSqRho>
<CP of DelSqRho>
CP# = 7       
Type = (3,-3)
Coords =  2.69891901053636E+00 -2.68633847561623E+00 -1.24348726602802E-01
DistFromNuc =  1.6709860706E-01
Rho =  2.2741512829E+01
DelSqRho =  1.2896622006E+03
GradDelSqRho = -8.3701934273E-12  1.7301715616E-12 -7.3185901783E-13
HessDelSqRho_EigVals = -4.4798578493E+05 -9.8820325577E+02 -5.5838682071E+02
HessDelSqRho_EigVec1 =  5.6568989964E-01 -3.6170157865E-01  7.4105796362E-01
HessDelSqRho_EigVec2 =  5.8691254254E-01 -4.5466199107E-01 -6.6993741594E-01
HessDelSqRho_EigVec3 =  5.7924831018E-01  8.1391304319E-01 -4.4910502936E-02
</CP of DelSqRho>
<CP of DelSqRho>
CP# = 8       
Type = (3,+1)
Coords =  2.93337109775540E+00 -2.84115968119768E+00 -4.48329422121685E-05
DistFromNuc =  1.6937999314E-01
Rho =  2.2290119840E+01
DelSqRho =  1.2280426877E+03
GradDelSqRho =  2.8421709430E-14 -1.0622613900E-12  4.0106806765E-15
HessDelSqRho_EigVals = -3.9302074687E+05  2.0984605317E+03  2.4001514954E+03
HessDelSqRho_EigVec1 =  8.2899770052E-01 -5.5925187845E-01 -3.8599353452E-04
HessDelSqRho_EigVec2 =  5.5925029180E-01  8.2899666537E-01 -1.9078568851E-03
HessDelSqRho_EigVec3 =  1.3869598998E-03  1.3657419738E-03  9.9999810554E-01
</CP of DelSqRho>
<CP of DelSqRho>
CP# = 9       
Type = (3,-1)
Coords =  3.45050735456436E+00 -2.50673003345405E+00 -7.65152456275337E-04
DistFromNuc =  6.9988805302E-01
Rho =  6.9347104244E-01
DelSqRho = -1.4516523477E+00
GradDelSqRho = -1.4210854715E-14  4.4408920985E-16 -3.2200804523E-16
HessDelSqRho_EigVals = -7.0501805892E+00 -6.9890884821E+00  1.6267348387E+02
HessDelSqRho_EigVec1 = -3.4108068041E-01  9.3983527167E-01 -1.9329551960E-02
HessDelSqRho_EigVec2 = -5.5303175205E-03  1.8556064284E-02  9.9981252646E-01
HessDelSqRho_EigVec3 =  9.4001775783E-01  3.4112363537E-01 -1.1315275625E-03
</CP of DelSqRho>
<CP of DelSqRho>
CP# = 10      
Type = (3,+3)
Coords =  2.28333413129019E+00 -2.36946655057653E+00  2.22069572336606E-04
DistFromNuc =  6.3389164301E-01
Rho =  9.8927765499E-01
DelSqRho = -5.0724395926E+00
GradDelSqRho = -1.5116796703E-12  1.1196599203E-12  5.5446099101E-16
HessDelSqRho_EigVals =  1.1120540988E+01  2.4371232619E+01  3.8194844629E+02
HessDelSqRho_EigVec1 =  5.9123819621E-01  8.0649593922E-01 -1.3020641210E-03
HessDelSqRho_EigVec2 =  1.0307903798E-03  8.5880197350E-04  9.9999909996E-01
HessDelSqRho_EigVec3 =  8.0649633156E-01 -5.9123900623E-01 -3.2357172579E-04
</CP of DelSqRho>
<CP of DelSqRho>
CP# = 11      
Type = (3,-1)
Coords =  2.72575593787448E+00 -3.44186826265565E+00  6.12379611626480E-04
DistFromNuc =  6.9866603558E-01
Rho =  6.9939141842E-01
DelSqRho = -1.4841609007E+00
GradDelSqRho = -8.5487172896E-15 -3.1308289294E-14  7.8713077722E-17
HessDelSqRho_EigVals = -7.9929492841E+00 -7.0868270619E+00  1.6577037026E+02
HessDelSqRho_EigVec1 = -3.2130297195E-04  8.9707617597E-04  9.9999954601E-01
HessDelSqRho_EigVec2 =  9.9493544228E-01 -1.0051516166E-01  4.0984565742E-04
HessDelSqRho_EigVec3 =  1.0051548369E-01  9.9493512227E-01 -8.6023706173E-04
</CP of DelSqRho>
<CP of DelSqRho>
CP# = 12      
Type = (3,+1)
Coords =  2.49346284688493E+00 -3.00152400712016E+00  5.63123500641786E-01
DistFromNuc =  6.8690970219E-01
Rho =  7.5499545660E-01
DelSqRho = -2.1125231475E+00
GradDelSqRho = -1.1546319456E-14 -1.2878587086E-14  3.2862601529E-14
HessDelSqRho_EigVals = -1.5793971215E+01  2.9482138630E+00  1.9690687599E+02
HessDelSqRho_EigVec1 = -8.7827577271E-01  2.8669740238E-01 -3.8266991852E-01
HessDelSqRho_EigVec2 =  9.4344634609E-02  8.8847778507E-01  4.4911726236E-01
HessDelSqRho_EigVec3 = -4.6875447411E-01 -3.5834595700E-01  8.0737687489E-01
</CP of DelSqRho>
<CP of DelSqRho>
CP# = 13      
Type = (3,+1)
Coords =  2.49234231658273E+00 -3.00235029958082E+00 -5.62121036272255E-01
DistFromNuc =  6.8691906561E-01
Rho =  7.5497207432E-01
DelSqRho = -2.1122583686E+00
GradDelSqRho =  3.3306690739E-16  4.6629367034E-15  8.4376949872E-15
HessDelSqRho_EigVals = -1.5796200142E+01  2.9450403708E+00  1.9688996916E+02
HessDelSqRho_EigVec1 = -8.7750407181E-01  2.8735991197E-01  3.8394125196E-01
HessDelSqRho_EigVec2 =  9.3557563010E-02  8.8779091422E-01 -4.5063763163E-01
HessDelSqRho_EigVec3 =  4.7035474523E-01  3.5951574879E-01  8.0592483521E-01
</CP of DelSqRho>
<CP of DelSqRho>
CP# = 14      
Type = (3,+1)
Coords =  2.93520455109128E+00 -2.40312134580582E+00  5.81749572541406E-01
DistFromNuc =  6.9029953809E-01
Rho =  7.4534342952E-01
DelSqRho = -1.9908646790E+00
GradDelSqRho =  5.8841820305E-15  1.3322676296E-15  1.1546319456E-14
HessDelSqRho_EigVals = -1.6186527130E+01  1.2933090898E+00  1.8942266491E+02
HessDelSqRho_EigVec1 =  4.9874993395E-01 -7.8039172628E-01  3.7714354950E-01
HessDelSqRho_EigVec2 =  8.4686301301E-01  3.4609231795E-01 -4.0378601344E-01
HessDelSqRho_EigVec3 =  1.8458477883E-01  5.2077717020E-01  8.3349840937E-01
</CP of DelSqRho>
<CP of DelSqRho>
CP# = 15      
Type = (3,+1)
Coords =  2.93427668352727E+00 -2.40396769376302E+00 -5.82425163506439E-01
DistFromNuc =  6.9029286529E-01
Rho =  7.4535682006E-01
DelSqRho = -1.9910848309E+00
GradDelSqRho =  9.3258734069E-15  2.1982415888E-14 -3.8746783559E-14
HessDelSqRho_EigVals = -1.6183665046E+01  1.2979118572E+00  1.8943413090E+02
HessDelSqRho_EigVec1 =  4.9788464237E-01 -7.8104805789E-01 -3.7692812864E-01
HessDelSqRho_EigVec2 =  8.4765560992E-01  3.4642063804E-01  4.0183666894E-01
HessDelSqRho_EigVec3 = -1.8327806704E-01 -5.1957354899E-01  8.3453728337E-01
</CP of DelSqRho>
<CP of DelSqRho>
CP# = 16      
Type = (3,+1)
Coords =  3.33380901302693E+00 -3.17415406368963E+00 -1.59137680351405E-04
DistFromNuc =  6.8954073225E-01
Rho =  7.6992903759E-01
DelSqRho = -2.1760240352E+00
GradDelSqRho = -9.1482377229E-14  1.0091927294E-13 -9.8478083327E-16
HessDelSqRho_EigVals = -1.7974633341E+01  7.4470514543E+00  1.8334677122E+02
HessDelSqRho_EigVec1 =  9.6351289416E-04  7.9329439122E-04  9.9999922116E-01
HessDelSqRho_EigVec2 =  6.1910979619E-01  7.8530349107E-01 -1.2194980762E-03
HessDelSqRho_EigVec3 =  7.8530384687E-01 -6.1911048901E-01 -2.6551371061E-04
</CP of DelSqRho>
<CP of DelSqRho>
CP# = 17      
Type = (3,-1)
Coords =  2.74838786646066E+00 -2.51557188256216E+00  6.47681177348976E-01
DistFromNuc =  6.8902159529E-01
Rho =  7.5487268782E-01
DelSqRho = -1.9800986261E+00
GradDelSqRho = -2.2204460493E-15  1.1102230246E-15  3.0198066270E-14
HessDelSqRho_EigVals = -1.7865447874E+01 -1.1030998053E+00  1.9104357513E+02
HessDelSqRho_EigVec1 =  6.4758712339E-01 -6.8660525548E-01  3.3046049803E-01
HessDelSqRho_EigVec2 =  7.5619096139E-01  6.3248619399E-01 -1.6773921524E-01
HessDelSqRho_EigVec3 = -9.3841075930E-02  3.5851699758E-01  9.2879460319E-01
</CP of DelSqRho>
<CP of DelSqRho>
CP# = 18      
Type = (3,-1)
Coords =  2.74665836705793E+00 -2.51699133511664E+00 -6.48016059890708E-01
DistFromNuc =  6.8901496827E-01
Rho =  7.5490459539E-01
DelSqRho = -1.9802020434E+00
GradDelSqRho =  4.1078251911E-15  8.6597395921E-15 -1.4654943925E-14
HessDelSqRho_EigVals = -1.7868414555E+01 -1.1059848032E+00  1.9105411908E+02
HessDelSqRho_EigVec1 =  6.4735017458E-01 -6.8678382221E-01 -3.3055367647E-01
HessDelSqRho_EigVec2 =  7.5608036691E-01  6.3343969199E-01  1.6461055673E-01
HessDelSqRho_EigVec3 =  9.6333951682E-02 -3.5648581762E-01  9.2932105948E-01
</CP of DelSqRho>
<CP of DelSqRho>
CP# = 19      
Type = (3,+3)
Coords =  3.12480617240161E+00 -3.01837491425138E+00  5.51613829054015E-01
DistFromNuc =  6.9880711812E-01
Rho =  8.1230153377E-01
DelSqRho = -3.7625937912E+00
GradDelSqRho = -6.3948846218E-14  6.4059868521E-14 -1.5587531266E-13
HessDelSqRho_EigVals =  2.1467271901E+01  2.2034396705E+01  1.7433292800E+02
HessDelSqRho_EigVec1 =  8.7030081966E-01  1.0852762416E-01 -4.8041465225E-01
HessDelSqRho_EigVec2 = -1.0507910452E-01 -9.1204785059E-01 -3.9639260843E-01
HessDelSqRho_EigVec3 =  4.8118069901E-01 -3.9546235348E-01  7.8235200638E-01
</CP of DelSqRho>
<CP of DelSqRho>
CP# = 20      
Type = (3,+3)
Coords =  3.12373372470449E+00 -3.01924738917641E+00 -5.51785473452591E-01
DistFromNuc =  6.9880665175E-01
Rho =  8.1231134634E-01
DelSqRho = -3.7627285367E+00
GradDelSqRho = -1.1990408666E-14  2.1649348980E-14  8.4821039081E-14
HessDelSqRho_EigVals =  2.1469154091E+01  2.2035019120E+01  1.7433404417E+02
HessDelSqRho_EigVec1 =  8.7121106894E-01  1.0922017141E-01  4.7860445832E-01
HessDelSqRho_EigVec2 = -1.0436870775E-01 -9.1143827618E-01  3.9797919740E-01
HessDelSqRho_EigVec3 = -4.7968577861E-01  3.9667521082E-01  7.8265594671E-01
</CP of DelSqRho>
<CP of DelSqRho>
CP# = 21      
Type = (3,-3)
Coords =  3.94880307904994E+00 -2.69090228962320E+00 -1.16453193528967E-03
DistFromNuc =  1.1571869004E+00
Rho =  2.3672853720E-01
DelSqRho =  8.3783016926E-01
GradDelSqRho = -1.2032042029E-14 -1.5820678101E-15  2.5816208980E-16
HessDelSqRho_EigVals = -1.8668084188E+01 -1.0093933933E+00 -4.0286159443E-01
HessDelSqRho_EigVec1 =  9.9559503617E-01  9.3751860836E-02 -1.0547709147E-03
HessDelSqRho_EigVec2 =  9.8790004719E-04  7.5968318678E-04  9.9999922347E-01
HessDelSqRho_EigVec3 = -9.3752589326E-02  9.9559530507E-01 -6.6371934208E-04
</CP of DelSqRho>
<CP of DelSqRho>
CP# = 22      
Type = (3,-3)
Coords =  2.96048161676504E+00 -3.89079453945231E+00  7.85359113287482E-04
DistFromNuc =  1.1565517126E+00
Rho =  2.3627461267E-01
DelSqRho =  8.3884654014E-01
GradDelSqRho =  1.0338951917E-15 -3.9968028887E-15  2.0830234239E-17
HessDelSqRho_EigVals = -1.8565606570E+01 -9.7903171902E-01 -3.8112407621E-01
HessDelSqRho_EigVec1 = -1.0162793534E-01  9.9482222663E-01 -7.0722791048E-04
HessDelSqRho_EigVec2 =  1.0198550669E-03  8.1509344166E-04  9.9999914776E-01
HessDelSqRho_EigVec3 =  9.9482195525E-01  1.0162712746E-01 -1.0974107521E-03
</CP of DelSqRho>
<CP of DelSqRho>
CP# = 23      
Type = (3,+1)
Coords =  2.08010522656961E+00 -1.73889442405152E+00  5.25405264336428E-07
DistFromNuc =  1.2342198665E+00
Rho =  2.3986716793E-01
DelSqRho =  5.4382504503E-01
GradDelSqRho = -2.8657631823E-15  2.1926904736E-15 -7.8587716846E-18
HessDelSqRho_EigVals = -1.3193708329E+01  1.2221002115E-01  4.1263537246E-01
HessDelSqRho_EigVec1 = -5.6193055935E-01  8.2718440860E-01 -2.5328821683E-05
HessDelSqRho_EigVec2 =  8.2718393191E-01  5.6193020210E-01 -1.0912208051E-03
HessDelSqRho_EigVec3 =  8.8840780641E-04  6.3414191168E-04  9.9999940430E-01
</CP of DelSqRho>
<CP of DelSqRho>
CP# = 24      
Type = (3,-1)
Coords =  3.71744884932824E+00 -3.49927287674281E+00 -2.85730807493721E-04
DistFromNuc =  1.1922470825E+00
Rho =  2.4775744381E-01
DelSqRho =  7.8075134939E-01
GradDelSqRho =  1.0685896612E-15 -2.4702462298E-15  2.6256666112E-16
HessDelSqRho_EigVals = -1.6305996952E+01 -3.4021544011E+00  3.7904547527E-01
HessDelSqRho_EigVec1 =  7.7511353276E-01 -6.3182192751E-01 -2.5151569040E-04
HessDelSqRho_EigVec2 =  9.8990310131E-04  8.1632463851E-04  9.9999917685E-01
HessDelSqRho_EigVec3 = -6.3182120211E-01 -7.7511314370E-01  1.2581867599E-03
</CP of DelSqRho>
<CP of DelSqRho>
CP# = 25      
Type = (3,-1)
Coords =  3.37420652746294E+00 -2.08576288529071E+00  7.72157868003328E-01
DistFromNuc =  1.1707051922E+00
Rho =  2.3326045727E-01
DelSqRho =  7.4319723236E-01
GradDelSqRho =  1.8179902028E-15  8.6042284408E-16  4.9960036108E-16
HessDelSqRho_EigVals = -1.6900702111E+01 -1.3280155703E+00  2.1823241388E-01
HessDelSqRho_EigVec1 =  4.9164719765E-01  6.0081177096E-01  6.3032392380E-01
HessDelSqRho_EigVec2 =  2.8100381945E-01 -7.9458908295E-01  5.3820539082E-01
HessDelSqRho_EigVec3 = -8.2420864258E-01  8.7483742078E-02  5.5948789833E-01
</CP of DelSqRho>
<CP of DelSqRho>
CP# = 26      
Type = (3,-1)
Coords =  3.37280848500753E+00 -2.08700521044713E+00 -7.74223991907238E-01
DistFromNuc =  1.1707031621E+00
Rho =  2.3325932059E-01
DelSqRho =  7.4322381841E-01
GradDelSqRho = -3.0531133177E-16  2.0122792321E-16  1.1379786002E-15
HessDelSqRho_EigVals = -1.6901768337E+01 -1.3276881358E+00  2.1817737219E-01
HessDelSqRho_EigVec1 =  4.9051793842E-01  5.9979511633E-01 -6.3216925781E-01
HessDelSqRho_EigVec2 =  2.7987238043E-01 -7.9543748118E-01 -5.3754131396E-01
HessDelSqRho_EigVec3 =  8.2526577704E-01 -8.6746942122E-02  5.5804244039E-01
</CP of DelSqRho>
<CP of DelSqRho>
CP# = 27      
Type = (3,-3)
Coords =  2.44910542886041E+00 -2.50869906150574E+00  1.08937697143086E+00
DistFromNuc =  1.1668110751E+00
Rho =  2.4251814792E-01
DelSqRho =  7.8753917811E-01
GradDelSqRho =  3.2158303798E-13 -1.3670245491E-12 -2.1615487178E-12
HessDelSqRho_EigVals = -1.7389553323E+01 -1.4188246210E+00 -1.3859583707E-01
HessDelSqRho_EigVec1 = -3.1667999884E-01  2.2324055454E-01  9.2188797212E-01
HessDelSqRho_EigVec2 =  7.2220940254E-01 -5.7332758725E-01  3.8692254597E-01
HessDelSqRho_EigVec3 =  6.1492061050E-01  7.8832679297E-01  2.0334952148E-02
</CP of DelSqRho>
<CP of DelSqRho>
CP# = 28      
Type = (3,-3)
Coords =  2.44715940888560E+00 -2.51017916685846E+00 -1.08904217457834E+00
DistFromNuc =  1.1668113472E+00
Rho =  2.4252063157E-01
DelSqRho =  7.8753827811E-01
GradDelSqRho =  8.1767925764E-13 -2.8079413794E-12  4.7405412928E-12
HessDelSqRho_EigVals = -1.7389411776E+01 -1.4188670900E+00 -1.3858485425E-01
HessDelSqRho_EigVec1 =  3.1832658933E-01 -2.2199011217E-01  9.2162279303E-01
HessDelSqRho_EigVec2 =  7.2133562475E-01 -5.7408626750E-01 -3.8742724986E-01
HessDelSqRho_EigVec3 =  6.1509600795E-01  7.8812774825E-01 -2.2617547264E-02
</CP of DelSqRho>
<CP of DelSqRho>
CP# = 29      
Type = (3,-1)
Coords =  2.23990242590257E+00 -3.43463449754770E+00  7.67125538419446E-01
DistFromNuc =  1.1695820118E+00
Rho =  2.3280937279E-01
DelSqRho =  7.5783105053E-01
GradDelSqRho =  4.0245584643E-16  1.8041124150E-15  1.2490009027E-16
HessDelSqRho_EigVals = -1.7329612828E+01 -1.1416884654E+00  1.5869900829E-01
HessDelSqRho_EigVec1 = -5.0492067869E-01 -5.9118521142E-01  6.2893175626E-01
HessDelSqRho_EigVec2 =  8.3051837101E-01 -1.3424425546E-01  5.4057165602E-01
HessDelSqRho_EigVec3 =  2.3514749340E-01 -7.9528518512E-01 -5.5877287933E-01
</CP of DelSqRho>
<CP of DelSqRho>
CP# = 30      
Type = (3,-1)
Coords =  2.23837575509403E+00 -3.43585225151078E+00 -7.64888036118427E-01
DistFromNuc =  1.1695835561E+00
Rho =  2.3280969730E-01
DelSqRho =  7.5780282909E-01
GradDelSqRho = -1.1796119637E-15 -3.1641356202E-15 -9.7144514655E-16
HessDelSqRho_EigVals = -1.7328536523E+01 -1.1417681459E+00  1.5877845652E-01
HessDelSqRho_EigVec1 =  5.0617487005E-01  5.9218087972E-01  6.2698389662E-01
HessDelSqRho_EigVec2 =  8.2944677175E-01 -1.3513446274E-01 -5.4199329314E-01
HessDelSqRho_EigVec3 =  2.3623093311E-01 -7.9439315372E-01  5.5958418809E-01
</CP of DelSqRho>
<CP of DelSqRho>
CP# = 31      
Type = (3,-1)
Coords =  2.92065694733714E+00 -3.46531181725682E+00  1.89675892945045E+00
DistFromNuc =  2.0324124695E+00
Rho =  7.0020948190E-02
DelSqRho =  1.8522837791E-01
GradDelSqRho =  4.8433479449E-15  2.2724877535E-15 -1.4547391070E-14
HessDelSqRho_EigVals = -2.1605310057E+00 -1.2548493112E-02  4.4499356497E-01
HessDelSqRho_EigVec1 = -4.7665382218E-01 -2.2053540799E-01  8.5097900540E-01
HessDelSqRho_EigVec2 =  2.1759450590E-01  9.0830081958E-01  3.5727055876E-01
HessDelSqRho_EigVec3 = -8.5173573649E-01  3.5546273359E-01 -3.8495776420E-01
</CP of DelSqRho>
<CP of DelSqRho>
CP# = 32      
Type = (3,-1)
Coords =  2.91699180030770E+00 -3.46768677508229E+00 -1.89604644804393E+00
DistFromNuc =  2.0324004233E+00
Rho =  7.0022710703E-02
DelSqRho =  1.8523115950E-01
GradDelSqRho =  4.0158848469E-16 -2.1944251971E-16 -1.0755285551E-16
HessDelSqRho_EigVals = -2.1606346002E+00 -1.2513965446E-02  4.4507913438E-01
HessDelSqRho_EigVec1 =  4.7821332942E-01  2.2120339528E-01  8.4993003799E-01
HessDelSqRho_EigVec2 =  2.1763890694E-01  9.0772656412E-01 -3.5870014076E-01
HessDelSqRho_EigVec3 = -8.5084976215E-01  3.5651303301E-01  3.8594447727E-01
</CP of DelSqRho>
<CP of DelSqRho>
CP# = 33      
Type = (3,+1)
Coords =  4.23253919251602E+00 -2.80915328447410E+00  1.42341589542034E+00
DistFromNuc =  2.0254390128E+00
Rho =  6.9380764160E-02
DelSqRho =  1.7728269146E-01
GradDelSqRho = -9.3581392635E-14 -1.6893604571E-14 -5.5786972264E-14
HessDelSqRho_EigVals = -1.8396193050E+00  1.1119412373E-02  5.1225912263E-01
HessDelSqRho_EigVec1 =  8.2179069749E-01  3.8770585323E-01  4.1754547165E-01
HessDelSqRho_EigVec2 = -5.6973206190E-01  5.6952335367E-01  5.9249348289E-01
HessDelSqRho_EigVec3 = -8.0887060089E-03 -7.2479467506E-01  6.8891744922E-01
</CP of DelSqRho>
<CP of DelSqRho>
CP# = 34      
Type = (3,+1)
Coords =  4.23044378520119E+00 -2.81223547546359E+00 -1.42530881341851E+00
DistFromNuc =  2.0254086131E+00
Rho =  6.9381735792E-02
DelSqRho =  1.7729642433E-01
GradDelSqRho = -5.8267626835E-14 -1.0246144211E-14  3.4345790101E-14
HessDelSqRho_EigVals = -1.8396862238E+00  1.1114714103E-02  5.1235385656E-01
HessDelSqRho_EigVec1 =  8.2168217980E-01  3.8629633494E-01 -4.1906268865E-01
HessDelSqRho_EigVec2 = -5.6985691052E-01  5.6982722616E-01 -5.9208110412E-01
HessDelSqRho_EigVec3 =  1.0074568957E-02  7.2530826132E-01  6.8835051327E-01
</CP of DelSqRho>
<Path of -GradDelSqRho>
Starting CP# =      3
Ending CP# =     20
Number of Points =     20
  3.3423117152E+00 -3.1985722156E+00 -9.4545660148E-01  3.9609459456E-01 -8.8237206323E-01
  3.3307498650E+00 -3.1890382134E+00 -9.2544594390E-01  4.0790474542E-01 -8.9129490604E-01
  3.3191924705E+00 -3.1795088217E+00 -9.0543051681E-01  4.2078174368E-01 -9.1865020807E-01
  3.3076398934E+00 -3.1699842499E+00 -8.8541001511E-01  4.3475073759E-01 -9.6545492441E-01
  3.2960923650E+00 -3.1604646334E+00 -8.6538424466E-01  4.4983186201E-01 -1.0328399521E+00
  3.2845499941E+00 -3.1509500447E+00 -8.4535311217E-01  4.6603925723E-01 -1.1219380506E+00
  3.2730127825E+00 -3.1414405103E+00 -8.2531660804E-01  4.8338003404E-01 -1.2337405109E+00
  3.2614806464E+00 -3.1319360322E+00 -8.0527478363E-01  5.0185327225E-01 -1.3689248374E+00
  3.2499534433E+00 -3.1224366143E+00 -7.8522772296E-01  5.2144916155E-01 -1.5276581843E+00
  3.2384310066E+00 -3.1129422985E+00 -7.6517550579E-01  5.4214841299E-01 -1.7093842056E+00
  3.2269131948E+00 -3.1034532150E+00 -7.4511815551E-01  5.6392208701E-01 -1.9126039377E+00
  3.2153999674E+00 -3.0939696617E+00 -7.2505555833E-01  5.8673199663E-01 -2.1346637234E+00
  3.2038915126E+00 -3.0844922359E+00 -7.0498732824E-01  6.1053185227E-01 -2.3715640402E+00
  3.1923884759E+00 -3.0750220674E+00 -6.8491256689E-01  6.3526931624E-01 -2.6178007392E+00
  3.1808923976E+00 -3.0655612580E+00 -6.6482940863E-01  6.6088913291E-01 -2.8662415483E+00
  3.1694066156E+00 -3.0561137771E+00 -6.4473408922E-01  6.8733750073E-01 -3.1080201392E+00
  3.1579383477E+00 -3.0466875151E+00 -6.2461881515E-01  7.1456786495E-01 -3.3323879177E+00
  3.1465044094E+00 -3.0372999022E+00 -6.0446597141E-01  7.4254833567E-01 -3.5263848663E+00
  3.1351525703E+00 -3.0279988803E+00 -5.8422684404E-01  7.7127069560E-01 -3.6740556265E+00
  3.1237337247E+00 -3.0192473892E+00 -5.5178547345E-01  8.1231134634E-01 -3.7627285367E+00
</Path of -GradDelSqRho>
<Path of -GradDelSqRho>
Starting CP# =      3
Ending CP# =      0
Number of Points =     30
  3.3423117152E+00 -3.1985722156E+00 -9.4545660148E-01  3.9609459456E-01 -8.8237206323E-01
  3.3538774085E+00 -3.2081103998E+00 -9.6546304484E-01  3.8532198983E-01 -8.9105895601E-01
  3.3654464901E+00 -3.2176525557E+00 -9.8546563487E-01  3.7555417209E-01 -9.1677576975E-01
  3.3770182695E+00 -3.2271982523E+00 -1.0054649748E+00  3.6675542264E-01 -9.5920221460E-01
  3.3885920036E+00 -3.2367470090E+00 -1.0254617226E+00  3.5888736076E-01 -1.0182591994E+00
  3.4001669438E+00 -3.2462983192E+00 -1.0454565528E+00  3.5190905059E-01 -1.0940479252E+00
  3.4117423893E+00 -3.2558516776E+00 -1.0654501118E+00  3.4577695669E-01 -1.1867315065E+00
  3.4233177462E+00 -3.2654066080E+00 -1.0854429710E+00  3.4044482590E-01 -1.2963357569E+00
  3.4348925902E+00 -3.2749626898E+00 -1.1054355768E+00  3.3586363025E-01 -1.4224408111E+00
  3.4464667364E+00 -3.2845195823E+00 -1.1254281990E+00  3.3198179057E-01 -1.5637445183E+00
  3.4580403223E+00 -3.2940770458E+00 -1.1454208728E+00  3.2874601074E-01 -1.7175203104E+00
  3.4696139165E+00 -3.3036349626E+00 -1.1654133249E+00  3.2610317191E-01 -1.8790892906E+00
  3.4811886766E+00 -3.3131933600E+00 -1.1854048723E+00  3.2400381206E-01 -2.0415932414E+00
  3.4927665443E+00 -3.3227524346E+00 -1.2053942963E+00  3.2240765160E-01 -2.1965735814E+00
  3.5043502307E+00 -3.3323125294E+00 -1.2253798608E+00  3.2129128201E-01 -2.3360477539E+00
  3.5159415380E+00 -3.3418738146E+00 -1.2453604368E+00  3.2065737453E-01 -2.4567657986E+00
  3.5275340376E+00 -3.3514350198E+00 -1.2653403592E+00  3.2054354408E-01 -2.5669197293E+00
  3.5391062835E+00 -3.3609924079E+00 -1.2853338413E+00  3.2102749790E-01 -2.6946323155E+00
  3.5506441169E+00 -3.3705437210E+00 -1.3053501019E+00  3.2222372208E-01 -2.8961627090E+00
  3.5621555630E+00 -3.3800905023E+00 -1.3253837119E+00  3.2426643590E-01 -3.2603342106E+00
  3.5736521446E+00 -3.3896347731E+00 -1.3454270522E+00  3.2727485689E-01 -3.9048228288E+00
  3.5851406024E+00 -3.3991776806E+00 -1.3654756993E+00  3.3130032440E-01 -4.9602031236E+00
  3.5966242848E+00 -3.4087197813E+00 -1.3855274661E+00  3.3626062914E-01 -6.5394419106E+00
  3.6081048686E+00 -3.4182613475E+00 -1.4055812615E+00  3.4187434602E-01 -8.6943537271E+00
  3.6195832281E+00 -3.4278025156E+00 -1.4256365195E+00  3.4761524643E-01 -1.1366936028E+01
  3.6310598322E+00 -3.4373433502E+00 -1.4456929407E+00  3.5271083039E-01 -1.4351874668E+01
  3.6425349224E+00 -3.4468838671E+00 -1.4657503793E+00  3.5620538164E-01 -1.7292905205E+01
  3.6540085827E+00 -3.4564240260E+00 -1.4858088061E+00  3.5709319756E-01 -1.9732671266E+01
  3.6654806928E+00 -3.4659636539E+00 -1.5058683722E+00  3.5450279634E-01 -2.1217376636E+01
  3.6729361910E+00 -3.4721636143E+00 -1.5189082546E+00  3.5067627319E-01 -2.1509970556E+01
</Path of -GradDelSqRho>
<Path of -GradDelSqRho>
Starting CP# =      4
Ending CP# =      0
Number of Points =     30
  3.3442055906E+00 -3.1970284662E+00  9.4513926088E-01  3.9608271338E-01 -8.8227234050E-01
  3.3558115231E+00 -3.2065337672E+00  9.6513805036E-01  3.8531036464E-01 -8.9095843768E-01
  3.3674208382E+00 -3.2160430472E+00  9.8513298455E-01  3.7554279147E-01 -9.1667283751E-01
  3.3790328472E+00 -3.2255558733E+00  1.0051246674E+00  3.6674427573E-01 -9.5909523539E-01
  3.3906468088E+00 -3.2350717635E+00  1.0251137577E+00  3.5887643803E-01 -1.0181465706E+00
  3.4022619758E+00 -3.2445902093E+00  1.0451009307E+00  3.5189834458E-01 -1.0939281424E+00
  3.4138776486E+00 -3.2541107042E+00  1.0650868337E+00  3.4576646275E-01 -1.1866032684E+00
  3.4254932345E+00 -3.2636327705E+00  1.0850720387E+00  3.4043454276E-01 -1.2961981279E+00
  3.4371083097E+00 -3.2731559869E+00  1.1050569925E+00  3.3585356045E-01 -1.4222934612E+00
  3.4487226899E+00 -3.2826800119E+00  1.1250419648E+00  3.3197194047E-01 -1.5635880443E+00
  3.4603365123E+00 -3.2922046057E+00  1.1450269903E+00  3.2873638991E-01 -1.7173566022E+00
  3.4719503453E+00 -3.3017296505E+00  1.1650117946E+00  3.2609379156E-01 -1.8789218172E+00
  3.4835653456E+00 -3.3112551744E+00  1.1849956922E+00  3.2399468223E-01 -2.0414270042E+00
  3.4951834536E+00 -3.3207813748E+00  1.2049774606E+00  3.2239877674E-01 -2.1964143351E+00
  3.5068073794E+00 -3.3303085964E+00  1.2249553582E+00  3.2128265527E-01 -2.3359000132E+00
  3.5184389274E+00 -3.3398370098E+00  1.2449282504E+00  3.2064897133E-01 -2.4566292618E+00
  3.5300716822E+00 -3.3493653412E+00  1.2649004788E+00  3.2053531672E-01 -2.5667841792E+00
  3.5416842130E+00 -3.3588898407E+00  1.2848862966E+00  3.2101937392E-01 -2.6944718430E+00
  3.5532623486E+00 -3.3684082415E+00  1.3048949619E+00  3.2221560982E-01 -2.8959310830E+00
  3.5648140990E+00 -3.3779220926E+00  1.3249210362E+00  3.2425824048E-01 -3.2599640429E+00
  3.5763509842E+00 -3.3874334234E+00  1.3449568754E+00  3.2726650827E-01 -3.9042314339E+00
  3.5878797452E+00 -3.3969433858E+00  1.3649980401E+00  3.3129181629E-01 -4.9593073465E+00
  3.5994037310E+00 -3.4064525384E+00  1.3850423352E+00  3.3625206306E-01 -6.5381824223E+00
  3.6109246186E+00 -3.4159611543E+00  1.4050886658E+00  3.4186596979E-01 -8.6927260162E+00
  3.6224432827E+00 -3.4254693707E+00  1.4251364637E+00  3.4760747233E-01 -1.1365020393E+01
  3.6339601922E+00 -3.4349772522E+00  1.4451854283E+00  3.5270421761E-01 -1.4349852201E+01
  3.6454755889E+00 -3.4444848148E+00  1.4652354132E+00  3.5620057333E-01 -1.7291044859E+01
  3.6569895570E+00 -3.4539920180E+00  1.4852863888E+00  3.5709081588E-01 -1.9731279626E+01
  3.6685019774E+00 -3.4634986885E+00  1.5053385058E+00  3.5450331646E-01 -2.1216718316E+01
  3.6759836809E+00 -3.4696772243E+00  1.5183735472E+00  3.5067881511E-01 -2.1509874686E+01
</Path of -GradDelSqRho>
<Path of -GradDelSqRho>
Starting CP# =      4
Ending CP# =     19
Number of Points =     20
  3.3442055906E+00 -3.1970284662E+00  9.4513926088E-01  3.9608271338E-01 -8.8227234050E-01
  3.3326034940E+00 -3.1875273559E+00  9.2513625477E-01  4.0789259699E-01 -8.9119440845E-01
  3.3210058440E+00 -3.1780308667E+00  9.0512847627E-01  4.2076931766E-01 -9.1854744046E-01
  3.3094130002E+00 -3.1685392097E+00  8.8511562010E-01  4.3473802521E-01 -9.6534849301E-01
  3.2978251920E+00 -3.1590525217E+00  8.6509749215E-01  4.4981885673E-01 -1.0327285917E+00
  3.2862425264E+00 -3.1495708769E+00  8.4507399937E-01  4.6602595533E-01 -1.1218206551E+00
  3.2746650032E+00 -3.1400943034E+00  8.2504513259E-01  4.8336643512E-01 -1.2336161670E+00
  3.2630925362E+00 -3.1306228051E+00  8.0501094379E-01  5.0183937966E-01 -1.3687928632E+00
  3.2515249801E+00 -3.1211563884E+00  7.8497151781E-01  5.2143498272E-01 -1.5275181702E+00
  3.2399621649E+00 -3.1116950979E+00  7.6492693544E-01  5.4213395962E-01 -1.7092360571E+00
  3.2284039447E+00 -3.1022390679E+00  7.4487722135E-01  5.6390737506E-01 -1.9124479168E+00
  3.2168502728E+00 -3.0927886015E+00  7.2482226328E-01  5.8671704615E-01 -2.1345004848E+00
  3.2053013281E+00 -3.0833443042E+00  7.0476167714E-01  6.1051668698E-01 -2.3713946603E+00
  3.1937577427E+00 -3.0739073178E+00  6.8469456694E-01  6.3525396284E-01 -2.6176267338E+00
  3.1822210354E+00 -3.0644797630E+00  6.6461907014E-01  6.6087362008E-01 -2.8660648802E+00
  3.1706945078E+00 -3.0550656413E+00  6.4453142670E-01  6.8732185785E-01 -3.1078432228E+00
  3.1591853118E+00 -3.0456729005E+00  6.2442384944E-01  7.1455212040E-01 -3.3322136398E+00
  3.1477101246E+00 -3.0363190905E+00  6.0427873462E-01  7.4253251492E-01 -3.5262166668E+00
  3.1363163475E+00 -3.0270524647E+00  5.8404739687E-01  7.7125481970E-01 -3.6738977163E+00
  3.1248061724E+00 -3.0183749143E+00  5.5161382905E-01  8.1230153377E-01 -3.7625937912E+00
</Path of -GradDelSqRho>
<Path of -GradDelSqRho>
Starting CP# =      8
Ending CP# =     16
Number of Points =     23
  2.9333710978E+00 -2.8411596812E+00 -4.4832942212E-05  2.2290119840E+01  1.2280426877E+03
  2.9540958595E+00 -2.8551412461E+00 -5.4482972136E-05  1.5433641230E+01  1.1482895659E+03
  2.9748204217E+00 -2.8691231068E+00 -6.4133200622E-05  1.0779386074E+01  9.7999427109E+02
  2.9955448751E+00 -2.8831051288E+00 -7.3783495853E-05  7.6299851185E+00  7.7287683393E+02
  3.0162691063E+00 -2.8970874801E+00 -8.3433909525E-05  5.5067386647E+00  5.7359808037E+02
  3.0369929148E+00 -2.9110704579E+00 -9.3084517523E-05  4.0760930338E+00  4.1079046890E+02
  3.0577160168E+00 -2.9250544826E+00 -1.0273537025E-04  3.1097628959E+00  2.8926144070E+02
  3.0784380376E+00 -2.9390401096E+00 -1.1238647046E-04  2.4544429261E+00  2.0173913382E+02
  3.0991585176E+00 -2.9530280192E+00 -1.2203776473E-04  2.0077443181E+00  1.3905316918E+02
  3.1198768971E+00 -2.9670190398E+00 -1.3168915627E-04  1.7008879974E+00  9.4083358108E+01
  3.1405924346E+00 -2.9810142679E+00 -1.4134052326E-04  1.4873089643E+00  6.2014580636E+01
  3.1613040472E+00 -2.9950153037E+00 -1.5099171962E-04  1.3354192322E+00  3.9538173314E+01
  3.1820100667E+00 -3.0090246097E+00 -1.6064255287E-04  1.2239306528E+00  2.4185050572E+01
  3.2027078644E+00 -3.0230460593E+00 -1.7029274632E-04  1.1386860512E+00  1.4003457150E+01
  3.2233932470E+00 -3.0370858169E+00 -1.7994189699E-04  1.0704233312E+00  7.4500605898E+00
  3.2440594355E+00 -3.0511538093E+00 -1.8958945838E-04  1.0131775268E+00  3.3493610695E+00
  3.2646952487E+00 -3.0652663123E+00 -1.9923484604E-04  9.6315383687E-01  8.5082099865E-01
  3.2852815163E+00 -3.0794509682E+00 -2.0887799013E-04  9.1795504641E-01 -6.2967282893E-01
  3.3057825354E+00 -3.0937584803E+00 -2.1852151661E-04  8.7606987195E-01 -1.4745650604E+00
  3.3261187422E+00 -3.1082989403E+00 -2.2818028435E-04  8.3654783315E-01 -1.9242546040E+00
  3.3460204494E+00 -3.1234247156E+00 -2.3794815164E-04  7.9882414990E-01 -2.1253213608E+00
  3.3573640623E+00 -3.1425635965E+00 -2.5233711997E-04  7.6946342927E-01 -2.1702532064E+00
  3.3338090130E+00 -3.1741540637E+00 -1.5913768035E-04  7.6992903759E-01 -2.1760240352E+00
</Path of -GradDelSqRho>
<Path of -GradDelSqRho>
Starting CP# =      8
Ending CP# =      1
Number of Points =      7
  2.9333710978E+00 -2.8411596812E+00 -4.4832942212E-05  2.2290119840E+01  1.2280426877E+03
  2.9126459395E+00 -2.8271787041E+00 -3.5183332762E-05  3.2422042472E+01  9.8936576097E+02
  2.8919204427E+00 -2.8131982288E+00 -2.5534078504E-05  4.7500320520E+01 -7.1251069482E+02
  2.8711947933E+00 -2.7992179797E+00 -1.5884975471E-05  6.9882481203E+01 -6.1577362212E+03
  2.8504690438E+00 -2.7852378791E+00 -6.2359737324E-06  1.0305796069E+02 -1.9804092711E+04
  2.8297431476E+00 -2.7712579959E+00  3.4128324361E-06  1.5281973990E+02 -7.2457705654E+04
  2.7929507100E+00 -2.7464414521E+00  2.0540846374E-05  2.9784181701E+02 -3.3351522883E+06
</Path of -GradDelSqRho>
<Path of -GradDelSqRho>
Starting CP# =     12
Ending CP# =     10
Number of Points =     41
  2.4934628469E+00 -3.0015240071E+00  5.6312350064E-01  7.5499545660E-01 -2.1125231475E+00
  2.4725010756E+00 -2.9943718725E+00  5.5355761157E-01  7.5649625331E-01 -2.1171029315E+00
  2.4512912409E+00 -2.9864593439E+00  5.4295342060E-01  7.5864237105E-01 -2.1314158993E+00
  2.4306386728E+00 -2.9780397235E+00  5.3166207580E-01  7.6139384492E-01 -2.1552764703E+00
  2.4105809730E+00 -2.9691178984E+00  5.1970373424E-01  7.6474918755E-01 -2.1884393712E+00
  2.3911545089E+00 -2.9596999607E+00  5.0710109428E-01  7.6870158500E-01 -2.2306126510E+00
  2.3723941493E+00 -2.9497931446E+00  4.9387932929E-01  7.7323899863E-01 -2.2814631515E+00
  2.3543330313E+00 -2.9394057281E+00  4.8006598267E-01  7.7834429935E-01 -2.3406204766E+00
  2.3370023677E+00 -2.9285469049E+00  4.6569083155E-01  7.8399543157E-01 -2.4076795794E+00
  2.3204313000E+00 -2.9172266287E+00  4.5078572806E-01  7.9016560475E-01 -2.4822021480E+00
  2.3046468031E+00 -2.9054554369E+00  4.3538442838E-01  7.9682351131E-01 -2.5637170302E+00
  2.2896736430E+00 -2.8932442578E+00  4.1952242002E-01  8.0393357040E-01 -2.6517199650E+00
  2.2755343883E+00 -2.8806042066E+00  4.0323675793E-01  8.1145619821E-01 -2.7456729144E+00
  2.2622494743E+00 -2.8675463763E+00  3.8656591958E-01  8.1934810672E-01 -2.8450032906E+00
  2.2498373164E+00 -2.8540816272E+00  3.6954968901E-01  8.2756263326E-01 -2.9491033725E+00
  2.2383144706E+00 -2.8402203794E+00  3.5222907930E-01  8.3605010400E-01 -3.0573301843E+00
  2.2276958347E+00 -2.8259724123E+00  3.3464630263E-01  8.4475823447E-01 -3.1690060905E+00
  2.2179948858E+00 -2.8113466743E+00  3.1684479742E-01  8.5363256933E-01 -3.2834203246E+00
  2.2092239486E+00 -2.7963511056E+00  2.9886932185E-01  8.6261696256E-01 -3.3998316338E+00
  2.2013944857E+00 -2.7809924756E+00  2.8076612411E-01  8.7165409731E-01 -3.5174721728E+00
  2.1945174055E+00 -2.7652762403E+00  2.6258320029E-01  8.8068604243E-01 -3.6355527362E+00
  2.1886033777E+00 -2.7492064204E+00  2.4437065237E-01  8.8965484027E-01 -3.7532693580E+00
  2.1836631489E+00 -2.7327855077E+00  2.2618115994E-01  8.9850311794E-01 -3.8698112578E+00
  2.1797078496E+00 -2.7160144077E+00  2.0807058135E-01  9.0717471193E-01 -3.9843700504E+00
  2.1767492804E+00 -2.6988924307E+00  1.9009870135E-01  9.1561529457E-01 -4.0961500811E+00
  2.1748001652E+00 -2.6814173540E+00  1.7233014303E-01  9.2377298920E-01 -4.2043796912E+00
  2.1738743522E+00 -2.6635855877E+00  1.5483546048E-01  9.3159896022E-01 -4.3083231618E+00
  2.1739869342E+00 -2.6453924929E+00  1.3769242238E-01  9.3904796347E-01 -4.4072930212E+00
  2.1751542490E+00 -2.6268329267E+00  1.2098748117E-01  9.4607884136E-01 -4.5006623360E+00
  2.1773936950E+00 -2.6079021143E+00  1.0481739009E-01  9.5265494543E-01 -4.5878765187E+00
  2.1807232711E+00 -2.5885969861E+00  8.9290869327E-02  9.5874446672E-01 -4.6684640713E+00
  2.1851607113E+00 -2.5689181466E+00  7.4530116025E-02  9.6432065040E-01 -4.7420455315E+00
  2.1907220503E+00 -2.5488726525E+00  6.0671780942E-02  9.6936186749E-01 -4.8083396847E+00
  2.1974194363E+00 -2.5284777306E+00  4.7866783709E-02  9.7385151363E-01 -4.8671658688E+00
  2.2052580586E+00 -2.5077654025E+00  3.6278021693E-02  9.7777770722E-01 -4.9184409868E+00
  2.2142322237E+00 -2.4867876246E+00  2.6074727141E-02  9.8113277105E-01 -4.9621698120E+00
  2.2243209859E+00 -2.4656209766E+00  1.7422134454E-02  9.8391250770E-01 -4.9984275854E+00
  2.2354843068E+00 -2.4443692163E+00  1.0465499711E-02  9.8611532089E-01 -5.0273351139E+00
  2.2476613283E+00 -2.4231615517E+00  5.3084141855E-03  9.8774128474E-01 -5.0490287600E+00
  2.2607726156E+00 -2.4021447602E+00  1.9856638223E-03  9.8879130418E-01 -5.0636305340E+00
  2.2833341313E+00 -2.3694665506E+00  2.2206957234E-04  9.8927765499E-01 -5.0724395926E+00
</Path of -GradDelSqRho>
<Path of -GradDelSqRho>
Starting CP# =     12
Ending CP# =     19
Number of Points =     27
  2.4934628469E+00 -3.0015240071E+00  5.6312350064E-01  7.5499545660E-01 -2.1125231475E+00
  2.5148956140E+00 -3.0082131715E+00  5.7202923253E-01  7.5404036047E-01 -2.1171431090E+00
  2.5375125593E+00 -3.0146301505E+00  5.8052711945E-01  7.5362064257E-01 -2.1316820081E+00
  2.5605327471E+00 -3.0205321363E+00  5.8828321172E-01  7.5375995955E-01 -2.1561262595E+00
