 AIMInt (Version 19.02.13, Professional)
 Portions Copyright (c) 1997-2019 by Todd A. Keith
 AIMInt is a component of the AIMAll package ( http://aim.tkgristmill.com )

 TP:  64-bit Linux

 Licensed To:  Research Group of Fernando Cortes Guzman, UNAM, fercor@unam.mx

 AIMInt is a heavily modified and extended version of the PROAIMV program
 developed by members of R.F.W. Bader's research group

 Much of the Quantum Theory of Atoms in Molecules (QTAIM) is described in the book:
   "Atoms in Molecules - A Quantum Theory"
   R.F.W. Bader, Oxford University Press, Oxford, 1990

 For additional references see:  http://aim.tkgristmill.com/references.html

 Current Directory:  /home/scratch/M_H2O_4_cuadrado_plano/Opt

 Inp File:  Sc3_cuadrada_plana_cc-pvtz-def2-tzv_3_atomicfiles/o4.inp
 Wfx File:  Sc3_cuadrada_plana_cc-pvtz-def2-tzv_3.wfx
 Out File:  Sc3_cuadrada_plana_cc-pvtz-def2-tzv_3_atomicfiles/o4.int

 Wfx Title:   Sc3_cuadrada_plana_cc-pvtz-def2-tzv_3                                         
 Job Title:   Sc3_cuadrada_plana_cc-pvtz-def2-tzv_3                                         
 
<Atom>
O4      
</Atom>
<Nuclei of Molecule>
    13
Sc1       21.0           2.4747667738E-04  -3.4925639451E-04  -8.2090013004E-05
O2         8.0           2.7929503433E+00  -2.7464412062E+00   2.0541013273E-05
H3         1.0           3.6769132471E+00  -3.4755026649E+00  -1.5259369207E+00
O4         8.0          -2.7459315706E+00  -2.7926208308E+00   2.6919117784E-04
H5         1.0          -3.6195301506E+00  -3.5352446928E+00   1.5256505887E+00
O6         8.0          -2.7937120200E+00   2.7470364566E+00  -2.0851269129E-04
H7         1.0          -3.6796966095E+00   3.4749273623E+00   1.5253021232E+00
O8         8.0           2.7463720242E+00   2.7928474712E+00   9.4126948888E-05
H9         1.0           3.6181275922E+00   3.5367179667E+00   1.5258294891E+00
H10        1.0          -3.6190337196E+00  -3.5361642335E+00  -1.5249331737E+00
H11        1.0           3.6799819923E+00  -3.4730106831E+00   1.5254121998E+00
H12        1.0           3.6206246196E+00   3.5342828845E+00  -1.5254011455E+00
H13        1.0          -3.6800141969E+00   3.4747533185E+00  -1.5256020423E+00
</Nuclei of Molecule>
<Total Number of CPs of DelSqRho>
    34
</Total Number of CPs of DelSqRho>
<Number of (3,+3) CPs of DelSqRho>
     4
</Number of (3,+3) CPs of DelSqRho>
<Number of (3,+1) CPs of DelSqRho>
    11
</Number of (3,+1) CPs of DelSqRho>
<Number of (3,-1) CPs of DelSqRho>
    13
</Number of (3,-1) CPs of DelSqRho>
<Number of (3,-3) CPs of DelSqRho>
     6
</Number of (3,-3) CPs of DelSqRho>
<Number of Degenerate CPs of DelSqRho>
     0
</Number of Degenerate CPs of DelSqRho>
<CP of DelSqRho>
CP# = 1       
Type = (3,+3)
Coords = -2.74593193317496E+00 -2.79262108289377E+00  2.69191197635064E-04
DistFromNuc =  4.4162653904E-07
Rho =  2.9784084756E+02
DelSqRho = -3.3351418821E+06
GradDelSqRho = -2.6386298032E-05  3.9936103349E-06 -1.4228002110E-09
HessDelSqRho_EigVals =  1.3262820052E+11  1.3262820676E+11  1.3262821773E+11
HessDelSqRho_EigVec1 =  7.4921535110E-01 -6.6232638899E-01  3.3484462118E-04
HessDelSqRho_EigVec2 =  6.6232645485E-01  7.4921535450E-01 -1.4062870061E-04
HessDelSqRho_EigVec3 = -1.5772863210E-04  3.2713763217E-04  9.9999993405E-01
</CP of DelSqRho>
<CP of DelSqRho>
CP# = 2       
Type = (3,-1)
Coords = -1.50675790266415E+00 -1.61987865712380E+00  1.09270691221828E-04
DistFromNuc =  1.7061288377E+00
Rho =  8.5207530038E-02
DelSqRho =  3.2234858798E-01
GradDelSqRho =  1.2091022628E-15  1.0685896612E-15 -3.5821023339E-18
HessDelSqRho_EigVals = -3.5137349481E-01 -3.1624720506E-01  2.7441184248E+00
HessDelSqRho_EigVec1 =  7.0865154018E-01 -7.0555854589E-01 -3.6458321939E-04
HessDelSqRho_EigVec2 =  3.2296985979E-04 -1.9234421559E-04  9.9999992935E-01
HessDelSqRho_EigVec3 =  7.0555856617E-01  7.0865160786E-01 -9.1569120013E-05
</CP of DelSqRho>
<CP of DelSqRho>
CP# = 3       
Type = (3,+1)
Coords = -3.28882117598645E+00 -3.25314861207321E+00  9.45388978897134E-01
DistFromNuc =  1.1832440045E+00
Rho =  3.9608713828E-01
DelSqRho = -8.8221851820E-01
GradDelSqRho = -1.0172418463E-14 -1.3544720900E-14  2.3869795029E-14
HessDelSqRho_EigVals = -2.8139114104E+01  1.3698493000E+01  1.3721950240E+01
HessDelSqRho_EigVec1 = -4.5715168407E-01 -3.8855445493E-01  8.0002360797E-01
HessDelSqRho_EigVec2 =  9.0510614015E-02  8.7452572707E-01  4.7645837326E-01
HessDelSqRho_EigVec3 = -8.8477125095E-01  2.9022437571E-01 -3.6462260660E-01
</CP of DelSqRho>
<CP of DelSqRho>
CP# = 4       
Type = (3,+1)
Coords = -3.28851422761192E+00 -3.25372082237242E+00 -9.44743497146484E-01
DistFromNuc =  1.1832405178E+00
Rho =  3.9609283541E-01
DelSqRho = -8.8226367635E-01
GradDelSqRho = -1.0727529975E-14 -1.2420620088E-14 -2.5535129566E-14
HessDelSqRho_EigVals = -2.8140465518E+01  1.3699140335E+01  1.3722571024E+01
HessDelSqRho_EigVec1 =  4.5689399182E-01  3.8903987342E-01  7.9993490806E-01
HessDelSqRho_EigVec2 =  9.0297274544E-02  8.7435681417E-01 -4.7680872866E-01
HessDelSqRho_EigVec3 = -8.8492614519E-01  2.9008298539E-01  3.6435913484E-01
</CP of DelSqRho>
<CP of DelSqRho>
CP# = 5       
Type = (3,-1)
Coords = -2.58826140676616E+00 -2.73823401061854E+00  2.85164092235811E-04
DistFromNuc =  1.6678671116E-01
Rho =  2.2857640435E+01
DelSqRho =  1.2869643038E+03
GradDelSqRho = -3.1981528537E-11 -9.9689145827E-12  1.9706458687E-15
HessDelSqRho_EigVals = -4.5460194387E+05 -1.1982503736E+02  5.5988287538E+02
HessDelSqRho_EigVec1 =  9.4478781452E-01  3.2768273761E-01  9.4899956301E-05
HessDelSqRho_EigVec2 = -3.2768267149E-01  9.4478774684E-01 -4.2453060656E-04
HessDelSqRho_EigVec3 = -2.2877166725E-04  3.6999427276E-04  9.9999990538E-01
</CP of DelSqRho>
<CP of DelSqRho>
CP# = 6       
Type = (3,+1)
Coords = -2.88476670960845E+00 -2.88964821546490E+00  2.75994029100386E-04
DistFromNuc =  1.6937977817E-01
Rho =  2.2289987540E+01
DelSqRho =  1.2280740901E+03
GradDelSqRho =  2.8229862892E-11  2.3543833549E-11 -4.6195686165E-15
HessDelSqRho_EigVals = -3.9302833260E+05  2.0915081874E+03  2.3983843878E+03
HessDelSqRho_EigVec1 =  8.1963831222E-01  5.7288134508E-01 -4.0150898622E-05
HessDelSqRho_EigVec2 = -5.7288129288E-01  8.1963820319E-01 -4.9004401662E-04
HessDelSqRho_EigVec3 = -2.4782786498E-04  4.2466054940E-04  9.9999987912E-01
</CP of DelSqRho>
<CP of DelSqRho>
CP# = 7       
Type = (3,-3)
Coords = -2.65310814191313E+00 -2.73050874809425E+00  1.24556844589572E-01
DistFromNuc =  1.6709733845E-01
Rho =  2.2741773071E+01
DelSqRho =  1.2896845026E+03
GradDelSqRho = -4.1211478674E-12  9.9475983006E-14 -6.4162009039E-12
HessDelSqRho_EigVals = -4.4801561704E+05 -9.8500700305E+02 -5.6391434711E+02
HessDelSqRho_EigVec1 =  5.5843270977E-01  3.7376718263E-01  7.4057477803E-01
HessDelSqRho_EigVec2 =  5.8105884965E-01  4.6091016982E-01 -6.7077002661E-01
HessDelSqRho_EigVec3 = -5.9205026974E-01  8.0489745219E-01  4.0206585911E-02
</CP of DelSqRho>
<CP of DelSqRho>
CP# = 8       
Type = (3,-3)
Coords = -2.65305638903469E+00 -2.73060154749208E+00 -1.24026133579319E-01
DistFromNuc =  1.6709733272E-01
Rho =  2.2741772706E+01
DelSqRho =  1.2896848734E+03
GradDelSqRho = -3.4034997043E-11 -1.8111734335E-11  1.7131185359E-11
HessDelSqRho_EigVals = -4.4801580430E+05 -9.8505020444E+02 -5.6393248922E+02
HessDelSqRho_EigVec1 = -5.5874111201E-01 -3.7321419912E-01  7.4062104434E-01
HessDelSqRho_EigVec2 =  5.8079878032E-01  4.6138482788E-01  6.7066893277E-01
HessDelSqRho_EigVec3 = -5.9201448169E-01  8.0488210452E-01 -4.1032320150E-02
</CP of DelSqRho>
<CP of DelSqRho>
CP# = 9       
Type = (3,+3)
Coords = -2.24261158784596E+00 -2.40718544665858E+00  2.36791746421136E-04
DistFromNuc =  6.3394908424E-01
Rho =  9.8902536750E-01
DelSqRho = -5.0689182138E+00
GradDelSqRho =  4.9811266223E-12  4.4315662251E-12 -4.2836827835E-16
HessDelSqRho_EigVals =  1.1070094537E+01  2.4351860869E+01  3.8162592987E+02
HessDelSqRho_EigVec1 = -6.0456985034E-01  7.9655204878E-01 -3.6006593712E-04
HessDelSqRho_EigVec2 = -1.7749895791E-04  3.1731183830E-04  9.9999993390E-01
HessDelSqRho_EigVec3 =  7.9655211038E-01  6.0456987429E-01 -5.0450012016E-05
</CP of DelSqRho>
<CP of DelSqRho>
CP# = 10      
Type = (3,-1)
Coords = -3.40771954948140E+00 -2.56503715204914E+00  1.04699618220225E-04
DistFromNuc =  6.9982689781E-01
Rho =  6.9376593376E-01
DelSqRho = -1.4536617697E+00
GradDelSqRho =  1.0658141036E-14 -1.1768364061E-14  1.2658060364E-16
HessDelSqRho_EigVals = -7.0348189033E+00 -6.9979939123E+00  1.6275220782E+02
HessDelSqRho_EigVec1 =  3.2391027132E-01  9.4606058486E-01 -7.1767620501E-03
HessDelSqRho_EigVec2 =  2.1004835648E-03  6.8665885948E-03  9.9997421863E-01
HessDelSqRho_EigVec3 =  9.4608547400E-01 -3.2391699514E-01  2.3697386497E-04
</CP of DelSqRho>
<CP of DelSqRho>
CP# = 11      
Type = (3,-1)
Coords = -2.66802115702570E+00 -3.48689455470706E+00  4.85241430369641E-04
DistFromNuc =  6.9863157884E-01
Rho =  6.9962448809E-01
DelSqRho = -1.4856347368E+00
GradDelSqRho = -1.0658141036E-14  4.1744385726E-14  8.2399365109E-18
HessDelSqRho_EigVals = -8.0074393032E+00 -7.0742502001E+00  1.6581505021E+02
HessDelSqRho_EigVec1 =  9.2251182074E-05  3.2505443296E-04  9.9999994291E-01
HessDelSqRho_EigVec2 =  9.9325427553E-01  1.1595657556E-01 -1.2932108732E-04
HessDelSqRho_EigVec3 = -1.1595661098E-01  9.9325423076E-01 -3.1216457415E-04
</CP of DelSqRho>
<CP of DelSqRho>
CP# = 12      
Type = (3,+1)
Coords = -2.44168291388079E+00 -3.04490074097632E+00  5.62097924438781E-01
DistFromNuc =  6.8692352100E-01
Rho =  7.5491673770E-01
DelSqRho = -2.1126933769E+00
GradDelSqRho = -2.3758772727E-14  1.2989609388E-14 -1.1546319456E-14
HessDelSqRho_EigVals = -1.5764300983E+01  2.9701202520E+00  1.9687552166E+02
HessDelSqRho_EigVec1 =  8.7336279018E-01  2.9989646289E-01 -3.8379623275E-01
HessDelSqRho_EigVec2 =  1.0576279162E-01 -8.8593405352E-01 -4.5159172349E-01
HessDelSqRho_EigVec3 =  4.7544891275E-01 -3.5381204666E-01  8.0545972401E-01
</CP of DelSqRho>
<CP of DelSqRho>
CP# = 13      
Type = (3,+1)
Coords = -2.44149560695064E+00 -3.04522592300067E+00 -5.61314186046796E-01
DistFromNuc =  6.8692538033E-01
Rho =  7.5491092998E-01
DelSqRho = -2.1126289785E+00
GradDelSqRho =  5.7731597281E-15  8.2156503822E-15 -3.9968028887E-15
HessDelSqRho_EigVals = -1.5764619710E+01  2.9693498263E+00  1.9687204237E+02
HessDelSqRho_EigVec1 =  8.7323303107E-01  3.0013592009E-01  3.8390428875E-01
HessDelSqRho_EigVec2 =  1.0563151685E-01 -8.8566815366E-01  4.5214367655E-01
HessDelSqRho_EigVec3 = -4.7571636098E-01  3.5427440081E-01  8.0509849884E-01
</CP of DelSqRho>
<CP of DelSqRho>
CP# = 14      
Type = (3,+1)
Coords = -2.89798349043843E+00 -2.45049600279208E+00  5.80266912972061E-01
DistFromNuc =  6.9033799080E-01
Rho =  7.4507594848E-01
DelSqRho = -1.9907643510E+00
GradDelSqRho = -8.8817841970E-16  1.4876988530E-14  2.2870594307E-14
HessDelSqRho_EigVals = -1.6126270725E+01  1.3482615150E+00  1.8934911577E+02
HessDelSqRho_EigVec1 =  4.8164634620E-01  7.9043577713E-01 -3.7845485783E-01
HessDelSqRho_EigVec2 = -8.5337017203E-01  3.2474304040E-01 -4.0780057283E-01
HessDelSqRho_EigVec3 = -1.9943958152E-01  5.1937774302E-01  8.3094561397E-01
</CP of DelSqRho>
<CP of DelSqRho>
CP# = 15      
Type = (3,+1)
Coords = -2.89784516049033E+00 -2.45082701655946E+00 -5.79957824183566E-01
DistFromNuc =  6.9033625111E-01
Rho =  7.4507950740E-01
DelSqRho = -1.9908255950E+00
GradDelSqRho = -2.7755575616E-15  9.7699626167E-15  5.8841820305E-15
HessDelSqRho_EigVals = -1.6125587008E+01  1.3494585579E+00  1.8935220491E+02
HessDelSqRho_EigVec1 =  4.8149391781E-01  7.9067509955E-01  3.7814877239E-01
HessDelSqRho_EigVec2 = -8.5350140923E-01  3.2491496870E-01  4.0738876710E-01
HessDelSqRho_EigVec3 =  1.9924595743E-01 -5.1890572368E-01  8.3128689295E-01
</CP of DelSqRho>
<CP of DelSqRho>
CP# = 16      
Type = (3,+1)
Coords = -3.27958226465861E+00 -3.22943576354693E+00  3.17337732100557E-04
DistFromNuc =  6.8963059031E-01
Rho =  7.6967817046E-01
DelSqRho = -2.1734160525E+00
GradDelSqRho =  2.1538326678E-14  3.1308289294E-14 -5.1979362654E-16
HessDelSqRho_EigVals = -1.7980407050E+01  7.4166167696E+00  1.8319616150E+02
HessDelSqRho_EigVec1 = -1.5596291498E-04  3.0030114042E-04  9.9999994275E-01
HessDelSqRho_EigVec2 = -6.3223148167E-01  7.7477948079E-01 -3.3127184545E-04
HessDelSqRho_EigVec3 =  7.7477953591E-01  6.3223149714E-01 -6.9022968663E-05
</CP of DelSqRho>
<CP of DelSqRho>
CP# = 17      
Type = (3,-1)
Coords = -2.70232403054443E+00 -2.56334229451245E+00  6.48577759291853E-01
DistFromNuc =  6.8903865220E-01
Rho =  7.5485496254E-01
DelSqRho = -1.9787064988E+00
GradDelSqRho =  4.9960036108E-15 -3.5527136788E-15 -9.7699626167E-15
HessDelSqRho_EigVals = -1.7866403006E+01 -1.1459409632E+00  1.9099040090E+02
HessDelSqRho_EigVec1 =  6.3758411211E-01  6.9603024874E-01 -3.3019447728E-01
HessDelSqRho_EigVec2 = -7.6485770739E-01  6.2315153977E-01 -1.6332435804E-01
HessDelSqRho_EigVec3 =  9.2082503385E-02  3.5668480669E-01  9.2967562152E-01
</CP of DelSqRho>
<CP of DelSqRho>
CP# = 18      
Type = (3,-1)
Coords = -2.70199003478560E+00 -2.56383274427531E+00 -6.48188001974196E-01
DistFromNuc =  6.8903670326E-01
Rho =  7.5486308517E-01
DelSqRho = -1.9787354396E+00
GradDelSqRho =  6.2727600891E-15  6.4392935428E-15 -4.6629367034E-15
HessDelSqRho_EigVals = -1.7867089782E+01 -1.1466850630E+00  1.9099353232E+02
HessDelSqRho_EigVec1 =  6.3758635373E-01  6.9613786961E-01  3.2996319194E-01
HessDelSqRho_EigVec2 = -7.6479743542E-01  6.2343301562E-01  1.6253048270E-01
HessDelSqRho_EigVec3 = -9.2566323824E-02 -3.5598222081E-01  9.2989684060E-01
</CP of DelSqRho>
<CP of DelSqRho>
CP# = 19      
Type = (3,+3)
Coords = -3.07271986768090E+00 -3.07045729941774E+00  5.52024205340146E-01
DistFromNuc =  6.9886857855E-01
Rho =  8.1212616943E-01
DelSqRho = -3.7604559634E+00
GradDelSqRho =  6.4392935428E-15  5.5511151231E-15 -1.1546319456E-14
HessDelSqRho_EigVals =  2.1453277469E+01  2.2016627407E+01  1.7422771155E+02
HessDelSqRho_EigVec1 = -8.7500712188E-01  1.1526841060E-01 -4.7018690982E-01
HessDelSqRho_EigVec2 = -9.9699883922E-02  9.0751286171E-01  4.0802002277E-01
HessDelSqRho_EigVec3 = -4.7373248759E-01 -4.0389800613E-01  7.8258797004E-01
</CP of DelSqRho>
<CP of DelSqRho>
CP# = 20      
Type = (3,+3)
Coords = -3.07254594890843E+00 -3.07078631385917E+00 -5.51423237176468E-01
DistFromNuc =  6.9886874562E-01
Rho =  8.1212906891E-01
DelSqRho = -3.7605008035E+00
GradDelSqRho = -1.9984014443E-14 -6.6613381478E-15 -1.6875389974E-14
HessDelSqRho_EigVals =  2.1453871514E+01  2.2016851234E+01  1.7422749415E+02
HessDelSqRho_EigVec1 = -8.7515190771E-01  1.1554012368E-01  4.6985063398E-01
HessDelSqRho_EigVec2 = -9.9578646754E-02  9.0727295537E-01 -4.0858276710E-01
HessDelSqRho_EigVec3 =  4.7349047672E-01  4.0435907839E-01  7.8249632854E-01
</CP of DelSqRho>
<CP of DelSqRho>
CP# = 21      
Type = (3,-3)
Coords = -3.90261462135861E+00 -2.75699867811594E+00  6.36323786250183E-05
DistFromNuc =  1.1572314634E+00
Rho =  2.3675420563E-01
DelSqRho =  8.3778848962E-01
GradDelSqRho = -2.2482016249E-15  5.6898930012E-16  2.9430667972E-16
HessDelSqRho_EigVals = -1.8665752992E+01 -1.0111253998E+00 -4.0293392841E-01
HessDelSqRho_EigVec1 =  9.9706773321E-01 -7.6523854292E-02  1.8739257260E-04
HessDelSqRho_EigVec2 = -1.6139607466E-04  3.4590182229E-04  9.9999992715E-01
HessDelSqRho_EigVec3 =  7.6523913537E-02  9.9706769082E-01 -3.3253689616E-04
</CP of DelSqRho>
<CP of DelSqRho>
CP# = 22      
Type = (3,-3)
Coords = -2.89429427489349E+00 -3.93965803569228E+00  6.00195964212586E-04
DistFromNuc =  1.1565923876E+00
Rho =  2.3630203165E-01
DelSqRho =  8.3881153435E-01
GradDelSqRho = -9.5062846484E-15  4.9155124415E-14  1.5559656428E-16
HessDelSqRho_EigVals = -1.8562884180E+01 -9.8101242156E-01 -3.8129065706E-01
HessDelSqRho_EigVec1 =  8.5027393046E-02  9.9637857094E-01 -2.9292866345E-04
HessDelSqRho_EigVec2 = -2.0406311304E-04  3.1140733724E-04  9.9999993069E-01
HessDelSqRho_EigVec3 =  9.9637859310E-01 -8.5027327377E-02  2.2980226701E-04
</CP of DelSqRho>
<CP of DelSqRho>
CP# = 23      
Type = (3,+1)
Coords = -2.05024614643796E+00 -1.77315251219388E+00  1.20495591401824E-04
DistFromNuc =  1.2342179241E+00
Rho =  2.3986988649E-01
DelSqRho =  5.4367916256E-01
GradDelSqRho = -3.4347524824E-16  2.7755575616E-17  2.8921092951E-17
HessDelSqRho_EigVals = -1.3190199909E+01  1.2224595815E-01  4.1334639454E-01
HessDelSqRho_EigVec1 =  5.4787829690E-01  8.3655804169E-01 -1.2115574829E-04
HessDelSqRho_EigVec2 =  8.3655803402E-01 -5.4787825168E-01  2.7757333423E-04
HessDelSqRho_EigVec3 = -1.6582760535E-04  2.5343022022E-04  9.9999995414E-01
</CP of DelSqRho>
<CP of DelSqRho>
CP# = 24      
Type = (3,-1)
Coords = -3.65750580681018E+00 -3.56104391970573E+00  3.55506534332111E-04
DistFromNuc =  1.1922422737E+00
Rho =  2.4777753602E-01
DelSqRho =  7.8070797657E-01
GradDelSqRho = -4.3159920082E-15 -3.5527136788E-15 -2.6280044222E-17
HessDelSqRho_EigVals = -1.6300838140E+01 -3.4077248878E+00  3.7940204156E-01
HessDelSqRho_EigVec1 =  7.6426760640E-01  6.4489923267E-01 -7.4268239045E-05
HessDelSqRho_EigVec2 = -1.6155626551E-04  3.0662225183E-04  9.9999993994E-01
HessDelSqRho_EigVec3 = -6.4489921671E-01  7.6426754850E-01 -3.3852896613E-04
</CP of DelSqRho>
<CP of DelSqRho>
CP# = 25      
Type = (3,-1)
Coords = -3.33795327738004E+00 -2.14241695318513E+00  7.73175429799933E-01
DistFromNuc =  1.1707428571E+00
Rho =  2.3327713733E-01
DelSqRho =  7.4311068948E-01
GradDelSqRho =  1.6167622796E-15 -1.0824674490E-15 -3.3306690739E-16
HessDelSqRho_EigVals = -1.6900875774E+01 -1.3274679414E+00  2.1848782786E-01
HessDelSqRho_EigVec1 = -5.0143756228E-01  5.9190281014E-01  6.3103996267E-01
HessDelSqRho_EigVec2 = -2.6701670538E-01 -7.9963029154E-01  5.3786008951E-01
HessDelSqRho_EigVec3 =  8.2295956777E-01  1.0120504034E-01  5.5901260238E-01
</CP of DelSqRho>
<CP of DelSqRho>
CP# = 26      
Type = (3,-1)
Coords = -2.18076454588563E+00 -3.47180450215915E+00  7.66642248510099E-01
DistFromNuc =  1.1696289532E+00
Rho =  2.3283164996E-01
DelSqRho =  7.5770700604E-01
GradDelSqRho = -2.6367796835E-16  5.8286708793E-16 -4.7184478547E-16
HessDelSqRho_EigVals = -1.7328219670E+01 -1.1416261114E+00  1.5900935261E-01
HessDelSqRho_EigVec1 =  5.1525636819E-01 -5.8286054174E-01  6.2831875981E-01
HessDelSqRho_EigVec2 = -8.2781376680E-01 -1.4866143174E-01  5.4094745235E-01
HessDelSqRho_EigVec3 =  2.2189015870E-01  7.9885753899E-01  5.5909872999E-01
</CP of DelSqRho>
<CP of DelSqRho>
CP# = 27      
Type = (3,-1)
Coords = -3.33770043156390E+00 -2.14288048575902E+00 -7.73220765303122E-01
DistFromNuc =  1.1707431886E+00
Rho =  2.3327707601E-01
DelSqRho =  7.4311571309E-01
GradDelSqRho = -1.8179902028E-15  1.8249290967E-15 -2.2759572005E-15
HessDelSqRho_EigVals = -1.6901063190E+01 -1.3274373675E+00  2.1848189052E-01
HessDelSqRho_EigVec1 = -5.0123057877E-01  5.9152448450E-01 -6.3155893719E-01
HessDelSqRho_EigVec2 =  2.6683427912E-01  7.9995175060E-01  5.3747247762E-01
HessDelSqRho_EigVec3 =  8.2314480767E-01  1.0087606731E-01 -5.5879928835E-01
</CP of DelSqRho>
<CP of DelSqRho>
CP# = 28      
Type = (3,-1)
Coords = -2.18052371810319E+00 -3.47231973154473E+00 -7.65467971419457E-01
DistFromNuc =  1.1696281621E+00
Rho =  2.3283043522E-01
DelSqRho =  7.5770185831E-01
GradDelSqRho =  2.8518853945E-15 -3.3029134983E-15 -3.2335245592E-15
HessDelSqRho_EigVals = -1.7328047139E+01 -1.1415589617E+00  1.5904319556E-01
HessDelSqRho_EigVec1 = -5.1545387695E-01  5.8328616834E-01  6.2776153638E-01
HessDelSqRho_EigVec2 = -8.2762813794E-01 -1.4897241933E-01 -5.4114589860E-01
HessDelSqRho_EigVec3 =  2.2212376287E-01  7.9848886286E-01 -5.5953245649E-01
</CP of DelSqRho>
<CP of DelSqRho>
CP# = 29      
Type = (3,-3)
Coords = -2.40571867020267E+00 -2.54933271719115E+00  1.08949967203031E+00
DistFromNuc =  1.1667720275E+00
Rho =  2.4252016802E-01
DelSqRho =  7.8755125689E-01
GradDelSqRho = -3.3965885660E-14 -3.0263291873E-13 -4.1817938001E-13
HessDelSqRho_EigVals = -1.7389695391E+01 -1.4181939609E+00 -1.3922694615E-01
HessDelSqRho_EigVec1 =  3.1322496384E-01  2.2839274059E-01  9.2180631267E-01
HessDelSqRho_EigVec2 =  7.1195281281E-01  5.8590745768E-01 -3.8708609296E-01
HessDelSqRho_EigVec3 = -6.2850084674E-01  7.7752762464E-01  2.0915988149E-02
</CP of DelSqRho>
<CP of DelSqRho>
CP# = 30      
Type = (3,-3)
Coords = -2.40536212700651E+00 -2.54997933745046E+00 -1.08899307729948E+00
DistFromNuc =  1.1667710700E+00
Rho =  2.4251981667E-01
DelSqRho =  7.8755542549E-01
GradDelSqRho = -4.5012604755E-14 -3.6536051962E-13  5.1068871354E-13
HessDelSqRho_EigVals = -1.7389817489E+01 -1.4181189890E+00 -1.3923580165E-01
HessDelSqRho_EigVec1 = -3.1352748002E-01 -2.2784426638E-01  9.2183919940E-01
HessDelSqRho_EigVec2 =  7.1182134749E-01  5.8614324474E-01  3.8697088508E-01
HessDelSqRho_EigVec3 = -6.2849891688E-01  7.7751082753E-01 -2.1587601744E-02
</CP of DelSqRho>
<CP of DelSqRho>
CP# = 31      
Type = (3,-1)
Coords = -2.85966803335384E+00 -3.51654555565163E+00  1.89592307547235E+00
DistFromNuc =  2.0323647899E+00
Rho =  7.0016188124E-02
DelSqRho =  1.8519123744E-01
GradDelSqRho = -3.4312830355E-15  1.4745149546E-15 -9.8983321539E-15
HessDelSqRho_EigVals = -2.1579803449E+00 -1.2490348355E-02  4.4572421235E-01
HessDelSqRho_EigVec1 =  4.8094591169E-01 -2.1479319182E-01  8.5003230219E-01
HessDelSqRho_EigVec2 =  2.3092101255E-01 -9.0426017902E-01 -3.5915040665E-01
HessDelSqRho_EigVec3 =  8.4579342395E-01  3.6902223968E-01 -3.8529997486E-01
</CP of DelSqRho>
<CP of DelSqRho>
CP# = 32      
Type = (3,-1)
Coords = -2.85915874539467E+00 -3.51726786801426E+00 -1.89514200023027E+00
DistFromNuc =  2.0323674142E+00
Rho =  7.0017245032E-02
DelSqRho =  1.8519267844E-01
GradDelSqRho = -8.1115669737E-15  3.2335245592E-15  2.2967738822E-14
HessDelSqRho_EigVals = -2.1581432650E+00 -1.2483408162E-02  4.4570607380E-01
HessDelSqRho_EigVec1 = -4.8113377071E-01  2.1487790694E-01  8.4990457099E-01
HessDelSqRho_EigVec2 =  2.3126229516E-01 -9.0404067131E-01  3.5948326172E-01
HessDelSqRho_EigVec3 =  8.4559330977E-01  3.6951041897E-01  3.8527133912E-01
</CP of DelSqRho>
<CP of DelSqRho>
CP# = 33      
Type = (3,+1)
Coords = -4.18173926683764E+00 -2.87905430452654E+00  1.42618665596424E+00
DistFromNuc =  2.0254024544E+00
Rho =  6.9382266512E-02
DelSqRho =  1.7728173583E-01
GradDelSqRho =  6.6136861612E-12 -1.2262369939E-12 -4.0458964304E-12
HessDelSqRho_EigVals = -1.8388577601E+00  1.1128651520E-02  5.1250736975E-01
HessDelSqRho_EigVec1 =  8.2647344232E-01 -3.7486591154E-01 -4.2002047272E-01
HessDelSqRho_EigVec2 =  5.6263192934E-01  5.7605285036E-01  5.9296578795E-01
HessDelSqRho_EigVec3 =  1.9671329906E-02 -7.2638740487E-01  6.8700391325E-01
</CP of DelSqRho>
<CP of DelSqRho>
CP# = 34      
Type = (3,+1)
Coords = -4.18138777847993E+00 -2.88003527706134E+00 -1.42591854452101E+00
DistFromNuc =  2.0253857084E+00
Rho =  6.9383476270E-02
DelSqRho =  1.7728905225E-01
GradDelSqRho =  6.8928578123E-12 -1.2766077258E-12  4.2207062498E-12
HessDelSqRho_EigVals = -1.8389509697E+00  1.1125514253E-02  5.1251905030E-01
HessDelSqRho_EigVec1 =  8.2645005879E-01 -3.7450887725E-01  4.2038482512E-01
HessDelSqRho_EigVec2 =  5.6265548844E-01  5.7589500837E-01 -5.9309673803E-01
HessDelSqRho_EigVec3 = -1.9977528928E-02  7.2669666312E-01  6.8666793878E-01
</CP of DelSqRho>
<Path of -GradDelSqRho>
Starting CP# =      3
Ending CP# =      0
Number of Points =     30
 -3.2888211760E+00 -3.2531486121E+00  9.4538897890E-01  3.9608713828E-01 -8.8221851820E-01
 -3.3002517909E+00 -3.2628645654E+00  9.6538751111E-01  3.8531580225E-01 -8.9090437420E-01
 -3.3116857748E+00 -3.2725845927E+00  9.8538213733E-01  3.7554916696E-01 -9.1661829534E-01
 -3.3231224483E+00 -3.2823082527E+00  1.0053734587E+00  3.6675152727E-01 -9.5904028293E-01
 -3.3345610791E+00 -3.2920350525E+00  1.0253621328E+00  3.5888451551E-01 -1.0180915304E+00
 -3.3460009274E+00 -3.3017644715E+00  1.0453488353E+00  3.5190720836E-01 -1.0938735789E+00
 -3.3574412998E+00 -3.3114959901E+00  1.0653342155E+00  3.4577608254E-01 -1.1865500216E+00
 -3.3688816077E+00 -3.3212291187E+00  1.0853188487E+00  3.4044489647E-01 -1.2961474000E+00
 -3.3803214299E+00 -3.3309634253E+00  1.1053031862E+00  3.3586463297E-01 -1.4222469627E+00
 -3.3917605816E+00 -3.3406985611E+00  1.1252875035E+00  3.3198372227E-01 -1.5635481902E+00
 -3.4031991976E+00 -3.3504342835E+00  1.1452718417E+00  3.2874887522E-01 -1.7173267099E+00
 -3.4146378407E+00 -3.3601704787E+00  1.1652559340E+00  3.2610697604E-01 -1.8789061896E+00
 -3.4260776582E+00 -3.3699071875E+00  1.1852391039E+00  3.2400855975E-01 -2.0414306840E+00
 -3.4375205773E+00 -3.3796446322E+00  1.2052201392E+00  3.2241333545E-01 -2.1964422215E+00
 -3.4489692917E+00 -3.3893831949E+00  1.2251973094E+00  3.2129787311E-01 -2.3359550212E+00
 -3.4604256002E+00 -3.3991230739E+00  1.2451694836E+00  3.2066481185E-01 -2.4567093658E+00
 -3.4718831409E+00 -3.4088629084E+00  1.2651409728E+00  3.2055172677E-01 -2.5668786184E+00
 -3.4833206171E+00 -3.4185986406E+00  1.2851259554E+00  3.2103628532E-01 -2.6945574403E+00
 -3.4947239136E+00 -3.4283277862E+00  1.3051336645E+00  3.2223294764E-01 -2.8959703656E+00
 -3.5061009711E+00 -3.4380519989E+00  1.3251587039E+00  3.2427593995E-01 -3.2599073264E+00
 -3.5174632398E+00 -3.4477734719E+00  1.3451934686E+00  3.2728453994E-01 -3.9040248999E+00
 -3.5288174238E+00 -3.4574934548E+00  1.3652335393E+00  3.3131021677E-01 -4.9589081796E+00
 -3.5401668546E+00 -3.4672125555E+00  1.3852767302E+00  3.3627096491E-01 -6.5375801991E+00
 -3.5515132005E+00 -3.4769310717E+00  1.4053219510E+00  3.4188562041E-01 -8.6919665662E+00
 -3.5628573320E+00 -3.4866491534E+00  1.4253686357E+00  3.4762822965E-01 -1.1364224388E+01
 -3.5741997155E+00 -3.4963668724E+00  1.4454164854E+00  3.5272651207E-01 -1.4349217132E+01
 -3.5855405918E+00 -3.5060842477E+00  1.4654653542E+00  3.5622483263E-01 -1.7290819330E+01
 -3.5968800448E+00 -3.5158012400E+00  1.4855152137E+00  3.5711736196E-01 -1.9731706854E+01
 -3.6082179569E+00 -3.5255176729E+00  1.5055662157E+00  3.5453225915E-01 -2.1217961333E+01
 -3.6155862385E+00 -3.5318325291E+00  1.5186005363E+00  3.5070923955E-01 -2.1511668184E+01
</Path of -GradDelSqRho>
<Path of -GradDelSqRho>
Starting CP# =      3
Ending CP# =     19
Number of Points =     20
 -3.2888211760E+00 -3.2531486121E+00  9.4538897890E-01  3.9608713828E-01 -8.8221851820E-01
 -3.2773943746E+00 -3.2434369466E+00  9.2538618510E-01  4.0789592007E-01 -8.9114019474E-01
 -3.2659719871E+00 -3.2337300054E+00  9.0537857782E-01  4.2077143414E-01 -9.1849168150E-01
 -3.2545543636E+00 -3.2240279990E+00  8.8536585838E-01  4.3473881335E-01 -9.6528934988E-01
 -3.2431417246E+00 -3.2143310609E+00  8.6534784011E-01  4.4981817665E-01 -1.0326633392E+00
 -3.2317341684E+00 -3.2046392587E+00  8.4532443813E-01  4.6602364808E-01 -1.1217454443E+00
 -3.2203316866E+00 -3.1949526118E+00  8.2529565206E-01  4.8336232205E-01 -1.2335257569E+00
 -3.2089341843E+00 -3.1852711125E+00  8.0526154341E-01  5.0183326240E-01 -1.3686803274E+00
 -3.1975415073E+00 -3.1755947539E+00  7.8522220746E-01  5.2142664379E-01 -1.5273745903E+00
 -3.1861534745E+00 -3.1659235646E+00  7.6517773682E-01  5.4212316393E-01 -1.7090502143E+00
 -3.1747699264E+00 -3.1562576609E+00  7.4512816999E-01  5.6389387250E-01 -1.9122059955E+00
 -3.1633907970E+00 -3.1465973255E+00  7.2507341175E-01  5.8670057548E-01 -2.1341858003E+00
 -3.1520162378E+00 -3.1369431407E+00  7.0501309997E-01  6.1049698123E-01 -2.3709874136E+00
 -3.1406468381E+00 -3.1272962227E+00  6.8494636847E-01  6.3523075632E-01 -2.6171037841E+00
 -3.1292840482E+00 -3.1176586647E+00  6.6487139751E-01  6.6084665744E-01 -2.8653994941E+00
 -3.1179310529E+00 -3.1080344404E+00  6.4478449259E-01  6.8729090534E-01 -3.1070047035E+00
 -3.1065947886E+00 -3.0984314763E+00  6.2467797540E-01  7.1451698034E-01 -3.3311666354E+00
 -3.0952914876E+00 -3.0888673290E+00  6.0453444476E-01  7.4249304635E-01 -3.5249197670E+00
 -3.0840674161E+00 -3.0793904048E+00  5.8430565934E-01  7.7121098214E-01 -3.6723005776E+00
 -3.0727198677E+00 -3.0704572994E+00  5.5202420534E-01  8.1212616943E-01 -3.7604559634E+00
</Path of -GradDelSqRho>
<Path of -GradDelSqRho>
Starting CP# =      4
Ending CP# =     20
Number of Points =     20
 -3.2885142276E+00 -3.2537208224E+00 -9.4474349715E-01  3.9609283541E-01 -8.8226367635E-01
 -3.2770938715E+00 -3.2439970179E+00 -9.2474291994E-01  4.0790171882E-01 -8.9118576737E-01
 -3.2656779354E+00 -3.2342779303E+00 -9.0473752735E-01  4.2077734219E-01 -9.1853846162E-01
 -3.2542667696E+00 -3.2245637699E+00 -8.8472702070E-01  4.3474483733E-01 -9.6533806588E-01
 -3.2428605945E+00 -3.2148546701E+00 -8.6471121333E-01  4.4982432178E-01 -1.0327146395E+00
 -3.2314595085E+00 -3.2051506986E+00 -8.4469002038E-01  4.6602991786E-01 -1.1217998803E+00
 -3.2200635030E+00 -3.1954518745E+00 -8.2466344147E-01  4.8336871805E-01 -1.2335837627E+00
 -3.2086724833E+00 -3.1857581903E+00 -8.0463153814E-01  5.0183978398E-01 -1.3687421978E+00
 -3.1972862950E+00 -3.1760696387E+00 -7.8459440565E-01  5.2143328800E-01 -1.5274404567E+00
 -3.1859047577E+00 -3.1663862482E+00 -7.6455213657E-01  5.4212992543E-01 -1.7091200198E+00
 -3.1745277118E+00 -3.1567081343E+00 -7.4450476935E-01  5.6390074360E-01 -1.9122794709E+00
 -3.1631550924E+00 -3.1470355789E+00 -7.2445220860E-01  5.8670754630E-01 -2.1342624430E+00
 -3.1517870519E+00 -3.1373691626E+00 -7.0439409194E-01  6.1050403996E-01 -2.3710664707E+00
 -3.1404241817E+00 -3.1277099994E+00 -6.8432955273E-01  6.3523788972E-01 -2.6171842418E+00
 -3.1290679353E+00 -3.1180601779E+00 -6.6425677041E-01  6.6085385144E-01 -2.8654800719E+00
 -3.1177215029E+00 -3.1084236648E+00 -6.4417204897E-01  6.8729814586E-01 -3.1070838485E+00
 -3.1063918318E+00 -3.0988083733E+00 -6.2406770714E-01  7.1452425436E-01 -3.3312425040E+00
 -3.0950951769E+00 -3.0892318319E+00 -6.0392633687E-01  7.4250034323E-01 -3.5249901655E+00
 -3.0838778673E+00 -3.0797423751E+00 -5.8369967609E-01  7.7121829528E-01 -3.6723628100E+00
 -3.0725459489E+00 -3.0707863139E+00 -5.5142323718E-01  8.1212906891E-01 -3.7605008035E+00
</Path of -GradDelSqRho>
<Path of -GradDelSqRho>
Starting CP# =      4
Ending CP# =      0
Number of Points =     30
 -3.2885142276E+00 -3.2537208224E+00 -9.4474349715E-01  3.9609283541E-01 -8.8226367635E-01
 -3.2999384031E+00 -3.2634489077E+00 -9.6473981096E-01  3.8532140614E-01 -8.9094996132E-01
 -3.3113659535E+00 -3.2731810602E+00 -9.8473221693E-01  3.7555468630E-01 -9.1666519081E-01
 -3.3227961992E+00 -3.2829168390E+00 -1.0047213163E+00  3.6675697066E-01 -9.5908938489E-01
 -3.3342284073E+00 -3.2926557517E+00 -1.0247077666E+00  3.5888989105E-01 -1.0181437322E+00
 -3.3456618377E+00 -3.3023972785E+00 -1.0446922436E+00  3.5191252323E-01 -1.0939297334E+00
 -3.3570957967E+00 -3.3121409005E+00 -1.0646753968E+00  3.4578134262E-01 -1.1866108845E+00
 -3.3685296951E+00 -3.3218861286E+00 -1.0846578015E+00  3.4045010597E-01 -1.2962135415E+00
 -3.3799631109E+00 -3.3316325317E+00 -1.1046399093E+00  3.3586979423E-01 -1.4223186350E+00
 -3.3913958593E+00 -3.3413797616E+00 -1.1246219956E+00  3.3198883571E-01 -1.5636251481E+00
 -3.4028280741E+00 -3.3511275764E+00 -1.1446041018E+00  3.2875393967E-01 -1.7174080051E+00
 -3.4142603180E+00 -3.3608758629E+00 -1.1645859614E+00  3.2611198957E-01 -1.8789900060E+00
 -3.4256937377E+00 -3.3706246622E+00 -1.1845668979E+00  3.2401352124E-01 -2.0415143549E+00
 -3.4371302600E+00 -3.3803741973E+00 -1.2045456997E+00  3.2241824699E-01 -2.1965226537E+00
 -3.4485725778E+00 -3.3901248508E+00 -1.2245206369E+00  3.2130274319E-01 -2.3360297959E+00
 -3.4600224884E+00 -3.3998768210E+00 -1.2444905797E+00  3.2066965896E-01 -2.4567787313E+00
 -3.4714736262E+00 -3.4096287459E+00 -1.2644598410E+00  3.2055658243E-01 -2.5669483507E+00
 -3.4829046961E+00 -3.4193765660E+00 -1.2844425965E+00  3.2104119506E-01 -2.6946421150E+00
 -3.4943015941E+00 -3.4291177972E+00 -1.3044480707E+00  3.2223796803E-01 -2.8960960328E+00
 -3.5056722635E+00 -3.4388540947E+00 -1.3244708663E+00  3.2428112977E-01 -3.2601121151E+00
 -3.5170281506E+00 -3.4485876521E+00 -1.3445033817E+00  3.2728994454E-01 -3.9043559102E+00
 -3.5283759564E+00 -3.4583197194E+00 -1.3645412001E+00  3.3131584615E-01 -4.9594133492E+00
 -3.5397190106E+00 -3.4680509044E+00 -1.3845821371E+00  3.3627676867E-01 -6.5382947854E+00
 -3.5510589808E+00 -3.4777815051E+00 -1.4046251031E+00  3.4189146551E-01 -8.6928957064E+00
 -3.5623967371E+00 -3.4875116713E+00 -1.4246695324E+00  3.4763388921E-01 -1.1365325970E+01
 -3.5737327456E+00 -3.4972414751E+00 -1.4447151262E+00  3.5273167394E-01 -1.4350392264E+01
 -3.5850672470E+00 -3.5069709354E+00 -1.4647617389E+00  3.5622913344E-01 -1.7291918856E+01
 -3.5964003250E+00 -3.5167000130E+00 -1.4848093420E+00  3.5712044502E-01 -1.9732558837E+01
 -3.6077318618E+00 -3.5264285319E+00 -1.5048580875E+00  3.5453384487E-01 -2.1218415316E+01
 -3.6150959986E+00 -3.5327512450E+00 -1.5178909416E+00  3.5070976659E-01 -2.1511813313E+01
</Path of -GradDelSqRho>
<Path of -GradDelSqRho>
Starting CP# =      6
Ending CP# =      1
Number of Points =      7
 -2.8847667096E+00 -2.8896482155E+00  2.7599402910E-04  2.2289987540E+01  1.2280740901E+03
 -2.8642755416E+00 -2.8753264826E+00  2.7499018836E-04  3.2421940765E+01  9.8939317335E+02
 -2.8437840441E+00 -2.8610052212E+00  2.7398622714E-04  4.7500253044E+01 -7.1250208844E+02
 -2.8232923981E+00 -2.8466841722E+00  2.7298220933E-04  6.9882446778E+01 -6.1577563410E+03
 -2.8028006548E+00 -2.8323632625E+00  2.7197814672E-04  1.0305795850E+02 -1.9804216168E+04
 -2.7823087704E+00 -2.8180425546E+00  2.7097398045E-04  1.5281975872E+02 -7.2458149564E+04
 -2.7459319332E+00 -2.7926210829E+00  2.6919119764E-04  2.9784084756E+02 -3.3351418821E+06
</Path of -GradDelSqRho>
<Path of -GradDelSqRho>
Starting CP# =      6
Ending CP# =     16
Number of Points =     23
 -2.8847667096E+00 -2.8896482155E+00  2.7599402910E-04  2.2289987540E+01  1.2280740901E+03
 -2.9052574907E+00 -2.9039705019E+00  2.7699776100E-04  1.5433482937E+01  1.1483195306E+03
 -2.9257480748E+00 -2.9182930702E+00  2.7800149095E-04  1.0779205881E+01  9.8002180966E+02
 -2.9462385488E+00 -2.9326157960E+00  2.7900527050E-04  7.6297867016E+00  7.7290184838E+02
 -2.9667287998E+00 -2.9469388408E+00  2.8000910503E-04  5.5065254279E+00  5.7362075429E+02
 -2.9872186267E+00 -2.9612624923E+00  2.8101301865E-04  4.0758681827E+00  4.1081117930E+02
 -3.0077077438E+00 -2.9755871592E+00  2.8201707132E-04  3.1095295358E+00  2.8928056777E+02
 -3.0281957711E+00 -2.9899133847E+00  2.8302136422E-04  2.4542041407E+00  2.0175690621E+02
 -3.0486822411E+00 -3.0042418369E+00  2.8402603974E-04  2.0075031708E+00  1.3906963533E+02
 -3.0691665828E+00 -3.0185733317E+00  2.8503128485E-04  1.7006474526E+00  9.4098449679E+01
 -3.0896480388E+00 -3.0329089502E+00  2.8603735289E-04  1.4870717663E+00  6.2028200917E+01
 -3.1101255030E+00 -3.0472502698E+00  2.8704461303E-04  1.3351877905E+00  3.9550264232E+01
 -3.1305972712E+00 -3.0615997191E+00  2.8805363201E-04  1.2237069651E+00  2.4195622864E+01
 -3.1510606574E+00 -3.0759611188E+00  2.8906530149E-04  1.1384716765E+00  1.4012589398E+01
 -3.1715113751E+00 -3.0903405514E+00  2.9008104058E-04  1.0702194063E+00  7.4578808165E+00
 -3.1919424931E+00 -3.1047478158E+00  2.9110312609E-04  1.0129848128E+00  3.3560234345E+00
 -3.2123425776E+00 -3.1191989810E+00  2.9213525253E-04  9.6297278052E-01  8.5648538677E-01
 -3.2326920284E+00 -3.1337213370E+00  2.9318356931E-04  9.1778584336E-01 -6.2485517356E-01
 -3.2529543643E+00 -3.1483649204E+00  2.9425898193E-04  8.7591252198E-01 -1.4704596989E+00
 -3.2730483999E+00 -3.1632382579E+00  2.9538396640E-04  8.3640216879E-01 -1.9207470926E+00
 -3.2926999188E+00 -3.1786877283E+00  2.9662469081E-04  7.9868962172E-01 -2.1223166589E+00
 -3.3038434434E+00 -3.1979993308E+00  2.9832567772E-04  7.6920974178E-01 -2.1675800854E+00
 -3.2795822647E+00 -3.2294357635E+00  3.1733773210E-04  7.6967817046E-01 -2.1734160525E+00
</Path of -GradDelSqRho>
<Path of -GradDelSqRho>
Starting CP# =     12
Ending CP# =      9
Number of Points =     41
 -2.4416829139E+00 -3.0449007410E+00  5.6209792444E-01  7.5491673770E-01 -2.1126933769E+00
 -2.4208529022E+00 -3.0374359380E+00  5.5251058176E-01  7.5641127068E-01 -2.1172602696E+00
 -2.3997780420E+00 -3.0292013280E+00  5.4188252620E-01  7.5855030272E-01 -2.1315408779E+00
 -2.3792687988E+00 -3.0204655455E+00  5.3057013781E-01  7.6129349064E-01 -2.1553490009E+00
 -2.3593626484E+00 -3.0112340213E+00  5.1859364462E-01  7.6463934178E-01 -2.1884387240E+00
 -2.3400958130E+00 -3.0015133770E+00  5.0597580983E-01  7.6858104725E-01 -2.2305175868E+00
 -2.3215029991E+00 -2.9913113583E+00  4.9274186530E-01  7.7310658470E-01 -2.2812520680E+00
 -2.3036171669E+00 -2.9806367334E+00  4.7891940670E-01  7.7819885361E-01 -2.3402715742E+00
 -2.2864693394E+00 -2.9694991621E+00  4.6453825747E-01  7.8383584022E-01 -2.4071710463E+00
 -2.2700884598E+00 -2.9579090382E+00  4.4963031064E-01  7.8999081018E-01 -2.4815123700E+00
 -2.2545012987E+00 -2.9458773122E+00  4.3422935870E-01  7.9663252746E-01 -2.5628248243E+00
 -2.2397324158E+00 -2.9334152973E+00  4.1837092192E-01  8.0372549909E-01 -2.6506048405E+00
 -2.2258041749E+00 -2.9205344668E+00  4.0209208568E-01  8.1123024650E-01 -2.7443153597E+00
 -2.2127368109E+00 -2.9072462453E+00  3.8543135710E-01  8.1910360487E-01 -2.8433850872E+00
 -2.2005485476E+00 -2.8935618011E+00  3.6842855058E-01  8.2729905330E-01 -2.9472079326E+00
 -2.1892557601E+00 -2.8794918411E+00  3.5112471205E-01  8.3576707862E-01 -3.0551429097E+00
 -2.1788731794E+00 -2.8650464151E+00  3.3356209079E-01  8.4445557573E-01 -3.1665147483E+00
 -2.1694141317E+00 -2.8502347296E+00  3.1578416825E-01  8.5331028692E-01 -3.2806154335E+00
 -2.1608908078E+00 -2.8350649766E+00  2.9783575321E-01  8.6227528104E-01 -3.3967068525E+00
 -2.1533145550E+00 -2.8195441777E+00  2.7976315334E-01  8.7129347192E-01 -3.5140246832E+00
 -2.1466961846E+00 -2.8036780489E+00  2.6161443393E-01  8.8030717283E-01 -3.6317836088E+00
 -2.1410462865E+00 -2.7874708882E+00  2.4343977590E-01  8.8925868175E-01 -3.7491838905E+00
 -2.1363755428E+00 -2.7709254915E+00  2.2529194651E-01  8.9809088952E-01 -3.8654192721E+00
 -2.1326950315E+00 -2.7540431068E+00  2.0722689765E-01  9.0674790093E-01 -3.9796861365E+00
 -2.1300165069E+00 -2.7368234391E+00  1.8930450802E-01  9.1517565718E-01 -4.0911937732E+00
 -2.1283526453E+00 -2.7192647274E+00  1.7158948578E-01  9.2332254656E-01 -4.1991755621E+00
 -2.1277172341E+00 -2.7013639280E+00  1.5415244611E-01  9.3113998971E-01 -4.3029008194E+00
 -2.1281252764E+00 -2.6831170526E+00  1.3707117135E-01  9.3858298472E-01 -4.4016869915E+00
 -2.1295929696E+00 -2.6645197321E+00  1.2043204446E-01  9.4561059649E-01 -4.4949118135E+00
 -2.1321374907E+00 -2.6455681087E+00  1.0433161334E-01  9.5218637309E-01 -4.5820249643E+00
 -2.1357764996E+00 -2.6262601844E+00  8.8878180912E-02  9.5827866932E-01 -4.6625586343E+00
 -2.1405272275E+00 -2.6065977869E+00  7.4193209658E-02  9.6386085435E-01 -4.7361362739E+00
 -2.1464049927E+00 -2.5865893155E+00  6.0412159729E-02  9.6891137634E-01 -4.8024785898E+00
 -2.1534209710E+00 -2.5662533756E+00  4.7684136914E-02  9.7341365517E-01 -4.8614056339E+00
 -2.1615791022E+00 -2.5456232429E+00  3.6169428009E-02  9.7735577691E-01 -4.9128336355E+00
 -2.1708721971E+00 -2.5247517484E+00  2.6033731116E-02  9.8072997612E-01 -4.9567652294E+00
 -2.1812776763E+00 -2.5037156196E+00  1.7437834253E-02  9.8353191825E-01 -4.9932721703E+00
 -2.1927539263E+00 -2.4826176659E+00  1.0521903435E-02  9.8575983555E-01 -5.0224708364E+00
 -2.2052388238E+00 -2.4615847938E+00  5.3844300091E-03  9.8741361754E-01 -5.0444929487E+00
 -2.2186521936E+00 -2.4407601810E+00  2.0561888313E-03  9.8849399563E-01 -5.0594566026E+00
 -2.2426115878E+00 -2.4071854467E+00  2.3679174642E-04  9.8902536750E-01 -5.0689182138E+00
</Path of -GradDelSqRho>
<Path of -GradDelSqRho>
Starting CP# =     12
Ending CP# =     19
Number of Points =     27
 -2.4416829139E+00 -3.0449007410E+00  5.6209792444E-01  7.5491673770E-01 -2.1126933769E+00
 -2.4629915539E+00 -3.0519079280E+00  5.7102832850E-01  7.5396633784E-01 -2.1173007961E+00
 -2.4854980673E+00 -3.0586615306E+00  5.7955849040E-01  7.5354982580E-01 -2.1318094408E+00
 -2.5084165127E+00 -3.0649038613E+00  5.8734936022E-01  7.5369127088E-01 -2.1562069889E+00
