 AIMInt (Version 19.02.13, Professional)
 Portions Copyright (c) 1997-2019 by Todd A. Keith
 AIMInt is a component of the AIMAll package ( http://aim.tkgristmill.com )

 TP:  64-bit Linux

 Licensed To:  Research Group of Fernando Cortes Guzman, UNAM, fercor@unam.mx

 AIMInt is a heavily modified and extended version of the PROAIMV program
 developed by members of R.F.W. Bader's research group

 Much of the Quantum Theory of Atoms in Molecules (QTAIM) is described in the book:
   "Atoms in Molecules - A Quantum Theory"
   R.F.W. Bader, Oxford University Press, Oxford, 1990

 For additional references see:  http://aim.tkgristmill.com/references.html

 Current Directory:  /home/scratch/M_H2O_4_cuadrado_plano/Opt

 Inp File:  Sc3_cuadrada_plana_cc-pvtz-def2-tzv_3_atomicfiles/o6.inp
 Wfx File:  Sc3_cuadrada_plana_cc-pvtz-def2-tzv_3.wfx
 Out File:  Sc3_cuadrada_plana_cc-pvtz-def2-tzv_3_atomicfiles/o6.int

 Wfx Title:   Sc3_cuadrada_plana_cc-pvtz-def2-tzv_3                                         
 Job Title:   Sc3_cuadrada_plana_cc-pvtz-def2-tzv_3                                         
 
<Atom>
O6      
</Atom>
<Nuclei of Molecule>
    13
Sc1       21.0           2.4747667738E-04  -3.4925639451E-04  -8.2090013004E-05
O2         8.0           2.7929503433E+00  -2.7464412062E+00   2.0541013273E-05
H3         1.0           3.6769132471E+00  -3.4755026649E+00  -1.5259369207E+00
O4         8.0          -2.7459315706E+00  -2.7926208308E+00   2.6919117784E-04
H5         1.0          -3.6195301506E+00  -3.5352446928E+00   1.5256505887E+00
O6         8.0          -2.7937120200E+00   2.7470364566E+00  -2.0851269129E-04
H7         1.0          -3.6796966095E+00   3.4749273623E+00   1.5253021232E+00
O8         8.0           2.7463720242E+00   2.7928474712E+00   9.4126948888E-05
H9         1.0           3.6181275922E+00   3.5367179667E+00   1.5258294891E+00
H10        1.0          -3.6190337196E+00  -3.5361642335E+00  -1.5249331737E+00
H11        1.0           3.6799819923E+00  -3.4730106831E+00   1.5254121998E+00
H12        1.0           3.6206246196E+00   3.5342828845E+00  -1.5254011455E+00
H13        1.0          -3.6800141969E+00   3.4747533185E+00  -1.5256020423E+00
</Nuclei of Molecule>
<Total Number of CPs of DelSqRho>
    34
</Total Number of CPs of DelSqRho>
<Number of (3,+3) CPs of DelSqRho>
     4
</Number of (3,+3) CPs of DelSqRho>
<Number of (3,+1) CPs of DelSqRho>
    11
</Number of (3,+1) CPs of DelSqRho>
<Number of (3,-1) CPs of DelSqRho>
    13
</Number of (3,-1) CPs of DelSqRho>
<Number of (3,-3) CPs of DelSqRho>
     6
</Number of (3,-3) CPs of DelSqRho>
<Number of Degenerate CPs of DelSqRho>
     0
</Number of Degenerate CPs of DelSqRho>
<CP of DelSqRho>
CP# = 1       
Type = (3,+3)
Coords = -2.79371238701806E+00  2.74703670243022E+00 -2.08512658858088E-04
DistFromNuc =  4.4175532190E-07
Rho =  2.9784255007E+02
DelSqRho = -3.3351598785E+06
GradDelSqRho =  5.8604459809E-06 -1.7449396182E-05 -6.6661953735E-10
HessDelSqRho_EigVals =  1.3262890641E+11  1.3262891262E+11  1.3262892361E+11
HessDelSqRho_EigVec1 =  7.3799339114E-01  6.7480792849E-01 -1.1950173878E-04
HessDelSqRho_EigVec2 = -6.7480792927E-01  7.3799339903E-01  3.9806784623E-05
HessDelSqRho_EigVec3 =  1.1505342827E-04  5.1263576918E-05  9.9999999207E-01
</CP of DelSqRho>
<CP of DelSqRho>
CP# = 2       
Type = (3,-1)
Coords = -1.53434237689252E+00  1.59446731339430E+00 -1.36889187444187E-04
DistFromNuc =  1.7071694506E+00
Rho =  8.4945380037E-02
DelSqRho =  3.2175084373E-01
GradDelSqRho =  4.0245584643E-16 -4.0766001685E-16  4.7272908786E-18
HessDelSqRho_EigVals = -3.5062541126E-01 -3.1629028270E-01  2.7342488120E+00
HessDelSqRho_EigVec1 =  6.9680174724E-01  7.1726319509E-01  9.1324568532E-04
HessDelSqRho_EigVec2 = -6.5517488175E-04 -6.3675134169E-04  9.9999958265E-01
HessDelSqRho_EigVec3 =  7.1726347725E-01 -6.9680205476E-01  2.6243381582E-05
</CP of DelSqRho>
<CP of DelSqRho>
CP# = 3       
Type = (3,+1)
Coords = -3.34429967470447E+00  3.19842080573808E+00  9.44984087483513E-01
DistFromNuc =  1.1833358135E+00
Rho =  3.9604153660E-01
DelSqRho = -8.8203007688E-01
GradDelSqRho = -1.3503087537E-14  8.8193341519E-15  2.5715540808E-14
HessDelSqRho_EigVals = -2.8130173000E+01  1.3694598670E+01  1.3718590174E+01
HessDelSqRho_EigVec1 = -4.6359951752E-01  3.8081820853E-01  8.0003311144E-01
HessDelSqRho_EigVec2 =  1.4125746076E-01 -8.5961198537E-01  4.9103316017E-01
HessDelSqRho_EigVec3 =  8.7471241967E-01  3.4065338199E-01  3.4472228853E-01
</CP of DelSqRho>
<CP of DelSqRho>
CP# = 4       
Type = (3,+1)
Coords = -3.34450254679086E+00  3.19831341259178E+00 -9.45330774496334E-01
DistFromNuc =  1.1833330829E+00
Rho =  3.9604725967E-01
DelSqRho = -8.8207928425E-01
GradDelSqRho = -1.4446777108E-14  1.1157741397E-14 -2.0622392682E-14
HessDelSqRho_EigVals = -2.8131649527E+01  1.3695311918E+01  1.3719281949E+01
HessDelSqRho_EigVec1 =  4.6376831749E-01 -3.8073033579E-01  7.9997709911E-01
HessDelSqRho_EigVec2 =  1.4177387122E-01 -8.5942423307E-01 -4.9121294472E-01
HessDelSqRho_EigVec3 =  8.7453937426E-01  3.4122485113E-01 -3.4459611698E-01
</CP of DelSqRho>
<CP of DelSqRho>
CP# = 5       
Type = (3,-1)
Coords = -2.63390651527162E+00  2.69926199774046E+00 -2.11673998217579E-04
DistFromNuc =  1.6679387959E-01
Rho =  2.2855259793E+01
DelSqRho =  1.2869585694E+03
GradDelSqRho =  1.3613998817E-11  2.3163693186E-12 -3.6255720648E-15
HessDelSqRho_EigVals = -4.5444597908E+05 -1.3417083533E+02  5.5060400990E+02
HessDelSqRho_EigVec1 =  9.5757377937E-01 -2.8818823134E-01 -1.9326715827E-05
HessDelSqRho_EigVec2 =  2.8818822966E-01  9.5757377801E-01 -6.2964436286E-05
HessDelSqRho_EigVec3 =  3.6652365821E-05  5.4723361201E-05  9.9999999783E-01
</CP of DelSqRho>
<CP of DelSqRho>
CP# = 6       
Type = (3,+1)
Coords = -2.93417288943915E+00  2.84169669276762E+00 -1.99535484777015E-04
DistFromNuc =  1.6938068438E-01
Rho =  2.2289947900E+01
DelSqRho =  1.2280378879E+03
GradDelSqRho =  4.9780624067E-11 -7.0418337828E-11 -2.0929438738E-14
HessDelSqRho_EigVals = -3.9300901871E+05  2.1003281772E+03  2.3988193703E+03
HessDelSqRho_EigVec1 =  8.2923118959E-01 -5.5890574466E-01 -5.2863710430E-05
HessDelSqRho_EigVec2 =  5.5890573811E-01  8.2923118947E-01 -1.0153028442E-04
HessDelSqRho_EigVec3 =  1.0058209670E-04  5.4646247432E-05  9.9999999345E-01
</CP of DelSqRho>
<CP of DelSqRho>
CP# = 7       
Type = (3,-3)
Coords = -2.69965839180477E+00  2.68676585582254E+00  1.24061093499783E-01
DistFromNuc =  1.6709747250E-01
Rho =  2.2741912913E+01
DelSqRho =  1.2896615781E+03
GradDelSqRho = -3.6024516703E-12 -4.0820680169E-12  2.7213786780E-12
HessDelSqRho_EigVals = -4.4801195002E+05 -9.8502415392E+02 -5.5514140966E+02
HessDelSqRho_EigVec1 =  5.6582617245E-01 -3.6270110577E-01  7.4046515815E-01
HessDelSqRho_EigVec2 =  5.8706152156E-01 -4.5337476875E-01 -6.7067882698E-01
HessDelSqRho_EigVec3 =  5.7896417201E-01  8.1418623603E-01 -4.3603447069E-02
</CP of DelSqRho>
<CP of DelSqRho>
CP# = 8       
Type = (3,-3)
Coords = -2.69968690947367E+00  2.68675213144813E+00 -1.24493015419647E-01
DistFromNuc =  1.6709745325E-01
Rho =  2.2741912808E+01
DelSqRho =  1.2896628410E+03
GradDelSqRho =  2.0037305148E-12 -1.1333156635E-11 -8.4057205640E-12
HessDelSqRho_EigVals = -4.4801256271E+05 -9.8517724114E+02 -5.5522125998E+02
HessDelSqRho_EigVec1 = -5.6565627231E-01  3.6278289167E-01  7.4055489676E-01
HessDelSqRho_EigVec2 =  5.8722362626E-01 -4.5328911778E-01  6.7059480199E-01
HessDelSqRho_EigVec3 =  5.7896579722E-01  8.1419748785E-01  4.3371147450E-02
</CP of DelSqRho>
<CP of DelSqRho>
CP# = 9       
Type = (3,-1)
Coords = -2.74967980513095E+00  2.51568467693180E+00  6.47280604340759E-01
DistFromNuc =  6.8898812658E-01
Rho =  7.5491648295E-01
DelSqRho = -1.9815013722E+00
GradDelSqRho =  3.5527136788E-15  7.2164496601E-15  6.6613381478E-16
HessDelSqRho_EigVals = -1.7849738602E+01 -1.0802816540E+00  1.9111700595E+02
HessDelSqRho_EigVec1 =  6.4643586988E-01 -6.8756131654E-01 -3.3072662749E-01
HessDelSqRho_EigVec2 =  7.5727677160E-01  6.3104852799E-01  1.6825470725E-01
HessDelSqRho_EigVec3 =  9.3019123412E-02 -3.5921747079E-01  9.2860661820E-01
</CP of DelSqRho>
<CP of DelSqRho>
CP# = 10      
Type = (3,+3)
Coords = -2.28393655369001E+00  2.37028822443508E+00 -2.37405324226266E-04
DistFromNuc =  6.3388505055E-01
Rho =  9.8925693754E-01
DelSqRho = -5.0726108458E+00
GradDelSqRho =  1.4868106746E-12 -1.1128875599E-12 -1.5959455979E-16
HessDelSqRho_EigVals =  1.1130831651E+01  2.4358370817E+01  3.8199749464E+02
HessDelSqRho_EigVec1 =  5.9088436906E-01  8.0675625042E-01 -1.2167802966E-04
HessDelSqRho_EigVec2 =  1.0893381317E-04  7.1038484225E-05  9.9999999154E-01
HessDelSqRho_EigVec3 =  8.0675625224E-01 -5.9088437732E-01 -4.5907504729E-05
</CP of DelSqRho>
<CP of DelSqRho>
CP# = 11      
Type = (3,-1)
Coords = -3.45111476610080E+00  2.50680692014795E+00 -1.14072712763580E-04
DistFromNuc =  6.9992043096E-01
Rho =  6.9332379537E-01
DelSqRho = -1.4506837855E+00
GradDelSqRho = -3.4194869158E-14 -2.1205259770E-14 -1.7943545955E-17
HessDelSqRho_EigVals = -7.0558711169E+00 -6.9909883632E+00  1.6263513704E+02
HessDelSqRho_EigVec1 = -3.4183722665E-01  9.3975907623E-01 -4.3487723953E-04
HessDelSqRho_EigVec2 = -2.3044586891E-05  4.5437145291E-04  9.9999989651E-01
HessDelSqRho_EigVec3 =  9.3975917657E-01  3.4183720129E-01 -1.3366471764E-04
</CP of DelSqRho>
<CP of DelSqRho>
CP# = 12      
Type = (3,-1)
Coords = -2.72654827726096E+00  3.44250114667208E+00 -2.56799797612084E-04
DistFromNuc =  6.9870029758E-01
Rho =  6.9923667932E-01
DelSqRho = -1.4830280032E+00
GradDelSqRho = -3.3306690739E-16  2.1760371283E-14  1.5144949097E-16
HessDelSqRho_EigVals = -7.9968945105E+00 -7.0941944231E+00  1.6572782487E+02
HessDelSqRho_EigVec1 =  2.8198989725E-04  4.2614614887E-05  9.9999995933E-01
HessDelSqRho_EigVec2 =  9.9494060239E-01 -1.0046452795E-01 -2.7628195230E-04
HessDelSqRho_EigVec3 =  1.0046451209E-01  9.9494063984E-01 -7.0728992521E-05
</CP of DelSqRho>
<CP of DelSqRho>
CP# = 13      
Type = (3,+1)
Coords = -2.49380775444856E+00  3.00149761332354E+00  5.62925257899944E-01
DistFromNuc =  6.8688622956E-01
Rho =  7.5507206346E-01
DelSqRho = -2.1130002950E+00
GradDelSqRho =  2.5424107264E-14  2.1871393585E-14  4.3742787170E-14
HessDelSqRho_EigVals = -1.5802793887E+01  2.9372807209E+00  1.9695789737E+02
HessDelSqRho_EigVec1 = -8.7784087715E-01  2.8761456648E-01  3.8297944534E-01
HessDelSqRho_EigVec2 =  9.5364728541E-02  8.8856963031E-01 -4.4871993563E-01
HessDelSqRho_EigVec3 =  4.6936229392E-01  3.5738197105E-01  8.0745102874E-01
</CP of DelSqRho>
<CP of DelSqRho>
CP# = 14      
Type = (3,+1)
Coords = -2.49392449561641E+00  3.00143451544244E+00 -5.63432573864022E-01
DistFromNuc =  6.8688592591E-01
Rho =  7.5507177195E-01
DelSqRho = -2.1129872124E+00
GradDelSqRho =  8.4376949872E-15 -3.8857805862E-15 -1.5654144647E-14
HessDelSqRho_EigVals = -1.5803238261E+01  2.9374055964E+00  1.9695823874E+02
HessDelSqRho_EigVec1 = -8.7792148785E-01  2.8756666505E-01 -3.8283060788E-01
HessDelSqRho_EigVec2 =  9.5452852215E-02  8.8862093764E-01  4.4859957891E-01
HessDelSqRho_EigVec3 = -4.6919357858E-01 -3.5729293633E-01  8.0758847408E-01
</CP of DelSqRho>
<CP of DelSqRho>
CP# = 15      
Type = (3,+1)
Coords = -2.93281038009375E+00  2.40511683177463E+00  5.83050401971118E-01
DistFromNuc =  6.9025237786E-01
Rho =  7.4553481521E-01
DelSqRho = -1.9916124618E+00
GradDelSqRho = -3.2196467714E-15 -1.9984014443E-15  1.8540724511E-14
HessDelSqRho_EigVals = -1.6206643874E+01  1.2642756114E+00  1.8950859152E+02
HessDelSqRho_EigVec1 =  5.0045814611E-01 -7.7972796833E-01 -3.7625249421E-01
HessDelSqRho_EigVec2 =  8.4686355714E-01  3.5058300655E-01  3.9989207432E-01
HessDelSqRho_EigVec3 = -1.7989930402E-01 -5.1876377179E-01  8.3577532238E-01
</CP of DelSqRho>
<CP of DelSqRho>
CP# = 16      
Type = (3,+1)
Coords = -2.93297144316005E+00  2.40502241703980E+00 -5.83373373994771E-01
DistFromNuc =  6.9025216091E-01
Rho =  7.4553212485E-01
DelSqRho = -1.9915894745E+00
GradDelSqRho = -2.5535129566E-15  1.2656542481E-14 -2.1094237468E-15
HessDelSqRho_EigVals = -1.6206514444E+01  1.2645723413E+00  1.8950847412E+02
HessDelSqRho_EigVec1 =  5.0052008666E-01 -7.7968576302E-01  3.7625756311E-01
HessDelSqRho_EigVec2 =  8.4677707030E-01  3.5047866903E-01 -4.0016658503E-01
HessDelSqRho_EigVec3 =  1.8013393925E-01  5.1889769078E-01  8.3564163996E-01
</CP of DelSqRho>
<CP of DelSqRho>
CP# = 17      
Type = (3,+1)
Coords = -3.33476707528600E+00  3.17450840078320E+00 -1.67225897008958E-04
DistFromNuc =  6.8954538476E-01
Rho =  7.6993433094E-01
DelSqRho = -2.1765869996E+00
GradDelSqRho =  5.7287508071E-14 -7.0055072854E-14 -8.3075636214E-16
HessDelSqRho_EigVals = -1.7982132372E+01  7.4606170217E+00  1.8335710538E+02
HessDelSqRho_EigVec1 =  1.1772042691E-04  5.6157884886E-05  9.9999999149E-01
HessDelSqRho_EigVec2 =  6.1875152891E-01  7.8558674365E-01 -1.1695658505E-04
HessDelSqRho_EigVec3 =  7.8558674353E-01 -6.1875153741E-01 -5.7731829703E-05
</CP of DelSqRho>
<CP of DelSqRho>
CP# = 18      
Type = (3,-1)
Coords = -2.74981457969977E+00  2.51560082483467E+00 -6.47676613522664E-01
DistFromNuc =  6.8898793785E-01
Rho =  7.5491539551E-01
DelSqRho = -1.9814716061E+00
GradDelSqRho =  7.7715611724E-16  0.0000000000E+00  1.0436096431E-14
HessDelSqRho_EigVals = -1.7850118316E+01 -1.0805179317E+00  1.9111667271E+02
HessDelSqRho_EigVec1 =  6.4651323537E-01 -6.8751231024E-01  3.3067727434E-01
HessDelSqRho_EigVec2 =  7.5723468678E-01  6.3103399371E-01 -1.6849845077E-01
HessDelSqRho_EigVec3 = -9.2823841892E-02  3.5933678082E-01  9.2857999781E-01
</CP of DelSqRho>
<CP of DelSqRho>
CP# = 19      
Type = (3,+3)
Coords = -3.12509098136641E+00  3.01931715299555E+00  5.51468162489018E-01
DistFromNuc =  6.9878175965E-01
Rho =  8.1235017373E-01
DelSqRho = -3.7633247885E+00
GradDelSqRho =  4.7073456244E-14 -4.9182879991E-14 -1.3744561045E-13
HessDelSqRho_EigVals =  2.1470508723E+01  2.2041265548E+01  1.7437889335E+02
HessDelSqRho_EigVec1 =  8.6962724152E-01  9.9534245326E-02  4.8357149918E-01
HessDelSqRho_EigVec2 = -1.1354842625E-01 -9.1288789065E-01  3.9210005611E-01
HessDelSqRho_EigVec3 = -4.8047394904E-01  3.9588967291E-01  7.8257022125E-01
</CP of DelSqRho>
<CP of DelSqRho>
CP# = 20      
Type = (3,+3)
Coords = -3.12521312462100E+00  3.01925169663335E+00 -5.51842175443923E-01
DistFromNuc =  6.9878023524E-01
Rho =  8.1235818902E-01
DelSqRho = -3.7634276208E+00
GradDelSqRho =  2.3425705820E-14 -3.0864200085E-14  9.2148511044E-14
HessDelSqRho_EigVals =  2.1471423580E+01  2.2042234304E+01  1.7438117209E+02
HessDelSqRho_EigVec1 =  8.6952843310E-01  9.9557436861E-02 -4.8374437547E-01
HessDelSqRho_EigVec2 = -1.1355971806E-01 -9.1292576478E-01 -3.9200859485E-01
HessDelSqRho_EigVec3 =  4.8065007487E-01 -3.9579649413E-01  7.8250919532E-01
</CP of DelSqRho>
<CP of DelSqRho>
CP# = 21      
Type = (3,-3)
Coords = -3.94950280566471E+00  2.69063388379019E+00 -7.22925123477097E-05
DistFromNuc =  1.1571661977E+00
Rho =  2.3671652070E-01
DelSqRho =  8.3783138845E-01
GradDelSqRho = -4.8833159738E-13 -8.0472087327E-13  1.4301370350E-14
HessDelSqRho_EigVals = -1.8667540632E+01 -1.0090397473E+00 -4.0344678937E-01
HessDelSqRho_EigVec1 =  9.9552032358E-01  9.4547718083E-02 -1.1980933011E-04
HessDelSqRho_EigVec2 =  1.1425192819E-04  6.4192057477E-05  9.9999999141E-01
HessDelSqRho_EigVec3 = -9.4547724962E-02  9.9552032871E-01 -5.3102238733E-05
</CP of DelSqRho>
<CP of DelSqRho>
CP# = 22      
Type = (3,-3)
Coords = -2.96120470577694E+00  3.89136384082643E+00 -2.68577658775323E-04
DistFromNuc =  1.1565201969E+00
Rho =  2.3626059785E-01
DelSqRho =  8.3887898627E-01
GradDelSqRho =  4.3021142204E-16  1.3877787808E-15 -5.3362228644E-17
HessDelSqRho_EigVals = -1.8565343264E+01 -9.7868383699E-01 -3.8173454970E-01
HessDelSqRho_EigVec1 = -1.0155170510E-01  9.9483026111E-01 -5.2732242000E-05
HessDelSqRho_EigVec2 =  2.0965534450E-04  7.4407767140E-05  9.9999997525E-01
HessDelSqRho_EigVec3 =  9.9483024041E-01  1.0155169153E-01 -2.1612771673E-04
</CP of DelSqRho>
<CP of DelSqRho>
CP# = 23      
Type = (3,-1)
Coords = -3.71857029923294E+00  3.49951326854169E+00 -1.47816571625249E-04
DistFromNuc =  1.1923020561E+00
Rho =  2.4776732341E-01
DelSqRho =  7.8057902845E-01
GradDelSqRho = -5.3013149426E-15  4.9543702474E-15  1.6873912749E-16
HessDelSqRho_EigVals = -1.6300520990E+01 -3.4058920684E+00  3.7999430700E-01
HessDelSqRho_EigVec1 =  7.7538033979E-01 -6.3149451773E-01 -5.2487254213E-05
HessDelSqRho_EigVec2 =  1.1423132090E-04  5.7142961053E-05  9.9999999184E-01
HessDelSqRho_EigVec3 =  6.3149450958E-01  7.7538033946E-01 -1.1644398146E-04
</CP of DelSqRho>
<CP of DelSqRho>
CP# = 24      
Type = (3,+1)
Coords = -2.07999079736622E+00  1.74014600107159E+00 -2.30227975559035E-04
DistFromNuc =  1.2341905742E+00
Rho =  2.3984964282E-01
DelSqRho =  5.4382803505E-01
GradDelSqRho = -2.6194324487E-15  2.6367796835E-15 -9.8704749344E-18
HessDelSqRho_EigVals = -1.3198521374E+01  1.2250725046E-01  4.1244385202E-01
HessDelSqRho_EigVec1 = -5.6271775119E-01  8.2664909855E-01  1.8868742077E-05
HessDelSqRho_EigVec2 =  8.2664909006E-01  5.6271774843E-01 -1.3232006574E-04
HessDelSqRho_EigVec3 =  1.2000003912E-04  5.8861021359E-05  9.9999999107E-01
</CP of DelSqRho>
<CP of DelSqRho>
CP# = 25      
Type = (3,-1)
Coords = -3.37381762954022E+00  2.08686163869426E+00  7.73195206700008E-01
DistFromNuc =  1.1706863891E+00
Rho =  2.3324450800E-01
DelSqRho =  7.4323531500E-01
GradDelSqRho = -1.4432899320E-15  1.4571677198E-16  1.1102230246E-16
HessDelSqRho_EigVals = -1.6902076282E+01 -1.3272399584E+00  2.1797343077E-01
HessDelSqRho_EigVec1 =  4.9069854133E-01  6.0043319114E-01 -6.3142293632E-01
HessDelSqRho_EigVec2 =  2.8081369811E-01 -7.9497722102E-01 -5.3773123864E-01
HessDelSqRho_EigVec3 =  8.2483853480E-01 -8.6551724608E-02  5.5870402762E-01
</CP of DelSqRho>
<CP of DelSqRho>
CP# = 26      
Type = (3,-1)
Coords = -3.37402138097364E+00  2.08677203160072E+00 -7.73380099402650E-01
DistFromNuc =  1.1706845723E+00
Rho =  2.3324380758E-01
DelSqRho =  7.4324567868E-01
GradDelSqRho =  1.0685896612E-15  7.1470607210E-16  6.9388939039E-16
HessDelSqRho_EigVals = -1.6902300585E+01 -1.3272417882E+00  2.1794731273E-01
HessDelSqRho_EigVec1 =  4.9086622856E-01  6.0050925044E-01  6.3122023557E-01
HessDelSqRho_EigVec2 =  2.8092521652E-01 -7.9490914646E-01  5.3777362486E-01
HessDelSqRho_EigVec3 = -8.2470077506E-01  8.6649229705E-02  5.5889224597E-01
</CP of DelSqRho>
<CP of DelSqRho>
CP# = 27      
Type = (3,-3)
Coords = -2.44866461555034E+00  2.51050629753643E+00  1.08905767538316E+00
DistFromNuc =  1.1668354879E+00
Rho =  2.4249845411E-01
DelSqRho =  7.8746173428E-01
GradDelSqRho = -4.5166301255E-13  1.0038497811E-13 -8.6253226783E-13
HessDelSqRho_EigVals = -1.7389728611E+01 -1.4174061317E+00 -1.3812977644E-01
HessDelSqRho_EigVec1 =  3.1771704966E-01 -2.2220919851E-01  9.2178031464E-01
HessDelSqRho_EigVec2 =  7.2202766613E-01 -5.7343527596E-01 -3.8710209717E-01
HessDelSqRho_EigVec3 =  6.1459899585E-01  7.8853982549E-01 -2.1748975060E-02
</CP of DelSqRho>
<CP of DelSqRho>
CP# = 28      
Type = (3,-3)
Coords = -2.44894886646993E+00  2.51033312779935E+00 -1.08952564223445E+00
DistFromNuc =  1.1668341384E+00
Rho =  2.4249820342E-01
DelSqRho =  7.8746280585E-01
GradDelSqRho = -5.1043197447E-13  1.1613626727E-13  9.7682972822E-13
HessDelSqRho_EigVals = -1.7389745650E+01 -1.4175003458E+00 -1.3809934737E-01
HessDelSqRho_EigVec1 = -3.1747997191E-01  2.2236053639E-01  9.2182550371E-01
HessDelSqRho_EigVec2 =  7.2209580635E-01 -5.7341202347E-01  3.8700942856E-01
HessDelSqRho_EigVec3 =  6.1464145149E-01  7.8851407292E-01  2.1481222281E-02
</CP of DelSqRho>
<CP of DelSqRho>
CP# = 29      
Type = (3,-1)
Coords = -2.24004922312434E+00  3.43587703994773E+00  7.65844064327054E-01
DistFromNuc =  1.1695641892E+00
Rho =  2.3279479630E-01
DelSqRho =  7.5784990493E-01
GradDelSqRho = -3.0808688933E-15 -3.8025138593E-15 -2.3314683517E-15
HessDelSqRho_EigVals = -1.7330354354E+01 -1.1409780198E+00  1.5851898571E-01
HessDelSqRho_EigVec1 =  5.0542916164E-01  5.9174755295E-01  6.2799378671E-01
HessDelSqRho_EigVec2 =  8.3003529342E-01 -1.3457481327E-01 -5.4123103322E-01
HessDelSqRho_EigVec3 =  2.3575999290E-01 -7.9481095439E-01  5.5918938879E-01
</CP of DelSqRho>
<CP of DelSqRho>
CP# = 30      
Type = (3,-1)
Coords = -2.24020456705091E+00  3.43572371074891E+00 -7.66510556653411E-01
DistFromNuc =  1.1695637892E+00
Rho =  2.3279588340E-01
DelSqRho =  7.5785981600E-01
GradDelSqRho =  1.5959455979E-16  5.4123372450E-16 -1.2628786905E-15
HessDelSqRho_EigVals = -1.7330487148E+01 -1.1411330240E+00  1.5847723000E-01
HessDelSqRho_EigVec1 = -5.0530608465E-01 -5.9161657628E-01  6.2821619486E-01
HessDelSqRho_EigVec2 =  8.3016266543E-01 -1.3453393416E-01  5.4104581090E-01
HessDelSqRho_EigVec3 =  2.3557527405E-01 -7.9491537111E-01 -5.5911880940E-01
</CP of DelSqRho>
<CP of DelSqRho>
CP# = 31      
Type = (3,-1)
Coords = -2.91979317707284E+00  3.46880467037767E+00  1.89563057657646E+00
DistFromNuc =  2.0324988721E+00
Rho =  7.0008021089E-02
DelSqRho =  1.8518985359E-01
GradDelSqRho = -8.5894832913E-15 -4.0492782738E-15 -2.5522986502E-14
HessDelSqRho_EigVals = -2.1595301104E+00 -1.2510859171E-02  4.4509241827E-01
HessDelSqRho_EigVec1 =  4.7741511740E-01  2.2257936584E-01  8.5001954777E-01
HessDelSqRho_EigVec2 =  2.1594175498E-01  9.0799565574E-01 -3.5904463179E-01
HessDelSqRho_EigVec3 = -8.5172998312E-01  3.5496804795E-01  3.8542667370E-01
</CP of DelSqRho>
<CP of DelSqRho>
CP# = 32      
Type = (3,-1)
Coords = -2.92018239886826E+00  3.46858493474839E+00 -1.89607521102868E+00
DistFromNuc =  2.0324707872E+00
Rho =  7.0009046543E-02
DelSqRho =  1.8520041742E-01
GradDelSqRho = -7.7065090420E-15 -3.6858537056E-15  2.3531523952E-14
HessDelSqRho_EigVals = -2.1596197237E+00 -1.2513642596E-02  4.4511461598E-01
HessDelSqRho_EigVec1 = -4.7725383266E-01 -2.2248301116E-01  8.5013533567E-01
HessDelSqRho_EigVec2 =  2.1600900142E-01  9.0803670348E-01  3.5890034333E-01
HessDelSqRho_EigVec3 = -8.5180331680E-01  3.5492344932E-01 -3.8530566386E-01
</CP of DelSqRho>
<CP of DelSqRho>
CP# = 33      
Type = (3,+1)
Coords = -4.23272761066663E+00  2.81138143213998E+00  1.42381343271819E+00
DistFromNuc =  2.0255233020E+00
Rho =  6.9371731179E-02
DelSqRho =  1.7726899302E-01
GradDelSqRho =  5.5164206536E-16  2.9490299092E-16 -2.4459601011E-16
HessDelSqRho_EigVals = -1.8395998685E+00  1.1058367305E-02  5.1216774645E-01
HessDelSqRho_EigVec1 =  8.2187732558E-01  3.8698024237E-01 -4.1804778879E-01
HessDelSqRho_EigVec2 = -5.6959424385E-01  5.6976906847E-01 -5.9238974163E-01
HessDelSqRho_EigVec3 =  8.9475734105E-03  7.2498931070E-01  6.8870199673E-01
</CP of DelSqRho>
<CP of DelSqRho>
CP# = 34      
Type = (3,+1)
Coords = -4.23340003967327E+00  2.81159165422562E+00 -1.42353597355505E+00
DistFromNuc =  2.0255196934E+00
Rho =  6.9371949295E-02
DelSqRho =  1.7727098498E-01
GradDelSqRho = -5.2215176627E-16 -4.8485521154E-16 -3.7123082386E-16
HessDelSqRho_EigVals = -1.8396214715E+00  1.1056974475E-02  5.1218705207E-01
HessDelSqRho_EigVec1 =  8.2231622732E-01  3.8667288675E-01  4.1746868259E-01
HessDelSqRho_EigVec2 = -5.6895804387E-01  5.7044577725E-01  5.9234986244E-01
HessDelSqRho_EigVec3 = -9.0976158386E-03 -7.2462106916E-01  6.8908746870E-01
</CP of DelSqRho>
<Path of -GradDelSqRho>
Starting CP# =      3
Ending CP# =      0
Number of Points =     30
 -3.3442996747E+00  3.1984208057E+00  9.4498408748E-01  3.9604153660E-01 -8.8203007688E-01
 -3.3558915022E+00  3.2079433063E+00  9.6498287532E-01  3.8526964301E-01 -8.9071299060E-01
 -3.3674867274E+00  3.2174697906E+00  9.8497779580E-01  3.7550245301E-01 -9.1641757879E-01
 -3.3790846618E+00  3.2269998284E+00  1.0049694515E+00  3.6670424414E-01 -9.5882326736E-01
 -3.3906845633E+00  3.2365329395E+00  1.0249585004E+00  3.5883663627E-01 -1.0178509163E+00
 -3.4022856837E+00  3.2460686169E+00  1.0449456178E+00  3.5185869844E-01 -1.0936020085E+00
 -3.4138873219E+00  3.2556063545E+00  1.0649314515E+00  3.4572690429E-01 -1.1862404447E+00
 -3.4254888831E+00  3.2651456750E+00  1.0849165746E+00  3.4039501332E-01 -1.2957936086E+00
 -3.4370899418E+00  3.2746861567E+00  1.1049014350E+00  3.3581401287E-01 -1.4218443724E+00
 -3.4486903118E+00  3.2842274574E+00  1.1248863042E+00  3.3193233989E-01 -1.5630949127E+00
 -3.4602901284E+00  3.2937693366E+00  1.1448712184E+00  3.2869671212E-01 -1.7168248329E+00
 -3.4718899589E+00  3.3033116760E+00  1.1648559048E+00  3.2605401770E-01 -1.8783629216E+00
 -3.4834909587E+00  3.3128545030E+00  1.1848396796E+00  3.2395478835E-01 -2.0408586001E+00
 -3.4950950682E+00  3.3223980153E+00  1.2048213215E+00  3.2235871727E-01 -2.1958573511E+00
 -3.5067049997E+00  3.3319425590E+00  1.2247990884E+00  3.2124234064E-01 -2.3353711628E+00
 -3.5183225680E+00  3.3414883090E+00  1.2447718388E+00  3.2060824240E-01 -2.4561272054E+00
 -3.5299413841E+00  3.3510339968E+00  1.2647438930E+00  3.2049392246E-01 -2.5662693862E+00
 -3.5415400123E+00  3.3605758644E+00  1.2847294993E+00  3.2097696264E-01 -2.6938431572E+00
 -3.5531042058E+00  3.3701116199E+00  1.3047379641E+00  3.2217174785E-01 -2.8950058494E+00
 -3.5646419496E+00  3.3796428051E+00  1.3247638705E+00  3.2421247165E-01 -3.2584720489E+00
 -3.5761647866E+00  3.3891714563E+00  1.3447995641E+00  3.2721846190E-01 -3.9018342933E+00
 -3.5876794775E+00  3.3986987313E+00  1.3648405951E+00  3.3124136078E-01 -4.9556530379E+00
 -3.5991893813E+00  3.4082251922E+00  1.3848847627E+00  3.3619948488E-01 -6.5329983600E+00
 -3.6106961800E+00  3.4177511140E+00  1.4049309692E+00  3.4181213751E-01 -8.6859416319E+00
 -3.6222007508E+00  3.4272766348E+00  1.4249786450E+00  3.4755392815E-01 -1.1356890788E+01
 -3.6337035638E+00  3.4368018201E+00  1.4450274888E+00  3.5265313414E-01 -1.4341032506E+01
 -3.6452048617E+00  3.4463266861E+00  1.4650773535E+00  3.5615453283E-01 -1.7282555309E+01
 -3.6567047292E+00  3.4558511932E+00  1.4851282091E+00  3.5705241805E-01 -1.9724324241E+01
 -3.6682030477E+00  3.4653751696E+00  1.5051802052E+00  3.5447468989E-01 -2.1212382169E+01
 -3.6756755850E+00  3.4715649591E+00  1.5182151655E+00  3.5065725859E-01 -2.1507624009E+01
</Path of -GradDelSqRho>
<Path of -GradDelSqRho>
Starting CP# =      3
Ending CP# =     19
Number of Points =     20
 -3.3442996747E+00  3.1984208057E+00  9.4498408748E-01  3.9604153660E-01 -8.8203007688E-01
 -3.3327116970E+00  3.1889024974E+00  9.2498107337E-01  4.0785090104E-01 -8.9094913131E-01
 -3.3211281785E+00  3.1793888080E+00  9.0497327967E-01  4.2072704992E-01 -9.1829354582E-01
 -3.3095494768E+00  3.1698799442E+00  8.8496040463E-01  4.3469514779E-01 -9.6508115060E-01
 -3.2979758180E+00  3.1603760378E+00  8.6494225836E-01  4.4977534958E-01 -1.0324439568E+00
 -3.2864073053E+00  3.1508771573E+00  8.4491875274E-01  4.6598181903E-01 -1.1215161183E+00
 -3.2748439338E+00  3.1413833244E+00  8.2488988432E-01  4.8332169319E-01 -1.2332906440E+00
 -3.2632856118E+00  3.1318945354E+00  8.0485571181E-01  5.0179408032E-01 -1.3684471214E+00
 -3.2517321871E+00  3.1224107877E+00  7.8481632808E-01  5.2138919975E-01 -1.5271551832E+00
 -3.2401834815E+00  3.1129321147E+00  7.6477182382E-01  5.4208779227E-01 -1.7088613725E+00
 -3.2286393385E+00  3.1034586362E+00  7.4472223621E-01  5.6386094665E-01 -1.9120700182E+00
 -3.2170996979E+00  3.0939906363E+00  7.2466746956E-01  5.8667050109E-01 -2.1341311273E+00
 -3.2055647202E+00  3.0845286936E+00  7.0460716250E-01  6.1047018601E-01 -2.3710491599E+00
 -3.1940350111E+00  3.0750739108E+00  6.8454045173E-01  6.3520767607E-01 -2.6173242033E+00
 -3.1825120505E+00  3.0656283487E+00  6.6446552430E-01  6.6082771777E-01 -2.8658284322E+00
 -3.1709990767E+00  3.0561959098E+00  6.4437870082E-01  6.8727649858E-01 -3.1077002196E+00
 -3.1595031282E+00  3.0467843634E+00  6.2427233850E-01  7.1450743693E-01 -3.3321961797E+00
 -3.1480406442E+00  3.0374108829E+00  6.0412913411E-01  7.4248860021E-01 -3.5263626866E+00
 -3.1366583491E+00  3.0281226815E+00  5.8390122342E-01  7.7121173580E-01 -3.6742533158E+00
 -3.1250909814E+00  3.0193171530E+00  5.5146816249E-01  8.1235017373E-01 -3.7633247885E+00
</Path of -GradDelSqRho>
<Path of -GradDelSqRho>
Starting CP# =      4
Ending CP# =     20
Number of Points =     20
 -3.3445025468E+00  3.1983134126E+00 -9.4533077450E-01  3.9604725967E-01 -8.8207928425E-01
 -3.3329103443E+00  3.1887973030E+00 -9.2532916223E-01  4.0785677248E-01 -8.9099879405E-01
 -3.3213225916E+00  3.1792858160E+00 -9.0532277329E-01  4.2073308158E-01 -9.1834454675E-01
 -3.3097396468E+00  3.1697791582E+00 -8.8531130556E-01  4.3470135094E-01 -9.6513432228E-01
 -3.2981617371E+00  3.1602774611E+00 -8.6529456871E-01  4.4978173454E-01 -1.0325000698E+00
 -3.2865889665E+00  3.1507807930E+00 -8.4527247425E-01  4.6598839493E-01 -1.1215758679E+00
 -3.2750213309E+00  3.1412891750E+00 -8.2524501835E-01  4.8332846766E-01 -1.2333546351E+00
 -3.2634587396E+00  3.1318026032E+00 -8.0521225941E-01  5.0180105933E-01 -1.3685158506E+00
 -3.2519010414E+00  3.1223210744E+00 -7.8517428998E-01  5.2139638743E-01 -1.5272290201E+00
 -3.2403480591E+00  3.1128446217E+00 -7.6513120049E-01  5.4209519085E-01 -1.7089405398E+00
 -3.2287996371E+00  3.1033733642E+00 -7.4508302786E-01  5.6386855641E-01 -1.9121545729E+00
 -3.2172557162E+00  3.0939075855E+00 -7.2502967614E-01  5.8667832054E-01 -2.1342209452E+00
 -3.2057164580E+00  3.0844478633E+00 -7.0497078364E-01  6.1047821201E-01 -2.3711439252E+00
 -3.1941824698E+00  3.0749952997E+00 -6.8490548663E-01  6.3521590428E-01 -2.6174234060E+00
 -3.1826552329E+00  3.0655519540E+00 -6.6483197151E-01  6.6083614308E-01 -2.8659313742E+00
 -3.1711379883E+00  3.0561217271E+00 -6.4474655772E-01  6.8728511581E-01 -3.1078060255E+00
 -3.1596377784E+00  3.0467123858E+00 -6.2464160033E-01  7.1451624164E-01 -3.3323038062E+00
 -3.1481710497E+00  3.0373410989E+00 -6.0449979128E-01  7.4249758972E-01 -3.5264709083E+00
 -3.1367845459E+00  3.0280550684E+00 -5.8427325262E-01  7.7122091027E-01 -3.6743606493E+00
 -3.1252131246E+00  3.0192516966E+00 -5.5184217544E-01  8.1235818902E-01 -3.7634276208E+00
</Path of -GradDelSqRho>
<Path of -GradDelSqRho>
Starting CP# =      4
Ending CP# =      0
Number of Points =     30
 -3.3445025468E+00  3.1983134126E+00 -9.4533077450E-01  3.9604725967E-01 -8.8207928425E-01
 -3.3560985894E+00  3.2078337182E+00 -9.6532816367E-01  3.8527522983E-01 -8.9076266441E-01
 -3.3676980193E+00  3.2173580115E+00 -9.8532168910E-01  3.7550791559E-01 -9.1646866749E-01
 -3.3793001478E+00  3.2268858622E+00 -1.0053119536E+00  3.6670959399E-01 -9.5887672995E-01
 -3.3909042331E+00  3.2364167898E+00 -1.0252996153E+00  3.5884188401E-01 -1.0179076987E+00
 -3.4025095273E+00  3.2459502874E+00 -1.0452853495E+00  3.5186385341E-01 -1.0936630059E+00
 -3.4141153298E+00  3.2554858484E+00 -1.0652698040E+00  3.4573197414E-01 -1.1863064405E+00
 -3.4257210467E+00  3.2650229952E+00 -1.0852535516E+00  3.4040000369E-01 -1.2958651776E+00
 -3.4373262537E+00  3.2745613058E+00 -1.1052370398E+00  3.3581892722E-01 -1.4219217360E+00
 -3.4489307655E+00  3.2841004378E+00 -1.1252205396E+00  3.3193717947E-01 -1.5631777415E+00
 -3.4605347191E+00  3.2936401504E+00 -1.1452040865E+00  3.2870147640E-01 -1.7169120219E+00
 -3.4721386835E+00  3.3031803250E+00 -1.1651874065E+00  3.2605870533E-01 -1.8784524107E+00
 -3.4837438163E+00  3.3127209893E+00 -1.1851698142E+00  3.2395939891E-01 -2.0409473997E+00
 -3.4953520606E+00  3.3222623409E+00 -1.2051500862E+00  3.2236325397E-01 -2.1959420185E+00
 -3.5069661318E+00  3.3318047263E+00 -1.2251264779E+00  3.2124681388E-01 -2.3354490304E+00
 -3.5185878452E+00  3.3413483208E+00 -1.2450978468E+00  3.2061267372E-01 -2.4561985935E+00
 -3.5302108007E+00  3.3508918545E+00 -1.2650685218E+00  3.2049834785E-01 -2.5663407699E+00
 -3.5418135397E+00  3.3604315657E+00 -1.2850527714E+00  3.2098143355E-01 -2.6939307736E+00
 -3.5533818127E+00  3.3699651608E+00 -1.3050599075E+00  3.2217632786E-01 -2.8951386257E+00
 -3.5649236178E+00  3.3794941825E+00 -1.3250845031E+00  3.2421722657E-01 -3.2586922165E+00
 -3.5764505072E+00  3.3890206681E+00 -1.3451188956E+00  3.2722344239E-01 -3.9021938759E+00
 -3.5879692456E+00  3.3985457763E+00 -1.3651586305E+00  3.3124657801E-01 -4.9562047724E+00
 -3.5994831943E+00  3.4080700696E+00 -1.3852015050E+00  3.3620488289E-01 -6.5337806790E+00
 -3.6109940362E+00  3.4175938233E+00 -1.4052464204E+00  3.4181756872E-01 -8.6869593494E+00
 -3.6225026492E+00  3.4271171756E+00 -1.4252928063E+00  3.4755914128E-01 -1.1358096201E+01
 -3.6340095038E+00  3.4366401920E+00 -1.4453403611E+00  3.5265778418E-01 -1.4342314990E+01
 -3.6455148430E+00  3.4461628890E+00 -1.4653889374E+00  3.5615821918E-01 -1.7283748785E+01
 -3.6570187515E+00  3.4556852270E+00 -1.4854385052E+00  3.5705474916E-01 -1.9725237912E+01
 -3.6685211113E+00  3.4652070340E+00 -1.5054892137E+00  3.5447536147E-01 -2.1212849827E+01
 -3.6759962766E+00  3.4713954134E+00 -1.5185233367E+00  3.5065676064E-01 -2.1507746891E+01
</Path of -GradDelSqRho>
<Path of -GradDelSqRho>
Starting CP# =      6
Ending CP# =      1
Number of Points =      7
 -2.9341728894E+00  2.8416966928E+00 -1.9953548478E-04  2.2289947900E+01  1.2280378879E+03
 -2.9134418942E+00  2.8277243689E+00 -2.0085800272E-04  3.2421807437E+01  9.8936961479E+02
 -2.8927105608E+00  2.8137525467E+00 -2.0218199892E-04  4.7499980833E+01 -7.1245473200E+02
 -2.8719790750E+00  2.7997809507E+00 -2.0350665852E-04  6.9881977860E+01 -6.1575803687E+03
 -2.8512474893E+00  2.7858095030E+00 -2.0483176860E-04  1.0305718430E+02 -1.9803535603E+04
 -2.8305157571E+00  2.7718382726E+00 -2.0615765275E-04  1.5281854454E+02 -7.2455736481E+04
 -2.7937123870E+00  2.7470367024E+00 -2.0851265886E-04  2.9784255007E+02 -3.3351598785E+06
</Path of -GradDelSqRho>
<Path of -GradDelSqRho>
Starting CP# =      6
Ending CP# =     17
Number of Points =     23
 -2.9341728894E+00  2.8416966928E+00 -1.9953548478E-04  2.2289947900E+01  1.2280378879E+03
 -2.9549034886E+00  2.8556696043E+00 -1.9821462559E-04  1.5433507169E+01  1.1482861122E+03
 -2.9756338883E+00  2.8696428117E+00 -1.9689444960E-04  1.0779276013E+01  9.7999157711E+02
 -2.9963641791E+00  2.8836161808E+00 -1.9557446120E-04  7.6298909919E+00  7.7287458714E+02
 -3.0170942477E+00  2.8975898794E+00 -1.9425495798E-04  5.5066554838E+00  5.7359660748E+02
 -3.0378238936E+00  2.9115642051E+00 -1.9293641939E-04  4.0760177866E+00  4.1078989503E+02
 -3.0585528331E+00  2.9255395786E+00 -1.9161939698E-04  3.1096939390E+00  2.8926160215E+02
 -3.0792806913E+00  2.9395165558E+00 -1.9030449398E-04  2.4543795136E+00  2.0173976489E+02
 -3.1000070085E+00  2.9534958181E+00 -1.8899233631E-04  2.0076862352E+00  1.3905402779E+02
 -3.1207312248E+00  2.9674781948E+00 -1.8768360508E-04  1.7008353049E+00  9.4084262935E+01
 -3.1414525982E+00  2.9814647841E+00 -1.8637917560E-04  1.4872618321E+00  6.2015408175E+01
 -3.1621700454E+00  2.9954571882E+00 -1.8508033880E-04  1.3353778378E+00  3.9538846748E+01
 -3.1828818971E+00  3.0094578734E+00 -1.8378909367E-04  1.2238951229E+00  2.4185529993E+01
 -3.2035855234E+00  3.0234707185E+00 -1.8250856962E-04  1.1386564340E+00  1.4003731276E+01
 -3.2242767285E+00  3.0375018969E+00 -1.8124370720E-04  1.0703995883E+00  7.4501388417E+00
 -3.2449487298E+00  3.0515613497E+00 -1.8000242875E-04  1.0131595391E+00  3.3492659883E+00
 -3.2655903396E+00  3.0656653763E+00 -1.7879778435E-04  9.6314141778E-01  8.5058166990E-01
 -3.2861823766E+00  3.0798416585E+00 -1.7765234549E-04  9.1794795961E-01 -6.3002580350E-01
 -3.3066891180E+00  3.0941409707E+00 -1.7660903847E-04  8.7606785079E-01 -1.4750029100E+00
 -3.3270309572E+00  3.1086735521E+00 -1.7576663417E-04  8.3655060696E-01 -1.9247522855E+00
 -3.3469380817E+00  3.1237921922E+00 -1.7547209802E-04  7.9883152320E-01 -2.1258584951E+00
 -3.3582925671E+00  3.1429287333E+00 -1.8389989966E-04  7.6946892228E-01 -2.1708134204E+00
 -3.3347670753E+00  3.1745084008E+00 -1.6722589701E-04  7.6993433094E-01 -2.1765869996E+00
</Path of -GradDelSqRho>
<Path of -GradDelSqRho>
Starting CP# =     13
Ending CP# =     19
Number of Points =     27
 -2.4938077544E+00  3.0014976133E+00  5.6292525790E-01  7.5507206346E-01 -2.1130002950E+00
 -2.5152319586E+00  3.0082100313E+00  5.7183888146E-01  7.5411425371E-01 -2.1176234214E+00
 -2.5378392059E+00  3.0146518531E+00  5.8034377501E-01  7.5369208966E-01 -2.1321704631E+00
 -2.5608504787E+00  3.0205799557E+00  5.8810640153E-01  7.5382922316E-01 -2.1566272101E+00
 -2.5842262794E+00  3.0259951009E+00  5.9511847530E-01  7.5450069837E-01 -2.1908807313E+00
 -2.6079274848E+00  3.0308989519E+00  6.0137369245E-01  7.5567644790E-01 -2.2347136324E+00
 -2.6319155319E+00  3.0352939361E+00  6.0686750062E-01  7.5732149886E-01 -2.2877932145E+00
 -2.6561525586E+00  3.0391830950E+00  6.1159684749E-01  7.5939623787E-01 -2.3496618076E+00
 -2.6806014980E+00  3.0425699270E+00  6.1555991588E-01  7.6185673984E-01 -2.4197289826E+00
 -2.7052261235E+00  3.0454582295E+00  6.1875585331E-01  7.6465516526E-01 -2.4972663360E+00
 -2.7299910470E+00  3.0478519439E+00  6.2118450291E-01  7.6774023107E-01 -2.5814054953E+00
 -2.7548616706E+00  3.0497550086E+00  6.2284614174E-01  7.7105775987E-01 -2.6711399053E+00
 -2.7798040950E+00  3.0511712207E+00  6.2374123105E-01  7.7455131127E-01 -2.7653308254E+00
 -2.8047849874E+00  3.0521041109E+00  6.2387018254E-01  7.7816289793E-01 -2.8627178084E+00
 -2.8297714114E+00  3.0525568334E+00  6.2323314375E-01  7.8183378651E-01 -2.9619337471E+00
 -2.8547306213E+00  3.0525320720E+00  6.2182980645E-01  7.8550538024E-01 -3.0615243772E+00
 -2.8796298248E+00  3.0520319689E+00  6.1965924337E-01  7.8912017456E-01 -3.1599719245E+00
 -2.9044359169E+00  3.0510580802E+00  6.1671978194E-01  7.9262276975E-01 -3.2557223947E+00
 -2.9291151929E+00  3.0496113716E+00  6.1300892921E-01  7.9596091384E-01 -3.3472158222E+00
 -2.9536330530E+00  3.0476922706E+00  6.0852336954E-01  7.9908653346E-01 -3.4329186387E+00
 -2.9779537212E+00  3.0453008065E+00  6.0325906651E-01  8.0195668993E-01 -3.5113571827E+00
 -3.0020400204E+00  3.0424368853E+00  5.9721150906E-01  8.0453437006E-01 -3.5811512610E+00
 -3.0258532663E+00  3.0391007809E+00  5.9037614357E-01  8.0678898855E-01 -3.6410465884E+00
 -3.0493533789E+00  3.0352939977E+00  5.8274900568E-01  8.0869644639E-01 -3.6899448938E+00
 -3.0724993413E+00  3.0310208751E+00  5.7432743755E-01  8.1023857891E-01 -3.7269305023E+00
 -3.0952501503E+00  3.0262922582E+00  5.6511021043E-01  8.1140189509E-01 -3.7512923249E+00
 -3.1250909814E+00  3.0193171530E+00  5.5146816249E-01  8.1235017373E-01 -3.7633247885E+00
</Path of -GradDelSqRho>
<Path of -GradDelSqRho>
Starting CP# =     13
Ending CP# =     10
Number of Points =     41
 -2.4938077544E+00  3.0014976133E+00  5.6292525790E-01  7.5507206346E-01 -2.1130002950E+00
 -2.4728552264E+00  2.9943234141E+00  5.5335092250E-01  7.5657591992E-01 -2.1175834396E+00
 -2.4516574351E+00  2.9863899790E+00  5.4273827374E-01  7.5872539171E-01 -2.1319058140E+00
 -2.4310176759E+00  2.9779509237E+00  5.3143802008E-01  7.6148050724E-01 -2.1557823106E+00
 -2.4109735364E+00  2.9690111821E+00  5.1947032554E-01  7.6483977544E-01 -2.1889680967E+00
 -2.3915613661E+00  2.9595768906E+00  5.0685789580E-01  7.6879637411E-01 -2.2311715944E+00
 -2.3728160119E+00  2.9496553249E+00  4.9362591160E-01  7.7333825138E-01 -2.2820599370E+00
 -2.3547705853E+00  2.9392548014E+00  4.7980192343E-01  7.7844825954E-01 -2.3412629251E+00
 -2.3374562694E+00  2.9283845487E+00  4.6541571488E-01  7.8410431854E-01 -2.4083755991E+00
 -2.3209021722E+00  2.9170545516E+00  4.5049914350E-01  7.9027960718E-01 -2.4829596108E+00
 -2.3051352316E+00  2.9052753750E+00  4.3508596947E-01  7.9694278053E-01 -2.5645436336E+00
 -2.2901801728E+00  2.8930579700E+00  4.1921168248E-01  8.0405821339E-01 -2.6526230810E+00
 -2.2760595203E+00  2.8804134709E+00  4.0291333741E-01  8.1158627029E-01 -2.7466594253E+00
 -2.2627936620E+00  2.8673529847E+00  3.8622940904E-01  8.1948360402E-01 -2.8460794140E+00
 -2.2504009634E+00  2.8538873812E+00  3.6919967575E-01  8.2770348502E-01 -2.9502744764E+00
 -2.2388979275E+00  2.8400270844E+00  3.5186514162E-01  8.3619616501E-01 -3.0586005958E+00
 -2.2282993972E+00  2.8257818721E+00  3.3426800629E-01  8.4490927761E-01 -3.1703789006E+00
 -2.2186187932E+00  2.8111606848E+00  3.1645169194E-01  8.5378827855E-01 -3.2848971933E+00
