 AIMInt (Version 19.02.13, Professional)
 Portions Copyright (c) 1997-2019 by Todd A. Keith
 AIMInt is a component of the AIMAll package ( http://aim.tkgristmill.com )

 TP:  64-bit Linux

 Licensed To:  Research Group of Fernando Cortes Guzman, UNAM, fercor@unam.mx

 AIMInt is a heavily modified and extended version of the PROAIMV program
 developed by members of R.F.W. Bader's research group

 Much of the Quantum Theory of Atoms in Molecules (QTAIM) is described in the book:
   "Atoms in Molecules - A Quantum Theory"
   R.F.W. Bader, Oxford University Press, Oxford, 1990

 For additional references see:  http://aim.tkgristmill.com/references.html

 Current Directory:  /home/scratch/M_H2O_4_cuadrado_plano/Opt

 Inp File:  Sc3_cuadrada_plana_cc-pvtz-def2-tzv_3_atomicfiles/o8.inp
 Wfx File:  Sc3_cuadrada_plana_cc-pvtz-def2-tzv_3.wfx
 Out File:  Sc3_cuadrada_plana_cc-pvtz-def2-tzv_3_atomicfiles/o8.int

 Wfx Title:   Sc3_cuadrada_plana_cc-pvtz-def2-tzv_3                                         
 Job Title:   Sc3_cuadrada_plana_cc-pvtz-def2-tzv_3                                         
 
<Atom>
O8      
</Atom>
<Nuclei of Molecule>
    13
Sc1       21.0           2.4747667738E-04  -3.4925639451E-04  -8.2090013004E-05
O2         8.0           2.7929503433E+00  -2.7464412062E+00   2.0541013273E-05
H3         1.0           3.6769132471E+00  -3.4755026649E+00  -1.5259369207E+00
O4         8.0          -2.7459315706E+00  -2.7926208308E+00   2.6919117784E-04
H5         1.0          -3.6195301506E+00  -3.5352446928E+00   1.5256505887E+00
O6         8.0          -2.7937120200E+00   2.7470364566E+00  -2.0851269129E-04
H7         1.0          -3.6796966095E+00   3.4749273623E+00   1.5253021232E+00
O8         8.0           2.7463720242E+00   2.7928474712E+00   9.4126948888E-05
H9         1.0           3.6181275922E+00   3.5367179667E+00   1.5258294891E+00
H10        1.0          -3.6190337196E+00  -3.5361642335E+00  -1.5249331737E+00
H11        1.0           3.6799819923E+00  -3.4730106831E+00   1.5254121998E+00
H12        1.0           3.6206246196E+00   3.5342828845E+00  -1.5254011455E+00
H13        1.0          -3.6800141969E+00   3.4747533185E+00  -1.5256020423E+00
</Nuclei of Molecule>
<Total Number of CPs of DelSqRho>
    34
</Total Number of CPs of DelSqRho>
<Number of (3,+3) CPs of DelSqRho>
     4
</Number of (3,+3) CPs of DelSqRho>
<Number of (3,+1) CPs of DelSqRho>
    11
</Number of (3,+1) CPs of DelSqRho>
<Number of (3,-1) CPs of DelSqRho>
    13
</Number of (3,-1) CPs of DelSqRho>
<Number of (3,-3) CPs of DelSqRho>
     6
</Number of (3,-3) CPs of DelSqRho>
<Number of Degenerate CPs of DelSqRho>
     0
</Number of Degenerate CPs of DelSqRho>
<CP of DelSqRho>
CP# = 1       
Type = (3,+3)
Coords =  2.74637238677007E+00  2.79284772320705E+00  9.41270384717923E-05
DistFromNuc =  4.4151421454E-07
Rho =  2.9784116978E+02
DelSqRho = -3.3351455020E+06
GradDelSqRho =  1.3695417351E-05  4.3347802148E-06  4.7178039253E-11
HessDelSqRho_EigVals =  1.3262834376E+11  1.3262834998E+11  1.3262836098E+11
HessDelSqRho_EigVec1 =  7.4942418038E-01 -6.6208909348E-01  1.1958893016E-03
HessDelSqRho_EigVec2 =  6.6208970105E-01  7.4942458092E-01 -1.5899305733E-04
HessDelSqRho_EigVec3 = -7.9096126951E-04  9.1093923189E-04  9.9999927228E-01
</CP of DelSqRho>
<CP of DelSqRho>
CP# = 2       
Type = (3,-1)
Coords =  1.50717837871867E+00  1.61966419284032E+00  2.67498408430421E-05
DistFromNuc =  1.7064465712E+00
Rho =  8.5136861397E-02
DelSqRho =  3.2213046757E-01
GradDelSqRho = -7.7542139376E-16 -5.9847959921E-16 -4.1792605618E-18
HessDelSqRho_EigVals = -3.5102325851E-01 -3.1597770766E-01  2.7408816210E+00
HessDelSqRho_EigVec1 =  7.0878978832E-01 -7.0541972162E-01  2.2874263022E-04
HessDelSqRho_EigVec2 = -1.9556802638E-04  1.2776224025E-04  9.9999997271E-01
HessDelSqRho_EigVec3 =  7.0541973160E-01  7.0878981372E-01  4.7400971508E-05
</CP of DelSqRho>
<CP of DelSqRho>
CP# = 3       
Type = (3,+1)
Coords =  3.28817138515060E+00  3.25418463988491E+00  9.45439616939643E-01
DistFromNuc =  1.1832398853E+00
Rho =  3.9612559166E-01
DelSqRho = -8.8258741421E-01
GradDelSqRho =  1.0491607583E-14  1.2337353361E-14  2.6395552410E-14
HessDelSqRho_EigVals = -2.8149322582E+01  1.3703554702E+01  1.3727015675E+01
HessDelSqRho_EigVec1 =  4.5618230740E-01  3.8921256617E-01  8.0025700918E-01
HessDelSqRho_EigVec2 =  1.0213844434E-01  8.7043641327E-01 -4.8156846724E-01
HessDelSqRho_EigVec3 = -8.8400533969E-01  3.0142002054E-01  3.5732412543E-01
</CP of DelSqRho>
<CP of DelSqRho>
CP# = 4       
Type = (3,+1)
Coords =  3.28971350401492E+00  3.25267796857864E+00 -9.45098608165465E-01
DistFromNuc =  1.1832385036E+00
Rho =  3.9612372833E-01
DelSqRho = -8.8254902761E-01
GradDelSqRho =  1.4613310562E-14  1.1303458169E-14 -2.7172708528E-14
HessDelSqRho_EigVals = -2.8148998880E+01  1.3703096057E+01  1.3726763849E+01
HessDelSqRho_EigVec1 = -4.5749559642E-01 -3.8792993248E-01  8.0013008113E-01
HessDelSqRho_EigVec2 =  1.0208750045E-01  8.7095555814E-01  4.8063973826E-01
HessDelSqRho_EigVec3 = -8.8333228261E-01  3.0157384374E-01 -3.5885553537E-01
</CP of DelSqRho>
<CP of DelSqRho>
CP# = 5       
Type = (3,+1)
Coords =  2.88520341414957E+00  2.88988005902856E+00  1.30110615681289E-04
DistFromNuc =  1.6937968951E-01
Rho =  2.2290141358E+01
DelSqRho =  1.2280519445E+03
GradDelSqRho =  2.8855140499E-11  1.5058176928E-11  1.9165224963E-14
HessDelSqRho_EigVals = -3.9302666859E+05  2.0959834766E+03  2.4000707509E+03
HessDelSqRho_EigVec1 =  8.1961588719E-01  5.7291338989E-01  2.1248696726E-04
HessDelSqRho_EigVec2 = -5.7291217929E-01  8.1961481730E-01 -1.7849603430E-03
HessDelSqRho_EigVec3 = -1.1967851478E-03  1.3412454836E-03  9.9999838438E-01
</CP of DelSqRho>
<CP of DelSqRho>
CP# = 6       
Type = (3,-1)
Coords =  2.58794017072877E+00  2.74070680471093E+00 -2.03752385261950E-05
DistFromNuc =  1.6679123004E-01
Rho =  2.2856237368E+01
DelSqRho =  1.2869353162E+03
GradDelSqRho =  1.1723955140E-12  5.4924953474E-12  3.0808688933E-15
HessDelSqRho_EigVals = -4.5449802570E+05 -1.2751455629E+02  5.5703222217E+02
HessDelSqRho_EigVec1 =  9.4932493517E-01  3.1429556185E-01  6.8356233531E-04
HessDelSqRho_EigVec2 = -3.1429444991E-01  9.4932455900E-01 -1.3712890973E-03
HessDelSqRho_EigVec3 = -1.0799125898E-03  1.0869590852E-03  9.9999882615E-01
</CP of DelSqRho>
<CP of DelSqRho>
CP# = 7       
Type = (3,-3)
Coords =  2.65346321207222E+00  2.73108984170440E+00  1.24496305054200E-01
DistFromNuc =  1.6709863583E-01
Rho =  2.2741449348E+01
DelSqRho =  1.2896662458E+03
GradDelSqRho = -5.7838178691E-12 -8.6615159489E-12  4.6682657739E-12
HessDelSqRho_EigVals = -4.4798469182E+05 -9.8831397201E+02 -5.6090520007E+02
HessDelSqRho_EigVec1 = -5.5894018215E-01 -3.7165267336E-01  7.4125580144E-01
HessDelSqRho_EigVec2 =  5.8044264341E-01  4.6303668175E-01  6.6983831561E-01
HessDelSqRho_EigVec3 = -5.9217582734E-01  8.0465602697E-01 -4.3086747087E-02
</CP of DelSqRho>
<CP of DelSqRho>
CP# = 8       
Type = (3,-3)
Coords =  2.65371606918382E+00  2.73081641584977E+00 -1.24360617435448E-01
DistFromNuc =  1.6709865719E-01
Rho =  2.2741448920E+01
DelSqRho =  1.2896650477E+03
GradDelSqRho =  6.6719962888E-12  6.6222582973E-12  4.9311665862E-12
HessDelSqRho_EigVals = -4.4798399003E+05 -9.8817729702E+02 -5.6085168288E+02
HessDelSqRho_EigVec1 =  5.5743339228E-01  3.7328205820E-01  7.4157165413E-01
HessDelSqRho_EigVec2 =  5.8171724929E-01  4.6168236898E-01 -6.6966740406E-01
HessDelSqRho_EigVec3 = -5.9234538494E-01  8.0467999553E-01  4.0212556992E-02
</CP of DelSqRho>
<CP of DelSqRho>
CP# = 9       
Type = (3,-1)
Coords =  3.40793498424318E+00  2.56452230920200E+00  7.49068130936301E-04
DistFromNuc =  6.9985595562E-01
Rho =  6.9361124324E-01
DelSqRho = -1.4526887740E+00
GradDelSqRho =  2.0428103653E-14 -5.8286708793E-15 -7.9363599026E-17
HessDelSqRho_EigVals = -7.0428356648E+00 -6.9876658951E+00  1.6271360140E+02
HessDelSqRho_EigVec1 =  3.2483089215E-01  9.4551449403E-01 -2.2073357092E-02
HessDelSqRho_EigVec2 =  6.2778977420E-03  2.1182873606E-02  9.9975590714E-01
HessDelSqRho_EigVec3 =  9.4575127782E-01 -3.2489017753E-01  9.4500842445E-04
</CP of DelSqRho>
<CP of DelSqRho>
CP# = 10      
Type = (3,+3)
Coords =  2.24307161196815E+00  2.40744972153347E+00 -1.80515313087288E-05
DistFromNuc =  6.3391067433E-01
Rho =  9.8920247989E-01
DelSqRho = -5.0713671809E+00
GradDelSqRho = -4.6946890819E-12 -4.2776893139E-12 -5.1228552650E-16
HessDelSqRho_EigVals =  1.1105399393E+01  2.4370125651E+01  3.8183233537E+02
HessDelSqRho_EigVec1 = -6.0454704823E-01  7.9656856213E-01 -1.1799589681E-03
HessDelSqRho_EigVec2 = -8.5597772892E-04  8.3166641244E-04  9.9999928782E-01
HessDelSqRho_EigVec3 =  7.9656897615E-01  6.0454762770E-01  1.7906347398E-04
</CP of DelSqRho>
<CP of DelSqRho>
CP# = 11      
Type = (3,-1)
Coords =  2.66782879250930E+00  3.48707157296944E+00 -4.79425139242729E-04
DistFromNuc =  6.9865332724E-01
Rho =  6.9948143689E-01
DelSqRho = -1.4846626688E+00
GradDelSqRho =  3.7747582837E-15  1.9984014443E-14  1.8968117008E-16
HessDelSqRho_EigVals = -7.9971130058E+00 -7.0824962065E+00  1.6578379678E+02
HessDelSqRho_EigVec1 =  4.1097900636E-04  8.8701437877E-04  9.9999952215E-01
HessDelSqRho_EigVec2 =  9.9315629736E-01  1.1679172536E-01 -5.1176257250E-04
HessDelSqRho_EigVec3 = -1.1679212349E-01  9.9315603311E-01 -8.3294496889E-04
</CP of DelSqRho>
<CP of DelSqRho>
CP# = 12      
Type = (3,+1)
Coords =  2.44157261037004E+00  3.04451426977814E+00  5.61904929820101E-01
DistFromNuc =  6.8692811735E-01
Rho =  7.5493301303E-01
DelSqRho = -2.1121819244E+00
GradDelSqRho = -2.1094237468E-14  9.2148511044E-15  2.4646951147E-14
HessDelSqRho_EigVals = -1.5786991019E+01  2.9554262237E+00  1.9686840671E+02
HessDelSqRho_EigVec1 =  8.7275196899E-01  3.0136009046E-01  3.8403918614E-01
HessDelSqRho_EigVec2 =  1.0721931735E-01 -8.8582758889E-01  4.5145708628E-01
HessDelSqRho_EigVec3 = -4.7624365466E-01  3.5283364159E-01  8.0541939557E-01
</CP of DelSqRho>
<CP of DelSqRho>
CP# = 13      
Type = (3,+1)
Coords =  2.44249274156654E+00  3.04370832365853E+00 -5.62565805304625E-01
DistFromNuc =  6.8692065414E-01
Rho =  7.5495673307E-01
DelSqRho = -2.1124409353E+00
GradDelSqRho =  1.3322676296E-15 -9.5479180118E-15  1.5765166950E-14
HessDelSqRho_EigVals = -1.5785281490E+01  2.9584797896E+00  1.9688201621E+02
HessDelSqRho_EigVec1 =  8.7338862500E-01  3.0072390516E-01 -3.8308934020E-01
HessDelSqRho_EigVec2 =  1.0786165114E-01 -8.8649680275E-01 -4.4998809199E-01
HessDelSqRho_EigVec3 =  4.7492965156E-01 -3.5169383216E-01  8.0669280057E-01
</CP of DelSqRho>
<CP of DelSqRho>
CP# = 14      
Type = (3,+1)
Coords =  2.89547229809701E+00  2.45208079368264E+00  5.81632900315868E-01
DistFromNuc =  6.9031888654E-01
Rho =  7.4521283966E-01
DelSqRho = -1.9906586898E+00
GradDelSqRho = -9.9920072216E-16  9.4368957093E-15 -8.8817841970E-15
HessDelSqRho_EigVals = -1.6160467489E+01  1.3192195731E+00  1.8938219660E+02
HessDelSqRho_EigVec1 =  4.8327375862E-01  7.8992801759E-01  3.7743900336E-01
HessDelSqRho_EigVec2 = -8.5346665554E-01  3.2904572328E-01  4.0413312147E-01
HessDelSqRho_EigVec3 =  1.9504138563E-01 -5.1743853646E-01  8.3319638674E-01
</CP of DelSqRho>
<CP of DelSqRho>
CP# = 15      
Type = (3,+1)
Coords =  2.89618477333048E+00  2.45126303562018E+00 -5.80791427955925E-01
DistFromNuc =  6.9032732405E-01
Rho =  7.4519942242E-01
DelSqRho = -1.9904239717E+00
GradDelSqRho = -8.1046280798E-15  5.2180482157E-15  3.5749181393E-14
HessDelSqRho_EigVals = -1.6163856772E+01  1.3143784911E+00  1.8936795548E+02
HessDelSqRho_EigVec1 =  4.8401180818E-01  7.8929107084E-01 -3.7782558810E-01
HessDelSqRho_EigVec2 = -8.5281925700E-01  3.2874424431E-01 -4.0574195829E-01
HessDelSqRho_EigVec3 = -1.9604051730E-01  5.1860083621E-01  8.3223872072E-01
</CP of DelSqRho>
<CP of DelSqRho>
CP# = 16      
Type = (3,+1)
Coords =  3.28002830490298E+00  3.22955020326731E+00  1.75007620348781E-04
DistFromNuc =  6.8956385391E-01
Rho =  7.6986930654E-01
DelSqRho = -2.1752325295E+00
GradDelSqRho =  3.9301895072E-14  4.5519144010E-14 -2.7652576409E-16
HessDelSqRho_EigVals = -1.7974170750E+01  7.4353944579E+00  1.8330339834E+02
HessDelSqRho_EigVec1 = -7.8358682238E-04  7.6972033854E-04  9.9999939676E-01
HessDelSqRho_EigVec2 = -6.3212903567E-01  7.7486236864E-01 -1.0917559657E-03
HessDelSqRho_EigVec3 =  7.7486274156E-01  6.3212950983E-01  1.2060936588E-04
</CP of DelSqRho>
<CP of DelSqRho>
CP# = 17      
Type = (3,-1)
Coords =  2.70327790041292E+00  2.56325816803150E+00  6.48320663787606E-01
DistFromNuc =  6.8903265141E-01
Rho =  7.5486410765E-01
DelSqRho = -1.9792793995E+00
GradDelSqRho =  4.9960036108E-15  1.7763568394E-15  1.9650947536E-14
HessDelSqRho_EigVals = -1.7871515575E+01 -1.1229702221E+00  1.9101013421E+02
HessDelSqRho_EigVec1 =  6.3640289997E-01  6.9704213210E-01  3.3033863683E-01
HessDelSqRho_EigVec2 = -7.6593322129E-01  6.2174208015E-01  1.6365538882E-01
HessDelSqRho_EigVec3 = -9.1310730064E-02 -3.5716810027E-01  9.2956618846E-01
</CP of DelSqRho>
<CP of DelSqRho>
CP# = 18      
Type = (3,-1)
Coords =  2.70480329489214E+00  2.56186337184724E+00 -6.47745849737189E-01
DistFromNuc =  6.8904154360E-01
Rho =  7.5483131759E-01
DelSqRho = -1.9791700963E+00
GradDelSqRho =  3.1086244690E-15  6.1062266354E-15  4.5186077102E-14
HessDelSqRho_EigVals = -1.7868963657E+01 -1.1199159419E+00  1.9099634454E+02
HessDelSqRho_EigVec1 =  6.3650178608E-01  6.9688762086E-01 -3.3047408401E-01
HessDelSqRho_EigVec2 = -7.6611048311E-01  6.2076491681E-01 -1.6651019704E-01
HessDelSqRho_EigVec3 =  8.9107822205E-02  3.5916369798E-01  9.2901089018E-01
</CP of DelSqRho>
<CP of DelSqRho>
CP# = 19      
Type = (3,+3)
Coords =  3.07262839929135E+00  3.07120063141212E+00  5.51858722802482E-01
DistFromNuc =  6.9883322281E-01
Rho =  8.1225409680E-01
DelSqRho = -3.7620189184E+00
GradDelSqRho =  8.7707618945E-15  1.6320278462E-14  1.6653345369E-14
HessDelSqRho_EigVals =  2.1464117489E+01  2.2030296298E+01  1.7428725308E+02
HessDelSqRho_EigVec1 = -8.7391622420E-01  1.0305164963E-01  4.7502714720E-01
HessDelSqRho_EigVec2 = -1.1159485311E-01  9.0862816389E-01 -4.0241949325E-01
HessDelSqRho_EigVec3 =  4.7309303718E-01  4.0469150881E-01  7.8256486049E-01
</CP of DelSqRho>
<CP of DelSqRho>
CP# = 20      
Type = (3,+3)
Coords =  3.07350236450377E+00  3.07035464820576E+00 -5.51580451249266E-01
DistFromNuc =  6.9883426722E-01
Rho =  8.1224751379E-01
DelSqRho = -3.7619172107E+00
GradDelSqRho =  3.0309088572E-14  2.7977620221E-14 -4.1300296516E-14
HessDelSqRho_EigVals =  2.1462793870E+01  2.2030285773E+01  1.7428469476E+02
HessDelSqRho_EigVec1 = -8.7317440161E-01  1.0232125108E-01 -4.7654677206E-01
HessDelSqRho_EigVec2 = -1.1223574717E-01  9.0923223466E-01  4.0087389601E-01
HessDelSqRho_EigVec3 = -4.7430960504E-01 -4.0351840729E-01  7.8243421036E-01
</CP of DelSqRho>
<CP of DelSqRho>
CP# = 21      
Type = (3,-3)
Coords =  3.90303150824766E+00  2.75704331373893E+00  1.04850243750901E-03
DistFromNuc =  1.1572139001E+00
Rho =  2.3674097955E-01
DelSqRho =  8.3779916297E-01
GradDelSqRho =  3.7192471325E-15 -3.1225022568E-16  5.7462715142E-17
HessDelSqRho_EigVals = -1.8667654981E+01 -1.0098297700E+00 -4.0264243310E-01
HessDelSqRho_EigVec1 =  9.9705258734E-01 -7.6716383637E-02  8.5706684266E-04
HessDelSqRho_EigVec2 = -8.0214210312E-04  7.4675663670E-04  9.9999939946E-01
HessDelSqRho_EigVec3 =  7.6716977586E-02  9.9705267606E-01 -6.8301819541E-04
</CP of DelSqRho>
<CP of DelSqRho>
CP# = 22      
Type = (3,-3)
Coords =  2.89470167301166E+00  3.93986046782460E+00 -7.01731743142542E-04
DistFromNuc =  1.1565643659E+00
Rho =  2.3628663820E-01
DelSqRho =  8.3883751815E-01
GradDelSqRho =  9.1940344227E-15 -7.3205330686E-14  7.9885371321E-17
HessDelSqRho_EigVals = -1.8565070638E+01 -9.7956571492E-01 -3.8099601769E-01
HessDelSqRho_EigVec1 =  8.4967335904E-02  9.9638347512E-01 -7.2273488657E-04
HessDelSqRho_EigVec2 = -8.5053078905E-04  7.9788730966E-04  9.9999931999E-01
HessDelSqRho_EigVec3 =  9.9638337422E-01 -8.4966663417E-02  9.1524918234E-04
</CP of DelSqRho>
<CP of DelSqRho>
CP# = 23      
Type = (3,-1)
Coords =  3.65802986612248E+00  3.56115955232399E+00  2.22834434309505E-04
DistFromNuc =  1.1922346628E+00
Rho =  2.4776327585E-01
DelSqRho =  7.8077931813E-01
GradDelSqRho =  5.6898930012E-16  1.2767564783E-15  6.2239980964E-18
HessDelSqRho_EigVals = -1.6306052947E+01 -3.4027487985E+00  3.7889016995E-01
HessDelSqRho_EigVec1 =  7.6434178791E-01  6.4481130578E-01  1.0580185646E-04
HessDelSqRho_EigVec2 = -8.0858750431E-04  7.9439585760E-04  9.9999935756E-01
HessDelSqRho_EigVec3 = -6.4481080748E-01  7.6434138242E-01 -1.1285763146E-03
</CP of DelSqRho>
<CP of DelSqRho>
CP# = 24      
Type = (3,+1)
Coords =  2.04995261766480E+00  1.77385816242507E+00  1.75762473729293E-04
DistFromNuc =  1.2342362853E+00
Rho =  2.3987336687E-01
DelSqRho =  5.4367700230E-01
GradDelSqRho =  4.0314383776E-12  4.7935266867E-12  2.9810138732E-16
HessDelSqRho_EigVals = -1.3191633511E+01  1.2249586031E-01  4.1327144712E-01
HessDelSqRho_EigVec1 =  5.4849210352E-01  8.3615573148E-01 -7.1345971700E-05
HessDelSqRho_EigVec2 =  8.3615539886E-01 -5.4849180489E-01  9.4282555633E-04
HessDelSqRho_EigVec3 = -7.4921631192E-04  5.7678869207E-04  9.9999955299E-01
</CP of DelSqRho>
<CP of DelSqRho>
CP# = 25      
Type = (3,-1)
Coords =  2.18035538826822E+00  3.47277751844813E+00  7.65125463258122E-01
DistFromNuc =  1.1695950782E+00
Rho =  2.3282098344E-01
DelSqRho =  7.5778950523E-01
GradDelSqRho = -1.2420620088E-15  9.1593399532E-16  1.1102230246E-16
HessDelSqRho_EigVals = -1.7328850977E+01 -1.1418652778E+00  1.5880300965E-01
HessDelSqRho_EigVec1 = -5.1598334417E-01  5.8351293053E-01  6.2711549849E-01
HessDelSqRho_EigVec2 = -8.2717020755E-01 -1.4916448971E-01 -5.4179276734E-01
HessDelSqRho_EigVec3 =  2.2259972209E-01  7.9828730099E-01 -5.5963090409E-01
</CP of DelSqRho>
<CP of DelSqRho>
CP# = 26      
Type = (3,-1)
Coords =  3.33754893585739E+00  2.14330602857473E+00  7.74155520336948E-01
DistFromNuc =  1.1707114364E+00
Rho =  2.3326633990E-01
DelSqRho =  7.4320315004E-01
GradDelSqRho = -2.0608514895E-15  2.3592239273E-15 -1.9290125053E-15
HessDelSqRho_EigVals = -1.6902047991E+01 -1.3276408558E+00  2.1825460826E-01
HessDelSqRho_EigVec1 = -5.0077442796E-01  5.9140655108E-01 -6.3203106224E-01
HessDelSqRho_EigVec2 =  2.6645856718E-01  8.0005359305E-01  5.3750728388E-01
HessDelSqRho_EigVec3 =  8.2354405120E-01  1.0075981135E-01 -5.5823172262E-01
</CP of DelSqRho>
<CP of DelSqRho>
CP# = 27      
Type = (3,-1)
Coords =  2.18159400120331E+00  3.47151892708572E+00 -7.66971355975404E-01
DistFromNuc =  1.1695976297E+00
Rho =  2.3282381026E-01
DelSqRho =  7.5780505535E-01
GradDelSqRho = -4.7878367937E-16  4.0245584643E-16 -8.0491169285E-16
HessDelSqRho_EigVals = -1.7329497544E+01 -1.1419030219E+00  1.5872349326E-01
HessDelSqRho_EigVec1 =  5.1496729765E-01 -5.8247809417E-01  6.2891013044E-01
HessDelSqRho_EigVec2 = -8.2806081276E-01 -1.4832648134E-01  5.4066121122E-01
HessDelSqRho_EigVec3 =  2.2163928518E-01  7.9919867664E-01  5.5871057133E-01
</CP of DelSqRho>
<CP of DelSqRho>
CP# = 28      
Type = (3,-1)
Coords =  3.33866454089335E+00  2.14210205489517E+00 -7.72107104000623E-01
DistFromNuc =  1.1707154920E+00
Rho =  2.3326929326E-01
DelSqRho =  7.4317060432E-01
GradDelSqRho = -1.0408340856E-16 -4.9960036108E-16 -1.9428902931E-16
HessDelSqRho_EigVals = -1.6900755824E+01 -1.3280392242E+00  2.1831919582E-01
HessDelSqRho_EigVec1 = -5.0167335898E-01  5.9239266710E-01  6.3039255139E-01
HessDelSqRho_EigVec2 = -2.6739536442E-01 -7.9923425795E-01  5.3826045741E-01
HessDelSqRho_EigVec3 =  8.2269287099E-01  1.0146688567E-01  5.5935758790E-01
</CP of DelSqRho>
<CP of DelSqRho>
CP# = 29      
Type = (3,-3)
Coords =  2.40493030214680E+00  2.55063221954961E+00  1.08919704547246E+00
DistFromNuc =  1.1667886890E+00
Rho =  2.4252373274E-01
DelSqRho =  7.8756453161E-01
GradDelSqRho =  1.4457185449E-13  2.1910251391E-13 -5.2718940324E-13
HessDelSqRho_EigVals = -1.7389775139E+01 -1.4191874057E+00 -1.3882120613E-01
HessDelSqRho_EigVec1 = -3.1426248350E-01 -2.2747028842E-01  9.2168126776E-01
HessDelSqRho_EigVec2 =  7.1156556174E-01  5.8623484971E-01  3.8730240425E-01
HessDelSqRho_EigVec3 = -6.2842146909E-01  7.7755126447E-01 -2.2371596226E-02
</CP of DelSqRho>
<CP of DelSqRho>
CP# = 30      
Type = (3,-3)
Coords =  2.40654771917232E+00  2.54913289909548E+00 -1.08918546519328E+00
DistFromNuc =  1.1667936325E+00
Rho =  2.4252406979E-01
DelSqRho =  7.8755179420E-01
GradDelSqRho =  9.2367086202E-14  1.4001994009E-13  3.3453795290E-13
HessDelSqRho_EigVals = -1.7389324764E+01 -1.4193137167E+00 -1.3883170797E-01
HessDelSqRho_EigVec1 =  3.1289282526E-01  2.2873840171E-01  9.2183340332E-01
HessDelSqRho_EigVec2 =  7.1227709502E-01  5.8553361115E-01 -3.8705520293E-01
HessDelSqRho_EigVec3 = -6.2829883002E-01  7.7770761459E-01  2.0284141590E-02
</CP of DelSqRho>
<CP of DelSqRho>
CP# = 31      
Type = (3,-1)
Coords =  2.85828674949892E+00  3.51660853705473E+00  1.89580820212814E+00
DistFromNuc =  2.0322615090E+00
Rho =  7.0027509021E-02
DelSqRho =  1.8524817620E-01
GradDelSqRho =  2.1944251971E-16  5.9847959921E-17 -2.6541269182E-16
HessDelSqRho_EigVals = -2.1598883479E+00 -1.2503912596E-02  4.4552867073E-01
HessDelSqRho_EigVec1 = -4.8180253699E-01  2.1369285663E-01  8.4982449857E-01
HessDelSqRho_EigVec2 =  2.3235465639E-01 -9.0393973839E-01  3.5903239829E-01
HessDelSqRho_EigVec3 =  8.4491279373E-01  3.7044339972E-01  3.8586792897E-01
</CP of DelSqRho>
<CP of DelSqRho>
CP# = 32      
Type = (3,-1)
Coords =  2.86115262611232E+00  3.51457842820626E+00 -1.89620757163956E+00
DistFromNuc =  2.0322475964E+00
Rho =  7.0027995076E-02
DelSqRho =  1.8524885368E-01
GradDelSqRho =  6.9735883734E-16 -4.0072112295E-16  1.9931972739E-15
HessDelSqRho_EigVals = -2.1596278059E+00 -1.2529210504E-02  4.4554006195E-01
HessDelSqRho_EigVec1 =  4.8061095744E-01 -2.1334220425E-01  8.5058698055E-01
HessDelSqRho_EigVec2 =  2.3187682497E-01 -9.0451643996E-01 -3.5788706023E-01
HessDelSqRho_EigVec3 =  8.4572232182E-01  3.6923585108E-01 -3.8525139928E-01
</CP of DelSqRho>
<CP of DelSqRho>
CP# = 33      
Type = (3,+1)
Coords =  4.18238514852269E+00  2.88245060059559E+00  1.42546920794881E+00
DistFromNuc =  2.0253040600E+00
Rho =  6.9386636896E-02
DelSqRho =  1.7732216430E-01
GradDelSqRho = -1.6531220837E-13  3.7473062847E-14 -1.0696955474E-13
HessDelSqRho_EigVals = -1.8394719273E+00  1.1099730284E-02  5.1263376701E-01
HessDelSqRho_EigVec1 =  8.2779718797E-01 -3.7271971853E-01  4.1932305805E-01
HessDelSqRho_EigVec2 =  5.6059864442E-01  5.7874579327E-01 -5.9226891413E-01
HessDelSqRho_EigVec3 = -2.1931152899E-02  7.2535047955E-01  6.8803030918E-01
</CP of DelSqRho>
<CP of DelSqRho>
CP# = 34      
Type = (3,+1)
Coords =  4.18399725511258E+00  2.87944117670786E+00 -1.42385024936825E+00
DistFromNuc =  2.0253104357E+00
Rho =  6.9387780536E-02
DelSqRho =  1.7731604526E-01
GradDelSqRho = -1.8507244348E-13  4.2358477836E-14  1.1975923725E-13
HessDelSqRho_EigVals = -1.8394189334E+00  1.1100238611E-02  5.1258349831E-01
HessDelSqRho_EigVec1 =  8.2780149882E-01 -3.7408798993E-01 -4.1809431273E-01
HessDelSqRho_EigVec2 =  5.6065608560E-01  5.7849621899E-01  5.9245833464E-01
HessDelSqRho_EigVec3 =  2.0234431573E-02 -7.2484501820E-01  6.8861474525E-01
</CP of DelSqRho>
<Path of -GradDelSqRho>
Starting CP# =      3
Ending CP# =      0
Number of Points =     30
  3.2881713852E+00  3.2541846399E+00  9.4543961694E-01  3.9612559166E-01 -8.8258741421E-01
  3.2995777405E+00  3.2639170241E+00  9.6544401021E-01  3.8535277074E-01 -8.9127645969E-01
  3.3109874094E+00  3.2736534358E+00  9.8544455370E-01  3.7558475331E-01 -9.1699992795E-01
  3.3223997086E+00  3.2833934326E+00  1.0054418507E+00  3.6678582490E-01 -9.5943772425E-01
  3.3338139035E+00  3.2931365217E+00  1.0254365592E+00  3.5891760636E-01 -1.0185108037E+00
  3.3452292544E+00  3.3028821843E+00  1.0454293535E+00  3.5193916071E-01 -1.0943202191E+00
  3.3566450700E+00  3.3126299036E+00  1.0654208798E+00  3.4580694892E-01 -1.1870286529E+00
  3.3680607650E+00  3.3223791936E+00  1.0854117090E+00  3.4047471197E-01 -1.2966610584E+00
  3.3794759236E+00  3.3321296267E+00  1.1054022870E+00  3.3589341442E-01 -1.4227960808E+00
  3.3908903675E+00  3.3418808593E+00  1.1253928831E+00  3.3201146900E-01 -1.5641292289E+00
  3.4023042390E+00  3.3516326542E+00  1.1453835317E+00  3.2877557245E-01 -1.7179306110E+00
  3.4137181102E+00  3.3613849034E+00  1.1653739589E+00  3.2613260231E-01 -1.8795171989E+00
  3.4251331387E+00  3.3711376541E+00  1.1853634806E+00  3.2403309989E-01 -2.0420266631E+00
  3.4365512638E+00  3.3808911354E+00  1.2053508771E+00  3.2243679991E-01 -2.1969981965E+00
  3.4479751903E+00  3.3906457364E+00  1.2253344118E+00  3.2132032310E-01 -2.3364520475E+00
  3.4594067108E+00  3.4004016564E+00  1.2453129592E+00  3.2068638684E-01 -2.4571502673E+00
  3.4708393981E+00  3.4101575131E+00  1.2652908699E+00  3.2057266693E-01 -2.5673102245E+00
  3.4822518646E+00  3.4199092059E+00  1.2852823673E+00  3.2105693712E-01 -2.6950954902E+00
  3.4936300348E+00  3.4296542453E+00  1.3052966451E+00  3.2225373744E-01 -2.8968189809E+00
  3.5049819281E+00  3.4393943129E+00  1.3253282590E+00  3.2429730162E-01 -3.2613614227E+00
  3.5163190222E+00  3.4491316227E+00  1.3453695933E+00  3.2730678998E-01 -3.9064429344E+00
  3.5276480278E+00  3.4588674339E+00  1.3654162291E+00  3.3133338328E-01 -4.9626455784E+00
  3.5389722786E+00  3.4686023587E+00  1.3854659818E+00  3.3629459601E-01 -6.5428817554E+00
  3.5502934436E+00  3.4783366972E+00  1.4055177616E+00  3.4190862019E-01 -8.6988306185E+00
  3.5616123939E+00  3.4880706005E+00  1.4255710030E+00  3.4764878648E-01 -1.1372273283E+01
  3.5729295962E+00  3.4978041411E+00  1.4456254070E+00  3.5274218617E-01 -1.4357631672E+01
  3.5842452916E+00  3.5075373385E+00  1.4656808279E+00  3.5623284373E-01 -1.7298402555E+01
  3.5955595642E+00  3.5172701540E+00  1.4857372368E+00  3.5711505920E-01 -1.9737112511E+01
  3.6068722962E+00  3.5270024120E+00  1.5057947852E+00  3.5451767723E-01 -2.1220049346E+01
  3.6142242127E+00  3.5333275589E+00  1.5188333563E+00  3.5068616245E-01 -2.1511245556E+01
</Path of -GradDelSqRho>
<Path of -GradDelSqRho>
Starting CP# =      3
Ending CP# =     19
Number of Points =     20
  3.2881713852E+00  3.2541846399E+00  9.4543961694E-01  3.9612559166E-01 -8.8258741421E-01
  3.2767687952E+00  3.2444565007E+00  9.2543101265E-01  4.0793596829E-01 -8.9151227868E-01
  3.2653705764E+00  3.2347330450E+00  9.0541764181E-01  4.2081319236E-01 -9.1887331370E-01
  3.2539770878E+00  3.2250144878E+00  8.8539919891E-01  4.3478240009E-01 -9.6568685985E-01
  3.2425885595E+00  3.2153009679E+00  8.6537548926E-01  4.4986371199E-01 -1.0330830238E+00
  3.2312051004E+00  3.2055925592E+00  8.4534641905E-01  4.6607125196E-01 -1.1221935706E+00
  3.2198267136E+00  3.1958892875E+00  8.2531197807E-01  4.8341211268E-01 -1.2340085622E+00
  3.2084533170E+00  3.1861911526E+00  8.0527221706E-01  5.0188535470E-01 -1.3692040146E+00
  3.1970847700E+00  3.1764981553E+00  7.8522721931E-01  5.2148114792E-01 -1.5279453145E+00
  3.1857209078E+00  3.1668103333E+00  7.6517706380E-01  5.4218018390E-01 -1.7096740632E+00
  3.1743615898E+00  3.1571278131E+00  7.4512177291E-01  5.6395350493E-01 -1.9128889673E+00
  3.1630067745E+00  3.1474508901E+00  7.2506123146E-01  5.8676290846E-01 -2.1349337873E+00
  3.1516566453E+00  3.1377801623E+00  7.0499505145E-01  6.1056209339E-01 -2.3718062050E+00
  3.1403118363E+00  3.1281167671E+00  6.8492233136E-01  6.3529871615E-01 -2.6179991047E+00
  3.1289738645E+00  3.1184628279E+00  6.6484120017E-01  6.6091752281E-01 -2.8663771004E+00
  3.1176460208E+00  3.1088223644E+00  6.4474788373E-01  6.8736472314E-01 -3.1080705600E+00
  3.1063354278E+00  3.0992033807E+00  6.2463456793E-01  7.1459378567E-01 -3.3323271960E+00
  3.0950586923E+00  3.0896235836E+00  6.0448358647E-01  7.4257285829E-01 -3.5261823950E+00
  3.0838630428E+00  3.0801317488E+00  5.8424604682E-01  7.7129377575E-01 -3.6736742206E+00
  3.0726283993E+00  3.0712006314E+00  5.5185872280E-01  8.1225409680E-01 -3.7620189184E+00
</Path of -GradDelSqRho>
<Path of -GradDelSqRho>
Starting CP# =      4
Ending CP# =     20
Number of Points =     20
  3.2897135040E+00  3.2526779686E+00 -9.4509860817E-01  3.9612372833E-01 -8.8254902761E-01
  3.2782780787E+00  3.2429819001E+00 -9.2509317645E-01  4.0793396347E-01 -8.9147379065E-01
  3.2668470170E+00  3.2332905260E+00 -9.0508297675E-01  4.2081105080E-01 -9.1883452087E-01
  3.2554206762E+00  3.2236040632E+00 -8.8506770338E-01  4.3478012616E-01 -9.6564755803E-01
  3.2439992848E+00  3.2139226522E+00 -8.6504716162E-01  4.4986130980E-01 -1.0330430058E+00
  3.2325829502E+00  3.2042463684E+00 -8.4502125769E-01  4.6606872540E-01 -1.1221526214E+00
  3.2211716734E+00  3.1945752396E+00 -8.2498998152E-01  4.8340946549E-01 -1.2339664529E+00
  3.2097653705E+00  3.1849092679E+00 -8.0495338406E-01  5.0188259053E-01 -1.3691604940E+00
  3.1983638987E+00  3.1752484565E+00 -7.8491154892E-01  5.2147827043E-01 -1.5279001009E+00
  3.1869670902E+00  3.1655928466E+00 -7.6486455542E-01  5.4217719685E-01 -1.7096268357E+00
  3.1755748007E+00  3.1559425691E+00 -7.4481242637E-01  5.6395041231E-01 -1.9128393580E+00
  3.1641869836E+00  3.1462979256E+00 -7.2475504707E-01  5.8675971467E-01 -2.1348813751E+00
  3.1528038145E+00  3.1366595232E+00 -7.0469203003E-01  6.1055880343E-01 -2.3717505109E+00
  3.1414259167E+00  3.1270285129E+00 -6.8462247424E-01  6.3529533589E-01 -2.6179395895E+00
  3.1300547892E+00  3.1174070393E+00 -6.6454450917E-01  6.6091405931E-01 -2.8663131628E+00
  3.1186936933E+00  3.1077991578E+00 -6.4445436087E-01  6.8736118502E-01 -3.1080015329E+00
  3.1073496975E+00  3.0982129374E+00 -6.2434421487E-01  7.1459018355E-01 -3.3322523351E+00
  3.0960392967E+00  3.0886662194E+00 -6.0419640260E-01  7.4256920513E-01 -3.5261008487E+00
  3.0848094253E+00  3.0792081364E+00 -5.8396202217E-01  7.7129008642E-01 -3.6735849657E+00
  3.0735023645E+00  3.0703546482E+00 -5.5158045125E-01  8.1224751379E-01 -3.7619172107E+00
</Path of -GradDelSqRho>
<Path of -GradDelSqRho>
Starting CP# =      4
Ending CP# =      0
Number of Points =     30
  3.2897135040E+00  3.2526779686E+00 -9.4509860817E-01  3.9612372833E-01 -8.8254902761E-01
  3.3011526890E+00  3.2623782912E+00 -9.6509982771E-01  3.8535105406E-01 -8.9123797251E-01
  3.3125951832E+00  3.2720826490E+00 -9.8509719662E-01  3.7558318895E-01 -9.1696114335E-01
  3.3240403050E+00  3.2817905978E+00 -1.0050913187E+00  3.6678441914E-01 -9.5939845825E-01
  3.3354873212E+00  3.2915016432E+00 -1.0250828523E+00  3.5891636620E-01 -1.0184708980E+00
  3.3469354937E+00  3.3012152648E+00 -1.0450724721E+00  3.5193809393E-01 -1.0942795606E+00
  3.3583841321E+00  3.3109309442E+00 -1.0650608250E+00  3.4580606420E-01 -1.1869872034E+00
  3.3698326521E+00  3.3206481943E+00 -1.0850484822E+00  3.4047401894E-01 -1.2966188980E+00
  3.3812806385E+00  3.3303665867E+00 -1.1050358897E+00  3.3589292367E-01 -1.4227534680E+00
  3.3927279132E+00  3.3400857770E+00 -1.1250233167E+00  3.3201119193E-01 -1.5640866761E+00
  3.4041746187E+00  3.3498055275E+00 -1.1450107974E+00  3.2877552105E-01 -1.7178889626E+00
  3.4156213262E+00  3.3595257304E+00 -1.1649980569E+00  3.2613278865E-01 -1.8794776777E+00
  3.4270691927E+00  3.3692464331E+00 -1.1849844095E+00  3.2403353530E-01 -2.0419908190E+00
  3.4385201559E+00  3.3789678655E+00 -1.2049686331E+00  3.2243749388E-01 -2.1969676611E+00
  3.4499769191E+00  3.3886904175E+00 -1.2249489873E+00  3.2132128185E-01 -2.3364279876E+00
  3.4614412750E+00  3.3984142884E+00 -1.2449243439E+00  3.2068761194E-01 -2.4571324741E+00
  3.4729068041E+00  3.4081380922E+00 -1.2648990598E+00  3.2057415431E-01 -2.5672959009E+00
  3.4843521343E+00  3.4178577194E+00 -1.2848873848E+00  3.2105867721E-01 -2.6950780030E+00
  3.4957631919E+00  3.4275706759E+00 -1.3048985344E+00  3.2225571726E-01 -2.8967870807E+00
  3.5071479864E+00  3.4372786490E+00 -1.3249270556E+00  3.2429950942E-01 -3.2612995977E+00
  3.5185179886E+00  3.4469838581E+00 -1.3449653179E+00  3.2730922259E-01 -3.9063335508E+00
  3.5298799058E+00  3.4566875652E+00 -1.3650088930E+00  3.3133605551E-01 -4.9624731995E+00
  3.5412370703E+00  3.4663903841E+00 -1.3850555914E+00  3.3629755031E-01 -6.5426394956E+00
  3.5525911507E+00  3.4760926152E+00 -1.4051043213E+00  3.4191193358E-01 -8.6985275152E+00
  3.5639430176E+00  3.4857944100E+00 -1.4251545157E+00  3.4765257109E-01 -1.1371940493E+01
  3.5752931377E+00  3.4954958410E+00 -1.4452058750E+00  3.5274658006E-01 -1.4357324187E+01
  3.5866417521E+00  3.5051969277E+00 -1.4652582531E+00  3.5623799044E-01 -1.7298193025E+01
  3.5979889449E+00  3.5148976312E+00 -1.4853116210E+00  3.5712107821E-01 -1.9737075900E+01
  3.6093345991E+00  3.5245977752E+00 -1.5053661302E+00  3.5452463199E-01 -2.1220241471E+01
  3.6167079173E+00  3.5309020449E+00 -1.5184027271E+00  3.5069372174E-01 -2.1511598354E+01
</Path of -GradDelSqRho>
<Path of -GradDelSqRho>
Starting CP# =      5
Ending CP# =     16
Number of Points =     23
  2.8852034141E+00  2.8898800590E+00  1.3011061568E-04  2.2290141358E+01  1.2280519445E+03
  2.9056936308E+00  2.9042031520E+00  1.3542298594E-04  1.5433645464E+01  1.1482980253E+03
  2.9261836472E+00  2.9185265315E+00  1.4073548187E-04  1.0779377966E+01  9.8000195717E+02
  2.9466735529E+00  2.9328500693E+00  1.4604792517E-04  7.6299678041E+00  7.7288385339E+02
  2.9671632336E+00  2.9471739291E+00  1.5136034231E-04  5.5067143788E+00  5.7360434635E+02
  2.9876524862E+00  2.9614984012E+00  1.5667273902E-04  4.0760634380E+00  4.1079600163E+02
  3.0081410227E+00  2.9758238974E+00  1.6198503054E-04  3.1097292575E+00  2.8926636531E+02
  3.0286284614E+00  2.9901509637E+00  1.6729700425E-04  2.4544062619E+00  2.0174357840E+02
  3.0491143332E+00  3.0044802702E+00  1.7260829638E-04  2.0077054939E+00  1.3905721225E+02
  3.0695980660E+00  3.0188126343E+00  1.7791837575E-04  1.7008477782E+00  9.4087030898E+01
  3.0900789012E+00  3.0331491387E+00  1.8322649137E-04  1.4872680274E+00  6.2017890691E+01
  3.1105557313E+00  3.0474913630E+00  1.8853153765E-04  1.3353781646E+00  3.9541125678E+01
  3.1310268492E+00  3.0618417390E+00  1.9383180529E-04  1.2238899460E+00  2.4187658644E+01
  3.1514895656E+00  3.0762040920E+00  1.9912456970E-04  1.1386461017E+00  1.4005744588E+01
  3.1719395889E+00  3.0905845112E+00  2.0440541805E-04  1.0703844467E+00  7.4520583985E+00
  3.1923699804E+00  3.1049928049E+00  2.0966712922E-04  1.0131399374E+00  3.3511033732E+00
  3.2127692945E+00  3.1194450566E+00  2.1489774049E-04  9.6311770737E-01  8.5234142594E-01
  3.2331179089E+00  3.1339685835E+00  2.2007691309E-04  9.1792048937E-01 -6.2834349012E-01
  3.2533792916E+00  3.1486134847E+00  2.2516779036E-04  8.7603695833E-01 -1.4733999857E+00
  3.2734720905E+00  3.1634884903E+00  2.3009263307E-04  8.3651659914E-01 -1.9232311553E+00
  3.2931210552E+00  3.1789411772E+00  2.3461439414E-04  7.9879455903E-01 -2.1244206948E+00
  3.3041754904E+00  3.1982629931E+00  2.3564888543E-04  7.6940273257E-01 -2.1694368591E+00
  3.2800283049E+00  3.2295502033E+00  1.7500762035E-04  7.6986930654E-01 -2.1752325295E+00
</Path of -GradDelSqRho>
<Path of -GradDelSqRho>
Starting CP# =      5
Ending CP# =      1
Number of Points =      7
  2.8852034141E+00  2.8898800590E+00  1.3011061568E-04  2.2290141358E+01  1.2280519445E+03
  2.8647128019E+00  2.8755575320E+00  1.2479871424E-04  3.2422089846E+01  9.8937100860E+02
  2.8442218524E+00  2.8612354874E+00  1.1948726429E-04  4.7500407091E+01 -7.1252817155E+02
  2.8237307509E+00  2.8469136603E+00  1.1417601995E-04  6.9882624166E+01 -6.1577942238E+03
  2.8032395498E+00  2.8325919758E+00  1.0886492263E-04  1.0305819385E+02 -1.9804314550E+04
  2.7827482034E+00  2.8182704991E+00  1.0355411166E-04  1.5282010518E+02 -7.2458492955E+04
  2.7463723868E+00  2.7928477232E+00  9.4127038472E-05  2.9784116978E+02 -3.3351455020E+06
</Path of -GradDelSqRho>
<Path of -GradDelSqRho>
Starting CP# =     12
Ending CP# =     19
Number of Points =     27
  2.4415726104E+00  3.0445142698E+00  5.6190492982E-01  7.5493301303E-01 -2.1121819244E+00
  2.4628751232E+00  3.0515598288E+00  5.7084434831E-01  7.5397956997E-01 -2.1167993563E+00
  2.4853681595E+00  3.0583512554E+00  5.7938002472E-01  7.5356126792E-01 -2.1313317648E+00
  2.5082742245E+00  3.0646322822E+00  5.8717619991E-01  7.5370179088E-01 -2.1557660378E+00
  2.5315538386E+00  3.0704030863E+00  5.9422449286E-01  7.5437621087E-01 -2.1899903342E+00
  2.5551678797E+00  3.0756647551E+00  6.0051850169E-01  7.5555449214E-01 -2.2337883651E+00
  2.5790777714E+00  3.0804191511E+00  6.0605357403E-01  7.5720169665E-01 -2.2868285396E+00
  2.6032456259E+00  3.0846687627E+00  6.1082655638E-01  7.5927824856E-01 -2.3486542882E+00
  2.6276343410E+00  3.0884165475E+00  6.1483552999E-01  7.6174026229E-01 -2.4186762651E+00
  2.6522076479E+00  3.0916657746E+00  6.1807954112E-01  7.6453993933E-01 -2.4961671245E+00
  2.6769301116E+00  3.0944198682E+00  6.2055833270E-01  7.6762603851E-01 -2.5802595193E+00
  2.7017670854E+00  3.0966822586E+00  6.2227208312E-01  7.7094442458E-01 -2.6699478809E+00
  2.7266846218E+00  3.0984562418E+00  6.2322115715E-01  7.7443869904E-01 -2.7640944103E+00
  2.7516493421E+00  3.0997448518E+00  6.2340587262E-01  7.7805091566E-01 -2.8614395509E+00
  2.7766282686E+00  3.1005507452E+00  6.2282628627E-01  7.8172238092E-01 -2.9606170296E+00
  2.8015886204E+00  3.1008761044E+00  6.2148200266E-01  7.8539453610E-01 -3.0601733519E+00
  2.8264975773E+00  3.1007225592E+00  6.1937201143E-01  7.8900991259E-01 -3.1585914430E+00
  2.8513220143E+00  3.1000911372E+00  6.1649456193E-01  7.9251314417E-01 -3.2543179295E+00
  2.8760282151E+00  3.0989822509E+00  6.1284708929E-01  7.9585200955E-01 -3.3457933806E+00
  2.9005815749E+00  3.0973957405E+00  6.0842621435E-01  7.9897846303E-01 -3.4314846687E+00
  2.9249463182E+00  3.0953310020E+00  6.0322784913E-01  8.0184959004E-01 -3.5099184719E+00
  2.9490852679E+00  3.0927872448E+00  5.9724744977E-01  8.0442839726E-01 -3.5797148293E+00
  2.9729597324E+00  3.0897639575E+00  5.9048046129E-01  8.0668431367E-01 -3.6396195747E+00
  2.9965296034E+00  3.0862617218E+00  5.8292297532E-01  8.0859324636E-01 -3.6885344380E+00
  3.0197537931E+00  3.0822837076E+00  5.7457250710E-01  8.1013702329E-01 -3.7255436223E+00
  3.0425911376E+00  3.0778390093E+00  5.6542829095E-01  8.1130212018E-01 -3.7499357851E+00
  3.0726283993E+00  3.0712006314E+00  5.5185872280E-01  8.1225409680E-01 -3.7620189184E+00
</Path of -GradDelSqRho>
<Path of -GradDelSqRho>
Starting CP# =     12
Ending CP# =     10
Number of Points =     41
  2.4415726104E+00  3.0445142698E+00  5.6190492982E-01  7.5493301303E-01 -2.1121819244E+00
  2.4207498711E+00  3.0370116631E+00  5.5230779264E-01  7.5643187118E-01 -2.1167590298E+00
  2.3996921301E+00  3.0287418742E+00  5.4167312258E-01  7.5857582439E-01 -2.1310645572E+00
  2.3792011483E+00  3.0199721072E+00  5.3035393949E-01  7.6132488724E-01 -2.1549125743E+00
  2.3593143957E+00  3.0107078776E+00  5.1837047814E-01  7.6467756938E-01 -2.1880574773E+00
  2.3400680840E+00  3.0009558913E+00  5.0574550885E-01  7.6862705664E-01 -2.2302070337E+00
  2.3214969039E+00  2.9907239775E+00  4.9250427075E-01  7.7316131311E-01 -2.2810278595E+00
  2.3036337938E+00  2.9800209872E+00  4.7867436670E-01  7.7826321564E-01 -2.3401493979E+00
  2.2865097491E+00  2.9688566610E+00  4.6428562689E-01  7.8391071805E-01 -2.4071665133E+00
  2.2701536794E+00  2.9572414716E+00  4.4936995028E-01  7.9007704299E-01 -2.4816408860E+00
  2.2545923153E+00  2.9451864452E+00  4.3396113393E-01  7.9673090005E-01 -2.5631014436E+00
  2.2398501707E+00  2.9327029681E+00  4.1809470087E-01  8.0383672984E-01 -2.6510441007E+00
  2.2259495569E+00  2.9198025827E+00  4.0180773679E-01  8.1135497461E-01 -2.7449310966E+00
  2.2129106515E+00  2.9064967790E+00  3.8513874606E-01  8.1924237714E-01 -2.8441902292E+00
  2.2007516148E+00  2.8927967861E+00  3.6812753665E-01  8.2745231053E-01 -2.9482142757E+00
  2.1894887540E+00  2.8787133671E+00  3.5081514372E-01  8.3593514180E-01 -3.0563608757E+00
  2.1791367274E+00  2.8642566222E+00  3.3324380086E-01  8.4463863242E-01 -3.1679531284E+00
  2.1697087854E+00  2.8494358028E+00  3.1545696841E-01  8.5350837798E-01 -3.2822811218E+00
