 AIMInt (Version 19.02.13, Professional)
 Portions Copyright (c) 1997-2019 by Todd A. Keith
 AIMInt is a component of the AIMAll package ( http://aim.tkgristmill.com )

 TP:  64-bit Linux

 Licensed To:  Research Group of Fernando Cortes Guzman, UNAM, fercor@unam.mx

 AIMInt is a heavily modified and extended version of the PROAIMV program
 developed by members of R.F.W. Bader's research group

 Much of the Quantum Theory of Atoms in Molecules (QTAIM) is described in the book:
   "Atoms in Molecules - A Quantum Theory"
   R.F.W. Bader, Oxford University Press, Oxford, 1990

 For additional references see:  http://aim.tkgristmill.com/references.html

 Current Directory:  /home/scratch/M_H2O_4_cuadrado_plano/Opt

 Inp File:  Sc3_cuadrada_plana_cc-pvtz-def2-tzv_3_atomicfiles/sc1.inp
 Wfx File:  Sc3_cuadrada_plana_cc-pvtz-def2-tzv_3.wfx
 Out File:  Sc3_cuadrada_plana_cc-pvtz-def2-tzv_3_atomicfiles/sc1.int

 Wfx Title:   Sc3_cuadrada_plana_cc-pvtz-def2-tzv_3                                         
 Job Title:   Sc3_cuadrada_plana_cc-pvtz-def2-tzv_3                                         
 
<Atom>
Sc1     
</Atom>
<Nuclei of Molecule>
    13
Sc1       21.0           2.4747667738E-04  -3.4925639451E-04  -8.2090013004E-05
O2         8.0           2.7929503433E+00  -2.7464412062E+00   2.0541013273E-05
H3         1.0           3.6769132471E+00  -3.4755026649E+00  -1.5259369207E+00
O4         8.0          -2.7459315706E+00  -2.7926208308E+00   2.6919117784E-04
H5         1.0          -3.6195301506E+00  -3.5352446928E+00   1.5256505887E+00
O6         8.0          -2.7937120200E+00   2.7470364566E+00  -2.0851269129E-04
H7         1.0          -3.6796966095E+00   3.4749273623E+00   1.5253021232E+00
O8         8.0           2.7463720242E+00   2.7928474712E+00   9.4126948888E-05
H9         1.0           3.6181275922E+00   3.5367179667E+00   1.5258294891E+00
H10        1.0          -3.6190337196E+00  -3.5361642335E+00  -1.5249331737E+00
H11        1.0           3.6799819923E+00  -3.4730106831E+00   1.5254121998E+00
H12        1.0           3.6206246196E+00   3.5342828845E+00  -1.5254011455E+00
H13        1.0          -3.6800141969E+00   3.4747533185E+00  -1.5256020423E+00
</Nuclei of Molecule>
<Total Number of CPs of DelSqRho>
    81
</Total Number of CPs of DelSqRho>
<Number of (3,+3) CPs of DelSqRho>
    13
</Number of (3,+3) CPs of DelSqRho>
<Number of (3,+1) CPs of DelSqRho>
    24
</Number of (3,+1) CPs of DelSqRho>
<Number of (3,-1) CPs of DelSqRho>
    32
</Number of (3,-1) CPs of DelSqRho>
<Number of (3,-3) CPs of DelSqRho>
    12
</Number of (3,-3) CPs of DelSqRho>
<Number of Degenerate CPs of DelSqRho>
     0
</Number of Degenerate CPs of DelSqRho>
<CP of DelSqRho>
CP# = 1       
Type = (3,+3)
Coords =  2.47476677100659E-04 -3.49256394017973E-04 -8.20900130107076E-05
DistFromNuc =  5.6464603078E-13
Rho =  6.1351178156E+03
DelSqRho = -2.4371058898E+09
GradDelSqRho = -1.9623346395E-04 -2.8408289063E-04 -7.3513494714E-07
HessDelSqRho_EigVals =  1.5689838687E+16  1.5689838701E+16  1.5689838722E+16
HessDelSqRho_EigVec1 =  9.9995437111E-01  9.5526606019E-03  4.8758375806E-05
HessDelSqRho_EigVec2 = -9.5526587762E-03  9.9995437161E-01 -3.7541674559E-05
HessDelSqRho_EigVec3 = -4.9114773915E-05  3.7074189447E-05  9.9999999811E-01
</CP of DelSqRho>
<CP of DelSqRho>
CP# = 2       
Type = (3,+3)
Coords =  2.01011652872482E-01  1.50175257843864E-03 -6.82649295132887E-05
DistFromNuc =  2.0077270947E-01
Rho =  4.9188492760E+01
DelSqRho = -2.0725317986E+03
GradDelSqRho = -5.0768278470E-12 -7.4962258623E-13  2.5600181697E-15
HessDelSqRho_EigVals =  4.3816392369E+02  2.8547527902E+03  2.4437561164E+06
HessDelSqRho_EigVec1 = -9.2192395768E-03  9.9995725709E-01 -6.9972481272E-04
HessDelSqRho_EigVec2 = -7.5278701547E-05  6.9906050726E-04  9.9999975282E-01
HessDelSqRho_EigVec3 =  9.9995749907E-01  9.2192899724E-03  6.8830677621E-05
</CP of DelSqRho>
<CP of DelSqRho>
CP# = 3       
Type = (3,+3)
Coords = -2.00493264498865E-01 -3.93960432607705E-03 -8.09472186540455E-05
DistFromNuc =  2.0077284619E-01
Rho =  4.9188357511E+01
DelSqRho = -2.0725177488E+03
GradDelSqRho = -2.0090595854E-11  2.9665159218E-12  1.2836953722E-15
HessDelSqRho_EigVals =  4.4077393039E+02  2.8531185378E+03  2.4437413729E+06
HessDelSqRho_EigVec1 = -1.7885639079E-02  9.9983977297E-01 -7.2959537537E-04
HessDelSqRho_EigVec2 = -7.3402758215E-06  7.2958079422E-04  9.9999973383E-01
HessDelSqRho_EigVec3 =  9.9984003914E-01  1.7885639674E-02 -5.7099190532E-06
</CP of DelSqRho>
<CP of DelSqRho>
CP# = 4       
Type = (3,-1)
Coords = -2.62107051911879E-03  2.00407778562238E-01 -1.60709782685033E-04
DistFromNuc =  2.0077754314E-01
Rho =  4.9200377380E+01
DelSqRho = -2.0636689581E+03
GradDelSqRho =  1.1581846593E-12  2.9515945243E-11 -9.7699626167E-15
HessDelSqRho_EigVals = -4.2744906684E+03 -4.3497883205E+02  2.4447147319E+06
HessDelSqRho_EigVec1 = -3.2783765504E-05  3.9055477075E-04  9.9999992320E-01
HessDelSqRho_EigVec2 =  9.9989796643E-01  1.4284816605E-02  2.7201419274E-05
HessDelSqRho_EigVec3 = -1.4284804885E-02  9.9989789053E-01 -3.9098323113E-04
</CP of DelSqRho>
<CP of DelSqRho>
CP# = 5       
Type = (3,-1)
Coords =  2.28697577242703E-03 -2.01116120406573E-01  5.43928635571755E-06
DistFromNuc =  2.0077724200E-01
Rho =  4.9200679534E+01
DelSqRho = -2.0637091047E+03
GradDelSqRho = -2.4158453016E-13  6.1675109464E-12 -3.3306690739E-14
HessDelSqRho_EigVals = -4.2675448541E+03 -4.3963095219E+02  2.4447481391E+06
HessDelSqRho_EigVec1 = -5.2891733317E-05  4.3458570494E-04  9.9999990417E-01
HessDelSqRho_EigVec2 =  9.9994841262E-01  1.0157251259E-02  4.8474813218E-05
HessDelSqRho_EigVec3 = -1.0157229219E-02  9.9994831936E-01 -4.3510052043E-04
</CP of DelSqRho>
<CP of DelSqRho>
CP# = 6       
Type = (3,+1)
Coords =  2.23916111336308E-04 -3.35406058421209E-04  2.00945475435478E-01
DistFromNuc =  2.0102756731E-01
Rho =  4.9076347377E+01
DelSqRho = -2.0585084515E+03
GradDelSqRho =  9.9460162328E-12 -8.5265128291E-14  1.2988721210E-11
HessDelSqRho_EigVals = -4.7743461075E+03  1.4599361125E+03  2.4257738759E+06
HessDelSqRho_EigVec1 = -1.0091309372E-02  9.9994907896E-01 -7.0419017801E-05
HessDelSqRho_EigVec2 =  9.9994907456E-01  1.0091317537E-02  1.1657008832E-04
HessDelSqRho_EigVec3 = -1.1727477312E-04  6.9239086857E-05  9.9999999073E-01
</CP of DelSqRho>
<CP of DelSqRho>
CP# = 7       
Type = (3,+1)
Coords =  2.56659149165737E-04 -4.48612584640884E-04 -2.01109634378927E-01
DistFromNuc =  2.0102756913E-01
Rho =  4.9076349450E+01
DelSqRho = -2.0585088626E+03
GradDelSqRho = -7.4940054162E-16  6.6613381478E-15  6.6329164383E-11
HessDelSqRho_EigVals = -4.7746937187E+03  1.4603582478E+03  2.4257737576E+06
HessDelSqRho_EigVec1 = -1.0102318142E-02  9.9994884770E-01 -4.9512341042E-04
HessDelSqRho_EigVec2 =  9.9994896923E-01  1.0102339621E-02  4.0900060624E-05
HessDelSqRho_EigVec3 = -4.5899873338E-05  4.9468495846E-04  9.9999987659E-01
</CP of DelSqRho>
<CP of DelSqRho>
CP# = 8       
Type = (3,+3)
Coords = -1.17349399384745E-03  1.45693490100239E-01  1.37876497198098E-01
DistFromNuc =  2.0090563642E-01
Rho =  4.9195697822E+01
DelSqRho = -2.0840033507E+03
GradDelSqRho =  5.4534154970E-13  3.5385028241E-12  4.3200998334E-12
HessDelSqRho_EigVals =  2.7181062640E+03  4.5112394467E+03  2.4358619649E+06
HessDelSqRho_EigVec1 =  9.9993955171E-01  1.0921727248E-02 -1.2683848544E-03
HessDelSqRho_EigVec2 =  8.4129041516E-03 -6.8571968981E-01  7.2781709931E-01
HessDelSqRho_EigVec3 = -7.0792633759E-03  7.2778377481E-01  6.8577012267E-01
</CP of DelSqRho>
<CP of DelSqRho>
CP# = 9       
Type = (3,+3)
Coords =  1.72049003486062E-03 -1.46355363045177E-01  1.37914634471254E-01
DistFromNuc =  2.0090557214E-01
Rho =  4.9195700294E+01
DelSqRho = -2.0839786409E+03
GradDelSqRho =  2.2915003228E-13 -6.4375171860E-12  1.7664092411E-11
HessDelSqRho_EigVals =  2.7076393017E+03  4.5051792127E+03  2.4358672057E+06
HessDelSqRho_EigVec1 =  9.9994909415E-01  1.0090049388E-02  2.9263196132E-06
HessDelSqRho_EigVec2 = -6.9234879637E-03  6.8592391808E-01  7.2764032593E-01
HessDelSqRho_EigVec3 = -7.3399195924E-03  7.2760330504E-01 -6.8595885888E-01
</CP of DelSqRho>
<CP of DelSqRho>
CP# = 10      
Type = (3,+3)
Coords = -1.16140542530109E-03  1.45601094670012E-01 -1.38138678403936E-01
DistFromNuc =  2.0090572795E-01
Rho =  4.9195606922E+01
DelSqRho = -2.0839943275E+03
GradDelSqRho =  4.0856207306E-14  2.1572077458E-11  1.6704859718E-11
HessDelSqRho_EigVals =  2.7155820575E+03  4.5103718009E+03  2.4358556156E+06
HessDelSqRho_EigVec1 =  9.9993998173E-01  1.0878339672E-02  1.3017939291E-03
HessDelSqRho_EigVec2 = -8.4121750208E-03  6.8620777704E-01  7.2735694266E-01
HessDelSqRho_EigVec3 = -7.0191347670E-03  7.2732423888E-01 -6.8625810253E-01
</CP of DelSqRho>
<CP of DelSqRho>
CP# = 11      
Type = (3,+3)
Coords =  1.73763425136038E-03 -1.46450497971065E-01 -1.37977737426480E-01
DistFromNuc =  2.0090545770E-01
Rho =  4.9195816212E+01
DelSqRho = -2.0839934671E+03
GradDelSqRho =  4.1211478674E-13  4.4479975259E-12 -9.1660012913E-13
HessDelSqRho_EigVals =  2.7110839924E+03  4.5067067374E+03  2.4358762421E+06
HessDelSqRho_EigVec1 =  9.9994867455E-01  1.0131300232E-02  7.0833450000E-05
HessDelSqRho_EigVec2 =  6.8929838334E-03 -6.8542089846E-01  7.2811446815E-01
HessDelSqRho_EigVec3 = -7.4252970072E-03  7.2807660910E-01  6.8545555381E-01
</CP of DelSqRho>
<CP of DelSqRho>
CP# = 12      
Type = (3,-1)
Coords =  1.17196428589295E-01  8.74898566958776E-04  1.63310114274260E-01
DistFromNuc =  2.0093672718E-01
Rho =  4.9091223204E+01
DelSqRho = -2.0535098130E+03
GradDelSqRho = -1.8673063096E-11 -3.4994229736E-13 -5.8406612879E-12
HessDelSqRho_EigVals = -3.9773643246E+03 -1.9320343017E+03  2.4318276066E+06
HessDelSqRho_EigVec1 = -1.0898339571E-02  9.9994056354E-01  3.0916987810E-04
HessDelSqRho_EigVec2 =  8.1238567849E-01  9.0344536156E-03 -5.8305050213E-01
HessDelSqRho_EigVec3 =  5.8301864085E-01  6.1031171781E-03  8.1243585370E-01
</CP of DelSqRho>
<CP of DelSqRho>
CP# = 13      
Type = (3,-1)
Coords = -1.16741736013399E-01 -1.45523375435752E-03  1.63282143291594E-01
DistFromNuc =  2.0093673580E-01
Rho =  4.9091189240E+01
DelSqRho = -2.0535103147E+03
GradDelSqRho =  7.3896444519E-13  4.7073456244E-13  3.6095570977E-12
HessDelSqRho_EigVals = -3.9746326740E+03 -1.9315392764E+03  2.4318255028E+06
HessDelSqRho_EigVec1 = -7.9640411033E-03  9.9996771259E-01  1.0713675267E-03
HessDelSqRho_EigVec2 =  8.1227631932E-01  5.8443225053E-03  5.8324353829E-01
HessDelSqRho_EigVec3 = -5.8321844545E-01 -5.5152219835E-03  8.1229663745E-01
</CP of DelSqRho>
<CP of DelSqRho>
CP# = 14      
Type = (3,-1)
Coords =  1.17221774810047E-01  7.55523214518661E-04 -1.63456982794736E-01
DistFromNuc =  2.0093671281E-01
Rho =  4.9091229972E+01
DelSqRho = -2.0535095047E+03
GradDelSqRho = -3.2684965845E-13  1.2434497876E-14 -1.3500311979E-13
HessDelSqRho_EigVals = -3.9774027734E+03 -1.9322359317E+03  2.4318284147E+06
HessDelSqRho_EigVec1 = -1.0157877959E-02  9.9994827677E-01 -5.1118062703E-04
HessDelSqRho_EigVec2 =  8.1230478200E-01  8.5498405324E-03  5.8317050797E-01
HessDelSqRho_EigVec3 = -5.8314471501E-01 -5.5085403814E-03  8.1234961521E-01
</CP of DelSqRho>
<CP of DelSqRho>
CP# = 15      
Type = (3,-1)
Coords = -1.16737249173612E-01 -1.57811416638636E-03 -1.63448661465065E-01
DistFromNuc =  2.0093673841E-01
Rho =  4.9091177835E+01
DelSqRho = -2.0535067081E+03
GradDelSqRho = -8.8249407781E-12  7.4606987255E-14 -3.3679725675E-12
HessDelSqRho_EigVals = -3.9750260387E+03 -1.9321858998E+03  2.4318246175E+06
HessDelSqRho_EigVec1 = -8.7558961927E-03  9.9996087712E-01 -1.2563889722E-03
HessDelSqRho_EigVec2 =  8.1228424142E-01  6.3797662540E-03 -5.8322689387E-01
HessDelSqRho_EigVec3 =  5.8319606088E-01  6.1272191027E-03  8.1230832309E-01
</CP of DelSqRho>
<CP of DelSqRho>
CP# = 16      
Type = (3,-3)
Coords = -3.29237531386529E-03  3.61905454854999E-01 -2.18470425115798E-04
DistFromNuc =  3.6227203173E-01
Rho =  1.1024027986E+01
DelSqRho =  5.5197011424E+02
GradDelSqRho =  1.1834977443E-13 -4.9222848020E-12 -4.7878367937E-15
HessDelSqRho_EigVals = -1.0301390788E+05 -1.4931228930E+03 -1.9111041731E+02
HessDelSqRho_EigVec1 = -9.7740229246E-03  9.9995216277E-01 -3.7503258711E-04
HessDelSqRho_EigVec2 = -3.4784287214E-05  3.7471050324E-04  9.9999992919E-01
HessDelSqRho_EigVec3 =  9.9995223249E-01  9.7740352778E-03  3.1120194181E-05
</CP of DelSqRho>
<CP of DelSqRho>
CP# = 17      
Type = (3,-3)
Coords =  3.75123709316554E-03 -3.62604453249689E-01  5.56662861422664E-05
DistFromNuc =  3.6227216697E-01
Rho =  1.1024023877E+01
DelSqRho =  5.5197429382E+02
GradDelSqRho =  7.3940853440E-14 -7.4580341902E-12 -4.5033421436E-15
HessDelSqRho_EigVals = -1.0301471730E+05 -1.4929883589E+03 -1.9131526794E+02
HessDelSqRho_EigVec1 = -9.6704888888E-03  9.9995316775E-01 -3.7941070151E-04
HessDelSqRho_EigVec2 = -3.8321946006E-05  3.7905783415E-04  9.9999992742E-01
HessDelSqRho_EigVec3 =  9.9995323899E-01  9.6705027267E-03  3.4654476730E-05
</CP of DelSqRho>
<CP of DelSqRho>
CP# = 18      
Type = (3,+1)
Coords = -3.61928666027738E-01 -4.26164386752515E-03 -9.72944979789654E-05
DistFromNuc =  3.6219727408E-01
Rho =  1.1069212780E+01
DelSqRho =  5.3952320751E+02
GradDelSqRho = -1.4566126083E-12  8.5043083686E-14 -9.4325589006E-17
HessDelSqRho_EigVals = -1.0273316472E+05  1.8827473466E+02  6.1756457555E+02
HessDelSqRho_EigVec1 =  9.9994173035E-01  1.0795097167E-02  4.2272659698E-05
HessDelSqRho_EigVec2 = -1.0795048188E-02  9.9994120660E-01 -1.0248287158E-03
HessDelSqRho_EigVec3 = -5.3333299912E-05  1.0243126640E-03  9.9999947397E-01
</CP of DelSqRho>
<CP of DelSqRho>
CP# = 19      
Type = (3,-1)
Coords =  2.17560976380901E-04 -2.59708327164935E-04  3.62877798356396E-01
DistFromNuc =  3.6295990065E-01
Rho =  1.1023465328E+01
DelSqRho =  5.3937269720E+02
GradDelSqRho =  1.1501216646E-15 -9.4368957093E-16 -5.7625015870E-12
HessDelSqRho_EigVals = -1.0109024725E+05 -1.1033068479E+03  6.1864070715E+02
HessDelSqRho_EigVec1 = -8.1681541557E-05  2.4344822250E-04  9.9999996703E-01
HessDelSqRho_EigVec2 = -1.0288328990E-02  9.9994704391E-01 -2.4427570506E-04
HessDelSqRho_EigVec3 =  9.9994707041E-01  1.0288348603E-02  7.9172540617E-05
</CP of DelSqRho>
<CP of DelSqRho>
CP# = 20      
Type = (3,-1)
Coords =  2.57093019960002E-04 -4.75865245150774E-04 -3.63041998541256E-01
DistFromNuc =  3.6295993074E-01
Rho =  1.1023462927E+01
DelSqRho =  5.3937244332E+02
GradDelSqRho = -1.4918621893E-16 -1.8041124150E-15 -6.3238303483E-13
HessDelSqRho_EigVals = -1.0109018546E+05 -1.1033121179E+03  6.1865568217E+02
HessDelSqRho_EigVec1 = -2.7245464611E-05  3.5395034633E-04  9.9999993699E-01
HessDelSqRho_EigVec2 = -1.0290713418E-02  9.9994698647E-01 -3.5421197976E-04
HessDelSqRho_EigVec3 =  9.9994704884E-01  1.0290722420E-02  2.3601618655E-05
</CP of DelSqRho>
<CP of DelSqRho>
CP# = 21      
Type = (3,+1)
Coords =  3.62424552908348E-01  3.46059892386551E-03 -6.39067886174955E-05
DistFromNuc =  3.6219711467E-01
Rho =  1.1069234861E+01
DelSqRho =  5.3952640841E+02
GradDelSqRho = -2.8421709430E-14 -3.9079850467E-14  3.1290074698E-16
HessDelSqRho_EigVals = -1.0273396027E+05  1.8816114803E+02  6.1756510445E+02
HessDelSqRho_EigVec1 =  9.9994465195E-01  1.0520956874E-02  4.9958301973E-05
HessDelSqRho_EigVec2 = -1.0520900812E-02  9.9994413948E-01 -1.0141829476E-03
HessDelSqRho_EigVec3 = -6.0625686331E-05  1.0136012082E-03  9.9999948447E-01
</CP of DelSqRho>
<CP of DelSqRho>
CP# = 22      
Type = (3,+1)
Coords = -2.21764390491724E-03  2.36766008710918E-01  2.74833453842954E-01
DistFromNuc =  3.6305410343E-01
Rho =  1.1112835830E+01
DelSqRho =  5.2387886103E+02
GradDelSqRho =  6.5725203058E-14 -5.5777604757E-12 -6.8496319727E-12
HessDelSqRho_EigVals = -1.0054430714E+05  9.0666382484E+02  1.2655043865E+03
HessDelSqRho_EigVec1 = -6.8012172259E-03  6.5405555291E-01  7.5641594190E-01
HessDelSqRho_EigVec2 =  9.9994853208E-01  1.0143207298E-02  2.2031016892E-04
HessDelSqRho_EigVec3 = -7.5283886127E-03  7.5637850912E-01 -6.5409087618E-01
</CP of DelSqRho>
<CP of DelSqRho>
CP# = 23      
Type = (3,+1)
Coords =  2.68353818752091E-03 -2.37269945151963E-01  2.75000215331316E-01
DistFromNuc =  3.6305319427E-01
Rho =  1.1112839220E+01
DelSqRho =  5.2389216227E+02
GradDelSqRho = -1.0258460748E-13  4.2561509872E-12 -8.0397910551E-12
HessDelSqRho_EigVals = -1.0054628843E+05  9.0569068462E+02  1.2651054708E+03
HessDelSqRho_EigVec1 =  6.7206131742E-03 -6.5351987017E-01  7.5687952321E-01
HessDelSqRho_EigVec2 =  9.9995013883E-01  9.9826089021E-03 -2.5954566995E-04
HessDelSqRho_EigVec3 = -7.3860140137E-03  7.5684352862E-01  6.5355437416E-01
</CP of DelSqRho>
<CP of DelSqRho>
CP# = 24      
Type = (3,+1)
Coords = -2.19460284297917E-03  2.36573942784769E-01 -2.75163832574193E-01
DistFromNuc =  3.6305444654E-01
Rho =  1.1112701061E+01
DelSqRho =  5.2388513334E+02
GradDelSqRho = -7.8159700934E-14  1.9646506644E-12 -1.5099033135E-12
HessDelSqRho_EigVals = -1.0054395453E+05  9.0591094980E+02  1.2652938170E+03
HessDelSqRho_EigVec1 =  6.7378076250E-03 -6.5352608957E-01  7.5687400022E-01
HessDelSqRho_EigVec2 =  9.9994909405E-01  1.0088252974E-02 -1.9095399435E-04
HessDelSqRho_EigVec3 = -7.5107429666E-03  7.5683675744E-01  6.5356079391E-01
</CP of DelSqRho>
<CP of DelSqRho>
CP# = 25      
Type = (3,+1)
Coords =  2.70826109183151E-03 -2.37462310321646E-01 -2.74998154284019E-01
DistFromNuc =  3.6305302395E-01
Rho =  1.1112956229E+01
DelSqRho =  5.2388519724E+02
GradDelSqRho = -2.2870594307E-14 -4.4018122480E-12 -5.5919713304E-12
HessDelSqRho_EigVals = -1.0054638394E+05  9.0647263112E+02  1.2653283182E+03
HessDelSqRho_EigVec1 = -6.7884807851E-03  6.5404955539E-01  7.5642124218E-01
HessDelSqRho_EigVec2 =  9.9994962491E-01  1.0032859163E-02  2.9897592400E-04
HessDelSqRho_EigVec3 = -7.3935227207E-03  7.5638516698E-01 -6.5408471545E-01
</CP of DelSqRho>
<CP of DelSqRho>
CP# = 26      
Type = (3,-3)
Coords =  2.56999326487034E-01  2.40133308948730E-03  2.55647835921397E-01
DistFromNuc =  3.6239049814E-01
Rho =  1.1002743457E+01
DelSqRho =  5.4960940409E+02
GradDelSqRho =  2.8634872251E-12  6.5614180755E-14  4.8459014579E-12
HessDelSqRho_EigVals = -1.0257271485E+05 -7.6665485715E+02 -6.1897716248E+02
HessDelSqRho_EigVec1 =  7.0997225965E-01  7.6044813369E-03  7.0418858439E-01
HessDelSqRho_EigVec2 = -1.1464744540E-02  9.9993398831E-01  7.6069287024E-04
HessDelSqRho_EigVec3 = -7.0413631504E-01 -8.6134130643E-03  7.1001257662E-01
</CP of DelSqRho>
<CP of DelSqRho>
CP# = 27      
Type = (3,-3)
Coords = -2.56526571795331E-01 -2.85849042547500E-03  2.55628481688881E-01
DistFromNuc =  3.6239081763E-01
Rho =  1.1002706627E+01
DelSqRho =  5.4960639774E+02
GradDelSqRho = -3.8227199184E-12 -3.2307490017E-14  3.4923175463E-12
HessDelSqRho_EigVals = -1.0257187853E+05 -7.6654291178E+02 -6.1893042346E+02
HessDelSqRho_EigVec1 =  7.1003300381E-01  6.9376401675E-03 -7.0413422204E-01
HessDelSqRho_EigVec2 = -7.9398498705E-03  9.9996677492E-01  1.8460318642E-03
HessDelSqRho_EigVec3 =  7.0412363423E-01  4.2799764620E-03  7.1006449673E-01
</CP of DelSqRho>
<CP of DelSqRho>
CP# = 28      
Type = (3,-3)
Coords =  2.57028517486020E-01  2.14644290413021E-03 -2.55785242108463E-01
DistFromNuc =  3.6239044334E-01
Rho =  1.1002749741E+01
DelSqRho =  5.4960933742E+02
GradDelSqRho = -2.7711166695E-12 -3.4749980671E-14  2.7178259643E-13
HessDelSqRho_EigVals = -1.0257279693E+05 -7.6660930134E+02 -6.1898117042E+02
HessDelSqRho_EigVec1 =  7.1005294321E-01  6.9006776411E-03 -7.0411447826E-01
HessDelSqRho_EigVec2 = -8.4764022568E-03  9.9996329056E-01  1.2522536861E-03
HessDelSqRho_EigVec3 =  7.0409727201E-01  5.0791911370E-03  7.1008537048E-01
</CP of DelSqRho>
<CP of DelSqRho>
CP# = 29      
Type = (3,-3)
Coords = -2.56500427003329E-01 -3.11545433748528E-03 -2.55816160525341E-01
DistFromNuc =  3.6239074590E-01
Rho =  1.1002713328E+01
DelSqRho =  5.4960673516E+02
GradDelSqRho = -2.2701840408E-12 -3.6637359813E-14 -3.6042280271E-12
HessDelSqRho_EigVals = -1.0257195220E+05 -7.6659355066E+02 -6.1894866975E+02
HessDelSqRho_EigVec1 =  7.0996130137E-01  7.6473613834E-03  7.0419916815E-01
HessDelSqRho_EigVec2 = -1.0969575934E-02  9.9993981232E-01  2.0033153368E-04
HessDelSqRho_EigVec3 = -7.0415525203E-01 -7.8669938844E-03  7.1000245876E-01
</CP of DelSqRho>
<CP of DelSqRho>
CP# = 30      
Type = (3,-1)
Coords =  2.88920878269880E-01  1.86735458714340E-01  1.13566777273057E-01
DistFromNuc =  3.6228316059E-01
Rho =  1.1051521269E+01
DelSqRho =  5.4311590062E+02
GradDelSqRho = -3.2969182939E-12 -3.2862601529E-12 -2.0854429295E-12
HessDelSqRho_EigVals = -1.0267123409E+05 -5.0338126350E+02  4.7906801240E+02
HessDelSqRho_EigVec1 =  7.9749866734E-01  5.1599464046E-01  3.1264261801E-01
HessDelSqRho_EigVec2 = -5.6703066528E-01  4.6402780646E-01  6.8055449412E-01
HessDelSqRho_EigVec3 =  2.0608760327E-01 -7.2001925380E-01  6.6264634152E-01
</CP of DelSqRho>
<CP of DelSqRho>
CP# = 31      
Type = (3,-1)
Coords = -2.92244768103157E-01  1.80751674552256E-01  1.13492888635602E-01
DistFromNuc =  3.6228239844E-01
Rho =  1.1051589490E+01
DelSqRho =  5.4311656630E+02
GradDelSqRho =  5.8975047068E-12  7.6383344094E-13 -1.1581846593E-12
HessDelSqRho_EigVals = -1.0267149619E+05 -5.0331228497E+02  4.7859583721E+02
HessDelSqRho_EigVec1 =  8.0803101611E-01 -4.9946840927E-01 -3.1243748996E-01
HessDelSqRho_EigVec2 =  5.5723476780E-01  4.7578859344E-01  6.8052525883E-01
HessDelSqRho_EigVec3 = -1.9124667461E-01 -7.2398654856E-01  6.6277310368E-01
</CP of DelSqRho>
<CP of DelSqRho>
CP# = 32      
Type = (3,-1)
Coords =  2.92750448749761E-01 -1.81345611269247E-01  1.13635944625918E-01
DistFromNuc =  3.6228367414E-01
Rho =  1.1051491702E+01
DelSqRho =  5.4310974713E+02
GradDelSqRho =  5.7163163092E-12 -3.0047075938E-12  2.3341328870E-12
HessDelSqRho_EigVals = -1.0267036976E+05 -5.0243307105E+02  4.7916134852E+02
HessDelSqRho_EigVec1 =  8.0805817473E-01 -4.9917471558E-01  3.1283636231E-01
HessDelSqRho_EigVec2 =  5.5725162180E-01  4.7543703776E-01 -6.8075711757E-01
HessDelSqRho_EigVec3 =  1.9108274715E-01  7.2441992411E-01  6.6234670475E-01
</CP of DelSqRho>
<CP of DelSqRho>
CP# = 33      
Type = (3,-1)
Coords = -2.88448116458810E-01 -1.87310051513206E-01  1.13717508986599E-01
DistFromNuc =  3.6228418837E-01
Rho =  1.1051435972E+01
DelSqRho =  5.4310666830E+02
GradDelSqRho = -3.0127011996E-12 -2.4256152642E-12  7.3541173151E-13
HessDelSqRho_EigVals = -1.0266951688E+05 -5.0275941454E+02  4.7969605589E+02
HessDelSqRho_EigVec1 =  7.9755626391E-01  5.1565262910E-01 -3.1305969400E-01
HessDelSqRho_EigVec2 = -5.6700405254E-01  4.6362875765E-01 -6.8084857309E-01
HessDelSqRho_EigVec3 = -2.0593787974E-01  7.2052115942E-01  6.6214715020E-01
</CP of DelSqRho>
<CP of DelSqRho>
CP# = 34      
Type = (3,-1)
Coords =  2.88968247076657E-01  1.86598611654557E-01 -1.13836333615284E-01
DistFromNuc =  3.6228333741E-01
Rho =  1.1051518669E+01
DelSqRho =  5.4310928768E+02
GradDelSqRho =  2.9984903449E-12 -8.0380146983E-13  1.0231815395E-12
HessDelSqRho_EigVals = -1.0267069519E+05 -5.0270537598E+02  4.7950836133E+02
HessDelSqRho_EigVec1 =  7.9762945848E-01  5.1561684298E-01 -3.1293213035E-01
HessDelSqRho_EigVec2 = -5.6690160535E-01  4.6374953196E-01 -6.8085162955E-01
HessDelSqRho_EigVec3 = -2.0593643878E-01  7.2046904364E-01  6.6220430407E-01
</CP of DelSqRho>
<CP of DelSqRho>
CP# = 35      
Type = (3,-1)
Coords = -2.92274441911359E-01  1.80610183937449E-01 -1.13806654102530E-01
DistFromNuc =  3.6228258084E-01
Rho =  1.1051590095E+01
DelSqRho =  5.4310922612E+02
GradDelSqRho =  5.0945914154E-12 -1.1874945471E-12 -3.9079850467E-14
HessDelSqRho_EigVals = -1.0267091128E+05 -5.0257679828E+02  4.7908943962E+02
HessDelSqRho_EigVec1 =  8.0811313371E-01 -4.9907770629E-01  3.1284917487E-01
HessDelSqRho_EigVec2 =  5.5721759634E-01  4.7555044112E-01 -6.8070575749E-01
HessDelSqRho_EigVec3 =  1.9094950499E-01  7.2441232805E-01  6.6239343709E-01
</CP of DelSqRho>
<CP of DelSqRho>
CP# = 36      
Type = (3,-1)
Coords =  2.92722392974313E-01 -1.81487387206584E-01 -1.13645774075330E-01
DistFromNuc =  3.6228346558E-01
Rho =  1.1051494033E+01
DelSqRho =  5.4311706773E+02
GradDelSqRho =  1.8083312625E-12 -3.0864200085E-12 -1.2647660697E-12
HessDelSqRho_EigVals = -1.0267098134E+05 -5.0317063639E+02  4.7867334117E+02
HessDelSqRho_EigVec1 =  8.0798086293E-01 -4.9956567535E-01 -3.1241168536E-01
HessDelSqRho_EigVec2 =  5.5725888359E-01  4.7567830588E-01  6.8058260775E-01
HessDelSqRho_EigVec3 = -1.9138824884E-01 -7.2399190971E-01  6.6272637859E-01
</CP of DelSqRho>
<CP of DelSqRho>
CP# = 37      
Type = (3,-1)
Coords = -2.88399872530127E-01 -1.87450066453032E-01 -1.13773142545961E-01
DistFromNuc =  3.6228395045E-01
Rho =  1.1051444003E+01
DelSqRho =  5.4311356252E+02
GradDelSqRho =  5.8584248563E-12  2.7071678232E-12  2.4762414341E-12
HessDelSqRho_EigVals = -1.0267013880E+05 -5.0345969636E+02  4.7924691975E+02
HessDelSqRho_EigVec1 =  7.9742338903E-01  5.1603874060E-01  3.1276182126E-01
HessDelSqRho_EigVec2 = -5.6712994118E-01  4.6389823712E-01  6.8056010419E-01
HessDelSqRho_EigVec3 =  2.0610572155E-01 -7.2007113801E-01  6.6258432501E-01
</CP of DelSqRho>
<CP of DelSqRho>
CP# = 38      
Type = (3,+3)
Coords =  8.25004075108057E-01  8.61165177514890E-03 -5.02836284531030E-05
DistFromNuc =  8.2480527735E-01
Rho =  1.0320821937E+00
DelSqRho = -7.2845609843E+00
GradDelSqRho =  4.7428727612E-13  6.2255756106E-14 -2.8275653845E-17
HessDelSqRho_EigVals =  1.0760268334E+01  3.5411096375E+01  7.2759444468E+02
HessDelSqRho_EigVec1 = -1.0863364763E-02  9.9994069924E-01 -7.6505240944E-04
HessDelSqRho_EigVec2 = -4.6831222516E-05  7.6458878102E-04  9.9999970661E-01
HessDelSqRho_EigVec3 =  9.9994099082E-01  1.0863397404E-02  3.8522438568E-05
</CP of DelSqRho>
<CP of DelSqRho>
CP# = 39      
Type = (3,+3)
Coords = -8.24518882729039E-01 -8.69212701641575E-03 -1.25401030351577E-04
DistFromNuc =  8.2480855535E-01
Rho =  1.0320686718E+00
DelSqRho = -7.2841652727E+00
GradDelSqRho = -2.8244073746E-13 -3.5332847759E-14  5.9631119487E-19
HessDelSqRho_EigVals =  1.0751963074E+01  3.5412410288E+01  7.2755798404E+02
HessDelSqRho_EigVec1 = -1.0112205442E-02  9.9994858151E-01 -7.6002946255E-04
HessDelSqRho_EigVec2 = -6.0366325728E-05  7.5945785547E-04  9.9999970979E-01
HessDelSqRho_EigVec3 =  9.9994886852E-01  1.0112248388E-02  5.2683427923E-05
</CP of DelSqRho>
<CP of DelSqRho>
CP# = 40      
Type = (3,-1)
Coords = -7.89010506883851E-03  8.46783671931353E-01 -4.35004729168735E-04
DistFromNuc =  8.4717208585E-01
Rho =  9.1394076811E-01
DelSqRho = -3.6999136936E+00
GradDelSqRho =  1.2594092436E-15 -1.1635137298E-13  4.7704895589E-17
HessDelSqRho_EigVals = -5.0358373168E+01 -9.7282640461E+00  5.4179660162E+02
HessDelSqRho_EigVec1 = -3.5734869881E-05  4.1171591275E-04  9.9999991461E-01
HessDelSqRho_EigVec2 =  9.9995385173E-01  9.6069449508E-03  3.1777891384E-05
HessDelSqRho_EigVec3 = -9.6069310470E-03  9.9995376748E-01 -4.1204021570E-04
</CP of DelSqRho>
<CP of DelSqRho>
CP# = 41      
Type = (3,-1)
Coords =  8.64520402113139E-03 -8.47477699251966E-01  2.63255362480987E-04
DistFromNuc =  8.4717013627E-01
Rho =  9.1393618910E-01
DelSqRho = -3.6999330383E+00
GradDelSqRho =  2.9490299092E-16 -3.6415315208E-14  1.3010426070E-17
HessDelSqRho_EigVals = -5.0373878736E+01 -9.7156288734E+00  5.4181712516E+02
HessDelSqRho_EigVec1 = -3.3175559160E-05  4.0392098418E-04  9.9999991787E-01
HessDelSqRho_EigVec2 =  9.9995086392E-01  9.9130671981E-03  2.9169835580E-05
HessDelSqRho_EigVec3 = -9.9130546017E-03  9.9995078276E-01 -4.0423000863E-04
</CP of DelSqRho>
<CP of DelSqRho>
CP# = 42      
Type = (3,+1)
Coords =  2.49036410482566E-04 -5.08244036583985E-05  8.44939284818277E-01
DistFromNuc =  8.4502142753E-01
Rho =  9.4754246552E-01
DelSqRho = -4.4889176299E+00
GradDelSqRho = -6.7181503416E-14  2.7201331465E-14 -1.7701395905E-12
HessDelSqRho_EigVals = -4.6787308290E+01  1.6112668782E+01  5.5023041110E+02
HessDelSqRho_EigVec1 = -1.0297726898E-02  9.9994691520E-01 -3.5156494977E-04
HessDelSqRho_EigVec2 =  9.9994697700E-01  1.0297724952E-02 -7.3450907997E-06
HessDelSqRho_EigVec3 =  3.7243817316E-06  3.5162194648E-04  9.9999993817E-01
</CP of DelSqRho>
<CP of DelSqRho>
CP# = 43      
Type = (3,+1)
Coords =  3.45994243001349E-04 -5.09812014932089E-04 -8.45103823833888E-01
DistFromNuc =  8.4502175482E-01
Rho =  9.4753786073E-01
DelSqRho = -4.4888572947E+00
GradDelSqRho = -7.3403045794E-13 -2.3824150118E-14 -5.6843418861E-14
HessDelSqRho_EigVals = -4.6786611907E+01  1.6111425840E+01  5.5022739851E+02
HessDelSqRho_EigVec1 = -1.0294042231E-02  9.9994699508E-01 -1.9929913306E-04
HessDelSqRho_EigVec2 =  9.9994700791E-01  1.0294065602E-02  1.1659349373E-04
HessDelSqRho_EigVec3 = -1.1863891206E-04  1.9808835343E-04  9.9999997334E-01
</CP of DelSqRho>
<CP of DelSqRho>
CP# = 44      
Type = (3,+3)
Coords = -5.66913935505386E-03  5.66188122914182E-01  5.91286347474217E-01
DistFromNuc =  8.1897267192E-01
Rho =  1.1145808829E+00
DelSqRho = -8.6956817165E+00
GradDelSqRho = -4.1633363423E-17  2.5757174171E-14  1.6875389974E-14
HessDelSqRho_EigVals =  3.3210641612E+01  5.7473605997E+01  7.7209145125E+02
HessDelSqRho_EigVec1 =  9.9994962737E-01  1.0029064359E-02  4.0073558672E-04
HessDelSqRho_EigVec2 = -6.9432389838E-03  7.2000469899E-01 -6.9393445285E-01
HessDelSqRho_EigVec3 = -7.2480447938E-03  6.9389671515E-01  7.2003806466E-01
</CP of DelSqRho>
<CP of DelSqRho>
CP# = 45      
Type = (3,+3)
Coords =  6.09750461424997E-03 -5.66448213618024E-01  5.91710323328491E-01
DistFromNuc =  8.1897528210E-01
Rho =  1.1145236382E+00
DelSqRho = -8.6951553564E+00
GradDelSqRho = -6.6613381478E-16  5.2402526762E-14 -5.9507954120E-14
HessDelSqRho_EigVals =  3.3195521713E+01  5.7472348843E+01  7.7208023421E+02
HessDelSqRho_EigVec1 =  9.9994818145E-01  1.0178950178E-02 -1.5292864111E-04
HessDelSqRho_EigVec2 = -7.2284670240E-03  7.2051956033E-01  6.9339693714E-01
HessDelSqRho_EigVec3 =  7.1682409538E-03 -6.9335990088E-01  7.2055580226E-01
</CP of DelSqRho>
<CP of DelSqRho>
CP# = 46      
Type = (3,+3)
Coords = -5.61850218540846E-03  5.65786656935785E-01 -5.91859048857764E-01
DistFromNuc =  8.1898977472E-01
Rho =  1.1144186861E+00
DelSqRho = -8.6927791591E+00
GradDelSqRho =  4.9960036108E-16  2.6645352591E-14 -2.0428103653E-14
HessDelSqRho_EigVals =  3.3168050701E+01  5.7450007192E+01  7.7192178519E+02
HessDelSqRho_EigVec1 =  9.9994995302E-01  9.9983902828E-03 -3.5163380173E-04
HessDelSqRho_EigVec2 = -6.9602497266E-03  7.2048949235E-01  6.9343092398E-01
HessDelSqRho_EigVec3 =  7.1865414714E-03 -6.9339377240E-01  7.2052302532E-01
</CP of DelSqRho>
<CP of DelSqRho>
CP# = 47      
Type = (3,+3)
Coords =  6.14354273513514E-03 -5.66848576842039E-01 -5.91469802535120E-01
DistFromNuc =  8.1896011514E-01
Rho =  1.1146689582E+00
DelSqRho = -8.6977586022E+00
GradDelSqRho = -9.7144514655E-17  9.7699626167E-15  2.6645352591E-15
HessDelSqRho_EigVals =  3.3235288671E+01  5.7493628759E+01  7.7222925542E+02
HessDelSqRho_EigVec1 =  9.9994789270E-01  1.0206511670E-02  1.9752029592E-04
HessDelSqRho_EigVec2 = -7.2123958894E-03  7.2003824897E-01 -6.9389689535E-01
HessDelSqRho_EigVec3 = -7.2244889282E-03  6.9385931365E-01  7.2007434312E-01
</CP of DelSqRho>
<CP of DelSqRho>
CP# = 48      
Type = (3,-1)
Coords =  4.98432398978388E-01  5.05580378873675E-03  6.89279413759488E-01
DistFromNuc =  8.5055082997E-01
Rho =  8.9651239395E-01
DelSqRho = -3.5119060345E+00
GradDelSqRho = -2.1316282073E-14 -6.1062266354E-16 -2.3842039454E-14
HessDelSqRho_EigVals = -3.6608495211E+01 -2.0548799596E+01  5.1532569324E+02
HessDelSqRho_EigVec1 = -1.0444428615E-02  9.9994541358E-01 -2.8943922208E-04
HessDelSqRho_EigVec2 =  8.0758401716E-01  8.2645239949E-03 -5.8969462679E-01
HessDelSqRho_EigVec3 =  5.8966004540E-01  6.3927699241E-03  8.0762625227E-01
</CP of DelSqRho>
<CP of DelSqRho>
CP# = 49      
Type = (3,-1)
Coords = -4.98019924949801E-01 -5.19415861717230E-03  6.89230305135690E-01
DistFromNuc =  8.5055596800E-01
Rho =  8.9648617886E-01
DelSqRho = -3.5114103846E+00
GradDelSqRho =  1.3766765505E-14  2.9143354396E-16 -2.0899948439E-14
HessDelSqRho_EigVals = -3.6611378671E+01 -2.0551505805E+01  5.1528763075E+02
HessDelSqRho_EigVec1 = -9.9975263072E-03  9.9995000398E-01 -1.9752013868E-04
HessDelSqRho_EigVec2 =  8.0752286099E-01  8.1901338311E-03  5.8977940849E-01
HessDelSqRho_EigVec3 = -5.8975153958E-01 -5.7368331244E-03  8.0756436914E-01
</CP of DelSqRho>
<CP of DelSqRho>
CP# = 50      
Type = (3,-1)
Coords =  4.98491459541905E-01  4.54387281057614E-03 -6.89403610224632E-01
DistFromNuc =  8.5054992058E-01
Rho =  8.9651575312E-01
DelSqRho = -3.5120234315E+00
GradDelSqRho =  1.9984014443E-14 -6.2450045135E-17  3.4527936066E-14
HessDelSqRho_EigVals = -3.6606651079E+01 -2.0547356702E+01  5.1533194660E+02
HessDelSqRho_EigVec1 = -9.4447768062E-03  9.9995536144E-01  2.6704296820E-04
HessDelSqRho_EigVec2 =  8.0754529139E-01  7.4699276892E-03  5.8975825771E-01
HessDelSqRho_EigVec3 = -5.8972993696E-01 -5.7857844052E-03  8.0757979553E-01
</CP of DelSqRho>
<CP of DelSqRho>
CP# = 51      
Type = (3,-1)
Coords = -4.97938209746761E-01 -5.70169187430850E-03 -6.89449788509568E-01
DistFromNuc =  8.5055596550E-01
Rho =  8.9648668840E-01
DelSqRho = -3.5114073932E+00
GradDelSqRho =  3.5971225998E-14  2.4980018054E-16  3.0364599723E-14
HessDelSqRho_EigVals = -3.6612594040E+01 -2.0550781954E+01  5.1528722927E+02
HessDelSqRho_EigVec1 = -1.0983693756E-02  9.9993966263E-01  1.7195416440E-04
HessDelSqRho_EigVec2 =  8.0757998999E-01  8.9721522663E-03 -5.8968980003E-01
HessDelSqRho_EigVec3 =  5.8965576250E-01  6.3381054322E-03  8.0762981011E-01
</CP of DelSqRho>
<CP of DelSqRho>
CP# = 52      
Type = (3,+1)
Coords =  5.96845042493568E-01  4.95361651047902E-01  3.04129309229419E-01
DistFromNuc =  8.3318817486E-01
Rho =  9.9021469940E-01
DelSqRho = -5.8693981374E+00
GradDelSqRho = -3.5305092183E-14 -1.6264767311E-14 -1.7763568394E-15
HessDelSqRho_EigVals = -2.2932501193E+01  2.5418364132E+01  6.5081287002E+02
HessDelSqRho_EigVec1 = -6.5516951693E-01  3.9670345682E-01  6.4294577644E-01
HessDelSqRho_EigVec2 = -2.3851672092E-01  6.9889829293E-01 -6.7427809543E-01
HessDelSqRho_EigVec3 =  7.1684215692E-01  5.9511977238E-01  3.6327644926E-01
</CP of DelSqRho>
<CP of DelSqRho>
CP# = 53      
Type = (3,+1)
Coords = -6.06496911706241E-01  4.83079951641690E-01  3.03809682409126E-01
DistFromNuc =  8.3318230980E-01
Rho =  9.9028833957E-01
DelSqRho = -5.8702117085E+00
GradDelSqRho =  1.5987211555E-14 -9.6866958899E-15 -2.2648549702E-14
HessDelSqRho_EigVals = -2.2913978999E+01  2.5399721467E+01  6.5085794283E+02
HessDelSqRho_EigVec1 =  6.4665734643E-01  4.1016283840E-01  6.4311796920E-01
HessDelSqRho_EigVec2 = -2.2439976830E-01 -7.0351843472E-01  6.7431932791E-01
HessDelSqRho_EigVec3 =  7.2902607656E-01 -5.8036907051E-01 -3.6289491825E-01
</CP of DelSqRho>
<CP of DelSqRho>
CP# = 54      
Type = (3,+1)
Coords =  6.07090972148364E-01 -4.83345843895389E-01  3.04306878548045E-01
DistFromNuc =  8.3318507891E-01
Rho =  9.9022726882E-01
DelSqRho = -5.8698446163E+00
GradDelSqRho = -1.7763568394E-15  6.5780714209E-15 -5.7731597281E-15
HessDelSqRho_EigVals = -2.2903420862E+01  2.5405804416E+01  6.5083486758E+02
HessDelSqRho_EigVec1 =  6.4669624414E-01  4.1001253039E-01 -6.4317469846E-01
HessDelSqRho_EigVec2 =  2.2390541221E-01  7.0403688559E-01  6.7394245312E-01
HessDelSqRho_EigVec3 =  7.2914356213E-01 -5.7984634918E-01  3.6349398502E-01
</CP of DelSqRho>
<CP of DelSqRho>
CP# = 55      
Type = (3,+1)
Coords = -5.96491171221215E-01 -4.95730447503254E-01  3.04392586139560E-01
DistFromNuc =  8.3318927431E-01
Rho =  9.9018103041E-01
DelSqRho = -5.8694486197E+00
GradDelSqRho = -4.4408920985E-14 -1.3392065235E-14  2.9753977060E-14
HessDelSqRho_EigVals = -2.2912951027E+01  2.5421185168E+01  6.5080185205E+02
HessDelSqRho_EigVec1 =  6.5503561405E-01 -3.9647780866E-01  6.4322133949E-01
HessDelSqRho_EigVec2 = -2.3838385877E-01  6.9936153164E-01  6.7384462893E-01
HessDelSqRho_EigVec3 =  7.1700870302E-01  5.9472581524E-01 -3.6359280037E-01
</CP of DelSqRho>
<CP of DelSqRho>
CP# = 56      
Type = (3,+1)
Coords =  5.96840591910724E-01  4.95109121416684E-01 -3.04701776491944E-01
DistFromNuc =  8.3318395488E-01
Rho =  9.9023082522E-01
DelSqRho = -5.8703323803E+00
GradDelSqRho = -8.6597395921E-15  1.8346435482E-14 -2.2204460493E-15
HessDelSqRho_EigVals = -2.2910670622E+01  2.5434744533E+01  6.5084617042E+02
HessDelSqRho_EigVec1 =  6.5519584929E-01 -3.9625557957E-01  6.4319508295E-01
HessDelSqRho_EigVec2 = -2.3844187877E-01  6.9940694118E-01  6.7377696687E-01
HessDelSqRho_EigVec3 =  7.1684298806E-01  5.9482051603E-01 -3.6376459996E-01
</CP of DelSqRho>
<CP of DelSqRho>
CP# = 57      
Type = (3,+1)
Coords = -6.06438585687127E-01  4.82827400240721E-01 -3.04477513294873E-01
DistFromNuc =  8.3317719214E-01
Rho =  9.9031068954E-01
DelSqRho = -5.8712768704E+00
GradDelSqRho =  8.4376949872E-15 -1.6209256160E-14 -2.2204460493E-15
HessDelSqRho_EigVals = -2.2890664936E+01  2.5418299594E+01  6.5089812445E+02
HessDelSqRho_EigVec1 =  6.4680197367E-01  4.0973860059E-01 -6.4324294480E-01
HessDelSqRho_EigVec2 =  2.2418667475E-01  7.0401202529E-01  6.7387491652E-01
HessDelSqRho_EigVec3 =  7.2896333359E-01 -5.8007012287E-01  3.6349843306E-01
</CP of DelSqRho>
<CP of DelSqRho>
CP# = 58      
Type = (3,+1)
Coords =  6.07139312917952E-01 -4.83597255167327E-01 -3.03989546490895E-01
DistFromNuc =  8.3319029718E-01
Rho =  9.9020354238E-01
DelSqRho = -5.8687580163E+00
GradDelSqRho =  5.5733195836E-14 -3.6914915569E-14 -2.3980817332E-14
HessDelSqRho_EigVals = -2.2926330056E+01  2.5386727240E+01  6.5079311072E+02
HessDelSqRho_EigVec1 =  6.4657059823E-01  4.1042821954E-01  6.4303587622E-01
HessDelSqRho_EigVec2 = -2.2410163701E-01 -7.0354980757E-01  6.7438573869E-01
HessDelSqRho_EigVec3 =  7.2919470499E-01 -5.8014338302E-01 -3.6291698409E-01
</CP of DelSqRho>
<CP of DelSqRho>
CP# = 59      
Type = (3,+1)
Coords = -5.96490297908297E-01 -4.95976270871183E-01 -3.04169395958638E-01
DistFromNuc =  8.3319337415E-01
Rho =  9.9016528052E-01
DelSqRho = -5.8685509037E+00
GradDelSqRho = -8.0602191588E-14 -6.2339022833E-14 -3.6415315208E-14
HessDelSqRho_EigVals = -2.2933960635E+01  2.5404674630E+01  6.5076981236E+02
HessDelSqRho_EigVec1 = -6.5502327462E-01  3.9692291431E-01  6.4295933760E-01
HessDelSqRho_EigVec2 = -2.3843719981E-01  6.9886144302E-01 -6.7434441141E-01
HessDelSqRho_EigVec3 =  7.1700223950E-01  5.9501670863E-01  3.6312932269E-01
</CP of DelSqRho>
<CP of DelSqRho>
CP# = 60      
Type = (3,-1)
Coords =  1.95460566067829E-04  7.34747648454931E-05  1.34087016275830E+00
DistFromNuc =  1.3409523204E+00
Rho =  2.7939231813E-01
DelSqRho =  1.1345991903E+00
GradDelSqRho =  5.1317999329E-16  1.2793585635E-17 -1.5987211555E-14
HessDelSqRho_EigVals = -2.2280726547E+01 -2.7855271509E+00  1.3557866956E+00
HessDelSqRho_EigVec1 = -4.2420694768E-05  3.3299377559E-04  9.9999994366E-01
HessDelSqRho_EigVec2 = -1.0266229105E-02  9.9994724530E-01 -3.3341172796E-04
HessDelSqRho_EigVec3 =  9.9994729998E-01  1.0266242670E-02  3.8999866486E-05
</CP of DelSqRho>
<CP of DelSqRho>
CP# = 61      
Type = (3,-1)
Coords =  3.47380997530765E-04 -7.57376010214406E-04 -1.34103271346214E+00
DistFromNuc =  1.3409506893E+00
Rho =  2.7939205407E-01
DelSqRho =  1.1346081980E+00
GradDelSqRho =  1.3830421725E-15  2.2442984970E-17  2.1427304375E-14
HessDelSqRho_EigVals = -2.2280847143E+01 -2.7856173014E+00  1.3557337128E+00
HessDelSqRho_EigVec1 = -7.0815903142E-05  2.4802195665E-04  9.9999996674E-01
HessDelSqRho_EigVec2 = -1.0260816017E-02  9.9994732551E-01 -2.4873552945E-04
HessDelSqRho_EigVec3 =  9.9994735393E-01  1.0260833290E-02  6.8267265285E-05
</CP of DelSqRho>
<CP of DelSqRho>
CP# = 62      
Type = (3,-3)
Coords = -1.23494781562680E-02  1.30425173821840E+00 -5.70844134724470E-04
DistFromNuc =  1.3046619015E+00
Rho =  2.7811943329E-01
DelSqRho =  1.5183509305E+00
GradDelSqRho = -1.1362438768E-16  2.3314683517E-15 -5.4210108624E-19
HessDelSqRho_EigVals = -2.7905536604E+01 -4.2191939467E+00 -6.7831813506E-01
HessDelSqRho_EigVec1 = -9.6421317057E-03  9.9995343327E-01 -4.0073558590E-04
HessDelSqRho_EigVec2 = -3.5515938189E-05  4.0041175003E-04  9.9999991920E-01
HessDelSqRho_EigVec3 =  9.9995351294E-01  9.6421451591E-03  3.1653461497E-05
</CP of DelSqRho>
<CP of DelSqRho>
CP# = 63      
Type = (3,-3)
