AIMSum (Version 19.02.13, Professional)
Copyright (c) 1997-2019 by Todd A. Keith
AIMSum is a component of the AIMAll package ( http://aim.tkgristmill.com )

TP:  64-bit Linux

Licensed To:  Research Group of Fernando Cortes Guzman, UNAM, fercor@unam.mx

Much of the Quantum Theory of Atoms in Molecules (QTAIM) is described in the book:
  "Atoms in Molecules - A Quantum Theory"
  R.F.W. Bader, Oxford University Press, Oxford, 1990

For additional references see:  http://aim.tkgristmill.com/references.html

Wfx File:  /home/scratch/M_H2O_4_tetraedrico/Opt/Ti2_tetraedrico_cc-pvtz-def2-tzv_2.wfx
Sum File:  /home/scratch/M_H2O_4_tetraedrico/Opt/Ti2_tetraedrico_cc-pvtz-def2-tzv_2.sum

SumViz File:  /home/scratch/M_H2O_4_tetraedrico/Opt/Ti2_tetraedrico_cc-pvtz-def2-tzv_2.sumviz

Wfx Title:   Ti2_tetraedrico_cc-pvtz-def2-tzv_2                                            
 
Total memory allocated for AIMSum =        0.940 Megabytes

Atomic units (a.u.) used throughout, except where stated otherwise

Model:  Unrestricted SCF
 
Unrestricted, single-determinant wavefunction.
  Number of electrons (from MO Occs)                   =          60.0000000000
  Number of Alpha electrons (from MO Occs)             =          31.0000000000
  Number of Beta electrons (from MO Occs)              =          29.0000000000
  Number of electron pairs (N*(N-1)/2)                 =        1770.0000000000
  Number of electron pairs (from Muller 2EDM)          =        1770.0000000000
 
Nuclear Charges and Cartesian Coordinates:
-------------------------------------------------------------------------------
Atom      Charge                X                  Y                  Z
-------------------------------------------------------------------------------
Ti1       22.0           1.1731847461E-05   3.5549506380E-05  -3.7890228143E-05
O2         8.0          -1.7923196555E+00  -2.4913497107E+00   2.1401846130E+00
H3         1.0          -3.4105429842E+00  -3.3018116561E+00   1.7365881305E+00
O4         8.0           1.7897514527E+00   2.4584493374E+00   2.1801084979E+00
H5         1.0           3.4067118741E+00   3.2781420361E+00   1.7905199316E+00
O6         8.0          -2.4736730089E+00   1.8075150194E+00  -2.1480385062E+00
H7         1.0          -3.2510418040E+00   1.2634599813E+00  -3.7429347079E+00
O8         8.0           2.4762874967E+00  -1.7744735630E+00  -2.1724053719E+00
H9         1.0           3.2903869975E+00  -3.3952207788E+00  -1.7869503170E+00
H10        1.0          -1.2369856731E+00  -3.2842523173E+00   3.7238506447E+00
H11        1.0           1.2333739413E+00   3.2229949314E+00   3.7770806961E+00
H12        1.0          -3.2904623038E+00   3.4211185373E+00  -1.7390508996E+00
H13        1.0           3.2579315724E+00  -1.2063414877E+00  -3.7570637555E+00
 
Some Atomic Properties:
----------------------
  q(A) = Net Charge of Atom A
  L(A) = Lagrangian of Atom A = -(1/4) Times Atomic Integral of the Laplacian of the Electron Density
  K(A) = Electronic Kinetic Energy of Atom A (Hamiltonian Form)
  K_Scaled(A) = K(A) * E(Mol)/K(Mol) = Approximation to Virial-Based Total Energy of Atom A.
  |Mu_Intra(A)| = Magnitude of Intraatomic Dipole Moment of Atom A
--------------------------------------------------------------------------------------------------
Atom A          q(A)              L(A)              K(A)          K_Scaled(A)      |Mu_Intra(A)|
--------------------------------------------------------------------------------------------------
Ti1       1.5907140800E+00 -4.5057759583E-05  8.4859674201E+02 -8.5039490339E+02  5.6824585453E-04
O2       -1.1814812465E+00  8.0291721088E-06  7.5353192329E+01 -7.5512864401E+01  2.0386835458E-01
H3        6.4326082000E-01  3.5112209043E-06  3.3228785125E-01 -3.3299196328E-01  1.2701434635E-01
O4       -1.1815466070E+00 -2.3231490007E-05  7.5353378906E+01 -7.5513051374E+01  2.0388748015E-01
H5        6.4330742138E-01  2.0678985711E-05  3.3227300459E-01 -3.3297708516E-01  1.2700085165E-01
O6       -1.1815716754E+00  1.9442786375E-05  7.5353532683E+01 -7.5513205476E+01  2.0392360495E-01
H7        6.4060418043E-01  1.2589214137E-05  3.3351849318E-01 -3.3422521292E-01  1.2833698213E-01
O8       -1.1815175366E+00 -4.3549468441E-05  7.5353270398E+01 -7.5512942636E+01  2.0387541032E-01
H9        6.4327537704E-01  1.9337296782E-05  3.3229971751E-01 -3.3300385469E-01  1.2701226829E-01
H10       6.4052310529E-01  1.1119425649E-05  3.3352082851E-01 -3.3422755321E-01  1.2832946938E-01
H11       6.4056773046E-01  1.2293763937E-05  3.3352522551E-01 -3.3423195952E-01  1.2833347029E-01
H12       6.4330328889E-01  4.8118767750E-06  3.3226856266E-01 -3.3297263383E-01  1.2701138915E-01
H13       6.4055438223E-01  9.5525643959E-06  3.3350707011E-01 -3.3421376565E-01  1.2832613798E-01
--------------------------------------------------------------------------------------------------
Total     1.9999933202E+00  9.5275887440E-06  1.1526733171E+03 -1.1551158113E+03
 
1st Largest |L(A)| = 4.5057759583E-05, atom Ti1     
2nd Largest |L(A)| = 4.3549468441E-05, atom O8      
 
Molecular charge q(Mol) from the wfx file:   2.0000000000E+00
Molecular energy E(Mol) from the wfx file:  -1.1551158037E+03
Molecular virial ratio (-V(Mol)/T(Mol)) from the wfx file:   2.0021189822E+00
Full molecular virial ratio ((-V(Mol)+W(Mol))/T(Mol)) from the wfx file:   2.0021183422E+00
Note.  K_Scaled(A) = (1+V(Mol)/T(Mol))*K(A) = (E(Mol)/T(Mol))*K(A)
       Only use K_Scaled(A) data with caution.
 
N_AIMInt(SumA)     =         60.000007
N_Analytic(Mol)    =         60.000000
 
G_AIMInt(SumA)     =       1152.673308
G_Analytic(Mol)    =       1152.673310
 
K_AIMInt(SumA)     =       1152.673317
K_Analytic(Mol)    =       1152.673310
 
L_AIMInt(SumA)     =          0.000010
L_Analytic(Mol)    =          0.000000
 
VenT_AIMInt(SumA)  =      -3415.913461
VenT_Analytic(Mol) =      -3415.913319
 
Some Information About the Atomic Calculations:
----------------------------------------------
  Time(sec) = "Elapsed User Time", in Seconds, for Atom A by AIMInt and, if used, by TWOe
  NProc = Number of Processors Used for AIMInt Job
  BIM = Basin Integration Method
  OAQ = Angular Quadrature Outside of Beta Sphere
  ORQ = Multiple of Default for Radial Quadrature Outside of Beta Sphere
  IAQ = Multiple of Default for Angular Quadrature Inside of Beta Sphere
  IRQ = Multiple of Default for Radial Quadrature Inside of Beta Sphere
  MIR = Maximum Integration Radius
------------------------------------------------------------------------------------------------------
Atom A     Time(sec)   NProc      BIM          OAQ                     ORQ      IAQ      IRQ      MIR
------------------------------------------------------------------------------------------------------
Ti1           293        1     Proaim(5)    4500(GS4)                  1.00     1.00     1.00    13.00
O2            200        1     Proaim(5)    4500(GS4)                  1.00     1.00     1.00    13.00
H3             63        1     Proaim(5)    1800(GS4)                  1.00     1.00     1.00    13.00
O4            198        1     Proaim(5)    4500(GS4)                  1.00     1.00     1.00    13.00
H5             64        1     Proaim(5)    1800(GS4)                  1.00     1.00     1.00    13.00
O6            199        1     Proaim(5)    4500(GS4)                  1.00     1.00     1.00    13.00
H7             59        1     Proaim(5)    1800(GS4)                  1.00     1.00     1.00    13.00
O8            200        1     Proaim(5)    4500(GS4)                  1.00     1.00     1.00    13.00
H9             63        1     Proaim(5)    1800(GS4)                  1.00     1.00     1.00    13.00
H10            58        1     Proaim(5)    1800(GS4)                  1.00     1.00     1.00    13.00
H11            59        1     Proaim(5)    1800(GS4)                  1.00     1.00     1.00    13.00
H12            63        1     Proaim(5)    1800(GS4)                  1.00     1.00     1.00    13.00
H13            59        1     Proaim(5)    1800(GS4)                  1.00     1.00     1.00    13.00
------------------------------------------------------------------------------------------------------
Total        1578
Note:  Total wall clock time is less than total of atomic times if more than one atom
       was calculated at a time
 
Electron Density Critical Point Analysis of Molecular Structure:               
---------------------------------------------------------------                
  NACP = Nuclear Attractor Critical Point                                      
  NNACP = Non-Nuclear Attractor Critical Point                                 
  BCP = Bond Critical Point                                                    
  RCP = Ring Critical Point                                                    
  CCP = Cage Critical Point                                                    
  Rho = Electron Density                                                       
  GradRho = Gradient of Electron Density                                       
  HessRho_EigVals = Eigenvalues of the Hessian of Rho, Ascending Order         
  HessRho_EigVecs = Eigenvectors of the Hessian of Rho                         
  DelSqRho = Laplacian of Rho = Trace of Hessian of Rho                        
  Bond Ellipticity = (HessRho_EigVal(1) / HessRho_EigVal(2)) - 1               
  V = Virial Field = Potential Energy Density = Trace of Stress Tensor         
  G = Lagrangian Form of Kinetic Energy Density                                
  K = Hamiltonian Form of Kinetic Energy Density                               
  L = K - G = Lagrangian Density = (-1/4)DelSqRho                              
  Vnuc = Electrostatic Potential from Nuclei                                   
  Ven = Electron-nuclear attractive contribution to Virial Field V             
  Vrep = V - Ven = Repulsive contribution to Virial Field V                    
  DelSqV = Laplacian of V                                                      
  DelSqVen = Laplacian of Ven                                                  
  DelSqVrep = Laplacian of Vrep                                                
  DelSqG = Laplacian of G                                                      
  DelSqK = Laplacian of K                                                      
  Stress_EigVals = Eigenvalues of Stress Tensor, Ascending Order               
  Stress_EigVecs = Eigenvectors of Stress Tensor                               
  -DivStress = Ehrenfest Force Density = Minus Divergence of Stress Tensor     
  ESP = Total Electrostatic Potential                                          
  ESPe = Electrostatic Potential from Electrons                                
  ESPn = Electrostatic Potential from Nuclei                                   
  BP = Bond Path                                                               
  BPL = Bond Path Length                                                       
  GBL = Geometric Bond Length                                                  
  GBL_I = Distance Between Nuclear Attractors                                  
  GBL_II = Distance Between Nuclei                                             
  GBL_III = Sum of Distances Between BCP and Nuclear Attractors                
  GBL_IV = Sum of Distances Between BCP and Nuclei                             

CP# 1      Coords =  1.17318446547019E-05  3.55495054811950E-05 -3.78902281813743E-05
           Type = (3,-3) NACP Ti1
           Rho =  7.0790956864E+03     Rho at Nucleus =  7.0790956864E+03
           GradRho =  2.3576943891E-13 -8.6968930321E-13  7.5442140057E-13
           HessRho_EigVals = -1.0347395619E+09 -1.0347395619E+09 -1.0347395594E+09
           HessRho_EigVec1 = -1.2429799052E-01  9.9217902408E-01  1.1436508319E-02
           HessRho_EigVec2 =  9.9212325440E-01  1.2445499179E-01 -1.4226844333E-02
           HessRho_EigVec3 =  1.5538907075E-02 -9.5780576900E-03  9.9983338771E-01
           DelSqRho = -3.1042186832E+09
           Bond Ellipticity = NA
           V = -7.7621446534E+08
           G =  7.9897270183E+04
           K =  7.7613456807E+08
           L =  7.7605467080E+08
           Vnuc =  2.2000000101E+09
           Ven = -1.5574010582E+13
           Vrep =  1.5573234367E+13
           DelSqV =  1.6411735181E+16
           DelSqVen =  4.6722027472E+29
           DelSqVrep = -4.6722027472E+29
           DelSqG =  1.1345647502E+14
           DelSqK = -1.6525191656E+16
           Stress_EigVals = -2.5873815589E+08 -2.5873815473E+08 -2.5873815472E+08
           Stress_EigVec1 =  7.3406047670E-03 -9.5844042790E-03  9.9992712470E-01
           Stress_EigVec2 =  9.9788865604E-01 -6.4460305389E-02 -7.9434987371E-03
           Stress_EigVec3 =  6.4531741529E-02  9.9787424469E-01  9.0909906799E-03
           -DivStress =  1.5292699340E+04  4.8977402863E+03  2.1144910943E+02
           ESP =  -9.1204892112E+01     ESP at Nucleus =  -9.1204892112E+01
           ESPe = -1.0133032092E+02     ESPe at Nucleus = -1.0133032092E+02
           ESPn =  1.0125428804E+01     ESPn at Nucleus =  1.0125428804E+01

CP# 2      Coords = -1.79232188069742E+00 -2.49135344216804E+00  2.14018708135111E+00
           Type = (3,-3) NACP O2
           Rho =  2.9731668690E+02     Rho at Nucleus =  2.9731667304E+02
           GradRho = -6.4218144691E-12  1.8240507021E-10  2.6018347199E-11
           HessRho_EigVals = -1.1098740147E+06 -1.1098613096E+06 -1.1098394306E+06
           HessRho_EigVec1 =  7.3923076770E-01  9.6812393427E-03  6.7338261464E-01
           HessRho_EigVec2 = -4.7662784693E-01 -6.9888078013E-01  5.3328374314E-01
           HessRho_EigVec3 = -4.7577701460E-01  7.1517265661E-01  5.1201982736E-01
           DelSqRho = -3.3295747549E+06
           Bond Ellipticity = NA
           V = -8.3252986304E+05
           G =  6.8087161489E+01
           K =  8.3246177587E+05
           L =  8.3239368871E+05
           Vnuc =  1.6010353711E+06
           Ven = -4.7601453215E+08
           Vrep =  4.7518200228E+08
           DelSqV =  9.3091599745E+10
           DelSqVen =  5.3307669484E+12
           DelSqVrep = -5.2376753486E+12
           DelSqG =  3.1077956043E+09
           DelSqK = -9.6199395350E+10
           Stress_EigVals = -2.7751452836E+05 -2.7750901800E+05 -2.7750631668E+05
           Stress_EigVec1 = -4.7811765613E-01  7.1183399501E-01  5.1448602551E-01
           Stress_EigVec2 = -4.7443640087E-01 -7.0228108036E-01  5.3076490624E-01
           Stress_EigVec3 =  7.3913030545E-01  9.6771746900E-03  6.7349294269E-01
           -DivStress =  6.7786675213E+04  1.1368314955E+05 -7.5195859113E+04
           ESP =  -2.1935128991E+01     ESP at Nucleus =  -2.1935129123E+01
           ESPe = -3.3659230946E+01     ESPe at Nucleus = -3.3659240143E+01
           ESPn =  1.1724101956E+01     ESPn at Nucleus =  1.1724111020E+01

CP# 3      Coords = -3.36538613281391E+00 -3.27945183582629E+00  1.74778685111213E+00
           Type = (3,-3) NACP H3
           Rho =  3.9915814210E-01     Rho at Nucleus =  3.8991672017E-01
           GradRho =  1.8685102294E-13  9.3023245357E-14  4.6546750829E-14
           HessRho_EigVals = -7.8724770135E+00 -7.8595295171E+00 -6.2169619300E+00
           HessRho_EigVec1 =  9.9768881428E-02 -5.9697534677E-01  7.9603178683E-01
           HessRho_EigVec2 = -4.7526683643E-01  6.7426944279E-01  5.6522752297E-01
           HessRho_EigVec3 =  8.7416680587E-01  4.3471962674E-01  2.1645147640E-01
           DelSqRho = -2.1948968461E+01
           Bond Ellipticity = NA
           V = -5.5415025254E+00
           G =  2.7130205097E-02
           K =  5.5143723203E+00
           L =  5.4872421152E+00
           Vnuc =  3.2673157313E+01
           Ven = -1.3041756770E+01
           Vrep =  7.5002542442E+00
           DelSqV =  1.3332043323E+03
           DelSqVen =  7.1714209937E+02
           DelSqVrep =  6.1606223289E+02
           DelSqG =  1.0266672445E+02
           DelSqK = -1.4358710567E+03
           Stress_EigVals = -1.9918648203E+00 -1.9856622365E+00 -1.5639754686E+00
           Stress_EigVec1 = -4.8204879178E-01  7.2770657054E-01  4.8792633617E-01
           Stress_EigVec2 = -5.0963918865E-02  5.3266937282E-01 -8.4478755805E-01
           Stress_EigVec3 =  8.7466087218E-01  4.3209545988E-01  2.1968584897E-01
           -DivStress = -2.0612381723E+01 -1.0203303500E+01 -5.1161633146E+00
           ESP =  -6.1734594382E-01     ESP at Nucleus =  -6.2001450771E-01
           ESPe = -1.3917766120E+01     ESPe at Nucleus = -1.3738759469E+01
           ESPn =  1.3300420176E+01     ESPn at Nucleus =  1.3118744962E+01

CP# 4      Coords =  1.78975367230524E+00  2.45845302777124E+00  2.18011103086978E+00
           Type = (3,-3) NACP O4
           Rho =  2.9731662518E+02     Rho at Nucleus =  2.9731661133E+02
           GradRho =  6.1362845361E-11 -7.3416744906E-11  1.4039622243E-10
           HessRho_EigVals = -1.1098739350E+06 -1.1098612311E+06 -1.1098393521E+06
           HessRho_EigVec1 =  7.3921250426E-01  2.2457994621E-02 -6.7309769872E-01
           HessRho_EigVec2 =  4.7552919351E-01  6.9032730341E-01  5.4527075869E-01
           HessRho_EigVec3 = -4.7690340705E-01  7.2314856886E-01 -4.9961914264E-01
           DelSqRho = -3.3295745182E+06
           Bond Ellipticity = NA
           V = -8.3252980616E+05
           G =  6.8088303876E+01
           K =  8.3246171786E+05
           L =  8.3239362956E+05
           Vnuc =  1.6012368209E+06
           Ven = -4.7607432771E+08
           Vrep =  4.7524179790E+08
           DelSqV =  9.3091594087E+10
           DelSqVen =  5.3314373115E+12
           DelSqVrep = -5.2383457174E+12
           DelSqG =  3.1077958187E+09
           DelSqK = -9.6199389906E+10
           Stress_EigVals = -2.7751450923E+05 -2.7750899902E+05 -2.7750629792E+05
           Stress_EigVec1 = -4.7922880311E-01  7.1986366358E-01 -5.0213151677E-01
           Stress_EigVec2 =  4.7335296806E-01  6.9375248062E-01  5.4281162779E-01
           Stress_EigVec3 =  7.3910535237E-01  2.2445522875E-02 -6.7321577269E-01
           -DivStress = -6.7617116534E+04 -1.1243357427E+05 -7.7162603918E+04
           ESP =  -2.1935147711E+01     ESP at Nucleus =  -2.1935147844E+01
           ESPe = -3.3659245331E+01     ESPe at Nucleus = -3.3659254528E+01
           ESPn =  1.1724097620E+01     ESPn at Nucleus =  1.1724106684E+01

CP# 5      Coords =  3.36158618288914E+00  3.25552332631805E+00  1.80133347872268E+00
           Type = (3,-3) NACP H5
           Rho =  3.9916705653E-01     Rho at Nucleus =  3.8992443108E-01
           GradRho = -1.7870552043E-13 -9.0759322800E-14  4.2745375382E-14
           HessRho_EigVals = -7.8725588167E+00 -7.8596151556E+00 -6.2168466934E+00
           HessRho_EigVec1 = -1.0064655227E-01  5.8304769621E-01  8.0617966699E-01
           HessRho_EigVec2 = -4.7629802694E-01  6.8317207870E-01 -5.5354864323E-01
           HessRho_EigVec3 =  8.7350470008E-01  4.3969454719E-01 -2.0894555299E-01
           DelSqRho = -2.1949020666E+01
           Bond Ellipticity = NA
           V = -5.5415198547E+00
           G =  2.7132344123E-02
           K =  5.5143875105E+00
           L =  5.4872551664E+00
           Vnuc =  3.2670843592E+01
           Ven = -1.3041124471E+01
           Vrep =  7.4996046160E+00
           DelSqV =  1.3331892671E+03
           DelSqVen =  7.1709302116E+02
           DelSqVrep =  6.1609624590E+02
           DelSqG =  1.0266524511E+02
           DelSqK = -1.4358545122E+03
           Stress_EigVals = -1.9918883277E+00 -1.9856838519E+00 -1.5639476750E+00
           Stress_EigVec1 =  4.8315774585E-01 -7.3523948768E-01  4.7537510282E-01
           Stress_EigVec2 = -5.1765382478E-02  5.1801608043E-01  8.5380307191E-01
           Stress_EigVec3 =  8.7400168066E-01  4.3712954164E-01 -2.1222352844E-01
           -DivStress =  2.0598177076E+01  1.0321569472E+01 -4.9404016787E+00
           ESP =  -6.1736001304E-01     ESP at Nucleus =  -6.2003013089E-01
           ESPe = -1.3916748529E+01     ESPe at Nucleus = -1.3737713790E+01
           ESPn =  1.3299388516E+01     ESPn at Nucleus =  1.3117683659E+01

CP# 6      Coords = -2.47367672251396E+00  1.80751725662726E+00 -2.14804098972560E+00
           Type = (3,-3) NACP O6
           Rho =  2.9731669122E+02     Rho at Nucleus =  2.9731667737E+02
           GradRho = -7.2903953707E-11 -3.4379131486E-11  1.1734314215E-10
           HessRho_EigVals = -1.1098743006E+06 -1.1098615952E+06 -1.1098397218E+06
           HessRho_EigVec1 = -1.7166608010E-02  7.3394111528E-01  6.7899613171E-01
           HessRho_EigVec2 = -6.9470888026E-01  4.7964522513E-01 -5.3602241530E-01
           HessRho_EigVec3 =  7.1908614175E-01  4.8090632904E-01 -5.0164152881E-01
           DelSqRho = -3.3295756176E+06
           Bond Ellipticity = NA
           V = -8.3253008180E+05
           G =  6.8088701421E+01
           K =  8.3246199310E+05
           L =  8.3239390440E+05
           Vnuc =  1.6011775005E+06
           Ven = -4.7605679649E+08
           Vrep =  4.7522426641E+08
           DelSqV =  9.3091625319E+10
           DelSqVen =  5.3312415631E+12
           DelSqVrep = -5.2381499378E+12
           DelSqG =  3.1077971862E+09
           DelSqK = -9.6199422505E+10
           Stress_EigVals = -2.7751460027E+05 -2.7750909146E+05 -2.7750639008E+05
           Stress_EigVec1 =  7.1574179018E-01  4.8327820654E-01 -5.0413873574E-01
           Stress_EigVec2 = -6.9815378966E-01  4.7740010312E-01 -5.3354515042E-01
           Stress_EigVec3 = -1.7174858978E-02  7.3384692997E-01  6.7909771579E-01
           -DivStress =  1.1313930827E+05 -6.8151392183E+04  7.5657515492E+04
           ESP =  -2.1935143959E+01     ESP at Nucleus =  -2.1935144091E+01
           ESPe = -3.3659281567E+01     ESPe at Nucleus = -3.3659290762E+01
           ESPn =  1.1724137608E+01     ESPn at Nucleus =  1.1724146670E+01

CP# 7      Coords = -3.22972548086456E+00  1.27862615655409E+00 -3.69859853767344E+00
           Type = (3,-3) NACP H7
           Rho =  3.9887142456E-01     Rho at Nucleus =  3.8968743073E-01
           GradRho =  2.6158003714E-14  1.8757781786E-14  5.5154990818E-14
           HessRho_EigVals = -7.8638070546E+00 -7.8512172459E+00 -6.2159772404E+00
           HessRho_EigVec1 = -5.9556309763E-01  8.0318499936E-01  1.4087353916E-02
           HessRho_EigVec2 =  6.8721270530E-01  5.1849390138E-01 -5.0882489317E-01
           HessRho_EigVec3 =  4.1598472859E-01  2.9335632093E-01  8.6075477027E-01
           DelSqRho = -2.1931001541E+01
           Bond Ellipticity = NA
           V = -5.5369611806E+00
           G =  2.7105397669E-02
           K =  5.5098557829E+00
           L =  5.4827503852E+00
           Vnuc =  3.2635734665E+01
           Ven = -1.3017461977E+01
           Vrep =  7.4805007967E+00
           DelSqV =  1.3326799494E+03
           DelSqVen =  7.1573434722E+02
           DelSqVrep =  6.1694560221E+02
           DelSqG =  1.0256047831E+02
           DelSqK = -1.4352404277E+03
           Stress_EigVals = -1.9895495762E+00 -1.9833959978E+00 -1.5640156065E+00
           Stress_EigVec1 =  7.2736853447E-01  4.6122636461E-01 -5.0813901214E-01
           Stress_EigVec2 = -5.4783717023E-01  8.3620569218E-01 -2.5188792562E-02
           Stress_EigVec3 =  4.1329099915E-01  2.9669897362E-01  8.6090665526E-01
           -DivStress = -9.7181905302E+00 -6.9203095603E+00 -2.0219150679E+01
           ESP =  -6.1879180234E-01     ESP at Nucleus =  -6.2143748141E-01
           ESPe = -1.3829155540E+01     ESPe at Nucleus = -1.3650105760E+01
           ESPn =  1.3210363738E+01     ESPn at Nucleus =  1.3028668279E+01

CP# 8      Coords =  2.47629121291410E+00 -1.77447576611386E+00 -2.17240788216991E+00
           Type = (3,-3) NACP O8
           Rho =  2.9731666939E+02     Rho at Nucleus =  2.9731665554E+02
           GradRho =  1.7543647091E-11  6.3462839150E-11  7.0186981227E-12
           HessRho_EigVals = -1.1098740302E+06 -1.1098613248E+06 -1.1098394460E+06
           HessRho_EigVec1 =  1.4734853578E-02 -7.4442524867E-01  6.6754320702E-01
           HessRho_EigVec2 = -6.9543756030E-01  4.7206093815E-01  5.4177954040E-01
           HessRho_EigVec3 =  7.1843544165E-01  4.7221766148E-01  5.1074552995E-01
           DelSqRho = -3.3295748011E+06
           Bond Ellipticity = NA
           V = -8.3252987575E+05
           G =  6.8087741104E+01
           K =  8.3246178801E+05
           L =  8.3239370027E+05
           Vnuc =  1.6011127893E+06
           Ven = -4.7603752184E+08
           Vrep =  4.7520499196E+08
           DelSqV =  9.3091601519E+10
           DelSqVen =  5.3310247793E+12
           DelSqVrep = -5.2379331777E+12
           DelSqG =  3.1077958787E+09
           DelSqK = -9.6199397398E+10
           Stress_EigVals = -2.7751453255E+05 -2.7750902230E+05 -2.7750632090E+05
           Stress_EigVec1 =  7.1509711355E-01  4.7454815920E-01  5.1326422318E-01
           Stress_EigVec2 = -6.9886959966E-01  4.6986330124E-01  5.3926780065E-01
           Stress_EigVec3 =  1.4744519799E-02 -7.4433360985E-01  6.6764517252E-01
           -DivStress = -1.1322096321E+05  6.7114035511E+04  7.6470745467E+04
           ESP =  -2.1935146886E+01     ESP at Nucleus =  -2.1935147019E+01
           ESPe = -3.3659220578E+01     ESPe at Nucleus = -3.3659229774E+01
           ESPn =  1.1724073692E+01     ESPn at Nucleus =  1.1724082755E+01

CP# 9      Coords =  3.26792464039223E+00 -3.34998997522215E+00 -1.79764524648509E+00
           Type = (3,-3) NACP H9
           Rho =  3.9918834179E-01     Rho at Nucleus =  3.8994551649E-01
           GradRho = -1.0167170925E-13  2.0756741595E-13 -4.8198370208E-14
           HessRho_EigVals = -7.8730005840E+00 -7.8600513229E+00 -6.2172492717E+00
           HessRho_EigVec1 = -5.9163747047E-01 -1.0643825934E-01  7.9914704560E-01
           HessRho_EigVec2 =  6.7769624935E-01  4.7125335952E-01  5.6448920694E-01
           HessRho_EigVec3 = -4.3668397859E-01  8.7555192198E-01 -2.0667833644E-01
           DelSqRho = -2.1950301179E+01
           Bond Ellipticity = NA
           V = -5.5418462359E+00
           G =  2.7135470647E-02
           K =  5.5147107653E+00
           L =  5.4875752946E+00
           Vnuc =  3.2672720137E+01
           Ven = -1.3042568973E+01
           Vrep =  7.5007227373E+00
           DelSqV =  1.3332720128E+03
           DelSqVen =  7.1717604734E+02
           DelSqVrep =  6.1609596548E+02
           DelSqG =  1.0267174246E+02
           DelSqK = -1.4359437553E+03
           Stress_EigVals = -1.9920009908E+00 -1.9857966235E+00 -1.5640486216E+00
           Stress_EigVec1 =  7.3086419309E-01  4.7870685488E-01  4.8649489036E-01
           Stress_EigVec2 = -5.2669884953E-01 -5.7749666095E-02  8.4808802490E-01
           Stress_EigVec3 = -4.3408046854E-01  8.7607346904E-01 -2.0992718662E-01
           -DivStress =  1.0250739950E+01 -2.0647401058E+01  4.8865119957E+00
           ESP =  -6.1736327562E-01     ESP at Nucleus =  -6.2003385153E-01
           ESPe = -1.3918256718E+01     ESPe at Nucleus = -1.3739236951E+01
           ESPn =  1.3300893442E+01     ESPn at Nucleus =  1.3119203099E+01

CP# 10     Coords = -1.25245949045359E+00 -3.26251277340535E+00  3.67984378881150E+00
           Type = (3,-3) NACP H10
           Rho =  3.9874213637E-01     Rho at Nucleus =  3.8956526744E-01
           GradRho = -1.1062548447E-14  1.5270879179E-14 -3.0452528520E-14
           HessRho_EigVals = -7.8615954669E+00 -7.8490214600E+00 -6.2149584852E+00
           HessRho_EigVec1 =  8.0436017894E-01  5.9399715560E-01  1.3117990349E-02
           HessRho_EigVec2 = -5.1318772919E-01  6.8346732014E-01  5.1914427369E-01
           HessRho_EigVec3 =  2.9940450421E-01 -4.2431097256E-01  8.5458594736E-01
           DelSqRho = -2.1925575412E+01
           Bond Ellipticity = NA
           V = -5.5355579922E+00
           G =  2.7082069569E-02
           K =  5.5084759226E+00
           L =  5.4813938530E+00
           Vnuc =  3.2639066154E+01
           Ven = -1.3014570967E+01
           Vrep =  7.4790129751E+00
           DelSqV =  1.3324242331E+03
           DelSqVen =  7.1563030634E+02
           DelSqVrep =  6.1679392672E+02
           DelSqG =  1.0254129801E+02
           DelSqK = -1.4349655311E+03
           Stress_EigVals = -1.9889750705E+00 -1.9828257516E+00 -1.5637571700E+00
           Stress_EigVec1 = -4.5613474310E-01  7.2334246139E-01  5.1837899232E-01
           Stress_EigVec2 =  8.3682825772E-01  5.4681520181E-01 -2.6675872001E-02
           Stress_EigVec3 =  3.0275330421E-01 -4.2162639696E-01  8.5473482331E-01
           -DivStress =  7.0589102078E+00 -9.9088086529E+00  2.0064106856E+01
           ESP =  -6.1877290524E-01     ESP at Nucleus =  -6.2140866857E-01
           ESPe = -1.3827172426E+01     ESPe at Nucleus = -1.3648197961E+01
           ESPn =  1.3208399520E+01     ESPn at Nucleus =  1.3026789292E+01

CP# 11     Coords =  1.24887994643139E+00  3.20203753194737E+00  3.73269780762792E+00
           Type = (3,-3) NACP H11
           Rho =  3.9882485024E-01     Rho at Nucleus =  3.8964363800E-01
           GradRho =  2.0179062414E-14 -2.7687812980E-14 -5.9890894327E-14
           HessRho_EigVals = -7.8630470014E+00 -7.8504637142E+00 -6.2156882177E+00
           HessRho_EigVec1 =  8.0346991799E-01  5.9533831282E-01 -2.8955446347E-03
           HessRho_EigVec2 = -5.1424071301E-01  6.9155326774E-01 -5.0725788999E-01
           HessRho_EigVec3 = -2.9998763304E-01  4.0905546221E-01  8.6178944578E-01
           DelSqRho = -2.1929198933E+01
           Bond Ellipticity = NA
           V = -5.5364931497E+00
           G =  2.7096708206E-02
           K =  5.5093964415E+00
           L =  5.4822997333E+00
           Vnuc =  3.2637616789E+01
           Ven = -1.3016692628E+01
           Vrep =  7.4801994782E+00
           DelSqV =  1.3326018911E+03
           DelSqVen =  7.1571679126E+02
           DelSqVrep =  6.1688509983E+02
           DelSqG =  1.0255491838E+02
           DelSqK = -1.4351568095E+03
           Stress_EigVals = -1.9893525921E+00 -1.9831997082E+00 -1.5639408494E+00
           Stress_EigVec1 = -4.5730908616E-01  7.3145359988E-01 -5.0581027168E-01
           Stress_EigVec2 = -8.3597699530E-01 -5.4757976098E-01 -3.6039820925E-02
           Stress_EigVec3 = -3.0333292442E-01  4.0636441354E-01  8.6189158273E-01
           -DivStress = -7.0747338374E+00  9.5537593894E+00  2.0238785038E+01
           ESP =  -6.1878866648E-01     ESP at Nucleus =  -6.2143044379E-01
           ESPe = -1.3828817095E+01     ESPe at Nucleus = -1.3649801801E+01
           ESPn =  1.3210028428E+01     ESPn at Nucleus =  1.3028371358E+01

CP# 12     Coords = -3.26792453875213E+00  3.37608332733669E+00 -1.75040402856166E+00
           Type = (3,-3) NACP H12
           Rho =  3.9918007795E-01     Rho at Nucleus =  3.8993673748E-01
           GradRho =  7.8958432674E-14 -1.5950587205E-13 -3.9941628564E-14
           HessRho_EigVals = -7.8727734354E+00 -7.8598232669E+00 -6.2169409931E+00
           HessRho_EigVec1 =  5.8963254137E-01  9.4462834513E-02  8.0212856766E-01
           HessRho_EigVec2 =  6.7851203820E-01  4.8079982944E-01 -5.5538539595E-01
           HessRho_EigVec3 = -4.3812655726E-01  8.7172719179E-01  2.1940105494E-01
           DelSqRho = -2.1949537695E+01
           Bond Ellipticity = NA
           V = -5.5416531708E+00
           G =  2.7134373483E-02
           K =  5.5145187973E+00
           L =  5.4873844238E+00
           Vnuc =  3.2670730337E+01
           Ven = -1.3041504682E+01
           Vrep =  7.4998515115E+00
           DelSqV =  1.3332126509E+03
           DelSqVen =  7.1710742706E+02
           DelSqVrep =  6.1610522383E+02
           DelSqG =  1.0266689968E+02
           DelSqK = -1.4358795506E+03
           Stress_EigVals = -1.9919425184E+00 -1.9857390639E+00 -1.5639715885E+00
           Stress_EigVec1 =  7.3139655064E-01  4.8707064835E-01 -4.7730626355E-01
           Stress_EigVec2 =  5.2475867131E-01  4.5028253232E-02  8.5005928811E-01
           Stress_EigVec3 = -4.3553119590E-01  8.7220103183E-01  2.2266103716E-01
           -DivStress = -1.0284808390E+01  2.0557315705E+01  5.1867831273E+00
           ESP =  -6.1735526678E-01     ESP at Nucleus =  -6.2002645434E-01
           ESPe = -1.3917167283E+01     ESPe at Nucleus = -1.3738127084E+01
           ESPn =  1.3299812016E+01     ESPn at Nucleus =  1.3118100630E+01

CP# 13     Coords =  3.23650326063642E+00 -1.22217217044526E+00 -3.71302714172609E+00
           Type = (3,-3) NACP H13
           Rho =  3.9876078886E-01     Rho at Nucleus =  3.8958245848E-01
           GradRho = -1.5101093119E-14 -1.1843716112E-14  3.3392234290E-14
           HessRho_EigVals = -7.8618888325E+00 -7.8493072333E+00 -6.2150096321E+00
           HessRho_EigVec1 = -5.9465660480E-01  8.0397473894E-01 -2.8533346460E-03
           HessRho_EigVec2 =  6.8662715132E-01  5.0970079788E-01  5.1840934764E-01
           HessRho_EigVec3 = -4.1824236688E-01 -3.0631636552E-01  8.5512783066E-01
           DelSqRho = -2.1926205698E+01
           Bond Ellipticity = NA
           V = -5.5357227867E+00
           G =  2.7085681117E-02
           K =  5.5086371056E+00
           L =  5.4815514245E+00
           Vnuc =  3.2637762952E+01
           Ven = -1.3014660102E+01
           Vrep =  7.4789373149E+00
           DelSqV =  1.3324446111E+03
           DelSqVen =  7.1562230402E+02
           DelSqVrep =  6.1682230710E+02
           DelSqG =  1.0254276464E+02
           DelSqK = -1.4349873758E+03
           Stress_EigVals = -1.9890511079E+00 -1.9829015221E+00 -1.5637701567E+00
           Stress_EigVec1 =  7.2671054814E-01  4.5242297242E-01  5.1691898132E-01
           Stress_EigVec2 = -5.4699773543E-01  8.3631472872E-01  3.7029069146E-02
           Stress_EigVec3 = -4.1555415610E-01 -3.0966292732E-01  8.5523307629E-01
           -DivStress =  9.7671737703E+00  7.2218090444E+00 -2.0078186422E+01
           ESP =  -6.1878571915E-01     ESP at Nucleus =  -6.2142336489E-01
           ESPe = -1.3827188689E+01     ESPe at Nucleus = -1.3648194307E+01
           ESPn =  1.3208402970E+01     ESPn at Nucleus =  1.3026770942E+01

CP# 14     Coords = -9.47849659406081E-01 -1.21497851801433E+00  1.04700633919669E+00
           Type = (3,-1) BCP Ti1 O2
           Rho =  8.5252794901E-02
           GradRho =  4.5883910278E-15  5.8865672753E-15 -4.7036078374E-15
           HessRho_EigVals = -1.1677089519E-01 -1.0128252403E-01  7.2021915987E-01
           HessRho_EigVec1 =  5.0477611469E-01 -7.2752765608E-01 -4.6465533859E-01
           HessRho_EigVec2 =  7.4016329448E-01  8.7751753712E-02  6.6667677868E-01
           HessRho_EigVec3 =  4.4425147332E-01  6.8044334030E-01 -5.8278425604E-01
           DelSqRho =  5.0216574065E-01
           Bond Ellipticity =  1.5292244442E-01
           V = -1.4239353182E-01
           G =  1.3396748349E-01
           K =  8.4260483303E-03
           L = -1.2554143516E-01
           Vnuc =  2.2776240173E+01
           Ven = -1.9417381321E+00
           Vrep =  1.7993446003E+00
           DelSqV = -1.3108570791E+00
           DelSqVen = -1.1437447516E+01
           DelSqVrep =  1.0126590437E+01
           DelSqG =  1.1080699224E+00
           DelSqK =  2.0278715674E-01
           Stress_EigVals = -6.7838165285E-02 -6.7781369102E-02 -6.7739974360E-03
           Stress_EigVec1 = -2.2108209479E-01 -5.3316691302E-01 -8.1661236228E-01
           Stress_EigVec2 =  8.4385976884E-01 -5.2433905192E-01  1.1388261136E-01
           Stress_EigVec3 =  4.8890019217E-01  6.6392891298E-01 -5.6584008395E-01
           -DivStress =  3.0752744523E-02  3.6772174410E-02 -3.2119273663E-02
           ESP =   8.4614402045E-01
           ESPe = -2.1930096153E+01
           ESPn =  2.2776240173E+01
           BPL =  3.7577515639E+00 =  1.8768753102E+00 +  1.8808762537E+00                
           GBL_I =  3.7416629746E+00                                                      
           GBL_II =  3.7416580122E+00                                                     
           GBL_III =  3.7438364249E+00 =  1.8630625378E+00 +  1.8807738871E+00            
           GBL_IV =  3.7438314588E+00 =  1.8630625378E+00 +  1.8807689210E+00             

CP# 15     Coords = -3.09850185717622E+00 -3.14638108843575E+00  1.81375852627333E+00
           Type = (3,-1) BCP O2 H3
           Rho =  3.5138157252E-01
           GradRho =  1.9624059322E-17 -3.4401734933E-16 -9.8879238131E-17
           HessRho_EigVals = -1.7810568683E+00 -1.7489460265E+00  8.9868894766E-01
           HessRho_EigVec1 =  8.4129345247E-02 -5.7123817479E-01  8.1646138974E-01
           HessRho_EigVec2 = -4.7995701812E-01  6.9482603030E-01  5.3559130722E-01
           HessRho_EigVec3 =  8.7324882709E-01  4.3692532003E-01  2.1571451202E-01
           DelSqRho = -2.6313139471E+00
           Bond Ellipticity =  1.8360110227E-02
           V = -7.8425364974E-01
           G =  6.3212581479E-02
           K =  7.2104106826E-01
           L =  6.5782848678E-01
           Vnuc =  1.7362374845E+01
           Ven = -6.1008185757E+00
           Vrep =  5.3165649260E+00
           DelSqV =  1.3173731646E+01
           DelSqVen =  4.5685859085E+01
           DelSqVrep = -3.2512127439E+01
           DelSqG =  5.5410344396E+00
           DelSqK = -1.8714766086E+01
           Stress_EigVals = -4.9877617785E-01 -4.8711861225E-01  2.0164114035E-01
           Stress_EigVec1 = -4.8247118250E-01  7.1839930642E-01  5.0112273406E-01
           Stress_EigVec2 = -6.0277848142E-02  5.4352749941E-01 -8.3722424619E-01
           Stress_EigVec3 =  8.7383530432E-01  4.3414317214E-01  2.1893279107E-01
           -DivStress = -9.8870971522E-01 -4.9220701745E-01 -2.4587023727E-01
           ESP =   2.3222461083E+00
           ESPe = -1.5040128737E+01
           ESPn =  1.7362374845E+01
           BPL =  1.8027085107E+00 =  1.4972787304E+00 +  3.0542978028E-01                
           GBL_I =  1.8026669576E+00                                                      
           GBL_II =  1.8542883884E+00                                                     
           GBL_III =  1.8026681423E+00 =  1.4972384412E+00 +  3.0542970111E-01            
           GBL_IV =  1.8542899277E+00 =  1.4972414768E+00 +  3.5704845094E-01             

CP# 16     Coords =  9.46369771238586E-01  1.19888429116471E+00  1.06672052130110E+00
           Type = (3,-1) BCP O4 Ti1
           Rho =  8.5248344666E-02
           GradRho = -5.4307686820E-16 -7.4037455854E-16 -6.4522226537E-16
           HessRho_EigVals = -1.1673891914E-01 -1.0125425690E-01  7.2020719032E-01
           HessRho_EigVec1 =  5.0485083819E-01 -7.3449467507E-01  4.5347900003E-01
           HessRho_EigVec2 = -7.4042078751E-01 -9.8413101703E-02  6.6489993145E-01
           HessRho_EigVec3 =  4.4373718415E-01  6.7144056603E-01  5.9351906262E-01
           DelSqRho =  5.0221401428E-01
           Bond Ellipticity =  1.5292850603E-01
           V = -1.4238855961E-01
           G =  1.3397103159E-01
           K =  8.4175280211E-03
           L = -1.2555350357E-01
           Vnuc =  2.2776466163E+01
           Ven = -1.9416560378E+00
           Vrep =  1.7992674782E+00
           DelSqV = -1.3110345350E+00
           DelSqVen = -1.1438660503E+01
           DelSqVrep =  1.0127625968E+01
           DelSqG =  1.1082748054E+00
           DelSqK =  2.0275972958E-01
           Stress_EigVals = -6.7835448229E-02 -6.7781451942E-02 -6.7716594417E-03
           Stress_EigVec1 = -2.2095668760E-01 -5.4626493569E-01  8.0794353902E-01
           Stress_EigVec2 = -8.4430604365E-01  5.2181089079E-01  1.2190446636E-01
           Stress_EigVec3 =  4.8818587328E-01  6.5521600582E-01  5.7651239262E-01
           -DivStress = -3.0709394501E-02 -3.6282127468E-02 -3.2727149580E-02
           ESP =   8.4619276200E-01
           ESPe = -2.1930273401E+01
           ESPn =  2.2776466163E+01
           BPL =  3.7576194127E+00 =  1.8809100156E+00 +  1.8767093972E+00                
           GBL_I =  3.7416630031E+00                                                      
