AIMSum (Version 19.02.13, Professional)
Copyright (c) 1997-2019 by Todd A. Keith
AIMSum is a component of the AIMAll package ( http://aim.tkgristmill.com )

TP:  64-bit Linux

Licensed To:  Research Group of Fernando Cortes Guzman, UNAM, fercor@unam.mx

Much of the Quantum Theory of Atoms in Molecules (QTAIM) is described in the book:
  "Atoms in Molecules - A Quantum Theory"
  R.F.W. Bader, Oxford University Press, Oxford, 1990

For additional references see:  http://aim.tkgristmill.com/references.html

Wfx File:  /home/scratch/M_H2O_4_tetraedrico/Opt/Ti3_tetraedrico_cc-pvtz-def2-tzv_1.wfx
Sum File:  /home/scratch/M_H2O_4_tetraedrico/Opt/Ti3_tetraedrico_cc-pvtz-def2-tzv_1.sum

SumViz File:  /home/scratch/M_H2O_4_tetraedrico/Opt/Ti3_tetraedrico_cc-pvtz-def2-tzv_1.sumviz

Wfx Title:   Ti3_tetraedrico_cc-pvtz-def2-tzv_1                                            
 
Total memory allocated for AIMSum =        0.933 Megabytes

Atomic units (a.u.) used throughout, except where stated otherwise

Model:  Unrestricted SCF
 
Unrestricted, single-determinant wavefunction.
  Number of electrons (from MO Occs)                   =          59.0000000000
  Number of Alpha electrons (from MO Occs)             =          30.0000000000
  Number of Beta electrons (from MO Occs)              =          29.0000000000
  Number of electron pairs (N*(N-1)/2)                 =        1711.0000000000
  Number of electron pairs (from Muller 2EDM)          =        1711.0000000000
 
Nuclear Charges and Cartesian Coordinates:
-------------------------------------------------------------------------------
Atom      Charge                X                  Y                  Z
-------------------------------------------------------------------------------
Ti1       22.0           7.0701516836E-06   2.8783692891E-05  -1.9862545629E-05
O2         8.0           1.4792148201E+00   2.6715304340E+00   2.1621614851E+00
H3         1.0           3.2093166342E+00   2.6993700930E+00   2.8940246752E+00
O4         8.0           2.6729002037E+00  -1.4770138087E+00  -2.1619616874E+00
H5         1.0           2.7000796414E+00  -3.2066475862E+00  -2.8947942503E+00
O6         8.0          -1.4784285172E+00  -2.6750283548E+00   2.1582901921E+00
H7         1.0          -3.2086561307E+00  -2.7040016814E+00   2.8897268143E+00
O8         8.0          -2.6736592465E+00   1.4806274500E+00  -2.1585704793E+00
H9         1.0          -2.7000938481E+00   3.2102307773E+00  -2.8916487633E+00
H10        1.0          -5.7963069464E-01  -4.1435076055E+00   2.9101964034E+00
H11        1.0          -4.1437515188E+00   5.8347787679E-01  -2.9093105595E+00
H12        1.0           4.1420411386E+00  -5.7916187764E-01  -2.9136281491E+00
H13        1.0           5.8032115353E-01   4.1386809978E+00   2.9165147216E+00
 
Some Atomic Properties:
----------------------
  q(A) = Net Charge of Atom A
  L(A) = Lagrangian of Atom A = -(1/4) Times Atomic Integral of the Laplacian of the Electron Density
  K(A) = Electronic Kinetic Energy of Atom A (Hamiltonian Form)
  K_Scaled(A) = K(A) * E(Mol)/K(Mol) = Approximation to Virial-Based Total Energy of Atom A.
  |Mu_Intra(A)| = Magnitude of Intraatomic Dipole Moment of Atom A
--------------------------------------------------------------------------------------------------
Atom A          q(A)              L(A)              K(A)          K_Scaled(A)      |Mu_Intra(A)|
--------------------------------------------------------------------------------------------------
Ti1       2.0607743980E+00 -3.8485629576E-05  8.4813391736E+02 -8.5025578748E+02  3.6169106389E-04
O2       -1.1723387254E+00 -6.9442812164E-06  7.5304081724E+01 -7.5492478247E+01  1.4750057999E-01
H3        7.0356192144E-01  9.6630356056E-06  2.8835483780E-01 -2.8907624689E-01  1.0372150207E-01
O4       -1.1723786519E+00 -2.8050864921E-05  7.5304145903E+01 -7.5492542586E+01  1.4741912219E-01
H5        7.0350753434E-01  9.0737596981E-06  2.8840485630E-01 -2.8912639052E-01  1.0374550316E-01
O6       -1.1723755855E+00 -3.9310307206E-05  7.5304091055E+01 -7.5492487601E+01  1.4743550301E-01
H7        7.0354270091E-01  5.8431106651E-06  2.8837125736E-01 -2.8909270753E-01  1.0373711245E-01
O8       -1.1723496100E+00 -1.7186456181E-05  7.5304068476E+01 -7.5492464966E+01  1.4745577736E-01
H9        7.0354178010E-01  8.8626936176E-06  2.8837154047E-01 -2.8909299134E-01  1.0373054357E-01
H10       7.0360628794E-01  1.0424970823E-05  2.8832309954E-01 -2.8904442923E-01  1.0371156716E-01
H11       7.0360267049E-01  6.4507413937E-06  2.8832097016E-01 -2.8904229451E-01  1.0371976331E-01
H12       7.0365210121E-01  1.0491940393E-05  2.8829350094E-01 -2.8901475657E-01  1.0370125471E-01
H13       7.0358201483E-01  8.1773195982E-06  2.8834123296E-01 -2.8906260801E-01  1.0372667917E-01
--------------------------------------------------------------------------------------------------
Total     2.9999288365E+00 -6.0989967306E-05  1.1516570858E+03 -1.1545383133E+03
 
1st Largest |L(A)| = 3.9310307206E-05, atom O6      
2nd Largest |L(A)| = 3.8485629576E-05, atom Ti1     
 
Molecular charge q(Mol) from the wfx file:   3.0000000000E+00
Molecular energy E(Mol) from the wfx file:  -1.1545383267E+03
Molecular virial ratio (-V(Mol)/T(Mol)) from the wfx file:   2.0025018102E+00
Full molecular virial ratio ((-V(Mol)+W(Mol))/T(Mol)) from the wfx file:   2.0025025043E+00
Note.  K_Scaled(A) = (1+V(Mol)/T(Mol))*K(A) = (E(Mol)/T(Mol))*K(A)
       Only use K_Scaled(A) data with caution.
 
N_AIMInt(SumA)     =         59.000071
N_Analytic(Mol)    =         59.000000
 
G_AIMInt(SumA)     =       1151.657147
G_Analytic(Mol)    =       1151.657099
 
K_AIMInt(SumA)     =       1151.657086
K_Analytic(Mol)    =       1151.657099
 
L_AIMInt(SumA)     =         -0.000061
L_Analytic(Mol)    =          0.000000
 
VenT_AIMInt(SumA)  =      -3397.447856
VenT_Analytic(Mol) =      -3397.446804
 
Some Information About the Atomic Calculations:
----------------------------------------------
  Time(sec) = "Elapsed User Time", in Seconds, for Atom A by AIMInt and, if used, by TWOe
  NProc = Number of Processors Used for AIMInt Job
  BIM = Basin Integration Method
  OAQ = Angular Quadrature Outside of Beta Sphere
  ORQ = Multiple of Default for Radial Quadrature Outside of Beta Sphere
  IAQ = Multiple of Default for Angular Quadrature Inside of Beta Sphere
  IRQ = Multiple of Default for Radial Quadrature Inside of Beta Sphere
  MIR = Maximum Integration Radius
------------------------------------------------------------------------------------------------------
Atom A     Time(sec)   NProc      BIM          OAQ                     ORQ      IAQ      IRQ      MIR
------------------------------------------------------------------------------------------------------
Ti1           347        1     Proaim(5)    4500(GS4)                  1.00     1.00     1.00    13.00
O2            194        1     Proaim(5)    4500(GS4)                  1.00     1.00     1.00    13.00
H3             62        1     Proaim(5)    1800(GS4)                  1.00     1.00     1.00    13.00
O4            192        1     Proaim(5)    4500(GS4)                  1.00     1.00     1.00    13.00
H5             62        1     Proaim(5)    1800(GS4)                  1.00     1.00     1.00    13.00
O6            192        1     Proaim(5)    4500(GS4)                  1.00     1.00     1.00    13.00
H7             62        1     Proaim(5)    1800(GS4)                  1.00     1.00     1.00    13.00
O8            192        1     Proaim(5)    4500(GS4)                  1.00     1.00     1.00    13.00
H9             62        1     Proaim(5)    1800(GS4)                  1.00     1.00     1.00    13.00
H10            61        1     Proaim(5)    1800(GS4)                  1.00     1.00     1.00    13.00
H11            61        1     Proaim(5)    1800(GS4)                  1.00     1.00     1.00    13.00
H12            62        1     Proaim(5)    1800(GS4)                  1.00     1.00     1.00    13.00
H13            62        1     Proaim(5)    1800(GS4)                  1.00     1.00     1.00    13.00
------------------------------------------------------------------------------------------------------
Total        1611
Note:  Total wall clock time is less than total of atomic times if more than one atom
       was calculated at a time
 
Electron Density Critical Point Analysis of Molecular Structure:               
---------------------------------------------------------------                
  NACP = Nuclear Attractor Critical Point                                      
  NNACP = Non-Nuclear Attractor Critical Point                                 
  BCP = Bond Critical Point                                                    
  RCP = Ring Critical Point                                                    
  CCP = Cage Critical Point                                                    
  Rho = Electron Density                                                       
  GradRho = Gradient of Electron Density                                       
  HessRho_EigVals = Eigenvalues of the Hessian of Rho, Ascending Order         
  HessRho_EigVecs = Eigenvectors of the Hessian of Rho                         
  DelSqRho = Laplacian of Rho = Trace of Hessian of Rho                        
  Bond Ellipticity = (HessRho_EigVal(1) / HessRho_EigVal(2)) - 1               
  V = Virial Field = Potential Energy Density = Trace of Stress Tensor         
  G = Lagrangian Form of Kinetic Energy Density                                
  K = Hamiltonian Form of Kinetic Energy Density                               
  L = K - G = Lagrangian Density = (-1/4)DelSqRho                              
  Vnuc = Electrostatic Potential from Nuclei                                   
  Ven = Electron-nuclear attractive contribution to Virial Field V             
  Vrep = V - Ven = Repulsive contribution to Virial Field V                    
  DelSqV = Laplacian of V                                                      
  DelSqVen = Laplacian of Ven                                                  
  DelSqVrep = Laplacian of Vrep                                                
  DelSqG = Laplacian of G                                                      
  DelSqK = Laplacian of K                                                      
  Stress_EigVals = Eigenvalues of Stress Tensor, Ascending Order               
  Stress_EigVecs = Eigenvectors of Stress Tensor                               
  -DivStress = Ehrenfest Force Density = Minus Divergence of Stress Tensor     
  ESP = Total Electrostatic Potential                                          
  ESPe = Electrostatic Potential from Electrons                                
  ESPn = Electrostatic Potential from Nuclei                                   
  BP = Bond Path                                                               
  BPL = Bond Path Length                                                       
  GBL = Geometric Bond Length                                                  
  GBL_I = Distance Between Nuclear Attractors                                  
  GBL_II = Distance Between Nuclei                                             
  GBL_III = Sum of Distances Between BCP and Nuclear Attractors                
  GBL_IV = Sum of Distances Between BCP and Nuclei                             

CP# 1      Coords =  7.07015023668100E-06  2.87836926857240E-05 -1.98625462488991E-05
           Type = (3,-3) NACP Ti1
           Rho =  7.0804350818E+03     Rho at Nucleus =  7.0804350818E+03
           GradRho = -3.7536293518E-13 -7.7020854972E-13  9.3277035401E-13
           HessRho_EigVals = -1.0349377747E+09 -1.0349377746E+09 -1.0349376688E+09
           HessRho_EigVec1 =  9.4727806381E-01  3.2041264774E-01 -7.0636514620E-05
           HessRho_EigVec2 = -3.2041252473E-01  9.4727785330E-01  6.9472564153E-04
           HessRho_EigVec3 =  2.8951128819E-04 -6.3546553660E-04  9.9999975618E-01
           DelSqRho = -3.1048132181E+09
           Bond Ellipticity = NA
           V = -7.7636350549E+08
           G =  8.0100483575E+04
           K =  7.7628340500E+08
           L =  7.7620330452E+08
           Vnuc =  2.2000000101E+09
           Ven = -1.5576957252E+13
           Vrep =  1.5576180888E+13
           DelSqV =  1.6414880850E+16
           DelSqVen =  4.6730870363E+29
           DelSqVrep = -4.6730870363E+29
           DelSqG =  1.1347852698E+14
           DelSqK = -1.6528359377E+16
           Stress_EigVals = -2.5878784835E+08 -2.5878782857E+08 -2.5878782856E+08
           Stress_EigVec1 =  3.9328865360E-04 -6.1585605702E-04  9.9999973302E-01
           Stress_EigVec2 = -4.1773140264E-01  9.0857027868E-01  7.2383772352E-04
           Stress_EigVec3 =  9.0857048190E-01  4.1773157579E-01 -1.0006796708E-04
           -DivStress =  7.8860356800E+03  1.1163898379E+03  3.3762212874E+03
           ESP =  -9.0834579406E+01     ESP at Nucleus =  -9.0834579406E+01
           ESPe = -1.0095687993E+02     ESPe at Nucleus = -1.0095687993E+02
           ESPn =  1.0122300520E+01     ESPn at Nucleus =  1.0122300520E+01

CP# 2      Coords =  1.47921596897587E+00  2.67153249017098E+00  2.16216411663793E+00
           Type = (3,-3) NACP O2
           Rho =  2.9724197891E+02     Rho at Nucleus =  2.9724197199E+02
           GradRho = -2.1151191909E-11  5.4720894482E-11  1.2028267271E-10
           HessRho_EigVals = -1.1095454613E+06 -1.1095371389E+06 -1.1095161148E+06
           HessRho_EigVec1 =  8.7720781735E-01 -4.8005317423E-01 -7.4427882177E-03
           HessRho_EigVec2 =  3.8318116650E-01  6.9068370581E-01  6.1329292525E-01
           HessRho_EigVec3 = -2.8927260295E-01 -5.4083728463E-01  7.8982048133E-01
           DelSqRho = -3.3285987150E+06
           Bond Ellipticity = NA
           V = -8.3228556324E+05
           G =  6.7942243895E+01
           K =  8.3221762099E+05
           L =  8.3214967875E+05
           Vnuc =  2.2652281828E+06
           Ven = -6.7332090775E+08
           Vrep =  6.7248862219E+08
           DelSqV =  9.3064228284E+10
           DelSqVen =  7.5400355717E+12
           DelSqVrep = -7.4469713434E+12
           DelSqG =  3.1067506139E+09
           DelSqK = -9.6170978897E+10
           Stress_EigVals = -2.7743248274E+05 -2.7742743445E+05 -2.7742564605E+05
           Stress_EigVec1 = -2.9083738590E-01 -5.4367526370E-01  7.8729335232E-01
           Stress_EigVec2 =  3.8193320065E-01  6.8848584883E-01  6.1653407546E-01
           Stress_EigVec3 =  8.7723465801E-01 -4.8000462872E-01 -7.4102090811E-03
           -DivStress = -3.4980688963E+04 -6.2606681702E+04 -8.0134194466E+04
           ESP =  -2.1703072122E+01     ESP at Nucleus =  -2.1703072205E+01
           ESPe = -3.3412894418E+01     ESPe at Nucleus = -3.3412900818E+01
           ESPn =  1.1709822296E+01     ESPn at Nucleus =  1.1709828613E+01

CP# 3      Coords =  3.15901706592808E+00  2.69791211507978E+00  2.87256313829296E+00
           Type = (3,-3) NACP H3
           Rho =  3.7225252382E-01     Rho at Nucleus =  3.6272147824E-01
           GradRho = -3.2217828232E-11 -9.0089220806E-13 -1.3745059778E-11
           HessRho_EigVals = -7.2925185305E+00 -7.2848749872E+00 -5.6241693344E+00
           HessRho_EigVec1 = -2.5628574523E-01  7.9322778133E-01  5.5236519054E-01
           HessRho_EigVec2 = -2.9755157714E-01 -6.0844423312E-01  7.3570284363E-01
           HessRho_EigVec3 =  9.1966334913E-01  2.4193017940E-02  3.9196176108E-01
           DelSqRho = -2.0201562852E+01
           Bond Ellipticity = NA
           V = -5.0970010755E+00
           G =  2.3305181227E-02
           K =  5.0736958942E+00
           L =  5.0503907130E+00
           Vnuc =  3.1470703960E+01
           Ven = -1.1715048975E+01
           Vrep =  6.6180478999E+00
           DelSqV =  1.2119100846E+03
           DelSqVen =  6.3575740407E+02
           DelSqVrep =  5.7615268056E+02
           DelSqG =  9.3409744448E+01
           DelSqK = -1.3053198291E+03
           Stress_EigVals = -1.8444751886E+00 -1.8384860160E+00 -1.4140398708E+00
           Stress_EigVec1 = -3.1975169338E-01 -5.3127417456E-01  7.8454229079E-01
           Stress_EigVec2 =  2.2500521672E-01 -8.4690190744E-01 -4.8179851766E-01
           Stress_EigVec3 =  9.2039747231E-01  2.2470216280E-02  3.9033777981E-01
           -DivStress =  2.1107687912E+01  6.1068418231E-01  9.0027643577E+00
           ESP =  -3.9435514961E-01     ESP at Nucleus =  -3.9699616756E-01
           ESPe = -1.3585599981E+01     ESPe at Nucleus = -1.3398412171E+01
           ESPn =  1.3191244831E+01     ESPn at Nucleus =  1.3001416003E+01

CP# 4      Coords =  2.67290226345104E+00 -1.47701496056523E+00 -2.16196431357816E+00
           Type = (3,-3) NACP O4
           Rho =  2.9724192144E+02     Rho at Nucleus =  2.9724191452E+02
           GradRho = -1.6234635858E-10 -1.7932877405E-11  1.9170687260E-10
           HessRho_EigVals = -1.1095453222E+06 -1.1095370009E+06 -1.1095159751E+06
           HessRho_EigVec1 =  4.8111452347E-01  8.7663462703E-01 -6.3675739458E-03
           HessRho_EigVec2 =  6.9091146666E-01 -3.8363677405E-01 -6.1275131239E-01
           HessRho_EigVec3 =  5.3960185372E-01 -2.9040412581E-01  7.9025013962E-01
           DelSqRho = -3.3285982982E+06
           Bond Ellipticity = NA
           V = -8.3228546012E+05
           G =  6.7942782536E+01
           K =  8.3221751733E+05
           L =  8.3214957455E+05
           Vnuc =  2.2658054391E+06
           Ven = -6.7349236233E+08
           Vrep =  6.7266007687E+08
           DelSqV =  9.3064217145E+10
           DelSqVen =  7.5419561288E+12
           DelSqVrep = -7.4488919116E+12
           DelSqG =  3.1067504431E+09
           DelSqK = -9.6170967588E+10
           Stress_EigVals = -2.7743244859E+05 -2.7742739984E+05 -2.7742561169E+05
           Stress_EigVec1 =  5.4241206109E-01 -2.9195674300E-01  7.8775022450E-01
           Stress_EigVec2 =  6.8879422365E-01 -3.8229855713E-01 -6.1596292963E-01
           Stress_EigVec3 =  4.8099030495E-01  8.7670352653E-01 -6.2652301898E-03
           -DivStress = -6.2716031349E+04  3.5074240962E+04  7.9970798005E+04
           ESP =  -2.1703073455E+01     ESP at Nucleus =  -2.1703073538E+01
           ESPe = -3.3412929925E+01     ESPe at Nucleus = -3.3412936326E+01
           ESPn =  1.1709856470E+01     ESPn at Nucleus =  1.1709862789E+01

CP# 5      Coords =  2.69864058965955E+00 -3.15636115343421E+00 -2.87330344000763E+00
           Type = (3,-3) NACP H5
           Rho =  3.7230207142E-01     Rho at Nucleus =  3.6277009579E-01
           GradRho = -8.8501428408E-13  3.1975502975E-11  1.3665504492E-11
           HessRho_EigVals = -7.2934838372E+00 -7.2858468206E+00 -5.6249731657E+00
           HessRho_EigVec1 =  7.9439755803E-01  2.5577997098E-01 -5.5091662367E-01
           HessRho_EigVec2 =  6.0692993549E-01 -2.9866223011E-01  7.3650317427E-01
           HessRho_EigVec3 = -2.3844773107E-02  9.1944411399E-01  3.9249706756E-01
           DelSqRho = -2.0204303824E+01
           Bond Ellipticity = NA
           V = -5.0976987027E+00
           G =  2.3311373413E-02
           K =  5.0743873293E+00
           L =  5.0510759559E+00
           Vnuc =  3.1472422289E+01
           Ven = -1.1717248011E+01
           Vrep =  6.6195493080E+00
           DelSqV =  1.2120787150E+03
           DelSqVen =  6.3587838201E+02
           DelSqVrep =  5.7620033300E+02
           DelSqG =  9.3422683022E+01
           DelSqK = -1.3055013980E+03
           Stress_EigVals = -1.8447242772E+00 -1.8387311959E+00 -1.4142432297E+00
           Stress_EigVec1 =  5.3009322974E-01 -3.2069797166E-01  7.8495476224E-01
           Stress_EigVec2 = -8.4765093503E-01 -2.2456090282E-01  4.8068731340E-01
           Stress_EigVec3 = -2.2114703675E-02  9.2017672862E-01  3.9087814979E-01
           -DivStress =  6.0280303127E-01 -2.1105013571E+01 -9.0162767872E+00
           ESP =  -3.9437271331E-01     ESP at Nucleus =  -3.9701552790E-01
           ESPe = -1.3586973303E+01     ESPe at Nucleus = -1.3399790843E+01
           ESPn =  1.3192600590E+01     ESPn at Nucleus =  1.3002775315E+01

CP# 6      Coords = -1.47842966742981E+00 -2.67503041582345E+00  2.15829281851043E+00
           Type = (3,-3) NACP O6
           Rho =  2.9724192237E+02     Rho at Nucleus =  2.9724191545E+02
           GradRho = -9.3774876753E-11 -1.2052647769E-10 -2.1766299874E-10
           HessRho_EigVals = -1.1095452841E+06 -1.1095369590E+06 -1.1095159359E+06
           HessRho_EigVec1 =  8.7716442707E-01 -4.8014179112E-01  6.8138311198E-03
           HessRho_EigVec2 =  3.8334809961E-01  6.9164684802E-01 -6.1210201124E-01
           HessRho_EigVec3 =  2.8918299121E-01  5.3952617921E-01  7.9074945434E-01
           DelSqRho = -3.3285981791E+06
           Bond Ellipticity = NA
           V = -8.3228542982E+05
           G =  6.7942522671E+01
           K =  8.3221748729E+05
           L =  8.3214954477E+05
           Vnuc =  2.2655892681E+06
           Ven = -6.7342810934E+08
           Vrep =  6.7259582391E+08
           DelSqV =  9.3064213577E+10
           DelSqVen =  7.5412363264E+12
           DelSqVrep = -7.4481721128E+12
           DelSqG =  3.1067502080E+09
           DelSqK = -9.6170963785E+10
           Stress_EigVals = -2.7743243832E+05 -2.7742739025E+05 -2.7742560125E+05
           Stress_EigVec1 =  2.9074223007E-01  5.4235669699E-01  7.8823738105E-01
           Stress_EigVec2 =  3.8207624288E-01  6.8947924042E-01 -6.1533415447E-01
           Stress_EigVec3 =  8.7720391032E-01 -4.8007040136E-01  6.7608771352E-03
           -DivStress =  3.5022214878E+04  6.2755238348E+04 -7.9976670295E+04
           ESP =  -2.1703056861E+01     ESP at Nucleus =  -2.1703056943E+01
           ESPe = -3.3412938283E+01     ESPe at Nucleus = -3.3412944683E+01
           ESPn =  1.1709881422E+01     ESPn at Nucleus =  1.1709887739E+01

CP# 7      Coords = -3.15835180797931E+00 -2.70251098897709E+00  2.86827788932667E+00
           Type = (3,-3) NACP H7
           Rho =  3.7227325005E-01     Rho at Nucleus =  3.6274160093E-01
           GradRho =  3.2310190114E-11  9.2703796029E-13 -1.3774112927E-11
           HessRho_EigVals = -7.2929059458E+00 -7.2852629738E+00 -5.6244533157E+00
           HessRho_EigVec1 = -2.5602000499E-01  7.9437446825E-01 -5.5083841664E-01
           HessRho_EigVec2 =  2.9752370194E-01  6.0692221856E-01  7.3697019438E-01
           HessRho_EigVec3 =  9.1974638016E-01  2.4791627952E-02 -3.9172946195E-01
           DelSqRho = -2.0202622235E+01
           Bond Ellipticity = NA
           V = -5.0972713436E+00
           G =  2.3307892411E-02
           K =  5.0739634512E+00
           L =  5.0506555588E+00
           Vnuc =  3.1471224843E+01
           Ven = -1.1715895155E+01
           Vrep =  6.6186238117E+00
           DelSqV =  1.2119716253E+03
           DelSqVen =  6.3580126680E+02
           DelSqVrep =  5.7617035847E+02
           DelSqG =  9.3414421283E+01
           DelSqK = -1.3053860466E+03
           Stress_EigVals = -1.8445751594E+00 -1.8385846439E+00 -1.4141115404E+00
           Stress_EigVec1 = -3.1959516886E-01 -5.3004470827E-01 -7.8543716189E-01
           Stress_EigVec2 = -2.2488950273E-01  8.4765600125E-01 -4.8052472892E-01
           Stress_EigVec3 =  9.2048011364E-01  2.3063190882E-02 -3.9010825372E-01
           -DivStress = -2.1110777927E+01 -6.2443192369E-01  8.9979444045E+00
           ESP =  -3.9434378281E-01     ESP at Nucleus =  -3.9698565850E-01
           ESPe = -1.3586212095E+01     ESPe at Nucleus = -1.3399023760E+01
           ESPn =  1.3191868313E+01     ESPn at Nucleus =  1.3002038102E+01

CP# 8      Coords = -2.67366130597557E+00  1.48062860093686E+00 -2.15857310689448E+00
           Type = (3,-3) NACP O8
           Rho =  2.9724193799E+02     Rho at Nucleus =  2.9724193107E+02
           GradRho = -6.6254113307E-11  1.8443135907E-11 -2.3675661431E-10
           HessRho_EigVals = -1.1095453097E+06 -1.1095369856E+06 -1.1095159619E+06
           HessRho_EigVec1 =  4.8163840218E-01  8.7635018127E-01  5.8999439705E-03
           HessRho_EigVec2 =  6.9115856770E-01 -3.8397982988E-01  6.1225756389E-01
           HessRho_EigVec3 = -5.3881748658E-01  2.9080895797E-01  7.9063636782E-01
           DelSqRho = -3.3285982572E+06
           Bond Ellipticity = NA
           V = -8.3228544893E+05
           G =  6.7942315488E+01
           K =  8.3221750661E+05
           L =  8.3214956430E+05
           Vnuc =  2.2654557677E+06
           Ven = -6.7338846281E+08
           Vrep =  6.7255617737E+08
           DelSqV =  9.3064215560E+10
           DelSqVen =  7.5407921070E+12
           DelSqVrep = -7.4477278914E+12
           DelSqG =  3.1067501881E+09
           DelSqK = -9.6170965748E+10
           Stress_EigVals = -2.7743244473E+05 -2.7742739648E+05 -2.7742560772E+05
           Stress_EigVec1 = -5.4164915942E-01  2.9237684706E-01  7.8811925963E-01
           Stress_EigVec2 =  6.8898819826E-01 -3.8270277095E-01  6.1549480239E-01
           Stress_EigVec3 =  4.8157185420E-01  8.7638711105E-01  5.8464371237E-03
           -DivStress =  6.2708709106E+04 -3.5044597073E+04  8.0011892830E+04
           ESP =  -2.1703066221E+01     ESP at Nucleus =  -2.1703066303E+01
           ESPe = -3.3412897352E+01     ESPe at Nucleus = -3.3412903751E+01
           ESPn =  1.1709831131E+01     ESPn at Nucleus =  1.1709837448E+01

CP# 9      Coords = -2.69867672478792E+00  3.15994564508042E+00 -2.87015255108031E+00
           Type = (3,-3) NACP H9
           Rho =  3.7226318960E-01     Rho at Nucleus =  3.6273207631E-01
           GradRho =  8.6923350462E-13 -3.1952372605E-11  1.3659298519E-11
           HessRho_EigVals = -7.2927384028E+00 -7.2850988100E+00 -5.6243817437E+00
           HessRho_EigVec1 =  7.9456704383E-01  2.5546754506E-01  5.5081716230E-01
           HessRho_EigVec2 = -6.0672364266E-01  2.9903430843E-01  7.3652216791E-01
           HessRho_EigVec3 = -2.3444280919E-02  9.1941003682E-01 -3.9260100598E-01
           DelSqRho = -2.0202218956E+01
           Bond Ellipticity = NA
           V = -5.0971665598E+00
           G =  2.3305910321E-02
           K =  5.0738606494E+00
           L =  5.0505547391E+00
           Vnuc =  3.1471488299E+01
           Ven = -1.1715676615E+01
           Vrep =  6.6185100557E+00
           DelSqV =  1.2119526399E+03
           DelSqVen =  6.3579389752E+02
           DelSqVrep =  5.7615874242E+02
           DelSqG =  9.3413069946E+01
           DelSqK = -1.3053657099E+03
           Stress_EigVals = -1.8445320015E+00 -1.8385409754E+00 -1.4140935828E+00
           Stress_EigVec1 =  5.2918499384E-01 -3.2121983404E-01 -7.8535409881E-01
           Stress_EigVec2 =  8.4822858591E-01  2.2395485681E-01  4.7995050595E-01
           Stress_EigVec3 = -2.1714242875E-02  9.2014240220E-01 -3.9098139511E-01
           -DivStress = -5.9354472812E-01  2.1102307509E+01 -9.0176077163E+00
           ESP =  -3.9435921285E-01     ESP at Nucleus =  -3.9700037542E-01
           ESPe = -1.3586144290E+01     ESPe at Nucleus = -1.3398961956E+01
           ESPn =  1.3191785077E+01     ESPn at Nucleus =  1.3001961581E+01

CP# 10     Coords = -6.05216557369771E-01 -4.10046571044527E+00  2.88815118498999E+00
           Type = (3,-3) NACP H10
           Rho =  3.7224301212E-01     Rho at Nucleus =  3.6271110048E-01
           GradRho = -6.0767363363E-15  1.0598726757E-14 -4.9795237378E-15
           HessRho_EigVals = -7.2921584027E+00 -7.2845463029E+00 -5.6236884455E+00
           HessRho_EigVec1 = -8.1370458973E-01 -2.0860641527E-01  5.4255709761E-01
           HessRho_EigVec2 =  3.4224347751E-01  5.8251774841E-01  7.3725333156E-01
           HessRho_EigVec3 = -4.6984491352E-01  7.8559304751E-01 -4.0260318048E-01
           DelSqRho = -2.0200393151E+01
           Bond Ellipticity = NA
           V = -5.0967039861E+00
           G =  2.3302849187E-02
           K =  5.0734011369E+00
           L =  5.0500982877E+00
           Vnuc =  3.1467505540E+01
           Ven = -1.1713559046E+01
           Vrep =  6.6168550600E+00
           DelSqV =  1.2118158348E+03
           DelSqVen =  6.3565598340E+02
           DelSqVrep =  5.7615985144E+02
           DelSqG =  9.3401618941E+01
           DelSqK = -1.3052174538E+03
           Stress_EigVals = -1.8443895381E+00 -1.8383944252E+00 -1.4139200228E+00
           Stress_EigVec1 =  2.6499002734E-01  5.6001938609E-01  7.8495768842E-01
           Stress_EigVec2 = -8.4099035668E-01 -2.6401302921E-01  4.7226299916E-01
           Stress_EigVec3 = -4.7171549198E-01  7.8528683142E-01 -4.0101008343E-01
           -DivStress =  1.0737189858E+01 -1.8060379701E+01  9.2471469338E+00
           ESP =  -3.9435839944E-01     ESP at Nucleus =  -3.9700023369E-01
           ESPe = -1.3583818382E+01     ESPe at Nucleus = -1.3396593829E+01
           ESPn =  1.3189459983E+01     ESPn at Nucleus =  1.2999593595E+01

CP# 11     Coords = -4.10066366592745E+00  6.09014927864318E-01 -2.88729988164646E+00
           Type = (3,-3) NACP H11
           Rho =  3.7223792301E-01     Rho at Nucleus =  3.6270629877E-01
           GradRho =  9.6885390335E-15  6.9753230969E-15  4.6126297226E-15
           HessRho_EigVals = -7.2920719009E+00 -7.2844587169E+00 -5.6236442103E+00
           HessRho_EigVec1 =  2.0761315098E-01 -8.1364080183E-01  5.4303353960E-01
           HessRho_EigVec2 = -5.8172499589E-01  3.4360920562E-01  7.3724401861E-01
           HessRho_EigVec3 =  7.8644313761E-01  4.6895773733E-01  4.0197740222E-01
           DelSqRho = -2.0200174828E+01
           Bond Ellipticity = NA
           V = -5.0966486149E+00
           G =  2.3302453923E-02
           K =  5.0733461610E+00
           L =  5.0500437070E+00
           Vnuc =  3.1467546999E+01
           Ven = -1.1713414337E+01
           Vrep =  6.6167657225E+00
           DelSqV =  1.2118058156E+03
           DelSqVen =  6.3564995080E+02
           DelSqVrep =  5.7615586476E+02
           DelSqG =  9.3400837990E+01
           DelSqK = -1.3052066536E+03
           Stress_EigVals = -1.8443670822E+00 -1.8383729479E+00 -1.4139085848E+00
           Stress_EigVec1 = -5.5941298774E-01  2.6665216590E-01  7.8482719854E-01
           Stress_EigVec2 =  2.6275452729E-01 -8.4096333767E-01  4.7301239211E-01
           Stress_EigVec3 =  7.8614067923E-01  4.7082617506E-01  4.0038174950E-01
           -DivStress = -1.8079484552E+01 -1.0716593198E+01 -9.2325585304E+00
           ESP =  -3.9436154541E-01     ESP at Nucleus =  -3.9700306565E-01
           ESPe = -1.3583683551E+01     ESPe at Nucleus = -1.3396462305E+01
           ESPn =  1.3189322006E+01     ESPn at Nucleus =  1.2999459240E+01

CP# 12     Coords =  4.09897757623954E+00 -6.04722315770597E-01 -2.89158682185007E+00
           Type = (3,-3) NACP H12
           Rho =  3.7224066075E-01     Rho at Nucleus =  3.6270777752E-01
           GradRho = -1.1351596746E-14 -6.2085753205E-15  5.6803520221E-15
           HessRho_EigVals = -7.2920465046E+00 -7.2844304749E+00 -5.6234155563E+00
           HessRho_EigVec1 = -2.0785648985E-01  8.1365859864E-01  5.4291377261E-01
           HessRho_EigVec2 = -5.8231314274E-01  3.4303693701E-01 -7.3704617470E-01
           HessRho_EigVec3 =  7.8594343525E-01  4.6934565590E-01 -4.0250164207E-01
           DelSqRho = -2.0199892536E+01
           Bond Ellipticity = NA
           V = -5.0965815363E+00
           G =  2.3304201185E-02
           K =  5.0732773352E+00
           L =  5.0499731340E+00
           Vnuc =  3.1465449272E+01
           Ven = -1.1712719628E+01
           Vrep =  6.6161380915E+00
           DelSqV =  1.2117682741E+03
           DelSqVen =  6.3559869389E+02
           DelSqVrep =  5.7616958022E+02
           DelSqG =  9.3397937917E+01
           DelSqK = -1.3051662120E+03
           Stress_EigVals = -1.8443621516E+00 -1.8383679587E+00 -1.4138514260E+00
           Stress_EigVec1 = -5.6007138822E-01  2.6637434759E-01 -7.8445187682E-01
           Stress_EigVec2 = -2.6285117068E-01  8.4083499575E-01  4.7318682567E-01
           Stress_EigVec3 =  7.8563942249E-01  4.7121249650E-01 -4.0091081423E-01
           -DivStress =  1.8069014104E+01  1.0726244626E+01 -9.2452940865E+00
           ESP =  -3.9436568674E-01     ESP at Nucleus =  -3.9700883416E-01
           ESPe = -1.3582971506E+01     ESPe at Nucleus = -1.3395722981E+01
           ESPn =  1.3188605820E+01     ESPn at Nucleus =  1.2998714147E+01

CP# 13     Coords =  6.05908610735257E-01  4.09567801457053E+00  2.89439829003571E+00
           Type = (3,-3) NACP H13
           Rho =  3.7225603639E-01     Rho at Nucleus =  3.6272411803E-01
           GradRho =  5.1295773185E-15 -1.1548704701E-14 -3.5093455919E-15
           HessRho_EigVals = -7.2924289084E+00 -7.2848197526E+00 -5.6239533505E+00
           HessRho_EigVec1 =  8.1353579386E-01  2.0747702224E-01  5.4324285301E-01
           HessRho_EigVec2 =  3.4258608390E-01  5.8386037833E-01 -7.3603113638E-01
           HessRho_EigVec3 = -4.6988752614E-01  7.8489511647E-01  4.0391257584E-01
           DelSqRho = -2.0201202011E+01
           Bond Ellipticity = NA
           V = -5.0969095589E+00
           G =  2.3304528035E-02
           K =  5.0736050309E+00
           L =  5.0503005029E+00
           Vnuc =  3.1468250083E+01
           Ven = -1.1714246048E+01
           Vrep =  6.6173364891E+00
           DelSqV =  1.2118696568E+03
           DelSqVen =  6.3569647687E+02
           DelSqVrep =  5.7617317994E+02
           DelSqG =  9.3405772709E+01
           DelSqK = -1.3052754295E+03
           Stress_EigVals = -1.8444591810E+00 -1.8384632720E+00 -1.4139871060E+00
           Stress_EigVec1 =  2.6498284283E-01  5.6134728894E-01 -7.8401104214E-01
           Stress_EigVec2 =  8.4096943654E-01  2.6325524663E-01  4.7272304993E-01
           Stress_EigVec3 = -4.7175682275E-01  7.8459282199E-01  4.0231778964E-01
           -DivStress = -1.0738285695E+01  1.8044784725E+01  9.2773957313E+00
           ESP =  -3.9437908961E-01     ESP at Nucleus =  -3.9702135756E-01
           ESPe = -1.3584212098E+01     ESPe at Nucleus = -1.3396992876E+01
           ESPn =  1.3189833008E+01     ESPn at Nucleus =  1.2999971518E+01

CP# 14     Coords =  7.27710249741851E-01  1.31345575253651E+00  1.09358442594628E+00
           Type = (3,-1) BCP O2 Ti1
           Rho =  9.4127655337E-02
           GradRho =  2.2551405188E-17  7.2858385991E-17  2.2551405188E-17
           HessRho_EigVals = -1.4672738103E-01 -1.3552296391E-01  7.1158366672E-01
           HessRho_EigVec1 = -2.8644095087E-01 -5.0160878168E-01  8.1629664449E-01
           HessRho_EigVec2 =  8.7278834207E-01 -4.8805748729E-01  6.3560239418E-03
           HessRho_EigVec3 =  3.9521145177E-01  7.1427482052E-01  5.7759794767E-01
           DelSqRho =  4.2933332179E-01
           Bond Ellipticity =  8.2675413825E-02
           V = -1.4038841668E-01
           G =  1.2386087357E-01
           K =  1.6527543119E-02
           L = -1.0733333045E-01
           Vnuc =  2.2802039432E+01
           Ven = -2.1463025086E+00
           Vrep =  2.0059140920E+00
           DelSqV = -1.2760272441E+00
           DelSqVen = -9.7896753329E+00
           DelSqVrep =  8.5136480888E+00
           DelSqG =  1.1359156487E+00
           DelSqK =  1.4011159535E-01
           Stress_EigVals = -7.2868899130E-02 -7.0266578571E-02  2.7470610162E-03
           Stress_EigVec1 =  8.7153942491E-01 -4.9023918725E-01  9.1962006600E-03
           Stress_EigVec2 = -2.8933245100E-01 -4.9904773142E-01  8.1684643267E-01
           Stress_EigVec3 =  3.9586078819E-01  7.1457462945E-01  5.7678187847E-01
           -DivStress = -2.9779865737E-02 -5.3723920090E-02 -4.3795301363E-02
           ESP =   1.1319901975E+00
           ESPe = -2.1670049234E+01
           ESPn =  2.2802039432E+01
           BPL =  3.7422509779E+00 =  1.8844567648E+00 +  1.8577942131E+00                
           GBL_I =  3.7416614732E+00                                                      
           GBL_II =  3.7416580302E+00                                                     
           GBL_III =  3.7419910919E+00 =  1.8844086146E+00 +  1.8575824773E+00            
           GBL_IV =  3.7419876596E+00 =  1.8844051823E+00 +  1.8575824773E+00             
             77 sample points along path from BCP to atom O2
             7.2771024974E-01   1.3134557525E+00   1.0935844259E+00   9.4127655337E-02    
             7.3759181975E-01   1.3313150320E+00   1.1080205163E+00   9.4347183705E-02    
             7.4747601350E-01   1.3491792212E+00   1.1224487334E+00   9.4995423576E-02    
             7.5736297670E-01   1.3670485717E+00   1.1368686593E+00   9.6059095046E-02    
             7.6725276714E-01   1.3849231706E+00   1.1512801391E+00   9.7527809172E-02    
             7.7714543908E-01   1.4028030990E+00   1.1656830274E+00   9.9393970869E-02    
             7.8704104117E-01   1.4206884285E+00   1.1800771943E+00   1.0165270496E-01    
             7.9693961567E-01   1.4385792192E+00   1.1944625278E+00   1.0430180537E-01    
             8.0684119792E-01   1.4564755194E+00   1.2088389355E+00   1.0734170707E-01    
             8.1674581598E-01   1.4743773648E+00   1.2232063453E+00   1.1077548003E-01    
             8.2665349025E-01   1.4922847775E+00   1.2375647069E+00   1.1460884399E-01    
             8.3656423318E-01   1.5101977661E+00   1.2519139928E+00   1.1885020236E-01    
             8.4647804900E-01   1.5281163248E+00   1.2662541985E+00   1.2351069295E-01    
             8.5639493354E-01   1.5460404331E+00   1.2805853440E+00   1.2860425269E-01    
             8.6631487402E-01   1.5639700559E+00   1.2949074737E+00   1.3414769264E-01    
             8.7623784900E-01   1.5819051427E+00   1.3092206571E+00   1.4016077856E-01    
             8.8616382826E-01   1.5998456280E+00   1.3235249891E+00   1.4666631174E-01    
             8.9609277289E-01   1.6177914313E+00   1.3378205896E+00   1.5369020295E-01    
             9.0602463539E-01   1.6357424572E+00   1.3521076035E+00   1.6126153190E-01    
             9.1595935985E-01   1.6536985959E+00   1.3663862002E+00   1.6941258234E-01    
             9.2589688230E-01   1.6716597238E+00   1.3806565724E+00   1.7817884210E-01    
             9.3583713105E-01   1.6896257042E+00   1.3949189353E+00   1.8759895543E-01    
             9.4578002727E-01   1.7075963881E+00   1.4091735251E+00   1.9771461332E-01    
             9.5572548550E-01   1.7255716154E+00   1.4234205969E+00   2.0857036638E-01    
             9.6567341437E-01   1.7435512163E+00   1.4376604233E+00   2.2021334339E-01    
             9.7562371729E-01   1.7615350123E+00   1.4518932919E+00   2.3269285788E-01    
             9.8557629322E-01   1.7795228177E+00   1.4661195031E+00   2.4605988567E-01    
             9.9553103746E-01   1.7975144409E+00   1.4803393680E+00   2.6036639686E-01    
             1.0054878424E+00   1.8155096859E+00   1.4945532059E+00   2.7566452936E-01    
             1.0154465981E+00   1.8335083535E+00   1.5087613424E+00   2.9200559546E-01    
             1.0254071934E+00   1.8515102425E+00   1.5229641074E+00   3.0943892049E-01    
             1.0353695159E+00   1.8695151503E+00   1.5371618333E+00   3.2801052328E-01    
             1.0453334527E+00   1.8875228745E+00   1.5513548538E+00   3.4776166137E-01    
             1.0552988909E+00   1.9055332124E+00   1.5655435031E+00   3.6872728124E-01    
             1.0652657174E+00   1.9235459620E+00   1.5797281152E+00   3.9093443355E-01    
             1.0752338191E+00   1.9415609214E+00   1.5939090243E+00   4.1440073560E-01    
             1.0852030827E+00   1.9595778886E+00   1.6080865656E+00   4.3913298688E-01    
             1.0951733942E+00   1.9775966601E+00   1.6222610765E+00   4.6512606566E-01    
             1.1051446382E+00   1.9956170298E+00   1.6364328996E+00   4.9236225491E-01    
             1.1151166967E+00   2.0136387870E+00   1.6506023849E+00   5.2081116017E-01    
             1.1250894485E+00   2.0316617135E+00   1.6647698950E+00   5.5043038880E-01    
             1.1350627668E+00   2.0496855806E+00   1.6789358096E+00   5.8116715833E-01    
