 AIMInt (Version 14.11.23, Professional)
 Portions Copyright (c) 1997-2014 by Todd A. Keith
 AIMInt is a component of the AIMAll package ( http://aim.tkgristmill.com )

 AIMInt is a heavily modified and extended version of the PROAIMV program
 developed by members of R.F.W. Bader's research group

 Much of the Quantum Theory of Atoms in Molecules (QTAIM) is described in the book:
   "Atoms in Molecules - A Quantum Theory"
   R.F.W. Bader, Oxford University Press, Oxford, 1990

 For additional references see:  http://aim.tkgristmill.com/references.html

 Inp File:  E:\Proyecto spin\estructuras hexahidratadas\estructuras hexahidratadas solas\modredundant\Ni23\Ni23_32_atomicfiles\ni1.inp
 Wfx File:  E:\Proyecto spin\estructuras hexahidratadas\estructuras hexahidratadas solas\modredundant\Ni23\Ni23_32.wfx
 Out File:  E:\Proyecto spin\estructuras hexahidratadas\estructuras hexahidratadas solas\modredundant\Ni23\Ni23_32_atomicfiles\ni1.int

 Wfx Title:   Ni23_32                                                                       
 Job Title:   Ni23_32                                                                       
 
<Atom>
Ni1     
</Atom>
<Nuclei of Molecule>
    19
Ni1       28.0           3.0203316431E-07  -2.6008010578E-07   1.7791435688E-07
O2         8.0          -5.6245749104E+00  -2.3200710948E-01  -2.2086261337E+00
H3         1.0          -6.8075851345E+00  -1.4738204173E+00  -1.5905322394E+00
H4         1.0          -6.5731899634E+00   1.3211828543E+00  -2.3215655276E+00
O5         8.0           1.4488665450E+00   2.0074793023E+00   5.5171114397E+00
H6         1.0           6.7947364428E-01   1.6077803812E+00   7.1199622806E+00
H7         1.0           3.2075614575E+00   1.5359389251E+00   5.6424158158E+00
O8         8.0          -4.4435692314E-01   5.7511093005E+00   1.8152107788E+00
H9         1.0           1.1068478870E-01   7.2827768320E+00   1.0026806650E+00
H10        1.0           3.5420423178E-01   5.6820679052E+00   3.4539933114E+00
O11        8.0           5.6245749640E+00   2.3200573403E-01   2.2086279813E+00
H12        1.0           6.8075856578E+00   1.4738183200E+00   1.5905335336E+00
H13        1.0           6.5731893947E+00  -1.3211845611E+00   2.3215680040E+00
O14        8.0          -1.4488671326E+00  -2.0074778848E+00  -5.5171114760E+00
H15        1.0          -6.7947496761E-01  -1.6077780393E+00  -7.1199624392E+00
H16        1.0          -3.2075622344E+00  -1.5359379514E+00  -5.6424149173E+00
O17        8.0           4.4435763141E-01  -5.7511090459E+00  -1.8152128520E+00
H18        1.0          -1.1068336630E-01  -7.2827771136E+00  -1.0026832652E+00
H19        1.0          -3.5420398479E-01  -5.6820671716E+00  -3.4539951376E+00
</Nuclei of Molecule>
<Total Number of CPs of DelSqRho>
    92
</Total Number of CPs of DelSqRho>
<Number of (3,+3) CPs of DelSqRho>
    11
</Number of (3,+3) CPs of DelSqRho>
<Number of (3,+1) CPs of DelSqRho>
    33
</Number of (3,+1) CPs of DelSqRho>
<Number of (3,-1) CPs of DelSqRho>
    36
</Number of (3,-1) CPs of DelSqRho>
<Number of (3,-3) CPs of DelSqRho>
    12
</Number of (3,-3) CPs of DelSqRho>
<Number of Degenerate CPs of DelSqRho>
     0
</Number of Degenerate CPs of DelSqRho>
<CP of DelSqRho>
CP# = 1       
Type = (3,+3)
Coords =  3.02033164310613E-07 -2.60080105949026E-07  1.77914356957872E-07
DistFromNuc =  1.8452762797E-16
Rho =  1.4570876345E+04
DelSqRho = -2.5335251016E+09
GradDelSqRho = -3.4743085742E-08 -1.3319923831E-08 -1.5001890397E-08
HessDelSqRho_EigVals =  1.8541460965E+15  1.8541461044E+15  1.8541461101E+15
HessDelSqRho_EigVec1 =  4.8632516894E-01  4.8325842723E-01  7.2797604533E-01
HessDelSqRho_EigVec2 =  7.5973609483E-01 -6.4540244790E-01 -7.9099598307E-02
HessDelSqRho_EigVec3 =  4.3161197419E-01  5.9153780332E-01 -6.8102432481E-01
</CP of DelSqRho>
<CP of DelSqRho>
CP# = 2       
Type = (3,-1)
Coords = -1.42581580166006E-01 -5.30022402742003E-04 -1.25268525758991E-02
DistFromNuc =  1.4313210776E-01
Rho =  1.3959335164E+02
DelSqRho = -1.0044715434E+04
GradDelSqRho =  9.3132257462E-10 -5.8207660913E-11 -7.2759576142E-11
HessDelSqRho_EigVals = -1.7804683678E+05 -1.6525724964E+05  2.4265702677E+07
HessDelSqRho_EigVec1 = -6.7770255244E-02  6.6658082131E-01  7.4234574234E-01
HessDelSqRho_EigVec2 =  5.5643850837E-02  7.4542353164E-01 -6.6426464631E-01
HessDelSqRho_EigVec3 =  9.9614805846E-01  3.7104088738E-03  8.7608666796E-02
</CP of DelSqRho>
<CP of DelSqRho>
CP# = 3       
Type = (3,+1)
Coords =  1.37738520621418E-01  1.44181739336421E-01  1.62044416455572E-01
DistFromNuc =  2.5694085129E-01
Rho =  3.4453859196E+01
DelSqRho =  2.9394165992E+03
GradDelSqRho =  1.5575096768E-11  1.2960299500E-11  1.2846612663E-11
HessDelSqRho_EigVals = -1.3055877002E+06  3.0356405519E+04  3.2692085594E+04
HessDelSqRho_EigVec1 =  5.3605185828E-01  5.6111278402E-01  6.3071455418E-01
HessDelSqRho_EigVec2 =  3.5339947706E-01  5.2935207246E-01 -7.7129449174E-01
HessDelSqRho_EigVec3 =  7.6665325594E-01 -6.3634803920E-01 -8.5463197678E-02
</CP of DelSqRho>
<CP of DelSqRho>
CP# = 4       
Type = (3,+1)
Coords = -1.37737916543865E-01 -1.44182259534864E-01 -1.62044060597475E-01
DistFromNuc =  2.5694085128E-01
Rho =  3.4453859197E+01
DelSqRho =  2.9394165991E+03
GradDelSqRho =  1.8985701900E-11 -7.5033312896E-12  2.3874235922E-12
HessDelSqRho_EigVals = -1.3055877002E+06  3.0356405508E+04  3.2692085611E+04
HessDelSqRho_EigVec1 =  5.3605185823E-01  5.6111278423E-01  6.3071455402E-01
HessDelSqRho_EigVec2 =  3.5339948392E-01  5.2935206655E-01 -7.7129449265E-01
HessDelSqRho_EigVec3 =  7.6665325282E-01 -6.3634804392E-01 -8.5463190564E-02
</CP of DelSqRho>
<CP of DelSqRho>
CP# = 5       
Type = (3,-1)
Coords =  1.42582184228587E-01  5.29502156123903E-04  1.25272084566762E-02
DistFromNuc =  1.4313210776E-01
Rho =  1.3959335164E+02
DelSqRho = -1.0044715434E+04
GradDelSqRho =  2.3283064365E-10 -5.8207660913E-11  2.9103830457E-11
HessDelSqRho_EigVals = -1.7804683685E+05 -1.6525725002E+05  2.4265702676E+07
HessDelSqRho_EigVec1 = -6.7770255342E-02  6.6658081838E-01  7.4234574496E-01
HessDelSqRho_EigVec2 =  5.5643851216E-02  7.4542353427E-01 -6.6426464333E-01
HessDelSqRho_EigVec3 =  9.9614805843E-01  3.7104083098E-03  8.7608667137E-02
</CP of DelSqRho>
<CP of DelSqRho>
CP# = 6       
Type = (3,-1)
Coords =  9.13656033108041E-04 -1.42952600302155E-01 -7.09314749405448E-03
DistFromNuc =  1.4313113238E-01
Rho =  1.3960776283E+02
DelSqRho = -1.0050609933E+04
GradDelSqRho =  0.0000000000E+00  0.0000000000E+00 -3.2741809264E-11
HessDelSqRho_EigVals = -1.7542887200E+05 -1.6498433046E+05  2.4268201076E+07
HessDelSqRho_EigVec1 =  6.5879947288E-01 -3.3165621332E-02  7.5158718463E-01
HessDelSqRho_EigVec2 = -7.5229156050E-01 -3.7509678081E-02  6.5776168333E-01
HessDelSqRho_EigVec3 = -6.3767184294E-03  9.9874574623E-01  4.9661573175E-02
</CP of DelSqRho>
<CP of DelSqRho>
CP# = 7       
Type = (3,+1)
Coords = -3.90428230648426E-02 -4.11228118316812E-01  3.78532646223151E-01
DistFromNuc =  5.6028523680E-01
Rho =  5.2383291150E+00
DelSqRho = -6.0003172538E+01
GradDelSqRho =  3.9790393203E-13 -1.4246381852E-12  1.3642420527E-12
HessDelSqRho_EigVals = -6.9816024730E+02  1.5789248275E+03  1.0351018925E+04
HessDelSqRho_EigVec1 =  9.9651760548E-01 -2.0048951001E-02  8.0936404266E-02
HessDelSqRho_EigVec2 = -4.5862951759E-02  6.7885242463E-01  7.3284102998E-01
HessDelSqRho_EigVec3 =  6.9636568179E-02  7.3400097080E-01 -6.7556888860E-01
</CP of DelSqRho>
<CP of DelSqRho>
CP# = 8       
Type = (3,+1)
Coords =  3.90434275628793E-02  4.11227597913968E-01 -3.78532290122293E-01
DistFromNuc =  5.6028523646E-01
Rho =  5.2383291270E+00
DelSqRho = -6.0003172904E+01
GradDelSqRho = -6.8212102633E-13  2.4424906542E-14 -2.2026824809E-13
HessDelSqRho_EigVals = -6.9816024629E+02  1.5789248379E+03  1.0351018983E+04
HessDelSqRho_EigVec1 =  9.9651760542E-01 -2.0048951520E-02  8.0936404836E-02
HessDelSqRho_EigVec2 = -4.5862951833E-02  6.7885242457E-01  7.3284103003E-01
HessDelSqRho_EigVec3 =  6.9636568942E-02  7.3400097084E-01 -6.7556888847E-01
</CP of DelSqRho>
<CP of DelSqRho>
CP# = 9       
Type = (3,-3)
Coords = -1.70333532517344E-03  2.55095349432252E-01  1.25451570434568E-02
DistFromNuc =  2.5540957083E-01
Rho =  3.3629348239E+01
DelSqRho =  3.4324685432E+03
GradDelSqRho =  1.5916157281E-11 -6.1845639721E-11 -3.1832314562E-12
HessDelSqRho_EigVals = -1.3584261107E+06 -4.5945798999E+04 -4.3176209441E+04
HessDelSqRho_EigVec1 = -6.6378981926E-03  9.9876086701E-01  4.9322092770E-02
HessDelSqRho_EigVec2 =  6.6349366565E-01 -3.2503130860E-02  7.4747555286E-01
HessDelSqRho_EigVec3 =  7.4815245368E-01  3.7686562751E-02 -6.6245575629E-01
</CP of DelSqRho>
<CP of DelSqRho>
CP# = 10      
Type = (3,-3)
Coords =  1.70393938627700E-03 -2.55095869584059E-01 -1.25448013207401E-02
DistFromNuc =  2.5540957083E-01
Rho =  3.3629348241E+01
DelSqRho =  3.4324685427E+03
GradDelSqRho = -5.4569682106E-12  3.6379788071E-11 -2.7284841053E-12
HessDelSqRho_EigVals = -1.3584261105E+06 -4.5945799020E+04 -4.3176209457E+04
HessDelSqRho_EigVec1 = -6.6378981590E-03  9.9876086698E-01  4.9322093358E-02
HessDelSqRho_EigVec2 =  6.6349366361E-01 -3.2503131424E-02  7.4747555465E-01
HessDelSqRho_EigVec3 =  7.4815245549E-01  3.7686563027E-02 -6.6245575423E-01
</CP of DelSqRho>
<CP of DelSqRho>
CP# = 11      
Type = (3,-1)
Coords = -9.13051986055671E-04  1.42952080163391E-01  7.09350273683361E-03
DistFromNuc =  1.4313113237E-01
Rho =  1.3960776285E+02
DelSqRho = -1.0050609940E+04
GradDelSqRho =  5.8207660913E-11  2.3283064365E-10 -3.6379788071E-11
HessDelSqRho_EigVals = -1.7542887046E+05 -1.6498432918E+05  2.4268201089E+07
HessDelSqRho_EigVec1 =  6.5879951039E-01 -3.3165616342E-02  7.5158715196E-01
HessDelSqRho_EigVec2 = -7.5229152764E-01 -3.7509677182E-02  6.5776172095E-01
HessDelSqRho_EigVec3 = -6.3767185629E-03  9.9874574643E-01  4.9661569146E-02
</CP of DelSqRho>
<CP of DelSqRho>
CP# = 12      
Type = (3,-1)
Coords = -9.78862183862288E-03 -3.89027915419345E-03  1.42744196277024E-01
DistFromNuc =  1.4313214194E-01
Rho =  1.3959484443E+02
DelSqRho = -1.0046355863E+04
GradDelSqRho =  2.6921043172E-10  2.0736479200E-10 -2.9103830457E-11
HessDelSqRho_EigVals = -1.7213565191E+05 -1.7057324088E+05  2.4266711807E+07
HessDelSqRho_EigVec1 =  8.4247684354E-01  5.3387345048E-01  7.2193538340E-02
HessDelSqRho_EigVec2 = -5.3438503326E-01  8.4513084163E-01 -1.3656381166E-02
HessDelSqRho_EigVec3 = -6.8303765152E-02 -2.7073961488E-02  9.9729714543E-01
</CP of DelSqRho>
<CP of DelSqRho>
CP# = 13      
Type = (3,-1)
Coords =  9.78922576136950E-03  3.88975936741837E-03 -1.42743840443357E-01
DistFromNuc =  1.4313214194E-01
Rho =  1.3959484444E+02
DelSqRho = -1.0046355867E+04
GradDelSqRho =  2.1827872843E-11 -5.4569682106E-11  1.4551915228E-10
HessDelSqRho_EigVals = -1.7213565104E+05 -1.7057323916E+05  2.4266711815E+07
HessDelSqRho_EigVec1 =  8.4247705633E-01  5.3387311387E-01  7.2193544328E-02
HessDelSqRho_EigVec2 = -5.3438469790E-01  8.4513105419E-01 -1.3656349707E-02
HessDelSqRho_EigVec3 = -6.8303764166E-02 -2.7073964075E-02  9.9729714542E-01
</CP of DelSqRho>
<CP of DelSqRho>
CP# = 14      
Type = (3,+3)
Coords = -3.53050620145284E-01  2.93055184682288E-01  3.01087563337323E-01
DistFromNuc =  5.4879874364E-01
Rho =  5.6561499629E+00
DelSqRho = -7.9694260582E+01
GradDelSqRho =  3.1263880373E-13 -1.4210854715E-13 -5.1159076975E-13
HessDelSqRho_EigVals =  1.0937823753E+03  1.2645654690E+03  1.2279609997E+04
HessDelSqRho_EigVec1 = -2.2181595290E-01 -8.1586227878E-01  5.3400976124E-01
HessDelSqRho_EigVec2 =  7.3273829183E-01  2.2186393956E-01  6.4332805628E-01
HessDelSqRho_EigVec3 =  6.4334460340E-01 -5.3398982611E-01 -5.4860057136E-01
</CP of DelSqRho>
<CP of DelSqRho>
CP# = 15      
Type = (3,+3)
Coords =  3.53051224130689E-01 -2.93055705435548E-01 -3.01087207079416E-01
DistFromNuc =  5.4879874367E-01
Rho =  5.6561499619E+00
DelSqRho = -7.9694260550E+01
GradDelSqRho =  1.1368683772E-13  8.5265128291E-14  1.1368683772E-13
HessDelSqRho_EigVals =  1.0937823760E+03  1.2645654678E+03  1.2279609990E+04
HessDelSqRho_EigVec1 = -2.2181595408E-01 -8.1586227824E-01  5.3400976157E-01
HessDelSqRho_EigVec2 =  7.3273829166E-01  2.2186393917E-01  6.4332805662E-01
HessDelSqRho_EigVec3 =  6.4334460319E-01 -5.3398982709E-01 -5.4860057065E-01
</CP of DelSqRho>
<CP of DelSqRho>
CP# = 16      
Type = (3,+1)
Coords =  9.29941488133702E-02 -6.06867227942101E-03  1.08783599324465E-01
DistFromNuc =  1.4324284952E-01
Rho =  1.3995124515E+02
DelSqRho = -1.0468676568E+04
GradDelSqRho = -3.6379788071E-11  1.4551915228E-10  0.0000000000E+00
HessDelSqRho_EigVals = -9.3869012178E+04  1.6809211974E+05  2.4128784953E+07
HessDelSqRho_EigVec1 =  1.6524652166E-02  9.9900208433E-01  4.1494233087E-02
HessDelSqRho_EigVec2 =  7.6043469991E-01  1.4388777387E-02 -6.4925498093E-01
HessDelSqRho_EigVec3 =  6.4920413049E-01 -4.2282367412E-02  7.5943808066E-01
</CP of DelSqRho>
<CP of DelSqRho>
CP# = 17      
Type = (3,+1)
Coords = -1.08743808040636E-01 -7.00298907964530E-03  9.30080859431594E-02
DistFromNuc =  1.4326475716E-01
Rho =  1.3999085138E+02
DelSqRho = -1.0502375655E+04
GradDelSqRho =  1.0186340660E-10 -1.4551915228E-10  0.0000000000E+00
HessDelSqRho_EigVals = -7.6891725795E+04  1.7464829013E+05  2.4106251278E+07
HessDelSqRho_EigVec1 = -3.2984411267E-02  9.9878773527E-01  3.6538862759E-02
HessDelSqRho_EigVec2 =  6.5020317429E-01 -6.3209131361E-03  7.5973408388E-01
HessDelSqRho_EigVec3 =  7.5904404402E-01  4.8817066027E-02 -6.4920646431E-01
</CP of DelSqRho>
<CP of DelSqRho>
CP# = 18      
Type = (3,+1)
Coords =  1.08744411973821E-01  7.00246917886304E-03 -9.30077302458380E-02
DistFromNuc =  1.4326475716E-01
Rho =  1.3999085138E+02
DelSqRho = -1.0502375658E+04
GradDelSqRho = -2.6193447411E-10  5.8207660913E-11  5.8207660913E-11
HessDelSqRho_EigVals = -7.6891724463E+04  1.7464829026E+05  2.4106251284E+07
HessDelSqRho_EigVec1 = -3.2984411221E-02  9.9878773517E-01  3.6538865606E-02
HessDelSqRho_EigVec2 =  6.5020317539E-01 -6.3209152608E-03  7.5973408292E-01
HessDelSqRho_EigVec3 =  7.5904404308E-01  4.8817067851E-02 -6.4920646528E-01
</CP of DelSqRho>
<CP of DelSqRho>
CP# = 19      
Type = (3,+1)
Coords =  1.00469133665538E-01  1.01863621402210E-01  7.12169293165569E-03
DistFromNuc =  1.4325136110E-01
Rho =  1.3997381119E+02
DelSqRho = -1.0482296575E+04
GradDelSqRho =  1.1641532183E-10 -6.5483618528E-11  6.8212102633E-12
HessDelSqRho_EigVals = -8.6822707750E+04  1.6921961900E+05  2.4120053985E+07
HessDelSqRho_EigVec1 = -5.3082920312E-02 -1.7637763028E-02  9.9843433078E-01
HessDelSqRho_EigVec2 =  7.1086105199E-01 -7.0287450057E-01  2.5377178964E-02
HessDelSqRho_EigVec3 =  7.0132643494E-01  7.1109517349E-01  4.9848629884E-02
</CP of DelSqRho>
<CP of DelSqRho>
CP# = 20      
Type = (3,+1)
Coords = -1.00468529769450E-01 -1.01864141366766E-01 -7.12133758778800E-03
DistFromNuc =  1.4325136110E-01
Rho =  1.3997381117E+02
DelSqRho = -1.0482296571E+04
GradDelSqRho = -2.6193447411E-10 -6.5483618528E-11  3.2059688237E-11
HessDelSqRho_EigVals = -8.6822708730E+04  1.6921961914E+05  2.4120053977E+07
HessDelSqRho_EigVec1 = -5.3082920509E-02 -1.7637767502E-02  9.9843433069E-01
HessDelSqRho_EigVec2 =  7.1086105078E-01 -7.0287450191E-01  2.5377175869E-02
HessDelSqRho_EigVec3 =  7.0132643615E-01  7.1109517206E-01  4.9848633253E-02
</CP of DelSqRho>
<CP of DelSqRho>
CP# = 21      
Type = (3,+3)
Coords = -8.69875874151581E-02 -8.54114193848411E-02  7.53176783422438E-02
DistFromNuc =  1.4329928442E-01
Rho =  1.4009950428E+02
DelSqRho = -1.0622256730E+04
GradDelSqRho = -2.9103830457E-11 -1.0186340660E-10  0.0000000000E+00
HessDelSqRho_EigVals =  9.9482213100E+04  1.1279681331E+05  2.4065065527E+07
HessDelSqRho_EigVec1 = -7.2764114240E-01  6.8276464275E-01 -6.6112105515E-02
HessDelSqRho_EigVec2 = -3.1942099741E-01 -4.2254596065E-01 -8.4818932884E-01
HessDelSqRho_EigVec3 =  6.0704908722E-01  5.9605985752E-01 -5.2555118871E-01
</CP of DelSqRho>
<CP of DelSqRho>
CP# = 22      
Type = (3,+3)
Coords = -7.31953598302263E-02  8.86978403110753E-02 -8.54890179178620E-02
DistFromNuc =  1.4329466331E-01
Rho =  1.4010007661E+02
DelSqRho = -1.0631553059E+04
GradDelSqRho =  0.0000000000E+00 -5.8207660913E-11  1.1641532183E-10
HessDelSqRho_EigVals =  1.0386642491E+05  1.2246131641E+05  2.4068909995E+07
HessDelSqRho_EigVec1 = -8.4569511235E-01 -2.3721987743E-01  4.7804446101E-01
HessDelSqRho_EigVec2 =  1.5436145514E-01  7.4875000065E-01  6.4462855793E-01
HessDelSqRho_EigVec3 = -5.1085449798E-01  6.1895085935E-01 -5.9659661045E-01
</CP of DelSqRho>
<CP of DelSqRho>
CP# = 23      
Type = (3,-3)
Coords =  2.54424479812638E-01  8.69643560274169E-04  2.22344944084154E-02
DistFromNuc =  2.5539534804E-01
Rho =  3.3623910510E+01
DelSqRho =  3.4348151492E+03
GradDelSqRho = -1.4551915228E-11  1.5916157281E-11 -5.9117155615E-12
HessDelSqRho_EigVals = -1.3587808595E+06 -4.6519268819E+04 -4.3140422120E+04
HessDelSqRho_EigVec1 =  9.9618132503E-01  3.4470322568E-03  8.7240389909E-02
HessDelSqRho_EigVec2 = -6.7672110788E-02  6.6184009405E-01  7.4658433906E-01
HessDelSqRho_EigVec3 =  5.5165687564E-02  7.4963711746E-01 -6.5954600980E-01
</CP of DelSqRho>
<CP of DelSqRho>
CP# = 24      
Type = (3,-3)
Coords = -2.54423875740268E-01 -8.70163640122368E-04 -2.22341386230419E-02
DistFromNuc =  2.5539534804E-01
Rho =  3.3623910511E+01
DelSqRho =  3.4348151493E+03
GradDelSqRho =  2.9103830457E-11  4.3200998334E-12 -4.5474735089E-13
HessDelSqRho_EigVals = -1.3587808595E+06 -4.6519268817E+04 -4.3140422116E+04
HessDelSqRho_EigVec1 =  9.9618132501E-01  3.4470319105E-03  8.7240390096E-02
HessDelSqRho_EigVec2 = -6.7672110681E-02  6.6184009431E-01  7.4658433884E-01
HessDelSqRho_EigVec3 =  5.5165687969E-02  7.4963711723E-01 -6.5954601002E-01
</CP of DelSqRho>
<CP of DelSqRho>
CP# = 25      
Type = (3,-3)
Coords = -1.75876331917829E-02 -7.04446795403328E-03  2.54698899608511E-01
DistFromNuc =  2.5540241808E-01
Rho =  3.3618427847E+01
DelSqRho =  3.4347050898E+03
GradDelSqRho =  8.5762508206E-12 -1.9881873925E-11  2.4897417461E-11
HessDelSqRho_EigVals = -1.3585591712E+06 -4.5041131889E+04 -4.4571834931E+04
HessDelSqRho_EigVec1 = -6.8683288936E-02 -2.7378275845E-02  9.9726277171E-01
HessDelSqRho_EigVec2 =  8.7561523876E-01  4.7739786211E-01  7.3411408582E-02
HessDelSqRho_EigVec3 = -4.7810099297E-01  8.7826061694E-01 -8.8164197599E-03
</CP of DelSqRho>
<CP of DelSqRho>
CP# = 26      
Type = (3,-3)
Coords =  1.75882372378494E-02  7.04394791855385E-03 -2.54698543780181E-01
DistFromNuc =  2.5540241809E-01
Rho =  3.3618427845E+01
DelSqRho =  3.4347050901E+03
GradDelSqRho =  5.2722270993E-12  2.5792701308E-12  3.3764990803E-11
HessDelSqRho_EigVals = -1.3585591713E+06 -4.5041131875E+04 -4.4571834906E+04
HessDelSqRho_EigVec1 = -6.8683288816E-02 -2.7378276474E-02  9.9726277170E-01
HessDelSqRho_EigVec2 =  8.7561524612E-01  4.7739784856E-01  7.3411408913E-02
HessDelSqRho_EigVec3 = -4.7810097951E-01  8.7826062428E-01 -8.8164180192E-03
</CP of DelSqRho>
<CP of DelSqRho>
CP# = 27      
Type = (3,-1)
Coords = -1.90634832791344E-02  1.74290336078987E-01  1.87194204991658E-01
DistFromNuc =  2.5648049359E-01
Rho =  3.4201488356E+01
DelSqRho =  3.0865974010E+03
GradDelSqRho =  4.0927261580E-12  1.3642420527E-11  1.3642420527E-11
HessDelSqRho_EigVals = -1.3213416186E+06 -2.4806089980E+04  4.3016974401E+04
HessDelSqRho_EigVec1 = -7.4166723026E-02  6.7955139383E-01  7.2986930360E-01
HessDelSqRho_EigVec2 =  9.9650526383E-01  2.2300687244E-02  8.0498065211E-02
HessDelSqRho_EigVec3 =  3.8425985346E-02  7.3328888065E-01 -6.7883050989E-01
</CP of DelSqRho>
<CP of DelSqRho>
CP# = 28      
Type = (3,-1)
Coords = -1.70310186991158E-02 -1.88375408007184E-01  1.73450692573431E-01
DistFromNuc =  2.5663270111E-01
Rho =  3.4280608467E+01
DelSqRho =  3.0548913769E+03
GradDelSqRho = -1.8189894035E-12 -9.0949470177E-13  6.4233063313E-12
HessDelSqRho_EigVals = -1.3165613637E+06 -1.9514688174E+04  4.4869008652E+04
HessDelSqRho_EigVec1 =  6.6275446943E-02  7.3402954252E-01 -6.7587587310E-01
HessDelSqRho_EigVec2 =  9.9682252467E-01 -1.8711366099E-02  7.7425700385E-02
HessDelSqRho_EigVec3 = -4.4186190534E-02  6.7885971709E-01  7.3293728591E-01
</CP of DelSqRho>
<CP of DelSqRho>
CP# = 29      
Type = (3,-1)
Coords =  1.70316227042488E-02  1.88374887815957E-01 -1.73450336741114E-01
DistFromNuc =  2.5663270108E-01
Rho =  3.4280608479E+01
DelSqRho =  3.0548913782E+03
GradDelSqRho =  1.4551915228E-11  3.4106051316E-11  0.0000000000E+00
HessDelSqRho_EigVals = -1.3165613646E+06 -1.9514688204E+04  4.4869008607E+04
HessDelSqRho_EigVec1 =  6.6275446663E-02  7.3402954249E-01 -6.7587587317E-01
HessDelSqRho_EigVec2 =  9.9682252469E-01 -1.8711365903E-02  7.7425700180E-02
HessDelSqRho_EigVec3 = -4.4186190512E-02  6.7885971713E-01  7.3293728587E-01
</CP of DelSqRho>
<CP of DelSqRho>
CP# = 30      
Type = (3,-1)
Coords =  1.90640873220215E-02 -1.74290856238341E-01 -1.87193849162826E-01
DistFromNuc =  2.5648049359E-01
Rho =  3.4201488357E+01
DelSqRho =  3.0865974008E+03
GradDelSqRho = -4.5474735089E-13 -1.7280399334E-11 -9.0949470177E-12
HessDelSqRho_EigVals = -1.3213416185E+06 -2.4806089982E+04  4.3016974406E+04
HessDelSqRho_EigVec1 = -7.4166722909E-02  6.7955139393E-01  7.2986930352E-01
HessDelSqRho_EigVec2 =  9.9650526384E-01  2.2300687165E-02  8.0498065132E-02
HessDelSqRho_EigVec3 =  3.8425985360E-02  7.3328888056E-01 -6.7883050999E-01
</CP of DelSqRho>
<CP of DelSqRho>
CP# = 31      
Type = (3,-1)
Coords =  1.66597498234200E-01 -1.11405856400691E-02  1.94703619243682E-01
DistFromNuc =  2.5649203243E-01
Rho =  3.4210184354E+01
DelSqRho =  3.0827338638E+03
GradDelSqRho =  0.0000000000E+00  7.2759576142E-12 -2.7284841053E-12
HessDelSqRho_EigVals = -1.3209098934E+06 -2.4161106539E+04  4.3454549550E+04
HessDelSqRho_EigVec1 =  6.4954613012E-01 -4.3254376367E-02  7.5909082709E-01
HessDelSqRho_EigVec2 =  1.7103112123E-02  9.9895908155E-01  4.2287550647E-02
HessDelSqRho_EigVec3 =  7.6012979708E-01  1.4484899348E-02 -6.4960979002E-01
</CP of DelSqRho>
<CP of DelSqRho>
CP# = 32      
Type = (3,-1)
Coords = -1.94857674082974E-01 -1.25958860899706E-02  1.66513361104505E-01
DistFromNuc =  2.5662213628E-01
Rho =  3.4274973367E+01
DelSqRho =  3.0562788834E+03
GradDelSqRho =  0.0000000000E+00 -6.3664629124E-12  9.0949470177E-13
HessDelSqRho_EigVals = -1.3168301955E+06 -1.9794645949E+04  4.4999534270E+04
HessDelSqRho_EigVec1 =  7.5934095832E-01  4.8976762759E-02 -6.4884712046E-01
HessDelSqRho_EigVec2 = -3.2859592857E-02  9.9877727470E-01  3.6935114831E-02
HessDelSqRho_EigVec3 =  6.4986272103E-01 -6.7254932865E-03  7.6002184940E-01
</CP of DelSqRho>
<CP of DelSqRho>
CP# = 33      
Type = (3,-1)
Coords =  1.94858278153266E-01  1.25953661480172E-02 -1.66513005258978E-01
DistFromNuc =  2.5662213628E-01
Rho =  3.4274973365E+01
DelSqRho =  3.0562788836E+03
GradDelSqRho = -2.7284841053E-11 -9.5496943686E-12  2.3646862246E-11
HessDelSqRho_EigVals = -1.3168301955E+06 -1.9794645933E+04  4.4999534258E+04
HessDelSqRho_EigVec1 =  7.5934095834E-01  4.8976763687E-02 -6.4884712037E-01
HessDelSqRho_EigVec2 = -3.2859593481E-02  9.9877727465E-01  3.6935115529E-02
HessDelSqRho_EigVec3 =  6.4986272097E-01 -6.7254934153E-03  7.6002184944E-01
</CP of DelSqRho>
<CP of DelSqRho>
CP# = 34      
Type = (3,-1)
Coords = -1.66596894166814E-01  1.11400656788913E-02 -1.94703263396035E-01
DistFromNuc =  2.5649203243E-01
Rho =  3.4210184356E+01
DelSqRho =  3.0827338642E+03
GradDelSqRho =  2.3646862246E-11  2.7284841053E-12 -5.9117155615E-12
HessDelSqRho_EigVals = -1.3209098936E+06 -2.4161106527E+04  4.3454549532E+04
HessDelSqRho_EigVec1 =  6.4954613014E-01 -4.3254377248E-02  7.5909082702E-01
HessDelSqRho_EigVec2 =  1.7103112607E-02  9.9895908151E-01  4.2287551393E-02
HessDelSqRho_EigVec3 =  7.6012979705E-01  1.4484899467E-02 -6.4960979005E-01
</CP of DelSqRho>
<CP of DelSqRho>
CP# = 35      
Type = (3,-1)
Coords =  1.80105482653809E-01  1.82270074359577E-01  1.24200600074231E-02
DistFromNuc =  2.5654357208E-01
Rho =  3.4244241941E+01
DelSqRho =  3.0723918697E+03
GradDelSqRho =  1.4551915228E-11  6.6506800067E-12 -3.5242919694E-12
HessDelSqRho_EigVals = -1.3193798556E+06 -2.2396148524E+04  4.3698544276E+04
HessDelSqRho_EigVec1 =  7.0204989638E-01  7.1046175851E-01  4.8682981501E-02
HessDelSqRho_EigVec2 = -5.2298827986E-02 -1.6740014440E-02  9.9849116396E-01
HessDelSqRho_EigVec3 =  7.1020474202E-01 -7.0353668107E-01  2.5403991896E-02
</CP of DelSqRho>
<CP of DelSqRho>
CP# = 36      
Type = (3,-1)
Coords = -1.81757422159337E-01  1.80895218092517E-01 -8.09559130408472E-03
DistFromNuc =  2.5656302502E-01
Rho =  3.4243634489E+01
DelSqRho =  3.0692347233E+03
GradDelSqRho =  7.2759576142E-12 -2.1827872843E-11  3.6379788071E-12
HessDelSqRho_EigVals = -1.3187300371E+06 -2.1966828912E+04  4.4149020643E+04
HessDelSqRho_EigVec1 =  7.0845354975E-01 -7.0505222950E-01  3.1542376504E-02
HessDelSqRho_EigVec2 = -1.0150320171E-01 -5.7560850478E-02  9.9316859019E-01
HessDelSqRho_EigVec3 =  6.9842012276E-01  7.0681546543E-01  1.1234424752E-01
</CP of DelSqRho>
<CP of DelSqRho>
CP# = 37      
Type = (3,-1)
Coords =  1.81758026233867E-01 -1.80895738260774E-01  8.09594696837420E-03
DistFromNuc =  2.5656302502E-01
Rho =  3.4243634487E+01
DelSqRho =  3.0692347226E+03
GradDelSqRho =  2.1827872843E-11 -3.6379788071E-12 -4.5474735089E-13
HessDelSqRho_EigVals = -1.3187300368E+06 -2.1966828921E+04  4.4149020664E+04
HessDelSqRho_EigVec1 =  7.0845354976E-01 -7.0505222953E-01  3.1542375752E-02
HessDelSqRho_EigVec2 = -1.0150320128E-01 -5.7560851103E-02  9.9316859019E-01
HessDelSqRho_EigVec3 =  6.9842012282E-01  7.0681546535E-01  1.1234424766E-01
</CP of DelSqRho>
<CP of DelSqRho>
CP# = 38      
Type = (3,-1)
Coords = -1.80104878559178E-01 -1.82270594538488E-01 -1.24197043179909E-02
DistFromNuc =  2.5654357208E-01
Rho =  3.4244241941E+01
DelSqRho =  3.0723918693E+03
GradDelSqRho = -1.1254996934E-11  5.2011728258E-12  5.0022208598E-12
HessDelSqRho_EigVals = -1.3193798554E+06 -2.2396148533E+04  4.3698544294E+04
HessDelSqRho_EigVec1 =  7.0204989625E-01  7.1046175860E-01  4.8682982130E-02
HessDelSqRho_EigVec2 = -5.2298828301E-02 -1.6740015017E-02  9.9849116393E-01
HessDelSqRho_EigVec3 =  7.1020474213E-01 -7.0353668097E-01  2.5403991721E-02
</CP of DelSqRho>
<CP of DelSqRho>
CP# = 39      
Type = (3,+1)
Coords = -1.65882013587609E-01  1.36581216668701E-01  1.40902891084112E-01
DistFromNuc =  2.5695333624E-01
Rho =  3.4449596895E+01
DelSqRho =  2.9476534579E+03
GradDelSqRho =  3.6379788071E-12  3.6379788071E-12  9.0949470177E-12
HessDelSqRho_EigVals = -1.3054274829E+06  2.6997074227E+04  3.2004928051E+04
HessDelSqRho_EigVec1 =  6.4548627827E-01 -5.3163130981E-01 -5.4837543252E-01
HessDelSqRho_EigVec2 = -2.1876652298E-01 -8.1659267912E-01  5.3415129395E-01
HessDelSqRho_EigVec3 =  7.3177091565E-01  2.2482114411E-01  6.4340250246E-01
</CP of DelSqRho>
<CP of DelSqRho>
CP# = 40      
Type = (3,+1)
Coords =  1.31546077938377E-01 -1.58741148475323E-01  1.53364286204818E-01
DistFromNuc =  2.5695040478E-01
Rho =  3.4449691371E+01
DelSqRho =  2.9497386465E+03
GradDelSqRho =  5.4569682106E-12  2.7284841053E-11 -3.4560798667E-11
HessDelSqRho_EigVals = -1.3055690945E+06  2.6779842040E+04  3.1346354215E+04
HessDelSqRho_EigVec1 = -5.1207448565E-01  6.1767143196E-01 -5.9687663993E-01
HessDelSqRho_EigVec2 = -8.4585961264E-01 -2.4181333263E-01  4.7544487363E-01
HessDelSqRho_EigVec3 =  1.4933598644E-01  7.4833703256E-01  6.4628975611E-01
</CP of DelSqRho>
<CP of DelSqRho>
CP# = 41      
Type = (3,+1)
Coords = -1.56243148926320E-01 -1.52989843643079E-01  1.34921237973013E-01
DistFromNuc =  2.5694653353E-01
Rho =  3.4451932145E+01
DelSqRho =  2.9576705757E+03
GradDelSqRho = -5.4569682106E-12  3.4106051316E-13 -4.6611603466E-12
HessDelSqRho_EigVals = -1.3059090236E+06  2.5601991895E+04  2.8896168446E+04
HessDelSqRho_EigVec1 =  6.0813889468E-01  5.9543656426E-01 -5.2499750734E-01
HessDelSqRho_EigVec2 = -7.2231279984E-01  6.8939064166E-01 -5.4815712833E-02
HessDelSqRho_EigVec3 = -3.2928908874E-01 -4.1254798645E-01 -8.4933671469E-01
</CP of DelSqRho>
<CP of DelSqRho>
CP# = 42      
Type = (3,+1)
Coords =  1.56243753095645E-01  1.52989323387195E-01 -1.34920882106253E-01
DistFromNuc =  2.5694653352E-01
Rho =  3.4451932151E+01
DelSqRho =  2.9576705766E+03
GradDelSqRho =  2.3646862246E-11  8.8107299234E-12 -1.0118128557E-11
HessDelSqRho_EigVals = -1.3059090241E+06  2.5601991894E+04  2.8896168407E+04
HessDelSqRho_EigVec1 =  6.0813889503E-01  5.9543656398E-01 -5.2499750725E-01
HessDelSqRho_EigVec2 = -7.2231279465E-01  6.8939064809E-01 -5.4815700405E-02
HessDelSqRho_EigVec3 = -3.2928909947E-01 -4.1254797612E-01 -8.4933671554E-01
</CP of DelSqRho>
<CP of DelSqRho>
CP# = 43      
Type = (3,+1)
Coords = -1.31545473945701E-01  1.58740628247065E-01 -1.53363930341138E-01
DistFromNuc =  2.5695040476E-01
Rho =  3.4449691381E+01
DelSqRho =  2.9497386476E+03
GradDelSqRho =  3.6379788071E-12  7.2759576142E-12 -5.4569682106E-12
HessDelSqRho_EigVals = -1.3055690953E+06  2.6779842048E+04  3.1346354152E+04
HessDelSqRho_EigVec1 = -5.1207448592E-01  6.1767143178E-01 -5.9687663988E-01
HessDelSqRho_EigVec2 = -8.4585961207E-01 -2.4181333070E-01  4.7544487563E-01
HessDelSqRho_EigVec3 =  1.4933598876E-01  7.4833703333E-01  6.4628975468E-01
</CP of DelSqRho>
<CP of DelSqRho>
CP# = 44      
Type = (3,+1)
Coords =  1.65882617652918E-01 -1.36581736870497E-01 -1.40902535220903E-01
DistFromNuc =  2.5695333624E-01
Rho =  3.4449596894E+01
DelSqRho =  2.9476534576E+03
GradDelSqRho =  3.6379788071E-12 -3.6379788071E-12 -3.6379788071E-12
HessDelSqRho_EigVals = -1.3054274827E+06  2.6997074243E+04  3.2004928045E+04
HessDelSqRho_EigVec1 =  6.4548627824E-01 -5.3163131004E-01 -5.4837543234E-01
HessDelSqRho_EigVec2 = -2.1876651958E-01 -8.1659267786E-01  5.3415129727E-01
HessDelSqRho_EigVec3 =  7.3177091669E-01  2.2482114813E-01  6.4340249987E-01
</CP of DelSqRho>
<CP of DelSqRho>
CP# = 45      
Type = (3,+1)
Coords = -3.94560737789848E-01 -3.98868454046085E-01 -2.24409664930111E-02
DistFromNuc =  5.6149608660E-01
Rho =  5.1822274750E+00
DelSqRho = -5.8025130653E+01
GradDelSqRho = -1.0658141036E-13  1.4921397451E-13 -5.6843418861E-14
HessDelSqRho_EigVals = -7.8118447247E+02  1.5267843159E+03  1.0196755593E+04
HessDelSqRho_EigVec1 = -4.6486275690E-02 -1.0467216334E-02  9.9886408663E-01
HessDelSqRho_EigVec2 =  7.0997683326E-01 -7.0375713396E-01  2.5666956075E-02
HessDelSqRho_EigVec3 =  7.0268906524E-01  7.1036352227E-01  4.0146529254E-02
</CP of DelSqRho>
<CP of DelSqRho>
CP# = 46      
Type = (3,+1)
Coords =  3.94561341955134E-01  3.98867933707395E-01  2.24413231308811E-02
DistFromNuc =  5.6149608657E-01
Rho =  5.1822274752E+00
DelSqRho = -5.8025130658E+01
GradDelSqRho =  2.2737367544E-13  0.0000000000E+00 -2.8421709430E-14
HessDelSqRho_EigVals = -7.8118447445E+02  1.5267843167E+03  1.0196755599E+04
HessDelSqRho_EigVec1 = -4.6486276059E-02 -1.0467217872E-02  9.9886408659E-01
HessDelSqRho_EigVec2 =  7.0997683316E-01 -7.0375713409E-01  2.5666955249E-02
HessDelSqRho_EigVec3 =  7.0268906531E-01  7.1036352213E-01  4.0146530610E-02
</CP of DelSqRho>
<CP of DelSqRho>
CP# = 47      
Type = (3,-1)
Coords =  6.04661347214365E-01  1.86293198868628E-03  5.11250219911944E-02
DistFromNuc =  6.0682139112E-01
Rho =  3.8115926124E+00
DelSqRho = -5.0140446305E+00
GradDelSqRho = -1.5720758029E-13 -1.4210854715E-13 -8.5265128291E-14
HessDelSqRho_EigVals = -1.0340711339E+03 -9.5344659348E+02  5.0945144437E+03
HessDelSqRho_EigVec1 = -6.5818658057E-02  6.5869933069E-01  7.4952191162E-01
HessDelSqRho_EigVec2 =  5.3418206702E-02  7.5239957177E-01 -6.5653741675E-01
HessDelSqRho_EigVec3 =  9.9640072232E-01  3.1742953317E-03  8.4708467138E-02
</CP of DelSqRho>
<CP of DelSqRho>
CP# = 48      
Type = (3,-1)
Coords = -6.04660743124877E-01 -1.86345247060043E-03 -5.11246659757767E-02
DistFromNuc =  6.0682139109E-01
Rho =  3.8115926137E+00
DelSqRho = -5.0140446446E+00
GradDelSqRho =  3.3129055055E-13 -2.8421709430E-14  4.9737991503E-14
HessDelSqRho_EigVals = -1.0340711340E+03 -9.5344659388E+02  5.0945144469E+03
HessDelSqRho_EigVec1 = -6.5818658233E-02  6.5869932990E-01  7.4952191230E-01
HessDelSqRho_EigVec2 =  5.3418206031E-02  7.5239957246E-01 -6.5653741602E-01
HessDelSqRho_EigVec3 =  9.9640072235E-01  3.1742958661E-03  8.4708466832E-02
</CP of DelSqRho>
<CP of DelSqRho>
CP# = 49      
Type = (3,-1)
Coords = -4.18078716419710E-03  6.05973999415305E-01  2.78275459429352E-02
DistFromNuc =  6.0662727196E-01
Rho =  3.8179222588E+00
DelSqRho = -5.1906656597E+00
GradDelSqRho =  1.4210854715E-14  2.5579538487E-13  1.0302869669E-13
HessDelSqRho_EigVals = -1.0237877089E+03 -9.5720500265E+02  5.1096748623E+03
HessDelSqRho_EigVec1 =  6.6288610205E-01 -3.0215858683E-02  7.4811029775E-01
HessDelSqRho_EigVec2 = -7.4868911969E-01 -3.5862523823E-02  6.6195051283E-01
HessDelSqRho_EigVec3 = -6.8277202241E-03  9.9889983545E-01  4.6395053265E-02
</CP of DelSqRho>
<CP of DelSqRho>
CP# = 50      
Type = (3,-1)
Coords =  4.18139129551017E-03 -6.05974519628659E-01 -2.78271892691520E-02
DistFromNuc =  6.0662727198E-01
Rho =  3.8179222596E+00
DelSqRho = -5.1906657026E+00
GradDelSqRho =  0.0000000000E+00  1.7053025658E-13  2.1316282073E-14
HessDelSqRho_EigVals = -1.0237877079E+03 -9.5720500199E+02  5.1096748611E+03
HessDelSqRho_EigVec1 =  6.6288610962E-01 -3.0215857368E-02  7.4811029109E-01
HessDelSqRho_EigVec2 = -7.4868911299E-01 -3.5862523451E-02  6.6195052044E-01
HessDelSqRho_EigVec3 = -6.8277203481E-03  9.9889983551E-01  4.6395052102E-02
</CP of DelSqRho>
<CP of DelSqRho>
CP# = 51      
Type = (3,-1)
Coords = -4.34803832096714E-02 -1.86774257232767E-02  6.05119866872144E-01
DistFromNuc =  6.0696725156E-01
Rho =  3.8063654521E+00
DelSqRho = -4.9293180890E+00
GradDelSqRho =  1.4210854715E-14  2.4868995752E-14  1.4210854715E-13
HessDelSqRho_EigVals = -9.9840694288E+02 -9.8717652341E+02  5.0820310547E+03
HessDelSqRho_EigVec1 =  8.8961850039E-01  4.5013839590E-01  7.7164423811E-02
HessDelSqRho_EigVec2 = -4.5112341152E-01  8.9244676139E-01 -5.1425350258E-03
HessDelSqRho_EigVec3 = -7.1179992592E-02 -3.0235783820E-02  9.9700511836E-01
</CP of DelSqRho>
<CP of DelSqRho>
CP# = 52      
Type = (3,-1)
Coords =  4.34809874688221E-02  1.86769047740139E-02 -6.05119511070353E-01
DistFromNuc =  6.0696725158E-01
Rho =  3.8063654518E+00
DelSqRho = -4.9293180484E+00
GradDelSqRho = -7.8159700934E-14 -3.1974423109E-14  2.7000623959E-13
HessDelSqRho_EigVals = -9.9840694291E+02 -9.8717652474E+02  5.0820310531E+03
HessDelSqRho_EigVec1 =  8.8961847310E-01  4.5013844993E-01  7.7164423226E-02
HessDelSqRho_EigVec2 = -4.5112346529E-01  8.9244673418E-01 -5.1425408005E-03
HessDelSqRho_EigVec3 = -7.1179992847E-02 -3.0235782708E-02  9.9700511837E-01
</CP of DelSqRho>
<CP of DelSqRho>
CP# = 53      
Type = (3,+1)
Coords = -4.43059872917087E-02  3.82253990845313E-01  4.10411839291508E-01
DistFromNuc =  5.6260029454E-01
Rho =  5.1257733610E+00
DelSqRho = -5.6301012274E+01
GradDelSqRho =  1.9895196601E-13  5.9685589804E-13  8.5265128291E-14
HessDelSqRho_EigVals = -8.5281558510E+02  1.4958089518E+03  1.0060766954E+04
HessDelSqRho_EigVec1 =  9.9611836089E-01  2.4511098018E-02  8.4542398662E-02
HessDelSqRho_EigVec2 =  3.9564312966E-02  7.3328868057E-01 -6.7876533212E-01
HessDelSqRho_EigVec3 = -7.8631267554E-02  6.7947547198E-01  7.2947255380E-01
</CP of DelSqRho>
<CP of DelSqRho>
CP# = 54      
Type = (3,+1)
Coords =  4.43065914923144E-02 -3.82254511573868E-01 -4.10411482904053E-01
DistFromNuc =  5.6260029453E-01
Rho =  5.1257733621E+00
DelSqRho = -5.6301012298E+01
GradDelSqRho = -2.8421709430E-13  3.9790393203E-13  3.9790393203E-13
HessDelSqRho_EigVals = -8.5281558466E+02  1.4958089525E+03  1.0060766954E+04
HessDelSqRho_EigVec1 =  9.9611836086E-01  2.4511098147E-02  8.4542398925E-02
HessDelSqRho_EigVec2 =  3.9564313150E-02  7.3328867971E-01 -6.7876533304E-01
HessDelSqRho_EigVec3 = -7.8631267785E-02  6.7947547290E-01  7.2947255291E-01
</CP of DelSqRho>
<CP of DelSqRho>
CP# = 55      
Type = (3,+1)
Coords = -3.97759895254176E-01  3.95647461479203E-01 -1.80392138157118E-02
DistFromNuc =  5.6131605516E-01
Rho =  5.1870130689E+00
DelSqRho = -5.8352028934E+01
GradDelSqRho = -5.4001247918E-13  1.7053025658E-13  2.8421709430E-14
HessDelSqRho_EigVals = -7.6994730550E+02  1.5447792425E+03  1.0222722200E+04
HessDelSqRho_EigVec1 = -9.9757215631E-02 -5.5009668078E-02  9.9349002730E-01
HessDelSqRho_EigVec2 =  6.9850746553E-01  7.0720699087E-01  1.0929589498E-01
HessDelSqRho_EigVec3 =  7.0861542357E-01 -7.0486325516E-01  3.2124336455E-02
</CP of DelSqRho>
<CP of DelSqRho>
CP# = 56      
Type = (3,+1)
Coords =  3.97760499169599E-01 -3.95647981867203E-01  1.80395706038749E-02
DistFromNuc =  5.6131605524E-01
Rho =  5.1870130658E+00
DelSqRho = -5.8352028876E+01
GradDelSqRho = -2.5579538487E-13  1.1368683772E-13  1.9895196601E-13
HessDelSqRho_EigVals = -7.6994730287E+02  1.5447792409E+03  1.0222722184E+04
HessDelSqRho_EigVec1 = -9.9757216271E-02 -5.5009666384E-02  9.9349002733E-01
HessDelSqRho_EigVec2 =  6.9850746575E-01  7.0720699077E-01  1.0929589424E-01
HessDelSqRho_EigVec3 =  7.0861542327E-01 -7.0486325539E-01  3.2124338070E-02
</CP of DelSqRho>
<CP of DelSqRho>
CP# = 57      
Type = (3,+3)
Coords =  2.93029011444390E-01  3.06623188819925E-01  3.45918568750081E-01
DistFromNuc =  5.4730548789E-01
Rho =  5.6989713683E+00
DelSqRho = -8.2463398622E+01
GradDelSqRho =  3.3573144265E-13  3.4106051316E-13  5.8264504332E-13
HessDelSqRho_EigVals =  1.2517885636E+03  1.3321057014E+03  1.2595698689E+04
HessDelSqRho_EigVec1 =  3.3374245347E-01  5.4697750835E-01 -7.6774447579E-01
HessDelSqRho_EigVec2 =  7.7583508083E-01 -6.2198907968E-01 -1.0587498344E-01
HessDelSqRho_EigVec3 =  5.3543991456E-01  5.6030812070E-01  6.3194850089E-01
</CP of DelSqRho>
<CP of DelSqRho>
CP# = 58      
Type = (3,+3)
Coords =  2.82943846256426E-01 -3.37613464362272E-01  3.27793786001747E-01
DistFromNuc =  5.4907957021E-01
Rho =  5.6485073462E+00
DelSqRho = -7.9172854353E+01
GradDelSqRho = -2.2737367544E-13  3.9790393203E-13 -3.9079850467E-13
HessDelSqRho_EigVals =  1.0829737355E+03  1.2309413798E+03  1.2222306772E+04
HessDelSqRho_EigVec1 =  8.4492096480E-01  2.4772294412E-01 -4.7406951620E-01
HessDelSqRho_EigVec2 =  1.4364885643E-01  7.4864438386E-01  6.4722221266E-01
HessDelSqRho_EigVec3 = -5.1524127288E-01  6.1495116024E-01 -5.9696021747E-01
</CP of DelSqRho>
<CP of DelSqRho>
CP# = 59      
Type = (3,+3)
Coords = -3.35456627666954E-01 -3.27890195051366E-01  2.87687267280563E-01
DistFromNuc =  5.5027904060E-01
Rho =  5.6174878142E+00
DelSqRho = -7.6968202766E+01
GradDelSqRho =  5.6843418861E-13  5.8264504332E-13 -4.9737991503E-13
HessDelSqRho_EigVals =  1.0100780097E+03  1.1180931006E+03  1.1976677064E+04
HessDelSqRho_EigVec1 = -7.1674533828E-01  6.9604735429E-01 -4.2358005767E-02
HessDelSqRho_EigVec2 = -3.3862385718E-01 -4.0050697954E-01 -8.5142706246E-01
HessDelSqRho_EigVec3 =  6.0959823114E-01  5.9591294660E-01 -5.2275975042E-01
</CP of DelSqRho>
<CP of DelSqRho>
CP# = 60      
Type = (3,+3)
Coords =  3.35457231164757E-01  3.27889675141256E-01 -2.87686911534695E-01
DistFromNuc =  5.5027904045E-01
Rho =  5.6174878203E+00
DelSqRho = -7.6968202963E+01
GradDelSqRho = -2.8421709430E-13 -2.2737367544E-13  3.4106051316E-13
HessDelSqRho_EigVals =  1.0100780104E+03  1.1180931066E+03  1.1976677097E+04
HessDelSqRho_EigVec1 = -7.1674535651E-01  6.9604733288E-01 -4.2358048976E-02
