 AIMInt (Version 19.02.13, Professional)
 Portions Copyright (c) 1997-2019 by Todd A. Keith
 AIMInt is a component of the AIMAll package ( http://aim.tkgristmill.com )

 TP:  64-bit Linux

 Licensed To:  Research Group of Fernando Cortes Guzman, UNAM, fercor@unam.mx

 AIMInt is a heavily modified and extended version of the PROAIMV program
 developed by members of R.F.W. Bader's research group

 Much of the Quantum Theory of Atoms in Molecules (QTAIM) is described in the book:
   "Atoms in Molecules - A Quantum Theory"
   R.F.W. Bader, Oxford University Press, Oxford, 1990

 For additional references see:  http://aim.tkgristmill.com/references.html

 Current Directory:  /home/scratch/M_H2O_4_cuadrado_plano/Opt

 Inp File:  V2_cuadrado_plano_cc-pvtz-def2-tzv_1_atomicfiles/o2.inp
 Wfx File:  V2_cuadrado_plano_cc-pvtz-def2-tzv_1.wfx
 Out File:  V2_cuadrado_plano_cc-pvtz-def2-tzv_1_atomicfiles/o2.int

 Wfx Title:   V2_cuadrado_plano_cc-pvtz-def2-tzv_1                                          
 Job Title:   V2_cuadrado_plano_cc-pvtz-def2-tzv_1                                          
 
<Atom>
O2      
</Atom>
<Nuclei of Molecule>
    13
V1        23.0           1.6108166266E-04   3.2908732655E-04   3.0765137008E-04
O2         8.0           3.9782849488E+00   3.9349321053E-02   1.6590880186E-03
H3         1.0           5.0825991021E+00   5.4378779933E-02   1.4856140181E+00
O4         8.0           4.3325034314E-02  -3.8241227814E+00  -1.9902743489E-03
H5         1.0          -1.4320282743E+00  -4.9427483304E+00  -4.0203531039E-03
O6         8.0          -3.9782244778E+00  -4.1060928084E-02   1.7622365986E-03
H7         1.0          -5.0821747550E+00  -5.5434423803E-02   1.4859950123E+00
O8         8.0          -4.3695953129E-02   3.8249547256E+00  -1.9791424429E-03
H9         1.0           1.4313298876E+00   4.9440179623E+00  -2.0327950513E-03
H10        1.0           5.0837882001E+00   5.4113922539E-02  -1.4814130329E+00
H11        1.0          -1.5454062931E+00   4.9079714201E+00  -3.9519616698E-03
H12        1.0           1.5447767386E+00  -4.9075026992E+00  -1.8570332512E-03
H13        1.0          -5.0841059017E+00  -5.5328337610E-02  -1.4810250986E+00
</Nuclei of Molecule>
<Total Number of CPs of DelSqRho>
    36
</Total Number of CPs of DelSqRho>
<Number of (3,+3) CPs of DelSqRho>
     5
</Number of (3,+3) CPs of DelSqRho>
<Number of (3,+1) CPs of DelSqRho>
    14
</Number of (3,+1) CPs of DelSqRho>
<Number of (3,-1) CPs of DelSqRho>
    11
</Number of (3,-1) CPs of DelSqRho>
<Number of (3,-3) CPs of DelSqRho>
     6
</Number of (3,-3) CPs of DelSqRho>
<Number of Degenerate CPs of DelSqRho>
     0
</Number of Degenerate CPs of DelSqRho>
<CP of DelSqRho>
CP# = 1       
Type = (3,+3)
Coords =  3.97828531314076E+00  3.93493269552564E-02  1.65908816217777E-03
DistFromNuc =  3.6435760748E-07
Rho =  2.9727514002E+02
DelSqRho = -3.3291525450E+06
GradDelSqRho = -9.9441854218E-07  8.5057568100E-08 -8.7963069051E-09
HessDelSqRho_EigVals =  1.3239310986E+11  1.3239312791E+11  1.3239313711E+11
HessDelSqRho_EigVec1 = -1.2185234088E-02  9.9992575275E-01 -9.5153511492E-05
HessDelSqRho_EigVec2 =  9.9992567908E-01  1.2185270714E-02  3.9431604746E-04
HessDelSqRho_EigVec3 = -3.9544624187E-04  9.0341606253E-05  9.9999991773E-01
</CP of DelSqRho>
<CP of DelSqRho>
CP# = 2       
Type = (3,-1)
Coords =  2.24968354055272E+00  2.13855703404306E-02  1.17533829458418E-03
DistFromNuc =  1.7286948137E+00
Rho =  8.1433129114E-02
DelSqRho =  2.3319734771E-01
GradDelSqRho = -1.0009354456E-15 -1.3660947373E-17 -2.9544509200E-18
HessDelSqRho_EigVals = -2.1514070192E-01 -1.7620919435E-01  2.5213589410E+00
HessDelSqRho_EigVec1 = -9.6276656610E-03  9.9995364695E-01 -1.0958616594E-04
HessDelSqRho_EigVec2 = -3.6360676299E-04  1.0609039135E-04  9.9999992827E-01
HessDelSqRho_EigVec3 =  9.9995358684E-01  9.6277048166E-03  3.6256850589E-04
</CP of DelSqRho>
<CP of DelSqRho>
CP# = 3       
Type = (3,+1)
Coords =  4.66284945864764E+00  4.86896705105205E-02  9.20126501913877E-01
DistFromNuc =  1.1455558479E+00
Rho =  4.1932761723E-01
DelSqRho = -9.9419801842E-01
GradDelSqRho =  3.6862873865E-16 -3.9085488318E-17 -5.0723314438E-15
HessDelSqRho_EigVals = -3.2564020518E+01  1.5265382733E+01  1.6231756212E+01
HessDelSqRho_EigVec1 =  5.9821346247E-01  8.1265371882E-03  8.0129558386E-01
HessDelSqRho_EigVec2 = -1.3136754069E-02  9.9991365350E-01 -3.3352530405E-04
HessDelSqRho_EigVec3 =  8.0122910520E-01  1.0326903694E-02 -5.9826856515E-01
</CP of DelSqRho>
<CP of DelSqRho>
CP# = 4       
Type = (3,+1)
Coords =  4.66358469333279E+00  4.85255279075001E-02 -9.16259794152360E-01
DistFromNuc =  1.1455544583E+00
Rho =  4.1932699095E-01
DelSqRho = -9.9418922201E-01
GradDelSqRho = -3.9118014383E-16  1.3389896830E-17  4.8537562858E-15
HessDelSqRho_EigVals = -3.2563919568E+01  1.5265348686E+01  1.6231712485E+01
HessDelSqRho_EigVec1 = -5.9885569411E-01 -7.9836035589E-03  8.0081715748E-01
HessDelSqRho_EigVec2 = -1.3134107480E-02  9.9991373313E-01  1.4669988797E-04
HessDelSqRho_EigVec3 =  8.0074924468E-01  1.0430166555E-02  5.9890889021E-01
</CP of DelSqRho>
<CP of DelSqRho>
CP# = 5       
Type = (3,-1)
Coords =  4.14721498984314E+00  4.11004157180967E-02  1.72836164127962E-03
DistFromNuc =  1.6893913072E-01
Rho =  2.2305795511E+01
DelSqRho =  1.2480853468E+03
GradDelSqRho = -2.9821478620E-11 -2.0805579481E-13 -2.0955459590E-14
HessDelSqRho_EigVals = -4.0341595165E+05 -1.7007205097E+03  1.7940941362E+03
HessDelSqRho_EigVec1 =  9.9994652894E-01  1.0333007753E-02  4.1014407478E-04
HessDelSqRho_EigVec2 = -1.0332970120E-02  9.9994660904E-01 -9.3769355022E-05
HessDelSqRho_EigVec3 = -4.1109109626E-04  8.9526334605E-05  9.9999991149E-01
</CP of DelSqRho>
<CP of DelSqRho>
CP# = 6       
Type = (3,-1)
Coords =  3.81151140700092E+00  3.71323833147991E-02  1.57798056843175E-03
DistFromNuc =  1.6678829589E-01
Rho =  2.2780606309E+01
DelSqRho =  1.2962579720E+03
GradDelSqRho = -3.2856606325E-11  9.7692687273E-14 -8.0430453964E-15
HessDelSqRho_EigVals = -4.5521055986E+05 -3.5060784486E+03  3.6575076410E+02
HessDelSqRho_EigVec1 =  9.9991134338E-01  1.3306742929E-02  4.8576820090E-04
HessDelSqRho_EigVec2 = -1.3306698282E-02  9.9991145746E-01 -9.5026729378E-05
HessDelSqRho_EigVec3 = -4.8698968601E-04  8.8554333744E-05  9.9999987750E-01
</CP of DelSqRho>
<CP of DelSqRho>
CP# = 7       
Type = (3,+1)
Coords =  4.03151392090866E+00  1.99154227746842E-01  1.66618835787766E-03
DistFromNuc =  1.6843672914E-01
Rho =  2.2543297410E+01
DelSqRho =  1.2316659581E+03
GradDelSqRho = -1.0095035918E-11 -6.8105521223E-12 -4.3021142204E-15
HessDelSqRho_EigVals = -4.1032998043E+05  2.2871662987E+03  3.6189839511E+03
HessDelSqRho_EigVec1 =  3.1105698254E-01  9.5039126259E-01  4.0047053177E-05
HessDelSqRho_EigVec2 =  9.5039117160E-01 -3.1105697073E-01  4.2650424049E-04
HessDelSqRho_EigVec3 = -4.1780281866E-04  9.4606756297E-05  9.9999990825E-01
</CP of DelSqRho>
<CP of DelSqRho>
CP# = 8       
Type = (3,+1)
Coords =  4.03557506546078E+00 -1.19037247860229E-01  1.69634362038803E-03
DistFromNuc =  1.6842940380E-01
Rho =  2.2544855838E+01
DelSqRho =  1.2318412494E+03
GradDelSqRho =  1.8514967337E-11 -1.5128343023E-11  5.4158066920E-15
HessDelSqRho_EigVals = -4.1050035744E+05  2.2792056985E+03  3.6125660031E+03
HessDelSqRho_EigVec1 = -3.3521526818E-01  9.4214153705E-01 -2.1940475808E-04
HessDelSqRho_EigVec2 =  9.4214147000E-01  3.3521532940E-01  3.6530119209E-04
HessDelSqRho_EigVec3 = -4.1771326485E-04  8.4255784228E-05  9.9999990921E-01
</CP of DelSqRho>
<CP of DelSqRho>
CP# = 9       
Type = (3,-3)
Coords =  3.85428772165372E+00  3.76841336558170E-02  1.13541803772473E-01
DistFromNuc =  1.6702043971E-01
Rho =  2.2696827634E+01
DelSqRho =  1.2975574973E+03
GradDelSqRho = -5.5191407000E-12 -6.1499416670E-14  9.4111385351E-12
HessDelSqRho_EigVals = -4.5011825909E+05 -3.8279680028E+03 -6.1737744763E+02
HessDelSqRho_EigVec1 =  7.4484965871E-01  1.0017166954E-02 -6.6715713462E-01
HessDelSqRho_EigVec2 = -1.3102280237E-02  9.9991408720E-01  3.8533259342E-04
HessDelSqRho_EigVec3 =  6.6710367722E-01  8.4542648890E-03  7.4491691432E-01
</CP of DelSqRho>
<CP of DelSqRho>
CP# = 10      
Type = (3,-3)
Coords =  3.85437476565408E+00  3.76640307205677E-02 -1.10319715556950E-01
DistFromNuc =  1.6702043632E-01
Rho =  2.2696833854E+01
DelSqRho =  1.2975565568E+03
GradDelSqRho = -3.1925573296E-12  1.3622783457E-14 -2.4171775692E-12
HessDelSqRho_EigVals = -4.5011819264E+05 -3.8278939613E+03 -6.1722206984E+02
HessDelSqRho_EigVec1 =  7.4433059495E-01  1.0137041589E-02  6.6773438268E-01
HessDelSqRho_EigVec2 = -1.3101913843E-02  9.9991400086E-01 -5.7510066377E-04
HessDelSqRho_EigVec3 = -6.6768278792E-01 -8.3205333328E-03  7.4439939780E-01
</CP of DelSqRho>
<CP of DelSqRho>
CP# = 11      
Type = (3,-1)
Coords =  4.70515557864408E+00  4.83996641910747E-02  1.94535116370216E-03
DistFromNuc =  7.2692702738E-01
Rho =  6.6243511735E-01
DelSqRho = -9.6925438105E-01
GradDelSqRho = -2.0039525594E-14 -4.6403852982E-16  1.2115959278E-15
HessDelSqRho_EigVals = -1.8605215466E+01 -6.3093764197E+00  1.3135995552E+02
HessDelSqRho_EigVec1 = -3.9680620876E-04  8.9648562404E-05  9.9999991725E-01
HessDelSqRho_EigVec2 = -1.2369509298E-02  9.9992349022E-01 -9.4550009325E-05
HessDelSqRho_EigVec3 =  9.9992341596E-01  1.2369545793E-02  3.9566694048E-04
</CP of DelSqRho>
<CP of DelSqRho>
CP# = 12      
Type = (3,+1)
Coords =  3.31100197447295E+00  3.10619337800773E-02  1.38606806148876E-03
DistFromNuc =  6.6733449124E-01
Rho =  8.4726908298E-01
DelSqRho = -3.3458086946E+00
GradDelSqRho = -5.6621374256E-15  7.4593109467E-15  7.2424705122E-17
HessDelSqRho_EigVals = -7.1838694968E+00  1.8502915136E+01  2.4321416169E+02
HessDelSqRho_EigVec1 = -1.2532078808E-02  9.9992146595E-01 -9.4479923320E-05
HessDelSqRho_EigVec2 = -4.1059884481E-04  8.9341274229E-05  9.9999991171E-01
HessDelSqRho_EigVec3 =  9.9992138611E-01  1.2532116495E-02  4.0944696693E-04
</CP of DelSqRho>
<CP of DelSqRho>
CP# = 13      
Type = (3,+1)
Coords =  4.29355077303174E+00  4.36863194122853E-01  4.79379253813411E-01
DistFromNuc =  6.9686898051E-01
Rho =  7.7022302228E-01
DelSqRho = -2.5009546145E+00
GradDelSqRho =  1.6653345369E-15 -1.2739809208E-14 -6.7723604502E-15
HessDelSqRho_EigVals = -1.2493377271E+01  1.3947343005E+01  1.7779473969E+02
HessDelSqRho_EigVec1 =  4.5943033068E-01 -7.4691165860E-01  4.8067322112E-01
HessDelSqRho_EigVec2 =  7.8893955197E-01  9.4550159481E-02 -6.0715290552E-01
HessDelSqRho_EigVec3 = -4.0804185397E-01 -6.5816657587E-01 -6.3270736033E-01
</CP of DelSqRho>
<CP of DelSqRho>
CP# = 14      
Type = (3,+1)
Coords =  4.30384052726377E+00 -3.49142100434516E-01  4.79945393819161E-01
DistFromNuc =  6.9690014316E-01
Rho =  7.7016625988E-01
DelSqRho = -2.5009912405E+00
GradDelSqRho =  1.0658141036E-14 -1.2045919817E-14  1.3017364964E-14
HessDelSqRho_EigVals = -1.2507712726E+01  1.3957048538E+01  1.7778653731E+02
HessDelSqRho_EigVec1 =  4.3968588286E-01  7.5929848881E-01  4.7973130950E-01
HessDelSqRho_EigVec2 = -7.9121674402E-01  7.4687555324E-02  6.0695785114E-01
HessDelSqRho_EigVec3 =  4.2503222042E-01 -6.4644224334E-01  6.3360874175E-01
</CP of DelSqRho>
<CP of DelSqRho>
CP# = 15      
Type = (3,-1)
Coords =  3.73530068995576E+00  3.65016790196956E-02  6.77651781462737E-01
DistFromNuc =  7.1834224484E-01
Rho =  6.6351085061E-01
DelSqRho = -9.4912403701E-01
GradDelSqRho =  1.2150003226E-14  1.4116312286E-16 -3.9801495433E-14
HessDelSqRho_EigVals = -1.5435194922E+01 -1.2095549801E+01  1.4106957287E+02
HessDelSqRho_EigVec1 =  9.2958997664E-01  1.2264943086E-02  3.6839115964E-01
HessDelSqRho_EigVec2 = -1.3030127906E-02  9.9991502002E-01 -4.1049984994E-04
HessDelSqRho_EigVec3 = -3.6836488853E-01 -4.4185873838E-03  9.2967079388E-01
</CP of DelSqRho>
<CP of DelSqRho>
CP# = 16      
Type = (3,-1)
Coords =  3.73585123529600E+00  3.63812508922079E-02 -6.74529743242688E-01
DistFromNuc =  7.1834131889E-01
Rho =  6.6351343417E-01
DelSqRho = -9.4915598235E-01
GradDelSqRho = -8.6146367817E-15 -1.1991276028E-16 -2.4619195571E-14
HessDelSqRho_EigVals = -1.5435198033E+01 -1.2095191012E+01  1.4107102117E+02
HessDelSqRho_EigVec1 =  9.2988899487E-01  1.2195480476E-02 -3.6763803866E-01
HessDelSqRho_EigVec2 = -1.3026703122E-02  9.9991512459E-01  2.2048182730E-04
HessDelSqRho_EigVec3 =  3.6760952411E-01  4.5840879612E-03  9.2996893707E-01
</CP of DelSqRho>
<CP of DelSqRho>
CP# = 17      
Type = (3,+3)
Coords =  3.75875878422490E+00  6.35810215833853E-01  1.51802249203187E-03
DistFromNuc =  6.3557639655E-01
Rho =  9.6650064951E-01
DelSqRho = -4.4793292352E+00
GradDelSqRho =  7.5495165675E-15 -5.0404125318E-14 -1.4341284237E-16
HessDelSqRho_EigVals =  1.1910332521E+01  2.4067478331E+01  3.4510783034E+02
HessDelSqRho_EigVec1 =  9.4441370371E-01  3.2875921608E-01  3.6617195495E-04
HessDelSqRho_EigVec2 = -4.1703144865E-04  8.4190166609E-05  9.9999990950E-01
HessDelSqRho_EigVec3 = -3.2875915550E-01  9.4441377095E-01 -2.1661327920E-04
</CP of DelSqRho>
<CP of DelSqRho>
CP# = 18      
Type = (3,+3)
Coords =  3.77471184818020E+00 -5.62568908973191E-01  1.63150092758740E-03
DistFromNuc =  6.3541133426E-01
Rho =  9.6719710640E-01
DelSqRho = -4.4867237953E+00
GradDelSqRho = -3.2196467714E-15 -5.5511151231E-15  5.2583805366E-17
HessDelSqRho_EigVals =  1.1976544504E+01  2.4113610747E+01  3.4597647729E+02
HessDelSqRho_EigVec1 =  9.5275883286E-01 -3.0372755146E-01  4.2530546359E-04
HessDelSqRho_EigVec2 = -4.1644089534E-04  9.3958165139E-05  9.9999990887E-01
HessDelSqRho_EigVec3 =  3.0372756374E-01  9.5275892316E-01  3.6965101712E-05
</CP of DelSqRho>
<CP of DelSqRho>
CP# = 19      
Type = (3,+1)
Coords =  4.29393332471808E+00  4.36776431638414E-01 -4.75882141954622E-01
DistFromNuc =  6.9687002501E-01
Rho =  7.7021849810E-01
DelSqRho = -2.5009074683E+00
GradDelSqRho =  4.5241588253E-15  9.1315843775E-15 -2.6728619318E-14
HessDelSqRho_EigVals = -1.2493431960E+01  1.3946950498E+01  1.7779302287E+02
HessDelSqRho_EigVec1 =  4.5981353713E-01 -7.4699879734E-01 -4.8017112351E-01
HessDelSqRho_EigVec2 = -7.8845509629E-01 -9.4660470515E-02 -6.0776472130E-01
HessDelSqRho_EigVec3 = -4.0854629140E-01 -6.5805181567E-01  6.3250117445E-01
</CP of DelSqRho>
<CP of DelSqRho>
CP# = 20      
Type = (3,+1)
Coords =  4.30422343905529E+00 -3.49225940004688E-01 -4.76299881179405E-01
DistFromNuc =  6.9690129082E-01
Rho =  7.7016173592E-01
DelSqRho = -2.5009467735E+00
GradDelSqRho = -8.2381323985E-13  2.2204460493E-14  5.9874327718E-13
HessDelSqRho_EigVals = -1.2507724521E+01  1.3956670213E+01  1.7778470085E+02
HessDelSqRho_EigVec1 =  4.4006831784E-01  7.5921434456E-01 -4.7951376898E-01
HessDelSqRho_EigVec2 = -7.9073251253E-01  7.4581004579E-02 -6.0760165189E-01
HessDelSqRho_EigVec3 = -4.2553727130E-01  6.4655336420E-01  6.3315620346E-01
</CP of DelSqRho>
<CP of DelSqRho>
CP# = 21      
Type = (3,+3)
Coords =  4.41112831310566E+00  4.53458146508533E-02  5.90612474296553E-01
DistFromNuc =  7.3092778517E-01
Rho =  7.3609714203E-01
DelSqRho = -2.9096741047E+00
GradDelSqRho = -5.8662102953E-13  5.2189437667E-13 -8.3696938269E-13
HessDelSqRho_EigVals =  1.0334410872E+01  2.2413699727E+01  1.3158216860E+02
HessDelSqRho_EigVec1 = -1.3004973532E-02  9.9991518195E-01 -7.0679997032E-04
HessDelSqRho_EigVec2 =  8.0920395183E-01  1.0109330246E-02 -5.8744086152E-01
HessDelSqRho_EigVec3 =  5.8738389066E-01  8.2115981849E-03  8.0926678830E-01
</CP of DelSqRho>
<CP of DelSqRho>
CP# = 22      
Type = (3,+3)
Coords =  4.41159954691367E+00  4.52402960390212E-02 -5.86950394741326E-01
DistFromNuc =  7.3092911263E-01
Rho =  7.3609215896E-01
DelSqRho = -2.9096241287E+00
GradDelSqRho = -2.4806545706E-13  5.9483624623E-13  3.5485503425E-13
HessDelSqRho_EigVals =  1.0334374639E+01  2.2413322772E+01  1.3158062803E+02
HessDelSqRho_EigVec1 = -1.3004676043E-02  9.9991530163E-01  5.1765930505E-04
HessDelSqRho_EigVec2 =  8.0873584685E-01  1.0213785973E-02  5.8808333474E-01
HessDelSqRho_EigVec3 = -5.8802823778E-01 -8.0664828912E-03  8.0880017522E-01
</CP of DelSqRho>
<CP of DelSqRho>
CP# = 23      
Type = (3,-3)
Coords =  3.57050154045234E+00  3.37887802403765E-02  1.06509153532023E+00
DistFromNuc =  1.1389498662E+00
Rho =  2.4574031352E-01
DelSqRho =  8.4192752187E-01
GradDelSqRho = -4.0271605495E-15 -9.9013408150E-16  8.2781004274E-15
HessDelSqRho_EigVals = -1.7616561366E+01 -1.8961582664E+00 -5.0735167548E-01
HessDelSqRho_EigVec1 = -3.9871695519E-01 -5.3570976744E-03  9.1705839026E-01
HessDelSqRho_EigVec2 =  9.1697756611E-01  1.2175292171E-02  3.9875293792E-01
HessDelSqRho_EigVec3 = -1.3301612276E-02  9.9991152797E-01  5.7842963783E-05
</CP of DelSqRho>
<CP of DelSqRho>
CP# = 24      
Type = (3,-3)
Coords =  3.57136092179879E+00  3.36001092126770E-02 -1.06210248841698E+00
DistFromNuc =  1.1389507929E+00
Rho =  2.4573992892E-01
DelSqRho =  8.4192646229E-01
GradDelSqRho = -7.3604317086E-14  1.9523638484E-13 -2.6269438014E-13
HessDelSqRho_EigVals = -1.7616610733E+01 -1.8961997609E+00 -5.0730348283E-01
HessDelSqRho_EigVec1 =  3.9797507472E-01  5.5197577679E-03  9.1737962272E-01
HessDelSqRho_EigVec2 =  9.1729983357E-01  1.2101594242E-02 -3.9801327459E-01
HessDelSqRho_EigVec3 = -1.3298692825E-02  9.9991153793E-01 -2.4714000894E-04
</CP of DelSqRho>
<CP of DelSqRho>
CP# = 25      
Type = (3,+1)
Coords =  2.75658163645694E+00  3.01517145818428E-02  1.15938986882449E-03
DistFromNuc =  1.2217380362E+00
Rho =  2.4094502844E-01
DelSqRho =  4.7775721666E-01
GradDelSqRho =  3.2022995367E-15 -7.8453411302E-15 -6.4311823553E-17
HessDelSqRho_EigVals = -1.2554454702E+01  2.1282673935E-01  6.8731616341E-01
HessDelSqRho_EigVec1 =  9.9997021891E-01  7.7066400748E-03  4.1108741952E-04
HessDelSqRho_EigVec2 = -7.7066019196E-03  9.9997029925E-01 -9.4318591573E-05
HessDelSqRho_EigVec3 = -4.1180208936E-04  9.1147695566E-05  9.9999991106E-01
</CP of DelSqRho>
<CP of DelSqRho>
CP# = 26      
Type = (3,-1)
Coords =  4.14085472249969E+00  1.01220911298227E+00  6.69917264504868E-01
DistFromNuc =  1.1914084507E+00
Rho =  2.4503083942E-01
DelSqRho =  7.1230368639E-01
GradDelSqRho = -1.0430024899E-16  2.6714741530E-16  8.6736173799E-17
HessDelSqRho_EigVals = -1.7192579187E+01 -1.1886455771E+00  2.8640975943E-01
HessDelSqRho_EigVec1 =  1.1779251089E-01  8.2428462877E-01  5.5378675963E-01
HessDelSqRho_EigVec2 =  6.7513932804E-01 -4.7543041070E-01  5.6405036327E-01
HessDelSqRho_EigVec3 =  7.2822511087E-01  3.0744231222E-01 -6.1250911222E-01
</CP of DelSqRho>
<CP of DelSqRho>
CP# = 27      
Type = (3,-1)
Coords =  4.16685796873496E+00 -9.28806776103946E-01  6.69895323388761E-01
DistFromNuc =  1.1913965245E+00
Rho =  2.4502703774E-01
DelSqRho =  7.1250151179E-01
GradDelSqRho = -1.7747489676E-13  4.6252585095E-13 -1.4075372812E-13
HessDelSqRho_EigVals = -1.7199557274E+01 -1.1855539018E+00  2.8598151152E-01
HessDelSqRho_EigVec1 = -1.3989713120E-01  8.2081915971E-01 -5.5379120590E-01
HessDelSqRho_EigVec2 =  6.6194074062E-01  4.9347234767E-01  5.6419810172E-01
HessDelSqRho_EigVec3 =  7.3638525826E-01 -2.8764726512E-01 -6.1236900826E-01
</CP of DelSqRho>
<CP of DelSqRho>
CP# = 28      
Type = (3,-1)
Coords =  4.14140020640249E+00  1.01209163583426E+00 -6.66633835265076E-01
DistFromNuc =  1.1914065761E+00
Rho =  2.4503093725E-01
DelSqRho =  7.1231177684E-01
GradDelSqRho =  2.3804205135E-12 -1.0271401785E-12  2.5881154858E-12
HessDelSqRho_EigVals = -1.7192796129E+01 -1.1886632254E+00  2.8639218160E-01
HessDelSqRho_EigVec1 =  1.1824605629E-01  8.2418820900E-01 -5.5383360887E-01
HessDelSqRho_EigVec2 = -6.7558198818E-01  4.7553659216E-01  5.6343049862E-01
HessDelSqRho_EigVec3 =  7.2774092054E-01  3.0753657614E-01  6.1303703551E-01
</CP of DelSqRho>
<CP of DelSqRho>
CP# = 29      
Type = (3,-1)
Coords =  4.16740391644902E+00 -9.28929615042537E-01 -6.66242059636563E-01
DistFromNuc =  1.1913949912E+00
Rho =  2.4502714103E-01
DelSqRho =  7.1250741556E-01
GradDelSqRho = -7.3920904120E-16  2.5743296383E-15  2.9472951857E-15
HessDelSqRho_EigVals = -1.7199737660E+01 -1.1855514968E+00  2.8596868871E-01
HessDelSqRho_EigVec1 = -1.4035130984E-01  8.2092168758E-01  5.5352424760E-01
HessDelSqRho_EigVec2 = -6.6238388455E-01 -4.9337552718E-01  5.6376251975E-01
HessDelSqRho_EigVec3 =  7.3590019657E-01 -2.8752073323E-01  6.1301119782E-01
</CP of DelSqRho>
<CP of DelSqRho>
CP# = 30      
Type = (3,-3)
Coords =  5.12320845736013E+00  2.34676111122463E-01  2.09881616019136E-03
DistFromNuc =  1.1614657071E+00
Rho =  2.5259857050E-01
DelSqRho =  8.5574131761E-01
GradDelSqRho =  3.2335245592E-15  1.6306400674E-15 -3.3837272177E-17
HessDelSqRho_EigVals = -1.6825280494E+01 -3.9346473881E+00 -3.4427675530E-02
HessDelSqRho_EigVec1 =  9.8599320942E-01  1.6678503713E-01  3.7730908905E-04
HessDelSqRho_EigVec2 = -3.9808088328E-04  9.1111231482E-05  9.9999991662E-01
HessDelSqRho_EigVec3 = -1.6678498884E-01  9.8599327741E-01 -1.5622899044E-04
</CP of DelSqRho>
<CP of DelSqRho>
CP# = 31      
Type = (3,-3)
Coords =  5.12649969838028E+00 -1.35445443800530E-01  2.13334794195863E-03
DistFromNuc =  1.1614433029E+00
Rho =  2.5253666436E-01
DelSqRho =  8.5582365850E-01
GradDelSqRho = -1.1865508576E-15  3.5388358910E-16  4.7918686705E-16
HessDelSqRho_EigVals = -1.6840921733E+01 -3.9074015627E+00 -4.1156804959E-02
HessDelSqRho_EigVec1 =  9.8881125714E-01 -1.4917148625E-01  4.0674679796E-04
HessDelSqRho_EigVec2 = -3.9799120318E-04  8.8546293515E-05  9.9999991688E-01
HessDelSqRho_EigVec3 =  1.4917150987E-01  9.8881133683E-01 -2.8186632513E-05
</CP of DelSqRho>
<CP of DelSqRho>
CP# = 32      
Type = (3,-1)
Coords =  5.13930423150734E+00  6.67817688406081E-02  2.12040691089368E-03
DistFromNuc =  1.1613434147E+00
Rho =  2.5313597795E-01
DelSqRho =  8.5561131839E-01
GradDelSqRho = -5.3082538365E-15  2.0404684886E-16 -2.4533462284E-16
HessDelSqRho_EigVals = -1.6687841796E+01 -4.1704392128E+00  1.9629278809E-02
HessDelSqRho_EigVec1 =  9.9972492922E-01  2.3450147031E-02  3.9561267069E-04
HessDelSqRho_EigVec2 = -3.9782879279E-04  8.9838410304E-05  9.9999991683E-01
HessDelSqRho_EigVec3 = -2.3450109540E-02  9.9972500346E-01 -9.9142842066E-05
</CP of DelSqRho>
<CP of DelSqRho>
CP# = 33      
Type = (3,+1)
Coords =  5.25959833045469E+00 -7.87971215123534E-01  1.29557704552157E+00
DistFromNuc =  2.0001117299E+00
Rho =  7.5265767357E-02
DelSqRho =  1.8192119807E-01
GradDelSqRho = -2.7866706338E-16  4.8355416893E-17 -1.1248597540E-16
HessDelSqRho_EigVals = -1.6780656057E+00  2.5655511712E-02  5.7835645426E-01
HessDelSqRho_EigVec1 = -5.5115633828E-01  7.5821889804E-01 -3.4832570021E-01
HessDelSqRho_EigVec2 =  7.7650258583E-01  3.1328708217E-01 -5.4671284817E-01
HessDelSqRho_EigVec3 =  3.0540207102E-01  5.7180005841E-01  7.6142909599E-01
</CP of DelSqRho>
<CP of DelSqRho>
CP# = 34      
Type = (3,+1)
Coords =  5.26060084237683E+00 -7.88216720037959E-01 -1.29111210773170E+00
DistFromNuc =  2.0001142387E+00
Rho =  7.5266014680E-02
DelSqRho =  1.8191953050E-01
GradDelSqRho =  8.9038748163E-15 -1.2480142787E-14  4.3359955383E-15
HessDelSqRho_EigVals = -1.6780424884E+00  2.5658626201E-02  5.7834908072E-01
HessDelSqRho_EigVec1 = -5.5140217268E-01  7.5829288826E-01  3.4777512787E-01
HessDelSqRho_EigVec2 =  7.7607631362E-01  3.1332872301E-01  5.4729394915E-01
HessDelSqRho_EigVec3 = -3.0604117272E-01 -5.7167911186E-01  7.6126328800E-01
</CP of DelSqRho>
<CP of DelSqRho>
CP# = 35      
Type = (3,+1)
Coords =  5.23635792944110E+00  9.01488347230589E-01  1.29575732494319E+00
DistFromNuc =  2.0001803848E+00
Rho =  7.5259584205E-02
DelSqRho =  1.8185987453E-01
GradDelSqRho =  1.0196921432E-16  4.2576619314E-16 -1.1769014582E-16
HessDelSqRho_EigVals = -1.6763610679E+00  2.5732217480E-02  5.7851578691E-01
HessDelSqRho_EigVec1 =  5.3017461776E-01  7.7283014425E-01  3.4878136824E-01
HessDelSqRho_EigVec2 =  7.8475141891E-01 -2.9149489189E-01 -5.4698806067E-01
HessDelSqRho_EigVec3 =  3.2106087460E-01 -5.6370585960E-01  7.6102274516E-01
</CP of DelSqRho>
<CP of DelSqRho>
CP# = 36      
Type = (3,+1)
Coords =  5.23738673939401E+00  9.01259941408529E-01 -1.29159303748125E+00
DistFromNuc =  2.0001820659E+00
Rho =  7.5259926380E-02
DelSqRho =  1.8185902920E-01
GradDelSqRho =  2.6492480085E-16  4.3498191160E-16 -2.4931228956E-16
HessDelSqRho_EigVals = -1.6763584608E+00  2.5733460951E-02  5.7850651403E-01
HessDelSqRho_EigVec1 =  5.3044369043E-01  7.7277237890E-01 -3.4850013155E-01
HessDelSqRho_EigVec2 =  7.8431608465E-01 -2.9138154482E-01  5.4767241550E-01
HessDelSqRho_EigVec3 = -3.2167960869E-01  5.6384363590E-01  7.6065930850E-01
</CP of DelSqRho>
<Path of -GradDelSqRho>
Starting CP# =      3
Ending CP# =      0
Number of Points =     29
  4.6628494586E+00  4.8689670511E-02  9.2012650191E-01  4.1932761723E-01 -9.9419801842E-01
  4.6778051729E+00  4.8892830160E-02  9.4015860959E-01  4.0899332441E-01 -1.0043502850E+00
  4.6927614087E+00  4.9095976136E-02  9.6019032796E-01  3.9967889627E-01 -1.0347578651E+00
  4.7077177020E+00  4.9299099136E-02  9.8022200370E-01  3.9135686353E-01 -1.0854547075E+00
  4.7226735431E+00  4.9502190030E-02  1.0002540174E+00  3.8399485876E-01 -1.1565936702E+00
  4.7376284403E+00  4.9705240829E-02  1.0202867361E+00  3.7755572859E-01 -1.2483582840E+00
  4.7525819902E+00  4.9908245783E-02  1.0403204610E+00  3.7199756506E-01 -1.3607835586E+00
  4.7675339572E+00  5.0111202627E-02  1.0603553678E+00  3.6727378013E-01 -1.4934543511E+00
  4.7824843649E+00  5.0314114083E-02  1.0803914387E+00  3.6333343918E-01 -1.6450561011E+00
  4.7974336105E+00  5.0516989771E-02  1.1004283770E+00  3.6012219260E-01 -1.8127910258E+00
  4.8123826177E+00  5.0719848874E-02  1.1204654934E+00  3.5758428300E-01 -1.9917685992E+00
  4.8273330549E+00  5.0922724021E-02  1.1405015426E+00  3.5566620952E-01 -2.1746523696E+00
  4.8422876209E+00  5.1125666377E-02  1.1605345096E+00  3.5432260088E-01 -2.3520849043E+00
  4.8572501433E+00  5.1328747219E-02  1.1805615330E+00  3.5352453563E-01 -2.5146414112E+00
  4.8722239202E+00  5.1532026952E-02  1.2005801410E+00  3.5326978909E-01 -2.6571126926E+00
  4.8872032285E+00  5.1735398553E-02  1.2205946098E+00  3.5359320346E-01 -2.7855592007E+00
  4.9021608005E+00  5.1938359676E-02  1.2406253271E+00  3.5457372484E-01 -2.9266301222E+00
  4.9170704148E+00  5.2140432607E-02  1.2606917728E+00  3.5633302303E-01 -3.1371485419E+00
  4.9319381562E+00  5.2341734767E-02  1.2807892752E+00  3.5901968385E-01 -3.5103050750E+00
  4.9467811984E+00  5.2542583788E-02  1.3009050332E+00  3.6277403091E-01 -4.1736358214E+00
  4.9616108156E+00  5.2743186849E-02  1.3210306934E+00  3.6767212116E-01 -5.2739506428E+00
  4.9764327967E+00  5.2943649866E-02  1.3411619797E+00  3.7365349779E-01 -6.9460128778E+00
  4.9912500680E+00  5.3144026165E-02  1.3612967337E+00  3.8044549256E-01 -9.2656066518E+00
  5.0060641690E+00  5.3344343666E-02  1.3814338210E+00  3.8750540517E-01 -1.2194359621E+01
  5.0208759433E+00  5.3544617596E-02  1.4015726202E+00  3.9400746706E-01 -1.5533036054E+01
  5.0356858621E+00  5.3744856426E-02  1.4217127842E+00  3.9889937587E-01 -1.8908282444E+01
  5.0504941746E+00  5.3945064664E-02  1.4418541296E+00  4.0103891737E-01 -2.1816965970E+01
  5.0653009533E+00  5.4145243782E-02  1.4619966030E+00  3.9939465310E-01 -2.3734624095E+01
  5.0771447764E+00  5.4305358679E-02  1.4781117579E+00  3.9486689349E-01 -2.4279278482E+01
</Path of -GradDelSqRho>
<Path of -GradDelSqRho>
Starting CP# =      3
Ending CP# =     21
Number of Points =     17
  4.6628494586E+00  4.8689670511E-02  9.2012650191E-01  4.1932761723E-01 -9.9419801842E-01
  4.6478945934E+00  4.8486505823E-02  9.0009376050E-01  4.3070409354E-01 -1.0044081146E+00
  4.6329408175E+00  4.8283342960E-02  8.8006020587E-01  4.4313951361E-01 -1.0352003725E+00
  4.6179881545E+00  4.8080187056E-02  8.6002582051E-01  4.5664453138E-01 -1.0868376101E+00
  4.6030363944E+00  4.7877040618E-02  8.3999076121E-01  4.7122304975E-01 -1.1595193448E+00
  4.5880850553E+00  4.7673903085E-02  8.1995538761E-01  4.8687154451E-01 -1.2532423950E+00
  4.5731333412E+00  4.7470770452E-02  7.9992029381E-01  5.0357844472E-01 -1.3676323469E+00
  4.5581800874E+00  4.7267634934E-02  7.7988634921E-01  5.2132367822E-01 -1.5017513782E+00
  4.5432236813E+00  4.7064484587E-02  7.5985475811E-01  5.4007851025E-01 -1.6538899949E+00
  4.5282619382E+00  4.6861302858E-02  7.3982715329E-01  5.5980581941E-01 -1.8213521975E+00
  4.5132918958E+00  4.6658067946E-02  7.1980575189E-01  5.8046096762E-01 -2.0002447258E+00
  4.4983094495E+00  4.6454751871E-02  6.9979363216E-01  6.0199342797E-01 -2.1852801073E+00
  4.4833086505E+00  4.6251318976E-02  6.7979526770E-01  6.2434933709E-01 -2.3695981075E+00
  4.4682801862E+00  4.6047723279E-02  6.5981768886E-01  6.4747513437E-01 -2.5445967490E+00
  4.4532074671E+00  4.5843902914E-02  6.3987348732E-01  6.7132242791E-01 -2.6997350124E+00
  4.4380533566E+00  4.5639765648E-02  6.1999109510E-01  6.9585404555E-01 -2.8222127506E+00
  4.4111283131E+00  4.5345814651E-02  5.9061247430E-01  7.3609714203E-01 -2.9096741047E+00
</Path of -GradDelSqRho>
<Path of -GradDelSqRho>
Starting CP# =      4
Ending CP# =     22
Number of Points =     17
  4.6635846933E+00  4.8525527908E-02 -9.1625979415E-01  4.1932699095E-01 -9.9418922201E-01
  4.6486137712E+00  4.8325936802E-02 -8.9623901359E-01  4.3070337326E-01 -1.0043992824E+00
  4.6336439362E+00  4.8126348027E-02 -8.7621742016E-01  4.4313870097E-01 -1.0351914163E+00
  4.6186752117E+00  4.7926766700E-02 -8.5619499637E-01  4.5664362751E-01 -1.0868284149E+00
  4.6037073878E+00  4.7727195272E-02 -8.3617189926E-01  4.7122205532E-01 -1.1595097664E+00
  4.5887399827E+00  4.7527633084E-02 -8.1614848893E-01  4.8687045974E-01 -1.2532322555E+00
  4.5737722009E+00  4.7328075988E-02 -7.9612536023E-01  5.0357726945E-01 -1.3676214292E+00
  4.5588028779E+00  4.7128515997E-02 -7.7610338365E-01  5.2132241193E-01 -1.5017394202E+00
  4.5438304019E+00  4.6928940901E-02 -7.5608376504E-01  5.4007715213E-01 -1.6538766816E+00
  4.5288525892E+00  4.6729333792E-02 -7.3606813923E-01  5.5980436849E-01 -1.8213371540E+00
  4.5138664784E+00  4.6529672393E-02 -7.1605872627E-01  5.8045942283E-01 -2.0002275085E+00
  4.4988679664E+00  4.6329928067E-02 -6.9605860852E-01  6.0199178835E-01 -2.1852601943E+00
  4.4838511062E+00  4.6130064205E-02 -6.7607226568E-01  6.2434760190E-01 -2.3695748871E+00
  4.4688065876E+00  4.5930033313E-02 -6.5610673799E-01  6.4747330334E-01 -2.5445695037E+00
  4.4537178249E+00  4.5729770790E-02 -6.3617463540E-01  6.7132050141E-01 -2.6997028944E+00
  4.4385476876E+00  4.5529178148E-02 -6.1630443278E-01  6.9585202450E-01 -2.8221747416E+00
  4.4115995469E+00  4.5240296039E-02 -5.8695039474E-01  7.3609215896E-01 -2.9096241287E+00
</Path of -GradDelSqRho>
<Path of -GradDelSqRho>
Starting CP# =      4
Ending CP# =      0
Number of Points =     29
  4.6635846933E+00  4.8525527908E-02 -9.1625979415E-01  4.1932699095E-01 -9.9418922201E-01
  4.6785564624E+00  4.8725114448E-02 -9.3627994142E-01  4.0899279427E-01 -1.0043414612E+00
  4.6935287513E+00  4.8924687763E-02 -9.5629970007E-01  3.9967846497E-01 -1.0347489769E+00
  4.7085010961E+00  4.9124238486E-02 -9.7631941709E-01  3.9135653427E-01 -1.0854457463E+00
  4.7234729877E+00  4.9323757406E-02 -9.9633947340E-01  3.8399463535E-01 -1.1565846618E+00
  4.7384439347E+00  4.9523236449E-02 -1.0163602364E+00  3.7755561534E-01 -1.2483492977E+00
  4.7534135342E+00  4.9722669783E-02 -1.0363820075E+00  3.7199756686E-01 -1.3607747213E+00
  4.7683815506E+00  4.9922055073E-02 -1.0564049626E+00  3.6727390235E-01 -1.4934458665E+00
  4.7833480077E+00  5.0121394992E-02 -1.0764290837E+00  3.6333368761E-01 -1.6450482736E+00
  4.7983133025E+00  5.0320699146E-02 -1.0964540738E+00  3.6012257332E-01 -1.8127842835E+00
  4.8132783581E+00  5.0519986750E-02 -1.1164792429E+00  3.5758480215E-01 -1.9917635039E+00
  4.8282448420E+00  5.0719290526E-02 -1.1365033443E+00  3.5566687299E-01 -2.1746495896E+00
  4.8432154511E+00  5.0918661816E-02 -1.1565243609E+00  3.5432341388E-01 -2.3520851168E+00
  4.8581940106E+00  5.1118172158E-02 -1.1765394287E+00  3.5352550221E-01 -2.5146450978E+00
  4.8731838165E+00  5.1317882177E-02 -1.1965460731E+00  3.5327091169E-01 -2.6571198107E+00
  4.8881791501E+00  5.1517684393E-02 -1.2165485741E+00  3.5359448265E-01 -2.7855687614E+00
  4.9031527625E+00  5.1717074408E-02 -1.2365673394E+00  3.5457515957E-01 -2.9266397838E+00
  4.9180784478E+00  5.1915572576E-02 -1.2566218699E+00  3.5633461156E-01 -3.1371544162E+00
  4.9329622859E+00  5.2113296827E-02 -1.2767074899E+00  3.5902142563E-01 -3.5103020005E+00
  4.9478214396E+00  5.2310566104E-02 -1.2968113849E+00  3.6277592947E-01 -4.1736183412E+00
  4.9626671765E+00  5.2507588429E-02 -1.3169251927E+00  3.6767418750E-01 -5.2739148048E+00
  4.9775052820E+00  5.2704470142E-02 -1.3370446326E+00  3.7365575364E-01 -6.9459587412E+00
  4.9923386807E+00  5.2901264784E-02 -1.3571675437E+00  3.8044797225E-01 -9.2655410292E+00
  5.0071689110E+00  5.3098000384E-02 -1.3772927906E+00  3.8750815461E-01 -1.2194298133E+01
  5.0219968161E+00  5.3294692225E-02 -1.3974197512E+00  3.9401053875E-01 -1.5533003181E+01
  5.0368228670E+00  5.3491348810E-02 -1.4175480781E+00  3.9890281947E-01 -1.8908308304E+01
  5.0516473125E+00  5.3687974651E-02 -1.4376775875E+00  4.0104276707E-01 -2.1817079476E+01
  5.0664702251E+00  5.3884571200E-02 -1.4578082262E+00  3.9939891477E-01 -2.3734843940E+01
  5.0783269515E+00  5.4041819645E-02 -1.4739139181E+00  3.9487146394E-01 -2.4279584838E+01
</Path of -GradDelSqRho>
<Path of -GradDelSqRho>
Starting CP# =      7
Ending CP# =     17
Number of Points =     35
  4.0315139209E+00  1.9915422775E-01  1.6661883579E-03  2.2543297410E+01  1.2316659581E+03
  4.0392617572E+00  2.2292334159E-01  1.6671773935E-03  1.5632984264E+01  1.1498314889E+03
  4.0469815677E+00  2.4670157778E-01  1.6681545260E-03  1.0948049098E+01  9.8011291076E+02
  4.0546944923E+00  2.7048204845E-01  1.6691287347E-03  7.7814984364E+00  7.7204101721E+02
  4.0623910231E+00  2.9426782907E-01  1.6700959913E-03  5.6493235224E+00  5.7143513924E+02
  4.0700548303E+00  3.1806417120E-01  1.6710493796E-03  4.2145127283E+00  4.0719519378E+02
  4.0776681501E+00  3.4187671066E-01  1.6719813911E-03  3.2463847614E+00  2.8451175163E+02
  4.0852131370E+00  3.6571098496E-01  1.6728845089E-03  2.5900386726E+00  1.9625497016E+02
  4.0926732161E+00  3.8957196635E-01  1.6737517871E-03  2.1421010185E+00  1.3323586761E+02
  4.1000322166E+00  4.1346430849E-01  1.6745764900E-03  1.8332495157E+00  8.8262881310E+01
  4.1072702896E+00  4.3739355178E-01  1.6753503813E-03  1.6166840846E+00  5.6441722873E+01
  4.1143580034E+00  4.6136774021E-01  1.6760612679E-03  1.4607915406E+00  3.4386811169E+01
  4.1212492777E+00  4.8539908862E-01  1.6766901024E-03  1.3443950362E+00  1.9557312894E+01
  4.1278713635E+00  5.0950591259E-01  1.6772069275E-03  1.2535301993E+00  9.9392079722E+00
  4.1341074923E+00  5.3371523986E-01  1.6775639289E-03  1.1791718891E+00  3.9406760286E+00
  4.1397629147E+00  5.5806623912E-01  1.6776819884E-03  1.1156210668E+00  3.5326444606E-01
  4.1444899309E+00  5.8261281252E-01  1.6774214206E-03  1.0594011515E+00 -1.6923395761E+00
  4.1475911640E+00  6.0741156565E-01  1.6765067484E-03  1.0086167174E+00 -2.7885757264E+00
  4.1473643857E+00  6.3237058202E-01  1.6742854374E-03  9.6308338192E-01 -3.3218779172E+00
  4.1388142512E+00  6.5553086983E-01  1.6689854906E-03  9.2811300246E-01 -3.5477668186E+00
  4.1178965377E+00  6.6849258232E-01  1.6597446065E-03  9.1830738523E-01 -3.6642415776E+00
  4.0934056306E+00  6.7337076857E-01  1.6497805375E-03  9.2281935779E-01 -3.7657545462E+00
  4.0685361686E+00  6.7589290210E-01  1.6398376079E-03  9.2969102923E-01 -3.8620746031E+00
  4.0435810536E+00  6.7736890852E-01  1.6299137557E-03  9.3644739547E-01 -3.9529819660E+00
  4.0185904632E+00  6.7801410136E-01  1.6200067783E-03  9.4265513959E-01 -4.0379162066E+00
  3.9935920105E+00  6.7785830472E-01  1.6101217040E-03  9.4822589412E-01 -4.1163511689E+00
  3.9686112903E+00  6.7690413923E-01  1.6002651495E-03  9.5312707222E-01 -4.1878212170E+00
  3.9436739157E+00  6.7515090018E-01  1.5904440791E-03  9.5733837748E-01 -4.2519302479E+00
  3.9188057251E+00  6.7259763303E-01  1.5806656795E-03  9.6084642337E-01 -4.3083579837E+00
  3.8940328447E+00  6.6924353545E-01  1.5709374579E-03  9.6364420944E-01 -4.3568646034E+00
  3.8693817357E+00  6.6508808020E-01  1.5612674432E-03  9.6573102623E-01 -4.3972937452E+00
  3.8448792307E+00  6.6013110749E-01  1.5516645350E-03  9.6711232744E-01 -4.4295738556E+00
  3.8205525639E+00  6.5437290636E-01  1.5421391499E-03  9.6779953729E-01 -4.4537179014E+00
  3.7964293941E+00  6.4781428767E-01  1.5327045561E-03  9.6780979503E-01 -4.4698215075E+00
  3.7587587842E+00  6.3581021583E-01  1.5180224920E-03  9.6650064951E-01 -4.4793292352E+00
</Path of -GradDelSqRho>
<Path of -GradDelSqRho>
Starting CP# =      7
Ending CP# =      1
Number of Points =      7
  4.0315139209E+00  1.9915422775E-01  1.6661883579E-03  2.2543297410E+01  1.2316659581E+03
  4.0237032759E+00  1.7540568298E-01  1.6651726463E-03  3.2770190604E+01  9.8048260379E+02
  4.0158392332E+00  1.5167475995E-01  1.6641342491E-03  4.8010305269E+01 -7.9606163739E+02
  4.0079516463E+00  1.2795164980E-01  1.6630858472E-03  7.0649741559E+01 -6.3869314791E+03
  4.0000470042E+00  1.0423421825E-01  1.6620301983E-03  1.0425402980E+02 -2.0625567869E+04
  3.9921140642E+00  8.0526235896E-02  1.6609625258E-03  1.5467132236E+02 -7.5288664191E+04
  3.9782853131E+00  3.9349326955E-02  1.6590881622E-03  2.9727514002E+02 -3.3291525450E+06
</Path of -GradDelSqRho>
<Path of -GradDelSqRho>
Starting CP# =      8
Ending CP# =      1
Number of Points =      7
  4.0355750655E+00 -1.1903724786E-01  1.6963436204E-03  2.2544855838E+01  1.2318412494E+03
  4.0271606846E+00 -9.5495843559E-02  1.6908461455E-03  3.2772757245E+01  9.8054517164E+02
  4.0186932613E+00 -7.1973458708E-02  1.6853294057E-03  4.8014513007E+01 -7.9664679717E+02
  4.0102024538E+00 -4.8459502399E-02  1.6798041787E-03  7.0656473378E+01 -6.3888006404E+03
  4.0016946983E+00 -2.4951674090E-02  1.6742728043E-03  1.0426480122E+02 -2.0632524602E+04
  3.9931588308E+00 -1.4540380111E-03  1.6687312401E-03  1.5468810441E+02 -7.5312188454E+04
  3.9782853131E+00  3.9349326955E-02  1.6590881622E-03  2.9727514002E+02 -3.3291525450E+06
</Path of -GradDelSqRho>
<Path of -GradDelSqRho>
Starting CP# =      8
Ending CP# =     18
Number of Points =     35
  4.0355750655E+00 -1.1903724786E-01  1.6963436204E-03  2.2544855838E+01  1.2318412494E+03
  4.0439270314E+00 -1.4260087183E-01  1.7018184039E-03  1.5633941916E+01  1.1499823056E+03
  4.0522511260E+00 -1.6617436143E-01  1.7072830419E-03  1.0948651376E+01  9.8023573996E+02
  4.0605683708E+00 -1.8975026864E-01  1.7127451827E-03  7.7818978184E+00  7.7213807515E+02
  4.0688693246E+00 -2.1333191576E-01  1.7182013960E-03  5.6496174009E+00  5.7150568167E+02
  4.0771377596E+00 -2.3692498243E-01  1.7236457811E-03  4.2147618423E+00  4.0724168510E+02
  4.0853560187E+00 -2.6053557032E-01  1.7290719174E-03  3.2466247422E+00  2.8453923413E+02
  4.0935063601E+00 -2.8416968471E-01  1.7344733539E-03  2.5902885513E+00  1.9626863531E+02
  4.1015722992E+00 -3.0783273200E-01  1.7398440986E-03  2.1423693124E+00  1.3323990200E+02
  4.1095377468E+00 -3.3152978903E-01  1.7451783040E-03  1.8335383098E+00  8.8260399748E+01
  4.1173829485E+00 -3.5526691524E-01  1.7504687881E-03  1.6169916927E+00  5.6435037861E+01
  4.1250786067E+00 -3.7905292376E-01  1.7557048867E-03  1.4611142598E+00  3.4377659924E+01
  4.1325788387E+00 -4.0290123267E-01  1.7608698711E-03  1.3447283286E+00  1.9546980877E+01
  4.1398111736E+00 -4.2683205462E-01  1.7659372512E-03  1.2538694970E+00  9.9285988500E+00
  4.1466592074E+00 -4.5087545556E-01  1.7708643075E-03  1.1795131545E+00  3.9303735308E+00
  4.1529285907E+00 -4.7507565185E-01  1.7755792503E-03  1.1159612535E+00  3.4359999401E-01
  4.1582717697E+00 -4.9949549066E-01  1.7799523315E-03  1.0597388513E+00 -1.7012199448E+00
  4.1619898488E+00 -5.2420921882E-01  1.7837179580E-03  1.0089539710E+00 -2.7966586101E+00
  4.1623693718E+00 -5.4916596899E-01  1.7862032368E-03  9.6343407520E-01 -3.3292688095E+00
  4.1543449007E+00 -5.7251081056E-01  1.7852575843E-03  9.2854753294E-01 -3.5548084974E+00
  4.1337231712E+00 -5.8594493851E-01  1.7784571019E-03  9.1886324948E-01 -3.6714576150E+00
