 AIMInt (Version 19.02.13, Professional)
 Portions Copyright (c) 1997-2019 by Todd A. Keith
 AIMInt is a component of the AIMAll package ( http://aim.tkgristmill.com )

 TP:  64-bit Linux

 Licensed To:  Research Group of Fernando Cortes Guzman, UNAM, fercor@unam.mx

 AIMInt is a heavily modified and extended version of the PROAIMV program
 developed by members of R.F.W. Bader's research group

 Much of the Quantum Theory of Atoms in Molecules (QTAIM) is described in the book:
   "Atoms in Molecules - A Quantum Theory"
   R.F.W. Bader, Oxford University Press, Oxford, 1990

 For additional references see:  http://aim.tkgristmill.com/references.html

 Current Directory:  /home/scratch/M_H2O_4_cuadrado_plano/Opt

 Inp File:  V2_cuadrado_plano_cc-pvtz-def2-tzv_1_atomicfiles/o4.inp
 Wfx File:  V2_cuadrado_plano_cc-pvtz-def2-tzv_1.wfx
 Out File:  V2_cuadrado_plano_cc-pvtz-def2-tzv_1_atomicfiles/o4.int

 Wfx Title:   V2_cuadrado_plano_cc-pvtz-def2-tzv_1                                          
 Job Title:   V2_cuadrado_plano_cc-pvtz-def2-tzv_1                                          
 
<Atom>
O4      
</Atom>
<Nuclei of Molecule>
    13
V1        23.0           1.6108166266E-04   3.2908732655E-04   3.0765137008E-04
O2         8.0           3.9782849488E+00   3.9349321053E-02   1.6590880186E-03
H3         1.0           5.0825991021E+00   5.4378779933E-02   1.4856140181E+00
O4         8.0           4.3325034314E-02  -3.8241227814E+00  -1.9902743489E-03
H5         1.0          -1.4320282743E+00  -4.9427483304E+00  -4.0203531039E-03
O6         8.0          -3.9782244778E+00  -4.1060928084E-02   1.7622365986E-03
H7         1.0          -5.0821747550E+00  -5.5434423803E-02   1.4859950123E+00
O8         8.0          -4.3695953129E-02   3.8249547256E+00  -1.9791424429E-03
H9         1.0           1.4313298876E+00   4.9440179623E+00  -2.0327950513E-03
H10        1.0           5.0837882001E+00   5.4113922539E-02  -1.4814130329E+00
H11        1.0          -1.5454062931E+00   4.9079714201E+00  -3.9519616698E-03
H12        1.0           1.5447767386E+00  -4.9075026992E+00  -1.8570332512E-03
H13        1.0          -5.0841059017E+00  -5.5328337610E-02  -1.4810250986E+00
</Nuclei of Molecule>
<Total Number of CPs of DelSqRho>
    36
</Total Number of CPs of DelSqRho>
<Number of (3,+3) CPs of DelSqRho>
     5
</Number of (3,+3) CPs of DelSqRho>
<Number of (3,+1) CPs of DelSqRho>
    14
</Number of (3,+1) CPs of DelSqRho>
<Number of (3,-1) CPs of DelSqRho>
    11
</Number of (3,-1) CPs of DelSqRho>
<Number of (3,-3) CPs of DelSqRho>
     6
</Number of (3,-3) CPs of DelSqRho>
<Number of Degenerate CPs of DelSqRho>
     0
</Number of Degenerate CPs of DelSqRho>
<CP of DelSqRho>
CP# = 1       
Type = (3,+3)
Coords =  4.33250385395912E-02 -3.82412314094676E+00 -1.99027474648497E-03
DistFromNuc =  3.5959680736E-07
Rho =  2.9730383750E+02
DelSqRho = -3.3294057441E+06
GradDelSqRho =  1.2899581670E-07  2.9289035865E-05 -2.3847138486E-08
HessDelSqRho_EigVals =  1.3240279317E+11  1.3240281054E+11  1.3240281944E+11
HessDelSqRho_EigVec1 = -7.3312128714E-04 -7.9145872601E-04  9.9999941806E-01
HessDelSqRho_EigVec2 = -1.2013996158E-02  9.9992752309E-01  7.8259410262E-04
HessDelSqRho_EigVec3 =  9.9992756059E-01  1.2013415431E-02  7.4257673487E-04
</CP of DelSqRho>
<CP of DelSqRho>
CP# = 2       
Type = (3,-1)
Coords =  2.48993857866110E-02 -2.16913216805041E+00 -8.42868764054224E-04
DistFromNuc =  1.6550935778E+00
Rho =  1.0098623878E-01
DelSqRho =  2.7892071058E-01
GradDelSqRho = -4.2110412379E-16  3.2612801348E-15 -1.6087527361E-16
HessDelSqRho_EigVals = -3.3427452773E-01 -2.0217942154E-01  3.3199692264E+00
HessDelSqRho_EigVec1 = -6.0690631609E-04 -6.0389916354E-04  9.9999963349E-01
HessDelSqRho_EigVec2 =  9.9993518651E-01  1.1368646056E-02  6.1373272115E-04
HessDelSqRho_EigVec3 = -1.1369012522E-02  9.9993519250E-01  5.9696031963E-04
</CP of DelSqRho>
<CP of DelSqRho>
CP# = 3       
Type = (3,-1)
Coords =  4.13325750663193E-02 -3.65731713790928E+00 -1.84748573306031E-03
DistFromNuc =  1.6681760391E-01
Rho =  2.2781106652E+01
DelSqRho =  1.2946472468E+03
GradDelSqRho =  1.8816892489E-13 -7.7307049651E-12  9.0032148403E-15
HessDelSqRho_EigVals = -4.5435125260E+05 -3.1366899647E+03  3.7281822789E+02
HessDelSqRho_EigVec1 = -1.1942837594E-02  9.9992831429E-01  8.5726607762E-04
HessDelSqRho_EigVec2 = -7.4334223691E-04 -8.6620522931E-04  9.9999934857E-01
HessDelSqRho_EigVec3 =  9.9992840547E-01  1.1942192572E-02  7.5363389828E-04
</CP of DelSqRho>
<CP of DelSqRho>
CP# = 4       
Type = (3,-1)
Coords =  4.53131291658398E-02 -3.99305886363753E+00 -2.07942158732222E-03
DistFromNuc =  1.6894780365E-01
Rho =  2.2310801259E+01
DelSqRho =  1.2468011558E+03
GradDelSqRho = -7.7746142857E-13  2.5815793947E-11  1.4543921623E-14
HessDelSqRho_EigVals = -4.0309938593E+05 -1.3451430482E+03  1.7828887342E+03
HessDelSqRho_EigVec1 = -1.1767576235E-02  9.9993062214E-01  5.2446429408E-04
HessDelSqRho_EigVec2 = -7.5142594701E-04 -5.3334353577E-04  9.9999957545E-01
HessDelSqRho_EigVec3 =  9.9993047734E-01  1.1767177143E-02  7.5764997540E-04
</CP of DelSqRho>
<CP of DelSqRho>
CP# = 5       
Type = (3,+1)
Coords =  4.39585702494794E-02 -3.88804664052353E+00  1.53872305258664E-01
DistFromNuc =  1.6846306675E-01
Rho =  2.2521313105E+01
DelSqRho =  1.2348573327E+03
GradDelSqRho = -1.0396544736E-13  1.6512125001E-11 -3.5627056860E-11
HessDelSqRho_EigVals = -4.1038767841E+05  1.8768886217E+03  3.2429300815E+03
HessDelSqRho_EigVec1 =  3.7040478613E-03 -3.7475747659E-01  9.2711548028E-01
HessDelSqRho_EigVec2 = -1.1204858765E-02  9.2704808427E-01  3.7477499995E-01
HessDelSqRho_EigVec3 =  9.9993036316E-01  1.1776382553E-02  7.6527412255E-04
</CP of DelSqRho>
<CP of DelSqRho>
CP# = 6       
Type = (3,+1)
Coords =  4.41913800368723E-02 -3.88779022206131E+00 -1.57957330877017E-01
DistFromNuc =  1.6846369425E-01
Rho =  2.2521183308E+01
DelSqRho =  1.2348414558E+03
GradDelSqRho =  2.8001212460E-13 -7.3718808835E-13 -2.6476598691E-12
HessDelSqRho_EigVals = -4.1037294071E+05  1.8776957684E+03  3.2435439254E+03
HessDelSqRho_EigVec1 = -5.0888754727E-03  3.7323190432E-01  9.2772412330E-01
HessDelSqRho_EigVec2 = -1.0655222537E-02  9.2766323014E-01 -3.7326585388E-01
HessDelSqRho_EigVec3 =  9.9993028236E-01  1.1784610435E-02  7.4389366044E-04
</CP of DelSqRho>
<CP of DelSqRho>
CP# = 7       
Type = (3,-3)
Coords =  1.54532467058292E-01 -3.69946726738831E+00 -1.79698222196684E-03
DistFromNuc =  1.6705127245E-01
Rho =  2.2696372528E+01
DelSqRho =  1.2959921430E+03
GradDelSqRho = -1.0547118734E-11 -6.2794214273E-12 -1.7680301667E-14
HessDelSqRho_EigVals = -4.4923733019E+05 -3.4637324526E+03 -6.2710287882E+02
HessDelSqRho_EigVec1 =  6.6298521805E-01  7.4863159075E-01  1.1584358293E-03
HessDelSqRho_EigVec2 = -7.9298914624E-04 -8.4513528037E-04  9.9999932846E-01
HessDelSqRho_EigVec3 =  7.4863206705E-01 -6.6298569146E-01  3.3344527855E-05
</CP of DelSqRho>
<CP of DelSqRho>
CP# = 8       
Type = (3,-3)
Coords = -7.07763376918179E-02 -3.70211048232132E+00 -1.96686691980469E-03
DistFromNuc =  1.6705126387E-01
Rho =  2.2696381963E+01
DelSqRho =  1.2959900675E+03
GradDelSqRho = -1.3845813385E-11 -1.7106316363E-12 -1.7329887525E-15
HessDelSqRho_EigVals = -4.4923722177E+05 -3.4635756330E+03 -6.2677051072E+02
HessDelSqRho_EigVec1 = -6.8036652360E-01  7.3287200273E-01  1.4550821090E-04
HessDelSqRho_EigVec2 = -6.9678280751E-04 -8.4540795352E-04  9.9999939989E-01
HessDelSqRho_EigVec3 =  7.3287168594E-01  6.8036601392E-01  1.0858398820E-03
</CP of DelSqRho>
<CP of DelSqRho>
CP# = 9       
Type = (3,-1)
Coords =  7.12550765501796E-01 -3.57222070952941E+00 -1.31582939835702E-03
DistFromNuc =  7.1506516344E-01
Rho =  6.7431300755E-01
DelSqRho = -1.0267308711E+00
GradDelSqRho = -3.3736902161E-14 -1.2281842210E-14 -7.1340502950E-17
HessDelSqRho_EigVals = -1.6067421621E+01 -1.1583439614E+01  1.4519938802E+02
HessDelSqRho_EigVec1 = -3.8222667597E-01  9.2406838079E-01  6.2912138815E-04
HessDelSqRho_EigVec2 = -6.4904717684E-04 -9.4928485311E-04  9.9999933880E-01
HessDelSqRho_EigVec3 =  9.2406836701E-01  3.8222601491E-01  9.6260596772E-04
</CP of DelSqRho>
<CP of DelSqRho>
CP# = 10      
Type = (3,-1)
Coords = -6.31654248940268E-01 -3.58805531195634E+00 -2.31104912728065E-03
DistFromNuc =  7.1506991675E-01
Rho =  6.7428283323E-01
DelSqRho = -1.0265325342E+00
GradDelSqRho = -3.5091721196E-14  1.7041923428E-14 -8.0095435492E-18
HessDelSqRho_EigVals = -1.6064953012E+01 -1.1582958600E+01  1.4518881471E+02
HessDelSqRho_EigVec1 =  3.6034634403E-01  9.3281806406E-01  9.8575451535E-04
HessDelSqRho_EigVec2 = -7.3458033342E-04 -7.7298097574E-04  9.9999943145E-01
HessDelSqRho_EigVec3 =  9.3281829567E-01 -3.6034686327E-01  4.0668893590E-04
</CP of DelSqRho>
<CP of DelSqRho>
CP# = 11      
Type = (3,+1)
Coords =  3.55267457366587E-02 -3.15948802639826E+00 -1.51308739314206E-03
DistFromNuc =  6.6468067411E-01
Rho =  8.6259078308E-01
DelSqRho = -3.5082166164E+00
GradDelSqRho =  3.2959746044E-17 -1.3489209749E-14 -1.8551376798E-16
HessDelSqRho_EigVals = -6.3790194456E+00  1.9475256483E+01  2.5145032246E+02
HessDelSqRho_EigVec1 = -7.1872510955E-04 -7.3263112322E-04  9.9999947334E-01
HessDelSqRho_EigVec2 =  9.9993082108E-01  1.1739852117E-02  7.2727675299E-04
HessDelSqRho_EigVec3 = -1.1740378759E-02  9.9993081717E-01  7.2414271409E-04
</CP of DelSqRho>
<CP of DelSqRho>
CP# = 12      
Type = (3,-1)
Coords =  5.18803401902119E-02 -4.54696380717252E+00 -2.52709651655754E-03
DistFromNuc =  7.2289185222E-01
Rho =  6.7296403451E-01
DelSqRho = -1.0726709806E+00
GradDelSqRho =  2.0714072818E-13  7.4093509106E-14 -6.0657075608E-13
HessDelSqRho_EigVals = -1.8905745587E+01 -5.2473889496E+00  1.3577531145E+02
HessDelSqRho_EigVec1 =  9.9992968999E-01  1.1838071908E-02  6.8929411224E-04
HessDelSqRho_EigVec2 = -6.8060217480E-04 -7.3824886092E-04  9.9999949588E-01
HessDelSqRho_EigVec3 = -1.1838574811E-02  9.9992965505E-01  7.3013993715E-04
</CP of DelSqRho>
<CP of DelSqRho>
CP# = 13      
Type = (3,+1)
Coords =  5.07806106565953E-01 -4.11556030143511E+00  4.20144921472614E-01
DistFromNuc =  6.9200911709E-01
Rho =  7.7745792387E-01
DelSqRho = -2.5021403308E+00
GradDelSqRho =  4.4061976290E-15 -5.1139648072E-15  4.0929065692E-14
HessDelSqRho_EigVals = -1.2858846200E+01  1.2829811243E+01  1.8498125874E+02
HessDelSqRho_EigVec1 =  5.0359408530E-01 -4.7811762534E-01 -7.1958080408E-01
HessDelSqRho_EigVec2 =  6.0230304622E-01  7.9142010012E-01 -1.0433247643E-01
HessDelSqRho_EigVec3 =  6.1937390789E-01 -3.8086449226E-01  6.8652618360E-01
</CP of DelSqRho>
<CP of DelSqRho>
CP# = 14      
Type = (3,+1)
Coords = -4.14070415486605E-01 -4.12575861328894E+00 -4.24692040993726E-01
DistFromNuc =  6.9200545960E-01
Rho =  7.7746260897E-01
DelSqRho = -2.5021483092E+00
GradDelSqRho = -6.8729744118E-15 -1.3322676296E-14 -1.2965323259E-14
HessDelSqRho_EigVals = -1.2857213425E+01  1.2828577349E+01  1.8498316931E+02
HessDelSqRho_EigVec1 =  4.9224637484E-01  4.9108573759E-01 -7.1869903631E-01
HessDelSqRho_EigVec2 = -6.2086508918E-01  7.7678118068E-01  1.0553453645E-01
HessDelSqRho_EigVec3 =  6.1009839165E-01  3.9426614828E-01  6.8726571050E-01
</CP of DelSqRho>
<CP of DelSqRho>
CP# = 15      
Type = (3,+3)
Coords =  3.97222585642940E-02 -3.55344410646320E+00  5.78209308853571E-01
DistFromNuc =  6.4024329859E-01
Rho =  9.4760401529E-01
DelSqRho = -4.3206854335E+00
GradDelSqRho =  4.4800589020E-14 -3.6536121351E-12 -2.5109359036E-12
HessDelSqRho_EigVals =  9.5458585443E+00  2.2795481503E+01  3.2649563753E+02
HessDelSqRho_EigVec1 = -1.0411150951E-02  9.1491325617E-01 -4.0351622225E-01
HessDelSqRho_EigVec2 =  9.9993114773E-01  1.1710413954E-02  7.5233367434E-04
HessDelSqRho_EigVec3 = -5.4136620513E-03  4.0348060659E-01  9.1497218120E-01
</CP of DelSqRho>
<CP of DelSqRho>
CP# = 16      
Type = (3,+3)
Coords =  4.05698859732013E-02 -3.55243769066607E+00 -5.81741808559540E-01
DistFromNuc =  6.4025949487E-01
Rho =  9.4753537664E-01
DelSqRho = -4.3199621400E+00
GradDelSqRho =  5.0750527912E-14 -4.5443024344E-12  2.3317736630E-12
HessDelSqRho_EigVals =  9.5399284761E+00  2.2790873794E+01  3.2641858367E+02
HessDelSqRho_EigVec1 = -1.1077666836E-02  9.1421865928E-01  4.0506978204E-01
HessDelSqRho_EigVec2 =  9.9993034913E-01  1.1777643276E-02  7.6419924332E-04
HessDelSqRho_EigVec3 =  4.0721221873E-03 -4.0505003413E-01  9.1428545197E-01
</CP of DelSqRho>
<CP of DelSqRho>
CP# = 17      
Type = (3,+1)
Coords = -4.14732609119033E-01 -4.12646627709509E+00  4.19484893193829E-01
DistFromNuc =  6.9200412641E-01
Rho =  7.7747181623E-01
DelSqRho = -2.5023212823E+00
GradDelSqRho = -1.6694978733E-14 -2.4633073359E-14  2.1475876633E-14
HessDelSqRho_EigVals = -1.2857708392E+01  1.2831544041E+01  1.8498991105E+02
HessDelSqRho_EigVec1 =  4.9112433330E-01  4.8988364983E-01  7.2028528992E-01
HessDelSqRho_EigVec2 =  6.2069685033E-01 -7.7695975988E-01  1.0520908478E-01
HessDelSqRho_EigVec3 =  6.1117289635E-01  3.9540806917E-01 -6.8565308255E-01
</CP of DelSqRho>
<CP of DelSqRho>
CP# = 18      
Type = (3,+1)
Coords =  5.08364213749540E-01 -4.11485486857342E+00 -4.23989422549485E-01
DistFromNuc =  6.9200423844E-01
Rho =  7.7747539498E-01
DelSqRho = -2.5023161463E+00
GradDelSqRho =  9.2113816574E-15 -9.6450625264E-15 -2.3175905639E-14
HessDelSqRho_EigVals = -1.2855525613E+01  1.2830339438E+01  1.8498605450E+02
HessDelSqRho_EigVec1 =  5.0262252015E-01 -4.7932903199E-01  7.1945415513E-01
HessDelSqRho_EigVec2 = -6.0217178133E-01 -7.9123586312E-01 -1.0646574421E-01
HessDelSqRho_EigVec3 =  6.2029005152E-01 -3.7972290951E-01 -6.8633138059E-01
</CP of DelSqRho>
<CP of DelSqRho>
CP# = 19      
Type = (3,+3)
Coords =  6.34634139633138E-01 -4.24687967598689E+00 -1.96828590058926E-03
DistFromNuc =  7.2689053540E-01
Rho =  7.4691588868E-01
DelSqRho = -3.0322537403E+00
GradDelSqRho =  1.5190973479E-14  7.4037997955E-15  4.8246996676E-17
HessDelSqRho_EigVals =  1.1632666128E+01  2.2891956997E+01  1.3606032590E+02
HessDelSqRho_EigVec1 = -6.2724621661E-04 -8.6499614504E-04  9.9999942917E-01
HessDelSqRho_EigVec2 =  5.7803349088E-01  8.1601234176E-01  1.0684174600E-03
HessDelSqRho_EigVec3 =  8.1601280013E-01 -5.7803383109E-01  1.1843912752E-05
</CP of DelSqRho>
<CP of DelSqRho>
CP# = 20      
Type = (3,+3)
Coords = -5.37819971013547E-01 -4.26074878518442E+00 -2.77843873862175E-03
DistFromNuc =  7.2689229300E-01
Rho =  7.4691761643E-01
DelSqRho = -3.0323554856E+00
GradDelSqRho =  3.4772532076E-15  6.9250161161E-15 -3.1577388274E-16
HessDelSqRho_EigVals =  1.1633551435E+01  2.2892469296E+01  1.3605888747E+02
HessDelSqRho_EigVec1 = -7.4694953238E-04 -7.9004246219E-04  9.9999940895E-01
HessDelSqRho_EigVec2 = -5.9716884534E-01  8.0211553716E-01  1.8765045507E-04
HessDelSqRho_EigVec3 =  8.0211521132E-01  5.9716835222E-01  1.0709285703E-03
</CP of DelSqRho>
<CP of DelSqRho>
CP# = 21      
Type = (3,-3)
Coords =  1.10046766940434E+00 -3.39504596523978E+00 -8.87211050183978E-04
DistFromNuc =  1.1409025733E+00
Rho =  2.4622090282E-01
DelSqRho =  8.4789413227E-01
GradDelSqRho = -1.0055845046E-13 -6.9547232556E-14 -8.9667385523E-14
HessDelSqRho_EigVals = -1.7738295692E+01 -1.8868842011E+00 -5.3065278141E-01
HessDelSqRho_EigVec1 =  9.1061213934E-01  4.1326087869E-01  9.8885475970E-04
HessDelSqRho_EigVec2 = -4.1326148019E-01  9.1061226531E-01  5.0126349918E-04
HessDelSqRho_EigVec3 = -6.9331067867E-04 -8.6511220905E-04  9.9999938545E-01
</CP of DelSqRho>
<CP of DelSqRho>
CP# = 22      
Type = (3,-3)
Coords = -1.02363292065036E+00 -3.42010946004477E+00 -2.33817041709567E-03
DistFromNuc =  1.1408883217E+00
Rho =  2.4621504626E-01
DelSqRho =  8.4785013613E-01
GradDelSqRho =  5.8295382410E-15 -2.6901224304E-15  5.0640796488E-16
HessDelSqRho_EigVals = -1.7738861080E+01 -1.8859658143E+00 -5.3031655917E-01
HessDelSqRho_EigVec1 =  9.2010550435E-01 -3.9167050554E-01  2.7559595078E-04
HessDelSqRho_EigVec2 =  3.9167000617E-01  9.2010510355E-01  1.0975814919E-03
HessDelSqRho_EigVec3 = -6.8346753863E-04 -9.0194810440E-04  9.9999935968E-01
</CP of DelSqRho>
<CP of DelSqRho>
CP# = 23      
Type = (3,+1)
Coords =  2.90471105439289E-02 -2.59556820938381E+00 -2.01311467270668E-03
DistFromNuc =  1.2286375365E+00
Rho =  2.4318845571E-01
DelSqRho =  4.7219888771E-01
GradDelSqRho = -1.3247324245E-15 -6.5407748662E-15 -7.0462976816E-16
HessDelSqRho_EigVals = -1.1933463318E+01  9.7201814558E-02  7.3182916889E-01
HessDelSqRho_EigVec1 = -1.1608148863E-02  9.9993262292E-01 -2.2206060269E-05
HessDelSqRho_EigVec2 = -6.5102339271E-04  1.4649866170E-05  9.9999978798E-01
HessDelSqRho_EigVec3 =  9.9993241124E-01  1.1608160858E-02  6.5080947083E-04
</CP of DelSqRho>
<CP of DelSqRho>
CP# = 24      
Type = (3,-3)
Coords =  5.60678016619801E-02 -4.92315150172440E+00  3.79558306535238E-01
DistFromNuc =  1.1634456695E+00
Rho =  2.4969389729E-01
DelSqRho =  8.5392675085E-01
GradDelSqRho =  2.0124147574E-16 -7.5573228231E-15  2.6194324487E-15
HessDelSqRho_EigVals = -1.7325440216E+01 -3.1151582432E+00 -1.3159556440E-01
HessDelSqRho_EigVec1 = -1.0949303123E-02  9.4419665873E-01 -3.2920021628E-01
HessDelSqRho_EigVec2 =  9.9992960204E-01  1.1844110764E-02  7.1275012441E-04
HessDelSqRho_EigVec3 = -4.5720601112E-03  3.2916923714E-01  9.4425987397E-01
</CP of DelSqRho>
<CP of DelSqRho>
CP# = 25      
Type = (3,-3)
Coords =  5.66089789079139E-02 -4.92262985591159E+00 -3.85048418605512E-01
DistFromNuc =  1.1634551121E+00
Rho =  2.4969846814E-01
DelSqRho =  8.5390032916E-01
GradDelSqRho = -3.2278053928E-16  5.7003013421E-15  2.4260107812E-15
HessDelSqRho_EigVals = -1.7324001310E+01 -3.1168862629E+00 -1.3118950964E-01
HessDelSqRho_EigVec1 = -1.1414310627E-02  9.4374238473E-01  3.3048453032E-01
HessDelSqRho_EigVec2 =  9.9992959741E-01  1.1844545901E-02  7.1200620248E-04
HessDelSqRho_EigVec3 =  3.2424887575E-03 -3.3046939041E-01  9.4381114015E-01
</CP of DelSqRho>
<CP of DelSqRho>
CP# = 26      
Type = (3,-1)
Coords =  7.45780367826206E-01 -3.94892280404227E+00  9.48167470289221E-01
DistFromNuc =  1.1881995964E+00
Rho =  2.4396966235E-01
DelSqRho =  7.2210243651E-01
GradDelSqRho =  9.9312919000E-17  1.5330618719E-16 -1.2568071583E-15
HessDelSqRho_EigVals = -1.7223567901E+01 -1.2992925345E+00  3.0016624952E-01
HessDelSqRho_EigVec1 =  5.8287248810E-01 -8.3542022682E-02  8.0825762790E-01
HessDelSqRho_EigVec2 =  5.5288131702E-01 -6.8816744421E-01 -4.6983807638E-01
HessDelSqRho_EigVec3 =  5.9546780929E-01  7.2072623039E-01 -3.5492504691E-01
</CP of DelSqRho>
<CP of DelSqRho>
CP# = 27      
Type = (3,-1)
Coords = -6.57270869087677E-01 -3.96553654398797E+00  9.47207841664299E-01
DistFromNuc =  1.1881959163E+00
Rho =  2.4396611526E-01
DelSqRho =  7.2213923739E-01
GradDelSqRho = -7.0082828429E-16 -5.9305858835E-17  6.0541849312E-16
HessDelSqRho_EigVals = -1.7224799252E+01 -1.2990068874E+00  2.9998005649E-01
HessDelSqRho_EigVec1 = -5.8183223323E-01 -9.7331416018E-02  8.0746383685E-01
HessDelSqRho_EigVec2 =  5.3584480738E-01  7.0099665600E-01  4.7061027473E-01
HessDelSqRho_EigVec3 = -6.1183461391E-01  7.0649153126E-01 -3.5570791598E-01
</CP of DelSqRho>
<CP of DelSqRho>
CP# = 28      
Type = (3,-1)
Coords =  7.47041128129801E-01 -3.94736918075750E+00 -9.51425259391868E-01
DistFromNuc =  1.1882057088E+00
Rho =  2.4396966144E-01
DelSqRho =  7.2207656856E-01
GradDelSqRho = -3.0416207747E-14  1.0645672711E-14  5.7133117681E-14
HessDelSqRho_EigVals = -1.7223212551E+01 -1.2991607454E+00  3.0016423399E-01
HessDelSqRho_EigVec1 = -5.8393708511E-01  8.2220997179E-02  8.0762441039E-01
HessDelSqRho_EigVec2 =  5.5225469721E-01 -6.8894475928E-01  4.6943569109E-01
HessDelSqRho_EigVec3 =  5.9500607564E-01  7.2013528332E-01  3.5689346263E-01
</CP of DelSqRho>
<CP of DelSqRho>
CP# = 29      
Type = (3,-1)
Coords = -6.55929651513473E-01 -3.96388560639102E+00 -9.52422359291704E-01
DistFromNuc =  1.1881969159E+00
Rho =  2.4396587378E-01
DelSqRho =  7.2210578962E-01
GradDelSqRho =  6.4376889236E-14 -3.3038892802E-15  7.8626341549E-14
HessDelSqRho_EigVals = -1.7223733906E+01 -1.2991946508E+00  2.9998203103E-01
HessDelSqRho_EigVec1 =  5.8069294327E-01  9.5920319239E-02  8.0845222369E-01
HessDelSqRho_EigVec2 =  5.3650294167E-01  7.0182153712E-01 -4.6862684901E-01
HessDelSqRho_EigVec3 = -6.1234001928E-01  7.0586530046E-01  3.5608128060E-01
</CP of DelSqRho>
<CP of DelSqRho>
CP# = 30      
Type = (3,+1)
Coords =  9.74215145945611E-01 -4.49674692753582E+00 -1.91682670852381E-03
DistFromNuc =  1.1484683920E+00
Rho =  4.1979355779E-01
DelSqRho = -1.0100809640E+00
GradDelSqRho =  5.7521262059E-15 -2.3939183968E-16  1.3213713977E-19
HessDelSqRho_EigVals = -3.2772018685E+01  1.5456578384E+01  1.6328149618E+01
HessDelSqRho_EigVec1 =  8.1035763901E-01 -5.8593556913E-01  7.5698204232E-05
HessDelSqRho_EigVec2 = -6.6511235880E-04 -7.9066836241E-04  9.9999946623E-01
HessDelSqRho_EigVec3 =  5.8593519653E-01  8.1035725681E-01  1.0304371359E-03
</CP of DelSqRho>
<CP of DelSqRho>
CP# = 31      
Type = (3,+1)
Coords = -8.71378005969889E-01 -4.51859048884224E+00 -3.25307397044050E-03
DistFromNuc =  1.1484636012E+00
Rho =  4.1980421872E-01
DelSqRho = -1.0101980744E+00
GradDelSqRho =  3.7159945260E-15 -2.6402491304E-15  1.0503208546E-18
HessDelSqRho_EigVals = -3.2774418349E+01  1.5457962937E+01  1.6329317253E+01
HessDelSqRho_EigVec1 =  7.9624927011E-01  6.0496768183E-01  1.0971727067E-03
HessDelSqRho_EigVec2 = -7.3136918556E-04 -8.5098733579E-04  9.9999937046E-01
HessDelSqRho_EigVec3 = -6.0496823466E-01  7.9624957128E-01  2.3514332425E-04
</CP of DelSqRho>
<CP of DelSqRho>
CP# = 32      
Type = (3,-1)
Coords =  5.71107324038582E-02 -4.98807142101485E+00 -3.46570991779711E-03
DistFromNuc =  1.1640312101E+00
Rho =  2.5208743872E-01
DelSqRho =  8.5107271850E-01
GradDelSqRho = -3.1810491741E-16  3.6637359813E-15  1.4941661190E-18
HessDelSqRho_EigVals = -1.6722099216E+01 -4.0696100936E+00  7.9802042372E-02
HessDelSqRho_EigVec1 = -1.1844532226E-02  9.9992905733E-01  1.2599059947E-03
HessDelSqRho_EigVec2 =  9.9992960443E-01  1.1843634936E-02  7.1728135500E-04
HessDelSqRho_EigVec3 = -7.0230860249E-04 -1.2683131651E-03  9.9999894907E-01
</CP of DelSqRho>
<CP of DelSqRho>
CP# = 33      
Type = (3,+1)
Coords =  1.37226079619004E+00 -5.04602223152454E+00  8.50400862679840E-01
DistFromNuc =  1.9964165838E+00
Rho =  7.5015628689E-02
DelSqRho =  1.8380951226E-01
GradDelSqRho = -3.2623643370E-16  4.3368086899E-19  3.3740371608E-16
HessDelSqRho_EigVals = -1.7170632024E+00  2.5370885567E-02  5.8407030387E-01
HessDelSqRho_EigVec1 =  3.6720574948E-01 -5.0869500239E-01  7.7871004366E-01
HessDelSqRho_EigVec2 =  5.4469774971E-01  7.9623183913E-01  2.6328543411E-01
HessDelSqRho_EigVec3 =  7.5396571474E-01 -3.2748168330E-01 -5.6946593234E-01
</CP of DelSqRho>
<CP of DelSqRho>
CP# = 34      
Type = (3,+1)
Coords =  1.37343663858388E+00 -5.04465323963409E+00 -8.54597145576845E-01
DistFromNuc =  1.9964543461E+00
Rho =  7.5012755647E-02
DelSqRho =  1.8379359149E-01
GradDelSqRho =  6.0281640790E-17 -1.0565550171E-16 -4.9309514805E-16
HessDelSqRho_EigVals = -1.7167988561E+00  2.5393078888E-02  5.8408745191E-01
HessDelSqRho_EigVec1 = -3.6832472807E-01  5.0745760153E-01  7.7898888140E-01
HessDelSqRho_EigVec2 =  5.4504796602E-01  7.9666009531E-01 -2.6125735834E-01
HessDelSqRho_EigVec3 =  7.5316638894E-01 -3.2835875989E-01  5.7001834652E-01
</CP of DelSqRho>
<CP of DelSqRho>
CP# = 35      
Type = (3,+1)
Coords = -1.25779756700068E+00 -5.07676894216359E+00  8.48611963331890E-01
DistFromNuc =  1.9963883877E+00
Rho =  7.5017608977E-02
DelSqRho =  1.8381998029E-01
GradDelSqRho =  5.1701427427E-13  6.5590442149E-13 -6.3335751574E-13
HessDelSqRho_EigVals = -1.7170952219E+00  2.5363881144E-02  5.8410223463E-01
HessDelSqRho_EigVec1 = -3.5643986135E-01 -5.1692554950E-01  7.7829210552E-01
HessDelSqRho_EigVec2 = -5.6393237660E-01  7.8318819380E-01  2.6190938835E-01
HessDelSqRho_EigVec3 =  7.4493684286E-01  3.4554917069E-01  5.7067054487E-01
</CP of DelSqRho>
<CP of DelSqRho>
CP# = 36      
Type = (3,+1)
Coords = -1.25680311812203E+00 -5.07500151738963E+00 -8.56751921646288E-01
DistFromNuc =  1.9964088506E+00
Rho =  7.5015596904E-02
DelSqRho =  1.8380758743E-01
GradDelSqRho = -2.2009304101E-16 -1.0299920639E-18  1.1774435593E-16
HessDelSqRho_EigVals = -1.7168012732E+00  2.5381701841E-02  5.8412389242E-01
HessDelSqRho_EigVec1 =  3.5557765226E-01  5.1531983668E-01  7.7974995937E-01
HessDelSqRho_EigVec2 = -5.6365578682E-01  7.8372109391E-01 -2.6090879815E-01
HessDelSqRho_EigVec3 =  7.4555797038E-01  3.4673723897E-01 -5.6913671460E-01
</CP of DelSqRho>
<Path of -GradDelSqRho>
Starting CP# =      5
Ending CP# =     15
Number of Points =     39
  4.3958570249E-02 -3.8880466405E+00  1.5387230526E-01  2.2521313105E+01  1.2348573327E+03
  4.4050845470E-02 -3.8973885489E+00  1.7706109543E-01  1.5609414269E+01  1.1529439481E+03
  4.4142800863E-02 -3.9067039460E+00  2.0026055478E-01  1.0922953924E+01  9.8296562891E+02
  4.4234676648E-02 -3.9160127551E+00  2.2346265865E-01  7.7550787321E+00  7.7458658746E+02
  4.4326363970E-02 -3.9253059504E+00  2.4667102056E-01  5.6218047373E+00  5.7372225569E+02
  4.4417676102E-02 -3.9345680502E+00  2.6989180909E-01  4.1861249795E+00  4.0928856489E+02
  4.4508409842E-02 -3.9437822076E+00  2.9313166199E-01  3.2173680278E+00  2.8645715388E+02
  4.4598361320E-02 -3.9529315201E+00  3.1639711877E-01  2.5606454705E+00  1.9807326355E+02
  4.4687341991E-02 -3.9620003562E+00  3.3969406179E-01  2.1125907851E+00  1.3492846860E+02
  4.4775169348E-02 -3.9709735877E+00  3.6302799362E-01  1.8038766723E+00  8.9820830005E+01
  4.4861621090E-02 -3.9798327892E+00  3.8640545235E-01  1.5876838880E+00  5.7854354548E+01
  4.4946369362E-02 -3.9885507811E+00  4.0983592487E-01  1.4323676099E+00  3.5647776786E+01
  4.5028904004E-02 -3.9970852520E+00  4.3333383519E-01  1.3167109503E+00  2.0667262467E+01
  4.5108427129E-02 -4.0053699822E+00  4.5692088413E-01  1.2267056243E+00  1.0905701887E+01
  4.5183676202E-02 -4.0133000737E+00  4.8062934865E-01  1.1532818458E+00  4.7764722070E+00
  4.5252589860E-02 -4.0207039626E+00  5.0450694962E-01  1.0906948187E+00  1.0740956084E+00
  4.5311603895E-02 -4.0272841906E+00  5.2862335045E-01  1.0354118101E+00 -1.0697224547E+00
  4.5353916099E-02 -4.0324705441E+00  5.5307342645E-01  9.8542767282E-01 -2.2476141825E+00
  4.5364154384E-02 -4.0349644509E+00  5.7792383771E-01  9.4014663095E-01 -2.8459203059E+00
  4.5298935565E-02 -4.0310389922E+00  6.0243933843E-01  9.0238707559E-01 -3.1142159893E+00
  4.5086962503E-02 -4.0142222615E+00  6.2022900484E-01  8.8534407053E-01 -3.2392514276E+00
  4.4802945503E-02 -3.9906409516E+00  6.2832055335E-01  8.8738498297E-01 -3.3394123181E+00
  4.4510338356E-02 -3.9660816152E+00  6.3295384277E-01  8.9398823660E-01 -3.4361435933E+00
  4.4216471976E-02 -3.9413066681E+00  6.3627538112E-01  9.0110948791E-01 -3.5300243382E+00
  4.3922330803E-02 -3.9164271422E+00  6.3869673780E-01  9.0797078246E-01 -3.6205727744E+00
  4.3628294825E-02 -3.8914807663E+00  6.4028913867E-01  9.1440725596E-01 -3.7072703413E+00
  4.3334674272E-02 -3.8664955959E+00  6.4106341450E-01  9.2036566163E-01 -3.7896189431E+00
  4.3041770025E-02 -3.8414984582E+00  6.4102070463E-01  9.2581434117E-01 -3.8671525486E+00
  4.2749880100E-02 -3.8165160688E+00  6.4016080859E-01  9.3072864585E-01 -3.9394445999E+00
  4.2459300438E-02 -3.7915752142E+00  6.3848345300E-01  9.3508898792E-01 -4.0061143339E+00
  4.2170325123E-02 -3.7667028267E+00  6.3598851625E-01  9.3888071291E-01 -4.0668322743E+00
  4.1883246350E-02 -3.7419260408E+00  6.3267612307E-01  9.4209414804E-01 -4.1213248236E+00
  4.1598354119E-02 -3.7172722397E+00  6.2854672485E-01  9.4472461403E-01 -4.1693778676E+00
  4.1315935652E-02 -3.6927690920E+00  6.2360117652E-01  9.4677238058E-01 -4.2108393334E+00
  4.1036274497E-02 -3.6684445817E+00  6.1784081001E-01  9.4824256682E-01 -4.2456206663E+00
  4.0759649297E-02 -3.6443270305E+00  6.1126750410E-01  9.4914499013E-01 -4.2736972278E+00
  4.0486332243E-02 -3.6204451149E+00  6.0388375142E-01  9.4949396673E-01 -4.2951076419E+00
  4.0216587237E-02 -3.5968278780E+00  5.9569272346E-01  9.4930806775E-01 -4.3099521451E+00
  3.9722258564E-02 -3.5534441065E+00  5.7820930885E-01  9.4760401529E-01 -4.3206854335E+00
</Path of -GradDelSqRho>
<Path of -GradDelSqRho>
Starting CP# =      5
Ending CP# =      1
Number of Points =      7
  4.3958570249E-02 -3.8880466405E+00  1.5387230526E-01  2.2521313105E+01  1.2348573327E+03
  4.3865578448E-02 -3.8786453160E+00  1.3070754692E-01  3.2749434495E+01  9.8381745683E+02
  4.3771976714E-02 -3.8691934199E+00  1.0756337305E-01  4.7989671667E+01 -7.9142740875E+02
  4.3678105906E-02 -3.8597192155E+00  8.4428321212E-02  7.0627079802E+01 -6.3797837571E+03
  4.3584040677E-02 -3.8502288920E+00  6.1299878913E-02  1.0422454251E+02 -2.0603643541E+04
  4.3489652819E-02 -3.8407118190E+00  3.8182431421E-02  1.5462807768E+02 -7.5214383923E+04
  4.3325038540E-02 -3.8241231409E+00 -1.9902747465E-03  2.9730383750E+02 -3.3294057441E+06
</Path of -GradDelSqRho>
<Path of -GradDelSqRho>
Starting CP# =      6
Ending CP# =      1
Number of Points =      7
  4.4191380037E-02 -3.8877902221E+00 -1.5795733088E-01  2.2521183308E+01  1.2348414558E+03
  4.4063787386E-02 -3.8784270229E+00 -1.3477730062E-01  3.2749217490E+01  9.8381129055E+02
  4.3935615862E-02 -3.8690132299E+00 -1.1161776788E-01  4.7989313084E+01 -7.9137786282E+02
  4.3807189015E-02 -3.8595771184E+00 -8.8467318861E-02  7.0626503962E+01 -6.3796237452E+03
  4.3678577701E-02 -3.8501248811E+00 -6.5323451393E-02  1.0422361981E+02 -2.0603047997E+04
  4.3549660269E-02 -3.8406458826E+00 -4.2190532543E-02  1.5462663969E+02 -7.5212368505E+04
  4.3325038540E-02 -3.8241231409E+00 -1.9902747465E-03  2.9730383750E+02 -3.3294057441E+06
</Path of -GradDelSqRho>
<Path of -GradDelSqRho>
Starting CP# =      6
Ending CP# =     16
Number of Points =     39
  4.4191380037E-02 -3.8877902221E+00 -1.5795733088E-01  2.2521183308E+01  1.2348414558E+03
  4.4318292485E-02 -3.8970939806E+00 -1.8116129018E-01  1.5609336601E+01  1.1529302046E+03
  4.4444901436E-02 -3.9063712187E+00 -2.0437587216E-01  1.0922907211E+01  9.8295436548E+02
  4.4571435019E-02 -3.9156418668E+00 -2.2759308700E-01  7.7550497892E+00  7.7457762715E+02
  4.4697789920E-02 -3.9248968948E+00 -2.5081653289E-01  5.6217851339E+00  5.7371565461E+02
  4.4823788923E-02 -3.9341208148E+00 -2.7405235166E-01  4.1861094501E+00  4.0928409554E+02
  4.4949239183E-02 -3.9432967735E+00 -2.9730715196E-01  3.2173534745E+00  2.8645436757E+02
  4.5073947193E-02 -3.9524078622E+00 -3.2058744406E-01  2.5606302266E+00  1.9807170284E+02
  4.5197733945E-02 -3.9614384444E+00 -3.4389908327E-01  2.1125740886E+00  1.3492776698E+02
  4.5320426101E-02 -3.9703733874E+00 -3.6724754603E-01  1.8038583142E+00  8.9820716604E+01
  4.5441812434E-02 -3.9791942610E+00 -3.9063933855E-01  1.5876639837E+00  5.7854629365E+01
  4.5561581219E-02 -3.9878738786E+00 -4.1408390085E-01  1.4323464493E+00  3.5648289781E+01
  4.5679246920E-02 -3.9963699192E+00 -4.3759558406E-01  1.3166888964E+00  2.0667902111E+01
  4.5794049041E-02 -4.0046161497E+00 -4.6119597521E-01  1.2266830434E+00  1.0906388858E+01
  4.5904781453E-02 -4.0125076569E+00 -4.8491717178E-01  1.1532590584E+00  4.7771541667E+00
  4.6009467982E-02 -4.0198728644E+00 -5.0880660321E-01  1.0906720578E+00  1.0747416495E+00
  4.6104673122E-02 -4.0264143250E+00 -5.3293343421E-01  1.0353891652E+00 -1.0691272891E+00
  4.6183783466E-02 -4.0315619405E+00 -5.5739160900E-01  9.8540495113E-01 -2.2470733008E+00
  4.6231629005E-02 -4.0340177283E+00 -5.8224579671E-01  9.4012282478E-01 -2.8454272887E+00
  4.6203980555E-02 -4.0300577533E+00 -6.0675597526E-01  9.0235770256E-01 -3.1137482237E+00
  4.6020141113E-02 -4.0132172540E+00 -6.2452308667E-01  8.8530308711E-01 -3.2387634676E+00
  4.5749670515E-02 -3.9896234482E+00 -6.3257839621E-01  8.8733945562E-01 -3.3388887924E+00
  4.5465112403E-02 -3.9650567121E+00 -6.3717278714E-01  8.9394014227E-01 -3.4355852954E+00
  4.5176998753E-02 -3.9402764615E+00 -6.4045503522E-01  9.0105896970E-01 -3.5294328430E+00
  4.4886922690E-02 -3.9153930806E+00 -6.4283694805E-01  9.0791792243E-01 -3.6199499714E+00
  4.4595364534E-02 -3.8904441824E+00 -6.4438979584E-01  9.1435218707E-01 -3.7066184358E+00
  4.4302647360E-02 -3.8654578049E+00 -6.4512444732E-01  9.2030854587E-01 -3.7889404408E+00
  4.4009073989E-02 -3.8404607744E+00 -6.4504208300E-01  9.2575535831E-01 -3.8664502317E+00
  4.3714946507E-02 -3.8154798072E+00 -6.4414254481E-01  9.3066798947E-01 -3.9387214975E+00
  4.3420569622E-02 -3.7905416911E+00 -6.4242560216E-01  9.3502686323E-01 -4.0053736878E+00
  4.3126252109E-02 -3.7656733590E+00 -6.3989117656E-01  9.3881733489E-01 -4.0660775007E+00
  4.2832308096E-02 -3.7409019458E+00 -6.3653943621E-01  9.4202973950E-01 -4.1205594713E+00
  4.2539058449E-02 -3.7162548340E+00 -6.3237087633E-01  9.4465940367E-01 -4.1686055749E+00
  4.2246832346E-02 -3.6917596914E+00 -6.2738639615E-01  9.4670660098E-01 -4.2100637825E+00
  4.1955969223E-02 -3.6674444995E+00 -6.2158737233E-01  9.4817645247E-01 -4.2448455377E+00
  4.1666821309E-02 -3.6433375771E+00 -6.1497572892E-01  9.4907877543E-01 -4.2729261552E+00
  4.1379757193E-02 -3.6194675961E+00 -6.0755400434E-01  9.4942788402E-01 -4.2943441681E+00
  4.1095167266E-02 -3.5958635936E+00 -5.9932541647E-01  9.4924234541E-01 -4.3091996801E+00
  4.0569885973E-02 -3.5524376907E+00 -5.8174180856E-01  9.4753537664E-01 -4.3199621400E+00
</Path of -GradDelSqRho>
<Path of -GradDelSqRho>
Starting CP# =     11
Ending CP# =     15
Number of Points =     31
  3.5526745737E-02 -3.1594880264E+00 -1.5130873931E-03  8.6259078308E-01 -3.5082166164E+00
  3.5528290887E-02 -3.1601220247E+00  6.5963502319E-03  8.6351677618E-01 -3.5083853085E+00
  3.5519958791E-02 -3.1602465063E+00  2.0057825967E-02  8.6328582881E-01 -3.5096864975E+00
  3.5514295653E-02 -3.1612676826E+00  4.4311805293E-02  8.6318403594E-01 -3.5149125621E+00
  3.5524796599E-02 -3.1637052522E+00  6.9190886869E-02  8.6400419657E-01 -3.5241499256E+00
  3.5547458001E-02 -3.1671720072E+00  9.3947540484E-02  8.6516880349E-01 -3.5372421677E+00
  3.5582219993E-02 -3.1716603335E+00  1.1853950776E-01  8.6667038378E-01 -3.5540820943E+00
  3.5628996434E-02 -3.1771604051E+00  1.4292513013E-01  8.6849920199E-01 -3.5745307704E+00
  3.5687675381E-02 -3.1836602355E+00  1.6706349838E-01  8.7064324964E-01 -3.5984178788E+00
  3.5758119712E-02 -3.1911457394E+00  1.9091459725E-01  8.7308823552E-01 -3.6255421741E+00
  3.5840167888E-02 -3.1996008075E+00  2.1443944397E-01  8.7581757883E-01 -3.6556720403E+00
  3.5933634856E-02 -3.2090073916E+00  2.3760021928E-01  8.7881240732E-01 -3.6885461645E+00
  3.6038313080E-02 -3.2193456019E+00  2.6036038964E-01  8.8205156320E-01 -3.7238743427E+00
  3.6153973717E-02 -3.2305938143E+00  2.8268481906E-01  8.8551161957E-01 -3.7613384352E+00
  3.6280367903E-02 -3.2427287885E+00  3.0453986910E-01  8.8916691049E-01 -3.8005934970E+00
  3.6417228159E-02 -3.2557257941E+00  3.2589348567E-01  8.9298957807E-01 -3.8412691076E+00
  3.6564269898E-02 -3.2695587461E+00  3.4671527110E-01  8.9694963978E-01 -3.8829709306E+00
  3.6721193010E-02 -3.2842003451E+00  3.6697654046E-01  9.0101507933E-01 -3.9252825353E+00
  3.6887683509E-02 -3.2996222238E+00  3.8665036113E-01  9.0515196436E-01 -3.9677675104E+00
  3.7063415222E-02 -3.3157950950E+00  4.0571157501E-01  9.0932459349E-01 -4.0099719046E+00
  3.7248051470E-02 -3.3326889004E+00  4.2413680326E-01  9.1349567523E-01 -4.0514270188E+00
  3.7441246745E-02 -3.3502729571E+00  4.4190443389E-01  9.1762654023E-01 -4.0916525774E+00
  3.7642648304E-02 -3.3685161001E+00  4.5899459296E-01  9.2167738761E-01 -4.1301602913E+00
  3.7851897687E-02 -3.3873868178E+00  4.7538910093E-01  9.2560756507E-01 -4.1664578201E+00
  3.8068632078E-02 -3.4068533782E+00  4.9107141579E-01  9.2937588150E-01 -4.2000531268E+00
  3.8292485486E-02 -3.4268839451E+00  5.0602656546E-01  9.3294094954E-01 -4.2304592033E+00
  3.8523089668E-02 -3.4474466807E+00  5.2024107178E-01  9.3626155456E-01 -4.2571991307E+00
  3.8760074685E-02 -3.4685098364E+00  5.3370286898E-01  9.3929704539E-01 -4.2798114182E+00
  3.9003068884E-02 -3.4900418291E+00  5.4640121896E-01  9.4200774157E-01 -4.2978555522E+00
  3.9251697758E-02 -3.5120113040E+00  5.5832662595E-01  9.4435535087E-01 -4.3109176643E+00
  3.9722258564E-02 -3.5534441065E+00  5.7820930885E-01  9.4760401529E-01 -4.3206854335E+00
</Path of -GradDelSqRho>
<Path of -GradDelSqRho>
Starting CP# =     11
Ending CP# =     16
Number of Points =     31
  3.5526745737E-02 -3.1594880264E+00 -1.5130873931E-03  8.6259078308E-01 -3.5082166164E+00
  3.5539948356E-02 -3.1601101410E+00 -9.6233846796E-03  8.6351643653E-01 -3.5083853042E+00
  3.5550966712E-02 -3.1602149118E+00 -2.3084598306E-02  8.6328496745E-01 -3.5096863957E+00
  3.5580170531E-02 -3.1612004776E+00 -4.7339766311E-02  8.6318208949E-01 -3.5149120250E+00
  3.5626444834E-02 -3.1636015557E+00 -7.2222355392E-02  8.6400116308E-01 -3.5241484155E+00
  3.5684713678E-02 -3.1670319937E+00 -9.6984009274E-02  8.6516464960E-01 -3.5372388210E+00
  3.5754859626E-02 -3.1714842380E+00 -1.2158245916E-01  8.6666506489E-01 -3.5540757601E+00
  3.5836739820E-02 -3.1769485226E+00 -1.4597603303E-01  8.6849266279E-01 -3.5745200267E+00
  3.5930186671E-02 -3.1834129193E+00 -1.7012380525E-01  8.7063542475E-01 -3.5984010514E+00
  3.6035008696E-02 -3.1908634006E+00 -1.9398574129E-01  8.7307905028E-01 -3.6255173596E+00
  3.6150991481E-02 -3.1992839129E+00 -2.1752283633E-01  8.7580695017E-01 -3.6556371317E+00
  3.6277898778E-02 -3.2086564627E+00 -2.4069724639E-01  8.7880024486E-01 -3.6884988802E+00
  3.6415473727E-02 -3.2189612126E+00 -2.6347241067E-01  8.8203777038E-01 -3.7238122572E+00
  3.6563440203E-02 -3.2301765896E+00 -2.8581316351E-01  8.8549609494E-01 -3.7612590127E+00
  3.6721504266E-02 -3.2422794020E+00 -3.0768583454E-01  8.8914954912E-01 -3.8004941264E+00
  3.6889355716E-02 -3.2552449662E+00 -3.2905833557E-01  8.9297027306E-01 -3.8411471391E+00
  3.7066669735E-02 -3.2690472417E+00 -3.4990023289E-01  8.9692828386E-01 -3.8828237138E+00
  3.7253108594E-02 -3.2836589715E+00 -3.7018280370E-01  9.0099156656E-01 -3.9251074575E+00
  3.7448323408E-02 -3.2990518283E+00 -3.8987907584E-01  9.0512619185E-01 -3.9675620360E+00
  3.7651955920E-02 -3.3151965626E+00 -4.0896385020E-01  9.0929646321E-01 -4.0097336141E+00
  3.7863640286E-02 -3.3320631512E+00 -4.2741370565E-01  9.1346509581E-01 -4.0511536481E+00
  3.8083004837E-02 -3.3496209444E+00 -4.4520698674E-01  9.1759342878E-01 -4.0913420560E+00
  3.8309673799E-02 -3.3678388078E+00 -4.6232377518E-01  9.2164167147E-01 -4.1298107792E+00
  3.8543268952E-02 -3.3866852578E+00 -4.7874584630E-01  9.2556918355E-01 -4.1660677438E+00
  3.8783411214E-02 -3.4061285887E+00 -4.9445661239E-01  9.2933478749E-01 -4.1996212123E+00
  3.9029722171E-02 -3.4261369875E+00 -5.0944105528E-01  9.3289711101E-01 -4.2299845070E+00
  3.9281825554E-02 -3.4466786383E+00 -5.2368565049E-01  9.3621495590E-01 -4.2566810663E+00
  3.9539348779E-02 -3.4677218118E+00 -5.3717828580E-01  9.3924768863E-01 -4.2792497808E+00
  3.9801924724E-02 -3.4892349423E+00 -5.4990817673E-01  9.4195564734E-01 -4.2972505364E+00
  4.0069194270E-02 -3.5111866902E+00 -5.6186578131E-01  9.4430055920E-01 -4.3102698787E+00
  4.0569885973E-02 -3.5524376907E+00 -5.8174180856E-01  9.4753537664E-01 -4.3199621400E+00
</Path of -GradDelSqRho>
<Path of -GradDelSqRho>
Starting CP# =     13
Ending CP# =     19
Number of Points =     19
  5.0780610657E-01 -4.1155603014E+00  4.2014492147E-01  7.7745792387E-01 -2.5021403308E+00
  5.1922131089E-01 -4.1264278569E+00  4.0325323405E-01  7.7366256502E-01 -2.5055243764E+00
  5.3106675195E-01 -4.1377735211E+00  3.8438813145E-01  7.6994062167E-01 -2.5165449648E+00
  5.4236896380E-01 -4.1486763574E+00  3.6493771148E-01  7.6660424434E-01 -2.5346995473E+00
  5.5311118833E-01 -4.1591230095E+00  3.4492765029E-01  7.6363458134E-01 -2.5593316262E+00
  5.6327681394E-01 -4.1690995474E+00  3.2438358093E-01  7.6100931735E-01 -2.5896615816E+00
  5.7284909813E-01 -4.1785912119E+00  3.0333105198E-01  7.5870334799E-01 -2.6247978139E+00
  5.8181088784E-01 -4.1875821150E+00  2.8179554227E-01  7.5668954008E-01 -2.6637513049E+00
  5.9014434089E-01 -4.1960548927E+00  2.5980253765E-01  7.5493958896E-01 -2.7054534201E+00
