 AIMInt (Version 19.02.13, Professional)
 Portions Copyright (c) 1997-2019 by Todd A. Keith
 AIMInt is a component of the AIMAll package ( http://aim.tkgristmill.com )

 TP:  64-bit Linux

 Licensed To:  Research Group of Fernando Cortes Guzman, UNAM, fercor@unam.mx

 AIMInt is a heavily modified and extended version of the PROAIMV program
 developed by members of R.F.W. Bader's research group

 Much of the Quantum Theory of Atoms in Molecules (QTAIM) is described in the book:
   "Atoms in Molecules - A Quantum Theory"
   R.F.W. Bader, Oxford University Press, Oxford, 1990

 For additional references see:  http://aim.tkgristmill.com/references.html

 Current Directory:  /home/scratch/M_H2O_4_cuadrado_plano/Opt

 Inp File:  V2_cuadrado_plano_cc-pvtz-def2-tzv_1_atomicfiles/o6.inp
 Wfx File:  V2_cuadrado_plano_cc-pvtz-def2-tzv_1.wfx
 Out File:  V2_cuadrado_plano_cc-pvtz-def2-tzv_1_atomicfiles/o6.int

 Wfx Title:   V2_cuadrado_plano_cc-pvtz-def2-tzv_1                                          
 Job Title:   V2_cuadrado_plano_cc-pvtz-def2-tzv_1                                          
 
<Atom>
O6      
</Atom>
<Nuclei of Molecule>
    13
V1        23.0           1.6108166266E-04   3.2908732655E-04   3.0765137008E-04
O2         8.0           3.9782849488E+00   3.9349321053E-02   1.6590880186E-03
H3         1.0           5.0825991021E+00   5.4378779933E-02   1.4856140181E+00
O4         8.0           4.3325034314E-02  -3.8241227814E+00  -1.9902743489E-03
H5         1.0          -1.4320282743E+00  -4.9427483304E+00  -4.0203531039E-03
O6         8.0          -3.9782244778E+00  -4.1060928084E-02   1.7622365986E-03
H7         1.0          -5.0821747550E+00  -5.5434423803E-02   1.4859950123E+00
O8         8.0          -4.3695953129E-02   3.8249547256E+00  -1.9791424429E-03
H9         1.0           1.4313298876E+00   4.9440179623E+00  -2.0327950513E-03
H10        1.0           5.0837882001E+00   5.4113922539E-02  -1.4814130329E+00
H11        1.0          -1.5454062931E+00   4.9079714201E+00  -3.9519616698E-03
H12        1.0           1.5447767386E+00  -4.9075026992E+00  -1.8570332512E-03
H13        1.0          -5.0841059017E+00  -5.5328337610E-02  -1.4810250986E+00
</Nuclei of Molecule>
<Total Number of CPs of DelSqRho>
    36
</Total Number of CPs of DelSqRho>
<Number of (3,+3) CPs of DelSqRho>
     5
</Number of (3,+3) CPs of DelSqRho>
<Number of (3,+1) CPs of DelSqRho>
    14
</Number of (3,+1) CPs of DelSqRho>
<Number of (3,-1) CPs of DelSqRho>
    11
</Number of (3,-1) CPs of DelSqRho>
<Number of (3,-3) CPs of DelSqRho>
     6
</Number of (3,-3) CPs of DelSqRho>
<Number of Degenerate CPs of DelSqRho>
     0
</Number of Degenerate CPs of DelSqRho>
<CP of DelSqRho>
CP# = 1       
Type = (3,+3)
Coords = -3.97822484218213E+00 -4.10609334619372E-02  1.76223684302239E-03
DistFromNuc =  3.6437590195E-07
Rho =  2.9727517994E+02
DelSqRho = -3.3291530459E+06
GradDelSqRho =  2.0813288415E-05 -7.4070131362E-08  1.3055450471E-08
HessDelSqRho_EigVals =  1.3239312991E+11  1.3239314797E+11  1.3239315716E+11
HessDelSqRho_EigVec1 = -1.2119012432E-02  9.9992656110E-01  4.4129511648E-05
HessDelSqRho_EigVec2 =  9.9992630613E-01  1.2119040895E-02 -7.1495162438E-04
HessDelSqRho_EigVec3 =  7.1543392648E-04 -3.5461751949E-05  9.9999974345E-01
</CP of DelSqRho>
<CP of DelSqRho>
CP# = 2       
Type = (3,-1)
Coords = -2.24946805500256E+00 -2.25004292302612E-02  1.30580406866651E-03
DistFromNuc =  1.7288561160E+00
Rho =  8.1400947857E-02
DelSqRho =  2.3311705759E-01
GradDelSqRho = -5.8286708793E-16 -8.7007224342E-18  3.1035287187E-18
HessDelSqRho_EigVals = -2.1500361038E-01 -1.7612227970E-01  2.5197688430E+00
HessDelSqRho_EigVec1 = -1.0303854742E-02  9.9994691229E-01  5.6333300305E-05
HessDelSqRho_EigVec2 =  4.2659398350E-04 -5.1940490065E-05  9.9999990766E-01
HessDelSqRho_EigVec3 =  9.9994682288E-01  1.0303877822E-02 -4.2603614934E-04
</CP of DelSqRho>
<CP of DelSqRho>
CP# = 3       
Type = (3,+1)
Coords = -4.66256426612646E+00 -4.99876469713850E-02  9.20400000925686E-01
DistFromNuc =  1.1455548761E+00
Rho =  4.1932782406E-01
DelSqRho = -9.9419428346E-01
GradDelSqRho = -5.2215176627E-16 -2.9056618223E-17  3.7712888368E-15
HessDelSqRho_EigVals = -3.2563948640E+01  1.5265398053E+01  1.6231671032E+01
HessDelSqRho_EigVec1 = -5.9801642697E-01 -7.7765148774E-03  8.0144611728E-01
HessDelSqRho_EigVec2 = -1.2721776619E-02  9.9991905294E-01  2.0968844862E-04
HessDelSqRho_EigVec3 =  8.0138287321E-01  1.0070421339E-02  5.9806695038E-01
</CP of DelSqRho>
<CP of DelSqRho>
CP# = 4       
Type = (3,+1)
Coords = -4.66376073572026E+00 -4.99218881311586E-02 -9.15980465309698E-01
DistFromNuc =  1.1455523316E+00
Rho =  4.1932909147E-01
DelSqRho = -9.9420368370E-01
GradDelSqRho = -3.0184188482E-16 -1.0457129954E-16 -7.5599249083E-15
HessDelSqRho_EigVals = -3.2564508891E+01  1.5265510688E+01  1.6232021510E+01
HessDelSqRho_EigVec1 =  5.9906244214E-01  7.7193235786E-03  8.0066510006E-01
HessDelSqRho_EigVec2 = -1.2720564869E-02  9.9991908281E-01 -1.2275581460E-04
HessDelSqRho_EigVec3 =  8.0060126008E-01  1.0111373946E-02 -5.9911216185E-01
</CP of DelSqRho>
<CP of DelSqRho>
CP# = 5       
Type = (3,-1)
Coords = -3.81145004579643E+00 -3.89182401360990E-02  1.63753155706954E-03
DistFromNuc =  1.6678824254E-01
Rho =  2.2780617494E+01
DelSqRho =  1.2962596226E+03
GradDelSqRho =  4.6103565410E-11  8.3289191516E-13 -4.0497119547E-14
HessDelSqRho_EigVals = -4.5521205747E+05 -3.5062009361E+03  3.6571932091E+02
HessDelSqRho_EigVec1 =  9.9991707206E-01  1.2856541947E-02 -7.4721439744E-04
HessDelSqRho_EigVec2 = -1.2856512401E-02  9.9991735065E-01  4.4331395002E-05
HessDelSqRho_EigVec3 =  7.4772258910E-04 -3.4721147524E-05  9.9999971985E-01
</CP of DelSqRho>
<CP of DelSqRho>
CP# = 6       
Type = (3,-1)
Coords = -4.14715356145161E+00 -4.29046752787375E-02  1.87786698985549E-03
DistFromNuc =  1.6893918451E-01
Rho =  2.2305781611E+01
DelSqRho =  1.2480849150E+03
GradDelSqRho =  4.1676884166E-11 -2.7866597918E-14 -9.3362817477E-15
HessDelSqRho_EigVals = -4.0341493906E+05 -1.7007682195E+03  1.7941381055E+03
HessDelSqRho_EigVec1 =  9.9994044175E-01  1.0892397688E-02 -6.8456284977E-04
HessDelSqRho_EigVec2 = -1.0892370821E-02  9.9994067545E-01  4.2963325039E-05
HessDelSqRho_EigVec3 =  6.8499021201E-04 -3.5504253809E-05  9.9999976476E-01
</CP of DelSqRho>
<CP of DelSqRho>
CP# = 7       
Type = (3,+1)
Coords = -4.03547314834581E+00  1.17341971920589E-01  1.80646205261632E-03
DistFromNuc =  1.6843067108E-01
Rho =  2.2544588361E+01
DelSqRho =  1.2318107939E+03
GradDelSqRho = -4.3751668954E-12  2.2017943024E-12 -9.3935276224E-15
HessDelSqRho_EigVals = -4.1047090821E+05  2.2806226909E+03  3.6137403146E+03
HessDelSqRho_EigVec1 = -3.3496775846E-01  9.4222955459E-01  2.5933898718E-04
HessDelSqRho_EigVec2 =  9.4222933680E-01  3.3496785755E-01 -6.4130740628E-04
HessDelSqRho_EigVec3 =  6.9112901668E-04 -2.9539497529E-05  9.9999976073E-01
</CP of DelSqRho>
<CP of DelSqRho>
CP# = 8       
Type = (3,+1)
Coords = -4.03149644832322E+00 -2.00850214832673E-01  1.79243997571456E-03
DistFromNuc =  1.6843550668E-01
Rho =  2.2543559773E+01
DelSqRho =  1.2316950169E+03
GradDelSqRho = -3.2382985182E-12 -1.0725642596E-11  2.0252896582E-16
HessDelSqRho_EigVals = -4.1035840645E+05  2.2858800705E+03  3.6179843721E+03
HessDelSqRho_EigVec1 =  3.1131292730E-01  9.5030743991E-01 -1.7593750417E-04
HessDelSqRho_EigVec2 =  9.5030720479E-01 -3.1131297427E-01 -6.6976504951E-04
HessDelSqRho_EigVec3 =  6.9125433724E-04 -4.1311840357E-05  9.9999976023E-01
</CP of DelSqRho>
<CP of DelSqRho>
CP# = 9       
Type = (3,-3)
Coords = -3.85419273808891E+00 -3.94542050866980E-02  1.13607456649235E-01
DistFromNuc =  1.6702037982E-01
Rho =  2.2696842798E+01
DelSqRho =  1.2975588949E+03
GradDelSqRho =  5.1876281049E-12  1.3665934703E-13  1.0196121725E-11
HessDelSqRho_EigVals = -4.5011986703E+05 -3.8280621241E+03 -6.1733325611E+02
HessDelSqRho_EigVec1 =  7.4505587362E-01  9.6609762462E-03  6.6693208854E-01
HessDelSqRho_EigVec2 = -1.2721740690E-02  9.9991903823E-01 -2.7257115991E-04
HessDelSqRho_EigVec3 = -6.6688072584E-01 -8.2814563444E-03  7.4511845701E-01
</CP of DelSqRho>
<CP of DelSqRho>
CP# = 10      
Type = (3,-3)
Coords = -3.85433952980668E+00 -3.94461761433253E-02 -1.10245425481057E-01
DistFromNuc =  1.6702037043E-01
Rho =  2.2696849803E+01
DelSqRho =  1.2975580060E+03
GradDelSqRho =  3.3308911185E-12  9.4639573955E-14 -7.0352612624E-12
HessDelSqRho_EigVals = -4.5011991380E+05 -3.8279894956E+03 -6.1718097142E+02
HessDelSqRho_EigVec1 =  7.4418051186E-01  9.7088528724E-03 -6.6790800560E-01
HessDelSqRho_EigVec2 = -1.2721328932E-02  9.9991901546E-01  3.6098014533E-04
HessDelSqRho_EigVec3 =  6.6785742008E-01  8.2280430465E-03  7.4424375426E-01
</CP of DelSqRho>
<CP of DelSqRho>
CP# = 11      
Type = (3,+1)
Coords = -3.31094052287240E+00 -3.28846713593283E-02  1.33356081274169E-03
DistFromNuc =  6.6733418278E-01
Rho =  8.4726457273E-01
DelSqRho = -3.3457647453E+00
GradDelSqRho = -3.1197266992E-14 -6.0498481225E-15 -4.8518047219E-17
HessDelSqRho_EigVals = -7.1841669552E+00  1.8502588820E+01  2.4321441182E+02
HessDelSqRho_EigVec1 = -1.2324968066E-02  9.9992404373E-01  4.3855736027E-05
HessDelSqRho_EigVec2 =  6.4816824837E-04 -3.5869798360E-05  9.9999978930E-01
HessDelSqRho_EigVec3 =  9.9992383462E-01  1.2324993895E-02 -6.4767692181E-04
</CP of DelSqRho>
<CP of DelSqRho>
CP# = 12      
Type = (3,-1)
Coords = -4.70509810122974E+00 -4.99896361609424E-02  2.22897219384567E-03
DistFromNuc =  7.2692861000E-01
Rho =  6.6243105901E-01
DelSqRho = -9.6922874873E-01
GradDelSqRho =  1.1657341759E-14  4.2977774117E-16 -1.9350298273E-15
HessDelSqRho_EigVals = -1.8605188984E+01 -6.3095147286E+00  1.3135867007E+02
HessDelSqRho_EigVec1 =  6.4644695666E-04 -3.6048402719E-05  9.9999979040E-01
HessDelSqRho_EigVec2 = -1.2228635821E-02  9.9992522647E-01  4.3950880876E-05
HessDelSqRho_EigVec3 =  9.9992501848E-01  1.2228661670E-02 -6.4595779675E-04
</CP of DelSqRho>
<CP of DelSqRho>
CP# = 13      
Type = (3,+3)
Coords = -3.77438239627330E+00  5.60794367059631E-01  1.65051448607120E-03
DistFromNuc =  6.3543796156E-01
Rho =  9.6708161503E-01
DelSqRho = -4.4854999239E+00
GradDelSqRho = -1.2656542481E-14  5.1070259133E-15  1.0999231040E-16
HessDelSqRho_EigVals =  1.1965770801E+01  2.4105965861E+01  3.4583553747E+02
HessDelSqRho_EigVec1 =  9.5263467175E-01 -3.0411642593E-01 -6.1778514920E-04
HessDelSqRho_EigVec2 =  6.3912851019E-04 -2.9360611551E-05  9.9999979533E-01
HessDelSqRho_EigVec3 =  3.0411638182E-01  9.5263487162E-01 -1.6639954168E-04
</CP of DelSqRho>
<CP of DelSqRho>
CP# = 14      
Type = (3,+1)
Coords = -4.29353188061723E+00 -4.38331069271640E-01  4.79668204636359E-01
DistFromNuc =  6.9687619963E-01
Rho =  7.7020865337E-01
DelSqRho = -2.5009238020E+00
GradDelSqRho = -1.0713652188E-14 -7.4107386894E-15 -4.3021142204E-15
HessDelSqRho_EigVals = -1.2496023062E+01  1.3948777759E+01  1.7779045650E+02
HessDelSqRho_EigVec1 =  4.5901244942E-01 -7.4721027730E-01 -4.8060833614E-01
HessDelSqRho_EigVec2 =  7.8913620387E-01  9.4393399524E-02  6.0692169006E-01
HessDelSqRho_EigVec3 = -4.0813186964E-01 -6.5785004949E-01  6.3297842725E-01
</CP of DelSqRho>
<CP of DelSqRho>
CP# = 15      
Type = (3,-1)
Coords = -3.73507865532888E+00 -3.81815032830603E-02  6.77697688049629E-01
DistFromNuc =  7.1834317469E-01
Rho =  6.6350876150E-01
DelSqRho = -9.4913087218E-01
GradDelSqRho = -3.7816971776E-15  1.7455654977E-17 -3.1669111777E-14
HessDelSqRho_EigVals = -1.5435095322E+01 -1.2095315422E+01  1.4106914467E+02
HessDelSqRho_EigVec1 =  9.2950675426E-01  1.1867156633E-02 -3.6861411310E-01
HessDelSqRho_EigVec2 = -1.2664595111E-02  9.9991976802E-01  2.5603417831E-04
HessDelSqRho_EigVec3 =  3.6858757685E-01  4.4303629967E-03  9.2958247083E-01
</CP of DelSqRho>
<CP of DelSqRho>
CP# = 16      
Type = (3,-1)
Coords = -3.73595323894857E+00 -3.81332069463928E-02 -6.74483493949383E-01
DistFromNuc =  7.1833990063E-01
Rho =  6.6351140246E-01
DelSqRho = -9.4914078015E-01
GradDelSqRho =  2.6784130469E-15  2.2009304101E-17  3.1030733538E-14
HessDelSqRho_EigVals = -1.5434831006E+01 -1.2095606950E+01  1.4107246831E+02
HessDelSqRho_EigVec1 =  9.2998118325E-01  1.1838524164E-02  3.6741645058E-01
HessDelSqRho_EigVec2 = -1.2662684474E-02  9.9991981098E-01 -1.6743004848E-04
HessDelSqRho_EigVec3 = -3.6738896994E-01 -4.4967717898E-03  9.3005651646E-01
</CP of DelSqRho>
<CP of DelSqRho>
CP# = 17      
Type = (3,+3)
Coords = -3.75898653193480E+00 -6.37596559779303E-01  1.59761074263858E-03
DistFromNuc =  6.3554705877E-01
Rho =  9.6662294902E-01
DelSqRho = -4.4806254943E+00
GradDelSqRho = -1.7763568394E-15 -7.8825834748E-15 -2.1521413124E-17
HessDelSqRho_EigVals =  1.1922355093E+01  2.4075696190E+01  3.4526077241E+02
HessDelSqRho_EigVec1 =  9.4455739120E-01  3.2834583333E-01 -5.9031405247E-04
HessDelSqRho_EigVec2 =  6.3970385621E-04 -4.2403688408E-05  9.9999979449E-01
HessDelSqRho_EigVec3 = -3.2834574082E-01  9.4455757471E-01  2.5009681305E-04
</CP of DelSqRho>
<CP of DelSqRho>
CP# = 18      
Type = (3,+1)
Coords = -4.29415015977973E+00 -4.38291587733194E-01 -4.75770164793900E-01
DistFromNuc =  6.9687762760E-01
Rho =  7.7020534363E-01
DelSqRho = -2.5009271160E+00
GradDelSqRho = -5.8564264549E-15 -1.0824674490E-14  1.1379786002E-15
HessDelSqRho_EigVals = -1.2495638257E+01  1.3948948584E+01  1.7778900599E+02
HessDelSqRho_EigVec1 =  4.5963485211E-01 -7.4724911836E-01  4.7995266207E-01
HessDelSqRho_EigVec2 =  7.8835240303E-01  9.4447952694E-02 -6.0793097706E-01
HessDelSqRho_EigVec3 = -4.0894534031E-01 -6.5779809922E-01 -6.3250720889E-01
</CP of DelSqRho>
<CP of DelSqRho>
CP# = 19      
Type = (3,+1)
Coords = -4.30351559751470E+00  3.47670874870535E-01  4.80026235333296E-01
DistFromNuc =  6.9689538645E-01
Rho =  7.7017288950E-01
DelSqRho = -2.5009569073E+00
GradDelSqRho = -4.2138237344E-12  5.1903481513E-12  5.8198168507E-12
HessDelSqRho_EigVals = -1.2505403818E+01  1.3955256996E+01  1.7778702106E+02
HessDelSqRho_EigVec1 =  4.3986263037E-01  7.5901594961E-01 -4.8001630664E-01
HessDelSqRho_EigVec2 = -7.9132619678E-01  7.4837028156E-02 -6.0679672832E-01
HessDelSqRho_EigVec3 = -4.2464540111E-01  6.4675668335E-01  6.3354721676E-01
</CP of DelSqRho>
<CP of DelSqRho>
CP# = 20      
Type = (3,+1)
Coords = -4.30413417951867E+00  3.47699771646093E-01 -4.76059101902783E-01
DistFromNuc =  6.9689686958E-01
Rho =  7.7016960317E-01
DelSqRho = -2.5009620281E+00
GradDelSqRho = -1.4329648579E-12  2.0758117447E-12 -2.6084134852E-12
HessDelSqRho_EigVals = -1.2504991093E+01  1.3955438454E+01  1.7778550412E+02
HessDelSqRho_EigVec1 =  4.4048417375E-01  7.5898618499E-01  4.7949313203E-01
HessDelSqRho_EigVec2 = -7.9054285086E-01  7.4804598671E-02  6.0782092179E-01
HessDelSqRho_EigVec3 =  4.2545939129E-01 -6.4679536409E-01  6.3296134429E-01
</CP of DelSqRho>
<CP of DelSqRho>
CP# = 21      
Type = (3,+3)
Coords = -4.41092684493597E+00 -4.67628147428865E-02  5.90823795572190E-01
DistFromNuc =  7.3092911439E-01
Rho =  7.3609276769E-01
DelSqRho = -2.9096343947E+00
GradDelSqRho =  3.5152436517E-13 -3.0450642008E-13 -4.8736015223E-13
HessDelSqRho_EigVals =  1.0334416549E+01  2.2413415316E+01  1.3158069848E+02
HessDelSqRho_EigVec1 = -1.2641514519E-02  9.9991999405E-01  4.4452772181E-04
HessDelSqRho_EigVec2 =  8.0935018526E-01  9.9711646405E-03  5.8724173344E-01
HessDelSqRho_EigVec3 = -5.8719031815E-01 -7.7834034935E-03  8.0941148305E-01
</CP of DelSqRho>
<CP of DelSqRho>
CP# = 22      
Type = (3,+3)
Coords = -4.41168887395087E+00 -4.67204016286190E-02 -5.86740982136762E-01
DistFromNuc =  7.3093053760E-01
Rho =  7.3608927041E-01
DelSqRho = -2.9096096315E+00
GradDelSqRho =  9.4466101608E-14 -4.4505349926E-13  1.2456702336E-13
HessDelSqRho_EigVals =  1.0333955185E+01  2.2413225573E+01  1.3157968819E+02
HessDelSqRho_EigVec1 = -1.2641538590E-02  9.9992002904E-01 -3.5639773072E-04
HessDelSqRho_EigVec2 =  8.0859623941E-01  1.0013040113E-02 -5.8827872699E-01
HessDelSqRho_EigVec3 =  5.8822811316E-01  7.7249300938E-03  8.0865815543E-01
</CP of DelSqRho>
<CP of DelSqRho>
CP# = 23      
Type = (3,-3)
Coords = -3.57155409072874E+00 -3.56420398794448E-02 -1.06209329085556E+00
DistFromNuc =  1.1389463339E+00
Rho =  2.4573811302E-01
DelSqRho =  8.4194068330E-01
GradDelSqRho = -5.8829677241E-14 -5.2490462335E-13 -1.0522832605E-13
HessDelSqRho_EigVals = -1.7617090691E+01 -1.8960793846E+00 -5.0735895905E-01
HessDelSqRho_EigVec1 = -3.9776035055E-01 -5.2356586985E-03  9.1747440913E-01
HessDelSqRho_EigVec2 =  9.1739935210E-01  1.1736200664E-02  3.9779478424E-01
HessDelSqRho_EigVec3 = -1.2850381492E-02  9.9991742133E-01  1.3499460764E-04
</CP of DelSqRho>
<CP of DelSqRho>
CP# = 24      
Type = (3,+1)
Coords = -2.75654402908046E+00 -2.99487263892998E-02  1.06989789527378E-03
DistFromNuc =  1.2217311813E+00
Rho =  2.4094269644E-01
DelSqRho =  4.7776972165E-01
GradDelSqRho =  5.4990734188E-15  1.1589958594E-14 -1.1098164488E-16
HessDelSqRho_EigVals = -1.2555286440E+01  2.1282266046E-01  6.8729805212E-01
HessDelSqRho_EigVec1 =  9.9995742473E-01  9.2106276455E-03 -5.5952953049E-04
HessDelSqRho_EigVec2 = -9.2106045925E-03  9.9995758052E-01  4.3763492261E-05
HessDelSqRho_EigVec3 =  5.5990888477E-04 -3.8608023755E-05  9.9999984251E-01
</CP of DelSqRho>
<CP of DelSqRho>
CP# = 25      
Type = (3,-3)
Coords = -3.57018225259245E+00 -3.57178675239732E-02  1.06509893842015E+00
DistFromNuc =  1.1389521269E+00
Rho =  2.4574020584E-01
DelSqRho =  8.4191737599E-01
GradDelSqRho = -5.1640289267E-13 -1.4661240158E-12 -6.6261753029E-13
HessDelSqRho_EigVals = -1.7616246697E+01 -1.8962541988E+00 -5.0730062010E-01
HessDelSqRho_EigVec1 =  3.9894114787E-01  5.1702942549E-03  9.1696195591E-01
HessDelSqRho_EigVec2 =  9.1688646367E-01  1.1766201688E-02 -3.9897464736E-01
HessDelSqRho_EigVec3 = -1.2851975640E-02  9.9991740887E-01 -4.6550808129E-05
</CP of DelSqRho>
<CP of DelSqRho>
CP# = 26      
Type = (3,-1)
Coords = -4.16614013532400E+00  9.27190613177784E-01  6.70044479351821E-01
DistFromNuc =  1.1913960288E+00
Rho =  2.4502828990E-01
DelSqRho =  7.1247680257E-01
GradDelSqRho =  3.3423567733E-14 -8.5868812061E-14 -2.4171636914E-14
HessDelSqRho_EigVals = -1.7198607021E+01 -1.1861450889E+00  2.8602187345E-01
HessDelSqRho_EigVec1 = -1.3933124607E-01  8.2089415218E-01  5.5382271061E-01
HessDelSqRho_EigVec2 = -6.6209105951E-01 -4.9311179467E-01  5.6433694446E-01
HessDelSqRho_EigVec3 =  7.3635740832E-01 -2.8805129557E-01  6.1221255976E-01
</CP of DelSqRho>
<CP of DelSqRho>
CP# = 27      
Type = (3,-1)
Coords = -4.14115384472096E+00 -1.01383895584181E+00  6.70050774989498E-01
DistFromNuc =  1.1914078397E+00
Rho =  2.4503141377E-01
DelSqRho =  7.1232901297E-01
GradDelSqRho =  4.6490589156E-16  1.8318679906E-15 -1.7711526690E-15
HessDelSqRho_EigVals = -1.7193648530E+01 -1.1881045828E+00  2.8632430381E-01
HessDelSqRho_EigVec1 =  1.1811375848E-01  8.2422392924E-01 -5.5380868044E-01
HessDelSqRho_EigVec2 = -6.7468784859E-01  4.7582069384E-01  5.6426144143E-01
HessDelSqRho_EigVec3 =  7.2859141295E-01  3.0700094752E-01  6.1229484008E-01
</CP of DelSqRho>
<CP of DelSqRho>
CP# = 28      
Type = (3,-1)
Coords = -4.16703955099829E+00  9.27261624668596E-01 -6.66164109118443E-01
DistFromNuc =  1.1913963662E+00
Rho =  2.4502756865E-01
DelSqRho =  7.1247447395E-01
GradDelSqRho =  5.4893155993E-16 -2.1302404285E-15  1.8873791419E-15
HessDelSqRho_EigVals = -1.7198756918E+01 -1.1860160412E+00  2.8604799162E-01
HessDelSqRho_EigVec1 = -1.4007808148E-01  8.2095350575E-01 -5.5354626951E-01
HessDelSqRho_EigVec2 =  6.6281387160E-01  4.9306615297E-01  5.6352776365E-01
HessDelSqRho_EigVec3 =  7.3556502275E-01 -2.8796025802E-01 -6.1320713230E-01
</CP of DelSqRho>
<CP of DelSqRho>
CP# = 29      
Type = (3,-1)
Coords = -4.14205197002587E+00 -1.01381368829178E+00 -6.66343744953335E-01
DistFromNuc =  1.1914079831E+00
Rho =  2.4503068135E-01
DelSqRho =  7.1232789347E-01
GradDelSqRho = -6.0667399923E-13 -3.6571440321E-14  4.2217097873E-13
HessDelSqRho_EigVals = -1.7193816377E+01 -1.1879883335E+00  2.8634781047E-01
HessDelSqRho_EigVec1 =  1.1885931681E-01  8.2420360476E-01  5.5367940246E-01
HessDelSqRho_EigVec2 =  6.7541041870E-01 -4.7585679529E-01  5.6336584621E-01
HessDelSqRho_EigVec3 =  7.2780026732E-01  3.0699955745E-01 -6.1323571537E-01
</CP of DelSqRho>
<CP of DelSqRho>
CP# = 30      
Type = (3,-3)
Coords = -5.12661308055120E+00  1.32613538704158E-01  2.51805337351574E-03
DistFromNuc =  1.1614472758E+00
Rho =  2.5254756195E-01
DelSqRho =  8.5580730337E-01
GradDelSqRho = -3.5180192093E-15 -8.5001450323E-17 -2.6304438770E-16
HessDelSqRho_EigVals = -1.6838223411E+01 -3.9120586670E+00 -4.0019092623E-02
HessDelSqRho_EigVec1 =  9.8895778805E-01 -1.4819606876E-01 -6.4703953331E-04
HessDelSqRho_EigVec2 =  6.4844425311E-04 -3.8836405054E-05  9.9999978901E-01
HessDelSqRho_EigVec3 =  1.4819606262E-01  9.8895799895E-01 -5.7689323884E-05
</CP of DelSqRho>
<CP of DelSqRho>
CP# = 31      
Type = (3,-3)
Coords = -5.12293257012113E+00 -2.37626570444834E-01  2.50228956174566E-03
DistFromNuc =  1.1614625332E+00
Rho =  2.5258832857E-01
DelSqRho =  8.5575352671E-01
GradDelSqRho =  5.1417203828E-15  5.3602955408E-16 -1.3688052428E-16
HessDelSqRho_EigVals = -1.6827890814E+01 -3.9299996783E+00 -3.5628964967E-02
HessDelSqRho_EigVec1 =  9.8581034013E-01  1.6786176409E-01 -6.3359254338E-04
HessDelSqRho_EigVec2 =  6.4842193857E-04 -3.3531412094E-05  9.9999978921E-01
HessDelSqRho_EigVec3 = -1.6786170746E-01  9.8581054317E-01  1.4190086324E-04
</CP of DelSqRho>
<CP of DelSqRho>
CP# = 32      
Type = (3,-1)
Coords = -5.13934479219853E+00 -6.37683223886372E-02  2.51897869116295E-03
DistFromNuc =  1.1613425777E+00
Rho =  2.5313783535E-01
DelSqRho =  8.5561063390E-01
GradDelSqRho = -6.7723604502E-15 -2.5153490402E-16 -2.8330880393E-16
HessDelSqRho_EigVals = -1.6687403590E+01 -4.1711198074E+00  1.9741064574E-02
HessDelSqRho_EigVec1 =  9.9981083050E-01  1.9439233820E-02 -6.4760684105E-04
HessDelSqRho_EigVec2 =  6.4842836640E-04 -3.5958158446E-05  9.9999978912E-01
HessDelSqRho_EigVec3 = -1.9439206434E-02  9.9981103959E-01  4.8556306890E-05
</CP of DelSqRho>
<CP of DelSqRho>
CP# = 33      
Type = (3,+1)
Coords = -5.25875982804013E+00  7.87033489222427E-01  1.29596915317151E+00
DistFromNuc =  2.0001206689E+00
Rho =  7.5265229112E-02
DelSqRho =  1.8191378571E-01
GradDelSqRho =  1.9473626271E-16  4.3151246465E-17 -6.0606901442E-17
HessDelSqRho_EigVals = -1.6778000570E+00  2.5654493405E-02  5.7837660522E-01
HessDelSqRho_EigVec1 = -5.5066327823E-01  7.5850569875E-01  3.4848107405E-01
HessDelSqRho_EigVec2 =  7.7680185209E-01  3.1284929412E-01  5.4653838086E-01
HessDelSqRho_EigVec3 = -3.0553041844E-01 -5.7165936023E-01  7.6148324950E-01
</CP of DelSqRho>
<CP of DelSqRho>
CP# = 34      
Type = (3,+1)
Coords = -5.26037531572975E+00  7.87151726077258E-01 -1.29077224944704E+00
DistFromNuc =  2.0001230885E+00
Rho =  7.5265975466E-02
DelSqRho =  1.8190827844E-01
GradDelSqRho =  2.4625389076E-14 -3.4838017887E-14  1.0315999357E-13
HessDelSqRho_EigVals = -1.6777546999E+00  2.5678823244E-02  5.7836172163E-01
HessDelSqRho_EigVec1 = -5.5105364654E-01  7.5855004019E-01 -3.4776675397E-01
HessDelSqRho_EigVec2 =  7.7611176677E-01  3.1277580136E-01 -5.4755988126E-01
HessDelSqRho_EigVec3 =  3.0657854477E-01  5.7164073911E-01  7.6107585776E-01
</CP of DelSqRho>
<CP of DelSqRho>
CP# = 35      
Type = (3,+1)
Coords = -5.23658934229023E+00 -9.02393263287363E-01  1.29610946185544E+00
DistFromNuc =  2.0001775579E+00
Rho =  7.5260377781E-02
DelSqRho =  1.8186871065E-01
GradDelSqRho = -7.1882604036E-17 -5.3733059668E-16 -2.7414051931E-16
HessDelSqRho_EigVals = -1.6766131743E+00  2.5711532584E-02  5.7849396803E-01
HessDelSqRho_EigVec1 =  5.3062512720E-01  7.7250848897E-01 -3.4880884285E-01
HessDelSqRho_EigVec2 =  7.8469971257E-01 -2.9214115796E-01  5.4671739035E-01
HessDelSqRho_EigVec3 = -3.2044240586E-01  5.6381218353E-01  7.6120462836E-01
</CP of DelSqRho>
<CP of DelSqRho>
CP# = 36      
Type = (3,+1)
Coords = -5.23821915890114E+00 -9.02318559089416E-01 -1.29105126589717E+00
DistFromNuc =  2.0001795058E+00
Rho =  7.5261172837E-02
DelSqRho =  1.8186363528E-01
GradDelSqRho =  6.6908826570E-17 -6.3176460591E-16  4.3975240116E-16
HessDelSqRho_EigVals = -1.6765786147E+00  2.5734877533E-02  5.7847838815E-01
HessDelSqRho_EigVec1 =  5.3102840777E-01  7.7249771262E-01  3.4821848620E-01
HessDelSqRho_EigVec2 =  7.8400231477E-01 -2.9201154250E-01 -5.4778611654E-01
HessDelSqRho_EigVec3 =  3.2147970475E-01 -5.6389408849E-01  7.6070641932E-01
</CP of DelSqRho>
<Path of -GradDelSqRho>
Starting CP# =      3
Ending CP# =      0
Number of Points =     29
 -4.6625642661E+00 -4.9987646971E-02  9.2040000093E-01  4.1932782406E-01 -9.9419428346E-01
 -4.6775150536E+00 -5.0182057675E-02  9.4043587274E-01  4.0899363353E-01 -1.0043465318E+00
 -4.6924663606E+00 -5.0376458936E-02  9.6047135691E-01  3.9967930720E-01 -1.0347540748E+00
 -4.7074177227E+00 -5.0570842699E-02  9.8050680013E-01  3.9135737637E-01 -1.0854508885E+00
 -4.7223686302E+00 -5.0765200879E-02  1.0005425829E+00  3.8399547424E-01 -1.1565898628E+00
 -4.7373185912E+00 -5.0959526268E-02  1.0205790722E+00  3.7755644799E-01 -1.2483545675E+00
 -4.7522672023E+00 -5.1153813560E-02  1.0406165690E+00  3.7199839020E-01 -1.3607800631E+00
 -4.7672142278E+00 -5.1348060510E-02  1.0606552490E+00  3.6727471335E-01 -1.4934512748E+00
 -4.7821596917E+00 -5.1542269322E-02  1.0806950941E+00  3.6333448319E-01 -1.6450537316E+00
 -4.7971039916E+00 -5.1736448414E-02  1.1007358076E+00  3.6012335037E-01 -1.8127897614E+00
 -4.8120480515E+00 -5.1930614855E-02  1.1207767001E+00  3.5758555756E-01 -1.9917689582E+00
 -4.8269935412E+00 -5.2124797912E-02  1.1408165262E+00  3.5566760363E-01 -2.1746549645E+00
 -4.8419431606E+00 -5.2319043701E-02  1.1608532710E+00  3.5432411662E-01 -2.3520903496E+00
 -4.8569007392E+00 -5.2513416675E-02  1.1808840735E+00  3.5352617392E-01 -2.5146501290E+00
 -4.8718695770E+00 -5.2707971705E-02  1.2009064617E+00  3.5327154930E-01 -2.6571245984E+00
 -4.8868439487E+00 -5.2902612408E-02  1.2209247109E+00  3.5359508312E-01 -2.7855732961E+00
 -4.9017965747E+00 -5.3096884131E-02  1.2409592068E+00  3.5457571987E-01 -2.9266440960E+00
 -4.9167012194E+00 -5.3290353121E-02  1.2610294287E+00  3.5633512865E-01 -3.1371585664E+00
 -4.9315639699E+00 -5.3483124348E-02  1.2811307061E+00  3.5902189635E-01 -3.5103060391E+00
 -4.9464020081E+00 -5.3675485028E-02  1.3012502383E+00  3.6277635042E-01 -4.1736222262E+00
 -4.9612266147E+00 -5.3867622830E-02  1.3213796723E+00  3.6767455495E-01 -5.2739182815E+00
 -4.9760435811E+00 -5.4059633806E-02  1.3415147320E+00  3.7365606349E-01 -6.9459612065E+00
 -4.9908558357E+00 -5.4251566369E-02  1.3616532592E+00  3.8044822016E-01 -9.2655414328E+00
 -5.0056649183E+00 -5.4443445899E-02  1.3817941195E+00  3.8750833638E-01 -1.2194294987E+01
 -5.0204716732E+00 -5.4635286258E-02  1.4019366915E+00  3.9401065082E-01 -1.5532994748E+01
 -5.0352765718E+00 -5.4827095177E-02  1.4220806282E+00  3.9890285970E-01 -1.8908292979E+01
 -5.0500798635E+00 -5.5018876780E-02  1.4422257461E+00  4.0104273550E-01 -2.1817056282E+01
 -5.0648816204E+00 -5.5210632447E-02  1.4623719919E+00  3.9939881414E-01 -2.3734812984E+01
 -5.0767214212E+00 -5.5364011606E-02  1.4784901678E+00  3.9487131193E-01 -2.4279548612E+01
</Path of -GradDelSqRho>
<Path of -GradDelSqRho>
Starting CP# =      3
Ending CP# =     21
Number of Points =     17
 -4.6625642661E+00 -4.9987646971E-02  9.2040000093E-01  4.1932782406E-01 -9.9419428346E-01
 -4.6476143259E+00 -4.9793233999E-02  9.0036349695E-01  4.3070419698E-01 -1.0044043528E+00
 -4.6326654736E+00 -4.9598824256E-02  8.8032618127E-01  4.4313951196E-01 -1.0351965129E+00
 -4.6177177330E+00 -4.9404421312E-02  8.6028803618E-01  4.5664442233E-01 -1.0868335540E+00
 -4.6027708944E+00 -4.9210026045E-02  8.4024921820E-01  4.7122283040E-01 -1.1595149632E+00
 -4.5878244762E+00 -4.9015636181E-02  8.2021008663E-01  4.8687121141E-01 -1.2532375253E+00
 -4.5728776825E+00 -4.8821245856E-02  8.0017123509E-01  5.0357799389E-01 -1.3676267888E+00
 -4.5579293488E+00 -4.8626845153E-02  7.8013353245E-01  5.2132310518E-01 -1.5017448901E+00
 -4.5429778626E+00 -4.8432419506E-02  7.6009818228E-01  5.4007781011E-01 -1.6538822890E+00
 -4.5280210395E+00 -4.8237948855E-02  7.4006681644E-01  5.5980498697E-01 -1.8213429363E+00
 -4.5130559172E+00 -4.8043406330E-02  7.2004165087E-01  5.8045999746E-01 -2.0002335168E+00
 -4.4980783913E+00 -4.7848756037E-02  7.0002576221E-01  6.0199231464E-01 -2.1852664981E+00
 -4.4830825132E+00 -4.7653949000E-02  6.8002362163E-01  6.2434807526E-01 -2.3695815778E+00
 -4.4680589708E+00 -4.7458914722E-02  6.6004225573E-01  6.4747371913E-01 -2.5445766985E+00
 -4.4529911756E+00 -4.7263540310E-02  6.4009424942E-01  6.7132085511E-01 -2.6997107401E+00
 -4.4378419928E+00 -4.7067602370E-02  6.2020801983E-01  6.9585231249E-01 -2.8221834174E+00
 -4.4109268449E+00 -4.6762814743E-02  5.9082379557E-01  7.3609276769E-01 -2.9096343947E+00
</Path of -GradDelSqRho>
<Path of -GradDelSqRho>
Starting CP# =      4
Ending CP# =     22
Number of Points =     17
 -4.6637607357E+00 -4.9921888131E-02 -9.1598046531E-01  4.1932909147E-01 -9.9420368370E-01
 -4.6487846415E+00 -4.9728905022E-02 -8.9596348854E-01  4.3070545203E-01 -1.0044139191E+00
 -4.6338096273E+00 -4.9535925312E-02 -8.7594570372E-01  4.4314075786E-01 -1.0352065372E+00
 -4.6188357167E+00 -4.9342952555E-02 -8.5592709334E-01  4.5664566117E-01 -1.0868442594E+00
 -4.6038626997E+00 -4.9149987601E-02 -8.3590781445E-01  4.7122406297E-01 -1.1595264920E+00
 -4.5888900948E+00 -4.8957028125E-02 -8.1588822731E-01  4.8687243709E-01 -1.2532499256E+00
 -4.5739171063E+00 -4.8764068196E-02 -7.9586892705E-01  5.0357921054E-01 -1.3676400001E+00
 -4.5589425700E+00 -4.8571097796E-02 -7.7585078472E-01  5.2132430911E-01 -1.5017587280E+00
 -4.5439648735E+00 -4.8378102228E-02 -7.5583500698E-01  5.4007899604E-01 -1.6538964292E+00
 -4.5289818327E+00 -4.8185061257E-02 -7.3582322998E-01  5.5980614809E-01 -1.8213568978E+00
 -4.5139904855E+00 -4.7991947773E-02 -7.1581767571E-01  5.8046112552E-01 -2.0002466455E+00
 -4.4989867268E+00 -4.7798725545E-02 -6.9582142953E-01  6.0199340016E-01 -2.1852779486E+00
 -4.4839646069E+00 -4.7605345095E-02 -6.7583897591E-01  6.2434910772E-01 -2.3695902945E+00
 -4.4689148100E+00 -4.7411735118E-02 -6.5587736331E-01  6.4747468719E-01 -2.5445813915E+00
 -4.4538207392E+00 -4.7217781217E-02 -6.3594921778E-01  6.7132174662E-01 -2.6997098495E+00
 -4.4386452345E+00 -4.7023256504E-02 -6.1608305376E-01  6.9585311317E-01 -2.8221750561E+00
 -4.4116888740E+00 -4.6720401629E-02 -5.8674098214E-01  7.3608927041E-01 -2.9096096315E+00
</Path of -GradDelSqRho>
<Path of -GradDelSqRho>
Starting CP# =      4
Ending CP# =      0
Number of Points =     29
 -4.6637607357E+00 -4.9921888131E-02 -9.1598046531E-01  4.1932909147E-01 -9.9420368370E-01
 -4.6787376701E+00 -5.0114869131E-02 -9.3599681351E-01  4.0899491744E-01 -1.0043561153E+00
 -4.6937151173E+00 -5.0307840843E-02 -9.5601277803E-01  3.9968061250E-01 -1.0347642360E+00
 -4.7086926138E+00 -5.0500795188E-02 -9.7602870588E-01  3.9135870846E-01 -1.0854620543E+00
 -4.7236696507E+00 -5.0693724052E-02 -9.9604497789E-01  3.8399683880E-01 -1.1566024735E+00
 -4.7386457370E+00 -5.0886620198E-02 -1.0160619614E+00  3.7755785076E-01 -1.2483690506E+00
 -4.7536204704E+00 -5.1079478288E-02 -1.0360799574E+00  3.7199983680E-01 -1.3607967917E+00
 -4.7685936159E+00 -5.1272296050E-02 -1.0560991416E+00  3.6727620903E-01 -1.4934705049E+00
 -4.7835651979E+00 -5.1465075671E-02 -1.0761194955E+00  3.6333603281E-01 -1.6450755147E+00
 -4.7985356142E+00 -5.1657825560E-02 -1.0961407213E+00  3.6012495845E-01 -1.8128138378E+00
 -4.8135057886E+00 -5.1850562793E-02 -1.1161621281E+00  3.5758722857E-01 -1.9917946601E+00
 -4.8284773895E+00 -5.2043316662E-02 -1.1361824681E+00  3.5566934264E-01 -2.1746811907E+00
 -4.8434531145E+00 -5.2236133332E-02 -1.1561997225E+00  3.5432593040E-01 -2.3521157199E+00
 -4.8584367896E+00 -5.2429077323E-02 -1.1762110254E+00  3.5352807245E-01 -2.5146734564E+00
 -4.8734317104E+00 -5.2622203547E-02 -1.1962139011E+00  3.5327354757E-01 -2.6571458082E+00
 -4.8884321544E+00 -5.2815415423E-02 -1.2162126347E+00  3.5359720276E-01 -2.7855948211E+00
 -4.9034108668E+00 -5.3008257671E-02 -1.2362276484E+00  3.5457798998E-01 -2.9266725826E+00
 -4.9183416446E+00 -5.3200296122E-02 -1.2562784507E+00  3.5633758482E-01 -3.1372064459E+00
 -4.9332305738E+00 -5.3391636009E-02 -1.2763603589E+00  3.5902457695E-01 -3.5103922586E+00
 -4.9480948192E+00 -5.3582564909E-02 -1.2964605508E+00  3.6277928927E-01 -4.1737712879E+00
 -4.9629456485E+00 -5.3773270701E-02 -1.3165706599E+00  3.6767777051E-01 -5.2741568139E+00
 -4.9777888468E+00 -5.3963849535E-02 -1.3366864035E+00  3.7365954572E-01 -6.9463116703E+00
 -4.9926273386E+00 -5.4154349875E-02 -1.3568056199E+00  3.8045191769E-01 -9.2660133703E+00
 -5.0074626624E+00 -5.4344797125E-02 -1.3769271729E+00  3.8751214806E-01 -1.2194875580E+01
 -5.0222956613E+00 -5.4535205159E-02 -1.3970504403E+00  3.9401442639E-01 -1.5533642130E+01
 -5.0371268061E+00 -5.4725581713E-02 -1.4171750744E+00  3.9890641311E-01 -1.8908936808E+01
 -5.0519563461E+00 -5.4915930912E-02 -1.4373008914E+00  4.0104587147E-01 -2.1817608932E+01
 -5.0667843536E+00 -5.5106254124E-02 -1.4574278378E+00  3.9940136335E-01 -2.3735190593E+01
 -5.0786451673E+00 -5.5258487332E-02 -1.4735305681E+00  3.9487330973E-01 -2.4279744044E+01
</Path of -GradDelSqRho>
<Path of -GradDelSqRho>
Starting CP# =      7
Ending CP# =     13
Number of Points =     35
 -4.0354731483E+00  1.1734197192E-01  1.8064620526E-03  2.2544588361E+01  1.2318107939E+03
 -4.0438189353E+00  1.4090778482E-01  1.8129268783E-03  1.5633777863E+01  1.1499560799E+03
 -4.0521368620E+00  1.6448345122E-01  1.8193734209E-03  1.0948548555E+01  9.8021434666E+02
 -4.0604479420E+00  1.8806153214E-01  1.8258154855E-03  7.7818300055E+00  7.7212112740E+02
 -4.0687427353E+00  2.1164534670E-01  1.8322468844E-03  5.6495678333E+00  5.7149330892E+02
 -4.0770050181E+00  2.3524056830E-01  1.8386569830E-03  4.2147200520E+00  4.0723346476E+02
 -4.0852171384E+00  2.5885329184E-01  1.8450342170E-03  3.2465845743E+00  2.8453429870E+02
 -4.0933613594E+00  2.8248951575E-01  1.8513669714E-03  2.5902467032E+00  1.9626609173E+02
 -4.1014212017E+00  3.0615464016E-01  1.8576444551E-03  2.1423242889E+00  1.3323903103E+02
 -4.1093805813E+00  3.2985373580E-01  1.8638561303E-03  1.8334897227E+00  8.8260667137E+01
 -4.1172197507E+00  3.5359285468E-01  1.8699890468E-03  1.6169398055E+00  5.6436047176E+01
 -4.1249094227E+00  3.7738079901E-01  1.8760239817E-03  1.4610596876E+00  3.4379112906E+01
 -4.1324037312E+00  4.0123096992E-01  1.8819308049E-03  1.3446718362E+00  1.9548655978E+01
 -4.1396302339E+00  4.2516355373E-01  1.8876618753E-03  1.2538118617E+00  9.9303393274E+00
 -4.1464725763E+00  4.4920857519E-01  1.8931405550E-03  1.1794550700E+00  3.9320770988E+00
 -4.1527365032E+00  4.7341018520E-01  1.8982386125E-03  1.1159032527E+00  3.4520748892E-01
 -4.1580746595E+00  4.9783112519E-01  1.9027260166E-03  1.0596812005E+00 -1.6997358648E+00
 -4.1617886440E+00  5.2254547985E-01  1.9061380242E-03  1.0088963768E+00 -2.7953024782E+00
 -4.1621665435E+00  5.4750232137E-01  1.9073260185E-03  9.6337432381E-01 -3.3280249767E+00
 -4.1541469568E+00  5.7084929588E-01  1.9028276346E-03  9.2847420956E-01 -3.5536221221E+00
 -4.1335284489E+00  5.8428731381E-01  1.8895063873E-03  9.1877020933E-01 -3.6702438308E+00
 -4.1091644031E+00  5.8976522040E-01  1.8733623300E-03  9.2331559603E-01 -3.7719775374E+00
 -4.0843654309E+00  5.9290571343E-01  1.8568296281E-03  9.3020462670E-01 -3.8684961027E+00
 -4.0594549040E+00  5.9500378325E-01  1.8401802154E-03  9.3697480628E-01 -3.9595742439E+00
 -4.0344882012E+00  5.9627243209E-01  1.8234667235E-03  9.4319433793E-01 -4.0446492329E+00
 -4.0094936516E+00  5.9674065493E-01  1.8067174814E-03  9.4877496388E-01 -4.1231930437E+00
 -3.9844969003E+00  5.9641040884E-01  1.7899587667E-03  9.5368405257E-01 -4.1947385684E+00
 -3.9595235291E+00  5.9528033898E-01  1.7732175673E-03  9.5790126092E-01 -4.2588886602E+00
 -3.9345993399E+00  5.9334883743E-01  1.7565220347E-03  9.6141317149E-01 -4.3153224488E+00
 -3.9097504268E+00  5.9061444256E-01  1.7399017185E-03  9.6421277060E-01 -4.3637999862E+00
 -3.8850032257E+00  5.8707596075E-01  1.7233877939E-03  9.6629935333E-01 -4.4041652534E+00
 -3.8603845537E+00  5.8273255783E-01  1.7070132840E-03  9.6767839545E-01 -4.4363475029E+00
 -3.8359216403E+00  5.7758383958E-01  1.6908132453E-03  9.6836136044E-01 -4.4603609548E+00
 -3.8116421524E+00  5.7162992391E-01  1.6748247960E-03  9.6836544355E-01 -4.4763029093E+00
 -3.7743823963E+00  5.6079436706E-01  1.6505144861E-03  9.6708161503E-01 -4.4854999239E+00
</Path of -GradDelSqRho>
<Path of -GradDelSqRho>
Starting CP# =      7
Ending CP# =      1
Number of Points =      7
 -4.0354731483E+00  1.1734197192E-01  1.8064620526E-03  2.2544588361E+01  1.2318107939E+03
 -4.0270649634E+00  9.3798354170E-02  1.7999562631E-03  3.2772316296E+01  9.8053419490E+02
 -4.0186037476E+00  7.0273736001E-02  1.7934156611E-03  4.8013789807E+01 -7.9654592854E+02
 -4.0101191522E+00  4.6757537729E-02  1.7868597139E-03  7.0655316268E+01 -6.3884784103E+03
 -4.0016176136E+00  2.3247460598E-02  1.7802926445E-03  1.0426294968E+02 -2.0631324099E+04
 -3.9930879702E+00 -2.5243522132E-04  1.7737071169E-03  1.5468522004E+02 -7.5308129849E+04
 -3.9782248422E+00 -4.1060933462E-02  1.7622368430E-03  2.9727517994E+02 -3.3291530459E+06
</Path of -GradDelSqRho>
<Path of -GradDelSqRho>
Starting CP# =      8
Ending CP# =      1
Number of Points =      7
 -4.0314964483E+00 -2.0085021483E-01  1.7924399757E-03  2.2543559773E+01  1.2316950169E+03
 -4.0236793931E+00 -1.7710377970E-01  1.7880182300E-03  3.2770622049E+01  9.8049284486E+02
 -4.0158089232E+00 -1.5337498789E-01  1.7835601105E-03  4.8011012088E+01 -7.9615962613E+02
 -4.0079149020E+00 -1.2965401841E-01  1.7790859524E-03  7.0650872175E+01 -6.3872443600E+03
 -4.0000038189E+00 -1.0593873490E-01  1.7746001721E-03  1.0425583879E+02 -2.0626731386E+04
 -3.9920644281E+00 -8.2232912444E-02  1.7700950977E-03  1.5467414134E+02 -7.5292600122E+04
 -3.9782248422E+00 -4.1060933462E-02  1.7622368430E-03  2.9727517994E+02 -3.3291530459E+06
</Path of -GradDelSqRho>
<Path of -GradDelSqRho>
Starting CP# =      8
Ending CP# =     17
Number of Points =     35
 -4.0314964483E+00 -2.0085021483E-01  1.7924399757E-03  2.2543559773E+01  1.2316950169E+03
 -4.0392506716E+00 -2.2461724540E-01  1.7968189445E-03  1.5633145952E+01  1.1498564657E+03
 -4.0469768557E+00 -2.4839341106E-01  1.8011788361E-03  1.0948151319E+01  9.8013321927E+02
 -4.0546961502E+00 -2.7217181438E-01  1.8055340575E-03  7.7815667937E+00  7.7205702468E+02
 -4.0623990453E+00 -2.9595553432E-01  1.8098781469E-03  5.6493743662E+00  5.7144672151E+02
 -4.0700692057E+00 -3.1974982909E-01  1.8142000077E-03  4.2145562530E+00  4.0720276363E+02
 -4.0776888608E+00 -3.4356034171E-01  1.8184875813E-03  3.2464269444E+00  2.8451615183E+02
 -4.0852401588E+00 -3.6739261688E-01  1.8227287689E-03  2.5900827036E+00  1.9625706813E+02
 -4.0927065184E+00 -3.9125163341E-01  1.8269123476E-03  2.1421483202E+00  1.3323636332E+02
 -4.1000717623E+00 -4.1514205127E-01  1.8310273791E-03  1.8333004294E+00  8.8262296232E+01
 -4.1073160337E+00 -4.3906941848E-01  1.8350604386E-03  1.6167383174E+00  5.6440444649E+01
 -4.1144098882E+00 -4.6304179023E-01  1.8389916160E-03  1.4608484612E+00  3.4385131049E+01
 -4.1213072258E+00 -4.8707139871E-01  1.8427897414E-03  1.3444538742E+00  1.9555446078E+01
 -4.1279352642E+00 -5.1117658626E-01  1.8464056247E-03  1.2535901812E+00  9.9373052422E+00
 -4.1341771775E+00 -5.3538442213E-01  1.8497603676E-03  1.1792323335E+00  3.9388341915E+00
 -4.1398381092E+00 -5.5973414003E-01  1.8527225288E-03  1.1156814629E+00  3.5153781387E-01
 -4.1445701377E+00 -5.8427974454E-01  1.8550578559E-03  1.0594612717E+00 -1.6939278431E+00
 -4.1476753443E+00 -6.0907798870E-01  1.8562979463E-03  1.0086769327E+00 -2.7900247275E+00
 -4.1474498471E+00 -6.3403694535E-01  1.8553063650E-03  9.6314611982E-01 -3.3232068484E+00
 -4.1388941307E+00 -6.5719468633E-01  1.8488030487E-03  9.2819046483E-01 -3.5490355920E+00
 -4.1179728890E+00 -6.7015187407E-01  1.8343608525E-03  9.1840599032E-01 -3.6655409659E+00
