 AIMInt (Version 19.02.13, Professional)
 Portions Copyright (c) 1997-2019 by Todd A. Keith
 AIMInt is a component of the AIMAll package ( http://aim.tkgristmill.com )

 TP:  64-bit Linux

 Licensed To:  Research Group of Fernando Cortes Guzman, UNAM, fercor@unam.mx

 AIMInt is a heavily modified and extended version of the PROAIMV program
 developed by members of R.F.W. Bader's research group

 Much of the Quantum Theory of Atoms in Molecules (QTAIM) is described in the book:
   "Atoms in Molecules - A Quantum Theory"
   R.F.W. Bader, Oxford University Press, Oxford, 1990

 For additional references see:  http://aim.tkgristmill.com/references.html

 Current Directory:  /home/scratch/M_H2O_4_cuadrado_plano/Opt

 Inp File:  V2_cuadrado_plano_cc-pvtz-def2-tzv_1_atomicfiles/o8.inp
 Wfx File:  V2_cuadrado_plano_cc-pvtz-def2-tzv_1.wfx
 Out File:  V2_cuadrado_plano_cc-pvtz-def2-tzv_1_atomicfiles/o8.int

 Wfx Title:   V2_cuadrado_plano_cc-pvtz-def2-tzv_1                                          
 Job Title:   V2_cuadrado_plano_cc-pvtz-def2-tzv_1                                          
 
<Atom>
O8      
</Atom>
<Nuclei of Molecule>
    13
V1        23.0           1.6108166266E-04   3.2908732655E-04   3.0765137008E-04
O2         8.0           3.9782849488E+00   3.9349321053E-02   1.6590880186E-03
H3         1.0           5.0825991021E+00   5.4378779933E-02   1.4856140181E+00
O4         8.0           4.3325034314E-02  -3.8241227814E+00  -1.9902743489E-03
H5         1.0          -1.4320282743E+00  -4.9427483304E+00  -4.0203531039E-03
O6         8.0          -3.9782244778E+00  -4.1060928084E-02   1.7622365986E-03
H7         1.0          -5.0821747550E+00  -5.5434423803E-02   1.4859950123E+00
O8         8.0          -4.3695953129E-02   3.8249547256E+00  -1.9791424429E-03
H9         1.0           1.4313298876E+00   4.9440179623E+00  -2.0327950513E-03
H10        1.0           5.0837882001E+00   5.4113922539E-02  -1.4814130329E+00
H11        1.0          -1.5454062931E+00   4.9079714201E+00  -3.9519616698E-03
H12        1.0           1.5447767386E+00  -4.9075026992E+00  -1.8570332512E-03
H13        1.0          -5.0841059017E+00  -5.5328337610E-02  -1.4810250986E+00
</Nuclei of Molecule>
<Total Number of CPs of DelSqRho>
    36
</Total Number of CPs of DelSqRho>
<Number of (3,+3) CPs of DelSqRho>
     5
</Number of (3,+3) CPs of DelSqRho>
<Number of (3,+1) CPs of DelSqRho>
    14
</Number of (3,+1) CPs of DelSqRho>
<Number of (3,-1) CPs of DelSqRho>
    11
</Number of (3,-1) CPs of DelSqRho>
<Number of (3,-3) CPs of DelSqRho>
     6
</Number of (3,-3) CPs of DelSqRho>
<Number of Degenerate CPs of DelSqRho>
     0
</Number of Degenerate CPs of DelSqRho>
<CP of DelSqRho>
CP# = 1       
Type = (3,+3)
Coords = -4.36959574463967E-02  3.82495508518509E+00 -1.97914287418983E-03
DistFromNuc =  3.5959227523E-07
Rho =  2.9730374044E+02
DelSqRho = -3.3294046756E+06
GradDelSqRho = -1.1970082525E-07  2.8214017448E-05 -1.7422501664E-08
HessDelSqRho_EigVals =  1.3240275097E+11  1.3240276835E+11  1.3240277725E+11
HessDelSqRho_EigVec1 = -6.6960930864E-04  8.1626345118E-04  9.9999944267E-01
HessDelSqRho_EigVec2 = -1.2267543224E-02  9.9992441100E-01 -8.2441667125E-04
HessDelSqRho_EigVec3 =  9.9992452666E-01  1.2268088424E-02  6.5954514638E-04
</CP of DelSqRho>
<CP of DelSqRho>
CP# = 2       
Type = (3,-1)
Coords = -2.50913812809155E-02  2.16987487410481E+00 -8.26642085880872E-04
DistFromNuc =  1.6551848154E+00
Rho =  1.0096195199E-01
DelSqRho =  2.7886422087E-01
GradDelSqRho =  1.7493602053E-15 -3.8441472228E-15 -1.5486472781E-16
HessDelSqRho_EigVals = -3.3415421560E-01 -2.0220857561E-01  3.3188274398E+00
HessDelSqRho_EigVec1 = -5.5360099654E-04  5.8723554896E-04  9.9999967434E-01
HessDelSqRho_EigVec2 =  9.9993283526E-01  1.1576960335E-02  5.4676558948E-04
HessDelSqRho_EigVec3 = -1.1576635485E-02  9.9993281231E-01 -5.9360512422E-04
</CP of DelSqRho>
<CP of DelSqRho>
CP# = 3       
Type = (3,+1)
Coords = -9.74746424262770E-01  4.49734944167906E+00 -3.20687196153146E-03
DistFromNuc =  1.1484646887E+00
Rho =  4.1979387981E-01
DelSqRho = -1.0100708301E+00
GradDelSqRho = -1.0207980294E-14 -8.0491169285E-16 -9.3478556059E-18
HessDelSqRho_EigVals = -3.2771810142E+01  1.5456550597E+01  1.6328009220E+01
HessDelSqRho_EigVec1 =  8.1049693780E-01 -5.8574190306E-01  1.0662172833E-03
HessDelSqRho_EigVec2 = -6.7200778177E-04  8.9042011132E-04  9.9999937778E-01
HessDelSqRho_EigVec3 =  5.8574248798E-01  8.1049715000E-01 -3.2805965661E-04
</CP of DelSqRho>
<CP of DelSqRho>
CP# = 4       
Type = (3,-1)
Coords = -4.57261625624793E-02  3.99389026716908E+00 -2.07140399855195E-03
DistFromNuc =  1.6894776548E-01
Rho =  2.2310800235E+01
DelSqRho =  1.2468026117E+03
GradDelSqRho = -1.0666190153E-12  5.5299764767E-11 -1.1712852910E-14
HessDelSqRho_EigVals = -4.0310023612E+05 -1.3454809001E+03  1.7828462425E+03
HessDelSqRho_EigVec1 = -1.2016799474E-02  9.9992764850E-01 -5.4248528312E-04
HessDelSqRho_EigVec2 = -6.7993436810E-04  5.3435310656E-04  9.9999962608E-01
HessDelSqRho_EigVec3 =  9.9992756449E-01  1.2017163835E-02  6.7346395970E-04
</CP of DelSqRho>
<CP of DelSqRho>
CP# = 5       
Type = (3,-1)
Coords = -4.16654580165858E-02  3.65814954088676E+00 -1.82629018201871E-03
DistFromNuc =  1.6681761276E-01
Rho =  2.2781094627E+01
DelSqRho =  1.2946473648E+03
GradDelSqRho = -1.3416628919E-12  6.0932592305E-11 -5.5386251141E-14
HessDelSqRho_EigVals = -4.5435093948E+05 -3.1369886752E+03  3.7280786402E+02
HessDelSqRho_EigVec1 = -1.2171014118E-02  9.9992550929E-01 -9.1776356208E-04
HessDelSqRho_EigVec2 = -6.8078093315E-04  9.0954492808E-04  9.9999935463E-01
HessDelSqRho_EigVec3 =  9.9992569872E-01  1.2171631059E-02  6.6966013713E-04
</CP of DelSqRho>
<CP of DelSqRho>
CP# = 6       
Type = (3,+1)
Coords = -4.45682972756294E-02  3.88887324095947E+00  1.53884372148261E-01
DistFromNuc =  1.6846297151E-01
Rho =  2.2521345201E+01
DelSqRho =  1.2348555442E+03
GradDelSqRho = -1.3183898417E-16 -5.8069105080E-12  1.1263878719E-11
HessDelSqRho_EigVals = -4.1038912646E+05  1.8772200058E+03  3.2431932794E+03
HessDelSqRho_EigVec1 = -5.1231520517E-03  3.7472581282E-01  9.2712152306E-01
HessDelSqRho_EigVec2 = -1.0906947414E-02  9.2705760108E-01 -3.7476024707E-01
HessDelSqRho_EigVec3 =  9.9992739327E-01  1.2032019427E-02  6.6234231584E-04
</CP of DelSqRho>
<CP of DelSqRho>
CP# = 7       
Type = (3,+1)
Coords = -4.43554446008298E-02  3.88860502941808E+00 -1.57954190342965E-01
DistFromNuc =  1.6846368057E-01
Rho =  2.2521198344E+01
DelSqRho =  1.2348376429E+03
GradDelSqRho =  1.7690710008E-13 -1.8046009131E-11  1.3053558234E-11
HessDelSqRho_EigVals = -4.1037248363E+05  1.8781301010E+03  3.2438872792E+03
HessDelSqRho_EigVec1 =  3.8570282595E-03 -3.7313004801E-01  9.2777103350E-01
HessDelSqRho_EigVec2 = -1.1409597306E-02  9.2770112259E-01  3.7314936450E-01
HessDelSqRho_EigVec3 =  9.9992746958E-01  1.2024741528E-02  6.7909414435E-04
</CP of DelSqRho>
<CP of DelSqRho>
CP# = 8       
Type = (3,-3)
Coords =  7.04372218294352E-02  3.70297231723567E+00 -1.78753399326012E-03
DistFromNuc =  1.6705126846E-01
Rho =  2.2696370831E+01
DelSqRho =  1.2959903070E+03
GradDelSqRho = -6.2776450704E-12  9.0238927442E-13 -9.3328123008E-15
HessDelSqRho_EigVals = -4.4923704309E+05 -3.4638769808E+03 -6.2677885302E+02
HessDelSqRho_EigVec1 = -6.8055757442E-01  7.3269370677E-01 -1.1488961964E-03
HessDelSqRho_EigVec2 = -7.3568539857E-04  8.8470688301E-04  9.9999933803E-01
HessDelSqRho_EigVec3 =  7.3269423818E-01  6.8055796914E-01 -6.3061908678E-05
</CP of DelSqRho>
<CP of DelSqRho>
CP# = 9       
Type = (3,-3)
Coords = -1.54871359199331E-01  3.70027049757030E+00 -1.93855663447521E-03
DistFromNuc =  1.6705127742E-01
Rho =  2.2696363167E+01
DelSqRho =  1.2959920782E+03
GradDelSqRho = -7.5175421443E-12 -8.5016438334E-12  3.9412917374E-15
HessDelSqRho_EigVals = -4.4923708866E+05 -3.4640102266E+03 -6.2705991675E+02
HessDelSqRho_EigVec1 =  6.6279291892E-01  7.4880270092E-01 -2.4843281228E-04
HessDelSqRho_EigVec2 = -6.2753736546E-04  8.8722968941E-04  9.9999940951E-01
HessDelSqRho_EigVec3 =  7.4880247918E-01 -6.6279237165E-01  1.0579512298E-03
</CP of DelSqRho>
<CP of DelSqRho>
CP# = 10      
Type = (3,-1)
Coords =  6.31351917141812E-01  3.58907052641342E+00 -1.35071374450739E-03
DistFromNuc =  7.1507438600E-01
Rho =  6.7426874887E-01
DelSqRho = -1.0264713986E+00
GradDelSqRho =  8.7985174702E-15 -9.2495455739E-15  5.9902170030E-18
HessDelSqRho_EigVals = -1.6063416050E+01 -1.1582923599E+01  1.4518268610E+02
HessDelSqRho_EigVec1 =  3.6008876403E-01  9.3291779155E-01 -6.9009086555E-04
HessDelSqRho_EigVec2 = -5.9269683518E-04  9.6848178876E-04  9.9999935538E-01
HessDelSqRho_EigVec3 =  9.3291785851E-01 -3.6008812289E-01  9.0167683284E-04
</CP of DelSqRho>
<CP of DelSqRho>
CP# = 11      
Type = (3,-1)
Coords = -7.12861494320368E-01  3.57288279344728E+00 -2.23521547642500E-03
DistFromNuc =  7.1506842056E-01
Rho =  6.7430448759E-01
DelSqRho = -1.0267037843E+00
GradDelSqRho = -4.2691544744E-15 -3.4278135885E-15 -2.6834003769E-18
HessDelSqRho_EigVals = -1.6066023967E+01 -1.1583603517E+01  1.4519517780E+02
HessDelSqRho_EigVec1 = -3.8245669848E-01  9.2397286699E-01 -1.0073987923E-03
HessDelSqRho_EigVec2 = -6.7645133728E-04  8.1028882201E-04  9.9999944292E-01
HessDelSqRho_EigVec3 =  9.2397316855E-01  3.8245716688E-01  3.1512229381E-04
</CP of DelSqRho>
<CP of DelSqRho>
CP# = 12      
Type = (3,-1)
Coords = -5.24462862518140E-02  4.54779569654723E+00 -2.55349273524575E-03
DistFromNuc =  7.2289416062E-01
Rho =  6.7296215239E-01
DelSqRho = -1.0726650242E+00
GradDelSqRho = -2.0893248069E-13 -1.0852430066E-14 -6.3327942608E-13
HessDelSqRho_EigVals = -1.8905597117E+01 -5.2476713801E+00  1.3577366843E+02
HessDelSqRho_EigVec1 =  9.9992651090E-01  1.2107816826E-02  6.1120377739E-04
HessDelSqRho_EigVec2 = -6.2062174192E-04  7.7409962303E-04  9.9999950780E-01
HessDelSqRho_EigVec3 = -1.2107337734E-02  9.9992639806E-01 -7.8155710952E-04
</CP of DelSqRho>
<CP of DelSqRho>
CP# = 13      
Type = (3,+1)
Coords = -3.57268798056248E-02  3.16031796407654E+00 -1.46876812310669E-03
DistFromNuc =  6.6468473084E-01
Rho =  8.6257021205E-01
DelSqRho = -3.5079887738E+00
GradDelSqRho =  4.0679265512E-16  4.8627768479E-14 -3.8874746521E-16
HessDelSqRho_EigVals = -6.3800982003E+00  1.9473230129E+01  2.5143669157E+02
HessDelSqRho_EigVec1 = -6.5604319672E-04  7.6775521992E-04  9.9999949008E-01
HessDelSqRho_EigVec2 =  9.9992781908E-01  1.1997428869E-02  6.4678508408E-04
HessDelSqRho_EigVec3 = -1.1996926179E-02  9.9992773352E-01 -7.7557063423E-04
</CP of DelSqRho>
<CP of DelSqRho>
CP# = 14      
Type = (3,+1)
Coords =  4.13703723214364E-01  4.12746324552557E+00  4.20101249821213E-01
DistFromNuc =  6.9200991761E-01
Rho =  7.7745406918E-01
DelSqRho = -2.5021484223E+00
GradDelSqRho =  3.6429192996E-15  2.0400348077E-14  6.5145805417E-14
HessDelSqRho_EigVals = -1.2858759735E+01  1.2830399065E+01  1.8497983098E+02
HessDelSqRho_EigVec1 =  4.9197806766E-01  4.8996220301E-01 -7.1964895648E-01
HessDelSqRho_EigVec2 = -6.2105642913E-01  7.7679588300E-01  1.0429318286E-01
HessDelSqRho_EigVec3 =  6.1012006423E-01  3.9563265256E-01  6.8646071370E-01
</CP of DelSqRho>
<CP of DelSqRho>
CP# = 15      
Type = (3,+1)
Coords = -5.08236597082116E-01  4.11557017579758E+00 -4.24618429477502E-01
DistFromNuc =  6.9201106690E-01
Rho =  7.7745569393E-01
DelSqRho = -2.5021178104E+00
GradDelSqRho =  2.8504976157E-14 -2.1260770922E-14  8.0664641633E-15
HessDelSqRho_EigVals = -1.2856598383E+01  1.2828897998E+01  1.8497402258E+02
HessDelSqRho_EigVec1 = -5.0373246470E-01  4.7920255907E-01  7.1876179043E-01
HessDelSqRho_EigVec2 = -6.0211477578E-01 -7.9138968439E-01  1.0564167846E-01
HessDelSqRho_EigVec3 =  6.1944442915E-01 -3.7956195122E-01  6.8718361766E-01
</CP of DelSqRho>
<CP of DelSqRho>
CP# = 16      
Type = (3,+3)
Coords = -4.08385444858362E-02  3.55435668878194E+00  5.78257306570577E-01
DistFromNuc =  6.4023886096E-01
Rho =  9.4761671653E-01
DelSqRho = -4.3207649026E+00
GradDelSqRho = -5.1754119653E-14  4.4527298515E-12 -2.9123925493E-12
HessDelSqRho_EigVals =  9.5479108302E+00  2.2795712763E+01  3.2651165827E+02
HessDelSqRho_EigVec1 = -1.1286116062E-02  9.1496339439E-01  4.0337899115E-01
HessDelSqRho_EigVec2 =  9.9992736977E-01  1.2032785171E-02  6.8357150803E-04
HessDelSqRho_EigVec3 =  4.2283298356E-03 -4.0335740851E-01  9.1503274380E-01
</CP of DelSqRho>
<CP of DelSqRho>
CP# = 17      
Type = (3,+3)
Coords = -4.00619982712732E-02  3.55329754368997E+00 -5.81736265894164E-01
DistFromNuc =  6.4025709860E-01
Rho =  9.4754181104E-01
DelSqRho = -4.3199944226E+00
GradDelSqRho = -4.0681650756E-14  3.3314531689E-12  1.9697576903E-12
HessDelSqRho_EigVals =  9.5416637023E+00  2.2791047985E+01  3.2642536973E+02
HessDelSqRho_EigVec1 = -1.0679398178E-02  9.1423499802E-01 -4.0504360117E-01
HessDelSqRho_EigVec2 =  9.9992808344E-01  1.1974449156E-02  6.6370718436E-04
HessDelSqRho_EigVec3 = -5.4569583445E-03  4.0500738384E-01  9.1429712930E-01
</CP of DelSqRho>
<CP of DelSqRho>
CP# = 18      
Type = (3,+1)
Coords = -5.08851683339115E-01  4.11631008098260E+00  4.19470643346246E-01
DistFromNuc =  6.9200991206E-01
Rho =  7.7746446250E-01
DelSqRho = -2.5022939719E+00
GradDelSqRho =  2.8158031462E-14 -2.0511370380E-14 -2.3144680616E-14
HessDelSqRho_EigVals = -1.2857217628E+01  1.2831907800E+01  1.8498100783E+02
HessDelSqRho_EigVec1 =  5.0269363149E-01 -4.7794313689E-01  7.2032594758E-01
HessDelSqRho_EigVec2 = -6.0195620565E-01 -7.9157808020E-01 -1.0513262779E-01
HessDelSqRho_EigVec3 =  6.2044164862E-01 -3.8075517178E-01 -6.8562209695E-01
</CP of DelSqRho>
<CP of DelSqRho>
CP# = 19      
Type = (3,+1)
Coords =  4.14204624663277E-01  4.12672256730230E+00 -4.24039165880798E-01
DistFromNuc =  6.9200537050E-01
Rho =  7.7746949065E-01
DelSqRho = -2.5022856738E+00
GradDelSqRho =  3.7886360715E-15  6.5850103148E-15 -7.9485029669E-15
HessDelSqRho_EigVals = -1.2855618548E+01  1.2830507645E+01  1.8498337562E+02
HessDelSqRho_EigVec1 =  4.9110184900E-01  4.9123420329E-01  7.1938024120E-01
HessDelSqRho_EigVec2 =  6.2094085792E-01 -7.7660140501E-01  1.0640821728E-01
HessDelSqRho_EigVec3 =  6.1094306189E-01  3.9443531189E-01 -6.8641777356E-01
</CP of DelSqRho>
<CP of DelSqRho>
CP# = 20      
Type = (3,+3)
Coords =  5.37326459241917E-01  4.26174969691504E+00 -2.02695438874588E-03
DistFromNuc =  7.2689537962E-01
Rho =  7.4690901448E-01
DelSqRho = -3.0322508314E+00
GradDelSqRho = -4.1581321719E-15 -6.8625660710E-15  8.2399365109E-18
HessDelSqRho_EigVals =  1.1632667953E+01  2.2891629375E+01  1.3605487220E+02
HessDelSqRho_EigVec1 = -5.6669270444E-04  8.9672376687E-04  9.9999943737E-01
HessDelSqRho_EigVec2 = -5.9739772055E-01  8.0194441505E-01 -1.0576641416E-03
HessDelSqRho_EigVec3 =  8.0194491229E-01  5.9739798381E-01 -8.1244684918E-05
</CP of DelSqRho>
<CP of DelSqRho>
CP# = 21      
Type = (3,+3)
Coords = -6.35113438868584E-01  4.24756606780727E+00 -2.74552165043038E-03
DistFromNuc =  7.2689447399E-01
Rho =  7.4690588420E-01
DelSqRho = -3.0321283541E+00
GradDelSqRho =  2.9042740435E-14 -1.8297863225E-14  1.2874900798E-17
HessDelSqRho_EigVals =  1.1631658062E+01  2.2890937178E+01  1.3605551696E+02
HessDelSqRho_EigVec1 = -6.9029693483E-04  8.2661769552E-04  9.9999942010E-01
HessDelSqRho_EigVec2 =  5.7782816492E-01  8.1615840115E-01 -2.7577812557E-04
HessDelSqRho_EigVec3 =  8.1615815582E-01 -5.7782763947E-01  1.0410346287E-03
</CP of DelSqRho>
<CP of DelSqRho>
CP# = 22      
Type = (3,-3)
Coords =  1.02338127775302E+00  3.42125497989859E+00 -9.36062145485193E-04
DistFromNuc =  1.1408892976E+00
Rho =  2.4621376776E-01
DelSqRho =  8.4780705440E-01
GradDelSqRho = -5.7549451316E-15  4.4374226515E-15 -6.6571199237E-16
HessDelSqRho_EigVals = -1.7738265504E+01 -1.8858094107E+00 -5.3015726092E-01
HessDelSqRho_EigVec1 =  9.2021717370E-01 -3.9140704116E-01  9.3880294735E-04
HessDelSqRho_EigVec2 =  3.9140765071E-01  9.2021720872E-01 -5.8287939811E-04
HessDelSqRho_EigVec3 = -6.3575952718E-04  9.0383028844E-04  9.9999938945E-01
</CP of DelSqRho>
<CP of DelSqRho>
CP# = 23      
Type = (3,-3)
Coords = -1.10073872811420E+00  3.39562384605722E+00 -2.22202186487685E-03
DistFromNuc =  1.1409051193E+00
Rho =  2.4622040092E-01
DelSqRho =  8.4785993154E-01
GradDelSqRho =  1.4291779565E-13  1.0033900794E-13 -1.4024942037E-13
HessDelSqRho_EigVals = -1.7737718824E+01 -1.8867768038E+00 -5.3055777925E-01
HessDelSqRho_EigVec1 =  9.1051146297E-01  4.1348378756E-01  1.8226246285E-04
HessDelSqRho_EigVec2 = -4.1348335203E-01  9.1051099563E-01 -1.1155401229E-03
HessDelSqRho_EigVec3 = -6.2720973169E-04  9.4034957519E-04  9.9999936118E-01
</CP of DelSqRho>
<CP of DelSqRho>
CP# = 24      
Type = (3,+1)
Coords = -2.90928337591853E-02  2.59641095318430E+00 -2.08413067651138E-03
DistFromNuc =  1.2286305640E+00
Rho =  2.4318564322E-01
DelSqRho =  4.7220433603E-01
GradDelSqRho =  1.4000709229E-15  1.4710455076E-14 -1.4669594207E-15
HessDelSqRho_EigVals = -1.1934134296E+01  9.7252847830E-02  7.3167070876E-01
HessDelSqRho_EigVec1 = -1.1877160416E-02  9.9992946021E-01  8.7530408838E-05
HessDelSqRho_EigVec2 = -5.7923821592E-04 -9.4416759112E-05  9.9999982778E-01
HessDelSqRho_EigVec3 =  9.9992929627E-01  1.1877107670E-02  5.8031875957E-04
</CP of DelSqRho>
<CP of DelSqRho>
CP# = 25      
Type = (3,-3)
Coords = -5.72499491042256E-02  4.92396130635824E+00  3.79614285535120E-01
DistFromNuc =  1.1634486321E+00
Rho =  2.4969460098E-01
DelSqRho =  8.5391859335E-01
GradDelSqRho = -2.9643442648E-16  3.0218882952E-15  1.0156805952E-15
HessDelSqRho_EigVals = -1.7325409576E+01 -3.1149631870E+00 -1.3167482938E-01
HessDelSqRho_EigVec1 = -1.1646394470E-02  9.4417494260E-01  3.2923857499E-01
HessDelSqRho_EigVec2 =  9.9992642719E-01  1.2113652438E-02  6.3215714063E-04
HessDelSqRho_EigVec3 =  3.3914147348E-03 -3.2922171434E-01  9.4424655738E-01
</CP of DelSqRho>
<CP of DelSqRho>
CP# = 26      
Type = (3,-3)
Coords = -5.67572516632247E-02  4.92340279550386E+00 -3.85223773344212E-01
DistFromNuc =  1.1634582961E+00
Rho =  2.4969900160E-01
DelSqRho =  8.5389279256E-01
GradDelSqRho = -1.1413938371E-16 -3.4859268250E-15  2.1831494945E-15
HessDelSqRho_EigVals = -1.7324040927E+01 -3.1166360068E+00 -1.3128039255E-01
HessDelSqRho_EigVec1 = -1.1223082527E-02  9.4368866264E-01 -3.3064444713E-01
HessDelSqRho_EigVec2 =  9.9992642807E-01  1.2113556758E-02  6.3261112090E-04
HessDelSqRho_EigVec3 = -4.6022682198E-03  3.3061302113E-01  9.4375518509E-01
</CP of DelSqRho>
<CP of DelSqRho>
CP# = 27      
Type = (3,-1)
Coords = -7.47457773409371E-01  3.94961903767575E+00  9.47232144030302E-01
DistFromNuc =  1.1882019848E+00
Rho =  2.4396983788E-01
DelSqRho =  7.2210587519E-01
GradDelSqRho =  9.2355333450E-13 -1.3474659756E-13 -1.4185493058E-12
HessDelSqRho_EigVals = -1.7223993077E+01 -1.2990309645E+00  3.0012021554E-01
HessDelSqRho_EigVec1 = -5.8397768145E-01  8.3432693660E-02  8.0747077544E-01
HessDelSqRho_EigVec2 =  5.5242002404E-01 -6.8801065745E-01  4.7060966019E-01
HessDelSqRho_EigVec3 =  5.9481273070E-01  7.2088856341E-01  3.5569297792E-01
</CP of DelSqRho>
<CP of DelSqRho>
CP# = 28      
Type = (3,-1)
Coords =  6.56795745469450E-01  3.96488442730388E+00 -9.51477587825221E-01
DistFromNuc =  1.1881987372E+00
Rho =  2.4396595199E-01
DelSqRho =  7.2210996172E-01
GradDelSqRho =  2.4693788681E-15  8.2475259261E-16 -4.3905851177E-15
HessDelSqRho_EigVals = -1.7224112511E+01 -1.2990146025E+00  2.9992815880E-01
HessDelSqRho_EigVec1 = -5.8175137776E-01 -9.6059035732E-02  8.0767443697E-01
HessDelSqRho_EigVec2 =  5.3567574845E-01  7.0198648190E-01  4.6932554986E-01
HessDelSqRho_EigVec3 = -6.1205949629E-01  7.0568239378E-01 -3.5692510715E-01
</CP of DelSqRho>
<CP of DelSqRho>
CP# = 29      
Type = (3,-1)
Coords = -7.46229581711859E-01  3.94790297539796E+00 -9.52326051545613E-01
DistFromNuc =  1.1882041151E+00
Rho =  2.4397002539E-01
DelSqRho =  7.2206648420E-01
GradDelSqRho = -2.2854981796E-15  5.5478625166E-16 -4.6889575556E-15
HessDelSqRho_EigVals = -1.7222755142E+01 -1.2992860215E+00  3.0014900033E-01
HessDelSqRho_EigVec1 =  5.8293284981E-01 -8.1966398625E-02  8.0837540914E-01
HessDelSqRho_EigVec2 =  5.5302403381E-01 -6.8886700772E-01 -4.6864342917E-01
HessDelSqRho_EigVec3 =  5.9527616334E-01  7.2023867931E-01 -3.5623381955E-01
</CP of DelSqRho>
<CP of DelSqRho>
CP# = 30      
Type = (3,+1)
Coords =  8.70803853071385E-01  4.51968924853078E+00 -2.02103662118498E-03
DistFromNuc =  1.1484624307E+00
Rho =  4.1980262195E-01
DelSqRho = -1.0101798294E+00
GradDelSqRho = -6.4595681235E-15 -3.8163916471E-16 -1.8905775383E-18
HessDelSqRho_EigVals = -3.2773792107E+01  1.5457772515E+01  1.6328954825E+01
HessDelSqRho_EigVec1 =  7.9606974147E-01  6.0520489592E-01 -2.5728230101E-05
HessDelSqRho_EigVec2 = -6.0053559623E-04  8.3243945443E-04  9.9999947320E-01
HessDelSqRho_EigVec3 = -6.0520459852E-01  7.9606930665E-01 -1.0261269443E-03
</CP of DelSqRho>
<CP of DelSqRho>
CP# = 31      
Type = (3,-1)
Coords =  6.55642292392932E-01  3.96651338382849E+00  9.48119883878260E-01
DistFromNuc =  1.1881923225E+00
Rho =  2.4396552176E-01
DelSqRho =  7.2214028524E-01
GradDelSqRho = -8.8601001536E-16  3.3664477456E-16  5.3342746886E-16
HessDelSqRho_EigVals = -1.7224660398E+01 -1.2990356605E+00  2.9990977253E-01
HessDelSqRho_EigVec1 =  5.8077864798E-01  9.7444906818E-02  8.0820829753E-01
HessDelSqRho_EigVec2 =  5.3624797853E-01  7.0117307087E-01 -4.6988767830E-01
HessDelSqRho_EigVec3 = -6.1248205490E-01  7.0630079628E-01  3.5497171380E-01
</CP of DelSqRho>
<CP of DelSqRho>
CP# = 32      
Type = (3,-1)
Coords = -5.77929460300114E-02  4.98890328363599E+00 -3.51358193192341E-03
DistFromNuc =  1.1640349331E+00
Rho =  2.5208970112E-01
DelSqRho =  8.5106098355E-01
GradDelSqRho =  1.5647747854E-16 -1.2247147740E-15  7.5758626802E-18
HessDelSqRho_EigVals = -1.6721656175E+01 -4.0700422033E+00  7.9864578833E-02
HessDelSqRho_EigVec1 = -1.2111961504E-02  9.9992578942E-01 -1.3099780019E-03
HessDelSqRho_EigVec2 =  9.9992643472E-01  1.2112803189E-02  6.3650473497E-04
HessDelSqRho_EigVec3 = -6.5232500530E-04  1.3021723122E-03  9.9999893941E-01
</CP of DelSqRho>
<CP of DelSqRho>
CP# = 33      
Type = (3,+1)
Coords = -1.37395517062165E+00  5.04675733895636E+00  8.48479348682376E-01
DistFromNuc =  1.9964145003E+00
Rho =  7.5015790232E-02
DelSqRho =  1.8381141238E-01
GradDelSqRho =  6.8955258170E-17 -2.4801124696E-16  1.7087026238E-16
HessDelSqRho_EigVals = -1.7170784921E+00  2.5359520431E-02  5.8409224149E-01
HessDelSqRho_EigVec1 = -3.6826929653E-01  5.0881631142E-01  7.7812832262E-01
HessDelSqRho_EigVec2 =  5.4479989008E-01  7.9630257842E-01 -2.6285981695E-01
HessDelSqRho_EigVec3 =  7.5337295213E-01 -3.2712102476E-01  5.7045686091E-01
</CP of DelSqRho>
<CP of DelSqRho>
CP# = 34      
Type = (3,+1)
Coords = -1.37306301321467E+00  5.04490522107629E+00 -8.56533147881116E-01
DistFromNuc =  1.9964364603E+00
Rho =  7.5013649384E-02
DelSqRho =  1.8379768143E-01
GradDelSqRho =  3.1978543077E-16  4.6458063091E-17  7.2858385991E-17
HessDelSqRho_EigVals = -1.7167499054E+00  2.5380018278E-02  5.8411763244E-01
HessDelSqRho_EigVec1 =  3.6750573600E-01 -5.0713400929E-01  7.7958619192E-01
HessDelSqRho_EigVec2 =  5.4455746972E-01  7.9686266387E-01  2.6166210483E-01
HessDelSqRho_EigVec3 =  7.5392088191E-01 -3.2836715968E-01 -5.6901521268E-01
</CP of DelSqRho>
<CP of DelSqRho>
CP# = 35      
Type = (3,+1)
Coords =  1.25600253438122E+00  5.07784496648573E+00  8.50408576935820E-01
DistFromNuc =  1.9963754502E+00
Rho =  7.5018146410E-02
DelSqRho =  1.8382429872E-01
GradDelSqRho =  1.4690939437E-17  9.1669293684E-17  3.0878077872E-16
HessDelSqRho_EigVals = -1.7170957914E+00  2.5342056022E-02  5.8412063172E-01
HessDelSqRho_EigVec1 =  3.5532080058E-01  5.1690082816E-01  7.7882004502E-01
HessDelSqRho_EigVec2 = -5.6385501546E-01  7.8305758243E-01 -2.6246589139E-01
HessDelSqRho_EigVec3 =  7.4552977822E-01  3.4588199787E-01 -5.6969377154E-01
</CP of DelSqRho>
<CP of DelSqRho>
CP# = 36      
Type = (3,+1)
Coords =  1.25707116392523E+00  5.07640112690596E+00 -8.54942565953721E-01
DistFromNuc =  1.9964117286E+00
Rho =  7.5015416639E-02
DelSqRho =  1.8380865876E-01
GradDelSqRho = -2.9237528197E-13 -5.3097044990E-13 -5.7872196618E-13
HessDelSqRho_EigVals = -1.7168267012E+00  2.5363572638E-02  5.8413869005E-01
HessDelSqRho_EigVec1 = -3.5634152474E-01 -5.1559617265E-01  7.7921839332E-01
HessDelSqRho_EigVec2 = -5.6417226418E-01  7.8350721279E-01  2.6043445209E-01
HessDelSqRho_EigVec3 =  7.4480223823E-01  3.4680979550E-01  5.7008121498E-01
</CP of DelSqRho>
<Path of -GradDelSqRho>
Starting CP# =      3
Ending CP# =     21
Number of Points =     17
 -9.7474642426E-01  4.4973494417E+00 -3.2068719615E-03  4.1979387981E-01 -1.0100708301E+00
 -9.5448342324E-01  4.4827066934E+00 -3.1802117418E-03  4.3126563005E-01 -1.0203542624E+00
 -9.3421914912E-01  4.4680657070E+00 -3.1535418100E-03  4.4380232428E-01 -1.0514034485E+00
 -9.1395358243E-01  4.4534265098E+00 -3.1268624355E-03  4.5741593121E-01 -1.1035452398E+00
 -8.9368685488E-01  4.4387889197E+00 -3.1001737724E-03  4.7211170341E-01 -1.1770566932E+00
 -8.7341927039E-01  4.4241525163E+00 -3.0734757802E-03  4.8788747893E-01 -1.2720278279E+00
 -8.5315132756E-01  4.4095166091E+00 -3.0467681358E-03  5.0473303045E-01 -1.3881948081E+00
 -8.3288374810E-01  4.3948801987E+00 -3.0200501281E-03  5.2262956947E-01 -1.5247489941E+00
 -8.1261751787E-01  4.3802419202E+00 -2.9933205221E-03  5.4154953248E-01 -1.6801294331E+00
 -7.9235395041E-01  4.3655999560E+00 -2.9665773635E-03  5.6145679274E-01 -1.8518084735E+00
 -7.7209479066E-01  4.3509518939E+00 -2.9398176682E-03  5.8230745371E-01 -2.0360815246E+00
 -7.5184239386E-01  4.3362944831E+00 -2.9130368862E-03  6.0405138848E-01 -2.2278714270E+00
 -7.3160005865E-01  4.3216231808E+00 -2.8862278844E-03  6.2663469226E-01 -2.4205534008E+00
 -7.1137271922E-01  4.3069312124E+00 -2.8593787863E-03  6.5000321534E-01 -2.6057942731E+00
 -6.9116863109E-01  4.2922072899E+00 -2.8324676164E-03  6.7410734011E-01 -2.7733727361E+00
 -6.7100461405E-01  4.2774285557E+00 -2.8054454247E-03  6.9890812249E-01 -2.9108942165E+00
 -6.3511343887E-01  4.2475660678E+00 -2.7455216504E-03  7.4690588420E-01 -3.0321283541E+00
</Path of -GradDelSqRho>
<Path of -GradDelSqRho>
Starting CP# =      3
Ending CP# =      0
Number of Points =     29
 -9.7474642426E-01  4.4973494417E+00 -3.2068719615E-03  4.1979387981E-01 -1.0100708301E+00
 -9.9500833360E-01  4.5119937006E+00 -3.2335225082E-03  4.0936904826E-01 -1.0202803139E+00
 -1.0152693561E+00  4.5266391865E+00 -3.2601627613E-03  3.9996761065E-01 -1.0508308041E+00
 -1.0355298107E+00  4.5412854581E+00 -3.2867925282E-03  3.9156095589E-01 -1.1017164215E+00
 -1.0557900527E+00  4.5559320237E+00 -3.3134117644E-03  3.8411564224E-01 -1.1730516226E+00
 -1.0760504333E+00  4.5705783977E+00 -3.3400206290E-03  3.7759351300E-01 -1.2649786682E+00
 -1.0963112530E+00  4.5852241642E+00 -3.3666195427E-03  3.7195173486E-01 -1.3774832558E+00
 -1.1165727109E+00  4.5998690478E+00 -3.3932092554E-03  3.6714288618E-01 -1.5100870442E+00
 -1.1368348445E+00  4.6145129966E+00 -3.4197909372E-03  3.6311531596E-01 -1.6613931719E+00
 -1.1570974572E+00  4.6291562824E+00 -3.4463663134E-03  3.5981411764E-01 -1.8285012378E+00
 -1.1773600218E+00  4.6437996348E+00 -3.4729378757E-03  3.5718319868E-01 -2.0064069354E+00
 -1.1976215437E+00  4.6584444299E+00 -3.4995092148E-03  3.5516902622E-01 -2.1876776185E+00
 -1.2178803863E+00  4.6730929311E+00 -3.5260854624E-03  3.5372658808E-01 -2.3629350095E+00
 -1.2381342291E+00  4.6877483443E+00 -3.5526733650E-03  3.5282777830E-01 -2.5228987087E+00
 -1.2583811964E+00  4.7024132546E+00 -3.5792781800E-03  3.5247163654E-01 -2.6627781026E+00
 -1.2786253630E+00  4.7170820313E+00 -3.6058888795E-03  3.5269457162E-01 -2.7894161462E+00
 -1.2988839743E+00  4.7317308470E+00 -3.6324591951E-03  3.5357703912E-01 -2.9306148155E+00
 -1.3191719935E+00  4.7463389051E+00 -3.6589495495E-03  3.5524154226E-01 -3.1445683867E+00
 -1.3394846783E+00  4.7609126502E+00 -3.6853733926E-03  3.5783602216E-01 -3.5256944099E+00
 -1.3598116796E+00  4.7754664228E+00 -3.7117589498E-03  3.6149785877E-01 -4.2020440981E+00
 -1.3801464496E+00  4.7900093395E+00 -3.7381239917E-03  3.6629727360E-01 -5.3195430516E+00
 -1.4004856622E+00  4.8045460425E+00 -3.7644775222E-03  3.7216508099E-01 -7.0100409903E+00
 -1.4208276412E+00  4.8190788741E+00 -3.7908240737E-03  3.7881794438E-01 -9.3440882275E+00
 -1.4411715073E+00  4.8336090640E+00 -3.8171660310E-03  3.8570268709E-01 -1.2276182396E+01
 -1.4615167824E+00  4.8481372808E+00 -3.8435047155E-03  3.9198645490E-01 -1.5599553401E+01
 -1.4818632074E+00  4.8626638873E+00 -3.8698409026E-03  3.9661688122E-01 -1.8935494195E+01
 -1.5022106627E+00  4.8771890507E+00 -3.8961750968E-03  3.9846157374E-01 -2.1780699965E+01
 -1.5225591685E+00  4.8917127423E+00 -3.9225077471E-03  3.9650944705E-01 -2.3617703748E+01
 -1.5378217102E+00  4.9026038822E+00 -3.9422572251E-03  3.9213020165E-01 -2.4093115857E+01
</Path of -GradDelSqRho>
<Path of -GradDelSqRho>
Starting CP# =      6
Ending CP# =     16
Number of Points =     39
 -4.4568297276E-02  3.8888732410E+00  1.5388437215E-01  2.2521345201E+01  1.2348555442E+03
 -4.4696058836E-02  3.8982143567E+00  1.7707331328E-01  1.5609443422E+01  1.1529420291E+03
 -4.4823509220E-02  3.9075289599E+00  2.0027292352E-01  1.0922981857E+01  9.8296375280E+02
 -4.4950882310E-02  3.9168369750E+00  2.2347517825E-01  7.7551063281E+00  7.7458483450E+02
 -4.5078072201E-02  3.9261293758E+00  2.4668369087E-01  5.6218324604E+00  5.7372056917E+02
 -4.5204897215E-02  3.9353906802E+00  2.6990462984E-01  4.1861530291E+00  4.0928689506E+02
 -4.5331159655E-02  3.9446040408E+00  2.9314463278E-01  3.2173964160E+00  2.8645549273E+02
 -4.5456661148E-02  3.9537525545E+00  3.1641023904E-01  2.5606740812E+00  1.9807163024E+02
 -4.5581218183E-02  3.9628205895E+00  3.3970733084E-01  2.1126194238E+00  1.3492689317E+02
 -4.5704653067E-02  3.9717930170E+00  3.6304141068E-01  1.8039051073E+00  8.9819343487E+01
 -4.5826749258E-02  3.9806514106E+00  3.8641901655E-01  1.5877118826E+00  5.7852982984E+01
 -4.5947187194E-02  3.9893685894E+00  4.0984963530E-01  1.4323949458E+00  3.5646537647E+01
 -4.6065469151E-02  3.9979022397E+00  4.3334769094E-01  1.3167374427E+00  2.0666163343E+01
 -4.6180815594E-02  4.0061861370E+00  4.5693488438E-01  1.2267311302E+00  1.0904741227E+01
 -4.6291990331E-02  4.0141153751E+00  4.8064349304E-01  1.1533062668E+00  4.7756414192E+00
 -4.6396968270E-02  4.0215183727E+00  5.0452123896E-01  1.0907181021E+00  1.0733816508E+00
 -4.6492229774E-02  4.0280976315E+00  5.2863778787E-01  1.0354339567E+00 -1.0703347290E+00
 -4.6571002272E-02  4.0332828334E+00  5.5308801609E-01  9.8544877680E-01 -2.2481404060E+00
 -4.6617761873E-02  4.0357750642E+00  5.7793854230E-01  9.4016710885E-01 -2.8463763268E+00
 -4.6587328168E-02  4.0318461324E+00  6.0245344043E-01  9.0240932890E-01 -3.1146222078E+00
 -4.6397826447E-02  4.0150250170E+00  6.2023927301E-01  8.8537389964E-01 -3.2396424436E+00
 -4.6120742072E-02  3.9914427036E+00  6.2832833210E-01  8.8741818650E-01 -3.3398033658E+00
 -4.5829617618E-02  3.9668831607E+00  6.3296064462E-01  8.9402191819E-01 -3.4365339107E+00
 -4.5535019909E-02  3.9421081434E+00  6.3628159933E-01  9.0114283108E-01 -3.5304117958E+00
 -4.5238539076E-02  3.9172285983E+00  6.3870247509E-01  9.0800346534E-01 -3.6209551054E+00
 -4.4940657298E-02  3.8922822396E+00  6.4029443131E-01  9.1443907043E-01 -3.7076452346E+00
 -4.4641700723E-02  3.8672971193E+00  6.4106828397E-01  9.2039642718E-01 -3.7899840789E+00
 -4.4341975054E-02  3.8423000631E+00  6.4102516833E-01  9.2584388799E-01 -3.8675056303E+00
 -4.4041784715E-02  3.8173177855E+00  6.4016488188E-01  9.3075681309E-01 -3.9397833853E+00
 -4.3741436084E-02  3.7923770719E+00  6.3848714950E-01  9.3511562466E-01 -4.0064366661E+00
 -4.3441238841E-02  3.7675048539E+00  6.3599184797E-01  9.3890567958E-01 -4.0671361113E+00
 -4.3141507141E-02  3.7427282652E+00  6.3267910047E-01  9.4211731757E-01 -4.1216082656E+00
 -4.2842560853E-02  3.7180746883E+00  6.2854935697E-01  9.4474587298E-01 -4.1696391831E+00
 -4.2544726981E-02  3.6935717912E+00  6.2360347104E-01  9.4679163001E-01 -4.2110769807E+00
 -4.2248341423E-02  3.6692475574E+00  6.1784277336E-01  9.4825972300E-01 -4.2458333126E+00
 -4.1953751325E-02  3.6451303078E+00  6.1126914155E-01  9.4915998504E-01 -4.2738837642E+00
 -4.1661318499E-02  3.6212487181E+00  6.0388506712E-01  9.4950674845E-01 -4.2952671945E+00
 -4.1371424862E-02  3.5976318304E+00  5.9569372053E-01  9.4931860057E-01 -4.3100840815E+00
 -4.0838544486E-02  3.5543566888E+00  5.7825730657E-01  9.4761671653E-01 -4.3207649026E+00
</Path of -GradDelSqRho>
<Path of -GradDelSqRho>
Starting CP# =      6
Ending CP# =      1
Number of Points =      7
 -4.4568297276E-02  3.8888732410E+00  1.5388437215E-01  2.2521345201E+01  1.2348555442E+03
 -4.4439838378E-02  3.8794727069E+00  1.3071946254E-01  3.2749472922E+01  9.8381452157E+02
 -4.4310786045E-02  3.8700215997E+00  1.0757513705E-01  4.7989722260E+01 -7.9143732689E+02
 -4.4181471967E-02  3.8605481835E+00  8.4439933417E-02  7.0627151186E+01 -6.3798069196E+03
 -4.4051968773E-02  3.8510586475E+00  6.1311339253E-02  1.0422465100E+02 -2.0603725708E+04
 -4.3922151758E-02  3.8415423610E+00  3.8193739760E-02  1.5462824459E+02 -7.5214660836E+04
 -4.3695957446E-02  3.8249550852E+00 -1.9791428742E-03  2.9730374044E+02 -3.3294046756E+06
</Path of -GradDelSqRho>
<Path of -GradDelSqRho>
Starting CP# =      7
Ending CP# =      1
Number of Points =      7
 -4.4355444601E-02  3.8886050294E+00 -1.5795419034E-01  2.2521198344E+01  1.2348376429E+03
 -4.4258620853E-02  3.8792443756E+00 -1.3477298319E-01  3.2749227548E+01  9.8380758861E+02
 -4.4161175559E-02  3.8698331261E+00 -1.1161226705E-01  4.7989316949E+01 -7.9138132478E+02
 -4.4063456069E-02  3.8603995574E+00 -8.8460631766E-02  7.0626500437E+01 -6.3796261292E+03
 -4.3965538468E-02  3.8509498624E+00 -6.5315575970E-02  1.0422360837E+02 -2.0603052830E+04
 -4.3867292110E-02  3.8414734051E+00 -4.2181465380E-02  1.5462661973E+02 -7.5212383618E+04
 -4.3695957446E-02  3.8249550852E+00 -1.9791428742E-03  2.9730374044E+02 -3.3294046756E+06
</Path of -GradDelSqRho>
<Path of -GradDelSqRho>
Starting CP# =      7
Ending CP# =     17
Number of Points =     39
 -4.4355444601E-02  3.8886050294E+00 -1.5795419034E-01  2.2521198344E+01  1.2348376429E+03
 -4.4451538132E-02  3.8979062406E+00 -1.8115931895E-01  1.5609355462E+01  1.1529265360E+03
 -4.4547305771E-02  3.9071809304E+00 -2.0437506684E-01  1.0922928876E+01  9.8295105721E+02
 -4.4642992303E-02  3.9164490301E+00 -2.2759344673E-01  7.7550734393E+00  7.7457473577E+02
 -4.4738486800E-02  3.9257015092E+00 -2.5081805563E-01  5.6218101420E+00  5.7371313099E+02
 -4.4833598991E-02  3.9349228795E+00 -2.7405503338E-01  4.1861353341E+00  4.0928186108E+02
 -4.4928121830E-02  3.9440962870E+00 -2.9731098643E-01  3.2173798450E+00  2.8645235688E+02
 -4.5021847592E-02  3.9532048226E+00 -3.2059242289E-01  2.5606567507E+00  1.9806987641E+02
 -4.5114584180E-02  3.9622328494E+00 -3.4390519605E-01  2.1126004720E+00  1.3492610793E+02
 -4.5206145647E-02  3.9711652341E+00 -3.6725478047E-01  1.8038842970E+00  8.9819221331E+01
 -4.5296305504E-02  3.9799835457E+00 -3.9064768014E-01  1.5876893432E+00  5.7853298365E+01
 -4.5384729702E-02  3.9886605963E+00 -4.1409333183E-01  1.4323710040E+00  3.5647121379E+01
 -4.5470898415E-02  3.9971540624E+00 -4.3760608170E-01  1.3167125086E+00  2.0666889668E+01
 -4.5553998599E-02  4.0053977069E+00 -4.6120750919E-01  1.2267056185E+00  1.0905520702E+01
 -4.5632743615E-02  4.0132866086E+00 -4.8492970011E-01  1.1532805424E+00  4.7764150115E+00
 -4.5705032460E-02  4.0206491756E+00 -5.0882006538E-01  1.0906924336E+00  1.0741144649E+00
 -4.5767231560E-02  4.0271879260E+00 -5.3294773843E-01  1.0354084559E+00 -1.0696596560E+00
 -4.5812403658E-02  4.0323326726E+00 -5.5740660176E-01  9.8542324943E-01 -2.2475271109E+00
 -4.5824860192E-02  4.0347851502E+00 -5.8226115011E-01  9.4014047512E-01 -2.8458179656E+00
 -4.5760246742E-02  4.0308204105E+00 -6.0677039246E-01  9.0237668654E-01 -3.1140941698E+00
 -4.5545217172E-02  4.0139748556E+00 -6.2453239906E-01  8.8532836244E-01 -3.2390945307E+00
 -4.5255833176E-02  3.9903796040E+00 -6.3258298400E-01  8.8736748576E-01 -3.3392181919E+00
 -4.4957413069E-02  3.9658123726E+00 -6.3717386795E-01  8.9396838640E-01 -3.4359123873E+00
 -4.4657610347E-02  3.9410318395E+00 -6.4045293913E-01  9.0108669294E-01 -3.5297557744E+00
 -4.4357458965E-02  3.9161482820E+00 -6.4283175798E-01  9.0794483299E-01 -3.6202667727E+00
 -4.4057348644E-02  3.8911992943E+00 -6.4438153842E-01  9.1437809774E-01 -3.7069271043E+00
 -4.3757592993E-02  3.8662129107E+00 -6.4511313850E-01  9.2033329595E-01 -3.7892389721E+00
 -4.3458495190E-02  3.8412159558E+00 -6.4502773778E-01  9.2577879814E-01 -3.8667366472E+00
 -4.3160355245E-02  3.8162351451E+00 -6.4412517901E-01  9.3068997877E-01 -3.9389938714E+00
 -4.2863470915E-02  3.7912972657E+00 -6.4240523275E-01  9.3504727198E-01 -4.0056301741E+00
 -4.2568137955E-02  3.7664292500E+00 -6.3986782181E-01  9.3883604449E-01 -4.0663163586E+00
 -4.2274650113E-02  3.7416582329E+00 -6.3651311572E-01  9.4204664381E-01 -4.1207790893E+00
 -4.1983298892E-02  3.7170115968E+00 -6.3234161122E-01  9.4467440995E-01 -4.1688044928E+00
 -4.1694373055E-02  3.6925170097E+00 -6.2735420909E-01  9.4671963060E-01 -4.2102407103E+00
 -4.1408157894E-02  3.6682024540E+00 -6.2155228768E-01  9.4818744147E-01 -4.2449993717E+00
 -4.1124934295E-02  3.6440962489E+00 -6.1493777283E-01  9.4908767491E-01 -4.2730559911E+00
 -4.0844977695E-02  3.6202270677E+00 -6.0751320487E-01  9.4943466036E-01 -4.2944493101E+00
 -4.0568557238E-02  3.5966239491E+00 -5.9928180365E-01  9.4924698027E-01 -4.3092796465E+00
 -4.0061998271E-02  3.5532975437E+00 -5.8173626589E-01  9.4754181104E-01 -4.3199944226E+00
</Path of -GradDelSqRho>
<Path of -GradDelSqRho>
Starting CP# =     13
Ending CP# =     16
Number of Points =     31
 -3.5726879806E-02  3.1603179641E+00 -1.4687681231E-03  8.6257021205E-01 -3.5079887738E+00
 -3.5739737307E-02  3.1609522944E+00  6.6422849268E-03  8.6349626308E-01 -3.5081575856E+00
 -3.5749946886E-02  3.1610771425E+00  2.0110543338E-02  8.6326484804E-01 -3.5094601020E+00
 -3.5777911696E-02  3.1621001241E+00  4.4367396023E-02  8.6316400299E-01 -3.5146891836E+00
 -3.5823270191E-02  3.1645390633E+00  6.9246304199E-02  8.6398456265E-01 -3.5239299241E+00
 -3.5880901730E-02  3.1680071910E+00  9.4002708796E-02  8.6514964221E-01 -3.5370262062E+00
 -3.5950689230E-02  3.1724968902E+00  1.1859435096E-01  8.6665176785E-01 -3.5538708353E+00
 -3.6032489554E-02  3.1779983320E+00  1.4297957188E-01  8.6848120308E-01 -3.5743248775E+00
 -3.6126134207E-02  3.1844995267E+00  1.6711746233E-01  8.7062593818E-01 -3.5982180176E+00
 -3.6231430178E-02  3.1919863861E+00  1.9096800732E-01  8.7307168051E-01 -3.6253490123E+00
 -3.6348160916E-02  3.2004427975E+00  2.1449222459E-01  8.7580184759E-01 -3.6554862478E+00
 -3.6476087440E-02  3.2098507099E+00  2.3765229566E-01  8.7879756519E-01 -3.6883684120E+00
 -3.6614949581E-02  3.2201902301E+00  2.6041168803E-01  8.8203767326E-01 -3.7237052999E+00
 -3.6764467344E-02  3.2314397312E+00  2.8273526701E-01  8.8549874222E-01 -3.7611787679E+00
 -3.6924342387E-02  3.2435759695E+00  3.0458939578E-01  8.8915510312E-01 -3.8004438636E+00
 -3.7094259599E-02  3.2565742119E+00  3.2594202208E-01  8.9297889457E-01 -3.8411301542E+00
 -3.7273888771E-02  3.2704083702E+00  3.4676275035E-01  8.9694013008E-01 -3.8828432858E+00
 -3.7462886333E-02  3.2850511424E+00  3.6702289803E-01  9.0100678895E-01 -3.9251668035E+00
 -3.7660897142E-02  3.3004741584E+00  3.8669553510E-01  9.0514493380E-01 -3.9676642647E+00
 -3.7867556297E-02  3.3166481286E+00  4.0575550629E-01  9.0931885777E-01 -4.0098816788E+00
 -3.8082490953E-02  3.3335429920E+00  4.2417943578E-01  9.1349126332E-01 -4.0513502990E+00
 -3.8305322114E-02  3.3511280638E+00  4.4194571478E-01  9.1762347453E-01 -4.0915897929E+00
 -3.8535666375E-02  3.3693721768E+00  4.5903447273E-01  9.2167568346E-01 -4.1301118056E+00
 -3.8773137602E-02  3.3882438177E+00  4.7542753354E-01  9.2560723025E-01 -4.1664239214E+00
 -3.9017348524E-02  3.4077112528E+00  4.9110835878E-01  9.2937691586E-01 -4.2000340194E+00
