 AIMInt (Version 19.02.13, Professional)
 Portions Copyright (c) 1997-2019 by Todd A. Keith
 AIMInt is a component of the AIMAll package ( http://aim.tkgristmill.com )

 TP:  64-bit Linux

 Licensed To:  Research Group of Fernando Cortes Guzman, UNAM, fercor@unam.mx

 AIMInt is a heavily modified and extended version of the PROAIMV program
 developed by members of R.F.W. Bader's research group

 Much of the Quantum Theory of Atoms in Molecules (QTAIM) is described in the book:
   "Atoms in Molecules - A Quantum Theory"
   R.F.W. Bader, Oxford University Press, Oxford, 1990

 For additional references see:  http://aim.tkgristmill.com/references.html

 Current Directory:  /home/scratch/M_H2O_4_cuadrado_plano/Opt

 Inp File:  V2_cuadrado_plano_cc-pvtz-def2-tzv_1_atomicfiles/v1.inp
 Wfx File:  V2_cuadrado_plano_cc-pvtz-def2-tzv_1.wfx
 Out File:  V2_cuadrado_plano_cc-pvtz-def2-tzv_1_atomicfiles/v1.int

 Wfx Title:   V2_cuadrado_plano_cc-pvtz-def2-tzv_1                                          
 Job Title:   V2_cuadrado_plano_cc-pvtz-def2-tzv_1                                          
 
<Atom>
V1      
</Atom>
<Nuclei of Molecule>
    13
V1        23.0           1.6108166266E-04   3.2908732655E-04   3.0765137008E-04
O2         8.0           3.9782849488E+00   3.9349321053E-02   1.6590880186E-03
H3         1.0           5.0825991021E+00   5.4378779933E-02   1.4856140181E+00
O4         8.0           4.3325034314E-02  -3.8241227814E+00  -1.9902743489E-03
H5         1.0          -1.4320282743E+00  -4.9427483304E+00  -4.0203531039E-03
O6         8.0          -3.9782244778E+00  -4.1060928084E-02   1.7622365986E-03
H7         1.0          -5.0821747550E+00  -5.5434423803E-02   1.4859950123E+00
O8         8.0          -4.3695953129E-02   3.8249547256E+00  -1.9791424429E-03
H9         1.0           1.4313298876E+00   4.9440179623E+00  -2.0327950513E-03
H10        1.0           5.0837882001E+00   5.4113922539E-02  -1.4814130329E+00
H11        1.0          -1.5454062931E+00   4.9079714201E+00  -3.9519616698E-03
H12        1.0           1.5447767386E+00  -4.9075026992E+00  -1.8570332512E-03
H13        1.0          -5.0841059017E+00  -5.5328337610E-02  -1.4810250986E+00
</Nuclei of Molecule>
<Total Number of CPs of DelSqRho>
    87
</Total Number of CPs of DelSqRho>
<Number of (3,+3) CPs of DelSqRho>
    11
</Number of (3,+3) CPs of DelSqRho>
<Number of (3,+1) CPs of DelSqRho>
    30
</Number of (3,+1) CPs of DelSqRho>
<Number of (3,-1) CPs of DelSqRho>
    34
</Number of (3,-1) CPs of DelSqRho>
<Number of (3,-3) CPs of DelSqRho>
    12
</Number of (3,-3) CPs of DelSqRho>
<Number of Degenerate CPs of DelSqRho>
     0
</Number of Degenerate CPs of DelSqRho>
<CP of DelSqRho>
CP# = 1       
Type = (3,+3)
Coords =  1.61081662617162E-04  3.29087326645919E-04  3.07651370209360E-04
DistFromNuc =  1.6449372001E-13
Rho =  8.1156429307E+03
DelSqRho = -3.9055518190E+09
GradDelSqRho = -2.4997073047E-04 -1.4696670328E-04 -5.7676516253E-04
HessDelSqRho_EigVals =  3.0753175619E+16  3.0753175635E+16  3.0753175687E+16
HessDelSqRho_EigVec1 = -1.4874942039E-02  9.9988936192E-01  4.3207625604E-06
HessDelSqRho_EigVec2 =  9.9988935481E-01  1.4874942448E-02 -1.1930097559E-04
HessDelSqRho_EigVec3 =  1.1935204745E-04 -2.5456893917E-06  9.9999999287E-01
</CP of DelSqRho>
<CP of DelSqRho>
CP# = 2       
Type = (3,+1)
Coords =  2.14555293235886E-03 -1.80431504991244E-01  2.55808807875962E-04
DistFromNuc =  1.8077149263E-01
Rho =  6.8576773230E+01
DelSqRho = -3.5179873861E+03
GradDelSqRho =  2.9558577808E-12  3.6379788071E-11  2.8421709430E-14
HessDelSqRho_EigVals = -1.4989186244E+04  1.3175081876E+04  5.1784505031E+06
HessDelSqRho_EigVec1 =  9.9993966021E-01  1.0979020997E-02  3.7017572244E-04
HessDelSqRho_EigVec2 = -3.6699413440E-04 -2.9180121846E-04  9.9999989008E-01
HessDelSqRho_EigVec3 = -1.0979127808E-02  9.9993968616E-01  2.8775437493E-04
</CP of DelSqRho>
<CP of DelSqRho>
CP# = 3       
Type = (3,-3)
Coords =  3.24171751804602E-01  3.85620362915836E-03  3.73215475057667E-04
DistFromNuc =  3.2402987395E-01
Rho =  1.5583618361E+01
DelSqRho =  1.0105115531E+03
GradDelSqRho =  4.5474735089E-12 -2.6290081223E-13  1.3100631691E-14
HessDelSqRho_EigVals = -2.3332578036E+05 -6.0148463864E+03 -4.0352298182E+03
HessDelSqRho_EigVec1 =  9.9994078969E-01  1.0880103335E-02  2.0115201759E-04
HessDelSqRho_EigVec2 = -1.0880103451E-02  9.9994080992E-01 -5.1528963555E-07
HessDelSqRho_EigVec3 = -2.0114571779E-04 -1.6732956357E-06  9.9999997977E-01
</CP of DelSqRho>
<CP of DelSqRho>
CP# = 4       
Type = (3,-3)
Coords = -3.23849384699793E-01 -3.20134183196748E-03  2.39702130824864E-04
DistFromNuc =  3.2402970675E-01
Rho =  1.5583644236E+01
DelSqRho =  1.0105120177E+03
GradDelSqRho =  7.2759576142E-12  6.7501559897E-13  2.5792701308E-12
HessDelSqRho_EigVals = -2.3332613214E+05 -6.0148934907E+03 -4.0352795915E+03
HessDelSqRho_EigVec1 =  9.9994065287E-01  1.0892522009E-02  2.0902841981E-04
HessDelSqRho_EigVec2 = -1.0892521959E-02  9.9994067472E-01 -1.3774798125E-06
HessDelSqRho_EigVec3 = -2.0903102337E-04 -8.9944858976E-07  9.9999997815E-01
</CP of DelSqRho>
<CP of DelSqRho>
CP# = 5       
Type = (3,-1)
Coords =  1.80969841543789E-01  2.29410142202505E-03  3.48248642422116E-04
DistFromNuc =  1.8081944193E-01
Rho =  6.8492018757E+01
DelSqRho = -3.4661289475E+03
GradDelSqRho = -5.8207660913E-11 -2.2737367544E-13 -1.4210854715E-14
HessDelSqRho_EigVals = -2.1327524315E+04 -1.3482522410E+04  5.1691638556E+06
HessDelSqRho_EigVec1 = -1.0866017840E-02  9.9994096308E-01  2.6206105857E-06
HessDelSqRho_EigVec2 = -2.2387545388E-04 -5.0535435415E-06  9.9999997493E-01
HessDelSqRho_EigVec3 =  9.9994093802E-01  1.0866016981E-02  2.2391714886E-04
</CP of DelSqRho>
<CP of DelSqRho>
CP# = 6       
Type = (3,-1)
Coords = -1.80647600714812E-01 -1.64679399061766E-03  2.67170933859235E-04
DistFromNuc =  1.8081948282E-01
Rho =  6.8491944800E+01
DelSqRho = -3.4661123604E+03
GradDelSqRho =  5.8207660913E-11 -1.1368683772E-13  1.4210854715E-14
HessDelSqRho_EigVals = -2.1329330063E+04 -1.3484440200E+04  5.1691525908E+06
HessDelSqRho_EigVec1 = -1.0925833564E-02  9.9994031128E-01 -6.4366516194E-06
HessDelSqRho_EigVec2 = -2.2352038887E-04  3.9947433326E-06  9.9999997501E-01
HessDelSqRho_EigVec3 =  9.9994028632E-01  1.0925834730E-02  2.2346340133E-04
</CP of DelSqRho>
<CP of DelSqRho>
CP# = 7       
Type = (3,+1)
Coords = -1.82157105797488E-03  1.81089785983369E-01  2.56158511697020E-04
DistFromNuc =  1.8077157891E-01
Rho =  6.8576653711E+01
DelSqRho = -3.5179606553E+03
GradDelSqRho =  0.0000000000E+00  1.4551915228E-11  0.0000000000E+00
HessDelSqRho_EigVals = -1.4994205005E+04  1.3173904218E+04  5.1784279208E+06
HessDelSqRho_EigVec1 =  9.9993976729E-01  1.0969180980E-02  3.7264488359E-04
HessDelSqRho_EigVec2 = -3.7575777938E-04  2.8172604517E-04  9.9999988972E-01
HessDelSqRho_EigVec3 = -1.0969074786E-02  9.9993979704E-01 -2.8583083114E-04
</CP of DelSqRho>
<CP of DelSqRho>
CP# = 8       
Type = (3,+1)
Coords =  1.66588354268000E-04  3.25127922001937E-04  1.81280424596970E-01
DistFromNuc =  1.8097277335E-01
Rho =  6.8541466893E+01
DelSqRho = -3.5433756734E+03
GradDelSqRho =  0.0000000000E+00  8.8817841970E-16  2.9103830457E-11
HessDelSqRho_EigVals = -4.0256888116E+03  1.6260076432E+04  5.1455497348E+06
HessDelSqRho_EigVec1 =  9.9993967577E-01  1.0983802499E-02 -3.0034286773E-05
HessDelSqRho_EigVec2 = -1.0983801825E-02  9.9993967598E-01  2.2490636156E-05
HessDelSqRho_EigVec3 =  3.0279507689E-05 -2.2159388771E-05  9.9999999930E-01
</CP of DelSqRho>
<CP of DelSqRho>
CP# = 9       
Type = (3,+1)
Coords =  1.64591628134909E-04  3.26004574037369E-04 -1.80665160022211E-01
DistFromNuc =  1.8097281145E-01
Rho =  6.8541437183E+01
DelSqRho = -3.5433391454E+03
GradDelSqRho =  0.0000000000E+00 -2.6645352591E-15 -2.9103830457E-11
HessDelSqRho_EigVals = -4.0290517873E+03  1.6241749500E+04  5.1455379051E+06
HessDelSqRho_EigVec1 =  9.9993971388E-01  1.0980356128E-02  1.9401992901E-05
HessDelSqRho_EigVec2 = -1.0980355789E-02  9.9993971392E-01 -1.7508171216E-05
HessDelSqRho_EigVec3 = -1.9593069186E-05  1.7294074931E-05  9.9999999966E-01
</CP of DelSqRho>
<CP of DelSqRho>
CP# = 10      
Type = (3,-1)
Coords = -1.35444673380059E-03  1.34780742918437E-01  1.21242761135072E-01
DistFromNuc =  1.8084480997E-01
Rho =  6.8447084944E+01
DelSqRho = -3.4697769391E+03
GradDelSqRho = -2.2737367544E-13  1.4551915228E-11  2.1827872843E-11
HessDelSqRho_EigVals = -1.7368286361E+04 -1.4561449985E+04  5.1664207111E+06
HessDelSqRho_EigVec1 =  9.9993559186E-01  1.1349221376E-02 -8.5479339261E-05
HessDelSqRho_EigVec2 =  7.6441221369E-03 -6.6788847689E-01  7.4422211055E-01
HessDelSqRho_EigVec3 = -8.3892508201E-03  7.4417483000E-01  6.6793221427E-01
</CP of DelSqRho>
<CP of DelSqRho>
CP# = 11      
Type = (3,-1)
Coords =  1.59796528023217E-03 -1.34118668706261E-01  1.21247976026545E-01
DistFromNuc =  1.8084475625E-01
Rho =  6.8447166950E+01
DelSqRho = -3.4697952784E+03
GradDelSqRho = -2.2737367544E-13 -2.9103830457E-11  0.0000000000E+00
HessDelSqRho_EigVals = -1.7364417730E+04 -1.4561463244E+04  5.1664354325E+06
HessDelSqRho_EigVec1 =  9.9994438297E-01  1.0545411349E-02 -1.5892496156E-04
HessDelSqRho_EigVec2 = -6.9256588263E-03  6.6792510714E-01  7.4419626881E-01
HessDelSqRho_EigVec3 = -7.9540057510E-03  7.4415377816E-01 -6.6796099305E-01
</CP of DelSqRho>
<CP of DelSqRho>
CP# = 12      
Type = (3,-1)
Coords = -1.27344480885394E-03  1.34756776448736E-01 -1.20654882144772E-01
DistFromNuc =  1.8084467364E-01
Rho =  6.8447369756E+01
DelSqRho = -3.4698572148E+03
GradDelSqRho =  0.0000000000E+00 -4.3655745685E-11 -1.4551915228E-11
HessDelSqRho_EigVals = -1.7359374855E+04 -1.4546943341E+04  5.1664631943E+06
HessDelSqRho_EigVec1 =  9.9994409362E-01  1.0573435314E-02 -1.0996551556E-04
HessDelSqRho_EigVec2 = -6.9821203954E-03  6.6804720104E-01  7.4408614231E-01
HessDelSqRho_EigVec3 = -7.9410088484E-03  7.4404377536E-01 -6.6808367794E-01
</CP of DelSqRho>
<CP of DelSqRho>
CP# = 13      
Type = (3,-1)
Coords =  1.67769209119522E-03 -1.34092014716736E-01 -1.20661124039045E-01
DistFromNuc =  1.8084462227E-01
Rho =  6.8447446876E+01
DelSqRho = -3.4698748313E+03
GradDelSqRho = -6.8212102633E-13  2.9103830457E-11  0.0000000000E+00
HessDelSqRho_EigVals = -1.7355473741E+04 -1.4547047799E+04  5.1664773662E+06
HessDelSqRho_EigVec1 =  9.9993580710E-01  1.1330441154E-02 -5.2716359855E-05
HessDelSqRho_EigVec2 =  7.6092945274E-03 -6.6807479775E-01  7.4405521519E-01
HessDelSqRho_EigVec3 = -8.3952553595E-03  7.4400785326E-01  6.6811812875E-01
</CP of DelSqRho>
<CP of DelSqRho>
CP# = 14      
Type = (3,-1)
Coords = -3.40038039959808E-03  3.24699397981232E-01  3.00876515890339E-04
DistFromNuc =  3.2438986188E-01
Rho =  1.5627271836E+01
DelSqRho =  9.7168794483E+02
GradDelSqRho =  1.0569323194E-13 -8.8675733423E-12  2.2204460493E-16
HessDelSqRho_EigVals = -2.3070230433E+05 -4.5212216000E+03  3.5289974790E+03
HessDelSqRho_EigVec1 = -1.0982583312E-02  9.9993968948E-01 -1.6341659326E-05
HessDelSqRho_EigVec2 =  9.9993961614E-01  1.0982588768E-02  3.8316199113E-04
HessDelSqRho_EigVec3 = -3.8331835616E-04  1.2132564064E-05  9.9999992646E-01
</CP of DelSqRho>
<CP of DelSqRho>
CP# = 15      
Type = (3,+3)
Coords = -1.17499904610983E-01  1.37619367236754E-01  2.19145590738702E-04
DistFromNuc =  1.8081132841E-01
Rho =  6.8678911481E+01
DelSqRho = -3.5685046145E+03
GradDelSqRho = -3.6379788071E-11  2.5465851650E-11 -3.5527136788E-15
HessDelSqRho_EigVals =  1.0970747323E+04  1.7604612046E+04  5.1713720529E+06
HessDelSqRho_EigVec1 = -1.6518237298E-04  5.0294446917E-04  9.9999985988E-01
HessDelSqRho_EigVec2 =  7.5952309334E-01  6.5048030716E-01 -2.0169567416E-04
HessDelSqRho_EigVec3 = -6.5048031746E-01  7.5952295360E-01 -4.8944581972E-04
</CP of DelSqRho>
<CP of DelSqRho>
CP# = 16      
Type = (3,+3)
Coords =  1.17813920266444E-01 -1.36968151486783E-01  3.22739343272390E-04
DistFromNuc =  1.8081128959E-01
Rho =  6.8678958088E+01
DelSqRho = -3.5685059259E+03
GradDelSqRho = -1.4551915228E-11  4.7293724492E-11  5.6843418861E-14
HessDelSqRho_EigVals =  1.0971324569E+04  1.7600308948E+04  5.1713811024E+06
HessDelSqRho_EigVec1 =  1.6847348774E-05  1.2264072574E-04  9.9999999234E-01
HessDelSqRho_EigVec2 =  7.5956191690E-01  6.5043499739E-01 -9.2566425363E-05
HessDelSqRho_EigVec3 = -6.5043500376E-01  7.5956191264E-01 -8.2195119475E-05
</CP of DelSqRho>
<CP of DelSqRho>
CP# = 17      
Type = (3,-1)
Coords =  3.72341799483189E-03 -3.24041367147818E-01  2.99738594806777E-04
DistFromNuc =  3.2439001532E-01
Rho =  1.5627247953E+01
DelSqRho =  9.7168885812E+02
GradDelSqRho = -9.7699626167E-14  2.5011104299E-12 -3.7470027081E-16
HessDelSqRho_EigVals = -2.3070237412E+05 -4.5211082094E+03  3.5289941963E+03
HessDelSqRho_EigVec1 = -1.0985616300E-02  9.9993965610E-01  1.9864268053E-05
HessDelSqRho_EigVec2 =  9.9993958305E-01  1.0985607890E-02  3.8296457377E-04
HessDelSqRho_EigVec3 = -3.8272324314E-04 -2.4070169778E-05  9.9999992647E-01
</CP of DelSqRho>
<CP of DelSqRho>
CP# = 18      
Type = (3,-3)
Coords = -2.64043761291912E-03  2.48688725737894E-01  2.08652406372164E-01
DistFromNuc =  3.2418805567E-01
Rho =  1.5489691318E+01
DelSqRho =  1.0100508167E+03
GradDelSqRho =  1.0302869669E-13  1.8189894035E-12  3.1832314562E-12
HessDelSqRho_EigVals = -2.3279375708E+05 -5.1728052701E+03 -4.1505941634E+03
HessDelSqRho_EigVec1 = -8.6584223862E-03  7.6734377156E-01  6.4117748554E-01
HessDelSqRho_EigVec2 =  9.9993732686E-01  1.1195146691E-02  1.0504681159E-04
HessDelSqRho_EigVec3 =  7.0974689891E-03 -6.4113821048E-01  7.6739261203E-01
</CP of DelSqRho>
<CP of DelSqRho>
CP# = 19      
Type = (3,-3)
Coords =  2.81574613515188E-03 -2.48033105302219E-01  2.08651432711441E-01
DistFromNuc =  3.2418815092E-01
Rho =  1.5489677416E+01
DelSqRho =  1.0100516755E+03
GradDelSqRho =  8.7041485131E-14 -7.2759576142E-12  4.3200998334E-12
HessDelSqRho_EigVals = -2.3279388792E+05 -5.1727362213E+03 -4.1505999885E+03
HessDelSqRho_EigVec1 = -8.2051258107E-03  7.6735114553E-01 -6.4117462159E-01
HessDelSqRho_EigVec2 =  9.9994225969E-01  1.0745844107E-02  6.4231707500E-05
HessDelSqRho_EigVec3 = -6.9392508031E-03  6.4113707294E-01  7.6739500943E-01
</CP of DelSqRho>
<CP of DelSqRho>
CP# = 20      
Type = (3,-3)
Coords = -2.49268865729464E-03  2.48687480776614E-01 -2.08042092310601E-01
DistFromNuc =  3.2418906488E-01
Rho =  1.5489527049E+01
DelSqRho =  1.0100461465E+03
GradDelSqRho =  5.3290705182E-14  2.5011104299E-12  4.5474735089E-13
HessDelSqRho_EigVals = -2.3279097249E+05 -5.1725489372E+03 -4.1502399891E+03
HessDelSqRho_EigVec1 = -8.2019053960E-03  7.6733534650E-01 -6.4119357043E-01
HessDelSqRho_EigVec2 =  9.9994223904E-01  1.0747721363E-02  7.1234104673E-05
HessDelSqRho_EigVec3 = -6.9460302809E-03  6.4115595021E-01  7.6737917627E-01
</CP of DelSqRho>
<CP of DelSqRho>
CP# = 21      
Type = (3,-3)
Coords =  2.96331707355472E-03 -2.48027094835962E-01 -2.08042923025870E-01
DistFromNuc =  3.2418915403E-01
Rho =  1.5489512156E+01
DelSqRho =  1.0100470488E+03
GradDelSqRho = -1.5987211555E-14  4.7748471843E-12  4.5474735089E-13
HessDelSqRho_EigVals = -2.3279111866E+05 -5.1724602249E+03 -4.1502479140E+03
HessDelSqRho_EigVec1 = -8.6609044359E-03  7.6732802658E-01  6.4119629472E-01
HessDelSqRho_EigVec2 =  9.9993734269E-01  1.1193675905E-02  1.1094968094E-04
HessDelSqRho_EigVec3 =  7.0922087152E-03 -6.4115708001E-01  7.6737689523E-01
</CP of DelSqRho>
<CP of DelSqRho>
CP# = 22      
Type = (3,-1)
Coords =  1.49824049546959E-04  3.28860782171078E-04  3.25816934969519E-01
DistFromNuc =  3.2550928379E-01
Rho =  1.5670493247E+01
DelSqRho =  9.3271089772E+02
GradDelSqRho = -8.0491169285E-15 -5.5511151231E-17 -1.8189894035E-12
HessDelSqRho_EigVals = -2.2417938182E+05 -1.0467258977E+03  4.9657310182E+03
HessDelSqRho_EigVec1 = -3.4744625546E-05 -5.3937366780E-07  9.9999999940E-01
HessDelSqRho_EigVec2 =  9.9993964846E-01  1.0986274623E-02  3.4748454382E-05
HessDelSqRho_EigVec3 = -1.0986274635E-02  9.9993964906E-01  1.5762711784E-07
</CP of DelSqRho>
<CP of DelSqRho>
CP# = 23      
Type = (3,-1)
Coords =  1.76413883072962E-04  3.30358150646104E-04 -3.25200913940140E-01
DistFromNuc =  3.2550856567E-01
Rho =  1.5670621333E+01
DelSqRho =  9.3271661440E+02
GradDelSqRho =  3.0392355299E-15 -5.5511151231E-17 -9.0949470177E-13
HessDelSqRho_EigVals = -2.2418215308E+05 -1.0468405601E+03  4.9653221452E+03
HessDelSqRho_EigVec1 = -4.7709749958E-05 -4.0539283687E-06  9.9999999885E-01
HessDelSqRho_EigVec2 =  9.9993965069E-01  1.0986023125E-02  4.7751407313E-05
HessDelSqRho_EigVec3 = -1.0986023306E-02  9.9993965182E-01  3.5295433006E-06
</CP of DelSqRho>
<CP of DelSqRho>
CP# = 24      
Type = (3,+1)
Coords =  1.48779738810110E-01  1.96747238540117E-03  2.89863260054520E-01
DistFromNuc =  3.2547294831E-01
Rho =  1.5714399619E+01
DelSqRho =  9.2692876641E+02
GradDelSqRho = -6.8212102633E-13 -9.2370555649E-14 -5.2295945352E-12
HessDelSqRho_EigVals = -2.2412929846E+05  1.6576776718E+03  3.5184124005E+03
HessDelSqRho_EigVec1 =  4.5778808462E-01  5.0448515272E-03  8.8904702860E-01
HessDelSqRho_EigVec2 =  8.8899066758E-01  1.0011075857E-02 -4.5781587054E-01
HessDelSqRho_EigVec3 = -1.1209930338E-02  9.9993716194E-01  9.8125314669E-05
</CP of DelSqRho>
<CP of DelSqRho>
CP# = 25      
Type = (3,+1)
Coords = -1.48584504936956E-01 -1.30966380150195E-03  2.89798004254979E-01
DistFromNuc =  3.2547288589E-01
Rho =  1.5714411745E+01
DelSqRho =  9.2691661336E+02
GradDelSqRho =  2.7284841053E-12  3.1974423109E-14 -6.8212102633E-13
HessDelSqRho_EigVals = -2.2412931137E+05  1.6588400633E+03  3.5209848037E+03
HessDelSqRho_EigVec1 = -4.5817895882E-01 -5.0461597320E-03  8.8884564350E-01
HessDelSqRho_EigVec2 =  8.8878974586E-01  9.9685717792E-03  4.5820673853E-01
HessDelSqRho_EigVec3 = -1.1172705991E-02  9.9993757998E-01 -8.2414812956E-05
</CP of DelSqRho>
<CP of DelSqRho>
CP# = 26      
Type = (3,+1)
Coords =  1.48913037691131E-01  1.97012919614709E-03 -2.89178746809102E-01
DistFromNuc =  3.2547229094E-01
Rho =  1.5714520882E+01
DelSqRho =  9.2692164192E+02
GradDelSqRho =  2.0463630790E-12  5.1514348343E-14 -2.7284841053E-12
HessDelSqRho_EigVals = -2.2413174648E+05  1.6589276382E+03  3.5204765162E+03
HessDelSqRho_EigVec1 = -4.5819766422E-01 -5.0530336966E-03  8.8883596201E-01
HessDelSqRho_EigVec2 =  8.8877958524E-01  1.0011266302E-02  4.5822551589E-01
HessDelSqRho_EigVec3 = -1.1213802487E-02  9.9993711872E-01 -9.6105642622E-05
</CP of DelSqRho>
<CP of DelSqRho>
CP# = 27      
Type = (3,+1)
Coords = -1.48464985029255E-01 -1.30704649455731E-03 -2.89243581685924E-01
DistFromNuc =  3.2547242771E-01
Rho =  1.5714494718E+01
DelSqRho =  9.2693284635E+02
GradDelSqRho =  1.3642420527E-12 -4.6185277824E-14  3.6379788071E-12
HessDelSqRho_EigVals = -2.2413135180E+05  1.6578626407E+03  3.5178857136E+03
HessDelSqRho_EigVec1 =  4.5781014933E-01  5.0381518111E-03  8.8903570468E-01
HessDelSqRho_EigVec2 =  8.8897984679E-01  9.9661032884E-03 -4.5783786299E-01
HessDelSqRho_EigVec3 = -1.1166878319E-02  9.9993764496E-01  8.3767809572E-05
</CP of DelSqRho>
<CP of DelSqRho>
CP# = 28      
Type = (3,+1)
Coords =  2.10585275149757E-01  2.48104022341285E-01  4.08245286697254E-04
DistFromNuc =  3.2507040737E-01
Rho =  1.5799859982E+01
DelSqRho =  9.2060343327E+02
GradDelSqRho =  2.2737367544E-12  2.9558577808E-12  1.2212453271E-15
HessDelSqRho_EigVals = -2.2581442376E+05  2.8449697315E+03  5.1240951885E+03
HessDelSqRho_EigVec1 =  6.4705806475E-01  7.6244066283E-01  3.1065741152E-04
HessDelSqRho_EigVec2 = -4.6393380275E-05 -3.6807871480E-04  9.9999993118E-01
HessDelSqRho_EigVec3 =  7.6244072470E-01 -6.4705803464E-01 -2.0279610126E-04
</CP of DelSqRho>
<CP of DelSqRho>
CP# = 29      
Type = (3,+1)
Coords = -2.15624021889998E-01  2.43447464602921E-01  1.99382957794600E-04
DistFromNuc =  3.2506886656E-01
Rho =  1.5799975502E+01
DelSqRho =  9.2062709373E+02
GradDelSqRho =  2.6147972676E-12 -5.9117155615E-12 -5.5511151231E-16
HessDelSqRho_EigVals = -2.2582165180E+05  2.8448578663E+03  5.1232180993E+03
HessDelSqRho_EigVec1 = -6.6355893357E-01  7.4812394248E-01 -3.2919656148E-04
HessDelSqRho_EigVec2 = -7.5692805442E-05  3.7289262454E-04  9.9999992761E-01
HessDelSqRho_EigVec3 =  7.4812401108E-01  6.6355891045E-01 -1.9080863225E-04
</CP of DelSqRho>
<CP of DelSqRho>
CP# = 30      
Type = (3,+1)
Coords =  2.15945546463686E-01 -2.42789611812731E-01  4.07669250240415E-04
DistFromNuc =  3.2506868063E-01
Rho =  1.5800007425E+01
DelSqRho =  9.2062999930E+02
GradDelSqRho =  6.8212102633E-13  6.8212102633E-13  1.5543122345E-15
HessDelSqRho_EigVals = -2.2582273329E+05  2.8448312606E+03  5.1230985941E+03
HessDelSqRho_EigVec1 = -6.6355809021E-01  7.4812469916E-01 -3.0891225542E-04
HessDelSqRho_EigVec2 = -5.1557555267E-05  3.6718584694E-04  9.9999993126E-01
HessDelSqRho_EigVec3 =  7.4812476116E-01  6.6355806052E-01 -2.0507765882E-04
</CP of DelSqRho>
<CP of DelSqRho>
CP# = 31      
Type = (3,+1)
Coords = -2.10261838129724E-01 -2.47446681984362E-01  1.98988511267267E-04
DistFromNuc =  3.2507022140E-01
Rho =  1.5799888025E+01
DelSqRho =  9.2060563417E+02
GradDelSqRho =  7.7307049651E-12 -2.2737367544E-13  8.8817841970E-16
HessDelSqRho_EigVals = -2.2581527684E+05  2.8449419813E+03  5.1240248293E+03
HessDelSqRho_EigVec1 =  6.4705612693E-01  7.6244229905E-01  3.3047392843E-04
HessDelSqRho_EigVec2 = -7.1349416710E-05 -3.7288963078E-04  9.9999992793E-01
HessDelSqRho_EigVec3 =  7.6244236733E-01 -6.4705610388E-01 -1.8688070695E-04
</CP of DelSqRho>
<CP of DelSqRho>
CP# = 32      
Type = (3,-1)
Coords =  2.23212121599734E-01  1.46454799703063E-01  1.86067070006037E-01
DistFromNuc =  3.2497854059E-01
Rho =  1.5711832050E+01
DelSqRho =  9.4513419423E+02
GradDelSqRho =  2.6147972676E-12  2.1600499167E-12  3.3821834222E-12
HessDelSqRho_EigVals = -2.2694857938E+05 -2.3291908157E+03  4.7799890733E+03
HessDelSqRho_EigVec1 =  6.8698837762E-01  4.5037169147E-01  5.7027388906E-01
HessDelSqRho_EigVec2 =  1.2780544852E-01  6.9766003958E-01 -7.0493704436E-01
HessDelSqRho_EigVec3 = -7.1534099305E-01  5.5716766660E-01  4.2172438269E-01
</CP of DelSqRho>
<CP of DelSqRho>
CP# = 33      
Type = (3,-1)
Coords = -2.26147477334870E-01  1.41606070924773E-01  1.85874963426083E-01
DistFromNuc =  3.2497688729E-01
Rho =  1.5711866714E+01
DelSqRho =  9.4516968826E+02
GradDelSqRho =  4.5474735089E-12 -1.2505552149E-12 -8.4696694103E-12
HessDelSqRho_EigVals = -2.2695700707E+05 -2.3315406120E+03  4.7797164744E+03
HessDelSqRho_EigVec1 =  6.9703083598E-01 -4.3544187791E-01 -5.6968270524E-01
HessDelSqRho_EigVec2 = -1.4247428303E-01  6.9454280607E-01 -7.0520306948E-01
HessDelSqRho_EigVec3 =  7.0274397355E-01  5.7271342004E-01  4.2207848339E-01
</CP of DelSqRho>
<CP of DelSqRho>
CP# = 34      
Type = (3,-1)
Coords =  2.26360725202840E-01 -1.40909119866673E-01  1.86038026715947E-01
DistFromNuc =  3.2497735650E-01
Rho =  1.5711933581E+01
DelSqRho =  9.4515306248E+02
GradDelSqRho =  2.6147972676E-12  1.1368683772E-12  8.3133500084E-13
HessDelSqRho_EigVals = -2.2695430459E+05 -2.3297604207E+03  4.7795200859E+03
HessDelSqRho_EigVec1 =  6.9669578429E-01 -4.3532312351E-01  5.7018309542E-01
HessDelSqRho_EigVec2 = -1.4291389285E-01  6.9466927417E-01  7.0498951677E-01
HessDelSqRho_EigVec3 = -7.0298691552E-01 -5.7265031010E-01  4.2175943256E-01
</CP of DelSqRho>
<CP of DelSqRho>
CP# = 35      
Type = (3,-1)
Coords = -2.22998702008327E-01 -1.45844292717504E-01  1.85897565249280E-01
DistFromNuc =  3.2497778726E-01
Rho =  1.5711813527E+01
DelSqRho =  9.4515388802E+02
GradDelSqRho = -5.5706550484E-12 -3.5242919694E-12  1.9397816686E-12
HessDelSqRho_EigVals = -2.2695263078E+05 -2.3310350031E+03  4.7801388532E+03
HessDelSqRho_EigVec1 =  6.8732456642E-01  4.5051847722E-01 -5.6975261481E-01
HessDelSqRho_EigVec2 =  1.2734528669E-01  6.9751301453E-01  7.0516577662E-01
HessDelSqRho_EigVec3 =  7.1510007576E-01 -5.5723307175E-01  4.2204642564E-01
</CP of DelSqRho>
<CP of DelSqRho>
CP# = 36      
Type = (3,-1)
Coords =  2.23317586264296E-01  1.46493625823048E-01 -1.85293742527145E-01
DistFromNuc =  3.2497811507E-01
Rho =  1.5711765984E+01
DelSqRho =  9.4515280462E+02
GradDelSqRho = -5.1159076975E-12  7.9580786405E-13  1.7195134205E-12
HessDelSqRho_EigVals = -2.2695181971E+05 -2.3308295764E+03  4.7799446798E+03
HessDelSqRho_EigVec1 =  6.8731435101E-01  4.5048698598E-01 -5.6978983701E-01
HessDelSqRho_EigVec2 =  1.2737557058E-01  6.9753824155E-01  7.0513535267E-01
HessDelSqRho_EigVec3 =  7.1510450070E-01 -5.5722695290E-01  4.2204700692E-01
</CP of DelSqRho>
<CP of DelSqRho>
CP# = 37      
Type = (3,-1)
Coords = -2.26034413256232E-01  1.41559581451933E-01 -1.85434214067410E-01
DistFromNuc =  3.2497768380E-01
Rho =  1.5711882797E+01
DelSqRho =  9.4515119642E+02
GradDelSqRho = -4.8885340220E-12  4.8885340220E-12 -5.0590642786E-12
HessDelSqRho_EigVals = -2.2695325960E+05 -2.3295637336E+03  4.7793923308E+03
HessDelSqRho_EigVec1 =  6.9668372286E-01 -4.3529458740E-01  5.7021961776E-01
HessDelSqRho_EigVec2 = -1.4294260127E-01  6.9469331694E-01  7.0496000464E-01
HessDelSqRho_EigVec3 = -7.0299303200E-01 -5.7264283596E-01  4.2175938565E-01
</CP of DelSqRho>
<CP of DelSqRho>
CP# = 38      
Type = (3,-1)
Coords =  2.26466996807104E-01 -1.40944405941371E-01 -1.85265625438480E-01
DistFromNuc =  3.2497693487E-01
Rho =  1.5711864572E+01
DelSqRho =  9.4517190139E+02
GradDelSqRho = -1.1368683772E-13  6.8212102633E-13  2.4726887204E-12
HessDelSqRho_EigVals = -2.2695754700E+05 -2.3314157384E+03  4.7794588584E+03
HessDelSqRho_EigVec1 =  6.9702414736E-01 -4.3542748110E-01 -5.6970189283E-01
HessDelSqRho_EigVec2 = -1.4248097132E-01  6.9456192391E-01 -7.0518288880E-01
HessDelSqRho_EigVec3 =  7.0274925173E-01  5.7270118086E-01  4.2208630236E-01
</CP of DelSqRho>
<CP of DelSqRho>
CP# = 39      
Type = (3,-1)
Coords = -2.22886741000345E-01 -1.45794131794595E-01 -1.85457634980632E-01
DistFromNuc =  3.2497856541E-01
Rho =  1.5711830375E+01
DelSqRho =  9.4513574288E+02
GradDelSqRho =  4.6611603466E-12  0.0000000000E+00  4.9098503041E-12
HessDelSqRho_EigVals = -2.2694895217E+05 -2.3290828819E+03  4.7797936382E+03
HessDelSqRho_EigVec1 =  6.8698094423E-01  4.5035998226E-01  5.7029209063E-01
HessDelSqRho_EigVec2 =  1.2780930207E-01  6.9767866851E-01 -7.0491790856E-01
HessDelSqRho_EigVec3 = -7.1534744325E-01  5.5715380451E-01  4.2173175545E-01
</CP of DelSqRho>
<CP of DelSqRho>
CP# = 40      
Type = (3,-1)
Coords =  7.60180838207296E-01  8.66450097960148E-03  5.01730634688944E-04
DistFromNuc =  7.6006548871E-01
Rho =  1.4072509453E+00
DelSqRho = -3.1547384868E+00
GradDelSqRho = -1.8474111130E-12  1.8374191058E-13  1.0867175215E-14
HessDelSqRho_EigVals = -1.8922547543E+02 -1.1753649461E+02  1.1003503008E+03
HessDelSqRho_EigVec1 = -1.0958725261E-02  9.9993995137E-01 -5.4091074524E-07
HessDelSqRho_EigVec2 = -2.5753141892E-04 -2.2814423362E-06  9.9999996684E-01
HessDelSqRho_EigVec3 =  9.9993991820E-01  1.0958725037E-02  2.5754095621E-04
</CP of DelSqRho>
<CP of DelSqRho>
CP# = 41      
Type = (3,-1)
Coords = -7.59856673787644E-01 -7.99095926981197E-03  1.29323633905786E-04
DistFromNuc =  7.6006331550E-01
Rho =  1.4072765361E+00
DelSqRho = -3.1551931607E+00
GradDelSqRho =  1.8118839762E-12 -1.8662849044E-13 -1.0081779162E-14
HessDelSqRho_EigVals = -1.8922438818E+02 -1.1753494544E+02  1.1003895932E+03
HessDelSqRho_EigVec1 = -1.0941854432E-02  9.9994013612E-01  9.9615984658E-07
HessDelSqRho_EigVec2 = -2.3604396527E-04 -3.5791327872E-06  9.9999997214E-01
HessDelSqRho_EigVec3 =  9.9994010826E-01  1.0941853892E-02  2.3606899711E-04
</CP of DelSqRho>
<CP of DelSqRho>
CP# = 42      
Type = (3,+1)
Coords = -7.83181634192362E-03  7.33274044738255E-01  3.53308481868166E-04
DistFromNuc =  7.3298853954E-01
Rho =  1.6268006749E+00
DelSqRho = -1.1433903587E+01
GradDelSqRho =  2.1094237468E-15  4.9737991503E-14  1.3877787808E-17
HessDelSqRho_EigVals = -1.6573032808E+02  1.5109296923E+02  1.6706267388E+03
HessDelSqRho_EigVec1 =  9.9994042521E-01  1.0909344320E-02  3.6364585354E-04
HessDelSqRho_EigVec2 = -3.6289509929E-04 -7.0796994795E-05  9.9999993165E-01
HessDelSqRho_EigVec3 = -1.0909369319E-02  9.9994048883E-01  6.6833829488E-05
</CP of DelSqRho>
<CP of DelSqRho>
CP# = 43      
Type = (3,+1)
Coords =  8.14876957993317E-03 -7.32616929727201E-01  3.50531725814863E-04
DistFromNuc =  7.3298954216E-01
Rho =  1.6267883175E+00
DelSqRho = -1.1433566472E+01
GradDelSqRho =  3.2196467714E-15  8.5265128291E-14  3.4694469520E-18
HessDelSqRho_EigVals = -1.6573630777E+02  1.5108948753E+02  1.6706043625E+03
HessDelSqRho_EigVec1 =  9.9994050231E-01  1.0902257215E-02  3.6418000406E-04
HessDelSqRho_EigVec2 = -3.6484558132E-04  5.9060674694E-05  9.9999993170E-01
HessDelSqRho_EigVec3 = -1.0902234961E-02  9.9994056688E-01 -6.3034801091E-05
</CP of DelSqRho>
<CP of DelSqRho>
CP# = 44      
Type = (3,+1)
Coords =  1.94364388475278E-04  3.29037143622630E-04  7.27066113388976E-01
DistFromNuc =  7.2675846278E-01
Rho =  1.7574478204E+00
DelSqRho = -1.4909100127E+01
GradDelSqRho =  1.3877787808E-17 -5.7679555576E-17 -7.1054273576E-15
HessDelSqRho_EigVals = -4.9121668974E+01  1.8753684329E+02  1.7937565189E+03
HessDelSqRho_EigVec1 =  9.9994042876E-01  1.0914940371E-02 -5.4800366695E-05
HessDelSqRho_EigVec2 = -1.0914940343E-02  9.9994043026E-01  8.0205085306E-07
HessDelSqRho_EigVec3 =  5.4805856588E-05 -2.0386034065E-07  9.9999999850E-01
</CP of DelSqRho>
<CP of DelSqRho>
CP# = 45      
Type = (3,+1)
Coords =  1.09701258890271E-04  3.30657888740988E-04 -7.26442556200428E-01
DistFromNuc =  7.2675020939E-01
Rho =  1.7575268826E+00
DelSqRho = -1.4911704779E+01
GradDelSqRho = -5.5511151231E-17  5.2258544714E-17 -1.5631940187E-13
HessDelSqRho_EigVals = -4.9118406635E+01  1.8760834434E+02  1.7939830206E+03
HessDelSqRho_EigVec1 =  9.9994041826E-01  1.0915747398E-02 -7.9973023572E-05
HessDelSqRho_EigVec2 = -1.0915747216E-02  9.9994042145E-01  2.7188275948E-06
HessDelSqRho_EigVec3 =  7.9997936930E-05 -1.8457002929E-06  9.9999999680E-01
</CP of DelSqRho>
<CP of DelSqRho>
CP# = 46      
Type = (3,-1)
Coords = -6.12769900999420E-03  5.60912467329880E-01  5.19555299049452E-01
DistFromNuc =  7.6414095187E-01
Rho =  1.3330230647E+00
DelSqRho = -2.6218698354E+00
GradDelSqRho = -1.8179902028E-15  3.6637359813E-14  6.3948846218E-14
HessDelSqRho_EigVals = -1.5552105506E+02 -1.3133719216E+02  1.0366518461E+03
HessDelSqRho_EigVec1 =  9.9993563328E-01  1.1345147384E-02 -1.3013262781E-04
HessDelSqRho_EigVec2 =  7.7646127014E-03 -6.7590233783E-01  7.3695029717E-01
HessDelSqRho_EigVec3 = -8.2728527889E-03  7.3690387253E-01  6.7594692289E-01
</CP of DelSqRho>
<CP of DelSqRho>
CP# = 47      
Type = (3,-1)
Coords =  6.11077485431373E-03 -5.60261602233060E-01  5.19552289840651E-01
DistFromNuc =  7.6414155407E-01
Rho =  1.3330175215E+00
DelSqRho = -2.6217408270E+00
GradDelSqRho = -1.2906342661E-15  1.1945999745E-13 -7.8159700934E-14
HessDelSqRho_EigVals = -1.5552464711E+02 -1.3133560821E+02  1.0366428461E+03
HessDelSqRho_EigVec1 =  9.9994574804E-01  1.0413922028E-02 -2.2629392425E-04
HessDelSqRho_EigVec2 = -6.8724571689E-03  6.7590793588E-01  7.3695402268E-01
HessDelSqRho_EigVec3 = -7.8275355896E-03  7.3691248628E-01 -6.7594283578E-01
</CP of DelSqRho>
<CP of DelSqRho>
CP# = 48      
Type = (3,-1)
Coords = -5.79369266893813E-03  5.60955541328084E-01 -5.18917401712874E-01
DistFromNuc =  7.6415452365E-01
Rho =  1.3328843759E+00
DelSqRho = -2.6192044085E+00
GradDelSqRho =  1.8041124150E-16  1.9095836024E-14  3.5527136788E-14
HessDelSqRho_EigVals = -1.5552430442E+02 -1.3135721245E+02  1.0364164239E+03
HessDelSqRho_EigVec1 =  9.9994582640E-01  1.0406009856E-02 -2.4335934032E-04
HessDelSqRho_EigVec2 = -6.8541990702E-03  6.7587668212E-01  7.3698285633E-01
HessDelSqRho_EigVec3 = -7.8335317699E-03  7.3694126328E-01 -6.7591139231E-01
</CP of DelSqRho>
<CP of DelSqRho>
CP# = 49      
Type = (3,-1)
Coords =  6.44624476038879E-03 -5.60293582855272E-01 -5.18918405814923E-01
DistFromNuc =  7.6415507592E-01
Rho =  1.3328785220E+00
DelSqRho = -2.6190867161E+00
GradDelSqRho = -1.3045120539E-15  1.4210854715E-14  0.0000000000E+00
HessDelSqRho_EigVals = -1.5552750065E+02 -1.3135559278E+02  1.0364084538E+03
HessDelSqRho_EigVec1 =  9.9993556694E-01  1.1350828044E-02 -1.4378608700E-04
HessDelSqRho_EigVec2 =  7.7781286398E-03 -6.7586784986E-01  7.3698178420E-01
HessDelSqRho_EigVec3 = -8.2681731106E-03  7.3693541659E-01  6.7591258982E-01
</CP of DelSqRho>
<CP of DelSqRho>
CP# = 50      
Type = (3,+3)
Coords =  4.52812180257743E-01  5.47024899002431E-01  5.33905019603893E-04
DistFromNuc =  7.0976712995E-01
Rho =  1.9518550550E+00
DelSqRho = -2.1249313210E+01
GradDelSqRho =  1.1901590824E-13  9.2370555649E-14  1.2229800506E-16
HessDelSqRho_EigVals =  1.4808971793E+02  2.2879274210E+02  2.2877526017E+03
HessDelSqRho_EigVec1 = -1.3429735495E-04 -3.0293523448E-04  9.9999994510E-01
HessDelSqRho_EigVec2 =  7.6950678588E-01 -6.3863862893E-01 -9.0123421790E-05
HessDelSqRho_EigVec3 =  6.3863862117E-01  7.6950673153E-01  3.1887819725E-04
</CP of DelSqRho>
<CP of DelSqRho>
CP# = 51      
Type = (3,+3)
Coords = -4.64335940748211E-01  5.36984244764147E-01  1.46447763210640E-04
DistFromNuc =  7.0975789381E-01
Rho =  1.9519468873E+00
DelSqRho = -2.1251974964E+01
GradDelSqRho =  8.3666407136E-13  3.7658764995E-13  4.6793124930E-13
HessDelSqRho_EigVals =  1.4811238562E+02  2.2881933544E+02  2.2880871787E+03
HessDelSqRho_EigVec1 = -7.6758468344E-05  2.3283754729E-04  9.9999996995E-01
HessDelSqRho_EigVec2 =  7.5534930227E-01  6.5532238067E-01 -9.4604203137E-05
HessDelSqRho_EigVec3 = -6.5532238300E-01  7.5534927231E-01 -2.2617522110E-04
</CP of DelSqRho>
<CP of DelSqRho>
CP# = 52      
Type = (3,+3)
Coords =  4.64662250307401E-01 -5.36319877383082E-01  5.32845538870812E-04
DistFromNuc =  7.0975594236E-01
Rho =  1.9519691948E+00
DelSqRho = -2.1252621502E+01
GradDelSqRho = -5.8086868648E-13 -5.6132876125E-13 -6.4746125128E-13
HessDelSqRho_EigVals =  1.4811402930E+02  2.2883344375E+02  2.2881568586E+03
HessDelSqRho_EigVec1 = -1.3656244182E-04  3.0183702982E-04  9.9999994512E-01
HessDelSqRho_EigVec2 =  7.5534214903E-01  6.5533062567E-01 -9.4651686513E-05
HessDelSqRho_EigVec3 = -6.5533061828E-01  7.5534209465E-01 -3.1748378120E-04
</CP of DelSqRho>
<CP of DelSqRho>
CP# = 53      
Type = (3,+3)
Coords = -4.52501330859270E-01 -5.46355206954340E-01  1.44442831532400E-04
DistFromNuc =  7.0976545701E-01
Rho =  1.9518783615E+00
DelSqRho = -2.1249766520E+01
GradDelSqRho =  2.1316282073E-14  7.1054273576E-14 -1.3444106939E-17
HessDelSqRho_EigVals =  1.4808936849E+02  2.2880015580E+02  2.2878089519E+03
HessDelSqRho_EigVec1 = -7.3233872931E-05 -2.3682365885E-04  9.9999996928E-01
HessDelSqRho_EigVec2 =  7.6949172873E-01 -6.3865677042E-01 -9.4896176555E-05
HessDelSqRho_EigVec3 =  6.3865677328E-01  7.6949169814E-01  2.2900515543E-04
</CP of DelSqRho>
<CP of DelSqRho>
CP# = 54      
Type = (3,+1)
Coords =  4.97347996173585E-01  2.85363983172610E-01  4.45405182772619E-01
DistFromNuc =  7.2563870643E-01
Rho =  1.7620093638E+00
DelSqRho = -1.4469477819E+01
GradDelSqRho = -1.5265566589E-14  4.7184478547E-14  8.1379347705E-14
HessDelSqRho_EigVals = -8.6814274786E+01  1.8046402329E+02  1.8307508163E+03
HessDelSqRho_EigVec1 =  1.5582195489E-01  7.4160253610E-01 -6.5249153008E-01
HessDelSqRho_EigVec2 = -7.0989525868E-01  5.4339425312E-01  4.4807522514E-01
HessDelSqRho_EigVec3 =  6.8685387098E-01  3.9338068602E-01  6.1113287900E-01
</CP of DelSqRho>
<CP of DelSqRho>
CP# = 55      
Type = (3,+1)
Coords = -5.03408749268019E-01  2.74530757498258E-01  4.45028060735310E-01
DistFromNuc =  7.2563446242E-01
Rho =  1.7619904401E+00
DelSqRho = -1.4469798885E+01
GradDelSqRho =  8.8484775063E-14 -9.0760732263E-14 -9.0372154204E-14
HessDelSqRho_EigVals = -8.6880840206E+01  1.8050673255E+02  1.8309107403E+03
HessDelSqRho_EigVec1 = -1.7158251990E-01  7.3786899212E-01 -6.5277008918E-01
HessDelSqRho_EigVec2 =  6.9757499706E-01  5.5887922114E-01  4.4837834432E-01
HessDelSqRho_EigVec3 =  6.9566411604E-01 -3.7842220685E-01 -6.1061286509E-01
</CP of DelSqRho>
<CP of DelSqRho>
CP# = 56      
Type = (3,+1)
Coords =  5.03450032486970E-01 -2.73720122814191E-01  4.45436236425734E-01
DistFromNuc =  7.2563227246E-01
Rho =  1.7620700611E+00
DelSqRho = -1.4471179550E+01
GradDelSqRho =  4.3742787170E-14 -1.8207657604E-14  5.4733995114E-14
HessDelSqRho_EigVals = -8.6800533518E+01  1.8047806076E+02  1.8309456750E+03
HessDelSqRho_EigVec1 = -1.7207436736E-01  7.3802271961E-01  6.5246676347E-01
HessDelSqRho_EigVec2 = -6.9783509037E-01 -5.5881591144E-01  4.4805241185E-01
HessDelSqRho_EigVec3 =  6.9528166863E-01 -3.7821586754E-01  6.1117604567E-01
</CP of DelSqRho>
<CP of DelSqRho>
CP# = 57      
Type = (3,+1)
Coords = -4.97302572368216E-01 -2.84840095042220E-01  4.45008663727078E-01
DistFromNuc =  7.2563802274E-01
Rho =  1.7619628082E+00
DelSqRho = -1.4468901478E+01
GradDelSqRho = -9.2592600254E-14 -4.7351012000E-14  9.9587005309E-14
HessDelSqRho_EigVals = -8.6885828025E+01  1.8050202243E+02  1.8307956850E+03
HessDelSqRho_EigVec1 =  1.5537752784E-01  7.4143463273E-01  6.5278825758E-01
HessDelSqRho_EigVec2 =  7.0962494553E-01 -5.4348957090E-01  4.4838769274E-01
HessDelSqRho_EigVec3 =  6.8723377429E-01  3.9356546052E-01 -6.1058657680E-01
</CP of DelSqRho>
<CP of DelSqRho>
CP# = 58      
Type = (3,+1)
Coords =  4.97651909534857E-01  2.85567987922411E-01 -4.44320161607588E-01
DistFromNuc =  7.2563919843E-01
Rho =  1.7619330283E+00
DelSqRho = -1.4468531896E+01
GradDelSqRho = -1.4543921623E-14  7.2719608113E-15  8.9594998087E-14
HessDelSqRho_EigVals = -8.6920366611E+01  1.8052971646E+02  1.8307688888E+03
HessDelSqRho_EigVec1 =  1.5529564740E-01  7.4136838092E-01  6.5288298007E-01
HessDelSqRho_EigVec2 =  7.0960889285E-01 -5.4351205915E-01  4.4838583915E-01
HessDelSqRho_EigVec3 =  6.8726885648E-01  3.9365919948E-01 -6.1048665308E-01
</CP of DelSqRho>
<CP of DelSqRho>
CP# = 59      
Type = (3,+1)
Coords = -5.03164721132380E-01  2.74437728874629E-01 -4.44745045817660E-01
DistFromNuc =  7.2563373296E-01
Rho =  1.7620450799E+00
DelSqRho = -1.4470748163E+01
GradDelSqRho = -6.3837823916E-15 -2.2204460493E-14  5.9952043330E-15
HessDelSqRho_EigVals = -8.6831437047E+01  1.8049814906E+02  1.8309090267E+03
HessDelSqRho_EigVec1 = -1.7199286524E-01  7.3796169371E-01  6.5255727176E-01
HessDelSqRho_EigVec2 = -6.9780701579E-01 -5.5884264323E-01  4.4806279562E-01
HessDelSqRho_EigVec3 =  6.9533001015E-01 -3.7829543842E-01  6.1107179468E-01
</CP of DelSqRho>
<CP of DelSqRho>
CP# = 60      
Type = (3,+1)
Coords =  5.03758825747464E-01 -2.73915146855900E-01 -4.44352455192858E-01
DistFromNuc =  7.2563296383E-01
Rho =  1.7619912023E+00
DelSqRho = -1.4470175088E+01
GradDelSqRho = -1.5745738047E-13  4.9404924596E-14  1.4277468097E-13
HessDelSqRho_EigVals = -8.6907588427E+01  1.8054286972E+02  1.8309589063E+03
HessDelSqRho_EigVec1 = -1.7154152441E-01  7.3780455619E-01 -6.5285369132E-01
HessDelSqRho_EigVec2 =  6.9754612697E-01  5.5892386577E-01  4.4836760924E-01
HessDelSqRho_EigVec3 =  6.9570317388E-01 -3.7848190067E-01 -6.1053136260E-01
</CP of DelSqRho>
<CP of DelSqRho>
CP# = 61      
Type = (3,+1)
Coords = -4.97060431454361E-01 -2.84738925528130E-01 -4.44727706760468E-01
DistFromNuc =  7.2563728890E-01
Rho =  1.7620172004E+00
DelSqRho = -1.4469850736E+01
GradDelSqRho =  9.3813845581E-15  8.6597395921E-15  9.9920072216E-16
HessDelSqRho_EigVals = -8.6836525565E+01  1.8049319735E+02  1.8307945015E+03
HessDelSqRho_EigVec1 =  1.5578544538E-01  7.4154089942E-01 -6.5257029468E-01
HessDelSqRho_EigVec2 = -7.0985647146E-01  5.4344443375E-01  4.4807581652E-01
HessDelSqRho_EigVec3 =  6.8690223827E-01  3.9342755612E-01  6.1104833945E-01
</CP of DelSqRho>
<CP of DelSqRho>
CP# = 62      
Type = (3,+3)
Coords =  3.69833593596483E-01  4.35168415601650E-03  6.19568472170291E-01
DistFromNuc =  7.2121973874E-01
Rho =  1.8246227194E+00
DelSqRho = -1.6648066837E+01
GradDelSqRho =  3.5527136788E-14  7.2164496601E-16  1.0658141036E-14
HessDelSqRho_EigVals =  7.7215957353E+01  1.1541305508E+02  1.9382644365E+03
HessDelSqRho_EigVec1 =  8.5640236134E-01  8.9737173622E-03 -5.1623102181E-01
HessDelSqRho_EigVec2 = -1.0584321652E-02  9.9994396888E-01 -1.7671061461E-04
HessDelSqRho_EigVec3 =  5.1620051106E-01  5.6152905692E-03  8.5644935688E-01
</CP of DelSqRho>
<CP of DelSqRho>
CP# = 63      
Type = (3,+3)
