 AIMInt (Version 14.11.23, Professional)
 Portions Copyright (c) 1997-2014 by Todd A. Keith
 AIMInt is a component of the AIMAll package ( http://aim.tkgristmill.com )

 AIMInt is a heavily modified and extended version of the PROAIMV program
 developed by members of R.F.W. Bader's research group

 Much of the Quantum Theory of Atoms in Molecules (QTAIM) is described in the book:
   "Atoms in Molecules - A Quantum Theory"
   R.F.W. Bader, Oxford University Press, Oxford, 1990

 For additional references see:  http://aim.tkgristmill.com/references.html

 Inp File:  E:\Proyecto spin\estructuras hexahidratadas\estructuras hexahidratadas solas\nuevas\Co24_atomicfiles\co1.inp
 Wfx File:  E:\Proyecto spin\estructuras hexahidratadas\estructuras hexahidratadas solas\nuevas\Co24.wfx
 Out File:  E:\Proyecto spin\estructuras hexahidratadas\estructuras hexahidratadas solas\nuevas\Co24_atomicfiles\co1.int

 Wfx Title:   Co[H2O]6 (2+)                                                                 
 Job Title:   Co[H2O]6 (2+)                                                                 
 
<Atom>
Co1     
</Atom>
<Nuclei of Molecule>
    19
Co1       27.0          -4.5400541784E-08   1.2483945418E-07  -2.5182854376E-07
O2         8.0           3.9987202554E+00   5.9342133943E-02  -4.0414409763E-02
O3         8.0           5.8569803912E-02  -3.9048245994E+00   5.1424166375E-02
O4         8.0          -4.1595656370E-02  -4.9058634629E-02  -4.0480024183E+00
H5         1.0           9.3877076926E-02  -4.9522402612E+00   1.5425624844E+00
H6         1.0          -1.5187569815E+00  -9.4610135793E-02  -5.1121166547E+00
H7         1.0           1.4129423384E+00  -4.7948658678E-02  -5.1436447036E+00
H8         1.0           5.8783994854E-02  -4.9955650881E+00  -1.4086058915E+00
H9         1.0           5.0968910461E+00  -1.3938599501E+00  -3.3236877169E-02
H10        1.0           5.0522594425E+00   1.5448128196E+00  -8.2195088846E-02
O11        8.0          -3.9987203132E+00  -5.9341999476E-02   4.0415159419E-02
O12        8.0          -5.8569900989E-02   3.9048247360E+00  -5.1424292252E-02
O13        8.0           4.1595726148E-02   4.9059894193E-02   4.0480018518E+00
H14        1.0          -9.3877242106E-02   4.9522411624E+00  -1.5425620707E+00
H15        1.0           1.5187573128E+00   9.4609544884E-02   5.1121158071E+00
H16        1.0          -1.4129420662E+00   4.7948484438E-02   5.1436444076E+00
H17        1.0          -5.8784080173E-02   4.9955644019E+00   1.4086063948E+00
H18        1.0          -5.0968907833E+00   1.3938603247E+00   3.3235817613E-02
H19        1.0          -5.0522598712E+00  -1.5448124477E+00   8.2194679750E-02
</Nuclei of Molecule>
<Total Number of CPs of DelSqRho>
    97
</Total Number of CPs of DelSqRho>
<Number of (3,+3) CPs of DelSqRho>
    17
</Number of (3,+3) CPs of DelSqRho>
<Number of (3,+1) CPs of DelSqRho>
    32
</Number of (3,+1) CPs of DelSqRho>
<Number of (3,-1) CPs of DelSqRho>
    36
</Number of (3,-1) CPs of DelSqRho>
<Number of (3,-3) CPs of DelSqRho>
    12
</Number of (3,-3) CPs of DelSqRho>
<Number of Degenerate CPs of DelSqRho>
     0
</Number of Degenerate CPs of DelSqRho>
<CP of DelSqRho>
CP# = 1       
Type = (3,+3)
Coords = -4.54005417282855E-08  1.24839453857945E-07 -2.51828543978827E-07
DistFromNuc =  3.9151876152E-16
Rho =  1.3038423545E+04
DelSqRho = -2.1278095921E+09
GradDelSqRho = -4.6238008977E-09  5.1787749644E-09 -2.2644666586E-08
HessDelSqRho_EigVals =  1.4785589228E+15  1.4785589253E+15  1.4785589269E+15
HessDelSqRho_EigVec1 = -1.6300101217E-02  9.9983962431E-01 -7.4183802383E-03
HessDelSqRho_EigVec2 =  9.9986566014E-01  1.6286843883E-02 -1.8440136318E-03
HessDelSqRho_EigVec3 =  1.7228958960E-03  7.4474412630E-03  9.9997078320E-01
</CP of DelSqRho>
<CP of DelSqRho>
CP# = 2       
Type = (3,+1)
Coords =  1.48979456302503E-01  2.19945157668226E-03 -1.65632067815806E-03
DistFromNuc =  1.4900493794E-01
Rho =  1.2321857854E+02
DelSqRho = -8.4016793803E+03
GradDelSqRho = -2.6193447411E-10 -1.6370904632E-11  4.5474735089E-13
HessDelSqRho_EigVals = -9.2365490508E+04  9.7548994381E+03  1.8229025130E+07
HessDelSqRho_EigVec1 =  1.0816787315E-02  2.0053727311E-02  9.9974038887E-01
HessDelSqRho_EigVec2 = -1.4979079532E-02  9.9968994658E-01 -1.9890647900E-02
HessDelSqRho_EigVec3 =  9.9982929757E-01  1.4760037888E-02 -1.1113819909E-02
</CP of DelSqRho>
<CP of DelSqRho>
CP# = 3       
Type = (3,+1)
Coords = -1.48979547366408E-01 -2.19917994322270E-03  1.65582247759421E-03
DistFromNuc =  1.4900493794E-01
Rho =  1.2321857854E+02
DelSqRho = -8.4016793794E+03
GradDelSqRho =  5.8207660913E-11  2.8990143619E-12 -3.6379788071E-12
HessDelSqRho_EigVals = -9.2365491255E+04  9.7548992878E+03  1.8229025130E+07
HessDelSqRho_EigVec1 =  1.0816826354E-02  2.0053726484E-02  9.9974038846E-01
HessDelSqRho_EigVec2 = -1.4978932655E-02  9.9968994878E-01 -1.9890648130E-02
HessDelSqRho_EigVec3 =  9.9982929935E-01  1.4759890264E-02 -1.1113856002E-02
</CP of DelSqRho>
<CP of DelSqRho>
CP# = 4       
Type = (3,+1)
Coords = -2.21961514508127E-03  1.48969228537697E-01 -1.77991208658040E-03
DistFromNuc =  1.4899626686E-01
Rho =  1.2323497438E+02
DelSqRho = -8.4033215564E+03
GradDelSqRho =  5.4569682106E-12 -3.4924596548E-10 -1.0004441720E-11
HessDelSqRho_EigVals = -9.1253540748E+04  1.0044966222E+04  1.8235473527E+07
HessDelSqRho_EigVec1 =  1.1590674588E-02  1.2118940341E-02  9.9985938389E-01
HessDelSqRho_EigVec2 =  9.9982185362E-01  1.4756334275E-02 -1.1769095811E-02
HessDelSqRho_EigVec3 = -1.4896888266E-02  9.9981767432E-01 -1.1945745527E-02
</CP of DelSqRho>
<CP of DelSqRho>
CP# = 5       
Type = (3,+1)
Coords =  2.21952411160652E-03 -1.48968978883529E-01  1.77940788258921E-03
DistFromNuc =  1.4899626687E-01
Rho =  1.2323497436E+02
DelSqRho = -8.4033215475E+03
GradDelSqRho = -7.2759576142E-12  2.9103830457E-10  1.8189894035E-12
HessDelSqRho_EigVals = -9.1253546294E+04  1.0044967802E+04  1.8235473509E+07
HessDelSqRho_EigVec1 =  1.1590673448E-02  1.2118936740E-02  9.9985938394E-01
HessDelSqRho_EigVec2 =  9.9982185366E-01  1.4756332760E-02 -1.1769094599E-02
HessDelSqRho_EigVec3 = -1.4896886696E-02  9.9981767439E-01 -1.1945741961E-02
</CP of DelSqRho>
<CP of DelSqRho>
CP# = 6       
Type = (3,-1)
Coords =  1.64768105760954E-03  2.11666374221424E-03  1.48977779160431E-01
DistFromNuc =  1.4900217601E-01
Rho =  1.2320862114E+02
DelSqRho = -8.2431565065E+03
GradDelSqRho =  9.0949470177E-13  2.0008883439E-11  0.0000000000E+00
HessDelSqRho_EigVals = -1.2092410305E+05 -1.2010711153E+05  1.8214029704E+07
HessDelSqRho_EigVec1 =  9.9979046921E-01  1.7067773284E-02 -1.1300831788E-02
HessDelSqRho_EigVec2 =  1.7225536834E-02 -9.9975342270E-01  1.4013375095E-02
HessDelSqRho_EigVec3 =  1.1058868150E-02  1.4205101756E-02  9.9983794513E-01
</CP of DelSqRho>
<CP of DelSqRho>
CP# = 7       
Type = (3,-1)
Coords = -1.64777151304718E-03 -2.11641135771149E-03 -1.48978282880646E-01
DistFromNuc =  1.4900217603E-01
Rho =  1.2320862110E+02
DelSqRho = -8.2431564867E+03
GradDelSqRho =  2.2737367544E-12 -1.8189894035E-12  2.3283064365E-10
HessDelSqRho_EigVals = -1.2092411301E+05 -1.2010711352E+05  1.8214029676E+07
HessDelSqRho_EigVec1 =  9.9979047227E-01  1.7067597116E-02 -1.1300826739E-02
HessDelSqRho_EigVec2 =  1.7225360424E-02 -9.9975342596E-01  1.4013359221E-02
HessDelSqRho_EigVec3 =  1.1058865879E-02  1.4205083847E-02  9.9983794541E-01
</CP of DelSqRho>
<CP of DelSqRho>
CP# = 8       
Type = (3,-3)
Coords =  2.94792820413652E-03  3.78104184240502E-03  2.66604352427067E-01
DistFromNuc =  2.6664770933E-01
Rho =  2.9468165742E+01
DelSqRho =  2.7362346572E+03
GradDelSqRho = -5.4711790654E-13  2.4158453016E-13 -1.8189894035E-11
HessDelSqRho_EigVals = -9.9511882107E+05 -3.0920970860E+04 -3.0675990136E+04
HessDelSqRho_EigVec1 =  1.1056953506E-02  1.4182553414E-02  9.9983828640E-01
HessDelSqRho_EigVec2 =  9.9980129636E-01  1.6429029438E-02 -1.1289587717E-02
HessDelSqRho_EigVec3 = -1.6586487821E-02  9.9976444334E-01 -1.3998080274E-02
</CP of DelSqRho>
<CP of DelSqRho>
CP# = 9       
Type = (3,-3)
Coords = -2.94801899471584E-03 -3.78079160347897E-03 -2.66604856053997E-01
DistFromNuc =  2.6664770929E-01
Rho =  2.9468165758E+01
DelSqRho =  2.7362346570E+03
GradDelSqRho = -2.0605739337E-13 -1.1795009414E-12  4.7748471843E-12
HessDelSqRho_EigVals = -9.9511882133E+05 -3.0920971037E+04 -3.0675990170E+04
HessDelSqRho_EigVec1 =  1.1056953411E-02  1.4182550619E-02  9.9983828644E-01
HessDelSqRho_EigVec2 =  9.9980129649E-01  1.6429021859E-02 -1.1289587469E-02
HessDelSqRho_EigVec3 = -1.6586480210E-02  9.9976444351E-01 -1.3998077567E-02
</CP of DelSqRho>
<CP of DelSqRho>
CP# = 10      
Type = (3,-1)
Coords =  2.67112806207228E-01  3.93515559534034E-03 -2.97093758635110E-03
DistFromNuc =  2.6715835180E-01
Rho =  2.9290737104E+01
DelSqRho =  2.6302413025E+03
GradDelSqRho = -2.0918378141E-11  5.0874859880E-12  1.3500311979E-12
HessDelSqRho_EigVals = -9.8121396811E+05 -2.4807099209E+04  2.5518728671E+03
HessDelSqRho_EigVec1 =  9.9982970702E-01  1.4728898404E-02 -1.1118296601E-02
HessDelSqRho_EigVec2 =  1.0824032484E-02  1.9909975954E-02  9.9974318361E-01
HessDelSqRho_EigVec3 = -1.4946480799E-02  9.9969327917E-01 -1.9747159350E-02
</CP of DelSqRho>
<CP of DelSqRho>
CP# = 11      
Type = (3,-1)
Coords =  1.04565033032832E-01  1.06094317836038E-01 -2.90965590981583E-03
DistFromNuc =  1.4899093277E-01
Rho =  1.2320122938E+02
DelSqRho = -8.3750190279E+03
GradDelSqRho = -1.4551915228E-10  4.3655745685E-11 -2.0463630790E-12
HessDelSqRho_EigVals = -9.6774442105E+04 -9.8993788402E+03  1.8240869006E+07
HessDelSqRho_EigVec1 =  1.5242004365E-02  1.2392952762E-02  9.9980702939E-01
HessDelSqRho_EigVec2 =  7.1223305056E-01 -7.0193976117E-01 -2.1571692338E-03
HessDelSqRho_EigVec3 =  7.0177757373E-01  7.1212849010E-01 -1.9525639454E-02
</CP of DelSqRho>
<CP of DelSqRho>
CP# = 12      
Type = (3,-1)
Coords =  1.07689623892966E-01 -1.02961042977039E-01  4.78043376299459E-04
DistFromNuc =  1.4899092495E-01
Rho =  1.2320126968E+02
DelSqRho = -8.3750225622E+03
GradDelSqRho =  2.9103830457E-11 -9.4587448984E-11 -2.2737367544E-12
HessDelSqRho_EigVals = -9.6770728464E+04 -9.8976262432E+03  1.8240868571E+07
HessDelSqRho_EigVec1 =  6.5796043250E-03  1.1525764251E-02  9.9991192890E-01
HessDelSqRho_EigVec2 =  6.9107763970E-01  7.2266580642E-01 -1.2877427274E-02
HessDelSqRho_EigVec3 =  7.2275058264E-01 -6.9110150412E-01  3.2103428892E-03
</CP of DelSqRho>
<CP of DelSqRho>
CP# = 13      
Type = (3,-1)
Coords = -1.04565125063392E-01 -1.06094066898076E-01  2.90915474446414E-03
DistFromNuc =  1.4899093278E-01
Rho =  1.2320122934E+02
DelSqRho = -8.3750190134E+03
GradDelSqRho =  1.7462298274E-10 -1.1641532183E-10  6.1390892370E-12
HessDelSqRho_EigVals = -9.6774447602E+04 -9.8993808428E+03  1.8240868986E+07
HessDelSqRho_EigVec1 =  1.5242048516E-02  1.2392932407E-02  9.9980702897E-01
HessDelSqRho_EigVec2 =  7.1223304153E-01 -7.0193977019E-01 -2.1572147277E-03
HessDelSqRho_EigVec3 =  7.0177758194E-01  7.1212848156E-01 -1.9525655974E-02
</CP of DelSqRho>
<CP of DelSqRho>
CP# = 14      
Type = (3,+3)
Coords =  5.90242012015138E-05  1.13695240935850E-01  9.64602580459917E-02
DistFromNuc =  1.4910135103E-01
Rho =  1.2349043186E+02
DelSqRho = -8.6208843050E+03
GradDelSqRho = -2.7284841053E-12 -2.1827872843E-10 -2.9103830457E-10
HessDelSqRho_EigVals =  4.4675394162E+03  1.0341136631E+05  1.8134658100E+07
HessDelSqRho_EigVec1 =  9.9990494282E-01  8.6146614848E-03 -1.0765357496E-02
HessDelSqRho_EigVec2 =  1.3782356539E-02 -6.4656606297E-01  7.6273348744E-01
HessDelSqRho_EigVec3 =  3.8982401530E-04  7.6280935615E-01  6.4662333256E-01
</CP of DelSqRho>
<CP of DelSqRho>
CP# = 15      
Type = (3,+3)
Coords =  3.19979285261939E-03 -1.11046321516234E-01  9.94477362546574E-02
DistFromNuc =  1.4910216144E-01
Rho =  1.2349173341E+02
DelSqRho = -8.6232747635E+03
GradDelSqRho =  2.3874235922E-12  7.2759576142E-11 -1.1641532183E-10
HessDelSqRho_EigVals =  6.2352190699E+03  1.0386498298E+05  1.8134042304E+07
HessDelSqRho_EigVec1 =  9.9976012598E-01  1.8905633729E-02 -1.1057463852E-02
HessDelSqRho_EigVec2 = -4.3653410143E-03  6.6674110716E-01  7.4527661966E-01
HessDelSqRho_EigVec3 = -2.1462392489E-02  7.4504957757E-01 -6.6666370283E-01
</CP of DelSqRho>
<CP of DelSqRho>
CP# = 16      
Type = (3,+3)
Coords = -3.19988904178043E-03  1.11046573255274E-01 -9.94482374536472E-02
DistFromNuc =  1.4910216145E-01
Rho =  1.2349173337E+02
DelSqRho = -8.6232747432E+03
GradDelSqRho = -1.1823431123E-11  6.5483618528E-11 -2.0372681320E-10
HessDelSqRho_EigVals =  6.2352115945E+03  1.0386497831E+05  1.8134042287E+07
HessDelSqRho_EigVec1 =  9.9976012503E-01  1.8905687640E-02 -1.1057457722E-02
HessDelSqRho_EigVec2 = -4.3653810479E-03  6.6674108995E-01  7.4527663483E-01
HessDelSqRho_EigVec3 = -2.1462428677E-02  7.4504959160E-01 -6.6666368598E-01
</CP of DelSqRho>
<CP of DelSqRho>
CP# = 17      
Type = (3,+3)
Coords = -5.91182345988725E-05 -1.13694990673841E-01 -9.64607624040149E-02
DistFromNuc =  1.4910135104E-01
Rho =  1.2349043186E+02
DelSqRho = -8.6208843084E+03
GradDelSqRho = -9.0949470177E-13 -1.5279510990E-10 -1.7462298274E-10
HessDelSqRho_EigVals =  4.4675365348E+03  1.0341137075E+05  1.8134658092E+07
HessDelSqRho_EigVec1 =  9.9990494316E-01  8.6146289054E-03 -1.0765352500E-02
HessDelSqRho_EigVec2 =  1.3782331658E-02 -6.4656606815E-01  7.6273348350E-01
HessDelSqRho_EigVec3 =  3.8984572400E-04  7.6280935212E-01  6.4662333730E-01
</CP of DelSqRho>
<CP of DelSqRho>
CP# = 18      
Type = (3,+3)
Coords =  1.13097087932371E-01  8.75281455381296E-03  9.67753603516110E-02
DistFromNuc =  1.4910764655E-01
Rho =  1.2348462077E+02
DelSqRho = -8.6237908487E+03
GradDelSqRho = -2.9103830457E-11  1.4551915228E-11  0.0000000000E+00
HessDelSqRho_EigVals =  5.8234756158E+03  1.0470646733E+05  1.8129838141E+07
HessDelSqRho_EigVec1 = -6.8319220302E-02  9.9760940158E-01 -1.0390669562E-02
HessDelSqRho_EigVec2 = -6.4781610128E-01 -3.6438883822E-02  7.6092477071E-01
HessDelSqRho_EigVec3 =  7.5872708075E-01  5.8717030089E-02  6.4875690926E-01
</CP of DelSqRho>
<CP of DelSqRho>
CP# = 19      
Type = (3,+3)
Coords = -1.11114340773846E-01  5.27818992551316E-03  9.92916581759632E-02
DistFromNuc =  1.4910777310E-01
Rho =  1.2348446511E+02
DelSqRho = -8.6239650408E+03
GradDelSqRho =  5.8207660913E-11  0.0000000000E+00 -1.1641532183E-10
HessDelSqRho_EigVals =  5.9681859610E+03  1.0473637017E+05  1.8129757407E+07
HessDelSqRho_EigVec1 =  3.7031969135E-02  9.9924581106E-01 -1.1680854036E-02
HessDelSqRho_EigVec2 =  6.6554886750E-01 -1.5942542589E-02  7.4618398556E-01
HessDelSqRho_EigVec3 =  7.4543499934E-01 -3.5406841497E-02 -6.6563730164E-01
</CP of DelSqRho>
<CP of DelSqRho>
CP# = 20      
Type = (3,+3)
Coords =  1.11114251623275E-01 -5.27794048438267E-03 -9.92921599592591E-02
DistFromNuc =  1.4910777309E-01
Rho =  1.2348446516E+02
DelSqRho = -8.6239650637E+03
GradDelSqRho = -5.8207660913E-11  3.6379788071E-12  5.8207660913E-11
HessDelSqRho_EigVals =  5.9681910526E+03  1.0473637719E+05  1.8129757425E+07
HessDelSqRho_EigVec1 =  3.7031994850E-02  9.9924581042E-01 -1.1680827115E-02
HessDelSqRho_EigVec2 =  6.6554885339E-01 -1.5942579169E-02  7.4618399736E-01
HessDelSqRho_EigVec3 =  7.4543501065E-01 -3.5406843040E-02 -6.6563728889E-01
</CP of DelSqRho>
<CP of DelSqRho>
CP# = 21      
Type = (3,+3)
Coords = -1.13097180196629E-01 -8.75256188899266E-03 -9.67758625480471E-02
DistFromNuc =  1.4910764653E-01
Rho =  1.2348462082E+02
DelSqRho = -8.6237908752E+03
GradDelSqRho =  5.8207660913E-11  1.4551915228E-11  5.8207660913E-11
HessDelSqRho_EigVals =  5.8234808231E+03  1.0470647553E+05  1.8129838164E+07
HessDelSqRho_EigVec1 = -6.8319213784E-02  9.9760940228E-01 -1.0390645443E-02
HessDelSqRho_EigVec2 = -6.4781609020E-01 -3.6438897111E-02  7.6092477950E-01
HessDelSqRho_EigVec3 =  7.5872709080E-01  5.8717009990E-02  6.4875689933E-01
</CP of DelSqRho>
<CP of DelSqRho>
CP# = 22      
Type = (3,-1)
Coords =  4.34360659180380E-01  4.33318436747612E-01 -1.19786462142436E-02
DistFromNuc =  6.1365907722E-01
Rho =  3.5223729883E+00
DelSqRho = -1.9643678936E+01
GradDelSqRho = -2.8421709430E-14 -9.5923269328E-14 -1.3322676296E-15
HessDelSqRho_EigVals = -7.2782083125E+02 -6.5279174687E+01  5.2572853137E+03
HessDelSqRho_EigVec1 =  1.4969799354E-02  1.2610267760E-02  9.9980842478E-01
HessDelSqRho_EigVec2 = -7.0638169438E-01  7.0782920491E-01  1.6487922976E-03
HessDelSqRho_EigVec3 =  7.0767281066E-01  7.0627105124E-01 -1.9503723481E-02
</CP of DelSqRho>
<CP of DelSqRho>
CP# = 23      
Type = (3,-1)
Coords = -1.07689714478966E-01  1.02961292869656E-01 -4.78544357308883E-04
DistFromNuc =  1.4899092493E-01
Rho =  1.2320126972E+02
DelSqRho = -8.3750225763E+03
GradDelSqRho = -1.7462298274E-10 -1.5279510990E-10 -1.3642420527E-12
HessDelSqRho_EigVals = -9.6770723920E+04 -9.8976241012E+03  1.8240868593E+07
HessDelSqRho_EigVec1 =  6.5796488625E-03  1.1525785122E-02  9.9991192837E-01
HessDelSqRho_EigVec2 =  6.9107764073E-01  7.2266580462E-01 -1.2877473132E-02
HessDelSqRho_EigVec3 =  7.2275058125E-01 -6.9110150565E-01  3.2103251505E-03
</CP of DelSqRho>
<CP of DelSqRho>
CP# = 24      
Type = (3,-1)
Coords = -4.34360745899630E-01 -4.33318190708273E-01  1.19781392267512E-02
DistFromNuc =  6.1365907683E-01
Rho =  3.5223729951E+00
DelSqRho = -1.9643679232E+01
GradDelSqRho =  2.5579538487E-13  1.3500311979E-13 -1.6875389974E-14
HessDelSqRho_EigVals = -7.2782082345E+02 -6.5279171945E+01  5.2572853468E+03
HessDelSqRho_EigVec1 =  1.4969788469E-02  1.2610271900E-02  9.9980842489E-01
HessDelSqRho_EigVec2 = -7.0638170052E-01  7.0782919881E-01  1.6487818453E-03
HessDelSqRho_EigVec3 =  7.0767280476E-01  7.0627105728E-01 -1.9503718687E-02
</CP of DelSqRho>
<CP of DelSqRho>
CP# = 25      
Type = (3,+1)
Coords = -1.97199286943991E-01  9.63492008501351E-03  1.81116340416749E-01
DistFromNuc =  2.6792459785E-01
Rho =  2.9834150477E+01
DelSqRho =  2.4327040099E+03
GradDelSqRho =  2.2737367544E-12  7.9580786405E-13 -4.5474735089E-12
HessDelSqRho_EigVals = -9.6366429419E+05  1.5298304486E+03  2.7237171734E+04
HessDelSqRho_EigVec1 =  7.3581024477E-01 -3.5966604937E-02 -6.7623197722E-01
HessDelSqRho_EigVec2 =  3.7987833643E-02  9.9920841094E-01 -1.1809996072E-02
HessDelSqRho_EigVec3 =  6.7612144485E-01 -1.6998671754E-02  7.3659407884E-01
</CP of DelSqRho>
<CP of DelSqRho>
CP# = 26      
Type = (3,+1)
Coords =  1.97199196192496E-01 -9.63467469565235E-03 -1.81116843941675E-01
DistFromNuc =  2.6792459795E-01
Rho =  2.9834150442E+01
DelSqRho =  2.4327040075E+03
GradDelSqRho = -1.7280399334E-11  7.6738615462E-13 -4.0927261580E-12
HessDelSqRho_EigVals = -9.6366429237E+05  1.5298305311E+03  2.7237171856E+04
HessDelSqRho_EigVec1 =  7.3581024439E-01 -3.5966620804E-02 -6.7623197679E-01
HessDelSqRho_EigVec2 =  3.7987858094E-02  9.9920841005E-01 -1.1809992894E-02
HessDelSqRho_EigVec3 =  6.7612144389E-01 -1.6998690615E-02  7.3659407928E-01
</CP of DelSqRho>
<CP of DelSqRho>
CP# = 27      
Type = (3,-1)
Coords = -2.67112896991056E-01 -3.93490585886246E-03  2.97043482977338E-03
DistFromNuc =  2.6715835179E-01
Rho =  2.9290737107E+01
DelSqRho =  2.6302413027E+03
GradDelSqRho = -3.5470293369E-11  7.1054273576E-13  2.0961010705E-13
HessDelSqRho_EigVals = -9.8121396830E+05 -2.4807099224E+04  2.5518728623E+03
HessDelSqRho_EigVec1 =  9.9982970697E-01  1.4728898437E-02 -1.1118301060E-02
HessDelSqRho_EigVec2 =  1.0824036942E-02  1.9909975936E-02  9.9974318356E-01
HessDelSqRho_EigVec3 = -1.4946480920E-02  9.9969327917E-01 -1.9747159265E-02
</CP of DelSqRho>
<CP of DelSqRho>
CP# = 28      
Type = (3,-1)
Coords = -3.98891765356179E-03  2.67087866096302E-01 -3.21691016637594E-03
DistFromNuc =  2.6713689285E-01
Rho =  2.9303805305E+01
DelSqRho =  2.6300690209E+03
GradDelSqRho =  1.0231815395E-12 -7.2759576142E-12 -1.7053025658E-13
HessDelSqRho_EigVals = -9.8182616253E+05 -2.4559425018E+04  2.5605639908E+03
HessDelSqRho_EigVec1 = -1.4932218780E-02  9.9981605049E-01 -1.2037193759E-02
HessDelSqRho_EigVec2 =  1.1577447230E-02  1.2210612667E-02  9.9985842180E-01
HessDelSqRho_EigVec3 =  9.9982147984E-01  1.4790744728E-02 -1.1757649104E-02
</CP of DelSqRho>
<CP of DelSqRho>
CP# = 29      
Type = (3,-1)
Coords =  3.98882719951104E-03 -2.67087616415165E-01  3.21640664303273E-03
DistFromNuc =  2.6713689286E-01
Rho =  2.9303805304E+01
DelSqRho =  2.6300690198E+03
GradDelSqRho =  4.5474735089E-13  1.4551915228E-11 -1.7053025658E-13
HessDelSqRho_EigVals = -9.8182616202E+05 -2.4559425094E+04  2.5605640371E+03
HessDelSqRho_EigVec1 = -1.4932220068E-02  9.9981605046E-01 -1.2037194260E-02
HessDelSqRho_EigVec2 =  1.1577447127E-02  1.2210613181E-02  9.9985842180E-01
HessDelSqRho_EigVec3 =  9.9982147983E-01  1.4790746011E-02 -1.1757649024E-02
</CP of DelSqRho>
<CP of DelSqRho>
CP# = 30      
Type = (3,+1)
Coords =  2.54595337717972E-04  2.01764723886804E-01  1.76239481382131E-01
DistFromNuc =  2.6789823037E-01
Rho =  2.9836380505E+01
DelSqRho =  2.4358732150E+03
GradDelSqRho =  7.1054273576E-15  1.4551915228E-11  5.4569682106E-12
HessDelSqRho_EigVals = -9.6434892020E+05  1.0710006983E+03  2.6920706265E+04
HessDelSqRho_EigVec1 =  9.5377357398E-04  7.5298308111E-01  6.5803918567E-01
HessDelSqRho_EigVec2 =  9.9990911977E-01  8.1310567102E-03 -1.0753516178E-02
HessDelSqRho_EigVec3 =  1.3447769681E-02 -6.5798963934E-01  7.5290689465E-01
</CP of DelSqRho>
<CP of DelSqRho>
CP# = 31      
Type = (3,+1)
Coords =  5.79866490754174E-03 -1.96944864946119E-01  1.81529826256040E-01
DistFromNuc =  2.6790693028E-01
Rho =  2.9837990450E+01
DelSqRho =  2.4339762323E+03
GradDelSqRho = -1.1937117961E-12 -7.2759576142E-12  0.0000000000E+00
HessDelSqRho_EigVals = -9.6413278522E+05  1.5276870021E+03  2.7027373600E+04
HessDelSqRho_EigVec1 = -2.1644093427E-02  7.3496451688E-01 -6.7776005499E-01
HessDelSqRho_EigVec2 =  9.9975364899E-01  1.9245122342E-02 -1.1057422583E-02
HessDelSqRho_EigVec3 = -4.9167619303E-03  6.7783241601E-01  7.3520000086E-01
</CP of DelSqRho>
<CP of DelSqRho>
CP# = 32      
Type = (3,+1)
Coords = -5.79875571901625E-03  1.96945114627245E-01 -1.81530329793883E-01
DistFromNuc =  2.6790693020E-01
Rho =  2.9837990479E+01
DelSqRho =  2.4339762338E+03
GradDelSqRho = -5.6843418861E-14 -2.0008883439E-11  2.1827872843E-11
HessDelSqRho_EigVals = -9.6413278653E+05  1.5276868491E+03  2.7027373564E+04
HessDelSqRho_EigVec1 = -2.1644093423E-02  7.3496451681E-01 -6.7776005507E-01
HessDelSqRho_EigVec2 =  9.9975364899E-01  1.9245122503E-02 -1.1057422404E-02
HessDelSqRho_EigVec3 = -4.9167621733E-03  6.7783241608E-01  7.3520000079E-01
</CP of DelSqRho>
<CP of DelSqRho>
CP# = 33      
Type = (3,+1)
Coords = -2.54685648937400E-04 -2.01764474181307E-01 -1.76239985159259E-01
DistFromNuc =  2.6789823042E-01
Rho =  2.9836380486E+01
DelSqRho =  2.4358732127E+03
GradDelSqRho = -5.6843418861E-14  0.0000000000E+00  0.0000000000E+00
HessDelSqRho_EigVals = -9.6434891877E+05  1.0710006794E+03  2.6920706354E+04
HessDelSqRho_EigVec1 =  9.5377173304E-04  7.5298308094E-01  6.5803918586E-01
HessDelSqRho_EigVec2 =  9.9990911975E-01  8.1310592351E-03 -1.0753516265E-02
HessDelSqRho_EigVec3 =  1.3447771407E-02 -6.5798963950E-01  7.5290689448E-01
</CP of DelSqRho>
<CP of DelSqRho>
CP# = 34      
Type = (3,+1)
Coords =  2.00818850670332E-01  1.57909822785000E-02  1.76650609704624E-01
DistFromNuc =  2.6792369637E-01
Rho =  2.9834402460E+01
DelSqRho =  2.4328418060E+03
GradDelSqRho = -1.5916157281E-11 -3.4106051316E-13  1.8189894035E-12
HessDelSqRho_EigVals = -9.6368894847E+05  1.4924278296E+03  2.7230263469E+04
HessDelSqRho_EigVec1 =  7.4932771119E-01  5.8936709350E-02  6.5957141049E-01
HessDelSqRho_EigVec2 = -6.9210597352E-02  9.9754672947E-01 -1.0507888978E-02
HessDelSqRho_EigVec3 = -6.5857260379E-01 -3.7775478919E-02  7.5156845246E-01
</CP of DelSqRho>
<CP of DelSqRho>
CP# = 35      
Type = (3,+1)
Coords = -2.00818941333946E-01 -1.57907367096459E-02 -1.76651113312263E-01
DistFromNuc =  2.6792369648E-01
Rho =  2.9834402423E+01
DelSqRho =  2.4328418038E+03
GradDelSqRho =  2.1827872843E-11  8.5265128291E-13  6.3664629124E-12
HessDelSqRho_EigVals = -9.6368894667E+05  1.4924279045E+03  2.7230263602E+04
HessDelSqRho_EigVec1 =  7.4932771017E-01  5.8936724565E-02  6.5957141028E-01
HessDelSqRho_EigVec2 = -6.9210620742E-02  9.9754672789E-01 -1.0507885385E-02
HessDelSqRho_EigVec3 = -6.5857260248E-01 -3.7775497035E-02  7.5156845269E-01
</CP of DelSqRho>
<CP of DelSqRho>
CP# = 36      
Type = (3,-3)
Coords =  1.86174093905723E-01  1.91388627678535E-01 -5.20417318528216E-03
DistFromNuc =  2.6705327177E-01
Rho =  2.9255687882E+01
DelSqRho =  2.6529684018E+03
GradDelSqRho =  3.6379788071E-12 -1.8189894035E-12 -8.5265128291E-14
HessDelSqRho_EigVals = -9.8379311606E+05 -2.5990154428E+04 -2.5593924395E+03
HessDelSqRho_EigVec1 =  6.9708282880E-01  7.1672580087E-01 -1.9484767382E-02
HessDelSqRho_EigVec2 =  1.5167714381E-02  1.2428557111E-02  9.9980771722E-01
HessDelSqRho_EigVec3 =  7.1683015438E-01 -6.9724433116E-01 -2.2073584880E-03
</CP of DelSqRho>
<CP of DelSqRho>
CP# = 37      
Type = (3,-3)
Coords = -1.91811888889494E-01  1.85808829109925E-01 -8.74560427541486E-04
DistFromNuc =  2.6705321998E-01
Rho =  2.9255785341E+01
DelSqRho =  2.6529596086E+03
GradDelSqRho = -7.2759576142E-12 -1.6370904632E-11  1.4210854715E-14
HessDelSqRho_EigVals = -9.8379447342E+05 -2.5989031595E+04 -2.5586191141E+03
HessDelSqRho_EigVec1 =  7.1819547452E-01 -6.9583369723E-01  3.2750840033E-03
HessDelSqRho_EigVec2 =  6.6761575206E-03  1.1596990661E-02  9.9991046536E-01
HessDelSqRho_EigVec3 =  6.9580937713E-01  7.1810930617E-01 -1.2974401582E-02
</CP of DelSqRho>
<CP of DelSqRho>
CP# = 38      
Type = (3,-3)
Coords =  1.91811799087691E-01 -1.85808578369516E-01  8.74057247956518E-04
DistFromNuc =  2.6705321996E-01
Rho =  2.9255785349E+01
DelSqRho =  2.6529596081E+03
GradDelSqRho = -1.8189894035E-12  5.4569682106E-12 -2.5579538487E-13
HessDelSqRho_EigVals = -9.8379447334E+05 -2.5989031665E+04 -2.5586191292E+03
HessDelSqRho_EigVec1 =  7.1819547837E-01 -6.9583369325E-01  3.2750863493E-03
HessDelSqRho_EigVec2 =  6.6761537126E-03  1.1596990205E-02  9.9991046539E-01
HessDelSqRho_EigVec3 =  6.9580937319E-01  7.1810931004E-01 -1.2974398623E-02
</CP of DelSqRho>
<CP of DelSqRho>
CP# = 39      
Type = (3,-3)
Coords = -1.86174186169440E-01 -1.91388376525164E-01  5.20367000618838E-03
DistFromNuc =  2.6705327174E-01
Rho =  2.9255687893E+01
DelSqRho =  2.6529684016E+03
GradDelSqRho = -5.4569682106E-12 -1.8189894035E-12 -8.5265128291E-14
HessDelSqRho_EigVals = -9.8379311621E+05 -2.5990154519E+04 -2.5593924584E+03
HessDelSqRho_EigVec1 =  6.9708283443E-01  7.1672579533E-01 -1.9484769699E-02
HessDelSqRho_EigVec2 =  1.5167718081E-02  1.2428556721E-02  9.9980771717E-01
HessDelSqRho_EigVec3 =  7.1683014883E-01 -6.9724433686E-01 -2.2073612580E-03
</CP of DelSqRho>
<CP of DelSqRho>
CP# = 40      
Type = (3,-1)
Coords =  1.26834463882003E-01  1.55228368478910E-01  1.77706027613061E-01
DistFromNuc =  2.6788490462E-01
Rho =  2.9829870905E+01
DelSqRho =  2.4400640023E+03
GradDelSqRho = -2.7284841053E-12  5.4569682106E-12 -8.6401996668E-12
HessDelSqRho_EigVals = -9.6466300361E+05 -1.1822053969E+03  2.7859187504E+04
HessDelSqRho_EigVec1 =  4.7330873553E-01  5.7936298797E-01  6.6356414087E-01
HessDelSqRho_EigVec2 =  7.7049355784E-01 -6.3740991825E-01  6.9479089083E-03
HessDelSqRho_EigVec3 =  4.2698772605E-01  5.0798338977E-01 -7.4808713230E-01
</CP of DelSqRho>
<CP of DelSqRho>
CP# = 41      
Type = (3,-1)
Coords = -1.26594552085955E-01  1.52085393499505E-01  1.80570845389767E-01
DistFromNuc =  2.6788433925E-01
Rho =  2.9829369000E+01
DelSqRho =  2.4402260574E+03
GradDelSqRho = -7.2759576142E-12  5.4569682106E-12  1.0459189070E-11
HessDelSqRho_EigVals = -9.6467498686E+05 -1.2104850534E+03  2.7845147963E+04
HessDelSqRho_EigVec1 = -4.7240679827E-01  5.6763665316E-01  6.7425547601E-01
HessDelSqRho_EigVec2 = -7.5403015674E-01 -6.5639027373E-01  2.4296734076E-02
HessDelSqRho_EigVec3 = -4.5636645328E-01  4.9693101991E-01 -7.3809838218E-01
</CP of DelSqRho>
<CP of DelSqRho>
CP# = 42      
Type = (3,-1)
Coords =  1.43618628973052E-01 -1.34317205871629E-01  1.81913916481238E-01
DistFromNuc =  2.6788100640E-01
Rho =  2.9826331606E+01
DelSqRho =  2.4413723637E+03
GradDelSqRho = -9.0949470177E-13 -3.6379788071E-12  6.8212102633E-12
HessDelSqRho_EigVals = -9.6474850053E+05 -1.5202032444E+03  2.7826674695E+04
HessDelSqRho_EigVec1 =  5.3595731710E-01 -5.0132189507E-01  6.7928352826E-01
HessDelSqRho_EigVec2 =  6.9366939570E-01  7.2011915087E-01 -1.5848596985E-02
HessDelSqRho_EigVec3 = -4.8121982890E-01  4.7969236608E-01  7.3370478409E-01
</CP of DelSqRho>
<CP of DelSqRho>
CP# = 43      
Type = (3,-1)
Coords = -1.34666078832434E-01 -1.39177010304138E-01  1.85080400980356E-01
DistFromNuc =  2.6788068902E-01
Rho =  2.9825781704E+01
DelSqRho =  2.4415005218E+03
GradDelSqRho =  5.4569682106E-12  1.2732925825E-11 -1.1368683772E-11
HessDelSqRho_EigVals = -9.6475427114E+05 -1.5451306326E+03  2.7819634821E+04
HessDelSqRho_EigVec1 = -5.0253576555E-01 -5.1945900983E-01  6.9110067389E-01
HessDelSqRho_EigVec2 =  7.1845692213E-01 -6.9557134634E-01 -3.9140963194E-04
HessDelSqRho_EigVec3 =  4.8091314745E-01  4.9632936570E-01  7.2275840040E-01
</CP of DelSqRho>
<CP of DelSqRho>
CP# = 44      
Type = (3,-1)
Coords =  1.34665980335382E-01  1.39177267654072E-01 -1.85080904469633E-01
DistFromNuc =  2.6788068902E-01
Rho =  2.9825781704E+01
DelSqRho =  2.4415005217E+03
GradDelSqRho = -3.6379788071E-12  9.0949470177E-12  1.8189894035E-12
HessDelSqRho_EigVals = -9.6475427112E+05 -1.5451306403E+03  2.7819634821E+04
HessDelSqRho_EigVec1 = -5.0253573596E-01 -5.1945903870E-01  6.9110067371E-01
HessDelSqRho_EigVec2 =  7.1845695784E-01 -6.9557130944E-01 -3.9141574541E-04
HessDelSqRho_EigVec3 =  4.8091312501E-01  4.9632938720E-01  7.2275840057E-01
</CP of DelSqRho>
<CP of DelSqRho>
CP# = 45      
Type = (3,-1)
Coords = -1.43618712477760E-01  1.34317463303200E-01 -1.81914420189853E-01
DistFromNuc =  2.6788100641E-01
Rho =  2.9826331602E+01
DelSqRho =  2.4413723636E+03
GradDelSqRho =  5.4569682106E-12 -6.8212102633E-12  5.4569682106E-12
HessDelSqRho_EigVals = -9.6474850042E+05 -1.5202032494E+03  2.7826674708E+04
HessDelSqRho_EigVec1 =  5.3595728901E-01 -5.0132192430E-01  6.7928352885E-01
HessDelSqRho_EigVec2 =  6.9366943193E-01  7.2011911608E-01 -1.5848591572E-02
HessDelSqRho_EigVec3 = -4.8121980794E-01  4.7969238775E-01  7.3370478367E-01
</CP of DelSqRho>
<CP of DelSqRho>
CP# = 46      
Type = (3,-1)
Coords =  1.26594460112837E-01 -1.52085144905858E-01 -1.80571349070555E-01
DistFromNuc =  2.6788433933E-01
Rho =  2.9829368974E+01
DelSqRho =  2.4402260549E+03
GradDelSqRho = -1.8189894035E-12  8.1854523160E-12 -8.6401996668E-12
HessDelSqRho_EigVals = -9.6467498517E+05 -1.2104850365E+03  2.7845148071E+04
HessDelSqRho_EigVec1 = -4.7240679358E-01  5.6763665721E-01  6.7425547590E-01
HessDelSqRho_EigVec2 = -7.5403016218E-01 -6.5639026747E-01  2.4296734179E-02
HessDelSqRho_EigVec3 = -4.5636644913E-01  4.9693102355E-01 -7.3809838229E-01
</CP of DelSqRho>
<CP of DelSqRho>
CP# = 47      
Type = (3,-1)
Coords = -1.26834553920860E-01 -1.55228119441743E-01 -1.77706531374613E-01
DistFromNuc =  2.6788490470E-01
Rho =  2.9829870878E+01
DelSqRho =  2.4400639999E+03
GradDelSqRho =  1.8189894035E-12  1.8189894035E-12  0.0000000000E+00
HessDelSqRho_EigVals = -9.6466300196E+05 -1.1822053876E+03  2.7859187620E+04
HessDelSqRho_EigVec1 =  4.7330873237E-01  5.7936299039E-01  6.6356414101E-01
HessDelSqRho_EigVec2 =  7.7049356119E-01 -6.3740991420E-01  6.9479089718E-03
HessDelSqRho_EigVec3 =  4.2698772351E-01  5.0798339209E-01 -7.4808713218E-01
</CP of DelSqRho>
<CP of DelSqRho>
CP# = 48      
Type = (3,+1)
Coords =  2.86888104598012E-01  3.29063809319326E-01  3.84946203285391E-01
DistFromNuc =  5.8204079956E-01
Rho =  4.5014435161E+00
DelSqRho = -5.4234125946E+01
GradDelSqRho =  2.8421709430E-14 -5.6843418861E-14 -1.9184653866E-13
HessDelSqRho_EigVals = -4.1940185550E+01  1.0649057498E+03  8.1943021263E+03
HessDelSqRho_EigVec1 =  7.5055382080E-01 -6.6078524176E-01  5.6414847465E-03
HessDelSqRho_EigVec2 =  4.4147385826E-01  4.9505967548E-01 -7.4834266896E-01
HessDelSqRho_EigVec3 =  4.9170091982E-01  5.6416201750E-01  6.6328834112E-01
</CP of DelSqRho>
<CP of DelSqRho>
CP# = 49      
Type = (3,+1)
Coords = -2.86888224552180E-01 -3.29063534896214E-01 -3.84946707634719E-01
DistFromNuc =  5.8204080040E-01
Rho =  4.5014434837E+00
DelSqRho = -5.4234125066E+01
GradDelSqRho = -5.6843418861E-13 -5.6843418861E-13 -5.6843418861E-13
HessDelSqRho_EigVals = -4.1940186847E+01  1.0649057230E+03  8.1943020172E+03
HessDelSqRho_EigVec1 =  7.5055376449E-01 -6.6078530574E-01  5.6414820312E-03
HessDelSqRho_EigVec2 =  4.4147389895E-01  4.9505963922E-01 -7.4834266895E-01
HessDelSqRho_EigVec3 =  4.9170096924E-01  5.6416197438E-01  6.6328834116E-01
</CP of DelSqRho>
<CP of DelSqRho>
CP# = 50      
Type = (3,+1)
Coords =  6.10141421547175E-01  8.96315452427629E-03 -6.79332073217452E-03
DistFromNuc =  6.1024510762E-01
Rho =  3.6015169264E+00
DelSqRho = -2.2558084028E+01
GradDelSqRho = -5.1159076975E-13 -1.2434497876E-14  1.7763568394E-15
HessDelSqRho_EigVals = -7.2121171664E+02  6.5369822441E+01  5.5293136134E+03
HessDelSqRho_EigVec1 =  1.0831467799E-02  1.9925121731E-02  9.9974280134E-01
HessDelSqRho_EigVec2 = -1.4905047476E-02  9.9969359155E-01 -1.9762655892E-02
HessDelSqRho_EigVec3 =  9.9983024502E-01  1.4687155347E-02 -1.1125133831E-02
</CP of DelSqRho>
<CP of DelSqRho>
CP# = 51      
Type = (3,+1)
Coords = -6.10141512040605E-01 -8.96292153646098E-03  6.79281117265818E-03
DistFromNuc =  6.1024510749E-01
Rho =  3.6015169290E+00
DelSqRho = -2.2558084107E+01
GradDelSqRho =  5.6843418861E-13 -8.8817841970E-15 -8.8817841970E-15
HessDelSqRho_EigVals = -7.2121171534E+02  6.5369822933E+01  5.5293136253E+03
HessDelSqRho_EigVec1 =  1.0831459165E-02  1.9925121722E-02  9.9974280143E-01
HessDelSqRho_EigVec2 = -1.4905074940E-02  9.9969359115E-01 -1.9762655704E-02
HessDelSqRho_EigVec3 =  9.9983024471E-01  1.4687182978E-02 -1.1125125743E-02
</CP of DelSqRho>
<CP of DelSqRho>
CP# = 52      
Type = (3,+1)
Coords = -9.11206179220366E-03  6.09542983809207E-01 -7.36214245064485E-03
DistFromNuc =  6.0965541349E-01
Rho =  3.6169133028E+00
DelSqRho = -2.2962628182E+01
GradDelSqRho = -1.2434497876E-14  2.8421709430E-14 -8.8817841970E-15
HessDelSqRho_EigVals = -7.1679354945E+02  7.0077983551E+01  5.5810606683E+03
HessDelSqRho_EigVec1 =  1.1590787152E-02  1.2244659341E-02  9.9985785088E-01
HessDelSqRho_EigVec2 =  9.9982109543E-01  1.4805565569E-02 -1.1771675947E-02
HessDelSqRho_EigVec3 = -1.4947601133E-02  9.9981541474E-01 -1.2070860556E-02
</CP of DelSqRho>
<CP of DelSqRho>
CP# = 53      
Type = (3,+1)
Coords =  9.11196991225156E-03 -6.09542734241363E-01  7.36163882432564E-03
DistFromNuc =  6.0965541358E-01
Rho =  3.6169132991E+00
DelSqRho = -2.2962628230E+01
GradDelSqRho =  1.3322676296E-14 -4.8316906032E-13  9.7699626167E-15
HessDelSqRho_EigVals = -7.1679353820E+02  7.0077980170E+01  5.5810606603E+03
HessDelSqRho_EigVec1 =  1.1590787428E-02  1.2244659388E-02  9.9985785088E-01
HessDelSqRho_EigVec2 =  9.9982109546E-01  1.4805563770E-02 -1.1771676202E-02
HessDelSqRho_EigVec3 = -1.4947599338E-02  9.9981541476E-01 -1.2070860620E-02
</CP of DelSqRho>
<CP of DelSqRho>
CP# = 54      
Type = (3,-1)
Coords =  6.93944426366392E-03  8.89595870792913E-03  6.28708002259261E-01
DistFromNuc =  6.2880947920E-01
Rho =  3.3783929865E+00
DelSqRho = -6.7189626645E+00
GradDelSqRho = -8.8817841970E-15 -1.2434497876E-14 -2.8421709430E-13
HessDelSqRho_EigVals = -7.6154961556E+02 -7.5802763722E+02  4.0799965225E+03
HessDelSqRho_EigVec1 =  9.9980296569E-01  1.6342317680E-02 -1.1267583921E-02
HessDelSqRho_EigVec2 = -1.6499106106E-02  9.9976634668E-01 -1.3965369491E-02
HessDelSqRho_EigVec3 =  1.1036724708E-02  1.4148522897E-02  9.9983899204E-01
</CP of DelSqRho>
<CP of DelSqRho>
CP# = 55      
Type = (3,-1)
Coords = -6.93953520070835E-03 -8.89571232962739E-03 -6.28708505209722E-01
DistFromNuc =  6.2880947854E-01
Rho =  3.3783929957E+00
DelSqRho = -6.7189630725E+00
GradDelSqRho =  0.0000000000E+00 -5.3290705182E-15 -5.6843418861E-14
HessDelSqRho_EigVals = -7.6154960488E+02 -7.5802763951E+02  4.0799965682E+03
HessDelSqRho_EigVec1 =  9.9980296398E-01  1.6342421392E-02 -1.1267585530E-02
HessDelSqRho_EigVec2 = -1.6499209868E-02  9.9976634493E-01 -1.3965372287E-02
HessDelSqRho_EigVec3 =  1.1036724803E-02  1.4148526864E-02  9.9983899198E-01
</CP of DelSqRho>
<CP of DelSqRho>
CP# = 56      
Type = (3,+3)
Coords =  6.92764853936158E-04  4.38820423042330E-01  3.81360177139991E-01
DistFromNuc =  5.8137725350E-01
Rho =  4.5190173167E+00
DelSqRho = -5.5042042611E+01
GradDelSqRho =  7.9936057773E-15 -1.9895196601E-13 -1.2789769244E-13
HessDelSqRho_EigVals =  4.0658808966E+01  1.0371303170E+03  8.2742970648E+03
HessDelSqRho_EigVec1 =  9.9991235050E-01  7.7551679245E-03 -1.0730735748E-02
HessDelSqRho_EigVec2 =  1.3184230817E-02 -6.5739521838E-01  7.5343062249E-01
HessDelSqRho_EigVec3 =  1.2113533733E-03  7.5350606117E-01  6.5743984394E-01
</CP of DelSqRho>
<CP of DelSqRho>
CP# = 57      
Type = (3,+3)
Coords =  1.27529455123575E-02 -4.28189471519442E-01  3.92697058262410E-01
DistFromNuc =  5.8113694303E-01
Rho =  4.5255165781E+00
DelSqRho = -5.5374101062E+01
GradDelSqRho = -8.8817841970E-16 -8.5265128291E-14  9.9475983006E-14
HessDelSqRho_EigVals =  5.8103117273E+01  1.0435963219E+03  8.3029851858E+03
HessDelSqRho_EigVec1 =  9.9974596851E-01  1.9654239992E-02 -1.1032193562E-02
HessDelSqRho_EigVec2 = -5.1956023821E-03  6.7725722352E-01  7.3572797888E-01
HessDelSqRho_EigVec3 = -2.1931807047E-02  7.3548376191E-01 -6.7718729448E-01
</CP of DelSqRho>
<CP of DelSqRho>
CP# = 58      
Type = (3,+3)
Coords = -1.27530316870867E-02  4.28189718824222E-01 -3.92697563405779E-01
DistFromNuc =  5.8113694219E-01
Rho =  4.5255166040E+00
DelSqRho = -5.5374102019E+01
GradDelSqRho = -1.2878587086E-14  8.5265128291E-14 -4.2632564146E-14
HessDelSqRho_EigVals =  5.8103140148E+01  1.0435963427E+03  8.3029853012E+03
HessDelSqRho_EigVec1 =  9.9974596873E-01  1.9654228041E-02 -1.1032194907E-02
HessDelSqRho_EigVec2 = -5.1955934044E-03  6.7725722723E-01  7.3572797553E-01
HessDelSqRho_EigVec3 = -2.1931799140E-02  7.3548375882E-01 -6.7718729809E-01
</CP of DelSqRho>
<CP of DelSqRho>
CP# = 59      
Type = (3,+3)
Coords = -6.92854838065619E-04 -4.38820174301043E-01 -3.81360680625001E-01
DistFromNuc =  5.8137725409E-01
Rho =  4.5190172918E+00
DelSqRho = -5.5042042054E+01
GradDelSqRho =  3.9968028887E-15 -9.3791641120E-13 -6.1106675275E-13
HessDelSqRho_EigVals =  4.0658816614E+01  1.0371302983E+03  8.2742969876E+03
HessDelSqRho_EigVec1 =  9.9991235048E-01  7.7551702224E-03 -1.0730736283E-02
HessDelSqRho_EigVec2 =  1.3184232733E-02 -6.5739521726E-01  7.5343062344E-01
HessDelSqRho_EigVec3 =  1.2113519747E-03  7.5350606213E-01  6.5743984285E-01
</CP of DelSqRho>
<CP of DelSqRho>
CP# = 60      
Type = (3,+3)
Coords =  4.35875836444001E-01  3.74691575759287E-02  3.82659485342588E-01
DistFromNuc =  5.8122300990E-01
Rho =  4.5225774604E+00
DelSqRho = -5.5279205193E+01
GradDelSqRho =  5.6843418861E-14  2.1316282073E-14  5.6843418861E-14
HessDelSqRho_EigVals =  5.0024593811E+01  1.0504090440E+03  8.2882207341E+03
HessDelSqRho_EigVec1 = -7.6662733088E-02  9.9700465249E-01 -1.0224884802E-02
HessDelSqRho_EigVec2 = -6.5868656010E-01 -4.2944505131E-02  7.5119091117E-01
