 AIMInt (Version 19.02.13, Professional)
 Portions Copyright (c) 1997-2019 by Todd A. Keith
 AIMInt is a component of the AIMAll package ( http://aim.tkgristmill.com )

 TP:  64-bit Linux

 Licensed To:  Research Group of Fernando Cortes Guzman, UNAM, fercor@unam.mx

 AIMInt is a heavily modified and extended version of the PROAIMV program
 developed by members of R.F.W. Bader's research group

 Much of the Quantum Theory of Atoms in Molecules (QTAIM) is described in the book:
   "Atoms in Molecules - A Quantum Theory"
   R.F.W. Bader, Oxford University Press, Oxford, 1990

 For additional references see:  http://aim.tkgristmill.com/references.html

 Current Directory:  /home/scratch/M_H2O_4_tetraedrico/Opt

 Inp File:  Ni3_tetraedrico_cc-pvtz-def2-tzv_1_atomicfiles/ni1.inp
 Wfx File:  Ni3_tetraedrico_cc-pvtz-def2-tzv_1.wfx
 Out File:  Ni3_tetraedrico_cc-pvtz-def2-tzv_1_atomicfiles/ni1.int

 Wfx Title:   Ni3_tetraedrico_cc-pvtz-def2-tzv_1                                            
 Job Title:   Ni3_tetraedrico_cc-pvtz-def2-tzv_1                                            
 
<Atom>
Ni1     
</Atom>
<Nuclei of Molecule>
    13
Ni1       28.0          -1.9658446202E-02   4.2117756101E-03   2.9422150243E-03
O2         8.0           1.5643971575E+00   1.5980980662E+00  -2.5757127880E+00
H3         1.0           1.2751616075E+00   1.0149137137E+00  -4.3474208235E+00
O4         8.0           5.6549533666E-01  -3.3593858365E+00  -2.0435848117E-01
H5         1.0           2.1557398186E+00  -4.1710424579E+00  -7.9370600963E-01
O6         8.0          -3.3840126069E+00   5.9016487328E-01  -1.8927523149E-01
H7         1.0          -4.8509896627E+00  -5.6719300002E-01   9.3804640718E-02
O8         8.0           1.1754869943E+00   1.1879707089E+00   2.9811143808E+00
H9         1.0           2.6872577106E+00   4.4290419799E-01   3.8312563393E+00
H10        1.0          -3.6827646439E-01  -4.6967050828E+00   7.3508471953E-01
H11        1.0           3.2627401777E+00   2.4106027172E+00  -2.5651221427E+00
H12        1.0          -4.2022035387E+00   2.2715926883E+00  -4.7149471405E-01
H13        1.0           1.2200717926E+00   3.0422150121E+00   3.3410729291E+00
</Nuclei of Molecule>
<Total Number of CPs of DelSqRho>
    88
</Total Number of CPs of DelSqRho>
<Number of (3,+3) CPs of DelSqRho>
    10
</Number of (3,+3) CPs of DelSqRho>
<Number of (3,+1) CPs of DelSqRho>
    30
</Number of (3,+1) CPs of DelSqRho>
<Number of (3,-1) CPs of DelSqRho>
    36
</Number of (3,-1) CPs of DelSqRho>
<Number of (3,-3) CPs of DelSqRho>
    12
</Number of (3,-3) CPs of DelSqRho>
<Number of Degenerate CPs of DelSqRho>
     0
</Number of Degenerate CPs of DelSqRho>
<CP of DelSqRho>
CP# = 1       
Type = (3,+3)
Coords = -1.96584462323595E-02  4.21177561719284E-03  2.94221501546020E-03
DistFromNuc =  3.2306830680E-11
Rho =  1.4831994373E+04
DelSqRho = -1.0710274499E+10
GradDelSqRho = -1.7743843223E-01 -2.5407284033E-02  2.3952739313E-02
HessDelSqRho_EigVals =  1.2806965261E+17  1.2806965264E+17  1.2806965265E+17
HessDelSqRho_EigVec1 =  8.6794098979E-01  2.8386158311E-01  4.0755495319E-01
HessDelSqRho_EigVec2 = -4.7593938442E-01  2.4076830887E-01  8.4587961543E-01
HessDelSqRho_EigVec3 = -1.4198640990E-01  9.2814504420E-01 -3.4407359144E-01
</CP of DelSqRho>
<CP of DelSqRho>
CP# = 2       
Type = (3,-3)
Coords =  1.67820380831873E-01  5.15883264382175E-02 -1.65854775855774E-01
DistFromNuc =  2.5668126594E-01
Rho =  3.2904685157E+01
DelSqRho =  3.4396280393E+03
GradDelSqRho = -3.1832314562E-12  6.2527760747E-13 -4.5474735089E-13
HessDelSqRho_EigVals = -1.2552041776E+06 -5.9139722424E+04 -4.1178735151E+04
HessDelSqRho_EigVec1 =  7.2979243697E-01  1.8659960022E-01 -6.5771086971E-01
HessDelSqRho_EigVec2 =  5.2370242036E-01  4.6583055292E-01  7.1325848812E-01
HessDelSqRho_EigVec3 = -4.3947556684E-01  8.6497542460E-01 -2.4223695216E-01
</CP of DelSqRho>
<CP of DelSqRho>
CP# = 3       
Type = (3,-1)
Coords =  6.07620620129682E-02  5.56704556911063E-02  1.11993671273724E-01
DistFromNuc =  1.4494024288E-01
Rho =  1.3712495896E+02
DelSqRho = -1.0239511406E+04
GradDelSqRho = -2.9103830457E-11  7.2759576142E-11  5.8207660913E-11
HessDelSqRho_EigVals = -2.1230326920E+05 -1.8279626718E+05  2.4835744655E+07
HessDelSqRho_EigVec1 =  7.8688485773E-01  6.8747249707E-02 -6.1325853955E-01
HessDelSqRho_EigVec2 = -2.6951914795E-01  9.3226907078E-01 -2.4131682193E-01
HessDelSqRho_EigVec3 =  5.5513210100E-01  3.5517347215E-01  7.5211711530E-01
</CP of DelSqRho>
<CP of DelSqRho>
CP# = 4       
Type = (3,-1)
Coords = -1.93387136590783E-01  1.17784514709652E-01 -1.50287164724009E-01
DistFromNuc =  2.5799160403E-01
Rho =  3.3703860850E+01
DelSqRho =  3.0115285966E+03
GradDelSqRho =  6.4801497501E-12  1.1368683772E-12  1.7621459847E-11
HessDelSqRho_EigVals = -1.1957812609E+06 -2.0117847255E+04  4.7018338900E+04
HessDelSqRho_EigVec1 =  6.7478205663E-01 -4.3948491042E-01  5.9289306757E-01
HessDelSqRho_EigVec2 = -7.1215975240E-01 -1.7696238203E-01  6.7934733561E-01
HessDelSqRho_EigVec3 =  1.9364313341E-01  8.8064597249E-01  4.3239450508E-01
</CP of DelSqRho>
<CP of DelSqRho>
CP# = 5       
Type = (3,+3)
Coords =  1.21395878359139E-01 -2.23689018407619E-02  2.32257227625291E-02
DistFromNuc =  1.4496301452E-01
Rho =  1.3816507255E+02
DelSqRho = -1.0962679134E+04
GradDelSqRho =  0.0000000000E+00 -4.3655745685E-11 -7.2759576142E-11
HessDelSqRho_EigVals =  9.1111711188E+04  1.5223895639E+05  2.4816948886E+07
HessDelSqRho_EigVec1 =  2.1355904910E-01  9.4464385264E-01 -2.4907935326E-01
HessDelSqRho_EigVec2 = -8.6419170700E-02  2.7222883473E-01  9.5834398234E-01
HessDelSqRho_EigVec3 =  9.7310033372E-01 -1.8313779843E-01  1.3977226943E-01
</CP of DelSqRho>
<CP of DelSqRho>
CP# = 6       
Type = (3,-1)
Coords = -6.93895361758377E-02  1.37651136287921E-01 -2.42011516314590E-02
DistFromNuc =  1.4496898510E-01
Rho =  1.3734560712E+02
DelSqRho = -1.0387682525E+04
GradDelSqRho =  5.8207660913E-11 -2.9103830457E-11 -1.4551915228E-11
HessDelSqRho_EigVals = -1.5051427797E+05 -1.0209920911E+05  2.4793498156E+07
HessDelSqRho_EigVec1 =  3.5141960105E-01  3.1019876649E-01  8.8333515116E-01
HessDelSqRho_EigVec2 = -8.7115570055E-01 -2.3724464653E-01  4.2988687244E-01
HessDelSqRho_EigVec3 = -3.4291691327E-01  9.2059312563E-01 -1.8685900469E-01
</CP of DelSqRho>
<CP of DelSqRho>
CP# = 7       
Type = (3,-1)
Coords =  2.81586403497003E-02 -1.31381169562627E-01  2.17523868364974E-02
DistFromNuc =  1.4500256243E-01
Rho =  1.3727407503E+02
DelSqRho = -1.0322089387E+04
GradDelSqRho = -5.8207660913E-11  0.0000000000E+00 -4.3655745685E-11
HessDelSqRho_EigVals = -1.6179958917E+05 -1.4416949302E+05  2.4739231261E+07
HessDelSqRho_EigVec1 =  9.2379467065E-01  3.4803701017E-01  1.5960465540E-01
HessDelSqRho_EigVec2 = -1.9449917921E-01  6.7497895857E-02  9.7857759189E-01
HessDelSqRho_EigVec3 = -3.2980824089E-01  9.3504773868E-01 -1.3004710929E-01
</CP of DelSqRho>
<CP of DelSqRho>
CP# = 8       
Type = (3,+1)
Coords = -9.98405723302126E-02  1.60356993863710E-01  1.92838882335707E-01
DistFromNuc =  2.5859475399E-01
Rho =  3.3726685554E+01
DelSqRho =  2.8884041730E+03
GradDelSqRho = -3.8653524825E-12  4.0927261580E-12 -1.7053025658E-13
HessDelSqRho_EigVals = -1.1756919402E+06  2.4058494252E+04  4.2186314875E+04
HessDelSqRho_EigVec1 = -3.1103698120E-01  6.0246646187E-01  7.3504432427E-01
HessDelSqRho_EigVec2 = -2.0174250838E-01  7.1392813026E-01 -6.7052709501E-01
HessDelSqRho_EigVec3 =  9.2873890660E-01  3.5684840920E-01  1.0051495519E-01
</CP of DelSqRho>
<CP of DelSqRho>
CP# = 9       
Type = (3,+1)
Coords = -1.06396235212407E-03 -1.30639364648318E-02 -1.39812092779953E-01
DistFromNuc =  1.4499309450E-01
Rho =  1.3777663405E+02
DelSqRho = -1.0825084279E+04
GradDelSqRho = -4.7748471843E-11  7.0485839387E-12 -5.8207660913E-11
HessDelSqRho_EigVals = -4.6953373551E+04  2.1800050925E+05  2.4767405698E+07
HessDelSqRho_EigVec1 =  4.1828854108E-01 -8.9364263646E-01  1.6259623211E-01
HessDelSqRho_EigVec2 =  8.9921977696E-01  4.3267959310E-01  6.4746910604E-02
HessDelSqRho_EigVec3 = -1.2821267144E-01  1.1912685680E-01  9.8456604800E-01
</CP of DelSqRho>
<CP of DelSqRho>
CP# = 10      
Type = (3,-3)
Coords = -2.07812318630310E-01 -4.12251777100250E-02  1.71419718703638E-01
DistFromNuc =  2.5661462484E-01
Rho =  3.2925634104E+01
DelSqRho =  3.4407714184E+03
GradDelSqRho = -9.3223206932E-12  5.6843418861E-14  2.0463630790E-12
HessDelSqRho_EigVals = -1.2562271919E+06 -5.9021377374E+04 -4.1267306364E+04
HessDelSqRho_EigVec1 =  7.3404892695E-01  1.7492015752E-01 -6.5618222418E-01
HessDelSqRho_EigVec2 =  5.1349131267E-01  4.8936310242E-01  7.0487617764E-01
HessDelSqRho_EigVec3 = -4.4440842100E-01  8.5435747348E-01 -2.6939647892E-01
</CP of DelSqRho>
<CP of DelSqRho>
CP# = 11      
Type = (3,+1)
Coords =  6.10619594246065E-02 -1.50005303965776E-01 -1.88170520999013E-01
DistFromNuc =  2.5850100462E-01
Rho =  3.3768366136E+01
DelSqRho =  2.8902739264E+03
GradDelSqRho = -7.2759576142E-12  2.7284841053E-12 -1.4779288904E-12
HessDelSqRho_EigVals = -1.1775998267E+06  2.3588003483E+04  4.2439041506E+04
HessDelSqRho_EigVec1 = -3.1146433619E-01  5.9797623584E-01  7.3852175909E-01
HessDelSqRho_EigVec2 = -2.2813062616E-01  7.0739814136E-01 -6.6898750886E-01
HessDelSqRho_EigVec3 =  9.2246755211E-01  3.7684518170E-01  8.3912599405E-02
</CP of DelSqRho>
<CP of DelSqRho>
CP# = 12      
Type = (3,-1)
Coords =  1.52127333487958E-01 -1.09645474325505E-01  1.58474920816063E-01
DistFromNuc =  2.5819420992E-01
Rho =  3.3631525667E+01
DelSqRho =  3.0085144256E+03
GradDelSqRho =  5.6843418861E-12  4.3200998334E-12 -5.4569682106E-12
HessDelSqRho_EigVals = -1.1926930511E+06 -2.0474073160E+04  4.7348385080E+04
HessDelSqRho_EigVec1 =  6.6421870364E-01 -4.4156060014E-01  6.0318964691E-01
HessDelSqRho_EigVec2 = -7.2221851562E-01 -1.7082749392E-01  6.7023755715E-01
HessDelSqRho_EigVec3 =  1.9290912223E-01  8.8081905277E-01  4.3237005775E-01
</CP of DelSqRho>
<CP of DelSqRho>
CP# = 13      
Type = (3,-1)
Coords = -8.10771346282970E-02 -1.98180271070689E-01  1.50713183366068E-01
DistFromNuc =  2.5801367199E-01
Rho =  3.3396631001E+01
DelSqRho =  3.0901069084E+03
GradDelSqRho =  3.5242919694E-12  1.3358203432E-11 -7.0485839387E-12
HessDelSqRho_EigVals = -1.2024514677E+06 -3.3130498749E+04  3.7336940941E+04
HessDelSqRho_EigVec1 =  2.3677081380E-01  7.8464653125E-01 -5.7294799304E-01
HessDelSqRho_EigVec2 =  6.0113859765E-01  3.4496934685E-01  7.2085264524E-01
HessDelSqRho_EigVec3 =  7.6326402257E-01 -5.1509802051E-01 -3.9000264245E-01
</CP of DelSqRho>
<CP of DelSqRho>
CP# = 14      
Type = (3,-1)
Coords =  2.25726040467984E-01  8.37331729602401E-02  1.81118487126518E-02
DistFromNuc =  2.5839372423E-01
Rho =  3.3561351445E+01
DelSqRho =  2.9675040566E+03
GradDelSqRho =  6.6847860580E-11  8.8675733423E-12 -2.2168933356E-12
HessDelSqRho_EigVals = -1.1866078551E+06 -1.5268234221E+04  5.8700762925E+04
HessDelSqRho_EigVec1 =  9.4903014043E-01  3.0979998362E-01  5.8015193665E-02
HessDelSqRho_EigVec2 = -2.9697595088E-01  9.4058082529E-01 -1.6466024325E-01
HessDelSqRho_EigVec3 = -1.0557971940E-01  1.3903841647E-01  9.8464269743E-01
</CP of DelSqRho>
<CP of DelSqRho>
CP# = 15      
Type = (3,+1)
Coords = -1.78955622236004E-01 -1.99463472693279E-01  1.10673767977124E-02
DistFromNuc =  2.5869908256E-01
Rho =  3.3667602001E+01
DelSqRho =  2.8776217537E+03
GradDelSqRho =  5.6274984672E-12 -2.9558577808E-12 -2.9558577808E-12
HessDelSqRho_EigVals = -1.1734309173E+06  2.3683709355E+04  4.7558439967E+04
HessDelSqRho_EigVec1 =  6.1594306791E-01  7.8722666419E-01 -2.9804635114E-02
HessDelSqRho_EigVec2 =  7.8709734871E-01 -6.1337348796E-01  6.5197606730E-02
HessDelSqRho_EigVec3 = -3.3043921462E-02  6.3617163187E-02  9.9742716817E-01
</CP of DelSqRho>
<CP of DelSqRho>
CP# = 16      
Type = (3,-3)
Coords =  1.25600084832425E-01  9.70464665580302E-02  1.92911741369947E-01
DistFromNuc =  2.5652824722E-01
Rho =  3.2705048934E+01
DelSqRho =  3.4958985178E+03
GradDelSqRho =  4.7748471843E-12 -2.9558577808E-12  6.7359451350E-12
HessDelSqRho_EigVals = -1.2629626749E+06 -6.2472971931E+04 -5.1433036356E+04
HessDelSqRho_EigVec1 =  5.6568122152E-01  3.6159886999E-01  7.4111470964E-01
HessDelSqRho_EigVec2 =  6.7685555000E-01  3.0976002243E-01 -6.6776889186E-01
HessDelSqRho_EigVec3 = -4.7103218579E-01  8.7937192685E-01 -6.9524774153E-02
</CP of DelSqRho>
<CP of DelSqRho>
CP# = 17      
Type = (3,-1)
Coords =  1.80535947779429E-01 -1.37260907437362E-01 -7.77813820952131E-02
DistFromNuc =  2.5808644785E-01
Rho =  3.3567530370E+01
DelSqRho =  3.0541936101E+03
GradDelSqRho = -1.9099388737E-11  4.8316906032E-12 -3.8653524825E-12
HessDelSqRho_EigVals = -1.1983638881E+06 -2.7372544382E+04  3.9318602462E+04
HessDelSqRho_EigVec1 =  7.7430960600E-01 -5.4988306980E-01 -3.1316647906E-01
HessDelSqRho_EigVec2 =  5.5217086871E-01  3.4536303444E-01  7.5883575706E-01
HessDelSqRho_EigVec3 = -3.0911481007E-01 -7.6049522286E-01  5.7104732746E-01
</CP of DelSqRho>
<CP of DelSqRho>
CP# = 18      
Type = (3,+1)
Coords =  1.39545748779190E-01  2.07697965157086E-01 -3.94290720582945E-03
DistFromNuc =  2.5845697890E-01
Rho =  3.3781212777E+01
DelSqRho =  2.8815601595E+03
GradDelSqRho = -7.3896444519E-13  1.1482370610E-11 -9.9475983006E-13
HessDelSqRho_EigVals = -1.1779567395E+06  2.2785193265E+04  4.7633272404E+04
HessDelSqRho_EigVec1 =  6.1601011495E-01  7.8723394336E-01 -2.8182560268E-02
HessDelSqRho_EigVec2 =  7.8747139675E-01 -6.1447607328E-01  4.8041176782E-02
HessDelSqRho_EigVec3 = -2.0502136073E-02  5.1786810930E-02  9.9844768948E-01
</CP of DelSqRho>
<CP of DelSqRho>
CP# = 19      
Type = (3,-1)
Coords = -3.62186898647349E-01 -2.14884455891631E-01 -4.48976581073318E-01
DistFromNuc =  6.0791405450E-01
Rho =  3.5538438448E+00
DelSqRho =  5.4608278820E+00
GradDelSqRho =  1.2434497876E-13  1.1368683772E-13  2.4513724384E-13
HessDelSqRho_EigVals = -1.3783276814E+03 -1.1527473875E+03  4.7682850575E+03
HessDelSqRho_EigVec1 =  6.9732911942E-01  2.7246911248E-01 -6.6294244242E-01
HessDelSqRho_EigVec2 = -4.4099343272E-01  8.9223590926E-01 -9.7159016637E-02
HessDelSqRho_EigVec3 =  5.6502822187E-01  3.6010507490E-01  7.4233917014E-01
</CP of DelSqRho>
<CP of DelSqRho>
CP# = 20      
Type = (3,-3)
Coords = -1.65233955473278E-01 -8.87489319123626E-02 -1.86538031472984E-01
DistFromNuc =  2.5639166495E-01
Rho =  3.2750833877E+01
DelSqRho =  3.4985564462E+03
GradDelSqRho =  7.7307049651E-12  2.2737367544E-13  7.4464878708E-12
HessDelSqRho_EigVals = -1.2652696990E+06 -6.2870100526E+04 -5.1125597413E+04
HessDelSqRho_EigVec1 =  5.6861220037E-01  3.6269084066E-01  7.3833293283E-01
HessDelSqRho_EigVec2 =  6.5998483773E-01  3.3461440167E-01 -6.7264642731E-01
HessDelSqRho_EigVec3 = -4.9101953074E-01  8.6976350596E-01 -4.9104624415E-02
</CP of DelSqRho>
<CP of DelSqRho>
CP# = 21      
Type = (3,-1)
Coords = -1.29047628658612E-01 -1.37311364689027E-02  9.63624112696860E-02
DistFromNuc =  1.4496645957E-01
Rho =  1.3710516734E+02
DelSqRho = -1.0262167934E+04
GradDelSqRho =  5.8207660913E-11 -7.2759576142E-12 -2.9103830457E-11
HessDelSqRho_EigVals = -2.0561158217E+05 -1.4042304492E+05  2.4788106801E+07
HessDelSqRho_EigVec1 =  4.3510990443E-01  6.4031183731E-01  6.3299298738E-01
HessDelSqRho_EigVec2 = -4.9150314352E-01  7.5795590254E-01 -4.2886770653E-01
HessDelSqRho_EigVec3 =  7.5438984019E-01  1.2451345632E-01 -6.4450940119E-01
</CP of DelSqRho>
<CP of DelSqRho>
CP# = 22      
Type = (3,-1)
Coords =  8.32709577617003E-02  3.85052966135963E-02 -9.31958099079558E-02
DistFromNuc =  1.4495871006E-01
Rho =  1.3720150149E+02
DelSqRho = -1.0282606754E+04
GradDelSqRho = -2.9103830457E-11 -2.9103830457E-11  2.9103830457E-11
HessDelSqRho_EigVals = -2.1250951772E+05 -1.3847621900E+05  2.4805206316E+07
HessDelSqRho_EigVec1 =  5.7834211441E-01  3.4138319968E-01  7.4093043511E-01
HessDelSqRho_EigVec2 = -4.0114214284E-01  9.0985078031E-01 -1.0609683693E-01
HessDelSqRho_EigVec3 =  7.1035581221E-01  2.3585815343E-01 -6.6314821233E-01
</CP of DelSqRho>
<CP of DelSqRho>
CP# = 23      
Type = (3,+1)
Coords = -2.68510356485509E-01  5.93439110159181E-02 -3.75782900234654E-02
DistFromNuc =  2.5808668492E-01
Rho =  3.3958835066E+01
DelSqRho =  2.9167317693E+03
GradDelSqRho =  6.8212102633E-12 -5.8548721427E-12  1.5631940187E-13
HessDelSqRho_EigVals = -1.1863569828E+06  1.9317230054E+04  3.7044319442E+04
HessDelSqRho_EigVec1 =  9.6436391840E-01 -2.1329276582E-01  1.5655168133E-01
HessDelSqRho_EigVec2 =  2.5467832601E-01  9.0869002785E-01 -3.3078903178E-01
HessDelSqRho_EigVec3 = -7.1702044172E-02  3.5887132699E-01  9.3062892042E-01
</CP of DelSqRho>
<CP of DelSqRho>
CP# = 24      
Type = (3,-1)
Coords = -1.03855748084393E-01 -4.81037584612273E-02 -1.02820617251925E-01
DistFromNuc =  1.4495474273E-01
Rho =  1.3695207527E+02
DelSqRho = -1.0200289308E+04
GradDelSqRho =  4.3655745685E-11 -5.8207660913E-11 -2.9103830457E-11
HessDelSqRho_EigVals = -2.2580787405E+05 -1.6486210745E+05  2.4805055795E+07
HessDelSqRho_EigVec1 =  5.8168842637E-01  4.4323520644E-01 -6.8204188024E-01
HessDelSqRho_EigVec2 = -5.6962350123E-01  8.2053625887E-01  4.7426941033E-02
HessDelSqRho_EigVec3 =  5.8066138280E-01  3.6091938111E-01  7.2977363536E-01
</CP of DelSqRho>
<CP of DelSqRho>
CP# = 25      
Type = (3,-3)
Coords =  6.53095597754593E-02 -2.34837219887019E-01  4.29282276210518E-02
DistFromNuc =  2.5683236847E-01
Rho =  3.3232586331E+01
DelSqRho =  3.3541424138E+03
GradDelSqRho = -5.4001247918E-12  6.9348971010E-12 -1.7053025658E-12
HessDelSqRho_EigVals = -1.2445586262E+06 -4.2642604668E+04 -3.6658043038E+04
HessDelSqRho_EigVec1 = -3.3070386814E-01  9.3098578799E-01 -1.5459758782E-01
HessDelSqRho_EigVec2 =  5.5309832472E-01  3.2393078337E-01  7.6756178303E-01
HessDelSqRho_EigVec3 = -7.6466802914E-01 -1.6832798386E-01  6.2205184275E-01
</CP of DelSqRho>
<CP of DelSqRho>
CP# = 26      
Type = (3,-1)
Coords = -5.17598330976636E-02  3.28583551599183E-02  2.57478927240610E-01
DistFromNuc =  2.5814736765E-01
Rho =  3.3600017538E+01
DelSqRho =  2.9788479714E+03
GradDelSqRho =  7.7875483839E-12  2.3874235922E-12 -7.7875483839E-12
HessDelSqRho_EigVals = -1.1909684500E+06 -1.7232642053E+04  5.8908841086E+04
HessDelSqRho_EigVec1 = -1.2434099005E-01  1.1080880795E-01  9.8603282211E-01
HessDelSqRho_EigVec2 = -3.8896532842E-01  9.0876406615E-01 -1.5117488340E-01
HessDelSqRho_EigVec3 =  9.1282270539E-01  4.0232981516E-01  6.9895839335E-02
</CP of DelSqRho>
<CP of DelSqRho>
CP# = 27      
Type = (3,+1)
Coords =  1.60977803104679E-02 -9.83451137478671E-02  2.37523809757629E-01
DistFromNuc =  2.5850521828E-01
Rho =  3.3775401652E+01
DelSqRho =  2.8927681000E+03
GradDelSqRho = -3.0127011996E-12 -4.3200998334E-12  9.0949470177E-13
HessDelSqRho_EigVals = -1.1776681352E+06  2.2075223130E+04  4.2416485891E+04
HessDelSqRho_EigVec1 =  1.3873616778E-01 -3.9596525524E-01  9.0772451349E-01
HessDelSqRho_EigVec2 = -6.4459158454E-01  6.5974607508E-01  3.8631179837E-01
HessDelSqRho_EigVec3 =  7.5183373487E-01  6.3870700095E-01  1.6370522914E-01
</CP of DelSqRho>
<CP of DelSqRho>
CP# = 28      
Type = (3,+1)
Coords = -5.55354827957202E-02  1.05984155264732E-01 -2.32034219087705E-01
DistFromNuc =  2.5857050026E-01
Rho =  3.3737601901E+01
DelSqRho =  2.8915511145E+03
GradDelSqRho = -3.4106051316E-13 -6.1390892370E-12  4.0927261580E-12
HessDelSqRho_EigVals = -1.1761684417E+06  2.1779782424E+04  4.3130363371E+04
HessDelSqRho_EigVec1 =  1.3857150670E-01 -3.9436603499E-01  9.0844557788E-01
HessDelSqRho_EigVec2 = -6.3879489871E-01  6.6537505328E-01  3.8628631332E-01
HessDelSqRho_EigVec3 =  7.5679522654E-01  6.3383867736E-01  1.5971698772E-01
</CP of DelSqRho>
<CP of DelSqRho>
CP# = 29      
Type = (3,-1)
Coords =  1.12778264962261E-02  2.40819052298075E-01  1.01398537863546E-01
DistFromNuc =  2.5813504965E-01
Rho =  3.3396377478E+01
DelSqRho =  3.0553183377E+03
GradDelSqRho =  4.7748471843E-12 -8.4128259914E-12 -1.1027623259E-11
HessDelSqRho_EigVals = -1.1975890655E+06 -2.7810020370E+04  4.4461736892E+04
HessDelSqRho_EigVec1 =  1.2089857052E-01  9.1661451382E-01  3.8105297361E-01
HessDelSqRho_EigVec2 = -7.5465282426E-01 -1.6451306294E-01  6.3516499192E-01
HessDelSqRho_EigVec3 =  6.4488964209E-01 -3.6435324229E-01  6.7183633748E-01
</CP of DelSqRho>
<CP of DelSqRho>
CP# = 30      
Type = (3,-3)
Coords = -1.04834282388066E-01  2.43237358982683E-01 -3.81324496713492E-02
DistFromNuc =  2.5705112460E-01
Rho =  3.3128345041E+01
DelSqRho =  3.3496509843E+03
GradDelSqRho = -9.9475983006E-12  9.5496943686E-12 -4.6611603466E-12
HessDelSqRho_EigVals = -1.2401630230E+06 -4.2458365627E+04 -3.5613081504E+04
HessDelSqRho_EigVec1 = -3.3180204469E-01  9.2953034943E-01 -1.6087489743E-01
HessDelSqRho_EigVec2 =  5.0740790833E-01  3.1962064240E-01  8.0023737698E-01
HessDelSqRho_EigVec3 = -7.9526386671E-01 -1.8389120272E-01  5.7770183301E-01
</CP of DelSqRho>
<CP of DelSqRho>
CP# = 31      
Type = (3,+1)
Coords =  2.30117065335760E-01 -5.03019719135212E-02  4.29682893200809E-02
DistFromNuc =  2.5876947551E-01
Rho =  3.3685402047E+01
DelSqRho =  2.9052095579E+03
GradDelSqRho =  2.2737367544E-12 -7.0485839387E-12 -5.1372239795E-12
HessDelSqRho_EigVals = -1.1748622532E+06  2.0011045141E+04  3.7477523964E+04
HessDelSqRho_EigVec1 =  9.6510606883E-01 -2.1097553824E-01  1.5511156683E-01
HessDelSqRho_EigVec2 =  2.5124369592E-01  9.1299580049E-01 -3.2142693346E-01
HessDelSqRho_EigVec3 = -7.3802988832E-02  3.4918188750E-01  9.3414406184E-01
</CP of DelSqRho>
<CP of DelSqRho>
CP# = 32      
Type = (3,-1)
Coords = -2.20522897288553E-01  1.45783902211659E-01  8.07750822248754E-02
DistFromNuc =  2.5777344696E-01
Rho =  3.3691244261E+01
DelSqRho =  3.0592002225E+03
GradDelSqRho = -6.8212102633E-12  8.9244167611E-12 -2.7284841053E-12
HessDelSqRho_EigVals = -1.2034836426E+06 -2.7390224408E+04  3.8827305049E+04
HessDelSqRho_EigVec1 =  7.8079476729E-01 -5.4733558911E-01 -3.0130264563E-01
HessDelSqRho_EigVec2 =  5.4259957541E-01  3.5494207400E-01  7.6131585092E-01
HessDelSqRho_EigVec3 = -3.0975027382E-01 -7.5791812025E-01  5.7412097233E-01
</CP of DelSqRho>
<CP of DelSqRho>
CP# = 33      
Type = (3,-1)
Coords = -4.97560457635370E-02 -2.31708328511000E-01 -9.64700952102593E-02
DistFromNuc =  2.5777309490E-01
Rho =  3.3549231221E+01
DelSqRho =  3.0620604764E+03
GradDelSqRho = -8.1854523160E-12 -3.0240698834E-11 -8.2991391537E-12
HessDelSqRho_EigVals = -1.2041949597E+06 -2.8731395514E+04  4.4407512445E+04
HessDelSqRho_EigVec1 =  1.1571125048E-01  9.1520573376E-01  3.8601732007E-01
HessDelSqRho_EigVec2 = -7.5325907252E-01 -1.7247234161E-01  6.3470785488E-01
HessDelSqRho_EigVec3 =  6.4746557914E-01 -3.6421388807E-01  6.6943003186E-01
</CP of DelSqRho>
<CP of DelSqRho>
CP# = 34      
Type = (3,-1)
Coords =  4.14308587204527E-02  2.07194060021178E-01 -1.43536594530657E-01
DistFromNuc =  2.5766208997E-01
Rho =  3.3548490570E+01
DelSqRho =  3.0962272196E+03
GradDelSqRho = -5.4569682106E-12 -4.9453774409E-12 -5.2295945352E-12
HessDelSqRho_EigVals = -1.2086791861E+06 -3.3699768389E+04  3.6768886080E+04
HessDelSqRho_EigVec1 =  2.3837794267E-01  7.8754697455E-01 -5.6828313306E-01
HessDelSqRho_EigVec2 =  5.9829784558E-01  3.4183693413E-01  7.2469800499E-01
HessDelSqRho_EigVec3 =  7.6499388522E-01 -5.1275459368E-01 -3.8970127308E-01
</CP of DelSqRho>
<CP of DelSqRho>
CP# = 35      
Type = (3,-1)
Coords =  1.26963810373066E-02 -2.47651843421693E-02 -2.51718443335012E-01
DistFromNuc =  2.5833805366E-01
Rho =  3.3514267571E+01
DelSqRho =  2.9755959697E+03
GradDelSqRho =  6.4801497501E-12  1.7053025658E-12 -7.6454398368E-12
HessDelSqRho_EigVals = -1.1874998582E+06 -1.6780429658E+04  5.9093902472E+04
HessDelSqRho_EigVec1 = -1.2522818686E-01  1.1235973643E-01  9.8574499281E-01
HessDelSqRho_EigVec2 = -3.9251817057E-01  9.0688921181E-01 -1.5323655989E-01
HessDelSqRho_EigVec3 =  9.1117911905E-01  4.0611235778E-01  6.9464853491E-02
</CP of DelSqRho>
<CP of DelSqRho>
CP# = 36      
Type = (3,-1)
Coords = -2.66360492271789E-01 -6.98022784296069E-02 -1.29498823684238E-02
DistFromNuc =  2.5805530122E-01
Rho =  3.3692877156E+01
DelSqRho =  2.9731582712E+03
GradDelSqRho = -4.5474735089E-12 -3.1832314562E-12  7.1338490670E-12
HessDelSqRho_EigVals = -1.1921663498E+06 -1.5287101558E+04  5.8320287965E+04
HessDelSqRho_EigVec1 =  9.5665575165E-01  2.8447869981E-01  6.2302826567E-02
HessDelSqRho_EigVec2 = -2.7083951325E-01  9.4773091418E-01 -1.6867742102E-01
HessDelSqRho_EigVec3 = -1.0703144820E-01  1.4449215777E-01  9.8370030265E-01
</CP of DelSqRho>
<CP of DelSqRho>
CP# = 37      
Type = (3,-1)
Coords =  4.22649907195721E-01  1.03772865743645E-01 -3.90763204816800E-01
DistFromNuc =  6.0046069627E-01
Rho =  3.7502960936E+00
DelSqRho = -3.1236159204E-01
GradDelSqRho =  1.6342482922E-13  9.9475983006E-14 -1.1368683772E-13
HessDelSqRho_EigVals = -1.4152339387E+03 -9.9005583312E+02  5.5691607318E+03
HessDelSqRho_EigVec1 =  4.9727465215E-01  5.2317207107E-01  6.9210469178E-01
HessDelSqRho_EigVec2 =  4.5944232590E-01 -8.3548820878E-01  3.0145016531E-01
HessDelSqRho_EigVec3 =  7.3595561653E-01  1.6807866326E-01 -6.5583450157E-01
</CP of DelSqRho>
<CP of DelSqRho>
CP# = 38      
Type = (3,-1)
Coords =  3.27860910830837E-01  2.25451127251732E-01  4.52855510255600E-01
DistFromNuc =  6.1003157906E-01
Rho =  3.4763742585E+00
DelSqRho =  6.3862900479E+00
GradDelSqRho =  1.7763568394E-13  1.5631940187E-13  4.2987835513E-13
HessDelSqRho_EigVals = -1.3732740424E+03 -1.0992257144E+03  4.5484659019E+03
HessDelSqRho_EigVec1 =  6.4008242117E-01  3.6869827847E-01 -6.7405939913E-01
HessDelSqRho_EigVec2 = -5.1614365518E-01  8.5622488099E-01 -2.1787161337E-02
HessDelSqRho_EigVec3 =  5.6911353992E-01  3.6185706106E-01  7.3835577200E-01
</CP of DelSqRho>
<CP of DelSqRho>
CP# = 39      
Type = (3,+1)
Coords =  8.95454803671531E-02 -7.30496434492592E-02 -5.29659672842685E-02
DistFromNuc =  1.4498465195E-01
Rho =  1.3783695122E+02
DelSqRho = -1.0737083901E+04
GradDelSqRho = -2.9103830457E-11  2.9103830457E-11  0.0000000000E+00
HessDelSqRho_EigVals = -9.8041171120E+04  1.5352418431E+05  2.4777476662E+07
HessDelSqRho_EigVec1 =  5.9193110250E-01  2.9499886780E-01  7.5006215602E-01
HessDelSqRho_EigVec2 = -2.8544418641E-01 -7.9356756309E-01  5.3737523133E-01
HessDelSqRho_EigVec3 =  7.5375008215E-01 -5.3218999502E-01 -3.8553161071E-01
</CP of DelSqRho>
<CP of DelSqRho>
CP# = 40      
Type = (3,-1)
Coords = -4.54958293484300E-01 -1.12624162202882E-01  3.98459694411467E-01
DistFromNuc =  5.9964211819E-01
Rho =  3.7913082616E+00
DelSqRho = -8.3332486284E-01
GradDelSqRho = -2.6290081223E-13 -1.5987211555E-13  2.7000623959E-13
HessDelSqRho_EigVals = -1.4345551791E+03 -9.9417099789E+02  5.6684389457E+03
HessDelSqRho_EigVec1 =  5.3646676495E-01  4.3956618627E-01  7.2040612018E-01
HessDelSqRho_EigVec2 =  4.2758764138E-01 -8.7753503328E-01  2.1702781919E-01
HessDelSqRho_EigVec3 =  7.2757969945E-01  1.9160854170E-01 -6.5872144925E-01
</CP of DelSqRho>
<CP of DelSqRho>
CP# = 41      
Type = (3,-1)
Coords = -2.14396258917065E-01  5.53639649741006E-01 -8.58889000348605E-02
DistFromNuc =  5.8964800651E-01
Rho =  4.1262650949E+00
DelSqRho = -1.0377448596E+01
GradDelSqRho =  4.2632564146E-14  4.2632564146E-13 -2.7089441801E-14
HessDelSqRho_EigVals = -1.1525966790E+03 -1.0164081479E+03  6.8898888942E+03
HessDelSqRho_EigVec1 =  6.3874371860E-01  3.4007071929E-01  6.9018719767E-01
HessDelSqRho_EigVec2 = -6.9436549143E-01 -1.3165046114E-01  7.0747771724E-01
HessDelSqRho_EigVec3 = -3.3145591903E-01  9.3113912063E-01 -1.5204246702E-01
</CP of DelSqRho>
<CP of DelSqRho>
CP# = 42      
Type = (3,-1)
Coords =  1.74930490150005E-01 -5.40444497990162E-01  1.00313732109242E-01
DistFromNuc =  5.8651216770E-01
Rho =  4.1866540499E+00
DelSqRho = -1.2819993320E+01
GradDelSqRho = -1.9895196601E-13  5.6843418861E-13 -2.0250467969E-13
HessDelSqRho_EigVals = -1.1738314339E+03 -9.5130541380E+02  7.3322799704E+03
HessDelSqRho_EigVec1 =  4.5958356854E-01  3.1149151543E-01  8.3171869003E-01
HessDelSqRho_EigVec2 = -8.2386205292E-01 -2.0024739195E-01  5.3023796523E-01
HessDelSqRho_EigVec3 = -3.3171412585E-01  9.2891012365E-01 -1.6459562839E-01
</CP of DelSqRho>
<CP of DelSqRho>
CP# = 43      
Type = (3,+1)
Coords = -8.84702003449450E-02  6.84017196674575E-02  5.42657782592263E-01
DistFromNuc =  5.4785791981E-01
Rho =  5.4485931487E+00
DelSqRho = -7.6134553401E+01
GradDelSqRho =  3.1263880373E-13 -2.7000623959E-13 -1.7621459847E-12
HessDelSqRho_EigVals = -6.8946281195E+02  2.4749838175E+03  1.4533478786E+04
HessDelSqRho_EigVec1 = -3.9787212281E-01  9.0366131041E-01 -1.5841088963E-01
HessDelSqRho_EigVec2 =  9.0867609944E-01  4.1196250520E-01  6.7783778488E-02
HessDelSqRho_EigVec3 = -1.2651292504E-01  1.1697491346E-01  9.8504383122E-01
</CP of DelSqRho>
<CP of DelSqRho>
CP# = 44      
Type = (3,+1)
Coords =  4.66030389314204E-02 -5.38468269188032E-02 -5.39332013893495E-01
DistFromNuc =  5.4938395052E-01
Rho =  5.3938119365E+00
DelSqRho = -7.3333631242E+01
GradDelSqRho = -1.1368683772E-13 -2.1316282073E-14  2.0605739337E-13
HessDelSqRho_EigVals = -7.4771093102E+02  2.3811405040E+03  1.4132140730E+04
HessDelSqRho_EigVec1 = -3.8274233497E-01  9.1256115611E-01 -1.4401542065E-01
HessDelSqRho_EigVec2 =  9.1586174682E-01  3.9525400992E-01  7.0509065787E-02
HessDelSqRho_EigVec3 = -1.2126650710E-01  1.0491141025E-01  9.8706029717E-01
</CP of DelSqRho>
<CP of DelSqRho>
CP# = 45      
Type = (3,+1)
Coords =  5.09968259983765E-01  1.43108476631808E-01  4.02470392263639E-02
DistFromNuc =  5.4880633321E-01
Rho =  5.4147434270E+00
DelSqRho = -7.4489738123E+01
GradDelSqRho =  1.1795009414E-12  6.3948846218E-13  2.4868995752E-13
HessDelSqRho_EigVals = -6.3597514217E+02  2.3574401568E+03  1.4256956551E+04
HessDelSqRho_EigVec1 = -2.3882105329E-01  9.5494535768E-01 -1.7619270233E-01
HessDelSqRho_EigVec2 = -1.0860688030E-01  1.5403745252E-01  9.8207790362E-01
HessDelSqRho_EigVec3 =  9.6497100996E-01  2.5367661908E-01  6.6926249503E-02
</CP of DelSqRho>
<CP of DelSqRho>
CP# = 46      
Type = (3,+3)
Coords = -3.56493539102112E-01 -4.19409053058263E-01  1.16397958860657E-02
DistFromNuc =  5.4128378343E-01
Rho =  5.7652311132E+00
DelSqRho = -9.2274343136E+01
GradDelSqRho = -1.4210854715E-12 -1.2390088955E-12 -7.8159700934E-14
HessDelSqRho_EigVals =  9.4913633315E+02  2.1561830932E+03  1.6099319024E+04
HessDelSqRho_EigVec1 =  7.8304223461E-01 -6.2141870865E-01  2.6146651098E-02
HessDelSqRho_EigVec2 = -1.0524697726E-02  2.8793916331E-02  9.9952996009E-01
HessDelSqRho_EigVec3 =  6.2187948154E-01  7.8294935911E-01 -1.6006608517E-02
</CP of DelSqRho>
<CP of DelSqRho>
CP# = 47      
Type = (3,+1)
Coords = -4.47677870261382E-01  3.04867198193110E-01  1.86172387367772E-01
DistFromNuc =  5.5422703521E-01
Rho =  5.3120299875E+00
DelSqRho = -6.1601207795E+01
GradDelSqRho = -3.1263880373E-13  5.9685589804E-13  1.7053025658E-13
HessDelSqRho_EigVals = -1.0746581454E+03  1.5683629453E+03  1.3015514498E+04
HessDelSqRho_EigVec1 =  5.5809740774E-01  3.3725152498E-01  7.5814819948E-01
HessDelSqRho_EigVec2 =  2.9990451229E-01  7.6993054257E-01 -5.6326214424E-01
HessDelSqRho_EigVec3 =  7.7368247168E-01 -5.4172720858E-01 -3.2855298583E-01
</CP of DelSqRho>
<CP of DelSqRho>
CP# = 48      
Type = (3,+1)
Coords =  4.16628703302782E-01 -3.01812375657985E-01 -1.57900997876675E-01
DistFromNuc =  5.5665770193E-01
Rho =  5.1823463458E+00
DelSqRho = -5.7748815307E+01
GradDelSqRho =  4.7037929107E-12 -3.7019276533E-12 -2.1174173526E-12
HessDelSqRho_EigVals = -1.0599250442E+03  1.4311132128E+03  1.2466209203E+04
HessDelSqRho_EigVec1 =  5.3730395902E-01  3.6427676258E-01  7.6066214304E-01
HessDelSqRho_EigVec2 =  3.1471614625E-01  7.5016571720E-01 -5.8155407661E-01
HessDelSqRho_EigVec3 =  7.8246929838E-01 -5.5186396601E-01 -2.8842323088E-01
</CP of DelSqRho>
<CP of DelSqRho>
CP# = 49      
Type = (3,+1)
Coords =  4.43216116126944E-02  5.11567708379972E-01  2.24731553348703E-01
DistFromNuc =  5.5739931908E-01
Rho =  5.0841602469E+00
DelSqRho = -5.7352897786E+01
GradDelSqRho = -3.1974423109E-14 -1.5774048734E-12 -4.9737991503E-13
HessDelSqRho_EigVals = -1.1514169576E+03  1.6575834492E+03  1.2356849726E+04
HessDelSqRho_EigVec1 =  7.5065240744E-01  1.8270244366E-01 -6.3493368180E-01
HessDelSqRho_EigVec2 =  6.5083084867E-01 -3.6993793265E-01  6.6299708325E-01
HessDelSqRho_EigVec3 =  1.1375486637E-01  9.1091478365E-01  3.9660318621E-01
</CP of DelSqRho>
<CP of DelSqRho>
CP# = 50      
Type = (3,+1)
Coords = -9.11607484711652E-02 -5.04115487765455E-01 -2.06273144701850E-01
DistFromNuc =  5.5432865041E-01
Rho =  5.2101932525E+00
DelSqRho = -6.1970550180E+01
GradDelSqRho = -4.2632564146E-14  2.7000623959E-13  4.2632564146E-13
HessDelSqRho_EigVals = -1.0584596512E+03  1.7408882690E+03  1.3061099938E+04
HessDelSqRho_EigVec1 =  7.5794148268E-01  1.5480197447E-01 -6.3368845463E-01
HessDelSqRho_EigVec2 =  6.3991693540E-01 -3.6499788600E-01  6.7622692863E-01
HessDelSqRho_EigVec3 =  1.2661368258E-01  9.1804841480E-01  3.7570744399E-01
</CP of DelSqRho>
<CP of DelSqRho>
CP# = 51      
Type = (3,+1)
Coords =  3.58337499580246E-01 -2.35777410535541E-01  3.25737639106101E-01
DistFromNuc =  5.5197158469E-01
Rho =  5.3465839788E+00
DelSqRho = -6.7032425408E+01
GradDelSqRho = -2.8421709430E-14  1.1368683772E-13  3.8369307731E-13
HessDelSqRho_EigVals = -8.0515622254E+02  1.8366488721E+03  1.3497195992E+04
HessDelSqRho_EigVec1 =  7.0332338565E-01  1.8180017638E-01 -6.8722988226E-01
HessDelSqRho_EigVec2 =  1.9426238924E-01  8.8079291001E-01  4.3181706058E-01
HessDelSqRho_EigVec3 =  6.8381162562E-01 -4.3720995591E-01  5.8416531489E-01
</CP of DelSqRho>
<CP of DelSqRho>
CP# = 52      
Type = (3,+1)
Coords = -3.79581423442215E-01  2.45290490979134E-01 -3.36914365990557E-01
DistFromNuc =  5.5060511459E-01
Rho =  5.4474954254E+00
DelSqRho = -6.9382940382E+01
GradDelSqRho =  5.5422333389E-13 -5.1159076975E-13  6.3948846218E-13
HessDelSqRho_EigVals = -8.5287915111E+02  1.9384906067E+03  1.3814844946E+04
HessDelSqRho_EigVec1 = -7.3199572097E-01 -1.6630430844E-01  6.6070049302E-01
HessDelSqRho_EigVec2 =  1.8781109623E-01  8.8292352184E-01  4.3031737905E-01
HessDelSqRho_EigVec3 =  6.5491164031E-01 -4.3907736399E-01  6.1506244546E-01
</CP of DelSqRho>
<CP of DelSqRho>
CP# = 53      
Type = (3,+1)
Coords = -5.33334004874876E-01 -1.79561180853483E-01 -2.82325120730704E-02
DistFromNuc =  5.4644939630E-01
Rho =  5.5536905414E+00
DelSqRho = -7.8591750612E+01
GradDelSqRho = -2.5579538487E-13 -1.1368683772E-13  7.1054273576E-14
HessDelSqRho_EigVals = -6.4252751376E+02  2.5059673999E+03  1.4855451887E+04
HessDelSqRho_EigVec1 = -3.2128172613E-01  9.3393378596E-01 -1.5667078828E-01
HessDelSqRho_EigVec2 = -1.0524894351E-01  1.2920135430E-01  9.8601707386E-01
HessDelSqRho_EigVec3 =  9.4111673683E-01  3.3327870243E-01  5.6785510154E-02
</CP of DelSqRho>
<CP of DelSqRho>
CP# = 54      
Type = (3,+3)
Coords =  5.48324384038850E-02 -2.03206721643773E-01  4.97347236385696E-01
DistFromNuc =  5.4130181049E-01
Rho =  5.7761232878E+00
DelSqRho = -9.1800356677E+01
GradDelSqRho = -2.1316282073E-13  0.0000000000E+00 -6.2527760747E-13
HessDelSqRho_EigVals =  9.7447873205E+02  2.0067470811E+03  1.6116918849E+04
HessDelSqRho_EigVec1 = -6.2450318139E-01  6.8172546155E-01  3.8111175723E-01
HessDelSqRho_EigVec2 =  7.6866573464E-01  6.2293779155E-01  1.4526354066E-01
HessDelSqRho_EigVec3 =  1.3837906208E-01 -3.8366509214E-01  9.1304563536E-01
</CP of DelSqRho>
<CP of DelSqRho>
CP# = 55      
Type = (3,+3)
Coords = -9.39936475850573E-02  2.20431525473301E-01 -4.88337962365770E-01
DistFromNuc =  5.4187905947E-01
Rho =  5.7719840611E+00
DelSqRho = -9.0150757687E+01
GradDelSqRho =  1.8474111130E-13 -4.2632564146E-14  4.2632564146E-14
HessDelSqRho_EigVals =  1.0066233360E+03  1.8304037516E+03  1.5926329946E+04
HessDelSqRho_EigVec1 = -6.6261940737E-01  6.4281407858E-01  3.8435085710E-01
HessDelSqRho_EigVec2 =  7.3631559095E-01  6.5300083539E-01  1.7728299272E-01
HessDelSqRho_EigVec3 =  1.3702142715E-01 -4.0047468004E-01  9.0600505470E-01
</CP of DelSqRho>
<CP of DelSqRho>
CP# = 56      
Type = (3,+3)
Coords = -5.42539495951162E-01  1.12561081778454E-01 -7.88856634294768E-02
DistFromNuc =  5.4022214507E-01
Rho =  5.8997121366E+00
DelSqRho = -9.2034721013E+01
GradDelSqRho = -8.6686213763E-13  3.5527136788E-13 -1.8474111130E-13
HessDelSqRho_EigVals =  9.6249854955E+02  1.7491598546E+03  1.6405761009E+04
HessDelSqRho_EigVec1 =  2.3926031666E-01  9.2213394741E-01 -3.0401230882E-01
HessDelSqRho_EigVec2 = -7.7610625748E-02  3.3026747934E-01  9.4069122610E-01
HessDelSqRho_EigVec3 =  9.6784869254E-01 -2.0147549511E-01  1.5058729437E-01
</CP of DelSqRho>
<CP of DelSqRho>
CP# = 57      
Type = (3,+1)
Coords = -1.53351463809023E-01 -4.39471740281730E-01  3.18686454926789E-01
DistFromNuc =  5.6073461661E-01
Rho =  4.9922698503E+00
DelSqRho = -5.0891619377E+01
GradDelSqRho = -1.8474111130E-13 -5.9330318436E-13  3.1263880373E-13
HessDelSqRho_EigVals = -1.2716563651E+03  1.2905174995E+03  1.1658414657E+04
HessDelSqRho_EigVec1 =  5.9452613681E-01  3.3972705226E-01  7.2878268545E-01
HessDelSqRho_EigVec2 = -7.6855817999E-01  5.0650008934E-01  3.9086568469E-01
HessDelSqRho_EigVec3 =  2.3634084840E-01  7.9249175987E-01 -5.6222754639E-01
</CP of DelSqRho>
<CP of DelSqRho>
CP# = 58      
Type = (3,+1)
Coords =  1.14509324693831E-01  4.36523002331498E-01 -3.22753867240022E-01
DistFromNuc =  5.5764856810E-01
Rho =  5.1097510665E+00
DelSqRho = -5.5474358239E+01
GradDelSqRho =  3.2578384435E-12  3.8760106236E-12  1.6626700017E-12
HessDelSqRho_EigVals = -1.2453880063E+03  1.4442078773E+03  1.2336122944E+04
HessDelSqRho_EigVec1 =  6.0557214724E-01  3.5039778242E-01  7.1449546434E-01
HessDelSqRho_EigVec2 = -7.5866107411E-01  5.2525112170E-01  3.8541488528E-01
HessDelSqRho_EigVec3 =  2.4024102298E-01  7.7545641607E-01 -5.8391060759E-01
</CP of DelSqRho>
<CP of DelSqRho>
CP# = 59      
Type = (3,+3)
Coords =  5.05811935687213E-01 -1.10611841077650E-01  9.04239090343101E-02
DistFromNuc =  5.4493727344E-01
Rho =  5.6386169182E+00
DelSqRho = -8.3276301712E+01
GradDelSqRho = -8.9883656074E-13  4.6185277824E-13 -5.1159076975E-13
HessDelSqRho_EigVals =  7.7906749268E+02  1.5739527912E+03  1.5109075026E+04
HessDelSqRho_EigVec1 =  2.5512097346E-01  9.0756022711E-01 -3.3353818832E-01
HessDelSqRho_EigVec2 = -7.4867725885E-02  3.6245886137E-01  9.2898783492E-01
HessDelSqRho_EigVec3 =  9.6400628241E-01 -2.1203303512E-01  1.6041782786E-01
</CP of DelSqRho>
<CP of DelSqRho>
CP# = 60      
Type = (3,+3)
Coords =  3.14018714565834E-01  4.27654135784482E-01 -1.73707486910117E-02
DistFromNuc =  5.3949652131E-01
Rho =  5.8266697740E+00
DelSqRho = -9.6489027351E+01
GradDelSqRho = -2.7569058147E-12 -2.9665159218E-12  1.2789769244E-13
HessDelSqRho_EigVals =  1.1869291196E+03  2.2078283780E+03  1.6647491828E+04
HessDelSqRho_EigVec1 =  7.8422812076E-01 -6.1317527619E-01  9.4880636985E-02
HessDelSqRho_EigVec2 = -5.0421080721E-02  8.9432246503E-02  9.9471583274E-01
HessDelSqRho_EigVec3 =  6.1842054399E-01  7.8486811246E-01 -3.9218322514E-02
</CP of DelSqRho>
<CP of DelSqRho>
CP# = 61      
Type = (3,+3)
Coords = -1.89443314677691E-01  3.19892850373815E-01  4.09009947000248E-01
DistFromNuc =  5.4163866690E-01
Rho =  5.7646074569E+00
DelSqRho = -9.0985010356E+01
GradDelSqRho =  2.5579538487E-13  9.2370555649E-14  4.9027448767E-13
HessDelSqRho_EigVals =  1.0294314886E+03  1.9093640624E+03  1.6004780537E+04
HessDelSqRho_EigVec1 = -2.7477815198E-01  6.9997563383E-01 -6.5918971415E-01
HessDelSqRho_EigVec2 = -9.0843079018E-01 -4.1362729117E-01 -6.0547200177E-02
HessDelSqRho_EigVec3 = -3.1504042065E-01  5.8219118513E-01  7.4953516082E-01
</CP of DelSqRho>
<CP of DelSqRho>
CP# = 62      
Type = (3,+3)
Coords =  1.44313024856283E-01 -3.27762026981909E-01 -3.91411550129253E-01
DistFromNuc =  5.4093265849E-01
Rho =  5.7949590393E+00
DelSqRho = -9.2652116597E+01
GradDelSqRho =  4.2632564146E-14  1.6697754290E-13  2.4868995752E-13
HessDelSqRho_EigVals =  1.1328248783E+03  1.9089461987E+03  1.6217213850E+04
HessDelSqRho_EigVec1 = -1.4695852867E-01  7.2428300509E-01 -6.7365964655E-01
HessDelSqRho_EigVec2 =  9.4118432811E-01  3.1188385226E-01  1.3000201234E-01
HessDelSqRho_EigVec3 = -3.0426181384E-01  6.1493299736E-01  7.2751780556E-01
</CP of DelSqRho>
<CP of DelSqRho>
CP# = 63      
Type = (3,+1)
