 AIMInt (Version 19.02.13, Professional)
 Portions Copyright (c) 1997-2019 by Todd A. Keith
 AIMInt is a component of the AIMAll package ( http://aim.tkgristmill.com )

 TP:  64-bit Linux

 Licensed To:  Research Group of Fernando Cortes Guzman, UNAM, fercor@unam.mx

 AIMInt is a heavily modified and extended version of the PROAIMV program
 developed by members of R.F.W. Bader's research group

 Much of the Quantum Theory of Atoms in Molecules (QTAIM) is described in the book:
   "Atoms in Molecules - A Quantum Theory"
   R.F.W. Bader, Oxford University Press, Oxford, 1990

 For additional references see:  http://aim.tkgristmill.com/references.html

 Current Directory:  /home/scratch/M_H2O_4_tetraedrico/Opt

 Inp File:  Ni3_tetraedrico_cc-pvtz-def2-tzv_1_atomicfiles/o2.inp
 Wfx File:  Ni3_tetraedrico_cc-pvtz-def2-tzv_1.wfx
 Out File:  Ni3_tetraedrico_cc-pvtz-def2-tzv_1_atomicfiles/o2.int

 Wfx Title:   Ni3_tetraedrico_cc-pvtz-def2-tzv_1                                            
 Job Title:   Ni3_tetraedrico_cc-pvtz-def2-tzv_1                                            
 
<Atom>
O2      
</Atom>
<Nuclei of Molecule>
    13
Ni1       28.0          -1.9658446202E-02   4.2117756101E-03   2.9422150243E-03
O2         8.0           1.5643971575E+00   1.5980980662E+00  -2.5757127880E+00
H3         1.0           1.2751616075E+00   1.0149137137E+00  -4.3474208235E+00
O4         8.0           5.6549533666E-01  -3.3593858365E+00  -2.0435848117E-01
H5         1.0           2.1557398186E+00  -4.1710424579E+00  -7.9370600963E-01
O6         8.0          -3.3840126069E+00   5.9016487328E-01  -1.8927523149E-01
H7         1.0          -4.8509896627E+00  -5.6719300002E-01   9.3804640718E-02
O8         8.0           1.1754869943E+00   1.1879707089E+00   2.9811143808E+00
H9         1.0           2.6872577106E+00   4.4290419799E-01   3.8312563393E+00
H10        1.0          -3.6827646439E-01  -4.6967050828E+00   7.3508471953E-01
H11        1.0           3.2627401777E+00   2.4106027172E+00  -2.5651221427E+00
H12        1.0          -4.2022035387E+00   2.2715926883E+00  -4.7149471405E-01
H13        1.0           1.2200717926E+00   3.0422150121E+00   3.3410729291E+00
</Nuclei of Molecule>
<Total Number of CPs of DelSqRho>
    36
</Total Number of CPs of DelSqRho>
<Number of (3,+3) CPs of DelSqRho>
     5
</Number of (3,+3) CPs of DelSqRho>
<Number of (3,+1) CPs of DelSqRho>
    14
</Number of (3,+1) CPs of DelSqRho>
<Number of (3,-1) CPs of DelSqRho>
    13
</Number of (3,-1) CPs of DelSqRho>
<Number of (3,-3) CPs of DelSqRho>
     4
</Number of (3,-3) CPs of DelSqRho>
<Number of Degenerate CPs of DelSqRho>
     0
</Number of Degenerate CPs of DelSqRho>
<CP of DelSqRho>
CP# = 1       
Type = (3,+3)
Coords =  1.56439741524790E+00  1.59809791711407E+00 -2.57571296273244E+00
DistFromNuc =  3.4522630877E-07
Rho =  2.9735468182E+02
DelSqRho = -3.3298538344E+06
GradDelSqRho = -8.7398766482E-06 -3.3925152820E-06 -2.2354814064E-05
HessDelSqRho_EigVals =  1.3241989127E+11  1.3241991043E+11  1.3241991560E+11
HessDelSqRho_EigVec1 = -5.6317203169E-01  8.2606288832E-01 -2.1386146450E-02
HessDelSqRho_EigVec2 =  4.9346997416E-01  3.1544092045E-01 -8.1054574843E-01
HessDelSqRho_EigVec3 =  6.6281569635E-01  4.6703011706E-01  5.8528473621E-01
</CP of DelSqRho>
<CP of DelSqRho>
CP# = 2       
Type = (3,-1)
Coords =  6.25930933890604E-01  1.03348909627637E+00 -1.54640914044716E+00
DistFromNuc =  1.5029864073E+00
Rho =  1.4774192975E-01
DelSqRho =  4.2109890499E-01
GradDelSqRho = -1.2836953722E-15 -3.2057689836E-15  2.7894353494E-15
HessDelSqRho_EigVals = -9.1242218145E-01 -3.5980272582E-01  4.5175826791E+00
HessDelSqRho_EigVec1 =  7.9951153794E-01 -5.9313217484E-01  9.4739241403E-02
HessDelSqRho_EigVec2 =  4.1567266465E-01  6.6022358185E-01  6.2555659842E-01
HessDelSqRho_EigVec3 = -4.3358682701E-01 -4.6075920515E-01  7.7440520292E-01
</CP of DelSqRho>
<CP of DelSqRho>
CP# = 3       
Type = (3,+1)
Coords =  1.67941134499384E+00  1.47913740132430E+00 -2.61030021857980E+00
DistFromNuc =  1.6904494509E-01
Rho =  2.2397329540E+01
DelSqRho =  1.2216126597E+03
GradDelSqRho =  1.3498535623E-11 -6.3096194935E-12 -3.8653524825E-12
HessDelSqRho_EigVals = -3.9738753141E+05  2.9664928529E+03  3.2958626569E+03
HessDelSqRho_EigVec1 = -6.7972093875E-01  7.0484341450E-01  2.0291674761E-01
HessDelSqRho_EigVec2 = -4.2288950950E-01 -6.0264425469E-01  6.7674542115E-01
HessDelSqRho_EigVec3 =  5.9928616552E-01  3.7418666909E-01  7.0770080436E-01
</CP of DelSqRho>
<CP of DelSqRho>
CP# = 4       
Type = (3,-3)
Coords =  1.53249268823174E+00  1.60354829593356E+00 -2.41167959245658E+00
DistFromNuc =  1.6719596111E-01
Rho =  2.2677989941E+01
DelSqRho =  1.2902945129E+03
GradDelSqRho = -1.2754242107E-12 -2.0445867221E-12 -1.6996182239E-11
HessDelSqRho_EigVals = -4.4538461546E+05 -2.8262577409E+03 -2.9974308722E+02
HessDelSqRho_EigVec1 = -1.9407428814E-01  3.4515029107E-02  9.8037945891E-01
HessDelSqRho_EigVec2 =  5.8478545643E-01 -7.9832806710E-01  1.4386892378E-01
HessDelSqRho_EigVec3 =  7.8763007855E-01  6.0123290832E-01  1.3475106428E-01
</CP of DelSqRho>
<CP of DelSqRho>
CP# = 5       
Type = (3,-1)
Coords =  1.59824820285904E+00  1.71759049202196E+00 -2.68894481096782E+00
DistFromNuc =  1.6806494021E-01
Rho =  2.2500874483E+01
DelSqRho =  1.2673143406E+03
GradDelSqRho = -3.9861447476E-12 -7.7307049651E-12 -2.0179413696E-12
HessDelSqRho_EigVals = -4.2354110886E+05 -1.6730022585E+03  6.5760692096E+02
HessDelSqRho_EigVec1 =  1.9778930997E-01  7.1389108010E-01 -6.7174319097E-01
HessDelSqRho_EigVec2 = -7.5704685071E-01  5.4657407687E-01  3.5796207108E-01
HessDelSqRho_EigVec3 =  6.2270334405E-01  4.3773999617E-01  6.4855550345E-01
</CP of DelSqRho>
<CP of DelSqRho>
CP# = 6       
Type = (3,+1)
Coords =  1.47927105199952E+00  1.74121618655886E+00 -2.59242105788454E+00
DistFromNuc =  1.6735715252E-01
Rho =  2.2767092278E+01
DelSqRho =  1.2597131817E+03
GradDelSqRho = -1.7337242753E-12 -2.7853275242E-12 -1.5063505998E-12
HessDelSqRho_EigVals = -4.3701337825E+05  1.5764597061E+03  2.0438407115E+03
HessDelSqRho_EigVec1 = -5.1063954702E-01  8.5431703371E-01 -9.6900252501E-02
HessDelSqRho_EigVec2 =  6.2102788082E-01  2.8854147066E-01 -7.2874425620E-01
HessDelSqRho_EigVec3 =  5.9461888992E-01  4.3230339534E-01  6.7789538287E-01
</CP of DelSqRho>
<CP of DelSqRho>
CP# = 7       
Type = (3,+1)
Coords =  2.16245924232790E+00  1.29194172734198E+00 -2.53113982799474E+00
DistFromNuc =  6.7334739169E-01
Rho =  8.1436925936E-01
DelSqRho = -2.6353913886E+00
GradDelSqRho =  9.0594198809E-14 -2.9309887850E-14  8.8817841970E-16
HessDelSqRho_EigVals = -7.1512457811E+00  8.9362141555E+00  2.0982729946E+02
HessDelSqRho_EigVec1 =  5.0103296291E-01  8.6233944670E-01 -7.3052369876E-02
HessDelSqRho_EigVec2 = -1.4155505931E-02  9.2566499484E-02  9.9560587826E-01
HessDelSqRho_EigVec3 =  8.6531242435E-01 -4.9779726982E-01  5.8585718654E-02
</CP of DelSqRho>
<CP of DelSqRho>
CP# = 8       
Type = (3,-1)
Coords =  1.02419660656803E+00  1.16395662250888E+00 -2.72071333082319E+00
DistFromNuc =  7.0803996055E-01
Rho =  6.9668573947E-01
DelSqRho = -1.2636611551E+00
GradDelSqRho = -1.1990408666E-14 -1.7763568394E-14 -1.3156142842E-14
HessDelSqRho_EigVals = -1.5070649539E+01 -1.0172437997E+01  1.5361546682E+02
HessDelSqRho_EigVec1 = -3.3526296675E-01  1.3308655226E-01  9.3267717498E-01
HessDelSqRho_EigVec2 = -5.3701373968E-01  7.8640811749E-01 -3.0525156207E-01
HessDelSqRho_EigVec3 =  7.7408977937E-01  6.0320000195E-01  1.9218421142E-01
</CP of DelSqRho>
<CP of DelSqRho>
CP# = 9       
Type = (3,-1)
Coords =  1.85540329518992E+00  1.90549979124663E+00 -3.15675039803906E+00
DistFromNuc =  7.1887766484E-01
Rho =  6.7114791974E-01
DelSqRho = -1.0288637156E+00
GradDelSqRho =  3.1885605267E-13 -4.3187675658E-14 -3.2096547642E-13
HessDelSqRho_EigVals = -1.7556555888E+01 -8.2744425608E+00  1.4035531645E+02
HessDelSqRho_EigVec1 = -6.5687743254E-01 -4.7602933135E-01 -5.8472909481E-01
HessDelSqRho_EigVec2 =  6.4314513283E-01 -7.5851196904E-01 -1.0499490911E-01
HessDelSqRho_EigVec3 = -3.9354336068E-01 -4.4503445768E-01  8.0440534231E-01
</CP of DelSqRho>
<CP of DelSqRho>
CP# = 10      
Type = (3,-1)
Coords =  1.86648936288105E+00  1.74876943209887E+00 -1.95137535716908E+00
DistFromNuc =  7.0975966963E-01
Rho =  6.8630550834E-01
DelSqRho = -1.1615208957E+00
GradDelSqRho = -1.3655743203E-14 -8.1046280798E-15 -1.5099033135E-14
HessDelSqRho_EigVals = -1.5463134646E+01 -1.0460855920E+01  1.5070580237E+02
HessDelSqRho_EigVec1 =  8.4752019744E-01  2.6516356885E-01 -4.5978016127E-01
HessDelSqRho_EigVec2 = -3.3543074636E-01  9.3892852733E-01 -7.6807779351E-02
HessDelSqRho_EigVec3 =  4.1133408482E-01  2.1932054697E-01  8.8470490466E-01
</CP of DelSqRho>
<CP of DelSqRho>
CP# = 11      
Type = (3,+3)
Coords =  1.51963265175440E+00  1.07636233646126E+00 -2.14123385651809E+00
DistFromNuc =  6.8042925757E-01
Rho =  7.9908569915E-01
DelSqRho = -3.0271120768E+00
GradDelSqRho =  1.1768364061E-14  3.2862601529E-14 -1.9095836024E-14
HessDelSqRho_EigVals =  3.8049020844E-01  1.4720387928E+01  2.0888250202E+02
HessDelSqRho_EigVec1 =  7.5051630697E-01 -4.3954519924E-01 -4.9348281713E-01
HessDelSqRho_EigVec2 =  6.5928459419E-01  4.4659984244E-01  6.0489040709E-01
HessDelSqRho_EigVec3 =  4.5487326127E-02  7.7932573328E-01 -6.2496584275E-01
</CP of DelSqRho>
<CP of DelSqRho>
CP# = 12      
Type = (3,+1)
Coords =  1.77017930701611E+00  1.03087808552362E+00 -2.87912783991427E+00
DistFromNuc =  6.7538544049E-01
Rho =  8.1031635627E-01
DelSqRho = -2.6249148186E+00
GradDelSqRho =  3.3579805603E-12 -7.8768103151E-12 -3.7281289167E-12
HessDelSqRho_EigVals = -7.1603709850E+00  8.7632072613E+00  2.0674565985E+02
HessDelSqRho_EigVec1 =  4.1192613063E-01 -2.5420227577E-01  8.7504175094E-01
HessDelSqRho_EigVec2 =  8.4617954068E-01  4.6300203463E-01 -2.6383574598E-01
HessDelSqRho_EigVec3 = -3.3807846402E-01  8.4912326486E-01  4.0582340155E-01
</CP of DelSqRho>
<CP of DelSqRho>
CP# = 13      
Type = (3,+3)
Coords =  1.12592365847111E+00  2.02035091116786E+00 -2.42187259671200E+00
DistFromNuc =  6.2787202431E-01
Rho =  1.0021460734E+00
DelSqRho = -4.9729319790E+00
GradDelSqRho =  8.8817841970E-15 -3.0198066270E-14  6.2172489379E-15
HessDelSqRho_EigVals =  1.6408642024E+01  2.4822487749E+01  3.9828417748E+02
HessDelSqRho_EigVec1 = -3.2081622067E-01 -5.8172227548E-01  7.4744641732E-01
HessDelSqRho_EigVec2 =  6.4503250452E-01  4.4367521706E-01  6.2216185183E-01
HessDelSqRho_EigVec3 =  6.9354885961E-01 -6.8172684851E-01 -2.3289156995E-01
</CP of DelSqRho>
<CP of DelSqRho>
CP# = 14      
Type = (3,+1)
Coords =  1.85131064924475E+00  2.21477587157481E+00 -2.49756708943933E+00
DistFromNuc =  6.8462954774E-01
Rho =  7.9057660608E-01
DelSqRho = -2.6035539368E+00
GradDelSqRho = -6.6613381478E-15 -1.7763568394E-15 -4.5796699766E-15
HessDelSqRho_EigVals = -1.5402925982E+01  1.3498863857E+01  2.0265761653E+02
HessDelSqRho_EigVec1 =  9.3928593495E-01 -3.3196402161E-01 -8.6843657026E-02
HessDelSqRho_EigVec2 =  3.9780331854E-02 -1.4603408415E-01  9.8847942389E-01
HessDelSqRho_EigVec3 =  3.4082173875E-01  9.3191948935E-01  1.2396212232E-01
</CP of DelSqRho>
<CP of DelSqRho>
CP# = 15      
Type = (3,+1)
Coords =  1.15844326455026E+00  1.71708306782993E+00 -3.11779917704441E+00
DistFromNuc =  6.8761446100E-01
Rho =  7.8122354837E-01
DelSqRho = -2.5169138770E+00
GradDelSqRho = -7.1054273576E-15 -1.7763568394E-15 -7.1054273576E-15
HessDelSqRho_EigVals = -1.5298409075E+01  1.2565716093E+01  1.9719519687E+02
HessDelSqRho_EigVec1 = -4.0249179655E-01  7.1684866069E-01  5.6932271286E-01
HessDelSqRho_EigVec2 =  6.6469762688E-01  6.5647826501E-01 -3.5666980862E-01
HessDelSqRho_EigVec3 =  6.2942626139E-01 -2.3487078412E-01  7.4071471988E-01
</CP of DelSqRho>
<CP of DelSqRho>
CP# = 16      
Type = (3,+1)
Coords =  1.44798814608167E+00  1.12410136249148E+00 -2.09857687554948E+00
DistFromNuc =  6.8255594057E-01
Rho =  7.9570167047E-01
DelSqRho = -3.0264755714E+00
GradDelSqRho =  1.5099033135E-14  4.4408920985E-15 -8.8817841970E-16
HessDelSqRho_EigVals = -4.4633703003E-01  1.5223706934E+01  2.0681241524E+02
HessDelSqRho_EigVec1 =  7.3644848001E-01 -5.5169658880E-01 -3.9150288657E-01
HessDelSqRho_EigVec2 =  6.5750949765E-01  4.4759843483E-01  6.0608324646E-01
HessDelSqRho_EigVec3 =  1.5913798033E-01  7.0376595190E-01 -6.9237893394E-01
</CP of DelSqRho>
<CP of DelSqRho>
CP# = 17      
Type = (3,+3)
Coords =  2.22137735641282E+00  1.86759701905708E+00 -2.55104013273023E+00
DistFromNuc =  7.1053600000E-01
Rho =  7.8522467806E-01
DelSqRho = -3.4022894942E+00
GradDelSqRho = -6.3629101987E-12 -2.8097524307E-12 -4.0256686873E-13
HessDelSqRho_EigVals =  1.3412281810E+01  2.4723753700E+01  1.5616993084E+02
HessDelSqRho_EigVec1 = -3.5480257522E-01  9.3387467630E-01  4.4645510135E-02
HessDelSqRho_EigVec2 = -3.0682434215E-02 -5.9356938635E-02  9.9776517381E-01
HessDelSqRho_EigVec3 =  9.3443764952E-01  3.5263982021E-01  4.9713543006E-02
</CP of DelSqRho>
<CP of DelSqRho>
CP# = 18      
Type = (3,+3)
Coords =  1.46321511146503E+00  1.32754804814985E+00 -3.22785313969066E+00
DistFromNuc =  7.1324761266E-01
Rho =  7.7542055384E-01
DelSqRho = -3.2817427638E+00
GradDelSqRho =  5.5511151231E-15 -5.1070259133E-15  3.9968028887E-15
HessDelSqRho_EigVals =  1.2673660807E+01  2.3283525920E+01  1.5262192888E+02
HessDelSqRho_EigVec1 =  6.4494918065E-01 -7.2673576817E-01  2.3642266737E-01
HessDelSqRho_EigVec2 =  7.5215578660E-01  5.4886008897E-01 -3.6471122196E-01
HessDelSqRho_EigVec3 =  1.3528572380E-01  4.1304688112E-01  9.0060537803E-01
</CP of DelSqRho>
<CP of DelSqRho>
CP# = 19      
Type = (3,+1)
Coords =  2.62039582581673E+00  2.09507369144196E+00 -2.56488882856445E+00
DistFromNuc =  1.1671482844E+00
Rho =  4.0589526152E-01
DelSqRho = -9.3184813455E-01
GradDelSqRho = -3.8788416923E-15 -1.4988010832E-15  1.3877787808E-15
HessDelSqRho_EigVals = -3.0096659708E+01  1.4292376121E+01  1.4935726577E+01
HessDelSqRho_EigVec1 =  9.0003763993E-01  4.3581037440E-01  1.2507129094E-03
HessDelSqRho_EigVec2 = -4.3549091205E-01  8.9926030584E-01  4.0970329000E-02
HessDelSqRho_EigVec3 =  1.6730577947E-02 -3.7419512325E-02  9.9915958078E-01
</CP of DelSqRho>
<CP of DelSqRho>
CP# = 20      
Type = (3,-1)
Coords =  1.69718008296172E+00  2.74541417236879E+00 -2.31878168591727E+00
DistFromNuc =  1.1832071433E+00
Rho =  2.4095375659E-01
DelSqRho =  7.5570711591E-01
GradDelSqRho = -1.0737938316E-15 -3.1308289294E-14 -7.5148220979E-15
HessDelSqRho_EigVals = -1.7968785075E+01 -1.0481633914E+00  2.2373913997E-01
HessDelSqRho_EigVec1 =  9.5236234825E-02  9.6988303360E-01  2.2418064304E-01
HessDelSqRho_EigVec2 =  9.8185100629E-01 -5.4417743463E-02 -1.8167914203E-01
HessDelSqRho_EigVec3 =  1.6400811269E-01 -2.3741442739E-01  9.5746317352E-01
</CP of DelSqRho>
<CP of DelSqRho>
CP# = 21      
Type = (3,+1)
Coords =  1.27028184367499E+00  8.17829084878511E-01 -1.64473657986810E+00
DistFromNuc =  1.2498160669E+00
Rho =  2.3817477207E-01
DelSqRho =  3.8183169215E-01
GradDelSqRho =  1.6341095144E-14  4.3992587351E-14 -7.3800340838E-14
HessDelSqRho_EigVals = -8.9931145751E+00  7.8995564604E-01  1.0421729980E+00
HessDelSqRho_EigVec1 = -1.9459691553E-01 -6.4599859733E-01  7.3811777700E-01
HessDelSqRho_EigVec2 = -5.9701159717E-01  6.7507077693E-01  4.3342427133E-01
HessDelSqRho_EigVec3 =  7.7827321251E-01  3.5632184663E-01  5.1703534531E-01
</CP of DelSqRho>
<CP of DelSqRho>
CP# = 22      
Type = (3,-3)
Coords =  1.94281947842371E+00  2.19920885955109E+00 -3.47868538982676E+00
DistFromNuc =  1.1488677724E+00
Rho =  2.4373866686E-01
DelSqRho =  8.8273621902E-01
GradDelSqRho = -1.2906342661E-15 -3.2751579226E-15  4.1078251911E-15
HessDelSqRho_EigVals = -1.7978643229E+01 -2.1182903379E+00 -3.8629404856E-01
HessDelSqRho_EigVec1 = -3.1771085966E-01 -5.3363779814E-01  7.8376687225E-01
HessDelSqRho_EigVec2 =  6.5534700296E-01  4.7379967235E-01  5.8824669672E-01
HessDelSqRho_EigVec3 =  6.8525915927E-01 -7.0053163446E-01 -1.9918663047E-01
</CP of DelSqRho>
<CP of DelSqRho>
CP# = 23      
Type = (3,+1)
Coords =  1.38535136430194E+00  1.22716394632293E+00 -3.66734467280137E+00
DistFromNuc =  1.1667517685E+00
Rho =  4.0265009369E-01
DelSqRho = -9.0357928287E-01
GradDelSqRho =  2.7755575616E-16 -1.3877787808E-17 -5.5233595475E-15
HessDelSqRho_EigVals = -2.9184971471E+01  1.3913095740E+01  1.4468383921E+01
HessDelSqRho_EigVec1 =  1.5180897627E-01  3.0160925336E-01  9.4126823648E-01
HessDelSqRho_EigVec2 =  6.1800956334E-01 -7.7216208783E-01  1.4774941537E-01
HessDelSqRho_EigVec3 =  7.7137423754E-01  5.5928308432E-01 -3.0361853903E-01
</CP of DelSqRho>
<CP of DelSqRho>
CP# = 24      
Type = (3,-1)
Coords =  2.51855401583954E+00  1.09603241788040E+00 -2.08528172622437E+00
DistFromNuc =  1.1844863241E+00
Rho =  2.4071122227E-01
DelSqRho =  7.2308015553E-01
GradDelSqRho =  2.8588242884E-15 -2.1926904736E-15  1.3045120539E-15
HessDelSqRho_EigVals = -1.6981244336E+01 -1.4830940082E+00  2.9947345028E-01
HessDelSqRho_EigVec1 =  7.8118835870E-01 -4.4798366511E-01  4.3480499541E-01
HessDelSqRho_EigVec2 =  6.0012769707E-01  7.3077673827E-01 -3.2528772804E-01
HessDelSqRho_EigVec3 = -1.7202178771E-01  5.1504950694E-01  8.3972168601E-01
</CP of DelSqRho>
<CP of DelSqRho>
CP# = 25      
Type = (3,-1)
Coords =  1.55988832571868E+00  4.54590200680016E-01 -2.89351692197057E+00
DistFromNuc =  1.1868572094E+00
Rho =  2.4119965827E-01
DelSqRho =  7.1289431153E-01
GradDelSqRho = -4.5256506875E-13  2.0627249908E-12  4.5670411897E-13
HessDelSqRho_EigVals = -1.6625533458E+01 -1.5088785040E+00  3.0914093707E-01
HessDelSqRho_EigVec1 =  8.4332583647E-03  9.7265705895E-01  2.3209292500E-01
HessDelSqRho_EigVec2 =  1.0070844512E-01 -2.3174722441E-01  9.6754898225E-01
HessDelSqRho_EigVec3 =  9.9488023864E-01  1.5214127052E-02 -9.9909164258E-02
</CP of DelSqRho>
<CP of DelSqRho>
CP# = 26      
Type = (3,-1)
Coords =  6.43672948953153E-01  1.97635970067324E+00 -3.21394169947146E+00
DistFromNuc =  1.1824343854E+00
Rho =  2.4162400521E-01
DelSqRho =  7.5369315121E-01
GradDelSqRho = -2.1926904736E-15 -2.2204460493E-16 -2.5812685323E-15
HessDelSqRho_EigVals = -1.7857476376E+01 -1.0946504090E+00  2.2085538312E-01
HessDelSqRho_EigVec1 =  7.8702607908E-01 -3.2376639893E-01  5.2513357327E-01
HessDelSqRho_EigVec2 = -3.1448003529E-01  5.2176767581E-01  7.9300743999E-01
HessDelSqRho_EigVec3 =  5.3074688718E-01  7.8926156083E-01 -3.0882669952E-01
</CP of DelSqRho>
<CP of DelSqRho>
CP# = 27      
Type = (3,-3)
Coords =  6.05117167878042E-01  1.03083972019663E+00 -2.86324117703910E+00
DistFromNuc =  1.1509442663E+00
Rho =  2.4538644613E-01
DelSqRho =  8.2172988213E-01
GradDelSqRho = -3.2474023470E-15 -9.0899510141E-16 -3.8163916471E-16
HessDelSqRho_EigVals = -1.7523506210E+01 -1.6112651052E+00 -4.1703296550E-01
HessDelSqRho_EigVec1 =  8.4026023433E-01  4.9861836733E-01  2.1293769596E-01
HessDelSqRho_EigVec2 = -2.7585574467E-01  5.5054349433E-02  9.5962108498E-01
HessDelSqRho_EigVec3 = -4.6676155233E-01  8.6507152442E-01 -1.8380672158E-01
</CP of DelSqRho>
<CP of DelSqRho>
CP# = 28      
Type = (3,-3)
Coords =  2.02048786324946E+00  2.00125748475957E+00 -1.60560594638933E+00
DistFromNuc =  1.1452788014E+00
Rho =  2.4441442679E-01
DelSqRho =  8.3902252623E-01
GradDelSqRho = -9.7144514655E-16 -3.3306690739E-16 -2.1510571102E-15
HessDelSqRho_EigVals = -1.7925287853E+01 -1.6772326668E+00 -4.4864292377E-01
HessDelSqRho_EigVec1 =  3.6675356063E-01  3.2869353578E-01  8.7031740492E-01
HessDelSqRho_EigVec2 =  8.1354698496E-01  3.4045885847E-01 -4.7141178280E-01
HessDelSqRho_EigVec3 = -4.5125727588E-01  8.8093605059E-01 -1.4254313642E-01
</CP of DelSqRho>
<CP of DelSqRho>
CP# = 29      
Type = (3,+1)
Coords =  3.58258839187957E+00  1.58361821453513E+00 -2.59734461835323E+00
DistFromNuc =  2.0183591010E+00
Rho =  7.0290784756E-02
DelSqRho =  1.7791972270E-01
GradDelSqRho = -5.6898930012E-16 -4.2674197509E-16 -3.1658703437E-17
HessDelSqRho_EigVals = -1.6906338675E+00  2.6009101883E-02  5.8868826542E-01
HessDelSqRho_EigVec1 =  8.9102686845E-01 -4.5308844374E-01 -2.7963938400E-02
HessDelSqRho_EigVec2 =  3.6966404107E-03 -5.4357153385E-02  9.9851471433E-01
HessDelSqRho_EigVec3 =  4.5393551805E-01  8.8980681163E-01  4.6758779108E-02
</CP of DelSqRho>
<CP of DelSqRho>
CP# = 30      
Type = (3,-1)
Coords =  1.59243010312507E+00  1.76599324264598E+00 -4.57332300339357E+00
DistFromNuc =  2.0048494230E+00
Rho =  7.1195912267E-02
DelSqRho =  1.9090179292E-01
GradDelSqRho = -5.1612360219E-14 -2.5937845621E-13  4.9671551594E-13
HessDelSqRho_EigVals = -2.1699575378E+00 -1.7908354517E-02  5.2747002058E-01
HessDelSqRho_EigVec1 = -2.2669677854E-01 -5.7574526534E-01  7.8557365030E-01
HessDelSqRho_EigVec2 =  9.0283826572E-01 -4.2679275008E-01 -5.2259108667E-02
HessDelSqRho_EigVec3 = -3.6536507299E-01 -6.9739898044E-01 -6.1655739840E-01
</CP of DelSqRho>
<CP of DelSqRho>
CP# = 31      
Type = (3,-1)
Coords =  3.05136417516520E+00  2.71072696800913E+00 -1.80502868843835E+00
DistFromNuc =  2.0107132979E+00
Rho =  7.1909864683E-02
DelSqRho =  1.9312039309E-01
GradDelSqRho = -2.0816681712E-17  1.2490009027E-16 -2.2204460493E-16
HessDelSqRho_EigVals = -2.2288067622E+00 -1.8384332078E-02  4.6912398875E-01
HessDelSqRho_EigVec1 =  3.2384710705E-01  5.5837010779E-01  7.6377082556E-01
HessDelSqRho_EigVec2 = -4.1589675559E-01  8.0911158405E-01 -4.1517265475E-01
HessDelSqRho_EigVec3 =  8.4979582250E-01  1.8319734520E-01 -4.9425276202E-01
</CP of DelSqRho>
<CP of DelSqRho>
CP# = 32      
Type = (3,-1)
Coords =  3.04557634128651E+00  2.71948420876051E+00 -3.32074496811426E+00
DistFromNuc =  2.0016172473E+00
Rho =  7.2106542107E-02
DelSqRho =  1.9271536524E-01
GradDelSqRho = -3.9100667149E-15 -3.6433529804E-15  4.7548770477E-15
HessDelSqRho_EigVals = -2.2079771545E+00 -2.2903914413E-02  5.2828217959E-01
HessDelSqRho_EigVec1 = -3.1402834524E-01 -5.7128957537E-01  7.5829705225E-01
HessDelSqRho_EigVec2 = -4.2572968279E-01  7.9863161478E-01  4.2537252034E-01
HessDelSqRho_EigVec3 =  8.4861088585E-01  1.8925053484E-01  4.9400789415E-01
</CP of DelSqRho>
<CP of DelSqRho>
CP# = 33      
Type = (3,-1)
Coords =  4.46602732331618E-01  1.15733506426963E+00 -4.18580161212967E+00
DistFromNuc =  2.0090103091E+00
Rho =  7.1251357055E-02
DelSqRho =  1.9017132380E-01
GradDelSqRho =  6.9388939039E-18 -4.2500725161E-17 -1.8041124150E-16
HessDelSqRho_EigVals = -2.0549675270E+00 -1.2809728508E-02  5.0477192446E-01
HessDelSqRho_EigVec1 =  9.0361998340E-01  5.0085987257E-02  4.2539666133E-01
HessDelSqRho_EigVec2 =  7.8364955724E-02  9.5704638725E-01 -2.7914359453E-01
HessDelSqRho_EigVec3 = -4.2110552040E-01  2.8557592079E-01  8.6088125439E-01
</CP of DelSqRho>
<CP of DelSqRho>
CP# = 34      
Type = (3,+1)
Coords =  1.77383473346195E+00  3.10673733829210E-01 -4.12419436664414E+00
DistFromNuc =  2.0246285361E+00
Rho =  6.9534045337E-02
DelSqRho =  1.7623678466E-01
GradDelSqRho = -2.8796409701E-16  6.6786853825E-16  1.9255430583E-16
HessDelSqRho_EigVals = -1.6585470784E+00  2.0949489937E-02  5.7756588623E-01
HessDelSqRho_EigVec1 = -3.4248912940E-01  8.3288226174E-01  4.3475088767E-01
HessDelSqRho_EigVec2 =  8.1581004147E-01  4.9315203121E-01 -3.0208450862E-01
HessDelSqRho_EigVec3 = -4.6599911209E-01  2.5121347933E-01 -8.4837292232E-01
</CP of DelSqRho>
<CP of DelSqRho>
CP# = 35      
Type = (3,+1)
Coords =  8.05105825416794E-01  1.74429567991315E+00 -4.41257111931885E+00
DistFromNuc =  1.9929740587E+00
Rho =  7.0918382794E-02
DelSqRho =  1.8891912435E-01
GradDelSqRho = -5.5858095926E-16  3.8163916471E-16 -3.6082248300E-16
HessDelSqRho_EigVals = -1.8830141674E+00  1.1383376834E-02  5.7586440077E-01
HessDelSqRho_EigVec1 =  5.4387380464E-01 -5.1030562812E-01  6.6617524011E-01
HessDelSqRho_EigVec2 = -8.1971080284E-01 -4.9301950758E-01  2.9155782421E-01
HessDelSqRho_EigVec3 = -1.7965379022E-01  7.0464170403E-01  6.8644343147E-01
</CP of DelSqRho>
<CP of DelSqRho>
CP# = 36      
Type = (3,+1)
Coords =  2.81126081299278E+00  3.14963590400457E+00 -2.62027828955600E+00
DistFromNuc =  1.9909607534E+00
Rho =  7.1568916401E-02
DelSqRho =  1.8957004696E-01
GradDelSqRho = -8.3266726847E-17 -5.2041704279E-18  5.1282762759E-17
HessDelSqRho_EigVals = -1.9088593531E+00  1.7374203751E-02  5.8088979591E-01
HessDelSqRho_EigVec1 =  1.3907662768E-01  9.8861611527E-01 -5.7409652966E-02
HessDelSqRho_EigVec2 = -2.7686926184E-02  6.1832247744E-02  9.9770246429E-01
HessDelSqRho_EigVec3 =  9.8989450233E-01 -1.3716759734E-01  3.5971161906E-02
</CP of DelSqRho>
<Path of -GradDelSqRho>
Starting CP# =      3
Ending CP# =      1
Number of Points =      7
  1.6794113450E+00  1.4791374013E+00 -2.6103002186E+00  2.2397329540E+01  1.2216126597E+03
  1.6624138170E+00  1.4967508003E+00 -2.6052157182E+00  3.2547712549E+01  9.7926764145E+02
  1.6454091873E+00  1.5143520528E+00 -2.6001129292E+00  4.7661434027E+01 -7.4554226638E+02
  1.6284014099E+00  1.5319479079E+00 -2.5950020201E+00  7.0104292068E+01 -6.2337152210E+03
  1.6113914597E+00  1.5495400312E+00 -2.5898854995E+00  1.0339014118E+02 -2.0066813403E+04
  1.5943778298E+00  1.5671258272E+00 -2.5847594708E+00  1.5332843414E+02 -7.3375171777E+04
  1.5643974152E+00  1.5980979171E+00 -2.5757129627E+00  2.9735468182E+02 -3.3298538344E+06
</Path of -GradDelSqRho>
<Path of -GradDelSqRho>
Starting CP# =      3
Ending CP# =      0
Number of Points =     49
  1.6794113450E+00  1.4791374013E+00 -2.6103002186E+00  2.2397329540E+01  1.2216126597E+03
  1.6964007094E+00  1.4615100900E+00 -2.6153637503E+00  1.5531864917E+01  1.1415406833E+03
  1.7133866026E+00  1.4438768849E+00 -2.6204184022E+00  1.0873057208E+01  9.7362351657E+02
  1.7303716310E+00  1.4262422194E+00 -2.6254708655E+00  7.7211700560E+00  7.6714824203E+02
  1.7473544991E+00  1.4086038979E+00 -2.6305178247E+00  5.5964082391E+00  5.6827625895E+02
  1.7643331072E+00  1.3909583714E+00 -2.6355539181E+00  4.1645531099E+00  4.0566721944E+02
  1.7813052223E+00  1.3733018888E+00 -2.6405734677E+00  3.1968467608E+00  2.8428320818E+02
  1.7982686706E+00  1.3556308329E+00 -2.6455709799E+00  2.5396668420E+00  1.9695227166E+02
  1.8152215256E+00  1.3379420452E+00 -2.6505416323E+00  2.0904487997E+00  1.3454171766E+02
  1.8321620025E+00  1.3202326511E+00 -2.6554810101E+00  1.7803562274E+00  8.9932080545E+01
  1.8490879603E+00  1.3024992417E+00 -2.6603838595E+00  1.5628577354E+00  5.8289197825E+01
  1.8659962271E+00  1.2847367942E+00 -2.6652424242E+00  1.4064619104E+00  3.6275776158E+01
  1.8828818665E+00  1.2669375572E+00 -2.6700446947E+00  1.2900138164E+00  2.1392132755E+01
  1.8997372237E+00  1.2490896841E+00 -2.6747722066E+00  1.1995034438E+00  1.1659839043E+01
  1.9165503617E+00  1.2311751093E+00 -2.6793965382E+00  1.1258125602E+00  5.5162985433E+00
  1.9333021501E+00  1.2131658074E+00 -2.6838729735E+00  1.0631060081E+00  1.7750586080E+00
  1.9499601952E+00  1.1950165169E+00 -2.6881277364E+00  1.0077010475E+00 -4.1808396491E-01
  1.9664638704E+00  1.1766482946E+00 -2.6920277581E+00  9.5730034924E-01 -1.6455979546E+00
  1.9826760951E+00  1.1579018087E+00 -2.6952884443E+00  9.1051047141E-01 -2.2851507183E+00
  1.9981339118E+00  1.1383519993E+00 -2.6970425255E+00  8.6671866000E-01 -2.5715409888E+00
  2.0080138416E+00  1.1172174182E+00 -2.6912266723E+00  8.3171963798E-01 -2.6548142678E+00
  2.0001256304E+00  1.1038564478E+00 -2.6718448870E+00  8.3000555166E-01 -2.6849760055E+00
  1.9900057439E+00  1.0925257183E+00 -2.6519920813E+00  8.3170872298E-01 -2.7132786581E+00
  1.9791897696E+00  1.0817199962E+00 -2.6322135844E+00  8.3312277070E-01 -2.7400124583E+00
  1.9676987936E+00  1.0714448582E+00 -2.6125332127E+00  8.3422929730E-01 -2.7652095571E+00
  1.9555562948E+00  1.0617219614E+00 -2.5929637546E+00  8.3503302323E-01 -2.7889079399E+00
  1.9427960692E+00  1.0525795662E+00 -2.5735078320E+00  8.3554088315E-01 -2.8111498783E+00
  1.9294611647E+00  1.0440516968E+00 -2.5541585064E+00  8.3576178358E-01 -2.8319806295E+00
  1.9156017247E+00  1.0361766342E+00 -2.5349012870E+00  8.3570645463E-01 -2.8514475731E+00
  1.9012719276E+00  1.0289947712E+00 -2.5157174710E+00  8.3538733355E-01 -2.8695997362E+00
  1.8865263063E+00  1.0225459957E+00 -2.4965884322E+00  8.3481847643E-01 -2.8864875121E+00
  1.8714158630E+00  1.0168668788E+00 -2.4775001911E+00  8.3401547566E-01 -2.9021623269E+00
  1.8559845026E+00  1.0119880640E+00 -2.4584474323E+00  8.3299535287E-01 -2.9166760625E+00
  1.8402663856E+00  1.0079323254E+00 -2.4394361755E+00  8.3177640372E-01 -2.9300801940E+00
  1.8242847561E+00  1.0047137173E+00 -2.4204845695E+00  8.3037799190E-01 -2.9424247583E+00
  1.8080525645E+00  1.0023380287E+00 -2.4016217249E+00  8.2882031137E-01 -2.9537573652E+00
  1.7915747875E+00  1.0008044272E+00 -2.3828849831E+00  8.2712414705E-01 -2.9641224526E+00
  1.7748518830E+00  1.0001078431E+00 -2.3643163684E+00  8.2531065771E-01 -2.9735608958E+00
  1.7578835008E+00  1.0002414603E+00 -2.3459590853E+00  8.2340119017E-01 -2.9821099819E+00
  1.7406715660E+00  1.0011987222E+00 -2.3278547788E+00  8.2141712104E-01 -2.9898036986E+00
  1.7232221555E+00  1.0029744916E+00 -2.3100419513E+00  8.1937971907E-01 -2.9966732767E+00
  1.7055460603E+00  1.0055653233E+00 -2.2925555449E+00  8.1731002522E-01 -3.0027479482E+00
  1.6876583386E+00  1.0089690739E+00 -2.2754273793E+00  8.1522875118E-01 -3.0080558932E+00
  1.6695773740E+00  1.0131841952E+00 -2.2586869903E+00  8.1315619867E-01 -3.0126253609E+00
  1.6513239100E+00  1.0182090252E+00 -2.2423624609E+00  8.1111219941E-01 -3.0164859414E+00
  1.6329203292E+00  1.0240412528E+00 -2.2264810119E+00  8.0911607440E-01 -3.0196699672E+00
  1.6143902291E+00  1.0306775877E+00 -2.2110693121E+00  8.0718660967E-01 -3.0222140129E+00
  1.5957622027E+00  1.0380788818E+00 -2.1961323184E+00  8.0528061776E-01 -3.0241601944E+00
  1.5924154116E+00  1.0399813435E+00 -2.1938738228E+00  8.0587023328E-01 -3.0244127150E+00
</Path of -GradDelSqRho>
<Path of -GradDelSqRho>
Starting CP# =      6
Ending CP# =     13
Number of Points =     29
  1.4792710520E+00  1.7412161866E+00 -2.5924210579E+00  2.2767092278E+01  1.2597131817E+03
  1.4664928645E+00  1.7625688508E+00 -2.5948255343E+00  1.5765230662E+01  1.1739716190E+03
  1.4537017599E+00  1.7839159246E+00 -2.5972109225E+00  1.1026426989E+01  9.9966833694E+02
  1.4409072013E+00  1.8052614962E+00 -2.5995912245E+00  7.8294441308E+00  7.8740206730E+02
  1.4281056789E+00  1.8266040357E+00 -2.6019612462E+00  5.6817600256E+00  5.8257557153E+02
  1.4152904012E+00  1.8479405668E+00 -2.6043109291E+00  4.2407054453E+00  4.1455481574E+02
  1.4024538122E+00  1.8692677344E+00 -2.6066290595E+00  3.2717351802E+00  2.8889780872E+02
  1.3895881830E+00  1.8905820337E+00 -2.6089041253E+00  2.6173991620E+00  1.9848092105E+02
  1.3766861597E+00  1.9118800280E+00 -2.6111251118E+00  2.1727127662E+00  1.3395296697E+02
  1.3637403786E+00  1.9331581532E+00 -2.6132809144E+00  1.8673695352E+00  8.7954595611E+01
  1.3507416767E+00  1.9544118584E+00 -2.6153576372E+00  1.6539909067E+00  5.5467317942E+01
  1.3376764168E+00  1.9756342369E+00 -2.6173344980E+00  1.5006491509E+00  3.3017181329E+01
  1.3245231329E+00  1.9968141213E+00 -2.6191785554E+00  1.3860273079E+00  1.7994273233E+01
  1.3112475692E+00  2.0179329234E+00 -2.6208366577E+00  1.2961349146E+00  8.3262549696E+00
  1.2977938241E+00  2.0389583174E+00 -2.6222205511E+00  1.2219908504E+00  2.3724126933E+00
  1.2840664328E+00  2.0598295833E+00 -2.6231752978E+00  1.1579785779E+00 -1.1142091588E+00
  1.2698890968E+00  2.0804168061E+00 -2.6234010657E+00  1.1007274161E+00 -3.0308770979E+00
  1.2548912547E+00  2.1003694830E+00 -2.6222076386E+00  1.0485234227E+00 -3.9889825253E+00
  1.2381706217E+00  2.1181875147E+00 -2.6174112047E+00  1.0022623133E+00 -4.3898397940E+00
  1.2203631203E+00  2.1247188773E+00 -2.6025936996E+00  9.7780719879E-01 -4.5271020809E+00
  1.2072286289E+00  2.1177763947E+00 -2.5825698307E+00  9.8000687965E-01 -4.6173153167E+00
  1.1956488817E+00  2.1083973553E+00 -2.5624992487E+00  9.8548870887E-01 -4.6977508964E+00
  1.1845800994E+00  2.0982385140E+00 -2.5425186622E+00  9.9041587917E-01 -4.7684552703E+00
  1.1739553493E+00  2.0874091313E+00 -2.5226494687E+00  9.9451980310E-01 -4.8290151484E+00
  1.1637788609E+00  2.0759195790E+00 -2.5029168927E+00  9.9777565856E-01 -4.8791186291E+00
  1.1540572078E+00  2.0637758545E+00 -2.4833474231E+00  1.0001762400E+00 -4.9185658294E+00
  1.1447957700E+00  2.0509835951E+00 -2.4639688805E+00  1.0017217097E+00 -4.9472716746E+00
  1.1359979029E+00  2.0375477393E+00 -2.4448111531E+00  1.0024192430E+00 -4.9652662906E+00
  1.1259236585E+00  2.0203509112E+00 -2.4218725967E+00  1.0021460734E+00 -4.9729319790E+00
</Path of -GradDelSqRho>
<Path of -GradDelSqRho>
Starting CP# =      6
Ending CP# =      1
Number of Points =      7
  1.4792710520E+00  1.7412161866E+00 -2.5924210579E+00  2.2767092278E+01  1.2597131817E+03
  1.4920231997E+00  1.7198523260E+00 -2.5899781144E+00  3.3147802015E+01  9.9116471620E+02
  1.5047541563E+00  1.6984794227E+00 -2.5875039092E+00  4.8638019353E+01 -8.8353386952E+02
  1.5174758680E+00  1.6771025953E+00 -2.5850160801E+00  7.1661869442E+01 -6.6677220473E+03
  1.5301902960E+00  1.6557226866E+00 -2.5825175231E+00  1.0588096277E+02 -2.1695019765E+04
  1.5428931391E+00  1.6343378912E+00 -2.5800019146E+00  1.5720835507E+02 -7.8831774382E+04
  1.5643974152E+00  1.5980979171E+00 -2.5757129627E+00  2.9735468182E+02 -3.3298538344E+06
</Path of -GradDelSqRho>
<Path of -GradDelSqRho>
Starting CP# =      7
Ending CP# =     17
Number of Points =     25
  2.1624592423E+00  1.2919417273E+00 -2.5311398280E+00  8.1436925936E-01 -2.6353913886E+00
  2.1679280961E+00  1.3025141552E+00 -2.5320237135E+00  8.1421860657E-01 -2.6358815810E+00
  2.1791776222E+00  1.3224055130E+00 -2.5335571812E+00  8.1174014050E-01 -2.6398684366E+00
  2.1902530542E+00  1.3447604145E+00 -2.5351474084E+00  8.0994072269E-01 -2.6488494103E+00
  2.2005434784E+00  1.3674944644E+00 -2.5366327693E+00  8.0822855445E-01 -2.6628692614E+00
  2.2100375062E+00  1.3905782444E+00 -2.5380253008E+00  8.0661217924E-01 -2.6820235174E+00
  2.2187249030E+00  1.4139823137E+00 -2.5393351398E+00  8.0509638801E-01 -2.7063079468E+00
  2.2265963925E+00  1.4376772525E+00 -2.5405707942E+00  8.0368230042E-01 -2.7356103202E+00
  2.2336434322E+00  1.4616336980E+00 -2.5417393309E+00  8.0236752012E-01 -2.7697040465E+00
  2.2398579621E+00  1.4858223602E+00 -2.5428465154E+00  8.0114636425E-01 -2.8082441749E+00
  2.2452321317E+00  1.5102140086E+00 -2.5438969118E+00  8.0001016715E-01 -2.8507662218E+00
  2.2497580088E+00  1.5347794242E+00 -2.5448939432E+00  7.9894766008E-01 -2.8966882104E+00
  2.2534272736E+00  1.5594893090E+00 -2.5458399144E+00  7.9794542964E-01 -2.9453162112E+00
  2.2562309026E+00  1.5843141492E+00 -2.5467359895E+00  7.9698845924E-01 -2.9958535471E+00
  2.2581588466E+00  1.6092240257E+00 -2.5475821175E+00  7.9606075786E-01 -3.0474136843E+00
  2.2591997082E+00  1.6341883655E+00 -2.5483768884E+00  7.9514607977E-01 -3.0990366822E+00
  2.2593404296E+00  1.6591756283E+00 -2.5491172945E+00  7.9422873555E-01 -3.1497089373E+00
  2.2585660090E+00  1.6841529216E+00 -2.5497983538E+00  7.9329448742E-01 -3.1983858277E+00
  2.2568592762E+00  1.7090855388E+00 -2.5504125192E+00  7.9233150921E-01 -3.2440167573E+00
  2.2542007807E+00  1.7339364232E+00 -2.5509487447E+00  7.9133136938E-01 -3.2855720099E+00
  2.2505688740E+00  1.7586655654E+00 -2.5513909562E+00  7.9028996246E-01 -3.3220707437E+00
  2.2459401021E+00  1.7832293628E+00 -2.5517154079E+00  7.8920826819E-01 -3.3526093847E+00
  2.2402900494E+00  1.8075799631E+00 -2.5518856920E+00  7.8809276698E-01 -3.3763895936E+00
  2.2335947317E+00  1.8316645075E+00 -2.5518417669E+00  7.8695532438E-01 -3.3927449064E+00
  2.2213773564E+00  1.8675970191E+00 -2.5510401327E+00  7.8522467806E-01 -3.4022894942E+00
</Path of -GradDelSqRho>
<Path of -GradDelSqRho>
Starting CP# =      7
Ending CP# =      0
Number of Points =     34
  2.1624592423E+00  1.2919417273E+00 -2.5311398280E+00  8.1436925936E-01 -2.6353913886E+00
  2.1561338347E+00  1.2822409648E+00 -2.5303068106E+00  8.1606864859E-01 -2.6358406073E+00
  2.1448407322E+00  1.2632111387E+00 -2.5285346353E+00  8.1701399067E-01 -2.6393339831E+00
  2.1309511258E+00  1.2425350874E+00 -2.5264103247E+00  8.1899994684E-01 -2.6469690781E+00
  2.1163504570E+00  1.2223766631E+00 -2.5240886310E+00  8.2098402518E-01 -2.6581450994E+00
  2.1010592974E+00  1.2027652300E+00 -2.5215386347E+00  8.2293854993E-01 -2.6723978218E+00
  2.0851002179E+00  1.1837307753E+00 -2.5187233917E+00  8.2483367594E-01 -2.6892360478E+00
  2.0684980843E+00  1.1653044238E+00 -2.5155986394E+00  8.2663788135E-01 -2.7081521687E+00
  2.0512805121E+00  1.1475192166E+00 -2.5121111254E+00  8.2831856889E-01 -2.7286325453E+00
  2.0334786149E+00  1.1304112210E+00 -2.5081965375E+00  8.2984273254E-01 -2.7501678628E+00
  2.0151282132E+00  1.1140210782E+00 -2.5037770171E+00  8.3117769275E-01 -2.7722636751E+00
  1.9962717394E+00  1.0983961169E+00 -2.4987583322E+00  8.3229191591E-01 -2.7944514096E+00
  1.9769611567E+00  1.0835931543E+00 -2.4930270155E+00  8.3315595551E-01 -2.8163001251E+00
  1.9572622513E+00  1.0696819998E+00 -2.4864482694E+00  8.3374358782E-01 -2.8374292484E+00
  1.9372605069E+00  1.0567493406E+00 -2.4788663718E+00  8.3403325969E-01 -2.8575222478E+00
  1.9170680701E+00  1.0449018493E+00 -2.4701108039E+00  8.3400999375E-01 -2.8763404972E+00
  1.8968294252E+00  1.0342657620E+00 -2.4600129294E+00  8.3366782067E-01 -2.8937351526E+00
  1.8767199185E+00  1.0249781754E+00 -2.4484377692E+00  8.3301245159E-01 -2.9096526879E+00
  1.8569280195E+00  1.0171652039E+00 -2.4353291107E+00  8.3206313402E-01 -2.9241280212E+00
  1.8376157501E+00  1.0109084082E+00 -2.4207518343E+00  8.3085187871E-01 -2.9372610770E+00
  1.8188683325E+00  1.0062138654E+00 -2.4049036708E+00  8.2941886712E-01 -2.9491807788E+00
  1.8006627342E+00  1.0030049435E+00 -2.3880806212E+00  8.2780552704E-01 -2.9600101626E+00
  1.7828787084E+00  1.0011460723E+00 -2.3706132446E+00  8.2604897164E-01 -2.9698464854E+00
  1.7653448652E+00  1.0004824665E+00 -2.3528083578E+00  8.2418020095E-01 -2.9787589566E+00
  1.7478909948E+00  1.0008745227E+00 -2.3349162876E+00  8.2222530052E-01 -2.9867963164E+00
  1.7303835479E+00  1.0022161681E+00 -2.3171225449E+00  8.2020747551E-01 -2.9939955712E+00
  1.7127381127E+00  1.0044379404E+00 -2.2995545929E+00  8.1814852655E-01 -3.0003879689E+00
  1.6949145705E+00  1.0075005199E+00 -2.2822956132E+00  8.1606953558E-01 -3.0060022671E+00
  1.6769042642E+00  1.0113846855E+00 -2.2653997061E+00  8.1399106634E-01 -3.0108665853E+00
  1.6587168784E+00  1.0160820013E+00 -2.2489047747E+00  8.1193318226E-01 -3.0150098146E+00
  1.6403710238E+00  1.0215883270E+00 -2.2328412288E+00  8.0991542712E-01 -3.0184630042E+00
  1.6218891119E+00  1.0279003041E+00 -2.2172366032E+00  8.0795680837E-01 -3.0212608294E+00
  1.6032951689E+00  1.0350146213E+00 -2.2021178614E+00  8.0607709744E-01 -3.0234431374E+00
  1.5946557410E+00  1.0390143754E+00 -2.1956121260E+00  8.0605422803E-01 -3.0242232145E+00
</Path of -GradDelSqRho>
<Path of -GradDelSqRho>
Starting CP# =     12
Ending CP# =      0
Number of Points =     34
  1.7701793070E+00  1.0308780855E+00 -2.8791278399E+00  8.1031635627E-01 -2.6249148186E+00
  1.7748509525E+00  1.0283516815E+00 -2.8684991360E+00  8.1214673349E-01 -2.6253892859E+00
  1.7839297782E+00  1.0227363841E+00 -2.8486266887E+00  8.1341098840E-01 -2.6290248261E+00
  1.7933338033E+00  1.0175889513E+00 -2.8260434573E+00  8.1568643611E-01 -2.6368284533E+00
  1.8022118534E+00  1.0130757290E+00 -2.8031143465E+00  8.1795858013E-01 -2.6482385349E+00
  1.8105252130E+00  1.0091862555E+00 -2.7798615669E+00  8.2019964571E-01 -2.6628057550E+00
  1.8182303712E+00  1.0059060765E+00 -2.7563073574E+00  8.2237931940E-01 -2.6800462185E+00
  1.8252777220E+00  1.0032161843E+00 -2.7324740514E+00  8.2446523961E-01 -2.6994526646E+00
  1.8316098118E+00  1.0010922968E+00 -2.7083842810E+00  8.2642356970E-01 -2.7205055591E+00
  1.8371590561E+00  9.9950393192E-01 -2.6840614389E+00  8.2821964520E-01 -2.7426841816E+00
  1.8418448210E+00  9.9841321261E-01 -2.6595305748E+00  8.2981869818E-01 -2.7654779070E+00
  1.8455698003E+00  9.9777334736E-01 -2.6348200075E+00  8.3118667336E-01 -2.7883979616E+00
