 AIMInt (Version 19.02.13, Professional)
 Portions Copyright (c) 1997-2019 by Todd A. Keith
 AIMInt is a component of the AIMAll package ( http://aim.tkgristmill.com )

 TP:  64-bit Linux

 Licensed To:  Research Group of Fernando Cortes Guzman, UNAM, fercor@unam.mx

 AIMInt is a heavily modified and extended version of the PROAIMV program
 developed by members of R.F.W. Bader's research group

 Much of the Quantum Theory of Atoms in Molecules (QTAIM) is described in the book:
   "Atoms in Molecules - A Quantum Theory"
   R.F.W. Bader, Oxford University Press, Oxford, 1990

 For additional references see:  http://aim.tkgristmill.com/references.html

 Current Directory:  /home/scratch/M_H2O_4_tetraedrico/Opt

 Inp File:  Ni3_tetraedrico_cc-pvtz-def2-tzv_1_atomicfiles/o4.inp
 Wfx File:  Ni3_tetraedrico_cc-pvtz-def2-tzv_1.wfx
 Out File:  Ni3_tetraedrico_cc-pvtz-def2-tzv_1_atomicfiles/o4.int

 Wfx Title:   Ni3_tetraedrico_cc-pvtz-def2-tzv_1                                            
 Job Title:   Ni3_tetraedrico_cc-pvtz-def2-tzv_1                                            
 
<Atom>
O4      
</Atom>
<Nuclei of Molecule>
    13
Ni1       28.0          -1.9658446202E-02   4.2117756101E-03   2.9422150243E-03
O2         8.0           1.5643971575E+00   1.5980980662E+00  -2.5757127880E+00
H3         1.0           1.2751616075E+00   1.0149137137E+00  -4.3474208235E+00
O4         8.0           5.6549533666E-01  -3.3593858365E+00  -2.0435848117E-01
H5         1.0           2.1557398186E+00  -4.1710424579E+00  -7.9370600963E-01
O6         8.0          -3.3840126069E+00   5.9016487328E-01  -1.8927523149E-01
H7         1.0          -4.8509896627E+00  -5.6719300002E-01   9.3804640718E-02
O8         8.0           1.1754869943E+00   1.1879707089E+00   2.9811143808E+00
H9         1.0           2.6872577106E+00   4.4290419799E-01   3.8312563393E+00
H10        1.0          -3.6827646439E-01  -4.6967050828E+00   7.3508471953E-01
H11        1.0           3.2627401777E+00   2.4106027172E+00  -2.5651221427E+00
H12        1.0          -4.2022035387E+00   2.2715926883E+00  -4.7149471405E-01
H13        1.0           1.2200717926E+00   3.0422150121E+00   3.3410729291E+00
</Nuclei of Molecule>
<Total Number of CPs of DelSqRho>
    37
</Total Number of CPs of DelSqRho>
<Number of (3,+3) CPs of DelSqRho>
     5
</Number of (3,+3) CPs of DelSqRho>
<Number of (3,+1) CPs of DelSqRho>
    14
</Number of (3,+1) CPs of DelSqRho>
<Number of (3,-1) CPs of DelSqRho>
    13
</Number of (3,-1) CPs of DelSqRho>
<Number of (3,-3) CPs of DelSqRho>
     5
</Number of (3,-3) CPs of DelSqRho>
<Number of Degenerate CPs of DelSqRho>
     0
</Number of Degenerate CPs of DelSqRho>
<CP of DelSqRho>
CP# = 1       
Type = (3,+3)
Coords =  5.65495473333067E-01 -3.35938606316534E+00 -2.04358333115478E-01
DistFromNuc =  3.0326594733E-07
Rho =  2.9732015942E+02
DelSqRho = -3.3295166831E+06
GradDelSqRho =  2.2852154871E-06 -2.3340993721E-05  7.2549755714E-07
HessDelSqRho_EigVals =  1.3240681844E+11  1.3240683733E+11  1.3240684272E+11
HessDelSqRho_EigVec1 =  4.9386254162E-01  1.2897820482E-01  8.5992116654E-01
HessDelSqRho_EigVec2 = -2.1546608065E-01  9.7624788333E-01 -2.2681234027E-02
HessDelSqRho_EigVec3 =  8.4242160352E-01  1.7408243154E-01 -5.0992268920E-01
</CP of DelSqRho>
<CP of DelSqRho>
CP# = 2       
Type = (3,-1)
Coords =  2.16161426998023E-01 -1.92854312986667E+00 -2.79808229464334E-01
DistFromNuc =  1.4748009005E+00
Rho =  1.5738751396E-01
DelSqRho =  4.3496425372E-01
GradDelSqRho = -5.1222914799E-14  4.7386053414E-13  2.6312285684E-14
HessDelSqRho_EigVals = -8.2969346866E-01 -3.8088314922E-01  4.3926330175E+00
HessDelSqRho_EigVec1 =  5.4995298612E-01  2.2478132048E-02  8.3489307497E-01
HessDelSqRho_EigVec2 =  8.1998018649E-01  1.7540936568E-01 -5.4485231779E-01
HessDelSqRho_EigVec3 = -1.5869532703E-01  9.8423893848E-01  7.8035281540E-02
</CP of DelSqRho>
<CP of DelSqRho>
CP# = 3       
Type = (3,+1)
Coords =  1.55456291459699E+00 -3.85684695643337E+00 -5.65788882267614E-01
DistFromNuc =  1.1646261951E+00
Rho =  4.0684050853E-01
DelSqRho = -9.3171218495E-01
GradDelSqRho =  1.3239409569E-14 -4.3576253717E-15 -3.3029134983E-15
HessDelSqRho_EigVals = -3.0164145017E+01  1.4319678526E+01  1.4944920165E+01
HessDelSqRho_EigVec1 =  8.4278494539E-01 -4.3629238904E-01 -3.1521815792E-01
HessDelSqRho_EigVec2 =  4.1333780709E-01  1.4948303227E-01  8.9822418153E-01
HessDelSqRho_EigVec3 = -3.4476860798E-01 -8.8730139994E-01  3.0631818853E-01
</CP of DelSqRho>
<CP of DelSqRho>
CP# = 4       
Type = (3,+1)
Coords = -1.31473619589402E-02 -4.18256135737960E+00  3.82519429850948E-01
DistFromNuc =  1.1648480559E+00
Rho =  4.0535847881E-01
DelSqRho = -9.1975470748E-01
GradDelSqRho = -1.3322676296E-15 -1.7763568394E-15  2.4424906542E-15
HessDelSqRho_EigVals = -2.9822725103E+01  1.4169378214E+01  1.4763925465E+01
HessDelSqRho_EigVec1 =  4.9455620680E-01  7.1420032079E-01 -4.9531006462E-01
HessDelSqRho_EigVec2 =  5.6076612406E-01  1.7320120373E-01  8.0965591280E-01
HessDelSqRho_EigVec3 =  6.6404481206E-01 -6.7817346219E-01 -3.1484161536E-01
</CP of DelSqRho>
<CP of DelSqRho>
CP# = 5       
Type = (3,+1)
Coords =  6.56646172078737E-01 -3.38944965858436E+00 -6.55371587598271E-02
DistFromNuc =  1.6877105128E-01
Rho =  2.2449451118E+01
DelSqRho =  1.2289819743E+03
GradDelSqRho =  1.8065549057E-12  2.2737367544E-12  5.0732751333E-12
HessDelSqRho_EigVals = -4.0360771155E+05  2.4163025183E+03  3.0111281907E+03
HessDelSqRho_EigVec1 =  5.3994108362E-01 -1.7531669273E-01  8.2324217790E-01
HessDelSqRho_EigVec2 =  6.9480242878E-02 -9.6544598295E-01 -2.5117036021E-01
HessDelSqRho_EigVec3 =  8.3883021051E-01  1.9281626294E-01 -5.0910290382E-01
</CP of DelSqRho>
<CP of DelSqRho>
CP# = 6       
Type = (3,-1)
Coords =  5.68157195528599E-01 -3.51918572615861E+00 -2.57358763735591E-01
DistFromNuc =  1.6838087829E-01
Rho =  2.2435579531E+01
DelSqRho =  1.2592425585E+03
GradDelSqRho = -4.8316906032E-13  4.6266990239E-11  2.6318502933E-11
HessDelSqRho_EigVals = -4.1592064720E+05 -1.3618010066E+03  9.8569641071E+02
HessDelSqRho_EigVec1 = -1.3805813846E-02  9.4806349059E-01  3.1778139861E-01
HessDelSqRho_EigVec2 =  5.4560350396E-01 -2.5918659088E-01  7.9695616415E-01
HessDelSqRho_EigVec3 =  8.3792972019E-01  1.8438527302E-01 -5.1368848062E-01
</CP of DelSqRho>
<CP of DelSqRho>
CP# = 7       
Type = (3,-3)
Coords =  4.63554054172670E-01 -3.22909317998034E+00 -1.80399879923043E-01
DistFromNuc =  1.6715925340E-01
Rho =  2.2692983769E+01
DelSqRho =  1.2895155457E+03
GradDelSqRho =  2.3590018827E-12  1.1340262063E-11  3.2684965845E-13
HessDelSqRho_EigVals = -4.4598030269E+05 -2.7279494930E+03 -1.5277891028E+02
HessDelSqRho_EigVec1 = -6.0957886578E-01  7.8015385218E-01  1.4061853833E-01
HessDelSqRho_EigVec2 =  4.3125460685E-01  1.7752066661E-01  8.8459362252E-01
HessDelSqRho_EigVec3 = -6.6515642556E-01 -5.9987196955E-01  4.4465778941E-01
</CP of DelSqRho>
<CP of DelSqRho>
CP# = 8       
Type = (3,+1)
Coords =  4.93211870061662E-01 -3.41918836295777E+00 -3.43411807635234E-01
DistFromNuc =  1.6774107819E-01
Rho =  2.2670797726E+01
DelSqRho =  1.2530531772E+03
GradDelSqRho = -2.3092638912E-12 -2.0321522243E-12  2.9842794902E-13
HessDelSqRho_EigVals = -4.2781766007E+05  1.4243832701E+03  2.1774883672E+03
HessDelSqRho_EigVec1 =  4.3231573345E-01  3.5259015533E-01  8.2992968918E-01
HessDelSqRho_EigVec2 = -3.3724890491E-01  9.1681061232E-01 -2.1382581060E-01
HessDelSqRho_EigVec3 =  8.3628122229E-01  1.8745261669E-01 -5.1526229606E-01
</CP of DelSqRho>
<CP of DelSqRho>
CP# = 9       
Type = (3,-3)
Coords =  5.98410784469608E-01 -3.20600128248296E+00 -2.62129813403209E-01
DistFromNuc =  1.6717588029E-01
Rho =  2.2686069311E+01
DelSqRho =  1.2897727510E+03
GradDelSqRho = -3.5385028241E-12 -1.3926637621E-12  6.7075234256E-12
HessDelSqRho_EigVals = -4.4564081627E+05 -2.7639593379E+03 -2.5325963225E+02
HessDelSqRho_EigVec1 =  1.9409193309E-01  9.1776808771E-01 -3.4645354479E-01
HessDelSqRho_EigVec2 =  5.3959792486E-01  1.9505922503E-01  8.1901524907E-01
HessDelSqRho_EigVec3 =  8.1924501890E-01 -3.4590986675E-01 -4.5736633358E-01
</CP of DelSqRho>
<CP of DelSqRho>
CP# = 10      
Type = (3,-1)
Coords =  1.06698734129757E+00 -2.96876680406126E+00 -5.17532452870375E-01
DistFromNuc =  7.0862923718E-01
Rho =  6.9336885420E-01
DelSqRho = -1.2080493574E+00
GradDelSqRho = -2.8865798640E-14 -1.5765166950E-14  2.3314683517E-14
HessDelSqRho_EigVals = -1.5506771325E+01 -1.0376281035E+01  1.5229725182E+02
HessDelSqRho_EigVec1 = -6.1228934289E-01  7.8938983625E-01  4.4333362313E-02
HessDelSqRho_EigVec2 = -3.7797240348E-01 -2.4300153948E-01 -8.9335721524E-01
HessDelSqRho_EigVec3 =  6.9443403056E-01  5.6374988979E-01 -4.4715482661E-01
</CP of DelSqRho>
<CP of DelSqRho>
CP# = 11      
Type = (3,-1)
Coords = -2.67815982048873E-02 -3.19933007616247E+00  1.49771443394283E-01
DistFromNuc =  7.0839100606E-01
Rho =  6.9528500165E-01
DelSqRho = -1.2293598131E+00
GradDelSqRho =  3.1530333899E-14 -5.9119376061E-15 -9.9920072216E-15
HessDelSqRho_EigVals = -1.5381674183E+01 -1.0308086202E+01  1.5269443286E+02
HessDelSqRho_EigVec1 =  6.5478708966E-02  9.3482461820E-01 -3.4902073274E-01
HessDelSqRho_EigVec2 =  5.4043960764E-01  2.6080672674E-01  7.9994054890E-01
HessDelSqRho_EigVec3 =  8.3883107308E-01 -2.4100370225E-01 -4.8813896212E-01
</CP of DelSqRho>
<CP of DelSqRho>
CP# = 12      
Type = (3,-1)
Coords =  6.73931576230991E-01 -4.06591431778401E+00 -2.64916191288050E-01
DistFromNuc =  7.1736193734E-01
Rho =  6.8274332827E-01
DelSqRho = -1.1418348151E+00
GradDelSqRho =  1.0547118734E-15  4.4408920985E-16 -5.3290705182E-15
HessDelSqRho_EigVals = -1.8596511137E+01 -6.2364277314E+00  1.4233393637E+02
HessDelSqRho_EigVec1 =  8.4425827372E-01  1.7366339250E-01 -5.0701971694E-01
HessDelSqRho_EigVec2 =  5.1666828381E-01 -1.2343282441E-02  8.5609668139E-01
HessDelSqRho_EigVec3 = -1.4241436642E-01  9.8472771337E-01  1.0014728529E-01
</CP of DelSqRho>
<CP of DelSqRho>
CP# = 13      
Type = (3,+1)
Coords =  1.17821768611450E+00 -3.42334208825340E+00  7.88008747954668E-02
DistFromNuc =  6.7801054603E-01
Rho =  8.0505035722E-01
DelSqRho = -2.6116693157E+00
GradDelSqRho = -3.4638958368E-14  0.0000000000E+00 -4.2188474936E-15
HessDelSqRho_EigVals = -9.3526372025E+00  1.0156167888E+01  2.0449795013E+02
HessDelSqRho_EigVec1 = -3.7042011239E-01  5.2553356306E-01  7.6590039459E-01
HessDelSqRho_EigVec2 =  3.0139836966E-01  8.4794448679E-01 -4.3606097061E-01
HessDelSqRho_EigVec3 =  8.7860569262E-01 -6.9315376506E-02  4.7249065121E-01
</CP of DelSqRho>
<CP of DelSqRho>
CP# = 14      
Type = (3,+1)
Coords =  1.52636484289332E-02 -3.76187082349747E+00 -2.76136568989155E-01
DistFromNuc =  6.8549337660E-01
Rho =  7.8784786923E-01
DelSqRho = -2.5574671392E+00
GradDelSqRho = -2.6201263381E-14 -1.7319479184E-14 -3.1086244690E-15
HessDelSqRho_EigVals = -1.4054578377E+01  1.2488933214E+01  1.9899828624E+02
HessDelSqRho_EigVec1 =  9.9276309842E-02 -4.3978734751E-01  8.9259806367E-01
HessDelSqRho_EigVec2 = -5.7297376171E-01  7.0812594138E-01  4.1262418680E-01
HessDelSqRho_EigVec3 =  8.1353874075E-01  5.5239907686E-01  1.8168648049E-01
</CP of DelSqRho>
<CP of DelSqRho>
CP# = 15      
Type = (3,+3)
Coords =  2.20733342355686E-01 -3.19640646510312E+00 -7.12807367129174E-01
DistFromNuc =  6.3556540014E-01
Rho =  9.6609225430E-01
DelSqRho = -4.5365002215E+00
GradDelSqRho = -2.4491519923E-13 -6.7501559897E-14 -4.2654768606E-13
HessDelSqRho_EigVals =  1.2104042328E+01  2.2331877211E+01  3.5271628643E+02
HessDelSqRho_EigVec1 = -2.2040335628E-02  9.5498953555E-01  2.9581955749E-01
HessDelSqRho_EigVec2 =  8.3997550347E-01  1.7815300819E-01 -5.1254527531E-01
HessDelSqRho_EigVec3 =  5.4217651847E-01 -2.3718451185E-01  8.0609436803E-01
</CP of DelSqRho>
<CP of DelSqRho>
CP# = 16      
Type = (3,+1)
Coords =  5.66171293606294E-01 -3.55427340920003E+00  4.46083745242752E-01
DistFromNuc =  6.7901157045E-01
Rho =  8.0175046708E-01
DelSqRho = -2.5829327196E+00
GradDelSqRho =  3.7747582837E-15 -1.8651746814E-14  4.0190073491E-14
HessDelSqRho_EigVals = -9.5182605378E+00  9.9279224492E+00  2.0272601724E+02
HessDelSqRho_EigVec1 =  6.6126539691E-01  7.3483795011E-01  1.5080206208E-01
HessDelSqRho_EigVec2 = -7.4833571688E-01  6.3221671451E-01  2.0073784079E-01
HessDelSqRho_EigVec3 =  5.2170199207E-02 -2.4559155720E-01  9.6796852084E-01
</CP of DelSqRho>
<CP of DelSqRho>
CP# = 17      
Type = (3,+1)
Coords =  8.47977345659453E-01 -3.58936081534135E+00 -7.84738068403300E-01
DistFromNuc =  6.8521897345E-01
Rho =  7.8812225762E-01
DelSqRho = -2.5533405984E+00
GradDelSqRho = -3.1086244690E-15  1.3433698598E-14  2.7644553313E-14
HessDelSqRho_EigVals = -1.4242734853E+01  1.2502885345E+01  1.9933825305E+02
HessDelSqRho_EigVec1 = -8.5780917551E-01  2.8161299453E-01 -4.2995062474E-01
HessDelSqRho_EigVec2 =  3.8458855559E-01  9.0664312846E-01 -1.7346434941E-01
HessDelSqRho_EigVec3 = -3.4096196462E-01  3.1415340030E-01  8.8603192931E-01
</CP of DelSqRho>
<CP of DelSqRho>
CP# = 18      
Type = (3,+3)
Coords =  1.18735606467698E+00 -3.64382139327237E+00 -4.09257637643725E-01
DistFromNuc =  7.1386134181E-01
Rho =  7.7708230888E-01
DelSqRho = -3.3078540876E+00
GradDelSqRho = -3.7747582837E-14 -5.7731597281E-15  7.9936057773E-15
HessDelSqRho_EigVals =  1.3072135771E+01  2.3760323651E+01  1.5166817300E+02
HessDelSqRho_EigVec1 =  3.5718593524E-01  1.6656745619E-01  9.1906120047E-01
HessDelSqRho_EigVec2 =  3.0490118634E-01  9.0927514690E-01 -2.8329132321E-01
HessDelSqRho_EigVec3 =  8.8286662313E-01 -3.8141052657E-01 -2.7399367874E-01
</CP of DelSqRho>
<CP of DelSqRho>
CP# = 19      
Type = (3,+3)
Coords =  7.19248634111316E-01 -2.86990923082347E+00  2.20408814046938E-01
DistFromNuc =  6.6607407928E-01
Rho =  8.4546950867E-01
DelSqRho = -3.3603328167E+00
GradDelSqRho =  1.9129142714E-13  4.0589753780E-13  4.7006842863E-13
HessDelSqRho_EigVals =  2.2340890037E+00  1.5819704065E+01  2.3898736216E+02
HessDelSqRho_EigVec1 =  4.8215208635E-01 -6.7841656374E-01  5.5432872167E-01
HessDelSqRho_EigVec2 = -8.4041875767E-01 -1.7945740207E-01  5.1136225183E-01
HessDelSqRho_EigVec3 =  2.4743822943E-01  7.1242263221E-01  6.5667976651E-01
</CP of DelSqRho>
<CP of DelSqRho>
CP# = 20      
Type = (3,+1)
Coords =  5.01132278171926E-01 -2.69887763277970E+00 -7.91660834589342E-02
DistFromNuc =  6.7534200739E-01
Rho =  8.2833834744E-01
DelSqRho = -3.2874569997E+00
GradDelSqRho =  3.3306690739E-15 -2.3980817332E-14 -8.8817841970E-15
HessDelSqRho_EigVals = -2.7757362095E+00  1.7190227228E+01  2.2468859145E+02
HessDelSqRho_EigVec1 = -5.3240130235E-01  1.0678720200E-01 -8.3972932945E-01
HessDelSqRho_EigVec2 =  8.4108894397E-01  1.7864000828E-01 -5.1054591935E-01
HessDelSqRho_EigVec3 = -9.5489484142E-02  9.7810236731E-01  1.8492570802E-01
</CP of DelSqRho>
<CP of DelSqRho>
CP# = 21      
Type = (3,+3)
Coords =  2.09708085202898E-01 -3.84693473402795E+00  1.78142583775660E-01
DistFromNuc =  7.1455969691E-01
Rho =  7.7418545790E-01
DelSqRho = -3.2742221773E+00
GradDelSqRho =  1.5099033135E-14  2.5535129566E-14 -8.8817841970E-15
HessDelSqRho_EigVals =  1.2895975729E+01  2.3415198883E+01  1.5077788610E+02
HessDelSqRho_EigVec1 =  5.9009279827E-01  2.0567584515E-01  7.8069708348E-01
HessDelSqRho_EigVec2 =  6.3483923071E-01 -7.1562241176E-01 -2.9131377402E-01
HessDelSqRho_EigVec3 =  4.9876812306E-01  6.6751929598E-01 -5.5285472677E-01
</CP of DelSqRho>
<CP of DelSqRho>
CP# = 22      
Type = (3,-1)
Coords = -4.85882923121807E-01 -3.76209260685771E+00 -5.66560210979882E-01
DistFromNuc =  1.1826914564E+00
Rho =  2.4176005625E-01
DelSqRho =  7.5008321139E-01
GradDelSqRho = -1.6653345369E-16 -2.2204460493E-16 -4.0245584643E-16
HessDelSqRho_EigVals = -1.7809360532E+01 -1.1736341479E+00  2.3884951223E-01
HessDelSqRho_EigVec1 =  8.9147586470E-01  3.2204273290E-01  3.1868363756E-01
HessDelSqRho_EigVec2 = -2.1948643642E-02 -6.7186660053E-01  7.4034689716E-01
HessDelSqRho_EigVec3 = -4.5253623027E-01  6.6699606392E-01  5.9188445748E-01
</CP of DelSqRho>
<CP of DelSqRho>
CP# = 23      
Type = (3,+1)
Coords =  5.40086516352592E-01 -2.16602614859096E+00  1.73491606883441E-01
DistFromNuc =  1.2520078442E+00
Rho =  2.3805036350E-01
DelSqRho =  4.2257861286E-01
GradDelSqRho = -6.9388939039E-17  1.1241008124E-15  6.6613381478E-16
HessDelSqRho_EigVals = -9.0285705201E+00  6.0384744767E-01  7.4022215252E-01
HessDelSqRho_EigVec1 =  7.7535529290E-03  9.3962022285E-01  3.4213114332E-01
HessDelSqRho_EigVec2 =  4.4690757240E-01 -3.0932672316E-01  8.3939895167E-01
HessDelSqRho_EigVec3 =  8.9454653549E-01  1.4639267450E-01 -4.2232177389E-01
</CP of DelSqRho>
<CP of DelSqRho>
CP# = 24      
Type = (3,-1)
Coords =  3.98801329892636E-01 -3.32236386725649E+00  9.67450317045392E-01
DistFromNuc =  1.1841846890E+00
Rho =  2.4122076392E-01
DelSqRho =  7.2452934528E-01
GradDelSqRho = -6.5919492087E-16  3.0184188482E-16  3.3306690739E-16
HessDelSqRho_EigVals = -1.7029161615E+01 -1.3734958395E+00  2.8304896569E-01
HessDelSqRho_EigVec1 = -1.3436915972E-01  6.4619780793E-02  9.8882213408E-01
HessDelSqRho_EigVec2 =  4.3442164989E-01  9.0070960960E-01  1.7112736674E-04
HessDelSqRho_EigVec3 =  8.9063054014E-01 -4.2958873717E-01  1.4909982518E-01
</CP of DelSqRho>
<CP of DelSqRho>
CP# = 25      
Type = (3,-3)
Coords =  6.06535504066057E-01 -4.47049295912462E+00 -5.19225559626566E-01
DistFromNuc =  1.1555884260E+00
Rho =  2.4497657359E-01
DelSqRho =  8.7006800836E-01
GradDelSqRho =  3.9551695252E-16  1.6445178552E-15  3.4000580129E-15
HessDelSqRho_EigVals = -1.7882401647E+01 -2.2105069629E+00 -3.0297749041E-01
HessDelSqRho_EigVec1 = -2.8716124570E-02  9.5912061673E-01  2.8153690121E-01
HessDelSqRho_EigVec2 = -8.4356693812E-01 -1.7435326238E-01  5.0793283100E-01
HessDelSqRho_EigVec3 =  5.3625572733E-01 -2.2290935928E-01  8.1408919195E-01
</CP of DelSqRho>
<CP of DelSqRho>
CP# = 26      
Type = (3,-3)
Coords = -4.57926230222466E-01 -3.14928009697864E+00  2.73574834848763E-01
DistFromNuc =  1.1488935459E+00
Rho =  2.4558115133E-01
DelSqRho =  8.2656413309E-01
GradDelSqRho =  4.6351811278E-15 -2.1510571102E-15 -3.3306690739E-16
HessDelSqRho_EigVals = -1.7605621689E+01 -1.6854997122E+00 -4.1752137545E-01
HessDelSqRho_EigVec1 =  8.8460772419E-01 -2.2315849327E-01 -4.0947461605E-01
HessDelSqRho_EigVec2 =  8.5336075780E-02  9.4070499791E-01 -3.2831670851E-01
HessDelSqRho_EigVec3 =  4.5846147982E-01  2.5548853946E-01  8.5119837742E-01
</CP of DelSqRho>
<CP of DelSqRho>
CP# = 27      
Type = (3,-3)
Coords =  1.34088413779221E+00 -2.77202022635450E+00 -8.12874387874911E-01
DistFromNuc =  1.1473960788E+00
Rho =  2.4531002299E-01
DelSqRho =  8.3234151861E-01
GradDelSqRho = -4.4381165409E-14 -4.4450554348E-14  5.3818061119E-14
HessDelSqRho_EigVals = -1.7722651178E+01 -1.6821227159E+00 -4.3227531232E-01
HessDelSqRho_EigVec1 =  6.5489859734E-01  5.4699720240E-01 -5.2144212313E-01
HessDelSqRho_EigVec2 = -5.9757299325E-01  7.9721391878E-01  8.5769956469E-02
HessDelSqRho_EigVec3 =  4.6261684464E-01  2.5542910614E-01  8.4896503273E-01
</CP of DelSqRho>
<CP of DelSqRho>
CP# = 28      
Type = (3,-1)
Coords =  8.07904884835514E-01 -3.50188712766590E+00 -1.35293712261300E+00
DistFromNuc =  1.1824981618E+00
Rho =  2.4141906966E-01
DelSqRho =  7.5079538771E-01
GradDelSqRho = -4.6684878185E-14 -2.7720881146E-15  2.2234991626E-13
HessDelSqRho_EigVals = -1.7816861270E+01 -1.1660441466E+00  2.4553781651E-01
HessDelSqRho_EigVec1 = -1.8965411413E-01  1.0464971038E-01  9.7625803716E-01
HessDelSqRho_EigVec2 =  8.4606521755E-01 -4.8710178737E-01  2.1657676788E-01
HessDelSqRho_EigVec3 =  4.9820173087E-01  8.6705264365E-01  3.8403779930E-03
</CP of DelSqRho>
<CP of DelSqRho>
CP# = 29      
Type = (3,-1)
Coords =  1.62524925851724E+00 -3.07695030042112E+00  2.43107342176950E-01
DistFromNuc =  1.1845141916E+00
Rho =  2.4114475796E-01
DelSqRho =  7.2423289242E-01
GradDelSqRho = -3.1086244690E-15 -3.1225022568E-16 -7.6327832943E-16
HessDelSqRho_EigVals = -1.7095878868E+01 -1.3185482923E+00  2.8794895205E-01
HessDelSqRho_EigVec1 =  8.8138421470E-01  2.6702875003E-01  3.8968899488E-01
HessDelSqRho_EigVec2 = -4.5320187521E-01  7.1074128428E-01  5.3801011806E-01
HessDelSqRho_EigVec3 = -1.3330388736E-01 -6.5080140864E-01  7.4745407895E-01
</CP of DelSqRho>
<CP of DelSqRho>
CP# = 30      
Type = (3,-1)
Coords =  1.93743363718382E-02 -5.24440042462522E+00  2.24474504276411E-01
DistFromNuc =  2.0088369455E+00
Rho =  7.2143945658E-02
DelSqRho =  1.9087651162E-01
GradDelSqRho =  1.0663345207E-14  1.0114131754E-13  1.5833688527E-14
HessDelSqRho_EigVals = -2.2039964438E+00 -2.0063162144E-02  5.1613410646E-01
HessDelSqRho_EigVec1 = -9.6143542435E-02  9.7044319938E-01  2.2135134069E-01
HessDelSqRho_EigVec2 =  7.3141776537E-01 -8.1953213064E-02  6.7698724019E-01
HessDelSqRho_EigVec3 =  6.7511811689E-01  2.2698825443E-01 -7.0192012409E-01
</CP of DelSqRho>
<CP of DelSqRho>
CP# = 31      
Type = (3,-1)
Coords =  1.72346422686991E+00 -4.89372687054441E+00 -7.77599813953662E-01
DistFromNuc =  2.0059162458E+00
Rho =  7.2542113546E-02
DelSqRho =  1.9252027779E-01
GradDelSqRho = -2.5066754228E-16  1.1934897515E-15  1.0755285551E-16
HessDelSqRho_EigVals = -2.2317112378E+00 -2.2198720943E-02  5.1847613925E-01
HessDelSqRho_EigVec1 = -5.9883775720E-02  9.8342378745E-01  1.7114785326E-01
HessDelSqRho_EigVec2 =  3.0991793778E-01 -1.4466537527E-01  9.3969292912E-01
HessDelSqRho_EigVec3 =  9.4887554782E-01  1.0931415035E-01 -2.9611756328E-01
</CP of DelSqRho>
<CP of DelSqRho>
CP# = 32      
Type = (3,+1)
Coords = -7.97011147546492E-01 -4.80581802894289E+00 -1.82165983414033E-02
DistFromNuc =  1.9958053030E+00
Rho =  7.1354485511E-02
DelSqRho =  1.8704339971E-01
GradDelSqRho =  1.2016082573E-13  1.0507133358E-13  2.8844981959E-14
HessDelSqRho_EigVals = -1.8368794243E+00  1.6309018218E-02  5.8147390566E-01
HessDelSqRho_EigVec1 =  7.2233628421E-01  5.6707500479E-01  3.9579822063E-01
HessDelSqRho_EigVec2 = -6.8379655219E-01  6.7111348541E-01  2.8640699174E-01
HessDelSqRho_EigVec3 = -1.0321127715E-01 -4.7752762081E-01  8.7253355444E-01
</CP of DelSqRho>
<CP of DelSqRho>
CP# = 33      
Type = (3,-1)
Coords =  2.23571806658182E+00 -3.50954155624183E+00 -1.31587373711031E+00
DistFromNuc =  2.0118789407E+00
Rho =  7.2185142167E-02
DelSqRho =  1.9206409467E-01
GradDelSqRho =  5.6378512969E-16  5.1651391497E-16 -8.7516799363E-16
HessDelSqRho_EigVals = -2.1886649877E+00 -1.8247331847E-02  4.7448356481E-01
HessDelSqRho_EigVec1 = -5.8497294393E-01 -3.9789549971E-01  7.0674311188E-01
HessDelSqRho_EigVec2 =  5.3605452762E-01  4.6424984436E-01  7.0506568874E-01
HessDelSqRho_EigVec3 = -6.0864784424E-01  7.9129719659E-01 -5.8279914034E-02
</CP of DelSqRho>
<CP of DelSqRho>
CP# = 34      
Type = (3,-1)
Coords = -1.04124884421318E+00 -4.18414170437236E+00  6.89950025355959E-01
DistFromNuc =  2.0153502944E+00
Rho =  7.1921455210E-02
DelSqRho =  1.9024427014E-01
GradDelSqRho =  7.3292066860E-16 -1.7867651803E-16 -1.0842021725E-17
HessDelSqRho_EigVals = -2.1679005336E+00 -1.4617377573E-02  4.7315962444E-01
HessDelSqRho_EigVec1 =  9.6369413315E-01 -8.0356101954E-02 -2.5463015261E-01
HessDelSqRho_EigVec2 =  2.6540128015E-01  3.9275888908E-01  8.8051270039E-01
HessDelSqRho_EigVec3 = -2.9253687541E-02  9.1612409199E-01 -3.9982604947E-01
</CP of DelSqRho>
<CP of DelSqRho>
CP# = 35      
Type = (3,+1)
Coords =  1.61329222846058E-01 -4.48603042073544E+00  1.41484875817390E+00
DistFromNuc =  2.0135814736E+00
Rho =  7.0442138716E-02
DelSqRho =  1.7938622128E-01
GradDelSqRho = -4.9266146718E-15  7.8614198484E-14 -9.6979715924E-14
HessDelSqRho_EigVals = -1.6936067281E+00  2.1732223125E-02  5.8620505920E-01
HessDelSqRho_EigVec1 =  1.5113099623E-01 -2.8576319635E-01  9.4630799299E-01
HessDelSqRho_EigVec2 = -6.5252964819E-01  6.9025538325E-01  3.1265406464E-01
HessDelSqRho_EigVec3 =  7.4253921123E-01  6.6474574200E-01  8.2149974257E-02
</CP of DelSqRho>
<CP of DelSqRho>
CP# = 36      
Type = (3,+1)
Coords =  1.71205486174747E+00 -4.30150026442548E+00 -1.53355520626239E+00
DistFromNuc =  1.9922204381E+00
Rho =  7.1716558607E-02
DelSqRho =  1.8823695112E-01
GradDelSqRho = -1.8498262817E-12  3.3281051526E-12  4.6087456768E-12
HessDelSqRho_EigVals = -1.8537276145E+00  1.8615831551E-02  5.8492848253E-01
HessDelSqRho_EigVec1 = -1.1795149519E-01  4.0876316610E-01  9.0498625339E-01
HessDelSqRho_EigVec2 =  3.2006720793E-01  8.7836049588E-01 -3.5502087499E-01
HessDelSqRho_EigVec3 =  9.4002363119E-01 -2.4778118031E-01  2.3443561908E-01
</CP of DelSqRho>
<CP of DelSqRho>
CP# = 37      
Type = (3,+1)
Coords =  2.46881883207960E+00 -3.97572073346328E+00  1.50437419992987E-02
DistFromNuc =  2.0126217650E+00
Rho =  7.0645941708E-02
DelSqRho =  1.7892935054E-01
GradDelSqRho = -6.8001160258E-16  6.8358946975E-17 -4.0939474033E-16
HessDelSqRho_EigVals = -1.6795580729E+00  2.6114514635E-02  5.9329452409E-01
HessDelSqRho_EigVec1 =  8.4669691866E-01 -1.1635386714E-01  5.1919755926E-01
HessDelSqRho_EigVec2 =  3.2376267605E-01  8.8701973798E-01 -3.2920163125E-01
HessDelSqRho_EigVec3 = -4.2223460011E-01  4.4683079798E-01  7.8870791833E-01
</CP of DelSqRho>
<Path of -GradDelSqRho>
Starting CP# =      3
Ending CP# =      0
Number of Points =     30
  1.5545629146E+00 -3.8568469564E+00 -5.6578888227E-01  4.0684050853E-01 -9.3171218495E-01
  1.5756296489E+00 -3.8677587279E+00 -5.7367088313E-01  3.9609400893E-01 -9.4106130931E-01
  1.5966900744E+00 -3.8786800081E+00 -5.8155657300E-01  3.8635998496E-01 -9.6886894572E-01
  1.6177438583E+00 -3.8896109466E+00 -5.8944661434E-01  3.7760585879E-01 -1.0149326597E+00
  1.6387908909E+00 -3.9005513566E+00 -5.9734153892E-01  3.6979537691E-01 -1.0792395205E+00
  1.6598312748E+00 -3.9115007608E+00 -6.0524171512E-01  3.6288873924E-01 -1.1618961376E+00
  1.6808653047E+00 -3.9224584523E+00 -6.1314731881E-01  3.5684260333E-01 -1.2629877819E+00
  1.7018934411E+00 -3.9334235679E+00 -6.2105830552E-01  3.5161005832E-01 -1.3823396036E+00
  1.7229162816E+00 -3.9443951647E+00 -6.2897437994E-01  3.4714073505E-01 -1.5191516958E+00
  1.7439345354E+00 -3.9553722994E+00 -6.3689495541E-01  3.4338131906E-01 -1.6714995536E+00
  1.7649490079E+00 -3.9663541029E+00 -6.4481909170E-01  3.4027685710E-01 -1.8357540063E+00
  1.7859606007E+00 -3.9773398533E+00 -6.5274539317E-01  3.3777336512E-01 -2.0061027968E+00
  1.8069703298E+00 -3.9883290521E+00 -6.6067185468E-01  3.3582228518E-01 -2.1745556968E+00
  1.8279793273E+00 -3.9993215123E+00 -6.6859573231E-01  3.3438718126E-01 -2.3320453507E+00
  1.8489886202E+00 -4.0103174203E+00 -6.7651404137E-01  3.3345255635E-01 -2.4713784896E+00
  1.8699978995E+00 -4.0213170169E+00 -6.8442726168E-01  3.3303369541E-01 -2.5926506680E+00
  1.8910026460E+00 -4.0323189401E+00 -6.9234927305E-01  3.3318501230E-01 -2.7111068260E+00
  1.9119959610E+00 -4.0433190837E+00 -7.0030398350E-01  3.3400278553E-01 -2.8662401704E+00
  1.9329777780E+00 -4.0543148749E+00 -7.0829496868E-01  3.3561696300E-01 -3.1293888922E+00
  1.9539527832E+00 -4.0653070161E+00 -7.1630882949E-01  3.3816679865E-01 -3.6057372254E+00
  1.9749244105E+00 -4.0762968049E+00 -7.2433474900E-01  3.4175725297E-01 -4.4261007777E+00
  1.9958943522E+00 -4.0872850846E+00 -7.3236713657E-01  3.4639767008E-01 -5.7246901548E+00
  2.0168634009E+00 -4.0982723184E+00 -7.4040328550E-01  3.5193110842E-01 -7.6016323431E+00
  2.0378319450E+00 -4.1092587534E+00 -7.4844184281E-01  3.5797071269E-01 -1.0073984736E+01
  2.0588001908E+00 -4.1202445130E+00 -7.5648210124E-01  3.6386631237E-01 -1.3026673630E+01
  2.0797682637E+00 -4.1312296356E+00 -7.6452368064E-01  3.6872617658E-01 -1.6183533293E+01
  2.1007362662E+00 -4.1422140715E+00 -7.7256638167E-01  3.7151098537E-01 -1.9122658463E+01
  2.1217043377E+00 -4.1531976109E+00 -7.8061012692E-01  3.7119716489E-01 -2.1351446539E+01
  2.1426728730E+00 -4.1641794321E+00 -7.8865500909E-01  3.6697860971E-01 -2.2431806334E+01
  2.1479154435E+00 -4.1669238165E+00 -7.9066655300E-01  3.6525569873E-01 -2.2487550156E+01
</Path of -GradDelSqRho>
<Path of -GradDelSqRho>
Starting CP# =      3
Ending CP# =     18
Number of Points =     19
  1.5545629146E+00 -3.8568469564E+00 -5.6578888227E-01  4.0684050853E-01 -9.3171218495E-01
  1.5334906099E+00 -3.8459438898E+00 -5.5790972613E-01  4.1862808523E-01 -9.4123136767E-01
  1.5124132923E+00 -3.8350489652E+00 -5.5003271555E-01  4.3148088204E-01 -9.7021246808E-01
  1.4913319336E+00 -3.8241609218E+00 -5.4215700450E-01  4.4541792675E-01 -1.0193730440E+00
  1.4702477040E+00 -3.8132781139E+00 -5.3428174259E-01  4.6045234150E-01 -1.0894605402E+00
  1.4491619739E+00 -3.8023984975E+00 -5.2640608828E-01  4.7659047158E-01 -1.1811253758E+00
  1.4280763340E+00 -3.7915195944E+00 -5.1852920705E-01  4.9383101135E-01 -1.2947632873E+00
  1.4069926434E+00 -3.7806384169E+00 -5.1065024986E-01  5.1216422586E-01 -1.4303308704E+00
  1.3859131199E+00 -3.7697513316E+00 -5.0276830519E-01  5.3157138666E-01 -1.5871407546E+00
  1.3648404930E+00 -3.7588538320E+00 -4.9488231267E-01  5.5202455863E-01 -1.7636455582E+00
  1.3437782611E+00 -3.7479401625E+00 -4.8699091502E-01  5.7348688783E-01 -1.9572221507E+00
  1.3227311243E+00 -3.7370026923E+00 -4.7909220126E-01  5.9591354804E-01 -2.1639689755E+00
  1.3017057525E+00 -3.7260308236E+00 -4.7118324256E-01  6.1925350188E-01 -2.3785278390E+00
  1.2807122434E+00 -3.7150089549E+00 -4.6325919490E-01  6.4345221430E-01 -2.5939351098E+00
  1.2597671879E+00 -3.7039122882E+00 -4.5531139277E-01  6.6845539883E-01 -2.8014910545E+00
  1.2389011318E+00 -3.6926968717E+00 -4.4732270658E-01  6.9421365588E-01 -2.9906023393E+00
  1.2181813268E+00 -3.6812702769E+00 -4.3925356601E-01  7.2068665984E-01 -3.1484915812E+00
  1.1978163621E+00 -3.6693652082E+00 -4.3098013424E-01  7.4783411948E-01 -3.2595882167E+00
  1.1873560647E+00 -3.6438213933E+00 -4.0925763764E-01  7.7708230888E-01 -3.3078540876E+00
</Path of -GradDelSqRho>
<Path of -GradDelSqRho>
Starting CP# =      4
Ending CP# =     21
Number of Points =     19
 -1.3147361959E-02 -4.1825613574E+00  3.8251942985E-01  4.0535847881E-01 -9.1975470748E-01
 -7.8165997921E-04 -4.1647097749E+00  3.7013353435E-01  4.1711999832E-01 -9.2916849912E-01
  1.1587731636E-02 -4.1468647281E+00  3.5774190606E-01  4.2994341486E-01 -9.5783917102E-01
  2.3960613353E-02 -4.1290251468E+00  3.4534589334E-01  4.4384784532E-01 -1.0064940140E+00
  3.6336562712E-02 -4.1111896580E+00  3.3294705403E-01  4.5884655998E-01 -1.0758916938E+00
  4.8714920019E-02 -4.0933565774E+00  3.2054715463E-01  4.7494610433E-01 -1.1666955040E+00
  6.1094770386E-02 -4.0755238802E+00  3.0814819429E-01  4.9214541712E-01 -1.2793159748E+00
  7.3474915131E-02 -4.0576891405E+00  2.9575246629E-01  5.1043504279E-01 -1.4137266716E+00
  8.5853824470E-02 -4.0398494196E+00  2.8336267404E-01  5.2979655636E-01 -1.5692594952E+00
  9.8229560397E-02 -4.0220010795E+00  2.7098212902E-01  5.5020233732E-01 -1.7443884953E+00
  1.1059965209E-01 -4.0041394754E+00  2.5861508070E-01  5.7161584217E-01 -1.9365135876E+00
  1.2296089185E-01 -3.9862584419E+00  2.4626727555E-01  5.9399253347E-01 -2.1417567958E+00
  1.3530898675E-01 -3.9683493972E+00  2.3394694807E-01  6.1728162147E-01 -2.3547823360E+00
  1.4763792076E-01 -3.9503996728E+00  2.2166670625E-01  6.4142875773E-01 -2.5686454775E+00
  1.5993865589E-01 -3.9323890703E+00  2.0944749714E-01  6.6637976415E-01 -2.7746590367E+00
  1.7219604984E-01 -3.9142816930E+00  1.9732824541E-01  6.9208526804E-01 -2.9622328539E+00
  1.8437962680E-01 -3.8960019216E+00  1.8539512982E-01  7.1850494889E-01 -3.1185805642E+00
  1.9640168553E-01 -3.8773312722E+00  1.7391508806E-01  7.4559893248E-01 -3.2281072042E+00
  2.0970808520E-01 -3.8469347340E+00  1.7814258378E-01  7.7418545790E-01 -3.2742221773E+00
</Path of -GradDelSqRho>
<Path of -GradDelSqRho>
Starting CP# =      4
Ending CP# =      0
Number of Points =     30
 -1.3147361959E-02 -4.1825613574E+00  3.8251942985E-01  4.0535847881E-01 -9.1975470748E-01
 -2.5509502085E-02 -4.2004199862E+00  3.9489872132E-01  3.9463468959E-01 -9.2899599217E-01
 -3.7868142989E-02 -4.2182863707E+00  4.0727031328E-01  3.8492007656E-01 -9.5647632115E-01
 -5.0223629545E-02 -4.2361606914E+00  4.1963358964E-01  3.7618218556E-01 -1.0019899924E+00
 -6.2576425206E-02 -4.2540428525E+00  4.3198821385E-01  3.6838496702E-01 -1.0655257620E+00
 -7.4927064267E-02 -4.2719325159E+00  4.4433413007E-01  3.6148890654E-01 -1.1472004054E+00
 -8.7276096246E-02 -4.2898291471E+00  4.5667155248E-01  3.5545102559E-01 -1.2471236141E+00
 -9.9624024243E-02 -4.3077320714E+00  4.6900094693E-01  3.5022484314E-01 -1.3651678011E+00
 -1.1197123786E-01 -4.3256405347E+00  4.8132301062E-01  3.4576045751E-01 -1.5006142069E+00
 -1.2431793912E-01 -4.3435537645E+00  4.9363865763E-01  3.4200500640E-01 -1.6516641678E+00
 -1.3666405563E-01 -4.3614710290E+00  5.0594902055E-01  3.3890388441E-01 -1.8148626479E+00
 -1.4900912897E-01 -4.3793916931E+00  5.1825548072E-01  3.3640321727E-01 -1.9846032834E+00
 -1.6135216427E-01 -4.3973152758E+00  5.3055973449E-01  3.3445414024E-01 -2.1530784553E+00
 -1.7369147537E-01 -4.4152415213E+00  5.4286384451E-01  3.3301929142E-01 -2.3112681520E+00
 -1.8602489465E-01 -4.4331704785E+00  5.5516991027E-01  3.3208145644E-01 -2.4517160162E+00
 -1.9835212700E-01 -4.4511024248E+00  5.6747782007E-01  3.3165336349E-01 -2.5737290931E+00
 -2.1068221255E-01 -4.4690369449E+00  5.7977911866E-01  3.3178623364E-01 -2.6910511250E+00
 -2.2303388627E-01 -4.4869716222E+00  5.9205850708E-01  3.3257310081E-01 -2.8409122075E+00
 -2.3541290082E-01 -4.5049041787E+00  6.0431343799E-01  3.3414166068E-01 -3.0918408696E+00
 -2.4781031407E-01 -4.5228345071E+00  6.1655302313E-01  3.3663135451E-01 -3.5462401226E+00
 -2.6021777314E-01 -4.5407632734E+00  6.2878471516E-01  3.4015138633E-01 -4.3331213535E+00
 -2.7263075728E-01 -4.5586910020E+00  6.4101232204E-01  3.4472075253E-01 -5.5870859605E+00
 -2.8504702968E-01 -4.5766180047E+00  6.5323765455E-01  3.5019805485E-01 -7.4120705140E+00
 -2.9746545771E-01 -4.5945444567E+00  6.6546160483E-01  3.5621682961E-01 -9.8331096820E+00
 -3.0988544726E-01 -4.6124704512E+00  6.7768463971E-01  3.6214910674E-01 -1.2746854492E+01
 -3.2230668781E-01 -4.6303960227E+00  6.8990702373E-01  3.6712218920E-01 -1.5890362844E+01
 -3.3472904366E-01 -4.6483211459E+00  7.0212893157E-01  3.7010665624E-01 -1.8852336244E+01
 -3.4715253843E-01 -4.6662456914E+00  7.1435052921E-01  3.7007462050E-01 -2.1143363107E+01
 -3.5957755523E-01 -4.6841691623E+00  7.2657215531E-01  3.6619954140E-01 -2.2317968754E+01
 -3.6392721104E-01 -4.6904414937E+00  7.3085010478E-01  3.6383975866E-01 -2.2408396530E+01
</Path of -GradDelSqRho>
<Path of -GradDelSqRho>
Starting CP# =      5
Ending CP# =     19
Number of Points =     46
  6.5664617208E-01 -3.3894496586E+00 -6.5537158760E-02  2.2449451118E+01  1.2289819743E+03
  6.7014386521E-01 -3.3938166477E+00 -4.4952173709E-02  1.5561173969E+01  1.1480112026E+03
  6.8364075369E-01 -3.3981682776E+00 -2.4363406948E-02  1.0888490559E+01  9.7904152618E+02
  6.9713744651E-01 -3.4025160669E+00 -3.7737005775E-03  7.7283329764E+00  7.7157155838E+02
  7.1063365680E-01 -3.4068545311E+00  1.6818288634E-02  5.5989256954E+00  5.7167289801E+02
  7.2412890442E-01 -3.4111745489E+00  3.7414785661E-02  4.1647284002E+00  4.0813501622E+02
  7.3762266985E-01 -3.4154663283E+00  5.8018154960E-02  3.1960785311E+00  2.8601618642E+02
  7.5111443442E-01 -3.4197202265E+00  7.8630687069E-02  2.5387580249E+00  1.9814527452E+02
  7.6460372214E-01 -3.4239275640E+00  9.9254391942E-02  2.0898260640E+00  1.3534675416E+02
  7.7809007547E-01 -3.4280801825E+00  1.1989110016E-01  1.7802140769E+00  9.0457816894E+01
  7.9157293389E-01 -3.4321682796E+00  1.4054296576E-01  1.5632494863E+00  5.8613890818E+01
  8.0505145528E-01 -3.4361774249E+00  1.6121312612E-01  1.4073577655E+00  3.6458137305E+01
  8.1852429631E-01 -3.4400852833E+00  1.8190636222E-01  1.2913393758E+00  2.1477172735E+01
  8.3198928569E-01 -3.4438573648E+00  2.0262985782E-01  1.2011660850E+00  1.1681579631E+01
  8.4544282362E-01 -3.4474401778E+00  2.2339428338E-01  1.1277198627E+00  5.4994480299E+00
  8.5887862711E-01 -3.4507487827E+00  2.4421549283E-01  1.0651794024E+00  1.7366322832E+00
  8.7228476638E-01 -3.4536416537E+00  2.6511725740E-01  1.0098888140E+00 -4.6707810689E-01
  8.8563531823E-01 -3.4558612041E+00  2.8613562034E-01  9.5959928452E-01 -1.6986256044E+00
  8.9885923941E-01 -3.4568538570E+00  3.0732275305E-01  9.1303211745E-01 -2.3390682462E+00
  9.1164726112E-01 -3.4549664712E+00  3.2867722002E-01  8.7005523848E-01 -2.6267276507E+00
  9.2075823182E-01 -3.4425610230E+00  3.4726135293E-01  8.3910305804E-01 -2.7214134152E+00
  9.1998853789E-01 -3.4185177394E+00  3.5340913338E-01  8.3721841508E-01 -2.7703368744E+00
  9.1701864650E-01 -3.3938659955E+00  3.5629757253E-01  8.4041192621E-01 -2.8172510656E+00
  9.1347316389E-01 -3.3692092954E+00  3.5839898268E-01  8.4356666604E-01 -2.8627090478E+00
  9.0942068092E-01 -3.3445823636E+00  3.5982475402E-01  8.4645116877E-01 -2.9065885869E+00
  9.0486544932E-01 -3.3200136414E+00  3.6057904084E-01  8.4904859850E-01 -2.9487731187E+00
  8.9981163437E-01 -3.2955311311E+00  3.6066108620E-01  8.5135233369E-01 -2.9891560719E+00
  8.9426581869E-01 -3.2711624152E+00  3.6006900597E-01  8.5335835677E-01 -3.0276418070E+00
  8.8823714658E-01 -3.2469346369E+00  3.5879989690E-01  8.5506503314E-01 -3.0641463079E+00
  8.8173731754E-01 -3.2228744998E+00  3.5684987770E-01  8.5647309568E-01 -3.0985977054E+00
  8.7478048575E-01 -3.1990082911E+00  3.5421418781E-01  8.5758560547E-01 -3.1309366439E+00
  8.6738305405E-01 -3.1753619351E+00  3.5088735594E-01  8.5840788554E-01 -3.1611165035E+00
  8.5956335162E-01 -3.1519610812E+00  3.4686344624E-01  8.5894743047E-01 -3.1891034875E+00
  8.5134118873E-01 -3.1288312298E+00  3.4213638789E-01  8.5921379491E-01 -3.2148765868E+00
  8.4273728923E-01 -3.1059978921E+00  3.3670038797E-01  8.5921846377E-01 -3.2384274294E+00
  8.3377261282E-01 -3.0834867772E+00  3.3055041974E-01  8.5897470629E-01 -3.2597600262E+00
  8.2446759622E-01 -3.0613239914E+00  3.2368276576E-01  8.5849741655E-01 -3.2788904221E+00
  8.1484136527E-01 -3.0395362296E+00  3.1609557936E-01  8.5780294239E-01 -3.2958462691E+00
  8.0491099908E-01 -3.0181509352E+00  3.0778940976E-01  8.5690890573E-01 -3.3106663427E+00
  7.9469095853E-01 -2.9971963981E+00  2.9876761729E-01  8.5583401750E-01 -3.3234000276E+00
  7.8419281708E-01 -2.9767017665E+00  2.8903659286E-01  8.5459789136E-01 -3.3341068039E+00
  7.7342543558E-01 -2.9566969473E+00  2.7860569771E-01  8.5322086077E-01 -3.3428557628E+00
  7.6239567843E-01 -2.9372123866E+00  2.6748686988E-01  8.5172380354E-01 -3.3497251776E+00
  7.5110964452E-01 -2.9182787434E+00  2.5569392055E-01  8.5012797726E-01 -3.3548021433E+00
  7.3957416086E-01 -2.8999265134E+00  2.4324167693E-01  8.4845486712E-01 -3.3581822922E+00
  7.1924863411E-01 -2.8699092308E+00  2.2040881405E-01  8.4546950867E-01 -3.3603328167E+00
</Path of -GradDelSqRho>
<Path of -GradDelSqRho>
Starting CP# =      5
Ending CP# =      1
Number of Points =      7
  6.5664617208E-01 -3.3894496586E+00 -6.5537158760E-02  2.2449451118E+01  1.2289819743E+03
  6.4314663981E-01 -3.3850473665E+00 -8.6113414869E-02  3.2637404643E+01  9.8251764029E+02
  6.2964554232E-01 -3.3806146416E+00 -1.0668211142E-01  4.7811552862E+01 -7.6611852173E+02
  6.1614375893E-01 -3.3761684453E+00 -1.2724745067E-01  7.0346504996E+01 -6.3016244468E+03
  6.0264149506E-01 -3.3717127431E+00 -1.4781041658E-01  1.0377868081E+02 -2.0316510881E+04
  5.8913842999E-01 -3.3672410835E+00 -1.6836939229E-01  1.5393446722E+02 -7.4235873649E+04
  5.6549547333E-01 -3.3593860632E+00 -2.0435833312E-01  2.9732015942E+02 -3.3295166831E+06
</Path of -GradDelSqRho>
<Path of -GradDelSqRho>
Starting CP# =      8
Ending CP# =      1
Number of Points =      7
  4.9321187006E-01 -3.4191883630E+00 -3.4341180764E-01  2.2670797726E+01  1.2530531772E+03
  5.0401010051E-01 -3.4103463148E+00 -3.2267015623E-01  3.3000165110E+01  9.9060102422E+02
  5.1479343196E-01 -3.4014622627E+00 -3.0193869942E-01  4.8404934757E+01 -8.4952385329E+02
  5.2557023585E-01 -3.3925598486E+00 -2.8121172401E-01  7.1295138858E+01 -6.5658179244E+03
  5.3634205510E-01 -3.3836434272E+00 -2.6048817973E-01  1.0529697272E+02 -2.1306258412E+04
  5.4710582991E-01 -3.3747044139E+00 -2.3977018825E-01  1.5630009825E+02 -7.7559884324E+04
