 AIMInt (Version 19.02.13, Professional)
 Portions Copyright (c) 1997-2019 by Todd A. Keith
 AIMInt is a component of the AIMAll package ( http://aim.tkgristmill.com )

 TP:  64-bit Linux

 Licensed To:  Research Group of Fernando Cortes Guzman, UNAM, fercor@unam.mx

 AIMInt is a heavily modified and extended version of the PROAIMV program
 developed by members of R.F.W. Bader's research group

 Much of the Quantum Theory of Atoms in Molecules (QTAIM) is described in the book:
   "Atoms in Molecules - A Quantum Theory"
   R.F.W. Bader, Oxford University Press, Oxford, 1990

 For additional references see:  http://aim.tkgristmill.com/references.html

 Current Directory:  /home/scratch/M_H2O_4_tetraedrico/Opt

 Inp File:  Ni3_tetraedrico_cc-pvtz-def2-tzv_1_atomicfiles/o6.inp
 Wfx File:  Ni3_tetraedrico_cc-pvtz-def2-tzv_1.wfx
 Out File:  Ni3_tetraedrico_cc-pvtz-def2-tzv_1_atomicfiles/o6.int

 Wfx Title:   Ni3_tetraedrico_cc-pvtz-def2-tzv_1                                            
 Job Title:   Ni3_tetraedrico_cc-pvtz-def2-tzv_1                                            
 
<Atom>
O6      
</Atom>
<Nuclei of Molecule>
    13
Ni1       28.0          -1.9658446202E-02   4.2117756101E-03   2.9422150243E-03
O2         8.0           1.5643971575E+00   1.5980980662E+00  -2.5757127880E+00
H3         1.0           1.2751616075E+00   1.0149137137E+00  -4.3474208235E+00
O4         8.0           5.6549533666E-01  -3.3593858365E+00  -2.0435848117E-01
H5         1.0           2.1557398186E+00  -4.1710424579E+00  -7.9370600963E-01
O6         8.0          -3.3840126069E+00   5.9016487328E-01  -1.8927523149E-01
H7         1.0          -4.8509896627E+00  -5.6719300002E-01   9.3804640718E-02
O8         8.0           1.1754869943E+00   1.1879707089E+00   2.9811143808E+00
H9         1.0           2.6872577106E+00   4.4290419799E-01   3.8312563393E+00
H10        1.0          -3.6827646439E-01  -4.6967050828E+00   7.3508471953E-01
H11        1.0           3.2627401777E+00   2.4106027172E+00  -2.5651221427E+00
H12        1.0          -4.2022035387E+00   2.2715926883E+00  -4.7149471405E-01
H13        1.0           1.2200717926E+00   3.0422150121E+00   3.3410729291E+00
</Nuclei of Molecule>
<Total Number of CPs of DelSqRho>
    38
</Total Number of CPs of DelSqRho>
<Number of (3,+3) CPs of DelSqRho>
     4
</Number of (3,+3) CPs of DelSqRho>
<Number of (3,+1) CPs of DelSqRho>
    13
</Number of (3,+1) CPs of DelSqRho>
<Number of (3,-1) CPs of DelSqRho>
    15
</Number of (3,-1) CPs of DelSqRho>
<Number of (3,-3) CPs of DelSqRho>
     6
</Number of (3,-3) CPs of DelSqRho>
<Number of Degenerate CPs of DelSqRho>
     0
</Number of Degenerate CPs of DelSqRho>
<CP of DelSqRho>
CP# = 1       
Type = (3,+3)
Coords = -3.38401293383599E+00  5.90164957305886E-01 -1.89275198657982E-01
DistFromNuc =  3.3911134101E-07
Rho =  2.9745407042E+02
DelSqRho = -3.3309726597E+06
GradDelSqRho =  4.5610504458E-06  2.1061987354E-06 -1.4353254301E-06
HessDelSqRho_EigVals =  1.3246416658E+11  1.3246418174E+11  1.3246418770E+11
HessDelSqRho_EigVec1 = -3.7006653248E-03  1.9647697252E-01  9.8050145555E-01
HessDelSqRho_EigVec2 =  9.7606775194E-01 -2.1248870616E-01  4.6263304872E-02
HessDelSqRho_EigVec3 =  2.1743515976E-01  9.5720705651E-01 -1.9098848729E-01
</CP of DelSqRho>
<CP of DelSqRho>
CP# = 2       
Type = (3,-1)
Coords = -1.95893531242038E+00  3.62900785670286E-01 -1.55196338237976E-01
DistFromNuc =  1.4434873161E+00
Rho =  1.6689110300E-01
DelSqRho =  5.3689477627E-01
GradDelSqRho =  9.1218699261E-14 -1.1018963519E-14  3.3688329903E-15
HessDelSqRho_EigVals = -1.2953854686E+00 -7.9708633806E-01  3.8127698982E+00
HessDelSqRho_EigVec1 = -3.2398088102E-02  1.7651672006E-01  9.8376430685E-01
HessDelSqRho_EigVec2 =  1.9692149259E-01  9.6611494603E-01 -1.6686472610E-01
HessDelSqRho_EigVec3 =  9.7988381436E-01 -1.8831823756E-01  6.6060213121E-02
</CP of DelSqRho>
<CP of DelSqRho>
CP# = 3       
Type = (3,+1)
Coords = -4.29272984309626E+00 -1.26948545547805E-01 -1.22820736941650E-02
DistFromNuc =  1.1710445118E+00
Rho =  4.0273797252E-01
DelSqRho = -9.1121229258E-01
GradDelSqRho = -3.7445740952E-13 -2.9812263769E-13  7.3649419896E-14
HessDelSqRho_EigVals = -2.9502111336E+01  1.4162528882E+01  1.4467427600E+01
HessDelSqRho_EigVec1 =  7.7733512666E-01  6.1123223546E-01 -1.4881281932E-01
HessDelSqRho_EigVec2 =  1.6810495469E-02  2.1628681546E-01  9.7618513649E-01
HessDelSqRho_EigVec3 = -6.2886207399E-01  7.6132461394E-01 -1.5785222237E-01
</CP of DelSqRho>
<CP of DelSqRho>
CP# = 4       
Type = (3,+1)
Coords = -3.88789401132936E+00  1.63219825325395E+00 -3.61961249899978E-01
DistFromNuc =  1.1702779566E+00
Rho =  4.0195744441E-01
DelSqRho = -9.0308379729E-01
GradDelSqRho = -1.2275527816E-12  2.6694479960E-12 -4.1832509678E-13
HessDelSqRho_EigVals = -2.9185587234E+01  1.4041574662E+01  1.4302843887E+01
HessDelSqRho_EigVec1 = -4.3515447921E-01  8.8775526185E-01 -1.5010387832E-01
HessDelSqRho_EigVec2 =  2.4628287701E-02  1.7839040163E-01  9.8365151962E-01
HessDelSqRho_EigVec3 = -9.0001890350E-01 -4.2434356325E-01  9.9491274317E-02
</CP of DelSqRho>
<CP of DelSqRho>
CP# = 5       
Type = (3,+1)
Coords = -3.50143192731763E+00  6.38699377849233E-01 -7.81612065303580E-02
DistFromNuc =  1.6878750390E-01
Rho =  2.2395814923E+01
DelSqRho =  1.2411191859E+03
GradDelSqRho = -4.4124703891E-12  3.2915892234E-12  6.4375171860E-12
HessDelSqRho_EigVals = -4.0543464858E+05  7.7107766345E+02  1.9708714012E+03
HessDelSqRho_EigVec1 =  6.9361933972E-01 -2.8745670093E-01 -6.6050045924E-01
HessDelSqRho_EigVec2 =  6.9058511427E-01  4.5394510048E-03  7.2323688604E-01
HessDelSqRho_EigVec3 =  2.0490097978E-01  9.5778287648E-01 -2.0166196967E-01
</CP of DelSqRho>
<CP of DelSqRho>
CP# = 6       
Type = (3,-3)
Coords = -3.22992431369879E+00  6.52590305854451E-01 -2.06126643809066E-01
DistFromNuc =  1.6710507726E-01
Rho =  2.2720893299E+01
DelSqRho =  1.2891098104E+03
GradDelSqRho = -7.3896444519E-12 -1.3642420527E-12  4.3058889787E-12
HessDelSqRho_EigVals = -4.4720116355E+05 -1.9473630208E+03 -3.3815274605E+02
HessDelSqRho_EigVec1 =  9.2323964669E-01  3.7074264496E-01 -1.0088828471E-01
HessDelSqRho_EigVec2 =  1.4465974999E-02  2.2885005184E-01  9.7335419521E-01
HessDelSqRho_EigVec3 =  3.8395219800E-01 -9.0009863070E-01  2.0592028717E-01
</CP of DelSqRho>
<CP of DelSqRho>
CP# = 7       
Type = (3,-3)
Coords = -3.27938289790354E+00  4.61659482984785E-01 -1.67641442664753E-01
DistFromNuc =  1.6711981381E-01
Rho =  2.2711597256E+01
DelSqRho =  1.2899707358E+03
GradDelSqRho =  5.6843418861E-12 -3.4106051316E-13 -3.9221959014E-12
HessDelSqRho_EigVals = -4.4700783073E+05 -2.0277187712E+03 -5.2846997833E+02
HessDelSqRho_EigVec1 = -6.2850023812E-01  7.6712678580E-01 -1.2846768150E-01
HessDelSqRho_EigVec2 = -4.8784740337E-03  1.6127491458E-01  9.8689746297E-01
HessDelSqRho_EigVec3 =  7.7779409304E-01  6.2089201673E-01 -9.7618914109E-02
</CP of DelSqRho>
<CP of DelSqRho>
CP# = 8       
Type = (3,-1)
Coords = -3.21790652365646E+00  5.73393248125469E-01 -1.89090003185959E-01
DistFromNuc =  1.6695074910E-01
Rho =  2.2774570166E+01
DelSqRho =  1.2887747704E+03
GradDelSqRho = -6.5938365879E-12  2.8279600883E-12 -2.8421709430E-14
HessDelSqRho_EigVals = -4.5065111198E+05 -1.7742994031E+03  2.3425542555E+02
HessDelSqRho_EigVec1 =  9.9486115817E-01 -1.0124646968E-01  6.5448372579E-04
HessDelSqRho_EigVec2 =  1.9712042248E-02  2.0002546776E-01  9.7959238852E-01
HessDelSqRho_EigVec3 =  9.9311184474E-02  9.7454551696E-01 -2.0099334321E-01
</CP of DelSqRho>
<CP of DelSqRho>
CP# = 9       
Type = (3,-1)
Coords = -3.01063456072448E+00  1.17335848504681E+00 -2.97122078577781E-01
DistFromNuc =  7.0082586755E-01
Rho =  7.2029709780E-01
DelSqRho = -1.4997842404E+00
GradDelSqRho =  3.1086244690E-15 -1.1546319456E-14 -1.8873791419E-15
HessDelSqRho_EigVals = -1.5703141555E+01 -7.5954426676E+00  1.6544075457E+02
HessDelSqRho_EigVec1 = -8.3093630496E-01  5.5282032012E-01 -6.2725997493E-02
HessDelSqRho_EigVec2 =  3.4170306105E-02  1.6323723976E-01  9.8599492582E-01
HessDelSqRho_EigVec3 =  5.5531724922E-01  8.1715561383E-01 -1.5452978840E-01
</CP of DelSqRho>
<CP of DelSqRho>
CP# = 10      
Type = (3,-1)
Coords = -3.29431463629964E+00 -8.93650318268276E-02 -4.20637074484001E-02
DistFromNuc =  7.0105481290E-01
Rho =  7.1713189995E-01
DelSqRho = -1.4533832908E+00
GradDelSqRho = -2.7755575616E-15  1.7941204078E-13 -2.1094237468E-14
HessDelSqRho_EigVals = -1.6115342673E+01 -7.9548013539E+00  1.6474183645E+02
HessDelSqRho_EigVec1 =  9.8787649739E-01  1.4223114158E-01 -6.2211962382E-02
HessDelSqRho_EigVec2 =  3.0879503813E-02  2.1270216577E-01  9.7662902113E-01
HessDelSqRho_EigVec3 = -1.5213967972E-01  9.6670993118E-01 -2.0573144343E-01
</CP of DelSqRho>
<CP of DelSqRho>
CP# = 11      
Type = (3,+1)
Coords = -3.62457993301589E+00  3.50817645589125E-01  4.02426202465714E-01
DistFromNuc =  6.8210726482E-01
Rho =  7.7787085237E-01
DelSqRho = -2.3203258542E+00
GradDelSqRho = -3.1086244690E-15 -2.6645352591E-15  5.3290705182E-15
HessDelSqRho_EigVals = -1.1564934895E+01  6.9069632021E+00  1.9870741009E+02
HessDelSqRho_EigVec1 =  7.7506145500E-01  4.4982253187E-01  4.4377858308E-01
HessDelSqRho_EigVec2 =  5.4257770665E-01 -8.3372408084E-01 -1.0253579505E-01
HessDelSqRho_EigVec3 = -3.2386598033E-01 -3.2025590837E-01  8.9025107691E-01
</CP of DelSqRho>
<CP of DelSqRho>
CP# = 12      
Type = (3,+1)
Coords = -3.44764387333773E+00  1.11331508129501E+00  2.44872289149276E-01
DistFromNuc =  6.8280242229E-01
Rho =  7.7668082443E-01
DelSqRho = -2.3165256768E+00
GradDelSqRho = -2.6645352591E-15  1.2434497876E-14 -3.5527136788E-15
HessDelSqRho_EigVals = -1.1452429964E+01  6.7635691552E+00  1.9776779134E+02
HessDelSqRho_EigVec1 =  5.4954837287E-01 -5.3132752563E-01  6.4473843253E-01
HessDelSqRho_EigVec2 = -8.3189114178E-01 -4.1927463243E-01  3.6354629805E-01
HessDelSqRho_EigVec3 = -7.7160314323E-02  7.3613846735E-01  6.7241835399E-01
</CP of DelSqRho>
<CP of DelSqRho>
CP# = 13      
Type = (3,+1)
Coords = -3.66600287918403E+00  1.18233564345315E-01 -5.93487501491707E-01
DistFromNuc =  6.8236737408E-01
Rho =  7.8008842415E-01
DelSqRho = -2.3677560924E+00
GradDelSqRho =  1.2114753645E-12 -4.6274095666E-13 -2.7515767442E-12
HessDelSqRho_EigVals = -1.2928230697E+01  8.1259865349E+00  2.0106307414E+02
HessDelSqRho_EigVec1 =  7.2326716630E-01  2.1053153394E-01 -6.5769375804E-01
HessDelSqRho_EigVec2 =  5.7752394266E-01 -7.0657304853E-01  4.0892618251E-01
HessDelSqRho_EigVec3 =  3.7861682715E-01  6.7559677346E-01  6.3262808813E-01
</CP of DelSqRho>
<CP of DelSqRho>
CP# = 14      
Type = (3,+1)
Coords = -3.47253692331287E+00  9.62771529835161E-01 -7.55813233124821E-01
DistFromNuc =  6.8384031937E-01
Rho =  7.7592833665E-01
DelSqRho = -2.3321569477E+00
GradDelSqRho =  4.8849813084E-15 -1.2434497876E-14  8.8817841970E-16
HessDelSqRho_EigVals = -1.2953983370E+01  7.7298833608E+00  1.9848124499E+02
HessDelSqRho_EigVec1 = -5.0823613190E-01  7.1457859326E-01  4.8070101756E-01
HessDelSqRho_EigVec2 = -8.5446965290E-01 -4.8813110099E-01 -1.7779100236E-01
HessDelSqRho_EigVec3 =  1.0759947259E-01 -5.0110424295E-01  8.5867158518E-01
</CP of DelSqRho>
<CP of DelSqRho>
CP# = 15      
Type = (3,-1)
Coords = -4.04170456991901E+00  7.00680888204059E-01 -4.20199717197626E-01
DistFromNuc =  7.0576102600E-01
Rho =  7.1900325778E-01
DelSqRho = -1.5524678682E+00
GradDelSqRho =  5.2402526762E-14 -6.5086824819E-15  1.9761969838E-14
HessDelSqRho_EigVals = -1.7345408718E+01 -2.2650065570E+00  1.5761986741E+02
HessDelSqRho_EigVec1 =  2.2299034617E-01  9.5747306129E-01 -1.8308643427E-01
HessDelSqRho_EigVec2 = -3.0584758287E-01  2.4704967243E-01  9.1946925746E-01
HessDelSqRho_EigVec3 =  9.2559848831E-01 -1.4903622464E-01  3.4793051343E-01
</CP of DelSqRho>
<CP of DelSqRho>
CP# = 16      
Type = (3,+3)
Coords = -2.88888310989361E+00  4.03360873748187E-01 -5.69143467415887E-01
DistFromNuc =  6.5142062429E-01
Rho =  9.1325191128E-01
DelSqRho = -4.1004073228E+00
GradDelSqRho = -5.3290705182E-15 -5.3290705182E-15 -1.2434497876E-14
HessDelSqRho_EigVals =  4.8565539649E+00  2.0151943382E+01  2.9266358858E+02
HessDelSqRho_EigVec1 =  6.2502015036E-01  1.8161646283E-02  7.8039731307E-01
HessDelSqRho_EigVec2 =  2.1293008153E-01  9.5785097698E-01 -1.9282708909E-01
HessDelSqRho_EigVec3 =  7.5100638614E-01 -2.8669087971E-01 -5.9480900083E-01
</CP of DelSqRho>
<CP of DelSqRho>
CP# = 17      
Type = (3,+3)
Coords = -3.92741336895658E+00  1.48642089584577E-01 -7.69323488208496E-02
DistFromNuc =  7.0911753607E-01
Rho =  7.8830294601E-01
DelSqRho = -3.4444875708E+00
GradDelSqRho =  2.3092638912E-14  1.1546319456E-14  1.2073675393E-15
HessDelSqRho_EigVals =  1.6088615673E+01  2.2924806834E+01  1.5787924039E+02
HessDelSqRho_EigVec1 =  1.1859953295E-02  2.3666301641E-01  9.7151940700E-01
HessDelSqRho_EigVec2 = -6.4894327149E-01  7.4100359393E-01 -1.7258709154E-01
HessDelSqRho_EigVec3 =  7.6074435384E-01  6.2841410745E-01 -1.6236914013E-01
</CP of DelSqRho>
<CP of DelSqRho>
CP# = 18      
Type = (3,+3)
Coords = -3.67852015981764E+00  1.22935014672466E+00 -2.89070451792360E-01
DistFromNuc =  7.1081052221E-01
Rho =  7.8286609692E-01
DelSqRho = -3.3805166692E+00
GradDelSqRho =  2.9753977060E-14 -3.8591352336E-13  1.3017364964E-13
HessDelSqRho_EigVals =  1.5718820108E+01  2.2191239844E+01  1.5554710793E+02
HessDelSqRho_EigVec1 =  8.3682592667E-04  1.4971513196E-01  9.8872881974E-01
HessDelSqRho_EigVec2 =  9.1396057868E-01  4.0111402572E-01 -6.1510966389E-02
HessDelSqRho_EigVec3 = -4.0580211968E-01  9.0371063822E-01 -1.3649806602E-01
</CP of DelSqRho>
<CP of DelSqRho>
CP# = 19      
Type = (3,-1)
Coords = -4.53463810076522E+00  8.61694342020220E-01 -1.61197574842110E-01
DistFromNuc =  1.1825631629E+00
Rho =  2.5125431090E-01
DelSqRho =  8.0097638657E-01
GradDelSqRho = -8.8817841970E-16 -1.3045120539E-15 -4.5102810375E-17
HessDelSqRho_EigVals = -1.5988059714E+01 -4.1390389435E+00  3.4108209293E-01
HessDelSqRho_EigVec1 =  9.7286371290E-01 -2.3037970028E-01 -2.1479986422E-02
HessDelSqRho_EigVec2 =  2.2225607862E-01  9.5628092179E-01 -1.9007639026E-01
HessDelSqRho_EigVec3 =  6.4330643034E-02  1.8014436521E-01  9.8153429693E-01
</CP of DelSqRho>
<CP of DelSqRho>
CP# = 20      
Type = (3,-3)
Coords = -3.23735141509917E+00 -5.40328634704763E-01 -1.30015873208538E-02
DistFromNuc =  1.1535152684E+00
Rho =  2.4504249906E-01
DelSqRho =  8.1768116508E-01
GradDelSqRho =  1.3392065235E-15 -4.2049697058E-15  4.7878367937E-16
HessDelSqRho_EigVals = -1.7642698742E+01 -1.5928170615E+00 -3.5123749805E-01
HessDelSqRho_EigVec1 = -1.6580429250E-01  9.7421761650E-01 -1.5299990943E-01
HessDelSqRho_EigVec2 =  9.8407503628E-01  1.5337037039E-01 -8.9854618411E-02
HessDelSqRho_EigVec3 =  6.4072299403E-02  1.6546167285E-01  9.8413270206E-01
</CP of DelSqRho>
<CP of DelSqRho>
CP# = 21      
Type = (3,+1)
Coords = -2.35230258454383E+00  4.52842479162268E-01  4.85006307060997E-01
DistFromNuc =  1.2401365261E+00
Rho =  2.4055621231E-01
DelSqRho =  4.7314072539E-01
GradDelSqRho = -1.5744350268E-14 -4.0252523537E-14  4.7586934393E-14
HessDelSqRho_EigVals = -1.1490729498E+01  5.6080524179E-01  6.7127234534E-01
HessDelSqRho_EigVec1 =  8.0627337168E-01 -1.0885057048E-01  5.8144200349E-01
HessDelSqRho_EigVec2 =  1.0808084101E-02  9.8547081114E-01  1.6950063632E-01
HessDelSqRho_EigVec3 = -5.9144436377E-01 -1.3037957547E-01  7.9573533971E-01
</CP of DelSqRho>
<CP of DelSqRho>
CP# = 22      
Type = (3,-3)
Coords = -4.20859630047381E+00  9.31448244246466E-01  5.59534098785482E-01
DistFromNuc =  1.1649583770E+00
Rho =  2.4083988169E-01
DelSqRho =  8.4380059264E-01
GradDelSqRho =  4.6351811278E-15 -1.5265566589E-15 -1.9984014443E-15
HessDelSqRho_EigVals = -1.8586624316E+01 -1.2335519243E+00 -3.1836274950E-01
HessDelSqRho_EigVec1 =  6.9140418629E-01 -2.9263918178E-01 -6.6054716748E-01
HessDelSqRho_EigVec2 =  2.1735823489E-01  9.5618957359E-01 -1.9610430155E-01
HessDelSqRho_EigVec3 =  6.8899611675E-01 -7.9880313470E-03  7.2472101008E-01
</CP of DelSqRho>
<CP of DelSqRho>
CP# = 23      
Type = (3,+1)
Coords = -2.36548283856574E+00  2.15911589362076E-01 -7.85039974496683E-01
DistFromNuc =  1.2379030813E+00
Rho =  2.4153836830E-01
DelSqRho =  4.9424375352E-01
GradDelSqRho =  1.6653345369E-16 -1.0200174039E-15 -3.6776137691E-16
HessDelSqRho_EigVals = -1.2117999595E+01  5.1086575915E-01  5.8394947772E-01
HessDelSqRho_EigVec1 =  8.0147532963E-01 -3.1045353324E-01 -5.1113197875E-01
HessDelSqRho_EigVec2 =  3.0561802575E-01 -5.2202902981E-01  7.9629348508E-01
HessDelSqRho_EigVec3 =  5.1403785691E-01  7.9442072967E-01  3.2351319282E-01
</CP of DelSqRho>
<CP of DelSqRho>
CP# = 24      
Type = (3,-3)
Coords = -4.28137942749647E+00  6.55091238015715E-01 -9.24206204562604E-01
DistFromNuc =  1.1617255178E+00
Rho =  2.4062794057E-01
DelSqRho =  8.5010657443E-01
GradDelSqRho = -3.7192471325E-15  3.9725167600E-16 -3.2196467714E-15
HessDelSqRho_EigVals = -1.8482025891E+01 -1.2773645652E+00 -3.2809738571E-01
HessDelSqRho_EigVec1 =  7.5891438620E-01 -4.9467653518E-02  6.4930879070E-01
HessDelSqRho_EigVec2 = -2.1371180437E-01 -9.6080376811E-01  1.7658817589E-01
HessDelSqRho_EigVec3 = -6.1512293006E-01  2.7278026037E-01  7.3973962342E-01
</CP of DelSqRho>
<CP of DelSqRho>
CP# = 25      
Type = (3,-1)
Coords = -2.22845499381960E+00  8.99784134593359E-02 -1.40942440387942E-01
DistFromNuc =  1.2600936277E+00
Rho =  2.3496567488E-01
DelSqRho =  5.4727624073E-01
GradDelSqRho = -8.8817841970E-16  7.4940054162E-16 -2.5153490402E-16
HessDelSqRho_EigVals = -8.3638480732E+00 -6.4541535072E-01  4.2677233276E-01
HessDelSqRho_EigVec1 =  8.6191672355E-01 -5.0542638717E-01  4.0542925671E-02
HessDelSqRho_EigVec2 =  2.7173996210E-02  1.2588779968E-01  9.9167224214E-01
HessDelSqRho_EigVec3 =  5.0632117830E-01  8.5363717647E-01 -1.2223925457E-01
</CP of DelSqRho>
<CP of DelSqRho>
CP# = 26      
Type = (3,-1)
Coords = -3.54468352345868E+00 -1.47525075606294E-02  8.07532636988353E-01
DistFromNuc =  1.1770157636E+00
Rho =  2.3955789361E-01
DelSqRho =  7.4484242747E-01
GradDelSqRho = -5.2041704279E-16  1.0824674490E-15 -5.2735593670E-16
HessDelSqRho_EigVals = -1.7244061137E+01 -1.4569618720E+00  2.6755866520E-01
HessDelSqRho_EigVec1 = -1.0302719128E-01 -5.0516864076E-01  8.5684890281E-01
HessDelSqRho_EigVec2 =  8.7428567771E-01  3.6481733535E-01  3.2020753517E-01
HessDelSqRho_EigVec3 =  4.7435213882E-01 -7.8212080667E-01 -4.0407560205E-01
</CP of DelSqRho>
<CP of DelSqRho>
CP# = 27      
Type = (3,-3)
Coords = -2.75447758602395E+00  1.52901045466409E+00 -4.33905684538404E-01
DistFromNuc =  1.1565420126E+00
Rho =  2.4512295637E-01
DelSqRho =  8.0432966494E-01
GradDelSqRho = -6.9889580234E-13 -8.4619811158E-13  4.2420927882E-14
HessDelSqRho_EigVals = -1.7375487109E+01 -1.4996269401E+00 -3.0258875172E-01
HessDelSqRho_EigVec1 =  5.7313928974E-01  7.9297177297E-01 -2.0665701494E-01
HessDelSqRho_EigVec2 =  8.1529165540E-01 -5.7719264566E-01  4.6348316486E-02
HessDelSqRho_EigVec3 =  8.2528002500E-02  1.9504978100E-01  9.7731505244E-01
</CP of DelSqRho>
<CP of DelSqRho>
CP# = 28      
Type = (3,-1)
Coords = -3.62407193308968E+00 -3.22443751042139E-01 -8.92136165284726E-01
DistFromNuc =  1.1766462822E+00
Rho =  2.3973981200E-01
DelSqRho =  7.5567821705E-01
GradDelSqRho = -7.5026790336E-17 -3.1918911958E-16 -6.6613381478E-16
HessDelSqRho_EigVals = -1.7594794247E+01 -1.3985476334E+00  2.4338899766E-01
HessDelSqRho_EigVec1 =  1.7475105586E-01  7.7098938957E-01  6.1240299611E-01
HessDelSqRho_EigVec2 = -8.3254155800E-01 -2.1636434093E-01  5.0996178894E-01
HessDelSqRho_EigVec3 =  5.2567729899E-01 -5.9896730557E-01  6.0407081057E-01
</CP of DelSqRho>
<CP of DelSqRho>
CP# = 29      
Type = (3,-1)
Coords = -3.23792417820649E+00  1.21348275115340E+00 -1.17621114613055E+00
DistFromNuc =  1.1763968316E+00
Rho =  2.4003164337E-01
DelSqRho =  7.5421324916E-01
GradDelSqRho =  1.0755285551E-16  3.3306690739E-16  8.9511731360E-16
HessDelSqRho_EigVals = -1.7506771034E+01 -1.3895514204E+00  2.3020995438E-01
HessDelSqRho_EigVec1 = -1.4685029442E-01 -5.1042223395E-01  8.4729223655E-01
HessDelSqRho_EigVec2 = -6.2281576981E-01  7.1317601451E-01  3.2168383423E-01
HessDelSqRho_EigVec3 =  7.6846308168E-01  4.8046760079E-01  4.2262912427E-01
</CP of DelSqRho>
<CP of DelSqRho>
CP# = 30      
Type = (3,-1)
Coords = -3.15855218390536E+00  1.53057493592874E+00  4.82352814586881E-01
DistFromNuc =  1.1774072025E+00
Rho =  2.3986164049E-01
DelSqRho =  7.4176131581E-01
GradDelSqRho =  4.1633363423E-17 -1.0685896612E-15 -5.7592819402E-16
HessDelSqRho_EigVals = -1.7156234334E+01 -1.4087798711E+00  2.5475310923E-01
HessDelSqRho_EigVec1 =  2.1720724355E-01  7.8234958786E-01  5.8373807116E-01
HessDelSqRho_EigVec2 =  6.6519201983E-01 -5.5629435353E-01  4.9805237575E-01
HessDelSqRho_EigVec3 =  7.1438126383E-01  2.8011732293E-01 -6.4124386569E-01
</CP of DelSqRho>
<CP of DelSqRho>
CP# = 31      
Type = (3,-1)
Coords = -5.28421134773519E+00 -5.48685127215965E-02 -4.30068642653698E-01
DistFromNuc =  2.0210900006E+00
Rho =  7.1098439257E-02
DelSqRho =  1.8513472161E-01
GradDelSqRho =  3.8842193351E-13 -1.5772105844E-14 -3.3688329903E-14
HessDelSqRho_EigVals = -2.0650901098E+00 -4.2961121767E-03  5.3952834217E-01
HessDelSqRho_EigVec1 =  8.9813252182E-01 -1.2414998949E-01  4.2183498357E-01
HessDelSqRho_EigVec2 = -3.0221139877E-01  5.2257012109E-01  7.9723819464E-01
HessDelSqRho_EigVec3 =  3.1941547193E-01  8.4350889068E-01 -4.3181767870E-01
</CP of DelSqRho>
<CP of DelSqRho>
CP# = 32      
Type = (3,-1)
Coords = -3.55044963795661E+00  2.42581192826120E+00 -1.00642971027640E+00
DistFromNuc =  2.0161951389E+00
Rho =  7.0804694467E-02
DelSqRho =  1.8717301068E-01
GradDelSqRho = -1.1449174941E-16  1.8041124150E-16  2.6367796835E-16
HessDelSqRho_EigVals = -2.0250621259E+00 -9.5239084787E-03  5.0451846884E-01
HessDelSqRho_EigVec1 =  3.6335444842E-01  7.0318272806E-01 -6.1115267796E-01
HessDelSqRho_EigVec2 =  4.8820696782E-01  4.1499520336E-01  7.6774535997E-01
HessDelSqRho_EigVec3 =  7.9349070655E-01 -5.7733268758E-01 -1.9250835427E-01
</CP of DelSqRho>
<CP of DelSqRho>
CP# = 33      
Type = (3,-1)
Coords = -4.87037165657392E+00  1.83477970399562E+00 -7.61380867245293E-01
DistFromNuc =  2.0212951689E+00
Rho =  7.0998956916E-02
DelSqRho =  1.8607237191E-01
GradDelSqRho =  8.9393770164E-14 -2.8275992658E-14  4.4225040297E-14
HessDelSqRho_EigVals = -2.0942243025E+00 -5.1362991860E-03  5.3455989613E-01
HessDelSqRho_EigVec1 =  9.1931108632E-01 -1.1103872892E-01  3.7754142454E-01
HessDelSqRho_EigVec2 = -3.7918695305E-01  6.7243884808E-03  9.2529564855E-01
HessDelSqRho_EigVec3 =  1.0528238790E-01  9.9379333026E-01  3.5922632412E-02
</CP of DelSqRho>
<CP of DelSqRho>
CP# = 34      
Type = (3,+1)
Coords = -4.33006419933046E+00  1.97662357468293E+00 -1.28308310146569E+00
DistFromNuc =  2.0034213243E+00
Rho =  7.0466140478E-02
DelSqRho =  1.8527693325E-01
GradDelSqRho =  3.2546881856E-14 -3.8236774857E-14  5.7221588579E-14
HessDelSqRho_EigVals = -1.8514196755E+00  7.9128376344E-03  5.7977117989E-01
HessDelSqRho_EigVec1 =  4.0304009952E-01 -2.8974070721E-01  8.6810656072E-01
HessDelSqRho_EigVec2 =  8.8698318978E-01  3.5732203985E-01 -2.9254363928E-01
HessDelSqRho_EigVec3 = -2.2543180615E-01  8.8790274379E-01  4.0101024719E-01
</CP of DelSqRho>
<CP of DelSqRho>
CP# = 35      
Type = (3,+1)
Coords = -4.08348749522798E+00  2.38009513726178E+00  3.96412774484543E-01
DistFromNuc =  2.0090161546E+00
Rho =  7.0025100430E-02
DelSqRho =  1.8180505615E-01
GradDelSqRho =  2.6020852140E-17 -1.3877787808E-16 -6.4531713306E-16
HessDelSqRho_EigVals = -1.7558056293E+00  1.0985410770E-02  5.7916250899E-01
HessDelSqRho_EigVec1 = -1.7673906451E-01  6.8496633095E-01  7.0681286670E-01
HessDelSqRho_EigVec2 =  8.9754818411E-01  4.0687968362E-01 -1.6987106951E-01
HessDelSqRho_EigVec3 =  4.0394375880E-01 -6.0437575110E-01  6.8670182117E-01
</CP of DelSqRho>
<CP of DelSqRho>
CP# = 36      
Type = (3,-1)
Coords = -4.30636907475933E+00 -1.19913582136859E+00 -3.39820247985826E-02
DistFromNuc =  2.0190231325E+00
Rho =  7.1177893343E-02
DelSqRho =  1.8974664293E-01
GradDelSqRho =  3.8344327713E-14  1.6000673009E-12 -1.2323432205E-13
HessDelSqRho_EigVals = -2.1990115197E+00 -1.0333856292E-02  4.6426082307E-01
HessDelSqRho_EigVec1 = -8.1046886867E-02  9.9601837376E-01  3.7132213321E-02
HessDelSqRho_EigVec2 =  1.7546635445E-01 -2.2414892528E-02  9.8423022259E-01
HessDelSqRho_EigVec3 =  9.8114370027E-01  8.6284249605E-02 -1.7295105575E-01
</CP of DelSqRho>
<CP of DelSqRho>
CP# = 37      
Type = (3,+1)
Coords = -4.88528964443372E+00 -1.99559416548347E-01  8.88101206793602E-01
DistFromNuc =  2.0095365603E+00
Rho =  7.0343399235E-02
DelSqRho =  1.8261537145E-01
GradDelSqRho =  2.9837243787E-16  4.5102810375E-17 -4.1633363423E-16
HessDelSqRho_EigVals = -1.8105491317E+00  1.0668217467E-02  5.8063565077E-01
HessDelSqRho_EigVec1 = -5.3745387063E-01 -5.3138083697E-02  8.4161730080E-01
HessDelSqRho_EigVec2 =  6.3887677238E-01 -6.7708196319E-01  3.6523483518E-01
HessDelSqRho_EigVec3 =  5.5043601504E-01  7.3398662057E-01  3.9784900926E-01
</CP of DelSqRho>
<CP of DelSqRho>
CP# = 38      
Type = (3,+1)
Coords = -5.01574734316664E+00 -4.35875300752738E-01 -7.48109539284096E-01
DistFromNuc =  2.0068912456E+00
Rho =  7.0703336363E-02
DelSqRho =  1.8479951515E-01
GradDelSqRho = -2.9143354396E-16 -1.3010426070E-16  2.0816681712E-16
HessDelSqRho_EigVals = -1.8928078479E+00  7.1337543318E-03  5.7652856420E-01
HessDelSqRho_EigVec1 =  6.5292045668E-01  2.6472481864E-01  7.0965882482E-01
HessDelSqRho_EigVec2 = -5.9373508899E-01  7.6063042146E-01  2.6252620070E-01
HessDelSqRho_EigVec3 =  4.7029089015E-01  5.9275807236E-01 -6.5380757589E-01
</CP of DelSqRho>
<Path of -GradDelSqRho>
Starting CP# =      3
Ending CP# =     17
Number of Points =     19
 -4.2927298431E+00 -1.2694854555E-01 -1.2282073694E-02  4.0273797252E-01 -9.1121229258E-01
 -4.2732966858E+00 -1.1166778824E-01 -1.6003747375E-02  4.1455970044E-01 -9.2053803954E-01
 -4.2538639507E+00 -9.6387125492E-02 -1.9728012617E-02  4.2744854757E-01 -9.4900008121E-01
 -4.2344314844E+00 -8.1106660862E-02 -2.3454492462E-02  4.4142576042E-01 -9.9742637915E-01
 -4.2149989811E+00 -6.5826674791E-02 -2.7182741310E-02  4.5650697511E-01 -1.0667029224E+00
 -4.1955659590E+00 -5.0547656128E-02 -3.0912250764E-02  4.7270130521E-01 -1.1576512463E+00
 -4.1761317325E+00 -3.5270337808E-02 -3.4642449799E-02  4.9001041021E-01 -1.2708749380E+00
 -4.1566953751E+00 -1.9995742111E-02 -3.8372695965E-02  5.0842763980E-01 -1.4065785710E+00
 -4.1372556668E+00 -4.7252432363E-03 -4.2102254103E-02  5.2793736999E-01 -1.5643650567E+00
 -4.1178110161E+00  1.0539341331E-02 -4.5830257355E-02  5.4851466551E-01 -1.7430202369E+00
 -4.0983593401E+00  2.5795612206E-02 -4.9555641424E-02  5.7012541833E-01 -1.9402961799E+00
 -4.0788978763E+00  4.1040369546E-02 -5.3277035049E-02  5.9272712168E-01 -2.1527063083E+00
 -4.0594228694E+00  5.6269251191E-02 -5.6992572206E-02  6.1627044276E-01 -2.3753449485E+00
 -4.0399290193E+00  7.1476092140E-02 -6.0699551050E-02  6.4070175287E-01 -2.6017388885E+00
 -4.0204084121E+00  8.6651681137E-02 -6.4393758881E-02  6.6596676134E-01 -2.8237249320E+00
 -4.0008481726E+00  1.0178101489E-01 -6.8067962220E-02  6.9201536913E-01 -3.0313178999E+00
 -3.9812242737E+00  1.1683598773E-01 -7.1707862250E-02  7.1880773427E-01 -3.2124760953E+00
 -3.9614796556E+00  1.3174908853E-01 -7.5277527138E-02  7.4632063060E-01 -3.3525696716E+00
 -3.9274133690E+00  1.4864208958E-01 -7.6932348821E-02  7.8830294601E-01 -3.4444875708E+00
</Path of -GradDelSqRho>
<Path of -GradDelSqRho>
Starting CP# =      3
Ending CP# =      0
Number of Points =     30
 -4.2927298431E+00 -1.2694854555E-01 -1.2282073694E-02  4.0273797252E-01 -9.1121229258E-01
 -4.3121634322E+00 -1.4222943231E-01 -8.5631878725E-03  3.9195732539E-01 -9.2034277849E-01
 -4.3315973908E+00 -1.5751060250E-01 -4.8473985765E-03  3.8218760093E-01 -9.4745379618E-01
 -4.3510315610E+00 -1.7279228600E-01 -1.1348280186E-03  3.7339501391E-01 -9.9229555356E-01
 -4.3704657335E+00 -1.8807475452E-01  2.5744972227E-03  3.6554245413E-01 -1.0548265620E+00
 -4.3898996787E+00 -2.0335828339E-01  6.2806433540E-03  3.5858961011E-01 -1.1351473246E+00
 -4.4093331777E+00 -2.1864311359E-01  9.9837610615E-03  3.5249295783E-01 -1.2333679372E+00
 -4.4287660543E+00 -2.3392941451E-01  1.3684073296E-02  3.4720570259E-01 -1.3493838486E+00
 -4.4481982066E+00 -2.4921724699E-01  1.7381861038E-02  3.4267782892E-01 -1.4825312559E+00
 -4.4676296404E+00 -2.6450652453E-01  2.1077449295E-02  3.3885650814E-01 -1.6311093694E+00
 -4.4870605070E+00 -2.7979696789E-01  2.4771195821E-02  3.3568723271E-01 -1.7918115849E+00
 -4.5064911521E+00 -2.9508804476E-01  2.8463484955E-02  3.3311616550E-01 -1.9592245218E+00
 -4.5259221810E+00 -3.1037888672E-01  3.2154726984E-02  3.3109424608E-01 -2.1257424291E+00
 -4.5453545199E+00 -3.2566821281E-01  3.5845352036E-02  3.2958347393E-01 -2.2824720748E+00
 -4.5647892818E+00 -3.4095451711E-01  3.9535735058E-02  3.2856534141E-01 -2.4218640872E+00
 -4.5842265528E+00 -3.5623770440E-01  4.3225813866E-02  3.2805048836E-01 -2.5427155279E+00
 -4.6036616222E+00 -3.7152410912E-01  4.6914159729E-02  3.2808729180E-01 -2.6576374521E+00
 -4.6230847614E+00 -3.8682665279E-01  5.0598418502E-02  3.2876553140E-01 -2.8019750339E+00
 -4.6424930999E+00 -4.0214896369E-01  5.4278520175E-02  3.3021000480E-01 -3.0416785926E+00
 -4.6618916691E+00 -4.1748422047E-01  5.7956209867E-02  3.3255881542E-01 -3.4762348951E+00
 -4.6812850708E+00 -4.3282628085E-01  6.1632777463E-02  3.3592290436E-01 -4.2321131363E+00
 -4.7006757404E+00 -4.4817191535E-01  6.5308839760E-02  3.4032761088E-01 -5.4427891991E+00
 -4.7200648545E+00 -4.6351956970E-01  6.8984674356E-02  3.4564353952E-01 -7.2137040366E+00
 -4.7394529961E+00 -4.7886847547E-01  7.2660412954E-02  3.5152185352E-01 -9.5750503292E+00
 -4.7588404652E+00 -4.9421823728E-01  7.6336124659E-02  3.5735614268E-01 -1.2432534116E+01
 -4.7782274144E+00 -5.0956865155E-01  8.0011853156E-02  3.6229562810E-01 -1.5534960765E+01
 -4.7976139061E+00 -5.2491963021E-01  8.3687638118E-02  3.6532815946E-01 -1.8482524226E+01
 -4.8169999173E+00 -5.4027118774E-01  8.7363539659E-02  3.6543333991E-01 -2.0792994463E+01
 -4.8363852302E+00 -5.5562355943E-01  9.1039723153E-02  3.6177896197E-01 -2.2020293966E+01
 -4.8441388037E+00 -5.6176513015E-01  9.2510507795E-02  3.5914632781E-01 -2.2137880130E+01
</Path of -GradDelSqRho>
<Path of -GradDelSqRho>
Starting CP# =      4
Ending CP# =      0
Number of Points =     30
 -3.8878940113E+00  1.6321982533E+00 -3.6196124990E-01  4.0195744441E-01 -9.0308379729E-01
 -3.8987758493E+00  1.6543904029E+00 -3.6571545972E-01  3.9121578941E-01 -9.1211569934E-01
 -3.9096638084E+00  1.6765789497E+00 -3.6947321619E-01  3.8147998756E-01 -9.3893210506E-01
 -3.9205576543E+00  1.6987639635E+00 -3.7323476901E-01  3.7271661862E-01 -9.8328542412E-01
 -3.9314569498E+00  1.7209456309E+00 -3.7700026765E-01  3.6488897723E-01 -1.0451391553E+00
 -3.9423611050E+00  1.7431242329E+00 -3.8076975219E-01  3.5795720035E-01 -1.1246054385E+00
 -3.9532694369E+00  1.7653001152E+00 -3.8454315025E-01  3.5187825546E-01 -1.2218185810E+00
 -3.9641812364E+00  1.7874736565E+00 -3.8832027856E-01  3.4660587347E-01 -1.3367194098E+00
 -3.9750958374E+00  1.8096452326E+00 -3.9210084663E-01  3.4209057472E-01 -1.4687217062E+00
 -3.9860126874E+00  1.8318151821E+00 -3.9588445919E-01  3.3828002840E-01 -1.6162455398E+00
 -3.9969314194E+00  1.8539837710E+00 -3.9967061283E-01  3.3512010383E-01 -1.7761529816E+00
 -4.0078519316E+00  1.8761511558E+00 -4.0345868102E-01  3.3255709212E-01 -1.9432326707E+00
 -4.0187744832E+00  1.8983173420E+00 -4.0724788327E-01  3.3054163995E-01 -2.1100625397E+00
 -4.0296997952E+00  1.9204821385E+00 -4.1103725711E-01  3.2903483395E-01 -2.2678068333E+00
 -4.0406289879E+00  1.9426451672E+00 -4.1482577964E-01  3.2801646036E-01 -2.4086754414E+00
 -4.0515624626E+00  1.9648062567E+00 -4.1861329160E-01  3.2749460496E-01 -2.5307109611E+00
 -4.0624957737E+00  1.9869669918E+00 -4.2240334721E-01  3.2751443372E-01 -2.6450620919E+00
 -4.0734177356E+00  2.0091315825E+00 -4.2620356122E-01  3.2816242358E-01 -2.7848404504E+00
 -4.0843231250E+00  2.0313021973E+00 -4.3001620994E-01  3.2956100004E-01 -3.0131879524E+00
 -4.0952166808E+00  2.0534772360E+00 -4.3383695440E-01  3.3184827021E-01 -3.4267643425E+00
 -4.1061036837E+00  2.0756547793E+00 -4.3766183838E-01  3.3513919466E-01 -4.1501295978E+00
 -4.1169870867E+00  2.0978337295E+00 -4.4148880986E-01  3.3946855007E-01 -5.3169880483E+00
 -4.1278683492E+00  2.1200135363E+00 -4.4531690253E-01  3.4472235892E-01 -7.0363989009E+00
 -4.1387482017E+00  2.1421939223E+00 -4.4914564759E-01  3.5057223955E-01 -9.3463846625E+00
 -4.1496270178E+00  2.1643747454E+00 -4.5297480455E-01  3.5643431842E-01 -1.2164395533E+01
 -4.1605049779E+00  2.1865559400E+00 -4.5680424239E-01  3.6147746625E-01 -1.5252777474E+01
 -4.1713821292E+00  2.2087374960E+00 -4.6063388371E-01  3.6470018846E-01 -1.8222977255E+01
 -4.1822583672E+00  2.2309194742E+00 -4.6446367327E-01  3.6507836535E-01 -2.0596748493E+01
 -4.1931331937E+00  2.2531021309E+00 -4.6829354157E-01  3.6175938651E-01 -2.1921171072E+01
 -4.1980252924E+00  2.2630851107E+00 -4.7001690578E-01  3.5891174739E-01 -2.2087957022E+01
</Path of -GradDelSqRho>
<Path of -GradDelSqRho>
Starting CP# =      4
Ending CP# =     18
Number of Points =     19
 -3.8878940113E+00  1.6321982533E+00 -3.6196124990E-01  4.0195744441E-01 -9.0308379729E-01
 -3.8770180837E+00  1.6100026808E+00 -3.5821014894E-01  4.1373477985E-01 -9.1231017844E-01
 -3.8661480113E+00  1.5878037631E+00 -3.5446187282E-01  4.2657353357E-01 -9.4047158059E-01
 -3.8552832490E+00  1.5656018449E+00 -3.5071597306E-01  4.4049467614E-01 -9.8839005035E-01
 -3.8444229589E+00  1.5433974184E+00 -3.4697197214E-01  4.5551359016E-01 -1.0569422047E+00
 -3.8335659974E+00  1.5211911271E+00 -3.4322937769E-01  4.7163915760E-01 -1.1469361274E+00
 -3.8227108935E+00  1.4989837749E+00 -3.3948769017E-01  4.8887283005E-01 -1.2589574615E+00
 -3.8118558069E+00  1.4767763470E+00 -3.3574640167E-01  5.0720777742E-01 -1.3931881122E+00
 -3.8009984559E+00  1.4545700480E+00 -3.3200498334E-01  5.2662823095E-01 -1.5492035026E+00
 -3.7901359976E+00  1.4323663661E+00 -3.2826285770E-01  5.4710915523E-01 -1.7257571214E+00
 -3.7792648346E+00  1.4101671781E+00 -3.2451934875E-01  5.6861639857E-01 -1.9205636869E+00
 -3.7683803006E+00  1.3879749222E+00 -3.2077359562E-01  5.9110748123E-01 -2.1300938466E+00
 -3.7574761305E+00  1.3657928901E+00 -3.1702440017E-01  6.1453318378E-01 -2.3493926901E+00
 -3.7465435093E+00  1.3436257586E+00 -3.1326994300E-01  6.3884009318E-01 -2.5719291980E+00
 -3.7355692038E+00  1.3214806427E+00 -3.0950720733E-01  6.6397424823E-01 -2.7894698829E+00
 -3.7245313775E+00  1.2993694830E+00 -3.0573066012E-01  6.8988598148E-01 -2.9919399013E+00
 -3.7133882550E+00  1.2773156127E+00 -3.0192862851E-01  7.1653585782E-01 -3.1671769075E+00
 -3.7020361756E+00  1.2553787002E+00 -2.9806974694E-01  7.4390010970E-01 -3.3003819467E+00
 -3.6785201598E+00  1.2293501467E+00 -2.8907045179E-01  7.8286609692E-01 -3.3805166692E+00
</Path of -GradDelSqRho>
<Path of -GradDelSqRho>
Starting CP# =      5
Ending CP# =      1
Number of Points =      7
 -3.5014319273E+00  6.3869937785E-01 -7.8161206530E-02  2.2395814923E+01  1.2411191859E+03
 -3.4840774637E+00  6.3151232557E-01 -9.4658743497E-02  3.2597894561E+01  9.9403158334E+02
 -3.4667009553E+00  6.2432428274E-01 -1.1113263061E-01  4.7789240980E+01 -7.5671832253E+02
 -3.4493146635E+00  6.1713580399E-01 -1.2759600279E-01  7.0343792150E+01 -6.2969439022E+03
 -3.4319214536E+00  6.0994702116E-01 -1.4405193262E-01  1.0379595314E+02 -2.0314079513E+04
 -3.4145165538E+00  6.0275773773E-01 -1.6049527948E-01  1.5397056228E+02 -7.4228669801E+04
 -3.3840129338E+00  5.9016495731E-01 -1.8927519866E-01  2.9745407042E+02 -3.3309726597E+06
</Path of -GradDelSqRho>
<Path of -GradDelSqRho>
Starting CP# =      5
Ending CP# =      0
Number of Points =     75
 -3.5014319273E+00  6.3869937785E-01 -7.8161206530E-02  2.2395814923E+01  1.2411191859E+03
 -3.5187610046E+00  6.4588526891E-01 -6.1636498675E-02  1.5496552198E+01  1.1596554795E+03
 -3.5360792552E+00  6.5307064585E-01 -4.5100218767E-02  1.0815706597E+01  9.8956395075E+02
 -3.5533950312E+00  6.6025588486E-01 -2.8561287687E-02  7.6497062841E+00  7.8083019253E+02
 -3.5707044898E+00  6.6744079646E-01 -1.2015603285E-02  5.5162863149E+00  5.7981339758E+02
 -3.5880013027E+00  6.7462506094E-01  4.5435803374E-03  4.0795383177E+00  4.1538828056E+02
 -3.6052788473E+00  6.8180832171E-01  2.1123300655E-02  3.1095648933E+00  2.9257673147E+02
 -3.6225308640E+00  6.8899021033E-01  3.7730174347E-02  2.4520061830E+00  2.0412843953E+02
 -3.6397521200E+00  6.9617037618E-01  5.4369686537E-02  2.0038207751E+00  1.4079638323E+02
 -3.6569382210E+00  7.0334847428E-01  7.1046394698E-02  1.6958407572E+00  9.5375765924E+01
 -3.6740843212E+00  7.1052408670E-01  8.7765291468E-02  1.4812754620E+00  6.2990728324E+01
 -3.6911835007E+00  7.1769660539E-01  1.0453349276E-01  1.3284112885E+00  4.0294260792E+01
 -3.7082253555E+00  7.2486509582E-01  1.2136166017E-01  1.2158972968E+00  2.4791905030E+01
 -3.7251946471E+00  7.3202811898E-01  1.3826530107E-01  1.1295537510E+00  1.4512855014E+01
 -3.7420695571E+00  7.3918345540E-01  1.5526637670E-01  1.0601213655E+00  7.8983739430E+00
 -3.7588189863E+00  7.4632763623E-01  1.7239570054E-01  1.0016530727E+00  3.7606468403E+00
 -3.7753978406E+00  7.5345508404E-01  1.8969698457E-01  9.5038029063E-01  1.2398403884E+00
 -3.7917372484E+00  7.6055633216E-01  2.0723501896E-01  9.0393718458E-01 -2.5469942821E-01
 -3.8077191108E+00  7.6761351837E-01  2.2511642613E-01  8.6085158282E-01 -1.1097271244E+00
 -3.8230899399E+00  7.7458509469E-01  2.4355632880E-01  8.2024082673E-01 -1.5683919193E+00
 -3.8370121427E+00  7.8131996004E-01  2.6317801280E-01  7.8179375872E-01 -1.7794078005E+00
 -3.8414790384E+00  7.8582482625E-01  2.8614586499E-01  7.5179562724E-01 -1.8407571202E+00
 -3.8242160933E+00  7.8328236100E-01  3.0388833388E-01  7.5165269204E-01 -1.8664186741E+00
 -3.8052288539E+00  7.7990345161E-01  3.1979399150E-01  7.5424786482E-01 -1.8940468117E+00
 -3.7857094082E+00  7.7626015823E-01  3.3498106817E-01  7.5700161622E-01 -1.9238294726E+00
 -3.7656743306E+00  7.7242313547E-01  3.4943106150E-01  7.5989431948E-01 -1.9558059582E+00
 -3.7451361571E+00  7.6845161000E-01  3.6311824864E-01  7.6292366518E-01 -1.9900024894E+00
 -3.7241114259E+00  7.6439476570E-01  3.7601904622E-01  7.6608635354E-01 -2.0264326722E+00
 -3.7026209407E+00  7.6029104228E-01  3.8811225690E-01  7.6937790795E-01 -2.0650973792E+00
 -3.6806895318E+00  7.5616833982E-01  3.9937917775E-01  7.7279267692E-01 -2.1059841469E+00
 -3.6583455330E+00  7.5204486711E-01  4.0980364578E-01  7.7632384301E-01 -2.1490662049E+00
 -3.6356201179E+00  7.4793037990E-01  4.1937201171E-01  7.7996343903E-01 -2.1943013063E+00
 -3.6125466071E+00  7.4382760319E-01  4.2807304420E-01  7.8370237527E-01 -2.2416305345E+00
 -3.5891598223E+00  7.3973368139E-01  4.3589777752E-01  7.8753048194E-01 -2.2909772380E+00
 -3.5654955338E+00  7.3564154762E-01  4.4283932172E-01  7.9143656982E-01 -2.3422462035E+00
 -3.5415900149E+00  7.3154114505E-01  4.4889265495E-01  7.9540851096E-01 -2.3953231398E+00
 -3.5174797051E+00  7.2742046722E-01  4.5405441516E-01  7.9943333942E-01 -2.4500745071E+00
 -3.4932009681E+00  7.2326640993E-01  4.5832270378E-01  8.0349737109E-01 -2.5063477059E+00
 -3.4687899285E+00  7.1906544394E-01  4.6169690928E-01  8.0758633996E-01 -2.5639716206E+00
 -3.4442823702E+00  7.1480412830E-01  4.6417755453E-01  8.1168554784E-01 -2.6227575067E+00
 -3.4197136802E+00  7.1046948833E-01  4.6576616884E-01  8.1578002396E-01 -2.6825002036E+00
 -3.3951188251E+00  7.0604928356E-01  4.6646518364E-01  8.1985469089E-01 -2.7429796550E+00
 -3.3705323489E+00  7.0153218929E-01  4.6627784954E-01  8.2389453302E-01 -2.8039627152E+00
 -3.3459883856E+00  6.9690791291E-01  4.6520817219E-01  8.2788476449E-01 -2.8652052203E+00
 -3.3215206794E+00  6.9216726298E-01  4.6326086419E-01  8.3181099350E-01 -2.9264542976E+00
 -3.2971626083E+00  6.8730218592E-01  4.6044131040E-01  8.3565938033E-01 -2.9874508852E+00
