 AIMInt (Version 19.02.13, Professional)
 Portions Copyright (c) 1997-2019 by Todd A. Keith
 AIMInt is a component of the AIMAll package ( http://aim.tkgristmill.com )

 TP:  64-bit Linux

 Licensed To:  Research Group of Fernando Cortes Guzman, UNAM, fercor@unam.mx

 AIMInt is a heavily modified and extended version of the PROAIMV program
 developed by members of R.F.W. Bader's research group

 Much of the Quantum Theory of Atoms in Molecules (QTAIM) is described in the book:
   "Atoms in Molecules - A Quantum Theory"
   R.F.W. Bader, Oxford University Press, Oxford, 1990

 For additional references see:  http://aim.tkgristmill.com/references.html

 Current Directory:  /home/scratch/M_H2O_4_tetraedrico/Opt

 Inp File:  Ni3_tetraedrico_cc-pvtz-def2-tzv_1_atomicfiles/o8.inp
 Wfx File:  Ni3_tetraedrico_cc-pvtz-def2-tzv_1.wfx
 Out File:  Ni3_tetraedrico_cc-pvtz-def2-tzv_1_atomicfiles/o8.int

 Wfx Title:   Ni3_tetraedrico_cc-pvtz-def2-tzv_1                                            
 Job Title:   Ni3_tetraedrico_cc-pvtz-def2-tzv_1                                            
 
<Atom>
O8      
</Atom>
<Nuclei of Molecule>
    13
Ni1       28.0          -1.9658446202E-02   4.2117756101E-03   2.9422150243E-03
O2         8.0           1.5643971575E+00   1.5980980662E+00  -2.5757127880E+00
H3         1.0           1.2751616075E+00   1.0149137137E+00  -4.3474208235E+00
O4         8.0           5.6549533666E-01  -3.3593858365E+00  -2.0435848117E-01
H5         1.0           2.1557398186E+00  -4.1710424579E+00  -7.9370600963E-01
O6         8.0          -3.3840126069E+00   5.9016487328E-01  -1.8927523149E-01
H7         1.0          -4.8509896627E+00  -5.6719300002E-01   9.3804640718E-02
O8         8.0           1.1754869943E+00   1.1879707089E+00   2.9811143808E+00
H9         1.0           2.6872577106E+00   4.4290419799E-01   3.8312563393E+00
H10        1.0          -3.6827646439E-01  -4.6967050828E+00   7.3508471953E-01
H11        1.0           3.2627401777E+00   2.4106027172E+00  -2.5651221427E+00
H12        1.0          -4.2022035387E+00   2.2715926883E+00  -4.7149471405E-01
H13        1.0           1.2200717926E+00   3.0422150121E+00   3.3410729291E+00
</Nuclei of Molecule>
<Total Number of CPs of DelSqRho>
    34
</Total Number of CPs of DelSqRho>
<Number of (3,+3) CPs of DelSqRho>
     4
</Number of (3,+3) CPs of DelSqRho>
<Number of (3,+1) CPs of DelSqRho>
    13
</Number of (3,+1) CPs of DelSqRho>
<Number of (3,-1) CPs of DelSqRho>
    13
</Number of (3,-1) CPs of DelSqRho>
<Number of (3,-3) CPs of DelSqRho>
     4
</Number of (3,-3) CPs of DelSqRho>
<Number of Degenerate CPs of DelSqRho>
     0
</Number of Degenerate CPs of DelSqRho>
<CP of DelSqRho>
CP# = 1       
Type = (3,+3)
Coords =  1.17548734976804E+00  1.18797089814228E+00  2.98111431266103E+00
DistFromNuc =  4.0839891249E-07
Rho =  2.9743472440E+02
DelSqRho = -3.3307187433E+06
GradDelSqRho =  4.4779289965E-06  3.8567568481E-06 -7.5693465078E-06
HessDelSqRho_EigVals =  1.3245391364E+11  1.3245393272E+11  1.3245393759E+11
HessDelSqRho_EigVec1 =  7.4791221935E-01  3.1001849238E-01 -5.8695472272E-01
HessDelSqRho_EigVec2 =  4.5840045861E-01  3.9831710348E-01  7.9448883228E-01
HessDelSqRho_EigVec3 = -4.8010033503E-01  8.6326821988E-01 -1.5579360979E-01
</CP of DelSqRho>
<CP of DelSqRho>
CP# = 2       
Type = (3,-1)
Coords =  3.15400872944092E-01  5.66658595171153E-01  1.87465574343640E+00
DistFromNuc =  1.5329799721E+00
Rho =  1.3798217685E-01
DelSqRho =  3.9662332969E-01
GradDelSqRho =  3.9517000783E-15 -3.1225022568E-16  1.3756357164E-15
HessDelSqRho_EigVals = -9.7980909176E-01 -3.2347199812E-01  4.2944687223E+00
HessDelSqRho_EigVec1 =  8.5078961542E-01  2.7757965053E-01 -4.4621359001E-01
HessDelSqRho_EigVec2 =  3.9798364465E-01 -8.9483850848E-01  2.0217087407E-01
HessDelSqRho_EigVec3 =  3.4317058278E-01  3.4959059104E-01  8.7179147149E-01
</CP of DelSqRho>
<CP of DelSqRho>
CP# = 3       
Type = (3,+1)
Coords =  2.11896310584082E+00  7.26618975662326E-01  3.49771755685181E+00
DistFromNuc =  1.1704150701E+00
Rho =  4.0436113573E-01
DelSqRho = -9.2854657366E-01
GradDelSqRho =  4.4131365229E-15 -2.1840168563E-15  6.9388939039E-18
HessDelSqRho_EigVals = -2.9755178712E+01  1.4185997050E+01  1.4798523636E+01
HessDelSqRho_EigVec1 =  7.9716232695E-01 -3.9344865190E-01  4.5796329854E-01
HessDelSqRho_EigVec2 = -6.0194934883E-01 -4.5913428408E-01  6.5333964416E-01
HessDelSqRho_EigVec3 =  4.6788951022E-02  7.9648846037E-01  6.0284071409E-01
</CP of DelSqRho>
<CP of DelSqRho>
CP# = 4       
Type = (3,+1)
Coords =  1.31834293238439E+00  1.25695997470634E+00  2.92191218984954E+00
DistFromNuc =  1.6932878445E-01
Rho =  2.2338775192E+01
DelSqRho =  1.2154465348E+03
GradDelSqRho = -4.7322146202E-12 -1.0238920822E-11  7.0343730840E-13
HessDelSqRho_EigVals = -3.9136215827E+05  3.4052702049E+03  3.4634429678E+03
HessDelSqRho_EigVec1 =  8.4339822964E-01  4.0703110759E-01 -3.5072083441E-01
HessDelSqRho_EigVec2 = -5.2780314663E-01  5.0553127109E-01 -6.8254082102E-01
HessDelSqRho_EigVec3 = -1.0051499714E-01  7.6076528009E-01  6.4119647843E-01
</CP of DelSqRho>
<CP of DelSqRho>
CP# = 5       
Type = (3,+1)
Coords =  1.04605141375578E+00  1.13299013959428E+00  3.07117180829106E+00
DistFromNuc =  1.6699333153E-01
Rho =  2.2855971793E+01
DelSqRho =  1.2672159918E+03
GradDelSqRho =  5.0967230436E-11  2.0090595854E-11  2.9221070008E-13
HessDelSqRho_EigVals = -4.4622139475E+05  1.6789645283E+03  1.7923258958E+03
HessDelSqRho_EigVec1 =  7.7603436978E-01  3.3019579363E-01 -5.3734662444E-01
HessDelSqRho_EigVec2 =  5.1265263849E-01  1.6602329389E-01  8.4239155868E-01
HessDelSqRho_EigVec3 = -3.6736620581E-01  9.2919696715E-01  4.0435962579E-02
</CP of DelSqRho>
<CP of DelSqRho>
CP# = 6       
Type = (3,-3)
Coords =  1.10700563361224E+00  1.07859839739333E+00  2.87479223113757E+00
DistFromNuc =  1.6720167099E-01
Rho =  2.2682386895E+01
DelSqRho =  1.2898009904E+03
GradDelSqRho =  1.3848477920E-11  6.8780536822E-12  1.1297629499E-11
HessDelSqRho_EigVals = -4.4540341615E+05 -2.6504105993E+03 -1.6724570663E+02
HessDelSqRho_EigVec1 =  4.1341649189E-01  6.5460513506E-01  6.3291304409E-01
HessDelSqRho_EigVec2 = -7.2460844516E-01 -1.8440072360E-01  6.6403235941E-01
HessDelSqRho_EigVec3 =  5.5138861562E-01 -7.3313606533E-01  3.9809810886E-01
</CP of DelSqRho>
<CP of DelSqRho>
CP# = 7       
Type = (3,-1)
Coords =  1.17411884338525E+00  1.20024550022371E+00  3.14836929364721E+00
DistFromNuc =  1.6771031044E-01
Rho =  2.2573883368E+01
DelSqRho =  1.2770564341E+03
GradDelSqRho =  2.2160051572E-13 -1.2292389329E-12 -1.7564616428E-11
HessDelSqRho_EigVals = -4.3247319613E+05 -2.0002626720E+03  2.0233800019E+02
HessDelSqRho_EigVec1 = -1.3396272406E-02  7.0282539906E-02  9.9743716818E-01
HessDelSqRho_EigVec2 =  8.9866014049E-01  4.3824208530E-01 -1.8810278386E-02
HessDelSqRho_EigVec3 =  4.3844097868E-01 -8.9610503807E-01  6.9030927540E-02
</CP of DelSqRho>
<CP of DelSqRho>
CP# = 8       
Type = (3,+1)
Coords =  1.70687763398319E+00  1.45942724239088E+00  2.67633925896973E+00
DistFromNuc =  6.7003920508E-01
Rho =  8.1386560020E-01
DelSqRho = -2.5335763663E+00
GradDelSqRho =  1.7267853814E-12  2.8448077227E-13 -1.2196910149E-12
HessDelSqRho_EigVals = -6.8176712064E-01  2.7049477939E+00  2.0975904765E+02
HessDelSqRho_EigVec1 = -4.6285470725E-01  8.8600773077E-01 -2.7492198807E-02
HessDelSqRho_EigVec2 =  3.9213007469E-01  2.3246832848E-01  8.9005195398E-01
HessDelSqRho_EigVec3 =  7.9498397751E-01  4.0118421862E-01 -4.5502933777E-01
</CP of DelSqRho>
<CP of DelSqRho>
CP# = 9       
Type = (3,-1)
Coords =  7.90312427220591E-01  1.62308568547683E+00  2.57645025657025E+00
DistFromNuc =  7.0812254833E-01
Rho =  6.9307888325E-01
DelSqRho = -1.2712195961E+00
GradDelSqRho =  6.8833827527E-15 -8.1046280798E-15  1.6986412277E-14
HessDelSqRho_EigVals = -1.5276885027E+01 -9.2604384023E+00  1.5386351157E+02
HessDelSqRho_EigVec1 =  4.4245991343E-01  7.9534276658E-01  4.1431764221E-01
HessDelSqRho_EigVec2 = -6.9961944147E-01  1.7101961204E-02  7.1431096873E-01
HessDelSqRho_EigVec3 = -5.6103641783E-01  6.0591864682E-01 -5.6400419441E-01
</CP of DelSqRho>
<CP of DelSqRho>
CP# = 10      
Type = (3,-1)
Coords =  1.39495151675053E+00  5.45208587178469E-01  2.77733163411504E+00
DistFromNuc =  7.0910875716E-01
Rho =  6.8800339475E-01
DelSqRho = -1.2174267127E+00
GradDelSqRho = -9.4646512849E-15  1.4432899320E-15  4.4408920985E-15
HessDelSqRho_EigVals = -1.5593092543E+01 -9.4928895533E+00  1.5236977223E+02
HessDelSqRho_EigVec1 =  8.2683833896E-01  9.6304239133E-02  5.5413342685E-01
HessDelSqRho_EigVec2 = -4.7992191257E-01 -3.9293736888E-01  7.8439478706E-01
HessDelSqRho_EigVec3 = -2.9328027390E-01  9.1450845686E-01  2.7867716677E-01
</CP of DelSqRho>
<CP of DelSqRho>
CP# = 11      
Type = (3,-1)
Coords =  1.41483728918808E+00  1.44787227482707E+00  3.60815256841632E+00
DistFromNuc =  7.1973208656E-01
Rho =  6.6038762117E-01
DelSqRho = -9.2667545654E-01
GradDelSqRho =  5.5511151231E-16 -3.4416913763E-15  2.9976021665E-15
HessDelSqRho_EigVals = -1.6594093784E+01 -1.0107155868E+01  1.3903896845E+02
HessDelSqRho_EigVec1 =  4.8047355944E-01 -8.6015982196E-01  1.7108547388E-01
HessDelSqRho_EigVec2 =  8.1785199183E-01  3.6902271521E-01 -4.4152050363E-01
HessDelSqRho_EigVec3 =  3.1664377168E-01  3.5206152353E-01  8.8078908117E-01
</CP of DelSqRho>
<CP of DelSqRho>
CP# = 12      
Type = (3,+1)
Coords =  1.33007830191912E+00  7.27493310449923E-01  3.46295554840653E+00
DistFromNuc =  6.8418478327E-01
Rho =  7.8894630367E-01
DelSqRho = -2.5886874185E+00
GradDelSqRho = -1.2656542481E-14 -3.3306690739E-15  8.2989171091E-15
HessDelSqRho_EigVals = -1.6705319571E+01  1.3471576390E+01  2.0540260040E+02
HessDelSqRho_EigVec1 =  9.8931899981E-01  9.7444727783E-02 -1.0840867878E-01
HessDelSqRho_EigVec2 =  5.0605540556E-03  7.2030530180E-01  6.9363871215E-01
HessDelSqRho_EigVec3 =  1.4567878157E-01 -6.8677856491E-01  7.1211859643E-01
</CP of DelSqRho>
<CP of DelSqRho>
CP# = 13      
Type = (3,+3)
Coords =  6.45481463656993E-01  9.27371451775715E-01  3.17642873366830E+00
DistFromNuc =  6.2206553659E-01
Rho =  1.0311198290E+00
DelSqRho = -5.3644566289E+00
GradDelSqRho =  6.5902838742E-13  2.7688962234E-13 -5.4400928207E-13
HessDelSqRho_EigVals =  2.0091125271E+01  2.6982203371E+01  4.4005834618E+02
HessDelSqRho_EigVec1 =  2.2350499890E-01  2.7488241525E-01  9.3513911973E-01
HessDelSqRho_EigVec2 = -4.7766780719E-01  8.6719353405E-01 -1.4074388252E-01
HessDelSqRho_EigVec3 =  8.4963461643E-01  4.1522889144E-01 -3.2512457040E-01
</CP of DelSqRho>
<CP of DelSqRho>
CP# = 14      
Type = (3,+1)
Coords =  7.96098543790138E-01  1.67662710071843E+00  3.27647447492591E+00
DistFromNuc =  6.8553501074E-01
Rho =  7.8468864547E-01
DelSqRho = -2.5483266326E+00
GradDelSqRho =  8.6597395921E-15  4.9016346537E-14 -3.4194869158E-14
HessDelSqRho_EigVals = -1.6594709395E+01  1.2966571726E+01  2.0280510391E+02
HessDelSqRho_EigVec1 = -6.2697363947E-01 -7.4374976152E-01  2.3181964468E-01
HessDelSqRho_EigVec2 =  4.8404361145E-01 -1.3875180329E-01  8.6397321677E-01
HessDelSqRho_EigVec3 = -6.1041448019E-01  6.5389925013E-01  4.4700104367E-01
</CP of DelSqRho>
<CP of DelSqRho>
CP# = 15      
Type = (3,+1)
Coords =  1.55496272484738E+00  1.30520091209746E+00  2.43183013830926E+00
DistFromNuc =  6.7783326091E-01
Rho =  7.8468760004E-01
DelSqRho = -2.4920599790E+00
GradDelSqRho = -2.4424906542E-15  1.8318679906E-15  4.0800696155E-15
HessDelSqRho_EigVals = -1.8701590316E+00  6.1503849649E+00  1.9838918830E+02
HessDelSqRho_EigVec1 =  6.4587098980E-01  4.7569069775E-01  5.9713400892E-01
HessDelSqRho_EigVec2 = -4.8892569435E-01  8.5844028693E-01 -1.5502238281E-01
HessDelSqRho_EigVec3 = -5.8634659540E-01 -1.9182970010E-01  7.8701908250E-01
</CP of DelSqRho>
<CP of DelSqRho>
CP# = 16      
Type = (3,+3)
Coords =  1.77099034599018E+00  9.16429841045571E-01  3.24773019151268E+00
DistFromNuc =  7.0671258320E-01
Rho =  7.9422859437E-01
DelSqRho = -3.5055671600E+00
GradDelSqRho = -6.4392935428E-15  6.2450045135E-16 -7.9936057773E-15
HessDelSqRho_EigVals =  1.4142335905E+01  2.5393613969E+01  1.6142533957E+02
HessDelSqRho_EigVec1 = -5.0329015628E-01 -5.2675105423E-01  6.8500536163E-01
HessDelSqRho_EigVec2 =  7.9080724583E-02  7.6131901919E-01  6.4353678218E-01
HessDelSqRho_EigVec3 =  8.6049128850E-01 -3.7805644802E-01  3.4150851310E-01
</CP of DelSqRho>
<CP of DelSqRho>
CP# = 17      
Type = (3,+3)
Coords =  1.22147837823883E+00  1.89033722769620E+00  3.05949705049357E+00
DistFromNuc =  7.0822155933E-01
Rho =  7.8874451133E-01
DelSqRho = -3.4396524804E+00
GradDelSqRho = -8.6419760237E-13 -2.4516499941E-12  2.1663226768E-14
HessDelSqRho_EigVals =  1.3728493739E+01  2.4580828564E+01  1.5937433482E+02
HessDelSqRho_EigVec1 =  8.1288196132E-01 -2.6954462524E-02 -5.8180441208E-01
HessDelSqRho_EigVec2 =  5.7616128692E-01 -1.0893301996E-01  8.1004430040E-01
HessDelSqRho_EigVec3 =  8.5212020369E-02  9.9368357847E-01  7.3019569099E-02
</CP of DelSqRho>
<CP of DelSqRho>
CP# = 18      
Type = (3,-3)
Coords =  1.51511251219187E+00  1.57529809423288E+00  4.00035978167179E+00
DistFromNuc =  1.1420285387E+00
Rho =  2.4203376799E-01
DelSqRho =  8.9668161269E-01
GradDelSqRho = -1.4571677198E-16 -6.6613381478E-16 -1.3877787808E-17
HessDelSqRho_EigVals = -1.8166972653E+01 -1.9324272040E+00 -4.7863695717E-01
HessDelSqRho_EigVec1 =  2.7739789150E-01  3.3085220933E-01  9.0199070138E-01
HessDelSqRho_EigVec2 =  4.8184590546E-01 -8.6013432473E-01  1.6731248252E-01
HessDelSqRho_EigVec3 =  8.3118886734E-01  3.8820839635E-01 -3.9801923046E-01
</CP of DelSqRho>
<CP of DelSqRho>
CP# = 19      
Type = (3,+1)
Coords =  9.75889325115927E-01  8.44645472588312E-01  1.79551485569926E+00
DistFromNuc =  1.2503430254E+00
Rho =  2.3765643698E-01
DelSqRho =  3.3687610202E-01
GradDelSqRho =  4.3298697960E-15  1.7638668304E-14  2.5306146068E-14
HessDelSqRho_EigVals = -8.5151019539E+00  1.0981192957E+00  1.2172227476E+00
HessDelSqRho_EigVec1 =  1.2309580934E-01  2.6330530536E-01  9.5682691115E-01
HessDelSqRho_EigVec2 =  7.7975981397E-01  5.7073081367E-01 -2.5737321316E-01
HessDelSqRho_EigVec3 =  6.1385833402E-01 -7.7777673821E-01  1.3506032450E-01
</CP of DelSqRho>
<CP of DelSqRho>
CP# = 20      
Type = (3,+1)
Coords =  1.20753392081508E+00  2.33832770903944E+00  3.19141490921622E+00
DistFromNuc =  1.1698609087E+00
Rho =  4.0301384652E-01
DelSqRho = -9.1641784191E-01
GradDelSqRho =  3.4382913183E-13  1.7747747716E-12  9.8334534959E-13
HessDelSqRho_EigVals = -2.9358593230E+01  1.4024943528E+01  1.4586145021E+01
HessDelSqRho_EigVec1 =  2.1991968928E-02  9.7967290740E-01  1.9939244671E-01
HessDelSqRho_EigVec2 = -8.0383224078E-01 -1.0125917848E-01  5.8617429785E-01
HessDelSqRho_EigVec3 =  5.9444939397E-01 -1.7316920418E-01  7.8526577968E-01
</CP of DelSqRho>
<CP of DelSqRho>
CP# = 21      
Type = (3,-1)
Coords =  1.06610104205218E+00  3.53283194192847E-01  3.81095860441122E+00
DistFromNuc =  1.1820786646E+00
Rho =  2.4022400391E-01
DelSqRho =  7.6137830434E-01
GradDelSqRho = -1.4814538485E-15  7.9797279895E-16 -5.7245874707E-16
HessDelSqRho_EigVals = -1.8034503405E+01 -9.9930826815E-01  2.1853185352E-01
HessDelSqRho_EigVec1 =  1.0744837147E-01  7.0642337245E-01 -6.9958621079E-01
HessDelSqRho_EigVec2 = -9.8975470221E-01  9.4578120411E-03 -1.4246465966E-01
HessDelSqRho_EigVec3 = -9.4023810447E-02  7.0772633740E-01  7.0020208114E-01
</CP of DelSqRho>
<CP of DelSqRho>
CP# = 22      
Type = (3,-1)
Coords =  1.44163357039431E+00  2.00464092601191E+00  2.16577669193509E+00
DistFromNuc =  1.1842971715E+00
Rho =  2.3948547317E-01
DelSqRho =  7.1353122009E-01
GradDelSqRho = -4.6344872384E-14 -1.2984752162E-13  1.5038144341E-13
HessDelSqRho_EigVals = -1.6486939595E+01 -1.6108793697E+00  3.0093839751E-01
HessDelSqRho_EigVec1 = -2.1712973102E-01 -6.5783862038E-01  7.2118168962E-01
HessDelSqRho_EigVec2 = -1.3095467518E-02  7.4070417341E-01  6.7170368186E-01
HessDelSqRho_EigVec3 =  9.7605491067E-01 -1.3640262838E-01  1.6944360223E-01
</CP of DelSqRho>
<CP of DelSqRho>
CP# = 23      
Type = (3,-3)
Coords =  3.77813236400489E-01  1.89263202556908E+00  2.54200920369736E+00
DistFromNuc =  1.1513662979E+00
Rho =  2.4440408113E-01
DelSqRho =  8.2549396446E-01
GradDelSqRho =  4.3021142204E-16 -3.5318969971E-15  8.6909646146E-16
HessDelSqRho_EigVals = -1.7756251669E+01 -1.5571807466E+00 -4.0196327273E-01
HessDelSqRho_EigVec1 =  6.9917811010E-01 -5.8528983687E-01  4.1059198386E-01
HessDelSqRho_EigVec2 =  3.8138128234E-01  7.9109231309E-01  4.7824812560E-01
HessDelSqRho_EigVec3 = -6.0472992967E-01 -1.7778852330E-01  7.7633301691E-01
</CP of DelSqRho>
<CP of DelSqRho>
CP# = 24      
Type = (3,-3)
Coords =  1.42098790594214E+00  7.07848879872769E-02  2.87709369544450E+00
DistFromNuc =  1.1485622138E+00
Rho =  2.4417515256E-01
DelSqRho =  8.3555688744E-01
GradDelSqRho = -1.0495077030E-15  6.5850103148E-15  1.8977874827E-15
HessDelSqRho_EigVals = -1.7921936573E+01 -1.6171243997E+00 -4.4161616674E-01
HessDelSqRho_EigVec1 = -1.9005132821E-01  9.7351290837E-01  1.2709488538E-01
HessDelSqRho_EigVec2 =  7.7840314082E-01  7.0523907152E-02  6.2379077332E-01
HessDelSqRho_EigVec3 =  5.9830514205E-01  2.1748332295E-01 -7.7118866773E-01
</CP of DelSqRho>
<CP of DelSqRho>
CP# = 25      
Type = (3,-1)
Coords =  2.13574085987181E+00  8.21368766889196E-01  2.39434026064935E+00
DistFromNuc =  1.1835490434E+00
Rho =  2.3934913332E-01
DelSqRho =  7.1715530336E-01
GradDelSqRho = -8.1620959991E-12 -1.3447611080E-12  5.0362075621E-12
HessDelSqRho_EigVals = -1.6631634122E+01 -1.5879272862E+00  2.9923227699E-01
HessDelSqRho_EigVec1 =  7.8596467926E-01 -3.0957654737E-01 -5.3518397237E-01
HessDelSqRho_EigVec2 =  5.0399007879E-01 -1.8059405975E-01  8.4461813032E-01
HessDelSqRho_EigVec3 =  3.5812501091E-01  9.3356743029E-01 -1.4082956248E-02
</CP of DelSqRho>
<CP of DelSqRho>
CP# = 26      
Type = (3,-1)
Coords =  2.77787031113559E-01  1.73004175867687E+00  3.52502977707613E+00
DistFromNuc =  1.1813340787E+00
Rho =  2.4058458828E-01
DelSqRho =  7.6322265122E-01
GradDelSqRho = -3.6602665343E-15  1.3045120539E-15  2.1389140459E-15
HessDelSqRho_EigVals = -1.8083919962E+01 -1.0065006175E+00  2.0301354447E-01
HessDelSqRho_EigVec1 =  7.6741472388E-01 -4.4731682227E-01 -4.5932809851E-01
HessDelSqRho_EigVec2 =  4.9515332594E-01  8.6860598868E-01 -1.8623110106E-02
HessDelSqRho_EigVec3 =  4.0730556757E-01 -2.1314618678E-01  8.8807143727E-01
</CP of DelSqRho>
<CP of DelSqRho>
CP# = 27      
Type = (3,-1)
Coords =  2.27393352531372E+00 -2.93000824114734E-01  3.77272906153302E+00
DistFromNuc =  2.0066178674E+00
Rho =  7.1506702972E-02
DelSqRho =  1.9497419078E-01
GradDelSqRho = -1.8549640990E-12  9.1431259265E-12 -3.4352854762E-12
HessDelSqRho_EigVals = -2.2201318822E+00 -1.9065805213E-02  4.8024009956E-01
HessDelSqRho_EigVec1 = -6.6250529279E-02  9.7417105821E-01 -2.1587407607E-01
HessDelSqRho_EigVec2 = -4.5907413632E-01  1.6233223451E-01  8.7344100144E-01
HessDelSqRho_EigVec3 =  8.8592426580E-01  1.5696813367E-01  4.3646214072E-01
</CP of DelSqRho>
<CP of DelSqRho>
CP# = 28      
Type = (3,-1)
Coords =  2.41392254973421E+00  8.60186376852978E-01  4.51457252828017E+00
DistFromNuc =  1.9981639280E+00
Rho =  7.1323956808E-02
DelSqRho =  1.9372658463E-01
GradDelSqRho = -8.8345997185E-14 -4.0232574217E-14 -2.0329571360E-13
HessDelSqRho_EigVals = -2.2104728394E+00 -2.0149825159E-02  5.3437990488E-01
HessDelSqRho_EigVec1 =  1.9530566307E-01  1.8469344697E-01  9.6319469923E-01
HessDelSqRho_EigVec2 =  5.8188591107E-01  7.6874805529E-01 -2.6539633377E-01
HessDelSqRho_EigVec3 =  7.8947101560E-01 -6.1230283204E-01 -4.2670334018E-02
</CP of DelSqRho>
<CP of DelSqRho>
CP# = 29      
Type = (3,-1)
Coords =  1.26465649375143E+00  2.80404440134752E+00  4.15206534069107E+00
DistFromNuc =  1.9976915502E+00
Rho =  7.1089478089E-02
DelSqRho =  1.9338468675E-01
GradDelSqRho = -8.6475965277E-15 -2.3310780389E-14 -4.0937739310E-14
HessDelSqRho_EigVals = -2.1960865539E+00 -1.7942421992E-02  5.3248882031E-01
HessDelSqRho_EigVec1 =  5.5542635775E-02  3.4168473037E-01  9.3817192488E-01
HessDelSqRho_EigVec2 =  9.9671115611E-01  3.6556315479E-02 -7.2322244692E-02
HessDelSqRho_EigVec3 = -5.9007515537E-02  9.3910339198E-01 -3.3853054852E-01
</CP of DelSqRho>
<CP of DelSqRho>
CP# = 30      
Type = (3,+1)
Coords =  2.12242737198503E+00  2.49477486922327E-01  4.45481760665268E+00
DistFromNuc =  1.9872762275E+00
Rho =  7.1207396720E-02
DelSqRho =  1.9217121914E-01
GradDelSqRho =  1.8257964585E-16  1.1102230246E-16 -3.2959746044E-17
HessDelSqRho_EigVals = -1.9812324440E+00  1.4547195664E-02  5.7564980357E-01
HessDelSqRho_EigVec1 = -5.0561009976E-02 -4.3164361097E-01  9.0062610299E-01
HessDelSqRho_EigVec2 =  1.8994861105E-01  8.8116313864E-01  4.3297927002E-01
HessDelSqRho_EigVec3 =  9.8049125923E-01 -1.9296454653E-01 -3.7437606129E-02
</CP of DelSqRho>
<CP of DelSqRho>
CP# = 31      
Type = (3,+1)
Coords =  1.86047154283620E+00  3.08170207431646E+00  2.71939184137941E+00
DistFromNuc =  2.0307439533E+00
Rho =  6.9114519464E-02
DelSqRho =  1.7448255864E-01
GradDelSqRho =  2.7061686225E-16  1.0408340856E-16 -5.8113236445E-17
HessDelSqRho_EigVals = -1.6500736771E+00  2.3987266394E-02  5.7593400852E-01
HessDelSqRho_EigVec1 =  5.8001249303E-01  6.9955391723E-01 -4.1738450476E-01
HessDelSqRho_EigVec2 =  6.8661380279E-01 -1.4411833113E-01  7.1259483050E-01
HessDelSqRho_EigVec3 = -4.3834574680E-01  6.9989586620E-01  5.6391380790E-01
</CP of DelSqRho>
<CP of DelSqRho>
CP# = 32      
Type = (3,-1)
Coords =  3.67383110754625E-01  2.97757782157452E+00  3.37501138104494E+00
DistFromNuc =  2.0027182406E+00
Rho =  7.1124848354E-02
DelSqRho =  1.9253257422E-01
GradDelSqRho = -2.3548871186E-16  6.8369788997E-16  2.2399616884E-16
HessDelSqRho_EigVals = -2.0772649584E+00 -1.0661032328E-02  5.1512810742E-01
HessDelSqRho_EigVec1 =  8.2413405043E-01 -5.4410428978E-01 -1.5733273267E-01
HessDelSqRho_EigVec2 =  2.9910612948E-02 -2.3558295345E-01  9.7139385796E-01
HessDelSqRho_EigVec3 =  5.6560447502E-01  8.0526467319E-01  1.7787744082E-01
</CP of DelSqRho>
<CP of DelSqRho>
CP# = 33      
Type = (3,+1)
Coords =  5.80149134773043E-01  2.85300774244304E+00  3.89131050054005E+00
DistFromNuc =  1.9887766257E+00
Rho =  7.1003563096E-02
DelSqRho =  1.9193697252E-01
GradDelSqRho = -7.8409501114E-16 -1.3530843113E-16  4.6143644461E-16
HessDelSqRho_EigVals = -1.9623355083E+00  8.9726915183E-03  5.6953213944E-01
HessDelSqRho_EigVec1 =  6.0582974163E-01 -4.3345571479E-01 -6.6714801017E-01
HessDelSqRho_EigVec2 =  6.7339781497E-01 -1.6718559024E-01  7.2012801724E-01
HessDelSqRho_EigVec3 =  4.2368113831E-01  8.8553098293E-01 -1.9060212828E-01
</CP of DelSqRho>
<CP of DelSqRho>
CP# = 34      
Type = (3,+1)
Coords =  3.16140324668871E+00  8.36564627847485E-01  3.18607090189046E+00
DistFromNuc =  2.0271548462E+00
Rho =  6.9444270626E-02
DelSqRho =  1.7516203837E-01
GradDelSqRho =  2.0643209364E-16 -2.1900883884E-17 -1.0842021725E-16
HessDelSqRho_EigVals = -1.6593086375E+00  2.8207644805E-02  5.8496199654E-01
HessDelSqRho_EigVec1 =  9.6120399554E-01  8.0508888501E-02 -2.6382797014E-01
HessDelSqRho_EigVec2 =  9.1741146287E-02  8.0870146797E-01  5.8102108205E-01
HessDelSqRho_EigVec3 =  2.6013542825E-01 -5.8268366596E-01  7.6994110450E-01
</CP of DelSqRho>
<Path of -GradDelSqRho>
Starting CP# =      3
Ending CP# =      0
Number of Points =     30
  2.1189631058E+00  7.2661897566E-01  3.4977175569E+00  4.0436113573E-01 -9.2854657366E-01
  2.1388890307E+00  7.1678358393E-01  3.5091727989E+00  3.9354749789E-01 -9.3775540611E-01
  2.1588077092E+00  7.0694953091E-01  3.5206417842E+00  3.8374543426E-01 -9.6509788526E-01
  2.1787181608E+00  6.9711619375E-01  3.5321256586E+00  3.7492091383E-01 -1.0103168544E+00
  2.1986196736E+00  6.8728290453E-01  3.5436250579E+00  3.6703652652E-01 -1.0733593700E+00
  2.2185118368E+00  6.7744901021E-01  3.5551401063E+00  3.6005160881E-01 -1.1543077448E+00
  2.2383945631E+00  6.6761393819E-01  3.5666704371E+00  3.5392223857E-01 -1.2532430859E+00
  2.2582681046E+00  6.5777726705E-01  3.5782152292E+00  3.4860118982E-01 -1.3700152683E+00
  2.2781330691E+00  6.4793880400E-01  3.5897732485E+00  3.4403800700E-01 -1.5038911863E+00
  2.2979904470E+00  6.3809867470E-01  3.6013428805E+00  3.4017945428E-01 -1.6530705326E+00
  2.3178416652E+00  6.2825743704E-01  3.6129221365E+00  3.3697071589E-01 -1.8141161293E+00
  2.3376886907E+00  6.1841624032E-01  3.6245086125E+00  3.3435784061E-01 -1.9814667748E+00
  2.3575342016E+00  6.0857705191E-01  3.6360993874E+00  3.3229197040E-01 -2.1473925677E+00
  2.3773817423E+00  5.9874288905E-01  3.6476909518E+00  3.3073575591E-01 -2.3029796835E+00
  2.3972351864E+00  5.8891743283E-01  3.6592797892E+00  3.2967189012E-01 -2.4408829438E+00
  2.4170945341E+00  5.7910107309E-01  3.6708662204E+00  3.2911276259E-01 -2.5604714615E+00
  2.4369438497E+00  5.6927866955E-01  3.6824647077E+00  3.2910887075E-01 -2.6754102062E+00
  2.4567530772E+00  5.5941976737E-01  3.6941006857E+00  3.2975207033E-01 -2.8225871857E+00
  2.4765158857E+00  5.4951607937E-01  3.7057775011E+00  3.3116843636E-01 -3.0697989571E+00
  2.4962489453E+00  5.3958284455E-01  3.7174795138E+00  3.3349552312E-01 -3.5182397339E+00
  2.5159663808E+00  5.2963372526E-01  3.7291943649E+00  3.3684084671E-01 -4.2952544436E+00
  2.5356755339E+00  5.1967600169E-01  3.7409158416E+00  3.4122265190E-01 -5.5335194570E+00
  2.5553799432E+00  5.0971324850E-01  3.7526410197E+00  3.4650067374E-01 -7.3352188857E+00
  2.5750813698E+00  4.9974727087E-01  3.7643684694E+00  3.5231245692E-01 -9.7244644050E+00
  2.5947807364E+00  4.8977901983E-01  3.7760974474E+00  3.5803764553E-01 -1.2598579202E+01
  2.6144785506E+00  4.7980900532E-01  3.7878275339E+00  3.6281485663E-01 -1.5697498554E+01
  2.6341751064E+00  4.6983748061E-01  3.7995584496E+00  3.6562881190E-01 -1.8615090446E+01
  2.6538705931E+00  4.5986449882E-01  3.8112899218E+00  3.6546665817E-01 -2.0868648435E+01
  2.6735651986E+00  4.4988975081E-01  3.8230213716E+00  3.6151506947E-01 -2.2019358756E+01
  2.6794749572E+00  4.4689101851E-01  3.8265332002E+00  3.5951399655E-01 -2.2103850197E+01
</Path of -GradDelSqRho>
<Path of -GradDelSqRho>
Starting CP# =      3
Ending CP# =     16
Number of Points =     20
  2.1189631058E+00  7.2661897566E-01  3.4977175569E+00  4.0436113573E-01 -9.2854657366E-01
  2.0990313240E+00  7.3645616187E-01  3.4862740509E+00  4.1621669753E-01 -9.3795203056E-01
  2.0790948382E+00  7.4629558134E-01  3.4748406635E+00  4.2914036081E-01 -9.6665540407E-01
  2.0591551748E+00  7.5613744721E-01  3.4634149252E+00  4.4315346003E-01 -1.0154875058E+00
  2.0392139693E+00  7.6598177093E-01  3.4519939965E+00  4.5827166985E-01 -1.0853368686E+00
  2.0192729523E+00  7.7582834313E-01  3.4405746771E+00  4.7450409484E-01 -1.1770274964E+00
  1.9993339625E+00  7.8567671797E-01  3.4291533726E+00  4.9185233957E-01 -1.2911654657E+00
  1.9793989956E+00  7.9552619649E-01  3.4177259993E+00  5.1030965473E-01 -1.4279578539E+00
  1.9594703021E+00  8.0537580392E-01  3.4062878006E+00  5.2986027511E-01 -1.5870100151E+00
  1.9395505558E+00  8.1522425559E-01  3.3948330346E+00  5.5047908401E-01 -1.7671100828E+00
  1.9196431324E+00  8.2506990451E-01  3.3833544629E+00  5.7213175288E-01 -1.9660122487E+00
  1.8997525767E+00  8.3491066078E-01  3.3718425062E+00  5.9477551304E-01 -2.1802321072E+00
  1.8798854150E+00  8.4474386494E-01  3.3602838014E+00  6.1836071414E-01 -2.4048669335E+00
  1.8600516596E+00  8.5456607889E-01  3.3486585880E+00  6.4283330311E-01 -2.6334490123E+00
  1.8402678462E+00  8.6437270633E-01  3.3369355652E+00  6.6813829001E-01 -2.8578271301E+00
  1.8205639561E+00  8.7415719332E-01  3.3250605264E+00  6.9422402570E-01 -3.0680436565E+00
  1.8010023032E+00  8.8390892495E-01  3.3129265934E+00  7.2104597980E-01 -3.2521242895E+00
  1.7817469365E+00  8.9360537447E-01  3.3002718726E+00  7.4856067662E-01 -3.3956321177E+00
  1.7635494582E+00  9.0314963262E-01  3.2860718136E+00  7.7656975255E-01 -3.4810260778E+00
  1.7709903460E+00  9.1642984105E-01  3.2477301915E+00  7.9422859437E-01 -3.5055671600E+00
</Path of -GradDelSqRho>
<Path of -GradDelSqRho>
Starting CP# =      4
Ending CP# =      0
Number of Points =     24
  1.3183429324E+00  1.2569599747E+00  2.9219121898E+00  2.2338775192E+01  1.2154465348E+03
  1.3394264558E+00  1.2671335932E+00  2.9131382219E+00  1.5495047080E+01  1.1362141276E+03
  1.3605086572E+00  1.2773052265E+00  2.9043587765E+00  1.0849347534E+01  9.6921306592E+02
  1.3815905553E+00  1.2874764064E+00  2.8955780777E+00  7.7052082503E+00  7.6358759756E+02
  1.4026716524E+00  1.2976463714E+00  2.8867940494E+00  5.5847537299E+00  5.6562303884E+02
  1.4237511745E+00  1.3078139363E+00  2.8780034655E+00  4.1550442804E+00  4.0385366501E+02
  1.4448283465E+00  1.3179779007E+00  2.8692030883E+00  3.1882012297E+00  2.8313752375E+02
  1.4659024827E+00  1.3281371795E+00  2.8603900401E+00  2.5311834881E+00  1.9629190629E+02
  1.4869730669E+00  1.3382909225E+00  2.8515621322E+00  2.0817929000E+00  1.3421925907E+02
  1.5080397194E+00  1.3484384621E+00  2.8427177236E+00  1.7714156657E+00  8.9839236658E+01
  1.5291020396E+00  1.3585790670E+00  2.8338550624E+00  1.5536504254E+00  5.8346966527E+01
  1.5501594329E+00  1.3687116547E+00  2.8249715494E+00  1.3970760350E+00  3.6425603588E+01
  1.5712109853E+00  1.3788345581E+00  2.8160631886E+00  1.2805685837E+00  2.1590923775E+01
  1.5922553667E+00  1.3889453037E+00  2.8071241330E+00  1.1901233214E+00  1.1877215915E+01
  1.6132907140E+00  1.3990403030E+00  2.7981461067E+00  1.1166108183E+00  5.7324133652E+00
  1.6343144372E+00  1.4091143181E+00  2.7891174337E+00  1.0541743767E+00  1.9783201706E+00
  1.6553228265E+00  1.4191593917E+00  2.7800210916E+00  9.9910188889E-01 -2.3328036299E-01
  1.6763100454E+00  1.4291622647E+00  2.7708299102E+00  9.4905470443E-01 -1.4808435577E+00
  1.6972647631E+00  1.4390963412E+00  2.7614912772E+00  9.0255891127E-01 -2.1394386506E+00
  1.7181534591E+00  1.4488843985E+00  2.7518562661E+00  8.5868481000E-01 -2.4416251550E+00
  1.7384864279E+00  1.4576612209E+00  2.7404652511E+00  8.1719010219E-01 -2.5267764363E+00
  1.7356523150E+00  1.4462579957E+00  2.7190896681E+00  8.1483969382E-01 -2.5312556700E+00
  1.7336491972E+00  1.4300271257E+00  2.7003517371E+00  8.1450291234E-01 -2.5336751709E+00
  1.7345405945E+00  1.4254267493E+00  2.6969208843E+00  8.1348978528E-01 -2.5339800955E+00
</Path of -GradDelSqRho>
<Path of -GradDelSqRho>
Starting CP# =      4
Ending CP# =      1
Number of Points =      7
  1.3183429324E+00  1.2569599747E+00  2.9219121898E+00  2.2338775192E+01  1.2154465348E+03
  1.2972561836E+00  1.2467814863E+00  2.9306727477E+00  3.2452999433E+01  9.7718148271E+02
  1.2761665906E+00  1.2365986897E+00  2.9394214457E+00  4.7508010530E+01 -7.2371654239E+02
  1.2550757338E+00  1.2264139742E+00  2.9481648620E+00  6.9860791564E+01 -6.1643962989E+03
  1.2339840231E+00  1.2162279597E+00  2.9569047042E+00  1.0300243041E+02 -1.9816148165E+04
  1.2128908469E+00  1.2060397172E+00  2.9656384109E+00  1.5272497620E+02 -7.2501794903E+04
  1.1754873498E+00  1.1879708981E+00  2.9811143127E+00  2.9743472440E+02 -3.3307187433E+06
</Path of -GradDelSqRho>
<Path of -GradDelSqRho>
Starting CP# =      5
Ending CP# =      1
Number of Points =      7
  1.0460514138E+00  1.1329901396E+00  3.0711718083E+00  2.2855971793E+01  1.2672159918E+03
  1.0654457510E+00  1.1412383784E+00  3.0577246469E+00  3.3287871966E+01  9.9265777955E+02
  1.0848301384E+00  1.1494764748E+00  3.0442569347E+00  4.8862899870E+01 -9.1571757865E+02
  1.1042101882E+00  1.1577101550E+00  3.0307802819E+00  7.2019031533E+01 -6.7660057553E+03
  1.1235867014E+00  1.1659402407E+00  3.0172963503E+00  1.0645243665E+02 -2.2076537231E+04
  1.1429576540E+00  1.1741646834E+00  3.0038009908E+00  1.5809843827E+02 -8.0065472690E+04
  1.1754873498E+00  1.1879708981E+00  2.9811143127E+00  2.9743472440E+02 -3.3307187433E+06
</Path of -GradDelSqRho>
<Path of -GradDelSqRho>
Starting CP# =      5
Ending CP# =     13
Number of Points =     24
  1.0460514138E+00  1.1329901396E+00  3.0711718083E+00  2.2855971793E+01  1.2672159918E+03
  1.0266447346E+00  1.1247292960E+00  3.0845934029E+00  1.5824504881E+01  1.1801481940E+03
  1.0072318040E+00  1.1164620525E+00  3.0980020123E+00  1.1069020599E+01  1.0043657515E+03
  9.8781722145E-01  1.1081931120E+00  3.1114071832E+00  7.8632823011E+00  7.9080871710E+02
  9.6839938263E-01  1.0999208371E+00  3.1248055784E+00  5.7117988964E+00  5.8468285998E+02
  9.4897506599E-01  1.0916419333E+00  3.1381904817E+00  4.2699384230E+00  4.1548747386E+02
  9.2954066131E-01  1.0833527036E+00  3.1515543326E+00  3.3018130946E+00  2.8890632398E+02
  9.1009244470E-01  1.0750493262E+00  3.1648892740E+00  2.6490815950E+00  1.9783015828E+02
  8.9062683151E-01  1.0667281085E+00  3.1781876589E+00  2.2061939193E+00  1.3286588816E+02
  8.7114018949E-01  1.0583852873E+00  3.1914416330E+00  1.9025022090E+00  8.6605628248E+01
  8.5162796930E-01  1.0500161235E+00  3.2046412510E+00  1.6904366372E+00  5.3990809774E+01
  8.3208337186E-01  1.0416135010E+00  3.2177715172E+00  1.5379784742E+00  3.1514462164E+01
  8.1249561309E-01  1.0331660666E+00  3.2308083542E+00  1.4237856160E+00  1.6537583548E+01
  7.9284725751E-01  1.0246552999E+00  3.2437120713E+00  1.3338824587E+00  6.9621328590E+00
  7.7310928253E-01  1.0160499326E+00  3.2564145387E+00  1.2593214432E+00  1.1261560766E+00
  7.5323065486E-01  1.0072936768E+00  3.2687898207E+00  1.1945183719E+00 -2.2331197445E+00
  7.3311286721E-01  9.9827311637E-01  3.2805724375E+00  1.1361087820E+00 -4.0232655786E+00
  7.1253457394E-01  9.8870666794E-01  3.2910403424E+00  1.0823209274E+00 -4.8611035921E+00
  6.9107331688E-01  9.7757459735E-01  3.2965552821E+00  1.0347183301E+00 -5.1512743189E+00
  6.7692597019E-01  9.6618343662E-01  3.2811213366E+00  1.0224130376E+00 -5.2259161016E+00
  6.6897511516E-01  9.5703826442E-01  3.2592579164E+00  1.0259071139E+00 -5.2792665221E+00
  6.6174163089E-01  9.4830557583E-01  3.2369787179E+00  1.0286535219E+00 -5.3197463622E+00
  6.5512087373E-01  9.3997655881E-01  3.2143570918E+00  1.0304014813E+00 -5.3472539549E+00
  6.4548146366E-01  9.2737145178E-01  3.1764287337E+00  1.0311198290E+00 -5.3644566289E+00
</Path of -GradDelSqRho>
<Path of -GradDelSqRho>
Starting CP# =      8
Ending CP# =     17
Number of Points =     49
  1.7068776340E+00  1.4594272424E+00  2.6763392590E+00  8.1386560020E-01 -2.5335763663E+00
  1.7053011105E+00  1.4618629238E+00  2.6764299859E+00  8.1436552386E-01 -2.5335690328E+00
  1.7050406341E+00  1.4623530582E+00  2.6764254626E+00  8.1437282087E-01 -2.5335698626E+00
  1.7047335152E+00  1.4629316557E+00  2.6764243140E+00  8.1438323431E-01 -2.5335710438E+00
  1.7043728703E+00  1.4636109556E+00  2.6764273307E+00  8.1439759310E-01 -2.5335727196E+00
  1.7039518049E+00  1.4644037451E+00  2.6764360139E+00  8.1441672996E-01 -2.5335750881E+00
  1.7034634070E+00  1.4653234112E+00  2.6764524796E+00  8.1444133262E-01 -2.5335784236E+00
  1.7029005142E+00  1.4663845596E+00  2.6764794541E+00  8.1447176588E-01 -2.5335831092E+00
  1.7022551087E+00  1.4676044177E+00  2.6765203629E+00  8.1450788845E-01 -2.5335896900E+00
  1.7015172813E+00  1.4690051411E+00  2.6765795606E+00  8.1454886949E-01 -2.5335989603E+00
  1.7006737661E+00  1.4706170722E+00  2.6766627795E+00  8.1459297266E-01 -2.5336121113E+00
  1.6997060637E+00  1.4724830203E+00  2.6767779146E+00  8.1463725428E-01 -2.5336309776E+00
  1.6985881135E+00  1.4746636681E+00  2.6769363386E+00  8.1467718014E-01 -2.5336584429E+00
  1.6972833818E+00  1.4772441029E+00  2.6771550950E+00  8.1470640624E-01 -2.5336990880E+00
  1.6957409118E+00  1.4803414909E+00  2.6774605755E+00  8.1471743747E-01 -2.5337602042E+00
  1.6938889447E+00  1.4841156253E+00  2.6778946986E+00  8.1470393221E-01 -2.5338535072E+00
  1.6916234195E+00  1.4887893704E+00  2.6785251845E+00  8.1466307945E-01 -2.5339987370E+00
  1.6887880053E+00  1.4946919356E+00  2.6794630116E+00  8.1459233695E-01 -2.5342323136E+00
  1.6851373672E+00  1.5023425304E+00  2.6808961364E+00  8.1447764337E-01 -2.5346282489E+00
  1.6802586742E+00  1.5126134952E+00  2.6831638051E+00  8.1427433092E-01 -2.5353520653E+00
  1.6734154249E+00  1.5270582888E+00  2.6869178993E+00  8.1383987030E-01 -2.5368192777E+00
  1.6638138419E+00  1.5472243096E+00  2.6930758275E+00  8.1288403706E-01 -2.5399541379E+00
  1.6529571481E+00  1.5683453137E+00  2.7008809777E+00  8.1240925132E-01 -2.5450561779E+00
  1.6417865598E+00  1.5889688509E+00  2.7095301573E+00  8.1188525024E-01 -2.5523509779E+00
  1.6302531312E+00  1.6090768150E+00  2.7188884948E+00  8.1130616916E-01 -2.5622243331E+00
  1.6183216989E+00  1.6286481588E+00  2.7288652911E+00  8.1068555382E-01 -2.5750361810E+00
  1.6059717082E+00  1.6476631891E+00  2.7393934411E+00  8.1003620754E-01 -2.5911094770E+00
  1.5931924659E+00  1.6661030179E+00  2.7504207203E+00  8.0936949496E-01 -2.6107191144E+00
  1.5799801654E+00  1.6839493965E+00  2.7619046305E+00  8.0869486258E-01 -2.6340808292E+00
  1.5663359395E+00  1.7011846704E+00  2.7738092321E+00  8.0801951266E-01 -2.6613402558E+00
  1.5522645324E+00  1.7177917523E+00  2.7861031345E+00  8.0734819687E-01 -2.6925624381E+00
  1.5377733569E+00  1.7337540753E+00  2.7987581826E+00  8.0668311051E-01 -2.7277221895E+00
  1.5228718019E+00  1.7490555080E+00  2.8117485754E+00  8.0602387606E-01 -2.7666957612E+00
  1.5075707078E+00  1.7636802314E+00  2.8250502549E+00  8.0536760925E-01 -2.8092543094E+00
  1.4918819614E+00  1.7776125744E+00  2.8386404647E+00  8.0470906425E-01 -2.8550596515E+00
  1.4758181777E+00  1.7908368124E+00  2.8524974131E+00  8.0404085638E-01 -2.9036627680E+00
  1.4593924492E+00  1.8033369306E+00  2.8665999951E+00  8.0335376325E-01 -2.9545054390E+00
  1.4426181496E+00  1.8150963569E+00  2.8809275406E+00  8.0263710630E-01 -3.0069253075E+00
  1.4255087796E+00  1.8260976657E+00  2.8954595619E+00  8.0187921637E-01 -3.0601645347E+00
  1.4080778480E+00  1.8363222599E+00  2.9101754764E+00  8.0106798678E-01 -3.1133820795E+00
  1.3903387779E+00  1.8457500355E+00  2.9250542790E+00  8.0019151689E-01 -3.1656694822E+00
  1.3723048266E+00  1.8543590434E+00  2.9400741309E+00  7.9923884526E-01 -3.2160698963E+00
  1.3539890003E+00  1.8621251698E+00  2.9552118217E+00  7.9820076512E-01 -3.2635999812E+00
  1.3354039261E+00  1.8690218774E+00  2.9704420313E+00  7.9707070142E-01 -3.3072741573E+00
  1.3165616104E+00  1.8750200795E+00  2.9857362732E+00  7.9584560832E-01 -3.3461306331E+00
  1.2974729168E+00  1.8800882756E+00  3.0010612804E+00  7.9452681393E-01 -3.3792585334E+00
  1.2781463691E+00  1.8841931655E+00  3.0163763015E+00  7.9312069846E-01 -3.4058253893E+00
  1.2585851635E+00  1.8873011521E+00  3.0316278229E+00  7.9163906034E-01 -3.4251041852E+00
  1.2214783782E+00  1.8903372277E+00  3.0594970505E+00  7.8874451133E-01 -3.4396524804E+00
</Path of -GradDelSqRho>
<Path of -GradDelSqRho>
Starting CP# =      8
Ending CP# =     16
Number of Points =     58
  1.7068776340E+00  1.4594272424E+00  2.6763392590E+00  8.1386560020E-01 -2.5335763663E+00
  1.7079564360E+00  1.4567706116E+00  2.6765904776E+00  8.1439882140E-01 -2.5335685594E+00
  1.7081924830E+00  1.4563118384E+00  2.6766144516E+00  8.1440932301E-01 -2.5335692875E+00
  1.7084668381E+00  1.4557797606E+00  2.6766460944E+00  8.1442289034E-01 -2.5335702862E+00
  1.7087833165E+00  1.4551664665E+00  2.6766864315E+00  8.1444010942E-01 -2.5335716451E+00
  1.7091456780E+00  1.4544646700E+00  2.6767370256E+00  8.1446153288E-01 -2.5335734783E+00
  1.7095575137E+00  1.4536678940E+00  2.6767998432E+00  8.1448759127E-01 -2.5335759281E+00
  1.7100222852E+00  1.4527704472E+00  2.6768772030E+00  8.1451850584E-01 -2.5335791717E+00
  1.7105435239E+00  1.4517671194E+00  2.6769717890E+00  8.1455422103E-01 -2.5335834289E+00
  1.7111251702E+00  1.4506526151E+00  2.6770867291E+00  8.1459436940E-01 -2.5335889737E+00
  1.7117719985E+00  1.4494208224E+00  2.6772257442E+00  8.1463826741E-01 -2.5335961514E+00
  1.7124900712E+00  1.4480640490E+00  2.6773933713E+00  8.1468493003E-01 -2.5336054013E+00
  1.7132871739E+00  1.4465723352E+00  2.6775952652E+00  8.1473309164E-01 -2.5336172871E+00
  1.7141731972E+00  1.4449329140E+00  2.6778385862E+00  8.1478123220E-01 -2.5336325341E+00
