 AIMInt (Version 14.11.23, Professional)
 Portions Copyright (c) 1997-2014 by Todd A. Keith
 AIMInt is a component of the AIMAll package ( http://aim.tkgristmill.com )

 AIMInt is a heavily modified and extended version of the PROAIMV program
 developed by members of R.F.W. Bader's research group

 Much of the Quantum Theory of Atoms in Molecules (QTAIM) is described in the book:
   "Atoms in Molecules - A Quantum Theory"
   R.F.W. Bader, Oxford University Press, Oxford, 1990

 For additional references see:  http://aim.tkgristmill.com/references.html

 Inp File:  E:\Proyecto spin\estructuras hexahidratadas\estructuras hexahidratadas solas\nuevas\Cu22_atomicfiles\cu1.inp
 Wfx File:  E:\Proyecto spin\estructuras hexahidratadas\estructuras hexahidratadas solas\nuevas\Cu22.wfx
 Out File:  E:\Proyecto spin\estructuras hexahidratadas\estructuras hexahidratadas solas\nuevas\Cu22_atomicfiles\cu1.int

 Wfx Title:   Cu[H2O]6 (2+)                                                                 
 Job Title:   Cu[H2O]6 (2+)                                                                 
 
<Atom>
Cu1     
</Atom>
<Nuclei of Molecule>
    19
Cu1       29.0           1.0142722808E-06  -4.3407262567E-07  -7.2632238941E-08
O2         8.0          -4.5221251804E-02  -3.8251827642E+00  -3.6082285104E-02
O3         8.0          -4.2172573906E+00   4.3993559746E-02   3.4856219752E-03
O4         8.0           3.7892057587E-02   2.0917293180E-02  -3.8261385345E+00
H5         1.0          -5.2898977595E+00   5.4817218995E-02   1.4755979039E+00
H6         1.0           6.5097030301E-03   1.5014563331E+00  -4.8870236209E+00
H7         1.0           1.4243269369E+00  -4.9030500692E+00  -2.7567591122E-02
H8         1.0          -5.3287617045E+00   7.2328656860E-02  -1.4390024329E+00
H9         1.0          -3.1384835395E-02  -1.4556588811E+00  -4.8908426240E+00
H10        1.0          -1.5421728335E+00  -4.8644686044E+00  -1.3409251110E-02
O11        8.0           4.5219635086E-02   3.8251819960E+00   3.6086439751E-02
O12        8.0           4.2172571162E+00  -4.3993426320E-02  -3.4857376094E-03
O13        8.0          -3.7892160929E-02  -2.0918578883E-02   3.8261381377E+00
H14        1.0           5.2899010539E+00  -5.4782493169E-02  -1.4755961072E+00
H15        1.0          -6.5952496473E-03  -1.5014611697E+00   4.8870209629E+00
H16        1.0          -1.4243313218E+00   4.9030465929E+00   2.7594512271E-02
H17        1.0           5.3287575857E+00  -7.2360707787E-02   1.4390043794E+00
H18        1.0           3.1464046170E-02   1.4556523366E+00   4.8908448506E+00
H19        1.0           1.5421683704E+00   4.8644699511E+00   1.3373539890E-02
</Nuclei of Molecule>
<Total Number of CPs of DelSqRho>
    63
</Total Number of CPs of DelSqRho>
<Number of (3,+3) CPs of DelSqRho>
     9
</Number of (3,+3) CPs of DelSqRho>
<Number of (3,+1) CPs of DelSqRho>
    17
</Number of (3,+1) CPs of DelSqRho>
<Number of (3,-1) CPs of DelSqRho>
    25
</Number of (3,-1) CPs of DelSqRho>
<Number of (3,-3) CPs of DelSqRho>
    12
</Number of (3,-3) CPs of DelSqRho>
<Number of Degenerate CPs of DelSqRho>
     0
</Number of Degenerate CPs of DelSqRho>
<CP of DelSqRho>
CP# = 1       
Type = (3,+3)
Coords =  1.01427228028082E-06 -4.34072626016725E-07 -7.26322396010274E-08
DistFromNuc =  9.0407677209E-16
Rho =  1.6240043258E+04
DelSqRho = -3.1649166777E+09
GradDelSqRho = -7.8553975769E-08 -6.5548892536E-08 -3.2559310803E-09
HessDelSqRho_EigVals =  2.7178489141E+15  2.7178489144E+15  2.7178489470E+15
HessDelSqRho_EigVec1 = -6.8411185565E-03  2.9093343895E-01  9.5671883707E-01
HessDelSqRho_EigVec2 =  1.4650989430E-02  9.5666769360E-01 -2.9081312304E-01
HessDelSqRho_EigVec3 =  9.9986926526E-01 -1.2027390517E-02  1.0807139850E-02
</CP of DelSqRho>
<CP of DelSqRho>
CP# = 2       
Type = (3,-1)
Coords =  1.39395954765311E-01 -1.86317733203379E-03  9.61565846178344E-04
DistFromNuc =  1.3941070259E-01
Rho =  1.5554552536E+02
DelSqRho = -1.2234946518E+04
GradDelSqRho =  1.1641532183E-10  0.0000000000E+00  5.4569682106E-12
HessDelSqRho_EigVals = -9.9589390275E+03 -5.1368283592E+03  2.7723762536E+07
HessDelSqRho_EigVec1 = -7.0723340806E-03 -1.2883970357E-02  9.9989198687E-01
HessDelSqRho_EigVec2 =  1.3273168959E-02  9.9982769507E-01  1.2977024359E-02
HessDelSqRho_EigVec3 =  9.9988689614E-01 -1.3363513134E-02  6.9001043671E-03
</CP of DelSqRho>
<CP of DelSqRho>
CP# = 3       
Type = (3,-1)
Coords =  1.64635937258856E-03  1.39242236163217E-01  1.02208841404117E-03
DistFromNuc =  1.3925614237E-01
Rho =  1.5512834609E+02
DelSqRho = -1.1914344357E+04
GradDelSqRho = -1.8189894035E-12  0.0000000000E+00  1.4551915228E-11
HessDelSqRho_EigVals = -2.2011318888E+05 -7.1240379375E+04  2.7902070469E+07
HessDelSqRho_EigVec1 = -4.2114259005E-03 -7.2911963122E-03  9.9996455055E-01
HessDelSqRho_EigVec2 =  9.9992133108E-01 -1.1845551086E-02  4.1248725782E-03
HessDelSqRho_EigVec3 =  1.1815055912E-02  9.9990325601E-01  7.3405093823E-03
</CP of DelSqRho>
<CP of DelSqRho>
CP# = 4       
Type = (3,-1)
Coords = -1.64441286900946E-03 -1.39243103452085E-01 -1.02222210846142E-03
DistFromNuc =  1.3925614240E-01
Rho =  1.5512834600E+02
DelSqRho = -1.1914344320E+04
GradDelSqRho = -1.1368683772E-11 -1.7462298274E-10  4.3655745685E-11
HessDelSqRho_EigVals = -2.2011318822E+05 -7.1240401100E+04  2.7902070416E+07
HessDelSqRho_EigVec1 = -4.2119221144E-03 -7.2911065636E-03  9.9996454911E-01
HessDelSqRho_EigVec2 =  9.9992132209E-01 -1.1846138556E-02  4.1253655184E-03
HessDelSqRho_EigVec3 =  1.1815640120E-02  9.9990324970E-01  7.3404279275E-03
</CP of DelSqRho>
<CP of DelSqRho>
CP# = 5       
Type = (3,-1)
Coords = -7.69171781416408E-04 -1.00148023877111E-03  1.39246840768536E-01
DistFromNuc =  1.3925264152E-01
Rho =  1.5512230256E+02
DelSqRho = -1.1906452954E+04
GradDelSqRho = -6.3664629124E-12 -8.7311491370E-11 -4.0745362639E-10
HessDelSqRho_EigVals = -2.2174701149E+05 -7.7698805731E+04  2.7906323248E+07
HessDelSqRho_EigVec1 =  1.1632799137E-02  9.9990603658E-01  7.2523095926E-03
HessDelSqRho_EigVec2 =  9.9991704304E-01 -1.1672428655E-02  5.4462315873E-03
HessDelSqRho_EigVec3 = -5.5303719070E-03 -7.1883530450E-03  9.9995887044E-01
</CP of DelSqRho>
<CP of DelSqRho>
CP# = 6       
Type = (3,-1)
Coords =  7.71131762505222E-04  1.00061097355335E-03 -1.39246986462566E-01
DistFromNuc =  1.3925264157E-01
Rho =  1.5512230247E+02
DelSqRho = -1.1906452913E+04
GradDelSqRho = -1.1368683772E-12  2.9103830457E-11 -1.1641532183E-10
HessDelSqRho_EigVals = -2.2174705578E+05 -7.7698788238E+04  2.7906323174E+07
HessDelSqRho_EigVec1 =  1.1632282624E-02  9.9990604271E-01  7.2522933612E-03
HessDelSqRho_EigVec2 =  9.9991705175E-01 -1.1671908566E-02  5.4457475637E-03
HessDelSqRho_EigVec3 = -5.5298840010E-03 -7.1883453214E-03  9.9995887319E-01
</CP of DelSqRho>
<CP of DelSqRho>
CP# = 7       
Type = (3,+3)
Coords =  8.57100027031868E-04  9.80101037316370E-02  9.90883203698300E-02
DistFromNuc =  1.3937470370E-01
Rho =  1.5554990263E+02
DelSqRho = -1.2446044236E+04
GradDelSqRho =  2.2737367544E-12 -3.2014213502E-10 -5.8207660913E-10
HessDelSqRho_EigVals =  3.5949272762E+04  2.2069253594E+05  2.7779390466E+07
HessDelSqRho_EigVec1 =  9.9991059509E-01 -1.2763140356E-02  3.9879901972E-03
HessDelSqRho_EigVec2 =  1.1878445521E-02  7.1087035116E-01 -7.0322275729E-01
HessDelSqRho_EigVec3 =  6.1403867609E-03  7.0320725685E-01  7.1095840213E-01
</CP of DelSqRho>
<CP of DelSqRho>
CP# = 8       
Type = (3,+3)
Coords = -1.40387577528542E-03 -9.94400872385362E-02  9.76478419815082E-02
DistFromNuc =  1.3937479530E-01
Rho =  1.5555004015E+02
DelSqRho = -1.2446230399E+04
GradDelSqRho =  2.7284841053E-12 -1.2732925825E-10 -1.6734702513E-10
HessDelSqRho_EigVals =  3.5935911822E+04  2.2073047092E+05  2.7779444010E+07
HessDelSqRho_EigVec1 =  9.9993819804E-01 -1.0476427732E-02  3.7208280441E-03
HessDelSqRho_EigVec2 =  4.6853595315E-03  7.0061698910E-01  7.1352216644E-01
HessDelSqRho_EigVec3 =  1.0082038753E-02  7.1346063595E-01 -7.0062277542E-01
</CP of DelSqRho>
<CP of DelSqRho>
CP# = 9       
Type = (3,+3)
Coords =  1.40591626446074E-03  9.94392232390062E-02 -9.76479827631608E-02
DistFromNuc =  1.3937479524E-01
Rho =  1.5555004044E+02
DelSqRho = -1.2446230548E+04
GradDelSqRho =  3.2969182939E-12  2.8921931516E-10 -7.0576788858E-10
HessDelSqRho_EigVals =  3.5935962553E+04  2.2073051025E+05  2.7779444153E+07
HessDelSqRho_EigVec1 =  9.9993819727E-01 -1.0476474898E-02  3.7209025248E-03
HessDelSqRho_EigVec2 =  4.6853389807E-03  7.0061695697E-01  7.1352219811E-01
HessDelSqRho_EigVec3 =  1.0082124801E-02  7.1346066681E-01 -7.0062274277E-01
</CP of DelSqRho>
<CP of DelSqRho>
CP# = 10      
Type = (3,+3)
Coords = -8.54773186463034E-04 -9.80109792348275E-02 -9.90884609133249E-02
DistFromNuc =  1.3937470369E-01
Rho =  1.5554990276E+02
DelSqRho = -1.2446044314E+04
GradDelSqRho =  4.0927261580E-12 -2.9103830457E-11 -1.1641532183E-10
HessDelSqRho_EigVals =  3.5949289633E+04  2.2069256881E+05  2.7779390516E+07
HessDelSqRho_EigVec1 =  9.9991060873E-01 -1.2761603742E-02  3.9894886612E-03
HessDelSqRho_EigVec2 =  1.1878406557E-02  7.1087032580E-01 -7.0322278359E-01
HessDelSqRho_EigVec3 =  6.1382414024E-03  7.0320731038E-01  7.1095836771E-01
</CP of DelSqRho>
<CP of DelSqRho>
CP# = 11      
Type = (3,-1)
Coords =  2.35903314715898E-01 -3.31106051665786E-03  6.45464375466181E-02
DistFromNuc =  2.4459580450E-01
Rho =  4.0335354727E+01
DelSqRho =  3.8063742870E+03
GradDelSqRho =  4.7066350817E-11 -2.6645352591E-12  3.4106051316E-11
HessDelSqRho_EigVals = -1.7473868225E+06 -2.8377842447E+03  2.8744566731E+03
HessDelSqRho_EigVec1 =  9.6444072259E-01 -1.3534265744E-02  2.6395248864E-01
HessDelSqRho_EigVec2 =  1.2603217911E-02  9.9990694859E-01  5.2204462237E-03
HessDelSqRho_EigVec3 = -2.6399858240E-01 -1.7081601957E-03  9.6452155532E-01
</CP of DelSqRho>
<CP of DelSqRho>
CP# = 12      
Type = (3,+1)
Coords = -2.52385206317165E-03 -1.74793568424838E-01  1.71550433709431E-01
DistFromNuc =  2.4492568463E-01
Rho =  4.0108812406E+01
DelSqRho =  3.6673764083E+03
GradDelSqRho =  8.5265128291E-14 -3.0922819860E-11  2.1827872843E-11
HessDelSqRho_EigVals = -1.7270030557E+06  8.3928676972E+03  5.8376571936E+04
HessDelSqRho_EigVec1 =  1.0314328671E-02  7.1365810432E-01 -7.0041824988E-01
HessDelSqRho_EigVec2 =  9.9993549655E-01 -1.0692595722E-02  3.8302910707E-03
HessDelSqRho_EigVec3 =  4.7557709180E-03  7.0041257737E-01  7.1372235786E-01
</CP of DelSqRho>
<CP of DelSqRho>
CP# = 13      
Type = (3,+1)
Coords =  2.52587939788213E-03  1.74792700784654E-01 -1.71550578980659E-01
DistFromNuc =  2.4492568499E-01
Rho =  4.0108812228E+01
DelSqRho =  3.6673763971E+03
GradDelSqRho = -5.4001247918E-13  1.0913936421E-11 -1.6370904632E-11
HessDelSqRho_EigVals = -1.7270030426E+06  8.3928687017E+03  5.8376572439E+04
HessDelSqRho_EigVec1 =  1.0314323368E-02  7.1365810447E-01 -7.0041824980E-01
HessDelSqRho_EigVec2 =  9.9993549664E-01 -1.0692587576E-02  3.8302917983E-03
HessDelSqRho_EigVec3 =  4.7557646916E-03  7.0041257733E-01  7.1372235793E-01
</CP of DelSqRho>
<CP of DelSqRho>
CP# = 14      
Type = (3,-1)
Coords = -2.35901305585205E-01  3.31018266674834E-03 -6.45465157527539E-02
DistFromNuc =  2.4459580540E-01
Rho =  4.0335354344E+01
DelSqRho =  3.8063742586E+03
GradDelSqRho =  5.4569682106E-12 -3.1352698215E-12 -4.0927261580E-12
HessDelSqRho_EigVals = -1.7473867895E+06 -2.8377762016E+03  2.8744499113E+03
HessDelSqRho_EigVec1 =  9.6444079656E-01 -1.3534224312E-02  2.6395222050E-01
HessDelSqRho_EigVec2 =  1.2603203833E-02  9.9990694931E-01  5.2203425185E-03
HessDelSqRho_EigVec3 = -2.6399831285E-01 -1.7080676599E-03  9.6452162926E-01
</CP of DelSqRho>
<CP of DelSqRho>
CP# = 15      
Type = (3,+1)
Coords =  1.31467858035228E-01 -1.29448998480389E-03 -4.63446999481702E-02
DistFromNuc =  1.3940240339E-01
Rho =  1.5553139090E+02
DelSqRho = -1.2240528853E+04
GradDelSqRho = -1.7462298274E-10  0.0000000000E+00  1.1641532183E-10
HessDelSqRho_EigVals = -2.0806997188E+04  1.7742778273E+04  2.7734279717E+07
HessDelSqRho_EigVec1 =  1.2830056487E-02  9.9988180181E-01  8.4718386656E-03
HessDelSqRho_EigVec2 =  3.3269540022E-01 -1.2258509499E-02  9.4295466467E-01
HessDelSqRho_EigVec3 =  9.4294706125E-01 -9.2796198569E-03 -3.3281335360E-01
</CP of DelSqRho>
<CP of DelSqRho>
CP# = 16      
Type = (3,-3)
Coords =  2.44536478292012E-01 -4.58230273595001E-03  2.75898456199307E-03
DistFromNuc =  2.4459394735E-01
Rho =  4.0364229726E+01
DelSqRho =  3.8078618091E+03
GradDelSqRho =  2.4783730623E-11 -2.8421709430E-14 -3.4106051316E-13
HessDelSqRho_EigVals = -1.7476813962E+06 -1.5912656801E+03 -3.4701935466E+02
HessDelSqRho_EigVec1 =  9.9976092060E-01 -1.8734343648E-02  1.1275017477E-02
HessDelSqRho_EigVec2 = -1.1538942571E-02 -1.4039904906E-02  9.9983485330E-01
HessDelSqRho_EigVec3 =  1.8572949560E-02  9.9972591516E-01  1.4252722769E-02
</CP of DelSqRho>
<CP of DelSqRho>
CP# = 17      
Type = (3,-3)
Coords = -2.44534447635538E-01  4.58159954613027E-03 -2.75914992719390E-03
DistFromNuc =  2.4459394856E-01
Rho =  4.0364229112E+01
DelSqRho =  3.8078617730E+03
GradDelSqRho = -4.0131453716E-11  1.5631940187E-12 -1.2505552149E-12
HessDelSqRho_EigVals = -1.7476813526E+06 -1.5912628941E+03 -3.4701563680E+02
HessDelSqRho_EigVec1 =  9.9976090698E-01 -1.8735019639E-02  1.1275101300E-02
HessDelSqRho_EigVec2 = -1.1539060877E-02 -1.4041241791E-02  9.9983483316E-01
HessDelSqRho_EigVec3 =  1.8573608812E-02  9.9972588371E-01  1.4254069160E-02
</CP of DelSqRho>
<CP of DelSqRho>
CP# = 18      
Type = (3,+1)
Coords =  1.45038793123569E-03  1.72282669771644E-01  1.74081993878667E-01
DistFromNuc =  2.4492475260E-01
Rho =  4.0109325932E+01
DelSqRho =  3.6673998471E+03
GradDelSqRho =  2.2737367544E-13 -3.6379788071E-12  3.6379788071E-12
HessDelSqRho_EigVals = -1.7270493618E+06  8.4006788316E+03  5.8375747159E+04
HessDelSqRho_EigVec1 =  5.9124923327E-03  7.0341272365E-01  7.1075704896E-01
HessDelSqRho_EigVec2 =  9.9991295945E-01 -1.2542195307E-02  4.0947354085E-03
HessDelSqRho_EigVec3 =  1.1794742710E-02  7.1067097418E-01 -7.0342565385E-01
</CP of DelSqRho>
<CP of DelSqRho>
CP# = 19      
Type = (3,+1)
Coords = -1.44832060140342E-03 -1.72283538893634E-01 -1.74082138853391E-01
DistFromNuc =  2.4492475285E-01
Rho =  4.0109325807E+01
DelSqRho =  3.6673998363E+03
GradDelSqRho =  3.4106051316E-13  1.0913936421E-11  1.0913936421E-11
HessDelSqRho_EigVals = -1.7270493509E+06  8.4006791991E+03  5.8375747713E+04
HessDelSqRho_EigVec1 =  5.9123459755E-03  7.0341272596E-01  7.1075704789E-01
HessDelSqRho_EigVec2 =  9.9991296040E-01 -1.2542087605E-02  4.0948347576E-03
HessDelSqRho_EigVec3 =  1.1794736039E-02  7.1067097379E-01 -7.0342565436E-01
</CP of DelSqRho>
<CP of DelSqRho>
CP# = 20      
Type = (3,-3)
Coords =  2.87701048594580E-03  2.43799323492551E-01  1.78074717925231E-03
DistFromNuc =  2.4382322380E-01
Rho =  3.9470455008E+01
DelSqRho =  4.1025057902E+03
GradDelSqRho =  0.0000000000E+00 -6.1845639721E-11 -1.7479351300E-12
HessDelSqRho_EigVals = -1.7863961684E+06 -5.8945107065E+04 -2.0209608266E+04
HessDelSqRho_EigVec1 =  1.1795674265E-02  9.9990372803E-01  7.3073074975E-03
HessDelSqRho_EigVec2 = -4.3238122361E-03 -7.2567431241E-03  9.9996432153E-01
HessDelSqRho_EigVec3 =  9.9992108024E-01 -1.1826848839E-02  4.2377977960E-03
</CP of DelSqRho>
<CP of DelSqRho>
CP# = 21      
Type = (3,-3)
Coords = -2.87499098285106E-03 -2.43800191501241E-01 -1.78089045381050E-03
DistFromNuc =  2.4382322375E-01
Rho =  3.9470455033E+01
DelSqRho =  4.1025057900E+03
GradDelSqRho =  7.9580786405E-13  3.2741809264E-11 -2.5579538487E-12
HessDelSqRho_EigVals = -1.7863961691E+06 -5.8945107070E+04 -2.0209608739E+04
HessDelSqRho_EigVec1 =  1.1795717823E-02  9.9990372760E-01  7.3072960428E-03
HessDelSqRho_EigVec2 = -4.3238449194E-03 -7.2567310976E-03  9.9996432147E-01
HessDelSqRho_EigVec3 =  9.9992107959E-01 -1.1826892584E-02  4.2378303001E-03
</CP of DelSqRho>
<CP of DelSqRho>
CP# = 22      
Type = (3,-3)
Coords = -1.28446982328099E-03 -1.76260841924065E-03  2.43794930686706E-01
DistFromNuc =  2.4380476076E-01
Rho =  3.9454421505E+01
DelSqRho =  4.1099512342E+03
GradDelSqRho = -5.6843418861E-14  1.7053025658E-12  6.9121597335E-11
HessDelSqRho_EigVals = -1.7874070167E+06 -5.9460033619E+04 -2.1971484564E+04
HessDelSqRho_EigVec1 = -5.2796203675E-03 -7.2241069230E-03  9.9995996814E-01
HessDelSqRho_EigVec2 =  1.1638046202E-02  9.9990573670E-01  7.2851620592E-03
HessDelSqRho_EigVec3 =  9.9991833741E-01 -1.1676043199E-02  5.1950482029E-03
</CP of DelSqRho>
<CP of DelSqRho>
CP# = 23      
Type = (3,-3)
Coords =  1.28649104774752E-03  1.76174028989498E-03 -2.43795075977275E-01
DistFromNuc =  2.4380476075E-01
Rho =  3.9454421515E+01
DelSqRho =  4.1099512304E+03
GradDelSqRho =  3.4106051316E-13  3.8653524825E-12  7.2759576142E-12
HessDelSqRho_EigVals = -1.7874070151E+06 -5.9460034420E+04 -2.1971484115E+04
HessDelSqRho_EigVec1 = -5.2795844387E-03 -7.2241066830E-03  9.9995996833E-01
HessDelSqRho_EigVec2 =  1.1638000756E-02  9.9990573724E-01  7.2851611636E-03
HessDelSqRho_EigVec3 =  9.9991833813E-01 -1.1675997491E-02  5.1950126114E-03
</CP of DelSqRho>
<CP of DelSqRho>
CP# = 24      
Type = (3,-1)
Coords =  2.42201674575140E-01 -3.40733836948897E-02  1.96816259661687E-03
DistFromNuc =  2.4459353977E-01
Rho =  4.0356992908E+01
DelSqRho =  3.8077898412E+03
GradDelSqRho = -3.1946001400E-11  6.8212102633E-13  0.0000000000E+00
HessDelSqRho_EigVals = -1.7476558191E+06 -2.1923430778E+03  6.3289301139E+02
HessDelSqRho_EigVec1 =  9.9021174798E-01 -1.3934146967E-01  8.0404596834E-03
HessDelSqRho_EigVec2 = -1.1686858335E-02 -2.5370351635E-02  9.9960980517E-01
HessDelSqRho_EigVec3 =  1.3908311006E-01  9.8991934019E-01  2.6750484256E-02
</CP of DelSqRho>
<CP of DelSqRho>
CP# = 25      
Type = (3,-1)
Coords = -2.36284827708102E-01  2.57715391379691E-03  6.31612658990738E-02
DistFromNuc =  2.4459558002E-01
Rho =  4.0335411942E+01
DelSqRho =  3.8060982963E+03
GradDelSqRho = -3.2059688237E-11  3.2969182939E-12  1.2732925825E-11
HessDelSqRho_EigVals = -1.7473895691E+06 -2.8696341391E+03  3.0555832378E+03
HessDelSqRho_EigVec1 =  9.6600667553E-01 -1.0538403041E-02 -2.5830223557E-01
HessDelSqRho_EigVec2 =  1.3694163598E-02  9.9985192361E-01  1.0421167642E-02
HessDelSqRho_EigVec3 =  2.5815416464E-01 -1.3604150581E-02  9.6600794736E-01
</CP of DelSqRho>
<CP of DelSqRho>
CP# = 26      
Type = (3,-1)
Coords =  2.36286842308185E-01 -2.57797584971684E-03 -6.31614609944091E-02
DistFromNuc =  2.4459557893E-01
Rho =  4.0335412441E+01
DelSqRho =  3.8060983282E+03
GradDelSqRho =  8.2991391537E-11  2.4158453016E-13 -7.9580786405E-12
HessDelSqRho_EigVals = -1.7473896078E+06 -2.8696415040E+03  3.0555872766E+03
HessDelSqRho_EigVec1 =  9.6600662411E-01 -1.0538209883E-02 -2.5830243576E-01
HessDelSqRho_EigVec2 =  1.3693865645E-02  9.9985193163E-01  1.0420789909E-02
HessDelSqRho_EigVec3 =  2.5815437286E-01 -1.3603710931E-02  9.6600789791E-01
</CP of DelSqRho>
<CP of DelSqRho>
CP# = 27      
Type = (3,-1)
Coords = -2.42199679598093E-01  3.40722846715685E-02 -1.96831287799664E-03
DistFromNuc =  2.4459354089E-01
Rho =  4.0356992456E+01
DelSqRho =  3.8077898082E+03
GradDelSqRho = -3.4106051316E-11  1.8189894035E-12 -1.1368683772E-13
HessDelSqRho_EigVals = -1.7476557793E+06 -2.1923312188E+03  6.3288159673E+02
HessDelSqRho_EigVec1 =  9.9021188013E-01 -1.3934052934E-01  8.0404802516E-03
HessDelSqRho_EigVec2 = -1.1686931202E-02 -2.5370905055E-02  9.9960979028E-01
HessDelSqRho_EigVec3 =  1.3908216305E-01  9.8991945837E-01  2.6751034775E-02
</CP of DelSqRho>
<CP of DelSqRho>
CP# = 28      
Type = (3,-1)
Coords =  5.42780610545357E-01 -7.06861267985508E-03  5.15955184637898E-03
DistFromNuc =  5.4285013678E-01
Rho =  6.1751040786E+00
DelSqRho = -6.1255648043E+01
GradDelSqRho =  2.2737367544E-13  9.7144514655E-15  0.0000000000E+00
HessDelSqRho_EigVals = -1.0164754030E+02 -6.3382132144E+01  1.2360342806E+04
HessDelSqRho_EigVec1 = -9.5715572593E-03 -9.0597923294E-03  9.9991314896E-01
HessDelSqRho_EigVec2 =  1.2922484940E-02  9.9987433177E-01  9.1831396712E-03
HessDelSqRho_EigVec3 =  9.9987068898E-01 -1.3009259556E-02  9.4532793887E-03
</CP of DelSqRho>
<CP of DelSqRho>
CP# = 29      
Type = (3,-1)
Coords = -5.42778599492548E-01  7.06756283823243E-03 -5.15956459777146E-03
DistFromNuc =  5.4285015065E-01
Rho =  6.1751034892E+00
DelSqRho = -6.1255627567E+01
GradDelSqRho = -1.5916157281E-12  2.4868995752E-14 -2.1316282073E-14
HessDelSqRho_EigVals = -1.0164790851E+02 -6.3382535008E+01  1.2360340090E+04
HessDelSqRho_EigVec1 = -9.5712380935E-03 -9.0540055513E-03  9.9991320443E-01
HessDelSqRho_EigVec2 =  1.2922211087E-02  9.9987438850E-01  9.1773463761E-03
HessDelSqRho_EigVec3 =  9.9987069557E-01 -1.3008928063E-02  9.4530380650E-03
</CP of DelSqRho>
<CP of DelSqRho>
CP# = 30      
Type = (3,-1)
Coords =  6.67814868924356E-03  5.66649872644395E-01  4.11775602303055E-03
DistFromNuc =  5.6670460625E-01
Rho =  4.9764729539E+00
DelSqRho = -2.4059922554E+01
GradDelSqRho =  1.8651746814E-14  3.5527136788E-13 -3.5527136788E-15
HessDelSqRho_EigVals = -1.4546514702E+03 -4.7826121091E+02  9.1067698869E+03
HessDelSqRho_EigVec1 = -4.5285261927E-03 -7.2227946463E-03  9.9996366118E-01
HessDelSqRho_EigVec2 =  9.9992033317E-01 -1.1814699734E-02  4.4429917225E-03
HessDelSqRho_EigVec3 =  1.1782179585E-02  9.9990411746E-01  7.2757224064E-03
</CP of DelSqRho>
<CP of DelSqRho>
CP# = 31      
Type = (3,-1)
Coords = -6.67603477277836E-03 -5.66650741294686E-01 -4.11791529613513E-03
DistFromNuc =  5.6670460585E-01
Rho =  4.9764729744E+00
DelSqRho = -2.4059923336E+01
GradDelSqRho =  4.4408920985E-16 -4.2632564146E-13 -8.8817841970E-15
HessDelSqRho_EigVals = -1.4546514813E+03 -4.7826117473E+02  9.1067699487E+03
HessDelSqRho_EigVec1 = -4.5283322374E-03 -7.2228174781E-03  9.9996366190E-01
HessDelSqRho_EigVec2 =  9.9992033571E-01 -1.1814557757E-02  4.4427985396E-03
HessDelSqRho_EigVec3 =  1.1782038916E-02  9.9990411897E-01  7.2757423202E-03
</CP of DelSqRho>
<CP of DelSqRho>
CP# = 32      
Type = (3,-1)
Coords = -2.85303166398925E-03 -4.12980676234025E-03  5.67356914025310E-01
DistFromNuc =  5.6737919208E-01
Rho =  4.9496220938E+00
DelSqRho = -2.3148402723E+01
GradDelSqRho = -3.5527136788E-15  3.5527136788E-15 -8.2422957348E-13
HessDelSqRho_EigVals = -1.4562134354E+03 -5.1565983327E+02  9.0185717711E+03
HessDelSqRho_EigVec1 =  1.1654110326E-02  9.9990522280E-01  7.3298795177E-03
HessDelSqRho_EigVec2 =  9.9991934414E-01 -1.1690658290E-02  4.9632368547E-03
HessDelSqRho_EigVec3 = -5.0484575698E-03 -7.2714462101E-03  9.9996081881E-01
</CP of DelSqRho>
<CP of DelSqRho>
CP# = 33      
Type = (3,-1)
Coords =  2.85513406252039E-03  4.12893877744844E-03 -5.67357058824435E-01
DistFromNuc =  5.6737919199E-01
Rho =  4.9496220868E+00
DelSqRho = -2.3148403120E+01
GradDelSqRho =  1.0658141036E-14 -7.1054273576E-15 -4.2632564146E-13
HessDelSqRho_EigVals = -1.4562133597E+03 -5.1565987621E+02  9.0185717876E+03
HessDelSqRho_EigVec1 =  1.1654135072E-02  9.9990522250E-01  7.3298807925E-03
HessDelSqRho_EigVec2 =  9.9991934324E-01 -1.1690683926E-02  4.9633583728E-03
HessDelSqRho_EigVec3 = -5.0485792777E-03 -7.2714459391E-03  9.9996081819E-01
</CP of DelSqRho>
<CP of DelSqRho>
CP# = 34      
Type = (3,+3)
Coords =  2.83108311717443E-03  3.72289783272416E-01  3.76298941530951E-01
DistFromNuc =  5.2934767713E-01
Rho =  6.4752612664E+00
DelSqRho = -9.0464484883E+01
GradDelSqRho = -3.5527136788E-14 -7.1054273576E-15  8.5265128291E-14
HessDelSqRho_EigVals =  3.4240164394E+02  2.1543715005E+03  1.5455385575E+04
HessDelSqRho_EigVec1 =  9.9991717457E-01 -1.2081966870E-02  4.4350962176E-03
HessDelSqRho_EigVec2 =  1.1707657923E-02  7.1075230334E-01 -7.0334493247E-01
HessDelSqRho_EigVec3 =  5.3455353200E-03  7.0333860222E-01  7.1083488651E-01
</CP of DelSqRho>
<CP of DelSqRho>
CP# = 35      
Type = (3,+3)
Coords = -5.80864044368061E-03 -3.77719903327488E-01  3.70832556794493E-01
DistFromNuc =  5.2936054688E-01
Rho =  6.4746010779E+00
DelSqRho = -9.0441315924E+01
GradDelSqRho = -1.0658141036E-14 -4.5474735089E-13 -2.2737367544E-13
HessDelSqRho_EigVals =  3.4190246141E+02  2.1537413269E+03  1.5452124925E+04
HessDelSqRho_EigVec1 =  9.9992805429E-01 -1.1223519653E-02  4.2330662884E-03
HessDelSqRho_EigVec2 =  4.8413970833E-03  7.0048970353E-01  7.1364608604E-01
HessDelSqRho_EigVec3 =  1.0974840221E-02  7.1357424831E-01 -7.0049364382E-01
</CP of DelSqRho>
<CP of DelSqRho>
CP# = 36      
Type = (3,+3)
Coords =  5.81063635125097E-03  3.77719033763634E-01 -3.70832708997636E-01
DistFromNuc =  5.2936055037E-01
Rho =  6.4746009045E+00
DelSqRho = -9.0441309294E+01
GradDelSqRho =  7.1054273576E-15  5.9685589804E-13 -5.6843418861E-13
HessDelSqRho_EigVals =  3.4190230137E+02  2.1537411297E+03  1.5452124031E+04
HessDelSqRho_EigVec1 =  9.9992805517E-01 -1.1223443134E-02  4.2330616974E-03
HessDelSqRho_EigVec2 =  4.8413468854E-03  7.0048971237E-01  7.1364607771E-01
HessDelSqRho_EigVec3 =  1.0974782342E-02  7.1357424084E-01 -7.0049365234E-01
</CP of DelSqRho>
<CP of DelSqRho>
CP# = 37      
Type = (3,+3)
Coords = -2.82936439508509E-03 -3.72290646172747E-01 -3.76299093446716E-01
DistFromNuc =  5.2934767982E-01
Rho =  6.4752611349E+00
DelSqRho = -9.0464480229E+01
GradDelSqRho = -3.5527136788E-15  7.2475359048E-13  8.8107299234E-13
HessDelSqRho_EigVals =  3.4240157946E+02  2.1543713431E+03  1.5455384876E+04
HessDelSqRho_EigVec1 =  9.9991717187E-01 -1.2082357048E-02  4.4346410185E-03
HessDelSqRho_EigVec2 =  1.1707615172E-02  7.1075231120E-01 -7.0334492525E-01
HessDelSqRho_EigVec3 =  5.3461331615E-03  7.0333858758E-01  7.1083489650E-01
</CP of DelSqRho>
<CP of DelSqRho>
CP# = 38      
Type = (3,+1)
Coords =  5.04426461586820E-01 -7.47035279848404E-03  1.99622125456369E-01
DistFromNuc =  5.4254018612E-01
Rho =  6.1521940483E+00
DelSqRho = -6.2211017788E+01
GradDelSqRho = -3.1263880373E-13  1.5987211555E-14 -4.8316906032E-13
HessDelSqRho_EigVals = -2.1636133133E+02  1.7427763750E+02  1.2472634054E+04
HessDelSqRho_EigVec1 =  1.2152802930E-02  9.9990374452E-01  6.6941077161E-03
HessDelSqRho_EigVec2 = -3.6625068850E-01 -1.7781631438E-03  9.3051451967E-01
HessDelSqRho_EigVec3 =  9.3043685576E-01 -1.3760081141E-02  3.6619382519E-01
</CP of DelSqRho>
<CP of DelSqRho>
CP# = 39      
Type = (3,+1)
Coords = -5.04424287411057E-01  7.46960614146990E-03 -1.99622656863896E-01
DistFromNuc =  5.4254019447E-01
Rho =  6.1521935391E+00
DelSqRho = -6.2211006563E+01
GradDelSqRho =  6.8212102633E-13 -7.9936057773E-15  5.4001247918E-13
HessDelSqRho_EigVals = -2.1636222654E+02  1.7427834918E+02  1.2472632655E+04
HessDelSqRho_EigVec1 =  1.2153064628E-02  9.9990374177E-01  6.6940433163E-03
HessDelSqRho_EigVec2 = -3.6625140085E-01 -1.7779968285E-03  9.3051423960E-01
HessDelSqRho_EigVec3 =  9.3043657194E-01 -1.3760302433E-02  3.6619453802E-01
</CP of DelSqRho>
<CP of DelSqRho>
CP# = 40      
Type = (3,+1)
Coords = -5.14687068438700E-01  1.72323168830404E-01 -2.20093454510174E-03
DistFromNuc =  5.4277443786E-01
Rho =  6.1535110672E+00
DelSqRho = -6.1688865014E+01
GradDelSqRho = -2.8421709430E-13  4.2632564146E-14  0.0000000000E+00
HessDelSqRho_EigVals = -2.0958710811E+02  1.1430267375E+02  1.2415384658E+04
HessDelSqRho_EigVec1 = -8.3154547599E-03 -1.2185633272E-02  9.9989117586E-01
HessDelSqRho_EigVec2 =  3.1572373985E-01  9.4874507695E-01  1.4187990047E-02
HessDelSqRho_EigVec3 =  9.4881472022E-01 -3.1580736107E-01  4.0419530571E-03
</CP of DelSqRho>
<CP of DelSqRho>
CP# = 41      
Type = (3,+1)
Coords =  5.14689276785407E-01 -1.72323469404421E-01  2.20067862308328E-03
DistFromNuc =  5.4277442771E-01
Rho =  6.1535116727E+00
DelSqRho = -6.1688878349E+01
GradDelSqRho = -1.0231815395E-12  3.5527136788E-13 -2.1316282073E-14
HessDelSqRho_EigVals = -2.0958606165E+02  1.1430184315E+02  1.2415386334E+04
HessDelSqRho_EigVec1 = -8.3153262601E-03 -1.2185940706E-02  9.9989117318E-01
HessDelSqRho_EigVec2 =  3.1572269634E-01  9.4874542052E-01  1.4188236728E-02
HessDelSqRho_EigVec3 =  9.4881506858E-01 -3.1580631706E-01  4.0417496524E-03
</CP of DelSqRho>
<CP of DelSqRho>
CP# = 42      
Type = (3,+1)
Coords =  5.18482010330314E-01  1.60475124768894E-01  4.69567062624755E-03
DistFromNuc =  5.4276790460E-01
Rho =  6.1536827169E+00
DelSqRho = -6.1700468308E+01
GradDelSqRho =  2.1600499167E-12  8.8107299234E-13 -3.5527136788E-15
HessDelSqRho_EigVals = -2.0977967240E+02  1.1538110007E+02  1.2416670659E+04
HessDelSqRho_EigVec1 = -8.3583143286E-03 -2.1298552902E-03  9.9996280046E-01
HessDelSqRho_EigVec2 = -2.9397806358E-01  9.5581207385E-01 -4.2143533634E-04
HessDelSqRho_EigVec3 =  9.5577562049E-01  2.9397065022E-01  8.6151084863E-03
</CP of DelSqRho>
<CP of DelSqRho>
CP# = 43      
Type = (3,+1)
Coords = -5.18479859384117E-01 -1.60476435657806E-01 -4.69560491582293E-03
DistFromNuc =  5.4276791675E-01
Rho =  6.1536820684E+00
DelSqRho = -6.1700451580E+01
GradDelSqRho =  1.1368683772E-13  1.4210854715E-14 -2.4868995752E-14
HessDelSqRho_EigVals = -2.0978058137E+02  1.1538159869E+02  1.2416668499E+04
HessDelSqRho_EigVec1 = -8.3578144801E-03 -2.1301701048E-03  9.9996280396E-01
HessDelSqRho_EigVec2 = -2.9397887869E-01  9.5581182335E-01 -4.2099481652E-04
HessDelSqRho_EigVec3 =  9.5577537415E-01  2.9397146244E-01  8.6147229163E-03
</CP of DelSqRho>
<CP of DelSqRho>
CP# = 44      
Type = (3,+1)
Coords = -5.05935537669688E-01  4.66907882173856E-03  1.95708953328707E-01
DistFromNuc =  5.4249020432E-01
Rho =  6.1539074432E+00
DelSqRho = -6.2292106083E+01
GradDelSqRho = -1.3642420527E-12  4.9737991503E-14  1.4210854715E-13
HessDelSqRho_EigVals = -2.1636236749E+02  1.7933820099E+02  1.2482300545E+04
HessDelSqRho_EigVec1 =  1.2353537000E-02  9.9989096046E-01  8.0905693433E-03
HessDelSqRho_EigVec2 =  3.5891839412E-01 -1.1986082102E-02  9.3329198014E-01
HessDelSqRho_EigVec3 =  9.3328718864E-01 -8.6256028521E-03 -3.5902732833E-01
</CP of DelSqRho>
<CP of DelSqRho>
CP# = 45      
Type = (3,+1)
Coords =  5.05937664670749E-01 -4.67016379795567E-03 -1.95708808443770E-01
DistFromNuc =  5.4249019334E-01
Rho =  6.1539080169E+00
DelSqRho = -6.2292121830E+01
GradDelSqRho =  2.2311041903E-12 -4.7961634664E-14 -3.9790393203E-13
HessDelSqRho_EigVals = -2.1636151698E+02  1.7933779658E+02  1.2482302542E+04
HessDelSqRho_EigVec1 =  1.2354122442E-02  9.9989094965E-01  8.0910118579E-03
HessDelSqRho_EigVec2 =  3.5891784896E-01 -1.1986700317E-02  9.3329218186E-01
HessDelSqRho_EigVec3 =  9.3328739055E-01 -8.6259973172E-03 -3.5902679400E-01
</CP of DelSqRho>
<CP of DelSqRho>
CP# = 46      
Type = (3,-3)
Coords = -4.40399743951632E-03 -5.99033253640504E-03  8.30211914664319E-01
DistFromNuc =  8.3024528114E-01
Rho =  1.7479642618E+00
DelSqRho =  2.0558094935E+01
GradDelSqRho =  2.2204460493E-15  9.2981178312E-16 -6.0396132540E-14
HessDelSqRho_EigVals = -1.1226322234E+03 -9.3828105431E+01 -3.4210530535E+01
HessDelSqRho_EigVec1 = -5.2720103572E-03 -7.2459470624E-03  9.9995985027E-01
HessDelSqRho_EigVec2 =  1.1677392003E-02  9.9990511778E-01  7.3071162612E-03
HessDelSqRho_EigVec3 =  9.9991791884E-01 -1.1715446352E-02  5.1868963729E-03
</CP of DelSqRho>
<CP of DelSqRho>
CP# = 47      
Type = (3,-3)
Coords =  4.40599882678477E-03  5.98946077476672E-03 -8.30212060864709E-01
DistFromNuc =  8.3024528191E-01
Rho =  1.7479642582E+00
DelSqRho =  2.0558094759E+01
GradDelSqRho =  6.6613381478E-16 -9.1593399532E-16 -7.4606987255E-14
HessDelSqRho_EigVals = -1.1226322157E+03 -9.3828106473E+01 -3.4210531293E+01
HessDelSqRho_EigVec1 = -5.2720041014E-03 -7.2459464259E-03  9.9995985031E-01
HessDelSqRho_EigVec2 =  1.1676804592E-02  9.9990512467E-01  7.3071125044E-03
HessDelSqRho_EigVec3 =  9.9991792574E-01 -1.1714858899E-02  5.1868944178E-03
</CP of DelSqRho>
<CP of DelSqRho>
CP# = 48      
Type = (3,-3)
Coords =  8.61978821019939E-01 -1.02978102952716E-02  4.51138581885452E-03
DistFromNuc =  8.6205111713E-01
Rho =  1.8014998609E+00
DelSqRho =  1.6784191432E+01
GradDelSqRho = -2.4336088700E-13 -8.2461815154E-14 -3.6415315208E-14
HessDelSqRho_EigVals = -1.0615837440E+03 -7.0265713864E+00 -5.8850442374E+00
HessDelSqRho_EigVec1 =  9.9991448809E-01 -1.1956794615E-02  5.2963729878E-03
HessDelSqRho_EigVec2 = -5.4158330915E-03 -9.9808082440E-03  9.9993552403E-01
HessDelSqRho_EigVec3 =  1.1903161606E-02  9.9987870191E-01  1.0044710770E-02
</CP of DelSqRho>
<CP of DelSqRho>
CP# = 49      
Type = (3,-3)
Coords = -8.61976784766228E-01  1.02970232635006E-02 -4.51160745392722E-03
DistFromNuc =  8.6205111079E-01
Rho =  1.8014998776E+00
DelSqRho =  1.6784190169E+01
GradDelSqRho =  5.1514348343E-14 -5.9729998725E-14 -1.9984014443E-14
HessDelSqRho_EigVals = -1.0615836838E+03 -7.0265616947E+00 -5.8850371932E+00
HessDelSqRho_EigVec1 =  9.9991448658E-01 -1.1956884328E-02  5.2964558179E-03
HessDelSqRho_EigVec2 = -5.4158615080E-03 -9.9761616257E-03  9.9993557025E-01
HessDelSqRho_EigVec3 =  1.1903275650E-02  9.9987874721E-01  1.0040065360E-02
</CP of DelSqRho>
<CP of DelSqRho>
CP# = 50      
Type = (3,+1)
Coords =  4.92598736420856E-03  6.20038771665579E-01  6.27423108056445E-01
DistFromNuc =  8.8211831388E-01
Rho =  1.6553981054E+00
DelSqRho =  1.4051423297E+01
GradDelSqRho = -1.1102230246E-15 -5.3290705182E-15  1.0658141036E-14
HessDelSqRho_EigVals = -9.3576861488E+02  7.5440167516E+00  5.3962289531E+01
HessDelSqRho_EigVec1 =  5.5815406646E-03  7.0276727658E-01  7.1139792056E-01
HessDelSqRho_EigVec2 =  9.9991349626E-01 -1.2395269297E-02  4.3996920922E-03
HessDelSqRho_EigVec3 =  1.1909928432E-02  7.1131182492E-01 -7.0277566928E-01
</CP of DelSqRho>
<CP of DelSqRho>
CP# = 51      
Type = (3,+1)
Coords = -9.55965985704315E-03 -6.29071846296250E-01  6.18310287050654E-01
DistFromNuc =  8.8211674344E-01
Rho =  1.6553781088E+00
DelSqRho =  1.4049767162E+01
GradDelSqRho =  2.2204460493E-16  1.9539925233E-14 -1.4210854715E-14
HessDelSqRho_EigVals = -9.3568040661E+02  7.5476434139E+00  5.3970930738E+01
HessDelSqRho_EigVec1 =  1.0843104510E-02  7.1300241670E-01 -7.0107772812E-01
HessDelSqRho_EigVec2 =  9.9993035949E-01 -1.0998007736E-02  4.2801863125E-03
HessDelSqRho_EigVec3 =  4.6586750924E-03  7.0107531521E-01  7.1307201540E-01
</CP of DelSqRho>
<CP of DelSqRho>
CP# = 52      
Type = (3,+1)
Coords =  9.56136092548015E-03  6.29070978010175E-01 -6.18310435530346E-01
DistFromNuc =  8.8211674204E-01
Rho =  1.6553781091E+00
DelSqRho =  1.4049766768E+01
GradDelSqRho =  8.8817841970E-16  3.5527136788E-15 -3.9079850467E-14
HessDelSqRho_EigVals = -9.3568039223E+02  7.5476466618E+00  5.3970933372E+01
HessDelSqRho_EigVec1 =  1.0842719347E-02  7.1300241898E-01 -7.0107773175E-01
HessDelSqRho_EigVec2 =  9.9993036568E-01 -1.0997429680E-02  4.2802248902E-03
HessDelSqRho_EigVec3 =  4.6582423544E-03  7.0107532196E-01  7.1307201159E-01
</CP of DelSqRho>
<CP of DelSqRho>
CP# = 53      
Type = (3,+1)
Coords = -4.92321106734273E-03 -6.20039656419796E-01 -6.27423242980617E-01
DistFromNuc =  8.8211831402E-01
Rho =  1.6553981052E+00
DelSqRho =  1.4051422861E+01
GradDelSqRho =  8.8817841970E-16  3.5527136788E-15  1.7763568394E-14
HessDelSqRho_EigVals = -9.3576859315E+02  7.5440183912E+00  5.3962292256E+01
HessDelSqRho_EigVec1 =  5.5806312475E-03  7.0276729943E-01  7.1139790512E-01
HessDelSqRho_EigVec2 =  9.9991350617E-01 -1.2394341443E-02  4.4000541527E-03
HessDelSqRho_EigVec3 =  1.1909522712E-02  7.1131181851E-01 -7.0277568264E-01
</CP of DelSqRho>
<CP of DelSqRho>
CP# = 54      
Type = (3,-3)
Coords =  9.78123011881090E-03  8.31117019314930E-01  6.08607420672784E-03
DistFromNuc =  8.3119727811E-01
Rho =  1.7470339038E+00
DelSqRho =  2.0448150302E+01
GradDelSqRho = -4.3407499817E-12  6.3309357756E-12  2.7172708528E-14
HessDelSqRho_EigVals = -1.1206953170E+03 -9.2123716016E+01 -3.1777726075E+01
HessDelSqRho_EigVec1 =  1.1770658379E-02  9.9990406845E-01  7.3010616688E-03
HessDelSqRho_EigVec2 = -4.5942677785E-03 -7.2474105658E-03  9.9996318319E-01
HessDelSqRho_EigVec3 =  9.9992016897E-01 -1.1803768053E-02  4.5085202493E-03
</CP of DelSqRho>
<CP of DelSqRho>
CP# = 55      
Type = (3,-3)
Coords = -9.77925468385962E-03 -8.31117888139630E-01 -6.08621046931190E-03
DistFromNuc =  8.3119727934E-01
Rho =  1.7470339041E+00
DelSqRho =  2.0448150162E+01
GradDelSqRho =  4.3414716266E-12 -6.6293637246E-12 -2.6492696925E-14
HessDelSqRho_EigVals = -1.1206953092E+03 -9.2123715461E+01 -3.1777726087E+01
HessDelSqRho_EigVec1 =  1.1770689397E-02  9.9990406804E-01  7.3010671102E-03
HessDelSqRho_EigVec2 = -4.5940334176E-03 -7.2474186342E-03  9.9996318421E-01
HessDelSqRho_EigVec3 =  9.9992016968E-01 -1.1803797396E-02  4.5082855893E-03
</CP of DelSqRho>
<CP of DelSqRho>
CP# = 56      
Type = (3,-1)
Coords =  7.74305747658928E-01  3.79689276009957E-01  6.61079113931362E-03
DistFromNuc =  8.6241277797E-01
Rho =  1.7793469691E+00
DelSqRho =  1.6562127013E+01
GradDelSqRho = -6.7643668444E-12 -3.3333336091E-12  1.0604850331E-12
HessDelSqRho_EigVals = -1.0477968403E+03 -1.4288995124E+01  9.3779442915E+00
HessDelSqRho_EigVec1 =  8.9553627789E-01  4.4492152706E-01  7.7207348694E-03
HessDelSqRho_EigVec2 = -5.2091354997E-03 -6.8674542543E-03  9.9996285080E-01
HessDelSqRho_EigVec3 = -4.4495802038E-01  8.9554322778E-01  3.8323979003E-03
</CP of DelSqRho>
<CP of DelSqRho>
CP# = 57      
Type = (3,-1)
Coords = -7.74303824208208E-01 -3.79689928054866E-01 -6.61080933878516E-03
DistFromNuc =  8.6241277621E-01
Rho =  1.7793470013E+00
DelSqRho =  1.6562126141E+01
GradDelSqRho =  6.8354211180E-12  3.3395508581E-12 -1.0345058143E-12
HessDelSqRho_EigVals = -1.0477968071E+03 -1.4288978556E+01  9.3779370769E+00
HessDelSqRho_EigVec1 =  8.9553641751E-01  4.4492124866E-01  7.7205824523E-03
HessDelSqRho_EigVec2 = -5.2090239610E-03 -6.8673388871E-03  9.9996285217E-01
HessDelSqRho_EigVec3 = -4.4495774066E-01  8.9554336698E-01  3.8323466198E-03
</CP of DelSqRho>
<CP of DelSqRho>
CP# = 58      
Type = (3,-1)
Coords = -7.65173352643797E-01  3.97807488748349E-01 -7.81121589382031E-04
DistFromNuc =  8.6240568486E-01
Rho =  1.7793551273E+00
DelSqRho =  1.6562563892E+01
GradDelSqRho =  4.9737991503E-14 -3.5527136788E-14 -6.6613381478E-16
HessDelSqRho_EigVals = -1.0478027273E+03 -1.4295622702E+01  9.3718793066E+00
HessDelSqRho_EigVec1 =  8.8484870914E-01 -4.6587762697E-01  8.9365543574E-04
HessDelSqRho_EigVec2 = -5.0223838283E-03 -7.6209532912E-03  9.9995834750E-01
HessDelSqRho_EigVec3 =  4.6585141150E-01  8.8481634126E-01  9.0832069418E-03
</CP of DelSqRho>
<CP of DelSqRho>
CP# = 59      
Type = (3,-1)
Coords =  7.65175249244917E-01 -3.97808611640426E-01  7.80802155548110E-04
DistFromNuc =  8.6240568515E-01
Rho =  1.7793550997E+00
DelSqRho =  1.6562564454E+01
GradDelSqRho = -1.6342482922E-13  8.5265128291E-14 -8.8817841970E-16
HessDelSqRho_EigVals = -1.0478027449E+03 -1.4295640035E+01  9.3718909585E+00
HessDelSqRho_EigVec1 =  8.8484853738E-01 -4.6587795358E-01  8.9345556719E-04
HessDelSqRho_EigVec2 = -5.0221562869E-03 -7.6209429188E-03  9.9995834872E-01
HessDelSqRho_EigVec3 =  4.6585174019E-01  8.8481616938E-01  9.0830920886E-03
</CP of DelSqRho>
<CP of DelSqRho>
CP# = 60      
Type = (3,-1)
Coords =  7.59628154411205E-01 -1.18329348400070E-02  4.09132519918361E-01
DistFromNuc =  8.6288057018E-01
Rho =  1.7760663568E+00
DelSqRho =  1.6497686467E+01
GradDelSqRho = -4.9737991503E-14 -1.1102230246E-15  2.1316282073E-14
HessDelSqRho_EigVals = -1.0452547491E+03 -1.3751036808E+01  1.0863663397E+01
HessDelSqRho_EigVec1 =  8.7802259370E-01 -1.3722369903E-02  4.7842242999E-01
HessDelSqRho_EigVec2 =  1.1706848001E-02  9.9990558717E-01  7.1948911114E-03
