 AIMInt (Version 19.02.13, Professional)
 Portions Copyright (c) 1997-2019 by Todd A. Keith
 AIMInt is a component of the AIMAll package ( http://aim.tkgristmill.com )

 TP:  64-bit Linux

 Licensed To:  Research Group of Fernando Cortes Guzman, UNAM, fercor@unam.mx

 AIMInt is a heavily modified and extended version of the PROAIMV program
 developed by members of R.F.W. Bader's research group

 Much of the Quantum Theory of Atoms in Molecules (QTAIM) is described in the book:
   "Atoms in Molecules - A Quantum Theory"
   R.F.W. Bader, Oxford University Press, Oxford, 1990

 For additional references see:  http://aim.tkgristmill.com/references.html

 Current Directory:  /home/scratch/M_H2O_4_tetraedrico/Opt

 Inp File:  V2_tetraedrico_cc-pvtz-def2-tzv_1_atomicfiles/o2.inp
 Wfx File:  V2_tetraedrico_cc-pvtz-def2-tzv_1.wfx
 Out File:  V2_tetraedrico_cc-pvtz-def2-tzv_1_atomicfiles/o2.int

 Wfx Title:   V2_tetraedrico_cc-pvtz-def2-tzv_1                                             
 Job Title:   V2_tetraedrico_cc-pvtz-def2-tzv_1                                             
 
<Atom>
O2      
</Atom>
<Nuclei of Molecule>
    13
V1        23.0          -3.3672515202E-05   5.5287090505E-05  -1.9085634029E-05
O2         8.0           2.0030155269E+00   1.3840631117E+00   2.5350892074E+00
H3         1.0           2.8115089410E+00   4.7678698644E-01   3.9445092238E+00
O4         8.0          -1.9995657973E+00  -2.5557037961E+00   1.3506935460E+00
H5         1.0          -2.7708587388E+00  -3.9782267848E+00   4.3170899390E-01
O6         8.0          -2.0587629348E+00   2.5014901633E+00  -1.3634395019E+00
H7         1.0          -2.8576829812E+00   2.5010056318E+00  -3.0443006304E+00
O8         8.0           2.0551794977E+00  -1.3296278014E+00  -2.5224186681E+00
H9         1.0           2.8848268933E+00  -2.9955466734E+00  -2.5279851588E+00
H10        1.0           2.7831632005E+00   3.0736542532E+00   2.5489034078E+00
H11        1.0          -2.8817883568E+00   3.8968489885E+00  -4.4759854702E-01
H12        1.0          -2.8122900113E+00  -2.5757398487E+00   3.0248138891E+00
H13        1.0           2.8449651804E+00  -4.0182757594E-01  -3.9290088763E+00
</Nuclei of Molecule>
<Total Number of CPs of DelSqRho>
    30
</Total Number of CPs of DelSqRho>
<Number of (3,+3) CPs of DelSqRho>
     5
</Number of (3,+3) CPs of DelSqRho>
<Number of (3,+1) CPs of DelSqRho>
    10
</Number of (3,+1) CPs of DelSqRho>
<Number of (3,-1) CPs of DelSqRho>
    10
</Number of (3,-1) CPs of DelSqRho>
<Number of (3,-3) CPs of DelSqRho>
     5
</Number of (3,-3) CPs of DelSqRho>
<Number of Degenerate CPs of DelSqRho>
     0
</Number of Degenerate CPs of DelSqRho>
<CP of DelSqRho>
CP# = 1       
Type = (3,+3)
Coords =  2.00301582689221E+00  1.38406323080811E+00  2.53508942279181E+00
DistFromNuc =  3.8797211577E-07
Rho =  2.9729494754E+02
DelSqRho = -3.3292505266E+06
GradDelSqRho = -9.9869803307E-06 -1.4501050828E-05  1.2884962416E-05
HessDelSqRho_EigVals =  1.3239642261E+11  1.3239644017E+11  1.3239644829E+11
HessDelSqRho_EigVec1 =  7.5699094336E-01 -3.0288679482E-01 -5.7898557944E-01
HessDelSqRho_EigVec2 =  6.5335174525E-01  3.6415468356E-01  6.6371896418E-01
HessDelSqRho_EigVec3 = -9.8086007482E-03  8.8071048363E-01 -4.7355341344E-01
</CP of DelSqRho>
<CP of DelSqRho>
CP# = 2       
Type = (3,-1)
Coords =  1.09224720982285E+00  8.23709458893918E-01  1.51075489343070E+00
DistFromNuc =  1.4807957086E+00
Rho =  1.4827924063E-01
DelSqRho =  4.5886903384E-01
GradDelSqRho = -4.5796699766E-16 -1.4571677198E-16 -8.0491169285E-16
HessDelSqRho_EigVals = -6.6277848099E-01 -6.0474659442E-01  4.8084420616E+00
HessDelSqRho_EigVec1 = -8.2430472759E-01  2.6207905589E-01  5.0183292492E-01
HessDelSqRho_EigVec2 = -8.5550849716E-03  8.8053400482E-01 -4.7390576792E-01
HessDelSqRho_EigVec3 =  5.6608173137E-01  3.9493598824E-01  7.2358623439E-01
</CP of DelSqRho>
<CP of DelSqRho>
CP# = 3       
Type = (3,+1)
Coords =  2.50226443656201E+00  8.20434700543554E-01  3.40437357254261E+00
DistFromNuc =  1.1500355504E+00
Rho =  4.1447797611E-01
DelSqRho = -9.5863168623E-01
GradDelSqRho = -3.0531133177E-15  2.8865798640E-15 -1.7971735211E-15
HessDelSqRho_EigVals = -3.1324342025E+01  1.4717641029E+01  1.5634802246E+01
HessDelSqRho_EigVec1 =  4.3568790079E-01 -4.8560825209E-01  7.5786587112E-01
HessDelSqRho_EigVec2 = -7.0691276379E-01  3.3659866050E-01  6.2207369832E-01
HessDelSqRho_EigVec3 =  5.5718075837E-01  8.0677504129E-01  1.9663070780E-01
</CP of DelSqRho>
<CP of DelSqRho>
CP# = 4       
Type = (3,+1)
Coords =  2.16103039496813E+00  1.35750498108210E+00  2.48244460832943E+00
DistFromNuc =  1.6865789823E-01
Rho =  2.2484428518E+01
DelSqRho =  1.2296742005E+03
GradDelSqRho =  8.3986151367E-12  1.2590817278E-11  8.2565065895E-12
HessDelSqRho_EigVals = -4.0579301230E+05  2.0912092398E+03  3.5254023683E+03
HessDelSqRho_EigVec1 =  9.3508505103E-01 -1.5976328797E-01 -3.1637262705E-01
HessDelSqRho_EigVec2 =  3.5429127117E-01  4.4572272691E-01  8.2207599764E-01
HessDelSqRho_EigVec3 = -9.6769057034E-03  8.8079903641E-01 -4.7339139722E-01
</CP of DelSqRho>
<CP of DelSqRho>
CP# = 5       
Type = (3,-1)
Coords =  2.10401534731351E+00  1.44907631665185E+00  2.65398634221031E+00
DistFromNuc =  1.6900949436E-01
Rho =  2.2300411882E+01
DelSqRho =  1.2450531416E+03
GradDelSqRho = -3.2329694477E-13  5.8690829974E-12  4.3129944061E-12
HessDelSqRho_EigVals = -4.0165732735E+05 -1.3331366811E+03  1.9263147498E+03
HessDelSqRho_EigVec1 =  5.9644277769E-01  3.8506922205E-01  7.0425684744E-01
HessDelSqRho_EigVec2 =  8.0259723574E-01 -2.7553822284E-01 -5.2907122861E-01
HessDelSqRho_EigVec3 = -9.6793662414E-03  8.8079531219E-01 -4.7339827618E-01
</CP of DelSqRho>
<CP of DelSqRho>
CP# = 6       
Type = (3,-3)
Coords =  1.91272226567950E+00  1.43825691202204E+00  2.40550746902456E+00
DistFromNuc =  1.6697684854E-01
Rho =  2.2713472029E+01
DelSqRho =  1.2980152525E+03
GradDelSqRho = -2.8990143619E-12 -2.1316282073E-13  1.7294610188E-11
HessDelSqRho_EigVals = -4.5118104081E+05 -3.6192705117E+03 -6.2931523340E+02
HessDelSqRho_EigVec1 =  5.4288273529E-01 -3.2134843388E-01  7.7589530206E-01
HessDelSqRho_EigVec2 =  7.1492166170E-01 -3.0792201762E-01 -6.2775078550E-01
HessDelSqRho_EigVec3 =  4.4064197866E-01  8.9549942217E-01  6.2573409146E-02
</CP of DelSqRho>
<CP of DelSqRho>
CP# = 7       
Type = (3,+1)
Coords =  1.93799437423043E+00  1.45704310423858E+00  2.67220325320329E+00
DistFromNuc =  1.6838673092E-01
Rho =  2.2540267985E+01
DelSqRho =  1.2365346917E+03
GradDelSqRho = -5.6274984672E-12  7.2688521868E-12  5.4853899201E-12
HessDelSqRho_EigVals = -4.1213079355E+05  1.7291618536E+03  3.2531808602E+03
HessDelSqRho_EigVec1 = -3.9137009761E-01  4.3231782505E-01  8.1236121574E-01
HessDelSqRho_EigVec2 = -9.2018255158E-01 -1.9312907731E-01 -3.4053668124E-01
HessDelSqRho_EigVec3 = -9.6704946517E-03  8.8079649048E-01 -4.7339626519E-01
</CP of DelSqRho>
<CP of DelSqRho>
CP# = 8       
Type = (3,-1)
Coords =  2.49638391405314E+00  1.63983292671946E+00  3.00098019389220E+00
DistFromNuc =  7.2517927088E-01
Rho =  6.6761867591E-01
DelSqRho = -1.0288378165E+00
GradDelSqRho =  1.2434497876E-14 -8.8817841970E-16  7.1054273576E-15
HessDelSqRho_EigVals = -1.8626750223E+01 -5.4124631566E+00  1.3297853915E+02
HessDelSqRho_EigVec1 = -9.6111704757E-03  8.8080511044E-01 -4.7338143482E-01
HessDelSqRho_EigVec2 = -7.3475045336E-01  3.1488915573E-01  6.0082159656E-01
HessDelSqRho_EigVec3 =  6.7826941306E-01  3.5359182264E-01  6.4414550086E-01
</CP of DelSqRho>
<CP of DelSqRho>
CP# = 9       
Type = (3,+3)
Coords =  1.41219766950626E+00  1.48850994664936E+00  2.74148212912524E+00
DistFromNuc =  6.3448634352E-01
Rho =  9.7438002742E-01
DelSqRho = -4.5824957899E+00
GradDelSqRho = -6.1728400169E-14  2.5535129566E-14  2.5313084961E-14
HessDelSqRho_EigVals =  1.1689641241E+01  2.4593274629E+01  3.5513534739E+02
HessDelSqRho_EigVec1 =  3.7915571204E-01  4.4118517182E-01  8.1338588025E-01
HessDelSqRho_EigVec2 = -9.6178052290E-03  8.8085123134E-01 -4.7329547438E-01
HessDelSqRho_EigVec3 =  9.2528289936E-01 -1.7162969562E-01 -3.3822300887E-01
</CP of DelSqRho>
<CP of DelSqRho>
CP# = 10      
Type = (3,-1)
Coords =  1.84471265876151E+00  1.90218348180131E+00  2.06533816552841E+00
DistFromNuc =  7.1705966092E-01
Rho =  6.7133693774E-01
DelSqRho = -9.9894701060E-01
GradDelSqRho =  6.4448446579E-14  4.2632564146E-14 -4.4408920985E-16
HessDelSqRho_EigVals = -1.5787423349E+01 -1.1783585322E+01  1.4318119036E+02
HessDelSqRho_EigVec1 =  6.2284961010E-01  6.4209355023E-01  4.4696111234E-01
HessDelSqRho_EigVec2 = -7.4294548448E-01  3.0644039562E-01  5.9508511242E-01
HessDelSqRho_EigVec3 = -2.4513337243E-01  7.0271627040E-01 -6.6790678469E-01
</CP of DelSqRho>
<CP of DelSqRho>
CP# = 11      
Type = (3,-1)
Coords =  1.85778798281766E+00  7.03823899655029E-01  2.70930535944833E+00
DistFromNuc =  7.1705487437E-01
Rho =  6.7134468792E-01
DelSqRho = -9.9886244879E-01
GradDelSqRho =  2.5146551508E-14  5.4178883602E-14 -1.3544720900E-14
HessDelSqRho_EigVals = -1.5787938309E+01 -1.1786697469E+01  1.4318311535E+02
HessDelSqRho_EigVec1 =  6.2943992734E-01  2.9026680237E-02  7.7650681240E-01
HessDelSqRho_EigVec2 = -7.4311697132E-01  3.1456453982E-01  5.9061520234E-01
HessDelSqRho_EigVec3 =  2.2711790949E-01  9.4879218068E-01 -2.1956969979E-01
</CP of DelSqRho>
<CP of DelSqRho>
CP# = 12      
Type = (3,+1)
Coords =  1.94481870930514E+00  1.19893079952165E+00  3.20369776193271E+00
DistFromNuc =  6.9620273036E-01
Rho =  7.6961441269E-01
DelSqRho = -2.4779677977E+00
GradDelSqRho = -1.4432899320E-14  4.6851411639E-14 -1.2367884494E-13
HessDelSqRho_EigVals = -1.2675323751E+01  1.3552168541E+01  1.7911055671E+02
HessDelSqRho_EigVec1 =  8.7233100451E-01 -4.8598603337E-01  5.3443371441E-02
HessDelSqRho_EigVec2 =  4.5616606013E-01  8.4835501422E-01  2.6871229119E-01
HessDelSqRho_EigVec3 = -1.7592937265E-01 -2.1002701071E-01  9.6173671585E-01
</CP of DelSqRho>
<CP of DelSqRho>
CP# = 13      
Type = (3,+1)
Coords =  2.51477905480484E+00  1.76584786755829E+00  2.25855140160604E+00
DistFromNuc =  6.9579786308E-01
Rho =  7.6901347325E-01
DelSqRho = -2.4320499635E+00
GradDelSqRho =  1.5987211555E-14  1.4876988530E-14 -9.3258734069E-15
HessDelSqRho_EigVals = -1.2455878753E+01  1.2699243554E+01  1.7795702131E+02
HessDelSqRho_EigVec1 = -1.9689106713E-01  8.2980062904E-01  5.2217317408E-01
HessDelSqRho_EigVec2 =  6.1281157624E-01 -3.1158055439E-01  7.2620901272E-01
HessDelSqRho_EigVec3 =  7.6530770263E-01  4.6297783335E-01 -4.4716400360E-01
</CP of DelSqRho>
<CP of DelSqRho>
CP# = 14      
Type = (3,+1)
Coords =  2.52366337615705E+00  9.51499304664253E-01  2.69617818015062E+00
DistFromNuc =  6.9579830930E-01
Rho =  7.6902234618E-01
DelSqRho = -2.4321562266E+00
GradDelSqRho = -2.3980817332E-14  5.3290705182E-15 -9.9920072216E-15
HessDelSqRho_EigVals = -1.2457099489E+01  1.2700354986E+01  1.7795831739E+02
HessDelSqRho_EigVec1 = -1.8752838133E-01 -2.5666590980E-02  9.8192379150E-01
HessDelSqRho_EigVec2 =  6.0083066468E-01  7.8783596908E-01  1.3534030515E-01
HessDelSqRho_EigVec3 =  7.7706860609E-01 -6.1535007266E-01  1.3232032912E-01
</CP of DelSqRho>
<CP of DelSqRho>
CP# = 15      
Type = (3,+3)
Coords =  2.21857251951633E+00  1.09979210601218E+00  2.00175955310050E+00
DistFromNuc =  6.4165048269E-01
Rho =  9.5199850369E-01
DelSqRho = -4.3841491406E+00
GradDelSqRho =  2.4158453016E-13 -1.6830981053E-13 -3.3839597791E-13
HessDelSqRho_EigVals =  9.2842823310E+00  2.3644966763E+01  3.2156126275E+02
HessDelSqRho_EigVec1 =  9.3371842971E-01  1.7726981289E-01  3.1103907707E-01
HessDelSqRho_EigVec2 = -9.5482342733E-03  8.8082591086E-01 -4.7334400385E-01
HessDelSqRho_EigVec3 = -3.5788088137E-01  4.3900014601E-01  8.2413600003E-01
</CP of DelSqRho>
<CP of DelSqRho>
CP# = 16      
Type = (3,+1)
Coords =  1.93561688720067E+00  2.04275312698528E+00  2.75023534061230E+00
DistFromNuc =  6.9620612712E-01
Rho =  7.6959125875E-01
DelSqRho = -2.4777018615E+00
GradDelSqRho =  3.7747582837E-15 -2.6645352591E-15  1.1129985822E-14
HessDelSqRho_EigVals = -1.2675492353E+01  1.3550040151E+01  1.7910311187E+02
HessDelSqRho_EigVec1 =  8.6343108146E-01  3.2745160681E-01 -3.8374758992E-01
HessDelSqRho_EigVec2 =  4.6805276152E-01 -2.3623280302E-01  8.5154017827E-01
HessDelSqRho_EigVec3 = -1.8818443082E-01  9.1486037622E-01  3.5723537342E-01
</CP of DelSqRho>
<CP of DelSqRho>
CP# = 17      
Type = (3,+1)
Coords =  1.53661996406459E+00  1.15726760778679E+00  2.12250683962563E+00
DistFromNuc =  6.6271051894E-01
Rho =  8.7561545497E-01
DelSqRho = -3.5944296658E+00
GradDelSqRho = -4.7695181138E-12 -2.1698198793E-12 -3.9594993950E-12
HessDelSqRho_EigVals = -6.7896093646E+00  1.9778788498E+01  2.5867800555E+02
HessDelSqRho_EigVec1 =  7.0438176971E-01 -3.3002199088E-01 -6.2843600155E-01
HessDelSqRho_EigVec2 = -9.6104402997E-03  8.8082876677E-01 -4.7333743045E-01
HessDelSqRho_EigVec3 =  7.0975626939E-01  3.3944980361E-01  6.1726806891E-01
</CP of DelSqRho>
<CP of DelSqRho>
CP# = 18      
Type = (3,+3)
Coords =  2.30444263868280E+00  2.04872559156393E+00  2.53428730539160E+00
DistFromNuc =  7.2981857938E-01
Rho =  7.3671848880E-01
DelSqRho = -2.9031211339E+00
GradDelSqRho = -4.4349246497E-12  3.4661162829E-12  4.3953729545E-12
HessDelSqRho_EigVals =  1.0693475752E+01  2.2117690870E+01  1.3230982622E+02
HessDelSqRho_EigVec1 =  7.2781765698E-01 -3.2844314908E-01 -6.0200212293E-01
HessDelSqRho_EigVec2 =  5.5078940881E-01 -2.4301002574E-01  7.9848428571E-01
HessDelSqRho_EigVec3 =  4.0854924468E-01  9.1272735536E-01 -4.0360203521E-03
</CP of DelSqRho>
<CP of DelSqRho>
CP# = 19      
Type = (3,+3)
Coords =  2.31563551123075E+00  1.02183010965613E+00  3.08617145839435E+00
DistFromNuc =  7.2981891569E-01
Rho =  7.3673612925E-01
DelSqRho = -2.9033407772E+00
GradDelSqRho =  1.3045120539E-14 -1.6431300764E-14  2.9309887850E-14
HessDelSqRho_EigVals =  1.0694113234E+01  2.2119696624E+01  1.3231126315E+02
HessDelSqRho_EigVec1 = -7.2763477928E-01  3.0848725580E-01  6.1268527075E-01
HessDelSqRho_EigVec2 =  5.3929261348E-01  8.0923699756E-01  2.3302136989E-01
HessDelSqRho_EigVec3 =  4.2392346601E-01 -4.9997109395E-01  7.5519388251E-01
</CP of DelSqRho>
<CP of DelSqRho>
CP# = 20      
Type = (3,-3)
Coords =  1.69669264294738E+00  2.19645921021165E+00  1.79443489622075E+00
DistFromNuc =  1.1412230013E+00
Rho =  2.4739516035E-01
DelSqRho =  8.4312051101E-01
GradDelSqRho =  8.6042284408E-16  1.8665624602E-15 -1.5265566589E-15
HessDelSqRho_EigVals = -1.7598461394E+01 -1.8206349163E+00 -5.1338669655E-01
HessDelSqRho_EigVec1 = -2.9066426689E-01  6.8691328432E-01 -6.6608139426E-01
HessDelSqRho_EigVec2 =  6.4396854607E-01  6.5531654349E-01  3.9479708648E-01
HessDelSqRho_EigVec3 =  7.0768552029E-01 -3.1418206131E-01 -6.3282765168E-01
</CP of DelSqRho>
<CP of DelSqRho>
CP# = 21      
Type = (3,-3)
Coords =  3.04881386294325E+00  1.63571626022165E+00  2.98208616228550E+00
DistFromNuc =  1.1648303500E+00
Rho =  2.5027541254E-01
DelSqRho =  8.4942642386E-01
GradDelSqRho = -5.1625370645E-15 -7.7715611724E-16 -7.9103390505E-16
HessDelSqRho_EigVals = -1.7161062905E+01 -3.2563242167E+00 -1.2955676889E-01
HessDelSqRho_EigVec1 =  8.9818273515E-01  2.1569070679E-01  3.8307348288E-01
HessDelSqRho_EigVec2 = -9.6252679729E-03  8.8080892094E-01 -4.7337405823E-01
HessDelSqRho_EigVec3 = -4.3951692630E-01  4.2148922144E-01  7.9320344660E-01
</CP of DelSqRho>
<CP of DelSqRho>
CP# = 22      
Type = (3,-3)
Coords =  1.71722370091665E+00  3.13085452648671E-01  2.80654438190623E+00
DistFromNuc =  1.1412090194E+00
Rho =  2.4739629906E-01
DelSqRho =  8.4318931138E-01
GradDelSqRho = -9.0101537342E-14  2.1656287874E-14  1.1397133237E-13
HessDelSqRho_EigVals = -1.7600023999E+01 -1.8203637192E+00 -5.1387731791E-01
HessDelSqRho_EigVec1 =  2.7293192178E-01  9.3931476777E-01 -2.0783631331E-01
HessDelSqRho_EigVec2 =  6.5133352080E-01 -2.1428563392E-02  7.5848893292E-01
HessDelSqRho_EigVec3 =  7.0800622226E-01 -3.4238659981E-01 -6.1765573381E-01
</CP of DelSqRho>
<CP of DelSqRho>
CP# = 23      
Type = (3,+1)
Coords =  1.69227983671383E+00  8.11694599740826E-01  1.47623263664349E+00
DistFromNuc =  1.2431168973E+00
Rho =  2.4279316655E-01
DelSqRho =  4.8946809950E-01
GradDelSqRho = -2.3592239273E-16 -1.2351231149E-15 -2.2482016249E-15
HessDelSqRho_EigVals = -1.0801157106E+01  3.1957345136E-01  5.0984984403E-01
HessDelSqRho_EigVec1 =  2.2069354878E-01  4.6353396453E-01  8.5815535962E-01
HessDelSqRho_EigVec2 =  9.7529911775E-01 -9.6515247610E-02 -1.9868678340E-01
HessDelSqRho_EigVec3 = -9.2729953867E-03  8.8080705646E-01 -4.7338455916E-01
</CP of DelSqRho>
<CP of DelSqRho>
CP# = 24      
Type = (3,-1)
Coords =  2.86453115300742E+00  1.76255170471841E+00  3.22183571854220E+00
DistFromNuc =  1.1649392943E+00
Rho =  2.5258477048E-01
DelSqRho =  8.4732241465E-01
GradDelSqRho = -2.8033131372E-14 -1.1879386363E-14 -1.9872992141E-14
HessDelSqRho_EigVals = -1.6494104022E+01 -4.2636101280E+00  9.3739960435E-02
HessDelSqRho_EigVec1 =  7.3850304562E-01  3.2543394618E-01  5.9051333454E-01
HessDelSqRho_EigVec2 =  9.6263895027E-03 -8.8080728854E-01  4.7337707282E-01
HessDelSqRho_EigVec3 = -6.7418141789E-01  3.4390589864E-01  6.5361161912E-01
</CP of DelSqRho>
<CP of DelSqRho>
CP# = 25      
Type = (3,-1)
Coords =  1.43536645650899E+00  1.15604450664920E+00  3.55596607224445E+00
DistFromNuc =  1.1901292050E+00
Rho =  2.4372170185E-01
DelSqRho =  7.2273465013E-01
GradDelSqRho = -1.7486012638E-15  8.1185058676E-16  1.0269562978E-15
HessDelSqRho_EigVals = -1.7274468958E+01 -1.1630036481E+00  2.8999243515E-01
HessDelSqRho_EigVec1 = -4.9416769437E-01 -1.9034325492E-01  8.4827338467E-01
HessDelSqRho_EigVec2 =  8.2675621145E-01 -4.0462093274E-01  3.9084020726E-01
HessDelSqRho_EigVec3 =  2.6883537093E-01  8.9445589388E-01  3.5731806174E-01
</CP of DelSqRho>
<CP of DelSqRho>
CP# = 26      
Type = (3,+1)
Coords =  2.48470889537713E+00  2.42837125886525E+00  2.54023756650684E+00
DistFromNuc =  1.1500584824E+00
Rho =  4.1444712616E-01
DelSqRho = -9.5840019013E-01
GradDelSqRho =  4.6778414475E-12  5.2187976163E-12 -2.0680401835E-12
HessDelSqRho_EigVals = -3.1316315398E+01  1.4714277085E+01  1.5630863284E+01
HessDelSqRho_EigVec1 =  4.2046357572E-01  9.0726184554E-01  9.2911311623E-03
HessDelSqRho_EigVec2 =  7.0676618683E-01 -3.2108973483E-01 -6.3038316867E-01
HessDelSqRho_EigVec3 =  5.6893931017E-01 -2.7161981852E-01  7.7622853306E-01
</CP of DelSqRho>
<CP of DelSqRho>
CP# = 27      
Type = (3,-3)
Coords =  2.47226888742956E+00  1.89193370745384E+00  3.47054988904678E+00
DistFromNuc =  1.1632789627E+00
Rho =  2.4995775659E-01
DelSqRho =  8.5335025776E-01
GradDelSqRho = -1.5973333767E-14 -2.7061686225E-14 -5.0903725679E-14
HessDelSqRho_EigVals = -1.7193520171E+01 -3.1455803601E+00 -1.8464950751E-01
HessDelSqRho_EigVec1 =  4.0189970858E-01  4.3688922544E-01  8.0473873334E-01
HessDelSqRho_EigVec2 = -9.6217319369E-03  8.8080558214E-01 -4.7338034259E-01
HessDelSqRho_EigVec3 =  9.1563313970E-01 -1.8250844136E-01 -3.5819913779E-01
</CP of DelSqRho>
<CP of DelSqRho>
CP# = 28      
Type = (3,-1)
Coords =  2.78991880478394E+00  5.04788215276769E-01  2.37365916529486E+00
DistFromNuc =  1.1909663181E+00
Rho =  2.4484845002E-01
DelSqRho =  7.0948833685E-01
GradDelSqRho = -1.4673401383E-12  2.3625684742E-12  5.6319532371E-13
HessDelSqRho_EigVals = -1.6832743125E+01 -1.3179669898E+00  3.2410393776E-01
HessDelSqRho_EigVec1 = -6.5258921106E-01  7.4221532694E-01  1.5245894547E-01
HessDelSqRho_EigVec2 =  1.5058966533E-01 -7.0151100440E-02  9.8610424185E-01
HessDelSqRho_EigVec3 = -7.4259684507E-01 -6.6647973079E-01  6.5990106395E-02
</CP of DelSqRho>
<CP of DelSqRho>
CP# = 29      
Type = (3,-1)
Coords =  2.77636218760146E+00  1.74781863661817E+00  1.70563547751721E+00
DistFromNuc =  1.1909561829E+00
Rho =  2.4484852171E-01
DelSqRho =  7.0954419703E-01
GradDelSqRho =  2.5118795932E-15  1.2698175844E-15 -2.3175905639E-15
HessDelSqRho_EigVals = -1.6833993661E+01 -1.3179527073E+00  3.2382591483E-01
HessDelSqRho_EigVec1 = -6.4130273386E-01 -2.9335854150E-01  7.0899334953E-01
HessDelSqRho_EigVec2 =  1.4037020421E-01  8.6357483929E-01  4.8428783044E-01
HessDelSqRho_EigVec3 = -7.5433878948E-01  4.1009665089E-01 -5.1263410696E-01
</CP of DelSqRho>
<CP of DelSqRho>
CP# = 30      
Type = (3,-1)
Coords =  1.42232172885827E+00  2.35154417196383E+00  2.91346099698266E+00
DistFromNuc =  1.1901218846E+00
Rho =  2.4372029897E-01
DelSqRho =  7.2276437141E-01
GradDelSqRho = -2.5257573810E-15  3.7331249203E-15  1.5543122345E-15
HessDelSqRho_EigVals = -1.7274745887E+01 -1.1631344832E+00  2.8984421325E-01
HessDelSqRho_EigVec1 = -5.0501504393E-01  8.0401844625E-01  3.1386962819E-01
HessDelSqRho_EigVec2 = -8.1619745499E-01 -5.6312707664E-01  1.2926565674E-01
HessDelSqRho_EigVec3 =  2.8068045865E-01 -1.9089849041E-01  9.4062545494E-01
</CP of DelSqRho>
<Path of -GradDelSqRho>
Starting CP# =      3
Ending CP# =      0
Number of Points =     30
  2.5022644366E+00  8.2043470054E-01  3.4043735725E+00  4.1447797611E-01 -9.5863168623E-01
  2.5131584532E+00  8.0830007979E-01  3.4233227510E+00  4.0420533472E-01 -9.6838626456E-01
  2.5240560541E+00  7.9617691181E-01  3.4422771985E+00  3.9494603356E-01 -9.9756753520E-01
  2.5349568582E+00  7.8406479787E-01  3.4612368703E+00  3.8667221833E-01 -1.0461793498E+00
  2.5458603731E+00  7.7196305770E-01  3.4802016069E+00  3.7935158087E-01 -1.1143771678E+00
  2.5567660466E+00  7.5987078797E-01  3.4991711428E+00  3.7294746355E-01 -1.2023937928E+00
  2.5676733286E+00  7.4778693947E-01  3.5181451196E+00  3.6741885713E-01 -1.3103837559E+00
  2.5785817429E+00  7.3571040825E-01  3.5371231039E+00  3.6272039786E-01 -1.4381561869E+00
  2.5894909688E+00  7.2364013723E-01  3.5561046039E+00  3.5880255205E-01 -1.5847671724E+00
  2.6004009388E+00  7.1157522704E-01  3.5750890843E+00  3.5561228979E-01 -1.7479695392E+00
  2.6113119609E+00  6.9951506009E-01  3.5940759737E+00  3.5309468540E-01 -1.9235948495E+00
  2.6222248868E+00  6.8745945029E-01  3.6130646629E+00  3.5119600133E-01 -2.1050924018E+00
  2.6331413417E+00  6.7540883675E-01  3.6320544949E+00  3.4986883172E-01 -2.2836739519E+00
  2.6440639270E+00  6.6336448999E-01  3.6510447775E+00  3.4907966410E-01 -2.4497552061E+00
  2.6549956502E+00  6.5132830800E-01  3.6700349785E+00  3.4881859951E-01 -2.5965042461E+00
  2.6659354624E+00  6.3930018190E-01  3.6890256259E+00  3.4910983618E-01 -2.7260842620E+00
  2.6768674476E+00  6.2727062490E-01  3.7080198725E+00  3.5001994354E-01 -2.8584051888E+00
  2.6877672653E+00  6.1522314364E-01  3.7270212408E+00  3.5165930371E-01 -3.0408423114E+00
  2.6986321841E+00  6.0315393523E-01  3.7460288089E+00  3.5417090954E-01 -3.3557251854E+00
  2.7094746358E+00  5.9106986036E-01  3.7650397621E+00  3.5770104263E-01 -3.9210415980E+00
  2.7203045893E+00  5.7897707515E-01  3.7840523012E+00  3.6234921022E-01 -4.8794229961E+00
  2.7311273997E+00  5.6687904771E-01  3.8030655729E+00  3.6810003666E-01 -6.3716104413E+00
  2.7419457853E+00  5.5477759354E-01  3.8220791822E+00  3.7474744650E-01 -8.4937466624E+00
  2.7527611663E+00  5.4267368048E-01  3.8410929357E+00  3.8183010571E-01 -1.1243692835E+01
  2.7635743151E+00  5.3056783637E-01  3.8601067294E+00  3.8860382820E-01 -1.4470312369E+01
  2.7743856615E+00  5.1846034061E-01  3.8791204964E+00  3.9407711033E-01 -1.7848771744E+01
  2.7851954364E+00  5.0635130186E-01  3.8981341743E+00  3.9712533426E-01 -2.0907403269E+01
  2.7960037262E+00  4.9424063891E-01  3.9171476620E+00  3.9667575075E-01 -2.3119044420E+01
  2.8068103604E+00  4.8212763155E-01  3.9361605973E+00  3.9192478138E-01 -2.4040663204E+01
  2.8078908413E+00  4.8091590415E-01  3.9380617226E+00  3.9119507755E-01 -2.4050908420E+01
</Path of -GradDelSqRho>
<Path of -GradDelSqRho>
Starting CP# =      3
Ending CP# =     19
Number of Points =     17
  2.5022644366E+00  8.2043470054E-01  3.4043735725E+00  4.1447797611E-01 -9.5863168623E-01
  2.4913741031E+00  8.3258046546E-01  3.3854294173E+00  4.2578709646E-01 -9.6846655352E-01
  2.4804876248E+00  8.4473751347E-01  3.3664902842E+00  4.3815069578E-01 -9.9818928931E-01
  2.4696048440E+00  8.5690525198E-01  3.3475558920E+00  4.5158105558E-01 -1.0481641802E+00
  2.4587253786E+00  8.6908275270E-01  3.3286258709E+00  4.6608405746E-01 -1.1187164004E+00
  2.4478486066E+00  8.8126875982E-01  3.3096997763E+00  4.8165845792E-01 -1.2099945665E+00
  2.4369736464E+00  8.9346169109E-01  3.2907771004E+00  4.9829520643E-01 -1.3218041716E+00
  2.4260993252E+00  9.0565961979E-01  3.2718572783E+00  5.1597691305E-01 -1.4534169189E+00
  2.4152241253E+00  9.1786022464E-01  3.2529396867E+00  5.3467759168E-01 -1.6033631436E+00
  2.4043460926E+00  9.3006068909E-01  3.2340236335E+00  5.5436282129E-01 -1.7692166385E+00
  2.3934626786E+00  9.4225751765E-01  3.2151083311E+00  5.7499048038E-01 -1.9473825964E+00
  2.3825704605E+00  9.5444620332E-01  3.1961928478E+00  5.9651221766E-01 -2.1328989821E+00
  2.3716646084E+00  9.6662059402E-01  3.1772760154E+00  6.1887582457E-01 -2.3192574986E+00
  2.3607377621E+00  9.7877155815E-01  3.1583562381E+00  6.4202867098E-01 -2.4982387619E+00
  2.3497772556E+00  9.9088369598E-01  3.1394310421E+00  6.6592234450E-01 -2.6597307350E+00
  2.3387563528E+00  1.0029249567E+00  3.1204957222E+00  6.9051849571E-01 -2.7914488926E+00
  2.3156355112E+00  1.0218301097E+00  3.0861714584E+00  7.3673612925E-01 -2.9033407772E+00
</Path of -GradDelSqRho>
<Path of -GradDelSqRho>
Starting CP# =      4
Ending CP# =     15
Number of Points =     41
  2.1610303950E+00  1.3575049811E+00  2.4824446083E+00  2.2484428518E+01  1.2296742005E+03
  2.1843971575E+00  1.3534978891E+00  2.4745113000E+00  1.5589243012E+01  1.1484302620E+03
  2.2077538822E+00  1.3494782272E+00  2.4665548107E+00  1.0912823264E+01  9.7924229220E+02
  2.2311081252E+00  1.3454554659E+00  2.4585926050E+00  7.7508182720E+00  7.7160198022E+02
  2.2544562905E+00  1.3414251259E+00  2.4506164229E+00  5.6207401435E+00  5.7148766953E+02
  2.2777923055E+00  1.3373796805E+00  2.4426123851E+00  4.1865774178E+00  4.0772458488E+02
  2.3011095022E+00  1.3333109596E+00  2.4345654271E+00  3.2183369373E+00  2.8541802012E+02
  2.3244010814E+00  1.3292107829E+00  2.4264604680E+00  2.5615753513E+00  1.9741451568E+02
  2.3476606098E+00  1.3250716146E+00  2.4182836190E+00  2.1132060119E+00  1.3453746264E+02
  2.3708817000E+00  1.3208862049E+00  2.4100215219E+00  1.8040728281E+00  8.9616737018E+01
  2.3940564463E+00  1.3166457770E+00  2.4016580088E+00  1.5874590688E+00  5.7778894817E+01
  2.4171730801E+00  1.3123374543E+00  2.3931693629E+00  1.4317788191E+00  3.5657547621E+01
  2.4402130358E+00  1.3079413273E+00  2.3845189217E+00  1.3158457434E+00  2.0729571752E+01
  2.4631466128E+00  1.3034265510E+00  2.3756499043E+00  1.2256635957E+00  1.0996496761E+01
  2.4859252221E+00  1.2987450188E+00  2.3664738013E+00  1.1521631419E+00  4.8789048450E+00
  2.5084657484E+00  1.2938199229E+00  2.3568494100E+00  1.0895940450E+00  1.1770961754E+00
  2.5306149825E+00  1.2885230714E+00  2.3465413631E+00  1.0344161783E+00 -9.7289997006E-01
  2.5520535822E+00  1.2826237649E+00  2.3351269793E+00  9.8461760761E-01 -2.1607090735E+00
  2.5719623306E+00  1.2756542715E+00  2.3217528186E+00  9.3958411793E-01 -2.7706698509E+00
  2.5874624266E+00  1.2665931599E+00  2.3045774774E+00  9.0188078096E-01 -3.0504717859E+00
  2.5900557215E+00  1.2550773772E+00  2.2830996079E+00  8.8361642281E-01 -3.1825679039E+00
  2.5805556949E+00  1.2440904285E+00  2.2628534584E+00  8.8488895214E-01 -3.2862977104E+00
  2.5674166050E+00  1.2339127917E+00  2.2441877323E+00  8.9152100939E-01 -3.3865689120E+00
  2.5530412966E+00  1.2241075246E+00  2.2262402488E+00  8.9894702335E-01 -3.4844148831E+00
  2.5379037208E+00  1.2145593472E+00  2.2087867610E+00  9.0620216426E-01 -3.5793799318E+00
  2.5221072318E+00  1.2052512396E+00  2.1917934176E+00  9.1306803187E-01 -3.6709349955E+00
  2.5056846877E+00  1.1961876717E+00  2.1752677882E+00  9.1947737819E-01 -3.7585630574E+00
  2.4886563108E+00  1.1873772862E+00  2.1592254608E+00  9.2539432944E-01 -3.8417737444E+00
  2.4710402761E+00  1.1788294615E+00  2.1436834303E+00  9.3079202533E-01 -3.9201115011E+00
  2.4528545452E+00  1.1705537051E+00  2.1286589327E+00  9.3564897821E-01 -3.9931623907E+00
  2.4341172247E+00  1.1625595584E+00  2.1141692603E+00  9.3994864566E-01 -4.0605600525E+00
  2.4148467029E+00  1.1548565789E+00  2.1002317261E+00  9.4367944144E-01 -4.1219907826E+00
  2.3950617514E+00  1.1474543294E+00  2.0868636423E+00  9.4683474829E-01 -4.1771976434E+00
  2.3747816160E+00  1.1403623647E+00  2.0740822948E+00  9.4941287682E-01 -4.2259835308E+00
  2.3540260992E+00  1.1335902159E+00  2.0619049150E+00  9.5141696804E-01 -4.2682131529E+00
  2.3328156344E+00  1.1271473728E+00  2.0503486483E+00  9.5285484340E-01 -4.3038139132E+00
  2.3111713535E+00  1.1210432630E+00  2.0394305205E+00  9.5373880668E-01 -4.3327757164E+00
  2.2891151472E+00  1.1152872291E+00  2.0291674038E+00  9.5408540205E-01 -4.3551497481E+00
  2.2666697211E+00  1.1098885001E+00  2.0195759807E+00  9.5391513313E-01 -4.3710463034E+00
  2.2438586467E+00  1.1048561545E+00  2.0106727085E+00  9.5325214785E-01 -4.3806317626E+00
  2.2185725195E+00  1.0997921060E+00  2.0017595531E+00  9.5199850369E-01 -4.3841491406E+00
</Path of -GradDelSqRho>
<Path of -GradDelSqRho>
Starting CP# =      4
Ending CP# =      1
Number of Points =      7
  2.1610303950E+00  1.3575049811E+00  2.4824446083E+00  2.2484428518E+01  1.2296742005E+03
  2.1376407644E+00  1.3614832860E+00  2.4903248265E+00  3.2684828610E+01  9.8165468042E+02
  2.1142315918E+00  1.3654368252E+00  2.4981593686E+00  4.7880300814E+01 -7.7623969700E+02
  2.0908138060E+00  1.3693793948E+00  2.5059736782E+00  7.0449226749E+01 -6.3300778731E+03
  2.0673898979E+00  1.3733141439E+00  2.5137735634E+00  1.0393769966E+02 -2.0419157778E+04
  2.0439557804E+00  1.3772358179E+00  2.5215493319E+00  1.5417933222E+02 -7.4587165025E+04
  2.0030158269E+00  1.3840632308E+00  2.5350894228E+00  2.9729494754E+02 -3.3292505266E+06
</Path of -GradDelSqRho>
<Path of -GradDelSqRho>
Starting CP# =      7
Ending CP# =      9
Number of Points =     38
  1.9379943742E+00  1.4570431042E+00  2.6722032532E+00  2.2540267985E+01  1.2365346917E+03
  1.9281799607E+00  1.4678447046E+00  2.6925010957E+00  1.5622487841E+01  1.1543741077E+03
  1.9183358282E+00  1.4786400374E+00  2.7127878853E+00  1.0932620012E+01  9.8412078255E+02
  1.9084842918E+00  1.4894338048E+00  2.7330719137E+00  7.7628688938E+00  7.7548962071E+02
  1.8986153919E+00  1.5002238951E+00  2.7533494555E+00  5.6286997736E+00  5.7435921761E+02
  1.8887119305E+00  1.5110066438E+00  2.7736140451E+00  4.1927371101E+00  4.0967766746E+02
  1.8787552106E+00  1.5217780219E+00  2.7938585691E+00  3.2240534511E+00  2.8664547092E+02
  1.8687265287E+00  1.5325339258E+00  2.8140757752E+00  2.5675881549E+00  1.9811253089E+02
  1.8586086728E+00  1.5432704774E+00  2.8342588005E+00  2.1198634445E+00  1.3486270265E+02
  1.8483850964E+00  1.5539838303E+00  2.8544008273E+00  1.8114829132E+00  8.9684606774E+01
  1.8380357668E+00  1.5646692240E+00  2.8744934086E+00  1.5955871944E+00  5.7674505207E+01
  1.8275312722E+00  1.5753195672E+00  2.8945239531E+00  1.4405117926E+00  3.5444898738E+01
  1.8168261030E+00  1.5859236647E+00  2.9144725635E+00  1.3250349204E+00  2.0456530487E+01
  1.8058496889E+00  1.5964635889E+00  2.9343073295E+00  1.2351544114E+00  1.0697456545E+01
  1.7944918008E+00  1.6069099546E+00  2.9539758363E+00  1.1618158317E+00  4.5769374414E+00
  1.7825759799E+00  1.6172123071E+00  2.9733878248E+00  1.0993003924E+00  8.8624122214E-01
  1.7698064787E+00  1.6272769706E+00  2.9923750660E+00  1.0441209131E+00 -1.2453485759E+00
  1.7556484877E+00  1.6369061426E+00  3.0105804991E+00  9.9437022498E-01 -2.4123314353E+00
  1.7390242206E+00  1.6455823830E+00  3.0270634965E+00  9.4973999204E-01 -3.0031000657E+00
  1.7178638380E+00  1.6515149171E+00  3.0385346981E+00  9.1406533099E-01 -3.2716037924E+00
  1.6933129560E+00  1.6507759886E+00  3.0376629848E+00  9.0002663007E-01 -3.4084737737E+00
  1.6711367971E+00  1.6451819685E+00  3.0277096396E+00  9.0319060197E-01 -3.5227536724E+00
  1.6507193994E+00  1.6381830773E+00  3.0151064607E+00  9.1073897134E-01 -3.6330009601E+00
  1.6311283224E+00  1.6306650555E+00  3.0015204523E+00  9.1888734696E-01 -3.7397531979E+00
  1.6121251723E+00  1.6228134742E+00  2.9873017152E+00  9.2677925375E-01 -3.8424171663E+00
  1.5936721143E+00  1.6146718920E+00  2.9725320208E+00  9.3420477057E-01 -3.9403475302E+00
  1.5757766757E+00  1.6062555028E+00  2.9572394355E+00  9.4109304197E-01 -4.0329249707E+00
  1.5584554692E+00  1.5975742444E+00  2.9414420573E+00  9.4740390846E-01 -4.1195728747E+00
  1.5417267658E+00  1.5886371855E+00  2.9251563293E+00  9.5310689765E-01 -4.1997675425E+00
  1.5256091547E+00  1.5794533060E+00  2.9083985192E+00  9.5817778073E-01 -4.2730466801E+00
  1.5101213164E+00  1.5700316604E+00  2.8911850261E+00  9.6259819657E-01 -4.3390166604E+00
  1.4952819637E+00  1.5603814453E+00  2.8735325078E+00  9.6635567981E-01 -4.3973584887E+00
  1.4811097992E+00  1.5505120504E+00  2.8554579753E+00  9.6944367719E-01 -4.4478323555E+00
  1.4676234735E+00  1.5404331020E+00  2.8369788748E+00  9.7186150177E-01 -4.4902806964E+00
  1.4548415426E+00  1.5301545003E+00  2.8181131582E+00  9.7361422315E-01 -4.5246297204E+00
  1.4427824260E+00  1.5196864507E+00  2.7988793444E+00  9.7471249662E-01 -4.5508894138E+00
  1.4314643662E+00  1.5090394903E+00  2.7792965735E+00  9.7517233430E-01 -4.5691520666E+00
  1.4121976695E+00  1.4885099466E+00  2.7414821291E+00  9.7438002742E-01 -4.5824957899E+00
</Path of -GradDelSqRho>
<Path of -GradDelSqRho>
Starting CP# =      7
Ending CP# =      1
Number of Points =      7
  1.9379943742E+00  1.4570431042E+00  2.6722032532E+00  2.2540267985E+01  1.2365346917E+03
  1.9477425772E+00  1.4462276127E+00  2.6518809218E+00  3.2778403605E+01  9.8433452028E+02
  1.9574345086E+00  1.4354003928E+00  2.6315379222E+00  4.8035075814E+01 -7.9758354304E+02
  1.9671016059E+00  1.4245680217E+00  2.6111858475E+00  7.0697853462E+01 -6.3991089784E+03
  1.9767506473E+00  1.4137319162E+00  2.5908271950E+00  1.0433606237E+02 -2.0675489687E+04
  1.9863698103E+00  1.4028896469E+00  2.5704576869E+00  1.5480017334E+02 -7.5456644837E+04
  2.0030158269E+00  1.3840632308E+00  2.5350894228E+00  2.9729494754E+02 -3.3292505266E+06
</Path of -GradDelSqRho>
<Path of -GradDelSqRho>
Starting CP# =     12
Ending CP# =     19
Number of Points =     18
  1.9448187093E+00  1.1989307995E+00  3.2036977619E+00  7.6961441269E-01 -2.4779677977E+00
  1.9651461876E+00  1.1876956630E+00  3.2045526054E+00  7.6552730331E-01 -2.4813210081E+00
  1.9871091640E+00  1.1757560271E+00  3.2046033896E+00  7.6154054376E-01 -2.4920479413E+00
  2.0091457812E+00  1.1639834410E+00  3.2037529371E+00  7.5795901354E-01 -2.5094876128E+00
  2.0312265330E+00  1.1523948032E+00  3.2019999702E+00  7.5475985087E-01 -2.5328397287E+00
  2.0533213358E+00  1.1410068395E+00  3.1993425019E+00  7.5191751231E-01 -2.5611964699E+00
  2.0753992780E+00  1.1298362424E+00  3.1957775117E+00  7.4940458181E-01 -2.5935579461E+00
  2.0974282838E+00  1.1188998047E+00  3.1913006317E+00  7.4719267412E-01 -2.6288507321E+00
  2.1193746818E+00  1.1082145354E+00  3.1859058558E+00  7.4525343860E-01 -2.6659491818E+00
  2.1412026615E+00  1.0977977324E+00  3.1795852854E+00  7.4355965901E-01 -2.7036991373E+00
  2.1628736006E+00  1.0876669668E+00  3.1723289459E+00  7.4208642727E-01 -2.7409435841E+00
  2.1843452438E+00  1.0778398948E+00  3.1641247252E+00  7.4081233895E-01 -2.7765497543E+00
  2.2055707143E+00  1.0683337537E+00  3.1549585153E+00  7.3972061216E-01 -2.8094371161E+00
  2.2264973337E+00  1.0591642813E+00  3.1448146567E+00  7.3879996631E-01 -2.8386055919E+00
  2.2470651831E+00  1.0503435914E+00  3.1336767747E+00  7.3804501801E-01 -2.8631632109E+00
  2.2672051406E+00  1.0418760860E+00  3.1215289729E+00  7.3745588327E-01 -2.8823522117E+00
  2.2868353025E+00  1.0337502231E+00  3.1083568784E+00  7.3703668962E-01 -2.8955724342E+00
  2.3156355112E+00  1.0218301097E+00  3.0861714584E+00  7.3673612925E-01 -2.9033407772E+00
</Path of -GradDelSqRho>
<Path of -GradDelSqRho>
Starting CP# =     12
Ending CP# =      9
Number of Points =     33
  1.9448187093E+00  1.1989307995E+00  3.2036977619E+00  7.6961441269E-01 -2.4779677977E+00
  1.9245735401E+00  1.2102989990E+00  3.2020655710E+00  7.7408419229E-01 -2.4814640716E+00
  1.9029812162E+00  1.2226211133E+00  3.1994451353E+00  7.7931900529E-01 -2.4932546929E+00
  1.8815733925E+00  1.2350414167E+00  3.1959279581E+00  7.8500963265E-01 -2.5136586188E+00
  1.8603781082E+00  1.2475405936E+00  3.1915166507E+00  7.9115685792E-01 -2.5428393349E+00
  1.8394229531E+00  1.2600985992E+00  3.1862150579E+00  7.9775542989E-01 -2.5808258130E+00
  1.8187348973E+00  1.2726946316E+00  3.1800285327E+00  8.0479367253E-01 -2.6275165583E+00
  1.7983400786E+00  1.2853071185E+00  3.1729641644E+00  8.1225315358E-01 -2.6826850517E+00
  1.7782635600E+00  1.2979137187E+00  3.1650309482E+00  8.2010842337E-01 -2.7459861314E+00
  1.7585290698E+00  1.3104913297E+00  3.1562398860E+00  8.2832683990E-01 -2.8169629311E+00
  1.7391587381E+00  1.3230160942E+00  3.1466040063E+00  8.3686849934E-01 -2.8950540931E+00
  1.7201728472E+00  1.3354633934E+00  3.1361383013E+00  8.4568629426E-01 -2.9796010940E+00
  1.7015896084E+00  1.3478078120E+00  3.1248595755E+00  8.5472612229E-01 -3.0698556545E+00
  1.6834249820E+00  1.3600230590E+00  3.1127862123E+00  8.6392726677E-01 -3.1649873250E+00
  1.6656925484E+00  1.3720818246E+00  3.0999378675E+00  8.7322296673E-01 -3.2640914454E+00
  1.6484034358E+00  1.3839555501E+00  3.0863351026E+00  8.8254118617E-01 -3.3661977515E+00
  1.6315663040E+00  1.3956140879E+00  3.0719989810E+00  8.9180558281E-01 -3.4702799313E+00
  1.6151873734E+00  1.4070252179E+00  3.0569506464E+00  9.0093666384E-01 -3.5752664320E+00
  1.5992704835E+00  1.4181539857E+00  3.0412109130E+00  9.0985310365E-01 -3.6800527672E+00
  1.5838171558E+00  1.4289618097E+00  3.0247998907E+00  9.1847318649E-01 -3.7835154980E+00
  1.5688266330E+00  1.4394052867E+00  3.0077366725E+00  9.2671632895E-01 -3.8845279635E+00
  1.5542958599E+00  1.4494345898E+00  2.9900391149E+00  9.3450463380E-01 -3.9819777410E+00
  1.5402193755E+00  1.4589913012E+00  2.9717237437E+00  9.4176443075E-01 -4.0747857348E+00
  1.5265890857E+00  1.4680054348E+00  2.9528058479E+00  9.4842777031E-01 -4.1619267509E+00
  1.5133938972E+00  1.4763912705E+00  2.9332998671E+00  9.5443385394E-01 -4.2424514254E+00
  1.5006192172E+00  1.4840414080E+00  2.9132202942E+00  9.5973040725E-01 -4.3155094564E+00
  1.4882463737E+00  1.4908181178E+00  2.8925835424E+00  9.6427503082E-01 -4.3803742534E+00
  1.4762521513E+00  1.4965405722E+00  2.8714117182E+00  9.6803659795E-01 -4.4364693436E+00
  1.4646089731E+00  1.5009659187E+00  2.8497402821E+00  9.7099681013E-01 -4.4833970577E+00
  1.4532871058E+00  1.5037618494E+00  2.8276337546E+00  9.7315206615E-01 -4.5209697079E+00
  1.4422622527E+00  1.5044704212E+00  2.8052178176E+00  9.7451580876E-01 -4.5492411859E+00
  1.4315358723E+00  1.5024752658E+00  2.7827417541E+00  9.7512129312E-01 -4.5685283034E+00
  1.4121976695E+00  1.4885099466E+00  2.7414821291E+00  9.7438002742E-01 -4.5824957899E+00
</Path of -GradDelSqRho>
<Path of -GradDelSqRho>
Starting CP# =     13
Ending CP# =     18
Number of Points =     19
  2.5147790548E+00  1.7658478676E+00  2.2585514016E+00  7.6901347325E-01 -2.4320499635E+00
  2.5098994053E+00  1.7848943824E+00  2.2707884792E+00  7.6505056464E-01 -2.4353340204E+00
  2.5039162694E+00  1.8050511663E+00  2.2843102001E+00  7.6116014289E-01 -2.4459482797E+00
  2.4971986110E+00  1.8247623698E+00  2.2981403182E+00  7.5765667374E-01 -2.4633340104E+00
  2.4897549373E+00  1.8440002346E+00  2.3122621647E+00  7.5452098015E-01 -2.4867890431E+00
  2.4815931597E+00  1.8627367577E+00  2.3266586121E+00  7.5173086532E-01 -2.5154982899E+00
  2.4727203815E+00  1.8809433485E+00  2.3413120235E+00  7.4926183407E-01 -2.5485464596E+00
  2.4631426929E+00  1.8985904516E+00  2.3562041294E+00  7.4708790266E-01 -2.5849339872E+00
  2.4528649797E+00  1.9156471397E+00  2.3713158228E+00  7.4518250628E-01 -2.6235959542E+00
