 AIMInt (Version 19.02.13, Professional)
 Portions Copyright (c) 1997-2019 by Todd A. Keith
 AIMInt is a component of the AIMAll package ( http://aim.tkgristmill.com )

 TP:  64-bit Linux

 Licensed To:  Research Group of Fernando Cortes Guzman, UNAM, fercor@unam.mx

 AIMInt is a heavily modified and extended version of the PROAIMV program
 developed by members of R.F.W. Bader's research group

 Much of the Quantum Theory of Atoms in Molecules (QTAIM) is described in the book:
   "Atoms in Molecules - A Quantum Theory"
   R.F.W. Bader, Oxford University Press, Oxford, 1990

 For additional references see:  http://aim.tkgristmill.com/references.html

 Current Directory:  /home/scratch/M_H2O_4_tetraedrico/Opt

 Inp File:  V2_tetraedrico_cc-pvtz-def2-tzv_1_atomicfiles/o4.inp
 Wfx File:  V2_tetraedrico_cc-pvtz-def2-tzv_1.wfx
 Out File:  V2_tetraedrico_cc-pvtz-def2-tzv_1_atomicfiles/o4.int

 Wfx Title:   V2_tetraedrico_cc-pvtz-def2-tzv_1                                             
 Job Title:   V2_tetraedrico_cc-pvtz-def2-tzv_1                                             
 
<Atom>
O4      
</Atom>
<Nuclei of Molecule>
    13
V1        23.0          -3.3672515202E-05   5.5287090505E-05  -1.9085634029E-05
O2         8.0           2.0030155269E+00   1.3840631117E+00   2.5350892074E+00
H3         1.0           2.8115089410E+00   4.7678698644E-01   3.9445092238E+00
O4         8.0          -1.9995657973E+00  -2.5557037961E+00   1.3506935460E+00
H5         1.0          -2.7708587388E+00  -3.9782267848E+00   4.3170899390E-01
O6         8.0          -2.0587629348E+00   2.5014901633E+00  -1.3634395019E+00
H7         1.0          -2.8576829812E+00   2.5010056318E+00  -3.0443006304E+00
O8         8.0           2.0551794977E+00  -1.3296278014E+00  -2.5224186681E+00
H9         1.0           2.8848268933E+00  -2.9955466734E+00  -2.5279851588E+00
H10        1.0           2.7831632005E+00   3.0736542532E+00   2.5489034078E+00
H11        1.0          -2.8817883568E+00   3.8968489885E+00  -4.4759854702E-01
H12        1.0          -2.8122900113E+00  -2.5757398487E+00   3.0248138891E+00
H13        1.0           2.8449651804E+00  -4.0182757594E-01  -3.9290088763E+00
</Nuclei of Molecule>
<Total Number of CPs of DelSqRho>
    32
</Total Number of CPs of DelSqRho>
<Number of (3,+3) CPs of DelSqRho>
     5
</Number of (3,+3) CPs of DelSqRho>
<Number of (3,+1) CPs of DelSqRho>
    10
</Number of (3,+1) CPs of DelSqRho>
<Number of (3,-1) CPs of DelSqRho>
    11
</Number of (3,-1) CPs of DelSqRho>
<Number of (3,-3) CPs of DelSqRho>
     6
</Number of (3,-3) CPs of DelSqRho>
<Number of Degenerate CPs of DelSqRho>
     0
</Number of Degenerate CPs of DelSqRho>
<CP of DelSqRho>
CP# = 1       
Type = (3,+3)
Coords = -1.99956609620846E+00 -2.55570401538013E+00  1.35069365986987E+00
DistFromNuc =  3.8784296396E-07
Rho =  2.9729471487E+02
DelSqRho = -3.3292481100E+06
GradDelSqRho = -1.9513104235E-06  2.1514447326E-05 -1.2347702523E-05
HessDelSqRho_EigVals =  1.3239632804E+11  1.3239634560E+11  1.3239635372E+11
HessDelSqRho_EigVec1 =  7.5841999147E-01 -5.6812461825E-01  3.1942688471E-01
HessDelSqRho_EigVec2 =  6.5162231496E-01  6.7124140510E-01 -3.5330345983E-01
HessDelSqRho_EigVec3 = -1.3692157676E-02  4.7609809306E-01  8.7928557966E-01
</CP of DelSqRho>
<CP of DelSqRho>
CP# = 2       
Type = (3,-1)
Coords = -1.09043119528286E+00 -1.52192501170393E+00  8.05281512630068E-01
DistFromNuc =  1.4807763456E+00
Rho =  1.4828329608E-01
DelSqRho =  4.5887853928E-01
GradDelSqRho =  1.3183898417E-15  1.4016565686E-15 -5.2041704279E-16
HessDelSqRho_EigVals = -6.6267445413E-01 -6.0469855223E-01  4.8084602319E+00
HessDelSqRho_EigVec1 = -8.2489437272E-01  4.9155951964E-01 -2.7913887673E-01
HessDelSqRho_EigVec2 =  1.4140791591E-02 -4.7570221132E-01 -8.7949271979E-01
HessDelSqRho_EigVec3 =  5.6510999979E-01  7.2943584009E-01 -3.8545303648E-01
</CP of DelSqRho>
<CP of DelSqRho>
CP# = 3       
Type = (3,+1)
Coords = -2.47582323859639E+00 -3.43310690817485E+00  7.79838937167973E-01
DistFromNuc =  1.1500140677E+00
Rho =  4.1451709181E-01
DelSqRho = -9.5895109301E-01
GradDelSqRho = -4.1633363423E-16  4.6230380635E-15  5.6066262744E-15
HessDelSqRho_EigVals = -3.1333773020E+01  1.4721903738E+01  1.5640117249E+01
HessDelSqRho_EigVec1 =  4.1572994062E-01  7.6495487590E-01  4.9194781666E-01
HessDelSqRho_EigVec2 =  7.0864229266E-01 -6.1149533895E-01  3.5199368104E-01
HessDelSqRho_EigVec3 = -5.7008307949E-01 -2.0228071655E-01  7.9629629799E-01
</CP of DelSqRho>
<CP of DelSqRho>
CP# = 4       
Type = (3,+1)
Coords = -1.93411350207876E+00 -2.69172414922428E+00  1.42531808830344E+00
DistFromNuc =  1.6838753434E-01
Rho =  2.2540132194E+01
DelSqRho =  1.2365054252E+03
GradDelSqRho = -2.5920599001E-11 -1.4864554032E-11 -1.7280399334E-11
HessDelSqRho_EigVals = -4.1211007623E+05  1.7311231319E+03  3.2547416839E+03
HessDelSqRho_EigVec1 = -3.9391942815E-01  8.0579471309E-01 -4.4217910904E-01
HessDelSqRho_EigVec2 =  9.1903723978E-01  3.5266574863E-01 -1.7606084642E-01
HessDelSqRho_EigVec3 = -1.4072527288E-02  4.7573285580E-01  8.7947723898E-01
</CP of DelSqRho>
<CP of DelSqRho>
CP# = 5       
Type = (3,+1)
Coords = -2.15771927556042E+00 -2.50526310679360E+00  1.32088983673582E+00
DistFromNuc =  1.6865659467E-01
Rho =  2.2484723601E+01
DelSqRho =  1.2296987701E+03
GradDelSqRho =  1.6171952666E-11 -1.5162981981E-11  3.2827074392E-12
HessDelSqRho_EigVals = -4.0582139780E+05  2.0902142668E+03  3.5247508387E+03
HessDelSqRho_EigVec1 =  9.3592591183E-01 -3.0332653355E-01  1.7898519944E-01
HessDelSqRho_EigVec2 =  3.5191712816E-01  8.2567126632E-01 -4.4093230193E-01
HessDelSqRho_EigVec3 = -1.4036469598E-02  4.7566792411E-01  8.7951293538E-01
</CP of DelSqRho>
<CP of DelSqRho>
CP# = 6       
Type = (3,-3)
Coords = -1.91214771771500E+00 -2.42475588419578E+00  1.40630033996705E+00
DistFromNuc =  1.6697721942E-01
Rho =  2.2713377734E+01
DelSqRho =  1.2980070923E+03
GradDelSqRho =  2.4726887204E-12  8.8107299234E-12 -8.1001871877E-12
HessDelSqRho_EigVals = -4.5117111419E+05 -3.6194007230E+03 -6.2931594731E+02
HessDelSqRho_EigVec1 =  5.2572412084E-01  7.8409978066E-01  3.2985100081E-01
HessDelSqRho_EigVec2 = -7.1722522248E-01  6.1707471541E-01 -3.2373874629E-01
HessDelSqRho_EigVec3 = -4.5738619241E-01 -6.6380189667E-02  8.8678720188E-01
</CP of DelSqRho>
<CP of DelSqRho>
CP# = 7       
Type = (3,-1)
Coords = -2.10034050723453E+00 -2.67570805523908E+00  1.41399980409920E+00
DistFromNuc =  1.6900960534E-01
Rho =  2.2300368558E+01
DelSqRho =  1.2450524478E+03
GradDelSqRho = -1.3500311979E-12  2.2026824809E-13  4.2312819915E-12
HessDelSqRho_EigVals = -4.0165476365E+05 -1.3338882768E+03  1.9262656023E+03
HessDelSqRho_EigVec1 =  5.9511843896E-01  7.1078556555E-01 -3.7499056444E-01
HessDelSqRho_EigVec2 =  8.0351547300E-01 -5.1813007689E-01  2.9309402598E-01
HessDelSqRho_EigVec3 = -1.4033113029E-02  4.7573637996E-01  8.7947596244E-01
</CP of DelSqRho>
<CP of DelSqRho>
CP# = 8       
Type = (3,-1)
Coords = -1.88249806868597E+00 -2.45044695790577E+00  1.29575044126036E+00
DistFromNuc =  1.6674111616E-01
Rho =  2.2798822840E+01
DelSqRho =  1.2967471491E+03
GradDelSqRho =  3.4582114949E-11  3.5839775592E-11 -1.6235901512E-11
HessDelSqRho_EigVals = -4.5637027462E+05 -3.2930304982E+03  3.7032063083E+02
HessDelSqRho_EigVec1 =  7.0249428522E-01  6.3091102677E-01 -3.2932211518E-01
HessDelSqRho_EigVec2 = -7.1154224790E-01  6.1322197618E-01 -3.4302541799E-01
HessDelSqRho_EigVec3 = -1.4470960407E-02  4.7529999394E-01  8.7970478404E-01
</CP of DelSqRho>
<CP of DelSqRho>
CP# = 9       
Type = (3,-3)
Coords = -1.90908907721857E+00 -2.52943674403620E+00  1.21283345898049E+00
DistFromNuc =  1.6697723940E-01
Rho =  2.2713329079E+01
DelSqRho =  1.2980149788E+03
GradDelSqRho = -1.8786749933E-11 -5.5990767578E-12  5.1983306548E-11
HessDelSqRho_EigVals = -4.5117176543E+05 -3.6200575209E+03 -6.3067468814E+02
HessDelSqRho_EigVec1 = -5.4396198158E-01 -1.5992156064E-01  8.2372960189E-01
HessDelSqRho_EigVec2 =  7.1670566301E-01 -5.9908148405E-01  3.5697950652E-01
HessDelSqRho_EigVec3 =  4.3639243256E-01  7.8455495022E-01  4.4049423934E-01
</CP of DelSqRho>
<CP of DelSqRho>
CP# = 10      
Type = (3,+3)
Coords = -1.40813803078656E+00 -2.75379548304612E+00  1.46721050433719E+00
DistFromNuc =  6.3451030013E-01
Rho =  9.7429824127E-01
DelSqRho = -4.5815115325E+00
GradDelSqRho =  7.2164496601E-15 -1.4654943925E-14  8.6597395921E-15
HessDelSqRho_EigVals =  1.1679854490E+01  2.4590322225E+01  3.5499864659E+02
HessDelSqRho_EigVec1 =  3.7667198430E-01  8.1732243108E-01 -4.3600717873E-01
HessDelSqRho_EigVec2 = -1.3987465016E-02  4.7563840806E-01  8.7952967863E-01
HessDelSqRho_EigVec3 =  9.2624109554E-01 -3.2519555414E-01  1.9059193189E-01
</CP of DelSqRho>
<CP of DelSqRho>
CP# = 11      
Type = (3,-1)
Coords = -2.49158206344830E+00 -3.02750434404337E+00  1.59809661139515E+00
DistFromNuc =  7.2517862627E-01
Rho =  6.6761967727E-01
DelSqRho = -1.0287310268E+00
GradDelSqRho = -5.5768722973E-12 -4.5874415378E-12  2.3918644843E-12
HessDelSqRho_EigVals = -1.8626513676E+01 -5.4149257277E+00  1.3297596249E+02
HessDelSqRho_EigVec1 = -1.3898857489E-02  4.7567223033E-01  8.7951279187E-01
HessDelSqRho_EigVec2 = -7.3638771028E-01  5.9016293292E-01 -3.3081845891E-01
HessDelSqRho_EigVec3 =  6.7641700297E-01  6.5226040958E-01 -3.4207659403E-01
</CP of DelSqRho>
<CP of DelSqRho>
CP# = 12      
Type = (3,-1)
Coords = -1.85770436850190E+00 -2.08259926234494E+00  1.87052825229298E+00
DistFromNuc =  7.1706393491E-01
Rho =  6.7133776334E-01
DelSqRho = -9.9905460012E-01
GradDelSqRho = -2.3314683517E-15 -3.4416913763E-15  4.4408920985E-15
HessDelSqRho_EigVals = -1.5787850707E+01 -1.1779843824E+01  1.4317708058E+02
HessDelSqRho_EigVec1 = -6.2922005221E-01 -4.5371431910E-01  6.3105106175E-01
HessDelSqRho_EigVec2 =  7.4472439795E-01 -5.8429584836E-01  3.2246539765E-01
HessDelSqRho_EigVec3 =  2.2241334716E-01  6.7286081639E-01  7.0554278735E-01
</CP of DelSqRho>
<CP of DelSqRho>
CP# = 13      
Type = (3,-1)
Coords = -1.83862562401330E+00 -2.72968507237457E+00  6.73929095756384E-01
DistFromNuc =  7.1706439385E-01
Rho =  6.7132321535E-01
DelSqRho = -9.9845575258E-01
GradDelSqRho = -2.4424906542E-14  3.3528735344E-14  9.8143715377E-14
HessDelSqRho_EigVals = -1.5791790845E+01 -1.1789593411E+01  1.4316791039E+02
HessDelSqRho_EigVec1 =  6.1984102693E-01  7.8450619289E-01 -1.8631550125E-02
HessDelSqRho_EigVec2 =  7.4428158789E-01 -5.8020385431E-01  3.3076941421E-01
HessDelSqRho_EigVec3 = -2.4868055667E-01  2.1889157309E-01  9.4352766783E-01
</CP of DelSqRho>
<CP of DelSqRho>
CP# = 14      
Type = (3,+1)
Coords = -2.50938982907689E+00 -2.72502175090053E+00  9.08505262451814E-01
DistFromNuc =  6.9578703014E-01
Rho =  7.6908230856E-01
DelSqRho = -2.4329775794E+00
GradDelSqRho = -4.5075054800E-14 -1.5432100042E-14 -2.7533531011E-14
HessDelSqRho_EigVals = -1.2454673292E+01  1.2710834541E+01  1.7798338849E+02
HessDelSqRho_EigVec1 = -2.0134721066E-01  9.7933142556E-01  1.9216130624E-02
HessDelSqRho_EigVec2 = -6.1424446913E-01 -1.4151932015E-01  7.7632210722E-01
HessDelSqRho_EigVec3 =  7.6299608970E-01  1.4450688891E-01  6.3004343196E-01
</CP of DelSqRho>
<CP of DelSqRho>
CP# = 15      
Type = (3,+1)
Coords = -2.52232966848310E+00 -2.28516699269684E+00  1.72173440589990E+00
DistFromNuc =  6.9580424460E-01
Rho =  7.6899227108E-01
DelSqRho = -2.4319016543E+00
GradDelSqRho = -2.7977620221E-14  3.2862601529E-14  1.7208456882E-14
HessDelSqRho_EigVals = -1.2456956753E+01  1.2698195802E+01  1.7795205359E+02
HessDelSqRho_EigVec1 =  1.8779506339E-01 -5.1732315189E-01  8.3493099756E-01
HessDelSqRho_EigVec2 =  5.9678725562E-01  7.3524979534E-01  3.2132959710E-01
HessDelSqRho_EigVec3 =  7.8011408505E-01 -4.3793206661E-01 -4.4680814601E-01
</CP of DelSqRho>
<CP of DelSqRho>
CP# = 16      
Type = (3,+3)
Coords = -2.21684273596019E+00 -2.02614485747029E+00  1.06080209886148E+00
DistFromNuc =  6.4162215416E-01
Rho =  9.5207701120E-01
DelSqRho = -4.3845206043E+00
GradDelSqRho = -5.1603166185E-13  6.9144689974E-13 -3.8835601401E-13
HessDelSqRho_EigVals =  9.2858765151E+00  2.3645800589E+01  3.2167276547E+02
HessDelSqRho_EigVec1 =  9.3263161388E-01  3.2355250454E-01 -1.5972491852E-01
HessDelSqRho_EigVec2 = -1.4358451303E-02  4.7558717621E-01  8.7955140424E-01
HessDelSqRho_EigVec3 = -3.6054418269E-01  8.1800404316E-01 -4.4819334857E-01
</CP of DelSqRho>
<CP of DelSqRho>
CP# = 17      
Type = (3,+1)
Coords = -1.92866188671285E+00 -3.22395247795927E+00  1.16873022305904E+00
DistFromNuc =  6.9619991109E-01
Rho =  7.6963295944E-01
DelSqRho = -2.4779067147E+00
GradDelSqRho =  8.8817841970E-15  2.2204460493E-15  5.5511151231E-15
HessDelSqRho_EigVals = -1.2678361464E+01  1.3551244093E+01  1.7910773562E+02
HessDelSqRho_EigVec1 =  8.6177428150E-01  6.6621571428E-02  5.0289825410E-01
HessDelSqRho_EigVec2 = -4.6912478062E-01 -2.7258768175E-01  8.4001065229E-01
HessDelSqRho_EigVec3 = -1.9304669891E-01  9.5982160946E-01  2.0365522350E-01
</CP of DelSqRho>
<CP of DelSqRho>
CP# = 18      
Type = (3,+1)
Coords = -1.94214009840573E+00 -2.76830063724450E+00  2.01115601506390E+00
DistFromNuc =  6.9620815912E-01
Rho =  7.6958202490E-01
DelSqRho = -2.4775349336E+00
GradDelSqRho = -8.8817841970E-16 -3.0392355299E-15 -1.4654943925E-14
HessDelSqRho_EigVals = -1.2672213728E+01  1.3548438155E+01  1.7909273739E+02
HessDelSqRho_EigVec1 =  8.7468499568E-01 -3.7295954478E-01 -3.0955990744E-01
HessDelSqRho_EigVec2 =  4.5196382233E-01  8.5831218382E-01  2.4295863519E-01
HessDelSqRho_EigVec3 =  1.7508529819E-01 -3.5242215178E-01  9.1931701023E-01
</CP of DelSqRho>
<CP of DelSqRho>
CP# = 19      
Type = (3,+1)
Coords = -1.53438239508348E+00 -2.13743664693070E+00  1.13195084357335E+00
DistFromNuc =  6.6271515419E-01
Rho =  8.7561704594E-01
DelSqRho = -3.5945907030E+00
GradDelSqRho = -3.9079850467E-14 -3.3750779949E-14  2.3092638912E-14
HessDelSqRho_EigVals = -6.7838241680E+00  1.9781996093E+01  2.5866271565E+02
HessDelSqRho_EigVec1 = -7.0616469701E-01  6.1806850512E-01 -3.4543124305E-01
HessDelSqRho_EigVec2 = -1.3999998181E-02  4.7558067990E-01  8.7956069544E-01
HessDelSqRho_EigVec3 =  7.0790918962E-01  6.2595074877E-01 -3.2718532877E-01
</CP of DelSqRho>
<CP of DelSqRho>
CP# = 20      
Type = (3,+3)
Coords = -2.31385488156580E+00 -2.55729499959562E+00  2.00937715238427E+00
DistFromNuc =  7.2982481035E-01
Rho =  7.3669665173E-01
DelSqRho = -2.9028571854E+00
GradDelSqRho = -1.6320278462E-14 -1.0658141036E-14  3.9079850467E-14
HessDelSqRho_EigVals =  1.0691870316E+01  2.2115207646E+01  1.3230210454E+02
HessDelSqRho_EigVec1 = -7.2927077272E-01  5.9137552111E-01 -3.4414987009E-01
HessDelSqRho_EigVec2 =  5.3524234518E-01  8.0639589556E-01  2.5147821288E-01
HessDelSqRho_EigVec3 = -4.2623910189E-01  8.0787293156E-04  9.0461017868E-01
</CP of DelSqRho>
<CP of DelSqRho>
CP# = 21      
Type = (3,+3)
Coords = -2.29760393806111E+00 -3.11185738717874E+00  9.83953826765472E-01
DistFromNuc =  7.2981612196E-01
Rho =  7.3677299157E-01
DelSqRho = -2.9037605017E+00
GradDelSqRho =  1.7819079545E-14  1.1102230246E-14  9.3258734069E-15
HessDelSqRho_EigVals =  1.0695106938E+01  2.2125691900E+01  1.3231528186E+02
HessDelSqRho_EigVec1 =  7.2949951190E-01 -6.0214129167E-01  3.2443231500E-01
HessDelSqRho_EigVec2 = -5.5195502586E-01 -2.3811640579E-01  7.9915344379E-01
HessDelSqRho_EigVec3 =  4.0395063012E-01  7.6205409399E-01  5.0606071401E-01
</CP of DelSqRho>
<CP of DelSqRho>
CP# = 22      
Type = (3,-3)
Coords = -1.71896078084351E+00 -1.80906280639597E+00  2.16691224721130E+00
DistFromNuc =  1.1412383235E+00
Rho =  2.4739186737E-01
DelSqRho =  8.4304120291E-01
GradDelSqRho =  9.0205620751E-17 -1.5196177650E-15 -1.5057399771E-15
HessDelSqRho_EigVals = -1.7596925503E+01 -1.8207607217E+00 -5.1278303659E-01
HessDelSqRho_EigVec1 =  2.6834193114E-01  6.7155887429E-01  6.9065279725E-01
HessDelSqRho_EigVec2 = -6.5135270047E-01 -4.0173382229E-01  6.4369992669E-01
HessDelSqRho_EigVec3 =  7.0974098627E-01 -6.2259024598E-01  3.2961965662E-01
</CP of DelSqRho>
<CP of DelSqRho>
CP# = 23      
Type = (3,+1)
Coords = -2.50141163435824E+00 -2.56469283342870E+00  2.38544332335157E+00
DistFromNuc =  1.1500596284E+00
Rho =  4.1443701862E-01
DelSqRho = -9.5831197302E-01
GradDelSqRho =  1.6930901126E-15  1.3322676296E-15  3.4694469520E-15
HessDelSqRho_EigVals = -3.1313528692E+01  1.4713151276E+01  1.5629094457E+01
HessDelSqRho_EigVec1 = -4.3793209328E-01 -1.2649208255E-02  8.9891906154E-01
HessDelSqRho_EigVec2 =  7.0865896143E-01 -6.2012875232E-01  3.3651568601E-01
HessDelSqRho_EigVec3 =  5.5318889907E-01  7.8439806736E-01  2.8053825739E-01
</CP of DelSqRho>
<CP of DelSqRho>
CP# = 24      
Type = (3,-3)
Coords = -3.04371495091946E+00 -3.01657665477928E+00  1.58339167061817E+00
DistFromNuc =  1.1648174381E+00
Rho =  2.5027775098E-01
DelSqRho =  8.4945937826E-01
GradDelSqRho =  1.0602629885E-14  3.5665914666E-15 -2.1579960041E-15
HessDelSqRho_EigVals = -1.7160359671E+01 -3.2576482648E+00 -1.2924186866E-01
HessDelSqRho_EigVec1 =  8.9677434199E-01  3.9499937113E-01 -1.9942737115E-01
HessDelSqRho_EigVec2 = -1.3904913021E-02  4.7562896155E-01  8.7953609609E-01
HessDelSqRho_EigVec3 = -4.4226963829E-01  7.8597238357E-01 -4.3202428093E-01
</CP of DelSqRho>
<CP of DelSqRho>
CP# = 25      
Type = (3,+1)
Coords = -1.69013959313835E+00 -1.49434934636997E+00  7.82314880254505E-01
DistFromNuc =  1.2430897600E+00
Rho =  2.4278758234E-01
DelSqRho =  4.8957626125E-01
GradDelSqRho = -3.5388358910E-16 -3.1363800446E-15  1.0547118734E-15
HessDelSqRho_EigVals = -1.0800928872E+01  3.1888877255E-01  5.0966802582E-01
HessDelSqRho_EigVec1 =  2.1963040845E-01  8.5988340534E-01 -4.6082861554E-01
HessDelSqRho_EigVec2 =  9.7544194831E-01 -1.8551878857E-01  1.1872566939E-01
HessDelSqRho_EigVec3 =  1.6597866402E-02 -4.7558732984E-01 -8.7951191153E-01
</CP of DelSqRho>
<CP of DelSqRho>
CP# = 26      
Type = (3,-3)
Coords = -1.68949171189799E+00 -2.82576658868181E+00  2.86154644672447E-01
DistFromNuc =  1.1411936394E+00
Rho =  2.4740822558E-01
DelSqRho =  8.4326934566E-01
GradDelSqRho = -3.6665115388E-14 -3.1502578324E-15  2.2431362323E-13
HessDelSqRho_EigVals = -1.7600566421E+01 -1.8214850885E+00 -5.1438221987E-01
HessDelSqRho_EigVec1 = -2.9386488943E-01  2.0632030234E-01  9.3331418054E-01
HessDelSqRho_EigVec2 =  6.4049502065E-01  7.6729333206E-01  3.2047949974E-02
HessDelSqRho_EigVec3 =  7.0951360472E-01 -6.0720085262E-01  3.5762769649E-01
</CP of DelSqRho>
<CP of DelSqRho>
CP# = 27      
Type = (3,-1)
Coords = -1.41385794197561E+00 -3.56935696714633E+00  1.13645317722049E+00
DistFromNuc =  1.1901451082E+00
Rho =  2.4373153847E-01
DelSqRho =  7.2262028440E-01
GradDelSqRho =  8.3544282603E-15 -2.3675506000E-14 -9.0205620751E-17
HessDelSqRho_EigVals = -1.7270906345E+01 -1.1642982779E+00  2.9039122739E-01
HessDelSqRho_EigVec1 = -5.0920108249E-01  8.4194395108E-01  1.7845066779E-01
HessDelSqRho_EigVec2 =  8.1339511610E-01  4.0302742749E-01  4.1947261865E-01
HessDelSqRho_EigVec3 = -2.8125192034E-01 -3.5874681314E-01  8.9005510018E-01
</CP of DelSqRho>
<CP of DelSqRho>
CP# = 28      
Type = (3,-1)
Coords = -2.85883422069781E+00 -3.25320195782268E+00  1.71429395504284E+00
DistFromNuc =  1.1649253910E+00
Rho =  2.5258321006E-01
DelSqRho =  8.4736524807E-01
GradDelSqRho =  8.6597395921E-15  5.1070259133E-15 -3.5804692544E-15
HessDelSqRho_EigVals = -1.6495074105E+01 -4.2627976766E+00  9.3478648888E-02
HessDelSqRho_EigVec1 =  7.3658792852E-01  5.9971540524E-01 -3.1269738771E-01
HessDelSqRho_EigVec2 = -1.3939045082E-02  4.7569892194E-01  8.7949771955E-01
HessDelSqRho_EigVec3 =  6.7619814151E-01 -6.4346870039E-01  3.5875354358E-01
</CP of DelSqRho>
<CP of DelSqRho>
CP# = 29      
Type = (3,-1)
Coords = -2.77143382241746E+00 -2.40700001255702E+00  4.55980400522284E-01
DistFromNuc =  1.1909679577E+00
Rho =  2.4484446943E-01
DelSqRho =  7.0951016310E-01
GradDelSqRho =  9.9920072216E-16 -4.8572257327E-17  1.1102230246E-15
HessDelSqRho_EigVals = -1.6835495174E+01 -1.3161242715E+00  3.2414647493E-01
HessDelSqRho_EigVec1 =  6.4012697320E-01 -1.4187726290E-01  7.5505516385E-01
HessDelSqRho_EigVec2 =  1.3590052870E-01  9.8821280139E-01  7.0473438064E-02
HessDelSqRho_EigVec3 =  7.5615375717E-01 -5.7500447369E-02 -6.5186286447E-01
</CP of DelSqRho>
<CP of DelSqRho>
CP# = 30      
Type = (3,-3)
Coords = -2.46635466697515E+00 -3.49600469696001E+00  1.85185060218720E+00
DistFromNuc =  1.1632781387E+00
Rho =  2.4996201242E-01
DelSqRho =  8.5336266250E-01
GradDelSqRho = -5.6898930012E-16 -2.2204460493E-16  5.5511151231E-16
HessDelSqRho_EigVals = -1.7193114318E+01 -3.1471725468E+00 -1.8424659882E-01
HessDelSqRho_EigVec1 =  3.9979319883E-01  8.0886656495E-01 -4.3116154545E-01
HessDelSqRho_EigVec2 = -1.3962607759E-02  4.7570912995E-01  8.7949182445E-01
HessDelSqRho_EigVec3 =  9.1649901460E-01 -3.4559471030E-01  2.0147916135E-01
</CP of DelSqRho>
<CP of DelSqRho>
CP# = 31      
Type = (3,-1)
Coords = -2.79065321446461E+00 -1.73562599469006E+00  1.69705499868960E+00
DistFromNuc =  1.1909295353E+00
Rho =  2.4484297041E-01
DelSqRho =  7.0967476510E-01
GradDelSqRho = -3.0642155480E-14  2.9448665728E-14  1.5071277559E-14
HessDelSqRho_EigVals = -1.6836763230E+01 -1.3176072657E+00  3.2324190683E-01
HessDelSqRho_EigVec1 = -6.5612257972E-01  7.0122548056E-01  2.7890139081E-01
HessDelSqRho_EigVec2 = -1.5082041238E-01 -4.8396383121E-01  8.6199316313E-01
HessDelSqRho_EigVec3 =  7.3942975569E-01  5.2350915512E-01  4.2329871357E-01
</CP of DelSqRho>
<CP of DelSqRho>
CP# = 32      
Type = (3,-1)
Coords = -1.43290200413745E+00 -2.92400652870162E+00  2.33030173667894E+00
DistFromNuc =  1.1901205672E+00
Rho =  2.4372486814E-01
DelSqRho =  7.2277394296E-01
GradDelSqRho = -3.1918911958E-16 -2.2898349883E-16  5.2735593670E-16
HessDelSqRho_EigVals = -1.7275159309E+01 -1.1634500119E+00  2.8977884361E-01
HessDelSqRho_EigVec1 =  4.9333525920E-01 -3.0522122999E-01  8.1453073779E-01
HessDelSqRho_EigVec2 =  8.2863411663E-01 -1.1988841961E-01 -5.4680185405E-01
HessDelSqRho_EigVec3 =  2.6454833734E-01  9.4470459277E-01  1.9377153972E-01
</CP of DelSqRho>
<Path of -GradDelSqRho>
Starting CP# =      3
Ending CP# =     21
Number of Points =     17
 -2.4758232386E+00 -3.4331069082E+00  7.7983893717E-01  4.1451709181E-01 -9.5895109301E-01
 -2.4654319076E+00 -3.4139855372E+00  7.9214313959E-01  4.2582722359E-01 -9.6878884673E-01
 -2.4550445429E+00 -3.3948692080E+00  8.0445852023E-01  4.3819188912E-01 -9.9851995645E-01
 -2.4446609845E+00 -3.3757576381E+00  8.1678449279E-01  4.5162336285E-01 -1.0485081851E+00
 -2.4342808445E+00 -3.3566504539E+00  8.2912014006E-01  4.6612751709E-01 -1.1190780504E+00
 -2.4239034908E+00 -3.3375472039E+00  8.4146422220E-01  4.8170309709E-01 -1.2103773694E+00
 -2.4135280281E+00 -3.3184473699E+00  8.5381517812E-01  4.9834103945E-01 -1.3222106803E+00
 -2.4031532658E+00 -3.2993503727E+00  8.6617110805E-01  5.1602394025E-01 -1.4538485668E+00
 -2.3927776640E+00 -3.2802555701E+00  8.7852972452E-01  5.3472579889E-01 -1.6038200767E+00
 -2.3823992412E+00 -3.2611622442E+00  8.9088825362E-01  5.5441217999E-01 -1.7696975528E+00
 -2.3720154155E+00 -3.2420695727E+00  9.0324325475E-01  5.7504094866E-01 -1.9478845920E+00
 -2.3616227224E+00 -3.2229765758E+00  9.1559029410E-01  5.9656374223E-01 -2.1334174460E+00
 -2.3512162783E+00 -3.2038820143E+00  9.2792332261E-01  6.1892834395E-01 -2.3197860196E+00
 -2.3407886488E+00 -3.1847841806E+00  9.4023336574E-01  6.4208212015E-01 -2.4987690707E+00
 -2.3303270540E+00 -3.1656803997E+00  9.5250529416E-01  6.6597666193E-01 -2.6602526257E+00
 -2.3198045411E+00 -3.1465655248E+00  9.6470762556E-01  6.9057363560E-01 -2.7919500131E+00
 -2.2976039381E+00 -3.1118573872E+00  9.8395382677E-01  7.3677299157E-01 -2.9037605017E+00
</Path of -GradDelSqRho>
<Path of -GradDelSqRho>
Starting CP# =      3
Ending CP# =      0
Number of Points =     30
 -2.4758232386E+00 -3.4331069082E+00  7.7983893717E-01  4.1451709181E-01 -9.5895109301E-01
 -2.4862183587E+00 -3.4522333205E+00  7.6754577582E-01  4.0424349828E-01 -9.6870866832E-01
 -2.4966171674E+00 -3.4713650177E+00  7.5526396305E-01  3.9498330612E-01 -9.9789908120E-01
 -2.5070192759E+00 -3.4905019507E+00  7.4299310638E-01  3.8670866003E-01 -1.0465262854E+00
 -2.5174241811E+00 -3.5096439549E+00  7.3073253493E-01  3.7938724798E-01 -1.1147456248E+00
 -2.5278313188E+00 -3.5287907591E+00  7.1848135686E-01  3.7298240561E-01 -1.2027894615E+00
 -2.5382401267E+00 -3.5479420002E+00  7.0623853542E-01  3.6745311432E-01 -1.3108113803E+00
 -2.5486501169E+00 -3.5670972409E+00  6.9400297864E-01  3.6275399895E-01 -1.4386187965E+00
 -2.5590609598E+00 -3.5862559884E+00  6.8177363930E-01  3.5883551334E-01 -1.5852649930E+00
 -2.5694725827E+00 -3.6054177096E+00  6.6954962401E-01  3.5564461601E-01 -1.7484986269E+00
 -2.5798852947E+00 -3.6245818405E+00  6.5733031503E-01  3.5312637359E-01 -1.9241457424E+00
 -2.5902999577E+00 -3.6437477870E+00  6.4511551711E-01  3.5122704903E-01 -2.1056495100E+00
 -2.6007182192E+00 -3.6629149178E+00  6.3290564736E-01  3.4989925069E-01 -2.2842169682E+00
 -2.6111427190E+00 -3.6820825797E+00  6.2070193770E-01  3.4910949994E-01 -2.4502643130E+00
 -2.6215765068E+00 -3.7012502858E+00  6.0850623755E-01  3.4884795554E-01 -2.5969708955E+00
 -2.6320185015E+00 -3.7204185511E+00  5.9631844264E-01  3.4913889703E-01 -2.7265282913E+00
 -2.6424525175E+00 -3.7395903015E+00  5.8412929801E-01  3.5004898975E-01 -2.8588966542E+00
 -2.6528538724E+00 -3.7587687026E+00  5.7192271903E-01  3.5168870564E-01 -3.0415228970E+00
 -2.6632198436E+00 -3.7779527902E+00  5.5969499140E-01  3.5420108649E-01 -3.3568203735E+00
 -2.6735630472E+00 -3.7971399333E+00  5.4745278385E-01  3.5773237689E-01 -3.9228524962E+00
 -2.6838935843E+00 -3.8163284806E+00  5.3520208400E-01  3.6238191451E-01 -4.8822872329E+00
 -2.6942168799E+00 -3.8355176578E+00  5.2294626731E-01  3.6813398772E-01 -6.3758259139E+00
 -2.7045356881E+00 -3.8547071096E+00  5.1068710199E-01  3.7478201646E-01 -8.4994614707E+00
 -2.7148514481E+00 -3.8738966634E+00  4.9842553115E-01  3.8186404191E-01 -1.1250780984E+01
 -2.7251649428E+00 -3.8930862264E+00  4.8616206925E-01  3.8863524225E-01 -1.4478276314E+01
 -2.7354766078E+00 -3.9122757379E+00  4.7389698831E-01  3.9410362917E-01 -1.7856729437E+01
 -2.7457866772E+00 -3.9314651390E+00  4.6163039323E-01  3.9714442870E-01 -2.0914209953E+01
 -2.7560952377E+00 -3.9506543303E+00  4.4936220185E-01  3.9668519477E-01 -2.3123552952E+01
 -2.7664021132E+00 -3.9698429474E+00  4.3709169696E-01  3.9192312881E-01 -2.4042052234E+01
 -2.7674326154E+00 -3.9717616405E+00  4.3586422727E-01  3.9119227736E-01 -2.4051961662E+01
</Path of -GradDelSqRho>
<Path of -GradDelSqRho>
Starting CP# =      4
Ending CP# =      1
Number of Points =      7
 -1.9341135021E+00 -2.6917241492E+00  1.4253180883E+00  2.2540132194E+01  1.2365054252E+03
 -1.9439255025E+00 -2.6715655150E+00  1.4142567327E+00  3.2778140242E+01  9.8431845748E+02
 -1.9536813305E+00 -2.6513854858E+00  1.4031846915E+00  4.8034609284E+01 -7.9752486289E+02
 -1.9634123678E+00 -2.6311960603E+00  1.3921079594E+00  7.0697079615E+01 -6.3989007524E+03
 -1.9731253816E+00 -2.6109998241E+00  1.3810278278E+00  1.0433480645E+02 -2.0674704118E+04
 -1.9828085700E+00 -2.5907923464E+00  1.3699420862E+00  1.5479820902E+02 -7.5453992527E+04
 -1.9995660962E+00 -2.5557040154E+00  1.3506936599E+00  2.9729471487E+02 -3.3292481100E+06
</Path of -GradDelSqRho>
<Path of -GradDelSqRho>
Starting CP# =      4
Ending CP# =     10
Number of Points =     38
 -1.9341135021E+00 -2.6917241492E+00  1.4253180883E+00  2.2540132194E+01  1.2365054252E+03
 -1.9242354104E+00 -2.7118574404E+00  1.4363667798E+00  1.5622429991E+01  1.1543480194E+03
 -1.9143276559E+00 -2.7319792963E+00  1.4474097551E+00  1.0932609448E+01  9.8409881876E+02
 -1.9044125116E+00 -2.7520982957E+00  1.4584513025E+00  7.7628861533E+00  7.7547165217E+02
 -1.8944800351E+00 -2.7722105845E+00  1.4694894945E+00  5.6287321938E+00  5.7434518955E+02
 -1.8845130592E+00 -2.7923094754E+00  1.4805209852E+00  4.1927765901E+00  4.0966709073E+02
 -1.8744929210E+00 -2.8123876143E+00  1.4915420914E+00  3.2240949945E+00  2.8663759976E+02
 -1.8644009510E+00 -2.8324375080E+00  1.5025490553E+00  2.5676288026E+00  1.9810667024E+02
 -1.8542199692E+00 -2.8524520729E+00  1.5135383165E+00  2.1199015329E+00  1.3485833016E+02
 -1.8439334599E+00 -2.8724242793E+00  1.5245063332E+00  1.8115175961E+00  8.9681356652E+01
 -1.8335214282E+00 -2.8923454237E+00  1.5354487133E+00  1.5956181439E+00  5.7672114564E+01
 -1.8229545178E+00 -2.9122025391E+00  1.5463589062E+00  1.4405390059E+00  3.5443166157E+01
 -1.8121873063E+00 -2.9319751470E+00  1.5572265521E+00  1.3250585870E+00  2.0455294921E+01
 -1.8011493606E+00 -2.9516304386E+00  1.5680350157E+00  1.2351748160E+00  1.0696588853E+01
 -1.7897306717E+00 -2.9711146009E+00  1.5787569244E+00  1.1618332774E+00  4.5763365053E+00
 -1.7777551481E+00 -2.9903351495E+00  1.5893450282E+00  1.0993151302E+00  8.8583055304E-01
 -1.7649276984E+00 -3.0091201608E+00  1.5997109791E+00  1.0441330540E+00 -1.2456245743E+00
 -1.7507148286E+00 -3.0271059957E+00  1.6096664717E+00  9.9437956852E-01 -2.4125108708E+00
 -1.7340419317E+00 -3.0433391557E+00  1.6187126109E+00  9.4974556148E-01 -3.0032051780E+00
 -1.7128489160E+00 -3.0545074754E+00  1.6250899160E+00  9.1406472782E-01 -3.2716392888E+00
 -1.6883026521E+00 -3.0533031532E+00  1.6248260082E+00  9.0002259171E-01 -3.4084391969E+00
 -1.6661595644E+00 -3.0430621125E+00  1.6196346734E+00  9.0318524168E-01 -3.5226553621E+00
 -1.6457828175E+00 -3.0302002428E+00  1.6129972378E+00  9.1072991012E-01 -3.6328386482E+00
 -1.6262349656E+00 -3.0163688448E+00  1.6058219637E+00  9.1887321308E-01 -3.7395252687E+00
 -1.6072767990E+00 -3.0019139028E+00  1.5982998551E+00  9.2675952472E-01 -3.8421223992E+00
 -1.5888703412E+00 -2.9869164220E+00  1.5904753765E+00  9.3417927640E-01 -3.9399853354E+00
 -1.5710230682E+00 -2.9714044857E+00  1.5823636460E+00  9.4106175023E-01 -4.0324954462E+00
 -1.5537515483E+00 -2.9553963716E+00  1.5739743385E+00  9.4736685895E-01 -4.1190768320E+00
 -1.5370740075E+00 -2.9389087319E+00  1.5653162301E+00  9.5306418632E-01 -4.1992065158E+00
 -1.5210089892E+00 -2.9219580470E+00  1.5563980073E+00  9.5812955559E-01 -4.2724229224E+00
 -1.5055751276E+00 -2.9045609279E+00  1.5472284358E+00  9.6254465561E-01 -4.3383331267E+00
 -1.4907910884E+00 -2.8867342403E+00  1.5378164309E+00  9.6629706875E-01 -4.3966188064E+00
 -1.4766755260E+00 -2.8684951985E+00  1.5281711121E+00  9.6938028681E-01 -4.4470407831E+00
 -1.4632470419E+00 -2.8498614441E+00  1.5183018496E+00  9.7179366474E-01 -4.4894420714E+00
 -1.4505241414E+00 -2.8308511143E+00  1.5082183069E+00  9.7354231044E-01 -4.5237493973E+00
 -1.4385251924E+00 -2.8114828991E+00  1.4979304791E+00  9.7463691346E-01 -4.5499731935E+00
 -1.4272683840E+00 -2.7917760899E+00  1.4874487287E+00  9.7509351582E-01 -4.5682061198E+00
 -1.4081380308E+00 -2.7537954830E+00  1.4672105043E+00  9.7429824127E-01 -4.5815115325E+00
</Path of -GradDelSqRho>
<Path of -GradDelSqRho>
Starting CP# =      5
Ending CP# =      1
Number of Points =      7
 -2.1577192756E+00 -2.5052631068E+00  1.3208898367E+00  2.2484723601E+01  1.2296987701E+03
 -2.1343087041E+00 -2.5128170413E+00  1.3253488485E+00  3.2685290189E+01  9.8166005164E+02
 -2.1108787179E+00 -2.5203250957E+00  1.3297833432E+00  4.7881035267E+01 -7.7634591951E+02
 -2.0874401749E+00 -2.5278128285E+00  1.3342069779E+00  7.0450383190E+01 -6.3304046141E+03
 -2.0639955493E+00 -2.5352860720E+00  1.3386228691E+00  1.0393953689E+02 -2.0420358308E+04
 -2.0405407813E+00 -2.5427350919E+00  1.3430258141E+00  1.5418218896E+02 -7.4591260603E+04
 -1.9995660962E+00 -2.5557040154E+00  1.3506936599E+00  2.9729471487E+02 -3.3292481100E+06
</Path of -GradDelSqRho>
<Path of -GradDelSqRho>
Starting CP# =      5
Ending CP# =     16
Number of Points =     41
 -2.1577192756E+00 -2.5052631068E+00  1.3208898367E+00  2.2484723601E+01  1.2296987701E+03
 -2.1811071253E+00 -2.4976558401E+00  1.3164023281E+00  1.5589439368E+01  1.1484509073E+03
 -2.2044849999E+00 -2.4900252830E+00  1.3119023754E+00  1.0912961146E+01  9.7925879872E+02
 -2.2278604081E+00 -2.4823889828E+00  1.3073993541E+00  7.7509224249E+00  7.7161478917E+02
 -2.2512297774E+00 -2.4747386425E+00  1.3028888312E+00  5.6208262514E+00  5.7149653710E+02
 -2.2745870736E+00 -2.4670603190E+00  1.2983633578E+00  4.1866551640E+00  4.0772979197E+02
 -2.2979256703E+00 -2.4593388776E+00  1.2938148491E+00  3.2184118849E+00  2.8542032647E+02
 -2.3212388101E+00 -2.4515591659E+00  1.2892352125E+00  2.5616503369E+00  1.9741475065E+02
 -2.3445200980E+00 -2.4437072271E+00  1.2846169958E+00  2.1132821568E+00  1.3453631442E+02
 -2.3677631834E+00 -2.4357696352E+00  1.2799530330E+00  1.8041502254E+00  8.9614725374E+01
 -2.3909602050E+00 -2.4277301385E+00  1.2752346516E+00  1.5875372353E+00  5.7776405376E+01
 -2.4140994593E+00 -2.4195648941E+00  1.2704491312E+00  1.4318569915E+00  3.5654864214E+01
 -2.4371624807E+00 -2.4112370396E+00  1.2655768106E+00  1.3159230738E+00  2.0726895603E+01
 -2.4601197226E+00 -2.4026894713E+00  1.2605872468E+00  1.2257392772E+00  1.0993959391E+01
 -2.4829228332E+00 -2.3938331433E+00  1.2554330021E+00  1.1522364866E+00  4.8765808847E+00
 -2.5054890691E+00 -2.3845259169E+00  1.2500384388E+00  1.0896645352E+00  1.1750173380E+00
 -2.5276658186E+00 -2.3745306503E+00  1.2442775893E+00  1.0344835251E+00 -9.7473138041E-01
 -2.5491347348E+00 -2.3634208305E+00  1.2379245780E+00  9.8468191738E-01 -2.1623092854E+00
 -2.5690782451E+00 -2.3503327788E+00  1.2305247319E+00  9.3964667934E-01 -2.7720680359E+00
 -2.5846188435E+00 -2.3333881410E+00  1.2211065620E+00  9.0194915376E-01 -3.0517198146E+00
 -2.5872555998E+00 -2.3119781840E+00  1.2094747248E+00  8.8370989769E-01 -3.1837694589E+00
 -2.5778055499E+00 -2.2916402428E+00  1.1986143996E+00  8.8499637595E-01 -3.2875065159E+00
 -2.5647178986E+00 -2.2728296946E+00  1.1886390831E+00  8.9163248032E-01 -3.3877839604E+00
 -2.5503934444E+00 -2.2547186325E+00  1.1790628371E+00  8.9905965311E-01 -3.4856295436E+00
 -2.5353057372E+00 -2.2370899489E+00  1.1697607535E+00  9.0631488974E-01 -3.5805871141E+00
 -2.5195579831E+00 -2.2199113424E+00  1.1607137993E+00  9.1318024790E-01 -3.6721275567E+00
 -2.5031829597E+00 -2.2031908294E+00  1.1519258697E+00  9.1958859556E-01 -3.7597339308E+00
 -2.4862008285E+00 -2.1869442421E+00  1.1434052825E+00  9.2550409588E-01 -3.8429160442E+00
 -2.4686297089E+00 -2.1711887889E+00  1.1351611239E+00  9.3089991178E-01 -3.9212186222E+00
 -2.4504875080E+00 -2.1559419201E+00  1.1272026050E+00  9.3575457959E-01 -3.9942281047E+00
 -2.4317922786E+00 -2.1412211502E+00  1.1195389569E+00  9.4005158407E-01 -4.0615785971E+00
 -2.4125623557E+00 -2.1270440251E+00  1.1121794088E+00  9.4377936937E-01 -4.1229569437E+00
 -2.3928164577E+00 -2.1134281030E+00  1.1051331723E+00  9.4693135145E-01 -4.1781068278E+00
 -2.3725737780E+00 -2.1003909329E+00  1.0984094222E+00  9.4950587642E-01 -4.2268318278E+00
 -2.3518540668E+00 -2.0879500296E+00  1.0920172751E+00  9.5150612265E-01 -4.2689973842E+00
 -2.3306777056E+00 -2.0761228461E+00  1.0859657632E+00  9.5293995033E-01 -4.3045316697E+00
 -2.3090657741E+00 -2.0649267464E+00  1.0802638044E+00  9.5381970282E-01 -4.3334253818E+00
 -2.2870401110E+00 -2.0543789773E+00  1.0749201674E+00  9.5416196429E-01 -4.3557305095E+00
 -2.2646233692E+00 -2.0444966412E+00  1.0699434268E+00  9.5398727826E-01 -4.3715581483E+00
 -2.2418390664E+00 -2.0352966731E+00  1.0653419050E+00  9.5331983200E-01 -4.3810754635E+00
 -2.2168427360E+00 -2.0261448575E+00  1.0608020989E+00  9.5207701120E-01 -4.3845206043E+00
</Path of -GradDelSqRho>
<Path of -GradDelSqRho>
Starting CP# =     14
Ending CP# =     16
Number of Points =     34
 -2.5093898291E+00 -2.7250217509E+00  9.0850526245E-01  7.6908230856E-01 -2.4329775794E+00
 -2.5137349473E+00 -2.7022655867E+00  9.0916547989E-01  7.7339997643E-01 -2.4363714673E+00
 -2.5176911813E+00 -2.6776108162E+00  9.1035749780E-01  7.7846140371E-01 -2.4478279705E+00
 -2.5208807364E+00 -2.6528739257E+00  9.1204365407E-01  7.8394443901E-01 -2.4675751168E+00
 -2.5232954605E+00 -2.6280874860E+00  9.1421882817E-01  7.8984566991E-01 -2.4956902569E+00
 -2.5249279998E+00 -2.6032842332E+00  9.1687648053E-01  7.9615575450E-01 -2.5321246082E+00
 -2.5257720051E+00 -2.5784969801E+00  9.2000845366E-01  8.0285911643E-01 -2.5767087043E+00
 -2.5258222952E+00 -2.5537584801E+00  9.2360478312E-01  8.0993370834E-01 -2.6291589439E+00
 -2.5250749695E+00 -2.5291012544E+00  9.2765352738E-01  8.1735085665E-01 -2.6890848358E+00
 -2.5235274550E+00 -2.5045573946E+00  9.3214061974E-01  8.2507520392E-01 -2.7559966194E+00
 -2.5211784792E+00 -2.4801583562E+00  9.3704974259E-01  8.3306476684E-01 -2.8293130497E+00
 -2.5180279586E+00 -2.4559347612E+00  9.4236222105E-01  8.4127112909E-01 -2.9083692513E+00
 -2.5140767976E+00 -2.4319162267E+00  9.4805692863E-01  8.4963978718E-01 -2.9924246614E+00
 -2.5093265952E+00 -2.4081312401E+00  9.5411019264E-01  8.5811066420E-01 -3.0806711834E+00
 -2.5037792620E+00 -2.3846070979E+00  9.6049568168E-01  8.6661880104E-01 -3.1722417522E+00
 -2.4974365511E+00 -2.3613699245E+00  9.6718425071E-01  8.7509522649E-01 -3.2662195540E+00
 -2.4902995112E+00 -2.3384447848E+00  9.7414371257E-01  8.8346799838E-01 -3.3616481587E+00
 -2.4823678704E+00 -2.3158559023E+00  9.8133849622E-01  8.9166339677E-01 -3.4575427921E+00
 -2.4736393589E+00 -2.2936269941E+00  9.8872914280E-01  8.9960724064E-01 -3.5529029262E+00
 -2.4641089754E+00 -2.2717817392E+00  9.9627157803E-01  9.0722629141E-01 -3.6467262864E+00
 -2.4537682003E+00 -2.2503444029E+00  1.0039160841E+00  9.1444970240E-01 -3.7380242917E+00
 -2.4426041585E+00 -2.2293406593E+00  1.0116058725E+00  9.2121047462E-01 -3.8258388666E+00
 -2.4305987355E+00 -2.2087986842E+00  1.0192751296E+00  9.2744688527E-01 -3.9092604947E+00
 -2.4177276753E+00 -2.1887506342E+00  1.0268463716E+00  9.3310386729E-01 -3.9874473436E+00
 -2.4039597384E+00 -2.1692347000E+00  1.0342269029E+00  9.3813433413E-01 -4.0596452631E+00
 -2.3892561186E+00 -2.1502980136E+00  1.0413041513E+00  9.4250046138E-01 -4.1252084238E+00
 -2.3735705578E+00 -2.1320008054E+00  1.0479397053E+00  9.4617495393E-01 -4.1836202564E+00
 -2.3568510714E+00 -2.1144222874E+00  1.0539621684E+00  9.4914233506E-01 -4.2345140230E+00
 -2.3390450118E+00 -2.0976686048E+00  1.0591598423E+00  9.5140027680E-01 -4.2776914940E+00
 -2.3201103596E+00 -2.0818823181E+00  1.0632765397E+00  9.5296090346E-01 -4.3131362783E+00
 -2.3000368868E+00 -2.0672500268E+00  1.0660187482E+00  9.5385175067E-01 -4.3410147498E+00
 -2.2788782255E+00 -2.0539979909E+00  1.0670905884E+00  9.5411551010E-01 -4.3616527276E+00
 -2.2567837151E+00 -2.0423545746E+00  1.0662809262E+00  9.5380688000E-01 -4.3754752405E+00
 -2.2168427360E+00 -2.0261448575E+00  1.0608020989E+00  9.5207701120E-01 -4.3845206043E+00
</Path of -GradDelSqRho>
<Path of -GradDelSqRho>
Starting CP# =     14
Ending CP# =     21
Number of Points =     19
 -2.5093898291E+00 -2.7250217509E+00  9.0850526245E-01  7.6908230856E-01 -2.4329775794E+00
 -2.5044083586E+00 -2.7476349266E+00  9.0827535299E-01  7.6511926172E-01 -2.4362606666E+00
 -2.4983168829E+00 -2.7718788728E+00  9.0851153449E-01  7.6122824770E-01 -2.4468730464E+00
 -2.4914931613E+00 -2.7959167352E+00  9.0925223448E-01  7.5772416886E-01 -2.4642558596E+00
 -2.4839458466E+00 -2.8197161991E+00  9.1049876063E-01  7.5458784435E-01 -2.4877067395E+00
 -2.4756829976E+00 -2.8432444901E+00  9.1225217373E-01  7.5179707364E-01 -2.5164103912E+00
 -2.4667118676E+00 -2.8664680584E+00  9.1451343440E-01  7.4932735804E-01 -2.5494513169E+00
 -2.4570387025E+00 -2.8893521959E+00  9.1728350804E-01  7.4715271065E-01 -2.5858297552E+00
 -2.4466685509E+00 -2.9118605813E+00  9.2056341826E-01  7.4524656423E-01 -2.6244806118E+00
 -2.4356050892E+00 -2.9339547521E+00  9.2435422490E-01  7.4358278049E-01 -2.6642950609E+00
 -2.4238504651E+00 -2.9555935029E+00  9.2865688694E-01  7.4213675293E-01 -2.7041444212E+00
 -2.4114051696E+00 -2.9767322245E+00  9.3347194296E-01  7.4088657443E-01 -2.7429058549E+00
 -2.3982679447E+00 -2.9973222165E+00  9.3879889908E-01  7.3981420669E-01 -2.7794893871E+00
 -2.3844357286E+00 -3.0173100433E+00  9.4463514509E-01  7.3890653718E-01 -2.8128656772E+00
