 AIMInt (Version 19.02.13, Professional)
 Portions Copyright (c) 1997-2019 by Todd A. Keith
 AIMInt is a component of the AIMAll package ( http://aim.tkgristmill.com )

 TP:  64-bit Linux

 Licensed To:  Research Group of Fernando Cortes Guzman, UNAM, fercor@unam.mx

 AIMInt is a heavily modified and extended version of the PROAIMV program
 developed by members of R.F.W. Bader's research group

 Much of the Quantum Theory of Atoms in Molecules (QTAIM) is described in the book:
   "Atoms in Molecules - A Quantum Theory"
   R.F.W. Bader, Oxford University Press, Oxford, 1990

 For additional references see:  http://aim.tkgristmill.com/references.html

 Current Directory:  /home/scratch/M_H2O_4_tetraedrico/Opt

 Inp File:  V2_tetraedrico_cc-pvtz-def2-tzv_1_atomicfiles/o6.inp
 Wfx File:  V2_tetraedrico_cc-pvtz-def2-tzv_1.wfx
 Out File:  V2_tetraedrico_cc-pvtz-def2-tzv_1_atomicfiles/o6.int

 Wfx Title:   V2_tetraedrico_cc-pvtz-def2-tzv_1                                             
 Job Title:   V2_tetraedrico_cc-pvtz-def2-tzv_1                                             
 
<Atom>
O6      
</Atom>
<Nuclei of Molecule>
    13
V1        23.0          -3.3672515202E-05   5.5287090505E-05  -1.9085634029E-05
O2         8.0           2.0030155269E+00   1.3840631117E+00   2.5350892074E+00
H3         1.0           2.8115089410E+00   4.7678698644E-01   3.9445092238E+00
O4         8.0          -1.9995657973E+00  -2.5557037961E+00   1.3506935460E+00
H5         1.0          -2.7708587388E+00  -3.9782267848E+00   4.3170899390E-01
O6         8.0          -2.0587629348E+00   2.5014901633E+00  -1.3634395019E+00
H7         1.0          -2.8576829812E+00   2.5010056318E+00  -3.0443006304E+00
O8         8.0           2.0551794977E+00  -1.3296278014E+00  -2.5224186681E+00
H9         1.0           2.8848268933E+00  -2.9955466734E+00  -2.5279851588E+00
H10        1.0           2.7831632005E+00   3.0736542532E+00   2.5489034078E+00
H11        1.0          -2.8817883568E+00   3.8968489885E+00  -4.4759854702E-01
H12        1.0          -2.8122900113E+00  -2.5757398487E+00   3.0248138891E+00
H13        1.0           2.8449651804E+00  -4.0182757594E-01  -3.9290088763E+00
</Nuclei of Molecule>
<Total Number of CPs of DelSqRho>
    32
</Total Number of CPs of DelSqRho>
<Number of (3,+3) CPs of DelSqRho>
     5
</Number of (3,+3) CPs of DelSqRho>
<Number of (3,+1) CPs of DelSqRho>
    10
</Number of (3,+1) CPs of DelSqRho>
<Number of (3,-1) CPs of DelSqRho>
    11
</Number of (3,-1) CPs of DelSqRho>
<Number of (3,-3) CPs of DelSqRho>
     6
</Number of (3,-3) CPs of DelSqRho>
<Number of Degenerate CPs of DelSqRho>
     0
</Number of Degenerate CPs of DelSqRho>
<CP of DelSqRho>
CP# = 1       
Type = (3,+3)
Coords = -2.05876323998432E+00  2.50149037319309E+00 -1.36343961759959E+00
DistFromNuc =  3.8805798667E-07
Rho =  2.9729508407E+02
DelSqRho = -3.3292522611E+06
GradDelSqRho =  1.2256743958E-05  1.3508058146E-05  6.2042017817E-06
HessDelSqRho_EigVals =  1.3239649219E+11  1.3239650974E+11  1.3239651787E+11
HessDelSqRho_EigVec1 =  7.4353918647E-01  5.9184861040E-01 -3.1123094406E-01
HessDelSqRho_EigVec2 = -6.6863878751E-01  6.5214990658E-01 -3.5724315415E-01
HessDelSqRho_EigVec3 = -8.4646332613E-03  4.7372536528E-01  8.8063194825E-01
</CP of DelSqRho>
<CP of DelSqRho>
CP# = 2       
Type = (3,-1)
Coords = -1.12547261538156E+00  1.49251949182695E+00 -8.12373540047241E-01
DistFromNuc =  1.4807857139E+00
Rho =  1.4828027724E-01
DelSqRho =  4.5888335106E-01
GradDelSqRho =  2.0261570199E-15 -1.6375789613E-15  1.5265566589E-16
HessDelSqRho_EigVals = -6.6271532196E-01 -6.0492575868E-01  4.8084877393E+00
HessDelSqRho_EigVec1 =  8.1317582849E-01  5.1564060478E-01 -2.6992561691E-01
HessDelSqRho_EigVec2 =  7.8880858203E-03 -4.7349675328E-01 -8.8076024135E-01
HessDelSqRho_EigVec3 = -5.8196464675E-01  7.1408374253E-01 -3.8910353198E-01
</CP of DelSqRho>
<CP of DelSqRho>
CP# = 3       
Type = (3,+1)
Coords = -2.56693033673095E+00  3.36209551520410E+00 -7.94516799298217E-01
DistFromNuc =  1.1500211831E+00
Rho =  4.1449469095E-01
DelSqRho = -9.5874180654E-01
GradDelSqRho = -2.4424906542E-15  3.5223560180E-15  3.3306690739E-15
HessDelSqRho_EigVals = -3.1327746589E+01  1.4719175369E+01  1.5636665462E+01
HessDelSqRho_EigVec1 = -4.4353818933E-01  7.5029837284E-01  4.9023078884E-01
HessDelSqRho_EigVec2 =  6.9217132946E-01  6.3423392465E-01 -3.4445054725E-01
HessDelSqRho_EigVec3 =  5.6936168231E-01 -1.8654672482E-01  8.0064198876E-01
</CP of DelSqRho>
<CP of DelSqRho>
CP# = 4       
Type = (3,+1)
Coords = -1.99696820714135E+00  2.63969467847563E+00 -1.43716065396276E+00
DistFromNuc =  1.6838611775E-01
Rho =  2.2540401098E+01
DelSqRho =  1.2365505816E+03
GradDelSqRho = -2.5977442419E-11  1.3642420527E-12 -1.0338396805E-11
HessDelSqRho_EigVals = -4.1214541232E+05  1.7283181440E+03  3.2526770667E+03
HessDelSqRho_EigVec1 =  3.7225720135E-01  8.1893195905E-01 -4.3677800137E-01
HessDelSqRho_EigVec2 =  9.2809309211E-01 -3.2427227110E-01  1.8300466272E-01
HessDelSqRho_EigVec3 = -8.2333724849E-03  4.7349544944E-01  8.8075778222E-01
</CP of DelSqRho>
<CP of DelSqRho>
CP# = 5       
Type = (3,+1)
Coords = -2.21553046909101E+00  2.44609856299570E+00 -1.33512933576540E+00
DistFromNuc =  1.6865869292E-01
Rho =  2.2484271177E+01
DelSqRho =  1.2296547528E+03
GradDelSqRho = -7.4749095802E-12  5.8548721427E-12  2.2808421818E-12
HessDelSqRho_EigVals = -4.0577487449E+05  2.0922554411E+03  3.5263364377E+03
HessDelSqRho_EigVec1 =  9.2758622783E-01  3.3262472086E-01 -1.7013108184E-01
HessDelSqRho_EigVec2 = -3.7351815074E-01  8.1558068842E-01 -4.4194154787E-01
HessDelSqRho_EigVec3 = -8.2450591510E-03  4.7348594039E-01  8.8076278489E-01
</CP of DelSqRho>
<CP of DelSqRho>
CP# = 6       
Type = (3,-3)
Coords = -1.96679816658548E+00  2.37349761049559E+00 -1.41859003590541E+00
DistFromNuc =  1.6697662581E-01
Rho =  2.2713531112E+01
DelSqRho =  1.2980199012E+03
GradDelSqRho =  5.4853899201E-12  6.2527760747E-13  5.7553961597E-12
HessDelSqRho_EigVals = -4.5118685785E+05 -3.6194719218E+03 -6.2913094953E+02
HessDelSqRho_EigVec1 = -5.5292820580E-01  7.6633801274E-01  3.2710311746E-01
HessDelSqRho_EigVec2 = -7.0033835961E-01 -6.4012695338E-01  3.1585386750E-01
HessDelSqRho_EigVec3 =  4.5143834716E-01 -5.4438348452E-02  8.9064015457E-01
</CP of DelSqRho>
<CP of DelSqRho>
CP# = 7       
Type = (3,-1)
Coords = -2.16245680608941E+00  2.61863309621544E+00 -1.42738703953869E+00
DistFromNuc =  1.6900938805E-01
Rho =  2.2300447132E+01
DelSqRho =  1.2450544552E+03
GradDelSqRho =  1.1986855952E-11 -7.5246475717E-12 -3.6521896618E-12
HessDelSqRho_EigVals = -4.0165962553E+05 -1.3330085303E+03  1.9264883763E+03
HessDelSqRho_EigVec1 = -6.1239493083E-01  6.9390139768E-01 -3.7877869395E-01
HessDelSqRho_EigVec2 =  7.9050896254E-01  5.4249490995E-01 -2.8424435406E-01
HessDelSqRho_EigVec3 = -8.2479589060E-03  4.7349775393E-01  8.8075640684E-01
</CP of DelSqRho>
<CP of DelSqRho>
CP# = 8       
Type = (3,-3)
Coords = -1.96861575999259E+00  2.47761400272094E+00 -1.22493100525286E+00
DistFromNuc =  1.6697660856E-01
Rho =  2.2713522923E+01
DelSqRho =  1.2980221743E+03
GradDelSqRho = -2.0094148567E-11  1.1198153516E-11 -3.5967673284E-11
HessDelSqRho_EigVals = -4.5118744465E+05 -3.6196507468E+03 -6.2950647019E+02
HessDelSqRho_EigVec1 =  5.4209046333E-01 -1.4552549724E-01  8.2762325923E-01
HessDelSqRho_EigVec2 = -7.0065550113E-01 -6.2200670524E-01  3.4955618628E-01
HessDelSqRho_EigVec3 =  4.6391787883E-01 -7.6936986443E-01 -4.3914714324E-01
</CP of DelSqRho>
<CP of DelSqRho>
CP# = 9       
Type = (3,-1)
Coords = -1.93892868610838E+00  2.39982559026614E+00 -1.30770327321343E+00
DistFromNuc =  1.6674069615E-01
Rho =  2.2798917031E+01
DelSqRho =  1.2967602481E+03
GradDelSqRho = -2.5579538487E-12  6.7217342803E-12 -2.9416469260E-12
HessDelSqRho_EigVals = -4.5638227264E+05 -3.2932903541E+03  3.6984895464E+02
HessDelSqRho_EigVec1 =  7.1908358874E-01 -6.0935242030E-01  3.3407846425E-01
HessDelSqRho_EigVec2 =  6.9487642218E-01  6.3609557370E-01 -3.3545369130E-01
HessDelSqRho_EigVec3 = -8.0963136898E-03  4.7336249217E-01  8.8083051759E-01
</CP of DelSqRho>
<CP of DelSqRho>
CP# = 10      
Type = (3,+3)
Coords = -1.47289176031585E+00  2.71821799062129E+00 -1.47448019286891E+00
DistFromNuc =  6.3446514427E-01
Rho =  9.7445164236E-01
DelSqRho = -4.5832493599E+00
GradDelSqRho =  4.7184478547E-16  4.4408920985E-16 -1.1102230246E-14
HessDelSqRho_EigVals =  1.1697668062E+01  2.4596656019E+01  3.5524753444E+02
HessDelSqRho_EigVec1 = -3.9829798745E-01  8.0642798005E-01 -4.3707279278E-01
HessDelSqRho_EigVec2 = -8.1645797179E-03  4.7336449427E-01  8.8082881152E-01
HessDelSqRho_EigVec3 =  9.1721974076E-01  3.5440085857E-01 -1.8195597987E-01
</CP of DelSqRho>
<CP of DelSqRho>
CP# = 11      
Type = (3,-1)
Coords = -1.89804862394787E+00  2.03435005906291E+00 -1.88317855949814E+00
DistFromNuc =  7.1706182070E-01
Rho =  6.7132892431E-01
DelSqRho = -9.9890128714E-01
GradDelSqRho =  1.2378986725E-14 -1.3544720900E-14 -2.8421709430E-14
HessDelSqRho_EigVals = -1.5786624500E+01 -1.1784441346E+01  1.4317911943E+02
HessDelSqRho_EigVec1 =  6.3742347491E-01 -4.3593529559E-01  6.3533592036E-01
HessDelSqRho_EigVec2 =  7.2919033694E-01  6.0770077260E-01 -3.1461281521E-01
HessDelSqRho_EigVec3 = -2.4894329906E-01  6.6382240776E-01  7.0524254325E-01
</CP of DelSqRho>
<CP of DelSqRho>
CP# = 12      
Type = (3,-1)
Coords = -1.90915526625996E+00  2.67843992996815E+00 -6.84856130162920E-01
DistFromNuc =  7.1705583240E-01
Rho =  6.7133655287E-01
DelSqRho = -9.9877849225E-01
GradDelSqRho =  3.7747582837E-15 -1.4210854715E-14 -2.5757174171E-14
HessDelSqRho_EigVals = -1.5787057750E+01 -1.1788139845E+01  1.4318169134E+02
HessDelSqRho_EigVec1 = -6.4300574284E-01  7.6553637737E-01 -2.2308509437E-02
HessDelSqRho_EigVec2 =  7.2935237819E-01  6.0320719743E-01 -3.2277884905E-01
HessDelSqRho_EigVec3 =  2.3364229733E-01  2.2381941802E-01  9.4621146950E-01
</CP of DelSqRho>
<CP of DelSqRho>
CP# = 13      
Type = (3,+1)
Coords = -2.57737161934260E+00  2.65358240027349E+00 -9.25196511841643E-01
DistFromNuc =  6.9580452323E-01
Rho =  7.6901072854E-01
DelSqRho = -2.4319809714E+00
GradDelSqRho =  0.0000000000E+00  5.4400928207E-15 -8.8817841970E-15
HessDelSqRho_EigVals = -1.2458660795E+01  1.2699535844E+01  1.7794519334E+02
HessDelSqRho_EigVec1 =  1.7054325137E-01  9.8507185723E-01  2.3418700140E-02
HessDelSqRho_EigVec2 =  6.1173916036E-01 -1.2448103805E-01  7.8120398799E-01
HessDelSqRho_EigVec3 =  7.7245724743E-01 -1.1890293213E-01 -6.2383643179E-01
</CP of DelSqRho>
<CP of DelSqRho>
CP# = 14      
Type = (3,-1)
Coords = -2.56297778190181E+00  2.95860089289406E+00 -1.61385666355728E+00
DistFromNuc =  7.2518382912E-01
Rho =  6.6760622801E-01
DelSqRho = -1.0287280464E+00
GradDelSqRho = -1.8651746814E-14  2.0428103653E-14 -1.2878587086E-14
HessDelSqRho_EigVals = -1.8627076009E+01 -5.4124348341E+00  1.3297421279E+02
HessDelSqRho_EigVec1 = -8.1812048646E-03  4.7348494226E-01  8.8076391691E-01
HessDelSqRho_EigVec2 =  7.2064627125E-01  6.1342629625E-01 -3.2307449729E-01
HessDelSqRho_EigVec3 =  6.9325465712E-01 -6.3207609393E-01  3.4623372434E-01
</CP of DelSqRho>
<CP of DelSqRho>
CP# = 15      
Type = (3,+1)
Coords = -2.56981373024373E+00  2.21589574166793E+00 -1.73948412728000E+00
DistFromNuc =  6.9580647416E-01
Rho =  7.6899054197E-01
DelSqRho = -2.4317768087E+00
GradDelSqRho = -2.1094237468E-14 -9.3258734069E-15 -2.0761170560E-14
HessDelSqRho_EigVals = -1.2456827843E+01  1.2697714850E+01  1.7793956641E+02
HessDelSqRho_EigVec1 = -1.7853328782E-01 -5.2522163136E-01  8.3202650384E-01
HessDelSqRho_EigVec2 = -6.2192654381E-01  7.1550422077E-01  3.1821546814E-01
HessDelSqRho_EigVec3 =  7.6245212259E-01  4.6064731413E-01  4.5439059491E-01
</CP of DelSqRho>
<CP of DelSqRho>
CP# = 16      
Type = (3,+1)
Coords = -2.00248410039965E+00  2.71746337097480E+00 -2.02290867040516E+00
DistFromNuc =  6.9621212133E-01
Rho =  7.6958074077E-01
DelSqRho = -2.4777780193E+00
GradDelSqRho = -2.6645352591E-15  4.7531423242E-16 -2.2648549702E-14
HessDelSqRho_EigVals = -1.2674905885E+01  1.3552558893E+01  1.7909835970E+02
HessDelSqRho_EigVec1 =  8.6018292636E-01  3.9893348460E-01  3.1770648098E-01
HessDelSqRho_EigVec2 = -4.8020608756E-01  8.4334536146E-01  2.4118605843E-01
HessDelSqRho_EigVec3 = -1.7171909231E-01 -3.6002871576E-01  9.1700156879E-01
</CP of DelSqRho>
<CP of DelSqRho>
CP# = 17      
Type = (3,+1)
Coords = -2.01029848368113E+00  3.17107552123675E+00 -1.17902264517456E+00
DistFromNuc =  6.9620609853E-01
Rho =  7.6961570091E-01
DelSqRho = -2.4781491979E+00
GradDelSqRho =  8.8817841970E-16 -3.4638958368E-14 -1.0658141036E-14
HessDelSqRho_EigVals = -1.2675307352E+01  1.3555445909E+01  1.7911075920E+02
HessDelSqRho_EigVec1 =  8.6775383411E-01 -3.8271728130E-02 -4.9551847413E-01
HessDelSqRho_EigVec2 =  4.7008579895E-01 -2.6041335649E-01  8.4332925088E-01
HessDelSqRho_EigVec3 =  1.6131529687E-01  9.6473838868E-01  2.0798369266E-01
</CP of DelSqRho>
<CP of DelSqRho>
CP# = 18      
Type = (3,+3)
Coords = -2.26179154245347E+00  1.96456321098145E+00 -1.07669924799793E+00
DistFromNuc =  6.4166279371E-01
Rho =  9.5197793384E-01
DelSqRho = -4.3841662941E+00
GradDelSqRho = -3.6035174844E-11 -6.7067684739E-11  3.5729641468E-11
HessDelSqRho_EigVals =  9.2865170340E+00  2.3647177226E+01  3.2151014338E+02
HessDelSqRho_EigVec1 =  9.4092709691E-01 -2.9458037194E-01  1.6696886769E-01
HessDelSqRho_EigVec2 = -8.0794748281E-03  4.7342963483E-01  8.8079458613E-01
HessDelSqRho_EigVec3 =  3.3851280684E-01  8.3011251366E-01 -4.4308271719E-01
</CP of DelSqRho>
<CP of DelSqRho>
CP# = 19      
Type = (3,+1)
Coords = -1.58276891948729E+00  2.09719171797176E+00 -1.14173085188917E+00
DistFromNuc =  6.6270827743E-01
Rho =  8.7560356768E-01
DelSqRho = -3.5941770152E+00
GradDelSqRho =  7.6383344094E-14 -6.1284310959E-14  9.7699626167E-15
HessDelSqRho_EigVals = -6.7941270347E+00  1.9776709115E+01  2.5868382928E+02
HessDelSqRho_EigVec1 =  6.8960812981E-01  6.4052531473E-01 -3.3788747904E-01
HessDelSqRho_EigVec2 = -8.1616948750E-03  4.7342222905E-01  8.8079780868E-01
HessDelSqRho_EigVec3 =  7.2413673712E-01 -6.0464759508E-01  3.3170359016E-01
</CP of DelSqRho>
<CP of DelSqRho>
CP# = 20      
Type = (3,+3)
Coords = -2.36744547183948E+00  2.49516991468861E+00 -2.02473971194893E+00
DistFromNuc =  7.2982382947E-01
Rho =  7.3670038396E-01
DelSqRho = -2.9029268778E+00
GradDelSqRho = -2.4349411376E-12  5.5111470942E-13 -6.6866512327E-12
HessDelSqRho_EigVals =  1.0692500380E+01  2.2116753913E+01  1.3230358082E+02
HessDelSqRho_EigVec1 =  7.1358177392E-01  6.1443149623E-01 -3.3656349827E-01
HessDelSqRho_EigVec2 =  5.6188272044E-01 -7.8888627363E-01 -2.4889004750E-01
HessDelSqRho_EigVec3 =  4.1843620827E-01  1.1505812398E-02  9.0817330719E-01
</CP of DelSqRho>
<CP of DelSqRho>
CP# = 21      
Type = (3,+3)
Coords = -2.37696548670969E+00  3.04716698400820E+00 -9.97889802975582E-01
DistFromNuc =  7.2982370411E-01
Rho =  7.3673071513E-01
DelSqRho = -2.9033116827E+00
GradDelSqRho = -2.4419355427E-13  4.9293902293E-13  2.9798385981E-13
HessDelSqRho_EigVals =  1.0694077629E+01  2.2120272677E+01  1.3230635827E+02
HessDelSqRho_EigVec1 =  7.1343076611E-01  6.2515092921E-01 -3.1654834965E-01
HessDelSqRho_EigVec2 =  5.5210264144E-01 -2.2330339920E-01  8.0331703905E-01
HessDelSqRho_EigVec3 = -4.3150807093E-01  7.4787827058E-01  5.0445899448E-01
</CP of DelSqRho>
<CP of DelSqRho>
CP# = 22      
Type = (3,-3)
Coords = -1.74852291014698E+00  1.76601346772330E+00 -2.17904492134620E+00
DistFromNuc =  1.1412217326E+00
Rho =  2.4739443147E-01
DelSqRho =  8.4311678110E-01
GradDelSqRho = -6.9388939039E-16  7.3552275381E-16 -6.6266436782E-16
HessDelSqRho_EigVals = -1.7598361564E+01 -1.8205992711E+00 -5.1339222564E-01
HessDelSqRho_EigVec1 = -2.9466746063E-01  6.6114821007E-01  6.8996676149E-01
HessDelSqRho_EigVec2 =  6.5792710144E-01 -3.8327674770E-01  6.4825216071E-01
HessDelSqRho_EigVec3 =  6.9303897210E-01  6.4496664952E-01 -3.2204813951E-01
</CP of DelSqRho>
<CP of DelSqRho>
CP# = 23      
Type = (3,-3)
Coords = -1.76596941378626E+00  2.77830265542666E+00 -2.95736758144000E-01
DistFromNuc =  1.1412021516E+00
Rho =  2.4739541402E-01
DelSqRho =  8.4321245160E-01
GradDelSqRho =  8.3960616237E-16 -6.8001160258E-16 -1.0234868508E-15
HessDelSqRho_EigVals = -1.7600579605E+01 -1.8200817969E+00 -5.1397153107E-01
HessDelSqRho_EigVec1 =  2.7960079851E-01  2.1292522552E-01  9.3620843930E-01
HessDelSqRho_EigVec2 = -6.6417609188E-01  7.4703434767E-01  2.8457026848E-02
HessDelSqRho_EigVec3 =  6.9332064188E-01  6.2976386982E-01 -3.5029124427E-01
</CP of DelSqRho>
<CP of DelSqRho>
CP# = 24      
Type = (3,+1)
Coords = -2.55199686376104E+00  2.49780582567004E+00 -2.40235128574008E+00
DistFromNuc =  1.1500569454E+00
Rho =  4.1444432618E-01
DelSqRho = -9.5835484115E-01
GradDelSqRho = -2.0196344597E-13  1.9961809983E-13 -1.5196177650E-12
HessDelSqRho_EigVals = -3.1315076158E+01  1.4713645586E+01  1.5630324068E+01
HessDelSqRho_EigVec1 =  4.3057834323E-01 -1.5857700941E-03  9.0255181329E-01
HessDelSqRho_EigVec2 =  6.9204733609E-01  6.4250549549E-01 -3.2902457792E-01
HessDelSqRho_EigVec3 = -5.7937274267E-01  7.6627943571E-01  2.7774637974E-01
</CP of DelSqRho>
<CP of DelSqRho>
CP# = 25      
Type = (3,-3)
Coords = -3.11494935345542E+00  2.92999833535661E+00 -1.60361021602629E+00
DistFromNuc =  1.1648308789E+00
Rho =  2.5027858654E-01
DelSqRho =  8.4944113269E-01
GradDelSqRho = -1.2212453271E-15  2.7755575616E-17  5.5511151231E-17
HessDelSqRho_EigVals = -1.7161240914E+01 -3.2568749430E+00 -1.2962479929E-01
HessDelSqRho_EigVec1 =  9.0708528753E-01 -3.6719093012E-01  2.0583270388E-01
HessDelSqRho_EigVec2 = -8.1964043550E-03  4.7347610099E-01  8.8076852847E-01
HessDelSqRho_EigVec3 =  4.2086708128E-01  8.0061926197E-01 -4.2647355986E-01
</CP of DelSqRho>
<CP of DelSqRho>
CP# = 26      
Type = (3,+1)
Coords = -1.72461242292060E+00  1.44801853411769E+00 -7.94282413103003E-01
DistFromNuc =  1.2431407120E+00
Rho =  2.4279544701E-01
DelSqRho =  4.8946092146E-01
GradDelSqRho =  1.1622647289E-16  2.4980018054E-16 -8.1878948066E-16
HessDelSqRho_EigVals = -1.0800137567E+01  3.1972859881E-01  5.0959804912E-01
HessDelSqRho_EigVec1 = -2.3965923283E-01  8.5430310321E-01 -4.6122625680E-01
HessDelSqRho_EigVec2 = -9.7083020111E-01 -2.1441614663E-01  1.0730534316E-01
HessDelSqRho_EigVec3 = -7.2230690551E-03  4.7348909587E-01  8.8077006271E-01
</CP of DelSqRho>
<CP of DelSqRho>
CP# = 27      
Type = (3,-1)
Coords = -2.93629030474052E+00  3.17290740090284E+00 -1.73252892730290E+00
DistFromNuc =  1.1649387949E+00
Rho =  2.5258694433E-01
DelSqRho =  8.4733592599E-01
GradDelSqRho =  7.2164496601E-16 -9.9920072216E-16 -7.7715611724E-16
HessDelSqRho_EigVals = -1.6494056684E+01 -4.2642033679E+00  9.3764817469E-02
HessDelSqRho_EigVec1 =  7.5226640290E-01 -5.7737476281E-01  3.1738563664E-01
HessDelSqRho_EigVec2 =  8.1985572093E-03 -4.7347960789E-01 -8.8076662322E-01
HessDelSqRho_EigVec3 =  6.5880804696E-01  6.6517324374E-01 -3.5144916145E-01
</CP of DelSqRho>
<CP of DelSqRho>
CP# = 28      
Type = (3,-1)
Coords = -1.50652603096809E+00  3.53220709722644E+00 -1.14194026979332E+00
DistFromNuc =  1.1901281047E+00
Rho =  2.4371712452E-01
DelSqRho =  7.2276583827E-01
GradDelSqRho = -9.8532293435E-16 -5.2735593670E-16  1.0581813203E-15
HessDelSqRho_EigVals = -1.7275766654E+01 -1.1621409493E+00  2.8988107417E-01
HessDelSqRho_EigVec1 =  4.8135829249E-01  8.5684608527E-01  1.8468616733E-01
HessDelSqRho_EigVec2 =  8.2893548941E-01 -3.7652227199E-01 -4.1363865039E-01
HessDelSqRho_EigVec3 =  2.8488620298E-01 -3.5220131296E-01  8.9151224697E-01
</CP of DelSqRho>
<CP of DelSqRho>
CP# = 29      
Type = (3,-1)
Coords = -2.83310064018107E+00  2.32672643299457E+00 -4.75577765752031E-01
DistFromNuc =  1.1909826640E+00
Rho =  2.4485426991E-01
DelSqRho =  7.0942208660E-01
GradDelSqRho =  2.9976021665E-15 -2.7755575616E-17 -2.0261570199E-15
HessDelSqRho_EigVals = -1.6830601312E+01 -1.3187099300E+00  3.2436074566E-01
HessDelSqRho_EigVec1 = -6.4170259144E-01 -1.6350506309E-01  7.4932227945E-01
HessDelSqRho_EigVec2 = -1.6691075902E-01  9.8336621514E-01  7.1635783317E-02
HessDelSqRho_EigVec3 = -7.4857102713E-01 -7.9101082619E-02 -6.5831940277E-01
</CP of DelSqRho>
<CP of DelSqRho>
CP# = 30      
Type = (3,-3)
Coords = -2.54997527289833E+00  3.42836113695773E+00 -1.86626058339466E+00
DistFromNuc =  1.1632748613E+00
Rho =  2.4996045929E-01
DelSqRho =  8.5336174258E-01
GradDelSqRho = -5.5511151231E-16  0.0000000000E+00  1.1102230246E-16
HessDelSqRho_EigVals = -1.7193148705E+01 -3.1461717211E+00 -1.8463864380E-01
HessDelSqRho_EigVec1 = -4.2078806270E-01  7.9738268039E-01 -4.3257169037E-01
HessDelSqRho_EigVec2 = -8.1920564338E-03  4.7348269044E-01  8.8076502659E-01
HessDelSqRho_EigVec3 =  9.0712198546E-01  3.7415906093E-01 -1.9270366011E-01
</CP of DelSqRho>
<CP of DelSqRho>
CP# = 31      
Type = (3,-1)
Coords = -2.82154051320713E+00  1.65858266603814E+00 -1.71852820021958E+00
DistFromNuc =  1.1909704727E+00
Rho =  2.4485414278E-01
DelSqRho =  7.0948313153E-01
GradDelSqRho =  3.5413338928E-13  4.1494585545E-13  1.5682594112E-13
HessDelSqRho_EigVals = -1.6831825412E+01 -1.3187661881E+00  3.2402494589E-01
HessDelSqRho_EigVec1 =  6.3208003369E-01  7.2012714592E-01  2.8616730199E-01
HessDelSqRho_EigVec2 = -1.5822325199E-01  4.8145214561E-01 -8.6207263848E-01
HessDelSqRho_EigVec3 =  7.5857777027E-01 -4.9962058124E-01 -4.1825714729E-01
</CP of DelSqRho>
<CP of DelSqRho>
CP# = 32      
Type = (3,-1)
Coords = -1.49543191444138E+00  2.88958842384246E+00 -2.33730842321032E+00
DistFromNuc =  1.1901188068E+00
Rho =  2.4371551976E-01
DelSqRho =  7.2280054297E-01
GradDelSqRho = -1.1379786002E-15 -7.2164496601E-16  1.8873791419E-15
HessDelSqRho_EigVals = -1.7276055300E+01 -1.1623363293E+00  2.8968527216E-01
HessDelSqRho_EigVec1 = -4.9058124883E-01 -3.2233816702E-01  8.0958516808E-01
HessDelSqRho_EigVec2 =  8.1996628193E-01  1.4369168538E-01  5.5408302270E-01
HessDelSqRho_EigVec3 = -2.9493276317E-01  9.3565528141E-01  1.9381398188E-01
</CP of DelSqRho>
<Path of -GradDelSqRho>
Starting CP# =      3
Ending CP# =      0
Number of Points =     30
 -2.5669303367E+00  3.3620955152E+00 -7.9451679930E-01  4.1449469095E-01 -9.5874180654E-01
 -2.5780207177E+00  3.3808554732E+00 -7.8226659889E-01  4.0422208437E-01 -9.6849748408E-01
 -2.5891149039E+00  3.3996206351E+00 -7.7002781968E-01  3.9496284134E-01 -9.9768217373E-01
 -2.6002125092E+00  3.4183909631E+00 -7.5780006708E-01  3.8668910953E-01 -1.0462998617E+00
 -2.6113130303E+00  3.4371663068E+00 -7.4558266610E-01  3.7936858149E-01 -1.1145060661E+00
 -2.6224159002E+00  3.4559464108E+00 -7.3337471915E-01  3.7296459911E-01 -1.2025335424E+00
 -2.6335205504E+00  3.4747309269E+00 -7.2117518269E-01  3.6743615149E-01 -1.3105366104E+00
 -2.6446264846E+00  3.4935194304E+00 -7.0898295749E-01  3.6273787223E-01 -1.4383239403E+00
 -2.6557333619E+00  3.5123114355E+00 -6.9679698936E-01  3.5882022427E-01 -1.5849508006E+00
 -2.6668410957E+00  3.5311064077E+00 -6.8461637902E-01  3.5563017425E-01 -1.7481687385E+00
 -2.6779499781E+00  3.5499037696E+00 -6.7244050475E-01  3.5311279388E-01 -1.9238075560E+00
 -2.6890608502E+00  3.5687028956E+00 -6.6026917031E-01  3.5121434529E-01 -2.1053145115E+00
 -2.7001753336E+00  3.5875030975E+00 -6.4810279612E-01  3.4988742635E-01 -2.2838996464E+00
 -2.7112960367E+00  3.6063036334E+00 -6.3594262320E-01  3.4909853452E-01 -2.4499784655E+00
 -2.7224259829E+00  3.6251039141E+00 -6.2379051543E-01  3.4883778855E-01 -2.5967221619E+00
 -2.7335641240E+00  3.6439044895E+00 -6.1164637376E-01  3.4912941246E-01 -2.7263024869E+00
 -2.7446944563E+00  3.6627088184E+00 -5.9950088645E-01  3.5004000717E-01 -2.8586451433E+00
 -2.7557924847E+00  3.6815208851E+00 -5.8733783841E-01  3.5167998596E-01 -3.0411486567E+00
 -2.7668554317E+00  3.7003398157E+00 -5.7515346505E-01  3.5419236176E-01 -3.3561708476E+00
 -2.7778957783E+00  3.7191625576E+00 -5.6295448551E-01  3.5772341055E-01 -3.9217267494E+00
 -2.7889235424E+00  3.7379871224E+00 -5.5074694003E-01  3.6237259220E-01 -4.8804643384E+00
 -2.7999441090E+00  3.7568125554E+00 -5.3853423434E-01  3.6812442915E-01 -6.3731182754E+00
 -2.8109602127E+00  3.7756384099E+00 -5.2631815238E-01  3.7477268583E-01 -8.4957900649E+00
 -2.8219732828E+00  3.7944644657E+00 -5.1409964553E-01  3.8185582191E-01 -1.1246258389E+01
 -2.8329840965E+00  3.8132906043E+00 -5.0187923275E-01  3.8862943061E-01 -1.4473268990E+01
 -2.8439930862E+00  3.8321167505E+00 -4.8965718849E-01  3.9410182339E-01 -1.7851860078E+01
 -2.8550004829E+00  3.8509428376E+00 -4.7743361872E-01  3.9714829114E-01 -2.0910266884E+01
 -2.8660063704E+00  3.8697687632E+00 -4.6520844116E-01  3.9669613348E-01 -2.3121306343E+01
 -2.8770105628E+00  3.8885941683E+00 -4.5298093648E-01  3.9194197446E-01 -2.4042028141E+01
 -2.8781107916E+00  3.8904765448E+00 -4.5175776227E-01  3.9121192957E-01 -2.4052173440E+01
</Path of -GradDelSqRho>
<Path of -GradDelSqRho>
Starting CP# =      3
Ending CP# =     21
Number of Points =     17
 -2.5669303367E+00  3.3620955152E+00 -7.9451679930E-01  4.1449469095E-01 -9.5874180654E-01
 -2.5558438521E+00  3.3433405136E+00 -8.0677811085E-01  4.2580379668E-01 -9.6857769755E-01
 -2.5447614370E+00  3.3245904646E+00 -8.1905067063E-01  4.3816739732E-01 -9.9830332324E-01
 -2.5336829216E+00  3.3058450900E+00 -8.3133388744E-01  4.5159776909E-01 -1.0482826494E+00
 -2.5226079059E+00  3.2871040277E+00 -8.4362683679E-01  4.6610078740E-01 -1.1188404575E+00
 -2.5115357449E+00  3.2683668454E+00 -8.5592826921E-01  4.8167520182E-01 -1.2101248908E+00
 -2.5004655285E+00  3.2496330520E+00 -8.6823661159E-01  4.9831195430E-01 -1.3219408797E+00
 -2.4893960502E+00  3.2309021055E+00 -8.8054994950E-01  5.1599364714E-01 -1.4535594698E+00
 -2.4783257523E+00  3.2121734122E+00 -8.9286597772E-01  5.3469428650E-01 -1.6035102412E+00
 -2.4672526328E+00  3.1934463176E+00 -9.0518190049E-01  5.5437944401E-01 -1.7693661360E+00
 -2.4561740844E+00  3.1747200842E+00 -9.1749424954E-01  5.7500699173E-01 -1.9475314072E+00
 -2.4450866085E+00  3.1559938476E+00 -9.2979855450E-01  5.9652857332E-01 -2.1330430003E+00
 -2.4339852726E+00  3.1372665347E+00 -9.4208871493E-01  6.1889197718E-01 -2.3193915267E+00
 -2.4228625628E+00  3.1185366970E+00 -9.5435567757E-01  6.4204457274E-01 -2.4983564330E+00
 -2.4117055519E+00  3.0998021150E+00 -9.6658417620E-01  6.6593795030E-01 -2.6598243978E+00
 -2.4004869539E+00  3.0810586265E+00 -9.7874243626E-01  6.9053376588E-01 -2.7915093876E+00
 -2.3769654867E+00  3.0471669840E+00 -9.9788980298E-01  7.3673071513E-01 -2.9033116827E+00
</Path of -GradDelSqRho>
<Path of -GradDelSqRho>
Starting CP# =      4
Ending CP# =     10
Number of Points =     38
 -1.9969682071E+00  2.6396946785E+00 -1.4371606540E+00  2.2540401098E+01  1.2365505816E+03
 -1.9876313435E+00  2.6601573185E+00 -1.4480740876E+00  1.5622567548E+01  1.1543878711E+03
 -1.9782644905E+00  2.6806094264E+00 -1.4589815774E+00  1.0932667961E+01  9.8413204423E+02
 -1.9688901659E+00  2.7010589027E+00 -1.4698875826E+00  7.7628985754E+00  7.7549854662E+02
 -1.9594983205E+00  2.7215021972E+00 -1.4807901000E+00  5.6287198220E+00  5.7436576451E+02
 -1.9500715994E+00  2.7419331459E+00 -1.4916856529E+00  4.1927529262E+00  4.0968207768E+02
 -1.9405911332E+00  2.7623449636E+00 -1.5025704161E+00  3.2240682266E+00  2.8664820120E+02
 -1.9310380426E+00  2.7827307260E+00 -1.5134404898E+00  2.5676036251E+00  1.9811404104E+02
 -1.9213949496E+00  2.8030838722E+00 -1.5242921834E+00  2.1198804225E+00  1.3486335876E+02
 -1.9116451432E+00  2.8233978749E+00 -1.5351218305E+00  1.8115016455E+00  8.9684678456E+01
 -1.9017683865E+00  2.8436646382E+00 -1.5459248886E+00  1.5956075931E+00  5.7674191061E+01
 -1.8917349641E+00  2.8638720867E+00 -1.5566945863E+00  1.4405335882E+00  3.5444347436E+01
 -1.8814988864E+00  2.8840011209E+00 -1.5674202229E+00  1.3250577659E+00  2.0455852259E+01
 -1.8709888137E+00  2.9040210671E+00 -1.5780846371E+00  1.2351779547E+00  1.0696729541E+01
 -1.8600932547E+00  2.9238814410E+00 -1.5886596388E+00  1.1618397691E+00  4.5762130396E+00
 -1.8486335792E+00  2.9434950707E+00 -1.5990966826E+00  1.0993245170E+00  8.8554960580E-01
 -1.8363099994E+00  2.9626988918E+00 -1.6093052807E+00  1.0441451872E+00 -1.2459930064E+00
 -1.8225791521E+00  2.9811451506E+00 -1.6190933586E+00  9.9439496584E-01 -2.4129259307E+00
 -1.8063408517E+00  2.9979118495E+00 -1.6279548698E+00  9.4976657501E-01 -3.0036526204E+00
 -1.7854483081E+00  3.0097451577E+00 -1.6341202484E+00  9.1409906382E-01 -3.2721411912E+00
 -1.7608791600E+00  3.0092984655E+00 -1.6336489135E+00  9.0007176648E-01 -3.4090404169E+00
 -1.7384724516E+00  2.9997359052E+00 -1.6282969584E+00  9.0324056010E-01 -3.5233611698E+00
 -1.7177618895E+00  2.9874945390E+00 -1.6215207966E+00  9.1079200859E-01 -3.6336476869E+00
 -1.6978545156E+00  2.9742562811E+00 -1.6142163070E+00  9.1894325444E-01 -3.7404367093E+00
 -1.6785201949E+00  2.9603752182E+00 -1.6065717229E+00  9.2683788801E-01 -3.8431346098E+00
 -1.6597230025E+00  2.9459337589E+00 -1.5986310429E+00  9.3426593326E-01 -3.9410956530E+00
 -1.6414711169E+00  2.9309598283E+00 -1.5904093902E+00  9.4115649818E-01 -4.0337001480E+00
 -1.6237815711E+00  2.9154712241E+00 -1.5819165281E+00  9.4746939954E-01 -4.1203711494E+00
 -1.6066730184E+00  2.8994840593E+00 -1.5731613314E+00  9.5317414667E-01 -4.2005846723E+00
 -1.5901644272E+00  2.8830142656E+00 -1.5641525831E+00  9.5824649575E-01 -4.2738781901E+00
 -1.5742748601E+00  2.8660779047E+00 -1.5548991392E+00  9.6266807350E-01 -4.3398579002E+00
 -1.5590234182E+00  2.8486912959E+00 -1.5454099979E+00  9.6642640525E-01 -4.3982046917E+00
 -1.5444292011E+00  2.8308711122E+00 -1.5356943501E+00  9.6951493127E-01 -4.4486787003E+00
 -1.5305112663E+00  2.8126344629E+00 -1.5257616239E+00  9.7193296103E-01 -4.4911223676E+00
 -1.5172885885E+00  2.7939989649E+00 -1.5156215212E+00  9.7368556336E-01 -4.5254619688E+00
 -1.5047800197E+00  2.7749828053E+00 -1.5052840490E+00  9.7478339562E-01 -4.5517076125E+00
 -1.4930042489E+00  2.7556047975E+00 -1.4947595442E+00  9.7524247480E-01 -4.5699517650E+00
 -1.4728917603E+00  2.7182179906E+00 -1.4744801929E+00  9.7445164236E-01 -4.5832493599E+00
</Path of -GradDelSqRho>
<Path of -GradDelSqRho>
Starting CP# =      4
Ending CP# =      1
Number of Points =      7
 -1.9969682071E+00  2.6396946785E+00 -1.4371606540E+00  2.2540401098E+01  1.2365505816E+03
 -2.0062382648E+00  2.6192087111E+00 -1.4262340513E+00  3.2778625923E+01  9.8434079222E+02
 -2.0154515498E+00  2.5987030635E+00 -1.4152963344E+00  4.8035442836E+01 -7.9763254570E+02
 -2.0246397808E+00  2.5781887768E+00 -1.4043537374E+00  7.0698442776E+01 -6.3992684996E+03
 -2.0338097956E+00  2.5576682289E+00 -1.3934076029E+00  1.0433700634E+02 -2.0676084029E+04
 -2.0429496682E+00  2.5371373500E+00 -1.3824556305E+00  1.5480164519E+02 -7.5458654535E+04
 -2.0587632400E+00  2.5014903732E+00 -1.3634396176E+00  2.9729508407E+02 -3.3292522611E+06
</Path of -GradDelSqRho>
<Path of -GradDelSqRho>
Starting CP# =      5
Ending CP# =      1
Number of Points =      7
 -2.2155304691E+00  2.4460985630E+00 -1.3351293358E+00  2.2484271177E+01  1.2296547528E+03
 -2.1923276303E+00  2.4543853170E+00 -1.3393669705E+00  3.2684564361E+01  9.8164725231E+02
 -2.1691041836E+00  2.4626267590E+00 -1.3435800500E+00  4.7879863642E+01 -7.7617793846E+02
 -2.1458716514E+00  2.4708481289E+00 -1.3477822526E+00  7.0448525019E+01 -6.3298794893E+03
 -2.1226326605E+00  2.4790551892E+00 -1.3519767009E+00  1.0393657587E+02 -2.0418423668E+04
 -2.0993828977E+00  2.4872383237E+00 -1.3561581843E+00  1.5417758186E+02 -7.4584664149E+04
 -2.0587632400E+00  2.5014903732E+00 -1.3634396176E+00  2.9729508407E+02 -3.3292522611E+06
</Path of -GradDelSqRho>
<Path of -GradDelSqRho>
Starting CP# =      5
Ending CP# =     18
Number of Points =     41
 -2.2155304691E+00  2.4460985630E+00 -1.3351293358E+00  2.2484271177E+01  1.2296547528E+03
 -2.2387092018E+00  2.4377591468E+00 -1.3308631613E+00  1.5589150047E+01  1.1484134158E+03
 -2.2618773570E+00  2.4293967390E+00 -1.3265845267E+00  1.0912769057E+01  9.7922841802E+02
 -2.2850428974E+00  2.4210286617E+00 -1.3223028199E+00  7.7507868815E+00  7.7159085113E+02
 -2.3082020341E+00  2.4126467212E+00 -1.3180135998E+00  5.6207213524E+00  5.7147937186E+02
 -2.3313483705E+00  2.4042371511E+00 -1.3137094055E+00  4.1865648192E+00  4.0771885496E+02
 -2.3544748871E+00  2.3957850111E+00 -1.3093821387E+00  3.2183267328E+00  2.8541431617E+02
 -2.3775744330E+00  2.3872753461E+00 -1.3050236920E+00  2.5615654613E+00  1.9741228311E+02
 -2.4006402504E+00  2.3786943862E+00 -1.3006265990E+00  2.1131954401E+00  1.3453626004E+02
 -2.4236656402E+00  2.3700288906E+00 -1.2961836782E+00  1.8040612383E+00  8.9616242251E+01
 -2.4466423189E+00  2.3612628363E+00 -1.2916862374E+00  1.5874465141E+00  5.7778873100E+01
 -2.4695579641E+00  2.3523727222E+00 -1.2871215259E+00  1.4317655676E+00  3.5657824112E+01
 -2.4923931537E+00  2.3433222253E+00 -1.2824698332E+00  1.3158321642E+00  2.0730016353E+01
 -2.5151168613E+00  2.3340551075E+00 -1.2777006326E+00  1.2256500844E+00  1.0997016019E+01
 -2.5376784307E+00  2.3244837450E+00 -1.2727663388E+00  1.1521500739E+00  4.8794357131E+00
 -2.5599914508E+00  2.3144684468E+00 -1.2675910374E+00  1.0895817484E+00  1.1775995816E+00
 -2.5818972229E+00  2.3037766260E+00 -1.2620481894E+00  1.0344049172E+00 -9.7244557751E-01
 -2.6030665682E+00  2.2919913851E+00 -1.2559105599E+00  9.8460755395E-01 -2.1603133849E+00
 -2.6226605242E+00  2.2782740833E+00 -1.2487193724E+00  9.3957518966E-01 -2.7703346557E+00
 -2.6377585566E+00  2.2608348474E+00 -1.2394848558E+00  9.0187122268E-01 -3.0501902497E+00
 -2.6398539359E+00  2.2393198707E+00 -1.2279368328E+00  8.8359944267E-01 -3.1823136546E+00
 -2.6298837336E+00  2.2192463397E+00 -1.2170503913E+00  8.8486669780E-01 -3.2860524216E+00
 -2.6163097101E+00  2.2008168765E+00 -1.2070139748E+00  8.9149709076E-01 -3.3863318244E+00
 -2.6015158058E+00  2.1831273051E+00 -1.1973638806E+00  8.9892263458E-01 -3.4841874309E+00
 -2.5859711156E+00  2.1659449496E+00 -1.1879794583E+00  9.0617767983E-01 -3.5791636233E+00
 -2.5697783076E+00  2.1492340899E+00 -1.1788425119E+00  9.1304359231E-01 -3.6707312315E+00
 -2.5529704424E+00  2.1330016967E+00 -1.1699571464E+00  9.1945306334E-01 -3.7583730900E+00
 -2.5355681122E+00  2.1172629907E+00 -1.1613317872E+00  9.2537020281E-01 -3.8415986512E+00
 -2.5175898905E+00  2.1020346387E+00 -1.1529756198E+00  9.3076814353E-01 -3.9199521642E+00
 -2.4990541417E+00  2.0873335524E+00 -1.1448979616E+00  9.3562539233E-01 -3.9930194801E+00
 -2.4799793766E+00  2.0731766980E+00 -1.1371081619E+00  9.3992540111E-01 -4.0604340134E+00
 -2.4603843880E+00  2.0595810576E+00 -1.1296155827E+00  9.4365657763E-01 -4.1218818258E+00
 -2.4402883514E+00  2.0465636060E+00 -1.1224295866E+00  9.4681229840E-01 -4.1771057412E+00
 -2.4197109162E+00  2.0341412845E+00 -1.1155595221E+00  9.4939086759E-01 -4.2259084161E+00
 -2.3986722866E+00  2.0223309705E+00 -1.1090147070E+00  9.5139541970E-01 -4.2681543228E+00
 -2.3771932958E+00  2.0111494456E+00 -1.1028044091E+00  9.5283376966E-01 -4.3037706359E+00
 -2.3552954724E+00  2.0006133613E+00 -1.0969378239E+00  9.5371821475E-01 -4.3327470421E+00
 -2.3330011000E+00  1.9907392040E+00 -1.0914240500E+00  9.5406529277E-01 -4.3551345228E+00
 -2.3103332722E+00  1.9815432595E+00 -1.0862720580E+00  9.5389550114E-01 -4.3710431855E+00
 -2.2873159434E+00  1.9730415785E+00 -1.0814906501E+00  9.5323298188E-01 -4.3806392416E+00
 -2.2617915425E+00  1.9645632110E+00 -1.0766992480E+00  9.5197793384E-01 -4.3841662941E+00
</Path of -GradDelSqRho>
<Path of -GradDelSqRho>
Starting CP# =     13
Ending CP# =     21
Number of Points =     19
 -2.5773716193E+00  2.6535824003E+00 -9.2519651184E-01  7.6901072854E-01 -2.4319809714E+00
 -2.5730987983E+00  2.6763438467E+00 -9.2486664004E-01  7.6504781941E-01 -2.4352665282E+00
 -2.5677642176E+00  2.7007663366E+00 -9.2498922081E-01  7.6115794927E-01 -2.4458840931E+00
 -2.5616870210E+00  2.7250070547E+00 -9.2561043992E-01  7.5765507874E-01 -2.4632749137E+00
 -2.5548748398E+00  2.7490334383E+00 -9.2673175675E-01  7.5452003314E-01 -2.4867368294E+00
 -2.5473346990E+00  2.7728124833E+00 -9.2835437906E-01  7.5173061683E-01 -2.5154547362E+00
 -2.5390727952E+00  2.7963104365E+00 -9.3047940849E-01  7.4926233440E-01 -2.5485133023E+00
 -2.5300942817E+00  2.8194924183E+00 -9.3310794465E-01  7.4708920036E-01 -2.5849128983E+00
 -2.5204030641E+00  2.8423219754E+00 -9.3624113776E-01  7.4518464660E-01 -2.6235885186E+00
 -2.5100016085E+00  2.8647605578E+00 -9.3988016641E-01  7.4352253138E-01 -2.6634313749E+00
 -2.4988907676E+00  2.8867669224E+00 -9.4402610034E-01  7.4207824189E-01 -2.7033127652E+00
 -2.4870696343E+00  2.9082964749E+00 -9.4867958137E-01  7.4082986157E-01 -2.7421097669E+00
 -2.4745354326E+00  2.9293005840E+00 -9.5384021218E-01  7.3975933973E-01 -2.7787322527E+00
 -2.4612834505E+00  2.9497259356E+00 -9.5950547395E-01  7.3885354899E-01 -2.8121506598E+00
 -2.4473069778E+00  2.9695140431E+00 -9.6566887941E-01  7.3810504596E-01 -2.8414238411E+00
 -2.4325970806E+00  2.9886010625E+00 -9.7231686099E-01  7.3751226983E-01 -2.8657261728E+00
 -2.4171416812E+00  3.0069179967E+00 -9.7942342884E-01  7.3707885901E-01 -2.8843729007E+00
 -2.4009222411E+00  3.0243908806E+00 -9.8694017014E-01  7.3681182485E-01 -2.8968425237E+00
 -2.3769654867E+00  3.0471669840E+00 -9.9788980298E-01  7.3673071513E-01 -2.9033116827E+00
</Path of -GradDelSqRho>
<Path of -GradDelSqRho>
Starting CP# =     13
Ending CP# =     18
Number of Points =     34
 -2.5773716193E+00  2.6535824003E+00 -9.2519651184E-01  7.6901072854E-01 -2.4319809714E+00
 -2.5809999887E+00  2.6306990788E+00 -9.2595167423E-01  7.7332843644E-01 -2.4353773171E+00
 -2.5841750828E+00  2.6059364113E+00 -9.2723988239E-01  7.7838902344E-01 -2.4468387150E+00
 -2.5865770918E+00  2.5811169273E+00 -9.2901574898E-01  7.8387125166E-01 -2.4665928526E+00
 -2.5881989263E+00  2.5562734208E+00 -9.3127400258E-01  7.8977169773E-01 -2.4947168623E+00
 -2.5890343120E+00  2.5314388227E+00 -9.3400795892E-01  7.9608100886E-01 -2.5311617666E+00
 -2.5890779953E+00  2.5066461046E+00 -9.3720932406E-01  8.0278359822E-01 -2.5757579291E+00
 -2.5883259035E+00  2.4819281376E+00 -9.4086800723E-01  8.0985740867E-01 -2.6282216027E+00
 -2.5867752533E+00  2.4573175155E+00 -9.4497195211E-01  8.1727375785E-01 -2.6881621730E+00
 -2.5844245933E+00  2.4328463552E+00 -9.4950698975E-01  8.2499728079E-01 -2.7550897767E+00
 -2.5812737708E+00  2.4085460917E+00 -9.5445671310E-01  8.3298598822E-01 -2.8284230827E+00
 -2.5773238158E+00  2.3844472833E+00 -9.5980237019E-01  8.4119145959E-01 -2.9074971422E+00
 -2.5725767348E+00  2.3605794465E+00 -9.6552276845E-01  8.4955918903E-01 -2.9915713281E+00
 -2.5670352155E+00  2.3369709403E+00 -9.7159417790E-01  8.5802909928E-01 -3.0798374850E+00
 -2.5607022418E+00  2.3136489166E+00 -9.7799021539E-01  8.6653623275E-01 -3.1714284912E+00
 -2.5535806279E+00  2.2906393533E+00 -9.8468168554E-01  8.7501162171E-01 -3.2654274758E+00
 -2.5456724770E+00  2.2679671831E+00 -9.9163634725E-01  8.8338332920E-01 -3.3608779488E+00
 -2.5369785751E+00  2.2456565298E+00 -9.9881856608E-01  8.9157764211E-01 -3.4567950723E+00
 -2.5274977288E+00  2.2237310634E+00 -1.0061888037E+00  8.9952038774E-01 -3.5521782499E+00
 -2.5172260530E+00  2.2022144888E+00 -1.0137028830E+00  9.0713833715E-01 -3.6460251335E+00
 -2.5061562136E+00  2.1811311915E+00 -1.0213109519E+00  9.1436065462E-01 -3.7373470651E+00
 -2.4942766276E+00  2.1605070829E+00 -1.0289560477E+00  9.2112035341E-01 -3.8251858887E+00
 -2.4815706323E+00  2.1403707142E+00 -1.0365721331E+00  9.2735572434E-01 -3.9086320063E+00
 -2.4680156523E+00  2.1207547767E+00 -1.0440814411E+00  9.3301171550E-01 -3.9868435043E+00
 -2.4535824543E+00  2.1016981699E+00 -1.0513909239E+00  9.3804125712E-01 -4.0590661535E+00
 -2.4382346961E+00  2.0832489129E+00 -1.0583875798E+00  9.4240654339E-01 -4.1246540476E+00
 -2.4219292252E+00  2.0654682769E+00 -1.0649324879E+00  9.4608029962E-01 -4.1830905418E+00
 -2.4046180510E+00  2.0484365888E+00 -1.0708536735E+00  9.4904707133E-01 -4.2340088187E+00
 -2.3862537176E+00  2.0322609922E+00 -1.0759388313E+00  9.5130455398E-01 -4.2772105563E+00
