 AIMInt (Version 19.02.13, Professional)
 Portions Copyright (c) 1997-2019 by Todd A. Keith
 AIMInt is a component of the AIMAll package ( http://aim.tkgristmill.com )

 TP:  64-bit Linux

 Licensed To:  Research Group of Fernando Cortes Guzman, UNAM, fercor@unam.mx

 AIMInt is a heavily modified and extended version of the PROAIMV program
 developed by members of R.F.W. Bader's research group

 Much of the Quantum Theory of Atoms in Molecules (QTAIM) is described in the book:
   "Atoms in Molecules - A Quantum Theory"
   R.F.W. Bader, Oxford University Press, Oxford, 1990

 For additional references see:  http://aim.tkgristmill.com/references.html

 Current Directory:  /home/scratch/M_H2O_4_tetraedrico/Opt

 Inp File:  V2_tetraedrico_cc-pvtz-def2-tzv_1_atomicfiles/o8.inp
 Wfx File:  V2_tetraedrico_cc-pvtz-def2-tzv_1.wfx
 Out File:  V2_tetraedrico_cc-pvtz-def2-tzv_1_atomicfiles/o8.int

 Wfx Title:   V2_tetraedrico_cc-pvtz-def2-tzv_1                                             
 Job Title:   V2_tetraedrico_cc-pvtz-def2-tzv_1                                             
 
<Atom>
O8      
</Atom>
<Nuclei of Molecule>
    13
V1        23.0          -3.3672515202E-05   5.5287090505E-05  -1.9085634029E-05
O2         8.0           2.0030155269E+00   1.3840631117E+00   2.5350892074E+00
H3         1.0           2.8115089410E+00   4.7678698644E-01   3.9445092238E+00
O4         8.0          -1.9995657973E+00  -2.5557037961E+00   1.3506935460E+00
H5         1.0          -2.7708587388E+00  -3.9782267848E+00   4.3170899390E-01
O6         8.0          -2.0587629348E+00   2.5014901633E+00  -1.3634395019E+00
H7         1.0          -2.8576829812E+00   2.5010056318E+00  -3.0443006304E+00
O8         8.0           2.0551794977E+00  -1.3296278014E+00  -2.5224186681E+00
H9         1.0           2.8848268933E+00  -2.9955466734E+00  -2.5279851588E+00
H10        1.0           2.7831632005E+00   3.0736542532E+00   2.5489034078E+00
H11        1.0          -2.8817883568E+00   3.8968489885E+00  -4.4759854702E-01
H12        1.0          -2.8122900113E+00  -2.5757398487E+00   3.0248138891E+00
H13        1.0           2.8449651804E+00  -4.0182757594E-01  -3.9290088763E+00
</Nuclei of Molecule>
<Total Number of CPs of DelSqRho>
    31
</Total Number of CPs of DelSqRho>
<Number of (3,+3) CPs of DelSqRho>
     5
</Number of (3,+3) CPs of DelSqRho>
<Number of (3,+1) CPs of DelSqRho>
    10
</Number of (3,+1) CPs of DelSqRho>
<Number of (3,-1) CPs of DelSqRho>
    10
</Number of (3,-1) CPs of DelSqRho>
<Number of (3,-3) CPs of DelSqRho>
     6
</Number of (3,-3) CPs of DelSqRho>
<Number of Degenerate CPs of DelSqRho>
     0
</Number of Degenerate CPs of DelSqRho>
<CP of DelSqRho>
CP# = 1       
Type = (3,+3)
Coords =  2.05517980244920E+00 -1.32962791207342E+00 -2.52241888133405E+00
DistFromNuc =  3.8804116561E-07
Rho =  2.9729503275E+02
DelSqRho = -3.3292517086E+06
GradDelSqRho =  1.3083240447E-05  8.1964494711E-06  1.5877301848E-05
HessDelSqRho_EigVals =  1.3239647046E+11  1.3239648802E+11  1.3239649614E+11
HessDelSqRho_EigVec1 =  7.4443291496E-01  3.2617021983E-01  5.8260846443E-01
HessDelSqRho_EigVec2 = -6.6756867118E-01  3.4646144040E-01  6.5902696423E-01
HessDelSqRho_EigVec3 = -1.3103602019E-02  8.7953252243E-01 -4.7565832022E-01
</CP of DelSqRho>
<CP of DelSqRho>
CP# = 2       
Type = (3,-1)
Coords =  1.12338821136487E+00 -7.93973325268426E-01 -1.50382305513536E+00
DistFromNuc =  1.4807760607E+00
Rho =  1.4828070288E-01
DelSqRho =  4.5890047743E-01
GradDelSqRho = -1.1865508576E-15  6.4531713306E-16  2.0122792321E-15
HessDelSqRho_EigVals = -6.6268429524E-01 -6.0499142406E-01  4.8085683105E+00
HessDelSqRho_EigVec1 =  8.1378077262E-01  2.8750415396E-01  5.0507644528E-01
HessDelSqRho_EigVec2 =  1.5277623698E-02 -8.7934780400E-01  4.7593490501E-01
HessDelSqRho_EigVec3 = -5.8097112521E-01  3.7959030685E-01  7.1998871562E-01
</CP of DelSqRho>
<CP of DelSqRho>
CP# = 3       
Type = (3,+1)
Coords =  2.54279208493979E+00 -7.53320133006223E-01 -3.38996984511493E+00
DistFromNuc =  1.1500180906E+00
Rho =  4.1450765597E-01
DelSqRho = -9.5885803833E-01
GradDelSqRho =  2.8310687128E-15  1.6653345369E-15  2.2709698705E-15
HessDelSqRho_EigVals = -3.1331357505E+01  1.4720673704E+01  1.5638759437E+01
HessDelSqRho_EigVec1 = -4.2570334760E-01 -4.9668618529E-01  7.5635936775E-01
HessDelSqRho_EigVec2 =  6.9312878196E-01  3.5834153770E-01  6.2543091863E-01
HessDelSqRho_EigVec3 =  5.8167787603E-01 -7.9050248305E-01 -1.9172029844E-01
</CP of DelSqRho>
<CP of DelSqRho>
CP# = 4       
Type = (3,+1)
Coords =  2.21202818272897E+00 -1.29831897609614E+00 -2.46890321610320E+00
DistFromNuc =  1.6865840074E-01
Rho =  2.2484341097E+01
DelSqRho =  1.2296594930E+03
GradDelSqRho = -6.6961547418E-11 -1.3500311979E-11 -1.4239276425E-11
HessDelSqRho_EigVals = -4.0578111555E+05  2.0921166831E+03  3.5262907639E+03
HessDelSqRho_EigVec1 =  9.2807582858E-01  1.8788557700E-01  3.2151868743E-01
HessDelSqRho_EigVec2 = -3.7214663442E-01  4.3665177677E-01  8.1904951519E-01
HessDelSqRho_EigVec3 = -1.3495884624E-02  8.7979215488E-01 -4.7516694467E-01
</CP of DelSqRho>
<CP of DelSqRho>
CP# = 5       
Type = (3,+1)
Coords =  1.99314898229933E+00 -1.40477669425142E+00 -2.65974607750968E+00
DistFromNuc =  1.6838633646E-01
Rho =  2.2540365789E+01
DelSqRho =  1.2365423864E+03
GradDelSqRho = -2.9274360713E-12 -4.7393200475E-12  4.0074610297E-12
HessDelSqRho_EigVals = -4.1213976946E+05  1.7288900231E+03  3.2531585752E+03
HessDelSqRho_EigVec1 =  3.7365302701E-01  4.4534875610E-01  8.1366326011E-01
HessDelSqRho_EigVec2 =  9.2746920652E-01 -1.6654285118E-01 -3.3476013754E-01
HessDelSqRho_EigVec3 =  1.3575211603E-02 -8.7973175694E-01  4.7527649791E-01
</CP of DelSqRho>
<CP of DelSqRho>
CP# = 6       
Type = (3,-1)
Coords =  2.15870268157020E+00 -1.39189628387262E+00 -2.64061251393045E+00
DistFromNuc =  1.6900946333E-01
Rho =  2.2300423407E+01
DelSqRho =  1.2450538089E+03
GradDelSqRho =  2.8812507935E-12  2.3447910280E-12 -1.8189894035E-12
HessDelSqRho_EigVals = -4.0165804999E+05 -1.3332651496E+03  1.9265099000E+03
HessDelSqRho_EigVec1 = -6.1138591049E-01  3.6886479549E-01  7.0010430015E-01
HessDelSqRho_EigVec2 =  7.9121762482E-01  3.0002483357E-01  5.3287875676E-01
HessDelSqRho_EigVec3 = -1.3488462500E-02  8.7972942538E-01 -4.7528328342E-01
</CP of DelSqRho>
<CP of DelSqRho>
CP# = 7       
Type = (3,-3)
Coords =  1.96280560226495E+00 -1.19272552431282E+00 -2.49780093069070E+00
DistFromNuc =  1.6697665416E-01
Rho =  2.2713474632E+01
DelSqRho =  1.2980282682E+03
GradDelSqRho = -8.6970430857E-12 -4.5830006457E-12  1.6200374375E-12
HessDelSqRho_EigVals = -4.5118728405E+05 -3.6203392634E+03 -6.3061397436E+02
HessDelSqRho_EigVec1 = -5.5536123703E-01  8.1796992275E-01  1.4999700624E-01
HessDelSqRho_EigVec2 =  7.0128068033E-01  3.6370118507E-01  6.1312874290E-01
HessDelSqRho_EigVec3 = -4.4696678154E-01 -4.4569793970E-01  7.7561204396E-01
</CP of DelSqRho>
<CP of DelSqRho>
CP# = 8       
Type = (3,-3)
Coords =  1.96572296895824E+00 -1.38614987799510E+00 -2.39325216641479E+00
DistFromNuc =  1.6697664757E-01
Rho =  2.2713550807E+01
DelSqRho =  1.2980140398E+03
GradDelSqRho = -3.1178615245E-11  1.7223555915E-11 -8.4554585555E-12
HessDelSqRho_EigVals = -4.5118541210E+05 -3.6192008187E+03 -6.2817198053E+02
HessDelSqRho_EigVec1 = -5.3796571102E-01 -3.3535724460E-01  7.7338762096E-01
HessDelSqRho_EigVec2 =  7.0177905433E-01  3.3010728861E-01  6.3129655227E-01
HessDelSqRho_EigVec3 = -4.6701076290E-01  8.8236313188E-01  5.7760287752E-02
</CP of DelSqRho>
<CP of DelSqRho>
CP# = 9       
Type = (3,-1)
Coords =  2.55861515597024E+00 -1.57175322635524E+00 -2.98482800911993E+00
DistFromNuc =  7.2518589483E-01
Rho =  6.6760144422E-01
DelSqRho = -1.0286659797E+00
GradDelSqRho =  4.4408920985E-15  0.0000000000E+00  0.0000000000E+00
HessDelSqRho_EigVals = -1.8626989112E+01 -5.4132200573E+00  1.3297141796E+02
HessDelSqRho_EigVec1 = -1.3381866492E-02  8.7977470296E-01 -4.7520248072E-01
HessDelSqRho_EigVec2 =  7.2160082599E-01  3.3748152111E-01  6.0448198554E-01
HessDelSqRho_EigVec3 =  6.9218001530E-01 -3.3481740537E-01 -6.3936228500E-01
</CP of DelSqRho>
<CP of DelSqRho>
CP# = 10      
Type = (3,+3)
Coords =  1.46897844246674E+00 -1.45186903166203E+00 -2.73212504614839E+00
DistFromNuc =  6.3446935350E-01
Rho =  9.7443691234E-01
DelSqRho = -4.5830568839E+00
GradDelSqRho = -7.9936057773E-15 -9.7699626167E-15  2.6645352591E-15
HessDelSqRho_EigVals =  1.1695731095E+01  2.4596069403E+01  3.5522239056E+02
HessDelSqRho_EigVec1 = -3.9691945639E-01  4.3140190223E-01  8.1015266703E-01
HessDelSqRho_EigVec2 = -1.3512731337E-02  8.7981799159E-01 -4.7511862495E-01
HessDelSqRho_EigVec3 =  9.1775397097E-01  1.9953120167E-01  3.4338746094E-01
</CP of DelSqRho>
<CP of DelSqRho>
CP# = 11      
Type = (3,-1)
Coords =  1.89105263459857E+00 -6.54286653079238E-01 -2.69890467278549E+00
DistFromNuc =  7.1705690409E-01
Rho =  6.7132455125E-01
DelSqRho = -9.9855748746E-01
GradDelSqRho =  1.9206858326E-14 -1.7941204078E-13  3.8857805862E-14
HessDelSqRho_EigVals = -1.5788530905E+01 -1.1790443551E+01  1.4317776918E+02
HessDelSqRho_EigVec1 =  6.3464246342E-01 -1.1981422378E-02 -7.7271300568E-01
HessDelSqRho_EigVec2 =  7.3001162376E-01  3.3740739787E-01  5.9433936184E-01
HessDelSqRho_EigVec3 = -2.5359805361E-01  9.4128247268E-01 -2.2287963976E-01
</CP of DelSqRho>
<CP of DelSqRho>
CP# = 12      
Type = (3,-1)
Coords =  1.90946880126685E+00 -1.85126829723511E+00 -2.05247986770471E+00
DistFromNuc =  7.1706547123E-01
Rho =  6.7133012216E-01
DelSqRho = -9.9903508846E-01
GradDelSqRho =  4.9349413445E-14  6.0840221749E-14 -8.4376949872E-14
HessDelSqRho_EigVals = -1.5785312845E+01 -1.1782073840E+01  1.4317723968E+02
HessDelSqRho_EigVec1 =  6.4375056058E-01 -6.2449715249E-01 -4.4225391155E-01
HessDelSqRho_EigVec2 =  7.3040454587E-01  3.2906670962E-01  5.9851842076E-01
HessDelSqRho_EigVec3 =  2.2824200999E-01  7.0832083631E-01 -6.6797243785E-01
</CP of DelSqRho>
<CP of DelSqRho>
CP# = 13      
Type = (3,+1)
Coords =  2.57630814699107E+00 -1.69568158966925E+00 -2.24206453276167E+00
DistFromNuc =  6.9582245307E-01
Rho =  7.6894275379E-01
DelSqRho = -2.4313403891E+00
GradDelSqRho =  6.8833827527E-15  6.7723604502E-15  1.2878587086E-14
HessDelSqRho_EigVals = -1.2458331912E+01  1.2693966654E+01  1.7791565946E+02
HessDelSqRho_EigVec1 =  1.6934773975E-01  8.3626017734E-01  5.2152685341E-01
HessDelSqRho_EigVec2 = -6.0767272968E-01 -3.2801335956E-01  7.2328492972E-01
HessDelSqRho_EigVec3 =  7.7592215889E-01 -4.3940431466E-01  4.5262418364E-01
</CP of DelSqRho>
<CP of DelSqRho>
CP# = 14      
Type = (3,+1)
Coords =  2.56384372175622E+00 -8.82283413806410E-01 -2.68139117690212E+00
DistFromNuc =  6.9579346973E-01
Rho =  7.6905410846E-01
DelSqRho = -2.4325104266E+00
GradDelSqRho = -2.6645352591E-15  7.1054273576E-15  2.5535129566E-15
HessDelSqRho_EigVals = -1.2456863047E+01  1.2706031266E+01  1.7796514824E+02
HessDelSqRho_EigVec1 =  1.8236763663E-01 -1.8166222136E-02  9.8306257862E-01
HessDelSqRho_EigVec2 = -6.2449997960E-01  7.7011587825E-01  1.3008193400E-01
HessDelSqRho_EigVec3 =  7.5943519842E-01  6.3764529516E-01 -1.2909940729E-01
</CP of DelSqRho>
<CP of DelSqRho>
CP# = 15      
Type = (3,+1)
Coords =  2.00857133876045E+00 -1.99049106258279E+00 -2.73645326420779E+00
DistFromNuc =  6.9622078305E-01
Rho =  7.6955816249E-01
DelSqRho = -2.4776597818E+00
GradDelSqRho = -1.7763568394E-15 -1.5099033135E-14 -8.0491169285E-16
HessDelSqRho_EigVals = -1.2671562813E+01  1.3552203604E+01  1.7908380740E+02
HessDelSqRho_EigVec1 =  8.7041963906E-01 -3.0098892202E-01  3.8958352219E-01
HessDelSqRho_EigVec2 = -4.6594465075E-01 -2.4816153334E-01  8.4930055682E-01
HessDelSqRho_EigVec3 =  1.5895041484E-01  9.2077224230E-01  3.5624885043E-01
</CP of DelSqRho>
<CP of DelSqRho>
CP# = 16      
Type = (3,+3)
Coords =  2.25916503888822E+00 -1.03808349917564E+00 -1.98846033267277E+00
DistFromNuc =  6.4165386710E-01
Rho =  9.5200570407E-01
DelSqRho = -4.3843412924E+00
GradDelSqRho =  3.8964387272E-12  3.4758862455E-12  6.2718719107E-12
HessDelSqRho_EigVals =  9.2880122572E+00  2.3647964400E+01  3.2154530598E+02
HessDelSqRho_EigVec1 =  9.4032710838E-01 -1.5011537925E-01 -3.0536912443E-01
HessDelSqRho_EigVec2 = -1.3833217563E-02  8.7982048055E-01 -4.7510479275E-01
HessDelSqRho_EigVec3 =  3.3999054595E-01  4.5097815348E-01  8.2524246967E-01
</CP of DelSqRho>
<CP of DelSqRho>
CP# = 17      
Type = (3,+1)
Coords =  1.99555852218419E+00 -1.14760663663245E+00 -3.19175386723261E+00
DistFromNuc =  6.9620110166E-01
Rho =  7.6963346330E-01
DelSqRho = -2.4782228087E+00
GradDelSqRho =  1.7763568394E-15  1.5765166950E-14 -9.7699626167E-15
HessDelSqRho_EigVals = -1.2677482981E+01  1.3555955500E+01  1.7911679750E+02
HessDelSqRho_EigVec1 =  8.5797887189E-01  5.1130914849E-01 -4.9347847535E-02
HessDelSqRho_EigVec2 = -4.8248587853E-01  8.3511109433E-01  2.6419091039E-01
HessDelSqRho_EigVec3 =  1.7629416439E-01 -2.0286057969E-01  9.6320711833E-01
</CP of DelSqRho>
<CP of DelSqRho>
CP# = 18      
Type = (3,+1)
Coords =  1.57989257605806E+00 -1.11587761995897E+00 -2.11303294889818E+00
DistFromNuc =  6.6270918589E-01
Rho =  8.7560187936E-01
DelSqRho = -3.5941893397E+00
GradDelSqRho =  7.1054273576E-15  5.3290705182E-15 -2.0428103653E-14
HessDelSqRho_EigVals = -6.7929028278E+00  1.9777047724E+01  2.5868130648E+02
HessDelSqRho_EigVec1 =  6.9064185845E-01  3.5180567565E-01  6.3185962835E-01
HessDelSqRho_EigVec2 =  1.3514331889E-02 -8.7982906278E-01  4.7509807737E-01
HessDelSqRho_EigVec3 =  7.2307066473E-01 -3.1958345838E-01 -6.1240119770E-01
</CP of DelSqRho>
<CP of DelSqRho>
CP# = 19      
Type = (3,+3)
Coords =  2.37597005130640E+00 -1.98517190263101E+00 -2.51844017516448E+00
DistFromNuc =  7.2983592423E-01
Rho =  7.3666149439E-01
DelSqRho = -2.9025044767E+00
GradDelSqRho = -1.4266365866E-14  1.9539925233E-14 -7.9936057773E-15
HessDelSqRho_EigVals =  1.0690544286E+01  2.2112879499E+01  1.3228986322E+02
HessDelSqRho_EigVec1 =  7.1437955299E-01  3.5079039093E-01  6.0548159005E-01
HessDelSqRho_EigVec2 = -5.4807560676E-01 -2.5746932756E-01  7.9581572908E-01
HessDelSqRho_EigVec3 = -4.3505744856E-01  9.0036417465E-01 -8.3288332224E-03
</CP of DelSqRho>
<CP of DelSqRho>
CP# = 20      
Type = (3,+3)
Coords =  2.36030406458568E+00 -9.59461933690381E-01 -3.07242571704844E+00
DistFromNuc =  7.2981608974E-01
Rho =  7.3676101749E-01
DelSqRho = -2.9036331427E+00
GradDelSqRho = -3.3306690739E-15 -5.3290705182E-15 -4.4408920985E-15
HessDelSqRho_EigVals =  1.0694594942E+01  2.2124106098E+01  1.3231508586E+02
HessDelSqRho_EigVec1 =  7.1460778743E-01  3.3091165263E-01  6.1630608330E-01
HessDelSqRho_EigVec2 =  5.6418154419E-01 -7.9351445278E-01 -2.2810961933E-01
HessDelSqRho_EigVec3 = -4.1356365332E-01 -5.1071742813E-01  7.5374585456E-01
</CP of DelSqRho>
<CP of DelSqRho>
CP# = 21      
Type = (3,+1)
Coords =  2.56741975271224E+00 -2.35930610547777E+00 -2.52246661219945E+00
DistFromNuc =  1.1500554295E+00
Rho =  4.1443439453E-01
DelSqRho = -9.5824982383E-01
GradDelSqRho =  1.8757218001E-13 -1.6197876374E-12 -3.1669111777E-13
HessDelSqRho_EigVals = -3.1311934240E+01  1.4712267589E+01  1.5628517810E+01
HessDelSqRho_EigVec1 = -4.4705963549E-01  8.9449100414E-01  4.8503433385E-03
HessDelSqRho_EigVec2 =  6.9316551782E-01  3.4300124548E-01  6.3393352215E-01
HessDelSqRho_EigVec3 = -5.6538415898E-01 -2.8676818008E-01  7.7337233185E-01
</CP of DelSqRho>
<CP of DelSqRho>
CP# = 22      
Type = (3,-3)
Coords =  3.11051635299279E+00 -1.55136904765875E+00 -2.96278132188691E+00
DistFromNuc =  1.1648280239E+00
Rho =  2.5027974505E-01
DelSqRho =  8.4944638735E-01
GradDelSqRho =  4.6629367034E-15 -8.8817841970E-16 -9.4368957093E-16
HessDelSqRho_EigVals = -1.7160904346E+01 -3.2572856977E+00 -1.2958012297E-01
HessDelSqRho_EigVec1 =  9.0635870092E-01 -1.9001472983E-01 -3.7737025282E-01
HessDelSqRho_EigVec2 = -1.3403048898E-02  8.7978475436E-01 -4.7518327440E-01
HessDelSqRho_EigVec3 =  4.2229641668E-01  4.3574440724E-01  7.9485379034E-01
</CP of DelSqRho>
<CP of DelSqRho>
CP# = 23      
Type = (3,-3)
Coords =  1.73981511475810E+00 -2.67995783848810E-01 -2.79771923256591E+00
DistFromNuc =  1.1411869416E+00
Rho =  2.4739726935E-01
DelSqRho =  8.4327290102E-01
GradDelSqRho =  3.0461744238E-15 -1.1025902413E-14  4.2327252814E-16
HessDelSqRho_EigVals = -1.7601497348E+01 -1.8204953190E+00 -5.1423565939E-01
HessDelSqRho_EigVec1 = -2.9907880117E-01  9.3053169364E-01 -2.1133536815E-01
HessDelSqRho_EigVec2 = -6.5483283535E-01 -3.9051064137E-02  7.5476418313E-01
HessDelSqRho_EigVec3 =  6.9407912261E-01  3.6412330539E-01  6.2102205277E-01
</CP of DelSqRho>
<CP of DelSqRho>
CP# = 24      
Type = (3,+1)
Coords =  1.72243351154896E+00 -7.64829306088795E-01 -1.46617024957705E+00
DistFromNuc =  1.2431323153E+00
Rho =  2.4279405848E-01
DelSqRho =  4.8951202575E-01
GradDelSqRho =  3.7470027081E-16 -1.2628786905E-15 -7.4940054162E-16
HessDelSqRho_EigVals = -1.0800244261E+01  3.1947830996E-01  5.0943818891E-01
HessDelSqRho_EigVec1 = -2.3852105256E-01  4.5825009831E-01  8.5622108995E-01
HessDelSqRho_EigVec2 = -9.7102845044E-01 -1.2574003756E-01 -2.0320726216E-01
HessDelSqRho_EigVec3 = -1.4541524152E-02  8.7988424827E-01 -4.7496552899E-01
</CP of DelSqRho>
<CP of DelSqRho>
CP# = 25      
Type = (3,-3)
Coords =  1.76834512947356E+00 -2.14930333033118E+00 -1.78195890957773E+00
DistFromNuc =  1.1412373029E+00
Rho =  2.4739346426E-01
DelSqRho =  8.4304502391E-01
GradDelSqRho =  3.4694469520E-17 -5.2041704279E-16  7.6327832943E-17
HessDelSqRho_EigVals = -1.7596989415E+01 -1.8203648718E+00 -5.1305249810E-01
HessDelSqRho_EigVec1 =  2.7438100853E-01  6.9391796116E-01 -6.6572736562E-01
HessDelSqRho_EigVec2 = -6.6528115473E-01  6.3685901241E-01  3.8963005976E-01
HessDelSqRho_EigVec3 =  6.9434576928E-01  3.3598878179E-01  6.3639256061E-01
</CP of DelSqRho>
<CP of DelSqRho>
CP# = 26      
Type = (3,-3)
Coords =  2.54486580191883E+00 -1.82530979633245E+00 -3.45393209586475E+00
DistFromNuc =  1.1632757982E+00
Rho =  2.4996217777E-01
DelSqRho =  8.5336013009E-01
GradDelSqRho = -5.8286708793E-16  9.9920072216E-16  2.2204460493E-15
HessDelSqRho_EigVals = -1.7192898273E+01 -3.1466663286E+00 -1.8453850769E-01
HessDelSqRho_EigVec1 = -4.1947953659E-01  4.2647261567E-01  8.0134763147E-01
HessDelSqRho_EigVec2 = -1.3437314882E-02  8.7975618522E-01 -4.7523519771E-01
HessDelSqRho_EigVec3 =  9.0766533312E-01  2.1011940096E-01  3.6330907006E-01
</CP of DelSqRho>
<CP of DelSqRho>
CP# = 27      
Type = (3,-1)
Coords =  2.93144687694958E+00 -1.68402924489690E+00 -3.20332312664850E+00
DistFromNuc =  1.1649359573E+00
Rho =  2.5258742626E-01
DelSqRho =  8.4734243566E-01
GradDelSqRho =  1.7763568394E-15 -6.3837823916E-16 -7.2164496601E-16
HessDelSqRho_EigVals = -1.6494035517E+01 -4.2642347429E+00  9.3716415064E-02
HessDelSqRho_EigVec1 =  7.5118756286E-01 -3.0481298124E-01 -5.8549661987E-01
HessDelSqRho_EigVec2 =  1.3424177605E-02 -8.7975880527E-01  4.7523071871E-01
HessDelSqRho_EigVec3 =  6.5995229893E-01  3.6484721600E-01  6.5677200924E-01
</CP of DelSqRho>
<CP of DelSqRho>
CP# = 28      
Type = (3,-1)
Coords =  2.81528230073631E+00 -4.27545198557249E-01 -2.35828108917313E+00
DistFromNuc =  1.1909871697E+00
Rho =  2.4485282280E-01
DelSqRho =  7.0942711630E-01
GradDelSqRho =  2.1510571102E-15  1.1934897515E-15 -1.4918621893E-16
HessDelSqRho_EigVals = -1.6831977576E+01 -1.3178759728E+00  3.2442270823E-01
HessDelSqRho_EigVec1 =  6.2988538469E-01  7.6113046345E-01  1.5467650037E-01
HessDelSqRho_EigVec2 =  1.5411812106E-01  7.2704266699E-02 -9.8537388557E-01
HessDelSqRho_EigVec3 =  7.6124372373E-01 -6.4451106058E-01  7.1508641913E-02
</CP of DelSqRho>
<CP of DelSqRho>
CP# = 29      
Type = (3,-1)
Coords =  2.83383924818856E+00 -1.66900224119216E+00 -1.68760822481628E+00
DistFromNuc =  1.1909636827E+00
Rho =  2.4485378873E-01
DelSqRho =  7.0949955275E-01
GradDelSqRho = -6.5225602697E-16  1.2767564783E-15 -6.9388939039E-16
HessDelSqRho_EigVals = -1.6831514367E+01 -1.3189935789E+00  3.2384398506E-01
HessDelSqRho_EigVec1 =  6.4533140492E-01 -2.7311831785E-01  7.1340995387E-01
HessDelSqRho_EigVec2 =  1.6850745265E-01 -8.6000175332E-01 -4.8166609045E-01
HessDelSqRho_EigVec3 =  7.4508564355E-01  4.3104914888E-01 -5.0896366769E-01
</CP of DelSqRho>
<CP of DelSqRho>
CP# = 30      
Type = (3,-1)
Coords =  1.50538891489837E+00 -2.31443965363075E+00 -2.90223179611485E+00
DistFromNuc =  1.1901185157E+00
Rho =  2.4371623856E-01
DelSqRho =  7.2280656824E-01
GradDelSqRho = -2.7616797738E-15 -4.3992587351E-15  1.1088352458E-14
HessDelSqRho_EigVals = -1.7276603206E+01 -1.1620420468E+00  2.8961419707E-01
HessDelSqRho_EigVec1 =  4.7930533095E-01  8.1909348946E-01  3.1520192774E-01
HessDelSqRho_EigVec2 =  8.3156977051E-01 -5.3868212668E-01  1.3532657969E-01
HessDelSqRho_EigVec3 =  2.8063876514E-01  1.9724964365E-01 -9.3932660006E-01
</CP of DelSqRho>
<CP of DelSqRho>
CP# = 31      
Type = (3,-1)
Coords =  1.48707036709198E+00 -1.12038085603823E+00 -3.54705747508866E+00
DistFromNuc =  1.1901331662E+00
Rho =  2.4371909486E-01
DelSqRho =  7.2273318600E-01
GradDelSqRho =  8.4654505628E-16 -1.9081958236E-16  1.6375789613E-15
HessDelSqRho_EigVals = -1.7274569984E+01 -1.1626154014E+00  2.9000883511E-01
HessDelSqRho_EigVec1 =  4.9456800089E-01 -1.7409577735E-01  8.5152401775E-01
HessDelSqRho_EigVec2 =  8.1682198463E-01  4.2788595942E-01 -3.8693080927E-01
HessDelSqRho_EigVec3 = -2.9699215128E-01  8.8690713496E-01  3.5382396194E-01
</CP of DelSqRho>
<Path of -GradDelSqRho>
Starting CP# =      3
Ending CP# =     20
Number of Points =     17
  2.5427920849E+00 -7.5332013301E-01 -3.3899698451E+00  4.1450765597E-01 -9.5885803833E-01
  2.5321515281E+00 -7.6574278798E-01 -3.3710633336E+00  4.2581734491E-01 -9.6869504975E-01
  2.5215151576E+00 -7.7817660589E-01 -3.3521618050E+00  4.3818156096E-01 -9.9842399541E-01
  2.5108827996E+00 -7.9062099934E-01 -3.3332649793E+00  4.5161257988E-01 -1.0484087601E+00
  2.5002540460E+00 -8.0307505185E-01 -3.3143724897E+00  4.6611627591E-01 -1.1189740200E+00
  2.4896282388E+00 -8.1553752633E-01 -3.2954838967E+00  4.8169139677E-01 -1.2102677886E+00
  2.4790044509E+00 -8.2800686674E-01 -3.2765986994E+00  4.9832888195E-01 -1.3220948402E+00
  2.4683814537E+00 -8.4048118087E-01 -3.2577163421E+00  5.1601133077E-01 -1.4537260357E+00
  2.4577576621E+00 -8.5295819181E-01 -3.2388362137E+00  5.3471274602E-01 -1.6036907421E+00
  2.4471310402E+00 -8.6543513974E-01 -3.2199576365E+00  5.5439869571E-01 -1.7695616613E+00
  2.4364989381E+00 -8.7790860277E-01 -3.2010798422E+00  5.7502704812E-01 -1.9477427848E+00
  2.4258578027E+00 -8.9037417223E-01 -3.1822019240E+00  5.9654944324E-01 -2.1332707861E+00
  2.4152026277E+00 -9.0282583408E-01 -3.1633227473E+00  6.1891366610E-01 -2.3196360100E+00
  2.4045257922E+00 -9.1525466589E-01 -3.1444407667E+00  6.4206708333E-01 -2.4986176623E+00
  2.3938141945E+00 -9.2764562548E-01 -3.1255535904E+00  6.6596128355E-01 -2.6601022254E+00
  2.3830401970E+00 -9.3996741008E-01 -3.1066566807E+00  6.9055792354E-01 -2.7918035224E+00
  2.3603040646E+00 -9.5946193369E-01 -3.0724257170E+00  7.3676101749E-01 -2.9036331427E+00
</Path of -GradDelSqRho>
<Path of -GradDelSqRho>
Starting CP# =      3
Ending CP# =      0
Number of Points =     30
  2.5427920849E+00 -7.5332013301E-01 -3.3899698451E+00  4.1450765597E-01 -9.5885803833E-01
  2.5534366509E+00 -7.4090850682E-01 -3.4088813426E+00  4.0423449800E-01 -9.6861484961E-01
  2.5640851346E+00 -7.2850822031E-01 -3.4277980726E+00  3.9497473420E-01 -9.9780294864E-01
  2.5747371423E+00 -7.1611888569E-01 -3.4467199939E+00  3.8670051012E-01 -1.0464262960E+00
  2.5853921604E+00 -7.0373983719E-01 -3.4656469519E+00  3.7937951532E-01 -1.1146403107E+00
  2.5960496093E+00 -6.9137018793E-01 -3.4845786859E+00  3.7297508780E-01 -1.2026775302E+00
  2.6067089077E+00 -6.7900890538E-01 -3.5035148430E+00  3.6744621198E-01 -1.3106918661E+00
  2.6173695468E+00 -6.6665490038E-01 -3.5224549942E+00  3.6274751620E-01 -1.4384912859E+00
  2.6280311757E+00 -6.5430712632E-01 -3.5413986512E+00  3.5882945796E-01 -1.5851299369E+00
  2.6386937016E+00 -6.4196468726E-01 -3.5603452799E+00  3.5563899907E-01 -1.7483577233E+00
  2.6493574169E+00 -6.2962695843E-01 -3.5792943068E+00  3.5312120812E-01 -1.9240022982E+00
  2.6600231716E+00 -6.1729373120E-01 -3.5982451163E+00  3.5122234750E-01 -2.1055085670E+00
  2.6706926097E+00 -6.0496540040E-01 -3.6171970382E+00  3.4989502096E-01 -2.2840848211E+00
  2.6813683778E+00 -5.9264316467E-01 -3.6361493592E+00  3.4910573952E-01 -2.4501469153E+00
  2.6920535450E+00 -5.8032883732E-01 -3.6551015235E+00  3.4884464483E-01 -2.5968706684E+00
  2.7027470420E+00 -5.6802233244E-01 -3.6740540709E+00  3.4913599278E-01 -2.7264391705E+00
  2.7134326086E+00 -5.5571459715E-01 -3.6930102906E+00  3.5004642140E-01 -2.8587979265E+00
  2.7240853783E+00 -5.4338983285E-01 -3.7119739007E+00  3.5168637802E-01 -3.0413734045E+00
  2.7347025444E+00 -5.3104433808E-01 -3.7309439941E+00  3.5419889296E-01 -3.3565557003E+00
  2.7452967754E+00 -5.1868462563E-01 -3.7499176532E+00  3.5773022524E-01 -3.9223883099E+00
  2.7558782360E+00 -5.0631656466E-01 -3.7688929990E+00  3.6237976555E-01 -4.8815316685E+00
  2.7664523897E+00 -4.9394346819E-01 -3.7878691354E+00  3.6813190235E-01 -6.3747024639E+00
  2.7770220114E+00 -4.8156707301E-01 -3.8068456456E+00  3.7478020162E-01 -8.4979409483E+00
  2.7875885516E+00 -4.6918830587E-01 -3.8258223248E+00  3.8186288037E-01 -1.1248916400E+01
  2.7981527992E+00 -4.5680767238E-01 -3.8447990628E+00  3.8863528902E-01 -1.4476228454E+01
  2.8087151927E+00 -4.4442543961E-01 -3.8637757895E+00  3.9410556016E-01 -1.7854766568E+01
  2.8192759668E+00 -4.3204170976E-01 -3.8827524405E+00  3.9714893898E-01 -2.0912667926E+01
  2.8298352053E+00 -4.1965639953E-01 -3.9017289147E+00  3.9669286204E-01 -2.3122756080E+01
  2.8403927160E+00 -4.0726879368E-01 -3.9207048518E+00  3.9193427677E-01 -2.4042217128E+01
  2.8414482725E+00 -4.0602961475E-01 -3.9226022805E+00  3.9120377825E-01 -2.4052228009E+01
</Path of -GradDelSqRho>
<Path of -GradDelSqRho>
Starting CP# =      4
Ending CP# =     16
Number of Points =     41
  2.2120281827E+00 -1.2983189761E+00 -2.4689032161E+00  2.2484341097E+01  1.2296594930E+03
  2.2352191940E+00 -1.2936090841E+00 -2.4608413508E+00  1.5589198508E+01  1.1484173059E+03
  2.2583996647E+00 -1.2888868720E+00 -2.4527563966E+00  1.0912804969E+01  9.7923144315E+02
  2.2815775297E+00 -1.2841616221E+00 -2.4446657490E+00  7.7508156919E+00  7.7159311676E+02
  2.3047490135E+00 -1.2794289440E+00 -2.4365611798E+00  5.6207464961E+00  5.7148081562E+02
  2.3279077420E+00 -1.2746814617E+00 -2.4284288645E+00  4.1865884001E+00  4.0771952695E+02
  2.3510467199E+00 -1.2699111708E+00 -2.4202537982E+00  3.2183499388E+00  2.8541437511E+02
  2.3741588204E+00 -1.2651100597E+00 -2.4120209604E+00  2.5615888723E+00  1.9741190776E+02
  2.3972373083E+00 -1.2602707534E+00 -2.4037165190E+00  2.1132192528E+00  1.3453560215E+02
  2.4202755055E+00 -1.2553861613E+00 -2.3953271708E+00  1.8040854205E+00  8.9615418918E+01
  2.4432651546E+00 -1.2504477047E+00 -2.3868368159E+00  1.5874709078E+00  5.7777972471E+01
  2.4661939708E+00 -1.2454428022E+00 -2.3782218378E+00  1.4317899584E+00  3.5656911081E+01
  2.4890425905E+00 -1.2403520116E+00 -2.3694457307E+00  1.3158563272E+00  2.0729136057E+01
  2.5117800769E+00 -1.2351452389E+00 -2.3604519629E+00  1.2256738141E+00  1.0996196589E+01
  2.5343559130E+00 -1.2297756146E+00 -2.3511524249E+00  1.1521732036E+00  4.8786914133E+00
  2.5566839066E+00 -1.2241684669E+00 -2.3414065854E+00  1.0896041649E+00  1.1769343506E+00
  2.5786057168E+00 -1.2181995937E+00 -2.3309802818E+00  1.0344265822E+00 -9.7303473911E-01
  2.5997927802E+00 -1.2116467594E+00 -2.3194532629E+00  9.8462856693E-01 -2.1608338002E+00
  2.6194072618E+00 -1.2040644655E+00 -2.3059780655E+00  9.3959606495E-01 -2.7707969522E+00
  2.6345304166E+00 -1.1945120530E+00 -2.2887330539E+00  9.0189450200E-01 -3.0506120831E+00
  2.6366556160E+00 -1.1828754817E+00 -2.2672687201E+00  8.8363066469E-01 -3.1827277470E+00
  2.6267167090E+00 -1.1721258975E+00 -2.2471060262E+00  8.8490199079E-01 -3.2864741102E+00
  2.6131730889E+00 -1.1622965673E+00 -2.2285430588E+00  8.9153369458E-01 -3.3867603275E+00
  2.5984087980E+00 -1.1528782438E+00 -2.2107044550E+00  8.9895980448E-01 -3.4846204510E+00
  2.5828930368E+00 -1.1437412523E+00 -2.1933633286E+00  9.0621511652E-01 -3.5795986865E+00
  2.5667284732E+00 -1.1348654816E+00 -2.1764851999E+00  9.1308109556E-01 -3.6711657893E+00
  2.5499481423E+00 -1.1262544742E+00 -2.1600774062E+00  9.1949045597E-01 -3.7588045586E+00
  2.5325726071E+00 -1.1179163304E+00 -2.1441553799E+00  9.2540731483E-01 -3.8420244477E+00
  2.5146204113E+00 -1.1098599418E+00 -2.1287359776E+00  9.3080481021E-01 -3.9203697428E+00
  2.4961098895E+00 -1.1020943272E+00 -2.1138363033E+00  9.3566145516E-01 -3.9934263682E+00
  2.4770595226E+00 -1.0946285241E+00 -2.0994735225E+00  9.3996070928E-01 -4.0608278468E+00
  2.4574880733E+00 -1.0874715647E+00 -2.0856648270E+00  9.4369098949E-01 -4.1222603825E+00
  2.4374146875E+00 -1.0806324598E+00 -2.0724274142E+00  9.4684568270E-01 -4.1774669727E+00
  2.4168589843E+00 -1.0741201786E+00 -2.0597784634E+00  9.4942310465E-01 -4.2262504758E+00
  2.3958411378E+00 -1.0679436260E+00 -2.0477351091E+00  9.5142640234E-01 -4.2684755909E+00
  2.3743819509E+00 -1.0621116163E+00 -2.0363144127E+00  9.5286340399E-01 -4.3040697401E+00
  2.3525029213E+00 -1.0566328424E+00 -2.0255333336E+00  9.5374642074E-01 -4.3330228739E+00
  2.3302263012E+00 -1.0515158397E+00 -2.0154086999E+00  9.5409200470E-01 -4.3553862494E+00
  2.3075751519E+00 -1.0467689411E+00 -2.0059571806E+00  9.5392066780E-01 -4.3712702567E+00
  2.2845733934E+00 -1.0424002182E+00 -1.9971952611E+00  9.5325656661E-01 -4.3808413921E+00
  2.2591650389E+00 -1.0380834992E+00 -1.9884603327E+00  9.5200570407E-01 -4.3843412924E+00
</Path of -GradDelSqRho>
<Path of -GradDelSqRho>
Starting CP# =      4
Ending CP# =      1
Number of Points =      7
  2.2120281827E+00 -1.2983189761E+00 -2.4689032161E+00  2.2484341097E+01  1.2296594930E+03
  2.1888131508E+00 -1.3030006480E+00 -2.4769121992E+00  3.2684670820E+01  9.8164773716E+02
  2.1655775849E+00 -1.3076580375E+00 -2.4848756832E+00  4.7880030402E+01 -7.7620228715E+02
  2.1423329661E+00 -1.3123046703E+00 -2.4928190127E+00  7.0448785507E+01 -6.3299529558E+03
  2.1190819118E+00 -1.3169436340E+00 -2.5007479739E+00  1.0393698823E+02 -2.0418692552E+04
  2.0958201245E+00 -1.3215697747E+00 -2.5086529114E+00  1.5417822232E+02 -7.4585581317E+04
  2.0551798024E+00 -1.3296279121E+00 -2.5224188813E+00  2.9729503275E+02 -3.3292517086E+06
</Path of -GradDelSqRho>
<Path of -GradDelSqRho>
Starting CP# =      5
Ending CP# =      1
Number of Points =      7
  1.9931489823E+00 -1.4047766943E+00 -2.6597460775E+00  2.2540365789E+01  1.2365423864E+03
  2.0024539632E+00 -1.3936364596E+00 -2.6393914226E+00  3.2778555964E+01  9.8433618859E+02
  2.0117022141E+00 -1.3824861048E+00 -2.6190164552E+00  4.8035317915E+01 -7.9761685295E+02
  2.0209254297E+00 -1.3713313087E+00 -2.5986325695E+00  7.0698234944E+01 -6.3992123204E+03
  2.0301304430E+00 -1.3601732941E+00 -2.5782422199E+00  1.0433666859E+02 -2.0675871291E+04
  2.0393053368E+00 -1.3490099696E+00 -2.5578412035E+00  1.5480111668E+02 -7.5457935722E+04
  2.0551798024E+00 -1.3296279121E+00 -2.5224188813E+00  2.9729503275E+02 -3.3292517086E+06
</Path of -GradDelSqRho>
<Path of -GradDelSqRho>
Starting CP# =      5
Ending CP# =     10
Number of Points =     38
  1.9931489823E+00 -1.4047766943E+00 -2.6597460775E+00  2.2540365789E+01  1.2365423864E+03
  1.9837772466E+00 -1.4159049297E+00 -2.6800766613E+00  1.5622553544E+01  1.1543805427E+03
  1.9743755452E+00 -1.4270277468E+00 -2.7003963794E+00  1.0932667010E+01  9.8412584273E+02
  1.9649663784E+00 -1.4381492104E+00 -2.7207133825E+00  7.7629054276E+00  7.7549343663E+02
  1.9555397042E+00 -1.4492674934E+00 -2.7410240086E+00  5.6287310515E+00  5.7436172948E+02
  1.9460781813E+00 -1.4603794229E+00 -2.7613219005E+00  4.1927663297E+00  4.0967898270E+02
  1.9365629550E+00 -1.4714815039E+00 -2.7816000631E+00  3.2240824311E+00  2.8664584243E+02
  1.9269751609E+00 -1.4825701668E+00 -2.8018513620E+00  2.5676178006E+00  1.9811223020E+02
  1.9172974353E+00 -1.4936420250E+00 -2.8220690434E+00  2.1198940835E+00  1.3486195634E+02
  1.9075130808E+00 -1.5046937040E+00 -2.8422463943E+00  1.8115145238E+00  8.9683588589E+01
  1.8976018779E+00 -1.5157210144E+00 -2.8623750943E+00  1.5956195598E+00  5.7673345950E+01
  1.8875341362E+00 -1.5267177031E+00 -2.8824427384E+00  1.4405446045E+00  3.5443695219E+01
  1.8772639059E+00 -1.5376738711E+00 -2.9024297177E+00  1.3250678498E+00  2.0455350849E+01
  1.8667199107E+00 -1.5485735982E+00 -2.9223045692E+00  1.2351871566E+00  1.0696344295E+01
  1.8557907617E+00 -1.5593906291E+00 -2.9420155779E+00  1.1618481527E+00  4.5759159256E+00
  1.8442980024E+00 -1.5700795050E+00 -2.9614736080E+00  1.0993321431E+00  8.8531860004E-01
  1.8319421612E+00 -1.5805548838E+00 -2.9805123181E+00  1.0441520964E+00 -1.2461746626E+00
  1.8181805269E+00 -1.5906339052E+00 -2.9987780756E+00  9.9440115287E-01 -2.4130705211E+00
  1.8019145654E+00 -1.5998287043E+00 -3.0153372184E+00  9.4977194756E-01 -3.0037685965E+00
  1.7810030362E+00 -1.6064019541E+00 -3.0269146418E+00  9.1410364792E-01 -3.2722339941E+00
  1.7564362547E+00 -1.6063789648E+00 -3.0261828735E+00  9.0007696743E-01 -3.4091161468E+00
  1.7340476864E+00 -1.6014161987E+00 -3.0163711371E+00  9.0324607967E-01 -3.5234232917E+00
  1.7133595658E+00 -1.5949925368E+00 -3.0039038542E+00  9.1079687848E-01 -3.6336958238E+00
  1.6934761707E+00 -1.5880236835E+00 -2.9904503684E+00  9.1894702344E-01 -3.7404699627E+00
  1.6741668504E+00 -1.5807027983E+00 -2.9763615670E+00  9.2684037006E-01 -3.8431521439E+00
  1.6553955718E+00 -1.5730747121E+00 -2.9617192999E+00  9.3426704124E-01 -3.9410967692E+00
  1.6371704752E+00 -1.5651544723E+00 -2.9465515328E+00  9.4115618166E-01 -4.0336843076E+00
  1.6195085663E+00 -1.5569515898E+00 -2.9308762244E+00  9.4746762688E-01 -4.1203379887E+00
  1.6024284726E+00 -1.5484746577E+00 -2.9147096694E+00  9.5317090099E-01 -4.2005340141E+00
  1.5859491361E+00 -1.5397321751E+00 -2.8980679838E+00  9.5824177425E-01 -4.2738100509E+00
  1.5700895936E+00 -1.5307327175E+00 -2.8809674119E+00  9.6266188735E-01 -4.3397724947E+00
  1.5548689195E+00 -1.5214850081E+00 -2.8634244531E+00  9.6641877939E-01 -4.3981024337E+00
  1.5403061866E+00 -1.5119979710E+00 -2.8454559566E+00  9.6950590406E-01 -4.4485601991E+00
  1.5264204249E+00 -1.5022807776E+00 -2.8270792019E+00  9.7192258375E-01 -4.4909884217E+00
  1.5132305812E+00 -1.4923428868E+00 -2.8083119692E+00  9.7367389959E-01 -4.5253135553E+00
  1.5007554783E+00 -1.4821940805E+00 -2.7891725991E+00  9.7477052039E-01 -4.5515458739E+00
  1.4890137757E+00 -1.4718444931E+00 -2.7696800461E+00  9.7522847369E-01 -4.5697779926E+00
  1.4689784425E+00 -1.4518690317E+00 -2.7321250461E+00  9.7443691234E-01 -4.5830568839E+00
</Path of -GradDelSqRho>
<Path of -GradDelSqRho>
Starting CP# =     13
Ending CP# =     16
Number of Points =     34
  2.5763081470E+00 -1.6956815897E+00 -2.2420645328E+00  7.6894275379E-01 -2.4313403891E+00
  2.5799078075E+00 -1.6761392569E+00 -2.2301238437E+00  7.7326160327E-01 -2.4347370675E+00
  2.5830491168E+00 -1.6547369337E+00 -2.2175937542E+00  7.7832330715E-01 -2.4461989761E+00
  2.5854147077E+00 -1.6330219180E+00 -2.2054367725E+00  7.8380680101E-01 -2.4659541504E+00
  2.5869975570E+00 -1.6110245247E+00 -2.1936665072E+00  7.8970867658E-01 -2.4940801104E+00
  2.5877914648E+00 -1.5887759566E+00 -2.1822954660E+00  7.9601959609E-01 -2.5305282689E+00
  2.5877912605E+00 -1.5663083316E+00 -2.1713348392E+00  8.0272398721E-01 -2.5751293731E+00
  2.5869929642E+00 -1.5436546668E+00 -2.1607942658E+00  8.0979980634E-01 -2.6276000446E+00
  2.5853938965E+00 -1.5208488233E+00 -2.1506815961E+00  8.1721838319E-01 -2.6875500141E+00
  2.5829927207E+00 -1.4979254206E+00 -2.1410026593E+00  8.2494436282E-01 -2.7544897303E+00
  2.5797894116E+00 -1.4749197336E+00 -2.1317610456E+00  8.3293576335E-01 -2.8278381328E+00
  2.5757851387E+00 -1.4518675895E+00 -2.1229579091E+00  8.4114416838E-01 -2.9069304934E+00
  2.5709820615E+00 -1.4288052831E+00 -2.1145917966E+00  8.4951507235E-01 -2.9910263460E+00
  2.5653830338E+00 -1.4057695339E+00 -2.1066585017E+00  8.5798839376E-01 -3.0793176285E+00
  2.5589912204E+00 -1.3827975102E+00 -2.0991509395E+00  8.6649916579E-01 -3.1709372362E+00
  2.5518096311E+00 -1.3599269449E+00 -2.0920590296E+00  8.7497840598E-01 -3.2649682317E+00
  2.5438405812E+00 -1.3371963738E+00 -2.0853695706E+00  8.8335415684E-01 -3.3604539681E+00
  2.5350850873E+00 -1.3146455257E+00 -2.0790660766E+00  8.9155267880E-01 -3.4564093557E+00
  2.5255422076E+00 -1.2923159020E+00 -2.0731285442E+00  8.9949976686E-01 -3.5518334486E+00
  2.5152083342E+00 -1.2702515910E+00 -2.0675331037E+00  9.0712215421E-01 -3.6457234513E+00
  2.5040764404E+00 -1.2485003799E+00 -2.0622515069E+00  9.1434896220E-01 -3.7370901630E+00
  2.4921352894E+00 -1.2271152529E+00 -2.0572503876E+00  9.2111315672E-01 -3.8249747962E+00
  2.4793686123E+00 -1.2061564046E+00 -2.0524902312E+00  9.2735297766E-01 -3.9084670419E+00
  2.4657542896E+00 -1.1856939568E+00 -2.0479239756E+00  9.3301331949E-01 -3.9867242114E+00
  2.4512636224E+00 -1.1658116440E+00 -2.0434951768E+00  9.3804705720E-01 -4.0589912549E+00
  2.4358609037E+00 -1.1466118202E+00 -2.0391356985E+00  9.4241632927E-01 -4.1246214278E+00
  2.4195037444E+00 -1.1282222015E+00 -2.0347629936E+00  9.4609380631E-01 -4.1830972652E+00
  2.4021450781E+00 -1.1108046491E+00 -2.0302773269E+00  9.4906398223E-01 -4.2340512005E+00
  2.3837385681E+00 -1.0945656736E+00 -2.0255599600E+00  9.5132450710E-01 -4.2772843045E+00
  2.3642502482E+00 -1.0797663141E+00 -2.0204747464E+00  9.5288749490E-01 -4.3127797003E+00
  2.3436798289E+00 -1.0667239394E+00 -2.0148781373E+00  9.5378048840E-01 -4.3407035930E+00
  2.3220921743E+00 -1.0557884525E+00 -2.0086458096E+00  9.5404621111E-01 -4.3613820431E+00
  2.2996468325E+00 -1.0472621992E+00 -2.0017247896E+00  9.5373942214E-01 -4.3752407339E+00
  2.2591650389E+00 -1.0380834992E+00 -1.9884603327E+00  9.5200570407E-01 -4.3843412924E+00
</Path of -GradDelSqRho>
<Path of -GradDelSqRho>
Starting CP# =     13
Ending CP# =     19
Number of Points =     19
  2.5763081470E+00 -1.6956815897E+00 -2.2420645328E+00  7.6894275379E-01 -2.4313403891E+00
  2.5720615974E+00 -1.7148906087E+00 -2.2542909393E+00  7.6497885697E-01 -2.4346261475E+00
  2.5667529022E+00 -1.7352411473E+00 -2.2678040484E+00  7.6108825447E-01 -2.4452433991E+00
  2.5606987537E+00 -1.7551684712E+00 -2.2816308228E+00  7.5758474665E-01 -2.4626330508E+00
  2.5539067366E+00 -1.7746445500E+00 -2.2957546015E+00  7.5444914822E-01 -2.4860926720E+00
  2.5463838302E+00 -1.7936411248E+00 -2.3101582688E+00  7.5165925503E-01 -2.5148069375E+00
  2.5381361846E+00 -1.8121293711E+00 -2.3248242052E+00  7.4919056567E-01 -2.5478603500E+00
  2.5291689052E+00 -1.8300795280E+00 -2.3397341666E+00  7.4701709143E-01 -2.5842531749E+00
  2.5194858473E+00 -1.8474604955E+00 -2.3548690807E+00  7.4511226416E-01 -2.6229203666E+00
  2.5090894243E+00 -1.8642394111E+00 -2.3702087405E+00  7.4344994545E-01 -2.6627531652E+00
  2.4979804342E+00 -1.8803812274E+00 -2.3857313603E+00  7.4200552933E-01 -2.7026229681E+00
  2.4861579139E+00 -1.8958483394E+00 -2.4014129468E+00  7.4075710950E-01 -2.7414070243E+00
  2.4736190341E+00 -1.9106003482E+00 -2.4172264106E+00  7.3968664842E-01 -2.7780154500E+00
  2.4603590380E+00 -1.9245941188E+00 -2.4331403064E+00  7.3878103386E-01 -2.8114189961E+00
  2.4463711889E+00 -1.9377843886E+00 -2.4491170206E+00  7.3803283786E-01 -2.8406768947E+00
  2.4316465629E+00 -1.9501253285E+00 -2.4651100697E+00  7.3744051284E-01 -2.8649639591E+00
  2.4161731568E+00 -1.9615736589E+00 -2.4810597461E+00  7.3700770517E-01 -2.8835959190E+00
  2.3999326222E+00 -1.9720943223E+00 -2.4968848519E+00  7.3674142573E-01 -2.8960517883E+00
  2.3759700513E+00 -1.9851719026E+00 -2.5184401752E+00  7.3666149439E-01 -2.9025044767E+00
</Path of -GradDelSqRho>
<Path of -GradDelSqRho>
Starting CP# =     14
Ending CP# =     16
Number of Points =     34
  2.5638437218E+00 -8.8228341381E-01 -2.6813911769E+00  7.6905410846E-01 -2.4325104266E+00
