 AIMInt (Version 19.02.13, Professional)
 Portions Copyright (c) 1997-2019 by Todd A. Keith
 AIMInt is a component of the AIMAll package ( http://aim.tkgristmill.com )

 TP:  64-bit Linux

 Licensed To:  Research Group of Fernando Cortes Guzman, UNAM, fercor@unam.mx

 AIMInt is a heavily modified and extended version of the PROAIMV program
 developed by members of R.F.W. Bader's research group

 Much of the Quantum Theory of Atoms in Molecules (QTAIM) is described in the book:
   "Atoms in Molecules - A Quantum Theory"
   R.F.W. Bader, Oxford University Press, Oxford, 1990

 For additional references see:  http://aim.tkgristmill.com/references.html

 Current Directory:  /home/scratch/M_H2O_4_tetraedrico/Opt

 Inp File:  V2_tetraedrico_cc-pvtz-def2-tzv_1_atomicfiles/v1.inp
 Wfx File:  V2_tetraedrico_cc-pvtz-def2-tzv_1.wfx
 Out File:  V2_tetraedrico_cc-pvtz-def2-tzv_1_atomicfiles/v1.int

 Wfx Title:   V2_tetraedrico_cc-pvtz-def2-tzv_1                                             
 Job Title:   V2_tetraedrico_cc-pvtz-def2-tzv_1                                             
 
<Atom>
V1      
</Atom>
<Nuclei of Molecule>
    13
V1        23.0          -3.3672515202E-05   5.5287090505E-05  -1.9085634029E-05
O2         8.0           2.0030155269E+00   1.3840631117E+00   2.5350892074E+00
H3         1.0           2.8115089410E+00   4.7678698644E-01   3.9445092238E+00
O4         8.0          -1.9995657973E+00  -2.5557037961E+00   1.3506935460E+00
H5         1.0          -2.7708587388E+00  -3.9782267848E+00   4.3170899390E-01
O6         8.0          -2.0587629348E+00   2.5014901633E+00  -1.3634395019E+00
H7         1.0          -2.8576829812E+00   2.5010056318E+00  -3.0443006304E+00
O8         8.0           2.0551794977E+00  -1.3296278014E+00  -2.5224186681E+00
H9         1.0           2.8848268933E+00  -2.9955466734E+00  -2.5279851588E+00
H10        1.0           2.7831632005E+00   3.0736542532E+00   2.5489034078E+00
H11        1.0          -2.8817883568E+00   3.8968489885E+00  -4.4759854702E-01
H12        1.0          -2.8122900113E+00  -2.5757398487E+00   3.0248138891E+00
H13        1.0           2.8449651804E+00  -4.0182757594E-01  -3.9290088763E+00
</Nuclei of Molecule>
<Total Number of CPs of DelSqRho>
    90
</Total Number of CPs of DelSqRho>
<Number of (3,+3) CPs of DelSqRho>
    10
</Number of (3,+3) CPs of DelSqRho>
<Number of (3,+1) CPs of DelSqRho>
    28
</Number of (3,+1) CPs of DelSqRho>
<Number of (3,-1) CPs of DelSqRho>
    36
</Number of (3,-1) CPs of DelSqRho>
<Number of (3,-3) CPs of DelSqRho>
    16
</Number of (3,-3) CPs of DelSqRho>
<Number of Degenerate CPs of DelSqRho>
     0
</Number of Degenerate CPs of DelSqRho>
<CP of DelSqRho>
CP# = 1       
Type = (3,+3)
Coords = -3.36725152156452E-05  5.52870904835420E-05 -1.90856339262771E-05
DistFromNuc =  1.0601781610E-13
Rho =  8.1158990994E+03
DelSqRho = -3.9056941949E+09
GradDelSqRho = -8.6815623945E-05  6.4234727688E-05 -3.2679722153E-05
HessDelSqRho_EigVals =  3.0754298752E+16  3.0754298759E+16  3.0754298759E+16
HessDelSqRho_EigVec1 =  9.9986252495E-01  1.6102660234E-02  3.9541784973E-03
HessDelSqRho_EigVec2 =  8.2664250455E-04 -2.8658883769E-01  9.5805331521E-01
HessDelSqRho_EigVec3 = -1.6560430440E-02  9.5791833809E-01  2.8656275002E-01
</CP of DelSqRho>
<CP of DelSqRho>
CP# = 2       
Type = (3,-3)
Coords = -1.76931443219080E-01  1.26683910632349E-01  2.39516332523965E-01
DistFromNuc =  3.2358128211E-01
Rho =  1.5606316298E+01
DelSqRho =  1.0172175552E+03
GradDelSqRho =  2.7711166695E-12  2.7569058147E-12  5.6843418861E-14
HessDelSqRho_EigVals = -2.3484834269E+05 -7.1727864816E+03 -3.6902980171E+03
HessDelSqRho_EigVec1 = -5.4708066871E-01  3.9121000050E-01  7.4003883508E-01
HessDelSqRho_EigVec2 =  1.0283550089E-02 -8.8086419713E-01  4.7325734523E-01
HessDelSqRho_EigVec3 =  8.3701672057E-01  2.6652017133E-01  4.7788074637E-01
</CP of DelSqRho>
<CP of DelSqRho>
CP# = 3       
Type = (3,+3)
Coords =  1.19411207639460E-04 -5.20798230480618E-02  1.73205851823439E-01
DistFromNuc =  1.8090044804E-01
Rho =  6.8756974718E+01
DelSqRho = -3.6180891279E+03
GradDelSqRho =  3.1263880373E-13  3.6379788071E-12 -1.4551915228E-11
HessDelSqRho_EigVals =  2.1046282351E+04  3.7029965560E+04  5.1564555168E+06
HessDelSqRho_EigVec1 =  8.8270216594E-01  4.5020852978E-01  1.3471884038E-01
HessDelSqRho_EigVec2 = -4.6993209227E-01  8.4513566227E-01  2.5477350924E-01
HessDelSqRho_EigVec3 =  8.4551063930E-04 -2.8819783496E-01  9.5757051596E-01
</CP of DelSqRho>
<CP of DelSqRho>
CP# = 4       
Type = (3,+3)
Coords =  2.45141354247965E-03 -1.73155062523207E-01 -5.21432765030912E-02
DistFromNuc =  1.8090033759E-01
Rho =  6.8757425860E+01
DelSqRho = -3.6182145266E+03
GradDelSqRho =  6.8212102633E-13  0.0000000000E+00 -2.1827872843E-11
HessDelSqRho_EigVals =  2.1080478318E+04  3.7039290085E+04  5.1564948134E+06
HessDelSqRho_EigVec1 =  8.8865239373E-01  1.4379065821E-01 -4.3545512941E-01
HessDelSqRho_EigVec2 =  4.5837562672E-01 -2.5007168765E-01  8.5285164939E-01
HessDelSqRho_EigVec3 = -1.3737100911E-02  9.5749067758E-01  2.8813693691E-01
</CP of DelSqRho>
<CP of DelSqRho>
CP# = 5       
Type = (3,-1)
Coords =  9.88173446475418E-02 -1.32986789983695E-01  7.25073088710218E-02
DistFromNuc =  1.8091930733E-01
Rho =  6.8333369700E+01
DelSqRho = -3.4237002697E+03
GradDelSqRho = -5.8207660913E-11  5.0931703299E-11 -4.3655745685E-11
HessDelSqRho_EigVals = -3.0929904717E+04 -1.9908300087E+04  5.1447773325E+06
HessDelSqRho_EigVec1 = -9.2444334597E-03  4.7331362445E-01  8.8084547644E-01
HessDelSqRho_EigVec2 = -8.3741309168E-01 -4.8508085622E-01  2.5186479869E-01
HessDelSqRho_EigVec3 = -5.4649231864E-01  7.3530318634E-01 -4.0084332328E-01
</CP of DelSqRho>
<CP of DelSqRho>
CP# = 6       
Type = (3,-1)
Coords = -7.62960432260132E-03 -2.85665157864458E-01  1.53421685305034E-01
DistFromNuc =  3.2440397814E-01
Rho =  1.5583511497E+01
DelSqRho =  9.9538141263E+02
GradDelSqRho = -1.8474111130E-13  8.2422957348E-13 -4.6895820560E-13
HessDelSqRho_EigVals = -2.3122748161E+05 -9.7617663359E+03  2.4044279632E+03
HessDelSqRho_EigVec1 =  1.9339346412E-02  8.8081193347E-01 -4.7307116541E-01
HessDelSqRho_EigVec2 = -9.1428725103E-03  4.7329567391E-01  8.8085618176E-01
HessDelSqRho_EigVec3 =  9.9977117260E-01 -1.2709953484E-02  1.7206380206E-02
</CP of DelSqRho>
<CP of DelSqRho>
CP# = 7       
Type = (3,-1)
Coords =  1.36093633200970E-02 -1.53231270938067E-01 -2.85596418004067E-01
DistFromNuc =  3.2440301180E-01
Rho =  1.5583721757E+01
DelSqRho =  9.9538526686E+02
GradDelSqRho = -2.5757174171E-13  4.9737991503E-13  4.4622083806E-12
HessDelSqRho_EigVals = -2.3123048620E+05 -9.7630235235E+03  2.4048187703E+03
HessDelSqRho_EigVec1 = -3.7980844469E-02  4.7263504767E-01  8.8043941709E-01
HessDelSqRho_EigVec2 = -1.0392075428E-02  8.8084067708E-01 -4.7329874960E-01
HessDelSqRho_EigVec3 =  9.9922442936E-01  2.7125879028E-02  2.8543413693E-02
</CP of DelSqRho>
<CP of DelSqRho>
CP# = 8       
Type = (3,-1)
Coords = -9.86750673244583E-02  7.09459334304813E-02  1.34056240625430E-01
DistFromNuc =  1.8091932351E-01
Rho =  6.8333338782E+01
DelSqRho = -3.4236885039E+03
GradDelSqRho = -2.1827872843E-11  3.6379788071E-12  0.0000000000E+00
HessDelSqRho_EigVals = -3.0932522846E+04 -1.9911794527E+04  5.1447744624E+06
HessDelSqRho_EigVec1 =  9.8349150562E-03 -8.8098403150E-01  4.7304377249E-01
HessDelSqRho_EigVec2 =  8.3816139779E-01  2.6525449304E-01  4.7657688276E-01
HessDelSqRho_EigVec3 = -5.4533360955E-01  3.9179993641E-01  7.4101556268E-01
</CP of DelSqRho>
<CP of DelSqRho>
CP# = 9       
Type = (3,+1)
Coords = -1.30298367652424E-01  1.25431799625939E-01 -6.86103734220100E-04
DistFromNuc =  1.8079990489E-01
Rho =  6.8588369212E+01
DelSqRho = -3.5223147674E+03
GradDelSqRho =  4.3655745685E-11 -7.2759576142E-12 -1.6370904632E-11
HessDelSqRho_EigVals = -1.9299325033E+04  1.3669670946E+04  5.1788431250E+06
HessDelSqRho_EigVec1 =  6.6938294929E-01  6.9730252260E-01  2.5631164462E-01
HessDelSqRho_EigVec2 = -1.8105551025E-01 -1.8148631365E-01  9.6658244354E-01
HessDelSqRho_EigVec3 =  7.2051743171E-01 -6.9342044239E-01  4.7666201370E-03
</CP of DelSqRho>
<CP of DelSqRho>
CP# = 10      
Type = (3,+1)
Coords = -1.26915042893106E-01 -1.28745392544554E-01 -5.17584560641253E-05
DistFromNuc =  1.8079960811E-01
Rho =  6.8588376305E+01
DelSqRho = -3.5222852387E+03
GradDelSqRho =  2.1827872843E-11  0.0000000000E+00  1.0459189070E-11
HessDelSqRho_EigVals = -1.9300646300E+04  1.3640186273E+04  5.1789082475E+06
HessDelSqRho_EigVec1 =  6.8915054737E-01 -6.7926156321E-01 -2.5233955655E-01
HessDelSqRho_EigVec2 =  1.8036521275E-01 -1.7647788372E-01  9.6763833460E-01
HessDelSqRho_EigVec3 =  7.0181187870E-01  7.1236176575E-01 -8.9532619517E-04
</CP of DelSqRho>
<CP of DelSqRho>
CP# = 11      
Type = (3,-1)
Coords =  9.56901699242716E-02  1.35709125295815E-01 -7.18991739926378E-02
DistFromNuc =  1.8091922212E-01
Rho =  6.8333495627E+01
DelSqRho = -3.4237333641E+03
GradDelSqRho =  7.2759576142E-12 -3.6379788071E-11 -1.0913936421E-11
HessDelSqRho_EigVals = -3.0923967687E+04 -1.9898918222E+04  5.1447931757E+06
HessDelSqRho_EigVec1 =  9.3389867446E-03 -4.7332678487E-01 -8.8083740727E-01
HessDelSqRho_EigVec2 =  8.4843966826E-01 -4.6243760097E-01  2.5749096010E-01
HessDelSqRho_EigVec3 =  5.2920970574E-01  7.4974210228E-01 -3.9727052171E-01
</CP of DelSqRho>
<CP of DelSqRho>
CP# = 12      
Type = (3,-1)
Coords = -9.59709656798182E-02 -7.34480120743179E-02 -1.34648459314381E-01
DistFromNuc =  1.8091922912E-01
Rho =  6.8333498802E+01
DelSqRho = -3.4237396822E+03
GradDelSqRho =  7.2759576142E-12  1.8189894035E-11 -2.1827872843E-11
HessDelSqRho_EigVals = -3.0921774701E+04 -1.9896073700E+04  5.1447907254E+06
HessDelSqRho_EigVec1 = -1.1204028130E-02  8.8098811915E-01 -4.7300571209E-01
HessDelSqRho_EigVec2 = -8.4767999946E-01  2.4254061551E-01  4.7181846969E-01
HessDelSqRho_EigVec3 =  5.3038956274E-01  4.0624374918E-01  7.4407857649E-01
</CP of DelSqRho>
<CP of DelSqRho>
CP# = 13      
Type = (3,+3)
Coords =  1.80787631866209E-01  2.44932632410422E-03  5.20182456503003E-04
DistFromNuc =  1.8083795606E-01
Rho =  6.8690166506E+01
DelSqRho = -3.5932161751E+03
GradDelSqRho = -5.8207660913E-11 -2.1600499167E-12  8.5265128291E-14
HessDelSqRho_EigVals =  1.4869648067E+04  2.7880187236E+04  5.1691267153E+06
HessDelSqRho_EigVec1 = -8.8935264559E-03  4.7321383038E-01  8.8090270514E-01
HessDelSqRho_EigVec2 = -1.0251439538E-02  8.8084810299E-01 -4.7328799630E-01
HessDelSqRho_EigVec3 =  9.9990790235E-01  1.3239720137E-02  2.9827229370E-03
</CP of DelSqRho>
<CP of DelSqRho>
CP# = 14      
Type = (3,+1)
Coords = -3.25506547213532E-01 -4.23385803903389E-03 -9.75239181635658E-04
DistFromNuc =  3.2550253941E-01
Rho =  1.5762883267E+01
DelSqRho =  9.0229045108E+02
GradDelSqRho =  3.8369307731E-12 -4.9737991503E-14 -2.3592239273E-14
HessDelSqRho_EigVals = -2.2355082303E+05  5.7561727240E+03  6.0659981803E+03
HessDelSqRho_EigVec1 =  9.9990884920E-01  1.3178141880E-02  2.9376635637E-03
HessDelSqRho_EigVec2 = -1.0179249740E-02  8.7873954996E-01 -4.7719302824E-01
HessDelSqRho_EigVec3 = -8.8699585881E-03  4.7711962851E-01  8.7879359575E-01
</CP of DelSqRho>
<CP of DelSqRho>
CP# = 15      
Type = (3,+1)
Coords =  4.43404237109593E-03 -3.12040345812009E-01 -9.39536194147462E-02
DistFromNuc =  3.2595604181E-01
Rho =  1.5957533518E+01
DelSqRho =  8.6706596244E+02
GradDelSqRho =  1.4210854715E-14 -5.1159076975E-12 -3.3928415633E-12
HessDelSqRho_EigVals = -2.2002183494E+05  7.2020240882E+03  9.6588684975E+03
HessDelSqRho_EigVec1 = -1.3703157557E-02  9.5747703093E-01  2.8818389740E-01
HessDelSqRho_EigVec2 =  9.9798247866E-01  3.0965334805E-02 -5.5426711313E-02
HessDelSqRho_EigVec3 =  6.1993513850E-02 -2.8684295928E-01  9.5596962345E-01
</CP of DelSqRho>
<CP of DelSqRho>
CP# = 16      
Type = (3,+1)
Coords =  1.28135486387767E-01  2.10210055434615E-03  1.27483868457084E-01
DistFromNuc =  1.8079968485E-01
Rho =  6.8588387397E+01
DelSqRho = -3.5223301079E+03
GradDelSqRho =  1.4551915228E-11  8.6401996668E-12  7.2759576142E-12
HessDelSqRho_EigVals = -1.9278964227E+04  1.3655539063E+04  5.1788903608E+06
HessDelSqRho_EigVec1 = -6.7805381117E-01 -2.6319775328E-01  6.8627252009E-01
HessDelSqRho_EigVec2 = -1.9411133755E-01  9.6466222872E-01  1.7817848665E-01
HessDelSqRho_EigVec3 =  7.0891735611E-01  1.2398674860E-02  7.0518256861E-01
</CP of DelSqRho>
<CP of DelSqRho>
CP# = 17      
Type = (3,+1)
Coords =  1.28943551093274E-01  1.52983267151625E-03 -1.26712749247378E-01
DistFromNuc =  1.8079984207E-01
Rho =  6.8588411626E+01
DelSqRho = -3.5223203098E+03
GradDelSqRho =  0.0000000000E+00 -5.4569682106E-12 -7.2759576142E-12
HessDelSqRho_EigVals = -1.9305592021E+04  1.3677142405E+04  5.1788544992E+06
HessDelSqRho_EigVec1 =  6.8055911216E-01 -2.4526946325E-01  6.9042174448E-01
HessDelSqRho_EigVec2 =  1.6697370497E-01  9.6942908940E-01  1.7979717035E-01
HessDelSqRho_EigVec3 =  7.1341367852E-01  7.0803259536E-03 -7.0070735138E-01
</CP of DelSqRho>
<CP of DelSqRho>
CP# = 18      
Type = (3,+1)
Coords =  3.25439241071852E-01  4.34519430862851E-03  9.36204503638067E-04
DistFromNuc =  3.2550258580E-01
Rho =  1.5762876652E+01
DelSqRho =  9.0229044742E+02
GradDelSqRho =  5.6843418861E-12  1.3256062914E-13  3.0253577421E-14
HessDelSqRho_EigVals = -2.2355075759E+05  5.7563240713E+03  6.0658643689E+03
HessDelSqRho_EigVec1 =  9.9990883496E-01  1.3179803184E-02  2.9350575072E-03
HessDelSqRho_EigVec2 = -8.7828698807E-03  4.6974290862E-01  8.8275957146E-01
HessDelSqRho_EigVec3 = -1.0255874960E-02  8.8270487287E-01 -4.6981584098E-01
</CP of DelSqRho>
<CP of DelSqRho>
CP# = 19      
Type = (3,+1)
Coords = -4.49892838550515E-03  3.12149528356161E-01  9.39182054621697E-02
DistFromNuc =  3.2595547027E-01
Rho =  1.5957625222E+01
DelSqRho =  8.6706886321E+02
GradDelSqRho =  6.1284310959E-14 -2.3874235922E-12  3.7445602175E-12
HessDelSqRho_EigVals = -2.2002350181E+05  7.2017410079E+03  9.6589709893E+03
HessDelSqRho_EigVec1 = -1.3700815506E-02  9.5747574510E-01  2.8818828082E-01
HessDelSqRho_EigVec2 =  9.9805999752E-01 -4.4106928554E-03  6.2103036485E-02
HessDelSqRho_EigVec3 = -6.0733261122E-02 -2.8848005709E-01  9.5555780969E-01
</CP of DelSqRho>
<CP of DelSqRho>
CP# = 20      
Type = (3,+1)
Coords =  2.65558210414293E-04 -9.38830779793895E-02  3.12105254746124E-01
DistFromNuc =  3.2595415296E-01
Rho =  1.5957533219E+01
DelSqRho =  8.6711177199E+02
GradDelSqRho =  4.6185277824E-14 -1.6484591470E-12 -1.3358203432E-12
HessDelSqRho_EigVals = -2.2002971377E+05  7.1974184391E+03  9.6576300361E+03
HessDelSqRho_EigVec1 =  9.2070406789E-04 -2.8819559024E-01  9.5757112220E-01
HessDelSqRho_EigVec2 =  9.9711020068E-01  7.3004755784E-02  2.1013170509E-02
HessDelSqRho_EigVec3 = -7.5963149000E-02  9.5478458691E-01  2.8742997859E-01
</CP of DelSqRho>
<CP of DelSqRho>
CP# = 21      
Type = (3,+1)
Coords = -3.35795041139596E-04  9.39948516593504E-02 -3.12145026747288E-01
DistFromNuc =  3.2595603413E-01
Rho =  1.5957238567E+01
DelSqRho =  8.6710296419E+02
GradDelSqRho = -6.2172489379E-14  4.6043169277E-12  5.5706550484E-12
HessDelSqRho_EigVals = -2.2002453336E+05  7.1982688216E+03  9.6573039120E+03
HessDelSqRho_EigVec1 =  9.2414686917E-04 -2.8819633843E-01  9.5757089370E-01
HessDelSqRho_EigVec2 =  9.9891145571E-01 -4.4392634774E-02 -1.4324720791E-02
HessDelSqRho_EigVec3 =  4.6637427036E-02  9.5654177352E-01  2.8784159864E-01
</CP of DelSqRho>
<CP of DelSqRho>
CP# = 22      
Type = (3,-1)
Coords = -2.40579990915803E-01 -7.15603386864326E-02  2.05914636402538E-01
DistFromNuc =  3.2465370323E-01
Rho =  1.5601727536E+01
DelSqRho =  9.7263125470E+02
GradDelSqRho =  3.0127011996E-12  1.7550405573E-12  2.2382096176E-12
HessDelSqRho_EigVals = -2.2953505143E+05 -6.5472111376E+03  4.3852310385E+03
HessDelSqRho_EigVec1 =  7.4104464369E-01  2.1672520644E-01 -6.3551791553E-01
HessDelSqRho_EigVec2 =  6.7095763836E-01 -2.0255842492E-01  7.1329231877E-01
HessDelSqRho_EigVec3 = -2.5858917058E-02  9.5498705195E-01  2.9551826851E-01
</CP of DelSqRho>
<CP of DelSqRho>
CP# = 23      
Type = (3,-3)
Coords =  1.71675326856055E-01  2.42405676370151E-01 -1.28421288946462E-01
DistFromNuc =  3.2358123781E-01
Rho =  1.5606349025E+01
DelSqRho =  1.0171873991E+03
GradDelSqRho = -8.8817841970E-13  9.0949470177E-12  3.7232439354E-12
HessDelSqRho_EigVals = -2.3484806262E+05 -7.1664708067E+03 -3.6879360374E+03
HessDelSqRho_EigVec1 =  5.3104915446E-01  7.4874520391E-01 -3.9669562031E-01
HessDelSqRho_EigVec2 =  9.9012510457E-03 -4.7361659446E-01 -8.8067547183E-01
HessDelSqRho_EigVec3 =  8.4728316446E-01 -4.6375418174E-01  2.5892720626E-01
</CP of DelSqRho>
<CP of DelSqRho>
CP# = 24      
Type = (3,-1)
Coords = -2.41155053095169E-01  6.51886158381037E-02 -2.07426804586988E-01
DistFromNuc =  3.2465340375E-01
Rho =  1.5601632906E+01
DelSqRho =  9.7265366869E+02
GradDelSqRho =  5.4569682106E-12  1.5987211555E-12 -6.5654148784E-12
HessDelSqRho_EigVals = -2.2953751067E+05 -6.5485824229E+03  4.3830240180E+03
HessDelSqRho_EigVec1 =  7.4270965946E-01 -1.9675297411E-01  6.4005517647E-01
HessDelSqRho_EigVec2 = -6.6961234216E-01 -2.2007677554E-01  7.0935571056E-01
HessDelSqRho_EigVec3 = -1.2934336500E-03  9.5543418405E-01  2.9520136683E-01
</CP of DelSqRho>
<CP of DelSqRho>
CP# = 25      
Type = (3,-1)
Coords =  2.37851004812522E-01  2.09896297182963E-01  6.90971727179240E-02
DistFromNuc =  3.2465277820E-01
Rho =  1.5601430876E+01
DelSqRho =  9.7270909453E+02
GradDelSqRho =  7.3896444519E-13 -1.7585932710E-12 -3.2684965845E-13
HessDelSqRho_EigVals = -2.2954250140E+05 -6.5527061996E+03  4.3773857442E+03
HessDelSqRho_EigVec1 =  7.3279030076E-01  6.4755534624E-01  2.0902260327E-01
HessDelSqRho_EigVec2 = -6.8036158600E-01  7.0234261310E-01  2.0933935633E-01
HessDelSqRho_EigVec3 = -1.1246662007E-02 -2.9561279976E-01  9.5524163708E-01
</CP of DelSqRho>
<CP of DelSqRho>
CP# = 26      
Type = (3,-3)
Coords = -1.76403102468555E-01  2.39425734743398E-01 -1.30454798179345E-01
DistFromNuc =  3.2468116998E-01
Rho =  1.5420950249E+01
DelSqRho =  1.0106214645E+03
GradDelSqRho = -4.1282532948E-12  6.2527760747E-12 -1.9895196601E-12
HessDelSqRho_EigVals = -2.3140600405E+05 -6.7992760659E+03 -3.2141218861E+03
HessDelSqRho_EigVec1 = -5.4280997978E-01  7.3747816124E-01 -4.0184983209E-01
HessDelSqRho_EigVec2 = -9.2250980341E-03  4.7321057143E-01  8.8090104589E-01
HessDelSqRho_EigVec3 = -8.3980487223E-01 -4.8186898300E-01  2.5006011238E-01
</CP of DelSqRho>
<CP of DelSqRho>
CP# = 27      
Type = (3,-1)
Coords =  2.43763829892839E-01 -2.03389631886965E-01 -6.76434466586754E-02
DistFromNuc =  3.2465383325E-01
Rho =  1.5601846780E+01
DelSqRho =  9.7262824698E+02
GradDelSqRho = -8.0717654782E-12  3.8866687646E-12  2.5153212846E-12
HessDelSqRho_EigVals = -2.2953390523E+05 -6.5496567928E+03  4.3858765275E+03
HessDelSqRho_EigVec1 =  7.5101003947E-01 -6.2784748570E-01 -2.0442958521E-01
HessDelSqRho_EigVec2 =  6.6015651811E-01  7.2020740747E-01  2.1329477683E-01
HessDelSqRho_EigVec3 =  1.3315112226E-02 -2.9514204194E-01  9.5536060358E-01
</CP of DelSqRho>
<CP of DelSqRho>
CP# = 28      
Type = (3,-1)
Coords = -2.37906478063408E-01 -2.13199590770612E-01 -5.77933061691466E-02
DistFromNuc =  3.2465208317E-01
Rho =  1.5601554948E+01
DelSqRho =  9.7271177834E+02
GradDelSqRho =  3.4674485505E-12  1.1795009414E-12  1.5845103007E-12
HessDelSqRho_EigVals = -2.2954443304E+05 -6.5530231760E+03  4.3772929725E+03
HessDelSqRho_EigVec1 =  7.3276260754E-01  6.5573663475E-01  1.8184726238E-01
HessDelSqRho_EigVec2 = -6.8035705613E-01  7.0081272818E-01  2.1441967306E-01
HessDelSqRho_EigVec3 =  1.3161958774E-02 -2.8083978684E-01  9.5966440851E-01
</CP of DelSqRho>
<CP of DelSqRho>
CP# = 29      
Type = (3,-1)
Coords =  8.05246958806118E-03  1.53627160699613E-01  2.85617793491475E-01
DistFromNuc =  3.2440427367E-01
Rho =  1.5583477189E+01
DelSqRho =  9.9537722501E+02
GradDelSqRho = -2.1316282073E-14 -1.3073986338E-12  3.3253400034E-12
HessDelSqRho_EigVals = -2.3122637361E+05 -9.7612772166E+03  2.4045901912E+03
HessDelSqRho_EigVec1 =  2.0850897739E-02  4.7340070430E-01  8.8060037090E-01
HessDelSqRho_EigVec2 = -1.0393954839E-02  8.8084689996E-01 -4.7328712695E-01
HessDelSqRho_EigVec3 =  9.9972856604E-01 -7.1554099924E-04 -2.3286954176E-02
</CP of DelSqRho>
<CP of DelSqRho>
CP# = 30      
Type = (3,-1)
Coords =  2.40923562704118E-01 -5.37546431488673E-02  2.10797375803301E-01
DistFromNuc =  3.2465285800E-01
Rho =  1.5601712767E+01
DelSqRho =  9.7265575669E+02
GradDelSqRho = -9.9475983006E-13  4.0323300254E-13  6.5369931690E-13
HessDelSqRho_EigVals = -2.2953892914E+05 -6.5482508574E+03  4.3826985816E+03
HessDelSqRho_EigVec1 =  7.4231065744E-01 -1.6963392305E-01  6.4822775318E-01
HessDelSqRho_EigVec2 = -6.6955613472E-01 -2.2514299192E-01  7.0781721909E-01
HessDelSqRho_EigVec3 = -2.5874124120E-02  9.5944513409E-01  2.8070547619E-01
</CP of DelSqRho>
<CP of DelSqRho>
CP# = 31      
Type = (3,-3)
Coords = -1.70804577938500E-01 -2.43946457774880E-01  1.29280795004888E-01
DistFromNuc =  3.2468140195E-01
Rho =  1.5420907446E+01
DelSqRho =  1.0105987935E+03
GradDelSqRho =  4.8636650263E-12 -3.5811353882E-12  1.8474111130E-12
HessDelSqRho_EigVals = -2.3140470429E+05 -6.7940504727E+03 -3.2128860087E+03
HessDelSqRho_EigVec1 =  5.2556317371E-01  7.5172831865E-01 -3.9835648027E-01
HessDelSqRho_EigVec2 =  9.9369425247E-03 -4.7363119737E-01 -8.8066721640E-01
HessDelSqRho_EigVec3 =  8.5069654261E-01 -4.5888781179E-01  2.5639299636E-01
</CP of DelSqRho>
<CP of DelSqRho>
CP# = 32      
Type = (3,-1)
Coords =  2.40673895378616E-01  6.03575026094096E-02 -2.09358746797404E-01
DistFromNuc =  3.2465302120E-01
Rho =  1.5601866532E+01
DelSqRho =  9.7263435747E+02
GradDelSqRho = -7.5601747085E-12 -3.7125857943E-13  4.8316906032E-12
HessDelSqRho_EigVals = -2.2953721916E+05 -6.5478941473E+03  4.3852981656E+03
HessDelSqRho_EigVec1 =  7.4143399160E-01  1.8963126671E-01 -6.4367353432E-01
HessDelSqRho_EigVec2 =  6.7102448727E-01 -2.0762437587E-01  7.1177121045E-01
HessDelSqRho_EigVec3 = -1.3317604126E-03  9.5965207301E-01  2.8118699327E-01
</CP of DelSqRho>
<CP of DelSqRho>
CP# = 33      
Type = (3,-3)
Coords = -1.72129857266739E-01 -1.31238848460284E-01 -2.40538487356740E-01
DistFromNuc =  3.2358125632E-01
Rho =  1.5606360701E+01
DelSqRho =  1.0171778066E+03
GradDelSqRho =  3.3395508581E-12  2.8705926525E-12  1.2079226508E-12
HessDelSqRho_EigVals = -2.3484761677E+05 -7.1644671082E+03 -3.6875457145E+03
HessDelSqRho_EigVec1 =  5.3224502464E-01  4.0564182362E-01  7.4308138496E-01
HessDelSqRho_EigVec2 = -1.1017517823E-02  8.8097883607E-01 -4.7302738260E-01
HessDelSqRho_EigVec3 = -8.4651866373E-01  2.4357955850E-01  4.7336576833E-01
</CP of DelSqRho>
<CP of DelSqRho>
CP# = 34      
Type = (3,-3)
Coords =  1.77242083345448E-01 -2.37632427192082E-01  1.29529026789080E-01
DistFromNuc =  3.2358129824E-01
Rho =  1.5606321250E+01
DelSqRho =  1.0172080213E+03
GradDelSqRho = -1.3571366253E-12  7.3896444519E-13  1.7053025658E-12
HessDelSqRho_EigVals = -2.3484806223E+05 -7.1710432920E+03 -3.6894206711E+03
HessDelSqRho_EigVec1 = -5.4824828940E-01  7.3432233165E-01 -4.0024308415E-01
HessDelSqRho_EigVec2 = -9.2575583014E-03  4.7322098346E-01  8.8089511205E-01
HessDelSqRho_EigVec3 = -8.3626437852E-01 -4.8665451200E-01  2.5264456289E-01
</CP of DelSqRho>
<CP of DelSqRho>
CP# = 35      
Type = (3,-1)
Coords = -1.41707381581993E-02  2.85490461428127E-01 -1.53526081100969E-01
DistFromNuc =  3.2440328764E-01
Rho =  1.5583646074E+01
DelSqRho =  9.9538629653E+02
GradDelSqRho =  6.6791017161E-13 -7.6170181273E-12  3.1974423109E-12
HessDelSqRho_EigVals = -2.3122983814E+05 -9.7627297955E+03  2.4044880039E+03
HessDelSqRho_EigVec1 = -3.9503922489E-02  8.8004644111E-01 -4.7324169470E-01
HessDelSqRho_EigVec2 = -9.1193084758E-03  4.7327413318E-01  8.8086799980E-01
HessDelSqRho_EigVec3 =  9.9917780115E-01  3.9113378185E-02 -1.0670769704E-02
</CP of DelSqRho>
<CP of DelSqRho>
CP# = 36      
Type = (3,-3)
Coords =  1.71128238143294E-01  1.32226654646490E-01  2.42163645480583E-01
DistFromNuc =  3.2468160606E-01
Rho =  1.5420884158E+01
DelSqRho =  1.0105886212E+03
GradDelSqRho =  1.1084466678E-12 -4.9245052480E-12 -3.2611691125E-12
HessDelSqRho_EigVals = -2.3140376929E+05 -6.7918323601E+03 -3.2125451212E+03
HessDelSqRho_EigVec1 =  5.2676771476E-01  4.0719066616E-01  7.4613104484E-01
HessDelSqRho_EigVec2 = -1.0957099943E-02  8.8097157288E-01 -4.7304231284E-01
HessDelSqRho_EigVec3 = -8.4993865464E-01  2.4100798569E-01  4.6852901104E-01
</CP of DelSqRho>
<CP of DelSqRho>
CP# = 37      
Type = (3,-1)
Coords = -2.43840268300591E-01  2.06905061477301E-01  5.62953353150618E-02
DistFromNuc =  3.2465335255E-01
Rho =  1.5601928357E+01
DelSqRho =  9.7262969007E+02
GradDelSqRho =  1.4779288904E-12  3.6948222260E-13  6.9633188104E-13
HessDelSqRho_EigVals = -2.2953516137E+05 -6.5496099630E+03  4.3856980292E+03
HessDelSqRho_EigVec1 =  7.5102905720E-01 -6.3600602337E-01 -1.7734625306E-01
HessDelSqRho_EigVec2 =  6.6017020790E-01  7.1867249418E-01  2.1836928060E-01
HessDelSqRho_EigVec3 = -1.1430303762E-02 -2.8108038769E-01  9.5961615441E-01
</CP of DelSqRho>
<CP of DelSqRho>
CP# = 38      
Type = (3,-3)
Coords =  1.75955407067187E-01 -1.27480501897610E-01 -2.41224737737117E-01
DistFromNuc =  3.2468092062E-01
Rho =  1.5420990482E+01
DelSqRho =  1.0106324625E+03
GradDelSqRho =  1.4352963262E-12 -2.2268853428E-12 -2.6199042935E-12
HessDelSqRho_EigVals = -2.3140710735E+05 -6.8011737330E+03 -3.2150610957E+03
HessDelSqRho_EigVec1 = -5.4163844206E-01  3.9292713112E-01  7.4312587609E-01
HessDelSqRho_EigVec2 =  1.0335263391E-02 -8.8085041613E-01  4.7328186816E-01
HessDelSqRho_EigVec3 =  8.4054802386E-01  2.6402805539E-01  4.7304144169E-01
</CP of DelSqRho>
<CP of DelSqRho>
CP# = 39      
Type = (3,+3)
Coords =  7.04935933985438E-01  9.35866856694800E-03  2.05778573330049E-03
DistFromNuc =  7.0503405052E-01
Rho =  1.9950207481E+00
DelSqRho = -2.4434451286E+01
GradDelSqRho = -7.8159700934E-14  1.2212453271E-15  1.5265566589E-16
HessDelSqRho_EigVals =  2.6147834003E+02  3.0771959152E+02  2.4399269961E+03
HessDelSqRho_EigVec1 = -1.0216264278E-02  8.8004051419E-01 -4.7478871230E-01
HessDelSqRho_EigVec2 = -8.8548227987E-03  4.7471525511E-01  8.8009489186E-01
HessDelSqRho_EigVec3 =  9.9990860585E-01  1.3195451919E-02  2.9427863060E-03
</CP of DelSqRho>
<CP of DelSqRho>
CP# = 40      
Type = (3,+3)
Coords = -7.05002932932116E-01 -9.25362673230926E-03 -2.09536126251174E-03
DistFromNuc =  7.0503377574E-01
Rho =  1.9950270635E+00
DelSqRho = -2.4434636141E+01
GradDelSqRho =  9.9475983006E-14  2.2204460493E-16  4.9960036108E-16
HessDelSqRho_EigVals =  2.6148806599E+02  3.0771564465E+02  2.4399370916E+03
HessDelSqRho_EigVec1 = -8.8314408598E-03  4.7216233173E-01  8.8146737781E-01
HessDelSqRho_EigVec2 = -1.0246284034E-02  8.8141274787E-01 -4.7223572667E-01
HessDelSqRho_EigVec3 =  9.9990850547E-01  1.3202287012E-02  2.9462351950E-03
</CP of DelSqRho>
<CP of DelSqRho>
CP# = 41      
Type = (3,-1)
Coords = -4.19945569592658E-01  5.72588386413811E-01 -3.12000358320789E-01
DistFromNuc =  7.7553366506E-01
Rho =  1.2610203551E+00
DelSqRho = -4.8202722145E-01
GradDelSqRho =  2.7302604622E-12 -1.3531398224E-12  2.1720403254E-12
HessDelSqRho_EigVals = -2.1263428964E+02 -1.0878642361E+02  8.5243550829E+02
HessDelSqRho_EigVec1 =  9.2056635779E-03 -4.7324427619E-01 -8.8088314254E-01
HessDelSqRho_EigVec2 =  8.4215989053E-01  4.7863698981E-01 -2.4834119828E-01
HessDelSqRho_EigVec3 = -5.3914930635E-01  7.3955830537E-01 -4.0295351893E-01
</CP of DelSqRho>
<CP of DelSqRho>
CP# = 42      
Type = (3,-1)
Coords = -4.06504410878679E-01 -5.83516868266092E-01  3.09239407544607E-01
DistFromNuc =  7.7550998527E-01
Rho =  1.2611589731E+00
DelSqRho = -4.8671409763E-01
GradDelSqRho =  3.2862601529E-14  2.6645352591E-14 -6.8833827527E-14
HessDelSqRho_EigVals = -2.1255520991E+02 -1.0874351338E+02  8.5279365853E+02
HessDelSqRho_EigVec1 = -9.8151372306E-03  4.7355067427E-01  8.8071188363E-01
HessDelSqRho_EigVec2 = -8.5300725475E-01  4.5564055471E-01 -2.5450011444E-01
HessDelSqRho_EigVec3 =  5.2180675199E-01  7.5375157963E-01 -3.9946998608E-01
</CP of DelSqRho>
<CP of DelSqRho>
CP# = 43      
Type = (3,-1)
Coords =  4.07361487643421E-01  3.16173546224617E-01  5.79206386137290E-01
DistFromNuc =  7.7550223560E-01
Rho =  1.2612023508E+00
DelSqRho = -4.8835465441E-01
GradDelSqRho =  1.0658141036E-13  6.3948846218E-14  7.1054273576E-15
HessDelSqRho_EigVals = -2.1251740321E+02 -1.0873276669E+02  8.5291020284E+02
HessDelSqRho_EigVec1 = -1.1010018136E-02  8.8096724213E-01 -4.7304914944E-01
HessDelSqRho_EigVec2 =  8.5225782236E-01 -2.3917013930E-01 -4.6524643868E-01
HessDelSqRho_EigVec3 =  5.2300610296E-01  4.0828220970E-01  7.4817795578E-01
</CP of DelSqRho>
<CP of DelSqRho>
CP# = 44      
Type = (3,-1)
Coords =  4.18975773996640E-01 -3.05018953959217E-01 -5.76928788229538E-01
DistFromNuc =  7.7554111030E-01
Rho =  1.2609875710E+00
DelSqRho = -4.8037908091E-01
GradDelSqRho = -8.6153306711E-13  7.7182704672E-13  1.1910472608E-12
HessDelSqRho_EigVals = -2.1266656961E+02 -1.0880958367E+02  8.5232265494E+02
HessDelSqRho_EigVec1 = -1.0213379552E-02  8.8088119026E-01 -4.7322723456E-01
HessDelSqRho_EigVec2 =  8.4289657723E-01  2.6219685772E-01  4.6987037349E-01
HessDelSqRho_EigVec3 = -5.3797866776E-01  3.9408265180E-01  7.4516965624E-01
</CP of DelSqRho>
<CP of DelSqRho>
CP# = 45      
Type = (3,+1)
Coords =  9.10130338133210E-02 -6.57635780327820E-01  3.54274302152680E-01
DistFromNuc =  7.5257614068E-01
Rho =  1.4782617839E+00
DelSqRho = -5.0741416872E+00
GradDelSqRho =  1.4210854715E-14 -6.0396132540E-14 -8.8817841970E-16
HessDelSqRho_EigVals = -3.2165445641E+02  6.8101345205E+01  1.2385071935E+03
HessDelSqRho_EigVec1 = -9.0891198505E-03  4.7327113359E-01  8.8086992344E-01
HessDelSqRho_EigVec2 =  9.9230184212E-01  1.1307309738E-01 -5.0512659610E-02
HessDelSqRho_EigVec3 = -1.2350887430E-01  8.7362973207E-01 -4.7065555261E-01
</CP of DelSqRho>
<CP of DelSqRho>
CP# = 46      
Type = (3,+1)
Coords =  7.60199414830398E-02  6.59918888019219E-01 -3.53782743673629E-01
DistFromNuc =  7.5256418316E-01
Rho =  1.4783335144E+00
DelSqRho = -5.0770452431E+00
GradDelSqRho = -1.4210854715E-14 -1.2434497876E-14  5.7731597281E-14
HessDelSqRho_EigVals = -3.2157509306E+02  6.8086581344E+01  1.2387546797E+03
HessDelSqRho_EigVec1 = -9.1748631164E-03  4.7329341485E-01  8.8085706295E-01
HessDelSqRho_EigVec2 =  9.9457845378E-01 -8.6930629148E-02  5.7068073369E-02
HessDelSqRho_EigVec3 =  1.0358340200E-01  8.7660504743E-01 -4.6992985610E-01
</CP of DelSqRho>
<CP of DelSqRho>
CP# = 47      
Type = (3,+1)
Coords = -7.72349514499050E-02 -3.54969121152759E-01 -6.59065235835776E-01
DistFromNuc =  7.5255843362E-01
Rho =  1.4783856335E+00
DelSqRho = -5.0785936317E+00
GradDelSqRho =  4.4408920985E-15  1.4210854715E-14 -3.9079850467E-14
HessDelSqRho_EigVals = -3.2154251572E+02  6.8090079277E+01  1.2388703088E+03
HessDelSqRho_EigVec1 = -1.0396101053E-02  8.8084328655E-01 -4.7329380475E-01
HessDelSqRho_EigVec2 = -9.9440692981E-01  4.0643184884E-02  9.7483277863E-02
HessDelSqRho_EigVec3 =  1.0510365847E-01  4.7166008529E-01  8.7549413757E-01
</CP of DelSqRho>
<CP of DelSqRho>
CP# = 48      
Type = (3,-1)
Coords = -3.96334377703933E-01  3.02163394294991E-01  5.70880597376246E-01
DistFromNuc =  7.5779285127E-01
Rho =  1.4157147852E+00
DelSqRho = -3.6755375112E+00
GradDelSqRho =  4.6185277824E-14  2.7533531011E-14  4.6185277824E-14
HessDelSqRho_EigVals = -2.1529493636E+02 -8.0951777636E+01  1.1515263170E+03
HessDelSqRho_EigVec1 = -1.0303219834E-02  8.8084933874E-01 -4.7328457202E-01
HessDelSqRho_EigVec2 =  8.5274447387E-01  2.5492804769E-01  4.5589313747E-01
HessDelSqRho_EigVec3 = -5.2222668062E-01  3.9889363614E-01  7.5376598564E-01
</CP of DelSqRho>
<CP of DelSqRho>
CP# = 49      
Type = (3,-1)
Coords = -3.84878301823952E-01 -3.12450292866327E-01 -5.73098554129085E-01
DistFromNuc =  7.5775009299E-01
Rho =  1.4159505081E+00
DelSqRho = -3.6865149498E+00
GradDelSqRho =  1.4210854715E-14  5.8619775700E-14 -5.5067062021E-14
HessDelSqRho_EigVals = -2.1502918252E+02 -8.0866167461E+01  1.1523342255E+03
HessDelSqRho_EigVec1 = -1.0825156408E-02  8.8093007077E-01 -4.7312263357E-01
HessDelSqRho_EigVec2 =  8.6180052016E-01 -2.3174439027E-01 -4.5121436262E-01
HessDelSqRho_EigVec3 =  5.0713181664E-01  4.1262179776E-01  7.5667732394E-01
</CP of DelSqRho>
<CP of DelSqRho>
CP# = 50      
Type = (3,-1)
Coords =  3.83888450465325E-01  5.77226400666867E-01 -3.06084281213221E-01
DistFromNuc =  7.5775892922E-01
Rho =  1.4158952559E+00
DelSqRho = -3.6841526748E+00
GradDelSqRho = -3.4638958368E-14  1.0658141036E-14 -7.4606987255E-14
HessDelSqRho_EigVals = -2.1509600778E+02 -8.0873724698E+01  1.1521670755E+03
HessDelSqRho_EigVec1 =  9.8247128232E-03 -4.7356156248E-01 -8.8070592229E-01
HessDelSqRho_EigVec2 =  8.6253172844E-01 -4.4158541653E-01  2.4706545153E-01
HessDelSqRho_EigVec3 =  5.0590759279E-01  7.6206414851E-01 -4.0412342311E-01
</CP of DelSqRho>
<CP of DelSqRho>
CP# = 51      
Type = (3,-1)
Coords =  3.97158352146169E-01 -5.66723667574643E-01  3.08583595854199E-01
DistFromNuc =  7.5778328230E-01
Rho =  1.4157669376E+00
DelSqRho = -3.6780392371E+00
GradDelSqRho =  6.0396132540E-14 -8.7041485131E-14  5.2402526762E-14
HessDelSqRho_EigVals = -2.1524392630E+02 -8.0921330113E+01  1.1517079481E+03
HessDelSqRho_EigVec1 =  9.1068797705E-03 -4.7325764585E-01 -8.8087698652E-01
HessDelSqRho_EigVec2 =  8.5203186360E-01  4.6477116471E-01 -2.4089306313E-01
HessDelSqRho_EigVec3 = -5.2341070695E-01  7.4834147626E-01 -4.0746320907E-01
</CP of DelSqRho>
<CP of DelSqRho>
CP# = 52      
Type = (3,+1)
Coords =  5.46521882202983E-01 -1.74276623082502E-01  4.65053943763615E-01
DistFromNuc =  7.3851710337E-01
Rho =  1.5914873203E+00
DelSqRho = -9.6994986852E+00
GradDelSqRho =  4.9737991503E-14 -1.8651746814E-14  1.7763568394E-14
HessDelSqRho_EigVals = -2.4017295352E+02  1.6015515574E+02  1.5367220674E+03
HessDelSqRho_EigVec1 =  6.7176019367E-01  2.1422909252E-01 -7.0911503871E-01
HessDelSqRho_EigVec2 =  3.5173557626E-02  9.4696493836E-01  3.1940605249E-01
HessDelSqRho_EigVec3 =  7.3993314769E-01 -2.3950637036E-01  6.2859815105E-01
</CP of DelSqRho>
<CP of DelSqRho>
CP# = 53      
Type = (3,+1)
Coords = -5.45637535155763E-01 -1.11601523900428E-01  4.85008099016610E-01
DistFromNuc =  7.3851349901E-01
Rho =  1.5915851358E+00
DelSqRho = -9.7018090037E+00
GradDelSqRho = -1.2434497876E-14  1.5987211555E-14  1.7763568394E-15
HessDelSqRho_EigVals = -2.4016732037E+02  1.6023435939E+02  1.5367977149E+03
HessDelSqRho_EigVec1 = -6.7317550172E-01  2.1236011971E-01 -7.0833461262E-01
HessDelSqRho_EigVec2 =  3.5061400143E-02  9.6596708355E-01  2.5627776284E-01
HessDelSqRho_EigVec3 =  7.3865109632E-01  1.4768470829E-01 -6.5771101925E-01
</CP of DelSqRho>
<CP of DelSqRho>
CP# = 54      
Type = (3,+1)
Coords =  5.44454656922281E-01  1.89094237471002E-01 -4.61737786464570E-01
DistFromNuc =  7.3850350328E-01
Rho =  1.5916272536E+00
DelSqRho = -9.7035806317E+00
GradDelSqRho =  8.5265128291E-14 -1.9539925233E-14  3.1974423109E-14
HessDelSqRho_EigVals = -2.4011582163E+02  1.6023006732E+02  1.5370150878E+03
HessDelSqRho_EigVec1 = -6.7295990728E-01  1.9663195136E-01 -7.1306440025E-01
HessDelSqRho_EigVec2 = -6.2265307886E-02  9.4553790806E-01  3.1950132371E-01
HessDelSqRho_EigVec3 =  7.3705359007E-01  2.5941075560E-01 -6.2406575394E-01
</CP of DelSqRho>
<CP of DelSqRho>
CP# = 55      
Type = (3,+1)
Coords = -5.45466221490538E-01  9.69330021636709E-02 -4.88417331792000E-01
DistFromNuc =  7.3852204030E-01
Rho =  1.5913962874E+00
DelSqRho = -9.6984297593E+00
GradDelSqRho =  2.0072832285E-13 -1.4210854715E-14 -5.3290705182E-15
HessDelSqRho_EigVals = -2.4012328735E+02  1.6010049589E+02  1.5366179003E+03
HessDelSqRho_EigVec1 =  6.7156501445E-01  2.2996846490E-01 -7.0435426919E-01
HessDelSqRho_EigVec2 = -6.2368237320E-02  9.6478641375E-01  2.5553351801E-01
HessDelSqRho_EigVec3 =  7.3831608024E-01 -1.2767803649E-01  6.6225952968E-01
</CP of DelSqRho>
<CP of DelSqRho>
CP# = 56      
Type = (3,+1)
Coords =  5.38734620369779E-01  4.94003409709276E-01  1.05825314207030E-01
DistFromNuc =  7.3855200104E-01
Rho =  1.5910635790E+00
DelSqRho = -9.6880318402E+00
GradDelSqRho = -5.6843418861E-14 -1.7763568394E-14  1.5543122345E-15
HessDelSqRho_EigVals = -2.4025815525E+02  1.5986786965E+02  1.5359542526E+03
HessDelSqRho_EigVec1 = -6.8240617698E-01  6.9732963829E-01  2.1921036740E-01
HessDelSqRho_EigVec2 = -4.9325498579E-02  2.5527600723E-01 -9.6560921460E-01
HessDelSqRho_EigVec3 =  7.2930707168E-01  6.6975035326E-01  1.3980579209E-01
</CP of DelSqRho>
<CP of DelSqRho>
CP# = 57      
Type = (3,+1)
Coords = -5.52282842111724E-01  4.56157829831806E-01  1.79946179774876E-01
DistFromNuc =  7.3850942551E-01
Rho =  1.5916766297E+00
DelSqRho = -9.7017668776E+00
GradDelSqRho =  1.3500311979E-13 -5.3290705182E-14 -2.5757174171E-14
HessDelSqRho_EigVals = -2.4023947189E+02  1.6025066654E+02  1.5368561058E+03
HessDelSqRho_EigVec1 =  6.6226088416E-01  7.1999582276E-01  2.0740428282E-01
HessDelSqRho_EigVec2 =  5.0075623805E-02 -3.1871929459E-01  9.4652545827E-01
HessDelSqRho_EigVec3 =  7.4759812280E-01 -6.1646088803E-01 -2.4712956179E-01
</CP of DelSqRho>
<CP of DelSqRho>
CP# = 58      
Type = (3,+1)
Coords =  5.52282015380681E-01 -4.79344698627353E-01 -1.02622833120839E-01
DistFromNuc =  7.3851506037E-01
Rho =  1.5916197945E+00
DelSqRho = -9.7008747580E+00
GradDelSqRho =  1.8474111130E-13 -1.9095836024E-13 -5.5067062021E-14
HessDelSqRho_EigVals = -2.4021978161E+02  1.6022133030E+02  1.5367406824E+03
HessDelSqRho_EigVec1 =  6.6229199268E-01  7.1523903846E-01  2.2316459015E-01
HessDelSqRho_EigVec2 = -4.8209221695E-02 -2.5655497057E-01  9.6532658620E-01
HessDelSqRho_EigVec3 =  7.4769324417E-01 -6.5008665956E-01 -1.3543318532E-01
</CP of DelSqRho>
<CP of DelSqRho>
CP# = 59      
Type = (3,+1)
Coords = -5.38874224686959E-01 -4.70527886421078E-01 -1.83456075947239E-01
DistFromNuc =  7.3854369761E-01
Rho =  1.5911336973E+00
DelSqRho = -9.6897371948E+00
GradDelSqRho =  5.5067062021E-14  1.2434497876E-13 -1.3322676296E-14
HessDelSqRho_EigVals = -2.4024414492E+02  1.5988869362E+02  1.5361359726E+03
HessDelSqRho_EigVec1 = -6.8242286559E-01  7.0208071346E-01  2.0342493528E-01
HessDelSqRho_EigVec2 = -4.7413179687E-02 -3.2022943181E-01  9.4615278967E-01
HessDelSqRho_EigVec3 =  7.2941827706E-01  6.3603127501E-01  2.5181976552E-01
</CP of DelSqRho>
<CP of DelSqRho>
CP# = 60      
Type = (3,+1)
Coords = -8.99080766492137E-02  3.52904701813175E-01  6.58611982745817E-01
DistFromNuc =  7.5257890100E-01
Rho =  1.4782539960E+00
DelSqRho = -5.0733983276E+00
GradDelSqRho =  1.3322676296E-14 -6.7501559897E-14 -1.1368683772E-13
HessDelSqRho_EigVals = -3.2169095982E+02  6.8118042105E+01  1.2384454694E+03
HessDelSqRho_EigVec1 =  1.0386622708E-02 -8.8083659088E-01  4.7330647390E-01
HessDelSqRho_EigVec2 =  9.9248120008E-01  6.6809744381E-02  1.0255498791E-01
HessDelSqRho_EigVec3 = -1.2195567046E-01  4.6868257726E-01  8.7490768440E-01
</CP of DelSqRho>
<CP of DelSqRho>
CP# = 61      
Type = (3,+3)
Coords = -9.51059880993105E-03  6.62217019851326E-01  1.99271166309325E-01
DistFromNuc =  6.9156675526E-01
Rho =  2.2840787327E+00
DelSqRho = -3.1907511878E+01
GradDelSqRho = -2.2204460493E-15  5.6843418861E-14  1.2789769244E-13
HessDelSqRho_EigVals =  3.7125529733E+02  5.1751274299E+02  2.8851627473E+03
HessDelSqRho_EigVec1 =  9.8318456027E-01  6.5391939412E-02 -1.7050517500E-01
HessDelSqRho_EigVec2 =  1.8209949690E-01 -2.8098782250E-01  9.4227682601E-01
HessDelSqRho_EigVec3 = -1.3707431267E-02  9.5748093342E-01  2.8817072798E-01
</CP of DelSqRho>
<CP of DelSqRho>
CP# = 62      
Type = (3,+3)
Coords =  9.41918595399949E-03 -6.62104799180668E-01 -1.99330041656723E-01
DistFromNuc =  6.9157081602E-01
Rho =  2.2839980935E+00
DelSqRho = -3.1905387016E+01
GradDelSqRho = -1.3322676296E-15 -1.3500311979E-13 -4.9737991503E-14
HessDelSqRho_EigVals =  3.7119405714E+02  5.1750204740E+02  2.8849928359E+03
HessDelSqRho_EigVec1 =  9.8342786495E-01 -3.9242620512E-02  1.7700183945E-01
HessDelSqRho_EigVec2 = -1.8078411387E-01 -2.8584570372E-01  9.4106818979E-01
HessDelSqRho_EigVec3 = -1.3665233509E-02  9.5747180136E-01  2.8820307249E-01
</CP of DelSqRho>
<CP of DelSqRho>
CP# = 63      
Type = (3,+3)
