 AIMInt (Version 19.02.13, Professional)
 Portions Copyright (c) 1997-2019 by Todd A. Keith
 AIMInt is a component of the AIMAll package ( http://aim.tkgristmill.com )

 TP:  64-bit Linux

 Licensed To:  Research Group of Fernando Cortes Guzman, UNAM, fercor@unam.mx

 AIMInt is a heavily modified and extended version of the PROAIMV program
 developed by members of R.F.W. Bader's research group

 Much of the Quantum Theory of Atoms in Molecules (QTAIM) is described in the book:
   "Atoms in Molecules - A Quantum Theory"
   R.F.W. Bader, Oxford University Press, Oxford, 1990

 For additional references see:  http://aim.tkgristmill.com/references.html

 Current Directory:  /home/scratch/M_H2O_4_cuadrado_plano/Opt

 Inp File:  Zn2_cuadrado_plano_cc-pvtz-def2-tzv_1_atomicfiles/o2.inp
 Wfx File:  Zn2_cuadrado_plano_cc-pvtz-def2-tzv_1.wfx
 Out File:  Zn2_cuadrado_plano_cc-pvtz-def2-tzv_1_atomicfiles/o2.int

 Wfx Title:   Zn2_cuadrado_plano_cc-pvtz-def2-tzv_1                                         
 Job Title:   Zn2_cuadrado_plano_cc-pvtz-def2-tzv_1                                         
 
<Atom>
O2      
</Atom>
<Nuclei of Molecule>
    13
Zn1       30.0           1.0985088659E-05   2.7289269856E-05   1.1026632974E-04
O2         8.0          -3.4261669838E+00  -1.1353022225E+00  -1.3124067005E-04
H3         1.0          -4.8402386387E+00  -3.9126257796E-01   9.3357703697E-01
O4         8.0           3.4262098645E+00   1.1352365941E+00  -1.3122177278E-04
H5         1.0           4.1154443026E+00   2.5787984191E+00  -9.3082597205E-01
O6         8.0           1.1352802485E+00  -3.4262035309E+00  -2.7049458878E-04
H7         1.0           3.8995502140E-01  -4.8405587394E+00   9.3200091089E-01
O8         8.0          -1.1352585491E+00   3.4261732607E+00  -2.7049458878E-04
H9         1.0          -3.9113983236E-01   4.8403278121E+00   9.3339426266E-01
H10        1.0          -2.5780730200E+00   4.1152224887E+00  -9.3211160943E-01
H11        1.0           4.8406324556E+00   3.9009988105E-01   9.3224306040E-01
H12        1.0           2.5783078535E+00  -4.1156202128E+00  -9.3182663873E-01
H13        1.0          -4.1157343349E+00  -2.5770585599E+00  -9.3333142765E-01
</Nuclei of Molecule>
<Total Number of CPs of DelSqRho>
    33
</Total Number of CPs of DelSqRho>
<Number of (3,+3) CPs of DelSqRho>
     5
</Number of (3,+3) CPs of DelSqRho>
<Number of (3,+1) CPs of DelSqRho>
    14
</Number of (3,+1) CPs of DelSqRho>
<Number of (3,-1) CPs of DelSqRho>
     9
</Number of (3,-1) CPs of DelSqRho>
<Number of (3,-3) CPs of DelSqRho>
     5
</Number of (3,-3) CPs of DelSqRho>
<Number of Degenerate CPs of DelSqRho>
     0
</Number of Degenerate CPs of DelSqRho>
<CP of DelSqRho>
CP# = 1       
Type = (3,+3)
Coords = -3.42616731201933E+00 -1.13530233146261E+00 -1.31240465847656E-04
DistFromNuc =  3.4577819292E-07
Rho =  2.9729412111E+02
DelSqRho = -3.3293583976E+06
GradDelSqRho =  3.5441189539E-08 -1.0389743693E-05  9.4132701633E-10
HessDelSqRho_EigVals =  1.3240125617E+11  1.3240127539E+11  1.3240128337E+11
HessDelSqRho_EigVec1 =  1.9990309623E-01 -6.0263784078E-01  7.7257128148E-01
HessDelSqRho_EigVec2 =  9.4918791676E-01  3.1470984295E-01 -1.1590288487E-04
HessDelSqRho_EigVec3 = -2.4306593920E-01  7.3333849456E-01  6.3492802867E-01
</CP of DelSqRho>
<CP of DelSqRho>
CP# = 2       
Type = (3,-1)
Coords = -1.92112095781586E+00 -6.36540244302421E-01 -3.81038574393968E-05
DistFromNuc =  1.5855368366E+00
Rho =  1.2047784595E-01
DelSqRho =  3.3279690414E-01
GradDelSqRho = -1.9567680809E-15 -6.0021432269E-16 -6.9388939039E-17
HessDelSqRho_EigVals = -4.4966424539E-01 -3.9317505433E-01  4.1948529162E+00
HessDelSqRho_EigVec1 =  1.7685340136E-01 -5.3391732459E-01  8.2683442414E-01
HessDelSqRho_EigVec2 = -2.6010509872E-01  7.8485699809E-01  5.6244540194E-01
HessDelSqRho_EigVec3 =  9.4924612828E-01  3.1453423193E-01  6.9988730261E-05
</CP of DelSqRho>
<CP of DelSqRho>
CP# = 3       
Type = (3,+1)
Coords = -4.30250993176046E+00 -6.73279403296658E-01  5.77109827219178E-01
DistFromNuc =  1.1465815707E+00
Rho =  4.1909494975E-01
DelSqRho = -9.9171931393E-01
GradDelSqRho = -1.1706191572E-12  5.2746695900E-13  1.9072243784E-12
HessDelSqRho_EigVals = -3.2591267421E+01  1.5216576224E+01  1.6243854518E+01
HessDelSqRho_EigVec1 =  7.6548118115E-01 -3.9951029210E-01 -5.0441063412E-01
HessDelSqRho_EigVec2 = -2.0077739317E-01  5.9646902197E-01 -7.7711848789E-01
HessDelSqRho_EigVec3 =  6.1133215170E-01  6.9614383021E-01  3.7637317646E-01
</CP of DelSqRho>
<CP of DelSqRho>
CP# = 4       
Type = (3,+1)
Coords = -3.85296141077962E+00 -2.02954219545723E+00 -5.77052908223181E-01
DistFromNuc =  1.1465850263E+00
Rho =  4.1909064163E-01
DelSqRho = -9.9168748887E-01
GradDelSqRho = -6.1978200350E-13 -1.1145390166E-12 -1.9015344854E-12
HessDelSqRho_EigVals = -3.2590464040E+01  1.5216131922E+01  1.6243321503E+01
HessDelSqRho_EigVec1 =  3.7523217453E-01  7.7784800794E-01  5.0413618372E-01
HessDelSqRho_EigVec2 =  1.9566736536E-01 -5.9809012932E-01  7.7717596421E-01
HessDelSqRho_EigVec3 =  9.0604365090E-01 -1.9297842819E-01 -3.7662213015E-01
</CP of DelSqRho>
<CP of DelSqRho>
CP# = 5       
Type = (3,+1)
Coords = -3.44010028025979E+00 -1.24775630200924E+00  1.24417149036742E-01
DistFromNuc =  1.6838158486E-01
Rho =  2.2564597437E+01
DelSqRho =  1.2316138017E+03
GradDelSqRho =  9.5745633644E-13 -4.1609382606E-11  5.0334847401E-11
HessDelSqRho_EigVals = -4.1139375701E+05  2.5154826284E+03  3.6459579672E+03
HessDelSqRho_EigVec1 = -7.7905990694E-02 -6.6720856132E-01  7.4078565882E-01
HessDelSqRho_EigVec2 =  9.6640591796E-01  1.3200781799E-01  2.2053012883E-01
HessDelSqRho_EigVec3 = -2.4492908841E-01  7.3308026279E-01  6.3451010233E-01
</CP of DelSqRho>
<CP of DelSqRho>
CP# = 6       
Type = (3,+1)
Coords = -3.50456437379655E+00 -1.05346228020349E+00 -1.24662707002886E-01
DistFromNuc =  1.6838056009E-01
Rho =  2.2564822642E+01
DelSqRho =  1.2316367556E+03
GradDelSqRho = -8.1854523160E-12  1.1226575225E-12 -1.6200374375E-12
HessDelSqRho_EigVals = -4.1141727982E+05  2.5145113904E+03  3.6451468607E+03
HessDelSqRho_EigVec1 =  4.6132772098E-01 -4.8841864260E-01  7.4069154405E-01
HessDelSqRho_EigVec2 =  8.5377447451E-01  4.7147382310E-01 -2.2086552651E-01
HessDelSqRho_EigVec3 = -2.4134183336E-01  7.3427492378E-01  6.3450331424E-01
</CP of DelSqRho>
<CP of DelSqRho>
CP# = 7       
Type = (3,-3)
Coords = -3.27494201524168E+00 -1.16667685748841E+00 -6.36667923887138E-02
DistFromNuc =  1.6700336877E-01
Rho =  2.2707499141E+01
DelSqRho =  1.2973914529E+03
GradDelSqRho = -2.6659563446E-11  4.6043169277E-12  8.7538865046E-12
HessDelSqRho_EigVals = -4.5049405319E+05 -3.8611137263E+03 -4.4441562671E+02
HessDelSqRho_EigVec1 =  9.0669131206E-01 -1.8542232532E-01 -3.7885277603E-01
HessDelSqRho_EigVec2 =  1.9974354716E-01 -6.0234283875E-01  7.7284255833E-01
HessDelSqRho_EigVec3 =  3.7150152085E-01  7.7640303057E-01  5.0910210580E-01
</CP of DelSqRho>
<CP of DelSqRho>
CP# = 8       
Type = (3,-1)
Coords = -3.58645841219576E+00 -1.18841735203394E+00 -1.37219994106551E-04
DistFromNuc =  1.6886254475E-01
Rho =  2.2318669442E+01
DelSqRho =  1.2512379242E+03
GradDelSqRho = -9.8339114629E-12 -1.2590817278E-11  1.4210854715E-14
HessDelSqRho_EigVals = -4.0535620304E+05 -1.9316977947E+03  1.5878147246E+03
HessDelSqRho_EigVec1 =  9.4924288208E-01  3.1454403401E-01  3.8494746136E-05
HessDelSqRho_EigVec2 =  1.9980509573E-01 -6.0307388544E-01  7.7225631264E-01
HessDelSqRho_EigVec3 =  2.4293183104E-01 -7.3305111648E-01 -6.3531109395E-01
</CP of DelSqRho>
<CP of DelSqRho>
CP# = 9       
Type = (3,-3)
Coords = -3.32363350875917E+00 -1.01976901048536E+00  6.33438982585989E-02
DistFromNuc =  1.6700338278E-01
Rho =  2.2707492814E+01
DelSqRho =  1.2973918849E+03
GradDelSqRho = -3.0411229091E-12 -9.0949470177E-13  5.6843418861E-12
HessDelSqRho_EigVals = -4.5049386464E+05 -3.8611570308E+03 -4.4451630196E+02
HessDelSqRho_EigVec1 =  6.1635952242E-01  6.9054223710E-01  3.7848693229E-01
HessDelSqRho_EigVec2 =  2.0001470206E-01 -6.0216227802E-01  7.7291313217E-01
HessDelSqRho_EigVec3 =  7.6163971672E-01 -4.0068941802E-01 -5.0926705391E-01
</CP of DelSqRho>
<CP of DelSqRho>
CP# = 10      
Type = (3,-1)
Coords = -3.02096649181812E+00 -1.55100982135640E+00 -4.21502870305527E-01
DistFromNuc =  7.1732440132E-01
Rho =  6.6621373691E-01
DelSqRho = -9.3760597440E-01
GradDelSqRho =  1.2434497876E-14 -1.0880185641E-14 -8.4376949872E-15
HessDelSqRho_EigVals = -1.5573059947E+01 -1.2432269331E+01  1.4180840588E+02
HessDelSqRho_EigVec1 =  7.7279058107E-01  6.0367194392E-01  1.9589512991E-01
HessDelSqRho_EigVec2 =  2.3926261487E-01 -5.6299790319E-01  7.9106685061E-01
HessDelSqRho_EigVec3 =  5.8783341087E-01 -5.6445863013E-01 -5.7951560457E-01
</CP of DelSqRho>
<CP of DelSqRho>
CP# = 11      
Type = (3,-1)
Coords = -4.11756175564761E+00 -1.36454845440376E+00 -4.45867249165346E-05
DistFromNuc =  7.2840961883E-01
Rho =  6.5859365368E-01
DelSqRho = -9.1584546174E-01
GradDelSqRho = -9.0594198809E-14  7.0610184366E-14 -1.0735856648E-13
HessDelSqRho_EigVals = -1.9150239565E+01 -6.8273006568E+00  1.2996778669E+02
HessDelSqRho_EigVec1 = -2.4732598274E-01  7.4616546554E-01  6.1811564962E-01
HessDelSqRho_EigVec2 =  1.9461314672E-01 -5.8667937760E-01  7.8608716503E-01
HessDelSqRho_EigVec3 =  9.4918680005E-01  3.1471321221E-01 -1.1255560392E-04
</CP of DelSqRho>
<CP of DelSqRho>
CP# = 12      
Type = (3,-1)
Coords = -3.34949629776060E+00 -5.59840498558137E-01  4.21201464791256E-01
DistFromNuc =  7.1732547602E-01
Rho =  6.6620780497E-01
DelSqRho = -9.3757104808E-01
GradDelSqRho =  7.0166095156E-14 -6.2172489379E-15  2.0650148258E-13
HessDelSqRho_EigVals = -1.5572793931E+01 -1.2432232965E+01  1.4180806036E+02
HessDelSqRho_EigVec1 =  9.8029791124E-01 -2.2293540965E-02 -1.9626258751E-01
HessDelSqRho_EigVec2 =  1.4485305481E-01 -5.9437884894E-01  7.9103184287E-01
HessDelSqRho_EigVec3 =  1.3428923165E-01  8.0387609864E-01  5.7943905659E-01
</CP of DelSqRho>
<CP of DelSqRho>
CP# = 13      
Type = (3,+3)
Coords = -3.35907193718339E+00 -7.12632713831296E-01 -4.68342376209890E-01
DistFromNuc =  6.3432872102E-01
Rho =  9.7297743444E-01
DelSqRho = -4.5132086987E+00
GradDelSqRho =  1.5099033135E-14 -3.3750779949E-14  2.3980817332E-14
HessDelSqRho_EigVals =  1.2444800934E+01  2.4259736900E+01  3.5051243383E+02
HessDelSqRho_EigVec1 =  9.7137046247E-01  1.0858093062E-01  2.1130453416E-01
HessDelSqRho_EigVec2 = -2.2104253096E-01  7.3902698688E-01  6.3637984897E-01
HessDelSqRho_EigVec3 = -8.7061036963E-02 -6.6486787723E-01  7.4186998974E-01
</CP of DelSqRho>
<CP of DelSqRho>
CP# = 14      
Type = (3,+1)
Coords = -3.92296810546407E+00 -6.48514895063317E-01  2.66202315443336E-03
DistFromNuc =  6.9554371462E-01
Rho =  7.7657526628E-01
DelSqRho = -2.5755037499E+00
GradDelSqRho =  9.7699626167E-15  8.9928064995E-15 -8.8817841970E-15
HessDelSqRho_EigVals = -1.2118979718E+01  1.4921493481E+01  1.8030508405E+02
HessDelSqRho_EigVec1 = -3.8706628212E-01 -2.3846474699E-01  8.9068190601E-01
HessDelSqRho_EigVec2 =  6.2718632597E-01  6.3998926250E-01  4.4390433249E-01
HessDelSqRho_EigVec3 = -6.7588239048E-01  7.3044391183E-01 -9.8156435895E-02
</CP of DelSqRho>
<CP of DelSqRho>
CP# = 15      
Type = (3,+1)
Coords = -3.68622182564415E+00 -1.35668683266490E+00 -6.06749260503748E-01
DistFromNuc =  6.9615019093E-01
Rho =  7.7322203231E-01
DelSqRho = -2.5212583350E+00
GradDelSqRho =  7.9936057773E-15 -5.7731597281E-15  6.4392935428E-15
HessDelSqRho_EigVals = -1.2717067372E+01  1.4272065651E+01  1.7923719501E+02
HessDelSqRho_EigVec1 =  1.5470571250E-01  9.4644615600E-01 -2.8338280878E-01
HessDelSqRho_EigVec2 =  9.1969413490E-01 -2.4273683597E-01 -3.0861225945E-01
HessDelSqRho_EigVec3 =  3.6087233303E-01  2.1288142768E-01  9.0799375384E-01
</CP of DelSqRho>
<CP of DelSqRho>
CP# = 16      
Type = (3,+1)
Coords = -3.53364623541272E+00 -1.82248208376704E+00 -2.71245720000797E-03
DistFromNuc =  6.9553908150E-01
Rho =  7.7658320964E-01
DelSqRho = -2.5755037475E+00
GradDelSqRho = -1.1990408666E-14 -3.5527136788E-14 -7.9936057773E-15
HessDelSqRho_EigVals = -1.2117143787E+01  1.4920075050E+01  1.8030811419E+02
HessDelSqRho_EigVec1 =  4.5313457529E-01  4.0305320637E-02  8.9053048112E-01
HessDelSqRho_EigVec2 =  8.8518277922E-01 -1.3851875312E-01 -4.4414412346E-01
HessDelSqRho_EigVec3 =  1.0545380055E-01  9.8953930501E-01 -9.8445212102E-02
</CP of DelSqRho>
<CP of DelSqRho>
CP# = 17      
Type = (3,+1)
Coords = -3.76673698989718E+00 -1.11320298062731E+00  6.06615737069024E-01
DistFromNuc =  6.9614524383E-01
Rho =  7.7323416670E-01
DelSqRho = -2.5213178644E+00
GradDelSqRho =  3.9968028887E-15  4.4408920985E-15 -6.3282712404E-15
HessDelSqRho_EigVals = -1.2715027481E+01  1.4271774797E+01  1.7924027821E+02
HessDelSqRho_EigVec1 = -6.8969850993E-01  6.6646188103E-01 -2.8309808641E-01
HessDelSqRho_EigVec2 =  5.9251460479E-01  7.4418133359E-01  3.0841625418E-01
HessDelSqRho_EigVec3 = -4.1622398838E-01 -4.4974480156E-02  9.0814915495E-01
</CP of DelSqRho>
<CP of DelSqRho>
CP# = 18      
Type = (3,+3)
Coords = -3.11961839860470E+00 -1.43407582433262E+00  4.68015545999368E-01
DistFromNuc =  6.3434936283E-01
Rho =  9.7288879946E-01
DelSqRho = -4.5122783026E+00
GradDelSqRho = -2.8421709430E-14  4.0856207306E-14 -3.1974423109E-14
HessDelSqRho_EigVals =  1.2436425626E+01  2.4253990583E+01  3.5040283414E+02
HessDelSqRho_EigVec1 =  8.4370484774E-01  4.9330234122E-01 -2.1169537087E-01
HessDelSqRho_EigVec2 = -2.6408127550E-01  7.2476040726E-01  6.3638308589E-01
HessDelSqRho_EigVec3 =  4.6735768939E-01 -4.8101471102E-01  7.4175578053E-01
</CP of DelSqRho>
<CP of DelSqRho>
CP# = 19      
Type = (3,+1)
Coords = -2.78945519614903E+00 -9.24194814931141E-01 -2.14452757475856E-04
DistFromNuc =  6.7079672410E-01
Rho =  8.4184657085E-01
DelSqRho = -3.3157062038E+00
GradDelSqRho = -4.3742787170E-14  5.3290705182E-15 -4.4408920985E-16
HessDelSqRho_EigVals = -7.0307729516E+00  1.8740063156E+01  2.3465801518E+02
HessDelSqRho_EigVec1 =  1.9616424915E-01 -5.9128591644E-01  7.8224072534E-01
HessDelSqRho_EigVec2 = -2.4610795945E-01  7.4251696474E-01  6.2297626710E-01
HessDelSqRho_EigVec3 =  9.4918410208E-01  3.1472134039E-01 -1.3511252657E-04
</CP of DelSqRho>
<CP of DelSqRho>
CP# = 20      
Type = (3,+3)
Coords = -3.97835439204983E+00 -8.29272737003232E-01  3.65525589936080E-01
DistFromNuc =  7.2956829533E-01
Rho =  7.4006528204E-01
DelSqRho = -2.9428799688E+00
GradDelSqRho = -6.7545968818E-13  2.8377300509E-13  5.6332716269E-13
HessDelSqRho_EigVals =  1.0154424192E+01  2.2824822049E+01  1.3336164979E+02
HessDelSqRho_EigVec1 =  1.8292542173E-01 -5.9226535331E-01  7.8470379211E-01
HessDelSqRho_EigVec2 =  6.3560948791E-01  6.8017000851E-01  3.6519767032E-01
HessDelSqRho_EigVec3 =  7.5002591220E-01 -4.3196123761E-01 -5.0086986357E-01
</CP of DelSqRho>
<CP of DelSqRho>
CP# = 21      
Type = (3,+3)
Coords = -3.68617640263639E+00 -1.71073700900264E+00 -3.65562976653219E-01
DistFromNuc =  7.2956867052E-01
Rho =  7.4006251828E-01
DelSqRho = -2.9428519785E+00
GradDelSqRho =  3.5527136788E-15  2.0372592502E-14  4.6629367034E-15
HessDelSqRho_EigVals =  1.0154295452E+01  2.2824180419E+01  1.3336159800E+02
HessDelSqRho_EigVec1 =  2.0745338946E-01 -5.8398137174E-01  7.8481134590E-01
HessDelSqRho_EigVec2 = -9.1598129272E-01  1.6568498859E-01  3.6541313051E-01
HessDelSqRho_EigVec3 =  3.4342592010E-01  7.9467870364E-01  5.0054409935E-01
</CP of DelSqRho>
<CP of DelSqRho>
CP# = 22      
Type = (3,-3)
Coords = -3.29809226279650E+00 -2.04977001524357E-01  6.41007020338622E-01
DistFromNuc =  1.1370868132E+00
Rho =  2.4624126554E-01
DelSqRho =  8.5975057387E-01
GradDelSqRho = -9.2964524967E-13 -2.6273982989E-12 -2.3489266088E-12
HessDelSqRho_EigVals = -1.7925528292E+01 -1.9351245910E+00 -5.3618917446E-01
HessDelSqRho_EigVec1 =  1.5461942012E-01  8.1619075087E-01  5.5670952311E-01
HessDelSqRho_EigVec2 = -9.6848573679E-01  1.3847335517E-02  2.4868379307E-01
HessDelSqRho_EigVec3 =  1.9526446824E-01 -5.7761657654E-01  7.9261016770E-01
</CP of DelSqRho>
<CP of DelSqRho>
CP# = 23      
Type = (3,+1)
Coords = -2.24968750366507E+00 -7.45630283522826E-01  1.34633625327521E-04
DistFromNuc =  1.2393337960E+00
Rho =  2.3881462341E-01
DelSqRho =  4.6289643278E-01
GradDelSqRho = -5.3845816694E-15 -2.1649348980E-15  8.3266726847E-17
HessDelSqRho_EigVals = -1.0314128190E+01  1.8011139154E-01  6.5324388226E-01
HessDelSqRho_EigVec1 =  9.4928539090E-01  3.1441565220E-01  2.1042366725E-04
HessDelSqRho_EigVec2 =  1.7811780668E-01 -5.3832548185E-01  8.2369880571E-01
HessDelSqRho_EigVec3 = -2.5909707363E-01  7.8188776256E-01  5.6702754182E-01
</CP of DelSqRho>
<CP of DelSqRho>
CP# = 24      
Type = (3,-1)
Coords = -3.96568795364907E+00 -1.42301799074328E-01 -3.76081281956791E-01
DistFromNuc =  1.1909958654E+00
Rho =  2.4592302668E-01
DelSqRho =  7.1829025692E-01
GradDelSqRho =  4.8572257327E-17  1.9151347175E-15 -1.7000290065E-16
HessDelSqRho_EigVals = -1.7582860655E+01 -1.0738810112E+00  2.9740885307E-01
HessDelSqRho_EigVec1 = -4.3732815693E-01  8.3772115046E-01 -3.2705864495E-01
HessDelSqRho_EigVec2 = -6.7027575966E-01 -6.1168523050E-02  7.3958692376E-01
HessDelSqRho_EigVec3 =  5.9956191437E-01  5.4266166795E-01  5.8825489795E-01
</CP of DelSqRho>
<CP of DelSqRho>
CP# = 25      
Type = (3,-1)
Coords = -3.56132638441875E+00 -1.27637248399082E+00  1.17398861140507E+00
DistFromNuc =  1.1902631261E+00
Rho =  2.4583001857E-01
DelSqRho =  7.1986519025E-01
GradDelSqRho = -5.1261078715E-16 -1.0280405000E-15  1.4155343564E-15
HessDelSqRho_EigVals = -1.7437363381E+01 -1.1907761510E+00  2.7881520704E-01
HessDelSqRho_EigVec1 = -9.2238271156E-02 -1.2226520664E-01  9.8820206465E-01
HessDelSqRho_EigVec2 =  8.7121433589E-01 -4.9046891649E-01  2.0635476744E-02
HessDelSqRho_EigVec3 =  4.8215939510E-01  8.6283918617E-01  1.5175920572E-01
</CP of DelSqRho>
<CP of DelSqRho>
CP# = 26      
Type = (3,-1)
Coords = -3.61933757246991E+00 -1.10309011753341E+00 -1.17417046994178E+00
DistFromNuc =  1.1902607311E+00
Rho =  2.4582904683E-01
DelSqRho =  7.1989562469E-01
GradDelSqRho =  1.2053032183E-13 -1.1178905024E-13  1.7719020695E-12
HessDelSqRho_EigVals = -1.7438331858E+01 -1.1903875017E+00  2.7869346318E-01
HessDelSqRho_EigVec1 =  1.4744833559E-01 -4.2794519363E-02  9.8814352067E-01
HessDelSqRho_EigVec2 =  4.0541146452E-01  9.1389500761E-01 -2.0915532656E-02
HessDelSqRho_EigVec3 =  9.0216436017E-01 -4.0368867235E-01 -1.5210168655E-01
</CP of DelSqRho>
<CP of DelSqRho>
CP# = 27      
Type = (3,-3)
Coords = -4.52680850559471E+00 -1.49894191206875E+00 -1.52136346999214E-03
DistFromNuc =  1.1591581064E+00
Rho =  2.5327466919E-01
DelSqRho =  8.6621535497E-01
GradDelSqRho =  8.1544770936E-12  2.8950175590E-12 -2.2876145422E-13
HessDelSqRho_EigVals = -1.6744846488E+01 -4.2791485633E+00 -1.5424178276E-02
HessDelSqRho_EigVec1 =  9.4951301544E-01  3.1372540575E-01  1.1846082059E-03
HessDelSqRho_EigVec2 = -2.4550216137E-01  7.4066883585E-01  6.2541055664E-01
HessDelSqRho_EigVec3 =  1.9532977826E-01 -5.9412628740E-01  7.8029496496E-01
</CP of DelSqRho>
<CP of DelSqRho>
CP# = 28      
Type = (3,-3)
Coords = -2.76781698914599E+00 -1.80480865392067E+00 -6.41464060101443E-01
DistFromNuc =  1.1370889862E+00
Rho =  2.4624326064E-01
DelSqRho =  8.5973390750E-01
GradDelSqRho = -1.2212453271E-15 -2.7755575616E-16 -1.0269562978E-15
HessDelSqRho_EigVals = -1.7925188576E+01 -1.9354144378E+00 -5.3606903701E-01
HessDelSqRho_EigVec1 =  6.1147399242E-01 -5.6211994286E-01 -5.5688484126E-01
HessDelSqRho_EigVec2 =  7.6839437119E-01  5.8982535242E-01  2.4834682193E-01
HessDelSqRho_EigVec3 =  1.8886409641E-01 -5.7976480014E-01  7.9259266311E-01
</CP of DelSqRho>
<CP of DelSqRho>
CP# = 29      
Type = (3,-1)
Coords = -3.26523887789020E+00 -2.25385367124755E+00  3.75912461488560E-01
DistFromNuc =  1.1909928903E+00
Rho =  2.4592504221E-01
DelSqRho =  7.1829545832E-01
GradDelSqRho =  5.0133508456E-16 -2.4008572908E-15 -1.0408340856E-16
HessDelSqRho_EigVals = -1.7582865400E+01 -1.0743710100E+00  2.9735911359E-01
HessDelSqRho_EigVec1 = -1.5006007638E-01  9.3298640286E-01 -3.2713658548E-01
HessDelSqRho_EigVec2 =  5.7430982722E-01  3.5159161223E-01  7.3929125558E-01
HessDelSqRho_EigVec3 =  8.0476716871E-01 -7.6939653604E-02 -5.8858312400E-01
</CP of DelSqRho>
<CP of DelSqRho>
CP# = 30      
Type = (3,+1)
Coords = -4.41239796704696E+00 -1.98632861303465E+00 -1.51431674684319E+00
DistFromNuc =  1.9974121299E+00
Rho =  7.5148364383E-02
DelSqRho =  1.8303263413E-01
GradDelSqRho =  3.4930391912E-13  1.8711594774E-13  1.3999912341E-13
HessDelSqRho_EigVals = -1.6903380478E+00  3.0653775393E-02  5.8150761482E-01
HessDelSqRho_EigVec1 =  5.1516823413E-01 -3.3005463111E-02  8.5645334371E-01
HessDelSqRho_EigVec2 =  8.5482043534E-01 -5.2870660602E-02 -5.1622351417E-01
HessDelSqRho_EigVec3 =  6.2319450211E-02  9.9805577632E-01  9.7645948557E-04
</CP of DelSqRho>
<CP of DelSqRho>
CP# = 31      
Type = (3,+1)
Coords = -5.05335088589194E+00  1.87898996714263E-02  1.76950687321079E-01
DistFromNuc =  2.0027516288E+00
Rho =  7.4663372468E-02
DelSqRho =  1.7917646876E-01
GradDelSqRho = -5.8200666508E-13  7.6415263006E-13 -6.1742451429E-13
HessDelSqRho_EigVals = -1.6195175552E+00  3.7618348274E-02  5.9025439282E-01
HessDelSqRho_EigVec1 =  6.9702110318E-01 -6.2966076641E-01  3.4305815973E-01
HessDelSqRho_EigVec2 =  5.8230485094E-01  7.7623719448E-01  2.4161307596E-01
HessDelSqRho_EigVec3 = -4.1842877803E-01  3.1355017813E-02  9.0770822436E-01
</CP of DelSqRho>
<CP of DelSqRho>
CP# = 32      
Type = (3,+1)
Coords = -4.04145209079408E+00 -3.03303693222787E+00 -1.76611926657044E-01
DistFromNuc =  2.0027776271E+00
Rho =  7.4661839791E-02
DelSqRho =  1.7916571815E-01
GradDelSqRho = -1.8735013541E-16 -3.5388358910E-16  4.4148712464E-16
HessDelSqRho_EigVals = -1.6193560370E+00  3.7625323757E-02  5.9022654137E-01
HessDelSqRho_EigVec1 =  1.8264474475E-01  9.2130144335E-01 -3.4328493661E-01
HessDelSqRho_EigVec2 =  9.3067690758E-01 -2.7458285252E-01 -2.4175349182E-01
HessDelSqRho_EigVec3 =  3.1698799807E-01  2.7533235842E-01  9.0758509325E-01
</CP of DelSqRho>
<CP of DelSqRho>
CP# = 33      
Type = (3,+1)
Coords = -4.72487689021502E+00 -1.04216433177714E+00  1.51457765658900E+00
DistFromNuc =  1.9974146117E+00
Rho =  7.5148676733E-02
DelSqRho =  1.8302795234E-01
GradDelSqRho =  9.9126609698E-13  1.0696608529E-13 -1.7695359067E-12
HessDelSqRho_EigVals = -1.6902070805E+00  3.0666465237E-02  5.8153540610E-01
HessDelSqRho_EigVec1 = -3.9302623351E-01 -3.3422046073E-01  8.5663706633E-01
HessDelSqRho_EigVec2 =  6.5402201345E-01  5.5324821169E-01  5.1591823207E-01
HessDelSqRho_EigVec3 = -6.4636335424E-01  7.6302889846E-01  1.1464778304E-03
</CP of DelSqRho>
<Path of -GradDelSqRho>
Starting CP# =      3
Ending CP# =     20
Number of Points =     17
 -4.3025099318E+00 -6.7327940330E-01  5.7710982722E-01  4.1909494975E-01 -9.9171931393E-01
 -4.2833723722E+00 -6.8326765633E-01  5.6450075854E-01  4.3052920889E-01 -1.0019411082E+00
 -4.2642336751E+00 -6.9325672527E-01  5.5189406284E-01  4.4302646372E-01 -1.0327826560E+00
 -4.2450936597E+00 -7.0324609387E-01  5.3928960636E-01  4.5659786201E-01 -1.0845317518E+00
 -4.2259519509E+00 -7.1323494888E-01  5.2668731445E-01  4.7124780789E-01 -1.1574184542E+00
 -4.2068079356E+00 -7.2322212681E-01  5.1408719724E-01  4.8697327163E-01 -1.2514763771E+00
 -4.1876607074E+00 -7.3320604175E-01  5.0148937632E-01  5.0376315115E-01 -1.3663746334E+00
 -4.1685089931E+00 -7.4318457862E-01  4.8889411395E-01  5.2159779351E-01 -1.5012258591E+00
 -4.1493510447E+00 -7.5315492695E-01  4.7630184828E-01  5.4044880312E-01 -1.6543778404E+00
 -4.1301844720E+00 -7.6311331172E-01  4.6371324088E-01  5.6027928013E-01 -1.8231982922E+00
 -4.1110059663E+00 -7.7305453827E-01  4.5112924790E-01  5.8104464349E-01 -2.0038635609E+00
 -4.0918108155E+00 -7.8297117756E-01  4.3855123759E-01  6.0269419869E-01 -2.1911612790E+00
 -4.0725919786E+00 -7.9285198594E-01  4.2598120562E-01  6.2517360548E-01 -2.3783121746E+00
 -4.0533381099E+00 -8.0267847672E-01  4.1342222180E-01  6.4842837477E-01 -2.5568034122E+00
 -4.0340286054E+00 -8.1241615621E-01  4.0087953203E-01  6.7240840786E-01 -2.7161981044E+00
 -4.0146175990E+00 -8.2198540751E-01  3.8836411642E-01  6.9707286546E-01 -2.8438326810E+00
 -3.9783543920E+00 -8.2927273700E-01  3.6552558994E-01  7.4006528204E-01 -2.9428799688E+00
</Path of -GradDelSqRho>
<Path of -GradDelSqRho>
Starting CP# =      3
Ending CP# =      0
Number of Points =     29
 -4.3025099318E+00 -6.7327940330E-01  5.7710982722E-01  4.1909494975E-01 -9.9171931393E-01
 -4.3216464200E+00 -6.6329219015E-01  5.8972134544E-01  4.0870644986E-01 -1.0018772312E+00
 -4.3407817156E+00 -6.5330611144E-01  6.0233557124E-01  3.9934093907E-01 -1.0322914014E+00
 -4.3599156578E+00 -6.4332105988E-01  6.1495266282E-01  3.9097052650E-01 -1.0829822775E+00
 -4.3790480492E+00 -6.3333680815E-01  6.2757273876E-01  3.8356245605E-01 -1.1540912284E+00
 -4.3981786982E+00 -6.2335306222E-01  6.4019585580E-01  3.7707922070E-01 -1.2457914226E+00
 -4.4173074643E+00 -6.1336952028E-01  6.5282198735E-01  3.7147859572E-01 -1.3581078002E+00
 -4.4364343060E+00 -6.0338593738E-01  6.6545100145E-01  3.6671371518E-01 -1.4906147335E+00
 -4.4555593359E+00 -5.9340219743E-01  6.7808263499E-01  3.6273340831E-01 -1.6419863962E+00
 -4.4746828865E+00 -5.8341839647E-01  6.9071645987E-01  3.5948313523E-01 -1.8094133984E+00
 -4.4938055973E+00 -5.7343494636E-01  7.0335183310E-01  3.5690699948E-01 -1.9879952749E+00
 -4.5129285373E+00 -5.6345271349E-01  7.1598782099E-01  3.5495141804E-01 -2.1703918224E+00
 -4.5320533585E+00 -5.5347319118E-01  7.2862310294E-01  3.5357099812E-01 -2.3472557310E+00
 -4.5511823137E+00 -5.4349855054E-01  7.4125598099E-01  3.5273685508E-01 -2.5091965039E+00
 -4.5703171792E+00 -5.3353061790E-01  7.5388520249E-01  3.5244684600E-01 -2.6510734151E+00
 -4.5894541120E+00 -5.2356574580E-01  7.6651370681E-01  3.5273590980E-01 -2.7790533155E+00
 -4.6085766424E+00 -5.1358748921E-01  7.7915344958E-01  3.5368304210E-01 -2.9199187052E+00
 -4.6276699276E+00 -5.0358051214E-01  7.9181467707E-01  3.5540980840E-01 -3.1306182660E+00
 -4.6467384603E+00 -4.9354878713E-01  8.0449361548E-01  3.5806444000E-01 -3.5044001978E+00
 -4.6657926821E+00 -4.8350255632E-01  8.1718258126E-01  3.6178659583E-01 -4.1687136639E+00
 -4.6848392436E+00 -4.7344844251E-01  8.2987680379E-01  3.6665134693E-01 -5.2700623592E+00
 -4.7038814990E+00 -4.6338981599E-01  8.4257391128E-01  3.7259701873E-01 -6.9426384912E+00
 -4.7229211188E+00 -4.5332836551E-01  8.5527273369E-01  3.7934971920E-01 -9.2614077707E+00
 -4.7419589664E+00 -4.4326496615E-01  8.6797266880E-01  3.8636588383E-01 -1.2187051331E+01
 -4.7609955011E+00 -4.3320007980E-01  8.8067339364E-01  3.9281969897E-01 -1.5519507587E+01
 -4.7800309594E+00 -4.2313393326E-01  8.9337473288E-01  3.9766007811E-01 -1.8885078845E+01
 -4.7990654272E+00 -4.1306657903E-01  9.0607659950E-01  3.9974753602E-01 -2.1781136730E+01
 -4.8180988109E+00 -4.0299782620E-01  9.1877898198E-01  3.9805475584E-01 -2.3684749763E+01
 -4.8333239958E+00 -3.9494064959E-01  9.2894144459E-01  3.9349405681E-01 -2.4218714839E+01
</Path of -GradDelSqRho>
<Path of -GradDelSqRho>
Starting CP# =      4
Ending CP# =     21
Number of Points =     17
 -3.8529614108E+00 -2.0295421955E+00 -5.7705290822E-01  4.1909064163E-01 -9.9168748887E-01
 -3.8435804791E+00 -2.0100952810E+00 -5.6445070057E-01  4.3052481576E-01 -1.0019090343E+00
 -3.8341991256E+00 -1.9906470332E+00 -5.5185086473E-01  4.4302197895E-01 -1.0327498486E+00
 -3.8248168958E+00 -1.9711977589E+00 -5.3925326595E-01  4.5659327934E-01 -1.0844977585E+00
 -3.8154330023E+00 -1.9517478875E+00 -5.2665782861E-01  4.7124312167E-01 -1.1573828716E+00
 -3.8060462572E+00 -1.9322979865E+00 -5.1406456189E-01  4.8696847697E-01 -1.2514388720E+00
 -3.7966549852E+00 -1.9128487874E+00 -5.0147358641E-01  5.0375824415E-01 -1.3663349655E+00
 -3.7872569005E+00 -1.8934012271E+00 -4.8888516336E-01  5.2159277133E-01 -1.5011839066E+00
 -3.7778489210E+00 -1.8739565167E+00 -4.7629972959E-01  5.4044366405E-01 -1.6543336272E+00
 -3.7684268731E+00 -1.8545162573E+00 -4.6371794493E-01  5.6027402351E-01 -1.8231520149E+00
 -3.7589849982E+00 -1.8350826412E+00 -4.5114076291E-01  5.8103926958E-01 -2.0038156149E+00
 -3.7495150763E+00 -1.8156588151E+00 -4.3856954766E-01  6.0268870833E-01 -2.1911122814E+00
 -3.7400047396E+00 -1.7962495965E+00 -4.2600628769E-01  6.2516799961E-01 -2.3782629838E+00
 -3.7304338381E+00 -1.7768630455E+00 -4.1345403951E-01  6.4842265366E-01 -2.5567551459E+00
 -3.7207652274E+00 -1.7575145405E+00 -4.0091802125E-01  6.7240256992E-01 -2.7161521650E+00
 -3.7109145298E+00 -1.7382405925E+00 -3.8840914248E-01  6.9706690464E-01 -2.8437908108E+00
 -3.6861764026E+00 -1.7107370090E+00 -3.6556297665E-01  7.4006251828E-01 -2.9428519785E+00
</Path of -GradDelSqRho>
<Path of -GradDelSqRho>
Starting CP# =      4
Ending CP# =      0
Number of Points =     29
 -3.8529614108E+00 -2.0295421955E+00 -5.7705290822E-01  4.1909064163E-01 -9.9168748887E-01
 -3.8623421080E+00 -2.0489876355E+00 -5.8965756527E-01  4.0870222002E-01 -1.0018451541E+00
 -3.8717225309E+00 -2.0684314520E+00 -6.0226493079E-01  3.9933678088E-01 -1.0322585687E+00
 -3.8811024868E+00 -2.0878736341E+00 -6.1487516395E-01  3.9096643372E-01 -1.0829481971E+00
 -3.8904816822E+00 -2.1073142454E+00 -6.2748838431E-01  3.8355842305E-01 -1.1540554358E+00
 -3.8998597878E+00 -2.1267534067E+00 -6.4010464934E-01  3.7707524269E-01 -1.2457535024E+00
 -3.9092365106E+00 -2.1461912755E+00 -6.5272393303E-01  3.7147466894E-01 -1.3580674176E+00
 -3.9186116710E+00 -2.1656280237E+00 -6.6534610363E-01  3.6670983707E-01 -1.4905716790E+00
 -3.9279852893E+00 -2.1850638116E+00 -6.7797089776E-01  3.6272957756E-01 -1.6419406466E+00
 -3.9373576889E+00 -2.2044987616E+00 -6.9059788643E-01  3.5947935173E-01 -1.8093651892E+00
 -3.9467296280E+00 -2.2239329267E+00 -7.0322642484E-01  3.5690326413E-01 -1.9879451645E+00
 -3.9561024803E+00 -2.2433662531E+00 -7.1585557623E-01  3.5494773222E-01 -2.1703407052E+00
 -3.9654784614E+00 -2.2627985332E+00 -7.2848401512E-01  3.5356736293E-01 -2.3472047265E+00
 -3.9748606736E+00 -2.2822293764E+00 -7.4111003664E-01  3.5273327027E-01 -2.5091466311E+00
 -3.9842516317E+00 -2.3016583830E+00 -7.5373238200E-01  3.5244330867E-01 -2.6510249690E+00
 -3.9936460795E+00 -2.3210861752E+00 -7.6635399983E-01  3.5273241322E-01 -2.7790049324E+00
 -4.0030209959E+00 -2.3405160700E+00 -7.7898689335E-01  3.5367957511E-01 -2.9198662421E+00
 -4.0123553209E+00 -2.3599514696E+00 -7.9164135625E-01  3.5540635602E-01 -3.1305538043E+00
 -4.0216550235E+00 -2.3793918803E+00 -8.0431360497E-01  3.5806098596E-01 -3.5043116593E+00
 -4.0309345897E+00 -2.3988353463E+00 -8.1699592565E-01  3.6178312740E-01 -4.1685856082E+00
 -4.0402033062E+00 -2.4182805422E+00 -8.2968352760E-01  3.6664786198E-01 -5.2698784568E+00
 -4.0494658750E+00 -2.4377267757E+00 -8.4237402873E-01  3.7259353409E-01 -6.9423858675E+00
 -4.0587246439E+00 -2.4571736937E+00 -8.5506625386E-01  3.7934627848E-01 -9.2610828347E+00
 -4.0679808276E+00 -2.4766211120E+00 -8.6775959805E-01  3.8636256195E-01 -1.2186665780E+01
 -4.0772350702E+00 -2.4960689353E+00 -8.8045373691E-01  3.9281660040E-01 -1.5519092224E+01
 -4.0864876970E+00 -2.5155171237E+00 -8.9314849432E-01  3.9765732661E-01 -1.8884682317E+01
 -4.0957388079E+00 -2.5349656865E+00 -9.0584378289E-01  3.9974525593E-01 -2.1780817230E+01
 -4.1049882138E+00 -2.5544147210E+00 -9.1853959110E-01  3.9805304840E-01 -2.3684560602E+01
 -4.1123852160E+00 -2.5699747819E+00 -9.2869679840E-01  3.9349285039E-01 -2.4218654770E+01
</Path of -GradDelSqRho>
<Path of -GradDelSqRho>
Starting CP# =      5
Ending CP# =     18
Number of Points =     33
 -3.4401002803E+00 -1.2477563020E+00  1.2441714904E-01  2.2564597437E+01  1.2316138017E+03
 -3.4420199436E+00 -1.2644327397E+00  1.4294310591E-01  1.5650660739E+01  1.1496513824E+03
 -3.4439120702E+00 -1.2811054578E+00  1.6147524883E-01  1.0963816239E+01  9.7984271309E+02
 -3.4457974096E+00 -1.2977772705E+00  1.8000889795E-01  7.7963652834E+00  7.7170595897E+02
 -3.4476667241E+00 -1.3144469190E+00  1.9854611539E-01  5.6638907300E+00  5.7101004233E+02
 -3.4495040722E+00 -1.3311122175E+00  2.1709043616E-01  4.2291104959E+00  4.0667221856E+02
 -3.4512921109E+00 -1.3477707516E+00  2.3564564721E-01  3.2611542412E+00  2.8390827535E+02
 -3.4530134198E+00 -1.3644200356E+00  2.5421545975E-01  2.6049927125E+00  1.9560010286E+02
 -3.4546518069E+00 -1.3810576747E+00  2.7280319562E-01  2.1571714148E+00  1.3256070733E+02
 -3.4561914408E+00 -1.3976812302E+00  2.9141195463E-01  1.8483229226E+00  8.7595921238E+01
 -3.4576128440E+00 -1.4142876132E+00  3.1004542319E-01  1.6316285312E+00  5.5806421563E+01
 -3.4588870948E+00 -1.4308721386E+00  3.2870895340E-01  1.4754751795E+00  3.3800138372E+01
 -3.4599688555E+00 -1.4474272369E+00  3.4741066836E-01  1.3586983147E+00  1.9029305814E+01
 -3.4607864134E+00 -1.4639403604E+00  3.6616272871E-01  1.2673525031E+00  9.4735918804E+00
 -3.4612243131E+00 -1.4803898792E+00  3.8498301263E-01  1.1924338723E+00  3.5362504925E+00
 -3.4610890584E+00 -1.4967358796E+00  4.0389717908E-01  1.1282642799E+00  5.5728162214E-03
 -3.4600324037E+00 -1.5128961676E+00  4.2293938691E-01  1.0713881292E+00 -1.9894801574E+00
 -3.4573460599E+00 -1.5286680562E+00  4.4213825154E-01  1.0199452726E+00 -3.0419647444E+00
 -3.4512611702E+00 -1.5433670015E+00  4.6136071235E-01  9.7393452225E-01 -3.5386724830E+00
 -3.4368265064E+00 -1.5535310995E+00  4.7846046825E-01  9.4035185586E-01 -3.7390929814E+00
 -3.4134878226E+00 -1.5529105670E+00  4.8647884422E-01  9.3397910150E-01 -3.8468374282E+00
 -3.3892824047E+00 -1.5473564214E+00  4.8921185197E-01  9.3921091736E-01 -3.9428878273E+00
 -3.3652530903E+00 -1.5406038919E+00  4.9058906463E-01  9.4572201771E-01 -4.0327447994E+00
 -3.3413750916E+00 -1.5332362784E+00  4.9129841532E-01  9.5180798979E-01 -4.1160038228E+00
 -3.3176590129E+00 -1.5253320060E+00  4.9143138135E-01  9.5721876028E-01 -4.1921559072E+00
 -3.2941276970E+00 -1.5169036497E+00  4.9099821509E-01  9.6190630415E-01 -4.2607563508E+00
 -3.2708058248E+00 -1.5079570951E+00  4.8999986109E-01  9.6585106047E-01 -4.3214388651E+00
 -3.2477182934E+00 -1.4984983890E+00  4.8843602734E-01  9.6904216634E-01 -4.3739217737E+00
 -3.2248899524E+00 -1.4885347165E+00  4.8630568926E-01  9.7147569780E-01 -4.4180119815E+00
 -3.2023454010E+00 -1.4780750569E+00  4.8360672647E-01  9.7315445782E-01 -4.4536070660E+00
 -3.1801086311E+00 -1.4671312075E+00  4.8033513839E-01  9.7408779577E-01 -4.4806955238E+00
 -3.1582023183E+00 -1.4557197089E+00  4.7648343606E-01  9.7429136511E-01 -4.4993552374E+00
 -3.1196183986E+00 -1.4340758243E+00  4.6801554600E-01  9.7288879946E-01 -4.5122783026E+00
</Path of -GradDelSqRho>
<Path of -GradDelSqRho>
Starting CP# =      5
Ending CP# =      1
Number of Points =      7
 -3.4401002803E+00 -1.2477563020E+00  1.2441714904E-01  2.2564597437E+01  1.2316138017E+03
 -3.4381192197E+00 -1.2310716124E+00  1.0590509562E-01  3.2798101925E+01  9.7965762757E+02
 -3.4360860727E+00 -1.2143799922E+00  8.7404933063E-02  4.8049683004E+01 -8.0155241040E+02
 -3.4340299701E+00 -1.1976853408E+00  6.8910040727E-02  7.0707654465E+01 -6.4018958912E+03
 -3.4319571610E+00 -1.1809884926E+00  5.0418998116E-02  1.0434283103E+02 -2.0679175080E+04
 -3.4298566689E+00 -1.1642880165E+00  3.1934355882E-02  1.5480750729E+02 -7.5469986386E+04
 -3.4261673120E+00 -1.1353023315E+00 -1.3124046585E-04  2.9729412111E+02 -3.3293583976E+06
</Path of -GradDelSqRho>
<Path of -GradDelSqRho>
Starting CP# =      6
Ending CP# =      1
Number of Points =      7
 -3.5045643738E+00 -1.0534622802E+00 -1.2466270700E-01  2.2564822642E+01  1.2316367556E+03
 -3.4930017085E+00 -1.0656563702E+00 -1.0615301951E-01  3.2798467040E+01  9.7966493756E+02
 -3.4813931257E+00 -1.0778248935E+00 -8.7655243048E-02  4.8050276001E+01 -8.0163514083E+02
 -3.4697643204E+00 -1.0899821304E+00 -6.9162745644E-02  7.0708598523E+01 -6.4021569658E+03
 -3.4581208017E+00 -1.1021311453E+00 -5.0674104725E-02  1.0434433846E+02 -2.0680148676E+04
 -3.4464529110E+00 -1.1142665270E+00 -3.2191875228E-02  1.5480985460E+02 -7.5473275657E+04
 -3.4261673120E+00 -1.1353023315E+00 -1.3124046585E-04  2.9729412111E+02 -3.3293583976E+06
</Path of -GradDelSqRho>
<Path of -GradDelSqRho>
Starting CP# =      6
Ending CP# =     13
Number of Points =     33
 -3.5045643738E+00 -1.0534622802E+00 -1.2466270700E-01  2.2564822642E+01  1.2316367556E+03
 -3.5160728619E+00 -1.0412381181E+00 -1.4318632222E-01  1.5650802484E+01  1.1496709908E+03
 -3.5275570382E+00 -1.0290004822E+00 -1.6171613483E-01  1.0963908400E+01  9.7985858345E+02
 -3.5390352291E+00 -1.0167595162E+00 -1.8024745633E-01  7.7964288473E+00  7.7171843701E+02
 -3.5504992740E+00 -1.0045107096E+00 -1.9878235216E-01  5.6639390784E+00  5.7101902004E+02
 -3.5619350805E+00 -9.9224628945E-01 -2.1732436343E-01  4.2291519716E+00  4.0667801629E+02
 -3.5733272955E+00 -9.7995782793E-01 -2.3587728368E-01  3.2611937431E+00  2.8391156812E+02
 -3.5846604612E+00 -9.6763690848E-01 -2.5444483063E-01  2.6050328677E+00  1.9560158867E+02
 -3.5959201590E+00 -9.5527577545E-01 -2.7303033212E-01  2.1572134152E+00  1.3256094850E+02
 -3.6070922336E+00 -9.4286692402E-01 -2.9163689373E-01  1.8483670852E+00  8.7595334771E+01
 -3.6181592161E+00 -9.3040119148E-01 -3.1026820888E-01  1.6316746627E+00  5.5805315558E+01
 -3.6290951085E+00 -9.1786505171E-01 -3.2892964007E-01  1.4755228156E+00  3.3798742705E+01
 -3.6398590213E+00 -9.0523748138E-01 -3.4762932658E-01  1.3587468793E+00  1.9027788784E+01
 -3.6503859327E+00 -8.9248568731E-01 -3.6637945437E-01  1.2674014167E+00  9.4720697983E+00
 -3.6605703031E+00 -8.7955801807E-01 -3.8519794178E-01  1.1924826243E+00  3.5347963452E+00
 -3.6702330555E+00 -8.6637084466E-01 -4.0411051319E-01  1.1283124865E+00  4.2257952160E-03
 -3.6790456789E+00 -8.5278195873E-01 -4.2315143893E-01  1.0714356142E+00 -1.9907052596E+00
 -3.6863187054E+00 -8.3853060002E-01 -4.4234953072E-01  1.0199923099E+00 -3.0430701694E+00
 -3.6902232955E+00 -8.2310866231E-01 -4.6157198159E-01  9.7398311433E-01 -3.5396759236E+00
 -3.6847164988E+00 -8.0633535943E-01 -4.7867112528E-01  9.4041307739E-01 -3.7400472780E+00
 -3.6656277745E+00 -7.9289272170E-01 -4.8669065706E-01  9.3405503656E-01 -3.8478108420E+00
 -3.6428992087E+00 -7.8288613675E-01 -4.8942961382E-01  9.3929098918E-01 -3.9438867452E+00
 -3.6195958937E+00 -7.7394515740E-01 -4.9081372827E-01  9.4580413647E-01 -4.0337650040E+00
 -3.5960462764E+00 -7.6558776831E-01 -4.9153018523E-01  9.5189164167E-01 -4.1170405589E+00
 -3.5723057051E+00 -7.5775749258E-01 -4.9167035888E-01  9.5730362651E-01 -4.1932041899E+00
 -3.5484000097E+00 -7.5045790335E-01 -4.9124448186E-01  9.6199208343E-01 -4.2618110352E+00
 -3.5243524984E+00 -7.4369902718E-01 -4.9025348814E-01  9.6593744966E-01 -4.3224947130E+00
 -3.5001867503E+00 -7.3749088760E-01 -4.8869707480E-01  9.6912886068E-01 -4.3749735216E+00
 -3.4759269869E+00 -7.3184256389E-01 -4.8657420427E-01  9.7156239318E-01 -4.4190544086E+00
 -3.4515983020E+00 -7.2676154204E-01 -4.8388273923E-01  9.7324085318E-01 -4.4546350620E+00
 -3.4272269879E+00 -7.2225267635E-01 -4.8061865498E-01  9.7417359546E-01 -4.4817041538E+00
 -3.4028411193E+00 -7.1831621264E-01 -4.7677442307E-01  9.7437628121E-01 -4.5003398040E+00
 -3.3590719372E+00 -7.1263271383E-01 -4.6834237621E-01  9.7297743444E-01 -4.5132086987E+00
</Path of -GradDelSqRho>
<Path of -GradDelSqRho>
Starting CP# =     14
Ending CP# =     20
Number of Points =     17
 -3.9229681055E+00 -6.4851489506E-01  2.6620231544E-03  7.7657526628E-01 -2.5755037499E+00
 -3.9315016178E+00 -6.5420000536E-01  2.2970380291E-02  7.7230913441E-01 -2.5785696143E+00
 -3.9402388192E+00 -6.6104337192E-01  4.5370360588E-02  7.6802355844E-01 -2.5886296772E+00
 -3.9482932143E+00 -6.6850447863E-01  6.7828934738E-02  7.6414188500E-01 -2.6050026974E+00
 -3.9556507506E+00 -6.7657621559E-01  9.0315416345E-02  7.6064302808E-01 -2.6268612362E+00
 -3.9622962377E+00 -6.8525134629E-01  1.1279888970E-01  7.5750330758E-01 -2.6532764875E+00
 -3.9682129481E+00 -6.9452257367E-01  1.3524799334E-01  7.5469732092E-01 -2.6832355110E+00
 -3.9733821767E+00 -7.0438253270E-01  1.5763065532E-01  7.5219891572E-01 -2.7156613191E+00
