 AIMInt (Version 19.02.13, Professional)
 Portions Copyright (c) 1997-2019 by Todd A. Keith
 AIMInt is a component of the AIMAll package ( http://aim.tkgristmill.com )

 TP:  64-bit Linux

 Licensed To:  Research Group of Fernando Cortes Guzman, UNAM, fercor@unam.mx

 AIMInt is a heavily modified and extended version of the PROAIMV program
 developed by members of R.F.W. Bader's research group

 Much of the Quantum Theory of Atoms in Molecules (QTAIM) is described in the book:
   "Atoms in Molecules - A Quantum Theory"
   R.F.W. Bader, Oxford University Press, Oxford, 1990

 For additional references see:  http://aim.tkgristmill.com/references.html

 Current Directory:  /home/scratch/M_H2O_4_cuadrado_plano/Opt

 Inp File:  Zn2_cuadrado_plano_cc-pvtz-def2-tzv_1_atomicfiles/o4.inp
 Wfx File:  Zn2_cuadrado_plano_cc-pvtz-def2-tzv_1.wfx
 Out File:  Zn2_cuadrado_plano_cc-pvtz-def2-tzv_1_atomicfiles/o4.int

 Wfx Title:   Zn2_cuadrado_plano_cc-pvtz-def2-tzv_1                                         
 Job Title:   Zn2_cuadrado_plano_cc-pvtz-def2-tzv_1                                         
 
<Atom>
O4      
</Atom>
<Nuclei of Molecule>
    13
Zn1       30.0           1.0985088659E-05   2.7289269856E-05   1.1026632974E-04
O2         8.0          -3.4261669838E+00  -1.1353022225E+00  -1.3124067005E-04
H3         1.0          -4.8402386387E+00  -3.9126257796E-01   9.3357703697E-01
O4         8.0           3.4262098645E+00   1.1352365941E+00  -1.3122177278E-04
H5         1.0           4.1154443026E+00   2.5787984191E+00  -9.3082597205E-01
O6         8.0           1.1352802485E+00  -3.4262035309E+00  -2.7049458878E-04
H7         1.0           3.8995502140E-01  -4.8405587394E+00   9.3200091089E-01
O8         8.0          -1.1352585491E+00   3.4261732607E+00  -2.7049458878E-04
H9         1.0          -3.9113983236E-01   4.8403278121E+00   9.3339426266E-01
H10        1.0          -2.5780730200E+00   4.1152224887E+00  -9.3211160943E-01
H11        1.0           4.8406324556E+00   3.9009988105E-01   9.3224306040E-01
H12        1.0           2.5783078535E+00  -4.1156202128E+00  -9.3182663873E-01
H13        1.0          -4.1157343349E+00  -2.5770585599E+00  -9.3333142765E-01
</Nuclei of Molecule>
<Total Number of CPs of DelSqRho>
    33
</Total Number of CPs of DelSqRho>
<Number of (3,+3) CPs of DelSqRho>
     5
</Number of (3,+3) CPs of DelSqRho>
<Number of (3,+1) CPs of DelSqRho>
    14
</Number of (3,+1) CPs of DelSqRho>
<Number of (3,-1) CPs of DelSqRho>
     9
</Number of (3,-1) CPs of DelSqRho>
<Number of (3,-3) CPs of DelSqRho>
     5
</Number of (3,-3) CPs of DelSqRho>
<Number of Degenerate CPs of DelSqRho>
     0
</Number of Degenerate CPs of DelSqRho>
<CP of DelSqRho>
CP# = 1       
Type = (3,+3)
Coords =  3.42621019262205E+00  1.13523670317789E+00 -1.31221247353242E-04
DistFromNuc =  3.4580726041E-07
Rho =  2.9729421820E+02
DelSqRho = -3.3293593466E+06
GradDelSqRho = -4.2227111408E-07  9.3877374638E-06 -1.3496901374E-09
HessDelSqRho_EigVals =  1.3240129296E+11  1.3240131218E+11  1.3240132016E+11
HessDelSqRho_EigVec1 = -1.9986896441E-01  6.0130045551E-01  7.7362145735E-01
HessDelSqRho_EigVec2 =  9.4915155396E-01  3.1481908049E-01  5.2361740429E-04
HessDelSqRho_EigVec3 = -2.4323594447E-01  7.3438866329E-01 -6.3364782534E-01
</CP of DelSqRho>
<CP of DelSqRho>
CP# = 2       
Type = (3,-1)
Coords =  1.92116569820698E+00  6.36498266047280E-01 -7.91110730366104E-05
DistFromNuc =  1.5855276298E+00
Rho =  1.2047890608E-01
DelSqRho =  3.3280999212E-01
GradDelSqRho = -1.2004286454E-15 -4.9439619065E-16  4.1633363423E-17
HessDelSqRho_EigVals = -4.4971559502E-01 -3.9320183883E-01  4.1949621940E+00
HessDelSqRho_EigVec1 = -1.7645533007E-01  5.3282730722E-01  8.2762224303E-01
HessDelSqRho_EigVec2 = -2.6032303381E-01  7.8561472863E-01 -5.6128550331E-01
HessDelSqRho_EigVec3 =  9.4926046718E-01  3.1449095191E-01 -8.1314863738E-05
</CP of DelSqRho>
<CP of DelSqRho>
CP# = 3       
Type = (3,+1)
Coords =  3.85278903793994E+00  2.03059123541547E+00 -5.75501048377976E-01
DistFromNuc =  1.1465950298E+00
Rho =  4.1908103964E-01
DelSqRho = -9.9162487249E-01
GradDelSqRho =  5.4456439358E-13  9.7513663810E-13 -1.7661427876E-12
HessDelSqRho_EigVals = -3.2588227257E+01  1.5215146449E+01  1.6242197852E+01
HessDelSqRho_EigVec1 =  3.7505456701E-01  7.7881460983E-01 -5.0277417921E-01
HessDelSqRho_EigVec2 = -1.9577794723E-01  5.9667907267E-01  7.7823202171E-01
HessDelSqRho_EigVec3 =  9.0609329936E-01 -1.9344737721E-01  3.7626193683E-01
</CP of DelSqRho>
<CP of DelSqRho>
CP# = 4       
Type = (3,+1)
Coords =  4.30275765800600E+00  6.72536107987171E-01  5.76283556780327E-01
DistFromNuc =  1.1465957313E+00
Rho =  4.1907702030E-01
DelSqRho = -9.9158344795E-01
GradDelSqRho =  1.1705081349E-12 -5.3257398491E-13  1.8987034167E-12
HessDelSqRho_EigVals = -3.2586919893E+01  1.5214546917E+01  1.6241637696E+01
HessDelSqRho_EigVec1 =  7.6565981327E-01 -4.0009236893E-01  5.0367762176E-01
HessDelSqRho_EigVec2 = -2.0083203718E-01  5.9519472445E-01  7.7808080096E-01
HessDelSqRho_EigVec3 = -6.1109045417E-01 -6.9689980364E-01  3.7536531607E-01
</CP of DelSqRho>
<CP of DelSqRho>
CP# = 5       
Type = (3,+1)
Coords =  3.44013499208233E+00  1.24747835615202E+00  1.24610335004292E-01
DistFromNuc =  1.6838223874E-01
Rho =  2.2564448740E+01
DelSqRho =  1.2316009197E+03
GradDelSqRho = -6.2172489379E-13 -5.0022208598E-12 -1.0544454199E-11
HessDelSqRho_EigVals = -4.1137912340E+05  2.5161492417E+03  3.6461630989E+03
HessDelSqRho_EigVec1 =  7.7857764095E-02  6.6594237666E-01  7.4192918769E-01
HessDelSqRho_EigVec2 =  9.6635323014E-01  1.3258504349E-01 -2.2041470198E-01
HessDelSqRho_EigVec3 = -2.4515220410E-01  7.3412666292E-01 -6.3321279173E-01
</CP of DelSqRho>
<CP of DelSqRho>
CP# = 6       
Type = (3,+1)
Coords =  3.50461334611200E+00  1.05362786671882E+00 -1.24809750531748E-01
DistFromNuc =  1.6838000428E-01
Rho =  2.2564933927E+01
DelSqRho =  1.2316521268E+03
GradDelSqRho = -5.5422333389E-12 -2.4158453016E-12  8.3559825725E-12
HessDelSqRho_EigVals = -4.1143079171E+05  2.5139830955E+03  3.6443441485E+03
HessDelSqRho_EigVec1 = -4.6136476316E-01  4.8704648057E-01  7.4157149425E-01
HessDelSqRho_EigVec2 =  8.5368978773E-01  4.7128830226E-01  2.2158764064E-01
HessDelSqRho_EigVec3 = -2.4157049002E-01  7.3530474085E-01 -6.3322242256E-01
</CP of DelSqRho>
<CP of DelSqRho>
CP# = 7       
Type = (3,-3)
Coords =  3.27494729436523E+00  1.16662153034620E+00 -6.35712978889640E-02
DistFromNuc =  1.6700306166E-01
Rho =  2.2707587462E+01
DelSqRho =  1.2973950484E+03
GradDelSqRho = -2.5465851650E-11  1.3841372493E-11 -1.4765078049E-11
HessDelSqRho_EigVals = -4.5050169365E+05 -3.8609685782E+03 -4.4390009769E+02
HessDelSqRho_EigVec1 =  9.0691505302E-01 -1.8548087242E-01  3.7828816076E-01
HessDelSqRho_EigVec2 = -1.9987242395E-01  6.0099685410E-01  7.7385644373E-01
HessDelSqRho_EigVec3 =  3.7088556287E-01  7.7743142934E-01 -5.0798058224E-01
</CP of DelSqRho>
<CP of DelSqRho>
CP# = 8       
Type = (3,-1)
Coords =  3.58650198076424E+00  1.18834991859364E+00 -1.03984317795013E-04
DistFromNuc =  1.6886263212E-01
Rho =  2.2318638674E+01
DelSqRho =  1.2512391898E+03
GradDelSqRho =  6.0822458181E-12 -1.0032863429E-11 -1.4210854715E-13
HessDelSqRho_EigVals = -4.0535497899E+05 -1.9317271283E+03  1.5874833232E+03
HessDelSqRho_EigVec1 =  9.4924739282E-01  3.1453038549E-01  1.5438399683E-04
HessDelSqRho_EigVec2 =  1.9953211099E-01 -6.0180496782E-01 -7.7331605271E-01
HessDelSqRho_EigVec3 = -2.4313848711E-01  7.3409905143E-01 -6.3402070848E-01
</CP of DelSqRho>
<CP of DelSqRho>
CP# = 9       
Type = (3,-3)
Coords =  3.32363212489595E+00  1.01960467285745E+00  6.30912685781901E-02
DistFromNuc =  1.6700304532E-01
Rho =  2.2707601401E+01
DelSqRho =  1.2973934577E+03
GradDelSqRho =  1.1937117961E-11  1.2889245227E-11 -2.1287860363E-11
HessDelSqRho_EigVals = -4.5050190887E+05 -3.8608310273E+03 -4.4355603589E+02
HessDelSqRho_EigVec1 =  6.1662307819E-01  6.9113344237E-01 -3.7697552212E-01
HessDelSqRho_EigVec2 = -2.0010905416E-01  6.0071704478E-01  7.7401253127E-01
HessDelSqRho_EigVec3 =  7.6140156678E-01 -4.0183777441E-01  5.0871805272E-01
</CP of DelSqRho>
<CP of DelSqRho>
CP# = 10      
Type = (3,-1)
Coords =  4.11756388029089E+00  1.36462007541111E+00  2.46565705506518E-04
DistFromNuc =  7.2841423614E-01
Rho =  6.5858529930E-01
DelSqRho = -9.1583813631E-01
GradDelSqRho =  1.4210854715E-13 -4.5297099405E-14 -1.1080025786E-13
HessDelSqRho_EigVals = -1.9151802507E+01 -6.8262351511E+00  1.2996526965E+02
HessDelSqRho_EigVec1 = -2.4754813967E-01  7.4712129555E-01 -6.1687088461E-01
HessDelSqRho_EigVec2 = -1.9462188881E-01  5.8536506455E-01  7.8706420424E-01
HessDelSqRho_EigVec3 =  9.4912709314E-01  3.1489285628E-01  5.0012495045E-04
</CP of DelSqRho>
<CP of DelSqRho>
CP# = 11      
Type = (3,-1)
Coords =  3.02086049840946E+00  1.55158329028068E+00 -4.20714704579232E-01
DistFromNuc =  7.1731662886E-01
Rho =  6.6622507681E-01
DelSqRho = -9.3771847081E-01
GradDelSqRho =  2.8865798640E-15  6.6613381478E-15  4.8849813084E-15
HessDelSqRho_EigVals = -1.5571575873E+01 -1.2432691873E+01  1.4181740326E+02
HessDelSqRho_EigVec1 =  7.7266747043E-01  6.0409692169E-01 -1.9506893483E-01
HessDelSqRho_EigVec2 = -2.3916601179E-01  5.6166321651E-01  7.9204422227E-01
HessDelSqRho_EigVec3 =  5.8803452189E-01 -5.6533294652E-01  5.7845834823E-01
</CP of DelSqRho>
<CP of DelSqRho>
CP# = 12      
Type = (3,-1)
Coords =  3.34972054511357E+00  5.59066786418131E-01  4.20259482644735E-01
DistFromNuc =  7.1732182984E-01
Rho =  6.6621081967E-01
DelSqRho = -9.3762544498E-01
GradDelSqRho = -1.0103029524E-13 -1.1279865930E-13  3.4638958368E-13
HessDelSqRho_EigVals = -1.5571185700E+01 -1.2432934947E+01  1.4181216379E+02
HessDelSqRho_EigVec1 =  9.8031288767E-01 -2.2330956101E-02  1.9618351274E-01
HessDelSqRho_EigVec2 = -1.4499087485E-01  5.9303940617E-01  7.9201130607E-01
HessDelSqRho_EigVec3 =  1.3403092360E-01  8.0486370966E-01 -5.7812638790E-01
</CP of DelSqRho>
<CP of DelSqRho>
CP# = 13      
Type = (3,+3)
Coords =  3.35919552335591E+00  7.13360203199064E-01 -4.69052061633800E-01
DistFromNuc =  6.3431645504E-01
Rho =  9.7302463910E-01
DelSqRho = -4.5138054398E+00
GradDelSqRho = -6.6613381478E-16 -1.7763568394E-14 -1.0658141036E-14
HessDelSqRho_EigVals =  1.2451101523E+01  2.4261907625E+01  3.5058308383E+02
HessDelSqRho_EigVec1 =  9.7131197895E-01  1.0924030288E-01 -2.1123351008E-01
HessDelSqRho_EigVec2 = -2.2134375992E-01  7.4005490213E-01 -6.3507927204E-01
HessDelSqRho_EigVec3 =  8.6948142600E-02  6.6361532386E-01  7.4300385089E-01
</CP of DelSqRho>
<CP of DelSqRho>
CP# = 14      
Type = (3,+1)
Coords =  3.92314044618162E+00  6.48570066961045E-01  1.86243638577205E-03
DistFromNuc =  6.9554891007E-01
Rho =  7.7655330544E-01
DelSqRho = -2.5753548589E+00
GradDelSqRho = -5.3290705182E-15 -2.1316282073E-14  8.8817841970E-16
HessDelSqRho_EigVals = -1.2120451690E+01  1.4920680633E+01  1.8029998680E+02
HessDelSqRho_EigVec1 =  3.8706354566E-01  2.3716435046E-01  8.9103023658E-01
HessDelSqRho_EigVec2 =  6.2699732473E-01  6.4084219075E-01 -4.4293977168E-01
HessDelSqRho_EigVec3 = -6.7605929207E-01  7.3011941313E-01  9.9345237302E-02
</CP of DelSqRho>
<CP of DelSqRho>
CP# = 15      
Type = (3,+1)
Coords =  3.68613498355977E+00  1.35777876731452E+00 -6.06377875518613E-01
DistFromNuc =  6.9614732032E-01
Rho =  7.7322719407E-01
DelSqRho = -2.5214021992E+00
GradDelSqRho =  7.7715611724E-15 -8.8817841970E-16 -2.6645352591E-14
HessDelSqRho_EigVals = -1.2717059199E+01  1.4273683422E+01  1.7924623901E+02
HessDelSqRho_EigVec1 =  1.5453577787E-01  9.4596438974E-01  2.8507905342E-01
HessDelSqRho_EigVec2 =  9.1979369872E-01 -2.4309124034E-01  3.0803603792E-01
HessDelSqRho_EigVec3 = -3.6069134332E-01 -2.1461132824E-01  9.0765837882E-01
</CP of DelSqRho>
<CP of DelSqRho>
CP# = 16      
Type = (3,+1)
Coords =  3.53349682257633E+00  1.82244522377257E+00 -1.47406124052599E-03
DistFromNuc =  6.9553432363E-01
Rho =  7.7658434148E-01
DelSqRho = -2.5754228982E+00
GradDelSqRho =  9.5479180118E-15  2.6645352591E-14 -2.6645352591E-14
HessDelSqRho_EigVals = -1.2117269960E+01  1.4918182514E+01  1.8031278844E+02
HessDelSqRho_EigVec1 = -4.5308563307E-01 -4.2028346500E-02  8.9047573083E-01
HessDelSqRho_EigVec2 =  8.8523988548E-01 -1.3907059549E-01  4.4385776396E-01
HessDelSqRho_EigVec3 =  1.0518438225E-01  9.8939020996E-01  1.0021605744E-01
</CP of DelSqRho>
<CP of DelSqRho>
CP# = 17      
Type = (3,+1)
Coords =  3.76681766481769E+00  1.11223764992746E+00  6.06557835170963E-01
DistFromNuc =  6.9614239700E-01
Rho =  7.7323528570E-01
DelSqRho = -2.5213408554E+00
GradDelSqRho =  2.9309887850E-14 -5.3290705182E-15 -1.7763568394E-15
HessDelSqRho_EigVals = -1.2712548688E+01  1.4271568851E+01  1.7924215507E+02
HessDelSqRho_EigVec1 = -6.8988966236E-01  6.6577512296E-01  2.8424591361E-01
HessDelSqRho_EigVec2 =  5.9226624935E-01  7.4487804657E-01 -3.0720902596E-01
HessDelSqRho_EigVec3 =  4.1626066791E-01  4.3591070043E-02  9.0819979903E-01
</CP of DelSqRho>
<CP of DelSqRho>
CP# = 18      
Type = (3,+3)
Coords =  3.11957309530551E+00  1.43310827444939E+00  4.68551742041798E-01
DistFromNuc =  6.3436374957E-01
Rho =  9.7283085926E-01
DelSqRho = -4.5117766040E+00
GradDelSqRho =  3.7303493627E-14 -1.4210854715E-14 -3.9079850467E-14
HessDelSqRho_EigVals =  1.2431937099E+01  2.4250663611E+01  3.5033022754E+02
HessDelSqRho_EigVec1 =  8.4357923333E-01  4.9315015301E-01  2.1254882659E-01
HessDelSqRho_EigVec2 = -2.6427999943E-01  7.2580758410E-01 -6.3510584375E-01
HessDelSqRho_EigVec3 = -4.6747209435E-01  4.7958969698E-01  7.4260592749E-01
</CP of DelSqRho>
<CP of DelSqRho>
CP# = 19      
Type = (3,+1)
Coords =  2.78954460914838E+00  9.23982969361692E-01 -4.98173904245739E-04
DistFromNuc =  6.7079868511E-01
Rho =  8.4183659888E-01
DelSqRho = -3.3156172262E+00
GradDelSqRho =  2.4868995752E-14  5.3290705182E-15 -2.2204460493E-16
HessDelSqRho_EigVals = -7.0324714878E+00  1.8738700920E+01  2.3465544598E+02
HessDelSqRho_EigVec1 = -1.9623533196E-01  5.8991470215E-01  7.8325751747E-01
HessDelSqRho_EigVec2 = -2.4634633971E-01  7.4350935124E-01 -6.2169713328E-01
HessDelSqRho_EigVec3 =  9.4910756788E-01  3.1495156581E-01  5.7947674525E-04
</CP of DelSqRho>
<CP of DelSqRho>
CP# = 20      
Type = (3,+3)
Coords =  3.97850064528120E+00  8.28786104604426E-01  3.65015158075031E-01
DistFromNuc =  7.2956760328E-01
Rho =  7.4005545028E-01
DelSqRho = -2.9427785071E+00
GradDelSqRho =  4.2632564146E-14 -3.0198066270E-14  1.5099033135E-14
HessDelSqRho_EigVals =  1.0153942377E+01  2.2823641025E+01  1.3336210480E+02
HessDelSqRho_EigVec1 = -1.8308396991E-01  5.9098368056E-01  7.8563257906E-01
HessDelSqRho_EigVec2 =  6.3541727507E-01  6.8091847373E-01 -3.6413585195E-01
HessDelSqRho_EigVec3 =  7.5015008265E-01 -4.3253707523E-01  5.0018649726E-01
</CP of DelSqRho>
<CP of DelSqRho>
CP# = 21      
Type = (3,+3)
Coords =  3.68605332280102E+00  1.71136288229252E+00 -3.64581778988999E-01
DistFromNuc =  7.2956448069E-01
Rho =  7.4006615875E-01
DelSqRho = -2.9429009336E+00
GradDelSqRho = -1.9650947536E-14 -1.7763568394E-14  1.0658141036E-14
HessDelSqRho_EigVals =  1.0154586117E+01  2.2824010018E+01  1.3336646905E+02
HessDelSqRho_EigVec1 =  2.0747145035E-01 -5.8257256756E-01 -7.8585291296E-01
HessDelSqRho_EigVec2 =  9.1607132244E-01 -1.6611214511E-01  3.6499327042E-01
HessDelSqRho_EigVec3 =  3.4317477980E-01  7.9562300040E-01 -4.9921449472E-01
</CP of DelSqRho>
<CP of DelSqRho>
CP# = 22      
Type = (3,-3)
Coords =  3.29843513352527E+00  2.03824929588839E-01  6.39486302916706E-01
DistFromNuc =  1.1370860339E+00
Rho =  2.4623818477E-01
DelSqRho =  8.5975652195E-01
GradDelSqRho =  1.6824319715E-12  4.2256198540E-12 -4.2542358525E-12
HessDelSqRho_EigVals = -1.7925750658E+01 -1.9346957973E+00 -5.3636674066E-01
HessDelSqRho_EigVec1 =  1.5434811395E-01  8.1714916470E-01 -5.5537726129E-01
HessDelSqRho_EigVec2 =  9.6851887899E-01 -1.4015400458E-02  2.4854526669E-01
HessDelSqRho_EigVec3 =  1.9531472234E-01 -5.7625585566E-01 -7.9358764359E-01
</CP of DelSqRho>
<CP of DelSqRho>
CP# = 23      
Type = (3,+1)
Coords =  2.24964352262200E+00  7.45831681213071E-01  4.33866013639544E-04
DistFromNuc =  1.2393324261E+00
Rho =  2.3881360670E-01
DelSqRho =  4.6290442923E-01
GradDelSqRho = -3.7192471325E-15 -1.0130785100E-15  2.3592239273E-16
HessDelSqRho_EigVals = -1.0314005660E+01  1.7994999982E-01  6.5328404812E-01
HessDelSqRho_EigVec1 =  9.4935424203E-01  3.1420744186E-01 -4.5455990889E-04
HessDelSqRho_EigVec2 = -1.7742852240E-01  5.3727982260E-01  8.2452987312E-01
HessDelSqRho_EigVec3 = -2.5931764804E-01  7.8269028083E-01 -5.6581824088E-01
</CP of DelSqRho>
<CP of DelSqRho>
CP# = 24      
Type = (3,-1)
Coords =  3.96590337750956E+00  1.42939174120228E-01 -3.77679698816867E-01
DistFromNuc =  1.1909937490E+00
Rho =  2.4591938884E-01
DelSqRho =  7.1829072988E-01
GradDelSqRho = -2.7061686225E-16  4.5796699766E-16  8.8297424927E-16
HessDelSqRho_EigVals = -1.7582713824E+01 -1.0737171842E+00  2.9740846094E-01
HessDelSqRho_EigVec1 = -4.3747232063E-01  8.3712392465E-01  3.2839230115E-01
HessDelSqRho_EigVec2 =  6.7036961829E-01  6.0200591612E-02  7.3958127588E-01
HessDelSqRho_EigVec3 =  5.9935176946E-01  5.4369055863E-01 -5.8751853835E-01
</CP of DelSqRho>
<CP of DelSqRho>
CP# = 25      
Type = (3,-1)
Coords =  3.56139297641448E+00  1.27429569204042E+00  1.17422676456538E+00
DistFromNuc =  1.1902640827E+00
Rho =  2.4583010412E-01
DelSqRho =  7.1984652546E-01
GradDelSqRho =  2.1533209243E-13 -2.3730366630E-14 -5.2639143044E-12
HessDelSqRho_EigVals = -1.7436796835E+01 -1.1910997421E+00  2.7893028664E-01
HessDelSqRho_EigVec1 =  9.2253225981E-02  1.2056563354E-01  9.8840946490E-01
HessDelSqRho_EigVec2 =  8.7140476407E-01 -4.9009108104E-01 -2.1551552973E-02
HessDelSqRho_EigVec3 =  4.8181228652E-01  8.6329291686E-01 -1.5027395070E-01
</CP of DelSqRho>
<CP of DelSqRho>
CP# = 26      
Type = (3,-1)
Coords =  3.61937960735590E+00  1.10505486819355E+00 -1.17422067765220E+00
DistFromNuc =  1.1902569204E+00
Rho =  2.4582572483E-01
DelSqRho =  7.1993476151E-01
GradDelSqRho = -2.4820423494E-14  2.7625471355E-14  5.5377924468E-13
HessDelSqRho_EigVals = -1.7439581614E+01 -1.1899987648E+00  2.7863207222E-01
HessDelSqRho_EigVec1 = -1.4745591926E-01  4.1085140769E-02  9.8821493769E-01
HessDelSqRho_EigVec2 =  4.0515914802E-01  9.1397031685E-01  2.2457174694E-02
HessDelSqRho_EigVec3 =  9.0227646354E-01 -4.0369576556E-01  1.5141635388E-01
</CP of DelSqRho>
<CP of DelSqRho>
CP# = 27      
Type = (3,-3)
Coords =  4.52737678768080E+00  1.49729627270191E+00 -3.44148375326270E-03
DistFromNuc =  1.1591664080E+00
Rho =  2.5327689526E-01
DelSqRho =  8.6618311115E-01
GradDelSqRho =  3.1086244690E-15 -5.5511151231E-17  2.5673907444E-16
HessDelSqRho_EigVals = -1.6743754632E+01 -4.2800164003E+00 -1.5224050346E-02
HessDelSqRho_EigVec1 =  9.4995276222E-01  3.1238092665E-01 -2.8117995830E-03
HessDelSqRho_EigVec2 = -2.4573388983E-01  7.4166059051E-01 -6.2414295147E-01
HessDelSqRho_EigVec3 = -1.9288495260E-01  5.9359727522E-01  7.8130510680E-01
</CP of DelSqRho>
<CP of DelSqRho>
CP# = 28      
Type = (3,-3)
Coords =  2.76766892435447E+00  1.80563199880377E+00 -6.40334580918907E-01
DistFromNuc =  1.1370868523E+00
Rho =  2.4623905695E-01
DelSqRho =  8.5974986545E-01
GradDelSqRho = -2.2204460493E-16 -1.5820678101E-15  2.0261570199E-15
HessDelSqRho_EigVals = -1.7925736134E+01 -1.9350216268E+00 -5.3609557708E-01
HessDelSqRho_EigVec1 =  6.1163683967E-01 -5.6289193348E-01  5.5592539750E-01
HessDelSqRho_EigVec2 =  7.6823796461E-01  5.9042631862E-01 -2.4740087310E-01
HessDelSqRho_EigVec3 = -1.8897303007E-01  5.7840248400E-01  7.9356144085E-01
</CP of DelSqRho>
<CP of DelSqRho>
CP# = 29      
Type = (3,-1)
Coords =  3.26494366393090E+00  2.25311538308893E+00  3.77754276163242E-01
DistFromNuc =  1.1909900184E+00
Rho =  2.4592480732E-01
DelSqRho =  7.1829342982E-01
GradDelSqRho = -8.6736173799E-16  2.5049406993E-15  1.9081958236E-15
HessDelSqRho_EigVals = -1.7582376763E+01 -1.0748884114E+00  2.9742322120E-01
HessDelSqRho_EigVec1 = -1.5034976208E-01  9.3239970040E-01  3.2867270611E-01
HessDelSqRho_EigVec2 = -5.7428182008E-01 -3.5297922782E-01  7.3865151178E-01
HessDelSqRho_EigVec3 =  8.0473308629E-01 -7.7694680814E-02  5.8853053991E-01
</CP of DelSqRho>
<CP of DelSqRho>
CP# = 30      
Type = (3,+1)
Coords =  4.41217430447980E+00  1.98917080161066E+00 -1.51287833825869E+00
DistFromNuc =  1.9974316875E+00
Rho =  7.5146288389E-02
DelSqRho =  1.8303339549E-01
GradDelSqRho = -3.4000580129E-16  2.3071822230E-16  2.8449465006E-16
HessDelSqRho_EigVals = -1.6904804715E+00  3.0643369274E-02  5.8145759913E-01
HessDelSqRho_EigVec1 = -5.1511544793E-01  3.1400248619E-02  8.5654544520E-01
HessDelSqRho_EigVec2 =  8.5486607169E-01 -5.3616234759E-02  5.1607102112E-01
HessDelSqRho_EigVec3 =  6.2129500040E-02  9.9806779517E-01  7.7554359736E-04
</CP of DelSqRho>
<CP of DelSqRho>
CP# = 31      
Type = (3,+1)
Coords =  5.05352133326502E+00 -1.90186433817896E-02  1.75051844997355E-01
DistFromNuc =  2.0027822838E+00
Rho =  7.4660639619E-02
DelSqRho =  1.7917032883E-01
GradDelSqRho = -5.9952043330E-15  1.5917822616E-14 -8.5695339713E-15
HessDelSqRho_EigVals = -1.6195214470E+00  3.7606389396E-02  5.9017773261E-01
HessDelSqRho_EigVec1 =  6.9693206786E-01 -6.2921759460E-01 -3.4405073960E-01
HessDelSqRho_EigVec2 =  5.8218563901E-01  7.7655271519E-01 -2.4088537162E-01
HessDelSqRho_EigVec3 =  4.1874285011E-01 -3.2420659525E-02  9.0752593699E-01
</CP of DelSqRho>
<CP of DelSqRho>
CP# = 32      
Type = (3,+1)
Coords =  4.04088545726217E+00  3.03349844149567E+00 -1.73360195251203E-01
DistFromNuc =  2.0028061322E+00
Rho =  7.4660045932E-02
DelSqRho =  1.7915532698E-01
GradDelSqRho =  5.7245874707E-17  2.8449465006E-16  5.0437085064E-16
HessDelSqRho_EigVals = -1.6192610439E+00  3.7628437507E-02  5.9018825608E-01
HessDelSqRho_EigVec1 =  1.8228246673E-01  9.2079666220E-01  3.4482837646E-01
HessDelSqRho_EigVec2 =  9.3072235595E-01 -2.7467615946E-01  2.4147236602E-01
HessDelSqRho_EigVec3 = -3.1706308276E-01 -2.7692330041E-01  9.0707468669E-01
</CP of DelSqRho>
<CP of DelSqRho>
CP# = 33      
Type = (3,+1)
Coords =  4.72514582450443E+00  1.04001951801188E+00  1.51432522185583E+00
DistFromNuc =  1.9974682074E+00
Rho =  7.5145190819E-02
DelSqRho =  1.8301153812E-01
GradDelSqRho =  3.4694469520E-18  1.4007892069E-16 -1.1102230246E-16
HessDelSqRho_EigVals = -1.6900671533E+00  3.0666695179E-02  5.8145871961E-01
HessDelSqRho_EigVec1 =  3.9304448162E-01  3.3292156219E-01  8.5713433539E-01
HessDelSqRho_EigVec2 =  6.5380662314E-01  5.5427087541E-01 -5.1509290057E-01
HessDelSqRho_EigVec3 = -6.4657013155E-01  7.6285452748E-01  1.8678655550E-04
</CP of DelSqRho>
<Path of -GradDelSqRho>
Starting CP# =      3
Ending CP# =      0
Number of Points =     29
  3.8527890379E+00  2.0305912354E+00 -5.7550104838E-01  4.1908103964E-01 -9.9162487249E-01
  3.8621652980E+00  2.0500608434E+00 -5.8807165347E-01  4.0869278260E-01 -1.0017818198E+00
  3.8715412907E+00  2.0695288337E+00 -6.0064496296E-01  3.9932749552E-01 -1.0321930215E+00
  3.8809168244E+00  2.0889951956E+00 -6.1322113577E-01  3.9095728710E-01 -1.0828788946E+00
  3.8902916059E+00  2.1084599924E+00 -6.2580029138E-01  3.8354940189E-01 -1.1539808535E+00
  3.8996653064E+00  2.1279233447E+00 -6.3838248736E-01  3.7706633451E-01 -1.2456722231E+00
  3.9090376324E+00  2.1473854099E+00 -6.5096769792E-01  3.7146586284E-01 -1.3579782642E+00
  3.9184084037E+00  2.1668463590E+00 -6.6355579158E-01  3.6670112428E-01 -1.4904739081E+00
  3.9277776399E+00  2.1863063523E+00 -6.7614650532E-01  3.6272095174E-01 -1.6418342153E+00
  3.9371456631E+00  2.2057655117E+00 -6.8873941041E-01  3.5947080877E-01 -1.8092510734E+00
  3.9465132296E+00  2.2252238898E+00 -7.0133386218E-01  3.5689480114E-01 -1.9878256441E+00
  3.9558817110E+00  2.2446814329E+00 -7.1392892372E-01  3.5493934555E-01 -2.1702194241E+00
  3.9652533196E+00  2.2641379336E+00 -7.2652326888E-01  3.5355904481E-01 -2.3470862077E+00
  3.9746311542E+00  2.2835930024E+00 -7.3911519133E-01  3.5272500413E-01 -2.5090348309E+00
  3.9840177286E+00  2.3030462405E+00 -7.5170342950E-01  3.5243506374E-01 -2.6509205028E+00
  3.9934077984E+00  2.3224982694E+00 -7.6429092950E-01  3.5272413943E-01 -2.7789008985E+00
  4.0027783712E+00  2.3419523993E+00 -7.7688970180E-01  3.5367120063E-01 -2.9197431792E+00
  4.0121083950E+00  2.3614120253E+00 -7.8951005939E-01  3.5539779020E-01 -3.1303751397E+00
  4.0214038217E+00  2.3808766534E+00 -8.0214822450E-01  3.5805213080E-01 -3.5040217860E+00
  4.0306791244E+00  2.4003443308E+00 -8.1479647641E-01  3.6177389944E-01 -4.1681131212E+00
  4.0399435839E+00  2.4198137341E+00 -8.2745001819E-01  3.6663822430E-01 -5.2691467873E+00
  4.0492018994E+00  2.4392841723E+00 -8.4010646433E-01  3.7258353475E-01 -6.9413323425E+00
  4.0584564173E+00  2.4587552929E+00 -8.5276463785E-01  3.7933608728E-01 -9.2596847092E+00
  4.0677083517E+00  2.4782269122E+00 -8.6542393287E-01  3.8635249330E-01 -1.2184967759E+01
  4.0769583463E+00  2.4976989352E+00 -8.7808402449E-01  3.9280710865E-01 -1.5517225126E+01
  4.0862067261E+00  2.5171713221E+00 -8.9074473629E-01  3.9764896340E-01 -1.8882859692E+01
  4.0954535908E+00  2.5366440821E+00 -9.0340598067E-01  3.9973858899E-01 -2.1779300436E+01
  4.1046987516E+00  2.5561173125E+00 -9.1606774588E-01  3.9804855584E-01 -2.3683595301E+01
  4.1120923460E+00  2.5716967336E+00 -9.2619772103E-01  3.9349031536E-01 -2.4218250427E+01
</Path of -GradDelSqRho>
<Path of -GradDelSqRho>
Starting CP# =      3
Ending CP# =     21
Number of Points =     17
  3.8527890379E+00  2.0305912354E+00 -5.7550104838E-01  4.1908103964E-01 -9.9162487249E-01
  3.8434125490E+00  2.0111201587E+00 -5.6293288916E-01  4.3051503837E-01 -1.0018457420E+00
  3.8340356424E+00  1.9916477543E+00 -5.5036709874E-01  4.4301201774E-01 -1.0326846387E+00
  3.8246578615E+00  1.9721743289E+00 -5.3780354317E-01  4.5658312910E-01 -1.0844295942E+00
  3.8152784165E+00  1.9527003114E+00 -5.2524214784E-01  4.7123278102E-01 -1.1573109800E+00
  3.8058961164E+00  1.9332262692E+00 -5.1268292315E-01  4.8695794895E-01 -1.2513628087E+00
  3.7965092824E+00  1.9137529335E+00 -5.0012599119E-01  5.0374753661E-01 -1.3662546857E+00
  3.7871156243E+00  1.8942812408E+00 -4.8757161491E-01  5.2158189714E-01 -1.5010998408E+00
  3.7777120545E+00  1.8748124020E+00 -4.7502023334E-01  5.4043264108E-01 -1.6542467584E+00
  3.7682943923E+00  1.8553480185E+00 -4.6247250913E-01  5.6026287431E-01 -1.8230639553E+00
  3.7588568691E+00  1.8358902820E+00 -4.4992939963E-01  5.8102802067E-01 -2.0037286776E+00
  3.7493912513E+00  1.8164423396E+00 -4.3739227444E-01  6.0267738904E-01 -2.1910295458E+00
  3.7398851499E+00  1.7970090086E+00 -4.2486313049E-01  6.2515664030E-01 -2.3781883554E+00
  3.7303183799E+00  1.7775983481E+00 -4.1234503848E-01  6.4841128305E-01 -2.5566934236E+00
  3.7206537343E+00  1.7582257341E+00 -3.9984324357E-01  6.7239121067E-01 -2.7161091432E+00
  3.7108067007E+00  1.7389276645E+00 -3.8736871828E-01  6.9705556372E-01 -2.8437734902E+00
  3.6860533228E+00  1.7113628823E+00 -3.6458177899E-01  7.4006615875E-01 -2.9429009336E+00
</Path of -GradDelSqRho>
<Path of -GradDelSqRho>
Starting CP# =      4
Ending CP# =      0
Number of Points =     29
  4.3027576580E+00  6.7253610799E-01  5.7628355678E-01  4.1907702030E-01 -9.9158344795E-01
  4.3218986146E+00  6.6253434599E-01  5.8887675088E-01  4.0868893161E-01 -1.0017399828E+00
  4.3410383845E+00  6.5253372465E-01  6.0147265423E-01  3.9932380125E-01 -1.0321499370E+00
  4.3601768075E+00  6.4253413619E-01  6.1407142377E-01  3.9095373847E-01 -1.0828337274E+00
  4.3793136866E+00  6.3253535261E-01  6.2667317691E-01  3.8354598874E-01 -1.1539327995E+00
  4.3984488306E+00  6.2253707904E-01  6.3927796927E-01  3.7706304795E-01 -1.2456205617E+00
  4.4175820986E+00  6.1253901276E-01  6.5188577344E-01  3.7146269550E-01 -1.3579224429E+00
  4.4367134487E+00  6.0254090795E-01  6.6449645698E-01  3.6669807053E-01 -1.4904136721E+00
  4.4558429929E+00  5.9254264784E-01  6.7710975691E-01  3.6271800767E-01 -1.6417697878E+00
  4.4749710622E+00  5.8254432802E-01  6.8972524602E-01  3.5946797189E-01 -1.8091833707E+00
  4.4940982944E+00  5.7254636039E-01  7.0234228334E-01  3.5689206954E-01 -1.9877564626E+00
  4.5132257561E+00  5.6254961199E-01  7.1495993876E-01  3.5493671631E-01 -2.1701514631E+00
  4.5323550957E+00  5.5255557773E-01  7.2757689738E-01  3.5355651161E-01 -2.3470227009E+00
  4.5514885622E+00  5.4256643169E-01  7.4019146896E-01  3.5272255393E-01 -2.5089785001E+00
  4.5706279306E+00  5.3258400506E-01  7.5280240570E-01  3.5243267302E-01 -2.6508715827E+00
  4.5897693737E+00  5.2260465427E-01  7.6541262826E-01  3.5272177083E-01 -2.7788542041E+00
  4.6088964564E+00  5.1261191837E-01  7.7803403095E-01  3.5366880157E-01 -2.9196846183E+00
  4.6279943436E+00  5.0259042140E-01  7.9067681998E-01  3.5539529531E-01 -3.1302786513E+00
  4.6470675061E+00  4.9254412658E-01  8.0333724484E-01  3.5804947035E-01 -3.5038482198E+00
  4.6661263710E+00  4.8248329357E-01  8.1600765462E-01  3.6177101505E-01 -4.1678128194E+00
  4.6851775826E+00  4.7241455980E-01  8.2868329782E-01  3.6663509168E-01 -5.2686673826E+00
  4.7042244924E+00  4.6234130328E-01  8.4136181227E-01  3.7258019058E-01 -6.9406323982E+00
  4.7232687693E+00  4.5226521664E-01  8.5404203282E-01  3.7933265427E-01 -9.2587520607E+00
  4.7423112760E+00  4.4218717691E-01  8.6672335976E-01  3.8634919493E-01 -1.2183838579E+01
  4.7613524713E+00  4.3210764702E-01  8.7940547152E-01  3.9280426394E-01 -1.5515996338E+01
  4.7803925916E+00  4.2202685432E-01  8.9208819349E-01  3.9764695474E-01 -1.8881685453E+01
  4.7994317226E+00  4.1194485158E-01  9.0477143888E-01  3.9973780298E-01 -2.1778366171E+01
  4.8184697708E+00  4.0186144797E-01  9.1745519589E-01  3.9804930778E-01 -2.3683071774E+01
  4.8336986743E+00  3.9379252577E-01  9.2760275668E-01  3.9349243049E-01 -2.4218135448E+01
</Path of -GradDelSqRho>
<Path of -GradDelSqRho>
Starting CP# =      4
Ending CP# =     20
Number of Points =     17
  4.3027576580E+00  6.7253610799E-01  5.7628355678E-01  4.1907702030E-01 -9.9158344795E-01
  4.2836156348E+00  6.8253891602E-01  5.6369281496E-01  4.3051083875E-01 -1.0018039137E+00
  4.2644724781E+00  6.9254254619E-01  5.5110444999E-01  4.4300762601E-01 -1.0326416211E+00
  4.2453280054E+00  7.0254648172E-01  5.3851832907E-01  4.5657853376E-01 -1.0843846402E+00
  4.2261818404E+00  7.1254990845E-01  5.2593437831E-01  4.7122797121E-01 -1.1572633868E+00
  4.2070333679E+00  7.2255166159E-01  5.1335260844E-01  4.8695291468E-01 -1.2513119219E+00
  4.1878816795E+00  7.3255015347E-01  5.0077314152E-01  5.0374226902E-01 -1.3661999040E+00
  4.1687254994E+00  7.4254326676E-01  4.8819624020E-01  5.2157638872E-01 -1.5010406192E+00
  4.1495630767E+00  7.5252818817E-01  4.7562234310E-01  5.4042688587E-01 -1.6541826120E+00
  4.1303920172E+00  7.6250113911E-01  4.6305211245E-01  5.6025686811E-01 -1.8229944614E+00
  4.1112090067E+00  7.7245692043E-01  4.5048650565E-01  5.8102176121E-01 -2.0036534772E+00
  4.0920093255E+00  7.8238809725E-01  4.3792689340E-01  6.0267087622E-01 -2.1909483423E+00
  4.0727859205E+00  7.9228341823E-01  4.2537527628E-01  6.2514987642E-01 -2.3781009105E+00
  4.0535274260E+00  8.0212438619E-01  4.1283473427E-01  6.4840427331E-01 -2.5565995476E+00
  4.0342132008E+00  8.1187649325E-01  4.0031053612E-01  6.7238396422E-01 -2.7160086776E+00
  4.0147972972E+00  8.2146010855E-01  3.8781372185E-01  6.9704809792E-01 -2.8436662707E+00
  3.9785006453E+00  8.2878610460E-01  3.6501515808E-01  7.4005545028E-01 -2.9427785071E+00
</Path of -GradDelSqRho>
<Path of -GradDelSqRho>
Starting CP# =      5
Ending CP# =     18
Number of Points =     33
  3.4401349921E+00  1.2474783562E+00  1.2461033500E-01  2.2564448740E+01  1.2316009197E+03
  3.4420534545E+00  1.2641231241E+00  1.4316487522E-01  1.5650561982E+01  1.1496405389E+03
  3.4439443859E+00  1.2807641576E+00  1.6172559651E-01  1.0963746913E+01  9.7983404071E+02
  3.4458285318E+00  1.2974042819E+00  1.8028782288E-01  7.7963127784E+00  7.7169921628E+02
  3.4476966549E+00  1.3140422334E+00  1.9885361505E-01  5.6638470483E+00  5.7100533801E+02
  3.4495328161E+00  1.3306758172E+00  2.1742650539E-01  4.2290706950E+00  4.0666940279E+02
  3.4513196747E+00  1.3473026098E+00  2.3601027793E-01  3.2611154754E+00  2.8390695966E+02
  3.4530398131E+00  1.3639201162E+00  2.5460864090E-01  2.6049535247E+00  1.9559986510E+02
  3.4546770416E+00  1.3805259331E+00  2.7322491333E-01  2.1571312240E+00  1.3256119730E+02
  3.4562155316E+00  1.3971176137E+00  2.9186219222E-01  1.8482816751E+00  8.7596873796E+01
  3.4576358087E+00  1.4136920594E+00  3.1052416040E-01  1.6315864714E+00  5.5807638989E+01
  3.4589089565E+00  1.4302445709E+00  3.2921616458E-01  1.4754326990E+00  3.3801474063E+01
  3.4599896455E+00  1.4467675566E+00  3.4794631899E-01  1.3586558522E+00  1.9030654824E+01
  3.4608061771E+00  1.4632484357E+00  3.6672676935E-01  1.2673104799E+00  9.4748846852E+00
  3.4612431210E+00  1.4796655286E+00  3.8557536765E-01  1.1923926506E+00  3.5374467337E+00
  3.4611070292E+00  1.4959788475E+00  4.0451772331E-01  1.1282241342E+00  6.6543603146E-03
  3.4600497615E+00  1.5121060930E+00  4.2358789098E-01  1.0713492074E+00 -1.9885159842E+00
  3.4573633050E+00  1.5278444675E+00  4.4281422929E-01  1.0199074632E+00 -3.0411104749E+00
  3.4512797412E+00  1.5425097171E+00  4.6206288421E-01  9.7389664790E-01 -3.5379119791E+00
  3.4368501207E+00  1.5526451904E+00  4.7918439427E-01  9.4030601462E-01 -3.7383873261E+00
  3.4135142709E+00  1.5520106849E+00  4.8720890756E-01  9.3392195758E-01 -3.8461336295E+00
  3.3893101507E+00  1.5464482661E+00  4.8993636110E-01  9.3915095838E-01 -3.9421797838E+00
  3.3652821836E+00  1.5396892045E+00  4.9130498456E-01  9.4566142018E-01 -4.0320358864E+00
  3.3414055500E+00  1.5323162228E+00  4.9200443653E-01  9.5174728444E-01 -4.1152977897E+00
  3.3176908330E+00  1.5244076893E+00  4.9212645678E-01  9.5715818938E-01 -4.1914565150E+00
  3.2941608710E+00  1.5159761762E+00  4.9168134019E-01  9.6184606315E-01 -4.2600673065E+00
  3.2708403444E+00  1.5070275673E+00  4.9067004760E-01  9.6579133364E-01 -4.3207637689E+00
  3.2477541509E+00  1.4975679055E+00  4.8909230384E-01  9.6898312983E-01 -4.3732640693E+00
  3.2249271422E+00  1.4876043688E+00  4.8694710638E-01  9.7141751881E-01 -4.4173749085E+00
  3.2023839216E+00  1.4771459243E+00  4.8423236533E-01  9.7309729350E-01 -4.4529936167E+00
  3.1801484885E+00  1.4662043494E+00  4.8094412490E-01  9.7403179220E-01 -4.4801084042E+00
  3.1582435335E+00  1.4547961501E+00  4.7707496716E-01  9.7423665634E-01 -4.4987968333E+00
  3.1195730953E+00  1.4331082744E+00  4.6855174204E-01  9.7283085926E-01 -4.5117766040E+00
</Path of -GradDelSqRho>
<Path of -GradDelSqRho>
Starting CP# =      5
Ending CP# =      1
Number of Points =      7
  3.4401349921E+00  1.2474783562E+00  1.2461033500E-01  2.2564448740E+01  1.2316009197E+03
  3.4381551416E+00  1.2308253029E+00  1.0606968781E-01  3.2797868809E+01  9.7965457353E+02
  3.4361232110E+00  1.2141652902E+00  8.7540923044E-02  4.8049311440E+01 -8.0149878295E+02
  3.4340683273E+00  1.1975022337E+00  6.9017424844E-02  7.0707068685E+01 -6.4017307171E+03
  3.4319967398E+00  1.1808369712E+00  5.0497773530E-02  1.0434189936E+02 -2.0678560538E+04
  3.4298974729E+00  1.1641680655E+00  3.1984518041E-02  1.5480605850E+02 -7.5467911423E+04
  3.4262101926E+00  1.1352367032E+00 -1.3122124735E-04  2.9729421820E+02 -3.3293593466E+06
</Path of -GradDelSqRho>
<Path of -GradDelSqRho>
Starting CP# =      6
Ending CP# =      1
Number of Points =      7
  3.5046133461E+00  1.0536278667E+00 -1.2480975053E-01  2.2564933927E+01  1.2316521268E+03
  3.4930497500E+00  1.0657876566E+00 -1.0627809263E-01  3.2798659958E+01  9.7967149966E+02
  3.4814402293E+00  1.0779218863E+00 -8.7758389938E-02  4.8050601043E+01 -8.0167893420E+02
  3.4698104832E+00  1.0900448326E+00 -6.9243985780E-02  7.0709125890E+01 -6.4023012303E+03
  3.4581660210E+00  1.1021595588E+00 -5.0733452466E-02  1.0434518726E+02 -2.0680687098E+04
  3.4464971827E+00  1.1142606550E+00 -3.2229354258E-02  1.5481117944E+02 -7.5475091241E+04
  3.4262101926E+00  1.1352367032E+00 -1.3122124735E-04  2.9729421820E+02 -3.3293593466E+06
</Path of -GradDelSqRho>
<Path of -GradDelSqRho>
Starting CP# =      6
Ending CP# =     13
Number of Points =     33
  3.5046133461E+00  1.0536278667E+00 -1.2480975053E-01  2.2564933927E+01  1.2316521268E+03
  3.5161227556E+00  1.0414380115E+00 -1.4335538837E-01  1.5650864881E+01  1.1496843682E+03
  3.5276078476E+00  1.0292346847E+00 -1.6190724731E-01  1.0963941833E+01  9.7986955373E+02
  3.5390869528E+00  1.0170280284E+00 -1.8046062102E-01  7.7964457845E+00  7.7172714419E+02
  3.5505519097E+00  1.0048135333E+00 -1.9901758262E-01  5.6639475121E+00  5.7102544825E+02
  3.5619886234E+00  9.9258342805E-01 -2.1758168669E-01  4.2291569043E+00  4.0668241296E+02
  3.5733817383E+00  9.8032928684E-01 -2.3615674131E-01  3.2611981354E+00  2.8391436877E+02
  3.5847157938E+00  9.6804269471E-01 -2.5474647875E-01  2.6050383326E+00  1.9560322393E+02
  3.5959763691E+00  9.5571589742E-01 -2.7335424018E-01  2.1572207112E+00  1.3256175860E+02
  3.6071493059E+00  9.4334139124E-01 -2.9198314400E-01  1.8483764432E+00  8.7595569871E+01
  3.6182171325E+00  9.3091001463E-01 -3.1063689922E-01  1.6316859973E+00  5.5805160812E+01
  3.6291538460E+00  9.1840824296E-01 -3.2932089129E-01  1.4755358653E+00  3.3798338284E+01
  3.6399185491E+00  9.0581505471E-01 -3.4804329498E-01  1.3587613012E+00  1.9027240422E+01
  3.6504462075E+00  8.9309765831E-01 -3.6681635123E-01  1.2674168520E+00  9.4714542882E+00
  3.6606312596E+00  8.8020440179E-01 -3.8565806402E-01  1.1924987459E+00  3.5341659938E+00
  3.6702945876E+00  8.6705164740E-01 -4.0459429391E-01  1.1283290401E+00  3.6132066108E-03
  3.6791075947E+00  8.5349714930E-01 -4.2365953499E-01  1.0714524760E+00 -1.9912824068E+00
  3.6863805962E+00  8.3928000183E-01 -4.4288297747E-01  1.0200096491E+00 -3.0436053963E+00
  3.6902840445E+00  8.2389144115E-01 -4.6213233973E-01  9.7400217041E-01 -3.5401735226E+00
  3.6847735177E+00  8.0714676300E-01 -4.7925804036E-01  9.4043990401E-01 -3.7405333849E+00
  3.6656841245E+00  7.9371594061E-01 -4.8729656331E-01  9.3408944486E-01 -3.8483192787E+00
  3.6429569187E+00  7.8371023786E-01 -4.9005007400E-01  9.3932778591E-01 -3.9444198160E+00
  3.6196550975E+00  7.7476735103E-01 -4.9144695981E-01  9.4584263812E-01 -4.0343205079E+00
  3.5961070075E+00  7.6640666183E-01 -4.9217502212E-01  9.5193167419E-01 -4.1176159539E+00
  3.5723679951E+00  7.5857185623E-01 -4.9232571724E-01  9.5734501954E-01 -4.1937966638E+00
  3.5484638897E+00  7.5126651798E-01 -4.9190926614E-01  9.6203465108E-01 -4.2624175359E+00
  3.5244179978E+00  7.4450067042E-01 -4.9092658074E-01  9.6598099496E-01 -4.3231119837E+00
  3.5002538957E+00  7.3828433505E-01 -4.8937733850E-01  9.6917317812E-01 -4.3755981422E+00
  3.4759958011E+00  7.3262659241E-01 -4.8726048772E-01  9.7160727079E-01 -4.4196828401E+00
  3.4516688022E+00  7.2753493471E-01 -4.8457388545E-01  9.7328607465E-01 -4.4552636939E+00
  3.4272991843E+00  7.2301422948E-01 -4.8131351455E-01  9.7421894225E-01 -4.4823293537E+00
  3.4029150124E+00  7.1906474576E-01 -4.7747187560E-01  9.7442153470E-01 -4.5009579675E+00
  3.3591955234E+00  7.1336020320E-01 -4.6905206163E-01  9.7302463910E-01 -4.5138054398E+00
</Path of -GradDelSqRho>
<Path of -GradDelSqRho>
Starting CP# =     14
Ending CP# =     20
Number of Points =     17
  3.9231404462E+00  6.4857006696E-01  1.8624363858E-03  7.7655330544E-01 -2.5753548589E+00
  3.9316743670E+00  6.5422585512E-01  2.2180431123E-02  7.7228717242E-01 -2.5784214716E+00
  3.9404112696E+00  6.6103638538E-01  4.4590533248E-02  7.6800199629E-01 -2.5884830661E+00
  3.9484652263E+00  6.6846444665E-01  6.7060215678E-02  7.6412080553E-01 -2.6048582171E+00
  3.9558221816E+00  6.7650297033E-01  8.9558781745E-02  7.6062250351E-01 -2.6267193471E+00
  3.9624669414E+00  6.8514476124E-01  1.1205530543E-01  7.5748340055E-01 -2.6531375227E+00
  3.9683827743E+00  6.9438256380E-01  1.3451841508E-01  7.5467808571E-01 -2.6830996904E+00
  3.9735509702E+00  7.0420905472E-01  1.5691602869E-01  7.5218039949E-01 -2.7155287641E+00
