 AIMInt (Version 19.02.13, Professional)
 Portions Copyright (c) 1997-2019 by Todd A. Keith
 AIMInt is a component of the AIMAll package ( http://aim.tkgristmill.com )

 TP:  64-bit Linux

 Licensed To:  Research Group of Fernando Cortes Guzman, UNAM, fercor@unam.mx

 AIMInt is a heavily modified and extended version of the PROAIMV program
 developed by members of R.F.W. Bader's research group

 Much of the Quantum Theory of Atoms in Molecules (QTAIM) is described in the book:
   "Atoms in Molecules - A Quantum Theory"
   R.F.W. Bader, Oxford University Press, Oxford, 1990

 For additional references see:  http://aim.tkgristmill.com/references.html

 Current Directory:  /home/scratch/M_H2O_4_cuadrado_plano/Opt

 Inp File:  Zn2_cuadrado_plano_cc-pvtz-def2-tzv_1_atomicfiles/o6.inp
 Wfx File:  Zn2_cuadrado_plano_cc-pvtz-def2-tzv_1.wfx
 Out File:  Zn2_cuadrado_plano_cc-pvtz-def2-tzv_1_atomicfiles/o6.int

 Wfx Title:   Zn2_cuadrado_plano_cc-pvtz-def2-tzv_1                                         
 Job Title:   Zn2_cuadrado_plano_cc-pvtz-def2-tzv_1                                         
 
<Atom>
O6      
</Atom>
<Nuclei of Molecule>
    13
Zn1       30.0           1.0985088659E-05   2.7289269856E-05   1.1026632974E-04
O2         8.0          -3.4261669838E+00  -1.1353022225E+00  -1.3124067005E-04
H3         1.0          -4.8402386387E+00  -3.9126257796E-01   9.3357703697E-01
O4         8.0           3.4262098645E+00   1.1352365941E+00  -1.3122177278E-04
H5         1.0           4.1154443026E+00   2.5787984191E+00  -9.3082597205E-01
O6         8.0           1.1352802485E+00  -3.4262035309E+00  -2.7049458878E-04
H7         1.0           3.8995502140E-01  -4.8405587394E+00   9.3200091089E-01
O8         8.0          -1.1352585491E+00   3.4261732607E+00  -2.7049458878E-04
H9         1.0          -3.9113983236E-01   4.8403278121E+00   9.3339426266E-01
H10        1.0          -2.5780730200E+00   4.1152224887E+00  -9.3211160943E-01
H11        1.0           4.8406324556E+00   3.9009988105E-01   9.3224306040E-01
H12        1.0           2.5783078535E+00  -4.1156202128E+00  -9.3182663873E-01
H13        1.0          -4.1157343349E+00  -2.5770585599E+00  -9.3333142765E-01
</Nuclei of Molecule>
<Total Number of CPs of DelSqRho>
    33
</Total Number of CPs of DelSqRho>
<Number of (3,+3) CPs of DelSqRho>
     5
</Number of (3,+3) CPs of DelSqRho>
<Number of (3,+1) CPs of DelSqRho>
    14
</Number of (3,+1) CPs of DelSqRho>
<Number of (3,-1) CPs of DelSqRho>
     9
</Number of (3,-1) CPs of DelSqRho>
<Number of (3,-3) CPs of DelSqRho>
     5
</Number of (3,-3) CPs of DelSqRho>
<Number of Degenerate CPs of DelSqRho>
     0
</Number of Degenerate CPs of DelSqRho>
<CP of DelSqRho>
CP# = 1       
Type = (3,+3)
Coords =  1.13528035749318E+00 -3.42620385907440E+00 -2.70494324290473E-04
DistFromNuc =  3.4579458823E-07
Rho =  2.9729417090E+02
DelSqRho = -3.3293586867E+06
GradDelSqRho =  1.7765964913E-06 -1.9538429115E-05  3.1286617741E-09
HessDelSqRho_EigVals =  1.3240126620E+11  1.3240128542E+11  1.3240129340E+11
HessDelSqRho_EigVec1 =  6.0162880810E-01  1.9959333521E-01  7.7343731343E-01
HessDelSqRho_EigVec2 = -3.1460754164E-01  9.4922180745E-01 -2.3451947798E-04
HessDelSqRho_EigVec3 =  7.3421037313E-01  2.4318811812E-01 -6.3387275316E-01
</CP of DelSqRho>
<CP of DelSqRho>
CP# = 2       
Type = (3,-1)
Coords =  6.36529900167678E-01 -1.92113237940192E+00 -1.12481944305679E-04
DistFromNuc =  1.5855570334E+00
Rho =  1.2047197006E-01
DelSqRho =  3.3278157864E-01
GradDelSqRho =  6.2450045135E-17 -1.4571677198E-16 -2.7755575616E-17
HessDelSqRho_EigVals = -4.4964983971E-01 -3.9314368620E-01  4.1946323088E+00
HessDelSqRho_EigVec1 =  5.3300844441E-01  1.7650468412E-01  8.2749507230E-01
HessDelSqRho_EigVec2 =  7.8548641779E-01  2.6030595996E-01 -5.6147296878E-01
HessDelSqRho_EigVec3 = -3.1450450816E-01  9.4925597375E-01  1.0324273731E-04
</CP of DelSqRho>
<CP of DelSqRho>
CP# = 3       
Type = (3,+1)
Coords =  6.72464836528314E-01 -4.30272116116556E+00  5.76080733483477E-01
DistFromNuc =  1.1465871096E+00
Rho =  4.1909178171E-01
DelSqRho = -9.9170399492E-01
GradDelSqRho = -5.3078375029E-13 -1.1696199564E-12  1.8993834283E-12
HessDelSqRho_EigVals = -3.2590590695E+01  1.5216294460E+01  1.6243487631E+01
HessDelSqRho_EigVec1 =  4.0020425841E-01  7.6563108052E-01 -5.0363240573E-01
HessDelSqRho_EigVec2 =  5.9547391159E-01  2.0047991692E-01  7.7795798314E-01
HessDelSqRho_EigVec3 =  6.9659699408E-01 -6.1124205636E-01 -3.7568041787E-01
</CP of DelSqRho>
<CP of DelSqRho>
CP# = 4       
Type = (3,+1)
Coords =  1.24756622424839E+00 -3.44018576512763E+00  1.24424212204373E-01
DistFromNuc =  1.6838174817E-01
Rho =  2.2564554631E+01
DelSqRho =  1.2316113724E+03
GradDelSqRho = -2.4357404982E-11  3.2684965845E-12 -1.9326762413E-12
HessDelSqRho_EigVals = -4.1139037207E+05  2.5156422620E+03  3.6459635820E+03
HessDelSqRho_EigVec1 =  6.6620831130E-01 -7.8196869416E-02  7.4165472800E-01
HessDelSqRho_EigVec2 = -1.3216155805E-01  9.6636741811E-01  2.2060674467E-01
HessDelSqRho_EigVec3 =  7.3396172143E-01  2.4498829122E-01 -6.3346738562E-01
</CP of DelSqRho>
<CP of DelSqRho>
CP# = 5       
Type = (3,+1)
Coords =  1.05360207608802E+00 -3.50455542064070E+00 -1.24936640831804E-01
DistFromNuc =  1.6838049323E-01
Rho =  2.2564829290E+01
DelSqRho =  1.2316397475E+03
GradDelSqRho = -2.4897417461E-11 -1.4665602066E-11 -3.1320723792E-11
HessDelSqRho_EigVals = -4.1141925821E+05  2.5144388073E+03  3.6449581666E+03
HessDelSqRho_EigVec1 =  4.8745658287E-01  4.6105691426E-01  7.4149349399E-01
HessDelSqRho_EigVec2 = -4.7105390724E-01  8.5389892846E-01 -2.2127999559E-01
HessDelSqRho_EigVec3 =  7.3518317193E-01  2.4141901703E-01 -6.3342131471E-01
</CP of DelSqRho>
<CP of DelSqRho>
CP# = 6       
Type = (3,-3)
Coords =  1.16670685640063E+00 -3.27494077072107E+00 -6.36899297508177E-02
DistFromNuc =  1.6700323066E-01
Rho =  2.2707547374E+01
DelSqRho =  1.2973907936E+03
GradDelSqRho = -1.3983481040E-11 -3.1405988921E-11  2.1543655748E-11
HessDelSqRho_EigVals = -4.5049724933E+05 -3.8608732648E+03 -4.4371967468E+02
HessDelSqRho_EigVec1 =  1.8573195141E-01  9.0691661843E-01 -3.7816119505E-01
HessDelSqRho_EigVec2 =  6.0132563050E-01  1.9946712523E-01  7.7370559780E-01
HessDelSqRho_EigVec3 =  7.7711719086E-01 -3.7109986954E-01 -5.0830478897E-01
</CP of DelSqRho>
<CP of DelSqRho>
CP# = 7       
Type = (3,-1)
Coords =  1.18837105506774E+00 -3.58650308634490E+00 -2.59665601339984E-04
DistFromNuc =  1.6886261082E-01
Rho =  2.2318644374E+01
DelSqRho =  1.2512383835E+03
GradDelSqRho = -7.7307049651E-12  5.2295945352E-12 -1.2789769244E-13
HessDelSqRho_EigVals = -4.0535526211E+05 -1.9317230427E+03  1.5876984145E+03
HessDelSqRho_EigVec1 = -3.1439895809E-01  9.4929094143E-01 -6.0638113040E-05
HessDelSqRho_EigVec2 = -6.0207089154E-01 -1.9945133138E-01 -7.7312987781E-01
HessDelSqRho_EigVec3 =  7.3393728390E-01  2.4303471961E-01 -6.3424773422E-01
</CP of DelSqRho>
<CP of DelSqRho>
CP# = 8       
Type = (3,-3)
Coords =  1.01967331139517E+00 -3.32367206297834E+00  6.30733336138099E-02
DistFromNuc =  1.6700331254E-01
Rho =  2.2707501294E+01
DelSqRho =  1.2973948910E+03
GradDelSqRho = -2.7625901566E-11  1.5717205315E-11  1.0345502233E-11
HessDelSqRho_EigVals = -4.5049608398E+05 -3.8612637038E+03 -4.4464374455E+02
HessDelSqRho_EigVec1 =  6.9098193352E-01 -6.1634765993E-01 -3.7770296483E-01
HessDelSqRho_EigVec2 =  6.0112633691E-01  1.9973105053E-01  7.7379237172E-01
HessDelSqRho_EigVec3 = -4.0148610763E-01 -7.6172374884E-01  5.0851335856E-01
</CP of DelSqRho>
<CP of DelSqRho>
CP# = 9       
Type = (3,-1)
Coords =  1.55157121720577E+00 -3.02089257812101E+00 -4.20950939245722E-01
DistFromNuc =  7.1731943759E-01
Rho =  6.6621622564E-01
DelSqRho = -9.3770061692E-01
GradDelSqRho =  9.7699626167E-15  1.2434497876E-14 -1.2434497876E-14
HessDelSqRho_EigVals = -1.5570946563E+01 -1.2432710439E+01  1.4181482910E+02
HessDelSqRho_EigVec1 =  6.0383986393E-01 -7.7278163529E-01 -1.9541228948E-01
HessDelSqRho_EigVec2 =  5.6201070457E-01  2.3890594378E-01  7.9187620117E-01
HessDelSqRho_EigVec3 = -5.6526222824E-01 -5.8799021606E-01  5.7857248392E-01
</CP of DelSqRho>
<CP of DelSqRho>
CP# = 10      
Type = (3,-1)
Coords =  5.59268509355469E-01 -3.34963184801815E+00  4.20327808640803E-01
DistFromNuc =  7.1732536480E-01
Rho =  6.6620358349E-01
DelSqRho = -9.3754783212E-01
GradDelSqRho = -8.7041485131E-14  9.5923269328E-14  3.1086244690E-13
HessDelSqRho_EigVals = -1.5572857050E+01 -1.2432721455E+01  1.4180844414E+02
HessDelSqRho_EigVec1 =  2.2543437707E-02  9.8034441282E-01 -1.9600159609E-01
HessDelSqRho_EigVec2 =  5.9334778829E-01  1.4466919467E-01  7.9183914164E-01
HessDelSqRho_EigVec3 =  8.0463047142E-01 -1.3414788990E-01 -5.7842384813E-01
</CP of DelSqRho>
<CP of DelSqRho>
CP# = 11      
Type = (3,-1)
Coords =  1.36450284375027E+00 -4.11760748292345E+00 -1.22787710079432E-04
DistFromNuc =  7.2841090386E-01
Rho =  6.5858362988E-01
DelSqRho = -9.1585499419E-01
GradDelSqRho = -4.0190073491E-14 -1.3944401189E-13 -1.0624834346E-13
HessDelSqRho_EigVals = -1.9149300210E+01 -6.8270861726E+00  1.2996747918E+02
HessDelSqRho_EigVec1 =  7.4696287977E-01  2.4749766443E-01 -6.1708294608E-01
HessDelSqRho_EigVec2 =  5.8568552520E-01  1.9432927804E-01  7.8689808570E-01
HessDelSqRho_EigVec3 = -3.1467272175E-01  9.4920020954E-01 -2.0095756786E-04
</CP of DelSqRho>
<CP of DelSqRho>
CP# = 12      
Type = (3,+3)
Coords =  7.13240920100244E-01 -3.35892759624367E+00 -4.69020801771764E-01
DistFromNuc =  6.3432649055E-01
Rho =  9.7298399487E-01
DelSqRho = -4.5133694760E+00
GradDelSqRho = -1.0658141036E-14  2.1316282073E-14 -7.1054273576E-15
HessDelSqRho_EigVals =  1.2446204005E+01  2.4260348519E+01  3.5052805802E+02
HessDelSqRho_EigVec1 = -1.0882873941E-01  9.7129953416E-01  2.1150300334E-01
HessDelSqRho_EigVec2 =  7.3988710054E-01  2.2124079919E-01 -6.3531062263E-01
HessDelSqRho_EigVec3 =  6.6387000530E-01 -8.7348289702E-02  7.4272935336E-01
</CP of DelSqRho>
<CP of DelSqRho>
CP# = 13      
Type = (3,+1)
Coords =  6.48464560160737E-01 -3.92297710151806E+00  1.71252588953218E-03
DistFromNuc =  6.9554110396E-01
Rho =  7.7657633445E-01
DelSqRho = -2.5755063526E+00
GradDelSqRho =  2.1316282073E-14  1.9539925233E-14  5.3290705182E-15
HessDelSqRho_EigVals = -1.2120138271E+01  1.4921332413E+01  1.8030997050E+02
HessDelSqRho_EigVec1 =  2.3727489471E-01 -3.8737911462E-01  8.9086365169E-01
HessDelSqRho_EigVec2 = -6.4053920104E-01  6.2706994769E-01  4.4327509814E-01
HessDelSqRho_EigVec3 =  7.3034933852E-01  6.7581114392E-01  9.9343552766E-02
</CP of DelSqRho>
<CP of DelSqRho>
CP# = 14      
Type = (3,+1)
Coords =  1.35751568595422E+00 -3.68606846932649E+00 -6.06664901296245E-01
DistFromNuc =  6.9615555184E-01
Rho =  7.7319830397E-01
DelSqRho = -2.5212297851E+00
GradDelSqRho = -4.8849813084E-15  3.5527136788E-15  1.7763568394E-15
HessDelSqRho_EigVals = -1.2713667893E+01  1.4272153334E+01  1.7923181173E+02
HessDelSqRho_EigVec1 =  9.4603845280E-01 -1.5483444784E-01  2.8467093209E-01
HessDelSqRho_EigVec2 =  2.4320525460E-01  9.1979011733E-01 -3.0795672456E-01
HessDelSqRho_EigVec3 = -2.1415520062E-01  3.6057236975E-01  9.0781337081E-01
</CP of DelSqRho>
<CP of DelSqRho>
CP# = 15      
Type = (3,+1)
Coords =  1.82246361571700E+00 -3.53372773855742E+00 -2.01835057406659E-03
DistFromNuc =  6.9554690018E-01
Rho =  7.7654760862E-01
DelSqRho = -2.5752901452E+00
GradDelSqRho = -5.3290705182E-15  1.2878587086E-14  4.4408920985E-16
HessDelSqRho_EigVals = -1.2115070510E+01  1.4918093314E+01  1.8029691807E+02
HessDelSqRho_EigVec1 = -4.1394142597E-02  4.5285095861E-01  8.9062479993E-01
HessDelSqRho_EigVec2 =  1.3913209613E-01  8.8531662109E-01 -4.4368540685E-01
HessDelSqRho_EigVec3 =  9.8940830034E-01 -1.0554851828E-01  9.9653025561E-02
</CP of DelSqRho>
<CP of DelSqRho>
CP# = 16      
Type = (3,+1)
Coords =  1.11237868496975E+00 -3.76696117672936E+00  6.06335522344992E-01
DistFromNuc =  6.9614015442E-01
Rho =  7.7324445433E-01
DelSqRho = -2.5214376004E+00
GradDelSqRho =  1.7763568394E-15 -2.2204460493E-14  3.0198066270E-14
HessDelSqRho_EigVals = -1.2714491900E+01  1.4272671239E+01  1.7924841930E+02
HessDelSqRho_EigVec1 =  6.6611309662E-01  6.8958689788E-01  2.8418876260E-01
HessDelSqRho_EigVec2 = -7.4456512545E-01  5.9244057822E-01  3.0763116753E-01
HessDelSqRho_EigVec3 =  4.3773467668E-02 -4.1651419130E-01  9.0807478325E-01
</CP of DelSqRho>
<CP of DelSqRho>
CP# = 17      
Type = (3,+3)
Coords =  1.43344676859909E+00 -3.11980923287544E+00  4.68367795973843E-01
DistFromNuc =  6.3435210012E-01
Rho =  9.7287588614E-01
DelSqRho = -4.5122391502E+00
GradDelSqRho =  2.3092638912E-14  3.0198066270E-14  2.8421709430E-14
HessDelSqRho_EigVals =  1.2436211405E+01  2.4253405537E+01  3.5039156252E+02
HessDelSqRho_EigVec1 = -4.9294460033E-01  8.4380676093E-01 -2.1212206677E-01
HessDelSqRho_EigVec2 =  7.2564211645E-01  2.6420065265E-01 -6.3532789485E-01
HessDelSqRho_EigVec3 =  4.8005118460E-01  4.6710616068E-01  7.4253800901E-01
</CP of DelSqRho>
<CP of DelSqRho>
CP# = 18      
Type = (3,+1)
Coords =  9.24215462625970E-01 -2.78947652280034E+00 -4.18616972225977E-04
DistFromNuc =  6.7079777029E-01
Rho =  8.4183898533E-01
DelSqRho = -3.3156583326E+00
GradDelSqRho = -2.2204460493E-16 -1.3322676296E-14 -4.4408920985E-16
HessDelSqRho_EigVals = -7.0319524457E+00  1.8739616948E+01  2.3465711817E+02
HessDelSqRho_EigVec1 =  5.9027267552E-01  1.9586774086E-01  7.8307981498E-01
HessDelSqRho_EigVec2 =  7.4335123754E-01  2.4625797748E-01 -6.2192117360E-01
HessDelSqRho_EigVec3 = -3.1465394671E-01  9.4920642466E-01 -2.3917233162E-04
</CP of DelSqRho>
<CP of DelSqRho>
CP# = 19      
Type = (3,+3)
Coords =  8.28762379291535E-01 -3.97849056872665E+00  3.64818296978474E-01
DistFromNuc =  7.2956425492E-01
Rho =  7.4007159559E-01
DelSqRho = -2.9429717994E+00
GradDelSqRho = -1.8207657604E-14 -2.1316282073E-14  1.5987211555E-14
HessDelSqRho_EigVals =  1.0154929664E+01  2.2825565006E+01  1.3336616960E+02
HessDelSqRho_EigVec1 =  5.9126123494E-01  1.8267976314E-01  7.8551782679E-01
HessDelSqRho_EigVec2 =  6.8062265965E-01 -6.3551958238E-01 -3.6451015842E-01
HessDelSqRho_EigVec3 =  4.3262333182E-01  7.5016195888E-01 -5.0009407936E-01
</CP of DelSqRho>
<CP of DelSqRho>
CP# = 20      
Type = (3,+3)
Coords =  1.71117204329388E+00 -3.68612573596739E+00 -3.65042729317161E-01
DistFromNuc =  7.2956815664E-01
Rho =  7.4003262167E-01
DelSqRho = -2.9425153253E+00
GradDelSqRho = -1.2434497876E-14 -1.1546319456E-14  1.4210854715E-14
HessDelSqRho_EigVals =  1.0150973150E+01  2.2820124211E+01  1.3336260865E+02
HessDelSqRho_EigVec1 =  5.8299004569E-01  2.0713747179E-01  7.8563138583E-01
HessDelSqRho_EigVec2 =  1.6620854187E-01  9.1610117781E-01 -3.6487443407E-01
HessDelSqRho_EigVec3 =  7.9529700568E-01 -3.4329681007E-01 -4.9964985035E-01
</CP of DelSqRho>
<CP of DelSqRho>
CP# = 21      
Type = (3,-3)
Coords =  2.04132828304554E-01 -3.29829072971139E+00  6.39704175299007E-01
DistFromNuc =  1.1370860922E+00
Rho =  2.4623968317E-01
DelSqRho =  8.5976059674E-01
GradDelSqRho =  3.1838975900E-12 -1.2767009672E-12 -3.2230884628E-12
HessDelSqRho_EigVals = -1.7925445578E+01 -1.9351353007E+00 -5.3627452623E-01
HessDelSqRho_EigVec1 =  8.1690490107E-01 -1.5447880154E-01 -5.5570017319E-01
HessDelSqRho_EigVec2 = -1.4212950848E-02 -9.6856429695E-01  2.4835699043E-01
HessDelSqRho_EigVec3 =  5.7659723780E-01  1.9498590345E-01  7.9342052079E-01
</CP of DelSqRho>
<CP of DelSqRho>
CP# = 22      
Type = (3,+1)
Coords =  2.03028676009560E+00 -3.85289284783038E+00 -5.76161614615194E-01
DistFromNuc =  1.1466259246E+00
Rho =  4.1903448262E-01
DelSqRho = -9.9127890101E-01
GradDelSqRho =  8.6042284408E-16  0.0000000000E+00  4.9960036108E-16
HessDelSqRho_EigVals = -3.2577233900E+01  1.5209849053E+01  1.6236714457E+01
HessDelSqRho_EigVec1 =  7.7849065669E-01 -3.7513215460E-01 -5.0321780974E-01
HessDelSqRho_EigVec2 =  5.9708203832E-01  1.9543816452E-01  7.7800833116E-01
HessDelSqRho_EigVec3 =  1.9350797647E-01  9.0613453220E-01 -3.7613145655E-01
</CP of DelSqRho>
<CP of DelSqRho>
CP# = 23      
Type = (3,-1)
Coords =  1.42707090049700E-01 -3.96551675262388E+00 -3.77639203215422E-01
DistFromNuc =  1.1909942772E+00
Rho =  2.4592174977E-01
DelSqRho =  7.1829749800E-01
GradDelSqRho =  3.4555691641E-15  1.1102230246E-15  6.1062266354E-16
HessDelSqRho_EigVals = -1.7582787127E+01 -1.0740236603E+00  2.9740023928E-01
HessDelSqRho_EigVec1 =  8.3735120675E-01  4.3714683581E-01  3.2824624978E-01
HessDelSqRho_EigVec2 =  6.0213720989E-02 -6.7055267912E-01  7.3941423595E-01
HessDelSqRho_EigVec3 =  5.4333899580E-01 -5.9938447466E-01 -5.8781033265E-01
</CP of DelSqRho>
<CP of DelSqRho>
CP# = 24      
Type = (3,+1)
Coords =  7.45710295874315E-01 -2.24969347910831E+00  3.20286812323177E-05
DistFromNuc =  1.2393307636E+00
Rho =  2.3881423070E-01
DelSqRho =  4.6289660526E-01
GradDelSqRho =  2.0816681712E-15 -2.6367796835E-15 -6.9388939039E-17
HessDelSqRho_EigVals = -1.0314398949E+01  1.8001685428E-01  6.5332337843E-01
HessDelSqRho_EigVec1 = -3.1433728347E-01  9.4931133685E-01  2.4072037134E-04
HessDelSqRho_EigVec2 =  5.3739646865E-01  1.7773441923E-01  8.2438796189E-01
HessDelSqRho_EigVec3 =  7.8255805389E-01  2.5926523474E-01 -5.6602511459E-01
</CP of DelSqRho>
<CP of DelSqRho>
CP# = 25      
Type = (3,-1)
Coords =  1.27478216835116E+00 -3.56174286970092E+00  1.17399297756680E+00
DistFromNuc =  1.1902631642E+00
Rho =  2.4582951738E-01
DelSqRho =  7.1986706213E-01
GradDelSqRho = -4.1577852272E-14 -2.4949486921E-13 -6.3412608498E-12
HessDelSqRho_EigVals = -1.7437396557E+01 -1.1908677107E+00  2.7883730999E-01
HessDelSqRho_EigVec1 =  1.2094631144E-01 -9.2556793802E-02  9.8833457375E-01
HessDelSqRho_EigVec2 =  4.9045789253E-01  8.7119795972E-01  2.1567814653E-02
HessDelSqRho_EigVec3 =  8.6303131195E-01 -4.8212794453E-01 -1.5076338979E-01
</CP of DelSqRho>
<CP of DelSqRho>
CP# = 26      
Type = (3,-1)
Coords =  1.10457708119728E+00 -3.61901976025681E+00 -1.17440797567653E+00
DistFromNuc =  1.1902603107E+00
Rho =  2.4582489043E-01
DelSqRho =  7.1989153589E-01
GradDelSqRho =  4.2538889078E-14  3.8552494530E-14  7.5231487706E-13
HessDelSqRho_EigVals = -1.7438576629E+01 -1.1900080586E+00  2.7869150750E-01
HessDelSqRho_EigVec1 =  4.1514530165E-02  1.4715452045E-01  9.8824191922E-01
HessDelSqRho_EigVec2 =  9.1383862633E-01 -4.0548172525E-01  2.1989441239E-02
HessDelSqRho_EigVec3 =  4.0394988405E-01  9.0218075661E-01 -1.5130886814E-01
</CP of DelSqRho>
<CP of DelSqRho>
CP# = 27      
Type = (3,-3)
Coords =  1.49877168277119E+00 -4.52689650910209E+00 -1.66209537105188E-03
DistFromNuc =  1.1591604684E+00
Rho =  2.5327167538E-01
DelSqRho =  8.6618414221E-01
GradDelSqRho = -3.2594066335E-12  9.1914253986E-12 -2.5511884272E-13
HessDelSqRho_EigVals = -1.6744252503E+01 -4.2790101210E+00 -1.5339702142E-02
HessDelSqRho_EigVec1 = -3.1361183602E-01  9.4955051629E-01  1.1972108879E-03
HessDelSqRho_EigVec2 =  7.4149219094E-01  2.4568279171E-01 -6.2436311280E-01
HessDelSqRho_EigVec3 =  5.9315845023E-01  1.9491993963E-01  7.8113332412E-01
</CP of DelSqRho>
<CP of DelSqRho>
CP# = 28      
Type = (3,-3)
Coords =  1.80561061914686E+00 -2.76767881770634E+00 -6.40559438522973E-01
DistFromNuc =  1.1370873033E+00
Rho =  2.4623787112E-01
DelSqRho =  8.5972968111E-01
GradDelSqRho = -1.1102230246E-16 -1.4432899320E-15  4.4408920985E-16
HessDelSqRho_EigVals = -1.7925448930E+01 -1.9348355518E+00 -5.3615235008E-01
HessDelSqRho_EigVec1 =  5.6285378267E-01  6.1161489016E-01 -5.5598817027E-01
HessDelSqRho_EigVec2 =  5.9012446008E-01 -7.6834069756E-01 -2.4780172334E-01
HessDelSqRho_EigVec3 =  5.7874756238E-01  1.8862608145E-01  7.9339237483E-01
</CP of DelSqRho>
<CP of DelSqRho>
CP# = 29      
Type = (3,-1)
Coords =  2.25335374270683E+00 -3.26536956919732E+00  3.77230633663309E-01
DistFromNuc =  1.1909924447E+00
Rho =  2.4592111679E-01
DelSqRho =  7.1827121830E-01
GradDelSqRho = -1.5543122345E-15 -3.0878077872E-16 -1.3183898417E-15
HessDelSqRho_EigVals = -1.7582248601E+01 -1.0742760880E+00  2.9738773579E-01
HessDelSqRho_EigVec1 =  9.3257517600E-01  1.4997747709E-01  3.2834478444E-01
HessDelSqRho_EigVec2 = -3.5251443734E-01  5.7417121535E-01  7.3895939464E-01
HessDelSqRho_EigVec3 =  7.7698858258E-02  8.0488146446E-01 -5.8832704816E-01
</CP of DelSqRho>
<CP of DelSqRho>
CP# = 30      
Type = (3,+1)
Coords =  1.98834077478192E+00 -4.41219247124009E+00 -1.51362612812144E+00
DistFromNuc =  1.9975314079E+00
Rho =  7.5137200886E-02
DelSqRho =  1.8299906256E-01
GradDelSqRho =  1.2229800506E-16 -7.2858385991E-17 -2.7061686225E-16
HessDelSqRho_EigVals = -1.6902110201E+00  3.0637098681E-02  5.8133520759E-01
HessDelSqRho_EigVec1 =  3.1869646341E-02  5.1501861506E-01  8.5658633645E-01
HessDelSqRho_EigVec2 =  5.3497915155E-02  8.5491415877E-01 -5.1600363778E-01
HessDelSqRho_EigVec3 =  9.9805926613E-01 -6.2270436597E-02  3.0661027972E-04
</CP of DelSqRho>
<CP of DelSqRho>
CP# = 31      
Type = (3,+1)
Coords = -1.91808375624903E-02 -5.05335129623552E+00  1.74793477925184E-01
DistFromNuc =  2.0027575101E+00
Rho =  7.4663149855E-02
DelSqRho =  1.7917710355E-01
GradDelSqRho = -3.1225022568E-16 -7.0776717820E-16 -1.8804402480E-15
HessDelSqRho_EigVals = -1.6195649405E+00  3.7611445586E-02  5.9022897535E-01
HessDelSqRho_EigVec1 = -6.2930383102E-01 -6.9682910394E-01 -3.4410156663E-01
HessDelSqRho_EigVec2 =  7.7647883375E-01 -5.8228778656E-01 -2.4087663724E-01
HessDelSqRho_EigVec3 = -3.2516288296E-02 -4.1877217376E-01  9.0750898479E-01
</CP of DelSqRho>
<CP of DelSqRho>
CP# = 32      
Type = (3,+1)
Coords =  3.03337617350946E+00 -4.04138252965897E+00 -1.74550286694616E-01
DistFromNuc =  2.0028946020E+00
Rho =  7.4651087532E-02
DelSqRho =  1.7912905254E-01
GradDelSqRho =  3.3653635434E-16 -4.1199682554E-17  9.2807705965E-17
HessDelSqRho_EigVals = -1.6191275121E+00  3.7612806823E-02  5.9006261339E-01
HessDelSqRho_EigVec1 =  9.2091099877E-01 -1.8262564844E-01  3.4434111703E-01
HessDelSqRho_EigVec2 =  2.7481726809E-01  9.3070933762E-01 -2.4136196475E-01
HessDelSqRho_EigVec3 = -2.7640260763E-01  3.1690377309E-01  9.0728914746E-01
</CP of DelSqRho>
<CP of DelSqRho>
CP# = 33      
Type = (3,+1)
Coords =  1.04013440539790E+00 -4.72546502192887E+00  1.51386415935524E+00
DistFromNuc =  1.9974325780E+00
Rho =  7.5147641971E-02
DelSqRho =  1.8302414001E-01
GradDelSqRho =  7.3725747729E-17  5.7245874707E-17  4.1633363423E-17
HessDelSqRho_EigVals = -1.6901954639E+00  3.0663746421E-02  5.8150750599E-01
HessDelSqRho_EigVec1 =  3.3310447378E-01 -3.9337086968E-01  8.5691351281E-01
HessDelSqRho_EigVec2 = -5.5383174406E-01  6.5388926432E-01  5.1546021114E-01
HessDelSqRho_EigVec3 =  7.6309357802E-01  6.4628800770E-01  4.7835514700E-05
</CP of DelSqRho>
<Path of -GradDelSqRho>
Starting CP# =      3
Ending CP# =     19
Number of Points =     17
  6.7246483653E-01 -4.3027211612E+00  5.7608073348E-01  4.1909178171E-01 -9.9170399492E-01
  6.8247043565E-01 -4.2835798536E+00  5.6349112144E-01  4.3052594280E-01 -1.0019255895E+00
  6.9247684478E-01 -4.2644374077E+00  5.5090388434E-01  4.4302309982E-01 -1.0327665942E+00
  7.0248354839E-01 -4.2452936421E+00  5.3831888841E-01  4.5659440223E-01 -1.0845149107E+00
  7.1248973404E-01 -4.2261481819E+00  5.2573605875E-01  4.7124425611E-01 -1.1574007376E+00
  7.2249423910E-01 -4.2070004137E+00  5.1315540499E-01  4.8696963392E-01 -1.2514578663E+00
  7.3249547852E-01 -4.1878494309E+00  5.0057704796E-01  5.0375943596E-01 -1.3663556284E+00
  7.4249133815E-01 -4.1686939601E+00  4.8800124885E-01  5.2159401169E-01 -1.5012069227E+00
  7.5247900855E-01 -4.1495322532E+00  4.7542844439E-01  5.4044496792E-01 -1.6543598438E+00
  7.6245471596E-01 -4.1303619193E+00  4.6285929427E-01  5.6027540696E-01 -1.8231824600E+00
  7.7241326741E-01 -4.1111796493E+00  4.5029475214E-01  5.8104074956E-01 -2.0038515145E+00
  7.8234723645E-01 -4.0919807303E+00  4.3773618292E-01  6.0269030240E-01 -2.1911550762E+00
  7.9224538388E-01 -4.0727581199E+00  4.2518557756E-01  6.2516972562E-01 -2.3783143463E+00
  8.0208923166E-01 -4.0535004700E+00  4.1264599875E-01  6.4842452945E-01 -2.5568170016E+00
  8.1184430575E-01 -4.0341871727E+00  4.0012268009E-01  6.7240461341E-01 -2.7162267210E+00
  8.2143104686E-01 -4.0147723556E+00  3.8762657484E-01  6.9706913630E-01 -2.8438805961E+00
  8.2876237929E-01 -3.9784905687E+00  3.6481829698E-01  7.4007159559E-01 -2.9429717994E+00
</Path of -GradDelSqRho>
<Path of -GradDelSqRho>
Starting CP# =      3
Ending CP# =      0
Number of Points =     29
  6.7246483653E-01 -4.3027211612E+00  5.7608073348E-01  4.1909178171E-01 -9.9170399492E-01
  6.6246027096E-01 -4.3218613965E+00  5.8867279684E-01  4.0870337879E-01 -1.0018616912E+00
  6.5245683277E-01 -4.3410004385E+00  6.0126756932E-01  3.9933796286E-01 -1.0322751688E+00
  6.4245441427E-01 -4.3601381266E+00  6.1386520867E-01  3.9096764240E-01 -1.0829648557E+00
  6.3245278793E-01 -4.3792742635E+00  6.2646583303E-01  3.8355966102E-01 -1.1540721239E+00
  6.2245165972E-01 -4.3984086579E+00  6.3906949859E-01  3.7707651174E-01 -1.2457701801E+00
  6.1245072801E-01 -4.4175411692E+00  6.5167617837E-01  3.7147597015E-01 -1.3580840509E+00
  6.0244974829E-01 -4.4366717561E+00  6.6428574005E-01  3.6671117091E-01 -1.4905882632E+00
  5.9244860514E-01 -4.4558005313E+00  6.7689792044E-01  3.6273094395E-01 -1.6419572362E+00
  5.8244739549E-01 -4.4749278271E+00  6.8951229164E-01  3.5948075003E-01 -1.8093819329E+00
  5.7244653248E-01 -4.4940542829E+00  7.0212821136E-01  3.5690469304E-01 -1.9879623338E+00
  5.6244688413E-01 -4.5131809672E+00  7.1474474721E-01  3.5494918962E-01 -2.1703586954E+00
  5.5244994593E-01 -4.5323095314E+00  7.2736058081E-01  3.5356884550E-01 -2.3472239919E+00
  5.4245789167E-01 -4.5514422277E+00  7.3997401729E-01  3.5273477300E-01 -2.5091675078E+00
  5.3247254992E-01 -4.5705808317E+00  7.5258380630E-01  3.5244482438E-01 -2.6510473454E+00
  5.2249026996E-01 -4.5897215035E+00  7.6519288094E-01  3.5273393204E-01 -2.7790277657E+00
  5.1249458981E-01 -4.6088477807E+00  7.7781317282E-01  3.5368108441E-01 -2.9198869878E+00
  5.0247015566E-01 -4.6279448235E+00  7.9045490894E-01  3.5540784094E-01 -3.1305679221E+00
  4.9242094418E-01 -4.6470171204E+00  8.0311432288E-01  3.5806243084E-01 -3.5043124403E+00
  4.8235721007E-01 -4.6660751102E+00  8.1578374509E-01  3.6178451856E-01 -4.1685646070E+00
  4.7228558431E-01 -4.6851254416E+00  8.2845841361E-01  3.6664919152E-01 -5.2698267698E+00
  4.6220944121E-01 -4.7041714682E+00  8.4113596104E-01  3.7259480450E-01 -6.9422963662E+00
  4.5213047156E-01 -4.7232148600E+00  8.5381521954E-01  3.7934750689E-01 -9.2609531883E+00
  4.4204955141E-01 -4.7422564803E+00  8.6649558803E-01  3.8636378270E-01 -1.2186501653E+01
  4.3196714322E-01 -4.7612967882E+00  8.7917674416E-01  3.9281786433E-01 -1.5518909460E+01
  4.2188347409E-01 -4.7803360203E+00  8.9185851290E-01  3.9765869583E-01 -1.8884506537E+01
  4.1179859673E-01 -4.7993742623E+00  9.0454080730E-01  3.9974679408E-01 -2.1780679675E+01
  4.0171232043E-01 -4.8184114207E+00  9.1722361565E-01  3.9805480790E-01 -2.3684490500E+01
  3.9364112140E-01 -4.8336396238E+00  9.2737041685E-01  3.9349480930E-01 -2.4218652669E+01
</Path of -GradDelSqRho>
<Path of -GradDelSqRho>
Starting CP# =      4
Ending CP# =     17
Number of Points =     33
  1.2475662242E+00 -3.4401857651E+00  1.2442421220E-01  2.2564554631E+01  1.2316113724E+03
  1.2642176487E+00 -3.4421127026E+00  1.4297190036E-01  1.5650629251E+01  1.1496493952E+03
  1.2808653467E+00 -3.4440121058E+00  1.6152577891E-01  1.0963791535E+01  9.7984112591E+02
  1.2975121378E+00 -3.4459047225E+00  1.8008116467E-01  7.7963446194E+00  7.7170470182E+02
  1.3141567609E+00 -3.4477813155E+00  1.9864012129E-01  5.6638723707E+00  5.7100916655E+02
  1.3307970262E+00 -3.4496259443E+00  2.1720618637E-01  4.2290933684E+00  4.0667171848E+02
  1.3474305150E+00 -3.4514212671E+00  2.3578314961E-01  3.2611377291E+00  2.8390808014E+02
  1.3640547377E+00 -3.4531498648E+00  2.5437472490E-01  2.6049765026E+00  1.9560012511E+02
  1.3806672956E+00 -3.4547955463E+00  2.7298423652E-01  2.1571553840E+00  1.3256087151E+02
  1.3972657466E+00 -3.4563424813E+00  2.9161478654E-01  1.8483070596E+00  8.7596169594E+01
  1.4138469981E+00 -3.4577711935E+00  3.1027006402E-01  1.6316128855E+00  5.5806711455E+01
  1.4304063589E+00 -3.4590527629E+00  3.2895542485E-01  1.4754598281E+00  3.3800438999E+01
  1.4469362508E+00 -3.4601418545E+00  3.4767899769E-01  1.3586833406E+00  1.9029596071E+01
  1.4634241136E+00 -3.4609667596E+00  3.6645295109E-01  1.2673379830E+00  9.4738588080E+00
  1.4798482995E+00 -3.4614120295E+00  3.8529517403E-01  1.1924198689E+00  3.5364876919E+00
  1.4961688710E+00 -3.4612841780E+00  4.0423133827E-01  1.1282508394E+00  5.7787254087E-03
  1.5123036092E+00 -3.4602349766E+00  4.2329561149E-01  1.0713752779E+00 -1.9893039333E+00
  1.5280498375E+00 -3.4575561666E+00  4.4251657970E-01  1.0199330032E+00 -3.0418147893E+00
  1.5427233542E+00 -3.4514789378E+00  4.6176088807E-01  9.7392267506E-01 -3.5385442285E+00
  1.5528659114E+00 -3.4370515140E+00  4.7887963893E-01  9.4033905855E-01 -3.7389786043E+00
  1.5522369339E+00 -3.4137158317E+00  4.8690591934E-01  9.3396435859E-01 -3.8467267640E+00
  1.5466810263E+00 -3.3895109164E+00  4.8963974952E-01  9.3919579455E-01 -3.9427795822E+00
  1.5399285408E+00 -3.3654815220E+00  4.9101577615E-01  9.4570700071E-01 -4.0326396629E+00
  1.5325619928E+00 -3.3416031281E+00  4.9172288642E-01  9.5179319462E-01 -4.1159025303E+00
  1.5246597081E+00 -3.3178863694E+00  4.9185269376E-01  9.5720422586E-01 -4.1920591484E+00
  1.5162342466E+00 -3.2943540919E+00  4.9141546879E-01  9.6189205422E-01 -4.2606647539E+00
  1.5072914842E+00 -3.2710309778E+00  4.9041216271E-01  9.6583711386E-01 -4.3213529859E+00
  1.4978374552E+00 -3.2479419267E+00  4.8884249317E-01  9.6902853817E-01 -4.3738420870E+00
  1.4878793276E+00 -3.2251117929E+00  4.8670545161E-01  9.7146239964E-01 -4.4179388734E+00
  1.4774260566E+00 -3.2025651830E+00  4.8399894321E-01  9.7314149772E-01 -4.4535408295E+00
  1.4664894053E+00 -3.1803261014E+00  4.8071900802E-01  9.7407517838E-01 -4.4806363551E+00
  1.4550858643E+00 -3.1584172438E+00  4.7685822294E-01  9.7427909177E-01 -4.4993032348E+00
  1.4334467686E+00 -3.1198092329E+00  4.6836779597E-01  9.7287588614E-01 -4.5122391502E+00
</Path of -GradDelSqRho>
<Path of -GradDelSqRho>
Starting CP# =      4
Ending CP# =      1
Number of Points =      7
  1.2475662242E+00 -3.4401857651E+00  1.2442421220E-01  2.2564554631E+01  1.2316113724E+03
  1.2309065324E+00 -3.4381974349E+00  1.0589043765E-01  3.2798039992E+01  9.7965754543E+02
  1.2142398964E+00 -3.4361570216E+00  8.7368562813E-02  4.8049589467E+01 -8.0153879770E+02
  1.1975702234E+00 -3.4340936543E+00  6.8851962157E-02  7.0707511590E+01 -6.4018555669E+03
  1.1808983491E+00 -3.4320135817E+00  5.0339214098E-02  1.0434260714E+02 -2.0679024774E+04
  1.1642228396E+00 -3.4299058279E+00  3.1832871292E-02  1.5480716057E+02 -7.5469475636E+04
  1.1352803575E+00 -3.4262038591E+00 -2.7049432429E-04  2.9729417090E+02 -3.3293586867E+06
</Path of -GradDelSqRho>
<Path of -GradDelSqRho>
Starting CP# =      5
Ending CP# =      1
Number of Points =      7
  1.0536020761E+00 -3.5045554206E+00 -1.2493664083E-01  2.2564829290E+01  1.2316397475E+03
  1.0657721250E+00 -3.4929995202E+00 -1.0640691702E-01  3.2798486153E+01  9.7966672705E+02
  1.0779166237E+00 -3.4813976941E+00 -8.7889123648E-02  4.8050315006E+01 -8.0164003804E+02
  1.0900498431E+00 -3.4697756418E+00 -6.9376617900E-02  7.0708667471E+01 -6.4021755235E+03
  1.1021748458E+00 -3.4581388735E+00 -5.0867974886E-02  1.0434445339E+02 -2.0680217800E+04
  1.1142862237E+00 -3.4464777286E+00 -3.2365753595E-02  1.5481003569E+02 -7.5473505302E+04
  1.1352803575E+00 -3.4262038591E+00 -2.7049432429E-04  2.9729417090E+02 -3.3293586867E+06
</Path of -GradDelSqRho>
<Path of -GradDelSqRho>
Starting CP# =      5
Ending CP# =     12
Number of Points =     33
  1.0536020761E+00 -3.5045554206E+00 -1.2493664083E-01  2.2564829290E+01  1.2316397475E+03
  1.0414019742E+00 -3.5160571341E+00 -1.4348031523E-01  1.5650801661E+01  1.1496736559E+03
  1.0291884072E+00 -3.5275345313E+00 -1.6203019742E-01  1.0963903275E+01  9.7986077362E+02
  1.0169715125E+00 -3.5390059420E+00 -1.8058159120E-01  7.7964214545E+00  7.7172015498E+02
  1.0047467825E+00 -3.5504632042E+00 -1.9913656544E-01  5.6639307292E+00  5.7102029331E+02
  9.9250644905E-01 -3.5618922230E+00 -2.1769866719E-01  4.2291434868E+00  4.0667891498E+02
  9.8024209004E-01 -3.5732776427E+00 -2.3627169643E-01  3.2611856103E+00  2.8391217855E+02
  9.6794529421E-01 -3.5846040027E+00 -2.5485937731E-01  2.6050253555E+00  1.9560198621E+02
  9.5560831082E-01 -3.5958568821E+00 -2.7346504356E-01  2.1572066514E+00  1.3256118953E+02
  9.4322363974E-01 -3.6070221232E+00 -2.9209180640E-01  1.8483611078E+00  8.7595460132E+01
  9.3078212392E-01 -3.6180822541E+00 -3.1074336613E-01  1.6316694528E+00  5.5805356023E+01
  9.1827024556E-01 -3.6290112729E+00 -3.2942509537E-01  1.4755183194E+00  3.3798722544E+01
  9.0566699407E-01 -3.6397682832E+00 -3.4814514895E-01  1.3587430247E+00  1.9027727420E+01
  8.9293959564E-01 -3.6502882534E+00 -3.6691573668E-01  1.2673981247E+00  9.4719824757E+00
  8.8003642802E-01 -3.6604656277E+00 -3.8575481347E-01  1.1924798187E+00  3.5346945933E+00
  8.6687390588E-01 -3.6701213037E+00 -4.0468816006E-01  1.1283101034E+00  4.1179480411E-03
  8.5330988443E-01 -3.6789267257E+00 -4.2375013407E-01  1.0714336156E+00 -1.9908135075E+00
  8.3908368145E-01 -3.6861923433E+00 -4.4296967509E-01  1.0199907192E+00 -3.0431753516E+00
  8.2368713651E-01 -3.6900891557E+00 -4.6221403703E-01  9.7398217866E-01 -3.5397769914E+00
  8.0693723313E-01 -3.6845745583E+00 -4.7933354048E-01  9.4041399123E-01 -3.7401481244E+00
  7.9350711053E-01 -3.6654817851E+00 -4.8736455802E-01  9.3405760475E-01 -3.8479177488E+00
  7.8350600241E-01 -3.6427515391E+00 -4.9010958361E-01  9.3929415892E-01 -3.9440003372E+00
  7.7456865610E-01 -3.6194470955E+00 -4.9149815327E-01  9.4580780051E-01 -4.0338851308E+00
  7.6621397124E-01 -3.5958966270E+00 -4.9221815890E-01  9.5189577781E-01 -4.1171669938E+00
  7.5838557970E-01 -3.5721554505E+00 -4.9236106259E-01  9.5730820453E-01 -4.1933366282E+00
  7.5108705692E-01 -3.5482493955E+00 -4.9193709429E-01  9.6199706680E-01 -4.2619490933E+00
  7.4432842005E-01 -3.5242017727E+00 -4.9094717494E-01  9.6594279787E-01 -4.3226379289E+00
  7.3811968169E-01 -3.5000361638E+00 -4.8939098863E-01  9.6913452986E-01 -4.3751213576E+00
  7.3246990954E-01 -3.4757767929E+00 -4.8726748654E-01  9.7156833648E-01 -4.4192062556E+00
  7.2738657738E-01 -3.4514487563E+00 -4.8457452331E-01  9.7324702119E-01 -4.4547902447E+00
  7.2287452656E-01 -3.4270783489E+00 -4.8130807165E-01  9.7417993664E-01 -4.4818619384E+00
  7.1893398902E-01 -3.4026936475E+00 -4.7746061059E-01  9.7438274237E-01 -4.5004994065E+00
  7.1324092010E-01 -3.3589275962E+00 -4.6902080177E-01  9.7298399487E-01 -4.5133694760E+00
</Path of -GradDelSqRho>
<Path of -GradDelSqRho>
Starting CP# =     13
Ending CP# =     19
Number of Points =     17
  6.4846456016E-01 -3.9229771015E+00  1.7125258895E-03  7.7657633445E-01 -2.5755063526E+00
  6.5412273786E-01 -3.9315180073E+00  2.2026061681E-02  7.7231027496E-01 -2.5785727019E+00
  6.6093626308E-01 -3.9402630997E+00  4.4432058727E-02  7.6802495140E-01 -2.5886339911E+00
  6.6836749551E-01 -3.9483254365E+00  6.6897687023E-02  7.6414355617E-01 -2.6050089752E+00
  6.7640936529E-01 -3.9556909554E+00  8.9392255119E-02  7.6064500143E-01 -2.6268702186E+00
  6.8505467626E-01 -3.9623444563E+00  1.1188484257E-01  7.5750560491E-01 -2.6532889090E+00
  6.9429617233E-01 -3.9682692019E+00  1.3434408373E-01  7.5469996162E-01 -2.6832520891E+00
  7.0412653046E-01 -3.9734464775E+00  1.5673790318E-01  7.5220191639E-01 -2.7156827426E+00
  7.1453825377E-01 -3.9778551075E+00  1.7903320704E-01  7.4998564153E-01 -2.7494623900E+00
  7.2552341915E-01 -3.9814709303E+00  2.0119554321E-01  7.4802681000E-01 -2.7834557922E+00
  7.3707320543E-01 -3.9842662422E+00  2.2318876137E-01  7.4630383054E-01 -2.8165373213E+00
  7.4917708383E-01 -3.9862092322E+00  2.4497473849E-01  7.4479907182E-01 -2.8476185193E+00
  7.6182148456E-01 -3.9872634345E+00  2.6651329982E-01  7.4349994459E-01 -2.8756762957E+00
  7.7498764197E-01 -3.9873871951E+00  2.8776257824E-01  7.4239963421E-01 -2.8997811058E+00
  7.8864810479E-01 -3.9865329895E+00  3.0868025269E-01  7.4149719585E-01 -2.9191242672E+00
  8.0276082771E-01 -3.9846458383E+00  3.2922649513E-01  7.4079669454E-01 -2.9330433532E+00
  8.2876237929E-01 -3.9784905687E+00  3.6481829698E-01  7.4007159559E-01 -2.9429717994E+00
</Path of -GradDelSqRho>
<Path of -GradDelSqRho>
Starting CP# =     13
Ending CP# =     12
Number of Points =     32
  6.4846456016E-01 -3.9229771015E+00  1.7125258895E-03  7.7657633445E-01 -2.5755063526E+00
  6.4331615768E-01 -3.9138724543E+00 -1.8550427425E-02  7.8120955957E-01 -2.5787212178E+00
  6.3828010156E-01 -3.9032737963E+00 -4.0623861676E-02  7.8671245576E-01 -2.5898993801E+00
  6.3388500902E-01 -3.8920417999E+00 -6.2520328987E-02  7.9266277598E-01 -2.6094078321E+00
  6.3013498733E-01 -3.8801895662E+00 -8.4208843993E-02  7.9905944363E-01 -2.6374444539E+00
  6.2703282366E-01 -3.8677307122E+00 -1.0565839594E-01  8.0589516229E-01 -2.6740676760E+00
  6.2457971723E-01 -3.8546795188E+00 -1.2683806511E-01  8.1315597955E-01 -2.7191991485E+00
  6.2277501765E-01 -3.8410510222E+00 -1.4771717049E-01  8.2082091220E-01 -2.7726281221E+00
  6.2161598165E-01 -3.8268610422E+00 -1.6826543759E-01  8.2886164672E-01 -2.8340170997E+00
  6.2109755945E-01 -3.8121261423E+00 -1.8845317099E-01  8.3724233402E-01 -2.9029083808E+00
  6.2121222014E-01 -3.7968635189E+00 -2.0825141352E-01  8.4591950170E-01 -2.9787312080E+00
  6.2194982244E-01 -3.7810908189E+00 -2.2763207105E-01  8.5484210987E-01 -3.0608093474E+00
  6.2329753275E-01 -3.7648258894E+00 -2.4656798078E-01  8.6395177752E-01 -3.1483690596E+00
  6.2523978635E-01 -3.7480864640E+00 -2.6503290057E-01  8.7318320405E-01 -3.2405475435E+00
  6.2775827970E-01 -3.7308897969E+00 -2.8300139803E-01  8.8246480492E-01 -3.3364020354E+00
  6.3083197308E-01 -3.7132522510E+00 -3.0044861959E-01  8.9171957100E-01 -3.4349198160E+00
  6.3443707214E-01 -3.6951888521E+00 -3.1734992222E-01  9.0086614840E-01 -3.5350294060E+00
  6.3854694549E-01 -3.6767128137E+00 -3.3368035021E-01  9.0982012048E-01 -3.6356132099E+00
  6.4313192187E-01 -3.6578350318E+00 -3.4941393639E-01  9.1849545837E-01 -3.7355218095E+00
  6.4815889386E-01 -3.6385635439E+00 -3.6452279664E-01  9.2680609328E-01 -3.8335900218E+00
  6.5359063152E-01 -3.6189029300E+00 -3.7897596496E-01  9.3466755523E-01 -3.9286547286E+00
  6.5938467271E-01 -3.5988536245E+00 -3.9273787694E-01  9.4199862124E-01 -4.0195743978E+00
  6.6549159549E-01 -3.5784110941E+00 -4.0576634132E-01  9.4872292259E-01 -4.1052501495E+00
  6.7185236885E-01 -3.5575648270E+00 -4.1800972433E-01  9.5477047506E-01 -4.1846482182E+00
  6.7839428188E-01 -3.5362970879E+00 -4.2940287310E-01  9.6007911832E-01 -4.2568237435E+00
  6.8502458801E-01 -3.5145814533E+00 -4.3986095391E-01  9.6459588009E-01 -4.3209460304E+00
  6.9162031365E-01 -3.4923813468E+00 -4.4926974010E-01  9.6827832149E-01 -4.3763257990E+00
  6.9801135186E-01 -3.4696494484E+00 -4.5746968399E-01  9.7109598269E-01 -4.4224455414E+00
  7.0395137772E-01 -3.4463308442E+00 -4.6422886489E-01  9.7303216506E-01 -4.4589948356E+00
  7.0906635039E-01 -3.4223789413E+00 -4.6919607928E-01  9.7408653882E-01 -4.4859125149E+00
  7.1276376348E-01 -3.3978121449E+00 -4.7182144346E-01  9.7427965019E-01 -4.5034327493E+00
  7.1324092010E-01 -3.3589275962E+00 -4.6902080177E-01  9.7298399487E-01 -4.5133694760E+00
</Path of -GradDelSqRho>
<Path of -GradDelSqRho>
Starting CP# =     14
Ending CP# =     20
Number of Points =     18
  1.3575156860E+00 -3.6860684693E+00 -6.0666490130E-01  7.7319830397E-01 -2.5212297851E+00
  1.3794351369E+00 -3.6895036787E+00 -5.9969253324E-01  7.6890959527E-01 -2.5245951014E+00
  1.4027897866E+00 -3.6928209908E+00 -5.9141697636E-01  7.6472548599E-01 -2.5353393606E+00
  1.4258984114E+00 -3.6957448245E+00 -5.8234111538E-01  7.6096480057E-01 -2.5527806947E+00
  1.4487280640E+00 -3.6982696715E+00 -5.7247400055E-01  7.5760587882E-01 -2.5760989604E+00
