 AIMInt (Version 19.02.13, Professional)
 Portions Copyright (c) 1997-2019 by Todd A. Keith
 AIMInt is a component of the AIMAll package ( http://aim.tkgristmill.com )

 TP:  64-bit Linux

 Licensed To:  Research Group of Fernando Cortes Guzman, UNAM, fercor@unam.mx

 AIMInt is a heavily modified and extended version of the PROAIMV program
 developed by members of R.F.W. Bader's research group

 Much of the Quantum Theory of Atoms in Molecules (QTAIM) is described in the book:
   "Atoms in Molecules - A Quantum Theory"
   R.F.W. Bader, Oxford University Press, Oxford, 1990

 For additional references see:  http://aim.tkgristmill.com/references.html

 Current Directory:  /home/scratch/M_H2O_4_cuadrado_plano/Opt

 Inp File:  Zn2_cuadrado_plano_cc-pvtz-def2-tzv_1_atomicfiles/o8.inp
 Wfx File:  Zn2_cuadrado_plano_cc-pvtz-def2-tzv_1.wfx
 Out File:  Zn2_cuadrado_plano_cc-pvtz-def2-tzv_1_atomicfiles/o8.int

 Wfx Title:   Zn2_cuadrado_plano_cc-pvtz-def2-tzv_1                                         
 Job Title:   Zn2_cuadrado_plano_cc-pvtz-def2-tzv_1                                         
 
<Atom>
O8      
</Atom>
<Nuclei of Molecule>
    13
Zn1       30.0           1.0985088659E-05   2.7289269856E-05   1.1026632974E-04
O2         8.0          -3.4261669838E+00  -1.1353022225E+00  -1.3124067005E-04
H3         1.0          -4.8402386387E+00  -3.9126257796E-01   9.3357703697E-01
O4         8.0           3.4262098645E+00   1.1352365941E+00  -1.3122177278E-04
H5         1.0           4.1154443026E+00   2.5787984191E+00  -9.3082597205E-01
O6         8.0           1.1352802485E+00  -3.4262035309E+00  -2.7049458878E-04
H7         1.0           3.8995502140E-01  -4.8405587394E+00   9.3200091089E-01
O8         8.0          -1.1352585491E+00   3.4261732607E+00  -2.7049458878E-04
H9         1.0          -3.9113983236E-01   4.8403278121E+00   9.3339426266E-01
H10        1.0          -2.5780730200E+00   4.1152224887E+00  -9.3211160943E-01
H11        1.0           4.8406324556E+00   3.9009988105E-01   9.3224306040E-01
H12        1.0           2.5783078535E+00  -4.1156202128E+00  -9.3182663873E-01
H13        1.0          -4.1157343349E+00  -2.5770585599E+00  -9.3333142765E-01
</Nuclei of Molecule>
<Total Number of CPs of DelSqRho>
    33
</Total Number of CPs of DelSqRho>
<Number of (3,+3) CPs of DelSqRho>
     5
</Number of (3,+3) CPs of DelSqRho>
<Number of (3,+1) CPs of DelSqRho>
    14
</Number of (3,+1) CPs of DelSqRho>
<Number of (3,-1) CPs of DelSqRho>
     9
</Number of (3,-1) CPs of DelSqRho>
<Number of (3,-3) CPs of DelSqRho>
     5
</Number of (3,-3) CPs of DelSqRho>
<Number of Degenerate CPs of DelSqRho>
     0
</Number of Degenerate CPs of DelSqRho>
<CP of DelSqRho>
CP# = 1       
Type = (3,+3)
Coords = -1.13525865833552E+00  3.42617358881609E+00 -2.70494012705730E-04
DistFromNuc =  3.4576167384E-07
Rho =  2.9729409738E+02
DelSqRho = -3.3293580626E+06
GradDelSqRho = -2.4115788619E-06  2.0052997570E-05  1.0286385077E-09
HessDelSqRho_EigVals =  1.3240124258E+11  1.3240126179E+11  1.3240126978E+11
HessDelSqRho_EigVec1 = -6.0200966653E-01 -2.0021972463E-01  7.7297892809E-01
HessDelSqRho_EigVec2 = -3.1500644267E-01  9.4908939894E-01  5.0388773009E-04
HessDelSqRho_EigVec3 =  7.3372699451E-01  2.4318999711E-01  6.3443149577E-01
</CP of DelSqRho>
<CP of DelSqRho>
CP# = 2       
Type = (3,-1)
Coords = -6.36496367568347E-01  1.92115877181489E+00 -1.74907638992179E-04
DistFromNuc =  1.5855069646E+00
Rho =  1.2048686630E-01
DelSqRho =  3.3281633982E-01
GradDelSqRho = -7.3205330686E-16  1.0200174039E-15 -5.5511151231E-17
HessDelSqRho_EigVals = -4.4971703237E-01 -3.9320693822E-01  4.1952008378E+00
HessDelSqRho_EigVec1 = -5.3350177374E-01 -1.7665389621E-01  8.2714524623E-01
HessDelSqRho_EigVec2 =  7.8514678740E-01  2.6021874831E-01  5.6198818961E-01
HessDelSqRho_EigVec3 = -3.1451610397E-01  9.4925212877E-01 -1.2792469331E-04
</CP of DelSqRho>
<CP of DelSqRho>
CP# = 3       
Type = (3,+1)
Coords = -6.73198700206770E-01  4.30255617809238E+00  5.76934101080489E-01
DistFromNuc =  1.1466086809E+00
Rho =  4.1905557923E-01
DelSqRho = -9.9142960644E-01
GradDelSqRho =  5.3394788591E-13  1.1789458298E-12  1.9142326613E-12
HessDelSqRho_EigVals = -3.2581910750E+01  1.5212117232E+01  1.6239211686E+01
HessDelSqRho_EigVec1 =  3.9953966171E-01  7.6549368453E-01  5.0436839480E-01
HessDelSqRho_EigVec2 = -5.9588837645E-01 -2.0122805933E-01  7.7744730429E-01
HessDelSqRho_EigVec3 =  6.9662407476E-01 -6.1116829686E-01  3.7575019810E-01
</CP of DelSqRho>
<CP of DelSqRho>
CP# = 4       
Type = (3,+1)
Coords = -2.03016358922278E+00  3.85265823292683E+00 -5.76353864525754E-01
DistFromNuc =  1.1465672729E+00
Rho =  4.1912036149E-01
DelSqRho = -9.9192389328E-01
GradDelSqRho = -1.1459722060E-12  6.4170890823E-13 -2.0397850076E-12
HessDelSqRho_EigVals = -3.2597563915E+01  1.5219584898E+01  1.6246930648E+01
HessDelSqRho_EigVec1 =  7.7844405896E-01 -3.7495864575E-01  5.0341917033E-01
HessDelSqRho_EigVec2 = -5.9735056066E-01 -1.9609171555E-01  7.7763767062E-01
HessDelSqRho_EigVec3 =  1.9286563911E-01  9.0606514836E-01  3.7662818824E-01
</CP of DelSqRho>
<CP of DelSqRho>
CP# = 5       
Type = (3,+1)
Coords = -1.24762358615855E+00  3.44003327420234E+00  1.24367396472505E-01
DistFromNuc =  1.6838231915E-01
Rho =  2.2564436315E+01
DelSqRho =  1.2315969692E+03
GradDelSqRho = -1.7202239633E-11  4.3485215429E-12  4.9766413213E-11
HessDelSqRho_EigVals = -4.1137671918E+05  2.5160904361E+03  3.6465844074E+03
HessDelSqRho_EigVec1 = -6.6667450855E-01  7.7471537639E-02  7.4131185105E-01
HessDelSqRho_EigVec2 = -1.3264316304E-01  9.6637588665E-01 -2.2028035998E-01
HessDelSqRho_EigVec3 =  7.3345135555E-01  2.4518524945E-01  6.3398209951E-01
</CP of DelSqRho>
<CP of DelSqRho>
CP# = 6       
Type = (3,+1)
Coords = -1.05354373162041E+00  3.50463212880869E+00 -1.24844379594428E-01
DistFromNuc =  1.6837980344E-01
Rho =  2.2564981957E+01
DelSqRho =  1.2316547118E+03
GradDelSqRho =  6.6791017161E-12  1.7777779249E-11 -2.7995383789E-11
HessDelSqRho_EigVals = -4.1143492973E+05  2.5136506293E+03  3.6445310292E+03
HessDelSqRho_EigVec1 = -4.8767865751E-01 -4.6169540641E-01  7.4094998395E-01
HessDelSqRho_EigVec2 = -4.7173418575E-01  8.5350652307E-01  2.2134469288E-01
HessDelSqRho_EigVec3 =  7.3459947251E-01  2.4158635469E-01  6.3403442195E-01
</CP of DelSqRho>
<CP of DelSqRho>
CP# = 7       
Type = (3,-3)
Coords = -1.16666415068537E+00  3.27498057312958E+00 -6.38681030103439E-02
DistFromNuc =  1.6700358198E-01
Rho =  2.2707419782E+01
DelSqRho =  1.2973928114E+03
GradDelSqRho =  3.3892888496E-12  3.5129232856E-11  6.8354211180E-12
HessDelSqRho_EigVals = -4.5048943410E+05 -3.8613787289E+03 -4.4538997056E+02
HessDelSqRho_EigVec1 =  1.8560328408E-01  9.0649725221E-01  3.7922836481E-01
HessDelSqRho_EigVec2 = -6.0171310758E-01 -2.0026404578E-01  7.7319832393E-01
HessDelSqRho_EigVec3 =  7.7684796267E-01 -3.7169482604E-01  5.0828161406E-01
</CP of DelSqRho>
<CP of DelSqRho>
CP# = 8       
Type = (3,-1)
Coords = -1.18840212628956E+00  3.58645522073650E+00 -2.57519847188788E-04
DistFromNuc =  1.6886250815E-01
Rho =  2.2318681094E+01
DelSqRho =  1.2512374937E+03
GradDelSqRho =  3.8085090637E-12  6.5938365879E-12 -1.7053025658E-13
HessDelSqRho_EigVals = -4.0535681701E+05 -1.9316012942E+03  1.5879168051E+03
HessDelSqRho_EigVec1 = -3.1470947833E-01  9.4918804224E-01  6.8726077137E-05
HessDelSqRho_EigVec2 = -6.0253952848E-01 -1.9983185056E-01  7.7266638863E-01
HessDelSqRho_EigVec3 = -7.3341943039E-01 -2.4312402591E-01 -6.3481229285E-01
</CP of DelSqRho>
<CP of DelSqRho>
CP# = 9       
Type = (3,-3)
Coords = -1.01962439683948E+00  3.32367585222443E+00  6.30792559665604E-02
DistFromNuc =  1.6700349346E-01
Rho =  2.2707476941E+01
DelSqRho =  1.2973871379E+03
GradDelSqRho = -1.4409806681E-11 -4.3769432523E-12  9.8054897535E-12
HessDelSqRho_EigVals = -4.5049066847E+05 -3.8608578358E+03 -4.4413292466E+02
HessDelSqRho_EigVec1 =  6.9114779095E-01 -6.1614281724E-01  3.7773371549E-01
HessDelSqRho_EigVec2 =  6.0140970278E-01  2.0049463007E-01 -7.7337460051E-01
HessDelSqRho_EigVec3 =  4.0077562359E-01  7.6168886829E-01  5.0912568926E-01
</CP of DelSqRho>
<CP of DelSqRho>
CP# = 10      
Type = (3,-1)
Coords = -5.59478058129273E-01  3.34964449596388E+00  4.20654212907957E-01
DistFromNuc =  7.1732658884E-01
Rho =  6.6620395894E-01
DelSqRho = -9.3756157414E-01
GradDelSqRho =  4.9737991503E-14 -8.8373752760E-14  2.8421709430E-13
HessDelSqRho_EigVals = -1.5572461963E+01 -1.2432479309E+01  1.4180690885E+02
HessDelSqRho_EigVec1 =  2.2038976757E-02  9.8026424154E-01  1.9645941125E-01
HessDelSqRho_EigVec2 = -5.9377260852E-01 -1.4526107648E-01  7.9141222447E-01
HessDelSqRho_EigVec3 =  8.0433100952E-01 -1.3409413271E-01  5.7885265024E-01
</CP of DelSqRho>
<CP of DelSqRho>
CP# = 11      
Type = (3,-1)
Coords = -1.55113021474555E+00  3.02086551045782E+00 -4.21379097401653E-01
DistFromNuc =  7.1732563739E-01
Rho =  6.6621306305E-01
DelSqRho = -9.3754645424E-01
GradDelSqRho =  1.1324274851E-14  8.8817841970E-15  1.3322676296E-14
HessDelSqRho_EigVals = -1.5575188844E+01 -1.2432086873E+01  1.4180683656E+02
HessDelSqRho_EigVec1 =  6.0407954084E-01 -7.7259986728E-01  1.9539025927E-01
HessDelSqRho_EigVec2 =  5.6235365212E-01  2.3953704117E-01 -7.9144195988E-01
HessDelSqRho_EigVec3 =  5.6466474858E-01  5.8797232161E-01  5.7917378284E-01
</CP of DelSqRho>
<CP of DelSqRho>
CP# = 12      
Type = (3,-1)
Coords = -1.36474608768277E+00  4.11748429830150E+00  1.25347768468394E-04
DistFromNuc =  7.2840623122E-01
Rho =  6.5859621519E-01
DelSqRho = -9.1587563643E-01
GradDelSqRho =  6.7501559897E-14  1.2900791546E-13 -1.1124434707E-13
HessDelSqRho_EigVals = -1.9149045112E+01 -6.8275714211E+00  1.2997031602E+02
HessDelSqRho_EigVec1 =  7.4652397517E-01  2.4747075393E-01  6.1762462747E-01
HessDelSqRho_EigVec2 = -5.8604567532E-01 -1.9496387663E-01  7.8647285601E-01
HessDelSqRho_EigVec3 = -3.1504352230E-01  9.4907708473E-01  5.1604309016E-04
</CP of DelSqRho>
<CP of DelSqRho>
CP# = 13      
Type = (3,+3)
Coords = -7.12921660299897E-01  3.35942169620768E+00 -4.68810067503002E-01
DistFromNuc =  6.3431344810E-01
Rho =  9.7303670158E-01
DelSqRho = -4.5138285298E+00
GradDelSqRho =  5.3290705182E-15 -3.3306690739E-15  1.4210854715E-14
HessDelSqRho_EigVals =  1.2450447362E+01  2.4262954540E+01  3.5059491818E+02
HessDelSqRho_EigVec1 = -1.0922464511E-01  9.7137068316E-01 -2.1097149758E-01
HessDelSqRho_EigVec2 =  7.3940061795E-01  2.2124636309E-01  6.3587480922E-01
HessDelSqRho_EigVec3 = -6.6434682439E-01  8.6539255305E-02  7.4239763888E-01
</CP of DelSqRho>
<CP of DelSqRho>
CP# = 14      
Type = (3,+1)
Coords = -6.48692959337238E-01  3.92320776155236E+00  2.40259510975047E-03
DistFromNuc =  6.9555482428E-01
Rho =  7.7654075283E-01
DelSqRho = -2.5753473240E+00
GradDelSqRho =  1.1601830607E-14 -4.4408920985E-15 -1.3322676296E-15
HessDelSqRho_EigVals = -1.2118257943E+01  1.4921058427E+01  1.8029209536E+02
HessDelSqRho_EigVec1 = -2.3808629013E-01  3.8663016673E-01  8.9097252069E-01
HessDelSqRho_EigVec2 = -6.4055644431E-01  6.2705286534E-01 -4.4327434589E-01
HessDelSqRho_EigVec3 =  7.3007010630E-01  6.7625573435E-01 -9.8365754438E-02
</CP of DelSqRho>
<CP of DelSqRho>
CP# = 15      
Type = (3,+1)
Coords = -1.35724783168438E+00  3.68625970817783E+00 -6.06646311280032E-01
DistFromNuc =  6.9614354322E-01
Rho =  7.7324470762E-01
DelSqRho = -2.5214570335E+00
GradDelSqRho =  1.6431300764E-14 -7.5495165675E-15  2.4813484600E-14
HessDelSqRho_EigVals = -1.2719788572E+01  1.4273993034E+01  1.7925137274E+02
HessDelSqRho_EigVec1 =  9.4629091085E-01 -1.5420419545E-01 -2.8417350007E-01
HessDelSqRho_EigVec2 =  2.4255804618E-01  9.1973685733E-01  3.0862551337E-01
HessDelSqRho_EigVec3 =  2.1377349290E-01 -3.6097808712E-01  9.0774209683E-01
</CP of DelSqRho>
<CP of DelSqRho>
CP# = 16      
Type = (3,+1)
Coords = -1.82247998830627E+00  3.53331941758940E+00 -2.16994408532028E-03
DistFromNuc =  6.9552657266E-01
Rho =  7.7661571255E-01
DelSqRho = -2.5756250407E+00
GradDelSqRho = -2.1316282073E-14  1.3322676296E-15 -1.4210854715E-14
HessDelSqRho_EigVals = -1.2118102747E+01  1.4919720554E+01  1.8032324579E+02
HessDelSqRho_EigVec1 =  4.1365970877E-02 -4.5331318273E-01  8.9039093370E-01
HessDelSqRho_EigVec2 =  1.3852731412E-01  8.8514903036E-01  4.4420870915E-01
HessDelSqRho_EigVec3 =  9.8949433535E-01 -1.0496834004E-01 -9.9411306672E-02
</CP of DelSqRho>
<CP of DelSqRho>
CP# = 17      
Type = (3,+1)
Coords = -1.11289333622879E+00  3.76658980134173E+00  6.06557141197297E-01
DistFromNuc =  6.9614898076E-01
Rho =  7.7321660824E-01
DelSqRho = -2.5211923271E+00
GradDelSqRho =  1.3322676296E-15  1.3544720900E-14  4.6407322429E-14
HessDelSqRho_EigVals = -1.2711402917E+01  1.4270196862E+01  1.7923107536E+02
HessDelSqRho_EigVec1 =  6.6597424266E-01  6.9005849068E-01 -2.8336828962E-01
HessDelSqRho_EigVec2 = -7.4464399367E-01  5.9227614028E-01 -3.0775687863E-01
HessDelSqRho_EigVec3 = -4.4537970309E-02  4.1596664903E-01  9.0828856433E-01
</CP of DelSqRho>
<CP of DelSqRho>
CP# = 18      
Type = (3,+3)
Coords = -1.43351283044360E+00  3.11931794790699E+00  4.68030460339905E-01
DistFromNuc =  6.3436707332E-01
Rho =  9.7281921689E-01
DelSqRho = -4.5115584261E+00
GradDelSqRho = -1.4210854715E-14  2.8421709430E-14 -1.7763568394E-15
HessDelSqRho_EigVals =  1.2428506025E+01  2.4250878501E+01  3.5030849013E+02
HessDelSqRho_EigVec1 = -4.9354852785E-01  8.4339906353E-01  2.1233904561E-01
HessDelSqRho_EigVec2 =  7.2513321341E-01  2.6424515473E-01  6.3589017999E-01
HessDelSqRho_EigVec3 = -4.8019961835E-01 -4.6781675668E-01  7.4199448024E-01
</CP of DelSqRho>
<CP of DelSqRho>
CP# = 19      
Type = (3,+1)
Coords = -9.23878867522913E-01  2.78955309676811E+00 -6.53994782304720E-04
DistFromNuc =  6.7079560975E-01
Rho =  8.4185272816E-01
DelSqRho = -3.3157848817E+00
GradDelSqRho = -1.2434497876E-14  3.5527136788E-14 -1.9984014443E-15
HessDelSqRho_EigVals = -7.0303779021E+00  1.8741347250E+01  2.3466087067E+02
HessDelSqRho_EigVec1 = -5.9060960112E-01 -1.9662494957E-01  7.8263588486E-01
HessDelSqRho_EigVec2 =  7.4287291088E-01  2.4629074970E-01  6.2247948151E-01
HessDelSqRho_EigVec3 = -3.1515097549E-01  9.4904135622E-01  6.0566719951E-04
</CP of DelSqRho>
<CP of DelSqRho>
CP# = 20      
Type = (3,+3)
Coords = -8.29228064611157E-01  3.97838147912232E+00  3.65358853788278E-01
DistFromNuc =  7.2957069178E-01
Rho =  7.4003890668E-01
DelSqRho = -2.9425772679E+00
GradDelSqRho =  1.7605361613E-13  3.9612757519E-13  3.0975222387E-13
HessDelSqRho_EigVals =  1.0151851038E+01  2.2821731025E+01  1.3335899422E+02
HessDelSqRho_EigVec1 = -5.9169449100E-01 -1.8342571349E-01  7.8501760296E-01
HessDelSqRho_EigVec2 =  6.8067566543E-01 -6.3542489196E-01  3.6457625426E-01
HessDelSqRho_EigVec3 =  4.3194706599E-01  7.5006014046E-01  5.0083082761E-01
</CP of DelSqRho>
<CP of DelSqRho>
CP# = 21      
Type = (3,+3)
Coords = -1.71111477094194E+00  3.68600006647256E+00 -3.65158032125795E-01
DistFromNuc =  7.2956375472E-01
Rho =  7.4009039275E-01
DelSqRho = -2.9431860144E+00
GradDelSqRho =  1.4654943925E-14 -8.8817841970E-15  2.2204460493E-14
HessDelSqRho_EigVals =  1.0156839556E+01  2.2827449609E+01  1.3336725049E+02
HessDelSqRho_EigVec1 = -5.8321667797E-01 -2.0785724380E-01  7.8527299249E-01
HessDelSqRho_EigVec2 =  1.6561236851E-01  9.1597838397E-01  3.6545333968E-01
HessDelSqRho_EigVec3 =  7.9525521057E-01 -3.4318940294E-01  4.9979013973E-01
</CP of DelSqRho>
<CP of DelSqRho>
CP# = 22      
Type = (3,-3)
Coords = -2.04405675481611E-01  3.29830147736753E+00  6.40140676640607E-01
DistFromNuc =  1.1370860713E+00
Rho =  2.4624052636E-01
DelSqRho =  8.5974756590E-01
GradDelSqRho = -3.6759484345E-12  1.3530565557E-12 -3.4250380310E-12
HessDelSqRho_EigVals = -1.7925511956E+01 -1.9349180435E+00 -5.3635260428E-01
HessDelSqRho_EigVec1 =  8.1666720802E-01 -1.5442172224E-01  5.5606528668E-01
HessDelSqRho_EigVec2 =  1.3640251455E-02  9.6843187507E-01  2.4890489527E-01
HessDelSqRho_EigVec3 =  5.7694767084E-01  1.9568759555E-01 -7.9299290669E-01
</CP of DelSqRho>
<CP of DelSqRho>
CP# = 23      
Type = (3,+1)
Coords = -7.45836432779522E-01  2.24960586316376E+00  4.56561450803259E-04
DistFromNuc =  1.2393389183E+00
Rho =  2.3881485715E-01
DelSqRho =  4.6289227443E-01
GradDelSqRho =  1.0963452368E-15 -3.2474023470E-15 -2.6367796835E-16
HessDelSqRho_EigVals = -1.0313674392E+01  1.8005773977E-01  6.5325456337E-01
HessDelSqRho_EigVec1 = -3.1421982624E-01  9.4935007254E-01 -5.8358466329E-04
HessDelSqRho_EigVec2 = -5.3800412315E-01 -1.7756429029E-01  8.2402820722E-01
HessDelSqRho_EigVec3 =  7.8218761450E-01  2.5923997104E-01  5.6654847378E-01
</CP of DelSqRho>
<CP of DelSqRho>
CP# = 24      
Type = (3,-1)
Coords = -1.27544945252204E+00  3.56089074426341E+00  1.17400839124955E+00
DistFromNuc =  1.1902660171E+00
Rho =  2.4583002593E-01
DelSqRho =  7.1982233489E-01
GradDelSqRho =  6.2450045135E-17  9.7144514655E-17  2.6645352591E-15
HessDelSqRho_EigVals = -1.7436224947E+01 -1.1910135134E+00  2.7893358335E-01
HessDelSqRho_EigVec1 = -1.2151378688E-01  9.1864901069E-02  9.8832951972E-01
HessDelSqRho_EigVec2 =  4.8998645026E-01  8.7148279685E-01 -2.0760861044E-02
HessDelSqRho_EigVec3 =  8.6321936850E-01 -4.8174534221E-01  1.5090973163E-01
</CP of DelSqRho>
<CP of DelSqRho>
CP# = 25      
Type = (3,-1)
Coords = -1.10400336623527E+00  3.61971829291878E+00 -1.17427014242145E+00
DistFromNuc =  1.1902570055E+00
Rho =  2.4582789100E-01
DelSqRho =  7.1994364954E-01
GradDelSqRho = -7.1956329784E-14 -7.0013439490E-14  1.2134737659E-12
HessDelSqRho_EigVals = -1.7439604284E+01 -1.1901103685E+00  2.7857909252E-01
HessDelSqRho_EigVec1 = -4.1997243070E-02 -1.4777339631E-01  9.8812916915E-01
HessDelSqRho_EigVec2 =  9.1410404568E-01 -4.0489858036E-01 -2.1700997455E-02
HessDelSqRho_EigVec3 =  4.0329892790E-01  9.0234148911E-01  1.5208488351E-01
</CP of DelSqRho>
<CP of DelSqRho>
CP# = 26      
Type = (3,-3)
Coords = -1.49702290934150E+00  4.52742244318461E+00 -4.20299498771476E-03
DistFromNuc =  1.1591542946E+00
Rho =  2.5327031934E-01
DelSqRho =  8.6622078083E-01
GradDelSqRho = -1.4155343564E-15  3.9968028887E-15  3.0878077872E-16
HessDelSqRho_EigVals = -1.6745488386E+01 -4.2781039030E+00 -1.5563147036E-02
HessDelSqRho_EigVec1 = -3.1212006449E-01  9.5003683493E-01 -3.3283063797E-03
HessDelSqRho_EigVec2 =  7.4103919526E-01  2.4564638069E-01  6.2491500762E-01
HessDelSqRho_EigVec3 = -5.9450986235E-01 -1.9258210700E-01  7.8068569580E-01
</CP of DelSqRho>
<CP of DelSqRho>
CP# = 27      
Type = (3,-3)
Coords = -1.80494436679328E+00  2.76768088755322E+00 -6.41267922189477E-01
DistFromNuc =  1.1370879483E+00
Rho =  2.4624528185E-01
DelSqRho =  8.5975592566E-01
GradDelSqRho =  2.8310687128E-15  3.8857805862E-15  2.3314683517E-15
HessDelSqRho_EigVals = -1.7925169099E+01 -1.9359217006E+00 -5.3601490701E-01
HessDelSqRho_EigVec1 =  5.6225525599E-01  6.1159756655E-01  5.5661247174E-01
HessDelSqRho_EigVec2 =  5.9034390571E-01 -7.6818977469E-01  2.4774693350E-01
HessDelSqRho_EigVec3 =  5.7910543091E-01  1.8929576502E-01 -7.9297163458E-01
</CP of DelSqRho>
<CP of DelSqRho>
CP# = 28      
Type = (3,-1)
Coords = -2.25344127606856E+00  3.26462460307323E+00  3.76597355023300E-01
DistFromNuc =  1.1909911652E+00
Rho =  2.4592834514E-01
DelSqRho =  7.1830747253E-01
GradDelSqRho =  3.7192471325E-15  3.6429192996E-16 -1.7624790516E-15
HessDelSqRho_EigVals = -1.7582745576E+01 -1.0750218610E+00  2.9739168509E-01
HessDelSqRho_EigVec1 =  9.3265749117E-01  1.5058628952E-01 -3.2783192886E-01
HessDelSqRho_EigVec2 =  3.5244420825E-01 -5.7434443179E-01  7.3885827717E-01
HessDelSqRho_EigVec3 =  7.7026516464E-02  8.0464417172E-01  5.8873990240E-01
</CP of DelSqRho>
<CP of DelSqRho>
CP# = 29      
Type = (3,-1)
Coords = -1.42739145077027E-01  3.96619443638079E+00 -3.76771867097889E-01
DistFromNuc =  1.1909957687E+00
Rho =  2.4591834024E-01
DelSqRho =  7.1828006232E-01
GradDelSqRho = -1.3739009930E-15 -1.4294121442E-15  6.9388939039E-17
HessDelSqRho_EigVals = -1.7582836650E+01 -1.0733050155E+00  2.9737217502E-01
HessDelSqRho_EigVec1 =  8.3731815334E-01  4.3775894704E-01 -3.2751399111E-01
HessDelSqRho_EigVec2 =  6.0935639964E-02 -6.7005065933E-01 -7.3981008489E-01
HessDelSqRho_EigVec3 = -5.4330944946E-01  5.9949913946E-01 -5.8772070230E-01
</CP of DelSqRho>
<CP of DelSqRho>
CP# = 30      
Type = (3,+1)
Coords = -1.98795427265017E+00  4.41236146759473E+00 -1.51345862860557E+00
DistFromNuc =  1.9973471168E+00
Rho =  7.5153519766E-02
DelSqRho =  1.8305774223E-01
GradDelSqRho =  4.7950489065E-13 -2.3297336282E-13 -6.3297977970E-13
HessDelSqRho_EigVals = -1.6906130789E+00  3.0649797172E-02  5.8158602250E-01
HessDelSqRho_EigVec1 = -3.2111487913E-02 -5.1542696279E-01  8.5633165209E-01
HessDelSqRho_EigVec2 =  5.2808433756E-02  8.5470183056E-01  5.1642622915E-01
HessDelSqRho_EigVec3 =  9.9808823341E-01 -6.1804747938E-02  2.2685688098E-04
</CP of DelSqRho>
<CP of DelSqRho>
CP# = 31      
Type = (3,+1)
Coords =  1.84320961382658E-02  5.05374973818059E+00  1.76597406436180E-01
DistFromNuc =  2.0028203987E+00
Rho =  7.4655894119E-02
DelSqRho =  1.7915776293E-01
GradDelSqRho =  6.0858262874E-13  4.5497980383E-13 -4.8792740681E-13
HessDelSqRho_EigVals = -1.6194582048E+00  3.7600034699E-02  5.9014462157E-01
HessDelSqRho_EigVec1 = -6.2925338978E-01 -6.9730477040E-01  3.4322911973E-01
HessDelSqRho_EigVec2 =  7.7655370886E-01 -5.8210634244E-01  2.4107373012E-01
HessDelSqRho_EigVec3 =  3.1693985469E-02  4.1823230777E-01  9.0778699485E-01
</CP of DelSqRho>
<CP of DelSqRho>
CP# = 32      
Type = (3,+1)
Coords = -3.03333058605950E+00  4.04076551512379E+00 -1.74971810508302E-01
DistFromNuc =  2.0027285503E+00
Rho =  7.4667019323E-02
DelSqRho =  1.7917778957E-01
GradDelSqRho =  9.0205620751E-17 -5.9414279052E-17 -9.8011876393E-17
HessDelSqRho_EigVals = -1.6193923109E+00  3.7639316170E-02  5.9031468045E-01
HessDelSqRho_EigVec1 =  9.2105059131E-01 -1.8230893350E-01 -3.4413552711E-01
HessDelSqRho_EigVec2 =  2.7446715890E-01  9.3077642552E-01  2.4150160326E-01
HessDelSqRho_EigVec3 =  2.7628533609E-01 -3.1688909489E-01  9.0732999212E-01
</CP of DelSqRho>
<CP of DelSqRho>
CP# = 33      
Type = (3,+1)
Coords = -1.04171505597736E+00  4.72467111803789E+00  1.51471601883200E+00
DistFromNuc =  1.9975062469E+00
Rho =  7.5140694547E-02
DelSqRho =  1.8299586537E-01
GradDelSqRho =  1.0561516939E-13 -1.0722256416E-12 -1.9255638750E-12
HessDelSqRho_EigVals = -1.6899370442E+00  3.0663838051E-02  5.8143132430E-01
HessDelSqRho_EigVec1 = -3.3385876178E-01  3.9279536427E-01  8.5688396472E-01
HessDelSqRho_EigVec2 = -5.5368546102E-01  6.5397497052E-01 -5.1550863056E-01
HessDelSqRho_EigVec3 =  7.6287006589E-01  6.4655126613E-01  8.5019154343E-04
</CP of DelSqRho>
<Path of -GradDelSqRho>
Starting CP# =      3
Ending CP# =      0
Number of Points =     29
 -6.7319870021E-01  4.3025561781E+00  5.7693410108E-01  4.1905557923E-01 -9.9142960644E-01
 -6.6321075291E-01  4.3216929763E+00  5.8954456752E-01  4.0866767727E-01 -1.0015845468E+00
 -6.5322393948E-01  4.3408285762E+00  6.0215775003E-01  3.9930269064E-01 -1.0319896253E+00
 -6.4323815152E-01  4.3599628168E+00  6.1477380623E-01  3.9093272858E-01 -1.0826651821E+00
 -6.3325316065E-01  4.3790955006E+00  6.2739285396E-01  3.8352503803E-01 -1.1537526941E+00
 -6.2326867194E-01  4.3982264363E+00  6.4001494903E-01  3.7704211779E-01 -1.2454257622E+00
 -6.1328438283E-01  4.4173554834E+00  6.5264006395E-01  3.7144175152E-01 -1.3577102596E+00
 -6.0330004793E-01  4.4364826008E+00  6.6526806599E-01  3.6667708367E-01 -1.4901822417E+00
 -5.9331555100E-01  4.4556079012E+00  6.7789869165E-01  3.6269695470E-01 -1.6415186085E+00
 -5.8333098840E-01  4.4747317171E+00  6.9053151305E-01  3.5944683497E-01 -1.8089139545E+00
 -5.7334677290E-01  4.4938546876E+00  7.0316588837E-01  3.5687083426E-01 -1.9874729387E+00
 -5.6336377259E-01  4.5129778810E+00  7.1580088653E-01  3.5491536770E-01 -2.1698607509E+00
 -5.5338348362E-01  4.5321029475E+00  7.2843519150E-01  3.5353502735E-01 -2.3467336109E+00
 -5.4340808187E-01  4.5512321385E+00  7.4106711159E-01  3.5270089495E-01 -2.5086989172E+00
 -5.3343940184E-01  4.5703672325E+00  7.5369539674E-01  3.5241077228E-01 -2.6506029561E+00
 -5.2347380593E-01  4.5895044067E+00  7.6632296418E-01  3.5269952277E-01 -2.7785831386E+00
 -5.1349482989E-01  4.6086272191E+00  7.7896171219E-01  3.5364605644E-01 -2.9193725602E+00
 -5.0348707225E-01  4.6277208079E+00  7.9162186487E-01  3.5537186414E-01 -3.1298523193E+00
 -4.9345448657E-01  4.6467896372E+00  8.0429967608E-01  3.5802514668E-01 -3.5031950421E+00
 -4.8340734298E-01  4.6658441475E+00  8.1698748604E-01  3.6174561794E-01 -4.1667865132E+00
 -4.7335228829E-01  4.6848909936E+00  8.2968053622E-01  3.6660852999E-01 -5.2671083682E+00
 -4.6329270545E-01  4.7039335324E+00  8.4237646098E-01  3.7255254143E-01 -6.9384054426E+00
 -4.5323028949E-01  4.7229734356E+00  8.5507409351E-01  3.7930423971E-01 -9.2557986656E+00
 -4.4316591864E-01  4.7420115669E+00  8.6777283334E-01  3.8632063272E-01 -1.2180233521E+01
 -4.3310005652E-01  4.7610483860E+00  8.8047235850E-01  3.9277646447E-01 -1.5511987786E+01
 -4.2303293086E-01  4.7800841296E+00  8.9317249413E-01  3.9762104209E-01 -1.8877691986E+01
 -4.1296459477E-01  4.7991188837E+00  9.0587315335E-01  3.9971495733E-01 -2.1774910753E+01
 -4.0289485798E-01  4.8181525554E+00  9.1857432431E-01  3.9803055550E-01 -2.3680657214E+01
 -3.9483684388E-01  4.8333779417E+00  9.2873582117E-01  3.9347745468E-01 -2.4216808889E+01
</Path of -GradDelSqRho>
<Path of -GradDelSqRho>
Starting CP# =      3
Ending CP# =     20
Number of Points =     17
 -6.7319870021E-01  4.3025561781E+00  5.7693410108E-01  4.1905557923E-01 -9.9142960644E-01
 -6.8318768793E-01  4.2834183034E+00  5.6432609262E-01  4.3048916941E-01 -1.0016485416E+00
 -6.9317749327E-01  4.2642792867E+00  5.5172046581E-01  4.4298568965E-01 -1.0324818188E+00
 -7.0316760113E-01  4.2451389478E+00  5.3911708647E-01  4.5655629574E-01 -1.0842178026E+00
 -7.1315719944E-01  4.2259969129E+00  5.2651587918E-01  4.7120540209E-01 -1.1570872770E+00
 -7.2314512595E-01  4.2068525702E+00  5.1391685291E-01  4.8692999121E-01 -1.2511247530E+00
 -7.3312979611E-01  4.1877050149E+00  5.0132012769E-01  5.0371897484E-01 -1.3660004269E+00
 -7.4310909647E-01  4.1685529760E+00  4.8872596384E-01  5.2155271485E-01 -1.5008282152E+00
 -7.5308021867E-01  4.1493947081E+00  4.7613479706E-01  5.4040283081E-01 -1.6539573834E+00
 -7.6303939062E-01  4.1302278244E+00  4.6354728590E-01  5.6023243756E-01 -1.8227573157E+00
 -7.7298142214E-01  4.1110490209E+00  4.5096438271E-01  5.8099696735E-01 -2.0034061951E+00
 -7.8289889132E-01  4.0918535922E+00  4.3838745083E-01  6.0264573647E-01 -2.1906936242E+00
 -7.9278056698E-01  4.0726345077E+00  4.2581847927E-01  6.2512441181E-01 -2.3778423977E+00
 -8.0260798626E-01  4.0533804394E+00  4.1326052803E-01  6.4837850663E-01 -2.5563418236E+00
 -8.1234670817E-01  4.0340708186E+00  4.0071882648E-01  6.7235791925E-01 -2.7157572713E+00
 -8.2191726582E-01  4.0146598703E+00  3.8820431870E-01  6.9702180558E-01 -2.8434277037E+00
 -8.2922806461E-01  3.9783814791E+00  3.6535885379E-01  7.4003890668E-01 -2.9425772679E+00
</Path of -GradDelSqRho>
<Path of -GradDelSqRho>
Starting CP# =      4
Ending CP# =     21
Number of Points =     17
 -2.0301635892E+00  3.8526582329E+00 -5.7635386453E-01  4.1912036149E-01 -9.9192389328E-01
 -2.0107017783E+00  3.8432841337E+00 -5.6376958163E-01  4.3055509882E-01 -1.0021476164E+00
 -1.9912386436E+00  3.8339096011E+00 -5.5118766889E-01  4.4305287798E-01 -1.0329947684E+00
 -1.9717744916E+00  3.8245341819E+00 -5.3860799081E-01  4.5662484235E-01 -1.0847528102E+00
 -1.9523097504E+00  3.8151570904E+00 -5.2603047096E-01  4.7127539018E-01 -1.1576513825E+00
 -1.9328449867E+00  3.8057771405E+00 -5.1345511762E-01  4.8700148459E-01 -1.2517235917E+00
 -1.9133809304E+00  3.7963926591E+00 -5.0088205037E-01  5.0379201536E-01 -1.3666379459E+00
 -1.8939185167E+00  3.7870013632E+00 -4.8831152910E-01  5.2162732067E-01 -1.5015063747E+00
 -1.8744589546E+00  3.7776001737E+00 -4.7574398899E-01  5.4047899572E-01 -1.6546758550E+00
 -1.8550038429E+00  3.7681849209E+00 -4.6318008754E-01  5.6031013153E-01 -1.8235131959E+00
 -1.8355553708E+00  3.7587498509E+00 -4.5062077489E-01  5.8107613851E-01 -2.0041937531E+00
 -1.8161166813E+00  3.7492867504E+00 -4.3806740993E-01  6.0272631484E-01 -2.1915041024E+00
 -1.7966925866E+00  3.7397832608E+00 -4.2552197254E-01  6.2520631493E-01 -2.3786638689E+00
 -1.7772911389E+00  3.7302192462E+00 -4.1298750382E-01  6.4846164713E-01 -2.5571590792E+00
 -1.7579277040E+00  3.7205575866E+00 -4.0046919100E-01  6.7244221419E-01 -2.7165516507E+00
 -1.7386387695E+00  3.7107139474E+00 -3.8797786824E-01  6.9710718421E-01 -2.8441766617E+00
 -1.7111147709E+00  3.6860000665E+00 -3.6515803213E-01  7.4009039275E-01 -2.9431860144E+00
</Path of -GradDelSqRho>
<Path of -GradDelSqRho>
Starting CP# =      4
Ending CP# =      0
Number of Points =     29
 -2.0301635892E+00  3.8526582329E+00 -5.7635386453E-01  4.1912036149E-01 -9.9192389328E-01
 -2.0496239354E+00  3.8620320859E+00 -5.8894059588E-01  4.0873143242E-01 -1.0020838101E+00
 -2.0690826680E+00  3.8714056517E+00 -6.0153003536E-01  3.9936554253E-01 -1.0325040750E+00
 -2.0885397760E+00  3.8807787379E+00 -6.1412234277E-01  3.9099480024E-01 -1.0832052037E+00
 -2.1079953222E+00  3.8901510510E+00 -6.2671763817E-01  3.8358644693E-01 -1.1543284813E+00
 -2.1274494269E+00  3.8995222626E+00 -6.3931597947E-01  3.7710297122E-01 -1.2460467691E+00
 -2.1469022467E+00  3.9088920807E+00 -6.5191734092E-01  3.7150214243E-01 -1.3583843515E+00
 -2.1663539522E+00  3.9182603269E+00 -6.6452159073E-01  3.6673708740E-01 -1.4909144174E+00
 -2.1858047033E+00  3.9276270232E+00 -6.7712846521E-01  3.6275662771E-01 -1.6423092234E+00
 -2.2052546214E+00  3.9369924946E+00 -6.8973753448E-01  3.5950621666E-01 -1.8097565786E+00
 -2.2247037595E+00  3.9463575014E+00 -7.0234815214E-01  3.5692995391E-01 -1.9883524224E+00
 -2.2441520638E+00  3.9557234195E+00 -7.1495937869E-01  3.5497425841E-01 -2.1707527849E+00
 -2.2635993283E+00  3.9650924668E+00 -7.2756988444E-01  3.5359374882E-01 -2.3476079375E+00
 -2.2830451649E+00  3.9744677475E+00 -7.4017795902E-01  3.5275956501E-01 -2.5095289879E+00
 -2.3024891771E+00  3.9838517726E+00 -7.5278234129E-01  3.5246960391E-01 -2.6513845500E+00
 -2.3219319869E+00  3.9932392636E+00 -7.6538599782E-01  3.5275885833E-01 -2.7793624657E+00
 -2.3413768936E+00  4.0026071733E+00 -7.7800097859E-01  3.5370638479E-01 -2.9202803113E+00
 -2.3608272721E+00  4.0119344718E+00 -7.9063759564E-01  3.5543380145E-01 -3.1311345830E+00
 -2.3802826255E+00  4.0212271638E+00 -8.0329204237E-01  3.5808936052E-01 -3.5052267265E+00
 -2.3997410108E+00  4.0304997355E+00 -8.1595658481E-01  3.6181268092E-01 -4.1700502098E+00
 -2.4192011124E+00  4.0397614666E+00 -8.2862642197E-01  3.6667870417E-01 -5.2721234498E+00
 -2.4386622436E+00  4.0490170549E+00 -8.4129916661E-01  3.7262551866E-01 -6.9456002422E+00
 -2.4581240539E+00  4.0582688462E+00 -8.5397364083E-01  3.7937889240E-01 -9.2653352020E+00
 -2.4775863605E+00  4.0675180543E+00 -8.6664923824E-01  3.8639485643E-01 -1.2191821389E+01
 -2.4970490691E+00  4.0767653228E+00 -8.7932563362E-01  3.9284720498E-01 -1.5524756773E+01
 -2.5165121402E+00  4.0860109764E+00 -8.9200265040E-01  3.9768457767E-01 -1.8890212291E+01
 -2.5359755831E+00  4.0952551152E+00 -9.0468020093E-01  3.9976744153E-01 -2.1785425345E+01
 -2.5554394953E+00  4.1044975496E+00 -9.1735827367E-01  3.9806872659E-01 -2.3687507298E+01
 -2.5710114439E+00  4.1118890068E+00 -9.2750128971E-01  3.9350266461E-01 -2.4219912165E+01
</Path of -GradDelSqRho>
<Path of -GradDelSqRho>
Starting CP# =      5
Ending CP# =     18
Number of Points =     33
 -1.2476235862E+00  3.4400332742E+00  1.2436739647E-01  2.2564436315E+01  1.2315969692E+03
 -1.2642866592E+00  3.4419420841E+00  1.4290649574E-01  1.5650559639E+01  1.1496369847E+03
 -1.2809459995E+00  3.4438233664E+00  1.6145176870E-01  1.0963750545E+01  9.7983106730E+02
 -1.2976044310E+00  3.4456978640E+00  1.7999854502E-01  7.7963197385E+00  7.7169683099E+02
 -1.3142606904E+00  3.4475563408E+00  1.9854888294E-01  5.6638556148E+00  5.7100351293E+02
 -1.3309125841E+00  3.4493828591E+00  2.1710631064E-01  4.2290797716E+00  4.0666805210E+02
 -1.3475576894E+00  3.4511600805E+00  2.3567460763E-01  3.2611243901E+00  2.8390597556E+02
 -1.3641935122E+00  3.4528705890E+00  2.5425747770E-01  2.6049618841E+00  1.9559915389E+02
 -1.3808176501E+00  3.4544981971E+00  2.7285823584E-01  2.1571388138E+00  1.3256069001E+02
 -1.3974276568E+00  3.4560270777E+00  2.9147997524E-01  1.8482883966E+00  8.7596521619E+01
 -1.4140204348E+00  3.4574377590E+00  3.1012637424E-01  1.6315923004E+00  5.5807405889E+01
 -1.4305912852E+00  3.4587013276E+00  3.2880277297E-01  1.4754376586E+00  3.3801331686E+01
 -1.4471326181E+00  3.4597724598E+00  3.4751727577E-01  1.3586599926E+00  1.9030580131E+01
 -1.4636318537E+00  3.4605794660E+00  3.6628201352E-01  1.2673138627E+00  9.4748590694E+00
 -1.4800673133E+00  3.4610069312E+00  3.8511481640E-01  1.1923953347E+00  3.5374556015E+00
 -1.4963990070E+00  3.4608614349E+00  4.0404126239E-01  1.1282261601E+00  6.6867254005E-03
 -1.5125446223E+00  3.4597948921E+00  4.2309536397E-01  1.0713505701E+00 -1.9884679246E+00
 -1.5283013034E+00  3.4570994180E+00  4.4230544247E-01  1.0199080434E+00 -3.0410515595E+00
 -1.5429844818E+00  3.4510074688E+00  4.6153778625E-01  9.7389595192E-01 -3.5378434409E+00
 -1.5531347426E+00  3.4365712813E+00  4.7864497874E-01  9.4030274372E-01 -3.7383041698E+00
 -1.5525036974E+00  3.4132329116E+00  4.8666223990E-01  9.3391780977E-01 -3.8460324027E+00
 -1.5469391344E+00  3.3890289728E+00  4.8938695803E-01  9.3914627037E-01 -3.9420618076E+00
 -1.5401766209E+00  3.3650019090E+00  4.9075439459E-01  9.4565578100E-01 -4.0319018669E+00
 -1.5327994293E+00  3.3411265655E+00  4.9145349569E-01  9.5174062693E-01 -4.1151485470E+00
 -1.5248859834E+00  3.3174134893E+00  4.9157587858E-01  9.5715057266E-01 -4.1912930793E+00
 -1.5164488684E+00  3.2938855155E+00  4.9113182017E-01  9.6183757836E-01 -4.2598909132E+00
 -1.5074939826E+00  3.2705673228E+00  4.9012227500E-01  9.6578208422E-01 -4.3205758435E+00
 -1.4980273879E+00  3.2474838058E+00  4.8854695835E-01  9.6897322782E-01 -4.3730662077E+00
 -1.4880562874E+00  3.2246598098E+00  4.8640485132E-01  9.7140708309E-01 -4.4171688535E+00
 -1.4775896820E+00  3.2021199285E+00  4.8369383759E-01  9.7308644830E-01 -4.4527812317E+00
 -1.4666393947E+00  3.1798881459E+00  4.8040991981E-01  9.7402066551E-01 -4.4798916442E+00
 -1.4552219947E+00  3.1579871283E+00  4.7654561443E-01  9.7422537840E-01 -4.4985777157E+00
 -1.4335128304E+00  3.1193179479E+00  4.6803046034E-01  9.7281921689E-01 -4.5115584261E+00
</Path of -GradDelSqRho>
<Path of -GradDelSqRho>
Starting CP# =      5
Ending CP# =      1
Number of Points =      7
 -1.2476235862E+00  3.4400332742E+00  1.2436739647E-01  2.2564436315E+01  1.2315969692E+03
 -1.2309522318E+00  3.4380630830E+00  1.0584217364E-01  3.2797839818E+01  9.7965209731E+02
 -1.2142739217E+00  3.4360408172E+00  8.7328819013E-02  4.8049256158E+01 -8.0149293543E+02
 -1.1975925693E+00  3.4339956008E+00  6.8820724658E-02  7.0706973717E+01 -6.4017074546E+03
 -1.1809090121E+00  3.4319336823E+00  5.0316472541E-02  1.0434174317E+02 -2.0678473712E+04
 -1.1642218138E+00  3.4298440875E+00  3.1818608490E-02  1.5480581285E+02 -7.5467618603E+04
 -1.1352586583E+00  3.4261735888E+00 -2.7049401271E-04  2.9729409738E+02 -3.3293580626E+06
</Path of -GradDelSqRho>
<Path of -GradDelSqRho>
Starting CP# =      6
Ending CP# =      1
Number of Points =      7
 -1.0535437316E+00  3.5046321288E+00 -1.2484437959E-01  2.2564981957E+01  1.2316547118E+03
 -1.0657193152E+00  3.4930602745E+00 -1.0632825311E-01  3.2798730047E+01  9.7967122610E+02
 -1.0778693222E+00  3.4814425081E+00 -8.7824071866E-02  4.8050707763E+01 -8.0169577020E+02
 -1.0900080385E+00  3.4698045217E+00 -6.9325184748E-02  7.0709289773E+01 -6.4023499459E+03
 -1.1021385293E+00  3.4581518232E+00 -5.0830165340E-02  1.0434544508E+02 -2.0680868381E+04
 -1.1142553814E+00  3.4464747550E+00 -3.2341575860E-02  1.5481157870E+02 -7.5475703033E+04
 -1.1352586583E+00  3.4261735888E+00 -2.7049401271E-04  2.9729409738E+02 -3.3293580626E+06
</Path of -GradDelSqRho>
<Path of -GradDelSqRho>
Starting CP# =      6
Ending CP# =     13
Number of Points =     33
 -1.0535437316E+00  3.5046321288E+00 -1.2484437959E-01  2.2564981957E+01  1.2316547118E+03
 -1.0413380629E+00  3.5161498107E+00 -1.4337447440E-01  1.5650899990E+01  1.1496864125E+03
 -1.0291189133E+00  3.5276431811E+00 -1.6191078507E-01  1.0963969306E+01  9.7987111621E+02
 -1.0168964316E+00  3.5391305662E+00 -1.8044860905E-01  7.7964688026E+00  7.7172832233E+02
 -1.0046661058E+00  3.5506038067E+00 -1.9899001765E-01  5.6639680647E+00  5.7102618537E+02
 -9.9242015937E-01  3.5620488117E+00 -2.1753856236E-01  4.2291762035E+00  4.0668271564E+02
 -9.8015016076E-01  3.5734502295E+00 -2.3609804796E-01  3.2612168566E+00  2.8391432088E+02
 -9.6784768935E-01  3.5847926033E+00 -2.5467220342E-01  2.6050567947E+00  1.9560293012E+02
 -9.5550498564E-01  3.5960615160E+00 -2.7326436691E-01  2.1572390110E+00  1.3256131045E+02
 -9.4311454074E-01  3.6072428128E+00 -2.9187765399E-01  1.8483945487E+00  8.7595038285E+01
 -9.3066718681E-01  3.6183190259E+00 -3.1051577022E-01  1.6317038098E+00  5.5804598561E+01
 -9.1814938985E-01  3.6292641586E+00 -3.2918409599E-01  1.4755532586E+00  3.3797783389E+01
 -9.0554011378E-01  3.6400373227E+00 -3.4789079843E-01  1.3587781472E+00  1.9026718481E+01
 -8.9280654428E-01  3.6505734980E+00 -3.6664810696E-01  1.2674330352E+00  9.4709803673E+00
 -8.7989699352E-01  3.6607671438E+00 -3.8547400868E-01  1.1925141697E+00  3.5337467241E+00
 -8.6672776567E-01  3.6704391741E+00 -4.0439433986E-01  1.1283436271E+00  3.2491190716E-03
 -8.5315651688E-01  3.6792610370E+00 -4.2344356238E-01  1.0714661649E+00 -1.9915946217E+00
 -8.3892216632E-01  3.6865430976E+00 -4.4265083780E-01  1.0200223950E+00 -3.0438710180E+00
 -8.2351566028E-01  3.6904557087E+00 -4.6188396915E-01  9.7401406185E-01 -3.5403987547E+00
 -8.0675328462E-01  3.6849527009E+00 -4.7899456673E-01  9.4045293964E-01 -3.7407286742E+00
 -7.9331174683E-01  3.6658671489E+00 -4.8702453238E-01  9.3410601961E-01 -3.8485014802E+00
 -7.8329921900E-01  3.6431425789E+00 -4.8977508467E-01  9.3934503180E-01 -3.9445920145E+00
 -7.7435043333E-01  3.6198429449E+00 -4.9117069328E-01  9.4585947763E-01 -4.0344819042E+00
 -7.6598442418E-01  3.5962967284E+00 -4.9189823747E-01  9.5194786844E-01 -4.1177656842E+00
 -7.5814486595E-01  3.5725592857E+00 -4.9204902847E-01  9.5736052201E-01 -4.1939339987E+00
 -7.5083535541E-01  3.5486564438E+00 -4.9163327566E-01  9.6204945410E-01 -4.2625419029E+00
 -7.4406592904E-01  3.5246115058E+00 -4.9065189777E-01  9.6599510308E-01 -4.3232229787E+00
 -7.3784662135E-01  3.5004480453E+00 -4.8910458037E-01  9.6918660443E-01 -4.3756955362E+00
 -7.3218652607E-01  3.4761902772E+00 -4.8699027858E-01  9.7162003618E-01 -4.4197665830E+00
 -7.2709314845E-01  3.4518632878E+00 -4.8430685360E-01  9.7329820723E-01 -4.4553339149E+00
 -7.2257136842E-01  3.4274933607E+00 -4.8105028745E-01  9.7423047672E-01 -4.4823863581E+00
 -7.1862146515E-01  3.4031085606E+00 -4.7721306988E-01  9.7443251171E-01 -4.5010022308E+00
 -7.1292166030E-01  3.3594216962E+00 -4.6881006750E-01  9.7303670158E-01 -4.5138285298E+00
</Path of -GradDelSqRho>
<Path of -GradDelSqRho>
Starting CP# =     14
Ending CP# =     20
Number of Points =     17
 -6.4869295934E-01  3.9232077616E+00  2.4025951098E-03  7.7654075283E-01 -2.5753473240E+00
 -6.5436933794E-01  3.9317312296E+00  2.2717657381E-02  7.7227461065E-01 -2.5784129764E+00
 -6.6120280078E-01  3.9404570665E+00  4.5125089668E-02  7.6798910789E-01 -2.5884721254E+00
 -6.6865370343E-01  3.9484997821E+00  6.7591235651E-02  7.6410757428E-01 -2.6048432775E+00
 -6.7671494858E-01  3.9558453334E+00  9.0085397745E-02  7.6060891304E-01 -2.6266987836E+00
 -6.8537931243E-01  3.9624785389E+00  1.1257664808E-01  7.5746943587E-01 -2.6531096713E+00
 -6.9463951053E-01  3.9683826793E+00  1.3503361186E-01  7.5466373488E-01 -2.6830628844E+00
 -7.0448819022E-01  3.9735390571E+00  1.5742420228E-01  7.5216565542E-01 -2.7154813745E+00
