 AIMInt (Version 19.02.13, Professional)
 Portions Copyright (c) 1997-2019 by Todd A. Keith
 AIMInt is a component of the AIMAll package ( http://aim.tkgristmill.com )

 TP:  64-bit Linux

 Licensed To:  Research Group of Fernando Cortes Guzman, UNAM, fercor@unam.mx

 AIMInt is a heavily modified and extended version of the PROAIMV program
 developed by members of R.F.W. Bader's research group

 Much of the Quantum Theory of Atoms in Molecules (QTAIM) is described in the book:
   "Atoms in Molecules - A Quantum Theory"
   R.F.W. Bader, Oxford University Press, Oxford, 1990

 For additional references see:  http://aim.tkgristmill.com/references.html

 Current Directory:  /home/scratch/M_H2O_4_cuadrado_plano/Opt

 Inp File:  Zn2_cuadrado_plano_cc-pvtz-def2-tzv_1_atomicfiles/zn1.inp
 Wfx File:  Zn2_cuadrado_plano_cc-pvtz-def2-tzv_1.wfx
 Out File:  Zn2_cuadrado_plano_cc-pvtz-def2-tzv_1_atomicfiles/zn1.int

 Wfx Title:   Zn2_cuadrado_plano_cc-pvtz-def2-tzv_1                                         
 Job Title:   Zn2_cuadrado_plano_cc-pvtz-def2-tzv_1                                         
 
<Atom>
Zn1     
</Atom>
<Nuclei of Molecule>
    13
Zn1       30.0           1.0985088659E-05   2.7289269856E-05   1.1026632974E-04
O2         8.0          -3.4261669838E+00  -1.1353022225E+00  -1.3124067005E-04
H3         1.0          -4.8402386387E+00  -3.9126257796E-01   9.3357703697E-01
O4         8.0           3.4262098645E+00   1.1352365941E+00  -1.3122177278E-04
H5         1.0           4.1154443026E+00   2.5787984191E+00  -9.3082597205E-01
O6         8.0           1.1352802485E+00  -3.4262035309E+00  -2.7049458878E-04
H7         1.0           3.8995502140E-01  -4.8405587394E+00   9.3200091089E-01
O8         8.0          -1.1352585491E+00   3.4261732607E+00  -2.7049458878E-04
H9         1.0          -3.9113983236E-01   4.8403278121E+00   9.3339426266E-01
H10        1.0          -2.5780730200E+00   4.1152224887E+00  -9.3211160943E-01
H11        1.0           4.8406324556E+00   3.9009988105E-01   9.3224306040E-01
H12        1.0           2.5783078535E+00  -4.1156202128E+00  -9.3182663873E-01
H13        1.0          -4.1157343349E+00  -2.5770585599E+00  -9.3333142765E-01
</Nuclei of Molecule>
<Total Number of CPs of DelSqRho>
    42
</Total Number of CPs of DelSqRho>
<Number of (3,+3) CPs of DelSqRho>
     5
</Number of (3,+3) CPs of DelSqRho>
<Number of (3,+1) CPs of DelSqRho>
    16
</Number of (3,+1) CPs of DelSqRho>
<Number of (3,-1) CPs of DelSqRho>
    13
</Number of (3,-1) CPs of DelSqRho>
<Number of (3,-3) CPs of DelSqRho>
     8
</Number of (3,-3) CPs of DelSqRho>
<Number of Degenerate CPs of DelSqRho>
     0
</Number of Degenerate CPs of DelSqRho>
<CP of DelSqRho>
CP# = 1       
Type = (3,+3)
Coords =  1.09850886640526E-05  2.72892698446038E-05  1.10266329724961E-04
DistFromNuc =  1.7060497993E-14
Rho =  1.8312500908E+04
DelSqRho = -1.5216160363E+10
GradDelSqRho =  7.4451465252E-05  6.3824782956E-05 -3.6976612682E-04
HessDelSqRho_EigVals =  2.0984757901E+17  2.0984757901E+17  2.0984757955E+17
HessDelSqRho_EigVec1 = -4.8463466754E-01  8.7471666186E-01  2.1966277611E-05
HessDelSqRho_EigVec2 =  8.7471666213E-01  4.8463466731E-01  1.5307450829E-05
HessDelSqRho_EigVec3 = -2.7440626488E-06 -2.6632790374E-05  9.9999999964E-01
</CP of DelSqRho>
<CP of DelSqRho>
CP# = 2       
Type = (3,-3)
Coords = -1.06661136936668E-01 -2.12431137387292E-01  9.87040796599722E-05
DistFromNuc =  2.3773414733E-01
Rho =  4.3861592018E+01
DelSqRho =  4.6571754446E+03
GradDelSqRho = -4.3655745685E-11 -4.7293724492E-11 -5.6843418861E-14
HessDelSqRho_EigVals = -2.1624508631E+06 -9.0644779643E+03 -3.8055676445E+03
HessDelSqRho_EigVec1 =  4.4870349700E-01  8.9368068649E-01  4.8648529860E-05
HessDelSqRho_EigVec2 =  8.9368044996E-01 -4.4870341663E-01  7.0517071605E-04
HessDelSqRho_EigVec3 = -6.5202621117E-04  2.7293632622E-04  9.9999975018E-01
</CP of DelSqRho>
<CP of DelSqRho>
CP# = 3       
Type = (3,-3)
Coords =  1.06682467755119E-01  2.12486072798242E-01  1.22036912051338E-04
DistFromNuc =  2.3773417939E-01
Rho =  4.3861570838E+01
DelSqRho =  4.6571756583E+03
GradDelSqRho =  3.6379788071E-12 -7.2759576142E-11 -4.8672177400E-13
HessDelSqRho_EigVals = -2.1624503078E+06 -9.0643348943E+03 -3.8054387646E+03
HessDelSqRho_EigVec1 =  4.4870068525E-01  8.9368209819E-01  4.9310488315E-05
HessDelSqRho_EigVec2 =  8.9368186913E-01 -4.4870052926E-01 -7.4285969846E-04
HessDelSqRho_EigVec3 =  6.4175477177E-04 -3.7738954511E-04  9.9999972286E-01
</CP of DelSqRho>
<CP of DelSqRho>
CP# = 4       
Type = (3,-3)
Coords =  2.12468686687607E-01 -1.06646370704774E-01  1.07772306158230E-04
DistFromNuc =  2.3773418918E-01
Rho =  4.3861565559E+01
DelSqRho =  4.6571741474E+03
GradDelSqRho =  8.0035533756E-11 -3.0922819860E-11  3.8724579099E-13
HessDelSqRho_EigVals = -2.1624494890E+06 -9.0643527659E+03 -3.8051624257E+03
HessDelSqRho_EigVec1 =  8.9367752763E-01 -4.4870979096E-01 -1.0608970560E-05
HessDelSqRho_EigVec2 =  4.4870965863E-01  8.9367724542E-01  7.8947721756E-04
HessDelSqRho_EigVec3 = -3.4476516167E-04 -7.1029839547E-04  9.9999968831E-01
</CP of DelSqRho>
<CP of DelSqRho>
CP# = 5       
Type = (3,+1)
Coords = -7.48307362276599E-02  2.25812116568762E-01  1.49393817934480E-04
DistFromNuc =  2.3786566171E-01
Rho =  4.3947345338E+01
DelSqRho =  4.5931601531E+03
GradDelSqRho =  1.8189894035E-12 -1.4352963262E-11  7.1054273576E-14
HessDelSqRho_EigVals = -2.1526765775E+06  7.2862092334E+02  9.0489299672E+03
HessDelSqRho_EigVec1 = -3.1463901319E-01  9.4921139088E-01  1.6372238980E-04
HessDelSqRho_EigVec2 =  4.5094574169E-04 -2.3005676236E-05  9.9999989806E-01
HessDelSqRho_EigVec3 =  9.4921129788E-01  3.1463905495E-01 -4.2080435141E-04
</CP of DelSqRho>
<CP of DelSqRho>
CP# = 6       
Type = (3,+1)
Coords = -2.25773535873387E-01 -7.48155193477171E-02  8.41445827979305E-05
DistFromNuc =  2.3786571125E-01
Rho =  4.3947323939E+01
DelSqRho =  4.5931553717E+03
GradDelSqRho =  7.2759576142E-12 -3.2741809264E-11  2.7000623959E-13
HessDelSqRho_EigVals = -2.1526739195E+06  7.2918677093E+02  9.0492810509E+03
HessDelSqRho_EigVec1 =  9.4920999619E-01  3.1464324425E-01  1.0942287633E-04
HessDelSqRho_EigVec2 = -2.3056227137E-04  3.4778800412E-04  9.9999991294E-01
HessDelSqRho_EigVec3 = -3.1464317881E-01  9.4920993879E-01 -4.0266871113E-04
</CP of DelSqRho>
<CP of DelSqRho>
CP# = 7       
Type = (3,+1)
Coords =  2.25795691335316E-01  7.48695525290888E-02  1.23828019971543E-04
DistFromNuc =  2.3786571449E-01
Rho =  4.3947319586E+01
DelSqRho =  4.5931554078E+03
GradDelSqRho =  1.4551915228E-11 -7.2759576142E-12 -2.5579538487E-13
HessDelSqRho_EigVals = -2.1526738844E+06  7.2944896520E+02  9.0491434070E+03
HessDelSqRho_EigVec1 =  9.4921077983E-01  3.1464089407E-01  5.6871450960E-05
HessDelSqRho_EigVec2 =  1.0467086935E-04 -4.9652211172E-04  9.9999987125E-01
HessDelSqRho_EigVec3 = -3.1464088180E-01  9.4921065167E-01  5.0423787679E-04
</CP of DelSqRho>
<CP of DelSqRho>
CP# = 8       
Type = (3,+1)
Coords =  7.48543029506030E-02 -2.25757070076799E-01  8.23563290754209E-05
DistFromNuc =  2.3786571828E-01
Rho =  4.3947311762E+01
DelSqRho =  4.5931571061E+03
GradDelSqRho =  1.3642420527E-11 -9.8339114629E-12 -2.8421709430E-14
HessDelSqRho_EigVals = -2.1526738052E+06  7.2885270314E+02  9.0490409736E+03
HessDelSqRho_EigVec1 = -3.1464514822E-01  9.4920936413E-01  1.1724796495E-04
HessDelSqRho_EigVec2 = -4.2368095080E-04 -2.6396400560E-04  9.9999987541E-01
HessDelSqRho_EigVec3 =  9.4920927682E-01  3.1464505934E-01  4.8521691958E-04
</CP of DelSqRho>
<CP of DelSqRho>
CP# = 9       
Type = (3,-3)
Coords = -2.12445810718382E-01  1.06702609966181E-01  1.12747053541957E-04
DistFromNuc =  2.3773412489E-01
Rho =  4.3861605434E+01
DelSqRho =  4.6571769690E+03
GradDelSqRho = -7.2759576142E-12  0.0000000000E+00  4.9737991503E-14
HessDelSqRho_EigVals = -2.1624523076E+06 -9.0644619522E+03 -3.8055548153E+03
HessDelSqRho_EigVec1 =  8.9367377105E-01 -4.4871727271E-01 -1.0309041450E-05
HessDelSqRho_EigVec2 =  4.4871717773E-01  8.9367359638E-01 -6.3050490850E-04
HessDelSqRho_EigVec3 =  2.9213136112E-04  5.5883985526E-04  9.9999980118E-01
</CP of DelSqRho>
<CP of DelSqRho>
CP# = 10      
Type = (3,+1)
Coords = -4.50841761883453E-04 -2.79429113857828E-04  2.38395167665636E-01
DistFromNuc =  2.3828554628E-01
Rho =  4.3575158365E+01
DelSqRho =  4.6029493389E+03
GradDelSqRho = -2.6645352591E-15 -6.3948846218E-14  2.9103830457E-11
HessDelSqRho_EigVals = -2.1324625698E+06  3.6516763567E+01  3.6901847708E+01
HessDelSqRho_EigVec1 = -1.9448074437E-03 -1.2919816473E-03  9.9999727425E-01
HessDelSqRho_EigVec2 = -1.9075072695E-01  9.8163809779E-01  8.9728741875E-04
HessDelSqRho_EigVec3 =  9.8163658137E-01  1.9074846196E-01  2.1555435180E-03
</CP of DelSqRho>
<CP of DelSqRho>
CP# = 11      
Type = (3,+1)
Coords = -3.40794957523573E-04  2.69722264137133E-04 -2.38174916198424E-01
DistFromNuc =  2.3828556552E-01
Rho =  4.3575145176E+01
DelSqRho =  4.6029467721E+03
GradDelSqRho = -1.3677947663E-13 -1.4210854715E-14  3.6379788071E-12
HessDelSqRho_EigVals = -2.1324606643E+06  3.6646509289E+01  3.6997042272E+01
HessDelSqRho_EigVec1 =  1.4812697471E-03 -1.0210468493E-03  9.9999838165E-01
HessDelSqRho_EigVec2 =  1.4305939430E-02 -9.9989712173E-01 -1.0421344476E-03
HessDelSqRho_EigVec3 =  9.9989656762E-01  1.4307459960E-02 -1.4665103223E-03
</CP of DelSqRho>
<CP of DelSqRho>
CP# = 12      
Type = (3,-1)
Coords = -4.13352180635303E-05  2.62849014019206E-05  5.14225504908616E-01
DistFromNuc =  5.1411524124E-01
Rho =  7.0296278108E+00
DelSqRho = -7.6660620676E+01
GradDelSqRho =  4.3021142204E-16  1.6653345369E-16 -2.2737367544E-13
HessDelSqRho_EigVals = -1.1744918922E+02 -1.1744352643E+02  2.2959161466E+04
HessDelSqRho_EigVec1 =  6.6694871359E-02  9.9777341820E-01  8.6507529656E-06
HessDelSqRho_EigVec2 =  9.9777341304E-01 -6.6694871894E-02  1.0146203547E-04
HessDelSqRho_EigVec3 = -1.0181308280E-04 -1.8644939087E-06  9.9999999482E-01
</CP of DelSqRho>
<CP of DelSqRho>
CP# = 13      
Type = (3,-1)
Coords = -3.97994089966113E-05  4.06426876347711E-05 -5.14005139096072E-01
DistFromNuc =  5.1411540811E-01
Rho =  7.0296233385E+00
DelSqRho = -7.6659963446E+01
GradDelSqRho = -1.5265566589E-16  3.8857805862E-16  7.9580786405E-13
HessDelSqRho_EigVals = -1.1748323514E+02 -1.1745408597E+02  2.2959054028E+04
HessDelSqRho_EigVec1 = -2.5716863084E-01  9.6636654162E-01  5.0520797535E-05
HessDelSqRho_EigVec2 =  9.6636653789E-01  2.5716863449E-01 -8.8813152598E-05
HessDelSqRho_EigVec3 =  9.8818423642E-05 -2.5981651351E-05  9.9999999478E-01
</CP of DelSqRho>
<CP of DelSqRho>
CP# = 14      
Type = (3,-1)
Coords = -1.64204334048081E-02  4.95292362911024E-02 -2.32374973689110E-01
DistFromNuc =  2.3826418342E-01
Rho =  4.3592549591E+01
DelSqRho =  4.6029712603E+03
GradDelSqRho = -1.5120349417E-11 -6.3664629124E-12 -2.7739588404E-11
HessDelSqRho_EigVals = -2.1335186918E+06 -6.9281486015E+01  4.3180987127E+02
HessDelSqRho_EigVec1 =  6.9207948898E-02 -2.0849984202E-01  9.7557064105E-01
HessDelSqRho_EigVec2 = -3.0672465096E-01  9.2609831236E-01  2.1968592203E-01
HessDelSqRho_EigVec3 =  9.4927880431E-01  3.1443557643E-01 -1.4132340923E-04
</CP of DelSqRho>
<CP of DelSqRho>
CP# = 15      
Type = (3,-1)
Coords =  1.64672857960413E-02 -4.96359971490186E-02 -2.32338630960164E-01
DistFromNuc =  2.3826401680E-01
Rho =  4.3592677373E+01
DelSqRho =  4.6029723356E+03
GradDelSqRho =  1.0516032489E-11  2.0918378141E-11 -2.6261659514E-11
HessDelSqRho_EigVals = -2.1335264770E+06 -7.0375249182E+01  4.3454601963E+02
HessDelSqRho_EigVec1 = -6.9313707820E-02  2.0917952612E-01  9.7541762121E-01
HessDelSqRho_EigVec2 = -3.0794413709E-01  9.2553228666E-01 -2.2036423210E-01
HessDelSqRho_EigVec3 =  9.4887618704E-01  3.1564839967E-01 -2.6353417262E-04
</CP of DelSqRho>
<CP of DelSqRho>
CP# = 16      
Type = (3,-1)
Coords = -4.96025570386377E-02 -1.64052698225927E-02 -2.32351024983286E-01
DistFromNuc =  2.3826410665E-01
Rho =  4.3592612585E+01
DelSqRho =  4.6029716340E+03
GradDelSqRho =  2.0008883439E-11 -2.0463630790E-12 -4.4792614062E-11
HessDelSqRho_EigVals = -2.1335227261E+06 -6.9815191460E+01  4.3342777323E+02
HessDelSqRho_EigVec1 =  2.0896930836E-01  6.9213337240E-02  9.7546980584E-01
HessDelSqRho_EigVec2 =  9.2560857631E-01  3.0788013922E-01 -2.2013310368E-01
HessDelSqRho_EigVec3 = -3.1556392637E-01  9.4890428064E-01  2.7304120682E-04
</CP of DelSqRho>
<CP of DelSqRho>
CP# = 17      
Type = (3,+3)
Coords =  4.82052753719191E-01  1.59882422749091E-01  1.26585250643403E-04
DistFromNuc =  5.0785621063E-01
Rho =  7.4403925922E+00
DelSqRho = -9.3101757155E+01
GradDelSqRho = -2.8421709430E-13 -1.7053025658E-13  1.0658141036E-14
HessDelSqRho_EigVals =  1.3450048767E+02  3.2379332445E+02  2.6001165079E+04
HessDelSqRho_EigVec1 =  3.4589764877E-03 -1.0532663691E-02  9.9993854735E-01
HessDelSqRho_EigVec2 = -3.1473995219E-01  9.4911319767E-01  1.1086049477E-02
HessDelSqRho_EigVec3 =  9.4917163778E-01  3.1475895698E-01  3.2089831657E-05
</CP of DelSqRho>
<CP of DelSqRho>
CP# = 18      
Type = (3,+3)
Coords = -4.82030334199502E-01 -1.59829083163097E-01  1.00577143024670E-04
DistFromNuc =  5.0785617393E-01
Rho =  7.4403911585E+00
DelSqRho = -9.3101987149E+01
GradDelSqRho =  4.2632564146E-13  6.2527760747E-13 -1.7763568394E-14
HessDelSqRho_EigVals =  1.3454426490E+02  3.2377522712E+02  2.6001187936E+04
HessDelSqRho_EigVec1 = -3.4669475580E-03  1.0394372348E-02  9.9993996685E-01
HessDelSqRho_EigVec2 = -3.1474231726E-01  9.4911390854E-01 -1.0957296275E-02
HessDelSqRho_EigVec3 =  9.4917082446E-01  3.1476141066E-01  1.8979308314E-05
</CP of DelSqRho>
<CP of DelSqRho>
CP# = 19      
Type = (3,+3)
Coords = -1.59857230011429E-01  4.82064405786714E-01  1.13923327616223E-04
DistFromNuc =  5.0785591255E-01
Rho =  7.4404099897E+00
DelSqRho = -9.3102554724E+01
GradDelSqRho =  8.5265128291E-13 -1.4779288904E-12  7.1054273576E-15
HessDelSqRho_EigVals =  1.3452307099E+02  3.2379451045E+02  2.6001329100E+04
HessDelSqRho_EigVec1 =  1.0425787047E-02  3.4500633378E-03  9.9993969820E-01
HessDelSqRho_EigVec2 =  9.4910577314E-01  3.1476599479E-01 -1.0981799516E-02
HessDelSqRho_EigVec3 = -3.1478490173E-01  9.4916303425E-01  7.2081995692E-06
</CP of DelSqRho>
<CP of DelSqRho>
CP# = 20      
Type = (3,+3)
Coords =  1.59859752281866E-01 -4.82016782298834E-01  6.48797277524419E-05
DistFromNuc =  5.0785639443E-01
Rho =  7.4403803941E+00
DelSqRho = -9.3101232337E+01
GradDelSqRho =  1.7053025658E-13 -7.9580786405E-13  1.7763568394E-14
HessDelSqRho_EigVals =  1.3448757961E+02  3.2377458074E+02  2.6001072658E+04
HessDelSqRho_EigVec1 = -1.0478204170E-02 -3.5684256129E-03  9.9993873491E-01
HessDelSqRho_EigVec2 =  9.4911798146E-01  3.1472613298E-01  1.1068806917E-02
HessDelSqRho_EigVec3 = -3.1474634947E-01  9.4917581488E-01  8.9092235672E-05
</CP of DelSqRho>
<CP of DelSqRho>
CP# = 21      
Type = (3,-1)
Coords =  2.29302623363452E-01  4.56852248165130E-01  2.14857733852669E-04
DistFromNuc =  5.1113961830E-01
Rho =  7.2552126445E+00
DelSqRho = -8.2798156292E+01
GradDelSqRho =  5.1159076975E-13  1.1368683772E-13 -2.6645352591E-14
HessDelSqRho_EigVals = -3.1136785797E+02 -2.6407768458E+01  2.4451649247E+04
HessDelSqRho_EigVec1 =  8.9371823161E-01 -4.4857061380E-01 -7.2198982375E-03
HessDelSqRho_EigVec2 =  6.3613422136E-03 -3.4207822552E-03  9.9997391545E-01
HessDelSqRho_EigVec3 =  4.4858361073E-01  8.9374084761E-01  2.0370428649E-04
</CP of DelSqRho>
<CP of DelSqRho>
CP# = 22      
Type = (3,-1)
Coords = -4.56817780286431E-01  2.29310296487968E-01  1.57590112422284E-04
DistFromNuc =  5.1113914007E-01
Rho =  7.2552376499E+00
DelSqRho = -8.2799503415E+01
GradDelSqRho =  1.3073986338E-12 -2.8421709430E-13 -5.3290705182E-15
HessDelSqRho_EigVals = -3.1134909085E+02 -2.6358937398E+01  2.4451890129E+04
HessDelSqRho_EigVec1 =  4.4855523091E-01  8.9372623182E-01 -7.1852196307E-03
HessDelSqRho_EigVec2 =  3.3053857943E-03  6.3804617449E-03  9.9997418173E-01
HessDelSqRho_EigVec3 =  8.9374900237E-01 -4.4856739992E-01 -9.2120499335E-05
</CP of DelSqRho>
<CP of DelSqRho>
CP# = 23      
Type = (3,-1)
Coords =  4.56833285383066E-01 -2.29269830444839E-01  1.44903477491439E-04
DistFromNuc =  5.1113969163E-01
Rho =  7.2552085612E+00
DelSqRho = -8.2798027327E+01
GradDelSqRho = -2.2168933356E-12  1.2505552149E-12  1.0658141036E-14
HessDelSqRho_EigVals = -3.1135671156E+02 -2.6417881367E+01  2.4451610007E+04
HessDelSqRho_EigVec1 =  4.4858196367E-01  8.9371182295E-01  7.3074880093E-03
HessDelSqRho_EigVec2 = -3.3382971219E-03 -6.5007453800E-03  9.9997329768E-01
HessDelSqRho_EigVec3 =  8.9373546290E-01 -4.4859438006E-01  6.7358478445E-05
</CP of DelSqRho>
<CP of DelSqRho>
CP# = 24      
Type = (3,-1)
Coords = -2.29278041602100E-01 -4.56798725762793E-01  7.02014043340063E-05
DistFromNuc =  5.1113938156E-01
Rho =  7.2552237350E+00
DelSqRho = -8.2798928479E+01
GradDelSqRho =  2.5579538487E-13  9.3791641120E-13 -7.1054273576E-15
HessDelSqRho_EigVals = -3.1134405649E+02 -2.6383594779E+01  2.4451767954E+04
HessDelSqRho_EigVec1 =  8.9371993262E-01 -4.4856775617E-01  7.1868052175E-03
HessDelSqRho_EigVec2 = -6.4582290871E-03  3.1539750893E-03  9.9997417153E-01
HessDelSqRho_EigVec3 =  4.4857883735E-01  8.9374326323E-01  7.8182926132E-05
</CP of DelSqRho>
<CP of DelSqRho>
CP# = 25      
Type = (3,+1)
Coords =  2.09206809898773E-01  4.13604602328413E-01  2.15889948287949E-01
DistFromNuc =  5.1124354093E-01
Rho =  7.2396527374E+00
DelSqRho = -8.3104905701E+01
GradDelSqRho =  1.7053025658E-13 -2.2737367544E-13  1.1013412404E-13
HessDelSqRho_EigVals = -2.5598425410E+02  4.3304019812E+01  2.4380547090E+04
HessDelSqRho_EigVec1 =  8.9335893218E-01 -4.4931351197E-01 -5.2140442722E-03
HessDelSqRho_EigVec2 = -1.8475489586E-01 -3.7787158638E-01  9.0723684485E-01
HessDelSqRho_EigVec3 =  4.0960401213E-01  8.0952481875E-01  4.2058782802E-01
</CP of DelSqRho>
<CP of DelSqRho>
CP# = 26      
Type = (3,+1)
Coords = -4.13642926611709E-01  2.09240165695243E-01  2.15725456823644E-01
DistFromNuc =  5.1124308963E-01
Rho =  7.2396912129E+00
DelSqRho = -8.3105433199E+01
GradDelSqRho = -2.8421709430E-14 -7.1054273576E-14  2.8421709430E-13
HessDelSqRho_EigVals = -2.5604237962E+02  4.3248495091E+01  2.4380796573E+04
HessDelSqRho_EigVec1 =  4.4929741826E-01  8.9336729309E-01 -5.1681306996E-03
HessDelSqRho_EigVec2 = -3.7756946543E-01  1.8464017880E-01 -9.0738597253E-01
HessDelSqRho_EigVec3 =  8.0967470549E-01 -4.0963750317E-01 -4.2026656693E-01
</CP of DelSqRho>
<CP of DelSqRho>
CP# = 27      
Type = (3,+1)
Coords =  4.13561035338886E-01 -2.09182174486197E-01  2.15928941468097E-01
DistFromNuc =  5.1124352742E-01
Rho =  7.2396492954E+00
DelSqRho = -8.3105266747E+01
GradDelSqRho = -1.1652900866E-12  3.4106051316E-13 -8.5265128291E-13
HessDelSqRho_EigVals = -2.5593433681E+02  4.3330204992E+01  2.4380539122E+04
HessDelSqRho_EigVec1 = -4.4932543542E-01 -8.9335244533E-01 -5.2973112292E-03
HessDelSqRho_EigVec2 = -3.7797122055E-01  1.8472704475E-01  9.0720101156E-01
HessDelSqRho_EigVec3 =  8.0947168544E-01 -4.0963072072E-01  4.2066407396E-01
</CP of DelSqRho>
<CP of DelSqRho>
CP# = 28      
Type = (3,+1)
Coords = -2.09199787162494E-01 -4.13584197343856E-01  2.15809147069775E-01
DistFromNuc =  5.1124320654E-01
Rho =  7.2396761504E+00
DelSqRho = -8.3105708550E+01
GradDelSqRho =  2.5579538487E-13  2.2737367544E-13 -9.9475983006E-14
HessDelSqRho_EigVals = -2.5597106032E+02  4.3297880624E+01  2.4380716314E+04
HessDelSqRho_EigVec1 =  8.9336721016E-01 -4.4929666684E-01  5.2471882566E-03
HessDelSqRho_EigVec2 =  1.8464973742E-01  3.7774784133E-01  9.0730978328E-01
HessDelSqRho_EigVec3 =  4.0963337546E-01  8.0959191790E-01 -4.2043004671E-01
</CP of DelSqRho>
<CP of DelSqRho>
CP# = 29      
Type = (3,+1)
Coords =  2.06897116672347E-01  4.14743102802941E-01 -2.15710756137981E-01
DistFromNuc =  5.1124337763E-01
Rho =  7.2396627719E+00
DelSqRho = -8.3105886763E+01
GradDelSqRho =  2.8421709430E-14  3.4106051316E-13 -2.7355895327E-13
HessDelSqRho_EigVals = -2.5591769136E+02  4.3358717008E+01  2.4380610311E+04
HessDelSqRho_EigVec1 =  8.9421250526E-01 -4.4763114965E-01 -3.2170315943E-03
HessDelSqRho_EigVec2 =  1.9091601464E-01  3.7486436891E-01  9.0720878538E-01
HessDelSqRho_EigVec3 =  4.0488896105E-01  8.1185162363E-01 -4.2066836157E-01
</CP of DelSqRho>
<CP of DelSqRho>
CP# = 30      
Type = (3,+1)
Coords = -4.14778608473898E-01  2.06944115248313E-01 -2.15538662987553E-01
DistFromNuc =  5.1124303469E-01
Rho =  7.2396954045E+00
DelSqRho = -8.3105954969E+01
GradDelSqRho =  8.8107299234E-13 -5.4001247918E-13  6.2527760747E-13
HessDelSqRho_EigVals = -2.5600570080E+02  4.3280967168E+01  2.4380815764E+04
HessDelSqRho_EigVec1 = -4.4762505740E-01 -8.9421550724E-01  3.2302628772E-03
HessDelSqRho_EigVec2 = -3.7455951130E-01  1.9077420073E-01  9.0736452258E-01
HessDelSqRho_EigVec3 =  8.1199567763E-01 -4.0494917081E-01  4.2033223594E-01
</CP of DelSqRho>
<CP of DelSqRho>
CP# = 31      
Type = (3,+1)
Coords =  4.14716318864457E-01 -2.06839120888210E-01 -2.15750044898621E-01
DistFromNuc =  5.1124348355E-01
Rho =  7.2396541063E+00
DelSqRho = -8.3105728547E+01
GradDelSqRho =  1.2079226508E-12 -1.0373923942E-12 -2.2737367544E-13
HessDelSqRho_EigVals = -2.5590813001E+02  4.3359865170E+01  2.4380555858E+04
HessDelSqRho_EigVec1 =  4.4763908081E-01  8.9420824805E-01  3.2958221477E-03
HessDelSqRho_EigVec2 = -3.7489954281E-01  1.9101766003E-01 -9.0717285363E-01
HessDelSqRho_EigVec3 =  8.1183100836E-01 -4.0485042012E-01 -4.2074523313E-01
</CP of DelSqRho>
<CP of DelSqRho>
CP# = 32      
Type = (3,+1)
Coords = -2.06904309478277E-01 -4.14720836944393E-01 -2.15620534388564E-01
DistFromNuc =  5.1124331360E-01
Rho =  7.2396728280E+00
DelSqRho = -8.3105575602E+01
GradDelSqRho =  2.4158453016E-13  2.2737367544E-13  7.3541173151E-13
HessDelSqRho_EigVals = -2.5597780022E+02  4.3299149213E+01  2.4380667474E+04
HessDelSqRho_EigVec1 =  8.9421917636E-01 -4.4761841683E-01  3.1332965730E-03
HessDelSqRho_EigVec2 = -1.9076399733E-01 -3.7474332425E-01  9.0729076831E-01
HessDelSqRho_EigVec3 =  4.0494587534E-01  8.1191452373E-01  4.2049214523E-01
</CP of DelSqRho>
<CP of DelSqRho>
CP# = 33      
Type = (3,-1)
Coords =  7.90517348506784E-01  2.62721630268542E-01  2.00466672764690E-04
DistFromNuc =  8.3301178595E-01
Rho =  2.0205683026E+00
DelSqRho =  1.8310245958E+01
GradDelSqRho =  8.5265128291E-14 -2.5934809855E-13 -3.3639757646E-14
HessDelSqRho_EigVals = -8.0424363475E+02 -3.4758754530E+00  4.5774997385E+00
HessDelSqRho_EigVec1 =  9.4896667048E-01  3.1537635655E-01  1.0978749187E-04
HessDelSqRho_EigVec2 =  1.8107040351E-02 -5.4831574208E-02  9.9833142471E-01
HessDelSqRho_EigVec3 = -3.1485614717E-01  9.4738126021E-01  5.7743868827E-02
</CP of DelSqRho>
<CP of DelSqRho>
CP# = 34      
Type = (3,-1)
Coords = -7.90497308389216E-01 -2.62662351099821E-01  1.99843680997259E-04
DistFromNuc =  8.3301213511E-01
Rho =  2.0205662030E+00
DelSqRho =  1.8310202907E+01
GradDelSqRho =  1.7585932710E-13  2.8066438063E-13 -3.1419311597E-14
HessDelSqRho_EigVals = -8.0424112789E+02 -3.4774675118E+00  4.5789277886E+00
HessDelSqRho_EigVec1 =  9.4896880058E-01  3.1536994692E-01 -1.1005680311E-04
HessDelSqRho_EigVec2 = -1.8074020471E-02  5.4734306533E-02  9.9833736055E-01
HessDelSqRho_EigVec3 = -3.1485162429E-01  9.4738901844E-01 -5.7641152097E-02
</CP of DelSqRho>
<CP of DelSqRho>
CP# = 35      
Type = (3,-1)
Coords = -2.62680809124500E-01  7.90534596912233E-01  1.68543454921052E-04
DistFromNuc =  8.3301187601E-01
Rho =  2.0205678702E+00
DelSqRho =  1.8310334584E+01
GradDelSqRho =  0.0000000000E+00  1.2079226508E-13 -2.8088642523E-14
HessDelSqRho_EigVals = -8.0424708602E+02 -3.4777773543E+00  4.5777813823E+00
HessDelSqRho_EigVec1 = -3.1537167149E-01  9.4896823115E-01  7.1355792837E-05
HessDelSqRho_EigVec2 =  5.4742949312E-02  1.8117717537E-02  9.9833609462E-01
HessDelSqRho_EigVec3 =  9.4738794499E-01  3.1485082910E-01 -5.7663134639E-02
</CP of DelSqRho>
<CP of DelSqRho>
CP# = 36      
Type = (3,-1)
Coords =  2.62695375412809E-01 -7.90482182429457E-01  1.62010800448682E-04
DistFromNuc =  8.3301159442E-01
Rho =  2.0205691061E+00
DelSqRho =  1.8310232135E+01
GradDelSqRho = -8.8817841970E-14  7.1054273576E-15 -3.3417713041E-14
HessDelSqRho_EigVals = -8.0424334010E+02 -3.4765714485E+00  4.5779310985E+00
HessDelSqRho_EigVec1 = -3.1536446387E-01  9.4897062686E-01 -6.5406857504E-05
HessDelSqRho_EigVec2 = -5.4791392610E-02 -1.8139613431E-02  9.9833303948E-01
HessDelSqRho_EigVec3 =  9.4738754384E-01  3.1484234750E-01  5.7716011656E-02
</CP of DelSqRho>
<CP of DelSqRho>
CP# = 37      
Type = (3,+1)
Coords = -1.02357459044409E-04 -3.44448255663954E-05  8.27686665553486E-01
DistFromNuc =  8.2757640929E-01
Rho =  2.0401477594E+00
DelSqRho =  1.7536293780E+01
GradDelSqRho = -3.1540742240E-14 -1.7326418078E-14 -1.4779288904E-12
HessDelSqRho_EigVals = -7.7702468615E+02  1.1397784087E+00  1.1401720582E+00
HessDelSqRho_EigVec1 = -1.3663184332E-04 -7.3006443471E-05  9.9999998800E-01
HessDelSqRho_EigVec2 = -1.4816689546E-01  9.8896236955E-01  5.1956309906E-05
HessDelSqRho_EigVec3 =  9.8896236148E-01  1.4816688658E-01  1.4594088960E-04
</CP of DelSqRho>
<CP of DelSqRho>
CP# = 38      
Type = (3,+1)
Coords = -8.87670478615826E-05  6.97591627979375E-05 -8.27465788353672E-01
DistFromNuc =  8.2757606178E-01
Rho =  2.0401512110E+00
DelSqRho =  1.7536301295E+01
GradDelSqRho = -1.9054202660E-14  8.1774864658E-15  1.2363443602E-12
HessDelSqRho_EigVals = -7.7702387631E+02  1.1394986516E+00  1.1396942129E+00
HessDelSqRho_EigVec1 =  1.2045547373E-04 -5.0937505557E-05  9.9999999145E-01
HessDelSqRho_EigVec2 =  1.9068407420E-01  9.8165145704E-01  2.7033936288E-05
HessDelSqRho_EigVec3 =  9.8165145003E-01 -1.9068406931E-01 -1.2795826239E-04
</CP of DelSqRho>
<CP of DelSqRho>
CP# = 39      
Type = (3,-3)
Coords =  3.70036928516850E-01  7.38380543634717E-01  8.17473783363304E-05
DistFromNuc =  8.2588420971E-01
Rho =  2.0623282904E+00
DelSqRho =  1.8730391139E+01
GradDelSqRho = -3.6415315208E-14  1.5276668819E-13  4.5241588253E-15
HessDelSqRho_EigVals = -8.3236106408E+02 -6.1198473537E+00 -4.9758982907E+00
HessDelSqRho_EigVec1 =  4.4805703749E-01  8.9400497206E-01 -3.2800829225E-05
HessDelSqRho_EigVec2 = -4.2159469130E-01  2.1132700443E-01  8.8181563462E-01
HessDelSqRho_EigVec3 =  7.8835449350E-01 -3.9508987221E-01  4.7159430177E-01
</CP of DelSqRho>
<CP of DelSqRho>
CP# = 40      
Type = (3,-3)
Coords = -7.38317240881997E-01  3.70104574512028E-01  6.57634822424437E-05
DistFromNuc =  8.2588483961E-01
Rho =  2.0623235468E+00
DelSqRho =  1.8730459050E+01
GradDelSqRho =  1.1013412404E-13 -2.1316282073E-14 -3.7747582837E-15
HessDelSqRho_EigVals = -8.3236266717E+02 -6.1204766795E+00 -4.9774001126E+00
HessDelSqRho_EigVec1 =  8.9397614174E-01 -4.4811455594E-01  5.2547162125E-05
HessDelSqRho_EigVec2 = -2.1127517298E-01 -4.2138470766E-01  8.8192841514E-01
HessDelSqRho_EigVec3 =  3.9518281755E-01  7.8843406377E-01  4.7138335546E-01
</CP of DelSqRho>
<CP of DelSqRho>
CP# = 41      
Type = (3,-3)
Coords =  7.38347699124084E-01 -3.70031915692967E-01  4.79829737048716E-05
DistFromNuc =  8.2588432746E-01
Rho =  2.0623274288E+00
DelSqRho =  1.8730347622E+01
GradDelSqRho = -8.5265128291E-14 -1.7763568394E-14  1.7763568394E-15
HessDelSqRho_EigVals = -8.3235901261E+02 -6.1192359082E+00 -4.9757783016E+00
HessDelSqRho_EigVec1 =  8.9398570285E-01 -4.4809547824E-01 -7.4035705462E-05
HessDelSqRho_EigVec2 =  2.1142851200E-01  4.2167081510E-01  8.8175490246E-01
HessDelSqRho_EigVec3 =  3.9507916601E-01  7.8829192947E-01 -4.7170784021E-01
</CP of DelSqRho>
<CP of DelSqRho>
CP# = 42      
Type = (3,-3)
Coords = -3.70051790824919E-01 -7.38308172524163E-01  2.89934709160371E-05
DistFromNuc =  8.2588480968E-01
Rho =  2.0623237844E+00
DelSqRho =  1.8730391627E+01
GradDelSqRho =  1.7763568394E-15  8.8817841970E-14 -2.6090241079E-15
HessDelSqRho_EigVals = -8.3235963031E+02 -6.1203933892E+00 -4.9767978588E+00
HessDelSqRho_EigVec1 =  4.4809842189E-01  8.9398422513E-01  9.7602334789E-05
HessDelSqRho_EigVec2 =  4.2161918070E-01 -2.1142761580E-01  8.8177980797E-01
HessDelSqRho_EigVec3 =  7.8831787419E-01 -3.9508298939E-01 -4.7166127754E-01
</CP of DelSqRho>
<Path of -GradDelSqRho>
Starting CP# =      5
Ending CP# =     19
Number of Points =     11
 -7.4830736228E-02  2.2581211657E-01  1.4939381793E-04  4.3947345338E+01  4.5931601531E+03
 -8.2696713186E-02  2.4954240080E-01  1.5348445995E-04  3.0849511723E+01  4.0937835770E+03
 -9.0562694659E-02  2.7327268354E-01  1.5756881312E-04  2.2349830578E+01  3.1257689667E+03
 -9.8428682772E-02  2.9700296408E-01  1.6164495942E-04  1.7012548336E+01  2.1619124488E+03
 -1.0629468052E-01  3.2073324142E-01  1.6571086478E-04  1.3731000486E+01  1.3776390496E+03
 -1.1416069244E-01  3.4446351407E-01  1.6976400694E-04  1.1719751501E+01  8.0336445147E+02
 -1.2202672602E-01  3.6819377954E-01  1.7380058821E-04  1.0452854068E+01  4.1346749358E+02
 -1.2989279459E-01  3.9192403342E-01  1.7781416497E-04  9.5953331607E+00  1.6639450407E+02
 -1.3775892434E-01  4.1565426703E-01  1.8179259108E-04  8.9445952940E+00  2.1471771490E+01
 -1.4562517691E-01  4.3938445993E-01  1.8570833535E-04  8.3854695347E+00 -5.4689417643E+01
 -1.5985723001E-01  4.8206440579E-01  1.1392332762E-04  7.4404099897E+00 -9.3102554724E+01
</Path of -GradDelSqRho>
<Path of -GradDelSqRho>
Starting CP# =      5
Ending CP# =      0
Number of Points =    400
 -7.4830736228E-02  2.2581211657E-01  1.4939381793E-04  4.3947345338E+01  4.5931601531E+03
 -6.6964762133E-02  2.0208183139E-01  1.4529883278E-04  6.3271300081E+01  3.7090842273E+03
 -5.9098789996E-02  1.7835154556E-01  1.4120062116E-04  9.0255277606E+01  1.1178777390E+02
 -5.1232818781E-02  1.5462125942E-01  1.3710051647E-04  1.2547331098E+02 -7.3368640822E+03
 -4.3366842090E-02  1.3089097510E-01  1.3300884402E-04  1.6814514859E+02 -1.5254343763E+04
 -4.2579964058E-02  1.2851803951E-01  1.3307576881E-04  1.7279127140E+02 -1.5461397894E+04
 -4.2579668501E-02  1.2851813738E-01  1.3359911699E-04  1.7279127141E+02 -1.5461397894E+04
 -4.2579384252E-02  1.2851823150E-01  1.3412491234E-04  1.7279127142E+02 -1.5461397895E+04
 -4.2579110878E-02  1.2851832200E-01  1.3465316627E-04  1.7279127143E+02 -1.5461397896E+04
 -4.2578847965E-02  1.2851840904E-01  1.3518389024E-04  1.7279127145E+02 -1.5461397896E+04
 -4.2578595110E-02  1.2851849274E-01  1.3571709579E-04  1.7279127146E+02 -1.5461397897E+04
 -4.2578351930E-02  1.2851857323E-01  1.3625279448E-04  1.7279127147E+02 -1.5461397897E+04
 -4.2578118053E-02  1.2851865064E-01  1.3679099796E-04  1.7279127148E+02 -1.5461397898E+04
 -4.2577893125E-02  1.2851872507E-01  1.3733171791E-04  1.7279127149E+02 -1.5461397898E+04
 -4.2577676801E-02  1.2851879665E-01  1.3787496607E-04  1.7279127150E+02 -1.5461397899E+04
 -4.2577468754E-02  1.2851886548E-01  1.3842075424E-04  1.7279127152E+02 -1.5461397899E+04
 -4.2577268665E-02  1.2851893167E-01  1.3896909428E-04  1.7279127153E+02 -1.5461397900E+04
 -4.2577076231E-02  1.2851899532E-01  1.3951999811E-04  1.7279127154E+02 -1.5461397900E+04
 -4.2576891158E-02  1.2851905653E-01  1.4007347768E-04  1.7279127155E+02 -1.5461397901E+04
 -4.2576713165E-02  1.2851911539E-01  1.4062954502E-04  1.7279127156E+02 -1.5461397901E+04
 -4.2576541981E-02  1.2851917199E-01  1.4118821222E-04  1.7279127157E+02 -1.5461397902E+04
 -4.2576377344E-02  1.2851922641E-01  1.4174949141E-04  1.7279127159E+02 -1.5461397902E+04
 -4.2576219005E-02  1.2851927875E-01  1.4231339479E-04  1.7279127160E+02 -1.5461397903E+04
 -4.2576066722E-02  1.2851932907E-01  1.4287993461E-04  1.7279127161E+02 -1.5461397903E+04
 -4.2575920264E-02  1.2851937746E-01  1.4344912318E-04  1.7279127162E+02 -1.5461397904E+04
 -4.2575779407E-02  1.2851942399E-01  1.4402097287E-04  1.7279127163E+02 -1.5461397904E+04
 -4.2575643937E-02  1.2851946873E-01  1.4459549611E-04  1.7279127165E+02 -1.5461397905E+04
 -4.2575513648E-02  1.2851951175E-01  1.4517270539E-04  1.7279127166E+02 -1.5461397905E+04
 -4.2575388341E-02  1.2851955312E-01  1.4575261324E-04  1.7279127167E+02 -1.5461397906E+04
 -4.2575267826E-02  1.2851959289E-01  1.4633523228E-04  1.7279127168E+02 -1.5461397906E+04
 -4.2575151920E-02  1.2851963113E-01  1.4692057516E-04  1.7279127169E+02 -1.5461397907E+04
 -4.2575040445E-02  1.2851966790E-01  1.4750865461E-04  1.7279127170E+02 -1.5461397907E+04
 -4.2574933232E-02  1.2851970326E-01  1.4809948341E-04  1.7279127172E+02 -1.5461397908E+04
 -4.2574830119E-02  1.2851973725E-01  1.4869307441E-04  1.7279127173E+02 -1.5461397908E+04
 -4.2574730947E-02  1.2851976993E-01  1.4928944051E-04  1.7279127174E+02 -1.5461397909E+04
 -4.2574635567E-02  1.2851980135E-01  1.4988859466E-04  1.7279127175E+02 -1.5461397910E+04
 -4.2574543832E-02  1.2851983156E-01  1.5049054991E-04  1.7279127177E+02 -1.5461397910E+04
 -4.2574455604E-02  1.2851986060E-01  1.5109531932E-04  1.7279127178E+02 -1.5461397911E+04
 -4.2574370748E-02  1.2851988852E-01  1.5170291606E-04  1.7279127179E+02 -1.5461397911E+04
 -4.2574289135E-02  1.2851991537E-01  1.5231335332E-04  1.7279127180E+02 -1.5461397912E+04
 -4.2574210641E-02  1.2851994117E-01  1.5292664439E-04  1.7279127182E+02 -1.5461397912E+04
 -4.2574135146E-02  1.2851996598E-01  1.5354280258E-04  1.7279127183E+02 -1.5461397913E+04
 -4.2574062536E-02  1.2851998983E-01  1.5416184131E-04  1.7279127184E+02 -1.5461397913E+04
 -4.2573992700E-02  1.2852001275E-01  1.5478377403E-04  1.7279127186E+02 -1.5461397914E+04
 -4.2573925531E-02  1.2852003479E-01  1.5540861426E-04  1.7279127187E+02 -1.5461397915E+04
 -4.2573860928E-02  1.2852005597E-01  1.5603637558E-04  1.7279127188E+02 -1.5461397915E+04
 -4.2573798793E-02  1.2852007633E-01  1.5666707165E-04  1.7279127190E+02 -1.5461397916E+04
 -4.2573739030E-02  1.2852009590E-01  1.5730071618E-04  1.7279127191E+02 -1.5461397916E+04
 -4.2573681550E-02  1.2852011470E-01  1.5793732295E-04  1.7279127192E+02 -1.5461397917E+04
 -4.2573626264E-02  1.2852013278E-01  1.5857690580E-04  1.7279127194E+02 -1.5461397918E+04
 -4.2573573089E-02  1.2852015015E-01  1.5921947863E-04  1.7279127195E+02 -1.5461397918E+04
 -4.2573521943E-02  1.2852016685E-01  1.5986505542E-04  1.7279127197E+02 -1.5461397919E+04
 -4.2573472749E-02  1.2852018289E-01  1.6051365021E-04  1.7279127198E+02 -1.5461397919E+04
 -4.2573425432E-02  1.2852019831E-01  1.6116527710E-04  1.7279127199E+02 -1.5461397920E+04
 -4.2573379921E-02  1.2852021312E-01  1.6181995027E-04  1.7279127201E+02 -1.5461397921E+04
 -4.2573336146E-02  1.2852022736E-01  1.6247768393E-04  1.7279127202E+02 -1.5461397921E+04
 -4.2573294040E-02  1.2852024103E-01  1.6313849241E-04  1.7279127204E+02 -1.5461397922E+04
 -4.2573253540E-02  1.2852025417E-01  1.6380239007E-04  1.7279127205E+02 -1.5461397923E+04
 -4.2573214584E-02  1.2852026680E-01  1.6446939134E-04  1.7279127207E+02 -1.5461397923E+04
 -4.2573177112E-02  1.2852027892E-01  1.6513951074E-04  1.7279127208E+02 -1.5461397924E+04
 -4.2573141069E-02  1.2852029057E-01  1.6581276283E-04  1.7279127210E+02 -1.5461397925E+04
 -4.2573106399E-02  1.2852030176E-01  1.6648916226E-04  1.7279127211E+02 -1.5461397925E+04
 -4.2573073049E-02  1.2852031250E-01  1.6716872373E-04  1.7279127213E+02 -1.5461397926E+04
 -4.2573040970E-02  1.2852032282E-01  1.6785146202E-04  1.7279127214E+02 -1.5461397927E+04
 -4.2573010112E-02  1.2852033273E-01  1.6853739198E-04  1.7279127216E+02 -1.5461397927E+04
 -4.2572980428E-02  1.2852034224E-01  1.6922652854E-04  1.7279127218E+02 -1.5461397928E+04
 -4.2572951873E-02  1.2852035138E-01  1.6991888667E-04  1.7279127219E+02 -1.5461397929E+04
 -4.2572924405E-02  1.2852036015E-01  1.7061448143E-04  1.7279127221E+02 -1.5461397929E+04
 -4.2572897982E-02  1.2852036857E-01  1.7131332795E-04  1.7279127222E+02 -1.5461397930E+04
 -4.2572872562E-02  1.2852037665E-01  1.7201544142E-04  1.7279127224E+02 -1.5461397931E+04
 -4.2572848109E-02  1.2852038440E-01  1.7272083713E-04  1.7279127226E+02 -1.5461397932E+04
 -4.2572824584E-02  1.2852039184E-01  1.7342953041E-04  1.7279127227E+02 -1.5461397932E+04
 -4.2572801953E-02  1.2852039898E-01  1.7414153666E-04  1.7279127229E+02 -1.5461397933E+04
 -4.2572780180E-02  1.2852040583E-01  1.7485687139E-04  1.7279127231E+02 -1.5461397934E+04
 -4.2572759233E-02  1.2852041240E-01  1.7557555013E-04  1.7279127232E+02 -1.5461397935E+04
 -4.2572739081E-02  1.2852041870E-01  1.7629758854E-04  1.7279127234E+02 -1.5461397935E+04
 -4.2572719692E-02  1.2852042474E-01  1.7702300230E-04  1.7279127236E+02 -1.5461397936E+04
 -4.2572701038E-02  1.2852043053E-01  1.7775180719E-04  1.7279127238E+02 -1.5461397937E+04
 -4.2572683090E-02  1.2852043608E-01  1.7848401907E-04  1.7279127239E+02 -1.5461397938E+04
 -4.2572665821E-02  1.2852044140E-01  1.7921965386E-04  1.7279127241E+02 -1.5461397939E+04
 -4.2572649206E-02  1.2852044650E-01  1.7995872755E-04  1.7279127243E+02 -1.5461397939E+04
 -4.2572633218E-02  1.2852045139E-01  1.8070125623E-04  1.7279127245E+02 -1.5461397940E+04
 -4.2572617833E-02  1.2852045606E-01  1.8144725605E-04  1.7279127247E+02 -1.5461397941E+04
 -4.2572603030E-02  1.2852046054E-01  1.8219674322E-04  1.7279127249E+02 -1.5461397942E+04
 -4.2572588785E-02  1.2852046483E-01  1.8294973404E-04  1.7279127250E+02 -1.5461397943E+04
 -4.2572575076E-02  1.2852046893E-01  1.8370624491E-04  1.7279127252E+02 -1.5461397943E+04
 -4.2572561884E-02  1.2852047286E-01  1.8446629226E-04  1.7279127254E+02 -1.5461397944E+04
 -4.2572549188E-02  1.2852047661E-01  1.8522989263E-04  1.7279127256E+02 -1.5461397945E+04
 -4.2572536969E-02  1.2852048020E-01  1.8599706262E-04  1.7279127258E+02 -1.5461397946E+04
 -4.2572525209E-02  1.2852048363E-01  1.8676781893E-04  1.7279127260E+02 -1.5461397947E+04
 -4.2572513890E-02  1.2852048691E-01  1.8754217832E-04  1.7279127262E+02 -1.5461397948E+04
 -4.2572502995E-02  1.2852049004E-01  1.8832015762E-04  1.7279127264E+02 -1.5461397949E+04
 -4.2572492508E-02  1.2852049302E-01  1.8910177376E-04  1.7279127266E+02 -1.5461397950E+04
 -4.2572482413E-02  1.2852049587E-01  1.8988704374E-04  1.7279127268E+02 -1.5461397951E+04
 -4.2572472695E-02  1.2852049859E-01  1.9067598464E-04  1.7279127270E+02 -1.5461397951E+04
 -4.2572463340E-02  1.2852050118E-01  1.9146861361E-04  1.7279127272E+02 -1.5461397952E+04
 -4.2572454332E-02  1.2852050365E-01  1.9226494790E-04  1.7279127274E+02 -1.5461397953E+04
 -4.2572445660E-02  1.2852050600E-01  1.9306500483E-04  1.7279127277E+02 -1.5461397954E+04
 -4.2572437310E-02  1.2852050823E-01  1.9386880179E-04  1.7279127279E+02 -1.5461397955E+04
 -4.2572429270E-02  1.2852051036E-01  1.9467635627E-04  1.7279127281E+02 -1.5461397956E+04
 -4.2572421527E-02  1.2852051238E-01  1.9548768584E-04  1.7279127283E+02 -1.5461397957E+04
 -4.2572414071E-02  1.2852051429E-01  1.9630280814E-04  1.7279127285E+02 -1.5461397958E+04
 -4.2572406889E-02  1.2852051611E-01  1.9712174090E-04  1.7279127287E+02 -1.5461397959E+04
 -4.2572399972E-02  1.2852051783E-01  1.9794450193E-04  1.7279127290E+02 -1.5461397960E+04
 -4.2572393309E-02  1.2852051946E-01  1.9877110912E-04  1.7279127292E+02 -1.5461397961E+04
 -4.2572386890E-02  1.2852052100E-01  1.9960158046E-04  1.7279127294E+02 -1.5461397962E+04
 -4.2572380707E-02  1.2852052246E-01  2.0043593400E-04  1.7279127296E+02 -1.5461397963E+04
 -4.2572374749E-02  1.2852052383E-01  2.0127418790E-04  1.7279127299E+02 -1.5461397964E+04
 -4.2572369007E-02  1.2852052512E-01  2.0211636039E-04  1.7279127301E+02 -1.5461397965E+04
 -4.2572363475E-02  1.2852052633E-01  2.0296246978E-04  1.7279127303E+02 -1.5461397966E+04
 -4.2572358142E-02  1.2852052747E-01  2.0381253447E-04  1.7279127306E+02 -1.5461397967E+04
 -4.2572353003E-02  1.2852052853E-01  2.0466657296E-04  1.7279127308E+02 -1.5461397968E+04
 -4.2572348048E-02  1.2852052953E-01  2.0552460382E-04  1.7279127311E+02 -1.5461397969E+04
 -4.2572343272E-02  1.2852053046E-01  2.0638664572E-04  1.7279127313E+02 -1.5461397971E+04
 -4.2572338666E-02  1.2852053132E-01  2.0725271739E-04  1.7279127316E+02 -1.5461397972E+04
 -4.2572334224E-02  1.2852053212E-01  2.0812283769E-04  1.7279127318E+02 -1.5461397973E+04
 -4.2572329941E-02  1.2852053285E-01  2.0899702553E-04  1.7279127321E+02 -1.5461397974E+04
 -4.2572325809E-02  1.2852053353E-01  2.0987529993E-04  1.7279127323E+02 -1.5461397975E+04
 -4.2572321822E-02  1.2852053415E-01  2.1075767999E-04  1.7279127326E+02 -1.5461397976E+04
