 AIMInt (Version 19.02.13, Professional)
 Portions Copyright (c) 1997-2019 by Todd A. Keith
 AIMInt is a component of the AIMAll package ( http://aim.tkgristmill.com )

 TP:  64-bit Linux

 Licensed To:  Research Group of Fernando Cortes Guzman, UNAM, fercor@unam.mx

 AIMInt is a heavily modified and extended version of the PROAIMV program
 developed by members of R.F.W. Bader's research group

 Much of the Quantum Theory of Atoms in Molecules (QTAIM) is described in the book:
   "Atoms in Molecules - A Quantum Theory"
   R.F.W. Bader, Oxford University Press, Oxford, 1990

 For additional references see:  http://aim.tkgristmill.com/references.html

 Current Directory:  /home/scratch/M_H2O_4_cuadrado_plano/Opt

 Inp File:  Cr2_cuadrado_plano_cc-pvtz-def2-tzv_1_atomicfiles/cr1.inp
 Wfx File:  Cr2_cuadrado_plano_cc-pvtz-def2-tzv_1.wfx
 Out File:  Cr2_cuadrado_plano_cc-pvtz-def2-tzv_1_atomicfiles/cr1.int

 Wfx Title:   Cr2_cuadrado_plano_cc-pvtz-def2-tzv_1                                         
 Job Title:   Cr2_cuadrado_plano_cc-pvtz-def2-tzv_1                                         
 
<Atom>
Cr1     
</Atom>
<Nuclei of Molecule>
    13
Cr1       24.0           1.3215006647E-04   4.5224567886E-05  -4.5948986191E-04
O2         8.0           3.3164531236E+00  -6.6566168904E-01   7.4169565720E-04
H3         1.0           4.1701745908E+00  -2.3215680695E+00   5.4066649079E-02
O4         8.0          -3.3164810697E+00   6.6564727754E-01  -1.1820532231E-04
H5         1.0          -4.1716159960E+00   2.3209361157E+00  -5.2460312183E-02
O6         8.0          -6.6572819055E-01  -3.3164350716E+00  -5.1914851592E-04
H7         1.0           5.3326302499E-01  -4.7433431321E+00  -1.3769662495E-02
O8         8.0           6.6558051147E-01   3.3164991595E+00   8.8404872679E-04
H9         1.0          -5.3399982662E-01   4.7429499445E+00   1.4900941139E-02
H10        1.0           2.3221787587E+00   4.1705470007E+00   1.7373080866E-02
H11        1.0          -4.7421430072E+00  -5.3363828289E-01   5.6060366841E-02
H12        1.0           4.7430287048E+00   5.3241926463E-01  -5.7102027585E-02
H13        1.0          -2.3226528496E+00  -4.1697856414E+00  -1.5948403343E-02
</Nuclei of Molecule>
<Total Number of CPs of DelSqRho>
   101
</Total Number of CPs of DelSqRho>
<Number of (3,+3) CPs of DelSqRho>
    13
</Number of (3,+3) CPs of DelSqRho>
<Number of (3,+1) CPs of DelSqRho>
    32
</Number of (3,+1) CPs of DelSqRho>
<Number of (3,-1) CPs of DelSqRho>
    40
</Number of (3,-1) CPs of DelSqRho>
<Number of (3,-3) CPs of DelSqRho>
    16
</Number of (3,-3) CPs of DelSqRho>
<Number of Degenerate CPs of DelSqRho>
     0
</Number of Degenerate CPs of DelSqRho>
<CP of DelSqRho>
CP# = 1       
Type = (3,+3)
Coords =  1.32150066396953E-04  4.52245678556992E-05 -4.59489861977962E-04
DistFromNuc =  1.0770219700E-13
Rho =  9.2654653458E+03
DelSqRho = -6.3515283341E+09
GradDelSqRho =  3.9319333212E-04  1.2557098853E-04 -7.8917451719E-04
HessDelSqRho_EigVals =  9.2497007737E+16  9.2497007737E+16  9.2497007938E+16
HessDelSqRho_EigVec1 = -2.8310888709E-01  9.5903668147E-01 -9.8995776983E-03
HessDelSqRho_EigVec2 = -9.5908655601E-01 -2.8307699649E-01  4.5157666524E-03
HessDelSqRho_EigVec3 =  1.5284431433E-03  1.0773005552E-02  9.9994080135E-01
</CP of DelSqRho>
<CP of DelSqRho>
CP# = 2       
Type = (3,+1)
Coords =  3.40089432478433E-02  1.68791762335757E-01 -1.12655335345582E-03
DistFromNuc =  1.7211471784E-01
Rho =  8.0001297421E+01
DelSqRho = -4.4617014915E+03
GradDelSqRho =  4.3655745685E-11  0.0000000000E+00 -5.3432813729E-12
HessDelSqRho_EigVals = -5.2940642868E+04  2.6414839276E+04  7.3097090355E+06
HessDelSqRho_EigVec1 =  9.8043825714E-01 -1.9682612100E-01  5.4957392579E-04
HessDelSqRho_EigVec2 =  2.1821849827E-04  3.8791575934E-03  9.9999245223E-01
HessDelSqRho_EigVec3 =  1.9682676728E-01  9.8043073709E-01 -3.8462256106E-03
</CP of DelSqRho>
<CP of DelSqRho>
CP# = 3       
Type = (3,+3)
Coords = -9.52579007025706E-02  1.43351563866297E-01 -2.04545905038846E-03
DistFromNuc =  1.7215831077E-01
Rho =  8.0337365017E+01
DelSqRho = -4.6577544150E+03
GradDelSqRho = -7.2759576142E-11  4.3655745685E-11  3.1832314562E-12
HessDelSqRho_EigVals =  5.2584047388E+04  5.3216231267E+04  7.2976731091E+06
HessDelSqRho_EigVec1 =  5.5909650353E-01  3.8027696560E-01  7.3674997738E-01
HessDelSqRho_EigVec2 =  6.1676827402E-01  4.0309010589E-01 -6.7610299710E-01
HessDelSqRho_EigVec3 = -5.5408302257E-01  8.3241083365E-01 -9.1764989077E-03
</CP of DelSqRho>
<CP of DelSqRho>
CP# = 4       
Type = (3,-1)
Coords =  2.80378173574938E-02  1.38772396022064E-01 -9.85215850341161E-02
DistFromNuc =  1.7216308802E-01
Rho =  7.9845041910E+01
DelSqRho = -4.3982069078E+03
GradDelSqRho = -1.4551915228E-11  2.9103830457E-11  0.0000000000E+00
HessDelSqRho_EigVals = -3.6895053712E+04 -3.6595471878E+04  7.3012834117E+06
HessDelSqRho_EigVec1 =  9.8096433096E-01 -1.9413529671E-01  4.5241518916E-03
HessDelSqRho_EigVec2 =  1.0676595669E-01  5.5865527530E-01  8.2249943092E-01
HessDelSqRho_EigVec3 =  1.6220361239E-01  8.0635957857E-01 -5.6874793905E-01
</CP of DelSqRho>
<CP of DelSqRho>
CP# = 5       
Type = (3,-1)
Coords = -2.80676561223029E-02 -1.40720109899769E-01 -9.54750272413719E-02
DistFromNuc =  1.7215708176E-01
Rho =  7.9855535239E+01
DelSqRho = -4.4020017144E+03
GradDelSqRho =  2.1827872843E-11  5.8207660913E-11  0.0000000000E+00
HessDelSqRho_EigVals = -3.5835665020E+04 -3.5676040574E+04  7.3032050276E+06
HessDelSqRho_EigVec1 = -8.1794669105E-02 -5.4544546940E-01  8.3414559402E-01
HessDelSqRho_EigVec2 =  9.8307845521E-01 -1.8180043358E-01 -2.2480063454E-02
HessDelSqRho_EigVec3 =  1.6390967942E-01  8.1819181263E-01  5.5108599576E-01
</CP of DelSqRho>
<CP of DelSqRho>
CP# = 6       
Type = (3,-1)
Coords =  2.83340922785218E-02  1.40805301332869E-01  9.45629313798936E-02
DistFromNuc =  1.7215693217E-01
Rho =  7.9855829658E+01
DelSqRho = -4.4020857872E+03
GradDelSqRho =  0.0000000000E+00 -2.9103830457E-11 -5.8207660913E-11
HessDelSqRho_EigVals = -3.5820538306E+04 -3.5666014952E+04  7.3032679113E+06
HessDelSqRho_EigVec1 = -8.7221809209E-02 -5.4447441084E-01  8.3423016724E-01
HessDelSqRho_EigVec2 =  9.8260970575E-01 -1.8481914779E-01 -1.7889907260E-02
HessDelSqRho_EigVec3 =  1.6392230529E-01  8.1816226908E-01  5.5112610107E-01
</CP of DelSqRho>
<CP of DelSqRho>
CP# = 7       
Type = (3,-1)
Coords = -2.77758969021969E-02 -1.38678782679584E-01  9.76063221869902E-02
DistFromNuc =  1.7216304123E-01
Rho =  7.9845163144E+01
DelSqRho = -4.3982448035E+03
GradDelSqRho =  0.0000000000E+00 -5.8207660913E-11 -2.9103830457E-11
HessDelSqRho_EigVals = -3.6898222272E+04 -3.6580087133E+04  7.3013050054E+06
HessDelSqRho_EigVec1 =  9.8178442109E-01 -1.8967298030E-01  1.1113552343E-02
HessDelSqRho_EigVec2 =  9.8918914882E-02  5.6021198632E-01  8.2242177662E-01
HessDelSqRho_EigVec3 =  1.6221713467E-01  8.0634154731E-01 -5.6876964607E-01
</CP of DelSqRho>
<CP of DelSqRho>
CP# = 8       
Type = (3,-1)
Coords =  1.39599299347466E-01 -2.96692963867120E-02 -9.69218787121619E-02
DistFromNuc =  1.7215989936E-01
Rho =  7.9850652096E+01
DelSqRho = -4.4002048199E+03
GradDelSqRho = -2.1827872843E-11 -3.3651303966E-11  1.4551915228E-11
HessDelSqRho_EigVals = -3.6488957845E+04 -3.5975278024E+04  7.3023100376E+06
HessDelSqRho_EigVec1 = -2.1155975651E-01  8.0454723386E-01 -5.5492902061E-01
HessDelSqRho_EigVec2 =  5.4597383178E-01  5.6821580804E-01  6.1566498235E-01
HessDelSqRho_EigVec3 =  8.1065100039E-01 -1.7272678999E-01 -5.5947333411E-01
</CP of DelSqRho>
<CP of DelSqRho>
CP# = 9       
Type = (3,-1)
Coords = -1.39909697341034E-01  2.64491394619363E-02 -9.70526384369560E-02
DistFromNuc =  1.7216016409E-01
Rho =  7.9850081006E+01
DelSqRho = -4.4000475837E+03
GradDelSqRho = -3.4560798667E-11  1.2732925825E-11  5.8207660913E-11
HessDelSqRho_EigVals = -3.6516465749E+04 -3.6007078260E+04  7.3022160338E+06
HessDelSqRho_EigVec1 =  5.0270899648E-01  6.6932479702E-01 -5.4707218989E-01
HessDelSqRho_EigVec2 = -2.9102246832E-01  7.2694826896E-01  6.2197438628E-01
HessDelSqRho_EigVec3 =  8.1399606128E-01 -1.5346182051E-01  5.6023198932E-01
</CP of DelSqRho>
<CP of DelSqRho>
CP# = 10      
Type = (3,-1)
Coords =  1.40168848739637E-01 -2.63490631755000E-02  9.61435141622686E-02
DistFromNuc =  1.7216002959E-01
Rho =  7.9850369652E+01
DelSqRho = -4.4001184765E+03
GradDelSqRho = -2.7284841053E-11 -2.7284841053E-12  0.0000000000E+00
HessDelSqRho_EigVals = -3.6510214272E+04 -3.5998134729E+04  7.3022732539E+06
HessDelSqRho_EigVec1 =  5.0174512418E-01  6.7173764504E-01 -5.4499574915E-01
HessDelSqRho_EigVec2 = -2.9276143433E-01  7.2473098545E-01  6.2374332967E-01
HessDelSqRho_EigVec3 =  8.1396718173E-01 -1.5340643717E-01  5.6028911475E-01
</CP of DelSqRho>
<CP of DelSqRho>
CP# = 11      
Type = (3,-1)
Coords = -1.39333841513992E-01  2.97616090798607E-02  9.60039736994215E-02
DistFromNuc =  1.7215988533E-01
Rho =  7.9850685535E+01
DelSqRho = -4.4002223511E+03
GradDelSqRho =  2.5465851650E-11 -8.1854523160E-12  0.0000000000E+00
HessDelSqRho_EigVals = -3.6483563500E+04 -3.5972128500E+04  7.3023170627E+06
HessDelSqRho_EigVec1 = -2.0107008775E-01  8.1527253980E-01 -5.4304834560E-01
HessDelSqRho_EigVec2 =  5.4993337751E-01  5.5271366459E-01  6.2616362500E-01
HessDelSqRho_EigVec3 =  8.1064425003E-01 -1.7273763582E-01 -5.5947976644E-01
</CP of DelSqRho>
<CP of DelSqRho>
CP# = 12      
Type = (3,+1)
Coords =  1.68880448475307E-01 -3.38292728798792E-02 -4.01503145577693E-04
DistFromNuc =  1.7211470929E-01
Rho =  8.0001304427E+01
DelSqRho = -4.4616879773E+03
GradDelSqRho =  2.9103830457E-11  3.6379788071E-11  5.1159076975E-13
HessDelSqRho_EigVals = -5.2955153899E+04  2.6414875394E+04  7.3097136258E+06
HessDelSqRho_EigVec1 =  1.9679527765E-01  9.8032186655E-01 -1.5513112171E-02
HessDelSqRho_EigVec2 =  2.7232858380E-03  1.5275916239E-02  9.9987960780E-01
HessDelSqRho_EigVec3 =  9.8044082045E-01 -1.9681383167E-01  3.3653152172E-04
</CP of DelSqRho>
<CP of DelSqRho>
CP# = 13      
Type = (3,+1)
Coords = -1.68614795809124E-01  3.39269452701910E-02 -4.85963937811378E-04
DistFromNuc =  1.7211479727E-01
Rho =  8.0001127983E+01
DelSqRho = -4.4616494270E+03
GradDelSqRho =  0.0000000000E+00  0.0000000000E+00  7.3896444519E-13
HessDelSqRho_EigVals = -5.2959596273E+04  2.6412179831E+04  7.3096783060E+06
HessDelSqRho_EigVec1 =  1.9683395037E-01  9.8031438005E-01 -1.5495555803E-02
HessDelSqRho_EigVec2 =  2.9011136911E-03  1.5222318280E-02  9.9987992507E-01
HessDelSqRho_EigVec3 =  9.8043254715E-01 -1.9685526992E-01  1.5226557132E-04
</CP of DelSqRho>
<CP of DelSqRho>
CP# = 14      
Type = (3,+1)
Coords = -3.37436566747458E-02 -1.68701409681425E-01  2.48761089199407E-04
DistFromNuc =  1.7211478284E-01
Rho =  8.0001191552E+01
DelSqRho = -4.4616741050E+03
GradDelSqRho = -2.9103830457E-11  0.0000000000E+00  3.4106051316E-13
HessDelSqRho_EigVals = -5.2947937709E+04  2.6414569906E+04  7.3096834096E+06
HessDelSqRho_EigVec1 =  9.8043943572E-01 -1.9682020085E-01  5.6694843295E-04
HessDelSqRho_EigVec2 =  2.4854747379E-04  4.1186288209E-03  9.9999148752E-01
HessDelSqRho_EigVec3 =  1.9682086047E-01  9.8043094884E-01 -4.0869852808E-03
</CP of DelSqRho>
<CP of DelSqRho>
CP# = 15      
Type = (3,+3)
Coords =  4.43047377540346E-04  2.03330213819786E-03  1.71882617922368E-01
DistFromNuc =  1.7235385469E-01
Rho =  8.0254451369E+01
DelSqRho = -4.6926061229E+03
GradDelSqRho = -2.2737367544E-13  4.5474735089E-13 -5.8207660913E-11
HessDelSqRho_EigVals =  5.7453372938E+04  5.7457174576E+04  7.2598976203E+06
HessDelSqRho_EigVec1 =  9.6616435659E-01 -2.5792422677E-01  1.2366445223E-03
HessDelSqRho_EigVec2 =  2.5792082939E-01  9.6609574567E-01 -1.1655726639E-02
HessDelSqRho_EigVec3 =  1.8115772690E-03  1.1580304010E-02  9.9993130501E-01
</CP of DelSqRho>
<CP of DelSqRho>
CP# = 16      
Type = (3,+3)
Coords = -1.76265702132899E-04 -1.94004417790285E-03 -1.72801576205136E-01
DistFromNuc =  1.7235379641E-01
Rho =  8.0254546604E+01
DelSqRho = -4.6926682621E+03
GradDelSqRho =  0.0000000000E+00  9.0949470177E-13  0.0000000000E+00
HessDelSqRho_EigVals =  5.7469137515E+04  5.7476237854E+04  7.2599240799E+06
HessDelSqRho_EigVec1 =  9.9942272459E-01 -3.3944786612E-02 -1.4032235732E-03
HessDelSqRho_EigVec2 =  3.3926235928E-02  9.9935681043E-01 -1.1617915473E-02
HessDelSqRho_EigVec3 =  1.7966886960E-03  1.1563602642E-02  9.9993152516E-01
</CP of DelSqRho>
<CP of DelSqRho>
CP# = 17      
Type = (3,+3)
Coords =  1.43444999168881E-01  9.54272970937828E-02 -1.93081799046279E-03
DistFromNuc =  1.7215829136E-01
Rho =  8.0337439537E+01
DelSqRho = -4.6577696659E+03
GradDelSqRho =  4.3655745685E-11  0.0000000000E+00 -4.5474735089E-12
HessDelSqRho_EigVals =  5.2566019201E+04  5.3232932755E+04  7.2976851529E+06
HessDelSqRho_EigVec1 = -3.7114488606E-01  5.6892627565E-01  7.3387626098E-01
HessDelSqRho_EigVec2 = -4.1143796936E-01  6.0775458261E-01 -6.7922983200E-01
HessDelSqRho_EigVec3 =  8.3244835931E-01  5.5403723718E-01 -8.5128662483E-03
</CP of DelSqRho>
<CP of DelSqRho>
CP# = 18      
Type = (3,+3)
Coords =  9.55308408741873E-02 -1.43255088588280E-01  1.14687645947147E-03
DistFromNuc =  1.7215827128E-01
Rho =  8.0337458345E+01
DelSqRho = -4.6577777814E+03
GradDelSqRho =  1.4551915228E-11  3.2741809264E-11 -3.5242919694E-12
HessDelSqRho_EigVals =  5.2588489979E+04  5.3217655917E+04  7.2976898608E+06
HessDelSqRho_EigVec1 =  5.5898131878E-01  3.8035782887E-01  7.3679563467E-01
HessDelSqRho_EigVec2 =  6.1682660938E-01  4.0308704996E-01 -6.7605159871E-01
HessDelSqRho_EigVec3 = -5.5413429709E-01  8.3237536735E-01 -9.2966991609E-03
</CP of DelSqRho>
<CP of DelSqRho>
CP# = 19      
Type = (3,+3)
Coords = -1.43181070208177E-01 -9.53361108715440E-02  1.02774789898841E-03
DistFromNuc =  1.7215832867E-01
Rho =  8.0337376330E+01
DelSqRho = -4.6577720424E+03
GradDelSqRho = -1.4551915228E-11 -1.4551915228E-11 -6.0254023992E-12
HessDelSqRho_EigVals =  5.2571904882E+04  5.3236281463E+04  7.2976723099E+06
HessDelSqRho_EigVec1 = -3.6978631166E-01  5.6704829028E-01  7.3601244568E-01
HessDelSqRho_EigVec2 = -4.1265542844E-01  6.0951119118E-01 -6.7691329224E-01
HessDelSqRho_EigVec3 =  8.3245034752E-01  5.5403280076E-01 -8.6066598689E-03
</CP of DelSqRho>
<CP of DelSqRho>
CP# = 20      
Type = (3,-3)
Coords =  2.49205432241455E-01 -4.64821690133211E-02  1.74541359381436E-01
DistFromNuc =  3.0794089609E-01
Rho =  1.8155993620E+01
DelSqRho =  1.3468688242E+03
GradDelSqRho = -1.8189894035E-12 -7.9580786405E-12  3.1832314562E-12
HessDelSqRho_EigVals = -3.3598149744E+05 -1.0684483287E+04 -1.0341832651E+04
HessDelSqRho_EigVec1 =  8.1080781141E-01 -1.5150999784E-01  5.6536308113E-01
HessDelSqRho_EigVec2 = -5.8493657962E-01 -2.4435720624E-01  7.7339430666E-01
HessDelSqRho_EigVec3 = -2.0973573284E-02  9.5777569206E-01  2.8675047152E-01
</CP of DelSqRho>
<CP of DelSqRho>
CP# = 21      
Type = (3,+1)
Coords =  6.98035449736586E-02 -1.01646836533230E-01  1.19792984549972E-01
DistFromNuc =  1.7220928013E-01
Rho =  7.9945814812E+01
DelSqRho = -4.4705197896E+03
GradDelSqRho =  0.0000000000E+00 -2.9103830457E-11  2.9103830457E-11
HessDelSqRho_EigVals = -5.5048904672E+04  2.7941316026E+04  7.2912578367E+06
HessDelSqRho_EigVec1 = -3.8278809834E-01  5.8318195928E-01  7.1649987727E-01
HessDelSqRho_EigVec2 =  8.3032547650E-01  5.5719052196E-01 -9.9159125691E-03
HessDelSqRho_EigVec3 =  4.0500972192E-01 -5.9113240869E-01  6.9751673854E-01
</CP of DelSqRho>
<CP of DelSqRho>
CP# = 22      
Type = (3,+1)
Coords = -1.03525910662349E-01 -6.68249663471129E-02  1.19704459220721E-01
DistFromNuc =  1.7220914797E-01
Rho =  7.9945937690E+01
DelSqRho = -4.4705249829E+03
GradDelSqRho =  0.0000000000E+00 -5.2750692703E-11  4.3655745685E-11
HessDelSqRho_EigVals = -5.5047535982E+04  2.7926609454E+04  7.2912997634E+06
HessDelSqRho_EigVec1 =  5.7753480734E-01  3.9036104485E-01  7.1698800616E-01
HessDelSqRho_EigVec2 = -5.5078239760E-01  8.3457993697E-01 -1.0727502071E-02
HessDelSqRho_EigVec3 = -6.0257140390E-01 -3.8870886724E-01  6.9700295532E-01
</CP of DelSqRho>
<CP of DelSqRho>
CP# = 23      
Type = (3,+1)
Coords =  1.03799562556541E-01  6.69181831781599E-02 -1.20613839789678E-01
DistFromNuc =  1.7220915426E-01
Rho =  7.9945890384E+01
DelSqRho = -4.4705050619E+03
GradDelSqRho =  2.9103830457E-11 -1.8189894035E-12 -4.3655745685E-11
HessDelSqRho_EigVals = -5.5055826618E+04  2.7928707825E+04  7.2912927679E+06
HessDelSqRho_EigVec1 =  5.7748917963E-01  3.9033036357E-01  7.1704145953E-01
HessDelSqRho_EigVec2 = -5.5077137868E-01  8.3458706361E-01 -1.0738793731E-02
HessDelSqRho_EigVec3 = -6.0262520346E-01 -3.8872437605E-01  6.9694779117E-01
</CP of DelSqRho>
<CP of DelSqRho>
CP# = 24      
Type = (3,+1)
Coords = -6.95378134639622E-02  1.01751837537624E-01 -1.20700606719423E-01
DistFromNuc =  1.7220936421E-01
Rho =  7.9945609071E+01
DelSqRho = -4.4704678528E+03
GradDelSqRho =  0.0000000000E+00  1.4551915228E-11  3.6379788071E-11
HessDelSqRho_EigVals = -5.5060377356E+04  2.7942591461E+04  7.2912194141E+06
HessDelSqRho_EigVec1 = -3.8273060379E-01  5.8314115080E-01  7.1656380258E-01
HessDelSqRho_EigVec2 =  8.3035669686E-01  5.5714435442E-01 -9.8956715668E-03
HessDelSqRho_EigVec3 =  4.0500005049E-01 -5.9121617584E-01  6.9745135495E-01
</CP of DelSqRho>
<CP of DelSqRho>
CP# = 25      
Type = (3,-3)
Coords = -2.48941709730127E-01  4.65746003273415E-02 -1.75458238209002E-01
DistFromNuc =  3.0794046887E-01
Rho =  1.8156076886E+01
DelSqRho =  1.3468683266E+03
GradDelSqRho = -1.8189894035E-12  9.0949470177E-13 -3.1832314562E-12
HessDelSqRho_EigVals = -3.3598219723E+05 -1.0684592011E+04 -1.0342046976E+04
HessDelSqRho_EigVec1 =  8.1081180086E-01 -1.5151886758E-01  5.6535498260E-01
HessDelSqRho_EigVec2 = -5.8493420448E-01 -2.4422827818E-01  7.7343682649E-01
HessDelSqRho_EigVec3 = -2.0885401872E-02  9.5780717313E-01  2.8665173832E-01
</CP of DelSqRho>
<CP of DelSqRho>
CP# = 26      
Type = (3,-3)
Coords =  5.02406895886898E-02  2.50232108990277E-01  1.71961716760015E-01
DistFromNuc =  3.0795034561E-01
Rho =  1.8155729378E+01
DelSqRho =  1.3460146802E+03
GradDelSqRho = -5.6843418861E-13  1.1368683772E-13  1.3642420527E-12
HessDelSqRho_EigVals = -3.3591693658E+05 -1.0588020548E+04 -1.0204324374E+04
HessDelSqRho_EigVec1 =  1.6310978888E-01  8.1437675854E-01  5.5694316758E-01
HessDelSqRho_EigVec2 = -1.0314850303E-01 -5.4733343597E-01  8.3053386216E-01
HessDelSqRho_EigVec3 =  9.8120109208E-01 -1.9291605692E-01 -5.2736976413E-03
</CP of DelSqRho>
<CP of DelSqRho>
CP# = 27      
Type = (3,-1)
Coords = -1.23714204774636E-01  1.81447784294053E-01 -2.17407939205322E-01
DistFromNuc =  3.0872550584E-01
Rho =  1.8262737196E+01
DelSqRho =  1.2825600925E+03
GradDelSqRho = -4.5474735089E-13  6.8212102633E-12 -1.1141310097E-11
HessDelSqRho_EigVals = -3.2861568771E+05 -1.5836629239E+04  7.9538347808E+03
HessDelSqRho_EigVec1 =  4.0266544414E-01 -5.8987266961E-01  6.9993626405E-01
HessDelSqRho_EigVec2 = -3.8454112464E-01  5.8490548760E-01  7.1415243053E-01
HessDelSqRho_EigVec3 =  8.3065556252E-01  5.5671878378E-01 -8.6909281773E-03
</CP of DelSqRho>
<CP of DelSqRho>
CP# = 28      
Type = (3,-3)
Coords = -4.99748502286728E-02 -2.50142573973204E-01 -1.72878731417454E-01
DistFromNuc =  3.0794973758E-01
Rho =  1.8155853328E+01
DelSqRho =  1.3460164344E+03
GradDelSqRho = -6.4090954766E-12  5.0022208598E-12  1.2505552149E-12
HessDelSqRho_EigVals = -3.3591869978E+05 -1.0588341360E+04 -1.0204634087E+04
HessDelSqRho_EigVec1 =  1.6310419390E-01  8.1438258833E-01  5.5693628159E-01
HessDelSqRho_EigVec2 = -1.0286986870E-01 -5.4738114136E-01  8.3053698063E-01
HessDelSqRho_EigVec3 =  9.8123127348E-01 -1.9275602689E-01 -5.5047298828E-03
</CP of DelSqRho>
<CP of DelSqRho>
CP# = 29      
Type = (3,-3)
Coords = -4.95204574034780E-02 -2.46700674076392E-01  1.76947751276434E-01
DistFromNuc =  3.0793221516E-01
Rho =  1.8156333776E+01
DelSqRho =  1.3476676064E+03
GradDelSqRho =  4.9027448767E-12  3.2059688237E-11 -1.1368683772E-12
HessDelSqRho_EigVals = -3.3603972549E+05 -1.0689542448E+04 -1.0559348877E+04
HessDelSqRho_EigVec1 =  1.6164522967E-01  8.0330216729E-01 -5.7321588233E-01
HessDelSqRho_EigVec2 =  1.3074145125E-01  5.5830234585E-01  8.1927111724E-01
HessDelSqRho_EigVec3 =  9.7815003586E-01 -2.0737434424E-01 -1.4777980223E-02
</CP of DelSqRho>
<CP of DelSqRho>
CP# = 30      
Type = (3,-3)
Coords = -2.47751824856113E-01  5.32869503886794E-02  1.74317109684599E-01
DistFromNuc =  3.0794156287E-01
Rho =  1.8156029823E+01
DelSqRho =  1.3468180795E+03
GradDelSqRho = -9.0949470177E-13 -9.0949470177E-13 -5.0022208598E-12
HessDelSqRho_EigVals = -3.3597642113E+05 -1.0680859760E+04 -1.0333779809E+04
HessDelSqRho_EigVec1 =  8.0695069124E-01 -1.7327146373E-01 -5.6463048249E-01
HessDelSqRho_EigVec2 =  4.4650634499E-01 -4.4679916683E-01  7.7524356714E-01
HessDelSqRho_EigVec3 =  3.8660401677E-01  8.7769442540E-01  2.8317808856E-01
</CP of DelSqRho>
<CP of DelSqRho>
CP# = 31      
Type = (3,-3)
Coords =  2.48017302128467E-01 -5.31956956727349E-02 -1.75234259478011E-01
DistFromNuc =  3.0794133255E-01
Rho =  1.8156080241E+01
DelSqRho =  1.3468204555E+03
GradDelSqRho =  5.4569682106E-12  0.0000000000E+00 -6.8212102633E-12
HessDelSqRho_EigVals = -3.3597765535E+05 -1.0681051265E+04 -1.0333859198E+04
HessDelSqRho_EigVec1 =  8.0695583396E-01 -1.7326834647E-01 -5.6462408923E-01
HessDelSqRho_EigVec2 =  4.4655495618E-01 -4.4667704026E-01  7.7528594262E-01
HessDelSqRho_EigVec3 =  3.8653713036E-01  8.7775719981E-01  2.8307480467E-01
</CP of DelSqRho>
<CP of DelSqRho>
CP# = 32      
Type = (3,-1)
Coords =  3.02230854784301E-01 -6.06026151636368E-02 -3.49094781270221E-04
DistFromNuc =  3.0812627289E-01
Rho =  1.8408405054E+01
DelSqRho =  1.2867862666E+03
GradDelSqRho =  1.8189894035E-12 -2.9558577808E-12  9.0649709961E-14
HessDelSqRho_EigVals = -3.3233317597E+05 -1.5310991292E+04  7.8388235318E+03
HessDelSqRho_EigVec1 =  9.8043810440E-01 -1.9682732336E-01  3.5807151349E-04
HessDelSqRho_EigVec2 =  1.9680663621E-01  9.8030523095E-01 -1.6395185513E-02
HessDelSqRho_EigVec3 =  2.8760011029E-03  1.6144935456E-02  9.9986552580E-01
</CP of DelSqRho>
<CP of DelSqRho>
CP# = 33      
Type = (3,-1)
Coords = -3.01966095716273E-01  6.06944216948410E-02 -5.67094168023684E-04
DistFromNuc =  3.0812608912E-01
Rho =  1.8408437894E+01
DelSqRho =  1.2867850797E+03
GradDelSqRho =  1.8189894035E-12 -1.8189894035E-12  6.7945649107E-14
HessDelSqRho_EigVals = -3.3233313463E+05 -1.5311080559E+04  7.8388096311E+03
HessDelSqRho_EigVec1 =  9.8043674438E-01 -1.9683410729E-01  3.5280759653E-04
HessDelSqRho_EigVec2 =  1.9681333791E-01  9.8030390681E-01 -1.6393910997E-02
HessDelSqRho_EigVec3 =  2.8810221709E-03  1.6142629966E-02  9.9986554857E-01
</CP of DelSqRho>
<CP of DelSqRho>
CP# = 34      
Type = (3,-1)
Coords =  6.07793253984812E-02  3.02136779305559E-01 -2.57204793349575E-03
DistFromNuc =  3.0812635431E-01
Rho =  1.8408480742E+01
DelSqRho =  1.2867651332E+03
GradDelSqRho = -1.1652900866E-12 -4.8885340220E-12 -3.6415315208E-14
HessDelSqRho_EigVals = -3.3233148255E+05 -1.5307960157E+04  7.8403463777E+03
HessDelSqRho_EigVec1 =  1.9682559564E-01  9.8041431353E-01 -6.8890295394E-03
HessDelSqRho_EigVec2 =  9.8043821012E-01 -1.9682623134E-01  5.9227745396E-04
HessDelSqRho_EigVec3 =  7.7526442836E-04  6.8708431537E-03  9.9997609495E-01
</CP of DelSqRho>
<CP of DelSqRho>
CP# = 35      
Type = (3,-1)
Coords = -6.05140193447169E-02 -3.02046370253689E-01  1.65739551097358E-03
DistFromNuc =  3.0812622532E-01
Rho =  1.8408507865E+01
DelSqRho =  1.2867642342E+03
GradDelSqRho =  2.0463630790E-12  3.0695446185E-12  3.1263880373E-13
HessDelSqRho_EigVals = -3.3233149958E+05 -1.5308102624E+04  7.8403815081E+03
HessDelSqRho_EigVec1 =  1.9682158918E-01  9.8041505459E-01 -6.8980257122E-03
HessDelSqRho_EigVec2 =  9.8043901398E-01 -1.9682222344E-01  5.9348682987E-04
HessDelSqRho_EigVec3 =  7.7582133533E-04  6.8799045487E-03  9.9997603222E-01
</CP of DelSqRho>
<CP of DelSqRho>
CP# = 36      
Type = (3,+1)
Coords =  6.27402547777775E-04  3.23807327134043E-03  3.10809458787368E-01
DistFromNuc =  3.1128571755E-01
Rho =  1.8578943377E+01
DelSqRho =  1.0836180079E+03
GradDelSqRho =  2.0961010705E-13 -4.9915627187E-13 -9.3223206932E-12
HessDelSqRho_EigVals = -3.0585881084E+05  1.5960424238E+04  1.5962170464E+04
HessDelSqRho_EigVec1 =  1.5906636146E-03  1.0250256872E-02  9.9994619956E-01
HessDelSqRho_EigVec2 =  9.8713170519E-01 -1.5990932388E-01  6.8920867686E-05
HessDelSqRho_EigVec3 =  1.5990142714E-01  9.8707848744E-01 -1.0372715488E-02
</CP of DelSqRho>
<CP of DelSqRho>
CP# = 37      
Type = (3,+1)
Coords = -3.63669143488198E-04 -3.14767148913143E-03 -3.11729295963214E-01
DistFromNuc =  3.1128657634E-01
Rho =  1.8578762423E+01
DelSqRho =  1.0836103206E+03
GradDelSqRho =  8.8817841970E-15 -1.4921397451E-13  9.0949470177E-12
HessDelSqRho_EigVals = -3.0585443521E+05  1.5960617225E+04  1.5962429391E+04
HessDelSqRho_EigVec1 =  1.5926219894E-03  1.0250951504E-02  9.9994618933E-01
HessDelSqRho_EigVec2 =  9.8870370804E-01 -1.4988320868E-01 -3.8187817824E-05
HessDelSqRho_EigVec3 =  1.4987475191E-01  9.8865056605E-01 -1.0373861057E-02
</CP of DelSqRho>
<CP of DelSqRho>
CP# = 38      
Type = (3,-1)
Coords =  1.23976922048619E-01 -1.81356448601509E-01  2.16491102336431E-01
DistFromNuc =  3.0872585579E-01
Rho =  1.8262667870E+01
DelSqRho =  1.2825602412E+03
GradDelSqRho =  3.8653524825E-12 -4.5474735089E-13  2.2737367544E-12
HessDelSqRho_EigVals = -3.2861491686E+05 -1.5836393903E+04  7.9537061681E+03
HessDelSqRho_EigVec1 =  4.0265728581E-01 -5.8986648133E-01  6.9994617250E-01
HessDelSqRho_EigVec2 = -3.8454817122E-01  5.8491265759E-01  7.1414276374E-01
HessDelSqRho_EigVec3 =  8.3065625514E-01  5.5671780752E-01 -8.6872664802E-03
</CP of DelSqRho>
<CP of DelSqRho>
CP# = 39      
Type = (3,-1)
Coords = -1.84363586302414E-01 -1.19422976643150E-01  2.16335886542969E-01
DistFromNuc =  3.0872570847E-01
Rho =  1.8262504708E+01
DelSqRho =  1.2825960186E+03
GradDelSqRho = -4.0927261580E-12 -1.8758328224E-12  1.8189894035E-12
HessDelSqRho_EigVals = -3.2861816190E+05 -1.5837878995E+04  7.9483718820E+03
HessDelSqRho_EigVec1 = -5.9987545656E-01 -3.8849735415E-01  6.9944209370E-01
HessDelSqRho_EigVec2 =  5.7986135877E-01  3.9124007580E-01  7.1462718090E-01
HessDelSqRho_EigVec3 = -5.5128054674E-01  8.3426674925E-01 -9.4207154443E-03
</CP of DelSqRho>
<CP of DelSqRho>
CP# = 40      
Type = (3,-1)
Coords =  1.84629645800563E-01  1.19514384781690E-01 -2.17252498883763E-01
DistFromNuc =  3.0872546856E-01
Rho =  1.8262555835E+01
DelSqRho =  1.2825979077E+03
GradDelSqRho =  4.5474735089E-13 -8.5265128291E-13  3.4106051316E-12
HessDelSqRho_EigVals = -3.2861934091E+05 -1.5838078972E+04  7.9484558871E+03
HessDelSqRho_EigVec1 = -5.9988430087E-01 -3.8850292348E-01  6.9943141481E-01
HessDelSqRho_EigVec2 =  5.7985256600E-01  3.9123401670E-01  7.1463763256E-01
HessDelSqRho_EigVec3 = -5.5128017130E-01  8.3426699720E-01 -9.4207275053E-03
</CP of DelSqRho>
<CP of DelSqRho>
CP# = 41      
Type = (3,+1)
Coords =  2.58075614832542E-01  1.71718887157356E-01 -3.40513009813790E-03
DistFromNuc =  3.0986344450E-01
Rho =  1.8851640372E+01
DelSqRho =  1.1055638440E+03
GradDelSqRho = -9.0949470177E-12 -2.9558577808E-12  3.2329694477E-13
HessDelSqRho_EigVals = -3.1466783456E+05  1.5030546945E+04  1.5287228234E+04
HessDelSqRho_EigVec1 =  8.3244228917E-01  5.5403042708E-01 -9.4932118055E-03
HessDelSqRho_EigVec2 = -5.2260665337E-01  7.9069149310E-01  3.1888751715E-01
HessDelSqRho_EigVec3 =  1.8417958913E-01 -2.6049423911E-01  9.4774502390E-01
</CP of DelSqRho>
<CP of DelSqRho>
CP# = 42      
Type = (3,+1)
Coords = -1.71564369766632E-01  2.57970549468194E-01 -3.63816471960184E-03
DistFromNuc =  3.0986331200E-01
Rho =  1.8851670086E+01
DelSqRho =  1.1055626624E+03
GradDelSqRho = -6.8212102633E-12 -9.0949470177E-13  1.0658141036E-13
HessDelSqRho_EigVals = -3.1466802610E+05  1.5032992398E+04  1.5285024324E+04
HessDelSqRho_EigVec1 = -5.5410473221E-01  8.3238389896E-01 -1.0246486795E-02
HessDelSqRho_EigVec2 =  7.9022674837E-01  5.2983192522E-01  3.0792826630E-01
HessDelSqRho_EigVec3 = -2.6174344673E-01 -1.6252746160E-01  9.5135439891E-01
</CP of DelSqRho>
<CP of DelSqRho>
CP# = 43      
Type = (3,+1)
Coords =  1.71828994923268E-01 -2.57880091997988E-01  2.72093430000105E-03
DistFromNuc =  3.0986350311E-01
Rho =  1.8851633841E+01
DelSqRho =  1.1055621389E+03
GradDelSqRho = -3.1832314562E-12  6.3664629124E-12 -2.0605739337E-13
HessDelSqRho_EigVals = -3.1466747055E+05  1.5033026445E+04  1.5285034923E+04
HessDelSqRho_EigVec1 = -5.5410364682E-01  8.3238461392E-01 -1.0247101387E-02
HessDelSqRho_EigVec2 =  7.9026304702E-01  5.2985323199E-01  3.0779842277E-01
HessDelSqRho_EigVec3 = -2.6163613109E-01 -1.6245432298E-01  9.5139640942E-01
</CP of DelSqRho>
<CP of DelSqRho>
CP# = 44      
Type = (3,+1)
Coords = -2.57811630321788E-01 -1.71628436859413E-01  2.48737858989563E-03
DistFromNuc =  3.0986371827E-01
Rho =  1.8851579485E+01
DelSqRho =  1.1055591921E+03
GradDelSqRho =  2.7284841053E-12 -2.2737367544E-12  1.1368683772E-13
HessDelSqRho_EigVals = -3.1466574242E+05  1.5030700336E+04  1.5287278782E+04
HessDelSqRho_EigVec1 =  8.3244242483E-01  5.5403022081E-01 -9.4933538740E-03
HessDelSqRho_EigVec2 = -5.2261055311E-01  7.9069749226E-01  3.1886625020E-01
HessDelSqRho_EigVec3 =  1.8416791011E-01 -2.6047646759E-01  9.4775217790E-01
</CP of DelSqRho>
<CP of DelSqRho>
CP# = 45      
Type = (3,-1)
Coords =  1.84470079156797E-01  1.26079466058599E-01  2.12694461895195E-01
DistFromNuc =  3.0870650994E-01
Rho =  1.8255329143E+01
DelSqRho =  1.2844899470E+03
GradDelSqRho = -2.0463630790E-12 -3.4106051316E-13  2.0463630790E-12
HessDelSqRho_EigVals = -3.2884872091E+05 -1.5920324215E+04  7.7179477000E+03
HessDelSqRho_EigVec1 =  5.9937595252E-01  4.0974691849E-01  6.8764520673E-01
HessDelSqRho_EigVec2 =  5.7491487387E-01  3.7738141483E-01 -7.2598633289E-01
HessDelSqRho_EigVec3 = -5.5697518379E-01  8.3047620708E-01 -9.3762529835E-03
</CP of DelSqRho>
<CP of DelSqRho>
CP# = 46      
Type = (3,-1)
Coords = -1.21523271271555E-01  1.87476218727178E-01  2.12540870796148E-01
DistFromNuc =  3.0870628881E-01
Rho =  1.8255168011E+01
DelSqRho =  1.2845304205E+03
GradDelSqRho = -4.5474735089E-13  5.2295945352E-12  2.5011104299E-12
HessDelSqRho_EigVals = -3.2885280589E+05 -1.5922197280E+04  7.7122395212E+03
HessDelSqRho_EigVec1 = -3.9557934420E-01  6.0938268879E-01  6.8714606966E-01
HessDelSqRho_EigVec2 = -3.8409017132E-01  5.6984131012E-01 -7.2646790816E-01
HessDelSqRho_EigVec3 =  8.3426118377E-01  5.5130175031E-01 -8.6404495836E-03
</CP of DelSqRho>
<CP of DelSqRho>
CP# = 47      
Type = (3,-3)
Coords =  4.97858410608314E-02  2.46791998042115E-01 -1.77864550180023E-01
DistFromNuc =  3.0793183446E-01
Rho =  1.8156410779E+01
DelSqRho =  1.3476705459E+03
GradDelSqRho =  1.5205614545E-12  2.5011104299E-12 -3.2969182939E-12
HessDelSqRho_EigVals = -3.3604138208E+05 -1.0689802030E+04 -1.0559472228E+04
HessDelSqRho_EigVec1 =  1.6164907639E-01  8.0330688486E-01 -5.7320818629E-01
HessDelSqRho_EigVec2 =  1.3097964311E-01  5.5824392114E-01  8.1927288348E-01
HessDelSqRho_EigVec3 =  9.7811753343E-01 -2.0751330859E-01 -1.4977234834E-02
</CP of DelSqRho>
<CP of DelSqRho>
CP# = 48      
Type = (3,-1)
Coords =  1.21788771334436E-01 -1.87386511171045E-01 -2.13458061263622E-01
DistFromNuc =  3.0870597740E-01
Rho =  1.8255232810E+01
DelSqRho =  1.2845311548E+03
GradDelSqRho = -3.4106051316E-12  3.8653524825E-12  3.6379788071E-12
HessDelSqRho_EigVals = -3.2885375455E+05 -1.5922525477E+04  7.7123691622E+03
HessDelSqRho_EigVec1 = -3.9558335748E-01  6.0938879190E-01  6.8713834676E-01
HessDelSqRho_EigVec2 = -3.8408747291E-01  5.6983383699E-01 -7.2647519667E-01
HessDelSqRho_EigVec3 =  8.3426052312E-01  5.5130272857E-01 -8.6418186575E-03
</CP of DelSqRho>
<CP of DelSqRho>
CP# = 49      
Type = (3,-1)
Coords = -1.84207220936012E-01 -1.25988394411111E-01 -2.13612381122735E-01
DistFromNuc =  3.0870638456E-01
Rho =  1.8255348891E+01
DelSqRho =  1.2844868488E+03
GradDelSqRho = -4.0927261580E-12 -2.2737367544E-12 -5.9117155615E-12
HessDelSqRho_EigVals = -3.2884800343E+05 -1.5920555844E+04  7.7182295191E+03
HessDelSqRho_EigVec1 =  5.9938203785E-01  4.0974699536E-01  6.8763985668E-01
HessDelSqRho_EigVec2 =  5.7491030683E-01  3.7737856383E-01 -7.2599143153E-01
HessDelSqRho_EigVec3 = -5.5697334927E-01  8.3047746469E-01 -9.3738381941E-03
</CP of DelSqRho>
<CP of DelSqRho>
CP# = 50      
Type = (3,+1)
Coords =  6.83243204633092E-01 -1.37094437358807E-01 -2.19236859736021E-04
DistFromNuc =  6.9674102611E-01
Rho =  2.0364567858E+00
DelSqRho = -1.2028169959E+01
GradDelSqRho =  5.6843418861E-14 -5.3290705182E-14 -1.7208456882E-15
HessDelSqRho_EigVals = -5.5304728054E+02  3.1017445798E+02  2.3443313062E+03
HessDelSqRho_EigVec1 =  1.9680905244E-01  9.8030866331E-01 -1.6159254775E-02
HessDelSqRho_EigVec2 =  2.8384762635E-03  1.5911831292E-02  9.9986936981E-01
HessDelSqRho_EigVec3 =  9.8043772874E-01 -1.9682921089E-01  3.4900956738E-04
</CP of DelSqRho>
<CP of DelSqRho>
CP# = 51      
Type = (3,+1)
Coords = -6.82979358174336E-01  1.37175893104919E-01 -7.20010830494075E-04
DistFromNuc =  6.9673970808E-01
Rho =  2.0364877403E+00
DelSqRho = -1.2028837851E+01
GradDelSqRho =  1.2789769244E-13  2.6645352591E-14  6.1062266354E-16
HessDelSqRho_EigVals = -5.5304333477E+02  3.1018200944E+02  2.3443785433E+03
HessDelSqRho_EigVec1 =  1.9679976397E-01  9.8031047319E-01 -1.6162582124E-02
HessDelSqRho_EigVec2 =  2.8055023033E-03  1.5921841057E-02  9.9986930353E-01
HessDelSqRho_EigVec3 =  9.8043968813E-01 -1.9681938710E-01  3.8315127158E-04
</CP of DelSqRho>
<CP of DelSqRho>
CP# = 52      
Type = (3,+1)
Coords =  1.37264550444035E-01  6.83132164851177E-01 -5.11424818966302E-03
DistFromNuc =  6.9673146189E-01
Rho =  2.0366016956E+00
DelSqRho = -1.2032660511E+01
GradDelSqRho =  2.1316282073E-14  8.5265128291E-14 -9.8532293435E-16
HessDelSqRho_EigVals = -5.5297350886E+02  3.1025802069E+02  2.3446783334E+03
HessDelSqRho_EigVec1 =  9.8043910563E-01 -1.9682176521E-01  5.9404163303E-04
HessDelSqRho_EigVec2 =  7.7683198525E-04  6.8877739101E-03  9.9997597726E-01
HessDelSqRho_EigVec3 =  1.9682112864E-01  9.8041509133E-01 -6.9059403348E-03
</CP of DelSqRho>
<CP of DelSqRho>
CP# = 53      
Type = (3,+1)
Coords = -1.37004199303665E-01 -6.83040033201540E-01  4.16701201271913E-03
DistFromNuc =  6.9673040139E-01
Rho =  2.0366191333E+00
DelSqRho = -1.2033176452E+01
GradDelSqRho =  2.1316282073E-14 -1.5631940187E-13 -1.5834555889E-14
HessDelSqRho_EigVals = -5.5296501522E+02  3.1026246505E+02  2.3447179369E+03
HessDelSqRho_EigVec1 =  9.8043809164E-01 -1.9682682827E-01  5.9003512264E-04
HessDelSqRho_EigVec2 =  7.7153333318E-04  6.8408449272E-03  9.9997630351E-01
HessDelSqRho_EigVec3 =  1.9682620050E-01  9.8041440346E-01 -6.8588834045E-03
</CP of DelSqRho>
<CP of DelSqRho>
CP# = 54      
Type = (3,+3)
Coords =  1.18898917040345E-03  6.81064987765058E-03  6.50642452687949E-01
DistFromNuc =  6.5113794812E-01
Rho =  2.8158229329E+00
DelSqRho = -4.5353920847E+01
GradDelSqRho =  5.5511151231E-17  8.4376949872E-15 -2.8421709430E-14
HessDelSqRho_EigVals =  8.0749575323E+02  8.0759038168E+02  4.4296456079E+03
HessDelSqRho_EigVec1 =  9.8701965205E-01 -1.6059950757E-01  6.8074861219E-05
HessDelSqRho_EigVec2 =  1.6059138266E-01  9.8696527276E-01 -1.0486094418E-02
HessDelSqRho_EigVec3 =  1.6168740759E-03  1.0360913500E-02  9.9994501708E-01
</CP of DelSqRho>
<CP of DelSqRho>
CP# = 55      
Type = (3,+3)
Coords = -9.24243966683051E-04 -6.72278575243575E-03 -6.51567617880294E-01
DistFromNuc =  6.5114415939E-01
Rho =  2.8156942551E+00
DelSqRho = -4.5348815068E+01
GradDelSqRho =  1.0047518373E-14  7.1054273576E-15  3.5527136788E-13
HessDelSqRho_EigVals =  8.0738427107E+02  8.0746652905E+02  4.4292007475E+03
HessDelSqRho_EigVec1 =  9.7508181674E-01 -2.2184437641E-01  7.2341120724E-04
HessDelSqRho_EigVec2 =  2.2183966912E-01  9.7502700318E-01 -1.0464428906E-02
HessDelSqRho_EigVec3 =  1.6161292438E-03  1.0364155652E-02  9.9994498469E-01
</CP of DelSqRho>
<CP of DelSqRho>
CP# = 56      
Type = (3,-1)
Coords =  1.16312255376865E-01  5.80286969987149E-01  4.34384878669482E-01
DistFromNuc =  7.3434863984E-01
Rho =  1.5784326476E+00
DelSqRho =  3.1003541824E-01
GradDelSqRho = -3.5527136788E-15 -1.1013412404E-13 -7.8159700934E-14
HessDelSqRho_EigVals = -2.9776225384E+02 -2.5425088931E+02  1.2491703136E+03
HessDelSqRho_EigVec1 = -1.1351817640E-01 -5.7304705528E-01  8.1162226193E-01
HessDelSqRho_EigVec2 =  9.8067394608E-01 -1.9564678090E-01 -9.7396745162E-04
HessDelSqRho_EigVec3 =  1.5934941203E-01  7.9582624332E-01  5.8418178277E-01
</CP of DelSqRho>
<CP of DelSqRho>
CP# = 57      
Type = (3,-1)
Coords = -1.15146940905539E-01 -5.72673070365514E-01  4.46325084150306E-01
DistFromNuc =  7.3546717788E-01
Rho =  1.5710021679E+00
DelSqRho =  6.0044606150E-01
GradDelSqRho =  5.8619775700E-14  1.5276668819E-13 -5.6843418861E-14
HessDelSqRho_EigVals = -2.9773090536E+02 -2.6224142479E+02  1.2230987684E+03
HessDelSqRho_EigVec1 =  1.1960439632E-01  5.8734474420E-01  8.0045046058E-01
HessDelSqRho_EigVec2 =  9.8017771645E-01 -1.9811729283E-01 -1.0874044338E-03
HessDelSqRho_EigVec3 =  1.5794439702E-01  7.8471376294E-01 -5.9939792935E-01
</CP of DelSqRho>
<CP of DelSqRho>
CP# = 58      
Type = (3,-1)
Coords =  1.15407868892569E-01  5.72752747866433E-01 -4.47249146596925E-01
DistFromNuc =  7.3546134906E-01
Rho =  1.5710625329E+00
DelSqRho =  5.9939992613E-01
GradDelSqRho =  1.9095836024E-14  6.7501559897E-14 -6.3948846218E-14
HessDelSqRho_EigVals = -2.9771965694E+02 -2.6225894266E+02  1.2232295542E+03
HessDelSqRho_EigVec1 =  1.1965370868E-01  5.8734254353E-01  8.0044470550E-01
HessDelSqRho_EigVec2 =  9.8017209187E-01 -1.9814489554E-01 -1.1272471365E-03
HessDelSqRho_EigVec3 =  1.5794195236E-01  7.8470844072E-01 -5.9940554114E-01
</CP of DelSqRho>
<CP of DelSqRho>
CP# = 59      
Type = (3,-1)
Coords = -1.16053086793555E-01 -5.80181488828154E-01 -4.35307981764359E-01
DistFromNuc =  7.3434001601E-01
Rho =  1.5785237678E+00
DelSqRho =  3.0830320359E-01
GradDelSqRho =  3.5527136788E-15 -6.9277916737E-14 -4.6185277824E-14
HessDelSqRho_EigVals = -2.9775953809E+02 -2.5425695148E+02  1.2493693422E+03
HessDelSqRho_EigVec1 = -1.1364833378E-01 -5.7302950914E-01  8.1161643520E-01
HessDelSqRho_EigVec2 =  9.8065777648E-01 -1.9572829264E-01 -8.7229031104E-04
HessDelSqRho_EigVec3 =  1.5935614723E-01  7.9581883435E-01  5.8419003862E-01
</CP of DelSqRho>
<CP of DelSqRho>
CP# = 60      
Type = (3,-1)
Coords =  5.78155641512078E-01 -1.07235568805078E-01  4.40545485740869E-01
DistFromNuc =  7.3491884844E-01
Rho =  1.5745948961E+00
DelSqRho =  4.5920811756E-01
GradDelSqRho =  4.9737991503E-14 -9.3258734069E-15  7.1054273576E-15
HessDelSqRho_EigVals = -2.9797090240E+02 -2.5815146624E+02  1.2358342300E+03
HessDelSqRho_EigVec1 = -5.9221266924E-01  4.7453765501E-02  8.0438317644E-01
HessDelSqRho_EigVec2 =  1.4642521920E-01  9.8798159178E-01  4.9517971408E-02
HessDelSqRho_EigVec3 =  7.9236595685E-01 -1.4710715296E-01  5.9204364364E-01
</CP of DelSqRho>
<CP of DelSqRho>
CP# = 61      
Type = (3,-1)
Coords = -5.74859364841711E-01  1.24237769664888E-01  4.40024491105607E-01
DistFromNuc =  7.3489126268E-01
Rho =  1.5748181298E+00
DelSqRho =  4.5171812275E-01
GradDelSqRho = -3.9079850467E-14  8.8817841970E-16  7.4606987255E-14
HessDelSqRho_EigVals = -2.9797284747E+02 -2.5794631552E+02  1.2364726772E+03
HessDelSqRho_EigVec1 =  5.6402590536E-01 -1.8444202644E-01  8.0489497263E-01
HessDelSqRho_EigVec2 =  2.4607074928E-01  9.6799301783E-01  4.9383233831E-02
HessDelSqRho_EigVec3 =  7.8824105731E-01 -1.7020768584E-01 -5.9135892591E-01
</CP of DelSqRho>
<CP of DelSqRho>
CP# = 62      
Type = (3,-1)
Coords =  5.75115375875575E-01 -1.24150628204646E-01 -4.40947176252305E-01
DistFromNuc =  7.3488755716E-01
Rho =  1.5748515255E+00
DelSqRho =  4.5114539719E-01
GradDelSqRho = -1.7763568394E-14  7.1054273576E-15 -6.3948846218E-14
HessDelSqRho_EigVals = -2.9796132643E+02 -2.5796552222E+02  1.2365548671E+03
HessDelSqRho_EigVec1 =  5.6403020732E-01 -1.8444072477E-01  8.0489225632E-01
HessDelSqRho_EigVec2 =  2.4607391972E-01  9.6799247006E-01  4.9378172652E-02
HessDelSqRho_EigVec3 =  7.8823698928E-01 -1.7021221150E-01 -5.9136304567E-01
</CP of DelSqRho>
<CP of DelSqRho>
CP# = 63      
Type = (3,-1)
