 AIMInt (Version 19.02.13, Professional)
 Portions Copyright (c) 1997-2019 by Todd A. Keith
 AIMInt is a component of the AIMAll package ( http://aim.tkgristmill.com )

 TP:  64-bit Linux

 Licensed To:  Research Group of Fernando Cortes Guzman, UNAM, fercor@unam.mx

 AIMInt is a heavily modified and extended version of the PROAIMV program
 developed by members of R.F.W. Bader's research group

 Much of the Quantum Theory of Atoms in Molecules (QTAIM) is described in the book:
   "Atoms in Molecules - A Quantum Theory"
   R.F.W. Bader, Oxford University Press, Oxford, 1990

 For additional references see:  http://aim.tkgristmill.com/references.html

 Current Directory:  /home/scratch/M_H2O_4_cuadrado_plano/Opt

 Inp File:  Cr2_cuadrado_plano_cc-pvtz-def2-tzv_1_atomicfiles/o2.inp
 Wfx File:  Cr2_cuadrado_plano_cc-pvtz-def2-tzv_1.wfx
 Out File:  Cr2_cuadrado_plano_cc-pvtz-def2-tzv_1_atomicfiles/o2.int

 Wfx Title:   Cr2_cuadrado_plano_cc-pvtz-def2-tzv_1                                         
 Job Title:   Cr2_cuadrado_plano_cc-pvtz-def2-tzv_1                                         
 
<Atom>
O2      
</Atom>
<Nuclei of Molecule>
    13
Cr1       24.0           1.3215006647E-04   4.5224567886E-05  -4.5948986191E-04
O2         8.0           3.3164531236E+00  -6.6566168904E-01   7.4169565720E-04
H3         1.0           4.1701745908E+00  -2.3215680695E+00   5.4066649079E-02
O4         8.0          -3.3164810697E+00   6.6564727754E-01  -1.1820532231E-04
H5         1.0          -4.1716159960E+00   2.3209361157E+00  -5.2460312183E-02
O6         8.0          -6.6572819055E-01  -3.3164350716E+00  -5.1914851592E-04
H7         1.0           5.3326302499E-01  -4.7433431321E+00  -1.3769662495E-02
O8         8.0           6.6558051147E-01   3.3164991595E+00   8.8404872679E-04
H9         1.0          -5.3399982662E-01   4.7429499445E+00   1.4900941139E-02
H10        1.0           2.3221787587E+00   4.1705470007E+00   1.7373080866E-02
H11        1.0          -4.7421430072E+00  -5.3363828289E-01   5.6060366841E-02
H12        1.0           4.7430287048E+00   5.3241926463E-01  -5.7102027585E-02
H13        1.0          -2.3226528496E+00  -4.1697856414E+00  -1.5948403343E-02
</Nuclei of Molecule>
<Total Number of CPs of DelSqRho>
    36
</Total Number of CPs of DelSqRho>
<Number of (3,+3) CPs of DelSqRho>
     5
</Number of (3,+3) CPs of DelSqRho>
<Number of (3,+1) CPs of DelSqRho>
    11
</Number of (3,+1) CPs of DelSqRho>
<Number of (3,-1) CPs of DelSqRho>
    13
</Number of (3,-1) CPs of DelSqRho>
<Number of (3,-3) CPs of DelSqRho>
     7
</Number of (3,-3) CPs of DelSqRho>
<Number of Degenerate CPs of DelSqRho>
     0
</Number of Degenerate CPs of DelSqRho>
<CP of DelSqRho>
CP# = 1       
Type = (3,+3)
Coords =  3.31645351368230E+00 -6.65661767385877E-01  7.41694504451293E-04
DistFromNuc =  3.9789022693E-07
Rho =  2.9734404293E+02
DelSqRho = -3.3297733781E+06
GradDelSqRho = -4.1244638851E-06 -6.6009274633E-06 -5.2676796258E-09
HessDelSqRho_EigVals =  1.3241696221E+11  1.3241697955E+11  1.3241698662E+11
HessDelSqRho_EigVec1 =  8.8850241896E-03  3.7136260863E-02  9.9927071131E-01
HessDelSqRho_EigVec2 =  9.8043343712E-01 -1.9684590306E-01 -1.4020765179E-03
HessDelSqRho_EigVec3 =  1.9665027769E-01  9.7973087559E-01 -3.8158612490E-02
</CP of DelSqRho>
<CP of DelSqRho>
CP# = 2       
Type = (3,-1)
Coords =  1.96368041731778E+00 -3.94080535240398E-01  5.80861627331700E-04
DistFromNuc =  1.3797645972E+00
Rho =  1.8841936912E-01
DelSqRho =  5.5832964129E-01
GradDelSqRho = -3.2029934260E-14  6.1478599989E-15 -7.0066565397E-18
HessDelSqRho_EigVals = -8.9633154175E-01 -6.4800912377E-01  3.1939782495E+00
HessDelSqRho_EigVec1 =  5.3469263153E-03  2.9702041346E-02  9.9954449582E-01
HessDelSqRho_EigVec2 =  1.9671097656E-01  9.7999711945E-01 -3.0173458194E-02
HessDelSqRho_EigVec3 =  9.8044693996E-01 -1.9678270914E-01  6.0274517192E-04
</CP of DelSqRho>
<CP of DelSqRho>
CP# = 3       
Type = (3,+1)
Coords =  4.19429820088141E+00  8.04800693929779E-02 -3.47933697972590E-02
DistFromNuc =  1.1526500962E+00
Rho =  4.1434132571E-01
DelSqRho = -9.6251017039E-01
GradDelSqRho = -4.3506864777E-15 -4.7739590059E-15  2.6714741530E-16
HessDelSqRho_EigVals = -3.1328478359E+01  1.4818984858E+01  1.5562880921E+01
HessDelSqRho_EigVec1 =  7.6774549181E-01  6.3999908223E-01 -3.1113253597E-02
HessDelSqRho_EigVec2 =  6.2887898168E-03  4.1028573855E-02  9.9913818226E-01
HessDelSqRho_EigVec3 = -6.4072405209E-01  7.6727949984E-01 -2.7474682901E-02
</CP of DelSqRho>
<CP of DelSqRho>
CP# = 4       
Type = (3,-1)
Coords =  3.48222560343308E+00 -6.98941522844039E-01  6.05304574319895E-04
DistFromNuc =  1.6908010237E-01
Rho =  2.2288429861E+01
DelSqRho =  1.2434401129E+03
GradDelSqRho = -2.5337953957E-11  5.9543481257E-12  1.7763568394E-14
HessDelSqRho_EigVals = -4.0018484574E+05 -1.0805730116E+03  1.9079602085E+03
HessDelSqRho_EigVec1 =  9.8043763938E-01 -1.9682836368E-01 -7.9406014781E-04
HessDelSqRho_EigVec2 =  8.3323956256E-03  3.7473864735E-02  9.9926286864E-01
HessDelSqRho_EigVec3 =  1.9665351881E-01  9.7972154448E-01 -3.8380839276E-02
</CP of DelSqRho>
<CP of DelSqRho>
CP# = 5       
Type = (3,-3)
Coords =  3.16603571421205E+00 -7.37912404912181E-01  4.86309363946832E-03
DistFromNuc =  1.6692078632E-01
Rho =  2.2735883139E+01
DelSqRho =  1.2979440808E+03
GradDelSqRho =  0.0000000000E+00 -8.1286088971E-12  4.3343106881E-13
HessDelSqRho_EigVals = -4.5248020150E+05 -3.3557372058E+03 -5.1680234439E+02
HessDelSqRho_EigVec1 =  9.0268723694E-01  4.2959406639E-01 -2.4590453373E-02
HessDelSqRho_EigVec2 =  9.5154039129E-03  3.7204612856E-02  9.9926236488E-01
HessDelSqRho_EigVec3 = -4.3019206102E-01  9.0225537123E-01 -2.9496368120E-02
</CP of DelSqRho>
<CP of DelSqRho>
CP# = 6       
Type = (3,+1)
Coords =  3.39052505878304E+00 -6.86396736335132E-01 -1.49276724239544E-01
DistFromNuc =  1.6858861195E-01
Rho =  2.2484728166E+01
DelSqRho =  1.2349980068E+03
GradDelSqRho = -6.1106675275E-12  1.4743761767E-12  1.9895196601E-13
HessDelSqRho_EigVals = -4.0804794443E+05  1.6000841174E+03  3.0978887638E+03
HessDelSqRho_EigVec1 = -4.3462456627E-01  1.2213663735E-01  8.9229150405E-01
HessDelSqRho_EigVec2 =  8.7884186734E-01 -1.5900540869E-01  4.4983802886E-01
HessDelSqRho_EigVec3 =  1.9682087947E-01  9.7969378983E-01 -3.8231133657E-02
</CP of DelSqRho>
<CP of DelSqRho>
CP# = 7       
Type = (3,-3)
Coords =  3.20556896774976E+00 -5.40943540543402E-01 -2.81267665251143E-03
DistFromNuc =  1.6692077804E-01
Rho =  2.2735887354E+01
DelSqRho =  1.2979437052E+03
GradDelSqRho =  9.5496943686E-12 -5.6843418861E-12  1.0658141036E-13
HessDelSqRho_EigVals = -4.5248031952E+05 -3.3557034833E+03 -5.1671970680E+02
HessDelSqRho_EigVec1 = -6.6698228410E-01  7.4477260414E-01 -2.1175476761E-02
HessDelSqRho_EigVec2 =  9.5192754149E-03  3.6936448482E-02  9.9927227629E-01
HessDelSqRho_EigVec3 =  7.4501276237E-01  6.6629533008E-01 -3.1725652315E-02
</CP of DelSqRho>
<CP of DelSqRho>
CP# = 8       
Type = (3,+1)
Coords =  3.39338258576474E+00 -6.75247944118376E-01  1.50446161981987E-01
DistFromNuc =  1.6858667111E-01
Rho =  2.2485120982E+01
DelSqRho =  1.2350489424E+03
GradDelSqRho =  6.5014660322E-13 -2.3447910280E-13  1.1567635738E-11
HessDelSqRho_EigVals = -4.0809324161E+05  1.5969391167E+03  3.0955950107E+03
HessDelSqRho_EigVec1 =  4.5162270986E-01 -5.5822655650E-02  8.9046098121E-01
HessDelSqRho_EigVec2 =  8.7030290918E-01 -1.9223851729E-01 -4.5345032665E-01
HessDelSqRho_EigVec3 =  1.9649370017E-01  9.7975924777E-01 -3.8236660506E-02
</CP of DelSqRho>
<CP of DelSqRho>
CP# = 9       
Type = (3,-1)
Coords =  3.15299689650268E+00 -6.32831796606337E-01  1.08788160221059E-03
DistFromNuc =  1.6672090407E-01
Rho =  2.2807283942E+01
DelSqRho =  1.2971244492E+03
GradDelSqRho =  1.3073986338E-11 -7.7307049651E-12 -1.3944401189E-13
HessDelSqRho_EigVals = -4.5693627251E+05 -3.0987551894E+03  2.9451785493E+02
HessDelSqRho_EigVec1 =  9.8041832357E-01 -1.9691515963E-01 -2.0810371589E-03
HessDelSqRho_EigVec2 =  9.5525354019E-03  3.7000521509E-02  9.9926958849E-01
HessDelSqRho_EigVec3 =  1.9669433107E-01  9.7972209392E-01 -3.8157028302E-02
</CP of DelSqRho>
<CP of DelSqRho>
CP# = 10      
Type = (3,-1)
Coords =  4.02545922402423E+00 -8.08012175406491E-01 -6.39590800139563E-04
DistFromNuc =  7.2315642802E-01
Rho =  6.7421424939E-01
DelSqRho = -1.1052646814E+00
GradDelSqRho =  2.7533531011E-14 -2.9976021665E-15 -1.5265566589E-16
HessDelSqRho_EigVals = -1.9318925988E+01 -4.2137598969E+00  1.3569472383E+02
HessDelSqRho_EigVec1 =  1.9664902381E-01  9.7980071123E-01 -3.6328056660E-02
HessDelSqRho_EigVec2 =  9.0157278208E-03  3.5242959994E-02  9.9933810616E-01
HessDelSqRho_EigVec3 =  9.8043249543E-01 -1.9684638690E-01 -1.9031228521E-03
</CP of DelSqRho>
<CP of DelSqRho>
CP# = 11      
Type = (3,-1)
Coords =  2.96457520077112E+00 -1.28659967623514E+00  2.66308254713018E-02
DistFromNuc =  7.1417946172E-01
Rho =  6.8073996181E-01
DelSqRho = -1.0803364641E+00
GradDelSqRho =  2.6645352591E-15 -4.4408920985E-15 -8.8817841970E-16
HessDelSqRho_EigVals = -1.5807444568E+01 -1.1348829870E+01  1.4695576108E+02
HessDelSqRho_EigVec1 =  8.5338628381E-01 -5.2124084348E-01  6.3113945390E-03
HessDelSqRho_EigVec2 =  1.3311282432E-02  3.3893879981E-02  9.9933678740E-01
HessDelSqRho_EigVec3 =  5.2110906763E-01  8.5273629452E-01 -3.5862956363E-02
</CP of DelSqRho>
<CP of DelSqRho>
CP# = 12      
Type = (3,-1)
Coords =  3.23143792527364E+00  4.29879513041084E-02 -2.45577650536453E-02
DistFromNuc =  7.1417922080E-01
Rho =  6.8073738161E-01
DelSqRho = -1.0802641035E+00
GradDelSqRho = -2.2204460493E-16  4.4408920985E-15 -1.3322676296E-15
HessDelSqRho_EigVals = -1.5808378653E+01 -1.1349717517E+01  1.4695449054E+02
HessDelSqRho_EigVec1 =  9.8842235387E-01  1.5148222426E-01 -8.6247374869E-03
HessDelSqRho_EigVec2 =  3.2349343188E-03  3.5790899543E-02  9.9935406474E-01
HessDelSqRho_EigVec3 = -1.5169306366E-01  9.8781179748E-01 -3.4886490127E-02
</CP of DelSqRho>
<CP of DelSqRho>
CP# = 13      
Type = (3,+1)
Coords =  3.51888692392897E+00 -1.15921815172514E+00  4.42766117005831E-01
DistFromNuc =  6.9279363049E-01
Rho =  7.7249762403E-01
DelSqRho = -2.4294588046E+00
GradDelSqRho = -1.0658141036E-14  1.7763568394E-15  1.0658141036E-14
HessDelSqRho_EigVals = -1.3038632150E+01  1.2076005445E+01  1.8319410620E+02
HessDelSqRho_EigVec1 =  4.0598291768E-01 -5.9270121700E-01 -6.9561709145E-01
HessDelSqRho_EigVec2 =  8.7576504609E-01  4.6985387970E-01  1.1078319272E-01
HessDelSqRho_EigVec3 =  2.6117705606E-01 -6.5417321796E-01  7.0981965758E-01
</CP of DelSqRho>
<CP of DelSqRho>
CP# = 14      
Type = (3,+1)
Coords =  3.69203760655015E+00 -2.88232394682911E-01 -4.42512936094390E-01
DistFromNuc =  6.9281400437E-01
Rho =  7.7243711216E-01
DelSqRho = -2.4284648913E+00
GradDelSqRho =  1.7763568394E-14  1.4210854715E-14 -2.6645352591E-15
HessDelSqRho_EigVals = -1.3045904755E+01  1.2068599124E+01  1.8314493564E+02
HessDelSqRho_EigVec1 =  6.0599625109E-01  3.8953713585E-01  6.9356280427E-01
HessDelSqRho_EigVec2 =  6.2601604225E-01 -7.7147978444E-01 -1.1367874495E-01
HessDelSqRho_EigVec3 = -4.9078759002E-01 -5.0307033505E-01  7.1137035325E-01
</CP of DelSqRho>
<CP of DelSqRho>
CP# = 15      
Type = (3,+3)
Coords =  3.86301996437864E+00 -1.86727893337298E-01 -2.09886129566006E-02
DistFromNuc =  7.2703858112E-01
Rho =  7.4345913613E-01
DelSqRho = -2.9821938598E+00
GradDelSqRho =  1.7763568394E-15 -6.2172489379E-15  4.3159920082E-15
HessDelSqRho_EigVals =  1.1809629971E+01  2.2296931828E+01  1.3541099177E+02
HessDelSqRho_EigVec1 =  7.1206394865E-03  3.6136906808E-02  9.9932148004E-01
HessDelSqRho_EigVec2 = -6.6600084842E-01  7.4562005689E-01 -2.2217125334E-02
HessDelSqRho_EigVec3 =  7.4591699699E-01  6.6539075341E-01 -2.9376502213E-02
</CP of DelSqRho>
<CP of DelSqRho>
CP# = 16      
Type = (3,+1)
Coords =  3.70009149529732E+00 -2.57063395523580E-01  4.07837566807790E-01
DistFromNuc =  6.9271784590E-01
Rho =  7.7292615388E-01
DelSqRho = -2.4362531937E+00
GradDelSqRho = -2.3980817332E-14 -1.5987211555E-14  7.9936057773E-15
HessDelSqRho_EigVals = -1.2963285469E+01  1.2148059072E+01  1.8334544188E+02
HessDelSqRho_EigVec1 = -5.9239518534E-01 -3.3732482410E-01  7.3162825768E-01
HessDelSqRho_EigVec2 =  6.2868467579E-01 -7.6144681601E-01  1.5796937933E-01
HessDelSqRho_EigVec3 =  5.0380901422E-01  5.5354377373E-01  6.6314837537E-01
</CP of DelSqRho>
<CP of DelSqRho>
CP# = 17      
Type = (3,+3)
Coords =  3.01283478640519E+00 -5.83413094264514E-01  5.59037802441631E-01
DistFromNuc =  6.4081469152E-01
Rho =  9.5339134010E-01
DelSqRho = -4.4270082760E+00
GradDelSqRho = -7.1054273576E-15 -2.6645352591E-15  3.9079850467E-14
HessDelSqRho_EigVals =  9.5538870326E+00  2.3571180599E+01  3.2885317240E+02
HessDelSqRho_EigVec1 =  8.6880056223E-01 -1.5457219188E-01  4.7041792117E-01
HessDelSqRho_EigVec2 =  1.9512457351E-01  9.8002851872E-01 -3.8347142221E-02
HessDelSqRho_EigVec3 = -4.5509557664E-01  1.2510611496E-01  8.8161016108E-01
</CP of DelSqRho>
<CP of DelSqRho>
CP# = 18      
Type = (3,+1)
Coords =  3.51110342137354E+00 -1.19028921252947E+00 -4.07618215944913E-01
DistFromNuc =  6.9273414398E-01
Rho =  7.7287748596E-01
DelSqRho = -2.4352417771E+00
GradDelSqRho =  7.1054273576E-15 -3.5527136788E-14 -1.4210854715E-14
HessDelSqRho_EigVals = -1.2972859275E+01  1.2139102323E+01  1.8330221002E+02
HessDelSqRho_EigVec1 =  4.1910616077E-01 -5.4048378674E-01  7.2953910263E-01
HessDelSqRho_EigVec2 = -8.7323168318E-01 -4.5998567220E-01  1.6087140473E-01
HessDelSqRho_EigVec3 = -2.4862914851E-01  7.0447885535E-01  6.6475039592E-01
</CP of DelSqRho>
<CP of DelSqRho>
CP# = 19      
Type = (3,+1)
Coords =  2.66848681476599E+00 -5.35554592243288E-01  1.94577333925310E-03
DistFromNuc =  6.6090063081E-01
Rho =  8.8775048290E-01
DelSqRho = -3.7038981421E+00
GradDelSqRho =  5.1514348343E-14 -2.0428103653E-14 -4.9960036108E-16
HessDelSqRho_EigVals = -6.7282416445E+00  2.0062947931E+01  2.6510667628E+02
HessDelSqRho_EigVec1 =  9.0542829646E-03  3.5631310205E-02  9.9932398635E-01
HessDelSqRho_EigVec2 =  1.9666491175E-01  9.7978304534E-01 -3.6716434193E-02
HessDelSqRho_EigVec3 =  9.8042895329E-01 -1.9686440457E-01 -1.8638044593E-03
</CP of DelSqRho>
<CP of DelSqRho>
CP# = 20      
Type = (3,+3)
Coords =  3.00244199651268E+00 -6.23891500924505E-01 -5.56354906949613E-01
DistFromNuc =  6.4086220139E-01
Rho =  9.5332901637E-01
DelSqRho = -4.4270927189E+00
GradDelSqRho =  1.7941204078E-13 -6.3504757009E-14 -4.4764192353E-13
HessDelSqRho_EigVals =  9.5617619200E+00  2.3581014315E+01  3.2864954287E+02
HessDelSqRho_EigVec1 =  8.5930296645E-01 -1.9240664534E-01 -4.7389671310E-01
HessDelSqRho_EigVec2 =  1.9815699682E-01  9.7942009030E-01 -3.8341769972E-02
HessDelSqRho_EigVec3 =  4.7152117287E-01 -6.0958752796E-02  8.7974531200E-01
</CP of DelSqRho>
<CP of DelSqRho>
CP# = 21      
Type = (3,+3)
Coords =  3.63586965813881E+00 -1.31846424645933E+00  2.09424402787159E-02
DistFromNuc =  7.2703931916E-01
Rho =  7.4346657049E-01
DelSqRho = -2.9822910822E+00
GradDelSqRho = -1.7763568394E-14  2.3536728122E-14 -3.1918911958E-15
HessDelSqRho_EigVals =  1.1811227064E+01  2.2297523264E+01  1.3541003367E+02
HessDelSqRho_EigVec1 =  1.0506617687E-02  3.5464703904E-02  9.9931569875E-01
HessDelSqRho_EigVec2 =  9.0211184084E-01  4.3079058395E-01 -2.4772956892E-02
HessDelSqRho_EigVec3 = -4.3137435900E-01  9.0175480457E-01 -2.7466977356E-02
</CP of DelSqRho>
<CP of DelSqRho>
CP# = 22      
Type = (3,-3)
Coords =  2.71461614628906E+00 -1.63799344250448E+00  4.01210526097018E-02
DistFromNuc =  1.1441973255E+00
Rho =  2.4725428718E-01
DelSqRho =  8.4142484364E-01
GradDelSqRho =  5.7173155099E-12  7.3848566151E-12  4.7719120322E-13
HessDelSqRho_EigVals = -1.7514814503E+01 -1.6848234009E+00 -5.1224903127E-01
HessDelSqRho_EigVec1 =  5.5356446678E-01  8.3209908626E-01 -3.4314599705E-02
HessDelSqRho_EigVec2 =  8.3274194946E-01 -5.5356392927E-01  1.0383728511E-02
HessDelSqRho_EigVec3 =  1.0355033638E-02  3.4323269789E-02  9.9935713658E-01
</CP of DelSqRho>
<CP of DelSqRho>
CP# = 23      
Type = (3,-1)
Coords =  3.56228909046825E+00 -1.16994895743479E-03 -9.51785179920780E-01
DistFromNuc =  1.1871360680E+00
Rho =  2.4365327975E-01
DelSqRho =  7.2641237978E-01
GradDelSqRho =  1.2490009027E-15  2.5396351688E-15 -7.9103390505E-16
HessDelSqRho_EigVals = -1.7104681734E+01 -1.3523464482E+00  3.1656945483E-01
HessDelSqRho_EigVec1 = -1.8578219453E-01 -5.5852951818E-01  8.0841187121E-01
HessDelSqRho_EigVec2 =  8.1415386021E-01  3.7312619528E-01  4.4489362133E-01
HessDelSqRho_EigVec3 =  5.5012586569E-01 -7.4082495889E-01 -3.8540875987E-01
</CP of DelSqRho>
<CP of DelSqRho>
CP# = 24      
Type = (3,-1)
Coords =  2.04914701787086E+00 -5.69158491145511E-01  5.84048287402327E-03
DistFromNuc =  1.2709852991E+00
Rho =  2.3257239927E-01
DelSqRho =  5.6298802197E-01
GradDelSqRho =  3.8857805862E-15  1.9428902931E-16 -4.8789097762E-17
HessDelSqRho_EigVals = -5.6718892073E+00 -4.7919395919E-01  1.8971804865E-01
HessDelSqRho_EigVec1 =  9.9794543775E-01  6.3427417929E-02 -9.0479797673E-03
HessDelSqRho_EigVec2 =  7.0515088241E-03  3.1629956418E-02  9.9947477311E-01
HessDelSqRho_EigVec3 = -6.3680291349E-02  9.9748509187E-01 -3.1117711706E-02
</CP of DelSqRho>
<CP of DelSqRho>
CP# = 25      
Type = (3,-3)
Coords =  3.13642025726505E+00  4.63632275083048E-01 -3.73761037664515E-02
DistFromNuc =  1.1441895197E+00
Rho =  2.4725675018E-01
DelSqRho =  8.4144718955E-01
GradDelSqRho = -2.3592239273E-16  1.1934897515E-15 -9.1940344227E-17
HessDelSqRho_EigVals = -1.7515490162E+01 -1.6848263701E+00 -5.1244145422E-01
HessDelSqRho_EigVec1 = -1.8959838959E-01  9.8130501151E-01 -3.3059416905E-02
HessDelSqRho_EigVec2 =  9.8183613877E-01  1.8924286820E-01 -1.3599023503E-02
HessDelSqRho_EigVec3 =  7.0885310386E-03  3.5037283200E-02  9.9936086651E-01
</CP of DelSqRho>
<CP of DelSqRho>
CP# = 26      
Type = (3,-1)
Coords =  3.58006290533672E+00  6.23037704880385E-02  9.00878363709627E-01
DistFromNuc =  1.1872951817E+00
Rho =  2.4363115357E-01
DelSqRho =  7.2565562667E-01
GradDelSqRho = -3.8771069688E-16  1.6792123247E-15  1.8318679906E-15
HessDelSqRho_EigVals = -1.7112485842E+01 -1.3283450023E+00  3.1794373810E-01
HessDelSqRho_EigVec1 =  2.0119170157E-01  6.1221020413E-01  7.6467023296E-01
HessDelSqRho_EigVec2 =  8.0498227486E-01  3.4146758430E-01 -4.8518390950E-01
HessDelSqRho_EigVec3 =  5.5814463751E-01 -7.1316095997E-01  4.2411791850E-01
</CP of DelSqRho>
<CP of DelSqRho>
CP# = 27      
Type = (3,-1)
Coords =  3.28965584872106E+00 -1.37409856156329E+00  9.52885663557698E-01
DistFromNuc =  1.1870884684E+00
Rho =  2.4362715661E-01
DelSqRho =  7.2664922050E-01
GradDelSqRho =  3.2995585431E-12  3.1740721163E-12 -1.6937840019E-12
HessDelSqRho_EigVals = -1.7112771069E+01 -1.3486221098E+00  3.1540073447E-01
HessDelSqRho_EigVec1 = -4.1768225643E-02 -5.8747123408E-01  8.0816642126E-01
HessDelSqRho_EigVec2 = -6.0577373624E-01  6.5813285955E-01  4.4710101729E-01
HessDelSqRho_EigVec3 =  7.9453986421E-01  4.7089137633E-01  3.8336368618E-01
</CP of DelSqRho>
<CP of DelSqRho>
CP# = 28      
Type = (3,-1)
Coords =  3.27586822780144E+00 -1.43848710708931E+00 -8.99737093054732E-01
DistFromNuc =  1.1873366454E+00
Rho =  2.4365951629E-01
DelSqRho =  7.2546744074E-01
GradDelSqRho =  4.5449755071E-16  2.6367796835E-16 -9.7144514655E-17
HessDelSqRho_EigVals = -1.7105072542E+01 -1.3325229263E+00  3.1892999619E-01
HessDelSqRho_EigVec1 =  5.3039624842E-02  6.4196787628E-01  7.6489479278E-01
HessDelSqRho_EigVec2 = -6.1219597082E-01  6.2605105748E-01 -4.8298671487E-01
HessDelSqRho_EigVec3 =  7.8892514950E-01  4.4264807608E-01 -4.2621566047E-01
</CP of DelSqRho>
<CP of DelSqRho>
CP# = 29      
Type = (3,-3)
Coords =  4.33123134807111E+00 -8.48961096544070E-01  5.42705389140339E-01
DistFromNuc =  1.1649455621E+00
Rho =  2.4781386299E-01
DelSqRho =  8.5394650374E-01
GradDelSqRho = -4.1263659156E-12  6.9668923408E-13 -3.3318625636E-12
HessDelSqRho_EigVals = -1.7635027442E+01 -2.5765746172E+00 -2.5966820730E-01
HessDelSqRho_EigVec1 =  8.6817121604E-01 -1.5647252833E-01  4.7095125812E-01
HessDelSqRho_EigVec2 =  1.9591920446E-01  9.7997467076E-01 -3.5571196065E-02
HessDelSqRho_EigVec3 = -4.5595438913E-01  1.2315028437E-01  8.8144177487E-01
</CP of DelSqRho>
<CP of DelSqRho>
CP# = 30      
Type = (3,+1)
Coords =  2.29987017958240E+00 -4.40292433771534E-01  6.66202339843602E-01
DistFromNuc =  1.2357467589E+00
Rho =  2.4369537434E-01
DelSqRho =  5.1817462796E-01
GradDelSqRho =  6.2450045135E-16 -7.6327832943E-17  8.3960616237E-16
HessDelSqRho_EigVals = -1.2251454546E+01  3.2808731337E-01  4.9594660818E-01
HessDelSqRho_EigVec1 =  8.0663612517E-01 -1.7940747285E-01 -5.6316171768E-01
HessDelSqRho_EigVec2 =  5.5843428354E-01 -8.0797282112E-02  8.2560459675E-01
HessDelSqRho_EigVec3 =  1.9362157045E-01  9.8045130317E-01 -3.5013276993E-02
</CP of DelSqRho>
<CP of DelSqRho>
CP# = 31      
Type = (3,-3)
Coords =  4.32109448798800E+00 -8.87844410740725E-01 -5.45526102536016E-01
DistFromNuc =  1.1649368825E+00
Rho =  2.4781069615E-01
DelSqRho =  8.5402361109E-01
GradDelSqRho = -1.2236323066E-12  2.8736041324E-13  1.0129397321E-12
HessDelSqRho_EigVals = -1.7638042704E+01 -2.5749650429E+00 -2.6042913837E-01
HessDelSqRho_EigVec1 =  8.5933034831E-01 -1.9038610179E-01 -4.7466249558E-01
HessDelSqRho_EigVec2 =  1.9738261411E-01  9.7967972388E-01 -3.5605368552E-02
HessDelSqRho_EigVec3 =  4.7179598993E-01 -6.3093350439E-02  8.7944742482E-01
</CP of DelSqRho>
<CP of DelSqRho>
CP# = 32      
Type = (3,+1)
Coords =  2.29170047791500E+00 -4.81272727543213E-01 -6.64994794227991E-01
DistFromNuc =  1.2358488370E+00
Rho =  2.4371742272E-01
DelSqRho =  5.1791547951E-01
GradDelSqRho = -2.2343238371E-15  7.6327832943E-16 -1.9151347175E-15
HessDelSqRho_EigVals = -1.2246621926E+01  3.2967292277E-01  4.9623494170E-01
HessDelSqRho_EigVec1 =  8.1321832665E-01 -1.4574780030E-01  5.6341239949E-01
HessDelSqRho_EigVec2 = -5.4661305639E-01  1.4096191306E-01  8.2543558540E-01
HessDelSqRho_EigVec3 =  1.9972511053E-01  9.7922791922E-01 -3.4965160474E-02
</CP of DelSqRho>
<CP of DelSqRho>
CP# = 33      
Type = (3,-1)
Coords =  2.11002814860849E+00 -2.65693970465865E-01 -3.76870522731401E-03
DistFromNuc =  1.2710057985E+00
Rho =  2.3256438329E-01
DelSqRho =  5.6299232680E-01
GradDelSqRho =  3.6849412410E-12 -3.2089608748E-13 -1.4251403876E-14
HessDelSqRho_EigVals = -5.6692630094E+00 -4.7934002968E-01  1.8931811546E-01
HessDelSqRho_EigVec1 =  8.9620251832E-01 -4.4358340077E-01  7.4035607925E-03
HessDelSqRho_EigVec2 =  6.3143302784E-03  2.9440061815E-02  9.9954660321E-01
HessDelSqRho_EigVec3 =  4.4360024277E-01  8.9574943445E-01 -2.9185189637E-02
</CP of DelSqRho>
<CP of DelSqRho>
CP# = 34      
Type = (3,+1)
Coords =  3.83836273918463E+00 -1.69284233156269E+00  3.35185809407164E-02
DistFromNuc =  1.1526335252E+00
Rho =  4.1436227813E-01
DelSqRho = -9.6265229687E-01
GradDelSqRho =  4.4408920985E-16  1.7208456882E-15 -7.8062556419E-17
HessDelSqRho_EigVals = -3.1333523685E+01  1.4821355723E+01  1.5565104252E+01
HessDelSqRho_EigVec1 = -4.6130037929E-01  8.8678123896E-01 -2.8652997988E-02
HessDelSqRho_EigVec2 = -1.3669542247E-02 -3.9393979657E-02 -9.9913025076E-01
HessDelSqRho_EigVec3 =  8.8713871727E-01  4.6050749027E-01 -3.0294351368E-02
</CP of DelSqRho>
<CP of DelSqRho>
CP# = 35      
Type = (3,-1)
Coords =  4.46232966237335E+00 -8.95720691850838E-01 -1.19078727161012E-03
DistFromNuc =  1.1687445920E+00
Rho =  2.5294428264E-01
DelSqRho =  8.4011238366E-01
GradDelSqRho = -2.6645352591E-15 -2.4980018054E-16 -3.7296554734E-17
HessDelSqRho_EigVals = -1.6257741263E+01 -4.5684265151E+00  1.9743325713E-01
HessDelSqRho_EigVec1 =  9.8043561220E-01 -1.9683326897E-01 -1.6354080429E-03
HessDelSqRho_EigVec2 =  1.9663594823E-01  9.7976340306E-01 -3.7389542502E-02
HessDelSqRho_EigVec3 =  8.9618188255E-03  3.6336458981E-02  9.9929942838E-01
</CP of DelSqRho>
<CP of DelSqRho>
CP# = 36      
Type = (3,-3)
Coords =  2.05669398218531E+00 -4.12643102258957E-01  9.13885413669605E-04
DistFromNuc =  1.2849169348E+00
Rho =  2.2724534799E-01
DelSqRho =  5.6365816433E-01
GradDelSqRho = -2.4424906542E-15  1.2490009027E-16  4.5536491244E-18
HessDelSqRho_EigVals = -3.9491783019E+00 -5.5982876334E-01 -1.1726945185E-01
HessDelSqRho_EigVec1 =  9.8038044203E-01 -1.9711200309E-01 -1.0232908245E-03
HessDelSqRho_EigVec2 =  7.0900591842E-03  3.0075049026E-02  9.9952249724E-01
HessDelSqRho_EigVec3 =  1.9698710605E-01  9.7991956285E-01 -3.0882525626E-02
</CP of DelSqRho>
<Path of -GradDelSqRho>
Starting CP# =      3
Ending CP# =      0
Number of Points =     30
  4.1942982009E+00  8.0480069393E-02 -3.4793369797E-02  4.1434132571E-01 -9.6251017039E-01
  4.2134983137E+00  9.6472265689E-02 -3.5571372688E-02  4.0407722046E-01 -9.7226206950E-01
  4.2327118610E+00  1.1244830051E-01 -3.6349752600E-02  3.9483001119E-01 -1.0014225776E+00
  4.2519386201E+00  1.2840841321E-01 -3.7128535679E-02  3.8657128847E-01 -1.0499829488E+00
  4.2711780276E+00  1.4435325596E-01 -3.7907737952E-02  3.7926828874E-01 -1.1180937485E+00
  4.2904292278E+00  1.6028383821E-01 -3.8687363815E-02  3.7288399195E-01 -1.2059897154E+00
  4.3096911389E+00  1.7620144775E-01 -3.9467404624E-02  3.6737711013E-01 -1.3138337059E+00
  4.3289625321E+00  1.9210755707E-01 -4.0247837046E-02  3.6270207244E-01 -1.4414495508E+00
  4.3482421140E+00  2.0800372293E-01 -4.1028620725E-02  3.5880919463E-01 -1.5879146001E+00
  4.3675286085E+00  2.2389148686E-01 -4.1809694533E-02  3.5564533390E-01 -1.7510092591E+00
  4.3868208338E+00  2.3977228179E-01 -4.2590970255E-02  3.5315546593E-01 -1.9265970343E+00
  4.4061177729E+00  2.5564734484E-01 -4.3372322015E-02  3.5128574126E-01 -2.1081579241E+00
  4.4254186504E+00  2.7151762446E-01 -4.4153570340E-02  3.4998859926E-01 -2.2869216364E+00
  4.4447230375E+00  2.8738365209E-01 -4.4934469212E-02  3.4923030458E-01 -2.4532904025E+00
  4.4640310015E+00  3.0324535672E-01 -4.5714758754E-02  3.4900065883E-01 -2.6003633063E+00
  4.4833430639E+00  3.1910209628E-01 -4.6494535745E-02  3.4932351245E-01 -2.7301566422E+00
  4.5026589234E+00  3.3495417069E-01 -4.7275117174E-02  3.5026511150E-01 -2.8623481133E+00
  4.5219757323E+00  3.5080495218E-01 -4.8058453568E-02  3.5193562106E-01 -3.0440186014E+00
  4.5412907200E+00  3.6665780988E-01 -4.8844680405E-02  3.5447805213E-01 -3.3572078796E+00
  4.5606033899E+00  3.8251340094E-01 -4.9632722917E-02  3.5803915630E-01 -3.9197338505E+00
  4.5799141686E+00  3.9837124653E-01 -5.0421747766E-02  3.6271953395E-01 -4.8743269465E+00
  4.5992234793E+00  4.1423085256E-01 -5.1211314635E-02  3.6850556510E-01 -6.3622432968E+00
  4.6185315965E+00  4.3009189565E-01 -5.2001202206E-02  3.7519343907E-01 -8.4806467842E+00
  4.6378386779E+00  4.4595418932E-01 -5.2791295043E-02  3.8232419287E-01 -1.1228882524E+01
  4.6571448000E+00  4.6181764357E-01 -5.3581529409E-02  3.8915546517E-01 -1.4457503179E+01
  4.6764499704E+00  4.7768225068E-01 -5.4371867463E-02  3.9469623272E-01 -1.7843065078E+01
  4.6957541094E+00  4.9354810898E-01 -5.5162283537E-02  3.9782030001E-01 -2.0914335425E+01
  4.7150569502E+00  5.0941554408E-01 -5.5952753294E-02  3.9745096664E-01 -2.3143093303E+01
  4.7343573335E+00  5.2528596816E-01 -5.6743219804E-02  3.9277868230E-01 -2.4083683863E+01
  4.7362867131E+00  5.2687381257E-01 -5.6822243225E-02  3.9205649509E-01 -2.4095793008E+01
</Path of -GradDelSqRho>
<Path of -GradDelSqRho>
Starting CP# =      3
Ending CP# =     15
Number of Points =     18
  4.1942982009E+00  8.0480069393E-02 -3.4793369797E-02  4.1434132571E-01 -9.6251017039E-01
  4.1751109355E+00  6.4472445041E-02 -3.4015697996E-02  4.2564612282E-01 -9.7235116985E-01
  4.1559364597E+00  4.8449488219E-02 -3.3238328970E-02  4.3801037554E-01 -1.0021154613E+00
  4.1367738946E+00  3.2412276165E-02 -3.2461216702E-02  4.5144722674E-01 -1.0522113838E+00
  4.1176220098E+00  1.6362300834E-02 -3.1684311817E-02  4.6596350838E-01 -1.1230219263E+00
  4.0984792387E+00  3.0144902032E-04 -3.0907562582E-02  4.8155899915E-01 -1.2147688692E+00
  4.0793436823E+00 -1.5768003136E-02 -3.0130915103E-02  4.9822571712E-01 -1.3273475878E+00
  4.0602130880E+00 -3.1843364520E-02 -2.9354312324E-02  5.1594735256E-01 -1.4601374343E+00
  4.0410847871E+00 -4.7921454116E-02 -2.8577691300E-02  5.3469896568E-01 -1.6117948357E+00
  4.0219555709E+00 -6.3998450220E-02 -2.7800977824E-02  5.5444709041E-01 -1.7800384666E+00
  4.0028214647E+00 -8.0069616728E-02 -2.7024076603E-02  5.7515039808E-01 -1.9614374169E+00
  3.9836773227E+00 -9.6128810896E-02 -2.6246853119E-02  5.9676108152E-01 -2.1512131537E+00
  3.9645160687E+00 -1.1216755608E-01 -2.5469098280E-02  6.1922711968E-01 -2.3430624468E+00
  3.9453271347E+00 -1.2817312632E-01 -2.4690452906E-02  6.4249557013E-01 -2.5289978888E+00
  3.9260927705E+00 -1.4412398136E-01 -2.3910222478E-02  6.6651698664E-01 -2.6991790209E+00
  3.9067771975E+00 -1.5997618481E-01 -2.3126812841E-02  6.9125079233E-01 -2.8416602724E+00
  3.8872797152E+00 -1.7560319598E-01 -2.2335174073E-02  7.1666898459E-01 -2.9419002282E+00
  3.8630199644E+00 -1.8672789334E-01 -2.0988612957E-02  7.4345913613E-01 -2.9821938598E+00
</Path of -GradDelSqRho>
<Path of -GradDelSqRho>
Starting CP# =      6
Ending CP# =      1
Number of Points =      7
  3.3905250588E+00 -6.8639673634E-01 -1.4927672424E-01  2.2484728166E+01  1.2349980068E+03
  3.3796268120E+00 -6.8333743092E-01 -1.2698617932E-01  3.2699869092E+01  9.8565660147E+02
  3.3686774583E+00 -6.8026890443E-01 -1.0472195543E-01  4.7917541814E+01 -7.7944471835E+02
  3.3577055146E+00 -6.7719630356E-01 -8.2469414979E-02  7.0518539425E+01 -6.3478562807E+03
  3.3467173975E+00 -6.7412078588E-01 -6.0225260712E-02  1.0405482578E+02 -2.0488828295E+04
  3.3357023166E+00 -6.7104040523E-01 -3.7995118794E-02  1.5436440358E+02 -7.4824623163E+04
  3.3164535137E+00 -6.6566176739E-01  7.4169450445E-04  2.9734404293E+02 -3.3297733781E+06
</Path of -GradDelSqRho>
<Path of -GradDelSqRho>
Starting CP# =      6
Ending CP# =     20
Number of Points =     44
  3.3905250588E+00 -6.8639673634E-01 -1.4927672424E-01  2.2484728166E+01  1.2349980068E+03
  3.4013636341E+00 -6.8944527143E-01 -1.7159782299E-01  1.5579935713E+01  1.1533618920E+03
  3.4121759234E+00 -6.9248906429E-01 -1.9393231908E-01  1.0897267122E+01  9.8355882395E+02
  3.4229817063E+00 -6.9553168798E-01 -2.1627012311E-01  7.7312557290E+00  7.7528266721E+02
  3.4337717776E+00 -6.9857148076E-01 -2.3861590491E-01  5.5986950023E+00  5.7456956091E+02
  3.4445305369E+00 -7.0160562635E-01 -2.6097754370E-01  4.1630835364E+00  4.1030386218E+02
  3.4552410206E+00 -7.0463106151E-01 -2.8336351998E-01  3.1940995888E+00  2.8760639430E+02
  3.4658862249E+00 -7.0764471375E-01 -3.0578219413E-01  2.5370887769E+00  1.9930137320E+02
  3.4764504845E+00 -7.1064374962E-01 -3.2824107602E-01  2.0888300079E+00  1.3618013046E+02
  3.4869187577E+00 -7.1362544563E-01 -3.5074715522E-01  1.7800762949E+00  9.1048343599E+01
  3.4972728793E+00 -7.1658650978E-01 -3.7330868459E-01  1.5640425184E+00  5.9020143897E+01
  3.5074862101E+00 -7.1952210926E-01 -3.9593759339E-01  1.4090863540E+00  3.6725396312E+01
  3.5175175220E+00 -7.2242475185E-01 -4.1865197015E-01  1.2939731431E+00  2.1641423439E+01
  3.5273028284E+00 -7.2528277797E-01 -4.4147894845E-01  1.2046655470E+00  1.1771104315E+01
  3.5367420168E+00 -7.2807786939E-01 -4.6445876373E-01  1.1320601865E+00  5.5356433200E+00
  3.5456743016E+00 -7.3078042086E-01 -4.8765084569E-01  1.0703781507E+00  1.7348168637E+00
  3.5538283729E+00 -7.3334000119E-01 -5.1114272137E-01  1.0160513654E+00 -4.9680250650E-01
  3.5607055753E+00 -7.3566256989E-01 -5.3506035547E-01  9.6702213855E-01 -1.7507666044E+00
  3.5652455375E+00 -7.3754346669E-01 -5.5955358914E-01  9.2251909961E-01 -2.4131115393E+00
  3.5646686291E+00 -7.3842260438E-01 -5.8442824840E-01  8.8417669651E-01 -2.7308705207E+00
  3.5528002674E+00 -7.3691944642E-01 -6.0586758529E-01  8.6161471564E-01 -2.8793982506E+00
  3.5314315377E+00 -7.3315183317E-01 -6.1799593941E-01  8.6016107121E-01 -2.9867001580E+00
  3.5079109255E+00 -7.2875312934E-01 -6.2519059785E-01  8.6643911774E-01 -3.0905760512E+00
  3.4839268624E+00 -7.2418210625E-01 -6.3055097993E-01  8.7432538455E-01 -3.1937982065E+00
  3.4597472835E+00 -7.1952293238E-01 -6.3486001396E-01  8.8237734999E-01 -3.2960475095E+00
  3.4354410255E+00 -7.1479615991E-01 -6.3829555576E-01  8.9023887341E-01 -3.3967932437E+00
  3.4110428458E+00 -7.1001010775E-01 -6.4089646572E-01  8.9779967827E-01 -3.4954788537E+00
  3.3865811603E+00 -7.0517069296E-01 -6.4267101071E-01  9.0500562255E-01 -3.5915455397E+00
  3.3620830978E+00 -7.0028339982E-01 -6.4362108182E-01  9.1181676094E-01 -3.6844421128E+00
  3.3375754391E+00 -6.9535367303E-01 -6.4374733475E-01  9.1819875098E-01 -3.7736330201E+00
  3.3130848331E+00 -6.9038700670E-01 -6.4305023185E-01  9.2412142574E-01 -3.8586059829E+00
  3.2886378934E+00 -6.8538897957E-01 -6.4153027117E-01  9.2955876935E-01 -3.9388793618E+00
  3.2642612690E+00 -6.8036528293E-01 -6.3918807528E-01  9.3448910175E-01 -4.0140091281E+00
  3.2399817041E+00 -6.7532174912E-01 -6.3602446401E-01  9.3889524575E-01 -4.0835952903E+00
  3.2158260864E+00 -6.7026438228E-01 -6.3204052881E-01  9.4276463926E-01 -4.1472876336E+00
  3.1918214845E+00 -6.6519939235E-01 -6.2723770838E-01  9.4608938983E-01 -4.2047906501E+00
  3.1679951760E+00 -6.6013323367E-01 -6.2161786366E-01  9.4886627386E-01 -4.2558675626E+00
  3.1443746654E+00 -6.5507264983E-01 -6.1518335021E-01  9.5109668350E-01 -4.3003433695E+00
  3.1209876928E+00 -6.5002472698E-01 -6.0793708756E-01  9.5278652439E-01 -4.3381068671E+00
  3.0978622352E+00 -6.4499695845E-01 -5.9988262527E-01  9.5394606699E-01 -4.3691116305E+00
  3.0750264980E+00 -6.3999732407E-01 -5.9102420636E-01  9.5458975473E-01 -4.3933759643E+00
  3.0525088982E+00 -6.3503438795E-01 -5.8136682881E-01  9.5473597218E-01 -4.4109818566E+00
  3.0303380377E+00 -6.3011741776E-01 -5.7091630634E-01  9.5440677674E-01 -4.4220729944E+00
  3.0024419965E+00 -6.2389150092E-01 -5.5635490695E-01  9.5332901637E-01 -4.4270927189E+00
</Path of -GradDelSqRho>
<Path of -GradDelSqRho>
Starting CP# =      8
Ending CP# =     17
Number of Points =     44
  3.3933825858E+00 -6.7524794412E-01  1.5044616198E-01  2.2485120982E+01  1.2350489424E+03
  3.4046463566E+00 -6.7663758057E-01  1.7272162170E-01  1.5580163338E+01  1.1534062570E+03
  3.4158840747E+00 -6.7802144900E-01  1.9501060086E-01  1.0897394835E+01  9.8359549617E+02
  3.4271153465E+00 -6.7940388543E-01  2.1730291785E-01  7.7313242781E+00  7.7531215910E+02
  3.4383310519E+00 -6.8078287185E-01  2.3960328308E-01  5.5987305667E+00  5.7459171947E+02
  3.4495157327E+00 -6.8215498769E-01  2.6191964582E-01  4.1631025999E+00  4.1031942835E+02
  3.4606525789E+00 -6.8351651421E-01  2.8426056239E-01  3.1941120158E+00  2.8761677938E+02
  3.4717247411E+00 -6.8486372591E-01  3.0663446840E-01  2.5371000800E+00  1.9930799127E+02
  3.4827166954E+00 -6.8619319326E-01  3.2904894201E-01  2.0888429564E+00  1.3618409205E+02
  3.4936135360E+00 -6.8750162613E-01  3.5151103727E-01  1.7800919770E+00  9.1050450305E+01
  3.5043972608E+00 -6.8878505393E-01  3.7402908414E-01  1.5640610178E+00  5.9020975631E+01
  3.5150414676E+00 -6.9003765828E-01  3.9661512460E-01  1.4091071840E+00  3.6725384555E+01
  3.5255052895E+00 -6.9125044607E-01  4.1928742130E-01  1.2939955318E+00  2.1640891490E+01
  3.5357252859E+00 -6.9240948840E-01  4.4207337659E-01  1.2046886255E+00  1.1770288010E+01
  3.5456021644E+00 -6.9349306118E-01  4.6501364366E-01  1.1320831094E+00  5.5347060086E+00
  3.5549763689E+00 -6.9446644181E-01  4.8816831825E-01  1.0704001701E+00  1.7338643827E+00
  3.5635784345E+00 -6.9527146809E-01  5.1162604403E-01  1.0160718808E+00 -4.9770681685E-01
  3.5709124231E+00 -6.9580245449E-01  5.3551482748E-01  9.6704076700E-01 -1.7515886257E+00
  3.5759213485E+00 -6.9583887008E-01  5.5998881740E-01  9.2253595515E-01 -2.4138366291E+00
  3.5758224004E+00 -6.9482381223E-01  5.8486467544E-01  8.8419431683E-01 -2.7315012837E+00
  3.5643692730E+00 -6.9164374324E-01  6.0634627781E-01  8.6164526459E-01 -2.8799719057E+00
  3.5432458665E+00 -6.8687856571E-01  6.1855361842E-01  8.6020575509E-01 -2.9872568959E+00
  3.5198777214E+00 -6.8186145111E-01  6.2583995274E-01  8.6649045728E-01 -3.0911185480E+00
  3.4960090660E+00 -6.7682301995E-01  6.3129567830E-01  8.7438037740E-01 -3.1943216220E+00
  3.4719221038E+00 -6.7178963392E-01  6.3570147385E-01  8.8243491158E-01 -3.2965466120E+00
  3.4476888444E+00 -6.6676905468E-01  6.3923452399E-01  8.9029855065E-01 -3.3972631487E+00
  3.4233446816E+00 -6.6176707013E-01  6.4193343084E-01  8.9786120653E-01 -3.4959152003E+00
  3.3989181338E+00 -6.5678921162E-01  6.4380631518E-01  9.0506878504E-01 -3.5919445987E+00
  3.3744363450E+00 -6.5184090683E-01  6.4485495114E-01  9.1188134974E-01 -3.6848008724E+00
  3.3499261193E+00 -6.4692748333E-01  6.4507988421E-01  9.1826455892E-01 -3.7739492526E+00
  3.3254141583E+00 -6.4205417086E-01  6.4448146774E-01  9.2418824628E-01 -3.8588782929E+00
  3.3009271639E+00 -6.3722610592E-01  6.4306009060E-01  9.2962639816E-01 -3.9391072143E+00
  3.2764919154E+00 -6.3244833349E-01  6.4081626578E-01  9.3455733825E-01 -4.0141928547E+00
  3.2521353355E+00 -6.2772580347E-01  6.3775070298E-01  9.3896389426E-01 -4.0837360740E+00
  3.2278845476E+00 -6.2306336073E-01  6.3386438298E-01  9.4283350979E-01 -4.1473874717E+00
  3.2037669230E+00 -6.1846572795E-01  6.2915863323E-01  9.4615829848E-01 -4.2048522971E+00
  3.1798101227E+00 -6.1393748020E-01  6.2363520275E-01  9.4893504293E-01 -4.2558944539E+00
  3.1560421307E+00 -6.0948300989E-01  6.1729633444E-01  9.5116514142E-01 -4.3003395289E+00
  3.1324912842E+00 -6.0510648024E-01  6.1014483435E-01  9.5285450539E-01 -4.3380768008E+00
  3.1091862989E+00 -6.0081176478E-01  6.0218413761E-01  9.5401341071E-01 -4.3690602106E+00
  3.0861562931E+00 -5.9660236951E-01  5.9341837171E-01  9.5465630582E-01 -4.3933083059E+00
  3.0634308102E+00 -5.9248133389E-01  5.8385241783E-01  9.5480157986E-01 -4.4109031914E+00
  3.0410398410E+00 -5.8845110735E-01  5.7349197144E-01  9.5447129439E-01 -4.4219885451E+00
  3.0128347864E+00 -5.8341309426E-01  5.5903780244E-01  9.5339134010E-01 -4.4270082760E+00
</Path of -GradDelSqRho>
<Path of -GradDelSqRho>
Starting CP# =      8
Ending CP# =      1
Number of Points =      7
  3.3933825858E+00 -6.7524794412E-01  1.5044616198E-01  2.2485120982E+01  1.2350489424E+03
  3.3820596813E+00 -6.7384522080E-01  1.2820152834E-01  3.2700535091E+01  9.8567768491E+02
  3.3706861366E+00 -6.7243128688E-01  1.0598344700E-01  4.7918648302E+01 -7.7959529318E+02
  3.3592902095E+00 -6.7101239656E-01  8.3777151075E-02  7.0520319077E+01 -6.3483478876E+03
  3.3478782556E+00 -6.6958995699E-01  6.1579315634E-02  1.0405767681E+02 -2.0490653299E+04
  3.3364395839E+00 -6.6816160071E-01  3.9395615576E-02  1.5436884537E+02 -7.4830833039E+04
  3.3164535137E+00 -6.6566176739E-01  7.4169450445E-04  2.9734404293E+02 -3.3297733781E+06
</Path of -GradDelSqRho>
<Path of -GradDelSqRho>
Starting CP# =     13
Ending CP# =     21
Number of Points =     20
  3.5188869239E+00 -1.1592181517E+00  4.4276611701E-01  7.7249762403E-01 -2.4294588046E+00
  3.5282118515E+00 -1.1727928916E+00  4.2626855675E-01  7.6876621654E-01 -2.4329523624E+00
  3.5378928969E+00 -1.1867989213E+00  4.0796448346E-01  7.6515616834E-01 -2.4441961050E+00
  3.5472333173E+00 -1.2002154539E+00  3.8905194961E-01  7.6193523941E-01 -2.4626856577E+00
  3.5562221474E+00 -1.2130238976E+00  3.6955642745E-01  7.5908306712E-01 -2.4877700965E+00
  3.5648478166E+00 -1.2252058509E+00  3.4950329220E-01  7.5657591792E-01 -2.5186771356E+00
  3.5730979213E+00 -1.2367428004E+00  3.2891775426E-01  7.5438734881E-01 -2.5545231191E+00
  3.5809589474E+00 -1.2476158109E+00  3.0782484593E-01  7.5248894946E-01 -2.5943264325E+00
  3.5884159358E+00 -1.2578052120E+00  2.8624946782E-01  7.5085117502E-01 -2.6370242182E+00
  3.5954520801E+00 -1.2672902940E+00  2.6421650269E-01  7.4944427732E-01 -2.6814921521E+00
  3.6020482342E+00 -1.2760490332E+00  2.4175100775E-01  7.4823933568E-01 -2.7265669332E+00
  3.6081823033E+00 -1.2840578887E+00  2.1887850150E-01  7.4720937634E-01 -2.7710710563E+00
  3.6138284762E+00 -1.2912917434E+00  1.9562536640E-01  7.4633054733E-01 -2.8138393763E+00
