 AIMInt (Version 19.02.13, Professional)
 Portions Copyright (c) 1997-2019 by Todd A. Keith
 AIMInt is a component of the AIMAll package ( http://aim.tkgristmill.com )

 TP:  64-bit Linux

 Licensed To:  Research Group of Fernando Cortes Guzman, UNAM, fercor@unam.mx

 AIMInt is a heavily modified and extended version of the PROAIMV program
 developed by members of R.F.W. Bader's research group

 Much of the Quantum Theory of Atoms in Molecules (QTAIM) is described in the book:
   "Atoms in Molecules - A Quantum Theory"
   R.F.W. Bader, Oxford University Press, Oxford, 1990

 For additional references see:  http://aim.tkgristmill.com/references.html

 Current Directory:  /home/scratch/M_H2O_4_cuadrado_plano/Opt

 Inp File:  Cr2_cuadrado_plano_cc-pvtz-def2-tzv_1_atomicfiles/o4.inp
 Wfx File:  Cr2_cuadrado_plano_cc-pvtz-def2-tzv_1.wfx
 Out File:  Cr2_cuadrado_plano_cc-pvtz-def2-tzv_1_atomicfiles/o4.int

 Wfx Title:   Cr2_cuadrado_plano_cc-pvtz-def2-tzv_1                                         
 Job Title:   Cr2_cuadrado_plano_cc-pvtz-def2-tzv_1                                         
 
<Atom>
O4      
</Atom>
<Nuclei of Molecule>
    13
Cr1       24.0           1.3215006647E-04   4.5224567886E-05  -4.5948986191E-04
O2         8.0           3.3164531236E+00  -6.6566168904E-01   7.4169565720E-04
H3         1.0           4.1701745908E+00  -2.3215680695E+00   5.4066649079E-02
O4         8.0          -3.3164810697E+00   6.6564727754E-01  -1.1820532231E-04
H5         1.0          -4.1716159960E+00   2.3209361157E+00  -5.2460312183E-02
O6         8.0          -6.6572819055E-01  -3.3164350716E+00  -5.1914851592E-04
H7         1.0           5.3326302499E-01  -4.7433431321E+00  -1.3769662495E-02
O8         8.0           6.6558051147E-01   3.3164991595E+00   8.8404872679E-04
H9         1.0          -5.3399982662E-01   4.7429499445E+00   1.4900941139E-02
H10        1.0           2.3221787587E+00   4.1705470007E+00   1.7373080866E-02
H11        1.0          -4.7421430072E+00  -5.3363828289E-01   5.6060366841E-02
H12        1.0           4.7430287048E+00   5.3241926463E-01  -5.7102027585E-02
H13        1.0          -2.3226528496E+00  -4.1697856414E+00  -1.5948403343E-02
</Nuclei of Molecule>
<Total Number of CPs of DelSqRho>
    36
</Total Number of CPs of DelSqRho>
<Number of (3,+3) CPs of DelSqRho>
     5
</Number of (3,+3) CPs of DelSqRho>
<Number of (3,+1) CPs of DelSqRho>
    11
</Number of (3,+1) CPs of DelSqRho>
<Number of (3,-1) CPs of DelSqRho>
    13
</Number of (3,-1) CPs of DelSqRho>
<Number of (3,-3) CPs of DelSqRho>
     7
</Number of (3,-3) CPs of DelSqRho>
<Number of Degenerate CPs of DelSqRho>
     0
</Number of Degenerate CPs of DelSqRho>
<CP of DelSqRho>
CP# = 1       
Type = (3,+3)
Coords = -3.31648145989986E+00  6.65647355490908E-01 -1.18204405611756E-04
DistFromNuc =  3.9791715720E-07
Rho =  2.9734405204E+02
DelSqRho = -3.3297733333E+06
GradDelSqRho =  9.3280577858E-06 -4.4412091569E-06 -1.4870238374E-10
HessDelSqRho_EigVals =  1.3241695960E+11  1.3241697694E+11  1.3241698401E+11
HessDelSqRho_EigVec1 =  8.5792673251E-03  3.6264475556E-02  9.9930540076E-01
HessDelSqRho_EigVec2 =  9.8070804443E-01 -1.9547371565E-01 -1.3259256849E-03
HessDelSqRho_EigVec3 =  1.9528985576E-01  9.8003822084E-01 -3.7241884167E-02
</CP of DelSqRho>
<CP of DelSqRho>
CP# = 2       
Type = (3,-1)
Coords = -1.96341634718481E+00  3.93966915612413E-01 -6.15828718244961E-04
DistFromNuc =  1.3800705091E+00
Rho =  1.8829291533E-01
DelSqRho =  5.5812614462E-01
GradDelSqRho =  2.6700863742E-14 -5.4400928207E-15 -7.9688859678E-18
HessDelSqRho_EigVals = -8.9638443752E-01 -6.4859199954E-01  3.2068206052E+00
HessDelSqRho_EigVec1 =  5.6693167002E-03  2.8937033083E-02  9.9956515894E-01
HessDelSqRho_EigVec2 =  1.9640931485E-01  9.8007851939E-01 -2.9486893260E-02
HessDelSqRho_EigVec3 =  9.8050560421E-01 -1.9649107855E-01  1.2712732408E-04
</CP of DelSqRho>
<CP of DelSqRho>
CP# = 3       
Type = (3,+1)
Coords = -4.19374788141987E+00 -8.12220943884378E-02  3.44096536628477E-02
DistFromNuc =  1.1526504634E+00
Rho =  4.1432944737E-01
DelSqRho = -9.6237561881E-01
GradDelSqRho = -3.2196467714E-15 -5.5511151231E-15  2.2204460493E-16
HessDelSqRho_EigVals = -3.1324790913E+01  1.4817351508E+01  1.5561005755E+01
HessDelSqRho_EigVec1 =  7.6724417238E-01  6.4064337806E-01 -3.0206656360E-02
HessDelSqRho_EigVec2 =  5.7602848145E-03  4.0212975755E-02  9.9917452715E-01
HessDelSqRho_EigVec3 = -6.4132924388E-01  7.6678483209E-01 -2.7162882981E-02
</CP of DelSqRho>
<CP of DelSqRho>
CP# = 4       
Type = (3,-1)
Coords = -3.15302523994800E+00  6.32815059655415E-01 -3.98991324262437E-04
DistFromNuc =  1.6672084948E-01
Rho =  2.2807276494E+01
DelSqRho =  1.2971285251E+03
GradDelSqRho = -1.0004441720E-11  3.6877167986E-12 -6.3060667799E-14
HessDelSqRho_EigVals = -4.5693824865E+05 -3.0993301083E+03  2.9437204163E+02
HessDelSqRho_EigVec1 =  9.8041750966E-01 -1.9692297655E-01 -1.6876180157E-03
HessDelSqRho_EigVec2 =  8.9865111923E-03  3.6177026888E-02  9.9930499115E-01
HessDelSqRho_EigVec3 =  1.9672506033E-01  9.7975127662E-01 -3.7238241142E-02
</CP of DelSqRho>
<CP of DelSqRho>
CP# = 5       
Type = (3,-1)
Coords = -3.48228269254242E+00  6.98781963773526E-01  1.80051233582762E-05
DistFromNuc =  1.6908017070E-01
Rho =  2.2288395729E+01
DelSqRho =  1.2434417386E+03
GradDelSqRho = -1.0061285138E-11  7.2475359048E-12  1.0658141036E-14
HessDelSqRho_EigVals = -4.0018401718E+05 -1.0810552028E+03  1.9079244938E+03
HessDelSqRho_EigVec1 =  9.8060943145E-01 -1.9597068242E-01 -7.9660865576E-04
HessDelSqRho_EigVec2 =  8.1195266382E-03  3.6566871626E-02  9.9929822235E-01
HessDelSqRho_EigVec3 =  1.9580402509E-01  9.7992772975E-01 -3.7449008372E-02
</CP of DelSqRho>
<CP of DelSqRho>
CP# = 6       
Type = (3,+1)
Coords = -3.39063456137117E+00  6.86184294412539E-01  1.49886822873927E-01
DistFromNuc =  1.6858830883E-01
Rho =  2.2484805979E+01
DelSqRho =  1.2350016915E+03
GradDelSqRho = -4.8885340220E-12  1.5205614545E-12  1.1368683772E-13
HessDelSqRho_EigVals = -4.0805447887E+05  1.6002290729E+03  3.0980085472E+03
HessDelSqRho_EigVec1 = -4.3510819645E-01  1.2096479565E-01  8.9221543116E-01
HessDelSqRho_EigVec2 =  8.7878511353E-01 -1.5866283858E-01  4.5006980336E-01
HessDelSqRho_EigVec3 =  1.9600403473E-01  9.7989469938E-01 -3.7266560136E-02
</CP of DelSqRho>
<CP of DelSqRho>
CP# = 7       
Type = (3,-3)
Coords = -3.16613214822141E+00  7.38048148160896E-01 -4.09773891935896E-03
DistFromNuc =  1.6692070256E-01
Rho =  2.2735867766E+01
DelSqRho =  1.2979512534E+03
GradDelSqRho = -3.9932501750E-12 -3.7800873542E-12 -1.0480505352E-13
HessDelSqRho_EigVals = -4.5248326296E+05 -3.3565295930E+03 -5.1741405389E+02
HessDelSqRho_EigVec1 =  9.0228047729E-01  4.3049541436E-01 -2.3741072321E-02
HessDelSqRho_EigVec2 =  8.9561752899E-03  3.6338267499E-02  9.9929941321E-01
HessDelSqRho_EigVec3 = -4.3105652439E-01  9.0186098071E-01 -2.8931716951E-02
</CP of DelSqRho>
<CP of DelSqRho>
CP# = 8       
Type = (3,-3)
Coords = -3.20544215450804E+00  5.41065849479030E-01  3.39132525198386E-03
DistFromNuc =  1.6692060900E-01
Rho =  2.2735943544E+01
DelSqRho =  1.2979432060E+03
GradDelSqRho =  1.7763568394E-12 -6.2243543653E-12  2.3980817332E-14
HessDelSqRho_EigVals = -4.5248422514E+05 -3.3558064655E+03 -5.1565983735E+02
HessDelSqRho_EigVec1 = -6.6790654964E-01  7.4395130622E-01 -2.0911597739E-02
HessDelSqRho_EigVec2 =  8.9722255748E-03  3.6144434914E-02  9.9930629889E-01
HessDelSqRho_EigVec3 =  7.4419106425E-01  6.6725559855E-01 -3.0816003748E-02
</CP of DelSqRho>
<CP of DelSqRho>
CP# = 9       
Type = (3,+1)
Coords = -3.39332528750140E+00  6.75284998952939E-01 -1.49863432403084E-01
DistFromNuc =  1.6858692867E-01
Rho =  2.2485082445E+01
DelSqRho =  1.2350380481E+03
GradDelSqRho = -7.2191141953E-12  1.6058265828E-12 -8.4980911197E-12
HessDelSqRho_EigVals = -4.0808670156E+05  1.5980008664E+03  3.0963905880E+03
HessDelSqRho_EigVec1 =  4.5111376118E-01 -5.6134813527E-02  8.9069930795E-01
HessDelSqRho_EigVec2 =  8.7074715431E-01 -1.9115412378E-01 -4.5305572970E-01
HessDelSqRho_EigVec3 =  1.9569304467E-01  9.7995356200E-01 -3.7353026608E-02
</CP of DelSqRho>
<CP of DelSqRho>
CP# = 10      
Type = (3,-1)
Coords = -2.96504531507108E+00  1.28685617956712E+00 -2.53757330706477E-02
DistFromNuc =  7.1417472112E-01
Rho =  6.8072340146E-01
DelSqRho = -1.0802923386E+00
GradDelSqRho =  2.1760371283E-14  1.7763568394E-14 -1.7208456882E-15
HessDelSqRho_EigVals = -1.5804026072E+01 -1.1349859796E+01  1.4695929680E+02
HessDelSqRho_EigVec1 =  8.5376416060E-01 -5.2062201229E-01  6.2831834407E-03
HessDelSqRho_EigVec2 =  1.2849388857E-02  3.3132602983E-02  9.9936836243E-01
HessDelSqRho_EigVec3 =  5.2050134609E-01  8.5314415601E-01 -3.4977103658E-02
</CP of DelSqRho>
<CP of DelSqRho>
CP# = 11      
Type = (3,-1)
Coords = -4.02561166057225E+00  8.07409152059401E-01  9.39130940266027E-04
DistFromNuc =  7.2316232061E-01
Rho =  6.7419425037E-01
DelSqRho = -1.1051820223E+00
GradDelSqRho =  5.6843418861E-14 -1.5987211555E-14  1.8041124150E-16
HessDelSqRho_EigVals = -1.9317293056E+01 -4.2151390172E+00  1.3568980089E+02
HessDelSqRho_EigVec1 =  1.9586295762E-01  9.7998824429E-01 -3.5506941400E-02
HessDelSqRho_EigVec2 =  8.3698865583E-03  3.4536296231E-02  9.9936839516E-01
HessDelSqRho_EigVec3 =  9.8059555722E-01 -1.9603643870E-01 -1.4380093080E-03
</CP of DelSqRho>
<CP of DelSqRho>
CP# = 12      
Type = (3,-1)
Coords = -3.23098491616911E+00 -4.29753966145104E-02  2.46038719284174E-02
DistFromNuc =  7.1418965808E-01
Rho =  6.8072100780E-01
DelSqRho = -1.0802346622E+00
GradDelSqRho = -7.8825834748E-15  3.3750779949E-14 -6.1062266354E-16
HessDelSqRho_EigVals = -1.5807683559E+01 -1.1349555562E+01  1.4694541241E+02
HessDelSqRho_EigVec1 =  9.8831923028E-01  1.5215930292E-01 -8.5232387555E-03
HessDelSqRho_EigVec2 =  3.2290432014E-03  3.5007025657E-02  9.9938184966E-01
HessDelSqRho_EigVec3 = -1.5236361883E-01  9.8773582232E-01 -3.4106787689E-02
</CP of DelSqRho>
<CP of DelSqRho>
CP# = 13      
Type = (3,+1)
Coords = -3.69205316970743E+00  2.87549755956247E-01  4.42586254760472E-01
DistFromNuc =  6.9281987350E-01
Rho =  7.7243034612E-01
DelSqRho = -2.4286710496E+00
GradDelSqRho = -1.4210854715E-14 -6.2172489379E-15  2.3980817332E-14
HessDelSqRho_EigVals = -1.3041099994E+01  1.2071216479E+01  1.8313930374E+02
HessDelSqRho_EigVec1 =  6.0526927355E-01  3.8944356182E-01  6.9424982438E-01
HessDelSqRho_EigVec2 =  6.2669278186E-01 -7.7089244343E-01 -1.1393418203E-01
HessDelSqRho_EigVec3 = -4.9082100981E-01 -5.0404221333E-01  7.1065897835E-01
</CP of DelSqRho>
<CP of DelSqRho>
CP# = 14      
Type = (3,+1)
Coords = -3.51912231814961E+00  1.15943259839688E+00 -4.41795527449366E-01
DistFromNuc =  6.9279598407E-01
Rho =  7.7249056875E-01
DelSqRho = -2.4295725035E+00
GradDelSqRho =  1.2118778203E-14  8.8817841970E-16  1.6875389974E-14
HessDelSqRho_EigVals = -1.3036811985E+01  1.2078866423E+01  1.8319252750E+02
HessDelSqRho_EigVec1 = -4.0675592907E-01  5.9176130633E-01  6.9596563888E-01
HessDelSqRho_EigVec2 =  8.7534211654E-01  4.7045355962E-01  1.1157789769E-01
HessDelSqRho_EigVec3 =  2.6139202969E-01 -6.5459300681E-01  7.0935336910E-01
</CP of DelSqRho>
<CP of DelSqRho>
CP# = 15      
Type = (3,+3)
Coords = -3.86269459884373E+00  1.86267300954910E-01  2.10646909511333E-02
DistFromNuc =  7.2705095865E-01
Rho =  7.4341588029E-01
DelSqRho = -2.9817283058E+00
GradDelSqRho =  5.0626169923E-14  3.7303493627E-14 -2.9531932455E-14
HessDelSqRho_EigVals =  1.1807113334E+01  2.2293878511E+01  1.3539618170E+02
HessDelSqRho_EigVec1 =  6.8384502767E-03  3.5409086186E-02  9.9934950453E-01
HessDelSqRho_EigVec2 = -6.6656016793E-01  7.4513122344E-01 -2.1840384217E-02
HessDelSqRho_EigVec3 =  7.4541986701E-01  6.6597721918E-01 -2.8697829255E-02
</CP of DelSqRho>
<CP of DelSqRho>
CP# = 16      
Type = (3,+1)
Coords = -3.69965745882225E+00  2.57049067610307E-01 -4.07685470230430E-01
DistFromNuc =  6.9273928557E-01
Rho =  7.7286354018E-01
DelSqRho = -2.4356392435E+00
GradDelSqRho = -1.4654943925E-14 -1.0658141036E-14 -5.3290705182E-15
HessDelSqRho_EigVals = -1.2967027716E+01  1.2144583829E+01  1.8330789129E+02
HessDelSqRho_EigVec1 = -5.9243201689E-01 -3.3832947500E-01  7.3113437323E-01
HessDelSqRho_EigVec2 =  6.2919678155E-01 -7.6109186831E-01  1.5764066128E-01
HessDelSqRho_EigVec3 =  5.0312594393E-01  5.5341876941E-01  6.6377100735E-01
</CP of DelSqRho>
<CP of DelSqRho>
CP# = 17      
Type = (3,+3)
Coords = -3.01264075768564E+00  5.84077778547146E-01 -5.58394125180018E-01
DistFromNuc =  6.4081551250E-01
Rho =  9.5340547849E-01
DelSqRho = -4.4273106040E+00
GradDelSqRho = -4.1078251911E-15  7.7160500211E-15  3.2862601529E-14
HessDelSqRho_EigVals =  9.5602379107E+00  2.3574228156E+01  3.2884689280E+02
HessDelSqRho_EigVec1 =  8.6873588646E-01 -1.5451836242E-01  4.7055502893E-01
HessDelSqRho_EigVec2 =  1.9458378137E-01  9.8017357901E-01 -3.7375219486E-02
HessDelSqRho_EigVec3 = -4.5545044912E-01  1.2403157130E-01  8.8157873030E-01
</CP of DelSqRho>
<CP of DelSqRho>
CP# = 18      
Type = (3,+1)
Coords = -3.51177986305272E+00  1.18980284022079E+00  4.08532136575127E-01
DistFromNuc =  6.9273066520E-01
Rho =  7.7288144516E-01
DelSqRho = -2.4355108368E+00
GradDelSqRho =  1.2295719998E-14 -1.4210854715E-14  0.0000000000E+00
HessDelSqRho_EigVals = -1.2969211193E+01  1.2140848760E+01  1.8331368571E+02
HessDelSqRho_EigVec1 =  4.1911517174E-01 -5.4072894378E-01  7.2935223464E-01
HessDelSqRho_EigVec2 = -8.7296661916E-01 -4.6078328465E-01  1.6002514307E-01
HessDelSqRho_EigVec3 = -2.4954309175E-01  7.0376911977E-01  6.6515958342E-01
</CP of DelSqRho>
<CP of DelSqRho>
CP# = 19      
Type = (3,+1)
Coords = -2.66842246283427E+00  5.35978993289815E-01 -1.16619682019298E-03
DistFromNuc =  6.6090462258E-01
Rho =  8.8772231974E-01
DelSqRho = -3.7036590182E+00
GradDelSqRho =  4.9737991503E-14  1.3322676296E-15 -1.2490009027E-16
HessDelSqRho_EigVals = -6.7296572474E+00  2.0060775784E+01  2.6509484424E+02
HessDelSqRho_EigVec1 =  8.6242469830E-03  3.4854946431E-02  9.9935516963E-01
HessDelSqRho_EigVec2 =  1.9599422548E-01  9.7994879606E-01 -3.5869495139E-02
HessDelSqRho_EigVec3 =  9.8056712465E-01 -1.9617718984E-01 -1.6199522178E-03
</CP of DelSqRho>
<CP of DelSqRho>
CP# = 20      
Type = (3,+3)
Coords = -3.00277194092444E+00  6.23663019782795E-01  5.57119056939773E-01
DistFromNuc =  6.4085057683E-01
Rho =  9.5334009962E-01
DelSqRho = -4.4270591354E+00
GradDelSqRho = -1.8285373216E-13  5.3068660577E-14  4.6451731350E-13
HessDelSqRho_EigVals =  9.5602244432E+00  2.3578942563E+01  3.2869750351E+02
HessDelSqRho_EigVec1 =  8.5972224902E-01 -1.9140935189E-01 -4.7353998199E-01
HessDelSqRho_EigVec2 =  1.9746601397E-01  9.7959385901E-01 -3.7457238491E-02
HessDelSqRho_EigVec3 =  4.7104652410E-01 -6.1305231380E-02  8.7997547735E-01
</CP of DelSqRho>
<CP of DelSqRho>
CP# = 21      
Type = (3,+3)
Coords = -3.63640849151914E+00  1.31820669440470E+00 -1.99168744384583E-02
DistFromNuc =  7.2703461752E-01
Rho =  7.4345722577E-01
DelSqRho = -2.9821821363E+00
GradDelSqRho = -1.5987211555E-14  8.8817841970E-15 -1.0547118734E-15
HessDelSqRho_EigVals =  1.1807242484E+01  2.2295360413E+01  1.3541736017E+02
HessDelSqRho_EigVec1 =  1.0042599819E-02  3.4627760096E-02  9.9934982084E-01
HessDelSqRho_EigVec2 =  9.0178913138E-01  4.3150861595E-01 -2.4014097666E-02
HessDelSqRho_EigVec3 = -4.3205961246E-01  9.0144397085E-01 -2.6893469350E-02
</CP of DelSqRho>
<CP of DelSqRho>
CP# = 22      
Type = (3,-3)
Coords = -2.71535326721489E+00  1.63843731003776E+00 -3.85217726690558E-02
DistFromNuc =  1.1441808931E+00
Rho =  2.4724030531E-01
DelSqRho =  8.4141544486E-01
GradDelSqRho =  1.1310397063E-15  2.8588242884E-15 -8.5001450323E-17
HessDelSqRho_EigVals = -1.7515968732E+01 -1.6837470593E+00 -5.1209397771E-01
HessDelSqRho_EigVec1 =  5.5296252006E-01  8.3253443015E-01 -3.3449574428E-02
HessDelSqRho_EigVec2 =  8.3314748527E-01 -5.5295415110E-01  1.0342850764E-02
HessDelSqRho_EigVec3 =  9.8853016658E-03  3.3587637641E-02  9.9938688775E-01
</CP of DelSqRho>
<CP of DelSqRho>
CP# = 23      
Type = (3,-1)
Coords = -2.04924964978366E+00  5.69143527186831E-01 -5.70313876858210E-03
DistFromNuc =  1.2709129148E+00
Rho =  2.3259937309E-01
DelSqRho =  5.6285719619E-01
GradDelSqRho = -1.6653345369E-16  2.2204460493E-16  2.5587171271E-17
HessDelSqRho_EigVals = -5.6816063804E+00 -4.7824849783E-01  1.8974277783E-01
HessDelSqRho_EigVec1 =  9.9798165564E-01  6.2824417453E-02 -9.2578384433E-03
HessDelSqRho_EigVec2 =  7.3332828569E-03  3.0795616331E-02  9.9949880089E-01
HessDelSqRho_EigVec3 = -6.3078030752E-02  9.9754935847E-01 -3.0272750949E-02
</CP of DelSqRho>
<CP of DelSqRho>
CP# = 24      
Type = (3,-3)
Coords = -3.13566864666819E+00 -4.63564568634545E-01  3.72468055635986E-02
DistFromNuc =  1.1442065678E+00
Rho =  2.4726145366E-01
DelSqRho =  8.4138964316E-01
GradDelSqRho =  1.2091022628E-15  5.5511151231E-17 -2.6367796835E-16
HessDelSqRho_EigVals = -1.7513236499E+01 -1.6854311542E+00 -5.1244113864E-01
HessDelSqRho_EigVec1 = -1.9027544178E-01  9.8119557283E-01 -3.2411481355E-02
HessDelSqRho_EigVec2 =  9.8170792612E-01  1.8994219773E-01 -1.3096156702E-02
HessDelSqRho_EigVec3 =  6.6935829771E-03  3.4310485145E-02  9.9938880650E-01
</CP of DelSqRho>
<CP of DelSqRho>
CP# = 25      
Type = (3,-1)
Coords = -3.27681223602984E+00  1.43768538614653E+00  9.01055117375588E-01
DistFromNuc =  1.1873204349E+00
Rho =  2.4364881500E-01
DelSqRho =  7.2553905343E-01
GradDelSqRho = -5.8633653488E-16  1.8735013541E-16  1.3669620991E-15
HessDelSqRho_EigVals = -1.7107770604E+01 -1.3313654151E+00  3.1849620474E-01
HessDelSqRho_EigVec1 =  5.2286916359E-02  6.4133682732E-01  7.6547576859E-01
HessDelSqRho_EigVec2 = -6.1255392386E-01  6.2598131198E-01 -4.8262313186E-01
HessDelSqRho_EigVec3 =  7.8869751410E-01  4.4366031034E-01 -4.2558402259E-01
</CP of DelSqRho>
<CP of DelSqRho>
CP# = 26      
Type = (3,-1)
Coords = -3.56212862920824E+00  2.34806231229844E-04  9.51814116906225E-01
DistFromNuc =  1.1871358922E+00
Rho =  2.4365083283E-01
DelSqRho =  7.2640993603E-01
GradDelSqRho = -4.3368086899E-16  9.6450625264E-16  1.9081958236E-16
HessDelSqRho_EigVals = -1.7105602610E+01 -1.3511546091E+00  3.1637156036E-01
HessDelSqRho_EigVec1 = -1.8563942320E-01 -5.5929993075E-01  8.0791187144E-01
HessDelSqRho_EigVec2 =  8.1374411994E-01  3.7335879965E-01  4.4544776796E-01
HessDelSqRho_EigVec3 =  5.5077991231E-01 -7.4012620153E-01 -3.8581691772E-01
</CP of DelSqRho>
<CP of DelSqRho>
CP# = 27      
Type = (3,-1)
Coords = -3.29002071263285E+00  1.37481646071228E+00 -9.51740784420098E-01
DistFromNuc =  1.1871000859E+00
Rho =  2.4362655249E-01
DelSqRho =  7.2659482757E-01
GradDelSqRho = -4.1420339381E-13  2.6097179973E-14 -3.8101466426E-13
HessDelSqRho_EigVals = -1.7111996042E+01 -1.3485772705E+00  3.1558398584E-01
HessDelSqRho_EigVec1 = -4.1485229041E-02 -5.8810389567E-01  8.0772073371E-01
HessDelSqRho_EigVec2 = -6.0634909758E-01  6.5734850770E-01  4.4747481637E-01
HessDelSqRho_EigVec3 =  7.9411570167E-01  4.7119714273E-01  3.8386651982E-01
</CP of DelSqRho>
<CP of DelSqRho>
CP# = 28      
Type = (3,-1)
Coords = -3.57918050113354E+00 -6.20117189955710E-02 -9.00784292886844E-01
DistFromNuc =  1.1873070402E+00
Rho =  2.4363975902E-01
DelSqRho =  7.2557791608E-01
GradDelSqRho = -1.1275702594E-15 -4.4408920985E-16  1.3877787808E-15
HessDelSqRho_EigVals = -1.7109365166E+01 -1.3298012144E+00  3.1823278144E-01
HessDelSqRho_EigVec1 =  2.0042137523E-01  6.1192670168E-01  7.6509932958E-01
HessDelSqRho_EigVec2 =  8.0490451215E-01  3.4237035472E-01 -4.8467645551E-01
HessDelSqRho_EigVec3 =  5.5853379367E-01 -7.1297142438E-01  4.2392422595E-01
</CP of DelSqRho>
<CP of DelSqRho>
CP# = 29      
Type = (3,+1)
Coords = -2.29122036871254E+00  4.81101763531004E-01  6.64764612810343E-01
DistFromNuc =  1.2358340154E+00
Rho =  2.4371108001E-01
DelSqRho =  5.1793000511E-01
GradDelSqRho =  2.8310687128E-15 -6.9388939039E-16  1.6930901126E-15
HessDelSqRho_EigVals = -1.2245277092E+01  3.2937819864E-01  4.9627352530E-01
HessDelSqRho_EigVec1 =  8.1366209087E-01 -1.4588978545E-01  5.6273454878E-01
HessDelSqRho_EigVec2 = -5.4625995155E-01  1.3929119292E-01  8.2595280065E-01
HessDelSqRho_EigVec3 =  1.9888204347E-01  9.7944583009E-01 -3.3642216136E-02
</CP of DelSqRho>
<CP of DelSqRho>
CP# = 30      
Type = (3,-3)
Coords = -4.32161255374900E+00  8.86577960339520E-01  5.45781236011780E-01
DistFromNuc =  1.1649488688E+00
Rho =  2.4781069990E-01
DelSqRho =  8.5395360075E-01
GradDelSqRho =  1.8947621250E-12 -4.3827441676E-13 -1.5580869928E-12
HessDelSqRho_EigVals = -1.7636353832E+01 -2.5753616825E+00 -2.6014332687E-01
HessDelSqRho_EigVec1 =  8.5975157039E-01 -1.8930940260E-01 -4.7433025130E-01
HessDelSqRho_EigVec2 =  1.9657889114E-01  9.7987150457E-01 -3.4764552214E-02
HessDelSqRho_EigVec3 =  4.7136395362E-01 -6.3354436477E-02  8.7966029728E-01
</CP of DelSqRho>
<CP of DelSqRho>
CP# = 31      
Type = (3,+1)
Coords = -2.29996797854288E+00  4.41117385730933E-01 -6.65982368080779E-01
DistFromNuc =  1.2357538671E+00
Rho =  2.4369768839E-01
DelSqRho =  5.1815090255E-01
GradDelSqRho =  2.8588242884E-15 -1.4571677198E-16 -4.1494585545E-15
HessDelSqRho_EigVals = -1.2251882169E+01  3.2775720706E-01  4.9585104635E-01
HessDelSqRho_EigVec1 =  8.0658050658E-01 -1.7874283735E-01 -5.6345264619E-01
HessDelSqRho_EigVec2 =  5.5874283210E-01 -8.0619562577E-02  8.2541318968E-01
HessDelSqRho_EigVec3 =  1.9296200138E-01  9.8058731596E-01 -3.4845111535E-02
</CP of DelSqRho>
<CP of DelSqRho>
CP# = 32      
Type = (3,-3)
Coords = -4.33108350132777E+00  8.48506651340854E-01 -5.42548181616887E-01
DistFromNuc =  1.1649403092E+00
Rho =  2.4780982984E-01
DelSqRho =  8.5395489548E-01
GradDelSqRho =  2.8839153288E-12 -4.8717974099E-13  2.3389068460E-12
HessDelSqRho_EigVals = -1.7635697956E+01 -2.5756781993E+00 -2.5999515135E-01
HessDelSqRho_EigVec1 =  8.6801824022E-01 -1.5610676147E-01  4.7135444590E-01
HessDelSqRho_EigVec2 =  1.9516511303E-01  9.8015317503E-01 -3.4789827925E-02
HessDelSqRho_EigVec3 = -4.5656862934E-01  1.2219014892E-01  8.8125742789E-01
</CP of DelSqRho>
<CP of DelSqRho>
CP# = 33      
Type = (3,-1)
Coords = -2.10928692058295E+00  2.67543896409567E-01  3.64694237099873E-03
DistFromNuc =  1.2711483753E+00
Rho =  2.3250672312E-01
DelSqRho =  5.6291039150E-01
GradDelSqRho = -4.9075188358E-12  1.7834345112E-13  2.8626406801E-14
HessDelSqRho_EigVals = -5.6497040259E+00 -4.7990823042E-01  1.8467532756E-01
HessDelSqRho_EigVec1 =  8.9729479094E-01 -4.4138008496E-01  6.7586063915E-03
HessDelSqRho_EigVec2 =  6.6524438091E-03  2.8829689177E-02  9.9956220117E-01
HessDelSqRho_EigVec3 =  4.4138169779E-01  8.9685699508E-01 -2.8804986137E-02
</CP of DelSqRho>
<CP of DelSqRho>
CP# = 34      
Type = (3,+1)
Coords = -3.83925305606343E+00  1.69244285159998E+00 -3.22877650127897E-02
DistFromNuc =  1.1526641233E+00
Rho =  4.1432091175E-01
DelSqRho = -9.6237454963E-01
GradDelSqRho = -9.4833862985E-14  2.7200464103E-13 -6.6856242764E-15
HessDelSqRho_EigVals = -3.1324678624E+01  1.4816994897E+01  1.5560617143E+01
HessDelSqRho_EigVec1 = -4.6204583304E-01  8.8640988755E-01 -2.8127556146E-02
HessDelSqRho_EigVec2 = -1.2989910845E-02 -3.8476879754E-02 -9.9917505570E-01
HessDelSqRho_EigVec3 =  8.8676090937E-01  4.6129929652E-01 -2.9292467370E-02
</CP of DelSqRho>
<CP of DelSqRho>
CP# = 35      
Type = (3,-1)
Coords = -4.46254515372691E+00  8.94778989997690E-01  1.89050146516306E-03
DistFromNuc =  1.1687464487E+00
Rho =  2.5294289768E-01
DelSqRho =  8.4007790053E-01
GradDelSqRho =  2.2047919046E-12 -4.3934300642E-13  5.3708339859E-14
HessDelSqRho_EigVals = -1.6256958344E+01 -4.5684405093E+00  1.9746782115E-01
HessDelSqRho_EigVec1 =  9.8059274000E-01 -1.9604840783E-01 -1.7029544329E-03
HessDelSqRho_EigVec2 =  1.9585696554E-01  9.7995237533E-01 -3.6515628594E-02
HessDelSqRho_EigVec3 =  8.8276450886E-03  3.5473424808E-02  9.9933163105E-01
</CP of DelSqRho>
<CP of DelSqRho>
CP# = 36      
Type = (3,-3)
Coords = -2.05713319704807E+00  4.11499601845448E-01 -8.63427053927960E-04
DistFromNuc =  1.2847368060E+00
Rho =  2.2731359203E-01
DelSqRho =  5.6353402715E-01
GradDelSqRho = -2.7200464103E-15 -1.3877787808E-16  2.7430314964E-17
HessDelSqRho_EigVals = -3.9696824913E+00 -5.5841412840E-01 -1.1546031807E-01
HessDelSqRho_EigVec1 =  9.7978304811E-01 -2.0005842419E-01 -1.3437036455E-03
HessDelSqRho_EigVec2 =  7.3619317647E-03  2.9341465065E-02  9.9954233547E-01
HessDelSqRho_EigVec3 =  1.9992743831E-01  9.7934452842E-01 -3.0221086546E-02
</CP of DelSqRho>
<Path of -GradDelSqRho>
Starting CP# =      3
Ending CP# =     15
Number of Points =     18
 -4.1937478814E+00 -8.1222094388E-02  3.4409653663E-02  4.1432944737E-01 -9.6237561881E-01
 -4.1745731541E+00 -6.5198370372E-02  3.3654627122E-02  4.2563343123E-01 -9.7221545879E-01
 -4.1554112267E+00 -4.9159329163E-02  3.2899865694E-02  4.3799683478E-01 -1.0019762509E+00
 -4.1362612198E+00 -3.3106046476E-02  3.2145328945E-02  4.5143279888E-01 -1.0520663172E+00
 -4.1171219024E+00 -1.7040012179E-02  3.1390974204E-02  4.6594815420E-01 -1.1228686443E+00
 -4.0979917071E+00 -9.6311039171E-04  3.0636757539E-02  4.8154267886E-01 -1.2146050238E+00
 -4.0788687342E+00  1.5122386048E-02  2.9882634032E-02  4.9820839103E-01 -1.3271708552E+00
 -4.0597507300E+00  3.1213790047E-02  2.9128557041E-02  5.1592898171E-01 -1.4599455291E+00
 -4.0406350253E+00  4.7307925516E-02  2.8374476008E-02  5.3467951242E-01 -1.6115855257E+00
 -4.0215184105E+00  6.3400976901E-02  2.7620332062E-02  5.5442651896E-01 -1.7798095864E+00
 -4.0023969099E+00  7.9488216018E-02  2.6866049907E-02  5.7512867500E-01 -1.9611868761E+00
 -3.9832653770E+00  9.5563510801E-02  2.6111522788E-02  5.9673817619E-01 -2.1509389336E+00
 -3.9641167345E+00  1.1161839985E-01  2.5356583088E-02  6.1920300472E-01 -2.3427625773E+00
 -3.9449404133E+00  1.2764018071E-01  2.4600939333E-02  6.4247022199E-01 -2.5286703957E+00
 -3.9257186605E+00  1.4360735332E-01  2.3844021327E-02  6.6649038660E-01 -2.6988218288E+00
 -3.9064156896E+00  1.5947606155E-01  2.3084507529E-02  6.9122292926E-01 -2.8412710487E+00
 -3.8869307511E+00  1.7511997218E-01  2.2318180670E-02  7.1663986668E-01 -2.9414761333E+00
 -3.8626945988E+00  1.8626730095E-01  2.1064690951E-02  7.4341588029E-01 -2.9817283058E+00
</Path of -GradDelSqRho>
<Path of -GradDelSqRho>
Starting CP# =      3
Ending CP# =      0
Number of Points =     30
 -4.1937478814E+00 -8.1222094388E-02  3.4409653663E-02  4.1432944737E-01 -9.6237561881E-01
 -4.2129354664E+00 -9.7230406032E-02  3.5164970770E-02  4.0406612224E-01 -9.7212637523E-01
 -4.2321364965E+00 -1.1322257286E-01  3.5920619896E-02  3.9481966357E-01 -1.0012835070E+00
 -4.2513507490E+00 -1.2919883416E-01  3.6676625453E-02  3.8656166634E-01 -1.0498383856E+00
 -4.2705776599E+00 -1.4515984159E-01  3.7433003127E-02  3.7925937222E-01 -1.1179417745E+00
 -4.2898163728E+00 -1.6110660369E-01  3.8189758338E-02  3.7287576715E-01 -1.2058287410E+00
 -4.3090658052E+00 -1.7704040705E-01  3.8946884734E-02  3.6736956983E-01 -1.3136626800E+00
 -4.3283247271E+00 -1.9296272280E-01  3.9704362424E-02  3.6269521643E-01 -1.4412682793E+00
 -4.3475918439E+00 -2.0887510629E-01  4.0462155519E-02  3.5880302966E-01 -1.5877241930E+00
 -4.3668658784E+00 -2.2477909771E-01  4.1220208313E-02  3.5563987269E-01 -1.7508126761E+00
 -4.3861456471E+00 -2.4067612888E-01  4.1978438994E-02  3.5315072503E-01 -1.9263995895E+00
 -4.4054301316E+00 -2.5656743625E-01  4.2736729269E-02  3.5128173700E-01 -2.1079674310E+00
 -4.4247185545E+00 -2.7245396829E-01  4.3494908817E-02  3.4998534148E-01 -2.2867476391E+00
 -4.4440104848E+00 -2.8833625758E-01  4.4252742469E-02  3.4922778818E-01 -2.4531417559E+00
 -4.4633059869E+00 -3.0421423566E-01  4.5009980129E-02  3.4899885375E-01 -2.6002434084E+00
 -4.4826055820E+00 -3.2008726248E-01  4.5766712039E-02  3.4932235454E-01 -2.7300561181E+00
 -4.5019089781E+00 -3.3595563056E-01  4.6524201798E-02  3.5026449787E-01 -2.8622358284E+00
 -4.5212133421E+00 -3.5182269493E-01  4.7284331641E-02  3.5193541510E-01 -3.0438334148E+00
 -4.5405159034E+00 -3.6769181887E-01  4.8047242687E-02  3.5447810361E-01 -3.3568550508E+00
 -4.5598161577E+00 -3.8356366417E-01  4.8811905080E-02  3.5803934046E-01 -3.9190908113E+00
 -4.5791145262E+00 -3.9943775662E-01  4.9577517035E-02  3.6271980905E-01 -4.8732626229E+00
 -4.5984114295E+00 -4.1531360480E-01  5.0343654203E-02  3.6850604167E-01 -6.3606529109E+00
 -4.6177071407E+00 -4.3119088685E-01  5.1110103106E-02  3.7519444577E-01 -8.4784996133E+00
 -4.6370018168E+00 -4.4706941711E-01  5.1876752370E-02  3.8232631650E-01 -1.1226272952E+01
 -4.6562955338E+00 -4.6294910608E-01  5.2643540546E-02  3.8915953905E-01 -1.4454686426E+01
 -4.6755882990E+00 -4.7882994633E-01  5.3410431269E-02  3.9470325328E-01 -1.7840452876E+01
 -4.6948800324E+00 -4.9471203634E-01  5.4177400120E-02  3.9783126889E-01 -2.0912431849E+01
 -4.7141704665E+00 -5.1059570169E-01  5.4944424477E-02  3.9746668393E-01 -2.3142372849E+01
 -4.7334584418E+00 -5.2648235237E-01  5.5711452955E-02  3.9279954447E-01 -2.4084446740E+01
 -4.7353865696E+00 -5.2807183132E-01  5.5788134952E-02  3.9207787349E-01 -2.4096710363E+01
</Path of -GradDelSqRho>
<Path of -GradDelSqRho>
Starting CP# =      6
Ending CP# =     20
Number of Points =     44
 -3.3906345614E+00  6.8618429441E-01  1.4988682287E-01  2.2484805979E+01  1.2350016915E+03
 -3.4014852219E+00  6.8920354794E-01  1.7220602996E-01  1.5579991336E+01  1.1533646871E+03
 -3.4123095909E+00  6.9221807291E-01  1.9453864437E-01  1.0897310316E+01  9.8356071731E+02
 -3.4231274526E+00  6.9523143174E-01  2.1687456897E-01  7.7312924083E+00  7.7528377913E+02
 -3.4339296006E+00  6.9824196761E-01  2.3921847676E-01  5.5987288340E+00  5.7456983606E+02
 -3.4447004319E+00  7.0124687248E-01  2.6157825247E-01  4.1631166979E+00  4.1030335796E+02
 -3.4554229804E+00  7.0424309195E-01  2.8396238248E-01  3.1941332333E+00  2.8760527921E+02
 -3.4660802400E+00  7.0722756221E-01  3.0637923285E-01  2.5371233766E+00  1.9929983916E+02
 -3.4766565436E+00  7.1019745766E-01  3.2883631844E-01  2.0888656044E+00  1.3617834578E+02
 -3.4871368485E+00  7.1315006207E-01  3.5134063342E-01  1.7801126749E+00  9.1046443473E+01
 -3.4975029880E+00  7.1608209209E-01  3.7390043605E-01  1.5640793352E+00  5.9018233006E+01
 -3.5077283208E+00  7.1898872760E-01  3.9652766352E-01  1.4091232106E+00  3.6723551764E+01
 -3.5177716152E+00  7.2186249623E-01  4.1924041664E-01  1.2940096478E+00  2.1639696922E+01
 -3.5275688785E+00  7.2469176958E-01  4.4206584794E-01  1.2047013484E+00  1.1769525036E+01
 -3.5370199871E+00  7.2745827914E-01  4.6504422236E-01  1.1320949929E+00  5.5342223589E+00
 -3.5459641325E+00  7.3013250195E-01  4.8823501681E-01  1.0704117414E+00  1.7335523129E+00
 -3.5541299514E+00  7.3266415262E-01  5.1172583781E-01  1.0160836036E+00 -4.9792065026E-01
 -3.5610186408E+00  7.3495947939E-01  5.3564279392E-01  9.6705302028E-01 -1.7517526380E+00
 -3.5655693285E+00  7.3681450963E-01  5.6013599803E-01  9.2254900081E-01 -2.4139821675E+00
 -3.5650002776E+00  7.3767136073E-01  5.8501151170E-01  8.8420803438E-01 -2.7316481255E+00
 -3.5531323675E+00  7.3615765558E-01  6.0645009150E-01  8.6165719453E-01 -2.8801279081E+00
 -3.5317622556E+00  7.3239671955E-01  6.1857845409E-01  8.6021351381E-01 -2.9874194707E+00
 -3.5082401670E+00  7.2801170876E-01  6.2577672128E-01  8.6649476903E-01 -3.0912876939E+00
 -3.4842541634E+00  7.2345671254E-01  6.3114207538E-01  8.7438173596E-01 -3.1944985829E+00
 -3.4600722185E+00  7.1881484808E-01  6.3545651441E-01  8.8243343353E-01 -3.2967325239E+00
 -3.4357631884E+00  7.1410639988E-01  6.3889760270E-01  8.9029419183E-01 -3.3974588217E+00
 -3.4113618393E+00  7.0933958872E-01  6.4150411054E-01  8.9785387658E-01 -3.4961210485E+00
 -3.3868965948E+00  7.0452026958E-01  6.4328427411E-01  9.0505839196E-01 -3.5921605978E+00
 -3.3623945917E+00  6.9965387128E-01  6.4423996993E-01  9.1186781447E-01 -3.6850265317E+00
 -3.3378826198E+00  6.9474578344E-01  6.4437184304E-01  9.1824781947E-01 -3.7741836008E+00
 -3.3133873376E+00  6.8980144400E-01  6.4368034615E-01  9.2416825899E-01 -3.8591198775E+00
 -3.2889353693E+00  6.8482637400E-01  6.4216596801E-01  9.2960313811E-01 -3.9393541147E+00
 -3.2645533754E+00  6.7982620519E-01  6.3982932226E-01  9.3453079957E-01 -4.0144427101E+00
 -3.2402681127E+00  6.7480670824E-01  6.3667122021E-01  9.3893409042E-01 -4.0839861235E+00
 -3.2161064824E+00  6.6977382322E-01  6.3269274528E-01  9.4280047386E-01 -4.1476346078E+00
 -3.1920955681E+00  6.6473369338E-01  6.2789532875E-01  9.4612208341E-01 -4.2050931298E+00
 -3.1682626632E+00  6.5969270363E-01  6.2228082469E-01  9.4889572168E-01 -4.2561253843E+00
 -3.1446352888E+00  6.5465752537E-01  6.1585158247E-01  9.5112280702E-01 -4.3005568295E+00
 -3.1212412032E+00  6.4963517026E-01  6.0861051605E-01  9.5280927080E-01 -4.3382767004E+00
 -3.0981084021E+00  6.4463305575E-01  6.0056117009E-01  9.5396540857E-01 -4.3692389819E+00
 -3.0752651101E+00  6.3965908637E-01  5.9170778326E-01  9.5460568785E-01 -4.3934623519E+00
 -3.0527397628E+00  6.3472175579E-01  5.8205534969E-01  9.5474851611E-01 -4.4110291294E+00
 -3.0305609789E+00  6.2983027508E-01  5.7160967941E-01  9.5441597225E-01 -4.4220832852E+00
 -3.0027719409E+00  6.2366301978E-01  5.5711905694E-01  9.5334009962E-01 -4.4270591354E+00
</Path of -GradDelSqRho>
<Path of -GradDelSqRho>
Starting CP# =      6
Ending CP# =      1
Number of Points =      7
 -3.3906345614E+00  6.8618429441E-01  1.4988682287E-01  2.2484805979E+01  1.2350016915E+03
 -3.3797242175E+00  6.8315430270E-01  1.2759819188E-01  3.2699985648E+01  9.8565582631E+02
 -3.3687627570E+00  6.8011511764E-01  1.0533590077E-01  4.7917723228E+01 -7.7947160433E+02
 -3.3577787023E+00  6.7707187050E-01  8.3085301426E-02  7.0518822581E+01 -6.3479353702E+03
 -3.3467784709E+00  6.7402571530E-01  6.0843094451E-02  1.0405527418E+02 -2.0489114588E+04
 -3.3357512700E+00  6.7097471187E-01  3.8614910078E-02  1.5436510041E+02 -7.4825593418E+04
 -3.3164814599E+00  6.6564735549E-01 -1.1820440561E-04  2.9734405204E+02 -3.3297733333E+06
</Path of -GradDelSqRho>
<Path of -GradDelSqRho>
Starting CP# =      9
Ending CP# =      1
Number of Points =      7
 -3.3933252875E+00  6.7528499895E-01 -1.4986343240E-01  2.2485082445E+01  1.2350380481E+03
 -3.3820150889E+00  6.7387451958E-01 -1.2761282612E-01  3.2700456639E+01  9.8567095193E+02
 -3.3706542219E+00  6.7245290466E-01 -1.0538874958E-01  4.7918507760E+01 -7.7957854849E+02
 -3.3592709599E+00  6.7102636653E-01 -8.3176448553E-02  7.0520086157E+01 -6.3482848163E+03
 -3.3478716623E+00  6.6959630302E-01 -6.0972600744E-02  1.0405730002E+02 -2.0490412187E+04
 -3.3364456320E+00  6.6816036254E-01 -3.8782876361E-02  1.5436825792E+02 -7.4830009022E+04
 -3.3164814599E+00  6.6564735549E-01 -1.1820440561E-04  2.9734405204E+02 -3.3297733333E+06
</Path of -GradDelSqRho>
<Path of -GradDelSqRho>
Starting CP# =      9
Ending CP# =     17
Number of Points =     44
 -3.3933252875E+00  6.7528499895E-01 -1.4986343240E-01  2.2485082445E+01  1.2350380481E+03
 -3.4045763203E+00  6.7668247906E-01 -1.7214483812E-01  1.5580150115E+01  1.1533963678E+03
 -3.4158012867E+00  6.7807422983E-01 -1.9443975124E-01  1.0897397866E+01  9.8358691948E+02
 -3.4270198032E+00  6.7946455817E-01 -2.1673799926E-01  7.7313377359E+00  7.7530486723E+02
 -3.4382227447E+00  6.8085145948E-01 -2.3904428872E-01  5.5987505799E+00  5.7458570439E+02
 -3.4493946438E+00  6.8223153596E-01 -2.6136656211E-01  4.1631266063E+00  4.1031453713E+02
 -3.4605186813E+00  6.8360109352E-01 -2.8371336848E-01  3.1941383421E+00  2.8761277546E+02
 -3.4715779975E+00  6.8495643117E-01 -3.0609313633E-01  2.5371276316E+00  1.9930465897E+02
 -3.4825570591E+00  6.8629414177E-01 -3.2851343756E-01  2.0888710037E+00  1.3618127815E+02
 -3.4934409503E+00  6.8761095639E-01 -3.5098132052E-01  1.7801200242E+00  9.1048056671E+01
 -3.5042116569E+00  6.8890292979E-01 -3.7350510857E-01  1.5640887281E+00  5.9018937235E+01
 -3.5148427580E+00  6.9016428069E-01 -3.9609683410E-01  1.4091343381E+00  3.6723651780E+01
 -3.5252933580E+00  6.9138607291E-01 -4.1877474500E-01  1.2940220021E+00  2.1639420935E+01
 -3.5354999707E+00  6.9255446502E-01 -4.4156622102E-01  1.2047143595E+00  1.1769039498E+01
 -3.5453632303E+00  6.9364786733E-01 -4.6451188043E-01  1.1321081207E+00  5.5336424981E+00
 -3.5547234595E+00  6.9463176756E-01 -4.8767176319E-01  1.0704245399E+00  1.7329525528E+00
 -3.5633109815E+00  6.9544834474E-01 -5.1113441682E-01  1.0160957830E+00 -4.9849633785E-01
 -3.5706294583E+00  6.9599250404E-01 -5.3502765690E-01  9.6706456066E-01 -1.7522817908E+00
 -3.5756210516E+00  6.9604485338E-01 -5.5950514271E-01  9.2256053744E-01 -2.4144579061E+00
 -3.5755010843E+00  6.9505097204E-01 -5.8438167019E-01  8.8422273728E-01 -2.7320799959E+00
 -3.5640250508E+00  6.9190062972E-01 -6.0585546425E-01  8.6168396526E-01 -2.8805533861E+00
 -3.5428875394E+00  6.8716767057E-01 -6.1805120814E-01  8.6024969208E-01 -2.9878664922E+00
 -3.5195095612E+00  6.8218054420E-01 -6.2532660219E-01  8.6653576206E-01 -3.0917565191E+00
 -3.4956324205E+00  6.7717052806E-01 -6.3077135660E-01  8.7442638404E-01 -3.1949857511E+00
 -3.4715377698E+00  6.7216431514E-01 -6.3516605824E-01  8.8248134755E-01 -3.2972342363E+00
 -3.4472975171E+00  6.6716970173E-01 -6.3868792028E-01  8.9034513748E-01 -3.3979711898E+00
 -3.4229470434E+00  6.6219243314E-01 -6.4137556685E-01  8.9790764232E-01 -3.4966401733E+00
 -3.3985148714E+00  6.5723798444E-01 -6.4323713145E-01  9.0511475751E-01 -3.5926826356E+00
 -3.3740281519E+00  6.5231172869E-01 -6.4427439741E-01  9.1192654441E-01 -3.6855477561E+00
 -3.3495136957E+00  6.4741894402E-01 -6.4448791850E-01  9.1830866382E-01 -3.7747004601E+00
 -3.3249982102E+00  6.4256481691E-01 -6.4387805618E-01  9.2423095565E-01 -3.8596290474E+00
 -3.3005084018E+00  6.3775444730E-01 -6.4244520762E-01  9.2966741574E-01 -3.9398525444E+00
 -3.2760710534E+00  6.3299285113E-01 -6.4018989441E-01  9.3459638040E-01 -4.0149276599E+00
 -3.2517130897E+00  6.2828495783E-01 -6.3711283530E-01  9.3900069294E-01 -4.0844551954E+00
 -3.2274616339E+00  6.2363560191E-01 -6.3321502070E-01  9.4286781533E-01 -4.1480857656E+00
 -3.2033440556E+00  6.1904950784E-01 -6.2849778841E-01  9.4618988217E-01 -4.2055247107E+00
 -3.1793880105E+00  6.1453126732E-01 -6.2296289868E-01  9.4896369935E-01 -4.2565361012E+00
 -3.1556214745E+00  6.1008530789E-01 -6.1661260673E-01  9.5119069048E-01 -4.3009457646E+00
 -3.1320727714E+00  6.0571585134E-01 -6.0944973227E-01  9.5287679412E-01 -4.3386432907E+00
 -3.1087705982E+00  6.0142685969E-01 -6.0147772580E-01  9.5403231465E-01 -4.3695829977E+00
 -3.0857440465E+00  5.9722196652E-01 -5.9270073233E-01  9.5467173010E-01 -4.3937838695E+00
 -3.0630226225E+00  5.9310439086E-01 -5.8312365333E-01  9.5481345982E-01 -4.4113284992E+00
 -3.0406362655E+00  5.8907683321E-01 -5.7275220824E-01  9.5447959589E-01 -4.4223610958E+00
 -3.0126407577E+00  5.8407777855E-01 -5.5839412518E-01  9.5340547849E-01 -4.4273106040E+00
</Path of -GradDelSqRho>
<Path of -GradDelSqRho>
Starting CP# =     13
Ending CP# =     20
Number of Points =     34
 -3.6920531697E+00  2.8754975596E-01  4.4258625476E-01  7.7243034612E-01 -2.4286710496E+00
 -3.6777210646E+00  2.9679847277E-01  4.5848813114E-01  7.7652181700E-01 -2.4322584738E+00
 -3.6618839015E+00  3.0707304328E-01  4.7487553805E-01  7.8131740925E-01 -2.4442220288E+00
 -3.6455744360E+00  3.1770431095E-01  4.9055695117E-01  7.8653902372E-01 -2.4647275783E+00
 -3.6288109904E+00  3.2867495599E-01  5.0550889775E-01  7.9218334192E-01 -2.4937964334E+00
 -3.6116124445E+00  3.3996631264E-01  5.1970903371E-01  7.9824103729E-01 -2.5313292269E+00
 -3.5939982443E+00  3.5155827972E-01  5.3313641772E-01  8.0469652223E-01 -2.5771125384E+00
 -3.5759883508E+00  3.6342925149E-01  5.4577176903E-01  8.1152776770E-01 -2.6308261821E+00
 -3.5576031339E+00  3.7555607055E-01  5.5759769344E-01  8.1870620774E-01 -2.6920507796E+00
 -3.5388632137E+00  3.8791399826E-01  5.6859886118E-01  8.2619674349E-01 -2.7602753491E+00
 -3.5197892564E+00  4.0047669528E-01  5.7876212184E-01  8.3395786248E-01 -2.8349047545E+00
 -3.5004017315E+00  4.1321620114E-01  5.8807654357E-01  8.4194188848E-01 -2.9152669853E+00
 -3.4807206404E+00  4.2610289886E-01  5.9653336735E-01  8.5009537560E-01 -3.0006203447E+00
