 AIMInt (Version 19.02.13, Professional)
 Portions Copyright (c) 1997-2019 by Todd A. Keith
 AIMInt is a component of the AIMAll package ( http://aim.tkgristmill.com )

 TP:  64-bit Linux

 Licensed To:  Research Group of Fernando Cortes Guzman, UNAM, fercor@unam.mx

 AIMInt is a heavily modified and extended version of the PROAIMV program
 developed by members of R.F.W. Bader's research group

 Much of the Quantum Theory of Atoms in Molecules (QTAIM) is described in the book:
   "Atoms in Molecules - A Quantum Theory"
   R.F.W. Bader, Oxford University Press, Oxford, 1990

 For additional references see:  http://aim.tkgristmill.com/references.html

 Current Directory:  /home/scratch/M_H2O_4_cuadrado_plano/Opt

 Inp File:  Cr2_cuadrado_plano_cc-pvtz-def2-tzv_1_atomicfiles/o6.inp
 Wfx File:  Cr2_cuadrado_plano_cc-pvtz-def2-tzv_1.wfx
 Out File:  Cr2_cuadrado_plano_cc-pvtz-def2-tzv_1_atomicfiles/o6.int

 Wfx Title:   Cr2_cuadrado_plano_cc-pvtz-def2-tzv_1                                         
 Job Title:   Cr2_cuadrado_plano_cc-pvtz-def2-tzv_1                                         
 
<Atom>
O6      
</Atom>
<Nuclei of Molecule>
    13
Cr1       24.0           1.3215006647E-04   4.5224567886E-05  -4.5948986191E-04
O2         8.0           3.3164531236E+00  -6.6566168904E-01   7.4169565720E-04
H3         1.0           4.1701745908E+00  -2.3215680695E+00   5.4066649079E-02
O4         8.0          -3.3164810697E+00   6.6564727754E-01  -1.1820532231E-04
H5         1.0          -4.1716159960E+00   2.3209361157E+00  -5.2460312183E-02
O6         8.0          -6.6572819055E-01  -3.3164350716E+00  -5.1914851592E-04
H7         1.0           5.3326302499E-01  -4.7433431321E+00  -1.3769662495E-02
O8         8.0           6.6558051147E-01   3.3164991595E+00   8.8404872679E-04
H9         1.0          -5.3399982662E-01   4.7429499445E+00   1.4900941139E-02
H10        1.0           2.3221787587E+00   4.1705470007E+00   1.7373080866E-02
H11        1.0          -4.7421430072E+00  -5.3363828289E-01   5.6060366841E-02
H12        1.0           4.7430287048E+00   5.3241926463E-01  -5.7102027585E-02
H13        1.0          -2.3226528496E+00  -4.1697856414E+00  -1.5948403343E-02
</Nuclei of Molecule>
<Total Number of CPs of DelSqRho>
    36
</Total Number of CPs of DelSqRho>
<Number of (3,+3) CPs of DelSqRho>
     5
</Number of (3,+3) CPs of DelSqRho>
<Number of (3,+1) CPs of DelSqRho>
    11
</Number of (3,+1) CPs of DelSqRho>
<Number of (3,-1) CPs of DelSqRho>
    13
</Number of (3,-1) CPs of DelSqRho>
<Number of (3,-3) CPs of DelSqRho>
     7
</Number of (3,-3) CPs of DelSqRho>
<Number of Degenerate CPs of DelSqRho>
     0
</Number of Degenerate CPs of DelSqRho>
<CP of DelSqRho>
CP# = 1       
Type = (3,+3)
Coords = -6.65728268914333E-01 -3.31643546170313E+00 -5.19154650960522E-04
DistFromNuc =  3.9792602569E-07
Rho =  2.9734416654E+02
DelSqRho = -3.3297748099E+06
GradDelSqRho =  3.8259618123E-06 -1.9212984625E-06  5.7548277255E-09
HessDelSqRho_EigVals =  1.3241701897E+11  1.3241703631E+11  1.3241704338E+11
HessDelSqRho_EigVec1 = -2.5828848632E-03 -9.1044724170E-03  9.9995521764E-01
HessDelSqRho_EigVec2 =  1.9693453996E-01  9.8037124125E-01  9.4348446814E-03
HessDelSqRho_EigVec3 =  9.8041323720E-01 -1.9695008988E-01  7.3920095234E-04
</CP of DelSqRho>
<CP of DelSqRho>
CP# = 2       
Type = (3,-1)
Coords = -3.94105021067550E-01 -1.96344000753402E+00  4.00545363233480E-03
DistFromNuc =  1.3799982832E+00
Rho =  1.8832575790E-01
DelSqRho =  5.5816885471E-01
GradDelSqRho =  4.3229309021E-15  2.2426505097E-14  1.4766833589E-16
HessDelSqRho_EigVals = -8.9646111100E-01 -6.4833060512E-01  3.2037218385E+00
HessDelSqRho_EigVec1 = -9.1000971168E-05  2.4898750870E-03  9.9999689612E-01
HessDelSqRho_EigVec2 =  9.8042599089E-01 -1.9688712662E-01  5.7944586739E-04
HessDelSqRho_EigVec3 =  1.9688795825E-01  9.8042300049E-01 -2.4232213296E-03
</CP of DelSqRho>
<CP of DelSqRho>
CP# = 3       
Type = (3,+1)
Coords =  8.09702699071008E-02 -4.19448423491380E+00 -8.66078132685942E-03
DistFromNuc =  1.1526470449E+00
Rho =  4.1434752653E-01
DelSqRho = -9.6255557445E-01
GradDelSqRho = -2.1094237468E-15  1.8318679906E-15  6.0715321659E-18
HessDelSqRho_EigVals = -3.1330028167E+01  1.4819921663E+01  1.5563347172E+01
HessDelSqRho_EigVec1 = -6.4049268710E-01  7.6793087728E-01  7.1613885221E-03
HessDelSqRho_EigVec2 =  7.2917521220E-04 -8.7170386484E-03  9.9996174004E-01
HessDelSqRho_EigVec3 =  7.6796392238E-01  6.4047340378E-01  5.0232433471E-03
</CP of DelSqRho>
<CP of DelSqRho>
CP# = 4       
Type = (3,-3)
Coords = -5.40962553512609E-01 -3.20556024122771E+00  1.14648897928049E-03
DistFromNuc =  1.6692053962E-01
Rho =  2.2735942182E+01
DelSqRho =  1.2979494447E+03
GradDelSqRho = -1.2335021893E-11 -8.4270368461E-12 -2.2537527400E-13
HessDelSqRho_EigVals = -4.5248677282E+05 -3.3559619104E+03 -5.1661880882E+02
HessDelSqRho_EigVec1 =  7.4505605280E-01  6.6692658411E-01  1.0020458474E-02
HessDelSqRho_EigVec2 = -3.4929146927E-03 -1.1121704457E-02  9.9993205131E-01
HessDelSqRho_EigVec3 = -6.6699271190E-01  7.4504042783E-01  5.9567755586E-03
</CP of DelSqRho>
<CP of DelSqRho>
CP# = 5       
Type = (3,-1)
Coords = -6.99016672748341E-01 -3.48220215718301E+00 -1.63615859365657E-03
DistFromNuc =  1.6908015086E-01
Rho =  2.2288408076E+01
DelSqRho =  1.2434421494E+03
GradDelSqRho =  2.7284841053E-12 -7.4749095802E-12 -1.9362289549E-13
HessDelSqRho_EigVals = -4.0018448860E+05 -1.0807727040E+03  1.9077796150E+03
HessDelSqRho_EigVec1 =  1.9687958117E-01  9.8040576313E-01  6.5551613599E-03
HessDelSqRho_EigVec2 = -2.0135487802E-03 -6.2816767600E-03  9.9997824284E-01
HessDelSqRho_EigVec3 =  9.8042560969E-01 -1.9688849677E-01  7.3736093893E-04
</CP of DelSqRho>
<CP of DelSqRho>
CP# = 6       
Type = (3,+1)
Coords = -6.80443340473810E-01 -3.39026642841586E+00 -1.51368686228044E-01
DistFromNuc =  1.6859177890E-01
Rho =  2.2484060246E+01
DelSqRho =  1.2349230563E+03
GradDelSqRho = -3.3111291486E-12 -6.1106675275E-12  4.4622083806E-12
HessDelSqRho_EigVals = -4.0797579829E+05  1.6047299618E+03  3.1011319680E+03
HessDelSqRho_EigVec1 =  8.6329188442E-02  4.3319240499E-01  8.9715751765E-01
HessDelSqRho_EigVec2 =  1.7693260772E-01  8.7953793355E-01 -4.4171017168E-01
HessDelSqRho_EigVec3 =  9.8042956073E-01 -1.9686889978E-01  7.1606585146E-04
</CP of DelSqRho>
<CP of DelSqRho>
CP# = 7       
Type = (3,+1)
Coords = -6.81334952970126E-01 -3.39358305870558E+00  1.48561459877283E-01
DistFromNuc =  1.6858354233E-01
Rho =  2.2485788504E+01
DelSqRho =  1.2351227872E+03
GradDelSqRho = -3.0055957723E-12 -2.5863755582E-12  7.5743855632E-12
HessDelSqRho_EigVals = -4.0816489551E+05  1.5928746812E+03  3.0924452632E+03
HessDelSqRho_EigVec1 = -9.1633375787E-02 -4.5292407889E-01  8.8682754987E-01
HessDelSqRho_EigVec2 =  1.7424519511E-01  8.6954142600E-01  4.6209990311E-01
HessDelSqRho_EigVec3 =  9.8042946530E-01 -1.9686921353E-01  7.5917175345E-04
</CP of DelSqRho>
<CP of DelSqRho>
CP# = 8       
Type = (3,-1)
Coords = -6.32969062565423E-01 -3.15297613008230E+00  1.44105558541663E-03
DistFromNuc =  1.6672080984E-01
Rho =  2.2807291375E+01
DelSqRho =  1.2971300091E+03
GradDelSqRho = -1.9948487306E-12  6.1675109464E-12 -2.5757174171E-13
HessDelSqRho_EigVals = -4.5693946872E+05 -3.0991400043E+03  2.9418100696E+02
HessDelSqRho_EigVec1 =  1.9649359419E-01  9.8043438992E-01  1.1776013798E-02
HessDelSqRho_EigVec2 = -3.0412665352E-03 -1.1400665600E-02  9.9993038534E-01
HessDelSqRho_EigVec3 =  9.8050039171E-01 -1.9651572935E-01  7.4160454003E-04
</CP of DelSqRho>
<CP of DelSqRho>
CP# = 9       
Type = (3,-3)
Coords = -7.37980455206217E-01 -3.16596993640484E+00  9.98575690161650E-04
DistFromNuc =  1.6692049050E-01
Rho =  2.2735975952E+01
DelSqRho =  1.2979460053E+03
GradDelSqRho =  1.2107648217E-11 -6.5512040237E-12  2.3359092438E-13
HessDelSqRho_EigVals = -4.5248736533E+05 -3.3556449720E+03 -5.1585729321E+02
HessDelSqRho_EigVec1 = -4.2960298967E-01  9.0297162623E-01  9.1385716874E-03
HessDelSqRho_EigVec2 = -2.5177873869E-03 -1.1317749203E-02  9.9993278239E-01
HessDelSqRho_EigVec3 =  9.0301435870E-01  4.2955110380E-01  7.1356294652E-03
</CP of DelSqRho>
<CP of DelSqRho>
CP# = 10      
Type = (3,-1)
Coords =  4.33869069957664E-02 -3.23159483524113E+00  1.95487819016040E-03
DistFromNuc =  7.1417659447E-01
Rho =  6.8073593087E-01
DelSqRho = -1.0803036867E+00
GradDelSqRho =  2.9309887850E-14  3.6082248300E-15 -4.8572257327E-17
HessDelSqRho_EigVals = -1.5806881421E+01 -1.1349899593E+01  1.4695801702E+02
HessDelSqRho_EigVec1 = -1.5146901695E-01  9.8843238069E-01  7.6528238374E-03
HessDelSqRho_EigVec2 = -2.6245436208E-03 -8.1442907686E-03  9.9996339048E-01
HessDelSqRho_EigVec3 =  9.8845852147E-01  1.5144338657E-01  3.8277916158E-03
</CP of DelSqRho>
<CP of DelSqRho>
CP# = 11      
Type = (3,-1)
Coords = -1.28712024041743E+00 -2.96441366985284E+00  9.50333528041037E-04
DistFromNuc =  7.1417736334E-01
Rho =  6.8074200537E-01
DelSqRho = -1.0804459259E+00
GradDelSqRho = -2.2204460493E-15  1.0214051827E-14  3.4694469520E-17
HessDelSqRho_EigVals = -1.5805081335E+01 -1.1348919324E+01  1.4695971141E+02
HessDelSqRho_EigVec1 =  5.2130827326E-01  8.5333003443E-01  8.0954656156E-03
HessDelSqRho_EigVec2 = -2.1411392176E-03 -8.1785269916E-03  9.9996426297E-01
HessDelSqRho_EigVec3 =  8.5336574794E-01 -5.2130697677E-01 -2.4364353815E-03
</CP of DelSqRho>
<CP of DelSqRho>
CP# = 12      
Type = (3,-1)
Coords = -8.08121211141483E-01 -4.02541274086408E+00 -6.66534157253198E-03
DistFromNuc =  7.2316172707E-01
Rho =  6.7420181530E-01
DelSqRho = -1.1052122978E+00
GradDelSqRho = -1.2212453271E-14 -8.5265128291E-14 -8.3266726847E-16
HessDelSqRho_EigVals = -1.9319444600E+01 -4.2139645156E+00  1.3569086630E+02
HessDelSqRho_EigVec1 =  9.8042151462E-01 -1.9690887521E-01  7.4062606399E-04
HessDelSqRho_EigVec2 = -2.3246138058E-03 -7.8132584468E-03  9.9996677403E-01
HessDelSqRho_EigVec3 =  1.9689654602E-01  9.8039066084E-01  8.1180237704E-03
</CP of DelSqRho>
<CP of DelSqRho>
CP# = 13      
Type = (3,+1)
Coords = -2.73120934462522E-01 -3.70084161323470E+00  4.21414814907205E-01
DistFromNuc =  6.9277493911E-01
Rho =  7.7261754767E-01
DelSqRho = -2.4329667393E+00
GradDelSqRho =  1.1071144002E-12 -9.6767038826E-13  1.8394175072E-12
HessDelSqRho_EigVals = -1.3001637392E+01  1.2126201924E+01  1.8326860122E+02
HessDelSqRho_EigVec1 = -3.6535553118E-01  5.9114249561E-01  7.1907293491E-01
HessDelSqRho_EigVec2 =  7.6696029566E-01  6.2893060869E-01 -1.2735067464E-01
HessDelSqRho_EigVec3 =  5.2752937427E-01 -5.0497211738E-01  6.8316609983E-01
</CP of DelSqRho>
<CP of DelSqRho>
CP# = 14      
Type = (3,+1)
Coords = -1.17339547472702E+00 -3.51035720795916E+00 -4.30149534684395E-01
DistFromNuc =  6.9275835260E-01
Rho =  7.7273685047E-01
DelSqRho = -2.4317070246E+00
GradDelSqRho = -4.1913139626E-12 -1.4679195359E-12 -4.3813841444E-12
HessDelSqRho_EigVals = -1.3009299160E+01  1.2089864723E+01  1.8322219111E+02
HessDelSqRho_EigVec1 =  5.6955059387E-01  4.2032762907E-01 -7.0635458890E-01
HessDelSqRho_EigVec2 = -4.6616207971E-01  8.7296798986E-01  1.4359597529E-01
HessDelSqRho_EigVec3 =  6.7698230144E-01  2.4749055117E-01  6.9314023879E-01
</CP of DelSqRho>
<CP of DelSqRho>
CP# = 15      
Type = (3,+3)
Coords = -1.86459096649521E-01 -3.86311473883018E+00 -5.56653334493051E-03
DistFromNuc =  7.2703713730E-01
Rho =  7.4346406248E-01
DelSqRho = -2.9822753187E+00
GradDelSqRho = -5.3290705182E-15  8.8817841970E-16  3.1918911958E-16
HessDelSqRho_EigVals =  1.1810450448E+01  2.2297374079E+01  1.3541284890E+02
HessDelSqRho_EigVec1 = -1.1944814650E-03 -1.0301291441E-02  9.9994622686E-01
HessDelSqRho_EigVec2 =  7.4608893190E-01  6.6580120142E-01  7.7502183713E-03
HessDelSqRho_EigVec3 = -6.6584523646E-01  7.4605806985E-01  6.8903923336E-03
</CP of DelSqRho>
<CP of DelSqRho>
CP# = 16      
Type = (3,+1)
Coords = -2.71692303285221E-01 -3.69144089000401E+00 -4.29485522435138E-01
DistFromNuc =  6.9275233254E-01
Rho =  7.7275593952E-01
DelSqRho = -2.4318779425E+00
GradDelSqRho = -8.8817841970E-16 -1.0214051827E-14  4.4408920985E-15
HessDelSqRho_EigVals = -1.3009082789E+01  1.2091658784E+01  1.8323123179E+02
HessDelSqRho_EigVec1 = -3.6210359006E-01  6.0743233596E-01 -7.0704097993E-01
HessDelSqRho_EigVec2 =  7.6685497819E-01  6.2534113238E-01  1.4450574585E-01
HessDelSqRho_EigVec3 = -5.2991926979E-01  4.8987184589E-01  6.9225077979E-01
</CP of DelSqRho>
<CP of DelSqRho>
CP# = 17      
Type = (3,+3)
Coords = -6.01918886810049E-01 -3.00074222954958E+00 -5.54667780913798E-01
DistFromNuc =  6.4094797337E-01
Rho =  9.5320943822E-01
DelSqRho = -4.4272816310E+00
GradDelSqRho =  8.8262730458E-15  1.8873791419E-14 -1.5099033135E-14
HessDelSqRho_EigVals =  9.5502306039E+00  2.3604435913E+01  3.2832918815E+02
HessDelSqRho_EigVec1 =  1.7196875255E-01  8.5821190176E-01  4.8363114026E-01
HessDelSqRho_EigVec2 =  9.8042832801E-01 -1.9687495408E-01  7.3897685415E-04
HessDelSqRho_EigVec3 = -9.5849057261E-02 -4.7403858929E-01  8.7527160018E-01
</CP of DelSqRho>
<CP of DelSqRho>
CP# = 18      
Type = (3,+1)
Coords = -5.35621651721628E-01 -2.66852206319945E+00  8.08560009877645E-03
DistFromNuc =  6.6090318476E-01
Rho =  8.8772824761E-01
DelSqRho = -3.7036694216E+00
GradDelSqRho =  1.3988810110E-14  7.1054273576E-14  1.7763568394E-15
HessDelSqRho_EigVals = -6.7307120711E+00  2.0060020308E+01  2.6509941605E+02
HessDelSqRho_EigVec1 = -3.3486144126E-03 -1.2945714607E-02  9.9991059363E-01
HessDelSqRho_EigVec2 =  9.8042581096E-01 -1.9688750605E-01  7.3428418765E-04
HessDelSqRho_EigVec3 =  1.9686039722E-01  9.8034061348E-01  1.3351613082E-02
</CP of DelSqRho>
<CP of DelSqRho>
CP# = 19      
Type = (3,+1)
Coords = -1.17694466973443E+00 -3.51933127278629E+00  4.20715025273571E-01
DistFromNuc =  6.9278235125E-01
Rho =  7.7259829749E-01
DelSqRho = -2.4328239971E+00
GradDelSqRho =  2.1049828547E-13  1.4169568296E-13 -2.4336088700E-13
HessDelSqRho_EigVals = -1.3000981111E+01  1.2124559659E+01  1.8325701885E+02
HessDelSqRho_EigVec1 =  5.6419271859E-01  4.0445148850E-01  7.1979550550E-01
HessDelSqRho_EigVec2 = -4.6447198651E-01  8.7624532213E-01 -1.2829617765E-01
HessDelSqRho_EigVec3 =  6.8260702460E-01  2.6194107906E-01 -6.8222761675E-01
</CP of DelSqRho>
<CP of DelSqRho>
CP# = 20      
Type = (3,+3)
Coords = -6.05546097730382E-01 -3.01463697476667E+00  5.61461036156144E-01
DistFromNuc =  6.4072279772E-01
Rho =  9.5352406561E-01
DelSqRho = -4.4270848136E+00
GradDelSqRho =  1.1490808305E-14  3.4749980671E-14  2.5757174171E-14
HessDelSqRho_EigVals =  9.5711773647E+00  2.3548141153E+01  3.2920465253E+02
HessDelSqRho_EigVec1 =  1.7501680861E-01  8.6982948199E-01 -4.6126542139E-01
HessDelSqRho_EigVec2 =  9.8042734258E-01 -1.9687987377E-01  7.3568479909E-04
HessDelSqRho_EigVec3 =  9.0173957609E-02  4.5236598853E-01  8.8726189470E-01
</CP of DelSqRho>
<CP of DelSqRho>
CP# = 21      
Type = (3,+3)
Coords = -1.31890263904173E+00 -3.63568623819883E+00 -6.42125808231592E-03
DistFromNuc =  7.2704401684E-01
Rho =  7.4344252260E-01
DelSqRho = -2.9820374839E+00
GradDelSqRho =  2.5757174171E-14  2.1094237468E-14  3.6776137691E-16
HessDelSqRho_EigVals =  1.1809603216E+01  2.2294730492E+01  1.3540512615E+02
HessDelSqRho_EigVec1 = -4.3344665028E-03 -9.6553761330E-03  9.9994399149E-01
HessDelSqRho_EigVec2 = -4.3118301539E-01  9.0223853948E-01  6.8428873836E-03
HessDelSqRho_EigVec3 =  9.0225407710E-01  4.3112920521E-01  8.0739569227E-03
</CP of DelSqRho>
<CP of DelSqRho>
CP# = 22      
Type = (3,-3)
Coords =  4.64249270774572E-01 -3.13668279083613E+00  2.58530679526258E-03
DistFromNuc =  1.1441894875E+00
Rho =  2.4725169400E-01
DelSqRho =  8.4144168586E-01
GradDelSqRho = -7.8134720916E-13 -2.2312013348E-13  1.6753677438E-13
HessDelSqRho_EigVals = -1.7515383319E+01 -1.6846393569E+00 -5.1234923745E-01
HessDelSqRho_EigVec1 =  9.8190313023E-01  1.8935425245E-01  3.3481211500E-03
HessDelSqRho_EigVec2 = -1.8937651268E-01  9.8186725946E-01  8.5569412649E-03
HessDelSqRho_EigVec3 = -1.6671173214E-03 -9.0361429207E-03  9.9995778353E-01
</CP of DelSqRho>
<CP of DelSqRho>
CP# = 23      
Type = (3,-1)
Coords = -5.68149122834595E-01 -2.04916898073351E+00  8.06481759043869E-03
DistFromNuc =  1.2710463029E+00
Rho =  2.3254925070E-01
DelSqRho =  5.6291255728E-01
GradDelSqRho =  1.4627188349E-14 -4.1633363423E-15  4.3368086899E-17
HessDelSqRho_EigVals = -5.6641002677E+00 -4.7910408006E-01  1.8708484605E-01
HessDelSqRho_EigVec1 = -6.1956948036E-02  9.9800307692E-01  1.2296139730E-02
HessDelSqRho_EigVec2 =  7.2658761009E-03 -1.1868478005E-02  9.9990316845E-01
HessDelSqRho_EigVec3 =  9.9805237520E-01  6.2040290876E-02 -6.5160320301E-03
</CP of DelSqRho>
<CP of DelSqRho>
CP# = 24      
Type = (3,+1)
Coords = -4.61948012652725E-01 -2.29938712173679E+00  6.70543978825950E-01
DistFromNuc =  1.2354103019E+00
Rho =  2.4364988270E-01
DelSqRho =  5.1916677579E-01
GradDelSqRho = -2.7755575616E-16 -5.4747872902E-15 -2.3869795029E-15
HessDelSqRho_EigVals = -1.2290036323E+01  3.1947484863E-01  4.9223865805E-01
HessDelSqRho_EigVec1 =  1.6178462708E-01  8.0751428661E-01  5.6722694872E-01
HessDelSqRho_EigVec2 = -1.1250633649E-01 -5.5595823098E-01  8.2356102971E-01
HessDelSqRho_EigVec3 =  9.8039178836E-01 -1.9705614003E-01  9.0497897805E-04
</CP of DelSqRho>
<CP of DelSqRho>
CP# = 25      
Type = (3,-3)
Coords = -8.70180310552764E-01 -4.33247030593079E+00  5.31219562174333E-01
DistFromNuc =  1.1648494852E+00
Rho =  2.4780275622E-01
DelSqRho =  8.5411637968E-01
GradDelSqRho =  4.3021142204E-16  4.0523140399E-15 -2.0539125956E-15
HessDelSqRho_EigVals = -1.7635243625E+01 -2.5763539545E+00 -2.6059510108E-01
HessDelSqRho_EigVec1 =  1.7493792335E-01  8.6931642792E-01 -4.6226147483E-01
HessDelSqRho_EigVec2 =  9.8042035890E-01 -1.9691471651E-01  7.1713445675E-04
HessDelSqRho_EigVec3 =  9.0402670507E-02  4.5333601507E-01  8.8674337584E-01
</CP of DelSqRho>
<CP of DelSqRho>
CP# = 26      
Type = (3,+1)
Coords = -4.59558788832965E-01 -2.29206340477100E+00 -6.61050415061522E-01
DistFromNuc =  1.2361814948E+00
Rho =  2.4376064004E-01
DelSqRho =  5.1689489757E-01
GradDelSqRho =  2.8102520311E-16  5.6274429561E-15 -8.6042284408E-16
HessDelSqRho_EigVals = -1.2207435872E+01  3.3795847426E-01  5.0007748078E-01
HessDelSqRho_EigVec1 =  1.6353726995E-01  8.1243409792E-01 -5.5964845919E-01
HessDelSqRho_EigVec2 =  1.0970151686E-01  5.4879172986E-01  8.2872988026E-01
HessDelSqRho_EigVec3 =  9.8041885872E-01 -1.9692250702E-01  6.2264838270E-04
</CP of DelSqRho>
<CP of DelSqRho>
CP# = 27      
Type = (3,-3)
Coords = -8.66763328693606E-01 -4.31951063094127E+00 -5.57957446900378E-01
DistFromNuc =  1.1650378367E+00
Rho =  2.4781910114E-01
DelSqRho =  8.5383116996E-01
GradDelSqRho =  7.0776717820E-16  2.2759572005E-15 -5.5511151231E-17
HessDelSqRho_EigVals = -1.7637831905E+01 -2.5742413204E+00 -2.5986179786E-01
HessDelSqRho_EigVec1 =  1.7193688298E-01  8.5791164818E-01  4.8417487769E-01
HessDelSqRho_EigVec2 =  9.8042526581E-01 -1.9689031372E-01  7.0889543008E-04
HessDelSqRho_EigVec3 = -9.5937513213E-02 -4.7457539789E-01  8.7497096253E-01
</CP of DelSqRho>
<CP of DelSqRho>
CP# = 28      
Type = (3,-1)
Coords =  2.94709112387110E-02 -3.58004677556035E+00  9.24954608438110E-01
DistFromNuc =  1.1871371430E+00
Rho =  2.4357854175E-01
DelSqRho =  7.2617375667E-01
GradDelSqRho =  1.7347234760E-17  7.3378803034E-16  1.1102230246E-16
HessDelSqRho_EigVals = -1.7117032214E+01 -1.3331133700E+00  3.1596391900E-01
HessDelSqRho_EigVec1 =  5.8463997948E-01 -2.0098388117E-01  7.8600354573E-01
HessDelSqRho_EigVec2 =  3.5831288678E-01 -8.0525034243E-01 -4.7242328603E-01
HessDelSqRho_EigVec3 =  7.2787908994E-01  5.5783273974E-01 -3.9876642901E-01
</CP of DelSqRho>
<CP of DelSqRho>
CP# = 29      
Type = (3,-1)
Coords = -1.41014941933093E+00 -3.29089728288435E+00  9.23863305482244E-01
DistFromNuc =  1.1871386043E+00
Rho =  2.4358031354E-01
DelSqRho =  7.2614909821E-01
GradDelSqRho = -6.8695049649E-16 -1.1622647289E-16  2.2065682614E-15
HessDelSqRho_EigVals = -1.7116641911E+01 -1.3329520000E+00  3.1598206959E-01
HessDelSqRho_EigVec1 = -6.1805275450E-01  4.0569859595E-02  7.8508908994E-01
HessDelSqRho_EigVec2 =  6.4073861836E-01  6.0461866435E-01  4.7317046999E-01
HessDelSqRho_EigVec3 = -4.5548305742E-01  7.9548121110E-01 -3.9968090671E-01
</CP of DelSqRho>
<CP of DelSqRho>
CP# = 30      
Type = (3,-1)
Coords =  3.23889885891328E-02 -3.56260882698381E+00 -9.28791445116559E-01
DistFromNuc =  1.1872904322E+00
Rho =  2.4370405585E-01
DelSqRho =  7.2592739433E-01
GradDelSqRho = -1.3461454174E-15  7.4593109467E-17 -1.9949319974E-15
HessDelSqRho_EigVals = -1.7100992582E+01 -1.3475097234E+00  3.1843946080E-01
HessDelSqRho_EigVec1 = -5.8682863964E-01  1.8627132632E-01  7.8799437859E-01
HessDelSqRho_EigVec2 =  3.5686432790E-01 -8.1406676899E-01  4.5819553371E-01
HessDelSqRho_EigVec3 =  7.2682872753E-01  5.5008934604E-01  4.1124410295E-01
</CP of DelSqRho>
<CP of DelSqRho>
CP# = 31      
Type = (3,-1)
Coords = -1.40349634637085E+00 -3.27417286350661E+00 -9.29801488501064E-01
DistFromNuc =  1.1872883447E+00
Rho =  2.4370416400E-01
DelSqRho =  7.2594368609E-01
GradDelSqRho =  8.9511731360E-16 -7.6674777638E-16 -2.4771851237E-15
HessDelSqRho_EigVals = -1.7100869274E+01 -1.3478811696E+00  3.1834660106E-01
HessDelSqRho_EigVec1 =  6.1217466016E-01 -5.4582987949E-02  7.8883641072E-01
HessDelSqRho_EigVec2 =  6.4411239645E-01  6.1308045055E-01 -4.5744024953E-01
HessDelSqRho_EigVec3 = -4.5865172647E-01  7.8813264022E-01  4.1046989564E-01
</CP of DelSqRho>
<CP of DelSqRho>
CP# = 32      
Type = (3,-1)
Coords = -2.66355676956109E-01 -2.10982892890227E+00  8.26610734052188E-03
DistFromNuc =  1.2710129696E+00
Rho =  2.3256120213E-01
DelSqRho =  5.6290494776E-01
GradDelSqRho = -2.7519653223E-13 -4.0426550996E-12 -3.2513922110E-14
HessDelSqRho_EigVals = -5.6684564028E+00 -4.7888342848E-01  1.8782291884E-01
HessDelSqRho_EigVec1 =  4.4259651614E-01  8.9663182777E-01  1.2636824649E-02
HessDelSqRho_EigVec2 = -1.2568043294E-02 -7.8882557891E-03  9.9988990379E-01
HessDelSqRho_EigVec3 =  8.9663279451E-01 -4.4270660810E-01  7.7775930994E-03
</CP of DelSqRho>
<CP of DelSqRho>
CP# = 33      
Type = (3,+1)
Coords = -1.69352202072079E+00 -3.83810467413853E+00 -1.00070442825598E-02
DistFromNuc =  1.1526445036E+00
Rho =  4.1434375883E-01
DelSqRho = -9.6250335320E-01
GradDelSqRho = -6.1062266354E-15 -3.2127078775E-15 -2.1380466841E-16
HessDelSqRho_EigVals = -3.1328796863E+01  1.4819376230E+01  1.5562520898E+01
HessDelSqRho_EigVec1 =  8.8731169657E-01  4.6109498902E-01  8.3285191744E-03
HessDelSqRho_EigVec2 = -5.6326303058E-03 -7.2225271320E-03  9.9995805341E-01
HessDelSqRho_EigVec3 = -4.6113580061E-01  8.8732138834E-01  3.8114551940E-03
</CP of DelSqRho>
<CP of DelSqRho>
CP# = 34      
Type = (3,-3)
Coords = -1.63871298886664E+00 -2.71435518047316E+00  1.01653492353891E-03
DistFromNuc =  1.1442036407E+00
Rho =  2.4725012249E-01
DelSqRho =  8.4140005255E-01
GradDelSqRho =  4.4270143107E-15 -1.6167622796E-15 -1.6479873022E-17
HessDelSqRho_EigVals = -1.7514155009E+01 -1.6844904012E+00 -5.1223189879E-01
HessDelSqRho_EigVec1 =  8.3267419931E-01 -5.5375962489E-01 -1.9888805157E-03
HessDelSqRho_EigVec2 =  5.5375308140E-01  8.3263191112E-01  9.0346786498E-03
HessDelSqRho_EigVec3 = -3.3470348753E-03 -8.6242925249E-03  9.9995720855E-01
</CP of DelSqRho>
<CP of DelSqRho>
CP# = 35      
Type = (3,-1)
Coords = -8.95821209348908E-01 -4.46218940774828E+00 -1.73897238733291E-02
DistFromNuc =  1.1687516470E+00
Rho =  2.5294630874E-01
DelSqRho =  8.4008035688E-01
GradDelSqRho =  3.8857805862E-16  6.4392935428E-15  1.1969591984E-16
HessDelSqRho_EigVals = -1.6256760691E+01 -4.5692386455E+00  1.9762498063E-01
HessDelSqRho_EigVec1 =  1.9687304551E-01  9.8032548251E-01  1.4246132255E-02
HessDelSqRho_EigVec2 =  9.8042262662E-01 -1.9690333405E-01  7.4178514921E-04
HessDelSqRho_EigVec3 = -3.5323018227E-03 -1.3821192903E-02  9.9989824356E-01
</CP of DelSqRho>
<CP of DelSqRho>
CP# = 36      
Type = (3,-3)
Coords = -4.13034499090455E-01 -2.05679103479852E+00  7.24045071713856E-03
DistFromNuc =  1.2847635629E+00
Rho =  2.2730539164E-01
DelSqRho =  5.6356049727E-01
GradDelSqRho =  5.1347814889E-16 -6.9388939039E-16  0.0000000000E+00
HessDelSqRho_EigVals = -3.9671917665E+00 -5.5833533323E-01 -1.1569636636E-01
HessDelSqRho_EigVec1 =  1.9634129965E-01  9.8041969548E-01  1.5076961483E-02
HessDelSqRho_EigVec2 = -3.5613071025E-03 -1.4663121671E-02  9.9988614850E-01
HessDelSqRho_EigVec3 =  9.8052914854E-01 -1.9637263959E-01  6.1259925914E-04
</CP of DelSqRho>
<Path of -GradDelSqRho>
Starting CP# =      3
Ending CP# =     15
Number of Points =     18
  8.0970269907E-02 -4.1944842349E+00 -8.6607813269E-03  4.1434752653E-01 -9.6255557445E-01
  6.4950315250E-02 -4.1752923356E+00 -8.4818470244E-03  4.2565233807E-01 -9.7239704666E-01
  4.8915047625E-02 -4.1561132267E+00 -8.3031213874E-03  4.3801661805E-01 -1.0021627059E+00
  3.2865542844E-02 -4.1369460281E+00 -8.1246006795E-03  4.5145350795E-01 -1.0522608059E+00
  1.6803291315E-02 -4.1177895082E+00 -7.9462745187E-03  4.6596983802E-01 -1.1230742368E+00
  7.3017825281E-04 -4.0986420988E+00 -7.7681259719E-03  4.8156538495E-01 -1.2148246655E+00
 -1.5351521735E-02 -4.0795018993E+00 -7.5901316369E-03  4.9823216462E-01 -1.3274073376E+00
 -3.1439118961E-02 -4.0603666550E+00 -7.4122614941E-03  5.1595386493E-01 -1.4602014585E+00
 -4.7529433704E-02 -4.0412336949E+00 -7.2344782999E-03  5.3470554364E-01 -1.6118632916E+00
 -6.3618645426E-02 -4.0220998068E+00 -7.0567362305E-03  5.5445373223E-01 -1.7801113326E+00
 -7.9702019095E-02 -4.0029610116E+00 -6.8789782961E-03  5.7515709969E-01 -1.9615144803E+00
 -9.5773413071E-02 -3.9838121570E+00 -6.7011315999E-03  5.9676783670E-01 -2.1512940022E+00
 -1.1182435208E-01 -3.9646461567E+00 -6.5230983749E-03  6.1923392036E-01 -2.3431464652E+00
 -1.2784211237E-01 -3.9454524260E+00 -6.3447375470E-03  6.4250240678E-01 -2.5290842585E+00
 -1.4380515824E-01 -3.9262131834E+00 -6.1658211146E-03  6.6652384853E-01 -2.6992667153E+00
 -1.5966956500E-01 -3.9068925812E+00 -5.9859056696E-03  6.9125766744E-01 -2.8417480362E+00
 -1.7530883365E-01 -3.8873897074E+00 -5.8037740266E-03  7.1667585648E-01 -2.9419865134E+00
 -1.8645909665E-01 -3.8631147388E+00 -5.5665333449E-03  7.4346406248E-01 -2.9822753187E+00
</Path of -GradDelSqRho>
<Path of -GradDelSqRho>
Starting CP# =      3
Ending CP# =      0
Number of Points =     30
  8.0970269907E-02 -4.1944842349E+00 -8.6607813269E-03  4.1434752653E-01 -9.6255557445E-01
  9.6974816476E-02 -4.2136889834E+00 -8.8399145808E-03  4.0408342073E-01 -9.7230796834E-01
  1.1296322312E-01 -4.2329071690E+00 -9.0192449340E-03  3.9483622544E-01 -1.0014699976E+00
  1.2893572967E-01 -4.2521385697E+00 -9.1987577950E-03  3.8657753147E-01 -1.0500329578E+00
  1.4489298835E-01 -4.2713826229E+00 -9.3784340265E-03  3.7927457504E-01 -1.1181474299E+00
  1.6083600811E-01 -4.2906384729E+00 -9.5582513823E-03  3.7289033549E-01 -1.2060481257E+00
  1.7676607575E-01 -4.3099050384E+00 -9.7381862544E-03  3.6738352375E-01 -1.3138978053E+00
  1.9268466223E-01 -4.3291810904E+00 -9.9182156108E-03  3.6270856756E-01 -1.4415200920E+00
  2.0859332226E-01 -4.3484653349E+00 -1.0098319042E-02  3.5881578100E-01 -1.5879919661E+00
  2.2449359467E-01 -4.3677564953E+00 -1.0278480881E-02  3.5565201961E-01 -1.7510932517E+00
  2.4038690899E-01 -4.3870533883E+00 -1.0458692471E-02  3.5316225790E-01 -1.9266866538E+00
  2.5627449794E-01 -4.4063549949E+00 -1.0638954781E-02  3.5129264629E-01 -2.1082512405E+00
  2.7215730423E-01 -4.4256605367E+00 -1.0819281552E-02  3.4999562598E-01 -2.2870159417E+00
  2.8803585191E-01 -4.4449695805E+00 -1.0999701623E-02  3.4923746635E-01 -2.4533829126E+00
  3.0391006261E-01 -4.4642821886E+00 -1.1180249778E-02  3.4900797732E-01 -2.6004526985E+00
  3.1977929778E-01 -4.4835988844E+00 -1.1360902572E-02  3.4933102146E-01 -2.7302455851E+00
  3.3564389555E-01 -4.5029193903E+00 -1.1541427685E-02  3.5027285967E-01 -2.8624466148E+00
  3.5150728174E-01 -4.5222408953E+00 -1.1721481873E-02  3.5194367161E-01 -3.0441474780E+00
  3.6737282577E-01 -4.5415606332E+00 -1.1901034803E-02  3.5448647761E-01 -3.3574010778E+00
  3.8324115279E-01 -4.5608780883E+00 -1.2080267908E-02  3.5804802655E-01 -3.9200379579E+00
  3.9911176046E-01 -4.5801936715E+00 -1.2259322953E-02  3.6272889662E-01 -4.8747961998E+00
  4.1498414254E-01 -4.5995077975E+00 -1.2438274525E-02  3.6851542028E-01 -6.3629289135E+00
  4.3085796965E-01 -4.6188207365E+00 -1.2617159560E-02  3.7520371216E-01 -8.4815807577E+00
  4.4673305224E-01 -4.6381326439E+00 -1.2795996622E-02  3.8233471316E-01 -1.1230058397E+01
  4.6260929861E-01 -4.6574435950E+00 -1.2974794960E-02  3.8916595918E-01 -1.4458859615E+01
  4.7848670002E-01 -4.6767535968E+00 -1.3153558353E-02  3.9470634095E-01 -1.7844480857E+01
  4.9436535415E-01 -4.6960625688E+00 -1.3332286061E-02  3.9782962077E-01 -2.0915643951E+01
  5.1024558599E-01 -4.7153702436E+00 -1.3510970318E-02  3.9745912157E-01 -2.3144118379E+01
  5.2612880697E-01 -4.7346754602E+00 -1.3689573348E-02  3.9278538827E-01 -2.4084287604E+01
  5.2771792707E-01 -4.7366053252E+00 -1.3707411940E-02  3.9206304611E-01 -2.4096349859E+01
</Path of -GradDelSqRho>
<Path of -GradDelSqRho>
Starting CP# =      6
Ending CP# =      1
Number of Points =      7
 -6.8044334047E-01 -3.3902664284E+00 -1.5136868623E-01  2.2484060246E+01  1.2349230563E+03
 -6.7827854724E-01 -3.3794040091E+00 -1.2895616646E-01  3.2698762741E+01  9.8562959648E+02
 -6.7610347365E-01 -3.3684905149E+00 -1.0656946132E-01  4.7915729260E+01 -7.7919506882E+02
 -6.7392385566E-01 -3.3575544434E+00 -8.4194216341E-02  7.0515646809E+01 -6.3470578728E+03
 -6.7174098475E-01 -3.3466022111E+00 -6.1827195842E-02  1.0405020927E+02 -2.0485869080E+04
 -6.6955268990E-01 -3.3356230322E+00 -3.9473919583E-02  1.5435722138E+02 -7.4814545502E+04
 -6.6572826891E-01 -3.3164354617E+00 -5.1915465096E-04  2.9734416654E+02 -3.3297748099E+06
</Path of -GradDelSqRho>
<Path of -GradDelSqRho>
Starting CP# =      6
Ending CP# =     17
Number of Points =     44
 -6.8044334047E-01 -3.3902664284E+00 -1.5136868623E-01  2.2484060246E+01  1.2349230563E+03
 -6.8259613298E-01 -3.4010692248E+00 -1.7381116393E-01  1.5579534239E+01  1.1532972484E+03
 -6.8474364149E-01 -3.4118457681E+00 -1.9626677157E-01  1.0897028798E+01  9.8350585589E+02
 -6.8688984287E-01 -3.4226158166E+00 -2.1872561987E-01  7.7311164182E+00  7.7524040114E+02
 -6.8903288529E-01 -3.4333701695E+00 -2.4119228862E-01  5.5986136184E+00  5.7453828268E+02
 -6.9116963159E-01 -3.4440932398E+00 -2.6367450182E-01  4.1630342439E+00  4.1028247677E+02
 -6.9329667081E-01 -3.4547680796E+00 -2.8618057107E-01  3.1940669184E+00  2.8759272556E+02
 -6.9541058443E-01 -3.4653777029E+00 -3.0871868746E-01  2.5370640334E+00  1.9929322431E+02
 -6.9750822366E-01 -3.4759064629E+00 -3.3129620496E-01  2.0888087222E+00  1.3617578029E+02
 -6.9958656594E-01 -3.4863393393E+00 -3.5391996333E-01  1.7800565454E+00  9.1046561940E+01
 -7.0164196178E-01 -3.4966581953E+00 -3.7659803442E-01  1.5640238660E+00  5.9020055299E+01
 -7.0366905953E-01 -3.5068364347E+00 -3.9934208218E-01  1.4090691601E+00  3.6726363445E+01
 -7.0565957755E-01 -3.5168328984E+00 -4.2216978537E-01  1.2939581214E+00  2.1642981403E+01
 -7.0760066419E-01 -3.5265837109E+00 -4.4510764358E-01  1.2046534606E+00  1.1772925692E+01
 -7.0947221579E-01 -3.5359889449E+00 -4.6819490537E-01  1.1320516326E+00  5.5375128516E+00
 -7.1124195324E-01 -3.5448881338E+00 -4.9148942775E-01  1.0703733783E+00  1.7366071356E+00
 -7.1285542822E-01 -3.5530105546E+00 -5.1507611666E-01  1.0160500336E+00 -4.9515412244E-01
 -7.1421261618E-01 -3.5598587419E+00 -5.3907621861E-01  9.6702277549E-01 -1.7492763316E+00
 -7.1510096172E-01 -3.5643751147E+00 -5.6362993069E-01  9.2251733802E-01 -2.4117578610E+00
 -7.1496369641E-01 -3.5637871861E+00 -5.8851987861E-01  8.8415811102E-01 -2.7295798039E+00
 -7.1256380422E-01 -3.5519220333E+00 -6.0987874465E-01  8.6155285564E-01 -2.8780152119E+00
 -7.0826189901E-01 -3.5305519654E+00 -6.2182454096E-01  8.6007639870E-01 -2.9851507217E+00
 -7.0353196912E-01 -3.5070315270E+00 -6.2880645046E-01  8.6634256928E-01 -3.0888739719E+00
 -6.9871066919E-01 -3.4830485271E+00 -6.3394785684E-01  8.7421742555E-01 -3.1919630586E+00
 -6.9385102276E-01 -3.4588698929E+00 -6.3803505561E-01  8.8225837846E-01 -3.2941003895E+00
 -6.8896666294E-01 -3.4345641444E+00 -6.4124645647E-01  8.9010983942E-01 -3.3947568254E+00
 -6.8406452770E-01 -3.4101659480E+00 -6.4362116844E-01  8.9766181423E-01 -3.4933771536E+00
 -6.7915031648E-01 -3.3857036966E+00 -6.4516769717E-01  9.0486029806E-01 -3.5894036015E+00
 -6.7422947871E-01 -3.3612045219E+00 -6.4588818350E-01  9.1166542508E-01 -3.6822856602E+00
 -6.6930739661E-01 -3.3366952254E+00 -6.4578354134E-01  9.1804290231E-01 -3.7714880918E+00
 -6.6438942755E-01 -3.3122024931E+00 -6.4485449845E-01  9.2396258916E-01 -3.8564985593E+00
 -6.5948092306E-01 -3.2877529919E+00 -6.4310182536E-01  9.2939847471E-01 -3.9368349919E+00
 -6.5458724332E-01 -3.2633734429E+00 -6.4052642442E-01  9.3432886350E-01 -4.0120525632E+00
 -6.4971376923E-01 -3.2390906834E+00 -6.3712940297E-01  9.3873654365E-01 -4.0817501331E+00
 -6.4486591242E-01 -3.2149317183E+00 -6.3291214827E-01  9.4260890028E-01 -4.1455760084E+00
 -6.4004912323E-01 -3.1909237629E+00 -6.2787640410E-01  9.4593797132E-01 -4.2032329010E+00
 -6.3526889685E-01 -3.1670942762E+00 -6.2202434678E-01  9.4872044806E-01 -4.2544819839E+00
 -6.3053077765E-01 -3.1434709866E+00 -6.1535865915E-01  9.5095762345E-01 -4.2991459723E+00
 -6.2584036204E-01 -3.1200819104E+00 -6.0788260173E-01  9.5265529117E-01 -4.3371111838E+00
 -6.2120329986E-01 -3.0969553649E+00 -5.9960008118E-01  9.5382359853E-01 -4.3683285601E+00
 -6.1662529443E-01 -3.0741199758E+00 -5.9051571660E-01  9.5447685610E-01 -4.3928136568E+00
 -6.1211210128E-01 -3.0516046785E+00 -5.8063490452E-01  9.5463330745E-01 -4.4106456376E+00
 -6.0766952563E-01 -3.0294387156E+00 -5.6996388377E-01  9.5431486250E-01 -4.4219653274E+00
 -6.0191888681E-01 -3.0007422295E+00 -5.5466778091E-01  9.5320943822E-01 -4.4272816310E+00
</Path of -GradDelSqRho>
<Path of -GradDelSqRho>
Starting CP# =      7
Ending CP# =     20
Number of Points =     44
 -6.8133495297E-01 -3.3935830587E+00  1.4856145988E-01  2.2485788504E+01  1.2351227872E+03
 -6.8362040928E-01 -3.4048793373E+00  1.7074637608E-01  1.5580564270E+01  1.1534698390E+03
 -6.8590063524E-01 -3.4161495292E+00  1.9294509986E-01  1.0897633221E+01  9.8364737943E+02
 -6.8817956638E-01 -3.4274132626E+00  2.1514723428E-01  7.7314647182E+00  7.7535328901E+02
 -6.9045537318E-01 -3.4386614129E+00  2.3735758684E-01  5.5988143843E+00  5.7462184323E+02
 -6.9272495335E-01 -3.4498785075E+00  2.5958427410E-01  4.1631557111E+00  4.1033967298E+02
 -6.9498493312E-01 -3.4610477197E+00  2.8183603449E-01  3.1941498694E+00  2.8762933527E+02
 -6.9723193026E-01 -3.4721521815E+00  3.0412148614E-01  2.5371312853E+00  1.9931506096E+02
 -6.9946282807E-01 -3.4831763493E+00  3.2644837544E-01  2.0888718529E+00  1.3618740298E+02
 -7.0167463311E-01 -3.4941052951E+00  3.4882391814E-01  1.7801203287E+00  9.1051241895E+01
 -7.0386372947E-01 -3.5049209872E+00  3.7125663974E-01  1.5640890943E+00  5.9020133346E+01
 -7.0602481347E-01 -3.5155969779E+00  3.9375886873E-01  1.4091344561E+00  3.6723553698E+01
 -7.0814967511E-01 -3.5260923279E+00  4.1634930994E-01  1.2940211315E+00  2.1638541164E+01
 -7.1022556779E-01 -3.5363434791E+00  4.3905604899E-01  1.2047116585E+00  1.1767745815E+01
 -7.1223253754E-01 -3.5462509434E+00  4.6192080056E-01  1.1321028794E+00  5.5321840853E+00
 -7.1413851104E-01 -3.5556548250E+00  4.8500534621E-01  1.0704163738E+00  1.7314847762E+00
 -7.1588930152E-01 -3.5642850307E+00  5.0840112302E-01  1.0160848764E+00 -4.9988820225E-01
 -7.1738512970E-01 -3.5716443373E+00  5.3224111475E-01  9.6705218999E-01 -1.7535632573E+00
 -7.1841319015E-01 -3.5766727152E+00  5.5668944197E-01  9.2255075160E-01 -2.4156353998E+00
 -7.1841282058E-01 -3.5765795359E+00  5.8158555962E-01  8.8422911232E-01 -2.7332130544E+00
 -7.1612654899E-01 -3.5651182355E+00  6.0317673845E-01  8.6173121584E-01 -2.8817810965E+00
 -7.1189314487E-01 -3.5439966597E+00  6.1558290022E-01  8.6031893995E-01 -2.9892548360E+00
 -7.0720538936E-01 -3.5206306640E+00  6.2309211858E-01  8.6661719425E-01 -3.0932917915E+00
 -7.0241572792E-01 -3.4967635780E+00  6.2877408696E-01  8.7451969602E-01 -3.1966491178E+00
 -6.9758158740E-01 -3.4726784172E+00  6.3340700132E-01  8.8258620673E-01 -3.2990054253E+00
 -6.9271762344E-01 -3.4484474766E+00  6.3716771004E-01  8.9046066554E-01 -3.3998284323E+00
 -6.8783099231E-01 -3.4241062290E+00  6.4009461247E-01  8.9803268079E-01 -3.4985604344E+00
 -6.8292743261E-01 -3.3996832067E+00  6.4219559804E-01  9.0524800558E-01 -3.5946419232E+00
 -6.7801239598E-01 -3.3752055412E+00  6.4347219386E-01  9.1206661334E-01 -3.6875214591E+00
 -6.7309126038E-01 -3.3507000071E+00  6.4392469328E-01  9.1845410562E-01 -3.7766637037E+00
 -6.6816937886E-01 -3.3261932606E+00  6.4355319566E-01  9.2438028568E-01 -3.8615570547E+00
 -6.6325210011E-01 -3.3017119423E+00  6.4235783524E-01  9.2981913383E-01 -3.9417209972E+00
 -6.5834478366E-01 -3.2772827529E+00  6.4033887040E-01  9.3474899115E-01 -4.0167130512E+00
 -6.5345281251E-01 -3.2529325169E+00  6.3749675712E-01  9.3915272499E-01 -4.0861351652E+00
 -6.4858160370E-01 -3.2286882366E+00  6.3383222427E-01  9.4301783955E-01 -4.1496394141E+00
 -6.4373661692E-01 -3.2045771356E+00  6.2934635042E-01  9.4633652864E-01 -4.2069328826E+00
 -6.3892336114E-01 -3.1806266945E+00  6.2404064003E-01  9.4910567306E-01 -4.2577816361E+00
 -6.3414739960E-01 -3.1568646778E+00  6.1791709749E-01  9.5132678559E-01 -4.3020137104E+00
 -6.2941435320E-01 -3.1333191539E+00  6.1097829846E-01  9.5300590680E-01 -4.3395210766E+00
 -6.2472990251E-01 -3.1100185095E+00  6.0322745831E-01  9.5415345444E-01 -4.3702605669E+00
 -6.2009978841E-01 -3.0869914582E+00  5.9466849865E-01  9.5478402947E-01 -4.3942537697E+00
 -6.1552981133E-01 -3.0642670434E+00  5.8530611256E-01  9.5491618214E-01 -4.4115859331E+00
 -6.1102582909E-01 -3.0418746365E+00  5.7514582987E-01  9.5457214148E-01 -4.4224039340E+00
 -6.0554609773E-01 -3.0146369748E+00  5.6146103616E-01  9.5352406561E-01 -4.4270848136E+00
</Path of -GradDelSqRho>
<Path of -GradDelSqRho>
Starting CP# =      7
Ending CP# =      1
Number of Points =      7
 -6.8133495297E-01 -3.3935830587E+00  1.4856145988E-01  2.2485788504E+01  1.2351227872E+03
 -6.7903763005E-01 -3.3822275949E+00  1.2640801158E-01  3.2701642263E+01  9.8570394723E+02
 -6.7673014683E-01 -3.3708214559E+00  1.0428166120E-01  4.7920464517E+01 -7.7984384225E+02
 -6.7441817322E-01 -3.3593929206E+00  8.2167336880E-02  7.0523220913E+01 -6.3491435203E+03
 -6.7210298361E-01 -3.3479483451E+00  6.0061647267E-02  1.0406231097E+02 -2.0493597300E+04
 -6.6978243336E-01 -3.3364770329E+00  3.7970381929E-02  1.5437605918E+02 -7.4840857544E+04
 -6.6572826891E-01 -3.3164354617E+00 -5.1915465096E-04  2.9734416654E+02 -3.3297748099E+06
</Path of -GradDelSqRho>
<Path of -GradDelSqRho>
Starting CP# =     13
Ending CP# =     20
Number of Points =     34
 -2.7312093446E-01 -3.7008416132E+00  4.2141481491E-01  7.7261754767E-01 -2.4329667393E+00
 -2.8180553909E-01 -3.6868532999E+00  4.3788331980E-01  7.7670294672E-01 -2.4365335010E+00
 -2.9151090339E-01 -3.6713516961E+00  4.5492549791E-01  7.8149722701E-01 -2.4484512693E+00
 -3.0159740138E-01 -3.6553644234E+00  4.7128394871E-01  7.8671695361E-01 -2.4688874659E+00
 -3.1204852719E-01 -3.6389093173E+00  4.8693426284E-01  7.9235889074E-01 -2.4978645531E+00
 -3.2284639304E-01 -3.6220047944E+00  5.0185310279E-01  7.9841380078E-01 -2.5352845609E+00
 -3.3397163069E-01 -3.6046698657E+00  5.1601847389E-01  8.0486618995E-01 -2.5809357037E+00
 -3.4540331397E-01 -3.5869240913E+00  5.2940998091E-01  8.1169412646E-01 -2.6344996558E+00
 -3.5711890437E-01 -3.5687874783E+00  5.4200905454E-01  8.1886914352E-01 -2.6955591092E+00
 -3.6909421618E-01 -3.5502803260E+00  5.5379913165E-01  8.2635624182E-01 -2.7636053413E+00
 -3.8130339394E-01 -3.5314230242E+00  5.6476577372E-01  8.3411400719E-01 -2.8380456403E+00
 -3.9371889180E-01 -3.5122358111E+00  5.7489671045E-01  8.4209485884E-01 -2.9182105532E+00
 -4.0631144098E-01 -3.4927385018E+00  5.8418179850E-01  8.5024544187E-01 -3.0033610386E+00
