 AIMInt (Version 19.02.13, Professional)
 Portions Copyright (c) 1997-2019 by Todd A. Keith
 AIMInt is a component of the AIMAll package ( http://aim.tkgristmill.com )

 TP:  64-bit Linux

 Licensed To:  Research Group of Fernando Cortes Guzman, UNAM, fercor@unam.mx

 AIMInt is a heavily modified and extended version of the PROAIMV program
 developed by members of R.F.W. Bader's research group

 Much of the Quantum Theory of Atoms in Molecules (QTAIM) is described in the book:
   "Atoms in Molecules - A Quantum Theory"
   R.F.W. Bader, Oxford University Press, Oxford, 1990

 For additional references see:  http://aim.tkgristmill.com/references.html

 Current Directory:  /home/scratch/M_H2O_4_cuadrado_plano/Opt

 Inp File:  Cr2_cuadrado_plano_cc-pvtz-def2-tzv_1_atomicfiles/o8.inp
 Wfx File:  Cr2_cuadrado_plano_cc-pvtz-def2-tzv_1.wfx
 Out File:  Cr2_cuadrado_plano_cc-pvtz-def2-tzv_1_atomicfiles/o8.int

 Wfx Title:   Cr2_cuadrado_plano_cc-pvtz-def2-tzv_1                                         
 Job Title:   Cr2_cuadrado_plano_cc-pvtz-def2-tzv_1                                         
 
<Atom>
O8      
</Atom>
<Nuclei of Molecule>
    13
Cr1       24.0           1.3215006647E-04   4.5224567886E-05  -4.5948986191E-04
O2         8.0           3.3164531236E+00  -6.6566168904E-01   7.4169565720E-04
H3         1.0           4.1701745908E+00  -2.3215680695E+00   5.4066649079E-02
O4         8.0          -3.3164810697E+00   6.6564727754E-01  -1.1820532231E-04
H5         1.0          -4.1716159960E+00   2.3209361157E+00  -5.2460312183E-02
O6         8.0          -6.6572819055E-01  -3.3164350716E+00  -5.1914851592E-04
H7         1.0           5.3326302499E-01  -4.7433431321E+00  -1.3769662495E-02
O8         8.0           6.6558051147E-01   3.3164991595E+00   8.8404872679E-04
H9         1.0          -5.3399982662E-01   4.7429499445E+00   1.4900941139E-02
H10        1.0           2.3221787587E+00   4.1705470007E+00   1.7373080866E-02
H11        1.0          -4.7421430072E+00  -5.3363828289E-01   5.6060366841E-02
H12        1.0           4.7430287048E+00   5.3241926463E-01  -5.7102027585E-02
H13        1.0          -2.3226528496E+00  -4.1697856414E+00  -1.5948403343E-02
</Nuclei of Molecule>
<Total Number of CPs of DelSqRho>
    36
</Total Number of CPs of DelSqRho>
<Number of (3,+3) CPs of DelSqRho>
     5
</Number of (3,+3) CPs of DelSqRho>
<Number of (3,+1) CPs of DelSqRho>
    11
</Number of (3,+1) CPs of DelSqRho>
<Number of (3,-1) CPs of DelSqRho>
    13
</Number of (3,-1) CPs of DelSqRho>
<Number of (3,-3) CPs of DelSqRho>
     7
</Number of (3,-3) CPs of DelSqRho>
<Number of Degenerate CPs of DelSqRho>
     0
</Number of Degenerate CPs of DelSqRho>
<CP of DelSqRho>
CP# = 1       
Type = (3,+3)
Coords =  6.65580589641505E-01  3.31649954956650E+00  8.84055254347098E-04
DistFromNuc =  3.9792225550E-07
Rho =  2.9734418184E+02
DelSqRho = -3.3297747574E+06
GradDelSqRho =  6.6820243774E-06  4.3160980567E-07 -5.4296833696E-09
HessDelSqRho_EigVals =  1.3241701578E+11  1.3241703312E+11  1.3241704019E+11
HessDelSqRho_EigVec1 = -2.7966995689E-03 -9.7733567035E-03  9.9994832865E-01
HessDelSqRho_EigVec2 =  1.9642413154E-01  9.8046667295E-01  1.0132313365E-02
HessDelSqRho_EigVec3 =  9.8051503763E-01 -1.9644231908E-01  8.2234761881E-04
</CP of DelSqRho>
<CP of DelSqRho>
CP# = 2       
Type = (3,-1)
Coords =  3.94044745833233E-01  1.96360769843762E+00 -4.38347612728717E-03
DistFromNuc =  1.3798821414E+00
Rho =  1.8837358693E-01
DelSqRho =  5.5823363858E-01
GradDelSqRho = -6.0437765903E-15 -2.7228219679E-14 -1.6891869847E-16
HessDelSqRho_EigVals = -8.9644917956E-01 -6.4794762391E-01  3.1988816845E+00
HessDelSqRho_EigVec1 = -2.9965857782E-04  2.2790512644E-03  9.9999735806E-01
HessDelSqRho_EigVec2 =  9.8048281035E-01 -1.9660342883E-01  7.4188133759E-04
HessDelSqRho_EigVec3 =  1.9660460020E-01  9.8048044228E-01 -2.1756566848E-03
</CP of DelSqRho>
<CP of DelSqRho>
CP# = 3       
Type = (3,+1)
Coords = -8.14761256909467E-02  4.19425514791178E+00  9.50232638894480E-03
DistFromNuc =  1.1526593031E+00
Rho =  4.1433087935E-01
DelSqRho = -9.6242863526E-01
GradDelSqRho =  5.3845816694E-15 -2.4147350786E-15 -5.6378512969E-17
HessDelSqRho_EigVals = -3.1325983892E+01  1.4818020961E+01  1.5561437563E+01
HessDelSqRho_EigVec1 = -6.4079697783E-01  7.6767300976E-01  7.5751750746E-03
HessDelSqRho_EigVec2 =  5.7210208480E-04 -9.3897251940E-03  9.9995575190E-01
HessDelSqRho_EigVec3 =  7.6771017050E-01  6.4077295756E-01  5.5777201977E-03
</CP of DelSqRho>
<CP of DelSqRho>
CP# = 4       
Type = (3,-3)
Coords =  5.40894117960983E-01  3.20553716709175E+00 -8.97426539471006E-04
DistFromNuc =  1.6692044251E-01
Rho =  2.2735990004E+01
DelSqRho =  1.2979466571E+03
GradDelSqRho = -5.1159076975E-12 -1.6711965145E-11  2.0605739337E-13
HessDelSqRho_EigVals = -4.5248864495E+05 -3.3554869383E+03 -5.1585080642E+02
HessDelSqRho_EigVec1 =  7.4458053506E-01  6.6744660712E-01  1.0716970481E-02
HessDelSqRho_EigVec2 = -3.7515452295E-03 -1.1870331437E-02  9.9992250757E-01
HessDelSqRho_EigVec3 = -6.6752209905E-01  7.4456304090E-01  6.3344615978E-03
</CP of DelSqRho>
<CP of DelSqRho>
CP# = 5       
Type = (3,-1)
Coords =  6.98803973120051E-01  3.48227875530610E+00  2.07867139938055E-03
DistFromNuc =  1.6908015829E-01
Rho =  2.2288402239E+01
DelSqRho =  1.2434427638E+03
GradDelSqRho =  3.6237679524E-13 -2.1938006967E-12  2.1671553441E-13
HessDelSqRho_EigVals = -4.0018454472E+05 -1.0806625759E+03  1.9075929032E+03
HessDelSqRho_EigVec1 =  1.9649551676E-01  9.8047965698E-01  7.0110009562E-03
HessDelSqRho_EigVec2 = -2.1749072920E-03 -6.7145368571E-03  9.9997509208E-01
HessDelSqRho_EigVec3 =  9.8050231090E-01 -1.9650587074E-01  8.1307596605E-04
</CP of DelSqRho>
<CP of DelSqRho>
CP# = 6       
Type = (3,-1)
Coords =  6.32804820477621E-01  3.15304515217458E+00 -1.20884782577143E-03
DistFromNuc =  1.6672084042E-01
Rho =  2.2807280566E+01
DelSqRho =  1.2971303272E+03
GradDelSqRho = -4.8601123126E-12  3.7857716961E-11  2.5934809855E-13
HessDelSqRho_EigVals = -4.5693892058E+05 -3.0990297724E+03  2.9399856327E+02
HessDelSqRho_EigVec1 =  1.9658943655E-01  9.8040528021E-01  1.2572986145E-02
HessDelSqRho_EigVec2 = -3.2696101011E-03 -1.2167638842E-02  9.9992062596E-01
HessDelSqRho_EigVec3 =  9.8048044503E-01 -1.9661494121E-01  8.1351374320E-04
</CP of DelSqRho>
<CP of DelSqRho>
CP# = 7       
Type = (3,+1)
Coords =  6.80231083491998E-01  3.39022758409653E+00  1.51790508663995E-01
DistFromNuc =  1.6859205056E-01
Rho =  2.2483996102E+01
DelSqRho =  1.2349181674E+03
GradDelSqRho = -1.5702994460E-12  7.4171779829E-12 -4.3485215429E-12
HessDelSqRho_EigVals = -4.0796990085E+05  1.6050010281E+03  3.1011233820E+03
HessDelSqRho_EigVec1 =  8.5947887836E-02  4.3257956171E-01  8.9748976783E-01
HessDelSqRho_EigVec2 =  1.7672215448E-01  8.7991922047E-01 -4.4103451742E-01
HessDelSqRho_EigVec3 =  9.8050101514E-01 -1.9651231063E-01  8.1919366436E-04
</CP of DelSqRho>
<CP of DelSqRho>
CP# = 8       
Type = (3,+1)
Coords =  6.81189655603030E-01  3.39376857280373E+00 -1.48133172934479E-01
DistFromNuc =  1.6858333243E-01
Rho =  2.2485816182E+01
DelSqRho =  1.2351311361E+03
GradDelSqRho = -4.5297099405E-12 -2.4513724384E-12  2.5579538487E-12
HessDelSqRho_EigVals = -4.0817034747E+05  1.5923392266E+03  3.0918588270E+03
HessDelSqRho_EigVec1 = -9.1650397361E-02 -4.5364601749E-01  8.8645670818E-01
HessDelSqRho_EigVec2 =  1.7382962288E-01  8.6924646289E-01  4.6281081336E-01
HessDelSqRho_EigVec3 =  9.8050164042E-01 -1.9650923023E-01  8.0966758542E-04
</CP of DelSqRho>
<CP of DelSqRho>
CP# = 9       
Type = (3,-3)
Coords =  7.37889118626547E-01  3.16606217496788E+00 -7.33675247469197E-04
DistFromNuc =  1.6692045411E-01
Rho =  2.2735980142E+01
DelSqRho =  1.2979475921E+03
GradDelSqRho = -1.0288658814E-11 -2.2737367544E-12  3.9257486151E-13
HessDelSqRho_EigVals = -4.5248851807E+05 -3.3555703251E+03 -5.1605272482E+02
HessDelSqRho_EigVec1 = -4.2994165988E-01  9.0280412524E-01  9.7406646821E-03
HessDelSqRho_EigVec2 = -2.7094908259E-03 -1.2078856312E-02  9.9992337701E-01
HessDelSqRho_EigVec3 =  9.0285260578E-01  4.2988232423E-01  7.6393430271E-03
</CP of DelSqRho>
<CP of DelSqRho>
CP# = 10      
Type = (3,-1)
Coords =  1.28709310438305E+00  2.96470257280824E+00 -6.64756407978025E-04
DistFromNuc =  7.1417164626E-01
Rho =  6.8074743072E-01
DelSqRho = -1.0804949195E+00
GradDelSqRho =  2.8421709430E-14 -3.1086244690E-15  1.3530843113E-16
HessDelSqRho_EigVals = -1.5804461345E+01 -1.1349049164E+01  1.4696579975E+02
HessDelSqRho_EigVec1 =  5.2099735112E-01  8.5351319966E-01  8.7737184247E-03
HessDelSqRho_EigVec2 = -2.3761071531E-03 -8.8286931968E-03  9.9995820327E-01
HessDelSqRho_EigVec3 =  8.5355498607E-01 -5.2099642243E-01 -2.5716869504E-03
</CP of DelSqRho>
<CP of DelSqRho>
CP# = 11      
Type = (3,-1)
Coords = -4.34990087327081E-02  3.23139462228970E+00 -1.78426633887761E-03
DistFromNuc =  7.1417341600E-01
Rho =  6.8074865201E-01
DelSqRho = -1.0804170809E+00
GradDelSqRho =  2.2204460493E-14  8.6597395921E-15 -8.8470897275E-17
HessDelSqRho_EigVals = -1.5806691962E+01 -1.1349874003E+01  1.4696322670E+02
HessDelSqRho_EigVec1 = -1.5184227649E-01  9.8837063051E-01  8.2109573090E-03
HessDelSqRho_EigVec2 = -2.8316879640E-03 -8.7422473850E-03  9.9995777644E-01
HessDelSqRho_EigVec3 =  9.8840068020E-01  1.5181261430E-01  4.1261999630E-03
</CP of DelSqRho>
<CP of DelSqRho>
CP# = 12      
Type = (3,-1)
Coords =  8.07673287564843E-01  4.02553277960365E+00  7.47774030055085E-03
DistFromNuc =  7.2316146765E-01
Rho =  6.7419869733E-01
DelSqRho = -1.1052254618E+00
GradDelSqRho = -1.4682699501E-14 -3.9468428525E-14 -7.0950190167E-16
HessDelSqRho_EigVals = -1.9319374078E+01 -4.2134525913E+00  1.3569157546E+02
HessDelSqRho_EigVec1 =  9.8050281297E-01 -1.9650319509E-01  8.5326847629E-04
HessDelSqRho_EigVec2 = -2.5492830932E-03 -8.3782021324E-03  9.9996165271E-01
HessDelSqRho_EigVec3 =  1.9648851087E-01  9.8046738857E-01  8.7157930315E-03
</CP of DelSqRho>
<CP of DelSqRho>
CP# = 13      
Type = (3,+1)
Coords =  1.17302822698869E+00  3.51030223399615E+00  4.30815400250382E-01
DistFromNuc =  6.9275088070E-01
Rho =  7.7275171162E-01
DelSqRho = -2.4318093087E+00
GradDelSqRho = -1.0036416143E-13 -3.2862601529E-14 -4.4408920985E-15
HessDelSqRho_EigVals = -1.3008190448E+01  1.2089582455E+01  1.8323288929E+02
HessDelSqRho_EigVec1 =  5.6959138875E-01  4.2108648058E-01 -7.0586955291E-01
HessDelSqRho_EigVec2 = -4.6655875477E-01  8.7267145290E-01  1.4410920732E-01
HessDelSqRho_EigVec3 =  6.7667464723E-01  2.4724625611E-01  6.9352772881E-01
</CP of DelSqRho>
<CP of DelSqRho>
CP# = 14      
Type = (3,+1)
Coords =  2.72874299930486E-01  3.70104509783164E+00 -4.20833396855713E-01
DistFromNuc =  6.9277655215E-01
Rho =  7.7260892179E-01
DelSqRho = -2.4329503892E+00
GradDelSqRho = -1.0125233985E-12  9.0150109600E-13 -1.6422418980E-12
HessDelSqRho_EigVals = -1.3001523846E+01  1.2126431127E+01  1.8326840648E+02
HessDelSqRho_EigVec1 = -3.6569777845E-01  5.9048391720E-01  7.1943997552E-01
HessDelSqRho_EigVec2 =  7.6672040659E-01  6.2933452109E-01 -1.2679857523E-01
HessDelSqRho_EigVec3 =  5.2764093184E-01 -5.0523935327E-01  6.8288230534E-01
</CP of DelSqRho>
<CP of DelSqRho>
CP# = 15      
Type = (3,+3)
Coords =  1.86088440558307E-01  3.86298036989466E+00  6.21986502284988E-03
DistFromNuc =  7.2703702132E-01
Rho =  7.4345438074E-01
DelSqRho = -2.9821636330E+00
GradDelSqRho = -1.1102230246E-14  1.5543122345E-14 -2.4286128664E-17
HessDelSqRho_EigVals =  1.1810010568E+01  2.2296040175E+01  1.3541311981E+02
HessDelSqRho_EigVec1 = -1.3658408647E-03 -1.0971880475E-02  9.9993887429E-01
HessDelSqRho_EigVec2 =  7.4581224416E-01  6.6610415686E-01  8.3275850631E-03
HessDelSqRho_EigVec3 = -6.6615481004E-01  7.4577803002E-01  7.2731705222E-03
</CP of DelSqRho>
<CP of DelSqRho>
CP# = 16      
Type = (3,+1)
Coords =  2.71302722245058E-01  3.69102739229680E+00  4.30050085364737E-01
DistFromNuc =  6.9275526651E-01
Rho =  7.7274343212E-01
DelSqRho = -2.4317302411E+00
GradDelSqRho = -5.3290705182E-15  4.4408920985E-15  3.9968028887E-14
HessDelSqRho_EigVals = -1.3008643310E+01  1.2089415884E+01  1.8322488275E+02
HessDelSqRho_EigVec1 = -3.6218310242E-01  6.0781936253E-01 -7.0666754761E-01
HessDelSqRho_EigVec2 =  7.6657817724E-01  6.2553248908E-01  1.4514476661E-01
HessDelSqRho_EigVec3 = -5.3026530953E-01  4.8914693869E-01  6.9249835659E-01
</CP of DelSqRho>
<CP of DelSqRho>
CP# = 17      
Type = (3,+3)
Coords =  6.01739426374587E-01  3.00031952760632E+00  5.54761793422282E-01
DistFromNuc =  6.4095694068E-01
Rho =  9.5318185259E-01
DelSqRho = -4.4270953991E+00
GradDelSqRho =  1.3322676296E-15 -5.3290705182E-15 -1.7763568394E-14
HessDelSqRho_EigVals =  9.5481703306E+00  2.3603841864E+01  3.2829373214E+02
HessDelSqRho_EigVec1 =  1.7156087273E-01  8.5786913658E-01  4.8438353755E-01
HessDelSqRho_EigVec2 =  9.8049480959E-01 -1.9654329581E-01  8.1316189268E-04
HessDelSqRho_EigVec3 = -9.5899923397E-02 -4.7479603766E-01  8.7485537509E-01
</CP of DelSqRho>
<CP of DelSqRho>
CP# = 18      
Type = (3,+1)
Coords =  5.35704251879356E-01  2.66854638590214E+00 -8.23413477524055E-03
DistFromNuc =  6.6090376064E-01
Rho =  8.8772820033E-01
DelSqRho = -3.7036821702E+00
GradDelSqRho = -1.1990408666E-14 -5.1514348343E-14 -5.6205040622E-16
HessDelSqRho_EigVals = -6.7309850376E+00  2.0059941773E+01  2.6509933117E+02
HessDelSqRho_EigVec1 = -3.5839796449E-03 -1.3705566384E-02  9.9989965124E-01
HessDelSqRho_EigVec2 =  9.8049584180E-01 -1.9653811592E-01  8.2049327965E-04
HessDelSqRho_EigVec3 =  1.9650714824E-01  9.8040039088E-01  1.4142639456E-02
</CP of DelSqRho>
<CP of DelSqRho>
CP# = 19      
Type = (3,+1)
Coords =  1.17683318537040E+00  3.51987316678574E+00 -4.20068405522793E-01
DistFromNuc =  6.9277792414E-01
Rho =  7.7260296414E-01
DelSqRho = -2.4329096625E+00
GradDelSqRho = -2.6290081223E-13 -1.4033219031E-13  2.5934809855E-13
HessDelSqRho_EigVals = -1.3001079809E+01  1.2125400912E+01  1.8326644103E+02
HessDelSqRho_EigVec1 =  5.6383183691E-01  4.0417883482E-01  7.2023130255E-01
HessDelSqRho_EigVec2 = -4.6476828703E-01  8.7615530474E-01 -1.2783708907E-01
HessDelSqRho_EigVec3 =  6.8270352208E-01  2.6266204800E-01 -6.8185375961E-01
</CP of DelSqRho>
<CP of DelSqRho>
CP# = 20      
Type = (3,+3)
Coords =  6.05637048130445E-01  3.01510839235626E+00 -5.61335309766353E-01
DistFromNuc =  6.4071851882E-01
Rho =  9.5353618562E-01
DelSqRho = -4.4272310171E+00
GradDelSqRho = -2.2204460493E-15  2.8421709430E-14  1.7763568394E-14
HessDelSqRho_EigVals =  9.5731501205E+00  2.3547410310E+01  3.2922601482E+02
HessDelSqRho_EigVec1 =  1.7482411358E-01  8.7023795016E-01 -4.6056751884E-01
HessDelSqRho_EigVec2 =  9.8049564079E-01 -1.9653911331E-01  8.2178217096E-04
HessDelSqRho_EigVec3 =  8.9804385739E-02  4.5172811185E-01  8.8762429286E-01
</CP of DelSqRho>
<CP of DelSqRho>
CP# = 21      
Type = (3,+3)
Coords =  1.31861911745280E+00  3.63600057704312E+00  7.20406277538791E-03
DistFromNuc =  7.2703543196E-01
Rho =  7.4345537858E-01
DelSqRho = -2.9821686458E+00
GradDelSqRho =  4.8849813084E-15 -8.8817841970E-15  5.4123372450E-16
HessDelSqRho_EigVals =  1.1809626880E+01  2.2295068798E+01  1.3541523147E+02
HessDelSqRho_EigVec1 = -4.6490391416E-03 -1.0333072378E-02  9.9993580496E-01
HessDelSqRho_EigVec2 = -4.3153079381E-01  9.0206854442E-01  7.3154056206E-03
HessDelSqRho_EigVec3 =  9.0208622671E-01  4.3146908207E-01  8.6527908971E-03
</CP of DelSqRho>
<CP of DelSqRho>
CP# = 22      
Type = (3,-3)
Coords = -4.64331106362111E-01  3.13630529643603E+00 -2.58169461783699E-03
DistFromNuc =  1.1441949588E+00
Rho =  2.4725340696E-01
DelSqRho =  8.4144981982E-01
GradDelSqRho =  3.4139358007E-15  2.2204460493E-16  3.9790219730E-17
HessDelSqRho_EigVals = -1.7515310235E+01 -1.6846200845E+00 -5.1246918823E-01
HessDelSqRho_EigVec1 =  9.8182989608E-01  1.8972729001E-01  3.6892526697E-03
HessDelSqRho_EigVec2 = -1.8975386918E-01  9.8178862301E-01  9.1961324572E-03
HessDelSqRho_EigVec3 = -1.8773090089E-03 -9.7290877433E-03  9.9995090908E-01
</CP of DelSqRho>
<CP of DelSqRho>
CP# = 23      
Type = (3,-1)
Coords =  5.68991264147914E-01  2.04923282982274E+00 -8.58406244472873E-03
DistFromNuc =  1.2709772138E+00
Rho =  2.3257568074E-01
DelSqRho =  5.6292670031E-01
GradDelSqRho = -7.8846651430E-14  3.3736902161E-13  3.0739299994E-15
HessDelSqRho_EigVals = -5.6732857823E+00 -4.7877945822E-01  1.8926059754E-01
HessDelSqRho_EigVec1 = -6.3070620816E-02  9.9792148998E-01  1.3221067601E-02
HessDelSqRho_EigVec2 =  7.4865499240E-03 -1.2773987850E-02  9.9989038239E-01
HessDelSqRho_EigVec3 =  9.9798098597E-01  6.3162687348E-02 -6.6653257110E-03
</CP of DelSqRho>
<CP of DelSqRho>
CP# = 24      
Type = (3,-3)
Coords =  8.66065352505962E-01  4.31924730702380E+00  5.59122197487160E-01
DistFromNuc =  1.1650441407E+00
Rho =  2.4781841624E-01
DelSqRho =  8.5379955509E-01
GradDelSqRho =  1.1379786002E-15  2.8865798640E-15 -4.1633363423E-16
HessDelSqRho_EigVals = -1.7637284735E+01 -2.5742345807E+00 -2.5974993210E-01
HessDelSqRho_EigVec1 =  1.7145971626E-01  8.5762192063E-01  4.8485689328E-01
HessDelSqRho_EigVec2 =  9.8050658242E-01 -1.9648457410E-01  8.0868686706E-04
HessDelSqRho_EigVec3 = -9.5960447760E-02 -4.7526671817E-01  8.7459312772E-01
</CP of DelSqRho>
<CP of DelSqRho>
CP# = 25      
Type = (3,+1)
Coords =  4.59563994309405E-01  2.29171071742697E+00  6.60853087236354E-01
DistFromNuc =  1.2362011519E+00
Rho =  2.4376147560E-01
DelSqRho =  5.1683064495E-01
GradDelSqRho = -3.8163916471E-17  2.4008572908E-15 -2.2482016249E-15
HessDelSqRho_EigVals = -1.2205087406E+01  3.3852241539E-01  5.0034182159E-01
HessDelSqRho_EigVec1 =  1.6341115926E-01  8.1275038691E-01 -5.5922589496E-01
HessDelSqRho_EigVec2 =  1.0879582968E-01  5.4854219801E-01  8.2901442958E-01
HessDelSqRho_EigVec3 =  9.8054080000E-01 -1.9631165420E-01  1.2140638180E-03
</CP of DelSqRho>
<CP of DelSqRho>
CP# = 26      
Type = (3,-3)
Coords =  8.69735551680249E-01  4.33295768074651E+00 -5.30143435708508E-01
DistFromNuc =  1.1648422190E+00
Rho =  2.4779904063E-01
DelSqRho =  8.5413178904E-01
GradDelSqRho =  1.0338951917E-15  1.3322676296E-15 -1.3322676296E-15
HessDelSqRho_EigVals = -1.7635782122E+01 -2.5757363383E+00 -2.6075834875E-01
HessDelSqRho_EigVec1 =  1.7468646901E-01  8.6968836918E-01 -4.6165655855E-01
HessDelSqRho_EigVec2 =  9.8049973651E-01 -1.9651876380E-01  8.0136116674E-04
HessDelSqRho_EigVec3 =  9.0027241698E-02  4.5279412097E-01  8.8705838577E-01
</CP of DelSqRho>
<CP of DelSqRho>
CP# = 27      
Type = (3,+1)
Coords =  4.62284043081675E-01  2.29986761689298E+00 -6.70930334467328E-01
DistFromNuc =  1.2353961765E+00
Rho =  2.4364858788E-01
DelSqRho =  5.1920868917E-01
GradDelSqRho = -3.1571967263E-16 -2.3661628212E-15 -1.3600232052E-15
HessDelSqRho_EigVals = -1.2292302788E+01  3.1916545190E-01  4.9219637895E-01
HessDelSqRho_EigVec1 =  1.6138684309E-01  8.0718828215E-01  5.6780398381E-01
HessDelSqRho_EigVec2 = -1.1205004751E-01 -5.5663859426E-01  8.2316356955E-01
HessDelSqRho_EigVec3 =  9.8050959900E-01 -1.9647023320E-01  6.1133988812E-04
</CP of DelSqRho>
<CP of DelSqRho>
CP# = 28      
Type = (3,-1)
Coords =  1.40305509153685E+00  3.27396868347321E+00  9.30385758119690E-01
DistFromNuc =  1.1872872548E+00
Rho =  2.4370319218E-01
DelSqRho =  7.2595846714E-01
GradDelSqRho = -1.4988010832E-15  2.7235158573E-16 -1.4016565686E-15
HessDelSqRho_EigVals = -1.7101368105E+01 -1.3478794236E+00  3.1829874292E-01
HessDelSqRho_EigVec1 =  6.1193013397E-01 -5.4811933880E-02  7.8901024268E-01
HessDelSqRho_EigVec2 =  6.4401441375E-01  6.1362463979E-01 -4.5684815456E-01
HessDelSqRho_EigVec3 = -4.5911539511E-01  7.8769312130E-01  4.1079508349E-01
</CP of DelSqRho>
<CP of DelSqRho>
CP# = 29      
Type = (3,-1)
Coords = -3.28155807248725E-02  3.56177201959021E+00  9.29189762057645E-01
DistFromNuc =  1.1872941400E+00
Rho =  2.4370563939E-01
DelSqRho =  7.2590077413E-01
GradDelSqRho =  1.7139067943E-15 -4.5970172113E-16 -3.7365943673E-15
HessDelSqRho_EigVals = -1.7100242431E+01 -1.3476440406E+00  3.1852546374E-01
HessDelSqRho_EigVec1 = -5.8704947940E-01  1.8551786723E-01  7.8800763300E-01
HessDelSqRho_EigVec2 =  3.5707140361E-01 -8.1425074511E-01  4.5770704256E-01
HessDelSqRho_EigVec3 =  7.2654863668E-01  5.5007167263E-01  4.1176235077E-01
</CP of DelSqRho>
<CP of DelSqRho>
CP# = 30      
Type = (3,-1)
Coords =  1.41026663668357E+00  3.29188062598467E+00 -9.23306836445774E-01
DistFromNuc =  1.1871361714E+00
Rho =  2.4357580243E-01
DelSqRho =  7.2615272231E-01
GradDelSqRho =  2.0261570199E-15 -1.7867651803E-16  1.0269562978E-15
HessDelSqRho_EigVals = -1.7116773072E+01 -1.3327545136E+00  3.1599087353E-01
HessDelSqRho_EigVec1 = -6.1828802814E-01  3.9800744047E-02  7.8494319223E-01
HessDelSqRho_EigVec2 =  6.4037234704E-01  6.0454658408E-01  4.7375804460E-01
HessDelSqRho_EigVec3 = -4.5567880289E-01  7.9557484151E-01 -3.9927121127E-01
</CP of DelSqRho>
<CP of DelSqRho>
CP# = 31      
Type = (3,-1)
Coords = -2.95773483992408E-02  3.58048156551162E+00 -9.24515710072959E-01
DistFromNuc =  1.1871376813E+00
Rho =  2.4357673962E-01
DelSqRho =  7.2616925413E-01
GradDelSqRho =  2.9282132274E-15 -1.3912482277E-15  2.0053403382E-15
HessDelSqRho_EigVals = -1.7116828445E+01 -1.3331152353E+00  3.1602464696E-01
HessDelSqRho_EigVec1 =  5.8459564053E-01 -2.0130167863E-01  7.8595519672E-01
HessDelSqRho_EigVec2 =  3.5870231118E-01 -8.0478104205E-01 -4.7292718924E-01
HessDelSqRho_EigVec3 =  7.2772287928E-01  5.5839511866E-01 -3.9826411139E-01
</CP of DelSqRho>
<CP of DelSqRho>
CP# = 32      
Type = (3,-1)
Coords =  2.66661505284902E-01  2.10966754083384E+00 -8.81389412238825E-03
DistFromNuc =  1.2710912553E+00
Rho =  2.3253178323E-01
DelSqRho =  5.6295190973E-01
GradDelSqRho =  3.4064417953E-13  4.7281900617E-12  4.1694946107E-14
HessDelSqRho_EigVals = -5.6582954025E+00 -4.7956196123E-01  1.8686630980E-01
HessDelSqRho_EigVec1 =  4.4234981085E-01  8.9673886717E-01  1.3639976066E-02
HessDelSqRho_EigVec2 = -1.3371255044E-02 -8.6128513396E-03  9.9987350616E-01
HessDelSqRho_EigVec3 =  8.9674291432E-01 -4.4247623993E-01  8.1806309398E-03
</CP of DelSqRho>
<CP of DelSqRho>
CP# = 33      
Type = (3,+1)
Coords =  1.69317247165614E+00  3.83859721017780E+00  1.10273500896386E-02
DistFromNuc =  1.1526640871E+00
Rho =  4.1432458937E-01
DelSqRho = -9.6238584489E-01
GradDelSqRho =  2.1094237468E-15  1.9914625504E-15 -7.0039460343E-17
HessDelSqRho_EigVals = -3.1324812371E+01  1.4817390422E+01  1.5560591156E+01
HessDelSqRho_EigVec1 =  8.8711530257E-01  4.6146209627E-01  8.8979574399E-03
HessDelSqRho_EigVec2 = -6.0094043257E-03 -7.7286878099E-03  9.9995207607E-01
HessDelSqRho_EigVec3 = -4.6150875073E-01  8.8712625995E-01  4.0831249076E-03
</CP of DelSqRho>
<CP of DelSqRho>
CP# = 34      
Type = (3,-3)
Coords =  1.63878498297408E+00  2.71478667200346E+00 -7.51475398171446E-04
DistFromNuc =  1.1441973326E+00
Rho =  2.4724580351E-01
DelSqRho =  8.4141475028E-01
GradDelSqRho = -5.2388648974E-15  2.3470808630E-15 -2.5370330836E-17
HessDelSqRho_EigVals = -1.7515027551E+01 -1.6840961988E+00 -5.1222426109E-01
HessDelSqRho_EigVec1 =  8.3288133208E-01 -5.5344758374E-01 -2.1115666791E-03
HessDelSqRho_EigVec2 =  5.5343985311E-01  8.3283270464E-01  9.6961369580E-03
HessDelSqRho_EigVec3 = -3.6077217826E-03 -9.2443566184E-03  9.9995076189E-01
</CP of DelSqRho>
<CP of DelSqRho>
CP# = 35      
Type = (3,-1)
Coords =  8.95199687743314E-01  4.46233102972719E+00  1.89597409618392E-02
DistFromNuc =  1.1687524852E+00
Rho =  2.5294495237E-01
DelSqRho =  8.4006735320E-01
GradDelSqRho =  1.2490009027E-16 -1.1102230246E-15 -3.2959746044E-17
HessDelSqRho_EigVals = -1.6256543114E+01 -4.5691553740E+00  1.9765649701E-01
HessDelSqRho_EigVec1 =  1.9646603610E-01  9.8039170014E-01  1.5271245827E-02
HessDelSqRho_EigVec2 =  9.8050316480E-01 -1.9650148826E-01  8.4197371287E-04
HessDelSqRho_EigVec3 = -3.8262865725E-03 -1.4808085626E-02  9.9988303322E-01
</CP of DelSqRho>
<CP of DelSqRho>
CP# = 36      
Type = (3,-3)
Coords =  4.12177690405419E-01  2.05693782882152E+00 -7.73298779350999E-03
DistFromNuc =  1.2848276105E+00
Rho =  2.2728065082E-01
DelSqRho =  5.6359570521E-01
GradDelSqRho = -6.9388939039E-17  6.1062266354E-16 -2.1684043450E-17
HessDelSqRho_EigVals = -3.9598249289E+00 -5.5882522030E-01 -1.1617113806E-01
HessDelSqRho_EigVec1 =  1.9823401977E-01  9.8002084662E-01  1.6199185086E-02
HessDelSqRho_EigVec2 = -4.0522439652E-03 -1.5707585191E-02  9.9986841689E-01
HessDelSqRho_EigVec3 =  9.8014634250E-01 -1.9827357858E-01  8.5750580821E-04
</CP of DelSqRho>
<Path of -GradDelSqRho>
Starting CP# =      3
Ending CP# =      0
Number of Points =     30
 -8.1476125691E-02  4.1942551479E+00  9.5023263889E-03  4.1433087935E-01 -9.6242863526E-01
 -9.7488281077E-02  4.2134534536E+00  9.6918018203E-03  4.0406710168E-01 -9.7217974250E-01
 -1.1348429945E-01  4.2326652049E+00  9.8814687892E-03  3.9482020647E-01 -1.0013378423E+00
 -1.2946442017E-01  4.2518901800E+00  1.0071312061E-02  3.8656178481E-01 -1.0498941810E+00
 -1.4542929494E-01  4.2711278161E+00  1.0261311895E-02  3.7925907451E-01 -1.1179993832E+00
 -1.6137993224E-01  4.2903772574E+00  1.0451445584E-02  3.7287505770E-01 -1.2058883410E+00
 -1.7731761842E-01  4.3096374222E+00  1.0641689307E-02  3.6736844934E-01 -1.3137242044E+00
 -1.9324382405E-01  4.3289070805E+00  1.0832020193E-02  3.6269368209E-01 -1.4413313053E+00
 -2.0916010350E-01  4.3481849379E+00  1.1022418526E-02  3.5880107543E-01 -1.5877877854E+00
 -2.2506799536E-01  4.3674697168E+00  1.1212870072E-02  3.5563749001E-01 -1.7508751998E+00
 -2.4096892902E-01  4.3867602329E+00  1.1403368650E-02  3.5314790392E-01 -1.9264585501E+00
 -2.5686413712E-01  4.4060554667E+00  1.1593919209E-02  3.5127846778E-01 -2.1080194666E+00
 -2.7275456243E-01  4.4253546388E+00  1.1784541641E-02  3.4998161737E-01 -2.2867888736E+00
 -2.8864072926E-01  4.4446573153E+00  1.1975273701E-02  3.4922360848E-01 -2.4531687808E+00
 -3.0452255970E-01  4.4639635584E+00  1.2166160044E-02  3.4899422758E-01 -2.6002551309E+00
 -3.2039941533E-01  4.4832738915E+00  1.2357174233E-02  3.4931730389E-01 -2.7300565011E+00
 -3.3627163233E-01  4.5025880391E+00  1.2548034630E-02  3.5025905883E-01 -2.8622371254E+00
 -3.5214263452E-01  4.5219031907E+00  1.2738322256E-02  3.5192963501E-01 -3.0438589183E+00
 -3.6801579332E-01  4.5412165760E+00  1.2927998856E-02  3.5447203258E-01 -3.3569398360E+00
 -3.8389173553E-01  4.5605276772E+00  1.3117285642E-02  3.5803301579E-01 -3.9192787432E+00
 -3.9976995889E-01  4.5798369049E+00  1.3306356066E-02  3.6271323332E-01 -4.8735982021E+00
 -4.1564995690E-01  4.5991446744E+00  1.3495301642E-02  3.6849915751E-01 -6.3611675073E+00
 -4.3153140001E-01  4.6184512560E+00  1.3684167863E-02  3.7518711340E-01 -8.4791934135E+00
 -4.4741409850E-01  4.6377568054E+00  1.3872977771E-02  3.8231830282E-01 -1.1227096662E+01
 -4.6329796058E-01  4.6570613980E+00  1.4061743073E-02  3.8915052761E-01 -1.4455530024E+01
 -4.7918297740E-01  4.6763650407E+00  1.4250468980E-02  3.9469288201E-01 -1.7841150658E+01
 -4.9506924642E-01  4.6956676533E+00  1.4439155669E-02  3.9781919507E-01 -2.0912790581E+01
 -5.1095709213E-01  4.7149689686E+00  1.4627796122E-02  3.9745266494E-01 -2.3142220976E+01
 -5.2684792230E-01  4.7342678276E+00  1.4816354017E-02  3.9278351253E-01 -2.4083689944E+01
 -5.2843781288E-01  4.7361970485E+00  1.4835188271E-02  3.9206164479E-01 -2.4095892190E+01
</Path of -GradDelSqRho>
<Path of -GradDelSqRho>
Starting CP# =      3
Ending CP# =     15
Number of Points =     18
 -8.1476125691E-02  4.1942551479E+00  9.5023263889E-03  4.1433087935E-01 -9.6242863526E-01
 -6.5448565440E-02  4.1750696990E+00  9.3130451071E-03  4.2563533567E-01 -9.7226887158E-01
 -4.9405695909E-02  4.1558970477E+00  9.1239679622E-03  4.3799923555E-01 -1.0020309554E+00
 -3.3348593171E-02  4.1367363131E+00  8.9350914606E-03  4.5143572379E-01 -1.0521233862E+00
 -1.7278747783E-02  4.1175862623E+00  8.7464051647E-03  4.6595163498E-01 -1.1229293680E+00
 -1.1980449794E-03  4.0984453259E+00  8.5578917101E-03  4.8154675106E-01 -1.2146709562E+00
  1.4891240734E-02  4.0793116018E+00  8.3695268007E-03  4.9821309384E-01 -1.3272438674E+00
  3.0986419889E-02  4.0601828338E+00  8.1812789540E-03  5.1593435765E-01 -1.4600278663E+00
  4.7084313098E-02  4.0410563488E+00  7.9931087472E-03  5.3468560686E-01 -1.6116798663E+00
  6.3181100251E-02  4.0219289328E+00  7.8049672355E-03  5.5443337942E-01 -1.7799191016E+00
  7.9272046841E-02  4.0027966037E+00  7.6167929995E-03  5.7513635019E-01 -1.9613152897E+00
  9.5351011853E-02  3.9836542058E+00  7.4285067664E-03  5.9674671467E-01 -2.1510905839E+00
  1.1140952078E-01  3.9644946478E+00  7.2400012505E-03  6.1921245313E-01 -2.3429424879E+00
  1.2743485101E-01  3.9453073377E+00  7.0511202372E-03  6.4248062261E-01 -2.5288843682E+00
  1.4340546913E-01  3.9260744818E+00  6.8616090358E-03  6.6650177360E-01 -2.6990765873E+00
  1.5927745823E-01  3.9067602110E+00  6.6709683733E-03  6.9123532195E-01 -2.8415744938E+00
  1.7492436776E-01  3.8872635728E+00  6.4778183765E-03  7.1665325046E-01 -2.9418378274E+00
  1.8608844056E-01  3.8629803699E+00  6.2198650228E-03  7.4345438074E-01 -2.9821636330E+00
</Path of -GradDelSqRho>
<Path of -GradDelSqRho>
Starting CP# =      7
Ending CP# =     17
Number of Points =     44
  6.8023108349E-01  3.3902275841E+00  1.5179050866E-01  2.2483996102E+01  1.2349181674E+03
  6.8237435431E-01  3.4010150509E+00  1.7424126991E-01  1.5579490960E+01  1.1532931678E+03
  6.8451235171E-01  3.4117762570E+00  1.9670513875E-01  1.0896997910E+01  9.8350261102E+02
  6.8664904459E-01  3.4225309665E+00  2.1917224269E-01  7.7310927307E+00  7.7523789696E+02
  6.8878258471E-01  3.4332699754E+00  2.4164715396E-01  5.5985938461E+00  5.7453657403E+02
  6.9090984112E-01  3.4439776916E+00  2.6413758360E-01  4.1630163609E+00  4.1028150916E+02
  6.9302740962E-01  3.4546371620E+00  2.8665182905E-01  3.1940497617E+00  2.8759234298E+02
  6.9513187849E-01  3.4652313953E+00  3.0919806728E-01  2.5370470090E+00  1.9929325509E+02
  6.9722010526E-01  3.4757447404E+00  3.3178363922E-01  2.0887915924E+00  1.3617608187E+02
  6.9928907347E-01  3.4861621727E+00  3.5441537211E-01  1.7800392848E+00  9.1047027128E+01
  7.0133514107E-01  3.4964655509E+00  3.7710132270E-01  1.5640065660E+00  5.9020605323E+01
  7.0335296742E-01  3.5066282725E+00  3.9985313275E-01  1.4090519666E+00  3.6726941190E+01
  7.0533428796E-01  3.5166091685E+00  4.2268844674E-01  1.2939411931E+00  2.1643547255E+01
  7.0726627783E-01  3.5263443502E+00  4.4563371114E-01  1.2046369414E+00  1.1773454663E+01
  7.0912887587E-01  3.5357338714E+00  4.6872809171E-01  1.1320356335E+00  5.5379917629E+00
  7.1088987258E-01  3.5446172423E+00  4.9202931340E-01  1.0703579612E+00  1.7370316364E+00
  7.1249494035E-01  3.5527237157E+00  5.1562206222E-01  1.0160351887E+00 -4.9478235463E-01
  7.1384428538E-01  3.5595558230E+00  5.3962719120E-01  9.6700836120E-01 -1.7489517264E+00
  7.1472587148E-01  3.5640561022E+00  5.6418411170E-01  9.2250286355E-01 -2.4114718175E+00
  7.1458440097E-01  3.5634528166E+00  5.8907372620E-01  8.8414172866E-01 -2.7293183741E+00
  7.1218633408E-01  3.5515749990E+00  6.1042575137E-01  8.6153028274E-01 -2.8777529148E+00
  7.0789176356E-01  3.5301954832E+00  6.2235709281E-01  8.6005007095E-01 -2.9848722687E+00
  7.0317077286E-01  3.5066681429E+00  6.2932176025E-01  8.6631474139E-01 -3.0885791767E+00
  6.9835876944E-01  3.4826794683E+00  6.3444536999E-01  8.7418848518E-01 -3.1916533194E+00
  6.9350850649E-01  3.4584959185E+00  6.3851459234E-01  8.8222845039E-01 -3.2937773217E+00
  6.8863354838E-01  3.4341858998E+00  6.4170790577E-01  8.9007903701E-01 -3.3944222128E+00
  6.8374080849E-01  3.4097840559E+00  6.4406444519E-01  8.9763026173E-01 -3.4930329312E+00
  6.7883597247E-01  3.3853187769E+00  6.4559273718E-01  9.0482812837E-01 -3.5890518337E+00
  6.7392447957E-01  3.3608171964E+00  6.4629494329E-01  9.1163277704E-01 -3.6819285164E+00
  6.6901170403E-01  3.3363061178E+00  6.4617199832E-01  9.1800991879E-01 -3.7711278193E+00
  6.6410299720E-01  3.3118122287E+00  6.4522465109E-01  9.2392941527E-01 -3.8561374549E+00
  6.5920370662E-01  3.2873621970E+00  6.4345369334E-01  9.2936525621E-01 -3.9364753714E+00
  6.5431919066E-01  3.2629827444E+00  6.4086004881E-01  9.3429574519E-01 -4.0116967310E+00
  6.4945483084E-01  3.2387007076E+00  6.3744484635E-01  9.3870366787E-01 -4.0814003518E+00
  6.4461604220E-01  3.2145430904E+00  6.3320949489E-01  9.4257640549E-01 -4.1452344686E+00
  6.3980828173E-01  3.1905371057E+00  6.2815576004E-01  9.4590599073E-01 -4.2029016931E+00
  6.3503705516E-01  3.1667102089E+00  6.2228584010E-01  9.4868910839E-01 -4.2541630708E+00
  6.3030792201E-01  3.1430901234E+00  6.1560244002E-01  9.5092704379E-01 -4.2988411651E+00
  6.2562649951E-01  3.1197048588E+00  6.0810884263E-01  9.5262558195E-01 -4.3368221198E+00
  6.2099846514E-01  3.0965827238E+00  5.9980897704E-01  9.5379486059E-01 -4.3680566835E+00
  6.1642955832E-01  3.0737523330E+00  5.9070748497E-01  9.5444917991E-01 -4.3925602037E+00
  6.1192558095E-01  3.0512426082E+00  5.8080978575E-01  9.5460677246E-01 -4.4104116229E+00
  6.0749239706E-01  3.0290827751E+00  5.7012214113E-01  9.5428953663E-01 -4.4217515368E+00
  6.0173942637E-01  3.0003195276E+00  5.5476179342E-01  9.5318185259E-01 -4.4270953991E+00
</Path of -GradDelSqRho>
<Path of -GradDelSqRho>
Starting CP# =      7
Ending CP# =      1
Number of Points =      7
  6.8023108349E-01  3.3902275841E+00  1.5179050866E-01  2.2483996102E+01  1.2349181674E+03
  6.7807583575E-01  3.3793804750E+00  1.2936965546E-01  3.2698663408E+01  9.8562871724E+02
  6.7591032791E-01  3.3684822738E+00  1.0697457446E-01  4.7915572167E+01 -7.7917256445E+02
  6.7374028459E-01  3.3575614875E+00  8.4590934897E-02  7.0515400126E+01 -6.3469889690E+03
  6.7156699483E-01  3.3466245350E+00  6.2215506256E-02  1.0404981763E+02 -2.0485615763E+04
  6.6938829186E-01  3.3356606269E+00  3.9853799377E-02  1.5435661171E+02 -7.4813681236E+04
  6.6558058964E-01  3.3164995496E+00  8.8405525435E-04  2.9734418184E+02 -3.3297747574E+06
</Path of -GradDelSqRho>
<Path of -GradDelSqRho>
Starting CP# =      8
Ending CP# =      1
Number of Points =      7
  6.8118965560E-01  3.3937685728E+00 -1.4813317293E-01  2.2485816182E+01  1.2351311361E+03
  6.7889192619E-01  3.3823950679E+00 -1.2598902363E-01  3.2701703163E+01  9.8570885424E+02
  6.7658406641E-01  3.3709708997E+00 -1.0387201590E-01  4.7920577799E+01 -7.7985831855E+02
  6.7427172951E-01  3.3595243406E+00 -8.1767053490E-02  7.0523412666E+01 -6.3491965408E+03
  6.7195618609E-01  3.3480617448E+00 -5.9670739726E-02  1.0406262472E+02 -2.0493797213E+04
  6.6963529795E-01  3.3365724186E+00 -3.7588873333E-02  1.5437655065E+02 -7.4841535144E+04
  6.6558058964E-01  3.3164995496E+00  8.8405525435E-04  2.9734418184E+02 -3.3297747574E+06
</Path of -GradDelSqRho>
<Path of -GradDelSqRho>
Starting CP# =      8
Ending CP# =     20
Number of Points =     44
  6.8118965560E-01  3.3937685728E+00 -1.4813317293E-01  2.2485816182E+01  1.2351311361E+03
  6.8347555311E-01  3.4050829057E+00 -1.7030884142E-01  1.5580571407E+01  1.1534773392E+03
  6.8575623528E-01  3.4163711569E+00 -1.9249834040E-01  1.0897627713E+01  9.8365375073E+02
  6.8803562617E-01  3.4276529509E+00 -2.1469125578E-01  7.7314516174E+00  7.7535855691E+02
  6.9031190157E-01  3.4389191650E+00 -2.3689240285E-01  5.5987970008E+00  5.7462603017E+02
  6.9258196816E-01  3.4501543301E+00 -2.5910991155E-01  4.1631361828E+00  4.1034291875E+02
  6.9484246175E-01  3.4613416232E+00 -2.8135253490E-01  3.1941295372E+00  2.8763184420E+02
  6.9709000960E-01  3.4724641794E+00 -3.0362890566E-01  2.5371109689E+00  1.9931701953E+02
  6.9932150363E-01  3.4835064583E+00 -3.2594678367E-01  2.0888520418E+00  1.3618894831E+02
  7.0153395845E-01  3.4944535344E+00 -3.4831339758E-01  1.7801013033E+00  9.1052467491E+01
  7.0372376781E-01  3.5052873791E+00 -3.7073728841E-01  1.5640709996E+00  5.9021105031E+01
  7.0588564213E-01  3.5159815492E+00 -3.9323080738E-01  1.4091173484E+00  3.6724321925E+01
  7.0801139316E-01  3.5264951120E+00 -4.1581269438E-01  1.2940050096E+00  2.1639147327E+01
  7.1008830777E-01  3.5367645194E+00 -4.3851108918E-01  1.2046964869E+00  1.1768224581E+01
  7.1209648373E-01  3.5466902971E+00 -4.6136779067E-01  1.1320886066E+00  5.5325641188E+00
  7.1400392952E-01  3.5561125691E+00 -4.8444471439E-01  1.0704029485E+00  1.7317891594E+00
  7.1575659330E-01  3.5647612675E+00 -5.0783352068E-01  1.0160722632E+00 -4.9964142327E-01
  7.1725493654E-01  3.5721391977E+00 -5.3166759670E-01  9.6704039231E-01 -1.7533604379E+00
  7.1828664367E-01  3.5771863334E+00 -5.5611190336E-01  9.2253984826E-01 -2.4154667382E+00
  7.1829223706E-01  3.5771118049E+00 -5.8100809007E-01  8.8421920723E-01 -2.7330720677E+00
  7.1601618629E-01  3.5656665063E+00 -6.0260893496E-01  8.6172107009E-01 -2.8816615207E+00
  7.1179491578E-01  3.5445531482E+00 -6.1503316312E-01  8.6030770883E-01 -2.9891499425E+00
  7.0711893133E-01  3.5211910039E+00 -6.2256165994E-01  8.6660616404E-01 -3.0932004588E+00
  7.0234072478E-01  3.4973262270E+00 -6.2826293474E-01  8.7450957772E-01 -3.1965717576E+00
  6.9751779926E-01  3.4732425470E+00 -6.3291519391E-01  8.8257728354E-01 -3.2989425244E+00
  6.9266481924E-01  3.4490124258E+00 -6.3669532179E-01  8.9045305241E-01 -3.3997803882E+00
  6.8778892936E-01  3.4246713763E+00 -6.3964172027E-01  8.9802643196E-01 -3.4985275289E+00
  6.8289585199E-01  3.4002479422E+00 -6.4176226582E-01  9.0524315022E-01 -3.5946243120E+00
  6.7799102202E-01  3.3757692597E+00 -6.4305846766E-01  9.1206316561E-01 -3.6875191660E+00
  6.7307980115E-01  3.3512621070E+00 -6.4353059983E-01  9.1845206716E-01 -3.7766766166E+00
  6.6816752683E-01  3.3267531431E+00 -6.4317874201E-01  9.2437964627E-01 -3.8615849233E+00
  6.6325953300E-01  3.3022690113E+00 -6.4200300849E-01  9.2981987173E-01 -3.9417634334E+00
  6.5836116532E-01  3.2778364146E+00 -6.4000363742E-01  9.3475107344E-01 -4.0167695311E+00
  6.5347779397E-01  3.2534821799E+00 -6.3718106428E-01  9.3915610809E-01 -4.0862050336E+00
  6.4861482446E-01  3.2292333115E+00 -6.3353599713E-01  9.4302246986E-01 -4.1497218909E+00
  6.4377770646E-01  3.2051170351E+00 -6.2906949336E-01  9.4634234322E-01 -4.2070270713E+00
  6.3897194091E-01  3.1811608333E+00 -6.2378303591E-01  9.4911260048E-01 -4.2578865346E+00
  6.3420308548E-01  3.1573924721E+00 -6.1767860729E-01  9.5133474684E-01 -4.3021282234E+00
  6.2947675874E-01  3.1338400217E+00 -6.1075876089E-01  9.5301481630E-01 -4.3396440300E+00
  6.2479864318E-01  3.1105318700E+00 -6.0302668945E-01  9.5416322103E-01 -4.3703907231E+00
  6.2017448733E-01  3.0874967310E+00 -5.9448629157E-01  9.5479455758E-01 -4.3943898444E+00
  6.1561010717E-01  3.0647636478E+00 -5.8514223693E-01  9.5492737291E-01 -4.4117266133E+00
  6.1111138746E-01  3.0423619898E+00 -5.7500003160E-01  9.5458389387E-01 -4.4225478955E+00
  6.0563704813E-01  3.0151083924E+00 -5.6133530977E-01  9.5353618562E-01 -4.4272310171E+00
</Path of -GradDelSqRho>
<Path of -GradDelSqRho>
Starting CP# =     13
Ending CP# =     21
Number of Points =     20
  1.1730282270E+00  3.5103022340E+00  4.3081540025E-01  7.7275171162E-01 -2.4318093087E+00
  1.1860437141E+00  3.5199753619E+00  4.1409999337E-01  7.6902070801E-01 -2.4352881203E+00
  1.1994449176E+00  3.5300506972E+00  3.9555744749E-01  7.6540552135E-01 -2.4464982511E+00
  1.2122383440E+00  3.5397962728E+00  3.7641893214E-01  7.6217784361E-01 -2.4649362849E+00
  1.2244062413E+00  3.5492006065E+00  3.5671026645E-01  7.5931739604E-01 -2.4899520148E+00
  1.2359310467E+00  3.5582516109E+00  3.3645715287E-01  7.5680053422E-01 -2.5207740539E+00
  1.2467950826E+00  3.5669363667E+00  3.1568511432E-01  7.5460090878E-01 -2.5565198044E+00
  1.2569802471E+00  3.5752408439E+00  2.9441948488E-01  7.5269020650E-01 -2.5962088433E+00
  1.2664677021E+00  3.5831495655E+00  2.7268545912E-01  7.5103898190E-01 -2.6387796103E+00
  1.2752375737E+00  3.5906452009E+00  2.5050820708E-01  7.4961758720E-01 -2.6831091542E+00
  1.2832686842E+00  3.5977080670E+00  2.2791306471E-01  7.4839720173E-01 -2.7280355921E+00
  1.2905383587E+00  3.6043155103E+00  2.0492581425E-01  7.4735095008E-01 -2.7723828507E+00
  1.2970223803E+00  3.6104411263E+00  1.8157307239E-01  7.4645507604E-01 -2.8149871995E+00
