 AIMExt (Version 19.02.13, Professional)
 Portions Copyright (c) 1997-2019 by Todd A. Keith
 AIMExt is a component of the AIMAll package ( http://aim.tkgristmill.com )

 TP:  64-bit Linux

 Licensed To:  Research Group of Fernando Cortes Guzman, UNAM, fercor@unam.mx

 AIMExt is a heavily modified and extended version of the EXTREME program
 developed by members of R.F.W. Bader's research group

 Much of the Quantum Theory of Atoms in Molecules (QTAIM) is described in the book:
   "Atoms in Molecules - A Quantum Theory"
   R.F.W. Bader, Oxford University Press, Oxford, 1990

 For additional references see:  http://aim.tkgristmill.com/references.html

 Wfx File:  /home/scratch/M_H2O_4_tetraedrico/Opt/Sc2_tetraedrico_cc-pvtz-def2-tzv_2.wfx
 ExtOut File:  /home/scratch/M_H2O_4_tetraedrico/Opt/Sc2_tetraedrico_cc-pvtz-def2-tzv_2.extout
 Mgp File:  /home/scratch/M_H2O_4_tetraedrico/Opt/Sc2_tetraedrico_cc-pvtz-def2-tzv_2.mgp

 MgpViz File:  /home/scratch/M_H2O_4_tetraedrico/Opt/Sc2_tetraedrico_cc-pvtz-def2-tzv_2.mgpviz

 Wfx Title:   Sc2_tetraedrico_cc-pvtz-def2-tzv_2                                            
 Job Title:  Auto                                                                           
 
Nuclear Charges and Cartesian Coordinates:
-------------------------------------------------------------------------------
Atom      Charge                X                  Y                  Z
-------------------------------------------------------------------------------
Sc1       21.0          -4.3439083500E-06  -4.7607667689E-06   3.1517171717E-08
O2         8.0          -2.2788861588E+00   2.3033578427E+00   2.2912042450E+00
H3         1.0          -3.9304171050E+00   1.8848604612E+00   3.0202629193E+00
O4         8.0           2.3024435460E+00   2.2789156834E+00  -2.2920850223E+00
H5         1.0           3.9499312544E+00   1.8430920094E+00  -3.0201457826E+00
O6         8.0           2.2798280594E+00  -2.3024910818E+00   2.2911393319E+00
H7         1.0           1.8446863204E+00  -3.9500624165E+00   3.0194189570E+00
O8         8.0          -2.3034039102E+00  -2.2798005720E+00  -2.2902575765E+00
H9         1.0          -3.9512177320E+00  -1.8442806255E+00  -3.0177597347E+00
H10        1.0           1.8836667335E+00   3.9304631610E+00  -3.0209487744E+00
H11        1.0           3.9316174191E+00  -1.8833501381E+00   3.0192420983E+00
H12        1.0          -1.8430855053E+00   3.9511674255E+00   3.0185497562E+00
H13        1.0          -1.8849424553E+00  -3.9316448792E+00  -3.0186279255E+00

Total number of electron density critical points found =     25

Electron Density Critical Point Analysis of Molecular Structure:
---------------------------------------------------------------
  NACP = Nuclear Attractor Critical Point
  NNACP = Non-Nuclear Attractor Critical Point
  BCP = Bond Critical Point
  RCP = Ring Critical Point
  CCP = Cage Critical Point
  Rho = Electron Density
  GradRho = Gradient of Electron Density
  HessRho_EigVals = Eigenvalues of the Hessian of Rho, Ascending Order
  HessRho_EigVecs = Eigenvectors of the Hessian of Rho
  DelSqRho = Laplacian of Rho = Trace of Hessian of Rho
  Bond Ellipticity = (HessRho_EigVal(1) / HessRho_EigVal(2)) - 1
  V = Virial Field = Potential Energy Density = Trace of Stress Tensor
  G = Lagrangian Form of Kinetic Energy Density
  K = Hamiltonian Form of Kinetic Energy Density
  L = K - G = Lagrangian Density = (-1/4)DelSqRho
  Vnuc = Electrostatic Potential from Nuclei
  Ven = Electron-nuclear attractive contribution to Virial Field V
  Vrep = V - Ven = Repulsive contribution to Virial Field V
  DelSqV = Laplacian of V
  DelSqVen = Laplacian of Ven
  DelSqVrep = Laplacian of Vrep
  DelSqG = Laplacian of G
  DelSqK = Laplacian of K
  Stress_EigVals = Eigenvalues of Stress Tensor, Ascending Order
  Stress_EigVecs = Eigenvectors of Stress Tensor
  -DivStress = Ehrenfest Force Density = Minus Divergence of Stress Tensor
  ESP = Total Electrostatic Potential
  ESPe = Electrostatic Potential from Electrons
  ESPn = Electrostatic Potential from Nuclei
  BP = Bond Path
  BPL = Bond Path Length
  GBL = Geometric Bond Length
  GBL_I = Distance Between Nuclear Attractors
  GBL_II = Distance Between Nuclei
  GBL_III = Sum of Distances Between BCP and Nuclear Attractors
  GBL_IV = Sum of Distances Between BCP and Nuclei

CP# 1      Coords = -4.34390777735744E-06 -4.76076622775715E-06  3.15171675939514E-08
           Type = (3,-3) NACP Sc1
           Rho =  6.1348214060E+03     Rho at Nucleus =  6.1348214060E+03
           GradRho = -5.1826164887E-14  3.3496946536E-13  8.2732757277E-16
           HessRho_EigVals = -8.1233081917E+08 -8.1233081915E+08 -8.1233074892E+08
           HessRho_EigVec1 =  9.9999089615E-01 -4.2646648146E-03 -1.4233901105E-04
           HessRho_EigVec2 =  4.2646472393E-03  9.9999089872E-01 -1.2355056611E-04
           HessRho_EigVec3 =  1.4286461733E-04  1.2294241565E-04  9.9999998224E-01
           DelSqRho = -2.4369923872E+09
           Bond Ellipticity = NA
           V = -6.0936975199E+08
           G =  6.0827592439E+04
           K =  6.0930892440E+08
           L =  6.0924809681E+08
           Vnuc =  2.1000000096E+09
           Ven = -1.2883125011E+13
           Vrep =  1.2882515642E+13
           DelSqV =  1.1605458355E+16
           DelSqVen =  3.8649374618E+29
           DelSqVrep = -3.8649374618E+29
           DelSqG =  8.0687521708E+13
           DelSqK = -1.1686145876E+16
           Stress_EigVals = -2.0312325815E+08 -2.0312324692E+08 -2.0312324692E+08
           Stress_EigVec1 =  1.1581898865E-04  9.4009123031E-05  9.9999998887E-01
           Stress_EigVec2 =  1.9311616253E-03  9.9999813087E-01 -9.4232613550E-05
           Stress_EigVec3 =  9.9999812860E-01 -1.9311725177E-03 -1.1563722536E-04
           -DivStress = -2.2066899321E+03 -2.0854113088E+03  1.5890263251E+01
           ESP =  -8.5492429084E+01     ESP at Nucleus =  -8.5492429084E+01
           ESPe = -9.5064666785E+01     ESPe at Nucleus = -9.5064666785E+01
           ESPn =  9.5722377011E+00     ESPn at Nucleus =  9.5722377011E+00

CP# 2      Coords = -2.27888883197171E+00  2.30336054630371E+00  2.29120776213831E+00
           Type = (3,-3) NACP O2
           Rho =  2.9735817349E+02     Rho at Nucleus =  2.9735815861E+02
           GradRho =  2.2445956205E-10  1.0957490471E-10 -2.8977931166E-11
           HessRho_EigVals = -1.1100485225E+06 -1.1100353909E+06 -1.1100141637E+06
           HessRho_EigVec1 = -7.1067755243E-01 -7.0351764273E-01  5.8552731136E-04
           HessRho_EigVec2 = -5.4727439140E-01  5.5336677025E-01  6.2791397349E-01
           HessRho_EigVec3 =  4.4207256982E-01 -4.4592392171E-01  7.7828253164E-01
           DelSqRho = -3.3300980770E+06
           Bond Ellipticity = NA
           V = -8.3266041063E+05
           G =  6.7945685037E+01
           K =  8.3259246495E+05
           L =  8.3252451926E+05
           Vnuc =  1.5446015678E+06
           Ven = -4.5929990098E+08
           Vrep =  4.5846724057E+08
           DelSqV =  9.3106225964E+10
           DelSqVen =  5.1436747182E+12
           DelSqVrep = -5.0505684922E+12
           DelSqG =  3.1083395208E+09
           DelSqK = -9.6214565485E+10
           Stress_EigVals = -2.7755798556E+05 -2.7755259625E+05 -2.7754982882E+05
           Stress_EigVec1 =  4.4497650477E-01 -4.4886030871E-01  7.7493247026E-01
           Stress_EigVec2 = -5.4492208825E-01  5.5098147655E-01  6.3204377240E-01
           Stress_EigVec3 = -7.1067279949E-01 -7.0352244866E-01  5.7991487512E-04
           -DivStress =  8.1467523538E+04 -8.2392524419E+04 -1.0717599432E+05
           ESP =  -2.1947360671E+01     ESP at Nucleus =  -2.1947360825E+01
           ESPe = -3.2819630551E+01     ESPe at Nucleus = -3.2819638515E+01
           ESPn =  1.0872269881E+01     ESPn at Nucleus =  1.0872277690E+01

CP# 3      Coords = -3.88459544469489E+00  1.89657641379081E+00  3.00025609724506E+00
           Type = (3,-3) NACP H3
           Rho =  4.0108842712E-01     Rho at Nucleus =  3.9188902440E-01
           GradRho =  3.9386636314E-13  1.0013170848E-13 -1.7133213251E-13
           HessRho_EigVals = -7.9119562494E+00 -7.8992106962E+00 -6.2605210725E+00
           HessRho_EigVec1 =  2.5872347477E-02  8.3778920901E-01  5.4538047537E-01
           HessRho_EigVec2 =  4.5151596644E-01 -4.9653746368E-01  7.4133924705E-01
           HessRho_EigVec3 =  8.9188785937E-01  2.2706780582E-01 -3.9112179418E-01
           DelSqRho = -2.2071688018E+01
           Bond Ellipticity = NA
           V = -5.5727791943E+00
           G =  2.7428594885E-02
           K =  5.5453505994E+00
           L =  5.5179220045E+00
           Vnuc =  3.2166109759E+01
           Ven = -1.2901454370E+01
           Vrep =  7.3286751756E+00
           DelSqV =  1.3419810617E+03
           DelSqVen =  7.0996033937E+02
           DelSqVrep =  6.3202072229E+02
           DelSqG =  1.0330177127E+02
           DelSqK = -1.4452828329E+03
           Stress_EigVals = -2.0018020942E+00 -1.9958817880E+00 -1.5750953121E+00
           Stress_EigVec1 =  4.5142058303E-01 -4.1754109944E-01  7.8859297961E-01
           Stress_EigVec2 =  1.9708038917E-02 -8.7888341311E-01 -4.7662935218E-01
           Stress_EigVec3 =  8.9209363322E-01  2.3070192118E-01 -3.8851714652E-01
           -DivStress = -2.1033834010E+01 -5.3817308858E+00  9.1792627667E+00
           ESP =  -6.2975906904E-01     ESP at Nucleus =  -6.3241728249E-01
           ESPe = -1.3322922104E+01     ESPe at Nucleus = -1.3150804592E+01
           ESPn =  1.2693163035E+01     ESPn at Nucleus =  1.2518387309E+01

CP# 4      Coords =  2.30244624812862E+00  2.27891835654165E+00 -2.29208854067818E+00
           Type = (3,-3) NACP O4
           Rho =  2.9735817375E+02     Rho at Nucleus =  2.9735815886E+02
           GradRho = -1.9359513992E-10  7.4492190194E-11  1.6457990526E-10
           HessRho_EigVals = -1.1100485223E+06 -1.1100353907E+06 -1.1100141635E+06
           HessRho_EigVec1 = -7.0350170533E-01  7.1069351677E-01 -2.7536232758E-04
           HessRho_EigVec2 =  5.5310996037E-01  5.4726942604E-01 -6.2814452721E-01
           HessRho_EigVec3 =  4.4626754570E-01  4.4205305173E-01  7.7809663738E-01
           DelSqRho = -3.3300980766E+06
           Bond Ellipticity = NA
           V = -8.3266041050E+05
           G =  6.7945674338E+01
           K =  8.3259246482E+05
           L =  8.3252451915E+05
           Vnuc =  1.5445975011E+06
           Ven = -4.5929869210E+08
           Vrep =  4.5846603169E+08
           DelSqV =  9.3106225944E+10
           DelSqVen =  5.1436611922E+12
           DelSqVrep = -5.0505549662E+12
           DelSqG =  3.1083395172E+09
           DelSqK = -9.6214565461E+10
           Stress_EigVals = -2.7755798552E+05 -2.7755259620E+05 -2.7754982878E+05
           Stress_EigVec1 =  4.4920308330E-01  4.4495762063E-01  7.7474467136E-01
           Stress_EigVec2 =  5.5072276243E-01  5.4491634013E-01 -6.3227416616E-01
           Stress_EigVec3 = -7.0350623941E-01  7.1068903052E-01 -2.7018986812E-04
           -DivStress = -8.2347480650E+04 -8.1466515825E+04  1.0721198430E+05
           ESP =  -2.1947358969E+01     ESP at Nucleus =  -2.1947359123E+01
           ESPe = -3.2819632999E+01     ESPe at Nucleus = -3.2819640963E+01
           ESPn =  1.0872274030E+01     ESPn at Nucleus =  1.0872281840E+01

CP# 5      Coords =  3.90422342812773E+00  1.85528819409964E+00 -3.00016709739607E+00
           Type = (3,-3) NACP H5
           Rho =  4.0109042757E-01     Rho at Nucleus =  3.9189114821E-01
           GradRho = -3.4421424044E-13  9.1164922833E-14  1.5150272530E-13
           HessRho_EigVals = -7.9120132717E+00 -7.8992679036E+00 -6.2605995533E+00
           HessRho_EigVec1 = -1.7162717321E-02  8.3756036483E-01 -5.4607515636E-01
           HessRho_EigVec2 =  4.5623746411E-01  4.9254240384E-01  7.4111359235E-01
           HessRho_EigVec3 =  8.8969254098E-01 -2.3642042147E-01 -3.9057978294E-01
           DelSqRho = -2.2071880729E+01
           Bond Ellipticity = NA
           V = -5.5728275166E+00
           G =  2.7428667214E-02
           K =  5.5453988494E+00
           L =  5.5179701821E+00
           Vnuc =  3.2166635342E+01
           Ven = -1.2901729523E+01
           Vrep =  7.3289020060E+00
           DelSqV =  1.3419958663E+03
           DelSqVen =  7.0997813870E+02
           DelSqVrep =  6.3201772764E+02
           DelSqG =  1.0330301053E+02
           DelSqK = -1.4452988769E+03
           Stress_EigVals = -2.0018165907E+00 -1.9958962141E+00 -1.5751147118E+00
           Stress_EigVec1 =  4.5532187635E-01  4.1357632428E-01  7.8843935272E-01
           Stress_EigVec2 =  2.8812779256E-02  8.7825300385E-01 -4.7732744001E-01
           Stress_EigVec3 =  8.8986055799E-01 -2.4005475465E-01 -3.8797152229E-01
           -DivStress =  2.0981725569E+01 -5.6022219099E+00 -9.1664240260E+00
           ESP =  -6.2975748889E-01     ESP at Nucleus =  -6.3241555492E-01
           ESPe = -1.3323221408E+01     ESPe at Nucleus = -1.3151109355E+01
           ESPn =  1.2693463919E+01     ESPn at Nucleus =  1.2518693800E+01

CP# 6      Coords =  2.27983073499809E+00 -2.30249378306300E+00  2.29114284901892E+00
           Type = (3,-3) NACP O6
           Rho =  2.9735817380E+02     Rho at Nucleus =  2.9735815891E+02
           GradRho = -7.7422956934E-11  2.1107782189E-10  1.0959227970E-10
           HessRho_EigVals = -1.1100485235E+06 -1.1100353919E+06 -1.1100141647E+06
           HessRho_EigVec1 = -7.1054319068E-01 -7.0365358753E-01  5.4156093789E-05
           HessRho_EigVec2 = -5.4767161157E-01  5.5298564014E-01 -6.2790340634E-01
           HessRho_EigVec3 = -4.4179653695E-01  4.4618214953E-01  7.7829127541E-01
           DelSqRho = -3.3300980800E+06
           Bond Ellipticity = NA
           V = -8.3266041138E+05
           G =  6.7945684987E+01
           K =  8.3259246570E+05
           L =  8.3252452001E+05
           Vnuc =  1.5446008881E+06
           Ven = -4.5929969933E+08
           Vrep =  4.5846703892E+08
           DelSqV =  9.3106226047E+10
           DelSqVen =  5.1436724654E+12
           DelSqVrep = -5.0505662394E+12
           DelSqG =  3.1083395232E+09
           DelSqK = -9.6214565570E+10
           Stress_EigVals = -2.7755798581E+05 -2.7755259650E+05 -2.7754982907E+05
           Stress_EigVec1 = -4.4470289929E-01  4.4911656307E-01  7.7494105849E-01
           Stress_EigVec2 = -5.4530687289E-01  5.5061244152E-01 -6.3203350672E-01
           Stress_EigVec3 = -7.1054890454E-01 -7.0364781817E-01  4.7399443067E-05
           -DivStress = -8.1539665040E+04  8.2322627807E+04 -1.0717494648E+05
           ESP =  -2.1947360697E+01     ESP at Nucleus =  -2.1947360852E+01
           ESPe = -3.2819630161E+01     ESPe at Nucleus = -3.2819638125E+01
           ESPn =  1.0872269464E+01     ESPn at Nucleus =  1.0872277273E+01

CP# 7      Coords =  1.85686403428182E+00 -3.90435168151645E+00  2.99943400689543E+00
           Type = (3,-3) NACP H7
           Rho =  4.0108671317E-01     Rho at Nucleus =  3.9188732795E-01
           GradRho =  9.1284618753E-14  3.4634534823E-13 -1.5173843085E-13
           HessRho_EigVals = -7.9119264944E+00 -7.8991797085E+00 -6.2604954400E+00
           HessRho_EigVec1 =  8.3783143795E-01  1.7320678053E-02  5.4565417225E-01
           HessRho_EigVec2 = -4.9225632374E-01  4.5614308136E-01  7.4136172080E-01
           HessRho_EigVec3 =  2.3605548780E-01  8.8973787344E-01 -3.9069722707E-01
           DelSqRho = -2.2071601643E+01
           Bond Ellipticity = NA
           V = -5.5727570785E+00
           G =  2.7428333897E-02
           K =  5.5453287446E+00
           L =  5.5179004107E+00
           Vnuc =  3.2166099695E+01
           Ven = -1.2901395202E+01
           Vrep =  7.3286381237E+00
           DelSqV =  1.3419756484E+03
           DelSqVen =  7.0995733887E+02
           DelSqVrep =  6.3201830952E+02
           DelSqG =  1.0330140154E+02
           DelSqK = -1.4452770499E+03
           Stress_EigVals = -2.0017941988E+00 -1.9958742399E+00 -1.5750886398E+00
           Stress_EigVec1 =  4.1333575451E-01 -4.5524432015E-01 -7.8861027321E-01
           Stress_EigVec2 =  8.7846576938E-01 -2.8610422304E-02  4.7694793820E-01
           Stress_EigVec3 =  2.3969031282E-01  8.8990676630E-01 -3.8809084147E-01
           -DivStress = -5.5936719164E+00 -2.0982794480E+01  9.1691854916E+00
           ESP =  -6.2975841820E-01     ESP at Nucleus =  -6.3241651651E-01
           ESPe = -1.3322930653E+01     ESPe at Nucleus = -1.3150813679E+01
           ESPn =  1.2693172235E+01     ESPn at Nucleus =  1.2518397163E+01

CP# 8      Coords = -2.30340661385279E+00 -2.27980324666729E+00 -2.29026109244900E+00
           Type = (3,-3) NACP O8
           Rho =  2.9735817502E+02     Rho at Nucleus =  2.9735816013E+02
           GradRho =  1.7445134226E-10 -1.3272694055E-10 -7.2417183361E-11
           HessRho_EigVals = -1.1100485285E+06 -1.1100353969E+06 -1.1100141697E+06
           HessRho_EigVec1 = -7.0350466475E-01  7.1069057827E-01  2.9770658155E-04
           HessRho_EigVec2 =  5.5338610649E-01  5.4752779332E-01  6.2767597746E-01
           HessRho_EigVec3 = -4.4592040076E-01 -4.4173772478E-01  7.7847464871E-01
           DelSqRho = -3.3300980952E+06
           Bond Ellipticity = NA
           V = -8.3266041517E+05
           G =  6.7945689068E+01
           K =  8.3259246948E+05
           L =  8.3252452379E+05
           Vnuc =  1.5446025608E+06
           Ven = -4.5930019861E+08
           Vrep =  4.5846753820E+08
           DelSqV =  9.3106226470E+10
           DelSqVen =  5.1436780503E+12
           DelSqVrep = -5.0505718238E+12
           DelSqG =  3.1083395387E+09
           DelSqK = -9.6214566009E+10
           Stress_EigVals = -2.7755798708E+05 -2.7755259776E+05 -2.7754983033E+05
           Stress_EigVec1 = -4.4885653555E-01 -4.4464281470E-01  7.7512616897E-01
           Stress_EigVec2 =  5.5100166009E-01  5.4517688331E-01  6.3180640744E-01
           Stress_EigVec3 = -7.0350904832E-01  7.1068624107E-01  2.9272194861E-04
           -DivStress =  8.2395574510E+04  8.1511668474E+04  1.0713993078E+05
           ESP =  -2.1947362376E+01     ESP at Nucleus =  -2.1947362531E+01
           ESPe = -3.2819627324E+01     ESPe at Nucleus = -3.2819635288E+01
           ESPn =  1.0872264948E+01     ESPn at Nucleus =  1.0872272757E+01

CP# 9      Coords = -3.90550092212249E+00 -1.85646850764480E+00 -2.99779648628030E+00
           Type = (3,-3) NACP H9
           Rho =  4.0109088139E-01     Rho at Nucleus =  3.9189158645E-01
           GradRho =  3.4864819365E-13 -9.2644641958E-14  1.5191602316E-13
           HessRho_EigVals = -7.9120212379E+00 -7.8992754265E+00 -6.2606039841E+00
           HessRho_EigVec1 = -1.6916355446E-02  8.3778893822E-01  5.4573210636E-01
           HessRho_EigVec2 = -4.5590470313E-01 -4.9223153314E-01  7.4152479354E-01
           HessRho_EigVec3 =  8.8986782085E-01 -2.3625793696E-01  3.9027868074E-01
           DelSqRho = -2.2071900649E+01
           Bond Ellipticity = NA
           V = -5.5728326052E+00
           G =  2.7428721513E-02
           K =  5.5454038837E+00
           L =  5.5179751621E+00
           Vnuc =  3.2166616686E+01
           Ven = -1.2901736638E+01
           Vrep =  7.3289040326E+00
           DelSqV =  1.3419969438E+03
           DelSqVen =  7.0997836769E+02
           DelSqVrep =  6.3201857609E+02
           DelSqG =  1.0330308349E+02
           DelSqK = -1.4453000273E+03
           Stress_EigVals = -2.0018185342E+00 -1.9958982316E+00 -1.5751158393E+00
           Stress_EigVec1 = -4.5496831055E-01 -4.1326175892E-01  7.8880831322E-01
           Stress_EigVec2 =  2.9019953782E-02  8.7844514536E-01  4.7696118173E-01
           Stress_EigVec3 =  8.9003465027E-01 -2.3989340384E-01  3.8767186655E-01
           -DivStress = -2.0985865900E+01  5.5984178981E+00 -9.1593479112E+00
           ESP =  -6.2976085430E-01     ESP at Nucleus =  -6.3241893208E-01
           ESPe = -1.3323214588E+01     ESPe at Nucleus = -1.3151102385E+01
           ESPn =  1.2693453734E+01     ESPn at Nucleus =  1.2518683453E+01

CP# 10     Coords =  1.89539035551001E+00  3.88464111054973E+00 -3.00094745915294E+00
           Type = (3,-3) NACP H10
           Rho =  4.0108773370E-01     Rho at Nucleus =  3.9188836396E-01
           GradRho =  1.0005017648E-13 -3.9288017284E-13  1.7399059624E-13
           HessRho_EigVals = -7.9119407880E+00 -7.8991960501E+00 -6.2605113821E+00
           HessRho_EigVec1 =  8.3756352951E-01 -2.5875766467E-02 -5.4572683528E-01
           HessRho_EigVec2 =  4.9684954827E-01  4.5149919042E-01  7.4114034261E-01
           HessRho_EigVec3 = -2.2721764990E-01  8.9189625280E-01 -3.9101561838E-01
           DelSqRho = -2.2071648220E+01
           Bond Ellipticity = NA
           V = -5.5727691177E+00
           G =  2.7428531322E-02
           K =  5.5453405864E+00
           L =  5.5179120550E+00
           Vnuc =  3.2166120327E+01
           Ven = -1.2901436304E+01
           Vrep =  7.3286671860E+00
           DelSqV =  1.3419788541E+03
           DelSqVen =  7.0995929246E+02
           DelSqVrep =  6.3201956162E+02
           DelSqG =  1.0330157300E+02
           DelSqK = -1.4452804271E+03
           Stress_EigVals = -2.0017983261E+00 -1.9958778932E+00 -1.5750928983E+00
           Stress_EigVec1 =  4.1789717648E-01  4.5140452105E-01  7.8841353887E-01
           Stress_EigVec2 = -8.7867513168E-01 -1.9690520187E-02  4.7701393731E-01
           Stress_EigVec3 = -2.3085052061E-01  8.9210214762E-01 -3.8840931418E-01
           -DivStress = -5.3852386882E+00  2.1033975684E+01 -9.1767166923E+00
           ESP =  -6.2975719195E-01     ESP at Nucleus =  -6.3241538248E-01
           ESPe = -1.3322913099E+01     ESPe at Nucleus = -1.3150795829E+01
           ESPn =  1.2693155907E+01     ESPn at Nucleus =  1.2518380447E+01

CP# 11     Coords =  3.88578928801534E+00 -1.89508356441989E+00  2.99926201904720E+00
           Type = (3,-3) NACP H11
           Rho =  4.0109202531E-01     Rho at Nucleus =  3.9189273714E-01
           GradRho = -3.9688651671E-13 -1.0125407457E-13 -1.7386699719E-13
           HessRho_EigVals = -7.9120375056E+00 -7.8992936998E+00 -6.2606205102E+00
           HessRho_EigVec1 =  2.5468784226E-02  8.3753958744E-01 -5.4578272279E-01
           HessRho_EigVec2 = -4.5126592574E-01  4.9680064495E-01  7.4131517146E-01
           HessRho_EigVec3 =  8.9202601156E-01  2.2741274951E-01  3.9060598570E-01
           DelSqRho = -2.2071951716E+01
           Bond Ellipticity = NA
           V = -5.5728458016E+00
           G =  2.7428936337E-02
           K =  5.5454168652E+00
           L =  5.5179879289E+00
           Vnuc =  3.2166635715E+01
           Ven = -1.2901781066E+01
           Vrep =  7.3289352646E+00
           DelSqV =  1.3420003174E+03
           DelSqVen =  7.0998043034E+02
           DelSqVrep =  6.3201988704E+02
           DelSqG =  1.0330326717E+02
           DelSqK = -1.4453035846E+03
           Stress_EigVals = -2.0018231730E+00 -1.9959023916E+00 -1.5751202371E+00
           Stress_EigVec1 =  4.5113384416E-01 -4.1779554287E-01 -7.8862230441E-01
           Stress_EigVec2 = -2.0103945466E-02  8.7867198105E-01 -4.7700249591E-01
           Stress_EigVec3 =  8.9222983924E-01  2.3104638945E-01  3.8799932976E-01
           -DivStress =  2.1037054625E+01  5.3898160330E+00  9.1670948291E+00
           ESP =  -6.2975962442E-01     ESP at Nucleus =  -6.3241780310E-01
           ESPe = -1.3323202851E+01     ESPe at Nucleus = -1.3151090305E+01
           ESPn =  1.2693443226E+01     ESPn at Nucleus =  1.2518672502E+01

CP# 12     Coords = -1.85528111501234E+00  3.90545077300249E+00  2.99859093281209E+00
           Type = (3,-3) NACP H12
           Rho =  4.0109038848E-01     Rho at Nucleus =  3.9189111553E-01
           GradRho = -9.2065244317E-14 -3.4727342529E-13 -1.5209838597E-13
           HessRho_EigVals = -7.9120092818E+00 -7.8992642526E+00 -6.2605959699E+00
           HessRho_EigVec1 =  8.3756947162E-01  1.6927888522E-02 -5.4606851841E-01
           HessRho_EigVec2 =  4.9253251711E-01 -4.5590940303E-01  7.4132201897E-01
           HessRho_EigVec3 =  2.3640875575E-01  8.8986519362E-01  3.9019333335E-01
           DelSqRho = -2.2071869504E+01
           Bond Ellipticity = NA
           V = -5.5728247512E+00
           G =  2.7428687565E-02
           K =  5.5453960637E+00
           L =  5.5179673761E+00
           Vnuc =  3.2166625037E+01
           Ven = -1.2901724132E+01
           Vrep =  7.3288993808E+00
           DelSqV =  1.3419951514E+03
           DelSqVen =  7.0997755021E+02
           DelSqVrep =  6.3201760117E+02
           DelSqG =  1.0330291695E+02
           DelSqK = -1.4452980683E+03
           Stress_EigVals = -2.0018156746E+00 -1.9958952358E+00 -1.5751138408E+00
           Stress_EigVec1 =  4.1361045804E-01 -4.5497480927E-01  7.8862178003E-01
           Stress_EigVec2 = -8.7824012786E-01  2.8994006663E-02  4.7734015690E-01
           Stress_EigVec3 =  2.4004305198E-01  8.9003217386E-01  3.8758491029E-01
           -DivStress =  5.6019544471E+00  2.0985764462E+01  9.1573021133E+00
           ESP =  -6.2975903408E-01     ESP at Nucleus =  -6.3241710214E-01
           ESPe = -1.3323211458E+01     ESPe at Nucleus = -1.3151099421E+01
           ESPn =  1.2693452424E+01     ESPn at Nucleus =  1.2518682319E+01

CP# 13     Coords = -1.89665744926324E+00 -3.88581467689207E+00 -2.99864024221502E+00
           Type = (3,-3) NACP H13
           Rho =  4.0108820747E-01     Rho at Nucleus =  3.9188882900E-01
           GradRho = -1.0209194601E-13  3.9582573330E-13  1.7497114868E-13
           HessRho_EigVals = -7.9119496604E+00 -7.8992045456E+00 -6.2605178598E+00
           HessRho_EigVec1 =  8.3781103126E-01 -2.5642297427E-02  5.4535781693E-01
           HessRho_EigVec2 = -4.9650927902E-01 -4.5119737939E-01  7.4155206202E-01
           HessRho_EigVec3 = -2.2704891930E-01  8.9205571430E-01  3.9074978033E-01
           DelSqRho = -2.2071672066E+01
           Bond Ellipticity = NA
           V = -5.5727751759E+00
           G =  2.7428579709E-02
           K =  5.5453465962E+00
           L =  5.5179180165E+00
           Vnuc =  3.2166117432E+01
           Ven = -1.2901450382E+01
           Vrep =  7.3286752064E+00
           DelSqV =  1.3419802959E+03
           DelSqVen =  7.0995999560E+02
           DelSqVrep =  6.3202030035E+02
           DelSqG =  1.0330167539E+02
           DelSqK = -1.4452819713E+03
           Stress_EigVals = -2.0018005064E+00 -1.9958801333E+00 -1.5750945361E+00
           Stress_EigVec1 =  4.1755012865E-01  4.5108278474E-01 -7.8878147251E-01
           Stress_EigVec2 =  8.7888408097E-01  1.9888493901E-02  4.7662062484E-01
           Stress_EigVec3 = -2.3068303422E-01  8.9226048277E-01  3.8814503552E-01
           -DivStress =  5.3812863241E+00 -2.1037738243E+01 -9.1704709377E+00
           ESP =  -6.2976056513E-01     ESP at Nucleus =  -6.3241876173E-01
           ESPe = -1.3322912758E+01     ESPe at Nucleus = -1.3150795504E+01
           ESPn =  1.2693152193E+01     ESPn at Nucleus =  1.2518376742E+01

CP# 14     Coords = -1.12888627906146E+00  1.14106842947439E+00  1.16295337803908E+00
           Type = (3,-1) BCP O2 Sc1
           Rho =  6.6325340119E-02
           GradRho =  6.0715321659E-17 -7.3292066860E-17 -3.6429192996E-17
           HessRho_EigVals = -9.7315068936E-02 -7.6905654774E-02  5.3354042176E-01
           HessRho_EigVec1 = -4.0654542364E-01  4.1034622525E-01 -8.1629455097E-01
           HessRho_EigVec2 =  7.1069838531E-01  7.0349677209E-01 -3.1107794614E-04
           HessRho_EigVec3 = -5.7413293202E-01  5.8026568663E-01  5.7763579294E-01
           DelSqRho =  3.5931969805E-01
           Bond Ellipticity =  2.6538249004E-01
           V = -9.4227501740E-02
           G =  9.2028713126E-02
           K =  2.1987886141E-03
           L = -8.9829924512E-02
           Vnuc =  2.0977337686E+01
           Ven = -1.3913290569E+00
           Vrep =  1.2971015551E+00
           DelSqV = -7.9373322387E-01
           DelSqVen = -7.5375706433E+00
           DelSqVrep =  6.7438374194E+00
           DelSqG =  6.6213484236E-01
           DelSqK =  1.3159838151E-01
           Stress_EigVals = -4.7027842434E-02 -4.2081071230E-02 -5.1185880757E-03
           Stress_EigVec1 =  7.1078871433E-01  7.0340555484E-01 -1.7031115956E-04
           Stress_EigVec2 =  4.0488259168E-01 -4.0893434743E-01  8.1782809101E-01
           Stress_EigVec3 = -5.7519517604E-01  5.8137193338E-01  5.7546258310E-01
           -DivStress =  2.1507444912E-02 -2.1739597707E-02 -2.0752602514E-02
           ESP =   7.6444881349E-01
           ESPe = -2.0212888873E+01
           ESPn =  2.0977337686E+01
           BPL =  3.9696437599E+00 =  1.9866437599E+00 +  1.9830000000E+00
           GBL_I =  3.9691536993E+00
           GBL_II =  3.9684251734E+00
           GBL_III =  3.9694160679E+00 =  1.9865514823E+00 +  1.9828645856E+00
           GBL_IV =  3.9686873532E+00 =  1.9865463554E+00 +  1.9821409978E+00
             81 sample points along path from BCP to atom O2      
            -1.1288862791E+00   1.1410684295E+00   1.1629533780E+00   6.6325340119E-02
            -1.1432408908E+00   1.1555763622E+00   1.1773916954E+00   6.6490414478E-02
            -1.1575981083E+00   1.1700869058E+00   1.1918247971E+00   6.6979661837E-02
            -1.1719580341E+00   1.1846001645E+00   1.2062524736E+00   6.7785554513E-02
            -1.1863206872E+00   1.1991161587E+00   1.2206746822E+00   6.8902428954E-02
            -1.2006860880E+00   1.2136349102E+00   1.2350913779E+00   7.0326433286E-02
            -1.2150542563E+00   1.2281564405E+00   1.2495025157E+00   7.2055488258E-02
            -1.2294252120E+00   1.2426807707E+00   1.2639080515E+00   7.4089262383E-02
            -1.2437989742E+00   1.2572079216E+00   1.2783079419E+00   7.6429162000E-02
            -1.2581755621E+00   1.2717379136E+00   1.2927021438E+00   7.9078336857E-02
            -1.2725549940E+00   1.2862707667E+00   1.3070906153E+00   8.2041701716E-02
            -1.2869372883E+00   1.3008065005E+00   1.3214733150E+00   8.5325974261E-02
            -1.3013224624E+00   1.3153451339E+00   1.3358502028E+00   8.8939729393E-02
            -1.3157105331E+00   1.3298866851E+00   1.3502212398E+00   9.2893469694E-02
            -1.3301015162E+00   1.3444311711E+00   1.3645863896E+00   9.7199711437E-02
            -1.3444954260E+00   1.3589786075E+00   1.3789456183E+00   1.0187308510E-01
            -1.3588922750E+00   1.3735290079E+00   1.3932988961E+00   1.0693044874E-01
            -1.3732920730E+00   1.3880823835E+00   1.4076461981E+00   1.1239101194E-01
            -1.3876948268E+00   1.4026387420E+00   1.4219875057E+00   1.1827646718E-01
            -1.4021005393E+00   1.4171980873E+00   1.4363228085E+00   1.2461112465E-01
            -1.4165092087E+00   1.4317604186E+00   1.4506521054E+00   1.3142204529E-01
            -1.4309208277E+00   1.4463257293E+00   1.4649754066E+00   1.3873916583E-01
            -1.4453353827E+00   1.4608940066E+00   1.4792927352E+00   1.4659540789E-01
            -1.4597528528E+00   1.4754652301E+00   1.4936041291E+00   1.5502676208E-01
            -1.4741732093E+00   1.4900393716E+00   1.5079096425E+00   1.6407233600E-01
            -1.4885964148E+00   1.5046163940E+00   1.5222093473E+00   1.7377435351E-01
            -1.5030224229E+00   1.5191962508E+00   1.5365033342E+00   1.8417809084E-01
            -1.5174511772E+00   1.5337788858E+00   1.5507917142E+00   1.9533173342E-01
            -1.5318826115E+00   1.5483642324E+00   1.5650746188E+00   2.0728613589E-01
            -1.5463166492E+00   1.5629522136E+00   1.5793522011E+00   2.2009446696E-01
            -1.5607532033E+00   1.5775427418E+00   1.5936246357E+00   2.3381172035E-01
            -1.5751921764E+00   1.5921357188E+00   1.6078921189E+00   2.4849407440E-01
            -1.5896334606E+00   1.6067310355E+00   1.6221548689E+00   2.6419808530E-01
            -1.6040769377E+00   1.6213285726E+00   1.6364131254E+00   2.8097970347E-01
            -1.6185224791E+00   1.6359282000E+00   1.6506671498E+00   2.9889311017E-01
            -1.6329699460E+00   1.6505297773E+00   1.6649172249E+00   3.1798938129E-01
            -1.6474191890E+00   1.6651331533E+00   1.6791636554E+00   3.3831499917E-01
            -1.6618700484E+00   1.6797381661E+00   1.6934067682E+00   3.5991025018E-01
            -1.6763223533E+00   1.6943446426E+00   1.7076469132E+00   3.8280756611E-01
            -1.6907759210E+00   1.7089523977E+00   1.7218844645E+00   4.0702989013E-01
            -1.7052305566E+00   1.7235612337E+00   1.7361198226E+00   4.3258917212E-01
            -1.7196860511E+00   1.7381709387E+00   1.7503534166E+00   4.5948512154E-01
            -1.7341421804E+00   1.7527812854E+00   1.7645857072E+00   4.8770436696E-01
            -1.7485987031E+00   1.7673920291E+00   1.7788171906E+00   5.1722018615E-01
            -1.7630553587E+00   1.7820029058E+00   1.7930484025E+00   5.4799297820E-01
            -1.7775118652E+00   1.7966136296E+00   1.8072799228E+00   5.7997164609E-01
            -1.7919679173E+00   1.8112238911E+00   1.8215123792E+00   6.1309604514E-01
            -1.8064231843E+00   1.8258333560E+00   1.8357464507E+00   6.4730063396E-01
            -1.8208773108E+00   1.8404416645E+00   1.8499828671E+00   6.8251945179E-01
            -1.8353299180E+00   1.8550484341E+00   1.8642224044E+00   7.1869256735E-01
            -1.8497806118E+00   1.8696532673E+00   1.8784658694E+00   7.5577425421E-01
            -1.8642289978E+00   1.8842557671E+00   1.8927140670E+00   7.9374344516E-01
            -1.8786747127E+00   1.8988555695E+00   1.9069677363E+00   8.3261766923E-01
            -1.8931174828E+00   1.9134524023E+00   1.9212274298E+00   8.7247293967E-01
            -1.9075572296E+00   1.9280461934E+00   1.9354932971E+00   9.1347432042E-01
            -1.9219942535E+00   1.9426372564E+00   1.9497647097E+00   9.5592566025E-01
            -1.9364295296E+00   1.9572265912E+00   1.9640396569E+00   1.0003528688E+00
            -1.9508651275E+00   1.9718163086E+00   1.9783138873E+00   1.0476437493E+00
            -1.9653046705E+00   1.9864100944E+00   1.9925799657E+00   1.0992792342E+00
            -1.9797535458E+00   2.0010134192E+00   2.0068268189E+00   1.1577057703E+00
            -1.9942183940E+00   2.0156330176E+00   2.0210407316E+00   1.2269154930E+00
            -2.0087056121E+00   2.0302753672E+00   2.0352083631E+00   1.3133179181E+00
            -2.0232194288E+00   2.0449447383E+00   2.0493207078E+00   1.4270040091E+00
            -2.0377607753E+00   2.0596420549E+00   2.0633755198E+00   1.5835292216E+00
            -2.0523276309E+00   2.0743652498E+00   2.0773767321E+00   1.8064060644E+00
            -2.0669163121E+00   2.0891105745E+00   2.0913318592E+00   2.1306598635E+00
            -2.0815227500E+00   2.1038738949E+00   2.1052493376E+00   2.6081414480E+00
            -2.0961432581E+00   2.1186514686E+00   2.1191368852E+00   3.3158233352E+00
            -2.1107748071E+00   2.1334402218E+00   2.1330008854E+00   4.3688230223E+00
            -2.1254150153E+00   2.1482377389E+00   2.1468463814E+00   5.9398233762E+00
            -2.1400620371E+00   2.1630421488E+00   2.1606772952E+00   8.2853381216E+00
            -2.1547144573E+00   2.1778520173E+00   2.1744966428E+00   1.1778520400E+01
            -2.1693712272E+00   2.1926662818E+00   2.1883066629E+00   1.6955958866E+01
            -2.1840316265E+00   2.2074842124E+00   2.2021088952E+00   2.4612092015E+01
            -2.1986951911E+00   2.2223053384E+00   2.2159043326E+00   3.5987299998E+01
            -2.2133615721E+00   2.2371293062E+00   2.2296937215E+00   5.2972129933E+01
            -2.2280304537E+00   2.2519557956E+00   2.2434777382E+00   7.8172461916E+01
            -2.2427016861E+00   2.2667846543E+00   2.2572567036E+00   1.1577693950E+02
            -2.2573752511E+00   2.2816158622E+00   2.2710306559E+00   1.7191459107E+02
            -2.2720515417E+00   2.2964498139E+00   2.2847987482E+00   2.5576331083E+02
            -2.2788888320E+00   2.3033605463E+00   2.2912077621E+00   2.9735817349E+02
             81 sample points along path from BCP to atom Sc1     
            -1.1288862791E+00   1.1410684295E+00   1.1629533780E+00   6.6325340119E-02
            -1.1145342367E+00   1.1265630699E+00   1.1485099221E+00   6.6493895543E-02
            -1.1001847557E+00   1.1120602743E+00   1.1340613474E+00   6.7007543163E-02
            -1.0858378904E+00   1.0975600955E+00   1.1196075497E+00   6.7879838068E-02
            -1.0714936120E+00   1.0830625037E+00   1.1051485902E+00   6.9126524399E-02
            -1.0571518927E+00   1.0685674696E+00   1.0906845289E+00   7.0765639730E-02
            -1.0428127035E+00   1.0540749632E+00   1.0762154272E+00   7.2817625923E-02
            -1.0284760142E+00   1.0395849532E+00   1.0617413486E+00   7.5305444652E-02
            -1.0141417935E+00   1.0250974071E+00   1.0472623596E+00   7.8254695483E-02
            -9.9981000825E-01   1.0106122911E+00   1.0327785292E+00   8.1693733971E-02
            -9.8548062379E-01   9.9612956966E-01   1.0182899297E+00   8.5653786772E-02
            -9.7115360359E-01   9.8164920548E-01   1.0037966367E+00   9.0169060147E-02
            -9.5682890911E-01   9.6717115949E-01   9.8929872958E-01   9.5276837592E-02
            -9.4250649962E-01   9.5269539044E-01   9.7479629205E-01   1.0101756148E-01
            -9.2818633194E-01   9.3822185480E-01   9.6028941226E-01   1.0743489276E-01
            -9.1386836019E-01   9.2375050642E-01   9.4577818354E-01   1.1457574152E-01
            -8.9955253550E-01   9.0928129627E-01   9.3126270495E-01   1.2249026043E-01
            -8.8523880565E-01   8.9481417211E-01   9.1674308187E-01   1.3123179116E-01
            -8.7092711475E-01   8.8034907809E-01   9.0221942681E-01   1.4085675304E-01
            -8.5661740276E-01   8.6588595433E-01   8.8769186018E-01   1.5142446106E-01
            -8.4230960503E-01   8.5142473645E-01   8.7316051131E-01   1.6299685878E-01
            -8.2800365177E-01   8.3696535499E-01   8.5862551949E-01   1.7563814977E-01
            -8.1369946735E-01   8.2250773477E-01   8.4408703524E-01   1.8941430879E-01
            -7.9939696958E-01   8.0805179413E-01   8.2954522186E-01   2.0439245201E-01
            -7.8509606879E-01   7.9359744402E-01   8.1500025715E-01   2.2064004285E-01
            -7.7079666673E-01   7.7914458689E-01   8.0045233563E-01   2.3822390765E-01
            -7.5649865526E-01   7.6469311540E-01   7.8590167108E-01   2.5720903297E-01
            -7.4220191467E-01   7.5024291077E-01   7.7134849980E-01   2.7765711410E-01
            -7.2790631174E-01   7.3579384079E-01   7.5679308456E-01   2.9962482275E-01
            -7.1361169716E-01   7.2134575731E-01   7.4223571950E-01   3.2316176152E-01
            -6.9931790246E-01   7.0689849320E-01   7.2767673628E-01   3.4830807400E-01
            -6.8502473610E-01   6.9245185844E-01   7.1311651172E-01   3.7509168452E-01
            -6.7073197857E-01   6.7800563532E-01   6.9855547742E-01   4.0352515089E-01
            -6.5643937631E-01   6.6355957239E-01   6.8399413179E-01   4.3360213153E-01
            -6.4214663399E-01   6.4911337682E-01   6.6943305524E-01   4.6529349679E-01
            -6.2785340484E-01   6.3466670491E-01   6.5487292918E-01   4.9854315934E-01
            -6.1355927858E-01   6.2021915007E-01   6.4031456000E-01   5.3326376516E-01
            -5.9926376623E-01   6.0577022795E-01   6.2575890904E-01   5.6933248318E-01
            -5.8496628131E-01   5.9131935782E-01   6.1120712994E-01   6.0658726645E-01
            -5.7066611678E-01   5.7686583991E-01   5.9666061457E-01   6.4482414130E-01
            -5.5636241746E-01   5.6240882832E-01   5.8212104807E-01   6.8379632621E-01
            -5.4205414886E-01   5.4794730046E-01   5.6759047173E-01   7.2321630123E-01
            -5.2774006552E-01   5.3348002628E-01   5.5307134725E-01   7.6276235927E-01
            -5.1341868829E-01   5.1900554655E-01   5.3856660462E-01   8.0209169277E-01
            -4.9908831217E-01   5.0452218203E-01   5.2407963030E-01   8.4086273048E-01
