 AIMInt (Version 14.11.23, Professional)
 Portions Copyright (c) 1997-2014 by Todd A. Keith
 AIMInt is a component of the AIMAll package ( http://aim.tkgristmill.com )

 AIMInt is a heavily modified and extended version of the PROAIMV program
 developed by members of R.F.W. Bader's research group

 Much of the Quantum Theory of Atoms in Molecules (QTAIM) is described in the book:
   "Atoms in Molecules - A Quantum Theory"
   R.F.W. Bader, Oxford University Press, Oxford, 1990

 For additional references see:  http://aim.tkgristmill.com/references.html

 Inp File:  E:\Proyecto spin\estructuras hexahidratadas\estructuras hexahidratadas solas\modredundant\Ni23\Ni23_30_atomicfiles\ni1.inp
 Wfx File:  E:\Proyecto spin\estructuras hexahidratadas\estructuras hexahidratadas solas\modredundant\Ni23\Ni23_30.wfx
 Out File:  E:\Proyecto spin\estructuras hexahidratadas\estructuras hexahidratadas solas\modredundant\Ni23\Ni23_30_atomicfiles\ni1.int

 Wfx Title:   Ni23_30                                                                       
 Job Title:   Ni23_30                                                                       
 
<Atom>
Ni1     
</Atom>
<Nuclei of Molecule>
    19
Ni1       28.0           0.0000000000E+00   0.0000000000E+00   0.0000000000E+00
O2         8.0          -5.5301862804E+00   5.6043659540E-01  -1.1146902150E+00
H3         1.0          -6.7876911373E+00  -6.6768737297E-01  -6.3734829583E-01
H4         1.0          -6.2301559606E+00   2.1926107216E+00  -7.0804857601E-01
O5         8.0           6.9996031199E-01   1.2622060096E+00   5.4823786109E+00
H6         1.0          -4.8555125066E-01   8.1302369230E-01   6.7905604437E+00
H7         1.0           2.3523348851E+00   8.4100158571E-01   6.1244984145E+00
O8         8.0          -9.9297774284E-01   5.5115433199E+00   8.8117492444E-01
H9         1.0          -5.2938162677E-01   6.8590353742E+00  -2.5310626658E-01
H10        1.0          -4.9941590551E-01   6.0463503156E+00   2.5514417141E+00
O11        8.0           5.5301862804E+00  -5.6043659540E-01   1.1146902150E+00
H12        1.0           6.7876911373E+00   6.6768737297E-01   6.3734829583E-01
H13        1.0           6.2301559606E+00  -2.1926107216E+00   7.0804857601E-01
O14        8.0          -6.9996031199E-01  -1.2622060096E+00  -5.4823786109E+00
H15        1.0           4.8555125066E-01  -8.1302369230E-01  -6.7905604437E+00
H16        1.0          -2.3523348851E+00  -8.4100158571E-01  -6.1244984145E+00
O17        8.0           9.9297774284E-01  -5.5115433199E+00  -8.8117492444E-01
H18        1.0           5.2938162677E-01  -6.8590353742E+00   2.5310626658E-01
H19        1.0           4.9941590551E-01  -6.0463503156E+00  -2.5514417141E+00
</Nuclei of Molecule>
<Total Number of CPs of DelSqRho>
    90
</Total Number of CPs of DelSqRho>
<Number of (3,+3) CPs of DelSqRho>
    11
</Number of (3,+3) CPs of DelSqRho>
<Number of (3,+1) CPs of DelSqRho>
    35
</Number of (3,+1) CPs of DelSqRho>
<Number of (3,-1) CPs of DelSqRho>
    32
</Number of (3,-1) CPs of DelSqRho>
<Number of (3,-3) CPs of DelSqRho>
    12
</Number of (3,-3) CPs of DelSqRho>
<Number of Degenerate CPs of DelSqRho>
     0
</Number of Degenerate CPs of DelSqRho>
<CP of DelSqRho>
CP# = 1       
Type = (3,+3)
Coords = -4.04501740779470E-28 -1.80078333898278E-27  1.72809850913303E-28
DistFromNuc =  1.8537274710E-27
Rho =  1.4570890019E+04
DelSqRho = -2.5335274922E+09
GradDelSqRho = -2.3326718166E-14  5.3136196111E-14  3.8069921704E-14
HessDelSqRho_EigVals =  1.8541479195E+15  1.8541479209E+15  1.8541479300E+15
HessDelSqRho_EigVec1 = -2.0309373237E-01 -6.1511162083E-01 -7.6183372844E-01
HessDelSqRho_EigVec2 =  8.2320708612E-01 -5.2854367929E-01  2.0729609850E-01
HessDelSqRho_EigVec3 = -5.3017264098E-01 -5.8504638534E-01  6.1370815357E-01
</CP of DelSqRho>
<CP of DelSqRho>
CP# = 2       
Type = (3,+3)
Coords =  8.56884911609108E-02 -7.94140496269143E-02 -8.29618027635798E-02
DistFromNuc =  1.4328911164E-01
Rho =  1.4010872119E+02
DelSqRho = -1.0637301873E+04
GradDelSqRho = -5.8207660913E-11  4.0745362639E-10  5.8207660913E-11
HessDelSqRho_EigVals =  1.0962419746E+05  1.2497987006E+05  2.4074490884E+07
HessDelSqRho_EigVec1 =  3.3825165229E-01  8.2937615483E-01 -4.4465831098E-01
HessDelSqRho_EigVec2 = -7.2664230595E-01 -7.0060827815E-02 -6.8343429794E-01
HessDelSqRho_EigVec3 =  5.9797723947E-01 -5.5428032096E-01 -5.7896161088E-01
</CP of DelSqRho>
<CP of DelSqRho>
CP# = 3       
Type = (3,+1)
Coords = -1.00398928983368E-01 -1.51089543315782E-04 -1.02168679703966E-01
DistFromNuc =  1.4324247583E-01
Rho =  1.3996674637E+02
DelSqRho = -1.0473930324E+04
GradDelSqRho = -1.4551915228E-10  2.9103830457E-11 -1.7462298274E-10
HessDelSqRho_EigVals = -9.2101038543E+04  1.6880974169E+05  2.4130573173E+07
HessDelSqRho_EigVec1 =  1.2436253475E-02  9.9982847160E-01 -1.3724685197E-02
HessDelSqRho_EigVec2 =  7.1314874868E-01 -1.8489902055E-02 -7.0076885332E-01
HessDelSqRho_EigVec3 =  7.0090241964E-01  1.0728029869E-03  7.1325636852E-01
</CP of DelSqRho>
<CP of DelSqRho>
CP# = 4       
Type = (3,-1)
Coords = -6.59131357282184E-03 -1.81168176261990E-01  1.81615196664090E-01
DistFromNuc =  2.5661144395E-01
Rho =  3.4273558086E+01
DelSqRho =  3.0585323652E+03
GradDelSqRho = -9.0949470177E-13  2.7284841053E-12 -1.9099388737E-11
HessDelSqRho_EigVals = -1.3172893689E+06 -2.0108335631E+04  4.4760250106E+04
HessDelSqRho_EigVec1 = -2.5529639865E-02 -7.0600571185E-01  7.0774583879E-01
HessDelSqRho_EigVec2 =  9.9963980231E-01 -1.2167737467E-02  2.3920948831E-02
HessDelSqRho_EigVec3 = -8.2766609476E-03  7.0810160359E-01  7.0606204818E-01
</CP of DelSqRho>
<CP of DelSqRho>
CP# = 5       
Type = (3,-1)
Coords =  6.59131357282187E-03  1.81168176261989E-01 -1.81615196664090E-01
DistFromNuc =  2.5661144395E-01
Rho =  3.4273558086E+01
DelSqRho =  3.0585323652E+03
GradDelSqRho = -9.0949470177E-13  1.8189894035E-12 -1.0004441720E-11
HessDelSqRho_EigVals = -1.3172893689E+06 -2.0108335631E+04  4.4760250106E+04
HessDelSqRho_EigVec1 = -2.5529639865E-02 -7.0600571185E-01  7.0774583879E-01
HessDelSqRho_EigVec2 =  9.9963980231E-01 -1.2167737467E-02  2.3920948831E-02
HessDelSqRho_EigVec3 = -8.2766609476E-03  7.0810160359E-01  7.0606204818E-01
</CP of DelSqRho>
<CP of DelSqRho>
CP# = 6       
Type = (3,-3)
Coords = -2.97188632122123E-03  2.55374382987432E-01  1.80107726489785E-03
DistFromNuc =  2.5539802559E-01
Rho =  3.3623351640E+01
DelSqRho =  3.4347783599E+03
GradDelSqRho = -1.8189894035E-11  1.8189894035E-12 -2.2737367544E-13
HessDelSqRho_EigVals = -1.3588150502E+06 -4.5799958299E+04 -4.3781215647E+04
HessDelSqRho_EigVec1 = -1.1739176889E-02  9.9990511574E-01  7.2077207251E-03
HessDelSqRho_EigVec2 =  7.0417015966E-01  3.1490201802E-03  7.1002427417E-01
HessDelSqRho_EigVec3 =  7.0993420679E-01  1.3410562404E-02 -7.0414031190E-01
</CP of DelSqRho>
<CP of DelSqRho>
CP# = 7       
Type = (3,-3)
Coords =  2.97188632122122E-03 -2.55374382987432E-01 -1.80107726489780E-03
DistFromNuc =  2.5539802559E-01
Rho =  3.3623351640E+01
DelSqRho =  3.4347783599E+03
GradDelSqRho = -5.0022208598E-12 -2.9103830457E-11  7.3896444519E-12
HessDelSqRho_EigVals = -1.3588150502E+06 -4.5799958299E+04 -4.3781215647E+04
HessDelSqRho_EigVec1 = -1.1739176889E-02  9.9990511574E-01  7.2077207251E-03
HessDelSqRho_EigVec2 =  7.0417015966E-01  3.1490201802E-03  7.1002427417E-01
HessDelSqRho_EigVec3 =  7.0993420679E-01  1.3410562404E-02 -7.0414031190E-01
</CP of DelSqRho>
<CP of DelSqRho>
CP# = 8       
Type = (3,-1)
Coords =  1.43111295401721E-01 -9.65842344577130E-05  2.28349415988462E-03
DistFromNuc =  1.4312954463E-01
Rho =  1.3960642999E+02
DelSqRho = -1.0047518043E+04
GradDelSqRho = -1.1641532183E-10 -1.1641532183E-10  1.1641532183E-10
HessDelSqRho_EigVals = -1.7603943439E+05 -1.6662029161E+05  2.4270040601E+07
HessDelSqRho_EigVec1 = -1.0808481972E-02  7.0731819397E-01  7.0681266909E-01
HessDelSqRho_EigVec2 = -1.1846413370E-02 -7.0689492904E-01  7.0721935903E-01
HessDelSqRho_EigVec3 =  9.9987141134E-01 -7.2922736134E-04  1.6019644806E-02
</CP of DelSqRho>
<CP of DelSqRho>
CP# = 9       
Type = (3,+1)
Coords = -1.65479993239399E-03  1.01431962520742E-01  1.01127031859222E-01
DistFromNuc =  1.4324055975E-01
Rho =  1.3996380884E+02
DelSqRho = -1.0471182422E+04
GradDelSqRho = -1.7462298274E-10 -4.3655745685E-11  9.0949470177E-11
HessDelSqRho_EigVals = -9.3486555394E+04  1.6819960395E+05  2.4132611146E+07
HessDelSqRho_EigVec1 =  9.9979106169E-01  2.0085236105E-02 -3.7968738018E-03
HessDelSqRho_EigVec2 =  1.6868693046E-02 -7.0580146070E-01  7.0820882886E-01
HessDelSqRho_EigVec3 = -1.1544702464E-02  7.0812490520E-01  7.0599280342E-01
</CP of DelSqRho>
<CP of DelSqRho>
CP# = 10      
Type = (3,+1)
Coords = -3.58777822754797E-03 -1.01145882838044E-01  1.01391775582844E-01
DistFromNuc =  1.4326078990E-01
Rho =  1.4000088706E+02
DelSqRho = -1.0501655066E+04
GradDelSqRho = -8.7311491370E-11  5.8207660913E-11 -1.1641532183E-10
HessDelSqRho_EigVals = -7.7867009346E+04  1.7365743844E+05  2.4111553115E+07
HessDelSqRho_EigVec1 =  9.9965450248E-01 -1.1791968458E-02  2.3490958812E-02
HessDelSqRho_EigVec2 = -8.2396115095E-03  7.0808486119E-01  7.0607927186E-01
HessDelSqRho_EigVec3 = -2.4959656812E-02 -7.0602887960E-01  7.0774305839E-01
</CP of DelSqRho>
<CP of DelSqRho>
CP# = 11      
Type = (3,-3)
Coords = -3.86924904703221E-04  2.57233441766809E-03  2.55384880472260E-01
DistFromNuc =  2.5539812801E-01
Rho =  3.3622049217E+01
DelSqRho =  3.4349362553E+03
GradDelSqRho = -1.1368683772E-13  3.8653524825E-12 -1.7223555915E-11
HessDelSqRho_EigVals = -1.3588015130E+06 -4.5645371866E+04 -4.3971835468E+04
HessDelSqRho_EigVec1 = -1.3898238375E-03  1.0229021859E-02  9.9994671633E-01
HessDelSqRho_EigVec2 = -7.1643981068E-01  6.9760151178E-01 -8.1319395391E-03
HessDelSqRho_EigVec3 =  6.9764752279E-01  7.1641293810E-01 -6.3589352737E-03
</CP of DelSqRho>
<CP of DelSqRho>
CP# = 12      
Type = (3,-3)
Coords = -2.55365892152266E-01  1.30168150100234E-04 -4.01316953098417E-03
DistFromNuc =  2.5539745760E-01
Rho =  3.3623784614E+01
DelSqRho =  3.4348034857E+03
GradDelSqRho =  3.6379788071E-11  4.5474735089E-12 -1.0231815395E-12
HessDelSqRho_EigVals = -1.3588276801E+06 -4.6045110411E+04 -4.3551827996E+04
HessDelSqRho_EigVec1 =  9.9987436297E-01 -6.1108586319E-04  1.5839345015E-02
HessDelSqRho_EigVec2 = -1.0770732529E-02  7.0694425095E-01  7.0718725764E-01
HessDelSqRho_EigVec3 =  1.1629686033E-02  7.0726901008E-01 -7.0684885073E-01
</CP of DelSqRho>
<CP of DelSqRho>
CP# = 13      
Type = (3,-3)
Coords =  2.55365892152266E-01 -1.30168150099718E-04  4.01316953098413E-03
DistFromNuc =  2.5539745760E-01
Rho =  3.3623784614E+01
DelSqRho =  3.4348034857E+03
GradDelSqRho =  6.5483618528E-11 -1.9213075575E-11  5.7980287238E-12
HessDelSqRho_EigVals = -1.3588276801E+06 -4.6045110411E+04 -4.3551827996E+04
HessDelSqRho_EigVec1 =  9.9987436297E-01 -6.1108586319E-04  1.5839345015E-02
HessDelSqRho_EigVec2 = -1.0770732529E-02  7.0694425095E-01  7.0718725764E-01
HessDelSqRho_EigVec3 =  1.1629686033E-02  7.0726901008E-01 -7.0684885073E-01
</CP of DelSqRho>
<CP of DelSqRho>
CP# = 14      
Type = (3,-3)
Coords =  3.86924904703309E-04 -2.57233441766835E-03 -2.55384880472260E-01
DistFromNuc =  2.5539812801E-01
Rho =  3.3622049217E+01
DelSqRho =  3.4349362553E+03
GradDelSqRho = -1.0459189070E-11  4.3200998334E-12  3.1953106827E-11
HessDelSqRho_EigVals = -1.3588015130E+06 -4.5645371866E+04 -4.3971835468E+04
HessDelSqRho_EigVec1 = -1.3898238375E-03  1.0229021859E-02  9.9994671633E-01
HessDelSqRho_EigVec2 = -7.1643981068E-01  6.9760151178E-01 -8.1319395391E-03
HessDelSqRho_EigVec3 =  6.9764752279E-01  7.1641293810E-01 -6.3589352737E-03
</CP of DelSqRho>
<CP of DelSqRho>
CP# = 15      
Type = (3,-1)
Coords = -1.68988083250359E-03  1.43115450681368E-01  1.05711102218135E-03
DistFromNuc =  1.4312933104E-01
Rho =  1.3960716905E+02
DelSqRho = -1.0047826405E+04
GradDelSqRho =  1.1641532183E-10 -1.7462298274E-10  1.6007106751E-10
HessDelSqRho_EigVals = -1.7507699062E+05 -1.6744331231E+05  2.4270421977E+07
HessDelSqRho_EigVec1 =  7.0353529282E-01  3.0405325111E-03  7.1065381650E-01
HessDelSqRho_EigVec2 = -7.1056131965E-01 -1.3681483000E-02  7.0350225873E-01
HessDelSqRho_EigVec3 = -1.1861819599E-02  9.9990178127E-01  7.4649213554E-03
</CP of DelSqRho>
<CP of DelSqRho>
CP# = 16      
Type = (3,+1)
Coords =  3.58777822754867E-03  1.01145882838044E-01 -1.01391775582844E-01
DistFromNuc =  1.4326078990E-01
Rho =  1.4000088706E+02
DelSqRho = -1.0501655066E+04
GradDelSqRho = -1.7462298274E-10  4.3655745685E-11 -8.7311491370E-11
HessDelSqRho_EigVals = -7.7867009346E+04  1.7365743844E+05  2.4111553115E+07
HessDelSqRho_EigVec1 =  9.9965450248E-01 -1.1791968458E-02  2.3490958812E-02
HessDelSqRho_EigVec2 = -8.2396115095E-03  7.0808486119E-01  7.0607927186E-01
HessDelSqRho_EigVec3 = -2.4959656812E-02 -7.0602887960E-01  7.0774305839E-01
</CP of DelSqRho>
<CP of DelSqRho>
CP# = 17      
Type = (3,+1)
Coords =  1.65479993239531E-03 -1.01431962520743E-01 -1.01127031859222E-01
DistFromNuc =  1.4324055975E-01
Rho =  1.3996380884E+02
DelSqRho = -1.0471182422E+04
GradDelSqRho =  8.7311491370E-11 -4.3655745685E-11 -1.7553247744E-10
HessDelSqRho_EigVals = -9.3486555394E+04  1.6819960395E+05  2.4132611146E+07
HessDelSqRho_EigVec1 =  9.9979106169E-01  2.0085236105E-02 -3.7968738018E-03
HessDelSqRho_EigVec2 =  1.6868693046E-02 -7.0580146070E-01  7.0820882886E-01
HessDelSqRho_EigVec3 = -1.1544702464E-02  7.0812490520E-01  7.0599280342E-01
</CP of DelSqRho>
<CP of DelSqRho>
CP# = 18      
Type = (3,+1)
Coords = -1.02094121544942E-01 -4.00959000695982E-03  1.00418632748753E-01
DistFromNuc =  1.4325916470E-01
Rho =  1.3999735766E+02
DelSqRho = -1.0498733090E+04
GradDelSqRho = -8.7311491370E-11  2.9103830457E-11  2.6193447411E-10
HessDelSqRho_EigVals = -7.9318973588E+04  1.7307623761E+05  2.4113126890E+07
HessDelSqRho_EigVec1 = -2.6216822426E-02  9.9957013808E-01  1.3123158493E-02
HessDelSqRho_EigVec2 =  7.0102353406E-01  9.0246134189E-03  7.1308103400E-01
HessDelSqRho_EigVec3 =  7.1265607618E-01  2.7894361789E-02 -7.0095878742E-01
</CP of DelSqRho>
<CP of DelSqRho>
CP# = 19      
Type = (3,+1)
Coords =  1.00711972418482E-01  1.01834646598796E-01 -3.09164603617143E-03
DistFromNuc =  1.4325765219E-01
Rho =  1.3999535893E+02
DelSqRho = -1.0496499865E+04
GradDelSqRho = -2.9103830457E-11  8.0035533756E-11  5.4569682106E-11
HessDelSqRho_EigVals = -8.0419106491E+04  1.7251711703E+05  2.4114669429E+07
HessDelSqRho_EigVec1 =  1.1720704732E-02  1.8616951314E-02  9.9975798782E-01
HessDelSqRho_EigVec2 =  7.1108066758E-01 -7.0309434801E-01  4.7562577730E-03
HessDelSqRho_EigVec3 =  7.0301273764E-01  7.1085283070E-01 -2.1478915420E-02
</CP of DelSqRho>
<CP of DelSqRho>
CP# = 20      
Type = (3,+3)
Coords = -8.56884911609103E-02  7.94140496269140E-02  8.29618027635806E-02
DistFromNuc =  1.4328911164E-01
Rho =  1.4010872119E+02
DelSqRho = -1.0637301873E+04
GradDelSqRho =  1.7462298274E-10 -2.3283064365E-10 -1.7462298274E-10
HessDelSqRho_EigVals =  1.0962419746E+05  1.2497987006E+05  2.4074490884E+07
HessDelSqRho_EigVec1 =  3.3825165229E-01  8.2937615483E-01 -4.4465831098E-01
HessDelSqRho_EigVec2 = -7.2664230595E-01 -7.0060827814E-02 -6.8343429794E-01
HessDelSqRho_EigVec3 =  5.9797723947E-01 -5.5428032096E-01 -5.7896161088E-01
</CP of DelSqRho>
<CP of DelSqRho>
CP# = 21      
Type = (3,-1)
Coords = -2.99012130221576E-03  1.81624145952106E-01  1.81087374104963E-01
DistFromNuc =  2.5649348584E-01
Rho =  3.4211204331E+01
DelSqRho =  3.0826895908E+03
GradDelSqRho =  2.7284841053E-12  2.2737367544E-12  3.0127011996E-12
HessDelSqRho_EigVals = -1.3209717390E+06 -2.4135364925E+04  4.3475051399E+04
HessDelSqRho_EigVec1 = -1.1640386579E-02  7.0810654278E-01  7.0600964970E-01
HessDelSqRho_EigVec2 =  9.9979359311E-01  1.9999764659E-02 -3.5749940339E-03
HessDelSqRho_EigVec3 =  1.6651503507E-02 -7.0582231014E-01  7.0819318970E-01
</CP of DelSqRho>
<CP of DelSqRho>
CP# = 22      
Type = (3,-1)
Coords =  2.99012130221550E-03 -1.81624145952106E-01 -1.81087374104963E-01
DistFromNuc =  2.5649348584E-01
Rho =  3.4211204331E+01
DelSqRho =  3.0826895908E+03
GradDelSqRho =  5.0022208598E-12  2.7739588404E-11  1.2732925825E-11
HessDelSqRho_EigVals = -1.3209717390E+06 -2.4135364925E+04  4.3475051399E+04
HessDelSqRho_EigVec1 = -1.1640386579E-02  7.0810654278E-01  7.0600964970E-01
HessDelSqRho_EigVec2 =  9.9979359311E-01  1.9999764659E-02 -3.5749940339E-03
HessDelSqRho_EigVec3 =  1.6651503507E-02 -7.0582231014E-01  7.0819318970E-01
</CP of DelSqRho>
<CP of DelSqRho>
CP# = 23      
Type = (3,-1)
Coords =  1.79793884609113E-01  2.08880633507675E-04  1.82944089908384E-01
DistFromNuc =  2.5650423896E-01
Rho =  3.4216686795E+01
DelSqRho =  3.0804395777E+03
GradDelSqRho =  5.4569682106E-12 -9.0949470177E-13  2.0008883439E-11
HessDelSqRho_EigVals = -1.3206301855E+06 -2.3768075351E+04  4.3618649363E+04
HessDelSqRho_EigVec1 =  7.0094317726E-01  8.5330534896E-04  7.1321661094E-01
HessDelSqRho_EigVec2 =  1.2403335935E-02  9.9983347077E-01 -1.3386111317E-02
HessDelSqRho_EigVec3 =  7.1310926197E-01 -1.8229168617E-02 -7.0081586590E-01
</CP of DelSqRho>
<CP of DelSqRho>
CP# = 24      
Type = (3,-1)
Coords = -1.82872255820159E-01 -7.38629108575212E-03  1.79852834585461E-01
DistFromNuc =  2.5660058720E-01
Rho =  3.4268777800E+01
DelSqRho =  3.0606967848E+03
GradDelSqRho =  7.2759576142E-12 -4.5474735089E-13  3.1832314562E-12
HessDelSqRho_EigVals = -1.3176286891E+06 -2.0469684640E+04  4.4622857451E+04
HessDelSqRho_EigVec1 =  7.1268116236E-01  2.8606941017E-02 -7.0090456108E-01
HessDelSqRho_EigVec2 = -2.6662322201E-02  9.9955081047E-01  1.3685681095E-02
HessDelSqRho_EigVec3 =  7.0098122756E-01  8.9342161295E-03  7.1312376092E-01
</CP of DelSqRho>
<CP of DelSqRho>
CP# = 25      
Type = (3,-1)
Coords =  1.82872255820159E-01  7.38629108575214E-03 -1.79852834585461E-01
DistFromNuc =  2.5660058720E-01
Rho =  3.4268777800E+01
DelSqRho =  3.0606967848E+03
GradDelSqRho = -3.6379788071E-12 -8.1854523160E-12 -2.9558577808E-12
HessDelSqRho_EigVals = -1.3176286891E+06 -2.0469684640E+04  4.4622857451E+04
HessDelSqRho_EigVec1 =  7.1268116236E-01  2.8606941017E-02 -7.0090456108E-01
HessDelSqRho_EigVec2 = -2.6662322201E-02  9.9955081047E-01  1.3685681095E-02
HessDelSqRho_EigVec3 =  7.0098122756E-01  8.9342161295E-03  7.1312376092E-01
</CP of DelSqRho>
<CP of DelSqRho>
CP# = 26      
Type = (3,-1)
Coords = -1.79793884609113E-01 -2.08880633508223E-04 -1.82944089908384E-01
DistFromNuc =  2.5650423896E-01
Rho =  3.4216686795E+01
DelSqRho =  3.0804395777E+03
GradDelSqRho = -5.4569682106E-12  7.2759576142E-12  9.0949470177E-12
HessDelSqRho_EigVals = -1.3206301855E+06 -2.3768075351E+04  4.3618649363E+04
HessDelSqRho_EigVec1 =  7.0094317726E-01  8.5330534896E-04  7.1321661094E-01
HessDelSqRho_EigVec2 =  1.2403335935E-02  9.9983347077E-01 -1.3386111317E-02
HessDelSqRho_EigVec3 =  7.1310926197E-01 -1.8229168617E-02 -7.0081586590E-01
</CP of DelSqRho>
<CP of DelSqRho>
CP# = 27      
Type = (3,-1)
Coords =  1.80399096581397E-01  1.82379212537100E-01 -5.77051129519345E-03
DistFromNuc =  2.5659171852E-01
Rho =  3.4265320490E+01
DelSqRho =  3.0624670621E+03
GradDelSqRho =  2.2737367544E-13  1.3642420527E-12 -1.1368683772E-12
HessDelSqRho_EigVals = -1.3179146974E+06 -2.0754769713E+04  4.4488862930E+04
HessDelSqRho_EigVec1 =  7.0306300669E-01  7.1077804290E-01 -2.2293101167E-02
HessDelSqRho_EigVec2 =  1.2254930678E-02  1.9234294529E-02  9.9973989547E-01
HessDelSqRho_EigVec3 =  7.1102195838E-01 -7.0315333722E-01  4.8123852998E-03
</CP of DelSqRho>
<CP of DelSqRho>
CP# = 28      
Type = (3,-1)
Coords = -1.82347606651197E-01  1.80393011921024E-01 -2.44932202191264E-03
DistFromNuc =  2.5651176889E-01
Rho =  3.4220788771E+01
DelSqRho =  3.0789202901E+03
GradDelSqRho =  7.2759576142E-12  2.9103830457E-11 -8.6401996668E-12
HessDelSqRho_EigVals = -1.3203998521E+06 -2.3522102438E+04  4.3699773213E+04
HessDelSqRho_EigVec1 =  7.1087647113E-01 -7.0325236065E-01  9.5268057338E-03
HessDelSqRho_EigVec2 = -2.6330542271E-02 -1.3075071536E-02  9.9956777912E-01
HessDelSqRho_EigVec3 =  7.0282383663E-01  7.1082006144E-01  2.7811776723E-02
</CP of DelSqRho>
<CP of DelSqRho>
CP# = 29      
Type = (3,-1)
Coords =  1.82347606651197E-01 -1.80393011921023E-01  2.44932202191302E-03
DistFromNuc =  2.5651176889E-01
Rho =  3.4220788771E+01
DelSqRho =  3.0789202901E+03
GradDelSqRho =  3.6379788071E-12  1.8189894035E-11 -1.1823431123E-11
HessDelSqRho_EigVals = -1.3203998521E+06 -2.3522102438E+04  4.3699773213E+04
HessDelSqRho_EigVec1 =  7.1087647113E-01 -7.0325236065E-01  9.5268057338E-03
HessDelSqRho_EigVec2 = -2.6330542271E-02 -1.3075071536E-02  9.9956777912E-01
HessDelSqRho_EigVec3 =  7.0282383663E-01  7.1082006144E-01  2.7811776723E-02
</CP of DelSqRho>
<CP of DelSqRho>
CP# = 30      
Type = (3,-1)
Coords = -1.80399096581397E-01 -1.82379212537100E-01  5.77051129519312E-03
DistFromNuc =  2.5659171852E-01
Rho =  3.4265320490E+01
DelSqRho =  3.0624670621E+03
GradDelSqRho = -1.5120349417E-11 -1.1368683772E-12  2.2737367544E-12
HessDelSqRho_EigVals = -1.3179146974E+06 -2.0754769713E+04  4.4488862930E+04
HessDelSqRho_EigVec1 =  7.0306300669E-01  7.1077804290E-01 -2.2293101167E-02
HessDelSqRho_EigVec2 =  1.2254930678E-02  1.9234294529E-02  9.9973989547E-01
HessDelSqRho_EigVec3 =  7.1102195838E-01 -7.0315333722E-01  4.8123852998E-03
</CP of DelSqRho>
<CP of DelSqRho>
CP# = 31      
Type = (3,+1)
Coords =  1.49078648996488E-01  1.51434273598957E-01  1.44440046754732E-01
DistFromNuc =  2.5694300908E-01
Rho =  3.4451492586E+01
DelSqRho =  2.9445726589E+03
GradDelSqRho =  5.2295945352E-12  5.0022208598E-12 -9.8339114629E-12
HessDelSqRho_EigVals = -1.3057223335E+06  2.8569722907E+04  3.2192775184E+04
HessDelSqRho_EigVec1 =  5.8014811374E-01  5.8933013181E-01  5.6224386335E-01
HessDelSqRho_EigVec2 = -3.6481189661E-01 -4.2916841834E-01  8.2627280531E-01
HessDelSqRho_EigVec3 =  7.2824477081E-01 -6.8447385958E-01 -3.3986605267E-02
</CP of DelSqRho>
<CP of DelSqRho>
CP# = 32      
Type = (3,+1)
Coords = -1.53613840667202E-01  1.42481704869534E-01  1.48735014299459E-01
DistFromNuc =  2.5694426000E-01
Rho =  3.4451296359E+01
DelSqRho =  2.9454768600E+03
GradDelSqRho =  3.6379788071E-12 -1.9099388737E-11  1.8189894035E-12
HessDelSqRho_EigVals = -1.3057100748E+06  2.8223725622E+04  3.2088956011E+04
HessDelSqRho_EigVec1 =  5.9778867092E-01 -5.5462739858E-01 -5.7882394013E-01
HessDelSqRho_EigVec2 =  3.3883878983E-01  8.2917994796E-01 -4.4457720184E-01
HessDelSqRho_EigVec3 = -7.2652390148E-01 -6.9635211213E-02 -6.8360365559E-01
</CP of DelSqRho>
<CP of DelSqRho>
CP# = 33      
Type = (3,+1)
Coords =  1.42293868857391E-01 -1.50321040011680E-01  1.52239449129694E-01
DistFromNuc =  2.5694514990E-01
Rho =  3.4450882748E+01
DelSqRho =  2.9468218307E+03
GradDelSqRho =  1.2732925825E-11 -1.0913936421E-11  9.0949470177E-12
HessDelSqRho_EigVals = -1.3057193965E+06  2.7809468164E+04  3.1869209223E+04
HessDelSqRho_EigVec1 =  5.5390226082E-01 -5.8497364908E-01  5.9245093918E-01
HessDelSqRho_EigVec2 = -8.3245273199E-01 -3.7658842115E-01  4.0645246961E-01
HessDelSqRho_EigVec3 =  1.4653820533E-02  7.1832234473E-01  6.9555609019E-01
</CP of DelSqRho>
<CP of DelSqRho>
CP# = 34      
Type = (3,+1)
Coords = -1.47988200486060E-01 -1.49020304011864E-01  1.48029448387787E-01
DistFromNuc =  2.5694411081E-01
Rho =  3.4452251774E+01
DelSqRho =  2.9587833483E+03
GradDelSqRho =  4.0927261580E-12 -6.1390892370E-12  4.9169557315E-12
HessDelSqRho_EigVals = -1.3060843252E+06  2.6725709288E+04  2.7408274554E+04
HessDelSqRho_EigVec1 = -5.7597229243E-01 -5.7997076838E-01  5.7609879897E-01
HessDelSqRho_EigVec2 = -7.9786755016E-01  5.5223963380E-01 -2.4174109965E-01
HessDelSqRho_EigVec3 = -1.7794181846E-01 -5.9888671272E-01 -7.8081458399E-01
</CP of DelSqRho>
<CP of DelSqRho>
CP# = 35      
Type = (3,+1)
Coords =  1.47988200486060E-01  1.49020304011864E-01 -1.48029448387787E-01
DistFromNuc =  2.5694411081E-01
Rho =  3.4452251774E+01
DelSqRho =  2.9587833483E+03
GradDelSqRho = -1.7280399334E-11 -1.7791990103E-11  3.5242919694E-12
HessDelSqRho_EigVals = -1.3060843252E+06  2.6725709288E+04  2.7408274554E+04
HessDelSqRho_EigVec1 = -5.7597229243E-01 -5.7997076838E-01  5.7609879897E-01
HessDelSqRho_EigVec2 = -7.9786755016E-01  5.5223963380E-01 -2.4174109965E-01
HessDelSqRho_EigVec3 = -1.7794181846E-01 -5.9888671272E-01 -7.8081458399E-01
</CP of DelSqRho>
<CP of DelSqRho>
CP# = 36      
Type = (3,+1)
Coords = -1.42293868857391E-01  1.50321040011681E-01 -1.52239449129694E-01
DistFromNuc =  2.5694514990E-01
Rho =  3.4450882748E+01
DelSqRho =  2.9468218307E+03
GradDelSqRho = -1.8189894035E-12  1.2732925825E-11 -1.2732925825E-11
HessDelSqRho_EigVals = -1.3057193965E+06  2.7809468164E+04  3.1869209223E+04
HessDelSqRho_EigVec1 =  5.5390226082E-01 -5.8497364908E-01  5.9245093918E-01
HessDelSqRho_EigVec2 = -8.3245273199E-01 -3.7658842115E-01  4.0645246961E-01
HessDelSqRho_EigVec3 =  1.4653820533E-02  7.1832234473E-01  6.9555609019E-01
</CP of DelSqRho>
<CP of DelSqRho>
CP# = 37      
Type = (3,+1)
Coords =  1.53613840667203E-01 -1.42481704869534E-01 -1.48735014299459E-01
DistFromNuc =  2.5694426000E-01
Rho =  3.4451296359E+01
DelSqRho =  2.9454768600E+03
GradDelSqRho =  2.0008883439E-11  0.0000000000E+00 -5.4569682106E-12
HessDelSqRho_EigVals = -1.3057100748E+06  2.8223725622E+04  3.2088956011E+04
HessDelSqRho_EigVec1 =  5.9778867092E-01 -5.5462739858E-01 -5.7882394013E-01
HessDelSqRho_EigVec2 =  3.3883878983E-01  8.2917994796E-01 -4.4457720184E-01
HessDelSqRho_EigVec3 = -7.2652390148E-01 -6.9635211213E-02 -6.8360365559E-01
</CP of DelSqRho>
<CP of DelSqRho>
CP# = 38      
Type = (3,+1)
Coords = -1.49078648996488E-01 -1.51434273598957E-01 -1.44440046754732E-01
DistFromNuc =  2.5694300908E-01
Rho =  3.4451492586E+01
DelSqRho =  2.9445726589E+03
GradDelSqRho = -8.1854523160E-12 -1.0004441720E-11  5.4001247918E-12
HessDelSqRho_EigVals = -1.3057223335E+06  2.8569722907E+04  3.2192775184E+04
HessDelSqRho_EigVec1 =  5.8014811374E-01  5.8933013181E-01  5.6224386335E-01
HessDelSqRho_EigVec2 = -3.6481189661E-01 -4.2916841834E-01  8.2627280531E-01
HessDelSqRho_EigVec3 =  7.2824477081E-01 -6.8447385958E-01 -3.3986605267E-02
</CP of DelSqRho>
<CP of DelSqRho>
CP# = 39      
Type = (3,-1)
Coords =  6.06743385150900E-01  7.33365446628171E-04  8.28113861375520E-03
DistFromNuc =  6.0680033825E-01
Rho =  3.8107725567E+00
DelSqRho = -4.9979460568E+00
GradDelSqRho =  4.2632564146E-13  2.8421709430E-14  2.8421709430E-14
HessDelSqRho_EigVals = -1.0244673880E+03 -9.6416252678E+02  5.0957558803E+03
HessDelSqRho_EigVec1 = -1.0556351134E-02  7.0686650822E-01  7.0726819737E-01
HessDelSqRho_EigVec2 =  9.2111216851E-03  7.0734633919E-01 -7.0680712480E-01
HessDelSqRho_EigVec3 =  9.9990185453E-01  9.4657076325E-04  1.3978029752E-02
</CP of DelSqRho>
<CP of DelSqRho>
CP# = 40      
Type = (3,-1)
Coords = -6.06743385150900E-01 -7.33365446628174E-04 -8.28113861375515E-03
DistFromNuc =  6.0680033825E-01
Rho =  3.8107725567E+00
DelSqRho = -4.9979460568E+00
GradDelSqRho = -9.9475983006E-14 -5.6843418861E-14  0.0000000000E+00
HessDelSqRho_EigVals = -1.0244673880E+03 -9.6416252678E+02  5.0957558803E+03
HessDelSqRho_EigVec1 = -1.0556351134E-02  7.0686650822E-01  7.0726819737E-01
HessDelSqRho_EigVec2 =  9.2111216851E-03  7.0734633919E-01 -7.0680712480E-01
HessDelSqRho_EigVec3 =  9.9990185453E-01  9.4657076325E-04  1.3978029752E-02
</CP of DelSqRho>
<CP of DelSqRho>
CP# = 41      
Type = (3,-1)
Coords = -6.01260301960878E-03  6.06767678507682E-01  2.74911260668382E-03
DistFromNuc =  6.0680369536E-01
Rho =  3.8104519638E+00
DelSqRho = -4.9961519905E+00
GradDelSqRho =  1.4210854715E-14  1.9895196601E-13  6.3948846218E-14
HessDelSqRho_EigVals = -1.0186368469E+03 -9.6965627019E+02  5.0954944263E+03
HessDelSqRho_EigVec1 =  7.0341658468E-01  3.6609636202E-03  7.1076839107E-01
HessDelSqRho_EigVec2 =  7.1070487287E-01  1.0703594521E-02 -7.0340885461E-01
HessDelSqRho_EigVec3 = -1.0182930884E-02  9.9993601316E-01  4.9272212178E-03
</CP of DelSqRho>
<CP of DelSqRho>
CP# = 42      
Type = (3,-1)
Coords =  6.01260301960875E-03 -6.06767678507682E-01 -2.74911260668387E-03
DistFromNuc =  6.0680369536E-01
Rho =  3.8104519638E+00
DelSqRho = -4.9961519905E+00
GradDelSqRho =  5.6843418861E-14 -1.9895196601E-13  7.1054273576E-15
HessDelSqRho_EigVals = -1.0186368469E+03 -9.6965627019E+02  5.0954944263E+03
HessDelSqRho_EigVec1 =  7.0341658468E-01  3.6609636202E-03  7.1076839107E-01
HessDelSqRho_EigVec2 =  7.1070487287E-01  1.0703594521E-02 -7.0340885461E-01
HessDelSqRho_EigVec3 = -1.0182930884E-02  9.9993601316E-01  4.9272212178E-03
</CP of DelSqRho>
<CP of DelSqRho>
CP# = 43      
Type = (3,-1)
Coords = -2.16892440724044E-03  4.58100142474533E-03  6.06823530276399E-01
DistFromNuc =  6.0684469735E-01
Rho =  3.8091350818E+00
DelSqRho = -4.9691101810E+00
GradDelSqRho =  2.1316282073E-14  2.4868995752E-14  1.4210854715E-14
HessDelSqRho_EigVals = -1.0145794997E+03 -9.7388613223E+02  5.0921338434E+03
HessDelSqRho_EigVec1 =  7.1570719441E-01 -6.9835591052E-01  7.8888603759E-03
HessDelSqRho_EigVec2 =  6.9839289711E-01  7.1570636795E-01 -3.4287248071E-03
HessDelSqRho_EigVec3 = -3.2516373723E-03  7.9634870649E-03  9.9996300418E-01
</CP of DelSqRho>
<CP of DelSqRho>
CP# = 44      
Type = (3,-1)
Coords =  2.16892440724046E-03 -4.58100142474536E-03 -6.06823530276399E-01
DistFromNuc =  6.0684469735E-01
Rho =  3.8091350818E+00
DelSqRho = -4.9691101810E+00
GradDelSqRho =  3.5527136788E-14 -3.5527136788E-15  1.8474111130E-13
HessDelSqRho_EigVals = -1.0145794997E+03 -9.7388613223E+02  5.0921338434E+03
HessDelSqRho_EigVec1 =  7.1570719441E-01 -6.9835591052E-01  7.8888603759E-03
HessDelSqRho_EigVec2 =  6.9839289711E-01  7.1570636795E-01 -3.4287248071E-03
HessDelSqRho_EigVec3 = -3.2516373723E-03  7.9634870649E-03  9.9996300418E-01
</CP of DelSqRho>
<CP of DelSqRho>
CP# = 45      
Type = (3,+1)
Coords = -6.83604073884094E-03  3.98086657361296E-01  3.96885411373111E-01
DistFromNuc =  5.6217234722E-01
Rho =  5.1423421591E+00
DelSqRho = -5.6957879670E+01
GradDelSqRho = -1.4210854715E-14  2.8421709430E-13  3.9790393203E-13
HessDelSqRho_EigVals = -8.3405443428E+02  1.5176665430E+03  1.0123086035E+04
HessDelSqRho_EigVec1 =  9.9981678473E-01  1.9047293951E-02 -1.8967251520E-03
HessDelSqRho_EigVec2 =  1.4790162522E-02 -7.0582939270E-01  7.0822744898E-01
HessDelSqRho_EigVec3 = -1.2151052043E-02  7.0812574377E-01  7.0598178655E-01
</CP of DelSqRho>
<CP of DelSqRho>
CP# = 46      
Type = (3,+1)
Coords = -1.75056984800224E-02 -3.95645020033380E-01  3.96567087732048E-01
DistFromNuc =  5.6045239444E-01
Rho =  5.2285488350E+00
DelSqRho = -5.9716616972E+01
GradDelSqRho =  0.0000000000E+00  2.1316282073E-13 -1.5631940187E-13
HessDelSqRho_EigVals = -7.1553361814E+02  1.5744875158E+03  1.0335413933E+04
HessDelSqRho_EigVec1 =  9.9947870300E-01 -1.6008652054E-02  2.8036499715E-02
HessDelSqRho_EigVec2 = -8.4650948688E-03  7.0807920257E-01  7.0608227924E-01
HessDelSqRho_EigVec3 = -3.1155487891E-02 -7.0595153230E-01  7.0757456824E-01
</CP of DelSqRho>
<CP of DelSqRho>
CP# = 47      
Type = (3,+1)
Coords =  1.75056984800224E-02  3.95645020033380E-01 -3.96567087732048E-01
DistFromNuc =  5.6045239444E-01
Rho =  5.2285488350E+00
DelSqRho = -5.9716616972E+01
GradDelSqRho = -2.8421709430E-14 -4.0500935938E-13  3.1263880373E-13
HessDelSqRho_EigVals = -7.1553361814E+02  1.5744875158E+03  1.0335413933E+04
HessDelSqRho_EigVec1 =  9.9947870300E-01 -1.6008652054E-02  2.8036499715E-02
HessDelSqRho_EigVec2 = -8.4650948688E-03  7.0807920257E-01  7.0608227924E-01
HessDelSqRho_EigVec3 = -3.1155487891E-02 -7.0595153230E-01  7.0757456824E-01
</CP of DelSqRho>
<CP of DelSqRho>
CP# = 48      
Type = (3,+1)
Coords =  6.83604073884087E-03 -3.98086657361296E-01 -3.96885411373110E-01
DistFromNuc =  5.6217234722E-01
Rho =  5.1423421591E+00
DelSqRho = -5.6957879670E+01
GradDelSqRho = -7.1054273576E-15  4.8316906032E-13  4.8316906032E-13
HessDelSqRho_EigVals = -8.3405443428E+02  1.5176665430E+03  1.0123086035E+04
HessDelSqRho_EigVec1 =  9.9981678473E-01  1.9047293951E-02 -1.8967251520E-03
HessDelSqRho_EigVec2 =  1.4790162522E-02 -7.0582939270E-01  7.0822744898E-01
HessDelSqRho_EigVec3 = -1.2151052043E-02  7.0812574377E-01  7.0598178655E-01
</CP of DelSqRho>
<CP of DelSqRho>
CP# = 49      
Type = (3,+1)
Coords =  3.93945352987215E-01 -1.76225603492455E-04  4.00824424932442E-01
DistFromNuc =  5.6200817771E-01
Rho =  5.1502844757E+00
DelSqRho = -5.7222302867E+01
GradDelSqRho = -2.5934809855E-13  1.1368683772E-13 -1.5631940187E-13
HessDelSqRho_EigVals = -8.2333398666E+02  1.5238512897E+03  1.0143677678E+04
HessDelSqRho_EigVec1 =  1.1710924876E-02  9.9986970680E-01 -1.1109619815E-02
HessDelSqRho_EigVec2 =  7.1309309664E-01 -1.6139632321E-02 -7.0088354796E-01
HessDelSqRho_EigVec3 =  7.0097153278E-01 -2.8580138076E-04  7.1318919548E-01
</CP of DelSqRho>
<CP of DelSqRho>
CP# = 50      
Type = (3,+1)
Coords = -3.99450883951111E-01 -1.96085115978031E-02  3.92853144504557E-01
DistFromNuc =  5.6060600743E-01
Rho =  5.2213800653E+00
DelSqRho = -5.9467964639E+01
GradDelSqRho = -2.7000623959E-13 -2.8421709430E-14  3.5527136788E-13
HessDelSqRho_EigVals = -7.2606027839E+02  1.5682060259E+03  1.0315712862E+04
HessDelSqRho_EigVec1 = -3.0854559199E-02  9.9935499109E-01  1.8373838994E-02
HessDelSqRho_EigVec2 =  7.0094787520E-01  8.5294246871E-03  7.1316150006E-01
HessDelSqRho_EigVec3 =  7.1254478626E-01  3.4883387124E-02 -7.0075892921E-01
</CP of DelSqRho>
<CP of DelSqRho>
CP# = 51      
Type = (3,+1)
Coords =  3.99450883951111E-01  1.96085115978030E-02 -3.92853144504557E-01
DistFromNuc =  5.6060600743E-01
Rho =  5.2213800653E+00
DelSqRho = -5.9467964639E+01
GradDelSqRho = -2.7000623959E-13 -7.1054273576E-14 -1.4210854715E-13
HessDelSqRho_EigVals = -7.2606027839E+02  1.5682060259E+03  1.0315712862E+04
HessDelSqRho_EigVec1 = -3.0854559199E-02  9.9935499109E-01  1.8373838994E-02
HessDelSqRho_EigVec2 =  7.0094787520E-01  8.5294246871E-03  7.1316150006E-01
HessDelSqRho_EigVec3 =  7.1254478626E-01  3.4883387124E-02 -7.0075892921E-01
</CP of DelSqRho>
<CP of DelSqRho>
CP# = 52      
Type = (3,+1)
Coords = -3.93945352987215E-01  1.76225603492378E-04 -4.00824424932442E-01
DistFromNuc =  5.6200817771E-01
Rho =  5.1502844757E+00
DelSqRho = -5.7222302867E+01
GradDelSqRho = -4.4053649617E-13 -1.1368683772E-13 -6.2527760747E-13
HessDelSqRho_EigVals = -8.2333398666E+02  1.5238512897E+03  1.0143677678E+04
HessDelSqRho_EigVec1 =  1.1710924876E-02  9.9986970680E-01 -1.1109619815E-02
HessDelSqRho_EigVec2 =  7.1309309664E-01 -1.6139632321E-02 -7.0088354796E-01
HessDelSqRho_EigVec3 =  7.0097153278E-01 -2.8580138076E-04  7.1318919548E-01
</CP of DelSqRho>
<CP of DelSqRho>
CP# = 53      
Type = (3,+1)
Coords =  3.94178584771395E-01  3.98464368109486E-01 -1.63668813222686E-02
DistFromNuc =  5.6073031321E-01
Rho =  5.2157326106E+00
DelSqRho = -5.9261935122E+01
GradDelSqRho = -3.2684965845E-13 -9.3791641120E-13  1.6342482922E-13
HessDelSqRho_EigVals = -7.3432550772E+02  1.5622530850E+03  1.0299551358E+04
HessDelSqRho_EigVec1 =  1.6858781717E-02  2.4232425816E-02  9.9956419054E-01
HessDelSqRho_EigVec2 =  7.1101057805E-01 -7.0316314402E-01  5.0547795112E-03
HessDelSqRho_EigVec3 =  7.0297918844E-01  7.1061549549E-01 -2.9083985043E-02
</CP of DelSqRho>
<CP of DelSqRho>
CP# = 54      
Type = (3,+1)
Coords = -3.99442667454425E-01  3.95151973863675E-01 -5.73076169460263E-03
DistFromNuc =  5.6190067509E-01
Rho =  5.1557126814E+00
DelSqRho = -5.7391441200E+01
GradDelSqRho =  2.8421709430E-13  5.6843418861E-14  8.5265128291E-14
HessDelSqRho_EigVals = -8.1619006916E+02  1.5272861934E+03  1.0156707216E+04
HessDelSqRho_EigVec1 = -2.5199782881E-02 -1.0993756130E-02  9.9962198269E-01
HessDelSqRho_EigVec2 =  7.0286484947E-01  7.1086487939E-01  2.5536770068E-02
HessDelSqRho_EigVec3 =  7.1087690518E-01 -7.0324267545E-01  1.0186515871E-02
</CP of DelSqRho>
<CP of DelSqRho>
CP# = 55      
Type = (3,+1)
Coords =  3.99442667454425E-01 -3.95151973863675E-01  5.73076169460255E-03
DistFromNuc =  5.6190067509E-01
Rho =  5.1557126814E+00
DelSqRho = -5.7391441200E+01
GradDelSqRho = -1.7053025658E-13  5.6843418861E-14  2.8421709430E-14
HessDelSqRho_EigVals = -8.1619006916E+02  1.5272861934E+03  1.0156707216E+04
HessDelSqRho_EigVec1 = -2.5199782881E-02 -1.0993756130E-02  9.9962198269E-01
HessDelSqRho_EigVec2 =  7.0286484947E-01  7.1086487939E-01  2.5536770068E-02
HessDelSqRho_EigVec3 =  7.1087690518E-01 -7.0324267545E-01  1.0186515871E-02
</CP of DelSqRho>
<CP of DelSqRho>
CP# = 56      
Type = (3,+1)
Coords = -3.94178584771395E-01 -3.98464368109486E-01  1.63668813222682E-02
DistFromNuc =  5.6073031321E-01
Rho =  5.2157326106E+00
DelSqRho = -5.9261935122E+01
GradDelSqRho =  6.7501559897E-14 -1.4210854715E-14 -7.1054273576E-14
HessDelSqRho_EigVals = -7.3432550772E+02  1.5622530850E+03  1.0299551358E+04
HessDelSqRho_EigVec1 =  1.6858781717E-02  2.4232425816E-02  9.9956419054E-01
HessDelSqRho_EigVec2 =  7.1101057805E-01 -7.0316314402E-01  5.0547795112E-03
HessDelSqRho_EigVec3 =  7.0297918844E-01  7.1061549549E-01 -2.9083985043E-02
</CP of DelSqRho>
<CP of DelSqRho>
CP# = 57      
Type = (3,+3)
Coords =  3.17244433597085E-01  3.22453320276595E-01  3.09526396817341E-01
DistFromNuc =  5.4811200017E-01
Rho =  5.6750206363E+00
DelSqRho = -8.0957128343E+01
GradDelSqRho =  2.9132252166E-13  3.9790393203E-13  4.4053649617E-13
HessDelSqRho_EigVals =  1.1685378162E+03  1.2895363685E+03  1.2427853098E+04
HessDelSqRho_EigVec1 =  3.6555682991E-01  4.3176288842E-01 -8.2459020871E-01
HessDelSqRho_EigVec2 =  7.2892199866E-01 -6.8370909545E-01 -3.4851006605E-02
HessDelSqRho_EigVec3 =  5.7882719699E-01  5.8832191952E-01  5.6465599709E-01
</CP of DelSqRho>
<CP of DelSqRho>
CP# = 58      
Type = (3,+3)
Coords = -3.26923459188333E-01  3.05551584762332E-01  3.16802399450698E-01
DistFromNuc =  5.4827409151E-01
Rho =  5.6705222342E+00
DelSqRho = -8.0655183133E+01
GradDelSqRho =  3.0411229091E-12 -5.4001247918E-13  5.4001247918E-12
HessDelSqRho_EigVals =  1.1521535918E+03  1.2810761139E+03  1.2393458013E+04
HessDelSqRho_EigVec1 =  3.3997422466E-01  8.2737821751E-01 -4.4706018806E-01
HessDelSqRho_EigVec2 = -7.2721135929E-01 -7.0135986701E-02 -6.8282104704E-01
HessDelSqRho_EigVec3 =  5.9630626819E-01 -5.5724880310E-01 -5.7783441051E-01
</CP of DelSqRho>
<CP of DelSqRho>
CP# = 59      
Type = (3,+3)
Coords =  3.05397990593483E-01 -3.20036101751510E-01  3.24284368285566E-01
DistFromNuc =  5.4849921659E-01
Rho =  5.6641788320E+00
DelSqRho = -8.0237417095E+01
GradDelSqRho = -3.4106051316E-13 -5.6843418861E-14 -2.2737367544E-13
HessDelSqRho_EigVals =  1.1320524808E+03  1.2667554429E+03  1.2346296004E+04
HessDelSqRho_EigVec1 =  8.3056183078E-01  3.7866634237E-01 -4.0838565892E-01
HessDelSqRho_EigVec2 =  1.4416201400E-02  7.1842118406E-01  6.9545896746E-01
HessDelSqRho_EigVec3 =  5.5673981211E-01 -5.8350904316E-01  5.9123428365E-01
</CP of DelSqRho>
<CP of DelSqRho>
CP# = 60      
Type = (3,+3)
Coords = -3.17240165764396E-01 -3.19186237292829E-01  3.16855719089135E-01
DistFromNuc =  5.5038052616E-01
Rho =  5.6142825043E+00
DelSqRho = -7.6776778672E+01
GradDelSqRho = -3.6948222260E-13 -4.8316906032E-13  4.8316906032E-13
HessDelSqRho_EigVals =  1.0438926034E+03  1.0660278945E+03  1.1959060535E+04
HessDelSqRho_EigVec1 =  7.9730392894E-01 -5.5351117263E-01  2.4069031280E-01
