 AIMInt (Version 19.02.13, Professional)
 Portions Copyright (c) 1997-2019 by Todd A. Keith
 AIMInt is a component of the AIMAll package ( http://aim.tkgristmill.com )

 TP:  64-bit Linux

 Licensed To:  Research Group of Fernando Cortes Guzman, UNAM, fercor@unam.mx

 AIMInt is a heavily modified and extended version of the PROAIMV program
 developed by members of R.F.W. Bader's research group

 Much of the Quantum Theory of Atoms in Molecules (QTAIM) is described in the book:
   "Atoms in Molecules - A Quantum Theory"
   R.F.W. Bader, Oxford University Press, Oxford, 1990

 For additional references see:  http://aim.tkgristmill.com/references.html

 Current Directory:  /home/scratch/M_H2O_4_tetraedrico/Opt

 Inp File:  Cr3_tetraedrico_cc-pvtz-def2-tzv_1_atomicfiles/cr1.inp
 Wfx File:  Cr3_tetraedrico_cc-pvtz-def2-tzv_1.wfx
 Out File:  Cr3_tetraedrico_cc-pvtz-def2-tzv_1_atomicfiles/cr1.int

 Wfx Title:   Cr3_tetraedrico_cc-pvtz-def2-tzv_1                                            
 Job Title:   Cr3_tetraedrico_cc-pvtz-def2-tzv_1                                            
 
<Atom>
Cr1     
</Atom>
<Nuclei of Molecule>
    13
Cr1       24.0          -3.6832722752E-06   3.5828608928E-05  -1.4031511806E-04
O2         8.0           2.6818516719E+00  -6.6950533313E-01  -1.9498626260E+00
H3         1.0           3.8399028356E+00   5.9695142676E-01  -2.7324800617E+00
O4         8.0          -6.8205900022E-01  -2.6855361727E+00   1.9401056050E+00
H5         1.0          -2.3479732881E+00  -3.1089844693E+00   2.7164407218E+00
O6         8.0          -2.6730624932E+00   6.8585155770E-01  -1.9562752983E+00
H7         1.0          -3.0908182563E+00   2.3526709045E+00  -2.7338011881E+00
O8         8.0           6.7325612776E-01   2.6693329980E+00   1.9654701517E+00
H9         1.0           2.3352785397E+00   3.0858473140E+00   2.7539010463E+00
H10        1.0           5.7945744631E-01  -3.8425168173E+00   2.7321190992E+00
H11        1.0          -3.8281932130E+00  -5.7394661352E-01  -2.7537799019E+00
H12        1.0          -5.9234528460E-01   3.8183370619E+00   2.7627277303E+00
H13        1.0           3.1048891688E+00  -2.3303630927E+00  -2.7372625428E+00
</Nuclei of Molecule>
<Total Number of CPs of DelSqRho>
    93
</Total Number of CPs of DelSqRho>
<Number of (3,+3) CPs of DelSqRho>
    13
</Number of (3,+3) CPs of DelSqRho>
<Number of (3,+1) CPs of DelSqRho>
    28
</Number of (3,+1) CPs of DelSqRho>
<Number of (3,-1) CPs of DelSqRho>
    36
</Number of (3,-1) CPs of DelSqRho>
<Number of (3,-3) CPs of DelSqRho>
    16
</Number of (3,-3) CPs of DelSqRho>
<Number of Degenerate CPs of DelSqRho>
     0
</Number of Degenerate CPs of DelSqRho>
<CP of DelSqRho>
CP# = 1       
Type = (3,+3)
Coords = -3.68327228421113E-06  3.58286089563458E-05 -1.40315118095438E-04
DistFromNuc =  4.3417227004E-14
Rho =  9.2656260139E+03
DelSqRho = -6.3516970623E+09
GradDelSqRho =  9.7488778010E-06  1.0749806233E-04  9.7238153558E-04
HessDelSqRho_EigVals =  9.2499503852E+16  9.2499503861E+16  9.2499503861E+16
HessDelSqRho_EigVec1 = -2.5325395360E-03 -4.1130219882E-03  9.9998833458E-01
HessDelSqRho_EigVec2 = -1.4722526371E-01  9.8909608533E-01  3.6953632543E-03
HessDelSqRho_EigVec3 =  9.8909974622E-01  1.4721418761E-01  3.1104656878E-03
</CP of DelSqRho>
<CP of DelSqRho>
CP# = 2       
Type = (3,-1)
Coords = -1.41354472418462E-01  3.52742028175140E-02  9.17977251585240E-02
DistFromNuc =  1.7226256662E-01
Rho =  7.9696868982E+01
DelSqRho = -4.3451933298E+03
GradDelSqRho =  2.9103830457E-11  2.9103830457E-11  0.0000000000E+00
HessDelSqRho_EigVals = -5.5958351822E+04 -3.5531589302E+04  7.2591402417E+06
HessDelSqRho_EigVec1 =  2.4508628990E-01  9.6948722103E-01  5.2190760288E-03
HessDelSqRho_EigVec2 =  5.1645138057E-01 -1.3511096396E-01  8.4559032570E-01
HessDelSqRho_EigVec3 =  8.2049416939E-01 -2.0454719668E-01 -5.3380685863E-01
</CP of DelSqRho>
<CP of DelSqRho>
CP# = 3       
Type = (3,-1)
Coords =  3.58348045262104E-02  1.41564076267376E-01 -9.15720895317145E-02
DistFromNuc =  1.7226262353E-01
Rho =  7.9696783589E+01
DelSqRho = -4.3451716172E+03
GradDelSqRho = -2.5465851650E-11  7.2759576142E-12 -2.1827872843E-11
HessDelSqRho_EigVals = -5.5964041667E+04 -3.5531069516E+04  7.2591199706E+06
HessDelSqRho_EigVec1 =  9.6965640396E-01 -2.4446613547E-01  1.6633927817E-03
HessDelSqRho_EigVec2 =  1.2841268505E-01  5.1510541279E-01  8.4745300520E-01
HessDelSqRho_EigVec3 =  2.0803038380E-01  8.2152463282E-01 -5.3086781509E-01
</CP of DelSqRho>
<CP of DelSqRho>
CP# = 4       
Type = (3,-1)
Coords = -3.54247859950025E-02 -1.40705644814743E-01 -9.29388958462189E-02
DistFromNuc =  1.7226257122E-01
Rho =  7.9696898905E+01
DelSqRho = -4.3452193989E+03
GradDelSqRho = -5.4569682106E-12 -4.3655745685E-11 -2.5465851650E-11
HessDelSqRho_EigVals = -5.5949018954E+04 -3.5520422550E+04  7.2591375086E+06
HessDelSqRho_EigVec1 =  9.6965584315E-01 -2.4447312719E-01  6.6025308827E-04
HessDelSqRho_EigVec2 = -1.3226201702E-01 -5.2231679068E-01  8.4243215099E-01
HessDelSqRho_EigVec3 =  2.0560716113E-01  8.1695658407E-01  5.3880203697E-01
</CP of DelSqRho>
<CP of DelSqRho>
CP# = 5       
Type = (3,+3)
Coords = -8.82781773422576E-02  1.47922030271143E-01  2.83210379928111E-04
DistFromNuc =  1.7222919125E-01
Rho =  8.0320815091E+01
DelSqRho = -4.6588261238E+03
GradDelSqRho =  0.0000000000E+00 -7.2759576142E-11  7.9580786405E-13
HessDelSqRho_EigVals =  3.4486652281E+04  6.5844329823E+04  7.2830207838E+06
HessDelSqRho_EigVec1 =  4.0011434200E-01  2.3629541256E-01  8.8547896154E-01
HessDelSqRho_EigVec2 =  7.5974350499E-01  4.5482837075E-01 -4.6467296003E-01
HessDelSqRho_EigVec3 = -5.1254104221E-01  8.5865920548E-01  2.4594493329E-03
</CP of DelSqRho>
<CP of DelSqRho>
CP# = 6       
Type = (3,-3)
Coords = -2.52687275075764E-01  6.30465395271060E-02  1.63091485118541E-01
DistFromNuc =  3.0734991112E-01
Rho =  1.8345571688E+01
DelSqRho =  1.3377056146E+03
GradDelSqRho =  6.1390892370E-12 -2.9416469260E-12 -2.7284841053E-12
HessDelSqRho_EigVals = -3.3788082380E+05 -1.2664990728E+04 -6.0266970064E+03
HessDelSqRho_EigVec1 =  8.2177583736E-01 -2.0491835506E-01 -5.3168876318E-01
HessDelSqRho_EigVec2 =  2.4496982187E-01  9.6951800645E-01  4.9620108467E-03
HessDelSqRho_EigVec3 =  5.1446502263E-01 -1.3432536222E-01  8.4692528452E-01
</CP of DelSqRho>
<CP of DelSqRho>
CP# = 7       
Type = (3,+3)
Coords = -3.98656523318617E-04 -6.90918110372791E-04  1.72013158461536E-01
DistFromNuc =  1.7215546065E-01
Rho =  8.0221568874E+01
DelSqRho = -4.6171625576E+03
GradDelSqRho =  1.7053025658E-13  1.7053025658E-13  2.9103830457E-11
HessDelSqRho_EigVals =  2.2796602099E+04  4.8782564059E+04  7.3066273888E+06
HessDelSqRho_EigVec1 =  2.4412634912E-01  9.6973226860E-01  4.6532671478E-03
HessDelSqRho_EigVec2 =  9.6974071941E-01 -2.4413420696E-01  1.1942020887E-03
HessDelSqRho_EigVec3 = -2.2940779856E-03 -4.2209264354E-03  9.9998846043E-01
</CP of DelSqRho>
<CP of DelSqRho>
CP# = 8       
Type = (3,+3)
Coords =  3.87209102563403E-04  7.69036841916808E-04 -1.72293866272925E-01
DistFromNuc =  1.7215555630E-01
Rho =  8.0221374151E+01
DelSqRho = -4.6171106489E+03
GradDelSqRho = -2.8421709430E-14  5.6843418861E-14 -4.3655745685E-11
HessDelSqRho_EigVals =  2.2788197221E+04  4.8776166640E+04  7.3065876760E+06
HessDelSqRho_EigVec1 =  9.6946619414E-01 -2.4522226825E-01  1.1565322190E-03
HessDelSqRho_EigVec2 =  2.4521448713E-01  9.6945752981E-01  4.6854234734E-03
HessDelSqRho_EigVec3 = -2.2701790400E-03 -4.2587612077E-03  9.9998835455E-01
</CP of DelSqRho>
<CP of DelSqRho>
CP# = 9       
Type = (3,-1)
Coords =  7.53665366536362E-02  2.98756562924541E-01  1.35801986904087E-02
DistFromNuc =  3.0838774240E-01
Rho =  1.8277399856E+01
DelSqRho =  1.3061631427E+03
GradDelSqRho = -5.0519588513E-12 -7.7307049651E-12 -6.9277916737E-13
HessDelSqRho_EigVals = -3.3163214020E+05 -1.6972543225E+04  3.8127834761E+03
HessDelSqRho_EigVec1 =  2.4446512465E-01  9.6888109811E-01  3.8810057333E-02
HessDelSqRho_EigVec2 =  9.6960019239E-01 -2.4469200995E-01  1.1345359561E-03
HessDelSqRho_EigVec3 = -1.0595741378E-02 -3.7352884583E-02  9.9924596185E-01
</CP of DelSqRho>
<CP of DelSqRho>
CP# = 10      
Type = (3,-1)
Coords = -1.74124857914514E-01 -1.11681823185602E-01  2.29014395706776E-01
DistFromNuc =  3.0872463244E-01
Rho =  1.8305916886E+01
DelSqRho =  1.2670997165E+03
GradDelSqRho = -2.2737367544E-12  1.3749001937E-12 -3.4106051316E-13
HessDelSqRho_EigVals = -3.2833482063E+05 -1.0942609790E+04  7.5393372758E+03
HessDelSqRho_EigVec1 = -5.6697316204E-01 -3.5708505031E-01  7.4231509507E-01
HessDelSqRho_EigVec2 =  6.4004170579E-01  3.7630985123E-01  6.6987872836E-01
HessDelSqRho_EigVec3 = -5.1854416242E-01  8.5491588049E-01  1.5191738456E-02
</CP of DelSqRho>
<CP of DelSqRho>
CP# = 11      
Type = (3,-1)
Coords =  1.40927160781233E-01 -3.59638443254114E-02  9.21467597345394E-02
DistFromNuc =  1.7226254219E-01
Rho =  7.9696915045E+01
DelSqRho = -4.3452120920E+03
GradDelSqRho =  1.4551915228E-11 -5.0931703299E-11  1.4551915228E-11
HessDelSqRho_EigVals = -5.5951688616E+04 -3.5528739552E+04  7.2591487821E+06
HessDelSqRho_EigVec1 =  2.4510364465E-01  9.6948908887E-01  3.8871507463E-03
HessDelSqRho_EigVec2 = -5.2029646718E-01  1.2815469697E-01  8.4431508330E-01
HessDelSqRho_EigVec3 =  8.1805610420E-01 -2.0896717495E-01  5.3583293121E-01
</CP of DelSqRho>
<CP of DelSqRho>
CP# = 12      
Type = (3,+3)
Coords =  1.47885021591031E-01  8.83046095132471E-02  5.58374447537568E-04
DistFromNuc =  1.7222930899E-01
Rho =  8.0321040158E+01
DelSqRho = -4.6589096037E+03
GradDelSqRho = -5.8207660913E-11  2.1827872843E-11  4.5474735089E-13
HessDelSqRho_EigVals =  3.4524179481E+04  6.5858675301E+04  7.2829856100E+06
HessDelSqRho_EigVec1 = -2.4214522009E-01  3.9869813482E-01  8.8453687864E-01
HessDelSqRho_EigVec2 = -4.5171383334E-01  7.6051072198E-01 -4.6645262839E-01
HessDelSqRho_EigVec3 =  8.5867357311E-01  5.1250681854E-01  4.0565733303E-03
</CP of DelSqRho>
<CP of DelSqRho>
CP# = 13      
Type = (3,+3)
Coords =  8.82716428467754E-02 -1.47849798315028E-01 -5.60310141711889E-04
DistFromNuc =  1.7222911556E-01
Rho =  8.0320981152E+01
DelSqRho = -4.6588713407E+03
GradDelSqRho = -1.4551915228E-11  5.8207660913E-11  5.6843418861E-14
HessDelSqRho_EigVals =  3.4504906518E+04  6.5839373376E+04  7.2830524627E+06
HessDelSqRho_EigVec1 = -4.0400855630E-01 -2.4366344143E-01  8.8170585444E-01
HessDelSqRho_EigVec2 =  7.5767637980E-01  4.5092977696E-01  4.7179321714E-01
HessDelSqRho_EigVec3 = -5.1254618322E-01  8.5865619637E-01  2.4385460110E-03
</CP of DelSqRho>
<CP of DelSqRho>
CP# = 14      
Type = (3,+3)
Coords = -1.47891751619449E-01 -8.82338375095437E-02 -8.54100219105327E-04
DistFromNuc =  1.7222927801E-01
Rho =  8.0321117588E+01
DelSqRho = -4.6589306353E+03
GradDelSqRho =  0.0000000000E+00 -7.2759576142E-12  1.1368683772E-13
HessDelSqRho_EigVals =  3.4532074337E+04  6.5856837980E+04  7.2829990552E+06
HessDelSqRho_EigVec1 =  2.3809943073E-01 -4.0605102601E-01  8.8228749587E-01
HessDelSqRho_EigVec2 = -4.5386627271E-01  7.5660677682E-01  4.7069267231E-01
HessDelSqRho_EigVec3 =  8.5866994100E-01  5.1251219453E-01  4.1452228588E-03
</CP of DelSqRho>
<CP of DelSqRho>
CP# = 15      
Type = (3,-3)
Coords =  6.39401970059779E-02  2.54082736708007E-01  1.63357615843043E-01
DistFromNuc =  3.0880450898E-01
Rho =  1.8042690703E+01
DelSqRho =  1.3264696817E+03
GradDelSqRho =  7.8159700934E-14  3.7516656448E-12  1.1652900866E-12
HessDelSqRho_EigVals = -3.3139531525E+05 -1.1953221852E+04 -5.0861554245E+03
HessDelSqRho_EigVec1 =  2.0718509812E-01  8.2312927074E-01  5.2870836836E-01
HessDelSqRho_EigVec2 =  9.6966145151E-01 -2.4445104536E-01  5.9656275522E-04
HessDelSqRho_EigVec3 = -1.2973436160E-01 -5.1254452497E-01  8.4880333726E-01
</CP of DelSqRho>
<CP of DelSqRho>
CP# = 16      
Type = (3,-1)
Coords =  1.80395542405589E-01  1.01233141483231E-01 -2.29326404954660E-01
DistFromNuc =  3.0872486219E-01
Rho =  1.8305855796E+01
DelSqRho =  1.2670977241E+03
GradDelSqRho =  1.2505552149E-12 -2.4513724384E-13 -2.9842794902E-13
HessDelSqRho_EigVals = -3.2833346227E+05 -1.0942368526E+04  7.5392704147E+03
HessDelSqRho_EigVec1 = -5.8153509672E-01 -3.3267693681E-01  7.4239005044E-01
HessDelSqRho_EigVec2 =  6.3671294023E-01  3.8189661067E-01  6.6988925242E-01
HessDelSqRho_EigVec3 = -5.0637294855E-01  8.6225346301E-01 -1.0266571843E-02
</CP of DelSqRho>
<CP of DelSqRho>
CP# = 17      
Type = (3,-3)
Coords = -2.54384353628013E-01  6.50055718794734E-02 -1.62712351813400E-01
DistFromNuc =  3.0880456620E-01
Rho =  1.8042593248E+01
DelSqRho =  1.3264830584E+03
GradDelSqRho =  7.3896444519E-12 -2.6716406865E-12  4.1495695768E-12
HessDelSqRho_EigVals = -3.3139570100E+05 -1.1955715035E+04 -5.0865478710E+03
HessDelSqRho_EigVec1 =  8.2420837064E-01 -2.1050144470E-01  5.2570876304E-01
HessDelSqRho_EigVec2 =  2.4509683668E-01  9.6949061971E-01  3.9343298235E-03
HessDelSqRho_EigVec3 = -5.1049789658E-01  1.2560684726E-01  8.5065552223E-01
</CP of DelSqRho>
<CP of DelSqRho>
CP# = 18      
Type = (3,-1)
Coords = -1.00754115180768E-01  1.78956745563275E-01  2.30398245100942E-01
DistFromNuc =  3.0872539870E-01
Rho =  1.8305756247E+01
DelSqRho =  1.2670577440E+03
GradDelSqRho = -5.6843418861E-14 -1.5702994460E-12  2.3412383143E-12
HessDelSqRho_EigVals = -3.2833019785E+05 -1.0934141859E+04  7.5430240026E+03
HessDelSqRho_EigVec1 = -3.3122993922E-01  5.7674704717E-01  7.4675937955E-01
HessDelSqRho_EigVec2 = -3.8315020802E-01  6.4103069310E-01 -6.6503802042E-01
HessDelSqRho_EigVec3 =  8.6225439718E-01  5.0640151469E-01 -8.6521935883E-03
</CP of DelSqRho>
<CP of DelSqRho>
CP# = 19      
Type = (3,-3)
Coords =  2.55113069855669E-01 -6.35965400247754E-02 -1.62086361172139E-01
DistFromNuc =  3.0880440071E-01
Rho =  1.8042615680E+01
DelSqRho =  1.3264940333E+03
GradDelSqRho =  0.0000000000E+00 -1.0658141036E-12 -2.6147972676E-12
HessDelSqRho_EigVals = -3.3139695669E+05 -1.1957747430E+04 -5.0873630670E+03
HessDelSqRho_EigVec1 =  8.2658866910E-01 -2.0617705356E-01 -5.2368138663E-01
HessDelSqRho_EigVec2 =  2.4494956856E-01  9.6952331289E-01  4.9248988490E-03
HessDelSqRho_EigVec3 =  5.0670591173E-01 -1.3234639530E-01  8.5189996518E-01
</CP of DelSqRho>
<CP of DelSqRho>
CP# = 20      
Type = (3,-1)
Coords = -7.54299549336719E-02 -2.98791843362456E-01  1.06097607441669E-02
DistFromNuc =  3.0838719838E-01
Rho =  1.8277529591E+01
DelSqRho =  1.3061677654E+03
GradDelSqRho = -1.3820056211E-12  3.4674485505E-12  2.8421709430E-14
HessDelSqRho_EigVals = -3.3163475413E+05 -1.6973767371E+04  3.8131339958E+03
HessDelSqRho_EigVec1 =  2.4462146434E-01  9.6917961057E-01 -2.9175702868E-02
HessDelSqRho_EigVec2 =  9.6960002788E-01 -2.4469252083E-01  1.1645510492E-03
HessDelSqRho_EigVec3 =  6.0104171492E-03  2.8573636497E-02  9.9957362019E-01
</CP of DelSqRho>
<CP of DelSqRho>
CP# = 21      
Type = (3,-1)
Coords =  9.97269038775736E-02 -1.80810403759094E-01  2.29336778636195E-01
DistFromNuc =  3.0872526028E-01
Rho =  1.8305913414E+01
DelSqRho =  1.2670411892E+03
GradDelSqRho = -6.5085714596E-12  2.6432189770E-12 -6.7439387408E-12
HessDelSqRho_EigVals = -3.2832964598E+05 -1.0933692169E+04  7.5454123387E+03
HessDelSqRho_EigVec1 =  3.2792531332E-01 -5.8298289592E-01  7.4336796538E-01
HessDelSqRho_EigVec2 = -3.8627858969E-01  6.3534919167E-01  6.6867051363E-01
HessDelSqRho_EigVec3 =  8.6212170836E-01  5.0642111698E-01  1.6846728104E-02
</CP of DelSqRho>
<CP of DelSqRho>
CP# = 22      
Type = (3,+1)
Coords = -7.17343060291380E-04 -1.28385398468070E-03  3.09559748817850E-01
DistFromNuc =  3.0970369787E-01
Rho =  1.8504458713E+01
DelSqRho =  1.1628618396E+03
GradDelSqRho = -4.8405723874E-14 -2.3203661215E-14  2.2168933356E-12
HessDelSqRho_EigVals = -3.1851244497E+05  9.4851210298E+03  1.0061159403E+04
HessDelSqRho_EigVec1 = -2.3041481625E-03 -4.2615024102E-03  9.9998826518E-01
HessDelSqRho_EigVec2 =  2.3839634546E-01  9.7115663292E-01  4.6879418454E-03
HessDelSqRho_EigVec3 =  9.7116521425E-01 -2.3840434964E-01  1.2217621704E-03
</CP of DelSqRho>
<CP of DelSqRho>
CP# = 23      
Type = (3,+1)
Coords =  7.78756582039638E-02  9.29195981160095E-02  1.22024814133331E-01
DistFromNuc =  1.7209562828E-01
Rho =  8.0107301350E+01
DelSqRho = -4.5161608931E+03
GradDelSqRho = -1.4551915228E-11  0.0000000000E+00  3.6379788071E-11
HessDelSqRho_EigVals = -3.0559285751E+04  2.2881999068E+04  7.3305342983E+06
HessDelSqRho_EigVec1 =  6.6425647603E-01  3.2753918948E-01 -6.7192366636E-01
HessDelSqRho_EigVec2 =  5.9578740689E-01 -7.7485516794E-01  2.1127431105E-01
HessDelSqRho_EigVec3 =  4.5144290874E-01  5.4066398814E-01  7.0984628764E-01
</CP of DelSqRho>
<CP of DelSqRho>
CP# = 24      
Type = (3,+1)
Coords = -7.84578549719729E-02 -9.38426486859852E-02  1.20891590138324E-01
DistFromNuc =  1.7209575139E-01
Rho =  8.0107265915E+01
DelSqRho = -4.5161565959E+03
GradDelSqRho = -2.1827872843E-11  7.2759576142E-12  2.1827872843E-11
HessDelSqRho_EigVals = -3.0570562359E+04  2.2901991636E+04  7.3304891667E+06
HessDelSqRho_EigVec1 =  6.6114256398E-01  3.2192040955E-01  6.7768559083E-01
HessDelSqRho_EigVec2 =  5.9671030371E-01 -7.7315338751E-01 -2.1487357407E-01
HessDelSqRho_EigVec3 = -4.5478272125E-01 -5.4644404041E-01  7.0325783832E-01
</CP of DelSqRho>
<CP of DelSqRho>
CP# = 25      
Type = (3,+1)
Coords = -9.30826136354830E-02  7.87278899499266E-02 -1.21634372813071E-01
DistFromNuc =  1.7209571131E-01
Rho =  8.0107329730E+01
DelSqRho = -4.5162440162E+03
GradDelSqRho = -2.1827872843E-11 -7.2759576142E-12  2.9103830457E-11
HessDelSqRho_EigVals = -3.0528240202E+04  2.2924802444E+04  7.3305010477E+06
HessDelSqRho_EigVec1 =  3.2651780289E-01 -6.5971113923E-01 -6.7688059299E-01
HessDelSqRho_EigVec2 =  7.7449319263E-01  5.9723893998E-01 -2.0848487509E-01
HessDelSqRho_EigVec3 =  5.4179924231E-01 -4.5616538815E-01  7.0595093292E-01
</CP of DelSqRho>
<CP of DelSqRho>
CP# = 26      
Type = (3,+1)
Coords =  9.36241693554279E-02 -7.76298707219162E-02 -1.21872787665947E-01
DistFromNuc =  1.7209570161E-01
Rho =  8.0107283092E+01
DelSqRho = -4.5162100274E+03
GradDelSqRho =  2.1827872843E-11 -1.4551915228E-11  2.9103830457E-11
HessDelSqRho_EigVals = -3.0541165998E+04  2.2914470424E+04  7.3305028194E+06
HessDelSqRho_EigVec1 =  3.2338342419E-01 -6.6547360454E-01  6.7273177613E-01
HessDelSqRho_EigVec2 =  7.7356985885E-01  5.9536763168E-01  2.1708767038E-01
HessDelSqRho_EigVec3 = -5.4498883882E-01  4.5020247091E-01  7.0732234572E-01
</CP of DelSqRho>
<CP of DelSqRho>
CP# = 27      
Type = (3,-1)
Coords = -2.98742677981146E-01  7.55254954006685E-02 -1.27605358338246E-02
DistFromNuc =  3.0838765657E-01
Rho =  1.8277323678E+01
DelSqRho =  1.3061718366E+03
GradDelSqRho = -9.3223206932E-12  2.4726887204E-12  4.2632564146E-14
HessDelSqRho_EigVals = -3.3163333047E+05 -1.6973214826E+04  3.8127130640E+03
HessDelSqRho_EigVec1 =  9.6892871277E-01 -2.4481684806E-01  3.5240040733E-02
HessDelSqRho_EigVec2 =  2.4481030150E-01  9.6956023856E-01  4.5672846874E-03
HessDelSqRho_EigVec3 = -3.5285490541E-02  4.2017517237E-03  9.9936844029E-01
</CP of DelSqRho>
<CP of DelSqRho>
CP# = 28      
Type = (3,-1)
Coords =  2.98792001106062E-01 -7.53520877660767E-02 -1.20005469607927E-02
DistFromNuc =  3.0838752251E-01
Rho =  1.8277356590E+01
DelSqRho =  1.3061732978E+03
GradDelSqRho =  3.1832314562E-12 -3.1263880373E-12 -1.0658141036E-13
HessDelSqRho_EigVals = -3.3163407377E+05 -1.6973613741E+04  3.8128836180E+03
HessDelSqRho_EigVec1 =  9.6908697226E-01 -2.4453265643E-01 -3.2775297779E-02
HessDelSqRho_EigVec2 =  2.4480741971E-01  9.6956086639E-01  4.5884227354E-03
HessDelSqRho_EigVec3 =  3.0655626911E-02 -1.2470216776E-02  9.9945221308E-01
</CP of DelSqRho>
<CP of DelSqRho>
CP# = 29      
Type = (3,+1)
Coords =  7.09276915754144E-04  1.35623276809642E-03 -3.09839982788085E-01
DistFromNuc =  3.0970330307E-01
Rho =  1.8504535003E+01
DelSqRho =  1.1628627625E+03
GradDelSqRho =  1.7075230119E-13  2.2348789486E-13 -3.6948222260E-12
HessDelSqRho_EigVals = -3.1851361408E+05  9.4852065093E+03  1.0060912592E+04
HessDelSqRho_EigVec1 = -2.3025207138E-03 -4.2631605897E-03  9.9998826186E-01
HessDelSqRho_EigVec2 =  9.6795652340E-01 -2.5111516751E-01  1.1582092549E-03
HessDelSqRho_EigVec3 =  2.5110728225E-01  9.6794782820E-01  4.7047519779E-03
</CP of DelSqRho>
<CP of DelSqRho>
CP# = 30      
Type = (3,-1)
Coords = -1.10246126029147E-01  1.74606917076368E-01 -2.29667824495982E-01
DistFromNuc =  3.0872534505E-01
Rho =  1.8305887034E+01
DelSqRho =  1.2670380437E+03
GradDelSqRho = -5.4001247918E-13 -3.6948222260E-13 -7.5157657875E-12
HessDelSqRho_EigVals = -3.2832859444E+05 -1.0933227658E+04  7.5453642805E+03
HessDelSqRho_EigVec1 =  3.5230440277E-01 -5.6842929483E-01  7.4348486505E-01
HessDelSqRho_EigVec2 = -3.8070895917E-01  6.3867395370E-01  6.6869744225E-01
HessDelSqRho_EigVec3 =  8.5495163384E-01  5.1863640216E-01 -8.6015206260E-03
</CP of DelSqRho>
<CP of DelSqRho>
CP# = 31      
Type = (3,-1)
Coords =  1.11262989902660E-01 -1.72608070850000E-01 -2.30628602265990E-01
DistFromNuc =  3.0872485985E-01
Rho =  1.8305867808E+01
DelSqRho =  1.2670602600E+03
GradDelSqRho = -1.7905676941E-12  4.0003556023E-12  3.5154101852E-12
HessDelSqRho_EigVals = -3.2833223915E+05 -1.0934485489E+04  7.5429898254E+03
HessDelSqRho_EigVec1 = -3.5562168276E-01  5.6218633353E-01  7.4664566238E-01
HessDelSqRho_EigVec2 = -3.7757923739E-01  6.4435901216E-01 -6.6500780667E-01
HessDelSqRho_EigVec3 =  8.5496616204E-01  5.1840909506E-01  1.6878149125E-02
</CP of DelSqRho>
<CP of DelSqRho>
CP# = 32      
Type = (3,-1)
Coords =  1.73060468765921E-01  1.09829212189420E-01  2.30738377287053E-01
DistFromNuc =  3.0872440526E-01
Rho =  1.8305703408E+01
DelSqRho =  1.2671386505E+03
GradDelSqRho =  2.9558577808E-12  2.5828228445E-12  2.3732127374E-12
HessDelSqRho_EigVals = -3.2833851938E+05 -1.0944192162E+04  7.5344176455E+03
HessDelSqRho_EigVec1 =  5.6355071888E-01  3.5085143853E-01  7.4787288715E-01
HessDelSqRho_EigVec2 =  6.4305131630E-01  3.8197648002E-01 -6.6376123216E-01
HessDelSqRho_EigVec3 = -5.1855143608E-01  8.5498376405E-01 -1.0352359465E-02
</CP of DelSqRho>
<CP of DelSqRho>
CP# = 33      
Type = (3,-1)
Coords = -1.79352240156125E-01 -9.92276649440954E-02 -2.30990206228952E-01
DistFromNuc =  3.0872450216E-01
Rho =  1.8305676084E+01
DelSqRho =  1.2671376570E+03
GradDelSqRho = -6.5938365879E-12 -1.8118839762E-12 -6.4943606048E-12
HessDelSqRho_EigVals = -3.2833780570E+05 -1.0944246619E+04  7.5344172968E+03
HessDelSqRho_EigVec1 =  5.7813119285E-01  3.2641383906E-01  7.4780901942E-01
HessDelSqRho_EigVec2 =  6.3971591619E-01  3.8757536122E-01 -6.6373856747E-01
HessDelSqRho_EigVec3 = -5.0648580476E-01  8.6211330175E-01  1.5257277786E-02
</CP of DelSqRho>
<CP of DelSqRho>
CP# = 34      
Type = (3,+1)
Coords =  2.66408576151841E-01  1.59056206116112E-01  1.12625339686620E-03
DistFromNuc =  3.1026533263E-01
Rho =  1.8785456953E+01
DelSqRho =  1.1045822621E+03
GradDelSqRho = -6.8212102633E-13  2.0072832285E-12 -1.5287771049E-13
HessDelSqRho_EigVals = -3.1223539170E+05  1.2123221539E+04  1.6739561163E+04
HessDelSqRho_EigVec1 =  8.5865904097E-01  5.1253095177E-01  4.0834841150E-03
HessDelSqRho_EigVec2 = -3.3028769452E-02  4.7380131459E-02  9.9833071852E-01
HessDelSqRho_EigVec3 = -5.1148191733E-01  8.5736056979E-01 -5.7611644883E-02
</CP of DelSqRho>
<CP of DelSqRho>
CP# = 35      
Type = (3,+1)
Coords = -1.59024579740606E-01  2.66448407085469E-01  6.17269006580695E-04
DistFromNuc =  3.1026421227E-01
Rho =  1.8784960825E+01
DelSqRho =  1.1046852811E+03
GradDelSqRho = -2.7569058147E-12  1.5063505998E-12  5.8342219944E-14
HessDelSqRho_EigVals = -3.1224702240E+05  1.2111446510E+04  1.6735542676E+04
HessDelSqRho_EigVec1 = -5.1253355147E-01  8.5866372777E-01  2.4415637320E-03
HessDelSqRho_EigVec2 =  4.9367176411E-02  2.6628135789E-02  9.9842567289E-01
HessDelSqRho_EigVec3 =  8.5724689589E-01  5.1184718911E-01 -5.6037616732E-02
</CP of DelSqRho>
<CP of DelSqRho>
CP# = 36      
Type = (3,+1)
Coords =  1.59017460079635E-01 -2.66377061833998E-01 -8.97992951296219E-04
DistFromNuc =  3.1026460691E-01
Rho =  1.8784884270E+01
DelSqRho =  1.1046834830E+03
GradDelSqRho = -5.9969806898E-12 -3.7658764995E-12  5.4400928207E-15
HessDelSqRho_EigVals = -3.1224565009E+05  1.2111948886E+04  1.6735170859E+04
HessDelSqRho_EigVec1 = -5.1253354163E-01  8.5866373169E-01  2.4422513136E-03
HessDelSqRho_EigVec2 = -5.3333960113E-02 -3.4673350088E-02  9.9797457257E-01
HessDelSqRho_EigVec3 =  8.5700925164E-01  5.1136518720E-01  6.3567192136E-02
</CP of DelSqRho>
<CP of DelSqRho>
CP# = 37      
Type = (3,+1)
Coords = -2.66416080923814E-01 -1.58984702327854E-01 -1.40918015694846E-03
DistFromNuc =  3.1026553934E-01
Rho =  1.8785416429E+01
DelSqRho =  1.1045811622E+03
GradDelSqRho = -5.0022208598E-12 -4.3343106881E-12  3.5194069881E-14
HessDelSqRho_EigVals = -3.1223459774E+05  1.2123429058E+04  1.6739394396E+04
HessDelSqRho_EigVec1 =  8.5865916670E-01  5.1253070457E-01  4.0880699895E-03
HessDelSqRho_EigVec2 =  2.8366403842E-02 -5.5483890970E-02  9.9805655400E-01
HessDelSqRho_EigVec3 = -5.1176145085E-01  8.5687444513E-01  6.2180404533E-02
</CP of DelSqRho>
<CP of DelSqRho>
CP# = 38      
Type = (3,-3)
Coords =  2.51936874788861E-01 -6.43230439339561E-02  1.63712996209150E-01
DistFromNuc =  3.0734999090E-01
Rho =  1.8345566475E+01
DelSqRho =  1.3376961968E+03
GradDelSqRho =  5.9117155615E-12 -3.1263880373E-13 -1.1937117961E-12
HessDelSqRho_EigVals = -3.3788023378E+05 -1.2662916835E+04 -6.0260069205E+03
HessDelSqRho_EigVec1 =  8.1935504532E-01 -2.0930999776E-01  5.3371025336E-01
HessDelSqRho_EigVec2 =  2.4511377206E-01  9.6948642756E-01  3.9122279422E-03
HessDelSqRho_EigVec3 = -5.1824371531E-01  1.2761422968E-01  8.4565835887E-01
</CP of DelSqRho>
<CP of DelSqRho>
CP# = 39      
Type = (3,-3)
Coords =  6.40600166827464E-02  2.53040870794225E-01 -1.62461770796418E-01
DistFromNuc =  3.0734990483E-01
Rho =  1.8345624583E+01
DelSqRho =  1.3377077463E+03
GradDelSqRho =  3.1015190416E-12  1.3130829757E-11 -7.7555739608E-12
HessDelSqRho_EigVals = -3.3788028424E+05 -1.2666380449E+04 -6.0273608007E+03
HessDelSqRho_EigVec1 =  2.0834815850E-01  8.2282268781E-01 -5.2872854025E-01
HessDelSqRho_EigVec2 =  9.6965173860E-01 -2.4448491993E-01  1.6216548075E-03
HessDelSqRho_EigVec3 =  1.2793182046E-01  5.1302041709E-01  8.4878943264E-01
</CP of DelSqRho>
<CP of DelSqRho>
CP# = 40      
Type = (3,-3)
Coords = -6.33288586822452E-02 -2.51568950837992E-01 -1.64909990401420E-01
DistFromNuc =  3.0735010782E-01
Rho =  1.8345623671E+01
DelSqRho =  1.3376795933E+03
GradDelSqRho = -1.9575452370E-12 -3.1263880373E-12 -2.5153212846E-12
HessDelSqRho_EigVals = -3.3787852310E+05 -1.2660494055E+04 -6.0252397984E+03
HessDelSqRho_EigVec1 =  2.0594190680E-01  8.1826138741E-01  5.3669007154E-01
HessDelSqRho_EigVec2 =  9.6966597036E-01 -2.4443314156E-01  5.8756937266E-04
HessDelSqRho_EigVec3 = -1.3166562556E-01 -5.2028909385E-01  8.4377924949E-01
</CP of DelSqRho>
<CP of DelSqRho>
CP# = 41      
Type = (3,-3)
Coords = -6.46795562135022E-02 -2.55400269371865E-01  1.60885837991652E-01
DistFromNuc =  3.0880412996E-01
Rho =  1.8042735694E+01
DelSqRho =  1.3264999758E+03
GradDelSqRho =  3.2649438708E-12 -1.8758328224E-12 -2.0570212200E-12
HessDelSqRho_EigVals = -3.3139827075E+05 -1.1959276926E+04 -5.0883134408E+03
HessDelSqRho_EigVec1 =  2.0955203193E-01  8.2762260424E-01 -5.2070026970E-01
HessDelSqRho_EigVec2 =  9.6964632492E-01 -2.4450654416E-01  1.5982607740E-03
HessDelSqRho_EigVec3 =  1.2599186674E-01  5.0523002169E-01  8.5373805977E-01
</CP of DelSqRho>
<CP of DelSqRho>
CP# = 42      
Type = (3,-1)
Coords =  6.08971194266332E-01 -1.51839419766293E-01 -3.88102369841508E-01
DistFromNuc =  7.3785570977E-01
Rho =  1.5508168063E+00
DelSqRho =  3.9497539875E-01
GradDelSqRho = -9.2814644859E-14  4.6629367034E-14 -5.1514348343E-14
HessDelSqRho_EigVals = -3.4331407582E+02 -1.6657135885E+02  1.1663915862E+03
HessDelSqRho_EigVec1 =  2.4500180854E-01  9.6950949071E-01  5.0459132132E-03
HessDelSqRho_EigVec2 =  5.0522335969E-01 -1.3211203756E-01  8.5281637318E-01
HessDelSqRho_EigVec3 =  8.2748019350E-01 -2.0639224056E-01 -5.2218653027E-01
</CP of DelSqRho>
<CP of DelSqRho>
CP# = 43      
Type = (3,-1)
Coords = -6.07208019097787E-01  1.55115853905174E-01 -3.89596438458227E-01
DistFromNuc =  7.3785025019E-01
Rho =  1.5508481341E+00
DelSqRho =  3.9350747758E-01
GradDelSqRho =  8.7041485131E-14  2.2648549702E-14 -5.6843418861E-14
HessDelSqRho_EigVals = -3.4327763911E+02 -1.6655992272E+02  1.1665134239E+03
HessDelSqRho_EigVec1 =  2.4511043024E-01  9.6948738950E-01  3.8831164620E-03
HessDelSqRho_EigVec2 = -5.0904148209E-01  1.2528745960E-01  8.5157490685E-01
HessDelSqRho_EigVec3 =  8.2510462761E-01 -2.1070655916E-01  5.2421856074E-01
</CP of DelSqRho>
<CP of DelSqRho>
CP# = 44      
Type = (3,-1)
Coords =  1.52625107333043E-01  6.06431902413181E-01  3.91510605780590E-01
DistFromNuc =  7.3783615382E-01
Rho =  1.5509965079E+00
DelSqRho =  3.9044015384E-01
GradDelSqRho =  7.9047879353E-14  1.5276668819E-13  8.8817841970E-14
HessDelSqRho_EigVals = -3.4325998231E+02 -1.6654473945E+02  1.1668203645E+03
HessDelSqRho_EigVec1 =  9.6965430890E-01 -2.4447927478E-01  6.3673340224E-04
HessDelSqRho_EigVec2 = -1.2941551490E-01 -5.1107504094E-01  8.4973756363E-01
HessDelSqRho_EigVec3 =  2.0741780476E-01  8.2403409319E-01  5.2720552684E-01
</CP of DelSqRho>
<CP of DelSqRho>
CP# = 45      
Type = (3,-1)
Coords = -1.54390997522659E-01 -6.09697498384114E-01  3.85630359746333E-01
DistFromNuc =  7.3785444800E-01
Rho =  1.5508750348E+00
DelSqRho =  3.9511166980E-01
GradDelSqRho = -3.1086244690E-14 -1.7763568394E-14 -4.9737991503E-14
HessDelSqRho_EigVals = -3.4335010694E+02 -1.6658816001E+02  1.1664126781E+03
HessDelSqRho_EigVec1 =  9.6964396061E-01 -2.4451594921E-01  1.5938087218E-03
HessDelSqRho_EigVec2 =  1.2563342781E-01  5.0377834554E-01  8.5464824365E-01
HessDelSqRho_EigVec3 =  2.0977805286E-01  8.2850427226E-01 -5.1920500710E-01
</CP of DelSqRho>
<CP of DelSqRho>
CP# = 46      
Type = (3,+3)
Coords = -1.52521978633519E-03 -2.78554935776019E-03  6.61873763850483E-01
DistFromNuc =  6.6202183952E-01
Rho =  2.5343388046E+00
DelSqRho = -3.4677682727E+01
GradDelSqRho = -1.9428902931E-15  2.7478019859E-15 -2.6290081223E-13
HessDelSqRho_EigVals =  4.2219141820E+02  5.1622014432E+02  3.8926954688E+03
HessDelSqRho_EigVec1 =  9.6914028067E-01 -2.4650706001E-01  1.1771761322E-03
HessDelSqRho_EigVec2 =  2.4649914979E-01  9.6913161861E-01  4.6983995356E-03
HessDelSqRho_EigVec3 = -2.2990272666E-03 -4.2632353289E-03  9.9998826958E-01
</CP of DelSqRho>
<CP of DelSqRho>
CP# = 47      
Type = (3,+3)
Coords =  1.52147372636614E-03  2.85320555241489E-03 -6.62151635809490E-01
DistFromNuc =  6.6201907257E-01
Rho =  2.5344053154E+00
DelSqRho = -3.4679866904E+01
GradDelSqRho =  2.1094237468E-15  3.2474023470E-15 -5.1869619710E-13
HessDelSqRho_EigVals =  4.2221890918E+02  5.1627917164E+02  3.8928602068E+03
HessDelSqRho_EigVec1 =  2.4259471975E-01  9.7011639717E-01  4.6880573421E-03
HessDelSqRho_EigVec2 =  9.7012498666E-01 -2.4260268335E-01  1.2034520886E-03
HessDelSqRho_EigVec3 = -2.3048238953E-03 -4.2560504443E-03  9.9998828684E-01
</CP of DelSqRho>
<CP of DelSqRho>
CP# = 48      
Type = (3,-1)
Coords =  1.52174079402696E-01  6.01185146975755E-01 -3.54979094643531E-01
DistFromNuc =  7.1445723027E-01
Rho =  1.7998343997E+00
DelSqRho = -5.0880899253E+00
GradDelSqRho =  1.7763568394E-14  8.8817841970E-14 -9.3258734069E-14
HessDelSqRho_EigVals = -3.6475561331E+02 -1.1259553478E+02  1.7801595968E+03
HessDelSqRho_EigVec1 =  9.6963822786E-01 -2.4453895406E-01  1.5514573704E-03
HessDelSqRho_EigVec2 =  1.2000610853E-01  4.8135316154E-01  8.6827280724E-01
HessDelSqRho_EigVec3 =  2.1307332303E-01  8.4172432175E-01 -4.9608459479E-01
</CP of DelSqRho>
<CP of DelSqRho>
CP# = 49      
Type = (3,-1)
Coords = -1.50566779039628E-01 -5.98042736048688E-01 -3.60776964515823E-01
DistFromNuc =  7.1444104599E-01
Rho =  1.7999549180E+00
DelSqRho = -5.0939539823E+00
GradDelSqRho = -8.8817841970E-15 -1.2434497876E-13 -9.1482377229E-14
HessDelSqRho_EigVals = -3.6461382718E+02 -1.1252680221E+02  1.7806539822E+03
HessDelSqRho_EigVec1 =  9.6965089244E-01 -2.4449278642E-01  6.5129480115E-04
HessDelSqRho_EigVec2 = -1.2382213367E-01 -4.8877433159E-01  8.6357844577E-01
HessDelSqRho_EigVec3 =  2.1082036432E-01  8.3745025534E-01  5.0421408530E-01
</CP of DelSqRho>
<CP of DelSqRho>
CP# = 50      
Type = (3,-1)
Coords =  5.98817508166532E-01 -1.52788308390435E-01  3.58321251749377E-01
DistFromNuc =  7.1444855034E-01
Rho =  1.7998485887E+00
DelSqRho = -5.0911762406E+00
GradDelSqRho = -6.5447647302E-14 -3.8635761257E-14  5.8619775700E-14
HessDelSqRho_EigVals = -3.6468316934E+02 -1.1253014885E+02  1.7804353922E+03
HessDelSqRho_EigVec1 =  2.4501123782E-01  9.6951190227E-01  4.0205336398E-03
HessDelSqRho_EigVec2 = -4.8674537699E-01  1.1941983172E-01  8.6534261525E-01
HessDelSqRho_EigVec3 =  8.3847983358E-01 -2.1397564146E-01  5.0116463716E-01
</CP of DelSqRho>
<CP of DelSqRho>
CP# = 51      
Type = (3,-1)
Coords = -6.00446806111302E-01  1.49910596976462E-01  3.56860931379851E-01
DistFromNuc =  7.1445383333E-01
Rho =  1.7998112328E+00
DelSqRho = -5.0893080869E+00
GradDelSqRho =  1.5321077740E-13 -5.0626169923E-14 -1.3145040612E-13
HessDelSqRho_EigVals = -3.6472240537E+02 -1.1255918050E+02  1.7802754118E+03
HessDelSqRho_EigVec1 =  2.4489733274E-01  9.6953673576E-01  4.8800036073E-03
HessDelSqRho_EigVec2 =  4.8288725799E-01 -1.2633500579E-01  8.6652141485E-01
HessDelSqRho_EigVec3 =  8.4074085930E-01 -2.0985229169E-01 -4.9911604180E-01
</CP of DelSqRho>
<CP of DelSqRho>
CP# = 52      
Type = (3,+1)
Coords = -2.77995445029896E-01  3.73220864229187E-01  5.16208597615733E-01
DistFromNuc =  6.9509905057E-01
Rho =  2.0228169950E+00
DelSqRho = -1.3719883433E+01
GradDelSqRho =  2.4602542226E-13 -2.7178259643E-13 -1.0409451079E-12
HessDelSqRho_EigVals = -3.9046434637E+02  2.6766815301E+02  2.4123602517E+03
HessDelSqRho_EigVec1 = -3.7042190937E-01  6.4638597482E-01 -6.6706280110E-01
HessDelSqRho_EigVec2 = -8.3628812136E-01 -5.4461885136E-01 -6.3344177454E-02
HessDelSqRho_EigVec3 = -4.0423976442E-01  5.3439262560E-01  7.4230366736E-01
</CP of DelSqRho>
<CP of DelSqRho>
CP# = 53      
Type = (3,+1)
Coords =  2.75683357028382E-01 -3.77462794618234E-01  5.14291590342884E-01
DistFromNuc =  6.9508901594E-01
Rho =  2.0229754769E+00
DelSqRho = -1.3724434788E+01
GradDelSqRho =  2.4868995752E-14 -4.3520742565E-14  3.0198066270E-14
HessDelSqRho_EigVals = -3.9042746123E+02  2.6778122215E+02  2.4127298597E+03
HessDelSqRho_EigVec1 = -3.7355940662E-01  6.4068300643E-01  6.7080448344E-01
HessDelSqRho_EigVec2 = -8.3648716541E-01 -5.4522752328E-01  5.4919668183E-02
HessDelSqRho_EigVec3 =  4.0092716523E-01 -5.4060358224E-01  7.3959798205E-01
</CP of DelSqRho>
<CP of DelSqRho>
CP# = 54      
Type = (3,+1)
Coords =  3.76496181600010E-01  2.79066506542563E-01 -5.13534146156280E-01
DistFromNuc =  6.9511401455E-01
Rho =  2.0227227082E+00
DelSqRho = -1.3711499767E+01
GradDelSqRho = -1.0285106100E-12 -8.0824236193E-13  2.5117685709E-12
HessDelSqRho_EigVals = -3.9072754868E+02  2.6748621214E+02  2.4117686232E+03
HessDelSqRho_EigVec1 = -6.4205797960E-01 -3.6912168219E-01 -6.7194548482E-01
HessDelSqRho_EigVec2 = -5.4505077259E-01  8.3614544828E-01  6.1485320374E-02
HessDelSqRho_EigVec3 = -5.3914859373E-01 -4.0572154621E-01  7.3804391523E-01
</CP of DelSqRho>
<CP of DelSqRho>
CP# = 55      
Type = (3,+1)
Coords = -3.74126317346868E-01 -2.74711845930279E-01 -5.17583437408440E-01
DistFromNuc =  6.9512690553E-01
Rho =  2.0224705241E+00
DelSqRho = -1.3705361112E+01
GradDelSqRho =  9.6589403142E-14  8.3488771452E-14  1.1901590824E-13
HessDelSqRho_EigVals = -3.9071731854E+02  2.6727393609E+02  2.4113198960E+03
HessDelSqRho_EigVec1 = -6.4508536384E-01 -3.7479059022E-01  6.6588053497E-01
HessDelSqRho_EigVec2 = -5.4485734573E-01  8.3659147136E-01 -5.6966506444E-02
HessDelSqRho_EigVec3 =  5.3571946592E-01  3.9955816039E-01  7.4388031988E-01
</CP of DelSqRho>
<CP of DelSqRho>
CP# = 56      
Type = (3,+1)
Coords =  1.72372814198264E-01  6.82591727449243E-01 -1.00045919617994E-01
DistFromNuc =  7.1103962037E-01
Rho =  1.8578368814E+00
DelSqRho = -6.4231628195E+00
GradDelSqRho =  6.1284310959E-14  2.6822988275E-13 -7.5051076465E-14
HessDelSqRho_EigVals = -5.2519563526E+02  9.6915255167E+01  1.8660499442E+03
HessDelSqRho_EigVec1 =  9.6959992511E-01 -2.4469279792E-01  1.1915837327E-03
HessDelSqRho_EigVec2 =  3.4069607813E-02  1.3982049940E-01  9.8959056673E-01
HessDelSqRho_EigVec3 =  2.4231229241E-01  9.5946634260E-01 -1.4390653341E-01
</CP of DelSqRho>
<CP of DelSqRho>
CP# = 57      
Type = (3,+1)
Coords = -1.71902681096481E-01 -6.81599271887176E-01 -1.06864285942883E-01
DistFromNuc =  7.1103142099E-01
Rho =  1.8579024553E+00
DelSqRho = -6.4260620803E+00
GradDelSqRho = -3.6948222260E-13 -2.3270274596E-13 -1.1013412404E-13
HessDelSqRho_EigVals = -5.2508223181E+02  9.6880659983E+01  1.8663233461E+03
HessDelSqRho_EigVec1 =  9.6960042203E-01 -2.4469125353E-01  1.1009335277E-03
HessDelSqRho_EigVec2 = -3.8611447892E-02 -1.4855368912E-01  9.8815027073E-01
HessDelSqRho_EigVec3 =  2.4162818068E-01  9.5815342816E-01  1.5348560325E-01
</CP of DelSqRho>
<CP of DelSqRho>
CP# = 58      
Type = (3,+1)
Coords =  6.81839194999894E-01 -1.72610062710274E-01  1.04068765922505E-01
DistFromNuc =  7.1103856929E-01
Rho =  1.8577791128E+00
DelSqRho = -6.4237014094E+00
GradDelSqRho =  2.5224267119E-13 -2.6467716907E-13  1.1368683772E-13
HessDelSqRho_EigVals = -5.2511088190E+02  9.6877171754E+01  1.8661089526E+03
HessDelSqRho_EigVec1 =  2.4480435882E-01  9.6956200928E-01  4.5095520417E-03
HessDelSqRho_EigVec2 = -1.4648609518E-01  3.2387737595E-02  9.8868238498E-01
HessDelSqRho_EigVec3 =  9.5844282554E-01 -2.4269434400E-01  1.4995601211E-01
</CP of DelSqRho>
<CP of DelSqRho>
CP# = 59      
Type = (3,+1)
Coords = -6.82329438445620E-01  1.71824999329020E-01  1.02323297826616E-01
DistFromNuc =  7.1104060878E-01
Rho =  1.8577666329E+00
DelSqRho = -6.4230046722E+00
GradDelSqRho = -4.9737991503E-14 -5.1514348343E-14  3.9079850467E-14
HessDelSqRho_EigVals = -5.2514913735E+02  9.6894593476E+01  1.8660410823E+03
HessDelSqRho_EigVec1 =  2.4480071848E-01  9.6956234941E-01  4.6323679208E-03
HessDelSqRho_EigVec2 =  1.4189556493E-01 -4.0552093162E-02  9.8905064400E-01
HessDelSqRho_EigVec3 =  9.5913411830E-01 -2.4146299581E-01 -1.4750377884E-01
</CP of DelSqRho>
<CP of DelSqRho>
CP# = 60      
Type = (3,+1)
Coords = -1.97856163686536E-01  4.24012503818780E-01 -5.14191348110223E-01
DistFromNuc =  6.9509013059E-01
Rho =  2.0229825528E+00
DelSqRho = -1.3724002087E+01
GradDelSqRho =  5.5067062021E-14 -9.7699626167E-15  2.8421709430E-14
HessDelSqRho_EigVals = -3.9045853518E+02  2.6780307406E+02  2.4126751102E+03
HessDelSqRho_EigVec1 = -3.9144449980E-01  6.2998572389E-01  6.7073779621E-01
HessDelSqRho_EigVec2 =  8.7643771322E-01  4.7735807719E-01  6.3136368158E-02
HessDelSqRho_EigVec3 =  2.8040709410E-01 -6.1257428434E-01  7.3900244096E-01
</CP of DelSqRho>
<CP of DelSqRho>
CP# = 61      
Type = (3,+1)
Coords =  2.00118117152368E-01 -4.19634757530460E-01 -5.16843397364848E-01
DistFromNuc =  6.9509295140E-01
Rho =  2.0229003949E+00
DelSqRho = -1.3722352552E+01
GradDelSqRho =  6.1284310959E-14 -1.1812772982E-13 -1.0302869669E-13
HessDelSqRho_EigVals = -3.9042791657E+02  2.6771050952E+02  2.4125913594E+03
HessDelSqRho_EigVec1 = -3.8831400484E-01  6.3567992286E-01 -6.6717559107E-01
HessDelSqRho_EigVec2 =  8.7678026665E-01  4.7771927526E-01 -5.5142162195E-02
HessDelSqRho_EigVec3 = -2.8366987443E-01  6.0637886648E-01  7.4285669724E-01
</CP of DelSqRho>
<CP of DelSqRho>
CP# = 62      
Type = (3,+1)
Coords =  4.20660487300632E-01  1.96810886552607E-01  5.17083881085955E-01
DistFromNuc =  6.9512562675E-01
Rho =  2.0224886165E+00
DelSqRho = -1.3706054374E+01
GradDelSqRho =  9.1704421834E-14  2.5757174171E-14  5.7731597281E-14
HessDelSqRho_EigVals = -3.9070124788E+02  2.6730171669E+02  2.4113705636E+03
HessDelSqRho_EigVec1 =  6.3434754503E-01  3.9277701911E-01 -6.6582986218E-01
HessDelSqRho_EigVec2 = -4.7770551859E-01  8.7634080062E-01  6.1840429157E-02
HessDelSqRho_EigVec3 =  6.0778337392E-01  2.7884227519E-01  7.4353638509E-01
</CP of DelSqRho>
<CP of DelSqRho>
CP# = 63      
Type = (3,+1)
