 AIMInt (Version 19.02.13, Professional)
 Portions Copyright (c) 1997-2019 by Todd A. Keith
 AIMInt is a component of the AIMAll package ( http://aim.tkgristmill.com )

 TP:  64-bit Linux

 Licensed To:  Research Group of Fernando Cortes Guzman, UNAM, fercor@unam.mx

 AIMInt is a heavily modified and extended version of the PROAIMV program
 developed by members of R.F.W. Bader's research group

 Much of the Quantum Theory of Atoms in Molecules (QTAIM) is described in the book:
   "Atoms in Molecules - A Quantum Theory"
   R.F.W. Bader, Oxford University Press, Oxford, 1990

 For additional references see:  http://aim.tkgristmill.com/references.html

 Current Directory:  /home/scratch/M_H2O_4_tetraedrico/Opt

 Inp File:  Cr3_tetraedrico_cc-pvtz-def2-tzv_1_atomicfiles/o2.inp
 Wfx File:  Cr3_tetraedrico_cc-pvtz-def2-tzv_1.wfx
 Out File:  Cr3_tetraedrico_cc-pvtz-def2-tzv_1_atomicfiles/o2.int

 Wfx Title:   Cr3_tetraedrico_cc-pvtz-def2-tzv_1                                            
 Job Title:   Cr3_tetraedrico_cc-pvtz-def2-tzv_1                                            
 
<Atom>
O2      
</Atom>
<Nuclei of Molecule>
    13
Cr1       24.0          -3.6832722752E-06   3.5828608928E-05  -1.4031511806E-04
O2         8.0           2.6818516719E+00  -6.6950533313E-01  -1.9498626260E+00
H3         1.0           3.8399028356E+00   5.9695142676E-01  -2.7324800617E+00
O4         8.0          -6.8205900022E-01  -2.6855361727E+00   1.9401056050E+00
H5         1.0          -2.3479732881E+00  -3.1089844693E+00   2.7164407218E+00
O6         8.0          -2.6730624932E+00   6.8585155770E-01  -1.9562752983E+00
H7         1.0          -3.0908182563E+00   2.3526709045E+00  -2.7338011881E+00
O8         8.0           6.7325612776E-01   2.6693329980E+00   1.9654701517E+00
H9         1.0           2.3352785397E+00   3.0858473140E+00   2.7539010463E+00
H10        1.0           5.7945744631E-01  -3.8425168173E+00   2.7321190992E+00
H11        1.0          -3.8281932130E+00  -5.7394661352E-01  -2.7537799019E+00
H12        1.0          -5.9234528460E-01   3.8183370619E+00   2.7627277303E+00
H13        1.0           3.1048891688E+00  -2.3303630927E+00  -2.7372625428E+00
</Nuclei of Molecule>
<Total Number of CPs of DelSqRho>
    36
</Total Number of CPs of DelSqRho>
<Number of (3,+3) CPs of DelSqRho>
     5
</Number of (3,+3) CPs of DelSqRho>
<Number of (3,+1) CPs of DelSqRho>
    14
</Number of (3,+1) CPs of DelSqRho>
<Number of (3,-1) CPs of DelSqRho>
    12
</Number of (3,-1) CPs of DelSqRho>
<Number of (3,-3) CPs of DelSqRho>
     5
</Number of (3,-3) CPs of DelSqRho>
<Number of Degenerate CPs of DelSqRho>
     0
</Number of Degenerate CPs of DelSqRho>
<CP of DelSqRho>
CP# = 1       
Type = (3,+3)
Coords =  2.68185180564473E+00 -6.69505366349524E-01 -1.94986284308210E+00
DistFromNuc =  2.5712879475E-07
Rho =  2.9719225706E+02
DelSqRho = -3.3279380705E+06
GradDelSqRho =  4.1211696953E-06 -1.8800475345E-06  1.0150433354E-05
HessDelSqRho_EigVals =  1.3234372774E+11  1.3234374789E+11  1.3234375334E+11
HessDelSqRho_EigVec1 =  6.1671234846E-01 -1.5610666888E-01  7.7155465599E-01
HessDelSqRho_EigVec2 =  7.4859008801E-01 -1.8684785099E-01 -6.3616095504E-01
HessDelSqRho_EigVec3 =  2.4347229696E-01  9.6990648441E-01  1.6285280089E-03
</CP of DelSqRho>
<CP of DelSqRho>
CP# = 2       
Type = (3,-1)
Coords =  1.67503272115341E+00 -4.22932374431001E-01 -1.00140011665676E+00
DistFromNuc =  1.4050137918E+00
Rho =  1.8623441040E-01
DelSqRho =  4.2230147134E-01
GradDelSqRho =  8.6562007562E-13 -4.2114402243E-13 -1.1135120603E-12
HessDelSqRho_EigVals = -5.8450699398E-01 -8.3347560575E-02  3.6902875264E+00
HessDelSqRho_EigVec1 =  4.9738779905E-01 -1.3523130388E-01  8.5692349239E-01
HessDelSqRho_EigVec2 =  2.5050069411E-01  9.6808832800E-01  7.3750550835E-03
HessDelSqRho_EigVec3 =  8.3057496929E-01 -2.1099166723E-01 -5.1539085824E-01
</CP of DelSqRho>
<CP of DelSqRho>
CP# = 3       
Type = (3,+1)
Coords =  2.61154173230005E+00 -6.51603429859627E-01 -2.10193761561096E+00
DistFromNuc =  1.6849560294E-01
Rho =  2.2518857228E+01
DelSqRho =  1.2320802809E+03
GradDelSqRho =  1.1862510974E-11 -9.2281737807E-13 -4.9793502654E-13
HessDelSqRho_EigVals = -4.0921722291E+05  2.3662910077E+03  3.1349015561E+03
HessDelSqRho_EigVec1 =  4.2022111055E-01 -1.0698133333E-01  9.0109334287E-01
HessDelSqRho_EigVec2 =  8.7414139286E-01 -2.1874319654E-01 -4.3362223104E-01
HessDelSqRho_EigVec3 =  2.4349752264E-01  9.6990020532E-01  1.5963027493E-03
</CP of DelSqRho>
<CP of DelSqRho>
CP# = 4       
Type = (3,+1)
Coords =  2.81457694256512E+00 -7.02986880695404E-01 -1.85240459882506E+00
DistFromNuc =  1.6803296868E-01
Rho =  2.2619094916E+01
DelSqRho =  1.2427016349E+03
GradDelSqRho =  2.4666935161E-12  4.4841907965E-13  9.3365315479E-12
HessDelSqRho_EigVals = -4.2005555753E+05  1.9466055566E+03  2.7712361979E+03
HessDelSqRho_EigVec1 =  7.8766652215E-01 -1.9870628647E-01  5.8317858466E-01
HessDelSqRho_EigVec2 = -5.6594839511E-01  1.4072060634E-01  8.1234236934E-01
HessDelSqRho_EigVec3 =  2.4348277959E-01  9.6990387290E-01  1.6165933413E-03
</CP of DelSqRho>
<CP of DelSqRho>
CP# = 5       
Type = (3,-1)
Coords =  2.56272383986111E+00 -6.39778530001883E-01 -1.83647921418192E+00
DistFromNuc =  1.6712546564E-01
Rho =  2.2702961457E+01
DelSqRho =  1.2888572516E+03
GradDelSqRho =  1.4701573292E-11 -2.1733725930E-12 -1.9991119871E-11
HessDelSqRho_EigVals = -4.4656327521E+05 -2.9439513723E+03  2.2658240425E+02
HessDelSqRho_EigVec1 =  7.1218436196E-01 -1.7771415112E-01 -6.7912525727E-01
HessDelSqRho_EigVec2 =  6.5839832087E-01 -1.6650903154E-01  7.3402070372E-01
HessDelSqRho_EigVec3 =  2.4352635515E-01  9.6989299560E-01  1.5784296978E-03
</CP of DelSqRho>
<CP of DelSqRho>
CP# = 6       
Type = (3,-3)
Coords =  2.61539151056225E+00 -5.45229965848971E-01 -1.85976524465558E+00
DistFromNuc =  1.6726881982E-01
Rho =  2.2651047408E+01
DelSqRho =  1.2895420836E+03
GradDelSqRho = -5.3717030823E-12  8.8506979523E-12 -5.4534154970E-13
HessDelSqRho_EigVals = -4.4339889509E+05 -3.1338968772E+03 -3.8730563709E+02
HessDelSqRho_EigVec1 = -3.9827146268E-01  7.4121659431E-01  5.4034970374E-01
HessDelSqRho_EigVec2 =  6.4063135704E-01 -1.9683513441E-01  7.4219094190E-01
HessDelSqRho_EigVec3 =  6.5648404885E-01  6.4175843600E-01 -3.9645277579E-01
</CP of DelSqRho>
<CP of DelSqRho>
CP# = 7       
Type = (3,-3)
Coords =  2.56450317027514E+00 -7.47934151461689E-01 -1.86010120819304E+00
DistFromNuc =  1.6726883304E-01
Rho =  2.2651042201E+01
DelSqRho =  1.2895423341E+03
GradDelSqRho =  1.8105072996E-11  4.6682657739E-12 -8.7112539404E-12
HessDelSqRho_EigVals = -4.4339860541E+05 -3.1339419414E+03 -3.8735189506E+02
HessDelSqRho_EigVec1 =  7.0156423507E-01  4.6689365391E-01 -5.3834741571E-01
HessDelSqRho_EigVec2 =  6.5705589027E-01 -1.3140259328E-01  7.4230109494E-01
HessDelSqRho_EigVec3 = -2.7583542401E-01  8.7449624037E-01  3.9896258528E-01
</CP of DelSqRho>
<CP of DelSqRho>
CP# = 8       
Type = (3,-1)
Coords =  2.82028450348088E+00 -7.04109423263282E-01 -2.03960385385612E+00
DistFromNuc =  1.6856624778E-01
Rho =  2.2385184724E+01
DelSqRho =  1.2560749032E+03
GradDelSqRho =  2.1486812329E-11 -5.9428018062E-12 -6.9881878062E-12
HessDelSqRho_EigVals = -4.1166840449E+05 -1.6862210274E+03  1.1182438636E+03
HessDelSqRho_EigVec1 =  8.2209683062E-01 -2.0550291914E-01 -5.3096643143E-01
HessDelSqRho_EigVec2 =  5.1465645510E-01 -1.3060113067E-01  8.4739133692E-01
HessDelSqRho_EigVec3 =  2.4348620968E-01  9.6990303376E-01  1.6033717225E-03
</CP of DelSqRho>
<CP of DelSqRho>
CP# = 9       
Type = (3,-1)
Coords =  3.22989988876363E+00 -8.06382196658838E-01 -2.39612623977955E+00
DistFromNuc =  7.1989119786E-01
Rho =  6.7681286026E-01
DelSqRho = -1.0814084211E+00
GradDelSqRho =  9.6034291630E-15  7.4940054162E-16 -2.6145752230E-14
HessDelSqRho_EigVals = -1.9121946877E+01 -5.7476958835E+00  1.3877905429E+02
HessDelSqRho_EigVec1 =  2.4356041272E-01  9.6988435487E-01  1.6320341184E-03
HessDelSqRho_EigVec2 =  5.9519832253E-01 -1.5079624494E-01  7.8930314162E-01
HessDelSqRho_EigVec3 =  7.6577887292E-01 -1.9127161497E-01 -6.1400153673E-01
</CP of DelSqRho>
<CP of DelSqRho>
CP# = 10      
Type = (3,-1)
Coords =  2.31557121336491E+00 -1.25744912467103E+00 -1.78004073449390E+00
DistFromNuc =  7.1321718372E-01
Rho =  6.8444431033E-01
DelSqRho = -1.0916851465E+00
GradDelSqRho =  1.2684298056E-14  1.8679502389E-14 -6.9388939039E-15
HessDelSqRho_EigVals = -1.5593421545E+01 -1.1567348044E+01  1.4622472596E+02
HessDelSqRho_EigVec1 =  5.5309285690E-01 -5.4891070692E-01 -6.2672587906E-01
HessDelSqRho_EigVec2 = -6.4976602192E-01  1.8661534715E-01 -7.3687097172E-01
HessDelSqRho_EigVec3 =  5.2143303348E-01  8.1478325218E-01 -2.5344791093E-01
</CP of DelSqRho>
<CP of DelSqRho>
CP# = 11      
Type = (3,-1)
Coords =  2.63664429571759E+00  2.11986547752831E-02 -1.77791918360751E+00
DistFromNuc =  7.1321823669E-01
Rho =  6.8444388760E-01
DelSqRho = -1.0918842089E+00
GradDelSqRho = -7.0776717820E-16  2.3481216971E-14  1.2059797605E-14
HessDelSqRho_EigVals = -1.5592077068E+01 -1.1561788204E+01  1.4622379832E+02
HessDelSqRho_EigVec1 =  7.4758147726E-01  2.2438852961E-01 -6.2511736709E-01
HessDelSqRho_EigVec2 =  6.5993944127E-01 -1.4489572866E-01  7.3721446111E-01
HessDelSqRho_EigVec3 = -7.4845632533E-02  9.6366748186E-01  2.5640420374E-01
</CP of DelSqRho>
<CP of DelSqRho>
CP# = 12      
Type = (3,+3)
Coords =  2.89844091173704E+00 -7.24911579922336E-01 -1.35226966702538E+00
DistFromNuc =  6.3804239328E-01
Rho =  9.5701450201E-01
DelSqRho = -4.3734196061E+00
GradDelSqRho = -5.4400928207E-15  2.0261570199E-15 -3.1086244690E-14
HessDelSqRho_EigVals =  1.1244598752E+01  2.1693881784E+01  3.3613041090E+02
HessDelSqRho_EigVec1 =  9.0098634543E-01 -2.2556341233E-01 -3.7060052936E-01
HessDelSqRho_EigVec2 =  2.4349870384E-01  9.6989980231E-01  1.6597338974E-03
HessDelSqRho_EigVec3 =  3.5907100492E-01 -9.1736146119E-02  9.2879087685E-01
</CP of DelSqRho>
<CP of DelSqRho>
CP# = 13      
Type = (3,+1)
Coords =  2.69190952762703E+00 -2.20135239354985E-01 -2.46679368292616E+00
DistFromNuc =  6.8501996997E-01
Rho =  7.9518200575E-01
DelSqRho = -2.6124448171E+00
GradDelSqRho =  8.6597395921E-15 -3.5527136788E-15  1.2212453271E-15
HessDelSqRho_EigVals = -1.1340661492E+01  1.2671879245E+01  1.9494223158E+02
HessDelSqRho_EigVec1 =  9.3035755932E-01  3.1908889747E-01  1.8060201365E-01
HessDelSqRho_EigVec2 = -3.6122458035E-01  7.1322741858E-01  6.0068581799E-01
HessDelSqRho_EigVec3 =  6.2861867403E-02 -6.2409047814E-01  7.7881927347E-01
</CP of DelSqRho>
<CP of DelSqRho>
CP# = 14      
Type = (3,+1)
Coords =  2.47886801220794E+00 -1.06877031390382E+00 -2.46816751826757E+00
DistFromNuc =  6.8502178967E-01
Rho =  7.9520164505E-01
DelSqRho = -2.6129010403E+00
GradDelSqRho = -3.2751579226E-15 -8.1046280798E-15 -3.4416913763E-15
HessDelSqRho_EigVals = -1.1337126610E+01  1.2678166122E+01  1.9494317987E+02
HessDelSqRho_EigVec1 =  6.6919997863E-01 -7.2122223947E-01  1.7891302330E-01
HessDelSqRho_EigVec2 =  6.5571829294E-01  4.5988083123E-01 -5.9878472039E-01
HessDelSqRho_EigVec3 =  3.4957818713E-01  5.1802326431E-01  7.8067085812E-01
</CP of DelSqRho>
<CP of DelSqRho>
CP# = 15      
Type = (3,+1)
Coords =  3.26277534029096E+00 -3.20584386373782E-01 -1.83387726457163E+00
DistFromNuc =  6.8751053785E-01
Rho =  7.8917447012E-01
DelSqRho = -2.6071335581E+00
GradDelSqRho =  1.3476997296E-12  3.5382807795E-13  1.2830153606E-12
HessDelSqRho_EigVals = -1.2774018252E+01  1.3721771758E+01  1.9372433896E+02
HessDelSqRho_EigVec1 =  1.5567162765E-02 -4.9743376182E-01  8.6736227497E-01
HessDelSqRho_EigVec2 = -5.2240002798E-01  7.3561000964E-01  4.3124949215E-01
HessDelSqRho_EigVec3 =  8.5255842862E-01  4.5982340775E-01  2.4840805034E-01
</CP of DelSqRho>
<CP of DelSqRho>
CP# = 16      
Type = (3,+1)
Coords =  3.02893216033272E+00 -1.25184402159094E+00 -1.83542760777493E+00
DistFromNuc =  6.8751624485E-01
Rho =  7.8916516934E-01
DelSqRho = -2.6070597939E+00
GradDelSqRho =  1.2109202530E-12 -2.0844437287E-12  2.2357116158E-13
HessDelSqRho_EigVals = -1.2775840501E+01  1.3721570910E+01  1.9371552362E+02
HessDelSqRho_EigVec1 =  2.4800063789E-01  4.2832789552E-01  8.6892513920E-01
HessDelSqRho_EigVec2 =  8.0829821855E-01  4.0292025571E-01 -4.2931254048E-01
HessDelSqRho_EigVec3 = -5.3399407627E-01  8.0882042596E-01 -2.4629219447E-01
</CP of DelSqRho>
<CP of DelSqRho>
CP# = 17      
Type = (3,+1)
Coords =  2.18149710742700E+00 -5.44579016214585E-01 -1.51490248961739E+00
DistFromNuc =  6.7464923856E-01
Rho =  8.4157087180E-01
DelSqRho = -3.3482570954E+00
GradDelSqRho =  1.0275669204E-12 -2.6031954370E-13  3.5990654901E-13
HessDelSqRho_EigVals = -5.3478316727E+00  1.8549927386E+01  2.2691864458E+02
HessDelSqRho_EigVec1 =  6.3210684706E-01 -1.6002126894E-01  7.5817816336E-01
HessDelSqRho_EigVec2 =  2.4356946600E-01  9.6988207587E-01  1.6352796330E-03
HessDelSqRho_EigVec3 =  7.3560509048E-01 -1.8363537893E-01 -6.5204539602E-01
</CP of DelSqRho>
<CP of DelSqRho>
CP# = 18      
Type = (3,+3)
Coords =  2.10085863412509E+00 -5.23243413143759E-01 -2.20267617932584E+00
DistFromNuc =  6.5027698092E-01
Rho =  9.1161770676E-01
DelSqRho = -3.9123673604E+00
GradDelSqRho =  5.3512749787E-14 -1.1324274851E-14  2.4868995752E-14
HessDelSqRho_EigVals =  6.6678079816E+00  1.8999886392E+01  2.8397150766E+02
HessDelSqRho_EigVec1 = -4.0670008280E-01  1.0084083060E-01  9.0797916801E-01
HessDelSqRho_EigVec2 =  2.4357407463E-01  9.6988130753E-01  1.3854499425E-03
HessDelSqRho_EigVec3 =  8.8049231275E-01 -2.2172364824E-01  4.1901302008E-01
</CP of DelSqRho>
<CP of DelSqRho>
CP# = 19      
Type = (3,+3)
Coords =  3.10720701225183E+00 -1.70929459214372E-01 -2.24436240194051E+00
DistFromNuc =  7.1849508394E-01
Rho =  7.6307597209E-01
DelSqRho = -3.1418463443E+00
GradDelSqRho =  9.7144514655E-15  2.3314683517E-15 -9.3397511947E-15
HessDelSqRho_EigVals =  1.1373698894E+01  2.3219651921E+01  1.4552693988E+02
HessDelSqRho_EigVec1 =  6.6055370810E-01 -1.1670276678E-01  7.4165306103E-01
HessDelSqRho_EigVec2 = -4.7305094914E-01  7.0239584999E-01  5.3184853994E-01
HessDelSqRho_EigVec3 =  5.8300222832E-01  7.0215420966E-01 -4.0876382868E-01
</CP of DelSqRho>
<CP of DelSqRho>
CP# = 20      
Type = (3,+3)
Coords =  2.82142455196674E+00 -1.30894912843160E+00 -2.24628545018853E+00
DistFromNuc =  7.1849526575E-01
Rho =  7.6308174078E-01
DelSqRho = -3.1418841414E+00
GradDelSqRho = -3.4416913763E-15  2.0095036746E-14  1.3461454174E-15
HessDelSqRho_EigVals =  1.1372195204E+01  2.3221226752E+01  1.4552795051E+02
HessDelSqRho_EigVec1 =  6.3681973779E-01 -2.1157083444E-01  7.4141648456E-01
HessDelSqRho_EigVec2 = -7.4912626887E-01 -3.9728017794E-01  5.3007385666E-01
HessDelSqRho_EigVec3 = -1.8240190474E-01  8.9297605916E-01  4.1148912855E-01
</CP of DelSqRho>
<CP of DelSqRho>
CP# = 21      
Type = (3,-3)
Coords =  3.72075763188650E+00 -9.29659114295366E-01 -2.38980972757561E+00
DistFromNuc =  1.1578251318E+00
Rho =  2.4644515718E-01
DelSqRho =  8.7014436455E-01
GradDelSqRho =  3.0583174881E-15 -1.3921155895E-16 -2.8275992658E-16
HessDelSqRho_EigVals = -1.7633063200E+01 -2.7568611282E+00 -1.9820802079E-01
HessDelSqRho_EigVec1 =  8.9844335317E-01 -2.2497948900E-01 -3.7707263315E-01
HessDelSqRho_EigVec2 =  2.4355405280E-01  9.6988595341E-01  1.6311809359E-03
HessDelSqRho_EigVec3 =  3.6535046805E-01 -9.3303091673E-02  9.2618225452E-01
</CP of DelSqRho>
<CP of DelSqRho>
CP# = 22      
Type = (3,+1)
Coords =  1.53797998469517E+00 -3.82801009060673E-01 -1.47646231883266E+00
DistFromNuc =  1.2707280028E+00
Rho =  2.4035726353E-01
DelSqRho =  4.0200149099E-01
GradDelSqRho = -2.5039137430E-12  3.5734696452E-13  1.1207354489E-12
HessDelSqRho_EigVals = -6.6228026507E+00  5.1733951907E-01  8.0388787575E-01
HessDelSqRho_EigVec1 =  9.2801043091E-01 -2.3292669338E-01 -2.9076071885E-01
HessDelSqRho_EigVec2 =  2.8213966693E-01 -7.0279808214E-02  9.5679567145E-01
HessDelSqRho_EigVec3 =  2.4329785955E-01  9.6995149573E-01 -4.9746458527E-04
</CP of DelSqRho>
<CP of DelSqRho>
CP# = 23      
Type = (3,+1)
Coords =  3.39084692854514E+00  1.19650515195839E-01 -2.42995101723445E+00
DistFromNuc =  1.1644423946E+00
Rho =  4.0222151526E-01
DelSqRho = -8.9681784219E-01
GradDelSqRho =  2.6563820588E-14  3.1915442511E-14 -2.0816681712E-14
HessDelSqRho_EigVals = -2.8929998037E+01  1.3727723962E+01  1.4479095140E+01
HessDelSqRho_EigVec1 =  6.1639883448E-01  6.6838600809E-01 -4.1630832448E-01
HessDelSqRho_EigVec2 =  6.6203320540E-01 -1.5363918311E-01  7.3355779347E-01
HessDelSqRho_EigVec3 = -4.2633849439E-01  7.2777410341E-01  5.3719674478E-01
</CP of DelSqRho>
<CP of DelSqRho>
CP# = 24      
Type = (3,+1)
Coords =  2.93432877427841E+00 -1.69848369375956E+00 -2.43294693376207E+00
DistFromNuc =  1.1644361736E+00
Rho =  4.0222756837E-01
DelSqRho = -8.9684841182E-01
GradDelSqRho = -2.5431046158E-15 -3.8545555636E-15  1.0477729795E-15
HessDelSqRho_EigVals = -2.8932303537E+01  1.3728244623E+01  1.4480507848E+01
HessDelSqRho_EigVec1 = -2.2787742696E-01  8.7900600139E-01  4.1883209977E-01
HessDelSqRho_EigVec2 =  6.5555600469E-01 -1.7954731899E-01  7.3349102582E-01
HessDelSqRho_EigVec3 =  7.1994319428E-01  4.4171394562E-01 -5.3532288130E-01
</CP of DelSqRho>
<CP of DelSqRho>
CP# = 25      
Type = (3,-1)
Coords =  1.93482962487362E+00 -1.24319910691431E+00 -2.67496162093846E+00
DistFromNuc =  1.1886694399E+00
Rho =  2.4318103575E-01
DelSqRho =  7.1825797211E-01
GradDelSqRho =  9.3675067703E-16 -1.3582884817E-15  5.6378512969E-16
HessDelSqRho_EigVals = -1.6955275130E+01 -1.3153015623E+00  3.1770434836E-01
HessDelSqRho_EigVec1 =  6.4750009316E-01  4.7172400164E-01  5.9851490845E-01
HessDelSqRho_EigVec2 = -6.7869494070E-01  7.1414303428E-01  1.7138525041E-01
HessDelSqRho_EigVec3 =  3.4657871664E-01  5.1718100591E-01 -7.8256437454E-01
</CP of DelSqRho>
<CP of DelSqRho>
CP# = 26      
Type = (3,-3)
Coords =  2.64742860465339E+00  4.31571240649433E-01 -1.63831470731123E+00
DistFromNuc =  1.1448216780E+00
Rho =  2.4742648874E-01
DelSqRho =  8.3679187737E-01
GradDelSqRho =  5.7592819402E-16  2.4355517603E-15  7.1991024253E-16
HessDelSqRho_EigVals = -1.7611874225E+01 -1.7290795464E+00 -5.0293947455E-01
HessDelSqRho_EigVec1 = -5.8523562410E-02  9.5461433442E-01  2.9203846521E-01
HessDelSqRho_EigVec2 = -7.3905668071E-01 -2.3809058781E-01  6.3016513288E-01
HessDelSqRho_EigVec3 =  6.7109627874E-01 -1.7895347025E-01  7.1944801073E-01
</CP of DelSqRho>
<CP of DelSqRho>
CP# = 27      
Type = (3,-1)
Coords =  2.29499825945335E+00  1.91520390881856E-01 -2.67224482223538E+00
DistFromNuc =  1.1886365708E+00
Rho =  2.4318085730E-01
DelSqRho =  7.1841310135E-01
GradDelSqRho =  8.1328346835E-13 -1.4654874536E-12  1.2791608051E-12
HessDelSqRho_EigVals = -1.6957433366E+01 -1.3162987711E+00  3.1700578031E-01
HessDelSqRho_EigVec1 = -3.4740917266E-01  7.2374232521E-01 -5.9624148921E-01
HessDelSqRho_EigVec2 = -9.3569156076E-01 -3.0929234728E-01  1.6976320874E-01
HessDelSqRho_EigVec3 = -6.1548110319E-02  6.1687542553E-01  7.8465058434E-01
</CP of DelSqRho>
<CP of DelSqRho>
CP# = 28      
Type = (3,-1)
Coords =  3.53715193612125E+00 -1.27991093840704E-01 -1.32886506538399E+00
DistFromNuc =  1.1876085987E+00
Rho =  2.4224076424E-01
DelSqRho =  7.3323274216E-01
GradDelSqRho =  1.5126788711E-15  1.7694179455E-15  1.1900203045E-15
HessDelSqRho_EigVals = -1.7425399150E+01 -1.1687599252E+00  2.8473381755E-01
HessDelSqRho_EigVec1 =  7.0832232766E-01  4.5293960853E-01  5.4141037224E-01
HessDelSqRho_EigVec2 = -3.2481192073E-01 -4.7183089284E-01  8.1967848862E-01
HessDelSqRho_EigVec3 = -6.2671899309E-01  7.5645311790E-01  1.8708817205E-01
</CP of DelSqRho>
<CP of DelSqRho>
CP# = 29      
Type = (3,-1)
Coords =  3.17917128013371E+00 -1.55295554821440E+00 -1.33128914452245E+00
DistFromNuc =  1.1876212474E+00
Rho =  2.4224415410E-01
DelSqRho =  7.3314117591E-01
GradDelSqRho = -4.3648452908E-12  6.6607865057E-12 -5.4033721941E-12
HessDelSqRho_EigVals = -1.7422644355E+01 -1.1694998350E+00  2.8518699506E-01
HessDelSqRho_EigVec1 = -4.0970027783E-01  7.3565752394E-01 -5.3940123267E-01
HessDelSqRho_EigVec2 = -6.4169170871E-02  5.6659940975E-01  8.2149097766E-01
HessDelSqRho_EigVec3 =  9.0996043862E-01  3.7117801165E-01 -1.8492940224E-01
</CP of DelSqRho>
<CP of DelSqRho>
CP# = 30      
Type = (3,-3)
Coords =  2.13086856062052E+00 -1.62459055206531E+00 -1.64195352739505E+00
DistFromNuc =  1.1448048643E+00
Rho =  2.4743380065E-01
DelSqRho =  8.3692857893E-01
GradDelSqRho = -3.5990481428E-13 -2.5805503567E-12  2.0151979044E-12
HessDelSqRho_EigVals = -1.7613643332E+01 -1.7292045473E+00 -5.0415498719E-01
HessDelSqRho_EigVec1 =  5.0296671711E-01  8.1458370983E-01 -2.8892535567E-01
HessDelSqRho_EigVec2 =  5.3936592399E-01 -5.5702451294E-01 -6.3151254304E-01
HessDelSqRho_EigVec3 =  6.7535833564E-01 -1.6179329916E-01  7.1952348595E-01
</CP of DelSqRho>
<CP of DelSqRho>
CP# = 31      
Type = (3,-1)
Coords =  2.74382085461337E+00 -2.69311542569387E+00 -2.05192786758219E+00
DistFromNuc =  2.0271298182E+00
Rho =  7.0515240682E-02
DelSqRho =  1.8441073878E-01
GradDelSqRho =  2.8181190020E-12  9.1434828459E-12 -1.2928633858E-12
HessDelSqRho_EigVals = -2.0322841902E+00 -1.4488511162E-02  5.0118182546E-01
HessDelSqRho_EigVec1 =  2.0909160819E-01  8.9132384555E-01 -4.0227167654E-01
HessDelSqRho_EigVec2 =  8.6588497016E-01  2.2418554056E-02  4.9974055958E-01
HessDelSqRho_EigVec3 =  4.5444902666E-01 -4.5281255592E-01 -7.6709638988E-01
</CP of DelSqRho>
<CP of DelSqRho>
CP# = 32      
Type = (3,+1)
Coords =  4.21725498994174E+00  6.28441171365731E-01 -1.94158571472444E+00
DistFromNuc =  2.0105215704E+00
Rho =  7.0245707878E-02
DelSqRho =  1.8295486326E-01
GradDelSqRho = -7.3048338212E-13 -6.2001705853E-13 -2.6986919643E-13
HessDelSqRho_EigVals = -1.7905109302E+00  1.5801321377E-02  5.6700599439E-01
HessDelSqRho_EigVec1 =  7.5644176029E-01  4.6216660689E-01  4.6281517992E-01
HessDelSqRho_EigVec2 = -6.1094748567E-01  7.5192992896E-01  2.4767832301E-01
HessDelSqRho_EigVec3 = -2.3353593521E-01 -4.7010999715E-01  8.5115072552E-01
</CP of DelSqRho>
<CP of DelSqRho>
CP# = 33      
Type = (3,-1)
Coords =  3.69330618470182E+00  1.08471732652165E+00 -2.04518781282097E+00
DistFromNuc =  2.0271714931E+00
Rho =  7.0510067776E-02
DelSqRho =  1.8436582651E-01
GradDelSqRho = -1.0153336505E-14  7.0074154812E-15  6.4536050115E-15
HessDelSqRho_EigVals = -2.0311320473E+00 -1.4372429863E-02  5.0136698376E-01
HessDelSqRho_EigVec1 =  2.3732951445E-01  8.8274669238E-01  4.0550336455E-01
HessDelSqRho_EigVec2 =  7.5240247452E-01 -4.3107721761E-01  4.9805918202E-01
HessDelSqRho_EigVec3 =  6.1446335766E-01  1.8689759107E-01 -7.6648814247E-01
</CP of DelSqRho>
<CP of DelSqRho>
CP# = 34      
Type = (3,+1)
Coords =  2.33744236606673E+00 -2.24308445005487E+00 -3.17293068573669E+00
DistFromNuc =  2.0225391185E+00
Rho =  6.9550457101E-02
DelSqRho =  1.7640274911E-01
GradDelSqRho =  5.8893862009E-16 -9.4976110310E-17  4.6056908287E-16
HessDelSqRho_EigVals = -1.6768290436E+00  2.4573062931E-02  5.7358303753E-01
HessDelSqRho_EigVec1 =  5.3691465708E-01  5.0866540125E-01  6.7303949408E-01
HessDelSqRho_EigVec2 =  4.5618606595E-01  4.9603604172E-01 -7.3881155821E-01
HessDelSqRho_EigVec3 = -7.0965972427E-01  7.0370999346E-01  3.4282952962E-02
</CP of DelSqRho>
<CP of DelSqRho>
CP# = 35      
Type = (3,+1)
Coords =  3.12231683180792E+00  8.84955741304634E-01 -3.16656078792903E+00
DistFromNuc =  2.0225511628E+00
Rho =  6.9551867271E-02
DelSqRho =  1.7642102887E-01
GradDelSqRho = -1.2291083949E-12 -8.3043988353E-12  1.9880984879E-12
HessDelSqRho_EigVals = -1.6774151650E+00  2.4440196962E-02  5.7346693704E-01
HessDelSqRho_EigVec1 = -2.3281729019E-01  7.0498629014E-01 -6.6991823390E-01
HessDelSqRho_EigVec2 = -1.6675581257E-01  6.4970669553E-01  7.4166954148E-01
HessDelSqRho_EigVec3 =  9.5811722058E-01  2.8438625231E-01 -3.3702390608E-02
</CP of DelSqRho>
<CP of DelSqRho>
CP# = 36      
Type = (3,+1)
Coords =  3.42331626476139E+00 -2.53819474960715E+00 -1.94714137120569E+00
DistFromNuc =  2.0104171913E+00
Rho =  7.0251013115E-02
DelSqRho =  1.8297940190E-01
GradDelSqRho =  9.4542429441E-17  1.3530843113E-16  1.3704315460E-16
HessDelSqRho_EigVals = -1.7906166299E+00  1.5894995085E-02  5.6711743549E-01
HessDelSqRho_EigVec1 = -4.4932786565E-01  7.6553091523E-01 -4.6050720621E-01
HessDelSqRho_EigVec2 =  8.9321271760E-01  3.7538764099E-01 -2.4749779820E-01
HessDelSqRho_EigVec3 = -1.6598502180E-02 -5.2253855055E-01 -8.5245407672E-01
</CP of DelSqRho>
<Path of -GradDelSqRho>
Starting CP# =      3
Ending CP# =      1
Number of Points =      7
  2.6115417323E+00 -6.5160342986E-01 -2.1019376156E+00  2.2518857228E+01  1.2320802809E+03
  2.6220269455E+00 -6.5427288002E-01 -2.0794002210E+00  3.2737604588E+01  9.8172943847E+02
  2.6324804451E+00 -6.5693439456E-01 -2.0568471584E+00  4.7963456940E+01 -7.8962760584E+02
  2.6429199526E+00 -6.5959240783E-01 -2.0342872018E+00  7.0579546730E+01 -6.3694760351E+03
  2.6533493930E+00 -6.6224790197E-01 -2.0117222933E+00  1.0414472085E+02 -2.0564350791E+04
  2.6637621591E+00 -6.6489922347E-01 -1.9891491946E+00  1.5450074808E+02 -7.5078055415E+04
  2.6818518056E+00 -6.6950536635E-01 -1.9498628431E+00  2.9719225706E+02 -3.3279380705E+06
</Path of -GradDelSqRho>
<Path of -GradDelSqRho>
Starting CP# =      3
Ending CP# =     18
Number of Points =     37
  2.6115417323E+00 -6.5160342986E-01 -2.1019376156E+00  2.2518857228E+01  1.2320802809E+03
  2.6010192316E+00 -6.4892464965E-01 -2.1244565189E+00  1.5612949622E+01  1.1503741591E+03
  2.5904799616E+00 -6.4624167379E-01 -2.1469670814E+00  1.0930294155E+01  9.8073412967E+02
  2.5799363012E+00 -6.4355759988E-01 -2.1694754570E+00  7.7647780060E+00  7.7271320844E+02
  2.5693825038E+00 -6.4087099015E-01 -2.1919787782E+00  5.6328840580E+00  5.7218451501E+02
  2.5588087113E+00 -6.3817937837E-01 -2.2144721120E+00  4.1979217965E+00  4.0802833951E+02
  2.5482041236E+00 -6.3548006290E-01 -2.2369500183E+00  3.2294303716E+00  2.8540936624E+02
  2.5375578247E+00 -6.3277031348E-01 -2.2594069401E+00  2.5726564899E+00  1.9718709249E+02
  2.5268596142E+00 -6.3004757951E-01 -2.2818376035E+00  2.1243208605E+00  1.3417171379E+02
  2.5160994880E+00 -6.2730935998E-01 -2.3042367405E+00  1.8151559958E+00  8.9174869087E+01
  2.5052651576E+00 -6.2455258338E-01 -2.3265977943E+00  1.5983868022E+00  5.7307479003E+01
  2.4943384699E+00 -6.2177271267E-01 -2.3489109879E+00  1.4424023499E+00  3.5190504823E+01
  2.4832911768E+00 -6.1896268820E-01 -2.3711609074E+00  1.3260112055E+00  2.0290146609E+01
  2.4720790873E+00 -6.1611146750E-01 -2.3933229325E+00  1.2352218972E+00  1.0598878818E+01
  2.4606323080E+00 -6.1320158907E-01 -2.4153568800E+00  1.1609709448E+00  4.5300551198E+00
  2.4488370486E+00 -6.1020463231E-01 -2.4371942110E+00  1.0975047327E+00  8.7879727432E-01
  2.4364979865E+00 -6.0707183202E-01 -2.4587087942E+00  1.0412548018E+00 -1.2220080309E+00
  2.4232475093E+00 -6.0371146291E-01 -2.4796361079E+00  9.9011872856E-01 -2.3632632572E+00
  2.4082725393E+00 -5.9992087263E-01 -2.4992710255E+00  9.4322268084E-01 -2.9287258787E+00
  2.3893721282E+00 -5.9515338596E-01 -2.5146507618E+00  9.0273920693E-01 -3.1635201825E+00
  2.3658645483E+00 -5.8925882966E-01 -2.5141150074E+00  8.8528538646E-01 -3.2558085860E+00
  2.3448760895E+00 -5.8401707265E-01 -2.5016624328E+00  8.8748777683E-01 -3.3287798679E+00
  2.3251498002E+00 -5.7909517806E-01 -2.4871184058E+00  8.9220509816E-01 -3.3982898070E+00
  2.3059853271E+00 -5.7431504214E-01 -2.4717947816E+00  8.9676013722E-01 -3.4642923715E+00
  2.2873239248E+00 -5.6966158139E-01 -2.4558247581E+00  9.0088048772E-01 -3.5264781642E+00
  2.2691789483E+00 -5.6513798950E-01 -2.4392343569E+00  9.0452944376E-01 -3.5845624576E+00
  2.2515700264E+00 -5.6074905398E-01 -2.4220411196E+00  9.0769378981E-01 -3.6382954207E+00
  2.2345171980E+00 -5.5649967401E-01 -2.4042622606E+00  9.1036587929E-01 -3.6874657528E+00
  2.2180404891E+00 -5.5239475707E-01 -2.3859152889E+00  9.1254239347E-01 -3.7319033143E+00
  2.2021598844E+00 -5.4843921710E-01 -2.3670181117E+00  9.1422423186E-01 -3.7714810029E+00
  2.1868953168E+00 -5.4463797876E-01 -2.3475891062E+00  9.1541641558E-01 -3.8061158671E+00
  2.1722666508E+00 -5.4099598280E-01 -2.3276471880E+00  9.1612794342E-01 -3.8357694517E+00
  2.1582936606E+00 -5.3751819309E-01 -2.3072118762E+00  9.1637160205E-01 -3.8604473932E+00
  2.1449960020E+00 -5.3420960604E-01 -2.2863033553E+00  9.1616373478E-01 -3.8801983029E+00
  2.1323931774E+00 -5.3107526323E-01 -2.2649425352E+00  9.1552397392E-01 -3.8951119918E+00
  2.1205044938E+00 -5.2812026755E-01 -2.2431511083E+00  9.1447494213E-01 -3.9053171076E+00
  2.1008586341E+00 -5.2324341314E-01 -2.2026761793E+00  9.1161770676E-01 -3.9123673604E+00
</Path of -GradDelSqRho>
<Path of -GradDelSqRho>
Starting CP# =      4
Ending CP# =     12
Number of Points =     33
  2.8145769426E+00 -7.0298688070E-01 -1.8524045988E+00  2.2619094916E+01  1.2427016349E+03
  2.8342554227E+00 -7.0795125945E-01 -1.8378062357E+00  1.5675582154E+01  1.1594427097E+03
  2.8539204548E+00 -7.1291229396E-01 -1.8231886215E+00  1.0970791648E+01  9.8804563384E+02
  2.8735819166E+00 -7.1787244077E-01 -1.8085659044E+00  7.7927252250E+00  7.7842452139E+02
  2.8932356106E+00 -7.2283065599E-01 -1.7939320949E+00  5.6543809175E+00  5.7625054967E+02
  2.9128739665E+00 -7.2778505702E-01 -1.7792764205E+00  4.2167530518E+00  4.1060023516E+02
  2.9324885888E+00 -7.3273355596E-01 -1.7645870111E+00  3.2477953170E+00  2.8680152647E+02
  2.9520708713E+00 -7.3767401245E-01 -1.7498518233E+00  2.5917061260E+00  1.9772600503E+02
  2.9716126022E+00 -7.4260438398E-01 -1.7350595384E+00  2.1445433111E+00  1.3412275036E+02
  2.9911055256E+00 -7.4752261698E-01 -1.7201989796E+00  1.8366360682E+00  8.8736868213E+01
  3.0105393241E+00 -7.5242614477E-01 -1.7052563617E+00  1.6209758057E+00  5.6628558872E+01
  3.0298985782E+00 -7.5731113125E-01 -1.6902112815E+00  1.4658300171E+00  3.4381597111E+01
  3.0491588964E+00 -7.6217150752E-01 -1.6750318972E+00  1.3499605869E+00  1.9432482697E+01
  3.0682810875E+00 -7.6699752072E-01 -1.6596681386E+00  1.2593794006E+00  9.7484887386E+00
  3.0872005602E+00 -7.7177309308E-01 -1.6440401620E+00  1.1850596178E+00  3.7219791573E+00
  3.1058053976E+00 -7.7647035627E-01 -1.6280163598E+00  1.1213090028E+00  1.3173413783E-01
  3.1238842093E+00 -7.8103664265E-01 -1.6113666913E+00  1.0646513867E+00 -1.9011104520E+00
  3.1409732858E+00 -7.8535631970E-01 -1.5936475862E+00  1.0131620923E+00 -2.9755114384E+00
  3.1557344000E+00 -7.8909519720E-01 -1.5738686957E+00  9.6657514760E-01 -3.4818482834E+00
  3.1624237127E+00 -7.9081466442E-01 -1.5502708167E+00  9.3104279574E-01 -3.6796845046E+00
  3.1520944981E+00 -7.8826042394E-01 -1.5280642900E+00  9.2359270881E-01 -3.7779595502E+00
  3.1355147926E+00 -7.8413084405E-01 -1.5098334190E+00  9.2822299916E-01 -3.8649840682E+00
  3.1177685004E+00 -7.7970670932E-01 -1.4927920394E+00  9.3392206663E-01 -3.9462342299E+00
  3.0994406869E+00 -7.7513574388E-01 -1.4764170307E+00  9.3919290788E-01 -4.0213348696E+00
  3.0806056782E+00 -7.7043664940E-01 -1.4606656292E+00  9.4385727827E-01 -4.0898519214E+00
  3.0612869299E+00 -7.6561525702E-01 -1.4455498824E+00  9.4788285536E-01 -4.1514116420E+00
  3.0415039084E+00 -7.6067637745E-01 -1.4310866559E+00  9.5125512749E-01 -4.2057101933E+00
  3.0212761001E+00 -7.5562481182E-01 -1.4172930891E+00  9.5396618580E-01 -4.2525183462E+00
  3.0006233401E+00 -7.5046542963E-01 -1.4041862640E+00  9.5601397776E-01 -4.2916845775E+00
  2.9795658952E+00 -7.4520318251E-01 -1.3917831660E+00  9.5740220132E-01 -4.3231367100E+00
  2.9581245309E+00 -7.3984310908E-01 -1.3801006579E+00  9.5814016701E-01 -4.3468820958E+00
  2.9363205733E+00 -7.3439032902E-01 -1.3691554558E+00  9.5824259821E-01 -4.3630063752E+00
  2.8984409117E+00 -7.2491157992E-01 -1.3522696670E+00  9.5701450201E-01 -4.3734196061E+00
</Path of -GradDelSqRho>
<Path of -GradDelSqRho>
Starting CP# =      4
Ending CP# =      1
Number of Points =      7
  2.8145769426E+00 -7.0298688070E-01 -1.8524045988E+00  2.2619094916E+01  1.2427016349E+03
  2.7948699072E+00 -6.9801540073E-01 -1.8669619644E+00  3.2901187247E+01  9.8518377638E+02
  2.7751391389E+00 -6.9303801891E-01 -1.8814851315E+00  4.8230413923E+01 -8.2722002177E+02
  2.7553979824E+00 -6.8805805387E-01 -1.8959932906E+00  7.1005821750E+01 -6.4881984683E+03
  2.7356490978E+00 -6.8307616707E-01 -1.9104902668E+00  1.0482657011E+02 -2.1008530430E+04
  2.7158876472E+00 -6.7809115551E-01 -1.9249690344E+00  1.5556286570E+02 -7.6570054438E+04
  2.6818518056E+00 -6.6950536635E-01 -1.9498628431E+00  2.9719225706E+02 -3.3279380705E+06
</Path of -GradDelSqRho>
<Path of -GradDelSqRho>
Starting CP# =     13
Ending CP# =     19
Number of Points =     20
  2.6919095276E+00 -2.2013523935E-01 -2.4667936829E+00  7.9518200575E-01 -2.6124448171E+00
  2.7115742231E+00 -2.1357101047E-01 -2.4627081165E+00  7.9201081400E-01 -2.6149572594E+00
  2.7348362191E+00 -2.0627282145E-01 -2.4571811224E+00  7.8855051539E-01 -2.6242760545E+00
  2.7580667332E+00 -1.9949287841E-01 -2.4509115641E+00  7.8539974850E-01 -2.6401487127E+00
  2.7812362216E+00 -1.9324213077E-01 -2.4439090888E+00  7.8254753079E-01 -2.6621108545E+00
  2.8043148278E+00 -1.8753093266E-01 -2.4361830554E+00  7.7997927157E-01 -2.6895742464E+00
  2.8272722298E+00 -1.8236924611E-01 -2.4277423429E+00  7.7767730777E-01 -2.7218331044E+00
  2.8500774157E+00 -1.7776683962E-01 -2.4185951301E+00  7.7562155712E-01 -2.7580738236E+00
  2.8726983884E+00 -1.7373346448E-01 -2.4087486845E+00  7.7379025193E-01 -2.7973881693E+00
  2.8951017921E+00 -1.7027899456E-01 -2.3982091590E+00  7.7216075754E-01 -2.8387898298E+00
  2.9172524530E+00 -1.6741350655E-01 -2.3869813987E+00  7.7071047586E-01 -2.8812340941E+00
  2.9391128243E+00 -1.6514726297E-01 -2.3750687543E+00  7.6941782635E-01 -2.9236403018E+00
  2.9606423226E+00 -1.6349053687E-01 -2.3624729028E+00  7.6826328269E-01 -2.9649166078E+00
  2.9817965468E+00 -1.6245317747E-01 -2.3491936639E+00  7.6723041999E-01 -3.0039865186E+00
  3.0025263629E+00 -1.6204375123E-01 -2.3352287878E+00  7.6630689308E-01 -3.0398165763E+00
  3.0227768268E+00 -1.6226798236E-01 -2.3205736387E+00  7.6548521898E-01 -3.0714444727E+00
  3.0424858442E+00 -1.6312601213E-01 -2.3052205698E+00  7.6476318244E-01 -3.0980067781E+00
  3.0615822211E+00 -1.6460754789E-01 -2.2891574453E+00  7.6414364403E-01 -3.1187653443E+00
  3.0799818150E+00 -1.6668265243E-01 -2.2723637058E+00  7.6363356381E-01 -3.1331313298E+00
  3.1072070123E+00 -1.7092945921E-01 -2.2443624019E+00  7.6307597209E-01 -3.1418463443E+00
</Path of -GradDelSqRho>
<Path of -GradDelSqRho>
Starting CP# =     13
Ending CP# =     18
Number of Points =     32
  2.6919095276E+00 -2.2013523935E-01 -2.4667936829E+00  7.9518200575E-01 -2.6124448171E+00
  2.6722945284E+00 -2.2704177326E-01 -2.4703333321E+00  7.9857194047E-01 -2.6149822292E+00
  2.6490936552E+00 -2.3567269561E-01 -2.4738201382E+00  8.0288137182E-01 -2.6246073587E+00
  2.6259686630E+00 -2.4477319780E-01 -2.4765305957E+00  8.0750158082E-01 -2.6414091856E+00
  2.6029480849E+00 -2.5432689152E-01 -2.4784569236E+00  8.1242073866E-01 -2.6652745975E+00
  2.5800599949E+00 -2.6431574574E-01 -2.4795922029E+00  8.1762146346E-01 -2.6959818682E+00
  2.5573318438E+00 -2.7471994755E-01 -2.4799305274E+00  8.2308066619E-01 -2.7332086982E+00
  2.5347902702E+00 -2.8551779375E-01 -2.4794670543E+00  8.2876955366E-01 -2.7765407966E+00
  2.5124609010E+00 -2.9668559377E-01 -2.4781979866E+00  8.3465373691E-01 -2.8254807270E+00
  2.4903681525E+00 -3.0819757590E-01 -2.4761204803E+00  8.4069345508E-01 -2.8794568348E+00
  2.4685350460E+00 -3.2002578333E-01 -2.4732324707E+00  8.4684392297E-01 -2.9378321751E+00
  2.4469830459E+00 -3.3213994146E-01 -2.4695324111E+00  8.5305580776E-01 -2.9999134460E+00
  2.4257319323E+00 -3.4450727219E-01 -2.4650189233E+00  8.5927583618E-01 -3.0649600113E+00
  2.4047997128E+00 -3.5709222376E-01 -2.4596903569E+00  8.6544752798E-01 -3.1321931446E+00
  2.3842025799E+00 -3.6985607605E-01 -2.4535442550E+00  8.7151204622E-01 -3.2008056622E+00
  2.3639549165E+00 -3.8275636991E-01 -2.4465767243E+00  8.7740914886E-01 -3.2699721122E+00
  2.3440693524E+00 -3.9574609260E-01 -2.4387817009E+00  8.8307822160E-01 -3.3388596817E+00
  2.3245568793E+00 -4.0877252849E-01 -2.4301501022E+00  8.8845936886E-01 -3.4066399521E+00
  2.3054270393E+00 -4.2177564977E-01 -2.4206688477E+00  8.9349453898E-01 -3.4725016096E+00
  2.2866882206E+00 -4.3468587192E-01 -2.4103197309E+00  8.9812866309E-01 -3.5356641939E+00
  2.2683481297E+00 -4.4742092607E-01 -2.3990781336E+00  9.0231079364E-01 -3.5953929622E+00
  2.2504145709E+00 -4.5988150227E-01 -2.3869116098E+00  9.0599524139E-01 -3.6510149650E+00
  2.2328967733E+00 -4.7194519884E-01 -2.3737784653E+00  9.0914272831E-01 -3.7019364633E+00
  2.2158076966E+00 -4.8345822324E-01 -2.3596267000E+00  9.1172160254E-01 -3.7476618330E+00
  2.1991680460E+00 -4.9422440136E-01 -2.3443942159E+00  9.1370920326E-01 -3.7878139824E+00
  2.1830131276E+00 -5.0399188742E-01 -2.3280122887E+00  9.1509351614E-01 -3.8221557435E+00
  2.1674038635E+00 -5.1244088313E-01 -2.3104162351E+00  9.1587529668E-01 -3.8506099848E+00
  2.1524420042E+00 -5.1918349196E-01 -2.2915694413E+00  9.1607072427E-01 -3.8732720749E+00
  2.1382834137E+00 -5.2380260336E-01 -2.2715052897E+00  9.1571397925E-01 -3.8904010055E+00
  2.1251281666E+00 -5.2597372620E-01 -2.2503743818E+00  9.1485728623E-01 -3.9023697197E+00
  2.1131511268E+00 -5.2569782365E-01 -2.2284453327E+00  9.1356379428E-01 -3.9095701965E+00
  2.1008586341E+00 -5.2324341314E-01 -2.2026761793E+00  9.1161770676E-01 -3.9123673604E+00
</Path of -GradDelSqRho>
<Path of -GradDelSqRho>
Starting CP# =     14
Ending CP# =     20
Number of Points =     20
  2.4788680122E+00 -1.0687703139E+00 -2.4681675183E+00  7.9520164505E-01 -2.6129010403E+00
  2.4930947470E+00 -1.0838535293E+00 -2.4641179598E+00  7.9203111115E-01 -2.6154116859E+00
  2.5101472903E+00 -1.1012902195E+00 -2.4586312224E+00  7.8857069234E-01 -2.6247263147E+00
  2.5274162553E+00 -1.1182575451E+00 -2.4524002928E+00  7.8541967958E-01 -2.6405925606E+00
  2.5448807811E+00 -1.1347318707E+00 -2.4454347610E+00  7.8256709139E-01 -2.6625460074E+00
  2.5625194496E+00 -1.1506899380E+00 -2.4377439287E+00  7.7999834055E-01 -2.6899983877E+00
  2.5803102463E+00 -1.1661086156E+00 -2.4293366178E+00  7.7769576882E-01 -2.7222438912E+00
  2.5982304561E+00 -1.1809646185E+00 -2.4202209494E+00  7.7563930032E-01 -2.7584688987E+00
  2.6162564856E+00 -1.1952342140E+00 -2.4104041315E+00  7.7380717528E-01 -2.7977651795E+00
  2.6343636000E+00 -1.2088929225E+00 -2.3998922553E+00  7.7217676865E-01 -2.8391464494E+00
  2.6525255552E+00 -1.2219152309E+00 -2.3886901008E+00  7.7072549368E-01 -2.8815680544E+00
  2.6707141000E+00 -1.2342743459E+00 -2.3768009504E+00  7.6943178312E-01 -2.9239494251E+00
  2.6888983078E+00 -1.2459420359E+00 -2.3642264087E+00  7.6827612578E-01 -2.9651988460E+00
  2.7070436815E+00 -1.2568886466E+00 -2.3509662194E+00  7.6724211383E-01 -3.0042399958E+00
  2.7251109394E+00 -1.2670834271E+00 -2.3370180546E+00  7.6631742074E-01 -3.0400396335E+00
  2.7430543258E+00 -1.2764953990E+00 -2.3223772003E+00  7.6549458321E-01 -3.0716357144E+00
  2.7608191304E+00 -1.2850951451E+00 -2.3070359367E+00  7.6477140571E-01 -3.0981651186E+00
  2.7783376663E+00 -1.2928581759E+00 -2.2909820663E+00  7.6415076703E-01 -3.1188900523E+00
  2.7955214956E+00 -1.2997712584E+00 -2.2741949861E+00  7.6363964238E-01 -3.1332220703E+00
  2.8214245520E+00 -1.3089491284E+00 -2.2462854502E+00  7.6308174078E-01 -3.1418841414E+00
</Path of -GradDelSqRho>
<Path of -GradDelSqRho>
Starting CP# =     14
Ending CP# =     18
Number of Points =     32
  2.4788680122E+00 -1.0687703139E+00 -2.4681675183E+00  7.9520164505E-01 -2.6129010403E+00
  2.4648462328E+00 -1.0534106578E+00 -2.4716703564E+00  7.9859074566E-01 -2.6154366523E+00
  2.4484752742E+00 -1.0348345864E+00 -2.4751130934E+00  8.0289984927E-01 -2.6250576448E+00
  2.4323923471E+00 -1.0158828518E+00 -2.4777780877E+00  8.0751961226E-01 -2.6418532252E+00
  2.4166148534E+00 -9.9658340002E-01 -2.4796576290E+00  8.1243821049E-01 -2.6657103434E+00
  2.4011590156E+00 -9.7696540543E-01 -2.4807448724E+00  8.1763826938E-01 -2.6964073334E+00
