 AIMInt (Version 19.02.13, Professional)
 Portions Copyright (c) 1997-2019 by Todd A. Keith
 AIMInt is a component of the AIMAll package ( http://aim.tkgristmill.com )

 TP:  64-bit Linux

 Licensed To:  Research Group of Fernando Cortes Guzman, UNAM, fercor@unam.mx

 AIMInt is a heavily modified and extended version of the PROAIMV program
 developed by members of R.F.W. Bader's research group

 Much of the Quantum Theory of Atoms in Molecules (QTAIM) is described in the book:
   "Atoms in Molecules - A Quantum Theory"
   R.F.W. Bader, Oxford University Press, Oxford, 1990

 For additional references see:  http://aim.tkgristmill.com/references.html

 Current Directory:  /home/scratch/M_H2O_4_tetraedrico/Opt

 Inp File:  Cr3_tetraedrico_cc-pvtz-def2-tzv_1_atomicfiles/o4.inp
 Wfx File:  Cr3_tetraedrico_cc-pvtz-def2-tzv_1.wfx
 Out File:  Cr3_tetraedrico_cc-pvtz-def2-tzv_1_atomicfiles/o4.int

 Wfx Title:   Cr3_tetraedrico_cc-pvtz-def2-tzv_1                                            
 Job Title:   Cr3_tetraedrico_cc-pvtz-def2-tzv_1                                            
 
<Atom>
O4      
</Atom>
<Nuclei of Molecule>
    13
Cr1       24.0          -3.6832722752E-06   3.5828608928E-05  -1.4031511806E-04
O2         8.0           2.6818516719E+00  -6.6950533313E-01  -1.9498626260E+00
H3         1.0           3.8399028356E+00   5.9695142676E-01  -2.7324800617E+00
O4         8.0          -6.8205900022E-01  -2.6855361727E+00   1.9401056050E+00
H5         1.0          -2.3479732881E+00  -3.1089844693E+00   2.7164407218E+00
O6         8.0          -2.6730624932E+00   6.8585155770E-01  -1.9562752983E+00
H7         1.0          -3.0908182563E+00   2.3526709045E+00  -2.7338011881E+00
O8         8.0           6.7325612776E-01   2.6693329980E+00   1.9654701517E+00
H9         1.0           2.3352785397E+00   3.0858473140E+00   2.7539010463E+00
H10        1.0           5.7945744631E-01  -3.8425168173E+00   2.7321190992E+00
H11        1.0          -3.8281932130E+00  -5.7394661352E-01  -2.7537799019E+00
H12        1.0          -5.9234528460E-01   3.8183370619E+00   2.7627277303E+00
H13        1.0           3.1048891688E+00  -2.3303630927E+00  -2.7372625428E+00
</Nuclei of Molecule>
<Total Number of CPs of DelSqRho>
    36
</Total Number of CPs of DelSqRho>
<Number of (3,+3) CPs of DelSqRho>
     5
</Number of (3,+3) CPs of DelSqRho>
<Number of (3,+1) CPs of DelSqRho>
    14
</Number of (3,+1) CPs of DelSqRho>
<Number of (3,-1) CPs of DelSqRho>
    12
</Number of (3,-1) CPs of DelSqRho>
<Number of (3,-3) CPs of DelSqRho>
     5
</Number of (3,-3) CPs of DelSqRho>
<Number of Degenerate CPs of DelSqRho>
     0
</Number of Degenerate CPs of DelSqRho>
<CP of DelSqRho>
CP# = 1       
Type = (3,+3)
Coords = -6.82059034804471E-01 -2.68553630586451E+00  1.94010582269458E+00
DistFromNuc =  2.5752910308E-07
Rho =  2.9719261495E+02
DelSqRho = -3.3279422317E+06
GradDelSqRho =  3.2696683405E-07  2.0307642330E-05 -1.7032452888E-06
HessDelSqRho_EigVals =  1.3234389304E+11  1.3234391317E+11  1.3234391862E+11
HessDelSqRho_EigVec1 =  1.5034920109E-01  6.1659808925E-01  7.7278840187E-01
HessDelSqRho_EigVec2 =  1.9101245583E-01  7.4882782750E-01 -6.3464251865E-01
HessDelSqRho_EigVec3 =  9.7000482445E-01 -2.4303020613E-01  5.1922496721E-03
</CP of DelSqRho>
<CP of DelSqRho>
CP# = 2       
Type = (3,-1)
Coords = -4.31932269907068E-01 -1.67657407889004E+00  9.94636170478692E-01
DistFromNuc =  1.4051620332E+00
Rho =  1.8616688767E-01
DelSqRho =  4.2236174831E-01
GradDelSqRho = -8.4603851702E-13 -2.6168858747E-12  3.1336270384E-12
HessDelSqRho_EigVals = -5.8583396161E-01 -8.4476612544E-02  3.6954494636E+00
HessDelSqRho_EigVec1 =  1.3396080379E-01  4.9458527624E-01  8.5874321399E-01
HessDelSqRho_EigVec2 =  9.6709687448E-01 -2.5437102378E-01 -4.3609213157E-03
HessDelSqRho_EigVec3 =  2.1628254304E-01  8.3107207075E-01 -5.1238762162E-01
</CP of DelSqRho>
<CP of DelSqRho>
CP# = 3       
Type = (3,+1)
Coords =  1.04075027127000E-01 -3.39386528546027E+00  2.42606634848480E+00
DistFromNuc =  1.1644289095E+00
Rho =  4.0224824388E-01
DelSqRho = -8.9701207171E-01
GradDelSqRho =  6.5863980936E-14 -4.9345943998E-14  4.1737446832E-14
HessDelSqRho_EigVals = -2.8935986707E+01  1.3730626196E+01  1.4481817917E+01
HessDelSqRho_EigVec1 =  6.6577461137E-01 -6.1584626639E-01  4.2128083629E-01
HessDelSqRho_EigVec2 =  1.4800608572E-01  6.6238413288E-01  7.3439870581E-01
HessDelSqRho_EigVec3 =  7.3132644246E-01  4.2659188539E-01 -5.3214753394E-01
</CP of DelSqRho>
<CP of DelSqRho>
CP# = 4       
Type = (3,+1)
Coords = -6.65265090425823E-01 -2.61524048899452E+00  2.09231694221710E+00
DistFromNuc =  1.6849869352E-01
Rho =  2.2518155948E+01
DelSqRho =  1.2320213153E+03
GradDelSqRho = -6.7634786660E-13  3.7747582837E-12  4.5403680815E-12
HessDelSqRho_EigVals = -4.0914846030E+05  2.3678306000E+03  3.1366221792E+03
HessDelSqRho_EigVec1 =  1.0041253668E-01  4.2012726866E-01  9.0189267688E-01
HessDelSqRho_EigVec2 =  2.2117984500E-01  8.7436614548E-01 -4.3192976259E-01
HessDelSqRho_EigVec3 =  9.7004989493E-01 -2.4285164560E-01  5.1263615083E-03
</CP of DelSqRho>
<CP of DelSqRho>
CP# = 5       
Type = (3,-1)
Coords = -6.51805845051151E-01 -2.56641516985372E+00  1.82685503702228E+00
DistFromNuc =  1.6712497676E-01
Rho =  2.2703112132E+01
DelSqRho =  1.2888638653E+03
GradDelSqRho = -3.3679725675E-12 -2.6252777729E-11  1.8638424137E-11
HessDelSqRho_EigVals = -4.4657532211E+05 -2.9430223572E+03  2.2669519741E+02
HessDelSqRho_EigVec1 =  1.8087271146E-01  7.1213590198E-01 -6.7834174231E-01
HessDelSqRho_EigVec2 =  1.6110498384E-01  6.5894807772E-01  7.3473302298E-01
HessDelSqRho_EigVec3 =  9.7022175116E-01 -2.4217738949E-01  4.4570825489E-03
</CP of DelSqRho>
<CP of DelSqRho>
CP# = 6       
Type = (3,+1)
Coords = -7.14803071172851E-01 -2.81830085022830E+00  1.84245551773716E+00
DistFromNuc =  1.6803027508E-01
Rho =  2.2619643115E+01
DelSqRho =  1.2427763575E+03
GradDelSqRho =  1.7022494525E-12  1.3275602839E-11 -2.0676793611E-12
HessDelSqRho_EigVals = -4.2012213303E+05  1.9426645809E+03  2.7681761227E+03
HessDelSqRho_EigVec1 =  1.9429818448E-01  7.8791157117E-01  5.8433173071E-01
HessDelSqRho_EigVec2 = -1.4590508272E-01 -5.6584490395E-01  8.1149938479E-01
HessDelSqRho_EigVec3 =  9.7003088731E-01 -2.4292982668E-01  5.0176654304E-03
</CP of DelSqRho>
<CP of DelSqRho>
CP# = 7       
Type = (3,-3)
Coords = -5.57169148625563E-01 -2.61912262824836E+00  1.85082798251118E+00
DistFromNuc =  1.6726843036E-01
Rho =  2.2651142509E+01
DelSqRho =  1.2895531712E+03
GradDelSqRho =  3.0606628343E-12  9.9582564417E-12 -2.8386182294E-12
HessDelSqRho_EigVals = -4.4340933407E+05 -3.1334071365E+03 -3.8828129215E+02
HessDelSqRho_EigVec1 =  7.4490048385E-01  3.9798566695E-01 -5.3547238777E-01
HessDelSqRho_EigVec2 =  1.9183007256E-01  6.4094252095E-01  7.4323206880E-01
HessDelSqRho_EigVec3 =  6.3900273272E-01 -6.5635363466E-01  4.0109277461E-01
</CP of DelSqRho>
<CP of DelSqRho>
CP# = 8       
Type = (3,-3)
Coords = -7.59896521121751E-01 -2.56828486734326E+00  1.84970557399026E+00
DistFromNuc =  1.6726838873E-01
Rho =  2.2651196348E+01
DelSqRho =  1.2895453840E+03
GradDelSqRho =  6.7466032760E-12  5.1771920084E-12 -1.1103118425E-11
HessDelSqRho_EigVals = -4.4340912553E+05 -3.1327818055E+03 -3.8674992512E+02
HessDelSqRho_EigVec1 = -4.6334829774E-01  7.0097705031E-01 -5.4216190379E-01
HessDelSqRho_EigVec2 =  1.2557578321E-01  6.5756247510E-01  7.4286089816E-01
HessDelSqRho_EigVec3 =  8.7723376454E-01  2.7612092693E-01 -3.9270619560E-01
</CP of DelSqRho>
<CP of DelSqRho>
CP# = 9       
Type = (3,-1)
Coords = -7.17251532149124E-01 -2.82414314300179E+00  2.02934673210176E+00
DistFromNuc =  1.6856567057E-01
Rho =  2.2385385079E+01
DelSqRho =  1.2560762496E+03
GradDelSqRho = -1.2971845820E-11 -1.1651124510E-11  1.3397616350E-11
HessDelSqRho_EigVals = -4.1168008098E+05 -1.6843576184E+03  1.1188766297E+03
HessDelSqRho_EigVec1 =  2.0898535378E-01  8.2314150034E-01 -5.2798029539E-01
HessDelSqRho_EigVec2 =  1.2405271666E-01  5.1322565555E-01  8.4924104350E-01
HessDelSqRho_EigVec3 =  9.7001857992E-01 -2.4297632991E-01  5.1437058795E-03
</CP of DelSqRho>
<CP of DelSqRho>
CP# = 10      
Type = (3,-1)
Coords =  9.83058207990120E-03 -2.63989395609294E+00  1.77314269715983E+00
DistFromNuc =  7.1321176282E-01
Rho =  6.8445333081E-01
DelSqRho = -1.0919916359E+00
GradDelSqRho =  1.8873791419E-15  9.6450625264E-16  2.5812685323E-15
HessDelSqRho_EigVals = -1.5592443629E+01 -1.1560576769E+01  1.4623324929E+02
HessDelSqRho_EigVec1 = -2.2033950324E-01  7.4752311477E-01 -6.2662564279E-01
HessDelSqRho_EigVec2 =  1.3924224500E-01  6.5993964163E-01  7.3830296398E-01
HessDelSqRho_EigVec3 =  9.6543363341E-01  7.5424547046E-02 -2.4949756949E-01
</CP of DelSqRho>
<CP of DelSqRho>
CP# = 11      
Type = (3,-1)
Coords = -1.26897996675261E+00 -2.31946978015191E+00  1.76635458572030E+00
DistFromNuc =  7.1321121793E-01
Rho =  6.8446278990E-01
DelSqRho = -1.0918732638E+00
GradDelSqRho = -7.1609385088E-15  4.1355807667E-15 -5.9396931817E-15
HessDelSqRho_EigVals = -1.5592541458E+01 -1.1567144364E+01  1.4623508960E+02
HessDelSqRho_EigVec1 =  5.5294429832E-01  5.5339833749E-01 -6.2289877429E-01
HessDelSqRho_EigVec2 =  1.8131136010E-01  6.4975293943E-01  7.3820546489E-01
HessDelSqRho_EigVec3 =  8.1325198656E-01 -5.2112512677E-01  2.5893977793E-01
</CP of DelSqRho>
<CP of DelSqRho>
CP# = 12      
Type = (3,-1)
Coords = -8.21835485661552E-01 -3.23374245523162E+00  2.38525866861666E+00
DistFromNuc =  7.1988113197E-01
Rho =  6.7684282158E-01
DelSqRho = -1.0816794589E+00
GradDelSqRho = -6.8556271771E-15 -1.2823075934E-14  1.7125190155E-14
HessDelSqRho_EigVals = -1.9120478055E+01 -5.7470696529E+00  1.3879177072E+02
HessDelSqRho_EigVec1 =  9.6998425883E-01 -2.4311305714E-01  5.1554902452E-03
HessDelSqRho_EigVec2 =  1.4493309348E-01  5.9502519657E-01  7.9053109608E-01
HessDelSqRho_EigVec3 =  1.9525607812E-01  7.6605551816E-01 -6.1240020171E-01
</CP of DelSqRho>
<CP of DelSqRho>
CP# = 13      
Type = (3,+3)
Coords = -7.33230294072617E-01 -2.90226262633457E+00  1.34224643911226E+00
DistFromNuc =  6.3798467012E-01
Rho =  9.5722662425E-01
DelSqRho = -4.3757996898E+00
GradDelSqRho = -8.7499452128E-15 -4.4908521346E-14 -1.3522516440E-13
HessDelSqRho_EigVals =  1.1262511468E+01  2.1704803170E+01  3.3643471215E+02
HessDelSqRho_EigVec1 =  2.2762191980E-01  9.0104857769E-01 -3.6918792270E-01
HessDelSqRho_EigVec2 =  9.7002102519E-01 -2.4296810555E-01  5.0705398188E-03
HessDelSqRho_EigVec3 =  8.5132087479E-02  3.5927421327E-01  9.2934093171E-01
</CP of DelSqRho>
<CP of DelSqRho>
CP# = 14      
Type = (3,+1)
Coords = -1.08469600480231E+00 -2.48241617297008E+00  2.45574911456573E+00
DistFromNuc =  6.8502738680E-01
Rho =  7.9516790882E-01
DelSqRho = -2.6120830670E+00
GradDelSqRho = -1.1657341759E-15 -4.3576253717E-15  1.2809198147E-14
HessDelSqRho_EigVals = -1.1335168967E+01  1.2664735279E+01  1.9490852840E+02
HessDelSqRho_EigVec1 =  7.1983562766E-01  6.6951491874E-01  1.8326604361E-01
HessDelSqRho_EigVec2 =  4.5623867437E-01 -6.5531561016E-01  6.0200309226E-01
HessDelSqRho_EigVec3 = -5.2314715059E-01  3.4973021697E-01  7.7717812255E-01
</CP of DelSqRho>
<CP of DelSqRho>
CP# = 15      
Type = (3,+1)
Coords = -3.31891929355571E-01 -3.26623469256156E+00  1.82681615574094E+00
DistFromNuc =  6.8750436207E-01
Rho =  7.8918703077E-01
DelSqRho = -2.6073723472E+00
GradDelSqRho =  7.1609385088E-15 -5.7315263646E-15 -7.4384942650E-15
HessDelSqRho_EigVals = -1.2779778350E+01  1.3724895484E+01  1.9375116222E+02
HessDelSqRho_EigVec1 =  4.9113941035E-01  1.6159438981E-02  8.7093108346E-01
HessDelSqRho_EigVec2 =  7.3832713658E-01  5.2282381828E-01 -4.2606137402E-01
HessDelSqRho_EigVec3 = -4.6222842728E-01  8.5228758502E-01  2.4484842952E-01
</CP of DelSqRho>
<CP of DelSqRho>
CP# = 16      
Type = (3,+1)
Coords = -2.36501590526360E-01 -2.69485674838484E+00  2.46032828621796E+00
DistFromNuc =  6.8501088786E-01
Rho =  7.9518355531E-01
DelSqRho = -2.6118084729E+00
GradDelSqRho = -4.2188474936E-15 -1.1102230246E-15 -8.1878948066E-16
HessDelSqRho_EigVals = -1.1339795591E+01  1.2659204429E+01  1.9493230665E+02
HessDelSqRho_EigVec1 = -3.2107122697E-01  9.3024981811E-01  1.7761909556E-01
HessDelSqRho_EigVec2 =  7.1736870359E-01  3.6133159298E-01 -5.9566905495E-01
HessDelSqRho_EigVec3 =  6.1830042077E-01  6.3833814023E-02  7.8334528394E-01
</CP of DelSqRho>
<CP of DelSqRho>
CP# = 17      
Type = (3,+1)
Coords = -1.26357612075601E+00 -3.03274817532377E+00  1.82189700708825E+00
DistFromNuc =  6.8752571508E-01
Rho =  7.8913657499E-01
DelSqRho = -2.6070103661E+00
GradDelSqRho = -6.2178040494E-13 -4.1858183586E-13 -1.7974510769E-13
HessDelSqRho_EigVals = -1.2780948561E+01  1.3722613379E+01  1.9371558421E+02
HessDelSqRho_EigVec1 = -4.3408795919E-01  2.4801870666E-01  8.6605679077E-01
HessDelSqRho_EigVec2 = -4.0024037930E-01  8.0817038546E-01 -4.3205123173E-01
HessDelSqRho_EigVec3 =  8.0707823813E-01  5.3417913587E-01  2.5154993207E-01
</CP of DelSqRho>
<CP of DelSqRho>
CP# = 18      
Type = (3,+3)
Coords = -5.37773909041960E-01 -2.10407277798254E+00  2.19320694860490E+00
DistFromNuc =  6.5036770907E-01
Rho =  9.1134769217E-01
DelSqRho = -3.9105241575E+00
GradDelSqRho = -1.1102230246E-16 -7.3274719625E-15 -1.5078216453E-14
HessDelSqRho_EigVals =  6.6498979085E+00  1.8998008310E+01  2.8366715349E+02
HessDelSqRho_EigVec1 = -1.0671058516E-01 -4.0567152199E-01  9.0776839957E-01
HessDelSqRho_EigVec2 =  9.6999464605E-01 -2.4306625961E-01  5.4018588952E-03
HessDelSqRho_EigVec3 =  2.1845648916E-01  8.8110692296E-01  4.1943694718E-01
</CP of DelSqRho>
<CP of DelSqRho>
CP# = 19      
Type = (3,+1)
Coords = -5.54348482522592E-01 -2.18506421231153E+00  1.50611599804030E+00
DistFromNuc =  6.7463259511E-01
Rho =  8.4161154112E-01
DelSqRho = -3.3484916048E+00
GradDelSqRho =  1.1560197244E-14  2.8421709430E-14 -8.3266726847E-14
HessDelSqRho_EigVals = -5.3518773378E+00  1.8549590518E+01  2.2695989819E+02
HessDelSqRho_EigVec1 =  1.5440422052E-01  6.3214382077E-01  7.5931121851E-01
HessDelSqRho_EigVec2 =  9.6999457683E-01 -2.4307269258E-01  5.1173273451E-03
HessDelSqRho_EigVec3 =  1.8780270925E-01  7.3573762714E-01 -6.5070752755E-01
</CP of DelSqRho>
<CP of DelSqRho>
CP# = 20      
Type = (3,+3)
Coords = -1.85350002794376E-01 -3.11049224562074E+00  2.23830008884658E+00
DistFromNuc =  7.1848969530E-01
Rho =  7.6310166223E-01
DelSqRho = -3.1421724777E+00
GradDelSqRho = -4.3465231414E-14  4.1661118999E-14 -1.5376588891E-14
HessDelSqRho_EigVals =  1.1379661620E+01  2.3221223190E+01  1.4553192993E+02
HessDelSqRho_EigVec1 =  1.1083375101E-01  6.6072608284E-01  7.4239943635E-01
HessDelSqRho_EigVec2 =  7.0593164626E-01  4.7346905604E-01 -5.2677088358E-01
HessDelSqRho_EigVec3 =  6.9955442279E-01 -5.8246724923E-01  4.1395109992E-01
</CP of DelSqRho>
<CP of DelSqRho>
CP# = 21      
Type = (3,+3)
Coords = -1.32342917984305E+00 -2.82527700820268E+00  2.23227724254377E+00
DistFromNuc =  7.1850363548E-01
Rho =  7.6306394746E-01
DelSqRho = -3.1417415333E+00
GradDelSqRho = -4.2188474936E-15 -3.5735303605E-15 -8.6042284408E-16
HessDelSqRho_EigVals =  1.1375620384E+01  2.3218773968E+01  1.4551642916E+02
HessDelSqRho_EigVec1 =  2.0645831271E-01  6.3686748349E-01  7.4281543709E-01
HessDelSqRho_EigVec2 = -3.9394815249E-01  7.4902498464E-01 -5.3269731137E-01
HessDelSqRho_EigVec3 =  8.9564491751E-01  1.8265098099E-01 -4.0553520301E-01
</CP of DelSqRho>
<CP of DelSqRho>
CP# = 22      
Type = (3,+1)
Coords = -3.92306634622884E-01 -1.54063376992598E+00  1.47106531917531E+00
DistFromNuc =  1.2707307877E+00
Rho =  2.4037055171E-01
DelSqRho =  4.0188754773E-01
GradDelSqRho =  1.9513904381E-13  1.7069193281E-12 -6.7437722073E-13
HessDelSqRho_EigVals = -6.6262233589E+00  5.1879250510E-01  8.0422032653E-01
HessDelSqRho_EigVec1 =  2.3481910318E-01  9.2861969197E-01 -2.8727244293E-01
HessDelSqRho_EigVec2 =  6.1799790869E-02  2.8067565668E-01  9.5781102604E-01
HessDelSqRho_EigVec3 =  9.7007256153E-01 -2.4266570304E-01  8.5195032240E-03
</CP of DelSqRho>
<CP of DelSqRho>
CP# = 23      
Type = (3,-3)
Coords = -9.44795816789673E-01 -3.72461268367736E+00  2.37807079704646E+00
DistFromNuc =  1.1578100621E+00
Rho =  2.4644039944E-01
DelSqRho =  8.7018385707E-01
GradDelSqRho =  1.2925424620E-14  5.1417203828E-14 -1.1509456582E-14
HessDelSqRho_EigVals = -1.7635143589E+01 -2.7540675824E+00 -1.9903168289E-01
HessDelSqRho_EigVec1 =  2.2720214625E-01  8.9861598544E-01 -3.7532452019E-01
HessDelSqRho_EigVec2 = -9.6998875719E-01  2.4309514464E-01 -5.1537920331E-03
HessDelSqRho_EigVec3 =  8.6608288615E-02  3.6523151749E-01  9.2687914151E-01
</CP of DelSqRho>
<CP of DelSqRho>
CP# = 24      
Type = (3,-1)
Coords = -1.26102329114622E+00 -1.93872099961050E+00  2.66126345110798E+00
DistFromNuc =  1.1886972667E+00
Rho =  2.4319298707E-01
DelSqRho =  7.1808384296E-01
GradDelSqRho =  3.5908775953E-16 -2.1510571102E-16 -7.7021722333E-16
HessDelSqRho_EigVals = -1.6949928437E+01 -1.3170323624E+00  3.1829307052E-01
HessDelSqRho_EigVec1 = -4.7605755067E-01  6.4731094783E-01  5.9527955220E-01
HessDelSqRho_EigVec2 = -7.1501323136E-01 -6.7898846761E-01  1.6652549303E-01
HessDelSqRho_EigVec3 =  5.1198172568E-01 -3.4635703785E-01  7.8607347933E-01
</CP of DelSqRho>
<CP of DelSqRho>
CP# = 25      
Type = (3,+1)
Coords = -1.71414232094456E+00 -2.93825748485513E+00  2.41634860871646E+00
DistFromNuc =  1.1644189285E+00
Rho =  4.0224593263E-01
DelSqRho = -8.9695235064E-01
GradDelSqRho =  1.0685896612E-15  2.9767854848E-15  3.7470027081E-16
HessDelSqRho_EigVals = -2.8936124272E+01  1.3729993627E+01  1.4482164394E+01
HessDelSqRho_EigVec1 =  8.8171086979E-01  2.2809828337E-01 -4.1298561139E-01
HessDelSqRho_EigVec2 =  1.7440456230E-01  6.5576994882E-01  7.3453987153E-01
HessDelSqRho_EigVec3 = -4.3837083701E-01  7.1967836381E-01 -5.3841811069E-01
</CP of DelSqRho>
<CP of DelSqRho>
CP# = 26      
Type = (3,-1)
Coords = -1.56108437085159E+00 -3.18323332202678E+00  1.31558988321950E+00
DistFromNuc =  1.1876059706E+00
Rho =  2.4223305776E-01
DelSqRho =  7.3323288126E-01
GradDelSqRho =  6.8452188362E-15  4.4807907384E-15  4.8190618163E-15
HessDelSqRho_EigVals = -1.7425108498E+01 -1.1680401383E+00  2.8492841117E-01
HessDelSqRho_EigVec1 =  7.3183534426E-01  4.1001456181E-01  5.4433912959E-01
HessDelSqRho_EigVec2 = -5.7212509557E-01 -6.4320346855E-02  8.1764036593E-01
HessDelSqRho_EigVec3 = -3.7025653798E-01  9.0980819522E-01 -1.8750771718E-01
</CP of DelSqRho>
<CP of DelSqRho>
CP# = 27      
Type = (3,-1)
Coords = -1.35813385256179E-01 -3.54070669199711E+00  1.32313123934826E+00
DistFromNuc =  1.1875850525E+00
Rho =  2.4222791228E-01
DelSqRho =  7.3339593178E-01
GradDelSqRho =  6.3837823916E-15 -1.0165479569E-15 -3.0808688933E-15
HessDelSqRho_EigVals = -1.7429766152E+01 -1.1671819574E+00  2.8427140713E-01
HessDelSqRho_EigVec1 = -4.5706916329E-01  7.0823650381E-01  5.3804166626E-01
HessDelSqRho_EigVec2 =  4.6626511565E-01 -3.2434738695E-01  8.2304046955E-01
HessDelSqRho_EigVec3 =  7.5741971317E-01  6.2705647852E-01 -1.8197678659E-01
</CP of DelSqRho>
<CP of DelSqRho>
CP# = 28      
Type = (3,-1)
Coords =  1.73608031086018E-01 -2.29811617267333E+00  2.66855407318789E+00
DistFromNuc =  1.1886536483E+00
Rho =  2.4319178233E-01
DelSqRho =  7.1830902205E-01
GradDelSqRho = -6.8869909775E-12 -3.0454024719E-12 -3.2173447934E-12
HessDelSqRho_EigVals = -1.6953408354E+01 -1.3182795725E+00  3.1735596180E-01
HessDelSqRho_EigVec1 =  7.1927663637E-01  3.4789215424E-01  6.0134197375E-01
HessDelSqRho_EigVec2 = -3.0862253856E-01  9.3549349390E-01 -1.7205827955E-01
HessDelSqRho_EigVec3 = -6.2240922958E-01 -6.1830185905E-02  7.8024597342E-01
</CP of DelSqRho>
<CP of DelSqRho>
CP# = 29      
Type = (3,-3)
Coords = -1.63526483451710E+00 -2.13505841017406E+00  1.62553185370199E+00
DistFromNuc =  1.1448073089E+00
Rho =  2.4743514897E-01
DelSqRho =  8.3693981203E-01
GradDelSqRho =  1.7537277186E-11  5.5729726389E-14  2.1816394177E-11
HessDelSqRho_EigVals = -1.7614246275E+01 -1.7286750512E+00 -5.0434897630E-01
HessDelSqRho_EigVec1 =  8.1281926264E-01 -5.0252143706E-01  2.9461339343E-01
HessDelSqRho_EigVec2 =  5.6107654010E-01  5.3944068956E-01 -6.2785098439E-01
HessDelSqRho_EigVec3 =  1.5658212682E-01  6.7563003763E-01  7.2042077275E-01
</CP of DelSqRho>
<CP of DelSqRho>
CP# = 30      
Type = (3,-3)
Coords =  4.21129881046324E-01 -2.65071261032096E+00  1.63618534957397E+00
DistFromNuc =  1.1448169766E+00
Rho =  2.4742241760E-01
DelSqRho =  8.3681038501E-01
GradDelSqRho = -4.1563974484E-15 -4.0158848469E-16  8.7430063189E-16
HessDelSqRho_EigVals = -1.7612978342E+01 -1.7287011072E+00 -5.0277138362E-01
HessDelSqRho_EigVec1 =  9.5658780177E-01  5.8879601972E-02 -2.8543470352E-01
HessDelSqRho_EigVec2 = -2.3407387628E-01  7.3870438924E-01 -6.3208009442E-01
HessDelSqRho_EigVec3 =  1.7363524396E-01  6.7145291554E-01  7.2041778453E-01
</CP of DelSqRho>
<CP of DelSqRho>
CP# = 31      
Type = (3,-1)
Coords = -2.70616131689262E+00 -2.75066766090955E+00  2.02718134867149E+00
DistFromNuc =  2.0270210863E+00
Rho =  7.0519480539E-02
DelSqRho =  1.8443083423E-01
GradDelSqRho =  2.8839777788E-16 -1.5319776697E-16  2.7885679876E-16
HessDelSqRho_EigVals = -2.0315362169E+00 -1.4456437414E-02  5.0146720623E-01
HessDelSqRho_EigVec1 =  8.8867308086E-01 -2.0622420357E-01  4.0955064794E-01
HessDelSqRho_EigVec2 = -2.7791683712E-02  8.6729407552E-01  4.9701972686E-01
HessDelSqRho_EigVec3 = -4.5769834791E-01 -4.5307015399E-01  7.6500958026E-01
</CP of DelSqRho>
<CP of DelSqRho>
CP# = 32      
Type = (3,-1)
Coords =  1.07049892575701E+00 -3.69844659614978E+00  2.04652066923278E+00
DistFromNuc =  2.0270103541E+00
Rho =  7.0514468574E-02
DelSqRho =  1.8440019306E-01
GradDelSqRho = -1.3494218763E-13  1.2373110349E-13  3.9499816178E-14
HessDelSqRho_EigVals = -2.0303912240E+00 -1.4331942798E-02  5.0172951074E-01
HessDelSqRho_EigVec1 =  8.8434968733E-01 -2.3953894148E-01 -4.0068282474E-01
HessDelSqRho_EigVec2 =  4.2965676740E-01  7.5327220505E-01  4.9797193427E-01
HessDelSqRho_EigVec3 =  1.8253956490E-01 -6.1253741160E-01  7.6907556627E-01
</CP of DelSqRho>
<CP of DelSqRho>
CP# = 33      
Type = (3,+1)
Coords = -2.26377832474607E+00 -2.34152479235374E+00  3.15281819290148E+00
DistFromNuc =  2.0225853930E+00
Rho =  6.9552464317E-02
DelSqRho =  1.7636863068E-01
GradDelSqRho =  4.3106911270E-12 -1.9828600567E-12 -2.1023595191E-12
HessDelSqRho_EigVals = -1.6761359462E+00  2.4634704190E-02  5.7367269044E-01
HessDelSqRho_EigVec1 = -5.1334526150E-01  5.3661430166E-01  6.6971765226E-01
HessDelSqRho_EigVec2 = -4.9122428540E-01  4.5616492092E-01 -7.4203252378E-01
HessDelSqRho_EigVec3 = -7.0368696444E-01 -7.0990045512E-01  2.9427876256E-02
</CP of DelSqRho>
<CP of DelSqRho>
CP# = 34      
Type = (3,+1)
Coords = -2.55071612952385E+00 -3.42674837431244E+00  1.92478723429236E+00
DistFromNuc =  2.0103506279E+00
Rho =  7.0258160564E-02
DelSqRho =  1.8302058292E-01
GradDelSqRho = -3.0682921481E-16 -3.6711085560E-16 -4.6620693417E-16
HessDelSqRho_EigVals = -1.7913388322E+00  1.5821737549E-02  5.6703456932E-01
HessDelSqRho_EigVec1 =  7.6252042669E-01  4.4887959090E-01  4.6590740684E-01
HessDelSqRho_EigVec2 = -3.7371288909E-01  8.9345116504E-01 -2.4916599329E-01
HessDelSqRho_EigVec3 = -5.2811104458E-01  1.5878556456E-02  8.4902685237E-01
</CP of DelSqRho>
<CP of DelSqRho>
CP# = 35      
Type = (3,+1)
Coords =  8.63781061410718E-01 -3.12465520510744E+00  3.16825928045360E+00
DistFromNuc =  2.0225747134E+00
Rho =  6.9554239445E-02
DelSqRho =  1.7639957320E-01
GradDelSqRho =  5.9073405889E-14  1.1201261273E-13  1.9074238716E-13
HessDelSqRho_EigVals = -1.6769604900E+00  2.4489942184E-02  5.7358617018E-01
HessDelSqRho_EigVec1 =  6.9992913075E-01  2.3328955232E-01  6.7503718172E-01
HessDelSqRho_EigVec2 = -6.5499156705E-01 -1.6716156013E-01  7.3691455400E-01
HessDelSqRho_EigVec3 = -2.8475473485E-01  9.5793162469E-01 -3.5801443975E-02
</CP of DelSqRho>
<CP of DelSqRho>
CP# = 36      
Type = (3,+1)
Coords =  6.17194614117592E-01 -4.21972521641534E+00  1.94149660322097E+00
DistFromNuc =  2.0104223216E+00
Rho =  7.0253504178E-02
DelSqRho =  1.8301168728E-01
GradDelSqRho =  9.7015125967E-13 -1.1508697641E-12 -1.7472624909E-12
HessDelSqRho_EigVals = -1.7914565372E+00  1.5718392770E-02  5.6694409344E-01
HessDelSqRho_EigVec1 = -4.6620791341E-01  7.5595535012E-01  4.5954509038E-01
HessDelSqRho_EigVec2 =  7.5323170105E-01  6.1162735975E-01 -2.4197929114E-01
HessDelSqRho_EigVec3 =  4.6399589007E-01 -2.3333126972E-01  8.5455504947E-01
</CP of DelSqRho>
<Path of -GradDelSqRho>
Starting CP# =      3
Ending CP# =      0
Number of Points =     30
  1.0407502713E-01 -3.3938652855E+00  2.4260663485E+00  4.0224824388E-01 -8.9701207171E-01
  1.2071013706E-01 -3.4092680793E+00  2.4366032837E+00  3.9157748199E-01 -9.0597637717E-01
  1.3732564188E-01 -3.4246850393E+00  2.4471504295E+00  3.8190452574E-01 -9.3262654930E-01
  1.5392123607E-01 -3.4401165437E+00  2.4577076483E+00  3.7319755257E-01 -9.7676031567E-01
  1.7049713265E-01 -3.4555625894E+00  2.4682745431E+00  3.6542129709E-01 -1.0383770807E+00
  1.8705404201E-01 -3.4710227992E+00  2.4788504883E+00  3.5853718634E-01 -1.1176196110E+00
  2.0359311833E-01 -3.4864964493E+00  2.4894346776E+00  3.5250333620E-01 -1.2146519269E+00
  2.2011588356E-01 -3.5019825127E+00  2.5000261852E+00  3.4727449036E-01 -1.3294484030E+00
  2.3662414067E-01 -3.5174797073E+00  2.5106240331E+00  3.4280204646E-01 -1.4614651255E+00
  2.5311988949E-01 -3.5329865381E+00  2.5212272614E+00  3.3903440650E-01 -1.6091771943E+00
  2.6960525947E-01 -3.5485013219E+00  2.5318349967E+00  3.3591800558E-01 -1.7695146810E+00
  2.8608247315E-01 -3.5640221781E+00  2.5424465208E+00  3.3339949565E-01 -1.9373387658E+00
  3.0255384519E-01 -3.5795469781E+00  2.5530613447E+00  3.3142962788E-01 -2.1052806420E+00
  3.1902177250E-01 -3.5950732920E+00  2.5636792986E+00  3.2996928324E-01 -2.2644932674E+00
  3.3548843792E-01 -3.6105986414E+00  2.5743006193E+00  3.2899770019E-01 -2.4070437847E+00
  3.5195411921E-01 -3.6261224197E+00  2.5849257614E+00  3.2852210479E-01 -2.5306247127E+00
  3.6841246251E-01 -3.6416519218E+00  2.5955539066E+00  3.2858663411E-01 -2.6457734231E+00
  3.8485071303E-01 -3.6572035202E+00  2.6061808340E+00  3.2927685046E-01 -2.7847441489E+00
  4.0126630911E-01 -3.6727825275E+00  2.6168026350E+00  3.3071480298E-01 -3.0097089247E+00
  4.1766804206E-01 -3.6883794523E+00  2.6274195589E+00  3.3303933992E-01 -3.4165245919E+00
  4.3406328817E-01 -3.7039854169E+00  2.6380332184E+00  3.3636786903E-01 -4.1295262325E+00
  4.5045570266E-01 -3.7195957964E+00  2.6486447592E+00  3.4073967508E-01 -5.2832451428E+00
  4.6684694566E-01 -3.7352084134E+00  2.6592548177E+00  3.4604724196E-01 -6.9890247896E+00
  4.8323780653E-01 -3.7508222081E+00  2.6698637335E+00  3.5196980555E-01 -9.2887621284E+00
  4.9962869805E-01 -3.7664366264E+00  2.6804716842E+00  3.5793065745E-01 -1.2104965533E+01
  5.1601987557E-01 -3.7820513461E+00  2.6910787492E+00  3.6310309330E-01 -1.5205051385E+01
  5.3241155834E-01 -3.7976661365E+00  2.7016849294E+00  3.6648484679E-01 -1.8203667627E+01
  5.4880405462E-01 -3.8132807452E+00  2.7122901196E+00  3.6704408389E-01 -2.0621889692E+01
  5.6519813193E-01 -3.8288946391E+00  2.7228939181E+00  3.6391348021E-01 -2.2001155548E+01
  5.7339723438E-01 -3.8367003414E+00  2.7281944584E+00  3.6078678332E-01 -2.2197257593E+01
</Path of -GradDelSqRho>
<Path of -GradDelSqRho>
Starting CP# =      3
Ending CP# =     20
Number of Points =     18
  1.0407502713E-01 -3.3938652855E+00  2.4260663485E+00  4.0224824388E-01 -8.9701207171E-01
  8.7421737322E-02 -3.3784754789E+00  2.4155391579E+00  4.1394487655E-01 -9.0614857298E-01
  7.0750885880E-02 -3.3630980634E+00  2.4050216599E+00  4.2669119677E-01 -9.3398605320E-01
  5.4064156838E-02 -3.3477316851E+00  2.3945132129E+00  4.4050609723E-01 -9.8124797323E-01
  3.7363588253E-02 -3.3323747484E+00  2.3840129520E+00  4.5540274506E-01 -1.0486860764E+00
  2.0651522467E-02 -3.3170254527E+00  2.3735198131E+00  4.7138769873E-01 -1.1369532501E+00
  3.9305791655E-03 -3.3016818096E+00  2.3630325513E+00  4.8846002273E-01 -1.2464460654E+00
 -1.2796333706E-02 -3.2863416294E+00  2.3525497437E+00  5.0661049757E-01 -1.3771206558E+00
 -2.9525957169E-02 -3.2710024671E+00  2.3420697724E+00  5.2582104308E-01 -1.5282880387E+00
 -4.6254547032E-02 -3.2556615092E+00  2.3315907796E+00  5.4606449104E-01 -1.6983976312E+00
 -6.2977634033E-02 -3.2403153752E+00  2.3211105830E+00  5.6730485734E-01 -1.8848200188E+00
 -7.9689610474E-02 -3.2249597741E+00  2.3106265319E+00  5.8949827259E-01 -2.0836411992E+00
 -9.6382998272E-02 -3.2095888963E+00  2.3001352575E+00  6.1259473207E-01 -2.2894791245E+00
 -1.1304706006E-01 -3.1941942559E+00  2.2896322155E+00  6.3654081697E-01 -2.4953268130E+00
 -1.2966486375E-01 -3.1787622455E+00  2.2791107541E+00  6.6128350871E-01 -2.6924098317E+00
 -1.4620601905E-01 -3.1632681144E+00  2.2685598966E+00  6.8677510327E-01 -2.8700113709E+00
 -1.6260371901E-01 -3.1476571538E+00  2.2579576673E+00  7.1297855967E-01 -3.0151534881E+00
 -1.8535000279E-01 -3.1104922456E+00  2.2383000888E+00  7.6310166223E-01 -3.1421724777E+00
</Path of -GradDelSqRho>
<Path of -GradDelSqRho>
Starting CP# =      4
Ending CP# =     18
Number of Points =     37
 -6.6526509043E-01 -2.6152404890E+00  2.0923169422E+00  2.2518155948E+01  1.2320213153E+03
 -6.6275047980E-01 -2.6047203467E+00  2.1148558692E+00  1.5612485318E+01  1.1503247822E+03
 -6.6023162478E-01 -2.5941834504E+00  2.1373864969E+00  1.0929968855E+01  9.8069502238E+02
 -6.5771165920E-01 -2.5836421677E+00  2.1599149485E+00  7.7645314813E+00  7.7268327690E+02
 -6.5518912758E-01 -2.5730907535E+00  2.1824383689E+00  5.6326782368E+00  5.7216425417E+02
 -6.5266153394E-01 -2.5625193551E+00  2.2049518479E+00  4.1977332967E+00  4.0801700419E+02
 -6.5012614402E-01 -2.5519171788E+00  2.2274499703E+00  3.2292458910E+00  2.8540508826E+02
 -6.4758019433E-01 -2.5412733145E+00  2.2499272043E+00  2.5724693994E+00  1.9718784805E+02
 -6.4502110289E-01 -2.5305775681E+00  2.2723783002E+00  2.1241287340E+00  1.3417581811E+02
 -6.4244633756E-01 -2.5198199412E+00  2.2947980136E+00  1.8149589263E+00  8.9181039442E+01
 -6.3985278823E-01 -2.5089881529E+00  2.3171798170E+00  1.5981862894E+00  5.7314755969E+01
 -6.3723586048E-01 -2.4980640619E+00  2.3395139775E+00  1.4422005649E+00  3.5198179123E+01
 -6.3458840425E-01 -2.4870194389E+00  2.3617851499E+00  1.3258105061E+00  2.0297715881E+01
 -6.3189923304E-01 -2.4758101250E+00  2.3839688245E+00  1.2350245163E+00  1.0606017021E+01
 -6.2915065115E-01 -2.4643662843E+00  2.4060249984E+00  1.1607788018E+00  4.5365803738E+00
 -6.2631384023E-01 -2.4525742355E+00  2.4278854434E+00  1.0973193197E+00  8.8463610120E-01
 -6.2333930701E-01 -2.4402388910E+00  2.4494246114E+00  1.0410770720E+00 -1.2168554199E+00
 -6.2013380667E-01 -2.4269932254E+00  2.4703792625E+00  9.8994878090E-01 -2.3587511384E+00
 -6.1649062642E-01 -2.4120259823E+00  2.4900480556E+00  9.4305804227E-01 -2.9247783450E+00
 -6.1184490279E-01 -2.3931416804E+00  2.5054868698E+00  9.0255801906E-01 -3.1600006002E+00
 -6.0595846539E-01 -2.3696315371E+00  2.5050543937E+00  8.8501791726E-01 -3.2523853692E+00
 -6.0063751645E-01 -2.3486308738E+00  2.4926570048E+00  8.8719475507E-01 -3.3253303059E+00
 -5.9562248455E-01 -2.3288972936E+00  2.4781547691E+00  8.9190816031E-01 -3.3948278989E+00
 -5.9074381354E-01 -2.3097261875E+00  2.4628705491E+00  8.9646294190E-01 -3.4608362443E+00
 -5.8598722331E-01 -2.2910581491E+00  2.4469387113E+00  9.0058455281E-01 -3.5230460700E+00
 -5.8135606149E-01 -2.2729064643E+00  2.4303853691E+00  9.0423603807E-01 -3.5811724637E+00
 -5.7685521917E-01 -2.2552907615E+00  2.4132280466E+00  9.0740412848E-01 -3.6349651787E+00
 -5.7248969327E-01 -2.2382310861E+00  2.3954839304E+00  9.1008113145E-01 -3.6842122785E+00
 -5.6826448574E-01 -2.2217474715E+00  2.3771705006E+00  9.1226367297E-01 -3.7287427795E+00
 -5.6418460156E-01 -2.2058599111E+00  2.3583056345E+00  9.1395258763E-01 -3.7684285439E+00
 -5.6025505275E-01 -2.1905883476E+00  2.3389076789E+00  9.1515282294E-01 -3.8031854111E+00
 -5.5648086343E-01 -2.1759526568E+00  2.3189955181E+00  9.1587329646E-01 -3.8329735660E+00
 -5.5286707671E-01 -2.1619726262E+00  2.2985886387E+00  9.1612670706E-01 -3.8577971581E+00
 -5.4941876434E-01 -2.1486679264E+00  2.2777071919E+00  9.1592930491E-01 -3.8777032104E+00
 -5.4614104065E-01 -2.1360580765E+00  2.2563720532E+00  9.1530062497E-01 -3.8927798703E+00
 -5.4303908213E-01 -2.1241624013E+00  2.2346048796E+00  9.1426318965E-01 -3.9031540733E+00
 -5.3777390904E-01 -2.1040727780E+00  2.1932069486E+00  9.1134769217E-01 -3.9105241575E+00
</Path of -GradDelSqRho>
<Path of -GradDelSqRho>
Starting CP# =      4
Ending CP# =      1
Number of Points =      7
 -6.6526509043E-01 -2.6152404890E+00  2.0923169422E+00  2.2518155948E+01  1.2320213153E+03
 -6.6777025971E-01 -2.6257233677E+00  2.0697596109E+00  3.2736501806E+01  9.8171670308E+02
 -6.7026739789E-01 -2.6361745489E+00  2.0471866833E+00  4.7961694904E+01 -7.8937284923E+02
 -6.7276099265E-01 -2.6466117446E+00  2.0246068931E+00  7.0576764104E+01 -6.3686926256E+03
 -6.7525203855E-01 -2.6570388802E+00  2.0020221748E+00  1.0414029237E+02 -2.0561457757E+04
 -6.7773886216E-01 -2.6674493514E+00  1.9794293046E+00  1.5449385937E+02 -7.5068255644E+04
 -6.8205903480E-01 -2.6855363059E+00  1.9401058227E+00  2.9719261495E+02 -3.3279422317E+06
</Path of -GradDelSqRho>
<Path of -GradDelSqRho>
Starting CP# =      6
Ending CP# =      1
Number of Points =      7
 -7.1480307117E-01 -2.8183008502E+00  1.8424555177E+00  2.2619643115E+01  1.2427763575E+03
 -7.0994163870E-01 -2.7985876734E+00  1.8570417057E+00  3.2902127417E+01  9.8521521525E+02
 -7.0507406464E-01 -2.7788507412E+00  1.8715936871E+00  4.8231988269E+01 -8.2743394352E+02
 -7.0020380223E-01 -2.7591034115E+00  1.8861306574E+00  7.1008367773E+01 -6.4888977104E+03
 -6.9533153928E-01 -2.7393483451E+00  1.9006564400E+00  1.0483066512E+02 -2.1011184242E+04
 -6.9045602357E-01 -2.7195807000E+00  1.9151640083E+00  1.5556925411E+02 -7.6578900947E+04
 -6.8205903480E-01 -2.6855363059E+00  1.9401058227E+00  2.9719261495E+02 -3.3279422317E+06
</Path of -GradDelSqRho>
<Path of -GradDelSqRho>
Starting CP# =      6
Ending CP# =     13
Number of Points =     33
 -7.1480307117E-01 -2.8183008502E+00  1.8424555177E+00  2.2619643115E+01  1.2427763575E+03
 -7.1965711441E-01 -2.8379854417E+00  1.8278283182E+00  1.5675895239E+01  1.1595076328E+03
 -7.2450767756E-01 -2.8576565675E+00  1.8131818566E+00  1.0970964722E+01  9.8809888440E+02
 -7.2935731728E-01 -2.8773241184E+00  1.7985302890E+00  7.7928176198E+00  7.7846696061E+02
 -7.3420494807E-01 -2.8969838936E+00  1.7838676262E+00  5.6544306089E+00  5.7628212038E+02
 -7.3904861199E-01 -2.9166283154E+00  1.7691830930E+00  4.2167838118E+00  4.1062210104E+02
 -7.4388613825E-01 -2.9362489797E+00  1.7544648163E+00  3.2478212285E+00  2.8681576670E+02
 -7.4871530255E-01 -2.9558372717E+00  1.7397007501E+00  2.5917348941E+00  1.9773468578E+02
 -7.5353398377E-01 -2.9753849709E+00  1.7248795739E+00  2.1445786109E+00  1.3412750227E+02
 -7.5834005102E-01 -2.9948838135E+00  1.7099901098E+00  1.8366791015E+00  8.8738882836E+01
 -7.6313084247E-01 -3.0143234714E+00  1.6950185717E+00  1.6210263022E+00  5.6628710727E+01
 -7.6790238128E-01 -3.0336885096E+00  1.6799445557E+00  1.4658868867E+00  3.4380543616E+01
 -7.7264837898E-01 -3.0529545113E+00  1.6647362192E+00  1.3500223571E+00  1.9430717923E+01
 -7.7735873757E-01 -3.0720822435E+00  1.6493434923E+00  1.2594445148E+00  9.7463713706E+00
 -7.8201682916E-01 -3.0910070424E+00  1.6336865345E+00  1.1851266436E+00  3.7197541215E+00
 -7.8659387832E-01 -3.1096168548E+00  1.6176337494E+00  1.1213767977E+00  1.2955521664E-01
 -7.9103562850E-01 -3.1277000000E+00  1.6009551304E+00  1.0647193076E+00 -1.9031580515E+00
 -7.9522336451E-01 -3.1447920082E+00  1.5832072304E+00  1.0132305488E+00 -2.9773927328E+00
 -7.9881590433E-01 -3.1595518935E+00  1.5634004903E+00  9.6664828757E-01 -3.4835726544E+00
 -8.0036244358E-01 -3.1662250009E+00  1.5397870640E+00  9.3114488318E-01 -3.6813482138E+00
 -7.9765472374E-01 -3.1558840803E+00  1.5176026953E+00  9.2372706139E-01 -3.7797100593E+00
 -7.9340560066E-01 -3.1393036909E+00  1.4993998963E+00  9.2836744065E-01 -3.8668340587E+00
 -7.8887118784E-01 -3.1215571288E+00  1.4823878088E+00  9.3407467753E-01 -3.9481777266E+00
 -7.8419511385E-01 -3.1032288304E+00  1.4660430486E+00  9.3935340476E-01 -4.0233649041E+00
 -7.7939576193E-01 -3.0843931331E+00  1.4503227299E+00  9.4402529296E-01 -4.0919606883E+00
 -7.7447905099E-01 -3.0650734988E+00  1.4352388529E+00  9.4805794250E-01 -4.1535905744E+00
 -7.6944991115E-01 -3.0452893938E+00  1.4208082489E+00  9.5143678526E-01 -4.2079500559E+00
 -7.6431326074E-01 -3.0250603049E+00  1.4070480232E+00  9.5415386217E-01 -4.2548093394E+00
 -7.5907407993E-01 -3.0044060688E+00  1.3939752230E+00  9.5620707507E-01 -4.2940164497E+00
 -7.5373742055E-01 -2.9833469568E+00  1.3816067980E+00  9.5760008125E-01 -4.3254988758E+00
 -7.4830840451E-01 -2.9619037423E+00  1.3699595741E+00  9.5834215592E-01 -4.3492637586E+00
 -7.4279220528E-01 -2.9400977664E+00  1.3590502299E+00  9.5844799301E-01 -4.3653966503E+00
 -7.3323029407E-01 -2.9022626263E+00  1.3422464391E+00  9.5722662425E-01 -4.3757996898E+00
</Path of -GradDelSqRho>
<Path of -GradDelSqRho>
Starting CP# =     14
Ending CP# =     18
Number of Points =     32
 -1.0846960048E+00 -2.4824161730E+00  2.4557491146E+00  7.9516790882E-01 -2.6120830670E+00
 -1.0693638538E+00 -2.4683876729E+00  2.4593447219E+00  7.9855423404E-01 -2.6146181619E+00
 -1.0508160135E+00 -2.4520087090E+00  2.4628997643E+00  8.0285965674E-01 -2.6242366240E+00
 -1.0318876516E+00 -2.4359176730E+00  2.4656794528E+00  8.0747529319E-01 -2.6410267495E+00
 -1.0126066655E+00 -2.4201319633E+00  2.4676758924E+00  8.1238928469E-01 -2.6648746863E+00
 -9.9300218836E-01 -2.4046677978E+00  2.4688820436E+00  8.1758422575E-01 -2.6955580714E+00
 -9.7310463559E-01 -2.3895400033E+00  2.4692918743E+00  8.2303700970E-01 -2.7327540849E+00
 -9.5294571149E-01 -2.3747617975E+00  2.4689004094E+00  8.2871883291E-01 -2.7760480445E+00
 -9.3255840114E-01 -2.3603445677E+00  2.4677037127E+00  8.3459530426E-01 -2.8249422622E+00
 -9.1197695983E-01 -2.3462976509E+00  2.4656987942E+00  8.4062667020E-01 -2.8788649818E+00
 -8.9123691756E-01 -2.3326281219E+00  2.4628834350E+00  8.4676816331E-01 -2.9371793153E+00
 -8.7037512022E-01 -2.3193405882E+00  2.4592559260E+00  8.5297048002E-01 -2.9991921859E+00
 -8.4942983321E-01 -2.3064369891E+00  2.4548147173E+00  8.5918038853E-01 -3.0641633574E+00
 -8.2844093853E-01 -2.2939163906E+00  2.4495579763E+00  8.6534146285E-01 -3.1313146861E+00
 -8.0745026296E-01 -2.2817747610E+00  2.4434830518E+00  8.7139493340E-01 -3.1998397586E+00
 -7.8650208437E-01 -2.2700047057E+00  2.4365858421E+00  8.7728063868E-01 -3.2689140857E+00
 -7.6564387759E-01 -2.2585951330E+00  2.4288600583E+00  8.8293805801E-01 -3.3377060109E+00
 -7.4492738309E-01 -2.2475308123E+00  2.4202963731E+00  8.8830740200E-01 -3.4053884656E+00
 -7.2441011631E-01 -2.2367917823E+00  2.4108814377E+00  8.9333073735E-01 -3.4711516767E+00
 -7.0415748800E-01 -2.2263525549E+00  2.4005967500E+00  8.9795312517E-01 -3.5342169090E+00
 -6.8424578556E-01 -2.2161810603E+00  2.3894173653E+00  9.0212375914E-01 -3.5938513192E+00
 -6.6476638078E-01 -2.2062372886E+00  2.3773104785E+00  9.0579710244E-01 -3.6493840172E+00
 -6.4583168263E-01 -2.1964716240E+00  2.3642340060E+00  9.0893404113E-01 -3.7002234586E+00
 -6.2758351693E-01 -2.1868229963E+00  2.3501355409E+00  9.1150310034E-01 -3.7458763092E+00
 -6.1020464570E-01 -2.1772172983E+00  2.3349525896E+00  9.1348181080E-01 -3.7859677871E+00
 -5.9393356605E-01 -2.1675672615E+00  2.3186160972E+00  9.1485836520E-01 -3.8202629138E+00
 -5.7908021047E-01 -2.1577765253E+00  2.3010611840E+00  9.1563373733E-01 -3.8486863683E+00
 -5.6603266518E-01 -2.1477531347E+00  2.2822511876E+00  9.1582431492E-01 -3.8713345260E+00
 -5.5522841589E-01 -2.1374395651E+00  2.2622193582E+00  9.1546441893E-01 -3.8884660491E+00
 -5.4704225399E-01 -2.1268608890E+00  2.2411154525E+00  9.1460625002E-01 -3.9004519674E+00
 -5.4155095210E-01 -2.1161721886E+00  2.2192062418E+00  9.1331272286E-01 -3.9076814920E+00
