 AIMInt (Version 19.02.13, Professional)
 Portions Copyright (c) 1997-2019 by Todd A. Keith
 AIMInt is a component of the AIMAll package ( http://aim.tkgristmill.com )

 TP:  64-bit Linux

 Licensed To:  Research Group of Fernando Cortes Guzman, UNAM, fercor@unam.mx

 AIMInt is a heavily modified and extended version of the PROAIMV program
 developed by members of R.F.W. Bader's research group

 Much of the Quantum Theory of Atoms in Molecules (QTAIM) is described in the book:
   "Atoms in Molecules - A Quantum Theory"
   R.F.W. Bader, Oxford University Press, Oxford, 1990

 For additional references see:  http://aim.tkgristmill.com/references.html

 Current Directory:  /home/scratch/M_H2O_4_tetraedrico/Opt

 Inp File:  Cr3_tetraedrico_cc-pvtz-def2-tzv_1_atomicfiles/o6.inp
 Wfx File:  Cr3_tetraedrico_cc-pvtz-def2-tzv_1.wfx
 Out File:  Cr3_tetraedrico_cc-pvtz-def2-tzv_1_atomicfiles/o6.int

 Wfx Title:   Cr3_tetraedrico_cc-pvtz-def2-tzv_1                                            
 Job Title:   Cr3_tetraedrico_cc-pvtz-def2-tzv_1                                            
 
<Atom>
O6      
</Atom>
<Nuclei of Molecule>
    13
Cr1       24.0          -3.6832722752E-06   3.5828608928E-05  -1.4031511806E-04
O2         8.0           2.6818516719E+00  -6.6950533313E-01  -1.9498626260E+00
H3         1.0           3.8399028356E+00   5.9695142676E-01  -2.7324800617E+00
O4         8.0          -6.8205900022E-01  -2.6855361727E+00   1.9401056050E+00
H5         1.0          -2.3479732881E+00  -3.1089844693E+00   2.7164407218E+00
O6         8.0          -2.6730624932E+00   6.8585155770E-01  -1.9562752983E+00
H7         1.0          -3.0908182563E+00   2.3526709045E+00  -2.7338011881E+00
O8         8.0           6.7325612776E-01   2.6693329980E+00   1.9654701517E+00
H9         1.0           2.3352785397E+00   3.0858473140E+00   2.7539010463E+00
H10        1.0           5.7945744631E-01  -3.8425168173E+00   2.7321190992E+00
H11        1.0          -3.8281932130E+00  -5.7394661352E-01  -2.7537799019E+00
H12        1.0          -5.9234528460E-01   3.8183370619E+00   2.7627277303E+00
H13        1.0           3.1048891688E+00  -2.3303630927E+00  -2.7372625428E+00
</Nuclei of Molecule>
<Total Number of CPs of DelSqRho>
    36
</Total Number of CPs of DelSqRho>
<Number of (3,+3) CPs of DelSqRho>
     5
</Number of (3,+3) CPs of DelSqRho>
<Number of (3,+1) CPs of DelSqRho>
    14
</Number of (3,+1) CPs of DelSqRho>
<Number of (3,-1) CPs of DelSqRho>
    12
</Number of (3,-1) CPs of DelSqRho>
<Number of (3,-3) CPs of DelSqRho>
     5
</Number of (3,-3) CPs of DelSqRho>
<Number of Degenerate CPs of DelSqRho>
     0
</Number of Degenerate CPs of DelSqRho>
<CP of DelSqRho>
CP# = 1       
Type = (3,+3)
Coords = -2.67306262566609E+00  6.85851592577966E-01 -1.95627551597352E+00
DistFromNuc =  2.5723845324E-07
Rho =  2.9719235694E+02
DelSqRho = -3.3279392153E+06
GradDelSqRho = -1.4962733985E-05  2.5792085694E-06 -1.1048222859E-05
HessDelSqRho_EigVals =  1.3234377314E+11  1.3234379328E+11  1.3234379873E+11
HessDelSqRho_EigVec1 = -6.2021618665E-01  1.5102774914E-01  7.6975483162E-01
HessDelSqRho_EigVec2 =  7.4538918186E-01 -1.9225475657E-01  6.3830484578E-01
HessDelSqRho_EigVec3 =  2.4439077190E-01  9.6965392154E-01  6.6650616189E-03
</CP of DelSqRho>
<CP of DelSqRho>
CP# = 2       
Type = (3,-1)
Coords = -1.67064358619801E+00  4.31404960918758E-01 -1.00514681068895E+00
DistFromNuc =  1.4050737118E+00
Rho =  1.8621015441E-01
DelSqRho =  4.2230493578E-01
GradDelSqRho = -7.1952166447E-13  3.8400185809E-13 -9.4571572795E-13
HessDelSqRho_EigVals = -5.8504343123E-01 -8.3619031200E-02  3.6921759694E+00
HessDelSqRho_EigVec1 = -5.0105158439E-01  1.2879091732E-01  8.5578046799E-01
HessDelSqRho_EigVec2 =  2.5084776358E-01  9.6802582276E-01  1.1857429806E-03
HessDelSqRho_EigVec3 =  8.2826487870E-01 -2.1526473491E-01  5.1733778580E-01
</CP of DelSqRho>
<CP of DelSqRho>
CP# = 3       
Type = (3,+1)
Coords = -3.38027238540423E+00 -9.92229045453430E-02 -2.44559223183419E+00
DistFromNuc =  1.1644392661E+00
Rho =  4.0222850439E-01
DelSqRho = -8.9687581668E-01
GradDelSqRho = -1.8030715809E-14 -5.3915205633E-15 -8.5036144792E-15
HessDelSqRho_EigVals = -2.8931790741E+01  1.3728576527E+01  1.4480001078E+01
HessDelSqRho_EigVec1 =  6.1484864762E-01  6.6484848107E-01  4.2419056771E-01
HessDelSqRho_EigVec2 =  6.6548746512E-01 -1.4876597378E-01 -7.3143360520E-01
HessDelSqRho_EigVec3 =  4.2318739854E-01 -7.3201446862E-01  5.3391688814E-01
</CP of DelSqRho>
<CP of DelSqRho>
CP# = 4       
Type = (3,+1)
Coords = -2.60204590740384E+00  6.68991684251565E-01 -2.10814195889128E+00
DistFromNuc =  1.6849656792E-01
Rho =  2.2518636078E+01
DelSqRho =  1.2320621704E+03
GradDelSqRho =  1.0357936731E-11 -2.7528535007E-12 -2.5874413723E-11
HessDelSqRho_EigVals = -4.0919579422E+05  2.3667635716E+03  3.1353646476E+03
HessDelSqRho_EigVec1 = -4.2440406905E-01  1.0080948958E-01  8.9984367141E-01
HessDelSqRho_EigVec2 =  8.7188528469E-01 -2.2266185102E-01  4.3616252755E-01
HessDelSqRho_EigVec3 =  2.4433017928E-01  9.6966960709E-01  6.6042850733E-03
</CP of DelSqRho>
<CP of DelSqRho>
CP# = 5       
Type = (3,-1)
Coords = -2.55452212284715E+00  6.55220950266945E-01 -1.84251750601808E+00
DistFromNuc =  1.6712536852E-01
Rho =  2.2702995818E+01
DelSqRho =  1.2888579361E+03
GradDelSqRho = -1.8474111130E-13 -2.2857271631E-12 -1.3677947663E-12
HessDelSqRho_EigVals = -4.4656559538E+05 -2.9435689115E+03  2.2662051006E+02
HessDelSqRho_EigVec1 =  7.0866371465E-01 -1.8312654720E-01  6.8136657333E-01
HessDelSqRho_EigVec2 = -6.6190933403E-01  1.6180036465E-01  7.3191302456E-01
HessDelSqRho_EigVec3 =  2.4427806506E-01  9.6968309757E-01  6.5511234512E-03
</CP of DelSqRho>
<CP of DelSqRho>
CP# = 6       
Type = (3,+1)
Coords = -2.80622931214707E+00  7.18746966166741E-01 -1.85922238494836E+00
DistFromNuc =  1.6803207299E-01
Rho =  2.2619277006E+01
DelSqRho =  1.2427262774E+03
GradDelSqRho =  1.9078072455E-12  2.2621904350E-12  9.3187679795E-12
HessDelSqRho_EigVals = -4.2007764565E+05  1.9453450562E+03  2.7701858853E+03
HessDelSqRho_EigVec1 =  7.9031372884E-01 -1.9519378944E-01 -5.8077843845E-01
HessDelSqRho_EigVec2 =  5.6187388228E-01 -1.4712196097E-01  8.1403493108E-01
HessDelSqRho_EigVec3 =  2.4433982568E-01  9.6966721774E-01  6.5982132985E-03
</CP of DelSqRho>
<CP of DelSqRho>
CP# = 7       
Type = (3,-3)
Coords = -2.55610080589871E+00  7.63529141679231E-01 -1.86536328958900E+00
DistFromNuc =  1.6726875579E-01
Rho =  2.2651071829E+01
DelSqRho =  1.2895428207E+03
GradDelSqRho = -4.2636116859E-11 -1.1240786080E-11  5.4196647170E-12
HessDelSqRho_EigVals = -4.4340046948E+05 -3.1335594011E+03 -3.8733951792E+02
HessDelSqRho_EigVec1 =  6.9923937511E-01  4.6239052280E-01  5.4521491242E-01
HessDelSqRho_EigVec2 = -6.6063010434E-01  1.2649949119E-01  7.3997685367E-01
HessDelSqRho_EigVec3 = -2.7318887522E-01  8.7760633723E-01 -3.9392252449E-01
</CP of DelSqRho>
<CP of DelSqRho>
CP# = 8       
Type = (3,-3)
Coords = -2.60717053031682E+00  5.60865679727781E-01 -1.86674534799248E+00
DistFromNuc =  1.6726874322E-01
Rho =  2.2651071479E+01
DelSqRho =  1.2895433348E+03
GradDelSqRho = -1.1277423440E-11  6.4304117586E-12 -9.7060137705E-12
HessDelSqRho_EigVals = -4.4340081263E+05 -3.1335804810E+03 -3.8743458731E+02
HessDelSqRho_EigVec1 = -3.9486548704E-01  7.4547703551E-01 -5.3697787354E-01
HessDelSqRho_EigVec2 = -6.4407804564E-01  1.9218258442E-01  7.4042509774E-01
HessDelSqRho_EigVec3 =  6.5516770240E-01  6.3822397618E-01  4.0425912230E-01
</CP of DelSqRho>
<CP of DelSqRho>
CP# = 9       
Type = (3,-1)
Coords = -2.81108337151298E+00  7.21244839677458E-01 -2.04634222018279E+00
DistFromNuc =  1.6856600396E-01
Rho =  2.2385260972E+01
DelSqRho =  1.2560766465E+03
GradDelSqRho =  4.1300296516E-12  4.5901060730E-12 -3.1441516057E-12
HessDelSqRho_EigVals = -4.1167347642E+05 -1.6856448620E+03  1.1183485659E+03
HessDelSqRho_EigVec1 =  8.1966344128E-01 -2.1017620050E-01  5.3289568188E-01
HessDelSqRho_EigVec2 = -5.1811961521E-01  1.2479394819E-01  8.4615514820E-01
HessDelSqRho_EigVec3 =  2.4434383020E-01  9.6966614628E-01  6.6073751031E-03
</CP of DelSqRho>
<CP of DelSqRho>
CP# = 10      
Type = (3,-1)
Coords = -2.30710233900532E+00  1.27223839364824E+00 -1.78048992398885E+00
DistFromNuc =  7.1321585345E-01
Rho =  6.8445269955E-01
DelSqRho = -1.0917929284E+00
GradDelSqRho = -9.4368957093E-16  1.7874590696E-14 -5.5511151231E-17
HessDelSqRho_EigVals = -1.5593529515E+01 -1.1566117918E+01  1.4622790128E+02
HessDelSqRho_EigVec1 =  5.4975783333E-01 -5.5391863158E-01  6.2525232849E-01
HessDelSqRho_EigVec2 = -6.5302268707E-01  1.8176468452E-01  7.3520267249E-01
HessDelSqRho_EigVec3 =  5.2089125051E-01  8.1248738393E-01  2.6179487407E-01
</CP of DelSqRho>
<CP of DelSqRho>
CP# = 11      
Type = (3,-1)
Coords = -3.21889476629235E+00  8.26430036587975E-01 -2.40409395557918E+00
DistFromNuc =  7.1988660840E-01
Rho =  6.7682387169E-01
DelSqRho = -1.0815002373E+00
GradDelSqRho =  2.9753977060E-14 -4.6906922790E-15  1.7430501487E-14
HessDelSqRho_EigVals = -1.9121289897E+01 -5.7476592575E+00  1.3878439780E+02
HessDelSqRho_EigVec1 =  2.4430932559E-01  9.6967475402E-01  6.6200344952E-03
HessDelSqRho_EigVec2 = -5.9877336732E-01  1.4548384911E-01  7.8759437799E-01
HessDelSqRho_EigVec3 =  7.6274727664E-01 -1.9638055167E-01  6.1615847873E-01
</CP of DelSqRho>
<CP of DelSqRho>
CP# = 12      
Type = (3,-1)
Coords = -2.62919659329773E+00 -6.12088966500132E-03 -1.78916786970799E+00
DistFromNuc =  7.1321453839E-01
Rho =  6.8444987505E-01
DelSqRho = -1.0919022102E+00
GradDelSqRho =  1.0547118734E-15 -6.7723604502E-15  6.1339822111E-15
HessDelSqRho_EigVals = -1.5592132393E+01 -1.1562509256E+01  1.4622792080E+02
HessDelSqRho_EigVec1 =  7.4462192120E-01  2.1926216539E-01  6.3044610975E-01
HessDelSqRho_EigVec2 = -6.6349466687E-01  1.3999594797E-01  7.3496663978E-01
HessDelSqRho_EigVec3 = -7.2890476144E-02  9.6556990290E-01 -2.4972332912E-01
</CP of DelSqRho>
<CP of DelSqRho>
CP# = 13      
Type = (3,+3)
Coords = -2.89250898855573E+00  7.37112071191682E-01 -1.35937392612465E+00
DistFromNuc =  6.3802480565E-01
Rho =  9.5707991074E-01
DelSqRho = -4.3741680240E+00
GradDelSqRho = -6.9666494795E-15 -3.6914915569E-15 -3.3750779949E-14
HessDelSqRho_EigVals =  1.1250677536E+01  2.1697333108E+01  3.3622343460E+02
HessDelSqRho_EigVec1 =  8.9898328324E-01 -2.2904190124E-01  3.7332139496E-01
HessDelSqRho_EigVec2 =  2.4432719941E-01  9.6967065574E-01  6.5604133170E-03
HessDelSqRho_EigVec3 = -3.6350141139E-01  8.5314869008E-02  9.2767887604E-01
</CP of DelSqRho>
<CP of DelSqRho>
CP# = 14      
Type = (3,+1)
Coords = -2.46714154056496E+00  1.08855272844449E+00 -2.47074782652470E+00
DistFromNuc =  6.8502091500E-01
Rho =  7.9519180884E-01
DelSqRho = -2.6125335321E+00
GradDelSqRho = -1.7374990335E-14 -3.1363800446E-14  4.6074255522E-14
HessDelSqRho_EigVals = -1.1337743773E+01  1.2671788191E+01  1.9493508298E+02
HessDelSqRho_EigVec1 =  6.6942468817E-01 -7.2057175393E-01 -1.8068462665E-01
HessDelSqRho_EigVec2 =  6.5316858446E-01  4.5504264404E-01  6.0523300668E-01
HessDelSqRho_EigVec3 = -3.5389459891E-01 -5.2317543859E-01  7.7527161261E-01
</CP of DelSqRho>
<CP of DelSqRho>
CP# = 15      
Type = (3,+1)
Coords = -2.68082695253184E+00  2.40307278609436E-01 -2.47653823234499E+00
DistFromNuc =  6.8501351232E-01
Rho =  7.9519695498E-01
DelSqRho = -2.6124395775E+00
GradDelSqRho = -7.2164496601E-16  1.0852430066E-14 -4.1633363423E-15
HessDelSqRho_EigVals = -1.1338502212E+01  1.2669453015E+01  1.9494657415E+02
HessDelSqRho_EigVec1 =  9.3148890321E-01  3.1969117017E-01 -1.7356836957E-01
HessDelSqRho_EigVec2 = -3.5767246371E-01  7.1790435191E-01 -5.9723006472E-01
HessDelSqRho_EigVec3 = -6.6323690382E-02  6.1839380432E-01  7.8306466583E-01
</CP of DelSqRho>
<CP of DelSqRho>
CP# = 16      
Type = (3,+1)
Coords = -3.25479251473730E+00  3.36519455966892E-01 -1.84568472365245E+00
DistFromNuc =  6.8751218933E-01
Rho =  7.8916584163E-01
DelSqRho = -2.6070719952E+00
GradDelSqRho = -5.9365845573E-12 -2.5726365482E-12  2.8035351818E-12
HessDelSqRho_EigVals = -1.2777171179E+01  1.3721432850E+01  1.9372663136E+02
HessDelSqRho_EigVec1 = -1.9443836725E-02  4.9106753051E-01  8.7090448253E-01
HessDelSqRho_EigVec2 = -5.1977400353E-01  7.3914079691E-01 -4.2837584853E-01
HessDelSqRho_EigVec3 =  8.5408250331E-01  4.6100277963E-01 -2.4087240337E-01
</CP of DelSqRho>
<CP of DelSqRho>
CP# = 17      
Type = (3,+1)
Coords = -3.02017184489198E+00  1.26767835073095E+00 -1.83936497995230E+00
DistFromNuc =  6.8751388470E-01
Rho =  7.8917133325E-01
DelSqRho = -2.6071654483E+00
GradDelSqRho =  1.8429702209E-14 -1.4210854715E-14 -2.6645352591E-15
HessDelSqRho_EigVals = -1.2777054364E+01  1.3722900358E+01  1.9372475868E+02
HessDelSqRho_EigVec1 = -2.5258488546E-01 -4.3429207898E-01  8.6463360204E-01
HessDelSqRho_EigVec2 =  8.0657147843E-01  3.9909314404E-01  4.3608154349E-01
HessDelSqRho_EigVec3 = -5.3445610280E-01  8.0753640941E-01  2.4948270814E-01
</CP of DelSqRho>
<CP of DelSqRho>
CP# = 18      
Type = (3,+3)
Coords = -2.09084915853803E+00  5.40893762855440E-01 -2.20710532841808E+00
DistFromNuc =  6.5030826025E-01
Rho =  9.1152205112E-01
DelSqRho = -3.9116871019E+00
GradDelSqRho =  2.1649348980E-14  1.0103029524E-14  3.1086244690E-15
HessDelSqRho_EigVals =  6.6611480981E+00  1.8998524861E+01  2.8386642810E+02
HessDelSqRho_EigVec1 =  4.0192112498E-01 -1.0753589580E-01  9.0933791322E-01
HessDelSqRho_EigVec2 =  2.4432011659E-01  9.6967160337E-01  6.6829814330E-03
HessDelSqRho_EigVec3 =  8.8247781271E-01 -2.1948351356E-01 -4.1600468428E-01
</CP of DelSqRho>
<CP of DelSqRho>
CP# = 19      
Type = (3,+1)
Coords = -2.17488540622207E+00  5.57372091802457E-01 -1.51985914339719E+00
DistFromNuc =  6.7464542046E-01
Rho =  8.4157997518E-01
DelSqRho = -3.3482947503E+00
GradDelSqRho =  4.5741188615E-14 -1.1296519276E-14  3.7636560535E-14
HessDelSqRho_EigVals = -5.3492718255E+00  1.8549682240E+01  2.2692783497E+02
HessDelSqRho_EigVec1 = -6.3561579682E-01  1.5502423675E-01  7.5628040094E-01
HessDelSqRho_EigVec2 =  2.4432053263E-01  9.6967224798E-01  6.5733422130E-03
HessDelSqRho_EigVec3 =  7.3232508913E-01 -1.8895295053E-01  6.5421460265E-01
</CP of DelSqRho>
<CP of DelSqRho>
CP# = 20      
Type = (3,+3)
Coords = -3.09731094563282E+00  1.89770053741024E-01 -2.25652209733528E+00
DistFromNuc =  7.1849269192E-01
Rho =  7.6308585506E-01
DelSqRho = -3.1419689853E+00
GradDelSqRho = -2.9309887850E-14 -2.9198865548E-14 -2.0761170560E-14
HessDelSqRho_EigVals =  1.1375355291E+01  2.3220166541E+01  1.4552990366E+02
HessDelSqRho_EigVec1 =  6.6412092809E-01 -1.1170280504E-01 -7.3923330297E-01
HessDelSqRho_EigVec2 =  4.6994592912E-01 -7.0663879270E-01  5.2897300531E-01
HessDelSqRho_EigVec3 =  5.8145869722E-01  6.9870172462E-01  4.1679933234E-01
</CP of DelSqRho>
<CP of DelSqRho>
CP# = 21      
Type = (3,+3)
Coords = -2.81065916719694E+00  1.32752873774133E+00 -2.24876857148053E+00
DistFromNuc =  7.1849478980E-01
Rho =  7.6308604379E-01
DelSqRho = -3.1419444542E+00
GradDelSqRho =  7.9797279895E-15 -1.9095836024E-14  6.1617377867E-15
HessDelSqRho_EigVals =  1.1374413808E+01  2.3221189445E+01  1.4552766921E+02
HessDelSqRho_EigVec1 =  6.4015634033E-01 -2.0681238568E-01 -7.3988411056E-01
HessDelSqRho_EigVec2 =  7.4693805324E-01  3.9279594203E-01  5.3646518298E-01
HessDelSqRho_EigVec3 = -1.7967583188E-01  8.9606918541E-01 -4.0592685350E-01
</CP of DelSqRho>
<CP of DelSqRho>
CP# = 22      
Type = (3,+1)
Coords = -1.53136817587445E+00  3.94845436282632E-01 -1.48025350192214E+00
DistFromNuc =  1.2707270468E+00
Rho =  2.4036383025E-01
DelSqRho =  4.0193573370E-01
GradDelSqRho =  3.7546563081E-12 -5.3730197375E-13  1.6746430631E-12
HessDelSqRho_EigVals = -6.6242460789E+00  5.1796701044E-01  8.0416885979E-01
HessDelSqRho_EigVec1 =  9.2663083486E-01 -2.3570333057E-01  2.9291506593E-01
HessDelSqRho_EigVec2 = -2.8605065055E-01  6.3609588790E-02  9.5610085531E-01
HessDelSqRho_EigVec3 =  2.4398836285E-01  9.6974107893E-01  8.4804846810E-03
</CP of DelSqRho>
<CP of DelSqRho>
CP# = 23      
Type = (3,-3)
Coords = -3.70964015586276E+00  9.50058703678845E-01 -2.39926911394224E+00
DistFromNuc =  1.1578178559E+00
Rho =  2.4644277024E-01
DelSqRho =  8.7016233323E-01
GradDelSqRho =  4.6561920986E-12 -1.1816832235E-12  1.1019032908E-12
HessDelSqRho_EigVals = -1.7633882164E+01 -2.7558435212E+00 -1.9847778166E-01
HessDelSqRho_EigVec1 =  8.9645759987E-01 -2.2846072008E-01  3.7969655122E-01
HessDelSqRho_EigVec2 =  2.4432815264E-01  9.6967022338E-01  6.5887566680E-03
HessDelSqRho_EigVec3 = -3.6968571173E-01  8.6864015933E-02  9.2508762681E-01
</CP of DelSqRho>
<CP of DelSqRho>
CP# = 24      
Type = (3,-1)
Coords = -1.92202767116848E+00  1.26419754148292E+00 -2.67349323329114E+00
DistFromNuc =  1.1886710845E+00
Rho =  2.4318499233E-01
DelSqRho =  7.1823263036E-01
GradDelSqRho =  6.5225602697E-16  5.2215176627E-16 -6.9388939039E-17
HessDelSqRho_EigVals = -1.6953671500E+01 -1.3162108661E+00  3.1778117414E-01
HessDelSqRho_EigVec1 =  6.5081207920E-01  4.7553532935E-01 -5.9186973915E-01
HessDelSqRho_EigVec2 =  6.7729067563E-01 -7.1591410795E-01  1.6954153099E-01
HessDelSqRho_EigVec3 =  3.4310490855E-01  5.1120753181E-01  7.8800119362E-01
</CP of DelSqRho>
<CP of DelSqRho>
CP# = 25      
Type = (3,+1)
Coords = -2.92229079660955E+00  1.71848334492629E+00 -2.43319743860289E+00
DistFromNuc =  1.1644302827E+00
Rho =  4.0223641140E-01
DelSqRho = -8.9690878506E-01
GradDelSqRho = -1.5785983631E-16 -2.3175905639E-15 -1.0061396161E-15
HessDelSqRho_EigVals = -2.8934156491E+01  1.3729220283E+01  1.4481268593E+01
HessDelSqRho_EigVec1 = -2.2507076989E-01  8.8218610452E-01 -4.1363126760E-01
HessDelSqRho_EigVec2 = -6.5900590746E-01  1.7486141112E-01  7.3152901572E-01
HessDelSqRho_EigVec3 =  7.1767287985E-01  4.3723124762E-01  5.4200966193E-01
</CP of DelSqRho>
<CP of DelSqRho>
CP# = 26      
Type = (3,-3)
Coords = -2.12289218476420E+00  1.63824889671141E+00 -1.63871522074097E+00
DistFromNuc =  1.1448111034E+00
Rho =  2.4743385999E-01
DelSqRho =  8.3691045825E-01
GradDelSqRho = -3.2538555184E-13 -1.6447246343E-11 -1.9890832037E-11
HessDelSqRho_EigVals = -1.7613411347E+01 -1.7291225032E+00 -5.0401425489E-01
HessDelSqRho_EigVec1 =  5.0214635131E-01  8.1206974173E-01  2.9730754520E-01
HessDelSqRho_EigVec2 =  5.3581483668E-01 -5.6201430532E-01  6.3011299099E-01
HessDelSqRho_EigVec3 = -6.7878678733E-01  1.5710714556E-01  7.1733244884E-01
</CP of DelSqRho>
<CP of DelSqRho>
CP# = 27      
Type = (3,-3)
Coords = -2.64096079371480E+00 -4.17492177980789E-01 -1.65262014867619E+00
DistFromNuc =  1.1448163032E+00
Rho =  2.4742644440E-01
DelSqRho =  8.3681939089E-01
GradDelSqRho =  3.3480163086E-16 -1.6098233857E-15 -4.4929338028E-16
HessDelSqRho_EigVals = -1.7612628073E+01 -1.7289475487E+00 -5.0311442403E-01
HessDelSqRho_EigVec1 = -5.6399903030E-02  9.5676344582E-01 -2.8534673587E-01
HessDelSqRho_EigVec2 =  7.3613145551E-01  2.3292557371E-01  6.3549677995E-01
HessDelSqRho_EigVec3 =  6.7448464115E-01 -1.7421075124E-01 -7.1744064772E-01
</CP of DelSqRho>
<CP of DelSqRho>
CP# = 28      
Type = (3,-1)
Coords = -2.28335979388521E+00 -1.70144328032503E-01 -2.68310632595316E+00
DistFromNuc =  1.1886464963E+00
Rho =  2.4318350800E-01
DelSqRho =  7.1836526136E-01
GradDelSqRho =  1.9613477509E-13 -3.5530259290E-13 -2.0765941050E-13
HessDelSqRho_EigVals = -1.6956225529E+01 -1.3166732797E+00  3.1721099121E-01
HessDelSqRho_EigVec1 = -3.4975306423E-01  7.1959663905E-01  5.9987788019E-01
HessDelSqRho_EigVec2 =  9.3508686989E-01  3.0732119328E-01  1.7653959875E-01
HessDelSqRho_EigVec3 = -5.7317884044E-02  6.2268319492E-01 -7.8037189784E-01
</CP of DelSqRho>
<CP of DelSqRho>
CP# = 29      
Type = (3,-1)
Coords = -3.53175631278127E+00  1.40458043049246E-01 -1.34341932587698E+00
DistFromNuc =  1.1876033027E+00
Rho =  2.4223668762E-01
DelSqRho =  7.3325754745E-01
GradDelSqRho =  4.6117450136E-12  3.9117667439E-12 -4.4293284318E-12
HessDelSqRho_EigVals = -1.7425847809E+01 -1.1684866264E+00  2.8469105290E-01
HessDelSqRho_EigVec1 =  7.1126820499E-01  4.5635888768E-01 -5.3463455388E-01
HessDelSqRho_EigVec2 =  3.2118373063E-01  4.6554877553E-01  8.2468499973E-01
HessDelSqRho_EigVec3 = -6.2525079108E-01  7.5828813998E-01 -1.8455499185E-01
</CP of DelSqRho>
<CP of DelSqRho>
CP# = 30      
Type = (3,-1)
Coords = -3.17268811057112E+00  1.56521921799178E+00 -1.33376824587258E+00
DistFromNuc =  1.1876145291E+00
Rho =  2.4224089972E-01
DelSqRho =  7.3319364283E-01
GradDelSqRho = -3.0896292469E-14 -1.5393936126E-14 -1.9026447085E-14
HessDelSqRho_EigVals = -1.7424124940E+01 -1.1689514771E+00  2.8502653865E-01
HessDelSqRho_EigVec1 = -4.1174381561E-01  7.3208614763E-01  5.4269411527E-01
HessDelSqRho_EigVec2 =  5.9670051629E-02 -5.7258044212E-01  8.1767421522E-01
HessDelSqRho_EigVec3 =  9.0934400270E-01  3.6905488718E-01  1.9207283776E-01
</CP of DelSqRho>
<CP of DelSqRho>
CP# = 31      
Type = (3,-1)
Coords = -2.73405551573229E+00  2.71013818869847E+00 -2.04339927108599E+00
DistFromNuc =  2.0270784642E+00
Rho =  7.0516249798E-02
DelSqRho =  1.8441784676E-01
GradDelSqRho = -2.5804011705E-16 -1.7598769664E-15 -9.2157184661E-17
HessDelSqRho_EigVals = -2.0318459394E+00 -1.4464765726E-02  5.0134859640E-01
HessDelSqRho_EigVec1 =  2.0663141150E-01  8.8823876517E-01  4.1028691891E-01
HessDelSqRho_EigVec2 = -8.6900897735E-01 -2.6076092114E-02  4.9410872761E-01
HessDelSqRho_EigVec3 =  4.4958520556E-01 -4.5864139965E-01  7.6649932125E-01
</CP of DelSqRho>
<CP of DelSqRho>
CP# = 32      
Type = (3,+1)
Coords = -4.20939221793931E+00 -6.10921864715474E-01 -1.96499438718056E+00
DistFromNuc =  2.0104741617E+00
Rho =  7.0248939824E-02
DelSqRho =  1.8297330848E-01
GradDelSqRho =  3.0838396073E-13  2.6719381915E-13 -1.1171358977E-13
HessDelSqRho_EigVals = -1.7908019419E+00  1.5794869908E-02  5.6701260942E-01
HessDelSqRho_EigVec1 =  7.5900954240E-01  4.6492816000E-01 -4.5579197073E-01
HessDelSqRho_EigVec2 = -6.0918710166E-01  7.5418300955E-01 -2.4515110293E-01
HessDelSqRho_EigVec3 =  2.2977290901E-01  4.6373461606E-01  8.5566033924E-01
</CP of DelSqRho>
<CP of DelSqRho>
CP# = 33      
Type = (3,-1)
Coords = -3.68561694768314E+00 -1.06663810821753E+00 -2.06915957190611E+00
DistFromNuc =  2.0271234328E+00
Rho =  7.0512189190E-02
DelSqRho =  1.8438241307E-01
GradDelSqRho =  9.2047073089E-13  1.5007040749E-12 -4.8127799489E-13
HessDelSqRho_EigVals = -2.0312334952E+00 -1.4379356854E-02  5.0140982178E-01
HessDelSqRho_EigVec1 =  2.4025232076E-01  8.8532306216E-01 -3.9809784976E-01
HessDelSqRho_EigVec2 = -7.5455224815E-01  4.2832782999E-01  4.9717821239E-01
HessDelSqRho_EigVec3 =  6.1067972554E-01  1.8093740816E-01  7.7092926209E-01
</CP of DelSqRho>
<CP of DelSqRho>
CP# = 34      
Type = (3,+1)
Coords = -2.32118144752410E+00  2.26798339940019E+00 -3.16612185413253E+00
DistFromNuc =  2.0225454565E+00
Rho =  6.9551622976E-02
DelSqRho =  1.7639827517E-01
GradDelSqRho = -1.6263466268E-12 -4.2690070229E-12  1.2315270331E-12
HessDelSqRho_EigVals = -1.6767592552E+00  2.4572054110E-02  5.7362363497E-01
HessDelSqRho_EigVec1 = -5.4074136078E-01 -5.1314953762E-01  6.6654057100E-01
HessDelSqRho_EigVec2 =  4.5267402617E-01  4.9034938313E-01  7.4474405569E-01
HessDelSqRho_EigVec3 = -7.0900282565E-01  7.0443951799E-01 -3.2862725469E-02
</CP of DelSqRho>
<CP of DelSqRho>
CP# = 35      
Type = (3,+1)
Coords = -3.10878626837571E+00 -8.58987062125141E-01 -3.18685227861414E+00
DistFromNuc =  2.0225482131E+00
Rho =  6.9552129562E-02
DelSqRho =  1.7641574984E-01
GradDelSqRho = -2.7235158573E-16  3.2959746044E-17  2.5153490402E-16
HessDelSqRho_EigVals = -1.6772078830E+00  2.4470555557E-02  5.7351287732E-01
HessDelSqRho_EigVec1 = -2.3543592283E-01  6.9994968296E-01  6.7427024817E-01
HessDelSqRho_EigVec2 =  1.6316154910E-01 -6.5545999557E-01  7.3739440132E-01
HessDelSqRho_EigVec3 =  9.5809615130E-01  2.8362410957E-01  4.0113954375E-02
</CP of DelSqRho>
<CP of DelSqRho>
CP# = 36      
Type = (3,+1)
Coords = -3.41276028762107E+00  2.55517469272004E+00 -1.94373414988416E+00
DistFromNuc =  2.0103927702E+00
Rho =  7.0252916619E-02
DelSqRho =  1.8299614589E-01
GradDelSqRho =  2.8859293427E-15 -7.9580439460E-15 -2.7226484955E-15
HessDelSqRho_EigVals = -1.7908713210E+00  1.5858819498E-02  5.6710042403E-01
HessDelSqRho_EigVec1 = -4.5076974589E-01  7.6264948715E-01  4.6386678684E-01
HessDelSqRho_EigVec2 = -8.9239122705E-01 -3.7274474797E-01 -2.5436047401E-01
HessDelSqRho_EigVec3 = -2.1083976500E-02 -5.2860865733E-01  8.4860376698E-01
</CP of DelSqRho>
<Path of -GradDelSqRho>
Starting CP# =      3
Ending CP# =     20
Number of Points =     18
 -3.3802723854E+00 -9.9222904545E-02 -2.4455922318E+00  4.0222850439E-01 -8.9687581668E-01
 -3.3649074795E+00 -8.2592762588E-02 -2.4349923264E+00  4.1392500943E-01 -9.0601102963E-01
 -3.3495548852E+00 -6.5945049110E-02 -2.4244021686E+00  4.2667116585E-01 -9.3384474982E-01
 -3.3342132538E+00 -4.9281450414E-02 -2.4138211105E+00  4.4048586897E-01 -9.8110062774E-01
 -3.3188809962E+00 -3.2604007149E-02 -2.4032482803E+00  4.5538228942E-01 -1.0485306449E+00
 -3.3035563192E+00 -1.5915064563E-02 -2.3926826069E+00  4.7136698999E-01 -1.1367879835E+00
 -3.2882372423E+00  7.8275441085E-04 -2.3821228382E+00  4.8843904007E-01 -1.2462695750E+00
 -3.2729215844E+00  1.7486538151E-02 -2.3715675442E+00  5.0658922551E-01 -1.3769319852E+00
 -3.2576069094E+00  3.4193023400E-02 -2.3610151000E+00  5.2579947165E-01 -1.5280867393E+00
 -3.2422904134E+00  5.0898460793E-02 -2.3504636400E+00  5.4604261568E-01 -1.6981838353E+00
 -3.2269687259E+00  6.7598374527E-02 -2.3399109738E+00  5.6728267837E-01 -1.8845945031E+00
 -3.2116375676E+00  8.4287148204E-02 -2.3293544409E+00  5.8947579428E-01 -2.0834054328E+00
 -3.1962911420E+00  1.0095729149E-01 -2.3187906602E+00  6.1257196119E-01 -2.2892352929E+00
 -3.1809209798E+00  1.1759804861E-01 -2.3082150695E+00  6.3651776069E-01 -2.4950778187E+00
 -3.1655134960E+00  1.3419245742E-01 -2.2976209896E+00  6.6126017185E-01 -2.6921592797E+00
 -3.1500439740E+00  1.5071007273E-01 -2.2869973940E+00  6.8675148435E-01 -2.8697635720E+00
 -3.1344577709E+00  1.6708396805E-01 -2.2763222015E+00  7.1295464448E-01 -3.0149135593E+00
 -3.0973109456E+00  1.8977005374E-01 -2.2565220973E+00  7.6308585506E-01 -3.1419689853E+00
</Path of -GradDelSqRho>
<Path of -GradDelSqRho>
Starting CP# =      3
Ending CP# =      0
Number of Points =     30
 -3.3802723854E+00 -9.9222904545E-02 -2.4455922318E+00  4.0222850439E-01 -8.9687581668E-01
 -3.3956501980E+00 -1.1583485528E-01 -2.4562019405E+00  3.9155783230E-01 -9.0583879122E-01
 -3.4110420914E+00 -1.3242718770E-01 -2.4668219246E+00  3.8188492740E-01 -9.3248490526E-01
 -3.4264484433E+00 -1.4899959526E-01 -2.4774520502E+00  3.7317796762E-01 -9.7661182229E-01
 -3.4418692526E+00 -1.6555229047E-01 -2.4880919218E+00  3.6540168918E-01 -1.0382189413E+00
 -3.4573041452E+00 -1.8208598369E-01 -2.4987409136E+00  3.5851752186E-01 -1.1174491142E+00
 -3.4727524029E+00 -1.9860182950E-01 -2.5093982176E+00  3.5248358541E-01 -1.2144665929E+00
 -3.4882130052E+00 -2.1510135069E-01 -2.5200629042E+00  3.4725462828E-01 -1.3292462194E+00
 -3.5036846780E+00 -2.3158635135E-01 -2.5307339898E+00  3.4278205364E-01 -1.4612449021E+00
 -3.5191659355E+00 -2.4805883268E-01 -2.5414105064E+00  3.3901426906E-01 -1.6089390475E+00
 -3.5346551043E+00 -2.6452092566E-01 -2.5520915706E+00  3.3589771450E-01 -1.7692605906E+00
 -3.5501503152E+00 -2.8097485443E-01 -2.5627764505E+00  3.3337904453E-01 -1.9370730176E+00
 -3.5656494526E+00 -2.9742293537E-01 -2.5734646389E+00  3.3140900885E-01 -2.1050097725E+00
 -3.5811501016E+00 -3.1386756728E-01 -2.5841559419E+00  3.2994848049E-01 -2.2642249091E+00
 -3.5966497991E+00 -3.3031093530E-01 -2.5948505678E+00  3.2897668144E-01 -2.4067836873E+00
 -3.6121479401E+00 -3.4675332068E-01 -2.6055489596E+00  3.2850081166E-01 -2.5303713821E+00
 -3.6276517662E+00 -3.6318837206E-01 -2.6162503815E+00  3.2856497401E-01 -2.6455104548E+00
 -3.6431775453E+00 -3.7960332356E-01 -2.6269508221E+00  3.2925469388E-01 -2.7844314773E+00
 -3.6587305679E+00 -3.9599559773E-01 -2.6376464641E+00  3.3069199115E-01 -3.0092756342E+00
 -3.6743014035E+00 -4.1237398981E-01 -2.6483374571E+00  3.3301570785E-01 -3.4158671688E+00
 -3.6898812259E+00 -4.2874588543E-01 -2.6590253083E+00  3.3634328695E-01 -4.1285165830E+00
 -3.7054654364E+00 -4.4511494513E-01 -2.6697111056E+00  3.4071410661E-01 -5.2817518963E+00
 -3.7210518707E+00 -4.6148283142E-01 -2.6803954571E+00  3.4602081094E-01 -6.9869488987E+00
 -3.7366394748E+00 -4.7785033475E-01 -2.6910786884E+00  3.5194285606E-01 -9.2860829107E+00
 -3.7522276982E+00 -4.9421786845E-01 -2.7017609697E+00  3.5790378524E-01 -1.2101785842E+01
 -3.7678162207E+00 -5.1058568813E-01 -2.7124423761E+00  3.6307712596E-01 -1.5201622602E+01
 -3.7834048130E+00 -5.2695401320E-01 -2.7231229063E+00  3.6646075782E-01 -1.8200372543E+01
 -3.7989932246E+00 -5.4332315194E-01 -2.7338024531E+00  3.6702284503E-01 -2.0619171362E+01
 -3.8145809262E+00 -5.5969387151E-01 -2.7444806130E+00  3.6389588179E-01 -2.1999404162E+01
 -3.8223735356E+00 -5.6788130301E-01 -2.7498183279E+00  3.6077119904E-01 -2.2196086764E+01
</Path of -GradDelSqRho>
<Path of -GradDelSqRho>
Starting CP# =      4
Ending CP# =      1
Number of Points =      7
 -2.6020459074E+00  6.6899168425E-01 -2.1081419589E+00  2.2518636078E+01  1.2320621704E+03
 -2.6126357535E+00  6.7150674802E-01 -2.0856357502E+00  3.2737258086E+01  9.8172574927E+02
 -2.6231939772E+00  6.7401373537E-01 -2.0631137859E+00  4.7962904463E+01 -7.8954779490E+02
 -2.6337382488E+00  6.7651715943E-01 -2.0405848890E+00  7.0578675175E+01 -6.3692311004E+03
 -2.6442724828E+00  6.7901801998E-01 -2.0180510127E+00  1.0414333448E+02 -2.0563446759E+04
 -2.6547900905E+00  6.8151463441E-01 -1.9955089003E+00  1.5449859175E+02 -7.5074992812E+04
 -2.6730626257E+00  6.8585159258E-01 -1.9562755160E+00  2.9719235694E+02 -3.3279392153E+06
</Path of -GradDelSqRho>
<Path of -GradDelSqRho>
Starting CP# =      4
Ending CP# =     18
Number of Points =     37
 -2.6020459074E+00  6.6899168425E-01 -2.1081419589E+00  2.2518636078E+01  1.2320621704E+03
 -2.5914188829E+00  6.6646712469E-01 -2.1306295742E+00  1.5612802385E+01  1.1503590320E+03
 -2.5807751398E+00  6.6393829503E-01 -2.1531088035E+00  1.0930190214E+01  9.8072218698E+02
 -2.5701270196E+00  6.6140834765E-01 -2.1755858340E+00  7.7646985460E+00  7.7270410726E+02
 -2.5594687920E+00  6.5887581891E-01 -2.1980577822E+00  5.6328171888E+00  5.7217841298E+02
 -2.5487906276E+00  6.5633819823E-01 -2.2205196881E+00  4.1978602183E+00  4.0802500834E+02
 -2.5380817584E+00  6.5379273511E-01 -2.2429660819E+00  3.2293699352E+00  2.8540822648E+02
 -2.5273313006E+00  6.5123664936E-01 -2.2653913765E+00  2.5725951324E+00  1.9718751466E+02
 -2.5165290850E+00  6.4866734297E-01 -2.2877902705E+00  2.1242578342E+00  1.3417317270E+02
 -2.5056651381E+00  6.4608226764E-01 -2.3101574684E+00  1.8150913414E+00  8.9176963920E+01
 -2.4947272099E+00  6.4347829301E-01 -2.3324863803E+00  1.5983210002E+00  5.7309909415E+01
 -2.4836972048E+00  6.4085079447E-01 -2.3547671799E+00  1.4423360896E+00  3.5193048668E+01
 -2.4725469650E+00  6.3819257466E-01 -2.3769843773E+00  1.3259452325E+00  2.0292646770E+01
 -2.4612324442E+00  6.3549237200E-01 -2.3991132340E+00  1.2351569145E+00  1.0601233745E+01
 -2.4496839865E+00  6.3273236962E-01 -2.4211133819E+00  1.1609075524E+00  4.5322087284E+00
 -2.4377882078E+00  6.2988354640E-01 -2.4429159871E+00  1.0974433899E+00  8.8072765076E-01
 -2.4253505391E+00  6.2689604739E-01 -2.4643944294E+00  1.0411957856E+00 -1.2202995792E+00
 -2.4120049620E+00  6.2367590907E-01 -2.4852833305E+00  9.9006201758E-01 -2.3617610261E+00
 -2.3969426598E+00  6.2001469365E-01 -2.5048759909E+00  9.4316734652E-01 -2.9274043317E+00
 -2.3779793297E+00  6.1534240702E-01 -2.5202081301E+00  9.0267773795E-01 -3.1623331088E+00
 -2.3544803220E+00  6.0942088199E-01 -2.5196227458E+00  8.8519549190E-01 -3.2546462135E+00
 -2.3335539166E+00  6.0406705225E-01 -2.5071138253E+00  8.8738961429E-01 -3.3276033043E+00
 -2.3139008017E+00  5.9901978951E-01 -2.4925138161E+00  8.9210531966E-01 -3.3971039933E+00
 -2.2948131832E+00  5.9410962294E-01 -2.4771354790E+00  8.9665985900E-01 -3.4631035478E+00
 -2.2762314888E+00  5.8932238656E-01 -2.4611121436E+00  9.0078021160E-01 -3.5252926626E+00
 -2.2581689145E+00  5.8466151617E-01 -2.4444699033E+00  9.0442960434E-01 -3.5833865995E+00
 -2.2406449894E+00  5.8013198405E-01 -2.4272263632E+00  9.0759480795E-01 -3.6371354358E+00
 -2.2236796577E+00  5.7573886452E-01 -2.4093987993E+00  9.1026816320E-01 -3.6863277002E+00
 -2.2072928516E+00  5.7148723206E-01 -2.3910047825E+00  9.1244633522E-01 -3.7307930069E+00
 -2.1915044634E+00  5.6738215703E-01 -2.3720622810E+00  9.1413020380E-01 -3.7704039364E+00
 -2.1763343353E+00  5.6342870662E-01 -2.3525897329E+00  9.1532476708E-01 -3.8050771548E+00
 -2.1618022440E+00  5.5963194568E-01 -2.3326061139E+00  9.1603899794E-01 -3.8347737662E+00
 -2.1479278799E+00  5.5599693802E-01 -2.3121310026E+00  9.1628565459E-01 -3.8594989160E+00
 -2.1347308208E+00  5.5252874872E-01 -2.2911846422E+00  9.1608104972E-01 -3.8793006827E+00
 -2.1222304988E+00  5.4923244838E-01 -2.2697880004E+00  9.1544478326E-01 -3.8942683115E+00
 -2.1104461601E+00  5.4611312060E-01 -2.2479628260E+00  9.1439944419E-01 -3.9045298604E+00
 -2.0908491585E+00  5.4089376286E-01 -2.2071053284E+00  9.1152205112E-01 -3.9116871019E+00
</Path of -GradDelSqRho>
<Path of -GradDelSqRho>
Starting CP# =      6
Ending CP# =      1
Number of Points =      7
 -2.8062293121E+00  7.1874696617E-01 -1.8592223849E+00  2.2619277006E+01  1.2427262774E+03
 -2.7864562022E+00  7.1386312301E-01 -1.8737196932E+00  3.2901499003E+01  9.8519405155E+02
 -2.7666595230E+00  7.0897310636E-01 -1.8881827206E+00  4.8230935512E+01 -8.2729118138E+02
 -2.7468525277E+00  7.0408038735E-01 -1.9026307042E+00  7.1006664868E+01 -6.4884305581E+03
 -2.7270378574E+00  6.9918565768E-01 -1.9170674773E+00  1.0482792595E+02 -2.1009411323E+04
 -2.7072107080E+00  6.9428765864E-01 -1.9314859978E+00  1.5556498066E+02 -7.6572990533E+04
 -2.6730626257E+00  6.8585159258E-01 -1.9562755160E+00  2.9719235694E+02 -3.3279392153E+06
</Path of -GradDelSqRho>
<Path of -GradDelSqRho>
Starting CP# =      6
Ending CP# =     13
Number of Points =     33
 -2.8062293121E+00  7.1874696617E-01 -1.8592223849E+00  2.2619277006E+01  1.2427262774E+03
 -2.8259740621E+00  7.2362338213E-01 -1.8446839786E+00  1.5675686486E+01  1.1594641046E+03
 -2.8457054546E+00  7.2849630046E-01 -1.8301262724E+00  1.0970849684E+01  9.8806317045E+02
 -2.8654333008E+00  7.3336829047E-01 -1.8155634501E+00  7.7927565872E+00  7.7843848983E+02
 -2.8851534320E+00  7.3823826079E-01 -1.8009895082E+00  5.6543981648E+00  5.7626092914E+02
 -2.9048583294E+00  7.4310424317E-01 -1.7863936480E+00  4.2167640448E+00  4.1060740802E+02
 -2.9245396540E+00  7.4796405537E-01 -1.7717639698E+00  3.2478047114E+00  2.8680617922E+02
 -2.9441888571E+00  7.5281546124E-01 -1.7570884003E+00  2.5917164680E+00  1.9772882075E+02
 -2.9637977806E+00  7.5765632818E-01 -1.7423555924E+00  2.1445558137E+00  1.3412426841E+02
 -2.9833582218E+00  7.6248451361E-01 -1.7275543407E+00  1.8366511265E+00  8.8737482794E+01
 -3.0028599286E+00  7.6729734094E-01 -1.7126708243E+00  1.6209933284E+00  5.6628559391E+01
 -3.0222875785E+00  7.7209081119E-01 -1.6976845869E+00  1.4658496413E+00  3.4381201200E+01
 -3.0416169310E+00  7.7685860093E-01 -1.6825637029E+00  1.3499818230E+00  1.9431853962E+01
 -3.0608090318E+00  7.8159055607E-01 -1.6672579674E+00  1.2594017300E+00  9.7477459689E+00
 -3.0797996660E+00  7.8626995673E-01 -1.6516873155E+00  1.1850825611E+00  3.7212034538E+00
 -3.0984775333E+00  7.9086786984E-01 -1.6357197566E+00  1.1213321730E+00  1.3097639617E-01
 -3.1166323082E+00  7.9532974801E-01 -1.6191245290E+00  1.0646745541E+00 -1.9018220462E+00
 -3.1338022850E+00  7.9953626651E-01 -1.6014564894E+00  1.0131853559E+00 -2.9761652672E+00
 -3.1486534448E+00  8.0314462914E-01 -1.5817208653E+00  9.6659978098E-01 -3.4824471744E+00
 -3.1554483012E+00  8.0469740125E-01 -1.5581419310E+00  9.3107662387E-01 -3.6802594340E+00
 -3.1452238117E+00  8.0197153215E-01 -1.5359068791E+00  9.2363717754E-01 -3.7785593075E+00
 -3.1287353731E+00  7.9769428926E-01 -1.5176273309E+00  9.2827056806E-01 -3.8656129903E+00
 -3.1110752700E+00  7.9312988827E-01 -1.5005334873E+00  9.3397192658E-01 -3.9468900916E+00
 -3.0928306454E+00  7.8842272543E-01 -1.4841042551E+00  9.3924491838E-01 -4.0220151162E+00
 -3.0740759996E+00  7.8359127343E-01 -1.4682971040E+00  9.4391130251E-01 -4.0905537479E+00
 -3.0548347203E+00  7.7864149503E-01 -1.4531241502E+00  9.4793873838E-01 -4.1521320221E+00
 -3.0351261810E+00  7.7357837179E-01 -1.4386023165E+00  9.5131269948E-01 -4.2064459125E+00
 -3.0149697713E+00  7.6840688828E-01 -1.4247487995E+00  9.5402526381E-01 -4.2532660381E+00
 -2.9943852258E+00  7.6313211173E-01 -1.4115807396E+00  9.5607436718E-01 -4.2924407623E+00
 -2.9733927065E+00  7.5775921124E-01 -1.3991151813E+00  9.5746369748E-01 -4.3238978348E+00
 -2.9520128670E+00  7.5229347174E-01 -1.3873690483E+00  9.5820255685E-01 -4.3476445754E+00
 -2.9302669104E+00  7.4674030494E-01 -1.3763591192E+00  9.5830566214E-01 -4.3637666328E+00
 -2.8925089886E+00  7.3711207119E-01 -1.3593739261E+00  9.5707991074E-01 -4.3741680240E+00
</Path of -GradDelSqRho>
<Path of -GradDelSqRho>
Starting CP# =     14
Ending CP# =     18
Number of Points =     32
 -2.4671415406E+00  1.0885527284E+00 -2.4707478265E+00  7.9519180884E-01 -2.6125335321E+00
 -2.4531156304E+00  1.0732040765E+00 -2.4742897175E+00  7.9857997589E-01 -2.6150695413E+00
 -2.4367445266E+00  1.0546374375E+00 -2.4777822860E+00  8.0288764383E-01 -2.6246910127E+00
 -2.4206655383E+00  1.0356900125E+00 -2.4805011478E+00  8.0750584944E-01 -2.6414866959E+00
 -2.4048960748E+00  1.0163897121E+00 -2.4824384773E+00  8.1242275395E-01 -2.6653431684E+00
 -2.3894523601E+00  9.9676568053E-01 -2.4835872996E+00  8.1762096864E-01 -2.6960384318E+00
 -2.3743492214E+00  9.7684834192E-01 -2.4839416411E+00  8.2307740018E-01 -2.7332499600E+00
 -2.3595998716E+00  9.5666940673E-01 -2.4834965786E+00  8.2876325405E-01 -2.7765632884E+00
 -2.3452156866E+00  9.3626186287E-01 -2.4822482206E+00  8.3464414334E-01 -2.8254808655E+00
 -2.3312059875E+00  9.1565996442E-01 -2.4801936140E+00  8.4068031296E-01 -2.8794309879E+00
 -2.3175778284E+00  8.9489923526E-01 -2.4773305685E+00  8.4682698759E-01 -2.9377767329E+00
 -2.3043357927E+00  8.7401650913E-01 -2.4736573944E+00  8.5303484873E-01 -2.9998248976E+00
 -2.2914817940E+00  8.5305003186E-01 -2.4691725520E+00  8.5925064207E-01 -3.0648350255E+00
 -2.2790148728E+00  8.3203965686E-01 -2.4638742084E+00  8.6541791118E-01 -3.1320286555E+00
 -2.2669309740E+00  8.1102717126E-01 -2.4577597014E+00  8.7147784779E-01 -3.2005989561E+00
 -2.2552226841E+00  7.9005679991E-01 -2.4508249057E+00  8.7737024343E-01 -3.2697209173E+00
 -2.2438788995E+00  7.6917594816E-01 -2.4430634949E+00  8.8303452216E-01 -3.3385622572E+00
 -2.2328843872E+00  7.4843626705E-01 -2.4344660872E+00  8.8841083124E-01 -3.4062951763E+00
 -2.2222191940E+00  7.2789515817E-01 -2.4250192581E+00  8.9344116613E-01 -3.4721090652E+00
 -2.2118578518E+00  7.0761788882E-01 -2.4147044022E+00  8.9807050902E-01 -3.5352242485E+00
 -2.2017683213E+00  6.8768056773E-01 -2.4034964336E+00  9.0224796711E-01 -3.5949068421E+00
 -2.1919106275E+00  6.6817434760E-01 -2.3913623523E+00  9.0592790938E-01 -3.6504848201E+00
 -2.1822351814E+00  6.4921137634E-01 -2.3782598025E+00  9.0907111943E-01 -3.7013654177E+00
 -2.1726809036E+00  6.3093318573E-01 -2.3641359899E+00  9.1164601065E-01 -3.7470540150E+00
 -2.1631735876E+00  6.1352224711E-01 -2.3489278642E+00  9.1362999128E-01 -3.7871745184E+00
 -2.1536256786E+00  5.9721686887E-01 -2.3325655723E+00  9.1501111972E-01 -3.8214906880E+00
 -2.1439401835E+00  5.8232712200E-01 -2.3149831276E+00  9.1579022561E-01 -3.8499261373E+00
 -2.1340239628E+00  5.6924198930E-01 -2.2961424801E+00  9.1598355525E-01 -3.8725766169E+00
 -2.1238176325E+00  5.5840120313E-01 -2.2760755480E+00  9.1562532660E-01 -3.8897009160E+00
 -2.1133440333E+00  5.5018334199E-01 -2.2549316857E+00  9.1476773773E-01 -3.9016710948E+00
 -2.1027567204E+00  5.4466891569E-01 -2.2329791949E+00  9.1347383624E-01 -3.9088778879E+00
