 AIMInt (Version 19.02.13, Professional)
 Portions Copyright (c) 1997-2019 by Todd A. Keith
 AIMInt is a component of the AIMAll package ( http://aim.tkgristmill.com )

 TP:  64-bit Linux

 Licensed To:  Research Group of Fernando Cortes Guzman, UNAM, fercor@unam.mx

 AIMInt is a heavily modified and extended version of the PROAIMV program
 developed by members of R.F.W. Bader's research group

 Much of the Quantum Theory of Atoms in Molecules (QTAIM) is described in the book:
   "Atoms in Molecules - A Quantum Theory"
   R.F.W. Bader, Oxford University Press, Oxford, 1990

 For additional references see:  http://aim.tkgristmill.com/references.html

 Current Directory:  /home/scratch/M_H2O_4_tetraedrico/Opt

 Inp File:  Cr3_tetraedrico_cc-pvtz-def2-tzv_1_atomicfiles/o8.inp
 Wfx File:  Cr3_tetraedrico_cc-pvtz-def2-tzv_1.wfx
 Out File:  Cr3_tetraedrico_cc-pvtz-def2-tzv_1_atomicfiles/o8.int

 Wfx Title:   Cr3_tetraedrico_cc-pvtz-def2-tzv_1                                            
 Job Title:   Cr3_tetraedrico_cc-pvtz-def2-tzv_1                                            
 
<Atom>
O8      
</Atom>
<Nuclei of Molecule>
    13
Cr1       24.0          -3.6832722752E-06   3.5828608928E-05  -1.4031511806E-04
O2         8.0           2.6818516719E+00  -6.6950533313E-01  -1.9498626260E+00
H3         1.0           3.8399028356E+00   5.9695142676E-01  -2.7324800617E+00
O4         8.0          -6.8205900022E-01  -2.6855361727E+00   1.9401056050E+00
H5         1.0          -2.3479732881E+00  -3.1089844693E+00   2.7164407218E+00
O6         8.0          -2.6730624932E+00   6.8585155770E-01  -1.9562752983E+00
H7         1.0          -3.0908182563E+00   2.3526709045E+00  -2.7338011881E+00
O8         8.0           6.7325612776E-01   2.6693329980E+00   1.9654701517E+00
H9         1.0           2.3352785397E+00   3.0858473140E+00   2.7539010463E+00
H10        1.0           5.7945744631E-01  -3.8425168173E+00   2.7321190992E+00
H11        1.0          -3.8281932130E+00  -5.7394661352E-01  -2.7537799019E+00
H12        1.0          -5.9234528460E-01   3.8183370619E+00   2.7627277303E+00
H13        1.0           3.1048891688E+00  -2.3303630927E+00  -2.7372625428E+00
</Nuclei of Molecule>
<Total Number of CPs of DelSqRho>
    36
</Total Number of CPs of DelSqRho>
<Number of (3,+3) CPs of DelSqRho>
     5
</Number of (3,+3) CPs of DelSqRho>
<Number of (3,+1) CPs of DelSqRho>
    14
</Number of (3,+1) CPs of DelSqRho>
<Number of (3,-1) CPs of DelSqRho>
    12
</Number of (3,-1) CPs of DelSqRho>
<Number of (3,-3) CPs of DelSqRho>
     5
</Number of (3,-3) CPs of DelSqRho>
<Number of Degenerate CPs of DelSqRho>
     0
</Number of Degenerate CPs of DelSqRho>
<CP of DelSqRho>
CP# = 1       
Type = (3,+3)
Coords =  6.73256161166017E-01  2.66933312883379E+00  1.96547037123191E+00
DistFromNuc =  2.5776843653E-07
Rho =  2.9719284987E+02
DelSqRho = -3.3279445013E+06
GradDelSqRho =  3.8927231714E-06  1.3005214782E-05  1.1948724080E-05
HessDelSqRho_EigVals =  1.3234398092E+11  1.3234400106E+11  1.3234400650E+11
HessDelSqRho_EigVec1 = -1.5371700521E-01 -6.2368877510E-01  7.6640941677E-01
HessDelSqRho_EigVec2 =  1.8749786275E-01  7.4312535009E-01  6.4234668640E-01
HessDelSqRho_EigVec3 =  9.7016268418E-01 -2.4243973658E-01 -2.7093090403E-03
</CP of DelSqRho>
<CP of DelSqRho>
CP# = 2       
Type = (3,-1)
Coords =  4.26888355271926E-01  1.66868296992728E+00  1.01005392068966E+00
DistFromNuc =  1.4052820828E+00
Rho =  1.8611660834E-01
DelSqRho =  4.2238586474E-01
GradDelSqRho =  7.1960146175E-13  2.0552101687E-12  2.5381753990E-12
HessDelSqRho_EigVals = -5.8702799130E-01 -8.5036398801E-02  3.6992821559E+00
HessDelSqRho_EigVec1 = -1.3646952608E-01 -5.0205426660E-01  8.5400092614E-01
HessDelSqRho_EigVec2 =  9.6737074197E-01 -2.5330150876E-01  5.6739089399E-03
HessDelSqRho_EigVec3 =  2.1347111288E-01  8.2690982522E-01  5.2024054525E-01
</CP of DelSqRho>
<CP of DelSqRho>
CP# = 3       
Type = (3,+1)
Coords =  7.06406100799227E-01  2.80302203978963E+00  1.86923104962785E+00
DistFromNuc =  1.6802870405E-01
Rho =  2.2619948543E+01
DelSqRho =  1.2428224765E+03
GradDelSqRho = -5.7477911319E-12 -1.3822276657E-11  2.2026824809E-11
HessDelSqRho_EigVals = -4.2016160005E+05  1.9403646599E+03  2.7660130974E+03
HessDelSqRho_EigVec1 =  1.9673159753E-01  7.9344831313E-01 -5.7596566992E-01
HessDelSqRho_EigVec2 =  1.4186922647E-01  5.5822675575E-01  8.1746927266E-01
HessDelSqRho_EigVec3 =  9.7013906277E-01 -2.4253384000E-01 -2.7450569893E-03
</CP of DelSqRho>
<CP of DelSqRho>
CP# = 4       
Type = (3,-1)
Coords =  6.43502159562240E-01  2.55131970619668E+00  1.85093526309066E+00
DistFromNuc =  1.6712473294E-01
Rho =  2.2703174745E+01
DelSqRho =  1.2888697187E+03
GradDelSqRho =  7.7227113593E-13  5.6550319982E-12  7.7173822888E-12
HessDelSqRho_EigVals = -4.4658194761E+05 -2.9425067615E+03  2.2636846390E+02
HessDelSqRho_EigVec1 =  1.7787918953E-01  7.0549806186E-01  6.8602585858E-01
HessDelSqRho_EigVec2 = -1.6438892193E-01 -6.6604354744E-01  7.2757286594E-01
HessDelSqRho_EigVec3 =  9.7022434327E-01 -2.4219512303E-01 -2.4992205935E-03
</CP of DelSqRho>
<CP of DelSqRho>
CP# = 5       
Type = (3,+1)
Coords =  6.55776399512198E-01  2.59763808067738E+00  2.11695196719914E+00
DistFromNuc =  1.6850057120E-01
Rho =  2.2517715189E+01
DelSqRho =  1.2319878644E+03
GradDelSqRho =  3.4887648326E-12  1.2896350654E-12 -2.5947244353E-11
HessDelSqRho_EigVals = -4.0910727239E+05  2.3687768794E+03  3.1372865920E+03
HessDelSqRho_EigVec1 = -1.0447295125E-01 -4.2841236914E-01  8.9752339492E-01
HessDelSqRho_EigVec2 =  2.1885877368E-01  8.7043498415E-01  4.4095779338E-01
HessDelSqRho_EigVec3 =  9.7014753499E-01 -2.4249903161E-01 -2.8248940777E-03
</CP of DelSqRho>
<CP of DelSqRho>
CP# = 6       
Type = (3,-3)
Coords =  5.48887519919462E-01  2.60368293176546E+00  1.87491014804912E+00
DistFromNuc =  1.6726803660E-01
Rho =  2.2651274911E+01
DelSqRho =  1.2895552632E+03
GradDelSqRho =  3.6765257505E-11  1.4409806681E-11  2.5369040202E-11
HessDelSqRho_EigVals = -4.4341879055E+05 -3.1324560415E+03 -3.8744055530E+02
HessDelSqRho_EigVec1 =  7.4177520225E-01  3.9339945034E-01  5.4314493628E-01
HessDelSqRho_EigVec2 =  1.9533749840E-01  6.4802876210E-01 -7.3613992231E-01
HessDelSqRho_EigVec3 = -6.4157058150E-01  6.5214691287E-01  4.0384600157E-01
</CP of DelSqRho>
<CP of DelSqRho>
CP# = 7       
Type = (3,-3)
Coords =  7.51526588924128E-01  2.55297897610544E+00  1.87428867093965E+00
DistFromNuc =  1.6726800627E-01
Rho =  2.2651304036E+01
DelSqRho =  1.2895512452E+03
GradDelSqRho = -8.1499251792E-12  1.7015722165E-11  1.6116885604E-11
HessDelSqRho_EigVals = -4.4341879099E+05 -3.1321366329E+03 -3.8663127074E+02
HessDelSqRho_EigVec1 = -4.6594677814E-01  6.9559317318E-01  5.4684891639E-01
HessDelSqRho_EigVec2 = -1.2862355284E-01 -6.6472285833E-01  7.3593444224E-01
HessDelSqRho_EigVec3 =  8.7541394871E-01  2.7256863179E-01  3.9919513946E-01
</CP of DelSqRho>
<CP of DelSqRho>
CP# = 8       
Type = (3,-1)
Coords =  7.07993635904917E-01  2.80721420208031E+00  2.05600387770926E+00
DistFromNuc =  1.6856534778E-01
Rho =  2.2385483841E+01
DelSqRho =  1.2560793776E+03
GradDelSqRho =  8.8871132675E-12 -1.4329870623E-11 -2.0409673951E-11
HessDelSqRho_EigVals = -4.1168724891E+05 -1.6832836417E+03  1.1188690326E+03
HessDelSqRho_EigVec1 =  2.0629423410E-01  8.1885590296E-01  5.3564699119E-01
HessDelSqRho_EigVec2 = -1.2761268238E-01 -5.2023137096E-01  8.4443728244E-01
HessDelSqRho_EigVec3 =  9.7013282198E-01 -2.4255789178E-01 -2.8243339652E-03
</CP of DelSqRho>
<CP of DelSqRho>
CP# = 9       
Type = (3,-1)
Coords =  1.26106953400045E+00  2.30500189108665E+00  1.79114268193568E+00
DistFromNuc =  7.1319830531E-01
Rho =  6.8448375899E-01
DelSqRho = -1.0921281974E+00
GradDelSqRho = -3.5416114486E-14  2.2842838732E-14  1.7597034940E-14
HessDelSqRho_EigVals = -1.5590116822E+01 -1.1566966472E+01  1.4625207720E+02
HessDelSqRho_EigVec1 =  5.4983824294E-01  5.4768326789E-01  6.3065120683E-01
HessDelSqRho_EigVec2 = -1.8468192698E-01 -6.5662512274E-01  7.3125647623E-01
HessDelSqRho_EigVec3 =  8.1459836266E-01 -5.1854265616E-01 -2.5989040247E-01
</CP of DelSqRho>
<CP of DelSqRho>
CP# = 10      
Type = (3,-1)
Coords = -1.78492067292269E-02  2.62501343773813E+00  1.79496879315339E+00
DistFromNuc =  7.1320510377E-01
Rho =  6.8447135884E-01
DelSqRho = -1.0922707341E+00
GradDelSqRho =  4.4408920985E-15 -4.2049697058E-15 -2.6090241079E-15
HessDelSqRho_EigVals = -1.5590475922E+01 -1.1559484981E+01  1.4624493927E+02
HessDelSqRho_EigVec1 = -2.2344212498E-01  7.4162040910E-01  6.3251307148E-01
HessDelSqRho_EigVec2 = -1.4236310488E-01 -6.6679137485E-01  7.3152034066E-01
HessDelSqRho_EigVec3 =  9.6426467484E-01  7.3405934649E-02  2.5456866580E-01
</CP of DelSqRho>
<CP of DelSqRho>
CP# = 11      
Type = (3,-1)
Coords =  8.10785302082989E-01  3.21350796184184E+00  2.41622598473702E+00
DistFromNuc =  7.1987602137E-01
Rho =  6.7685285069E-01
DelSqRho = -1.0818952615E+00
GradDelSqRho =  2.3592239273E-15  3.8857805862E-15  2.9420910153E-15
HessDelSqRho_EigVals = -1.9118677923E+01 -5.7462452051E+00  1.3880060512E+02
HessDelSqRho_EigVec1 =  9.7007760499E-01 -2.4277814488E-01 -2.8657756873E-03
HessDelSqRho_EigVec2 = -1.4839013305E-01 -6.0218757345E-01  7.8444279256E-01
HessDelSqRho_EigVec3 =  1.9217130045E-01  7.6054513262E-01  6.2019456023E-01
</CP of DelSqRho>
<CP of DelSqRho>
CP# = 12      
Type = (3,+3)
Coords =  7.27153037033605E-01  2.89167579454654E+00  1.36995186226395E+00
DistFromNuc =  6.3795237210E-01
Rho =  9.5734565773E-01
DelSqRho = -4.3772692639E+00
GradDelSqRho =  2.7061686225E-16  5.8841820305E-15  2.7755575616E-14
HessDelSqRho_EigVals =  1.1274848020E+01  2.1710634120E+01  3.3661103676E+02
HessDelSqRho_EigVec1 =  2.2563973849E-01  8.9760058693E-01  3.7868178562E-01
HessDelSqRho_EigVec2 =  9.7010360331E-01 -2.4267474284E-01 -2.8227704373E-03
HessDelSqRho_EigVec3 = -8.9362784542E-02 -3.6799749392E-01  9.2552262923E-01
</CP of DelSqRho>
<CP of DelSqRho>
CP# = 13      
Type = (3,+1)
Coords =  1.07330872115395E+00  2.46131069919251E+00  2.48115880314959E+00
DistFromNuc =  6.8501834976E-01
Rho =  7.9517167092E-01
DelSqRho = -2.6118334248E+00
GradDelSqRho = -1.8540724511E-14  1.6819878823E-14 -2.5118795932E-14
HessDelSqRho_EigVals = -1.1331985555E+01  1.2656965764E+01  1.9491188834E+02
HessDelSqRho_EigVec1 =  7.2060066513E-01  6.7136746249E-01 -1.7320626931E-01
HessDelSqRho_EigVec2 =  4.5940802133E-01 -6.4942913336E-01 -6.0595880279E-01
HessDelSqRho_EigVec3 =  5.1930622117E-01 -3.5708196687E-01  7.7641066298E-01
</CP of DelSqRho>
<CP of DelSqRho>
CP# = 14      
Type = (3,+1)
Coords =  3.23291613047563E-01  3.25091389970425E+00  1.85612667105865E+00
DistFromNuc =  6.8750818439E-01
Rho =  7.8916282640E-01
DelSqRho = -2.6073023885E+00
GradDelSqRho =  4.3631764868E-13 -7.7948758559E-13 -2.2759572005E-14
HessDelSqRho_EigVals = -1.2781921364E+01  1.3724706128E+01  1.9375489006E+02
HessDelSqRho_EigVec1 = -4.9499366139E-01 -2.4637586752E-02  8.6854721490E-01
HessDelSqRho_EigVec2 =  7.3615129347E-01  5.1912863372E-01  4.3426574212E-01
HessDelSqRho_EigVec3 = -4.6158698888E-01  8.5434094539E-01 -2.3882839178E-01
</CP of DelSqRho>
<CP of DelSqRho>
CP# = 15      
Type = (3,+1)
Coords =  2.25369957655520E-01  2.67339795722568E+00  2.48375665620717E+00
DistFromNuc =  6.8501054447E-01
Rho =  7.9515973645E-01
DelSqRho = -2.6112896365E+00
GradDelSqRho =  1.1712852910E-14 -7.3829831138E-15 -1.7444379274E-14
HessDelSqRho_EigVals = -1.1337185548E+01  1.2649350866E+01  1.9491830880E+02
HessDelSqRho_EigVec1 = -3.2066313185E-01  9.3180787774E-01 -1.7002715915E-01
HessDelSqRho_EigVec2 =  7.1454143180E-01  3.5580708735E-01  6.0235525965E-01
HessDelSqRho_EigVec3 = -6.2177624441E-01 -7.1661674305E-02  7.7990955009E-01
</CP of DelSqRho>
<CP of DelSqRho>
CP# = 16      
Type = (3,+1)
Coords =  1.25529501351399E+00  3.01768821653953E+00  1.85335977867787E+00
DistFromNuc =  6.8752407854E-01
Rho =  7.8912815673E-01
DelSqRho = -2.6070662358E+00
GradDelSqRho =  3.2085445412E-14  4.9404924596E-14 -9.3258734069E-15
HessDelSqRho_EigVals = -1.2783970198E+01  1.3722915860E+01  1.9373030104E+02
HessDelSqRho_EigVec1 =  4.2986401242E-01 -2.5603637746E-01  8.6583041309E-01
HessDelSqRho_EigVec2 = -4.0246108393E-01  8.0407834004E-01  4.3758781862E-01
HessDelSqRho_EigVec3 =  8.0823388121E-01  5.3656630206E-01 -2.4259966355E-01
</CP of DelSqRho>
<CP of DelSqRho>
CP# = 17      
Type = (3,+3)
Coords =  5.27915178579163E-01  2.08525353030398E+00  2.21200885085144E+00
DistFromNuc =  6.5042612665E-01
Rho =  9.1116491337E-01
DelSqRho = -3.9092984216E+00
GradDelSqRho =  1.0269562978E-15 -3.2862601529E-14 -2.1094237468E-15
HessDelSqRho_EigVals =  6.6382854771E+00  1.8994587648E+01  2.8347542979E+02
HessDelSqRho_EigVec1 =  1.0226494578E-01  3.9652740020E-01  9.1230910428E-01
HessDelSqRho_EigVec2 =  9.7007904400E-01 -2.4276790676E-01 -3.2236375827E-03
HessDelSqRho_EigVec3 =  2.2020111094E-01  8.8534160884E-01 -4.0948956813E-01
</CP of DelSqRho>
<CP of DelSqRho>
CP# = 18      
Type = (3,+1)
Coords =  5.47697725724646E-01  2.17286253416972E+00  1.52629705970313E+00
DistFromNuc =  6.7462644364E-01
Rho =  8.4162146149E-01
DelSqRho = -3.3485085333E+00
GradDelSqRho =  8.0907502920E-15  2.1760371283E-14  2.2315482795E-14
HessDelSqRho_EigVals = -5.3556674840E+00  1.8547152968E+01  2.2697785349E+02
HessDelSqRho_EigVec1 = -1.5774452498E-01 -6.3920959479E-01  7.5268038288E-01
HessDelSqRho_EigVec2 =  9.7007914834E-01 -2.4277197035E-01 -2.8664203255E-03
HessDelSqRho_EigVec3 =  1.8456194297E-01  7.2970738269E-01  6.5837984846E-01
</CP of DelSqRho>
<CP of DelSqRho>
CP# = 19      
Type = (3,+3)
Coords =  1.75022496168657E-01  3.09125053474538E+00  2.26542441061256E+00
DistFromNuc =  7.1848710284E-01
Rho =  7.6308774311E-01
DelSqRho = -3.1420112836E+00
GradDelSqRho = -1.6320278462E-14  1.9095836024E-14  9.8254737679E-15
HessDelSqRho_EigVals =  1.1380674275E+01  2.3217623277E+01  1.4553456186E+02
HessDelSqRho_EigVec1 = -1.1383624742E-01 -6.6771932461E-01  7.3565767332E-01
HessDelSqRho_EigVec2 =  7.0334518093E-01  4.6880547740E-01  5.3434724742E-01
HessDelSqRho_EigVec3 =  7.0167432990E-01 -5.7824936481E-01 -4.1627011286E-01
</CP of DelSqRho>
<CP of DelSqRho>
CP# = 20      
Type = (3,+3)
Coords =  1.31315241307391E+00  2.80642484140575E+00  2.26207393144265E+00
DistFromNuc =  7.1849511596E-01
Rho =  7.6307390815E-01
DelSqRho = -3.1418577825E+00
GradDelSqRho =  9.3258734069E-15 -6.9388939039E-16  1.1934897515E-15
HessDelSqRho_EigVals =  1.1377520479E+01  2.3217122376E+01  1.4552763360E+02
HessDelSqRho_EigVec1 = -2.1000187973E-01 -6.4378335583E-01  7.3582756218E-01
HessDelSqRho_EigVec2 = -3.9666721674E-01  7.4398738750E-01  5.3771543255E-01
HessDelSqRho_EigVec3 =  8.9361867129E-01  1.7895741950E-01  4.1160650181E-01
</CP of DelSqRho>
<CP of DelSqRho>
CP# = 21      
Type = (3,-3)
Coords =  9.33630073207695E-01  3.70450793962591E+00  2.41394148566950E+00
DistFromNuc =  1.1578032168E+00
Rho =  2.4643114434E-01
DelSqRho =  8.7017518249E-01
GradDelSqRho = -6.1062266354E-16 -4.1425196606E-15 -1.6141601944E-15
HessDelSqRho_EigVals = -1.7636425217E+01 -2.7511327157E+00 -1.9969598253E-01
HessDelSqRho_EigVec1 =  2.2517547333E-01  8.9528779951E-01  3.8439011728E-01
HessDelSqRho_EigVec2 = -9.7008359703E-01  2.4275411932E-01  2.8726852611E-03
HessDelSqRho_EigVec3 = -9.0740404330E-02 -3.7353740590E-01  9.2316628265E-01
</CP of DelSqRho>
<CP of DelSqRho>
CP# = 22      
Type = (3,+1)
Coords =  3.85773745554413E-01  1.52822849329893E+00  1.48593698469800E+00
DistFromNuc =  1.2707154162E+00
Rho =  2.4038539151E-01
DelSqRho =  4.0176238644E-01
GradDelSqRho = -7.9289266125E-13 -4.8219761517E-12 -2.3427718099E-12
HessDelSqRho_EigVals = -6.6306642893E+00  5.2010636581E-01  8.0484644763E-01
HessDelSqRho_EigVec1 =  2.3336238357E-01  9.2628597519E-01  2.9586532428E-01
HessDelSqRho_EigVec2 = -6.6000191083E-02 -2.8847618998E-01  9.5520964327E-01
HessDelSqRho_EigVec3 =  9.7014739742E-01 -2.4243716710E-01 -6.1844399363E-03
</CP of DelSqRho>
<CP of DelSqRho>
CP# = 23      
Type = (3,+1)
Coords = -1.15376046615427E-01  3.37274135495411E+00  2.45457601603643E+00
DistFromNuc =  1.1644520470E+00
Rho =  4.0221723402E-01
DelSqRho = -8.9677887679E-01
GradDelSqRho = -3.3098523922E-15  5.8980598183E-15  3.6567970874E-15
HessDelSqRho_EigVals = -2.8928468582E+01  1.3727359399E+01  1.4478006108E+01
HessDelSqRho_EigVec1 =  6.6792173658E-01 -6.1158302461E-01 -4.2408343261E-01
HessDelSqRho_EigVec2 = -1.5109998478E-01 -6.6939641083E-01  7.2737695851E-01
HessDelSqRho_EigVec3 =  7.2873132800E-01  4.2175188106E-01  5.3951459888E-01
</CP of DelSqRho>
<CP of DelSqRho>
CP# = 24      
Type = (3,+1)
Coords =  1.70294756689710E+00  2.91778740514110E+00  2.44912086896627E+00
DistFromNuc =  1.1644363738E+00
Rho =  4.0222697445E-01
DelSqRho = -8.9683063478E-01
GradDelSqRho = -2.4424906542E-15  1.1136924716E-15  1.6028844918E-15
HessDelSqRho_EigVals = -2.8932076487E+01  1.3728279373E+01  1.4480092108E+01
HessDelSqRho_EigVec1 =  8.7961897799E-01  2.2440874841E-01  4.1941765246E-01
HessDelSqRho_EigVec2 = -1.7781086045E-01 -6.6268698018E-01  7.2748145282E-01
HessDelSqRho_EigVec3 = -4.4119581986E-01  7.1448350571E-01  5.4300973159E-01
</CP of DelSqRho>
<CP of DelSqRho>
CP# = 25      
Type = (3,-1)
Coords =  1.24900819054531E+00  1.91593521966845E+00  2.68235553398455E+00
DistFromNuc =  1.1887065666E+00
Rho =  2.4319497228E-01
DelSqRho =  7.1801536482E-01
GradDelSqRho =  2.2030988145E-15 -2.7339241981E-15  2.1857515797E-15
HessDelSqRho_EigVals = -1.6947649486E+01 -1.3179122421E+00  3.1853444144E-01
HessDelSqRho_EigVec1 = -4.7340107327E-01  6.5274048766E-01 -5.9145691272E-01
HessDelSqRho_EigVec2 =  7.1399311362E-01  6.7758833698E-01  1.7631755243E-01
HessDelSqRho_EigVec3 = -5.1585391104E-01  3.3882724413E-01  7.8682325913E-01
</CP of DelSqRho>
<CP of DelSqRho>
CP# = 26      
Type = (3,-1)
Coords =  1.29477586638633E-01  3.53006393439031E+00  1.35409466234829E+00
DistFromNuc =  1.1875743495E+00
Rho =  2.4221978299E-01
DelSqRho =  7.3344906405E-01
GradDelSqRho =  1.5751289162E-15 -2.9629076970E-15  5.5511151231E-16
HessDelSqRho_EigVals = -1.7431136705E+01 -1.1663586185E+00  2.8409104981E-01
HessDelSqRho_EigVec1 = -4.5491825868E-01  7.1310392445E-01 -5.3341557050E-01
HessDelSqRho_EigVec2 = -4.7012009629E-01  3.1641138990E-01  8.2393623989E-01
HessDelSqRho_EigVec3 =  7.5633092822E-01  6.2559301888E-01  1.9130316711E-01
</CP of DelSqRho>
<CP of DelSqRho>
CP# = 27      
Type = (3,-1)
Coords = -1.85714612309579E-01  2.27482181229122E+00  2.68619989515716E+00
DistFromNuc =  1.1886636072E+00
Rho =  2.4319568027E-01
DelSqRho =  7.1822090101E-01
GradDelSqRho =  1.6136536551E-12  8.9107714263E-13 -1.2946171912E-12
HessDelSqRho_EigVals = -1.6950271381E+01 -1.3193408612E+00  3.1760427411E-01
HessDelSqRho_EigVec1 =  7.2198377573E-01  3.5374473646E-01 -5.9464618809E-01
HessDelSqRho_EigVec2 = -3.0967119198E-01  9.3374948079E-01  1.7948721395E-01
HessDelSqRho_EigVec3 =  6.1874322659E-01  5.4557937452E-02  7.8369652992E-01
</CP of DelSqRho>
<CP of DelSqRho>
CP# = 28      
Type = (3,-3)
Coords = -4.28498220290821E-01  2.63712596618738E+00  1.65606598608672E+00
DistFromNuc =  1.1448278797E+00
Rho =  2.4741962447E-01
DelSqRho =  8.3677280158E-01
GradDelSqRho =  6.3143934526E-15  1.2542050731E-15  4.4582393333E-16
HessDelSqRho_EigVals = -1.7612605948E+01 -1.7281369948E+00 -5.0273237743E-01
HessDelSqRho_EigVec1 =  9.5522712934E-01  5.6396106460E-02  2.9044898098E-01
HessDelSqRho_EigVec2 = -2.3724074797E-01  7.3258782251E-01  6.3799052486E-01
HessDelSqRho_EigVec3 = -1.7679920497E-01 -6.7833219110E-01  7.1316721717E-01
</CP of DelSqRho>
<CP of DelSqRho>
CP# = 29      
Type = (3,-3)
Coords =  1.62811100363147E+00  2.12211593231577E+00  1.65021752665282E+00
DistFromNuc =  1.1448050351E+00
Rho =  2.4742735366E-01
DelSqRho =  8.3694628874E-01
GradDelSqRho = -1.0860416733E-11  1.9176778221E-12  1.0762977315E-11
HessDelSqRho_EigVals = -1.7615338202E+01 -1.7276972300E+00 -5.0435052357E-01
HessDelSqRho_EigVec1 =  8.1436329616E-01 -4.9949077862E-01 -2.9550191866E-01
HessDelSqRho_EigVec2 =  5.5791993582E-01  5.3359252625E-01  6.3561337395E-01
HessDelSqRho_EigVec3 = -1.5980540377E-01 -6.8248661379E-01  7.1321403164E-01
</CP of DelSqRho>
<CP of DelSqRho>
CP# = 30      
Type = (3,-1)
Coords =  1.55510663225360E+00  3.17309060937916E+00  1.34988413385059E+00
DistFromNuc =  1.1875934442E+00
Rho =  2.4222291285E-01
DelSqRho =  7.3330500076E-01
GradDelSqRho = -3.7810032882E-14 -3.5557494449E-14  3.2213814949E-14
HessDelSqRho_EigVals = -1.7427063111E+01 -1.1671207250E+00  2.8472999616E-01
HessDelSqRho_EigVec1 =  7.3432235497E-01  4.1529205173E-01 -5.3693872161E-01
HessDelSqRho_EigVec2 =  5.6817547190E-01  5.6765788458E-02  8.2094718368E-01
HessDelSqRho_EigVec3 = -3.7141259015E-01  9.0791528076E-01  1.9427437000E-01
</CP of DelSqRho>
<CP of DelSqRho>
CP# = 31      
Type = (3,-1)
Coords =  2.69685207827815E+00  2.73588278318256E+00  2.06205511239262E+00
DistFromNuc =  2.0269923778E+00
Rho =  7.0514359997E-02
DelSqRho =  1.8442790295E-01
GradDelSqRho = -6.7740951737E-16  2.8097099300E-16  2.5045070184E-16
HessDelSqRho_EigVals = -2.0308720580E+00 -1.4419554893E-02  5.0161913960E-01
HessDelSqRho_EigVec1 =  8.9071576058E-01 -2.0039312872E-01 -4.0800493602E-01
HessDelSqRho_EigVec2 = -2.6820086926E-02  8.7284850353E-01 -4.8725370478E-01
HessDelSqRho_EigVec3 =  4.5376879222E-01  4.4494728210E-01  7.7208535756E-01
</CP of DelSqRho>
<CP of DelSqRho>
CP# = 32      
Type = (3,-1)
Coords = -1.07913622483582E+00  3.68251499502691E+00  2.07234389451713E+00
DistFromNuc =  2.0270270629E+00
Rho =  7.0507444552E-02
DelSqRho =  1.8438092196E-01
GradDelSqRho =  1.0368240554E-12 -6.1667598111E-13  3.3632428439E-13
HessDelSqRho_EigVals = -2.0294069701E+00 -1.4283176597E-02  5.0187068711E-01
HessDelSqRho_EigVec1 =  8.8160594903E-01 -2.4496366390E-01  4.0343990136E-01
HessDelSqRho_EigVec2 =  4.3347608128E-01  7.5840183132E-01 -4.8674957546E-01
HessDelSqRho_EigVec3 = -1.8673360061E-01  6.0400286888E-01  7.7479745533E-01
</CP of DelSqRho>
<CP of DelSqRho>
CP# = 33      
Type = (3,+1)
Coords =  2.24915123351474E+00  2.31432086112630E+00  3.18271375878627E+00
DistFromNuc =  2.0226618602E+00
Rho =  6.9546681259E-02
DelSqRho =  1.7633847939E-01
GradDelSqRho = -9.9312919000E-17  4.4495657159E-16 -3.0747973612E-16
HessDelSqRho_EigVals = -1.6757980659E+00  2.4653655796E-02  5.7364795796E-01
HessDelSqRho_EigVec1 =  5.1024937405E-01 -5.4267298970E-01  6.6719682443E-01
HessDelSqRho_EigVec2 =  4.9495625447E-01 -4.4913741879E-01 -7.4383727065E-01
HessDelSqRho_EigVec3 = -7.0332345506E-01 -7.0977574296E-01 -3.9427303578E-02
</CP of DelSqRho>
<CP of DelSqRho>
CP# = 34      
Type = (3,+1)
Coords = -8.78578123560410E-01  3.09622582999708E+00  3.19057444203575E+00
DistFromNuc =  2.0226980882E+00
Rho =  6.9546850784E-02
DelSqRho =  1.7635639454E-01
GradDelSqRho =  2.3085266337E-14 -3.1563293645E-15 -2.6542570225E-14
HessDelSqRho_EigVals = -1.6765312590E+00  2.4495893277E-02  5.7350902098E-01
HessDelSqRho_EigVec1 =  7.0309031140E-01  2.3986601289E-01 -6.6942386414E-01
HessDelSqRho_EigVec2 =  6.5146152506E-01  1.6010985017E-01  7.4159471226E-01
HessDelSqRho_EigVec3 = -2.8506472140E-01  9.5751194861E-01  4.3691794159E-02
</CP of DelSqRho>
<CP of DelSqRho>
CP# = 35      
Type = (3,+1)
Coords =  2.54197887353152E+00  3.41055448405196E+00  1.96614422802536E+00
DistFromNuc =  2.0103567958E+00
Rho =  7.0255923383E-02
DelSqRho =  1.8303305396E-01
GradDelSqRho = -2.8232624572E-15 -1.1262692168E-15  7.8279396853E-16
HessDelSqRho_EigVals = -1.7918074729E+00  1.5761816944E-02  5.6690941009E-01
HessDelSqRho_EigVec1 =  7.6480266597E-01  4.5294337123E-01 -4.5816938417E-01
HessDelSqRho_EigVec2 = -3.7497410856E-01  8.9123398157E-01  2.5513997728E-01
HessDelSqRho_EigVec3 =  5.2390008593E-01 -2.3330078423E-02  8.5146016196E-01
</CP of DelSqRho>
<CP of DelSqRho>
CP# = 36      
Type = (3,+1)
Coords = -6.27183079531964E-01  4.20255783143258E+00  1.97539182150538E+00
DistFromNuc =  2.0104772969E+00
Rho =  7.0248843822E-02
DelSqRho =  1.8301128561E-01
GradDelSqRho =  6.7015620484E-14 -1.0064778871E-13  2.9549713371E-14
HessDelSqRho_EigVals = -1.7917780001E+00  1.5644727705E-02  5.6676284327E-01
HessDelSqRho_EigVec1 = -4.6488863450E-01  7.5968766641E-01 -4.5470122831E-01
HessDelSqRho_EigVec2 =  7.5182199200E-01  6.0996149579E-01  2.5042097756E-01
HessDelSqRho_EigVec3 = -4.6759196942E-01  2.2543651692E-01  8.5471406153E-01
</CP of DelSqRho>
<Path of -GradDelSqRho>
Starting CP# =      3
Ending CP# =     12
Number of Points =     33
  7.0640610080E-01  2.8030220398E+00  1.8692310496E+00  2.2619948543E+01  1.2428224765E+03
  7.1132107345E-01  2.8228452155E+00  1.8548128462E+00  1.5676061005E+01  1.1595478768E+03
  7.1623266142E-01  2.8426550931E+00  1.8403752201E+00  1.0971047403E+01  9.8813197917E+02
  7.2114335100E-01  2.8624614401E+00  1.8259324454E+00  7.7928526327E+00  7.7849338000E+02
  7.2605208673E-01  2.8822601093E+00  1.8114784848E+00  5.6544406649E+00  5.7630188169E+02
  7.3095696430E-01  2.9020436180E+00  1.7970024749E+00  4.2167831552E+00  4.1063595334E+02
  7.3585587193E-01  2.9218036665E+00  1.7824924444E+00  3.2478183305E+00  2.8682498148E+02
  7.4074664509E-01  2.9415317461E+00  1.7679362473E+00  2.5917344261E+00  1.9774050735E+02
  7.4562721871E-01  2.9612197359E+00  1.7533224677E+00  2.1445828391E+00  1.3413090511E+02
  7.5049551713E-01  2.9808594702E+00  1.7386398319E+00  1.8366888084E+00  8.8740576320E+01
  7.5534894657E-01  3.0004407421E+00  1.7238744350E+00  1.6210413775E+00  5.6629215945E+01
  7.6018363088E-01  3.0199482957E+00  1.7090056952E+00  1.4659067126E+00  3.4380254768E+01
  7.6499343874E-01  3.0393579932E+00  1.6940014890E+00  1.3500460687E+00  1.9429934739E+01
  7.6976851914E-01  3.0586310390E+00  1.6788112961E+00  1.2594711792E+00  9.7453152326E+00
  7.7449263784E-01  3.0777034637E+00  1.6633545353E+00  1.1851553883E+00  3.7185800034E+00
  7.7913766762E-01  3.0964643489E+00  1.6474983303E+00  1.1214069141E+00  1.2836415556E-01
  7.8365048341E-01  3.1147039673E+00  1.6310102657E+00  1.0647503838E+00 -1.9043063440E+00
  7.8791454613E-01  3.1319615010E+00  1.6134416421E+00  1.0132628086E+00 -2.9784695379E+00
  7.9159351272E-01  3.1469035163E+00  1.5937880178E+00  9.6668418460E-01 -3.4845771307E+00
  7.9324584496E-01  3.1537856073E+00  1.5702423712E+00  9.3119822493E-01 -3.6823319126E+00
  7.9064555620E-01  3.1436439272E+00  1.5479525711E+00  9.2379825587E-01 -3.7807532632E+00
  7.8648939912E-01  3.1272319893E+00  1.5295764565E+00  9.2844441364E-01 -3.8679426049E+00
  7.8204289743E-01  3.1096429908E+00  1.5123785430E+00  9.3415671379E-01 -3.9493480414E+00
  7.7745179803E-01  3.0914659847E+00  1.4958418678E+00  9.3944039892E-01 -4.0245927798E+00
  7.7273462623E-01  3.0727757476E+00  1.4799242983E+00  9.4411701786E-01 -4.0932413066E+00
  7.6789719583E-01  3.0535956486E+00  1.4646380714E+00  9.4815411217E-01 -4.1549185470E+00
  7.6294430326E-01  3.0339450114E+00  1.4500002196E+00  9.5153707546E-01 -4.2093194807E+00
  7.5788072450E-01  3.0138431787E+00  1.4360280501E+00  9.5425791517E-01 -4.2562138650E+00
  7.5271128854E-01  2.9933098455E+00  1.4227388158E+00  9.5631450284E-01 -4.2954493485E+00
  7.4744088537E-01  2.9723651452E+00  1.4101496756E+00  9.5771046885E-01 -4.3269531224E+00
  7.4207446148E-01  2.9510297177E+00  1.3982776700E+00  9.5845506518E-01 -4.3507321128E+00
  7.3661699726E-01  2.9293247764E+00  1.3871396972E+00  9.5856296658E-01 -4.3668717435E+00
  7.2715303703E-01  2.8916757945E+00  1.3699518623E+00  9.5734565773E-01 -4.3772692639E+00
</Path of -GradDelSqRho>
<Path of -GradDelSqRho>
Starting CP# =      3
Ending CP# =      1
Number of Points =      7
  7.0640610080E-01  2.8030220398E+00  1.8692310496E+00  2.2619948543E+01  1.2428224765E+03
  7.0148394337E-01  2.7831706393E+00  1.8836079065E+00  3.2902665400E+01  9.8523584415E+02
  6.9655581535E-01  2.7632957859E+00  1.8979502802E+00  4.8232901689E+01 -8.2755737433E+02
  6.9162507408E-01  2.7434106678E+00  1.9122775222E+00  7.1009855091E+01 -6.4893062798E+03
  6.8669238802E-01  2.7235179111E+00  1.9265934852E+00  1.0483306422E+02 -2.1012736506E+04
  6.8175654019E-01  2.7036127364E+00  1.9408910866E+00  1.5557299914E+02 -7.6584069346E+04
  6.7325616117E-01  2.6693331288E+00  1.9654703712E+00  2.9719284987E+02 -3.3279445013E+06
</Path of -GradDelSqRho>
<Path of -GradDelSqRho>
Starting CP# =      5
Ending CP# =     17
Number of Points =     37
  6.5577639951E-01  2.5976380807E+00  2.1169519672E+00  2.2517715189E+01  1.2319878644E+03
  6.5316032880E-01  2.5869108957E+00  2.1393814917E+00  1.5612186102E+01  1.1502970103E+03
  6.5054006383E-01  2.5761670429E+00  2.1618025495E+00  1.0929752633E+01  9.8067317827E+02
  6.4791870132E-01  2.5654188264E+00  2.1842213875E+00  7.7643623675E+00  7.7266667359E+02
  6.4529480246E-01  2.5546605282E+00  2.2066350921E+00  5.6325335822E+00  5.7215324134E+02
  6.4266590036E-01  2.5438823447E+00  2.2290386535E+00  4.1975992154E+00  4.0801119506E+02
  6.4002929281E-01  2.5330735361E+00  2.2514265478E+00  3.2291145141E+00  2.8540340264E+02
  6.3738224894E-01  2.5222232474E+00  2.2737931334E+00  2.5723368437E+00  1.9718909285E+02
  6.3472221761E-01  2.5113213371E+00  2.2961330581E+00  2.1239936247E+00  1.3417899113E+02
  6.3204669739E-01  2.5003578596E+00  2.3184409771E+00  1.8148213864E+00  8.9185373871E+01
  6.2935261630E-01  2.4893205997E+00  2.3407102404E+00  1.5980472695E+00  5.7319677692E+01
  6.2663543668E-01  2.4781915147E+00  2.3629309334E+00  1.4420614000E+00  3.5203265376E+01
  6.2388809793E-01  2.4669425310E+00  2.3850874300E+00  1.3256726241E+00  2.0302670234E+01
  6.2109955618E-01  2.4555297398E+00  2.4071547818E+00  1.2348892515E+00  1.0610650878E+01
  6.1825234809E-01  2.4438837165E+00  2.4290922967E+00  1.1606472830E+00  4.5407930080E+00
  6.1531805067E-01  2.4318914898E+00  2.4508306359E+00  1.0971924021E+00  8.8839238802E-01
  6.1224789606E-01  2.4193592984E+00  2.4722423794E+00  1.0409552661E+00 -1.2135465073E+00
  6.0895015374E-01  2.4059229540E+00  2.4930608866E+00  9.8983204399E-01 -2.3558538379E+00
  6.0522210036E-01  2.3907788901E+00  2.5125779121E+00  9.4294465274E-01 -2.9222392133E+00
  6.0051466477E-01  2.3717622945E+00  2.5278359368E+00  9.0243385967E-01 -3.1577284383E+00
  5.9464067930E-01  2.3482548306E+00  2.5271969085E+00  8.8483951394E-01 -3.2501680773E+00
  5.8938593417E-01  2.3273618319E+00  2.5145916739E+00  8.8700058621E-01 -3.3230913535E+00
  5.8444703535E-01  2.3077585095E+00  2.4998880623E+00  8.9171144415E-01 -3.3925767089E+00
  5.7964780294E-01  2.2887253711E+00  2.4844075231E+00  8.9626589748E-01 -3.4585847976E+00
  5.7497320692E-01  2.2702013819E+00  2.4682844269E+00  9.0038813522E-01 -3.5208064604E+00
  5.7042641210E-01  2.2521995550E+00  2.4515450921E+00  9.0404105702E-01 -3.5789566970E+00
  5.6601217667E-01  2.2347393644E+00  2.4342072565E+00  9.0721136096E-01 -3.6327850173E+00
  5.6173537034E-01  2.2178407069E+00  2.4162883196E+00  9.0989132528E-01 -3.6820790917E+00
  5.5760087148E-01  2.2015234631E+00  2.3978059736E+00  9.1207754064E-01 -3.7266674017E+00
  5.5361356673E-01  2.1858074679E+00  2.3787783072E+00  9.1377080001E-01 -3.7664211413E+00
  5.4977835736E-01  2.1707124978E+00  2.3592238773E+00  9.1497600350E-01 -3.8012553616E+00
  5.4610016777E-01  2.1562582544E+00  2.3391617771E+00  9.1570201627E-01 -3.8311293521E+00
  5.4258395679E-01  2.1424643402E+00  2.3186117010E+00  9.1596148046E-01 -3.8560462764E+00
  5.3923473332E-01  2.1293502284E+00  2.2975940063E+00  9.1577058597E-01 -3.8760520975E+00
  5.3605757773E-01  2.1169352259E+00  2.2761297727E+00  9.1514880476E-01 -3.8912338463E+00
  5.3305767074E-01  2.1052384272E+00  2.2542408590E+00  9.1411859429E-01 -3.9017173034E+00
  5.2791517858E-01  2.0852535303E+00  2.2120088509E+00  9.1116491337E-01 -3.9092984216E+00
</Path of -GradDelSqRho>
<Path of -GradDelSqRho>
Starting CP# =      5
Ending CP# =      1
Number of Points =      7
  6.5577639951E-01  2.5976380807E+00  2.1169519672E+00  2.2517715189E+01  1.2319878644E+03
  6.5838313877E-01  2.6083281863E+00  2.0945036628E+00  3.2735820778E+01  9.8171111363E+02
  6.6098193954E-01  2.6189867478E+00  2.0720394413E+00  4.7960618412E+01 -7.8921678686E+02
  6.6357723758E-01  2.6296313910E+00  2.0495682155E+00  7.0575073967E+01 -6.3682172139E+03
  6.6617001637E-01  2.6402660239E+00  2.0270919602E+00  1.0413760957E+02 -2.0559703887E+04
  6.6875862161E-01  2.6508840733E+00  2.0046073846E+00  1.5448968863E+02 -7.5062308193E+04
  6.7325616117E-01  2.6693331288E+00  1.9654703712E+00  2.9719284987E+02 -3.3279445013E+06
</Path of -GradDelSqRho>
<Path of -GradDelSqRho>
Starting CP# =     13
Ending CP# =     20
Number of Points =     20
  1.0733087212E+00  2.4613106992E+00  2.4811588031E+00  7.9517167092E-01 -2.6118334248E+00
  1.0883760636E+00  2.4755833327E+00  2.4772315356E+00  7.9200606931E-01 -2.6143422813E+00
  1.1057961572E+00  2.4926992591E+00  2.4718913951E+00  7.8855025631E-01 -2.6236533338E+00
  1.1227460836E+00  2.5100383809E+00  2.4658097303E+00  7.8540327011E-01 -2.6395161814E+00
  1.1392022347E+00  2.5275797491E+00  2.4589959783E+00  7.8255419382E-01 -2.6614682913E+00
  1.1551413839E+00  2.5453018602E+00  2.4514592836E+00  7.7998850173E-01 -2.6889232570E+00
  1.1705404355E+00  2.5631826192E+00  2.4432083054E+00  7.7768859146E-01 -2.7211770489E+00
  1.1853761452E+00  2.5811992376E+00  2.4342509974E+00  7.7563443558E-01 -2.7574176898E+00
  1.1996248248E+00  2.5993280593E+00  2.4245943931E+00  7.7380431357E-01 -2.7967383936E+00
  1.2132620443E+00  2.6175442993E+00  2.4142444007E+00  7.7217562856E-01 -2.8381540681E+00
  1.2262623439E+00  2.6358216798E+00  2.4032056042E+00  7.7072580924E-01 -2.8806209474E+00
  1.2385989873E+00  2.6541319350E+00  2.3914810729E+00  7.6943328947E-01 -2.9230590023E+00
  1.2502438020E+00  2.6724441463E+00  2.3790721734E+00  7.6827854410E-01 -2.9643766740E+00
  1.2611671918E+00  2.6907238521E+00  2.3659783776E+00  7.6724513630E-01 -3.0034973876E+00
  1.2713384578E+00  2.7089318392E+00  2.3521970383E+00  7.6632069751E-01 -3.0393872230E+00
  1.2807266580E+00  2.7270224618E+00  2.3377230573E+00  7.6549771391E-01 -3.0710830284E+00
  1.2893023799E+00  2.7449411781E+00  2.3225482426E+00  7.6477393908E-01 -3.0977201617E+00
  1.2970410787E+00  2.7626205655E+00  2.3066598060E+00  7.6415221242E-01 -3.1185589218E+00
  1.3039293485E+00  2.7799726556E+00  2.2900364007E+00  7.6363949528E-01 -3.1330086200E+00
  1.3131524131E+00  2.8064248414E+00  2.2620739314E+00  7.6307390815E-01 -3.1418577825E+00
</Path of -GradDelSqRho>
<Path of -GradDelSqRho>
Starting CP# =     13
Ending CP# =     17
Number of Points =     32
  1.0733087212E+00  2.4613106992E+00  2.4811588031E+00  7.9517167092E-01 -2.6118334248E+00
  1.0579647817E+00  2.4472482953E+00  2.4845417588E+00  7.9855519050E-01 -2.6143667689E+00
  1.0394031584E+00  2.4308324776E+00  2.4878460345E+00  8.0285770055E-01 -2.6239807361E+00
  1.0204649962E+00  2.4147117592E+00  2.4903757470E+00  8.0747004823E-01 -2.6407631571E+00
  1.0011782342E+00  2.3989036063E+00  2.4921233014E+00  8.1238034935E-01 -2.6645996420E+00
  9.8157204396E-01  2.3834242963E+00  2.4930819516E+00  8.1757117726E-01 -2.6952673809E+00
  9.6167687557E-01  2.3682887052E+00  2.4932459508E+00  8.2301940808E-01 -2.7324432051E+00
  9.4152446434E-01  2.3535100895E+00  2.4926105989E+00  8.2869622579E-01 -2.7757121855E+00
  9.2114782305E-01  2.3390998645E+00  2.4911722216E+00  8.3456723273E-01 -2.8245764922E+00
  9.0058123223E-01  2.3250673863E+00  2.4889280752E+00  8.4059267559E-01 -2.8784643342E+00
  8.7986024620E-01  2.3114197409E+00  2.4858761687E+00  8.4672779488E-01 -2.9367388968E+00
  8.5902173627E-01  2.2981615418E+00  2.4820150006E+00  8.5292330348E-01 -2.9987072852E+00
  8.3810399714E-01  2.2852947329E+00  2.4773432065E+00  8.5912599515E-01 -3.0636295555E+00
  8.1714694744E-01  2.2728183869E+00  2.4718591154E+00  8.6527947912E-01 -3.1307279664E+00
  7.9619246212E-01  2.2607284863E+00  2.4655602136E+00  8.7132503087E-01 -3.1991966182E+00
  7.7528488386E-01  2.2490176641E+00  2.4584425122E+00  8.7720254381E-01 -3.2682116465E+00
  7.5447177492E-01  2.2376748767E+00  2.4504998108E+00  8.8285156181E-01 -3.3369421300E+00
  7.3380499302E-01  2.2266849705E+00  2.4417228480E+00  8.8821236925E-01 -3.4045618443E+00
  7.1334220910E-01  2.2160281005E+00  2.4320983204E+00  8.9322711527E-01 -3.4702619671E+00
  6.9314903752E-01  2.2056789459E+00  2.4216077558E+00  8.9784095149E-01 -3.5332648161E+00
  6.7330202846E-01  2.1956056719E+00  2.4102262318E+00  9.0200316972E-01 -3.5928386983E+00
  6.5389288685E-01  2.1857685909E+00  2.3979209727E+00  9.0566833865E-01 -3.6483139632E+00
  6.3503443350E-01  2.1761185223E+00  2.3846499584E+00  9.0879745737E-01 -3.6991003836E+00
  6.1686898170E-01  2.1665949765E+00  2.3703609267E+00  9.1135917238E-01 -3.7447060001E+00
  5.9957982325E-01  2.1571246069E+00  2.3549916927E+00  9.1333114537E-01 -3.7847574249E+00
  5.8340592130E-01  2.1476211166E+00  2.3384738108E+00  9.1470171085E-01 -3.8190210194E+00
  5.6865735282E-01  2.1379893169E+00  2.3207435081E+00  9.1547199374E-01 -3.8474226060E+00
  5.5572151033E-01  2.1281384911E+00  2.3017659319E+00  9.1565853087E-01 -3.8700592658E+00
  5.4503358176E-01  2.1180120055E+00  2.2815768257E+00  9.1529575606E-01 -3.8871896109E+00
  5.3696401363E-01  2.1076346763E+00  2.2603284538E+00  9.1443588377E-01 -3.8991836847E+00
  5.3158460099E-01  2.0971593911E+00  2.2382886996E+00  9.1314170089E-01 -3.9064291403E+00
  5.2791517858E-01  2.0852535303E+00  2.2120088509E+00  9.1116491337E-01 -3.9092984216E+00
</Path of -GradDelSqRho>
<Path of -GradDelSqRho>
Starting CP# =     14
Ending CP# =     19
Number of Points =     20
  3.2329161305E-01  3.2509138997E+00  1.8561266711E+00  7.8916282640E-01 -2.6073023885E+00
  3.1227303603E-01  3.2500244267E+00  1.8758121110E+00  7.8564964871E-01 -2.6105163646E+00
  3.0045037725E-01  3.2482606665E+00  1.8977675848E+00  7.8214415718E-01 -2.6213202163E+00
  2.8904113839E-01  3.2456816246E+00  1.9198607230E+00  7.7902743645E-01 -2.6392378105E+00
  2.7806165624E-01  3.2422906278E+00  1.9420616436E+00  7.7627978699E-01 -2.6636267525E+00
  2.6752793734E-01  3.2380906630E+00  1.9643400952E+00  7.7387822087E-01 -2.6937228895E+00
  2.5745585135E-01  3.2330840925E+00  1.9866653044E+00  7.7179717084E-01 -2.7286507269E+00
  2.4786131629E-01  3.2272723782E+00  2.0090057484E+00  7.7000927692E-01 -2.7674373382E+00
  2.3876046520E-01  3.2206558169E+00  2.0313288465E+00  7.6848625497E-01 -2.8090296633E+00
  2.3016977438E-01  3.2132332941E+00  2.0536005618E+00  7.6719984721E-01 -2.8523149521E+00
  2.2210612056E-01  3.2050020610E+00  2.0757849004E+00  7.6612284519E-01 -2.8961439847E+00
  2.1458671374E-01  3.1959575471E+00  2.0978432939E+00  7.6523016085E-01 -2.9393565990E+00
  2.0762881853E-01  3.1860932222E+00  2.1197338483E+00  7.6449989662E-01 -2.9808089566E+00
  2.0124912215E-01  3.1754005216E+00  2.1414104396E+00  7.6391433090E-01 -3.0194018904E+00
  1.9546251965E-01  3.1638688284E+00  2.1628216262E+00  7.6346068835E-01 -3.0541095752E+00
  1.9027993948E-01  3.1514854399E+00  2.1839093024E+00  7.6313151261E-01 -3.0840076447E+00
  1.8570455261E-01  3.1382352514E+00  2.2046068646E+00  7.6292442329E-01 -3.1082997499E+00
  1.8172502618E-01  3.1240993505E+00  2.2248361174E+00  7.6284106866E-01 -3.1263414475E+00
  1.7830203146E-01  3.1090498857E+00  2.2445000265E+00  7.6288527902E-01 -3.1376602538E+00
  1.7502249617E-01  3.0912505347E+00  2.2654244106E+00  7.6308774311E-01 -3.1420112836E+00
</Path of -GradDelSqRho>
<Path of -GradDelSqRho>
Starting CP# =     14
Ending CP# =     12
Number of Points =     32
  3.2329161305E-01  3.2509138997E+00  1.8561266711E+00  7.8916282640E-01 -2.6073023885E+00
  3.3462308490E-01  3.2511362325E+00  1.8365950189E+00  7.9301166276E-01 -2.6105981938E+00
  3.4751374180E-01  3.2505982862E+00  1.8151831076E+00  7.9767344657E-01 -2.6220757191E+00
  3.6074974644E-01  3.2492345228E+00  1.7940200161E+00  8.0275834753E-01 -2.6419141153E+00
  3.7431092700E-01  3.2470440105E+00  1.7731340416E+00  8.0826253896E-01 -2.6701269225E+00
  3.8817596169E-01  3.2440270750E+00  1.7525528203E+00  8.1417606926E-01 -2.7066045570E+00
