AIMSum (Version 16.05.18, Professional)
Copyright (c) 1997-2016 by Todd A. Keith
AIMSum is a component of the AIMAll package ( http://aim.tkgristmill.com )

TP:  64-bit Linux

Licensed To:  Research Group of Fernando Cortes Guzman, UNAM, fercor@unam.mx

Much of the Quantum Theory of Atoms in Molecules (QTAIM) is described in the book:
  "Atoms in Molecules - A Quantum Theory"
  R.F.W. Bader, Oxford University Press, Oxford, 1990

For additional references see:  http://aim.tkgristmill.com/references.html

Wfx File:  /home/davit_gabo/David/max_int2/Mn26_alpha.wfx
Sum File:  /home/davit_gabo/David/max_int2/Mn26_alpha.sum

SumViz File:  /home/davit_gabo/David/max_int2/Mn26_alpha.sumviz

Wfx Title:   Mn[H2O]6 (2+)                                                                 
 
Total memory allocated for AIMSum =        1.178 Megabytes

Atomic units (a.u.) used throughout, except where stated otherwise

Model:  Unknown
 
Unrestricted, natural orbital wavefunction.
  Number of electrons (from MO Occs)                   =          44.0000000000
  Number of Alpha electrons (from MO Occs)             =          44.0000000000
  Number of Beta electrons (from MO Occs)              =           0.0000000000
  Number of electron pairs (N*(N-1)/2)                 =         946.0000000000
  Number of electron pairs (from Muller 2EDM)          =         946.0000000000
  Number of electron pairs (from Muller 2EDM, no SOSI) =         946.0000000000
 
Nuclear Charges and Cartesian Coordinates:
-------------------------------------------------------------------------------
Atom      Charge                X                  Y                  Z
-------------------------------------------------------------------------------
Mn1       25.0           0.0000000000E+00   0.0000000000E+00   0.0000000000E+00
O2         8.0          -3.1794051067E-02   4.1378301928E+00   3.4457303335E-04
O3         8.0          -6.6186907311E-03  -9.2081581706E-04   4.1381668441E+00
O4         8.0          -4.1381200101E+00  -4.3580675345E-02  -4.3210649741E-03
H5         1.0          -6.0034333957E-02   5.2222420022E+00   1.4646173199E+00
H6         1.0          -5.2390238641E-02   5.2228372026E+00  -1.4636192943E+00
H7         1.0           1.4549592587E+00   2.3286134682E-02   5.2262730269E+00
H8         1.0          -1.4729059718E+00  -2.5201745957E-02   5.2199674604E+00
H9         1.0          -5.2017427573E+00  -1.5234058816E+00  -8.2990782706E-03
H10        1.0          -5.2442060296E+00   1.4045219735E+00  -8.2730513093E-03
O11        8.0           3.1794051067E-02  -4.1378301928E+00  -3.4457303335E-04
O12        8.0           6.6186907311E-03   9.2081581706E-04  -4.1381668441E+00
O13        8.0           4.1381200101E+00   4.3580675345E-02   4.3210649741E-03
H14        1.0           6.0034333957E-02  -5.2222420022E+00  -1.4646173199E+00
H15        1.0           5.2390238641E-02  -5.2228372026E+00   1.4636192943E+00
H16        1.0          -1.4549592587E+00  -2.3286134682E-02  -5.2262730269E+00
H17        1.0           1.4729059718E+00   2.5201745957E-02  -5.2199674604E+00
H18        1.0           5.2017427573E+00   1.5234058816E+00   8.2990782706E-03
H19        1.0           5.2442060296E+00  -1.4045219735E+00   8.2730513093E-03
 
Some Atomic Properties:
----------------------
  q(A) = Net Charge of Atom A
  L(A) = Lagrangian of Atom A = -(1/4) Times Atomic Integral of the Laplacian of the Electron Density
  K(A) = Electronic Kinetic Energy of Atom A (Hamiltonian Form)
  K_Scaled(A) = K(A) * E(Mol)/K(Mol) = Approximation to Virial-Based Total Energy of Atom A.
  |Mu_Intra(A)| = Magnitude of Intraatomic Dipole Moment of Atom A
--------------------------------------------------------------------------------------------------
Atom A          q(A)              L(A)              K(A)          K_Scaled(A)      |Mu_Intra(A)|
--------------------------------------------------------------------------------------------------
Mn1       1.0837164502E+01 -5.5453386906E-04  5.9078554513E+02 -5.9173990995E+02  1.0474658002E-05
O2        3.3803292107E+00  1.8733564708E-06  3.7831110095E+01 -3.7892223101E+01  1.4518471373E-01
O3        3.3803351955E+00  1.0485217307E-05  3.7831073214E+01 -3.7892186161E+01  1.4516577800E-01
O4        3.3803307946E+00 -4.8495513556E-08  3.7831012288E+01 -3.7892125136E+01  1.4515490494E-01
H5        8.2336574682E-01  1.0458870110E-05  1.6459217446E-01 -1.6485805940E-01  6.6044119445E-02
H6        8.2337152618E-01  1.1218344740E-05  1.6458860885E-01 -1.6485448803E-01  6.6041837212E-02
H7        8.2336685050E-01  9.9105131070E-06  1.6459316527E-01 -1.6485905181E-01  6.6043811487E-02
H8        8.2336595451E-01  9.8962969067E-06  1.6458990065E-01 -1.6485578192E-01  6.6044373534E-02
H9        8.2334763007E-01  1.0811162383E-05  1.6459064767E-01 -1.6485653015E-01  6.6052553691E-02
H10       8.2338154530E-01  1.1364765719E-05  1.6459584382E-01 -1.6486173469E-01  6.6038059754E-02
O11       3.3803296686E+00  1.6031122794E-06  3.7831109715E+01 -3.7892222721E+01  1.4518389062E-01
O12       3.3803338642E+00  9.3254736450E-06  3.7831073247E+01 -3.7892186194E+01  1.4516503728E-01
O13       3.3803330058E+00  1.1516179456E-06  3.7831011933E+01 -3.7892124781E+01  1.4515505767E-01
H14       8.2336581311E-01  1.0340784746E-05  1.6459208843E-01 -1.6485797323E-01  6.6044034496E-02
H15       8.2337011505E-01  9.5519562143E-06  1.6458820542E-01 -1.6485408395E-01  6.6042813135E-02
H16       8.2336801284E-01  1.0861473046E-05  1.6459319849E-01 -1.6485908509E-01  6.6043325134E-02
H17       8.2336704021E-01  1.1076434745E-05  1.6458990177E-01 -1.6485578304E-01  6.6044010705E-02
H18       8.2334880918E-01  1.1808181121E-05  1.6459082350E-01 -1.6485670626E-01  6.6052522259E-02
H19       8.2337941365E-01  9.5137118250E-06  1.6459593273E-01 -1.6486182374E-01  6.6038666312E-02
--------------------------------------------------------------------------------------------------
Total     4.0999554699E+01 -4.0333109226E-04  8.1974703611E+02 -8.2107126915E+02
 
Molecular charge q(Mol) from the wfx file:   4.1000000000E+01
Molecular energy E(Mol) from the wfx file:  -1.6091419043E+03
Molecular virial ratio (-V(Mol)/T(Mol)) from the wfx file:   2.0016154167E+00
Full molecular virial ratio ((-V(Mol)+W(Mol))/T(Mol)) from the wfx file:   2.0016154233E+00
Note.  K_Scaled(A) = (1+V(Mol)/T(Mol))*K(A) = (E(Mol)/T(Mol))*K(A)
       Only use K_Scaled(A) data with caution.
 
N_AIMInt(SumA)     =         44.000445
N_Analytic(Mol)    =         44.000000
 
G_AIMInt(SumA)     =        819.747439
G_Analytic(Mol)    =        819.747038
 
K_AIMInt(SumA)     =        819.747036
K_Analytic(Mol)    =        819.747038
 
L_AIMInt(SumA)     =         -0.000403
L_Analytic(Mol)    =          0.000000
 
VenT_AIMInt(SumA)  =      -2633.400405
VenT_Analytic(Mol) =      -2633.391078
 
Some Information About the Atomic Calculations:
----------------------------------------------
  Time(sec) = "Elapsed User Time", in Seconds, for Atom A by AIMInt and, if used, by TWOe
  NProc = Number of Processors Used for AIMInt Job
  BIM = Basin Integration Method
  OAQ = Angular Quadrature Outside of Beta Sphere
  ORQ = Multiple of Default for Radial Quadrature Outside of Beta Sphere
  IAQ = Multiple of Default for Angular Quadrature Inside of Beta Sphere
  IRQ = Multiple of Default for Radial Quadrature Inside of Beta Sphere
  MIR = Maximum Integration Radius
------------------------------------------------------------------------------------------------------
Atom A     Time(sec)   NProc      BIM              OAQ                 ORQ      IAQ      IRQ      MIR
------------------------------------------------------------------------------------------------------
Mn1          1599        8     Proaim(5)    4334      (Very High)      Auto     Auto     Auto    13.00
O2            684        8     Proaim(5)    4334      (Very High)      Auto     Auto     Auto    13.00
O3            664        8     Proaim(5)    4334      (Very High)      Auto     Auto     Auto    13.00
O4           1035        8     Proaim(5)    4334      (Very High)      Auto     Auto     Auto    13.00
H5            167        8     Proaim(5)    2030      (Very High)      Auto     Auto     Auto    13.00
H6            207        8     Proaim(5)    2030      (Very High)      Auto     Auto     Auto    13.00
H7            185        8     Proaim(5)    2030      (Very High)      Auto     Auto     Auto    13.00
H8            287        8     Proaim(5)    2030      (Very High)      Auto     Auto     Auto    13.00
H9            190        8     Proaim(5)    2030      (Very High)      Auto     Auto     Auto    13.00
H10           157        8     Proaim(5)    2030      (Very High)      Auto     Auto     Auto    13.00
O11           687        8     Proaim(5)    4334      (Very High)      Auto     Auto     Auto    13.00
O12           579        8     Proaim(5)    4334      (Very High)      Auto     Auto     Auto    13.00
O13           511        8     Proaim(5)    4334      (Very High)      Auto     Auto     Auto    13.00
H14           140        8     Proaim(5)    2030      (Very High)      Auto     Auto     Auto    13.00
H15           142        8     Proaim(5)    2030      (Very High)      Auto     Auto     Auto    13.00
H16           145        8     Proaim(5)    2030      (Very High)      Auto     Auto     Auto    13.00
H17           155        8     Proaim(5)    2030      (Very High)      Auto     Auto     Auto    13.00
H18           140        8     Proaim(5)    2030      (Very High)      Auto     Auto     Auto    13.00
H19           133        8     Proaim(5)    2030      (Very High)      Auto     Auto     Auto    13.00
------------------------------------------------------------------------------------------------------
Total        7807
Note:  Total wall clock time is less than total of atomic times if more than one atom
       was calculated at a time
Note:  Total time does not include times for diatomic interaction energy calculations (3706 seconds)
 
Electron Density Critical Point Analysis of Molecular Structure:               
---------------------------------------------------------------                
  NACP = Nuclear Attractor Critical Point                                      
  NNACP = Non-Nuclear Attractor Critical Point                                 
  BCP = Bond Critical Point                                                    
  RCP = Ring Critical Point                                                    
  CCP = Cage Critical Point                                                    
  Rho = Electron Density                                                       
  GradRho = Gradient of Electron Density                                       
  HessRho_EigVals = Eigenvalues of the Hessian of Rho, Ascending Order         
  HessRho_EigVecs = Eigenvectors of the Hessian of Rho                         
  DelSqRho = Laplacian of Rho = Trace of Hessian of Rho                        
  Bond Ellipticity = (HessRho_EigVal(1) / HessRho_EigVal(2)) - 1               
  V = Virial Field = Potential Energy Density = Trace of Stress Tensor         
  G = Lagrangian Form of Kinetic Energy Density                                
  K = Hamiltonian Form of Kinetic Energy Density                               
  L = K - G = Lagrangian Density = (-1/4)DelSqRho                              
  Vnuc = Electrostatic Potential from Nuclei                                   
  Ven = Electron-nuclear attractive contribution to Virial Field V             
  Vrep = V - Ven = Repulsive contribution to Virial Field V                    
  DelSqV = Laplacian of V                                                      
  DelSqVen = Laplacian of Ven                                                  
  DelSqVrep = Laplacian of Vrep                                                
  DelSqG = Laplacian of G                                                      
  DelSqK = Laplacian of K                                                      
  Stress_EigVals = Eigenvalues of Stress Tensor, Ascending Order               
  Stress_EigVecs = Eigenvectors of Stress Tensor                               
  -DivStress = Ehrenfest Force Density = Minus Divergence of Stress Tensor     
  ESP = Total Electrostatic Potential                                          
  ESPe = Electrostatic Potential from Electrons                                
  ESPn = Electrostatic Potential from Nuclei                                   
  BP = Bond Path                                                               
  BPL = Bond Path Length                                                       
  GBL = Geometric Bond Length                                                  
  GBL_I = Distance Between Nuclear Attractors                                  
  GBL_II = Distance Between Nuclei                                             
  GBL_III = Sum of Distances Between BCP and Nuclear Attractors                
  GBL_IV = Sum of Distances Between BCP and Nuclei                             

CP# 1      Coords = -1.72604751863242E-25  3.32870375451906E-25  2.62498794425616E-26
           Type = (3,-3) NACP Mn1
           Rho =  5.1498785870E+03     Rho at Nucleus =  5.1498785870E+03
           GradRho =  2.9403916958E-17 -7.0376573072E-17 -1.8041151381E-18
           HessRho_EigVals = -2.4521177104E+08 -2.4521177095E+08 -2.4521177080E+08
           HessRho_EigVec1 =  8.9812479707E-01 -3.9266668887E-01  1.9795130801E-01
           HessRho_EigVec2 = -7.9727366949E-02  2.9729065428E-01  9.5145247587E-01
           HessRho_EigVec3 =  4.3245276719E-01  8.7030519838E-01 -2.3569782735E-01
           DelSqRho = -7.3563531279E+08
           Bond Ellipticity = NA
           V = -1.8405220958E+08
           G =  7.1690690337E+04
           K =  1.8398051889E+08
           L =  1.8390882820E+08
           Vnuc =  2.5000000138E+09
           Ven = -1.2874696539E+13
           Vrep =  1.2874512486E+13
           DelSqV =  3.2577838497E+14
           DelSqVen =  3.8624089403E+29
           DelSqVrep = -3.8624089403E+29
           DelSqG =  8.7689867377E+12
           DelSqK = -3.3454737171E+14
           Stress_EigVals = -6.1350736534E+07 -6.1350736525E+07 -6.1350736519E+07
           Stress_EigVec1 = -2.3626795079E-01  9.6397864640E-01 -1.2215819548E-01
           Stress_EigVec2 = -1.6517228674E-01  8.4044563903E-02  9.8267727509E-01
           Stress_EigVec3 =  9.5754664175E-01  2.5235229456E-01  1.3936552050E-01
           -DivStress =  1.7741428829E-11 -3.4113595550E-11 -2.7506297829E-12
           ESP =  -5.0563209002E+01     ESP at Nucleus =  -5.0563209002E+01
           ESPe = -6.4374786834E+01     ESPe at Nucleus = -6.4374786834E+01
           ESPn =  1.3811577832E+01     ESPn at Nucleus =  1.3811577832E+01

CP# 2      Coords = -3.17942634672397E-02  4.13783826467398E+00  3.44574376443014E-04
           Type = (3,-3) NACP O2
           Rho =  1.4779885495E+02     Rho at Nucleus =  1.4779884154E+02
           GradRho =  3.8744701891E-13  8.8159035627E-11  6.3713140666E-15
           HessRho_EigVals = -4.1110737922E+05 -4.1110001791E+05 -4.1108932088E+05
           HessRho_EigVec1 = -2.6268949862E-03 -2.1532403412E-04  9.9999652652E-01
           HessRho_EigVec2 = -2.0315112284E-02  9.9979361370E-01  1.6191448999E-04
           HessRho_EigVec3 =  9.9979017580E-01  2.0314616388E-02  2.6307271630E-03
           DelSqRho = -1.2332967180E+06
           Bond Ellipticity = NA
           V = -3.0839437858E+05
           G =  3.5099540078E+01
           K =  3.0835927904E+05
           L =  3.0832417950E+05
           Vnuc =  9.9076776643E+05
           Ven = -1.4643434140E+08
           Vrep =  1.4612594702E+08
           DelSqV =  1.9615588462E+10
           DelSqVen =  1.2219106330E+12
           DelSqVrep = -1.2022950448E+12
           DelSqG =  8.5779180188E+08
           DelSqK = -2.0473380264E+10
           Stress_EigVals = -1.0280038987E+05 -1.0279772403E+05 -1.0279626467E+05
           Stress_EigVec1 =  9.9978267914E-01  2.0680602018E-02  2.6281547508E-03
           Stress_EigVec2 = -2.0681081714E-02  9.9978611147E-01  1.5547374256E-04
           Stress_EigVec3 = -2.6243773280E-03 -2.0979303803E-04  9.9999653431E-01
           -DivStress =  1.3562681568E+03 -5.1545145308E+04 -8.5755452453E+00
           ESP =  -4.1372143080E+00     ESP at Nucleus =  -4.1372074698E+00
           ESPe = -1.9110405552E+01     ESPe at Nucleus = -1.9110414896E+01
           ESPn =  1.4973191244E+01     ESPn at Nucleus =  1.4973207426E+01

CP# 3      Coords = -6.61870805550710E-03 -9.20815574247489E-04  4.13817491851383E+00
           Type = (3,-3) NACP O3
           Rho =  1.4779882639E+02     Rho at Nucleus =  1.4779881299E+02
           GradRho = -2.9445304701E-14  6.9731546926E-15  9.3457075412E-11
           HessRho_EigVals = -4.1110729701E+05 -4.1109993537E+05 -4.1108923837E+05
           HessRho_EigVec1 =  9.9985894962E-01  1.6656996069E-02  2.1506605367E-03
           HessRho_EigVec2 = -2.1496625091E-03 -7.7820912759E-05  9.9999768644E-01
           HessRho_EigVec3 = -1.6657124899E-02  9.9986125959E-01  4.2003016126E-05
           DelSqRho = -1.2332964708E+06
           Bond Ellipticity = NA
           V = -3.0839431649E+05
           G =  3.5099399406E+01
           K =  3.0835921709E+05
           L =  3.0832411769E+05
           Vnuc =  9.9079914197E+05
           Ven = -1.4643895037E+08
           Vrep =  1.4613055606E+08
           DelSqV =  1.9615584533E+10
           DelSqVen =  1.2219490831E+12
           DelSqVrep = -1.2023334991E+12
           DelSqG =  8.5779162291E+08
           DelSqK = -2.0473376156E+10
           Stress_EigVals = -1.0280036919E+05 -1.0279770336E+05 -1.0279624394E+05
           Stress_EigVec1 = -1.6640372166E-02  9.9986153881E-01  3.4983942938E-05
           Stress_EigVec2 = -2.1330694083E-03 -7.0488692022E-05  9.9999772252E-01
           Stress_EigVec3 =  9.9985926411E-01  1.6640259645E-02  2.1339470190E-03
           -DivStress =  1.1063220098E+02 -1.5492461561E+00 -5.1561225049E+04
           ESP =  -4.1374155857E+00     ESP at Nucleus =  -4.1374087469E+00
           ESPe = -1.9110141614E+01     ESPe at Nucleus = -1.9110150959E+01
           ESPn =  1.4972726028E+01     ESPn at Nucleus =  1.4972742212E+01

CP# 4      Coords = -4.13812808357412E+00 -4.35807932303708E-02 -4.32110000818044E-03
           Type = (3,-3) NACP O4
           Rho =  1.4779882032E+02     Rho at Nucleus =  1.4779880692E+02
           GradRho =  6.0090599163E-11 -2.9541473434E-14  5.5122790013E-14
           HessRho_EigVals = -4.1110728545E+05 -4.1109992423E+05 -4.1108922700E+05
           HessRho_EigVec1 = -1.4522280203E-02  9.9989454608E-01  9.5720626084E-06
           HessRho_EigVec2 =  9.9988924044E-01  1.4522171957E-02  3.2578186003E-03
           HessRho_EigVec3 = -3.2573360434E-03 -5.6881956975E-05  9.9999469325E-01
           DelSqRho = -1.2332964367E+06
           Bond Ellipticity = NA
           V = -3.0839430731E+05
           G =  3.5099071572E+01
           K =  3.0835920824E+05
           L =  3.0832410917E+05
           Vnuc =  9.9079848905E+05
           Ven = -1.4643884785E+08
           Vrep =  1.4613045355E+08
           DelSqV =  1.9615583990E+10
           DelSqVen =  1.2219482458E+12
           DelSqVrep = -1.2023326615E+12
           DelSqG =  8.5779160911E+08
           DelSqK = -2.0473375599E+10
           Stress_EigVals = -1.0280036614E+05 -1.0279770025E+05 -1.0279624092E+05
           Stress_EigVec1 = -3.3238222547E-03 -5.7880983326E-05  9.9999447441E-01
           Stress_EigVec2 =  9.9989110544E-01  1.4377976637E-02  3.3243108888E-03
           Stress_EigVec3 = -1.4378089605E-02  9.9989662988E-01  1.0084841677E-05
           -DivStress =  5.1555393250E+04  7.5280392805E+02  2.2370618280E+02
           ESP =  -4.1375697498E+00     ESP at Nucleus =  -4.1375629116E+00
           ESPe = -1.9109924856E+01     ESPe at Nucleus = -1.9109934200E+01
           ESPn =  1.4972355106E+01     ESPn at Nucleus =  1.4972371288E+01

CP# 5      Coords = -5.92447136114815E-02  5.19180373128064E+00  1.42202890832701E+00
           Type = (3,-3) NACP H5
           Rho =  2.0350108561E-01     Rho at Nucleus =  1.9868499103E-01
           GradRho =  1.3674499900E-17 -1.5352302762E-15 -8.0783903872E-16
           HessRho_EigVals = -4.0092840022E+00 -3.9981504254E+00 -3.1355407169E+00
           HessRho_EigVec1 = -1.5535513707E-02  8.1096391064E-01 -5.8488989003E-01
           HessRho_EigVec2 =  9.9976425859E-01  2.1472694859E-02  3.2172367535E-03
           HessRho_EigVec3 = -1.5168225034E-02  5.8470202584E-01  8.1110632221E-01
           DelSqRho = -1.1142975145E+01
           Bond Ellipticity = NA
           V = -2.8161207676E+00
           G =  1.5188490721E-02
           K =  2.8009322769E+00
           L =  2.7857437861E+00
           Vnuc =  3.5494646883E+01
           Ven = -7.2231991742E+00
           Vrep =  4.4070784066E+00
           DelSqV =  6.7718957598E+02
           DelSqVen =  3.9551596798E+02
           DelSqVrep =  2.8167360799E+02
           DelSqG =  5.1996170082E+01
           DelSqK = -7.2918574606E+02
           Stress_EigVals = -1.0151969023E+00 -1.0125172564E+00 -7.8840660888E-01
           Stress_EigVec1 =  9.9976900478E-01  2.1230197432E-02  3.3490006308E-03
           Stress_EigVec2 = -1.5333594243E-02  8.1374194347E-01 -5.8102403592E-01
           Stress_EigVec3 = -1.5060477277E-02  5.8083846993E-01  8.1387950820E-01
           -DivStress = -1.8350877511E-01  7.0795539658E+00  9.9113107928E+00
           ESP =   7.3987078635E+00     ESP at Nucleus =   7.3019106399E+00
           ESPe = -8.9950042260E+00     ESPe at Nucleus = -8.8947176842E+00
           ESPn =  1.6393712090E+01     ESPn at Nucleus =  1.6196628324E+01

CP# 6      Coords = -5.18227556585981E-02  5.19238163089696E+00 -1.42103945497873E+00
           Type = (3,-3) NACP H6
           Rho =  2.0349863980E-01     Rho at Nucleus =  1.9868255892E-01
           GradRho =  1.2170169386E-17 -6.3837823916E-16  6.1409211050E-16
           HessRho_EigVals = -4.0092430586E+00 -3.9981093633E+00 -3.1355033477E+00
           HessRho_EigVec1 = -1.8557278806E-02  8.1072806838E-01  5.8512872648E-01
           HessRho_EigVec2 =  9.9976800542E-01  2.1446877803E-02  1.9916776440E-03
           HessRho_EigVec3 =  1.0934475327E-02 -5.8502993990E-01  8.1093797955E-01
           DelSqRho = -1.1142855770E+01
           Bond Ellipticity = NA
           V = -2.8160904707E+00
           G =  1.5188264177E-02
           K =  2.8009022066E+00
           L =  2.7857139424E+00
           Vnuc =  3.5494312178E+01
           Ven = -7.2230442490E+00
           Vrep =  4.4069537783E+00
           DelSqV =  6.7718205287E+02
           DelSqVen =  3.9550800124E+02
           DelSqVrep =  2.8167405163E+02
           DelSqG =  5.1995683191E+01
           DelSqK = -7.2917773606E+02
           Stress_EigVals = -1.0151864431E+00 -1.0125068304E+00 -7.8839719723E-01
           Stress_EigVec1 =  9.9977262323E-01  2.1240126749E-02  1.8864916501E-03
           Stress_EigVec2 = -1.8379714654E-02  8.1350661874E-01  5.8126514377E-01
           Stress_EigVec3 =  1.0811471885E-02 -5.8116765076E-01  8.1371203370E-01
           -DivStress = -1.3180488424E-01  7.0835056864E+00 -9.9092122365E+00
           ESP =   7.3985981631E+00     ESP at Nucleus =   7.3017994607E+00
           ESPe = -8.9948557633E+00     ESPe at Nucleus = -8.8945673535E+00
           ESPn =  1.6393453926E+01     ESPn at Nucleus =  1.6196366814E+01

CP# 7      Coords =  1.41244603968087E+00  2.25826714658106E-02  5.19572694867141E+00
           Type = (3,-3) NACP H7
           Rho =  2.0350544397E-01     Rho at Nucleus =  1.9868916038E-01
           GradRho = -5.7221480158E-16 -1.1490848962E-17  5.9761223747E-16
           HessRho_EigVals = -4.0093803969E+00 -3.9982461446E+00 -3.1356028352E+00
           HessRho_EigVec1 = -5.8667120123E-01 -9.6340989112E-03  8.0976792094E-01
           HessRho_EigVec2 = -1.6508955616E-02  9.9986371580E-01 -6.4886352180E-05
           HessRho_EigVec3 =  8.0965693725E-01  1.3406489620E-02  5.8675029613E-01
           DelSqRho = -1.1143229377E+01
           Bond Ellipticity = NA
           V = -2.8161862087E+00
           G =  1.5189432273E-02
           K =  2.8009967764E+00
           L =  2.7858073442E+00
           Vnuc =  3.5492655499E+01
           Ven = -7.2229486149E+00
           Vrep =  4.4067624061E+00
           DelSqV =  6.7720419602E+02
           DelSqVen =  3.9550280141E+02
           DelSqVrep =  2.8170139460E+02
           DelSqG =  5.1997451355E+01
           DelSqK = -7.2920164737E+02
           Stress_EigVals = -1.0152218072E+00 -1.0125419917E+00 -7.8842240976E-01
           Stress_EigVec1 = -1.6590496681E-02  9.9986236725E-01  4.4551621925E-05
           Stress_EigVec2 = -5.8281057394E-01 -9.7066532698E-03  8.1255006971E-01
           Stress_EigVec3 =  8.1243866865E-01  1.3454644079E-02  5.8289139831E-01
           -DivStress =  9.8940474686E+00  1.6373192277E-01  7.1047931064E+00
           ESP =   7.3978721126E+00     ESP at Nucleus =   7.3010628759E+00
           ESPe = -8.9940120647E+00     ESPe at Nucleus = -8.8937137986E+00
           ESPn =  1.6391884177E+01     ESPn at Nucleus =  1.6194776675E+01

CP# 8      Coords = -1.43026127978341E+00 -2.44960149311976E-02  5.18960632523540E+00
           Type = (3,-3) NACP H8
           Rho =  2.0349741502E-01     Rho at Nucleus =  1.9868143586E-01
           GradRho =  1.0554708149E-15  1.0513796458E-17 -1.6041855344E-15
           HessRho_EigVals = -4.0092111071E+00 -3.9980767462E+00 -3.1354894315E+00
           HessRho_EigVec1 =  5.8316154467E-01  9.5358335130E-03  8.1230024049E-01
           HessRho_EigVec2 = -1.6486996072E-02  9.9986407539E-01  9.8540827615E-05
           HessRho_EigVec3 =  8.1218888923E-01  1.3449856096E-02 -5.8323949591E-01
           DelSqRho = -1.1142777285E+01
           Bond Ellipticity = NA
           V = -2.8160702418E+00
           G =  1.5187960290E-02
           K =  2.8008822815E+00
           L =  2.7856943212E+00
           Vnuc =  3.5495464389E+01
           Ven = -7.2232352481E+00
           Vrep =  4.4071650063E+00
           DelSqV =  6.7717804919E+02
           DelSqVen =  3.9551805431E+02
           DelSqVrep =  2.8165999488E+02
           DelSqG =  5.1995254449E+01
           DelSqK = -7.2917330364E+02
           Stress_EigVals = -1.0151782082E+00 -1.0124985651E+00 -7.8839346853E-01
           Stress_EigVec1 = -1.6563354101E-02  9.9986281824E-01 -2.6561062832E-06
           Stress_EigVec2 =  5.7928870715E-01  9.5984456167E-03  8.1506592593E-01
           Stress_EigVec3 =  8.1495413925E-01  1.3498686895E-02 -5.7936822175E-01
           -DivStress = -9.9242250002E+00 -1.6425741426E-01  7.0614786918E+00
           ESP =   7.3990634113E+00     ESP at Nucleus =   7.3022773906E+00
           ESPe = -8.9954024545E+00     ESPe at Nucleus = -8.8951281023E+00
           ESPn =  1.6394465866E+01     ESPn at Nucleus =  1.6197405493E+01

CP# 9      Coords = -5.17191496384870E+00 -1.48038516854404E+00 -8.18866389632435E-03
           Type = (3,-3) NACP H9
           Rho =  2.0347902579E-01     Rho at Nucleus =  1.9866412767E-01
           GradRho =  2.1672117226E-15  2.9709985557E-15  9.7705250466E-18
           HessRho_EigVals = -4.0088060546E+00 -3.9976720542E+00 -3.1352711275E+00
           HessRho_EigVec1 =  8.1945824870E-01 -5.7313234872E-01  2.7366908674E-03
           HessRho_EigVec2 = -3.4600543251E-03 -1.7220387740E-04  9.9999399917E-01
           HessRho_EigVec3 =  5.7312843818E-01  8.1946280037E-01  2.1241829499E-03
           DelSqRho = -1.1141749236E+01
           Bond Ellipticity = NA
           V = -2.8158058790E+00
           G =  1.5184284968E-02
           K =  2.8006215941E+00
           L =  2.7854373091E+00
           Vnuc =  3.5503964453E+01
           Ven = -7.2243120984E+00
           Vrep =  4.4085062193E+00
           DelSqV =  6.7712350564E+02
           DelSqVen =  3.9557626883E+02
           DelSqVrep =  2.8154723681E+02
           DelSqG =  5.1990214374E+01
           DelSqK = -7.2911372002E+02
           Stress_EigVals = -1.0150737588E+00 -1.0123945641E+00 -7.8833755614E-01
           Stress_EigVec1 = -3.4223839742E-03 -1.9076804210E-04  9.9999412543E-01
           Stress_EigVec2 =  8.2217662400E-01 -5.6922603655E-01  2.7052298575E-03
           Stress_EigVec3 =  5.6922217652E-01  8.2218105240E-01  2.1049550900E-03
           -DivStress = -6.9367593444E+00 -1.0010763155E+01 -2.5648893742E-02
           ESP =   7.4023616236E+00     ESP at Nucleus =   7.3056458121E+00
           ESPe = -8.9992970308E+00     ESPe at Nucleus = -8.8990959384E+00
           ESPn =  1.6401658654E+01     ESPn at Nucleus =  1.6204741751E+01

CP# 10     Coords = -5.21313159575018E+00  1.36238397973093E+00 -8.16335324212442E-03
           Type = (3,-3) NACP H10
           Rho =  2.0352579023E-01     Rho at Nucleus =  1.9870849094E-01
           GradRho = -5.7343452903E-16  1.2308405163E-16 -4.1801075947E-19
           HessRho_EigVals = -4.0098182734E+00 -3.9986837299E+00 -3.1358603277E+00
           HessRho_EigVec1 =  8.0240784243E-01  5.9676970013E-01  2.7530720835E-03
           HessRho_EigVec2 = -3.4684408337E-03  5.0352097073E-05  9.9999398367E-01
           HessRho_EigVec3 = -5.9676597115E-01  8.0241256375E-01 -2.1102633138E-03
           DelSqRho = -1.1144362331E+01
           Bond Ellipticity = NA
           V = -2.8164777269E+00
           G =  1.5193572047E-02
           K =  2.8012841548E+00
           L =  2.7860905828E+00
           Vnuc =  3.5483885648E+01
           Ven = -7.2218858670E+00
           Vrep =  4.4054081401E+00
           DelSqV =  6.7726655057E+02
           DelSqVen =  3.9544527857E+02
           DelSqVrep =  2.8182127200E+02
           DelSqG =  5.2002962642E+01
           DelSqK = -7.2926951322E+02
           Stress_EigVals = -1.0153348431E+00 -1.0126545246E+00 -7.8848835922E-01
           Stress_EigVec1 = -3.4269908123E-03  7.3218857849E-05  9.9999412517E-01
           Stress_EigVec2 =  8.0523650813E-01  5.9294754284E-01  2.7161391301E-03
           Stress_EigVec3 = -5.9294386050E-01  8.0524108569E-01 -2.0909842789E-03
           -DivStress = -7.2284517492E+00  9.8077690616E+00 -2.5488086770E-02
           ESP =   7.3943513942E+00     ESP at Nucleus =   7.2974741638E+00
           ESPe = -8.9898480220E+00     ESPe at Nucleus = -8.8894803234E+00
           ESPn =  1.6384199416E+01     ESPn at Nucleus =  1.6186954487E+01

CP# 11     Coords =  3.17942634672397E-02 -4.13783826467398E+00 -3.44574376443014E-04
           Type = (3,-3) NACP O11
           Rho =  1.4779885495E+02     Rho at Nucleus =  1.4779884154E+02
           GradRho = -3.8771416633E-13 -8.8160589939E-11 -6.3836197613E-15
           HessRho_EigVals = -4.1110737922E+05 -4.1110001791E+05 -4.1108932088E+05
           HessRho_EigVec1 = -2.6268949862E-03 -2.1532403411E-04  9.9999652652E-01
           HessRho_EigVec2 = -2.0315112285E-02  9.9979361370E-01  1.6191448998E-04
           HessRho_EigVec3 =  9.9979017580E-01  2.0314616388E-02  2.6307271630E-03
           DelSqRho = -1.2332967180E+06
           Bond Ellipticity = NA
           V = -3.0839437858E+05
           G =  3.5099540078E+01
           K =  3.0835927904E+05
           L =  3.0832417950E+05
           Vnuc =  9.9076776643E+05
           Ven = -1.4643434140E+08
           Vrep =  1.4612594702E+08
           DelSqV =  1.9615588462E+10
           DelSqVen =  1.2219106335E+12
           DelSqVrep = -1.2022950448E+12
           DelSqG =  8.5779180188E+08
           DelSqK = -2.0473380264E+10
           Stress_EigVals = -1.0280038987E+05 -1.0279772403E+05 -1.0279626467E+05
           Stress_EigVec1 =  9.9978267914E-01  2.0680602017E-02  2.6281547508E-03
           Stress_EigVec2 = -2.0681081713E-02  9.9978611147E-01  1.5547374257E-04
           Stress_EigVec3 = -2.6243773281E-03 -2.0979303804E-04  9.9999653431E-01
           -DivStress = -1.3562681568E+03  5.1545145308E+04  8.5755452453E+00
           ESP =  -4.1372143080E+00     ESP at Nucleus =  -4.1372074698E+00
           ESPe = -1.9110405552E+01     ESPe at Nucleus = -1.9110414896E+01
           ESPn =  1.4973191244E+01     ESPn at Nucleus =  1.4973207426E+01

CP# 12     Coords =  6.61870805550710E-03  9.20815574247489E-04 -4.13817491851383E+00
           Type = (3,-3) NACP O12
           Rho =  1.4779882639E+02     Rho at Nucleus =  1.4779881299E+02
           GradRho =  3.1312734523E-14 -6.9035489131E-15 -9.3453578209E-11
           HessRho_EigVals = -4.1110729701E+05 -4.1109993537E+05 -4.1108923837E+05
           HessRho_EigVec1 =  9.9985894962E-01  1.6656996069E-02  2.1506605367E-03
           HessRho_EigVec2 = -2.1496625091E-03 -7.7820912758E-05  9.9999768644E-01
           HessRho_EigVec3 = -1.6657124898E-02  9.9986125959E-01  4.2003016125E-05
           DelSqRho = -1.2332964708E+06
           Bond Ellipticity = NA
           V = -3.0839431649E+05
           G =  3.5099399406E+01
           K =  3.0835921709E+05
           L =  3.0832411769E+05
           Vnuc =  9.9079914197E+05
           Ven = -1.4643895037E+08
           Vrep =  1.4613055606E+08
           DelSqV =  1.9615584533E+10
           DelSqVen =  1.2219490836E+12
           DelSqVrep = -1.2023334986E+12
           DelSqG =  8.5779162291E+08
           DelSqK = -2.0473376156E+10
           Stress_EigVals = -1.0280036919E+05 -1.0279770336E+05 -1.0279624394E+05
           Stress_EigVec1 = -1.6640372167E-02  9.9986153881E-01  3.4983942938E-05
           Stress_EigVec2 = -2.1330694083E-03 -7.0488692023E-05  9.9999772252E-01
           Stress_EigVec3 =  9.9985926411E-01  1.6640259645E-02  2.1339470190E-03
           -DivStress = -1.1063220098E+02  1.5492461561E+00  5.1561225049E+04
           ESP =  -4.1374155857E+00     ESP at Nucleus =  -4.1374087469E+00
           ESPe = -1.9110141614E+01     ESPe at Nucleus = -1.9110150959E+01
           ESPn =  1.4972726028E+01     ESPn at Nucleus =  1.4972742212E+01

CP# 13     Coords =  4.13812808357412E+00  4.35807932303708E-02  4.32110000818044E-03
           Type = (3,-3) NACP O13
           Rho =  1.4779882032E+02     Rho at Nucleus =  1.4779880692E+02
           GradRho = -6.0091764897E-11  2.9822498637E-14 -5.5143715115E-14
           HessRho_EigVals = -4.1110728545E+05 -4.1109992423E+05 -4.1108922700E+05
           HessRho_EigVec1 = -1.4522280203E-02  9.9989454608E-01  9.5720626085E-06
           HessRho_EigVec2 =  9.9988924044E-01  1.4522171957E-02  3.2578186003E-03
           HessRho_EigVec3 = -3.2573360434E-03 -5.6881956974E-05  9.9999469325E-01
           DelSqRho = -1.2332964367E+06
           Bond Ellipticity = NA
           V = -3.0839430731E+05
           G =  3.5099071572E+01
           K =  3.0835920824E+05
           L =  3.0832410917E+05
           Vnuc =  9.9079848905E+05
           Ven = -1.4643884785E+08
           Vrep =  1.4613045355E+08
           DelSqV =  1.9615583990E+10
           DelSqVen =  1.2219482455E+12
           DelSqVrep = -1.2023326618E+12
           DelSqG =  8.5779160911E+08
           DelSqK = -2.0473375599E+10
           Stress_EigVals = -1.0280036614E+05 -1.0279770025E+05 -1.0279624092E+05
           Stress_EigVec1 = -3.3238222548E-03 -5.7880983326E-05  9.9999447441E-01
           Stress_EigVec2 =  9.9989110544E-01  1.4377976637E-02  3.3243108888E-03
           Stress_EigVec3 = -1.4378089605E-02  9.9989662988E-01  1.0084841676E-05
           -DivStress = -5.1555393250E+04 -7.5280392805E+02 -2.2370618280E+02
           ESP =  -4.1375697498E+00     ESP at Nucleus =  -4.1375629116E+00
           ESPe = -1.9109924856E+01     ESPe at Nucleus = -1.9109934200E+01
           ESPn =  1.4972355106E+01     ESPn at Nucleus =  1.4972371288E+01

CP# 14     Coords =  5.92447136114815E-02 -5.19180373128064E+00 -1.42202890832701E+00
           Type = (3,-3) NACP H14
           Rho =  2.0350108561E-01     Rho at Nucleus =  1.9868499103E-01
           GradRho = -1.5178830415E-17  1.5386997232E-15  7.9266020830E-16
           HessRho_EigVals = -4.0092840022E+00 -3.9981504254E+00 -3.1355407169E+00
           HessRho_EigVec1 = -1.5535513707E-02  8.1096391064E-01 -5.8488989003E-01
           HessRho_EigVec2 =  9.9976425859E-01  2.1472694859E-02  3.2172367535E-03
           HessRho_EigVec3 = -1.5168225034E-02  5.8470202584E-01  8.1110632221E-01
           DelSqRho = -1.1142975145E+01
           Bond Ellipticity = NA
           V = -2.8161207676E+00
           G =  1.5188490721E-02
           K =  2.8009322769E+00
           L =  2.7857437861E+00
           Vnuc =  3.5494646883E+01
           Ven = -7.2231991742E+00
           Vrep =  4.4070784066E+00
           DelSqV =  6.7718957598E+02
           DelSqVen =  3.9551596798E+02
           DelSqVrep =  2.8167360799E+02
           DelSqG =  5.1996170082E+01
           DelSqK = -7.2918574606E+02
           Stress_EigVals = -1.0151969023E+00 -1.0125172564E+00 -7.8840660888E-01
           Stress_EigVec1 =  9.9976900478E-01  2.1230197432E-02  3.3490006308E-03
           Stress_EigVec2 = -1.5333594243E-02  8.1374194347E-01 -5.8102403592E-01
           Stress_EigVec3 = -1.5060477277E-02  5.8083846993E-01  8.1387950820E-01
           -DivStress =  1.8350877511E-01 -7.0795539658E+00 -9.9113107928E+00
           ESP =   7.3987078635E+00     ESP at Nucleus =   7.3019106399E+00
           ESPe = -8.9950042260E+00     ESPe at Nucleus = -8.8947176842E+00
           ESPn =  1.6393712090E+01     ESPn at Nucleus =  1.6196628324E+01

CP# 15     Coords =  5.18227556585981E-02 -5.19238163089696E+00  1.42103945497873E+00
           Type = (3,-3) NACP H15
           Rho =  2.0349863980E-01     Rho at Nucleus =  1.9868255892E-01
           GradRho = -2.6969529041E-18  5.7592819402E-16 -1.2416283279E-15
           HessRho_EigVals = -4.0092430586E+00 -3.9981093633E+00 -3.1355033477E+00
           HessRho_EigVec1 = -1.8557278806E-02  8.1072806838E-01  5.8512872648E-01
           HessRho_EigVec2 =  9.9976800542E-01  2.1446877803E-02  1.9916776440E-03
           HessRho_EigVec3 =  1.0934475327E-02 -5.8502993990E-01  8.1093797955E-01
           DelSqRho = -1.1142855770E+01
           Bond Ellipticity = NA
           V = -2.8160904707E+00
           G =  1.5188264177E-02
           K =  2.8009022066E+00
           L =  2.7857139424E+00
           Vnuc =  3.5494312178E+01
           Ven = -7.2230442490E+00
           Vrep =  4.4069537783E+00
           DelSqV =  6.7718205287E+02
           DelSqVen =  3.9550800124E+02
           DelSqVrep =  2.8167405163E+02
           DelSqG =  5.1995683191E+01
           DelSqK = -7.2917773606E+02
           Stress_EigVals = -1.0151864431E+00 -1.0125068304E+00 -7.8839719723E-01
           Stress_EigVec1 =  9.9977262323E-01  2.1240126749E-02  1.8864916501E-03
           Stress_EigVec2 = -1.8379714654E-02  8.1350661874E-01  5.8126514377E-01
           Stress_EigVec3 =  1.0811471885E-02 -5.8116765076E-01  8.1371203370E-01
           -DivStress =  1.3180488424E-01 -7.0835056864E+00  9.9092122365E+00
           ESP =   7.3985981631E+00     ESP at Nucleus =   7.3017994607E+00
           ESPe = -8.9948557633E+00     ESPe at Nucleus = -8.8945673535E+00
           ESPn =  1.6393453926E+01     ESPn at Nucleus =  1.6196366814E+01

CP# 16     Coords = -1.41244603968087E+00 -2.25826714658106E-02 -5.19572694867141E+00
           Type = (3,-3) NACP H16
           Rho =  2.0350544397E-01     Rho at Nucleus =  1.9868916038E-01
           GradRho =  8.2507785326E-16  1.2553875311E-17  1.6566609196E-15
           HessRho_EigVals = -4.0093803969E+00 -3.9982461446E+00 -3.1356028352E+00
           HessRho_EigVec1 = -5.8667120123E-01 -9.6340989112E-03  8.0976792094E-01
           HessRho_EigVec2 = -1.6508955616E-02  9.9986371580E-01 -6.4886352180E-05
           HessRho_EigVec3 =  8.0965693725E-01  1.3406489620E-02  5.8675029613E-01
           DelSqRho = -1.1143229377E+01
           Bond Ellipticity = NA
           V = -2.8161862087E+00
           G =  1.5189432273E-02
           K =  2.8009967764E+00
           L =  2.7858073442E+00
