AIMSum (Version 16.05.18, Professional)
Copyright (c) 1997-2016 by Todd A. Keith
AIMSum is a component of the AIMAll package ( http://aim.tkgristmill.com )

TP:  64-bit Linux

Licensed To:  Research Group of Fernando Cortes Guzman, UNAM, fercor@unam.mx

Much of the Quantum Theory of Atoms in Molecules (QTAIM) is described in the book:
  "Atoms in Molecules - A Quantum Theory"
  R.F.W. Bader, Oxford University Press, Oxford, 1990

For additional references see:  http://aim.tkgristmill.com/references.html

Wfx File:  /home/davit_gabo/David/max_int2/Mn26_beta.wfx
Sum File:  /home/davit_gabo/David/max_int2/Mn26_beta.sum

SumViz File:  /home/davit_gabo/David/max_int2/Mn26_beta.sumviz

Wfx Title:   Mn[H2O]6 (2+)                                                                 
 
Total memory allocated for AIMSum =        1.178 Megabytes

Atomic units (a.u.) used throughout, except where stated otherwise

Model:  Unknown
 
Unrestricted, natural orbital wavefunction.
  Number of electrons (from MO Occs)                   =          39.0000000000
  Number of Alpha electrons (from MO Occs)             =           0.0000000000
  Number of Beta electrons (from MO Occs)              =          39.0000000000
  Number of electron pairs (N*(N-1)/2)                 =         741.0000000000
  Number of electron pairs (from Muller 2EDM)          =         741.0000000000
  Number of electron pairs (from Muller 2EDM, no SOSI) =         741.0000000000
 
Nuclear Charges and Cartesian Coordinates:
-------------------------------------------------------------------------------
Atom      Charge                X                  Y                  Z
-------------------------------------------------------------------------------
Mn1       25.0           0.0000000000E+00   0.0000000000E+00   0.0000000000E+00
O2         8.0          -3.1794051067E-02   4.1378301928E+00   3.4457303335E-04
O3         8.0          -6.6186907311E-03  -9.2081581706E-04   4.1381668441E+00
O4         8.0          -4.1381200101E+00  -4.3580675345E-02  -4.3210649741E-03
H5         1.0          -6.0034333957E-02   5.2222420022E+00   1.4646173199E+00
H6         1.0          -5.2390238641E-02   5.2228372026E+00  -1.4636192943E+00
H7         1.0           1.4549592587E+00   2.3286134682E-02   5.2262730269E+00
H8         1.0          -1.4729059718E+00  -2.5201745957E-02   5.2199674604E+00
H9         1.0          -5.2017427573E+00  -1.5234058816E+00  -8.2990782706E-03
H10        1.0          -5.2442060296E+00   1.4045219735E+00  -8.2730513093E-03
O11        8.0           3.1794051067E-02  -4.1378301928E+00  -3.4457303335E-04
O12        8.0           6.6186907311E-03   9.2081581706E-04  -4.1381668441E+00
O13        8.0           4.1381200101E+00   4.3580675345E-02   4.3210649741E-03
H14        1.0           6.0034333957E-02  -5.2222420022E+00  -1.4646173199E+00
H15        1.0           5.2390238641E-02  -5.2228372026E+00   1.4636192943E+00
H16        1.0          -1.4549592587E+00  -2.3286134682E-02  -5.2262730269E+00
H17        1.0           1.4729059718E+00   2.5201745957E-02  -5.2199674604E+00
H18        1.0           5.2017427573E+00   1.5234058816E+00   8.2990782706E-03
H19        1.0           5.2442060296E+00  -1.4045219735E+00   8.2730513093E-03
 
Some Atomic Properties:
----------------------
  q(A) = Net Charge of Atom A
  L(A) = Lagrangian of Atom A = -(1/4) Times Atomic Integral of the Laplacian of the Electron Density
  K(A) = Electronic Kinetic Energy of Atom A (Hamiltonian Form)
  K_Scaled(A) = K(A) * E(Mol)/K(Mol) = Approximation to Virial-Based Total Energy of Atom A.
  |Mu_Intra(A)| = Magnitude of Intraatomic Dipole Moment of Atom A
--------------------------------------------------------------------------------------------------
Atom A          q(A)              L(A)              K(A)          K_Scaled(A)      |Mu_Intra(A)|
--------------------------------------------------------------------------------------------------
Mn1       1.5826897643E+01  3.7068246173E-05  5.5858203189E+02 -5.5948437462E+02  3.4744800891E-06
O2        3.3757038618E+00 -2.1275996019E-05  3.7711778826E+01 -3.7772699062E+01  7.8660162328E-02
O3        3.3756996246E+00 -1.7912313216E-05  3.7711818543E+01 -3.7772738844E+01  7.8645706219E-02
O4        3.3757010574E+00 -2.9709451923E-05  3.7711872435E+01 -3.7772792822E+01  7.8685337005E-02
H5        8.2657609490E-01  9.5686744182E-06  1.6222201901E-01 -1.6248407516E-01  6.4727507132E-02
H6        8.2658374681E-01  1.0125653438E-05  1.6221697251E-01 -1.6247902051E-01  6.4724842063E-02
H7        8.2657936561E-01  9.0942533016E-06  1.6222168788E-01 -1.6248374350E-01  6.4726315876E-02
H8        8.2657622574E-01  9.7048149451E-06  1.6222039645E-01 -1.6248244998E-01  6.4728129135E-02
H9        8.2654114883E-01  1.0542106211E-05  1.6223289202E-01 -1.6249496574E-01  6.4743123991E-02
H10       8.2660267707E-01  1.0933300104E-05  1.6221878798E-01 -1.6248083891E-01  6.4716860639E-02
O11       3.3757029240E+00 -2.1513033601E-05  3.7711779511E+01 -3.7772699748E+01  7.8661615203E-02
O12       3.3756980193E+00 -1.8684094753E-05  3.7711819031E+01 -3.7772739332E+01  7.8648183567E-02
O13       3.3757034083E+00 -2.8775165680E-05  3.7711871674E+01 -3.7772792061E+01  7.8684537843E-02
H14       8.2657710574E-01  1.0180108714E-05  1.6222183513E-01 -1.6248389098E-01  6.4727146938E-02
H15       8.2658370278E-01  9.5315493075E-06  1.6221639316E-01 -1.6247844023E-01  6.4725388416E-02
H16       8.2658114660E-01  1.0363949118E-05  1.6222149720E-01 -1.6248355251E-01  6.4725909157E-02
H17       8.2657719631E-01  1.0699443049E-05  1.6222031837E-01 -1.6248237178E-01  6.4727830053E-02
H18       8.2654124262E-01  1.0684902660E-05  1.6223314752E-01 -1.6249522165E-01  6.4743562692E-02
H19       8.2660075994E-01  9.3486018090E-06  1.6221895422E-01 -1.6248100543E-01  6.4717268058E-02
--------------------------------------------------------------------------------------------------
Total     4.6000026951E+01  1.9975548056E-05  7.8679963681E+02 -7.8807064607E+02
 
Molecular charge q(Mol) from the wfx file:   4.6000000000E+01
Molecular energy E(Mol) from the wfx file:  -1.6091419043E+03
Molecular virial ratio (-V(Mol)/T(Mol)) from the wfx file:   2.0016154167E+00
Full molecular virial ratio ((-V(Mol)+W(Mol))/T(Mol)) from the wfx file:   2.0016154233E+00
Note.  K_Scaled(A) = (1+V(Mol)/T(Mol))*K(A) = (E(Mol)/T(Mol))*K(A)
       Only use K_Scaled(A) data with caution.
 
N_AIMInt(SumA)     =         38.999973
N_Analytic(Mol)    =         39.000000
 
G_AIMInt(SumA)     =        786.799617
G_Analytic(Mol)    =        786.799624
 
K_AIMInt(SumA)     =        786.799637
K_Analytic(Mol)    =        786.799624
 
L_AIMInt(SumA)     =          0.000020
L_Analytic(Mol)    =          0.000000
 
VenT_AIMInt(SumA)  =      -2418.496690
VenT_Analytic(Mol) =      -2418.497164
 
Some Information About the Atomic Calculations:
----------------------------------------------
  Time(sec) = "Elapsed User Time", in Seconds, for Atom A by AIMInt and, if used, by TWOe
  NProc = Number of Processors Used for AIMInt Job
  BIM = Basin Integration Method
  OAQ = Angular Quadrature Outside of Beta Sphere
  ORQ = Multiple of Default for Radial Quadrature Outside of Beta Sphere
  IAQ = Multiple of Default for Angular Quadrature Inside of Beta Sphere
  IRQ = Multiple of Default for Radial Quadrature Inside of Beta Sphere
  MIR = Maximum Integration Radius
------------------------------------------------------------------------------------------------------
Atom A     Time(sec)   NProc      BIM              OAQ                 ORQ      IAQ      IRQ      MIR
------------------------------------------------------------------------------------------------------
Mn1          1451        8     Proaim(5)    4334      (Very High)      Auto     Auto     Auto    13.00
O2            814        8     Proaim(5)    4334      (Very High)      Auto     Auto     Auto    13.00
O3            696        8     Proaim(5)    4334      (Very High)      Auto     Auto     Auto    13.00
O4           1078        8     Proaim(5)    4334      (Very High)      Auto     Auto     Auto    13.00
H5            164        8     Proaim(5)    2030      (Very High)      Auto     Auto     Auto    13.00
H6            173        8     Proaim(5)    2030      (Very High)      Auto     Auto     Auto    13.00
H7            184        8     Proaim(5)    2030      (Very High)      Auto     Auto     Auto    13.00
H8            167        8     Proaim(5)    2030      (Very High)      Auto     Auto     Auto    13.00
H9            164        8     Proaim(5)    2030      (Very High)      Auto     Auto     Auto    13.00
H10           175        8     Proaim(5)    2030      (Very High)      Auto     Auto     Auto    13.00
O11           755        8     Proaim(5)    4334      (Very High)      Auto     Auto     Auto    13.00
O12           648        8     Proaim(5)    4334      (Very High)      Auto     Auto     Auto    13.00
O13           635        8     Proaim(5)    4334      (Very High)      Auto     Auto     Auto    13.00
H14           148        8     Proaim(5)    2030      (Very High)      Auto     Auto     Auto    13.00
H15           147        8     Proaim(5)    2030      (Very High)      Auto     Auto     Auto    13.00
H16           177        8     Proaim(5)    2030      (Very High)      Auto     Auto     Auto    13.00
H17           135        8     Proaim(5)    2030      (Very High)      Auto     Auto     Auto    13.00
H18           135        8     Proaim(5)    2030      (Very High)      Auto     Auto     Auto    13.00
H19           151        8     Proaim(5)    2030      (Very High)      Auto     Auto     Auto    13.00
------------------------------------------------------------------------------------------------------
Total        7997
Note:  Total wall clock time is less than total of atomic times if more than one atom
       was calculated at a time
Note:  Total time does not include times for diatomic interaction energy calculations (3347 seconds)
 
Electron Density Critical Point Analysis of Molecular Structure:               
---------------------------------------------------------------                
  NACP = Nuclear Attractor Critical Point                                      
  NNACP = Non-Nuclear Attractor Critical Point                                 
  BCP = Bond Critical Point                                                    
  RCP = Ring Critical Point                                                    
  CCP = Cage Critical Point                                                    
  Rho = Electron Density                                                       
  GradRho = Gradient of Electron Density                                       
  HessRho_EigVals = Eigenvalues of the Hessian of Rho, Ascending Order         
  HessRho_EigVecs = Eigenvectors of the Hessian of Rho                         
  DelSqRho = Laplacian of Rho = Trace of Hessian of Rho                        
  Bond Ellipticity = (HessRho_EigVal(1) / HessRho_EigVal(2)) - 1               
  V = Virial Field = Potential Energy Density = Trace of Stress Tensor         
  G = Lagrangian Form of Kinetic Energy Density                                
  K = Hamiltonian Form of Kinetic Energy Density                               
  L = K - G = Lagrangian Density = (-1/4)DelSqRho                              
  Vnuc = Electrostatic Potential from Nuclei                                   
  Ven = Electron-nuclear attractive contribution to Virial Field V             
  Vrep = V - Ven = Repulsive contribution to Virial Field V                    
  DelSqV = Laplacian of V                                                      
  DelSqVen = Laplacian of Ven                                                  
  DelSqVrep = Laplacian of Vrep                                                
  DelSqG = Laplacian of G                                                      
  DelSqK = Laplacian of K                                                      
  Stress_EigVals = Eigenvalues of Stress Tensor, Ascending Order               
  Stress_EigVecs = Eigenvectors of Stress Tensor                               
  -DivStress = Ehrenfest Force Density = Minus Divergence of Stress Tensor     
  ESP = Total Electrostatic Potential                                          
  ESPe = Electrostatic Potential from Electrons                                
  ESPn = Electrostatic Potential from Nuclei                                   
  BP = Bond Path                                                               
  BPL = Bond Path Length                                                       
  GBL = Geometric Bond Length                                                  
  GBL_I = Distance Between Nuclear Attractors                                  
  GBL_II = Distance Between Nuclei                                             
  GBL_III = Sum of Distances Between BCP and Nuclear Attractors                
  GBL_IV = Sum of Distances Between BCP and Nuclei                             

CP# 1      Coords =  6.36707732414633E-25  6.13192610501772E-25 -7.40177953016761E-25
           Type = (3,-3) NACP Mn1
           Rho =  5.1514812576E+03     Rho at Nucleus =  5.1514812576E+03
           GradRho =  3.7015366306E-18  2.0554979035E-18 -3.6654695455E-17
           HessRho_EigVals = -2.4530173731E+08 -2.4530173718E+08 -2.4530173704E+08
           HessRho_EigVec1 =  8.2274332321E-01 -5.5470179110E-01  1.2409410564E-01
           HessRho_EigVec2 =  3.9998036765E-03  2.2396118153E-01  9.7458985770E-01
           HessRho_EigVec3 =  5.6839900218E-01  8.0134094624E-01 -1.8648126503E-01
           DelSqRho = -7.3590521153E+08
           Bond Ellipticity = NA
           V = -1.8412006218E+08
           G =  7.1879648434E+04
           K =  1.8404818253E+08
           L =  1.8397630288E+08
           Vnuc =  2.5000000138E+09
           Ven = -1.2878703215E+13
           Vrep =  1.2878519095E+13
           DelSqV =  3.2589858326E+14
           DelSqVen =  3.8636109432E+29
           DelSqVrep = -3.8636109432E+29
           DelSqG =  8.7727724764E+12
           DelSqK = -3.3467135574E+14
           Stress_EigVals = -6.1373354096E+07 -6.1373354059E+07 -6.1373354025E+07
           Stress_EigVec1 =  5.3376829484E-01  8.2296142941E-01 -1.9448879951E-01
           Stress_EigVec2 = -8.3435684747E-03  2.3510671801E-01  9.7193375083E-01
           Stress_EigVec3 =  8.4558961222E-01 -5.1716469026E-01  1.3235894702E-01
           -DivStress = -6.5199975514E-11 -6.2866239297E-11  7.5891531213E-11
           ESP =  -4.4765601770E+01     ESP at Nucleus =  -4.4765601770E+01
           ESPe = -5.8577179603E+01     ESPe at Nucleus = -5.8577179603E+01
           ESPn =  1.3811577832E+01     ESPn at Nucleus =  1.3811577832E+01

CP# 2      Coords = -3.17942519229936E-02  4.13783714884111E+00  3.44574220512583E-04
           Type = (3,-3) NACP O2
           Rho =  1.4771164827E+02     Rho at Nucleus =  1.4771163832E+02
           GradRho = -6.8085120875E-13 -1.5149076438E-10  7.5633943553E-15
           HessRho_EigVals = -4.1085718459E+05 -4.1085094410E+05 -4.1083984881E+05
           HessRho_EigVec1 = -2.6316096402E-03 -2.1765113126E-04  9.9999651362E-01
           HessRho_EigVec2 = -1.9549050117E-02  9.9980888525E-01  1.6616464549E-04
           HessRho_EigVec3 =  9.9980543571E-01  1.9548544681E-02  2.6353615737E-03
           DelSqRho = -1.2325479775E+06
           Bond Ellipticity = NA
           V = -3.0820613615E+05
           G =  3.4570886602E+01
           K =  3.0817156526E+05
           L =  3.0813699438E+05
           Vnuc =  1.1496152650E+06
           Ven = -1.6981156567E+08
           Vrep =  1.6950335954E+08
           DelSqV =  1.9603689749E+10
           DelSqVen =  1.4169559700E+12
           DelSqVrep = -1.3973522808E+12
           DelSqG =  8.5725359564E+08
           DelSqK = -2.0460943345E+10
           Stress_EigVals = -1.0273758798E+05 -1.0273489876E+05 -1.0273364940E+05
           Stress_EigVec1 =  9.9979636483E-01  2.0007359526E-02  2.6333301319E-03
           Stress_EigVec2 = -2.0007838181E-02  9.9979981107E-01  1.5554753777E-04
           Stress_EigVec3 = -2.6296908728E-03 -2.0820310598E-04  9.9999652068E-01
           -DivStress =  1.2817662338E+03 -4.4393206230E+04 -7.5753301929E+00
           ESP =  -2.9111844572E+00     ESP at Nucleus =  -2.9111765920E+00
           ESPe = -1.7884377938E+01     ESPe at Nucleus = -1.7884384018E+01
           ESPn =  1.4973193481E+01     ESPn at Nucleus =  1.4973207426E+01

CP# 3      Coords = -6.61870562867803E-03 -9.20815206840081E-04  4.13817380318514E+00
           Type = (3,-3) NACP O3
           Rho =  1.4771165305E+02     Rho at Nucleus =  1.4771164310E+02
           GradRho = -1.4253789121E-14  1.4932499681E-14  3.0034752463E-11
           HessRho_EigVals = -4.1085719797E+05 -4.1085095644E+05 -4.1083986109E+05
           HessRho_EigVec1 =  9.9985857966E-01  1.6683695138E-02  2.1154198794E-03
           HessRho_EigVec2 = -2.1140593687E-03 -9.9183308287E-05  9.9999776046E-01
           HessRho_EigVec3 = -1.6683867589E-02  9.9986081255E-01  6.3898959737E-05
           DelSqRho = -1.2325480155E+06
           Bond Ellipticity = NA
           V = -3.0820614620E+05
           G =  3.4571162614E+01
           K =  3.0817157504E+05
           L =  3.0813700388E+05
           Vnuc =  1.1495920313E+06
           Ven = -1.6980813928E+08
           Vrep =  1.6949993313E+08
           DelSqV =  1.9603690367E+10
           DelSqVen =  1.4169273795E+12
           DelSqVrep = -1.3973236891E+12
           DelSqG =  8.5725362225E+08
           DelSqK = -2.0460943990E+10
           Stress_EigVals = -1.0273759144E+05 -1.0273490216E+05 -1.0273365259E+05
           Stress_EigVec1 = -1.6670075968E-02  9.9986104310E-01  5.5213660966E-05
           Stress_EigVec2 = -2.0810158593E-03 -8.9916728203E-05  9.9999783064E-01
           Stress_EigVec3 =  9.9985887901E-01  1.6669924904E-02  2.0822256065E-03
           -DivStress =  9.5077204845E+01 -3.8929996677E+00 -4.4412507470E+04
           ESP =  -2.9114668898E+00     ESP at Nucleus =  -2.9114590231E+00
           ESPe = -1.7884195154E+01     ESPe at Nucleus = -1.7884201235E+01
           ESPn =  1.4972728264E+01     ESPn at Nucleus =  1.4972742212E+01

CP# 4      Coords = -4.13812696948062E+00 -4.35807771127711E-02 -4.32109852169222E-03
           Type = (3,-3) NACP O4
           Rho =  1.4771173390E+02     Rho at Nucleus =  1.4771172395E+02
           GradRho = -1.2773004876E-10 -7.8229089873E-14 -1.0523526495E-13
           HessRho_EigVals = -4.1085743645E+05 -4.1085119456E+05 -4.1084009946E+05
           HessRho_EigVec1 = -1.4319826092E-02  9.9989746600E-01  8.5529733661E-06
           HessRho_EigVec2 =  9.9989264309E-01  1.4319730453E-02  3.1060607155E-03
           HessRho_EigVec3 = -3.1056197623E-03 -5.3030304422E-05  9.9999517615E-01
           DelSqRho = -1.2325487305E+06
           Bond Ellipticity = NA
           V = -3.0820632525E+05
           G =  3.4571318655E+01
           K =  3.0817175393E+05
           L =  3.0813718262E+05
           Vnuc =  1.1494051656E+06
           Ven = -1.6978062997E+08
           Vrep =  1.6947242364E+08
           DelSqV =  1.9603701728E+10
           DelSqVen =  1.4166978775E+12
           DelSqVrep = -1.3970941758E+12
           DelSqG =  8.5725414856E+08
           DelSqK = -2.0460955876E+10
           Stress_EigVals = -1.0273765114E+05 -1.0273496186E+05 -1.0273371225E+05
           Stress_EigVec1 = -3.1892468616E-03 -5.4070653736E-05  9.9999491288E-01
           Stress_EigVec2 =  9.9989616370E-01  1.4053031450E-02  3.1896917849E-03
           Stress_EigVec3 = -1.4053132429E-02  9.9990124982E-01  9.2464527934E-06
           -DivStress =  4.4414591312E+04  6.4948686053E+02  2.1408343578E+02
           ESP =  -2.9117012383E+00     ESP at Nucleus =  -2.9116933711E+00
           ESPe = -1.7884058577E+01     ESPe at Nucleus = -1.7884064659E+01
           ESPn =  1.4972357339E+01     ESPn at Nucleus =  1.4972371288E+01

CP# 5      Coords = -5.92383125842245E-02  5.19139542795376E+00  1.42188037450288E+00
           Type = (3,-3) NACP H5
           Rho =  2.0238701078E-01     Rho at Nucleus =  1.9754124497E-01
           GradRho =  4.0522056197E-17  5.6898930012E-16 -1.9532986339E-15
           HessRho_EigVals = -3.9840940755E+00 -3.9725374269E+00 -3.1066498860E+00
           HessRho_EigVec1 = -1.4765750098E-02  8.0898913351E-01 -5.8763811524E-01
           HessRho_EigVec2 =  9.9977565979E-01  2.0870844447E-02  3.6108086987E-03
           HessRho_EigVec3 = -1.5185608695E-02  5.8745296809E-01  8.0911581839E-01
           DelSqRho = -1.1063281388E+01
           Bond Ellipticity = NA
           V = -2.7955297225E+00
           G =  1.4854687689E-02
           K =  2.7806750348E+00
           L =  2.7658203471E+00
           Vnuc =  3.5366246080E+01
           Ven = -7.1576688267E+00
           Vrep =  4.3621391042E+00
           DelSqV =  6.7138097783E+02
           DelSqVen =  3.9126673203E+02
           DelSqVrep =  2.8011424579E+02
           DelSqG =  5.1544023721E+01
           DelSqK = -7.2292500155E+02
           Stress_EigVals = -1.0086419368E+00 -1.0059155743E+00 -7.8097221132E-01
           Stress_EigVec1 =  9.9978060431E-01  2.0611490744E-02  3.7295714658E-03
           Stress_EigVec2 = -1.4540250529E-02  8.1109459050E-01 -5.8473425278E-01
           Stress_EigVec3 = -1.5077279880E-02  5.8455173570E-01  8.1121633608E-01
           -DivStress = -1.8366538509E-01  7.1232405681E+00  9.8734047189E+00
           ESP =   8.3324379326E+00     ESP at Nucleus =   8.2276538712E+00
           ESPe = -8.0629199340E+00     ESPe at Nucleus = -7.9689744529E+00
           ESPn =  1.6395357867E+01     ESPn at Nucleus =  1.6196628324E+01

CP# 6      Coords = -5.18171654800798E-02  5.19197308828987E+00 -1.42089088359115E+00
           Type = (3,-3) NACP H6
           Rho =  2.0238400812E-01     Rho at Nucleus =  1.9753823288E-01
           GradRho =  1.4311468677E-17  2.8102520311E-16  1.8977874827E-15
           HessRho_EigVals = -3.9840390506E+00 -3.9724822098E+00 -3.1065955285E+00
           HessRho_EigVec1 = -1.7794705738E-02  8.0875189592E-01  5.8788070158E-01
           HessRho_EigVec2 =  9.9978157187E-01  2.0839079069E-02  1.5941570545E-03
           HessRho_EigVec3 =  1.0961614883E-02 -5.8778065945E-01  8.0894606704E-01
           DelSqRho = -1.1063116789E+01
           Bond Ellipticity = NA
           V = -2.7954880194E+00
           G =  1.4854411089E-02
           K =  2.7806336083E+00
           L =  2.7657791972E+00
           Vnuc =  3.5365825859E+01
           Ven = -7.1574775879E+00
           Vrep =  4.3619895685E+00
           DelSqV =  6.7137007712E+02
           DelSqVen =  3.9125626181E+02
           DelSqVrep =  2.8011381531E+02
           DelSqG =  5.1543267287E+01
           DelSqK = -7.2291334441E+02
           Stress_EigVals = -1.0086279328E+00 -1.0059016203E+00 -7.8095846631E-01
           Stress_EigVec1 =  9.9978621821E-01  2.0621533396E-02  1.5067284216E-03
           Stress_EigVec2 = -1.7606288582E-02  8.1085726044E-01  5.8497907809E-01
           Stress_EigVec3 =  1.0841423915E-02 -5.8488054811E-01  8.1104698259E-01
           -DivStress = -1.3214957667E-01  7.1271879229E+00 -9.8712877192E+00
           ESP =   8.3322927179E+00     ESP at Nucleus =   8.2275064175E+00
           ESPe = -8.0628079489E+00     ESPe at Nucleus = -7.9688603967E+00
           ESPn =  1.6395100667E+01     ESPn at Nucleus =  1.6196366814E+01

CP# 7      Coords =  1.41229810916771E+00  2.25801920546220E-02  5.19531800426972E+00
           Type = (3,-3) NACP H7
           Rho =  2.0239101681E-01     Rho at Nucleus =  1.9754500122E-01
           GradRho = -1.3079815009E-15 -1.4311468677E-17 -2.5465740627E-15
           HessRho_EigVals = -3.9841755917E+00 -3.9726180785E+00 -3.1066910073E+00
           HessRho_EigVec1 = -5.8941706858E-01 -9.6763427085E-03  8.0777093761E-01
           HessRho_EigVec2 = -1.6507416403E-02  9.9986374102E-01 -6.7752829256E-05
           HessRho_EigVec3 =  8.0766021597E-01  1.3374145900E-02  5.8949648664E-01
           DelSqRho = -1.1063484677E+01
           Bond Ellipticity = NA
           V = -2.7955825127E+00
           G =  1.4855671655E-02
           K =  2.7807268410E+00
           L =  2.7658711694E+00
           Vnuc =  3.5364098266E+01
           Ven = -7.1573758068E+00
           Vrep =  4.3617932941E+00
           DelSqV =  6.7139122634E+02
           DelSqVen =  3.9125015930E+02
           DelSqVrep =  2.8014106705E+02
           DelSqG =  5.1544940169E+01
           DelSqK = -7.2293616651E+02
           Stress_EigVals = -1.0086632300E+00 -1.0059367502E+00 -7.8098253246E-01
           Stress_EigVec1 = -1.6600587021E-02  9.9986219915E-01  5.6764207116E-05
           Stress_EigVec2 = -5.8651703258E-01 -9.7838473319E-03  8.0987779747E-01
           Stress_EigVec3 =  8.0976675099E-01  1.3411153679E-02  5.8659862764E-01
           -DivStress =  9.8560783891E+00  1.6311305154E-01  7.1484141396E+00
           ESP =   8.3314326341E+00     ESP at Nucleus =   8.2266354919E+00
           ESPe = -8.0620988887E+00     ESPe at Nucleus = -7.9681411826E+00
           ESPn =  1.6393531523E+01     ESPn at Nucleus =  1.6194776675E+01

CP# 8      Coords = -1.43011201721415E+00 -2.44933901907912E-02  5.18919850638839E+00
           Type = (3,-3) NACP H8
           Rho =  2.0238346688E-01     Rho at Nucleus =  1.9753784817E-01
           GradRho =  1.6011497683E-15  3.1496073111E-17 -4.1980308119E-16
           HessRho_EigVals = -3.9840240155E+00 -3.9724662123E+00 -3.1066041395E+00
           HessRho_EigVec1 =  5.8591490521E-01  9.5485165355E-03  8.1031632693E-01
           HessRho_EigVec2 = -1.6469274740E-02  9.9986436432E-01  1.2633601102E-04
           HessRho_EigVec3 =  8.1020521280E-01  1.3419344367E-02 -5.8599269138E-01
           DelSqRho = -1.1063094367E+01
           Bond Ellipticity = NA
           V = -2.7954825348E+00
           G =  1.4854471464E-02
           K =  2.7806280633E+00
           L =  2.7657735918E+00
           Vnuc =  3.5367130224E+01
           Ven = -7.1577224283E+00
           Vrep =  4.3622398935E+00
           DelSqV =  6.7137068013E+02
           DelSqVen =  3.9126989917E+02
           DelSqVrep =  2.8010078096E+02
           DelSqG =  5.1543180729E+01
           DelSqK = -7.2291386086E+02
           Stress_EigVals = -1.0086241786E+00 -1.0058977656E+00 -7.8096059054E-01
           Stress_EigVec1 = -1.6562325093E-02  9.9986283528E-01  4.1399248812E-06
           Stress_EigVec2 =  5.8300444791E-01  9.6538700445E-03  8.1241160535E-01
           Stress_EigVec3 =  8.1230013117E-01  1.3457838712E-02 -5.8308437080E-01
           -DivStress = -9.8864059300E+00 -1.6366991696E-01  7.1051909563E+00
           ESP =   8.3328223580E+00     ESP at Nucleus =   8.2280513820E+00
           ESPe = -8.0632884232E+00     ESPe at Nucleus = -7.9693541110E+00
           ESPn =  1.6396110781E+01     ESPn at Nucleus =  1.6197405493E+01

CP# 9      Coords = -5.17151097246627E+00 -1.48023247908295E+00 -8.18778609015558E-03
           Type = (3,-3) NACP H9
           Rho =  2.0236960071E-01     Rho at Nucleus =  1.9752535501E-01
           GradRho =  3.7626152194E-15  4.5042095054E-15  8.9988780316E-18
           HessRho_EigVals = -3.9837310203E+00 -3.9721732057E+00 -3.1065286934E+00
           HessRho_EigVec1 =  8.1751397386E-01 -5.7590291679E-01  2.5947989355E-03
           HessRho_EigVec2 = -3.3459653000E-03 -2.4411936731E-04  9.9999437245E-01
           HessRho_EigVec3 =  5.7589904243E-01  8.1751805536E-01  2.1265221698E-03
           DelSqRho = -1.1062432919E+01
           Bond Ellipticity = NA
           V = -2.7953117088E+00
           G =  1.4851739484E-02
           K =  2.7804599693E+00
           L =  2.7656082298E+00
           Vnuc =  3.5376488115E+01
           Ven = -7.1591257744E+00
           Vrep =  4.3638140656E+00
           DelSqV =  6.7134500715E+02
           DelSqVen =  3.9135002669E+02
           DelSqVrep =  2.7999498046E+02
           DelSqG =  5.1540324093E+01
           DelSqK = -7.2288533125E+02
           Stress_EigVals = -1.0085481933E+00 -1.0058218209E+00 -7.8094169459E-01
           Stress_EigVec1 = -3.3084402045E-03 -2.5799709130E-04  9.9999449382E-01
           Stress_EigVec2 =  8.1957650694E-01 -5.7296402737E-01  2.5637109300E-03
           Stress_EigVec3 =  5.7296021109E-01  8.1958047608E-01  2.1070655788E-03
           -DivStress = -6.9807155384E+00 -9.9734539262E+00 -2.5667739424E-02
           ESP =   8.3366939276E+00     ESP at Nucleus =   8.2320043062E+00
           ESPe = -8.0665999019E+00     ESPe at Nucleus = -7.9727374443E+00
           ESPn =  1.6403293830E+01     ESPn at Nucleus =  1.6204741751E+01

CP# 10     Coords = -5.21271930875891E+00  1.36223962630184E+00 -8.16243738911326E-03
           Type = (3,-3) NACP H10
           Rho =  2.0241028548E-01     Rho at Nucleus =  1.9756294926E-01
           GradRho = -7.8626341549E-16 -6.0194904616E-16 -1.2468324984E-18
           HessRho_EigVals = -3.9845533355E+00 -3.9729958932E+00 -3.1068589627E+00
           HessRho_EigVec1 =  8.0037372007E-01  5.9949568695E-01  2.6133401000E-03
           HessRho_EigVec2 = -3.3584724941E-03  1.2461771475E-04  9.9999435255E-01
           HessRho_EigVec3 = -5.9949197566E-01  8.0037797683E-01 -2.1131305189E-03
           DelSqRho = -1.1064408191E+01
           Bond Ellipticity = NA
           V = -2.7958200938E+00
           G =  1.4859023000E-02
           K =  2.7809610708E+00
           L =  2.7661020478E+00
           Vnuc =  3.5354587863E+01
           Ven = -7.1561322224E+00
           Vrep =  4.3603121285E+00
           DelSqV =  6.7143445534E+02
           DelSqVen =  3.9117759156E+02
           DelSqVrep =  2.8025686378E+02
           DelSqG =  5.1548832818E+01
           DelSqK = -7.2298328815E+02
           Stress_EigVals = -1.0087609260E+00 -1.0060341468E+00 -7.8102502102E-01
           Stress_EigVec1 = -3.3181677597E-03  1.4191765960E-04  9.9999448480E-01
           Stress_EigVec2 =  8.0251359864E-01  5.9662825678E-01  2.5782168833E-03
           Stress_EigVec3 = -5.9662460036E-01  8.0251772757E-01 -2.0936034979E-03
           -DivStress = -7.2718126796E+00  9.7693915047E+00 -2.5515316717E-02
           ESP =   8.3272583480E+00     ESP at Nucleus =   8.2223844783E+00
           ESPe = -8.0585964499E+00     ESPe at Nucleus = -7.9645700088E+00
           ESPn =  1.6385854798E+01     ESPn at Nucleus =  1.6186954487E+01

CP# 11     Coords =  3.17942519229936E-02 -4.13783714884111E+00 -3.44574220512583E-04
           Type = (3,-3) NACP O11
           Rho =  1.4771164827E+02     Rho at Nucleus =  1.4771163832E+02
           GradRho =  6.8062916414E-13  1.5149148602E-10 -7.6258444004E-15
           HessRho_EigVals = -4.1085718459E+05 -4.1085094410E+05 -4.1083984881E+05
           HessRho_EigVec1 = -2.6316096402E-03 -2.1765113126E-04  9.9999651362E-01
           HessRho_EigVec2 = -1.9549050117E-02  9.9980888525E-01  1.6616464549E-04
           HessRho_EigVec3 =  9.9980543571E-01  1.9548544681E-02  2.6353615737E-03
           DelSqRho = -1.2325479775E+06
           Bond Ellipticity = NA
           V = -3.0820613615E+05
           G =  3.4570886602E+01
           K =  3.0817156526E+05
           L =  3.0813699438E+05
           Vnuc =  1.1496152650E+06
           Ven = -1.6981156567E+08
           Vrep =  1.6950335954E+08
           DelSqV =  1.9603689749E+10
           DelSqVen =  1.4169559706E+12
           DelSqVrep = -1.3973522808E+12
           DelSqG =  8.5725359564E+08
           DelSqK = -2.0460943345E+10
           Stress_EigVals = -1.0273758798E+05 -1.0273489876E+05 -1.0273364940E+05
           Stress_EigVec1 =  9.9979636483E-01  2.0007359526E-02  2.6333301319E-03
           Stress_EigVec2 = -2.0007838181E-02  9.9979981107E-01  1.5554753778E-04
           Stress_EigVec3 = -2.6296908729E-03 -2.0820310599E-04  9.9999652068E-01
           -DivStress = -1.2817662338E+03  4.4393206230E+04  7.5753301929E+00
           ESP =  -2.9111844572E+00     ESP at Nucleus =  -2.9111765920E+00
           ESPe = -1.7884377938E+01     ESPe at Nucleus = -1.7884384018E+01
           ESPn =  1.4973193481E+01     ESPn at Nucleus =  1.4973207426E+01

CP# 12     Coords =  6.61870562867803E-03  9.20815206840081E-04 -4.13817380318514E+00
           Type = (3,-3) NACP O12
           Rho =  1.4771165305E+02     Rho at Nucleus =  1.4771164310E+02
           GradRho =  1.4493180961E-14 -1.5182299862E-14 -3.0031310772E-11
           HessRho_EigVals = -4.1085719797E+05 -4.1085095644E+05 -4.1083986109E+05
           HessRho_EigVec1 =  9.9985857966E-01  1.6683695138E-02  2.1154198794E-03
           HessRho_EigVec2 = -2.1140593687E-03 -9.9183308287E-05  9.9999776046E-01
           HessRho_EigVec3 = -1.6683867589E-02  9.9986081255E-01  6.3898959737E-05
           DelSqRho = -1.2325480155E+06
           Bond Ellipticity = NA
           V = -3.0820614620E+05
           G =  3.4571162614E+01
           K =  3.0817157504E+05
           L =  3.0813700388E+05
           Vnuc =  1.1495920313E+06
           Ven = -1.6980813928E+08
           Vrep =  1.6949993313E+08
           DelSqV =  1.9603690367E+10
           DelSqVen =  1.4169273805E+12
           DelSqVrep = -1.3973236891E+12
           DelSqG =  8.5725362225E+08
           DelSqK = -2.0460943990E+10
           Stress_EigVals = -1.0273759144E+05 -1.0273490216E+05 -1.0273365259E+05
           Stress_EigVec1 = -1.6670075968E-02  9.9986104310E-01  5.5213660966E-05
           Stress_EigVec2 = -2.0810158593E-03 -8.9916728203E-05  9.9999783064E-01
           Stress_EigVec3 =  9.9985887901E-01  1.6669924904E-02  2.0822256065E-03
           -DivStress = -9.5077204845E+01  3.8929996677E+00  4.4412507470E+04
           ESP =  -2.9114668898E+00     ESP at Nucleus =  -2.9114590231E+00
           ESPe = -1.7884195154E+01     ESPe at Nucleus = -1.7884201235E+01
           ESPn =  1.4972728264E+01     ESPn at Nucleus =  1.4972742212E+01

CP# 13     Coords =  4.13812696948062E+00  4.35807771127711E-02  4.32109852169222E-03
           Type = (3,-3) NACP O13
           Rho =  1.4771173390E+02     Rho at Nucleus =  1.4771172395E+02
           GradRho =  1.2772982672E-10  7.7791939557E-14  1.0520750937E-13
           HessRho_EigVals = -4.1085743645E+05 -4.1085119456E+05 -4.1084009946E+05
           HessRho_EigVec1 = -1.4319826092E-02  9.9989746600E-01  8.5529733658E-06
           HessRho_EigVec2 =  9.9989264309E-01  1.4319730453E-02  3.1060607155E-03
           HessRho_EigVec3 = -3.1056197624E-03 -5.3030304422E-05  9.9999517615E-01
           DelSqRho = -1.2325487305E+06
           Bond Ellipticity = NA
           V = -3.0820632525E+05
           G =  3.4571318655E+01
           K =  3.0817175393E+05
           L =  3.0813718262E+05
           Vnuc =  1.1494051656E+06
           Ven = -1.6978062997E+08
           Vrep =  1.6947242364E+08
           DelSqV =  1.9603701728E+10
           DelSqVen =  1.4166978775E+12
           DelSqVrep = -1.3970941758E+12
           DelSqG =  8.5725414856E+08
           DelSqK = -2.0460955876E+10
           Stress_EigVals = -1.0273765114E+05 -1.0273496186E+05 -1.0273371225E+05
           Stress_EigVec1 = -3.1892468616E-03 -5.4070653736E-05  9.9999491288E-01
           Stress_EigVec2 =  9.9989616370E-01  1.4053031449E-02  3.1896917849E-03
           Stress_EigVec3 = -1.4053132429E-02  9.9990124982E-01  9.2464527936E-06
           -DivStress = -4.4414591312E+04 -6.4948686053E+02 -2.1408343578E+02
           ESP =  -2.9117012383E+00     ESP at Nucleus =  -2.9116933711E+00
           ESPe = -1.7884058577E+01     ESPe at Nucleus = -1.7884064659E+01
           ESPn =  1.4972357339E+01     ESPn at Nucleus =  1.4972371288E+01

CP# 14     Coords =  5.92383125842245E-02 -5.19139542795376E+00 -1.42188037450288E+00
           Type = (3,-3) NACP H14
           Rho =  2.0238701078E-01     Rho at Nucleus =  1.9754124497E-01
           GradRho = -3.9437854024E-17 -5.6378512969E-16  1.9532986339E-15
           HessRho_EigVals = -3.9840940755E+00 -3.9725374269E+00 -3.1066498860E+00
           HessRho_EigVec1 = -1.4765750098E-02  8.0898913351E-01 -5.8763811524E-01
           HessRho_EigVec2 =  9.9977565979E-01  2.0870844447E-02  3.6108086987E-03
           HessRho_EigVec3 = -1.5185608695E-02  5.8745296809E-01  8.0911581839E-01
           DelSqRho = -1.1063281388E+01
           Bond Ellipticity = NA
           V = -2.7955297225E+00
           G =  1.4854687689E-02
           K =  2.7806750348E+00
           L =  2.7658203471E+00
           Vnuc =  3.5366246080E+01
           Ven = -7.1576688267E+00
           Vrep =  4.3621391042E+00
           DelSqV =  6.7138097783E+02
           DelSqVen =  3.9126673203E+02
           DelSqVrep =  2.8011424579E+02
           DelSqG =  5.1544023721E+01
           DelSqK = -7.2292500155E+02
           Stress_EigVals = -1.0086419368E+00 -1.0059155743E+00 -7.8097221132E-01
           Stress_EigVec1 =  9.9978060431E-01  2.0611490744E-02  3.7295714658E-03
           Stress_EigVec2 = -1.4540250529E-02  8.1109459050E-01 -5.8473425278E-01
           Stress_EigVec3 = -1.5077279880E-02  5.8455173570E-01  8.1121633608E-01
           -DivStress =  1.8366538509E-01 -7.1232405681E+00 -9.8734047189E+00
           ESP =   8.3324379326E+00     ESP at Nucleus =   8.2276538712E+00
           ESPe = -8.0629199340E+00     ESPe at Nucleus = -7.9689744529E+00
           ESPn =  1.6395357867E+01     ESPn at Nucleus =  1.6196628324E+01

CP# 15     Coords =  5.18171654800798E-02 -5.19197308828987E+00  1.42089088359115E+00
           Type = (3,-3) NACP H15
           Rho =  2.0238400812E-01     Rho at Nucleus =  1.9753823288E-01
           GradRho = -1.3335686722E-17 -2.9143354396E-16 -1.8769708010E-15
           HessRho_EigVals = -3.9840390506E+00 -3.9724822098E+00 -3.1065955285E+00
           HessRho_EigVec1 = -1.7794705738E-02  8.0875189592E-01  5.8788070158E-01
           HessRho_EigVec2 =  9.9978157187E-01  2.0839079069E-02  1.5941570545E-03
           HessRho_EigVec3 =  1.0961614883E-02 -5.8778065945E-01  8.0894606704E-01
           DelSqRho = -1.1063116789E+01
           Bond Ellipticity = NA
           V = -2.7954880194E+00
           G =  1.4854411089E-02
           K =  2.7806336083E+00
           L =  2.7657791972E+00
           Vnuc =  3.5365825859E+01
           Ven = -7.1574775879E+00
           Vrep =  4.3619895685E+00
           DelSqV =  6.7137007712E+02
           DelSqVen =  3.9125626181E+02
           DelSqVrep =  2.8011381531E+02
           DelSqG =  5.1543267287E+01
           DelSqK = -7.2291334441E+02
           Stress_EigVals = -1.0086279328E+00 -1.0059016203E+00 -7.8095846631E-01
           Stress_EigVec1 =  9.9978621821E-01  2.0621533396E-02  1.5067284216E-03
           Stress_EigVec2 = -1.7606288582E-02  8.1085726044E-01  5.8497907809E-01
           Stress_EigVec3 =  1.0841423915E-02 -5.8488054811E-01  8.1104698259E-01
           -DivStress =  1.3214957667E-01 -7.1271879229E+00  9.8712877192E+00
           ESP =   8.3322927179E+00     ESP at Nucleus =   8.2275064175E+00
           ESPe = -8.0628079489E+00     ESPe at Nucleus = -7.9688603967E+00
           ESPn =  1.6395100667E+01     ESPn at Nucleus =  1.6196366814E+01

CP# 16     Coords = -1.41229810916771E+00 -2.25801920546220E-02 -5.19531800426971E+00
           Type = (3,-3) NACP H16
           Rho =  2.0239101681E-01     Rho at Nucleus =  1.9754500122E-01
           GradRho =  1.4068607390E-15  1.8106176281E-17 -7.2945122165E-16
           HessRho_EigVals = -3.9841755917E+00 -3.9726180785E+00 -3.1066910073E+00
           HessRho_EigVec1 = -5.8941706858E-01 -9.6763427085E-03  8.0777093761E-01
           HessRho_EigVec2 = -1.6507416403E-02  9.9986374102E-01 -6.7752829257E-05
           HessRho_EigVec3 =  8.0766021597E-01  1.3374145900E-02  5.8949648664E-01
           DelSqRho = -1.1063484677E+01
           Bond Ellipticity = NA
           V = -2.7955825127E+00
           G =  1.4855671655E-02
           K =  2.7807268410E+00
           L =  2.7658711694E+00
