AIMSum (Version 16.05.18, Professional)
Copyright (c) 1997-2016 by Todd A. Keith
AIMSum is a component of the AIMAll package ( http://aim.tkgristmill.com )

TP:  64-bit Linux

Licensed To:  Research Group of Fernando Cortes Guzman, UNAM, fercor@unam.mx

Much of the Quantum Theory of Atoms in Molecules (QTAIM) is described in the book:
  "Atoms in Molecules - A Quantum Theory"
  R.F.W. Bader, Oxford University Press, Oxford, 1990

For additional references see:  http://aim.tkgristmill.com/references.html

Wfx File:  /home/davit_gabo/David/max_int2/Mn26.wfx
Sum File:  /home/davit_gabo/David/max_int2/Mn26.sum

SumViz File:  /home/davit_gabo/David/max_int2/Mn26.sumviz

Wfx Title:   Mn[H2O]6 (2+)                                                                 
 
Total memory allocated for AIMSum =        1.178 Megabytes

Atomic units (a.u.) used throughout, except where stated otherwise

Model:  Unrestricted SCF
 
Unrestricted, single-determinant wavefunction.
  Number of electrons (from MO Occs)                   =          83.0000000000
  Number of Alpha electrons (from MO Occs)             =          44.0000000000
  Number of Beta electrons (from MO Occs)              =          39.0000000000
  Number of electron pairs (N*(N-1)/2)                 =        3403.0000000000
  Number of electron pairs (from Muller 2EDM)          =        3403.0000000000
 
Nuclear Charges and Cartesian Coordinates:
-------------------------------------------------------------------------------
Atom      Charge                X                  Y                  Z
-------------------------------------------------------------------------------
Mn1       25.0           0.0000000000E+00   0.0000000000E+00   0.0000000000E+00
O2         8.0          -3.1794051067E-02   4.1378301928E+00   3.4457303335E-04
O3         8.0          -6.6186907311E-03  -9.2081581706E-04   4.1381668441E+00
O4         8.0          -4.1381200101E+00  -4.3580675345E-02  -4.3210649741E-03
H5         1.0          -6.0034333957E-02   5.2222420022E+00   1.4646173199E+00
H6         1.0          -5.2390238641E-02   5.2228372026E+00  -1.4636192943E+00
H7         1.0           1.4549592587E+00   2.3286134682E-02   5.2262730269E+00
H8         1.0          -1.4729059718E+00  -2.5201745957E-02   5.2199674604E+00
H9         1.0          -5.2017427573E+00  -1.5234058816E+00  -8.2990782706E-03
H10        1.0          -5.2442060296E+00   1.4045219735E+00  -8.2730513093E-03
O11        8.0           3.1794051067E-02  -4.1378301928E+00  -3.4457303335E-04
O12        8.0           6.6186907311E-03   9.2081581706E-04  -4.1381668441E+00
O13        8.0           4.1381200101E+00   4.3580675345E-02   4.3210649741E-03
H14        1.0           6.0034333957E-02  -5.2222420022E+00  -1.4646173199E+00
H15        1.0           5.2390238641E-02  -5.2228372026E+00   1.4636192943E+00
H16        1.0          -1.4549592587E+00  -2.3286134682E-02  -5.2262730269E+00
H17        1.0           1.4729059718E+00   2.5201745957E-02  -5.2199674604E+00
H18        1.0           5.2017427573E+00   1.5234058816E+00   8.2990782706E-03
H19        1.0           5.2442060296E+00  -1.4045219735E+00   8.2730513093E-03
 
Some Atomic Properties:
----------------------
  q(A) = Net Charge of Atom A
  L(A) = Lagrangian of Atom A = -(1/4) Times Atomic Integral of the Laplacian of the Electron Density
  K(A) = Electronic Kinetic Energy of Atom A (Hamiltonian Form)
  K_Scaled(A) = K(A) * E(Mol)/K(Mol) = Approximation to Virial-Based Total Energy of Atom A.
  |Mu_Intra(A)| = Magnitude of Intraatomic Dipole Moment of Atom A
--------------------------------------------------------------------------------------------------
Atom A          q(A)              L(A)              K(A)          K_Scaled(A)      |Mu_Intra(A)|
--------------------------------------------------------------------------------------------------
Mn1       1.6618276170E+00 -7.0702770515E-04  1.1493522260E+03 -1.1512089088E+03  1.7994352049E-05
O2       -1.2436498483E+00 -2.8601276257E-05  7.5545449855E+01 -7.5667487234E+01  2.2859751028E-01
O3       -1.2436451238E+00 -7.7571732716E-06  7.5545455896E+01 -7.5667493285E+01  2.2856288238E-01
O4       -1.2436555362E+00 -4.3116518688E-05  7.5545442132E+01 -7.5667479500E+01  2.2857444457E-01
H5        6.4994086340E-01  1.7260257104E-05  3.2681239580E-01 -3.2734033400E-01  1.3077240405E-01
H6        6.4995426919E-01  1.8452367930E-05  3.2680353593E-01 -3.2733145981E-01  1.3076764670E-01
H7        6.4994582104E-01  1.6686348145E-05  3.2681303859E-01 -3.2734097782E-01  1.3077088400E-01
H8        6.4994079469E-01  1.6524066996E-05  3.2680838409E-01 -3.2733631580E-01  1.3077347556E-01
H9        6.4988469767E-01  1.6838230504E-05  3.2682288472E-01 -3.2735083986E-01  1.3079728621E-01
H10       6.4997894127E-01  1.6542570534E-05  3.2681364221E-01 -3.2734158242E-01  1.3075658352E-01
O11      -1.2436462504E+00 -2.6078645488E-05  7.5545449201E+01 -7.5667486579E+01  2.2859316559E-01
O12      -1.2436417158E+00 -4.9463269056E-06  7.5545455442E+01 -7.5667492831E+01  2.2856208019E-01
O13      -1.2436562110E+00 -4.2946520496E-05  7.5545443208E+01 -7.5667480577E+01  2.2858159986E-01
H14       6.4993939063E-01  1.6278093722E-05  3.2681277927E-01 -3.2734071809E-01  1.3077241676E-01
H15       6.4995154815E-01  1.6037784030E-05  3.2680351306E-01 -3.2733143690E-01  1.3076877454E-01
H16       6.4994522257E-01  1.6451456069E-05  3.2681341577E-01 -3.2734135562E-01  1.3077069218E-01
H17       6.4994008973E-01  1.6509501388E-05  3.2680892329E-01 -3.2733685588E-01  1.3077352520E-01
H18       6.4988737920E-01  1.8571181764E-05  3.2682233340E-01 -3.2735028765E-01  1.3079723641E-01
H19       6.4998055543E-01  1.7295867426E-05  3.2681290027E-01 -3.2734083928E-01  1.3075627190E-01
--------------------------------------------------------------------------------------------------
Total     1.9992225045E+00 -6.5702644064E-04  1.6065466695E+03 -1.6091419118E+03
 
Molecular charge q(Mol) from the wfx file:   2.0000000000E+00
Molecular energy E(Mol) from the wfx file:  -1.6091419043E+03
Molecular virial ratio (-V(Mol)/T(Mol)) from the wfx file:   2.0016154167E+00
Full molecular virial ratio ((-V(Mol)+W(Mol))/T(Mol)) from the wfx file:   2.0016154233E+00
Note.  K_Scaled(A) = (1+V(Mol)/T(Mol))*K(A) = (E(Mol)/T(Mol))*K(A)
       Only use K_Scaled(A) data with caution.
 
N_AIMInt(SumA)     =         83.000777
N_Analytic(Mol)    =         83.000000
 
G_AIMInt(SumA)     =       1606.547327
G_Analytic(Mol)    =       1606.546662
 
K_AIMInt(SumA)     =       1606.546669
K_Analytic(Mol)    =       1606.546662
 
L_AIMInt(SumA)     =         -0.000657
L_Analytic(Mol)    =          0.000000
 
VenT_AIMInt(SumA)  =      -5051.905303
VenT_Analytic(Mol) =      -5051.888242
 
Some Information About the Atomic Calculations:
----------------------------------------------
  Time(sec) = "Elapsed User Time", in Seconds, for Atom A by AIMInt and, if used, by TWOe
  NProc = Number of Processors Used for AIMInt Job
  BIM = Basin Integration Method
  OAQ = Angular Quadrature Outside of Beta Sphere
  ORQ = Multiple of Default for Radial Quadrature Outside of Beta Sphere
  IAQ = Multiple of Default for Angular Quadrature Inside of Beta Sphere
  IRQ = Multiple of Default for Radial Quadrature Inside of Beta Sphere
  MIR = Maximum Integration Radius
------------------------------------------------------------------------------------------------------
Atom A     Time(sec)   NProc      BIM              OAQ                 ORQ      IAQ      IRQ      MIR
------------------------------------------------------------------------------------------------------
Mn1          1727        8     Proaim(5)    4334      (Very High)      Auto     Auto     Auto    13.00
O2            977        8     Proaim(5)    4334      (Very High)      Auto     Auto     Auto    13.00
O3            801        8     Proaim(5)    4334      (Very High)      Auto     Auto     Auto    13.00
O4            784        8     Proaim(5)    4334      (Very High)      Auto     Auto     Auto    13.00
H5            208        8     Proaim(5)    2030      (Very High)      Auto     Auto     Auto    13.00
H6            257        8     Proaim(5)    2030      (Very High)      Auto     Auto     Auto    13.00
H7            184        8     Proaim(5)    2030      (Very High)      Auto     Auto     Auto    13.00
H8            181        8     Proaim(5)    2030      (Very High)      Auto     Auto     Auto    13.00
H9            198        8     Proaim(5)    2030      (Very High)      Auto     Auto     Auto    13.00
H10           213        8     Proaim(5)    2030      (Very High)      Auto     Auto     Auto    13.00
O11           742        8     Proaim(5)    4334      (Very High)      Auto     Auto     Auto    13.00
O12           803        8     Proaim(5)    4334      (Very High)      Auto     Auto     Auto    13.00
O13           758        8     Proaim(5)    4334      (Very High)      Auto     Auto     Auto    13.00
H14           227        8     Proaim(5)    2030      (Very High)      Auto     Auto     Auto    13.00
H15           207        8     Proaim(5)    2030      (Very High)      Auto     Auto     Auto    13.00
H16           222        8     Proaim(5)    2030      (Very High)      Auto     Auto     Auto    13.00
H17           215        8     Proaim(5)    2030      (Very High)      Auto     Auto     Auto    13.00
H18           185        8     Proaim(5)    2030      (Very High)      Auto     Auto     Auto    13.00
H19           208        8     Proaim(5)    2030      (Very High)      Auto     Auto     Auto    13.00
------------------------------------------------------------------------------------------------------
Total        9097
Note:  Total wall clock time is less than total of atomic times if more than one atom
       was calculated at a time
Note:  Total time does not include times for diatomic interaction energy calculations (9109 seconds)
 
Electron Density Critical Point Analysis of Molecular Structure:               
---------------------------------------------------------------                
  NACP = Nuclear Attractor Critical Point                                      
  NNACP = Non-Nuclear Attractor Critical Point                                 
  BCP = Bond Critical Point                                                    
  RCP = Ring Critical Point                                                    
  CCP = Cage Critical Point                                                    
  Rho = Electron Density                                                       
  GradRho = Gradient of Electron Density                                       
  HessRho_EigVals = Eigenvalues of the Hessian of Rho, Ascending Order         
  HessRho_EigVecs = Eigenvectors of the Hessian of Rho                         
  DelSqRho = Laplacian of Rho = Trace of Hessian of Rho                        
  Bond Ellipticity = (HessRho_EigVal(1) / HessRho_EigVal(2)) - 1               
  V = Virial Field = Potential Energy Density = Trace of Stress Tensor         
  G = Lagrangian Form of Kinetic Energy Density                                
  K = Hamiltonian Form of Kinetic Energy Density                               
  L = K - G = Lagrangian Density = (-1/4)DelSqRho                              
  Vnuc = Electrostatic Potential from Nuclei                                   
  Ven = Electron-nuclear attractive contribution to Virial Field V             
  Vrep = V - Ven = Repulsive contribution to Virial Field V                    
  DelSqV = Laplacian of V                                                      
  DelSqVen = Laplacian of Ven                                                  
  DelSqVrep = Laplacian of Vrep                                                
  DelSqG = Laplacian of G                                                      
  DelSqK = Laplacian of K                                                      
  Stress_EigVals = Eigenvalues of Stress Tensor, Ascending Order               
  Stress_EigVecs = Eigenvectors of Stress Tensor                               
  -DivStress = Ehrenfest Force Density = Minus Divergence of Stress Tensor     
  ESP = Total Electrostatic Potential                                          
  ESPe = Electrostatic Potential from Electrons                                
  ESPn = Electrostatic Potential from Nuclei                                   
  BP = Bond Path                                                               
  BPL = Bond Path Length                                                       
  GBL = Geometric Bond Length                                                  
  GBL_I = Distance Between Nuclear Attractors                                  
  GBL_II = Distance Between Nuclei                                             
  GBL_III = Sum of Distances Between BCP and Nuclear Attractors                
  GBL_IV = Sum of Distances Between BCP and Nuclei                             

CP# 1      Coords =  3.08429585127556E-25  2.85380016012131E-25 -2.54294039502798E-25
           Type = (3,-3) NACP Mn1
           Rho =  1.0301359845E+04     Rho at Nucleus =  1.0301359845E+04
           GradRho = -2.2686765523E-17  4.7637148078E-19 -1.0226266682E-16
           HessRho_EigVals = -4.9051350835E+08 -4.9051350813E+08 -4.9051350784E+08
           HessRho_EigVec1 =  8.6264381081E-01 -4.8217433930E-01  1.5281872330E-01
           HessRho_EigVec2 = -2.4051608894E-02  2.6268161360E-01  9.6458275435E-01
           HessRho_EigVec3 =  5.0523972111E-01  8.3576687922E-01 -2.1500359956E-01
           DelSqRho = -1.4715405243E+09
           Bond Ellipticity = NA
           V = -3.6817227176E+08
           G =  1.4357033877E+05
           K =  3.6802870142E+08
           L =  3.6788513108E+08
           Vnuc =  2.5000000138E+09
           Ven = -2.5753399754E+13
           Vrep =  2.5753031581E+13
           DelSqV =  6.5167696824E+14
           DelSqVen =  7.7260198835E+29
           DelSqVrep = -7.7260198835E+29
           DelSqG =  1.7541759214E+13
           DelSqK = -6.6921872745E+14
           Stress_EigVals = -1.2272409062E+08 -1.2272409058E+08 -1.2272409055E+08
           Stress_EigVec1 =  4.4258478293E-01  8.7341301912E-01 -2.0314627229E-01
           Stress_EigVec2 = -5.1583302776E-02  2.5096423838E-01  9.6662097739E-01
           Stress_EigVec3 =  8.9524179571E-01 -4.1733277978E-01  1.5612648118E-01
           -DivStress = -6.3112037324E-11 -5.8557108826E-11  5.2056568025E-11
           ESP =  -1.0914038860E+02     ESP at Nucleus =  -1.0914038860E+02
           ESPe = -1.2295196644E+02     ESPe at Nucleus = -1.2295196644E+02
           ESPn =  1.3811577832E+01     ESPn at Nucleus =  1.3811577832E+01

CP# 2      Coords = -3.17942576968695E-02  4.13783770692665E+00  3.44574298501396E-04
           Type = (3,-3) NACP O2
           Rho =  2.9551050309E+02     Rho at Nucleus =  2.9551047987E+02
           GradRho =  2.5583424268E-12  3.0639268900E-10 -1.6597834218E-14
           HessRho_EigVals = -8.2196456520E+05 -8.2195096620E+05 -8.2192917109E+05
           HessRho_EigVec1 = -2.6292051679E-03 -2.1640335115E-04  9.9999652022E-01
           HessRho_EigVec2 = -1.9923852175E-02  9.9980148691E-01  1.6397706775E-04
           HessRho_EigVec3 =  9.9979804330E-01  1.9923351715E-02  2.6329948247E-03
           DelSqRho = -2.4658447025E+06
           Bond Ellipticity = NA
           V = -6.1660051666E+05
           G =  6.9670518731E+01
           K =  6.1653084614E+05
           L =  6.1646117562E+05
           Vnuc =  1.0642739639E+06
           Ven = -3.1450413450E+08
           Vrep =  3.1388753399E+08
           DelSqV =  3.9219278438E+10
           DelSqVen =  2.6243343206E+12
           DelSqVrep = -2.5851150422E+12
           DelSqG =  1.7150454084E+09
           DelSqK = -4.0934323847E+10
           Stress_EigVals = -2.0553797821E+05 -2.0553262403E+05 -2.0552991443E+05
           Stress_EigVec1 =  9.9978957516E-01  2.0344161752E-02  2.6306813799E-03
           Stress_EigVec2 = -2.0344641047E-02  9.9979301427E-01  1.5555959241E-04
           Stress_EigVec3 = -2.6269721369E-03 -2.0904712719E-04  9.9999652765E-01
           -DivStress =  2.6380344837E+03 -9.5938356242E+04 -1.6150875700E+01
           ESP =  -2.2021591286E+01     ESP at Nucleus =  -2.2021591488E+01
           ESPe = -3.6994783647E+01     ESPe at Nucleus = -3.6994798914E+01
           ESPn =  1.4973192362E+01     ESPn at Nucleus =  1.4973207426E+01

CP# 3      Coords = -6.61870684246009E-03 -9.20815390599341E-04  4.13817436101845E+00
           Type = (3,-3) NACP O3
           Rho =  2.9551047932E+02     Rho at Nucleus =  2.9551045610E+02
           GradRho = -1.5535663034E-13  9.5479180118E-15  2.2004886802E-10
           HessRho_EigVals = -8.2196449638E+05 -8.2195089600E+05 -8.2192910085E+05
           HessRho_EigVec1 =  9.9985876635E-01  1.6670073179E-02  2.1344818763E-03
           HessRho_EigVec2 = -2.1332987034E-03 -8.8757920101E-05  9.9999772058E-01
           HessRho_EigVec3 = -1.6670224633E-02  9.9986104074E-01  5.3183138998E-05
           DelSqRho = -2.4658444932E+06
           Bond Ellipticity = NA
           V = -6.1660046462E+05
           G =  6.9670653978E+01
           K =  6.1653079396E+05
           L =  6.1646112331E+05
           Vnuc =  1.0642812604E+06
           Ven = -3.1450626539E+08
           Vrep =  3.1388966492E+08
           DelSqV =  3.9219275127E+10
           DelSqVen =  2.6243520881E+12
           DelSqVrep = -2.5851328129E+12
           DelSqG =  1.7150452560E+09
           DelSqK = -4.0934320383E+10
           Stress_EigVals = -2.0553796099E+05 -2.0553260676E+05 -2.0552989688E+05
           Stress_EigVec1 = -1.6654881351E-02  9.9986129683E-01  4.5103245240E-05
           Stress_EigVec2 = -2.1090692847E-03 -8.0240573102E-05  9.9999777269E-01
           Stress_EigVec3 =  9.9985907345E-01  1.6654749130E-02  2.1101131474E-03
           -DivStress =  2.0570941457E+02 -5.4422456289E+00 -9.5973737226E+04
           ESP =  -2.2021609780E+01     ESP at Nucleus =  -2.2021609982E+01
           ESPe = -3.6994336925E+01     ESPe at Nucleus = -3.6994352194E+01
           ESPn =  1.4972727146E+01     ESPn at Nucleus =  1.4972742212E+01

CP# 4      Coords = -4.13812752669598E+00 -4.35807851740093E-02 -4.32109926516196E-03
           Type = (3,-3) NACP O4
           Rho =  2.9551055409E+02     Rho at Nucleus =  2.9551053087E+02
           GradRho = -1.9085333314E-10  2.7303220448E-12 -1.9437229604E-13
           HessRho_EigVals = -8.2196472329E+05 -8.2195112298E+05 -8.2192932785E+05
           HessRho_EigVec1 = -1.4429375642E-02  9.9989589110E-01  9.0577171557E-06
           HessRho_EigVec2 =  9.9989083486E-01  1.4429273866E-02  3.1803178709E-03
           HessRho_EigVec3 = -3.1798560752E-03 -5.4946729588E-05  9.9999494274E-01
           DelSqRho = -2.4658451741E+06
           Bond Ellipticity = NA
           V = -6.1660063449E+05
           G =  6.9670481999E+01
           K =  6.1653096401E+05
           L =  6.1646129353E+05
           Vnuc =  1.0642008751E+06
           Ven = -3.1448259027E+08
           Vrep =  3.1386598964E+08
           DelSqV =  3.9219285944E+10
           DelSqVen =  2.6241545871E+12
           DelSqVrep = -2.5849353012E+12
           DelSqG =  1.7150457685E+09
           DelSqK = -4.0934331712E+10
           Stress_EigVals = -2.0553801763E+05 -2.0553266334E+05 -2.0552995352E+05
           Stress_EigVec1 = -3.2565565533E-03 -5.5994425483E-05  9.9999469584E-01
           Stress_EigVec2 =  9.9989346995E-01  1.4228160402E-02  3.2570236056E-03
           Stress_EigVec3 = -1.4228267309E-02  9.9989877303E-01  9.6536513940E-06
           -DivStress =  9.5969989259E+04  1.4022908460E+03  4.3778963372E+02
           ESP =  -2.2021627368E+01     ESP at Nucleus =  -2.2021627571E+01
           ESPe = -3.6993983590E+01     ESPe at Nucleus = -3.6993998859E+01
           ESPn =  1.4972356222E+01     ESPn at Nucleus =  1.4972371288E+01

CP# 5      Coords = -5.92415256381179E-02  5.19160032069998E+00  1.42195498939242E+00
           Type = (3,-3) NACP H5
           Rho =  4.0588793606E-01     Rho at Nucleus =  3.9622623600E-01
           GradRho =  2.2768245622E-18  6.9041994344E-16  3.8163916471E-16
           HessRho_EigVals = -7.9933874005E+00 -7.9706980579E+00 -6.2422194755E+00
           HessRho_EigVec1 = -1.5144148238E-02  8.0997785580E-01 -5.8626489567E-01
           HessRho_EigVec2 =  9.9977013128E-01  2.1166163939E-02  3.4173238504E-03
           HessRho_EigVec3 = -1.5176935538E-02  5.8607837925E-01  8.1011221075E-01
           DelSqRho = -2.2206304934E+01
           Bond Ellipticity = NA
           V = -5.6116643320E+00
           G =  3.0044049273E-02
           K =  5.5816202827E+00
           L =  5.5515762335E+00
           Vnuc =  3.5430532003E+01
           Ven = -1.4380825509E+01
           Vrep =  8.7691611765E+00
           DelSqV =  1.3485766416E+03
           DelSqVen =  7.8678119764E+02
           DelSqVrep =  5.6179544397E+02
           DelSqG =  1.0354054583E+02
           DelSqK = -1.4521171874E+03
           Stress_EigVals = -2.0238414118E+00 -2.0184348138E+00 -1.5693881064E+00
           Stress_EigVec1 =  9.9977494900E-01  2.0916767065E-02  3.5412143805E-03
           Stress_EigVec2 = -1.4932484774E-02  8.1242125388E-01 -5.8287968497E-01
           Stress_EigVec3 = -1.5068916425E-02  5.8269562818E-01  8.1255075697E-01
           -DivStress = -3.6717472986E-01  1.4202833019E+01  1.9784732268E+01
           ESP =  -6.6342666282E-01     ESP at Nucleus =  -6.6706381293E-01
           ESPe = -1.7057958412E+01     ESPe at Nucleus = -1.6863692137E+01
           ESPn =  1.6394531749E+01     ESPn at Nucleus =  1.6196628324E+01

CP# 6      Coords = -5.18199712405300E-02  5.19217810157563E+00 -1.42096551755537E+00
           Type = (3,-3) NACP H6
           Rho =  4.0588248744E-01     Rho at Nucleus =  3.9622079180E-01
           GradRho =  2.5370330836E-17 -1.1275702594E-15 -2.1510571102E-16
           HessRho_EigVals = -7.9932914422E+00 -7.9706017897E+00 -6.2421277795E+00
           HessRho_EigVec1 = -1.8169462576E-02  8.0974131778E-01  5.8650564270E-01
           HessRho_EigVec2 =  9.9977498001E-01  2.1137329610E-02  1.7895905430E-03
           HessRho_EigVec3 =  1.0948057683E-02 -5.8640618310E-01  8.0994316372E-01
           DelSqRho = -2.2206021011E+01
           Bond Ellipticity = NA
           V = -5.6115923466E+00
           G =  3.0043546877E-02
           K =  5.5815487997E+00
           L =  5.5515052529E+00
           Vnuc =  3.5430154572E+01
           Ven = -1.4380479268E+01
           Vrep =  8.7688869212E+00
           DelSqV =  1.3485582241E+03
           DelSqVen =  7.8676275686E+02
           DelSqVrep =  5.6179546729E+02
           DelSqG =  1.0353930284E+02
           DelSqK = -1.4520975270E+03
           Stress_EigVals = -2.0238169514E+00 -2.0184104362E+00 -1.5693649590E+00
           Stress_EigVec1 =  9.9977957549E-01  2.0926741711E-02  1.6946713168E-03
           Stress_EigVec2 = -1.7988550588E-02  8.1218492734E-01  5.8312267651E-01
           Stress_EigVec3 =  1.0826471137E-02 -5.8302462666E-01  8.1238234362E-01
           -DivStress = -2.6395494075E-01  1.4210732139E+01 -1.9780516726E+01
           ESP =  -6.6342391297E-01     ESP at Nucleus =  -6.6706093592E-01
           ESPe = -1.7057697977E+01     ESPe at Nucleus = -1.6863427750E+01
           ESPn =  1.6394274064E+01     ESPn at Nucleus =  1.6196366814E+01

CP# 7      Coords =  1.41237242151195E+00  2.25814375622366E-02  5.19552321936740E+00
           Type = (3,-3) NACP H7
           Rho =  4.0589630021E-01     Rho at Nucleus =  3.9623416160E-01
           GradRho = -2.3939183968E-16  1.7347234760E-17 -1.6271706205E-15
           HessRho_EigVals = -7.9935653297E+00 -7.9708744423E+00 -6.2423227612E+00
           HessRho_EigVec1 = -5.8804502089E-01 -9.6552441433E-03  8.0877056676E-01
           HessRho_EigVec2 = -1.6508193908E-02  9.9986372828E-01 -6.6314016760E-05
           HessRho_EigVec3 =  8.0865971393E-01  1.3390336971E-02  5.8812427763E-01
           DelSqRho = -2.2206762533E+01
           Bond Ellipticity = NA
           V = -5.6117825855E+00
           G =  3.0045976104E-02
           K =  5.5817366094E+00
           L =  5.5516906333E+00
           Vnuc =  3.5428462291E+01
           Ven = -1.4380281766E+01
           Vrep =  8.7684991805E+00
           DelSqV =  1.3486015198E+03
           DelSqVen =  7.8675144902E+02
           DelSqVrep =  5.6185007074E+02
           DelSqG =  1.0354274390E+02
           DelSqK = -1.4521442637E+03
           Stress_EigVals = -2.0238876149E+00 -2.0184807278E+00 -1.5694142428E+00
           Stress_EigVec1 = -1.6595552408E-02  9.9986228305E-01  5.0703506348E-05
           Stress_EigVec2 = -5.8466433802E-01 -9.7453012901E-03  8.1121676570E-01
           Stress_EigVec3 =  8.1110554152E-01  1.3432945817E-02  5.8474554849E-01
           -DivStress =  1.9750142588E+01  3.2684525230E-01  1.4253245844E+01
           ESP =  -6.6344060202E-01     ESP at Nucleus =  -6.6707830671E-01
           ESPe = -1.7056145218E+01     ESPe at Nucleus = -1.6861854981E+01
           ESPn =  1.6392704616E+01     ESPn at Nucleus =  1.6194776675E+01

CP# 8      Coords = -1.43018699769845E+00 -2.44947085946997E-02  5.18940315579142E+00
           Type = (3,-3) NACP H8
           Rho =  4.0588072175E-01     Rho at Nucleus =  3.9621928403E-01
           GradRho = -5.5511151231E-17 -8.9988780316E-18 -2.4858587411E-15
           HessRho_EigVals = -7.9932444386E+00 -7.9705531507E+00 -6.2421224137E+00
           HessRho_EigVec1 =  5.8453910771E-01  9.5419344965E-03  8.1130942497E-01
           HessRho_EigVec2 = -1.6478010432E-02  9.9986422202E-01  1.1266059511E-04
           HessRho_EigVec3 =  8.1119819202E-01  1.3434619692E-02 -5.8461697226E-01
           DelSqRho = -2.2205920003E+01
           Bond Ellipticity = NA
           V = -5.6115666039E+00
           G =  3.0043301553E-02
           K =  5.5815233023E+00
           L =  5.5514800007E+00
           Vnuc =  3.5431382830E+01
           Ven = -1.4380915236E+01
           Vrep =  8.7693486320E+00
           DelSqV =  1.3485548106E+03
           DelSqVen =  7.8678645273E+02
           DelSqVrep =  5.6176835789E+02
           DelSqG =  1.0353878677E+02
           DelSqK = -1.4520935974E+03
           Stress_EigVals = -2.0238049576E+00 -2.0183983109E+00 -1.5693633354E+00
           Stress_EigVec1 = -1.6562784972E-02  9.9986282767E-01  8.2926565650E-07
           Stress_EigVec2 =  5.8114709812E-01  9.6260600443E-03  8.1374159862E-01
           Stress_EigVec3 =  8.1362996780E-01  1.3478309046E-02 -5.8122681518E-01
           -DivStress = -1.9810647731E+01 -3.2792762307E-01  1.4166708050E+01
           ESP =  -6.6344001544E-01     ESP at Nucleus =  -6.6707672034E-01
           ESPe = -1.7058725112E+01     ESPe at Nucleus = -1.6864482213E+01
           ESPn =  1.6395285097E+01     ESPn at Nucleus =  1.6197405493E+01

CP# 9      Coords = -5.17171369694325E+00 -1.48030917739340E+00 -8.18822671332420E-03
           Type = (3,-3) NACP H9
           Rho =  4.0584846805E-01     Rho at Nucleus =  3.9618948268E-01
           GradRho =  1.6306400674E-16  3.0878077872E-16  5.8546917314E-18
           HessRho_EigVals = -7.9925462844E+00 -7.9698553400E+00 -6.2418283522E+00
           HessRho_EigVec1 =  8.1848726579E-01 -5.7451849055E-01  2.6645348629E-03
           HessRho_EigVec2 = -3.4019550828E-03 -2.0876182400E-04  9.9999419154E-01
           HessRho_EigVec3 =  5.7451459723E-01  8.1849157627E-01  2.1253549936E-03
           DelSqRho = -2.2204229977E+01
           Bond Ellipticity = NA
           V = -5.6111312644E+00
           G =  3.0036885148E-02
           K =  5.5810943793E+00
           L =  5.5510574942E+00
           Vnuc =  3.5440311754E+01
           Ven = -1.4383396233E+01
           Vrep =  8.7722649685E+00
           DelSqV =  1.3484745280E+03
           DelSqVen =  7.8692483264E+02
           DelSqVrep =  5.6154969541E+02
           DelSqG =  1.0353088648E+02
           DelSqK = -1.4520054145E+03
           Stress_EigVals = -2.0236244947E+00 -2.0182183407E+00 -1.5692884291E+00
           Stress_EigVec1 = -3.3646535823E-03 -2.2473131301E-04  9.9999431428E-01
           Stress_EigVec2 =  8.2087939963E-01 -5.7109550442E-01  2.6336467442E-03
           Stress_EigVec3 =  5.7109166547E-01  8.2088359365E-01  2.1060158401E-03
           -DivStress = -1.3917512615E+01 -1.9984234034E+01 -5.1316708809E-02
           ESP =  -6.6345798772E-01     ESP at Nucleus =  -6.6709163220E-01
           ESPe = -1.7065931037E+01     ESPe at Nucleus = -1.6871833383E+01
           ESPn =  1.6402473049E+01     ESPn at Nucleus =  1.6204741751E+01

CP# 10     Coords = -5.21292620408668E+00  1.36231214460685E+00 -8.16289711423308E-03
           Type = (3,-3) NACP H10
           Rho =  4.0593591377E-01     Rho at Nucleus =  3.9627144020E-01
           GradRho = -2.7790270085E-15 -8.6736173799E-17  2.3039296165E-18
           HessRho_EigVals = -7.9943810294E+00 -7.9716899308E+00 -6.2427484594E+00
           HessRho_EigVec1 =  8.0139191298E-01  5.9813360432E-01  2.6820132605E-03
           HessRho_EigVec2 = -3.4124341089E-03  8.8106509459E-05  9.9999417375E-01
           HessRho_EigVec3 = -5.9812988314E-01  8.0139639606E-01 -2.1116993572E-03
           DelSqRho = -2.2208819420E+01
           Bond Ellipticity = NA
           V = -5.6123118042E+00
           G =  3.0053474637E-02
           K =  5.5822583295E+00
           L =  5.5522048549E+00
           Vnuc =  3.5419321740E+01
           Ven = -1.4377974735E+01
           Vrep =  8.7656629311E+00
           DelSqV =  1.3487071551E+03
           DelSqVen =  7.8662132048E+02
           DelSqVrep =  5.6208583466E+02
           DelSqG =  1.0355215004E+02
           DelSqK = -1.4522593052E+03
           Stress_EigVals = -2.0240983691E+00 -2.0186906757E+00 -1.5695227594E+00
           Stress_EigVec1 = -3.3718546824E-03  1.0792538083E-04  9.9999430946E-01
           Stress_EigVec2 =  8.0387788589E-01  5.9478848445E-01  2.6463816993E-03
           Stress_EigVec3 = -5.9478481417E-01  8.0388223461E-01 -2.0922991633E-03
           -DivStress = -1.4500303627E+01  1.9577177139E+01 -5.1003482968E-02
           ESP =  -6.6345498161E-01     ESP at Nucleus =  -6.6709584507E-01
           ESPe = -1.7048478831E+01     ESPe at Nucleus = -1.6854050332E+01
           ESPn =  1.6385023849E+01     ESPn at Nucleus =  1.6186954487E+01

CP# 11     Coords =  3.17942576968695E-02 -4.13783770692665E+00 -3.44574298501396E-04
           Type = (3,-3) NACP O11
           Rho =  2.9551050309E+02     Rho at Nucleus =  2.9551047987E+02
           GradRho = -2.5582175267E-12 -3.0639490944E-10  1.6583956430E-14
           HessRho_EigVals = -8.2196456520E+05 -8.2195096620E+05 -8.2192917109E+05
           HessRho_EigVec1 = -2.6292051679E-03 -2.1640335115E-04  9.9999652022E-01
           HessRho_EigVec2 = -1.9923852175E-02  9.9980148691E-01  1.6397706775E-04
           HessRho_EigVec3 =  9.9979804330E-01  1.9923351715E-02  2.6329948247E-03
           DelSqRho = -2.4658447025E+06
           Bond Ellipticity = NA
           V = -6.1660051666E+05
           G =  6.9670518731E+01
           K =  6.1653084614E+05
           L =  6.1646117562E+05
           Vnuc =  1.0642739639E+06
           Ven = -3.1450413450E+08
           Vrep =  3.1388753399E+08
           DelSqV =  3.9219278438E+10
           DelSqVen =  2.6243343206E+12
           DelSqVrep = -2.5851150422E+12
           DelSqG =  1.7150454084E+09
           DelSqK = -4.0934323847E+10
           Stress_EigVals = -2.0553797821E+05 -2.0553262403E+05 -2.0552991443E+05
           Stress_EigVec1 =  9.9978957516E-01  2.0344161752E-02  2.6306813799E-03
           Stress_EigVec2 = -2.0344641047E-02  9.9979301427E-01  1.5555959241E-04
           Stress_EigVec3 = -2.6269721369E-03 -2.0904712719E-04  9.9999652765E-01
           -DivStress = -2.6380344837E+03  9.5938356242E+04  1.6150875700E+01
           ESP =  -2.2021591286E+01     ESP at Nucleus =  -2.2021591488E+01
           ESPe = -3.6994783647E+01     ESPe at Nucleus = -3.6994798914E+01
           ESPn =  1.4973192362E+01     ESPn at Nucleus =  1.4973207426E+01

CP# 12     Coords =  6.61870684246009E-03  9.20815390599341E-04 -4.13817436101845E+00
           Type = (3,-3) NACP O12
           Rho =  2.9551047932E+02     Rho at Nucleus =  2.9551045610E+02
           GradRho =  1.5740360404E-13 -9.9364960704E-15 -2.2004420508E-10
           HessRho_EigVals = -8.2196449638E+05 -8.2195089600E+05 -8.2192910085E+05
           HessRho_EigVec1 =  9.9985876635E-01  1.6670073178E-02  2.1344818763E-03
           HessRho_EigVec2 = -2.1332987034E-03 -8.8757920100E-05  9.9999772058E-01
           HessRho_EigVec3 = -1.6670224632E-02  9.9986104074E-01  5.3183138997E-05
           DelSqRho = -2.4658444932E+06
           Bond Ellipticity = NA
           V = -6.1660046462E+05
           G =  6.9670653978E+01
           K =  6.1653079396E+05
           L =  6.1646112331E+05
           Vnuc =  1.0642812604E+06
           Ven = -3.1450626539E+08
           Vrep =  3.1388966492E+08
           DelSqV =  3.9219275127E+10
           DelSqVen =  2.6243520881E+12
           DelSqVrep = -2.5851328109E+12
           DelSqG =  1.7150452560E+09
           DelSqK = -4.0934320383E+10
           Stress_EigVals = -2.0553796099E+05 -2.0553260676E+05 -2.0552989688E+05
           Stress_EigVec1 = -1.6654881351E-02  9.9986129683E-01  4.5103245240E-05
           Stress_EigVec2 = -2.1090692848E-03 -8.0240573103E-05  9.9999777269E-01
           Stress_EigVec3 =  9.9985907345E-01  1.6654749130E-02  2.1101131474E-03
           -DivStress = -2.0570941457E+02  5.4422456289E+00  9.5973737226E+04
           ESP =  -2.2021609780E+01     ESP at Nucleus =  -2.2021609982E+01
           ESPe = -3.6994336925E+01     ESPe at Nucleus = -3.6994352194E+01
           ESPn =  1.4972727146E+01     ESPn at Nucleus =  1.4972742212E+01

CP# 13     Coords =  4.13812752669598E+00  4.35807851740093E-02  4.32109926516196E-03
           Type = (3,-3) NACP O13
           Rho =  2.9551055409E+02     Rho at Nucleus =  2.9551053087E+02
           GradRho =  1.9085133474E-10 -2.7303792907E-12  1.9435841825E-13
           HessRho_EigVals = -8.2196472329E+05 -8.2195112298E+05 -8.2192932785E+05
           HessRho_EigVec1 = -1.4429375642E-02  9.9989589110E-01  9.0577171558E-06
           HessRho_EigVec2 =  9.9989083486E-01  1.4429273866E-02  3.1803178709E-03
           HessRho_EigVec3 = -3.1798560753E-03 -5.4946729589E-05  9.9999494274E-01
           DelSqRho = -2.4658451741E+06
           Bond Ellipticity = NA
           V = -6.1660063449E+05
           G =  6.9670481999E+01
           K =  6.1653096401E+05
           L =  6.1646129353E+05
           Vnuc =  1.0642008751E+06
           Ven = -3.1448259027E+08
           Vrep =  3.1386598964E+08
           DelSqV =  3.9219285944E+10
           DelSqVen =  2.6241545871E+12
           DelSqVrep = -2.5849353012E+12
           DelSqG =  1.7150457685E+09
           DelSqK = -4.0934331712E+10
           Stress_EigVals = -2.0553801763E+05 -2.0553266334E+05 -2.0552995352E+05
           Stress_EigVec1 = -3.2565565532E-03 -5.5994425482E-05  9.9999469584E-01
           Stress_EigVec2 =  9.9989346995E-01  1.4228160402E-02  3.2570236056E-03
           Stress_EigVec3 = -1.4228267309E-02  9.9989877303E-01  9.6536513939E-06
           -DivStress = -9.5969989259E+04 -1.4022908460E+03 -4.3778963372E+02
           ESP =  -2.2021627368E+01     ESP at Nucleus =  -2.2021627571E+01
           ESPe = -3.6993983590E+01     ESPe at Nucleus = -3.6993998859E+01
           ESPn =  1.4972356222E+01     ESPn at Nucleus =  1.4972371288E+01

CP# 14     Coords =  5.92415256381179E-02 -5.19160032069998E+00 -1.42195498939242E+00
           Type = (3,-3) NACP H14
           Rho =  4.0588793606E-01     Rho at Nucleus =  3.9622623600E-01
           GradRho =  7.5894152074E-19 -7.0429773125E-16 -3.9551695252E-16
           HessRho_EigVals = -7.9933874005E+00 -7.9706980579E+00 -6.2422194755E+00
           HessRho_EigVec1 = -1.5144148238E-02  8.0997785580E-01 -5.8626489567E-01
           HessRho_EigVec2 =  9.9977013128E-01  2.1166163939E-02  3.4173238504E-03
           HessRho_EigVec3 = -1.5176935538E-02  5.8607837925E-01  8.1011221075E-01
           DelSqRho = -2.2206304934E+01
           Bond Ellipticity = NA
           V = -5.6116643320E+00
           G =  3.0044049273E-02
           K =  5.5816202827E+00
           L =  5.5515762335E+00
           Vnuc =  3.5430532003E+01
           Ven = -1.4380825509E+01
           Vrep =  8.7691611765E+00
           DelSqV =  1.3485766416E+03
           DelSqVen =  7.8678119764E+02
           DelSqVrep =  5.6179544397E+02
           DelSqG =  1.0354054583E+02
           DelSqK = -1.4521171874E+03
           Stress_EigVals = -2.0238414118E+00 -2.0184348138E+00 -1.5693881064E+00
           Stress_EigVec1 =  9.9977494900E-01  2.0916767065E-02  3.5412143805E-03
           Stress_EigVec2 = -1.4932484774E-02  8.1242125388E-01 -5.8287968497E-01
           Stress_EigVec3 = -1.5068916425E-02  5.8269562818E-01  8.1255075697E-01
           -DivStress =  3.6717472986E-01 -1.4202833019E+01 -1.9784732268E+01
           ESP =  -6.6342666282E-01     ESP at Nucleus =  -6.6706381293E-01
           ESPe = -1.7057958412E+01     ESPe at Nucleus = -1.6863692137E+01
           ESPn =  1.6394531749E+01     ESPn at Nucleus =  1.6196628324E+01

CP# 15     Coords =  5.18199712405300E-02 -5.19217810157563E+00  1.42096551755537E+00
           Type = (3,-3) NACP H15
           Rho =  4.0588248744E-01     Rho at Nucleus =  3.9622079180E-01
           GradRho = -1.6479873022E-17  1.1241008124E-15  3.5388358910E-16
           HessRho_EigVals = -7.9932914422E+00 -7.9706017897E+00 -6.2421277795E+00
           HessRho_EigVec1 = -1.8169462576E-02  8.0974131778E-01  5.8650564270E-01
           HessRho_EigVec2 =  9.9977498001E-01  2.1137329610E-02  1.7895905430E-03
           HessRho_EigVec3 =  1.0948057683E-02 -5.8640618310E-01  8.0994316372E-01
           DelSqRho = -2.2206021011E+01
           Bond Ellipticity = NA
           V = -5.6115923466E+00
           G =  3.0043546877E-02
           K =  5.5815487997E+00
           L =  5.5515052529E+00
           Vnuc =  3.5430154572E+01
           Ven = -1.4380479268E+01
           Vrep =  8.7688869212E+00
           DelSqV =  1.3485582241E+03
           DelSqVen =  7.8676275686E+02
           DelSqVrep =  5.6179546729E+02
           DelSqG =  1.0353930284E+02
           DelSqK = -1.4520975270E+03
           Stress_EigVals = -2.0238169514E+00 -2.0184104362E+00 -1.5693649590E+00
           Stress_EigVec1 =  9.9977957549E-01  2.0926741711E-02  1.6946713168E-03
           Stress_EigVec2 = -1.7988550588E-02  8.1218492734E-01  5.8312267651E-01
           Stress_EigVec3 =  1.0826471137E-02 -5.8302462666E-01  8.1238234362E-01
           -DivStress =  2.6395494075E-01 -1.4210732139E+01  1.9780516726E+01
           ESP =  -6.6342391297E-01     ESP at Nucleus =  -6.6706093592E-01
           ESPe = -1.7057697977E+01     ESPe at Nucleus = -1.6863427750E+01
           ESPn =  1.6394274064E+01     ESPn at Nucleus =  1.6196366814E+01

CP# 16     Coords = -1.41237242151195E+00 -2.25814375622366E-02 -5.19552321936740E+00
           Type = (3,-3) NACP H16
           Rho =  4.0589630021E-01     Rho at Nucleus =  3.9623416160E-01
           GradRho = -1.7347234760E-16  5.9631119487E-18  6.7654215563E-16
           HessRho_EigVals = -7.9935653297E+00 -7.9708744423E+00 -6.2423227612E+00
           HessRho_EigVec1 = -5.8804502089E-01 -9.6552441433E-03  8.0877056676E-01
           HessRho_EigVec2 = -1.6508193908E-02  9.9986372828E-01 -6.6314016759E-05
           HessRho_EigVec3 =  8.0865971393E-01  1.3390336971E-02  5.8812427763E-01
           DelSqRho = -2.2206762533E+01
           Bond Ellipticity = NA
           V = -5.6117825855E+00
           G =  3.0045976104E-02
           K =  5.5817366094E+00
           L =  5.5516906333E+00
           Vnuc =  3.5428462291E+01
           Ven = -1.4380281766E+01
