AIMSum (Version 19.02.13, Professional)
Copyright (c) 1997-2019 by Todd A. Keith
AIMSum is a component of the AIMAll package ( http://aim.tkgristmill.com )

TP:  64-bit Linux

Licensed To:  Research Group of Fernando Cortes Guzman, UNAM, fercor@unam.mx

Much of the Quantum Theory of Atoms in Molecules (QTAIM) is described in the book:
  "Atoms in Molecules - A Quantum Theory"
  R.F.W. Bader, Oxford University Press, Oxford, 1990

For additional references see:  http://aim.tkgristmill.com/references.html

Wfx File:  /home/scratch/M_H2O_4_cuadrado_plano/Opt/Ti2_cuadrado_plano_cc-pvtz-def2-tzv_1.wfx
Sum File:  /home/scratch/M_H2O_4_cuadrado_plano/Opt/Ti2_cuadrado_plano_cc-pvtz-def2-tzv_1.sum

SumViz File:  /home/scratch/M_H2O_4_cuadrado_plano/Opt/Ti2_cuadrado_plano_cc-pvtz-def2-tzv_1.sumviz

Wfx Title:   Ti2_cuadrado_plano_cc-pvtz-def2-tzv_1                                         
 
Total memory allocated for AIMSum =        0.749 Megabytes

Atomic units (a.u.) used throughout, except where stated otherwise

Model:  Restricted SCF
 
Restricted, closed-shell, single-determinant wavefunction.
  Number of electrons (from MO Occs)                   =          60.0000000000
  Number of Alpha electrons (from MO Occs)             =          30.0000000000
  Number of Beta electrons (from MO Occs)              =          30.0000000000
  Number of electron pairs (N*(N-1)/2)                 =        1770.0000000000
  Number of electron pairs (from Muller 2EDM)          =        1770.0000000000
 
Nuclear Charges and Cartesian Coordinates:
-------------------------------------------------------------------------------
Atom      Charge                X                  Y                  Z
-------------------------------------------------------------------------------
Ti1       22.0           8.4378387438E-05   2.1694430644E-05  -8.9302361149E-05
O2         8.0           3.2430042257E+00   1.8664288534E+00  -8.9302361149E-05
H3         1.0           4.5665835292E+00   1.7723697378E+00   1.2966959122E+00
O4         8.0          -1.8663227806E+00   3.2429415417E+00  -8.9302361149E-05
H5         1.0          -3.0678132710E+00   3.8224922267E+00  -1.2896107310E+00
O6         8.0          -3.2428354689E+00  -1.8663854646E+00  -8.9302361149E-05
H7         1.0          -3.8294682730E+00  -3.0541543570E+00  -1.2992507720E+00
O8         8.0           1.8664915374E+00  -3.2428981529E+00  -8.9302361149E-05
H9         1.0           3.0694198631E+00  -3.8216928139E+00  -1.2885983291E+00
H10        1.0          -1.7667179437E+00   4.5680530965E+00   1.2947897077E+00
H11        1.0           3.8269943219E+00   3.0559646187E+00  -1.2987715752E+00
H12        1.0           1.7611501181E+00  -4.5711617000E+00   1.2910326109E+00
H13        1.0          -4.5647047776E+00  -1.7730423081E+00   1.2985355039E+00
 
Some Atomic Properties:
----------------------
  q(A) = Net Charge of Atom A
  L(A) = Lagrangian of Atom A = -(1/4) Times Atomic Integral of the Laplacian of the Electron Density
  K(A) = Electronic Kinetic Energy of Atom A (Hamiltonian Form)
  K_Scaled(A) = K(A) * E(Mol)/K(Mol) = Approximation to Virial-Based Total Energy of Atom A.
  |Mu_Intra(A)| = Magnitude of Intraatomic Dipole Moment of Atom A
--------------------------------------------------------------------------------------------------
Atom A          q(A)              L(A)              K(A)          K_Scaled(A)      |Mu_Intra(A)|
--------------------------------------------------------------------------------------------------
Ti1       1.4932974390E+00 -1.4477926756E-04  8.4851145572E+02 -8.5039049062E+02  1.8266951631E-03
O2       -1.1980103755E+00 -1.3466109196E-06  7.5369226382E+01 -7.5536132091E+01  2.0237830155E-01
H3        6.6237416073E-01  1.1119046705E-05  3.1804674880E-01 -3.1875106568E-01  1.2202794070E-01
O4       -1.1979264163E+00 -6.1654499040E-06  7.5369185554E+01 -7.5536091173E+01  2.0239097529E-01
H5        6.6232319857E-01  1.3856222957E-05  3.1809908392E-01 -3.1880351670E-01  1.2202857511E-01
O6       -1.1980443588E+00 -3.5552245803E-05  7.5369193196E+01 -7.5536098832E+01  2.0246623230E-01
H7        6.6234980123E-01  1.2319188059E-05  3.1804647196E-01 -3.1875078822E-01  1.2202785632E-01
O8       -1.1979188785E+00 -5.8586491053E-06  7.5369192597E+01 -7.5536098232E+01  2.0234120415E-01
H9        6.6233316860E-01  1.0707180573E-05  3.1809154040E-01 -3.1879595647E-01  1.2202210348E-01
H10       6.6222750471E-01  1.2674515171E-05  3.1814355263E-01 -3.1884808389E-01  1.2206976809E-01
H11       6.6233300704E-01  1.1054768580E-05  3.1806368106E-01 -3.1876803544E-01  1.2203759800E-01
H12       6.6223550979E-01  1.2506825969E-05  3.1815054791E-01 -3.1885509466E-01  1.2206380954E-01
H13       6.6230130882E-01  1.5715153157E-05  3.1809263455E-01 -3.1879705304E-01  1.2205727024E-01
--------------------------------------------------------------------------------------------------
Total     1.9998750694E+00 -9.3749322121E-05  1.1525329877E+03 -1.1550852805E+03
 
1st Largest |L(A)| = 1.4477926756E-04, atom Ti1     
2nd Largest |L(A)| = 3.5552245803E-05, atom O6      
 
Molecular charge q(Mol) from the wfx file:   2.0000000000E+00
Molecular energy E(Mol) from the wfx file:  -1.1550852891E+03
Molecular virial ratio (-V(Mol)/T(Mol)) from the wfx file:   2.0022145074E+00
Full molecular virial ratio ((-V(Mol)+W(Mol))/T(Mol)) from the wfx file:   2.0022170418E+00
Note.  K_Scaled(A) = (1+V(Mol)/T(Mol))*K(A) = (E(Mol)/T(Mol))*K(A)
       Only use K_Scaled(A) data with caution.
 
N_AIMInt(SumA)     =         60.000125
N_Analytic(Mol)    =         60.000000
 
G_AIMInt(SumA)     =       1152.533081
G_Analytic(Mol)    =       1152.532996
 
K_AIMInt(SumA)     =       1152.532988
K_Analytic(Mol)    =       1152.532996
 
L_AIMInt(SumA)     =         -0.000094
L_Analytic(Mol)    =          0.000000
 
VenT_AIMInt(SumA)  =      -3421.290676
VenT_Analytic(Mol) =      -3421.288608
 
Some Information About the Atomic Calculations:
----------------------------------------------
  Time(sec) = "Elapsed User Time", in Seconds, for Atom A by AIMInt and, if used, by TWOe
  NProc = Number of Processors Used for AIMInt Job
  BIM = Basin Integration Method
  OAQ = Angular Quadrature Outside of Beta Sphere
  ORQ = Multiple of Default for Radial Quadrature Outside of Beta Sphere
  IAQ = Multiple of Default for Angular Quadrature Inside of Beta Sphere
  IRQ = Multiple of Default for Radial Quadrature Inside of Beta Sphere
  MIR = Maximum Integration Radius
------------------------------------------------------------------------------------------------------
Atom A     Time(sec)   NProc      BIM          OAQ                     ORQ      IAQ      IRQ      MIR
------------------------------------------------------------------------------------------------------
Ti1           344        1     Proaim(5)    4500(GS4)                  1.00     1.00     1.00    13.00
O2            228        1     Proaim(5)    4500(GS4)                  1.00     1.00     1.00    13.00
H3             49        1     Proaim(5)    1800(GS4)                  1.00     1.00     1.00    13.00
O4            161        1     Proaim(5)    4500(GS4)                  1.00     1.00     1.00    13.00
H5             48        1     Proaim(5)    1800(GS4)                  1.00     1.00     1.00    13.00
O6            160        1     Proaim(5)    4500(GS4)                  1.00     1.00     1.00    13.00
H7             48        1     Proaim(5)    1800(GS4)                  1.00     1.00     1.00    13.00
O8            159        1     Proaim(5)    4500(GS4)                  1.00     1.00     1.00    13.00
H9             47        1     Proaim(5)    1800(GS4)                  1.00     1.00     1.00    13.00
H10            49        1     Proaim(5)    1800(GS4)                  1.00     1.00     1.00    13.00
H11            51        1     Proaim(5)    1800(GS4)                  1.00     1.00     1.00    13.00
H12            50        1     Proaim(5)    1800(GS4)                  1.00     1.00     1.00    13.00
H13            57        1     Proaim(5)    1800(GS4)                  1.00     1.00     1.00    13.00
------------------------------------------------------------------------------------------------------
Total        1451
Note:  Total wall clock time is less than total of atomic times if more than one atom
       was calculated at a time
 
Electron Density Critical Point Analysis of Molecular Structure:               
---------------------------------------------------------------                
  NACP = Nuclear Attractor Critical Point                                      
  NNACP = Non-Nuclear Attractor Critical Point                                 
  BCP = Bond Critical Point                                                    
  RCP = Ring Critical Point                                                    
  CCP = Cage Critical Point                                                    
  Rho = Electron Density                                                       
  GradRho = Gradient of Electron Density                                       
  HessRho_EigVals = Eigenvalues of the Hessian of Rho, Ascending Order         
  HessRho_EigVecs = Eigenvectors of the Hessian of Rho                         
  DelSqRho = Laplacian of Rho = Trace of Hessian of Rho                        
  Bond Ellipticity = (HessRho_EigVal(1) / HessRho_EigVal(2)) - 1               
  V = Virial Field = Potential Energy Density = Trace of Stress Tensor         
  G = Lagrangian Form of Kinetic Energy Density                                
  K = Hamiltonian Form of Kinetic Energy Density                               
  L = K - G = Lagrangian Density = (-1/4)DelSqRho                              
  Vnuc = Electrostatic Potential from Nuclei                                   
  Ven = Electron-nuclear attractive contribution to Virial Field V             
  Vrep = V - Ven = Repulsive contribution to Virial Field V                    
  DelSqV = Laplacian of V                                                      
  DelSqVen = Laplacian of Ven                                                  
  DelSqVrep = Laplacian of Vrep                                                
  DelSqG = Laplacian of G                                                      
  DelSqK = Laplacian of K                                                      
  Stress_EigVals = Eigenvalues of Stress Tensor, Ascending Order               
  Stress_EigVecs = Eigenvectors of Stress Tensor                               
  -DivStress = Ehrenfest Force Density = Minus Divergence of Stress Tensor     
  ESP = Total Electrostatic Potential                                          
  ESPe = Electrostatic Potential from Electrons                                
  ESPn = Electrostatic Potential from Nuclei                                   
  BP = Bond Path                                                               
  BPL = Bond Path Length                                                       
  GBL = Geometric Bond Length                                                  
  GBL_I = Distance Between Nuclear Attractors                                  
  GBL_II = Distance Between Nuclei                                             
  GBL_III = Sum of Distances Between BCP and Nuclear Attractors                
  GBL_IV = Sum of Distances Between BCP and Nuclei                             

CP# 1      Coords =  8.43783872459615E-05  2.16944314282580E-05 -8.93023699284719E-05
           Type = (3,-3) NACP Ti1
           Rho =  7.0806172201E+03     Rho at Nucleus =  7.0806172201E+03
           GradRho = -6.1131100182E-12 -1.4714103417E-12 -5.4743813649E-12
           HessRho_EigVals = -1.0349605218E+09 -1.0349599059E+09 -1.0349599058E+09
           HessRho_EigVec1 = -1.0714023025E-04 -1.4959166654E-04  9.9999998307E-01
           HessRho_EigVec2 =  5.9892786567E-01  8.0080295821E-01  1.8396272163E-04
           HessRho_EigVec3 =  8.0080297218E-01 -5.9892787524E-01 -3.7964042356E-06
           DelSqRho = -3.1048803335E+09
           Bond Ellipticity = NA
           V = -7.7638015636E+08
           G =  8.0036497834E+04
           K =  7.7630011987E+08
           L =  7.7622008337E+08
           Vnuc =  2.2000000101E+09
           Ven = -1.5577357956E+13
           Vrep =  1.5576581576E+13
           DelSqV =  1.6415232014E+16
           DelSqVen =  4.6732037331E+29
           DelSqVrep = -4.6732037331E+29
           DelSqG =  1.1348049051E+14
           DelSqK = -1.6528712504E+16
           Stress_EigVals = -2.5879340989E+08 -2.5879340982E+08 -2.5879333665E+08
           Stress_EigVec1 =  8.7031387228E-01 -4.9249747574E-01 -1.0324312127E-05
           Stress_EigVec2 =  4.9249747442E-01  8.7031386799E-01  9.4206609009E-05
           Stress_EigVec3 = -3.7411125113E-05 -8.7074016329E-05  9.9999999551E-01
           -DivStress =  1.0508793921E+03 -4.2707703421E+03  4.7793942005E+04
           ESP =  -9.1132574175E+01     ESP at Nucleus =  -9.1132574175E+01
           ESPe = -1.0126377124E+02     ESPe at Nucleus = -1.0126377124E+02
           ESPn =  1.0131197062E+01     ESPn at Nucleus =  1.0131197062E+01

CP# 2      Coords =  3.24300825845962E+00  1.86643116551421E+00 -8.93082912225783E-05
           Type = (3,-3) NACP O2
           Rho =  2.9730328492E+02     Rho at Nucleus =  2.9730327293E+02
           GradRho =  1.7252042850E-10  7.2792737116E-11  2.1533339348E-15
           HessRho_EigVals = -1.1098175770E+06 -1.1098045353E+06 -1.1097839388E+06
           HessRho_EigVec1 =  2.4370635113E-01 -4.2302347025E-01  8.7273040398E-01
           HessRho_EigVec2 =  8.6707931999E-01  4.9816966824E-01 -6.5916734473E-04
           HessRho_EigVec3 = -4.3448897256E-01  7.5688712849E-01  4.8820201501E-01
           DelSqRho = -3.3294060511E+06
           Bond Ellipticity = NA
           V = -8.3248783704E+05
           G =  6.8162135218E+01
           K =  8.3241967491E+05
           L =  8.3235151277E+05
           Vnuc =  1.7209698716E+06
           Ven = -5.1164999610E+08
           Vrep =  5.1081750826E+08
           DelSqV =  9.3086895779E+10
           DelSqVen =  5.7298075402E+12
           DelSqVrep = -5.6367206444E+12
           DelSqG =  3.1076206818E+09
           DelSqK = -9.6194516461E+10
           Stress_EigVals = -2.7750029946E+05 -2.7749518588E+05 -2.7749235170E+05
           Stress_EigVec1 = -4.3472294187E-01  7.5744151782E-01  4.8713274464E-01
           Stress_EigVec2 =  8.6711912267E-01  4.9810037251E-01 -6.6783895354E-04
           Stress_EigVec3 =  2.4314685052E-01 -4.2211179324E-01  8.7332768369E-01
           -DivStress = -1.2284168645E+05 -7.0428220871E+04  1.8063700929E+02
           ESP =  -2.1917988768E+01     ESP at Nucleus =  -2.1917988891E+01
           ESPe = -3.3837801332E+01     ESPe at Nucleus = -3.3837810099E+01
           ESPn =  1.1919812565E+01     ESPn at Nucleus =  1.1919821208E+01

CP# 3      Coords =  4.52915484891238E+00  1.77511760979860E+00  1.25957394243069E+00
           Type = (3,-3) NACP H3
           Rho =  3.9304601047E-01     Rho at Nucleus =  3.8359021419E-01
           GradRho = -1.2137937367E-11  8.8512433060E-13 -1.2023993834E-11
           HessRho_EigVals = -7.7293025249E+00 -7.7177036745E+00 -6.0490851896E+00
           HessRho_EigVec1 =  5.6130822982E-01  6.4387387281E-01 -5.1996106301E-01
           HessRho_EigVec2 = -4.2543084425E-01  7.6338854415E-01  4.8605198015E-01
           HessRho_EigVec3 =  7.0988848976E-01 -5.1617502567E-02  7.0242007769E-01
           DelSqRho = -2.1496091389E+01
           Bond Ellipticity = NA
           V = -5.4269581585E+00
           G =  2.6467655645E-02
           K =  5.4004905029E+00
           L =  5.3740228472E+00
           Vnuc =  3.2365388812E+01
           Ven = -1.2721086950E+01
           Vrep =  7.2941287914E+00
           DelSqV =  1.2998163878E+03
           DelSqVen =  6.9572935576E+02
           DelSqVrep =  6.0408703202E+02
           DelSqG =  1.0009090207E+02
           DelSqK = -1.3999072898E+03
           Stress_EigVals = -1.9558155745E+00 -1.9498018227E+00 -1.5213407613E+00
           Stress_EigVec1 = -4.4331961246E-01  7.4223749429E-01  5.0254474753E-01
           Stress_EigVec2 = -5.4977972011E-01 -6.6796294755E-01  5.0156530986E-01
           Stress_EigVec3 =  7.0796184965E-01 -5.3935171852E-02  7.0418819692E-01
           -DivStress =  1.6726359907E+01 -1.2305094768E+00  1.6593742479E+01
           ESP =  -5.9738486664E-01     ESP at Nucleus =  -6.0012750240E-01
           ESPe = -1.4018818083E+01     ESPe at Nucleus = -1.3833910260E+01
           ESPn =  1.3421433216E+01     ESPn at Nucleus =  1.3233782757E+01

CP# 4      Coords = -1.86632511522465E+00  3.24294556390948E+00 -8.92859607841731E-05
           Type = (3,-3) NACP O4
           Rho =  2.9730355116E+02     Rho at Nucleus =  2.9730353915E+02
           GradRho =  1.2201026994E-10  5.7807071630E-11 -2.9102696815E-16
           HessRho_EigVals = -1.1098185064E+06 -1.1098054767E+06 -1.1097848667E+06
           HessRho_EigVec1 =  4.2899484184E-01  2.4573476665E-01  8.6923981164E-01
           HessRho_EigVec2 = -5.0033026428E-01  8.6583195730E-01  2.1560087100E-03
           HessRho_EigVec3 =  7.5208580117E-01  4.3583190129E-01 -4.9438598432E-01
           DelSqRho = -3.3294088498E+06
           Bond Ellipticity = NA
           V = -8.3248853515E+05
           G =  6.8161349485E+01
           K =  8.3242037380E+05
           L =  8.3235221245E+05
           Vnuc =  1.7201903410E+06
           Ven = -5.1141869706E+08
           Vrep =  5.1058620852E+08
           DelSqV =  9.3086973183E+10
           DelSqVen =  5.7272169390E+12
           DelSqVrep = -5.6341299658E+12
           DelSqG =  3.1076231146E+09
           DelSqK = -9.6194596298E+10
           Stress_EigVals = -2.7750053352E+05 -2.7749541637E+05 -2.7749258526E+05
           Stress_EigVec1 =  7.5253041261E-01  4.3627866229E-01 -4.9331420710E-01
           Stress_EigVec2 = -5.0049641675E-01  8.6573592432E-01  2.1554942849E-03
           Stress_EigVec3 =  4.2802022723E-01  2.4527991798E-01  8.6984851952E-01
           -DivStress =  7.1114613025E+04 -1.2251907857E+05 -4.9982456139E+02
           ESP =  -2.1918071849E+01     ESP at Nucleus =  -2.1918071972E+01
           ESPe = -3.3837851242E+01     ESPe at Nucleus = -3.3837860012E+01
           ESPn =  1.1919779393E+01     ESPn at Nucleus =  1.1919788040E+01

CP# 5      Coords = -3.03379391138991E+00  3.80617663957179E+00 -1.25269736912425E+00
           Type = (3,-3) NACP H5
           Rho =  3.9307655099E-01     Rho at Nucleus =  3.8362108306E-01
           GradRho =  7.3010652970E-12 -3.5079111924E-12  7.9124448421E-12
           HessRho_EigVals = -7.7300278187E+00 -7.7184375499E+00 -6.0498176533E+00
           HessRho_EigVec1 = -1.6033148941E-01  8.3885767839E-01  5.2020343032E-01
           HessRho_EigVec2 = -7.4715559837E-01 -4.4753558175E-01  4.9139639283E-01
           HessRho_EigVec3 =  6.4502118208E-01 -3.0988658970E-01  6.9851125703E-01
           DelSqRho = -2.1498283022E+01
           Bond Ellipticity = NA
           V = -5.4275057876E+00
           G =  2.6467516053E-02
           K =  5.4010382715E+00
           L =  5.3745707555E+00
           Vnuc =  3.2365943834E+01
           Ven = -1.2722293572E+01
           Vrep =  7.2947877843E+00
           DelSqV =  1.2999673681E+03
           DelSqVen =  6.9581222082E+02
           DelSqVrep =  6.0415514733E+02
           DelSqG =  1.0010306687E+02
           DelSqK = -1.4000704350E+03
           Stress_EigVals = -1.9559997424E+00 -1.9499806621E+00 -1.5215253830E+00
           Stress_EigVec1 =  7.5228791301E-01  4.1815615536E-01 -5.0912505897E-01
           Stress_EigVec2 = -1.3657044154E-01  8.5495649844E-01  5.0039774207E-01
           Stress_EigVec3 =  6.4452417366E-01 -3.0691173896E-01  7.0028121070E-01
           -DivStress = -1.5205596590E+01  7.2897409489E+00 -1.6502197834E+01
           ESP =  -5.9746490756E-01     ESP at Nucleus =  -6.0020627057E-01
           ESPe = -1.4018140701E+01     ESPe at Nucleus = -1.3833248727E+01
           ESPn =  1.3420675794E+01     ESPn at Nucleus =  1.3233042456E+01

CP# 6      Coords = -3.24283950372999E+00 -1.86638777430906E+00 -8.93044157593662E-05
           Type = (3,-3) NACP O6
           Rho =  2.9730337195E+02     Rho at Nucleus =  2.9730335996E+02
           GradRho =  1.8992124540E-10  7.5102025293E-11 -7.0044339252E-15
           HessRho_EigVals = -1.1098178750E+06 -1.1098048354E+06 -1.1097842342E+06
           HessRho_EigVec1 = -2.4223156233E-01  4.2221836256E-01  8.7353049433E-01
           HessRho_EigVec2 =  8.6740332411E-01  4.9760574059E-01  1.6234552064E-05
           HessRho_EigVec3 = -4.3466693403E-01  7.5770718701E-01 -4.8676942715E-01
           DelSqRho = -3.3294069445E+06
           Bond Ellipticity = NA
           V = -8.3248805977E+05
           G =  6.8161816205E+01
           K =  8.3241989795E+05
           L =  8.3235173614E+05
           Vnuc =  1.7207454900E+06
           Ven = -5.1158343646E+08
           Vrep =  5.1075094840E+08
           DelSqV =  9.3086920441E+10
           DelSqVen =  5.7290620027E+12
           DelSqVrep = -5.6359750822E+12
           DelSqG =  3.1076214375E+09
           DelSqK = -9.6194541878E+10
           Stress_EigVals = -2.7750037439E+05 -2.7749525957E+05 -2.7749242581E+05
           Stress_EigVec1 = -4.3489735043E-01  7.5826068061E-01 -4.8570056086E-01
           Stress_EigVec2 =  8.6742786696E-01  4.9756294950E-01  8.3054676071E-05
           Stress_EigVec3 = -2.4172958073E-01  4.2127408123E-01  8.7412525320E-01
           -DivStress =  1.2290405369E+05  7.0356806726E+04  6.2529117135E+01
           ESP =  -2.1917967438E+01     ESP at Nucleus =  -2.1917967561E+01
           ESPe = -3.3837917990E+01     ESPe at Nucleus = -3.3837926758E+01
           ESPn =  1.1919950552E+01     ESPn at Nucleus =  1.1919959197E+01

CP# 7      Coords = -3.81295859789180E+00 -3.02052525948959E+00 -1.26206993207464E+00
           Type = (3,-3) NACP H7
           Rho =  3.9299580730E-01     Rho at Nucleus =  3.8354284364E-01
           GradRho =  4.4160683682E-12  8.9788780421E-12  9.9151337639E-12
           HessRho_EigVals = -7.7284856839E+00 -7.7168895715E+00 -6.0487376821E+00
           HessRho_EigVec1 =  8.3945112008E-01  1.6018116414E-01 -5.1929164412E-01
           HessRho_EigVec2 =  4.4382063645E-01 -7.5351004131E-01  4.8502150500E-01
           HessRho_EigVec3 =  3.1360015891E-01  6.3762419363E-01  7.0362655438E-01
           DelSqRho = -2.1494112937E+01
           Bond Ellipticity = NA
           V = -5.4264478410E+00
           G =  2.6459803303E-02
           K =  5.3999880377E+00
           L =  5.3735282344E+00
           Vnuc =  3.2366168367E+01
           Ven = -1.2719768467E+01
           Vrep =  7.2933206259E+00
           DelSqV =  1.2997279390E+03
           DelSqVen =  6.9568207825E+02
           DelSqVrep =  6.0404586079E+02
           DelSqG =  1.0008460720E+02
           DelSqK = -1.3998125462E+03
           Stress_EigVals = -1.9556034482E+00 -1.9495913365E+00 -1.5212530562E+00
           Stress_EigVec1 =  4.1794818946E-01 -7.5805953071E-01  5.0066461712E-01
           Stress_EigVec2 =  8.5371620716E-01  1.3929587817E-01 -5.0176219065E-01
           Stress_EigVec3 =  3.1062509326E-01  6.3713609710E-01  7.0538616743E-01
           -DivStress = -7.3750917734E+00 -1.5028350251E+01 -1.6618551615E+01
           ESP =  -5.9735227070E-01     ESP at Nucleus =  -6.0009184909E-01
           ESPe = -1.4017534944E+01     ESPe at Nucleus = -1.3832642550E+01
           ESPn =  1.3420182674E+01     ESPn at Nucleus =  1.3232550701E+01

CP# 8      Coords =  1.86649385818303E+00 -3.24290218314423E+00 -8.92948791640510E-05
           Type = (3,-3) NACP O8
           Rho =  2.9730357642E+02     Rho at Nucleus =  2.9730356442E+02
           GradRho = -1.1665218444E-10  1.2363086249E-10 -2.9748339209E-15
           HessRho_EigVals = -1.1098186275E+06 -1.1098055984E+06 -1.1097849918E+06
           HessRho_EigVec1 = -4.3142000221E-01 -2.4705155440E-01  8.6766486109E-01
           HessRho_EigVec2 = -4.9871222311E-01  8.6676683201E-01 -1.1736504350E-03
           HessRho_EigVec3 =  7.5177317072E-01  4.3322140806E-01  4.9714817850E-01
           DelSqRho = -3.3294092177E+06
           Bond Ellipticity = NA
           V = -8.3248862718E+05
           G =  6.8161377068E+01
           K =  8.3242046580E+05
           L =  8.3235230443E+05
           Vnuc =  1.7201642730E+06
           Ven = -5.1141099038E+08
           Vrep =  5.1057850175E+08
           DelSqV =  9.3086983560E+10
           DelSqVen =  5.7271307796E+12
           DelSqVrep = -5.6340437961E+12
           DelSqG =  3.1076235386E+09
           DelSqK = -9.6194607098E+10
           Stress_EigVals = -2.7750056355E+05 -2.7749544726E+05 -2.7749261637E+05
           Stress_EigVec1 =  7.5228699215E-01  4.3355622965E-01  4.9607789426E-01
           Stress_EigVec2 = -4.9877584336E-01  8.6673029951E-01 -1.1162396617E-03
           Stress_EigVec3 = -4.3044969453E-01 -2.4659193750E-01  8.6827730411E-01
           -DivStress = -7.0693672258E+04  1.2276576335E+05 -2.2808835590E+02
           ESP =  -2.1918075968E+01     ESP at Nucleus =  -2.1918076091E+01
           ESPe = -3.3837811435E+01     ESPe at Nucleus = -3.3837820205E+01
           ESPn =  1.1919735467E+01     ESPn at Nucleus =  1.1919744114E+01

CP# 9      Coords =  3.03535593805659E+00 -3.80540031150493E+00 -1.25171446775147E+00
           Type = (3,-3) NACP H9
           Rho =  3.9307901273E-01     Rho at Nucleus =  3.8362320467E-01
           GradRho = -7.1328696970E-12  3.4159514545E-12  7.7138568157E-12
           HessRho_EigVals = -7.7300455964E+00 -7.7184550053E+00 -6.0497793475E+00
           HessRho_EigVec1 = -1.5694595457E-01  8.4083714264E-01 -5.1803558459E-01
           HessRho_EigVec2 =  7.4717050778E-01  4.4410639157E-01  4.9447522210E-01
           HessRho_EigVec3 =  6.4583604703E-01 -3.0945502504E-01 -6.9794941638E-01
           DelSqRho = -2.1498279949E+01
           Bond Ellipticity = NA
           V = -5.4275044104E+00
           G =  2.6467211546E-02
           K =  5.4010371988E+00
           L =  5.3745699873E+00
           Vnuc =  3.2365595780E+01
           Ven = -1.2722236436E+01
           Vrep =  7.2947320252E+00
           DelSqV =  1.2999614751E+03
           DelSqVen =  6.9580463881E+02
           DelSqVrep =  6.0415683630E+02
           DelSqG =  1.0010247268E+02
           DelSqK = -1.4000639478E+03
           Stress_EigVals = -1.9560043501E+00 -1.9499844503E+00 -1.5215156100E+00
           Stress_EigVec1 =  7.5201023794E-01  4.1575369551E-01  5.1149727927E-01
           Stress_EigVec2 =  1.3414839902E-01 -8.5628598280E-01  4.9877702703E-01
           Stress_EigVec3 =  6.4535634271E-01 -3.0646888966E-01 -6.9970851831E-01
           -DivStress =  1.5225540632E+01 -7.2793928917E+00 -1.6488970824E+01
           ESP =  -5.9747107433E-01     ESP at Nucleus =  -6.0021263804E-01
           ESPe = -1.4018153607E+01     ESPe at Nucleus = -1.3833260450E+01
           ESPn =  1.3420682532E+01     ESPn at Nucleus =  1.3233047812E+01

CP# 10     Coords = -1.76962455860085E+00  4.53058371074216E+00  1.25773543770180E+00
           Type = (3,-3) NACP H10
           Rho =  3.9306362620E-01     Rho at Nucleus =  3.8361043286E-01
           GradRho = -9.6200058011E-13 -1.2504635304E-11 -1.2345406273E-11
           HessRho_EigVals = -7.7298644189E+00 -7.7182950149E+00 -6.0500581792E+00
           HessRho_EigVec1 =  6.5013882851E-01 -5.5838776912E-01  5.1528885391E-01
           HessRho_EigVec2 = -7.5784979877E-01 -4.2780047139E-01  4.9259561425E-01
           HessRho_EigVec3 =  5.4618551513E-02  7.1076708982E-01  7.0130375577E-01
           DelSqRho = -2.1498217613E+01
           Bond Ellipticity = NA
           V = -5.4274881663E+00
           G =  2.6466881512E-02
           K =  5.4010212848E+00
           L =  5.3745544032E+00
           Vnuc =  3.2370640068E+01
           Ven = -1.2723721168E+01
           Vrep =  7.2962330015E+00
           DelSqV =  1.2999969060E+03
           DelSqVen =  6.9591106447E+02
           DelSqVrep =  6.0408584156E+02
           DelSqG =  1.0010530044E+02
           DelSqK = -1.4001022065E+03
           Stress_EigVals = -1.9559619151E+00 -1.9499385203E+00 -1.5215877308E+00
           Stress_EigVec1 =  7.3764919160E-01  4.4464516435E-01 -5.0809875807E-01
           Stress_EigVec2 =  6.7277610224E-01 -5.4754965761E-01  4.9755571418E-01
           Stress_EigVec3 =  5.6973558708E-02  7.0885827235E-01  7.0304620284E-01
           -DivStress =  1.3016892821E+00  1.6746269721E+01  1.6565089947E+01
           ESP =  -5.9747402484E-01     ESP at Nucleus =  -6.0021452983E-01
           ESPe = -1.4020502069E+01     ESPe at Nucleus = -1.3835655567E+01
           ESPn =  1.3423028044E+01     ESPn at Nucleus =  1.3235441037E+01

CP# 11     Coords =  3.81055925711680E+00  3.02228377129579E+00 -1.26160293460671E+00
           Type = (3,-3) NACP H11
           Rho =  3.9302171289E-01     Rho at Nucleus =  3.8356779775E-01
           GradRho = -4.3529096343E-12 -8.9079891230E-12  9.8196172602E-12
           HessRho_EigVals = -7.7289532507E+00 -7.7173685596E+00 -6.0490583860E+00
           HessRho_EigVec1 =  8.3998616414E-01  1.6034024703E-01  5.1837655158E-01
           HessRho_EigVec2 = -4.4381096570E-01  7.5265722390E-01  4.8635268070E-01
           HessRho_EigVec3 = -3.1217794728E-01 -6.3859072064E-01  7.0338241430E-01
           DelSqRho = -2.1495380196E+01
           Bond Ellipticity = NA
           V = -5.4267709003E+00
           G =  2.6462925619E-02
           K =  5.4003079747E+00
           L =  5.3738450491E+00
           Vnuc =  3.2367330049E+01
           Ven = -1.2721063497E+01
           Vrep =  7.2942925971E+00
           DelSqV =  1.2997974355E+03
           DelSqVen =  6.9574806535E+02
           DelSqVrep =  6.0404937019E+02
           DelSqG =  1.0008996200E+02
           DelSqK = -1.3998873975E+03
           Stress_EigVals = -1.9557264560E+00 -1.9497104455E+00 -1.5213339989E+00
           Stress_EigVec1 =  4.1764266419E-01 -7.5725645890E-01 -5.0213271204E-01
           Stress_EigVec2 =  8.5438421005E-01  1.3923914356E-01  5.0063967335E-01
           Stress_EigVec3 = -3.0919609745E-01 -6.3810274749E-01  7.0514016831E-01
           -DivStress =  7.3421532205E+00  1.5052340707E+01 -1.6614045715E+01
           ESP =  -5.9738348095E-01     ESP at Nucleus =  -6.0012408104E-01
           ESPe = -1.4019129930E+01     ESPe at Nucleus = -1.3834247086E+01
           ESPn =  1.3421746449E+01     ESPn at Nucleus =  1.3234123005E+01

CP# 12     Coords =  1.76421751572917E+00 -4.53360106784679E+00  1.25408040750443E+00
           Type = (3,-3) NACP H12
           Rho =  3.9309134639E-01     Rho at Nucleus =  3.8363679159E-01
           GradRho =  1.0897436382E-12  1.3432552234E-11 -1.3198832814E-11
           HessRho_EigVals = -7.7303469045E+00 -7.7187794437E+00 -6.0503074853E+00
           HessRho_EigVec1 =  6.4937431534E-01 -5.5882798286E-01 -5.1577542027E-01
           HessRho_EigVec2 =  7.5827837270E-01  4.2437388976E-01  4.9489464656E-01
           HessRho_EigVec3 =  5.7679355721E-02  7.1247321863E-01 -6.9932467757E-01
           DelSqRho = -2.1499433833E+01
           Bond Ellipticity = NA
           V = -5.4277976782E+00
           G =  2.6469609939E-02
           K =  5.4013280683E+00
           L =  5.3748584584E+00
           Vnuc =  3.2370419748E+01
           Ven = -1.2724531882E+01
           Vrep =  7.2967342037E+00
           DelSqV =  1.3000567957E+03
           DelSqVen =  6.9594569754E+02
           DelSqVrep =  6.0411109813E+02
           DelSqG =  1.0010976288E+02
           DelSqK = -1.4001665586E+03
           Stress_EigVals = -1.9560860645E+00 -1.9500610167E+00 -1.5216505970E+00
           Stress_EigVec1 =  7.3699554134E-01  4.4213932355E-01  5.1122440338E-01
           Stress_EigVec2 = -6.7322666184E-01  5.4737653717E-01  4.9713658922E-01
           Stress_EigVec3 =  6.0028608369E-02  7.1055734823E-01 -7.0107404819E-01
           -DivStress = -1.3736101523E+00 -1.6787947985E+01  1.6520390801E+01
           ESP =  -5.9748655521E-01     ESP at Nucleus =  -6.0022802894E-01
           ESPe = -1.4021155222E+01     ESPe at Nucleus = -1.3836308148E+01
           ESPn =  1.3423668667E+01     ESPn at Nucleus =  1.3236080119E+01

CP# 13     Coords = -4.52732821335370E+00 -1.77576792569015E+00  1.26136665396361E+00
           Type = (3,-3) NACP H13
           Rho =  3.9304808275E-01     Rho at Nucleus =  3.8359375818E-01
           GradRho =  1.1631901092E-11 -8.4157379958E-13 -1.1548861395E-11
           HessRho_EigVals = -7.7294374256E+00 -7.7178516215E+00 -6.0494633063E+00
           HessRho_EigVec1 =  5.6238777551E-01  6.4286202440E-01  5.2004654363E-01
           HessRho_EigVec2 =  4.2554617492E-01 -7.6426822240E-01  4.8456633937E-01
           HessRho_EigVec3 =  7.0896434535E-01 -5.1210368261E-02 -7.0338258097E-01
           DelSqRho = -2.1496752353E+01
           Bond Ellipticity = NA
           V = -5.4271247873E+00
           G =  2.6468349486E-02
           K =  5.4006564379E+00
           L =  5.3741880884E+00
           Vnuc =  3.2368329594E+01
           Ven = -1.2722309889E+01
           Vrep =  7.2951851017E+00
           DelSqV =  1.2998828044E+03
           DelSqVen =  6.9581396540E+02
           DelSqVrep =  6.0406883900E+02
           DelSqG =  1.0009614813E+02
           DelSqK = -1.3999789525E+03
           Stress_EigVals = -1.9558519279E+00 -1.9498358206E+00 -1.5214370388E+00
           Stress_EigVec1 = -4.4356189235E-01  7.4303668956E-01 -5.0114800771E-01
           Stress_EigVec2 =  5.5077561933E-01  6.6710692068E-01  5.0161197507E-01
           Stress_EigVec3 =  7.0703540563E-01 -5.3524147433E-02 -7.0514970101E-01
           -DivStress = -1.6703601663E+01  1.2206068213E+00  1.6615230822E+01
           ESP =  -5.9736591459E-01     ESP at Nucleus =  -6.0010770705E-01
           ESPe = -1.4019912217E+01     ESPe at Nucleus = -1.3835031164E+01
           ESPn =  1.3422546302E+01     ESPn at Nucleus =  1.3234923457E+01

CP# 14     Coords =  1.64712685240838E+00  9.47878974951509E-01 -5.36106660410856E-05
           Type = (3,-1) BCP O2 Ti1
           Rho =  9.6747970919E-02
           GradRho = -1.7000290065E-16 -2.0816681712E-17  7.6232965253E-19
           HessRho_EigVals = -2.1517267368E-01 -1.6448228265E-01  7.9416740558E-01
           HessRho_EigVec1 =  1.1251107529E-01 -1.9543807953E-01  9.7424084035E-01
           HessRho_EigVec2 = -4.8591518371E-01  8.4441201483E-01  2.2551005176E-01
           HessRho_EigVec3 =  8.6673392236E-01  4.9877079533E-01 -3.9373459378E-05
           DelSqRho =  4.1451244925E-01
           Bond Ellipticity =  3.0818146617E-01
           V = -1.4370799599E-01
           G =  1.2366805415E-01
           K =  2.0039941840E-02
           L = -1.0362811231E-01
           Vnuc =  2.2789875508E+01
           Ven = -2.2048742129E+00
           Vrep =  2.0611662169E+00
           DelSqV = -1.1931682729E+00
           DelSqVen = -9.4466871149E+00
           DelSqVrep =  8.2535188420E+00
           DelSqG =  9.7619042142E-01
           DelSqK =  2.1697785145E-01
           Stress_EigVals = -7.1342045850E-02 -6.5764920410E-02 -6.6010297335E-03
           Stress_EigVec1 = -2.3723598173E-01  4.1219665808E-01  8.7966641634E-01
           Stress_EigVec2 = -4.3880644820E-01  7.6240534172E-01 -4.7559120675E-01
           Stress_EigVec3 =  8.6669948079E-01  4.9883064259E-01 -4.5717761445E-06
           -DivStress = -5.6508011371E-02 -3.2517512396E-02 -4.8616382424E-06
           ESP =   8.6307908079E-01
           ESPe = -2.1926796427E+01
           ESPn =  2.2789875508E+01
           BPL =  3.7423515744E+00 =  1.8413515744E+00 +  1.9010000000E+00                
           GBL_I =  3.7423515539E+00                                                      
           GBL_II =  3.7416580307E+00                                                     
           GBL_III =  3.7423515565E+00 =  1.8413515662E+00 +  1.9009999903E+00            
           GBL_IV =  3.7416580334E+00 =  1.8413469176E+00 +  1.9003111158E+00             

CP# 15     Coords =  4.31918622469824E+00  1.79019591712848E+00  1.05224877596205E+00
           Type = (3,-1) BCP H3 O2
           Rho =  3.4823068388E-01
           GradRho = -1.0188789916E-16 -5.3315641832E-17  2.5093859282E-16
           HessRho_EigVals = -1.8020067342E+00 -1.7732104156E+00  9.2292088959E-01
           HessRho_EigVec1 =  5.5586632155E-01  6.5061562894E-01 -5.1740886729E-01
           HessRho_EigVec2 = -4.2987819579E-01  7.5772671671E-01  4.9097348154E-01
           HessRho_EigVec3 =  7.1148954269E-01 -5.0492832805E-02  7.0088023547E-01
           DelSqRho = -2.6522962602E+00
           Bond Ellipticity =  1.6239651163E-02
           V = -7.8343609564E-01
           G =  6.0181015299E-02
           K =  7.2325508034E-01
           L =  6.6307406504E-01
           Vnuc =  1.7517939744E+01
           Ven = -6.1002841372E+00
           Vrep =  5.3168480415E+00
           DelSqV =  1.0709278337E+01
           DelSqVen =  4.6462766069E+01
           DelSqVrep = -3.5753487732E+01
           DelSqG =  5.7218027350E+00
           DelSqK = -1.6431081072E+01
           Stress_EigVals = -5.0202092058E-01 -4.9095036188E-01  2.0953518682E-01
           Stress_EigVec1 = -4.3926013217E-01  7.4643478360E-01  4.9988563704E-01
           Stress_EigVec2 = -5.5092959569E-01 -6.6334797575E-01  5.0640501938E-01
           Stress_EigVec3 =  7.0959644650E-01 -5.2958256163E-02  7.0261533304E-01
           -DivStress =  7.5653634278E-01 -5.4937128545E-02  7.4629259273E-01
           ESP =   2.4039808906E+00
           ESPe = -1.5113958853E+01
           ESPn =  1.7517939744E+01
           BPL =  1.8026614235E+00 =  2.9546225124E-01 +  1.5071991723E+00                
           GBL_I =  1.8025711422E+00                                                      
           GBL_II =  1.8553601221E+00                                                     
           GBL_III =  1.8025740832E+00 =  2.9546218567E-01 +  1.5071118975E+00            
           GBL_IV =  1.8553639941E+00 =  3.4824933795E-01 +  1.5071146561E+00             

CP# 16     Coords = -9.48013429575429E-01  1.64693958502315E+00 -4.55524118814409E-05
           Type = (3,-1) BCP O4 Ti1
           Rho =  9.6744697497E-02
           GradRho = -6.9388939039E-18  2.7755575616E-17 -1.0926725020E-19
           HessRho_EigVals = -2.1504037668E-01 -1.6458082852E-01  7.9413407889E-01
           HessRho_EigVec1 =  1.9763594285E-01  1.1379797125E-01  9.7364780893E-01
           HessRho_EigVec2 =  8.4381561772E-01  4.8576255469E-01 -2.2805688709E-01
           HessRho_EigVec3 = -4.9891405811E-01  8.6665146524E-01 -2.0364905788E-05
           DelSqRho =  4.1451287369E-01
           Bond Ellipticity =  3.0659432575E-01
           V = -1.4370076949E-01
           G =  1.2366449396E-01
           K =  2.0036275534E-02
           L = -1.0362821842E-01
           Vnuc =  2.2789807834E+01
           Ven = -2.2047930649E+00
           Vrep =  2.0610922954E+00
           DelSqV = -1.1932309957E+00
           DelSqVen = -9.4466687359E+00
           DelSqVrep =  8.2534377402E+00
           DelSqG =  9.7627072041E-01
           DelSqK =  2.1696027530E-01
           Stress_EigVals = -7.1380807051E-02 -6.5727754141E-02 -6.5922082970E-03
           Stress_EigVec1 = -4.0957259939E-01 -2.3575634308E-01  8.8128839351E-01
           Stress_EigVec2 =  7.6382602655E-01  4.3958962088E-01  4.7257884674E-01
           Stress_EigVec3 = -4.9881869151E-01  8.6670635853E-01  3.2967077265E-05
           -DivStress =  3.2531513756E-02 -5.6496700970E-02 -2.2002861138E-06
           ESP =   8.6300118891E-01
           ESPe = -2.1926806645E+01
           ESPn =  2.2789807834E+01
           BPL =  3.7423396489E+00 =  1.8413396489E+00 +  1.9010000000E+00                
           GBL_I =  3.7423395460E+00                                                      
