AIMSum (Version 19.02.13, Professional)
Copyright (c) 1997-2019 by Todd A. Keith
AIMSum is a component of the AIMAll package ( http://aim.tkgristmill.com )

TP:  64-bit Linux

Licensed To:  Research Group of Fernando Cortes Guzman, UNAM, fercor@unam.mx

Much of the Quantum Theory of Atoms in Molecules (QTAIM) is described in the book:
  "Atoms in Molecules - A Quantum Theory"
  R.F.W. Bader, Oxford University Press, Oxford, 1990

For additional references see:  http://aim.tkgristmill.com/references.html

Wfx File:  /home/scratch/M_H2O_4_cuadrado_plano/Opt/V2_cuadrado_plano_cc-pvtz-def2-tzv_1.wfx
Sum File:  /home/scratch/M_H2O_4_cuadrado_plano/Opt/V2_cuadrado_plano_cc-pvtz-def2-tzv_1.sum

SumViz File:  /home/scratch/M_H2O_4_cuadrado_plano/Opt/V2_cuadrado_plano_cc-pvtz-def2-tzv_1.sumviz

Wfx Title:   V2_cuadrado_plano_cc-pvtz-def2-tzv_1                                          
 
Total memory allocated for AIMSum =        0.946 Megabytes

Atomic units (a.u.) used throughout, except where stated otherwise

Model:  Unrestricted SCF
 
Unrestricted, single-determinant wavefunction.
  Number of electrons (from MO Occs)                   =          61.0000000000
  Number of Alpha electrons (from MO Occs)             =          31.0000000000
  Number of Beta electrons (from MO Occs)              =          30.0000000000
  Number of electron pairs (N*(N-1)/2)                 =        1830.0000000000
  Number of electron pairs (from Muller 2EDM)          =        1830.0000000000
 
Nuclear Charges and Cartesian Coordinates:
-------------------------------------------------------------------------------
Atom      Charge                X                  Y                  Z
-------------------------------------------------------------------------------
V1        23.0           1.6108166266E-04   3.2908732655E-04   3.0765137008E-04
O2         8.0           3.9782849488E+00   3.9349321053E-02   1.6590880186E-03
H3         1.0           5.0825991021E+00   5.4378779933E-02   1.4856140181E+00
O4         8.0           4.3325034314E-02  -3.8241227814E+00  -1.9902743489E-03
H5         1.0          -1.4320282743E+00  -4.9427483304E+00  -4.0203531039E-03
O6         8.0          -3.9782244778E+00  -4.1060928084E-02   1.7622365986E-03
H7         1.0          -5.0821747550E+00  -5.5434423803E-02   1.4859950123E+00
O8         8.0          -4.3695953129E-02   3.8249547256E+00  -1.9791424429E-03
H9         1.0           1.4313298876E+00   4.9440179623E+00  -2.0327950513E-03
H10        1.0           5.0837882001E+00   5.4113922539E-02  -1.4814130329E+00
H11        1.0          -1.5454062931E+00   4.9079714201E+00  -3.9519616698E-03
H12        1.0           1.5447767386E+00  -4.9075026992E+00  -1.8570332512E-03
H13        1.0          -5.0841059017E+00  -5.5328337610E-02  -1.4810250986E+00
 
Some Atomic Properties:
----------------------
  q(A) = Net Charge of Atom A
  L(A) = Lagrangian of Atom A = -(1/4) Times Atomic Integral of the Laplacian of the Electron Density
  K(A) = Electronic Kinetic Energy of Atom A (Hamiltonian Form)
  K_Scaled(A) = K(A) * E(Mol)/K(Mol) = Approximation to Virial-Based Total Energy of Atom A.
  |Mu_Intra(A)| = Magnitude of Intraatomic Dipole Moment of Atom A
--------------------------------------------------------------------------------------------------
Atom A          q(A)              L(A)              K(A)          K_Scaled(A)      |Mu_Intra(A)|
--------------------------------------------------------------------------------------------------
V1        1.5461137090E+00 -1.0497772657E-04  9.4271096179E+02 -9.4503571158E+02  6.0363849808E-04
O2       -1.1891887405E+00 -2.6558335129E-05  7.5301087967E+01 -7.5486782411E+01  1.7961768268E-01
H3        6.4416932558E-01  1.0596496832E-05  3.3222095374E-01 -3.3304021926E-01  1.2693033646E-01
O4       -1.1811329281E+00 -2.2830981440E-05  7.5316621557E+01 -7.5502354308E+01  1.6507250425E-01
H5        6.5447647934E-01  1.5633032798E-05  3.2482707495E-01 -3.2562810698E-01  1.2425294996E-01
O6       -1.1891667218E+00  2.9351106122E-05  7.5301084792E+01 -7.5486779229E+01  1.7962613525E-01
H7        6.4415750038E-01  1.3722325196E-05  3.3223201891E-01 -3.3305131172E-01  1.2693460193E-01
O8       -1.1812125047E+00 -8.8079928864E-05  7.5316543783E+01 -7.5502276341E+01  1.6500370422E-01
H9        6.5448747370E-01  2.8842682346E-05  3.2482889098E-01 -3.2562992749E-01  1.2424653355E-01
H10       6.4415296676E-01  9.9638553447E-06  3.3223188689E-01 -3.3305117937E-01  1.2693489757E-01
H11       6.5445645876E-01  1.2780724965E-05  3.2483449345E-01 -3.2563554377E-01  1.2426285494E-01
H12       6.5447160855E-01  3.2370242919E-05  3.2483352934E-01 -3.2563457728E-01  1.2426044978E-01
H13       6.4414853458E-01  1.3475667078E-05  3.3223754421E-01 -3.3305685064E-01  1.2693934915E-01
--------------------------------------------------------------------------------------------------
Total     1.9999331616E+00 -7.5710838402E-05  1.2465745463E+03 -1.2496486316E+03
 
1st Largest |L(A)| = 1.0497772657E-04, atom V1      
2nd Largest |L(A)| = 8.8079928864E-05, atom O8      
 
Molecular charge q(Mol) from the wfx file:   2.0000000000E+00
Molecular energy E(Mol) from the wfx file:  -1.2496486447E+03
Molecular virial ratio (-V(Mol)/T(Mol)) from the wfx file:   2.0024660260E+00
Full molecular virial ratio ((-V(Mol)+W(Mol))/T(Mol)) from the wfx file:   2.0024660028E+00
Note.  K_Scaled(A) = (1+V(Mol)/T(Mol))*K(A) = (E(Mol)/T(Mol))*K(A)
       Only use K_Scaled(A) data with caution.
 
N_AIMInt(SumA)     =         61.000067
N_Analytic(Mol)    =         61.000000
 
G_AIMInt(SumA)     =       1246.574622
G_Analytic(Mol)    =       1246.574559
 
K_AIMInt(SumA)     =       1246.574546
K_Analytic(Mol)    =       1246.574559
 
L_AIMInt(SumA)     =         -0.000076
L_Analytic(Mol)    =          0.000000
 
VenT_AIMInt(SumA)  =      -3642.579010
VenT_Analytic(Mol) =      -3642.578166
 
Some Information About the Atomic Calculations:
----------------------------------------------
  Time(sec) = "Elapsed User Time", in Seconds, for Atom A by AIMInt and, if used, by TWOe
  NProc = Number of Processors Used for AIMInt Job
  BIM = Basin Integration Method
  OAQ = Angular Quadrature Outside of Beta Sphere
  ORQ = Multiple of Default for Radial Quadrature Outside of Beta Sphere
  IAQ = Multiple of Default for Angular Quadrature Inside of Beta Sphere
  IRQ = Multiple of Default for Radial Quadrature Inside of Beta Sphere
  MIR = Maximum Integration Radius
------------------------------------------------------------------------------------------------------
Atom A     Time(sec)   NProc      BIM          OAQ                     ORQ      IAQ      IRQ      MIR
------------------------------------------------------------------------------------------------------
V1            344        1     Proaim(5)    4500(GS4)                  1.00     1.00     1.00    13.00
O2            182        1     Proaim(5)    4500(GS4)                  1.00     1.00     1.00    13.00
H3             60        1     Proaim(5)    1800(GS4)                  1.00     1.00     1.00    13.00
O4            187        1     Proaim(5)    4500(GS4)                  1.00     1.00     1.00    13.00
H5             61        1     Proaim(5)    1800(GS4)                  1.00     1.00     1.00    13.00
O6            179        1     Proaim(5)    4500(GS4)                  1.00     1.00     1.00    13.00
H7             60        1     Proaim(5)    1800(GS4)                  1.00     1.00     1.00    13.00
O8            184        1     Proaim(5)    4500(GS4)                  1.00     1.00     1.00    13.00
H9             61        1     Proaim(5)    1800(GS4)                  1.00     1.00     1.00    13.00
H10            60        1     Proaim(5)    1800(GS4)                  1.00     1.00     1.00    13.00
H11            61        1     Proaim(5)    1800(GS4)                  1.00     1.00     1.00    13.00
H12            62        1     Proaim(5)    1800(GS4)                  1.00     1.00     1.00    13.00
H13            60        1     Proaim(5)    1800(GS4)                  1.00     1.00     1.00    13.00
------------------------------------------------------------------------------------------------------
Total        1561
Note:  Total wall clock time is less than total of atomic times if more than one atom
       was calculated at a time
 
Electron Density Critical Point Analysis of Molecular Structure:               
---------------------------------------------------------------                
  NACP = Nuclear Attractor Critical Point                                      
  NNACP = Non-Nuclear Attractor Critical Point                                 
  BCP = Bond Critical Point                                                    
  RCP = Ring Critical Point                                                    
  CCP = Cage Critical Point                                                    
  Rho = Electron Density                                                       
  GradRho = Gradient of Electron Density                                       
  HessRho_EigVals = Eigenvalues of the Hessian of Rho, Ascending Order         
  HessRho_EigVecs = Eigenvectors of the Hessian of Rho                         
  DelSqRho = Laplacian of Rho = Trace of Hessian of Rho                        
  Bond Ellipticity = (HessRho_EigVal(1) / HessRho_EigVal(2)) - 1               
  V = Virial Field = Potential Energy Density = Trace of Stress Tensor         
  G = Lagrangian Form of Kinetic Energy Density                                
  K = Hamiltonian Form of Kinetic Energy Density                               
  L = K - G = Lagrangian Density = (-1/4)DelSqRho                              
  Vnuc = Electrostatic Potential from Nuclei                                   
  Ven = Electron-nuclear attractive contribution to Virial Field V             
  Vrep = V - Ven = Repulsive contribution to Virial Field V                    
  DelSqV = Laplacian of V                                                      
  DelSqVen = Laplacian of Ven                                                  
  DelSqVrep = Laplacian of Vrep                                                
  DelSqG = Laplacian of G                                                      
  DelSqK = Laplacian of K                                                      
  Stress_EigVals = Eigenvalues of Stress Tensor, Ascending Order               
  Stress_EigVecs = Eigenvectors of Stress Tensor                               
  -DivStress = Ehrenfest Force Density = Minus Divergence of Stress Tensor     
  ESP = Total Electrostatic Potential                                          
  ESPe = Electrostatic Potential from Electrons                                
  ESPn = Electrostatic Potential from Nuclei                                   
  BP = Bond Path                                                               
  BPL = Bond Path Length                                                       
  GBL = Geometric Bond Length                                                  
  GBL_I = Distance Between Nuclear Attractors                                  
  GBL_II = Distance Between Nuclei                                             
  GBL_III = Sum of Distances Between BCP and Nuclear Attractors                
  GBL_IV = Sum of Distances Between BCP and Nuclei                             

CP# 1      Coords =  1.61081660505611E-04  3.29087332027935E-04  3.07651377099764E-04
           Type = (3,-3) NACP V1
           Rho =  8.1156429307E+03     Rho at Nucleus =  8.1156429307E+03
           GradRho =  7.5704776649E-12  1.0950410067E-11  5.1141249235E-12
           HessRho_EigVals = -1.3018509177E+09 -1.3018505218E+09 -1.3018503794E+09
           HessRho_EigVec1 =  8.9876162874E-05  1.4301294792E-06  9.9999999596E-01
           HessRho_EigVec2 =  9.9990482380E-01  1.3796204691E-02 -8.9887339524E-05
           HessRho_EigVec3 = -1.3796204764E-02  9.9990482784E-01 -1.9004342507E-07
           DelSqRho = -3.9055518190E+09
           Bond Ellipticity = NA
           V = -9.7659471969E+08
           G =  1.0338247296E+05
           K =  9.7649133721E+08
           L =  9.7638795474E+08
           Vnuc =  2.3000000097E+09
           Ven = -1.8665978820E+13
           Vrep =  1.8665002225E+13
           DelSqV =  2.2751570013E+16
           DelSqVen =  5.5997889247E+29
           DelSqVrep = -5.5997889247E+29
           DelSqG =  1.5665586124E+14
           DelSqK = -2.2908225874E+16
           Stress_EigVals = -3.2553161029E+08 -3.2553158600E+08 -3.2553152339E+08
           Stress_EigVec1 = -1.3174121548E-02  9.9991321749E-01 -3.5303511735E-06
           Stress_EigVec2 =  9.9991321545E-01  1.3174121295E-02 -6.3989861438E-05
           Stress_EigVec3 =  6.3937798963E-05  4.3730550060E-06  9.9999999795E-01
           -DivStress =  1.6253576699E+04 -4.1415469131E+04 -5.3026657107E+04
           ESP =  -9.6971236165E+01     ESP at Nucleus =  -9.6971236165E+01
           ESPe = -1.0670881367E+02     ESPe at Nucleus = -1.0670881367E+02
           ESPn =  9.7375775036E+00     ESPn at Nucleus =  9.7375775036E+00

CP# 2      Coords =  3.97828953016966E+00  3.93493951674690E-02  1.65908982059517E-03
           Type = (3,-3) NACP O2
           Rho =  2.9727514989E+02     Rho at Nucleus =  2.9727513824E+02
           GradRho =  1.5891385430E-11 -2.5193279537E-12 -9.3934585045E-14
           HessRho_EigVals = -1.1097330145E+06 -1.1097215369E+06 -1.1096968160E+06
           HessRho_EigVec1 = -4.2159951248E-04  8.9394803419E-05  9.9999990713E-01
           HessRho_EigVec2 =  9.9992528178E-01  1.2216957482E-02  4.2047591786E-04
           HessRho_EigVec3 = -1.2216918759E-02  9.9992536619E-01 -9.4538787317E-05
           DelSqRho = -3.3291513675E+06
           Bond Ellipticity = NA
           V = -8.3242402827E+05
           G =  6.8093201361E+01
           K =  8.3235593506E+05
           L =  8.3228784186E+05
           Vnuc =  1.7459975238E+06
           Ven = -5.1904167560E+08
           Vrep =  5.1820925157E+08
           DelSqV =  9.3079891468E+10
           DelSqVen =  5.8126900388E+12
           DelSqVrep = -5.7196101473E+12
           DelSqG =  3.1074408801E+09
           DelSqK = -9.6187332348E+10
           Stress_EigVals = -2.7747959745E+05 -2.7747342961E+05 -2.7747100121E+05
           Stress_EigVec1 = -1.2396780023E-02  9.9992315250E-01 -9.4535581029E-05
           Stress_EigVec2 =  9.9992306519E-01  1.2396819338E-02  4.2729189804E-04
           Stress_EigVec3 = -4.2843100224E-04  8.9231264286E-05  9.9999990424E-01
           -DivStress = -1.3957558850E+05 -2.2581570437E+03 -5.4907019790E+01
           ESP =  -2.1938461248E+01     ESP at Nucleus =  -2.1938461379E+01
           ESPe = -3.3557417197E+01     ESPe at Nucleus = -3.3557425070E+01
           ESPn =  1.1618955949E+01     ESPn at Nucleus =  1.1618963691E+01

CP# 3      Coords =  5.05218216632249E+00  5.39688441133640E-02  1.44382228597358E+00
           Type = (3,-3) NACP H3
           Rho =  4.0105978883E-01     Rho at Nucleus =  3.9174288732E-01
           GradRho =  7.3866694011E-16 -1.9720197562E-17 -7.9602123504E-16
           HessRho_EigVals = -7.9181152210E+00 -7.9034079590E+00 -6.2480233341E+00
           HessRho_EigVec1 =  8.0639647041E-01  1.0877101774E-02 -5.9127524992E-01
           HessRho_EigVec2 = -1.3495598472E-02  9.9990893020E-01 -1.1317529252E-05
           HessRho_EigVec3 =  5.9122127950E-01  7.9887397748E-03  8.0646982504E-01
           DelSqRho = -2.2069546514E+01
           Bond Ellipticity = NA
           V = -5.5722864268E+00
           G =  2.7449899128E-02
           K =  5.5448365276E+00
           L =  5.5173866285E+00
           Vnuc =  3.2604331523E+01
           Ven = -1.3076286315E+01
           Vrep =  7.5039998887E+00
           DelSqV =  1.3405026011E+03
           DelSqVen =  7.1956281110E+02
           DelSqVrep =  6.2093979002E+02
           DelSqG =  1.0332340100E+02
           DelSqK = -1.4438260021E+03
           Stress_EigVals = -2.0036371171E+00 -1.9972198894E+00 -1.5714294203E+00
           Stress_EigVec1 = -1.2395126203E-02  9.9992286308E-01 -7.9293519452E-04
           Stress_EigVec2 =  8.0848726569E-01  9.5554470823E-03 -5.8843609223E-01
           Stress_EigVec3 =  5.8838312523E-01  7.9348176329E-03  8.0854334244E-01
           -DivStress =  1.3965302486E+01  1.8814932655E-01  1.9187299622E+01
           ESP =  -6.2241315456E-01     ESP at Nucleus =  -6.2514336151E-01
           ESPe = -1.3880826851E+01     ESPe at Nucleus = -1.3701797711E+01
           ESPn =  1.3258413696E+01     ESPn at Nucleus =  1.3076654350E+01

CP# 4      Coords =  4.33250875210029E-02 -3.82412731025671E+00 -1.99027936855692E-03
           Type = (3,-3) NACP O4
           Rho =  2.9730384715E+02     Rho at Nucleus =  2.9730383577E+02
           GradRho =  3.0681854626E-12 -1.2588613485E-10 -2.5950162158E-14
           HessRho_EigVals = -1.1098162270E+06 -1.1098047790E+06 -1.1097835872E+06
           HessRho_EigVec1 =  9.9993015186E-01  1.1794947607E-02  7.5538788833E-04
           HessRho_EigVec2 = -1.1795510370E-02  9.9993015307E-01  7.4492816458E-04
           HessRho_EigVec3 = -7.4654873813E-04 -7.5378631841E-04  9.9999943724E-01
           DelSqRho = -3.3294045932E+06
           Bond Ellipticity = NA
           V = -8.3248709885E+05
           G =  6.7975277041E+01
           K =  8.3241912358E+05
           L =  8.3235114830E+05
           Vnuc =  1.7663293846E+06
           Ven = -5.2513652139E+08
           Vrep =  5.2430403429E+08
           DelSqV =  9.3086815076E+10
           DelSqVen =  5.8808251965E+12
           DelSqVrep = -5.7877383815E+12
           DelSqG =  3.1076109086E+09
           DelSqK = -9.6194425985E+10
           Stress_EigVals = -2.7750001074E+05 -2.7749476289E+05 -2.7749232523E+05
           Stress_EigVec1 = -7.4807292869E-04 -7.6764880079E-04  9.9999942555E-01
           Stress_EigVec2 = -1.1770714705E-02  9.9993043484E-01  7.5879048204E-04
           Stress_EigVec3 =  9.9993044291E-01  1.1770140313E-02  7.5705666391E-04
           -DivStress = -1.6210323662E+03  1.3797729292E+05  1.5291013915E+02
           ESP =  -2.1924324867E+01     ESP at Nucleus =  -2.1924324998E+01
           ESPe = -3.3801241991E+01     ESPe at Nucleus = -3.3801250303E+01
           ESPn =  1.1876917125E+01     ESPn at Nucleus =  1.1876925305E+01

CP# 5      Coords = -1.38998060097657E+00 -4.91142222612898E+00 -3.96374779797747E-03
           Type = (3,-3) NACP H5
           Rho =  3.9846942644E-01     Rho at Nucleus =  3.8899124752E-01
           GradRho =  1.1708299261E-15 -2.9989032091E-15  7.0642547801E-19
           HessRho_EigVals = -7.8485571925E+00 -7.8354829136E+00 -6.1554136005E+00
           HessRho_EigVec1 = -5.9948984182E-01  8.0038228669E-01  3.5313374619E-04
           HessRho_EigVec2 = -6.5655151757E-04 -9.3296602664E-04  9.9999934926E-01
           HessRho_EigVec3 =  8.0038209531E-01  5.9948921986E-01  1.0847958607E-03
           DelSqRho = -2.1839453707E+01
           Bond Ellipticity = NA
           V = -5.5132927812E+00
           G =  2.6714677278E-02
           K =  5.4865781039E+00
           L =  5.4598634266E+00
           Vnuc =  3.2574869429E+01
           Ven = -1.2980089538E+01
           Vrep =  7.4667967566E+00
           DelSqV =  1.3223606706E+03
           DelSqVen =  7.1141735289E+02
           DelSqVrep =  6.1094331770E+02
           DelSqG =  1.0188175067E+02
           DelSqK = -1.4242424213E+03
           Stress_EigVals = -1.9854955952E+00 -1.9795299299E+00 -1.5482672561E+00
           Stress_EigVec1 = -7.9866227140E-04 -7.4096841673E-04  9.9999940655E-01
           Stress_EigVec2 = -5.9667483469E-01  8.0248310120E-01  1.1807302426E-04
           Stress_EigVec3 =  8.0248271246E-01  5.9667438629E-01  1.0830301839E-03
           -DivStress = -1.9093947832E+01 -1.4223908796E+01 -2.5704738668E-02
           ESP =  -6.1144763850E-01     ESP at Nucleus =  -6.1417201711E-01
           ESPe = -1.4114758702E+01     ESPe at Nucleus = -1.3934295540E+01
           ESPn =  1.3503311063E+01     ESPn at Nucleus =  1.3320123523E+01

CP# 6      Coords = -3.97822905949555E+00 -4.10609956564275E-02  1.76223966138444E-03
           Type = (3,-3) NACP O6
           Rho =  2.9727518981E+02     Rho at Nucleus =  2.9727517816E+02
           GradRho = -9.8269156701E-11  3.2632447092E-12 -6.6200557948E-14
           HessRho_EigVals = -1.1097331818E+06 -1.1097217041E+06 -1.1096969824E+06
           HessRho_EigVec1 =  6.9293098087E-04 -3.5410448248E-05  9.9999975930E-01
           HessRho_EigVec2 =  9.9992610842E-01  1.2136647227E-02 -6.9245018166E-04
           HessRho_EigVec3 = -1.2136619785E-02  9.9992634756E-01  4.3817690582E-05
           DelSqRho = -3.3291518683E+06
           Bond Ellipticity = NA
           V = -8.3242415328E+05
           G =  6.8093102819E+01
           K =  8.3235606017E+05
           L =  8.3228796707E+05
           Vnuc =  1.7459173655E+06
           Ven = -5.1901791623E+08
           Vrep =  5.1818549208E+08
           DelSqV =  9.3079905464E+10
           DelSqVen =  5.8124240568E+12
           DelSqVrep = -5.7193441514E+12
           DelSqG =  3.1074413986E+09
           DelSqK = -9.6187346862E+10
           Stress_EigVals = -2.7747963926E+05 -2.7747347121E+05 -2.7747104281E+05
           Stress_EigVec1 = -1.2254913758E-02  9.9992490476E-01  4.3858655736E-05
           Stress_EigVec2 =  9.9992466577E-01  1.2254941192E-02 -6.9223735193E-04
           Stress_EigVec3 =  6.9272285345E-04 -3.5372042630E-05  9.9999975944E-01
           -DivStress =  1.3958511251E+05  2.0587581593E+03 -9.3330465401E+01
           ESP =  -2.1938476149E+01     ESP at Nucleus =  -2.1938476281E+01
           ESPe = -3.3557223331E+01     ESPe at Nucleus = -3.3557231204E+01
           ESPn =  1.1618747182E+01     ESPn at Nucleus =  1.1618754923E+01

CP# 7      Coords = -5.05176863700871E+00 -5.50414682709355E-02  1.44419613912311E+00
           Type = (3,-3) NACP H7
           Rho =  4.0106364251E-01     Rho at Nucleus =  3.9174686231E-01
           GradRho =  1.4573845603E-15 -4.2114478137E-18 -3.4163210455E-16
           HessRho_EigVals = -7.9182110801E+00 -7.9035077782E+00 -6.2481383693E+00
           HessRho_EigVec1 =  8.0655256810E-01  1.0420684138E-02  5.9107052391E-01
           HessRho_EigVec2 = -1.2929133357E-02  9.9991641517E-01  1.3894425776E-05
           HessRho_EigVec3 = -5.9102097459E-01 -7.6532362118E-03  8.0661988295E-01
           DelSqRho = -2.2069857228E+01
           Bond Ellipticity = NA
           V = -5.5723645687E+00
           G =  2.7450130885E-02
           K =  5.5449144378E+00
           L =  5.5174643069E+00
           Vnuc =  3.2604840208E+01
           Ven = -1.3076615977E+01
           Vrep =  7.5042514083E+00
           DelSqV =  1.3405252380E+03
           DelSqVen =  7.1958416831E+02
           DelSqVrep =  6.2094106973E+02
           DelSqG =  1.0332526271E+02
           DelSqK = -1.4438505007E+03
           Stress_EigVals = -2.0036624085E+00 -1.9972440434E+00 -1.5714581168E+00
           Stress_EigVec1 = -1.2253049070E-02  9.9992480710E-01  4.9288304171E-04
           Stress_EigVec2 =  8.0863604378E-01  9.6190515284E-03  5.8823058620E-01
           Stress_EigVec3 = -5.8818161437E-01 -7.6061812304E-03  8.0869310280E-01
           -DivStress = -1.3960534690E+01 -1.8037808293E-01  1.9190851590E+01
           ESP =  -6.2242870439E-01     ESP at Nucleus =  -6.2515879452E-01
           ESPe = -1.3881080710E+01     ESPe at Nucleus = -1.3702059342E+01
           ESPn =  1.3258652005E+01     ESPn at Nucleus =  1.3076900547E+01

CP# 8      Coords = -4.36960074976684E-02  3.82495925440747E+00 -1.97914788577002E-03
           Type = (3,-3) NACP O8
           Rho =  2.9730375009E+02     Rho at Nucleus =  2.9730373871E+02
           GradRho = -2.0230772352E-12  2.1282299534E-10 -6.8019266435E-14
           HessRho_EigVals = -1.1098158716E+06 -1.1098044240E+06 -1.1097832290E+06
           HessRho_EigVec1 =  9.9992726580E-01  1.2042105859E-02  6.7141606101E-04
           HessRho_EigVec2 = -1.2041573787E-02  9.9992718480E-01 -7.9095194575E-04
           HessRho_EigVec3 = -6.8089189877E-04  7.8280951045E-04  9.9999946180E-01
           DelSqRho = -3.3294035247E+06
           Bond Ellipticity = NA
           V = -8.3248683183E+05
           G =  6.7975334125E+01
           K =  8.3241885650E+05
           L =  8.3235088116E+05
           Vnuc =  1.7663601702E+06
           Ven = -5.2514550259E+08
           Vrep =  5.2431301576E+08
           DelSqV =  9.3086785386E+10
           DelSqVen =  5.8809257861E+12
           DelSqVrep = -5.7878390007E+12
           DelSqG =  3.1076099313E+09
           DelSqK = -9.6194395317E+10
           Stress_EigVals = -2.7749992223E+05 -2.7749467361E+05 -2.7749223600E+05
           Stress_EigVec1 = -6.8261188981E-04  7.9962643413E-04  9.9999944732E-01
           Stress_EigVec2 = -1.2014533010E-02  9.9992749662E-01 -8.0777016804E-04
           Stress_EigVec3 =  9.9992758990E-01  1.2015077764E-02  6.7295525995E-04
           -DivStress =  1.6564369569E+03 -1.3797444228E+05  1.6580661375E+02
           ESP =  -2.1924318036E+01     ESP at Nucleus =  -2.1924318167E+01
           ESPe = -3.3799914576E+01     ESPe at Nucleus = -3.3799922886E+01
           ESPn =  1.1875596540E+01     ESPn at Nucleus =  1.1875604719E+01

CP# 9      Coords =  1.38929169003273E+00  4.91267921632154E+00 -2.03280830204409E-03
           Type = (3,-3) NACP H9
           Rho =  3.9846866930E-01     Rho at Nucleus =  3.8899051397E-01
           GradRho =  2.2757403600E-16 -9.1636767618E-16  9.5884129629E-19
           HessRho_EigVals = -7.8485446696E+00 -7.8354802610E+00 -6.1554188187E+00
           HessRho_EigVec1 = -5.9972925418E-01  8.0020242986E-01 -9.4494424545E-04
           HessRho_EigVec2 = -5.6128830795E-04  7.6021114475E-04  9.9999955352E-01
           HessRho_EigVec3 =  8.0020279094E-01  5.9972951680E-01 -6.7765949821E-06
           DelSqRho = -2.1839443749E+01
           Bond Ellipticity = NA
           V = -5.5132907024E+00
           G =  2.6714882536E-02
           K =  5.4865758199E+00
           L =  5.4598609373E+00
           Vnuc =  3.2573445501E+01
           Ven = -1.2979497483E+01
           Vrep =  7.4662067808E+00
           DelSqV =  1.3223605113E+03
           DelSqVen =  7.1138593073E+02
           DelSqVrep =  6.1097458059E+02
           DelSqG =  1.0188182879E+02
           DelSqK = -1.4242423401E+03
           Stress_EigVals = -1.9854952767E+00 -1.9795271150E+00 -1.5482683106E+00
           Stress_EigVec1 = -6.4133767898E-04  8.6467991491E-04  9.9999942051E-01
           Stress_EigVec2 = -5.9691528624E-01  8.0230354734E-01 -1.0765606511E-03
           Stress_EigVec3 =  8.0230401329E-01  5.9691563077E-01 -1.5931640283E-06
           -DivStress =  1.9089628192E+01  1.4229638135E+01  9.4114217068E-06
           ESP =  -6.1144256452E-01     ESP at Nucleus =  -6.1416686554E-01
           ESPe = -1.4113302633E+01     ESPe at Nucleus = -1.3932840005E+01
           ESPn =  1.3501860068E+01     ESPn at Nucleus =  1.3318673140E+01

CP# 10     Coords =  5.05333843179158E+00  5.37114080715937E-02 -1.43964655384480E+00
           Type = (3,-3) NACP H10
           Rho =  4.0106368142E-01     Rho at Nucleus =  3.9174702338E-01
           GradRho = -2.7128906760E-15  2.0940772038E-17 -8.8937104209E-16
           HessRho_EigVals = -7.9182315940E+00 -7.9035240834E+00 -6.2481687564E+00
           HessRho_EigVec1 =  8.0592259755E-01  1.0971306206E-02  5.9191924888E-01
           HessRho_EigVec2 = -1.3486688650E-02  9.9990903590E-01 -1.7076833031E-04
           HessRho_EigVec3 = -5.9186727903E-01 -7.8454045592E-03  8.0599725411E-01
           DelSqRho = -2.2069924434E+01
           Bond Ellipticity = NA
           V = -5.5723810798E+00
           G =  2.7449985641E-02
           K =  5.5449310941E+00
           L =  5.5174811085E+00
           Vnuc =  3.2604960935E+01
           Ven = -1.3076665665E+01
           Vrep =  7.5042845857E+00
           DelSqV =  1.3405316630E+03
           DelSqVen =  7.1958902401E+02
           DelSqVrep =  6.2094263898E+02
           DelSqG =  1.0332584808E+02
           DelSqK = -1.4438575111E+03
           Stress_EigVals = -2.0036659459E+00 -1.9972490211E+00 -1.5714661127E+00
           Stress_EigVec1 = -1.2400764825E-02  9.9992292661E-01  6.0155249247E-04
           Stress_EigVec2 =  8.0801552792E-01  9.6663918815E-03  5.8908188523E-01
           Stress_EigVec3 = -5.8903066785E-01 -7.7911296759E-03  8.0807312208E-01
           -DivStress =  1.3980622379E+01  1.8474508201E-01 -1.9176042165E+01
           ESP =  -6.2241371605E-01     ESP at Nucleus =  -6.2514389047E-01
           ESPe = -1.3881030614E+01     ESPe at Nucleus = -1.3702009035E+01
           ESPn =  1.3258616898E+01     ESPn at Nucleus =  1.3076865145E+01

CP# 11     Coords = -1.50262128717180E+00  4.87766302360244E+00 -3.89710681143953E-03
           Type = (3,-3) NACP H11
           Rho =  3.9846280033E-01     Rho at Nucleus =  3.8898522927E-01
           GradRho =  3.2844820613E-15  7.9949068199E-16  3.5295862912E-18
           HessRho_EigVals = -7.8485129275E+00 -7.8354341336E+00 -6.1554650090E+00
           HessRho_EigVec1 =  5.8014710240E-01  8.1451159264E-01 -4.5281435082E-04
           HessRho_EigVec2 = -5.9427541180E-04  9.7921407033E-04  9.9999934399E-01
           HessRho_EigVec3 =  8.1451150171E-01 -5.8014645272E-01  1.0521324177E-03
           DelSqRho = -2.1839412070E+01
           Bond Ellipticity = NA
           V = -5.5132816745E+00
           G =  2.6714328491E-02
           K =  5.4865673460E+00
           L =  5.4598530175E+00
           Vnuc =  3.2577769352E+01
           Ven = -1.2981029204E+01
           Vrep =  7.4677475300E+00
           DelSqV =  1.3223676585E+03
           DelSqVen =  7.1147932920E+02
           DelSqVrep =  6.1088832926E+02
           DelSqG =  1.0188298958E+02
           DelSqK = -1.4242506480E+03
           Stress_EigVals = -1.9854830433E+00 -1.9795181068E+00 -1.5482805244E+00
           Stress_EigVec1 = -7.4425618118E-04  7.6571649876E-04  9.9999942988E-01
           Stress_EigVec2 =  5.7728175441E-01  8.1654500045E-01 -1.9559657634E-04
           Stress_EigVec3 =  8.1654468470E-01 -5.7728127972E-01  1.0497528276E-03
           -DivStress = -1.9428709867E+01  1.3761765089E+01 -2.4908493422E-02
           ESP =  -6.1144637457E-01     ESP at Nucleus =  -6.1417027490E-01
           ESPe = -1.4117046143E+01     ESPe at Nucleus = -1.3936645614E+01
           ESPn =  1.3505599768E+01     ESPn at Nucleus =  1.3322475339E+01

CP# 12     Coords =  1.50199879879257E+00 -4.87718416867298E+00 -1.86236247987204E-03
           Type = (3,-3) NACP H12
           Rho =  3.9846149927E-01     Rho at Nucleus =  3.8898396006E-01
           GradRho = -3.4000038028E-15  5.6129146470E-16 -4.7624427459E-19
           HessRho_EigVals = -7.8484802041E+00 -7.8353942519E+00 -6.1554263001E+00
           HessRho_EigVec1 =  5.8033905077E-01  8.1437442721E-01  9.3725715248E-04
           HessRho_EigVec2 = -6.2101965723E-04 -7.0834097800E-04  9.9999955629E-01
           HessRho_EigVec3 =  8.1437472977E-01 -5.8033937533E-01  9.4664596849E-05
           DelSqRho = -2.1839300756E+01
           Bond Ellipticity = NA
           V = -5.5132526596E+00
           G =  2.6713735295E-02
           K =  5.4865389243E+00
           L =  5.4598251890E+00
           Vnuc =  3.2578608447E+01
           Ven = -1.2981321166E+01
           Vrep =  7.4680685065E+00
           DelSqV =  1.3223604278E+03
           DelSqVen =  7.1149402810E+02
           DelSqVrep =  6.1086639969E+02
           DelSqG =  1.0188228284E+02
           DelSqK = -1.4242427106E+03
           Stress_EigVals = -1.9854721547E+00 -1.9795092734E+00 -1.5482712316E+00
           Stress_EigVec1 = -7.1385504015E-04 -8.3661464470E-04  9.9999939524E-01
           Stress_EigVec2 =  5.7747375377E-01  8.1640851547E-01  1.0952525321E-03
           Stress_EigVec3 =  8.1640893804E-01 -5.7747418639E-01  9.9674334245E-05
           -DivStress =  1.9425408678E+01 -1.3766298387E+01  2.4220040615E-03
           ESP =  -6.1145423136E-01     ESP at Nucleus =  -6.1417815245E-01
           ESPe = -1.4117916760E+01     ESPe at Nucleus = -1.3937507348E+01
           ESPn =  1.3506462528E+01     ESPn at Nucleus =  1.3323329195E+01

CP# 13     Coords = -5.05364580360779E+00 -5.49383489431490E-02 -1.43926627907259E+00
           Type = (3,-3) NACP H13
           Rho =  4.0106672507E-01     Rho at Nucleus =  3.9175007610E-01
           GradRho =  1.8859696790E-15 -7.1421818112E-18  4.5812962798E-16
           HessRho_EigVals = -7.9182857428E+00 -7.9035715921E+00 -6.2482155083E+00
           HessRho_EigVec1 =  8.0578252247E-01  1.0456495505E-02 -5.9211923477E-01
           HessRho_EigVec2 = -1.2924062263E-02  9.9991647835E-01  7.0321428740E-05
           HessRho_EigVec3 =  5.9207051531E-01  7.5959220791E-03  8.0585036258E-01
           DelSqRho = -2.2070072843E+01
           Bond Ellipticity = NA
           V = -5.5724202529E+00
           G =  2.7451021032E-02
           K =  5.5449692318E+00
           L =  5.5175182108E+00
           Vnuc =  3.2604676063E+01
           Ven = -1.3076650651E+01
           Vrep =  7.5042303976E+00
           DelSqV =  1.3405418655E+03
           DelSqVen =  7.1958757573E+02
           DelSqVrep =  6.2095428974E+02
           DelSqG =  1.0332646444E+02
           DelSqK = -1.4438683299E+03
           Stress_EigVals = -2.0036788006E+00 -1.9972632160E+00 -1.5714782363E+00
           Stress_EigVec1 = -1.2256392993E-02  9.9992480604E-01 -4.0386422477E-04
           Stress_EigVec2 =  8.0786892206E-01  9.6642953865E-03 -5.8928295933E-01
           Stress_EigVec3 =  5.8923474575E-01  7.5487528894E-03  8.0792662460E-01
           -DivStress = -1.3985466097E+01 -1.7901773761E-01 -1.9172659370E+01
           ESP =  -6.2242544758E-01     ESP at Nucleus =  -6.2515570604E-01
           ESPe = -1.3880683222E+01     ESPe at Nucleus = -1.3701661621E+01
           ESPn =  1.3258257775E+01     ESPn at Nucleus =  1.3076505915E+01

CP# 14     Coords =  1.92712363187113E+00  1.84013328673854E-02  1.09529014787726E-03
           Type = (3,-1) BCP O2 V1
           Rho =  5.8456848459E-02
           GradRho = -1.5092094241E-16 -1.1519648083E-18 -1.4399560103E-19
           HessRho_EigVals = -6.3427286469E-02 -4.7428165984E-02  4.9239937434E-01
           HessRho_EigVec1 = -2.7055817212E-04  3.8987288475E-05  9.9999996264E-01
           HessRho_EigVec2 = -1.0431896628E-02  9.9994558541E-01 -4.1807603443E-05
           HessRho_EigVec3 =  9.9994554968E-01  1.0431907549E-02  2.7013673845E-04
           DelSqRho =  3.8154392189E-01
           Bond Ellipticity =  3.3733373731E-01
           V = -9.1441364665E-02
           G =  9.3413672569E-02
           K = -1.9723079033E-03
           L = -9.5385980472E-02
           Vnuc =  2.2516367737E+01
           Ven = -1.3162358966E+00
           Vrep =  1.2247945320E+00
           DelSqV = -1.0836459742E+00
           DelSqVen = -8.5909832529E+00
           DelSqVrep =  7.5073372786E+00
           DelSqG =  9.7405966577E-01
           DelSqK =  1.0958630848E-01
           Stress_EigVals = -4.7251432987E-02 -4.7175975908E-02  2.9860442291E-03
           Stress_EigVec1 = -9.8303238509E-03  9.9994948981E-01 -2.0934560388E-03
           Stress_EigVec2 = -3.7401465522E-04  2.0898801957E-03  9.9999774625E-01
           Stress_EigVec3 =  9.9995161125E-01  9.8310846791E-03  3.5345156454E-04
           -DivStress = -3.2384830486E-02 -2.9144261359E-04 -1.5488601262E-05
           ESP =   7.8978988037E-01
           ESPe = -2.1726577856E+01
           ESPn =  2.2516367737E+01
           BPL =  3.9792730032E+00 =  2.0512730032E+00 +  1.9280000000E+00                
           GBL_I =  3.9792671523E+00                                                      
           GBL_II =  3.9783154610E+00                                                     
           GBL_III =  3.9792675086E+00 =  2.0512729417E+00 +  1.9279945669E+00            
           GBL_IV =  3.9783158155E+00 =  2.0512683599E+00 +  1.9270474557E+00             

CP# 15     Coords =  4.87211520410443E+00  5.15324305893634E-02  1.19931078357180E+00
           Type = (3,-1) BCP H3 O2
           Rho =  3.5326965346E-01
           GradRho =  4.0897623829E-14  2.5286982794E-16 -2.7398602050E-14
           HessRho_EigVals = -1.8011291845E+00 -1.7654006319E+00  9.1519588452E-01
           HessRho_EigVec1 =  8.0337987494E-01  1.0371556514E-02 -5.9537652571E-01
           HessRho_EigVec2 = -1.3138319874E-02  9.9991364058E-01 -3.0972155768E-04
           HessRho_EigVec3 =  5.9532189704E-01  8.0710713067E-03  8.0344676035E-01
           DelSqRho = -2.6513339319E+00
           Bond Ellipticity =  2.0238212185E-02
           V = -7.8996024107E-01
           G =  6.3563379046E-02
           K =  7.2639686202E-01
           L =  6.6283348297E-01
           Vnuc =  1.7325616123E+01
           Ven = -6.1206144039E+00
           Vrep =  5.3306541628E+00
           DelSqV =  1.2812593387E+01
           DelSqVen =  4.5935993919E+01
           DelSqVrep = -3.3123400532E+01
           DelSqG =  5.6382584934E+00
           DelSqK = -1.8450851880E+01
           Stress_EigVals = -5.0428168031E-01 -4.9208364244E-01  2.0640508169E-01
           Stress_EigVec1 = -1.2610719359E-02  9.9992025435E-01 -6.7431111761E-04
           Stress_EigVec2 =  8.0552470650E-01  9.7595072148E-03 -5.9248181342E-01
           Stress_EigVec3 =  5.9242798463E-01  8.0147961394E-03  8.0558354382E-01
           -DivStress =  6.6990619025E-01  9.0439440853E-03  9.0548506455E-01
           ESP =   2.3304367715E+00
           ESPe = -1.4995179352E+01
           ESPn =  1.7325616123E+01
           BPL =  1.7981727547E+00 =  3.0367107887E-01 +  1.4945016758E+00                
           GBL_I =  1.7981362036E+00                                                      
           GBL_II =  1.8498264428E+00                                                     
           GBL_III =  1.7981413347E+00 =  3.0367074571E-01 +  1.4944705890E+00            
           GBL_IV =  1.8498338735E+00 =  3.5536054246E-01 +  1.4944733311E+00             

CP# 16     Coords =  2.16155573159917E-02 -1.89319534575260E+00 -6.84277493265368E-04
           Type = (3,-1) BCP V1 O4
           Rho =  7.8338845209E-02
           GradRho =  9.2157184661E-19 -1.3877787808E-17 -1.1011428314E-19
           HessRho_EigVals = -1.4521146646E-01 -9.5376881393E-02  6.5438334526E-01
           HessRho_EigVec1 = -3.3665730000E-04 -6.9257312464E-04  9.9999970350E-01
           HessRho_EigVec2 =  9.9993766807E-01  1.1159811665E-02  3.4436540324E-04
           HessRho_EigVec3 = -1.1160046854E-02  9.9993748752E-01  6.8877292316E-04
           DelSqRho =  4.1379499740E-01
           Bond Ellipticity =  5.2250172517E-01
           V = -1.1898203698E-01
           G =  1.1121539316E-01
           K =  7.7666438130E-03
           L = -1.0344874935E-01
           Vnuc =  2.2909303207E+01
           Ven = -1.7946883578E+00
           Vrep =  1.6757063208E+00
           DelSqV = -1.2373613960E+00
           DelSqVen = -9.4797550613E+00
           DelSqVrep =  8.2423936653E+00
           DelSqG =  1.0628535085E+00
           DelSqK =  1.7450788756E-01
           Stress_EigVals = -6.2138829635E-02 -5.7138107562E-02  2.9490021972E-04
           Stress_EigVec1 =  9.9993607018E-01  1.1295819293E-02  5.0992427232E-04
           Stress_EigVec2 = -5.0341788685E-04 -5.7883529015E-04  9.9999970576E-01
           Stress_EigVec3 = -1.1296111132E-02  9.9993603266E-01  5.7311176784E-04
           -DivStress = -5.1510026103E-04  4.5400151409E-02  2.1799038316E-05
           ESP =   8.3595351259E-01
           ESPe = -2.2073349695E+01
           ESPn =  2.2909303207E+01
           BPL =  3.8250544503E+00 =  1.8940000000E+00 +  1.9310544503E+00                
           GBL_I =  3.8250542576E+00                                                      
