 AIMInt (Version 19.02.13, Professional)
 Portions Copyright (c) 1997-2019 by Todd A. Keith
 AIMInt is a component of the AIMAll package ( http://aim.tkgristmill.com )

 TP:  64-bit Linux

 Licensed To:  Research Group of Fernando Cortes Guzman, UNAM, fercor@unam.mx

 AIMInt is a heavily modified and extended version of the PROAIMV program
 developed by members of R.F.W. Bader's research group

 Much of the Quantum Theory of Atoms in Molecules (QTAIM) is described in the book:
   "Atoms in Molecules - A Quantum Theory"
   R.F.W. Bader, Oxford University Press, Oxford, 1990

 For additional references see:  http://aim.tkgristmill.com/references.html

 Current Directory:  /home/scratch/M_H2O_4_tetraedrico/Opt

 Inp File:  Mn3_tetraedrico_cc-pvtz-def2-tzv_1_atomicfiles/mn1.inp
 Wfx File:  Mn3_tetraedrico_cc-pvtz-def2-tzv_1.wfx
 Out File:  Mn3_tetraedrico_cc-pvtz-def2-tzv_1_atomicfiles/mn1.int

 Wfx Title:   Mn3_tetraedrico_cc-pvtz-def2-tzv_1                                            
 Job Title:   Mn3_tetraedrico_cc-pvtz-def2-tzv_1                                            
 
<Atom>
Mn1     
</Atom>
<Nuclei of Molecule>
    13
Mn1       25.0          -2.3417154361E-05   5.1701735360E-05  -2.4150699978E-05
O2         8.0          -1.8201651221E+00   2.1677096249E+00   1.9868035375E+00
H3         1.0          -3.4659205552E+00   2.9278486125E+00   1.4822867789E+00
O4         8.0           2.1715928313E+00   1.8100777495E+00  -1.9917644655E+00
H5         1.0           3.0096016588E+00   1.2470439200E+00  -3.5805527699E+00
O6         8.0           1.8060200415E+00  -2.1614284424E+00   2.0063037349E+00
H7         1.0           1.2406471022E+00  -2.9921569017E+00   3.5981866171E+00
O8         8.0          -2.1575423074E+00  -1.8161512936E+00  -2.0014386349E+00
H9         1.0          -2.9833789890E+00  -1.2590542798E+00  -3.5987373777E+00
H10        1.0           2.9312054045E+00   3.4579546522E+00  -1.4934321947E+00
H11        1.0           3.4557566507E+00  -2.9219309101E+00   1.5153137115E+00
H12        1.0          -1.2664886975E+00   3.0001628647E+00   3.5818141621E+00
H13        1.0          -2.9200806913E+00  -3.4628216086E+00  -1.5035085357E+00
</Nuclei of Molecule>
<Total Number of CPs of DelSqRho>
    93
</Total Number of CPs of DelSqRho>
<Number of (3,+3) CPs of DelSqRho>
    11
</Number of (3,+3) CPs of DelSqRho>
<Number of (3,+1) CPs of DelSqRho>
    30
</Number of (3,+1) CPs of DelSqRho>
<Number of (3,-1) CPs of DelSqRho>
    36
</Number of (3,-1) CPs of DelSqRho>
<Number of (3,-3) CPs of DelSqRho>
    16
</Number of (3,-3) CPs of DelSqRho>
<Number of Degenerate CPs of DelSqRho>
     0
</Number of Degenerate CPs of DelSqRho>
<CP of DelSqRho>
CP# = 1       
Type = (3,+3)
Coords = -2.34171543466246E-05  5.17017353830747E-05 -2.41506999953827E-05
DistFromNuc =  3.2205354708E-14
Rho =  1.0483449334E+04
DelSqRho = -5.9881192716E+09
GradDelSqRho =  3.4088926441E-05 -3.4562477595E-05  7.8219967691E-05
HessDelSqRho_EigVals =  5.6215047269E+16  5.6215047269E+16  5.6215047270E+16
HessDelSqRho_EigVec1 = -5.5147147734E-01  8.3416112143E-01 -7.3778837310E-03
HessDelSqRho_EigVec2 =  8.3403397774E-01  5.5151738158E-01  1.4693596893E-02
HessDelSqRho_EigVec3 = -1.6325858379E-02 -1.9496938708E-03  9.9986482338E-01
</CP of DelSqRho>
<CP of DelSqRho>
CP# = 2       
Type = (3,-1)
Coords = -4.74676591908195E-02 -2.02073010531519E-01  2.07807301800798E-01
DistFromNuc =  2.9376737065E-01
Rho =  2.1439065899E+01
DelSqRho =  1.6559936669E+03
GradDelSqRho = -1.3642420527E-12 -3.6379788071E-12 -7.7307049651E-12
HessDelSqRho_EigVals = -4.7497078462E+05 -2.6806492358E+04  1.3307820799E+04
HessDelSqRho_EigVec1 = -1.6584266085E-01 -6.8695578384E-01  7.0752241159E-01
HessDelSqRho_EigVec2 =  1.6833024931E-01  6.8720860642E-01  7.0668894036E-01
HessDelSqRho_EigVec3 =  9.7167954543E-01 -2.3629659820E-01 -1.6669345108E-03
</CP of DelSqRho>
<CP of DelSqRho>
CP# = 3       
Type = (3,+3)
Coords =  1.59667798327452E-01 -3.96467853002972E-02  8.58410186519828E-05
DistFromNuc =  1.6455171307E-01
Rho =  9.2870928038E+01
DelSqRho = -5.9287158306E+03
GradDelSqRho =  5.8207660913E-11 -7.2759576142E-12  3.9790393203E-13
HessDelSqRho_EigVals =  7.8068846359E+04  1.0738423228E+05  1.0116489733E+07
HessDelSqRho_EigVec1 = -1.7267005594E-01 -6.9286573501E-01  7.0008722673E-01
HessDelSqRho_EigVec2 =  1.6847316079E-01  6.7951400432E-01  7.1405707897E-01
HessDelSqRho_EigVec3 =  9.7046475767E-01 -2.4124218369E-01  6.0244076348E-04
</CP of DelSqRho>
<CP of DelSqRho>
CP# = 4       
Type = (3,+3)
Coords = -1.59710174187452E-01  3.97509031071606E-02 -1.20258704436911E-03
DistFromNuc =  1.6455174163E-01
Rho =  9.2870838325E+01
DelSqRho = -5.9286846234E+03
GradDelSqRho =  2.9103830457E-11  9.4587448984E-11 -5.6843418861E-13
HessDelSqRho_EigVals =  7.8055624358E+04  1.0738547166E+05  1.0116471303E+07
HessDelSqRho_EigVec1 =  1.6757315654E-01  6.9502444274E-01  6.9918542691E-01
HessDelSqRho_EigVec2 =  1.7369904276E-01  6.7730431427E-01 -7.1490384558E-01
HessDelSqRho_EigVec3 =  9.7043695300E-01 -2.4124653339E-01  7.2270585159E-03
</CP of DelSqRho>
<CP of DelSqRho>
CP# = 5       
Type = (3,+3)
Coords =  3.96752915952785E-02  1.59742377760862E-01  3.96917315167052E-04
DistFromNuc =  1.6455174500E-01
Rho =  9.2870838757E+01
DelSqRho = -5.9286964653E+03
GradDelSqRho =  2.9103830457E-11 -2.9103830457E-11  2.2737367544E-13
HessDelSqRho_EigVals =  7.8060369322E+04  1.0739059948E+05  1.0116470493E+07
HessDelSqRho_EigVec1 = -6.9656026445E-01  1.7127093449E-01  6.9675681912E-01
HessDelSqRho_EigVec2 =  6.7572583454E-01 -1.6991630542E-01  7.1730261793E-01
HessDelSqRho_EigVec3 =  2.4124343416E-01  9.7046108431E-01  2.6247514950E-03
</CP of DelSqRho>
<CP of DelSqRho>
CP# = 6       
Type = (3,+3)
Coords =  5.72131128626698E-04 -2.11432036448770E-04 -1.64573279850399E-01
DistFromNuc =  1.6455041726E-01
Rho =  9.2871422266E+01
DelSqRho = -5.9302128483E+03
GradDelSqRho =  2.0463630790E-12  1.9113599592E-12  0.0000000000E+00
HessDelSqRho_EigVals =  7.8590875076E+04  1.0793215775E+05  1.0117201812E+07
HessDelSqRho_EigVec1 =  8.6722537683E-01  4.9791029298E-01  2.3422043736E-03
HessDelSqRho_EigVec2 = -4.9790264946E-01  8.6722706496E-01 -3.1889588519E-03
HessDelSqRho_EigVec3 = -3.6190384607E-03  1.5993562789E-03  9.9999217228E-01
</CP of DelSqRho>
<CP of DelSqRho>
CP# = 7       
Type = (3,+1)
Coords =  2.39664162030994E-03  1.17818604505548E-01  1.14741479641073E-01
DistFromNuc =  1.6445683318E-01
Rho =  9.2442275458E+01
DelSqRho = -5.6322999330E+03
GradDelSqRho =  2.9103830457E-11  5.8207660913E-11  4.3655745685E-11
HessDelSqRho_EigVals = -8.5876850758E+04  4.2607494261E+04  1.0163584728E+07
HessDelSqRho_EigVec1 =  1.7209434064E-01  6.8568191783E-01 -7.0726504613E-01
HessDelSqRho_EigVec2 =  9.8498970573E-01 -1.2952452846E-01  1.1409941338E-01
HessDelSqRho_EigVec3 =  1.3372267013E-02  7.1628465297E-01  6.9768006879E-01
</CP of DelSqRho>
<CP of DelSqRho>
CP# = 8       
Type = (3,+1)
Coords = -3.30012963726776E-03 -1.17343209576653E-01  1.15100823261339E-01
DistFromNuc =  1.6445686874E-01
Rho =  9.2442343956E+01
DelSqRho = -5.6323206417E+03
GradDelSqRho =  0.0000000000E+00 -5.8207660913E-11  2.9103830457E-11
HessDelSqRho_EigVals = -8.5882600676E+04  4.2627105153E+04  1.0163567007E+07
HessDelSqRho_EigVec1 =  1.6695339171E-01  6.8795240363E-01  7.0629176361E-01
HessDelSqRho_EigVec2 =  9.8578969867E-01 -1.2996980843E-01 -1.0642611944E-01
HessDelSqRho_EigVec3 =  1.8580500531E-02  7.1402334642E-01 -6.9987529301E-01
</CP of DelSqRho>
<CP of DelSqRho>
CP# = 9       
Type = (3,+1)
Coords =  5.39398845824054E-02  1.05014787797334E-01 -1.14559293303076E-01
DistFromNuc =  1.6446150389E-01
Rho =  9.2430123640E+01
DelSqRho = -5.6271784050E+03
GradDelSqRho =  2.9103830457E-11  1.4551915228E-11 -2.1827872843E-11
HessDelSqRho_EigVals = -8.6573169223E+04  4.0753079916E+04  1.0160727977E+07
HessDelSqRho_EigVec1 = -1.6781907954E-01 -6.8615700775E-01 -7.0783141867E-01
HessDelSqRho_EigVec2 =  9.2914900931E-01 -3.5002482761E-01  1.1901570718E-01
HessDelSqRho_EigVec3 =  3.2942203181E-01  6.3770775499E-01 -6.9628294837E-01
</CP of DelSqRho>
<CP of DelSqRho>
CP# = 10      
Type = (3,+1)
Coords = -1.05587808259803E-01  5.37795639716120E-02  1.14068123262625E-01
DistFromNuc =  1.6446145697E-01
Rho =  9.2430161797E+01
DelSqRho = -5.6271941730E+03
GradDelSqRho =  0.0000000000E+00 -7.2759576142E-12  2.9103830457E-11
HessDelSqRho_EigVals = -8.6567703610E+04  4.0753496338E+04  1.0160752555E+07
HessDelSqRho_EigVec1 =  6.8243131005E-01 -1.6926373437E-01  7.1108177820E-01
HessDelSqRho_EigVec2 =  3.5062880310E-01  9.2939330446E-01 -1.1527154056E-01
HessDelSqRho_EigVec3 =  6.4136335216E-01 -3.2799066123E-01 -6.9359583091E-01
</CP of DelSqRho>
<CP of DelSqRho>
CP# = 11      
Type = (3,+1)
Coords =  1.17974300086723E-01 -2.97797849499053E-03 -1.14537974470041E-01
DistFromNuc =  1.6445685170E-01
Rho =  9.2442330476E+01
DelSqRho = -5.6323151695E+03
GradDelSqRho =  2.9103830457E-11 -1.4551915228E-11  2.9103830457E-11
HessDelSqRho_EigVals = -8.5877531367E+04  4.2615356006E+04  1.0163576096E+07
HessDelSqRho_EigVec1 =  6.8424660016E-01 -1.6839361732E-01  7.0954223258E-01
HessDelSqRho_EigVec2 =  1.2934606139E-01  9.8557187075E-01  1.0916814551E-01
HessDelSqRho_EigVec3 =  7.1768808446E-01 -1.7078560761E-02 -6.9615525293E-01
</CP of DelSqRho>
<CP of DelSqRho>
CP# = 12      
Type = (3,+1)
Coords = -1.17187953907107E-01  2.71308461789989E-03 -1.15399391108830E-01
DistFromNuc =  1.6445685675E-01
Rho =  9.2442359920E+01
DelSqRho = -5.6323390834E+03
GradDelSqRho =  0.0000000000E+00 -5.8207660913E-11  1.4551915228E-11
HessDelSqRho_EigVals = -8.5868771232E+04  4.2626652220E+04  1.0163574187E+07
HessDelSqRho_EigVec1 = -6.8937104653E-01  1.7065153161E-01  7.0402103305E-01
HessDelSqRho_EigVec2 =  1.3014061920E-01  9.8521969510E-01 -1.1138030174E-01
HessDelSqRho_EigVec3 =  7.1262260661E-01 -1.4839377999E-02  7.0139062826E-01
</CP of DelSqRho>
<CP of DelSqRho>
CP# = 13      
Type = (3,-1)
Coords =  1.15018819492625E-01  6.88910397993684E-02  9.54021485751919E-02
DistFromNuc =  1.6455925763E-01
Rho =  9.2026953069E+01
DelSqRho = -5.4335542154E+03
GradDelSqRho =  2.1827872843E-11 -1.4551915228E-11 -2.9103830457E-11
HessDelSqRho_EigVals = -7.9567963657E+04 -7.8127093404E+04  1.0098407572E+07
HessDelSqRho_EigVec1 = -6.8447700629E-01  1.5687122628E-01  7.1195691318E-01
HessDelSqRho_EigVec2 = -2.0688663041E-01  8.9463070639E-01 -3.9602250106E-01
HessDelSqRho_EigVec3 =  6.9906305153E-01  4.1836266272E-01  5.7989958823E-01
</CP of DelSqRho>
<CP of DelSqRho>
CP# = 14      
Type = (3,-1)
Coords = -7.03223966319796E-02  1.14598428128731E-01  9.46472706236623E-02
DistFromNuc =  1.6439457734E-01
Rho =  9.2414074092E+01
DelSqRho = -5.5864503822E+03
GradDelSqRho =  1.4551915228E-11  5.8207660913E-11 -5.8207660913E-11
HessDelSqRho_EigVals = -4.6230572199E+04 -4.3844823015E+04  1.0198701264E+07
HessDelSqRho_EigVec1 =  7.0937343768E-01 -1.3626098607E-01  6.9153616651E-01
HessDelSqRho_EigVec2 =  5.6034621295E-01  7.0418438866E-01 -4.3604640624E-01
HessDelSqRho_EigVec3 = -4.2755285936E-01  6.9681941021E-01  5.7588302806E-01
</CP of DelSqRho>
<CP of DelSqRho>
CP# = 15      
Type = (3,-1)
Coords =  1.14713885254355E-01  6.98560868085578E-02 -9.48307074005119E-02
DistFromNuc =  1.6439459825E-01
Rho =  9.2414086235E+01
DelSqRho = -5.5864427711E+03
GradDelSqRho = -2.1827872843E-11  2.9103830457E-11  2.9103830457E-11
HessDelSqRho_EigVals = -4.6240634009E+04 -4.3844040204E+04  1.0198692044E+07
HessDelSqRho_EigVec1 =  1.3433082903E-01  7.1340491392E-01  6.8775624836E-01
HessDelSqRho_EigVec2 =  7.0340627512E-01 -5.5750863389E-01  4.4091238955E-01
HessDelSqRho_EigVec3 =  6.9797911179E-01  4.2454393403E-01 -5.7670409014E-01
</CP of DelSqRho>
<CP of DelSqRho>
CP# = 16      
Type = (3,+1)
Coords =  7.15216789097848E-02  2.87132545699568E-01 -1.79242956943409E-04
DistFromNuc =  2.9586168355E-01
Rho =  2.2070171875E+01
DelSqRho =  1.3680997943E+03
GradDelSqRho =  2.7284841053E-12  7.2759576142E-12 -1.8651746814E-14
HessDelSqRho_EigVals = -4.4359705300E+05  2.5836185754E+04  2.6461059552E+04
HessDelSqRho_EigVec1 =  2.4183261413E-01  9.7031773123E-01 -6.9800707832E-04
HessDelSqRho_EigVec2 =  7.8890272451E-01 -1.9703721059E-01 -5.8207287250E-01
HessDelSqRho_EigVec3 =  5.6493316242E-01 -1.4021354468E-01  8.1313632552E-01
</CP of DelSqRho>
<CP of DelSqRho>
CP# = 17      
Type = (3,-1)
Coords =  6.90031133611240E-02 -1.15491594336908E-01 -9.47069339224026E-02
DistFromNuc =  1.6455924350E-01
Rho =  9.2026993604E+01
DelSqRho = -5.4335660579E+03
GradDelSqRho = -8.7311491370E-11  0.0000000000E+00  2.9103830457E-11
HessDelSqRho_EigVals = -7.9569859328E+04 -7.8120872061E+04  1.0098414809E+07
HessDelSqRho_EigVec1 =  1.6055080093E-01  6.8124504063E-01 -7.1423289965E-01
HessDelSqRho_EigVec2 =  8.9344456832E-01  2.0724270335E-01  3.9850629261E-01
HessDelSqRho_EigVec3 = -4.1949999244E-01  7.0210800916E-01  5.7538169923E-01
</CP of DelSqRho>
<CP of DelSqRho>
CP# = 18      
Type = (3,-1)
Coords =  2.03189781210694E-01 -4.69634544304326E-02 -2.06889294621431E-01
DistFromNuc =  2.9376728318E-01
Rho =  2.1439005808E+01
DelSqRho =  1.6560032836E+03
GradDelSqRho = -4.0927261580E-12 -3.8369307731E-12 -3.2969182939E-12
HessDelSqRho_EigVals = -4.7497195531E+05 -2.6806124031E+04  1.3306067338E+04
HessDelSqRho_EigVec1 =  6.9066106767E-01 -1.6438294543E-01 -7.0424820686E-01
HessDelSqRho_EigVec2 =  6.8349486411E-01 -1.6977736609E-01  7.0993691036E-01
HessDelSqRho_EigVec3 =  2.3626692603E-01  9.7167581693E-01  4.9037179861E-03
</CP of DelSqRho>
<CP of DelSqRho>
CP# = 19      
Type = (3,-3)
Coords = -1.22242394514242E-01  2.04306643869458E-01 -1.70026621401433E-01
DistFromNuc =  2.9250367495E-01
Rho =  2.1384871136E+01
DelSqRho =  1.7575504753E+03
GradDelSqRho = -6.8212102633E-13  2.8848035072E-12  7.9580786405E-13
HessDelSqRho_EigVals = -4.8940797883E+05 -1.8597751222E+04 -1.8332260989E+04
HessDelSqRho_EigVec1 = -4.1770216871E-01  6.9839827855E-01 -5.8117531156E-01
HessDelSqRho_EigVec2 = -2.6328560470E-01  5.1916568579E-01  8.1310988252E-01
HessDelSqRho_EigVec3 =  8.6960082142E-01  4.9265285467E-01 -3.2978419784E-02
</CP of DelSqRho>
<CP of DelSqRho>
CP# = 20      
Type = (3,-3)
Coords = -2.05166921759128E-01 -1.22508353489996E-01  1.68658059373782E-01
DistFromNuc =  2.9250386769E-01
Rho =  2.1384847880E+01
DelSqRho =  1.7575369707E+03
GradDelSqRho =  5.4569682106E-12  2.7284841053E-12  0.0000000000E+00
HessDelSqRho_EigVals = -4.8940627399E+05 -1.8595985665E+04 -1.8330161934E+04
HessDelSqRho_EigVec1 =  7.0143556580E-01  4.1886802022E-01 -5.7666084370E-01
HessDelSqRho_EigVec2 =  5.1493393335E-01  2.6156948096E-01  8.1634824120E-01
HessDelSqRho_EigVec3 = -4.9277904918E-01  8.6955792692E-01  3.2215220337E-02
</CP of DelSqRho>
<CP of DelSqRho>
CP# = 21      
Type = (3,-3)
Coords =  2.05805465958738E-01  1.23187562214870E-01 -1.69372723404905E-01
DistFromNuc =  2.9361012983E-01
Rho =  2.1102363806E+01
DelSqRho =  1.7461198373E+03
GradDelSqRho =  2.7284841053E-12 -3.6379788071E-12  9.0949470177E-13
HessDelSqRho_EigVals = -4.8187984394E+05 -1.7598871077E+04 -1.7326849724E+04
HessDelSqRho_EigVec1 =  7.0093093721E-01  4.1954309094E-01 -5.7678368225E-01
HessDelSqRho_EigVec2 =  4.7412388587E-01  3.3005724873E-01  8.1625287344E-01
HessDelSqRho_EigVec3 = -5.3282488879E-01  8.4560381232E-01 -3.2431936121E-02
</CP of DelSqRho>
<CP of DelSqRho>
CP# = 22      
Type = (3,-3)
Coords =  1.22770196956106E-01 -2.04885251278239E-01  1.70649059611876E-01
DistFromNuc =  2.9360989611E-01
Rho =  2.1102399798E+01
DelSqRho =  1.7461351999E+03
GradDelSqRho =  0.0000000000E+00  6.5369931690E-13 -1.3642420527E-12
HessDelSqRho_EigVals = -4.8188239026E+05 -1.7600584529E+04 -1.7329078573E+04
HessDelSqRho_EigVec1 = -4.1837812996E-01  6.9789384797E-01 -5.8129503468E-01
HessDelSqRho_EigVec2 = -3.3235716947E-01  4.7798006394E-01  8.1306443187E-01
HessDelSqRho_EigVec3 =  8.4528010285E-01  5.3336594890E-01  3.1973618591E-02
</CP of DelSqRho>
<CP of DelSqRho>
CP# = 23      
Type = (3,-1)
Coords =  4.58989593924776E-02  2.02844678367045E-01  2.07497572068976E-01
DistFromNuc =  2.9376712113E-01
Rho =  2.1438959192E+01
DelSqRho =  1.6560193853E+03
GradDelSqRho = -6.8212102633E-13 -5.0022208598E-12 -2.2737367544E-12
HessDelSqRho_EigVals = -4.7497411744E+05 -2.6807663380E+04  1.3304615357E+04
HessDelSqRho_EigVec1 =  1.6066290035E-01  6.8923149308E-01  7.0650363155E-01
HessDelSqRho_EigVec2 = -1.7344790363E-01 -6.8494777705E-01  7.0764565105E-01
HessDelSqRho_EigVec3 =  9.7164976055E-01 -2.3623397652E-01  9.5000611398E-03
</CP of DelSqRho>
<CP of DelSqRho>
CP# = 24      
Type = (3,+1)
Coords =  2.87055459890888E-01 -7.14934030955307E-02  1.08832721249311E-03
DistFromNuc =  2.9586182802E-01
Rho =  2.2070127999E+01
DelSqRho =  1.3681051055E+03
GradDelSqRho =  7.7307049651E-12  1.7053025658E-12 -4.6185277824E-14
HessDelSqRho_EigVals = -4.4359661122E+05  2.5837224852E+04  2.6458222934E+04
HessDelSqRho_EigVec1 =  9.7030994659E-01 -2.4183285156E-01  3.9343928399E-03
HessDelSqRho_EigVec2 =  1.9823165362E-01  7.8583770175E-01 -5.8580143223E-01
HessDelSqRho_EigVec3 =  1.3857423658E-01  5.6918887762E-01  8.1044506449E-01
</CP of DelSqRho>
<CP of DelSqRho>
CP# = 25      
Type = (3,-1)
Coords =  1.99911635346722E-01 -5.34089315449851E-02  2.08407618612196E-01
DistFromNuc =  2.9372753870E-01
Rho =  2.1449406851E+01
DelSqRho =  1.6562343556E+03
GradDelSqRho =  9.0949470177E-13  1.5347723092E-12  1.3642420527E-12
HessDelSqRho_EigVals = -4.7521143804E+05 -2.6827936982E+04  1.3295100242E+04
HessDelSqRho_EigVec1 =  6.8184852403E-01 -1.7768329733E-01  7.0958525642E-01
HessDelSqRho_EigVec2 =  6.8840848813E-01 -1.7213221081E-01 -7.0460219661E-01
HessDelSqRho_EigVec3 =  2.4733852055E-01  9.6891648136E-01  4.9505961981E-03
</CP of DelSqRho>
<CP of DelSqRho>
CP# = 26      
Type = (3,+1)
Coords =  1.05052491950483E-03 -4.18800766701927E-04 -2.95890602937558E-01
DistFromNuc =  2.9586877545E-01
Rho =  2.2064752538E+01
DelSqRho =  1.3675774334E+03
GradDelSqRho = -2.6645352591E-15 -8.0824236193E-14 -1.0061285138E-11
HessDelSqRho_EigVals = -4.4354410423E+05  2.5975214616E+04  2.6562801547E+04
HessDelSqRho_EigVec1 = -3.6303750622E-03  1.5900430676E-03  9.9999214604E-01
HessDelSqRho_EigVec2 =  8.6198758660E-01  5.0692406009E-01  2.3233253981E-03
HessDelSqRho_EigVec3 = -5.0691638454E-01  8.6198925113E-01 -3.2109218526E-03
</CP of DelSqRho>
<CP of DelSqRho>
CP# = 27      
Type = (3,-1)
Coords =  1.51275760438898E-01 -2.51706930017140E-01  4.54528164816452E-03
DistFromNuc =  2.9375964582E-01
Rho =  2.1452140026E+01
DelSqRho =  1.6540913786E+03
GradDelSqRho = -9.0949470177E-13  5.1727511163E-12  2.8421709430E-13
HessDelSqRho_EigVals = -4.7487621164E+05 -2.6601583122E+04  1.3493483786E+04
HessDelSqRho_EigVec1 = -5.1509851233E-01  8.5705933772E-01 -1.1082158094E-02
HessDelSqRho_EigVec2 =  8.5709853404E-01  5.1514846120E-01  2.0410450034E-03
HessDelSqRho_EigVec3 = -7.4582533680E-03  8.4471622118E-03  9.9993650794E-01
</CP of DelSqRho>
<CP of DelSqRho>
CP# = 28      
Type = (3,-1)
Coords = -1.51348883667330E-01  2.51821749153580E-01  2.65896172731118E-03
DistFromNuc =  2.9375968526E-01
Rho =  2.1452122701E+01
DelSqRho =  1.6540910219E+03
GradDelSqRho = -1.4210854715E-12 -3.6379788071E-12 -9.5923269328E-14
HessDelSqRho_EigVals = -4.7487586498E+05 -2.6601306716E+04  1.3493374540E+04
HessDelSqRho_EigVec1 = -5.1515548276E-01  8.5708407492E-01  4.6601604543E-03
HessDelSqRho_EigVec2 =  8.5709671348E-01  5.1514930084E-01  2.5340852227E-03
HessDelSqRho_EigVec3 =  2.2875431101E-04 -5.2996561059E-03  9.9998593056E-01
</CP of DelSqRho>
<CP of DelSqRho>
CP# = 29      
Type = (3,-1)
Coords =  2.51754609454446E-01  1.51359100229594E-01 -2.97809288110065E-03
DistFromNuc =  2.9375981566E-01
Rho =  2.1452063836E+01
DelSqRho =  1.6540951252E+03
GradDelSqRho =  0.0000000000E+00  3.6379788071E-12  0.0000000000E+00
HessDelSqRho_EigVals = -4.7487523956E+05 -2.6601606703E+04  1.3492444726E+04
HessDelSqRho_EigVec1 =  8.5710121041E-01  5.1511780702E-01 -5.5821152890E-03
HessDelSqRho_EigVec2 = -5.1513796388E-01  8.5710191923E-01 -3.0295576783E-03
HessDelSqRho_EigVec3 =  3.2238626201E-03  5.4721970572E-03  9.9997983068E-01
</CP of DelSqRho>
<CP of DelSqRho>
CP# = 30      
Type = (3,-1)
Coords = -2.51775015527672E-01 -1.51267040253054E-01 -4.32398847291777E-03
DistFromNuc =  2.9375962549E-01
Rho =  2.1452111518E+01
DelSqRho =  1.6540977564E+03
GradDelSqRho = -1.8189894035E-12 -6.3664629124E-12 -2.2737367544E-13
HessDelSqRho_EigVals = -4.7487678307E+05 -2.6601734842E+04  1.3492275016E+04
HessDelSqRho_EigVec1 =  8.5704518332E-01  5.1514099226E-01  1.0164243324E-02
HessDelSqRho_EigVec2 = -5.1513370322E-01  8.5710258947E-01 -3.5240498471E-03
HessDelSqRho_EigVec3 = -1.0527181808E-02 -2.2156743564E-03  9.9994213294E-01
</CP of DelSqRho>
<CP of DelSqRho>
CP# = 31      
Type = (3,+1)
Coords = -1.09788863788302E-03  5.22130718222750E-04  2.95842252890863E-01
DistFromNuc =  2.9586872860E-01
Rho =  2.2064762902E+01
DelSqRho =  1.3675784844E+03
GradDelSqRho =  1.9539925233E-14 -2.1582735599E-13  2.2737367544E-13
HessDelSqRho_EigVals = -4.4354460626E+05  2.5976024353E+04  2.6561978900E+04
HessDelSqRho_EigVec1 = -3.6304808667E-03  1.5901458315E-03  9.9999214549E-01
HessDelSqRho_EigVec2 = -5.0874452286E-01  8.6091153314E-01 -3.2159874020E-03
HessDelSqRho_EigVec3 =  8.6090988499E-01  5.0875220250E-01  2.3165448667E-03
</CP of DelSqRho>
<CP of DelSqRho>
CP# = 32      
Type = (3,-3)
Coords = -2.04607687550371E-01 -1.23643967037280E-01 -1.70469287015386E-01
DistFromNuc =  2.9361009291E-01
Rho =  2.1102351109E+01
DelSqRho =  1.7461214646E+03
GradDelSqRho =  0.0000000000E+00  2.7284841053E-12  4.5474735089E-12
HessDelSqRho_EigVals = -4.8188040722E+05 -1.7599028683E+04 -1.7326447512E+04
HessDelSqRho_EigVec1 =  6.9669295807E-01  4.2144992100E-01  5.8051605168E-01
HessDelSqRho_EigVec2 = -4.7423096084E-01 -3.3660705264E-01  8.1351133237E-01
HessDelSqRho_EigVec3 = -5.3826008393E-01  8.4206630155E-01  3.4647162234E-02
</CP of DelSqRho>
<CP of DelSqRho>
CP# = 33      
Type = (3,-1)
Coords = -2.01729147535364E-01  4.63918609601119E-02 -2.08510894122820E-01
DistFromNuc =  2.9376748324E-01
Rho =  2.1439065116E+01
DelSqRho =  1.6559834610E+03
GradDelSqRho =  5.0022208598E-12  1.1368683772E-13 -3.1832314562E-12
HessDelSqRho_EigVals = -4.7496927632E+05 -2.6804970642E+04  1.3308738863E+04
HessDelSqRho_EigVec1 =  6.8552986893E-01 -1.6208488440E-01  7.0977270239E-01
HessDelSqRho_EigVec2 =  6.8864258340E-01 -1.7201275571E-01 -7.0440258674E-01
HessDelSqRho_EigVec3 =  2.3626297031E-01  9.7166872036E-01 -6.3013283552E-03
</CP of DelSqRho>
<CP of DelSqRho>
CP# = 34      
Type = (3,-3)
Coords =  2.03879286490325E-01  1.23168664032326E-01  1.69753197529820E-01
DistFromNuc =  2.9250375541E-01
Rho =  2.1384853416E+01
DelSqRho =  1.7575383168E+03
GradDelSqRho =  0.0000000000E+00 -9.0949470177E-13 -1.8189894035E-12
HessDelSqRho_EigVals = -4.8940691580E+05 -1.8596077505E+04 -1.8329964967E+04
HessDelSqRho_EigVec1 =  6.9719318107E-01  4.2077144602E-01  5.8040766577E-01
HessDelSqRho_EigVec2 = -5.1560971609E-01 -2.6817654396E-01  8.1377390100E-01
HessDelSqRho_EigVec3 = -4.9806454295E-01  8.6662144647E-01 -2.9982988050E-02
</CP of DelSqRho>
<CP of DelSqRho>
CP# = 35      
Type = (3,-1)
Coords = -2.01465594660508E-01  5.41892985188009E-02  2.06775525547130E-01
DistFromNuc =  2.9372765678E-01
Rho =  2.1449261076E+01
DelSqRho =  1.6562514206E+03
GradDelSqRho =  2.5011104299E-12 -5.4001247918E-12 -8.5265128291E-13
HessDelSqRho_EigVals = -4.7521212605E+05 -2.6828509694E+04  1.3292494477E+04
HessDelSqRho_EigVec1 =  6.8698029505E-01 -1.7998809026E-01 -7.0403292649E-01
HessDelSqRho_EigVec2 =  6.8325421915E-01 -1.6989772408E-01  7.1013972947E-01
HessDelSqRho_EigVec3 =  2.4743028561E-01  9.6888546832E-01 -6.2612334486E-03
</CP of DelSqRho>
<CP of DelSqRho>
CP# = 36      
Type = (3,-1)
Coords =  5.45413508959564E-02  2.00405810295293E-01 -2.07766399955386E-01
DistFromNuc =  2.9372763720E-01
Rho =  2.1449349465E+01
DelSqRho =  1.6562413016E+03
GradDelSqRho = -4.5474735089E-12 -2.7284841053E-12 -2.2737367544E-12
HessDelSqRho_EigVals = -4.7521107564E+05 -2.6828981076E+04  1.3294114941E+04
HessDelSqRho_EigVec1 = -1.8144210821E-01 -6.8327582173E-01  7.0725731725E-01
HessDelSqRho_EigVec2 =  1.6845039225E-01  6.8697054461E-01  7.0689174291E-01
HessDelSqRho_EigVec3 =  9.6886698092E-01 -2.4739770063E-01  9.5473037065E-03
</CP of DelSqRho>
<CP of DelSqRho>
CP# = 37      
Type = (3,-3)
Coords =  1.23421726056169E-01 -2.04741537128205E-01 -1.68486309071960E-01
DistFromNuc =  2.9250379975E-01
Rho =  2.1384838286E+01
DelSqRho =  1.7575345967E+03
GradDelSqRho =  2.3874235922E-12  3.4674485505E-12  8.1854523160E-12
HessDelSqRho_EigVals = -4.8940660249E+05 -1.8596758542E+04 -1.8327915425E+04
HessDelSqRho_EigVec1 = -4.2189409732E-01  7.0023787711E-01  5.7590996354E-01
HessDelSqRho_EigVec2 =  2.5703503944E-01 -5.1677081908E-01  8.1662776652E-01
HessDelSqRho_EigVec3 =  8.6944715719E-01  4.9255947459E-01  3.8036887876E-02
</CP of DelSqRho>
<CP of DelSqRho>
CP# = 38      
Type = (3,-1)
Coords = -5.30694965600648E-02 -2.00970262230182E-01 -2.07514237976543E-01
DistFromNuc =  2.9372751464E-01
Rho =  2.1449217611E+01
DelSqRho =  1.6562667290E+03
GradDelSqRho =  1.1368683772E-12 -7.7307049651E-12  1.3642420527E-12
HessDelSqRho_EigVals = -4.7521396764E+05 -2.6830273331E+04  1.3291066430E+04
HessDelSqRho_EigVec1 =  1.7627157645E-01  6.8554955844E-01  7.0636402390E-01
HessDelSqRho_EigVec2 = -1.7356581087E-01 -6.8471012648E-01  7.0784670092E-01
HessDelSqRho_EigVec3 =  9.6891859340E-01 -2.4737389844E-01 -1.7069684024E-03
</CP of DelSqRho>
<CP of DelSqRho>
CP# = 39      
Type = (3,+1)
Coords = -2.87101602596375E-01  7.15969187821224E-02 -1.23328648041826E-03
DistFromNuc =  2.9586156332E-01
Rho =  2.2070191223E+01
DelSqRho =  1.3681076832E+03
GradDelSqRho =  4.5474735089E-13 -1.9895196601E-12 -8.5265128291E-14
HessDelSqRho_EigVals = -4.4359841229E+05  2.5835360401E+04  2.6459978029E+04
HessDelSqRho_EigVec1 =  9.7030994733E-01 -2.4183319277E-01  3.9131812822E-03
HessDelSqRho_EigVec2 =  1.9380881649E-01  7.8709685641E-01  5.8559088217E-01
HessDelSqRho_EigVec3 = -1.4469536538E-01 -5.6744624900E-01  8.1059731417E-01
</CP of DelSqRho>
<CP of DelSqRho>
CP# = 40      
Type = (3,+1)
Coords = -7.15686141432361E-02 -2.87029200645780E-01  2.27310280665047E-04
DistFromNuc =  2.9586183085E-01
Rho =  2.2070138473E+01
DelSqRho =  1.3680992729E+03
GradDelSqRho =  5.0022208598E-12  7.2759576142E-12 -3.4638958368E-14
HessDelSqRho_EigVals = -4.4359639627E+05  2.5837864578E+04  2.6459388981E+04
HessDelSqRho_EigVec1 =  2.4183206835E-01  9.7031788289E-01 -6.7591605052E-04
HessDelSqRho_EigVec2 =  7.8511414495E-01 -1.9526435734E-01  5.8776492763E-01
HessDelSqRho_EigVec3 = -5.7018683790E-01  1.4267107941E-01  8.0903147837E-01
</CP of DelSqRho>
<CP of DelSqRho>
CP# = 41      
Type = (3,-3)
Coords = -1.24047745844935E-01  2.05529631207423E-01  1.69102048664770E-01
DistFromNuc =  2.9361008995E-01
Rho =  2.1102341153E+01
DelSqRho =  1.7461184300E+03
GradDelSqRho =  5.5706550484E-12 -4.3343106881E-12 -2.1600499167E-12
HessDelSqRho_EigVals = -4.8188037283E+05 -1.7599424350E+04 -1.7324664998E+04
HessDelSqRho_EigVec1 = -4.2256879671E-01  6.9973665375E-01  5.7602450247E-01
HessDelSqRho_EigVec2 =  3.2473706860E-01 -4.7646656042E-01  8.1702230880E-01
HessDelSqRho_EigVec3 =  8.4615686981E-01  5.3230464229E-01 -2.5890528623E-02
</CP of DelSqRho>
<CP of DelSqRho>
CP# = 42      
Type = (3,+1)
Coords =  5.70587972074928E-01  3.42810502157942E-01  3.02868227524872E-02
DistFromNuc =  6.6633303077E-01
Rho =  2.4162621154E+00
DelSqRho = -1.2861848943E+01
GradDelSqRho = -2.4158453016E-13  1.0658141036E-13  3.5527136788E-15
HessDelSqRho_EigVals = -8.7423884321E+02  4.2905069535E+02  3.1346709321E+03
HessDelSqRho_EigVec1 = -5.1463305009E-01  8.5740318943E-01 -3.5488757617E-03
HessDelSqRho_EigVec2 = -4.4507403674E-02 -2.2580424098E-02  9.9875383126E-01
HessDelSqRho_EigVec3 =  8.5625458526E-01  5.1414968172E-01  4.9781422389E-02
</CP of DelSqRho>
<CP of DelSqRho>
CP# = 43      
Type = (3,+1)
Coords = -5.70841517513705E-01 -3.42615405389526E-01  2.72291773410214E-02
DistFromNuc =  6.6633084417E-01
Rho =  2.4162944705E+00
DelSqRho = -1.2862752199E+01
GradDelSqRho =  2.1316282073E-13 -1.1368683772E-13  2.8421709430E-14
HessDelSqRho_EigVals = -8.7425125139E+02  4.2907867048E+02  3.1347868367E+03
HessDelSqRho_EigVec1 = -5.1463841040E-01  8.5740205170E-01 -3.0047099738E-03
HessDelSqRho_EigVec2 =  3.7203288088E-02  2.5831367611E-02  9.9897380136E-01
HessDelSqRho_EigVec3 =  8.5659980265E-01  5.1399850408E-01 -4.5191989503E-02
</CP of DelSqRho>
<CP of DelSqRho>
CP# = 44      
Type = (3,+1)
Coords = -3.42629528189993E-01  5.70717987319475E-01 -3.09402281343341E-02
DistFromNuc =  6.6632931848E-01
Rho =  2.4163369545E+00
DelSqRho = -1.2863676516E+01
GradDelSqRho =  2.8421709430E-14 -1.0658141036E-13  7.1054273576E-15
HessDelSqRho_EigVals = -8.7426680249E+02  4.2911770709E+02  3.1348621879E+03
HessDelSqRho_EigVec1 =  8.5739853942E-01  5.1464906759E-01  2.0203560585E-03
HessDelSqRho_EigVec2 = -2.7816761669E-02  4.2421714880E-02  9.9871248409E-01
HessDelSqRho_EigVec3 = -5.1390074176E-01  8.5635082492E-01 -5.0688186834E-02
</CP of DelSqRho>
<CP of DelSqRho>
CP# = 45      
Type = (3,+1)
Coords =  3.42790108089267E-01 -5.70704725297180E-01 -2.66681821179067E-02
DistFromNuc =  6.6632868503E-01
Rho =  2.4163333801E+00
DelSqRho = -1.2864014444E+01
GradDelSqRho = -1.1368683772E-13 -2.3447910280E-13  0.0000000000E+00
HessDelSqRho_EigVals = -8.7423945269E+02  4.2911200148E+02  3.1348976223E+03
HessDelSqRho_EigVec1 =  8.5739716835E-01  5.1464894875E-01  2.5603213371E-03
HessDelSqRho_EigVec2 =  2.0594073425E-02 -3.9279400700E-02  9.9901602230E-01
HessDelSqRho_EigVec3 = -5.1424311355E-01  8.5650078122E-01  4.4276765173E-02
</CP of DelSqRho>
<CP of DelSqRho>
CP# = 46      
Type = (3,+3)
Coords = -2.21792148249676E-03  1.01532216351804E-03  6.05264754904686E-01
DistFromNuc =  6.0529365077E-01
Rho =  3.8087265123E+00
DelSqRho = -7.1383298093E+01
GradDelSqRho = -9.9920072216E-16  1.1102230246E-16  2.8421709430E-14
HessDelSqRho_EigVals =  1.4266905392E+03  1.5602684013E+03  7.7256601154E+03
HessDelSqRho_EigVec1 =  8.6637963764E-01  4.9938043643E-01  2.3458884819E-03
HessDelSqRho_EigVec2 = -4.9937279046E-01  8.6638135232E-01 -3.1888090157E-03
HessDelSqRho_EigVec3 = -3.6248628733E-03  1.5912463222E-03  9.9999216412E-01
</CP of DelSqRho>
<CP of DelSqRho>
CP# = 47      
Type = (3,+3)
Coords =  2.17648132977095E-03 -9.11497455482005E-04 -6.05313390736278E-01
DistFromNuc =  6.0529400411E-01
Rho =  3.8087150326E+00
DelSqRho = -7.1383085409E+01
GradDelSqRho = -3.2612801348E-16  6.1062266354E-16  5.5422333389E-13
HessDelSqRho_EigVals =  1.4267328338E+03  1.5602242387E+03  7.7256160482E+03
HessDelSqRho_EigVec1 = -4.9983140466E-01  8.6611683401E-01 -3.1932360161E-03
HessDelSqRho_EigVec2 =  8.6611509841E-01  4.9983907626E-01  2.3524759287E-03
HessDelSqRho_EigVec3 = -3.6336231440E-03  1.5898685785E-03  9.9999213452E-01
</CP of DelSqRho>
<CP of DelSqRho>
CP# = 48      
Type = (3,-1)
Coords = -3.00560723871252E-01  4.99240330487732E-01  4.10846533769241E-01
DistFromNuc =  7.1297032137E-01
Rho =  1.8016822395E+00
DelSqRho =  4.5051259804E+00
GradDelSqRho = -3.5527136788E-14 -4.9737991503E-14  2.1316282073E-14
HessDelSqRho_EigVals = -4.2104360117E+02 -4.1416417962E+02  1.3229508089E+03
HessDelSqRho_EigVec1 = -2.0449118388E-01  5.4614196950E-01 -8.1234986604E-01
HessDelSqRho_EigVec2 =  8.8325476439E-01  4.6068058821E-01  8.7375149901E-02
HessDelSqRho_EigVec3 = -4.2195305057E-01  6.9964444169E-01  5.7658761547E-01
</CP of DelSqRho>
<CP of DelSqRho>
CP# = 49      
Type = (3,-1)
Coords =  2.97523261430614E-01 -4.97831969438767E-01  4.14602991607033E-01
DistFromNuc =  7.1297815050E-01
Rho =  1.8016390576E+00
DelSqRho =  4.5072682570E+00
GradDelSqRho =  2.8421709430E-14  6.0396132540E-14  5.3290705182E-14
HessDelSqRho_EigVals = -4.2103941037E+02 -4.1422665002E+02  1.3227264552E+03
HessDelSqRho_EigVec1 = -2.0905528641E-01  5.4940231831E-01  8.0898268206E-01
HessDelSqRho_EigVec2 =  8.8418249847E-01  4.5959391272E-01 -8.3634590919E-02
HessDelSqRho_EigVec3 = -4.1775255431E-01  6.9780407568E-01 -5.8185245152E-01
</CP of DelSqRho>
<CP of DelSqRho>
CP# = 50      
Type = (3,-1)
Coords = -2.89273402291102E-01  4.82983319216274E-01 -4.02098586984750E-01
DistFromNuc =  6.9177478516E-01
Rho =  2.0434695947E+00
DelSqRho = -5.6308624856E-01
GradDelSqRho = -1.8829382498E-13  2.0250467969E-13 -1.2079226508E-13
HessDelSqRho_EigVals = -4.3575143570E+02 -4.2786177328E+02  2.0259237114E+03
HessDelSqRho_EigVec1 = -3.9923479983E-01  4.3344948743E-01  8.0791900365E-01
HessDelSqRho_EigVec2 =  8.1625895640E-01  5.6932839315E-01  9.7910657525E-02
HessDelSqRho_EigVec3 = -4.1753190382E-01  6.9856046453E-01 -5.8110273333E-01
</CP of DelSqRho>
<CP of DelSqRho>
CP# = 51      
Type = (3,-1)
Coords =  2.92123045083580E-01 -4.84150671711805E-01 -3.98447403735430E-01
DistFromNuc =  6.9176772287E-01
Rho =  2.0435082925E+00
DelSqRho = -5.6587276589E-01
GradDelSqRho =  0.0000000000E+00 -1.3855583347E-13 -6.0396132540E-14
HessDelSqRho_EigVals = -4.3574237461E+02 -4.2777132449E+02  2.0262012261E+03
HessDelSqRho_EigVec1 =  3.9093337249E-01 -4.3255869370E-01  8.1244327480E-01
HessDelSqRho_EigVec2 =  8.1812042646E-01  5.6773808559E-01 -9.1391651649E-02
HessDelSqRho_EigVec3 = -4.2172273603E-01  7.0040448505E-01  5.7583286745E-01
</CP of DelSqRho>
<CP of DelSqRho>
CP# = 52      
Type = (3,-1)
Coords =  4.82076133034741E-01  2.91427787428835E-01  4.01503844493993E-01
DistFromNuc =  6.9176927550E-01
Rho =  2.0435090789E+00
DelSqRho = -5.6526244621E-01
GradDelSqRho = -2.3803181648E-13 -1.4210854715E-14 -1.7053025658E-13
HessDelSqRho_EigVals = -4.3573063867E+02 -4.2781073047E+02  2.0261404011E+03
HessDelSqRho_EigVec1 =  4.2944076096E-01  4.0304270067E-01 -8.0816905055E-01
HessDelSqRho_EigVec2 = -5.7381740041E-01  8.1280089859E-01  1.0044048104E-01
HessDelSqRho_EigVec3 =  6.9736233323E-01  4.2060822707E-01  5.8032275116E-01
</CP of DelSqRho>
<CP of DelSqRho>
CP# = 53      
Type = (3,-1)
Coords = -4.85054014680418E-01 -2.90002854341983E-01  3.98924872343548E-01
DistFromNuc =  6.9177066216E-01
Rho =  2.0434944862E+00
DelSqRho = -5.6474534629E-01
GradDelSqRho =  1.9184653866E-13  1.1368683772E-13 -4.9737991503E-14
HessDelSqRho_EigVals = -4.3572284518E+02 -4.2782512048E+02  2.0260823364E+03
HessDelSqRho_EigVec1 =  4.2987022635E-01  3.9664294682E-01  8.1110169599E-01
HessDelSqRho_EigVec2 =  5.6830439306E-01 -8.1692557125E-01  9.8299175336E-02
HessDelSqRho_EigVec3 =  7.0159939091E-01  4.1869676829E-01 -5.7658590938E-01
</CP of DelSqRho>
<CP of DelSqRho>
CP# = 54      
Type = (3,-1)
Coords =  5.00024124955030E-01  2.98430639142667E-01 -4.11429278288370E-01
DistFromNuc =  7.1297385202E-01
Rho =  1.8016656527E+00
DelSqRho =  4.5058250692E+00
GradDelSqRho = -4.9737991503E-14 -5.3290705182E-15 -2.1316282073E-14
HessDelSqRho_EigVals = -4.2101336438E+02 -4.1420339715E+02  1.3228517344E+03
HessDelSqRho_EigVec1 =  5.4468693011E-01  2.0830872237E-01  8.1235683314E-01
HessDelSqRho_EigVec2 =  4.6057982409E-01 -8.8380486631E-01 -8.2189925908E-02
HessDelSqRho_EigVec3 =  7.0084404385E-01  4.1892294574E-01 -5.7733975416E-01
</CP of DelSqRho>
<CP of DelSqRho>
CP# = 55      
Type = (3,-1)
Coords = -4.97042418122874E-01 -2.99685097913686E-01 -4.14102489097014E-01
DistFromNuc =  7.1297328612E-01
Rho =  1.8016607701E+00
DelSqRho =  4.5057909009E+00
GradDelSqRho =  1.3145040612E-13  3.5527136788E-14  2.1316282073E-14
HessDelSqRho_EigVals = -4.2101195354E+02 -4.1420460518E+02  1.3228662841E+03
HessDelSqRho_EigVec1 = -5.4672055296E-01 -2.1310934447E-01  8.0974134406E-01
HessDelSqRho_EigVec2 = -4.6459683814E-01  8.8175232869E-01 -8.1624805233E-02
HessDelSqRho_EigVec3 =  6.9659630703E-01  4.2082922681E-01  5.8108204833E-01
</CP of DelSqRho>
<CP of DelSqRho>
CP# = 56      
Type = (3,+1)
Coords =  1.41224272565602E-01  4.51012313813458E-01  4.70943155304078E-01
DistFromNuc =  6.6717807729E-01
Rho =  2.4009556465E+00
DelSqRho = -1.2442513970E+01
GradDelSqRho =  4.4408920985E-14 -7.8159700934E-14  7.1054273576E-14
HessDelSqRho_EigVals = -8.7672758747E+02  4.1823633539E+02  3.0927594454E+03
HessDelSqRho_EigVec1 = -1.7367237371E-01 -6.8490409526E-01  7.0763287580E-01
HessDelSqRho_EigVec2 =  9.6091562664E-01 -2.7515781116E-01 -3.0485036276E-02
HessDelSqRho_EigVec3 =  2.1559003940E-01  6.7468107966E-01  7.0592235809E-01
</CP of DelSqRho>
<CP of DelSqRho>
CP# = 57      
Type = (3,+1)
Coords = -1.44708706046782E-01 -4.49390313262769E-01  4.71342674017407E-01
DistFromNuc =  6.6717212255E-01
Rho =  2.4010877077E+00
DelSqRho = -1.2445923210E+01
GradDelSqRho =  3.5527136788E-14  9.5923269328E-14 -1.3500311979E-13
HessDelSqRho_EigVals = -8.7673095407E+02  4.1835063894E+02  3.0930458866E+03
HessDelSqRho_EigVec1 = -1.6856402216E-01 -6.8716222926E-01 -7.0667831516E-01
HessDelSqRho_EigVec2 =  9.6065567692E-01 -2.7508298570E-01  3.8340857919E-02
HessDelSqRho_EigVec3 = -2.2074157027E-01 -6.7241164599E-01  7.0649539100E-01
</CP of DelSqRho>
<CP of DelSqRho>
CP# = 58      
Type = (3,+1)
Coords = -4.48512477391455E-01  1.42231132888139E-01 -4.73055169091220E-01
DistFromNuc =  6.6716997246E-01
Rho =  2.4011278378E+00
DelSqRho = -1.2447136603E+01
GradDelSqRho = -1.4921397451E-13  3.7081449022E-14 -1.8474111130E-13
HessDelSqRho_EigVals = -8.7672534688E+02  4.1839076491E+02  3.0931499851E+03
HessDelSqRho_EigVec1 =  6.8860127961E-01 -1.7224410801E-01 -7.0438643157E-01
HessDelSqRho_EigVec2 =  2.7496709396E-01  9.6085771600E-01  3.3845928123E-02
HessDelSqRho_EigVec3 =  6.7098537612E-01 -2.1698943953E-01  7.0900931458E-01
</CP of DelSqRho>
<CP of DelSqRho>
CP# = 59      
Type = (3,+1)
Coords =  4.51887931546493E-01 -1.43673497609275E-01 -4.69322307186019E-01
DistFromNuc =  6.6717430983E-01
Rho =  2.4010233084E+00
DelSqRho = -1.2444833784E+01
GradDelSqRho =  3.9079850467E-14 -1.8429702209E-14  1.4921397451E-13
HessDelSqRho_EigVals = -8.7669531011E+02  4.1829424499E+02  3.0929480797E+03
HessDelSqRho_EigVec1 =  6.8344528454E-01 -1.7001152406E-01  7.0992860537E-01
HessDelSqRho_EigVec2 = -2.7527727784E-01 -9.6072989019E-01  3.4935632186E-02
HessDelSqRho_EigVec3 =  6.7611017101E-01 -2.1930380702E-01 -7.0340662272E-01
</CP of DelSqRho>
<CP of DelSqRho>
CP# = 60      
Type = (3,+1)
Coords = -4.65960327940552E-01  8.63206275081737E-02  4.68974535501227E-01
DistFromNuc =  6.6670780710E-01
Rho =  2.4069500227E+00
DelSqRho = -1.2566117100E+01
GradDelSqRho =  7.1054273576E-14 -2.3092638912E-14 -1.5631940187E-13
HessDelSqRho_EigVals = -8.7807721050E+02  4.2215605269E+02  3.1148412958E+03
HessDelSqRho_EigVec1 = -6.8302469147E-01  1.7009885417E-01 -7.1031236133E-01
HessDelSqRho_EigVec2 =  2.0870321536E-01  9.7740936609E-01  3.3375125136E-02
HessDelSqRho_EigVec3 =  6.9994302536E-01 -1.2544843917E-01 -7.0309490850E-01
</CP of DelSqRho>
<CP of DelSqRho>
CP# = 61      
Type = (3,+1)
Coords =  4.62490385007723E-01 -8.46869767341404E-02  4.72616057140735E-01
DistFromNuc =  6.6669965268E-01
Rho =  2.4071120019E+00
DelSqRho = -1.2570561016E+01
GradDelSqRho =  7.4606987255E-14 -3.9079850467E-14 -2.8421709430E-14
HessDelSqRho_EigVals = -8.7807814595E+02  4.2228157594E+02  3.1152608923E+03
HessDelSqRho_EigVec1 = -6.8817420011E-01  1.7233914110E-01  7.0478045571E-01
HessDelSqRho_EigVec2 =  2.0891299056E-01  9.7730808766E-01 -3.4989486505E-02
HessDelSqRho_EigVec3 = -6.9481769744E-01  1.2315893080E-01 -7.0856209685E-01
</CP of DelSqRho>
<CP of DelSqRho>
CP# = 62      
Type = (3,+1)
Coords =  8.72177651428023E-02  4.63518617613744E-01 -4.71279957801368E-01
DistFromNuc =  6.6670431357E-01
Rho =  2.4070368637E+00
DelSqRho = -1.2567884736E+01
GradDelSqRho = -3.4638958368E-14 -1.7053025658E-13  6.3948846218E-14
HessDelSqRho_EigVals = -8.7811772919E+02  4.2222839731E+02  3.1150125156E+03
HessDelSqRho_EigVec1 =  1.6864922241E-01  6.8674138878E-01  7.0706697329E-01
HessDelSqRho_EigVec2 = -9.7747230212E-01  2.0888203295E-01  3.0268711576E-02
HessDelSqRho_EigVec3 = -1.2690680979E-01 -6.9624317681E-01  7.0649847868E-01
</CP of DelSqRho>
<CP of DelSqRho>
CP# = 63      
Type = (3,+1)
