 AIMInt (Version 19.02.13, Professional)
 Portions Copyright (c) 1997-2019 by Todd A. Keith
 AIMInt is a component of the AIMAll package ( http://aim.tkgristmill.com )

 TP:  64-bit Linux

 Licensed To:  Research Group of Fernando Cortes Guzman, UNAM, fercor@unam.mx

 AIMInt is a heavily modified and extended version of the PROAIMV program
 developed by members of R.F.W. Bader's research group

 Much of the Quantum Theory of Atoms in Molecules (QTAIM) is described in the book:
   "Atoms in Molecules - A Quantum Theory"
   R.F.W. Bader, Oxford University Press, Oxford, 1990

 For additional references see:  http://aim.tkgristmill.com/references.html

 Current Directory:  /home/scratch/M_H2O_4_tetraedrico/Opt

 Inp File:  Mn3_tetraedrico_cc-pvtz-def2-tzv_1_atomicfiles/o2.inp
 Wfx File:  Mn3_tetraedrico_cc-pvtz-def2-tzv_1.wfx
 Out File:  Mn3_tetraedrico_cc-pvtz-def2-tzv_1_atomicfiles/o2.int

 Wfx Title:   Mn3_tetraedrico_cc-pvtz-def2-tzv_1                                            
 Job Title:   Mn3_tetraedrico_cc-pvtz-def2-tzv_1                                            
 
<Atom>
O2      
</Atom>
<Nuclei of Molecule>
    13
Mn1       25.0          -2.3417154361E-05   5.1701735360E-05  -2.4150699978E-05
O2         8.0          -1.8201651221E+00   2.1677096249E+00   1.9868035375E+00
H3         1.0          -3.4659205552E+00   2.9278486125E+00   1.4822867789E+00
O4         8.0           2.1715928313E+00   1.8100777495E+00  -1.9917644655E+00
H5         1.0           3.0096016588E+00   1.2470439200E+00  -3.5805527699E+00
O6         8.0           1.8060200415E+00  -2.1614284424E+00   2.0063037349E+00
H7         1.0           1.2406471022E+00  -2.9921569017E+00   3.5981866171E+00
O8         8.0          -2.1575423074E+00  -1.8161512936E+00  -2.0014386349E+00
H9         1.0          -2.9833789890E+00  -1.2590542798E+00  -3.5987373777E+00
H10        1.0           2.9312054045E+00   3.4579546522E+00  -1.4934321947E+00
H11        1.0           3.4557566507E+00  -2.9219309101E+00   1.5153137115E+00
H12        1.0          -1.2664886975E+00   3.0001628647E+00   3.5818141621E+00
H13        1.0          -2.9200806913E+00  -3.4628216086E+00  -1.5035085357E+00
</Nuclei of Molecule>
<Total Number of CPs of DelSqRho>
    37
</Total Number of CPs of DelSqRho>
<Number of (3,+3) CPs of DelSqRho>
     5
</Number of (3,+3) CPs of DelSqRho>
<Number of (3,+1) CPs of DelSqRho>
    14
</Number of (3,+1) CPs of DelSqRho>
<Number of (3,-1) CPs of DelSqRho>
    13
</Number of (3,-1) CPs of DelSqRho>
<Number of (3,-3) CPs of DelSqRho>
     5
</Number of (3,-3) CPs of DelSqRho>
<Number of Degenerate CPs of DelSqRho>
     0
</Number of Degenerate CPs of DelSqRho>
<CP of DelSqRho>
CP# = 1       
Type = (3,+3)
Coords = -1.82016519194521E+00  2.16770982296615E+00  1.98680360440994E+00
DistFromNuc =  2.2045244062E-07
Rho =  2.9716268662E+02
DelSqRho = -3.3276392394E+06
GradDelSqRho =  4.6473796829E-06  1.0277210095E-05 -1.0576612112E-05
HessDelSqRho_EigVals =  1.3233203511E+11  1.3233205666E+11  1.3233206172E+11
HessDelSqRho_EigVec1 =  4.4787228930E-01  7.4582735603E-01 -4.9310441842E-01
HessDelSqRho_EigVec2 = -5.1512013828E-01  6.6602424553E-01  5.3950250001E-01
HessDelSqRho_EigVec3 =  7.3079522140E-01  1.2379796440E-02  6.8248449435E-01
</CP of DelSqRho>
<CP of DelSqRho>
CP# = 2       
Type = (3,-1)
Coords = -1.33332272446656E+00  1.12059441492180E+00  9.97996386096850E-01
DistFromNuc =  1.5202648999E+00
Rho =  1.4512757640E-01
DelSqRho =  3.4881061376E-01
GradDelSqRho = -5.1347814889E-16  9.9920072216E-16  2.2204460493E-16
HessDelSqRho_EigVals = -5.0647172212E-01 -2.6665305693E-01  5.0513639487E+00
HessDelSqRho_EigVec1 =  7.0008096977E-01  7.1030994978E-01 -7.3119156238E-02
HessDelSqRho_EigVec2 =  4.2910551401E-01 -3.3664442301E-01  8.3817599005E-01
HessDelSqRho_EigVec3 = -5.7074958924E-01  6.1816689307E-01  5.4047627024E-01
</CP of DelSqRho>
<CP of DelSqRho>
CP# = 3       
Type = (3,+1)
Coords = -2.83573689364247E+00  2.63592990424725E+00  1.66740835914972E+00
DistFromNuc =  1.1630260243E+00
Rho =  4.0407468965E-01
DelSqRho = -9.1035646293E-01
GradDelSqRho = -4.0953351821E-13  1.8757218001E-13 -1.5587531266E-13
HessDelSqRho_EigVals = -2.9465894702E+01  1.3962863108E+01  1.4705646272E+01
HessDelSqRho_EigVec1 =  8.7526303381E-01 -4.0560504170E-01  2.6343722553E-01
HessDelSqRho_EigVec2 =  4.8289264487E-01  7.0246958087E-01 -5.2282997378E-01
HessDelSqRho_EigVec3 =  2.7005835917E-02  5.8482564761E-01  8.1070934787E-01
</CP of DelSqRho>
<CP of DelSqRho>
CP# = 4       
Type = (3,+1)
Coords = -1.47124487395460E+00  2.68136589340221E+00  2.97115997870094E+00
DistFromNuc =  1.1638495200E+00
Rho =  4.0429331888E-01
DelSqRho = -9.1474592278E-01
GradDelSqRho =  4.5463632858E-14  5.3790305543E-14  1.0613732115E-13
HessDelSqRho_EigVals = -2.9474676469E+01  1.3974148500E+01  1.4735348731E+01
HessDelSqRho_EigVec1 =  2.8970136943E-01  4.4343387424E-01  8.4819780460E-01
HessDelSqRho_EigVec2 =  4.6455713618E-01  7.0966636547E-01 -5.2967944735E-01
HessDelSqRho_EigVec3 =  8.3681526263E-01 -5.4748520427E-01  4.0905278412E-04
</CP of DelSqRho>
<CP of DelSqRho>
CP# = 5       
Type = (3,+1)
Coords = -1.76264934170229E+00  2.31238435675152E+00  1.92245926708273E+00
DistFromNuc =  1.6846076156E-01
Rho =  2.2533273209E+01
DelSqRho =  1.2305850042E+03
GradDelSqRho =  5.8122395785E-12  1.7394086171E-11 -1.5980106127E-11
HessDelSqRho_EigVals = -4.0962817455E+05  2.7083905355E+03  3.2241791202E+03
HessDelSqRho_EigVec1 =  3.4314479326E-01  8.5733457196E-01 -3.8370442086E-01
HessDelSqRho_EigVec2 =  5.7482700785E-01 -5.1475447009E-01 -6.3608312867E-01
HessDelSqRho_EigVec3 =  7.4284962267E-01  2.2950504574E-03  6.6945438294E-01
</CP of DelSqRho>
<CP of DelSqRho>
CP# = 6       
Type = (3,-1)
Coords = -1.91449912386513E+00  2.26435637298737E+00  2.08744679871100E+00
DistFromNuc =  1.6842969997E-01
Rho =  2.2403246303E+01
DelSqRho =  1.2609691686E+03
GradDelSqRho =  3.1263880373E-12 -5.5706550484E-12 -9.0949470177E-12
HessDelSqRho_EigVals = -4.1505192739E+05 -2.0885628837E+03  8.0407177374E+02
HessDelSqRho_EigVec1 = -5.6063312465E-01  5.7250267514E-01  5.9827350477E-01
HessDelSqRho_EigVec2 =  3.8536191084E-01  8.1987429318E-01 -4.2344107153E-01
HessDelSqRho_EigVec3 = -7.3293021306E-01 -6.8432700326E-03 -6.8026941166E-01
</CP of DelSqRho>
<CP of DelSqRho>
CP# = 7       
Type = (3,+1)
Coords = -1.91010012036784E+00  2.06445698091401E+00  2.08406893907700E+00
DistFromNuc =  1.6795824103E-01
Rho =  2.2644041882E+01
DelSqRho =  1.2418100664E+03
GradDelSqRho =  2.1600499167E-12 -6.4304117586E-12 -2.9842794902E-12
HessDelSqRho_EigVals = -4.2138394288E+05  2.3060271490E+03  2.8562388248E+03
HessDelSqRho_EigVec1 =  5.3401592919E-01  6.1734567785E-01 -5.7767750640E-01
HessDelSqRho_EigVec2 =  4.1566578657E-01 -7.8668361706E-01 -4.5645464236E-01
HessDelSqRho_EigVec3 =  7.3623973083E-01 -3.6332748883E-03  6.7671105951E-01
</CP of DelSqRho>
<CP of DelSqRho>
CP# = 8       
Type = (3,-3)
Coords = -1.80001843338385E+00  2.06090350652450E+00  1.85963397956023E+00
DistFromNuc =  1.6728876965E-01
Rho =  2.2647574996E+01
DelSqRho =  1.2880768922E+03
GradDelSqRho = -2.7853275242E-12  5.2295945352E-12  3.9790393203E-13
HessDelSqRho_EigVals = -4.4279932270E+05 -3.1847288075E+03 -1.1868226733E+02
HessDelSqRho_EigVec1 = -1.2133555848E-01  6.3965987593E-01  7.5902103092E-01
HessDelSqRho_EigVec2 =  4.5240733555E-01  7.1626729714E-01 -5.3130853728E-01
HessDelSqRho_EigVec3 =  8.8351869532E-01 -2.7892006413E-01  3.7629551265E-01
</CP of DelSqRho>
<CP of DelSqRho>
CP# = 9       
Type = (3,-3)
Coords = -1.68475842490648E+00  2.06980141245218E+00  1.97828653873521E+00
DistFromNuc =  1.6731267428E-01
Rho =  2.2637244414E+01
DelSqRho =  1.2885191357E+03
GradDelSqRho =  8.7538865046E-12 -9.9475983006E-12 -9.9475983006E-13
HessDelSqRho_EigVals = -4.4232606345E+05 -3.2403835477E+03 -2.7615272594E+02
HessDelSqRho_EigVec1 =  8.0818080078E-01 -5.8663838439E-01 -5.1953817986E-02
HessDelSqRho_EigVec2 =  4.9080096743E-01  7.1964727282E-01 -4.9114378048E-01
HessDelSqRho_EigVec3 =  3.2551221731E-01  3.7143398968E-01  8.6952779582E-01
</CP of DelSqRho>
<CP of DelSqRho>
CP# = 10      
Type = (3,-1)
Coords = -1.19387216680719E+00  1.98998373529392E+00  2.28054735316333E+00
DistFromNuc =  7.1422320526E-01
Rho =  6.7841792146E-01
DelSqRho = -1.0572129232E+00
GradDelSqRho = -1.3100631691E-14 -1.7763568394E-15 -3.1086244690E-15
HessDelSqRho_EigVals = -1.5334171496E+01 -1.1651067787E+01  1.4434668228E+02
HessDelSqRho_EigVec1 = -1.3977298218E-01  6.6642645100E-01  7.3235189551E-01
HessDelSqRho_EigVec2 = -4.6092959114E-01 -6.9838295668E-01  5.4754466287E-01
HessDelSqRho_EigVec3 =  8.7636032855E-01 -2.6103070936E-01  4.0479074015E-01
</CP of DelSqRho>
<CP of DelSqRho>
CP# = 11      
Type = (3,-1)
Coords = -2.20868746588128E+00  2.63701629110853E+00  2.37432433411345E+00
DistFromNuc =  7.2206005733E-01
Rho =  6.6986736839E-01
DelSqRho = -1.0093731781E+00
GradDelSqRho =  6.2172489379E-15 -5.3290705182E-15 -8.8817841970E-16
HessDelSqRho_EigVals = -1.9373529205E+01 -6.6111328085E+00  1.3654335754E+02
HessDelSqRho_EigVec1 =  7.2297321978E-01  2.6915659334E-02  6.9035155592E-01
HessDelSqRho_EigVec2 =  4.3076476960E-01  7.6366398796E-01 -4.8089398704E-01
HessDelSqRho_EigVec3 = -5.4014020102E-01  6.4505260311E-01  5.4051429441E-01
</CP of DelSqRho>
<CP of DelSqRho>
CP# = 12      
Type = (3,+3)
Coords = -1.43052086251390E+00  2.46777264347128E+00  1.56473533988510E+00
DistFromNuc =  6.4807563420E-01
Rho =  9.1102450940E-01
DelSqRho = -3.8380829476E+00
GradDelSqRho = -2.3092638912E-14 -1.5987211555E-14  1.3322676296E-14
HessDelSqRho_EigVals =  7.4990241591E+00  1.7527606752E+01  2.8746835675E+02
HessDelSqRho_EigVec1 = -3.5105963592E-01  8.7082524712E-01  3.4412282838E-01
HessDelSqRho_EigVec2 =  7.2642513343E-01  2.1400772716E-02  6.8691231788E-01
HessDelSqRho_EigVec3 =  5.9081609453E-01  4.9112665974E-01 -6.4010229381E-01
</CP of DelSqRho>
<CP of DelSqRho>
CP# = 13      
Type = (3,+3)
Coords = -2.00399788640555E+00  1.59438108684971E+00  2.19235050738143E+00
DistFromNuc =  6.3619938269E-01
Rho =  9.6185420492E-01
DelSqRho = -4.4120216713E+00
GradDelSqRho = -1.2008172234E-12 -4.8832049515E-12  1.3837819779E-12
HessDelSqRho_EigVals =  1.2725921870E+01  2.1696647468E+01  3.4267357173E+02
HessDelSqRho_EigVec1 =  6.1918593101E-01 -4.5317498535E-01 -6.4128091777E-01
HessDelSqRho_EigVec2 =  7.2465580751E-01  1.5205024923E-02  6.8894322542E-01
HessDelSqRho_EigVec3 =  3.0246114375E-01  8.9129189375E-01 -3.3781062247E-01
</CP of DelSqRho>
<CP of DelSqRho>
CP# = 14      
Type = (3,-1)
Coords = -2.13528477305684E+00  1.96289841296049E+00  1.38012768236318E+00
DistFromNuc =  7.1365511288E-01
Rho =  6.8126382332E-01
DelSqRho = -1.0725788941E+00
GradDelSqRho =  1.7763568394E-15 -7.7715611724E-15 -2.3536728122E-14
HessDelSqRho_EigVals = -1.5246681198E+01 -1.1919277330E+01  1.4503487636E+02
HessDelSqRho_EigVec1 = -7.4615354682E-01  6.4816580467E-01  1.5210514197E-01
HessDelSqRho_EigVec2 =  5.0521863633E-01  7.0003131904E-01 -5.0468830169E-01
HessDelSqRho_EigVec3 =  4.3360006234E-01  2.9972861394E-01  8.4979629554E-01
</CP of DelSqRho>
<CP of DelSqRho>
CP# = 15      
Type = (3,+1)
Coords = -2.07282186273643E+00  2.66552443547093E+00  1.59137617402411E+00
DistFromNuc =  6.8411827490E-01
Rho =  7.9925382462E-01
DelSqRho = -2.6822982938E+00
GradDelSqRho = -4.4408920985E-16  1.5099033135E-14 -2.3980817332E-14
HessDelSqRho_EigVals = -1.1103297027E+01  1.3551105389E+01  1.9724110940E+02
HessDelSqRho_EigVec1 =  9.5767364962E-01  1.9013459767E-01 -2.1612499992E-01
HessDelSqRho_EigVec2 =  4.9460274450E-02  6.3095420095E-01  7.7424187278E-01
HessDelSqRho_EigVec3 = -2.8357514361E-01  7.5216064180E-01 -5.9484410298E-01
</CP of DelSqRho>
<CP of DelSqRho>
CP# = 16      
Type = (3,+1)
Coords = -1.43382295737964E+00  2.68951931315957E+00  2.19792205558701E+00
DistFromNuc =  6.8272735974E-01
Rho =  8.0269815753E-01
DelSqRho = -2.7067734828E+00
GradDelSqRho = -6.2172489379E-15 -1.4321877018E-14 -5.5511151231E-15
HessDelSqRho_EigVals = -1.1009109809E+01  1.3760122549E+01  1.9959210200E+02
HessDelSqRho_EigVec1 = -1.5862362880E-01 -1.5990386662E-01  9.7430452007E-01
HessDelSqRho_EigVec2 =  8.0089045958E-01 -5.9794149686E-01  3.2255822451E-02
HessDelSqRho_EigVec3 =  5.7741927240E-01  7.8542773046E-01  2.2291313127E-01
</CP of DelSqRho>
<CP of DelSqRho>
CP# = 17      
Type = (3,+1)
Coords = -1.45724492478494E+00  1.72351400695976E+00  1.61945354035429E+00
DistFromNuc =  6.8115111173E-01
Rho =  8.1304227190E-01
DelSqRho = -3.1155630191E+00
GradDelSqRho = -1.9539925233E-14 -8.8817841970E-15  1.2434497876E-14
HessDelSqRho_EigVals = -5.6251365851E+00  1.7185296381E+01  2.1211974581E+02
HessDelSqRho_EigVec1 =  4.4302238249E-01  7.5322451698E-01 -4.8619337267E-01
HessDelSqRho_EigVec2 =  7.2364568368E-01  1.9687494962E-02  6.8989080805E-01
HessDelSqRho_EigVec3 = -5.2921460024E-01  6.5746880501E-01  5.3634566963E-01
</CP of DelSqRho>
<CP of DelSqRho>
CP# = 18      
Type = (3,+1)
Coords = -1.79915720827317E+00  2.08211075882121E+00  2.66707871709106E+00
DistFromNuc =  6.8596123670E-01
Rho =  7.9475614335E-01
DelSqRho = -2.6735363756E+00
GradDelSqRho =  2.6645352591E-15  9.7699626167E-15 -5.3290705182E-15
HessDelSqRho_EigVals = -1.2889626895E+01  1.4657317413E+01  1.9701023964E+02
HessDelSqRho_EigVec1 =  4.6377235562E-01  8.6521781640E-01  1.9056057393E-01
HessDelSqRho_EigVec2 =  8.8582473615E-01 -4.5653087449E-01 -8.3030701913E-02
HessDelSqRho_EigVec3 = -1.5157142857E-02 -2.0731061434E-01  9.7815774301E-01
</CP of DelSqRho>
<CP of DelSqRho>
CP# = 19      
Type = (3,+3)
Coords = -2.44218973717617E+00  2.45271765640792E+00  1.76974253141054E+00
DistFromNuc =  7.1781590966E-01
Rho =  7.6552241725E-01
DelSqRho = -3.1714557560E+00
GradDelSqRho = -8.6597395921E-15  1.5321077740E-14  1.3322676296E-15
HessDelSqRho_EigVals =  1.1056493396E+01  2.3643780742E+01  1.4678185098E+02
HessDelSqRho_EigVec1 =  5.0406883224E-01  7.1860165902E-01 -4.7908899802E-01
HessDelSqRho_EigVec2 = -4.0665571915E-02  5.7384963505E-01  8.1795043102E-01
HessDelSqRho_EigVec3 =  8.6270558340E-01 -3.9282089049E-01  3.1848206287E-01
</CP of DelSqRho>
<CP of DelSqRho>
CP# = 20      
Type = (3,+1)
Coords = -2.49877104753936E+00  2.06241638367763E+00  1.99314237118514E+00
DistFromNuc =  6.8675530537E-01
Rho =  7.9350008227E-01
DelSqRho = -2.6698967506E+00
GradDelSqRho =  2.6645352591E-14  9.3258734069E-15  7.5495165675E-15
HessDelSqRho_EigVals = -1.2790826212E+01  1.4580302030E+01  1.9582745456E+02
HessDelSqRho_EigVec1 = -2.3356716474E-01  8.4709052358E-01 -4.7737199793E-01
HessDelSqRho_EigVec2 = -6.3813064787E-02  4.7653887080E-01  8.7683441845E-01
HessDelSqRho_EigVec3 =  9.7024443947E-01  2.3526229930E-01 -5.7248390481E-02
</CP of DelSqRho>
<CP of DelSqRho>
CP# = 21      
Type = (3,+3)
Coords = -1.58541708282916E+00  2.48335205435090E+00  2.58610050038285E+00
DistFromNuc =  7.1686374923E-01
Rho =  7.6828409221E-01
DelSqRho = -3.2030127876E+00
GradDelSqRho = -2.6645352591E-15 -1.1102230246E-16 -8.8817841970E-16
HessDelSqRho_EigVals =  1.1196649122E+01  2.3975701872E+01  1.4784539752E+02
HessDelSqRho_EigVec1 = -4.2927819742E-01 -7.1292451011E-01  5.5448974030E-01
HessDelSqRho_EigVec2 =  8.3528050383E-01 -5.4691146383E-01 -5.6518409841E-02
HessDelSqRho_EigVec3 =  3.4355015519E-01  4.3889234855E-01  8.3026911134E-01
</CP of DelSqRho>
<CP of DelSqRho>
CP# = 22      
Type = (3,-1)
Coords = -1.94249408471066E+00  2.83423158603377E+00  1.01018108156904E+00
DistFromNuc =  1.1886998449E+00
Rho =  2.4267281644E-01
DelSqRho =  7.1750974105E-01
GradDelSqRho = -6.3317406873E-16 -3.8580250106E-15  5.7176485768E-15
HessDelSqRho_EigVals = -1.7009664261E+01 -1.2872315257E+00  3.1052751182E-01
HessDelSqRho_EigVec1 =  8.2681064077E-02 -5.4676713817E-01  8.3319237770E-01
HessDelSqRho_EigVec2 = -9.5312145832E-01  2.0080426296E-01  2.2635620969E-01
HessDelSqRho_EigVec3 =  2.9107271829E-01  8.1284890637E-01  5.0453278196E-01
</CP of DelSqRho>
<CP of DelSqRho>
CP# = 23      
Type = (3,+1)
Coords = -1.06093569001874E+00  1.51563762270301E+00  1.23046434822497E+00
DistFromNuc =  1.2544625127E+00
Rho =  2.4351392697E-01
DelSqRho =  3.6710149421E-01
GradDelSqRho =  3.8968828164E-14  3.8614667019E-12  2.1567192476E-12
HessDelSqRho_EigVals = -8.1180976199E+00  5.6851462129E-01  1.1019401472E+00
HessDelSqRho_EigVec1 =  6.2122468218E-01 -4.9997727346E-01 -6.0340916490E-01
HessDelSqRho_EigVec2 =  3.0101442849E-01  8.6319153399E-01 -4.0532787898E-01
HessDelSqRho_EigVec3 =  7.2351241046E-01  7.0164817882E-02  6.8673625959E-01
</CP of DelSqRho>
<CP of DelSqRho>
CP# = 24      
Type = (3,-3)
Coords = -8.61718035027945E-01  1.85231038259819E+00  2.52653884230340E+00
DistFromNuc =  1.1442952853E+00
Rho =  2.4593909783E-01
DelSqRho =  8.3557663845E-01
GradDelSqRho = -5.4733995114E-14 -4.4630965590E-14  6.0590421569E-14
HessDelSqRho_EigVals = -1.7590957322E+01 -1.8278806607E+00 -4.6198799623E-01
HessDelSqRho_EigVec1 =  8.4810584046E-01 -3.0018134092E-01  4.3658635564E-01
HessDelSqRho_EigVec2 = -1.4011138997E-01  6.6761321422E-01  7.3120543939E-01
HessDelSqRho_EigVec3 =  5.1096504946E-01  6.8131032486E-01 -5.2414784123E-01
</CP of DelSqRho>
<CP of DelSqRho>
CP# = 25      
Type = (3,-3)
Coords = -2.54234003746097E+00  2.68862949465032E+00  2.72339413428333E+00
DistFromNuc =  1.1556209700E+00
Rho =  2.4676599044E-01
DelSqRho =  8.7215118642E-01
GradDelSqRho =  0.0000000000E+00 -1.0824674490E-15 -1.9984014443E-15
HessDelSqRho_EigVals = -1.7518580166E+01 -2.8641019120E+00 -1.6179736651E-01
HessDelSqRho_EigVec1 =  6.2501285491E-01 -4.5065807991E-01 -6.3739016795E-01
HessDelSqRho_EigVec2 =  7.2187488297E-01  2.2931540786E-02  6.9164354821E-01
HessDelSqRho_EigVec3 =  2.9707841479E-01  8.9240206154E-01 -3.3965125647E-01
</CP of DelSqRho>
<CP of DelSqRho>
CP# = 26      
Type = (3,-3)
Coords = -2.38199975462399E+00  1.80691002384847E+00  1.05691205342157E+00
DistFromNuc =  1.1447849923E+00
Rho =  2.4661109698E-01
DelSqRho =  8.3739528405E-01
GradDelSqRho = -6.7557071048E-14 -5.8064664188E-14  2.5035529205E-14
HessDelSqRho_EigVals = -1.7587106620E+01 -1.7898868023E+00 -5.1797506592E-01
HessDelSqRho_EigVec1 =  4.5813161417E-01  3.3673619658E-01  8.2263245621E-01
HessDelSqRho_EigVec2 =  7.4511389661E-01 -6.5011632933E-01 -1.4884233074E-01
HessDelSqRho_EigVec3 =  4.8468619247E-01  6.8114425216E-01 -5.4874566292E-01
</CP of DelSqRho>
<CP of DelSqRho>
CP# = 27      
Type = (3,-1)
Coords = -8.68636356482383E-01  2.87670148918839E+00  2.03570027895028E+00
DistFromNuc =  1.1876309809E+00
Rho =  2.4261028900E-01
DelSqRho =  7.2470278556E-01
GradDelSqRho = -3.2751579226E-15 -2.7755575616E-15 -5.1347814889E-16
HessDelSqRho_EigVals = -1.7193854648E+01 -1.2896722598E+00  2.8020876940E-01
HessDelSqRho_EigVec1 =  8.1272476253E-01  5.8231121745E-01  1.9801676686E-02
HessDelSqRho_EigVec2 = -1.8528072644E-01  2.2607387429E-01  9.5632716984E-01
HessDelSqRho_EigVec3 =  5.5240339678E-01 -7.8089964105E-01  2.9162688118E-01
</CP of DelSqRho>
<CP of DelSqRho>
CP# = 28      
Type = (3,-1)
Coords = -1.79321875761843E+00  1.58735674260280E+00  3.02193627816648E+00
DistFromNuc =  1.1870279547E+00
Rho =  2.4249336640E-01
DelSqRho =  7.4116405602E-01
GradDelSqRho = -5.7870375159E-15  5.5233595475E-15 -2.8310687128E-15
HessDelSqRho_EigVals = -1.7718718486E+01 -1.1727615892E+00  2.6594324981E-01
HessDelSqRho_EigVec1 =  2.5162162285E-02 -5.0833394431E-01  8.6079234816E-01
HessDelSqRho_EigVec2 =  2.6723993651E-01  8.3314821876E-01  4.8419713126E-01
HessDelSqRho_EigVec3 =  9.6330144914E-01 -2.1785464568E-01 -1.5681094169E-01
</CP of DelSqRho>
<CP of DelSqRho>
CP# = 29      
Type = (3,-1)
Coords = -2.83680455740616E+00  1.55330836264236E+00  2.00216273739561E+00
DistFromNuc =  1.1879732983E+00
Rho =  2.4291944302E-01
DelSqRho =  7.3568942440E-01
GradDelSqRho = -2.0539125956E-15 -6.9388939039E-16  4.1633363423E-16
HessDelSqRho_EigVals = -1.7560881492E+01 -1.2097186064E+00  2.8501860334E-01
HessDelSqRho_EigVec1 =  8.4381293429E-01  5.3653379168E-01 -1.0546198973E-02
HessDelSqRho_EigVec2 = -5.2031064029E-01  8.1317182242E-01 -2.6082259261E-01
HessDelSqRho_EigVec3 = -1.3136426273E-01  2.2557277674E-01  9.6532914225E-01
</CP of DelSqRho>
<CP of DelSqRho>
CP# = 30      
Type = (3,+1)
Coords = -3.81349074067472E+00  2.27956076298977E+00  1.95751506290719E+00
DistFromNuc =  1.9966761163E+00
Rho =  7.1015641211E-02
DelSqRho =  1.8661727302E-01
GradDelSqRho =  6.6058269965E-15  1.5161483180E-15  1.3686968225E-15
HessDelSqRho_EigVals = -1.8140870209E+00  1.7599972820E-02  5.8589963053E-01
HessDelSqRho_EigVec1 =  8.9625018378E-01  3.4276228015E-01 -2.8151310340E-01
HessDelSqRho_EigVec2 =  2.4763978504E-02  5.9502469581E-01  8.0332580983E-01
HessDelSqRho_EigVec3 = -4.4285703500E-01  7.2695228914E-01 -5.2480283524E-01
</CP of DelSqRho>
<CP of DelSqRho>
CP# = 31      
Type = (3,-1)
Coords = -3.46333475035934E+00  3.30033147844736E+00  2.22884683242043E+00
DistFromNuc =  2.0103292385E+00
Rho =  7.1919410251E-02
DelSqRho =  1.9199356214E-01
GradDelSqRho = -1.4571677198E-16 -9.7144514655E-17  2.7755575616E-16
HessDelSqRho_EigVals = -2.3287410869E+00 -1.8460771694E-02  4.8130129857E-01
HessDelSqRho_EigVec1 = -4.9776369493E-01  6.1221112420E-01  6.1435237724E-01
HessDelSqRho_EigVec2 = -4.7551089185E-01 -7.8502576808E-01  3.9701880961E-01
HessDelSqRho_EigVec3 =  7.2534177857E-01 -9.4509697185E-02  6.8187038461E-01
</CP of DelSqRho>
<CP of DelSqRho>
CP# = 32      
Type = (3,-1)
Coords = -7.49223092061576E-01  2.33410047070786E+00  3.68401805271464E+00
DistFromNuc =  2.0137377823E+00
Rho =  7.1495642888E-02
DelSqRho =  1.9043086828E-01
GradDelSqRho =  3.2265856653E-16 -3.4694469520E-17  6.9388939039E-18
HessDelSqRho_EigVals = -2.1483016048E+00 -1.9521833603E-02  4.8744073829E-01
HessDelSqRho_EigVec1 =  6.8869401309E-01 -3.8782639685E-01  6.1261018783E-01
HessDelSqRho_EigVec2 = -7.1370536953E-01 -5.1150696012E-01  4.7852405922E-01
HessDelSqRho_EigVec3 = -1.2777011322E-01  7.6677983519E-01  6.2906556297E-01
</CP of DelSqRho>
<CP of DelSqRho>
CP# = 33      
Type = (3,-1)
Coords = -3.60836462407708E+00  2.20027499328008E+00  1.06282960924382E+00
DistFromNuc =  2.0130687475E+00
Rho =  7.1519512803E-02
DelSqRho =  1.8995706613E-01
GradDelSqRho = -8.3266726847E-17 -4.1633363423E-17 -2.4980018054E-16
HessDelSqRho_EigVals = -2.1099222285E+00 -1.8934271381E-02  4.9805308286E-01
HessDelSqRho_EigVec1 =  6.7267036648E-01  4.6486561197E-01  5.7568614789E-01
HessDelSqRho_EigVec2 = -4.0055120010E-01 -4.2539779200E-01  8.1153894217E-01
HessDelSqRho_EigVec3 = -6.2215216318E-01  7.7648997506E-01  9.9950009888E-02
</CP of DelSqRho>
<CP of DelSqRho>
CP# = 34      
Type = (3,-1)
Coords = -2.02735962123279E+00  3.34808281507019E+00  3.60199787690356E+00
DistFromNuc =  2.0112342436E+00
Rho =  7.1874662242E-02
DelSqRho =  1.9096912838E-01
GradDelSqRho =  1.8018087022E-12 -2.5610902288E-12 -2.0623919239E-12
HessDelSqRho_EigVals = -2.2902275197E+00 -1.8960524066E-02  4.8863429500E-01
HessDelSqRho_EigVec1 = -6.0697651384E-01  6.0904943024E-01  5.1052747544E-01
HessDelSqRho_EigVec2 =  3.4749754936E-01  7.8113164332E-01 -5.1872806845E-01
HessDelSqRho_EigVec3 = -7.1472020038E-01 -1.3744870802E-01 -6.8577174616E-01
</CP of DelSqRho>
<CP of DelSqRho>
CP# = 35      
Type = (3,+1)
Coords = -8.07795769919115E-01  3.54244850686237E+00  3.04937054324724E+00
DistFromNuc =  2.0109319582E+00
Rho =  7.0096251316E-02
DelSqRho =  1.7996963014E-01
GradDelSqRho =  3.8163916471E-17 -2.8796409701E-16 -5.3570429343E-16
HessDelSqRho_EigVals = -1.6956871106E+00  2.3264049413E-02  5.8795978883E-01
HessDelSqRho_EigVec1 =  6.0824385030E-01  7.8924171743E-01  8.4480352988E-02
HessDelSqRho_EigVec2 =  7.8785308091E-01 -6.1324539699E-01  5.6723945362E-02
HessDelSqRho_EigVec3 = -9.6576091662E-02 -3.2056115446E-02  9.9480926010E-01
</CP of DelSqRho>
<CP of DelSqRho>
CP# = 36      
Type = (3,+1)
Coords = -1.73637137905283E+00  2.37335373991291E+00  3.97328603264765E+00
DistFromNuc =  1.9988555718E+00
Rho =  7.0845636827E-02
DelSqRho =  1.8579979087E-01
GradDelSqRho = -1.4678449428E-13 -1.7905815719E-14 -5.9993676693E-14
HessDelSqRho_EigVals = -1.8132153489E+00  1.8632655301E-02  5.8657135116E-01
HessDelSqRho_EigVec1 = -2.5811292568E-01 -2.9655136747E-01  9.1947539611E-01
HessDelSqRho_EigVec2 =  7.9760558054E-01 -6.0245276106E-01  2.9597442110E-02
HessDelSqRho_EigVec3 =  5.4516332918E-01  7.4101818948E-01  3.9203187036E-01
</CP of DelSqRho>
<CP of DelSqRho>
CP# = 37      
Type = (3,+1)
Coords = -2.98127293828645E+00  3.41122790847324E+00  9.15019218407547E-01
DistFromNuc =  2.0107786326E+00
Rho =  7.0136430141E-02
DelSqRho =  1.7946695606E-01
GradDelSqRho = -1.5742615544E-16 -1.0798653638E-16  3.4347524824E-16
HessDelSqRho_EigVals = -1.6800329161E+00  2.3142756682E-02  5.8701244908E-01
HessDelSqRho_EigVec1 = -1.4967388492E-01  7.0906042392E-01 -6.8907985271E-01
HessDelSqRho_EigVec2 =  1.3079708048E-01  7.0500476270E-01  6.9703687729E-01
HessDelSqRho_EigVec3 =  9.8004584174E-01  1.4198584405E-02 -1.9826383505E-01
</CP of DelSqRho>
<Path of -GradDelSqRho>
Starting CP# =      3
Ending CP# =     19
Number of Points =     18
 -2.8357368936E+00  2.6359299042E+00  1.6674083591E+00  4.0407468965E-01 -9.1035646293E-01
 -2.8138566688E+00  2.6257915993E+00  1.6740015763E+00  4.1583750253E-01 -9.1965649941E-01
 -2.7919790447E+00  2.6156568694E+00  1.6806089054E+00  4.2865476644E-01 -9.4797475240E-01
 -2.7701036860E+00  2.6055252830E+00  1.6872285451E+00  4.4254503705E-01 -9.9601631424E-01
 -2.7482302205E+00  2.5953962146E+00  1.6938582866E+00  4.5752100439E-01 -1.0645094135E+00
 -2.7263582497E+00  2.5852688342E+00  1.7004955341E+00  4.7358861645E-01 -1.1540776057E+00
 -2.7044873541E+00  2.5751420900E+00  1.7071372943E+00  4.9074620254E-01 -1.2650814499E+00
 -2.6826170923E+00  2.5650146751E+00  1.7137801187E+00  5.0898369497E-01 -1.3974334763E+00
 -2.6607469895E+00  2.5548849705E+00  1.7204199744E+00  5.2828206757E-01 -1.5503926913E+00
 -2.6388765137E+00  2.5447509507E+00  1.7270520116E+00  5.4861312753E-01 -1.7223475111E+00
 -2.6170050314E+00  2.5346100301E+00  1.7336701656E+00  5.6993981093E-01 -1.9105982960E+00
 -2.5951317312E+00  2.5244588072E+00  1.7402664780E+00  5.9221714035E-01 -2.1111517592E+00
 -2.5732554856E+00  2.5142926205E+00  1.7468298892E+00  6.1539400235E-01 -2.3185379748E+00
 -2.5513745900E+00  2.5041047188E+00  1.7533439285E+00  6.3941588829E-01 -2.5256538485E+00
 -2.5294862179E+00  2.4938845356E+00  1.7597817954E+00  6.6422869207E-01 -2.7236198755E+00
 -2.5075851235E+00  2.4836135067E+00  1.7660941196E+00  6.8978345944E-01 -2.9016016138E+00
 -2.4856598761E+00  2.4732522412E+00  1.7721700544E+00  7.1604080703E-01 -3.0464827719E+00
 -2.4421897372E+00  2.4527176564E+00  1.7697425314E+00  7.6552241725E-01 -3.1714557560E+00
</Path of -GradDelSqRho>
<Path of -GradDelSqRho>
Starting CP# =      3
Ending CP# =      0
Number of Points =     30
 -2.8357368936E+00  2.6359299042E+00  1.6674083591E+00  4.0407468965E-01 -9.1035646293E-01
 -2.8576199014E+00  2.6460719007E+00  1.6608300725E+00  3.9334270451E-01 -9.1948801314E-01
 -2.8795060102E+00  2.6562177845E+00  1.6542681172E+00  3.8361352351E-01 -9.4664468641E-01
 -2.9013953701E+00  2.6663674672E+00  1.6477229021E+00  3.7485521567E-01 -9.9162649219E-01
 -2.9232880483E+00  2.6765207218E+00  1.6411943464E+00  3.6703225493E-01 -1.0544263689E+00
 -2.9451840255E+00  2.6866772140E+00  1.6346819103E+00  3.6010565811E-01 -1.1351670658E+00
 -2.9670831967E+00  2.6968365412E+00  1.6281846528E+00  3.5403299112E-01 -1.2339709156E+00
 -2.9889853737E+00  2.7069982771E+00  1.6217013090E+00  3.4876833045E-01 -1.3507365939E+00
 -3.0108902901E+00  2.7171620202E+00  1.6152303776E+00  3.4426233479E-01 -1.4847942430E+00
 -3.0327976023E+00  2.7273274457E+00  1.6087702080E+00  3.4046267702E-01 -1.6344262816E+00
 -3.0547068864E+00  2.7374943620E+00  1.6023190783E+00  3.3731520768E-01 -1.7962965008E+00
 -3.0766176240E+00  2.7476627788E+00  1.5958752539E+00  3.3476634039E-01 -1.9649478329E+00
 -3.0985291751E+00  2.7578329922E+00  1.5894370332E+00  3.3276720446E-01 -2.1327189735E+00
 -3.1204407553E+00  2.7680056805E+00  1.5830028225E+00  3.3127998600E-01 -2.2906589285E+00
 -3.1423515511E+00  2.7781818566E+00  1.5765714568E+00  3.3028642858E-01 -2.4311798703E+00
 -3.1642615447E+00  2.7883618720E+00  1.5701434351E+00  3.2979755802E-01 -2.5530959469E+00
 -3.1861738762E+00  2.7985418385E+00  1.5637233110E+00  3.2986232676E-01 -2.6691399865E+00
 -3.2080945861E+00  2.8087125011E+00  1.5573170595E+00  3.3057128108E-01 -2.8149359770E+00
 -3.2300249629E+00  2.8188699784E+00  1.5509229838E+00  3.3205009611E-01 -3.0569067976E+00
 -3.2519614670E+00  2.8290181183E+00  1.5445351017E+00  3.3443770306E-01 -3.4952012137E+00
 -3.2739010996E+00  2.8391610177E+00  1.5381496406E+00  3.3784554756E-01 -4.2570681071E+00
 -3.2958423225E+00  2.8493009792E+00  1.5317649779E+00  3.4229877233E-01 -5.4767226593E+00
 -3.3177844073E+00  2.8594391621E+00  1.5253804527E+00  3.4766667615E-01 -7.2600606938E+00
 -3.3397269966E+00  2.8695761600E+00  1.5189957798E+00  3.5359768083E-01 -9.6371497954E+00
 -3.3616699043E+00  2.8797122867E+00  1.5126108183E+00  3.5948109695E-01 -1.2512727476E+01
 -3.3836130262E+00  2.8898477064E+00  1.5062254703E+00  3.6446058916E-01 -1.5633686957E+01
 -3.4055562961E+00  2.8999824881E+00  1.4998396180E+00  3.6751786599E-01 -1.8597565570E+01
 -3.4274996566E+00  2.9101166104E+00  1.4934530311E+00  3.6762686182E-01 -2.0919283259E+01
 -3.4494430076E+00  2.9202498441E+00  1.4870650017E+00  3.6395135843E-01 -2.2150504527E+01
 -3.4582202224E+00  2.9243025141E+00  1.4845083700E+00  3.6130287802E-01 -2.2267343042E+01
</Path of -GradDelSqRho>
<Path of -GradDelSqRho>
Starting CP# =      4
Ending CP# =      0
Number of Points =     30
 -1.4712448740E+00  2.6813658934E+00  2.9711599787E+00  4.0429331888E-01 -9.1474592278E-01
 -1.4640086964E+00  2.6924533929E+00  2.9923662295E+00  3.9355468987E-01 -9.2387893598E-01
 -1.4567861217E+00  2.7035442598E+00  3.0135753565E+00  3.8381939136E-01 -9.5103550020E-01
 -1.4495775052E+00  2.7146383201E+00  3.0347875619E+00  3.7505524941E-01 -9.9601002091E-01
 -1.4423827742E+00  2.7257352896E+00  3.0560029595E+00  3.6722652277E-01 -1.0587908929E+00
 -1.4352014599E+00  2.7368348051E+00  3.0772215708E+00  3.6029403932E-01 -1.1394968166E+00
 -1.4280327533E+00  2.7479364628E+00  3.0984433245E+00  3.5421520090E-01 -1.2382460135E+00
 -1.4208755765E+00  2.7590398619E+00  3.1196680586E+00  3.4894394378E-01 -1.3549324430E+00
 -1.4137286626E+00  2.7701446529E+00  3.1408955226E+00  3.4443081007E-01 -1.4888804621E+00
 -1.4065906366E+00  2.7812505901E+00  3.1621253775E+00  3.4062338067E-01 -1.6383654324E+00
 -1.3994600873E+00  2.7923575921E+00  3.1833571878E+00  3.3746744108E-01 -1.8000432474E+00
 -1.3923356273E+00  2.8034658171E+00  3.2045904025E+00  3.3490937054E-01 -1.9684497471E+00
 -1.3852159427E+00  2.8145757624E+00  3.2258243188E+00  3.3290029896E-01 -2.1359208686E+00
 -1.3780998681E+00  2.8256883749E+00  3.2470580496E+00  3.3140245096E-01 -2.2935129602E+00
 -1.3709866323E+00  2.8368049739E+00  3.2682906449E+00  3.3039764469E-01 -2.4336630297E+00
 -1.3638766769E+00  2.8479259649E+00  3.2895220389E+00  3.2989700478E-01 -2.5552341843E+00
 -1.3567729740E+00  2.8590463586E+00  3.3107558382E+00  3.2994958008E-01 -2.6710337040E+00
 -1.3496787522E+00  2.8701546209E+00  3.3319991544E+00  3.3064596873E-01 -2.8167757553E+00
 -1.3425920449E+00  2.8812462310E+00  3.3532536772E+00  3.3211179784E-01 -3.0589632154E+00
 -1.3355087563E+00  2.8923262163E+00  3.3745154019E+00  3.3448578639E-01 -3.4977714167E+00
 -1.3284265716E+00  2.9033997380E+00  3.3957808616E+00  3.3787895631E-01 -4.2603674003E+00
 -1.3213445801E+00  2.9144696636E+00  3.4170482578E+00  3.4231581693E-01 -5.4807237961E+00
 -1.3142624455E+00  2.9255374277E+00  3.4383167314E+00  3.4766490270E-01 -7.2643073188E+00
 -1.3071800382E+00  2.9366037620E+00  3.4595858581E+00  3.5357391612E-01 -9.6406021242E+00
 -1.3000972977E+00  2.9476690531E+00  3.4808554166E+00  3.5943176079E-01 -1.2513728780E+01
 -1.2930141744E+00  2.9587335058E+00  3.5021252839E+00  3.6438231527E-01 -1.5630145915E+01
 -1.2859305885E+00  2.9697972138E+00  3.5233953844E+00  3.6740837359E-01 -1.8587400704E+01
 -1.2788463577E+00  2.9808601738E+00  3.5446656592E+00  3.6748589201E-01 -2.0901059614E+01
 -1.2717608930E+00  2.9919221816E+00  3.5659360182E+00  3.6378138920E-01 -2.2124051484E+01
 -1.2689256098E+00  2.9963464132E+00  3.5744440937E+00  3.6112266952E-01 -2.2237904932E+01
</Path of -GradDelSqRho>
<Path of -GradDelSqRho>
Starting CP# =      4
Ending CP# =     21
Number of Points =     19
 -1.4712448740E+00  2.6813658934E+00  2.9711599787E+00  4.0429331888E-01 -9.1474592278E-01
 -1.4784934497E+00  2.6702816897E+00  2.9499562393E+00  4.1606357394E-01 -9.2405017236E-01
 -1.4857536693E+00  2.6592007896E+00  2.9287547570E+00  4.2888937968E-01 -9.5238781526E-01
 -1.4930239228E+00  2.6481229296E+00  2.9075551244E+00  4.4278962247E-01 -1.0004763246E+00
 -1.5003022182E+00  2.6370476802E+00  2.8863568871E+00  4.5777735067E-01 -1.0690598200E+00
 -1.5075861903E+00  2.6259744405E+00  2.8651595498E+00  4.7385889503E-01 -1.1587818634E+00
 -1.5148730826E+00  2.6149024271E+00  2.8439625755E+00  4.9103298677E-01 -1.2700276869E+00
 -1.5221596853E+00  2.6038306545E+00  2.8227653758E+00  5.0928997163E-01 -1.4027396265E+00
 -1.5294422064E+00  2.5927578990E+00  2.8015672870E+00  5.2861123804E-01 -1.5562119975E+00
 -1.5367160462E+00  2.5816826391E+00  2.7803675262E+00  5.4896899571E-01 -1.7288743098E+00
 -1.5439754150E+00  2.5706029569E+00  2.7591651164E+00  5.7032655477E-01 -1.9180740523E+00
 -1.5512126871E+00  2.5595163782E+00  2.7379587590E+00  5.9263926404E-01 -2.1198714370E+00
 -1.5584172565E+00  2.5484195978E+00  2.7167466044E+00  6.1585626676E-01 -2.3288570620E+00
 -1.5655733651E+00  2.5373079805E+00  2.6955258187E+00  6.3992321943E-01 -2.5379967945E+00
 -1.5726555176E+00  2.5261745498E+00  2.6742916704E+00  6.6478607592E-01 -2.7384914921E+00
 -1.5796172177E+00  2.5150076208E+00  2.6530353257E+00  6.9039587063E-01 -2.9196043614E+00
 -1.5863559110E+00  2.5037838761E+00  2.6317372356E+00  7.1671347008E-01 -3.0683446071E+00
 -1.5925432166E+00  2.4924385893E+00  2.6103380873E+00  7.4370300406E-01 -3.1688057755E+00
 -1.5854170828E+00  2.4833520544E+00  2.5861005004E+00  7.6828409221E-01 -3.2030127876E+00
</Path of -GradDelSqRho>
<Path of -GradDelSqRho>
Starting CP# =      5
Ending CP# =     12
Number of Points =     33
 -1.7626493417E+00  2.3123843568E+00  1.9224592671E+00  2.2533273209E+01  1.2305850042E+03
 -1.7540607056E+00  2.3338091557E+00  1.9128564946E+00  1.5626807395E+01  1.1488616907E+03
 -1.7454621164E+00  2.3552254325E+00  1.9032436204E+00  1.0944128019E+01  9.7930451416E+02
 -1.7368608810E+00  2.3766394387E+00  1.8936280557E+00  7.7788185565E+00  7.7140457323E+02
 -1.7282536264E+00  2.3980482801E+00  1.8840063790E+00  5.6472138873E+00  5.7096979987E+02
 -1.7196345418E+00  2.4194469584E+00  1.8743726936E+00  4.2125340342E+00  4.0687796632E+02
 -1.7109972572E+00  2.4408299658E+00  1.8647205331E+00  3.2442549469E+00  2.8431039161E+02
 -1.7023353318E+00  2.4621916859E+00  1.8550433546E+00  2.5875799347E+00  1.9614052815E+02
 -1.6936427341E+00  2.4835267931E+00  1.8453350239E+00  2.1392047186E+00  1.3318640481E+02
 -1.6849135158E+00  2.5048299567E+00  1.8355894813E+00  1.8298534008E+00  8.8262258236E+01
 -1.6761403206E+00  2.5260945133E+00  1.8257992247E+00  1.6127560663E+00  5.6477621612E+01
 -1.6673122266E+00  2.5473104955E+00  1.8159531112E+00  1.4563167452E+00  3.4449526843E+01
 -1.6584121554E+00  2.5684621535E+00  1.8060337130E+00  1.3393646164E+00  1.9639271626E+01
 -1.6494132169E+00  2.5895242710E+00  1.7960135802E+00  1.2479304742E+00  1.0034790833E+01
 -1.6402724820E+00  2.6104555534E+00  1.7858488704E+00  1.1729711780E+00  4.0460770771E+00
 -1.6309190875E+00  2.6311851887E+00  1.7754671889E+00  1.1087482690E+00  4.6633256831E-01
 -1.6212288045E+00  2.6515816107E+00  1.7647416225E+00  1.0516995880E+00 -1.5721643183E+00
 -1.6109595926E+00  2.6713633965E+00  1.7534251314E+00  9.9971481585E-01 -2.6599256949E+00
 -1.5995406344E+00  2.6897421124E+00  1.7409371946E+00  9.5190612552E-01 -3.1796934371E+00
 -1.5852598916E+00  2.7028562230E+00  1.7255691935E+00  9.1117847790E-01 -3.3766586034E+00
 -1.5690302044E+00  2.6968259546E+00  1.7085897370E+00  8.9859493595E-01 -3.4497342567E+00
 -1.5551660617E+00  2.6817760948E+00  1.6942483467E+00  9.0155607566E-01 -3.5104781502E+00
 -1.5419543056E+00  2.6655710759E+00  1.6805450471E+00  9.0519091619E-01 -3.5664629521E+00
 -1.5291500819E+00  2.6487408172E+00  1.6672131200E+00  9.0832573039E-01 -3.6174969791E+00
 -1.5167505621E+00  2.6313252417E+00  1.6542556545E+00  9.1089528619E-01 -3.6633850005E+00
 -1.5047641465E+00  2.6133417175E+00  1.6416912321E+00  9.1289314882E-01 -3.7039795035E+00
 -1.4931978229E+00  2.5948071305E+00  1.6295407221E+00  9.1431979161E-01 -3.7391828038E+00
 -1.4820562958E+00  2.5757387184E+00  1.6178271731E+00  9.1518066422E-01 -3.7689475762E+00
 -1.4713414712E+00  2.5561541746E+00  1.6065762709E+00  9.1548599367E-01 -3.7932764724E+00
 -1.4610518714E+00  2.5360717478E+00  1.5958168957E+00  9.1525057157E-01 -3.8122208908E+00
 -1.4511820071E+00  2.5155103699E+00  1.5855817383E+00  9.1449349148E-01 -3.8258789569E+00
 -1.4417218696E+00  2.4944898305E+00  1.5759078368E+00  9.1323784050E-01 -3.8343927794E+00
 -1.4305208625E+00  2.4677726435E+00  1.5647353399E+00  9.1102450940E-01 -3.8380829476E+00
</Path of -GradDelSqRho>
<Path of -GradDelSqRho>
Starting CP# =      5
Ending CP# =      1
Number of Points =      7
 -1.7626493417E+00  2.3123843568E+00  1.9224592671E+00  2.2533273209E+01  1.2305850042E+03
 -1.7712160166E+00  2.2909408008E+00  1.9320397604E+00  3.2753740632E+01  9.7985722716E+02
 -1.7797640763E+00  2.2694813915E+00  1.9416013707E+00  4.7983446785E+01 -7.9392101115E+02
 -1.7883039334E+00  2.2480150112E+00  1.9511546610E+00  7.0606701377E+01 -6.3784334536E+03
 -1.7968378819E+00  2.2265436155E+00  1.9607019573E+00  1.0418541559E+02 -2.0594802171E+04
 -1.8053620764E+00  2.2050639469E+00  1.9702393540E+00  1.5456355615E+02 -7.5180708888E+04
 -1.8201651919E+00  2.1677098230E+00  1.9868036044E+00  2.9716268662E+02 -3.3276392394E+06
</Path of -GradDelSqRho>
<Path of -GradDelSqRho>
Starting CP# =      7
Ending CP# =      1
Number of Points =      7
 -1.9101001204E+00  2.0644569809E+00  2.0840689391E+00  2.2644041882E+01  1.2418100664E+03
 -1.8967396630E+00  2.0798725962E+00  2.0696170602E+00  3.2932930780E+01  9.8329939084E+02
 -1.8833636996E+00  2.0952603750E+00  2.0551498621E+00  4.8274513779E+01 -8.3503656914E+02
 -1.8699809546E+00  2.1106359553E+00  2.0406759663E+00  7.1070453629E+01 -6.5075449877E+03
 -1.8565931365E+00  2.1260023989E+00  2.0261970607E+00  1.0492662868E+02 -2.1078689803E+04
 -1.8431970981E+00  2.1413540207E+00  2.0117100372E+00  1.5571786352E+02 -7.6803011921E+04
 -1.8201651919E+00  2.1677098230E+00  1.9868036044E+00  2.9716268662E+02 -3.3276392394E+06
</Path of -GradDelSqRho>
<Path of -GradDelSqRho>
Starting CP# =      7
Ending CP# =     13
Number of Points =     30
 -1.9101001204E+00  2.0644569809E+00  2.0840689391E+00  2.2644041882E+01  1.2418100664E+03
 -1.9234418568E+00  2.0490078470E+00  2.0985023108E+00  1.5697068942E+01  1.1584077561E+03
 -1.9367747066E+00  2.0335428257E+00  2.1129268810E+00  1.0990638336E+01  9.8696603166E+02
 -1.9501051787E+00  2.0180735425E+00  2.1273490787E+00  7.8119449674E+00  7.7735946379E+02
 -1.9634305424E+00  2.0025951270E+00  2.1417661974E+00  5.6735443865E+00  5.7516733426E+02
 -1.9767458372E+00  1.9870987466E+00  2.1561733154E+00  4.2361475540E+00  4.0947641381E+02
 -1.9900455584E+00  1.9715746396E+00  2.1705649579E+00  3.2675116777E+00  2.8564531903E+02
 -2.0033240602E+00  1.9560128619E+00  2.1849354909E+00  2.6117026254E+00  1.9656252325E+02
 -2.0165759427E+00  1.9404039979E+00  2.1992795006E+00  2.1646963033E+00  1.3298188047E+02
 -2.0297957482E+00  1.9247386463E+00  2.2135914878E+00  1.8567790014E+00  8.7646984167E+01
 -2.0429766152E+00  1.9090050987E+00  2.2278645197E+00  1.6409280639E+00  5.5613034228E+01
