 AIMInt (Version 19.02.13, Professional)
 Portions Copyright (c) 1997-2019 by Todd A. Keith
 AIMInt is a component of the AIMAll package ( http://aim.tkgristmill.com )

 TP:  64-bit Linux

 Licensed To:  Research Group of Fernando Cortes Guzman, UNAM, fercor@unam.mx

 AIMInt is a heavily modified and extended version of the PROAIMV program
 developed by members of R.F.W. Bader's research group

 Much of the Quantum Theory of Atoms in Molecules (QTAIM) is described in the book:
   "Atoms in Molecules - A Quantum Theory"
   R.F.W. Bader, Oxford University Press, Oxford, 1990

 For additional references see:  http://aim.tkgristmill.com/references.html

 Current Directory:  /home/scratch/M_H2O_4_tetraedrico/Opt

 Inp File:  Mn3_tetraedrico_cc-pvtz-def2-tzv_1_atomicfiles/o4.inp
 Wfx File:  Mn3_tetraedrico_cc-pvtz-def2-tzv_1.wfx
 Out File:  Mn3_tetraedrico_cc-pvtz-def2-tzv_1_atomicfiles/o4.int

 Wfx Title:   Mn3_tetraedrico_cc-pvtz-def2-tzv_1                                            
 Job Title:   Mn3_tetraedrico_cc-pvtz-def2-tzv_1                                            
 
<Atom>
O4      
</Atom>
<Nuclei of Molecule>
    13
Mn1       25.0          -2.3417154361E-05   5.1701735360E-05  -2.4150699978E-05
O2         8.0          -1.8201651221E+00   2.1677096249E+00   1.9868035375E+00
H3         1.0          -3.4659205552E+00   2.9278486125E+00   1.4822867789E+00
O4         8.0           2.1715928313E+00   1.8100777495E+00  -1.9917644655E+00
H5         1.0           3.0096016588E+00   1.2470439200E+00  -3.5805527699E+00
O6         8.0           1.8060200415E+00  -2.1614284424E+00   2.0063037349E+00
H7         1.0           1.2406471022E+00  -2.9921569017E+00   3.5981866171E+00
O8         8.0          -2.1575423074E+00  -1.8161512936E+00  -2.0014386349E+00
H9         1.0          -2.9833789890E+00  -1.2590542798E+00  -3.5987373777E+00
H10        1.0           2.9312054045E+00   3.4579546522E+00  -1.4934321947E+00
H11        1.0           3.4557566507E+00  -2.9219309101E+00   1.5153137115E+00
H12        1.0          -1.2664886975E+00   3.0001628647E+00   3.5818141621E+00
H13        1.0          -2.9200806913E+00  -3.4628216086E+00  -1.5035085357E+00
</Nuclei of Molecule>
<Total Number of CPs of DelSqRho>
    38
</Total Number of CPs of DelSqRho>
<Number of (3,+3) CPs of DelSqRho>
     5
</Number of (3,+3) CPs of DelSqRho>
<Number of (3,+1) CPs of DelSqRho>
    14
</Number of (3,+1) CPs of DelSqRho>
<Number of (3,-1) CPs of DelSqRho>
    14
</Number of (3,-1) CPs of DelSqRho>
<Number of (3,-3) CPs of DelSqRho>
     5
</Number of (3,-3) CPs of DelSqRho>
<Number of Degenerate CPs of DelSqRho>
     0
</Number of Degenerate CPs of DelSqRho>
<CP of DelSqRho>
CP# = 1       
Type = (3,+3)
Coords =  2.17159303032231E+00  1.81007781855191E+00 -1.99176453167794E+00
DistFromNuc =  2.2083925526E-07
Rho =  2.9716301061E+02
DelSqRho = -3.3276429328E+06
GradDelSqRho =  2.3633750970E-05  4.9778882385E-06  1.2746164430E-05
HessDelSqRho_EigVals =  1.3233218146E+11  1.3233220300E+11  1.3233220806E+11
HessDelSqRho_EigVec1 =  7.4414688077E-01 -4.4533196255E-01  4.9792053881E-01
HessDelSqRho_EigVec2 =  6.6786209087E-01  5.1197119452E-01 -5.4022747390E-01
HessDelSqRho_EigVec3 = -1.4340411860E-02  7.3455084175E-01  6.7840210309E-01
</CP of DelSqRho>
<CP of DelSqRho>
CP# = 2       
Type = (3,-1)
Coords =  1.12201388361582E+00  1.32835143048246E+00 -1.00303980786460E+00
DistFromNuc =  1.5202804552E+00
Rho =  1.4512128512E-01
DelSqRho =  3.4886718774E-01
GradDelSqRho =  3.6082248300E-16  3.8857805862E-16 -9.3675067703E-16
HessDelSqRho_EigVals = -5.0722920021E-01 -2.6654877399E-01  5.0512421196E+00
HessDelSqRho_EigVec1 = -7.1039754563E-01  6.9939899356E-01 -7.8589916470E-02
HessDelSqRho_EigVec2 = -3.3457036659E-01 -4.3383526305E-01 -8.3657016104E-01
HessDelSqRho_EigVec3 =  6.1919140575E-01  5.6800353199E-01 -5.4219368374E-01
</CP of DelSqRho>
<CP of DelSqRho>
CP# = 3       
Type = (3,+1)
Coords =  2.68868791539238E+00  1.45537875930010E+00 -2.97224143933585E+00
DistFromNuc =  1.1638444037E+00
Rho =  4.0430831599E-01
DelSqRho = -9.1486705011E-01
GradDelSqRho =  3.8080649745E-14 -3.0253577421E-14 -7.7448464308E-14
HessDelSqRho_EigVals = -2.9477932096E+01  1.3975905649E+01  1.4736842801E+01
HessDelSqRho_EigVec1 = -4.4639125910E-01  2.9468133214E-01  8.4492470451E-01
HessDelSqRho_EigVec2 =  7.0751451588E-01 -4.6187263098E-01  5.3488025068E-01
HessDelSqRho_EigVec3 =  5.4786682106E-01  8.3656236183E-01 -2.3154147641E-03
</CP of DelSqRho>
<CP of DelSqRho>
CP# = 4       
Type = (3,+1)
Coords =  2.63947819588387E+00  2.82699590679952E+00 -1.67618281255479E+00
DistFromNuc =  1.1630266689E+00
Rho =  4.0407929928E-01
DelSqRho = -9.1039631936E-01
GradDelSqRho =  1.8851586958E-13  4.2135739342E-13  1.5676349108E-13
HessDelSqRho_EigVals = -2.9466911704E+01  1.3963428373E+01  1.4706100876E+01
HessDelSqRho_EigVec1 =  4.0533585186E-01  8.7636982807E-01  2.6015143983E-01
HessDelSqRho_EigVec2 =  7.0029355837E-01 -4.8058964117E-01  5.2784706962E-01
HessDelSqRho_EigVec3 = -5.8761533277E-01  3.1772964106E-02  8.0851635694E-01
</CP of DelSqRho>
<CP of DelSqRho>
CP# = 5       
Type = (3,+1)
Coords =  2.31605524786277E+00  1.75288599203505E+00 -1.92665173188740E+00
DistFromNuc =  1.6846351239E-01
Rho =  2.2532637488E+01
DelSqRho =  1.2305345830E+03
GradDelSqRho =  8.8675733423E-12  2.7959856652E-12 -9.2938989837E-12
HessDelSqRho_EigVals = -4.0956716599E+05  2.7094894340E+03  3.2254254859E+03
HessDelSqRho_EigVec1 =  8.5605538317E-01 -3.4120469118E-01  3.8826349258E-01
HessDelSqRho_EigVec2 = -5.1686715470E-01 -5.7116312358E-01  6.3766843317E-01
HessDelSqRho_EigVec3 = -4.1863283765E-03  7.4656014157E-01  6.6530476450E-01
</CP of DelSqRho>
<CP of DelSqRho>
CP# = 6       
Type = (3,-1)
Coords =  2.26841370667572E+00  1.90390570335577E+00 -2.09271213766099E+00
DistFromNuc =  1.6842921171E-01
Rho =  2.2403410566E+01
DelSqRho =  1.2609714487E+03
GradDelSqRho = -5.2224891078E-12  4.7393200475E-12 -5.1016968428E-12
HessDelSqRho_EigVals = -4.1506218171E+05 -2.0870080688E+03  8.0444498623E+02
HessDelSqRho_EigVec1 =  5.7352539999E-01  5.5763189045E-01 -6.0009606758E-01
HessDelSqRho_EigVec2 = -8.1914082606E-01  3.8254092588E-01 -4.2739998492E-01
HessDelSqRho_EigVec3 = -8.7705562644E-03  7.3668793582E-01  6.7617598491E-01
</CP of DelSqRho>
<CP of DelSqRho>
CP# = 7       
Type = (3,-3)
Coords =  2.06432582300816E+00  1.79077187249087E+00 -1.86485290879742E+00
DistFromNuc =  1.6728858647E-01
Rho =  2.2647642004E+01
DelSqRho =  1.2880792579E+03
GradDelSqRho =  2.1316282073E-11  5.9401372710E-12 -3.4276581573E-11
HessDelSqRho_EigVals = -4.4280380615E+05 -3.1837077232E+03 -1.1896422054E+02
HessDelSqRho_EigVec1 = -6.4242085536E-01 -1.1631175917E-01  7.5747410469E-01
HessDelSqRho_EigVec2 =  7.1405733306E-01 -4.4971375943E-01  5.3654418242E-01
HessDelSqRho_EigVec3 =  2.7824012956E-01  8.8556711166E-01  3.7195876255E-01
</CP of DelSqRho>
<CP of DelSqRho>
CP# = 8       
Type = (3,+1)
Coords =  2.06869589654538E+00  1.89951114391130E+00 -2.08986122432150E+00
DistFromNuc =  1.6795560516E-01
Rho =  2.2644587324E+01
DelSqRho =  1.2418808895E+03
GradDelSqRho =  1.1837641978E-11 -1.8246737454E-11  1.8275159164E-11
HessDelSqRho_EigVals = -4.2144911885E+05  2.3026902785E+03  2.8534010552E+03
HessDelSqRho_EigVec1 =  6.1524500232E-01 -5.3104535258E-01  5.8263575296E-01
HessDelSqRho_EigVec2 = -7.8833407816E-01 -4.1283019375E-01  4.5618046027E-01
HessDelSqRho_EigVec3 =  1.7228825850E-03  7.3997436755E-01  6.7263286200E-01
</CP of DelSqRho>
<CP of DelSqRho>
CP# = 9       
Type = (3,-3)
Coords =  2.07356824675448E+00  1.67477723998743E+00 -1.98290921989310E+00
DistFromNuc =  1.6731246943E-01
Rho =  2.2637314805E+01
DelSqRho =  1.2885223285E+03
GradDelSqRho =  6.5369931690E-12 -8.9812601800E-12 -3.9790393203E-13
HessDelSqRho_EigVals = -4.4233122257E+05 -3.2394040599E+03 -2.7648741603E+02
HessDelSqRho_EigVec1 =  5.8734635370E-01  8.0753488993E-01 -5.3959821530E-02
HessDelSqRho_EigVec2 =  7.1759267940E-01 -4.8877591263E-01  4.9614398485E-01
HessDelSqRho_EigVec3 = -3.7427931718E-01  3.3012953332E-01  8.6656187543E-01
</CP of DelSqRho>
<CP of DelSqRho>
CP# = 10      
Type = (3,-1)
Coords =  2.05498565539896E+00  1.74753747875358E+00 -1.88949899039126E+00
DistFromNuc =  1.6723261143E-01
Rho =  2.2666844999E+01
DelSqRho =  1.2880337098E+03
GradDelSqRho = -1.5063505998E-11 -6.7075234256E-12  1.6086687538E-11
HessDelSqRho_EigVals = -4.4409592460E+05 -3.1265585324E+03  9.0245651226E+01
HessDelSqRho_EigVec1 =  6.9807789427E-01  3.7396547721E-01 -6.1060386126E-01
HessDelSqRho_EigVec2 =  7.1082413652E-01 -4.6451240622E-01  5.2816405729E-01
HessDelSqRho_EigVec3 =  8.6117945112E-02  8.0273161537E-01  5.9008952982E-01
</CP of DelSqRho>
<CP of DelSqRho>
CP# = 11      
Type = (3,+3)
Coords =  2.46964148598099E+00  1.42242047782969E+00 -1.56632045548454E+00
DistFromNuc =  6.4816183666E-01
Rho =  9.1071913915E-01
DelSqRho = -3.8354679544E+00
GradDelSqRho =  2.8421709430E-14 -3.5527136788E-14  1.9539925233E-14
HessDelSqRho_EigVals =  7.4738146611E+00  1.7516547062E+01  2.8715003297E+02
HessDelSqRho_EigVec1 =  8.7248492058E-01  3.4845094074E-01 -3.4256678948E-01
HessDelSqRho_EigVec2 = -2.3500078676E-02  7.3017088792E-01  6.8286032301E-01
HessDelSqRho_EigVec3 =  4.8807561880E-01 -5.8773498818E-01  6.4525171367E-01
</CP of DelSqRho>
<CP of DelSqRho>
CP# = 12      
Type = (3,+3)
Coords =  1.59906868933753E+00  1.99299537024127E+00 -2.20020358013727E+00
DistFromNuc =  6.3615219373E-01
Rho =  9.6204595765E-01
DelSqRho = -4.4143201094E+00
GradDelSqRho = -4.8601123126E-12  1.1244338793E-12 -1.3375967001E-12
HessDelSqRho_EigVals =  1.2742264517E+01  2.1709340546E+01  3.4294054292E+02
HessDelSqRho_EigVec1 =  4.5552239035E-01  6.1543676750E-01 -6.4322386235E-01
HessDelSqRho_EigVec2 = -1.7157109696E-02  7.2847641630E-01  6.8485600273E-01
HessDelSqRho_EigVec3 =  8.9005897865E-01 -3.0093138105E-01  3.4239643460E-01
</CP of DelSqRho>
<CP of DelSqRho>
CP# = 13      
Type = (3,-1)
Coords =  2.64217396564659E+00  2.19637430915645E+00 -2.37994131314841E+00
DistFromNuc =  7.2204771386E-01
Rho =  6.6989529775E-01
DelSqRho = -1.0096410156E+00
GradDelSqRho =  2.3625545964E-13 -5.0004445029E-13  5.3468340866E-13
HessDelSqRho_EigVals = -1.9371301590E+01 -6.6109536311E+00  1.3655747446E+02
HessDelSqRho_EigVec1 = -2.8911199847E-02  7.2675332317E-01  6.8628984386E-01
HessDelSqRho_EigVec2 = -7.6211521486E-01  4.2823415120E-01 -4.8558821137E-01
HessDelSqRho_EigVec3 =  6.4679559507E-01  5.3707086963E-01 -5.4148900191E-01
</CP of DelSqRho>
<CP of DelSqRho>
CP# = 14      
Type = (3,-1)
Coords =  1.99472600080136E+00  1.18218376926616E+00 -2.28257740437695E+00
DistFromNuc =  7.1421627790E-01
Rho =  6.7843470705E-01
DelSqRho = -1.0573889281E+00
GradDelSqRho = -3.1086244690E-15  2.2204460493E-15 -1.7763568394E-15
HessDelSqRho_EigVals = -1.5334858319E+01 -1.1649365720E+01  1.4435713721E+02
HessDelSqRho_EigVec1 =  6.6902192773E-01  1.3544539022E-01 -7.3079696667E-01
HessDelSqRho_EigVec2 =  6.9632342476E-01 -4.5803973893E-01  5.5256971116E-01
HessDelSqRho_EigVec3 =  2.5989103167E-01  8.7855230000E-01  4.0075242710E-01
</CP of DelSqRho>
<CP of DelSqRho>
CP# = 15      
Type = (3,-1)
Coords =  1.96503981205283E+00  2.12853132091966E+00 -1.38743479994649E+00
DistFromNuc =  7.1364639107E-01
Rho =  6.8128677642E-01
DelSqRho = -1.0727673744E+00
GradDelSqRho =  2.2204460493E-14 -2.2204460493E-14 -3.6415315208E-14
HessDelSqRho_EigVals = -1.5247458728E+01 -1.1918812727E+01  1.4504739664E+02
HessDelSqRho_EigVec1 =  6.4923345953E-01  7.4486022369E-01 -1.5388035024E-01
HessDelSqRho_EigVec2 = -6.9797105786E-01  5.0307357473E-01 -5.0966006396E-01
HessDelSqRho_EigVec3 = -3.0221237137E-01  4.3829239735E-01  8.4650307561E-01
</CP of DelSqRho>
<CP of DelSqRho>
CP# = 16      
Type = (3,+1)
Coords =  2.66835171859807E+00  2.06420844306564E+00 -1.59598057575124E+00
DistFromNuc =  6.8410283502E-01
Rho =  7.9927076209E-01
DelSqRho = -2.6819659779E+00
GradDelSqRho =  3.2418512319E-14 -6.6613381478E-16  1.0658141036E-14
HessDelSqRho_EigVals = -1.1097250567E+01  1.3540153224E+01  1.9724596971E+02
HessDelSqRho_EigVec1 = -1.8841348146E-01  9.5673855219E-01 -2.2170183303E-01
HessDelSqRho_EigVec2 = -6.3345203157E-01  5.4119147332E-02  7.7188706531E-01
HessDelSqRho_EigVec3 =  7.5049242748E-01  2.8587140580E-01  5.9585120260E-01
</CP of DelSqRho>
<CP of DelSqRho>
CP# = 17      
Type = (3,+1)
Coords =  2.69410279896885E+00  1.42232816514649E+00 -2.19846421488470E+00
DistFromNuc =  6.8270871750E-01
Rho =  8.0271595407E-01
DelSqRho = -2.7063102638E+00
GradDelSqRho =  3.5740299609E-12 -2.6449953339E-12 -2.7493562982E-12
HessDelSqRho_EigVals = -1.1004478737E+01  1.3747214128E+01  1.9960062393E+02
HessDelSqRho_EigVec1 =  1.5592812890E-01 -1.5299059674E-01  9.7584850050E-01
HessDelSqRho_EigVec2 =  5.9807336277E-01  8.0087985963E-01  2.9995052744E-02
HessDelSqRho_EigVec3 =  7.8612637111E-01 -5.7895192180E-01 -2.1637929865E-01
</CP of DelSqRho>
<CP of DelSqRho>
CP# = 18      
Type = (3,+1)
Coords =  1.72621985235608E+00  1.44925619142165E+00 -1.62379445068785E+00
DistFromNuc =  6.8113964715E-01
Rho =  8.1307512419E-01
DelSqRho = -3.1158438262E+00
GradDelSqRho =  0.0000000000E+00 -1.0658141036E-14  1.2434497876E-14
HessDelSqRho_EigVals = -5.6251057805E+00  1.7186230232E+01  2.1214508532E+02
HessDelSqRho_EigVec1 = -7.5160855890E-01  4.4050369181E-01 -4.9095933812E-01
HessDelSqRho_EigVec2 =  2.1669575774E-02 -7.2742660970E-01 -6.8584324520E-01
HessDelSqRho_EigVec3 =  6.5925336834E-01  5.2612453374E-01 -5.3719453770E-01
</CP of DelSqRho>
<CP of DelSqRho>
CP# = 19      
Type = (3,+1)
Coords =  2.08844390075207E+00  1.78518155531916E+00 -2.67221393048849E+00
DistFromNuc =  6.8596285584E-01
Rho =  7.9474260778E-01
DelSqRho = -2.6734892191E+00
GradDelSqRho =  1.5099033135E-14  1.3322676296E-15  4.0856207306E-14
HessDelSqRho_EigVals = -1.2896532164E+01  1.4657327843E+01  1.9702201901E+02
HessDelSqRho_EigVec1 =  8.6576451711E-01 -4.6509470812E-01 -1.8476664580E-01
HessDelSqRho_EigVec2 =  4.5708325901E-01  8.8520911562E-01 -8.6485351117E-02
HessDelSqRho_EigVec3 =  2.0378099826E-01 -9.5777923721E-03  9.7896964746E-01
</CP of DelSqRho>
<CP of DelSqRho>
CP# = 20      
Type = (3,+3)
Coords =  2.45636905336759E+00  2.43301048758415E+00 -1.77703011243740E+00
DistFromNuc =  7.1781162931E-01
Rho =  7.6553365497E-01
DelSqRho = -3.1716116508E+00
GradDelSqRho = -4.1633363423E-14 -7.5051076465E-14 -3.0198066270E-14
HessDelSqRho_EigVals =  1.1060381556E+01  2.3643400399E+01  1.4678661334E+02
HessDelSqRho_EigVec1 =  7.1668806040E-01 -5.0212642101E-01  4.8397033112E-01
HessDelSqRho_EigVec2 = -5.7647100411E-01 -3.5993025241E-02  8.1632449648E-01
HessDelSqRho_EigVec3 =  3.9247854146E-01  8.6404488278E-01  3.1525709356E-01
</CP of DelSqRho>
<CP of DelSqRho>
CP# = 21      
Type = (3,+1)
Coords =  2.06679273349301E+00  2.48871699715216E+00 -2.00197204552461E+00
DistFromNuc =  6.8675940736E-01
Rho =  7.9347740993E-01
DelSqRho = -2.6697625224E+00
GradDelSqRho = -8.6997076210E-13  8.4856566218E-12 -6.3504757009E-14
HessDelSqRho_EigVals = -1.2797702346E+01  1.4579379390E+01  1.9583519383E+02
HessDelSqRho_EigVec1 =  8.4572338791E-01  2.3547511773E-01  4.7885636684E-01
HessDelSqRho_EigVec2 = -4.7937882871E-01 -5.8934776436E-02  8.7562699291E-01
HessDelSqRho_EigVec3 = -2.3440966217E-01  9.7009183125E-01 -6.3039267335E-02
</CP of DelSqRho>
<CP of DelSqRho>
CP# = 22      
Type = (3,+3)
Coords =  2.48935347241014E+00  1.57180964823176E+00 -2.58854126454465E+00
DistFromNuc =  7.1685846656E-01
Rho =  7.6830268222E-01
DelSqRho = -3.2032722101E+00
GradDelSqRho =  2.8865798640E-13 -1.6964207816E-13 -1.1812772982E-13
HessDelSqRho_EigVals =  1.1202040525E+01  2.3976317241E+01  1.4785088810E+02
HessDelSqRho_EigVec1 = -7.1080019832E-01  4.2620646755E-01 -5.5956333430E-01
HessDelSqRho_EigVec2 =  5.4729478411E-01  8.3483345687E-01 -5.9342384329E-02
HessDelSqRho_EigVec3 = -4.4185008471E-01  3.4842667279E-01  8.2666036335E-01
</CP of DelSqRho>
<CP of DelSqRho>
CP# = 23      
Type = (3,-3)
Coords =  1.80792297621376E+00  2.37716529081808E+00 -1.06618990532305E+00
DistFromNuc =  1.1447848310E+00
Rho =  2.4661143361E-01
DelSqRho =  8.3742687091E-01
GradDelSqRho = -1.2767564783E-15 -1.5681900223E-15 -2.9420910153E-15
HessDelSqRho_EigVals = -1.7588140641E+01 -1.7895507528E+00 -5.1816690791E-01
HessDelSqRho_EigVec1 = -3.3928941728E-01  4.6279534928E-01  8.1896468544E-01
HessDelSqRho_EigVec2 =  6.5119247286E-01  7.4382928174E-01 -1.5055352176E-01
HessDelSqRho_EigVec3 = -6.7884538344E-01  4.8222242203E-01 -5.5374225148E-01
</CP of DelSqRho>
<CP of DelSqRho>
CP# = 24      
Type = (3,+1)
Coords =  1.51844386254943E+00  1.05454557046630E+00 -1.23264907118828E+00
DistFromNuc =  1.2544674690E+00
Rho =  2.4351792778E-01
DelSqRho =  3.6704235189E-01
GradDelSqRho = -6.2033711501E-14  7.3829831138E-14 -6.1950444774E-14
HessDelSqRho_EigVals = -8.1201072184E+00  5.6941185254E-01  1.1021242129E+00
HessDelSqRho_EigVec1 = -5.0082068702E-01 -6.1826605519E-01  6.0574394298E-01
HessDelSqRho_EigVec2 =  8.6251576560E-01 -2.9792564623E-01  4.0903161663E-01
HessDelSqRho_EigVec3 =  7.2423708401E-02 -7.2731519600E-01 -6.8247154676E-01
</CP of DelSqRho>
<CP of DelSqRho>
CP# = 25      
Type = (3,-3)
Coords =  2.69519340417630E+00  2.52800680705650E+00 -2.73057936965702E+00
DistFromNuc =  1.1556068338E+00
Rho =  2.4675893588E-01
DelSqRho =  8.7217165058E-01
GradDelSqRho = -5.5511151231E-17 -1.3322676296E-15 -7.7715611724E-16
HessDelSqRho_EigVals = -1.7519988231E+01 -2.8615091807E+00 -1.6244580367E-01
HessDelSqRho_EigVec1 =  4.5294065514E-01  6.2136206676E-01 -6.3933867779E-01
HessDelSqRho_EigVec2 = -2.4932031029E-02  7.2566418946E-01  6.8759717711E-01
HessDelSqRho_EigVec3 =  8.9119198647E-01 -2.9550070412E-01  3.4417463171E-01
</CP of DelSqRho>
<CP of DelSqRho>
CP# = 26      
Type = (3,-3)
Coords =  1.85746437867888E+00  8.48910988525350E-01 -2.52739255356465E+00
DistFromNuc =  1.1442970226E+00
Rho =  2.4593746157E-01
DelSqRho =  8.3559237531E-01
GradDelSqRho =  2.8865798640E-15  4.6074255522E-15  2.2620794127E-15
HessDelSqRho_EigVals = -1.7591914602E+01 -1.8274299690E+00 -4.6197250573E-01
HessDelSqRho_EigVec1 =  2.9917824771E-01  8.5028562799E-01  4.3302046940E-01
HessDelSqRho_EigVec2 = -6.7034887854E-01 -1.3566240848E-01  7.2953964386E-01
HessDelSqRho_EigVec3 =  6.7906167402E-01 -5.0853717834E-01  5.2940077552E-01
</CP of DelSqRho>
<CP of DelSqRho>
CP# = 27      
Type = (3,-1)
Coords =  2.83489006229047E+00  1.93731602374870E+00 -1.01355350229873E+00
DistFromNuc =  1.1887175794E+00
Rho =  2.4267721182E-01
DelSqRho =  7.1738074665E-01
GradDelSqRho = -3.0808688933E-15  2.4633073359E-16 -6.5503158453E-15
HessDelSqRho_EigVals = -1.7005431468E+01 -1.2886809536E+00  3.1102554994E-01
HessDelSqRho_EigVec1 =  5.4400202314E-01  8.6854592730E-02  8.3457658638E-01
HessDelSqRho_EigVec2 =  2.0216398526E-01  9.5176091160E-01 -2.3082653706E-01
HessDelSqRho_EigVec3 = -8.1436571753E-01  2.9429143186E-01  5.0020099085E-01
</CP of DelSqRho>
<CP of DelSqRho>
CP# = 28      
Type = (3,-1)
Coords =  1.59491741938724E+00  1.77777516418029E+00 -3.02877927156860E+00
DistFromNuc =  1.1870120875E+00
Rho =  2.4248455131E-01
DelSqRho =  7.4127307697E-01
GradDelSqRho =  1.1102230246E-16 -3.5735303605E-16  1.2767564783E-15
HessDelSqRho_EigVals = -1.7721728413E+01 -1.1714180318E+00  2.6562198131E-01
HessDelSqRho_EigVec1 =  5.0526223925E-01  2.9601954040E-02  8.6245799545E-01
HessDelSqRho_EigVec2 =  8.3471378192E-01 -2.7039622126E-01 -4.7972782472E-01
HessDelSqRho_EigVec3 =  2.1900450194E-01  9.6229393007E-01 -1.6133015924E-01
</CP of DelSqRho>
<CP of DelSqRho>
CP# = 29      
Type = (3,-1)
Coords =  2.88020329638679E+00  8.57891221866553E-01 -2.03294873552815E+00
DistFromNuc =  1.1876380420E+00
Rho =  2.4261541499E-01
DelSqRho =  7.2461501178E-01
GradDelSqRho =  2.4980018054E-16 -1.6930901126E-15 -2.4980018054E-16
HessDelSqRho_EigVals = -1.7190075291E+01 -1.2915316991E+00  2.8053503958E-01
HessDelSqRho_EigVec1 = -5.8190232496E-01  8.1315048054E-01  1.3265753395E-02
HessDelSqRho_EigVec2 = -2.2957527078E-01 -1.7989212340E-01  9.5652183404E-01
HessDelSqRho_EigVec3 =  7.8018259354E-01  5.5355679017E-01  2.9135888660E-01
</CP of DelSqRho>
<CP of DelSqRho>
CP# = 30      
Type = (3,-1)
Coords =  1.55790502937262E+00  2.82698597514167E+00 -2.01468302736082E+00
DistFromNuc =  1.1879563620E+00
Rho =  2.4291223335E-01
DelSqRho =  7.3578924241E-01
GradDelSqRho =  4.0571851434E-12 -5.3215210016E-12 -2.8219995785E-12
HessDelSqRho_EigVals = -1.7563441395E+01 -1.2086902054E+00  2.8471653446E-01
HessDelSqRho_EigVec1 = -5.3594099464E-01  8.4408612731E-01 -1.6907393415E-02
HessDelSqRho_EigVec2 =  8.1262586997E-01  5.2118906927E-01  2.6077030031E-01
HessDelSqRho_EigVec3 = -2.2892454154E-01 -1.2601810884E-01  9.6525281172E-01
</CP of DelSqRho>
<CP of DelSqRho>
CP# = 31      
Type = (3,+1)
Coords =  2.28526645734731E+00  3.80338703486736E+00 -1.97329281531887E+00
DistFromNuc =  1.9966333670E+00
Rho =  7.1018090596E-02
DelSqRho =  1.8664443392E-01
GradDelSqRho =  5.9847959921E-15 -3.7497782657E-14  6.5373054192E-15
HessDelSqRho_EigVals = -1.8147508241E+00  1.7579913535E-02  5.8586026528E-01
HessDelSqRho_EigVec1 = -3.4083465905E-01  8.9489249573E-01 -2.8809574151E-01
HessDelSqRho_EigVec2 = -5.9843798858E-01  2.9819310501E-02  8.0061400347E-01
HessDelSqRho_EigVec3 =  7.2505428005E-01  4.4528443697E-01  5.2537421061E-01
</CP of DelSqRho>
<CP of DelSqRho>
CP# = 32      
Type = (3,-1)
Coords =  3.30533764340059E+00  3.45167120174096E+00 -2.23915816709615E+00
DistFromNuc =  2.0103258455E+00
Rho =  7.1919122947E-02
DelSqRho =  1.9199466194E-01
GradDelSqRho = -2.1510571102E-16 -2.5673907444E-16  1.3877787808E-17
HessDelSqRho_EigVals = -2.3285931177E+00 -1.8441963830E-02  4.8133372095E-01
HessDelSqRho_EigVec1 =  6.1374426632E-01  4.9462851272E-01 -6.1535405253E-01
HessDelSqRho_EigVec2 =  7.8398890898E-01 -4.7380000221E-01  4.0109219450E-01
HessDelSqRho_EigVec3 =  9.3163115818E-02  7.2859878692E-01  6.7857530278E-01
</CP of DelSqRho>
<CP of DelSqRho>
CP# = 33      
Type = (3,-1)
Coords =  3.35720155920445E+00  2.00797469973747E+00 -3.60426456154987E+00
DistFromNuc =  2.0112155077E+00
Rho =  7.1876351320E-02
DelSqRho =  1.9097544017E-01
GradDelSqRho = -1.4851730956E-12 -8.9534629710E-13  1.0769440895E-12
HessDelSqRho_EigVals = -2.2901140880E+00 -1.8936334193E-02  4.8869481160E-01
HessDelSqRho_EigVec1 =  6.1043129919E-01  6.0412870901E-01 -5.1225201993E-01
HessDelSqRho_EigVec2 = -7.7959902861E-01  3.4395195095E-01 -5.2337597387E-01
HessDelSqRho_EigVec3 = -1.3999636979E-01  7.1883625283E-01  6.8093719098E-01
</CP of DelSqRho>
<CP of DelSqRho>
CP# = 34      
Type = (3,-1)
Coords =  2.20169600199139E+00  3.60369249377151E+00 -1.07842247972365E+00
DistFromNuc =  2.0129961834E+00
Rho =  7.1520857918E-02
DelSqRho =  1.8997980562E-01
GradDelSqRho = -3.6429192996E-16  1.9428902931E-16  1.3530843113E-16
HessDelSqRho_EigVals = -2.1096570421E+00 -1.8968767389E-02  4.9820482467E-01
HessDelSqRho_EigVec1 = -4.6691000936E-01  6.7664719593E-01  5.6933611812E-01
HessDelSqRho_EigVec2 =  4.2103238827E-01 -3.9606567188E-01  8.1600472522E-01
HessDelSqRho_EigVec3 =  7.7764180134E-01  6.2070971944E-01 -9.9963358353E-02
</CP of DelSqRho>
<CP of DelSqRho>
CP# = 35      
Type = (3,-1)
Coords =  2.34283708784910E+00  7.30666621178326E-01 -3.68303521853591E+00
DistFromNuc =  2.0136657468E+00
Rho =  7.1498075631E-02
DelSqRho =  1.9044786593E-01
GradDelSqRho =  4.1633363423E-17 -2.0816681712E-17 -3.4694469520E-16
HessDelSqRho_EigVals = -2.1478924170E+00 -1.9536026261E-02  4.8764756905E-01
HessDelSqRho_EigVec1 =  3.8666106883E-01  6.9082775289E-01  6.1094208702E-01
HessDelSqRho_EigVec2 =  5.0812523738E-01 -7.1242963984E-01  4.8399664401E-01
HessDelSqRho_EigVec3 =  7.6961156501E-01  1.2329243331E-01 -6.2649582193E-01
</CP of DelSqRho>
<CP of DelSqRho>
CP# = 36      
Type = (3,+1)
Coords =  3.54956945764844E+00  7.90859440340918E-01 -3.04357045236482E+00
DistFromNuc =  2.0109503670E+00
Rho =  7.0098465718E-02
DelSqRho =  1.7995759226E-01
GradDelSqRho =  2.1770779624E-16 -4.8398784980E-16  2.0643209364E-16
HessDelSqRho_EigVals = -1.6954311175E+00  2.3278945240E-02  5.8798763985E-01
HessDelSqRho_EigVec1 =  7.8907764580E-01 -6.0928835837E-01 -7.8257045989E-02
HessDelSqRho_EigVec2 =  6.1364214679E-01  7.8768347281E-01  5.4754564711E-02
HessDelSqRho_EigVec3 =  2.8280462910E-02 -9.1227424721E-02  9.9542843660E-01
</CP of DelSqRho>
<CP of DelSqRho>
CP# = 37      
Type = (3,+1)
Coords =  2.38478768369567E+00  1.71540579946422E+00 -3.97691300454038E+00
DistFromNuc =  1.9988070306E+00
Rho =  7.0849319142E-02
DelSqRho =  1.8582879042E-01
GradDelSqRho = -2.1527918337E-15  6.8573619005E-15 -2.9143354396E-15
HessDelSqRho_EigVals = -1.8138152533E+00  1.8603573518E-02  5.8655635126E-01
HessDelSqRho_EigVec1 =  2.9285223898E-01 -2.5352106116E-01  9.2193526761E-01
HessDelSqRho_EigVec2 =  6.0319125976E-01  7.9711908420E-01  2.7594741230E-02
HessDelSqRho_EigVec3 =  7.4188804429E-01 -5.4802211374E-01 -3.8635979680E-01
</CP of DelSqRho>
<CP of DelSqRho>
CP# = 38      
Type = (3,+1)
Coords =  3.41232751643970E+00  2.97600901021864E+00 -9.21900350667554E-01
DistFromNuc =  2.0108275629E+00
Rho =  7.0135652926E-02
DelSqRho =  1.7944016485E-01
GradDelSqRho =  0.0000000000E+00 -8.1532003371E-17  9.0205620751E-17
HessDelSqRho_EigVals = -1.6796051907E+00  2.3187950489E-02  5.8703118971E-01
HessDelSqRho_EigVec1 =  7.0679487802E-01  1.5297134415E-01  6.9068137971E-01
HessDelSqRho_EigVec2 = -7.0730137083E-01  1.3504149431E-01  6.9389377114E-01
HessDelSqRho_EigVec3 = -1.2875217255E-02  9.7896045001E-01 -2.0364347791E-01
</CP of DelSqRho>
<Path of -GradDelSqRho>
Starting CP# =      3
Ending CP# =     22
Number of Points =     19
  2.6886879154E+00  1.4553787593E+00 -2.9722414393E+00  4.0430831599E-01 -9.1486705011E-01
  2.6775297864E+00  1.4627518249E+00 -2.9511195539E+00  4.1607862545E-01 -9.2417230288E-01
  2.6663749807E+00  1.4701365168E+00 -2.9299999747E+00  4.2890451139E-01 -9.5251289081E-01
  2.6552232348E+00  1.4775312278E+00 -2.9088822853E+00  4.4280485880E-01 -1.0006061725E+00
  2.6440741190E+00  1.4849339692E+00 -2.8877660206E+00  4.5779271410E-01 -1.0691961273E+00
  2.6329270315E+00  1.4923423795E+00 -2.8666506733E+00  4.7387440557E-01 -1.1589261477E+00
  2.6217811878E+00  1.4997537067E+00 -2.8455356929E+00  4.9104866158E-01 -1.2701812631E+00
  2.6106356009E+00  1.5071647458E+00 -2.8244204758E+00  5.0930582473E-01 -1.4029035707E+00
  2.5994890455E+00  1.5145717105E+00 -2.8033043404E+00  5.2862728021E-01 -1.5563871099E+00
  2.5883399984E+00  1.5219700079E+00 -2.7821864823E+00  5.4898523455E-01 -1.7290610807E+00
  2.5771865399E+00  1.5293538567E+00 -2.7610658973E+00  5.7034299506E-01 -1.9182726347E+00
  2.5660261942E+00  1.5367156423E+00 -2.7399412499E+00  5.9265590835E-01 -2.1200816317E+00
  2.5548556551E+00  1.5440447742E+00 -2.7188106385E+00  6.1587311640E-01 -2.3290783198E+00
  2.5436702870E+00  1.5513255169E+00 -2.6976711493E+00  6.3994027579E-01 -2.5382282369E+00
  2.5324631158E+00  1.5585324118E+00 -2.6765179180E+00  6.6480334242E-01 -2.7387319489E+00
  2.5212224646E+00  1.5656190288E+00 -2.6553418611E+00  6.9041335551E-01 -2.9198524090E+00
  2.5099250422E+00  1.5724829566E+00 -2.6341228644E+00  7.1673119132E-01 -3.0685985709E+00
  2.4985062347E+00  1.5787962391E+00 -2.6127997506E+00  7.4372100558E-01 -3.1690636045E+00
  2.4893534724E+00  1.5718096482E+00 -2.5885412645E+00  7.6830268222E-01 -3.2032722101E+00
</Path of -GradDelSqRho>
<Path of -GradDelSqRho>
Starting CP# =      3
Ending CP# =      0
Number of Points =     30
  2.6886879154E+00  1.4553787593E+00 -2.9722414393E+00  4.0430831599E-01 -9.1486705011E-01
  2.6998493586E+00  1.4480180729E+00 -2.9933658912E+00  3.9356965905E-01 -9.2400109291E-01
  2.7110141870E+00  1.4406709682E+00 -3.0144932820E+00  3.8383435906E-01 -9.5116078585E-01
  2.7221822251E+00  1.4333377999E+00 -3.0356238179E+00  3.7507024129E-01 -9.9614057006E-01
  2.7333531865E+00  1.4260184949E+00 -3.0567576150E+00  3.6724156289E-01 -1.0589288307E+00
  2.7445267058E+00  1.4187125854E+00 -3.0778946946E+00  3.6030914938E-01 -1.1396441857E+00
  2.7557023768E+00  1.4114192634E+00 -3.0990349836E+00  3.5423039938E-01 -1.2384046531E+00
  2.7668797966E+00  1.4041374525E+00 -3.1201783161E+00  3.4895924533E-01 -1.3551037964E+00
  2.7780586139E+00  1.3968658879E+00 -3.1413244359E+00  3.4444622505E-01 -1.4890652887E+00
  2.7892385824E+00  1.3896031964E+00 -3.1624729964E+00  3.4063891518E-01 -1.6385634223E+00
  2.8004196213E+00  1.3823479686E+00 -3.1836235527E+00  3.3748309768E-01 -1.8002525925E+00
  2.8116018915E+00  1.3750988185E+00 -3.2047755421E+00  3.3492515020E-01 -1.9686668322E+00
  2.8227858957E+00  1.3678544326E+00 -3.2259282469E+00  3.3291620445E-01 -2.1361403989E+00
  2.8339725903E+00  1.3606136452E+00 -3.2470807612E+00  3.3141849211E-01 -2.2937290123E+00
  2.8451633074E+00  1.3533756836E+00 -3.2682321148E+00  3.3041384517E-01 -2.4338715817E+00
  2.8563584555E+00  1.3461409885E+00 -3.2893822411E+00  3.2991340949E-01 -2.5554375119E+00
  2.8675529970E+00  1.3389125388E+00 -3.3105348235E+00  3.2996626104E-01 -2.6712464827E+00
  2.8787352946E+00  1.3316935812E+00 -3.3316971208E+00  3.3066302633E-01 -2.8170317802E+00
  2.8899007934E+00  1.3244821596E+00 -3.3528708547E+00  3.3212935354E-01 -3.0593205438E+00
  2.9010545664E+00  1.3172741749E+00 -3.3740519382E+00  3.3450396296E-01 -3.4983128454E+00
  2.9122018195E+00  1.3100673064E+00 -3.3952368335E+00  3.3789784394E-01 -4.2611929616E+00
  2.9233454443E+00  1.3028606389E+00 -3.4164237061E+00  3.4233542696E-01 -5.4819327459E+00
  2.9344868878E+00  1.2956538338E+00 -3.4376116790E+00  3.4768511605E-01 -7.2659692518E+00
  2.9456268880E+00  1.2884467601E+00 -3.4588003195E+00  3.5359443921E-01 -9.6427208898E+00
  2.9567658349E+00  1.2812393566E+00 -3.4799894015E+00  3.5945210594E-01 -1.2516208836E+01
  2.9679039350E+00  1.2740315735E+00 -3.5011787995E+00  3.6440182305E-01 -1.5632776671E+01
  2.9790412830E+00  1.2668233305E+00 -3.5223684365E+00  3.6742628670E-01 -1.8589875417E+01
  2.9901778756E+00  1.2596144457E+00 -3.5435582520E+00  3.6750147484E-01 -2.0903036041E+01
  3.0013135075E+00  1.2524043303E+00 -3.5647481538E+00  3.6379406734E-01 -2.2125241958E+01
  3.0051705841E+00  1.2497773338E+00 -3.5721563651E+00  3.6150290522E-01 -2.2236948581E+01
</Path of -GradDelSqRho>
<Path of -GradDelSqRho>
Starting CP# =      4
Ending CP# =      0
Number of Points =     30
  2.6394781959E+00  2.8269959068E+00 -1.6761828126E+00  4.0407929928E-01 -9.1039631936E-01
  2.6496134828E+00  2.8489065458E+00 -1.6696866726E+00  3.9334735059E-01 -9.1952818808E-01
  2.6597526985E+00  2.8708202043E+00 -1.6632068694E+00  3.8361821377E-01 -9.4668581893E-01
  2.6698957534E+00  2.8927370317E+00 -1.6567438136E+00  3.7485995723E-01 -9.9166922098E-01
  2.6800424181E+00  2.9146570970E+00 -1.6502974264E+00  3.6703705414E-01 -1.0544713232E+00
  2.6901923548E+00  2.9365803851E+00 -1.6438671697E+00  3.6011052038E-01 -1.1352148476E+00
  2.7003451570E+00  2.9585067966E+00 -1.6374521039E+00  3.5403792073E-01 -1.2340220680E+00
  2.7105003941E+00  2.9804361505E+00 -1.6310509648E+00  3.4877333038E-01 -1.3507915484E+00
  2.7206576606E+00  3.0023681877E+00 -1.6246622508E+00  3.4426740665E-01 -1.4848532398E+00
  2.7308166287E+00  3.0243025724E+00 -1.6182843101E+00  3.4046782105E-01 -1.6344892624E+00
  2.7409771053E+00  3.0462388875E+00 -1.6119154177E+00  3.3732042297E-01 -1.7963629880E+00
  2.7511391006E+00  3.0681766198E+00 -1.6055538338E+00  3.3477162545E-01 -1.9650168409E+00
  2.7613029150E+00  3.0901151321E+00 -1.5991978482E+00  3.3277255814E-01 -2.1327890408E+00
  2.7714692355E+00  3.1120536394E+00 -1.5928458548E+00  3.3128540899E-01 -2.2907284032E+00
  2.7816390885E+00  3.1339913235E+00 -1.5864966733E+00  3.3029192528E-01 -2.4312476073E+00
  2.7918128311E+00  3.1559281612E+00 -1.5801507998E+00  3.2980313861E-01 -2.5531625240E+00
  2.8019865287E+00  3.1778673089E+00 -1.5738128458E+00  3.2986800883E-01 -2.6692093989E+00
  2.8121508130E+00  3.1998148628E+00 -1.5674889104E+00  3.3057709003E-01 -2.8150175113E+00
  2.8223017525E+00  3.2217721497E+00 -1.5611773374E+00  3.3205606322E-01 -3.0570164839E+00
  2.8324432396E+00  3.2437356196E+00 -1.5548720838E+00  3.3444386013E-01 -3.4953619912E+00
  2.8425794207E+00  3.2657022533E+00 -1.5485693199E+00  3.3785191748E-01 -4.2573077711E+00
  2.8527126263E+00  3.2876704997E+00 -1.5422673919E+00  3.4230535629E-01 -5.4770688748E+00
  2.8628440299E+00  3.3096396229E+00 -1.5359656233E+00  3.4767343927E-01 -7.2605329659E+00
  2.8729742326E+00  3.3316092616E+00 -1.5296637216E+00  3.5360453982E-01 -9.6377494192E+00
  2.8831035521E+00  3.3535792278E+00 -1.5233615416E+00  3.5948791460E-01 -1.2513428158E+01
  2.8932321547E+00  3.3755494160E+00 -1.5170589834E+00  3.6446718039E-01 -1.5634430446E+01
  2.9033601103E+00  3.3975197598E+00 -1.5107559280E+00  3.6752401828E-01 -1.8598266888E+01
  2.9134873975E+00  3.4194902029E+00 -1.5044521447E+00  3.6763236830E-01 -2.0919847534E+01
  2.9236137851E+00  3.4414606488E+00 -1.4981469261E+00  3.6395605657E-01 -2.2150851950E+01
  2.9276637101E+00  3.4502487107E+00 -1.4956234221E+00  3.6130722387E-01 -2.2267589547E+01
</Path of -GradDelSqRho>
<Path of -GradDelSqRho>
Starting CP# =      4
Ending CP# =     20
Number of Points =     18
  2.6394781959E+00  2.8269959068E+00 -1.6761828126E+00  4.0407929928E-01 -9.1039631936E-01
  2.6293466406E+00  2.8050879748E+00 -1.6826938866E+00  4.1584208386E-01 -9.1969667288E-01
  2.6192187004E+00  2.7831825708E+00 -1.6892190751E+00  4.2865932793E-01 -9.4801587411E-01
  2.6090939410E+00  2.7612793673E+00 -1.6957565755E+00  4.4254958732E-01 -9.9605901184E-01
  2.5989717327E+00  2.7393780025E+00 -1.7023041791E+00  4.5752555213E-01 -1.0645543130E+00
  2.5888512402E+00  2.7174780905E+00 -1.7088592903E+00  4.7359317035E-01 -1.1541253339E+00
  2.5787314050E+00  2.6955792268E+00 -1.7154189169E+00  4.9075077122E-01 -1.2651326378E+00
  2.5686109121E+00  2.6736809872E+00 -1.7219796124E+00  5.0898828695E-01 -1.3974887626E+00
  2.5584881330E+00  2.6517829175E+00 -1.7285373470E+00  5.2828669126E-01 -1.5504527279E+00
  2.5483610308E+00  2.6298845103E+00 -1.7350872748E+00  5.4861779127E-01 -1.7224129701E+00
  2.5382270059E+00  2.6079851633E+00 -1.7416233367E+00  5.6994452309E-01 -1.9106698798E+00
  2.5280826386E+00  2.5860841049E+00 -1.7481375813E+00  5.9222190945E-01 -2.1112302153E+00
  2.5179232439E+00  2.5641802629E+00 -1.7546189582E+00  6.1539883727E-01 -2.3186241156E+00
  2.5077420368E+00  2.5422720138E+00 -1.7610510092E+00  6.3942079858E-01 -2.5257485797E+00
  2.4975283991E+00  2.5203566604E+00 -1.7674069517E+00  6.6423368850E-01 -2.7237242332E+00
  2.4872636774E+00  2.4984291921E+00 -1.7736374435E+00  6.8978855506E-01 -2.9017168141E+00
  2.4769082914E+00  2.4764786977E+00 -1.7796316960E+00  7.1604602027E-01 -3.0466102725E+00
  2.4563690534E+00  2.4330104876E+00 -1.7770301124E+00  7.6553365497E-01 -3.1716116508E+00
</Path of -GradDelSqRho>
<Path of -GradDelSqRho>
Starting CP# =      5
Ending CP# =     11
Number of Points =     33
  2.3160552479E+00  1.7528859920E+00 -1.9266517319E+00  2.2532637488E+01  1.2305345830E+03
  2.3374480404E+00  1.7443459247E+00 -1.9169349629E+00  1.5626380090E+01  1.1488197409E+03
  2.3588322855E+00  1.7357959720E+00 -1.9072080741E+00  1.0943822260E+01  9.7927154007E+02
  2.3802142535E+00  1.7272433910E+00 -1.8974784902E+00  7.7785810238E+00  7.7137957100E+02
  2.4015910397E+00  1.7186848300E+00 -1.8877427814E+00  5.6470109268E+00  5.7095323591E+02
  2.4229576299E+00  1.7101145157E+00 -1.8779950390E+00  4.2123450290E+00  4.0686922252E+02
  2.4443084989E+00  1.7015261200E+00 -1.8682287834E+00  3.2440682348E+00  2.8430784417E+02
  2.4656380125E+00  1.6929132442E+00 -1.8584374586E+00  2.5873897917E+00  1.9614239837E+02
  2.4869408291E+00  1.6842698969E+00 -1.8486149187E+00  2.1390091669E+00  1.3319119962E+02
  2.5082116023E+00  1.6755901693E+00 -1.8387550927E+00  1.8296527081E+00  8.8268831642E+01
  2.5294436497E+00  1.6668667549E+00 -1.8288504648E+00  1.6125517492E+00  5.6485111022E+01
  2.5506269756E+00  1.6580888053E+00 -1.8188898724E+00  1.4561109070E+00  3.4457293082E+01
  2.5717457872E+00  1.6492393581E+00 -1.8088558581E+00  1.3391595099E+00  1.9646863302E+01
  2.5927748028E+00  1.6402917080E+00 -1.7987209278E+00  1.2477282208E+00  1.0041917881E+01
  2.6136726290E+00  1.6312032249E+00 -1.7884411760E+00  1.1727736000E+00  4.0525815452E+00
  2.6343683069E+00  1.6219035523E+00 -1.7779441231E+00  1.1085567904E+00  4.7215558342E-01
  2.6547300644E+00  1.6122693828E+00 -1.7671027613E+00  1.0515151388E+00 -1.5670147191E+00
  2.6744762715E+00  1.6020605803E+00 -1.7556700466E+00  9.9953754199E-01 -2.6554006249E+00
  2.6928191143E+00  1.5907112501E+00 -1.7430662394E+00  9.5173358519E-01 -3.1757166556E+00
  2.7059113921E+00  1.5765243921E+00 -1.7275894610E+00  9.1098174292E-01 -3.3730821128E+00
  2.6998781090E+00  1.5603852968E+00 -1.7105310023E+00  8.9831167018E-01 -3.4462048755E+00
  2.6847875426E+00  1.5466014265E+00 -1.6961553058E+00  9.0126029160E-01 -3.5069292057E+00
  2.6685390219E+00  1.5334688605E+00 -1.6824274261E+00  9.0489406436E-01 -3.5629120674E+00
  2.6516661164E+00  1.5207419888E+00 -1.6690753546E+00  9.0802967667E-01 -3.6139625860E+00
  2.6342090289E+00  1.5084177638E+00 -1.6561019264E+00  9.1060128233E-01 -3.6598853789E+00
  2.6161852078E+00  1.4965044211E+00 -1.6435257528E+00  9.1260238819E-01 -3.7005325333E+00
  2.5976116132E+00  1.4850087822E+00 -1.6313677303E+00  9.1403342546E-01 -3.7358057361E+00
  2.5785055627E+00  1.4739353840E+00 -1.6196509102E+00  9.1489979228E-01 -3.7656568179E+00
  2.5588848362E+00  1.4632859733E+00 -1.6084009433E+00  9.1521165476E-01 -3.7900873904E+00
  2.5387677777E+00  1.4530589382E+00 -1.5976466144E+00  9.1498373516E-01 -3.8091476373E+00
  2.5181734242E+00  1.4432487103E+00 -1.5874204248E+00  9.1423505011E-01 -3.8229343200E+00
  2.4971216792E+00  1.4338453132E+00 -1.5777590685E+00  9.1298860313E-01 -3.8315880584E+00
  2.4696414860E+00  1.4224204778E+00 -1.5663204555E+00  9.1071913915E-01 -3.8354679544E+00
</Path of -GradDelSqRho>
<Path of -GradDelSqRho>
Starting CP# =      5
Ending CP# =      1
Number of Points =      7
  2.3160552479E+00  1.7528859920E+00 -1.9266517319E+00  2.2532637488E+01  1.2305345830E+03
  2.2946436383E+00  1.7614042418E+00 -1.9363461767E+00  3.2752750391E+01  9.7984790115E+02
  2.2732161225E+00  1.7699039958E+00 -1.9460216980E+00  4.7981872869E+01 -7.9369249545E+02
  2.2517816122E+00  1.7783955996E+00 -1.9556888810E+00  7.0604222168E+01 -6.3777351560E+03
  2.2303420705E+00  1.7868813338E+00 -1.9653500583E+00  1.0418147385E+02 -2.0592222375E+04
  2.2088942288E+00  1.7953573773E+00 -1.9750013153E+00  1.5455742630E+02 -7.5171981637E+04
  2.1715930303E+00  1.8100778186E+00 -1.9917645317E+00  2.9716301061E+02 -3.3276429328E+06
</Path of -GradDelSqRho>
<Path of -GradDelSqRho>
Starting CP# =      8
Ending CP# =      1
Number of Points =      7
  2.0686958965E+00  1.8995111439E+00 -2.0898612243E+00  2.2644587324E+01  1.2418808895E+03
  2.0840589421E+00  1.8862250033E+00 -2.0752853840E+00  3.2933856711E+01  9.8332780821E+02
  2.0993940708E+00  1.8729234381E+00 -2.0606942174E+00  4.8276056984E+01 -8.3524827703E+02
  2.1147169662E+00  1.8596151271E+00 -2.0460963501E+00  7.1072944377E+01 -6.5082309655E+03
  2.1300306970E+00  1.8463017688E+00 -2.0314934700E+00  1.0493063266E+02 -2.1081297673E+04
  2.1453295622E+00  1.8329802327E+00 -2.0168824678E+00  1.5572410871E+02 -7.6811678883E+04
  2.1715930303E+00  1.8100778186E+00 -1.9917645317E+00  2.9716301061E+02 -3.3276429328E+06
</Path of -GradDelSqRho>
<Path of -GradDelSqRho>
Starting CP# =      8
Ending CP# =     12
Number of Points =     30
  2.0686958965E+00  1.8995111439E+00 -2.0898612243E+00  2.2644587324E+01  1.2418808895E+03
  2.0532992321E+00  1.9127786599E+00 -2.1044185465E+00  1.5697387108E+01  1.1584690129E+03
  2.0378866289E+00  1.9260373332E+00 -2.1189670599E+00  1.0990822003E+01  9.8701598031E+02
  2.0224697501E+00  1.9392936407E+00 -2.1335131988E+00  7.8120519245E+00  7.7739899847E+02
  2.0070437122E+00  1.9525448665E+00 -2.1480542559E+00  5.6736115402E+00  5.7519638952E+02
