 AIMInt (Version 19.02.13, Professional)
 Portions Copyright (c) 1997-2019 by Todd A. Keith
 AIMInt is a component of the AIMAll package ( http://aim.tkgristmill.com )

 TP:  64-bit Linux

 Licensed To:  Research Group of Fernando Cortes Guzman, UNAM, fercor@unam.mx

 AIMInt is a heavily modified and extended version of the PROAIMV program
 developed by members of R.F.W. Bader's research group

 Much of the Quantum Theory of Atoms in Molecules (QTAIM) is described in the book:
   "Atoms in Molecules - A Quantum Theory"
   R.F.W. Bader, Oxford University Press, Oxford, 1990

 For additional references see:  http://aim.tkgristmill.com/references.html

 Current Directory:  /home/scratch/M_H2O_4_tetraedrico/Opt

 Inp File:  Mn3_tetraedrico_cc-pvtz-def2-tzv_1_atomicfiles/o6.inp
 Wfx File:  Mn3_tetraedrico_cc-pvtz-def2-tzv_1.wfx
 Out File:  Mn3_tetraedrico_cc-pvtz-def2-tzv_1_atomicfiles/o6.int

 Wfx Title:   Mn3_tetraedrico_cc-pvtz-def2-tzv_1                                            
 Job Title:   Mn3_tetraedrico_cc-pvtz-def2-tzv_1                                            
 
<Atom>
O6      
</Atom>
<Nuclei of Molecule>
    13
Mn1       25.0          -2.3417154361E-05   5.1701735360E-05  -2.4150699978E-05
O2         8.0          -1.8201651221E+00   2.1677096249E+00   1.9868035375E+00
H3         1.0          -3.4659205552E+00   2.9278486125E+00   1.4822867789E+00
O4         8.0           2.1715928313E+00   1.8100777495E+00  -1.9917644655E+00
H5         1.0           3.0096016588E+00   1.2470439200E+00  -3.5805527699E+00
O6         8.0           1.8060200415E+00  -2.1614284424E+00   2.0063037349E+00
H7         1.0           1.2406471022E+00  -2.9921569017E+00   3.5981866171E+00
O8         8.0          -2.1575423074E+00  -1.8161512936E+00  -2.0014386349E+00
H9         1.0          -2.9833789890E+00  -1.2590542798E+00  -3.5987373777E+00
H10        1.0           2.9312054045E+00   3.4579546522E+00  -1.4934321947E+00
H11        1.0           3.4557566507E+00  -2.9219309101E+00   1.5153137115E+00
H12        1.0          -1.2664886975E+00   3.0001628647E+00   3.5818141621E+00
H13        1.0          -2.9200806913E+00  -3.4628216086E+00  -1.5035085357E+00
</Nuclei of Molecule>
<Total Number of CPs of DelSqRho>
    37
</Total Number of CPs of DelSqRho>
<Number of (3,+3) CPs of DelSqRho>
     5
</Number of (3,+3) CPs of DelSqRho>
<Number of (3,+1) CPs of DelSqRho>
    14
</Number of (3,+1) CPs of DelSqRho>
<Number of (3,-1) CPs of DelSqRho>
    13
</Number of (3,-1) CPs of DelSqRho>
<Number of (3,-3) CPs of DelSqRho>
     5
</Number of (3,-3) CPs of DelSqRho>
<Number of Degenerate CPs of DelSqRho>
     0
</Number of Degenerate CPs of DelSqRho>
<CP of DelSqRho>
CP# = 1       
Type = (3,+3)
Coords =  1.80602011078518E+00 -2.16142864081922E+00  2.00630380232526E+00
DistFromNuc =  2.2073911896E-07
Rho =  2.9716290217E+02
DelSqRho = -3.3276414150E+06
GradDelSqRho =  1.3165574273E-05 -2.0868465072E-06  1.3734883396E-05
HessDelSqRho_EigVals =  1.3233211989E+11  1.3233214143E+11  1.3233214649E+11
HessDelSqRho_EigVec1 =  4.4370885152E-01  7.4687696275E-01  4.9527493133E-01
HessDelSqRho_EigVec2 =  5.1184408533E-01 -6.6485206766E-01  5.4404720424E-01
HessDelSqRho_EigVec3 =  7.3562088565E-01  1.2104984046E-02 -6.7728530322E-01
</CP of DelSqRho>
<CP of DelSqRho>
CP# = 2       
Type = (3,-1)
Coords =  1.32633279891685E+00 -1.11707990989835E+00  1.01099809429148E+00
DistFromNuc =  1.5203279338E+00
Rho =  1.4509880849E-01
DelSqRho =  3.4890128364E-01
GradDelSqRho =  2.8102520311E-16 -3.1918911958E-16 -1.9428902931E-16
HessDelSqRho_EigVals = -5.0708866222E-01 -2.6724028754E-01  5.0517901648E+00
HessDelSqRho_EigVec1 =  6.9950071454E-01  7.1059217994E-01  7.5878219333E-02
HessDelSqRho_EigVec2 = -4.3506159557E-01  3.3920830750E-01  8.3406182755E-01
HessDelSqRho_EigVec3 = -5.6693928989E-01  6.1643854352E-01 -5.4642782108E-01
</CP of DelSqRho>
<CP of DelSqRho>
CP# = 3       
Type = (3,+1)
Coords =  1.44987264550703E+00 -2.67401291060796E+00  2.98865959859218E+00
DistFromNuc =  1.1638757871E+00
Rho =  4.0426088729E-01
DelSqRho = -9.1452840961E-01
GradDelSqRho = -4.0467629248E-14 -4.5796699766E-14  8.9317442331E-14
HessDelSqRho_EigVals = -2.9467163850E+01  1.3970825719E+01  1.4731712257E+01
HessDelSqRho_EigVec1 = -2.9590242454E-01 -4.4250250037E-01  8.4654196134E-01
HessDelSqRho_EigVec2 =  4.6013754698E-01  7.1059906567E-01  5.3228038263E-01
HessDelSqRho_EigVec3 =  8.3708732699E-01 -5.4702879727E-01  6.6559713541E-03
</CP of DelSqRho>
<CP of DelSqRho>
CP# = 4       
Type = (3,+1)
Coords =  2.82408715982793E+00 -2.62988246271890E+00  1.69525013367628E+00
DistFromNuc =  1.1630409148E+00
Rho =  4.0405116496E-01
DelSqRho = -9.1014948802E-01
GradDelSqRho =  4.4264591992E-13 -2.0095036746E-13 -1.6431300764E-13
HessDelSqRho_EigVals = -2.9459689566E+01  1.3959969876E+01  1.4702478742E+01
HessDelSqRho_EigVec1 =  8.7731980592E-01 -4.0577729537E-01 -2.5623181829E-01
HessDelSqRho_EigVec2 =  4.7876965156E-01  7.0332348785E-01  5.2546711808E-01
HessDelSqRho_EigVec3 = -3.3008769841E-02 -5.8367872841E-01  8.1131348017E-01
</CP of DelSqRho>
<CP of DelSqRho>
CP# = 5       
Type = (3,+1)
Coords =  1.74908357927400E+00 -2.30624369649102E+00  1.94175616070323E+00
DistFromNuc =  1.6846248212E-01
Rho =  2.2532876898E+01
DelSqRho =  1.2305528054E+03
GradDelSqRho = -3.2116531656E-12 -2.5266899684E-11 -5.7802651554E-12
HessDelSqRho_EigVals = -4.0959003849E+05  2.7093112933E+03  3.2250233202E+03
HessDelSqRho_EigVec1 =  3.3969070997E-01  8.5816400527E-01  3.8492176039E-01
HessDelSqRho_EigVec2 =  5.7040142170E-01 -5.1337260672E-01  6.4116361781E-01
HessDelSqRho_EigVec3 = -7.4783182580E-01 -1.7625948295E-03  6.6388587391E-01
</CP of DelSqRho>
<CP of DelSqRho>
CP# = 6       
Type = (3,-3)
Coords =  1.78647081770263E+00 -2.05468759758663E+00  1.87898725685169E+00
DistFromNuc =  1.6728797229E-01
Rho =  2.2647830649E+01
DelSqRho =  1.2880818126E+03
GradDelSqRho =  0.0000000000E+00  1.1141310097E-11 -3.9790393203E-13
HessDelSqRho_EigVals = -4.4281845392E+05 -3.1838543932E+03 -1.1672870866E+02
HessDelSqRho_EigVec1 =  1.1776628830E-01 -6.3927505613E-01  7.5990690479E-01
HessDelSqRho_EigVec2 =  4.4816299497E-01  7.1708489118E-01  5.3379695464E-01
HessDelSqRho_EigVec3 =  8.8616083827E-01 -2.7769886829E-01 -3.7094784979E-01
</CP of DelSqRho>
<CP of DelSqRho>
CP# = 7       
Type = (3,-1)
Coords =  1.89972649110323E+00 -2.25776401712366E+00  2.10782758365285E+00
DistFromNuc =  1.6842961001E-01
Rho =  2.2403284508E+01
DelSqRho =  1.2609690796E+03
GradDelSqRho =  7.4749095802E-12 -3.4887648326E-12 -7.9722894952E-12
HessDelSqRho_EigVals = -4.1505407329E+05 -2.0878108072E+03  8.0422143042E+02
HessDelSqRho_EigVec1 =  5.5690441025E-01 -5.7064495008E-01  6.0350792770E-01
HessDelSqRho_EigVec2 =  3.8128549233E-01  8.2117225971E-01  4.2461452310E-01
HessDelSqRho_EigVec3 = -7.3788810208E-01 -6.3608832352E-03  6.7489309374E-01
</CP of DelSqRho>
<CP of DelSqRho>
CP# = 8       
Type = (3,+1)
Coords =  1.89517939896038E+00 -2.05798987160750E+00  2.10408181034386E+00
DistFromNuc =  1.6795678311E-01
Rho =  2.2644342186E+01
DelSqRho =  1.2418494290E+03
GradDelSqRho = -1.4495071810E-12  5.6488147493E-12  1.4779288904E-12
HessDelSqRho_EigVals = -4.2142017625E+05  2.3043193438E+03  2.8546535163E+03
HessDelSqRho_EigVec1 =  5.2941003087E-01  6.1845727173E-01  5.8071991723E-01
HessDelSqRho_EigVec2 =  4.1267879940E-01 -7.8580707169E-01  4.6065546194E-01
HessDelSqRho_EigVec3 = -7.4122953782E-01  4.2248240907E-03  6.7123835046E-01
</CP of DelSqRho>
<CP of DelSqRho>
CP# = 9       
Type = (3,-3)
Coords =  1.67065325381017E+00 -2.06357121676316E+00  1.99665004822842E+00
DistFromNuc =  1.6731227535E-01
Rho =  2.2637339795E+01
DelSqRho =  1.2885284839E+03
GradDelSqRho =  0.0000000000E+00  7.3896444519E-12 -1.9895196601E-12
HessDelSqRho_EigVals = -4.4233640855E+05 -3.2402314061E+03 -2.7648353885E+02
HessDelSqRho_EigVec1 =  8.0793366987E-01 -5.8633867247E-01  5.8737945573E-02
HessDelSqRho_EigVec2 =  4.8698106633E-01  7.2048465273E-01  4.9371176431E-01
HessDelSqRho_EigVec3 = -3.3180208879E-01 -3.7028209023E-01  8.6763964152E-01
</CP of DelSqRho>
<CP of DelSqRho>
CP# = 10      
Type = (3,-1)
Coords =  2.19187385649142E+00 -2.62987307383347E+00  2.39751469261560E+00
DistFromNuc =  7.2205924462E-01
Rho =  6.6986938658E-01
DelSqRho = -1.0095156516E+00
GradDelSqRho = -1.7754686610E-12  3.9968028887E-13 -1.8207657604E-12
HessDelSqRho_EigVals = -1.9372016581E+01 -6.6105516583E+00  1.3654716663E+02
HessDelSqRho_EigVec1 = -7.2815993599E-01 -2.6226496112E-02  6.8490530625E-01
HessDelSqRho_EigVec2 =  4.2664807266E-01  7.6472385685E-01  4.8287559977E-01
HessDelSqRho_EigVec3 = -5.3642756241E-01  6.4382419468E-01 -5.4565179064E-01
</CP of DelSqRho>
<CP of DelSqRho>
CP# = 11      
Type = (3,-1)
Coords =  1.17740562822179E+00 -1.98362740558481E+00  2.29496498531136E+00
DistFromNuc =  7.1420907777E-01
Rho =  6.7843450181E-01
DelSqRho = -1.0574616106E+00
GradDelSqRho =  1.4432899320E-14  7.5495165675E-15  0.0000000000E+00
HessDelSqRho_EigVals = -1.5330946769E+01 -1.1650132170E+01  1.4436437491E+02
HessDelSqRho_EigVec1 =  1.3450412691E-01 -6.6528372017E-01  7.3437470784E-01
HessDelSqRho_EigVec2 = -4.5635282255E-01 -6.9942661643E-01 -5.5004046176E-01
HessDelSqRho_EigVec3 =  8.7957418174E-01 -2.6115125866E-01 -3.9767986988E-01
</CP of DelSqRho>
<CP of DelSqRho>
CP# = 12      
Type = (3,+3)
Coords =  1.98804831181390E+00 -1.58774292664666E+00  2.21236281984936E+00
DistFromNuc =  6.3616798778E-01
Rho =  9.6197806639E-01
DelSqRho = -4.4135238092E+00
GradDelSqRho =  3.9079850467E-13  4.5439207952E-12  5.0359716397E-13
HessDelSqRho_EigVals =  1.2737478414E+01  2.1703845840E+01  3.4285059251E+02
HessDelSqRho_EigVec1 =  6.1438177835E-01 -4.5192813330E-01  6.4675806355E-01
HessDelSqRho_EigVec2 = -7.2995366906E-01 -1.4408282910E-02  6.8334474638E-01
HessDelSqRho_EigVec3 =  2.9950404248E-01  8.9193798199E-01  3.3873878553E-01
</CP of DelSqRho>
<CP of DelSqRho>
CP# = 13      
Type = (3,+3)
Coords =  1.41960061813132E+00 -2.46205000613060E+00  1.58160477083306E+00
DistFromNuc =  6.4812229200E-01
Rho =  9.1086392856E-01
DelSqRho = -3.8368361021E+00
GradDelSqRho =  2.5757174171E-14  4.9737991503E-14  6.1284310959E-14
HessDelSqRho_EigVals =  7.4870957751E+00  1.7523113914E+01  2.8729981379E+02
HessDelSqRho_EigVec1 = -3.4853533165E-01  8.7036254429E-01 -3.4783927912E-01
HessDelSqRho_EigVec2 = -7.3162361712E-01 -2.0658620913E-02  6.8139570314E-01
HessDelSqRho_EigVec3 =  5.8587541804E-01  4.9197790894E-01  6.4397805215E-01
</CP of DelSqRho>
<CP of DelSqRho>
CP# = 14      
Type = (3,-1)
Coords =  2.12563467500975E+00 -1.95751863929633E+00  1.40167763675144E+00
DistFromNuc =  7.1365638810E-01
Rho =  6.8126589821E-01
DelSqRho = -1.0726739132E+00
GradDelSqRho = -1.5099033135E-14  1.1102230246E-15  3.1086244690E-14
HessDelSqRho_EigVals = -1.5245644861E+01 -1.1919695325E+01  1.4503677016E+02
HessDelSqRho_EigVec1 = -7.4515110914E-01  6.4772695612E-01 -1.5874386558E-01
HessDelSqRho_EigVec2 =  5.0123868684E-01  7.0096953982E-01  5.0734749734E-01
HessDelSqRho_EigVec3 = -4.3989726456E-01 -2.9848198364E-01  8.4699403899E-01
</CP of DelSqRho>
<CP of DelSqRho>
CP# = 15      
Type = (3,+1)
Coords =  2.06167948377739E+00 -2.65981197951892E+00  1.61352353489063E+00
DistFromNuc =  6.8412293194E-01
Rho =  7.9922514190E-01
DelSqRho = -2.6818544254E+00
GradDelSqRho = -6.2172489379E-15  1.0658141036E-14  3.5527136788E-15
HessDelSqRho_EigVals = -1.1099899548E+01  1.3544156167E+01  1.9721880940E+02
HessDelSqRho_EigVec1 =  9.5600137115E-01  1.9060080870E-01  2.2300831841E-01
HessDelSqRho_EigVec2 = -5.5182964879E-02 -6.2977386152E-01  7.7481592894E-01
HessDelSqRho_EigVec3 = -2.8812535249E-01  7.5303135066E-01  5.9154675739E-01
</CP of DelSqRho>
<CP of DelSqRho>
CP# = 16      
Type = (3,+1)
Coords =  1.41830620844794E+00 -2.68318004545366E+00  2.21500485901695E+00
DistFromNuc =  6.8271729937E-01
Rho =  8.0270142621E-01
DelSqRho = -2.7065695545E+00
GradDelSqRho = -4.0367709175E-12 -5.4307669473E-12  3.8844483186E-12
HessDelSqRho_EigVals = -1.1004865455E+01  1.3753523189E+01  1.9959945248E+02
HessDelSqRho_EigVec1 =  1.5104490673E-01  1.6108769013E-01  9.7531338156E-01
HessDelSqRho_EigVec2 =  8.0139657928E-01 -5.9759341992E-01 -2.5409195023E-02
HessDelSqRho_EigVec3 =  5.7874775065E-01  7.8545073719E-01 -2.1935856620E-01
</CP of DelSqRho>
<CP of DelSqRho>
CP# = 17      
Type = (3,+1)
Coords =  1.44567984788219E+00 -1.71804327505299E+00  1.63546383452333E+00
DistFromNuc =  6.8114439984E-01
Rho =  8.1305740401E-01
DelSqRho = -3.1156701177E+00
GradDelSqRho = -3.5527136788E-15  1.7763568394E-14 -1.5987211555E-14
HessDelSqRho_EigVals = -5.6268111700E+00  1.7184155919E+01  2.1213678308E+02
HessDelSqRho_EigVec1 =  4.3893935027E-01  7.5423834777E-01  4.8832034725E-01
HessDelSqRho_EigVec2 = -7.2885765190E-01 -1.8937982466E-02  6.8440329930E-01
HessDelSqRho_EigVec3 = -5.2545101584E-01  6.5632756119E-01 -5.4141976541E-01
</CP of DelSqRho>
<CP of DelSqRho>
CP# = 18      
Type = (3,+1)
Coords =  1.77968724649816E+00 -2.07496707694642E+00  2.68628679958407E+00
DistFromNuc =  6.8596352098E-01
Rho =  7.9473948489E-01
DelSqRho = -2.6735822289E+00
GradDelSqRho = -1.1102230246E-14 -3.1086244690E-15  2.6645352591E-14
HessDelSqRho_EigVals = -1.2891235824E+01  1.4657819515E+01  1.9701830042E+02
HessDelSqRho_EigVec1 =  4.6474844663E-01  8.6523772719E-01 -1.8807593359E-01
HessDelSqRho_EigVec2 =  8.8541157490E-01 -4.5590999449E-01  9.0511987874E-02
HessDelSqRho_EigVec3 =  7.4313111780E-03  2.0858991433E-01  9.7797496044E-01
</CP of DelSqRho>
<CP of DelSqRho>
CP# = 19      
Type = (3,+3)
Coords =  2.42971987093418E+00 -2.44662532624191E+00  1.79434017621256E+00
DistFromNuc =  7.1782121033E-01
Rho =  7.6549092758E-01
DelSqRho = -3.1711050882E+00
GradDelSqRho = -1.0365042158E-12  1.5210055437E-12  1.0280665208E-12
HessDelSqRho_EigVals =  1.1056174482E+01  2.3640049623E+01  1.4677387925E+02
HessDelSqRho_EigVec1 =  5.0031544915E-01  7.1951091952E-01  4.8165183279E-01
HessDelSqRho_EigVec2 =  3.4722571440E-02 -5.7250621041E-01  8.1916480764E-01
HessDelSqRho_EigVec3 =  8.6514668951E-01 -3.9311661849E-01 -3.1141697111E-01
</CP of DelSqRho>
<CP of DelSqRho>
CP# = 20      
Type = (3,+1)
Coords =  2.48455389012960E+00 -2.05598871308777E+00  2.01748224935199E+00
DistFromNuc =  6.8676828657E-01
Rho =  7.9345637180E-01
DelSqRho = -2.6696493171E+00
GradDelSqRho =  4.8543391529E-12 -4.2721381988E-13 -4.1966430331E-13
HessDelSqRho_EigVals = -1.2793278514E+01  1.4579354353E+01  1.9581277054E+02
HessDelSqRho_EigVec1 = -2.3725279673E-01  8.4782124431E-01  4.7424703282E-01
HessDelSqRho_EigVec2 =  5.7430176316E-02 -4.7509090426E-01  8.7806059446E-01
HessDelSqRho_EigVec3 =  9.6974887744E-01  2.3555842245E-01  6.4026122193E-02
</CP of DelSqRho>
<CP of DelSqRho>
CP# = 21      
Type = (3,+3)
Coords =  1.56683786006161E+00 -2.47641644911803E+00  2.60418191894023E+00
DistFromNuc =  7.1685694758E-01
Rho =  7.6828275533E-01
DelSqRho = -3.2029939859E+00
GradDelSqRho =  2.4868995752E-14 -2.1094237468E-15 -4.2410519541E-14
HessDelSqRho_EigVals =  1.1196525247E+01  2.3972740225E+01  1.4785524460E+02
HessDelSqRho_EigVec1 = -4.2455988898E-01 -7.1390514134E-01 -5.5685577113E-01
HessDelSqRho_EigVec2 =  8.3512842632E-01 -5.4635206452E-01  6.3717604664E-02
HessDelSqRho_EigVec3 = -3.4972762576E-01 -4.3799414467E-01  8.2816164908E-01
</CP of DelSqRho>
<CP of DelSqRho>
CP# = 22      
Type = (3,+1)
Coords =  1.05199268229616E+00 -1.51189740015544E+00  1.24260626785560E+00
DistFromNuc =  1.2544646884E+00
Rho =  2.4351396347E-01
DelSqRho =  3.6709250148E-01
GradDelSqRho = -6.6707750435E-13 -6.0497440391E-13  8.4265927569E-14
HessDelSqRho_EigVals = -8.1190922480E+00  5.6886110482E-01  1.1019465050E+00
HessDelSqRho_EigVec1 =  6.1706750302E-01 -4.9795224744E-01  6.0932032297E-01
HessDelSqRho_EigVec2 =  2.9677006786E-01  8.6440521824E-01  4.0587084831E-01
HessDelSqRho_EigVec3 = -7.2880396784E-01 -6.9621677320E-02  6.8117369188E-01
</CP of DelSqRho>
<CP of DelSqRho>
CP# = 23      
Type = (3,-1)
Coords =  1.93601324563335E+00 -2.82935304102744E+00  1.03160822276617E+00
DistFromNuc =  1.1887189928E+00
Rho =  2.4267656398E-01
DelSqRho =  7.1737354323E-01
GradDelSqRho = -4.8225312632E-16  8.3266726847E-16  1.0824674490E-15
HessDelSqRho_EigVals = -1.7005663485E+01 -1.2880399950E+00  3.1097592101E-01
HessDelSqRho_EigVec1 = -8.9207831382E-02  5.4796994327E-01  8.3172766222E-01
HessDelSqRho_EigVec2 = -9.5142940397E-01  2.0016017725E-01 -2.3391877372E-01
HessDelSqRho_EigVec3 =  2.9465921346E-01  8.1219754045E-01 -5.0349886117E-01
</CP of DelSqRho>
<CP of DelSqRho>
CP# = 24      
Type = (3,-3)
Coords =  2.52294124864660E+00 -2.68063291882138E+00  2.74921170349642E+00
DistFromNuc =  1.1556217182E+00
Rho =  2.4676051604E-01
DelSqRho =  8.7212109585E-01
GradDelSqRho = -6.1062266354E-16  1.2767564783E-15  1.1102230246E-16
HessDelSqRho_EigVals = -1.7518708466E+01 -2.8622645812E+00 -1.6227250999E-01
HessDelSqRho_EigVec1 =  6.2046958586E-01 -4.4915170281E-01  6.4286875868E-01
HessDelSqRho_EigVec2 = -7.2706522937E-01 -2.2218961576E-02  6.8620876560E-01
HessDelSqRho_EigVec3 =  2.9392795931E-01  8.9317919009E-01  3.4034877571E-01
</CP of DelSqRho>
<CP of DelSqRho>
CP# = 25      
Type = (3,-1)
Coords =  8.54483411389599E-01 -2.87081273336196E+00  2.04896677163838E+00
DistFromNuc =  1.1876313255E+00
Rho =  2.4260980377E-01
DelSqRho =  7.2467783776E-01
GradDelSqRho =  1.2212453271E-15  4.9960036108E-16  1.2490009027E-16
HessDelSqRho_EigVals = -1.7192805241E+01 -1.2903769139E+00  2.8028320419E-01
HessDelSqRho_EigVec1 =  8.1257567371E-01  5.8267692806E-01 -1.4435096332E-02
HessDelSqRho_EigVec2 = -1.7810781104E-01  2.2464746920E-01 -9.5802459375E-01
HessDelSqRho_EigVec3 = -5.5497601943E-01  7.8103848311E-01  2.8632238083E-01
</CP of DelSqRho>
<CP of DelSqRho>
CP# = 26      
Type = (3,-3)
Coords =  2.37475916943724E+00 -1.80187608703064E+00  1.08012215795453E+00
DistFromNuc =  1.1447944817E+00
Rho =  2.4661343650E-01
DelSqRho =  8.3736888934E-01
GradDelSqRho = -2.0539125956E-15 -3.6637359813E-15  2.9976021665E-15
HessDelSqRho_EigVals = -1.7586255279E+01 -1.7896337784E+00 -5.1823104334E-01
HessDelSqRho_EigVec1 = -4.6424455314E-01 -3.3561221010E-01  8.1965934346E-01
HessDelSqRho_EigVec2 = -7.4410962074E-01  6.4972692841E-01 -1.5542133323E-01
HessDelSqRho_EigVec3 =  4.8039345042E-01  6.8206991059E-01  5.5136446191E-01
</CP of DelSqRho>
<CP of DelSqRho>
CP# = 27      
Type = (3,-1)
Coords =  1.77118131711598E+00 -1.57965576584264E+00  3.04038880593027E+00
DistFromNuc =  1.1870152139E+00
Rho =  2.4248283237E-01
DelSqRho =  7.4124664013E-01
GradDelSqRho =  1.0352829705E-14 -1.0783041127E-14 -1.4238610291E-14
HessDelSqRho_EigVals = -1.7721595043E+01 -1.1712902972E+00  2.6562997022E-01
HessDelSqRho_EigVec1 = -3.1737657442E-02  5.0949643832E-01  8.5988726031E-01
HessDelSqRho_EigVec2 =  2.7063011857E-01  8.3256398688E-01 -4.8331826645E-01
HessDelSqRho_EigVec3 =  9.6216010104E-01 -2.1737200164E-01  1.6430871213E-01
</CP of DelSqRho>
<CP of DelSqRho>
CP# = 28      
Type = (3,-1)
Coords =  2.82232114529837E+00 -1.54667641633163E+00  2.02823604282385E+00
DistFromNuc =  1.1879684395E+00
Rho =  2.4291591693E-01
DelSqRho =  7.3569900818E-01
GradDelSqRho =  3.4083846856E-14  2.1010970741E-14 -1.3801459975E-14
HessDelSqRho_EigVals = -1.7561145584E+01 -1.2090706316E+00  2.8490687422E-01
HessDelSqRho_EigVec1 =  8.4355156980E-01  5.3681132457E-01  1.5948382402E-02
HessDelSqRho_EigVec2 = -5.2248764086E-01  8.1345100772E-01  2.5554671430E-01
HessDelSqRho_EigVec3 =  1.2420714245E-01 -2.2389966470E-01  9.6666515708E-01
</CP of DelSqRho>
<CP of DelSqRho>
CP# = 29      
Type = (3,-3)
Coords =  8.43437672140691E-01 -1.84559251455089E+00  2.53835804990290E+00
DistFromNuc =  1.1442897121E+00
Rho =  2.4592706551E-01
DelSqRho =  8.3557884202E-01
GradDelSqRho = -1.9984014443E-15 -7.4940054162E-16 -5.8286708793E-16
HessDelSqRho_EigVals = -1.7592441885E+01 -1.8265459200E+00 -4.6173378627E-01
HessDelSqRho_EigVec1 =  8.5147269307E-01 -3.0049605718E-01 -4.2976315870E-01
HessDelSqRho_EigVec2 =  1.3480695011E-01 -6.6656353007E-01  7.3315765466E-01
HessDelSqRho_EigVec3 =  5.0677543267E-01  6.8219878335E-01  5.2705168706E-01
</CP of DelSqRho>
<CP of DelSqRho>
CP# = 30      
Type = (3,+1)
Coords =  3.79958076987506E+00 -2.27283976725806E+00  1.99213998520291E+00
DistFromNuc =  1.9967216814E+00
Rho =  7.1013001166E-02
DelSqRho =  1.8661114004E-01
GradDelSqRho = -1.2045919817E-14 -1.4432899320E-15 -2.0625862129E-15
HessDelSqRho_EigVals = -1.8141760539E+00  1.7573689611E-02  5.8576558592E-01
HessDelSqRho_EigVec1 =  8.9400770902E-01  3.4345045627E-01  2.8773599062E-01
HessDelSqRho_EigVec2 = -3.0639782541E-02 -5.9382701903E-01  8.0400912632E-01
HessDelSqRho_EigVec3 = -4.4700270686E-01  7.2760652523E-01  5.2036268554E-01
</CP of DelSqRho>
<CP of DelSqRho>
CP# = 31      
Type = (3,-1)
Coords =  3.44798669068932E+00 -3.29279059849806E+00  2.26264101537728E+00
DistFromNuc =  2.0104088158E+00
Rho =  7.1915473592E-02
DelSqRho =  1.9197364743E-01
GradDelSqRho = -6.9388939039E-18 -9.7144514655E-17  4.1633363423E-17
HessDelSqRho_EigVals = -2.3285908564E+00 -1.8438600357E-02  4.8116143499E-01
HessDelSqRho_EigVec1 = -4.9361272235E-01  6.1063358019E-01 -6.1925205780E-01
HessDelSqRho_EigVec2 =  4.7223330125E-01  7.8612176035E-01  3.9875843199E-01
HessDelSqRho_EigVec3 =  7.3030280673E-01 -9.5599208386E-02 -6.7640121365E-01
</CP of DelSqRho>
<CP of DelSqRho>
CP# = 32      
Type = (3,-1)
Coords =  7.22993908190809E-01 -2.32569007327312E+00  3.69609818816627E+00
DistFromNuc =  2.0137856845E+00
Rho =  7.1486001686E-02
DelSqRho =  1.9040266873E-01
GradDelSqRho =  1.6792123247E-15  1.7347234760E-17 -7.4940054162E-16
HessDelSqRho_EigVals = -2.1475140551E+00 -1.9498174292E-02  4.8751559960E-01
HessDelSqRho_EigVec1 =  6.9280071141E-01 -3.8867987437E-01 -6.0741676757E-01
HessDelSqRho_EigVec2 =  7.1055406009E-01  5.1165793172E-01  4.8303114661E-01
HessDelSqRho_EigVec3 = -1.2304512161E-01  7.6624677237E-01 -6.3065504191E-01
</CP of DelSqRho>
<CP of DelSqRho>
CP# = 33      
Type = (3,-1)
Coords =  3.60173068111392E+00 -2.19438667269113E+00  1.09693257932575E+00
DistFromNuc =  2.0131117318E+00
Rho =  7.1515644605E-02
DelSqRho =  1.8993831489E-01
GradDelSqRho = -5.9659915896E-13 -1.3022916079E-13  6.6986000080E-13
HessDelSqRho_EigVals = -2.1092004695E+00 -1.8937368588E-02  4.9810132063E-01
HessDelSqRho_EigVec1 =  6.7747361584E-01  4.6462883404E-01 -5.7021885835E-01
HessDelSqRho_EigVec2 =  3.9388729363E-01  4.2554294529E-01  8.1471835725E-01
HessDelSqRho_EigVec3 = -6.2119425284E-01  7.7655215426E-01 -1.0528272386E-01
</CP of DelSqRho>
<CP of DelSqRho>
CP# = 34      
Type = (3,-1)
Coords =  2.00166114454915E+00 -3.33929412086160E+00  3.62484236972621E+00
DistFromNuc =  2.0112956795E+00
Rho =  7.1869522104E-02
DelSqRho =  1.9095253475E-01
GradDelSqRho = -6.2450045135E-16  4.7184478547E-16 -4.7184478547E-16
HessDelSqRho_EigVals = -2.2902346791E+00 -1.8956641489E-02  4.8848565540E-01
HessDelSqRho_EigVec1 = -6.0355665054E-01  6.0771342694E-01 -5.1614315873E-01
HessDelSqRho_EigVec2 = -3.4269690138E-01 -7.8222728144E-01 -5.2026850179E-01
HessDelSqRho_EigVec3 = -7.1991541404E-01 -1.3713085315E-01  6.8037998629E-01
</CP of DelSqRho>
<CP of DelSqRho>
CP# = 35      
Type = (3,+1)
Coords =  7.85943775873795E-01 -3.53512004007837E+00  3.06301434452636E+00
DistFromNuc =  2.0110249889E+00
Rho =  7.0089275462E-02
DelSqRho =  1.7994008762E-01
GradDelSqRho = -2.9837243787E-16 -4.4755865680E-16  2.2280354645E-16
HessDelSqRho_EigVals = -1.6954958787E+00  2.3258736880E-02  5.8785249099E-01
HessDelSqRho_EigVec1 =  6.0876623244E-01  7.8920921176E-01 -8.0947478764E-02
HessDelSqRho_EigVec2 =  7.8830725048E-01 -6.1322556759E-01 -5.0260144177E-02
HessDelSqRho_EigVec3 =  8.9304832379E-02  3.3214805805E-02  9.9545036219E-01
</CP of DelSqRho>
<CP of DelSqRho>
CP# = 36      
Type = (3,+1)
Coords =  1.70704638264733E+00 -2.36450031045385E+00  3.99240981632950E+00
DistFromNuc =  1.9989125382E+00
Rho =  7.0838807476E-02
DelSqRho =  1.8578921794E-01
GradDelSqRho = -3.3697003521E-16 -3.5561831258E-16 -1.5265566589E-15
HessDelSqRho_EigVals = -1.8133636800E+00  1.8608129910E-02  5.8644021177E-01
HessDelSqRho_EigVec1 =  2.5083203191E-01  2.9798748424E-01  9.2102483735E-01
HessDelSqRho_EigVec2 =  7.9824020236E-01 -6.0191323101E-01 -2.2650423339E-02
HessDelSqRho_EigVec3 =  5.4762749302E-01  7.4088050425E-01 -3.8884470848E-01
</CP of DelSqRho>
<CP of DelSqRho>
CP# = 37      
Type = (3,+1)
Coords =  2.97560523460984E+00 -3.40592490054205E+00  9.44708673052804E-01
DistFromNuc =  2.0108916016E+00
Rho =  7.0131977267E-02
DelSqRho =  1.7942514583E-01
GradDelSqRho = -3.0054084221E-16  3.3306690739E-16  5.6898930012E-16
HessDelSqRho_EigVals = -1.6795408980E+00  2.3160906411E-02  5.8689869923E-01
HessDelSqRho_EigVec1 = -1.5522245339E-01  7.0968009141E-01  6.8721187258E-01
HessDelSqRho_EigVec2 = -1.3626163460E-01 -7.0437501731E-01  6.9662658715E-01
HessDelSqRho_EigVec3 =  9.7843689470E-01  1.4491474879E-02  2.0603698759E-01
</CP of DelSqRho>
<Path of -GradDelSqRho>
Starting CP# =      3
Ending CP# =      0
Number of Points =     30
  1.4498726455E+00 -2.6740129106E+00  2.9886595986E+00  4.0426088729E-01 -9.1452840961E-01
  1.4424814402E+00 -2.6850771313E+00  3.0098245009E+00  3.9352263245E-01 -9.2365902491E-01
  1.4351038353E+00 -2.6961447302E+00  3.0309923818E+00  3.8378764941E-01 -9.5080823063E-01
  1.4277401861E+00 -2.7072155321E+00  3.0521634469E+00  3.7502376292E-01 -9.9577027285E-01
  1.4203904200E+00 -2.7182892510E+00  3.0733378104E+00  3.6719523279E-01 -1.0585335301E+00
  1.4130540684E+00 -2.7293655222E+00  3.0945154908E+00  3.6026289044E-01 -1.1392168928E+00
  1.4057303224E+00 -2.7404439400E+00  3.1156964113E+00  3.5418414346E-01 -1.2379390902E+00
  1.3984181041E+00 -2.7515241021E+00  3.1368804019E+00  3.4891293589E-01 -1.3545950824E+00
  1.3911161467E+00 -2.7626056578E+00  3.1580672028E+00  3.4439981891E-01 -1.4885109518E+00
  1.3838230754E+00 -2.7736883609E+00  3.1792564642E+00  3.4059238268E-01 -1.6379647464E+00
  1.3765374795E+00 -2.7847721303E+00  3.2004477394E+00  3.3743642018E-01 -1.7996161057E+00
  1.3692579720E+00 -2.7958571260E+00  3.2216404654E+00  3.3487831350E-01 -1.9680053665E+00
  1.3619832393E+00 -2.8069438489E+00  3.2428339276E+00  3.3286918690E-01 -2.1354726032E+00
  1.3547121167E+00 -2.8180332525E+00  3.2640272261E+00  3.3137124640E-01 -2.2930756226E+00
  1.3474438325E+00 -2.8291266657E+00  3.2852193998E+00  3.3036627465E-01 -2.4332465078E+00
  1.3401788242E+00 -2.8402245013E+00  3.3064103813E+00  3.2986534247E-01 -2.5548324047E+00
  1.3329200540E+00 -2.8513217501E+00  3.3276038074E+00  3.2991743032E-01 -2.6706093742E+00
  1.3256707488E+00 -2.8624068014E+00  3.3488068536E+00  3.3061306534E-01 -2.8162436546E+00
  1.3184289519E+00 -2.8734750828E+00  3.3700212237E+00  3.3207782288E-01 -3.0581775692E+00
  1.3111905725E+00 -2.8845316488E+00  3.3912428683E+00  3.3445042018E-01 -3.4965250583E+00
  1.3039532967E+00 -2.8955816998E+00  3.4124682826E+00  3.3784196277E-01 -4.2584109245E+00
  1.2967162141E+00 -2.9066281261E+00  3.4336956493E+00  3.4227715933E-01 -5.4778109024E+00
  1.2894789884E+00 -2.9176723737E+00  3.4549241010E+00  3.4762487217E-01 -7.2602671384E+00
  1.2822414900E+00 -2.9287151801E+00  3.4761532094E+00  3.5353324101E-01 -9.6354292980E+00
  1.2750036587E+00 -2.9397569350E+00  3.4973827512E+00  3.5939165378E-01 -1.2507667228E+01
  1.2677654450E+00 -2.9507978447E+00  3.5186126023E+00  3.6434441554E-01 -1.5623727432E+01
  1.2605267689E+00 -2.9618380038E+00  3.5398426860E+00  3.6737455963E-01 -1.8581396974E+01
  1.2532874489E+00 -2.9728774095E+00  3.5610729420E+00  3.6745798039E-01 -2.0896329452E+01
  1.2460468976E+00 -2.9839158576E+00  3.5823032759E+00  3.6376078406E-01 -2.2121314242E+01
  1.2431494963E+00 -2.9883306276E+00  3.5907953233E+00  3.6110522800E-01 -2.2236091483E+01
</Path of -GradDelSqRho>
<Path of -GradDelSqRho>
Starting CP# =      3
Ending CP# =     21
Number of Points =     19
  1.4498726455E+00 -2.6740129106E+00  2.9886595986E+00  4.0426088729E-01 -9.1452840961E-01
  1.4572762462E+00 -2.6629519970E+00  2.9674973002E+00  4.1603071317E-01 -9.2383037055E-01
  1.4646914877E+00 -2.6518943996E+00  2.9463373446E+00  4.2885604075E-01 -9.5216142035E-01
  1.4721167596E+00 -2.6408398548E+00  2.9251793114E+00  4.4275576453E-01 -1.0002395291E+00
  1.4795500695E+00 -2.6297879335E+00  2.9040227300E+00  4.5774294299E-01 -1.0688094431E+00
  1.4869890515E+00 -2.6187380344E+00  2.8828670860E+00  4.7382391869E-01 -1.1585155000E+00
  1.4944309486E+00 -2.6076893737E+00  2.8617118204E+00  4.9099743610E-01 -1.2697438751E+00
  1.5018725499E+00 -2.5966409654E+00  2.8405563189E+00  5.0925385515E-01 -1.4024380324E+00
  1.5093100627E+00 -2.5855915853E+00  2.8193998872E+00  5.2857457889E-01 -1.5558936088E+00
  1.5167388855E+00 -2.5745397114E+00  2.7982417053E+00  5.4893183140E-01 -1.7285416299E+00
  1.5241532272E+00 -2.5634834259E+00  2.7770807493E+00  5.7028893611E-01 -1.9177312825E+00
  1.5315454598E+00 -2.5524202547E+00  2.7559156584E+00  5.9260125302E-01 -2.1195246345E+00
  1.5389049751E+00 -2.5413468944E+00  2.7347444969E+00  6.1581793328E-01 -2.3285142676E+00
  1.5462160126E+00 -2.5302587133E+00  2.7135643022E+00  6.3988463656E-01 -2.5376681335E+00
  1.5534530764E+00 -2.5191487433E+00  2.6923701358E+00  6.6474731324E-01 -2.7381892835E+00
  1.5605696770E+00 -2.5080053193E+00  2.6711527879E+00  6.9035698454E-01 -2.9193433268E+00
  1.5674633064E+00 -2.4968051798E+00  2.6498918894E+00  7.1667448734E-01 -3.0681423852E+00
  1.5738059484E+00 -2.4854838313E+00  2.6285255662E+00  7.4366388606E-01 -3.1686841723E+00
  1.5668378601E+00 -2.4764164491E+00  2.6041819189E+00  7.6828275533E-01 -3.2029939859E+00
</Path of -GradDelSqRho>
<Path of -GradDelSqRho>
Starting CP# =      4
Ending CP# =      0
Number of Points =     30
  2.8240871598E+00 -2.6298824627E+00  1.6952501337E+00  4.0405116496E-01 -9.1014948802E-01
  2.8460215324E+00 -2.6400287539E+00  1.6888520050E+00  3.9332002107E-01 -9.1927908033E-01
  2.8679588900E+00 -2.6501789068E+00  1.6824702566E+00  3.8359162957E-01 -9.4642983102E-01
  2.8898993804E+00 -2.6603328311E+00  1.6761052995E+00  3.7483406203E-01 -9.9140174599E-01
  2.9118430720E+00 -2.6704902987E+00  1.6697570537E+00  3.6701179675E-01 -1.0541878841E+00
  2.9337899501E+00 -2.6806509750E+00  1.6634249786E+00  3.6008585668E-01 -1.1349113044E+00
  2.9557399168E+00 -2.6908144580E+00  1.6571081314E+00  3.5401381544E-01 -1.2336949466E+00
  2.9776927933E+00 -2.7009803229E+00  1.6508052442E+00  3.4874975857E-01 -1.3504385532E+00
  2.9996483239E+00 -2.7111481701E+00  1.6445148112E+00  3.4424435443E-01 -1.4844740020E+00
  3.0216061766E+00 -2.7213176779E+00  1.6382351769E+00  3.4044528515E-01 -1.6340863171E+00
  3.0435659390E+00 -2.7314886589E+00  1.6319646126E+00  3.3729840820E-01 -1.7959428214E+00
  3.0655271036E+00 -2.7416611276E+00  1.6257013764E+00  3.3475013922E-01 -1.9645905612E+00
  3.0874890399E+00 -2.7518353868E+00  1.6194437572E+00  3.3275160105E-01 -2.1323718218E+00
  3.1094509711E+00 -2.7620121236E+00  1.6131901499E+00  3.3126496090E-01 -2.2903364397E+00
  3.1314120866E+00 -2.7721923612E+00  1.6069393765E+00  3.3027192778E-01 -2.4308911849E+00
  3.1533723604E+00 -2.7823764557E+00  1.6006919298E+00  3.2978347656E-01 -2.5528343329E+00
  3.1753349111E+00 -2.7925604922E+00  1.5944523982E+00  3.2984849679E-01 -2.6688687508E+00
  3.1973057784E+00 -2.8027351402E+00  1.5882268474E+00  3.3055747199E-01 -2.8145736201E+00
  3.2192862903E+00 -2.8128964800E+00  1.5820136157E+00  3.3203603586E-01 -3.0563168294E+00
  3.2412729336E+00 -2.8230483945E+00  1.5758066729E+00  3.3442312840E-01 -3.4941938976E+00
  3.2632627150E+00 -2.8331950211E+00  1.5696022002E+00  3.3783028612E-01 -4.2554215375E+00
  3.2852540957E+00 -2.8433386846E+00  1.5633985510E+00  3.4228285043E-01 -5.4742282475E+00
  3.3072463459E+00 -2.8534805554E+00  1.5571950529E+00  3.4765043395E-01 -7.2565926317E+00
  3.3292391073E+00 -2.8636212323E+00  1.5509914153E+00  3.5358186346E-01 -9.6327483611E+00
  3.3512321932E+00 -2.8737610320E+00  1.5447874944E+00  3.5946688125E-01 -1.2507672236E+01
  3.3732254991E+00 -2.8839001203E+00  1.5385831909E+00  3.6444950753E-01 -1.5628522835E+01
  3.3952189593E+00 -2.8940385672E+00  1.5323783860E+00  3.6751160883E-01 -1.8593044095E+01
  3.4172125180E+00 -2.9041763521E+00  1.5261728488E+00  3.6762697889E-01 -2.0916205506E+01
  3.4392060803E+00 -2.9143132475E+00  1.5199658714E+00  3.6395892643E-01 -2.2149500113E+01
  3.4480033909E+00 -2.9183673833E+00  1.5174816599E+00  3.6131356788E-01 -2.2267265080E+01
</Path of -GradDelSqRho>
<Path of -GradDelSqRho>
Starting CP# =      4
Ending CP# =     19
Number of Points =     18
  2.8240871598E+00 -2.6298824627E+00  1.6952501337E+00  4.0405116496E-01 -9.1014948802E-01
  2.8021554635E+00 -2.6197398408E+00  1.7016632372E+00  4.1581308404E-01 -9.1944761012E-01
  2.7802262668E+00 -2.6096007739E+00  1.7080904946E+00  4.2862940256E-01 -9.4776024155E-01
  2.7582992467E+00 -2.5994648345E+00  1.7145300993E+00  4.4251867878E-01 -9.9579270821E-01
  2.7363740465E+00 -2.5893314012E+00  1.7209798373E+00  4.5749360686E-01 -1.0642735440E+00
  2.7144502861E+00 -2.5791996492E+00  1.7274371067E+00  4.7356014037E-01 -1.1538266890E+00
  2.6925275677E+00 -2.5690685318E+00  1.7338989079E+00  4.9071661545E-01 -1.2648131768E+00
  2.6706054745E+00 -2.5589367482E+00  1.7403617859E+00  5.0895297230E-01 -1.3971461115E+00
  2.6486835610E+00 -2.5488026866E+00  1.7468217008E+00  5.2825019344E-01 -1.5500851813E+00
  2.6267613303E+00 -2.5386643300E+00  1.7532737949E+00  5.4858009523E-01 -1.7220195946E+00
  2.6048381932E+00 -2.5285191036E+00  1.7597119940E+00  5.6990562303E-01 -1.9102506121E+00
  2.5829133957E+00 -2.5183636206E+00  1.7661283284E+00  5.9218180829E-01 -2.1107859435E+00
  2.5609858905E+00 -2.5081932405E+00  1.7725117226E+00  6.1535754555E-01 -2.3181567374E+00
  2.5390540917E+00 -2.4980012440E+00  1.7788456828E+00  6.3937833262E-01 -2.5252610315E+00
  2.5171153656E+00 -2.4877771187E+00  1.7851033717E+00  6.6419006775E-01 -2.7232205011E+00
  2.4951648207E+00 -2.4775024031E+00  1.7912353537E+00  6.8974379843E-01 -2.9012019636E+00
  2.4731918199E+00 -2.4671379444E+00  1.7971306495E+00  7.1600014088E-01 -3.0460905896E+00
  2.4297198709E+00 -2.4466253262E+00  1.7943401762E+00  7.6549092758E-01 -3.1711050882E+00
</Path of -GradDelSqRho>
<Path of -GradDelSqRho>
Starting CP# =      5
Ending CP# =      1
Number of Points =      7
  1.7490835793E+00 -2.3062436965E+00  1.9417561607E+00  2.2532876898E+01  1.2305528054E+03
  1.7575639837E+00 -2.2847794330E+00  1.9513669879E+00  3.2753122518E+01  9.7985072316E+02
  1.7660258993E+00 -2.2632993598E+00  1.9609587761E+00  4.7982464176E+01 -7.9377881883E+02
  1.7744796677E+00 -2.2418123346E+00  1.9705421754E+00  7.0605153961E+01 -6.3779977737E+03
  1.7829275683E+00 -2.2203203083E+00  1.9801195320E+00  1.0418295578E+02 -2.0593190498E+04
  1.7913657815E+00 -2.1988200322E+00  1.9896869078E+00  1.5455973078E+02 -7.5175252862E+04
  1.8060201108E+00 -2.1614286408E+00  2.0063038023E+00  2.9716290217E+02 -3.3276414150E+06
</Path of -GradDelSqRho>
<Path of -GradDelSqRho>
Starting CP# =      5
Ending CP# =     13
Number of Points =     33
  1.7490835793E+00 -2.3062436965E+00  1.9417561607E+00  2.2532876898E+01  1.2305528054E+03
  1.7405813646E+00 -2.3276892558E+00  1.9321228720E+00  1.5626541949E+01  1.1488347842E+03
  1.7320692672E+00 -2.3491263183E+00  1.9224794004E+00  1.0943939378E+01  9.7928320942E+02
  1.7235545428E+00 -2.3705611172E+00  1.9128332166E+00  7.7786735218E+00  7.7138824560E+02
  1.7150338408E+00 -2.3919907656E+00  1.9031808703E+00  5.6470914741E+00  5.7095874633E+02
  1.7065013906E+00 -2.4134102793E+00  1.8935164161E+00  4.2124213498E+00  4.0687180240E+02
  1.6979508662E+00 -2.4348141658E+00  1.8838333344E+00  3.2441446538E+00  2.8430810222E+02
  1.6893758718E+00 -2.4561968243E+00  1.8741250282E+00  2.5874683745E+00  1.9614100367E+02
  1.6807704182E+00 -2.4775529438E+00  1.8643853123E+00  2.1390905503E+00  1.3318871853E+02
  1.6721285994E+00 -2.4988772085E+00  1.8546080768E+00  1.8297366719E+00  8.8265703822E+01
  1.6634431119E+00 -2.5201629735E+00  1.8447857571E+00  1.6126375989E+00  5.6481670667E+01
  1.6547031121E+00 -2.5414002986E+00  1.8349071175E+00  1.4561977317E+00  3.4453788842E+01
  1.6458916447E+00 -2.5625734774E+00  1.8249545851E+00  1.3392463539E+00  1.9643470149E+01
  1.6369820147E+00 -2.5836573633E+00  1.8149004815E+00  1.2478141955E+00  1.0038746735E+01
  1.6279316067E+00 -2.6046107755E+00  1.8047005998E+00  1.1728579520E+00  4.0496907583E+00
  1.6186700826E+00 -2.6253630982E+00  1.7942819452E+00  1.1086389464E+00  4.6956419364E-01
  1.6090741497E+00 -2.6457831358E+00  1.7835165574E+00  1.0515947589E+00 -1.5693141228E+00
  1.5989036392E+00 -2.6655902877E+00  1.7721553766E+00  9.9961468490E-01 -2.6574317062E+00
  1.5875923120E+00 -2.6839986469E+00  1.7596131723E+00  9.5180965097E-01 -3.1775148694E+00
  1.5734410184E+00 -2.6971612063E+00  1.7441650795E+00  9.1107065878E-01 -3.3747173702E+00
  1.5573313469E+00 -2.6911984953E+00  1.7270511224E+00  8.9843886429E-01 -3.4478368302E+00
  1.5435629908E+00 -2.6761844405E+00  1.7125806612E+00  9.0139333773E-01 -3.5085854477E+00
  1.5304430741E+00 -2.6600106760E+00  1.6987527699E+00  9.0502868883E-01 -3.5645845490E+00
  1.5177278239E+00 -2.6432105725E+00  1.6852982186E+00  9.0816509428E-01 -3.6156427977E+00
  1.5054143670E+00 -2.6258242363E+00  1.6722199787E+00  9.1073688711E-01 -3.6615647092E+00
  1.4935110261E+00 -2.6078690141E+00  1.6595366638E+00  9.1273758676E-01 -3.7022023837E+00
  1.4820247035E+00 -2.5893617584E+00  1.6472691650E+00  9.1416763545E-01 -3.7374576312E+00
  1.4709600071E+00 -2.5703196707E+00  1.6354405311E+00  9.1503244758E-01 -3.7672825109E+00
  1.4603187331E+00 -2.5507604043E+00  1.6240764207E+00  9.1534221061E-01 -3.7916789613E+00
  1.4500992777E+00 -2.5307021630E+00  1.6132056535E+00  9.1511167282E-01 -3.8106975834E+00
  1.4402960054E+00 -2.5101638275E+00  1.6028608208E+00  9.1435988105E-01 -3.8244356362E+00
  1.4308987349E+00 -2.4891651273E+00  1.5930788189E+00  9.1310987300E-01 -3.8330343106E+00
  1.4196006181E+00 -2.4620500061E+00  1.5816047708E+00  9.1086392856E-01 -3.8368361021E+00
</Path of -GradDelSqRho>
<Path of -GradDelSqRho>
Starting CP# =      8
Ending CP# =     12
Number of Points =     30
  1.8951793990E+00 -2.0579898716E+00  2.1040818103E+00  2.2644342186E+01  1.2418494290E+03
  1.9084060328E+00 -2.0425129513E+00  2.1185911515E+00  1.5697242863E+01  1.1584417822E+03
  1.9216238257E+00 -2.0270201458E+00  2.1330915972E+00  1.0990737773E+01  9.8699370670E+02
  1.9348392535E+00 -2.0115230792E+00  2.1475896450E+00  7.8120022557E+00  7.7738127616E+02
  1.9480496006E+00 -1.9960168834E+00  2.1620825604E+00  5.6735801614E+00  5.7518326455E+02
  1.9612499330E+00 -1.9804927287E+00  2.1765653701E+00  4.2361746637E+00  4.0948709319E+02
  1.9744347754E+00 -1.9649408565E+00  2.1910325418E+00  3.2675376538E+00  2.8565187212E+02
  1.9875985130E+00 -1.9493513262E+00  2.2054783824E+00  2.6117314924E+00  1.9656607253E+02
  2.0007357758E+00 -1.9337147261E+00  2.2198974218E+00  2.1647298648E+00  1.3298332013E+02
  2.0138411374E+00 -1.9180216589E+00  2.2342841038E+00  1.8568176980E+00  8.7646976175E+01
  2.0269077755E+00 -1.9022604220E+00  2.2486314239E+00  1.6409715300E+00  5.5612070205E+01
  2.0399254490E+00 -1.8864135873E+00  2.2629288605E+00  1.4854644386E+00  3.3455143344E+01
  2.0528778855E+00 -1.8704537721E+00  2.2771596818E+00  1.3690766121E+00  1.8604728921E+01
  2.0657387756E+00 -1.8543374853E+00  2.2912967927E+00  1.2778442042E+00  9.0207697094E+00
  2.0784643548E+00 -1.8379943398E+00  2.3052950159E+00  1.2027647735E+00  3.0899321557E+00
  2.0909776977E+00 -1.8213057599E+00  2.3190747080E+00  1.1381654748E+00 -4.1266762696E-01
  2.1031300291E+00 -1.8040574927E+00  2.3324812674E+00  1.0805795893E+00 -2.3676412921E+00
  2.1145802314E+00 -1.7858132432E+00  2.3451585249E+00  1.0280811437E+00 -3.3742024879E+00
  2.1242385783E+00 -1.7654990732E+00  2.3559604002E+00  9.8051043953E-01 -3.8223467585E+00
  2.1265240053E+00 -1.7414994063E+00  2.3589267478E+00  9.4718053866E-01 -3.9775706946E+00
