 AIMInt (Version 19.02.13, Professional)
 Portions Copyright (c) 1997-2019 by Todd A. Keith
 AIMInt is a component of the AIMAll package ( http://aim.tkgristmill.com )

 TP:  64-bit Linux

 Licensed To:  Research Group of Fernando Cortes Guzman, UNAM, fercor@unam.mx

 AIMInt is a heavily modified and extended version of the PROAIMV program
 developed by members of R.F.W. Bader's research group

 Much of the Quantum Theory of Atoms in Molecules (QTAIM) is described in the book:
   "Atoms in Molecules - A Quantum Theory"
   R.F.W. Bader, Oxford University Press, Oxford, 1990

 For additional references see:  http://aim.tkgristmill.com/references.html

 Current Directory:  /home/scratch/M_H2O_4_tetraedrico/Opt

 Inp File:  Mn3_tetraedrico_cc-pvtz-def2-tzv_1_atomicfiles/o8.inp
 Wfx File:  Mn3_tetraedrico_cc-pvtz-def2-tzv_1.wfx
 Out File:  Mn3_tetraedrico_cc-pvtz-def2-tzv_1_atomicfiles/o8.int

 Wfx Title:   Mn3_tetraedrico_cc-pvtz-def2-tzv_1                                            
 Job Title:   Mn3_tetraedrico_cc-pvtz-def2-tzv_1                                            
 
<Atom>
O8      
</Atom>
<Nuclei of Molecule>
    13
Mn1       25.0          -2.3417154361E-05   5.1701735360E-05  -2.4150699978E-05
O2         8.0          -1.8201651221E+00   2.1677096249E+00   1.9868035375E+00
H3         1.0          -3.4659205552E+00   2.9278486125E+00   1.4822867789E+00
O4         8.0           2.1715928313E+00   1.8100777495E+00  -1.9917644655E+00
H5         1.0           3.0096016588E+00   1.2470439200E+00  -3.5805527699E+00
O6         8.0           1.8060200415E+00  -2.1614284424E+00   2.0063037349E+00
H7         1.0           1.2406471022E+00  -2.9921569017E+00   3.5981866171E+00
O8         8.0          -2.1575423074E+00  -1.8161512936E+00  -2.0014386349E+00
H9         1.0          -2.9833789890E+00  -1.2590542798E+00  -3.5987373777E+00
H10        1.0           2.9312054045E+00   3.4579546522E+00  -1.4934321947E+00
H11        1.0           3.4557566507E+00  -2.9219309101E+00   1.5153137115E+00
H12        1.0          -1.2664886975E+00   3.0001628647E+00   3.5818141621E+00
H13        1.0          -2.9200806913E+00  -3.4628216086E+00  -1.5035085357E+00
</Nuclei of Molecule>
<Total Number of CPs of DelSqRho>
    38
</Total Number of CPs of DelSqRho>
<Number of (3,+3) CPs of DelSqRho>
     5
</Number of (3,+3) CPs of DelSqRho>
<Number of (3,+1) CPs of DelSqRho>
    14
</Number of (3,+1) CPs of DelSqRho>
<Number of (3,-1) CPs of DelSqRho>
    14
</Number of (3,-1) CPs of DelSqRho>
<Number of (3,-3) CPs of DelSqRho>
     5
</Number of (3,-3) CPs of DelSqRho>
<Number of Degenerate CPs of DelSqRho>
     0
</Number of Degenerate CPs of DelSqRho>
<CP of DelSqRho>
CP# = 1       
Type = (3,+3)
Coords = -2.15754250553381E+00 -1.81615136313658E+00 -2.00143870263779E+00
DistFromNuc =  2.2061680340E-07
Rho =  2.9716280634E+02
DelSqRho = -3.3276404619E+06
GradDelSqRho =  8.2346305135E-06  4.1970924940E-06  8.5734645836E-06
HessDelSqRho_EigVals =  1.3233208283E+11  1.3233210438E+11  1.3233210944E+11
HessDelSqRho_EigVec1 =  7.4799362457E-01 -4.4681743218E-01 -4.9077461211E-01
HessDelSqRho_EigVec2 =  6.6363563241E-01  5.1426854880E-01  5.4324543911E-01
HessDelSqRho_EigVec3 =  9.6584154124E-03 -7.3203964511E-01  6.8119356500E-01
</CP of DelSqRho>
<CP of DelSqRho>
CP# = 2       
Type = (3,-1)
Coords = -1.11535143140845E+00 -1.33138007949434E+00 -1.00635596822610E+00
DistFromNuc =  1.5203139365E+00
Rho =  1.4510817726E-01
DelSqRho =  3.4883049361E-01
GradDelSqRho =  1.3877787808E-17 -6.9388939039E-16 -7.9797279895E-16
HessDelSqRho_EigVals = -5.0667734939E-01 -2.6691908091E-01  5.0515069591E+00
HessDelSqRho_EigVec1 =  7.1058390389E-01 -7.0005921342E-01 -7.0623036234E-02
HessDelSqRho_EigVec2 = -3.4112000133E-01 -4.3054733675E-01  8.3562320187E-01
HessDelSqRho_EigVec3 =  6.1539228158E-01  5.6968946675E-01  5.4474420717E-01
</CP of DelSqRho>
<CP of DelSqRho>
CP# = 3       
Type = (3,+1)
Coords = -2.66711299119055E+00 -1.46511635932299E+00 -2.98718238635198E+00
DistFromNuc =  1.1638636304E+00
Rho =  4.0427617412E-01
DelSqRho = -9.1463467313E-01
GradDelSqRho = -5.5844218139E-14  4.7489789878E-14 -1.1762812946E-13
HessDelSqRho_EigVals = -2.9470775082E+01  1.3972413917E+01  1.4733513130E+01
HessDelSqRho_EigVec1 =  4.3990749935E-01 -2.9151133160E-01  8.4941305356E-01
HessDelSqRho_EigVec2 =  7.1184196033E-01 -4.6346168557E-01 -5.2771610694E-01
HessDelSqRho_EigVec3 =  5.4750563059E-01  8.3679412615E-01  3.6297265996E-03
</CP of DelSqRho>
<CP of DelSqRho>
CP# = 4       
Type = (3,+1)
Coords = -2.62727734044429E+00 -2.83229598494259E+00 -1.68610333108273E+00
DistFromNuc =  1.1630294016E+00
Rho =  4.0406889728E-01
DelSqRho = -9.1029904702E-01
GradDelSqRho = -1.8798851364E-13 -4.1255887595E-13  1.5498713424E-13
HessDelSqRho_EigVals = -2.9464035198E+01  1.3962031133E+01  1.4704707535E+01
HessDelSqRho_EigVec1 =  4.0685600834E-01  8.7573175119E-01 -2.5992708293E-01
HessDelSqRho_EigVec2 =  7.0456232759E-01 -4.8193867169E-01 -5.2089062506E-01
HessDelSqRho_EigVec3 =  5.8142937235E-01 -2.8792649940E-02  8.1308724519E-01
</CP of DelSqRho>
<CP of DelSqRho>
CP# = 5       
Type = (3,+1)
Coords = -2.30249848893016E+00 -1.75877550164738E+00 -1.93760187528634E+00
DistFromNuc =  1.6846188868E-01
Rho =  2.2533017095E+01
DelSqRho =  1.2305630009E+03
GradDelSqRho = -1.8786749933E-11  5.1088022701E-12  5.5990767578E-12
HessDelSqRho_EigVals = -4.0960300025E+05  2.7090711002E+03  3.2248181866E+03
HessDelSqRho_EigVec1 =  8.5900752577E-01 -3.4230810427E-01 -3.8069834832E-01
HessDelSqRho_EigVec2 =  5.1196268805E-01  5.7358432018E-01  6.3944916427E-01
HessDelSqRho_EigVec3 =  5.2602787700E-04  7.4419499420E-01 -6.6796222491E-01
</CP of DelSqRho>
<CP of DelSqRho>
CP# = 6       
Type = (3,-1)
Coords = -2.25368333304020E+00 -1.91033225636111E+00 -2.10270739585988E+00
DistFromNuc =  1.6842954758E-01
Rho =  2.2403292568E+01
DelSqRho =  1.2609708552E+03
GradDelSqRho = -2.5011104299E-12 -3.6948222260E-13 -8.0149220594E-12
HessDelSqRho_EigVals = -4.1505536989E+05 -2.0881710934E+03  8.0413100014E+02
HessDelSqRho_EigVec1 =  5.6949137812E-01  5.5972564244E-01  6.0198569372E-01
HessDelSqRho_EigVec2 =  8.2198747154E-01 -3.8419894447E-01 -4.2039001856E-01
HessDelSqRho_EigVec3 = -4.0208051029E-03  7.3423318930E-01 -6.7888545194E-01
</CP of DelSqRho>
<CP of DelSqRho>
CP# = 7       
Type = (3,+1)
Coords = -2.05387453226892E+00 -1.90589338512325E+00 -2.09843852149037E+00
DistFromNuc =  1.6795722251E-01
Rho =  2.2644256783E+01
DelSqRho =  1.2418362345E+03
GradDelSqRho = -7.4003025929E-12 -4.6611603466E-12  1.5916157281E-12
HessDelSqRho_EigVals = -4.2140897951E+05  2.3049514503E+03  2.8552462661E+03
HessDelSqRho_EigVec1 =  6.1981595111E-01 -5.3287250805E-01 -5.7608599784E-01
HessDelSqRho_EigVec2 =  7.8472031374E-01  4.1478555412E-01  4.6061586305E-01
HessDelSqRho_EigVec3 = -6.4973803549E-03 -7.3756344422E-01  6.7524658444E-01
</CP of DelSqRho>
<CP of DelSqRho>
CP# = 8       
Type = (3,-3)
Coords = -2.05121376192578E+00 -1.79613649309939E+00 -1.87384919101944E+00
DistFromNuc =  1.6728842765E-01
Rho =  2.2647688034E+01
DelSqRho =  1.2880786104E+03
GradDelSqRho =  1.2960299500E-11  1.7621459847E-12  1.1368683772E-12
HessDelSqRho_EigVals = -4.4280752833E+05 -3.1842524277E+03 -1.1777660325E+02
HessDelSqRho_EigVec1 =  6.3681293732E-01  1.2054572842E-01  7.6153661122E-01
HessDelSqRho_EigVec2 =  7.1840034340E-01 -4.5139055939E-01 -5.2928962723E-01
HessDelSqRho_EigVec3 =  2.7994683327E-01  8.8414664522E-01 -3.7405144070E-01
</CP of DelSqRho>
<CP of DelSqRho>
CP# = 9       
Type = (3,-3)
Coords = -2.05965816341610E+00 -1.68077019663634E+00 -1.99226619370818E+00
DistFromNuc =  1.6731252413E-01
Rho =  2.2637277558E+01
DelSqRho =  1.2885234962E+03
GradDelSqRho = -8.6970430857E-12  1.7053025658E-12  4.5474735089E-13
HessDelSqRho_EigVals = -4.4233008382E+05 -3.2402956928E+03 -2.7644234401E+02
HessDelSqRho_EigVec1 =  5.8649393740E-01  8.0802416767E-01  5.5873122868E-02
HessDelSqRho_EigVec2 =  7.2164299490E-01 -4.8997985318E-01 -4.8903080822E-01
HessDelSqRho_EigVec3 =  3.6777200724E-01 -3.2713405194E-01  8.7047519364E-01
</CP of DelSqRho>
<CP of DelSqRho>
CP# = 10      
Type = (3,-1)
Coords = -2.04178593731115E+00 -1.75336131049636E+00 -1.89836230957749E+00
DistFromNuc =  1.6723291555E-01
Rho =  2.2666727963E+01
DelSqRho =  1.2880342669E+03
GradDelSqRho = -1.1368683772E-12 -2.6147972676E-12  3.1832314562E-12
HessDelSqRho_EigVals = -4.4408906689E+05 -3.1276391225E+03  8.9557090211E+01
HessDelSqRho_EigVec1 =  6.9299236104E-01  3.7546266464E-01  6.1545867042E-01
HessDelSqRho_EigVec2 = -7.1516040274E-01  4.6593435169E-01  5.2100938405E-01
HessDelSqRho_EigVec3 =  9.1143764957E-02  8.0120719379E-01 -5.9140497692E-01
</CP of DelSqRho>
<CP of DelSqRho>
CP# = 11      
Type = (3,+3)
Coords = -1.58337795568748E+00 -1.99959856870345E+00 -2.20491973437812E+00
DistFromNuc =  6.3617777656E-01
Rho =  9.6193786522E-01
DelSqRho = -4.4129974850E+00
GradDelSqRho =  3.2933655802E-12  3.5527136788E-13  3.2684965845E-13
HessDelSqRho_EigVals =  1.2733471282E+01  2.1701393829E+01  3.4279315119E+02
HessDelSqRho_EigVec1 =  4.5047247432E-01  6.1777878804E-01  6.4453387725E-01
HessDelSqRho_EigVec2 =  1.2198509966E-02 -7.2612359898E-01  6.8745597340E-01
HessDelSqRho_EigVec3 =  8.9270697669E-01 -3.0181764040E-01 -3.3463467500E-01
</CP of DelSqRho>
<CP of DelSqRho>
CP# = 12      
Type = (3,+3)
Coords = -2.45924193247492E+00 -1.42729329647446E+00 -1.57976490818879E+00
DistFromNuc =  6.4810642451E-01
Rho =  9.1091961310E-01
DelSqRho = -3.8372465534E+00
GradDelSqRho =  3.5527136788E-15 -1.6875389974E-14 -1.2434497876E-14
HessDelSqRho_EigVals =  7.4912325520E+00  1.7524527481E+01  2.8735561652E+02
HessDelSqRho_EigVec1 =  8.6948887962E-01  3.5009289319E-01  3.4845954480E-01
HessDelSqRho_EigVec2 = -1.8366144719E-02  7.2787737447E-01 -6.8546131362E-01
HessDelSqRho_EigVec3 = -4.9361095303E-01  5.8960113117E-01  6.3931113956E-01
</CP of DelSqRho>
<CP of DelSqRho>
CP# = 13      
Type = (3,-1)
Coords = -1.97858445962086E+00 -1.18923034935096E+00 -2.29307012263663E+00
DistFromNuc =  7.1421614809E-01
Rho =  6.7842598344E-01
DelSqRho = -1.0573168375E+00
GradDelSqRho =  9.3258734069E-15  1.6986412277E-14 -7.1054273576E-15
HessDelSqRho_EigVals = -1.5332996019E+01 -1.1650968182E+01  1.4435535427E+02
HessDelSqRho_EigVec1 =  6.6335039565E-01  1.3816871860E-01  7.3544249116E-01
HessDelSqRho_EigVec2 = -7.0066560820E-01  4.5976247072E-01  5.4560624631E-01
HessDelSqRho_EigVec3 =  2.6274314089E-01  8.7722737972E-01 -4.0179368610E-01
</CP of DelSqRho>
<CP of DelSqRho>
CP# = 14      
Type = (3,-1)
Coords = -2.62514287915051E+00 -2.20388121455104E+00 -2.39180222405317E+00
DistFromNuc =  7.2205852811E-01
Rho =  6.6986830398E-01
DelSqRho = -1.0094331124E+00
GradDelSqRho = -2.1316282073E-14  1.1990408666E-14 -6.2172489379E-15
HessDelSqRho_EigVals = -1.9372326819E+01 -6.6113016243E+00  1.3654601986E+02
HessDelSqRho_EigVec1 =  2.3965416024E-02 -7.2441916225E-01  6.8894305730E-01
HessDelSqRho_EigVec2 = -7.6577799167E-01  4.2970711489E-01  4.7847242647E-01
HessDelSqRho_EigVec3 =  6.4265832782E-01  5.3904422155E-01  5.4444614141E-01
</CP of DelSqRho>
<CP of DelSqRho>
CP# = 15      
Type = (3,-1)
Coords = -1.95541696455768E+00 -2.13253239740293E+00 -1.39451643063742E+00
DistFromNuc =  7.1365693380E-01
Rho =  6.8126248122E-01
DelSqRho = -1.0726055893E+00
GradDelSqRho = -6.2172489379E-15 -1.7319479184E-14  2.6256774532E-14
HessDelSqRho_EigVals = -1.5246580965E+01 -1.1919361287E+01  1.4503461227E+02
HessDelSqRho_EigVec1 =  6.4754278535E-01  7.4579057512E-01  1.5647606594E-01
HessDelSqRho_EigVec2 = -7.0219891058E-01  5.0422886127E-01  5.0266285466E-01
HessDelSqRho_EigVec3 =  2.9598147092E-01 -4.3537302803E-01  8.5020309064E-01
</CP of DelSqRho>
<CP of DelSqRho>
CP# = 16      
Type = (3,+1)
Coords = -2.65711338370318E+00 -2.06946204294850E+00 -1.60864909750358E+00
DistFromNuc =  6.8412076180E-01
Rho =  7.9923624698E-01
DelSqRho = -2.6819810039E+00
GradDelSqRho = -1.0214051827E-14 -1.5543122345E-15  7.5495165675E-15
HessDelSqRho_EigVals = -1.1101895898E+01  1.3546272603E+01  1.9722700774E+02
HessDelSqRho_EigVec1 = -1.9083394928E-01  9.5728595563E-01  2.1722339412E-01
HessDelSqRho_EigVec2 =  6.2760378988E-01 -5.1167373932E-02  7.7684965262E-01
HessDelSqRho_EigVec3 =  7.5478201272E-01  2.8457951261E-01 -5.9103182171E-01
</CP of DelSqRho>
<CP of DelSqRho>
CP# = 17      
Type = (3,+1)
Coords = -2.67848019432191E+00 -1.42933048911320E+00 -2.21380630359617E+00
DistFromNuc =  6.8272003300E-01
Rho =  8.0270641023E-01
DelSqRho = -2.7067111858E+00
GradDelSqRho = -5.2402526762E-14  2.2648549702E-14 -1.8318679906E-14
HessDelSqRho_EigVals = -1.1006057050E+01  1.3756792757E+01  1.9959823115E+02
HessDelSqRho_EigVec1 = -1.6384328158E-01  1.5650989941E-01  9.7399180205E-01
HessDelSqRho_EigVec2 =  5.9808512513E-01  8.0094003504E-01 -2.8093475425E-02
HessDelSqRho_EigVec3 =  7.8450593508E-01 -5.7792708160E-01  2.2483488647E-01
</CP of DelSqRho>
<CP of DelSqRho>
CP# = 18      
Type = (3,+1)
Coords = -1.71496815703414E+00 -1.45400276282077E+00 -1.63138521102421E+00
DistFromNuc =  6.8114827568E-01
Rho =  8.1304756885E-01
DelSqRho = -3.1156071578E+00
GradDelSqRho =  0.0000000000E+00  1.7763568394E-15 -3.5527136788E-15
HessDelSqRho_EigVals = -5.6259179133E+00  1.7184974898E+01  2.1212729235E+02
HessDelSqRho_EigVec1 =  7.5533337752E-01 -4.4200348219E-01 -4.8384337397E-01
HessDelSqRho_EigVec2 =  1.6691213143E-02 -7.2509326975E-01  6.8844836667E-01
HessDelSqRho_EigVec3 =  6.5512814945E-01  5.2808396293E-01  5.4030957413E-01
</CP of DelSqRho>
<CP of DelSqRho>
CP# = 19      
Type = (3,+1)
Coords = -2.06913116656374E+00 -1.79363942694696E+00 -2.68130785766420E+00
DistFromNuc =  6.8596317247E-01
Rho =  7.9474545041E-01
DelSqRho = -2.6735599938E+00
GradDelSqRho = -6.8833827527E-15  1.4210854715E-14  3.5527136788E-14
HessDelSqRho_EigVals = -1.2891172788E+01  1.4657816719E+01  1.9701469570E+02
HessDelSqRho_EigVec1 =  8.6442980375E-01 -4.6418532595E-01  1.9311420861E-01
HessDelSqRho_EigVec2 =  4.5616551346E-01  8.8564294315E-01  8.6888443317E-02
HessDelSqRho_EigVec3 = -2.1136257646E-01  1.2983082122E-02  9.7732149309E-01
</CP of DelSqRho>
<CP of DelSqRho>
CP# = 20      
Type = (3,+3)
Coords = -2.44357104172002E+00 -2.43857363647328E+00 -1.78686451962451E+00
DistFromNuc =  7.1781896099E-01
Rho =  7.6550829437E-01
DelSqRho = -3.1713125601E+00
GradDelSqRho =  1.6875389974E-14 -4.2410519541E-14 -1.1102230246E-14
HessDelSqRho_EigVals =  1.1056821137E+01  2.3642433985E+01  1.4677719053E+02
HessDelSqRho_EigVec1 =  7.2062391826E-01 -5.0319775389E-01 -4.7696246069E-01
HessDelSqRho_EigVec2 =  5.7028206715E-01  3.8949430475E-02  8.2052501836E-01
HessDelSqRho_EigVec3 =  3.9430893005E-01  8.6329309179E-01 -3.1503254648E-01
</CP of DelSqRho>
<CP of DelSqRho>
CP# = 21      
Type = (3,+1)
Coords = -2.05235574307721E+00 -2.49477053637667E+00 -2.00865267041424E+00
DistFromNuc =  6.8676075335E-01
Rho =  7.9348390086E-01
DelSqRho = -2.6698628078E+00
GradDelSqRho =  1.5656365093E-12 -9.2916785377E-12 -3.3928415633E-13
HessDelSqRho_EigVals = -1.2792143821E+01  1.4580995254E+01  1.9582385525E+02
HessDelSqRho_EigVec1 =  8.4919515776E-01  2.3433762513E-01 -4.7323721481E-01
HessDelSqRho_EigVec2 =  4.7274601456E-01  6.2000025823E-02  8.7901490460E-01
HessDelSqRho_EigVec3 = -2.3532698473E-01  9.7017620783E-01  5.8132056631E-02
</CP of DelSqRho>
<CP of DelSqRho>
CP# = 22      
Type = (3,+3)
Coords = -2.47070198671965E+00 -1.58009703574736E+00 -2.60151902228277E+00
DistFromNuc =  7.1685916933E-01
Rho =  7.6828610611E-01
DelSqRho = -3.2030317885E+00
GradDelSqRho =  1.0214051827E-14 -2.1760371283E-14  4.1300296516E-14
HessDelSqRho_EigVals =  1.1196606246E+01  2.3974537569E+01  1.4785190690E+02
HessDelSqRho_EigVec1 = -7.1522770654E-01  4.2803235600E-01  5.5248314909E-01
HessDelSqRho_EigVec2 =  5.4664598449E-01  8.3516578004E-01  6.0632396393E-02
HessDelSqRho_EigVec3 =  4.3546239269E-01 -3.4537866476E-01  8.3131587407E-01
</CP of DelSqRho>
<CP of DelSqRho>
CP# = 23      
Type = (3,+1)
Coords = -1.50935548065110E+00 -1.05835271453762E+00 -1.24033125086384E+00
DistFromNuc =  1.2544677353E+00
Rho =  2.4351442546E-01
DelSqRho =  3.6707705374E-01
GradDelSqRho =  3.9218628345E-14 -1.1435297154E-14 -2.9976021665E-15
HessDelSqRho_EigVals = -8.1181733495E+00  5.6876091005E-01  1.1020069599E+00
HessDelSqRho_EigVec1 =  4.9689122486E-01  6.2007307088E-01  6.0713136752E-01
HessDelSqRho_EigVec2 =  8.6520038902E-01 -2.9972749304E-01 -4.0198472204E-01
HessDelSqRho_EigVec3 =  6.7285938314E-02 -7.2503297627E-01  6.8541942329E-01
</CP of DelSqRho>
<CP of DelSqRho>
CP# = 24      
Type = (3,-3)
Coords = -1.80075272788693E+00 -2.37997385836126E+00 -1.07119717035580E+00
DistFromNuc =  1.1447898807E+00
Rho =  2.4661254367E-01
DelSqRho =  8.3738602489E-01
GradDelSqRho =  2.5812685323E-15 -2.4980018054E-15  1.8318679906E-15
HessDelSqRho_EigVals = -1.7586723302E+01 -1.7898534759E+00 -5.1808488387E-01
HessDelSqRho_EigVec1 =  3.3318426048E-01 -4.5989461258E-01  8.2309488754E-01
HessDelSqRho_EigVec2 =  6.4961341896E-01  7.4468480171E-01  1.5312397597E-01
HessDelSqRho_EigVec3 = -6.8336714472E-01  4.8367498533E-01  5.4687096658E-01
</CP of DelSqRho>
<CP of DelSqRho>
CP# = 25      
Type = (3,-3)
Coords = -1.83976195129231E+00 -8.56627510147992E-01 -2.53784409666796E+00
DistFromNuc =  1.1442906384E+00
Rho =  2.4593355087E-01
DelSqRho =  8.3558822074E-01
GradDelSqRho =  7.2303274479E-14 -8.4543483325E-13 -8.1240569827E-14
HessDelSqRho_EigVals = -1.7591886637E+01 -1.8272715540E+00 -4.6191790819E-01
HessDelSqRho_EigVec1 =  3.0210799067E-01  8.4897659443E-01 -4.3355449956E-01
HessDelSqRho_EigVec2 =  6.6456987213E-01  1.3849413134E-01  7.3427941592E-01
HessDelSqRho_EigVec3 =  6.8343079169E-01 -5.0995893727E-01 -5.2236408306E-01
</CP of DelSqRho>
<CP of DelSqRho>
CP# = 26      
Type = (3,-3)
Coords = -2.67533741553436E+00 -2.53677176470557E+00 -2.74174046379865E+00
DistFromNuc =  1.1556177721E+00
Rho =  2.4676350738E-01
DelSqRho =  8.7214106255E-01
GradDelSqRho = -3.5249581032E-15 -2.7200464103E-15 -6.2172489379E-15
HessDelSqRho_EigVals = -1.7518505524E+01 -2.8633914835E+00 -1.6199429685E-01
HessDelSqRho_EigVec1 =  4.4794048606E-01  6.2367110118E-01  6.4061195626E-01
HessDelSqRho_EigVec2 =  1.9949259344E-02 -7.2331114047E-01  6.9023403359E-01
HessDelSqRho_EigVec3 =  8.9384078448E-01 -2.9640403445E-01 -3.3644212037E-01
</CP of DelSqRho>
<CP of DelSqRho>
CP# = 27      
Type = (3,-1)
Coords = -2.82821468821875E+00 -1.94046826660334E+00 -1.02789950021348E+00
DistFromNuc =  1.1887113186E+00
Rho =  2.4267551053E-01
DelSqRho =  7.1742648325E-01
GradDelSqRho =  1.1102230246E-16 -1.2975731600E-15 -1.0547118734E-15
HessDelSqRho_EigVals = -1.7007048114E+01 -1.2878530499E+00  3.1079884658E-01
HessDelSqRho_EigVec1 = -5.5030461666E-01 -8.4375254601E-02  8.3068986108E-01
HessDelSqRho_EigVec2 =  1.9993605561E-01  9.5262154064E-01  2.2921119950E-01
HessDelSqRho_EigVec3 = -8.1067280857E-01  2.9222083554E-01 -5.0736237614E-01
</CP of DelSqRho>
<CP of DelSqRho>
CP# = 28      
Type = (3,-1)
Coords = -2.86631261639380E+00 -8.64502411618181E-01 -2.05130761897687E+00
DistFromNuc =  1.1876354074E+00
Rho =  2.4261077436E-01
DelSqRho =  7.2467184654E-01
GradDelSqRho = -8.8817841970E-16  3.1641356202E-15 -1.1136924716E-15
HessDelSqRho_EigVals = -1.7192835600E+01 -1.2901285345E+00  2.8031076158E-01
HessDelSqRho_EigVec1 = -5.8221465557E-01  8.1277592640E-01 -2.0527744887E-02
HessDelSqRho_EigVec2 =  2.2203574280E-01  1.8323769324E-01  9.5766595256E-01
HessDelSqRho_EigVec3 =  7.8212928839E-01  5.5300925964E-01 -2.8714897700E-01
</CP of DelSqRho>
<CP of DelSqRho>
CP# = 29      
Type = (3,-1)
Coords = -1.57284422909847E+00 -1.78719070026590E+00 -3.03406010952697E+00
DistFromNuc =  1.1870205005E+00
Rho =  2.4248682770E-01
DelSqRho =  7.4121450488E-01
GradDelSqRho = -1.1102230246E-15 -7.2164496601E-16 -1.1102230246E-15
HessDelSqRho_EigVals = -1.7720426463E+01 -1.1718659780E+00  2.6574952405E-01
HessDelSqRho_EigVec1 = -5.1193732243E-01 -2.6836066641E-02  8.5860351935E-01
HessDelSqRho_EigVec2 =  8.3107421627E-01 -2.6835534707E-01  4.8713556096E-01
HessDelSqRho_EigVec3 =  2.1733804306E-01  9.6294612166E-01  1.5968388089E-01
</CP of DelSqRho>
<CP of DelSqRho>
CP# = 30      
Type = (3,-1)
Coords = -1.54319031077812E+00 -2.83282439687218E+00 -2.01624239693514E+00
DistFromNuc =  1.1879695813E+00
Rho =  2.4291695146E-01
DelSqRho =  7.3571377362E-01
GradDelSqRho = -2.4771851237E-15  2.1649348980E-15 -1.7486012638E-15
HessDelSqRho_EigVals = -1.7561655656E+01 -1.2091806703E+00  2.8489188436E-01
HessDelSqRho_EigVec1 = -5.3647639302E-01  8.4385646384E-01  9.9673545849E-03
HessDelSqRho_EigVec2 =  8.1434881316E-01  5.2074378260E-01 -2.5624582610E-01
HessDelSqRho_EigVec3 =  2.2142513462E-01  1.2935293314E-01  9.6656025598E-01
</CP of DelSqRho>
<CP of DelSqRho>
CP# = 31      
Type = (3,+1)
Coords = -2.26995013501974E+00 -3.80951976179938E+00 -1.97683031643081E+00
DistFromNuc =  1.9966869908E+00
Rho =  7.1015344055E-02
DelSqRho =  1.8661977972E-01
GradDelSqRho = -3.9551695252E-16  6.0368376964E-16  3.7123082386E-16
HessDelSqRho_EigVals = -1.8142244380E+00  1.7585134470E-02  5.8584578346E-01
HessDelSqRho_EigVec1 = -3.4373596695E-01  8.9571102299E-01  2.8204139470E-01
HessDelSqRho_EigVec2 =  5.9178591932E-01 -2.6582731504E-02  8.0565674085E-01
HessDelSqRho_EigVec3 =  7.2913305419E-01  4.4384132489E-01 -5.2093173027E-01
</CP of DelSqRho>
<CP of DelSqRho>
CP# = 32      
Type = (3,-1)
Coords = -3.28917935283486E+00 -3.45879845634210E+00 -2.25174263498899E+00
DistFromNuc =  2.0103592207E+00
Rho =  7.1918186248E-02
DelSqRho =  1.9198653997E-01
GradDelSqRho = -1.5265566589E-16 -4.5796699766E-16 -6.9388939039E-17
HessDelSqRho_EigVals = -2.3286588288E+00 -1.8446516420E-02  4.8125247677E-01
HessDelSqRho_EigVec1 =  6.0945102681E-01  4.9655670478E-01  6.1806220144E-01
HessDelSqRho_EigVec2 = -7.8678977945E-01  4.7479908841E-01  3.9436996411E-01
HessDelSqRho_EigVec3 =  9.7628319979E-02  7.2663420273E-01 -6.8005253221E-01
</CP of DelSqRho>
<CP of DelSqRho>
CP# = 33      
Type = (3,-1)
Coords = -3.33097197491766E+00 -2.01997860099190E+00 -3.62214857695734E+00
DistFromNuc =  2.0112641477E+00
Rho =  7.1871422915E-02
DelSqRho =  1.9095977396E-01
GradDelSqRho =  5.6544213756E-12  3.9920428074E-12  4.6121995112E-12
HessDelSqRho_EigVals = -2.2901825654E+00 -1.8959029182E-02  4.8857439052E-01
HessDelSqRho_EigVec1 =  6.0667922571E-01  6.0598722472E-01  5.1450928133E-01
HessDelSqRho_EigVec2 = -7.8344758441E-01  3.4609358995E-01  5.1616771449E-01
HessDelSqRho_EigVec3 =  1.3472267656E-01 -7.1623928297E-01  6.8472701856E-01
</CP of DelSqRho>
<CP of DelSqRho>
CP# = 34      
Type = (3,-1)
Coords = -2.19392768294609E+00 -3.60660980386258E+00 -1.08199161950148E+00
DistFromNuc =  2.0130693944E+00
Rho =  7.1518727996E-02
DelSqRho =  1.8995341730E-01
GradDelSqRho = -3.9745984282E-14  9.5073254824E-14 -6.1047521205E-14
HessDelSqRho_EigVals = -2.1095123335E+00 -1.8942595032E-02  4.9812526192E-01
HessDelSqRho_EigVec1 = -4.6263246935E-01  6.7432248111E-01 -5.7555224765E-01
HessDelSqRho_EigVec2 = -4.2797949007E-01  3.9867578608E-01  8.1110490917E-01
HessDelSqRho_EigVec3 =  7.7640501955E-01  6.2156802448E-01  1.0415582822E-01
</CP of DelSqRho>
<CP of DelSqRho>
CP# = 35      
Type = (3,-1)
Coords = -2.31656802095699E+00 -7.42022514240810E-01 -3.69736043151342E+00
DistFromNuc =  2.0137508665E+00
Rho =  7.1490938492E-02
DelSqRho =  1.9042196650E-01
GradDelSqRho =  3.8163916471E-16  2.7061686225E-16 -2.3245294578E-16
HessDelSqRho_EigVals = -2.1479737811E+00 -1.9522738328E-02  4.8747786679E-01
HessDelSqRho_EigVec1 =  3.9065104202E-01  6.8955374049E-01 -6.0984211264E-01
HessDelSqRho_EigVec2 = -5.1298086945E-01  7.1315486397E-01  4.7776643623E-01
HessDelSqRho_EigVec3 =  7.6435750206E-01  1.2619738101E-01  6.3232256805E-01
</CP of DelSqRho>
<CP of DelSqRho>
CP# = 36      
Type = (3,+1)
Coords = -3.52779692717487E+00 -8.01372291402003E-01 -3.06759096308807E+00
DistFromNuc =  2.0109835735E+00
Rho =  7.0092192907E-02
DelSqRho =  1.7995151898E-01
GradDelSqRho =  4.3715031595E-16 -3.2612801348E-16 -4.2500725161E-17
HessDelSqRho_EigVals = -1.6955384218E+00  2.3269237155E-02  5.8791093576E-01
HessDelSqRho_EigVec1 =  7.8880076028E-01 -6.0853044312E-01  8.6510463991E-02
HessDelSqRho_EigVec2 =  6.1358501730E-01  7.8787464798E-01 -5.2601954513E-02
HessDelSqRho_EigVec3 = -3.6149510674E-02  9.4573986257E-02  9.9486128380E-01
</CP of DelSqRho>
<CP of DelSqRho>
CP# = 37      
Type = (3,+1)
Coords = -2.35505261288888E+00 -1.72821717818204E+00 -3.98859168873755E+00
DistFromNuc =  1.9988796834E+00
Rho =  7.0842145924E-02
DelSqRho =  1.8579665353E-01
GradDelSqRho =  1.6549261961E-15 -1.6360177102E-14  7.3864525607E-15
HessDelSqRho_EigVals = -1.8133841446E+00  1.8622618196E-02  5.8650506724E-01
HessDelSqRho_EigVec1 = -3.0030382752E-01  2.5628604329E-01  9.1876823802E-01
HessDelSqRho_EigVec2 =  6.0270569543E-01  7.9755673554E-01 -2.5477407548E-02
HessDelSqRho_EigVec3 =  7.3929930060E-01 -5.4609588683E-01  3.9397439830E-01
</CP of DelSqRho>
<CP of DelSqRho>
CP# = 38      
Type = (3,+1)
Coords = -3.40551890674667E+00 -2.97931482724705E+00 -9.36997471133853E-01
DistFromNuc =  2.0108281850E+00
Rho =  7.0135406851E-02
DelSqRho =  1.7944689471E-01
GradDelSqRho =  6.2450045135E-17 -1.1188966420E-16 -3.0704605525E-16
HessDelSqRho_EigVals = -1.6797736595E+00  2.3154197956E-02  5.8697026301E-01
HessDelSqRho_EigVec1 =  7.1172726205E-01  1.5108127895E-01 -6.8601658261E-01
HessDelSqRho_EigVec2 =  7.0230237539E-01 -1.3262451487E-01  6.9941555000E-01
HessDelSqRho_EigVec3 = -1.4685979351E-02  9.7958418995E-01  2.0049722393E-01
</CP of DelSqRho>
<Path of -GradDelSqRho>
Starting CP# =      3
Ending CP# =     22
Number of Points =     19
 -2.6671129912E+00 -1.4651163593E+00 -2.9871823864E+00  4.0427617412E-01 -9.1463467313E-01
 -2.6561169453E+00 -1.4724101841E+00 -2.9659482845E+00  4.1604625731E-01 -9.2393773702E-01
 -2.6451242012E+00 -1.4797156521E+00 -2.9447164757E+00  4.2887186642E-01 -9.5227197634E-01
 -2.6341344972E+00 -1.4870311529E+00 -2.9234865477E+00  4.4277189244E-01 -1.0003551417E+00
 -2.6231474059E+00 -1.4943546938E+00 -2.9022580393E+00  4.5775938938E-01 -1.0689317001E+00
 -2.6121623282E+00 -1.5016839088E+00 -2.8810304470E+00  4.7384069451E-01 -1.1586456415E+00
 -2.6011784828E+00 -1.5090160408E+00 -2.8598032244E+00  4.9101454630E-01 -1.2698827169E+00
 -2.5901948864E+00 -1.5163478792E+00 -2.8385757715E+00  5.0927129823E-01 -1.4025858803E+00
 -2.5792103176E+00 -1.5236756313E+00 -2.8173474109E+00  5.2859234662E-01 -1.5560501698E+00
 -2.5682232579E+00 -1.5309946961E+00 -2.7961173427E+00  5.4894990889E-01 -1.7287059219E+00
 -2.5572317934E+00 -1.5382992828E+00 -2.7748845687E+00  5.7030730227E-01 -1.9179015491E+00
 -2.5462334553E+00 -1.5455817639E+00 -2.7536477620E+00  5.9261988149E-01 -2.1196982711E+00
 -2.5352249471E+00 -1.5528315315E+00 -2.7324050344E+00  6.1583679389E-01 -2.3286877602E+00
 -2.5242016476E+00 -1.5600328244E+00 -2.7111534951E+00  6.3990369753E-01 -2.5378370102E+00
 -2.5131566049E+00 -1.5671601438E+00 -2.6898883225E+00  6.6476654433E-01 -2.7383480617E+00
 -2.5020781836E+00 -1.5741669909E+00 -2.6686005223E+00  6.9037636197E-01 -2.9194854134E+00
 -2.4909431828E+00 -1.5809508217E+00 -2.6472702044E+00  7.1669400292E-01 -3.0682598313E+00
 -2.4796872699E+00 -1.5871834118E+00 -2.6258370269E+00  7.4368357332E-01 -3.1687670645E+00
 -2.4707019867E+00 -1.5800970357E+00 -2.6015190223E+00  7.6828610611E-01 -3.2030317885E+00
</Path of -GradDelSqRho>
<Path of -GradDelSqRho>
Starting CP# =      3
Ending CP# =      0
Number of Points =     30
 -2.6671129912E+00 -1.4651163593E+00 -2.9871823864E+00  4.0427617412E-01 -9.1463467313E-01
 -2.6781123292E+00 -1.4578349328E+00 -3.0084190380E+00  3.9353768872E-01 -9.2376643837E-01
 -2.6891150290E+00 -1.4505671098E+00 -3.0296586079E+00  3.8380250328E-01 -9.5091916256E-01
 -2.7001209148E+00 -1.4433132461E+00 -3.0509012989E+00  3.7503844282E-01 -9.9588715287E-01
 -2.7111297009E+00 -1.4360732692E+00 -3.0721472243E+00  3.6720976633E-01 -1.0586587799E+00
 -2.7221410230E+00 -1.4288467109E+00 -3.0933964037E+00  3.6027730322E-01 -1.1393528262E+00
 -2.7331544764E+00 -1.4216327623E+00 -3.1146487631E+00  3.5419845804E-01 -1.2380877585E+00
 -2.7441696600E+00 -1.4144303455E+00 -3.1359041367E+00  3.4892717087E-01 -1.3547580355E+00
 -2.7551862247E+00 -1.4072381936E+00 -3.1571622704E+00  3.4441398834E-01 -1.4886888870E+00
 -2.7662039259E+00 -1.4000549314E+00 -3.1784228207E+00  3.4060649603E-01 -1.6381570454E+00
 -2.7772226845E+00 -1.3928791475E+00 -3.1996853483E+00  3.3745048322E-01 -1.7998203262E+00
 -2.7882426622E+00 -1.3857094540E+00 -3.2209492986E+00  3.3489233066E-01 -1.9682168896E+00
 -2.7992643620E+00 -1.3785445360E+00 -3.2422139660E+00  3.3288316541E-01 -2.1356848259E+00
 -2.8102887391E+00 -1.3713832271E+00 -3.2634784614E+00  3.3138520262E-01 -2.2932812818E+00
 -2.8213171230E+00 -1.3642247543E+00 -3.2847418339E+00  3.3038024225E-01 -2.4334408019E+00
 -2.8323499240E+00 -1.3570695568E+00 -3.3060040175E+00  3.2987938125E-01 -2.5550183626E+00
 -2.8433821219E+00 -1.3499206085E+00 -3.3272686157E+00  3.2993163310E-01 -2.6708052393E+00
 -2.8544021012E+00 -1.3427811505E+00 -3.3485427350E+00  3.3062755904E-01 -2.8164909159E+00
 -2.8654053028E+00 -1.3356492245E+00 -3.3698280622E+00  3.3209275885E-01 -3.0585469313E+00
 -2.8763967905E+00 -1.3285207302E+00 -3.3911205905E+00  3.3446594964E-01 -3.4971166073E+00
 -2.8873817656E+00 -1.3213933468E+00 -3.4124168513E+00  3.3785819520E-01 -4.2593445342E+00
 -2.8983631180E+00 -1.3142661604E+00 -3.4337150463E+00  3.4229410639E-01 -5.4792039460E+00
 -2.9093422933E+00 -1.3071388331E+00 -3.4550143166E+00  3.4764238584E-01 -7.2621992338E+00
 -2.9203200288E+00 -1.3000112346E+00 -3.4763142383E+00  3.5355096163E-01 -9.6378987128E+00
 -2.9312967139E+00 -1.2928833041E+00 -3.4976145902E+00  3.5940898888E-01 -1.2510550753E+01
 -2.9422725550E+00 -1.2857549919E+00 -3.5189152493E+00  3.6436056996E-01 -1.5626762634E+01
 -2.9532476467E+00 -1.2786262180E+00 -3.5402161400E+00  3.6738862848E-01 -1.8584206800E+01
 -2.9642219863E+00 -1.2714968004E+00 -3.5615172027E+00  3.6746909671E-01 -2.0898497656E+01
 -2.9751953699E+00 -1.2643661511E+00 -3.5828183457E+00  3.6376828923E-01 -2.2122496112E+01
 -2.9795841220E+00 -1.2615127264E+00 -3.5913387225E+00  3.6111117981E-01 -2.2236819441E+01
</Path of -GradDelSqRho>
<Path of -GradDelSqRho>
Starting CP# =      4
Ending CP# =     20
Number of Points =     18
 -2.6272773404E+00 -2.8322959849E+00 -1.6861033311E+00  4.0406889728E-01 -9.1029904702E-01
 -2.6171077316E+00 -2.8104040276E+00 -1.6926088087E+00  4.1583131664E-01 -9.1959850635E-01
 -2.6069416404E+00 -2.7885146429E+00 -1.6991284262E+00  4.2864816861E-01 -9.4791504962E-01
 -2.5967786436E+00 -2.7666274989E+00 -1.7056603791E+00  4.4253800906E-01 -9.9595381443E-01
 -2.5866181250E+00 -2.7447422277E+00 -1.7122024554E+00  4.5751352865E-01 -1.0644430915E+00
 -2.5764592661E+00 -2.7228584362E+00 -1.7187520548E+00  4.7358067647E-01 -1.1540065164E+00
 -2.5663010275E+00 -2.7009757115E+00 -1.7253061791E+00  4.9073778331E-01 -1.2650047491E+00
 -2.5561421170E+00 -2.6790936192E+00 -1.7318613738E+00  5.0897478335E-01 -1.3973504430E+00
 -2.5459809327E+00 -2.6572116936E+00 -1.7384135993E+00  5.2827265260E-01 -1.5503027540E+00
 -2.5358154696E+00 -2.6353294131E+00 -1.7449579976E+00  5.4860320068E-01 -1.7222502742E+00
 -2.5256431679E+00 -2.6134461577E+00 -1.7514884938E+00  5.6992936632E-01 -1.9104935674E+00
 -2.5154606598E+00 -2.5915611335E+00 -1.7579971167E+00  5.9220617485E-01 -2.1110395749E+00
 -2.5052633314E+00 -2.5696732373E+00 -1.7644727892E+00  6.1538251562E-01 -2.3184186184E+00
 -2.4950445023E+00 -2.5477808006E+00 -1.7708990156E+00  6.3940388273E-01 -2.5255278637E+00
 -2.4847937222E+00 -2.5258810548E+00 -1.7772489568E+00  6.6421617286E-01 -2.7234880706E+00
 -2.4744926417E+00 -2.5039688606E+00 -1.7834731749E+00  6.8977043496E-01 -2.9014650636E+00
 -2.4641023534E+00 -2.4820330234E+00 -1.7894606822E+00  7.1602729138E-01 -3.0463428264E+00
 -2.4435710417E+00 -2.4385736365E+00 -1.7868645196E+00  7.6550829437E-01 -3.1713125601E+00
</Path of -GradDelSqRho>
<Path of -GradDelSqRho>
Starting CP# =      4
Ending CP# =      0
Number of Points =     30
 -2.6272773404E+00 -2.8322959849E+00 -1.6861033311E+00  4.0406889728E-01 -9.1029904702E-01
 -2.6374505796E+00 -2.8541906955E+00 -1.6796128126E+00  3.9333728754E-01 -9.1943001381E-01
 -2.6476276384E+00 -2.8760884750E+00 -1.6731386561E+00  3.8360846465E-01 -9.4658493523E-01
 -2.6578084260E+00 -2.8979894730E+00 -1.6666812707E+00  3.7485049891E-01 -9.9156383954E-01
 -2.6679927151E+00 -2.9198937572E+00 -1.6602405749E+00  3.6702786611E-01 -1.0543597232E+00
 -2.6781801729E+00 -2.9418013101E+00 -1.6538160275E+00  3.6010158541E-01 -1.1350954551E+00
 -2.6883704003E+00 -2.9637120285E+00 -1.6474066853E+00  3.5402922550E-01 -1.2338935843E+00
 -2.6985629757E+00 -2.9856257272E+00 -1.6410112810E+00  3.4876486598E-01 -1.3506531523E+00
 -2.7087575040E+00 -3.0075421427E+00 -1.6346283101E+00  3.4425916879E-01 -1.4847048835E+00
 -2.7189536672E+00 -3.0294609344E+00 -1.6282561194E+00  3.4045980983E-01 -1.6343320573E+00
 -2.7291512822E+00 -3.0513816813E+00 -1.6218929836E+00  3.3731264180E-01 -1.7961996163E+00
 -2.7393503673E+00 -3.0733038673E+00 -1.6155371656E+00  3.3476407877E-01 -1.9648518138E+00
 -2.7495512286E+00 -3.0952268535E+00 -1.6091869608E+00  3.3276524768E-01 -2.1326284644E+00
 -2.7597545553E+00 -3.1171498558E+00 -1.6028407733E+00  3.3127832819E-01 -2.2905787510E+00
 -2.7699613712E+00 -3.1390720587E+00 -1.5964974361E+00  3.3028505228E-01 -2.4311129478E+00
 -2.7801720284E+00 -3.1609934412E+00 -1.5901574469E+00  3.2979642904E-01 -2.5530398661E+00
 -2.7903826032E+00 -3.1829171461E+00 -1.5838253611E+00  3.2986139049E-01 -2.6690824332E+00
 -2.8005837697E+00 -3.2048492347E+00 -1.5775071612E+00  3.3057046298E-01 -2.8148500213E+00
 -2.8107716306E+00 -3.2267910150E+00 -1.5712011527E+00  3.3204930923E-01 -3.0567478329E+00
 -2.8209500776E+00 -3.2487389455E+00 -1.5649013467E+00  3.3443686499E-01 -3.4949079227E+00
 -2.8311232459E+00 -3.2706900191E+00 -1.5586039653E+00  3.3784460754E-01 -4.2565698193E+00
 -2.8412934574E+00 -3.2926426922E+00 -1.5523073836E+00  3.4229774634E-01 -5.4759546368E+00
 -2.8514618803E+00 -3.3145962333E+00 -1.5460109395E+00  3.4766568368E-01 -7.2589870271E+00
 -2.8616291129E+00 -3.3365502834E+00 -1.5397143476E+00  3.5359697290E-01 -9.6357903914E+00
 -2.8717954709E+00 -3.3585046555E+00 -1.5334174668E+00  3.5948106220E-01 -1.2511181139E+01
 -2.8819611200E+00 -3.3804592450E+00 -1.5271201992E+00  3.6446172572E-01 -1.5632138409E+01
 -2.8921261302E+00 -3.4024139854E+00 -1.5208224266E+00  3.6752071375E-01 -1.8596264276E+01
 -2.9022904813E+00 -3.4243688200E+00 -1.5145239186E+00  3.6763190250E-01 -2.0918490159E+01
 -2.9124539472E+00 -3.4463236501E+00 -1.5082239662E+00  3.6395890653E-01 -2.2150418639E+01
 -2.9165187147E+00 -3.4551054601E+00 -1.5057025629E+00  3.6131146237E-01 -2.2267568586E+01
</Path of -GradDelSqRho>
<Path of -GradDelSqRho>
Starting CP# =      5
Ending CP# =      1
Number of Points =      7
 -2.3024984889E+00 -1.7587755016E+00 -1.9376018753E+00  2.2533017095E+01  1.2305630009E+03
 -2.2810131646E+00 -1.7673212832E+00 -1.9471071539E+00  3.2753337631E+01  9.7985213465E+02
 -2.2595120731E+00 -1.7758484863E+00 -1.9565934510E+00  4.7982802813E+01 -7.9382834706E+02
 -2.2380040484E+00 -1.7843675029E+00 -1.9660713847E+00  7.0605684501E+01 -6.3781476935E+03
 -2.2164910360E+00 -1.7928806229E+00 -1.9755432938E+00  1.0418379731E+02 -2.0593744352E+04
 -2.1949697961E+00 -1.8013840085E+00 -1.9850052522E+00  1.5456103869E+02 -7.5177128221E+04
 -2.1575425055E+00 -1.8161513631E+00 -2.0014387026E+00  2.9716280634E+02 -3.3276404619E+06
</Path of -GradDelSqRho>
<Path of -GradDelSqRho>
Starting CP# =      5
Ending CP# =     12
Number of Points =     33
 -2.3024984889E+00 -1.7587755016E+00 -1.9376018753E+00  2.2533017095E+01  1.2305630009E+03
 -2.3239651588E+00 -1.7502078034E+00 -1.9280742023E+00  1.5626638108E+01  1.1488432014E+03
 -2.3454233538E+00 -1.7416301733E+00 -1.9185363762E+00  1.0944009779E+01  9.7928979590E+02
 -2.3668792910E+00 -1.7330499029E+00 -1.9089958459E+00  7.7787293478E+00  7.7139322762E+02
 -2.3883300912E+00 -1.7244636255E+00 -1.8994491715E+00  5.6471397733E+00  5.7096200790E+02
 -2.4097707834E+00 -1.7158655419E+00 -1.8898904256E+00  4.2124664333E+00  4.0687345492E+02
 -2.4311958894E+00 -1.7072492952E+00 -1.8803131077E+00  3.2441889525E+00  2.8430847737E+02
 -2.4525998228E+00 -1.6986084576E+00 -1.8707106403E+00  2.5875130727E+00  1.9614047210E+02
 -2.4739772864E+00 -1.6899370101E+00 -1.8610768564E+00  2.1391360480E+00  1.3318759353E+02
 -2.4953229771E+00 -1.6812290167E+00 -1.8514056637E+00  1.8297829020E+00  8.8264226123E+01
 -2.5166302666E+00 -1.6724771368E+00 -1.8416895193E+00  1.6126842374E+00  5.6480020936E+01
 -2.5378892386E+00 -1.6636704714E+00 -1.8319172193E+00  1.4562443369E+00  3.4452100080E+01
 -2.5590842244E+00 -1.6547919785E+00 -1.8220712402E+00  1.3392924570E+00  1.9641835289E+01
 -2.5801901357E+00 -1.6458148261E+00 -1.8121239796E+00  1.2478593578E+00  1.0037224417E+01
 -2.6011658844E+00 -1.6366961792E+00 -1.8020313489E+00  1.1729017969E+00  4.0483117128E+00
 -2.6219410042E+00 -1.6273653343E+00 -1.7917205381E+00  1.1086811759E+00  4.6833840468E-01
 -2.6423845523E+00 -1.6176983540E+00 -1.7810638849E+00  1.0516351637E+00 -1.5703904501E+00
 -2.6622163840E+00 -1.6074538023E+00 -1.7698128173E+00  9.9965317902E-01 -2.6583704423E+00
 -2.6806514493E+00 -1.5960624299E+00 -1.7573828160E+00  9.5184654948E-01 -3.1783326576E+00
 -2.6938426324E+00 -1.5818168686E+00 -1.7420469026E+00  9.1111118318E-01 -3.3754431484E+00
 -2.6879059374E+00 -1.5656181023E+00 -1.7250070895E+00  8.9849708182E-01 -3.4485415656E+00
 -2.6729217572E+00 -1.5517798845E+00 -1.7105722856E+00  9.0145376531E-01 -3.5092839233E+00
 -2.6567777472E+00 -1.5385937586E+00 -1.6967726292E+00  9.0508844579E-01 -3.5652730913E+00
 -2.6400067184E+00 -1.5258146952E+00 -1.6833422848E+00  9.0822374966E-01 -3.6163176388E+00
 -2.6226486884E+00 -1.5134398510E+00 -1.6702844022E+00  9.1079419747E-01 -3.6622222287E+00
 -2.6047209525E+00 -1.5014776347E+00 -1.6576176082E+00  9.1279333159E-01 -3.7028391581E+00
 -2.5862403082E+00 -1.4899350408E+00 -1.6453628150E+00  9.1422161036E-01 -3.7380704768E+00
 -2.5672238952E+00 -1.4788167752E+00 -1.6335431111E+00  9.1508446558E-01 -3.7678685215E+00
 -2.5476892964E+00 -1.4681247380E+00 -1.6221842199E+00  9.1539210341E-01 -3.7922355414E+00
 -2.5276546351E+00 -1.4578574341E+00 -1.6113150568E+00  9.1515929188E-01 -3.8112224747E+00
 -2.5071386992E+00 -1.4480093401E+00 -1.6009683493E+00  9.1440509848E-01 -3.8249269395E+00
 -2.4861611129E+00 -1.4385703855E+00 -1.5911811809E+00  9.1315258219E-01 -3.8334904999E+00
 -2.4592419325E+00 -1.4272932965E+00 -1.5797649082E+00  9.1091961310E-01 -3.8372465534E+00
</Path of -GradDelSqRho>
<Path of -GradDelSqRho>
Starting CP# =      7
Ending CP# =     11
Number of Points =     30
 -2.0538745323E+00 -1.9058933851E+00 -2.0984385215E+00  2.2644256783E+01  1.2418362345E+03
 -2.0383636714E+00 -1.9192065469E+00 -2.1128320202E+00  1.5697197100E+01  1.1584302643E+03
 -2.0228369529E+00 -1.9325108328E+00 -2.1272166295E+00  1.0990715474E+01  9.8698425036E+02
 -2.0073059806E+00 -1.9458127442E+00 -2.1415988425E+00  7.8119932860E+00  7.7737375090E+02
 -1.9917658944E+00 -1.9591095541E+00 -2.1559759263E+00  5.6735780234E+00  5.7517765729E+02
 -1.9762078794E+00 -1.9723963089E+00 -2.1703429109E+00  4.2361752856E+00  4.0948318330E+02
 -1.9606221936E+00 -1.9856675113E+00 -2.1846942677E+00  3.2675386179E+00  2.8564929399E+02
 -1.9449989133E+00 -1.9989175234E+00 -2.1990243077E+00  2.6117314711E+00  1.9656447033E+02
 -1.9293286428E+00 -2.0121409530E+00 -2.2133275649E+00  2.1647282218E+00  1.3298241502E+02
 -1.9136020010E+00 -2.0253323507E+00 -2.2275984879E+00  1.8568142250E+00  8.7646564311E+01
 -1.8978073054E+00 -2.0384848652E+00 -2.2418300784E+00  1.6409662771E+00  5.5612000930E+01
 -1.8819271581E+00 -2.0515882117E+00 -2.2560118245E+00  1.4854576026E+00  3.3455302111E+01
 -1.8659342242E+00 -2.0646260477E+00 -2.2701270108E+00  1.3690684607E+00  1.8605028383E+01
