AIMSum (Version 16.05.18, Professional)
Copyright (c) 1997-2016 by Todd A. Keith
AIMSum is a component of the AIMAll package ( http://aim.tkgristmill.com )

TP:  64-bit Linux

Licensed To:  Research Group of Fernando Cortes Guzman, UNAM, fercor@unam.mx

Much of the Quantum Theory of Atoms in Molecules (QTAIM) is described in the book:
  "Atoms in Molecules - A Quantum Theory"
  R.F.W. Bader, Oxford University Press, Oxford, 1990

For additional references see:  http://aim.tkgristmill.com/references.html

Wfx File:  /home/davit_gabo/David/max_int2/acercamiento/Ni23_24.wfx
Sum File:  /home/davit_gabo/David/max_int2/acercamiento/Ni23_24.sum

SumViz File:  /home/davit_gabo/David/max_int2/acercamiento/Ni23_24.sumviz

Wfx Title:   Ni23_24                                                                       
 
Total memory allocated for AIMSum =        1.194 Megabytes

Atomic units (a.u.) used throughout, except where stated otherwise

Model:  Unrestricted SCF
 
Unrestricted, single-determinant wavefunction.
  Number of electrons (from MO Occs)                   =          86.0000000000
  Number of Alpha electrons (from MO Occs)             =          44.0000000000
  Number of Beta electrons (from MO Occs)              =          42.0000000000
  Number of electron pairs (N*(N-1)/2)                 =        3655.0000000000
  Number of electron pairs (from Muller 2EDM)          =        3655.0000000000
 
Nuclear Charges and Cartesian Coordinates:
-------------------------------------------------------------------------------
Atom      Charge                X                  Y                  Z
-------------------------------------------------------------------------------
Ni1       28.0           6.0408576078E-06   3.4941860211E-05  -5.0428770892E-05
O2         8.0          -4.5335497726E+00   6.1277838120E-02  -1.1165094022E-01
H3         1.0          -5.6439061089E+00  -1.3743842119E+00   1.4450652889E-02
H4         1.0          -5.5285751097E+00   1.5727188628E+00   8.1689363250E-02
O5         8.0           6.0462443917E-02   1.5120054113E-02   4.5348642335E+00
H6         1.0          -1.3766989041E+00  -2.8547924624E-02   5.6496171305E+00
H7         1.0           1.5707772590E+00  -1.2765674512E-01   5.5396095967E+00
O8         8.0          -1.3679315440E-01   4.5327537725E+00   7.1220838117E-02
H9         1.0           4.4948864462E-03   5.6015473918E+00  -1.3499420035E+00
H10        1.0           7.7077713300E-02   5.5465737731E+00   1.5697459325E+00
O11        8.0           4.5335618149E+00  -6.1208463927E-02   1.1155140189E-01
H12        1.0           5.6439133976E+00   1.3744558216E+00  -1.4550502527E-02
H13        1.0           5.5285911992E+00  -1.5726447247E+00  -8.1788144215E-02
O14        8.0          -6.0451103961E-02  -1.5056433290E-02  -4.5349650603E+00
H15        1.0           1.3767095866E+00   2.8611145448E-02  -5.6497182958E+00
H16        1.0          -1.5707665026E+00   1.2772004775E-01  -5.5397102293E+00
O17        8.0           1.3680162349E-01  -4.5326837478E+00  -7.1337594505E-02
H18        1.0          -4.5862244623E-03  -5.6022029191E+00   1.3508257058E+00
H19        1.0          -7.7069084746E-02  -5.5464284787E+00  -1.5698616560E+00
 
Some Atomic Properties:
----------------------
  q(A) = Net Charge of Atom A
  L(A) = Lagrangian of Atom A = -(1/4) Times Atomic Integral of the Laplacian of the Electron Density
  K(A) = Electronic Kinetic Energy of Atom A (Hamiltonian Form)
  K_Scaled(A) = K(A) * E(Mol)/K(Mol) = Approximation to Virial-Based Total Energy of Atom A.
  |Mu_Intra(A)| = Magnitude of Intraatomic Dipole Moment of Atom A
--------------------------------------------------------------------------------------------------
Atom A          q(A)              L(A)              K(A)          K_Scaled(A)      |Mu_Intra(A)|
--------------------------------------------------------------------------------------------------
Ni1       1.5813126760E+00 -1.3247756077E-03  1.5058226774E+03 -1.5086070866E+03  3.7700498229E-05
O2       -1.2348195787E+00  7.4322825897E-06  7.5477182531E+01 -7.5616747016E+01  1.7947108545E-01
H3        6.5212164075E-01  1.5906949408E-05  3.2586787922E-01 -3.2647043990E-01  1.3026497279E-01
H4        6.5255650159E-01  1.3178663486E-05  3.2542266475E-01 -3.2602440218E-01  1.3015391724E-01
O5       -1.2360016057E+00  3.1631492594E-06  7.5477690090E+01 -7.5617255513E+01  1.7385923306E-01
H6        6.5241355087E-01  1.5754974822E-05  3.2566930818E-01 -3.2627150169E-01  1.3014419129E-01
H7        6.5282301667E-01  1.6142683734E-05  3.2530195630E-01 -3.2590347054E-01  1.3006031710E-01
O8       -1.2414742390E+00 -4.3830335038E-06  7.5509908806E+01 -7.5649533805E+01  1.8302142988E-01
H9        6.5883959395E-01  1.2454595779E-05  3.2755624948E-01 -3.2816193212E-01  1.3115174592E-01
H10       6.5228326909E-01  1.6883238905E-05  3.2529646918E-01 -3.2589797327E-01  1.2992242695E-01
O11      -1.2348273046E+00  1.8312692007E-07  7.5477183981E+01 -7.5616748468E+01  1.7946722499E-01
H12       6.5211999425E-01  1.4234627783E-05  3.2586782293E-01 -3.2647038351E-01  1.3026628582E-01
H13       6.5256324745E-01  1.7650579679E-05  3.2542165609E-01 -3.2602339166E-01  1.3015192429E-01
O14      -1.2360049249E+00  4.0151046706E-07  7.5477689317E+01 -7.5617254739E+01  1.7384658511E-01
H15       6.5241360525E-01  1.4891920353E-05  3.2566866307E-01 -3.2627085538E-01  1.3014450739E-01
H16       6.5282318573E-01  1.6111585076E-05  3.2530173031E-01 -3.2590324413E-01  1.3006080890E-01
O17      -1.2412298353E+00 -2.4559949745E-06  7.5508702393E+01 -7.5648325160E+01  1.8299429793E-01
H18       6.5861897273E-01  1.5525599398E-05  3.2748748174E-01 -3.2809303722E-01  1.3112601820E-01
H19       6.5227629849E-01  1.3459267681E-05  3.2530551528E-01 -3.2590703610E-01  1.2993301908E-01
--------------------------------------------------------------------------------------------------
Total     1.9988080646E+00 -1.1382398808E-03  1.9626612019E+03 -1.9662903490E+03
 
Molecular charge q(Mol) from the wfx file:   2.0000000000E+00
Molecular energy E(Mol) from the wfx file:  -1.9662905108E+03
Molecular virial ratio (-V(Mol)/T(Mol)) from the wfx file:   2.0018490950E+00
Full molecular virial ratio ((-V(Mol)+W(Mol))/T(Mol)) from the wfx file:   2.0015023656E+00
Note.  K_Scaled(A) = (1+V(Mol)/T(Mol))*K(A) = (E(Mol)/T(Mol))*K(A)
       Only use K_Scaled(A) data with caution.
 
N_AIMInt(SumA)     =         86.001192
N_Analytic(Mol)    =         86.000000
 
G_AIMInt(SumA)     =       1962.662340
G_Analytic(Mol)    =       1962.661363
 
K_AIMInt(SumA)     =       1962.661202
K_Analytic(Mol)    =       1962.661363
 
L_AIMInt(SumA)     =         -0.001138
L_Analytic(Mol)    =          0.000000
 
VenT_AIMInt(SumA)  =      -5894.390613
VenT_Analytic(Mol) =      -5894.366241
 
Some Information About the Atomic Calculations:
----------------------------------------------
  Time(sec) = "Elapsed User Time", in Seconds, for Atom A by AIMInt and, if used, by TWOe
  NProc = Number of Processors Used for AIMInt Job
  BIM = Basin Integration Method
  OAQ = Angular Quadrature Outside of Beta Sphere
  ORQ = Multiple of Default for Radial Quadrature Outside of Beta Sphere
  IAQ = Multiple of Default for Angular Quadrature Inside of Beta Sphere
  IRQ = Multiple of Default for Radial Quadrature Inside of Beta Sphere
  MIR = Maximum Integration Radius
------------------------------------------------------------------------------------------------------
Atom A     Time(sec)   NProc      BIM              OAQ                 ORQ      IAQ      IRQ      MIR
------------------------------------------------------------------------------------------------------
Ni1          1136        8     Proaim(5)    4334      (Very High)      Auto     Auto     Auto    13.00
O2            964        8     Proaim(5)    4334      (Very High)      Auto     Auto     Auto    13.00
H3            210        8     Proaim(5)    2030      (Very High)      Auto     Auto     Auto    13.00
H4            225        8     Proaim(5)    2030      (Very High)      Auto     Auto     Auto    13.00
O5            923        8     Proaim(5)    4334      (Very High)      Auto     Auto     Auto    13.00
H6            247        8     Proaim(5)    2030      (Very High)      Auto     Auto     Auto    13.00
H7            176        8     Proaim(5)    2030      (Very High)      Auto     Auto     Auto    13.00
O8            644        8     Proaim(5)    4334      (Very High)      Auto     Auto     Auto    13.00
H9            320        8     Proaim(5)    2030      (Very High)      Auto     Auto     Auto    13.00
H10           204        8     Proaim(5)    2030      (Very High)      Auto     Auto     Auto    13.00
O11           695        8     Proaim(5)    4334      (Very High)      Auto     Auto     Auto    13.00
H12           222        8     Proaim(5)    2030      (Very High)      Auto     Auto     Auto    13.00
H13           219        8     Proaim(5)    2030      (Very High)      Auto     Auto     Auto    13.00
O14           876        8     Proaim(5)    4334      (Very High)      Auto     Auto     Auto    13.00
H15           235        8     Proaim(5)    2030      (Very High)      Auto     Auto     Auto    13.00
H16           214        8     Proaim(5)    2030      (Very High)      Auto     Auto     Auto    13.00
O17           883        8     Proaim(5)    4334      (Very High)      Auto     Auto     Auto    13.00
H18           274        8     Proaim(5)    2030      (Very High)      Auto     Auto     Auto    13.00
H19           309        8     Proaim(5)    2030      (Very High)      Auto     Auto     Auto    13.00
------------------------------------------------------------------------------------------------------
Total        8976
Note:  Total wall clock time is less than total of atomic times if more than one atom
       was calculated at a time
Note:  Total time does not include times for diatomic interaction energy calculations (8334 seconds)
 
Electron Density Critical Point Analysis of Molecular Structure:               
---------------------------------------------------------------                
  NACP = Nuclear Attractor Critical Point                                      
  NNACP = Non-Nuclear Attractor Critical Point                                 
  BCP = Bond Critical Point                                                    
  RCP = Ring Critical Point                                                    
  CCP = Cage Critical Point                                                    
  Rho = Electron Density                                                       
  GradRho = Gradient of Electron Density                                       
  HessRho_EigVals = Eigenvalues of the Hessian of Rho, Ascending Order         
  HessRho_EigVecs = Eigenvectors of the Hessian of Rho                         
  DelSqRho = Laplacian of Rho = Trace of Hessian of Rho                        
  Bond Ellipticity = (HessRho_EigVal(1) / HessRho_EigVal(2)) - 1               
  V = Virial Field = Potential Energy Density = Trace of Stress Tensor         
  G = Lagrangian Form of Kinetic Energy Density                                
  K = Hamiltonian Form of Kinetic Energy Density                               
  L = K - G = Lagrangian Density = (-1/4)DelSqRho                              
  Vnuc = Electrostatic Potential from Nuclei                                   
  Ven = Electron-nuclear attractive contribution to Virial Field V             
  Vrep = V - Ven = Repulsive contribution to Virial Field V                    
  DelSqV = Laplacian of V                                                      
  DelSqVen = Laplacian of Ven                                                  
  DelSqVrep = Laplacian of Vrep                                                
  DelSqG = Laplacian of G                                                      
  DelSqK = Laplacian of K                                                      
  Stress_EigVals = Eigenvalues of Stress Tensor, Ascending Order               
  Stress_EigVecs = Eigenvectors of Stress Tensor                               
  -DivStress = Ehrenfest Force Density = Minus Divergence of Stress Tensor     
  ESP = Total Electrostatic Potential                                          
  ESPe = Electrostatic Potential from Electrons                                
  ESPn = Electrostatic Potential from Nuclei                                   
  BP = Bond Path                                                               
  BPL = Bond Path Length                                                       
  GBL = Geometric Bond Length                                                  
  GBL_I = Distance Between Nuclear Attractors                                  
  GBL_II = Distance Between Nuclei                                             
  GBL_III = Sum of Distances Between BCP and Nuclear Attractors                
  GBL_IV = Sum of Distances Between BCP and Nuclei                             

CP# 1      Coords =  6.04085764866498E-06  3.49418619839618E-05 -5.04287705233380E-05
           Type = (3,-3) NACP Ni1
           Rho =  1.4571241058E+04     Rho at Nucleus =  1.4571241058E+04
           GradRho = -3.3042934843E-14 -7.1503680628E-13 -2.5876215131E-12
           HessRho_EigVals = -8.4453169681E+08 -8.4453168555E+08 -8.4453168059E+08
           HessRho_EigVec1 = -6.3861990250E-01 -5.4623125175E-01  5.4202955615E-01
           HessRho_EigVec2 = -1.2462812953E-01 -6.2165609210E-01 -7.7331205376E-01
           HessRho_EigVec3 = -7.5936318679E-01  5.6140459811E-01 -3.2892617373E-01
           DelSqRho = -2.5335950629E+09
           Bond Ellipticity = NA
           V = -6.3393769565E+08
           G =  2.6946495466E+05
           K =  6.3366823069E+08
           L =  6.3339876574E+08
           Vnuc =  2.8000000127E+09
           Ven = -4.0799475147E+13
           Vrep =  4.0798841209E+13
           DelSqV =  1.3171125412E+15
           DelSqVen =  1.2239842087E+30
           DelSqVrep = -1.2239842087E+30
           DelSqG =  3.6767948826E+13
           DelSqK = -1.3538804900E+15
           Stress_EigVals = -2.1131256536E+08 -2.1131256526E+08 -2.1131256503E+08
           Stress_EigVec1 =  7.7889703665E-01 -6.2047271701E-01  9.1285342428E-02
           Stress_EigVec2 =  6.0502234167E-01  7.8173522259E-01  1.5112249283E-01
           Stress_EigVec3 = -1.6512835121E-01 -6.2479190201E-02  9.8429110451E-01
           -DivStress = -1.7725048843E+01 -7.6861281182E+02 -1.5971951532E+02
           ESP =  -1.2818813827E+02     ESP at Nucleus =  -1.2818813827E+02
           ESPe = -1.4084909880E+02     ESPe at Nucleus = -1.4084909880E+02
           ESPn =  1.2660960527E+01     ESPn at Nucleus =  1.2660960527E+01

CP# 2      Coords = -4.53355648469996E+00  6.12780598543641E-02 -1.11649209860677E-01
           Type = (3,-3) NACP O2
           Rho =  2.9548604443E+02     Rho at Nucleus =  2.9548602466E+02
           GradRho = -1.1289435099E-11 -5.4022010389E-13  2.8689550735E-12
           HessRho_EigVals = -8.2189383039E+05 -8.2188171880E+05 -8.2185755134E+05
           HessRho_EigVec1 =  4.2416184578E-02  9.9884607807E-01  2.2525088570E-02
           HessRho_EigVec2 =  9.9496508810E-01 -4.0180850015E-02 -9.1814883119E-02
           HessRho_EigVec3 =  9.0803858706E-02 -2.6306113763E-02  9.9552129441E-01
           DelSqRho = -2.4656331005E+06
           Bond Ellipticity = NA
           V = -6.1654738514E+05
           G =  6.9555005081E+01
           K =  6.1647783014E+05
           L =  6.1640827513E+05
           Vnuc =  1.1535591387E+06
           Ven = -3.4086062692E+08
           Vrep =  3.4024407953E+08
           DelSqV =  3.9215918418E+10
           DelSqVen =  2.8442535967E+12
           DelSqVrep = -2.8050376793E+12
           DelSqG =  1.7148924149E+09
           DelSqK = -4.0930810833E+10
           Stress_EigVals = -2.0552050977E+05 -2.0551461930E+05 -2.0551225607E+05
           Stress_EigVec1 =  9.6735568763E-02 -2.6544209539E-02  9.9495609686E-01
           Stress_EigVec2 =  9.9439841722E-01 -4.0199248477E-02 -9.7753814513E-02
           Stress_EigVec3 =  4.2591285097E-02  9.9883903877E-01  2.2506822787E-02
           -DivStress =  8.5693139068E+04 -2.8310526421E+03 -2.2089040298E+04
           ESP =  -2.2027259121E+01     ESP at Nucleus =  -2.2027259323E+01
           ESPe = -3.6472846578E+01     ESPe at Nucleus = -3.6472858509E+01
           ESPn =  1.4445587457E+01     ESPn at Nucleus =  1.4445599187E+01

CP# 3      Coords = -5.61228383660085E+00 -1.33227750338886E+00  1.10671396752671E-02
           Type = (3,-3) NACP H3
           Rho =  4.0660629956E-01     Rho at Nucleus =  3.9685673157E-01
           GradRho =  1.8477123772E-15 -4.0191607468E-17  2.0591370948E-17
           HessRho_EigVals = -8.0022489399E+00 -7.9781338319E+00 -6.2356771099E+00
           HessRho_EigVec1 =  7.8932771700E-01 -6.0538449830E-01 -1.0232968482E-01
           HessRho_EigVec2 =  1.2088612222E-01 -1.0167327985E-02  9.9261431125E-01
           HessRho_EigVec3 =  6.0195373629E-01  7.9586822694E-01 -6.5157230666E-02
           DelSqRho = -2.2216059882E+01
           Bond Ellipticity = NA
           V = -5.6143698178E+00
           G =  3.0177423662E-02
           K =  5.5841923941E+00
           L =  5.5540149704E+00
           Vnuc =  3.5031543567E+01
           Ven = -1.4244046297E+01
           Vrep =  8.6296764796E+00
           DelSqV =  1.3478536481E+03
           DelSqVen =  7.7826286962E+02
           DelSqVrep =  5.6959077845E+02
           DelSqG =  1.0347213709E+02
           DelSqK = -1.4513257852E+03
           Stress_EigVals = -2.0261458869E+00 -2.0205436566E+00 -1.5676802743E+00
           Stress_EigVec1 =  1.2297519656E-01 -1.2724138257E-02  9.9232817018E-01
           Stress_EigVec2 =  7.9155738527E-01 -6.0186439277E-01 -1.0581190169E-01
           Stress_EigVec3 =  5.9859335685E-01  7.9849693112E-01 -6.3942506392E-02
           -DivStress = -1.4660751569E+01 -1.9535007853E+01  1.5639920064E+00
           ESP =  -6.7258841971E-01     ESP at Nucleus =  -6.7629190765E-01
           ESPe = -1.6753012225E+01     ESPe at Nucleus = -1.6562746483E+01
           ESPn =  1.6080423806E+01     ESPn at Nucleus =  1.5886454576E+01

CP# 4      Coords = -5.50037422832920E+00  1.52840568338854E+00  7.63265615264732E-02
           Type = (3,-3) NACP H4
           Rho =  4.0626608594E-01     Rho at Nucleus =  3.9651556307E-01
           GradRho = -1.7895485305E-15 -1.2610795925E-16  1.3688052428E-17
           HessRho_EigVals = -7.9940545892E+00 -7.9699104641E+00 -6.2279738274E+00
           HessRho_EigVec1 =  8.3491098026E-01  5.4509028058E-01 -7.6159313650E-02
           HessRho_EigVec2 =  1.1961848877E-01 -4.4643590627E-02  9.9181569203E-01
           HessRho_EigVec3 = -5.3722906863E-01  8.3718787368E-01  1.0247629962E-01
           DelSqRho = -2.2191938881E+01
           Bond Ellipticity = NA
           V = -5.6081703601E+00
           G =  3.0092819947E-02
           K =  5.5780775401E+00
           L =  5.5479847202E+00
           Vnuc =  3.5151182288E+01
           Ven = -1.4280733245E+01
           Vrep =  8.6725628845E+00
           DelSqV =  1.3461909323E+03
           DelSqVen =  7.8007288892E+02
           DelSqVrep =  5.6611804335E+02
           DelSqG =  1.0333563866E+02
           DelSqK = -1.4495265709E+03
           Stress_EigVals = -2.0240158857E+00 -2.0184307002E+00 -1.5657237742E+00
           Stress_EigVec1 =  1.2175949487E-01 -4.2350755884E-02  9.9165570582E-01
           Stress_EigVec2 =  8.3689181907E-01  5.4154527611E-01 -7.9629122186E-02
           Stress_EigVec3 = -5.3365410950E-01  8.3960414923E-01  1.0138128040E-01
           -DivStress = -1.3059610947E+01  2.0535125685E+01  2.4794201104E+00
           ESP =  -6.7313172651E-01     ESP at Nucleus =  -6.7682930802E-01
           ESPe = -1.6884469030E+01     ESPe at Nucleus = -1.6696380215E+01
           ESPn =  1.6211337304E+01     ESPn at Nucleus =  1.6019550907E+01

CP# 5      Coords =  6.04626634898511E-02  1.51190896110386E-02  4.53487101820021E+00
           Type = (3,-3) NACP O5
           Rho =  2.9548004512E+02     Rho at Nucleus =  2.9548002580E+02
           GradRho =  1.8628371415E-12 -7.4884543011E-14 -1.9831215316E-10
           HessRho_EigVals = -8.2187714616E+05 -8.2186508605E+05 -8.2184070828E+05
           HessRho_EigVec1 =  9.9861375200E-01 -3.3493056536E-02 -4.0605288734E-02
           HessRho_EigVec2 =  3.8643066000E-02 -5.7287334311E-02  9.9760958034E-01
           HessRho_EigVec3 =  3.5739162825E-02  9.9779575891E-01  5.5913645464E-02
           DelSqRho = -2.4655829405E+06
           Bond Ellipticity = NA
           V = -6.1653488736E+05
           G =  6.9576121296E+01
           K =  6.1646531124E+05
           L =  6.1639573512E+05
           Vnuc =  1.1668044193E+06
           Ven = -3.4476742247E+08
           Vrep =  3.4415088758E+08
           DelSqV =  3.9215126708E+10
           DelSqVen =  2.8768530698E+12
           DelSqVrep = -2.8376379431E+12
           DelSqG =  1.7148575608E+09
           DelSqK = -4.0929984269E+10
           Stress_EigVals = -2.0551637554E+05 -2.0551043174E+05 -2.0550808009E+05
           Stress_EigVec1 =  3.5836792016E-02  9.9761672415E-01  5.8962666479E-02
           Stress_EigVec2 =  3.8783703838E-02 -6.0344471817E-02  9.9742386629E-01
           Stress_EigVec3 =  9.9860480104E-01 -3.3457681054E-02 -4.0853823859E-02
           -DivStress = -2.8033575062E+03  1.2312294978E+04 -8.6617378597E+04
           ESP =  -2.2027609636E+01     ESP at Nucleus =  -2.2027609834E+01
           ESPe = -3.6471714917E+01     ESPe at Nucleus = -3.6471727077E+01
           ESPn =  1.4444105280E+01     ESPn at Nucleus =  1.4444117243E+01

CP# 6      Coords = -1.33454469227198E+00 -2.74402695936757E-02  5.61788183935016E+00
           Type = (3,-3) NACP H6
           Rho =  4.0647888437E-01     Rho at Nucleus =  3.9672864771E-01
           GradRho = -6.0409712172E-16 -1.2685165418E-17 -4.4823628316E-16
           HessRho_EigVals = -8.0003285295E+00 -7.9760194084E+00 -6.2337257991E+00
           HessRho_EigVec1 =  6.0386507939E-01 -7.3381524083E-02  7.9370152943E-01
           HessRho_EigVec2 =  2.7189370030E-02  9.9707011823E-01  7.1497674752E-02
           HessRho_EigVec3 =  7.9662268613E-01  2.1594704464E-02 -6.0409102351E-01
           DelSqRho = -2.2210073737E+01
           Bond Ellipticity = NA
           V = -5.6128767447E+00
           G =  3.0179155215E-02
           K =  5.5826975894E+00
           L =  5.5525184342E+00
           Vnuc =  3.5021319517E+01
           Ven = -1.4235426886E+01
           Vrep =  8.6225501418E+00
           DelSqV =  1.3474674829E+03
           DelSqVen =  7.7782608883E+02
           DelSqVrep =  5.6964139408E+02
           DelSqG =  1.0344960288E+02
           DelSqK = -1.4509170858E+03
           Stress_EigVals = -2.0256673393E+00 -2.0200327371E+00 -1.5671766683E+00
           Stress_EigVec1 =  2.8854419059E-02  9.9691151102E-01  7.3040137521E-02
           Stress_EigVec2 =  6.0032424512E-01 -7.5707850322E-02  7.9616526056E-01
           Stress_EigVec3 =  7.9923602472E-01  2.0874879353E-02 -6.0065465635E-01
           -DivStress = -1.9551889103E+01 -5.1065929468E-01  1.4709027096E+01
           ESP =  -6.7277236167E-01     ESP at Nucleus =  -6.7647130743E-01
           ESPe = -1.6746177067E+01     ESPe at Nucleus = -1.6555847644E+01
           ESPn =  1.6073404705E+01     ESPn at Nucleus =  1.5879376337E+01

CP# 7      Coords =  1.52648411108432E+00 -1.23637609670955E-01  5.51112344917302E+00
           Type = (3,-3) NACP H7
           Rho =  4.0629779943E-01     Rho at Nucleus =  3.9654043857E-01
           GradRho =  1.1360914108E-16  5.7178112071E-17  2.0404862763E-15
           HessRho_EigVals = -7.9950509567E+00 -7.9707047281E+00 -6.2278195532E+00
           HessRho_EigVec1 = -5.4601573478E-01 -3.4974881387E-02  8.3704454783E-01
           HessRho_EigVec2 =  4.5102914187E-02  9.9645203635E-01  7.1056782778E-02
           HessRho_EigVec3 =  8.3655994675E-01 -7.6551269871E-02  5.4250102173E-01
           DelSqRho = -2.2193575238E+01
           Bond Ellipticity = NA
           V = -5.6086405706E+00
           G =  3.0123380539E-02
           K =  5.5785171900E+00
           L =  5.5483938095E+00
           Vnuc =  3.5126119118E+01
           Ven = -1.4271664900E+01
           Vrep =  8.6630243295E+00
           DelSqV =  1.3462218198E+03
           DelSqVen =  7.7957416746E+02
           DelSqVrep =  5.6664765230E+02
           DelSqG =  1.0334486405E+02
           DelSqK = -1.4495666838E+03
           Stress_EigVals = -2.0242932151E+00 -2.0186700304E+00 -1.5656773251E+00
           Stress_EigVec1 =  4.4249355797E-02  9.9644777728E-01  7.1650692059E-02
           Stress_EigVec2 = -5.4239415224E-01 -3.6267599326E-02  8.3934095864E-01
           Stress_EigVec3 =  8.3895803121E-01 -7.6003213091E-02  5.3886262950E-01
           -DivStress =  2.0527345622E+01 -1.8595808315E+00  1.3192371057E+01
           ESP =  -6.7331068982E-01     ESP at Nucleus =  -6.7701402594E-01
           ESPe = -1.6865661857E+01     ESPe at Nucleus = -1.6677216802E+01
           ESPn =  1.6192351168E+01     ESPn at Nucleus =  1.6000202777E+01

CP# 8      Coords = -1.36791222826581E-01  4.53276040369408E+00  7.12210396284278E-02
           Type = (3,-3) NACP O8
           Rho =  2.9547636620E+02     Rho at Nucleus =  2.9547634658E+02
           GradRho = -1.0085778133E-11  8.0389757446E-11 -3.8050788648E-12
           HessRho_EigVals = -8.2186562580E+05 -8.2185358808E+05 -8.2182981949E+05
           HessRho_EigVec1 =  2.7401189848E-02  2.5313844345E-03  9.9962131174E-01
           HessRho_EigVec2 =  1.0029102123E-01  9.9494419548E-01 -5.2686747478E-03
           HessRho_EigVec3 =  9.9458075884E-01 -1.0039741016E-01 -2.7008779658E-02
           DelSqRho = -2.4655490334E+06
           Bond Ellipticity = NA
           V = -6.1652669508E+05
           G =  6.9718371239E+01
           K =  6.1645697671E+05
           L =  6.1638725834E+05
           Vnuc =  1.1578086027E+06
           Ven = -3.4210507870E+08
           Vrep =  3.4148855200E+08
           DelSqV =  3.9214596863E+10
           DelSqVen =  2.8546338755E+12
           DelSqVrep = -2.8154192786E+12
           DelSqG =  1.7148324705E+09
           DelSqK = -4.0929429334E+10
           Stress_EigVals = -2.0551353016E+05 -2.0550775401E+05 -2.0550541092E+05
           Stress_EigVec1 =  9.9388303415E-01 -1.0700354212E-01 -2.7326843936E-02
           Stress_EigVec2 =  1.0645077996E-01  9.9409738233E-01 -2.0943397185E-02
           Stress_EigVec3 =  2.9406561707E-02  1.7906323289E-02  9.9940713311E-01
           -DivStress = -2.4656608559E+04 -8.4655324157E+04 -2.5741763979E+03
           ESP =  -2.2028044286E+01     ESP at Nucleus =  -2.2028044497E+01
           ESPe = -3.6482543565E+01     ESPe at Nucleus = -3.6482555273E+01
           ESPn =  1.4454499278E+01     ESPn at Nucleus =  1.4454510777E+01

CP# 9      Coords =  4.73413286054851E-04  5.56942350191584E+00 -1.30600163933867E+00
           Type = (3,-3) NACP H9
           Rho =  4.2378900991E-01     Rho at Nucleus =  4.1306159532E-01
           GradRho = -2.7958863523E-17  3.1667207647E-15  3.7333146557E-16
           HessRho_EigVals = -8.2865183142E+00 -8.2600013943E+00 -6.3543510359E+00
           HessRho_EigVec1 =  1.1273146568E-01  7.9514208262E-01  5.9585290559E-01
           HessRho_EigVec2 =  9.9080684488E-01 -1.3509361784E-01 -7.1770854074E-03
           HessRho_EigVec3 = -7.4789122077E-02 -5.9118422076E-01  8.0306151965E-01
           DelSqRho = -2.2900870744E+01
           Bond Ellipticity = NA
           V = -5.7926307238E+00
           G =  3.3706518848E-02
           K =  5.7589242049E+00
           L =  5.7252176861E+00
           Vnuc =  3.4584159482E+01
           Ven = -1.4656386705E+01
           Vrep =  8.8637559817E+00
           DelSqV =  1.3787389261E+03
           DelSqVen =  7.9200736610E+02
           DelSqVrep =  5.8673155999E+02
           DelSqG =  1.0574860667E+02
           DelSqK = -1.4844875328E+03
           Stress_EigVals = -2.1003864465E+00 -2.0941760914E+00 -1.5980681858E+00
           Stress_EigVec1 =  9.9040089092E-01 -1.3784238400E-01 -1.0273872013E-02
           Stress_EigVec2 =  1.1707575164E-01  7.9703254738E-01  5.9247986193E-01
           Stress_EigVec3 = -7.3480226257E-02 -5.8799540440E-01  8.0551974573E-01
           -DivStress =  1.9141470579E+00  1.5334689210E+01 -2.0989213018E+01
           ESP =  -6.7478384636E-01     ESP at Nucleus =  -6.8010727395E-01
           ESPe = -1.6936893179E+01     ESPe at Nucleus = -1.6736207353E+01
           ESPn =  1.6262109333E+01     ESPn at Nucleus =  1.6056100079E+01

CP# 10     Coords =  7.11654840604853E-02  5.51787988448132E+00  1.52593068473991E+00
           Type = (3,-3) NACP H10
           Rho =  4.0535927007E-01     Rho at Nucleus =  3.9565771721E-01
           GradRho = -7.6964801719E-17  3.0434249549E-15 -3.3789499519E-16
           HessRho_EigVals = -7.9784884482E+00 -7.9546196987E+00 -6.2210378090E+00
           HessRho_EigVec1 =  8.5669110276E-02  8.2601436439E-01 -5.5710059537E-01
           HessRho_EigVec2 =  9.8987315348E-01 -1.3408954621E-01 -4.6595424880E-02
           HessRho_EigVec3 =  1.1318985629E-01  5.4746713455E-01  8.2913677582E-01
           DelSqRho = -2.2154145956E+01
           Bond Ellipticity = NA
           V = -5.5982334354E+00
           G =  2.9848473213E-02
           K =  5.5683849622E+00
           L =  5.5385364890E+00
           Vnuc =  3.5142940630E+01
           Ven = -1.4245516762E+01
           Vrep =  8.6472833265E+00
           DelSqV =  1.3443885564E+03
           DelSqVen =  7.7856183604E+02
           DelSqVrep =  5.6582672038E+02
           DelSqG =  1.0320028261E+02
           DelSqK = -1.4475888390E+03
           Stress_EigVals = -2.0199395189E+00 -2.0143807295E+00 -1.5639131870E+00
           Stress_EigVec1 =  9.8968912377E-01 -1.3627177520E-01 -4.4107160079E-02
           Stress_EigVec2 =  8.9330471467E-02  8.2796350999E-01 -5.5362125410E-01
           Stress_EigVec3 =  1.1196207016E-01  5.4397282047E-01  8.3159970265E-01
           -DivStress =  2.7288528171E+00  1.3266363720E+01  2.0270714454E+01
           ESP =  -6.7213074575E-01     ESP at Nucleus =  -6.7574373871E-01
           ESPe = -1.6842402104E+01     ESPe at Nucleus = -1.6654130694E+01
           ESPn =  1.6170271359E+01     ESPn at Nucleus =  1.5978386955E+01

CP# 11     Coords =  4.53356852704562E+00 -6.12086855793366E-02  1.11549671572604E-01
           Type = (3,-3) NACP O11
           Rho =  2.9548604221E+02     Rho at Nucleus =  2.9548602245E+02
           GradRho = -3.0918796213E-10  2.1690870129E-12 -3.7424126298E-12
           HessRho_EigVals = -8.2189382400E+05 -8.2188171247E+05 -8.2185754500E+05
           HessRho_EigVec1 =  4.2412210174E-02  9.9884626050E-01  2.2524482314E-02
           HessRho_EigVec2 =  9.9496524180E-01 -4.0176944996E-02 -9.1814926300E-02
           HessRho_EigVec3 =  9.0804030906E-02 -2.6305150943E-02  9.9552130414E-01
           DelSqRho = -2.4656330815E+06
           Bond Ellipticity = NA
           V = -6.1654738041E+05
           G =  6.9555022272E+01
           K =  6.1647782539E+05
           L =  6.1640827037E+05
           Vnuc =  1.1535634187E+06
           Ven = -3.4086188903E+08
           Vrep =  3.4024534165E+08
           DelSqV =  3.9215918117E+10
           DelSqVen =  2.8442641265E+12
           DelSqVrep = -2.8050482083E+12
           DelSqG =  1.7148924013E+09
           DelSqK = -4.0930810519E+10
           Stress_EigVals = -2.0552050819E+05 -2.0551461772E+05 -2.0551225451E+05
           Stress_EigVec1 =  9.6735364697E-02 -2.6543115270E-02  9.9495614589E-01
           Stress_EigVec2 =  9.9439849246E-01 -4.0198061600E-02 -9.7753537186E-02
           Stress_EigVec3 =  4.2589991847E-02  9.9883911561E-01  2.2505859661E-02
           -DivStress = -8.5692980754E+04  2.8300033628E+03  2.2088469429E+04
           ESP =  -2.2027259354E+01     ESP at Nucleus =  -2.2027259555E+01
           ESPe = -3.6472843922E+01     ESPe at Nucleus = -3.6472855853E+01
           ESPn =  1.4445584568E+01     ESPn at Nucleus =  1.4445596298E+01

CP# 12     Coords =  5.61229122604739E+00  1.33234904239799E+00 -1.11669556713064E-02
           Type = (3,-3) NACP H12
           Rho =  4.0660717421E-01     Rho at Nucleus =  3.9685758926E-01
           GradRho = -2.0353352572E-15  1.4436398096E-16 -2.5654933906E-17
           HessRho_EigVals = -8.0022634745E+00 -7.9781483479E+00 -6.2356884440E+00
           HessRho_EigVec1 =  7.8932919687E-01 -6.0538254415E-01 -1.0232983051E-01
           HessRho_EigVec2 =  1.2088655244E-01 -1.0166735404E-02  9.9261426492E-01
           HessRho_EigVec3 =  6.0195170937E-01  7.9586972095E-01 -6.5157707575E-02
           DelSqRho = -2.2216100266E+01
           Bond Ellipticity = NA
           V = -5.6143801950E+00
           G =  3.0177564200E-02
           K =  5.5842026308E+00
           L =  5.5540250666E+00
           Vnuc =  3.5031553080E+01
           Ven = -1.4244080806E+01
           Vrep =  8.6297006108E+00
           DelSqV =  1.3478560365E+03
           DelSqVen =  7.7826449570E+02
           DelSqVrep =  5.6959154081E+02
           DelSqG =  1.0347229424E+02
           DelSqK = -1.4513283308E+03
           Stress_EigVals = -2.0261496469E+00 -2.0205473979E+00 -1.5676831503E+00
           Stress_EigVec1 =  1.2297543227E-01 -1.2723326863E-02  9.9232815137E-01
           Stress_EigVec2 =  7.9155888640E-01 -6.0186244332E-01 -1.0581176063E-01
           Stress_EigVec3 =  5.9859132337E-01  7.9849841345E-01 -6.3943031693E-02
           -DivStress =  1.4660730953E+01  1.9535075329E+01 -1.5640107018E+00
           ESP =  -6.7258877220E-01     ESP at Nucleus =  -6.7629230397E-01
           ESPe = -1.6753021440E+01     ESPe at Nucleus = -1.6562755639E+01
           ESPn =  1.6080432668E+01     ESPn at Nucleus =  1.5886463335E+01

CP# 13     Coords =  5.50039008527414E+00 -1.52833147369572E+00 -7.64253235059692E-02
           Type = (3,-3) NACP H13
           Rho =  4.0626643362E-01     Rho at Nucleus =  3.9651584222E-01
           GradRho = -9.3342014348E-16  6.0064080378E-16 -5.9861512448E-17
           HessRho_EigVals = -7.9940596627E+00 -7.9699153717E+00 -6.2279679246E+00
           HessRho_EigVec1 =  8.3490917051E-01  5.4509297225E-01 -7.6159888346E-02
           HessRho_EigVec2 =  1.1961903013E-01 -4.4642760455E-02  9.9181566411E-01
           HessRho_EigVec3 = -5.3723176062E-01  8.3718616540E-01  1.0247614277E-01
           DelSqRho = -2.2191942959E+01
           Bond Ellipticity = NA
           V = -5.6081716019E+00
           G =  3.0092931091E-02
           K =  5.5780786708E+00
           L =  5.5479857397E+00
           Vnuc =  3.5151109407E+01
           Ven = -1.4280715856E+01
           Vrep =  8.6725442545E+00
           DelSqV =  1.3461902271E+03
           DelSqVen =  7.8007141490E+02
           DelSqVrep =  5.6611881224E+02
           DelSqG =  1.0333560722E+02
           DelSqK = -1.4495258344E+03
           Stress_EigVals = -2.0240172604E+00 -2.0184320462E+00 -1.5657222954E+00
           Stress_EigVec1 =  1.2175995269E-01 -4.2350015854E-02  9.9165568121E-01
           Stress_EigVec2 =  8.3689000034E-01  5.4154802026E-01 -7.9629574157E-02
           Stress_EigVec3 = -5.3365685721E-01  8.3960241657E-01  1.0138116611E-01
           -DivStress =  1.3059720357E+01 -2.0535161390E+01 -2.4794292841E+00
           ESP =  -6.7313199271E-01     ESP at Nucleus =  -6.7682966247E-01
           ESPe = -1.6884463228E+01     ESPe at Nucleus = -1.6696373412E+01
           ESPn =  1.6211331236E+01     ESPn at Nucleus =  1.6019543750E+01

CP# 14     Coords = -6.04513235379733E-02 -1.50554687684310E-02 -4.53497184495520E+00
           Type = (3,-3) NACP O14
           Rho =  2.9548004235E+02     Rho at Nucleus =  2.9548002303E+02
           GradRho = -5.2547115964E-13  5.1492143882E-13 -8.3374106230E-13
           HessRho_EigVals = -8.2187713815E+05 -8.2186507818E+05 -8.2184070024E+05
           HessRho_EigVec1 =  9.9861376084E-01 -3.3493271415E-02 -4.0604894089E-02
           HessRho_EigVec2 =  3.8642849645E-02 -5.7282031891E-02  9.9760989319E-01
           HessRho_EigVec3 =  3.5739149757E-02  9.9779605611E-01  5.5908349844E-02
           DelSqRho = -2.4655829166E+06
           Bond Ellipticity = NA
           V = -6.1653488140E+05
           G =  6.9576126426E+01
           K =  6.1646530527E+05
           L =  6.1639572914E+05
           Vnuc =  1.1668142015E+06
           Ven = -3.4477030967E+08
           Vrep =  3.4415377478E+08
           DelSqV =  3.9215126330E+10
           DelSqVen =  2.8768771625E+12
           DelSqVrep = -2.8376620362E+12
           DelSqG =  1.7148575437E+09
           DelSqK = -4.0929983873E+10
           Stress_EigVals = -2.0551637356E+05 -2.0551042973E+05 -2.0550807810E+05
           Stress_EigVec1 =  3.5836804837E-02  9.9761702902E-01  5.8957500187E-02
           Stress_EigVec2 =  3.8782958258E-02 -6.0339282067E-02  9.9742420925E-01
           Stress_EigVec3 =  9.9860482953E-01 -3.3457950457E-02 -4.0852906670E-02
           -DivStress =  2.8034088619E+03 -1.2312545102E+04  8.6616599168E+04
           ESP =  -2.2027613315E+01     ESP at Nucleus =  -2.2027613512E+01
           ESPe = -3.6471708992E+01     ESPe at Nucleus = -3.6471721152E+01
           ESPn =  1.4444095678E+01     ESPn at Nucleus =  1.4444107640E+01

CP# 15     Coords =  1.33455534920636E+00  2.75034944363442E-02 -5.61798293457587E+00
           Type = (3,-3) NACP H15
           Rho =  4.0647882630E-01     Rho at Nucleus =  3.9672857055E-01
           GradRho =  3.7699742416E-16  1.5612511284E-17 -9.1493110831E-17
           HessRho_EigVals = -8.0003270319E+00 -7.9760179182E+00 -6.2337213227E+00
           HessRho_EigVec1 =  6.0386565279E-01 -7.3379764778E-02  7.9370125583E-01
           HessRho_EigVec2 =  2.7188544378E-02  9.9707025292E-01  7.1496110295E-02
           HessRho_EigVec3 =  7.9662227965E-01  2.1594463498E-02 -6.0409156815E-01
           DelSqRho = -2.2210066273E+01
           Bond Ellipticity = NA
           V = -5.6128748657E+00
           G =  3.0179148735E-02
           K =  5.5826957169E+00
           L =  5.5525165682E+00
           Vnuc =  3.5021286454E+01
           Ven = -1.4235411413E+01
           Vrep =  8.6225365474E+00
           DelSqV =  1.3474667097E+03
           DelSqVen =  7.7782509309E+02
           DelSqVrep =  5.6964161662E+02
           DelSqG =  1.0344955311E+02
           DelSqK = -1.4509162628E+03
           Stress_EigVals = -2.0256669646E+00 -2.0200323511E+00 -1.5671755500E+00
           Stress_EigVec1 =  2.8852917379E-02  9.9691173808E-01  7.3037631648E-02
           Stress_EigVec2 =  6.0032488438E-01 -7.5704931046E-02  7.9616505613E-01
           Stress_EigVec3 =  7.9923559877E-01  2.0874623190E-02 -6.0065523202E-01
           -DivStress =  1.9551893870E+01  5.1065709736E-01 -1.4709054287E+01
           ESP =  -6.7277624461E-01     ESP at Nucleus =  -6.7647520942E-01
           ESPe = -1.6746170315E+01     ESPe at Nucleus = -1.6555840576E+01
           ESPn =  1.6073394070E+01     ESPn at Nucleus =  1.5879365367E+01

CP# 16     Coords = -1.52647334872240E+00  1.23700915221090E-01 -5.51122406731144E+00
           Type = (3,-3) NACP H16
           Rho =  4.0629749657E-01     Rho at Nucleus =  3.9654013791E-01
           GradRho =  5.7900715879E-16 -7.7791505876E-18  1.7379989524E-15
           HessRho_EigVals = -7.9950457096E+00 -7.9706995285E+00 -6.2278148161E+00
           HessRho_EigVec1 = -5.4601570816E-01 -3.4973328889E-02  8.3704463006E-01
           HessRho_EigVec2 =  4.5103587047E-02  9.9645210678E-01  7.1055368064E-02
           HessRho_EigVec3 =  8.3655992785E-01 -7.6551062446E-02  5.4250108015E-01
           DelSqRho = -2.2193560054E+01
           Bond Ellipticity = NA
           V = -5.6086366527E+00
           G =  3.0123319574E-02
           K =  5.5785133331E+00
           L =  5.5483900135E+00
           Vnuc =  3.5126103996E+01
