AIMSum (Version 16.05.18, Professional)
Copyright (c) 1997-2016 by Todd A. Keith
AIMSum is a component of the AIMAll package ( http://aim.tkgristmill.com )

TP:  64-bit Linux

Licensed To:  Research Group of Fernando Cortes Guzman, UNAM, fercor@unam.mx

Much of the Quantum Theory of Atoms in Molecules (QTAIM) is described in the book:
  "Atoms in Molecules - A Quantum Theory"
  R.F.W. Bader, Oxford University Press, Oxford, 1990

For additional references see:  http://aim.tkgristmill.com/references.html

Wfx File:  /home/davit_gabo/David/max_int2/acercamiento/Ni23_22_beta.wfx
Sum File:  /home/davit_gabo/David/max_int2/acercamiento/Ni23_22_beta.sum

SumViz File:  /home/davit_gabo/David/max_int2/acercamiento/Ni23_22_beta.sumviz

Wfx Title:   Ni23_22                                                                       
 
Total memory allocated for AIMSum =        1.347 Megabytes

Atomic units (a.u.) used throughout, except where stated otherwise

Model:  Unknown
 
Unrestricted, natural orbital wavefunction.
  Number of electrons (from MO Occs)                   =          42.0000000000
  Number of Alpha electrons (from MO Occs)             =           0.0000000000
  Number of Beta electrons (from MO Occs)              =          42.0000000000
  Number of electron pairs (N*(N-1)/2)                 =         861.0000000000
  Number of electron pairs (from Muller 2EDM)          =         861.0000000000
  Number of electron pairs (from Muller 2EDM, no SOSI) =         861.0000000000
 
Nuclear Charges and Cartesian Coordinates:
-------------------------------------------------------------------------------
Atom      Charge                X                  Y                  Z
-------------------------------------------------------------------------------
Ni1       28.0           0.0000000000E+00   0.0000000000E+00   0.0000000000E+00
O2         8.0          -4.1560826401E+00   3.2269968594E-02  -9.9446846522E-02
H3         1.0          -5.2596050897E+00  -1.4112563829E+00   1.4029900595E-02
H4         1.0          -5.1686146001E+00   1.5359050036E+00   7.2565345467E-02
O5         8.0           4.1317284806E-02   8.5725118008E-02   4.1563082120E+00
H6         1.0          -1.3929588330E+00  -5.7045360870E-02   5.2683348113E+00
H7         1.0           1.5538658140E+00  -8.1500970970E-02   5.1564496310E+00
O8         8.0          -8.4856509206E-02   4.1560456123E+00   6.3546366765E-02
H9         1.0           1.3417489306E-02   5.2825362190E+00  -1.3631028283E+00
H10        1.0           5.2324201776E-02   5.1498640523E+00   1.5832701479E+00
O11        8.0           4.1560826401E+00  -3.2269968594E-02   9.9446846522E-02
H12        1.0           5.2596050897E+00   1.4112563829E+00  -1.4029900595E-02
H13        1.0           5.1686146001E+00  -1.5359050036E+00  -7.2565345467E-02
O14        8.0          -4.1317284806E-02  -8.5725118008E-02  -4.1563082120E+00
H15        1.0           1.3929588330E+00   5.7045360870E-02  -5.2683348113E+00
H16        1.0          -1.5538658140E+00   8.1500970970E-02  -5.1564496310E+00
O17        8.0           8.4856509206E-02  -4.1560456123E+00  -6.3546366765E-02
H18        1.0          -1.3417489306E-02  -5.2825362190E+00   1.3631028283E+00
H19        1.0          -5.2324201776E-02  -5.1498640523E+00  -1.5832701479E+00
 
Some Atomic Properties:
----------------------
  q(A) = Net Charge of Atom A
  L(A) = Lagrangian of Atom A = -(1/4) Times Atomic Integral of the Laplacian of the Electron Density
  K(A) = Electronic Kinetic Energy of Atom A (Hamiltonian Form)
  K_Scaled(A) = K(A) * E(Mol)/K(Mol) = Approximation to Virial-Based Total Energy of Atom A.
  |Mu_Intra(A)| = Magnitude of Intraatomic Dipole Moment of Atom A
--------------------------------------------------------------------------------------------------
Atom A          q(A)              L(A)              K(A)          K_Scaled(A)      |Mu_Intra(A)|
--------------------------------------------------------------------------------------------------
Ni1       1.5736495039E+01 -9.7327887242E-06  7.4327286022E+02 -7.4455476749E+02  5.7913891331E-09
O2        3.3880057960E+00  1.7547409055E-04  3.7706760173E+01 -3.7771792240E+01  1.0147059752E-01
H3        8.2782557469E-01  9.6013017448E-06  1.6159037995E-01 -1.6186907152E-01  6.4411572601E-02
H4        8.2786451881E-01  9.5904559972E-06  1.6151148932E-01 -1.6179004483E-01  6.4423309450E-02
O5        3.3880851043E+00  1.9585139185E-04  3.7706702172E+01 -3.7771734138E+01  1.0168768237E-01
H6        8.2779986306E-01  9.7946333223E-06  1.6161757821E-01 -1.6189631669E-01  6.4418714120E-02
H7        8.2785423562E-01  1.1245317205E-05  1.6150680908E-01 -1.6178535652E-01  6.4431082919E-02
O8        3.3877528294E+00  1.7253926104E-04  3.7706986164E+01 -3.7772018620E+01  1.0075880595E-01
H9        8.2791084096E-01  9.9273300280E-06  1.6154779528E-01 -1.6182641341E-01  6.4376530790E-02
H10       8.2793842182E-01  8.5196122843E-06  1.6144611939E-01 -1.6172456216E-01  6.4402180131E-02
O11       3.3880056903E+00  1.7536515761E-04  3.7706760285E+01 -3.7771792352E+01  1.0147085586E-01
H12       8.2782630082E-01  1.0108587471E-05  1.6159011398E-01 -1.6186880510E-01  6.4411640358E-02
H13       8.2786534816E-01  1.0845295804E-05  1.6151191054E-01 -1.6179046678E-01  6.4422349361E-02
O14       3.3880851592E+00  1.9644572762E-04  3.7706702832E+01 -3.7771734799E+01  1.0168740500E-01
H15       8.2779882936E-01  8.8673126543E-06  1.6161768545E-01 -1.6189642411E-01  6.4418927682E-02
H16       8.2785366325E-01  1.0473432797E-05  1.6150655504E-01 -1.6178510204E-01  6.4430691093E-02
O17       3.3877528206E+00  1.7269739389E-04  3.7706986464E+01 -3.7772018921E+01  1.0075881511E-01
H18       8.2790975557E-01  8.8653327723E-06  1.6154781959E-01 -1.6182643776E-01  6.4376964855E-02
H19       8.2794106107E-01  1.1363111621E-05  1.6144658303E-01 -1.6172502660E-01  6.4400771391E-02
--------------------------------------------------------------------------------------------------
Total     4.5998570852E+01  1.1978419575E-03  9.7145219915E+02 -9.7312764259E+02
 
Molecular charge q(Mol) from the wfx file:   4.6000000000E+01
Molecular energy E(Mol) from the wfx file:  -1.9663442601E+03
Molecular virial ratio (-V(Mol)/T(Mol)) from the wfx file:   2.0017246792E+00
Full molecular virial ratio ((-V(Mol)+W(Mol))/T(Mol)) from the wfx file:   2.0015048125E+00
Note.  K_Scaled(A) = (1+V(Mol)/T(Mol))*K(A) = (E(Mol)/T(Mol))*K(A)
       Only use K_Scaled(A) data with caution.
 
N_AIMInt(SumA)     =         42.001429
N_Analytic(Mol)    =         42.000000
 
G_AIMInt(SumA)     =        971.451001
G_Analytic(Mol)    =        971.450046
 
K_AIMInt(SumA)     =        971.452199
K_Analytic(Mol)    =        971.450046
 
L_AIMInt(SumA)     =          0.001198
L_Analytic(Mol)    =          0.000000
 
VenT_AIMInt(SumA)  =      -2942.314586
VenT_Analytic(Mol) =      -2942.284699
 
Some Information About the Atomic Calculations:
----------------------------------------------
  Time(sec) = "Elapsed User Time", in Seconds, for Atom A by AIMInt and, if used, by TWOe
  NProc = Number of Processors Used for AIMInt Job
  BIM = Basin Integration Method
  OAQ = Angular Quadrature Outside of Beta Sphere
  ORQ = Multiple of Default for Radial Quadrature Outside of Beta Sphere
  IAQ = Multiple of Default for Angular Quadrature Inside of Beta Sphere
  IRQ = Multiple of Default for Radial Quadrature Inside of Beta Sphere
  MIR = Maximum Integration Radius
------------------------------------------------------------------------------------------------------
Atom A     Time(sec)   NProc      BIM              OAQ                 ORQ      IAQ      IRQ      MIR
------------------------------------------------------------------------------------------------------
Ni1          1571        8    Promega(1)    4334      (Very High)      Auto     Auto     Auto    13.00
O2           1123        8    Promega(1)    4334      (Very High)      Auto     Auto     Auto    13.00
H3            219        8     Proaim(5)    2030      (Very High)      Auto     Auto     Auto    13.00
H4            174        8     Proaim(5)    2030      (Very High)      Auto     Auto     Auto    13.00
O5           1002        8    Promega(1)    4334      (Very High)      Auto     Auto     Auto    13.00
H6            159        8     Proaim(5)    2030      (Very High)      Auto     Auto     Auto    13.00
H7            183        8     Proaim(5)    2030      (Very High)      Auto     Auto     Auto    13.00
O8            918        8    Promega(1)    4334      (Very High)      Auto     Auto     Auto    13.00
H9            142        8     Proaim(5)    2030      (Very High)      Auto     Auto     Auto    13.00
H10           133        8     Proaim(5)    2030      (Very High)      Auto     Auto     Auto    13.00
O11           815        8    Promega(1)    4334      (Very High)      Auto     Auto     Auto    13.00
H12           137        8     Proaim(5)    2030      (Very High)      Auto     Auto     Auto    13.00
H13           156        8     Proaim(5)    2030      (Very High)      Auto     Auto     Auto    13.00
O14           705        8    Promega(1)    4334      (Very High)      Auto     Auto     Auto    13.00
H15           151        8     Proaim(5)    2030      (Very High)      Auto     Auto     Auto    13.00
H16           123        8     Proaim(5)    2030      (Very High)      Auto     Auto     Auto    13.00
O17           695        8    Promega(1)    4334      (Very High)      Auto     Auto     Auto    13.00
H18           158        8     Proaim(5)    2030      (Very High)      Auto     Auto     Auto    13.00
H19           151        8     Proaim(5)    2030      (Very High)      Auto     Auto     Auto    13.00
------------------------------------------------------------------------------------------------------
Total        8715
Note:  Total wall clock time is less than total of atomic times if more than one atom
       was calculated at a time
Note:  Total time does not include times for diatomic interaction energy calculations (3212 seconds)
 
Electron Density Critical Point Analysis of Molecular Structure:               
---------------------------------------------------------------                
  NACP = Nuclear Attractor Critical Point                                      
  NNACP = Non-Nuclear Attractor Critical Point                                 
  BCP = Bond Critical Point                                                    
  RCP = Ring Critical Point                                                    
  CCP = Cage Critical Point                                                    
  Rho = Electron Density                                                       
  GradRho = Gradient of Electron Density                                       
  HessRho_EigVals = Eigenvalues of the Hessian of Rho, Ascending Order         
  HessRho_EigVecs = Eigenvectors of the Hessian of Rho                         
  DelSqRho = Laplacian of Rho = Trace of Hessian of Rho                        
  Bond Ellipticity = (HessRho_EigVal(1) / HessRho_EigVal(2)) - 1               
  V = Virial Field = Potential Energy Density = Trace of Stress Tensor         
  G = Lagrangian Form of Kinetic Energy Density                                
  K = Hamiltonian Form of Kinetic Energy Density                               
  L = K - G = Lagrangian Density = (-1/4)DelSqRho                              
  Vnuc = Electrostatic Potential from Nuclei                                   
  Ven = Electron-nuclear attractive contribution to Virial Field V             
  Vrep = V - Ven = Repulsive contribution to Virial Field V                    
  DelSqV = Laplacian of V                                                      
  DelSqVen = Laplacian of Ven                                                  
  DelSqVrep = Laplacian of Vrep                                                
  DelSqG = Laplacian of G                                                      
  DelSqK = Laplacian of K                                                      
  Stress_EigVals = Eigenvalues of Stress Tensor, Ascending Order               
  Stress_EigVecs = Eigenvectors of Stress Tensor                               
  -DivStress = Ehrenfest Force Density = Minus Divergence of Stress Tensor     
  ESP = Total Electrostatic Potential                                          
  ESPe = Electrostatic Potential from Electrons                                
  ESPn = Electrostatic Potential from Nuclei                                   
  BP = Bond Path                                                               
  BPL = Bond Path Length                                                       
  GBL = Geometric Bond Length                                                  
  GBL_I = Distance Between Nuclear Attractors                                  
  GBL_II = Distance Between Nuclei                                             
  GBL_III = Sum of Distances Between BCP and Nuclear Attractors                
  GBL_IV = Sum of Distances Between BCP and Nuclei                             

CP# 1      Coords =  1.95016007647111E-24  4.50472890202823E-24  1.91824796376310E-24
           Type = (3,-3) NACP Ni1
           Rho =  7.2863404560E+03     Rho at Nucleus =  7.2863404560E+03
           GradRho = -2.3393912573E-17  5.9418959592E-17  4.9472893356E-17
           HessRho_EigVals = -4.2231393719E+08 -4.2231392656E+08 -4.2231392539E+08
           HessRho_EigVec1 =  5.5507476428E-01  5.7760736522E-01 -5.9854969526E-01
           HessRho_EigVec2 =  7.4928827313E-01 -6.5967542325E-01  5.8270230090E-02
           HessRho_EigVec3 = -3.6119120948E-01 -4.8083060178E-01 -7.9896360530E-01
           DelSqRho = -1.2669417891E+09
           Bond Ellipticity = NA
           V = -3.1700508833E+08
           G =  1.3482052552E+05
           K =  3.1687026781E+08
           L =  3.1673544728E+08
           Vnuc =  2.8000000138E+09
           Ven = -2.0401753377E+13
           Vrep =  2.0401436372E+13
           DelSqV =  6.5863160112E+14
           DelSqVen =  6.1205259831E+29
           DelSqVrep = -6.1205259831E+29
           DelSqG =  1.8386388757E+13
           DelSqK = -6.7701798988E+14
           Stress_EigVals = -1.0566836297E+08 -1.0566836288E+08 -1.0566836249E+08
           Stress_EigVec1 =  5.3333123556E-01  2.3509655986E-01  8.1258070412E-01
           Stress_EigVec2 = -6.6824582106E-01  7.0607631884E-01  2.3431550230E-01
           Stress_EigVec3 =  5.1865722382E-01  6.6797143615E-01 -5.3367484920E-01
           -DivStress = -4.0326883368E-10 -9.2812361313E-10 -3.9635399106E-10
           ESP =  -5.5820858991E+01     ESP at Nucleus =  -5.5820858991E+01
           ESPe = -6.9580806990E+01     ESPe at Nucleus = -6.9580806990E+01
           ESPn =  1.3759947999E+01     ESPn at Nucleus =  1.3759947999E+01

CP# 2      Coords = -4.15608884546794E+00  3.22701267014141E-02 -9.94452754553091E-02
           Type = (3,-3) NACP O2
           Rho =  1.4769789931E+02     Rho at Nucleus =  1.4769789089E+02
           GradRho = -2.8338601864E-11 -1.1266087889E-12 -1.7702575517E-12
           HessRho_EigVals = -4.1081909076E+05 -4.1081367215E+05 -4.1080109788E+05
           HessRho_EigVec1 =  3.3882451161E-02  9.9923518431E-01  1.9519885917E-02
           HessRho_EigVec2 =  9.9660824013E-01 -3.2314941618E-02 -7.5681967878E-02
           HessRho_EigVec3 =  7.4993301147E-02 -2.2017969731E-02  9.9694092794E-01
           DelSqRho = -1.2324338608E+06
           Bond Ellipticity = NA
           V = -3.0817767446E+05
           G =  3.4604630013E+01
           K =  3.0814306983E+05
           L =  3.0810846520E+05
           Vnuc =  1.2494170598E+06
           Ven = -1.8453627509E+08
           Vrep =  1.8422809741E+08
           DelSqV =  1.9601888541E+10
           DelSqVen =  1.5398238961E+12
           DelSqVrep = -1.5202220080E+12
           DelSqG =  8.5717483865E+08
           DelSqK = -2.0459063380E+10
           Stress_EigVals = -1.0272826612E+05 -1.0272523156E+05 -1.0272417678E+05
           Stress_EigVec1 =  7.9908736426E-02 -2.2147615058E-02  9.9655610830E-01
           Stress_EigVec2 =  9.9623557714E-01 -3.1929620611E-02 -8.0592643434E-02
           Stress_EigVec3 =  3.3604593299E-02  9.9924470600E-01  1.9512786432E-02
           -DivStress =  3.9599180853E+04 -1.0090322236E+03 -1.0024660281E+04
           ESP =  -2.9391486879E+00     ESP at Nucleus =  -2.9391417709E+00
           ESPe = -1.8577828177E+01     ESPe at Nucleus = -1.8577834562E+01
           ESPn =  1.5638679489E+01     ESPn at Nucleus =  1.5638692792E+01

CP# 3      Coords = -5.22799386221937E+00 -1.36891912801110E+00  1.09914339861757E-02
           Type = (3,-3) NACP H3
           Rho =  2.0255361019E-01     Rho at Nucleus =  1.9767114211E-01
           GradRho =  9.1938311348E-16  7.0023874936E-16 -3.1116602350E-17
           HessRho_EigVals = -3.9859613972E+00 -3.9734314629E+00 -3.1019262240E+00
           HessRho_EigVec1 =  7.9392510526E-01 -6.0240064148E-01 -8.2440247367E-02
           HessRho_EigVec2 =  1.0099088496E-01 -3.0530746823E-03  9.9488266639E-01
           HessRho_EigVec3 =  5.9956965266E-01  7.9818803917E-01 -5.8413061245E-02
           DelSqRho = -1.1061319084E+01
           Bond Ellipticity = NA
           V = -2.7951257110E+00
           G =  1.4897970003E-02
           K =  2.7802277410E+00
           L =  2.7653297710E+00
           Vnuc =  3.5790544044E+01
           Ven = -7.2495039069E+00
           Vrep =  4.4543781958E+00
           DelSqV =  6.7069744407E+02
           DelSqVen =  3.9589062787E+02
           DelSqVrep =  2.7480681621E+02
           DelSqG =  5.1493566808E+01
           DelSqK = -7.2219101088E+02
           Stress_EigVals = -1.0090860207E+00 -1.0062617306E+00 -7.7977795969E-01
           Stress_EigVec1 =  1.0649079816E-01 -8.2322233208E-03  9.9427960877E-01
           Stress_EigVec2 =  7.9535098842E-01 -5.9940820540E-01 -9.0147703915E-02
           Stress_EigVec3 =  5.9672147198E-01  8.0040117054E-01 -5.7283951260E-02
           -DivStress = -7.2982112510E+00 -9.7789861688E+00  6.9927253528E-01
           ESP =   8.3038213824E+00     ESP at Nucleus =   8.1985148619E+00
           ESPe = -8.5916877142E+00     ESPe at Nucleus = -8.4930376033E+00
           ESPn =  1.6895509097E+01     ESPn at Nucleus =  1.6691552465E+01

CP# 4      Coords = -5.13972270526042E+00  1.49179921606164E+00  6.78026635986156E-02
           Type = (3,-3) NACP H4
           Rho =  2.0248947990E-01     Rho at Nucleus =  1.9760646110E-01
           GradRho =  2.0106712248E-14 -3.0692315077E-14 -3.3180381186E-15
           HessRho_EigVals = -3.9840448968E+00 -3.9714837522E+00 -3.1000510018E+00
           HessRho_EigVec1 =  8.3018498543E-01  5.5425091929E-01 -5.9990069351E-02
           HessRho_EigVec2 =  1.0021802494E-01 -4.2518604178E-02  9.9405659586E-01
           HessRho_EigVec3 = -5.4840608807E-01  8.3126294682E-01  9.0844239245E-02
           DelSqRho = -1.1055579651E+01
           Bond Ellipticity = NA
           V = -2.7936282488E+00
           G =  1.4866668064E-02
           K =  2.7787615808E+00
           L =  2.7638949127E+00
           Vnuc =  3.5907362626E+01
           Ven = -7.2708631826E+00
           Vrep =  4.4772349338E+00
           DelSqV =  6.7028391231E+02
           DelSqVen =  3.9697670756E+02
           DelSqVrep =  2.7330720475E+02
           DelSqG =  5.1457223926E+01
           DelSqK = -7.2174113624E+02
           Stress_EigVals = -1.0085738822E+00 -1.0057529818E+00 -7.7930138483E-01
           Stress_EigVec1 =  1.0492931329E-01 -3.8434133801E-02  9.9373671391E-01
           Stress_EigVec2 =  8.3158726983E-01  5.5140076260E-01 -6.6481664159E-02
           Stress_EigVec3 = -5.4539201670E-01  8.3335467621E-01  8.9819439763E-02
           -DivStress = -6.6668286204E+00  1.0181784171E+01  1.0969551938E+00
           ESP =   8.3666607984E+00     ESP at Nucleus =   8.2623183289E+00
           ESPe = -8.6517356221E+00     ESPe at Nucleus = -8.5540209101E+00
           ESPn =  1.7018396420E+01     ESPn at Nucleus =  1.6816339239E+01

CP# 5      Coords =  4.13175021100607E-02  8.57234366537077E-02  4.15631439854934E+00
           Type = (3,-3) NACP O5
           Rho =  1.4769825554E+02     Rho at Nucleus =  1.4769824709E+02
           GradRho = -1.3274794539E-13 -2.1785372985E-12  1.3341805452E-10
           HessRho_EigVals = -4.1082009366E+05 -4.1081467189E+05 -4.1080211182E+05
           HessRho_EigVec1 =  9.9910727809E-01 -7.8680147353E-03 -4.1505917817E-02
           HessRho_EigVec2 =  4.0699433497E-02 -8.4061543902E-02  9.9562905389E-01
           HessRho_EigVec3 =  1.1322675600E-02  9.9642950136E-01  8.3666276577E-02
           DelSqRho = -1.2324368774E+06
           Bond Ellipticity = NA
           V = -3.0817842518E+05
           G =  3.4602919436E+01
           K =  3.0814382226E+05
           L =  3.0810921934E+05
           Vnuc =  1.2471662088E+06
           Ven = -1.8420427341E+08
           Vrep =  1.8389609498E+08
           DelSqV =  1.9601936158E+10
           DelSqVen =  1.5370536264E+12
           DelSqVrep = -1.5174516902E+12
           DelSqG =  8.5717695872E+08
           DelSqK = -2.0459113117E+10
           Stress_EigVals = -1.0272851420E+05 -1.0272548317E+05 -1.0272442782E+05
           Stress_EigVec1 =  1.1501567907E-02  9.9597957399E-01  8.8839192534E-02
           Stress_EigVec2 =  4.0314481780E-02 -8.9234708896E-02  9.9519440779E-01
           Stress_EigVec3 =  9.9912084179E-01 -7.8647900526E-03 -4.1178739453E-02
           -DivStress = -1.3868130362E+03  1.0728423005E+04 -3.9479382709E+04
           ESP =  -2.9388856224E+00     ESP at Nucleus =  -2.9388787244E+00
           ESPe = -1.8578046524E+01     ESPe at Nucleus = -1.8578052892E+01
           ESPn =  1.5639160901E+01     ESPn at Nucleus =  1.5639174167E+01

CP# 6      Coords = -1.35088727941979E+00 -5.31653500475865E-02  5.23646411797194E+00
           Type = (3,-3) NACP H6
           Rho =  2.0258081157E-01     Rho at Nucleus =  1.9769786362E-01
           GradRho =  7.1096676575E-17  1.8919327910E-17 -6.3249644237E-16
           HessRho_EigVals = -3.9865257493E+00 -3.9740141964E+00 -3.1023973290E+00
           HessRho_EigVec1 =  6.0892423242E-01 -8.3198096841E-02  7.8885319030E-01
           HessRho_EigVec2 = -8.3629832649E-03  9.9375568951E-01  1.1126405564E-01
           HessRho_EigVec3 =  7.9318430373E-01  7.4348545706E-02 -6.0442613616E-01
           DelSqRho = -1.1062937275E+01
           Bond Ellipticity = NA
           V = -2.7955376208E+00
           G =  1.4901651056E-02
           K =  2.7806359697E+00
           L =  2.7657343187E+00
           Vnuc =  3.5781303226E+01
           Ven = -7.2486054465E+00
           Vrep =  4.4530678257E+00
           DelSqV =  6.7079893662E+02
           DelSqVen =  3.9584631320E+02
           DelSqVrep =  2.7495262342E+02
           DelSqG =  5.1501655193E+01
           DelSqK = -7.2230059181E+02
           Stress_EigVals = -1.0092313481E+00 -1.0064084750E+00 -7.7989779774E-01
           Stress_EigVec1 = -3.0190312871E-03  9.9315008044E-01  1.1680669149E-01
           Stress_EigVec2 =  6.0603790704E-01 -9.1095266533E-02  7.9020232071E-01
           Stress_EigVec3 =  7.9543003506E-01  7.3174928366E-02 -6.0161157666E-01
           -DivStress = -9.7190963605E+00 -8.9363033696E-01  7.3591988448E+00
           ESP =   8.2988684914E+00     ESP at Nucleus =   8.1934748525E+00
           ESPe = -8.5869480277E+00     ESPe at Nucleus = -8.4882160056E+00
           ESPn =  1.6885816519E+01     ESPn at Nucleus =  1.6681690858E+01

CP# 7      Coords =  1.50950569764427E+00 -7.68968275937974E-02  5.12792643868068E+00
           Type = (3,-3) NACP H7
           Rho =  2.0247331850E-01     Rho at Nucleus =  1.9759103874E-01
           GradRho = -4.6345013203E-14  4.8427651863E-15 -2.8817827776E-14
           HessRho_EigVals = -3.9836351440E+00 -3.9710892090E+00 -3.0997769802E+00
           HessRho_EigVec1 = -5.4757630997E-01 -7.3963399596E-02  8.3348041385E-01
           HessRho_EigVec2 =  3.3235611439E-02  9.9337712022E-01  1.0998768638E-01
           HessRho_EigVec3 =  8.3609543647E-01 -8.7927882627E-02  5.4149155909E-01
           DelSqRho = -1.1054501333E+01
           Bond Ellipticity = NA
           V = -2.7933477969E+00
           G =  1.4861231788E-02
           K =  2.7784865651E+00
           L =  2.7636253333E+00
           Vnuc =  3.5922720706E+01
           Ven = -7.2733924709E+00
           Vrep =  4.4800446741E+00
           DelSqV =  6.7021937990E+02
           DelSqVen =  3.9710776394E+02
           DelSqVrep =  2.7311161597E+02
           DelSqG =  5.1451209616E+01
           DelSqK = -7.2167058952E+02
           Stress_EigVals = -1.0084664831E+00 -1.0056484406E+00 -7.7923287316E-01
           Stress_EigVec1 =  2.8837730359E-02  9.9292507497E-01  1.1518758960E-01
           Stress_EigVec2 = -5.4466257388E-01 -8.1017220492E-02  8.3473282587E-01
           Stress_EigVec3 =  8.3815933206E-01 -8.6810169186E-02  5.3847277425E-01
           -DivStress =  1.0239428096E+01 -1.0601041551E+00  6.5811571169E+00
           ESP =   8.3742616044E+00     ESP at Nucleus =   8.2700415495E+00
           ESPe = -8.6589716983E+00     ESPe at Nucleus = -8.5613747569E+00
           ESPn =  1.7033233303E+01     ESPn at Nucleus =  1.6831416306E+01

CP# 8      Coords = -8.48552087152874E-02  4.15605184149176E+00  6.35466265127091E-02
           Type = (3,-3) NACP O8
           Rho =  1.4769673793E+02     Rho at Nucleus =  1.4769672960E+02
           GradRho =  3.9263037266E-13 -2.2109741121E-11 -9.3512871058E-13
           HessRho_EigVals = -4.1081580887E+05 -4.1081040090E+05 -4.1079778451E+05
           HessRho_EigVec1 =  1.2870116320E-02 -4.8744205889E-02  9.9872837273E-01
           HessRho_EigVec2 =  6.2070507695E-02  9.9692378373E-01  4.7856258839E-02
           HessRho_EigVec3 =  9.9798878359E-01 -6.1375661527E-02 -1.5856102666E-02
           DelSqRho = -1.2324239943E+06
           Bond Ellipticity = NA
           V = -3.0817521792E+05
           G =  3.4609673503E+01
           K =  3.0814060824E+05
           L =  3.0810599857E+05
           Vnuc =  1.2561467823E+06
           Ven = -1.8552878211E+08
           Vrep =  1.8522060689E+08
           DelSqV =  1.9601732700E+10
           DelSqVen =  1.5481054341E+12
           DelSqVrep = -1.5285037019E+12
           DelSqG =  8.5716787839E+08
           DelSqK = -2.0458900578E+10
           Stress_EigVals = -1.0272745360E+05 -1.0272440830E+05 -1.0272335602E+05
           Stress_EigVec1 =  9.9772807064E-01 -6.5439258532E-02 -1.6012510602E-02
           Stress_EigVec2 =  6.6131355314E-02  9.9668508887E-01  4.7386469236E-02
           Stress_EigVec3 =  1.2858495141E-02 -4.8337739553E-02  9.9874827761E-01
           -DivStress = -8.2981066174E+03 -3.9750932801E+04 -1.6576622441E+03
           ESP =  -2.9391897318E+00     ESP at Nucleus =  -2.9391827667E+00
           ESPe = -1.8577977607E+01     ESPe at Nucleus = -1.8577984034E+01
           ESPn =  1.5638787876E+01     ESPn at Nucleus =  1.5638801268E+01

CP# 9      Coords =  1.07754370687297E-02  5.25024202409717E+00 -1.32124645357759E+00
           Type = (3,-3) NACP H9
           Rho =  2.0255051283E-01     Rho at Nucleus =  1.9766654153E-01
           GradRho = -4.4699223272E-10 -5.4320597105E-09  7.0227198552E-09
           HessRho_EigVals = -3.9860196007E+00 -3.9734495564E+00 -3.1017428087E+00
           HessRho_EigVec1 =  6.5893511446E-02  7.8621539507E-01  6.1442932686E-01
           HessRho_EigVec2 =  9.9653572723E-01 -8.3164515692E-02 -4.5573310905E-04
           HessRho_EigVec3 = -5.0740413008E-02 -6.1233080592E-01  7.8897173245E-01
           DelSqRho = -1.1061211966E+01
           Bond Ellipticity = NA
           V = -2.7951158492E+00
           G =  1.4906428906E-02
           K =  2.7802094203E+00
           L =  2.7653029914E+00
           Vnuc =  3.5766941738E+01
           Ven = -7.2446123915E+00
           Vrep =  4.4494965422E+00
           DelSqV =  6.7067542737E+02
           DelSqVen =  3.9562573020E+02
           DelSqVrep =  2.7504969717E+02
           DelSqG =  5.1493827506E+01
           DelSqK = -7.2216925487E+02
           Stress_EigVals = -1.0091084457E+00 -1.0062763834E+00 -7.7973102011E-01
           Stress_EigVec1 =  9.9613096930E-01 -8.7745351126E-02 -4.8831698425E-03
           Stress_EigVec2 =  7.2402581734E-02  7.8792058686E-01  6.1150553142E-01
           Stress_EigVec3 = -4.9809217522E-02 -6.0949315185E-01  7.9122508788E-01
           -DivStress =  6.0812989819E-01  7.4557718447E+00 -9.6679311211E+00
           ESP =   8.2932425564E+00     ESP at Nucleus =   8.1877604617E+00
           ESPe = -8.5817208948E+00     ESPe at Nucleus = -8.4829012017E+00
           ESPn =  1.6874963451E+01     ESPn at Nucleus =  1.6670661663E+01

CP# 10     Coords =  4.85356328035767E-02  5.12153245671455E+00  1.53870176238510E+00
           Type = (3,-3) NACP H10
           Rho =  2.0244007163E-01     Rho at Nucleus =  1.9755727377E-01
           GradRho = -5.4482243370E-15 -4.0844301411E-14 -6.3840070247E-14
           HessRho_EigVals = -3.9830533042E+00 -3.9704473976E+00 -3.0991269506E+00
           HessRho_EigVec1 =  5.1057853058E-02  8.3903817192E-01 -5.4167152566E-01
           HessRho_EigVec2 =  9.9607556456E-01 -8.2045387970E-02 -3.3196746874E-02
           HessRho_EigVec3 =  7.2294988285E-02  5.3785081610E-01  8.3993448214E-01
           DelSqRho = -1.1052627652E+01
           Bond Ellipticity = NA
           V = -2.7928835997E+00
           G =  1.4863343322E-02
           K =  2.7780202564E+00
           L =  2.7631569131E+00
           Vnuc =  3.5918229359E+01
           Ven = -7.2712889241E+00
           Vrep =  4.4784053243E+00
           DelSqV =  6.7009170775E+02
           DelSqVen =  3.9699081503E+02
           DelSqVrep =  2.7310089272E+02
           DelSqG =  5.1442629199E+01
           DelSqK = -7.2153433695E+02
           Stress_EigVals = -1.0083218180E+00 -1.0054949256E+00 -7.7906685608E-01
           Stress_EigVec1 =  9.9584936387E-01 -8.5967600302E-02 -2.9893413659E-02
           Stress_EigVec2 =  5.6395728124E-02  8.4060935714E-01 -5.3869790286E-01
           Stress_EigVec3 =  7.1439249235E-02  5.3477610305E-01  8.4196849898E-01
           -DivStress =  8.7228138035E-01  6.5357492964E+00  1.0285763015E+01
           ESP =   8.3732394036E+00     ESP at Nucleus =   8.2690075323E+00
           ESPe = -8.6581406831E+00     ESPe at Nucleus = -8.5605290631E+00
           ESPn =  1.7031380087E+01     ESPn at Nucleus =  1.6829536595E+01

CP# 11     Coords =  4.15608884546794E+00 -3.22701267014141E-02  9.94452754553091E-02
           Type = (3,-3) NACP O11
           Rho =  1.4769789931E+02     Rho at Nucleus =  1.4769789089E+02
           GradRho =  2.8338935365E-11  1.1264413881E-12  1.7703408184E-12
           HessRho_EigVals = -4.1081909076E+05 -4.1081367215E+05 -4.1080109788E+05
           HessRho_EigVec1 =  3.3882451161E-02  9.9923518431E-01  1.9519885916E-02
           HessRho_EigVec2 =  9.9660824013E-01 -3.2314941618E-02 -7.5681967877E-02
           HessRho_EigVec3 =  7.4993301146E-02 -2.2017969731E-02  9.9694092794E-01
           DelSqRho = -1.2324338608E+06
           Bond Ellipticity = NA
           V = -3.0817767446E+05
           G =  3.4604630013E+01
           K =  3.0814306983E+05
           L =  3.0810846520E+05
           Vnuc =  1.2494170598E+06
           Ven = -1.8453627509E+08
           Vrep =  1.8422809741E+08
           DelSqV =  1.9601888541E+10
           DelSqVen =  1.5398238961E+12
           DelSqVrep = -1.5202220080E+12
           DelSqG =  8.5717483865E+08
           DelSqK = -2.0459063380E+10
           Stress_EigVals = -1.0272826612E+05 -1.0272523156E+05 -1.0272417678E+05
           Stress_EigVec1 =  7.9908736427E-02 -2.2147615058E-02  9.9655610830E-01
           Stress_EigVec2 =  9.9623557714E-01 -3.1929620611E-02 -8.0592643434E-02
           Stress_EigVec3 =  3.3604593298E-02  9.9924470600E-01  1.9512786432E-02
           -DivStress = -3.9599180853E+04  1.0090322236E+03  1.0024660281E+04
           ESP =  -2.9391486879E+00     ESP at Nucleus =  -2.9391417709E+00
           ESPe = -1.8577828177E+01     ESPe at Nucleus = -1.8577834562E+01
           ESPn =  1.5638679489E+01     ESPn at Nucleus =  1.5638692792E+01

CP# 12     Coords =  5.22799386221937E+00  1.36891912801110E+00 -1.09914339861757E-02
           Type = (3,-3) NACP H12
           Rho =  2.0255361019E-01     Rho at Nucleus =  1.9767114211E-01
           GradRho = -9.1331835757E-16 -6.7904259689E-16  2.8514517136E-17
           HessRho_EigVals = -3.9859613972E+00 -3.9734314629E+00 -3.1019262240E+00
           HessRho_EigVec1 =  7.9392510526E-01 -6.0240064148E-01 -8.2440247367E-02
           HessRho_EigVec2 =  1.0099088496E-01 -3.0530746823E-03  9.9488266639E-01
           HessRho_EigVec3 =  5.9956965266E-01  7.9818803917E-01 -5.8413061245E-02
           DelSqRho = -1.1061319084E+01
           Bond Ellipticity = NA
           V = -2.7951257110E+00
           G =  1.4897970003E-02
           K =  2.7802277410E+00
           L =  2.7653297710E+00
           Vnuc =  3.5790544044E+01
           Ven = -7.2495039069E+00
           Vrep =  4.4543781958E+00
           DelSqV =  6.7069744407E+02
           DelSqVen =  3.9589062787E+02
           DelSqVrep =  2.7480681621E+02
           DelSqG =  5.1493566808E+01
           DelSqK = -7.2219101088E+02
           Stress_EigVals = -1.0090860207E+00 -1.0062617306E+00 -7.7977795969E-01
           Stress_EigVec1 =  1.0649079816E-01 -8.2322233208E-03  9.9427960877E-01
           Stress_EigVec2 =  7.9535098842E-01 -5.9940820540E-01 -9.0147703915E-02
           Stress_EigVec3 =  5.9672147198E-01  8.0040117054E-01 -5.7283951260E-02
           -DivStress =  7.2982112510E+00  9.7789861688E+00 -6.9927253528E-01
           ESP =   8.3038213824E+00     ESP at Nucleus =   8.1985148619E+00
           ESPe = -8.5916877142E+00     ESPe at Nucleus = -8.4930376033E+00
           ESPn =  1.6895509097E+01     ESPn at Nucleus =  1.6691552465E+01

CP# 13     Coords =  5.13972270526042E+00 -1.49179921606164E+00 -6.78026635986156E-02
           Type = (3,-3) NACP H13
           Rho =  2.0248947990E-01     Rho at Nucleus =  1.9760646110E-01
           GradRho = -2.0093274917E-14  3.0711840033E-14  3.3184175893E-15
           HessRho_EigVals = -3.9840448968E+00 -3.9714837522E+00 -3.1000510018E+00
           HessRho_EigVec1 =  8.3018498543E-01  5.5425091929E-01 -5.9990069351E-02
           HessRho_EigVec2 =  1.0021802494E-01 -4.2518604178E-02  9.9405659586E-01
           HessRho_EigVec3 = -5.4840608807E-01  8.3126294682E-01  9.0844239245E-02
           DelSqRho = -1.1055579651E+01
           Bond Ellipticity = NA
           V = -2.7936282488E+00
           G =  1.4866668064E-02
           K =  2.7787615808E+00
           L =  2.7638949127E+00
           Vnuc =  3.5907362626E+01
           Ven = -7.2708631826E+00
           Vrep =  4.4772349338E+00
           DelSqV =  6.7028391231E+02
           DelSqVen =  3.9697670756E+02
           DelSqVrep =  2.7330720475E+02
           DelSqG =  5.1457223926E+01
           DelSqK = -7.2174113624E+02
           Stress_EigVals = -1.0085738822E+00 -1.0057529818E+00 -7.7930138483E-01
           Stress_EigVec1 =  1.0492931329E-01 -3.8434133801E-02  9.9373671391E-01
           Stress_EigVec2 =  8.3158726983E-01  5.5140076260E-01 -6.6481664159E-02
           Stress_EigVec3 = -5.4539201670E-01  8.3335467621E-01  8.9819439763E-02
           -DivStress =  6.6668286204E+00 -1.0181784171E+01 -1.0969551938E+00
           ESP =   8.3666607984E+00     ESP at Nucleus =   8.2623183289E+00
           ESPe = -8.6517356221E+00     ESPe at Nucleus = -8.5540209101E+00
           ESPn =  1.7018396420E+01     ESPn at Nucleus =  1.6816339239E+01

CP# 14     Coords = -4.13175021100607E-02 -8.57234366537077E-02 -4.15631439854934E+00
           Type = (3,-3) NACP O14
           Rho =  1.4769825554E+02     Rho at Nucleus =  1.4769824709E+02
           GradRho =  1.3275484363E-13  2.1782178925E-12 -1.3341916471E-10
           HessRho_EigVals = -4.1082009366E+05 -4.1081467189E+05 -4.1080211182E+05
           HessRho_EigVec1 =  9.9910727809E-01 -7.8680147353E-03 -4.1505917817E-02
           HessRho_EigVec2 =  4.0699433497E-02 -8.4061543902E-02  9.9562905389E-01
           HessRho_EigVec3 =  1.1322675600E-02  9.9642950136E-01  8.3666276578E-02
           DelSqRho = -1.2324368774E+06
           Bond Ellipticity = NA
           V = -3.0817842518E+05
           G =  3.4602919436E+01
           K =  3.0814382226E+05
           L =  3.0810921934E+05
           Vnuc =  1.2471662088E+06
           Ven = -1.8420427341E+08
           Vrep =  1.8389609498E+08
           DelSqV =  1.9601936158E+10
           DelSqVen =  1.5370536253E+12
           DelSqVrep = -1.5174516892E+12
           DelSqG =  8.5717695872E+08
           DelSqK = -2.0459113117E+10
           Stress_EigVals = -1.0272851420E+05 -1.0272548317E+05 -1.0272442782E+05
           Stress_EigVec1 =  1.1501567906E-02  9.9597957399E-01  8.8839192534E-02
           Stress_EigVec2 =  4.0314481780E-02 -8.9234708897E-02  9.9519440779E-01
           Stress_EigVec3 =  9.9912084179E-01 -7.8647900525E-03 -4.1178739453E-02
           -DivStress =  1.3868130362E+03 -1.0728423005E+04  3.9479382709E+04
           ESP =  -2.9388856224E+00     ESP at Nucleus =  -2.9388787244E+00
           ESPe = -1.8578046524E+01     ESPe at Nucleus = -1.8578052892E+01
           ESPn =  1.5639160901E+01     ESPn at Nucleus =  1.5639174167E+01

CP# 15     Coords =  1.35088727941979E+00  5.31653500475865E-02 -5.23646411797194E+00
           Type = (3,-3) NACP H15
           Rho =  2.0258081157E-01     Rho at Nucleus =  1.9769786362E-01
           GradRho = -7.8907167381E-17 -1.9556296686E-17  6.2729566008E-16
           HessRho_EigVals = -3.9865257493E+00 -3.9740141964E+00 -3.1023973290E+00
           HessRho_EigVec1 =  6.0892423242E-01 -8.3198096841E-02  7.8885319030E-01
           HessRho_EigVec2 = -8.3629832649E-03  9.9375568951E-01  1.1126405564E-01
           HessRho_EigVec3 =  7.9318430373E-01  7.4348545706E-02 -6.0442613616E-01
           DelSqRho = -1.1062937275E+01
           Bond Ellipticity = NA
           V = -2.7955376208E+00
           G =  1.4901651056E-02
           K =  2.7806359697E+00
           L =  2.7657343187E+00
           Vnuc =  3.5781303226E+01
           Ven = -7.2486054465E+00
           Vrep =  4.4530678257E+00
           DelSqV =  6.7079893662E+02
           DelSqVen =  3.9584631320E+02
           DelSqVrep =  2.7495262342E+02
           DelSqG =  5.1501655193E+01
           DelSqK = -7.2230059181E+02
           Stress_EigVals = -1.0092313481E+00 -1.0064084750E+00 -7.7989779774E-01
           Stress_EigVec1 = -3.0190312871E-03  9.9315008044E-01  1.1680669149E-01
           Stress_EigVec2 =  6.0603790704E-01 -9.1095266533E-02  7.9020232071E-01
           Stress_EigVec3 =  7.9543003506E-01  7.3174928366E-02 -6.0161157666E-01
           -DivStress =  9.7190963605E+00  8.9363033696E-01 -7.3591988448E+00
           ESP =   8.2988684914E+00     ESP at Nucleus =   8.1934748525E+00
           ESPe = -8.5869480277E+00     ESPe at Nucleus = -8.4882160056E+00
           ESPn =  1.6885816519E+01     ESPn at Nucleus =  1.6681690858E+01

CP# 16     Coords = -1.50950569764427E+00  7.68968275937974E-02 -5.12792643868068E+00
           Type = (3,-3) NACP H16
           Rho =  2.0247331850E-01     Rho at Nucleus =  1.9759103874E-01
           GradRho =  4.6364092091E-14 -4.8412744083E-15  2.8822164585E-14
           HessRho_EigVals = -3.9836351440E+00 -3.9710892090E+00 -3.0997769802E+00
           HessRho_EigVec1 = -5.4757630997E-01 -7.3963399596E-02  8.3348041385E-01
           HessRho_EigVec2 =  3.3235611438E-02  9.9337712022E-01  1.0998768638E-01
           HessRho_EigVec3 =  8.3609543647E-01 -8.7927882627E-02  5.4149155909E-01
           DelSqRho = -1.1054501333E+01
           Bond Ellipticity = NA
           V = -2.7933477969E+00
           G =  1.4861231788E-02
