AIMSum (Version 16.05.18, Professional)
Copyright (c) 1997-2016 by Todd A. Keith
AIMSum is a component of the AIMAll package ( http://aim.tkgristmill.com )

TP:  64-bit Linux

Licensed To:  Research Group of Fernando Cortes Guzman, UNAM, fercor@unam.mx

Much of the Quantum Theory of Atoms in Molecules (QTAIM) is described in the book:
  "Atoms in Molecules - A Quantum Theory"
  R.F.W. Bader, Oxford University Press, Oxford, 1990

For additional references see:  http://aim.tkgristmill.com/references.html

Wfx File:  /home/lillian/David/max_int/acercamiento/Ni23_26_alpha.wfx
Sum File:  /home/lillian/David/max_int/acercamiento/Ni23_26_alpha.sum

SumViz File:  /home/lillian/David/max_int/acercamiento/Ni23_26_alpha.sumviz

Wfx Title:   Ni23_26                                                                       
 
Total memory allocated for AIMSum =        1.194 Megabytes

Atomic units (a.u.) used throughout, except where stated otherwise

Model:  Unknown
 
Unrestricted, natural orbital wavefunction.
  Number of electrons (from MO Occs)                   =          44.0000000000
  Number of Alpha electrons (from MO Occs)             =          44.0000000000
  Number of Beta electrons (from MO Occs)              =           0.0000000000
  Number of electron pairs (N*(N-1)/2)                 =         946.0000000000
  Number of electron pairs (from Muller 2EDM)          =         946.0000000000
  Number of electron pairs (from Muller 2EDM, no SOSI) =         946.0000000000
 
Nuclear Charges and Cartesian Coordinates:
-------------------------------------------------------------------------------
Atom      Charge                X                  Y                  Z
-------------------------------------------------------------------------------
Ni1       28.0           0.0000000000E+00   0.0000000000E+00   0.0000000000E+00
O2         8.0          -4.8371086088E+00   3.6024199995E-01  -7.8294607653E-01
H3         1.0          -6.0750241956E+00  -8.8872990126E-01  -3.0514983215E-01
H4         1.0          -5.5245446214E+00   1.9918084176E+00  -3.4757141610E-01
O5         8.0           4.0153128816E-01   7.8442321924E-01   4.8336167812E+00
H6         1.0          -8.3104671884E-01   3.0134675830E-01   6.0858222649E+00
H7         1.0           2.0429769508E+00   3.5797960297E-01   5.5028205976E+00
O8         8.0          -8.0660125947E-01   4.8301656825E+00   3.9911444217E-01
H9         1.0          -3.3786013304E-01   6.0823158474E+00  -8.3899848970E-01
H10        1.0          -3.7452196282E-01   5.5054651620E+00   2.0365668494E+00
O11        8.0           4.8371086088E+00  -3.6024199995E-01   7.8294607653E-01
H12        1.0           6.0750241956E+00   8.8872990126E-01   3.0514983215E-01
H13        1.0           5.5245446214E+00  -1.9918084176E+00   3.4757141610E-01
O14        8.0          -4.0153128816E-01  -7.8442321924E-01  -4.8336167812E+00
H15        1.0           8.3104671884E-01  -3.0134675830E-01  -6.0858222649E+00
H16        1.0          -2.0429769508E+00  -3.5797960297E-01  -5.5028205976E+00
O17        8.0           8.0660125947E-01  -4.8301656825E+00  -3.9911444217E-01
H18        1.0           3.3786013304E-01  -6.0823158474E+00   8.3899848970E-01
H19        1.0           3.7452196282E-01  -5.5054651620E+00  -2.0365668494E+00
 
Some Atomic Properties:
----------------------
  q(A) = Net Charge of Atom A
  L(A) = Lagrangian of Atom A = -(1/4) Times Atomic Integral of the Laplacian of the Electron Density
  K(A) = Electronic Kinetic Energy of Atom A (Hamiltonian Form)
  K_Scaled(A) = K(A) * E(Mol)/K(Mol) = Approximation to Virial-Based Total Energy of Atom A.
  |Mu_Intra(A)| = Magnitude of Intraatomic Dipole Moment of Atom A
--------------------------------------------------------------------------------------------------
Atom A          q(A)              L(A)              K(A)          K_Scaled(A)      |Mu_Intra(A)|
--------------------------------------------------------------------------------------------------
Ni1       1.3815649305E+01 -1.2559695828E-04  7.6251978548E+02 -7.6398572729E+02  1.3557759282E-05
O2        3.3841210996E+00 -6.4323621446E-06  3.7768262544E+01 -3.7840871906E+01  1.1935068934E-01
H3        8.2303145420E-01  6.0688303039E-06  1.6472479971E-01 -1.6504148260E-01  6.6175256314E-02
H4        8.2357330003E-01  1.1696873944E-05  1.6405601789E-01 -1.6437141505E-01  6.6174649129E-02
O5        3.3841068607E+00  6.9946202554E-06  3.7768258471E+01 -3.7840867825E+01  1.1923896882E-01
H6        8.2303515142E-01  5.8770969247E-06  1.6472262000E-01 -1.6503929870E-01  6.6175469779E-02
H7        8.2358107427E-01  1.4455354369E-05  1.6404755645E-01 -1.6436293734E-01  6.6177965607E-02
O8        3.3840959325E+00 -5.3787265902E-06  3.7768242283E+01 -3.7840851606E+01  1.1914179954E-01
H9        8.2303467479E-01  5.7411804793E-06  1.6472622386E-01 -1.6504290949E-01  6.6174982593E-02
H10       8.2358279421E-01  1.3178473172E-05  1.6405031573E-01 -1.6436570193E-01  6.6175894155E-02
O11       3.3841207027E+00 -6.7893006946E-06  3.7768262920E+01 -3.7840872283E+01  1.1935025312E-01
H12       8.2303241546E-01  7.0646745812E-06  1.6472494649E-01 -1.6504162967E-01  6.6175223254E-02
H13       8.2357554057E-01  1.3457518162E-05  1.6405545304E-01 -1.6437084912E-01  6.6174779209E-02
O14       3.3841036572E+00  4.3671232441E-06  3.7768258828E+01 -3.7840868182E+01  1.1923825483E-01
H15       8.2303564648E-01  6.1463608837E-06  1.6472257110E-01 -1.6503924971E-01  6.6175585787E-02
H16       8.2357847954E-01  1.2772881166E-05  1.6404842551E-01 -1.6436380808E-01  6.6177880353E-02
O17       3.3840950211E+00 -6.1408881155E-06  3.7768242164E+01 -3.7840851487E+01  1.1914089998E-01
H18       8.2303566223E-01  6.6299009510E-06  1.6472625163E-01 -1.6504293732E-01  6.6174945998E-02
H19       8.2358145243E-01  1.2392291684E-05  1.6405071842E-01 -1.6436610540E-01  6.6176170301E-02
--------------------------------------------------------------------------------------------------
Total     4.3999970224E+01 -2.3495055705E-05  9.9110196859E+02 -9.9300735890E+02
 
Molecular charge q(Mol) from the wfx file:   4.4000000000E+01
Molecular energy E(Mol) from the wfx file:  -1.9662273167E+03
Molecular virial ratio (-V(Mol)/T(Mol)) from the wfx file:   2.0019224968E+00
Full molecular virial ratio ((-V(Mol)+W(Mol))/T(Mol)) from the wfx file:   2.0014926014E+00
Note.  K_Scaled(A) = (1+V(Mol)/T(Mol))*K(A) = (E(Mol)/T(Mol))*K(A)
       Only use K_Scaled(A) data with caution.
 
N_AIMInt(SumA)     =         44.000030
N_Analytic(Mol)    =         44.000000
 
G_AIMInt(SumA)     =        991.101992
G_Analytic(Mol)    =        991.101967
 
K_AIMInt(SumA)     =        991.101969
K_Analytic(Mol)    =        991.101967
 
L_AIMInt(SumA)     =         -0.000023
L_Analytic(Mol)    =          0.000000
 
VenT_AIMInt(SumA)  =      -2961.724687
VenT_Analytic(Mol) =      -2961.724003
 
Some Information About the Atomic Calculations:
----------------------------------------------
  Time(sec) = "Elapsed User Time", in Seconds, for Atom A by AIMInt and, if used, by TWOe
  NProc = Number of Processors Used for AIMInt Job
  BIM = Basin Integration Method
  OAQ = Angular Quadrature Outside of Beta Sphere
  ORQ = Multiple of Default for Radial Quadrature Outside of Beta Sphere
  IAQ = Multiple of Default for Angular Quadrature Inside of Beta Sphere
  IRQ = Multiple of Default for Radial Quadrature Inside of Beta Sphere
  MIR = Maximum Integration Radius
------------------------------------------------------------------------------------------------------
Atom A     Time(sec)   NProc      BIM              OAQ                 ORQ      IAQ      IRQ      MIR
------------------------------------------------------------------------------------------------------
Ni1          1131        8     Proaim(5)    4334      (Very High)      Auto     Auto     Auto    13.00
O2            889        8     Proaim(5)    4334      (Very High)      Auto     Auto     Auto    13.00
H3            208        8     Proaim(5)    2030      (Very High)      Auto     Auto     Auto    13.00
H4            172        8     Proaim(5)    2030      (Very High)      Auto     Auto     Auto    13.00
O5            921        8     Proaim(5)    4334      (Very High)      Auto     Auto     Auto    13.00
H6            269        8     Proaim(5)    2030      (Very High)      Auto     Auto     Auto    13.00
H7            158        8     Proaim(5)    2030      (Very High)      Auto     Auto     Auto    13.00
O8            735        8     Proaim(5)    4334      (Very High)      Auto     Auto     Auto    13.00
H9            338        8     Proaim(5)    2030      (Very High)      Auto     Auto     Auto    13.00
H10           175        8     Proaim(5)    2030      (Very High)      Auto     Auto     Auto    13.00
O11           711        8     Proaim(5)    4334      (Very High)      Auto     Auto     Auto    13.00
H12           223        8     Proaim(5)    2030      (Very High)      Auto     Auto     Auto    13.00
H13           181        8     Proaim(5)    2030      (Very High)      Auto     Auto     Auto    13.00
O14           989        8     Proaim(5)    4334      (Very High)      Auto     Auto     Auto    13.00
H15           233        8     Proaim(5)    2030      (Very High)      Auto     Auto     Auto    13.00
H16           213        8     Proaim(5)    2030      (Very High)      Auto     Auto     Auto    13.00
O17           693        8     Proaim(5)    4334      (Very High)      Auto     Auto     Auto    13.00
H18           327        8     Proaim(5)    2030      (Very High)      Auto     Auto     Auto    13.00
H19           180        8     Proaim(5)    2030      (Very High)      Auto     Auto     Auto    13.00
------------------------------------------------------------------------------------------------------
Total        8746
Note:  Total wall clock time is less than total of atomic times if more than one atom
       was calculated at a time
Note:  Total time does not include times for diatomic interaction energy calculations (3925 seconds)
 
Electron Density Critical Point Analysis of Molecular Structure:               
---------------------------------------------------------------                
  NACP = Nuclear Attractor Critical Point                                      
  NNACP = Non-Nuclear Attractor Critical Point                                 
  BCP = Bond Critical Point                                                    
  RCP = Ring Critical Point                                                    
  CCP = Cage Critical Point                                                    
  Rho = Electron Density                                                       
  GradRho = Gradient of Electron Density                                       
  HessRho_EigVals = Eigenvalues of the Hessian of Rho, Ascending Order         
  HessRho_EigVecs = Eigenvectors of the Hessian of Rho                         
  DelSqRho = Laplacian of Rho = Trace of Hessian of Rho                        
  Bond Ellipticity = (HessRho_EigVal(1) / HessRho_EigVal(2)) - 1               
  V = Virial Field = Potential Energy Density = Trace of Stress Tensor         
  G = Lagrangian Form of Kinetic Energy Density                                
  K = Hamiltonian Form of Kinetic Energy Density                               
  L = K - G = Lagrangian Density = (-1/4)DelSqRho                              
  Vnuc = Electrostatic Potential from Nuclei                                   
  Ven = Electron-nuclear attractive contribution to Virial Field V             
  Vrep = V - Ven = Repulsive contribution to Virial Field V                    
  DelSqV = Laplacian of V                                                      
  DelSqVen = Laplacian of Ven                                                  
  DelSqVrep = Laplacian of Vrep                                                
  DelSqG = Laplacian of G                                                      
  DelSqK = Laplacian of K                                                      
  Stress_EigVals = Eigenvalues of Stress Tensor, Ascending Order               
  Stress_EigVecs = Eigenvectors of Stress Tensor                               
  -DivStress = Ehrenfest Force Density = Minus Divergence of Stress Tensor     
  ESP = Total Electrostatic Potential                                          
  ESPe = Electrostatic Potential from Electrons                                
  ESPn = Electrostatic Potential from Nuclei                                   
  BP = Bond Path                                                               
  BPL = Bond Path Length                                                       
  GBL = Geometric Bond Length                                                  
  GBL_I = Distance Between Nuclear Attractors                                  
  GBL_II = Distance Between Nuclei                                             
  GBL_III = Sum of Distances Between BCP and Nuclear Attractors                
  GBL_IV = Sum of Distances Between BCP and Nuclei                             

CP# 1      Coords =  1.16420153450290E-25  4.63117147141625E-26 -2.99238414842721E-25
           Type = (3,-3) NACP Ni1
           Rho =  7.2850180257E+03     Rho at Nucleus =  7.2850180257E+03
           GradRho = -2.2122505941E-18  9.9151977095E-18  3.7332801375E-18
           HessRho_EigVals = -4.2222538904E+08 -4.2222534457E+08 -4.2222534418E+08
           HessRho_EigVec1 = -5.7332706902E-01 -5.7823573262E-01  5.8046490803E-01
           HessRho_EigVec2 =  6.2627329280E-01 -7.6608215000E-01 -1.4456798460E-01
           HessRho_EigVec3 =  5.2827817923E-01  2.8064493043E-01  8.0134922997E-01
           DelSqRho = -1.2666760778E+09
           Bond Ellipticity = NA
           V = -3.1693830786E+08
           G =  1.3464420858E+05
           K =  3.1680366366E+08
           L =  3.1666901945E+08
           Vnuc =  2.8000000118E+09
           Ven = -2.0398050558E+13
           Vrep =  2.0397733619E+13
           DelSqV =  6.5849280344E+14
           DelSqVen =  6.1194151416E+29
           DelSqVrep = -6.1194151416E+29
           DelSqG =  1.8381928958E+13
           DelSqK = -6.7687473239E+14
           Stress_EigVals = -1.0564610273E+08 -1.0564610272E+08 -1.0564610241E+08
           Stress_EigVec1 = -7.2589449937E-01  2.4586426683E-02 -6.8736648405E-01
           Stress_EigVec2 = -3.7631389248E-01  8.2232116221E-01  4.2682052494E-01
           Stress_EigVec3 = -5.7572999758E-01 -5.6849222845E-01  5.8766619444E-01
           -DivStress = -2.3986259313E-11 -1.0103382539E-11  6.1857026317E-11
           ESP =  -5.9607103123E+01     ESP at Nucleus =  -5.9607103123E+01
           ESPe = -7.1372423217E+01     ESPe at Nucleus = -7.1372423217E+01
           ESPn =  1.1765320094E+01     ESPn at Nucleus =  1.1765320094E+01

CP# 2      Coords = -4.83711500139634E+00  3.60243293265732E-01 -7.82941137089737E-01
           Type = (3,-3) NACP O2
           Rho =  1.4781768463E+02     Rho at Nucleus =  1.4781767087E+02
           GradRho =  2.4064694681E-11  2.6067904346E-12  1.7712935285E-11
           HessRho_EigVals = -4.1115686207E+05 -4.1114995177E+05 -4.1113970073E+05
           HessRho_EigVec1 =  1.9696033698E-01  9.8025467997E-01 -1.7532485419E-02
           HessRho_EigVec2 =  9.4185373506E-01 -1.9414980166E-01 -2.7425790103E-01
           HessRho_EigVec3 =  2.7224651957E-01 -3.7504891730E-02  9.6149634200E-01
           DelSqRho = -1.2334465146E+06
           Bond Ellipticity = NA
           V = -3.0843123314E+05
           G =  3.4802247116E+01
           K =  3.0839643089E+05
           L =  3.0836162864E+05
           Vnuc =  9.7783407963E+05
           Ven = -1.4454116961E+08
           Vrep =  1.4423273837E+08
           DelSqV =  1.9617929781E+10
           DelSqVen =  1.2061060380E+12
           DelSqVrep = -1.1864881080E+12
           DelSqG =  8.5788936770E+08
           DelSqK = -2.0475819149E+10
           Stress_EigVals = -1.0281254919E+05 -1.0281002283E+05 -1.0280866112E+05
           Stress_EigVec1 =  2.9326619360E-01 -4.1694993890E-02  9.5512117931E-01
           Stress_EigVec2 =  9.3540191825E-01 -1.9390420298E-01 -2.9567619348E-01
           Stress_EigVec3 =  1.9753022810E-01  9.8013401510E-01 -1.7863970265E-02
           -DivStress =  4.0827956976E+04 -8.2601416575E+03 -3.1542788244E+04
           ESP =  -4.4540582820E+00     ESP at Nucleus =  -4.4540547171E+00
           ESPe = -1.8003362919E+01     ESPe at Nucleus = -1.8003367213E+01
           ESPn =  1.3549304637E+01     ESPn at Nucleus =  1.3549312495E+01

CP# 3      Coords = -6.03980786083896E+00 -8.52235957613899E-01 -3.18214816049521E-01
           Type = (3,-3) NACP H3
           Rho =  2.0348937450E-01     Rho at Nucleus =  1.9867820597E-01
           GradRho =  2.5514699132E-12  2.6373329840E-12 -9.5104204731E-13
           HessRho_EigVals = -4.0036155171E+00 -3.9929521759E+00 -3.1299465218E+00
           HessRho_EigVec1 = -6.4315000693E-01  7.1931836787E-01  2.6256266723E-01
           HessRho_EigVec2 =  3.6370675124E-01 -1.4780491003E-02  9.3139622942E-01
           HessRho_EigVec3 =  6.7385122073E-01  6.9452330611E-01 -2.5211487380E-01
           DelSqRho = -1.1126514215E+01
           Bond Ellipticity = NA
           V = -2.8117463970E+00
           G =  1.5058921670E-02
           K =  2.7966874753E+00
           L =  2.7816285537E+00
           Vnuc =  3.4494608604E+01
           Ven = -7.0192863285E+00
           Vrep =  4.2075399315E+00
           DelSqV =  6.7598056045E+02
           DelSqVen =  3.8380475297E+02
           DelSqVrep =  2.9217580748E+02
           DelSqG =  5.1845525543E+01
           DelSqK = -7.2782608599E+02
           Stress_EigVals = -1.0136524448E+00 -1.0111181716E+00 -7.8697578061E-01
           Stress_EigVec1 =  3.5866772522E-01 -1.2086200641E-02  9.3338705082E-01
           Stress_EigVec2 =  6.4838469523E-01 -7.1611051223E-01 -2.5842411123E-01
           Stress_EigVec3 =  6.7153164473E-01  6.9788226659E-01 -2.4900922091E-01
           -DivStress = -8.1794597407E+00 -8.4816929820E+00  3.0278663425E+00
           ESP =   7.1951627941E+00     ESP at Nucleus =   7.1011030915E+00
           ESPe = -8.2048054520E+00     ESPe at Nucleus = -8.1120935217E+00
           ESPn =  1.5399968246E+01     ESPn at Nucleus =  1.5213196613E+01

CP# 4      Coords = -5.50545738427574E+00  1.94435004257516E+00 -3.59475747056155E-01
           Type = (3,-3) NACP H4
           Rho =  2.0310984637E-01     Rho at Nucleus =  1.9828767234E-01
           GradRho =  5.8596435538E-13 -1.4463772248E-12 -3.6527705638E-13
           HessRho_EigVals = -3.9916469960E+00 -3.9808867143E+00 -3.1171414438E+00
           HessRho_EigVec1 =  8.6268697222E-01  4.2157607751E-01 -2.7936499214E-01
           HessRho_EigVec2 =  3.4848248283E-01 -9.5195643769E-02  9.3246863141E-01
           HessRho_EigVec3 = -3.6651213775E-01  9.0178234640E-01  2.2903591988E-01
           DelSqRho = -1.1089675154E+01
           Bond Ellipticity = NA
           V = -2.8024180969E+00
           G =  1.4999654191E-02
           K =  2.7874184427E+00
           L =  2.7724187885E+00
           Vnuc =  3.5008252151E+01
           Ven = -7.1105207161E+00
           Vrep =  4.3081026192E+00
           DelSqV =  6.7327509428E+02
           DelSqVen =  3.8823014407E+02
           DelSqVrep =  2.8504495021E+02
           DelSqG =  5.1606334980E+01
           DelSqK = -7.2488142926E+02
           Stress_EigVals = -1.0106013450E+00 -1.0080609279E+00 -7.8375582406E-01
           Stress_EigVec1 =  3.4637741290E-01 -9.4151920786E-02  9.3335850757E-01
           Stress_EigVec2 =  8.6500080830E-01  4.1709573753E-01 -2.7893502355E-01
           Stress_EigVec3 = -3.6303758686E-01  9.0397265531E-01  2.2591403008E-01
           -DivStress = -4.4169502423E+00  1.0989775307E+01  2.7485392073E+00
           ESP =   7.4712017557E+00     ESP at Nucleus =   7.3825759480E+00
           ESPe = -8.4966250164E+00     ESPe at Nucleus = -8.4095254206E+00
           ESPn =  1.5967826772E+01     ESPn at Nucleus =  1.5792101369E+01

CP# 5      Coords =  4.01532677617258E-01  7.84418294271708E-01  4.83362316134174E+00
           Type = (3,-3) NACP O5
           Rho =  1.4781761438E+02     Rho at Nucleus =  1.4781760063E+02
           GradRho =  7.4731089372E-12 -1.4577783425E-12  9.8173413843E-12
           HessRho_EigVals = -4.1115665101E+05 -4.1114974350E+05 -4.1113948780E+05
           HessRho_EigVec1 =  9.7785707321E-01  2.2395545160E-02 -2.0807206429E-01
           HessRho_EigVec2 =  2.0620981424E-01 -2.7262856368E-01  9.3976123498E-01
           HessRho_EigVec3 =  3.5679922853E-02  9.6185867248E-01  2.7120995056E-01
           DelSqRho = -1.2334458823E+06
           Bond Ellipticity = NA
           V = -3.0843107530E+05
           G =  3.4802358401E+01
           K =  3.0839627294E+05
           L =  3.0836147058E+05
           Vnuc =  9.7815930309E+05
           Ven = -1.4458917466E+08
           Vrep =  1.4428074359E+08
           DelSqV =  1.9617919746E+10
           DelSqVen =  1.2065065659E+12
           DelSqVrep = -1.1868886461E+12
           DelSqG =  8.5788889608E+08
           DelSqK = -2.0475808642E+10
           Stress_EigVals = -1.0281249707E+05 -1.0280996964E+05 -1.0280860858E+05
           Stress_EigVec1 =  4.0126776523E-02  9.5553085519E-01  2.9214829554E-01
           Stress_EigVec2 =  2.0600520699E-01 -2.9401365409E-01  9.3333693054E-01
           Stress_EigVec3 =  9.7772782332E-01  2.2732267664E-02 -2.0864215180E-01
           -DivStress = -8.8742082387E+03  3.1450363920E+04 -4.0748067878E+04
           ESP =  -4.4535894600E+00     ESP at Nucleus =  -4.4535858969E+00
           ESPe = -1.8003954824E+01     ESPe at Nucleus = -1.8003959116E+01
           ESPn =  1.3550365364E+01     ESPn at Nucleus =  1.3550373219E+01

CP# 6      Coords = -7.95018841190629E-01  3.14567196275769E-01  6.05018666890706E+00
           Type = (3,-3) NACP H6
           Rho =  2.0348964092E-01     Rho at Nucleus =  1.9867844847E-01
           GradRho =  1.6679503305E-12  6.1669181046E-13 -1.6557347941E-12
           HessRho_EigVals = -4.0036561157E+00 -3.9929886340E+00 -3.1299718546E+00
           HessRho_EigVec1 = -7.2783095652E-01  2.5834122400E-01 -6.3523374494E-01
           HessRho_EigVec2 =  1.4113200384E-02  9.3177219829E-01  3.6276905611E-01
           HessRho_EigVec3 =  6.8561134493E-01  2.5506936797E-01 -6.8181867180E-01
           DelSqRho = -1.1126616604E+01
           Bond Ellipticity = NA
           V = -2.8117726996E+00
           G =  1.5059274270E-02
           K =  2.7967134253E+00
           L =  2.7816541511E+00
           Vnuc =  3.4490984234E+01
           Ven = -7.0185579969E+00
           Vrep =  4.2067852972E+00
           DelSqV =  6.7598791073E+02
           DelSqVen =  3.8376795787E+02
           DelSqVrep =  2.9221995286E+02
           DelSqG =  5.1846411200E+01
           DelSqK = -7.2783432193E+02
           Stress_EigVals = -1.0136628361E+00 -1.0111276127E+00 -7.8698225081E-01
           Stress_EigVec1 =  1.1342017316E-02  9.3374856064E-01  3.5774989049E-01
           Stress_EigVec2 =  7.2466248135E-01 -2.5420078270E-01  6.4050468398E-01
           Stress_EigVec3 =  6.8901062892E-01  2.5198330813E-01 -6.7953569859E-01
           -DivStress = -8.3735842844E+00 -3.0640290340E+00  8.2769600831E+00
           ESP =   7.1933372440E+00     ESP at Nucleus =   7.0992398781E+00
           ESPe = -8.2029776847E+00     ESPe at Nucleus = -8.1102268275E+00
           ESPn =  1.5396314929E+01     ESPn at Nucleus =  1.5209466706E+01

CP# 7      Coords =  1.99524190332185E+00  3.69627237842141E-01  5.48426359272963E+00
           Type = (3,-3) NACP H7
           Rho =  2.0311033835E-01     Rho at Nucleus =  1.9828772632E-01
           GradRho = -1.8201273957E-12  4.4713473375E-13 -7.1144099726E-13
           HessRho_EigVals = -3.9915828115E+00 -3.9808145289E+00 -3.1170014198E+00
           HessRho_EigVec1 = -4.1031536948E-01 -2.8075598553E-01  8.6765049079E-01
           HessRho_EigVec2 =  9.4401281146E-02  9.3324214207E-01  3.4662299748E-01
           HessRho_EigVec3 =  9.0704448385E-01 -2.2413206120E-01  3.5641986961E-01
           DelSqRho = -1.1089398760E+01
           Bond Ellipticity = NA
           V = -2.8023519845E+00
           G =  1.5001147225E-02
           K =  2.7873508373E+00
           L =  2.7723496900E+00
           Vnuc =  3.5015281791E+01
           Ven = -7.1119657319E+00
           Vrep =  4.3096137474E+00
           DelSqV =  6.7324947468E+02
           DelSqVen =  3.8829842249E+02
           DelSqVrep =  2.8495105219E+02
           DelSqG =  5.1603895086E+01
           DelSqK = -7.2485336977E+02
           Stress_EigVals = -1.0105855057E+00 -1.0080444071E+00 -7.8372207165E-01
           Stress_EigVec1 =  9.3293809606E-02  9.3409813010E-01  3.4461130050E-01
           Stress_EigVec2 = -4.0582146887E-01 -2.8038799833E-01  8.6988016749E-01
           Stress_EigVec3 =  9.0917831062E-01 -2.2100509888E-01  3.5291861069E-01
           -DivStress =  1.1053478620E+01 -2.6890231633E+00  4.2940449113E+00
           ESP =   7.4751555535E+00     ESP at Nucleus =   7.3865971383E+00
           ESPe = -8.5008449550E+00     ESPe at Nucleus = -8.4138157231E+00
           ESPn =  1.5976000509E+01     ESPn at Nucleus =  1.5800412861E+01

CP# 8      Coords = -8.06596364030976E-01  4.83017209137904E+00  3.99115788604392E-01
           Type = (3,-3) NACP O8
           Rho =  1.4781747474E+02     Rho at Nucleus =  1.4781746100E+02
           GradRho = -7.9134476749E-12 -6.8053729319E-11  6.1503059590E-13
           HessRho_EigVals = -4.1115625164E+05 -4.1114934693E+05 -4.1113908295E+05
           HessRho_EigVec1 = -1.5568654987E-02 -2.0601627098E-01  9.7842470997E-01
           HessRho_EigVec2 =  2.6854770588E-01  9.4172744715E-01  2.0256244706E-01
           HessRho_EigVec3 =  9.6314056432E-01 -2.6590733609E-01 -4.0663767228E-02
           DelSqRho = -1.2334446815E+06
           Bond Ellipticity = NA
           V = -3.0843077587E+05
           G =  3.4802744758E+01
           K =  3.0839597312E+05
           L =  3.0836117038E+05
           Vnuc =  9.7845142380E+05
           Ven = -1.4463221862E+08
           Vrep =  1.4432378785E+08
           DelSqV =  1.9617900747E+10
           DelSqVen =  1.2068657055E+12
           DelSqVrep = -1.1872478047E+12
           DelSqG =  8.5788803790E+08
           DelSqK = -2.0475788785E+10
           Stress_EigVals = -1.0281239833E+05 -1.0280986901E+05 -1.0280850853E+05
           Stress_EigVec1 =  9.5691548258E-01 -2.8685406225E-01 -4.5027837752E-02
           Stress_EigVec2 =  2.8993105441E-01  9.3543142235E-01  2.0225735528E-01
           Stress_EigVec3 = -1.5897889669E-02 -2.0659816321E-01  9.7829671167E-01
           -DivStress = -3.1261763350E+04 -4.0931667538E+04 -8.5993868917E+03
           ESP =  -4.4547888979E+00     ESP at Nucleus =  -4.4547853373E+00
           ESPe = -1.8002752232E+01     ESPe at Nucleus = -1.8002756522E+01
           ESPn =  1.3547963335E+01     ESPn at Nucleus =  1.3547971185E+01

CP# 9      Coords = -3.50667238654512E-01  6.04668538365589E+00 -8.02814632724691E-01
           Type = (3,-3) NACP H9
           Rho =  2.0349646262E-01     Rho at Nucleus =  1.9868487843E-01
           GradRho = -6.9699779802E-13 -1.9297991482E-12  1.9546816117E-12
           HessRho_EigVals = -4.0037897016E+00 -3.9931169964E+00 -3.1300479409E+00
           HessRho_EigVec1 =  2.5896743596E-01  6.3831108340E-01  7.2491022059E-01
           HessRho_EigVec2 =  9.3372224447E-01 -3.5750610276E-01 -1.8765838013E-02
           HessRho_EigVec3 =  2.4718138542E-01  6.8172453917E-01 -6.8858769623E-01
           DelSqRho = -1.1126954639E+01
           Bond Ellipticity = NA
           V = -2.8118594401E+00
           G =  1.5060390179E-02
           K =  2.7967990499E+00
           L =  2.7817386597E+00
           Vnuc =  3.4490463471E+01
           Ven = -7.0186873105E+00
           Vrep =  4.2068278705E+00
           DelSqV =  6.7600487123E+02
           DelSqVen =  3.8377382252E+02
           DelSqVrep =  2.9223104871E+02
           DelSqG =  5.1847899005E+01
           DelSqK = -7.2785277023E+02
           Stress_EigVals = -1.0136973831E+00 -1.0111608535E+00 -7.8700120344E-01
           Stress_EigVec1 =  9.3568379926E-01 -3.5247566095E-01 -1.6022991105E-02
           Stress_EigVec2 =  2.5478642991E-01  6.4354758291E-01  7.2175507180E-01
           Stress_EigVec3 =  2.4408953878E-01  6.7941696841E-01 -6.9196306266E-01
           -DivStress =  2.9680826663E+00  8.2759575137E+00 -8.4100090324E+00
           ESP =   7.1933099313E+00     ESP at Nucleus =   7.0992278328E+00
           ESPe = -8.2029707092E+00     ESPe at Nucleus = -8.1102362519E+00
           ESPn =  1.5396280640E+01     ESPn at Nucleus =  1.5209464085E+01

CP# 10     Coords = -3.86338728530933E-01  5.48673421836742E+00  1.98894100074391E+00
           Type = (3,-3) NACP H10
           Rho =  2.0311512909E-01     Rho at Nucleus =  1.9829229135E-01
           GradRho = -4.1596034343E-13 -6.5997972061E-13 -1.6654887240E-12
           HessRho_EigVals = -3.9917093053E+00 -3.9809383588E+00 -3.1170957495E+00
           HessRho_EigVec1 = -2.7348284700E-01 -8.6828549755E-01  4.1386885258E-01
           HessRho_EigVec2 =  9.3462880255E-01 -3.4156711336E-01 -9.8999537910E-02
           HessRho_EigVec3 =  2.2732385232E-01  3.5973907462E-01  9.0493738146E-01
           DelSqRho = -1.1089743414E+01
           Bond Ellipticity = NA
           V = -2.8024388749E+00
           G =  1.5001510739E-02
           K =  2.7874373641E+00
           L =  2.7724358534E+00
           Vnuc =  3.5010665625E+01
           Ven = -7.1111958681E+00
           Vrep =  4.3087569932E+00
           DelSqV =  6.7326976328E+02
           DelSqVen =  3.8825929852E+02
           DelSqVrep =  2.8501046475E+02
           DelSqG =  5.1605864375E+01
           DelSqK = -7.2487562765E+02
           Stress_EigVals = -1.0106181285E+00 -1.0080757515E+00 -7.8374499480E-01
           Stress_EigVec1 =  9.3549040408E-01 -3.3951449384E-01 -9.7916353791E-02
           Stress_EigVec2 =  2.7309225852E-01  8.7053614848E-01 -4.0937444049E-01
           Stress_EigVec3 =  2.2422828146E-01  3.5622566256E-01  9.0709699323E-01
           -DivStress =  2.7282808559E+00  4.3344095584E+00  1.1028582194E+01
           ESP =   7.4729584671E+00     ESP at Nucleus =   7.3843784459E+00
           ESPe = -8.4985676237E+00     ESPe at Nucleus = -8.4115160827E+00
           ESPn =  1.5971526091E+01     ESPn at Nucleus =  1.5795894529E+01

CP# 11     Coords =  4.83711500139634E+00 -3.60243293265732E-01  7.82941137089737E-01
           Type = (3,-3) NACP O11
           Rho =  1.4781768463E+02     Rho at Nucleus =  1.4781767087E+02
           GradRho = -2.4065235915E-11 -2.6069020532E-12 -1.7711988126E-11
           HessRho_EigVals = -4.1115686207E+05 -4.1114995177E+05 -4.1113970073E+05
           HessRho_EigVec1 =  1.9696033698E-01  9.8025467997E-01 -1.7532485419E-02
           HessRho_EigVec2 =  9.4185373505E-01 -1.9414980166E-01 -2.7425790103E-01
           HessRho_EigVec3 =  2.7224651957E-01 -3.7504891730E-02  9.6149634200E-01
           DelSqRho = -1.2334465146E+06
           Bond Ellipticity = NA
           V = -3.0843123314E+05
           G =  3.4802247116E+01
           K =  3.0839643089E+05
           L =  3.0836162864E+05
           Vnuc =  9.7783407963E+05
           Ven = -1.4454116961E+08
           Vrep =  1.4423273837E+08
           DelSqV =  1.9617929781E+10
           DelSqVen =  1.2061060380E+12
           DelSqVrep = -1.1864881083E+12
           DelSqG =  8.5788936770E+08
           DelSqK = -2.0475819149E+10
           Stress_EigVals = -1.0281254919E+05 -1.0281002283E+05 -1.0280866112E+05
           Stress_EigVec1 =  2.9326619361E-01 -4.1694993890E-02  9.5512117931E-01
           Stress_EigVec2 =  9.3540191825E-01 -1.9390420298E-01 -2.9567619349E-01
           Stress_EigVec3 =  1.9753022810E-01  9.8013401510E-01 -1.7863970265E-02
           -DivStress = -4.0827956976E+04  8.2601416575E+03  3.1542788244E+04
           ESP =  -4.4540582820E+00     ESP at Nucleus =  -4.4540547171E+00
           ESPe = -1.8003362919E+01     ESPe at Nucleus = -1.8003367213E+01
           ESPn =  1.3549304637E+01     ESPn at Nucleus =  1.3549312495E+01

CP# 12     Coords =  6.03980786083896E+00  8.52235957613899E-01  3.18214816049521E-01
           Type = (3,-3) NACP H12
           Rho =  2.0348937450E-01     Rho at Nucleus =  1.9867820597E-01
           GradRho = -2.5514759847E-12 -2.6373191113E-12  9.5104023127E-13
           HessRho_EigVals = -4.0036155171E+00 -3.9929521759E+00 -3.1299465218E+00
           HessRho_EigVec1 = -6.4315000693E-01  7.1931836787E-01  2.6256266723E-01
           HessRho_EigVec2 =  3.6370675124E-01 -1.4780491003E-02  9.3139622942E-01
           HessRho_EigVec3 =  6.7385122073E-01  6.9452330611E-01 -2.5211487380E-01
           DelSqRho = -1.1126514215E+01
           Bond Ellipticity = NA
           V = -2.8117463970E+00
           G =  1.5058921670E-02
           K =  2.7966874753E+00
           L =  2.7816285537E+00
           Vnuc =  3.4494608604E+01
           Ven = -7.0192863285E+00
           Vrep =  4.2075399315E+00
           DelSqV =  6.7598056045E+02
           DelSqVen =  3.8380475297E+02
           DelSqVrep =  2.9217580748E+02
           DelSqG =  5.1845525543E+01
           DelSqK = -7.2782608599E+02
           Stress_EigVals = -1.0136524448E+00 -1.0111181716E+00 -7.8697578061E-01
           Stress_EigVec1 =  3.5866772522E-01 -1.2086200641E-02  9.3338705082E-01
           Stress_EigVec2 =  6.4838469523E-01 -7.1611051223E-01 -2.5842411123E-01
           Stress_EigVec3 =  6.7153164473E-01  6.9788226659E-01 -2.4900922091E-01
           -DivStress =  8.1794597407E+00  8.4816929820E+00 -3.0278663425E+00
           ESP =   7.1951627941E+00     ESP at Nucleus =   7.1011030915E+00
           ESPe = -8.2048054520E+00     ESPe at Nucleus = -8.1120935217E+00
           ESPn =  1.5399968246E+01     ESPn at Nucleus =  1.5213196613E+01

CP# 13     Coords =  5.50545738427574E+00 -1.94435004257516E+00  3.59475747056155E-01
           Type = (3,-3) NACP H13
           Rho =  2.0310984637E-01     Rho at Nucleus =  1.9828767234E-01
           GradRho = -5.8597527194E-13  1.4463561303E-12  3.6527484054E-13
           HessRho_EigVals = -3.9916469960E+00 -3.9808867143E+00 -3.1171414438E+00
           HessRho_EigVec1 =  8.6268697222E-01  4.2157607751E-01 -2.7936499214E-01
           HessRho_EigVec2 =  3.4848248283E-01 -9.5195643769E-02  9.3246863141E-01
           HessRho_EigVec3 = -3.6651213775E-01  9.0178234640E-01  2.2903591988E-01
           DelSqRho = -1.1089675154E+01
           Bond Ellipticity = NA
           V = -2.8024180969E+00
           G =  1.4999654191E-02
           K =  2.7874184427E+00
           L =  2.7724187885E+00
           Vnuc =  3.5008252151E+01
           Ven = -7.1105207161E+00
           Vrep =  4.3081026192E+00
           DelSqV =  6.7327509428E+02
           DelSqVen =  3.8823014407E+02
           DelSqVrep =  2.8504495021E+02
           DelSqG =  5.1606334980E+01
           DelSqK = -7.2488142926E+02
           Stress_EigVals = -1.0106013450E+00 -1.0080609279E+00 -7.8375582406E-01
           Stress_EigVec1 =  3.4637741290E-01 -9.4151920786E-02  9.3335850757E-01
           Stress_EigVec2 =  8.6500080830E-01  4.1709573753E-01 -2.7893502355E-01
           Stress_EigVec3 = -3.6303758686E-01  9.0397265531E-01  2.2591403008E-01
           -DivStress =  4.4169502423E+00 -1.0989775307E+01 -2.7485392073E+00
           ESP =   7.4712017557E+00     ESP at Nucleus =   7.3825759480E+00
           ESPe = -8.4966250164E+00     ESPe at Nucleus = -8.4095254206E+00
           ESPn =  1.5967826772E+01     ESPn at Nucleus =  1.5792101369E+01

CP# 14     Coords = -4.01532677617258E-01 -7.84418294271708E-01 -4.83362316134174E+00
           Type = (3,-3) NACP O14
           Rho =  1.4781761438E+02     Rho at Nucleus =  1.4781760063E+02
           GradRho = -7.4734177180E-12  1.4586110098E-12 -9.8146768490E-12
           HessRho_EigVals = -4.1115665101E+05 -4.1114974350E+05 -4.1113948780E+05
           HessRho_EigVec1 =  9.7785707321E-01  2.2395545160E-02 -2.0807206429E-01
           HessRho_EigVec2 =  2.0620981424E-01 -2.7262856368E-01  9.3976123498E-01
           HessRho_EigVec3 =  3.5679922852E-02  9.6185867248E-01  2.7120995056E-01
           DelSqRho = -1.2334458823E+06
           Bond Ellipticity = NA
           V = -3.0843107530E+05
           G =  3.4802358401E+01
           K =  3.0839627294E+05
           L =  3.0836147058E+05
           Vnuc =  9.7815930309E+05
           Ven = -1.4458917466E+08
           Vrep =  1.4428074359E+08
           DelSqV =  1.9617919746E+10
           DelSqVen =  1.2065065659E+12
           DelSqVrep = -1.1868886461E+12
           DelSqG =  8.5788889608E+08
           DelSqK = -2.0475808642E+10
           Stress_EigVals = -1.0281249707E+05 -1.0280996964E+05 -1.0280860858E+05
           Stress_EigVec1 =  4.0126776524E-02  9.5553085519E-01  2.9214829555E-01
           Stress_EigVec2 =  2.0600520699E-01 -2.9401365410E-01  9.3333693053E-01
           Stress_EigVec3 =  9.7772782332E-01  2.2732267664E-02 -2.0864215180E-01
           -DivStress =  8.8742082387E+03 -3.1450363920E+04  4.0748067878E+04
           ESP =  -4.4535894600E+00     ESP at Nucleus =  -4.4535858969E+00
           ESPe = -1.8003954824E+01     ESPe at Nucleus = -1.8003959116E+01
           ESPn =  1.3550365364E+01     ESPn at Nucleus =  1.3550373219E+01

CP# 15     Coords =  7.95018841190629E-01 -3.14567196275769E-01 -6.05018666890706E+00
           Type = (3,-3) NACP H15
           Rho =  2.0348964092E-01     Rho at Nucleus =  1.9867844847E-01
           GradRho = -1.6679503305E-12 -6.1669137678E-13  1.6557355530E-12
           HessRho_EigVals = -4.0036561157E+00 -3.9929886340E+00 -3.1299718546E+00
           HessRho_EigVec1 = -7.2783095652E-01  2.5834122400E-01 -6.3523374494E-01
           HessRho_EigVec2 =  1.4113200384E-02  9.3177219829E-01  3.6276905611E-01
           HessRho_EigVec3 =  6.8561134493E-01  2.5506936797E-01 -6.8181867180E-01
           DelSqRho = -1.1126616604E+01
           Bond Ellipticity = NA
           V = -2.8117726996E+00
           G =  1.5059274270E-02
           K =  2.7967134253E+00
           L =  2.7816541511E+00
           Vnuc =  3.4490984234E+01
           Ven = -7.0185579969E+00
           Vrep =  4.2067852972E+00
           DelSqV =  6.7598791073E+02
           DelSqVen =  3.8376795787E+02
           DelSqVrep =  2.9221995286E+02
           DelSqG =  5.1846411200E+01
           DelSqK = -7.2783432193E+02
           Stress_EigVals = -1.0136628361E+00 -1.0111276127E+00 -7.8698225081E-01
           Stress_EigVec1 =  1.1342017316E-02  9.3374856064E-01  3.5774989049E-01
           Stress_EigVec2 =  7.2466248135E-01 -2.5420078270E-01  6.4050468398E-01
           Stress_EigVec3 =  6.8901062892E-01  2.5198330813E-01 -6.7953569859E-01
           -DivStress =  8.3735842844E+00  3.0640290340E+00 -8.2769600831E+00
           ESP =   7.1933372440E+00     ESP at Nucleus =   7.0992398781E+00
           ESPe = -8.2029776847E+00     ESPe at Nucleus = -8.1102268275E+00
           ESPn =  1.5396314929E+01     ESPn at Nucleus =  1.5209466706E+01

CP# 16     Coords = -1.99524190332185E+00 -3.69627237842141E-01 -5.48426359272963E+00
           Type = (3,-3) NACP H16
           Rho =  2.0311033835E-01     Rho at Nucleus =  1.9828772632E-01
           GradRho =  1.8201413141E-12 -4.4714297369E-13  7.1143931675E-13
           HessRho_EigVals = -3.9915828115E+00 -3.9808145289E+00 -3.1170014198E+00
           HessRho_EigVec1 = -4.1031536948E-01 -2.8075598553E-01  8.6765049079E-01
           HessRho_EigVec2 =  9.4401281146E-02  9.3324214207E-01  3.4662299748E-01
           HessRho_EigVec3 =  9.0704448385E-01 -2.2413206120E-01  3.5641986961E-01
           DelSqRho = -1.1089398760E+01
           Bond Ellipticity = NA
           V = -2.8023519845E+00
           G =  1.5001147225E-02
           K =  2.7873508373E+00
