AIMSum (Version 16.05.18, Professional)
Copyright (c) 1997-2016 by Todd A. Keith
AIMSum is a component of the AIMAll package ( http://aim.tkgristmill.com )

TP:  64-bit Linux

Licensed To:  Research Group of Fernando Cortes Guzman, UNAM, fercor@unam.mx

Much of the Quantum Theory of Atoms in Molecules (QTAIM) is described in the book:
  "Atoms in Molecules - A Quantum Theory"
  R.F.W. Bader, Oxford University Press, Oxford, 1990

For additional references see:  http://aim.tkgristmill.com/references.html

Wfx File:  /home/davit_gabo/David/max_int2/acercamiento/Ni23_22.wfx
Sum File:  /home/davit_gabo/David/max_int2/acercamiento/Ni23_22.sum

SumViz File:  /home/davit_gabo/David/max_int2/acercamiento/Ni23_22.sumviz

Wfx Title:   Ni23_22                                                                       
 
Total memory allocated for AIMSum =        1.194 Megabytes

Atomic units (a.u.) used throughout, except where stated otherwise

Model:  Unrestricted SCF
 
Unrestricted, single-determinant wavefunction.
  Number of electrons (from MO Occs)                   =          86.0000000000
  Number of Alpha electrons (from MO Occs)             =          44.0000000000
  Number of Beta electrons (from MO Occs)              =          42.0000000000
  Number of electron pairs (N*(N-1)/2)                 =        3655.0000000000
  Number of electron pairs (from Muller 2EDM)          =        3655.0000000000
 
Nuclear Charges and Cartesian Coordinates:
-------------------------------------------------------------------------------
Atom      Charge                X                  Y                  Z
-------------------------------------------------------------------------------
Ni1       28.0           0.0000000000E+00   0.0000000000E+00   0.0000000000E+00
O2         8.0          -4.1560826401E+00   3.2269968594E-02  -9.9446846522E-02
H3         1.0          -5.2596050897E+00  -1.4112563829E+00   1.4029900595E-02
H4         1.0          -5.1686146001E+00   1.5359050036E+00   7.2565345467E-02
O5         8.0           4.1317284806E-02   8.5725118008E-02   4.1563082120E+00
H6         1.0          -1.3929588330E+00  -5.7045360870E-02   5.2683348113E+00
H7         1.0           1.5538658140E+00  -8.1500970970E-02   5.1564496310E+00
O8         8.0          -8.4856509206E-02   4.1560456123E+00   6.3546366765E-02
H9         1.0           1.3417489306E-02   5.2825362190E+00  -1.3631028283E+00
H10        1.0           5.2324201776E-02   5.1498640523E+00   1.5832701479E+00
O11        8.0           4.1560826401E+00  -3.2269968594E-02   9.9446846522E-02
H12        1.0           5.2596050897E+00   1.4112563829E+00  -1.4029900595E-02
H13        1.0           5.1686146001E+00  -1.5359050036E+00  -7.2565345467E-02
O14        8.0          -4.1317284806E-02  -8.5725118008E-02  -4.1563082120E+00
H15        1.0           1.3929588330E+00   5.7045360870E-02  -5.2683348113E+00
H16        1.0          -1.5538658140E+00   8.1500970970E-02  -5.1564496310E+00
O17        8.0           8.4856509206E-02  -4.1560456123E+00  -6.3546366765E-02
H18        1.0          -1.3417489306E-02  -5.2825362190E+00   1.3631028283E+00
H19        1.0          -5.2324201776E-02  -5.1498640523E+00  -1.5832701479E+00
 
Some Atomic Properties:
----------------------
  q(A) = Net Charge of Atom A
  L(A) = Lagrangian of Atom A = -(1/4) Times Atomic Integral of the Laplacian of the Electron Density
  K(A) = Electronic Kinetic Energy of Atom A (Hamiltonian Form)
  K_Scaled(A) = K(A) * E(Mol)/K(Mol) = Approximation to Virial-Based Total Energy of Atom A.
  |Mu_Intra(A)| = Magnitude of Intraatomic Dipole Moment of Atom A
--------------------------------------------------------------------------------------------------
Atom A          q(A)              L(A)              K(A)          K_Scaled(A)      |Mu_Intra(A)|
--------------------------------------------------------------------------------------------------
Ni1       1.5388861850E+00  7.7550977952E-06  1.5059835369E+03 -1.5085808754E+03  8.6560285707E-06
O2       -1.2311925784E+00  1.0165667217E-05  7.5513945122E+01 -7.5644182455E+01  2.2824137189E-01
H3        6.5386578630E-01  1.6885677122E-05  3.2450750082E-01 -3.2506717217E-01  1.2949330453E-01
H4        6.5424268781E-01  1.3898814268E-05  3.2411890076E-01 -3.2467790190E-01  1.2942584985E-01
O5       -1.2310815095E+00  3.4421196632E-05  7.5513945790E+01 -7.5644183125E+01  2.2858897966E-01
H6        6.5380106516E-01  1.6224855109E-05  3.2457156018E-01 -3.2513134201E-01  1.2951201709E-01
H7        6.5426703189E-01  1.7382092020E-05  3.2407605090E-01 -3.2463497814E-01  1.2942875063E-01
O8       -1.2316123687E+00 -4.3518154008E-06  7.5514062923E+01 -7.5644300460E+01  2.2710654477E-01
H9        6.5395303571E-01  1.5772762411E-05  3.2448366622E-01 -3.2504329646E-01  1.2944732960E-01
H10       6.5439601396E-01  1.4506672449E-05  3.2398548469E-01 -3.2454425573E-01  1.2938085758E-01
O11      -1.2311945454E+00  1.2484367891E-05  7.5513948925E+01 -7.5644186265E+01  2.2825300019E-01
H12       6.5386552878E-01  1.6084137126E-05  3.2450696557E-01 -3.2506663600E-01  1.2949413080E-01
H13       6.5424672740E-01  1.7922477886E-05  3.2411914965E-01 -3.2467815122E-01  1.2942404839E-01
O14      -1.2310791603E+00  3.7612670569E-05  7.5513946962E+01 -7.5644184299E+01  2.2859214870E-01
H15       6.5380072118E-01  1.5932955594E-05  3.2457165871E-01 -3.2513144071E-01  1.2951171094E-01
H16       6.5426545575E-01  1.6494508420E-05  3.2407663721E-01 -3.2463556545E-01  1.2942842892E-01
O17      -1.2316119398E+00 -4.4785827669E-06  7.5514062476E+01 -7.5644300012E+01  2.2710099973E-01
H18       6.5395142121E-01  1.4980159165E-05  3.2448430912E-01 -3.2504394047E-01  1.2944717976E-01
H19       6.5439637232E-01  1.5461537571E-05  3.2398600690E-01 -3.2454477884E-01  1.2938031328E-01
--------------------------------------------------------------------------------------------------
Total     2.0001659304E+00  2.8515525108E-04  1.9629589370E+03 -1.9663444115E+03
 
Molecular charge q(Mol) from the wfx file:   2.0000000000E+00
Molecular energy E(Mol) from the wfx file:  -1.9663442601E+03
Molecular virial ratio (-V(Mol)/T(Mol)) from the wfx file:   2.0017246792E+00
Full molecular virial ratio ((-V(Mol)+W(Mol))/T(Mol)) from the wfx file:   2.0015048125E+00
Note.  K_Scaled(A) = (1+V(Mol)/T(Mol))*K(A) = (E(Mol)/T(Mol))*K(A)
       Only use K_Scaled(A) data with caution.
 
N_AIMInt(SumA)     =         85.999834
N_Analytic(Mol)    =         86.000000
 
G_AIMInt(SumA)     =       1962.958652
G_Analytic(Mol)    =       1962.958786
 
K_AIMInt(SumA)     =       1962.958937
K_Analytic(Mol)    =       1962.958786
 
L_AIMInt(SumA)     =          0.000285
L_Analytic(Mol)    =          0.000000
 
VenT_AIMInt(SumA)  =      -5992.555664
VenT_Analytic(Mol) =      -5992.556584
 
Some Information About the Atomic Calculations:
----------------------------------------------
  Time(sec) = "Elapsed User Time", in Seconds, for Atom A by AIMInt and, if used, by TWOe
  NProc = Number of Processors Used for AIMInt Job
  BIM = Basin Integration Method
  OAQ = Angular Quadrature Outside of Beta Sphere
  ORQ = Multiple of Default for Radial Quadrature Outside of Beta Sphere
  IAQ = Multiple of Default for Angular Quadrature Inside of Beta Sphere
  IRQ = Multiple of Default for Radial Quadrature Inside of Beta Sphere
  MIR = Maximum Integration Radius
------------------------------------------------------------------------------------------------------
Atom A     Time(sec)   NProc      BIM              OAQ                 ORQ      IAQ      IRQ      MIR
------------------------------------------------------------------------------------------------------
Ni1          1809        8     Proaim(5)    4334      (Very High)      Auto     Auto     Auto    13.00
O2            820        8     Proaim(5)    4334      (Very High)      Auto     Auto     Auto    13.00
H3            202        8     Proaim(5)    2030      (Very High)      Auto     Auto     Auto    13.00
H4            218        8     Proaim(5)    2030      (Very High)      Auto     Auto     Auto    13.00
O5            762        8     Proaim(5)    4334      (Very High)      Auto     Auto     Auto    13.00
H6            227        8     Proaim(5)    2030      (Very High)      Auto     Auto     Auto    13.00
H7            210        8     Proaim(5)    2030      (Very High)      Auto     Auto     Auto    13.00
O8            904        8     Proaim(5)    4334      (Very High)      Auto     Auto     Auto    13.00
H9            287        8     Proaim(5)    2030      (Very High)      Auto     Auto     Auto    13.00
H10           517        8     Proaim(5)    2030      (Very High)      Auto     Auto     Auto    13.00
O11          1100        8     Proaim(5)    4334      (Very High)      Auto     Auto     Auto    13.00
H12           254        8     Proaim(5)    2030      (Very High)      Auto     Auto     Auto    13.00
H13           186        8     Proaim(5)    2030      (Very High)      Auto     Auto     Auto    13.00
O14           812        8     Proaim(5)    4334      (Very High)      Auto     Auto     Auto    13.00
H15           319        8     Proaim(5)    2030      (Very High)      Auto     Auto     Auto    13.00
H16           224        8     Proaim(5)    2030      (Very High)      Auto     Auto     Auto    13.00
O17           812        8     Proaim(5)    4334      (Very High)      Auto     Auto     Auto    13.00
H18           273        8     Proaim(5)    2030      (Very High)      Auto     Auto     Auto    13.00
H19           237        8     Proaim(5)    2030      (Very High)      Auto     Auto     Auto    13.00
------------------------------------------------------------------------------------------------------
Total       10173
Note:  Total wall clock time is less than total of atomic times if more than one atom
       was calculated at a time
Note:  Total time does not include times for diatomic interaction energy calculations (8496 seconds)
 
Electron Density Critical Point Analysis of Molecular Structure:               
---------------------------------------------------------------                
  NACP = Nuclear Attractor Critical Point                                      
  NNACP = Non-Nuclear Attractor Critical Point                                 
  BCP = Bond Critical Point                                                    
  RCP = Ring Critical Point                                                    
  CCP = Cage Critical Point                                                    
  Rho = Electron Density                                                       
  GradRho = Gradient of Electron Density                                       
  HessRho_EigVals = Eigenvalues of the Hessian of Rho, Ascending Order         
  HessRho_EigVecs = Eigenvectors of the Hessian of Rho                         
  DelSqRho = Laplacian of Rho = Trace of Hessian of Rho                        
  Bond Ellipticity = (HessRho_EigVal(1) / HessRho_EigVal(2)) - 1               
  V = Virial Field = Potential Energy Density = Trace of Stress Tensor         
  G = Lagrangian Form of Kinetic Energy Density                                
  K = Hamiltonian Form of Kinetic Energy Density                               
  L = K - G = Lagrangian Density = (-1/4)DelSqRho                              
  Vnuc = Electrostatic Potential from Nuclei                                   
  Ven = Electron-nuclear attractive contribution to Virial Field V             
  Vrep = V - Ven = Repulsive contribution to Virial Field V                    
  DelSqV = Laplacian of V                                                      
  DelSqVen = Laplacian of Ven                                                  
  DelSqVrep = Laplacian of Vrep                                                
  DelSqG = Laplacian of G                                                      
  DelSqK = Laplacian of K                                                      
  Stress_EigVals = Eigenvalues of Stress Tensor, Ascending Order               
  Stress_EigVecs = Eigenvectors of Stress Tensor                               
  -DivStress = Ehrenfest Force Density = Minus Divergence of Stress Tensor     
  ESP = Total Electrostatic Potential                                          
  ESPe = Electrostatic Potential from Electrons                                
  ESPn = Electrostatic Potential from Nuclei                                   
  BP = Bond Path                                                               
  BPL = Bond Path Length                                                       
  GBL = Geometric Bond Length                                                  
  GBL_I = Distance Between Nuclear Attractors                                  
  GBL_II = Distance Between Nuclei                                             
  GBL_III = Sum of Distances Between BCP and Nuclear Attractors                
  GBL_IV = Sum of Distances Between BCP and Nuclei                             

CP# 1      Coords =  9.86247074248911E-25  2.38360222055331E-24  9.94200505739300E-25
           Type = (3,-3) NACP Ni1
           Rho =  1.4571552012E+04     Rho at Nucleus =  1.4571552012E+04
           GradRho = -6.5336186815E-17  1.5085553199E-18  5.0306564689E-17
           HessRho_EigVals = -8.4455180034E+08 -8.4455178352E+08 -8.4455178149E+08
           HessRho_EigVec1 =  5.5180020702E-01  5.8730815947E-01 -5.9210274223E-01
           HessRho_EigVec2 =  7.2918484052E-01 -6.8431634891E-01  7.7650473144E-04
           HessRho_EigVec3 =  4.0472953918E-01  4.3218081914E-01  8.0586210959E-01
           DelSqRho = -2.5336553653E+09
           Bond Ellipticity = NA
           V = -6.3395283608E+08
           G =  2.6949737122E+05
           K =  6.3368333871E+08
           L =  6.3341384134E+08
           Vnuc =  2.8000000138E+09
           Ven = -4.0800345835E+13
           Vrep =  4.0799711883E+13
           DelSqV =  1.3171439814E+15
           DelSqVen =  1.2240103691E+30
           DelSqVrep = -1.2240103691E+30
           DelSqG =  3.6768926906E+13
           DelSqK = -1.3539129084E+15
           Stress_EigVals = -2.1131761216E+08 -2.1131761207E+08 -2.1131761185E+08
           Stress_EigVec1 =  5.3684181841E-01  1.2725007982E-01  8.3403134185E-01
           Stress_EigVec2 =  7.3866776994E-01 -5.4853220527E-01 -3.9176822923E-01
           Stress_EigVec3 =  4.0764051277E-01  8.2638963992E-01 -3.8847055922E-01
           -DivStress = -4.0799982227E-10 -9.8359283367E-10 -4.1093099091E-10
           ESP =  -1.2824156997E+02     ESP at Nucleus =  -1.2824156997E+02
           ESPe = -1.4200151797E+02     ESPe at Nucleus = -1.4200151797E+02
           ESPn =  1.3759947999E+01     ESPn at Nucleus =  1.3759947999E+01

CP# 2      Coords = -4.15608946110719E+00  3.22701427114119E-02 -9.94453351467376E-02
           Type = (3,-3) NACP O2
           Rho =  2.9547211372E+02     Rho at Nucleus =  2.9547209365E+02
           GradRho =  2.3653876319E-10 -3.7645667833E-14  2.6216320781E-12
           HessRho_EigVals = -8.2185748956E+05 -8.2184503007E+05 -8.2182143463E+05
           HessRho_EigVec1 =  3.2878407076E-02  9.9926821677E-01  1.9545877071E-02
           HessRho_EigVec2 =  9.9576479248E-01 -3.1070631616E-02 -8.6527994886E-02
           HessRho_EigVec3 =  8.5857372404E-02 -2.2307998865E-02  9.9605766138E-01
           DelSqRho = -2.4655239543E+06
           Bond Ellipticity = NA
           V = -6.1652033667E+05
           G =  6.9674052025E+01
           K =  6.1645066262E+05
           L =  6.1638098857E+05
           Vnuc =  1.1447424310E+06
           Ven = -3.3823946575E+08
           Vrep =  3.3762294541E+08
           DelSqV =  3.9214207060E+10
           DelSqVen =  2.8223898849E+12
           DelSqVrep = -2.7831756768E+12
           DelSqG =  1.7148220583E+09
           DelSqK = -4.0929029119E+10
           Stress_EigVals = -2.0551142774E+05 -2.0550568397E+05 -2.0550322497E+05
           Stress_EigVec1 =  9.1085008411E-02 -2.2439719513E-02  9.9559026724E-01
           Stress_EigVec2 =  9.9530612422E-01 -3.0776050263E-02 -9.1752677419E-02
           Stress_EigVec3 =  3.2699240451E-02  9.9927438360E-01  1.9531153460E-02
           -DivStress =  8.7078456074E+04 -2.2229854747E+03 -1.9292560412E+04
           ESP =  -2.2017061174E+01     ESP at Nucleus =  -2.2017061364E+01
           ESPe = -3.7655739325E+01     ESPe at Nucleus = -3.7655754156E+01
           ESPn =  1.5638678151E+01     ESPn at Nucleus =  1.5638692792E+01

CP# 3      Coords = -5.22816330926909E+00 -1.36891662810141E+00  1.09744603884027E-02
           Type = (3,-3) NACP H3
           Rho =  4.0576787325E-01     Rho at Nucleus =  3.9601750599E-01
           GradRho = -5.5294310797E-18 -5.6257895478E-16 -1.3335686722E-17
           HessRho_EigVals = -7.9863717747E+00 -7.9622517477E+00 -6.2206132586E+00
           HessRho_EigVec1 =  7.9434801006E-01 -6.0073822341E-01 -9.0137815884E-02
           HessRho_EigVec2 =  1.0734825714E-01 -7.2289546403E-03  9.9419519910E-01
           HessRho_EigVec3 =  5.9790265981E-01  7.9941311545E-01 -5.8745895547E-02
           DelSqRho = -2.2169236781E+01
           Bond Ellipticity = NA
           V = -5.6022843174E+00
           G =  2.9987561065E-02
           K =  5.5722967563E+00
           L =  5.5423091952E+00
           Vnuc =  3.5825075196E+01
           Ven = -1.4536664571E+01
           Vrep =  8.9343802540E+00
           DelSqV =  1.3447538031E+03
           DelSqVen =  7.9421457471E+02
           DelSqVrep =  5.5053922834E+02
           DelSqG =  1.0324953530E+02
           DelSqK = -1.4480033384E+03
           Stress_EigVals = -2.0219951281E+00 -2.0164421871E+00 -1.5638470021E+00
           Stress_EigVec1 =  1.1070218796E-01 -1.0606962752E-02  9.9379702048E-01
           Stress_EigVec2 =  7.9628864295E-01 -5.9739828909E-01 -9.5077238586E-02
           Stress_EigVec3 =  5.9470112047E-01  8.0187453915E-01 -5.7687093710E-02
           -DivStress = -1.4548367267E+01 -1.9601124877E+01  1.4094935062E+00
           ESP =  -6.6143624722E-01     ESP at Nucleus =  -6.6511933526E-01
           ESPe = -1.7556404626E+01     ESPe at Nucleus = -1.7356671800E+01
           ESPn =  1.6894968379E+01     ESPn at Nucleus =  1.6691552465E+01

CP# 4      Coords = -5.13987541311218E+00  1.49179868153935E+00  6.77860522168606E-02
           Type = (3,-3) NACP H4
           Rho =  4.0551412588E-01     Rho at Nucleus =  3.9576060321E-01
           GradRho = -8.0256032939E-16  3.9038054473E-16  2.1900883884E-17
           HessRho_EigVals = -7.9795434112E+00 -7.9553624663E+00 -6.2136858118E+00
           HessRho_EigVec1 =  8.3044679595E-01  5.5297687466E-01 -6.7636492972E-02
           HessRho_EigVec2 =  1.0672283372E-01 -3.8751207704E-02  9.9353338176E-01
           HessRho_EigVec3 = -5.4677998853E-01  8.3229497175E-01  9.1196075322E-02
           DelSqRho = -2.2148591689E+01
           Bond Ellipticity = NA
           V = -5.5969909518E+00
           G =  2.9921514723E-02
           K =  5.5670694371E+00
           L =  5.5371479223E+00
           Vnuc =  3.5935919030E+01
           Ven = -1.4572522793E+01
           Vrep =  8.9755318413E+00
           DelSqV =  1.3432841565E+03
           DelSqVen =  7.9592999758E+02
           DelSqVrep =  5.4735415888E+02
           DelSqG =  1.0312508071E+02
           DelSqK = -1.4464092372E+03
           Stress_EigVals = -2.0202236788E+00 -2.0146765868E+00 -1.5620906862E+00
           Stress_EigVec1 =  1.0923272901E-01 -3.6291790680E-02  9.9335347024E-01
           Stress_EigVec2 =  8.3233006331E-01  5.4965657106E-01 -7.1444521164E-02
           Stress_EigVec3 = -5.4341041270E-01  8.3460203679E-01  9.0247235708E-02
           -DivStress = -1.3285221955E+01  2.0399039383E+01  2.2054697010E+00
           ESP =  -6.6193536327E-01     ESP at Nucleus =  -6.6561997367E-01
           ESPe = -1.7679858400E+01     ESPe at Nucleus = -1.7481959213E+01
           ESPn =  1.7017923036E+01     ESPn at Nucleus =  1.6816339239E+01

CP# 5      Coords =  4.13175210291061E-02  8.57234968087923E-02  4.15631501431335E+00
           Type = (3,-3) NACP O5
           Rho =  2.9547268860E+02     Rho at Nucleus =  2.9547266848E+02
           GradRho = -2.2801111720E-12 -5.2649618606E-12  8.8047005071E-11
           HessRho_EigVals = -8.2185909229E+05 -8.2184662757E+05 -8.2182305428E+05
           HessRho_EigVec1 =  9.9915561339E-01 -7.9057544060E-03 -4.0318225168E-02
           HessRho_EigVec2 =  3.9380636679E-02 -9.5512300035E-02  9.9464896622E-01
           HessRho_EigVec3 =  1.1714336866E-02  9.9539685532E-01  9.5120317086E-02
           DelSqRho = -2.4655287741E+06
           Bond Ellipticity = NA
           V = -6.1652153732E+05
           G =  6.9671892961E+01
           K =  6.1645186543E+05
           L =  6.1638219353E+05
           Vnuc =  1.1433938217E+06
           Ven = -3.3784164663E+08
           Vrep =  3.3722512509E+08
           DelSqV =  3.9214283126E+10
           DelSqVen =  2.8190703657E+12
           DelSqVrep = -2.7798560826E+12
           DelSqG =  1.7148254158E+09
           DelSqK = -4.0929108542E+10
           Stress_EigVals = -2.0551182470E+05 -2.0550608626E+05 -2.0550362636E+05
           Stress_EigVec1 =  1.1897791441E-02  9.9485386986E-01  1.0061918401E-01
           Stress_EigVec2 =  3.9107727934E-02 -1.0101228311E-01  9.9411624284E-01
           Stress_EigVec3 =  9.9916416478E-01 -7.8928000523E-03 -4.0108297553E-02
           -DivStress = -3.0158826000E+03  2.0694524323E+04 -8.6840367275E+04
           ESP =  -2.2017053273E+01     ESP at Nucleus =  -2.2017053464E+01
           ESPe = -3.7656212836E+01     ESPe at Nucleus = -3.7656227632E+01
           ESPn =  1.5639159563E+01     ESPn at Nucleus =  1.5639174167E+01

CP# 6      Coords = -1.35088417310577E+00 -5.31481898575936E-02  5.23663467473929E+00
           Type = (3,-3) NACP H6
           Rho =  4.0582788858E-01     Rho at Nucleus =  3.9607666024E-01
           GradRho =  5.0607047519E-16  1.5124620306E-17  2.6825601202E-15
           HessRho_EigVals = -7.9876351663E+00 -7.9635445373E+00 -6.2216948171E+00
           HessRho_EigVec1 =  6.0735601081E-01 -9.1338453218E-02  7.8916155703E-01
           HessRho_EigVec2 = -3.9020153283E-03  9.9301357996E-01  1.1793559386E-01
           HessRho_EigVec3 =  7.9442019764E-01  7.4708212312E-02 -6.0275636255E-01
           DelSqRho = -2.2172874521E+01
           Bond Ellipticity = NA
           V = -5.6032105106E+00
           G =  2.9995940214E-02
           K =  5.5732145704E+00
           L =  5.5432186302E+00
           Vnuc =  3.5816100355E+01
           Ven = -1.4535172384E+01
           Vrep =  8.9319618737E+00
           DelSqV =  1.3449852306E+03
           DelSqVen =  7.9414589899E+02
           DelSqVrep =  5.5083933158E+02
           DelSqG =  1.0326797837E+02
           DelSqK = -1.4482532089E+03
           Stress_EigVals = -2.0223196498E+00 -2.0167688109E+00 -1.5641220500E+00
           Stress_EigVec1 = -4.7847841942E-04  9.9262475497E-01  1.2122651066E-01
           Stress_EigVec2 =  6.0408997250E-01 -9.6320453127E-02  7.9107374842E-01
           Stress_EigVec3 =  7.9691597812E-01  7.3610231210E-02 -5.9958857367E-01
           -DivStress = -1.9481725453E+01 -1.7991639487E+00  1.4670339429E+01
           ESP =  -6.6141105961E-01     ESP at Nucleus =  -6.6509630122E-01
           ESPe = -1.7546683810E+01     ESPe at Nucleus = -1.7346787159E+01
           ESPn =  1.6885272750E+01     ESPn at Nucleus =  1.6681690858E+01

CP# 7      Coords =  1.50950486406606E+00 -7.68801182755672E-02  5.12807716951084E+00
           Type = (3,-3) NACP H7
           Rho =  4.0546455258E-01     Rho at Nucleus =  3.9571222010E-01
           GradRho = -2.1296790574E-16 -3.6781558702E-17 -2.4160276508E-15
           HessRho_EigVals = -7.9783142208E+00 -7.9541567945E+00 -6.2126980669E+00
           HessRho_EigVec1 = -5.4625096832E-01 -8.1986577757E-02  8.3359947257E-01
           HessRho_EigVec2 =  2.9323223387E-02  9.9271642476E-01  1.1685139533E-01
           HessRho_EigVec3 =  8.3710813410E-01 -8.8274011400E-02  5.3986819756E-01
           DelSqRho = -2.2145169082E+01
           Bond Ellipticity = NA
           V = -5.5961139451E+00
           G =  2.9910837271E-02
           K =  5.5662031078E+00
           L =  5.5362922705E+00
           Vnuc =  3.5950451822E+01
           Ven = -1.4576633863E+01
           Vrep =  8.9805199178E+00
           DelSqV =  1.3430664473E+03
           DelSqVen =  7.9612883417E+02
           DelSqVrep =  5.4693761317E+02
           DelSqG =  1.0310591088E+02
           DelSqK = -1.4461723582E+03
           Stress_EigVals = -2.0199068294E+00 -2.0143645637E+00 -1.5618425520E+00
           Stress_EigVec1 =  2.6614988408E-02  9.9245004116E-01  1.1972701534E-01
           Stress_EigVec2 = -5.4288663160E-01 -8.6218199418E-02  8.3536849792E-01
           Stress_EigVec3 =  8.3938414782E-01 -8.7231518961E-02  5.3649316350E-01
           -DivStress =  2.0513490245E+01 -2.1315633141E+00  1.3113759535E+01
           ESP =  -6.6198056766E-01     ESP at Nucleus =  -6.6566382233E-01
           ESPe = -1.7694749757E+01     ESPe at Nucleus = -1.7497080129E+01
           ESPn =  1.7032769189E+01     ESPn at Nucleus =  1.6831416306E+01

CP# 8      Coords = -8.48552588582916E-02  4.15605245700058E+00  6.35466495712356E-02
           Type = (3,-3) NACP O8
           Rho =  2.9547013961E+02     Rho at Nucleus =  2.9547011969E+02
           GradRho = -1.2891909762E-12 -3.2776469733E-10  4.9075266420E-12
           HessRho_EigVals = -8.2185195272E+05 -8.2183951123E+05 -8.2181584919E+05
           HessRho_EigVec1 =  1.2896366410E-02 -4.7481565658E-02  9.9878885890E-01
           HessRho_EigVec2 =  7.1056077129E-02  9.9639019763E-01  4.6450058958E-02
           HessRho_EigVec3 =  9.9738895003E-01 -7.0370981214E-02 -1.6223666867E-02
           DelSqRho = -2.4655073131E+06
           Bond Ellipticity = NA
           V = -6.1651618980E+05
           G =  6.9680757975E+01
           K =  6.1644650904E+05
           L =  6.1637682828E+05
           Vnuc =  1.1488341835E+06
           Ven = -3.3944619660E+08
           Vrep =  3.3882968041E+08
           DelSqV =  3.9213944229E+10
           DelSqVen =  2.8324590766E+12
           DelSqVrep = -2.7932451324E+12
           DelSqG =  1.7148103977E+09
           DelSqK = -4.0928754627E+10
           Stress_EigVals = -2.0551005511E+05 -2.0550429478E+05 -2.0550183991E+05
           Stress_EigVec1 =  9.9707170357E-01 -7.4696429340E-02 -1.6384791342E-02
           Stress_EigVec2 =  7.5380475103E-02  9.9608815313E-01  4.6110466967E-02
           Stress_EigVec3 =  1.2876409310E-02 -4.7210535207E-02  9.9880196408E-01
           -DivStress = -1.5960466520E+04 -8.7380420347E+04 -3.6105716750E+03
           ESP =  -2.2017157147E+01     ESP at Nucleus =  -2.2017157335E+01
           ESPe = -3.7655943686E+01     ESPe at Nucleus = -3.7655958603E+01
           ESPn =  1.5638786540E+01     ESPn at Nucleus =  1.5638801268E+01

CP# 9      Coords =  1.07611056673894E-02  5.25041519906850E+00 -1.32124365137544E+00
           Type = (3,-3) NACP H9
           Rho =  4.0579532660E-01     Rho at Nucleus =  3.9604248589E-01
           GradRho =  1.0842021725E-18  1.2799955323E-15  7.0548696550E-16
           HessRho_EigVals = -7.9872854888E+00 -7.9631044440E+00 -6.2211003507E+00
           HessRho_EigVec1 =  7.2311871711E-02  7.8693671220E-01  6.1278185694E-01
           HessRho_EigVec2 =  9.9607591337E-01 -8.8412375501E-02 -4.0033325704E-03
           HessRho_EigVec3 = -5.1027130266E-02 -6.1066673632E-01  7.9024196872E-01
           DelSqRho = -2.2171490283E+01
           Bond Ellipticity = NA
           V = -5.6028787281E+00
           G =  3.0003078631E-02
           K =  5.5728756495E+00
           L =  5.5428725709E+00
           Vnuc =  3.5803050643E+01
           Ven = -1.4528710629E+01
           Vrep =  8.9258319008E+00
           DelSqV =  1.3448819036E+03
           DelSqVen =  7.9380698944E+02
           DelSqVrep =  5.5107491412E+02
           DelSqG =  1.0326395148E+02
           DelSqK = -1.4481458551E+03
           Stress_EigVals = -2.0222381027E+00 -2.0166721228E+00 -1.5639685026E+00
           Stress_EigVec1 =  9.9580650864E-01 -9.1223744504E-02 -6.9011434900E-03
           Stress_EigVec2 =  7.6509998064E-02  7.8908030855E-01  6.0950675702E-01
           Stress_EigVec3 = -5.0155932242E-02 -6.0747880218E-01  7.9275083561E-01
           -DivStress =  1.2257166024E+00  1.4864086634E+01 -1.9380845560E+01
           ESP =  -6.6142711392E-01     ESP at Nucleus =  -6.6511217019E-01
           ESPe = -1.7535832245E+01     ESPe at Nucleus = -1.7335773834E+01
           ESPn =  1.6874405131E+01     ESPn at Nucleus =  1.6670661663E+01

CP# 10     Coords =  4.85217537545012E-02  5.12168426646115E+00  1.53870296790542E+00
           Type = (3,-3) NACP H10
           Rho =  4.0541412099E-01     Rho at Nucleus =  3.9566100867E-01
           GradRho = -2.0599841277E-17  9.1645576761E-16  1.1138313850E-16
           HessRho_EigVals = -7.9775301020E+00 -7.9532788066E+00 -6.2118146493E+00
           HessRho_EigVec1 =  5.7400653577E-02  8.3952986805E-01 -5.4027286220E-01
           HessRho_EigVec2 =  9.9570913247E-01 -8.7486398177E-02 -3.0157149250E-02
           HessRho_EigVec3 =  7.2584354277E-02  5.3622358284E-01  8.4094933303E-01
           DelSqRho = -2.2142623558E+01
           Bond Ellipticity = NA
           V = -5.5954808828E+00
           G =  2.9912496679E-02
           K =  5.5655683861E+00
           L =  5.5356558895E+00
           Vnuc =  3.5946729575E+01
           Ven = -1.4573311773E+01
           Vrep =  8.9778308904E+00
           DelSqV =  1.3428945245E+03
           DelSqVen =  7.9595490111E+02
           DelSqVrep =  5.4693962340E+02
           DelSqG =  1.0309553323E+02
           DelSqK = -1.4459900578E+03
           Stress_EigVals = -2.0197112415E+00 -2.0141543427E+00 -1.5616152986E+00
           Stress_EigVec1 =  9.9558256091E-01 -8.9563777824E-02 -2.8172577485E-02
           Stress_EigVec2 =  6.0509584767E-02  8.4149280160E-01 -5.3686912279E-01
           Stress_EigVec3 =  7.1791047990E-02  5.3279282517E-01  8.4319502541E-01
           -DivStress =  1.7540600863E+00  1.3023009539E+01  2.0606482662E+01
           ESP =  -6.6202709952E-01     ESP at Nucleus =  -6.6570880201E-01
           ESPe = -1.7692934715E+01     ESPe at Nucleus = -1.7495245397E+01
           ESPn =  1.7030907616E+01     ESPn at Nucleus =  1.6829536595E+01

CP# 11     Coords =  4.15608946110719E+00 -3.22701427114119E-02  9.94453351467376E-02
           Type = (3,-3) NACP O11
           Rho =  2.9547211372E+02     Rho at Nucleus =  2.9547209365E+02
           GradRho = -2.3653974829E-10  3.7333417607E-14 -2.6212435000E-12
           HessRho_EigVals = -8.2185748956E+05 -8.2184503007E+05 -8.2182143463E+05
           HessRho_EigVec1 =  3.2878407077E-02  9.9926821677E-01  1.9545877072E-02
           HessRho_EigVec2 =  9.9576479248E-01 -3.1070631616E-02 -8.6527994887E-02
           HessRho_EigVec3 =  8.5857372405E-02 -2.2307998866E-02  9.9605766138E-01
           DelSqRho = -2.4655239543E+06
           Bond Ellipticity = NA
           V = -6.1652033667E+05
           G =  6.9674052025E+01
           K =  6.1645066262E+05
           L =  6.1638098857E+05
           Vnuc =  1.1447424310E+06
           Ven = -3.3823946575E+08
           Vrep =  3.3762294541E+08
           DelSqV =  3.9214207060E+10
           DelSqVen =  2.8223898860E+12
           DelSqVrep = -2.7831756768E+12
           DelSqG =  1.7148220583E+09
           DelSqK = -4.0929029119E+10
           Stress_EigVals = -2.0551142774E+05 -2.0550568397E+05 -2.0550322497E+05
           Stress_EigVec1 =  9.1085008412E-02 -2.2439719513E-02  9.9559026724E-01
           Stress_EigVec2 =  9.9530612422E-01 -3.0776050262E-02 -9.1752677420E-02
           Stress_EigVec3 =  3.2699240451E-02  9.9927438360E-01  1.9531153460E-02
           -DivStress = -8.7078456074E+04  2.2229854747E+03  1.9292560412E+04
           ESP =  -2.2017061174E+01     ESP at Nucleus =  -2.2017061364E+01
           ESPe = -3.7655739325E+01     ESPe at Nucleus = -3.7655754156E+01
           ESPn =  1.5638678151E+01     ESPn at Nucleus =  1.5638692792E+01

CP# 12     Coords =  5.22816330926909E+00  1.36891662810141E+00 -1.09744603884027E-02
           Type = (3,-3) NACP H12
           Rho =  4.0576787325E-01     Rho at Nucleus =  3.9601750599E-01
           GradRho =  1.9427547678E-17  5.8597061665E-16  1.4582519220E-17
           HessRho_EigVals = -7.9863717747E+00 -7.9622517477E+00 -6.2206132586E+00
           HessRho_EigVec1 =  7.9434801006E-01 -6.0073822341E-01 -9.0137815884E-02
           HessRho_EigVec2 =  1.0734825714E-01 -7.2289546403E-03  9.9419519910E-01
           HessRho_EigVec3 =  5.9790265981E-01  7.9941311545E-01 -5.8745895547E-02
           DelSqRho = -2.2169236781E+01
           Bond Ellipticity = NA
           V = -5.6022843174E+00
           G =  2.9987561065E-02
           K =  5.5722967563E+00
           L =  5.5423091952E+00
           Vnuc =  3.5825075196E+01
           Ven = -1.4536664571E+01
           Vrep =  8.9343802540E+00
           DelSqV =  1.3447538031E+03
           DelSqVen =  7.9421457471E+02
           DelSqVrep =  5.5053922834E+02
           DelSqG =  1.0324953530E+02
           DelSqK = -1.4480033384E+03
           Stress_EigVals = -2.0219951281E+00 -2.0164421871E+00 -1.5638470021E+00
           Stress_EigVec1 =  1.1070218796E-01 -1.0606962752E-02  9.9379702048E-01
           Stress_EigVec2 =  7.9628864295E-01 -5.9739828909E-01 -9.5077238586E-02
           Stress_EigVec3 =  5.9470112047E-01  8.0187453915E-01 -5.7687093710E-02
           -DivStress =  1.4548367267E+01  1.9601124877E+01 -1.4094935062E+00
           ESP =  -6.6143624722E-01     ESP at Nucleus =  -6.6511933526E-01
           ESPe = -1.7556404626E+01     ESPe at Nucleus = -1.7356671800E+01
           ESPn =  1.6894968379E+01     ESPn at Nucleus =  1.6691552465E+01

CP# 13     Coords =  5.13987541311218E+00 -1.49179868153935E+00 -6.77860522168606E-02
           Type = (3,-3) NACP H13
           Rho =  4.0551412588E-01     Rho at Nucleus =  3.9576060321E-01
           GradRho =  7.9821335631E-16 -3.9907449090E-16 -2.3364556817E-17
           HessRho_EigVals = -7.9795434112E+00 -7.9553624663E+00 -6.2136858118E+00
           HessRho_EigVec1 =  8.3044679595E-01  5.5297687466E-01 -6.7636492972E-02
           HessRho_EigVec2 =  1.0672283372E-01 -3.8751207704E-02  9.9353338176E-01
           HessRho_EigVec3 = -5.4677998853E-01  8.3229497175E-01  9.1196075322E-02
           DelSqRho = -2.2148591689E+01
           Bond Ellipticity = NA
           V = -5.5969909518E+00
           G =  2.9921514723E-02
           K =  5.5670694371E+00
           L =  5.5371479223E+00
           Vnuc =  3.5935919030E+01
           Ven = -1.4572522793E+01
           Vrep =  8.9755318413E+00
           DelSqV =  1.3432841565E+03
           DelSqVen =  7.9592999758E+02
           DelSqVrep =  5.4735415888E+02
           DelSqG =  1.0312508071E+02
           DelSqK = -1.4464092372E+03
           Stress_EigVals = -2.0202236788E+00 -2.0146765868E+00 -1.5620906862E+00
           Stress_EigVec1 =  1.0923272901E-01 -3.6291790679E-02  9.9335347024E-01
           Stress_EigVec2 =  8.3233006331E-01  5.4965657106E-01 -7.1444521164E-02
           Stress_EigVec3 = -5.4341041270E-01  8.3460203679E-01  9.0247235708E-02
           -DivStress =  1.3285221955E+01 -2.0399039383E+01 -2.2054697010E+00
           ESP =  -6.6193536327E-01     ESP at Nucleus =  -6.6561997367E-01
           ESPe = -1.7679858400E+01     ESPe at Nucleus = -1.7481959213E+01
           ESPn =  1.7017923036E+01     ESPn at Nucleus =  1.6816339239E+01

CP# 14     Coords = -4.13175210291061E-02 -8.57234968087923E-02 -4.15631501431335E+00
           Type = (3,-3) NACP O14
           Rho =  2.9547268860E+02     Rho at Nucleus =  2.9547266848E+02
           GradRho =  2.2801389208E-12  5.2655727001E-12 -8.8048559329E-11
           HessRho_EigVals = -8.2185909229E+05 -8.2184662757E+05 -8.2182305428E+05
           HessRho_EigVec1 =  9.9915561339E-01 -7.9057544059E-03 -4.0318225168E-02
           HessRho_EigVec2 =  3.9380636679E-02 -9.5512300034E-02  9.9464896622E-01
           HessRho_EigVec3 =  1.1714336866E-02  9.9539685532E-01  9.5120317085E-02
           DelSqRho = -2.4655287741E+06
           Bond Ellipticity = NA
           V = -6.1652153732E+05
           G =  6.9671892961E+01
           K =  6.1645186543E+05
           L =  6.1638219353E+05
           Vnuc =  1.1433938217E+06
           Ven = -3.3784164663E+08
           Vrep =  3.3722512509E+08
           DelSqV =  3.9214283126E+10
           DelSqVen =  2.8190703657E+12
           DelSqVrep = -2.7798560826E+12
           DelSqG =  1.7148254158E+09
           DelSqK = -4.0929108542E+10
           Stress_EigVals = -2.0551182470E+05 -2.0550608626E+05 -2.0550362636E+05
           Stress_EigVec1 =  1.1897791441E-02  9.9485386986E-01  1.0061918401E-01
           Stress_EigVec2 =  3.9107727933E-02 -1.0101228311E-01  9.9411624284E-01
           Stress_EigVec3 =  9.9916416478E-01 -7.8928000525E-03 -4.0108297553E-02
           -DivStress =  3.0158826000E+03 -2.0694524323E+04  8.6840367275E+04
           ESP =  -2.2017053273E+01     ESP at Nucleus =  -2.2017053464E+01
           ESPe = -3.7656212836E+01     ESPe at Nucleus = -3.7656227632E+01
           ESPn =  1.5639159563E+01     ESPn at Nucleus =  1.5639174167E+01

CP# 15     Coords =  1.35088417310577E+00  5.31481898575936E-02 -5.23663467473929E+00
           Type = (3,-3) NACP H15
           Rho =  4.0582788858E-01     Rho at Nucleus =  3.9607666024E-01
           GradRho = -4.9912847109E-16 -1.5788694137E-17 -2.6875508383E-15
           HessRho_EigVals = -7.9876351663E+00 -7.9635445373E+00 -6.2216948171E+00
           HessRho_EigVec1 =  6.0735601081E-01 -9.1338453218E-02  7.8916155703E-01
           HessRho_EigVec2 = -3.9020153283E-03  9.9301357996E-01  1.1793559386E-01
           HessRho_EigVec3 =  7.9442019764E-01  7.4708212312E-02 -6.0275636255E-01
           DelSqRho = -2.2172874521E+01
           Bond Ellipticity = NA
           V = -5.6032105106E+00
           G =  2.9995940214E-02
           K =  5.5732145704E+00
           L =  5.5432186302E+00
           Vnuc =  3.5816100355E+01
           Ven = -1.4535172384E+01
           Vrep =  8.9319618737E+00
           DelSqV =  1.3449852306E+03
           DelSqVen =  7.9414589899E+02
           DelSqVrep =  5.5083933158E+02
           DelSqG =  1.0326797837E+02
           DelSqK = -1.4482532089E+03
           Stress_EigVals = -2.0223196498E+00 -2.0167688109E+00 -1.5641220500E+00
           Stress_EigVec1 = -4.7847841940E-04  9.9262475497E-01  1.2122651066E-01
           Stress_EigVec2 =  6.0408997250E-01 -9.6320453128E-02  7.9107374842E-01
           Stress_EigVec3 =  7.9691597812E-01  7.3610231210E-02 -5.9958857367E-01
           -DivStress =  1.9481725453E+01  1.7991639487E+00 -1.4670339429E+01
           ESP =  -6.6141105961E-01     ESP at Nucleus =  -6.6509630122E-01
           ESPe = -1.7546683810E+01     ESPe at Nucleus = -1.7346787159E+01
           ESPn =  1.6885272750E+01     ESPn at Nucleus =  1.6681690858E+01

CP# 16     Coords = -1.50950486406606E+00  7.68801182755672E-02 -5.12807716951084E+00
           Type = (3,-3) NACP H16
           Rho =  4.0546455258E-01     Rho at Nucleus =  3.9571222010E-01
           GradRho =  2.2337402314E-16  3.5073940280E-17  2.4154872438E-15
           HessRho_EigVals = -7.9783142208E+00 -7.9541567945E+00 -6.2126980669E+00
           HessRho_EigVec1 = -5.4625096832E-01 -8.1986577757E-02  8.3359947257E-01
           HessRho_EigVec2 =  2.9323223387E-02  9.9271642476E-01  1.1685139533E-01
           HessRho_EigVec3 =  8.3710813410E-01 -8.8274011400E-02  5.3986819756E-01
           DelSqRho = -2.2145169082E+01
           Bond Ellipticity = NA
           V = -5.5961139451E+00
           G =  2.9910837271E-02
           K =  5.5662031078E+00
           L =  5.5362922705E+00
           Vnuc =  3.5950451822E+01
