AIMSum (Version 16.05.18, Professional)
Copyright (c) 1997-2016 by Todd A. Keith
AIMSum is a component of the AIMAll package ( http://aim.tkgristmill.com )

TP:  64-bit Linux

Licensed To:  Research Group of Fernando Cortes Guzman, UNAM, fercor@unam.mx

Much of the Quantum Theory of Atoms in Molecules (QTAIM) is described in the book:
  "Atoms in Molecules - A Quantum Theory"
  R.F.W. Bader, Oxford University Press, Oxford, 1990

For additional references see:  http://aim.tkgristmill.com/references.html

Wfx File:  /home/lillian/David/max_int/acercamiento/Ni23_30_beta.wfx
Sum File:  /home/lillian/David/max_int/acercamiento/Ni23_30_beta.sum

SumViz File:  /home/lillian/David/max_int/acercamiento/Ni23_30_beta.sumviz

Wfx Title:   Ni23_30                                                                       
 
Total memory allocated for AIMSum =        1.194 Megabytes

Atomic units (a.u.) used throughout, except where stated otherwise

Model:  Unknown
 
Unrestricted, natural orbital wavefunction.
  Number of electrons (from MO Occs)                   =          42.0000000000
  Number of Alpha electrons (from MO Occs)             =           0.0000000000
  Number of Beta electrons (from MO Occs)              =          42.0000000000
  Number of electron pairs (N*(N-1)/2)                 =         861.0000000000
  Number of electron pairs (from Muller 2EDM)          =         861.0000000000
  Number of electron pairs (from Muller 2EDM, no SOSI) =         861.0000000000
 
Nuclear Charges and Cartesian Coordinates:
-------------------------------------------------------------------------------
Atom      Charge                X                  Y                  Z
-------------------------------------------------------------------------------
Ni1       28.0           0.0000000000E+00   0.0000000000E+00   0.0000000000E+00
O2         8.0          -5.5301862804E+00   5.6043659540E-01  -1.1146902150E+00
H3         1.0          -6.7876911373E+00  -6.6768737297E-01  -6.3734829583E-01
H4         1.0          -6.2301559606E+00   2.1926107216E+00  -7.0804857601E-01
O5         8.0           6.9996031199E-01   1.2622060096E+00   5.4823786109E+00
H6         1.0          -4.8555125066E-01   8.1302369230E-01   6.7905604437E+00
H7         1.0           2.3523348851E+00   8.4100158571E-01   6.1244984145E+00
O8         8.0          -9.9297774284E-01   5.5115433199E+00   8.8117492444E-01
H9         1.0          -5.2938162677E-01   6.8590353742E+00  -2.5310626658E-01
H10        1.0          -4.9941590551E-01   6.0463503156E+00   2.5514417141E+00
O11        8.0           5.5301862804E+00  -5.6043659540E-01   1.1146902150E+00
H12        1.0           6.7876911373E+00   6.6768737297E-01   6.3734829583E-01
H13        1.0           6.2301559606E+00  -2.1926107216E+00   7.0804857601E-01
O14        8.0          -6.9996031199E-01  -1.2622060096E+00  -5.4823786109E+00
H15        1.0           4.8555125066E-01  -8.1302369230E-01  -6.7905604437E+00
H16        1.0          -2.3523348851E+00  -8.4100158571E-01  -6.1244984145E+00
O17        8.0           9.9297774284E-01  -5.5115433199E+00  -8.8117492444E-01
H18        1.0           5.2938162677E-01  -6.8590353742E+00   2.5310626658E-01
H19        1.0           4.9941590551E-01  -6.0463503156E+00  -2.5514417141E+00
 
Some Atomic Properties:
----------------------
  q(A) = Net Charge of Atom A
  L(A) = Lagrangian of Atom A = -(1/4) Times Atomic Integral of the Laplacian of the Electron Density
  K(A) = Electronic Kinetic Energy of Atom A (Hamiltonian Form)
  K_Scaled(A) = K(A) * E(Mol)/K(Mol) = Approximation to Virial-Based Total Energy of Atom A.
  |Mu_Intra(A)| = Magnitude of Intraatomic Dipole Moment of Atom A
--------------------------------------------------------------------------------------------------
Atom A          q(A)              L(A)              K(A)          K_Scaled(A)      |Mu_Intra(A)|
--------------------------------------------------------------------------------------------------
Ni1       1.5817221266E+01 -5.0347870966E-05  7.4325434415E+02 -7.4464433818E+02  6.0326879573E-06
O2        3.3943277591E+00  6.0016998555E-07  3.7696151197E+01 -3.7766648498E+01  1.1072453333E-01
H3        8.1774059577E-01  6.4577347560E-06  1.6810336324E-01 -1.6841774105E-01  6.8221182831E-02
H4        8.1819973556E-01  1.2140403485E-05  1.6765213436E-01 -1.6796566831E-01  6.8223140665E-02
O5        3.3941199843E+00  6.1156560175E-05  3.7697395363E+01 -3.7767894991E+01  1.1375726711E-01
H6        8.1777632430E-01  5.7283791743E-06  1.6804289137E-01 -1.6835715608E-01  6.8230921232E-02
H7        8.1804144914E-01  1.1406357155E-05  1.6769316707E-01 -1.6800677775E-01  6.8311780348E-02
O8        3.3944996909E+00  5.5012123708E-05  3.7695824871E+01 -3.7766321562E+01  1.1266738360E-01
H9        8.1787841151E-01  5.5478670555E-06  1.6798785177E-01 -1.6830201356E-01  6.8231013957E-02
H10       8.1817033651E-01  1.3956724902E-05  1.6754189127E-01 -1.6785521904E-01  6.8308275624E-02
O11       3.3943284365E+00  2.4251805716E-06  3.7696152339E+01 -3.7766649642E+01  1.1072725733E-01
H12       8.1774027760E-01  6.0669843118E-06  1.6810350912E-01 -1.6841788720E-01  6.8221407464E-02
H13       8.1819794151E-01  1.0947187893E-05  1.6765267908E-01 -1.6796621404E-01  6.8222892529E-02
O14       3.3941199860E+00  6.1325800616E-05  3.7697395746E+01 -3.7767895375E+01  1.1375729463E-01
H15       8.1777623605E-01  5.5710979901E-06  1.6804291839E-01 -1.6835718315E-01  6.8231073295E-02
H16       8.1804466662E-01  1.3406789580E-05  1.6769211267E-01 -1.6800572138E-01  6.8312058751E-02
O17       3.3944997211E+00  5.5208134961E-05  3.7695825247E+01 -3.7766321938E+01  1.1266744415E-01
H18       8.1787896465E-01  5.8777844908E-06  1.6798769079E-01 -1.6830185227E-01  6.8231025067E-02
H19       8.1816777940E-01  1.3176712808E-05  1.6754345206E-01 -1.6785678275E-01  6.8308047628E-02
--------------------------------------------------------------------------------------------------
Total     4.5998729563E+01  2.9566412265E-04  9.7144713257E+02 -9.7326388040E+02
 
Molecular charge q(Mol) from the wfx file:   4.6000000000E+01
Molecular energy E(Mol) from the wfx file:  -1.9661079292E+03
Molecular virial ratio (-V(Mol)/T(Mol)) from the wfx file:   2.0018701459E+00
Full molecular virial ratio ((-V(Mol)+W(Mol))/T(Mol)) from the wfx file:   2.0014729449E+00
Note.  K_Scaled(A) = (1+V(Mol)/T(Mol))*K(A) = (E(Mol)/T(Mol))*K(A)
       Only use K_Scaled(A) data with caution.
 
N_AIMInt(SumA)     =         42.001270
N_Analytic(Mol)    =         42.000000
 
G_AIMInt(SumA)     =        971.446837
G_Analytic(Mol)    =        971.445918
 
K_AIMInt(SumA)     =        971.447133
K_Analytic(Mol)    =        971.445918
 
L_AIMInt(SumA)     =          0.000296
L_Analytic(Mol)    =          0.000000
 
VenT_AIMInt(SumA)  =      -2793.453044
VenT_Analytic(Mol) =      -2793.432241
 
Some Information About the Atomic Calculations:
----------------------------------------------
  Time(sec) = "Elapsed User Time", in Seconds, for Atom A by AIMInt and, if used, by TWOe
  NProc = Number of Processors Used for AIMInt Job
  BIM = Basin Integration Method
  OAQ = Angular Quadrature Outside of Beta Sphere
  ORQ = Multiple of Default for Radial Quadrature Outside of Beta Sphere
  IAQ = Multiple of Default for Angular Quadrature Inside of Beta Sphere
  IRQ = Multiple of Default for Radial Quadrature Inside of Beta Sphere
  MIR = Maximum Integration Radius
------------------------------------------------------------------------------------------------------
Atom A     Time(sec)   NProc      BIM              OAQ                 ORQ      IAQ      IRQ      MIR
------------------------------------------------------------------------------------------------------
Ni1          1777        8     Proaim(5)    4334      (Very High)      Auto     Auto     Auto    13.00
O2            800        8     Proaim(5)    4334      (Very High)      Auto     Auto     Auto    13.00
H3            273        8     Proaim(5)    2030      (Very High)      Auto     Auto     Auto    13.00
H4            168        8     Proaim(5)    2030      (Very High)      Auto     Auto     Auto    13.00
O5           1223        8    Promega(1)    4334      (Very High)      Auto     Auto     Auto    13.00
H6            200        8     Proaim(5)    2030      (Very High)      Auto     Auto     Auto    13.00
H7            221        8     Proaim(5)    2030      (Very High)      Auto     Auto     Auto    13.00
O8           1246        8    Promega(1)    4334      (Very High)      Auto     Auto     Auto    13.00
H9            261        8     Proaim(5)    2030      (Very High)      Auto     Auto     Auto    13.00
H10           434        8     Proaim(5)    2030      (Very High)      Auto     Auto     Auto    13.00
O11           964        8     Proaim(5)    4334      (Very High)      Auto     Auto     Auto    13.00
H12           167        8     Proaim(5)    2030      (Very High)      Auto     Auto     Auto    13.00
H13           163        8     Proaim(5)    2030      (Very High)      Auto     Auto     Auto    13.00
O14           812        8    Promega(1)    4334      (Very High)      Auto     Auto     Auto    13.00
H15           175        8     Proaim(5)    2030      (Very High)      Auto     Auto     Auto    13.00
H16           173        8     Proaim(5)    2030      (Very High)      Auto     Auto     Auto    13.00
O17           763        8    Promega(1)    4334      (Very High)      Auto     Auto     Auto    13.00
H18           148        8     Proaim(5)    2030      (Very High)      Auto     Auto     Auto    13.00
H19           123        8     Proaim(5)    2030      (Very High)      Auto     Auto     Auto    13.00
------------------------------------------------------------------------------------------------------
Total       10091
Note:  Total wall clock time is less than total of atomic times if more than one atom
       was calculated at a time
Note:  Total time does not include times for diatomic interaction energy calculations (2403 seconds)
 
Electron Density Critical Point Analysis of Molecular Structure:               
---------------------------------------------------------------                
  NACP = Nuclear Attractor Critical Point                                      
  NNACP = Non-Nuclear Attractor Critical Point                                 
  BCP = Bond Critical Point                                                    
  RCP = Ring Critical Point                                                    
  CCP = Cage Critical Point                                                    
  Rho = Electron Density                                                       
  GradRho = Gradient of Electron Density                                       
  HessRho_EigVals = Eigenvalues of the Hessian of Rho, Ascending Order         
  HessRho_EigVecs = Eigenvectors of the Hessian of Rho                         
  DelSqRho = Laplacian of Rho = Trace of Hessian of Rho                        
  Bond Ellipticity = (HessRho_EigVal(1) / HessRho_EigVal(2)) - 1               
  V = Virial Field = Potential Energy Density = Trace of Stress Tensor         
  G = Lagrangian Form of Kinetic Energy Density                                
  K = Hamiltonian Form of Kinetic Energy Density                               
  L = K - G = Lagrangian Density = (-1/4)DelSqRho                              
  Vnuc = Electrostatic Potential from Nuclei                                   
  Ven = Electron-nuclear attractive contribution to Virial Field V             
  Vrep = V - Ven = Repulsive contribution to Virial Field V                    
  DelSqV = Laplacian of V                                                      
  DelSqVen = Laplacian of Ven                                                  
  DelSqVrep = Laplacian of Vrep                                                
  DelSqG = Laplacian of G                                                      
  DelSqK = Laplacian of K                                                      
  Stress_EigVals = Eigenvalues of Stress Tensor, Ascending Order               
  Stress_EigVecs = Eigenvectors of Stress Tensor                               
  -DivStress = Ehrenfest Force Density = Minus Divergence of Stress Tensor     
  ESP = Total Electrostatic Potential                                          
  ESPe = Electrostatic Potential from Electrons                                
  ESPn = Electrostatic Potential from Nuclei                                   
  BP = Bond Path                                                               
  BPL = Bond Path Length                                                       
  GBL = Geometric Bond Length                                                  
  GBL_I = Distance Between Nuclear Attractors                                  
  GBL_II = Distance Between Nuclei                                             
  GBL_III = Sum of Distances Between BCP and Nuclear Attractors                
  GBL_IV = Sum of Distances Between BCP and Nuclei                             

CP# 1      Coords = -4.10530391251518E-25 -5.88671475553290E-25 -9.74941403624801E-26
           Type = (3,-3) NACP Ni1
           Rho =  7.2859977119E+03     Rho at Nucleus =  7.2859977119E+03
           GradRho =  2.9990260555E-19 -2.7638098701E-19  1.0352722580E-18
           HessRho_EigVals = -4.2229184764E+08 -4.2229178246E+08 -4.2229177273E+08
           HessRho_EigVec1 = -5.3143138827E-01 -5.8408773776E-01  6.1353255347E-01
           HessRho_EigVec2 =  8.2290451330E-01 -5.2783427232E-01  2.1028348236E-01
           HessRho_EigVec3 = -2.0101950541E-01 -6.1662995027E-01 -7.6115613568E-01
           DelSqRho = -1.2668754028E+09
           Bond Ellipticity = NA
           V = -3.1698838643E+08
           G =  1.3476785869E+05
           K =  3.1685361857E+08
           L =  3.1671885071E+08
           Vnuc =  2.8000000102E+09
           Ven = -2.0400793668E+13
           Vrep =  2.0400476680E+13
           DelSqV =  6.5859695351E+14
           DelSqVen =  6.1202380780E+29
           DelSqVrep = -6.1202380780E+29
           DelSqG =  1.8385311035E+13
           DelSqK = -6.7698226455E+14
           Stress_EigVals = -1.0566279757E+08 -1.0566279682E+08 -1.0566279204E+08
           Stress_EigVec1 =  4.4284646283E-02  7.2766565489E-01  6.8450096041E-01
           Stress_EigVec2 =  8.3331617494E-01 -4.0482074146E-01  3.7643634239E-01
           Stress_EigVec3 =  5.5101998393E-01  5.5373537180E-01 -6.2430290351E-01
           -DivStress =  8.4811144691E-11  1.2186528625E-10  2.0245037368E-11
           ESP =  -5.7494919705E+01     ESP at Nucleus =  -5.7494919705E+01
           ESPe = -6.7743283461E+01     ESPe at Nucleus = -6.7743283461E+01
           ESPn =  1.0248363756E+01     ESPn at Nucleus =  1.0248363756E+01

CP# 2      Coords = -5.53019277434192E+00  5.60437999948521E-01 -1.11468503937648E+00
           Type = (3,-3) NACP O2
           Rho =  1.4782107023E+02     Rho at Nucleus =  1.4782105564E+02
           GradRho =  7.8881709975E-11 -2.0655554131E-11  1.7573276601E-11
           HessRho_EigVals = -4.1116403308E+05 -4.1115751007E+05 -4.1114749240E+05
           HessRho_EigVec1 =  2.0103254514E-01  9.7925106415E-01 -2.5559130595E-02
           HessRho_EigVec2 =  9.5859378943E-01 -2.0203025805E-01 -2.0070306850E-01
           HessRho_EigVec3 =  2.0170241116E-01 -1.5847024826E-02  9.7931864535E-01
           DelSqRho = -1.2334690355E+06
           Bond Ellipticity = NA
           V = -3.0843593518E+05
           G =  3.4338146933E+01
           K =  3.0840159703E+05
           L =  3.0836725889E+05
           Vnuc =  9.4989772057E+05
           Ven = -1.4041489766E+08
           Vrep =  1.4010646173E+08
           DelSqV =  1.9618248056E+10
           DelSqVen =  1.1716694277E+12
           DelSqVrep = -1.1520511794E+12
           DelSqG =  8.5789863433E+08
           DelSqK = -2.0476146690E+10
           Stress_EigVals = -1.0281404165E+05 -1.0281157748E+05 -1.0281031606E+05
           Stress_EigVec1 =  2.2468588669E-01 -2.0639350895E-02  9.7421264081E-01
           Stress_EigVec2 =  9.5310066886E-01 -2.0338828471E-01 -2.2412568049E-01
           Stress_EigVec3 =  2.0276924652E-01  9.7888059682E-01 -2.6027097949E-02
           -DivStress =  4.1474958994E+04 -8.9704004717E+03 -3.3052146681E+04
           ESP =  -4.8715754951E+00     ESP at Nucleus =  -4.8715729346E+00
           ESPe = -1.6818777279E+01     ESPe at Nucleus = -1.6818779800E+01
           ESPn =  1.1947201784E+01     ESPn at Nucleus =  1.1947206865E+01

CP# 3      Coords = -6.75217883936144E+00 -6.32119526336468E-01 -6.50233219471294E-01
           Type = (3,-3) NACP H3
           Rho =  2.0481207679E-01     Rho at Nucleus =  2.0004992501E-01
           GradRho =  8.9055457751E-13  8.8890283277E-13 -3.2473849998E-13
           HessRho_EigVals = -4.0305313303E+00 -4.0200628811E+00 -3.1635729219E+00
           HessRho_EigVec1 = -6.4333382817E-01  7.3023840131E-01  2.2994230318E-01
           HessRho_EigVec2 = -3.4049742483E-01 -3.9071822149E-03 -9.4023733047E-01
           HessRho_EigVec3 =  6.8569897857E-01  6.8318124329E-01 -2.5115791765E-01
           DelSqRho = -1.1214167133E+01
           Bond Ellipticity = NA
           V = -2.8338789656E+00
           G =  1.5168591152E-02
           K =  2.8187103745E+00
           L =  2.8035417833E+00
           Vnuc =  3.3551603809E+01
           Ven = -6.8717736557E+00
           Vrep =  4.0378946900E+00
           DelSqV =  6.8246654676E+02
           DelSqVen =  3.7625329271E+02
           DelSqVrep =  3.0621325406E+02
           DelSqG =  5.2306055115E+01
           DelSqK = -7.3477260188E+02
           Stress_EigVals = -1.0204461094E+00 -1.0179488044E+00 -7.9548405183E-01
           Stress_EigVec1 =  3.3682821218E-01  4.8780012724E-03  9.4155348259E-01
           Stress_EigVec2 =  6.4778917122E-01 -7.2690987827E-01 -2.2797196874E-01
           Stress_EigVec3 = -6.8331247986E-01 -6.8671554080E-01  2.4800367111E-01
           -DivStress = -8.3128572119E+00 -8.3315609635E+00  3.0094126972E+00
           ESP =   6.9363237136E+00     ESP at Nucleus =   6.8468916318E+00
           ESPe = -7.3424706661E+00     ESPe at Nucleus = -7.2584011459E+00
           ESPn =  1.4278794380E+01     ESPn at Nucleus =  1.4105292778E+01

CP# 4      Coords = -6.21077756695471E+00  2.14562288304973E+00 -7.18973698790871E-01
           Type = (3,-3) NACP H4
           Rho =  2.0464518222E-01     Rho at Nucleus =  1.9987238113E-01
           GradRho =  3.4282309047E-13 -8.2924101427E-13 -1.9385716448E-13
           HessRho_EigVals = -4.0249833159E+00 -4.0144685261E+00 -3.1568184533E+00
           HessRho_EigVec1 =  8.6847334979E-01  4.2244610824E-01 -2.5940957257E-01
           HessRho_EigVec2 =  3.2389647173E-01 -8.7394193019E-02  9.4204741422E-01
           HessRho_EigVec3 = -3.7529337366E-01  9.0216491877E-01  2.1272833152E-01
           DelSqRho = -1.1196270295E+01
           Bond Ellipticity = NA
           V = -2.8293255309E+00
           G =  1.5128978515E-02
           K =  2.8141965523E+00
           L =  2.7990675738E+00
           Vnuc =  3.3893545566E+01
           Ven = -6.9361508083E+00
           Vrep =  4.1068252775E+00
           DelSqV =  6.8107185762E+02
           DelSqVen =  3.7948129742E+02
           DelSqVrep =  3.0159056020E+02
           DelSqG =  5.2185192175E+01
           DelSqK = -7.3325704980E+02
           Stress_EigVals = -1.0190308715E+00 -1.0165153240E+00 -7.9377933538E-01
           Stress_EigVec1 =  3.2104266178E-01 -8.6490591652E-02  9.4310709194E-01
           Stress_EigVec2 =  8.7106323486E-01  4.1782971731E-01 -2.5819986099E-01
           Stress_EigVec3 = -3.7172631088E-01  9.0439908497E-01  2.0947993917E-01
           -DivStress = -4.5266906326E+00  1.0985752680E+01  2.5459965720E+00
           ESP =   7.1299631480E+00     ESP at Nucleus =   7.0447492209E+00
           ESPe = -7.5283218874E+00     ESPe at Nucleus = -7.4483421528E+00
           ESPn =  1.4658285035E+01     ESPn at Nucleus =  1.4493091374E+01

CP# 5      Coords =  6.99961914593836E-01  1.26220087279215E+00  5.48238516769964E+00
           Type = (3,-3) NACP O5
           Rho =  1.4782471164E+02     Rho at Nucleus =  1.4782469685E+02
           GradRho = -8.5518207099E-12  3.3100910901E-11 -3.2673145439E-11
           HessRho_EigVals = -4.1117446474E+05 -4.1116785867E+05 -4.1115806419E+05
           HessRho_EigVec1 =  9.7116532918E-01  1.0734886302E-02 -2.3816520657E-01
           HessRho_EigVec2 =  2.3574705439E-01 -1.9205311013E-01  9.5264837649E-01
           HessRho_EigVec3 =  3.5513796639E-02  9.8132582005E-01  1.8904603974E-01
           DelSqRho = -1.2335003876E+06
           Bond Ellipticity = NA
           V = -3.0844376197E+05
           G =  3.4332535050E+01
           K =  3.0840942943E+05
           L =  3.0837509690E+05
           Vnuc =  9.4317336681E+05
           Ven = -1.3942433098E+08
           Vrep =  1.3911588722E+08
           DelSqV =  1.9618744451E+10
           DelSqVen =  1.1634047140E+12
           DelSqVrep = -1.1437859695E+12
           DelSqG =  8.5792108632E+08
           DelSqK = -2.0476665537E+10
           Stress_EigVals = -1.0281662219E+05 -1.0281420941E+05 -1.0281293037E+05
           Stress_EigVec1 =  4.1342491751E-02  9.7624627865E-01  2.1268286674E-01
           Stress_EigVec2 =  2.3637974656E-01 -2.1637867784E-01  9.4726178176E-01
           Stress_EigVec3 =  9.7078082686E-01  1.1111759740E-02 -2.3971048163E-01
           -DivStress = -1.0235607876E+04  3.2804533226E+04 -4.1877256356E+04
           ESP =  -4.8383534766E+00     ESP at Nucleus =  -4.8383508791E+00
           ESPe = -1.6852081332E+01     ESPe at Nucleus = -1.6852083897E+01
           ESPn =  1.2013727856E+01     ESPn at Nucleus =  1.2013733018E+01

CP# 6      Coords = -4.51199506725888E-01  8.25096196115582E-01  6.75360916534737E+00
           Type = (3,-3) NACP H6
           Rho =  2.0475398457E-01     Rho at Nucleus =  1.9999502179E-01
           GradRho =  3.2243958446E-12  1.1424181371E-12 -3.4769220380E-12
           HessRho_EigVals = -4.0293283340E+00 -4.0189694188E+00 -3.1628027962E+00
           HessRho_EigVec1 =  7.5110249797E-01 -2.3270249558E-01  6.1781436216E-01
           HessRho_EigVec2 =  2.0485511325E-02  9.4358369270E-01  3.3049986186E-01
           HessRho_EigVec3 = -6.5986769989E-01 -2.3558302871E-01  7.1349509825E-01
           DelSqRho = -1.1211100549E+01
           Bond Ellipticity = NA
           V = -2.8330790578E+00
           G =  1.5151960257E-02
           K =  2.8179270975E+00
           L =  2.8027751373E+00
           Vnuc =  3.3577776346E+01
           Ven = -6.8751834997E+00
           Vrep =  4.0421044420E+00
           DelSqV =  6.8230511353E+02
           DelSqVen =  3.7644382683E+02
           DelSqVrep =  3.0586128670E+02
           DelSqG =  5.2291625474E+01
           DelSqK = -7.3459673900E+02
           Stress_EigVals = -1.0201305810E+00 -1.0176590731E+00 -7.9528940367E-01
           Stress_EigVec1 =  1.9245641266E-02  9.4491477976E-01  3.2675015576E-01
           Stress_EigVec2 =  7.4795990756E-01 -2.3047462153E-01  6.2244471684E-01
           Stress_EigVec3 = -6.6346483101E-01 -2.3241666857E-01  7.1119400320E-01
           -DivStress = -8.0448919728E+00 -2.8185323649E+00  8.6476198357E+00
           ESP =   6.9474578797E+00     ESP at Nucleus =   6.8576176563E+00
           ESPe = -7.3538153513E+00     ESPe at Nucleus = -7.2693333693E+00
           ESPn =  1.4301273231E+01     ESPn at Nucleus =  1.4126951026E+01

CP# 7      Coords =  2.30479390343402E+00  8.52354972788084E-01  6.10682695483692E+00
           Type = (3,-3) NACP H7
           Rho =  2.0464115833E-01     Rho at Nucleus =  1.9987121941E-01
           GradRho = -1.3381113946E-12  3.2208177098E-13 -4.9839593444E-13
           HessRho_EigVals = -4.0245700435E+00 -4.0141472330E+00 -3.1567721618E+00
           HessRho_EigVec1 = -3.9213908824E-01 -2.4510977888E-01  8.8664994883E-01
           HessRho_EigVec2 =  1.1189764610E-01  9.4398149988E-01  3.1044781312E-01
           HessRho_EigVec3 =  9.1307494340E-01 -2.2095276457E-01  3.4274483739E-01
           DelSqRho = -1.1195489438E+01
           Bond Ellipticity = NA
           V = -2.8291167725E+00
           G =  1.5122206479E-02
           K =  2.8139945660E+00
           L =  2.7988723596E+00
           Vnuc =  3.4004139830E+01
           Ven = -6.9586465628E+00
           Vrep =  4.1295297903E+00
           DelSqV =  6.8105195096E+02
           DelSqVen =  3.8069298832E+02
           DelSqVrep =  3.0035896264E+02
           DelSqG =  5.2178777614E+01
           DelSqK = -7.3323072858E+02
           Stress_EigVals = -1.0189154489E+00 -1.0164293931E+00 -7.9377193053E-01
           Stress_EigVec1 =  1.1056467790E-01  9.4480321975E-01  3.0841907845E-01
           Stress_EigVec2 = -3.8747633335E-01 -2.4478891005E-01  8.8878595883E-01
           Stress_EigVec3 =  9.1522540562E-01 -2.1777342691E-01  3.3902388034E-01
           -DivStress =  1.1114373872E+01 -2.6460783256E+00  4.1272953215E+00
           ESP =   7.1833959358E+00     ESP at Nucleus =   7.0986588722E+00
           ESPe = -7.5804547098E+00     ESPe at Nucleus = -7.5009238207E+00
           ESPn =  1.4763850646E+01     ESPn at Nucleus =  1.4599582693E+01

CP# 8      Coords = -9.92972278464144E-01  5.51154950737057E+00  8.81176671473582E-01
           Type = (3,-3) NACP O8
           Rho =  1.4782337532E+02     Rho at Nucleus =  1.4782336069E+02
           GradRho = -1.6056211916E-11 -9.3949736879E-11 -4.4370757069E-12
           HessRho_EigVals = -4.1117042456E+05 -4.1116389021E+05 -4.1115394850E+05
           HessRho_EigVec1 =  8.0970057743E-03 -2.9071775829E-01  9.5677459389E-01
           HessRho_EigVec2 =  2.3190712237E-01  9.3126564901E-01  2.8100423053E-01
           HessRho_EigVec3 =  9.7270423310E-01 -2.1960754994E-01 -7.4959982084E-02
           DelSqRho = -1.2334882633E+06
           Bond Ellipticity = NA
           V = -3.0844072229E+05
           G =  3.4328233695E+01
           K =  3.0840639405E+05
           L =  3.0837206582E+05
           Vnuc =  9.4812403176E+05
           Ven = -1.4015489460E+08
           Vrep =  1.3984645388E+08
           DelSqV =  1.9618551501E+10
           DelSqVen =  1.1694998656E+12
           DelSqVrep = -1.1498813141E+12
           DelSqG =  8.5791194522E+08
           DelSqK = -2.0476463446E+10
           Stress_EigVals = -1.0281562399E+05 -1.0281318060E+05 -1.0281191769E+05
           Stress_EigVec1 =  9.6669684051E-01 -2.4248004825E-01 -8.1857466061E-02
           Stress_EigVec2 =  2.5581206752E-01  9.2498203041E-01  2.8101321948E-01
           Stress_EigVec3 =  7.5765861440E-03 -2.9259471905E-01  9.5620652880E-01
           -DivStress = -3.4896693538E+04 -3.9518700936E+04 -1.1158182361E+04
           ESP =  -4.8568416752E+00     ESP at Nucleus =  -4.8568393002E+00
           ESPe = -1.6835459877E+01     ESPe at Nucleus = -1.6835462223E+01
           ESPn =  1.1978618202E+01     ESPn at Nucleus =  1.1978622923E+01

CP# 9      Coords = -5.41820646131954E-01  6.82087175203086E+00 -2.20211438119802E-01
           Type = (3,-3) NACP H9
           Rho =  2.0477812963E-01     Rho at Nucleus =  2.0001484620E-01
           GradRho = -2.9447911123E-12 -8.9848697059E-12  7.7232364655E-12
           HessRho_EigVals = -4.0302098470E+00 -4.0197582597E+00 -3.1629262959E+00
           HessRho_EigVec1 =  2.7663792555E-01  5.7147901410E-01  7.7258216041E-01
           HessRho_EigVec2 =  9.2979640031E-01 -3.6230062558E-01 -6.4937744642E-02
           HessRho_EigVec3 =  2.4279644175E-01  7.3630835466E-01 -6.3158522365E-01
           DelSqRho = -1.1212894403E+01
           Bond Ellipticity = NA
           V = -2.8335385076E+00
           G =  1.5157453476E-02
           K =  2.8183810541E+00
           L =  2.8032236007E+00
           Vnuc =  3.3512273961E+01
           Ven = -6.8625807812E+00
           Vrep =  4.0290422736E+00
           DelSqV =  6.8237369467E+02
           DelSqVen =  3.7576958912E+02
           DelSqVrep =  3.0660410555E+02
           DelSqG =  5.2303043947E+01
           DelSqK = -7.3467673862E+02
           Stress_EigVals = -1.0203539050E+00 -1.0178632359E+00 -7.9532136674E-01
           Stress_EigVec1 =  9.3139093063E-01 -3.5845396036E-01 -6.3416816660E-02
           Stress_EigVec2 =  2.7426361986E-01  5.7645647039E-01  7.6972553846E-01
           Stress_EigVec3 =  2.3935413336E-01  7.3430831130E-01 -6.3521720915E-01
           -DivStress =  2.9042239487E+00  8.9331551137E+00 -7.7050851932E+00
           ESP =   6.9168057800E+00     ESP at Nucleus =   6.8267466784E+00
           ESPe = -7.3263970869E+00     ESPe at Nucleus = -7.2417226237E+00
           ESPn =  1.4243202867E+01     ESPn at Nucleus =  1.4068469302E+01

CP# 10     Coords = -5.12824890192436E-01  6.03175446424611E+00  2.50334365238790E+00
           Type = (3,-3) NACP H10
           Rho =  2.0460231929E-01     Rho at Nucleus =  1.9982600128E-01
           GradRho = -5.9374055152E-13 -6.4734123010E-13 -2.1169602258E-12
           HessRho_EigVals = -4.0232475091E+00 -4.0127094923E+00 -3.1545154726E+00
           HessRho_EigVec1 = -2.6669374688E-01 -8.9759355987E-01  3.5099892685E-01
           HessRho_EigVec2 =  9.2794830473E-01 -3.3752690309E-01 -1.5807445536E-01
           HessRho_EigVec3 =  2.6035819387E-01  2.8355139034E-01  9.2293673668E-01
           DelSqRho = -1.1190472474E+01
           Bond Ellipticity = NA
           V = -2.8278620458E+00
           G =  1.5121963661E-02
           K =  2.8127400822E+00
           L =  2.7976181185E+00
           Vnuc =  3.4062909495E+01
           Ven = -6.9693502844E+00
           Vrep =  4.1414882386E+00
           DelSqV =  6.8061875747E+02
           DelSqVen =  3.8118005110E+02
           DelSqVrep =  2.9943870637E+02
           DelSqG =  5.2144583583E+01
           DelSqK = -7.3276334105E+02
           Stress_EigVals = -1.0185769570E+00 -1.0160751877E+00 -7.9320990119E-01
           Stress_EigVec1 =  9.2864756894E-01 -3.3643452612E-01 -1.5628660318E-01
           Stress_EigVec2 = -2.6747497098E-01 -8.9917840433E-01  3.4631681605E-01
           Stress_EigVec3 =  2.5704247236E-01  2.7980351465E-01  9.2500765434E-01
           -DivStress =  3.1246095326E+00  3.4070113466E+00  1.1239337178E+01
           ESP =   7.2210917597E+00     ESP at Nucleus =   7.1376287797E+00
           ESPe = -7.6190916835E+00     ESPe at Nucleus = -7.5408217350E+00
           ESPn =  1.4840183443E+01     ESPn at Nucleus =  1.4678450515E+01

CP# 11     Coords =  5.53019277434192E+00 -5.60437999948521E-01  1.11468503937648E+00
           Type = (3,-3) NACP O11
           Rho =  1.4782107023E+02     Rho at Nucleus =  1.4782105564E+02
           GradRho = -7.8882598804E-11  2.0655679099E-11 -1.7572751847E-11
           HessRho_EigVals = -4.1116403308E+05 -4.1115751007E+05 -4.1114749240E+05
           HessRho_EigVec1 =  2.0103254514E-01  9.7925106415E-01 -2.5559130595E-02
           HessRho_EigVec2 =  9.5859378943E-01 -2.0203025804E-01 -2.0070306850E-01
           HessRho_EigVec3 =  2.0170241116E-01 -1.5847024826E-02  9.7931864535E-01
           DelSqRho = -1.2334690355E+06
           Bond Ellipticity = NA
           V = -3.0843593518E+05
           G =  3.4338146933E+01
           K =  3.0840159703E+05
           L =  3.0836725889E+05
           Vnuc =  9.4989772057E+05
           Ven = -1.4041489766E+08
           Vrep =  1.4010646173E+08
           DelSqV =  1.9618248056E+10
           DelSqVen =  1.1716694274E+12
           DelSqVrep = -1.1520511793E+12
           DelSqG =  8.5789863433E+08
           DelSqK = -2.0476146690E+10
           Stress_EigVals = -1.0281404165E+05 -1.0281157748E+05 -1.0281031606E+05
           Stress_EigVec1 =  2.2468588669E-01 -2.0639350894E-02  9.7421264081E-01
           Stress_EigVec2 =  9.5310066886E-01 -2.0338828471E-01 -2.2412568049E-01
           Stress_EigVec3 =  2.0276924652E-01  9.7888059682E-01 -2.6027097950E-02
           -DivStress = -4.1474958994E+04  8.9704004717E+03  3.3052146681E+04
           ESP =  -4.8715754951E+00     ESP at Nucleus =  -4.8715729346E+00
           ESPe = -1.6818777279E+01     ESPe at Nucleus = -1.6818779800E+01
           ESPn =  1.1947201784E+01     ESPn at Nucleus =  1.1947206865E+01

CP# 12     Coords =  6.75217883936144E+00  6.32119526336468E-01  6.50233219471294E-01
           Type = (3,-3) NACP H12
           Rho =  2.0481207679E-01     Rho at Nucleus =  2.0004992501E-01
           GradRho = -8.9054807230E-13 -8.8890023068E-13  3.2474268771E-13
           HessRho_EigVals = -4.0305313303E+00 -4.0200628811E+00 -3.1635729219E+00
           HessRho_EigVec1 = -6.4333382817E-01  7.3023840131E-01  2.2994230318E-01
           HessRho_EigVec2 = -3.4049742483E-01 -3.9071822150E-03 -9.4023733047E-01
           HessRho_EigVec3 =  6.8569897857E-01  6.8318124329E-01 -2.5115791765E-01
           DelSqRho = -1.1214167133E+01
           Bond Ellipticity = NA
           V = -2.8338789656E+00
           G =  1.5168591152E-02
           K =  2.8187103745E+00
           L =  2.8035417833E+00
           Vnuc =  3.3551603809E+01
           Ven = -6.8717736557E+00
           Vrep =  4.0378946900E+00
           DelSqV =  6.8246654676E+02
           DelSqVen =  3.7625329271E+02
           DelSqVrep =  3.0621325406E+02
           DelSqG =  5.2306055115E+01
           DelSqK = -7.3477260188E+02
           Stress_EigVals = -1.0204461094E+00 -1.0179488044E+00 -7.9548405183E-01
           Stress_EigVec1 =  3.3682821218E-01  4.8780012724E-03  9.4155348259E-01
           Stress_EigVec2 =  6.4778917122E-01 -7.2690987827E-01 -2.2797196874E-01
           Stress_EigVec3 = -6.8331247986E-01 -6.8671554080E-01  2.4800367111E-01
           -DivStress =  8.3128572119E+00  8.3315609635E+00 -3.0094126972E+00
           ESP =   6.9363237136E+00     ESP at Nucleus =   6.8468916318E+00
           ESPe = -7.3424706661E+00     ESPe at Nucleus = -7.2584011459E+00
           ESPn =  1.4278794380E+01     ESPn at Nucleus =  1.4105292778E+01

CP# 13     Coords =  6.21077756695471E+00 -2.14562288304973E+00  7.18973698790871E-01
           Type = (3,-3) NACP H13
           Rho =  2.0464518222E-01     Rho at Nucleus =  1.9987238113E-01
           GradRho = -3.4280641070E-13  8.2924839023E-13  1.9385061183E-13
           HessRho_EigVals = -4.0249833159E+00 -4.0144685261E+00 -3.1568184533E+00
           HessRho_EigVec1 =  8.6847334979E-01  4.2244610824E-01 -2.5940957257E-01
           HessRho_EigVec2 =  3.2389647173E-01 -8.7394193019E-02  9.4204741422E-01
           HessRho_EigVec3 = -3.7529337366E-01  9.0216491877E-01  2.1272833152E-01
           DelSqRho = -1.1196270295E+01
           Bond Ellipticity = NA
           V = -2.8293255309E+00
           G =  1.5128978515E-02
           K =  2.8141965523E+00
           L =  2.7990675738E+00
           Vnuc =  3.3893545566E+01
           Ven = -6.9361508083E+00
           Vrep =  4.1068252775E+00
           DelSqV =  6.8107185762E+02
           DelSqVen =  3.7948129742E+02
           DelSqVrep =  3.0159056020E+02
           DelSqG =  5.2185192175E+01
           DelSqK = -7.3325704980E+02
           Stress_EigVals = -1.0190308715E+00 -1.0165153240E+00 -7.9377933538E-01
           Stress_EigVec1 =  3.2104266178E-01 -8.6490591652E-02  9.4310709194E-01
           Stress_EigVec2 =  8.7106323486E-01  4.1782971731E-01 -2.5819986099E-01
           Stress_EigVec3 = -3.7172631088E-01  9.0439908497E-01  2.0947993917E-01
           -DivStress =  4.5266906326E+00 -1.0985752680E+01 -2.5459965720E+00
           ESP =   7.1299631480E+00     ESP at Nucleus =   7.0447492209E+00
           ESPe = -7.5283218874E+00     ESPe at Nucleus = -7.4483421528E+00
           ESPn =  1.4658285035E+01     ESPn at Nucleus =  1.4493091374E+01

CP# 14     Coords = -6.99961914593836E-01 -1.26220087279215E+00 -5.48238516769964E+00
           Type = (3,-3) NACP O14
           Rho =  1.4782471164E+02     Rho at Nucleus =  1.4782469685E+02
           GradRho =  8.5514321319E-12 -3.3101049679E-11  3.2673584324E-11
           HessRho_EigVals = -4.1117446474E+05 -4.1116785867E+05 -4.1115806419E+05
           HessRho_EigVec1 =  9.7116532918E-01  1.0734886302E-02 -2.3816520657E-01
           HessRho_EigVec2 =  2.3574705438E-01 -1.9205311013E-01  9.5264837649E-01
           HessRho_EigVec3 =  3.5513796639E-02  9.8132582005E-01  1.8904603975E-01
           DelSqRho = -1.2335003876E+06
           Bond Ellipticity = NA
           V = -3.0844376197E+05
           G =  3.4332535050E+01
           K =  3.0840942943E+05
           L =  3.0837509690E+05
           Vnuc =  9.4317336681E+05
           Ven = -1.3942433098E+08
           Vrep =  1.3911588722E+08
           DelSqV =  1.9618744451E+10
           DelSqVen =  1.1634047140E+12
           DelSqVrep = -1.1437859693E+12
           DelSqG =  8.5792108632E+08
           DelSqK = -2.0476665537E+10
           Stress_EigVals = -1.0281662219E+05 -1.0281420941E+05 -1.0281293037E+05
           Stress_EigVec1 =  4.1342491750E-02  9.7624627865E-01  2.1268286673E-01
           Stress_EigVec2 =  2.3637974657E-01 -2.1637867784E-01  9.4726178176E-01
           Stress_EigVec3 =  9.7078082686E-01  1.1111759740E-02 -2.3971048164E-01
           -DivStress =  1.0235607876E+04 -3.2804533226E+04  4.1877256356E+04
           ESP =  -4.8383534766E+00     ESP at Nucleus =  -4.8383508791E+00
           ESPe = -1.6852081332E+01     ESPe at Nucleus = -1.6852083897E+01
           ESPn =  1.2013727856E+01     ESPn at Nucleus =  1.2013733018E+01

CP# 15     Coords =  4.51199506725888E-01 -8.25096196115582E-01 -6.75360916534737E+00
           Type = (3,-3) NACP H15
           Rho =  2.0475398457E-01     Rho at Nucleus =  1.9999502179E-01
           GradRho = -3.2244149384E-12 -1.1424182997E-12  3.4769306710E-12
           HessRho_EigVals = -4.0293283340E+00 -4.0189694188E+00 -3.1628027962E+00
           HessRho_EigVec1 =  7.5110249797E-01 -2.3270249558E-01  6.1781436216E-01
           HessRho_EigVec2 =  2.0485511325E-02  9.4358369270E-01  3.3049986186E-01
           HessRho_EigVec3 = -6.5986769989E-01 -2.3558302871E-01  7.1349509825E-01
           DelSqRho = -1.1211100549E+01
           Bond Ellipticity = NA
           V = -2.8330790578E+00
           G =  1.5151960257E-02
           K =  2.8179270975E+00
           L =  2.8027751373E+00
           Vnuc =  3.3577776346E+01
           Ven = -6.8751834997E+00
           Vrep =  4.0421044420E+00
           DelSqV =  6.8230511353E+02
           DelSqVen =  3.7644382683E+02
           DelSqVrep =  3.0586128670E+02
           DelSqG =  5.2291625474E+01
           DelSqK = -7.3459673900E+02
           Stress_EigVals = -1.0201305810E+00 -1.0176590731E+00 -7.9528940367E-01
           Stress_EigVec1 =  1.9245641266E-02  9.4491477976E-01  3.2675015576E-01
           Stress_EigVec2 =  7.4795990756E-01 -2.3047462153E-01  6.2244471684E-01
           Stress_EigVec3 = -6.6346483101E-01 -2.3241666857E-01  7.1119400320E-01
           -DivStress =  8.0448919728E+00  2.8185323649E+00 -8.6476198357E+00
           ESP =   6.9474578797E+00     ESP at Nucleus =   6.8576176563E+00
           ESPe = -7.3538153513E+00     ESPe at Nucleus = -7.2693333693E+00
           ESPn =  1.4301273231E+01     ESPn at Nucleus =  1.4126951026E+01

CP# 16     Coords = -2.30479390343402E+00 -8.52354972788084E-01 -6.10682695483692E+00
           Type = (3,-3) NACP H16
           Rho =  2.0464115833E-01     Rho at Nucleus =  1.9987121941E-01
           GradRho =  1.3381324298E-12 -3.2208388517E-13  4.9838638669E-13
           HessRho_EigVals = -4.0245700435E+00 -4.0141472330E+00 -3.1567721618E+00
           HessRho_EigVec1 = -3.9213908824E-01 -2.4510977888E-01  8.8664994883E-01
           HessRho_EigVec2 =  1.1189764610E-01  9.4398149988E-01  3.1044781312E-01
           HessRho_EigVec3 =  9.1307494340E-01 -2.2095276457E-01  3.4274483739E-01
           DelSqRho = -1.1195489438E+01
           Bond Ellipticity = NA
           V = -2.8291167725E+00
           G =  1.5122206479E-02
           K =  2.8139945660E+00
