AIMSum (Version 16.05.18, Professional)
Copyright (c) 1997-2016 by Todd A. Keith
AIMSum is a component of the AIMAll package ( http://aim.tkgristmill.com )

TP:  64-bit Linux

Licensed To:  Research Group of Fernando Cortes Guzman, UNAM, fercor@unam.mx

Much of the Quantum Theory of Atoms in Molecules (QTAIM) is described in the book:
  "Atoms in Molecules - A Quantum Theory"
  R.F.W. Bader, Oxford University Press, Oxford, 1990

For additional references see:  http://aim.tkgristmill.com/references.html

Wfx File:  /home/davit_gabo/David/max_int2/acercamiento/Ni23_24_alpha.wfx
Sum File:  /home/davit_gabo/David/max_int2/acercamiento/Ni23_24_alpha.sum

SumViz File:  /home/davit_gabo/David/max_int2/acercamiento/Ni23_24_alpha.sumviz

Wfx Title:   Ni23_24                                                                       
 
Total memory allocated for AIMSum =        1.194 Megabytes

Atomic units (a.u.) used throughout, except where stated otherwise

Model:  Unknown
 
Unrestricted, natural orbital wavefunction.
  Number of electrons (from MO Occs)                   =          44.0000000000
  Number of Alpha electrons (from MO Occs)             =          44.0000000000
  Number of Beta electrons (from MO Occs)              =           0.0000000000
  Number of electron pairs (N*(N-1)/2)                 =         946.0000000000
  Number of electron pairs (from Muller 2EDM)          =         946.0000000000
  Number of electron pairs (from Muller 2EDM, no SOSI) =         946.0000000000
 
Nuclear Charges and Cartesian Coordinates:
-------------------------------------------------------------------------------
Atom      Charge                X                  Y                  Z
-------------------------------------------------------------------------------
Ni1       28.0           6.0408576078E-06   3.4941860211E-05  -5.0428770892E-05
O2         8.0          -4.5335497726E+00   6.1277838120E-02  -1.1165094022E-01
H3         1.0          -5.6439061089E+00  -1.3743842119E+00   1.4450652889E-02
H4         1.0          -5.5285751097E+00   1.5727188628E+00   8.1689363250E-02
O5         8.0           6.0462443917E-02   1.5120054113E-02   4.5348642335E+00
H6         1.0          -1.3766989041E+00  -2.8547924624E-02   5.6496171305E+00
H7         1.0           1.5707772590E+00  -1.2765674512E-01   5.5396095967E+00
O8         8.0          -1.3679315440E-01   4.5327537725E+00   7.1220838117E-02
H9         1.0           4.4948864462E-03   5.6015473918E+00  -1.3499420035E+00
H10        1.0           7.7077713300E-02   5.5465737731E+00   1.5697459325E+00
O11        8.0           4.5335618149E+00  -6.1208463927E-02   1.1155140189E-01
H12        1.0           5.6439133976E+00   1.3744558216E+00  -1.4550502527E-02
H13        1.0           5.5285911992E+00  -1.5726447247E+00  -8.1788144215E-02
O14        8.0          -6.0451103961E-02  -1.5056433290E-02  -4.5349650603E+00
H15        1.0           1.3767095866E+00   2.8611145448E-02  -5.6497182958E+00
H16        1.0          -1.5707665026E+00   1.2772004775E-01  -5.5397102293E+00
O17        8.0           1.3680162349E-01  -4.5326837478E+00  -7.1337594505E-02
H18        1.0          -4.5862244623E-03  -5.6022029191E+00   1.3508257058E+00
H19        1.0          -7.7069084746E-02  -5.5464284787E+00  -1.5698616560E+00
 
Some Atomic Properties:
----------------------
  q(A) = Net Charge of Atom A
  L(A) = Lagrangian of Atom A = -(1/4) Times Atomic Integral of the Laplacian of the Electron Density
  K(A) = Electronic Kinetic Energy of Atom A (Hamiltonian Form)
  K_Scaled(A) = K(A) * E(Mol)/K(Mol) = Approximation to Virial-Based Total Energy of Atom A.
  |Mu_Intra(A)| = Magnitude of Intraatomic Dipole Moment of Atom A
--------------------------------------------------------------------------------------------------
Atom A          q(A)              L(A)              K(A)          K_Scaled(A)      |Mu_Intra(A)|
--------------------------------------------------------------------------------------------------
Ni1       1.3811744254E+01 -5.8314685082E-04  7.6259714596E+02 -7.6400726056E+02  7.3762977850E-06
O2        3.3801459364E+00 -2.1276591387E-06  3.7779606571E+01 -3.7849464655E+01  1.0239570445E-01
H3        8.2546599067E-01  9.4764582562E-06  1.6339005682E-01 -1.6369218057E-01  6.5354183276E-02
H4        8.2578358042E-01  9.2850381047E-06  1.6309227381E-01 -1.6339384692E-01  6.5268684693E-02
O5        3.3797304980E+00 -1.9789465222E-07  3.7779336286E+01 -3.7849193870E+01  1.0015861653E-01
H6        8.2556897112E-01  8.7052232578E-06  1.6332200592E-01 -1.6362400383E-01  6.5305249976E-02
H7        8.2586973775E-01  9.8184763309E-06  1.6306574393E-01 -1.6336726799E-01  6.5234655154E-02
O8        3.3767290600E+00 -7.3686632119E-06  3.7796123881E+01 -3.7866012507E+01  1.0397256509E-01
H9        8.2892224665E-01  8.4025005024E-06  1.6417112797E-01 -1.6447469599E-01  6.5779569507E-02
H10       8.2564722226E-01  1.0658864090E-05  1.6302816209E-01 -1.6332961666E-01  6.5153616441E-02
O11       3.3801469450E+00 -2.0192069948E-06  3.7779606928E+01 -3.7849465012E+01  1.0239682912E-01
H12       8.2546401623E-01  7.9114539594E-06  1.6339056140E-01 -1.6369268607E-01  6.5354992053E-02
H13       8.2578583028E-01  1.0588544782E-05  1.6309185383E-01 -1.6339342617E-01  6.5268426402E-02
O14       3.3797306308E+00 -8.7040586987E-08  3.7779336451E+01 -3.7849194035E+01  1.0015771353E-01
H15       8.2556963802E-01  8.7941879591E-06  1.6332163158E-01 -1.6362362880E-01  6.5305015263E-02
H16       8.2586990281E-01  9.6852297925E-06  1.6306546731E-01 -1.6336699086E-01  6.5235141545E-02
O17       3.3768543571E+00 -5.2118880236E-06  3.7795521126E+01 -3.7865408637E+01  1.0395438977E-01
H18       8.2880830087E-01  8.1697364551E-06  1.6413773950E-01 -1.6444124579E-01  6.5767405838E-02
H19       8.2564222970E-01  8.3642136713E-06  1.6303338590E-01 -1.6333485013E-01  6.5159075646E-02
--------------------------------------------------------------------------------------------------
Total     4.3999479348E+01 -4.9029927627E-04  9.9126678721E+02 -9.9309973372E+02
 
Molecular charge q(Mol) from the wfx file:   4.4000000000E+01
Molecular energy E(Mol) from the wfx file:  -1.9662905108E+03
Molecular virial ratio (-V(Mol)/T(Mol)) from the wfx file:   2.0018490950E+00
Full molecular virial ratio ((-V(Mol)+W(Mol))/T(Mol)) from the wfx file:   2.0015023656E+00
Note.  K_Scaled(A) = (1+V(Mol)/T(Mol))*K(A) = (E(Mol)/T(Mol))*K(A)
       Only use K_Scaled(A) data with caution.
 
N_AIMInt(SumA)     =         44.000521
N_Analytic(Mol)    =         44.000000
 
G_AIMInt(SumA)     =        991.267278
G_Analytic(Mol)    =        991.266846
 
K_AIMInt(SumA)     =        991.266787
K_Analytic(Mol)    =        991.266846
 
L_AIMInt(SumA)     =         -0.000490
L_Analytic(Mol)    =          0.000000
 
VenT_AIMInt(SumA)  =      -3000.085147
VenT_Analytic(Mol) =      -3000.074462
 
Some Information About the Atomic Calculations:
----------------------------------------------
  Time(sec) = "Elapsed User Time", in Seconds, for Atom A by AIMInt and, if used, by TWOe
  NProc = Number of Processors Used for AIMInt Job
  BIM = Basin Integration Method
  OAQ = Angular Quadrature Outside of Beta Sphere
  ORQ = Multiple of Default for Radial Quadrature Outside of Beta Sphere
  IAQ = Multiple of Default for Angular Quadrature Inside of Beta Sphere
  IRQ = Multiple of Default for Radial Quadrature Inside of Beta Sphere
  MIR = Maximum Integration Radius
------------------------------------------------------------------------------------------------------
Atom A     Time(sec)   NProc      BIM              OAQ                 ORQ      IAQ      IRQ      MIR
------------------------------------------------------------------------------------------------------
Ni1          1056        8     Proaim(5)    4334      (Very High)      Auto     Auto     Auto    13.00
O2            936        8     Proaim(5)    4334      (Very High)      Auto     Auto     Auto    13.00
H3            246        8     Proaim(5)    2030      (Very High)      Auto     Auto     Auto    13.00
H4            151        8     Proaim(5)    2030      (Very High)      Auto     Auto     Auto    13.00
O5            806        8     Proaim(5)    4334      (Very High)      Auto     Auto     Auto    13.00
H6            220        8     Proaim(5)    2030      (Very High)      Auto     Auto     Auto    13.00
H7            202        8     Proaim(5)    2030      (Very High)      Auto     Auto     Auto    13.00
O8           1083        8     Proaim(5)    4334      (Very High)      Auto     Auto     Auto    13.00
H9            226        8     Proaim(5)    2030      (Very High)      Auto     Auto     Auto    13.00
H10           291        8     Proaim(5)    2030      (Very High)      Auto     Auto     Auto    13.00
O11           709        8     Proaim(5)    4334      (Very High)      Auto     Auto     Auto    13.00
H12           185        8     Proaim(5)    2030      (Very High)      Auto     Auto     Auto    13.00
H13           356        8     Proaim(5)    2030      (Very High)      Auto     Auto     Auto    13.00
O14           661        8     Proaim(5)    4334      (Very High)      Auto     Auto     Auto    13.00
H15           241        8     Proaim(5)    2030      (Very High)      Auto     Auto     Auto    13.00
H16           185        8     Proaim(5)    2030      (Very High)      Auto     Auto     Auto    13.00
O17           873        8     Proaim(5)    4334      (Very High)      Auto     Auto     Auto    13.00
H18           221        8     Proaim(5)    2030      (Very High)      Auto     Auto     Auto    13.00
H19           290        8     Proaim(5)    2030      (Very High)      Auto     Auto     Auto    13.00
------------------------------------------------------------------------------------------------------
Total        8938
Note:  Total wall clock time is less than total of atomic times if more than one atom
       was calculated at a time
Note:  Total time does not include times for diatomic interaction energy calculations (4275 seconds)
 
Electron Density Critical Point Analysis of Molecular Structure:               
---------------------------------------------------------------                
  NACP = Nuclear Attractor Critical Point                                      
  NNACP = Non-Nuclear Attractor Critical Point                                 
  BCP = Bond Critical Point                                                    
  RCP = Ring Critical Point                                                    
  CCP = Cage Critical Point                                                    
  Rho = Electron Density                                                       
  GradRho = Gradient of Electron Density                                       
  HessRho_EigVals = Eigenvalues of the Hessian of Rho, Ascending Order         
  HessRho_EigVecs = Eigenvectors of the Hessian of Rho                         
  DelSqRho = Laplacian of Rho = Trace of Hessian of Rho                        
  Bond Ellipticity = (HessRho_EigVal(1) / HessRho_EigVal(2)) - 1               
  V = Virial Field = Potential Energy Density = Trace of Stress Tensor         
  G = Lagrangian Form of Kinetic Energy Density                                
  K = Hamiltonian Form of Kinetic Energy Density                               
  L = K - G = Lagrangian Density = (-1/4)DelSqRho                              
  Vnuc = Electrostatic Potential from Nuclei                                   
  Ven = Electron-nuclear attractive contribution to Virial Field V             
  Vrep = V - Ven = Repulsive contribution to Virial Field V                    
  DelSqV = Laplacian of V                                                      
  DelSqVen = Laplacian of Ven                                                  
  DelSqVrep = Laplacian of Vrep                                                
  DelSqG = Laplacian of G                                                      
  DelSqK = Laplacian of K                                                      
  Stress_EigVals = Eigenvalues of Stress Tensor, Ascending Order               
  Stress_EigVecs = Eigenvectors of Stress Tensor                               
  -DivStress = Ehrenfest Force Density = Minus Divergence of Stress Tensor     
  ESP = Total Electrostatic Potential                                          
  ESPe = Electrostatic Potential from Electrons                                
  ESPn = Electrostatic Potential from Nuclei                                   
  BP = Bond Path                                                               
  BPL = Bond Path Length                                                       
  GBL = Geometric Bond Length                                                  
  GBL_I = Distance Between Nuclear Attractors                                  
  GBL_II = Distance Between Nuclei                                             
  GBL_III = Sum of Distances Between BCP and Nuclear Attractors                
  GBL_IV = Sum of Distances Between BCP and Nuclei                             

CP# 1      Coords =  6.04085764701617E-06  3.49418620220850E-05 -5.04287705128778E-05
           Type = (3,-3) NACP Ni1
           Rho =  7.2850554503E+03     Rho at Nucleus =  7.2850554503E+03
           GradRho =  1.7079852886E-13  3.0994045661E-13  1.4191469689E-12
           HessRho_EigVals = -4.2222781575E+08 -4.2222781215E+08 -4.2222781013E+08
           HessRho_EigVec1 = -6.0976682569E-01 -5.1048225337E-01  6.0629389514E-01
           HessRho_EigVec2 = -2.2586560777E-01 -6.2132251182E-01 -7.5029531755E-01
           HessRho_EigVec3 =  7.5971649022E-01 -5.9444613323E-01  2.6356147134E-01
           DelSqRho = -1.2666834380E+09
           Bond Ellipticity = NA
           V = -3.1694017443E+08
           G =  1.3465746086E+05
           K =  3.1680551697E+08
           L =  3.1667085951E+08
           Vnuc =  2.8000000127E+09
           Ven = -2.0398155353E+13
           Vrep =  2.0397838413E+13
           DelSqV =  6.5849666264E+14
           DelSqVen =  6.1194463687E+29
           DelSqVrep = -6.1194463687E+29
           DelSqG =  1.8382050972E+13
           DelSqK = -6.7687871361E+14
           Stress_EigVals = -1.0564672497E+08 -1.0564672476E+08 -1.0564672471E+08
           Stress_EigVec1 =  6.8709153710E-01  6.2908518394E-01 -3.6353411256E-01
           Stress_EigVec2 = -5.1101337242E-01  7.7408731703E-01  3.7370330320E-01
           Stress_EigVec3 =  5.1649835707E-01 -7.0997584168E-02  8.5333978589E-01
           -DivStress = -8.5057622135E+00 -3.9251779305E+02 -8.2116459856E+01
           ESP =  -5.9185137023E+01     ESP at Nucleus =  -5.9185137023E+01
           ESPe = -7.1846097550E+01     ESPe at Nucleus = -7.1846097550E+01
           ESPn =  1.2660960527E+01     ESPn at Nucleus =  1.2660960527E+01

CP# 2      Coords = -4.53355696068721E+00  6.12780765484384E-02 -1.11649265556311E-01
           Type = (3,-3) NACP O2
           Rho =  1.4777138525E+02     Rho at Nucleus =  1.4777137405E+02
           GradRho = -1.5008313884E-10  5.6376450275E-13  7.6378053188E-13
           HessRho_EigVals = -4.1102826113E+05 -4.1102154852E+05 -4.1101007838E+05
           HessRho_EigVec1 =  4.1636097675E-02  9.9887847098E-01  2.2544080964E-02
           HessRho_EigVec2 =  9.9392705508E-01 -3.9108289764E-02 -1.0285694360E-01
           HessRho_EigVec3 =  1.0185992611E-01 -2.6689733753E-02  9.9444065362E-01
           DelSqRho = -1.2330598880E+06
           Bond Ellipticity = NA
           V = -3.0833491691E+05
           G =  3.4972451305E+01
           K =  3.0829994446E+05
           L =  3.0826497201E+05
           Vnuc =  1.0833667527E+06
           Ven = -1.6009060579E+08
           Vrep =  1.5978227087E+08
           DelSqV =  1.9611827584E+10
           DelSqVen =  1.3358560886E+12
           DelSqVrep = -1.3162442610E+12
           DelSqG =  8.5762110455E+08
           DelSqK = -2.0469448689E+10
           Stress_EigVals = -1.0278062420E+05 -1.0277780943E+05 -1.0277648328E+05
           Stress_EigVec1 =  1.0805462792E-01 -2.6928537583E-02  9.9378018256E-01
           Stress_EigVec2 =  9.9326624177E-01 -3.9095989915E-02 -1.0905813370E-01
           Stress_EigVec3 =  4.1789596047E-02  9.9887254314E-01  2.2522704678E-02
           -DivStress =  4.5893734134E+04 -1.5223816014E+03 -1.0691097626E+04
           ESP =  -4.0198756541E+00     ESP at Nucleus =  -4.0198698212E+00
           ESPe = -1.8465462264E+01     ESPe at Nucleus = -1.8465469008E+01
           ESPn =  1.4445586610E+01     ESPn at Nucleus =  1.4445599187E+01

CP# 3      Coords = -5.61240052989115E+00 -1.33226456737290E+00  1.10510274365562E-02
           Type = (3,-3) NACP H3
           Rho =  2.0355630349E-01     Rho at Nucleus =  1.9868452625E-01
           GradRho = -2.9281251360E-16  5.8270615167E-16 -2.3378109344E-17
           HessRho_EigVals = -4.0065223583E+00 -3.9947969885E+00 -3.1237344283E+00
           HessRho_EigVec1 =  7.8942117158E-01 -6.0404981499E-01 -1.0926131461E-01
           HessRho_EigVec2 =  1.2660317232E-01 -1.3952806949E-02  9.9185530998E-01
           HessRho_EigVec3 =  6.0065451852E-01  7.9682440989E-01 -6.5459981606E-02
           DelSqRho = -1.1125053775E+01
           Bond Ellipticity = NA
           V = -2.8115665985E+00
           G =  1.5151577332E-02
           K =  2.7964150211E+00
           L =  2.7812634438E+00
           Vnuc =  3.5052247331E+01
           Ven = -7.1351058958E+00
           Vrep =  4.3235392973E+00
           DelSqV =  6.7511672732E+02
           DelSqVen =  3.8995813650E+02
           DelSqVrep =  2.8515859082E+02
           DelSqG =  5.1829551651E+01
           DelSqK = -7.2694627897E+02
           Stress_EigVals = -1.0145005664E+00 -1.0117269860E+00 -7.8533904607E-01
           Stress_EigVec1 =  1.2627071075E-01 -1.4530346230E-02  9.9188939738E-01
           Stress_EigVec2 =  7.9217730526E-01 -6.0036143812E-01 -1.0964150965E-01
           Stress_EigVec3 =  5.9708527417E-01  7.9959678129E-01 -6.4297454980E-02
           -DivStress = -7.3143016305E+00 -9.7857040986E+00  7.8699248739E-01
           ESP =   7.5287253697E+00     ESP at Nucleus =   7.4313351901E+00
           ESPe = -8.5513777936E+00     ESPe at Nucleus = -8.4551193857E+00
           ESPn =  1.6080103163E+01     ESPn at Nucleus =  1.5886454576E+01

CP# 4      Coords = -5.50048193110510E+00  1.52839769866413E+00  7.63104547701250E-02
           Type = (3,-3) NACP H4
           Rho =  2.0334468636E-01     Rho at Nucleus =  1.9847193585E-01
           GradRho =  2.6192381394E-14 -4.1514679549E-14 -5.0669680311E-15
           HessRho_EigVals = -4.0015168192E+00 -3.9897770198E+00 -3.1189350566E+00
           HessRho_EigVec1 =  8.3487318879E-01  5.4414102809E-01 -8.3049986117E-02
           HessRho_EigVec2 =  1.2553004868E-01 -4.1312995520E-02  9.9122925869E-01
           HessRho_EigVec3 = -5.3593746419E-01  8.3797600082E-01  1.0279716205E-01
           DelSqRho = -1.1110228896E+01
           Bond Ellipticity = NA
           V = -2.8077742416E+00
           G =  1.5108508831E-02
           K =  2.7926657327E+00
           L =  2.7775572239E+00
           Vnuc =  3.5168524500E+01
           Ven = -7.1513325844E+00
           Vrep =  4.3435583428E+00
           DelSqV =  6.7409513713E+02
           DelSqVen =  3.9073035712E+02
           DelSqVrep =  2.8336478002E+02
           DelSqG =  5.1746561040E+01
           DelSqK = -7.2584169817E+02
           Stress_EigVals = -1.0132087444E+00 -1.0104427759E+00 -7.8412272123E-01
           Stress_EigVec1 =  1.2513760982E-01 -4.0787344022E-02  9.9130064621E-01
           Stress_EigVec2 =  8.3735379354E-01  5.4025041089E-01 -8.3475253694E-02
           Stress_EigVec3 = -5.3214584754E-01  8.4051525037E-01  1.0175908237E-01
           -DivStress = -6.5129801154E+00  1.0282829631E+01  1.2451039684E+00
           ESP =   7.5922331246E+00     ESP at Nucleus =   7.4959028536E+00
           ESPe = -8.6188174128E+00     ESPe at Nucleus = -8.5236480535E+00
           ESPn =  1.6211050537E+01     ESPn at Nucleus =  1.6019550907E+01

CP# 5      Coords =  6.04626790465079E-02  1.51191145547396E-02  4.53487149439982E+00
           Type = (3,-3) NACP O5
           Rho =  1.4776877581E+02     Rho at Nucleus =  1.4776876478E+02
           GradRho =  7.5988217454E-13  1.8804402480E-13 -1.3695860418E-10
           HessRho_EigVals = -4.1102106957E+05 -4.1101437803E+05 -4.1100282728E+05
           HessRho_EigVec1 =  9.9864383993E-01 -3.3508828782E-02 -3.9845192574E-02
           HessRho_EigVec2 =  3.7677212733E-02 -6.3014450462E-02  9.9730116147E-01
           HessRho_EigVec3 =  3.5929216778E-02  9.9744991725E-01  6.1666473510E-02
           DelSqRho = -1.2330382749E+06
           Bond Ellipticity = NA
           V = -3.0832952555E+05
           G =  3.4978415984E+01
           K =  3.0829454713E+05
           L =  3.0825956872E+05
           Vnuc =  1.0921348732E+06
           Ven = -1.6138343322E+08
           Vrep =  1.6107510370E+08
           DelSqV =  1.9611486457E+10
           DelSqVen =  1.3466440991E+12
           DelSqVrep = -1.3270326126E+12
           DelSqG =  8.5760621154E+08
           DelSqK = -2.0469092669E+10
           Stress_EigVals = -1.0277883878E+05 -1.0277600421E+05 -1.0277468256E+05
           Stress_EigVec1 =  3.6026690258E-02  9.9724391796E-01  6.4858659323E-02
           Stress_EigVec2 =  3.7780253247E-02 -6.6213506529E-02  9.9708997789E-01
           Stress_EigVec3 =  9.9863643537E-01 -3.3471475218E-02 -4.0061581260E-02
           -DivStress = -1.5012723907E+03  5.9981194295E+03 -4.6357371412E+04
           ESP =  -4.0206434903E+00     ESP at Nucleus =  -4.0206375474E+00
           ESPe = -1.8464747928E+01     ESPe at Nucleus = -1.8464754790E+01
           ESPn =  1.4444104438E+01     ESPn at Nucleus =  1.4444117243E+01

CP# 6      Coords = -1.33453372618768E+00 -2.74330752762436E-02  5.61800086361484E+00
           Type = (3,-3) NACP H6
           Rho =  2.0350981500E-01     Rho at Nucleus =  1.9863789889E-01
           GradRho =  5.3921439796E-16  1.0516761073E-17  7.5156216970E-16
           HessRho_EigVals = -4.0059561402E+00 -3.9941574205E+00 -3.1231789708E+00
           HessRho_EigVec1 =  6.0247831837E-01 -7.7016136192E-02  7.9441071913E-01
           HessRho_EigVec2 =  2.9167710154E-02  9.9679316930E-01  7.4515919905E-02
           HessRho_EigVec3 =  7.9760210668E-01  2.1723084518E-02 -6.0279265674E-01
           DelSqRho = -1.1123292532E+01
           Bond Ellipticity = NA
           V = -2.8111229620E+00
           G =  1.5149914539E-02
           K =  2.7959730474E+00
           L =  2.7808231329E+00
           Vnuc =  3.5043472203E+01
           Ven = -7.1316905449E+00
           Vrep =  4.3205675830E+00
           DelSqV =  6.7500794098E+02
           DelSqVen =  3.8979879263E+02
           DelSqVrep =  2.8520914835E+02
           DelSqG =  5.1825070738E+01
           DelSqK = -7.2683301172E+02
           Stress_EigVals = -1.0143588545E+00 -1.0115715345E+00 -7.8519257303E-01
           Stress_EigVec1 =  2.9785726353E-02  9.9675602388E-01  7.4767903307E-02
           Stress_EigVec2 =  5.9877817332E-01 -7.7687413372E-02  7.9713823453E-01
           Stress_EigVec3 =  8.0036086215E-01  2.1026047246E-02 -5.9914972726E-01
           -DivStress = -9.7947780527E+00 -2.5744341609E-01  7.3387535403E+00
           ESP =   7.5253150683E+00     ESP at Nucleus =   7.4279039261E+00
           ESPe = -8.5477542079E+00     ESPe at Nucleus = -8.4514724109E+00
           ESPn =  1.6073069276E+01     ESPn at Nucleus =  1.5879376337E+01

CP# 7      Coords =  1.52647783680803E+00 -1.23629877752568E-01  5.51123382914128E+00
           Type = (3,-3) NACP H7
           Rho =  2.0337899755E-01     Rho at Nucleus =  1.9850305925E-01
           GradRho = -4.0121700992E-14  3.6458466454E-15 -2.6791760542E-14
           HessRho_EigVals = -4.0024376399E+00 -3.9906202541E+00 -3.1193111352E+00
           HessRho_EigVec1 = -5.4489621639E-01 -3.8642224563E-02  8.3761261443E-01
           HessRho_EigVec2 =  4.3357852227E-02  9.9630269371E-01  7.4168990512E-02
           HessRho_EigVec3 =  8.3738175883E-01 -7.6731486263E-02  5.4120612432E-01
           DelSqRho = -1.1112369029E+01
           Bond Ellipticity = NA
           V = -2.8083352525E+00
           G =  1.5121497608E-02
           K =  2.7932137549E+00
           L =  2.7780922573E+00
           Vnuc =  3.5145048636E+01
           Ven = -7.1477647603E+00
           Vrep =  4.3394295078E+00
           DelSqV =  6.7420144583E+02
           DelSqVen =  3.9054474999E+02
           DelSqVrep =  2.8365669584E+02
           DelSqG =  5.1758471653E+01
           DelSqK = -7.2595991748E+02
           Stress_EigVals = -1.0134522788E+00 -1.0106697705E+00 -7.8421320323E-01
           Stress_EigVec1 =  4.3436638894E-02  9.9635455410E-01  7.3422482482E-02
           Stress_EigVec2 = -5.4099036496E-01 -3.8327183539E-02  8.4015501666E-01
           Stress_EigVec3 =  8.3990635396E-01 -7.6214365667E-02  5.3735340982E-01
           -DivStress =  1.0279752040E+01 -9.3292490941E-01  6.5796020608E+00
           ESP =   7.5829850897E+00     ESP at Nucleus =   7.4864799389E+00
           ESPe = -8.6090632456E+00     ESPe at Nucleus = -8.5137228376E+00
           ESPn =  1.6192048335E+01     ESPn at Nucleus =  1.6000202777E+01

CP# 8      Coords = -1.36791285809060E-01  4.53276087783357E+00  7.12210509876800E-02
           Type = (3,-3) NACP O8
           Rho =  1.4776630181E+02     Rho at Nucleus =  1.4776629071E+02
           GradRho =  5.0157557144E-12  1.2665571673E-10 -1.0557939072E-13
           HessRho_EigVals = -4.1101344200E+05 -4.1100676846E+05 -4.1099548905E+05
           HessRho_EigVec1 =  2.7325632355E-02  2.2639486406E-04  9.9962655955E-01
           HessRho_EigVec2 =  1.1296788876E-01  9.9359311565E-01 -3.3131006203E-03
           HessRho_EigVec3 =  9.9322281786E-01 -1.1301623455E-01 -2.7124984839E-02
           DelSqRho = -1.2330156995E+06
           Bond Ellipticity = NA
           V = -3.0832403626E+05
           G =  3.5055691728E+01
           K =  3.0828898057E+05
           L =  3.0825392488E+05
           Vnuc =  1.0884529338E+06
           Ven = -1.6083666473E+08
           Vrep =  1.6052834069E+08
           DelSqV =  1.9611132721E+10
           DelSqVen =  1.3420795587E+12
           DelSqVrep = -1.3224684259E+12
           DelSqG =  8.5758956075E+08
           DelSqK = -2.0468722281E+10
           Stress_EigVals = -1.0277695724E+05 -1.0277419721E+05 -1.0277288181E+05
           Stress_EigVec1 =  9.9240129841E-01 -1.1995555311E-01 -2.7392119036E-02
           Stress_EigVec2 =  1.1951860394E-01  9.9268514669E-01 -1.7073454750E-02
           Stress_EigVec3 =  2.9239805412E-02  1.3669850836E-02  9.9947894873E-01
           -DivStress = -1.1928605978E+04 -4.5362739744E+04 -1.3598545363E+03
           ESP =  -4.0158439652E+00     ESP at Nucleus =  -4.0158382500E+00
           ESPe = -1.8470342401E+01     ESPe at Nucleus = -1.8470349027E+01
           ESPn =  1.4454498436E+01     ESPn at Nucleus =  1.4454510777E+01

CP# 9      Coords =  4.54888264701306E-04  5.56953636027563E+00 -1.30598530956688E+00
           Type = (3,-3) NACP H9
           Rho =  2.1212087752E-01     Rho at Nucleus =  2.0675989398E-01
           GradRho = -3.5443924271E-15 -2.9431860595E-14  3.7867177113E-14
           HessRho_EigVals = -4.1480401231E+00 -4.1351360618E+00 -3.1824552998E+00
           HessRho_EigVec1 =  1.2056390399E-01  7.9495359021E-01  5.9456970530E-01
           HessRho_EigVec2 =  9.8985929838E-01 -1.4159261822E-01 -1.1406133126E-02
           HessRho_EigVec3 = -7.5119334809E-02 -5.8991551927E-01  8.0396316188E-01
           DelSqRho = -1.1465631485E+01
           Bond Ellipticity = NA
           V = -2.9002560703E+00
           G =  1.6924099569E-02
           K =  2.8833319707E+00
           L =  2.8664078712E+00
           Vnuc =  3.4601265954E+01
           Ven = -7.3396508975E+00
           Vrep =  4.4393948272E+00
           DelSqV =  6.9043561327E+02
           DelSqVen =  3.9672536434E+02
           DelSqVrep =  2.9371024894E+02
           DelSqG =  5.2957823764E+01
           DelSqK = -7.4339343704E+02
           Stress_EigVals = -1.0514755128E+00 -1.0484006464E+00 -8.0037991110E-01
           Stress_EigVec1 =  9.8984241746E-01 -1.4163233251E-01 -1.2339813012E-02
           Stress_EigVec2 =  1.2147236832E-01  7.9745467109E-01  5.9102496673E-01
           Stress_EigVec3 = -7.3867803081E-02 -5.8652052816E-01  8.0655887430E-01
           -DivStress =  9.6284520862E-01  7.6503220699E+00 -1.0512711727E+01
           ESP =   7.6170254973E+00     ESP at Nucleus =   7.5128495427E+00
           ESPe = -8.6447791722E+00     ESPe at Nucleus = -8.5432505365E+00
           ESPn =  1.6261804670E+01     ESPn at Nucleus =  1.6056100079E+01

CP# 10     Coords =  7.11472171396681E-02  5.51798792901470E+00  1.52592122087360E+00
           Type = (3,-3) NACP H10
           Rho =  2.0288995384E-01     Rho at Nucleus =  1.9804169807E-01
           GradRho = -2.3097097694E-15 -1.1072810039E-14 -1.7368774808E-14
           HessRho_EigVals = -3.9936878000E+00 -3.9820758584E+00 -3.1154164160E+00
           HessRho_EigVec1 =  9.3457056940E-02  8.2576744344E-01 -5.5621390477E-01
           HessRho_EigVec2 =  9.8912671113E-01 -1.4072314465E-01 -4.2724066803E-02
           HessRho_EigVec3 =  1.1355231319E-01  5.4617316477E-01  8.2994020643E-01
           DelSqRho = -1.1091180074E+01
           Bond Ellipticity = NA
           V = -2.8027691000E+00
           G =  1.4987040666E-02
           K =  2.7877820593E+00
           L =  2.7727950186E+00
           Vnuc =  3.5160242613E+01
           Ven = -7.1336600007E+00
           Vrep =  4.3308909008E+00
           DelSqV =  6.7318362785E+02
           DelSqVen =  3.8996858228E+02
           DelSqVrep =  2.8321504557E+02
           DelSqG =  5.1677866500E+01
           DelSqK = -7.2486149435E+02
           Stress_EigVals = -1.0111591271E+00 -1.0084052565E+00 -7.8320471640E-01
           Stress_EigVec1 =  9.8924199712E-01 -1.4004044880E-01 -4.2295908000E-02
           Stress_EigVec2 =  9.3643464081E-02  8.2832440741E-01 -5.5236724896E-01
           Stress_EigVec3 =  1.1238849038E-01  5.4246414517E-01  8.3252716378E-01
           -DivStress =  1.3704671572E+00  6.6163890942E+00  1.0150677413E+01
           ESP =   7.5726849890E+00     ESP at Nucleus =   7.4763496250E+00
           ESPe = -8.5973019515E+00     ESPe at Nucleus = -8.5020373302E+00
           ESPn =  1.6169986941E+01     ESPn at Nucleus =  1.5978386955E+01

CP# 11     Coords =  4.53356900303223E+00 -6.12087022728271E-02  1.11549727268907E-01
           Type = (3,-3) NACP O11
           Rho =  1.4777138409E+02     Rho at Nucleus =  1.4777137288E+02
           GradRho = -7.2806368573E-11  5.3042436437E-13  1.7403613273E-12
           HessRho_EigVals = -4.1102825778E+05 -4.1102154520E+05 -4.1101007506E+05
           HessRho_EigVec1 =  4.1632414113E-02  9.9887863828E-01  2.2543471148E-02
           HessRho_EigVec2 =  9.9392718265E-01 -3.9104682895E-02 -1.0285708221E-01
           HessRho_EigVec3 =  1.0186018693E-01 -2.6688757407E-02  9.9444065310E-01
           DelSqRho = -1.2330598780E+06
           Bond Ellipticity = NA
           V = -3.0833491443E+05
           G =  3.4972459931E+01
           K =  3.0829994197E+05
           L =  3.0826496951E+05
           Vnuc =  1.0833705078E+06
           Ven = -1.6009115942E+08
           Vrep =  1.5978282450E+08
           DelSqV =  1.9611827427E+10
           DelSqVen =  1.3358607043E+12
           DelSqVrep = -1.3162488763E+12
           DelSqG =  8.5762109743E+08
           DelSqK = -2.0469448524E+10
           Stress_EigVals = -1.0278062337E+05 -1.0277780860E+05 -1.0277648245E+05
           Stress_EigVec1 =  1.0805447741E-01 -2.6927445355E-02  9.9378022852E-01
           Stress_EigVec2 =  9.9326630807E-01 -3.9094920025E-02 -1.0905791347E-01
           Stress_EigVec3 =  4.1788409562E-02  9.9887261446E-01  2.2521743081E-02
           -DivStress = -4.5893650885E+04  1.5218531299E+03  1.0690807864E+04
           ESP =  -4.0198772086E+00     ESP at Nucleus =  -4.0198713756E+00
           ESPe = -1.8465460930E+01     ESPe at Nucleus = -1.8465467673E+01
           ESPn =  1.4445583721E+01     ESPn at Nucleus =  1.4445596298E+01

CP# 12     Coords =  5.61240791867819E+00  1.33233610641221E+00 -1.11508433269240E-02
           Type = (3,-3) NACP H12
           Rho =  2.0355673666E-01     Rho at Nucleus =  1.9868495096E-01
           GradRho = -1.5976752392E-15  3.9693657974E-17  4.1199682554E-18
           HessRho_EigVals = -4.0065295359E+00 -3.9948041577E+00 -3.1237400119E+00
           HessRho_EigVec1 =  7.8942262984E-01 -6.0404786643E-01 -1.0926155111E-01
           HessRho_EigVec2 =  1.2660368439E-01 -1.3952255018E-02  9.9185525238E-01
           HessRho_EigVec3 =  6.0065249404E-01  7.9682589669E-01 -6.5460459589E-02
           DelSqRho = -1.1125073706E+01
           Bond Ellipticity = NA
           V = -2.8115717222E+00
           G =  1.5151647892E-02
           K =  2.7964200743E+00
           L =  2.7812684264E+00
           Vnuc =  3.5052256623E+01
           Ven = -7.1351229707E+00
           Vrep =  4.3235512486E+00
           DelSqV =  6.7511790448E+02
           DelSqVen =  3.8995893847E+02
           DelSqVrep =  2.8515896601E+02
           DelSqG =  5.1829628885E+01
           DelSqK = -7.2694753336E+02
           Stress_EigVals = -1.0145024244E+00 -1.0117288345E+00 -7.8534046326E-01
           Stress_EigVec1 =  1.2627097136E-01 -1.4529541200E-02  9.9188937600E-01
           Stress_EigVec2 =  7.9217879507E-01 -6.0035949342E-01 -1.0964139406E-01
           Stress_EigVec3 =  5.9708324246E-01  7.9959825606E-01 -6.4297981960E-02
           -DivStress =  7.3142912151E+00  9.7857376327E+00 -7.8700186045E-01
           ESP =   7.5287295394E+00     ESP at Nucleus =   7.4313392860E+00
           ESPe = -8.5513824883E+00     ESPe at Nucleus = -8.4551240492E+00
           ESPn =  1.6080112028E+01     ESPn at Nucleus =  1.5886463335E+01

CP# 13     Coords =  5.50049778827183E+00 -1.52832348809177E+00 -7.64092164188246E-02
           Type = (3,-3) NACP H13
           Rho =  2.0334486215E-01     Rho at Nucleus =  1.9847207725E-01
           GradRho = -2.5210119425E-14  4.1479784227E-14  5.0588111039E-15
           HessRho_EigVals = -4.0015193894E+00 -3.9897795075E+00 -3.1189321219E+00
           HessRho_EigVec1 =  8.3487137292E-01  5.4414371700E-01 -8.3050622710E-02
           HessRho_EigVec2 =  1.2553063395E-01 -4.1312116522E-02  9.9122922120E-01
           HessRho_EigVec3 = -5.3594015582E-01  8.3797429810E-01  1.0279700919E-01
           DelSqRho = -1.1110231019E+01
           Bond Ellipticity = NA
           V = -2.8077748841E+00
           G =  1.5108564680E-02
           K =  2.7926663194E+00
           L =  2.7775577547E+00
           Vnuc =  3.5168451362E+01
           Ven = -7.1513238943E+00
           Vrep =  4.3435490103E+00
           DelSqV =  6.7409478844E+02
           DelSqVen =  3.9072961921E+02
           DelSqVrep =  2.8336516923E+02
           DelSqG =  5.1746545599E+01
           DelSqK = -7.2584133404E+02
           Stress_EigVals = -1.0132094404E+00 -1.0104434580E+00 -7.8412198563E-01
           Stress_EigVec1 =  1.2513809581E-01 -4.0786576893E-02  9.9130061642E-01
           Stress_EigVec2 =  8.3735197313E-01  5.4025315694E-01 -8.3475742013E-02
           Stress_EigVec3 = -5.3214859773E-01  8.4051352253E-01  1.0175897195E-01
           -DivStress =  6.5130348875E+00 -1.0282847784E+01 -1.2451086483E+00
           ESP =   7.5922299937E+00     ESP at Nucleus =   7.4958991383E+00
           ESPe = -8.6188144766E+00     ESPe at Nucleus = -8.5236446113E+00
           ESPn =  1.6211044470E+01     ESPn at Nucleus =  1.6019543750E+01

CP# 14     Coords = -6.04513390949609E-02 -1.50554937154522E-02 -4.53497232116135E+00
           Type = (3,-3) NACP O14
           Rho =  1.4776877472E+02     Rho at Nucleus =  1.4776876369E+02
           GradRho =  5.8843424924E-13 -1.5373813333E-13 -1.0647992731E-10
           HessRho_EigVals = -4.1102106642E+05 -4.1101437494E+05 -4.1100282412E+05
           HessRho_EigVec1 =  9.9864384800E-01 -3.3509037596E-02 -3.9844814513E-02
           HessRho_EigVec2 =  3.7677006091E-02 -6.3009347810E-02  9.9730149168E-01
           HessRho_EigVec3 =  3.5929208955E-02  9.9745023259E-01  6.1661377344E-02
           DelSqRho = -1.2330382655E+06
           Bond Ellipticity = NA
           V = -3.0832952321E+05
           G =  3.4978421764E+01
           K =  3.0829454479E+05
           L =  3.0825956637E+05
           Vnuc =  1.0921425897E+06
           Ven = -1.6138457230E+08
           Vrep =  1.6107624278E+08
           DelSqV =  1.9611486309E+10
           DelSqVen =  1.3466536038E+12
           DelSqVrep = -1.3270421165E+12
           DelSqG =  8.5760620481E+08
           DelSqK = -2.0469092514E+10
           Stress_EigVals = -1.0277883801E+05 -1.0277600342E+05 -1.0277468178E+05
           Stress_EigVec1 =  3.6026708723E-02  9.9724423650E-01  6.4853751122E-02
           Stress_EigVec2 =  3.7779566493E-02 -6.6208576808E-02  9.9709033127E-01
           Stress_EigVec3 =  9.9863646069E-01 -3.3471736333E-02 -4.0060732054E-02
           -DivStress =  1.5013001873E+03 -5.9982233356E+03  4.6357023460E+04
           ESP =  -4.0206502837E+00     ESP at Nucleus =  -4.0206443409E+00
           ESPe = -1.8464745119E+01     ESPe at Nucleus = -1.8464751981E+01
           ESPn =  1.4444094836E+01     ESPn at Nucleus =  1.4444107640E+01

CP# 15     Coords =  1.33454438250859E+00  2.74962992133924E-02 -5.61810196048106E+00
           Type = (3,-3) NACP H15
           Rho =  2.0350979052E-01     Rho at Nucleus =  1.9863786483E-01
           GradRho = -1.7860197913E-16 -1.0625181290E-17  3.3430696362E-16
           HessRho_EigVals = -4.0059554866E+00 -3.9941567744E+00 -3.1231768222E+00
           HessRho_EigVec1 =  6.0247887139E-01 -7.7014542409E-02  7.9441045423E-01
           HessRho_EigVec2 =  2.9166975086E-02  9.9679329736E-01  7.4514494524E-02
           HessRho_EigVec3 =  7.9760171583E-01  2.1722858637E-02 -6.0279318205E-01
           DelSqRho = -1.1123289083E+01
           Bond Ellipticity = NA
           V = -2.8111220949E+00
           G =  1.5149912057E-02
           K =  2.7959721828E+00
           L =  2.7808222708E+00
           Vnuc =  3.5043439281E+01
           Ven = -7.1316829872E+00
           Vrep =  4.3205608923E+00
           DelSqV =  6.7500757295E+02
           DelSqVen =  3.8979830559E+02
           DelSqVrep =  2.8520926736E+02
           DelSqG =  5.1825047321E+01
           DelSqK = -7.2683262027E+02
           Stress_EigVals = -1.0143586918E+00 -1.0115713667E+00 -7.8519203635E-01
           Stress_EigVec1 =  2.9784278140E-02  9.9675624841E-01  7.4765486847E-02
           Stress_EigVec2 =  5.9877879241E-01 -7.7684597572E-02  7.9713804392E-01
           Stress_EigVec3 =  8.0036045288E-01  2.1025806712E-02 -5.9915028242E-01
           -DivStress =  9.7947808391E+00  2.5744253296E-01 -7.3387669769E+00
           ESP =   7.5253077700E+00     ESP at Nucleus =   7.4278964564E+00
           ESPe = -8.5477508673E+00     ESPe at Nucleus = -8.4514689105E+00
           ESPn =  1.6073058637E+01     ESPn at Nucleus =  1.5879365367E+01

CP# 16     Coords = -1.52646707409000E+00  1.23693182433351E-01 -5.51133444872288E+00
           Type = (3,-3) NACP H16
           Rho =  2.0337884955E-01     Rho at Nucleus =  1.9850291233E-01
           GradRho =  4.0300872177E-14 -3.6615675769E-15  2.6489254583E-14
           HessRho_EigVals = -4.0024350868E+00 -3.9906177277E+00 -3.1193088335E+00
           HessRho_EigVec1 = -5.4489618072E-01 -3.8640840643E-02  8.3761270147E-01
           HessRho_EigVec2 =  4.3358445218E-02  9.9630276221E-01  7.4167723769E-02
           HessRho_EigVec3 =  8.3738175133E-01 -7.6731293845E-02  5.4120616320E-01
           DelSqRho = -1.1112361648E+01
           Bond Ellipticity = NA
           V = -2.8083333476E+00
           G =  1.5121467767E-02
