AIMSum (Version 16.05.18, Professional)
Copyright (c) 1997-2016 by Todd A. Keith
AIMSum is a component of the AIMAll package ( http://aim.tkgristmill.com )

TP:  64-bit Linux

Licensed To:  Research Group of Fernando Cortes Guzman, UNAM, fercor@unam.mx

Much of the Quantum Theory of Atoms in Molecules (QTAIM) is described in the book:
  "Atoms in Molecules - A Quantum Theory"
  R.F.W. Bader, Oxford University Press, Oxford, 1990

For additional references see:  http://aim.tkgristmill.com/references.html

Wfx File:  /home/lillian/David/max_int/acercamiento/Ni23_28.wfx
Sum File:  /home/lillian/David/max_int/acercamiento/Ni23_28.sum

SumViz File:  /home/lillian/David/max_int/acercamiento/Ni23_28.sumviz

Wfx Title:   Ni23_28                                                                       
 
Total memory allocated for AIMSum =        1.194 Megabytes

Atomic units (a.u.) used throughout, except where stated otherwise

Model:  Unrestricted SCF
 
Unrestricted, single-determinant wavefunction.
  Number of electrons (from MO Occs)                   =          86.0000000000
  Number of Alpha electrons (from MO Occs)             =          44.0000000000
  Number of Beta electrons (from MO Occs)              =          42.0000000000
  Number of electron pairs (N*(N-1)/2)                 =        3655.0000000000
  Number of electron pairs (from Muller 2EDM)          =        3655.0000000000
 
Nuclear Charges and Cartesian Coordinates:
-------------------------------------------------------------------------------
Atom      Charge                X                  Y                  Z
-------------------------------------------------------------------------------
Ni1       28.0           0.0000000000E+00   0.0000000000E+00   0.0000000000E+00
O2         8.0          -5.1624086180E+00   5.2084815962E-01  -1.0370163035E+00
H3         1.0          -6.4313414763E+00  -6.9237878613E-01  -5.4882856397E-01
H4         1.0          -5.8170216961E+00   2.1652844503E+00  -6.0100592167E-01
O5         8.0           6.2471026062E-01   1.0175221096E+00   5.1547584211E+00
H6         1.0          -5.4854724348E-01   5.2330810029E-01   6.4584304549E+00
H7         1.0           2.2889790966E+00   5.7204210746E-01   5.7503556850E+00
O8         8.0          -9.9672000120E-01   5.1579439612E+00   6.3191116689E-01
H9         1.0          -5.1040275970E-01   6.4602835931E+00  -5.4590471636E-01
H10        1.0          -5.4311213786E-01   5.7557520250E+00   2.2930699071E+00
O11        8.0           5.1624086180E+00  -5.2084815962E-01   1.0370163035E+00
H12        1.0           6.4313414763E+00   6.9237878613E-01   5.4882856397E-01
H13        1.0           5.8170216961E+00  -2.1652844503E+00   6.0100592167E-01
O14        8.0          -6.2471026062E-01  -1.0175221096E+00  -5.1547584211E+00
H15        1.0           5.4854724348E-01  -5.2330810029E-01  -6.4584304549E+00
H16        1.0          -2.2889790966E+00  -5.7204210746E-01  -5.7503556850E+00
O17        8.0           9.9672000120E-01  -5.1579439612E+00  -6.3191116689E-01
H18        1.0           5.1040275970E-01  -6.4602835931E+00   5.4590471636E-01
H19        1.0           5.4311213786E-01  -5.7557520250E+00  -2.2930699071E+00
 
Some Atomic Properties:
----------------------
  q(A) = Net Charge of Atom A
  L(A) = Lagrangian of Atom A = -(1/4) Times Atomic Integral of the Laplacian of the Electron Density
  K(A) = Electronic Kinetic Energy of Atom A (Hamiltonian Form)
  K_Scaled(A) = K(A) * E(Mol)/K(Mol) = Approximation to Virial-Based Total Energy of Atom A.
  |Mu_Intra(A)| = Magnitude of Intraatomic Dipole Moment of Atom A
--------------------------------------------------------------------------------------------------
Atom A          q(A)              L(A)              K(A)          K_Scaled(A)      |Mu_Intra(A)|
--------------------------------------------------------------------------------------------------
Ni1       1.6264716740E+00 -6.8035876279E-05  1.5057308689E+03 -1.5086069268E+03  1.2345050592E-05
O2       -1.2208513930E+00  1.8620552523E-06  7.5450115519E+01 -7.5594230849E+01  2.3167044228E-01
H3        6.4102213137E-01  1.1418596171E-05  3.3260003581E-01 -3.3323532661E-01  1.3427714284E-01
H4        6.4203871097E-01  1.3543879167E-05  3.3144214085E-01 -3.3207521998E-01  1.3427790887E-01
O5       -1.2207970947E+00  1.4400586286E-06  7.5450301682E+01 -7.5594417367E+01  2.3272012251E-01
H6        6.4109527583E-01  1.0973019420E-05  3.3253824864E-01 -3.3317342142E-01  1.3428730242E-01
H7        6.4193489303E-01  1.6483914560E-05  3.3142415623E-01 -3.3205720101E-01  1.3434594280E-01
O8       -1.2207273248E+00 -5.6015724077E-05  7.5450048273E+01 -7.5594163475E+01  2.3156888060E-01
H9        6.4104780707E-01  1.1674065371E-05  3.3259539430E-01 -3.3323067623E-01  1.3430409187E-01
H10       6.4201514180E-01  1.7164688142E-05  3.3140429801E-01 -3.3203730485E-01  1.3431917634E-01
O11      -1.2208537774E+00  1.2109396294E-06  7.5450117106E+01 -7.5594232439E+01  2.3167136667E-01
H12       6.4102132666E-01  1.0955694213E-05  3.3260030147E-01 -3.3323559277E-01  1.3427733942E-01
H13       6.4204017225E-01  1.5441334208E-05  3.3144240628E-01 -3.3207548592E-01  1.3427755830E-01
O14      -1.2207981368E+00  1.1934374186E-06  7.5450302374E+01 -7.5594418061E+01  2.3271690283E-01
H15       6.4109556936E-01  1.1275607304E-05  3.3253829006E-01 -3.3317346292E-01  1.3428723968E-01
H16       6.4193089061E-01  1.5029600117E-05  3.3142655657E-01 -3.3205960593E-01  1.3434485259E-01
O17      -1.2207217392E+00 -4.8117581532E-05  7.5450050693E+01 -7.5594165899E+01  2.3155933834E-01
H18       6.4104617208E-01  1.0280871880E-05  3.3259554732E-01 -3.3323082954E-01  1.3430439951E-01
H19       6.4201095395E-01  1.5178669147E-05  3.3140631976E-01 -3.3203933047E-01  1.3431855437E-01
--------------------------------------------------------------------------------------------------
Total     2.0000212531E+00 -7.0427512591E-06  1.9624158182E+03 -1.9661641783E+03
 
Molecular charge q(Mol) from the wfx file:   2.0000000000E+00
Molecular energy E(Mol) from the wfx file:  -1.9661641812E+03
Molecular virial ratio (-V(Mol)/T(Mol)) from the wfx file:   2.0019100743E+00
Full molecular virial ratio ((-V(Mol)+W(Mol))/T(Mol)) from the wfx file:   2.0014804416E+00
Note.  K_Scaled(A) = (1+V(Mol)/T(Mol))*K(A) = (E(Mol)/T(Mol))*K(A)
       Only use K_Scaled(A) data with caution.
 
N_AIMInt(SumA)     =         85.999979
N_Analytic(Mol)    =         86.000000
 
G_AIMInt(SumA)     =       1962.415825
G_Analytic(Mol)    =       1962.415821
 
K_AIMInt(SumA)     =       1962.415818
K_Analytic(Mol)    =       1962.415821
 
L_AIMInt(SumA)     =         -0.000007
L_Analytic(Mol)    =          0.000000
 
VenT_AIMInt(SumA)  =      -5750.225515
VenT_Analytic(Mol) =      -5750.225900
 
Some Information About the Atomic Calculations:
----------------------------------------------
  Time(sec) = "Elapsed User Time", in Seconds, for Atom A by AIMInt and, if used, by TWOe
  NProc = Number of Processors Used for AIMInt Job
  BIM = Basin Integration Method
  OAQ = Angular Quadrature Outside of Beta Sphere
  ORQ = Multiple of Default for Radial Quadrature Outside of Beta Sphere
  IAQ = Multiple of Default for Angular Quadrature Inside of Beta Sphere
  IRQ = Multiple of Default for Radial Quadrature Inside of Beta Sphere
  MIR = Maximum Integration Radius
------------------------------------------------------------------------------------------------------
Atom A     Time(sec)   NProc      BIM              OAQ                 ORQ      IAQ      IRQ      MIR
------------------------------------------------------------------------------------------------------
Ni1          1393        8     Proaim(5)    4334      (Very High)      Auto     Auto     Auto    13.00
O2            922        8     Proaim(5)    4334      (Very High)      Auto     Auto     Auto    13.00
H3            278        8     Proaim(5)    2030      (Very High)      Auto     Auto     Auto    13.00
H4            228        8     Proaim(5)    2030      (Very High)      Auto     Auto     Auto    13.00
O5            897        8     Proaim(5)    4334      (Very High)      Auto     Auto     Auto    13.00
H6            186        8     Proaim(5)    2030      (Very High)      Auto     Auto     Auto    13.00
H7            242        8     Proaim(5)    2030      (Very High)      Auto     Auto     Auto    13.00
O8            980        8     Proaim(5)    4334      (Very High)      Auto     Auto     Auto    13.00
H9            314        8     Proaim(5)    2030      (Very High)      Auto     Auto     Auto    13.00
H10           215        8     Proaim(5)    2030      (Very High)      Auto     Auto     Auto    13.00
O11           793        8     Proaim(5)    4334      (Very High)      Auto     Auto     Auto    13.00
H12           352        8     Proaim(5)    2030      (Very High)      Auto     Auto     Auto    13.00
H13           262        8     Proaim(5)    2030      (Very High)      Auto     Auto     Auto    13.00
O14           942        8     Proaim(5)    4334      (Very High)      Auto     Auto     Auto    13.00
H15           205        8     Proaim(5)    2030      (Very High)      Auto     Auto     Auto    13.00
H16           316        8     Proaim(5)    2030      (Very High)      Auto     Auto     Auto    13.00
O17           748        8     Proaim(5)    4334      (Very High)      Auto     Auto     Auto    13.00
H18           252        8     Proaim(5)    2030      (Very High)      Auto     Auto     Auto    13.00
H19           209        8     Proaim(5)    2030      (Very High)      Auto     Auto     Auto    13.00
------------------------------------------------------------------------------------------------------
Total        9734
Note:  Total wall clock time is less than total of atomic times if more than one atom
       was calculated at a time
Note:  Total time does not include times for diatomic interaction energy calculations (5301 seconds)
 
Electron Density Critical Point Analysis of Molecular Structure:               
---------------------------------------------------------------                
  NACP = Nuclear Attractor Critical Point                                      
  NNACP = Non-Nuclear Attractor Critical Point                                 
  BCP = Bond Critical Point                                                    
  RCP = Ring Critical Point                                                    
  CCP = Cage Critical Point                                                    
  Rho = Electron Density                                                       
  GradRho = Gradient of Electron Density                                       
  HessRho_EigVals = Eigenvalues of the Hessian of Rho, Ascending Order         
  HessRho_EigVecs = Eigenvectors of the Hessian of Rho                         
  DelSqRho = Laplacian of Rho = Trace of Hessian of Rho                        
  Bond Ellipticity = (HessRho_EigVal(1) / HessRho_EigVal(2)) - 1               
  V = Virial Field = Potential Energy Density = Trace of Stress Tensor         
  G = Lagrangian Form of Kinetic Energy Density                                
  K = Hamiltonian Form of Kinetic Energy Density                               
  L = K - G = Lagrangian Density = (-1/4)DelSqRho                              
  Vnuc = Electrostatic Potential from Nuclei                                   
  Ven = Electron-nuclear attractive contribution to Virial Field V             
  Vrep = V - Ven = Repulsive contribution to Virial Field V                    
  DelSqV = Laplacian of V                                                      
  DelSqVen = Laplacian of Ven                                                  
  DelSqVrep = Laplacian of Vrep                                                
  DelSqG = Laplacian of G                                                      
  DelSqK = Laplacian of K                                                      
  Stress_EigVals = Eigenvalues of Stress Tensor, Ascending Order               
  Stress_EigVecs = Eigenvectors of Stress Tensor                               
  -DivStress = Ehrenfest Force Density = Minus Divergence of Stress Tensor     
  ESP = Total Electrostatic Potential                                          
  ESPe = Electrostatic Potential from Electrons                                
  ESPn = Electrostatic Potential from Nuclei                                   
  BP = Bond Path                                                               
  BPL = Bond Path Length                                                       
  GBL = Geometric Bond Length                                                  
  GBL_I = Distance Between Nuclear Attractors                                  
  GBL_II = Distance Between Nuclei                                             
  GBL_III = Sum of Distances Between BCP and Nuclear Attractors                
  GBL_IV = Sum of Distances Between BCP and Nuclei                             

CP# 1      Coords =  3.88268929706424E-25 -3.96875887776042E-25 -1.65703163339065E-25
           Type = (3,-3) NACP Ni1
           Rho =  1.4571024126E+04     Rho at Nucleus =  1.4571024126E+04
           GradRho = -5.7273313321E-19 -4.9072805250E-18 -9.4945075563E-18
           HessRho_EigVals = -8.4451775355E+08 -8.4451762817E+08 -8.4451762247E+08
           HessRho_EigVec1 = -5.7010828785E-01 -5.7085907387E-01  5.9084385239E-01
           HessRho_EigVec2 =  7.1052044019E-01 -7.0365321519E-01  5.7320878879E-03
           HessRho_EigVec3 =  4.1247696202E-01  4.2307454489E-01  8.0676557020E-01
           DelSqRho = -2.5335530042E+09
           Bond Ellipticity = NA
           V = -6.3392707714E+08
           G =  2.6941304843E+05
           K =  6.3365766410E+08
           L =  6.3338825105E+08
           Vnuc =  2.8000000110E+09
           Ven = -4.0798867711E+13
           Vrep =  4.0798233784E+13
           DelSqV =  1.3170905499E+15
           DelSqVen =  1.2239660266E+30
           DelSqVrep = -1.2239660266E+30
           DelSqG =  3.6767263228E+13
           DelSqK = -1.3538578131E+15
           Stress_EigVals = -2.1130902811E+08 -2.1130902781E+08 -2.1130902122E+08
           Stress_EigVec1 = -2.7956196490E-01 -5.4327001075E-01 -7.9164562981E-01
           Stress_EigVec2 =  7.6689210680E-01 -6.2244371092E-01  1.5633401186E-01
           Stress_EigVec3 =  5.7768642385E-01  5.6340174135E-01 -5.9064106997E-01
           -DivStress = -1.6073008708E-10  1.6475854336E-10  6.8573740387E-11
           ESP =  -1.2810595758E+02     ESP at Nucleus =  -1.2810595758E+02
           ESPe = -1.3906480764E+02     ESPe at Nucleus = -1.3906480764E+02
           ESPn =  1.0958850064E+01     ESPn at Nucleus =  1.0958850064E+01

CP# 2      Coords = -5.16241491560898E+00  5.20849617233916E-01 -1.03701106522846E+00
           Type = (3,-3) NACP O2
           Rho =  2.9564023360E+02     Rho at Nucleus =  2.9564020514E+02
           GradRho = -3.3474116881E-10 -4.1281641733E-11  4.5550011679E-11
           HessRho_EigVals = -8.2232476819E+05 -8.2231146570E+05 -8.2229139437E+05
           HessRho_EigVec1 =  2.2132567502E-01  9.7498867384E-01 -2.0298557951E-02
           HessRho_EigVec2 =  9.4638805163E-01 -2.1976236027E-01 -2.3675759913E-01
           HessRho_EigVec3 =  2.3529683660E-01 -3.3190222734E-02  9.7135668413E-01
           DelSqRho = -2.4669276283E+06
           Bond Ellipticity = NA
           V = -6.1687000953E+05
           G =  6.9051233269E+01
           K =  6.1680095830E+05
           L =  6.1673190707E+05
           Vnuc =  9.6153494012E+05
           Ven = -2.8426841432E+08
           Vrep =  2.8365154431E+08
           DelSqV =  3.9236362446E+10
           DelSqVen =  2.3720371095E+12
           DelSqVrep = -2.3328007471E+12
           DelSqG =  1.7157957679E+09
           DelSqK = -4.0952158213E+10
           Stress_EigVals = -2.0562749009E+05 -2.0562255719E+05 -2.0561996225E+05
           Stress_EigVec1 =  2.5834263144E-01 -3.8439188157E-02  9.6528830595E-01
           Stress_EigVec2 =  9.3999661146E-01 -2.2050371825E-01 -2.6035452881E-01
           Stress_EigVec3 =  2.2285747737E-01  9.7462841075E-01 -2.0832804200E-02
           -DivStress =  8.0443227937E+04 -1.8618939838E+04 -6.6903695251E+04
           ESP =  -2.2043720934E+01     ESP at Nucleus =  -2.2043721217E+01
           ESPe = -3.4768071689E+01     ESPe at Nucleus = -3.4768077981E+01
           ESPn =  1.2724350755E+01     ESPn at Nucleus =  1.2724356764E+01

CP# 3      Coords = -6.39534112004716E+00 -6.57083515705751E-01 -5.62076458145689E-01
           Type = (3,-3) NACP H3
           Rho =  4.0808176354E-01     Rho at Nucleus =  3.9851471690E-01
           GradRho =  1.2335645743E-15 -1.4062102177E-16 -6.5377391001E-17
           HessRho_EigVals = -8.0291697431E+00 -8.0082613725E+00 -6.2895429831E+00
           HessRho_EigVec1 = -6.2658220746E-01  7.3787102846E-01  2.5088061432E-01
           HessRho_EigVec2 =  3.5893915016E-01 -1.2517401256E-02  9.3327702272E-01
           HessRho_EigVec3 =  6.9177844992E-01  6.7482565157E-01 -2.5700761898E-01
           DelSqRho = -2.2326974099E+01
           Bond Ellipticity = NA
           V = -5.6420527859E+00
           G =  3.0154630610E-02
           K =  5.6118981553E+00
           L =  5.5817435247E+00
           Vnuc =  3.4010024574E+01
           Ven = -1.3878870806E+01
           Vrep =  8.2368180201E+00
           DelSqV =  1.3575951297E+03
           DelSqVen =  7.5934093775E+02
           DelSqVrep =  5.9825419194E+02
           DelSqG =  1.0407838558E+02
           DelSqK = -1.4616735153E+03
           Stress_EigVals = -2.0327866670E+00 -2.0278101151E+00 -1.5814560037E+00
           Stress_EigVec1 =  3.5497660863E-01 -1.1180366571E-02  9.3480832620E-01
           Stress_EigVec2 = -6.3123517584E-01  7.3470823957E-01  2.4848733467E-01
           Stress_EigVec3 =  6.8958955917E-01  6.7829108951E-01 -2.5374679856E-01
           -DivStress = -1.6778960016E+01 -1.6461022431E+01  6.1605288790E+00
           ESP =  -6.9001680273E-01     ESP at Nucleus =  -6.9363150467E-01
           ESPe = -1.5516352270E+01     ESPe at Nucleus = -1.5340062328E+01
           ESPn =  1.4826335467E+01     ESPn at Nucleus =  1.4646430823E+01

CP# 4      Coords = -5.79890620004072E+00  2.11770685243976E+00 -6.12837057306680E-01
           Type = (3,-3) NACP H4
           Rho =  4.0758776294E-01     Rho at Nucleus =  3.9799361304E-01
           GradRho =  1.0426907818E-15  1.0468751246E-15  2.8822159503E-16
           HessRho_EigVals = -8.0123674246E+00 -7.9912950459E+00 -6.2698477687E+00
           HessRho_EigVec1 =  8.7291104267E-01  4.0439981452E-01 -2.7292325223E-01
           HessRho_EigVec2 =  3.4053750963E-01 -1.0444152723E-01  9.3441220664E-01
           HessRho_EigVec3 = -3.4937160177E-01  9.0859933822E-01  2.2888146816E-01
           DelSqRho = -2.2273510239E+01
           Bond Ellipticity = NA
           V = -5.6285035541E+00
           G =  3.0062997125E-02
           K =  5.5984405569E+00
           L =  5.5683775598E+00
           Vnuc =  3.4475655567E+01
           Ven = -1.4051855328E+01
           Vrep =  8.4233517742E+00
           DelSqV =  1.3534966074E+03
           DelSqVen =  7.6789386727E+02
           DelSqVrep =  5.8560274012E+02
           DelSqG =  1.0371822520E+02
           DelSqK = -1.4572148326E+03
           Stress_EigVals = -2.0285046596E+00 -2.0234998767E+00 -1.5764990177E+00
           Stress_EigVec1 =  3.3906730658E-01 -1.0284601216E-01  9.3512355301E-01
           Stress_EigVec2 =  8.7486880655E-01  3.9993454835E-01 -2.7323420055E-01
           Stress_EigVec3 = -3.4588716792E-01  9.1075521125E-01  2.2558149803E-01
           -DivStress = -8.4188424352E+00  2.2128553026E+01  5.4857354852E+00
           ESP =  -6.9148908324E-01     ESP at Nucleus =  -6.9511078833E-01
           ESPe = -1.6034387727E+01     ESPe at Nucleus = -1.5868900511E+01
           ESPn =  1.5342898644E+01     ESPn at Nucleus =  1.5173789723E+01

CP# 5      Coords =  6.24711909242880E-01  1.01751681092775E+00  5.15476463067099E+00
           Type = (3,-3) NACP O5
           Rho =  2.9564180711E+02     Rho at Nucleus =  2.9564177859E+02
           GradRho =  2.9047101530E-11 -1.6135426328E-12 -3.4083821876E-10
           HessRho_EigVals = -8.2232910861E+05 -8.2231578377E+05 -8.2229578323E+05
           HessRho_EigVec1 =  9.6705566338E-01  1.9343742847E-02 -2.5382900453E-01
           HessRho_EigVec2 =  2.5078782817E-01 -2.4352332191E-01  9.3691080521E-01
           HessRho_EigVec3 =  4.3689920694E-02  9.6970212504E-01  2.4035178287E-01
           DelSqRho = -2.4669406756E+06
           Bond Ellipticity = NA
           V = -6.1687326282E+05
           G =  6.9046959174E+01
           K =  6.1680421586E+05
           L =  6.1673516890E+05
           Vnuc =  9.6065018168E+05
           Ven = -2.8400835571E+08
           Vrep =  2.8339148245E+08
           DelSqV =  3.9236568411E+10
           DelSqVen =  2.3698670085E+12
           DelSqVrep = -2.3306304401E+12
           DelSqG =  1.7158047606E+09
           DelSqK = -4.0952373172E+10
           Stress_EigVals = -2.0562856431E+05 -2.0562364876E+05 -2.0562104975E+05
           Stress_EigVec1 =  4.9755502844E-02  9.6341683899E-01  2.6334840855E-01
           Stress_EigVec2 =  2.5120564089E-01 -2.6727008592E-01  9.3030233105E-01
           Stress_EigVec3 =  9.6665408286E-01  1.9866945471E-02 -2.5531390201E-01
           -DivStress = -2.1059039285E+04  6.7675013161E+04 -7.9318485010E+04
           ESP =  -2.2044447118E+01     ESP at Nucleus =  -2.2044447402E+01
           ESPe = -3.4781805786E+01     ESPe at Nucleus = -3.4781811991E+01
           ESPn =  1.2737358668E+01     ESPn at Nucleus =  1.2737364589E+01

CP# 6      Coords = -5.14386305730179E-01  5.36719662071686E-01  6.42140663334291E+00
           Type = (3,-3) NACP H6
           Rho =  4.0807190985E-01     Rho at Nucleus =  3.9850402857E-01
           GradRho = -2.0624235826E-16  3.3089850304E-16 -6.9426886115E-16
           HessRho_EigVals = -8.0291234091E+00 -8.0082307980E+00 -6.2892597173E+00
           HessRho_EigVec1 =  7.5687925196E-01 -2.5719465356E-01  6.0082002974E-01
           HessRho_EigVec2 =  2.6606059052E-02  9.3067450896E-01  3.6487953628E-01
           HessRho_EigVec3 = -6.5301295207E-01 -2.6018429728E-01  7.1125116230E-01
           DelSqRho = -2.2326613924E+01
           Bond Ellipticity = NA
           V = -5.6419541458E+00
           G =  3.0150332339E-02
           K =  5.6118038134E+00
           L =  5.5816534811E+00
           Vnuc =  3.3997263550E+01
           Ven = -1.3873328266E+01
           Vrep =  8.2313741206E+00
           DelSqV =  1.3575631987E+03
           DelSqVen =  7.5904377776E+02
           DelSqVrep =  5.9851942092E+02
           DelSqG =  1.0407773041E+02
           DelSqK = -1.4616409291E+03
           Stress_EigVals = -2.0327699124E+00 -2.0277988781E+00 -1.5813853553E+00
           Stress_EigVec1 =  2.5090597994E-02  9.3226493978E-01  3.6090517307E-01
           Stress_EigVec2 =  7.5386513796E-01 -2.5474636345E-01  6.0563325873E-01
           Stress_EigVec3 = -6.5654993387E-01 -2.5687812746E-01  7.0919377603E-01
           -DivStress = -1.5932331173E+01 -6.2365439952E+00  1.7256112860E+01
           ESP =  -6.9070297868E-01     ESP at Nucleus =  -6.9431796389E-01
           ESPe = -1.5505387692E+01     ESPe at Nucleus = -1.5328654998E+01
           ESPn =  1.4814684713E+01     ESPn at Nucleus =  1.4634337034E+01

CP# 7      Coords =  2.24084348016414E+00  5.84142394635003E-01  5.73396057178421E+00
           Type = (3,-3) NACP H7
           Rho =  4.0755667647E-01     Rho at Nucleus =  3.9796249467E-01
           GradRho = -1.1481701007E-15 -3.3165744456E-16  1.7934330236E-15
           HessRho_EigVals = -8.0111935116E+00 -7.9901074092E+00 -6.2686261744E+00
           HessRho_EigVec1 = -3.7528314190E-01 -2.7795314484E-01  8.8425370380E-01
           HessRho_EigVec2 =  1.1894207600E-01  9.3165223910E-01  3.4333203744E-01
           HessRho_EigVec3 =  9.1924716261E-01 -2.3402169697E-01  3.1657305537E-01
           DelSqRho = -2.2269927095E+01
           Bond Ellipticity = NA
           V = -5.6276061741E+00
           G =  3.0062200175E-02
           K =  5.5975439739E+00
           L =  5.5674817738E+00
           Vnuc =  3.4535430462E+01
           Ven = -1.4075145259E+01
           Vrep =  8.4475390853E+00
           DelSqV =  1.3532474602E+03
           DelSqVen =  7.6910151858E+02
           DelSqVrep =  5.8414594159E+02
           DelSqG =  1.0369422529E+02
           DelSqK = -1.4569416855E+03
           Stress_EigVals = -2.0281974977E+00 -2.0232041684E+00 -1.5762045080E+00
           Stress_EigVec1 =  1.1702531001E-01  9.3217741532E-01  3.4256436355E-01
           Stress_EigVec2 = -3.7081616288E-01 -2.7897461716E-01  8.8581518181E-01
           Stress_EigVec3 =  9.2130366881E-01 -2.3069119910E-01  3.1301936122E-01
           -DivStress =  2.2384316932E+01 -5.6097871012E+00  7.6175995062E+00
           ESP =  -6.9226062635E-01     ESP at Nucleus =  -6.9587974742E-01
           ESPe = -1.6096612992E+01     ESPe at Nucleus = -1.5932229342E+01
           ESPn =  1.5404352366E+01     ESPn at Nucleus =  1.5236349595E+01

CP# 8      Coords = -9.96714696990139E-01  5.15795015732931E+00  6.31912773270309E-01
           Type = (3,-3) NACP O8
           Rho =  2.9564024939E+02     Rho at Nucleus =  2.9564022097E+02
           GradRho = -1.1756762230E-11 -1.9916193694E-10 -1.3094733631E-12
           HessRho_EigVals = -8.2232454464E+05 -8.2231126523E+05 -8.2229113584E+05
           HessRho_EigVec1 = -1.3977982304E-02 -2.5286166747E-01  9.6740146430E-01
           HessRho_EigVec2 =  2.4389698391E-01  9.3741069478E-01  2.4854667682E-01
           HessRho_EigVec3 =  9.6970040592E-01 -2.3942048043E-01 -4.8569087938E-02
           DelSqRho = -2.4669269457E+06
           Bond Ellipticity = NA
           V = -6.1686983800E+05
           G =  6.9050785138E+01
           K =  6.1680078721E+05
           L =  6.1673173643E+05
           Vnuc =  9.6235128950E+05
           Ven = -2.8450977523E+08
           Vrep =  2.8389290539E+08
           DelSqV =  3.9236350807E+10
           DelSqVen =  2.3740503255E+12
           DelSqVrep = -2.3348139742E+12
           DelSqG =  1.7157947186E+09
           DelSqK = -4.0952145525E+10
           Stress_EigVals = -2.0562743879E+05 -2.0562249421E+05 -2.0561990499E+05
           Stress_EigVec1 =  9.6345112639E-01 -2.6227396920E-01 -5.4537071275E-02
           Stress_EigVec2 =  2.6748986383E-01  9.3084366295E-01  2.4895631723E-01
           Stress_EigVec3 = -1.4529274284E-02 -2.5444535803E-01  9.6697800387E-01
           -DivStress = -6.7745604801E+04 -7.9146958997E+04 -2.0519448620E+04
           ESP =  -2.2044783227E+01     ESP at Nucleus =  -2.2044783510E+01
           ESPe = -3.4762872401E+01     ESPe at Nucleus = -3.4762878533E+01
           ESPn =  1.2718089174E+01     ESPn at Nucleus =  1.2718095023E+01

CP# 9      Coords = -5.23585055510556E-01  6.42329007067627E+00 -5.11615223090048E-01
           Type = (3,-3) NACP H9
           Rho =  4.0813203162E-01     Rho at Nucleus =  3.9856116383E-01
           GradRho =  1.2045486136E-16  2.4936649967E-16 -2.7978514687E-16
           HessRho_EigVals = -8.0303298739E+00 -8.0093620321E+00 -6.2900349691E+00
           HessRho_EigVec1 =  2.6051455516E-01  6.0224973496E-01  7.5460415006E-01
           HessRho_EigVec2 =  9.3096846536E-01 -3.6377494920E-01 -3.1072541645E-02
           HessRho_EigVec3 =  2.5579265638E-01  7.1060751690E-01 -6.5544418059E-01
           DelSqRho = -2.2329726875E+01
           Bond Ellipticity = NA
           V = -5.6427569841E+00
           G =  3.0162632667E-02
           K =  5.6125943514E+00
           L =  5.5824317188E+00
           Vnuc =  3.3985853004E+01
           Ven = -1.3870715233E+01
           Vrep =  8.2279582489E+00
           DelSqV =  1.3577289007E+03
           DelSqVen =  7.5889481521E+02
           DelSqVrep =  5.9883408548E+02
           DelSqG =  1.0409201097E+02
           DelSqK = -1.4618209117E+03
           Stress_EigVals = -2.0330832600E+00 -2.0280937645E+00 -1.5815799597E+00
           Stress_EigVec1 =  9.3256933645E-01 -3.5977778196E-01 -2.9569922538E-02
           Stress_EigVec2 =  2.5803002039E-01  6.0705853354E-01  7.5159859329E-01
           Stress_EigVec3 =  2.5245780100E-01  7.0854772914E-01 -6.5895764222E-01
           -DivStress =  6.1303244532E+00  1.7244216754E+01 -1.5994249621E+01
           ESP =  -6.9097920589E-01     ESP at Nucleus =  -6.9459654551E-01
           ESPe = -1.5495876486E+01     ESPe at Nucleus = -1.5319306653E+01
           ESPn =  1.4804897280E+01     ESPn at Nucleus =  1.4624710107E+01

CP# 10     Coords = -5.55448983453663E-01  5.73928455921830E+00  2.24500961422665E+00
           Type = (3,-3) NACP H10
           Rho =  4.0758403746E-01     Rho at Nucleus =  3.9798625013E-01
           GradRho =  1.3259792569E-16 -3.5107550547E-15  9.7185172236E-16
           HessRho_EigVals = -8.0117119945E+00 -7.9905588419E+00 -6.2686321541E+00
           HessRho_EigVec1 = -2.7503017986E-01 -8.8411195389E-01  3.7776242952E-01
           HessRho_EigVec2 =  9.3138261161E-01 -3.4247649236E-01 -1.2343533924E-01
           HessRho_EigVec3 =  2.3850541076E-01  3.1789291462E-01  9.1763787186E-01
           DelSqRho = -2.2270902990E+01
           Bond Ellipticity = NA
           V = -5.6278607960E+00
           G =  3.0067524214E-02
           K =  5.5977932718E+00
           L =  5.5677257476E+00
           Vnuc =  3.4514043000E+01
           Ven = -1.4067372995E+01
           Vrep =  8.4395121992E+00
           DelSqV =  1.3532608328E+03
           DelSqVen =  7.6865890347E+02
           DelSqVrep =  5.8460192932E+02
           DelSqG =  1.0369695392E+02
           DelSqK = -1.4569577867E+03
           Stress_EigVals = -2.0283358578E+00 -2.0233232208E+00 -1.5762017175E+00
           Stress_EigVec1 =  9.3195300457E-01 -3.4159567298E-01 -1.2155654436E-01
           Stress_EigVec2 =  2.7596061970E-01  8.8572018377E-01 -3.7329009154E-01
           Stress_EigVec3 =  2.3517936484E-01  3.1434400308E-01  9.1971654007E-01
           -DivStress =  5.7198471567E+00  7.6514733491E+00  2.2350211128E+01
           ESP =  -6.9256680565E-01     ESP at Nucleus =  -6.9618837996E-01
           ESPe = -1.6078726202E+01     ESPe at Nucleus = -1.5914341344E+01
           ESPn =  1.5386159396E+01     ESPn at Nucleus =  1.5218152964E+01

CP# 11     Coords =  5.16241491560898E+00 -5.20849617233916E-01  1.03701106522846E+00
           Type = (3,-3) NACP O11
           Rho =  2.9564023360E+02     Rho at Nucleus =  2.9564020514E+02
           GradRho =  3.3474026329E-10  4.1281531795E-11 -4.5550237193E-11
           HessRho_EigVals = -8.2232476819E+05 -8.2231146570E+05 -8.2229139437E+05
           HessRho_EigVec1 =  2.2132567502E-01  9.7498867384E-01 -2.0298557951E-02
           HessRho_EigVec2 =  9.4638805163E-01 -2.1976236028E-01 -2.3675759912E-01
           HessRho_EigVec3 =  2.3529683660E-01 -3.3190222733E-02  9.7135668413E-01
           DelSqRho = -2.4669276283E+06
           Bond Ellipticity = NA
           V = -6.1687000953E+05
           G =  6.9051233269E+01
           K =  6.1680095830E+05
           L =  6.1673190707E+05
           Vnuc =  9.6153494012E+05
           Ven = -2.8426841432E+08
           Vrep =  2.8365154431E+08
           DelSqV =  3.9236362446E+10
           DelSqVen =  2.3720371092E+12
           DelSqVrep = -2.3328007472E+12
           DelSqG =  1.7157957679E+09
           DelSqK = -4.0952158213E+10
           Stress_EigVals = -2.0562749009E+05 -2.0562255719E+05 -2.0561996225E+05
           Stress_EigVec1 =  2.5834263144E-01 -3.8439188157E-02  9.6528830595E-01
           Stress_EigVec2 =  9.3999661146E-01 -2.2050371825E-01 -2.6035452881E-01
           Stress_EigVec3 =  2.2285747736E-01  9.7462841076E-01 -2.0832804199E-02
           -DivStress = -8.0443227937E+04  1.8618939838E+04  6.6903695251E+04
           ESP =  -2.2043720934E+01     ESP at Nucleus =  -2.2043721217E+01
           ESPe = -3.4768071689E+01     ESPe at Nucleus = -3.4768077981E+01
           ESPn =  1.2724350755E+01     ESPn at Nucleus =  1.2724356764E+01

CP# 12     Coords =  6.39534112004716E+00  6.57083515705751E-01  5.62076458145689E-01
           Type = (3,-3) NACP H12
           Rho =  4.0808176354E-01     Rho at Nucleus =  3.9851471690E-01
           GradRho = -1.2334832591E-15  1.5100903384E-16  7.4186533652E-17
           HessRho_EigVals = -8.0291697431E+00 -8.0082613725E+00 -6.2895429831E+00
           HessRho_EigVec1 = -6.2658220746E-01  7.3787102846E-01  2.5088061432E-01
           HessRho_EigVec2 =  3.5893915016E-01 -1.2517401256E-02  9.3327702272E-01
           HessRho_EigVec3 =  6.9177844992E-01  6.7482565157E-01 -2.5700761898E-01
           DelSqRho = -2.2326974099E+01
           Bond Ellipticity = NA
           V = -5.6420527859E+00
           G =  3.0154630610E-02
           K =  5.6118981553E+00
           L =  5.5817435247E+00
           Vnuc =  3.4010024574E+01
           Ven = -1.3878870806E+01
           Vrep =  8.2368180201E+00
           DelSqV =  1.3575951297E+03
           DelSqVen =  7.5934093775E+02
           DelSqVrep =  5.9825419194E+02
           DelSqG =  1.0407838558E+02
           DelSqK = -1.4616735153E+03
           Stress_EigVals = -2.0327866670E+00 -2.0278101151E+00 -1.5814560037E+00
           Stress_EigVec1 =  3.5497660863E-01 -1.1180366571E-02  9.3480832620E-01
           Stress_EigVec2 = -6.3123517584E-01  7.3470823957E-01  2.4848733467E-01
           Stress_EigVec3 =  6.8958955917E-01  6.7829108951E-01 -2.5374679856E-01
           -DivStress =  1.6778960016E+01  1.6461022431E+01 -6.1605288790E+00
           ESP =  -6.9001680273E-01     ESP at Nucleus =  -6.9363150467E-01
           ESPe = -1.5516352270E+01     ESPe at Nucleus = -1.5340062328E+01
           ESPn =  1.4826335467E+01     ESPn at Nucleus =  1.4646430823E+01

CP# 13     Coords =  5.79890620004072E+00 -2.11770685243976E+00  6.12837057306680E-01
           Type = (3,-3) NACP H13
           Rho =  4.0758776294E-01     Rho at Nucleus =  3.9799361304E-01
           GradRho = -1.0149487587E-15 -1.0919745468E-15 -2.7002055106E-16
           HessRho_EigVals = -8.0123674246E+00 -7.9912950459E+00 -6.2698477687E+00
           HessRho_EigVec1 =  8.7291104267E-01  4.0439981452E-01 -2.7292325223E-01
           HessRho_EigVec2 =  3.4053750963E-01 -1.0444152723E-01  9.3441220664E-01
           HessRho_EigVec3 = -3.4937160177E-01  9.0859933822E-01  2.2888146816E-01
           DelSqRho = -2.2273510239E+01
           Bond Ellipticity = NA
           V = -5.6285035541E+00
           G =  3.0062997125E-02
           K =  5.5984405569E+00
           L =  5.5683775598E+00
           Vnuc =  3.4475655567E+01
           Ven = -1.4051855328E+01
           Vrep =  8.4233517742E+00
           DelSqV =  1.3534966074E+03
           DelSqVen =  7.6789386727E+02
           DelSqVrep =  5.8560274012E+02
           DelSqG =  1.0371822520E+02
           DelSqK = -1.4572148326E+03
           Stress_EigVals = -2.0285046596E+00 -2.0234998767E+00 -1.5764990177E+00
           Stress_EigVec1 =  3.3906730658E-01 -1.0284601216E-01  9.3512355301E-01
           Stress_EigVec2 =  8.7486880655E-01  3.9993454835E-01 -2.7323420055E-01
           Stress_EigVec3 = -3.4588716792E-01  9.1075521125E-01  2.2558149803E-01
           -DivStress =  8.4188424352E+00 -2.2128553026E+01 -5.4857354852E+00
           ESP =  -6.9148908324E-01     ESP at Nucleus =  -6.9511078833E-01
           ESPe = -1.6034387727E+01     ESPe at Nucleus = -1.5868900511E+01
           ESPn =  1.5342898644E+01     ESPn at Nucleus =  1.5173789723E+01

CP# 14     Coords = -6.24711909242880E-01 -1.01751681092775E+00 -5.15476463067099E+00
           Type = (3,-3) NACP O14
           Rho =  2.9564180711E+02     Rho at Nucleus =  2.9564177859E+02
           GradRho = -2.9046806627E-11  1.6140422332E-12  3.4083799672E-10
           HessRho_EigVals = -8.2232910861E+05 -8.2231578377E+05 -8.2229578323E+05
           HessRho_EigVec1 =  9.6705566338E-01  1.9343742847E-02 -2.5382900453E-01
           HessRho_EigVec2 =  2.5078782817E-01 -2.4352332191E-01  9.3691080521E-01
           HessRho_EigVec3 =  4.3689920694E-02  9.6970212504E-01  2.4035178287E-01
           DelSqRho = -2.4669406756E+06
           Bond Ellipticity = NA
           V = -6.1687326282E+05
           G =  6.9046959174E+01
           K =  6.1680421586E+05
           L =  6.1673516890E+05
           Vnuc =  9.6065018168E+05
           Ven = -2.8400835571E+08
           Vrep =  2.8339148245E+08
           DelSqV =  3.9236568411E+10
           DelSqVen =  2.3698670075E+12
           DelSqVrep = -2.3306304401E+12
           DelSqG =  1.7158047606E+09
           DelSqK = -4.0952373172E+10
           Stress_EigVals = -2.0562856431E+05 -2.0562364876E+05 -2.0562104975E+05
           Stress_EigVec1 =  4.9755502845E-02  9.6341683899E-01  2.6334840856E-01
           Stress_EigVec2 =  2.5120564088E-01 -2.6727008593E-01  9.3030233105E-01
           Stress_EigVec3 =  9.6665408287E-01  1.9866945469E-02 -2.5531390200E-01
           -DivStress =  2.1059039285E+04 -6.7675013161E+04  7.9318485010E+04
           ESP =  -2.2044447118E+01     ESP at Nucleus =  -2.2044447402E+01
           ESPe = -3.4781805786E+01     ESPe at Nucleus = -3.4781811991E+01
           ESPn =  1.2737358668E+01     ESPn at Nucleus =  1.2737364589E+01

CP# 15     Coords =  5.14386305730179E-01 -5.36719662071686E-01 -6.42140663334291E+00
           Type = (3,-3) NACP H15
           Rho =  4.0807190985E-01     Rho at Nucleus =  3.9850402857E-01
           GradRho =  1.8894933361E-16 -3.2569433261E-16  7.0603245472E-16
           HessRho_EigVals = -8.0291234091E+00 -8.0082307980E+00 -6.2892597173E+00
           HessRho_EigVec1 =  7.5687925196E-01 -2.5719465356E-01  6.0082002974E-01
           HessRho_EigVec2 =  2.6606059052E-02  9.3067450896E-01  3.6487953628E-01
           HessRho_EigVec3 = -6.5301295207E-01 -2.6018429728E-01  7.1125116230E-01
           DelSqRho = -2.2326613924E+01
           Bond Ellipticity = NA
           V = -5.6419541458E+00
           G =  3.0150332339E-02
           K =  5.6118038134E+00
           L =  5.5816534811E+00
           Vnuc =  3.3997263550E+01
           Ven = -1.3873328266E+01
           Vrep =  8.2313741206E+00
           DelSqV =  1.3575631987E+03
           DelSqVen =  7.5904377776E+02
           DelSqVrep =  5.9851942092E+02
           DelSqG =  1.0407773041E+02
           DelSqK = -1.4616409291E+03
           Stress_EigVals = -2.0327699124E+00 -2.0277988781E+00 -1.5813853553E+00
           Stress_EigVec1 =  2.5090597994E-02  9.3226493978E-01  3.6090517307E-01
           Stress_EigVec2 =  7.5386513796E-01 -2.5474636345E-01  6.0563325873E-01
           Stress_EigVec3 = -6.5654993387E-01 -2.5687812746E-01  7.0919377603E-01
           -DivStress =  1.5932331173E+01  6.2365439952E+00 -1.7256112860E+01
           ESP =  -6.9070297868E-01     ESP at Nucleus =  -6.9431796389E-01
           ESPe = -1.5505387692E+01     ESPe at Nucleus = -1.5328654998E+01
           ESPn =  1.4814684713E+01     ESPn at Nucleus =  1.4634337034E+01

CP# 16     Coords = -2.24084348016414E+00 -5.84142394635003E-01 -5.73396057178421E+00
           Type = (3,-3) NACP H16
           Rho =  4.0755667647E-01     Rho at Nucleus =  3.9796249467E-01
           GradRho =  1.1177582297E-15  3.3252480630E-16 -1.7856809781E-15
           HessRho_EigVals = -8.0111935116E+00 -7.9901074092E+00 -6.2686261744E+00
           HessRho_EigVec1 = -3.7528314190E-01 -2.7795314484E-01  8.8425370380E-01
           HessRho_EigVec2 =  1.1894207600E-01  9.3165223910E-01  3.4333203744E-01
           HessRho_EigVec3 =  9.1924716261E-01 -2.3402169697E-01  3.1657305537E-01
           DelSqRho = -2.2269927095E+01
           Bond Ellipticity = NA
           V = -5.6276061741E+00
           G =  3.0062200175E-02
           K =  5.5975439739E+00
           L =  5.5674817738E+00
           Vnuc =  3.4535430462E+01
