 AIMExt (Version 16.05.18, Professional)
 Portions Copyright (c) 1997-2016 by Todd A. Keith
 AIMExt is a component of the AIMAll package ( http://aim.tkgristmill.com )

 TP:  64-bit Linux

 Licensed To:  Research Group of Fernando Cortes Guzman, UNAM, fercor@unam.mx

 AIMExt is a heavily modified and extended version of the EXTREME program
 developed by members of R.F.W. Bader's research group

 Much of the Quantum Theory of Atoms in Molecules (QTAIM) is described in the book:
   "Atoms in Molecules - A Quantum Theory"
   R.F.W. Bader, Oxford University Press, Oxford, 1990

 For additional references see:  http://aim.tkgristmill.com/references.html

 Wfx File:  /home/lillian/David/max_int/acercamiento/Ni23_28_beta.wfx
 ExtOut File:  /home/lillian/David/max_int/acercamiento/Ni23_28_beta.extout
 Mgp File:  /home/lillian/David/max_int/acercamiento/Ni23_28_beta.mgp

 MgpViz File:  /home/lillian/David/max_int/acercamiento/Ni23_28_beta.mgpviz

 Wfx Title:   Ni23_28                                                                       
 Job Title:  Auto                                                                           

 The nuclear coordinates:
      Ni1           0.0000000000E+00  0.0000000000E+00  0.0000000000E+00
      O2           -5.1624086180E+00  5.2084815962E-01 -1.0370163035E+00
      H3           -6.4313414763E+00 -6.9237878613E-01 -5.4882856397E-01
      H4           -5.8170216961E+00  2.1652844503E+00 -6.0100592167E-01
      O5            6.2471026062E-01  1.0175221096E+00  5.1547584211E+00
      H6           -5.4854724348E-01  5.2330810029E-01  6.4584304549E+00
      H7            2.2889790966E+00  5.7204210746E-01  5.7503556850E+00
      O8           -9.9672000120E-01  5.1579439612E+00  6.3191116689E-01
      H9           -5.1040275970E-01  6.4602835931E+00 -5.4590471636E-01
      H10          -5.4311213786E-01  5.7557520250E+00  2.2930699071E+00
      O11           5.1624086180E+00 -5.2084815962E-01  1.0370163035E+00
      H12           6.4313414763E+00  6.9237878613E-01  5.4882856397E-01
      H13           5.8170216961E+00 -2.1652844503E+00  6.0100592167E-01
      O14          -6.2471026062E-01 -1.0175221096E+00 -5.1547584211E+00
      H15           5.4854724348E-01 -5.2330810029E-01 -6.4584304549E+00
      H16          -2.2889790966E+00 -5.7204210746E-01 -5.7503556850E+00
      O17           9.9672000120E-01 -5.1579439612E+00 -6.3191116689E-01
      H18           5.1040275970E-01 -6.4602835931E+00  5.4590471636E-01
      H19           5.4311213786E-01 -5.7557520250E+00 -2.2930699071E+00

 Number of primitives read from wavefunction =    500
 Number of unique primitives to be used =    500

 Using MO basis.

 Number of processors used for this job =    8

 Total memory allocated for AIMExt =        5.988 Megabytes
 
Model:  Unknown
 
 Unrestricted, natural orbital wavefunction.
 First Beta MO of unrestricted wavefunction =     45
   Number of electrons (from MO Occs)                   =          42.0000000000
   Number of Alpha electrons (from MO Occs)             =           0.0000000000
   Number of Beta electrons (from MO Occs)              =          42.0000000000
   Number of electron pairs (N*(N-1)/2)                 =         861.0000000000
   Number of electron pairs (from Muller 2EDM)          =         861.0000000000
   Number of electron pairs (from Muller 2EDM, no SOSI) =         861.0000000000

 Analyzing Rho, the electron density

 New critical point found: CP# 1     

 Number of Newton-Raphson Iterations:     1

 Coordinates of critical point and distance from molecular origin:
          X =   3.5956325001E-25
          Y =  -5.1580301086E-25
          Z =  -3.0128141822E-25
          R =   6.9721515312E-25

 Vectors and distances from nuclei to critical point:
 Nucleus           X                 Y                 Z                Dist  
 Ni1        3.5956325001E-25 -5.1580301086E-25 -3.0128141822E-25  6.9721515312E-25
 O2         5.1624086180E+00 -5.2084815962E-01  1.0370163035E+00  5.2912331604E+00
 H3         6.4313414763E+00  6.9237878613E-01  5.4882856397E-01  6.4917450936E+00
 H4         5.8170216961E+00 -2.1652844503E+00  6.0100592167E-01  6.2359767704E+00
 O5        -6.2471026062E-01 -1.0175221096E+00 -5.1547584211E+00  5.2912331770E+00
 H6         5.4854724348E-01 -5.2330810029E-01 -6.4584304549E+00  6.5027747452E+00
 H7        -2.2889790966E+00 -5.7204210746E-01 -5.7503556850E+00  6.2155649768E+00
 O8         9.9672000120E-01 -5.1579439612E+00 -6.3191116689E-01  5.2912331635E+00
 H9         5.1040275970E-01 -6.4602835931E+00  5.4590471636E-01  6.5033673616E+00
 H10        5.4311213786E-01 -5.7557520250E+00 -2.2930699071E+00  6.2194711806E+00
 O11       -5.1624086180E+00  5.2084815962E-01 -1.0370163035E+00  5.2912331604E+00
 H12       -6.4313414763E+00 -6.9237878613E-01 -5.4882856397E-01  6.4917450936E+00
 H13       -5.8170216961E+00  2.1652844503E+00 -6.0100592167E-01  6.2359767704E+00
 O14        6.2471026062E-01  1.0175221096E+00  5.1547584211E+00  5.2912331770E+00
 H15       -5.4854724348E-01  5.2330810029E-01  6.4584304549E+00  6.5027747452E+00
 H16        2.2889790966E+00  5.7204210746E-01  5.7503556850E+00  6.2155649768E+00
 O17       -9.9672000120E-01  5.1579439612E+00  6.3191116689E-01  5.2912331635E+00
 H18       -5.1040275970E-01  6.4602835931E+00 -5.4590471636E-01  6.5033673616E+00
 H19       -5.4311213786E-01  5.7557520250E+00  2.2930699071E+00  6.2194711806E+00

 Angles of vectors with respect to YZ/XZ/XY planes:
 Nucleus        YZ Angle          XZ Angle          XY Angle
 Ni1        3.1045156635E+01  4.7714777228E+01  2.5602249558E+01
 O2         7.7330963590E+01  5.6491191275E+00  1.1302424584E+01
 H3         8.2177857950E+01  6.1225417875E+00  4.8497191652E+00
 H4         6.8878192395E+01  2.0317652034E+01  5.5305907760E+00
 O5         6.7804502501E+00  1.1087238376E+01  7.6958628858E+01
 H6         4.8389861068E+00  4.6158454206E+00  8.3304943648E+01
 H7         2.1608695327E+01  5.2806213545E+00  6.7691609815E+01
 O8         1.0857789306E+01  7.7112384159E+01  6.8589804501E+00
 H9         4.5013648278E+00  8.3401193688E+01  4.8151801288E+00
 H10        5.0097054073E+00  6.7734909237E+01  2.1634978463E+01
 O11        7.7330963590E+01  5.6491191275E+00  1.1302424584E+01
 H12        8.2177857950E+01  6.1225417875E+00  4.8497191652E+00
 H13        6.8878192395E+01  2.0317652034E+01  5.5305907760E+00
 O14        6.7804502501E+00  1.1087238376E+01  7.6958628858E+01
 H15        4.8389861068E+00  4.6158454206E+00  8.3304943648E+01
 H16        2.1608695327E+01  5.2806213545E+00  6.7691609815E+01
 O17        1.0857789306E+01  7.7112384159E+01  6.8589804501E+00
 H18        4.5013648278E+00  8.3401193688E+01  4.8151801288E+00
 H19        5.0097054073E+00  6.7734909237E+01  2.1634978463E+01

 The Hessian:
  -4.2229642219E+08 -2.5524140953E+01  2.8209256104E+01
  -2.5524140953E+01 -4.2229642268E+08  2.8294180178E+01
   2.8209256104E+01  2.8294180178E+01 -4.2229642273E+08

 Eigenvalues of the Hessian: 
  -4.2229647724E+08 -4.2229639691E+08 -4.2229639344E+08

 Eigenvectors of the Hessian:
  -5.6826952686E-01  6.9688735344E-01 -4.3751315576E-01
  -5.7236752789E-01 -7.1677598321E-01 -3.9828080912E-01
   5.9115578138E-01 -2.4087476424E-02 -8.0619764055E-01

 The stress tensor:
  -1.0566395980E+08  1.7826900707E+00 -1.9442609258E+00
   1.7826900707E+00 -1.0566395993E+08 -1.9590584693E+00
  -1.9442609258E+00 -1.9590584693E+00 -1.0566395985E+08

 Eigenvalues of the stress tensor:
  -1.0566396187E+08 -1.0566396164E+08 -1.0566395607E+08

 Eigenvectors of the stress tensor:
  -2.7031037102E-01  7.7077404012E-01  5.7692259653E-01
  -5.4859340088E-01 -6.1574332211E-01  5.6560184033E-01
  -7.9118745176E-01  1.6360788597E-01 -5.8928335784E-01

 Minus divergence of the stress tensor: 
  -7.4425873147E-11  1.0692267764E-10  6.2278261241E-11

 Values: 
 Rho(r)                   7.2860704211E+03
 |Grad(Rho(r))|           1.2934421314E-17
 Grad(Rho(r))x           -7.2862007979E-18
 Grad(Rho(r))y            5.3326527036E-18
 Grad(Rho(r))z           -9.2613901665E-18
 DelSq(Rho(r))           -1.2668892676E+09
 G(r)                     1.3478133938E+05
 K(r)                     3.1685709824E+08
 L(r)                     3.1672231690E+08
 Vnuc(r)                  2.8000000110E+09
 V(r)                    -3.1699187958E+08
 Ven(r)                  -2.0400997259E+13
 Vrep(r)                  2.0400680267E+13
 DelSq(V(r))              6.5860419111E+14
 DelSq(Ven(r))            6.1202991538E+29
 DelSq(Vrep(r))          -6.1202991538E+29
 DelSq(G(r))              1.8385533194E+13
 DelSq(K(r))             -6.7698972430E+14

 New critical point found: CP# 2     

 Number of Newton-Raphson Iterations:     2

 Coordinates of critical point and distance from molecular origin:
          X =  -5.1624146712E+00
          Y =   5.2084957153E-01
          Z =  -1.0370109199E+00
          R =   5.2912381502E+00

 Vectors and distances from nuclei to critical point:
 Nucleus           X                 Y                 Z                Dist  
 Ni1       -5.1624146712E+00  5.2084957153E-01 -1.0370109199E+00  5.2912381502E+00
 O2        -6.0532456851E-06  1.4119052149E-06  5.3836379623E-06  8.2230661781E-06
 H3         1.2689268051E+00  1.2132283577E+00 -4.8818235592E-01  1.8222020462E+00
 H4         6.5460702487E-01 -1.6444348788E+00 -4.3600499823E-01  1.8228485362E+00
 O5        -5.7871249318E+00 -4.9667253806E-01 -6.1917693410E+00  8.4897294515E+00
 H6        -4.6138674277E+00 -2.4585287589E-03 -7.4954413748E+00  8.8016714372E+00
 H7        -7.4513937678E+00 -5.1192535934E-02 -6.7873666049E+00  1.0079396569E+01
 O8        -4.1656946700E+00 -4.6370943897E+00 -1.6689220868E+00  6.4529805047E+00
 H9        -4.6520119115E+00 -5.9394340216E+00 -4.9110620354E-01  7.5603754288E+00
 H10       -4.6193025334E+00 -5.2349024534E+00 -3.3300808270E+00  7.7350887458E+00
 O11       -1.0324823289E+01  1.0416977312E+00 -2.0740272234E+00  1.0582471311E+01
 H12       -1.1593756147E+01 -1.7152921460E-01 -1.5858394839E+00  1.1702969313E+01
 H13       -1.0979436367E+01  2.6861340218E+00 -1.6380168416E+00  1.1421315078E+01
 O14       -4.5377044106E+00  1.5383716811E+00  4.1177475012E+00  6.3176889153E+00
 H15       -5.7109619147E+00  1.0441576718E+00  5.4214195350E+00  7.9433708845E+00
 H16       -2.8734355746E+00  1.0928916790E+00  4.7133447651E+00  5.6273140216E+00
 O17       -6.1591346724E+00  5.6787935327E+00 -4.0509975301E-01  8.3873560620E+00
 H18       -5.6728174309E+00  6.9811331646E+00 -1.5829156363E+00  9.1336027819E+00
 H19       -5.7055268091E+00  6.2766015965E+00  1.2560589872E+00  8.5747564367E+00

 Angles of vectors with respect to YZ/XZ/XY planes:
 Nucleus        YZ Angle          XZ Angle          XY Angle
 Ni1        7.7331022097E+01  5.6491291463E+00  1.1302354336E+01
 O2         4.7402785851E+01  9.8867089846E+00  4.0896874345E+01
 H3         4.4136487800E+01  4.1743991281E+01  1.5539813615E+01
 H4         2.1045679049E+01  6.4438638555E+01  1.3838669072E+01
 O5         4.2973645037E+01  3.3538757945E+00  4.6829810675E+01
 H6         3.1614642203E+01  1.6004156074E-02  5.8385352790E+01
 H7         4.7669253215E+01  2.9100242678E-01  4.2329262369E+01
 O8         4.0206612436E+01  4.5938792315E+01  1.4988674013E+01
 H9         3.7974807553E+01  5.1776242807E+01  3.7244365839E+00
 H10        3.6668770616E+01  4.2592018213E+01  2.5500322419E+01
 O11        7.7330992844E+01  5.6491241369E+00  1.1302389460E+01
 H12        8.2166327446E+01  8.3980840332E-01  7.7879640546E+00
 H13        7.4010261857E+01  1.3602590256E+01  8.2456528017E+00
 O14        4.5910502917E+01  1.4093340641E+01  4.0675991531E+01
 H15        4.5968641053E+01  7.5534017195E+00  4.3039992135E+01
 H16        3.0705331719E+01  1.1198692104E+01  5.6885804726E+01
 O17        4.7251110248E+01  4.2614792390E+01  2.7683980043E+00
 H18        3.8396000557E+01  4.9847875486E+01  9.9801404253E+00
 H19        4.1711980188E+01  4.7053146172E+01  8.4231857357E+00

 The Hessian:
  -4.1112300120E+05 -1.4233751177E+00  2.0635033501E+00
  -1.4233751177E+00 -4.1112908725E+05 -1.4328555451E-01
   2.0635033501E+00 -1.4328555451E-01 -4.1111344772E+05

 Eigenvalues of the Hessian: 
  -4.1112940987E+05 -4.1112311678E+05 -4.1111300952E+05

 Eigenvectors of the Hessian:
   2.2292860366E-01  9.5285066053E-01  2.0586028368E-01
   9.7462814662E-01 -2.2220274303E-01 -2.6942843216E-02
  -2.0070213759E-02 -2.0664355716E-01  9.7821042052E-01

 The stress tensor:
  -1.0280300829E+05  2.8523135313E-01 -5.5406483082E-01
   2.8523135313E-01 -1.0280178585E+05  5.2808602363E-02
  -5.5406483082E-01  5.2808602363E-02 -1.0280527225E+05

 Eigenvalues of the stress tensor:
  -1.0280540431E+05 -1.0280294092E+05 -1.0280172117E+05

 Eigenvectors of the stress tensor:
   2.2882315163E-01  9.4716948858E-01  2.2474413268E-01
  -3.2236632596E-02 -2.2337011332E-01  9.7420048860E-01
   9.7293410095E-01 -2.3016462015E-01 -2.0578698499E-02

 Minus divergence of the stress tensor: 
   3.8657735155E+04 -9.0168745053E+03 -3.4377235813E+04

 Values: 
 Rho(r)                   1.4780846365E+02
 |Grad(Rho(r))|           1.6907816413E-10
 Grad(Rho(r))x           -1.6877757872E-10
 Grad(Rho(r))y            7.5182087118E-12
 Grad(Rho(r))z            6.7105175583E-12
 DelSq(Rho(r))           -1.2333655362E+06
 G(r)                     3.4341176228E+01
 K(r)                     3.0837572522E+05
 L(r)                     3.0834138404E+05
 Vnuc(r)                  9.7288583843E+05
 V(r)                    -3.0841006639E+05
 Ven(r)                  -1.4380076108E+08
 Vrep(r)                  1.4349235102E+08
 DelSq(V(r))              1.9616613468E+10
 DelSq(Ven(r))            1.1999238652E+12
 DelSq(Vrep(r))          -1.1803072516E+12
 DelSq(G(r))              8.5782784712E+08
 DelSq(K(r))             -2.0474441315E+10

 New critical point found: CP# 3     

 Number of Newton-Raphson Iterations:     6

 Coordinates of critical point and distance from molecular origin:
          X =  -6.3953108488E+00
          Y =  -6.5711824992E-01
          Z =  -5.6203505034E-01
          R =   6.4535020450E+00

 Vectors and distances from nuclei to critical point:
 Nucleus           X                 Y                 Z                Dist  
 Ni1       -6.3953108488E+00 -6.5711824992E-01 -5.6203505034E-01  6.4535020450E+00
 O2        -1.2329022309E+00 -1.1779664095E+00  4.7498125320E-01  1.7701016818E+00
 H3         3.6030627439E-02  3.5260536206E-02 -1.3206486365E-02  5.2114516301E-02
 H4        -5.7828915275E-01 -2.8224027002E+00  3.8970871332E-02  2.8813007610E+00
 O5        -7.0200211095E+00 -1.6746403595E+00 -5.7167934715E+00  9.2068911314E+00
 H6        -5.8467636054E+00 -1.1804263502E+00 -7.0204655052E+00  9.2122194359E+00
 H7        -8.6842899454E+00 -1.2291603574E+00 -6.3123907353E+00  1.0806202100E+01
 O8        -5.3985908476E+00 -5.8150622111E+00 -1.1939462172E+00  8.0240413277E+00
 H9        -5.8849080891E+00 -7.1174018430E+00 -1.6130333977E-02  9.2352483670E+00
 H10       -5.8521987110E+00 -6.4128702749E+00 -2.8551049575E+00  9.1391881058E+00
 O11       -1.1557719467E+01 -1.3627009030E-01 -1.5990513539E+00  1.1668608059E+01
 H12       -1.2826652325E+01 -1.3494970361E+00 -1.1108636143E+00  1.2945198727E+01
 H13       -1.2212332545E+01  1.5081662004E+00 -1.1630409720E+00  1.2359947240E+01
 O14       -5.7706005882E+00  3.6040385967E-01  4.5927233708E+00  7.3839576144E+00
 H15       -6.9438580923E+00 -1.3381014964E-01  5.8963954046E+00  9.1105734797E+00
 H16       -4.1063317522E+00 -8.5076142461E-02  5.1883206346E+00  6.6172403173E+00
 O17       -7.3920308500E+00  4.5008257113E+00  6.9876116551E-02  8.6547348222E+00
 H18       -6.9057136085E+00  5.8031653432E+00 -1.1079397667E+00  9.0880767476E+00
 H19       -6.9384229867E+00  5.0986337750E+00  1.7310348568E+00  8.7826113195E+00

 Angles of vectors with respect to YZ/XZ/XY planes:
 Nucleus        YZ Angle          XZ Angle          XY Angle
 Ni1        8.2299916700E+01  5.8441861611E+00  4.9962148945E+00
 O2         4.4148059998E+01  4.1719123034E+01  1.5565247865E+01
 H3         4.3738980417E+01  4.2578305702E+01  1.4679557420E+01
 H4         1.1578141512E+01  7.8395233103E+01  7.7497447206E-01
 O5         4.9682846098E+01  1.0479859591E+01  3.8383750867E+01
 H6         3.9395869785E+01  7.3619510884E+00  4.9648077159E+01
 H7         5.3479060012E+01  6.5312913648E+00  3.5742622942E+01
 O8         4.2283692623E+01  4.6444306010E+01  8.5571664089E+00
 H9         3.9585019028E+01  5.0414803014E+01  1.0007316449E-01
 H10        3.9817266894E+01  4.4562692373E+01  1.8204074417E+01
 O11        8.2094741586E+01  6.6913538387E-01  7.8765269538E+00
 H12        8.2240040777E+01  5.9837798775E+00  4.9227650622E+00
 H13        8.1136049962E+01  7.0087222916E+00  5.3993815763E+00
 O14        5.1398588928E+01  2.7976633897E+00  3.8461358839E+01
 H15        4.9656383668E+01  8.4155322572E-01  4.0331091062E+01
 H16        3.8356345663E+01  7.3665727186E-01  5.1633923469E+01
 O17        5.8660726413E+01  3.1335069629E+01  4.6259650315E-01
 H18        4.9452319084E+01  3.9683567914E+01  7.0024252722E+00
 H19        5.2187214481E+01  3.5488344842E+01  1.1367307254E+01

 The Hessian:
  -3.5970593060E+00  4.0607302934E-01 -1.5098189244E-01
   4.0607302934E-01 -3.6197159842E+00 -1.5042442100E-01
  -1.5098189244E-01 -1.5042442100E-01 -3.9489542187E+00

 Eigenvalues of the Hessian: 
  -4.0152548751E+00 -4.0048534881E+00 -3.1456211457E+00

 Eigenvectors of the Hessian:
  -6.3060193168E-01  3.5060582489E-01  6.9239927738E-01
   7.3834354273E-01 -3.8864932668E-03  6.7441360313E-01
   2.3914434277E-01  9.3651505633E-01 -2.5641671669E-01

 The stress tensor:
  -9.0802229908E-01  1.0439254697E-01 -3.9780373637E-02
   1.0439254697E-01 -9.1152976249E-01 -3.8255111679E-02
  -3.9780373637E-02 -3.8255111679E-02 -1.0019169420E+00

 Eigenvalues of the stress tensor:
  -1.0165045279E+00 -1.0140308793E+00 -7.9093359630E-01

 Eigenvectors of the stress tensor:
   3.4877379753E-01 -6.3390896762E-01  6.9030157100E-01
  -5.3060723753E-03  7.3520453027E-01  6.7782456747E-01
   9.3719191405E-01  2.4007023855E-01 -2.5305650912E-01

 Minus divergence of the stress tensor: 
  -8.3982426352E+00 -8.2238892927E+00  3.0710633811E+00

 Values: 
 Rho(r)                   2.0405446267E-01
 |Grad(Rho(r))|           2.2526240085E-12
 Grad(Rho(r))x            1.5581506761E-12
 Grad(Rho(r))y            1.5219425655E-12
 Grad(Rho(r))z           -5.7460614500E-13
 DelSq(Rho(r))           -1.1165729509E+01
 G(r)                     1.5018313165E-02
 K(r)                     2.8064506904E+00
 L(r)                     2.7914323772E+00
 Vnuc(r)                  3.4014843193E+01
 V(r)                    -2.8214690036E+00
 Ven(r)                  -6.9408805504E+00
 Vrep(r)                  4.1194115469E+00
 DelSq(V(r))              6.7895726010E+02
 DelSq(Ven(r))            3.7980053838E+02
 DelSq(Vrep(r))           2.9915672172E+02
 DelSq(G(r))              5.2053710626E+01
 DelSq(K(r))             -7.3101097073E+02

 New critical point found: CP# 4     

 Number of Newton-Raphson Iterations:     7

 Coordinates of critical point and distance from molecular origin:
          X =  -5.7988739440E+00
          Y =   2.1177333001E+00
          Z =  -6.1280063788E-01
          R =   6.2038099560E+00

 Vectors and distances from nuclei to critical point:
 Nucleus           X                 Y                 Z                Dist  
 Ni1       -5.7988739440E+00  2.1177333001E+00 -6.1280063788E-01  6.2038099560E+00
 O2        -6.3646532605E-01  1.5968851405E+00  4.2421566565E-01  1.7706183084E+00
 H3         6.3246753225E-01  2.8101120862E+00 -6.3972073911E-02  2.8811174122E+00
 H4         1.8147752070E-02 -4.7551150201E-02 -1.1794716214E-02  5.2245268888E-02
 O5        -6.4235842046E+00  1.1002111905E+00 -5.7675590590E+00  8.7027372818E+00
 H6        -5.2503267005E+00  1.5944251998E+00 -7.0712310928E+00  8.9504430811E+00
 H7        -8.0878530406E+00  1.5456911926E+00 -6.3631563228E+00  1.0406357982E+01
 O8        -4.8021539428E+00 -3.0402106611E+00 -1.2447118048E+00  5.8183219945E+00
 H9        -5.2884711843E+00 -4.3425502930E+00 -6.6895921523E-02  6.8432554811E+00
 H10       -5.2557618062E+00 -3.6380187249E+00 -2.9058705450E+00  7.0215593731E+00
 O11       -1.0961282562E+01  2.6385814597E+00 -1.6498169414E+00  1.1394460209E+01
 H12       -1.2230215420E+01  1.4253545140E+00 -1.1616292019E+00  1.2367667004E+01
 H13       -1.1615895640E+01  4.2830177504E+00 -1.2138065596E+00  1.2439718604E+01
 O14       -5.1741636834E+00  3.1352554097E+00  4.5419577832E+00  7.5651290016E+00
 H15       -6.3474211875E+00  2.6410414004E+00  5.8456298170E+00  9.0242031985E+00
 H16       -3.5098948474E+00  2.6897754076E+00  5.1375550471E+00  6.7785489188E+00
 O17       -6.7955939452E+00  7.2756772613E+00  1.9110529004E-02  9.9556989655E+00
 H18       -6.3092767037E+00  8.5780168932E+00 -1.1587053542E+00  1.0711299848E+01
 H19       -6.3419860819E+00  7.8734853251E+00  1.6802692693E+00  1.0248700573E+01

 Angles of vectors with respect to YZ/XZ/XY planes:
 Nucleus        YZ Angle          XZ Angle          XY Angle
 Ni1        6.9184221683E+01  1.9959761499E+01  5.6688131131E+00
 O2         2.1066997262E+01  6.4406288398E+01  1.3862117297E+01
 H3         1.2680936397E+01  7.7253275287E+01  1.2722949330E+00
 H4         2.0325733264E+01  6.5526402932E+01  1.3047375131E+01
 O5         4.7570730727E+01  7.2628403403E+00  4.1508359032E+01
 H6         3.5916077898E+01  1.0261394987E+01  5.2189490305E+01
 H7         5.1005196781E+01  8.5419414967E+00  3.7695734659E+01
 O8         5.5624024883E+01  3.1501683569E+01  1.2352741993E+01
 H9         5.0606040738E+01  3.9388377469E+01  5.6010111378E-01
 H10        4.8462143231E+01  3.1206309068E+01  2.4446900214E+01
 O11        7.4150727737E+01  1.3389347699E+01  8.3251850541E+00
 H12        8.1449890912E+01  6.6179557542E+00  5.3894319437E+00
 H13        6.9031096947E+01  2.0139182073E+01  5.5995499125E+00
 O14        4.3153021075E+01  2.4483750535E+01  3.6897171341E+01
 H15        4.4698610681E+01  1.7017393770E+01  4.0373860614E+01
 H16        3.1184421910E+01  2.3378717442E+01  4.9280617320E+01
 O17        4.3045843247E+01  4.6953945144E+01  1.0998256701E-01
 H18        3.6088202607E+01  5.3210208578E+01  6.2101794432E+00
 H19        3.8229198672E+01  5.0196310461E+01  9.4362138617E+00

 The Hessian:
  -3.8997691032E+00 -2.7733087568E-01 -6.6382596806E-02
  -2.7733087568E-01 -3.2885928228E+00  1.7967016902E-01
  -6.6382596806E-02  1.7967016902E-01 -3.9529473256E+00

 Eigenvalues of the Hessian: 
  -4.0076096795E+00 -3.9971201095E+00 -3.1365794626E+00

 Eigenvectors of the Hessian:
   8.7665413696E-01  3.3012404474E-01 -3.4999377029E-01
   4.0358117913E-01 -1.0856104649E-01  9.0848045166E-01
  -2.6191555130E-01  9.3767404479E-01  2.2840234175E-01

 The stress tensor:
  -9.8550195028E-01 -7.0429332352E-02 -1.8197751156E-02
  -7.0429332352E-02 -8.2683626402E-01  4.6021555024E-02
  -1.8197751156E-02  4.6021555024E-02 -1.0029431366E+00

 Eigenvalues of the stress tensor:
  -1.0145555934E+00 -1.0120687937E+00 -7.8865696383E-01

 Eigenvectors of the stress tensor:
   3.3194401971E-01  8.7730978400E-01 -3.4661320038E-01
  -1.0527573570E-01  3.9960690739E-01  9.1062140269E-01
   9.3740609517E-01 -2.6578536917E-01  2.2500655609E-01

 Minus divergence of the stress tensor: 
  -4.2187813933E+00  1.1062499678E+01  2.7353710652E+00

 Values: 
 Rho(r)                   2.0384026426E-01
 |Grad(Rho(r))|           1.5968692888E-12
 Grad(Rho(r))x            5.5792407505E-13
 Grad(Rho(r))y           -1.4515493333E-12
 Grad(Rho(r))z           -3.6292807138E-13
 DelSq(Rho(r))           -1.1141309252E+01
 G(r)                     1.4977019018E-02
 K(r)                     2.8003043319E+00
 L(r)                     2.7853273129E+00
 Vnuc(r)                  3.4483367665E+01
 V(r)                    -2.8152813509E+00
 Ven(r)                  -7.0290987775E+00
 Vrep(r)                  4.2138174265E+00
 DelSq(V(r))              6.7706939144E+02
 DelSq(Ven(r))            3.8418986319E+02
 DelSq(Vrep(r))           2.9287952826E+02
 DelSq(G(r))              5.1886507148E+01
 DelSq(K(r))             -7.2895589859E+02

 New critical point found: CP# 5     

 Number of Newton-Raphson Iterations:     2

 Coordinates of critical point and distance from molecular origin:
          X =   6.2471185600E-01
          Y =   1.0175166678E+00
          Z =   5.1547643889E+00
          R =   5.2912381327E+00

 Vectors and distances from nuclei to critical point:
 Nucleus           X                 Y                 Z                Dist  
 Ni1        6.2471185600E-01  1.0175166678E+00  5.1547643889E+00  5.2912381327E+00
 O2         5.7871204740E+00  4.9666850818E-01  6.1917806924E+00  8.4897344558E+00
 H3         7.0560533323E+00  1.7098954539E+00  5.7035929528E+00  9.2326921135E+00
 H4         6.4417335521E+00 -1.1477677825E+00  5.7557703105E+00  8.7144818496E+00
 O5         1.5953756364E-06 -5.4417815880E-06  5.9677441495E-06  8.2323860762E-06
 H6         1.1732590995E+00  4.9420856752E-01 -1.3036660660E+00  1.8221756870E+00
 H7        -1.6642672406E+00  4.4547456035E-01 -5.9559129610E-01  1.8228993456E+00
 O8         1.6214318572E+00 -4.1404272934E+00  4.5228532220E+00  6.3425847024E+00
 H9         1.1351146157E+00 -5.4427669253E+00  5.7006691052E+00  7.9630286475E+00
 H10        1.1678239939E+00 -4.7382353571E+00  2.8616944817E+00  5.6572062440E+00
 O11       -4.5376967620E+00  1.5383648274E+00  4.1177480853E+00  6.3176821335E+00
 H12       -5.8066296203E+00  3.2513788168E-01  4.6059358249E+00  7.4187132990E+00
 H13       -5.1923098401E+00  3.1828011181E+00  4.5537584672E+00  7.6044079724E+00
 O14        1.2494221166E+00  2.0350387774E+00  1.0309522810E+01  1.0582471310E+01
 H15        7.6164612515E-02  1.5408247681E+00  1.1613194844E+01  1.1715213890E+01
 H16        2.9136909526E+00  1.5895587753E+00  1.0905120074E+01  1.1399032235E+01
 O17       -3.7200814521E-01  6.1754606290E+00  5.7866755558E+00  8.4711462051E+00
 H18        1.1430909630E-01  7.4778002609E+00  4.6088596725E+00  8.7847681126E+00
 H19        8.1599718132E-02  6.7732686928E+00  7.4478342960E+00  1.0067475503E+01

 Angles of vectors with respect to YZ/XZ/XY planes:
 Nucleus        YZ Angle          XZ Angle          XY Angle
 Ni1        6.7804612668E+00  1.1087167813E+01  7.6958683556E+01
 O2         4.2973572453E+01  3.3538465716E+00  4.6829886646E+01
 H3         4.9840010551E+01  1.0672798576E+01  3.8152781722E+01
 H4         4.7663200772E+01  7.5683076161E+00  4.1336747503E+01
 O5         1.1174200230E+01  4.1377800632E+01  4.6461413534E+01
 H6         4.0081614586E+01  1.5736814057E+01  4.5679661574E+01
 H7         6.5920207391E+01  1.4145015701E+01  1.9070266292E+01
 O8         1.4811637637E+01  4.0752900948E+01  4.5487136841E+01
 H9         8.1953208430E+00  4.3118117722E+01  4.5716355757E+01
 H10        1.1913294221E+01  5.6883086351E+01  3.0387754819E+01
 O11        4.5910466713E+01  1.4093291996E+01  4.0676051374E+01
 H12        5.1508487725E+01  2.5118907424E+00  3.8378505212E+01
 H13        4.3063041337E+01  2.4742878957E+01  3.6786250436E+01
 O14        6.7804557585E+00  1.1087203094E+01  7.6958656207E+01
 H15        3.7250208394E-01  7.5576326727E+00  8.2433085694E+01
 H16        1.4809652007E+01  8.0158372725E+00  7.3071859820E+01
 O17        2.5169384342E+00  4.6802576956E+01  4.3086695051E+01
 H18        7.4556476957E-01  5.8344984459E+01  3.1644156418E+01
 H19        4.6440347930E-01  4.2282548723E+01  4.7713670224E+01

 The Hessian:
  -4.1113146215E+05  2.4244446330E-01  1.6352540075E+00
   2.4244446330E-01 -4.1111597878E+05  2.1070614522E+00
   1.6352540075E+00  2.1070614522E+00 -4.1112554609E+05

 Eigenvalues of the Hessian: 
  -4.1113188964E+05 -4.1112558306E+05 -4.1111551432E+05

 Eigenvectors of the Hessian:
   9.6661397588E-01  2.5362462303E-01  3.6496194592E-02
   1.9109804722E-02 -2.1338849233E-01  9.7678051102E-01
  -2.5552345683E-01  9.4347225817E-01  2.1111101599E-01

 The stress tensor:
  -1.0280242811E+05 -7.8422124862E-02 -3.2831729883E-01
  -7.8422124862E-02 -1.0280587921E+05 -5.6398335607E-01
  -3.2831729883E-01 -5.6398335607E-01 -1.0280361806E+05

 Eigenvalues of the stress tensor:
  -1.0280601854E+05 -1.0280356458E+05 -1.0280234226E+05

 Eigenvectors of the stress tensor:
   4.2615247467E-02  2.5449662621E-01  9.6613425979E-01
   9.7129482656E-01 -2.3706958584E-01  1.9605391470E-02
   2.3403055482E-01  9.3756571968E-01 -2.5729403548E-01

 Minus divergence of the stress tensor: 
  -1.0188662905E+04  3.4748755018E+04 -3.8111953763E+04

 Values: 
 Rho(r)                   1.4780935789E+02
 |Grad(Rho(r))|           9.8773952470E-11
 Grad(Rho(r))x           -2.0099630293E-11
 Grad(Rho(r))y           -1.7280621378E-13
 Grad(Rho(r))z           -9.6707128416E-11
 DelSq(Rho(r))           -1.2333729870E+06
 G(r)                     3.4339312288E+01
 K(r)                     3.0837758607E+05
 L(r)                     3.0834324675E+05
 Vnuc(r)                  9.7178446016E+05
 V(r)                    -3.0841192538E+05
 Ven(r)                  -1.4363883707E+08
 Vrep(r)                  1.4333042514E+08
 DelSq(V(r))              1.9616731164E+10
 DelSq(Ven(r))            1.1985727040E+12
 DelSq(Vrep(r))          -1.1789559728E+12
 DelSq(G(r))              8.5783301082E+08
 DelSq(K(r))             -2.0474564175E+10

 New critical point found: CP# 6     

 Number of Newton-Raphson Iterations:     6

 Coordinates of critical point and distance from molecular origin:
          X =  -5.1442204803E-01
          Y =   5.3667859212E-01
          Z =   6.4213773470E+00
          R =   6.4642664694E+00

 Vectors and distances from nuclei to critical point:
 Nucleus           X                 Y                 Z                Dist  
 Ni1       -5.1442204803E-01  5.3667859212E-01  6.4213773470E+00  6.4642664694E+00
 O2         4.6479865699E+00  1.5830432492E-02  7.4583936505E+00  8.7881548463E+00
 H3         5.9169194282E+00  1.2290573782E+00  6.9702059110E+00  9.2251985345E+00
 H4         5.3025996481E+00 -1.6286058582E+00  7.0223832687E+00  8.9489545111E+00
 O5        -1.1391323086E+00 -4.8084351747E-01  1.2666189259E+00  1.7700724302E+00
 H6         3.4125195451E-02  1.3370491828E-02 -3.7053107894E-02  5.2117480953E-02
 H7        -2.8034011446E+00 -3.5363515347E-02  6.7102166205E-01  2.8828074210E+00
 O8         4.8229795317E-01 -4.6212653691E+00  5.7894661801E+00  7.4233835667E+00
 H9        -4.0192883297E-03 -5.9236050010E+00  6.9672820634E+00  9.1450605090E+00
 H10        2.8690089834E-02 -5.2190734328E+00  4.1283074399E+00  6.6545077156E+00
 O11       -5.6768306660E+00  1.0575267517E+00  5.3843610435E+00  7.8953222282E+00
 H12       -6.9457635243E+00 -1.5570019401E-01  5.8725487830E+00  9.0969611792E+00
 H13       -6.3314437441E+00  2.7019630424E+00  5.8203714253E+00  9.0146828949E+00
 O14        1.1028821259E-01  1.5542007017E+00  1.1576135768E+01  1.1680523217E+01
 H15       -1.0629692915E+00  1.0599866924E+00  1.2879807802E+01  1.2966993658E+01
 H16        1.7745570486E+00  1.1087206996E+00  1.2171733032E+01  1.2350279321E+01
 O17       -1.5111420492E+00  5.6946225533E+00  7.0532885139E+00  9.1902750328E+00
 H18       -1.0248248077E+00  6.9969621852E+00  5.8754726306E+00  9.1939612976E+00
 H19       -1.0575341859E+00  6.2924306171E+00  8.7144472542E+00  1.0800678338E+01

 Angles of vectors with respect to YZ/XZ/XY planes:
 Nucleus        YZ Angle          XZ Angle          XY Angle
 Ni1        4.5643865037E+00  4.7623118448E+00  8.3396229090E+01
 O2         3.1930635910E+01  1.0320908951E-01  5.8069156997E+01
 H3         3.9895298359E+01  7.6561826451E+00  4.9074466743E+01
 H4         3.6337352103E+01  1.0485599594E+01  5.1694372679E+01
 O5         4.0057139187E+01  1.5762587479E+01  4.5690312057E+01
 H6         4.0902550535E+01  1.4865167381E+01  4.5312551504E+01
 H7         7.6520953193E+01  7.0286727565E-01  1.3460015738E+01
 O8         3.7251362191E+00  3.8500990626E+01  5.1251042286E+01
 H9         2.5181710404E-02  4.0371287855E+01  4.9628700932E+01
 H10        2.4702445683E-01  5.1655192455E+01  3.8343713129E+01
 O11        4.5972961526E+01  7.6975295618E+00  4.2997660611E+01
 H12        4.9776008251E+01  9.8070107438E-01  4.0206970421E+01
 H13        4.4615682476E+01  1.7441334649E+01  4.0214772442E+01
 O14        5.4099828328E-01  7.6464059209E+00  8.2334251046E+01
 H15        4.7020977987E+00  4.6888745480E+00  8.3352097571E+01
 H16        8.2611714502E+00  5.1505437733E+00  8.0245629260E+01
 O17        9.4640296068E+00  3.8289536635E+01  5.0127511098E+01
 H18        6.3998981540E+00  4.9555870741E+01  3.9721597445E+01
 H19        5.6190436321E+00  3.5633330355E+01  5.3788580834E+01

 The Hessian:
  -3.6448383083E+00  1.4751598025E-01 -4.0397476409E-01
   1.4751598025E-01 -3.9475568647E+00 -1.5726478640E-01
  -4.0397476409E-01 -1.5726478640E-01 -3.5731694880E+00

 Eigenvalues of the Hessian: 
  -4.0152359269E+00 -4.0048440194E+00 -3.1454847148E+00

 Eigenvectors of the Hessian:
   7.5751120175E-01  1.7730317898E-02 -6.5258134746E-01
  -2.4550024616E-01  9.3399045415E-01 -2.5959865309E-01
   6.0490198244E-01  3.5685776912E-01  7.1186102875E-01

 The stress tensor:
  -9.1798994930E-01  3.7459079778E-02 -1.0393422738E-01
   3.7459079778E-02 -1.0015401465E+00 -4.1399888573E-02
  -1.0393422738E-01 -4.1399888573E-02 -9.0189327465E-01

 Eigenvalues of the stress tensor:
  -1.0164973167E+00 -1.0140264179E+00 -7.9089963588E-01

 Eigenvectors of the stress tensor:
   1.9007285285E-02  7.5446843166E-01 -6.5606105565E-01
   9.3471258893E-01 -2.4632651963E-01 -2.5619449997E-01
   3.5489589909E-01  6.0835896588E-01  7.0989313946E-01

 Minus divergence of the stress tensor: 
  -7.9592664418E+00 -3.1091607300E+00  8.6366436450E+00

 Values: 
 Rho(r)                   2.0404962396E-01
 |Grad(Rho(r))|           5.6924944224E-12
 Grad(Rho(r))x            3.7205415886E-12
 Grad(Rho(r))y            1.4691147604E-12
 Grad(Rho(r))z           -4.0501561523E-12
 DelSq(Rho(r))           -1.1165564661E+01
 G(r)                     1.5016102605E-02
 K(r)                     2.8064072679E+00
 L(r)                     2.7913911653E+00
 Vnuc(r)                  3.4002099999E+01
 V(r)                    -2.8214233705E+00
 Ven(r)                  -6.9381157187E+00
 Vrep(r)                  4.1166923483E+00
 DelSq(V(r))              6.7894241299E+02
 DelSq(Ven(r))            3.7965264616E+02
 DelSq(Vrep(r))           2.9928976683E+02
 DelSq(G(r))              5.2053496771E+01
 DelSq(K(r))             -7.3099590976E+02

 New critical point found: CP# 7     

 Number of Newton-Raphson Iterations:     7

 Coordinates of critical point and distance from molecular origin:
          X =   2.2408692635E+00
          Y =   5.8410649718E-01
          Z =   5.7339282626E+00
          R =   6.1838991564E+00

 Vectors and distances from nuclei to critical point:
 Nucleus           X                 Y                 Z                Dist  
 Ni1        2.2408692635E+00  5.8410649718E-01  5.7339282626E+00  6.1838991564E+00
 O2         7.4032778814E+00  6.3258337551E-02  6.7709445662E+00  1.0032856788E+01
 H3         8.6722107397E+00  1.2764852833E+00  6.2827568266E+00  1.0784696896E+01
 H4         8.0578909595E+00 -1.5811779531E+00  6.3349341843E+00  1.0371167801E+01
 O5         1.6161590028E+00 -4.3341561242E-01  5.7916984152E-01  1.7706656152E+00
 H6         2.7894165069E+00  6.0798396887E-02 -7.2450219226E-01  2.8826106780E+00
 H7        -4.8109833131E-02  1.2064389712E-02 -1.6427422320E-02  5.2249074127E-02
 O8         3.2375892647E+00 -4.5738374640E+00  5.1020170958E+00  7.5784267391E+00
 H9         2.7512720232E+00 -5.8761770959E+00  6.2798329790E+00  9.0296875501E+00
 H10        2.7839814013E+00 -5.1716455278E+00  3.4408583555E+00  6.8070534103E+00
 O11       -2.9215393545E+00  1.1049546568E+00  4.6969119591E+00  5.6406824893E+00
 H12       -4.1904722128E+00 -1.0827228896E-01  5.1850996987E+00  6.6676112019E+00
 H13       -3.5761524326E+00  2.7493909475E+00  5.1329223410E+00  6.8333672931E+00
 O14        2.8655795241E+00  1.6016286068E+00  1.0888686684E+01  1.1372785846E+01
 H15        1.6923220200E+00  1.1074145975E+00  1.2192358718E+01  1.2358961607E+01
 H16        4.5298483600E+00  1.1561486046E+00  1.1484283948E+01  1.2399394483E+01
 O17        1.2441492623E+00  5.7420504584E+00  6.3658394295E+00  8.6627341236E+00
 H18        1.7304665038E+00  7.0443900903E+00  5.1880235463E+00  8.9181575665E+00
 H19        1.6977571256E+00  6.3398585221E+00  8.0269981698E+00  1.0368649138E+01

 Angles of vectors with respect to YZ/XZ/XY planes:
 Nucleus        YZ Angle          XZ Angle          XY Angle
 Ni1        2.1245914050E+01  5.4200112167E+00  6.8007837047E+01
 O2         4.7553111740E+01  3.6125899655E-01  4.2444601411E+01
 H3         5.3525535419E+01  6.7975087532E+00  3.5630957163E+01
 H4         5.0982268836E+01  8.7694566533E+00  3.7648939831E+01
 O5         6.5886920931E+01  1.4168568575E+01  1.9092341938E+01
 H6         7.5391148958E+01  1.2085398462E+00  1.4556550084E+01
 H7         6.7040185352E+01  1.3350152758E+01  1.8324958197E+01
 O8         2.5290709679E+01  3.7123416247E+01  4.2316776941E+01
 H9         1.7739624622E+01  4.0599074450E+01  4.4064295007E+01
 H10        2.4141077684E+01  4.9441991217E+01  3.0363503894E+01
 O11        3.1194222594E+01  1.1296733727E+01  5.6375553284E+01
 H12        3.8938200251E+01  9.3044085439E-01  5.1046347653E+01
 H13        3.1556343411E+01  2.3725039030E+01  4.8690581864E+01
 O14        1.4594006292E+01  8.0958734123E+00  7.3222623076E+01
 H15        7.8702813065E+00  5.1408361657E+00  8.0581603206E+01
 H16        2.1427781550E+01  5.3501644691E+00  6.7849574320E+01
 O17        8.2574239801E+00  4.1517215347E+01  4.7294828152E+01
 H18        1.1188564761E+01  5.2175511790E+01  3.5572817341E+01
 H19        9.4240156109E+00  3.7694058318E+01  5.0728978722E+01

 The Hessian:
  -3.2710263799E+00 -1.8578645826E-01  2.5437750290E-01
  -1.8578645826E-01 -3.9503934953E+00 -6.1261383607E-02
   2.5437750290E-01 -6.1261383607E-02 -3.9182847199E+00

 Eigenvalues of the Hessian: 
  -4.0070822261E+00 -3.9965864186E+00 -3.1360359504E+00

 Eigenvectors of the Hessian:
  -3.7430223929E-01  1.2269584435E-01  9.1915372133E-01
  -2.6705360281E-01  9.3495144048E-01 -2.3355551197E-01
   8.8802038653E-01  3.3288366395E-01  3.1718805052E-01

 The stress tensor:
  -8.2238428716E-01 -4.7638346265E-02  6.4469633660E-02
  -4.7638346265E-02 -1.0022709998E+00 -1.6907979282E-02
   6.4469633660E-02 -1.6907979282E-02 -9.9022483475E-01

 Eigenvalues of the stress tensor:
  -1.0144171684E+00 -1.0119362940E+00 -7.8852665934E-01

 Eigenvectors of the stress tensor:
   1.1921342158E-01 -3.7037803041E-01  9.2119936751E-01
   9.3449310861E-01 -2.7159267069E-01 -2.3013050903E-01
   3.3542628114E-01  8.8828910599E-01  3.1373822545E-01

 Minus divergence of the stress tensor: 
   1.1190782966E+01 -2.7975906645E+00  3.8180829552E+00

 Values: 
 Rho(r)                   2.0382752313E-01
 |Grad(Rho(r))|           2.4674115394E-12
 Grad(Rho(r))x           -2.2695569111E-12
 Grad(Rho(r))y            5.7281707589E-13
 Grad(Rho(r))z           -7.8045610339E-13
 DelSq(Rho(r))           -1.1139704595E+01
 G(r)                     1.4976986445E-02
 K(r)                     2.7999031352E+00
 L(r)                     2.7849261488E+00
 Vnuc(r)                  3.4543425502E+01
 V(r)                    -2.8148801217E+00
 Ven(r)                  -7.0409008606E+00
 Vrep(r)                  4.2260207390E+00
 DelSq(V(r))              6.7695813203E+02
 DelSq(Ven(r))            3.8480355580E+02
 DelSq(Vrep(r))           2.9215457623E+02
 DelSq(G(r))              5.1875510399E+01
 DelSq(K(r))             -7.2883364243E+02

 New critical point found: CP# 8     

 Number of Newton-Raphson Iterations:     2

 Coordinates of critical point and distance from molecular origin:
          X =  -9.9671455415E-01
          Y =   5.1579499103E+00
          Z =   6.3191271834E-01
          R =   5.2912381220E+00

