AIMSum (Version 16.05.18, Professional)
Copyright (c) 1997-2016 by Todd A. Keith
AIMSum is a component of the AIMAll package ( http://aim.tkgristmill.com )

TP:  64-bit Linux

Licensed To:  Research Group of Fernando Cortes Guzman, UNAM, fercor@unam.mx

Much of the Quantum Theory of Atoms in Molecules (QTAIM) is described in the book:
  "Atoms in Molecules - A Quantum Theory"
  R.F.W. Bader, Oxford University Press, Oxford, 1990

For additional references see:  http://aim.tkgristmill.com/references.html

Wfx File:  /home/lillian/David/max_int/acercamiento/Ni23_32_alpha.wfx
Sum File:  /home/lillian/David/max_int/acercamiento/Ni23_32_alpha.sum

SumViz File:  /home/lillian/David/max_int/acercamiento/Ni23_32_alpha.sumviz

Wfx Title:   Ni23_32                                                                       
 
Total memory allocated for AIMSum =        1.294 Megabytes

Atomic units (a.u.) used throughout, except where stated otherwise

Model:  Unknown
 
Unrestricted, natural orbital wavefunction.
  Number of electrons (from MO Occs)                   =          44.0000000000
  Number of Alpha electrons (from MO Occs)             =          44.0000000000
  Number of Beta electrons (from MO Occs)              =           0.0000000000
  Number of electron pairs (N*(N-1)/2)                 =         946.0000000000
  Number of electron pairs (from Muller 2EDM)          =         946.0000000000
  Number of electron pairs (from Muller 2EDM, no SOSI) =         946.0000000000
 
Nuclear Charges and Cartesian Coordinates:
-------------------------------------------------------------------------------
Atom      Charge                X                  Y                  Z
-------------------------------------------------------------------------------
Ni1       28.0           3.0203316431E-07  -2.6008010578E-07   1.7791435688E-07
O2         8.0          -5.6245749104E+00  -2.3200710948E-01  -2.2086261337E+00
H3         1.0          -6.8075851345E+00  -1.4738204173E+00  -1.5905322394E+00
H4         1.0          -6.5731899634E+00   1.3211828543E+00  -2.3215655276E+00
O5         8.0           1.4488665450E+00   2.0074793023E+00   5.5171114397E+00
H6         1.0           6.7947364428E-01   1.6077803812E+00   7.1199622806E+00
H7         1.0           3.2075614575E+00   1.5359389251E+00   5.6424158158E+00
O8         8.0          -4.4435692314E-01   5.7511093005E+00   1.8152107788E+00
H9         1.0           1.1068478870E-01   7.2827768320E+00   1.0026806650E+00
H10        1.0           3.5420423178E-01   5.6820679052E+00   3.4539933114E+00
O11        8.0           5.6245749640E+00   2.3200573403E-01   2.2086279813E+00
H12        1.0           6.8075856578E+00   1.4738183200E+00   1.5905335336E+00
H13        1.0           6.5731893947E+00  -1.3211845611E+00   2.3215680040E+00
O14        8.0          -1.4488671326E+00  -2.0074778848E+00  -5.5171114760E+00
H15        1.0          -6.7947496761E-01  -1.6077780393E+00  -7.1199624392E+00
H16        1.0          -3.2075622344E+00  -1.5359379514E+00  -5.6424149173E+00
O17        8.0           4.4435763141E-01  -5.7511090459E+00  -1.8152128520E+00
H18        1.0          -1.1068336630E-01  -7.2827771136E+00  -1.0026832652E+00
H19        1.0          -3.5420398479E-01  -5.6820671716E+00  -3.4539951376E+00
 
Some Atomic Properties:
----------------------
  q(A) = Net Charge of Atom A
  L(A) = Lagrangian of Atom A = -(1/4) Times Atomic Integral of the Laplacian of the Electron Density
  K(A) = Electronic Kinetic Energy of Atom A (Hamiltonian Form)
  K_Scaled(A) = K(A) * E(Mol)/K(Mol) = Approximation to Virial-Based Total Energy of Atom A.
  |Mu_Intra(A)| = Magnitude of Intraatomic Dipole Moment of Atom A
--------------------------------------------------------------------------------------------------
Atom A          q(A)              L(A)              K(A)          K_Scaled(A)      |Mu_Intra(A)|
--------------------------------------------------------------------------------------------------
Ni1       1.3861379989E+01 -1.0949240389E-05  7.6243731640E+02 -7.6381827299E+02  2.1899128912E-08
O2        3.3873178057E+00 -1.1249529002E-05  3.7751043123E+01 -3.7819419303E+01  1.1440883603E-01
H3        8.1655826906E-01  6.0595525766E-06  1.6870348968E-01 -1.6900905211E-01  6.8683855219E-02
H4        8.1726802473E-01  6.7089212317E-06  1.6822816228E-01 -1.6853286378E-01  6.8405757729E-02
O5        3.3862312015E+00 -1.4389107268E-05  3.7752482191E+01 -3.7820860979E+01  1.2539686173E-01
H6        8.1753873365E-01  6.7902794920E-06  1.6805077007E-01 -1.6835515026E-01  6.8547995419E-02
H7        8.1916481467E-01  1.0174131781E-05  1.6614291691E-01 -1.6644384152E-01  6.7338936797E-02
O8        3.3887645337E+00 -2.1026281571E-05  3.7760659461E+01 -3.7829053059E+01  1.2472865537E-01
H9        8.1646156781E-01  6.4088541083E-06  1.6886701061E-01 -1.6917286921E-01  6.9104925523E-02
H10       8.1998891015E-01 -4.6743102723E-07  1.6568738110E-01 -1.6598748063E-01  6.7080683036E-02
O11       3.3873182384E+00 -1.1103766964E-05  3.7751042825E+01 -3.7819419005E+01  1.1440830922E-01
H12       8.1655794101E-01  5.5390410773E-06  1.6870341503E-01 -1.6900897732E-01  6.8684322837E-02
H13       8.1726845184E-01  6.9137264944E-06  1.6822801229E-01 -1.6853271351E-01  6.8405703109E-02
O14       3.3862310037E+00 -1.3488031579E-05  3.7752483382E+01 -3.7820862171E+01  1.2539708810E-01
H15       8.1753886338E-01  7.0538202197E-06  1.6805071838E-01 -1.6835509848E-01  6.8547737765E-02
H16       8.1916481940E-01  1.0173654882E-05  1.6614291365E-01 -1.6644383826E-01  6.7338933841E-02
O17       3.3887648542E+00 -2.0825599588E-05  3.7760659352E+01 -3.7829052950E+01  1.2472867244E-01
H18       8.1646120853E-01  6.2850456779E-06  1.6886714886E-01 -1.6917300771E-01  6.9104813645E-02
H19       8.1998889207E-01 -4.7506442043E-07  1.6568738687E-01 -1.6598748641E-01  6.7080699984E-02
--------------------------------------------------------------------------------------------------
Total     4.3999968122E+01 -3.1867024268E-05  9.9097704606E+02 -9.9277194284E+02
 
Molecular charge q(Mol) from the wfx file:   4.4000000000E+01
Molecular energy E(Mol) from the wfx file:  -1.9660619295E+03
Molecular virial ratio (-V(Mol)/T(Mol)) from the wfx file:   2.0018112395E+00
Full molecular virial ratio ((-V(Mol)+W(Mol))/T(Mol)) from the wfx file:   2.0014748055E+00
Note.  K_Scaled(A) = (1+V(Mol)/T(Mol))*K(A) = (E(Mol)/T(Mol))*K(A)
       Only use K_Scaled(A) data with caution.
 
N_AIMInt(SumA)     =         44.000032
N_Analytic(Mol)    =         44.000000
 
G_AIMInt(SumA)     =        990.977078
G_Analytic(Mol)    =        990.977041
 
K_AIMInt(SumA)     =        990.977046
K_Analytic(Mol)    =        990.977041
 
L_AIMInt(SumA)     =         -0.000032
L_Analytic(Mol)    =          0.000000
 
VenT_AIMInt(SumA)  =      -2876.316116
VenT_Analytic(Mol) =      -2876.315597
 
Some Information About the Atomic Calculations:
----------------------------------------------
  Time(sec) = "Elapsed User Time", in Seconds, for Atom A by AIMInt and, if used, by TWOe
  NProc = Number of Processors Used for AIMInt Job
  BIM = Basin Integration Method
  OAQ = Angular Quadrature Outside of Beta Sphere
  ORQ = Multiple of Default for Radial Quadrature Outside of Beta Sphere
  IAQ = Multiple of Default for Angular Quadrature Inside of Beta Sphere
  IRQ = Multiple of Default for Radial Quadrature Inside of Beta Sphere
  MIR = Maximum Integration Radius
------------------------------------------------------------------------------------------------------
Atom A     Time(sec)   NProc      BIM              OAQ                 ORQ      IAQ      IRQ      MIR
------------------------------------------------------------------------------------------------------
Ni1           884        8     Proaim(5)    4334      (Very High)      Auto     Auto     Auto    13.00
O2            621        8     Proaim(5)    4334      (Very High)      Auto     Auto     Auto    13.00
H3            310        8     Proaim(5)    2030      (Very High)      Auto     Auto     Auto    13.00
H4            193        8     Proaim(5)    2030      (Very High)      Auto     Auto     Auto    13.00
O5            783        8     Proaim(5)    4334      (Very High)      Auto     Auto     Auto    13.00
H6            305        8     Proaim(5)    2030      (Very High)      Auto     Auto     Auto    13.00
H7            467        8     Proaim(5)    4334      (Very High)      Auto     Auto     Auto    13.00
O8            923        8     Proaim(5)    4334      (Very High)      Auto     Auto     Auto    13.00
H9            169        8     Proaim(5)    2030      (Very High)      Auto     Auto     Auto    13.00
H10           484        8     Proaim(5)    4334      (Very High)      Auto     Auto     Auto    13.00
O11           772        8     Proaim(5)    4334      (Very High)      Auto     Auto     Auto    13.00
H12           147        8     Proaim(5)    2030      (Very High)      Auto     Auto     Auto    13.00
H13           169        8     Proaim(5)    2030      (Very High)      Auto     Auto     Auto    13.00
O14           555        8     Proaim(5)    4334      (Very High)      Auto     Auto     Auto    13.00
H15           248        8     Proaim(5)    2030      (Very High)      Auto     Auto     Auto    13.00
H16           582        8     Proaim(5)    4334      (Very High)      Auto     Auto     Auto    13.00
O17           832        8     Proaim(5)    4334      (Very High)      Auto     Auto     Auto    13.00
H18           175        8     Proaim(5)    2030      (Very High)      Auto     Auto     Auto    13.00
H19           571        8     Proaim(5)    4334      (Very High)      Auto     Auto     Auto    13.00
------------------------------------------------------------------------------------------------------
Total        9190
Note:  Total wall clock time is less than total of atomic times if more than one atom
       was calculated at a time
Note:  Total time does not include times for diatomic interaction energy calculations (4051 seconds)
 
Electron Density Critical Point Analysis of Molecular Structure:               
---------------------------------------------------------------                
  NACP = Nuclear Attractor Critical Point                                      
  NNACP = Non-Nuclear Attractor Critical Point                                 
  BCP = Bond Critical Point                                                    
  RCP = Ring Critical Point                                                    
  CCP = Cage Critical Point                                                    
  Rho = Electron Density                                                       
  GradRho = Gradient of Electron Density                                       
  HessRho_EigVals = Eigenvalues of the Hessian of Rho, Ascending Order         
  HessRho_EigVecs = Eigenvectors of the Hessian of Rho                         
  DelSqRho = Laplacian of Rho = Trace of Hessian of Rho                        
  Bond Ellipticity = (HessRho_EigVal(1) / HessRho_EigVal(2)) - 1               
  V = Virial Field = Potential Energy Density = Trace of Stress Tensor         
  G = Lagrangian Form of Kinetic Energy Density                                
  K = Hamiltonian Form of Kinetic Energy Density                               
  L = K - G = Lagrangian Density = (-1/4)DelSqRho                              
  Vnuc = Electrostatic Potential from Nuclei                                   
  Ven = Electron-nuclear attractive contribution to Virial Field V             
  Vrep = V - Ven = Repulsive contribution to Virial Field V                    
  DelSqV = Laplacian of V                                                      
  DelSqVen = Laplacian of Ven                                                  
  DelSqVrep = Laplacian of Vrep                                                
  DelSqG = Laplacian of G                                                      
  DelSqK = Laplacian of K                                                      
  Stress_EigVals = Eigenvalues of Stress Tensor, Ascending Order               
  Stress_EigVecs = Eigenvectors of Stress Tensor                               
  -DivStress = Ehrenfest Force Density = Minus Divergence of Stress Tensor     
  ESP = Total Electrostatic Potential                                          
  ESPe = Electrostatic Potential from Electrons                                
  ESPn = Electrostatic Potential from Nuclei                                   
  BP = Bond Path                                                               
  BPL = Bond Path Length                                                       
  GBL = Geometric Bond Length                                                  
  GBL_I = Distance Between Nuclear Attractors                                  
  GBL_II = Distance Between Nuclei                                             
  GBL_III = Sum of Distances Between BCP and Nuclear Attractors                
  GBL_IV = Sum of Distances Between BCP and Nuclei                             

CP# 1      Coords =  3.02033164337493E-07 -2.60080107780039E-07  1.77914357979645E-07
           Type = (3,-3) NACP Ni1
           Rho =  7.2848906268E+03     Rho at Nucleus =  7.2848906268E+03
           GradRho = -3.2957874101E-15 -2.5593092031E-15 -2.6000729813E-15
           HessRho_EigVals = -4.2221730289E+08 -4.2221727945E+08 -4.2221724592E+08
           HessRho_EigVec1 =  6.1046389868E-01  3.6175750580E-01 -7.0460296296E-01
           HessRho_EigVec2 =  7.2507071147E-01 -6.1326513180E-01  3.1333423285E-01
           HessRho_EigVec3 =  3.1875741839E-01  7.0216620903E-01  6.3667599540E-01
           DelSqRho = -1.2666518283E+09
           Bond Ellipticity = NA
           V = -3.1693217481E+08
           G =  1.3460886980E+05
           K =  3.1679756594E+08
           L =  3.1666295707E+08
           Vnuc =  2.8000000096E+09
           Ven = -2.0397693825E+13
           Vrep =  2.0397376893E+13
           DelSqV =  6.5848012049E+14
           DelSqVen =  6.1193081265E+29
           DelSqVrep = -6.1193081265E+29
           DelSqG =  1.8381539602E+13
           DelSqK = -6.7686166009E+14
           Stress_EigVals = -1.0564405961E+08 -1.0564405803E+08 -1.0564405716E+08
           Stress_EigVec1 =  2.9934688282E-01  8.3906841521E-01  4.5426384222E-01
           Stress_EigVec2 =  6.3875927088E-01 -5.2989817674E-01  5.5784811208E-01
           Stress_EigVec3 =  7.0878631308E-01  1.2317514721E-01 -6.9458609654E-01
           -DivStress = -6.3092867239E-03  4.3297948477E-01 -2.3825690576E-01
           ESP =  -6.0615271200E+01     ESP at Nucleus =  -6.0615271200E+01
           ESPe = -7.0259800400E+01     ESPe at Nucleus = -7.0259800400E+01
           ESPn =  9.6445292001E+00     ESPn at Nucleus =  9.6445292001E+00

CP# 2      Coords = -5.62458297662502E+00 -2.32005628643223E-01 -2.20862304712904E+00
           Type = (3,-3) NACP O2
           Rho =  1.4784607816E+02     Rho at Nucleus =  1.4784606237E+02
           GradRho =  6.0471292036E-11  4.7000280187E-12  4.7152217352E-11
           HessRho_EigVals = -4.1123448919E+05 -4.1122711202E+05 -4.1121770732E+05
           HessRho_EigVec1 =  8.3927724832E-02  9.6391025050E-01 -2.5265226296E-01
           HessRho_EigVec2 =  9.8719812204E-01 -1.1494046216E-01 -1.1058281056E-01
           HessRho_EigVec3 =  1.3563187250E-01  2.4013687582E-01  9.6121708060E-01
           DelSqRho = -1.2336793085E+06
           Bond Ellipticity = NA
           V = -3.0848905756E+05
           G =  3.4615213036E+01
           K =  3.0845444234E+05
           L =  3.0841982713E+05
           Vnuc =  9.1298078704E+05
           Ven = -1.3498062880E+08
           Vrep =  1.3467213974E+08
           DelSqV =  1.9621593420E+10
           DelSqVen =  1.1263255052E+12
           DelSqVrep = -1.1067039116E+12
           DelSqG =  8.5804743832E+08
           DelSqK = -2.0479640858E+10
           Stress_EigVals = -1.0283175407E+05 -1.0282937252E+05 -1.0282793097E+05
           Stress_EigVec1 =  1.5389240986E-01  2.3809740143E-01  9.5897171680E-01
           Stress_EigVec2 =  9.8444901587E-01 -1.2016016672E-01 -1.2814706193E-01
           Stress_EigVec3 =  8.4718718919E-02  9.6377962303E-01 -2.5288649015E-01
           -DivStress =  5.1523546958E+04 -9.4584500924E+03 -1.9714063016E+04
           ESP =  -5.4144624567E+00     ESP at Nucleus =  -5.4144596590E+00
           ESPe = -1.6981878491E+01     ESPe at Nucleus = -1.6981881932E+01
           ESPn =  1.1567416034E+01     ESPn at Nucleus =  1.1567422273E+01

CP# 3      Coords = -6.77457916344812E+00 -1.43793215593636E+00 -1.60775185327155E+00
           Type = (3,-3) NACP H3
           Rho =  2.0470883819E-01     Rho at Nucleus =  1.9998045912E-01
           GradRho =  1.1065904586E-12  1.2002112373E-12 -5.7812753117E-13
           HessRho_EigVals = -4.0268138966E+00 -4.0165399260E+00 -3.1653463332E+00
           HessRho_EigVec1 =  7.3746732616E-01 -6.7519496805E-01  1.5927898948E-02
           HessRho_EigVec2 =  2.1472787403E-01  2.5676132827E-01  9.4231924549E-01
           HessRho_EigVec3 =  6.4033888134E-01  6.9150949048E-01 -3.3433627027E-01
           DelSqRho = -1.1208700156E+01
           Bond Ellipticity = NA
           V = -2.8327580436E+00
           G =  1.5291502293E-02
           K =  2.8174665413E+00
           L =  2.8021750390E+00
           Vnuc =  3.3427392751E+01
           Ven = -6.8428827339E+00
           Vrep =  4.0101246903E+00
           DelSqV =  6.8257988542E+02
           DelSqVen =  3.7467762234E+02
           DelSqVrep =  3.0790226308E+02
           DelSqG =  5.2278574639E+01
           DelSqK = -7.3485846006E+02
           Stress_EigVals = -1.0196294817E+00 -1.0171686085E+00 -7.9595995333E-01
           Stress_EigVec1 =  2.1189192460E-01  2.5771675111E-01  9.4270031743E-01
           Stress_EigVec2 =  7.4119785644E-01 -6.7107488178E-01  1.6859438444E-02
           Stress_EigVec3 =  6.3696746377E-01  6.9515507568E-01 -3.3321445174E-01
           -DivStress = -7.7215538184E+00 -8.4036320907E+00  4.0269712532E+00
           ESP =   6.5526387527E+00     ESP at Nucleus =   6.4672508067E+00
           ESPe = -7.5359627578E+00     ESPe at Nucleus = -7.4526503874E+00
           ESPn =  1.4088601510E+01     ESPn at Nucleus =  1.3919901194E+01

CP# 4      Coords = -6.54690269444144E+00  1.27672826172402E+00 -2.31779007555099E+00
           Type = (3,-3) NACP H4
           Rho =  2.0450756456E-01     Rho at Nucleus =  1.9977225787E-01
           GradRho =  2.4351709343E-14 -3.8376912012E-14  4.0662265560E-15
           HessRho_EigVals = -4.0222079505E+00 -4.0119656646E+00 -3.1598913551E+00
           HessRho_EigVec1 =  8.3412617270E-01  4.7298833535E-01 -2.8375264341E-01
           HessRho_EigVec2 =  2.0984133473E-01  2.0363499501E-01  9.5629462147E-01
           HessRho_EigVec3 = -5.1009816923E-01  8.5721340600E-01 -7.0604775409E-02
           DelSqRho = -1.1194064970E+01
           Bond Ellipticity = NA
           V = -2.8290136054E+00
           G =  1.5248681433E-02
           K =  2.8137649240E+00
           L =  2.7985162425E+00
           Vnuc =  3.3384934938E+01
           Ven = -6.8274717372E+00
           Vrep =  3.9984581318E+00
           DelSqV =  6.8149146982E+02
           DelSqVen =  3.7371313072E+02
           DelSqVrep =  3.0777833910E+02
           DelSqG =  5.2195412735E+01
           DelSqK = -7.3368688256E+02
           Stress_EigVals = -1.0184503173E+00 -1.0159804023E+00 -7.9458288580E-01
           Stress_EigVec1 =  2.0604893922E-01  2.0297369887E-01  9.5725937562E-01
           Stress_EigVec2 =  8.3742276713E-01  4.6950176449E-01 -2.7980565083E-01
           Stress_EigVec3 = -5.0622815384E-01  8.5928445274E-01 -7.3234456026E-02
           -DivStress = -6.1402947296E+00  1.0392225567E+01 -8.8713993479E-01
           ESP =   6.5440268174E+00     ESP at Nucleus =   6.4588439461E+00
           ESPe = -7.5295736365E+00     ESPe at Nucleus = -7.4464983295E+00
           ESPn =  1.4073600454E+01     ESPn at Nucleus =  1.3905342276E+01

CP# 5      Coords =  1.44887015694569E+00  2.00747467400670E+00  5.51711797599424E+00
           Type = (3,-3) NACP O5
           Rho =  1.4785630030E+02     Rho at Nucleus =  1.4785628443E+02
           GradRho = -4.8522063104E-12 -6.8934954967E-11  4.5789587400E-12
           HessRho_EigVals = -4.1126287989E+05 -4.1125535228E+05 -4.1124683501E+05
           HessRho_EigVec1 =  8.5169021338E-01 -1.8047798774E-02 -5.2373472043E-01
           HessRho_EigVec2 =  5.0184758173E-01 -2.5970449651E-01  8.2504701636E-01
           HessRho_EigVec3 =  1.5090654440E-01  9.6551947233E-01  2.1213053388E-01
           DelSqRho = -1.2337650672E+06
           Bond Ellipticity = NA
           V = -3.0851043721E+05
           G =  3.4585208514E+01
           K =  3.0847585200E+05
           L =  3.0844126679E+05
           Vnuc =  9.1057304067E+05
           Ven = -1.3463396095E+08
           Vrep =  1.3432545051E+08
           DelSqV =  1.9622948444E+10
           DelSqVen =  1.1234332091E+12
           DelSqVrep = -1.1038102606E+12
           DelSqG =  8.5810724152E+08
           DelSqK = -2.0481055686E+10
           Stress_EigVals = -1.0283874345E+05 -1.0283658218E+05 -1.0283511159E+05
           Stress_EigVec1 =  1.6174072953E-01  9.5951188979E-01  2.3060110532E-01
           Stress_EigVec2 =  5.0212105702E-01 -2.8118541943E-01  8.1780755927E-01
           Stress_EigVec3 =  8.4953774520E-01 -1.6483120500E-02 -5.2727025919E-01
           -DivStress = -2.3073949858E+04  2.9563242567E+04 -4.1753822845E+04
           ESP =  -5.2518147024E+00     ESP at Nucleus =  -5.2518126831E+00
           ESPe = -1.7155686269E+01     ESPe at Nucleus = -1.7155688878E+01
           ESPn =  1.1903871566E+01     ESPn at Nucleus =  1.1903876194E+01

CP# 6      Coords =  7.02141358773350E-01  1.61847819723873E+00  7.07462492741793E+00
           Type = (3,-3) NACP H6
           Rho =  2.0472063439E-01     Rho at Nucleus =  1.9997301775E-01
           GradRho =  6.6957724087E-14  3.1511631412E-14 -1.3579046741E-13
           HessRho_EigVals = -4.0300982866E+00 -4.0202395184E+00 -3.1650349457E+00
           HessRho_EigVec1 = -8.8562500886E-01  2.7672482298E-01 -3.7295001812E-01
           HessRho_EigVec2 =  1.6434542769E-01  9.3786259623E-01  3.0562122142E-01
           HessRho_EigVec3 = -4.3434885066E-01 -2.0937316669E-01  8.7607302949E-01
           DelSqRho = -1.1215372751E+01
           Bond Ellipticity = NA
           V = -2.8343070292E+00
           G =  1.5231920755E-02
           K =  2.8190751084E+00
           L =  2.8038431877E+00
           Vnuc =  3.3337408608E+01
           Ven = -6.8248554392E+00
           Vrep =  3.9905484100E+00
           DelSqV =  6.8281768234E+02
           DelSqVen =  3.7389146408E+02
           DelSqVrep =  3.0892621826E+02
           DelSqG =  5.2339588171E+01
           DelSqK = -7.3515727051E+02
           Stress_EigVals = -1.0203956632E+00 -1.0180387884E+00 -7.9587257759E-01
           Stress_EigVec1 =  1.6387847205E-01  9.3851845365E-01  3.0385351497E-01
           Stress_EigVec2 =  8.8352312570E-01 -2.7664390223E-01  3.7796168817E-01
           Stress_EigVec3 = -4.3878324120E-01 -2.0652182335E-01  8.7453873769E-01
           -DivStress = -5.3137556792E+00 -2.4995268685E+00  1.0616527423E+01
           ESP =   6.5234023211E+00     ESP at Nucleus =   6.4341407578E+00
           ESPe = -7.5108002804E+00     ESPe at Nucleus = -7.4235202048E+00
           ESPn =  1.4034202601E+01     ESPn at Nucleus =  1.3857660963E+01

CP# 7      Coords =  3.15694914025593E+00  1.54898365795009E+00  5.64010774478855E+00
           Type = (3,-3) NACP H7
           Rho =  2.0310816223E-01     Rho at Nucleus =  1.9833122277E-01
           GradRho = -4.6719464805E-11  1.2085301076E-11 -2.2581534014E-12
           HessRho_EigVals = -3.9825108109E+00 -3.9725457730E+00 -3.1148716368E+00
           HessRho_EigVec1 = -1.1538125974E-01 -2.5371388702E-01  9.6037306732E-01
           HessRho_EigVec2 =  2.2846427665E-01  9.3413179513E-01  2.7422958196E-01
           HessRho_EigVec3 =  9.6669087055E-01 -2.5105189276E-01  4.9816743608E-02
           DelSqRho = -1.1069928221E+01
           Bond Ellipticity = NA
           V = -2.7982239419E+00
           G =  1.5370943382E-02
           K =  2.7828529986E+00
           L =  2.7674820552E+00
           Vnuc =  3.4379248753E+01
           Ven = -6.9827060330E+00
           Vrep =  4.1844820910E+00
           DelSqV =  6.7248772124E+02
           DelSqVen =  3.8057581601E+02
           DelSqVrep =  2.9191190523E+02
           DelSqG =  5.1426207947E+01
           DelSqK = -7.2391392919E+02
           Stress_EigVals = -1.0083769500E+00 -1.0060565621E+00 -7.8379042988E-01
           Stress_EigVec1 =  2.2638312244E-01  9.3286462891E-01  2.8020397215E-01
           Stress_EigVec2 = -1.1223328526E-01 -2.6077408057E-01  9.5885377852E-01
           Stress_EigVec3 =  9.6755070748E-01 -2.4851652469E-01  4.5663611389E-02
           -DivStress =  1.1697284941E+01 -3.0091217337E+00  5.3033350733E-01
           ESP =   7.1247521608E+00     ESP at Nucleus =   7.0502336620E+00
           ESPe = -8.1403569324E+00     ESPe at Nucleus = -8.0682867847E+00
           ESPn =  1.5265109093E+01     ESPn at Nucleus =  1.5118520447E+01

CP# 8      Coords = -4.44350149062245E-01  5.75111437639586E+00  1.81521332326699E+00
           Type = (3,-3) NACP O8
           Rho =  1.4786535148E+02     Rho at Nucleus =  1.4786533541E+02
           GradRho = -4.9448778405E-12 -9.1125024193E-11  3.1864150207E-11
           HessRho_EigVals = -4.1128735691E+05 -4.1127997659E+05 -4.1127097775E+05
           HessRho_EigVec1 =  6.6101788407E-02 -5.6896983387E-01  8.1969743303E-01
           HessRho_EigVec2 =  4.6931587582E-01  7.4268288391E-01  4.7766593206E-01
           HessRho_EigVec3 =  8.8055275950E-01 -3.5312244632E-01 -3.1611924274E-01
           DelSqRho = -1.2338383112E+06
           Bond Ellipticity = NA
           V = -3.0852884714E+05
           G =  3.4634663054E+01
           K =  3.0849421247E+05
           L =  3.0845957781E+05
           Vnuc =  9.0509159133E+05
           Ven = -1.3383168627E+08
           Vrep =  1.3352315743E+08
           DelSqV =  1.9624107704E+10
           DelSqVen =  1.1167366804E+12
           DelSqVrep = -1.0971125727E+12
           DelSqG =  8.5815684998E+08
           DelSqK = -2.0482264554E+10
           Stress_EigVals = -1.0284493295E+05 -1.0284267710E+05 -1.0284123709E+05
           Stress_EigVec1 =  8.6660304379E-01 -3.7487342088E-01 -3.2934644801E-01
           Stress_EigVec2 =  4.9512760076E-01  7.2803447985E-01  4.7414602720E-01
           Stress_EigVec3 =  6.2030826751E-02 -5.7396490700E-01  8.1652707369E-01
           -DivStress = -4.3273896003E+04 -3.2428768423E+04 -1.6256814816E+04
           ESP =  -5.4624942014E+00     ESP at Nucleus =  -5.4624933510E+00
           ESPe = -1.6963641155E+01     ESPe at Nucleus = -1.6963642592E+01
           ESPn =  1.1501146954E+01     ESPn at Nucleus =  1.1501149241E+01

CP# 9      Coords =  9.58248315098359E-02  7.23918925691646E+00  1.02641499900563E+00
           Type = (3,-3) NACP H9
           Rho =  2.0531048739E-01     Rho at Nucleus =  2.0054899033E-01
           GradRho = -2.8431033569E-15 -1.0022148042E-14  4.8671461826E-15
           HessRho_EigVals = -4.0413497976E+00 -4.0312364026E+00 -3.1739670781E+00
           HessRho_EigVec1 =  4.9121031046E-01  2.7728237035E-01  8.2572811384E-01
           HessRho_EigVec2 =  8.2104353578E-01 -4.6394551888E-01 -3.3262902439E-01
           HessRho_EigVec3 =  2.9086069390E-01  8.4134953652E-01 -4.5555572012E-01
           DelSqRho = -1.1246553278E+01
           Bond Ellipticity = NA
           V = -2.8422819719E+00
           G =  1.5321826189E-02
           K =  2.8269601458E+00
           L =  2.8116383196E+00
           Vnuc =  3.3086818845E+01
           Ven = -6.7930709032E+00
           Vrep =  3.9507889313E+00
           DelSqV =  6.8467704972E+02
           DelSqVen =  3.7211267095E+02
           DelSqVrep =  3.1256437877E+02
           DelSqG =  5.2482564808E+01
           DelSqK = -7.3715961453E+02
           Stress_EigVals = -1.0232745093E+00 -1.0208644509E+00 -7.9814301176E-01
           Stress_EigVec1 =  8.2432432780E-01 -4.6063237899E-01 -3.2910061383E-01
           Stress_EigVec2 =  4.8828935906E-01  2.8435377320E-01  8.2505541238E-01
           Stress_EigVec3 =  2.8646623610E-01  8.4080957600E-01 -4.5932162205E-01
           -DivStress =  3.4799910038E+00  1.0235874621E+01 -5.5767323472E+00
           ESP =   6.3927204514E+00     ESP at Nucleus =   6.3050964752E+00
           ESPe = -7.3918615123E+00     ESPe at Nucleus = -7.3061361083E+00
           ESPn =  1.3784581964E+01     ESPn at Nucleus =  1.3611232584E+01

CP# 10     Coords =  3.32021417486631E-01  5.68527914057580E+00  3.40649315155903E+00
           Type = (3,-3) NACP H10
           Rho =  2.0308279642E-01     Rho at Nucleus =  1.9827496825E-01
           GradRho = -7.0073634395E-13  9.6108017378E-14 -1.4934594360E-12
           HessRho_EigVals = -3.9794721174E+00 -3.9692488333E+00 -3.1074638582E+00
           HessRho_EigVec1 =  4.0398016528E-01  9.0476382025E-01 -1.3491647650E-01
           HessRho_EigVec2 =  8.0973302107E-01 -4.2230255229E-01 -4.0742237165E-01
           HessRho_EigVec3 =  4.2559659380E-01 -5.5344230928E-02  9.0321899640E-01
           DelSqRho = -1.1056184809E+01
           Bond Ellipticity = NA
           V = -2.7947990096E+00
           G =  1.5376403663E-02
           K =  2.7794226059E+00
           L =  2.7640462022E+00
           Vnuc =  3.4174858649E+01
           Ven = -6.9403258617E+00
           Vrep =  4.1455268521E+00
           DelSqV =  6.7107606021E+02
           DelSqVen =  3.7784355304E+02
           DelSqVrep =  2.9323250717E+02
           DelSqG =  5.1314616111E+01
           DelSqK = -7.2239067632E+02
           Stress_EigVals = -1.0076088707E+00 -1.0052275266E+00 -7.8196261233E-01
           Stress_EigVec1 = -8.1013989016E-01  4.2341389378E-01  4.0545534024E-01
           Stress_EigVec2 =  4.0692599007E-01  9.0402124906E-01 -1.3098404425E-01
           Stress_EigVec3 =  4.2200070733E-01 -5.8874916533E-02  9.0468179335E-01
           -DivStress =  5.1110146769E+00 -7.4251426907E-01  1.0964444358E+01
           ESP =   7.0530024625E+00     ESP at Nucleus =   6.9818566904E+00
           ESPe = -8.0825399763E+00     ESPe at Nucleus = -8.0137944458E+00
           ESPn =  1.5135542439E+01     ESPn at Nucleus =  1.4995651136E+01

CP# 11     Coords =  5.62458303019437E+00  2.32004253187772E-01  2.20862489471869E+00
           Type = (3,-3) NACP O11
           Rho =  1.4784607818E+02     Rho at Nucleus =  1.4784606239E+02
           GradRho = -1.0799202765E-10 -6.2208333103E-13  1.5436024963E-11
           HessRho_EigVals = -4.1123448924E+05 -4.1122711207E+05 -4.1121770738E+05
           HessRho_EigVec1 =  8.3928097991E-02  9.6391011152E-01 -2.5265266924E-01
           HessRho_EigVec2 =  9.8719808120E-01 -1.1494088447E-01 -1.1058273620E-01
           HessRho_EigVec3 =  1.3563193885E-01  2.4013723156E-01  9.6121698236E-01
           DelSqRho = -1.2336793087E+06
           Bond Ellipticity = NA
           V = -3.0848905760E+05
           G =  3.4615212965E+01
           K =  3.0845444239E+05
           L =  3.0841982717E+05
           Vnuc =  9.1298075308E+05
           Ven = -1.3498062380E+08
           Vrep =  1.3467213474E+08
           DelSqV =  1.9621593423E+10
           DelSqVen =  1.1263254652E+12
           DelSqVrep = -1.1067038717E+12
           DelSqG =  8.5804743844E+08
           DelSqK = -2.0479640861E+10
           Stress_EigVals = -1.0283175408E+05 -1.0282937253E+05 -1.0282793099E+05
           Stress_EigVec1 =  1.5389248867E-01  2.3809774758E-01  9.5897161821E-01
           Stress_EigVec2 =  9.8444897165E-01 -1.2016059622E-01 -1.2814699891E-01
           Stress_EigVec3 =  8.4719089601E-02  9.6377948397E-01 -2.5288689595E-01
           -DivStress = -5.1523542814E+04  9.4584804407E+03  1.9714065222E+04
           ESP =  -5.4144626271E+00     ESP at Nucleus =  -5.4144598294E+00
           ESPe = -1.6981878316E+01     ESPe at Nucleus = -1.6981881758E+01
           ESPn =  1.1567415689E+01     ESPn at Nucleus =  1.1567421928E+01

CP# 12     Coords =  6.77457967312360E+00  1.43793007855097E+00  1.60775316323579E+00
           Type = (3,-3) NACP H12
           Rho =  2.0470883783E-01     Rho at Nucleus =  1.9998045874E-01
           GradRho = -1.1076306235E-12 -1.2002649108E-12  5.7754775194E-13
           HessRho_EigVals = -4.0268138874E+00 -4.0165399174E+00 -3.1653463227E+00
           HessRho_EigVec1 =  7.3746706591E-01 -6.7519524582E-01  1.5928173749E-02
           HessRho_EigVec2 =  2.1472798937E-01  2.5676164670E-01  9.4231913244E-01
           HessRho_EigVec3 =  6.4033914239E-01  6.9150910103E-01 -3.3433657580E-01
           DelSqRho = -1.1208700127E+01
           Bond Ellipticity = NA
           V = -2.8327580362E+00
           G =  1.5291502163E-02
           K =  2.8174665340E+00
           L =  2.8021750319E+00
           Vnuc =  3.3427392578E+01
           Ven = -6.8428826861E+00
           Vrep =  4.0101246499E+00
           DelSqV =  6.8257988334E+02
           DelSqVen =  3.7467761945E+02
           DelSqVrep =  3.0790226389E+02
           DelSqG =  5.2278574470E+01
           DelSqK = -7.3485845781E+02
           Stress_EigVals = -1.0196294793E+00 -1.0171686062E+00 -7.9595995069E-01
           Stress_EigVec1 =  2.1189203099E-01  2.5771707798E-01  9.4270020416E-01
           Stress_EigVec2 =  7.4119760044E-01 -6.7107515739E-01  1.6859722391E-02
           Stress_EigVec3 =  6.3696772627E-01  6.9515468844E-01 -3.3321475784E-01
           -DivStress =  7.7215569960E+00  8.4036273972E+00 -4.0269749450E+00
           ESP =   6.5526386866E+00     ESP at Nucleus =   6.4672507425E+00
           ESPe = -7.5359626956E+00     ESPe at Nucleus = -7.4526503272E+00
           ESPn =  1.4088601382E+01     ESPn at Nucleus =  1.3919901070E+01

CP# 13     Coords =  6.54690214352237E+00 -1.27672995952365E+00  2.31779253371700E+00
           Type = (3,-3) NACP H13
           Rho =  2.0450756552E-01     Rho at Nucleus =  1.9977225879E-01
           GradRho = -2.3086065937E-14  3.8847664760E-14 -3.3562808091E-15
           HessRho_EigVals = -4.0222079677E+00 -4.0119656823E+00 -3.1598913658E+00
           HessRho_EigVec1 =  8.3412635914E-01  4.7298788237E-01 -2.8375285041E-01
           HessRho_EigVec2 =  2.0984142832E-01  2.0363530842E-01  9.5629453419E-01
           HessRho_EigVec3 = -5.1009782586E-01  8.5721358149E-01 -7.0605125592E-02
           DelSqRho = -1.1194065016E+01
           Bond Ellipticity = NA
           V = -2.8290136169E+00
           G =  1.5248681455E-02
           K =  2.8137649354E+00
           L =  2.7985162540E+00
           Vnuc =  3.3384934702E+01
           Ven = -6.8274717209E+00
           Vrep =  3.9984581040E+00
           DelSqV =  6.8149147224E+02
           DelSqVen =  3.7371312960E+02
           DelSqVrep =  3.0777834263E+02
           DelSqG =  5.2195412921E+01
           DelSqK = -7.3368688516E+02
           Stress_EigVals = -1.0184503216E+00 -1.0159804067E+00 -7.9458288852E-01
           Stress_EigVec1 =  2.0604902406E-01  2.0297401064E-01  9.5725929125E-01
           Stress_EigVec2 =  8.3742295433E-01  4.6950131351E-01 -2.7980584729E-01
           Stress_EigVec3 = -5.0622780964E-01  8.5928462550E-01 -7.3234808203E-02
           -DivStress =  6.1402906095E+00 -1.0392227721E+01  8.8714420697E-01
           ESP =   6.5440267183E+00     ESP at Nucleus =   6.4588438479E+00
           ESPe = -7.5295735404E+00     ESPe at Nucleus = -7.4464982345E+00
           ESPn =  1.4073600259E+01     ESPn at Nucleus =  1.3905342082E+01

CP# 14     Coords = -1.44887074460857E+00 -2.00747325650489E+00 -5.51711801224473E+00
           Type = (3,-3) NACP O14
           Rho =  1.4785630030E+02     Rho at Nucleus =  1.4785628443E+02
           GradRho = -3.5486876458E-11  6.8703584488E-12  1.5048296984E-10
           HessRho_EigVals = -4.1126287989E+05 -4.1125535227E+05 -4.1124683501E+05
           HessRho_EigVec1 =  8.5169000455E-01 -1.8047318991E-02 -5.2373507657E-01
           HessRho_EigVec2 =  5.0184799485E-01 -2.5970471396E-01  8.2504669662E-01
           HessRho_EigVec3 =  1.5090634917E-01  9.6551942281E-01  2.1213089816E-01
           DelSqRho = -1.2337650672E+06
           Bond Ellipticity = NA
           V = -3.0851043721E+05
           G =  3.4585208544E+01
           K =  3.0847585200E+05
           L =  3.0844126679E+05
           Vnuc =  9.1057304730E+05
           Ven = -1.3463396193E+08
           Vrep =  1.3432545149E+08
           DelSqV =  1.9622948444E+10
           DelSqVen =  1.1234332155E+12
           DelSqVrep = -1.1038102672E+12
           DelSqG =  8.5810724152E+08
           DelSqK = -2.0481055686E+10
           Stress_EigVals = -1.0283874345E+05 -1.0283658218E+05 -1.0283511159E+05
           Stress_EigVec1 =  1.6174054353E-01  9.5951183519E-01  2.3060146292E-01
           Stress_EigVec2 =  5.0212147387E-01 -2.8118563392E-01  8.1780722958E-01
           Stress_EigVec3 =  8.4953753423E-01 -1.6482639380E-02 -5.2727061415E-01
           -DivStress =  2.3073974640E+04 -2.9563254124E+04  4.1753800417E+04
           ESP =  -5.2518146115E+00     ESP at Nucleus =  -5.2518125922E+00
           ESPe = -1.7155686367E+01     ESPe at Nucleus = -1.7155688976E+01
           ESPn =  1.1903871756E+01     ESPn at Nucleus =  1.1903876383E+01

CP# 15     Coords = -7.02142661658873E-01 -1.61847588176185E+00 -7.07462508199096E+00
           Type = (3,-3) NACP H15
           Rho =  2.0472063430E-01     Rho at Nucleus =  1.9997301765E-01
           GradRho = -6.6977266832E-14 -3.1602379134E-14  1.3346048984E-13
           HessRho_EigVals = -4.0300982888E+00 -4.0202395207E+00 -3.1650349451E+00
           HessRho_EigVec1 = -8.8562523010E-01  2.7672474300E-01 -3.7294955211E-01
           HessRho_EigVec2 =  1.6434528622E-01  9.3786250619E-01  3.0562157382E-01
           HessRho_EigVec3 = -4.3434845310E-01 -2.0937367576E-01  8.7607310494E-01
           DelSqRho = -1.1215372755E+01
           Bond Ellipticity = NA
           V = -2.8343070300E+00
           G =  1.5231920671E-02
           K =  2.8190751093E+00
           L =  2.8038431887E+00
           Vnuc =  3.3337408638E+01
           Ven = -6.8248554424E+00
           Vrep =  3.9905484124E+00
           DelSqV =  6.8281768241E+02
           DelSqVen =  3.7389146455E+02
           DelSqVrep =  3.0892621786E+02
           DelSqG =  5.2339588231E+01
           DelSqK = -7.3515727064E+02
           Stress_EigVals = -1.0203956637E+00 -1.0180387889E+00 -7.9587257739E-01
           Stress_EigVec1 =  1.6387832721E-01  9.3851836500E-01  3.0385386690E-01
           Stress_EigVec2 =  8.8352334916E-01 -2.7664382252E-01  3.7796122413E-01
           Stress_EigVec3 = -4.3878284534E-01 -2.0652233298E-01  8.7453881596E-01
           -DivStress =  5.3137508947E+00  2.4995330574E+00 -1.0616528393E+01
           ESP =   6.5234023529E+00     ESP at Nucleus =   6.4341407884E+00
           ESPe = -7.5108003158E+00     ESPe at Nucleus = -7.4235202389E+00
           ESPn =  1.4034202669E+01     ESPn at Nucleus =  1.3857661027E+01

CP# 16     Coords = -3.15694991248759E+00 -1.54898267086263E+00 -5.64010687326996E+00
           Type = (3,-3) NACP H16
           Rho =  2.0310816074E-01     Rho at Nucleus =  1.9833122133E-01
           GradRho =  4.6720780243E-11 -1.2085630131E-11  2.2595423660E-12
           HessRho_EigVals = -3.9825107743E+00 -3.9725457365E+00 -3.1148716062E+00
           HessRho_EigVec1 = -1.1538078826E-01 -2.5371435221E-01  9.6037300107E-01
           HessRho_EigVec2 =  2.2846412468E-01  9.3413173673E-01  2.7422990751E-01
           HessRho_EigVec3 =  9.6669096274E-01 -2.5105163995E-01  4.9816228732E-02
           DelSqRho = -1.1069928117E+01
           Bond Ellipticity = NA
           V = -2.7982239164E+00
           G =  1.5370943585E-02
           K =  2.7828529728E+00
