AIMSum (Version 16.05.18, Professional)
Copyright (c) 1997-2016 by Todd A. Keith
AIMSum is a component of the AIMAll package ( http://aim.tkgristmill.com )

TP:  64-bit Linux

Licensed To:  Research Group of Fernando Cortes Guzman, UNAM, fercor@unam.mx

Much of the Quantum Theory of Atoms in Molecules (QTAIM) is described in the book:
  "Atoms in Molecules - A Quantum Theory"
  R.F.W. Bader, Oxford University Press, Oxford, 1990

For additional references see:  http://aim.tkgristmill.com/references.html

Wfx File:  /home/lillian/David/max_int/acercamiento/Ni23_32.wfx
Sum File:  /home/lillian/David/max_int/acercamiento/Ni23_32.sum

SumViz File:  /home/lillian/David/max_int/acercamiento/Ni23_32.sumviz

Wfx Title:   Ni23_32                                                                       
 
Total memory allocated for AIMSum =        1.294 Megabytes

Atomic units (a.u.) used throughout, except where stated otherwise

Model:  Unrestricted SCF
 
Unrestricted, single-determinant wavefunction.
  Number of electrons (from MO Occs)                   =          86.0000000000
  Number of Alpha electrons (from MO Occs)             =          44.0000000000
  Number of Beta electrons (from MO Occs)              =          42.0000000000
  Number of electron pairs (N*(N-1)/2)                 =        3655.0000000000
  Number of electron pairs (from Muller 2EDM)          =        3655.0000000000
 
Nuclear Charges and Cartesian Coordinates:
-------------------------------------------------------------------------------
Atom      Charge                X                  Y                  Z
-------------------------------------------------------------------------------
Ni1       28.0           3.0203316431E-07  -2.6008010578E-07   1.7791435688E-07
O2         8.0          -5.6245749104E+00  -2.3200710948E-01  -2.2086261337E+00
H3         1.0          -6.8075851345E+00  -1.4738204173E+00  -1.5905322394E+00
H4         1.0          -6.5731899634E+00   1.3211828543E+00  -2.3215655276E+00
O5         8.0           1.4488665450E+00   2.0074793023E+00   5.5171114397E+00
H6         1.0           6.7947364428E-01   1.6077803812E+00   7.1199622806E+00
H7         1.0           3.2075614575E+00   1.5359389251E+00   5.6424158158E+00
O8         8.0          -4.4435692314E-01   5.7511093005E+00   1.8152107788E+00
H9         1.0           1.1068478870E-01   7.2827768320E+00   1.0026806650E+00
H10        1.0           3.5420423178E-01   5.6820679052E+00   3.4539933114E+00
O11        8.0           5.6245749640E+00   2.3200573403E-01   2.2086279813E+00
H12        1.0           6.8075856578E+00   1.4738183200E+00   1.5905335336E+00
H13        1.0           6.5731893947E+00  -1.3211845611E+00   2.3215680040E+00
O14        8.0          -1.4488671326E+00  -2.0074778848E+00  -5.5171114760E+00
H15        1.0          -6.7947496761E-01  -1.6077780393E+00  -7.1199624392E+00
H16        1.0          -3.2075622344E+00  -1.5359379514E+00  -5.6424149173E+00
O17        8.0           4.4435763141E-01  -5.7511090459E+00  -1.8152128520E+00
H18        1.0          -1.1068336630E-01  -7.2827771136E+00  -1.0026832652E+00
H19        1.0          -3.5420398479E-01  -5.6820671716E+00  -3.4539951376E+00
 
Some Atomic Properties:
----------------------
  q(A) = Net Charge of Atom A
  L(A) = Lagrangian of Atom A = -(1/4) Times Atomic Integral of the Laplacian of the Electron Density
  K(A) = Electronic Kinetic Energy of Atom A (Hamiltonian Form)
  K_Scaled(A) = K(A) * E(Mol)/K(Mol) = Approximation to Virial-Based Total Energy of Atom A.
  |Mu_Intra(A)| = Magnitude of Intraatomic Dipole Moment of Atom A
--------------------------------------------------------------------------------------------------
Atom A          q(A)              L(A)              K(A)          K_Scaled(A)      |Mu_Intra(A)|
--------------------------------------------------------------------------------------------------
Ni1       1.6785861120E+00 -2.4145566675E-05  1.5057180287E+03 -1.5084452447E+03  3.1984490421E-07
O2       -1.2195142508E+00 -2.0585272520E-05  7.5461572218E+01 -7.5598251199E+01  2.2505366725E-01
H3        6.3280111646E-01  9.9414881055E-06  3.3760847364E-01 -3.3821996344E-01  1.3741698593E-01
H4        6.3422609909E-01  1.1969717648E-05  3.3665276421E-01 -3.3726252300E-01  1.3685959749E-01
O5       -1.2209165559E+00 -2.0648942642E-05  7.5466203836E+01 -7.5602891206E+01  2.4968907543E-01
H6        6.3466199980E-01  1.1485125901E-05  3.3637289458E-01 -3.3698214646E-01  1.3717291085E-01
H7        6.3779747916E-01  7.1624817966E-06  3.3262001426E-01 -3.3322246877E-01  1.3481756865E-01
O8       -1.2098488567E+00 -3.1256421776E-05  7.5453614407E+01 -7.5590278975E+01  2.4827449520E-01
H9        6.3237051549E-01  1.1719839886E-05  3.3807018572E-01 -3.3868251180E-01  1.3830395557E-01
H10       6.3909998533E-01 -1.3432541220E-05  3.3193710985E-01 -3.3253832746E-01  1.3437302912E-01
O11      -1.2195140387E+00 -1.9994051298E-05  7.5461572460E+01 -7.5598251442E+01  2.2505295817E-01
H12       6.3280072042E-01  9.8357637529E-06  3.3760864940E-01 -3.3822013952E-01  1.3741730172E-01
H13       6.3422532405E-01  1.1498628197E-05  3.3665299165E-01 -3.3726275085E-01  1.3685972673E-01
O14      -1.2209176799E+00 -1.9603493357E-05  7.5466205912E+01 -7.5602893285E+01  2.4969011458E-01
H15       6.3466293465E-01  1.2212818063E-05  3.3637272339E-01 -3.3698197495E-01  1.3717275017E-01
H16       6.3779748815E-01  7.1712661862E-06  3.3262001290E-01 -3.3322246741E-01  1.3481755728E-01
O17      -1.2098502449E+00 -3.1673949370E-05  7.5453615221E+01 -7.5590279790E+01  2.4827453625E-01
H18       6.3237057803E-01  1.1706038907E-05  3.3807013421E-01 -3.3868246020E-01  1.3830398826E-01
H19       6.3909997900E-01 -1.3440925675E-05  3.3193710846E-01 -3.3253832606E-01  1.3437303902E-01
--------------------------------------------------------------------------------------------------
Total     1.9999387047E+00 -9.0077996090E-05  1.9625073358E+03 -1.9660619067E+03
 
Molecular charge q(Mol) from the wfx file:   2.0000000000E+00
Molecular energy E(Mol) from the wfx file:  -1.9660619295E+03
Molecular virial ratio (-V(Mol)/T(Mol)) from the wfx file:   2.0018112395E+00
Full molecular virial ratio ((-V(Mol)+W(Mol))/T(Mol)) from the wfx file:   2.0014748055E+00
Note.  K_Scaled(A) = (1+V(Mol)/T(Mol))*K(A) = (E(Mol)/T(Mol))*K(A)
       Only use K_Scaled(A) data with caution.
 
N_AIMInt(SumA)     =         86.000061
N_Analytic(Mol)    =         86.000000
 
G_AIMInt(SumA)     =       1962.507426
G_Analytic(Mol)    =       1962.507359
 
K_AIMInt(SumA)     =       1962.507336
K_Analytic(Mol)    =       1962.507359
 
L_AIMInt(SumA)     =         -0.000090
L_Analytic(Mol)    =          0.000000
 
VenT_AIMInt(SumA)  =      -5653.412770
VenT_Analytic(Mol) =      -5653.411718
 
Some Information About the Atomic Calculations:
----------------------------------------------
  Time(sec) = "Elapsed User Time", in Seconds, for Atom A by AIMInt and, if used, by TWOe
  NProc = Number of Processors Used for AIMInt Job
  BIM = Basin Integration Method
  OAQ = Angular Quadrature Outside of Beta Sphere
  ORQ = Multiple of Default for Radial Quadrature Outside of Beta Sphere
  IAQ = Multiple of Default for Angular Quadrature Inside of Beta Sphere
  IRQ = Multiple of Default for Radial Quadrature Inside of Beta Sphere
  MIR = Maximum Integration Radius
------------------------------------------------------------------------------------------------------
Atom A     Time(sec)   NProc      BIM              OAQ                 ORQ      IAQ      IRQ      MIR
------------------------------------------------------------------------------------------------------
Ni1           819        8     Proaim(5)    4334      (Very High)      Auto     Auto     Auto    13.00
O2            894        8     Proaim(5)    4334      (Very High)      Auto     Auto     Auto    13.00
H3            265        8     Proaim(5)    2030      (Very High)      Auto     Auto     Auto    13.00
H4            181        8     Proaim(5)    2030      (Very High)      Auto     Auto     Auto    13.00
O5            766        8     Proaim(5)    4334      (Very High)      Auto     Auto     Auto    13.00
H6            177        8     Proaim(5)    2030      (Very High)      Auto     Auto     Auto    13.00
H7            397        8     Proaim(5)    4334      (Very High)      Auto     Auto     Auto    13.00
O8            700        8     Proaim(5)    4334      (Very High)      Auto     Auto     Auto    13.00
H9            213        8     Proaim(5)    2030      (Very High)      Auto     Auto     Auto    13.00
H10           565        8     Proaim(5)    4334      (Very High)      Auto     Auto     Auto    13.00
O11           598        8     Proaim(5)    4334      (Very High)      Auto     Auto     Auto    13.00
H12           284        8     Proaim(5)    2030      (Very High)      Auto     Auto     Auto    13.00
H13           298        8     Proaim(5)    2030      (Very High)      Auto     Auto     Auto    13.00
O14           664        8     Proaim(5)    4334      (Very High)      Auto     Auto     Auto    13.00
H15           281        8     Proaim(5)    2030      (Very High)      Auto     Auto     Auto    13.00
H16           475        8     Proaim(5)    4334      (Very High)      Auto     Auto     Auto    13.00
O17           817        8     Proaim(5)    4334      (Very High)      Auto     Auto     Auto    13.00
H18           208        8     Proaim(5)    2030      (Very High)      Auto     Auto     Auto    13.00
H19           605        8     Proaim(5)    4334      (Very High)      Auto     Auto     Auto    13.00
------------------------------------------------------------------------------------------------------
Total        9207
Note:  Total wall clock time is less than total of atomic times if more than one atom
       was calculated at a time
Note:  Total time does not include times for diatomic interaction energy calculations (5629 seconds)
 
Electron Density Critical Point Analysis of Molecular Structure:               
---------------------------------------------------------------                
  NACP = Nuclear Attractor Critical Point                                      
  NNACP = Non-Nuclear Attractor Critical Point                                 
  BCP = Bond Critical Point                                                    
  RCP = Ring Critical Point                                                    
  CCP = Cage Critical Point                                                    
  Rho = Electron Density                                                       
  GradRho = Gradient of Electron Density                                       
  HessRho_EigVals = Eigenvalues of the Hessian of Rho, Ascending Order         
  HessRho_EigVecs = Eigenvectors of the Hessian of Rho                         
  DelSqRho = Laplacian of Rho = Trace of Hessian of Rho                        
  Bond Ellipticity = (HessRho_EigVal(1) / HessRho_EigVal(2)) - 1               
  V = Virial Field = Potential Energy Density = Trace of Stress Tensor         
  G = Lagrangian Form of Kinetic Energy Density                                
  K = Hamiltonian Form of Kinetic Energy Density                               
  L = K - G = Lagrangian Density = (-1/4)DelSqRho                              
  Vnuc = Electrostatic Potential from Nuclei                                   
  Ven = Electron-nuclear attractive contribution to Virial Field V             
  Vrep = V - Ven = Repulsive contribution to Virial Field V                    
  DelSqV = Laplacian of V                                                      
  DelSqVen = Laplacian of Ven                                                  
  DelSqVrep = Laplacian of Vrep                                                
  DelSqG = Laplacian of G                                                      
  DelSqK = Laplacian of K                                                      
  Stress_EigVals = Eigenvalues of Stress Tensor, Ascending Order               
  Stress_EigVecs = Eigenvectors of Stress Tensor                               
  -DivStress = Ehrenfest Force Density = Minus Divergence of Stress Tensor     
  ESP = Total Electrostatic Potential                                          
  ESPe = Electrostatic Potential from Electrons                                
  ESPn = Electrostatic Potential from Nuclei                                   
  BP = Bond Path                                                               
  BPL = Bond Path Length                                                       
  GBL = Geometric Bond Length                                                  
  GBL_I = Distance Between Nuclear Attractors                                  
  GBL_II = Distance Between Nuclei                                             
  GBL_III = Sum of Distances Between BCP and Nuclear Attractors                
  GBL_IV = Sum of Distances Between BCP and Nuclei                             

CP# 1      Coords =  3.02033164348209E-07 -2.60080108042777E-07  1.77914357940124E-07
           Type = (3,-3) NACP Ni1
           Rho =  1.4570876345E+04     Rho at Nucleus =  1.4570876345E+04
           GradRho = -1.8911563516E-14  3.6418192155E-16  6.9546151266E-15
           HessRho_EigVals = -8.4450843753E+08 -8.4450837405E+08 -8.4450829001E+08
           HessRho_EigVec1 =  5.1394185053E-01  4.9067637552E-01 -7.0363376041E-01
           HessRho_EigVec2 = -7.5018642102E-01  6.5489943430E-01 -9.1252751526E-02
           HessRho_EigVec3 =  4.1603378227E-01  5.7475510042E-01  7.0467898121E-01
           DelSqRho = -2.5335251016E+09
           Bond Ellipticity = NA
           V = -6.3392000363E+08
           G =  2.6936411536E+05
           K =  6.3365063951E+08
           L =  6.3338127540E+08
           Vnuc =  2.8000000096E+09
           Ven = -4.0798453906E+13
           Vrep =  4.0797819986E+13
           DelSqV =  1.3170759426E+15
           DelSqVen =  1.2239536130E+30
           DelSqVrep = -1.2239536130E+30
           DelSqG =  3.6766817576E+13
           DelSqK = -1.3538427602E+15
           Stress_EigVals = -2.1130667385E+08 -2.1130666711E+08 -2.1130666267E+08
           Stress_EigVec1 =  1.8707699930E-01  8.3687001888E-01  5.1444219095E-01
           Stress_EigVec2 =  6.7815994421E-01 -4.8889905004E-01  5.4870466458E-01
           Stress_EigVec3 =  7.1070478147E-01  2.4622406536E-01 -6.5899349256E-01
           -DivStress = -1.7264419397E-02  9.8003124272E-01 -4.5944239194E-01
           ESP =  -1.2804364757E+02     ESP at Nucleus =  -1.2804364757E+02
           ESPe = -1.3768817677E+02     ESPe at Nucleus = -1.3768817677E+02
           ESPn =  9.6445292001E+00     ESPn at Nucleus =  9.6445292001E+00

CP# 2      Coords = -5.62458287497752E+00 -2.32005609913266E-01 -2.20862294187462E+00
           Type = (3,-3) NACP O2
           Rho =  2.9568150293E+02     Rho at Nucleus =  2.9568147173E+02
           GradRho = -7.1350828891E-12 -7.1647672604E-12 -1.4185250305E-10
           HessRho_EigVals = -8.2243917114E+05 -8.2242473265E+05 -8.2240612850E+05
           HessRho_EigVec1 =  8.3915177973E-02  9.6391209113E-01 -2.5264940823E-01
           HessRho_EigVec2 =  9.8983023463E-01 -1.0985884727E-01 -9.0372231851E-02
           HessRho_EigVec3 =  1.1486665973E-01  2.4249642111E-01  9.6332815605E-01
           DelSqRho = -2.4672700323E+06
           Bond Ellipticity = NA
           V = -6.1695549670E+05
           G =  6.8994313552E+01
           K =  6.1688650238E+05
           L =  6.1681750807E+05
           Vnuc =  9.1845650094E+05
           Ven = -2.7157059858E+08
           Vrep =  2.7095364308E+08
           DelSqV =  3.9241770500E+10
           DelSqVen =  2.2660802020E+12
           DelSqVrep = -2.2268384315E+12
           DelSqG =  1.7160322499E+09
           DelSqK = -4.0957802750E+10
           Stress_EigVals = -2.0565589834E+05 -2.0565120682E+05 -2.0564839154E+05
           Stress_EigVec1 =  1.3428661038E-01  2.4043326291E-01  9.6133186380E-01
           Stress_EigVec2 =  9.8731496267E-01 -1.1539550492E-01 -1.0905522420E-01
           Stress_EigVec3 =  8.4712872424E-02  9.6378198963E-01 -2.5287942921E-01
           -DivStress =  1.0174473095E+05 -1.9155499940E+04 -4.0771362660E+04
           ESP =  -2.2055669605E+01     ESP at Nucleus =  -2.2055669907E+01
           ESPe = -3.3623085760E+01     ESPe at Nucleus = -3.3623092180E+01
           ESPn =  1.1567416156E+01     ESPn at Nucleus =  1.1567422273E+01

CP# 3      Coords = -6.77457445809501E+00 -1.43794699995819E+00 -1.60771982981544E+00
           Type = (3,-3) NACP H3
           Rho =  4.0949682598E-01     Rho at Nucleus =  4.0004319461E-01
           GradRho =  1.1781017039E-15  3.2098197069E-16  5.7407403890E-16
           HessRho_EigVals = -8.0560770946E+00 -8.0356724205E+00 -6.3335503535E+00
           HessRho_EigVec1 =  7.3867848322E-01 -6.7369719892E-01  2.2049548383E-02
           HessRho_EigVec2 =  2.0971370670E-01  2.6078371757E-01  9.4234389364E-01
           HessRho_EigVec3 =  6.4060460476E-01  6.9146506551E-01 -3.3391885772E-01
           DelSqRho = -2.2425299869E+01
           Bond Ellipticity = NA
           V = -5.6673480498E+00
           G =  3.0511541310E-02
           K =  5.6368365085E+00
           L =  5.6063249672E+00
           Vnuc =  3.3434066463E+01
           Ven = -1.3691144096E+01
           Vrep =  8.0237960463E+00
           DelSqV =  1.3657232775E+03
           DelSqVen =  7.4976896625E+02
           DelSqVrep =  6.1595431128E+02
           DelSqG =  1.0460604873E+02
           DelSqK = -1.4703293263E+03
           Stress_EigVals = -2.0398016878E+00 -2.0349150650E+00 -1.5926312970E+00
           Stress_EigVec1 =  2.0761976736E-01  2.6095822331E-01  9.4275916219E-01
           Stress_EigVec2 =  7.4215672654E-01 -6.6986590489E-01  2.1978688001E-02
           Stress_EigVec3 =  6.3725773864E-01  6.9511184363E-01 -3.3274930411E-01
           -DivStress = -1.5450718907E+01 -1.6806109223E+01  8.0416501746E+00
           ESP =  -7.0011218871E-01     ESP at Nucleus =  -7.0367240484E-01
           ESPe = -1.4788670577E+01     ESPe at Nucleus = -1.4623573599E+01
           ESPn =  1.4088558388E+01     ESPn at Nucleus =  1.3919901194E+01

CP# 4      Coords = -6.54689399890137E+00  1.27675595486176E+00 -2.31776908503747E+00
           Type = (3,-3) NACP H4
           Rho =  4.0908981131E-01     Rho at Nucleus =  3.9962238446E-01
           GradRho =  5.8517948787E-16 -9.6212354896E-18  1.3107631571E-15
           HessRho_EigVals = -8.0467619599E+00 -8.0264216161E+00 -6.3225572169E+00
           HessRho_EigVec1 =  8.3533216963E-01  4.7449160456E-01 -2.7762903950E-01
           HessRho_EigVec2 =  2.0426077919E-01  2.0097468380E-01  9.5806404303E-01
           HessRho_EigVec3 = -5.1038975348E-01  8.5701043965E-01 -7.0960593796E-02
           DelSqRho = -2.2395740793E+01
           Bond Ellipticity = NA
           V = -5.6597879346E+00
           G =  3.0426368176E-02
           K =  5.6293615664E+00
           L =  5.5989351982E+00
           Vnuc =  3.3391541692E+01
           Ven = -1.3660139490E+01
           Vrep =  8.0003515555E+00
           DelSqV =  1.3635281089E+03
           DelSqVen =  7.4782831240E+02
           DelSqVrep =  6.1569979649E+02
           DelSqG =  1.0443818891E+02
           DelSqK = -1.4679662978E+03
           Stress_EigVals = -2.0374183989E+00 -2.0325131989E+00 -1.5898563368E+00
           Stress_EigVec1 =  2.0135698334E-01  2.0090040910E-01  9.5869410705E-01
           Stress_EigVec2 =  8.3837147872E-01  4.7079633092E-01 -2.7474365955E-01
           Stress_EigVec3 = -5.0654578167E-01  8.5906335065E-01 -7.3631044090E-02
           -DivStress = -1.2288824169E+01  2.0778385675E+01 -1.7847508753E+00
           ESP =  -7.0050034391E-01     ESP at Nucleus =  -7.0406571833E-01
           ESPe = -1.4774059696E+01     ESPe at Nucleus = -1.4609407994E+01
           ESPn =  1.4073559352E+01     ESPn at Nucleus =  1.3905342276E+01

CP# 5      Coords =  1.44887011721136E+00  2.00747459404447E+00  5.51711790915958E+00
           Type = (3,-3) NACP O5
           Rho =  2.9570546748E+02     Rho at Nucleus =  2.9570543590E+02
           GradRho =  1.6077262785E-11  3.2669783545E-11 -9.5534056360E-11
           HessRho_EigVals = -8.2250612756E+05 -8.2249129548E+05 -8.2247463473E+05
           HessRho_EigVec1 =  8.5128202351E-01 -1.8370584066E-02 -5.2438672570E-01
           HessRho_EigVec2 =  5.0551994072E-01 -2.3908073178E-01  8.2902954906E-01
           HessRho_EigVec3 =  1.4060051914E-01  9.7082589857E-01  1.9423843256E-01
           DelSqRho = -2.4674720578E+06
           Bond Ellipticity = NA
           V = -6.1700588555E+05
           G =  6.8935554250E+01
           K =  6.1693695000E+05
           L =  6.1686801444E+05
           Vnuc =  9.1298982977E+05
           Ven = -2.6997608442E+08
           Vrep =  2.6935907853E+08
           DelSqV =  3.9244964286E+10
           DelSqVen =  2.2527768940E+12
           DelSqVrep = -2.2135319297E+12
           DelSqG =  1.7161738707E+09
           DelSqK = -4.0961138156E+10
           Stress_EigVals = -2.0567240066E+05 -2.0566818949E+05 -2.0566529540E+05
           Stress_EigVec1 =  1.5220805008E-01  9.6491574932E-01  2.1393995933E-01
           Stress_EigVec2 =  5.0590412820E-01 -2.6201805563E-01  8.2183182683E-01
           Stress_EigVec3 =  8.4905460517E-01 -1.6856311241E-02 -5.2803611828E-01
           -DivStress = -4.5639110889E+04  6.0146694347E+04 -8.2651649871E+04
           ESP =  -2.2066704547E+01     ESP at Nucleus =  -2.2066704852E+01
           ESPe = -3.3970576206E+01     ESPe at Nucleus = -3.3970581046E+01
           ESPn =  1.1903871660E+01     ESPn at Nucleus =  1.1903876194E+01

CP# 6      Coords =  7.02120413520312E-01  1.61845518769783E+00  7.07463312250815E+00
           Type = (3,-3) NACP H6
           Rho =  4.0955735135E-01     Rho at Nucleus =  4.0006544404E-01
           GradRho = -2.2013369860E-16 -7.9415098629E-16 -2.3318613750E-15
           HessRho_EigVals = -8.0633466711E+00 -8.0438370878E+00 -6.3336598622E+00
           HessRho_EigVec1 = -8.8662220128E-01  2.7128206916E-01 -3.7457590839E-01
           HessRho_EigVec2 =  1.5939172772E-01  9.3951710519E-01  3.0315323879E-01
           HessRho_EigVec3 = -4.3416051101E-01 -2.0907809071E-01  8.7623684165E-01
           DelSqRho = -2.2440843621E+01
           Bond Ellipticity = NA
           V = -5.6709892183E+00
           G =  3.0389156500E-02
           K =  5.6406000618E+00
           L =  5.6102109053E+00
           Vnuc =  3.3345205116E+01
           Ven = -1.3656773888E+01
           Vrep =  7.9857846694E+00
           DelSqV =  1.3663447804E+03
           DelSqVen =  7.4829453353E+02
           DelSqVrep =  6.1805024686E+02
           DelSqG =  1.0473877572E+02
           DelSqK = -1.4710835561E+03
           Stress_EigVals = -2.0415089820E+00 -2.0368406530E+00 -1.5926395833E+00
           Stress_EigVec1 =  1.5956171990E-01  9.3999539824E-01  3.0157703632E-01
           Stress_EigVec2 =  8.8441562650E-01 -2.7183654068E-01  3.7935984862E-01
           Stress_EigVec3 = -4.3857617028E-01 -2.0618813361E-01  8.7472132501E-01
           -DivStress = -1.0622325560E+01 -4.9903830002E+00  2.1238636124E+01
           ESP =  -7.1086310702E-01     ESP at Nucleus =  -7.1443672384E-01
           ESPe = -1.4745003353E+01     ESPe at Nucleus = -1.4572097686E+01
           ESPn =  1.4034140246E+01     ESPn at Nucleus =  1.3857660963E+01

CP# 7      Coords =  3.15697168121688E+00  1.54896351852119E+00  5.64009857414665E+00
           Type = (3,-3) NACP H7
           Rho =  4.0636172626E-01     Rho at Nucleus =  3.9681188358E-01
           GradRho =  1.3571754804E-15 -3.4343459066E-16  1.4382822732E-15
           HessRho_EigVals = -7.9689564540E+00 -7.9492219864E+00 -6.2342217895E+00
           HessRho_EigVec1 = -1.1432738809E-01 -2.4895668608E-01  9.6174311372E-01
           HessRho_EigVec2 =  2.2879349111E-01  9.3546905978E-01  2.6935325620E-01
           HessRho_EigVec3 =  9.6673822039E-01 -2.5083501880E-01  4.9990064900E-02
           DelSqRho = -2.2152400230E+01
           Bond Ellipticity = NA
           V = -5.5994552052E+00
           G =  3.0677573872E-02
           K =  5.5687776314E+00
           L =  5.5381000575E+00
           Vnuc =  3.4388846272E+01
           Ven = -1.3974310935E+01
           Vrep =  8.3748557296E+00
           DelSqV =  1.3458635838E+03
           DelSqVen =  7.6179548605E+02
           DelSqVrep =  5.8406809778E+02
           DelSqG =  1.0292683846E+02
           DelSqK = -1.4487904223E+03
           Stress_EigVals = -2.0176751274E+00 -2.0130789628E+00 -1.5687011151E+00
           Stress_EigVec1 =  2.2657088142E-01  9.3402956554E-01  2.7614200403E-01
           Stress_EigVec2 = -1.1138659899E-01 -2.5680724313E-01  9.6002242965E-01
           Stress_EigVec3 =  9.6760459965E-01 -2.4827164674E-01  4.5853333234E-02
           -DivStress =  2.3397274167E+01 -6.0122042692E+00  1.0656326475E+00
           ESP =  -7.1259915807E-01     ESP at Nucleus =  -7.1619503922E-01
           ESPe = -1.5977648165E+01     ESPe at Nucleus = -1.5834715486E+01
           ESPn =  1.5265049007E+01     ESPn at Nucleus =  1.5118520447E+01

CP# 8      Coords = -4.44350052803340E-01  5.75111422347454E+00  1.81521322046202E+00
           Type = (3,-3) NACP O8
           Rho =  2.9571717882E+02     Rho at Nucleus =  2.9571714699E+02
           GradRho =  1.3089529460E-13  1.9124138384E-10  7.4288492025E-11
           HessRho_EigVals = -8.2253726107E+05 -8.2252302916E+05 -8.2250538544E+05
           HessRho_EigVec1 =  6.6261508143E-02 -5.7133779440E-01  8.1803577992E-01
           HessRho_EigVec2 =  4.3524210295E-01  7.5428023776E-01  4.9155430498E-01
           HessRho_EigVec3 =  8.9787177501E-01 -3.2347248355E-01 -2.9865000924E-01
           DelSqRho = -2.4675656757E+06
           Bond Ellipticity = NA
           V = -6.1702914652E+05
           G =  6.8863803678E+01
           K =  6.1696028272E+05
           L =  6.1689141892E+05
           Vnuc =  9.0933964294E+05
           Ven = -2.6890735380E+08
           Vrep =  2.6829032465E+08
           DelSqV =  3.9246435704E+10
           DelSqVen =  2.2438552893E+12
           DelSqVrep = -2.2046088536E+12
           DelSqG =  1.7162357502E+09
           DelSqK = -4.0962671454E+10
           Stress_EigVals = -2.0568022667E+05 -2.0567584349E+05 -2.0567307636E+05
           Stress_EigVec1 =  8.8434252101E-01 -3.4647353744E-01 -3.1288079740E-01
           Stress_EigVec2 =  4.6267804879E-01  7.3976224979E-01  4.8854972824E-01
           Stress_EigVec3 =  6.2187850043E-02 -5.7680837515E-01  8.1450891319E-01
           -DivStress = -8.7773718398E+04 -6.2900696892E+04 -3.1198621632E+04
           ESP =  -2.2076808891E+01     ESP at Nucleus =  -2.2076809209E+01
           ESPe = -3.3577956037E+01     ESPe at Nucleus = -3.3577958450E+01
           ESPn =  1.1501147146E+01     ESPn at Nucleus =  1.1501149241E+01

CP# 9      Coords =  9.58634170343634E-02  7.23918523315245E+00  1.02636343561253E+00
           Type = (3,-3) NACP H9
           Rho =  4.1073713777E-01     Rho at Nucleus =  4.0122016886E-01
           GradRho =  2.4475864044E-16 -2.7330568364E-15  5.6917903550E-16
           HessRho_EigVals = -8.0864934853E+00 -8.0665597208E+00 -6.3525537506E+00
           HessRho_EigVec1 =  4.8184608990E-01  2.8212890908E-01  8.2959485552E-01
           HessRho_EigVec2 =  8.2674019855E-01 -4.6012269672E-01 -3.2370935738E-01
           HessRho_EigVec3 =  2.9038765425E-01  8.4183750369E-01 -4.5495563260E-01
           DelSqRho = -2.2505606957E+01
           Bond Ellipticity = NA
           V = -5.6874279800E+00
           G =  3.0513120417E-02
           K =  5.6569148596E+00
           L =  5.6264017392E+00
           Vnuc =  3.3098399498E+01
           Ven = -1.3594741874E+01
           Vrep =  7.9073138942E+00
           DelSqV =  1.3702586600E+03
           DelSqVen =  7.4489956999E+02
           DelSqVrep =  6.2535909004E+02
           DelSqG =  1.0504401424E+02
           DelSqK = -1.4753026743E+03
           Stress_EigVals = -2.0473724752E+00 -2.0426190815E+00 -1.5974364233E+00
           Stress_EigVec1 =  8.2954272947E-01 -4.5694820297E-01 -3.2102523232E-01
           Stress_EigVec2 =  4.7968206166E-01  2.8869504509E-01  8.2858933776E-01
           Stress_EigVec3 =  2.8594401497E-01  8.4134030614E-01 -4.5867473177E-01
           -DivStress =  6.9455145703E+00  2.0484840021E+01 -1.1135200872E+01
           ESP =  -7.2078802482E-01     ESP at Nucleus =  -7.2438390608E-01
           ESPe = -1.4505291677E+01     ESPe at Nucleus = -1.4335616490E+01
           ESPn =  1.3784503652E+01     ESPn at Nucleus =  1.3611232584E+01

CP# 10     Coords =  3.32060069441145E-01  5.68525053422206E+00  3.40652297391654E+00
           Type = (3,-3) NACP H10
           Rho =  4.0640685153E-01     Rho at Nucleus =  3.9679820823E-01
           GradRho = -5.3017486235E-17  3.4929741391E-15 -3.9367380883E-16
           HessRho_EigVals = -7.9655274931E+00 -7.9453397167E+00 -6.2224555024E+00
           HessRho_EigVec1 =  3.9585017078E-01  9.0890847137E-01 -1.3110313867E-01
           HessRho_EigVec2 =  8.1390061964E-01 -4.1336399761E-01 -4.0828419861E-01
           HessRho_EigVec3 =  4.2528628434E-01 -5.4914443945E-02  9.0339137709E-01
           DelSqRho = -2.2133322712E+01
           Bond Ellipticity = NA
           V = -5.5946159566E+00
           G =  3.0642639252E-02
           K =  5.5639733173E+00
           L =  5.5333306780E+00
           Vnuc =  3.4191110070E+01
           Ven = -1.3895501394E+01
           Vrep =  8.3008854376E+00
           DelSqV =  1.3436389895E+03
           DelSqVen =  7.5676287308E+02
           DelSqVrep =  5.8687611639E+02
           DelSqG =  1.0275367121E+02
           DelSqK = -1.4463926607E+03
           Stress_EigVals = -2.0167539718E+00 -2.0120546729E+00 -1.5658073119E+00
           Stress_EigVec1 = -8.1378191119E-01  4.1579242021E-01  4.0604884475E-01
           Stress_EigVec2 =  3.9995649005E-01  9.0758191671E-01 -1.2778838185E-01
           Stress_EigVec3 =  4.2165602936E-01 -5.8409997125E-02  9.0487262371E-01
           -DivStress =  1.0213661322E+01 -1.4730113687E+00  2.1935675818E+01
           ESP =  -7.2363907208E-01     ESP at Nucleus =  -7.2726925995E-01
           ESPe = -1.5859094750E+01     ESPe at Nucleus = -1.5722920396E+01
           ESPn =  1.5135455678E+01     ESPn at Nucleus =  1.4995651136E+01

CP# 11     Coords =  5.62458292854692E+00  2.32004234457809E-01  2.20862478946428E+00
           Type = (3,-3) NACP O11
           Rho =  2.9568150298E+02     Rho at Nucleus =  2.9568147178E+02
           GradRho = -1.1117990426E-10 -4.1096965241E-13 -1.4666373302E-10
           HessRho_EigVals = -8.2243917127E+05 -8.2242473278E+05 -8.2240612863E+05
           HessRho_EigVec1 =  8.3915549553E-02  9.6391195207E-01 -2.5264981534E-01
           HessRho_EigVec2 =  9.8983019571E-01 -1.0985925976E-01 -9.0372156646E-02
           HessRho_EigVec3 =  1.1486672362E-01  2.4249678698E-01  9.6332805633E-01
           DelSqRho = -2.4672700327E+06
           Bond Ellipticity = NA
           V = -6.1695549680E+05
           G =  6.8994313371E+01
           K =  6.1688650248E+05
           L =  6.1681750817E+05
           Vnuc =  9.1845645909E+05
           Ven = -2.7157058625E+08
           Vrep =  2.7095363075E+08
           DelSqV =  3.9241770507E+10
           DelSqVen =  2.2660801004E+12
           DelSqVrep = -2.2268383304E+12
           DelSqG =  1.7160322502E+09
           DelSqK = -4.0957802757E+10
           Stress_EigVals = -2.0565589837E+05 -2.0565120685E+05 -2.0564839157E+05
           Stress_EigVec1 =  1.3428668751E-01  2.4043361897E-01  9.6133176397E-01
           Stress_EigVec2 =  9.8731492054E-01 -1.1539592511E-01 -1.0905516102E-01
           Stress_EigVec3 =  8.4713241211E-02  9.6378185049E-01 -2.5287983595E-01
           -DivStress = -1.0174472333E+05  1.9155560704E+04  4.0771367004E+04
           ESP =  -2.2055669600E+01     ESP at Nucleus =  -2.2055669902E+01
           ESPe = -3.3623085411E+01     ESPe at Nucleus = -3.3623091830E+01
           ESPn =  1.1567415811E+01     ESPn at Nucleus =  1.1567421928E+01

CP# 12     Coords =  6.77457496780346E+00  1.43794492256673E+00  1.60772113978492E+00
           Type = (3,-3) NACP H12
           Rho =  4.0949682547E-01     Rho at Nucleus =  4.0004319408E-01
           GradRho = -1.8047925825E-15  8.6457309377E-16  3.6843561513E-16
           HessRho_EigVals = -8.0560770810E+00 -8.0356724082E+00 -6.3335503372E+00
           HessRho_EigVec1 =  7.3867822365E-01 -6.7369747459E-01  2.2049821599E-02
           HessRho_EigVec2 =  2.0971382444E-01  2.6078403757E-01  9.4234377888E-01
           HessRho_EigVec3 =  6.4060486553E-01  6.9146467624E-01 -3.3391916354E-01
           DelSqRho = -2.2425299826E+01
           Bond Ellipticity = NA
           V = -5.6673480387E+00
           G =  3.0511541033E-02
           K =  5.6368364976E+00
           L =  5.6063249566E+00
           Vnuc =  3.3434066296E+01
           Ven = -1.3691144011E+01
           Vrep =  8.0237959720E+00
           DelSqV =  1.3657232744E+03
           DelSqVen =  7.4976896110E+02
           DelSqVrep =  6.1595431325E+02
           DelSqG =  1.0460604847E+02
           DelSqK = -1.4703293228E+03
           Stress_EigVals = -2.0398016841E+00 -2.0349150617E+00 -1.5926312929E+00
           Stress_EigVec1 =  2.0761987546E-01  2.6095855179E-01  9.4275904746E-01
           Stress_EigVec2 =  7.4215647115E-01 -6.6986617856E-01  2.1978970968E-02
           Stress_EigVec3 =  6.3725800085E-01  6.9511145659E-01 -3.3274961048E-01
           -DivStress =  1.5450725259E+01  1.6806099847E+01 -8.0416575684E+00
           ESP =  -7.0011218542E-01     ESP at Nucleus =  -7.0367240155E-01
           ESPe = -1.4788670445E+01     ESPe at Nucleus = -1.4623573471E+01
           ESPn =  1.4088558260E+01     ESPn at Nucleus =  1.3919901070E+01

CP# 13     Coords =  6.54689344798663E+00 -1.27675765267124E+00  2.31777154321485E+00
           Type = (3,-3) NACP H13
           Rho =  4.0908981335E-01     Rho at Nucleus =  3.9962238642E-01
           GradRho = -4.0166471765E-16  4.2956407711E-16  1.9070438588E-16
           HessRho_EigVals = -8.0467619968E+00 -8.0264216543E+00 -6.3225572411E+00
           HessRho_EigVec1 =  8.3533235665E-01  4.7449115330E-01 -2.7762924804E-01
           HessRho_EigVec2 =  2.0426087255E-01  2.0097500062E-01  9.5806395667E-01
           HessRho_EigVec3 = -5.1038941003E-01  8.5701061520E-01 -7.0960943906E-02
           DelSqRho = -2.2395740892E+01
           Bond Ellipticity = NA
           V = -5.6597879595E+00
           G =  3.0426368202E-02
           K =  5.6293615913E+00
           L =  5.5989352231E+00
           Vnuc =  3.3391541459E+01
           Ven = -1.3660139463E+01
           Vrep =  8.0003515037E+00
           DelSqV =  1.3635281143E+03
           DelSqVen =  7.4782831052E+02
           DelSqVrep =  6.1569980374E+02
           DelSqG =  1.0443818933E+02
           DelSqK = -1.4679663036E+03
           Stress_EigVals = -2.0374184081E+00 -2.0325132085E+00 -1.5898563429E+00
           Stress_EigVec1 =  2.0135706765E-01  2.0090072348E-01  9.5869402346E-01
           Stress_EigVec2 =  8.3837166648E-01  4.7079588142E-01 -2.7474385685E-01
           Stress_EigVec3 = -5.0654543740E-01  8.5906352347E-01 -7.3631396196E-02
           -DivStress =  1.2288815928E+01 -2.0778389988E+01  1.7847594180E+00
           ESP =  -7.0050034067E-01     ESP at Nucleus =  -7.0406571517E-01
           ESPe = -1.4774059498E+01     ESPe at Nucleus = -1.4609407798E+01
           ESPn =  1.4073559157E+01     ESPn at Nucleus =  1.3905342082E+01

CP# 14     Coords = -1.44887070487422E+00 -2.00747317654267E+00 -5.51711794541001E+00
           Type = (3,-3) NACP O14
           Rho =  2.9570546748E+02     Rho at Nucleus =  2.9570543590E+02
           GradRho =  9.1186109878E-11  1.0242773990E-10  1.2004269453E-10
           HessRho_EigVals = -8.2250612755E+05 -8.2249129547E+05 -8.2247463472E+05
           HessRho_EigVec1 =  8.5128181435E-01 -1.8370104031E-02 -5.2438708207E-01
           HessRho_EigVec2 =  5.0552035068E-01 -2.3908094322E-01  8.2902923811E-01
           HessRho_EigVec3 =  1.4060031154E-01  9.7082585558E-01  1.9423879769E-01
           DelSqRho = -2.4674720577E+06
           Bond Ellipticity = NA
           V = -6.1700588554E+05
           G =  6.8935554277E+01
           K =  6.1693694999E+05
           L =  6.1686801443E+05
           Vnuc =  9.1298983921E+05
           Ven = -2.6997608720E+08
           Vrep =  2.6935908132E+08
           DelSqV =  3.9244964285E+10
           DelSqVen =  2.2527769180E+12
           DelSqVrep = -2.2135319540E+12
           DelSqG =  1.7161738707E+09
           DelSqK = -4.0961138156E+10
           Stress_EigVals = -2.0567240066E+05 -2.0566818949E+05 -2.0566529540E+05
           Stress_EigVec1 =  1.5220785216E-01  9.6491570114E-01  2.1394031748E-01
           Stress_EigVec2 =  5.0590454248E-01 -2.6201826406E-01  8.2183150536E-01
           Stress_EigVec3 =  8.4905439381E-01 -1.6855829835E-02 -5.2803647351E-01
           -DivStress =  4.5639160154E+04 -6.0146717398E+04  8.2651604324E+04
           ESP =  -2.2066704552E+01     ESP at Nucleus =  -2.2066704857E+01
           ESPe = -3.3970576401E+01     ESPe at Nucleus = -3.3970581241E+01
           ESPn =  1.1903871849E+01     ESPn at Nucleus =  1.1903876383E+01

CP# 15     Coords = -7.02121716407555E-01 -1.61845287220471E+00 -7.07463327707116E+00
           Type = (3,-3) NACP H15
           Rho =  4.0955735113E-01     Rho at Nucleus =  4.0006544378E-01
           GradRho =  1.2521179839E-16 -6.0384639997E-16  1.8860509942E-15
           HessRho_EigVals = -8.0633466747E+00 -8.0438370916E+00 -6.3336598602E+00
           HessRho_EigVec1 = -8.8662242205E-01  2.7128198752E-01 -3.7457544495E-01
           HessRho_EigVec2 =  1.5939158295E-01  9.3951701550E-01  3.0315359288E-01
           HessRho_EigVec3 = -4.3416011332E-01 -2.0907859967E-01  8.7623691725E-01
           DelSqRho = -2.2440843626E+01
           Bond Ellipticity = NA
           V = -5.6709892193E+00
           G =  3.0389156323E-02
           K =  5.6406000629E+00
           L =  5.6102109066E+00
           Vnuc =  3.3345205146E+01
           Ven = -1.3656773892E+01
           Vrep =  7.9857846730E+00
           DelSqV =  1.3663447803E+03
           DelSqVen =  7.4829453436E+02
           DelSqVrep =  6.1805024599E+02
           DelSqG =  1.0473877583E+02
           DelSqK = -1.4710835562E+03
           Stress_EigVals = -2.0415089827E+00 -2.0368406538E+00 -1.5926395827E+00
           Stress_EigVec1 =  1.5956157223E-01  9.3999530992E-01  3.0157738974E-01
           Stress_EigVec2 =  8.8441584952E-01 -2.7183645961E-01  3.7935938679E-01
           Stress_EigVec3 = -4.3857577428E-01 -2.0618864315E-01  8.7472140345E-01
           -DivStress =  1.0622315986E+01  4.9903953755E+00 -2.1238638066E+01
           ESP =  -7.1086311197E-01     ESP at Nucleus =  -7.1443672876E-01
           ESPe = -1.4745003425E+01     ESPe at Nucleus = -1.4572097756E+01
           ESPn =  1.4034140313E+01     ESPn at Nucleus =  1.3857661027E+01

CP# 16     Coords = -3.15697245344975E+00 -1.54896253143513E+00 -5.64009770260098E+00
           Type = (3,-3) NACP H16
           Rho =  4.0636172328E-01     Rho at Nucleus =  3.9681188068E-01
           GradRho = -1.1871251459E-16  5.7987197943E-16  4.1873243154E-16
           HessRho_EigVals = -7.9689563805E+00 -7.9492219131E+00 -6.2342217281E+00
           HessRho_EigVec1 = -1.1432691707E-01 -2.4895714977E-01  9.6174304968E-01
           HessRho_EigVec2 =  2.2879333678E-01  9.3546900418E-01  2.6935358036E-01
           HessRho_EigVec3 =  9.6673831262E-01 -2.5083476591E-01  4.9989550249E-02
           DelSqRho = -2.2152400022E+01
           Bond Ellipticity = NA
           V = -5.5994551540E+00
           G =  3.0677574272E-02
           K =  5.5687775797E+00
           L =  5.5381000054E+00
           Vnuc =  3.4388846776E+01
