AIMSum (Version 16.05.18, Professional)
Copyright (c) 1997-2016 by Todd A. Keith
AIMSum is a component of the AIMAll package ( http://aim.tkgristmill.com )

TP:  64-bit Linux

Licensed To:  Research Group of Fernando Cortes Guzman, UNAM, fercor@unam.mx

Much of the Quantum Theory of Atoms in Molecules (QTAIM) is described in the book:
  "Atoms in Molecules - A Quantum Theory"
  R.F.W. Bader, Oxford University Press, Oxford, 1990

For additional references see:  http://aim.tkgristmill.com/references.html

Wfx File:  /home/lillian/David/max_int/acercamiento/Ni23_28_alpha.wfx
Sum File:  /home/lillian/David/max_int/acercamiento/Ni23_28_alpha.sum

SumViz File:  /home/lillian/David/max_int/acercamiento/Ni23_28_alpha.sumviz

Wfx Title:   Ni23_28                                                                       
 
Total memory allocated for AIMSum =        1.194 Megabytes

Atomic units (a.u.) used throughout, except where stated otherwise

Model:  Unknown
 
Unrestricted, natural orbital wavefunction.
  Number of electrons (from MO Occs)                   =          44.0000000000
  Number of Alpha electrons (from MO Occs)             =          44.0000000000
  Number of Beta electrons (from MO Occs)              =           0.0000000000
  Number of electron pairs (N*(N-1)/2)                 =         946.0000000000
  Number of electron pairs (from Muller 2EDM)          =         946.0000000000
  Number of electron pairs (from Muller 2EDM, no SOSI) =         946.0000000000
 
Nuclear Charges and Cartesian Coordinates:
-------------------------------------------------------------------------------
Atom      Charge                X                  Y                  Z
-------------------------------------------------------------------------------
Ni1       28.0           0.0000000000E+00   0.0000000000E+00   0.0000000000E+00
O2         8.0          -5.1624086180E+00   5.2084815962E-01  -1.0370163035E+00
H3         1.0          -6.4313414763E+00  -6.9237878613E-01  -5.4882856397E-01
H4         1.0          -5.8170216961E+00   2.1652844503E+00  -6.0100592167E-01
O5         8.0           6.2471026062E-01   1.0175221096E+00   5.1547584211E+00
H6         1.0          -5.4854724348E-01   5.2330810029E-01   6.4584304549E+00
H7         1.0           2.2889790966E+00   5.7204210746E-01   5.7503556850E+00
O8         8.0          -9.9672000120E-01   5.1579439612E+00   6.3191116689E-01
H9         1.0          -5.1040275970E-01   6.4602835931E+00  -5.4590471636E-01
H10        1.0          -5.4311213786E-01   5.7557520250E+00   2.2930699071E+00
O11        8.0           5.1624086180E+00  -5.2084815962E-01   1.0370163035E+00
H12        1.0           6.4313414763E+00   6.9237878613E-01   5.4882856397E-01
H13        1.0           5.8170216961E+00  -2.1652844503E+00   6.0100592167E-01
O14        8.0          -6.2471026062E-01  -1.0175221096E+00  -5.1547584211E+00
H15        1.0           5.4854724348E-01  -5.2330810029E-01  -6.4584304549E+00
H16        1.0          -2.2889790966E+00  -5.7204210746E-01  -5.7503556850E+00
O17        8.0           9.9672000120E-01  -5.1579439612E+00  -6.3191116689E-01
H18        1.0           5.1040275970E-01  -6.4602835931E+00   5.4590471636E-01
H19        1.0           5.4311213786E-01  -5.7557520250E+00  -2.2930699071E+00
 
Some Atomic Properties:
----------------------
  q(A) = Net Charge of Atom A
  L(A) = Lagrangian of Atom A = -(1/4) Times Atomic Integral of the Laplacian of the Electron Density
  K(A) = Electronic Kinetic Energy of Atom A (Hamiltonian Form)
  K_Scaled(A) = K(A) * E(Mol)/K(Mol) = Approximation to Virial-Based Total Energy of Atom A.
  |Mu_Intra(A)| = Magnitude of Intraatomic Dipole Moment of Atom A
--------------------------------------------------------------------------------------------------
Atom A          q(A)              L(A)              K(A)          K_Scaled(A)      |Mu_Intra(A)|
--------------------------------------------------------------------------------------------------
Ni1       1.3831374856E+01 -1.8246339639E-05  7.6248608138E+02 -7.6394248649E+02  3.6131099331E-06
O2        3.3862666320E+00 -5.8411547030E-06  3.7757884710E+01 -3.7830005077E+01  1.1797757609E-01
H3        8.2061430402E-01  6.2973644018E-06  1.6624390431E-01 -1.6656144253E-01  6.7150370787E-02
H4        8.2121189829E-01  1.1382597616E-05  1.6560422552E-01 -1.6592054190E-01  6.7115489201E-02
O5        3.3862796952E+00 -7.1929086777E-06  3.7757895373E+01 -3.7830015760E+01  1.1843602216E-01
H6        8.2065113871E-01  5.7572322114E-06  1.6621285425E-01 -1.6653033316E-01  6.7155652930E-02
H7        8.2117263421E-01  1.4841863350E-05  1.6558841777E-01 -1.6590470396E-01  6.7145014319E-02
O8        3.3862938699E+00 -3.7078444126E-05  3.7758076437E+01 -3.7830197171E+01  1.1795131481E-01
H9        8.2061795525E-01  6.2476965431E-06  1.6624905062E-01 -1.6656659867E-01  6.7166750865E-02
H10       8.2120258873E-01  1.3412406954E-05  1.6558522158E-01 -1.6590150166E-01  6.7133604127E-02
O11       3.3862674052E+00 -5.4043591446E-06  3.7757884794E+01 -3.7830005161E+01  1.1797646854E-01
H12       8.2061386563E-01  5.7236813447E-06  1.6624388813E-01 -1.6656142631E-01  6.7150754826E-02
H13       8.2121475770E-01  1.3355280078E-05  1.6560335158E-01 -1.6591966630E-01  6.7115608345E-02
O14       3.3862808709E+00 -6.8104412357E-06  3.7757895271E+01 -3.7830015658E+01  1.1843646571E-01
H15       8.2065151030E-01  5.9989435210E-06  1.6621278013E-01 -1.6653025890E-01  6.7155802510E-02
H16       8.2116863538E-01  1.2408115665E-05  1.6558995949E-01 -1.6590624862E-01  6.7144986704E-02
O17       3.3862944320E+00 -3.7139728980E-05  3.7758075987E+01 -3.7830196719E+01  1.1794862026E-01
H18       8.2061745224E-01  5.8614455486E-06  1.6624915424E-01 -1.6656670248E-01  6.7166746289E-02
H19       8.2120396613E-01  1.3758678343E-05  1.6558424776E-01 -1.6590052599E-01  6.7134059084E-02
--------------------------------------------------------------------------------------------------
Total     4.3999998468E+01 -2.6680709294E-06  9.9102476101E+02 -9.9291769199E+02
 
Molecular charge q(Mol) from the wfx file:   4.4000000000E+01
Molecular energy E(Mol) from the wfx file:  -1.9661641812E+03
Molecular virial ratio (-V(Mol)/T(Mol)) from the wfx file:   2.0019100743E+00
Full molecular virial ratio ((-V(Mol)+W(Mol))/T(Mol)) from the wfx file:   2.0014804416E+00
Note.  K_Scaled(A) = (1+V(Mol)/T(Mol))*K(A) = (E(Mol)/T(Mol))*K(A)
       Only use K_Scaled(A) data with caution.
 
N_AIMInt(SumA)     =         44.000002
N_Analytic(Mol)    =         44.000000
 
G_AIMInt(SumA)     =        991.024764
G_Analytic(Mol)    =        991.024750
 
K_AIMInt(SumA)     =        991.024761
K_Analytic(Mol)    =        991.024750
 
L_AIMInt(SumA)     =         -0.000003
L_Analytic(Mol)    =          0.000000
 
VenT_AIMInt(SumA)  =      -2926.182977
VenT_Analytic(Mol) =      -2926.182971
 
Some Information About the Atomic Calculations:
----------------------------------------------
  Time(sec) = "Elapsed User Time", in Seconds, for Atom A by AIMInt and, if used, by TWOe
  NProc = Number of Processors Used for AIMInt Job
  BIM = Basin Integration Method
  OAQ = Angular Quadrature Outside of Beta Sphere
  ORQ = Multiple of Default for Radial Quadrature Outside of Beta Sphere
  IAQ = Multiple of Default for Angular Quadrature Inside of Beta Sphere
  IRQ = Multiple of Default for Radial Quadrature Inside of Beta Sphere
  MIR = Maximum Integration Radius
------------------------------------------------------------------------------------------------------
Atom A     Time(sec)   NProc      BIM              OAQ                 ORQ      IAQ      IRQ      MIR
------------------------------------------------------------------------------------------------------
Ni1          1411        8     Proaim(5)    4334      (Very High)      Auto     Auto     Auto    13.00
O2            891        8     Proaim(5)    4334      (Very High)      Auto     Auto     Auto    13.00
H3            263        8     Proaim(5)    2030      (Very High)      Auto     Auto     Auto    13.00
H4            213        8     Proaim(5)    2030      (Very High)      Auto     Auto     Auto    13.00
O5            859        8     Proaim(5)    4334      (Very High)      Auto     Auto     Auto    13.00
H6            220        8     Proaim(5)    2030      (Very High)      Auto     Auto     Auto    13.00
H7            267        8     Proaim(5)    2030      (Very High)      Auto     Auto     Auto    13.00
O8            781        8     Proaim(5)    4334      (Very High)      Auto     Auto     Auto    13.00
H9            176        8     Proaim(5)    2030      (Very High)      Auto     Auto     Auto    13.00
H10           192        8     Proaim(5)    2030      (Very High)      Auto     Auto     Auto    13.00
O11           843        8     Proaim(5)    4334      (Very High)      Auto     Auto     Auto    13.00
H12           211        8     Proaim(5)    2030      (Very High)      Auto     Auto     Auto    13.00
H13           163        8     Proaim(5)    2030      (Very High)      Auto     Auto     Auto    13.00
O14           890        8     Proaim(5)    4334      (Very High)      Auto     Auto     Auto    13.00
H15           217        8     Proaim(5)    2030      (Very High)      Auto     Auto     Auto    13.00
H16           162        8     Proaim(5)    2030      (Very High)      Auto     Auto     Auto    13.00
O17           904        8     Proaim(5)    4334      (Very High)      Auto     Auto     Auto    13.00
H18           240        8     Proaim(5)    2030      (Very High)      Auto     Auto     Auto    13.00
H19           252        8     Proaim(5)    2030      (Very High)      Auto     Auto     Auto    13.00
------------------------------------------------------------------------------------------------------
Total        9155
Note:  Total wall clock time is less than total of atomic times if more than one atom
       was calculated at a time
Note:  Total time does not include times for diatomic interaction energy calculations (3621 seconds)
 
Electron Density Critical Point Analysis of Molecular Structure:               
---------------------------------------------------------------                
  NACP = Nuclear Attractor Critical Point                                      
  NNACP = Non-Nuclear Attractor Critical Point                                 
  BCP = Bond Critical Point                                                    
  RCP = Ring Critical Point                                                    
  CCP = Cage Critical Point                                                    
  Rho = Electron Density                                                       
  GradRho = Gradient of Electron Density                                       
  HessRho_EigVals = Eigenvalues of the Hessian of Rho, Ascending Order         
  HessRho_EigVecs = Eigenvectors of the Hessian of Rho                         
  DelSqRho = Laplacian of Rho = Trace of Hessian of Rho                        
  Bond Ellipticity = (HessRho_EigVal(1) / HessRho_EigVal(2)) - 1               
  V = Virial Field = Potential Energy Density = Trace of Stress Tensor         
  G = Lagrangian Form of Kinetic Energy Density                                
  K = Hamiltonian Form of Kinetic Energy Density                               
  L = K - G = Lagrangian Density = (-1/4)DelSqRho                              
  Vnuc = Electrostatic Potential from Nuclei                                   
  Ven = Electron-nuclear attractive contribution to Virial Field V             
  Vrep = V - Ven = Repulsive contribution to Virial Field V                    
  DelSqV = Laplacian of V                                                      
  DelSqVen = Laplacian of Ven                                                  
  DelSqVrep = Laplacian of Vrep                                                
  DelSqG = Laplacian of G                                                      
  DelSqK = Laplacian of K                                                      
  Stress_EigVals = Eigenvalues of Stress Tensor, Ascending Order               
  Stress_EigVecs = Eigenvectors of Stress Tensor                               
  -DivStress = Ehrenfest Force Density = Minus Divergence of Stress Tensor     
  ESP = Total Electrostatic Potential                                          
  ESPe = Electrostatic Potential from Electrons                                
  ESPn = Electrostatic Potential from Nuclei                                   
  BP = Bond Path                                                               
  BPL = Bond Path Length                                                       
  GBL = Geometric Bond Length                                                  
  GBL_I = Distance Between Nuclear Attractors                                  
  GBL_II = Distance Between Nuclei                                             
  GBL_III = Sum of Distances Between BCP and Nuclear Attractors                
  GBL_IV = Sum of Distances Between BCP and Nuclei                             

CP# 1      Coords =  4.29255123453631E-25 -3.04044259908828E-25 -2.18534129200697E-26
           Type = (3,-3) NACP Ni1
           Rho =  7.2849537044E+03     Rho at Nucleus =  7.2849537044E+03
           GradRho = -4.9604623160E-18  3.8962805029E-18  4.9741274021E-18
           HessRho_EigVals = -4.2222127631E+08 -4.2222123127E+08 -4.2222122902E+08
           HessRho_EigVec1 =  5.7338631854E-01  5.6816449017E-01 -5.9026878777E-01
           HessRho_EigVec2 = -7.2942044061E-01  6.8208519300E-01 -5.2015481441E-02
           HessRho_EigVec3 =  3.7306025053E-01  4.6037908466E-01  8.0552911051E-01
           DelSqRho = -1.2666637366E+09
           Bond Ellipticity = NA
           V = -3.1693519757E+08
           G =  1.3463170905E+05
           K =  3.1680056586E+08
           L =  3.1666593415E+08
           Vnuc =  2.8000000110E+09
           Ven = -2.0397870452E+13
           Vrep =  2.0397553517E+13
           DelSqV =  6.5848635880E+14
           DelSqVen =  6.1193611118E+29
           DelSqVrep = -6.1193611118E+29
           DelSqG =  1.8381730034E+13
           DelSqK = -6.7686808883E+14
           Stress_EigVals = -1.0564506624E+08 -1.0564506617E+08 -1.0564506516E+08
           Stress_EigVec1 =  3.1357119518E-01  5.2614902135E-01  7.9046841359E-01
           Stress_EigVec2 = -7.5040267459E-01  6.4741047839E-01 -1.3324975960E-01
           Stress_EigVec3 =  5.8186676440E-01  5.5138632536E-01 -5.9783291034E-01
           -DivStress = -8.8850910742E-11  6.3259860453E-11  4.5709745224E-12
           ESP =  -5.9991986736E+01     ESP at Nucleus =  -5.9991986736E+01
           ESPe = -7.0950836801E+01     ESPe at Nucleus = -7.0950836801E+01
           ESPn =  1.0958850064E+01     ESPn at Nucleus =  1.0958850064E+01

CP# 2      Coords = -5.16241515996484E+00  5.20849662930830E-01 -1.03701121053801E+00
           Type = (3,-3) NACP O2
           Rho =  1.4783176999E+02     Rho at Nucleus =  1.4783175540E+02
           GradRho =  1.2085380613E-10 -1.5886824842E-11 -1.0085217383E-11
           HessRho_EigVals = -4.1119535799E+05 -4.1118836750E+05 -4.1117836474E+05
           HessRho_EigVec1 =  2.1993170452E-01  9.7529977530E-01 -2.0503503360E-02
           HessRho_EigVec2 =  9.3887355729E-01 -2.1733041274E-01 -2.6699051503E-01
           HessRho_EigVec3 =  2.6485182416E-01 -3.9469481924E-02  9.6348101758E-01
           DelSqRho = -1.2335620902E+06
           Bond Ellipticity = NA
           V = -3.0845994262E+05
           G =  3.4710032515E+01
           K =  3.0842523259E+05
           L =  3.0839052256E+05
           Vnuc =  9.4946314275E+05
           Ven = -1.4036081693E+08
           Vrep =  1.4005235699E+08
           DelSqV =  1.9619748917E+10
           DelSqVen =  1.1712217391E+12
           DelSqVrep = -1.1516019901E+12
           DelSqG =  8.5796791787E+08
           DelSqK = -2.0477716835E+10
           Stress_EigVals = -1.0282209032E+05 -1.0281961132E+05 -1.0281824098E+05
           Stress_EigVec1 =  2.8738682374E-01 -4.4547905806E-02  9.5677808170E-01
           Stress_EigVec2 =  9.3190873574E-01 -2.1774771180E-01 -2.9005524002E-01
           Stress_EigVec3 =  2.2125759150E-01  9.7498790664E-01 -2.1063240692E-02
           -DivStress =  4.1785495913E+04 -9.6020659262E+03 -3.2526457581E+04
           ESP =  -4.8565387019E+00     ESP at Nucleus =  -4.8565358559E+00
           ESPe = -1.7580889099E+01     ESPe at Nucleus = -1.7580892620E+01
           ESPn =  1.2724350397E+01     ESPn at Nucleus =  1.2724356764E+01

CP# 3      Coords = -6.39537139099011E+00 -6.57048752610713E-01 -5.62117888633021E-01
           Type = (3,-3) NACP H3
           Rho =  2.0402731611E-01     Rho at Nucleus =  1.9924235035E-01
           GradRho =  1.4743722600E-12  1.4448219978E-12 -5.4732840439E-13
           HessRho_EigVals = -4.0139174495E+00 -4.0034042609E+00 -3.1439190852E+00
           HessRho_EigVec1 = -6.2250915189E-01  7.3730090666E-01  2.6243042669E-01
           HessRho_EigVec2 =  3.6713042509E-01 -2.1023122641E-02  9.2993186809E-01
           HessRho_EigVec3 =  6.9115671652E-01  6.7523729263E-01 -2.5759850903E-01
           DelSqRho = -1.1161240796E+01
           Bond Ellipticity = NA
           V = -2.8205826699E+00
           G =  1.5136235517E-02
           K =  2.8054464344E+00
           L =  2.7903101989E+00
           Vnuc =  3.4005173192E+01
           Ven = -6.9379842201E+00
           Vrep =  4.1174015502E+00
           DelSqV =  6.7863735801E+02
           DelSqVen =  3.7953992629E+02
           DelSqVrep =  2.9909743172E+02
           DelSqG =  5.2024640561E+01
           DelSqK = -7.3066199857E+02
           Stress_EigVals = -1.0162824172E+00 -1.0137786993E+00 -7.9052155344E-01
           Stress_EigVec1 =  3.6110602579E-01 -1.6985152483E-02  9.3237006748E-01
           Stress_EigVec2 = -6.2853063948E-01  7.3416691866E-01  2.5680375928E-01
           Stress_EigVec3 =  6.8887711050E-01  6.7875653966E-01 -2.5443640951E-01
           -DivStress = -8.3807166238E+00 -8.2371335027E+00  3.0894659546E+00
           ESP =   6.9117031359E+00     ESP at Nucleus =   6.8209369349E+00
           ESPe = -7.9146362607E+00     ESPe at Nucleus = -7.8254938884E+00
           ESPn =  1.4826339397E+01     ESPn at Nucleus =  1.4646430823E+01

CP# 4      Coords = -5.79893847771580E+00  2.11768036922149E+00 -6.12873509617096E-01
           Type = (3,-3) NACP H4
           Rho =  2.0374751056E-01     Rho at Nucleus =  1.9894857343E-01
           GradRho =  5.8537562005E-13 -1.5350832737E-12 -3.8540270151E-13
           HessRho_EigVals = -4.0047600728E+00 -3.9941716887E+00 -3.1332661516E+00
           HessRho_EigVec1 =  8.6908735246E-01  4.0516464696E-01 -2.8377593739E-01
           HessRho_EigVec2 =  3.5080105048E-01 -1.0036789540E-01  9.3105580314E-01
           HessRho_EigVec3 = -3.4874890218E-01  9.0871771988E-01  2.2936065226E-01
           DelSqRho = -1.1132197913E+01
           Bond Ellipticity = NA
           V = -2.8132213125E+00
           G =  1.5085917117E-02
           K =  2.7981353954E+00
           L =  2.7830494783E+00
           Vnuc =  3.4467919612E+01
           Ven = -7.0227528151E+00
           Vrep =  4.2095315026E+00
           DelSqV =  6.7642680792E+02
           DelSqVen =  3.8370370278E+02
           DelSqVrep =  2.9272310515E+02
           DelSqG =  5.1831692830E+01
           DelSqK = -7.2825850075E+02
           Stress_EigVals = -1.0139492809E+00 -1.0114306571E+00 -7.8784137450E-01
           Stress_EigVec1 =  3.4610142343E-01 -1.0044978292E-01  9.3280418407E-01
           Stress_EigVec2 =  8.7239762129E-01  4.0024064890E-01 -2.8058833429E-01
           Stress_EigVec3 = -3.4516111466E-01  9.1088817320E-01  2.2615600998E-01
           -DivStress = -4.2000605246E+00  1.1066053136E+01  2.7503645012E+00
           ESP =   7.1630840109E+00     ESP at Nucleus =   7.0776193438E+00
           ESPe = -8.1798347808E+00     ESPe at Nucleus = -8.0961703790E+00
           ESPn =  1.5342918792E+01     ESPn at Nucleus =  1.5173789723E+01

CP# 5      Coords =  6.24711962481930E-01  1.01751695402378E+00  5.15476487244015E+00
           Type = (3,-3) NACP O5
           Rho =  1.4783244925E+02     Rho at Nucleus =  1.4783243463E+02
           GradRho = -1.5984272933E-11 -1.7281620579E-11 -5.0838777632E-11
           HessRho_EigVals = -4.1119721865E+05 -4.1119021931E+05 -4.1118024880E+05
           HessRho_EigVec1 =  9.6743736141E-01  1.9553878494E-02 -2.5235411150E-01
           HessRho_EigVec2 =  2.4793752241E-01 -2.7375169304E-01  9.2929381551E-01
           HessRho_EigVec3 =  5.0911066913E-02  9.6160161002E-01  2.6968575578E-01
           DelSqRho = -1.2335676868E+06
           Bond Ellipticity = NA
           V = -3.0846133693E+05
           G =  3.4707622701E+01
           K =  3.0842662931E+05
           L =  3.0839192169E+05
           Vnuc =  9.4879858819E+05
           Ven = -1.4026321914E+08
           Vrep =  1.3995475780E+08
           DelSqV =  1.9619837188E+10
           DelSqVen =  1.1704072794E+12
           DelSqVrep = -1.1507874422E+12
           DelSqG =  8.5797174691E+08
           DelSqK = -2.0477808935E+10
           Stress_EigVals = -1.0282255031E+05 -1.0282007924E+05 -1.0281870739E+05
           Stress_EigVec1 =  5.6778713285E-02  9.5467954222E-01  2.9216972702E-01
           Stress_EigVec2 =  2.4801261757E-01 -2.9695582679E-01  9.2212091315E-01
           Stress_EigVec3 =  9.6709147408E-01  2.0104939831E-02 -2.5363334195E-01
           -DivStress = -1.0870377075E+04  3.2926256307E+04 -4.1206534345E+04
           ESP =  -4.8503884942E+00     ESP at Nucleus =  -4.8503856919E+00
           ESPe = -1.7587746806E+01     ESPe at Nucleus = -1.7587750281E+01
           ESPn =  1.2737358312E+01     ESPn at Nucleus =  1.2737364589E+01

CP# 6      Coords = -5.14350534506346E-01  5.36760754727704E-01  6.42143591870037E+00
           Type = (3,-3) NACP H6
           Rho =  2.0402230106E-01     Rho at Nucleus =  1.9923691517E-01
           GradRho =  3.5784967247E-12  1.4182240451E-12 -3.8806298127E-12
           HessRho_EigVals = -4.0138900550E+00 -4.0033831681E+00 -3.1437722586E+00
           HessRho_EigVec1 =  7.5614888904E-01 -2.6869870287E-01  5.9669076135E-01
           HessRho_EigVec2 =  3.5349142703E-02  9.2725403897E-01  3.7276049325E-01
           HessRho_EigVec3 = -6.5344417950E-01 -2.6076992598E-01  7.1064038021E-01
           DelSqRho = -1.1161045482E+01
           Bond Ellipticity = NA
           V = -2.8205296670E+00
           G =  1.5134148268E-02
           K =  2.8053955187E+00
           L =  2.7902613704E+00
           Vnuc =  3.3992394487E+01
           Ven = -6.9352065417E+00
           Vrep =  4.1146768747E+00
           DelSqV =  6.7862027604E+02
           DelSqVen =  3.7939066090E+02
           DelSqVrep =  2.9922961514E+02
           DelSqG =  5.2024199373E+01
           DelSqK = -7.3064447542E+02
           Stress_EigVals = -1.0162728763E+00 -1.0137719220E+00 -7.9048486866E-01
           Stress_EigVec1 =  3.1101565971E-02  9.2976303075E-01  3.6684247199E-01
           Stress_EigVec2 =  7.5321582462E-01 -2.6306462629E-01  6.0287886340E-01
           Stress_EigVec3 = -6.5703775701E-01 -2.5756107830E-01  7.0849394973E-01
           -DivStress = -7.9730651176E+00 -3.1273837195E+00  8.6194684710E+00
           ESP =   6.9057871074E+00     ESP at Nucleus =   6.8148020659E+00
           ESPe = -7.9089024559E+00     ESPe at Nucleus = -7.8195349684E+00
           ESPn =  1.4814689563E+01     ESPn at Nucleus =  1.4634337034E+01

CP# 7      Coords =  2.24081766131701E+00  5.84178325641074E-01  5.73399290424581E+00
           Type = (3,-3) NACP H7
           Rho =  2.0372916492E-01     Rho at Nucleus =  1.9893015393E-01
           GradRho = -2.3883112149E-12  6.0577172618E-13 -8.1559000005E-13
           HessRho_EigVals = -4.0041135805E+00 -3.9935177830E+00 -3.1325881229E+00
           HessRho_EigVec1 = -3.7621291682E-01 -2.8869820759E-01  8.8040739783E-01
           HessRho_EigVec2 =  1.1522853238E-01  9.2826114454E-01  3.5362923079E-01
           HessRho_EigVec3 =  9.1934010385E-01 -2.3448793674E-01  3.1595756199E-01
           DelSqRho = -1.1130219486E+01
           Bond Ellipticity = NA
           V = -2.8127251812E+00
           G =  1.5085154792E-02
           K =  2.7976400264E+00
           L =  2.7825548716E+00
           Vnuc =  3.4527412438E+01
           Ven = -7.0342409028E+00
           Vrep =  4.2215157216E+00
           DelSqV =  6.7628892930E+02
           DelSqVen =  3.8429767874E+02
           DelSqVrep =  2.9199125056E+02
           DelSqG =  5.1818690439E+01
           DelSqK = -7.2810761974E+02
           Stress_EigVals = -1.0137805407E+00 -1.0112674545E+00 -7.8767718598E-01
           Stress_EigVec1 =  1.1486796575E-01  9.2982668022E-01  3.4961077671E-01
           Stress_EigVec2 = -3.7123335033E-01 -2.8626054810E-01  8.8331234465E-01
           Stress_EigVec3 =  9.2140715759E-01 -2.3125147210E-01  3.1230050689E-01
           -DivStress =  1.1193533706E+01 -2.8121964819E+00  3.7995160706E+00
           ESP =   7.1929022270E+00     ESP at Nucleus =   7.1079829753E+00
           ESPe = -8.2114721937E+00     ESPe at Nucleus = -8.1283666198E+00
           ESPn =  1.5404374421E+01     ESPn at Nucleus =  1.5236349595E+01

CP# 8      Coords = -9.96714839809575E-01  5.15795040430638E+00  6.31912828190049E-01
           Type = (3,-3) NACP O8
           Rho =  1.4783191623E+02     Rho at Nucleus =  1.4783190165E+02
           GradRho = -2.0598245332E-11 -4.6469494919E-11  5.1140237878E-12
           HessRho_EigVals = -4.1119564572E+05 -4.1118865983E+05 -4.1117863844E+05
           HessRho_EigVec1 = -1.4180218313E-02 -2.5133787953E-01  9.6779553198E-01
           HessRho_EigVec2 =  2.7411283077E-01  9.2983542354E-01  2.4549590859E-01
           HessRho_EigVec3 =  9.6159298948E-01 -2.6876635845E-01 -5.5709668337E-02
           DelSqRho = -1.2335629440E+06
           Bond Ellipticity = NA
           V = -3.0846015778E+05
           G =  3.4710891397E+01
           K =  3.0842544689E+05
           L =  3.0839073600E+05
           Vnuc =  9.5001544646E+05
           Ven = -1.4044260390E+08
           Vrep =  1.4013414374E+08
           DelSqV =  1.9619762113E+10
           DelSqVen =  1.1719038502E+12
           DelSqVrep = -1.1522840881E+12
           DelSqG =  8.5796825820E+08
           DelSqK = -2.0477730371E+10
           Stress_EigVals = -1.0282216391E+05 -1.0281968148E+05 -1.0281831239E+05
           Stress_EigVec1 =  9.5469205420E-01 -2.9117276106E-01 -6.1493941656E-02
           Stress_EigVec2 =  2.9722938606E-01  9.2269197211E-01  2.4554880709E-01
           Stress_EigVec3 = -1.4757157836E-02 -2.5270130157E-01  9.6743179526E-01
           -DivStress = -3.2963379136E+04 -4.1154091687E+04 -1.0611311870E+04
           ESP =  -4.8602640307E+00     ESP at Nucleus =  -4.8602612613E+00
           ESPe = -1.7578352842E+01     ESPe at Nucleus = -1.7578356284E+01
           ESPn =  1.2718088811E+01     ESPn at Nucleus =  1.2718095023E+01

CP# 9      Coords = -5.23626270492366E-01  6.42332100938804E+00 -5.11578723956878E-01
           Type = (3,-3) NACP H9
           Rho =  2.0405710875E-01     Rho at Nucleus =  1.9927023093E-01
           GradRho = -1.3591327499E-12 -3.7828611771E-12  3.5017834037E-12
           HessRho_EigVals = -4.0145921522E+00 -4.0040528626E+00 -3.1442593398E+00
           HessRho_EigVec1 =  2.7213195578E-01  5.9810621806E-01  7.5379914471E-01
           HessRho_EigVec2 =  9.2747585261E-01 -3.7175191318E-01 -3.9862988800E-02
           HessRho_EigVec3 =  2.5638397272E-01  7.0997849754E-01 -6.5589464975E-01
           DelSqRho = -1.1162904355E+01
           Bond Ellipticity = NA
           V = -2.8210073444E+00
           G =  1.5140627875E-02
           K =  2.8058667165E+00
           L =  2.7907260887E+00
           Vnuc =  3.3981252351E+01
           Ven = -6.9341161065E+00
           Vrep =  4.1131087621E+00
           DelSqV =  6.7872326918E+02
           DelSqVen =  3.7932946985E+02
           DelSqVrep =  2.9939379933E+02
           DelSqG =  5.2032918447E+01
           DelSqK = -7.3075618763E+02
           Stress_EigVals = -1.0164548270E+00 -1.0139454321E+00 -7.9060708531E-01
           Stress_EigVec1 =  9.3001702024E-01 -3.6578710555E-01 -3.5610889817E-02
           Stress_EigVec2 =  2.6643068488E-01  6.0430015733E-01  7.5089014510E-01
           Stress_EigVec3 =  2.5314626644E-01  7.0782844904E-01 -6.5946634070E-01
           -DivStress =  3.0743941792E+00  8.6133682060E+00 -8.0044054899E+00
           ESP =   6.9007436492E+00     ESP at Nucleus =   6.8098405294E+00
           ESPe = -7.9041545521E+00     ESPe at Nucleus = -7.8148695777E+00
           ESPn =  1.4804898201E+01     ESPn at Nucleus =  1.4624710107E+01

CP# 10     Coords = -5.55485358536620E-01  5.73931827804365E+00  2.24498409194910E+00
           Type = (3,-3) NACP H10
           Rho =  2.0374617947E-01     Rho at Nucleus =  1.9894536647E-01
           GradRho = -5.8512179477E-13 -7.7795072901E-13 -2.2607976011E-12
           HessRho_EigVals = -4.0044418658E+00 -3.9938177256E+00 -3.1326618585E+00
           HessRho_EigVec1 = -2.8588483149E-01 -8.8024172154E-01  3.7874051113E-01
           HessRho_EigVec2 =  9.2798645297E-01 -3.5287749825E-01 -1.1966041258E-01
           HessRho_EigVec3 =  2.3897909162E-01  3.1725696664E-01  9.1773471705E-01
           DelSqRho = -1.1130921450E+01
           Bond Ellipticity = NA
           V = -2.8129067029E+00
           G =  1.5088170219E-02
           K =  2.7978185327E+00
           L =  2.7827303625E+00
           Vnuc =  3.4506216822E+01
           Ven = -7.0305098455E+00
           Vrep =  4.2176031426E+00
           DelSqV =  6.7630991757E+02
           DelSqVen =  3.8408598898E+02
           DelSqVrep =  2.9222392859E+02
           DelSqG =  5.1821183994E+01
           DelSqK = -7.2813110156E+02
           Stress_EigVals = -1.0138675878E+00 -1.0113456140E+00 -7.8769350119E-01
           Stress_EigVec1 =  9.2959816655E-01 -3.4871156642E-01 -1.1936285937E-01
           Stress_EigVec2 =  2.8332068517E-01  8.8320617836E-01 -3.7373284023E-01
           Stress_EigVec3 =  2.3574697900E-01  3.1360339595E-01  9.1982404401E-01
           -DivStress =  2.8673596778E+00  3.8161983658E+00  1.1176633294E+01
           ESP =   7.1837301770E+00     ESP at Nucleus =   7.0988117191E+00
           ESPe = -8.2024480317E+00     ESPe at Nucleus = -8.1193412454E+00
           ESPn =  1.5386178209E+01     ESPn at Nucleus =  1.5218152964E+01

CP# 11     Coords =  5.16241515996484E+00 -5.20849662930830E-01  1.03701121053801E+00
           Type = (3,-3) NACP O11
           Rho =  1.4783176999E+02     Rho at Nucleus =  1.4783175540E+02
           GradRho = -1.2085777865E-10  1.5887323792E-11  1.0086109031E-11
           HessRho_EigVals = -4.1119535799E+05 -4.1118836750E+05 -4.1117836474E+05
           HessRho_EigVec1 =  2.1993170453E-01  9.7529977530E-01 -2.0503503361E-02
           HessRho_EigVec2 =  9.3887355729E-01 -2.1733041274E-01 -2.6699051503E-01
           HessRho_EigVec3 =  2.6485182416E-01 -3.9469481924E-02  9.6348101758E-01
           DelSqRho = -1.2335620902E+06
           Bond Ellipticity = NA
           V = -3.0845994262E+05
           G =  3.4710032515E+01
           K =  3.0842523259E+05
           L =  3.0839052256E+05
           Vnuc =  9.4946314275E+05
           Ven = -1.4036081693E+08
           Vrep =  1.4005235699E+08
           DelSqV =  1.9619748917E+10
           DelSqVen =  1.1712217388E+12
           DelSqVrep = -1.1516019899E+12
           DelSqG =  8.5796791787E+08
           DelSqK = -2.0477716835E+10
           Stress_EigVals = -1.0282209032E+05 -1.0281961132E+05 -1.0281824098E+05
           Stress_EigVec1 =  2.8738682374E-01 -4.4547905806E-02  9.5677808170E-01
           Stress_EigVec2 =  9.3190873574E-01 -2.1774771179E-01 -2.9005524002E-01
           Stress_EigVec3 =  2.2125759150E-01  9.7498790664E-01 -2.1063240690E-02
           -DivStress = -4.1785495913E+04  9.6020659262E+03  3.2526457581E+04
           ESP =  -4.8565387019E+00     ESP at Nucleus =  -4.8565358559E+00
           ESPe = -1.7580889099E+01     ESPe at Nucleus = -1.7580892620E+01
           ESPn =  1.2724350397E+01     ESPn at Nucleus =  1.2724356764E+01

CP# 12     Coords =  6.39537139099011E+00  6.57048752610713E-01  5.62117888633021E-01
           Type = (3,-3) NACP H12
           Rho =  2.0402731611E-01     Rho at Nucleus =  1.9924235035E-01
           GradRho = -1.4743756753E-12 -1.4448150453E-12  5.4733279541E-13
           HessRho_EigVals = -4.0139174495E+00 -4.0034042609E+00 -3.1439190852E+00
           HessRho_EigVec1 = -6.2250915189E-01  7.3730090666E-01  2.6243042669E-01
           HessRho_EigVec2 =  3.6713042509E-01 -2.1023122642E-02  9.2993186809E-01
           HessRho_EigVec3 =  6.9115671652E-01  6.7523729263E-01 -2.5759850903E-01
           DelSqRho = -1.1161240796E+01
           Bond Ellipticity = NA
           V = -2.8205826699E+00
           G =  1.5136235517E-02
           K =  2.8054464344E+00
           L =  2.7903101989E+00
           Vnuc =  3.4005173192E+01
           Ven = -6.9379842201E+00
           Vrep =  4.1174015502E+00
           DelSqV =  6.7863735801E+02
           DelSqVen =  3.7953992629E+02
           DelSqVrep =  2.9909743172E+02
           DelSqG =  5.2024640561E+01
           DelSqK = -7.3066199857E+02
           Stress_EigVals = -1.0162824172E+00 -1.0137786993E+00 -7.9052155344E-01
           Stress_EigVec1 =  3.6110602579E-01 -1.6985152483E-02  9.3237006748E-01
           Stress_EigVec2 = -6.2853063948E-01  7.3416691866E-01  2.5680375928E-01
           Stress_EigVec3 =  6.8887711050E-01  6.7875653966E-01 -2.5443640951E-01
           -DivStress =  8.3807166238E+00  8.2371335027E+00 -3.0894659546E+00
           ESP =   6.9117031359E+00     ESP at Nucleus =   6.8209369349E+00
           ESPe = -7.9146362607E+00     ESPe at Nucleus = -7.8254938884E+00
           ESPn =  1.4826339397E+01     ESPn at Nucleus =  1.4646430823E+01

CP# 13     Coords =  5.79893847771580E+00 -2.11768036922149E+00  6.12873509617096E-01
           Type = (3,-3) NACP H13
           Rho =  2.0374751056E-01     Rho at Nucleus =  1.9894857343E-01
           GradRho = -5.8537886588E-13  1.5350798042E-12  3.8541050776E-13
           HessRho_EigVals = -4.0047600728E+00 -3.9941716887E+00 -3.1332661516E+00
           HessRho_EigVec1 =  8.6908735246E-01  4.0516464696E-01 -2.8377593739E-01
           HessRho_EigVec2 =  3.5080105048E-01 -1.0036789540E-01  9.3105580314E-01
           HessRho_EigVec3 = -3.4874890218E-01  9.0871771988E-01  2.2936065226E-01
           DelSqRho = -1.1132197913E+01
           Bond Ellipticity = NA
           V = -2.8132213125E+00
           G =  1.5085917117E-02
           K =  2.7981353954E+00
           L =  2.7830494783E+00
           Vnuc =  3.4467919612E+01
           Ven = -7.0227528151E+00
           Vrep =  4.2095315026E+00
           DelSqV =  6.7642680792E+02
           DelSqVen =  3.8370370278E+02
           DelSqVrep =  2.9272310515E+02
           DelSqG =  5.1831692830E+01
           DelSqK = -7.2825850075E+02
           Stress_EigVals = -1.0139492809E+00 -1.0114306571E+00 -7.8784137450E-01
           Stress_EigVec1 =  3.4610142343E-01 -1.0044978292E-01  9.3280418407E-01
           Stress_EigVec2 =  8.7239762129E-01  4.0024064890E-01 -2.8058833429E-01
           Stress_EigVec3 = -3.4516111466E-01  9.1088817320E-01  2.2615600998E-01
           -DivStress =  4.2000605246E+00 -1.1066053136E+01 -2.7503645012E+00
           ESP =   7.1630840109E+00     ESP at Nucleus =   7.0776193438E+00
           ESPe = -8.1798347808E+00     ESPe at Nucleus = -8.0961703790E+00
           ESPn =  1.5342918792E+01     ESPn at Nucleus =  1.5173789723E+01

CP# 14     Coords = -6.24711962481930E-01 -1.01751695402378E+00 -5.15476487244015E+00
           Type = (3,-3) NACP O14
           Rho =  1.4783244925E+02     Rho at Nucleus =  1.4783243463E+02
           GradRho =  1.5984543550E-11  1.7281009956E-11  5.0839152332E-11
           HessRho_EigVals = -4.1119721865E+05 -4.1119021931E+05 -4.1118024880E+05
           HessRho_EigVec1 =  9.6743736141E-01  1.9553878494E-02 -2.5235411150E-01
           HessRho_EigVec2 =  2.4793752241E-01 -2.7375169304E-01  9.2929381551E-01
           HessRho_EigVec3 =  5.0911066913E-02  9.6160161002E-01  2.6968575578E-01
           DelSqRho = -1.2335676868E+06
           Bond Ellipticity = NA
           V = -3.0846133693E+05
           G =  3.4707622701E+01
           K =  3.0842662931E+05
           L =  3.0839192169E+05
           Vnuc =  9.4879858819E+05
           Ven = -1.4026321914E+08
           Vrep =  1.3995475780E+08
           DelSqV =  1.9619837188E+10
           DelSqVen =  1.1704072794E+12
           DelSqVrep = -1.1507874422E+12
           DelSqG =  8.5797174691E+08
           DelSqK = -2.0477808935E+10
           Stress_EigVals = -1.0282255031E+05 -1.0282007924E+05 -1.0281870739E+05
           Stress_EigVec1 =  5.6778713286E-02  9.5467954222E-01  2.9216972702E-01
           Stress_EigVec2 =  2.4801261757E-01 -2.9695582679E-01  9.2212091315E-01
           Stress_EigVec3 =  9.6709147408E-01  2.0104939831E-02 -2.5363334196E-01
           -DivStress =  1.0870377075E+04 -3.2926256307E+04  4.1206534345E+04
           ESP =  -4.8503884942E+00     ESP at Nucleus =  -4.8503856919E+00
           ESPe = -1.7587746806E+01     ESPe at Nucleus = -1.7587750281E+01
           ESPn =  1.2737358312E+01     ESPn at Nucleus =  1.2737364589E+01

CP# 15     Coords =  5.14350534506346E-01 -5.36760754727704E-01 -6.42143591870037E+00
           Type = (3,-3) NACP H15
           Rho =  2.0402230106E-01     Rho at Nucleus =  1.9923691517E-01
           GradRho = -3.5784896910E-12 -1.4182307672E-12  3.8806392453E-12
           HessRho_EigVals = -4.0138900550E+00 -4.0033831681E+00 -3.1437722586E+00
           HessRho_EigVec1 =  7.5614888904E-01 -2.6869870287E-01  5.9669076135E-01
           HessRho_EigVec2 =  3.5349142703E-02  9.2725403897E-01  3.7276049325E-01
           HessRho_EigVec3 = -6.5344417950E-01 -2.6076992598E-01  7.1064038021E-01
           DelSqRho = -1.1161045482E+01
           Bond Ellipticity = NA
           V = -2.8205296670E+00
           G =  1.5134148268E-02
           K =  2.8053955187E+00
           L =  2.7902613704E+00
           Vnuc =  3.3992394487E+01
           Ven = -6.9352065417E+00
           Vrep =  4.1146768747E+00
           DelSqV =  6.7862027604E+02
           DelSqVen =  3.7939066090E+02
           DelSqVrep =  2.9922961514E+02
           DelSqG =  5.2024199373E+01
           DelSqK = -7.3064447542E+02
           Stress_EigVals = -1.0162728763E+00 -1.0137719220E+00 -7.9048486866E-01
           Stress_EigVec1 =  3.1101565971E-02  9.2976303075E-01  3.6684247199E-01
           Stress_EigVec2 =  7.5321582462E-01 -2.6306462629E-01  6.0287886340E-01
           Stress_EigVec3 = -6.5703775701E-01 -2.5756107830E-01  7.0849394973E-01
           -DivStress =  7.9730651176E+00  3.1273837195E+00 -8.6194684710E+00
           ESP =   6.9057871074E+00     ESP at Nucleus =   6.8148020659E+00
           ESPe = -7.9089024559E+00     ESPe at Nucleus = -7.8195349684E+00
           ESPn =  1.4814689563E+01     ESPn at Nucleus =  1.4634337034E+01

CP# 16     Coords = -2.24081766131701E+00 -5.84178325641074E-01 -5.73399290424581E+00
           Type = (3,-3) NACP H16
           Rho =  2.0372916492E-01     Rho at Nucleus =  1.9893015393E-01
           GradRho =  2.3882830528E-12 -6.0576869042E-13  8.1558284432E-13
           HessRho_EigVals = -4.0041135805E+00 -3.9935177830E+00 -3.1325881229E+00
           HessRho_EigVec1 = -3.7621291682E-01 -2.8869820759E-01  8.8040739783E-01
           HessRho_EigVec2 =  1.1522853238E-01  9.2826114454E-01  3.5362923079E-01
           HessRho_EigVec3 =  9.1934010385E-01 -2.3448793674E-01  3.1595756199E-01
           DelSqRho = -1.1130219486E+01
           Bond Ellipticity = NA
           V = -2.8127251812E+00
           G =  1.5085154792E-02
           K =  2.7976400264E+00
