AIMSum (Version 16.05.18, Professional)
Copyright (c) 1997-2016 by Todd A. Keith
AIMSum is a component of the AIMAll package ( http://aim.tkgristmill.com )

TP:  64-bit Linux

Licensed To:  Research Group of Fernando Cortes Guzman, UNAM, fercor@unam.mx

Much of the Quantum Theory of Atoms in Molecules (QTAIM) is described in the book:
  "Atoms in Molecules - A Quantum Theory"
  R.F.W. Bader, Oxford University Press, Oxford, 1990

For additional references see:  http://aim.tkgristmill.com/references.html

Wfx File:  /home/lillian/David/max_int/acercamiento/Ni23_26.wfx
Sum File:  /home/lillian/David/max_int/acercamiento/Ni23_26.sum

SumViz File:  /home/lillian/David/max_int/acercamiento/Ni23_26.sumviz

Wfx Title:   Ni23_26                                                                       
 
Total memory allocated for AIMSum =        1.194 Megabytes

Atomic units (a.u.) used throughout, except where stated otherwise

Model:  Unrestricted SCF
 
Unrestricted, single-determinant wavefunction.
  Number of electrons (from MO Occs)                   =          86.0000000000
  Number of Alpha electrons (from MO Occs)             =          44.0000000000
  Number of Beta electrons (from MO Occs)              =          42.0000000000
  Number of electron pairs (N*(N-1)/2)                 =        3655.0000000000
  Number of electron pairs (from Muller 2EDM)          =        3655.0000000000
 
Nuclear Charges and Cartesian Coordinates:
-------------------------------------------------------------------------------
Atom      Charge                X                  Y                  Z
-------------------------------------------------------------------------------
Ni1       28.0           0.0000000000E+00   0.0000000000E+00   0.0000000000E+00
O2         8.0          -4.8371086088E+00   3.6024199995E-01  -7.8294607653E-01
H3         1.0          -6.0750241956E+00  -8.8872990126E-01  -3.0514983215E-01
H4         1.0          -5.5245446214E+00   1.9918084176E+00  -3.4757141610E-01
O5         8.0           4.0153128816E-01   7.8442321924E-01   4.8336167812E+00
H6         1.0          -8.3104671884E-01   3.0134675830E-01   6.0858222649E+00
H7         1.0           2.0429769508E+00   3.5797960297E-01   5.5028205976E+00
O8         8.0          -8.0660125947E-01   4.8301656825E+00   3.9911444217E-01
H9         1.0          -3.3786013304E-01   6.0823158474E+00  -8.3899848970E-01
H10        1.0          -3.7452196282E-01   5.5054651620E+00   2.0365668494E+00
O11        8.0           4.8371086088E+00  -3.6024199995E-01   7.8294607653E-01
H12        1.0           6.0750241956E+00   8.8872990126E-01   3.0514983215E-01
H13        1.0           5.5245446214E+00  -1.9918084176E+00   3.4757141610E-01
O14        8.0          -4.0153128816E-01  -7.8442321924E-01  -4.8336167812E+00
H15        1.0           8.3104671884E-01  -3.0134675830E-01  -6.0858222649E+00
H16        1.0          -2.0429769508E+00  -3.5797960297E-01  -5.5028205976E+00
O17        8.0           8.0660125947E-01  -4.8301656825E+00  -3.9911444217E-01
H18        1.0           3.3786013304E-01  -6.0823158474E+00   8.3899848970E-01
H19        1.0           3.7452196282E-01  -5.5054651620E+00  -2.0365668494E+00
 
Some Atomic Properties:
----------------------
  q(A) = Net Charge of Atom A
  L(A) = Lagrangian of Atom A = -(1/4) Times Atomic Integral of the Laplacian of the Electron Density
  K(A) = Electronic Kinetic Energy of Atom A (Hamiltonian Form)
  K_Scaled(A) = K(A) * E(Mol)/K(Mol) = Approximation to Virial-Based Total Energy of Atom A.
  |Mu_Intra(A)| = Magnitude of Intraatomic Dipole Moment of Atom A
--------------------------------------------------------------------------------------------------
Atom A          q(A)              L(A)              K(A)          K_Scaled(A)      |Mu_Intra(A)|
--------------------------------------------------------------------------------------------------
Ni1       1.5895176520E+00 -2.5641263185E-04  1.5057693095E+03 -1.5086641461E+03  1.2621197344E-05
O2       -1.2245286517E+00 -3.0688638548E-08  7.5456545578E+01 -7.5601610542E+01  2.2959314049E-01
H3        6.4609394573E-01  1.1190086166E-05  3.2938528213E-01 -3.3001852426E-01  1.3223909572E-01
H4        6.4686374254E-01  1.6072257155E-05  3.2827340566E-01 -3.2890451022E-01  1.3234653795E-01
O5       -1.2245683790E+00  2.6106021024E-05  7.5456581397E+01 -7.5601646430E+01  2.2932619599E-01
H6        6.4610587020E-01  9.7376568959E-06  3.2937652058E-01 -3.3000974587E-01  1.3223824575E-01
H7        6.4686989313E-01  1.6520016053E-05  3.2825994899E-01 -3.2889102767E-01  1.3235447380E-01
O8       -1.2246006237E+00 -1.0690269956E-06  7.5456523026E+01 -7.5601587946E+01  2.2908770398E-01
H9        6.4610974377E-01  9.8534390600E-06  3.2938030305E-01 -3.3001353561E-01  1.3223616374E-01
H10       6.4688282419E-01  1.7315234171E-05  3.2826055811E-01 -3.2889163797E-01  1.3234888421E-01
O11      -1.2245269707E+00  1.4834968758E-06  7.5456546242E+01 -7.5601611207E+01  2.2959447125E-01
H12       6.4609281012E-01  1.0103144776E-05  3.2938527373E-01 -3.3001851584E-01  1.3223957748E-01
H13       6.4686258202E-01  1.5493659371E-05  3.2827372218E-01 -3.2890482734E-01  1.3234716663E-01
O14      -1.2245738368E+00  2.2047009335E-05  7.5456582114E+01 -7.5601647148E+01  2.2932445236E-01
H15       6.4610697794E-01  1.0506956190E-05  3.2937630471E-01 -3.3000952958E-01  1.3223789791E-01
H16       6.4686842735E-01  1.5001894036E-05  3.2826020528E-01 -3.2889128446E-01  1.3235386010E-01
O17      -1.2245965021E+00  2.4572317155E-06  7.5456522583E+01 -7.5601587502E+01  2.2909506688E-01
H18       6.4611119227E-01  1.1353130534E-05  3.2938041142E-01 -3.3001364419E-01  1.3223559591E-01
H19       6.4687699647E-01  1.4011229315E-05  3.2826293047E-01 -3.2889401488E-01  1.3234804384E-01
--------------------------------------------------------------------------------------------------
Total     1.9999676937E+00 -4.8259884811E-05  1.9624544853E+03 -1.9662272977E+03
 
Molecular charge q(Mol) from the wfx file:   2.0000000000E+00
Molecular energy E(Mol) from the wfx file:  -1.9662273167E+03
Molecular virial ratio (-V(Mol)/T(Mol)) from the wfx file:   2.0019224968E+00
Full molecular virial ratio ((-V(Mol)+W(Mol))/T(Mol)) from the wfx file:   2.0014926014E+00
Note.  K_Scaled(A) = (1+V(Mol)/T(Mol))*K(A) = (E(Mol)/T(Mol))*K(A)
       Only use K_Scaled(A) data with caution.
 
N_AIMInt(SumA)     =         86.000032
N_Analytic(Mol)    =         86.000000
 
G_AIMInt(SumA)     =       1962.454534
G_Analytic(Mol)    =       1962.454504
 
K_AIMInt(SumA)     =       1962.454485
K_Analytic(Mol)    =       1962.454504
 
L_AIMInt(SumA)     =         -0.000048
L_Analytic(Mol)    =          0.000000
 
VenT_AIMInt(SumA)  =      -5819.618628
VenT_Analytic(Mol) =      -5819.617833
 
Some Information About the Atomic Calculations:
----------------------------------------------
  Time(sec) = "Elapsed User Time", in Seconds, for Atom A by AIMInt and, if used, by TWOe
  NProc = Number of Processors Used for AIMInt Job
  BIM = Basin Integration Method
  OAQ = Angular Quadrature Outside of Beta Sphere
  ORQ = Multiple of Default for Radial Quadrature Outside of Beta Sphere
  IAQ = Multiple of Default for Angular Quadrature Inside of Beta Sphere
  IRQ = Multiple of Default for Radial Quadrature Inside of Beta Sphere
  MIR = Maximum Integration Radius
------------------------------------------------------------------------------------------------------
Atom A     Time(sec)   NProc      BIM              OAQ                 ORQ      IAQ      IRQ      MIR
------------------------------------------------------------------------------------------------------
Ni1          1153        8     Proaim(5)    4334      (Very High)      Auto     Auto     Auto    13.00
O2           1004        8     Proaim(5)    4334      (Very High)      Auto     Auto     Auto    13.00
H3            196        8     Proaim(5)    2030      (Very High)      Auto     Auto     Auto    13.00
H4            196        8     Proaim(5)    2030      (Very High)      Auto     Auto     Auto    13.00
O5            955        8     Proaim(5)    4334      (Very High)      Auto     Auto     Auto    13.00
H6            177        8     Proaim(5)    2030      (Very High)      Auto     Auto     Auto    13.00
H7            226        8     Proaim(5)    2030      (Very High)      Auto     Auto     Auto    13.00
O8            815        8     Proaim(5)    4334      (Very High)      Auto     Auto     Auto    13.00
H9            250        8     Proaim(5)    2030      (Very High)      Auto     Auto     Auto    13.00
H10           178        8     Proaim(5)    2030      (Very High)      Auto     Auto     Auto    13.00
O11           902        8     Proaim(5)    4334      (Very High)      Auto     Auto     Auto    13.00
H12           219        8     Proaim(5)    2030      (Very High)      Auto     Auto     Auto    13.00
H13           189        8     Proaim(5)    2030      (Very High)      Auto     Auto     Auto    13.00
O14           919        8     Proaim(5)    4334      (Very High)      Auto     Auto     Auto    13.00
H15           198        8     Proaim(5)    2030      (Very High)      Auto     Auto     Auto    13.00
H16           240        8     Proaim(5)    2030      (Very High)      Auto     Auto     Auto    13.00
O17           860        8     Proaim(5)    4334      (Very High)      Auto     Auto     Auto    13.00
H18           291        8     Proaim(5)    2030      (Very High)      Auto     Auto     Auto    13.00
H19           263        8     Proaim(5)    2030      (Very High)      Auto     Auto     Auto    13.00
------------------------------------------------------------------------------------------------------
Total        9231
Note:  Total wall clock time is less than total of atomic times if more than one atom
       was calculated at a time
Note:  Total time does not include times for diatomic interaction energy calculations (5914 seconds)
 
Electron Density Critical Point Analysis of Molecular Structure:               
---------------------------------------------------------------                
  NACP = Nuclear Attractor Critical Point                                      
  NNACP = Non-Nuclear Attractor Critical Point                                 
  BCP = Bond Critical Point                                                    
  RCP = Ring Critical Point                                                    
  CCP = Cage Critical Point                                                    
  Rho = Electron Density                                                       
  GradRho = Gradient of Electron Density                                       
  HessRho_EigVals = Eigenvalues of the Hessian of Rho, Ascending Order         
  HessRho_EigVecs = Eigenvectors of the Hessian of Rho                         
  DelSqRho = Laplacian of Rho = Trace of Hessian of Rho                        
  Bond Ellipticity = (HessRho_EigVal(1) / HessRho_EigVal(2)) - 1               
  V = Virial Field = Potential Energy Density = Trace of Stress Tensor         
  G = Lagrangian Form of Kinetic Energy Density                                
  K = Hamiltonian Form of Kinetic Energy Density                               
  L = K - G = Lagrangian Density = (-1/4)DelSqRho                              
  Vnuc = Electrostatic Potential from Nuclei                                   
  Ven = Electron-nuclear attractive contribution to Virial Field V             
  Vrep = V - Ven = Repulsive contribution to Virial Field V                    
  DelSqV = Laplacian of V                                                      
  DelSqVen = Laplacian of Ven                                                  
  DelSqVrep = Laplacian of Vrep                                                
  DelSqG = Laplacian of G                                                      
  DelSqK = Laplacian of K                                                      
  Stress_EigVals = Eigenvalues of Stress Tensor, Ascending Order               
  Stress_EigVecs = Eigenvectors of Stress Tensor                               
  -DivStress = Ehrenfest Force Density = Minus Divergence of Stress Tensor     
  ESP = Total Electrostatic Potential                                          
  ESPe = Electrostatic Potential from Electrons                                
  ESPn = Electrostatic Potential from Nuclei                                   
  BP = Bond Path                                                               
  BPL = Bond Path Length                                                       
  GBL = Geometric Bond Length                                                  
  GBL_I = Distance Between Nuclear Attractors                                  
  GBL_II = Distance Between Nuclei                                             
  GBL_III = Sum of Distances Between BCP and Nuclear Attractors                
  GBL_IV = Sum of Distances Between BCP and Nuclei                             

CP# 1      Coords =  4.65453095217274E-26  8.96905230088608E-26 -2.29387668120475E-25
           Type = (3,-3) NACP Ni1
           Rho =  1.4571171115E+04     Rho at Nucleus =  1.4571171115E+04
           GradRho =  1.9189767631E-17 -2.3205922511E-18 -9.3018850416E-19
           HessRho_EigVals = -8.4452716362E+08 -8.4452703973E+08 -8.4452703873E+08
           HessRho_EigVec1 = -5.7307979191E-01 -5.7809512946E-01  5.8084901085E-01
           HessRho_EigVec2 =  6.5024580763E-01 -7.5214659275E-01 -1.0703220393E-01
           HessRho_EigVec3 =  4.9875840019E-01  3.1635664102E-01  8.0694394720E-01
           DelSqRho = -2.5335812421E+09
           Bond Ellipticity = NA
           V = -6.3393419051E+08
           G =  2.6943999354E+05
           K =  6.3366475052E+08
           L =  6.3339531052E+08
           Vnuc =  2.8000000118E+09
           Ven = -4.0799279293E+13
           Vrep =  4.0798645359E+13
           DelSqV =  1.3171052931E+15
           DelSqVen =  1.2239783737E+30
           DelSqVrep = -1.2239783737E+30
           DelSqG =  3.6767718715E+13
           DelSqK = -1.3538730118E+15
           Stress_EigVals = -2.1131139852E+08 -2.1131139849E+08 -2.1131139350E+08
           Stress_EigVec1 = -3.0178550634E-01 -5.1270904919E-01 -8.0377542824E-01
           Stress_EigVec2 =  7.6133463585E-01 -6.3706025326E-01  1.2051475418E-01
           Stress_EigVec3 = -5.7384238290E-01 -5.7557246685E-01  5.8259870836E-01
           -DivStress = -1.8982419405E-11 -3.9906647932E-11  9.4165469370E-11
           ESP =  -1.2814423446E+02     ESP at Nucleus =  -1.2814423446E+02
           ESPe = -1.3990955455E+02     ESPe at Nucleus = -1.3990955455E+02
           ESPn =  1.1765320094E+01     ESPn at Nucleus =  1.1765320094E+01

CP# 2      Coords = -4.83711465540693E+00  3.60243236679199E-01 -7.82940974002402E-01
           Type = (3,-3) NACP O2
           Rho =  2.9560098764E+02     Rho at Nucleus =  2.9560096128E+02
           GradRho =  2.0622636585E-10 -2.2421199554E-12  3.7395298663E-11
           HessRho_EigVals = -8.2221596864E+05 -8.2220307619E+05 -8.2218224601E+05
           HessRho_EigVec1 =  1.9897414346E-01  9.7985018322E-01 -1.7404271808E-02
           HessRho_EigVec2 =  9.5035193861E-01 -1.9725880945E-01 -2.4066606504E-01
           HessRho_EigVec3 =  2.3924983386E-01 -3.1346140699E-02  9.7045192383E-01
           DelSqRho = -2.4666012908E+06
           Bond Ellipticity = NA
           V = -6.1678865942E+05
           G =  6.9168352204E+01
           K =  6.1671949106E+05
           L =  6.1665032271E+05
           Vnuc =  9.9902286954E+05
           Ven = -2.9531214691E+08
           Vrep =  2.9469535825E+08
           DelSqV =  3.9231211329E+10
           DelSqVen =  2.4641910981E+12
           DelSqVrep = -2.4249598870E+12
           DelSqG =  1.7155701881E+09
           DelSqK = -4.0946781517E+10
           Stress_EigVals = -2.0560044975E+05 -2.0559536636E+05 -2.0559284331E+05
           Stress_EigVec1 =  2.6035778873E-01 -3.5636076889E-02  9.6485433713E-01
           Stress_EigVec2 =  9.4462838714E-01 -1.9731895543E-01 -2.6218779538E-01
           Stress_EigVec3 =  1.9972739438E-01  9.7969143094E-01 -1.7710677074E-02
           -DivStress =  7.7227766827E+04 -1.5795705789E+04 -6.5160839534E+04
           ESP =  -2.2032123548E+01     ESP at Nucleus =  -2.2032123814E+01
           ESPe = -3.5581428758E+01     ESPe at Nucleus = -3.5581436309E+01
           ESPn =  1.3549305210E+01     ESPn at Nucleus =  1.3549312495E+01

CP# 3      Coords = -6.03975259886550E+00 -8.52274694984546E-01 -3.18168045964343E-01
           Type = (3,-3) NACP H3
           Rho =  4.0691675904E-01     Rho at Nucleus =  3.9729584152E-01
           GradRho = -1.7130123275E-15  2.2057076760E-16 -2.5057267459E-16
           HessRho_EigVals = -8.0065933635E+00 -7.9852907670E+00 -6.2593696416E+00
           HessRho_EigVec1 =  6.4832270599E-01 -7.2003756924E-01 -2.4743396650E-01
           HessRho_EigVec2 =  3.5271569818E-01 -3.9662407712E-03  9.3572213033E-01
           HessRho_EigVec3 =  6.7473647090E-01  6.9392374784E-01 -2.5139715000E-01
           DelSqRho = -2.2251253772E+01
           Bond Ellipticity = NA
           V = -5.6227580224E+00
           G =  2.9972289695E-02
           K =  5.5927857327E+00
           L =  5.5628134430E+00
           Vnuc =  3.4495192484E+01
           Ven = -1.4036671928E+01
           Vrep =  8.4139139058E+00
           DelSqV =  1.3518359350E+03
           DelSqVen =  7.6756128189E+02
           DelSqVrep =  5.8427465310E+02
           DelSqG =  1.0368463110E+02
           DelSqK = -1.4555205661E+03
           Stress_EigVals = -2.0270051275E+00 -2.0219561856E+00 -1.5737967093E+00
           Stress_EigVec1 =  3.5124748714E-01 -5.5745731865E-03  9.3626605562E-01
           Stress_EigVec2 =  6.5137705180E-01 -7.1685939370E-01 -2.4863737864E-01
           Stress_EigVec3 =  6.7255716424E-01  6.9719547747E-01 -2.4816391162E-01
           -DivStress = -1.6383436492E+01 -1.6943574960E+01  6.0331156778E+00
           ESP =  -6.7886865535E-01     ESP at Nucleus =  -6.8250073285E-01
           ESPe = -1.6078896976E+01     ESPe at Nucleus = -1.5895697346E+01
           ESPn =  1.5400028320E+01     ESPn at Nucleus =  1.5213196613E+01

CP# 4      Coords = -5.50540851837430E+00  1.94437709045758E+00 -3.59434753909946E-01
           Type = (3,-3) NACP H4
           Rho =  4.0627910257E-01     Rho at Nucleus =  3.9663767826E-01
           GradRho =  2.1696511775E-15  3.0126590242E-16  9.3417569687E-17
           HessRho_EigVals = -7.9854141633E+00 -7.9638986768E+00 -6.2366823979E+00
           HessRho_EigVec1 =  8.6760245229E-01  4.2069898434E-01 -2.6510064005E-01
           HessRho_EigVec2 =  3.3512921378E-01 -1.0083976791E-01  9.3676024215E-01
           HessRho_EigVec3 = -3.6736139543E-01  9.0157845237E-01  2.2847734979E-01
           DelSqRho = -2.2185995238E+01
           Bond Ellipticity = NA
           V = -5.6062268191E+00
           G =  2.9864004802E-02
           K =  5.5763628143E+00
           L =  5.5464988095E+00
           Vnuc =  3.5014049730E+01
           Ven = -1.4225476702E+01
           Vrep =  8.6192498826E+00
           DelSqV =  1.3470091689E+03
           DelSqVen =  7.7682154057E+02
           DelSqVrep =  5.7018762831E+02
           DelSqG =  1.0325265075E+02
           DelSqK = -1.4502618196E+03
           Stress_EigVals = -2.0215977078E+00 -2.0165395484E+00 -1.5680895628E+00
           Stress_EigVec1 =  3.3798739239E-01 -9.7155342534E-02  9.3612251442E-01
           Stress_EigVec2 =  8.6789072623E-01  4.1691865555E-01 -2.7008243553E-01
           Stress_EigVec3 = -3.6404698860E-01  9.0373650699E-01  2.2523347002E-01
           -DivStress = -8.8595806982E+00  2.1973203567E+01  5.4793765489E+00
           ESP =  -6.8046328546E-01     ESP at Nucleus =  -6.8409662155E-01
           ESPe = -1.6648310551E+01     ESPe at Nucleus = -1.6476197990E+01
           ESPn =  1.5967847265E+01     ESPn at Nucleus =  1.5792101369E+01

CP# 5      Coords =  4.01532618052006E-01  7.84418131117323E-01  4.83362281588302E+00
           Type = (3,-3) NACP O5
           Rho =  2.9560081694E+02     Rho at Nucleus =  2.9560079059E+02
           GradRho = -1.6209731474E-11 -1.7728651880E-11 -2.3293447726E-10
           HessRho_EigVals = -8.2221545773E+05 -8.2220257184E+05 -8.2218172916E+05
           HessRho_EigVec1 =  9.7742338590E-01  2.2265555548E-02 -2.1011370668E-01
           HessRho_EigVec2 =  2.0927344981E-01 -2.3908347296E-01  9.4817915826E-01
           HessRho_EigVec3 =  2.9122978992E-02  9.7074370356E-01  2.3834536727E-01
           DelSqRho = -2.4665997587E+06
           Bond Ellipticity = NA
           V = -6.1678827762E+05
           G =  6.9168966918E+01
           K =  6.1671910865E+05
           L =  6.1664993968E+05
           Vnuc =  9.9943047287E+05
           Ven = -2.9543246425E+08
           Vrep =  2.9481567597E+08
           DelSqV =  3.9231187037E+10
           DelSqVen =  2.4651949650E+12
           DelSqVrep = -2.4259637774E+12
           DelSqG =  1.7155690500E+09
           DelSqK = -4.0946756087E+10
           Stress_EigVals = -2.0560032395E+05 -2.0559523758E+05 -2.0559271609E+05
           Stress_EigVec1 =  3.3666450497E-02  9.6519279314E-01  2.5936353288E-01
           Stress_EigVec2 =  2.0938409138E-01 -2.6056316813E-01  9.4247818950E-01
           Stress_EigVec3 =  9.7725374002E-01  2.2576702357E-02 -2.1086825300E-01
           -DivStress = -1.6985652703E+04  6.4976861246E+04 -7.7074780055E+04
           ESP =  -2.2032255770E+01     ESP at Nucleus =  -2.2032256036E+01
           ESPe = -3.5582621707E+01     ESPe at Nucleus = -3.5582629255E+01
           ESPn =  1.3550365937E+01     ESPn at Nucleus =  1.3550373219E+01

CP# 6      Coords = -7.95057973593844E-01  3.14520250294149E-01  6.05013154515019E+00
           Type = (3,-3) NACP H6
           Rho =  4.0691479447E-01     Rho at Nucleus =  3.9729381282E-01
           GradRho =  3.2548426844E-16 -1.2967057983E-16  1.3671247294E-15
           HessRho_EigVals = -8.0066228452E+00 -7.9853098878E+00 -6.2593663912E+00
           HessRho_EigVec1 =  7.2853371054E-01 -2.4320932882E-01  6.4038102328E-01
           HessRho_EigVec2 =  3.1595599793E-03  9.3603234444E-01  3.5189979731E-01
           HessRho_EigVec3 =  6.8500266407E-01  2.5434754282E-01 -6.8269955154E-01
           DelSqRho = -2.2251299124E+01
           Bond Ellipticity = NA
           V = -5.6227709191E+00
           G =  2.9973069039E-02
           K =  5.5927978501E+00
           L =  5.5628247810E+00
           Vnuc =  3.4491482024E+01
           Ven = -1.4035094319E+01
           Vrep =  8.4123233996E+00
           DelSqV =  1.3518399135E+03
           DelSqVen =  7.6748028375E+02
           DelSqVrep =  5.8435962975E+02
           DelSqG =  1.0368558033E+02
           DelSqK = -1.4555254938E+03
           Stress_EigVals = -2.0270129635E+00 -2.0219617355E+00 -1.5737962202E+00
           Stress_EigVec1 =  4.7348551888E-03  9.3658755823E-01  3.5040166512E-01
           Stress_EigVec2 =  7.2539764626E-01 -2.4440862103E-01  6.4347702427E-01
           Stress_EigVec3 =  6.8831376272E-01  2.5113377260E-01 -6.8055564968E-01
           -DivStress = -1.6727074408E+01 -6.1053085170E+00  1.6578232424E+01
           ESP =  -6.7898871983E-01     ESP at Nucleus =  -6.8262080008E-01
           ESPe = -1.6075364563E+01     ESPe at Nucleus = -1.5892087506E+01
           ESPn =  1.5396375843E+01     ESPn at Nucleus =  1.5209466706E+01

CP# 7      Coords =  1.99526865878482E+00  3.69586445143809E-01  5.48421448542895E+00
           Type = (3,-3) NACP H7
           Rho =  4.0628049389E-01     Rho at Nucleus =  3.9663819442E-01
           GradRho =  4.5775015722E-16  2.0166160408E-16  3.2140089201E-15
           HessRho_EigVals = -7.9852961851E+00 -7.9637625083E+00 -6.2364122311E+00
           HessRho_EigVec1 = -4.0945775557E-01 -2.6650464584E-01  8.7253631451E-01
           HessRho_EigVec2 =  9.9863577121E-02  9.3754424231E-01  3.3322373817E-01
           HessRho_EigVec3 =  9.0684707220E-01 -2.2357564147E-01  3.5727065395E-01
           DelSqRho = -2.2185470925E+01
           Bond Ellipticity = NA
           V = -5.6061021951E+00
           G =  2.9867231992E-02
           K =  5.5762349631E+00
           L =  5.5463677311E+00
           Vnuc =  3.5021092934E+01
           Ven = -1.4228386934E+01
           Vrep =  8.6222847385E+00
           DelSqV =  1.3469599077E+03
           DelSqVen =  7.7695943903E+02
           DelSqVrep =  5.7000046869E+02
           DelSqG =  1.0324793570E+02
           DelSqK = -1.4502078434E+03
           Stress_EigVals = -2.0215686824E+00 -2.0165089357E+00 -1.5680245770E+00
           Stress_EigVec1 =  9.6181750363E-02  9.3686511105E-01  3.3620356125E-01
           Stress_EigVec2 = -4.0565915933E-01 -2.7155057738E-01  8.7275479396E-01
           Stress_EigVec3 =  9.0894978813E-01 -2.2032713774E-01  3.5392970351E-01
           -DivStress =  2.2100815014E+01 -5.3604118571E+00  8.6138245103E+00
           ESP =  -6.8060195060E-01     ESP at Nucleus =  -6.8423639816E-01
           ESPe = -1.6656623036E+01     ESPe at Nucleus = -1.6484649260E+01
           ESPn =  1.5976021086E+01     ESPn at Nucleus =  1.5800412861E+01

CP# 8      Coords = -8.06596199598939E-01  4.83017174599945E+00  3.99115728704331E-01
           Type = (3,-3) NACP O8
           Rho =  2.9560046080E+02     Rho at Nucleus =  2.9560043448E+02
           GradRho =  2.8308133615E-11 -3.0888419600E-10 -7.2287106856E-12
           HessRho_EigVals = -8.2221443534E+05 -8.2220155738E+05 -8.2218069340E+05
           HessRho_EigVec1 = -1.5432254000E-02 -2.0806113163E-01  9.7799407516E-01
           HessRho_EigVec2 =  2.3503388474E-01  9.4994945557E-01  2.0580355897E-01
           HessRho_EigVec3 =  9.7186466062E-01 -2.3303775953E-01 -3.4241554743E-02
           DelSqRho = -2.4665966861E+06
           Bond Ellipticity = NA
           V = -6.1678751108E+05
           G =  6.9169776638E+01
           K =  6.1671834131E+05
           L =  6.1664917153E+05
           Vnuc =  9.9983069357E+05
           Ven = -2.9555041374E+08
           Vrep =  2.9493362623E+08
           DelSqV =  3.9231138399E+10
           DelSqVen =  2.4661790766E+12
           DelSqVrep = -2.4269479382E+12
           DelSqG =  1.7155668465E+09
           DelSqK = -4.0946705246E+10
           Stress_EigVals = -2.0560007116E+05 -2.0559497985E+05 -2.0559246007E+05
           Stress_EigVec1 =  9.6641612730E-01 -2.5405084844E-01 -3.8704461093E-02
           Stress_EigVec2 =  2.5650002137E-01  9.4437726049E-01  2.0581382099E-01
           Stress_EigVec3 = -1.5735562906E-02 -2.0882949092E-01  9.7782546284E-01
           -DivStress = -6.4616003459E+04 -7.7442928097E+04 -1.6431795322E+04
           ESP =  -2.2032252560E+01     ESP at Nucleus =  -2.2032252826E+01
           ESPe = -3.5580216469E+01     ESPe at Nucleus = -3.5580224010E+01
           ESPn =  1.3547963909E+01     ESPn at Nucleus =  1.3547971185E+01

CP# 9      Coords = -3.50620249544350E-01  6.04663014617633E+00 -8.02853925766429E-01
           Type = (3,-3) NACP H9
           Rho =  4.0692649717E-01     Rho at Nucleus =  3.9730471699E-01
           GradRho =  1.8377226824E-17  2.3253832670E-15  2.2331176621E-16
           HessRho_EigVals = -8.0068466685E+00 -7.9855207630E+00 -6.2594731449E+00
           HessRho_EigVec1 =  2.4381325335E-01  6.4337047546E-01  7.2569244781E-01
           HessRho_EigVec2 =  9.3798374584E-01 -3.4659002432E-01 -7.8643231570E-03
           HessRho_EigVec3 =  2.4645808981E-01  6.8260514674E-01 -6.8797428994E-01
           DelSqRho = -2.2251840576E+01
           Bond Ellipticity = NA
           V = -5.6229108547E+00
           G =  2.9975355291E-02
           K =  5.5929354994E+00
           L =  5.5629601441E+00
           Vnuc =  3.4490887582E+01
           Ven = -1.4035256068E+01
           Vrep =  8.4123452132E+00
           DelSqV =  1.3518646545E+03
           DelSqVen =  7.6748573181E+02
           DelSqVrep =  5.8437892266E+02
           DelSqG =  1.0368782083E+02
           DelSqK = -1.4555524753E+03
           Stress_EigVals = -2.0270711620E+00 -2.0220169764E+00 -1.5738227162E+00
           Stress_EigVec1 =  9.3851762840E-01 -3.4510180059E-01 -9.4556025527E-03
           Stress_EigVec2 =  2.4498927763E-01  6.4646046828E-01  7.2254350512E-01
           Stress_EigVec3 =  2.4323839137E-01  6.8043633808E-01 -6.9126078638E-01
           -DivStress =  5.9133793315E+00  1.6576179984E+01 -1.6799738934E+01
           ESP =  -6.7898255080E-01     ESP at Nucleus =  -6.8261549761E-01
           ESPe = -1.6075325086E+01     ESPe at Nucleus = -1.5892079582E+01
           ESPn =  1.5396342535E+01     ESPn at Nucleus =  1.5209464085E+01

CP# 10     Coords = -3.86297524129891E-01  5.48668512613696E+00  1.98896752316049E+00
           Type = (3,-3) NACP H10
           Rho =  4.0628829349E-01     Rho at Nucleus =  3.9664552746E-01
           GradRho = -1.3736841525E-16  2.2837092460E-15  3.5372095877E-18
           HessRho_EigVals = -7.9855075468E+00 -7.9639661808E+00 -6.2365569242E+00
           HessRho_EigVec1 = -2.5920677498E-01 -8.7309219394E-01  4.1294293636E-01
           HessRho_EigVec2 =  9.3882441477E-01 -3.2815411413E-01 -1.0451600652E-01
           HessRho_EigVec3 =  2.2676103290E-01  3.6058965357E-01  9.0474003763E-01
           DelSqRho = -2.2186030652E+01
           Bond Ellipticity = NA
           V = -5.6062436022E+00
           G =  2.9867969637E-02
           K =  5.5763756326E+00
           L =  5.5465076630E+00
           Vnuc =  3.5016404791E+01
           Ven = -1.4226755347E+01
           Vrep =  8.6205117443E+00
           DelSqV =  1.3469915931E+03
           DelSqVen =  7.7687503000E+02
           DelSqVrep =  5.7011656312E+02
           DelSqG =  1.0325114301E+02
           DelSqK = -1.4502427361E+03
           Stress_EigVals = -2.0216234353E+00 -2.0165607756E+00 -1.5680593912E+00
           Stress_EigVec1 =  9.3819168294E-01 -3.3110205368E-01 -1.0083549030E-01
           Stress_EigVec2 =  2.6424403439E-01  8.7335778899E-01 -4.0917143437E-01
           Stress_EigVec3 =  2.2354296309E-01  3.5723605986E-01  9.0686875632E-01
           -DivStress =  5.4387242021E+00  8.6945178004E+00  2.2050987254E+01
           ESP =  -6.8059544169E-01     ESP at Nucleus =  -6.8423013659E-01
           ESPe = -1.6652142971E+01     ESPe at Nucleus = -1.6480124665E+01
           ESPn =  1.5971547529E+01     ESPn at Nucleus =  1.5795894529E+01

CP# 11     Coords =  4.83711465540693E+00 -3.60243236679199E-01  7.82940974002402E-01
           Type = (3,-3) NACP O11
           Rho =  2.9560098764E+02     Rho at Nucleus =  2.9560096128E+02
           GradRho = -2.0622414887E-10  2.2416758662E-12 -3.7395298663E-11
           HessRho_EigVals = -8.2221596864E+05 -8.2220307619E+05 -8.2218224601E+05
           HessRho_EigVec1 =  1.9897414347E-01  9.7985018322E-01 -1.7404271809E-02
           HessRho_EigVec2 =  9.5035193861E-01 -1.9725880946E-01 -2.4066606504E-01
           HessRho_EigVec3 =  2.3924983386E-01 -3.1346140700E-02  9.7045192383E-01
           DelSqRho = -2.4666012908E+06
           Bond Ellipticity = NA
           V = -6.1678865942E+05
           G =  6.9168352204E+01
           K =  6.1671949106E+05
           L =  6.1665032271E+05
           Vnuc =  9.9902286954E+05
           Ven = -2.9531214691E+08
           Vrep =  2.9469535825E+08
           DelSqV =  3.9231211329E+10
           DelSqVen =  2.4641910988E+12
           DelSqVrep = -2.4249598870E+12
           DelSqG =  1.7155701881E+09
           DelSqK = -4.0946781517E+10
           Stress_EigVals = -2.0560044975E+05 -2.0559536636E+05 -2.0559284331E+05
           Stress_EigVec1 =  2.6035778873E-01 -3.5636076888E-02  9.6485433713E-01
           Stress_EigVec2 =  9.4462838714E-01 -1.9731895542E-01 -2.6218779538E-01
           Stress_EigVec3 =  1.9972739437E-01  9.7969143094E-01 -1.7710677073E-02
           -DivStress = -7.7227766827E+04  1.5795705789E+04  6.5160839534E+04
           ESP =  -2.2032123548E+01     ESP at Nucleus =  -2.2032123814E+01
           ESPe = -3.5581428758E+01     ESPe at Nucleus = -3.5581436309E+01
           ESPn =  1.3549305210E+01     ESPn at Nucleus =  1.3549312495E+01

CP# 12     Coords =  6.03975259886550E+00  8.52274694984546E-01  3.18168045964343E-01
           Type = (3,-3) NACP H12
           Rho =  4.0691675904E-01     Rho at Nucleus =  3.9729584152E-01
           GradRho =  1.7304137723E-15 -2.0670145012E-16  2.4107235305E-16
           HessRho_EigVals = -8.0065933635E+00 -7.9852907670E+00 -6.2593696416E+00
           HessRho_EigVec1 =  6.4832270599E-01 -7.2003756924E-01 -2.4743396650E-01
           HessRho_EigVec2 =  3.5271569818E-01 -3.9662407712E-03  9.3572213033E-01
           HessRho_EigVec3 =  6.7473647090E-01  6.9392374784E-01 -2.5139715000E-01
           DelSqRho = -2.2251253772E+01
           Bond Ellipticity = NA
           V = -5.6227580224E+00
           G =  2.9972289695E-02
           K =  5.5927857327E+00
           L =  5.5628134430E+00
           Vnuc =  3.4495192484E+01
           Ven = -1.4036671928E+01
           Vrep =  8.4139139058E+00
           DelSqV =  1.3518359350E+03
           DelSqVen =  7.6756128189E+02
           DelSqVrep =  5.8427465310E+02
           DelSqG =  1.0368463110E+02
           DelSqK = -1.4555205661E+03
           Stress_EigVals = -2.0270051275E+00 -2.0219561856E+00 -1.5737967093E+00
           Stress_EigVec1 =  3.5124748714E-01 -5.5745731866E-03  9.3626605562E-01
           Stress_EigVec2 =  6.5137705180E-01 -7.1685939370E-01 -2.4863737864E-01
           Stress_EigVec3 =  6.7255716424E-01  6.9719547747E-01 -2.4816391162E-01
           -DivStress =  1.6383436492E+01  1.6943574960E+01 -6.0331156778E+00
           ESP =  -6.7886865535E-01     ESP at Nucleus =  -6.8250073285E-01
           ESPe = -1.6078896976E+01     ESPe at Nucleus = -1.5895697346E+01
           ESPn =  1.5400028320E+01     ESPn at Nucleus =  1.5213196613E+01

CP# 13     Coords =  5.50540851837430E+00 -1.94437709045758E+00  3.59434753909946E-01
           Type = (3,-3) NACP H13
           Rho =  4.0627910257E-01     Rho at Nucleus =  3.9663767826E-01
           GradRho = -2.1707353796E-15 -3.2207580786E-16 -9.2990665081E-17
           HessRho_EigVals = -7.9854141633E+00 -7.9638986768E+00 -6.2366823979E+00
           HessRho_EigVec1 =  8.6760245229E-01  4.2069898434E-01 -2.6510064005E-01
           HessRho_EigVec2 =  3.3512921378E-01 -1.0083976791E-01  9.3676024215E-01
           HessRho_EigVec3 = -3.6736139543E-01  9.0157845237E-01  2.2847734979E-01
           DelSqRho = -2.2185995238E+01
           Bond Ellipticity = NA
           V = -5.6062268191E+00
           G =  2.9864004802E-02
           K =  5.5763628143E+00
           L =  5.5464988095E+00
           Vnuc =  3.5014049730E+01
           Ven = -1.4225476702E+01
           Vrep =  8.6192498826E+00
           DelSqV =  1.3470091689E+03
           DelSqVen =  7.7682154057E+02
           DelSqVrep =  5.7018762831E+02
           DelSqG =  1.0325265075E+02
           DelSqK = -1.4502618196E+03
           Stress_EigVals = -2.0215977078E+00 -2.0165395484E+00 -1.5680895628E+00
           Stress_EigVec1 =  3.3798739239E-01 -9.7155342534E-02  9.3612251442E-01
           Stress_EigVec2 =  8.6789072623E-01  4.1691865555E-01 -2.7008243553E-01
           Stress_EigVec3 = -3.6404698860E-01  9.0373650699E-01  2.2523347002E-01
           -DivStress =  8.8595806982E+00 -2.1973203567E+01 -5.4793765489E+00
           ESP =  -6.8046328546E-01     ESP at Nucleus =  -6.8409662155E-01
           ESPe = -1.6648310551E+01     ESPe at Nucleus = -1.6476197990E+01
           ESPn =  1.5967847265E+01     ESPn at Nucleus =  1.5792101369E+01

CP# 14     Coords = -4.01532618052006E-01 -7.84418131117323E-01 -4.83362281588302E+00
           Type = (3,-3) NACP O14
           Rho =  2.9560081694E+02     Rho at Nucleus =  2.9560079059E+02
           GradRho =  1.6209356773E-11  1.7728929436E-11  2.3293350582E-10
           HessRho_EigVals = -8.2221545773E+05 -8.2220257184E+05 -8.2218172916E+05
           HessRho_EigVec1 =  9.7742338590E-01  2.2265555546E-02 -2.1011370667E-01
           HessRho_EigVec2 =  2.0927344980E-01 -2.3908347296E-01  9.4817915826E-01
           HessRho_EigVec3 =  2.9122978992E-02  9.7074370356E-01  2.3834536728E-01
           DelSqRho = -2.4665997587E+06
           Bond Ellipticity = NA
           V = -6.1678827762E+05
           G =  6.9168966918E+01
           K =  6.1671910865E+05
           L =  6.1664993968E+05
           Vnuc =  9.9943047287E+05
           Ven = -2.9543246425E+08
           Vrep =  2.9481567597E+08
           DelSqV =  3.9231187037E+10
           DelSqVen =  2.4651949650E+12
           DelSqVrep = -2.4259637780E+12
           DelSqG =  1.7155690500E+09
           DelSqK = -4.0946756087E+10
           Stress_EigVals = -2.0560032395E+05 -2.0559523758E+05 -2.0559271609E+05
           Stress_EigVec1 =  3.3666450497E-02  9.6519279314E-01  2.5936353288E-01
           Stress_EigVec2 =  2.0938409139E-01 -2.6056316813E-01  9.4247818950E-01
           Stress_EigVec3 =  9.7725374002E-01  2.2576702359E-02 -2.1086825301E-01
           -DivStress =  1.6985652703E+04 -6.4976861246E+04  7.7074780055E+04
           ESP =  -2.2032255770E+01     ESP at Nucleus =  -2.2032256036E+01
           ESPe = -3.5582621707E+01     ESPe at Nucleus = -3.5582629255E+01
           ESPn =  1.3550365937E+01     ESPn at Nucleus =  1.3550373219E+01

CP# 15     Coords =  7.95057973593844E-01 -3.14520250294149E-01 -6.05013154515019E+00
           Type = (3,-3) NACP H15
           Rho =  4.0691479447E-01     Rho at Nucleus =  3.9729381282E-01
           GradRho = -3.0988530969E-16  1.2424956897E-16 -1.3599689951E-15
           HessRho_EigVals = -8.0066228452E+00 -7.9853098878E+00 -6.2593663912E+00
           HessRho_EigVec1 =  7.2853371054E-01 -2.4320932882E-01  6.4038102328E-01
           HessRho_EigVec2 =  3.1595599793E-03  9.3603234444E-01  3.5189979731E-01
           HessRho_EigVec3 =  6.8500266407E-01  2.5434754282E-01 -6.8269955154E-01
           DelSqRho = -2.2251299124E+01
           Bond Ellipticity = NA
           V = -5.6227709191E+00
           G =  2.9973069039E-02
           K =  5.5927978501E+00
           L =  5.5628247810E+00
           Vnuc =  3.4491482024E+01
           Ven = -1.4035094319E+01
           Vrep =  8.4123233996E+00
           DelSqV =  1.3518399135E+03
           DelSqVen =  7.6748028375E+02
           DelSqVrep =  5.8435962975E+02
           DelSqG =  1.0368558033E+02
           DelSqK = -1.4555254938E+03
           Stress_EigVals = -2.0270129635E+00 -2.0219617355E+00 -1.5737962202E+00
           Stress_EigVec1 =  4.7348551888E-03  9.3658755823E-01  3.5040166512E-01
           Stress_EigVec2 =  7.2539764626E-01 -2.4440862103E-01  6.4347702427E-01
           Stress_EigVec3 =  6.8831376272E-01  2.5113377260E-01 -6.8055564968E-01
           -DivStress =  1.6727074408E+01  6.1053085170E+00 -1.6578232424E+01
           ESP =  -6.7898871983E-01     ESP at Nucleus =  -6.8262080008E-01
           ESPe = -1.6075364563E+01     ESPe at Nucleus = -1.5892087506E+01
           ESPn =  1.5396375843E+01     ESPn at Nucleus =  1.5209466706E+01

CP# 16     Coords = -1.99526865878482E+00 -3.69586445143809E-01 -5.48421448542895E+00
           Type = (3,-3) NACP H16
           Rho =  4.0628049389E-01     Rho at Nucleus =  3.9663819442E-01
           GradRho = -4.6466194607E-16 -1.9840899756E-16 -3.2250677823E-15
           HessRho_EigVals = -7.9852961851E+00 -7.9637625083E+00 -6.2364122311E+00
           HessRho_EigVec1 = -4.0945775557E-01 -2.6650464584E-01  8.7253631451E-01
           HessRho_EigVec2 =  9.9863577121E-02  9.3754424231E-01  3.3322373817E-01
           HessRho_EigVec3 =  9.0684707220E-01 -2.2357564147E-01  3.5727065395E-01
           DelSqRho = -2.2185470925E+01
           Bond Ellipticity = NA
           V = -5.6061021951E+00
           G =  2.9867231992E-02
           K =  5.5762349631E+00
           L =  5.5463677311E+00
           Vnuc =  3.5021092934E+01
