AIMSum (Version 16.05.18, Professional)
Copyright (c) 1997-2016 by Todd A. Keith
AIMSum is a component of the AIMAll package ( http://aim.tkgristmill.com )

TP:  64-bit Linux

Licensed To:  Research Group of Fernando Cortes Guzman, UNAM, fercor@unam.mx

Much of the Quantum Theory of Atoms in Molecules (QTAIM) is described in the book:
  "Atoms in Molecules - A Quantum Theory"
  R.F.W. Bader, Oxford University Press, Oxford, 1990

For additional references see:  http://aim.tkgristmill.com/references.html

Wfx File:  /home/davit_gabo/David/max_int2/acercamiento/Ni23_22_alpha.wfx
Sum File:  /home/davit_gabo/David/max_int2/acercamiento/Ni23_22_alpha.sum

SumViz File:  /home/davit_gabo/David/max_int2/acercamiento/Ni23_22_alpha.sumviz

Wfx Title:   Ni23_22                                                                       
 
Total memory allocated for AIMSum =        1.194 Megabytes

Atomic units (a.u.) used throughout, except where stated otherwise

Model:  Unknown
 
Unrestricted, natural orbital wavefunction.
  Number of electrons (from MO Occs)                   =          44.0000000000
  Number of Alpha electrons (from MO Occs)             =          44.0000000000
  Number of Beta electrons (from MO Occs)              =           0.0000000000
  Number of electron pairs (N*(N-1)/2)                 =         946.0000000000
  Number of electron pairs (from Muller 2EDM)          =         946.0000000000
  Number of electron pairs (from Muller 2EDM, no SOSI) =         946.0000000000
 
Nuclear Charges and Cartesian Coordinates:
-------------------------------------------------------------------------------
Atom      Charge                X                  Y                  Z
-------------------------------------------------------------------------------
Ni1       28.0           0.0000000000E+00   0.0000000000E+00   0.0000000000E+00
O2         8.0          -4.1560826401E+00   3.2269968594E-02  -9.9446846522E-02
H3         1.0          -5.2596050897E+00  -1.4112563829E+00   1.4029900595E-02
H4         1.0          -5.1686146001E+00   1.5359050036E+00   7.2565345467E-02
O5         8.0           4.1317284806E-02   8.5725118008E-02   4.1563082120E+00
H6         1.0          -1.3929588330E+00  -5.7045360870E-02   5.2683348113E+00
H7         1.0           1.5538658140E+00  -8.1500970970E-02   5.1564496310E+00
O8         8.0          -8.4856509206E-02   4.1560456123E+00   6.3546366765E-02
H9         1.0           1.3417489306E-02   5.2825362190E+00  -1.3631028283E+00
H10        1.0           5.2324201776E-02   5.1498640523E+00   1.5832701479E+00
O11        8.0           4.1560826401E+00  -3.2269968594E-02   9.9446846522E-02
H12        1.0           5.2596050897E+00   1.4112563829E+00  -1.4029900595E-02
H13        1.0           5.1686146001E+00  -1.5359050036E+00  -7.2565345467E-02
O14        8.0          -4.1317284806E-02  -8.5725118008E-02  -4.1563082120E+00
H15        1.0           1.3929588330E+00   5.7045360870E-02  -5.2683348113E+00
H16        1.0          -1.5538658140E+00   8.1500970970E-02  -5.1564496310E+00
O17        8.0           8.4856509206E-02  -4.1560456123E+00  -6.3546366765E-02
H18        1.0          -1.3417489306E-02  -5.2825362190E+00   1.3631028283E+00
H19        1.0          -5.2324201776E-02  -5.1498640523E+00  -1.5832701479E+00
 
Some Atomic Properties:
----------------------
  q(A) = Net Charge of Atom A
  L(A) = Lagrangian of Atom A = -(1/4) Times Atomic Integral of the Laplacian of the Electron Density
  K(A) = Electronic Kinetic Energy of Atom A (Hamiltonian Form)
  K_Scaled(A) = K(A) * E(Mol)/K(Mol) = Approximation to Virial-Based Total Energy of Atom A.
  |Mu_Intra(A)| = Magnitude of Intraatomic Dipole Moment of Atom A
--------------------------------------------------------------------------------------------------
Atom A          q(A)              L(A)              K(A)          K_Scaled(A)      |Mu_Intra(A)|
--------------------------------------------------------------------------------------------------
Ni1       1.3803524615E+01  9.0554901417E-06  7.6271079656E+02 -7.6402622803E+02  8.8627969351E-06
O2        3.3803423379E+00  4.5579611387E-06  3.7807518749E+01 -3.7872724591E+01  1.2651771226E-01
H3        8.2604431532E-01  9.8124086771E-06  1.6291660617E-01 -1.6319758506E-01  6.5080471499E-02
H4        8.2638723204E-01  9.6612908946E-06  1.6260560186E-01 -1.6288604437E-01  6.5000843786E-02
O5        3.3803757303E+00  1.8066979383E-05  3.7807582850E+01 -3.7872788803E+01  1.2666306999E-01
H6        8.2600539529E-01  8.7797052663E-06  1.6295335495E-01 -1.6323439722E-01  6.5092475385E-02
H7        8.2642008083E-01  1.0208672883E-05  1.6256769767E-01 -1.6284807481E-01  6.4996379466E-02
O8        3.3802026284E+00  4.5505179340E-07  3.7807397817E+01 -3.7872603451E+01  1.2603273520E-01
H9        8.2604646761E-01  8.6894474225E-06  1.6293534909E-01 -1.6321636030E-01  6.5069371187E-02
H10       8.2646474402E-01  1.0175540550E-05  1.6253794032E-01 -1.6281826613E-01  6.4977212574E-02
O11       3.3803429570E+00  5.7183085225E-06  3.7807519423E+01 -3.7872725267E+01  1.2652489735E-01
H12       8.2604462139E-01  9.3476923828E-06  1.6291584062E-01 -1.6319681819E-01  6.5080898299E-02
H13       8.2638859443E-01  1.1171620580E-05  1.6260570680E-01 -1.6288614948E-01  6.5000264815E-02
O14       3.3803787138E+00  2.1393580550E-05  3.7807583506E+01 -3.7872789460E+01  1.2666462521E-01
H15       8.2600615686E-01  9.5313562191E-06  1.6295350251E-01 -1.6323454503E-01  6.5091776427E-02
H16       8.2642010815E-01  1.0862846181E-05  1.6256811728E-01 -1.6284849514E-01  6.4995657357E-02
O17       3.3802053710E+00  3.3794941680E-06  3.7807398460E+01 -3.7872604095E+01  1.2603767585E-01
H18       8.2604663871E-01  9.1088445069E-06  1.6293571686E-01 -1.6321672871E-01  6.5069240215E-02
H19       8.2646529257E-01  1.0541714783E-05  1.6253778694E-01 -1.6281811249E-01  6.4977213810E-02
--------------------------------------------------------------------------------------------------
Total     4.4000112001E+01  1.8051800604E-04  9.9150883059E+02 -9.9321886527E+02
 
Molecular charge q(Mol) from the wfx file:   4.4000000000E+01
Molecular energy E(Mol) from the wfx file:  -1.9663442601E+03
Molecular virial ratio (-V(Mol)/T(Mol)) from the wfx file:   2.0017246792E+00
Full molecular virial ratio ((-V(Mol)+W(Mol))/T(Mol)) from the wfx file:   2.0015048125E+00
Note.  K_Scaled(A) = (1+V(Mol)/T(Mol))*K(A) = (E(Mol)/T(Mol))*K(A)
       Only use K_Scaled(A) data with caution.
 
N_AIMInt(SumA)     =         43.999888
N_Analytic(Mol)    =         44.000000
 
G_AIMInt(SumA)     =        991.508650
G_Analytic(Mol)    =        991.508740
 
K_AIMInt(SumA)     =        991.508831
K_Analytic(Mol)    =        991.508740
 
L_AIMInt(SumA)     =          0.000181
L_Analytic(Mol)    =          0.000000
 
VenT_AIMInt(SumA)  =      -3050.270699
VenT_Analytic(Mol) =      -3050.271886
 
Some Information About the Atomic Calculations:
----------------------------------------------
  Time(sec) = "Elapsed User Time", in Seconds, for Atom A by AIMInt and, if used, by TWOe
  NProc = Number of Processors Used for AIMInt Job
  BIM = Basin Integration Method
  OAQ = Angular Quadrature Outside of Beta Sphere
  ORQ = Multiple of Default for Radial Quadrature Outside of Beta Sphere
  IAQ = Multiple of Default for Angular Quadrature Inside of Beta Sphere
  IRQ = Multiple of Default for Radial Quadrature Inside of Beta Sphere
  MIR = Maximum Integration Radius
------------------------------------------------------------------------------------------------------
Atom A     Time(sec)   NProc      BIM              OAQ                 ORQ      IAQ      IRQ      MIR
------------------------------------------------------------------------------------------------------
Ni1          1308        8     Proaim(5)    4334      (Very High)      Auto     Auto     Auto    13.00
O2            971        8     Proaim(5)    4334      (Very High)      Auto     Auto     Auto    13.00
H3            196        8     Proaim(5)    2030      (Very High)      Auto     Auto     Auto    13.00
H4            202        8     Proaim(5)    2030      (Very High)      Auto     Auto     Auto    13.00
O5            885        8     Proaim(5)    4334      (Very High)      Auto     Auto     Auto    13.00
H6            179        8     Proaim(5)    2030      (Very High)      Auto     Auto     Auto    13.00
H7            164        8     Proaim(5)    2030      (Very High)      Auto     Auto     Auto    13.00
O8           1045        8     Proaim(5)    4334      (Very High)      Auto     Auto     Auto    13.00
H9            251        8     Proaim(5)    2030      (Very High)      Auto     Auto     Auto    13.00
H10           215        8     Proaim(5)    2030      (Very High)      Auto     Auto     Auto    13.00
O11           731        8     Proaim(5)    4334      (Very High)      Auto     Auto     Auto    13.00
H12           224        8     Proaim(5)    2030      (Very High)      Auto     Auto     Auto    13.00
H13           161        8     Proaim(5)    2030      (Very High)      Auto     Auto     Auto    13.00
O14           759        8     Proaim(5)    4334      (Very High)      Auto     Auto     Auto    13.00
H15           216        8     Proaim(5)    2030      (Very High)      Auto     Auto     Auto    13.00
H16           174        8     Proaim(5)    2030      (Very High)      Auto     Auto     Auto    13.00
O17           937        8     Proaim(5)    4334      (Very High)      Auto     Auto     Auto    13.00
H18           245        8     Proaim(5)    2030      (Very High)      Auto     Auto     Auto    13.00
H19           306        8     Proaim(5)    2030      (Very High)      Auto     Auto     Auto    13.00
------------------------------------------------------------------------------------------------------
Total        9169
Note:  Total wall clock time is less than total of atomic times if more than one atom
       was calculated at a time
Note:  Total time does not include times for diatomic interaction energy calculations (4844 seconds)
 
Electron Density Critical Point Analysis of Molecular Structure:               
---------------------------------------------------------------                
  NACP = Nuclear Attractor Critical Point                                      
  NNACP = Non-Nuclear Attractor Critical Point                                 
  BCP = Bond Critical Point                                                    
  RCP = Ring Critical Point                                                    
  CCP = Cage Critical Point                                                    
  Rho = Electron Density                                                       
  GradRho = Gradient of Electron Density                                       
  HessRho_EigVals = Eigenvalues of the Hessian of Rho, Ascending Order         
  HessRho_EigVecs = Eigenvectors of the Hessian of Rho                         
  DelSqRho = Laplacian of Rho = Trace of Hessian of Rho                        
  Bond Ellipticity = (HessRho_EigVal(1) / HessRho_EigVal(2)) - 1               
  V = Virial Field = Potential Energy Density = Trace of Stress Tensor         
  G = Lagrangian Form of Kinetic Energy Density                                
  K = Hamiltonian Form of Kinetic Energy Density                               
  L = K - G = Lagrangian Density = (-1/4)DelSqRho                              
  Vnuc = Electrostatic Potential from Nuclei                                   
  Ven = Electron-nuclear attractive contribution to Virial Field V             
  Vrep = V - Ven = Repulsive contribution to Virial Field V                    
  DelSqV = Laplacian of V                                                      
  DelSqVen = Laplacian of Ven                                                  
  DelSqVrep = Laplacian of Vrep                                                
  DelSqG = Laplacian of G                                                      
  DelSqK = Laplacian of K                                                      
  Stress_EigVals = Eigenvalues of Stress Tensor, Ascending Order               
  Stress_EigVecs = Eigenvectors of Stress Tensor                               
  -DivStress = Ehrenfest Force Density = Minus Divergence of Stress Tensor     
  ESP = Total Electrostatic Potential                                          
  ESPe = Electrostatic Potential from Electrons                                
  ESPn = Electrostatic Potential from Nuclei                                   
  BP = Bond Path                                                               
  BPL = Bond Path Length                                                       
  GBL = Geometric Bond Length                                                  
  GBL_I = Distance Between Nuclear Attractors                                  
  GBL_II = Distance Between Nuclei                                             
  GBL_III = Sum of Distances Between BCP and Nuclear Attractors                
  GBL_IV = Sum of Distances Between BCP and Nuclei                             

CP# 1      Coords =  2.23224092274339E-26  1.93844439267536E-25 -4.29534947188132E-26
           Type = (3,-3) NACP Ni1
           Rho =  7.2852115564E+03     Rho at Nucleus =  7.2852115564E+03
           GradRho = -5.6055692463E-18 -1.5385131581E-17  1.0992978268E-17
           HessRho_EigVals = -4.2223786315E+08 -4.2223785697E+08 -4.2223785610E+08
           HessRho_EigVec1 =  5.4574135504E-01  6.0393176779E-01 -5.8088965669E-01
           HessRho_EigVec2 =  7.0151899226E-01 -7.0842876754E-01 -7.7458277996E-02
           HessRho_EigVec3 = -4.5829845832E-01 -3.6523294098E-01 -8.1028848068E-01
           DelSqRho = -1.2667135762E+09
           Bond Ellipticity = NA
           V = -3.1694774775E+08
           G =  1.3467684570E+05
           K =  3.1681307090E+08
           L =  3.1667839405E+08
           Vnuc =  2.8000000138E+09
           Ven = -2.0398592458E+13
           Vrep =  2.0398275510E+13
           DelSqV =  6.5851238033E+14
           DelSqVen =  6.1195777074E+29
           DelSqVrep = -6.1195777074E+29
           DelSqG =  1.8382538149E+13
           DelSqK = -6.7689491848E+14
           Stress_EigVals = -1.0564924939E+08 -1.0564924920E+08 -1.0564924916E+08
           Stress_EigVec1 =  5.7403925554E-01  4.7268775538E-01 -6.6861440234E-01
           Stress_EigVec2 =  8.0565918264E-01 -1.8019443225E-01  5.6430776002E-01
           Stress_EigVec3 = -1.4626077580E-01  8.6261013935E-01  4.8426390838E-01
           -DivStress = -4.7458356639E-12 -4.1316778963E-11  8.8809578675E-12
           ESP =  -5.8660762976E+01     ESP at Nucleus =  -5.8660762976E+01
           ESPe = -7.2420710975E+01     ESPe at Nucleus = -7.2420710975E+01
           ESPn =  1.3759947999E+01     ESPn at Nucleus =  1.3759947999E+01

CP# 2      Coords = -4.15609007642037E+00  3.22701587129348E-02 -9.94453948065278E-02
           Type = (3,-3) NACP O2
           Rho =  1.4777421457E+02     Rho at Nucleus =  1.4777420277E+02
           GradRho = -2.4628292461E-11  5.6677926241E-13  1.0109968418E-12
           HessRho_EigVals = -4.1103839709E+05 -4.1103135608E+05 -4.1102033170E+05
           HessRho_EigVec1 =  3.2103545328E-02  9.9929302811E-01  1.9565437534E-02
           HessRho_EigVec2 =  9.9463963815E-01 -3.0016690894E-02 -9.8949423867E-02
           HessRho_EigVec3 =  9.8292179715E-02 -2.2637187024E-02  9.9490009809E-01
           DelSqRho = -1.2330900849E+06
           Bond Ellipticity = NA
           V = -3.0834265984E+05
           G =  3.5069308770E+01
           K =  3.0830759053E+05
           L =  3.0827252122E+05
           Vnuc =  1.0555588676E+06
           Ven = -1.5598438259E+08
           Vrep =  1.5567603993E+08
           DelSqV =  1.9612318240E+10
           DelSqVen =  1.3015991731E+12
           DelSqVrep = -1.2819868544E+12
           DelSqG =  8.5764720634E+08
           DelSqK = -2.0469965446E+10
           Stress_EigVals = -1.0278316196E+05 -1.0278045013E+05 -1.0277904775E+05
           Stress_EigVec1 =  1.0350466792E-01 -2.2762806292E-02  9.9436846207E-01
           Stress_EigVec2 =  9.9411319041E-01 -2.9824270485E-02 -1.0416082538E-01
           Stress_EigVec3 =  3.2027306666E-02  9.9929593592E-01  1.9541854773E-02
           -DivStress =  4.7479276488E+04 -1.2139533117E+03 -9.2679000382E+03
           ESP =  -3.4392342633E+00     ESP at Nucleus =  -3.4392268016E+00
           ESPe = -1.9077911077E+01     ESPe at Nucleus = -1.9077919593E+01
           ESPn =  1.5638676814E+01     ESPn at Nucleus =  1.5638692792E+01

CP# 3      Coords = -5.22833201613211E+00 -1.36891400126682E+00  1.09575424027042E-02
           Type = (3,-3) NACP H3
           Rho =  2.0321436989E-01     Rho at Nucleus =  1.9834636388E-01
           GradRho =  6.1571841375E-16  3.6744628065E-16 -3.4477629085E-17
           HessRho_EigVals = -4.0004080919E+00 -3.9888128245E+00 -3.1186677155E+00
           HessRho_EigVec1 =  7.9465283057E-01 -5.9903715972E-01 -9.8393902968E-02
           HessRho_EigVec2 =  1.1416786606E-01 -1.1718693786E-02  9.9339235480E-01
           HessRho_EigVec3 =  5.9623198273E-01  8.0063546854E-01 -5.9078501030E-02
           DelSqRho = -1.1107888632E+01
           Bond Ellipticity = NA
           V = -2.8071501290E+00
           G =  1.5088985505E-02
           K =  2.7920611435E+00
           L =  2.7769721580E+00
           Vnuc =  3.5859413832E+01
           Ven = -7.2871481865E+00
           Vrep =  4.4799980575E+00
           DelSqV =  6.7405255450E+02
           DelSqVen =  3.9832237525E+02
           DelSqVrep =  2.7573017925E+02
           DelSqG =  5.1755727071E+01
           DelSqK = -7.2580828157E+02
           Stress_EigVals = -1.0129077849E+00 -1.0101794389E+00 -7.8406290518E-01
           Stress_EigVec1 =  1.1510523082E-01 -1.3097986625E-02  9.9326694729E-01
           Stress_EigVec2 =  7.9717149143E-01 -5.9537485875E-01 -1.0023168568E-01
           Stress_EigVec3 =  5.9267900172E-01  8.0334128508E-01 -5.8089419006E-02
           -DivStress = -7.2501378194E+00 -9.8221391056E+00  7.1022249800E-01
           ESP =   7.9297231664E+00     ESP at Nucleus =   7.8279182680E+00
           ESPe = -8.9647072139E+00     ESPe at Nucleus = -8.8636341972E+00
           ESPn =  1.6894430380E+01     ESPn at Nucleus =  1.6691552465E+01

CP# 4      Coords = -5.14002758762266E+00  1.49179803248493E+00  6.77694795244481E-02
           Type = (3,-3) NACP H4
           Rho =  2.0302473394E-01     Rho at Nucleus =  1.9815414210E-01
           GradRho =  1.8984732406E-14 -2.8900198342E-14 -3.2290793303E-15
           HessRho_EigVals = -3.9954970696E+00 -3.9838724596E+00 -3.1136190800E+00
           HessRho_EigVec1 =  8.3059125566E-01  5.5169404335E-01 -7.5840942512E-02
           HessRho_EigVec2 =  1.1370643842E-01 -3.4693978752E-02  9.9290844175E-01
           HessRho_EigVec3 = -5.4515044885E-01  8.3332467285E-01  9.1547680144E-02
           DelSqRho = -1.1092988609E+01
           Bond Ellipticity = NA
           V = -2.8033558274E+00
           G =  1.5054337569E-02
           K =  2.7883014899E+00
           L =  2.7732471523E+00
           Vnuc =  3.5964314361E+01
           Ven = -7.3016453545E+00
           Vrep =  4.4982895271E+00
           DelSqV =  6.7299715069E+02
           DelSqVen =  3.9895172955E+02
           DelSqVrep =  2.7404542115E+02
           DelSqG =  5.1667656957E+01
           DelSqK = -7.2466480765E+02
           Stress_EigVals = -1.0116487583E+00 -1.0089228278E+00 -7.8278424133E-01
           Stress_EigVec1 =  1.1372707999E-01 -3.4047033665E-02  9.9292847213E-01
           Stress_EigVec2 =  8.3302020582E-01  5.4791065718E-01 -7.6624072254E-02
           Stress_EigVec3 = -5.4142726933E-01  8.3584371221E-01  9.0674146128E-02
           -DivStress = -6.6183786925E+00  1.0217255680E+01  1.1085158476E+00
           ESP =   7.9893379237E+00     ESP at Nucleus =   7.8884009364E+00
           ESPe = -9.0281136937E+00     ESPe at Nucleus = -8.9279383026E+00
           ESPn =  1.7017451617E+01     ESPn at Nucleus =  1.6816339239E+01

CP# 5      Coords =  4.13175399381559E-02  8.57235569320518E-02  4.15631562975184E+00
           Type = (3,-3) NACP O5
           Rho =  1.4777443322E+02     Rho at Nucleus =  1.4777442139E+02
           GradRho = -2.4285001093E-13  5.3693161028E-14 -1.2748000919E-10
           HessRho_EigVals = -4.1103899693E+05 -4.1103195421E+05 -4.1102093703E+05
           HessRho_EigVec1 =  9.9919195409E-01 -7.9343390135E-03 -3.9401588058E-02
           HessRho_EigVec2 =  3.8308573988E-02 -1.0861353914E-01  9.9334563586E-01
           HessRho_EigVec3 =  1.2161086959E-02  9.9405238563E-01  1.0822182121E-01
           DelSqRho = -1.2330918882E+06
           Bond Ellipticity = NA
           V = -3.0834310976E+05
           G =  3.5068860190E+01
           K =  3.0830804090E+05
           L =  3.0827297204E+05
           Vnuc =  1.0547963072E+06
           Ven = -1.5587192646E+08
           Vrep =  1.5556358335E+08
           DelSqV =  1.9612346689E+10
           DelSqVen =  1.3006607708E+12
           DelSqVrep = -1.2810484231E+12
           DelSqG =  8.5764844378E+08
           DelSqK = -2.0469995132E+10
           Stress_EigVals = -1.0278331092E+05 -1.0278060073E+05 -1.0277919812E+05
           Stress_EigVec1 =  1.2338103638E-02  9.9343849169E-01  1.1370019535E-01
           Stress_EigVec2 =  3.8156472841E-02 -1.1409379322E-01  9.9273696916E-01
           Stress_EigVec3 =  9.9919560386E-01 -7.9100931950E-03 -3.9313809873E-02
           -DivStress = -1.6290696380E+03  9.9661012182E+03 -4.7360985906E+04
           ESP =  -3.4390080174E+00     ESP at Nucleus =  -3.4390005724E+00
           ESPe = -1.9078166242E+01     ESPe at Nucleus = -1.9078174740E+01
           ESPn =  1.5639158225E+01     ESPn at Nucleus =  1.5639174167E+01

CP# 6      Coords = -1.35088094138369E+00 -5.31310837569949E-02  5.23680447938559E+00
           Type = (3,-3) NACP H6
           Rho =  2.0324718526E-01     Rho at Nucleus =  1.9837879662E-01
           GradRho =  3.4151690807E-16  1.9840899756E-17 -1.1248868590E-15
           HessRho_EigVals = -4.0011072315E+00 -3.9895226469E+00 -3.1192779134E+00
           HessRho_EigVec1 =  6.0575155939E-01 -1.0006188264E-01  7.8933685328E-01
           HessRho_EigVec2 =  8.9187449045E-04  9.9214539152E-01  1.2508687635E-01
           HessRho_EigVec3 =  7.9565334968E-01  7.5067581007E-02 -6.0108286070E-01
           DelSqRho = -1.1109907792E+01
           Bond Ellipticity = NA
           V = -2.8076642993E+00
           G =  1.5093675680E-02
           K =  2.7925706236E+00
           L =  2.7774769479E+00
           Vnuc =  3.5850702402E+01
           Ven = -7.2865543528E+00
           Vrep =  4.4788900536E+00
           DelSqV =  6.7418243871E+02
           DelSqVen =  3.9829799795E+02
           DelSqVrep =  2.7588444076E+02
           DelSqG =  5.1766078630E+01
           DelSqK = -7.2594851734E+02
           Stress_EigVals = -1.0130869789E+00 -1.0103592845E+00 -7.8421803593E-01
           Stress_EigVec1 =  2.1859716985E-03  9.9204738487E-01  1.2584596817E-01
           Stress_EigVec2 =  6.0212977675E-01 -1.0178107897E-01  7.9188404702E-01
           Stress_EigVec3 =  7.9839523639E-01  7.4044568601E-02 -5.9756376093E-01
           -DivStress = -9.7626295416E+00 -9.0553515328E-01  7.3111221528E+00
           ESP =   7.9250056849E+00     ESP at Nucleus =   7.8231197043E+00
           ESPe = -8.9597260542E+00     ESPe at Nucleus = -8.8585711537E+00
           ESPn =  1.6884731739E+01     ESPn at Nucleus =  1.6681690858E+01

CP# 7      Coords =  1.50950391906528E+00 -7.68634469463040E-02  5.12822739191550E+00
           Type = (3,-3) NACP H7
           Rho =  2.0299131999E-01     Rho at Nucleus =  1.9812118136E-01
           GradRho = -4.4275272738E-14  4.6989322156E-15 -2.7788426941E-14
           HessRho_EigVals = -3.9946778774E+00 -3.9830613196E+00 -3.1129057563E+00
           HessRho_EigVec1 = -5.4490979277E-01 -9.0591602213E-02  8.3358651582E-01
           HessRho_EigVec2 =  2.5112221423E-02  9.9193733209E-01  1.2421636581E-01
           HessRho_EigVec3 =  8.3811854417E-01 -8.8619923311E-02  5.3824140970E-01
           DelSqRho = -1.1090644953E+01
           Bond Ellipticity = NA
           V = -2.8027594513E+00
           G =  1.5049106511E-02
           K =  2.7877103448E+00
           L =  2.7726612383E+00
           Vnuc =  3.5978025038E+01
           Ven = -7.3032267932E+00
           Vrep =  4.5004673419E+00
           DelSqV =  6.7284405295E+02
           DelSqVen =  3.9901950182E+02
           DelSqVrep =  2.7382455113E+02
           DelSqG =  5.1654506013E+01
           DelSqK = -7.2449855896E+02
           Stress_EigVals = -1.0114393586E+00 -1.0087153558E+00 -7.8260473693E-01
           Stress_EigVec1 =  2.4287360525E-02  9.9192663507E-01  1.2446555653E-01
           Stress_EigVec2 = -5.4110638199E-01 -9.1644278421E-02  8.3594569776E-01
           Stress_EigVec3 =  8.4060335920E-01 -8.7652021515E-02  5.3451203507E-01
           -DivStress =  1.0274062666E+01 -1.0714604720E+00  6.5325881852E+00
           ESP =   7.9965378874E+00     ESP at Nucleus =   7.8957109346E+00
           ESPe = -9.0357690606E+00     ESPe at Nucleus = -8.9357053718E+00
           ESPn =  1.7032306948E+01     ESPn at Nucleus =  1.6831416306E+01

CP# 8      Coords = -8.48553089745917E-02  4.15605307218183E+00  6.35466726174975E-02
           Type = (3,-3) NACP O8
           Rho =  1.4777340184E+02     Rho at Nucleus =  1.4777339009E+02
           GradRho = -3.5932693453E-13 -6.6680410922E-11 -1.6597626051E-12
           HessRho_EigVals = -4.1103614215E+05 -4.1102910746E+05 -4.1101806067E+05
           HessRho_EigVec1 =  1.2916058390E-02 -4.6507291179E-02  9.9883444439E-01
           HessRho_EigVec2 =  8.1363969999E-02  9.9565414306E-01  4.5307083283E-02
           HessRho_EigVec3 =  9.9660076250E-01 -8.0683946834E-02 -1.6643944893E-02
           DelSqRho = -1.2330833103E+06
           Bond Ellipticity = NA
           V = -3.0834096951E+05
           G =  3.5070971509E+01
           K =  3.0830589854E+05
           L =  3.0827082757E+05
           Vnuc =  1.0579409213E+06
           Ven = -1.5633552889E+08
           Vrep =  1.5602718792E+08
           DelSqV =  1.9612211251E+10
           DelSqVen =  1.3045292918E+12
           DelSqVrep = -1.2849170805E+12
           DelSqG =  8.5764250605E+08
           DelSqK = -2.0469853757E+10
           Stress_EigVals = -1.0278260161E+05 -1.0277988444E+05 -1.0277848346E+05
           Stress_EigVec1 =  9.9623908020E-01 -8.5002776430E-02 -1.6799496626E-02
           Stress_EigVec2 =  8.5683323216E-02  9.9530093791E-01  4.5104446870E-02
           Stress_EigVec3 =  1.2886551535E-02 -4.6374249362E-02  9.9884101127E-01
           -DivStress = -7.6623598399E+03 -4.7629488638E+04 -1.9529095077E+03
           ESP =  -3.4391808041E+00     ESP at Nucleus =  -3.4391733012E+00
           ESPe = -1.9077966008E+01     ESPe at Nucleus = -1.9077974569E+01
           ESPn =  1.5638785204E+01     ESPn at Nucleus =  1.5638801268E+01

CP# 9      Coords =  1.07468239059775E-02  5.25058758051223E+00 -1.32124072448999E+00
           Type = (3,-3) NACP H9
           Rho =  2.0324492454E-01     Rho at Nucleus =  1.9837594436E-01
           GradRho = -4.4755555327E-10 -5.3328402486E-09  6.9641666441E-09
           HessRho_EigVals = -4.0012630161E+00 -3.9896476300E+00 -3.1193375813E+00
           HessRho_EigVec1 =  7.9205820600E-02  7.8757525932E-01  6.1110690463E-01
           HessRho_EigVec2 =  9.9553671427E-01 -9.4050265727E-02 -7.8229192562E-03
           HessRho_EigVec3 = -5.1313629106E-02 -6.0899898064E-01  7.9150941438E-01
           DelSqRho = -1.1110248227E+01
           Bond Ellipticity = NA
           V = -2.8077541094E+00
           G =  1.5096026256E-02
           K =  2.7926580831E+00
           L =  2.7775620569E+00
           Vnuc =  3.5838963126E+01
           Ven = -7.2840873564E+00
           Vrep =  4.4763332470E+00
           DelSqV =  6.7420254536E+02
           DelSqVen =  3.9817978280E+02
           DelSqVrep =  2.7602276256E+02
           DelSqG =  5.1769877245E+01
           DelSqK = -7.2597242260E+02
           Stress_EigVals = -1.0131282273E+00 -1.0103947280E+00 -7.8423115404E-01
           Stress_EigVec1 =  9.9544929246E-01 -9.4864799934E-02 -9.0208574914E-03
           Stress_EigVec2 =  8.0810039232E-02  7.9019975334E-01  6.0749822007E-01
           Stress_EigVec3 = -5.0501917742E-02 -6.0546264919E-01  7.9426981357E-01
           -DivStress =  6.1758798012E-01  7.4082951862E+00 -9.7129140941E+00
           ESP =   7.9197482138E+00     ESP at Nucleus =   7.8177890314E+00
           ESPe = -8.9541015099E+00     ESPe at Nucleus = -8.8528726319E+00
           ESPn =  1.6873849724E+01     ESPn at Nucleus =  1.6670661663E+01

CP# 10     Coords =  4.85079076230409E-02  5.12183554855241E+00  1.53870405407050E+00
           Type = (3,-3) NACP H10
           Rho =  2.0297413591E-01     Rho at Nucleus =  1.9810373490E-01
           GradRho = -5.2519024286E-15 -3.8753342983E-14 -6.0911187864E-14
           HessRho_EigVals = -3.9944749678E+00 -3.9828256445E+00 -3.1126721943E+00
           HessRho_EigVec1 =  6.4217717879E-02  8.3993948805E-01 -5.3886709040E-01
           HessRho_EigVec2 =  9.9527158700E-01 -9.3338021714E-02 -2.6879021646E-02
           HessRho_EigVec3 =  7.2873539866E-02  5.3459299482E-01  8.4196186201E-01
           DelSqRho = -1.1089972807E+01
           Bond Ellipticity = NA
           V = -2.8025905079E+00
           G =  1.5048653151E-02
           K =  2.7875418548E+00
           L =  2.7724932016E+00
           Vnuc =  3.5975071599E+01
           Ven = -7.3020090721E+00
           Vrep =  4.4994185642E+00
           DelSqV =  6.7279976926E+02
           DelSqVen =  3.9896256575E+02
           DelSqVrep =  2.7383720351E+02
           DelSqG =  5.1652707299E+01
           DelSqK = -7.2445247656E+02
           Stress_EigVals = -1.0113883494E+00 -1.0086587008E+00 -7.8254345775E-01
           Stress_EigVec1 =  9.9528667187E-01 -9.3322936326E-02 -2.6367979740E-02
           Stress_EigVec2 =  6.4807037469E-02  8.4233816953E-01 -5.3503874256E-01
           Stress_EigVec3 =  7.2142142293E-02  5.3080809875E-01  8.4441593638E-01
           -DivStress =  8.8177981712E-01  6.4872457689E+00  1.0320719956E+01
           ESP =   7.9956521262E+00     ESP at Nucleus =   7.8948202610E+00
           ESPe = -9.0347849719E+00     ESPe at Nucleus = -8.9347163343E+00
           ESPn =  1.7030437098E+01     ESPn at Nucleus =  1.6829536595E+01

CP# 11     Coords =  4.15609007642037E+00 -3.22701587129348E-02  9.94453948065278E-02
           Type = (3,-3) NACP O11
           Rho =  1.4777421457E+02     Rho at Nucleus =  1.4777420277E+02
           GradRho =  2.4628288992E-11 -5.6680680115E-13 -1.0112188864E-12
           HessRho_EigVals = -4.1103839709E+05 -4.1103135608E+05 -4.1102033170E+05
           HessRho_EigVec1 =  3.2103545329E-02  9.9929302811E-01  1.9565437534E-02
           HessRho_EigVec2 =  9.9463963815E-01 -3.0016690894E-02 -9.8949423866E-02
           HessRho_EigVec3 =  9.8292179714E-02 -2.2637187024E-02  9.9490009809E-01
           DelSqRho = -1.2330900849E+06
           Bond Ellipticity = NA
           V = -3.0834265984E+05
           G =  3.5069308770E+01
           K =  3.0830759053E+05
           L =  3.0827252122E+05
           Vnuc =  1.0555588676E+06
           Ven = -1.5598438259E+08
           Vrep =  1.5567603993E+08
           DelSqV =  1.9612318240E+10
           DelSqVen =  1.3015991726E+12
           DelSqVrep = -1.2819868549E+12
           DelSqG =  8.5764720634E+08
           DelSqK = -2.0469965446E+10
           Stress_EigVals = -1.0278316196E+05 -1.0278045013E+05 -1.0277904775E+05
           Stress_EigVec1 =  1.0350466792E-01 -2.2762806292E-02  9.9436846207E-01
           Stress_EigVec2 =  9.9411319041E-01 -2.9824270485E-02 -1.0416082538E-01
           Stress_EigVec3 =  3.2027306666E-02  9.9929593592E-01  1.9541854773E-02
           -DivStress = -4.7479276488E+04  1.2139533117E+03  9.2679000382E+03
           ESP =  -3.4392342633E+00     ESP at Nucleus =  -3.4392268016E+00
           ESPe = -1.9077911077E+01     ESPe at Nucleus = -1.9077919593E+01
           ESPn =  1.5638676814E+01     ESPn at Nucleus =  1.5638692792E+01

CP# 12     Coords =  5.22833201613211E+00  1.36891400126682E+00 -1.09575424027042E-02
           Type = (3,-3) NACP H12
           Rho =  2.0321436989E-01     Rho at Nucleus =  1.9834636388E-01
           GradRho = -6.1319764370E-16 -3.6957741555E-16  3.0682921481E-17
           HessRho_EigVals = -4.0004080919E+00 -3.9888128245E+00 -3.1186677155E+00
           HessRho_EigVec1 =  7.9465283057E-01 -5.9903715972E-01 -9.8393902968E-02
           HessRho_EigVec2 =  1.1416786606E-01 -1.1718693786E-02  9.9339235480E-01
           HessRho_EigVec3 =  5.9623198273E-01  8.0063546854E-01 -5.9078501030E-02
           DelSqRho = -1.1107888632E+01
           Bond Ellipticity = NA
           V = -2.8071501290E+00
           G =  1.5088985505E-02
           K =  2.7920611435E+00
           L =  2.7769721580E+00
           Vnuc =  3.5859413832E+01
           Ven = -7.2871481865E+00
           Vrep =  4.4799980575E+00
           DelSqV =  6.7405255450E+02
           DelSqVen =  3.9832237525E+02
           DelSqVrep =  2.7573017925E+02
           DelSqG =  5.1755727071E+01
           DelSqK = -7.2580828157E+02
           Stress_EigVals = -1.0129077849E+00 -1.0101794389E+00 -7.8406290518E-01
           Stress_EigVec1 =  1.1510523082E-01 -1.3097986625E-02  9.9326694729E-01
           Stress_EigVec2 =  7.9717149143E-01 -5.9537485875E-01 -1.0023168568E-01
           Stress_EigVec3 =  5.9267900172E-01  8.0334128508E-01 -5.8089419006E-02
           -DivStress =  7.2501378194E+00  9.8221391056E+00 -7.1022249800E-01
           ESP =   7.9297231664E+00     ESP at Nucleus =   7.8279182680E+00
           ESPe = -8.9647072139E+00     ESPe at Nucleus = -8.8636341972E+00
           ESPn =  1.6894430380E+01     ESPn at Nucleus =  1.6691552465E+01

CP# 13     Coords =  5.14002758762266E+00 -1.49179803248493E+00 -6.77694795244481E-02
           Type = (3,-3) NACP H13
           Rho =  2.0302473394E-01     Rho at Nucleus =  1.9815414210E-01
           GradRho = -1.8965718210E-14  2.8906273263E-14  3.2284830191E-15
           HessRho_EigVals = -3.9954970696E+00 -3.9838724596E+00 -3.1136190800E+00
           HessRho_EigVec1 =  8.3059125566E-01  5.5169404335E-01 -7.5840942512E-02
           HessRho_EigVec2 =  1.1370643842E-01 -3.4693978752E-02  9.9290844175E-01
           HessRho_EigVec3 = -5.4515044885E-01  8.3332467285E-01  9.1547680144E-02
           DelSqRho = -1.1092988609E+01
           Bond Ellipticity = NA
           V = -2.8033558274E+00
           G =  1.5054337569E-02
           K =  2.7883014899E+00
           L =  2.7732471523E+00
           Vnuc =  3.5964314361E+01
           Ven = -7.3016453545E+00
           Vrep =  4.4982895271E+00
           DelSqV =  6.7299715069E+02
           DelSqVen =  3.9895172955E+02
           DelSqVrep =  2.7404542115E+02
           DelSqG =  5.1667656957E+01
           DelSqK = -7.2466480765E+02
           Stress_EigVals = -1.0116487583E+00 -1.0089228278E+00 -7.8278424133E-01
           Stress_EigVec1 =  1.1372707999E-01 -3.4047033665E-02  9.9292847213E-01
           Stress_EigVec2 =  8.3302020582E-01  5.4791065718E-01 -7.6624072254E-02
           Stress_EigVec3 = -5.4142726933E-01  8.3584371221E-01  9.0674146128E-02
           -DivStress =  6.6183786925E+00 -1.0217255680E+01 -1.1085158476E+00
           ESP =   7.9893379237E+00     ESP at Nucleus =   7.8884009364E+00
           ESPe = -9.0281136937E+00     ESPe at Nucleus = -8.9279383026E+00
           ESPn =  1.7017451617E+01     ESPn at Nucleus =  1.6816339239E+01

CP# 14     Coords = -4.13175399381559E-02 -8.57235569320518E-02 -4.15631562975184E+00
           Type = (3,-3) NACP O14
           Rho =  1.4777443322E+02     Rho at Nucleus =  1.4777442139E+02
           GradRho =  2.4293414502E-13 -5.3651527665E-14  1.2747979408E-10
           HessRho_EigVals = -4.1103899693E+05 -4.1103195421E+05 -4.1102093703E+05
           HessRho_EigVec1 =  9.9919195409E-01 -7.9343390135E-03 -3.9401588058E-02
           HessRho_EigVec2 =  3.8308573989E-02 -1.0861353914E-01  9.9334563586E-01
           HessRho_EigVec3 =  1.2161086959E-02  9.9405238563E-01  1.0822182120E-01
           DelSqRho = -1.2330918882E+06
           Bond Ellipticity = NA
           V = -3.0834310976E+05
           G =  3.5068860190E+01
           K =  3.0830804090E+05
           L =  3.0827297204E+05
           Vnuc =  1.0547963072E+06
           Ven = -1.5587192646E+08
           Vrep =  1.5556358335E+08
           DelSqV =  1.9612346689E+10
           DelSqVen =  1.3006607708E+12
           DelSqVrep = -1.2810484241E+12
           DelSqG =  8.5764844378E+08
           DelSqK = -2.0469995132E+10
           Stress_EigVals = -1.0278331092E+05 -1.0278060073E+05 -1.0277919812E+05
           Stress_EigVec1 =  1.2338103638E-02  9.9343849169E-01  1.1370019535E-01
           Stress_EigVec2 =  3.8156472842E-02 -1.1409379321E-01  9.9273696916E-01
           Stress_EigVec3 =  9.9919560386E-01 -7.9100931949E-03 -3.9313809874E-02
           -DivStress =  1.6290696380E+03 -9.9661012182E+03  4.7360985906E+04
           ESP =  -3.4390080174E+00     ESP at Nucleus =  -3.4390005724E+00
           ESPe = -1.9078166242E+01     ESPe at Nucleus = -1.9078174740E+01
           ESPn =  1.5639158225E+01     ESPn at Nucleus =  1.5639174167E+01

CP# 15     Coords =  1.35088094138369E+00  5.31310837569949E-02 -5.23680447938559E+00
           Type = (3,-3) NACP H15
           Rho =  2.0324718526E-01     Rho at Nucleus =  1.9837879662E-01
           GradRho = -3.6930636500E-16 -1.9732479539E-17  1.1422205412E-15
           HessRho_EigVals = -4.0011072315E+00 -3.9895226469E+00 -3.1192779134E+00
           HessRho_EigVec1 =  6.0575155939E-01 -1.0006188264E-01  7.8933685328E-01
           HessRho_EigVec2 =  8.9187449046E-04  9.9214539152E-01  1.2508687635E-01
           HessRho_EigVec3 =  7.9565334968E-01  7.5067581007E-02 -6.0108286070E-01
           DelSqRho = -1.1109907792E+01
           Bond Ellipticity = NA
           V = -2.8076642993E+00
           G =  1.5093675680E-02
           K =  2.7925706236E+00
           L =  2.7774769479E+00
           Vnuc =  3.5850702402E+01
           Ven = -7.2865543528E+00
           Vrep =  4.4788900536E+00
           DelSqV =  6.7418243871E+02
           DelSqVen =  3.9829799795E+02
           DelSqVrep =  2.7588444076E+02
           DelSqG =  5.1766078630E+01
           DelSqK = -7.2594851734E+02
           Stress_EigVals = -1.0130869789E+00 -1.0103592845E+00 -7.8421803593E-01
           Stress_EigVec1 =  2.1859716985E-03  9.9204738487E-01  1.2584596817E-01
           Stress_EigVec2 =  6.0212977675E-01 -1.0178107897E-01  7.9188404702E-01
           Stress_EigVec3 =  7.9839523639E-01  7.4044568601E-02 -5.9756376093E-01
           -DivStress =  9.7626295416E+00  9.0553515328E-01 -7.3111221528E+00
           ESP =   7.9250056849E+00     ESP at Nucleus =   7.8231197043E+00
           ESPe = -8.9597260542E+00     ESPe at Nucleus = -8.8585711537E+00
           ESPn =  1.6884731739E+01     ESPn at Nucleus =  1.6681690858E+01

CP# 16     Coords = -1.50950391906528E+00  7.68634469463040E-02 -5.12822739191550E+00
           Type = (3,-3) NACP H16
           Rho =  2.0299131999E-01     Rho at Nucleus =  1.9812118136E-01
           GradRho =  4.4314209149E-14 -4.6969806516E-15  2.7800570006E-14
           HessRho_EigVals = -3.9946778774E+00 -3.9830613196E+00 -3.1129057563E+00
           HessRho_EigVec1 = -5.4490979277E-01 -9.0591602213E-02  8.3358651582E-01
           HessRho_EigVec2 =  2.5112221423E-02  9.9193733209E-01  1.2421636581E-01
           HessRho_EigVec3 =  8.3811854417E-01 -8.8619923311E-02  5.3824140970E-01
           DelSqRho = -1.1090644953E+01
           Bond Ellipticity = NA
           V = -2.8027594513E+00
           G =  1.5049106511E-02
