AIMSum (Version 16.05.18, Professional)
Copyright (c) 1997-2016 by Todd A. Keith
AIMSum is a component of the AIMAll package ( http://aim.tkgristmill.com )

TP:  64-bit Linux

Licensed To:  Research Group of Fernando Cortes Guzman, UNAM, fercor@unam.mx

Much of the Quantum Theory of Atoms in Molecules (QTAIM) is described in the book:
  "Atoms in Molecules - A Quantum Theory"
  R.F.W. Bader, Oxford University Press, Oxford, 1990

For additional references see:  http://aim.tkgristmill.com/references.html

Wfx File:  /home/lillian/David/max_int/acercamiento/Ni23_32_beta.wfx
Sum File:  /home/lillian/David/max_int/acercamiento/Ni23_32_beta.sum

SumViz File:  /home/lillian/David/max_int/acercamiento/Ni23_32_beta.sumviz

Wfx Title:   Ni23_32                                                                       
 
Total memory allocated for AIMSum =        1.294 Megabytes

Atomic units (a.u.) used throughout, except where stated otherwise

Model:  Unknown
 
Unrestricted, natural orbital wavefunction.
  Number of electrons (from MO Occs)                   =          42.0000000000
  Number of Alpha electrons (from MO Occs)             =           0.0000000000
  Number of Beta electrons (from MO Occs)              =          42.0000000000
  Number of electron pairs (N*(N-1)/2)                 =         861.0000000000
  Number of electron pairs (from Muller 2EDM)          =         861.0000000000
  Number of electron pairs (from Muller 2EDM, no SOSI) =         861.0000000000
 
Nuclear Charges and Cartesian Coordinates:
-------------------------------------------------------------------------------
Atom      Charge                X                  Y                  Z
-------------------------------------------------------------------------------
Ni1       28.0           3.0203316431E-07  -2.6008010578E-07   1.7791435688E-07
O2         8.0          -5.6245749104E+00  -2.3200710948E-01  -2.2086261337E+00
H3         1.0          -6.8075851345E+00  -1.4738204173E+00  -1.5905322394E+00
H4         1.0          -6.5731899634E+00   1.3211828543E+00  -2.3215655276E+00
O5         8.0           1.4488665450E+00   2.0074793023E+00   5.5171114397E+00
H6         1.0           6.7947364428E-01   1.6077803812E+00   7.1199622806E+00
H7         1.0           3.2075614575E+00   1.5359389251E+00   5.6424158158E+00
O8         8.0          -4.4435692314E-01   5.7511093005E+00   1.8152107788E+00
H9         1.0           1.1068478870E-01   7.2827768320E+00   1.0026806650E+00
H10        1.0           3.5420423178E-01   5.6820679052E+00   3.4539933114E+00
O11        8.0           5.6245749640E+00   2.3200573403E-01   2.2086279813E+00
H12        1.0           6.8075856578E+00   1.4738183200E+00   1.5905335336E+00
H13        1.0           6.5731893947E+00  -1.3211845611E+00   2.3215680040E+00
O14        8.0          -1.4488671326E+00  -2.0074778848E+00  -5.5171114760E+00
H15        1.0          -6.7947496761E-01  -1.6077780393E+00  -7.1199624392E+00
H16        1.0          -3.2075622344E+00  -1.5359379514E+00  -5.6424149173E+00
O17        8.0           4.4435763141E-01  -5.7511090459E+00  -1.8152128520E+00
H18        1.0          -1.1068336630E-01  -7.2827771136E+00  -1.0026832652E+00
H19        1.0          -3.5420398479E-01  -5.6820671716E+00  -3.4539951376E+00
 
Some Atomic Properties:
----------------------
  q(A) = Net Charge of Atom A
  L(A) = Lagrangian of Atom A = -(1/4) Times Atomic Integral of the Laplacian of the Electron Density
  K(A) = Electronic Kinetic Energy of Atom A (Hamiltonian Form)
  K_Scaled(A) = K(A) * E(Mol)/K(Mol) = Approximation to Virial-Based Total Energy of Atom A.
  |Mu_Intra(A)| = Magnitude of Intraatomic Dipole Moment of Atom A
--------------------------------------------------------------------------------------------------
Atom A          q(A)              L(A)              K(A)          K_Scaled(A)      |Mu_Intra(A)|
--------------------------------------------------------------------------------------------------
Ni1       1.5820259175E+01 -1.7995902457E-05  7.4328037003E+02 -7.4462662880E+02  4.8073876971E-07
O2        3.3926963658E+00 -9.8432295173E-06  3.7710595158E+01 -3.7778898078E+01  1.1104662026E-01
H3        8.1624345955E-01  6.1110459674E-06  1.6890636286E-01 -1.6921229274E-01  6.8732653090E-02
H4        8.1695828641E-01  6.6817222841E-06  1.6842592554E-01 -1.6873098523E-01  6.8453704712E-02
O5        3.3924194998E+00 -1.4399237659E-05  3.7713764147E+01 -3.7782072807E+01  1.2484728043E-01
H6        8.1712494048E-01  6.8875235836E-06  1.6832265127E-01 -1.6862752391E-01  6.8625092288E-02
H7        8.1864749383E-01  5.8729158381E-06  1.6647308607E-01 -1.6677460870E-01  6.7476046209E-02
O8        3.4007206371E+00 -2.0966041708E-05  3.7693035328E+01 -3.7761306443E+01  1.2465170623E-01
H9        8.1590956593E-01  6.1097426538E-06  1.6920345666E-01 -1.6950992464E-01  6.9199879167E-02
H10       8.1913198862E-01  3.7855423782E-07  1.6624471124E-01 -1.6654582023E-01  6.7289277478E-02
O11       3.3926948050E+00 -1.0183408063E-05  3.7710596143E+01 -3.7778899065E+01  1.1104685800E-01
H12       8.1624376860E-01  6.4043383074E-06  1.6890649092E-01 -1.6921242103E-01  6.8732788748E-02
H13       8.1695814370E-01  6.7340665447E-06  1.6842609043E-01 -1.6873115042E-01  6.8453635618E-02
O14       3.3924191427E+00 -1.4023556736E-05  3.7713765096E+01 -3.7782073757E+01  1.2484778203E-01
H15       8.1712480678E-01  6.9171299553E-06  1.6832263464E-01 -1.6862750724E-01  6.8624834025E-02
H16       8.1864749869E-01  5.8719606541E-06  1.6647308242E-01 -1.6677460504E-01  6.7476043100E-02
O17       3.4007208649E+00 -2.0359599911E-05  3.7693035656E+01 -3.7761306771E+01  1.2465178087E-01
H18       8.1590921255E-01  5.9083913011E-06  1.6920352008E-01 -1.6950998818E-01  6.9199763627E-02
H19       8.1913197040E-01  3.7008739854E-07  1.6624471613E-01 -1.6654582513E-01  6.7289295985E-02
--------------------------------------------------------------------------------------------------
Total     4.5999961626E+01 -4.3523497325E-05  9.7153031429E+02 -9.7328998837E+02
 
Molecular charge q(Mol) from the wfx file:   4.6000000000E+01
Molecular energy E(Mol) from the wfx file:  -1.9660619295E+03
Molecular virial ratio (-V(Mol)/T(Mol)) from the wfx file:   2.0018112395E+00
Full molecular virial ratio ((-V(Mol)+W(Mol))/T(Mol)) from the wfx file:   2.0014748055E+00
Note.  K_Scaled(A) = (1+V(Mol)/T(Mol))*K(A) = (E(Mol)/T(Mol))*K(A)
       Only use K_Scaled(A) data with caution.
 
N_AIMInt(SumA)     =         42.000038
N_Analytic(Mol)    =         42.000000
 
G_AIMInt(SumA)     =        971.530358
G_Analytic(Mol)    =        971.530318
 
K_AIMInt(SumA)     =        971.530314
K_Analytic(Mol)    =        971.530318
 
L_AIMInt(SumA)     =         -0.000044
L_Analytic(Mol)    =          0.000000
 
VenT_AIMInt(SumA)  =      -2777.096752
VenT_Analytic(Mol) =      -2777.096121
 
Some Information About the Atomic Calculations:
----------------------------------------------
  Time(sec) = "Elapsed User Time", in Seconds, for Atom A by AIMInt and, if used, by TWOe
  NProc = Number of Processors Used for AIMInt Job
  BIM = Basin Integration Method
  OAQ = Angular Quadrature Outside of Beta Sphere
  ORQ = Multiple of Default for Radial Quadrature Outside of Beta Sphere
  IAQ = Multiple of Default for Angular Quadrature Inside of Beta Sphere
  IRQ = Multiple of Default for Radial Quadrature Inside of Beta Sphere
  MIR = Maximum Integration Radius
------------------------------------------------------------------------------------------------------
Atom A     Time(sec)   NProc      BIM              OAQ                 ORQ      IAQ      IRQ      MIR
------------------------------------------------------------------------------------------------------
Ni1           932        8     Proaim(5)    4334      (Very High)      Auto     Auto     Auto    13.00
O2            867        8     Proaim(5)    4334      (Very High)      Auto     Auto     Auto    13.00
H3            191        8     Proaim(5)    2030      (Very High)      Auto     Auto     Auto    13.00
H4            168        8     Proaim(5)    2030      (Very High)      Auto     Auto     Auto    13.00
O5            629        8     Proaim(5)    4334      (Very High)      Auto     Auto     Auto    13.00
H6            292        8     Proaim(5)    2030      (Very High)      Auto     Auto     Auto    13.00
H7            475        8     Proaim(5)    4334      (Very High)      Auto     Auto     Auto    13.00
O8            915        8     Proaim(5)    4334      (Very High)      Auto     Auto     Auto    13.00
H9            193        8     Proaim(5)    2030      (Very High)      Auto     Auto     Auto    13.00
H10           471        8     Proaim(5)    4334      (Very High)      Auto     Auto     Auto    13.00
O11           914        8     Proaim(5)    4334      (Very High)      Auto     Auto     Auto    13.00
H12           227        8     Proaim(5)    2030      (Very High)      Auto     Auto     Auto    13.00
H13           188        8     Proaim(5)    2030      (Very High)      Auto     Auto     Auto    13.00
O14           675        8     Proaim(5)    4334      (Very High)      Auto     Auto     Auto    13.00
H15           162        8     Proaim(5)    2030      (Very High)      Auto     Auto     Auto    13.00
H16           406        8     Proaim(5)    4334      (Very High)      Auto     Auto     Auto    13.00
O17           710        8     Proaim(5)    4334      (Very High)      Auto     Auto     Auto    13.00
H18           165        8     Proaim(5)    2030      (Very High)      Auto     Auto     Auto    13.00
H19           538        8     Proaim(5)    4334      (Very High)      Auto     Auto     Auto    13.00
------------------------------------------------------------------------------------------------------
Total        9118
Note:  Total wall clock time is less than total of atomic times if more than one atom
       was calculated at a time
Note:  Total time does not include times for diatomic interaction energy calculations (4102 seconds)
 
Electron Density Critical Point Analysis of Molecular Structure:               
---------------------------------------------------------------                
  NACP = Nuclear Attractor Critical Point                                      
  NNACP = Non-Nuclear Attractor Critical Point                                 
  BCP = Bond Critical Point                                                    
  RCP = Ring Critical Point                                                    
  CCP = Cage Critical Point                                                    
  Rho = Electron Density                                                       
  GradRho = Gradient of Electron Density                                       
  HessRho_EigVals = Eigenvalues of the Hessian of Rho, Ascending Order         
  HessRho_EigVecs = Eigenvectors of the Hessian of Rho                         
  DelSqRho = Laplacian of Rho = Trace of Hessian of Rho                        
  Bond Ellipticity = (HessRho_EigVal(1) / HessRho_EigVal(2)) - 1               
  V = Virial Field = Potential Energy Density = Trace of Stress Tensor         
  G = Lagrangian Form of Kinetic Energy Density                                
  K = Hamiltonian Form of Kinetic Energy Density                               
  L = K - G = Lagrangian Density = (-1/4)DelSqRho                              
  Vnuc = Electrostatic Potential from Nuclei                                   
  Ven = Electron-nuclear attractive contribution to Virial Field V             
  Vrep = V - Ven = Repulsive contribution to Virial Field V                    
  DelSqV = Laplacian of V                                                      
  DelSqVen = Laplacian of Ven                                                  
  DelSqVrep = Laplacian of Vrep                                                
  DelSqG = Laplacian of G                                                      
  DelSqK = Laplacian of K                                                      
  Stress_EigVals = Eigenvalues of Stress Tensor, Ascending Order               
  Stress_EigVecs = Eigenvectors of Stress Tensor                               
  -DivStress = Ehrenfest Force Density = Minus Divergence of Stress Tensor     
  ESP = Total Electrostatic Potential                                          
  ESPe = Electrostatic Potential from Electrons                                
  ESPn = Electrostatic Potential from Nuclei                                   
  BP = Bond Path                                                               
  BPL = Bond Path Length                                                       
  GBL = Geometric Bond Length                                                  
  GBL_I = Distance Between Nuclear Attractors                                  
  GBL_II = Distance Between Nuclei                                             
  GBL_III = Sum of Distances Between BCP and Nuclear Attractors                
  GBL_IV = Sum of Distances Between BCP and Nuclei                             

CP# 1      Coords =  3.02033164358922E-07 -2.60080108305469E-07  1.77914357900609E-07
           Type = (3,-3) NACP Ni1
           Rho =  7.2859857179E+03     Rho at Nucleus =  7.2859857179E+03
           GradRho = -2.0707926387E-15 -4.7220616148E-15 -5.5825025113E-15
           HessRho_EigVals = -4.2229113586E+08 -4.2229109500E+08 -4.2229104247E+08
           HessRho_EigVec1 =  4.5032620483E-01  5.7425827976E-01 -6.8369125881E-01
           HessRho_EigVec2 =  7.5677749915E-01 -6.5183103413E-01 -4.9031823685E-02
           HessRho_EigVec3 =  4.7380811098E-01  4.9532184595E-01  7.2812234061E-01
           DelSqRho = -1.2668732733E+09
           Bond Ellipticity = NA
           V = -3.1698782882E+08
           G =  1.3475524555E+05
           K =  3.1685307358E+08
           L =  3.1671831833E+08
           Vnuc =  2.8000000096E+09
           Ven = -2.0400760081E+13
           Vrep =  2.0400443093E+13
           DelSqV =  6.5859582211E+14
           DelSqVen =  6.1202280031E+29
           DelSqVrep = -6.1202280031E+29
           DelSqG =  1.8385277973E+13
           DelSqK = -6.7698110008E+14
           Stress_EigVals = -1.0566261429E+08 -1.0566260907E+08 -1.0566260546E+08
           Stress_EigVec1 =  1.5415788860E-01  8.3478414296E-01  5.2855537085E-01
           Stress_EigVec2 =  6.8500186609E-01 -4.7581457359E-01  5.5170004079E-01
           Stress_EigVec3 =  7.1204479412E-01  2.7701250193E-01 -6.4517926574E-01
           -DivStress = -1.0955124187E-02  5.4705171132E-01 -2.2118549793E-01
           ESP =  -5.7783847169E+01     ESP at Nucleus =  -5.7783847169E+01
           ESPe = -6.7428376369E+01     ESPe at Nucleus = -6.7428376369E+01
           ESPn =  9.6445292001E+00     ESPn at Nucleus =  9.6445292001E+00

CP# 2      Coords = -5.62458277332285E+00 -2.32005591181988E-01 -2.20862283661278E+00
           Type = (3,-3) NACP O2
           Rho =  1.4783542478E+02     Rho at Nucleus =  1.4783540936E+02
           GradRho =  1.5043982509E-10 -1.7611393030E-12  8.7725095851E-11
           HessRho_EigVals = -4.1120468186E+05 -4.1119762884E+05 -4.1118841257E+05
           HessRho_EigVec1 =  8.3902106493E-02  9.6391392273E-01 -2.5264676150E-01
           HessRho_EigVec2 =  9.9206501855E-01 -1.0462566531E-01 -6.9717064768E-02
           HessRho_EigVec3 =  9.3634584892E-02  2.4479260554E-01  9.6504359735E-01
           DelSqRho = -1.2335907233E+06
           Bond Ellipticity = NA
           V = -3.0846643901E+05
           G =  3.4379094059E+01
           K =  3.0843205991E+05
           L =  3.0839768082E+05
           Vnuc =  9.2376416229E+05
           Ven = -1.3656506733E+08
           Vrep =  1.3625660089E+08
           DelSqV =  1.9620177064E+10
           DelSqVen =  1.1395469005E+12
           DelSqVrep = -1.1199267235E+12
           DelSqG =  8.5798481086E+08
           DelSqK = -2.0478161875E+10
           Stress_EigVals = -1.0282414612E+05 -1.0282183234E+05 -1.0282046054E+05
           Stress_EigVec1 =  1.1403827040E-01  2.4273952919E-01  9.6336534807E-01
           Stress_EigVec2 =  9.8985856117E-01 -1.1044105650E-01 -8.9346527123E-02
           Stress_EigVec3 =  8.4707152909E-02  9.6378436074E-01 -2.5287230817E-01
           -DivStress =  5.0221184966E+04 -9.6970496685E+03 -2.1057298633E+04
           ESP =  -5.0737909853E+00     ESP at Nucleus =  -5.0737879744E+00
           ESPe = -1.6641207262E+01     ESPe at Nucleus = -1.6641210248E+01
           ESPn =  1.1567416277E+01     ESPn at Nucleus =  1.1567422273E+01

CP# 3      Coords = -6.77456975229336E+00 -1.43796182934963E+00 -1.60768783064027E+00
           Type = (3,-3) NACP H3
           Rho =  2.0478799261E-01     Rho at Nucleus =  2.0006273549E-01
           GradRho =  1.0650644905E-12  1.1509005093E-12 -5.5282141432E-13
           HessRho_EigVals = -4.0292638138E+00 -4.0191314719E+00 -3.1682030993E+00
           HessRho_EigVec1 =  7.3987512517E-01 -6.7215033675E-01  2.8261704872E-02
           HessRho_EigVec2 =  2.0462241450E-01  2.6486153510E-01  9.4232586440E-01
           HessRho_EigVec3 =  6.4087008562E-01  6.9142048858E-01 -3.3350148624E-01
           DelSqRho = -1.1216598385E+01
           Bond Ellipticity = NA
           V = -2.8345896348E+00
           G =  1.5220019271E-02
           K =  2.8193696155E+00
           L =  2.8041495962E+00
           Vnuc =  3.3440731109E+01
           Ven = -6.8482601951E+00
           Vrep =  4.0136705603E+00
           DelSqV =  6.8314322144E+02
           DelSqVen =  3.7509125055E+02
           DelSqVrep =  3.0805197088E+02
           DelSqG =  5.2327463696E+01
           DelSqK = -7.3547068513E+02
           Stress_EigVals = -1.0201723055E+00 -1.0177462557E+00 -7.9667107353E-01
           Stress_EigVec1 =  2.0329015938E-01  2.6424180037E-01  9.4278808968E-01
           Stress_EigVec2 =  7.4310550366E-01 -6.6862261837E-01  2.7166240696E-02
           Stress_EigVec3 =  6.3754789744E-01  6.9506838882E-01 -3.3228393480E-01
           -DivStress = -7.7291648623E+00 -8.4024770069E+00  4.0146789243E+00
           ESP =   6.8358077488E+00     ESP at Nucleus =   6.7489779825E+00
           ESPe = -7.2527075666E+00     ESPe at Nucleus = -7.1709232115E+00
           ESPn =  1.4088515315E+01     ESPn at Nucleus =  1.3919901194E+01

CP# 4      Coords = -6.54688530617795E+00  1.27678362404014E+00 -2.31774810812202E+00
           Type = (3,-3) NACP H4
           Rho =  2.0458225163E-01     Rho at Nucleus =  1.9985012659E-01
           GradRho =  2.1629199760E-14 -3.5227407403E-14  2.5512564609E-15
           HessRho_EigVals = -4.0245546219E+00 -4.0144549312E+00 -3.1626649260E+00
           HessRho_EigVec1 =  8.3652000660E-01  4.7599919452E-01 -2.7140199957E-01
           HessRho_EigVec2 =  1.9859271700E-01  1.9825739023E-01  9.5982026441E-01
           HessRho_EigVec3 = -5.1068112488E-01  8.5680731442E-01 -7.1316300055E-02
           DelSqRho = -1.1201674479E+01
           Bond Ellipticity = NA
           V = -2.8307739531E+00
           G =  1.5177666629E-02
           K =  2.8155962864E+00
           L =  2.8004186198E+00
           Vnuc =  3.3398139335E+01
           Ven = -6.8326665455E+00
           Vrep =  4.0018925924E+00
           DelSqV =  6.8203646621E+02
           DelSqVen =  3.7411508504E+02
           DelSqVrep =  3.0792138117E+02
           DelSqG =  5.2242765583E+01
           DelSqK = -7.3427923180E+02
           Stress_EigVals = -1.0189681786E+00 -1.0165325966E+00 -7.9527317785E-01
           Stress_EigVec1 =  1.9660225048E-01  1.9878630710E-01  9.6012059618E-01
           Stress_EigVec2 =  8.3930751529E-01  4.7209591981E-01 -2.6960774706E-01
           Stress_EigVec3 = -5.0686334438E-01  8.5884192178E-01 -7.4027721207E-02
           -DivStress = -6.1485292453E+00  1.0386159971E+01 -8.9761086404E-01
           ESP =   6.8290325457E+00     ESP at Nucleus =   6.7424326112E+00
           ESPe = -7.2444857523E+00     ESPe at Nucleus = -7.1629096644E+00
           ESPn =  1.4073518298E+01     ESPn at Nucleus =  1.3905342276E+01

CP# 5      Coords =  1.44887007747522E+00  2.00747451407858E+00  5.51711784232186E+00
           Type = (3,-3) NACP O5
           Rho =  1.4784916718E+02     Rho at Nucleus =  1.4784915147E+02
           GradRho =  2.6573718052E-11 -2.8317674594E-11 -7.4252413246E-11
           HessRho_EigVals = -4.1124324763E+05 -4.1123595101E+05 -4.1122779167E+05
           HessRho_EigVec1 =  8.5084471520E-01 -1.8716282248E-02 -5.2508377560E-01
           HessRho_EigVec2 =  5.0914141719E-01 -2.1744380236E-01  8.3276239716E-01
           HessRho_EigVec3 =  1.2976242880E-01  9.7589338229E-01  1.7548167562E-01
           DelSqRho = -1.2337069903E+06
           Bond Ellipticity = NA
           V = -3.0849544826E+05
           G =  3.4350342043E+01
           K =  3.0846109792E+05
           L =  3.0842674758E+05
           Vnuc =  9.1527700188E+05
           Ven = -1.3532294247E+08
           Vrep =  1.3501444702E+08
           DelSqV =  1.9622015832E+10
           DelSqVen =  1.1291836339E+12
           DelSqVrep = -1.1095616182E+12
           DelSqG =  8.5806662877E+08
           DelSqK = -2.0480082461E+10
           Stress_EigVals = -1.0283365894E+05 -1.0283160553E+05 -1.0283018379E+05
           Stress_EigVec1 =  1.4209030957E-01  9.7019100402E-01  1.9631545951E-01
           Stress_EigVec2 =  5.0971162132E-01 -2.4172623361E-01  8.2568910074E-01
           Stress_EigVec3 =  8.4853073428E-01 -1.7258148774E-02 -5.2886458502E-01
           -DivStress = -2.2565161457E+04  3.0583450941E+04 -4.0897827740E+04
           ESP =  -4.9110181797E+00     ESP at Nucleus =  -4.9110159744E+00
           ESPe = -1.6814889932E+01     ESPe at Nucleus = -1.6814892169E+01
           ESPn =  1.1903871753E+01     ESPn at Nucleus =  1.1903876194E+01

CP# 6      Coords =  7.02099488744381E-01  1.61843219940974E+00  7.07464130651035E+00
           Type = (3,-3) NACP H6
           Rho =  2.0483672074E-01     Rho at Nucleus =  2.0009242629E-01
           GradRho =  6.4542826379E-14  3.0575856517E-14 -1.3125346079E-13
           HessRho_EigVals = -4.0332488321E+00 -4.0235967376E+00 -3.1686241834E+00
           HessRho_EigVec1 = -8.8761110784E-01  2.6571089774E-01 -3.7622365697E-01
           HessRho_EigVec2 =  1.5432001141E-01  9.4117338277E-01  3.0062933598E-01
           HessRho_EigVec3 = -4.3397218266E-01 -2.0878309893E-01  8.7640045772E-01
           DelSqRho = -1.1225469753E+01
           Bond Ellipticity = NA
           V = -2.8366818835E+00
           G =  1.5157222618E-02
           K =  2.8215246609E+00
           L =  2.8063674383E+00
           Vnuc =  3.3352995241E+01
           Ven = -6.8319181720E+00
           Vrep =  3.9952362885E+00
           DelSqV =  6.8352695838E+02
           DelSqVen =  3.7440303925E+02
           DelSqVrep =  3.0912391912E+02
           DelSqG =  5.2399179790E+01
           DelSqK = -7.3592613817E+02
           Stress_EigVals = -1.0211134040E+00 -1.0188016886E+00 -7.9676679088E-01
           Stress_EigVec1 =  1.5515475549E-01  9.4147332736E-01  2.9925737372E-01
           Stress_EigVec2 =  8.8530200565E-01 -2.6693063134E-01  3.8077341929E-01
           Stress_EigVec3 = -4.3836897773E-01 -2.0585434639E-01  8.7490378182E-01
           -DivStress = -5.3085697620E+00 -2.4908560975E+00  1.0622108386E+01
           ESP =   6.7998747536E+00     ESP at Nucleus =   6.7090834810E+00
           ESPe = -7.2342032067E+00     ESPe at Nucleus = -7.1485774816E+00
           ESPn =  1.4034077960E+01     ESPn at Nucleus =  1.3857660963E+01

CP# 7      Coords =  3.15699419338172E+00  1.54894340226505E+00  5.64008941345547E+00
           Type = (3,-3) NACP H7
           Rho =  2.0325356740E-01     Rho at Nucleus =  1.9848066081E-01
           GradRho = -3.4383858514E-11  8.8771463189E-12 -1.6762373079E-12
           HessRho_EigVals = -3.9864459361E+00 -3.9766754946E+00 -3.1193494566E+00
           HessRho_EigVec1 = -1.1324973111E-01 -2.4409690951E-01  9.6311536026E-01
           HessRho_EigVec2 =  2.2912952652E-01  9.3680692580E-01  2.6437179093E-01
           HessRho_EigVec3 =  9.6678547697E-01 -2.5061820072E-01  5.0163323149E-02
           DelSqRho = -1.1082470887E+01
           Bond Ellipticity = NA
           V = -2.8012309655E+00
           G =  1.5306621823E-02
           K =  2.7859243437E+00
           L =  2.7706177218E+00
           Vnuc =  3.4398439386E+01
           Ven = -6.9916055180E+00
           Vrep =  4.1903745525E+00
           DelSqV =  6.7337572872E+02
           DelSqVen =  3.8121970309E+02
           DelSqVrep =  2.9215602564E+02
           DelSqG =  5.1500624626E+01
           DelSqK = -7.2487635335E+02
           Stress_EigVals = -1.0092982175E+00 -1.0070222632E+00 -7.8491048477E-01
           Stress_EigVec1 =  2.2676435127E-01  9.3519786574E-01  2.7199794285E-01
           Stress_EigVec2 = -1.1052214078E-01 -2.5276016707E-01  9.6119568993E-01
           Stress_EigVec3 =  9.6765840326E-01 -2.4802671200E-01  4.6043074858E-02
           -DivStress =  1.1699988728E+01 -3.0030823650E+00  5.3529913713E-01
           ESP =   7.4276977390E+00     ESP at Nucleus =   7.3520917454E+00
           ESPe = -7.8372912616E+00     ESPe at Nucleus = -7.7664287012E+00
           ESPn =  1.5264989001E+01     ESPn at Nucleus =  1.5118520447E+01

CP# 8      Coords = -4.44349956535978E-01  5.75111407053981E+00  1.81521311764804E+00
           Type = (3,-3) NACP O8
           Rho =  1.4785182736E+02     Rho at Nucleus =  1.4785181157E+02
           GradRho =  9.6774255276E-12  1.5628887073E-10 -1.7234241811E-11
           HessRho_EigVals = -4.1124990414E+05 -4.1124307924E+05 -4.1123438008E+05
           HessRho_EigVec1 =  6.6442927719E-02 -5.7403285104E-01  8.1613211142E-01
           HessRho_EigVec2 =  3.9936946769E-01  7.6486297942E-01  5.0545885193E-01
           HessRho_EigVec3 =  9.1437922419E-01 -2.9235408093E-01 -2.8007092981E-01
           DelSqRho = -1.2337273634E+06
           Bond Ellipticity = NA
           V = -3.0850029912E+05
           G =  3.4229127805E+01
           K =  3.0846606999E+05
           L =  3.0843184086E+05
           Vnuc =  9.1313380562E+05
           Ven = -1.3500850178E+08
           Vrep =  1.3470000148E+08
           DelSqV =  1.9622327968E+10
           DelSqVen =  1.1265581617E+12
           DelSqVrep = -1.1069358337E+12
           DelSqG =  8.5807889871E+08
           DelSqK = -2.0480406867E+10
           Stress_EigVals = -1.0283530005E+05 -1.0283315990E+05 -1.0283183917E+05
           Stress_EigVec1 =  9.0172199842E-01 -3.1604146126E-01 -2.9498344418E-01
           Stress_EigVec2 =  4.2779607613E-01  7.5071775165E-01  5.0340180235E-01
           Stress_EigVec3 =  6.2353466772E-02 -5.8012123916E-01  8.1214000828E-01
           -DivStress = -4.4499820738E+04 -3.0471931259E+04 -1.4941808705E+04
           ESP =  -5.1131675332E+00     ESP at Nucleus =  -5.1131666162E+00
           ESPe = -1.6614314872E+01     ESPe at Nucleus = -1.6614315858E+01
           ESPn =  1.1501147339E+01     ESPn at Nucleus =  1.1501149241E+01

CP# 9      Coords =  9.59019545316463E-02  7.23918119724185E+00  1.02631193813769E+00
           Type = (3,-3) NACP H9
           Rho =  2.0542666632E-01     Rho at Nucleus =  2.0067117853E-01
           GradRho = -2.9119501949E-15 -9.3366747710E-15  4.4174191215E-15
           HessRho_EigVals = -4.0451454871E+00 -4.0353201905E+00 -3.1785836447E+00
           HessRho_EigVec1 =  4.7212741551E-01  2.8708281549E-01  8.3347415111E-01
           HessRho_EigVec2 =  8.3249339144E-01 -4.5614996261E-01 -3.1445502830E-01
           HessRho_EigVec3 =  2.8991456799E-01  8.4232456254E-01 -4.5435544962E-01
           DelSqRho = -1.1259049322E+01
           Bond Ellipticity = NA
           V = -2.8451447869E+00
           G =  1.5191228189E-02
           K =  2.8299535587E+00
           L =  2.8147623306E+00
           Vnuc =  3.3109951212E+01
           Ven = -6.8016668994E+00
           Vrep =  3.9565221124E+00
           DelSqV =  6.8558104855E+02
           DelSqVen =  3.7278657375E+02
           DelSqVrep =  3.1279447480E+02
           DelSqG =  5.2561414374E+01
           DelSqK = -7.3814246292E+02
           Stress_EigVals = -1.0240983327E+00 -1.0217539142E+00 -7.9929254003E-01
           Stress_EigVec1 =  8.3479964006E-01 -4.5314253311E-01 -3.1268419476E-01
           Stress_EigVec2 =  4.7079112730E-01  2.9311407796E-01  8.3212970849E-01
           Stress_EigVec3 =  2.8542122454E-01  8.4187052567E-01 -4.5802701077E-01
           -DivStress =  3.4655235261E+00  1.0248964569E+01 -5.5584684533E+00
           ESP =   6.6709954584E+00     ESP at Nucleus =   6.5817522023E+00
           ESPe = -7.1134300337E+00     ESPe at Nucleus = -7.0294803813E+00
           ESPn =  1.3784425492E+01     ESPn at Nucleus =  1.3611232584E+01

CP# 10     Coords =  3.32098644646132E-01  5.68522198147493E+00  3.40655272859751E+00
           Type = (3,-3) NACP H10
           Rho =  2.0332406607E-01     Rho at Nucleus =  1.9852323999E-01
           GradRho = -6.4906023264E-13  8.9417351561E-14 -1.3860029118E-12
           HessRho_EigVals = -3.9860567006E+00 -3.9760882325E+00 -3.1149893762E+00
           HessRho_EigVec1 =  3.8746594043E-01  9.1306920483E-01 -1.2718007783E-01
           HessRho_EigVec2 =  8.1808651368E-01 -4.0414851889E-01 -4.0914353327E-01
           HessRho_EigVec3 =  4.2497600067E-01 -5.4484877406E-02  9.0356338847E-01
           DelSqRho = -1.1077134309E+01
           Bond Ellipticity = NA
           V = -2.7998159876E+00
           G =  1.5266205149E-02
           K =  2.7845497825E+00
           L =  2.7692835773E+00
           Vnuc =  3.4207346401E+01
           Ven = -6.9551767597E+00
           Vrep =  4.1553607721E+00
           DelSqV =  6.7256249711E+02
           DelSqVen =  3.7891937045E+02
           DelSqVrep =  2.9364312666E+02
           DelSqG =  5.1439034464E+01
           DelSqK = -7.2400153158E+02
           Stress_EigVals = -1.0091453044E+00 -1.0068266318E+00 -7.8384405135E-01
           Stress_EigVec1 = -8.1745038296E-01  4.0794006814E-01  4.0664452807E-01
           Stress_EigVec2 =  3.9277451778E-01  9.1116808885E-01 -1.2450257849E-01
           Stress_EigVec3 =  4.2131110783E-01 -5.7944927949E-02  9.0506316671E-01
           -DivStress =  5.1026458843E+00 -7.3049693612E-01  1.0971230187E+01
           ESP =   7.3588143708E+00     ESP at Nucleus =   7.2865251858E+00
           ESPe = -7.7765547481E+00     ESPe at Nucleus = -7.7091259504E+00
           ESPn =  1.5135369119E+01     ESPn at Nucleus =  1.4995651136E+01

CP# 11     Coords =  5.62458282689231E+00  2.32004215726526E-01  2.20862468420244E+00
           Type = (3,-3) NACP O11
           Rho =  1.4783542481E+02     Rho at Nucleus =  1.4783540939E+02
           GradRho =  1.4707488135E-10  1.6505574034E-12 -7.1831134140E-11
           HessRho_EigVals = -4.1120468193E+05 -4.1119762892E+05 -4.1118841265E+05
           HessRho_EigVec1 =  8.3902476366E-02  9.6391378359E-01 -2.5264716950E-01
           HessRho_EigVec2 =  9.9206498159E-01 -1.0462606718E-01 -6.9716987673E-02
           HessRho_EigVec3 =  9.3634645097E-02  2.4479298165E-01  9.6504349610E-01
           DelSqRho = -1.2335907235E+06
           Bond Ellipticity = NA
           V = -3.0846643906E+05
           G =  3.4379093950E+01
           K =  3.0843205997E+05
           L =  3.0839768087E+05
           Vnuc =  9.2376411252E+05
           Ven = -1.3656506000E+08
           Vrep =  1.3625659356E+08
           DelSqV =  1.9620177068E+10
           DelSqVen =  1.1395468406E+12
           DelSqVrep = -1.1199266634E+12
           DelSqG =  8.5798481102E+08
           DelSqK = -2.0478161879E+10
           Stress_EigVals = -1.0282414614E+05 -1.0282183236E+05 -1.0282046056E+05
           Stress_EigVec1 =  1.1403834466E-01  2.4273989538E-01  9.6336524701E-01
           Stress_EigVec2 =  9.8985852124E-01 -1.1044146649E-01 -8.9346462787E-02
           Stress_EigVec3 =  8.4707519614E-02  9.6378422153E-01 -2.5287271590E-01
           -DivStress = -5.0221181488E+04  9.6970800839E+03  2.1057300776E+04
           ESP =  -5.0737911550E+00     ESP at Nucleus =  -5.0737881441E+00
           ESPe = -1.6641207087E+01     ESPe at Nucleus = -1.6641210072E+01
           ESPn =  1.1567415932E+01     ESPn at Nucleus =  1.1567421928E+01

CP# 12     Coords =  6.77457026203477E+00  1.43795975195211E+00  1.60768914061504E+00
           Type = (3,-3) NACP H12
           Rho =  2.0478799246E-01     Rho at Nucleus =  2.0006273534E-01
           GradRho = -1.0643886268E-12 -1.1514220238E-12  5.5278037430E-13
           HessRho_EigVals = -4.0292638094E+00 -4.0191314682E+00 -3.1682030936E+00
           HessRho_EigVec1 =  7.3987486633E-01 -6.7215061025E-01  2.8261976568E-02
           HessRho_EigVec2 =  2.0462253460E-01  2.6486185674E-01  9.4232574791E-01
           HessRho_EigVec3 =  6.4087034610E-01  6.9142009949E-01 -3.3350179235E-01
           DelSqRho = -1.1216598371E+01
           Bond Ellipticity = NA
           V = -2.8345896311E+00
           G =  1.5220019124E-02
           K =  2.8193696119E+00
           L =  2.8041495928E+00
           Vnuc =  3.3440730949E+01
           Ven = -6.8482601575E+00
           Vrep =  4.0136705264E+00
           DelSqV =  6.8314322033E+02
           DelSqVen =  3.7509124830E+02
           DelSqVrep =  3.0805197203E+02
           DelSqG =  5.2327463605E+01
           DelSqK = -7.3547068394E+02
           Stress_EigVals = -1.0201723043E+00 -1.0177462547E+00 -7.9667107211E-01
           Stress_EigVec1 =  2.0329026915E-01  2.6424213051E-01  9.4278797348E-01
           Stress_EigVec2 =  7.4310524891E-01 -6.6862289004E-01  2.7166522732E-02
           Stress_EigVec3 =  6.3754815937E-01  6.9506800198E-01 -3.3228424144E-01
           -DivStress =  7.7291680367E+00  8.4024723238E+00 -4.0146826263E+00
           ESP =   6.8358076898E+00     ESP at Nucleus =   6.7489779256E+00
           ESPe = -7.2527074971E+00     ESPe at Nucleus = -7.1709231441E+00
           ESPn =  1.4088515187E+01     ESPn at Nucleus =  1.3919901070E+01

CP# 13     Coords =  6.54688475526754E+00 -1.27678532185944E+00  2.31775056631079E+00
           Type = (3,-3) NACP H13
           Rho =  2.0458225271E-01     Rho at Nucleus =  1.9985012763E-01
           GradRho = -2.1976351132E-14  3.5148177847E-14 -3.7317688206E-15
           HessRho_EigVals = -4.0245546417E+00 -4.0144549517E+00 -3.1626649395E+00
           HessRho_EigVec1 =  8.3652019424E-01  4.7599874505E-01 -2.7140220954E-01
           HessRho_EigVec2 =  1.9859281000E-01  1.9825771042E-01  9.5982017903E-01
           HessRho_EigVec3 = -5.1068078136E-01  8.5680749003E-01 -7.1316650092E-02
           DelSqRho = -1.1201674533E+01
           Bond Ellipticity = NA
           V = -2.8307739665E+00
           G =  1.5177666632E-02
           K =  2.8155962999E+00
           L =  2.8004186332E+00
           Vnuc =  3.3398139108E+01
           Ven = -6.8326665349E+00
           Vrep =  4.0018925684E+00
           DelSqV =  6.8203646917E+02
           DelSqVen =  3.7411508429E+02
           DelSqVrep =  3.0792138488E+02
           DelSqG =  5.2242765812E+01
           DelSqK = -7.3427923498E+02
           Stress_EigVals = -1.0189681835E+00 -1.0165326017E+00 -7.9527318126E-01
           Stress_EigVec1 =  1.9660233417E-01  1.9878662406E-01  9.6012051342E-01
           Stress_EigVec2 =  8.3930770364E-01  4.7209547184E-01 -2.6960794514E-01
           Stress_EigVec3 = -5.0686300004E-01  8.5884209466E-01 -7.4028073242E-02
           -DivStress =  6.1485251248E+00 -1.0386162130E+01  8.9761513447E-01
           ESP =   6.8290324529E+00     ESP at Nucleus =   6.7424325194E+00
           ESPe = -7.2444856499E+00     ESPe at Nucleus = -7.1629095631E+00
           ESPn =  1.4073518103E+01     ESPn at Nucleus =  1.3905342082E+01

CP# 14     Coords = -1.44887066513805E+00 -2.00747309657678E+00 -5.51711787857224E+00
           Type = (3,-3) NACP O14
           Rho =  1.4784916718E+02     Rho at Nucleus =  1.4784915147E+02
           GradRho =  3.0543381192E-11  4.3546895256E-11 -5.4615329620E-11
           HessRho_EigVals = -4.1124324762E+05 -4.1123595100E+05 -4.1122779165E+05
           HessRho_EigVec1 =  8.5084450567E-01 -1.8715801950E-02 -5.2508413224E-01
           HessRho_EigVec2 =  5.0914182346E-01 -2.1744400779E-01  8.3276209512E-01
           HessRho_EigVec3 =  1.2976220859E-01  9.7589334573E-01  1.7548204179E-01
           DelSqRho = -1.2337069903E+06
           Bond Ellipticity = NA
           V = -3.0849544825E+05
           G =  3.4350342040E+01
           K =  3.0846109791E+05
           L =  3.0842674757E+05
           Vnuc =  9.1527701405E+05
           Ven = -1.3532294427E+08
           Vrep =  1.3501444882E+08
           DelSqV =  1.9622015832E+10
           DelSqVen =  1.1291836511E+12
           DelSqVrep = -1.1095616352E+12
           DelSqG =  8.5806662875E+08
           DelSqK = -2.0480082460E+10
           Stress_EigVals = -1.0283365894E+05 -1.0283160553E+05 -1.0283018379E+05
           Stress_EigVec1 =  1.4209009932E-01  9.7019096221E-01  1.9631581834E-01
           Stress_EigVec2 =  5.0971203250E-01 -2.4172643583E-01  8.2568878771E-01
           Stress_EigVec3 =  8.4853052249E-01 -1.7257667072E-02 -5.2886494053E-01
           -DivStress =  2.2565185938E+04 -3.0583462437E+04  4.0897804621E+04
           ESP =  -4.9110180871E+00     ESP at Nucleus =  -4.9110158817E+00
           ESPe = -1.6814890029E+01     ESPe at Nucleus = -1.6814892265E+01
           ESPn =  1.1903871942E+01     ESPn at Nucleus =  1.1903876383E+01

CP# 15     Coords = -7.02100791633339E-01 -1.61842988390038E+00 -7.07464146106333E+00
           Type = (3,-3) NACP H15
           Rho =  2.0483672061E-01     Rho at Nucleus =  2.0009242614E-01
           GradRho = -6.4515856850E-14 -3.0841025263E-14  1.3061303612E-13
           HessRho_EigVals = -4.0332488335E+00 -4.0235967390E+00 -3.1686241820E+00
           HessRho_EigVec1 = -8.8761132809E-01  2.6571081443E-01 -3.7622319617E-01
           HessRho_EigVec2 =  1.5431986328E-01  9.4117329340E-01  3.0062969178E-01
           HessRho_EigVec3 = -4.3397178484E-01 -2.0878360779E-01  8.7640053348E-01
           DelSqRho = -1.1225469754E+01
           Bond Ellipticity = NA
           V = -2.8366818837E+00
           G =  1.5157222524E-02
           K =  2.8215246611E+00
           L =  2.8063674386E+00
           Vnuc =  3.3352995269E+01
           Ven = -6.8319181734E+00
           Vrep =  3.9952362897E+00
           DelSqV =  6.8352695827E+02
           DelSqVen =  3.7440303962E+02
           DelSqVrep =  3.0912391865E+02
           DelSqG =  5.2399179837E+01
           DelSqK = -7.3592613811E+02
           Stress_EigVals = -1.0211134043E+00 -1.0188016889E+00 -7.9676679047E-01
           Stress_EigVec1 =  1.5515460495E-01  9.4147323935E-01  2.9925772864E-01
           Stress_EigVec2 =  8.8530222819E-01 -2.6693054887E-01  3.8077295971E-01
           Stress_EigVec3 = -4.3836858160E-01 -2.0585485583E-01  8.7490386043E-01
           -DivStress =  5.3085649729E+00  2.4908622837E+00 -1.0622109359E+01
           ESP =   6.7998747841E+00     ESP at Nucleus =   6.7090835101E+00
           ESPe = -7.2342032435E+00     ESPe at Nucleus = -7.1485775172E+00
           ESPn =  1.4034078028E+01     ESPn at Nucleus =  1.3857661027E+01

CP# 16     Coords = -3.15699496561578E+00 -1.54894241518037E+00 -5.64008854188275E+00
           Type = (3,-3) NACP H16
           Rho =  2.0325356590E-01     Rho at Nucleus =  1.9848065935E-01
           GradRho =  3.4385958060E-11 -8.8766852891E-12  1.6757659442E-12
           HessRho_EigVals = -3.9864458992E+00 -3.9766754578E+00 -3.1193494258E+00
           HessRho_EigVec1 = -1.1324926056E-01 -2.4409737167E-01  9.6311529846E-01
           HessRho_EigVec2 =  2.2912936978E-01  9.3680687306E-01  2.6437211368E-01
           HessRho_EigVec3 =  9.6678556924E-01 -2.5061794775E-01  5.0162808723E-02
           DelSqRho = -1.1082470783E+01
           Bond Ellipticity = NA
           V = -2.8012309397E+00
           G =  1.5306622019E-02
           K =  2.7859243177E+00
