AIMSum (Version 16.05.18, Professional)
Copyright (c) 1997-2016 by Todd A. Keith
AIMSum is a component of the AIMAll package ( http://aim.tkgristmill.com )

TP:  64-bit Linux

Licensed To:  Research Group of Fernando Cortes Guzman, UNAM, fercor@unam.mx

Much of the Quantum Theory of Atoms in Molecules (QTAIM) is described in the book:
  "Atoms in Molecules - A Quantum Theory"
  R.F.W. Bader, Oxford University Press, Oxford, 1990

For additional references see:  http://aim.tkgristmill.com/references.html

Wfx File:  /home/lillian/David/max_int/acercamiento/Ni23_28_beta.wfx
Sum File:  /home/lillian/David/max_int/acercamiento/Ni23_28_beta.sum

SumViz File:  /home/lillian/David/max_int/acercamiento/Ni23_28_beta.sumviz

Wfx Title:   Ni23_28                                                                       
 
Total memory allocated for AIMSum =        1.194 Megabytes

Atomic units (a.u.) used throughout, except where stated otherwise

Model:  Unknown
 
Unrestricted, natural orbital wavefunction.
  Number of electrons (from MO Occs)                   =          42.0000000000
  Number of Alpha electrons (from MO Occs)             =           0.0000000000
  Number of Beta electrons (from MO Occs)              =          42.0000000000
  Number of electron pairs (N*(N-1)/2)                 =         861.0000000000
  Number of electron pairs (from Muller 2EDM)          =         861.0000000000
  Number of electron pairs (from Muller 2EDM, no SOSI) =         861.0000000000
 
Nuclear Charges and Cartesian Coordinates:
-------------------------------------------------------------------------------
Atom      Charge                X                  Y                  Z
-------------------------------------------------------------------------------
Ni1       28.0           0.0000000000E+00   0.0000000000E+00   0.0000000000E+00
O2         8.0          -5.1624086180E+00   5.2084815962E-01  -1.0370163035E+00
H3         1.0          -6.4313414763E+00  -6.9237878613E-01  -5.4882856397E-01
H4         1.0          -5.8170216961E+00   2.1652844503E+00  -6.0100592167E-01
O5         8.0           6.2471026062E-01   1.0175221096E+00   5.1547584211E+00
H6         1.0          -5.4854724348E-01   5.2330810029E-01   6.4584304549E+00
H7         1.0           2.2889790966E+00   5.7204210746E-01   5.7503556850E+00
O8         8.0          -9.9672000120E-01   5.1579439612E+00   6.3191116689E-01
H9         1.0          -5.1040275970E-01   6.4602835931E+00  -5.4590471636E-01
H10        1.0          -5.4311213786E-01   5.7557520250E+00   2.2930699071E+00
O11        8.0           5.1624086180E+00  -5.2084815962E-01   1.0370163035E+00
H12        1.0           6.4313414763E+00   6.9237878613E-01   5.4882856397E-01
H13        1.0           5.8170216961E+00  -2.1652844503E+00   6.0100592167E-01
O14        8.0          -6.2471026062E-01  -1.0175221096E+00  -5.1547584211E+00
H15        1.0           5.4854724348E-01  -5.2330810029E-01  -6.4584304549E+00
H16        1.0          -2.2889790966E+00  -5.7204210746E-01  -5.7503556850E+00
O17        8.0           9.9672000120E-01  -5.1579439612E+00  -6.3191116689E-01
H18        1.0           5.1040275970E-01  -6.4602835931E+00   5.4590471636E-01
H19        1.0           5.4311213786E-01  -5.7557520250E+00  -2.2930699071E+00
 
Some Atomic Properties:
----------------------
  q(A) = Net Charge of Atom A
  L(A) = Lagrangian of Atom A = -(1/4) Times Atomic Integral of the Laplacian of the Electron Density
  K(A) = Electronic Kinetic Energy of Atom A (Hamiltonian Form)
  K_Scaled(A) = K(A) * E(Mol)/K(Mol) = Approximation to Virial-Based Total Energy of Atom A.
  |Mu_Intra(A)| = Magnitude of Intraatomic Dipole Moment of Atom A
--------------------------------------------------------------------------------------------------
Atom A          q(A)              L(A)              K(A)          K_Scaled(A)      |Mu_Intra(A)|
--------------------------------------------------------------------------------------------------
Ni1       1.5798852083E+01 -1.0105642999E-04  7.4324386529E+02 -7.4466351633E+02  1.0216246591E-05
O2        3.3922415078E+00  9.6527777640E-06  3.7692391580E+01 -3.7764386850E+01  1.1538550123E-01
H3        8.2040767658E-01  5.4915312114E-06  1.6635668573E-01 -1.6667443937E-01  6.7126940408E-02
H4        8.2084405437E-01  1.3807716427E-05  1.6583484408E-01 -1.6615160096E-01  6.7158222028E-02
O5        3.3922807038E+00  8.8834106755E-06  3.7692565336E+01 -3.7764560938E+01  1.1596582904E-01
H6        8.2044488309E-01  6.4258121782E-06  1.6632618914E-01 -1.6664388453E-01  6.7131664972E-02
H7        8.2077978792E-01  1.3431978534E-05  1.6583240899E-01 -1.6614916122E-01  6.7196051373E-02
O8        3.3923274071E+00 -2.3767622399E-05  3.7692132268E+01 -3.7764127043E+01  1.1532911066E-01
H9        8.2043006678E-01  6.0991352461E-06  1.6634716388E-01 -1.6666489933E-01  6.7137748765E-02
H10       8.2082716462E-01  1.3656327246E-05  1.6581682705E-01 -1.6613354952E-01  6.7181025538E-02
O11       3.3922394966E+00  8.2765139475E-06  3.7692392313E+01 -3.7764387584E+01  1.1538786161E-01
H12       8.2040797325E-01  5.7218546638E-06  1.6635678275E-01 -1.6667453657E-01  6.7127013957E-02
H13       8.2084122258E-01  1.2083659855E-05  1.6583585468E-01 -1.6615261349E-01  6.7157930833E-02
O14       3.3922790061E+00  9.4437130056E-06  3.7692567629E+01 -3.7764563235E+01  1.1596413970E-01
H15       8.2044539281E-01  6.7610924242E-06  1.6632610429E-01 -1.6664379951E-01  6.7131658163E-02
H16       8.2078153912E-01  1.4192840720E-05  1.6583165215E-01 -1.6614840293E-01  6.7196555789E-02
O17       3.3923298019E+00 -1.9239170811E-05  3.7692134866E+01 -3.7764129646E+01  1.1532214863E-01
H18       8.2042997223E-01  5.9910961893E-06  1.6634712426E-01 -1.6666485963E-01  6.7137862439E-02
H19       8.2082435221E-01  1.2479974427E-05  1.6581824391E-01 -1.6613496909E-01  6.7180571713E-02
--------------------------------------------------------------------------------------------------
Total     4.6000014092E+01  8.3362113146E-06  9.7139107916E+02 -9.7324650834E+02
 
Molecular charge q(Mol) from the wfx file:   4.6000000000E+01
Molecular energy E(Mol) from the wfx file:  -1.9661641812E+03
Molecular virial ratio (-V(Mol)/T(Mol)) from the wfx file:   2.0019100743E+00
Full molecular virial ratio ((-V(Mol)+W(Mol))/T(Mol)) from the wfx file:   2.0014804416E+00
Note.  K_Scaled(A) = (1+V(Mol)/T(Mol))*K(A) = (E(Mol)/T(Mol))*K(A)
       Only use K_Scaled(A) data with caution.
 
N_AIMInt(SumA)     =         41.999986
N_Analytic(Mol)    =         42.000000
 
G_AIMInt(SumA)     =        971.391071
G_Analytic(Mol)    =        971.391071
 
K_AIMInt(SumA)     =        971.391079
K_Analytic(Mol)    =        971.391071
 
L_AIMInt(SumA)     =          0.000008
L_Analytic(Mol)    =          0.000000
 
VenT_AIMInt(SumA)  =      -2824.042638
VenT_Analytic(Mol) =      -2824.042930
 
Some Information About the Atomic Calculations:
----------------------------------------------
  Time(sec) = "Elapsed User Time", in Seconds, for Atom A by AIMInt and, if used, by TWOe
  NProc = Number of Processors Used for AIMInt Job
  BIM = Basin Integration Method
  OAQ = Angular Quadrature Outside of Beta Sphere
  ORQ = Multiple of Default for Radial Quadrature Outside of Beta Sphere
  IAQ = Multiple of Default for Angular Quadrature Inside of Beta Sphere
  IRQ = Multiple of Default for Radial Quadrature Inside of Beta Sphere
  MIR = Maximum Integration Radius
------------------------------------------------------------------------------------------------------
Atom A     Time(sec)   NProc      BIM              OAQ                 ORQ      IAQ      IRQ      MIR
------------------------------------------------------------------------------------------------------
Ni1          2069        8     Proaim(5)    4334      (Very High)      Auto     Auto     Auto    13.00
O2            848        8     Proaim(5)    4334      (Very High)      Auto     Auto     Auto    13.00
H3            160        8     Proaim(5)    2030      (Very High)      Auto     Auto     Auto    13.00
H4            166        8     Proaim(5)    2030      (Very High)      Auto     Auto     Auto    13.00
O5            936        8     Proaim(5)    4334      (Very High)      Auto     Auto     Auto    13.00
H6            201        8     Proaim(5)    2030      (Very High)      Auto     Auto     Auto    13.00
H7            260        8     Proaim(5)    2030      (Very High)      Auto     Auto     Auto    13.00
O8            829        8     Proaim(5)    4334      (Very High)      Auto     Auto     Auto    13.00
H9            219        8     Proaim(5)    2030      (Very High)      Auto     Auto     Auto    13.00
H10           233        8     Proaim(5)    2030      (Very High)      Auto     Auto     Auto    13.00
O11           810        8     Proaim(5)    4334      (Very High)      Auto     Auto     Auto    13.00
H12           290        8     Proaim(5)    2030      (Very High)      Auto     Auto     Auto    13.00
H13           213        8     Proaim(5)    2030      (Very High)      Auto     Auto     Auto    13.00
O14           842        8     Proaim(5)    4334      (Very High)      Auto     Auto     Auto    13.00
H15           412        8     Proaim(5)    2030      (Very High)      Auto     Auto     Auto    13.00
H16           187        8     Proaim(5)    2030      (Very High)      Auto     Auto     Auto    13.00
O17           943        8     Proaim(5)    4334      (Very High)      Auto     Auto     Auto    13.00
H18           177        8     Proaim(5)    2030      (Very High)      Auto     Auto     Auto    13.00
H19           166        8     Proaim(5)    2030      (Very High)      Auto     Auto     Auto    13.00
------------------------------------------------------------------------------------------------------
Total        9961
Note:  Total wall clock time is less than total of atomic times if more than one atom
       was calculated at a time
Note:  Total time does not include times for diatomic interaction energy calculations (3372 seconds)
 
Electron Density Critical Point Analysis of Molecular Structure:               
---------------------------------------------------------------                
  NACP = Nuclear Attractor Critical Point                                      
  NNACP = Non-Nuclear Attractor Critical Point                                 
  BCP = Bond Critical Point                                                    
  RCP = Ring Critical Point                                                    
  CCP = Cage Critical Point                                                    
  Rho = Electron Density                                                       
  GradRho = Gradient of Electron Density                                       
  HessRho_EigVals = Eigenvalues of the Hessian of Rho, Ascending Order         
  HessRho_EigVecs = Eigenvectors of the Hessian of Rho                         
  DelSqRho = Laplacian of Rho = Trace of Hessian of Rho                        
  Bond Ellipticity = (HessRho_EigVal(1) / HessRho_EigVal(2)) - 1               
  V = Virial Field = Potential Energy Density = Trace of Stress Tensor         
  G = Lagrangian Form of Kinetic Energy Density                                
  K = Hamiltonian Form of Kinetic Energy Density                               
  L = K - G = Lagrangian Density = (-1/4)DelSqRho                              
  Vnuc = Electrostatic Potential from Nuclei                                   
  Ven = Electron-nuclear attractive contribution to Virial Field V             
  Vrep = V - Ven = Repulsive contribution to Virial Field V                    
  DelSqV = Laplacian of V                                                      
  DelSqVen = Laplacian of Ven                                                  
  DelSqVrep = Laplacian of Vrep                                                
  DelSqG = Laplacian of G                                                      
  DelSqK = Laplacian of K                                                      
  Stress_EigVals = Eigenvalues of Stress Tensor, Ascending Order               
  Stress_EigVecs = Eigenvectors of Stress Tensor                               
  -DivStress = Ehrenfest Force Density = Minus Divergence of Stress Tensor     
  ESP = Total Electrostatic Potential                                          
  ESPe = Electrostatic Potential from Electrons                                
  ESPn = Electrostatic Potential from Nuclei                                   
  BP = Bond Path                                                               
  BPL = Bond Path Length                                                       
  GBL = Geometric Bond Length                                                  
  GBL_I = Distance Between Nuclear Attractors                                  
  GBL_II = Distance Between Nuclei                                             
  GBL_III = Sum of Distances Between BCP and Nuclear Attractors                
  GBL_IV = Sum of Distances Between BCP and Nuclei                             

CP# 1      Coords =  3.59563250008505E-25 -5.15803010863146E-25 -3.01281418222103E-25
           Type = (3,-3) NACP Ni1
           Rho =  7.2860704211E+03     Rho at Nucleus =  7.2860704211E+03
           GradRho = -7.2862007979E-18  5.3326527036E-18 -9.2613901665E-18
           HessRho_EigVals = -4.2229647724E+08 -4.2229639691E+08 -4.2229639344E+08
           HessRho_EigVec1 = -5.6826952686E-01 -5.7236752789E-01  5.9115578138E-01
           HessRho_EigVec2 =  6.9688735344E-01 -7.1677598321E-01 -2.4087476424E-02
           HessRho_EigVec3 = -4.3751315576E-01 -3.9828080912E-01 -8.0619764055E-01
           DelSqRho = -1.2668892676E+09
           Bond Ellipticity = NA
           V = -3.1699187958E+08
           G =  1.3478133938E+05
           K =  3.1685709824E+08
           L =  3.1672231690E+08
           Vnuc =  2.8000000110E+09
           Ven = -2.0400997259E+13
           Vrep =  2.0400680267E+13
           DelSqV =  6.5860419111E+14
           DelSqVen =  6.1202991538E+29
           DelSqVrep = -6.1202991538E+29
           DelSqG =  1.8385533194E+13
           DelSqK = -6.7698972430E+14
           Stress_EigVals = -1.0566396187E+08 -1.0566396164E+08 -1.0566395607E+08
           Stress_EigVec1 = -2.7031037102E-01 -5.4859340088E-01 -7.9118745176E-01
           Stress_EigVec2 =  7.7077404012E-01 -6.1574332211E-01  1.6360788597E-01
           Stress_EigVec3 =  5.7692259653E-01  5.6560184033E-01 -5.8928335784E-01
           -DivStress = -7.4425873147E-11  1.0692267764E-10  6.2278261241E-11
           ESP =  -5.7155120774E+01     ESP at Nucleus =  -5.7155120774E+01
           ESPe = -6.8113970839E+01     ESPe at Nucleus = -6.8113970839E+01
           ESPn =  1.0958850064E+01     ESPn at Nucleus =  1.0958850064E+01

CP# 2      Coords = -5.16241467121468E+00  5.20849571529815E-01 -1.03701091989604E+00
           Type = (3,-3) NACP O2
           Rho =  1.4780846365E+02     Rho at Nucleus =  1.4780844975E+02
           GradRho = -1.6877757872E-10  7.5182087118E-12  6.7105175583E-12
           HessRho_EigVals = -4.1112940987E+05 -4.1112311678E+05 -4.1111300952E+05
           HessRho_EigVec1 =  2.2292860366E-01  9.7462814662E-01 -2.0070213759E-02
           HessRho_EigVec2 =  9.5285066053E-01 -2.2220274303E-01 -2.0664355716E-01
           HessRho_EigVec3 =  2.0586028368E-01 -2.6942843216E-02  9.7821042052E-01
           DelSqRho = -1.2333655362E+06
           Bond Ellipticity = NA
           V = -3.0841006639E+05
           G =  3.4341176228E+01
           K =  3.0837572522E+05
           L =  3.0834138404E+05
           Vnuc =  9.7288583843E+05
           Ven = -1.4380076108E+08
           Vrep =  1.4349235102E+08
           DelSqV =  1.9616613468E+10
           DelSqVen =  1.1999238652E+12
           DelSqVrep = -1.1803072516E+12
           DelSqG =  8.5782784712E+08
           DelSqK = -2.0474441315E+10
           Stress_EigVals = -1.0280540431E+05 -1.0280294092E+05 -1.0280172117E+05
           Stress_EigVec1 =  2.2882315163E-01 -3.2236632596E-02  9.7293410095E-01
           Stress_EigVec2 =  9.4716948858E-01 -2.2337011332E-01 -2.3016462015E-01
           Stress_EigVec3 =  2.2474413268E-01  9.7420048860E-01 -2.0578698499E-02
           -DivStress =  3.8657735155E+04 -9.0168745053E+03 -3.4377235813E+04
           ESP =  -4.4628314567E+00     ESP at Nucleus =  -4.4628285967E+00
           ESPe = -1.7187182570E+01     ESPe at Nucleus = -1.7187185361E+01
           ESPn =  1.2724351113E+01     ESPn at Nucleus =  1.2724356764E+01

CP# 3      Coords = -6.39531084883402E+00 -6.57118249924703E-01 -5.62035050336293E-01
           Type = (3,-3) NACP H3
           Rho =  2.0405446267E-01     Rho at Nucleus =  1.9927236655E-01
           GradRho =  1.5581506761E-12  1.5219425655E-12 -5.7460614500E-13
           HessRho_EigVals = -4.0152548751E+00 -4.0048534881E+00 -3.1456211457E+00
           HessRho_EigVec1 = -6.3060193168E-01  7.3834354273E-01  2.3914434277E-01
           HessRho_EigVec2 =  3.5060582489E-01 -3.8864932668E-03  9.3651505633E-01
           HessRho_EigVec3 =  6.9239927738E-01  6.7441360313E-01 -2.5641671669E-01
           DelSqRho = -1.1165729509E+01
           Bond Ellipticity = NA
           V = -2.8214690036E+00
           G =  1.5018313165E-02
           K =  2.8064506904E+00
           L =  2.7914323772E+00
           Vnuc =  3.4014843193E+01
           Ven = -6.9408805504E+00
           Vrep =  4.1194115469E+00
           DelSqV =  6.7895726010E+02
           DelSqVen =  3.7980053838E+02
           DelSqVrep =  2.9915672172E+02
           DelSqG =  5.2053710626E+01
           DelSqK = -7.3101097073E+02
           Stress_EigVals = -1.0165045279E+00 -1.0140308793E+00 -7.9093359630E-01
           Stress_EigVec1 =  3.4877379753E-01 -5.3060723753E-03  9.3719191405E-01
           Stress_EigVec2 = -6.3390896762E-01  7.3520453027E-01  2.4007023855E-01
           Stress_EigVec3 =  6.9030157100E-01  6.7782456747E-01 -2.5305650912E-01
           -DivStress = -8.3982426352E+00 -8.2238892927E+00  3.0710633811E+00
           ESP =   7.2246168684E+00     ESP at Nucleus =   7.1318623837E+00
           ESPe = -7.6017147351E+00     ESPe at Nucleus = -7.5145684396E+00
           ESPn =  1.4826331604E+01     ESPn at Nucleus =  1.4646430823E+01

CP# 4      Coords = -5.79887394401881E+00  2.11773330009506E+00 -6.12800637882423E-01
           Type = (3,-3) NACP H4
           Rho =  2.0384026426E-01     Rho at Nucleus =  1.9904503961E-01
           GradRho =  5.5792407505E-13 -1.4515493333E-12 -3.6292807138E-13
           HessRho_EigVals = -4.0076096795E+00 -3.9971201095E+00 -3.1365794626E+00
           HessRho_EigVec1 =  8.7665413696E-01  4.0358117913E-01 -2.6191555130E-01
           HessRho_EigVec2 =  3.3012404474E-01 -1.0856104649E-01  9.3767404479E-01
           HessRho_EigVec3 = -3.4999377029E-01  9.0848045166E-01  2.2840234175E-01
           DelSqRho = -1.1141309252E+01
           Bond Ellipticity = NA
           V = -2.8152813509E+00
           G =  1.4977019018E-02
           K =  2.8003043319E+00
           L =  2.7853273129E+00
           Vnuc =  3.4483367665E+01
           Ven = -7.0290987775E+00
           Vrep =  4.2138174265E+00
           DelSqV =  6.7706939144E+02
           DelSqVen =  3.8418986319E+02
           DelSqVrep =  2.9287952826E+02
           DelSqG =  5.1886507148E+01
           DelSqK = -7.2895589859E+02
           Stress_EigVals = -1.0145555934E+00 -1.0120687937E+00 -7.8865696383E-01
           Stress_EigVec1 =  3.3194401971E-01 -1.0527573570E-01  9.3740609517E-01
           Stress_EigVec2 =  8.7730978400E-01  3.9960690739E-01 -2.6578536917E-01
           Stress_EigVec3 = -3.4661320038E-01  9.1062140269E-01  2.2500655609E-01
           -DivStress = -4.2187813933E+00  1.1062499678E+01  2.7353710652E+00
           ESP =   7.4883267253E+00     ESP at Nucleus =   7.4010595906E+00
           ESPe = -7.8545518332E+00     ESPe at Nucleus = -7.7727301321E+00
           ESPn =  1.5342878559E+01     ESPn at Nucleus =  1.5173789723E+01

CP# 5      Coords =  6.24711855995536E-01  1.01751666780941E+00  5.15476438886415E+00
           Type = (3,-3) NACP O5
           Rho =  1.4780935789E+02     Rho at Nucleus =  1.4780934396E+02
           GradRho = -2.0099630293E-11 -1.7280621378E-13 -9.6707128416E-11
           HessRho_EigVals = -4.1113188964E+05 -4.1112558306E+05 -4.1111551432E+05
           HessRho_EigVec1 =  9.6661397588E-01  1.9109804722E-02 -2.5552345683E-01
           HessRho_EigVec2 =  2.5362462303E-01 -2.1338849233E-01  9.4347225817E-01
           HessRho_EigVec3 =  3.6496194592E-02  9.7678051102E-01  2.1111101599E-01
           DelSqRho = -1.2333729870E+06
           Bond Ellipticity = NA
           V = -3.0841192538E+05
           G =  3.4339312288E+01
           K =  3.0837758607E+05
           L =  3.0834324675E+05
           Vnuc =  9.7178446016E+05
           Ven = -1.4363883707E+08
           Vrep =  1.4333042514E+08
           DelSqV =  1.9616731164E+10
           DelSqVen =  1.1985727040E+12
           DelSqVrep = -1.1789559728E+12
           DelSqG =  8.5783301082E+08
           DelSqK = -2.0474564175E+10
           Stress_EigVals = -1.0280601854E+05 -1.0280356458E+05 -1.0280234226E+05
           Stress_EigVec1 =  4.2615247467E-02  9.7129482656E-01  2.3403055482E-01
           Stress_EigVec2 =  2.5449662621E-01 -2.3706958584E-01  9.3756571968E-01
           Stress_EigVec3 =  9.6613425979E-01  1.9605391470E-02 -2.5729403548E-01
           -DivStress = -1.0188662905E+04  3.4748755018E+04 -3.8111953763E+04
           ESP =  -4.4566999367E+00     ESP at Nucleus =  -4.4566971208E+00
           ESPe = -1.7194058960E+01     ESPe at Nucleus = -1.7194061710E+01
           ESPn =  1.2737359023E+01     ESPn at Nucleus =  1.2737364589E+01

CP# 6      Coords = -5.14422048029261E-01  5.36678592116944E-01  6.42137734700828E+00
           Type = (3,-3) NACP H6
           Rho =  2.0404962396E-01     Rho at Nucleus =  1.9926711340E-01
           GradRho =  3.7205415886E-12  1.4691147604E-12 -4.0501561523E-12
           HessRho_EigVals = -4.0152359269E+00 -4.0048440194E+00 -3.1454847148E+00
           HessRho_EigVec1 =  7.5751120175E-01 -2.4550024616E-01  6.0490198244E-01
           HessRho_EigVec2 =  1.7730317898E-02  9.3399045415E-01  3.5685776912E-01
           HessRho_EigVec3 = -6.5258134746E-01 -2.5959865309E-01  7.1186102875E-01
           DelSqRho = -1.1165564661E+01
           Bond Ellipticity = NA
           V = -2.8214233705E+00
           G =  1.5016102605E-02
           K =  2.8064072679E+00
           L =  2.7913911653E+00
           Vnuc =  3.4002099999E+01
           Ven = -6.9381157187E+00
           Vrep =  4.1166923483E+00
           DelSqV =  6.7894241299E+02
           DelSqVen =  3.7965264616E+02
           DelSqVrep =  2.9928976683E+02
           DelSqG =  5.2053496771E+01
           DelSqK = -7.3099590976E+02
           Stress_EigVals = -1.0164973167E+00 -1.0140264179E+00 -7.9089963588E-01
           Stress_EigVec1 =  1.9007285285E-02  9.3471258893E-01  3.5489589909E-01
           Stress_EigVec2 =  7.5446843166E-01 -2.4632651963E-01  6.0835896588E-01
           Stress_EigVec3 = -6.5606105565E-01 -2.5619449997E-01  7.0989313946E-01
           -DivStress = -7.9592664418E+00 -3.1091607300E+00  8.6366436450E+00
           ESP =   7.2181959434E+00     ESP at Nucleus =   7.1252170045E+00
           ESPe = -7.5964839866E+00     ESPe at Nucleus = -7.5091200298E+00
           ESPn =  1.4814679930E+01     ESPn at Nucleus =  1.4634337034E+01

CP# 7      Coords =  2.24086926345901E+00  5.84106497175433E-01  5.73392826264157E+00
           Type = (3,-3) NACP H7
           Rho =  2.0382752313E-01     Rho at Nucleus =  1.9903234073E-01
           GradRho = -2.2695569111E-12  5.7281707589E-13 -7.8045610339E-13
           HessRho_EigVals = -4.0070822261E+00 -3.9965864186E+00 -3.1360359504E+00
           HessRho_EigVec1 = -3.7430223929E-01 -2.6705360281E-01  8.8802038653E-01
           HessRho_EigVec2 =  1.2269584435E-01  9.3495144048E-01  3.3288366395E-01
           HessRho_EigVec3 =  9.1915372133E-01 -2.3355551197E-01  3.1718805052E-01
           DelSqRho = -1.1139704595E+01
           Bond Ellipticity = NA
           V = -2.8148801217E+00
           G =  1.4976986445E-02
           K =  2.7999031352E+00
           L =  2.7849261488E+00
           Vnuc =  3.4543425502E+01
           Ven = -7.0409008606E+00
           Vrep =  4.2260207390E+00
           DelSqV =  6.7695813203E+02
           DelSqVen =  3.8480355580E+02
           DelSqVrep =  2.9215457623E+02
           DelSqG =  5.1875510399E+01
           DelSqK = -7.2883364243E+02
           Stress_EigVals = -1.0144171684E+00 -1.0119362940E+00 -7.8852665934E-01
           Stress_EigVec1 =  1.1921342158E-01  9.3449310861E-01  3.3542628114E-01
           Stress_EigVec2 = -3.7037803041E-01 -2.7159267069E-01  8.8828910599E-01
           Stress_EigVec3 =  9.2119936751E-01 -2.3013050903E-01  3.1373822545E-01
           -DivStress =  1.1190782966E+01 -2.7975906645E+00  3.8180829552E+00
           ESP =   7.5191906600E+00     ESP at Nucleus =   7.4324868724E+00
           ESPe = -7.8851397154E+00     ESPe at Nucleus = -7.8038627227E+00
           ESPn =  1.5404330375E+01     ESPn at Nucleus =  1.5236349595E+01

CP# 8      Coords = -9.96714554147941E-01  5.15794991031290E+00  6.31912718341826E-01
           Type = (3,-3) NACP O8
           Rho =  1.4780833319E+02     Rho at Nucleus =  1.4780831932E+02
           GradRho = -1.3149481504E-11  5.3435034175E-13  3.2374311565E-12
           HessRho_EigVals = -4.1112889859E+05 -4.1112262403E+05 -4.1111247721E+05
           HessRho_EigVec1 = -1.3752913637E-02 -2.5461660439E-01  9.6694428078E-01
           HessRho_EigVec2 =  2.1385616032E-01  9.4391023422E-01  2.5159294989E-01
           HessRho_EigVec3 =  9.7676834514E-01 -2.1024712724E-01 -4.1469813436E-02
           DelSqRho = -1.2333639998E+06
           Bond Ellipticity = NA
           V = -3.0840967969E+05
           G =  3.4339868771E+01
           K =  3.0837533982E+05
           L =  3.0834099996E+05
           Vnuc =  9.7396149494E+05
           Ven = -1.4395962516E+08
           Vrep =  1.4365121548E+08
           DelSqV =  1.9616588632E+10
           DelSqVen =  1.2012490435E+12
           DelSqVrep = -1.1816324548E+12
           DelSqG =  8.5782645743E+08
           DelSqK = -2.0474415089E+10
           Stress_EigVals = -1.0280527945E+05 -1.0280280775E+05 -1.0280159250E+05
           Stress_EigVec1 =  9.7132814856E-01 -2.3295387130E-01 -4.7477591141E-02
           Stress_EigVec2 =  2.3731355763E-01  9.3804955995E-01  2.5247831280E-01
           Stress_EigVec3 = -1.4279466909E-02 -2.5650636819E-01  9.6643705429E-01
           -DivStress = -3.4782223837E+04 -3.7992870474E+04 -9.9081374662E+03
           ESP =  -4.4664300026E+00     ESP at Nucleus =  -4.4664272256E+00
           ESPe = -1.7184519539E+01     ESPe at Nucleus = -1.7184522249E+01
           ESPn =  1.2718089536E+01     ESPn at Nucleus =  1.2718095023E+01

CP# 9      Coords = -5.23543861295983E-01  6.42325912944986E+00 -5.11651694160915E-01
           Type = (3,-3) NACP H9
           Rho =  2.0407493871E-01     Rho at Nucleus =  1.9929093290E-01
           GradRho = -1.4128535581E-12 -3.9598474239E-12  3.6532615380E-12
           HessRho_EigVals = -4.0157403460E+00 -4.0053054709E+00 -3.1457727638E+00
           HessRho_EigVec1 =  2.4871523236E-01  6.0633972852E-01  7.5530978202E-01
           HessRho_EigVec2 =  9.3435166124E-01 -3.5566285371E-01 -2.2156435377E-02
           HessRho_EigVec3 =  2.5520130549E-01  7.1123559256E-01 -6.5499330192E-01
           DelSqRho = -1.1166818581E+01
           Bond Ellipticity = NA
           V = -2.8217484842E+00
           G =  1.5021919526E-02
           K =  2.8067265647E+00
           L =  2.7917046452E+00
           Vnuc =  3.3990419504E+01
           Ven = -6.9365927770E+00
           Vrep =  4.1148442928E+00
           DelSqV =  6.7900510004E+02
           DelSqVen =  3.7956484809E+02
           DelSqVrep =  2.9944025195E+02
           DelSqG =  5.2059056554E+01
           DelSqK = -7.3106415659E+02
           Stress_EigVals = -1.0166287159E+00 -1.0141477805E+00 -7.9097198790E-01
           Stress_EigVec1 =  9.3506466544E-01 -3.5369997153E-01 -2.3460638983E-02
           Stress_EigVec2 =  2.4953282244E-01  6.0978464040E-01  7.5226063492E-01
           Stress_EigVec3 =  2.5176862785E-01  7.0926653838E-01 -6.5844782296E-01
           -DivStress =  3.0559307537E+00  8.6308477690E+00 -7.9898445610E+00
           ESP =   7.2131758145E+00     ESP at Nucleus =   7.1202730322E+00
           ESPe = -7.5917206131E+00     ESPe at Nucleus = -7.5044370749E+00
           ESPn =  1.4804896428E+01     ESPn at Nucleus =  1.4624710107E+01

CP# 10     Coords = -5.55412641173184E-01  5.73925086346865E+00  2.24503510155773E+00
           Type = (3,-3) NACP H10
           Rho =  2.0383787003E-01     Rho at Nucleus =  1.9904088366E-01
           GradRho = -5.5364393625E-13 -7.4007396348E-13 -2.1476782755E-12
           HessRho_EigVals = -4.0072724760E+00 -3.9967378344E+00 -3.1359681132E+00
           HessRho_EigVec1 = -2.6402982267E-01 -8.8789668628E-01  3.7673296543E-01
           HessRho_EigVec2 =  9.3468129812E-01 -3.3193246981E-01 -1.2724663624E-01
           HessRho_EigVec3 =  2.3803177033E-01  3.1852835037E-01  9.1754049847E-01
           DelSqRho = -1.1139978424E+01
           Bond Ellipticity = NA
           V = -2.8149531908E+00
           G =  1.4979292416E-02
           K =  2.7999738983E+00
           L =  2.7849946059E+00
           Vnuc =  3.4521845182E+01
           Ven = -7.0368593912E+00
           Vrep =  4.2219062004E+00
           DelSqV =  6.7695050191E+02
           DelSqVen =  3.8457261047E+02
           DelSqVrep =  2.9237789144E+02
           DelSqG =  5.1875744319E+01
           DelSqK = -7.2882624623E+02
           Stress_EigVals = -1.0144684843E+00 -1.0119771771E+00 -7.8850752931E-01
           Stress_EigVec1 =  9.3427000124E-01 -3.3439237917E-01 -1.2377924516E-01
           Stress_EigVec2 =  2.6850903094E-01  8.8820234937E-01 -3.7282634950E-01
           Stress_EigVec3 =  2.3461130638E-01  3.1508462884E-01  9.1960818373E-01
           -DivStress =  2.8524875406E+00  3.8352744736E+00  1.1173577594E+01
           ESP =   7.5098636231E+00     ESP at Nucleus =   7.4231528655E+00
           ESPe = -7.8762770228E+00     ESPe at Nucleus = -7.7950000990E+00
           ESPn =  1.5386140646E+01     ESPn at Nucleus =  1.5218152964E+01

CP# 11     Coords =  5.16241467121468E+00 -5.20849571529815E-01  1.03701091989604E+00
           Type = (3,-3) NACP O11
           Rho =  1.4780846365E+02     Rho at Nucleus =  1.4780844975E+02
           GradRho =  1.6877713463E-10 -7.5180415279E-12 -6.7104065360E-12
           HessRho_EigVals = -4.1112940987E+05 -4.1112311678E+05 -4.1111300952E+05
           HessRho_EigVec1 =  2.2292860366E-01  9.7462814662E-01 -2.0070213758E-02
           HessRho_EigVec2 =  9.5285066053E-01 -2.2220274303E-01 -2.0664355716E-01
           HessRho_EigVec3 =  2.0586028367E-01 -2.6942843216E-02  9.7821042052E-01
           DelSqRho = -1.2333655362E+06
           Bond Ellipticity = NA
           V = -3.0841006639E+05
           G =  3.4341176228E+01
           K =  3.0837572522E+05
           L =  3.0834138404E+05
           Vnuc =  9.7288583843E+05
           Ven = -1.4380076108E+08
           Vrep =  1.4349235102E+08
           DelSqV =  1.9616613468E+10
           DelSqVen =  1.1999238652E+12
           DelSqVrep = -1.1803072516E+12
           DelSqG =  8.5782784712E+08
           DelSqK = -2.0474441315E+10
           Stress_EigVals = -1.0280540431E+05 -1.0280294092E+05 -1.0280172117E+05
           Stress_EigVec1 =  2.2882315163E-01 -3.2236632597E-02  9.7293410095E-01
           Stress_EigVec2 =  9.4716948858E-01 -2.2337011332E-01 -2.3016462015E-01
           Stress_EigVec3 =  2.2474413268E-01  9.7420048860E-01 -2.0578698500E-02
           -DivStress = -3.8657735155E+04  9.0168745053E+03  3.4377235813E+04
           ESP =  -4.4628314567E+00     ESP at Nucleus =  -4.4628285967E+00
           ESPe = -1.7187182570E+01     ESPe at Nucleus = -1.7187185361E+01
           ESPn =  1.2724351113E+01     ESPn at Nucleus =  1.2724356764E+01

CP# 12     Coords =  6.39531084883402E+00  6.57118249924703E-01  5.62035050336293E-01
           Type = (3,-3) NACP H12
           Rho =  2.0405446267E-01     Rho at Nucleus =  1.9927236655E-01
           GradRho = -1.5581368390E-12 -1.5219329940E-12  5.7460172688E-13
           HessRho_EigVals = -4.0152548751E+00 -4.0048534881E+00 -3.1456211457E+00
           HessRho_EigVec1 = -6.3060193168E-01  7.3834354273E-01  2.3914434277E-01
           HessRho_EigVec2 =  3.5060582489E-01 -3.8864932669E-03  9.3651505633E-01
           HessRho_EigVec3 =  6.9239927738E-01  6.7441360313E-01 -2.5641671669E-01
           DelSqRho = -1.1165729509E+01
           Bond Ellipticity = NA
           V = -2.8214690036E+00
           G =  1.5018313165E-02
           K =  2.8064506904E+00
           L =  2.7914323772E+00
           Vnuc =  3.4014843193E+01
           Ven = -6.9408805504E+00
           Vrep =  4.1194115469E+00
           DelSqV =  6.7895726010E+02
           DelSqVen =  3.7980053838E+02
           DelSqVrep =  2.9915672172E+02
           DelSqG =  5.2053710626E+01
           DelSqK = -7.3101097073E+02
           Stress_EigVals = -1.0165045279E+00 -1.0140308793E+00 -7.9093359630E-01
           Stress_EigVec1 =  3.4877379753E-01 -5.3060723753E-03  9.3719191405E-01
           Stress_EigVec2 = -6.3390896762E-01  7.3520453027E-01  2.4007023855E-01
           Stress_EigVec3 =  6.9030157100E-01  6.7782456747E-01 -2.5305650912E-01
           -DivStress =  8.3982426352E+00  8.2238892927E+00 -3.0710633811E+00
           ESP =   7.2246168684E+00     ESP at Nucleus =   7.1318623837E+00
           ESPe = -7.6017147351E+00     ESPe at Nucleus = -7.5145684396E+00
           ESPn =  1.4826331604E+01     ESPn at Nucleus =  1.4646430823E+01

CP# 13     Coords =  5.79887394401881E+00 -2.11773330009506E+00  6.12800637882423E-01
           Type = (3,-3) NACP H13
           Rho =  2.0384026426E-01     Rho at Nucleus =  1.9904503961E-01
           GradRho = -5.5790497276E-13  1.4515649492E-12  3.6293110715E-13
           HessRho_EigVals = -4.0076096795E+00 -3.9971201095E+00 -3.1365794626E+00
           HessRho_EigVec1 =  8.7665413696E-01  4.0358117913E-01 -2.6191555130E-01
           HessRho_EigVec2 =  3.3012404474E-01 -1.0856104649E-01  9.3767404479E-01
           HessRho_EigVec3 = -3.4999377029E-01  9.0848045166E-01  2.2840234175E-01
           DelSqRho = -1.1141309252E+01
           Bond Ellipticity = NA
           V = -2.8152813509E+00
           G =  1.4977019018E-02
           K =  2.8003043319E+00
           L =  2.7853273129E+00
           Vnuc =  3.4483367665E+01
           Ven = -7.0290987775E+00
           Vrep =  4.2138174265E+00
           DelSqV =  6.7706939144E+02
           DelSqVen =  3.8418986319E+02
           DelSqVrep =  2.9287952826E+02
           DelSqG =  5.1886507148E+01
           DelSqK = -7.2895589859E+02
           Stress_EigVals = -1.0145555934E+00 -1.0120687937E+00 -7.8865696383E-01
           Stress_EigVec1 =  3.3194401971E-01 -1.0527573570E-01  9.3740609517E-01
           Stress_EigVec2 =  8.7730978400E-01  3.9960690739E-01 -2.6578536917E-01
           Stress_EigVec3 = -3.4661320038E-01  9.1062140269E-01  2.2500655609E-01
           -DivStress =  4.2187813933E+00 -1.1062499678E+01 -2.7353710652E+00
           ESP =   7.4883267253E+00     ESP at Nucleus =   7.4010595906E+00
           ESPe = -7.8545518332E+00     ESPe at Nucleus = -7.7727301321E+00
           ESPn =  1.5342878559E+01     ESPn at Nucleus =  1.5173789723E+01

CP# 14     Coords = -6.24711855995536E-01 -1.01751666780941E+00 -5.15476438886415E+00
           Type = (3,-3) NACP O14
           Rho =  1.4780935789E+02     Rho at Nucleus =  1.4780934396E+02
           GradRho =  2.0099602538E-11  1.7102985694E-13  9.6707392094E-11
           HessRho_EigVals = -4.1113188964E+05 -4.1112558306E+05 -4.1111551432E+05
           HessRho_EigVec1 =  9.6661397588E-01  1.9109804722E-02 -2.5552345683E-01
           HessRho_EigVec2 =  2.5362462303E-01 -2.1338849233E-01  9.4347225817E-01
           HessRho_EigVec3 =  3.6496194593E-02  9.7678051102E-01  2.1111101600E-01
           DelSqRho = -1.2333729870E+06
           Bond Ellipticity = NA
           V = -3.0841192538E+05
           G =  3.4339312288E+01
           K =  3.0837758607E+05
           L =  3.0834324675E+05
           Vnuc =  9.7178446016E+05
           Ven = -1.4363883707E+08
           Vrep =  1.4333042514E+08
           DelSqV =  1.9616731164E+10
           DelSqVen =  1.1985727037E+12
           DelSqVrep = -1.1789559726E+12
           DelSqG =  8.5783301082E+08
           DelSqK = -2.0474564175E+10
           Stress_EigVals = -1.0280601854E+05 -1.0280356458E+05 -1.0280234226E+05
           Stress_EigVec1 =  4.2615247466E-02  9.7129482656E-01  2.3403055481E-01
           Stress_EigVec2 =  2.5449662621E-01 -2.3706958584E-01  9.3756571968E-01
           Stress_EigVec3 =  9.6613425979E-01  1.9605391470E-02 -2.5729403548E-01
           -DivStress =  1.0188662905E+04 -3.4748755018E+04  3.8111953763E+04
           ESP =  -4.4566999367E+00     ESP at Nucleus =  -4.4566971208E+00
           ESPe = -1.7194058960E+01     ESPe at Nucleus = -1.7194061710E+01
           ESPn =  1.2737359023E+01     ESPn at Nucleus =  1.2737364589E+01

CP# 15     Coords =  5.14422048029261E-01 -5.36678592116944E-01 -6.42137734700828E+00
           Type = (3,-3) NACP H15
           Rho =  2.0404962396E-01     Rho at Nucleus =  1.9926711340E-01
           GradRho = -3.7205572553E-12 -1.4691151941E-12  4.0501569654E-12
           HessRho_EigVals = -4.0152359269E+00 -4.0048440194E+00 -3.1454847148E+00
           HessRho_EigVec1 =  7.5751120175E-01 -2.4550024616E-01  6.0490198244E-01
           HessRho_EigVec2 =  1.7730317898E-02  9.3399045415E-01  3.5685776912E-01
           HessRho_EigVec3 = -6.5258134746E-01 -2.5959865309E-01  7.1186102875E-01
           DelSqRho = -1.1165564661E+01
           Bond Ellipticity = NA
           V = -2.8214233705E+00
           G =  1.5016102605E-02
           K =  2.8064072679E+00
           L =  2.7913911653E+00
           Vnuc =  3.4002099999E+01
           Ven = -6.9381157187E+00
           Vrep =  4.1166923483E+00
           DelSqV =  6.7894241299E+02
           DelSqVen =  3.7965264616E+02
           DelSqVrep =  2.9928976683E+02
           DelSqG =  5.2053496771E+01
           DelSqK = -7.3099590976E+02
           Stress_EigVals = -1.0164973167E+00 -1.0140264179E+00 -7.9089963588E-01
           Stress_EigVec1 =  1.9007285285E-02  9.3471258893E-01  3.5489589909E-01
           Stress_EigVec2 =  7.5446843166E-01 -2.4632651963E-01  6.0835896588E-01
           Stress_EigVec3 = -6.5606105565E-01 -2.5619449997E-01  7.0989313946E-01
           -DivStress =  7.9592664418E+00  3.1091607300E+00 -8.6366436450E+00
           ESP =   7.2181959434E+00     ESP at Nucleus =   7.1252170045E+00
           ESPe = -7.5964839866E+00     ESPe at Nucleus = -7.5091200298E+00
           ESPn =  1.4814679930E+01     ESPn at Nucleus =  1.4634337034E+01

CP# 16     Coords = -2.24086926345901E+00 -5.84106497175433E-01 -5.73392826264157E+00
           Type = (3,-3) NACP H16
           Rho =  2.0382752313E-01     Rho at Nucleus =  1.9903234073E-01
           GradRho =  2.2695442937E-12 -5.7282076218E-13  7.8046390965E-13
           HessRho_EigVals = -4.0070822261E+00 -3.9965864186E+00 -3.1360359504E+00
           HessRho_EigVec1 = -3.7430223929E-01 -2.6705360281E-01  8.8802038653E-01
           HessRho_EigVec2 =  1.2269584435E-01  9.3495144048E-01  3.3288366395E-01
           HessRho_EigVec3 =  9.1915372133E-01 -2.3355551197E-01  3.1718805052E-01
           DelSqRho = -1.1139704595E+01
           Bond Ellipticity = NA
           V = -2.8148801217E+00
           G =  1.4976986445E-02
           K =  2.7999031352E+00
