AIMSum (Version 16.05.18, Professional)
Copyright (c) 1997-2016 by Todd A. Keith
AIMSum is a component of the AIMAll package ( http://aim.tkgristmill.com )

TP:  64-bit Linux

Licensed To:  Research Group of Fernando Cortes Guzman, UNAM, fercor@unam.mx

Much of the Quantum Theory of Atoms in Molecules (QTAIM) is described in the book:
  "Atoms in Molecules - A Quantum Theory"
  R.F.W. Bader, Oxford University Press, Oxford, 1990

For additional references see:  http://aim.tkgristmill.com/references.html

Wfx File:  /home/davit_gabo/David/max_int2/acercamiento/Ni23_24_beta.wfx
Sum File:  /home/davit_gabo/David/max_int2/acercamiento/Ni23_24_beta.sum

SumViz File:  /home/davit_gabo/David/max_int2/acercamiento/Ni23_24_beta.sumviz

Wfx Title:   Ni23_24                                                                       
 
Total memory allocated for AIMSum =        1.460 Megabytes

Atomic units (a.u.) used throughout, except where stated otherwise

Model:  Unknown
 
Unrestricted, natural orbital wavefunction.
  Number of electrons (from MO Occs)                   =          42.0000000000
  Number of Alpha electrons (from MO Occs)             =           0.0000000000
  Number of Beta electrons (from MO Occs)              =          42.0000000000
  Number of electron pairs (N*(N-1)/2)                 =         861.0000000000
  Number of electron pairs (from Muller 2EDM)          =         861.0000000000
  Number of electron pairs (from Muller 2EDM, no SOSI) =         861.0000000000
 
Nuclear Charges and Cartesian Coordinates:
-------------------------------------------------------------------------------
Atom      Charge                X                  Y                  Z
-------------------------------------------------------------------------------
Ni1       28.0           6.0408576078E-06   3.4941860211E-05  -5.0428770892E-05
O2         8.0          -4.5335497726E+00   6.1277838120E-02  -1.1165094022E-01
H3         1.0          -5.6439061089E+00  -1.3743842119E+00   1.4450652889E-02
H4         1.0          -5.5285751097E+00   1.5727188628E+00   8.1689363250E-02
O5         8.0           6.0462443917E-02   1.5120054113E-02   4.5348642335E+00
H6         1.0          -1.3766989041E+00  -2.8547924624E-02   5.6496171305E+00
H7         1.0           1.5707772590E+00  -1.2765674512E-01   5.5396095967E+00
O8         8.0          -1.3679315440E-01   4.5327537725E+00   7.1220838117E-02
H9         1.0           4.4948864462E-03   5.6015473918E+00  -1.3499420035E+00
H10        1.0           7.7077713300E-02   5.5465737731E+00   1.5697459325E+00
O11        8.0           4.5335618149E+00  -6.1208463927E-02   1.1155140189E-01
H12        1.0           5.6439133976E+00   1.3744558216E+00  -1.4550502527E-02
H13        1.0           5.5285911992E+00  -1.5726447247E+00  -8.1788144215E-02
O14        8.0          -6.0451103961E-02  -1.5056433290E-02  -4.5349650603E+00
H15        1.0           1.3767095866E+00   2.8611145448E-02  -5.6497182958E+00
H16        1.0          -1.5707665026E+00   1.2772004775E-01  -5.5397102293E+00
O17        8.0           1.3680162349E-01  -4.5326837478E+00  -7.1337594505E-02
H18        1.0          -4.5862244623E-03  -5.6022029191E+00   1.3508257058E+00
H19        1.0          -7.7069084746E-02  -5.5464284787E+00  -1.5698616560E+00
 
Some Atomic Properties:
----------------------
  q(A) = Net Charge of Atom A
  L(A) = Lagrangian of Atom A = -(1/4) Times Atomic Integral of the Laplacian of the Electron Density
  K(A) = Electronic Kinetic Energy of Atom A (Hamiltonian Form)
  K_Scaled(A) = K(A) * E(Mol)/K(Mol) = Approximation to Virial-Based Total Energy of Atom A.
  |Mu_Intra(A)| = Magnitude of Intraatomic Dipole Moment of Atom A
--------------------------------------------------------------------------------------------------
Atom A          q(A)              L(A)              K(A)          K_Scaled(A)      |Mu_Intra(A)|
--------------------------------------------------------------------------------------------------
Ni1       1.5770727470E+01 -6.4191678993E-04  7.4322560300E+02 -7.4459989778E+02  3.4704979105E-06
O2        3.3845370442E+00  1.3198610338E-04  3.7697915337E+01 -3.7767622365E+01  7.7020033452E-02
H3        8.2666029460E-01  9.2929757510E-06  1.6247688041E-01 -1.6277731561E-01  6.4909588556E-02
H4        8.2678061189E-01  8.2733742103E-06  1.6232856837E-01 -1.6262872932E-01  6.4883900361E-02
O5        3.3837962379E+00  1.0411977908E-04  3.7698661949E+01 -3.7768370358E+01  7.3354894087E-02
H6        8.2684739990E-01  8.4392552917E-06  1.6234683665E-01 -1.6264703138E-01  6.4838759585E-02
H7        8.2695867552E-01  9.3097681788E-06  1.6223504266E-01 -1.6253503067E-01  6.4824746757E-02
O8        3.3812836104E+00  1.0764006987E-04  3.7714128023E+01 -3.7783865030E+01  7.9113561827E-02
H9        8.2992263689E-01  7.4938983618E-06  1.6338428605E-01 -1.6368639913E-01  6.5371416362E-02
H10       8.2664362539E-01  1.1023003689E-05  1.6226686265E-01 -1.6256690950E-01  6.4767365931E-02
O11       3.3845362259E+00  1.3266198310E-04  3.7697917727E+01 -3.7767624760E+01  7.7019313501E-02
H12       8.2665912702E-01  8.2223195609E-06  1.6247707201E-01 -1.6277750756E-01  6.4910694416E-02
H13       8.2678324950E-01  9.8834145098E-06  1.6232820055E-01 -1.6262836083E-01  6.4883089653E-02
O14       3.3837965840E+00  1.0434560336E-04  3.7698660912E+01 -3.7768369319E+01  7.3352981647E-02
H15       8.2684775325E-01  8.2645871666E-06  1.6234642844E-01 -1.6264662242E-01  6.4838909439E-02
H16       8.2695992187E-01  1.0340707928E-05  1.6223491883E-01 -1.6253490661E-01  6.4824706199E-02
O17       3.3814063717E+00  1.0161854198E-04  3.7713515549E+01 -3.7783251424E+01  7.9092161179E-02
H18       8.2981442586E-01  9.9143060553E-06  1.6334939321E-01 -1.6365144177E-01  6.5357767998E-02
H19       8.2663979413E-01  8.8069058696E-06  1.6227114318E-01 -1.6257119795E-01  6.4772712247E-02
--------------------------------------------------------------------------------------------------
Total     4.5997601060E+01  1.4971980741E-04  9.7139644813E+02 -9.7319265249E+02
 
Molecular charge q(Mol) from the wfx file:   4.6000000000E+01
Molecular energy E(Mol) from the wfx file:  -1.9662905108E+03
Molecular virial ratio (-V(Mol)/T(Mol)) from the wfx file:   2.0018490950E+00
Full molecular virial ratio ((-V(Mol)+W(Mol))/T(Mol)) from the wfx file:   2.0015023656E+00
Note.  K_Scaled(A) = (1+V(Mol)/T(Mol))*K(A) = (E(Mol)/T(Mol))*K(A)
       Only use K_Scaled(A) data with caution.
 
Note.  Potentially significant cumulative integration error.
 
N_AIMInt(SumA)     =         42.002399
N_Analytic(Mol)    =         42.000000
 
G_AIMInt(SumA)     =        971.396298
G_Analytic(Mol)    =        971.394517
 
K_AIMInt(SumA)     =        971.396448
K_Analytic(Mol)    =        971.394517
 
L_AIMInt(SumA)     =          0.000150
L_Analytic(Mol)    =          0.000000
 
VenT_AIMInt(SumA)  =      -2894.337218
VenT_Analytic(Mol) =      -2894.291779
 
Some Information About the Atomic Calculations:
----------------------------------------------
  Time(sec) = "Elapsed User Time", in Seconds, for Atom A by AIMInt and, if used, by TWOe
  NProc = Number of Processors Used for AIMInt Job
  BIM = Basin Integration Method
  OAQ = Angular Quadrature Outside of Beta Sphere
  ORQ = Multiple of Default for Radial Quadrature Outside of Beta Sphere
  IAQ = Multiple of Default for Angular Quadrature Inside of Beta Sphere
  IRQ = Multiple of Default for Radial Quadrature Inside of Beta Sphere
  MIR = Maximum Integration Radius
------------------------------------------------------------------------------------------------------
Atom A     Time(sec)   NProc      BIM              OAQ                 ORQ      IAQ      IRQ      MIR
------------------------------------------------------------------------------------------------------
Ni1          1305        8    Promega(1)    4334      (Very High)      Auto     Auto     Auto    13.00
O2           1215        8    Promega(1)    4334      (Very High)      Auto     Auto     Auto    13.00
H3            261        8     Proaim(5)    2030      (Very High)      Auto     Auto     Auto    13.00
H4            213        8     Proaim(5)    2030      (Very High)      Auto     Auto     Auto    13.00
O5           1191        8    Promega(1)    4334      (Very High)      Auto     Auto     Auto    13.00
H6            385        8     Proaim(5)    2030      (Very High)      Auto     Auto     Auto    13.00
H7            193        8     Proaim(5)    2030      (Very High)      Auto     Auto     Auto    13.00
O8           1144        8    Promega(1)    4334      (Very High)      Auto     Auto     Auto    13.00
H9            168        8     Proaim(5)    2030      (Very High)      Auto     Auto     Auto    13.00
H10           256        8     Proaim(5)    2030      (Very High)      Auto     Auto     Auto    13.00
O11          1000        8    Promega(1)    4334      (Very High)      Auto     Auto     Auto    13.00
H12           164        8     Proaim(5)    2030      (Very High)      Auto     Auto     Auto    13.00
H13           234        8     Proaim(5)    2030      (Very High)      Auto     Auto     Auto    13.00
O14           672        8    Promega(1)    4334      (Very High)      Auto     Auto     Auto    13.00
H15           126        8     Proaim(5)    2030      (Very High)      Auto     Auto     Auto    13.00
H16           144        8     Proaim(5)    2030      (Very High)      Auto     Auto     Auto    13.00
O17           671        8    Promega(1)    4334      (Very High)      Auto     Auto     Auto    13.00
H18           135        8     Proaim(5)    2030      (Very High)      Auto     Auto     Auto    13.00
H19           143        8     Proaim(5)    2030      (Very High)      Auto     Auto     Auto    13.00
------------------------------------------------------------------------------------------------------
Total        9620
Note:  Total wall clock time is less than total of atomic times if more than one atom
       was calculated at a time
Note:  Total time does not include times for diatomic interaction energy calculations (2771 seconds)
 
Electron Density Critical Point Analysis of Molecular Structure:               
---------------------------------------------------------------                
  NACP = Nuclear Attractor Critical Point                                      
  NNACP = Non-Nuclear Attractor Critical Point                                 
  BCP = Bond Critical Point                                                    
  RCP = Ring Critical Point                                                    
  CCP = Cage Critical Point                                                    
  Rho = Electron Density                                                       
  GradRho = Gradient of Electron Density                                       
  HessRho_EigVals = Eigenvalues of the Hessian of Rho, Ascending Order         
  HessRho_EigVecs = Eigenvectors of the Hessian of Rho                         
  DelSqRho = Laplacian of Rho = Trace of Hessian of Rho                        
  Bond Ellipticity = (HessRho_EigVal(1) / HessRho_EigVal(2)) - 1               
  V = Virial Field = Potential Energy Density = Trace of Stress Tensor         
  G = Lagrangian Form of Kinetic Energy Density                                
  K = Hamiltonian Form of Kinetic Energy Density                               
  L = K - G = Lagrangian Density = (-1/4)DelSqRho                              
  Vnuc = Electrostatic Potential from Nuclei                                   
  Ven = Electron-nuclear attractive contribution to Virial Field V             
  Vrep = V - Ven = Repulsive contribution to Virial Field V                    
  DelSqV = Laplacian of V                                                      
  DelSqVen = Laplacian of Ven                                                  
  DelSqVrep = Laplacian of Vrep                                                
  DelSqG = Laplacian of G                                                      
  DelSqK = Laplacian of K                                                      
  Stress_EigVals = Eigenvalues of Stress Tensor, Ascending Order               
  Stress_EigVecs = Eigenvectors of Stress Tensor                               
  -DivStress = Ehrenfest Force Density = Minus Divergence of Stress Tensor     
  ESP = Total Electrostatic Potential                                          
  ESPe = Electrostatic Potential from Electrons                                
  ESPn = Electrostatic Potential from Nuclei                                   
  BP = Bond Path                                                               
  BPL = Bond Path Length                                                       
  GBL = Geometric Bond Length                                                  
  GBL_I = Distance Between Nuclear Attractors                                  
  GBL_II = Distance Between Nuclei                                             
  GBL_III = Sum of Distances Between BCP and Nuclear Attractors                
  GBL_IV = Sum of Distances Between BCP and Nuclei                             

CP# 1      Coords =  6.04085765031350E-06  3.49418619458455E-05 -5.04287705337963E-05
           Type = (3,-3) NACP Ni1
           Rho =  7.2861856076E+03     Rho at Nucleus =  7.2861856076E+03
           GradRho = -4.2912654224E-15 -1.3232286869E-13 -1.0933172262E-12
           HessRho_EigVals = -4.2230388109E+08 -4.2230387339E+08 -4.2230387043E+08
           HessRho_EigVec1 = -6.5055152210E-01 -5.6146130156E-01  5.1141365248E-01
           HessRho_EigVec2 = -6.3196462814E-02 -6.3103341094E-01 -7.7317723800E-01
           HessRho_EigVec3 = -7.5682819991E-01  5.3531116291E-01 -3.7503737772E-01
           DelSqRho = -1.2669116249E+09
           Bond Ellipticity = NA
           V = -3.1699752121E+08
           G =  1.3480749380E+05
           K =  3.1686271372E+08
           L =  3.1672790623E+08
           Vnuc =  2.8000000127E+09
           Ven = -2.0401319794E+13
           Vrep =  2.0401002796E+13
           DelSqV =  6.5861587854E+14
           DelSqVen =  6.1203957182E+29
           DelSqVrep = -6.1203957182E+29
           DelSqG =  1.8385897853E+13
           DelSqK = -6.7700177639E+14
           Stress_EigVals = -1.0566584061E+08 -1.0566584042E+08 -1.0566584018E+08
           Stress_EigVec1 =  7.6039484923E-01 -6.2556108752E-01  1.7456517134E-01
           Stress_EigVec2 = -4.0687324404E-01 -6.6834175898E-01 -6.2271458669E-01
           Stress_EigVec3 = -5.0621520774E-01 -4.0248306670E-01  7.6272770008E-01
           -DivStress = -9.2192862948E+00 -3.7609502446E+02 -7.7603055697E+01
           ESP =  -5.6342040718E+01     ESP at Nucleus =  -5.6342040718E+01
           ESPe = -6.9003001246E+01     ESPe at Nucleus = -6.9003001246E+01
           ESPn =  1.2660960527E+01     ESPn at Nucleus =  1.2660960527E+01

CP# 2      Coords = -4.53355600852576E+00  6.12780431537358E-02 -1.11649154143154E-01
           Type = (3,-3) NACP O2
           Rho =  1.4771465927E+02     Rho at Nucleus =  1.4771465062E+02
           GradRho =  1.3617861830E-10  9.0823767777E-13  1.8419363257E-12
           HessRho_EigVals = -4.1086556824E+05 -4.1086016994E+05 -4.1084746914E+05
           HessRho_EigVec1 =  4.3385141512E-02  9.9880500351E-01  2.2500988085E-02
           HessRho_EigVec2 =  9.9578222279E-01 -4.1409436023E-02 -8.1871993880E-02
           HessRho_EigVec3 =  8.0842403908E-02 -2.5958111970E-02  9.9638882077E-01
           DelSqRho = -1.2325732073E+06
           Bond Ellipticity = NA
           V = -3.0821246680E+05
           G =  3.4582485825E+01
           K =  3.0817788432E+05
           L =  3.0814330183E+05
           Vnuc =  1.2326891874E+06
           Ven = -1.8208626330E+08
           Vrep =  1.8177805083E+08
           DelSqV =  1.9604090666E+10
           DelSqVen =  1.5193796634E+12
           DelSqVrep = -1.4997755732E+12
           DelSqG =  8.5727130231E+08
           DelSqK = -2.0461361968E+10
           Stress_EigVals = -1.0273988598E+05 -1.0273680829E+05 -1.0273577254E+05
           Stress_EigVec1 =  8.6328746830E-02 -2.6189210081E-02  9.9592242306E-01
           Stress_EigVec2 =  9.9531098125E-01 -4.1509126926E-02 -8.7367287801E-02
           Stress_EigVec3 =  4.3627950521E-02  9.9879483261E-01  2.2482977474E-02
           -DivStress =  3.9799406660E+04 -1.3086711191E+03 -1.1397942472E+04
           ESP =  -3.5617959635E+00     ESP at Nucleus =  -3.5617903148E+00
           ESPe = -1.8007384268E+01     ESPe at Nucleus = -1.8007389501E+01
           ESPn =  1.4445588304E+01     ESPn at Nucleus =  1.4445599187E+01

CP# 3      Coords = -5.61216676272218E+00 -1.33229040677845E+00  1.10832926174237E-02
           Type = (3,-3) NACP H3
           Rho =  2.0305004935E-01     Rho at Nucleus =  1.9817220532E-01
           GradRho =  2.5027282493E-16  2.3103202154E-16 -1.1840673570E-17
           HessRho_EigVals = -3.9957262954E+00 -3.9833328717E+00 -3.1119324451E+00
           HessRho_EigVec1 =  7.8915240669E-01 -6.0669192054E-01 -9.5725610809E-02
           HessRho_EigVec2 =  1.1543975010E-01 -6.5667616171E-03  9.9329277745E-01
           HessRho_EigVec3 =  6.0325131008E-01  7.9490992646E-01 -6.4854187959E-02
           DelSqRho = -1.1090991612E+01
           Bond Ellipticity = NA
           V = -2.8027990041E+00
           G =  1.5025550544E-02
           K =  2.7877734536E+00
           L =  2.7727479030E+00
           Vnuc =  3.5010725172E+01
           Ven = -7.1089294739E+00
           Vrep =  4.3061304698E+00
           DelSqV =  6.7273502416E+02
           DelSqVen =  3.8830365922E+02
           DelSqVrep =  2.8443136494E+02
           DelSqG =  5.1642458495E+01
           DelSqK = -7.2437748265E+02
           Stress_EigVals = -1.0116446866E+00 -1.0088162281E+00 -7.8233808944E-01
           Stress_EigVec1 =  1.1977332728E-01 -1.0974309599E-02  9.9274060791E-01
           Stress_EigVec2 =  7.9090648029E-01 -6.0336070777E-01 -1.0209209446E-01
           Stress_EigVec3 =  6.0010106607E-01  7.9739288989E-01 -6.3586866939E-02
           -DivStress = -7.3464429590E+00 -9.7493050778E+00  7.7700038744E-01
           ESP =   7.8791172377E+00     ESP at Nucleus =   7.7788274781E+00
           ESPe = -8.2016284378E+00     ESPe at Nucleus = -8.1076270977E+00
           ESPn =  1.6080745676E+01     ESPn at Nucleus =  1.5886454576E+01

CP# 4      Coords = -5.50026623381162E+00  1.52841362501974E+00  7.63426994376639E-02
           Type = (3,-3) NACP H4
           Rho =  2.0292144518E-01     Rho at Nucleus =  1.9804362722E-01
           GradRho =  2.6432664312E-14 -4.1611379530E-14 -5.0357125154E-15
           HessRho_EigVals = -3.9925377605E+00 -3.9801299758E+00 -3.1090301030E+00
           HessRho_EigVec1 =  8.3486718279E-01  5.4603397117E-01 -6.9596619451E-02
           HessRho_EigVec2 =  1.1399063434E-01 -4.7806847593E-02  9.9233091285E-01
           HessRho_EigVec3 = -5.3851919408E-01  8.3639787641E-01  1.0215512691E-01
           DelSqRho = -1.1081697839E+01
           Bond Ellipticity = NA
           V = -2.8003925584E+00
           G =  1.4984049308E-02
           K =  2.7854085091E+00
           L =  2.7704244598E+00
           Vnuc =  3.5133741567E+01
           Ven = -7.1293896134E+00
           Vrep =  4.3289970549E+00
           DelSqV =  6.7209419159E+02
           DelSqVen =  3.8934150802E+02
           DelSqVrep =  2.8275268357E+02
           DelSqG =  5.1588971197E+01
           DelSqK = -7.2368316279E+02
           Stress_EigVals = -1.0108066228E+00 -1.0079875709E+00 -7.8159836472E-01
           Stress_EigVec1 =  1.1847328272E-01 -4.3867311538E-02  9.9198777223E-01
           Stress_EigVec2 =  8.3640034363E-01  5.4284045154E-01 -7.5886160375E-02
           Stress_EigVec3 = -5.3516216837E-01  8.3868939611E-01  1.0100272473E-01
           -DivStress = -6.5466249492E+00  1.0252297130E+01  1.2343169577E+00
           ESP =   7.9459790908E+00     ESP at Nucleus =   7.8468187455E+00
           ESPe = -8.2656459215E+00     ESPe at Nucleus = -8.1727321616E+00
           ESPn =  1.6211625012E+01     ESPn at Nucleus =  1.6019550907E+01

CP# 5      Coords =  6.04626479269985E-02  1.51190646573915E-02  4.53487054181085E+00
           Type = (3,-3) NACP O5
           Rho =  1.4771126941E+02     Rho at Nucleus =  1.4771126102E+02
           GradRho = -1.0612725976E-12  2.7533531011E-14  1.7998048885E-10
           HessRho_EigVals = -4.1085607557E+05 -4.1085070569E+05 -4.1083787923E+05
           HessRho_EigVec1 =  9.9857558940E-01 -3.3472872559E-02 -4.1549477194E-02
           HessRho_EigVec2 =  3.9770909666E-02 -5.2154254666E-02  9.9784678607E-01
           HessRho_EigVec3 =  3.5567780318E-02  9.9807790303E-01  5.0748719002E-02
           DelSqRho = -1.2325446605E+06
           Bond Ellipticity = NA
           V = -3.0820536040E+05
           G =  3.4597638046E+01
           K =  3.0817076276E+05
           L =  3.0813616512E+05
           Vnuc =  1.2522286139E+06
           Ven = -1.8496827814E+08
           Vrep =  1.8466007278E+08
           DelSqV =  1.9603640085E+10
           DelSqVen =  1.5434276915E+12
           DelSqVrep = -1.5238240514E+12
           DelSqG =  8.5725134134E+08
           DelSqK = -2.0460891426E+10
           Stress_EigVals = -1.0273753668E+05 -1.0273442645E+05 -1.0273339727E+05
           Stress_EigVec1 =  3.5662625212E-02  9.9792737242E-01  5.3564321438E-02
           Stress_EigVec2 =  4.0000611168E-02 -5.4980847248E-02  9.9768585113E-01
           Stress_EigVec3 =  9.9856303170E-01 -3.3437490994E-02 -4.1878466147E-02
           -DivStress = -1.3020851772E+03  6.3141754786E+03 -4.0260008559E+04
           ESP =  -3.5628608191E+00     ESP at Nucleus =  -3.5628550431E+00
           ESPe = -1.8006966942E+01     ESPe at Nucleus = -1.8006972286E+01
           ESPn =  1.4444106123E+01     ESPn at Nucleus =  1.4444117243E+01

CP# 6      Coords = -1.33455562087150E+00 -2.74474843201271E-02  5.61776240079386E+00
           Type = (3,-3) NACP H6
           Rho =  2.0296912340E-01     Rho at Nucleus =  1.9809074882E-01
           GradRho =  3.3320920892E-16  1.2034644115E-17  5.7119836205E-16
           HessRho_EigVals = -3.9943713197E+00 -3.9818586221E+00 -3.1105363516E+00
           HessRho_EigVec1 =  6.0523917664E-01 -6.9931918398E-02  7.9296599287E-01
           HessRho_EigVec2 =  2.5313973263E-02  9.9732077555E-01  6.8632888732E-02
           HessRho_EigVec3 =  7.9564108857E-01  2.1466193125E-02 -6.0538785976E-01
           DelSqRho = -1.1086766293E+01
           Bond Ellipticity = NA
           V = -2.8017494638E+00
           G =  1.5028945246E-02
           K =  2.7867205186E+00
           L =  2.7716915734E+00
           Vnuc =  3.4999050759E+01
           Ven = -7.1037266524E+00
           Vrep =  4.3019771885E+00
           DelSqV =  6.7245760187E+02
           DelSqVen =  3.8802629626E+02
           DelSqVrep =  2.8443130562E+02
           DelSqG =  5.1624402978E+01
           DelSqK = -7.2408200485E+02
           Stress_EigVals = -1.0113077508E+00 -1.0084608131E+00 -7.8198090000E-01
           Stress_EigVec1 =  2.7954541147E-02  9.9705845374E-01  7.1365141797E-02
           Stress_EigVec2 =  6.0186695717E-01 -7.3790103018E-02  7.9517997118E-01
           Stress_EigVec3 =  7.9810695367E-01  2.0723429518E-02 -6.0215930614E-01
           -DivStress = -9.7571122044E+00 -2.5321625502E-01  7.3702662731E+00
           ESP =   7.8753247196E+00     ESP at Nucleus =   7.7750011035E+00
           ESPe = -8.1984167658E+00     ESPe at Nucleus = -8.1043752335E+00
           ESPn =  1.6073741485E+01     ESPn at Nucleus =  1.5879376337E+01

CP# 7      Coords =  1.52649033762102E+00 -1.23645356167805E-01  5.51101274401387E+00
           Type = (3,-3) NACP H7
           Rho =  2.0291884853E-01     Rho at Nucleus =  1.9803737932E-01
           GradRho = -4.0385140097E-14  3.6602394293E-15 -2.4654494822E-14
           HessRho_EigVals = -3.9926125341E+00 -3.9800815932E+00 -3.1084994567E+00
           HessRho_EigVec1 = -5.4713704529E-01 -3.1492095588E-02  8.3645041789E-01
           HessRho_EigVec2 =  4.6755174752E-02  9.9658203165E-01  6.8104389154E-02
           HessRho_EigVec3 =  8.3573620677E-01 -7.6370819712E-02  5.4379452976E-01
           DelSqRho = -1.1081193584E+01
           Bond Ellipticity = NA
           V = -2.8003016343E+00
           G =  1.5001619146E-02
           K =  2.7853000152E+00
           L =  2.7702983960E+00
           Vnuc =  3.5107089135E+01
           Ven = -7.1238901028E+00
           Vrep =  4.3235884685E+00
           DelSqV =  6.7201871771E+02
           DelSqVen =  3.8902845088E+02
           DelSqVrep =  2.8299026683E+02
           DelSqG =  5.1586283052E+01
           DelSqK = -7.2360500076E+02
           Stress_EigVals = -1.0108403187E+00 -1.0079999556E+00 -7.8146136006E-01
           Stress_EigVec1 =  4.5035879405E-02  9.9653472693E-01  6.9930734223E-02
           Stress_EigVec2 = -5.4379934290E-01 -3.4266258819E-02  8.3851541320E-01
           Stress_EigVec3 =  8.3800599296E-01 -7.5791566347E-02  5.4037171858E-01
           -DivStress =  1.0247594538E+01 -9.2665633032E-01  6.6127627958E+00
           ESP =   7.9360622649E+00     ESP at Nucleus =   7.8367088117E+00
           ESPe = -8.2565927969E+00     ESPe at Nucleus = -8.1634939648E+00
           ESPn =  1.6192655062E+01     ESPn at Nucleus =  1.6000202777E+01

CP# 8      Coords = -1.36791159819571E-01  4.53275992937001E+00  7.12210282647533E-02
           Type = (3,-3) NACP O8
           Rho =  1.4771006448E+02     Rho at Nucleus =  1.4771005587E+02
           GradRho =  6.0408340656E-13 -1.4980280510E-10 -8.4915722457E-13
           HessRho_EigVals = -4.1085218285E+05 -4.1084682001E+05 -4.1083432585E+05
           HessRho_EigVec1 =  2.7491711866E-02  5.4009286234E-03  9.9960744082E-01
           HessRho_EigVec2 =  8.8848824616E-02  9.9601438467E-01 -7.8250806927E-03
           HessRho_EigVec3 =  9.9566565279E-01 -8.9029071058E-02 -2.6902274318E-02
           DelSqRho = -1.2325333287E+06
           Bond Ellipticity = NA
           V = -3.0820265740E+05
           G =  3.4662611874E+01
           K =  3.0816799479E+05
           L =  3.0813333218E+05
           Vnuc =  1.2356023119E+06
           Ven = -1.8251089716E+08
           Vrep =  1.8220269451E+08
           DelSqV =  1.9603463975E+10
           DelSqVen =  1.5229210301E+12
           DelSqVrep = -1.5033175672E+12
           DelSqG =  8.5724290172E+08
           DelSqK = -2.0460706877E+10
           Stress_EigVals = -1.0273657353E+05 -1.0273355508E+05 -1.0273252879E+05
           Stress_EigVec1 =  9.9509459344E-01 -9.5096511973E-02 -2.7265426976E-02
           Stress_EigVec2 =  9.4391253580E-02  9.9519340274E-01 -2.6084140684E-02
           Stress_EigVec3 =  2.9614883847E-02  2.3382569538E-02  9.9928785347E-01
           -DivStress = -1.2728002333E+04 -3.9292586297E+04 -1.2143219022E+03
           ESP =  -3.5577009959E+00     ESP at Nucleus =  -3.5576954700E+00
           ESPe = -1.8012201117E+01     ESPe at Nucleus = -1.8012206247E+01
           ESPn =  1.4454500121E+01     ESPn at Nucleus =  1.4454510777E+01

CP# 9      Coords =  4.91977642215159E-04  5.56931032150448E+00 -1.30601793958110E+00
           Type = (3,-3) NACP H9
           Rho =  2.1166818518E-01     Rho at Nucleus =  2.0630170134E-01
           GradRho = -3.4153452635E-15 -2.7682600339E-14  3.6866871860E-14
           HessRho_EigVals = -4.1384783805E+00 -4.1248609780E+00 -3.1718855711E+00
           HessRho_EigVec1 =  1.0525995006E-01  7.9522807762E-01  5.9710354837E-01
           HessRho_EigVec2 =  9.9165329286E-01 -1.2889462992E-01 -3.1497841895E-03
           HessRho_EigVec3 = -7.4458644068E-02 -5.9245124605E-01  8.0215798405E-01
           DelSqRho = -1.1435224930E+01
           Bond Ellipticity = NA
           V = -2.8923704688E+00
           G =  1.6782118218E-02
           K =  2.8755883506E+00
           L =  2.8588062324E+00
           Vnuc =  3.4566951044E+01
           Ven = -7.3167237947E+00
           Vrep =  4.4243533259E+00
           DelSqV =  6.8830143281E+02
           DelSqVen =  3.9528086031E+02
           DelSqVrep =  2.9302057250E+02
           DelSqG =  5.2790659297E+01
           DelSqK = -7.4109209211E+02
           Stress_EigVals = -1.0489103516E+00 -1.0457749734E+00 -7.9768514380E-01
           Stress_EigVec1 =  9.9092578497E-01 -1.3415557109E-01 -8.2687013480E-03
           Stress_EigVec2 =  1.1279918823E-01  7.9657238041E-01  5.9392658293E-01
           Stress_EigVec3 = -7.3091940801E-02 -5.8946986820E-01  8.0447675086E-01
           -DivStress =  9.5130286897E-01  7.6843600254E+00 -1.0476502767E+01
           ESP =   7.9703069554E+00     ESP at Nucleus =   7.8631432626E+00
           ESPe = -8.2921081002E+00     ESPe at Nucleus = -8.1929568166E+00
           ESPn =  1.6262415056E+01     ESPn at Nucleus =  1.6056100079E+01

CP# 10     Coords =  7.11837860226758E-02  5.51777154862177E+00  1.52594010870156E+00
           Type = (3,-3) NACP H10
           Rho =  2.0246936246E-01     Rho at Nucleus =  1.9761601914E-01
           GradRho = -2.2780713947E-15 -1.0197106085E-14 -1.7333882132E-14
           HessRho_EigVals = -3.9848008942E+00 -3.9725400873E+00 -3.1056126175E+00
           HessRho_EigVec1 =  7.8243591877E-02  8.2615896980E-01 -5.5797786421E-01
           HessRho_EigVec2 =  9.9052914939E-01 -1.2776662848E-01 -5.0276165869E-02
           HessRho_EigVec3 =  1.1282705588E-01  5.4875955141E-01  8.2833146155E-01
           DelSqRho = -1.1062953599E+01
           Bond Ellipticity = NA
           V = -2.7954607357E+00
           G =  1.4861167970E-02
           K =  2.7805995677E+00
           L =  2.7657383998E+00
           Vnuc =  3.5125538321E+01
           Ven = -7.1118453500E+00
           Vrep =  4.3163846143E+00
           DelSqV =  6.7120330556E+02
           DelSqVen =  3.8859220059E+02
           DelSqVrep =  2.8261110497E+02
           DelSqG =  5.1522307529E+01
           DelSqK = -7.2272561309E+02
           Stress_EigVals = -1.0087798936E+00 -1.0059750904E+00 -7.8070575164E-01
           Stress_EigVec1 =  9.9010748144E-01 -1.3260289913E-01 -4.5865524461E-02
           Stress_EigVec2 =  8.5130274111E-02  8.2756673757E-01 -5.5487487895E-01
           Stress_EigVec3 =  1.1153480005E-01  5.4548122425E-01  8.3066853941E-01
           -DivStress =  1.3583865850E+00  6.6499687436E+00  1.0120038194E+01
           ESP =   7.9254622191E+00     ESP at Nucleus =   7.8262935915E+00
           ESPe = -8.2450944910E+00     ESPe at Nucleus = -8.1520933637E+00
           ESPn =  1.6170556710E+01     ESPn at Nucleus =  1.5978386955E+01

CP# 11     Coords =  4.53356805087205E+00 -6.12086688792924E-02  1.11549615854412E-01
           Type = (3,-3) NACP O11
           Rho =  1.4771465822E+02     Rho at Nucleus =  1.4771464957E+02
           GradRho =  1.8769645126E-11 -2.6739342077E-13  1.3799933418E-12
           HessRho_EigVals = -4.1086556520E+05 -4.1086016694E+05 -4.1084746613E+05
           HessRho_EigVec1 =  4.3380806439E-02  9.9880520533E-01  2.2500387335E-02
           HessRho_EigVec2 =  9.9578240430E-01 -4.1405163887E-02 -8.1871946934E-02
           HessRho_EigVec3 =  8.0842494543E-02 -2.5957160881E-02  9.9638883819E-01
           DelSqRho = -1.2325731983E+06
           Bond Ellipticity = NA
           V = -3.0821246456E+05
           G =  3.4582494390E+01
           K =  3.0817788206E+05
           L =  3.0814329957E+05
           Vnuc =  1.2326941168E+06
           Ven = -1.8208699015E+08
           Vrep =  1.8177877769E+08
           DelSqV =  1.9604090523E+10
           DelSqVen =  1.5193857331E+12
           DelSqVrep = -1.4997816431E+12
           DelSqG =  8.5727129586E+08
           DelSqK = -2.0461361819E+10
           Stress_EigVals = -1.0273988523E+05 -1.0273680753E+05 -1.0273577179E+05
           Stress_EigVec1 =  8.6328493363E-02 -2.6188113588E-02  9.9592247386E-01
           Stress_EigVec2 =  9.9531106588E-01 -4.1507794654E-02 -8.7366956635E-02
           Stress_EigVec3 =  4.3626521321E-02  9.9879491673E-01  2.2482013873E-02
           -DivStress = -3.9799331592E+04  1.3081503113E+03  1.1397661365E+04
           ESP =  -3.5617975305E+00     ESP at Nucleus =  -3.5617918818E+00
           ESPe = -1.8007382946E+01     ESPe at Nucleus = -1.8007388179E+01
           ESPn =  1.4445585415E+01     ESPn at Nucleus =  1.4445596298E+01

CP# 12     Coords =  5.61217415283683E+00  1.33236194575724E+00 -1.11831087186086E-02
           Type = (3,-3) NACP H12
           Rho =  2.0305049083E-01     Rho at Nucleus =  1.9817263830E-01
           GradRho =  7.4763786606E-17 -3.8849158185E-16  1.8317934517E-17
           HessRho_EigVals = -3.9957336524E+00 -3.9833402185E+00 -3.1119381956E+00
           HessRho_EigVec1 =  7.8915390633E-01 -6.0668996035E-01 -9.5725671215E-02
           HessRho_EigVec2 =  1.1544010339E-01 -6.5661310182E-03  9.9329274056E-01
           HessRho_EigVec3 =  6.0324928069E-01  7.9491142773E-01 -6.4854663806E-02
           DelSqRho = -1.1091012067E+01
           Bond Ellipticity = NA
           V = -2.8028042577E+00
           G =  1.5025620524E-02
           K =  2.7877786372E+00
           L =  2.7727530166E+00
           Vnuc =  3.5010734908E+01
           Ven = -7.1089469074E+00
           Vrep =  4.3061426497E+00
           DelSqV =  6.7273623545E+02
           DelSqVen =  3.8830448332E+02
           DelSqVrep =  2.8443175213E+02
           DelSqG =  5.1642538409E+01
           DelSqK = -7.2437877386E+02
           Stress_EigVals = -1.0116465886E+00 -1.0088181208E+00 -7.8233954824E-01
           Stress_EigVec1 =  1.1977353824E-01 -1.0973491557E-02  9.9274059150E-01
           Stress_EigVec2 =  7.9090799260E-01 -6.0335875356E-01 -1.0209192790E-01
           Stress_EigVec3 =  6.0009903081E-01  7.9739437983E-01 -6.3587390565E-02
           -DivStress =  7.3464327588E+00  9.7493390195E+00 -7.7700970974E-01
           ESP =   7.8791215777E+00     ESP at Nucleus =   7.7788317453E+00
           ESPe = -8.2016329578E+00     ESPe at Nucleus = -8.1076315900E+00
           ESPn =  1.6080754536E+01     ESPn at Nucleus =  1.5886463335E+01

CP# 13     Coords =  5.50028209053210E+00 -1.52833941620819E+00 -7.64414617489237E-02
           Type = (3,-3) NACP H13
           Rho =  2.0292161707E-01     Rho at Nucleus =  1.9804376496E-01
           GradRho = -2.7325096531E-14  4.1450597007E-14  5.0311317612E-15
           HessRho_EigVals = -3.9925402638E+00 -3.9801323957E+00 -3.1090271349E+00
           HessRho_EigVec1 =  8.3486537814E-01  5.4603666493E-01 -6.9597133079E-02
           HessRho_EigVec2 =  1.1399113201E-01 -4.7806064979E-02  9.9233089339E-01
           HessRho_EigVec3 = -5.3852188646E-01  8.3639616254E-01  1.0215496607E-01
           DelSqRho = -1.1081699794E+01
           Bond Ellipticity = NA
           V = -2.8003931578E+00
           G =  1.4984104601E-02
           K =  2.7854090532E+00
           L =  2.7704249486E+00
           Vnuc =  3.5133668942E+01
           Ven = -7.1293809151E+00
           Vrep =  4.3289877573E+00
           DelSqV =  6.7209383513E+02
           DelSqVen =  3.8934077189E+02
           DelSqVrep =  2.8275306325E+02
           DelSqG =  5.1588955192E+01
           DelSqK = -7.2368279033E+02
           Stress_EigVals = -1.0108073016E+00 -1.0079882347E+00 -7.8159762150E-01
           Stress_EigVec1 =  1.1847371368E-01 -4.3866597446E-02  9.9198775234E-01
           Stress_EigVec2 =  8.3639852604E-01  5.4284319372E-01 -7.5886577692E-02
           Stress_EigVec3 = -5.3516491366E-01  8.3868765858E-01  1.0100260655E-01
           -DivStress =  6.5466795863E+00 -1.0252314682E+01 -1.2343214516E+00
           ESP =   7.9459758874E+00     ESP at Nucleus =   7.8468149489E+00
           ESPe = -8.2656430558E+00     ESPe at Nucleus = -8.1727288008E+00
           ESPn =  1.6211618943E+01     ESPn at Nucleus =  1.6019543750E+01

CP# 14     Coords = -6.04513079747897E-02 -1.50554438114623E-02 -4.53497136855929E+00
           Type = (3,-3) NACP O14
           Rho =  1.4771126772E+02     Rho at Nucleus =  1.4771125934E+02
           GradRho = -1.1634287284E-12  2.8746449665E-13 -8.2811526733E-11
           HessRho_EigVals = -4.1085607071E+05 -4.1085070092E+05 -4.1083787435E+05
           HessRho_EigVec1 =  9.9857559898E-01 -3.3473094497E-02 -4.1549068143E-02
           HessRho_EigVec2 =  3.9770684753E-02 -5.2148779482E-02  9.9784708119E-01
           HessRho_EigVec3 =  3.5567762834E-02  9.9807818168E-01  5.0743250818E-02
           DelSqRho = -1.2325446460E+06
           Bond Ellipticity = NA
           V = -3.0820535677E+05
           G =  3.4597637394E+01
           K =  3.0817075913E+05
           L =  3.0813616149E+05
           Vnuc =  1.2522409695E+06
           Ven = -1.8497010110E+08
           Vrep =  1.8466189575E+08
           DelSqV =  1.9603639855E+10
           DelSqVen =  1.5434429000E+12
           DelSqVrep = -1.5238392601E+12
           DelSqG =  8.5725133091E+08
           DelSqK = -2.0460891186E+10
           Stress_EigVals = -1.0273753548E+05 -1.0273442523E+05 -1.0273339606E+05
           Stress_EigVec1 =  3.5662633207E-02  9.9792766168E-01  5.3558926872E-02
           Stress_EigVec2 =  3.9999794163E-02 -5.4975426965E-02  9.9768618257E-01
           Stress_EigVec3 =  9.9856306414E-01 -3.3437770334E-02 -4.1877469544E-02
           -DivStress =  1.3021087363E+03 -6.3143216970E+03  4.0259577083E+04
           ESP =  -3.5628673063E+00     ESP at Nucleus =  -3.5628615304E+00
           ESPe = -1.8006963827E+01     ESPe at Nucleus = -1.8006969171E+01
           ESPn =  1.4444096520E+01     ESPn at Nucleus =  1.4444107640E+01

CP# 15     Coords =  1.33456627841963E+00  2.75107100714573E-02 -5.61786349436655E+00
           Type = (3,-3) NACP H15
           Rho =  2.0296908981E-01     Rho at Nucleus =  1.9809070572E-01
           GradRho = -4.6609173769E-16 -1.1384122811E-17  2.1431966445E-16
           HessRho_EigVals = -3.9943704757E+00 -3.9818577780E+00 -3.1105340235E+00
           HessRho_EigVec1 =  6.0523976974E-01 -6.9930003536E-02  7.9296570905E-01
           HessRho_EigVec2 =  2.5313062605E-02  9.9732091533E-01  6.8631193419E-02
           HessRho_EigVec3 =  7.9564066638E-01  2.1465937065E-02 -6.0538842371E-01
           DelSqRho = -1.1086762277E+01
           Bond Ellipticity = NA
           V = -2.8017484518E+00
           G =  1.5028941241E-02
           K =  2.7867195105E+00
           L =  2.7716905693E+00
           Vnuc =  3.4999017550E+01
           Ven = -7.1037187363E+00
           Vrep =  4.3019702845E+00
           DelSqV =  6.7245719664E+02
           DelSqVen =  3.8802578751E+02
           DelSqVrep =  2.8443140913E+02
           DelSqG =  5.1624376622E+01
           DelSqK = -7.2408157327E+02
           Stress_EigVals = -1.0113075388E+00 -1.0084605948E+00 -7.8198031824E-01
           Stress_EigVec1 =  2.7952987978E-02  9.9705868280E-01  7.1362549801E-02
           Stress_EigVec2 =  6.0186761645E-01 -7.3787084141E-02  7.9517975231E-01
           Stress_EigVec3 =  7.9810651089E-01  2.0723157696E-02 -6.0215990236E-01
           -DivStress =  9.7571141844E+00  2.5321494088E-01 -7.3702800272E+00
           ESP =   7.8753174999E+00     ESP at Nucleus =   7.7749937011E+00
           ESPe = -8.1984133541E+00     ESPe at Nucleus = -8.1043716658E+00
           ESPn =  1.6073730854E+01     ESPn at Nucleus =  1.5879365367E+01

CP# 16     Coords = -1.52647957561458E+00  1.23708662589746E-01 -5.51111336070008E+00
           Type = (3,-3) NACP H16
           Rho =  2.0291869367E-01     Rho at Nucleus =  1.9803722558E-01
           GradRho =  4.0693792127E-14 -3.6866668572E-15  2.5260254670E-14
           HessRho_EigVals = -3.9926098401E+00 -3.9800789198E+00 -3.1084970210E+00
           HessRho_EigVec1 = -5.4713702781E-01 -3.1490384693E-02  8.3645049373E-01
           HessRho_EigVec2 =  4.6755922402E-02  9.9658210276E-01  6.8102835298E-02
           HessRho_EigVec3 =  8.3573617638E-01 -7.6370597268E-02  5.4379460769E-01
           DelSqRho = -1.1081185781E+01
           Bond Ellipticity = NA
           V = -2.8002996213E+00
