AIMSum (Version 16.05.18, Professional)
Copyright (c) 1997-2016 by Todd A. Keith
AIMSum is a component of the AIMAll package ( http://aim.tkgristmill.com )

TP:  64-bit Linux

Licensed To:  Research Group of Fernando Cortes Guzman, UNAM, fercor@unam.mx

Much of the Quantum Theory of Atoms in Molecules (QTAIM) is described in the book:
  "Atoms in Molecules - A Quantum Theory"
  R.F.W. Bader, Oxford University Press, Oxford, 1990

For additional references see:  http://aim.tkgristmill.com/references.html

Wfx File:  /home/lillian/David/max_int/acercamiento/Ni23_30_alpha.wfx
Sum File:  /home/lillian/David/max_int/acercamiento/Ni23_30_alpha.sum

SumViz File:  /home/lillian/David/max_int/acercamiento/Ni23_30_alpha.sumviz

Wfx Title:   Ni23_30                                                                       
 
Total memory allocated for AIMSum =        1.243 Megabytes

Atomic units (a.u.) used throughout, except where stated otherwise

Model:  Unknown
 
Unrestricted, natural orbital wavefunction.
  Number of electrons (from MO Occs)                   =          44.0000000000
  Number of Alpha electrons (from MO Occs)             =          44.0000000000
  Number of Beta electrons (from MO Occs)              =           0.0000000000
  Number of electron pairs (N*(N-1)/2)                 =         946.0000000000
  Number of electron pairs (from Muller 2EDM)          =         946.0000000000
  Number of electron pairs (from Muller 2EDM, no SOSI) =         946.0000000000
 
Nuclear Charges and Cartesian Coordinates:
-------------------------------------------------------------------------------
Atom      Charge                X                  Y                  Z
-------------------------------------------------------------------------------
Ni1       28.0           0.0000000000E+00   0.0000000000E+00   0.0000000000E+00
O2         8.0          -5.5301862804E+00   5.6043659540E-01  -1.1146902150E+00
H3         1.0          -6.7876911373E+00  -6.6768737297E-01  -6.3734829583E-01
H4         1.0          -6.2301559606E+00   2.1926107216E+00  -7.0804857601E-01
O5         8.0           6.9996031199E-01   1.2622060096E+00   5.4823786109E+00
H6         1.0          -4.8555125066E-01   8.1302369230E-01   6.7905604437E+00
H7         1.0           2.3523348851E+00   8.4100158571E-01   6.1244984145E+00
O8         8.0          -9.9297774284E-01   5.5115433199E+00   8.8117492444E-01
H9         1.0          -5.2938162677E-01   6.8590353742E+00  -2.5310626658E-01
H10        1.0          -4.9941590551E-01   6.0463503156E+00   2.5514417141E+00
O11        8.0           5.5301862804E+00  -5.6043659540E-01   1.1146902150E+00
H12        1.0           6.7876911373E+00   6.6768737297E-01   6.3734829583E-01
H13        1.0           6.2301559606E+00  -2.1926107216E+00   7.0804857601E-01
O14        8.0          -6.9996031199E-01  -1.2622060096E+00  -5.4823786109E+00
H15        1.0           4.8555125066E-01  -8.1302369230E-01  -6.7905604437E+00
H16        1.0          -2.3523348851E+00  -8.4100158571E-01  -6.1244984145E+00
O17        8.0           9.9297774284E-01  -5.5115433199E+00  -8.8117492444E-01
H18        1.0           5.2938162677E-01  -6.8590353742E+00   2.5310626658E-01
H19        1.0           4.9941590551E-01  -6.0463503156E+00  -2.5514417141E+00
 
Some Atomic Properties:
----------------------
  q(A) = Net Charge of Atom A
  L(A) = Lagrangian of Atom A = -(1/4) Times Atomic Integral of the Laplacian of the Electron Density
  K(A) = Electronic Kinetic Energy of Atom A (Hamiltonian Form)
  K_Scaled(A) = K(A) * E(Mol)/K(Mol) = Approximation to Virial-Based Total Energy of Atom A.
  |Mu_Intra(A)| = Magnitude of Intraatomic Dipole Moment of Atom A
--------------------------------------------------------------------------------------------------
Atom A          q(A)              L(A)              K(A)          K_Scaled(A)      |Mu_Intra(A)|
--------------------------------------------------------------------------------------------------
Ni1       1.3851021520E+01 -1.9230211815E-05  7.6245434495E+02 -7.6388024578E+02  1.1494120225E-06
O2        3.3881400525E+00 -4.6194997911E-06  3.7754436293E+01 -3.7825042595E+01  1.1336379729E-01
H3        8.1796363636E-01  6.2457142953E-06  1.6798031119E-01 -1.6829445887E-01  6.8225539719E-02
H4        8.1853809467E-01  1.0373429125E-05  1.6744148784E-01 -1.6775462784E-01  6.8183059601E-02
O5        3.3883354899E+00 -4.2552531638E-05  3.7753762551E+01 -3.7824367593E+01  1.1568442775E-01
H6        8.1803630310E-01  6.8514680928E-06  1.6789221792E-01 -1.6820620085E-01  6.8223101953E-02
H7        8.1842137643E-01  1.2474433442E-05  1.6745605707E-01 -1.6776922432E-01  6.8255643503E-02
O8        3.3883554997E+00 -3.8871006192E-05  3.7754669840E+01 -3.7825276579E+01  1.1469482204E-01
H9        8.1809512728E-01  6.1992113940E-06  1.6787327702E-01 -1.6818722454E-01  6.8236015363E-02
H10       8.1857039682E-01  1.4338464059E-05  1.6729559621E-01 -1.6760846338E-01  6.8243507782E-02
O11       3.3881385408E+00 -6.1874936783E-06  3.7754436341E+01 -3.7825042643E+01  1.1336856693E-01
H12       8.1796350716E-01  6.0226122135E-06  1.6798041403E-01 -1.6829456190E-01  6.8225868875E-02
H13       8.1854017381E-01  1.2347986523E-05  1.6744131541E-01 -1.6775445510E-01  6.8182909676E-02
O14       3.3883361293E+00 -4.1508987977E-05  3.7753763339E+01 -3.7824368383E+01  1.1568261156E-01
H15       8.1803658887E-01  6.9384009166E-06  1.6789214259E-01 -1.6820612539E-01  6.8223266605E-02
H16       8.1842215654E-01  1.2359426592E-05  1.6745542288E-01 -1.6776858895E-01  6.8255873682E-02
O17       3.3883526499E+00 -4.2546960123E-05  3.7754669420E+01 -3.7825276158E+01  1.1469428040E-01
H18       8.1809552330E-01  6.4676438305E-06  1.6787316636E-01 -1.6818711366E-01  6.8236016121E-02
H19       8.1857100232E-01  1.4151544643E-05  1.6729499199E-01 -1.6760785803E-01  6.8243836737E-02
--------------------------------------------------------------------------------------------------
Total     4.3999933769E+01 -8.0746356088E-05  9.9099195913E+02 -9.9284525863E+02
 
Molecular charge q(Mol) from the wfx file:   4.4000000000E+01
Molecular energy E(Mol) from the wfx file:  -1.9661079292E+03
Molecular virial ratio (-V(Mol)/T(Mol)) from the wfx file:   2.0018701459E+00
Full molecular virial ratio ((-V(Mol)+W(Mol))/T(Mol)) from the wfx file:   2.0014729449E+00
Note.  K_Scaled(A) = (1+V(Mol)/T(Mol))*K(A) = (E(Mol)/T(Mol))*K(A)
       Only use K_Scaled(A) data with caution.
 
N_AIMInt(SumA)     =         44.000066
N_Analytic(Mol)    =         44.000000
 
G_AIMInt(SumA)     =        990.992040
G_Analytic(Mol)    =        990.991966
 
K_AIMInt(SumA)     =        990.991959
K_Analytic(Mol)    =        990.991966
 
L_AIMInt(SumA)     =         -0.000081
L_Analytic(Mol)    =          0.000000
 
VenT_AIMInt(SumA)  =      -2894.033920
VenT_Analytic(Mol) =      -2894.032832
 
Some Information About the Atomic Calculations:
----------------------------------------------
  Time(sec) = "Elapsed User Time", in Seconds, for Atom A by AIMInt and, if used, by TWOe
  NProc = Number of Processors Used for AIMInt Job
  BIM = Basin Integration Method
  OAQ = Angular Quadrature Outside of Beta Sphere
  ORQ = Multiple of Default for Radial Quadrature Outside of Beta Sphere
  IAQ = Multiple of Default for Angular Quadrature Inside of Beta Sphere
  IRQ = Multiple of Default for Radial Quadrature Inside of Beta Sphere
  MIR = Maximum Integration Radius
------------------------------------------------------------------------------------------------------
Atom A     Time(sec)   NProc      BIM              OAQ                 ORQ      IAQ      IRQ      MIR
------------------------------------------------------------------------------------------------------
Ni1          1108        8     Proaim(5)    4334      (Very High)      Auto     Auto     Auto    13.00
O2            957        8     Proaim(5)    4334      (Very High)      Auto     Auto     Auto    13.00
H3            188        8     Proaim(5)    2030      (Very High)      Auto     Auto     Auto    13.00
H4            214        8     Proaim(5)    2030      (Very High)      Auto     Auto     Auto    13.00
O5            930        8     Proaim(5)    4334      (Very High)      Auto     Auto     Auto    13.00
H6            284        8     Proaim(5)    2030      (Very High)      Auto     Auto     Auto    13.00
H7            149        8     Proaim(5)    2030      (Very High)      Auto     Auto     Auto    13.00
O8            906        8     Proaim(5)    4334      (Very High)      Auto     Auto     Auto    13.00
H9            179        8     Proaim(5)    2030      (Very High)      Auto     Auto     Auto    13.00
H10           314        8     Proaim(5)    2030      (Very High)      Auto     Auto     Auto    13.00
O11           803        8     Proaim(5)    4334      (Very High)      Auto     Auto     Auto    13.00
H12           235        8     Proaim(5)    2030      (Very High)      Auto     Auto     Auto    13.00
H13           145        8     Proaim(5)    2030      (Very High)      Auto     Auto     Auto    13.00
O14           828        8     Proaim(5)    4334      (Very High)      Auto     Auto     Auto    13.00
H15           205        8     Proaim(5)    2030      (Very High)      Auto     Auto     Auto    13.00
H16           285        8     Proaim(5)    2030      (Very High)      Auto     Auto     Auto    13.00
O17           954        8     Proaim(5)    4334      (Very High)      Auto     Auto     Auto    13.00
H18           174        8     Proaim(5)    2030      (Very High)      Auto     Auto     Auto    13.00
H19           319        8     Proaim(5)    2030      (Very High)      Auto     Auto     Auto    13.00
------------------------------------------------------------------------------------------------------
Total        9177
Note:  Total wall clock time is less than total of atomic times if more than one atom
       was calculated at a time
Note:  Total time does not include times for diatomic interaction energy calculations (3608 seconds)
 
Electron Density Critical Point Analysis of Molecular Structure:               
---------------------------------------------------------------                
  NACP = Nuclear Attractor Critical Point                                      
  NNACP = Non-Nuclear Attractor Critical Point                                 
  BCP = Bond Critical Point                                                    
  RCP = Ring Critical Point                                                    
  CCP = Cage Critical Point                                                    
  Rho = Electron Density                                                       
  GradRho = Gradient of Electron Density                                       
  HessRho_EigVals = Eigenvalues of the Hessian of Rho, Ascending Order         
  HessRho_EigVecs = Eigenvectors of the Hessian of Rho                         
  DelSqRho = Laplacian of Rho = Trace of Hessian of Rho                        
  Bond Ellipticity = (HessRho_EigVal(1) / HessRho_EigVal(2)) - 1               
  V = Virial Field = Potential Energy Density = Trace of Stress Tensor         
  G = Lagrangian Form of Kinetic Energy Density                                
  K = Hamiltonian Form of Kinetic Energy Density                               
  L = K - G = Lagrangian Density = (-1/4)DelSqRho                              
  Vnuc = Electrostatic Potential from Nuclei                                   
  Ven = Electron-nuclear attractive contribution to Virial Field V             
  Vrep = V - Ven = Repulsive contribution to Virial Field V                    
  DelSqV = Laplacian of V                                                      
  DelSqVen = Laplacian of Ven                                                  
  DelSqVrep = Laplacian of Vrep                                                
  DelSqG = Laplacian of G                                                      
  DelSqK = Laplacian of K                                                      
  Stress_EigVals = Eigenvalues of Stress Tensor, Ascending Order               
  Stress_EigVecs = Eigenvectors of Stress Tensor                               
  -DivStress = Ehrenfest Force Density = Minus Divergence of Stress Tensor     
  ESP = Total Electrostatic Potential                                          
  ESPe = Electrostatic Potential from Electrons                                
  ESPn = Electrostatic Potential from Nuclei                                   
  BP = Bond Path                                                               
  BPL = Bond Path Length                                                       
  GBL = Geometric Bond Length                                                  
  GBL_I = Distance Between Nuclear Attractors                                  
  GBL_II = Distance Between Nuclei                                             
  GBL_III = Sum of Distances Between BCP and Nuclear Attractors                
  GBL_IV = Sum of Distances Between BCP and Nuclei                             

CP# 1      Coords = -2.47754300273496E-25 -7.87806542386639E-26  6.32007940901112E-25
           Type = (3,-3) NACP Ni1
           Rho =  7.2848923075E+03     Rho at Nucleus =  7.2848923075E+03
           GradRho =  2.1265999963E-18 -3.9737188463E-18  2.0707621577E-18
           HessRho_EigVals = -4.2221738655E+08 -4.2221735421E+08 -4.2221734861E+08
           HessRho_EigVec1 =  5.3775852518E-01  5.6605549433E-01 -6.2481753011E-01
           HessRho_EigVec2 =  8.3408002668E-01 -4.6529718425E-01  2.9632590070E-01
           HessRho_EigVec3 =  1.2298893323E-01  6.8049960152E-01  7.2235310939E-01
           DelSqRho = -1.2666520894E+09
           Bond Ellipticity = NA
           V = -3.1693226177E+08
           G =  1.3461971639E+05
           K =  3.1679764206E+08
           L =  3.1666302234E+08
           Vnuc =  2.8000000102E+09
           Ven = -2.0397698536E+13
           Vrep =  2.0397381603E+13
           DelSqV =  6.5848027851E+14
           DelSqVen =  6.1193095383E+29
           DelSqVrep = -6.1193095383E+29
           DelSqG =  1.8381544251E+13
           DelSqK = -6.7686182276E+14
           Stress_EigVals = -1.0564408769E+08 -1.0564408748E+08 -1.0564408660E+08
           Stress_EigVec1 =  1.2826589224E-01  7.1777761393E-01  6.8435601687E-01
           Stress_EigVec2 =  8.4592450522E-01 -4.3936532786E-01  3.0227444509E-01
           Stress_EigVec3 =  5.1764813567E-01  5.4014202356E-01 -6.6354125871E-01
           -DivStress =  5.1203263811E-11  1.6497539293E-11 -1.3063785110E-10
           ESP =  -6.0329962384E+01     ESP at Nucleus =  -6.0329962384E+01
           ESPe = -7.0578326140E+01     ESPe at Nucleus = -7.0578326140E+01
           ESPn =  1.0248363756E+01     ESPn at Nucleus =  1.0248363756E+01

CP# 2      Coords = -5.53019317831283E+00  5.60438066288478E-01 -1.11468529792489E+00
           Type = (3,-3) NACP O2
           Rho =  1.4784004228E+02     Rho at Nucleus =  1.4784002708E+02
           GradRho = -6.1905633939E-11  4.4950076308E-12  4.2736609824E-11
           HessRho_EigVals = -4.1121757182E+05 -4.1121045200E+05 -4.1120046751E+05
           HessRho_EigVec1 =  1.9883554787E-01  9.7968962963E-01 -2.5935583528E-02
           HessRho_EigVec2 =  9.4615862852E-01 -1.9879330609E-01 -2.5547029402E-01
           HessRho_EigVec3 =  2.5543741812E-01 -2.6257399735E-02  9.6646897228E-01
           DelSqRho = -1.2336284913E+06
           Bond Ellipticity = NA
           V = -3.0847645981E+05
           G =  3.4668491174E+01
           K =  3.0844179132E+05
           L =  3.0840712283E+05
           Vnuc =  9.3048122655E+05
           Ven = -1.3756238387E+08
           Vrep =  1.3725390741E+08
           DelSqV =  1.9620793150E+10
           DelSqVen =  1.1478681522E+12
           DelSqVrep = -1.1282473593E+12
           DelSqG =  8.5801205535E+08
           DelSqK = -2.0478805206E+10
           Stress_EigVals = -1.0282761134E+05 -1.0282511946E+05 -1.0282372901E+05
           Stress_EigVec1 =  2.7743533528E-01 -3.0772928574E-02  9.6025135335E-01
           Stress_EigVec2 =  9.3965905401E-01 -1.9955707721E-01 -2.7788097299E-01
           Stress_EigVec3 =  2.0017616480E-01  9.7940287921E-01 -2.6448123670E-02
           -DivStress =  4.4060713839E+04 -9.3953077736E+03 -3.1404967532E+04
           ESP =  -5.2387440943E+00     ESP at Nucleus =  -5.2387416308E+00
           ESPe = -1.7185945372E+01     ESPe at Nucleus = -1.7185948496E+01
           ESPn =  1.1947201278E+01     ESPn at Nucleus =  1.1947206865E+01

CP# 3      Coords = -6.75222685927753E+00 -6.32055468455123E-01 -6.50310452321434E-01
           Type = (3,-3) NACP H3
           Rho =  2.0478620897E-01     Rho at Nucleus =  2.0002060905E-01
           GradRho =  9.6074177395E-13  9.6400055364E-13 -3.5312647717E-13
           HessRho_EigVals = -4.0291136305E+00 -4.0185331482E+00 -3.1616916378E+00
           HessRho_EigVec1 = -6.3695726080E-01  7.2953033178E-01  2.4914040806E-01
           HessRho_EigVec2 = -3.5440753936E-01  9.8878528474E-03 -9.3503878337E-01
           HessRho_EigVec3 =  6.8460261756E-01  6.8387698117E-01 -2.5225291011E-01
           DelSqRho = -1.1209338417E+01
           Bond Ellipticity = NA
           V = -2.8328743786E+00
           G =  1.5269887234E-02
           K =  2.8176044914E+00
           L =  2.8023346041E+00
           Vnuc =  3.3540379204E+01
           Ven = -6.8686071047E+00
           Vrep =  4.0357327261E+00
           DelSqV =  6.8210872385E+02
           DelSqVen =  3.7596546112E+02
           DelSqVrep =  3.0614326273E+02
           DelSqG =  5.2273063509E+01
           DelSqK = -7.3438178736E+02
           Stress_EigVals = -1.0201901774E+00 -1.0176626228E+00 -7.9502157836E-01
           Stress_EigVec1 =  3.4810360226E-01 -5.4982819990E-03  9.3743994527E-01
           Stress_EigVec2 =  6.4310302775E-01 -7.2618021344E-01 -2.4306540950E-01
           Stress_EigVec3 = -6.8208678171E-01 -6.8748241177E-01  2.4924998639E-01
           -DivStress = -8.2980430750E+00 -8.3432113268E+00  3.0264200025E+00
           ESP =   6.6398324091E+00     ESP at Nucleus =   6.5521373295E+00
           ESPe = -7.6389983832E+00     ESPe at Nucleus = -7.5531554482E+00
           ESPn =  1.4278830792E+01     ESPn at Nucleus =  1.4105292778E+01

CP# 4      Coords = -6.21083157533609E+00  2.14557079795436E+00 -7.19041308971238E-01
           Type = (3,-3) NACP H4
           Rho =  2.0456823592E-01     Rho at Nucleus =  1.9979155962E-01
           GradRho =  3.6234288851E-13 -8.7883010786E-13 -2.0663200866E-13
           HessRho_EigVals = -4.0224087315E+00 -4.0117905273E+00 -3.1537331820E+00
           HessRho_EigVec1 =  8.6239954134E-01  4.2331367030E-01 -2.7761946553E-01
           HessRho_EigVec2 =  3.4096520500E-01 -8.0366658719E-02  9.3663436257E-01
           HessRho_EigVec3 = -3.7417878091E-01  9.0241162266E-01  2.1364340199E-01
           DelSqRho = -1.1187932441E+01
           Bond Ellipticity = NA
           V = -2.8274309207E+00
           G =  1.5223905256E-02
           K =  2.8122070154E+00
           L =  2.7969831102E+00
           Vnuc =  3.3878358915E+01
           Ven = -6.9304361191E+00
           Vrep =  4.1030051984E+00
           DelSqV =  6.8047244574E+02
           DelSqVen =  3.7902879074E+02
           DelSqVrep =  3.0144365500E+02
           DelSqG =  5.2132986387E+01
           DelSqK = -7.3260543213E+02
           Stress_EigVals = -1.0184809366E+00 -1.0159346892E+00 -7.9301529492E-01
           Stress_EigVec1 =  3.3395840028E-01 -8.1774670573E-02  9.3903391320E-01
           Stress_EigVec2 =  8.6673112451E-01  4.1819551668E-01 -2.7182653961E-01
           Stress_EigVec3 = -3.7047124678E-01  9.0466867586E-01  2.1053655793E-01
           -DivStress = -4.5105621903E+00  1.0989970549E+01  2.5600807068E+00
           ESP =   6.8245903470E+00     ESP at Nucleus =   6.7409723026E+00
           ESPe = -7.8337523510E+00     ESPe at Nucleus = -7.7521190711E+00
           ESPn =  1.4658342698E+01     ESPn at Nucleus =  1.4493091374E+01

CP# 5      Coords =  6.99961993015092E-01  1.26220113085162E+00  5.48238553914583E+00
           Type = (3,-3) NACP O5
           Rho =  1.4784242241E+02     Rho at Nucleus =  1.4784240707E+02
           GradRho = -1.5042643346E-11 -4.0210723640E-11 -1.5620504890E-10
           HessRho_EigVals = -4.1122437761E+05 -4.1121721911E+05 -4.1120739685E+05
           HessRho_EigVec1 =  9.7167431717E-01  1.1169079096E-02 -2.3605989288E-01
           HessRho_EigVec2 =  2.3145928541E-01 -2.4660834377E-01  9.4106903253E-01
           HessRho_EigVec3 =  4.7703464753E-02  9.6905086371E-01  2.4220818110E-01
           DelSqRho = -1.2336489936E+06
           Bond Ellipticity = NA
           V = -3.0848156024E+05
           G =  3.4655923994E+01
           K =  3.0844690432E+05
           L =  3.0841224839E+05
           Vnuc =  9.2607137236E+05
           Ven = -1.3691263502E+08
           Vrep =  1.3660415346E+08
           DelSqV =  1.9621117150E+10
           DelSqVen =  1.1424470175E+12
           DelSqVrep = -1.1228259001E+12
           DelSqG =  8.5802669910E+08
           DelSqK = -2.0479143849E+10
           Stress_EigVals = -1.0282928909E+05 -1.0282683450E+05 -1.0282543665E+05
           Stress_EigVec1 =  5.3128263238E-02  9.6289203899E-01  2.6460595021E-01
           Stress_EigVec2 =  2.3151926164E-01 -2.6963739712E-01  9.3471627009E-01
           Stress_EigVec3 =  9.7137851486E-01  1.1601522168E-02 -2.3725342052E-01
           -DivStress = -1.0737764750E+04  3.1160138651E+04 -4.4254998896E+04
           ESP =  -5.2051421460E+00     ESP at Nucleus =  -5.2051396545E+00
           ESPe = -1.7218869524E+01     ESPe at Nucleus = -1.7218872672E+01
           ESPn =  1.2013727378E+01     ESPn at Nucleus =  1.2013733018E+01

CP# 6      Coords = -4.51136003556095E-01  8.25170346275421E-01  6.75364695836597E+00
           Type = (3,-3) NACP H6
           Rho =  2.0470991869E-01     Rho at Nucleus =  1.9994757180E-01
           GradRho =  3.1571543831E-12  1.1229084611E-12 -3.3977389316E-12
           HessRho_EigVals = -4.0275644104E+00 -4.0170720084E+00 -3.1605851311E+00
           HessRho_EigVec1 =  7.5000903879E-01 -2.5127575819E-01  6.1183897807E-01
           HessRho_EigVec2 =  3.4262426582E-02  9.3854548174E-01  3.4345081864E-01
           HessRho_EigVec3 = -6.6053957328E-01 -2.3662813029E-01  7.1252691184E-01
           DelSqRho = -1.1205221550E+01
           Bond Ellipticity = NA
           V = -2.8318081693E+00
           G =  1.5251390906E-02
           K =  2.8165567784E+00
           L =  2.8013053875E+00
           Vnuc =  3.3565764439E+01
           Ven = -6.8712449093E+00
           Vrep =  4.0394367400E+00
           DelSqV =  6.8187883813E+02
           DelSqVen =  3.7611182704E+02
           DelSqVrep =  3.0576701109E+02
           DelSqG =  5.2253528092E+01
           DelSqK = -7.3413236622E+02
           Stress_EigVals = -1.0197850345E+00 -1.0172802857E+00 -7.9474284903E-01
           Stress_EigVec1 =  2.9672930584E-02  9.4092842814E-01  3.3730284657E-01
           Stress_EigVec2 =  7.4695692008E-01 -2.4511084242E-01  6.1804209765E-01
           Stress_EigVec3 = -6.6420996435E-01 -2.3361157515E-01  7.1010615771E-01
           -DivStress = -8.0557847577E+00 -2.8346398407E+00  8.6342605160E+00
           ESP =   6.6513370995E+00     ESP at Nucleus =   6.5632269702E+00
           ESPe = -7.6499865770E+00     ESPe at Nucleus = -7.5637240554E+00
           ESPn =  1.4301323676E+01     ESPn at Nucleus =  1.4126951026E+01

CP# 7      Coords =  2.30474372600112E+00  8.52421489431714E-01  6.10687477085756E+00
           Type = (3,-3) NACP H7
           Rho =  2.0454880946E-01     Rho at Nucleus =  1.9977489005E-01
           GradRho = -1.4120858820E-12  3.4104647275E-13 -5.2640798486E-13
           HessRho_EigVals = -4.0216731801E+00 -4.0111245032E+00 -3.1533461296E+00
           HessRho_EigVec1 = -3.9346970043E-01 -2.6254823815E-01  8.8105051926E-01
           HessRho_EigVec2 =  1.0572346740E-01  9.3907311789E-01  3.2705386053E-01
           HessRho_EigVec3 =  9.1323827301E-01 -2.2183350038E-01  3.4173930828E-01
           DelSqRho = -1.1186143813E+01
           Bond Ellipticity = NA
           V = -2.8269653232E+00
           G =  1.5214684972E-02
           K =  2.8117506382E+00
           L =  2.7965359532E+00
           Vnuc =  3.3987847908E+01
           Ven = -6.9521738255E+00
           Vrep =  4.1252085023E+00
           DelSqV =  6.8038341452E+02
           DelSqVen =  3.8019295459E+02
           DelSqVrep =  3.0019045993E+02
           DelSqG =  5.2121172117E+01
           DelSqK = -7.3250458663E+02
           Stress_EigVals = -1.0182815277E+00 -1.0157611986E+00 -7.9292259693E-01
           Stress_EigVec1 =  1.0646094899E-01  9.4108457994E-01  3.2097644733E-01
           Stress_EigVec2 = -3.8820664159E-01 -2.5785115739E-01  8.8476459245E-01
           Stress_EigVec3 =  9.1540246327E-01 -2.1879806679E-01  3.3788420531E-01
           -DivStress =  1.1117029726E+01 -2.6596077663E+00  4.1125187143E+00
           ESP =   6.8768520745E+00     ESP at Nucleus =   6.7936806820E+00
           ESPe = -7.8870697900E+00     ESPe at Nucleus = -7.8059020109E+00
           ESPn =  1.4763921864E+01     ESPn at Nucleus =  1.4599582693E+01

CP# 8      Coords = -9.92972526284429E-01  5.51154990897681E+00  8.81176781355723E-01
           Type = (3,-3) NACP O8
           Rho =  1.4784213702E+02     Rho at Nucleus =  1.4784212179E+02
           GradRho =  1.1248946219E-11 -2.2505691755E-11  9.7694352608E-12
           HessRho_EigVals = -4.1122333863E+05 -4.1121620405E+05 -4.1120628654E+05
           HessRho_EigVec1 =  7.6915541708E-03 -2.8776523694E-01  9.5767009372E-01
           HessRho_EigVec2 =  2.8761799672E-01  9.1786527084E-01  2.7349448359E-01
           HessRho_EigVec3 =  9.5771432482E-01 -2.7333955624E-01 -8.9826271425E-02
           DelSqRho = -1.2336458292E+06
           Bond Ellipticity = NA
           V = -3.0848078700E+05
           G =  3.4664847863E+01
           K =  3.0844612215E+05
           L =  3.0841145730E+05
           Vnuc =  9.2950928343E+05
           Ven = -1.3742063885E+08
           Vrep =  1.3711215806E+08
           DelSqV =  1.9621066994E+10
           DelSqVen =  1.1466852490E+12
           DelSqVrep = -1.1270641818E+12
           DelSqG =  8.5802399076E+08
           DelSqK = -2.0479090985E+10
           Stress_EigVals = -1.0282904256E+05 -1.0282656854E+05 -1.0282517591E+05
           Stress_EigVec1 =  9.5054925954E-01 -2.9527684566E-01 -9.6268840227E-02
           Stress_EigVec2 =  3.1049220895E-01  9.1059954977E-01  2.7276922139E-01
           Stress_EigVec3 =  7.1199272817E-03 -2.8917130627E-01  9.5725088784E-01
           -DivStress = -3.3318191397E+04 -4.2089088127E+04 -1.1861487493E+04
           ESP =  -5.2243378496E+00     ESP at Nucleus =  -5.2243355611E+00
           ESPe = -1.7202955541E+01     ESPe at Nucleus = -1.7202958484E+01
           ESPn =  1.1978617692E+01     ESPn at Nucleus =  1.1978622923E+01

CP# 9      Coords = -5.41895563702138E-01  6.82091754555241E+00 -2.20139196251727E-01
           Type = (3,-3) NACP H9
           Rho =  2.0475837252E-01     Rho at Nucleus =  1.9999150596E-01
           GradRho = -2.8950160411E-12 -8.7727259268E-12  7.5652625982E-12
           HessRho_EigVals = -4.0289132909E+00 -4.0183428486E+00 -3.1611565614E+00
           HessRho_EigVec1 =  2.9593669660E-01  5.6460316983E-01  7.7048344059E-01
           HessRho_EigVec2 =  9.2355461623E-01 -3.7505133392E-01 -7.9895980927E-02
           HessRho_EigVec3 =  2.4386131807E-01  7.3522769095E-01 -6.3243331665E-01
           DelSqRho = -1.1208412701E+01
           Bond Ellipticity = NA
           V = -2.8326253234E+00
           G =  1.5261074110E-02
           K =  2.8173642493E+00
           L =  2.8021031752E+00
           Vnuc =  3.3501108999E+01
           Ven = -6.8596325563E+00
           Vrep =  4.0270072329E+00
           DelSqV =  6.8203742808E+02
           DelSqVen =  3.7549425561E+02
           DelSqVrep =  3.0654317247E+02
           DelSqG =  5.2271778313E+01
           DelSqK = -7.3430920639E+02
           Stress_EigVals = -1.0201300608E+00 -1.0176085243E+00 -7.9488673827E-01
           Stress_EigVec1 =  9.2639429188E-01 -3.6902249377E-01 -7.4940076424E-02
           Stress_EigVec2 =  2.8969391263E-01  5.7130195660E-01  7.6791373954E-01
           Stress_EigVec3 =  2.4056403088E-01  7.3310058892E-01 -6.3615444161E-01
           -DivStress =  2.9208261613E+00  8.9188853336E+00 -7.7191548697E+00
           ESP =   6.6215813791E+00     ESP at Nucleus =   6.5332824035E+00
           ESPe = -7.6216586645E+00     ESPe at Nucleus = -7.5351868986E+00
           ESPn =  1.4243240044E+01     ESPn at Nucleus =  1.4068469302E+01

CP# 10     Coords = -5.12893010705411E-01  6.03181090768780E+00  2.50329516546989E+00
           Type = (3,-3) NACP H10
           Rho =  2.0450906100E-01     Rho at Nucleus =  1.9972843161E-01
           GradRho = -6.2635790651E-13 -6.7603588743E-13 -2.2248699465E-12
           HessRho_EigVals = -4.0202899123E+00 -4.0096429989E+00 -3.1509841246E+00
           HessRho_EigVec1 = -2.8453575386E-01 -8.9121641094E-01  3.5323181291E-01
           HessRho_EigVec2 =  9.2238860461E-01 -3.5490872215E-01 -1.5244363228E-01
           HessRho_EigVec3 =  2.6122531817E-01  2.8244133518E-01  9.2303208250E-01
           DelSqRho = -1.1180917036E+01
           Bond Ellipticity = NA
           V = -2.8256625356E+00
           G =  1.5216638292E-02
           K =  2.8104458973E+00
           L =  2.7952292590E+00
           Vnuc =  3.4045762595E+01
           Ven = -6.9626669394E+00
           Vrep =  4.1370044039E+00
           DelSqV =  6.7993166690E+02
           DelSqVen =  3.8066284700E+02
           DelSqVrep =  2.9926881991E+02
           DelSqG =  5.2085472660E+01
           DelSqK = -7.3201713956E+02
           Stress_EigVals = -1.0179312382E+00 -1.0153970627E+00 -7.9233423463E-01
           Stress_EigVec1 =  9.2441134859E-01 -3.4953232597E-01 -1.5261327500E-01
           Stress_EigVec2 = -2.8084471996E-01 -8.9456079118E-01  3.4768841532E-01
           Stress_EigVec3 =  2.5805019255E-01  2.7854648442E-01  9.2510645557E-01
           -DivStress =  3.1380498860E+00  3.3907274880E+00  1.1241263965E+01
           ESP =   6.9128377530E+00     ESP at Nucleus =   6.8309253813E+00
           ESPe = -7.9274133376E+00     ESPe at Nucleus = -7.8475251334E+00
           ESPn =  1.4840251091E+01     ESPn at Nucleus =  1.4678450515E+01

CP# 11     Coords =  5.53019317831283E+00 -5.60438066288478E-01  1.11468529792489E+00
           Type = (3,-3) NACP O11
           Rho =  1.4784004228E+02     Rho at Nucleus =  1.4784002708E+02
           GradRho =  6.1906910913E-11 -4.4949729634E-12 -4.2736276107E-11
           HessRho_EigVals = -4.1121757182E+05 -4.1121045200E+05 -4.1120046751E+05
           HessRho_EigVec1 =  1.9883554787E-01  9.7968962963E-01 -2.5935583528E-02
           HessRho_EigVec2 =  9.4615862852E-01 -1.9879330610E-01 -2.5547029402E-01
           HessRho_EigVec3 =  2.5543741812E-01 -2.6257399734E-02  9.6646897228E-01
           DelSqRho = -1.2336284913E+06
           Bond Ellipticity = NA
           V = -3.0847645981E+05
           G =  3.4668491174E+01
           K =  3.0844179132E+05
           L =  3.0840712283E+05
           Vnuc =  9.3048122655E+05
           Ven = -1.3756238387E+08
           Vrep =  1.3725390741E+08
           DelSqV =  1.9620793150E+10
           DelSqVen =  1.1478681525E+12
           DelSqVrep = -1.1282473593E+12
           DelSqG =  8.5801205535E+08
           DelSqK = -2.0478805206E+10
           Stress_EigVals = -1.0282761134E+05 -1.0282511946E+05 -1.0282372901E+05
           Stress_EigVec1 =  2.7743533528E-01 -3.0772928574E-02  9.6025135335E-01
           Stress_EigVec2 =  9.3965905401E-01 -1.9955707721E-01 -2.7788097299E-01
           Stress_EigVec3 =  2.0017616479E-01  9.7940287921E-01 -2.6448123670E-02
           -DivStress = -4.4060713839E+04  9.3953077736E+03  3.1404967532E+04
           ESP =  -5.2387440943E+00     ESP at Nucleus =  -5.2387416308E+00
           ESPe = -1.7185945372E+01     ESPe at Nucleus = -1.7185948496E+01
           ESPn =  1.1947201278E+01     ESPn at Nucleus =  1.1947206865E+01

CP# 12     Coords =  6.75222685927753E+00  6.32055468455123E-01  6.50310452321434E-01
           Type = (3,-3) NACP H12
           Rho =  2.0478620897E-01     Rho at Nucleus =  2.0002060905E-01
           GradRho = -9.6074308855E-13 -9.6400521614E-13  3.5313840339E-13
           HessRho_EigVals = -4.0291136305E+00 -4.0185331482E+00 -3.1616916378E+00
           HessRho_EigVec1 = -6.3695726080E-01  7.2953033178E-01  2.4914040806E-01
           HessRho_EigVec2 = -3.5440753936E-01  9.8878528475E-03 -9.3503878337E-01
           HessRho_EigVec3 =  6.8460261756E-01  6.8387698117E-01 -2.5225291011E-01
           DelSqRho = -1.1209338417E+01
           Bond Ellipticity = NA
           V = -2.8328743786E+00
           G =  1.5269887234E-02
           K =  2.8176044914E+00
           L =  2.8023346041E+00
           Vnuc =  3.3540379204E+01
           Ven = -6.8686071047E+00
           Vrep =  4.0357327261E+00
           DelSqV =  6.8210872385E+02
           DelSqVen =  3.7596546112E+02
           DelSqVrep =  3.0614326273E+02
           DelSqG =  5.2273063509E+01
           DelSqK = -7.3438178736E+02
           Stress_EigVals = -1.0201901774E+00 -1.0176626228E+00 -7.9502157836E-01
           Stress_EigVec1 =  3.4810360226E-01 -5.4982819988E-03  9.3743994527E-01
           Stress_EigVec2 =  6.4310302775E-01 -7.2618021344E-01 -2.4306540950E-01
           Stress_EigVec3 = -6.8208678171E-01 -6.8748241177E-01  2.4924998639E-01
           -DivStress =  8.2980430750E+00  8.3432113268E+00 -3.0264200025E+00
           ESP =   6.6398324091E+00     ESP at Nucleus =   6.5521373295E+00
           ESPe = -7.6389983832E+00     ESPe at Nucleus = -7.5531554482E+00
           ESPn =  1.4278830792E+01     ESPn at Nucleus =  1.4105292778E+01

CP# 13     Coords =  6.21083157533609E+00 -2.14557079795436E+00  7.19041308971238E-01
           Type = (3,-3) NACP H13
           Rho =  2.0456823592E-01     Rho at Nucleus =  1.9979155962E-01
           GradRho = -3.6233875838E-13  8.7884246512E-13  2.0663398564E-13
           HessRho_EigVals = -4.0224087315E+00 -4.0117905273E+00 -3.1537331820E+00
           HessRho_EigVec1 =  8.6239954134E-01  4.2331367030E-01 -2.7761946553E-01
           HessRho_EigVec2 =  3.4096520500E-01 -8.0366658719E-02  9.3663436257E-01
           HessRho_EigVec3 = -3.7417878091E-01  9.0241162266E-01  2.1364340199E-01
           DelSqRho = -1.1187932441E+01
           Bond Ellipticity = NA
           V = -2.8274309207E+00
           G =  1.5223905256E-02
           K =  2.8122070154E+00
           L =  2.7969831102E+00
           Vnuc =  3.3878358915E+01
           Ven = -6.9304361191E+00
           Vrep =  4.1030051984E+00
           DelSqV =  6.8047244574E+02
           DelSqVen =  3.7902879074E+02
           DelSqVrep =  3.0144365500E+02
           DelSqG =  5.2132986387E+01
           DelSqK = -7.3260543213E+02
           Stress_EigVals = -1.0184809366E+00 -1.0159346892E+00 -7.9301529492E-01
           Stress_EigVec1 =  3.3395840028E-01 -8.1774670573E-02  9.3903391320E-01
           Stress_EigVec2 =  8.6673112451E-01  4.1819551668E-01 -2.7182653961E-01
           Stress_EigVec3 = -3.7047124678E-01  9.0466867586E-01  2.1053655793E-01
           -DivStress =  4.5105621903E+00 -1.0989970549E+01 -2.5600807068E+00
           ESP =   6.8245903470E+00     ESP at Nucleus =   6.7409723026E+00
           ESPe = -7.8337523510E+00     ESPe at Nucleus = -7.7521190711E+00
           ESPn =  1.4658342698E+01     ESPn at Nucleus =  1.4493091374E+01

CP# 14     Coords = -6.99961993015092E-01 -1.26220113085162E+00 -5.48238553914583E+00
           Type = (3,-3) NACP O14
           Rho =  1.4784242241E+02     Rho at Nucleus =  1.4784240707E+02
           GradRho =  1.5042972076E-11  4.0210418328E-11  1.5620614177E-10
           HessRho_EigVals = -4.1122437761E+05 -4.1121721911E+05 -4.1120739685E+05
           HessRho_EigVec1 =  9.7167431717E-01  1.1169079094E-02 -2.3605989287E-01
           HessRho_EigVec2 =  2.3145928540E-01 -2.4660834377E-01  9.4106903253E-01
           HessRho_EigVec3 =  4.7703464755E-02  9.6905086371E-01  2.4220818111E-01
           DelSqRho = -1.2336489936E+06
           Bond Ellipticity = NA
           V = -3.0848156024E+05
           G =  3.4655923994E+01
           K =  3.0844690432E+05
           L =  3.0841224839E+05
           Vnuc =  9.2607137236E+05
           Ven = -1.3691263502E+08
           Vrep =  1.3660415346E+08
           DelSqV =  1.9621117150E+10
           DelSqVen =  1.1424470175E+12
           DelSqVrep = -1.1228259003E+12
           DelSqG =  8.5802669910E+08
           DelSqK = -2.0479143849E+10
           Stress_EigVals = -1.0282928909E+05 -1.0282683450E+05 -1.0282543665E+05
           Stress_EigVec1 =  5.3128263237E-02  9.6289203900E-01  2.6460595020E-01
           Stress_EigVec2 =  2.3151926165E-01 -2.6963739711E-01  9.3471627009E-01
           Stress_EigVec3 =  9.7137851486E-01  1.1601522169E-02 -2.3725342053E-01
           -DivStress =  1.0737764750E+04 -3.1160138651E+04  4.4254998896E+04
           ESP =  -5.2051421460E+00     ESP at Nucleus =  -5.2051396545E+00
           ESPe = -1.7218869524E+01     ESPe at Nucleus = -1.7218872672E+01
           ESPn =  1.2013727378E+01     ESPn at Nucleus =  1.2013733018E+01

CP# 15     Coords =  4.51136003556095E-01 -8.25170346275421E-01 -6.75364695836597E+00
           Type = (3,-3) NACP H15
           Rho =  2.0470991869E-01     Rho at Nucleus =  1.9994757180E-01
           GradRho = -3.1571517912E-12 -1.1229103584E-12  3.3977389451E-12
           HessRho_EigVals = -4.0275644104E+00 -4.0170720084E+00 -3.1605851311E+00
           HessRho_EigVec1 =  7.5000903879E-01 -2.5127575819E-01  6.1183897807E-01
           HessRho_EigVec2 =  3.4262426582E-02  9.3854548174E-01  3.4345081864E-01
           HessRho_EigVec3 = -6.6053957328E-01 -2.3662813029E-01  7.1252691184E-01
           DelSqRho = -1.1205221550E+01
           Bond Ellipticity = NA
           V = -2.8318081693E+00
           G =  1.5251390906E-02
           K =  2.8165567784E+00
           L =  2.8013053875E+00
           Vnuc =  3.3565764439E+01
           Ven = -6.8712449093E+00
           Vrep =  4.0394367400E+00
           DelSqV =  6.8187883813E+02
           DelSqVen =  3.7611182704E+02
           DelSqVrep =  3.0576701109E+02
           DelSqG =  5.2253528092E+01
           DelSqK = -7.3413236622E+02
           Stress_EigVals = -1.0197850345E+00 -1.0172802857E+00 -7.9474284903E-01
           Stress_EigVec1 =  2.9672930584E-02  9.4092842814E-01  3.3730284657E-01
           Stress_EigVec2 =  7.4695692008E-01 -2.4511084242E-01  6.1804209765E-01
           Stress_EigVec3 = -6.6420996435E-01 -2.3361157515E-01  7.1010615771E-01
           -DivStress =  8.0557847577E+00  2.8346398407E+00 -8.6342605160E+00
           ESP =   6.6513370995E+00     ESP at Nucleus =   6.5632269702E+00
           ESPe = -7.6499865770E+00     ESPe at Nucleus = -7.5637240554E+00
           ESPn =  1.4301323676E+01     ESPn at Nucleus =  1.4126951026E+01

CP# 16     Coords = -2.30474372600112E+00 -8.52421489431714E-01 -6.10687477085756E+00
           Type = (3,-3) NACP H16
           Rho =  2.0454880946E-01     Rho at Nucleus =  1.9977489005E-01
           GradRho =  1.4120956229E-12 -3.4104246120E-13  5.2640973991E-13
           HessRho_EigVals = -4.0216731801E+00 -4.0111245032E+00 -3.1533461296E+00
           HessRho_EigVec1 = -3.9346970043E-01 -2.6254823815E-01  8.8105051926E-01
           HessRho_EigVec2 =  1.0572346740E-01  9.3907311789E-01  3.2705386053E-01
           HessRho_EigVec3 =  9.1323827301E-01 -2.2183350038E-01  3.4173930828E-01
           DelSqRho = -1.1186143813E+01
           Bond Ellipticity = NA
           V = -2.8269653232E+00
           G =  1.5214684972E-02
           K =  2.8117506382E+00
