 AIMInt (Version 19.02.13, Professional)
 Portions Copyright (c) 1997-2019 by Todd A. Keith
 AIMInt is a component of the AIMAll package ( http://aim.tkgristmill.com )

 TP:  64-bit Linux

 Licensed To:  Research Group of Fernando Cortes Guzman, UNAM, fercor@unam.mx

 AIMInt is a heavily modified and extended version of the PROAIMV program
 developed by members of R.F.W. Bader's research group

 Much of the Quantum Theory of Atoms in Molecules (QTAIM) is described in the book:
   "Atoms in Molecules - A Quantum Theory"
   R.F.W. Bader, Oxford University Press, Oxford, 1990

 For additional references see:  http://aim.tkgristmill.com/references.html

 Current Directory:  /home/scratch/M_H2O_4_tetraedrico/Opt

 Inp File:  V4_tetraedrico_cc-pvtz-def2-tzv_1_atomicfiles/o2.inp
 Wfx File:  V4_tetraedrico_cc-pvtz-def2-tzv_1.wfx
 Out File:  V4_tetraedrico_cc-pvtz-def2-tzv_1_atomicfiles/o2.int

 Wfx Title:   V4_tetraedrico_cc-pvtz-def2-tzv_1                                             
 Job Title:   V4_tetraedrico_cc-pvtz-def2-tzv_1                                             
 
<Atom>
O2      
</Atom>
<Nuclei of Molecule>
    13
V1        23.0           6.8034023604E-06   9.4307859475E-06  -1.3420355065E-05
O2         8.0           2.3368400624E+00  -1.6648761612E+00  -2.0302410125E+00
H3         1.0           2.1387124316E+00  -3.4125246577E+00  -2.8289544550E+00
O4         8.0           1.6677054724E+00   2.3253677878E+00   2.0410518456E+00
H5         1.0           9.2019514847E-01   3.9275924296E+00   2.8193489705E+00
O6         8.0          -2.3281964912E+00   1.6791708879E+00  -2.0283980571E+00
H7         1.0          -3.9331127358E+00   9.3712500573E-01  -2.8063922211E+00
O8         8.0          -1.6763212253E+00  -2.3396237331E+00   2.0175343173E+00
H9         1.0          -9.3200162490E-01  -3.9470557948E+00   2.7879721657E+00
H10        1.0           3.9429977858E+00  -9.1628478782E-01  -2.7992210127E+00
H11        1.0          -3.4281084629E+00  -2.1425573710E+00   2.8075077198E+00
H12        1.0          -2.1249258151E+00   3.4308288752E+00  -2.8169913359E+00
H13        1.0           3.4158642481E+00   2.1223491415E+00   2.8374620900E+00
</Nuclei of Molecule>
<Total Number of CPs of DelSqRho>
    36
</Total Number of CPs of DelSqRho>
<Number of (3,+3) CPs of DelSqRho>
     5
</Number of (3,+3) CPs of DelSqRho>
<Number of (3,+1) CPs of DelSqRho>
    13
</Number of (3,+1) CPs of DelSqRho>
<Number of (3,-1) CPs of DelSqRho>
    13
</Number of (3,-1) CPs of DelSqRho>
<Number of (3,-3) CPs of DelSqRho>
     5
</Number of (3,-3) CPs of DelSqRho>
<Number of Degenerate CPs of DelSqRho>
     0
</Number of Degenerate CPs of DelSqRho>
<CP of DelSqRho>
CP# = 1       
Type = (3,+3)
Coords =  2.33684013497550E+00 -1.66487621183459E+00 -2.03024116945891E+00
DistFromNuc =  1.8021707657E-07
Rho =  2.9727079875E+02
DelSqRho = -3.3285902726E+06
GradDelSqRho = -4.4219932533E-06 -1.2344570450E-06 -1.7388304514E-05
HessDelSqRho_EigVals =  1.3236832723E+11  1.3236834651E+11  1.3236835041E+11
HessDelSqRho_EigVec1 =  4.9909785501E-01 -3.7006719711E-01  7.8355063700E-01
HessDelSqRho_EigVec2 =  6.3814903670E-01 -4.5475474760E-01 -6.2125995082E-01
HessDelSqRho_EigVec3 =  5.8623130084E-01  8.1009159307E-01  9.1909062672E-03
</CP of DelSqRho>
<CP of DelSqRho>
CP# = 2       
Type = (3,+1)
Coords =  1.39317268302732E+00 -1.00449405903262E+00 -1.07584839023104E+00
DistFromNuc =  1.4958201500E+00
Rho =  1.6027993146E-01
DelSqRho =  3.3451682047E-01
GradDelSqRho = -6.3837823916E-16  2.7061686225E-16  6.1062266354E-16
HessDelSqRho_EigVals = -5.3638297721E-01  3.9899056655E-02  4.3859264988E+00
HessDelSqRho_EigVec1 =  4.6187272369E-01 -3.4867269820E-01  8.1553720739E-01
HessDelSqRho_EigVec2 = -5.8878559336E-01 -8.0819896225E-01 -1.2081493134E-02
HessDelSqRho_EigVec3 =  6.6332881150E-01 -4.7459644642E-01 -5.7857851747E-01
</CP of DelSqRho>
<CP of DelSqRho>
CP# = 3       
Type = (3,+1)
Coords =  2.28172471790251E+00 -1.62321987569138E+00 -2.18381327587871E+00
DistFromNuc =  1.6839651839E-01
Rho =  2.2512351488E+01
DelSqRho =  1.2401718216E+03
GradDelSqRho = -5.0590642786E-12 -2.1742607714E-12  5.7980287238E-12
HessDelSqRho_EigVals = -4.1265716039E+05  1.9420311426E+03  2.2467224330E+03
HessDelSqRho_EigVec1 =  3.2898133910E-01 -2.4857894987E-01  9.1103226299E-01
HessDelSqRho_EigVec2 =  7.4012142518E-01 -5.3130453037E-01 -4.1223266731E-01
HessDelSqRho_EigVec3 =  5.8650793218E-01  8.0989135178E-01  9.1893307699E-03
</CP of DelSqRho>
<CP of DelSqRho>
CP# = 4       
Type = (3,+1)
Coords =  2.43804294935873E+00 -1.73938211068643E+00 -1.91881126415060E+00
DistFromNuc =  1.6795758290E-01
Rho =  2.2608197377E+01
DelSqRho =  1.2501128246E+03
GradDelSqRho =  1.4210854715E-13  3.9790393203E-13  9.2370555649E-12
HessDelSqRho_EigVals = -4.2299083721E+05  1.5715194208E+03  1.9187525464E+03
HessDelSqRho_EigVec1 =  6.0107071112E-01 -4.4255349621E-01  6.6547757530E-01
HessDelSqRho_EigVec2 = -5.4299021956E-01  3.8484121758E-01  7.4636375764E-01
HessDelSqRho_EigVec3 =  5.8640909073E-01  8.0996520928E-01  8.9854357546E-03
</CP of DelSqRho>
<CP of DelSqRho>
CP# = 5       
Type = (3,-1)
Coords =  2.45789849484162E+00 -1.75161472013705E+00 -2.10876578696636E+00
DistFromNuc =  1.6835932373E-01
Rho =  2.2426186540E+01
DelSqRho =  1.2617249888E+03
GradDelSqRho = -8.1854523160E-12  3.4106051316E-12  1.5035084289E-11
HessDelSqRho_EigVals = -4.1679245645E+05 -1.4141207712E+03  5.2306648454E+02
HessDelSqRho_EigVec1 =  7.1958775654E-01 -5.1560651576E-01 -4.6512727457E-01
HessDelSqRho_EigVec2 =  3.7202417015E-01 -2.7933092031E-01  8.8519616684E-01
HessDelSqRho_EigVec3 = -5.8633734101E-01 -8.1001491213E-01 -9.1850241282E-03
</CP of DelSqRho>
<CP of DelSqRho>
CP# = 6       
Type = (3,-3)
Coords =  2.23032969722054E+00 -1.59294917980386E+00 -1.92300252554474E+00
DistFromNuc =  1.6738590627E-01
Rho =  2.2641254727E+01
DelSqRho =  1.2837785730E+03
GradDelSqRho = -3.1974423109E-11 -4.2064129957E-12  3.2571279007E-11
HessDelSqRho_EigVals = -4.4037979047E+05 -2.2767581531E+03 -7.0402385440E+00
HessDelSqRho_EigVec1 =  6.3581257069E-01 -4.2940636065E-01 -6.4136772010E-01
HessDelSqRho_EigVec2 =  5.1639857024E-01 -3.8092432146E-01  7.6696100160E-01
HessDelSqRho_EigVec3 =  5.7365049604E-01  8.1884481970E-01  2.0451641374E-02
</CP of DelSqRho>
<CP of DelSqRho>
CP# = 7       
Type = (3,-1)
Coords =  2.82557077870349E+00 -2.01354417953096E+00 -2.41209686966759E+00
DistFromNuc =  7.1150614597E-01
Rho =  6.9437636828E-01
DelSqRho = -1.3116219562E+00
GradDelSqRho =  5.3290705182E-15 -1.5099033135E-14 -1.6875389974E-14
HessDelSqRho_EigVals = -1.9012915130E+01 -4.1078079981E+00  1.5069736143E+02
HessDelSqRho_EigVec1 =  5.8571156464E-01  8.1046283773E-01  9.5891452019E-03
HessDelSqRho_EigVec2 =  4.2244541278E-01 -3.1535023613E-01  8.4976120281E-01
HessDelSqRho_EigVec3 =  6.9172381502E-01 -4.9366407326E-01 -5.2708058824E-01
</CP of DelSqRho>
<CP of DelSqRho>
CP# = 8       
Type = (3,-1)
Coords =  1.76410312379981E+00 -2.03818591061643E+00 -1.86191568064022E+00
DistFromNuc =  7.0407470285E-01
Rho =  7.0854543469E-01
DelSqRho = -1.3867986708E+00
GradDelSqRho = -1.9539925233E-14 -1.1546319456E-14  5.7731597281E-15
HessDelSqRho_EigVals = -1.4474666187E+01 -9.8459786118E+00  1.5890122791E+02
HessDelSqRho_EigVec1 = -2.8670949854E-01  7.3287956365E-01  6.1699692757E-01
HessDelSqRho_EigVec2 = -5.0537193932E-01  4.3143440258E-01 -7.4730419457E-01
HessDelSqRho_EigVec3 =  8.1387767287E-01  5.2607214472E-01 -2.4668042516E-01
</CP of DelSqRho>
<CP of DelSqRho>
CP# = 9       
Type = (3,-1)
Coords =  2.50964286947449E+00 -1.00668772196449E+00 -1.84961793717943E+00
DistFromNuc =  7.0405790030E-01
Rho =  7.0858370456E-01
DelSqRho = -1.3868777573E+00
GradDelSqRho =  0.0000000000E+00 -2.6645352591E-14 -4.4408920985E-15
HessDelSqRho_EigVals = -1.4473795566E+01 -9.8529490492E+00  1.5892096163E+02
HessDelSqRho_EigVec1 =  7.9236324549E-01 -3.2440553665E-02 -6.0918642276E-01
HessDelSqRho_EigVec2 =  5.6031029025E-01 -3.5623847850E-01  7.4776100800E-01
HessDelSqRho_EigVec3 =  2.4127342548E-01  9.3383176050E-01  2.6409350096E-01
</CP of DelSqRho>
<CP of DelSqRho>
CP# = 10      
Type = (3,+1)
Coords =  2.42797066128288E+00 -2.30293277527234E+00 -1.81850668645514E+00
DistFromNuc =  6.7841908409E-01
Rho =  7.9958858500E-01
DelSqRho = -2.6438472349E+00
GradDelSqRho =  1.4432899320E-15  1.7763568394E-15 -4.4408920985E-15
HessDelSqRho_EigVals = -1.1835126827E+01  1.1279384187E+01  2.1109636801E+02
HessDelSqRho_EigVec1 =  2.9463756826E-01  3.9899927620E-01  8.6832498580E-01
HessDelSqRho_EigVec2 = -9.4229244867E-01 -2.9859677357E-02  3.3345665511E-01
HessDelSqRho_EigVec3 = -1.5897686795E-01  9.1646493510E-01 -3.6717622226E-01
</CP of DelSqRho>
<CP of DelSqRho>
CP# = 11      
Type = (3,+3)
Coords =  2.43458812241730E+00 -1.74302305211027E+00 -1.39340445022221E+00
DistFromNuc =  6.4901650736E-01
Rho =  9.0575816135E-01
DelSqRho = -3.9349141410E+00
GradDelSqRho = -8.8817841970E-16  7.5495165675E-15  2.1316282073E-14
HessDelSqRho_EigVals =  8.0187092657E+00  1.6947453495E+01  2.9424780200E+02
HessDelSqRho_EigVec1 =  7.9165838783E-01 -5.6953363866E-01 -2.2115250713E-01
HessDelSqRho_EigVec2 =  5.8572515800E-01  8.1045338197E-01  9.5579775397E-03
HessDelSqRho_EigVec3 =  1.7379020761E-01 -1.3710124027E-01  9.7519239828E-01
</CP of DelSqRho>
<CP of DelSqRho>
CP# = 12      
Type = (3,+3)
Coords =  1.82459125056729E+00 -1.29222886355378E+00 -2.22555120540431E+00
DistFromNuc =  6.6288077745E-01
Rho =  8.5565926964E-01
DelSqRho = -3.4634351775E+00
GradDelSqRho = -2.4868995752E-14  1.7763568394E-14 -1.9539925233E-14
HessDelSqRho_EigVals =  4.2955263765E+00  1.4603432416E+01  2.4841148549E+02
HessDelSqRho_EigVec1 = -2.7205747953E-01  1.8492723820E-01  9.4434455810E-01
HessDelSqRho_EigVec2 =  5.8573633034E-01  8.1043947416E-01  1.0040420035E-02
HessDelSqRho_EigVec3 =  7.6347735995E-01 -5.5586848740E-01  3.2880472254E-01
</CP of DelSqRho>
<CP of DelSqRho>
CP# = 13      
Type = (3,+1)
Coords =  2.42593766001381E+00 -1.23288021586537E+00 -2.54265829221199E+00
DistFromNuc =  6.7611415252E-01
Rho =  8.0361741311E-01
DelSqRho = -2.6255117596E+00
GradDelSqRho = -1.9262369477E-12 -4.3520742565E-13  8.9350749022E-13
HessDelSqRho_EigVals = -9.8409075956E+00  9.7777099266E+00  2.1168368215E+02
HessDelSqRho_EigVec1 =  9.9577976134E-01 -1.3437102975E-02  9.0786073668E-02
HessDelSqRho_EigVec2 = -4.6969546467E-02  7.7523590092E-01  6.2992313788E-01
HessDelSqRho_EigVec3 = -7.8844965681E-02 -6.3152889261E-01  7.7133308576E-01
</CP of DelSqRho>
<CP of DelSqRho>
CP# = 14      
Type = (3,+1)
Coords =  2.96884352812072E+00 -1.55450342959374E+00 -1.80965352452638E+00
DistFromNuc =  6.7843154437E-01
Rho =  7.9955804873E-01
DelSqRho = -2.6436818728E+00
GradDelSqRho = -1.7763568394E-14 -5.7731597281E-15 -1.2434497876E-14
HessDelSqRho_EigVals = -1.1837338303E+01  1.1278084662E+01  2.1107694480E+02
HessDelSqRho_EigVec1 = -2.9608634151E-01 -4.1833725370E-01  8.5867736697E-01
HessDelSqRho_EigVec2 = -2.7118290071E-01  8.9881101171E-01  3.4438147394E-01
HessDelSqRho_EigVec3 =  9.1585627297E-01  1.3089196845E-01  3.7957157410E-01
</CP of DelSqRho>
<CP of DelSqRho>
CP# = 15      
Type = (3,+1)
Coords =  1.96049043304593E+00 -1.87683963690103E+00 -2.55040137873622E+00
DistFromNuc =  6.7611712387E-01
Rho =  8.0357878404E-01
DelSqRho = -2.6247664295E+00
GradDelSqRho =  0.0000000000E+00 -1.5987211555E-14 -2.1316282073E-14
HessDelSqRho_EigVals = -9.8469910045E+00  9.7703933206E+00  2.1166763719E+02
HessDelSqRho_EigVec1 = -3.2401462463E-01  9.4268485404E-01 -7.9748285138E-02
HessDelSqRho_EigVec2 =  7.5803188231E-01  2.0825948522E-01 -6.1807414783E-01
HessDelSqRho_EigVec3 =  5.6604080103E-01  2.6071680570E-01  7.8206429327E-01
</CP of DelSqRho>
<CP of DelSqRho>
CP# = 16      
Type = (3,+1)
Coords =  1.87364737090046E+00 -1.33453624531241E+00 -1.65881471329626E+00
DistFromNuc =  6.7943316462E-01
Rho =  8.1969534435E-01
DelSqRho = -3.1971956737E+00
GradDelSqRho = -8.8817841970E-15 -1.7763568394E-15  5.3290705182E-15
HessDelSqRho_EigVals = -4.1739390586E+00  1.5685948893E+01  2.1654837854E+02
HessDelSqRho_EigVec1 =  4.4025904812E-01 -3.2811023710E-01  8.3577248271E-01
HessDelSqRho_EigVec2 = -5.8574006036E-01 -8.1044192325E-01 -9.6161698813E-03
HessDelSqRho_EigVec3 =  6.8050022207E-01 -4.8531181867E-01 -5.4899169977E-01
</CP of DelSqRho>
<CP of DelSqRho>
CP# = 17      
Type = (3,+3)
Coords =  2.22893591753853E+00 -2.30215955162605E+00 -2.31183722609308E+00
DistFromNuc =  7.0503180903E-01
Rho =  7.8951081436E-01
DelSqRho = -3.4068711273E+00
GradDelSqRho =  3.9968028887E-15 -5.3290705182E-15  5.3290705182E-15
HessDelSqRho_EigVals =  1.3074424612E+01  2.2950747350E+01  1.6464537518E+02
HessDelSqRho_EigVec1 =  4.7559088335E-01 -4.2701680503E-01  7.6907084192E-01
HessDelSqRho_EigVec2 = -8.6278526932E-01 -5.5979179885E-02  5.0246184976E-01
HessDelSqRho_EigVec3 =  1.7150769873E-01  9.0250926845E-01  3.9504699675E-01
</CP of DelSqRho>
<CP of DelSqRho>
CP# = 18      
Type = (3,+3)
Coords =  2.91116725337633E+00 -1.35812973516656E+00 -2.30066728168807E+00
DistFromNuc =  7.0503578579E-01
Rho =  7.8949762644E-01
DelSqRho = -3.4066923522E+00
GradDelSqRho = -5.7376325913E-13 -2.5845992013E-13  1.4388490399E-13
HessDelSqRho_EigVals =  1.3070139856E+01  2.2947981714E+01  1.6464428537E+02
HessDelSqRho_EigVec1 =  5.4615070534E-01 -3.2969724591E-01  7.7007735527E-01
HessDelSqRho_EigVec2 = -2.2321704989E-01  8.2877348984E-01  5.1313609421E-01
HessDelSqRho_EigVec3 =  8.0739925421E-01  4.5214403522E-01 -3.7904117945E-01
</CP of DelSqRho>
<CP of DelSqRho>
CP# = 19      
Type = (3,+1)
Coords =  3.31884698797559E+00 -1.19302720816429E+00 -2.49665569695919E+00
DistFromNuc =  1.1851251808E+00
Rho =  3.8027900588E-01
DelSqRho = -7.6995248459E-01
GradDelSqRho = -9.1593399532E-16 -1.9428902931E-15 -5.4123372450E-16
HessDelSqRho_EigVals = -2.4560219769E+01  1.1973711569E+01  1.2356186517E+01
HessDelSqRho_EigVec1 =  8.3262334572E-01  3.8328606296E-01 -3.9978764125E-01
HessDelSqRho_EigVec2 =  5.3445970539E-01 -3.6677286204E-01  7.6146601434E-01
HessDelSqRho_EigVec3 = -1.4522805332E-01  8.4768476547E-01  5.1023460380E-01
</CP of DelSqRho>
<CP of DelSqRho>
CP# = 20      
Type = (3,+1)
Coords =  1.39315841341875E+00 -9.88874986673755E-01 -1.56142580758495E+00
DistFromNuc =  1.2519186630E+00
Rho =  2.4592635621E-01
DelSqRho =  3.7228443785E-01
GradDelSqRho = -9.9920072216E-16 -1.1796119637E-16  6.3837823916E-16
HessDelSqRho_EigVals = -8.9051662313E+00  3.9999010018E-01  1.0493497967E+00
HessDelSqRho_EigVec1 =  7.6387783385E-01 -5.4753604911E-01 -3.4160639613E-01
HessDelSqRho_EigVec2 =  2.7138814063E-01 -2.0771343302E-01  9.3978912894E-01
HessDelSqRho_EigVec3 =  5.8552466394E-01  8.1059200876E-01  1.0072896974E-02
</CP of DelSqRho>
<CP of DelSqRho>
CP# = 21      
Type = (3,+1)
Coords =  2.20223058131930E+00 -2.73790170750223E+00 -2.51502624382079E+00
DistFromNuc =  1.1851245740E+00
Rho =  3.8028967508E-01
DelSqRho = -7.7003186374E-01
GradDelSqRho =  1.2490009027E-15 -7.2164496601E-16 -6.1062266354E-16
HessDelSqRho_EigVals = -2.4560972982E+01  1.1974777476E+01  1.2356310021E+01
HessDelSqRho_EigVec1 =  9.8166685241E-02  9.0444917977E-01  4.1513248864E-01
HessDelSqRho_EigVec2 =  5.0697725789E-01 -4.0440924801E-01  7.6120116927E-01
HessDelSqRho_EigVec3 =  8.5635119074E-01  1.3573813516E-01 -4.9823468042E-01
</CP of DelSqRho>
<CP of DelSqRho>
CP# = 22      
Type = (3,-3)
Coords =  2.58723635752095E+00 -1.83256559585953E+00 -3.15559338649908E+00
DistFromNuc =  1.1650047282E+00
Rho =  2.4049688104E-01
DelSqRho =  8.4536840954E-01
GradDelSqRho =  2.0122792321E-16 -4.2327252814E-16 -6.1062266354E-16
HessDelSqRho_EigVals = -1.8283968808E+01 -1.6174167702E+00 -1.9668008836E-01
HessDelSqRho_EigVec1 = -2.0860641692E-01  1.3932179851E-01  9.6802520591E-01
HessDelSqRho_EigVec2 = -5.8551972325E-01 -8.1060234456E-01 -9.5127636397E-03
HessDelSqRho_EigVec3 =  7.8335816617E-01 -5.6878227421E-01  2.5067251156E-01
</CP of DelSqRho>
<CP of DelSqRho>
CP# = 23      
Type = (3,-1)
Coords =  2.33862838753254E+00 -6.62984136330401E-01 -2.66094141902368E+00
DistFromNuc =  1.1838808345E+00
Rho =  2.3929842198E-01
DelSqRho =  7.2530608893E-01
GradDelSqRho =  4.8572257327E-16  2.4424906542E-15 -2.2343238371E-15
HessDelSqRho_EigVals = -1.6921335072E+01 -1.3425739983E+00  2.9704379621E-01
HessDelSqRho_EigVec1 = -2.5848406175E-02  8.5412421905E-01 -5.1942629731E-01
HessDelSqRho_EigVec2 =  9.7937864297E-01 -8.2511651062E-02 -1.8441610866E-01
HessDelSqRho_EigVec3 =  2.0037298619E-01  5.1348188466E-01  8.3437822391E-01
</CP of DelSqRho>
<CP of DelSqRho>
CP# = 24      
Type = (3,-1)
Coords =  1.39298351244399E+00 -1.97116728110388E+00 -2.67584103690168E+00
DistFromNuc =  1.1838407108E+00
Rho =  2.3930064842E-01
DelSqRho =  7.2546916989E-01
GradDelSqRho =  3.7470027081E-16  1.0477729795E-15 -1.8735013541E-16
HessDelSqRho_EigVals = -1.6922686532E+01 -1.3439057400E+00  2.9626087171E-01
HessDelSqRho_EigVec1 =  8.1347948471E-01  2.3543994087E-01  5.3180744842E-01
HessDelSqRho_EigVec2 = -3.8782747680E-01  9.0100969752E-01  1.9434858685E-01
HessDelSqRho_EigVec3 = -4.3340624845E-01 -3.6434812916E-01  8.2426298266E-01
</CP of DelSqRho>
<CP of DelSqRho>
CP# = 25      
Type = (3,-3)
Coords =  3.26414039951525E+00 -2.33287268456635E+00 -2.21698128620401E+00
DistFromNuc =  1.1580056996E+00
Rho =  2.3958363748E-01
DelSqRho =  8.5726548196E-01
GradDelSqRho = -8.3266726847E-16 -7.7715611724E-16  5.0653925499E-16
HessDelSqRho_EigVals = -1.8213917793E+01 -1.6269377683E+00 -2.4063811960E-01
HessDelSqRho_EigVec1 =  8.0166345414E-01 -5.7757159266E-01 -1.5409984312E-01
HessDelSqRho_EigVec2 =  5.8573915934E-01  8.1044295904E-01  9.5837027231E-03
HessDelSqRho_EigVec3 =  1.1935385840E-01 -9.7945216795E-02  9.8800880107E-01
</CP of DelSqRho>
<CP of DelSqRho>
CP# = 26      
Type = (3,-3)
Coords =  1.44630248187819E+00 -2.34116192509402E+00 -1.74273541670973E+00
DistFromNuc =  1.1545904401E+00
Rho =  2.4432460685E-01
DelSqRho =  8.0316820726E-01
GradDelSqRho = -4.8614584580E-12 -3.4583447217E-12  9.9076302718E-13
HessDelSqRho_EigVals = -1.7339634740E+01 -1.4990662372E+00 -3.8438478400E-01
HessDelSqRho_EigVec1 =  7.8458402566E-01  5.5855898506E-01 -2.6914636704E-01
HessDelSqRho_EigVec2 = -3.0468415393E-01  7.2539378471E-01  6.1722882583E-01
HessDelSqRho_EigVec3 =  5.3999580834E-01 -4.0226324380E-01  7.3931644758E-01
</CP of DelSqRho>
<CP of DelSqRho>
CP# = 27      
Type = (3,-3)
Coords =  2.69600197303414E+00 -6.11674450403111E-01 -1.72235055225307E+00
DistFromNuc =  1.1545681691E+00
Rho =  2.4432784477E-01
DelSqRho =  8.0332003780E-01
GradDelSqRho = -9.0413787568E-15 -2.4563684420E-14 -1.1594891713E-14
HessDelSqRho_EigVals = -1.7342731289E+01 -1.4986492191E+00 -3.8562333447E-01
HessDelSqRho_EigVec1 =  2.8090458797E-01  9.1596338664E-01  2.8653740906E-01
HessDelSqRho_EigVec2 = -7.9118973224E-01  5.2017299988E-02  6.0935458323E-01
HessDelSqRho_EigVec3 =  5.4324158535E-01 -3.9787595408E-01  7.3931272484E-01
</CP of DelSqRho>
<CP of DelSqRho>
CP# = 28      
Type = (3,-1)
Coords =  3.25287020954376E+00 -1.32291711223510E+00 -1.36489018549804E+00
DistFromNuc =  1.1826829434E+00
Rho =  2.3896774947E-01
DelSqRho =  7.3925560537E-01
GradDelSqRho = -1.6375789613E-15 -9.2981178312E-16 -2.3592239273E-16
HessDelSqRho_EigVals = -1.7349690143E+01 -1.2065835826E+00  2.5452257714E-01
HessDelSqRho_EigVec1 =  7.5769510581E-01  2.9119554045E-01  5.8404048135E-01
HessDelSqRho_EigVec2 = -5.3347048267E-01 -2.3912374318E-01  8.1131318217E-01
HessDelSqRho_EigVec3 = -3.7590872663E-01  9.2629638489E-01  2.5838664379E-02
</CP of DelSqRho>
<CP of DelSqRho>
CP# = 29      
Type = (3,-1)
Coords =  2.29202649394773E+00 -2.65211067757725E+00 -1.38057654324911E+00
DistFromNuc =  1.1826682413E+00
Rho =  2.3897019098E-01
DelSqRho =  7.3932040948E-01
GradDelSqRho =  6.1547988928E-15  6.8670069631E-13 -5.1161852532E-13
HessDelSqRho_EigVals = -1.7351456716E+01 -1.2060432953E+00  2.5401831760E-01
HessDelSqRho_EigVec1 =  4.5381058837E-02  8.1974259873E-01 -5.7093137182E-01
HessDelSqRho_EigVec2 =  5.0518326439E-02  5.6890571964E-01  8.2084967007E-01
HessDelSqRho_EigVec3 =  9.9769156466E-01 -6.6093524590E-02 -1.5594480263E-02
</CP of DelSqRho>
<CP of DelSqRho>
CP# = 30      
Type = (3,-1)
Coords =  2.99631202089956E+00 -2.13151376104157E+00 -2.87320744202178E+00
DistFromNuc =  1.1675813955E+00
Rho =  2.4523317334E-01
DelSqRho =  8.3341995746E-01
GradDelSqRho = -2.0539125956E-15  1.9984014443E-15  3.3861802251E-15
HessDelSqRho_EigVals = -1.6678590893E+01 -3.4298781448E+00  1.8002697789E-01
HessDelSqRho_EigVec1 = -5.6795607485E-01  4.0196307477E-01  7.1822808603E-01
HessDelSqRho_EigVec2 =  5.8574114643E-01  8.1044111789E-01  9.6178900249E-03
HessDelSqRho_EigVec3 =  5.7821553630E-01 -4.2615828158E-01  6.9574126845E-01
</CP of DelSqRho>
<CP of DelSqRho>
CP# = 31      
Type = (3,-1)
Coords =  2.89899513301307E+00 -3.28816241148260E+00 -3.12530856972019E+00
DistFromNuc =  2.0372161223E+00
Rho =  6.5985113736E-02
DelSqRho =  1.8575714411E-01
GradDelSqRho = -1.0720591082E-15  9.2720969791E-16  7.2554809383E-16
HessDelSqRho_EigVals = -2.3870900560E+00 -1.3808416698E-02  4.1810986860E-01
HessDelSqRho_EigVec1 =  7.4207805320E-01 -3.8643745225E-01 -5.4771001311E-01
HessDelSqRho_EigVec2 =  3.9547288638E-01 -4.0733602032E-01  8.2321234362E-01
HessDelSqRho_EigVec3 =  5.4122209776E-01  8.2749227311E-01  1.4944958631E-01
</CP of DelSqRho>
<CP of DelSqRho>
CP# = 32      
Type = (3,-1)
Coords =  1.50247148882280E+00 -8.39130454849093E-01 -1.08041893514763E+00
DistFromNuc =  1.5100294258E+00
Rho =  1.5451862303E-01
DelSqRho =  3.3491559852E-01
GradDelSqRho = -1.3877787808E-17 -3.4694469520E-16 -2.9143354396E-16
HessDelSqRho_EigVals = -5.4566635614E-01 -7.7727464870E-02  4.4452279373E+00
HessDelSqRho_EigVec1 =  5.2682850133E-01 -2.5205481835E-01  8.1173893509E-01
HessDelSqRho_EigVec2 = -5.1163096173E-01 -8.5666276034E-01  6.6050541669E-02
HessDelSqRho_EigVec3 =  6.7873815952E-01 -4.5010807991E-01 -5.8027340729E-01
</CP of DelSqRho>
<CP of DelSqRho>
CP# = 33      
Type = (3,-1)
Coords =  1.28540595372550E+00 -1.14065732900051E+00 -1.08334981587668E+00
DistFromNuc =  1.5089473175E+00
Rho =  1.5495901903E-01
DelSqRho =  3.3479724999E-01
GradDelSqRho =  8.0990769646E-14  8.0623008269E-14 -3.6304292905E-14
HessDelSqRho_EigVals = -5.4463295959E-01 -6.8602133045E-02  4.4424779055E+00
HessDelSqRho_EigVec1 =  3.9933266650E-01 -4.2911468388E-01  8.1018146705E-01
HessDelSqRho_EigVec2 = -6.4932467654E-01 -7.5623922921E-01 -8.0496538024E-02
HessDelSqRho_EigVec3 =  6.4723325463E-01 -4.9392592186E-01 -5.8062578122E-01
</CP of DelSqRho>
<CP of DelSqRho>
CP# = 34      
Type = (3,-1)
Coords =  4.06707963569951E+00 -1.67261938286211E+00 -3.10557361267377E+00
DistFromNuc =  2.0371865746E+00
Rho =  6.5985655086E-02
DelSqRho =  1.8576501802E-01
GradDelSqRho = -3.3827107782E-16  1.7000290065E-16  6.6960326173E-16
HessDelSqRho_EigVals = -2.3873740579E+00 -1.3887134971E-02  4.1806643476E-01
HessDelSqRho_EigVec1 =  6.0618821954E-01 -5.7502966663E-01 -5.4943309419E-01
HessDelSqRho_EigVec2 =  5.0133667653E-01 -2.6002077297E-01  8.2525798051E-01
HessDelSqRho_EigVec3 =  6.1741183926E-01  7.7571262728E-01 -1.3066193256E-01
</CP of DelSqRho>
<CP of DelSqRho>
CP# = 35      
Type = (3,+1)
Coords =  3.57475536567664E+00 -1.44049761601643E-01 -2.66972017934253E+00
DistFromNuc =  2.0625908078E+00
Rho =  6.4175074783E-02
DelSqRho =  1.6912447272E-01
GradDelSqRho = -2.8875513092E-13 -8.0740275576E-13  1.9953830255E-13
HessDelSqRho_EigVals = -1.8418550415E+00  9.2122954523E-03  5.0365084128E-01
HessDelSqRho_EigVec1 =  1.9386251977E-01  9.7168422340E-01 -1.3508180273E-01
HessDelSqRho_EigVec2 =  4.4944457769E-01  3.4424347211E-02  8.9264468626E-01
HessDelSqRho_EigVec3 =  8.7201886161E-01 -2.3376213192E-01 -4.3004461474E-01
</CP of DelSqRho>
<CP of DelSqRho>
CP# = 36      
Type = (3,+1)
Coords =  1.28945478726674E+00 -3.31129310627795E+00 -2.69907171587985E+00
DistFromNuc =  2.0627746318E+00
Rho =  6.4177141518E-02
DelSqRho =  1.6910695955E-01
GradDelSqRho =  1.3461454174E-15  9.0899510141E-16  4.1112946381E-16
HessDelSqRho_EigVals = -1.8437593428E+00  9.2423254469E-03  5.0312200219E-01
HessDelSqRho_EigVec1 =  8.5954564263E-01  4.9021489180E-01  1.4446677157E-01
HessDelSqRho_EigVec2 =  1.0870168100E-01 -4.5158055275E-01  8.8558395927E-01
HessDelSqRho_EigVec3 = -4.9936482933E-01  7.4549605246E-01  4.4144127921E-01
</CP of DelSqRho>
<Path of -GradDelSqRho>
Starting CP# =      2
Ending CP# =      0
Number of Points =    400
  1.3931726830E+00 -1.0044940590E+00 -1.0758483902E+00  1.6027993146E-01  3.3451682047E-01
  1.4047176349E+00 -1.0132108264E+00 -1.0554588821E+00  1.5937913925E-01  3.3434883612E-01
  1.4162607617E+00 -1.0219288634E+00 -1.0350688832E+00  1.5832702115E-01  3.3384406959E-01
  1.4278052021E+00 -1.0306502250E+00 -1.0146810500E+00  1.5712838847E-01  3.3300277836E-01
  1.4393542410E+00 -1.0393770648E+00 -9.9429816604E-01  1.5578853687E-01  3.3182722287E-01
  1.4509112281E+00 -1.0481115801E+00 -9.7392307663E-01  1.5431317593E-01  3.3032168478E-01
  1.4624795017E+00 -1.0568559582E+00 -9.5355862570E-01  1.5270835974E-01  3.2849245687E-01
  1.4740623147E+00 -1.0656123266E+00 -9.3320759615E-01  1.5098041966E-01  3.2634780336E-01
  1.4856627671E+00 -1.0743827059E+00 -9.1287265391E-01  1.4913590072E-01  3.2389789064E-01
  1.4972837439E+00 -1.0831689673E+00 -8.9255629570E-01  1.4718150191E-01  3.2115468904E-01
  1.5089278579E+00 -1.0919727937E+00 -8.7226080029E-01  1.4512402119E-01  3.1813184719E-01
  1.5205973978E+00 -1.1007956438E+00 -8.5198818283E-01  1.4297030508E-01  3.1484454122E-01
  1.5322942812E+00 -1.1096387201E+00 -8.3174015172E-01  1.4072720305E-01  3.1130930152E-01
  1.5440200113E+00 -1.1185029396E+00 -8.1151806730E-01  1.3840152652E-01  3.0754382048E-01
  1.5557756362E+00 -1.1273889058E+00 -7.9132290180E-01  1.3600001224E-01  3.0356674478E-01
  1.5675617105E+00 -1.1362968837E+00 -7.7115519988E-01  1.3352928996E-01  2.9939745614E-01
  1.5793782587E+00 -1.1452267738E+00 -7.5101503918E-01  1.3099585390E-01  2.9505584437E-01
  1.5912247378E+00 -1.1541780885E+00 -7.3090199046E-01  1.2840603815E-01  2.9056207682E-01
  1.6031000008E+00 -1.1631499267E+00 -7.1081507689E-01  1.2576599541E-01  2.8593636799E-01
  1.6150022580E+00 -1.1721409485E+00 -6.9075273230E-01  1.2308167935E-01  2.8119875284E-01
  1.6269290377E+00 -1.1811493488E+00 -6.7071275856E-01  1.2035883014E-01  2.7636886738E-01
  1.6388771439E+00 -1.1901728295E+00 -6.5069228208E-01  1.1760296332E-01  2.7146573943E-01
  1.6508426131E+00 -1.1992085703E+00 -6.3068771031E-01  1.1481936208E-01  2.6650759242E-01
  1.6628206679E+00 -1.2082531978E+00 -6.1069468904E-01  1.1201307287E-01  2.6151166449E-01
  1.6748056696E+00 -1.2173027541E+00 -5.9070806205E-01  1.0918890464E-01  2.5649404507E-01
  1.6867910711E+00 -1.2263526648E+00 -5.7072183515E-01  1.0635143188E-01  2.5146953044E-01
  1.6987693693E+00 -1.2353977070E+00 -5.5072914749E-01  1.0350500164E-01  2.4645149981E-01
  1.7107320623E+00 -1.2444319802E+00 -5.3072225355E-01  1.0065374495E-01  2.4145181291E-01
  1.7226696130E+00 -1.2534488811E+00 -5.1069252045E-01  9.7801592647E-02  2.3648072993E-01
  1.7345714234E+00 -1.2624410856E+00 -4.9063044582E-01  9.4952296044E-02  2.3154685462E-01
  1.7464258269E+00 -1.2714005424E+00 -4.7052570237E-01  9.2109452359E-02  2.2665710111E-01
  1.7582201030E+00 -1.2803184815E+00 -4.5036721608E-01  8.9276534779E-02  2.2181668510E-01
  1.7699405260E+00 -1.2891854452E+00 -4.3014328450E-01  8.6456926693E-02  2.1702914012E-01
  1.7815724540E+00 -1.2979913463E+00 -4.0984174171E-01  8.3653959138E-02  2.1229635976E-01
  1.7931004699E+00 -1.3067255614E+00 -3.8945017406E-01  8.0870949932E-02  2.0761866679E-01
  1.8045085826E+00 -1.3153770652E+00 -3.6895618822E-01  7.8111242287E-02  2.0299491050E-01
  1.8157804959E+00 -1.3239346110E+00 -3.4834772832E-01  7.5378239960E-02  1.9842259321E-01
  1.8268999471E+00 -1.3323869598E+00 -3.2761343274E-01  7.2675435404E-02  1.9389802705E-01
  1.8378511127E+00 -1.3407231559E+00 -3.0674301452E-01  7.0006426981E-02  1.8941652118E-01
  1.8486190690E+00 -1.3489328420E+00 -2.8572764196E-01  6.7374921404E-02  1.8497259874E-01
  1.8591902865E+00 -1.3570065988E+00 -2.6456029071E-01  6.4784718297E-02  1.8056024095E-01
  1.8695531273E+00 -1.3649362906E+00 -2.4323603631E-01  6.2239675188E-02  1.7617315363E-01
  1.8796983101E+00 -1.3727153881E+00 -2.2175225761E-01  5.9743653296E-02  1.7180504872E-01
  1.8896193011E+00 -1.3803392453E+00 -2.0010872917E-01  5.7300446947E-02  1.6744993094E-01
  1.8993125960E+00 -1.3878053008E+00 -1.7830759140E-01  5.4913701729E-02  1.6310237721E-01
  1.9087778655E+00 -1.3951131870E+00 -1.5635320152E-01  5.2586828306E-02  1.5875779550E-01
  1.9180179518E+00 -1.4022647363E+00 -1.3425188194E-01  5.0322919500E-02  1.5441264951E-01
  1.9270387191E+00 -1.4092638847E+00 -1.1201159309E-01  4.8124677837E-02  1.5006463736E-01
  1.9358487767E+00 -1.4161164874E+00 -8.9641563837E-02  4.5994359222E-02  1.4571281516E-01
  1.9444591055E+00 -1.4228300639E+00 -6.7151912519E-02  4.3933736163E-02  1.4135766031E-01
  1.9528826224E+00 -1.4294134989E+00 -4.4553287339E-02  4.1944081584E-02  1.3700107383E-01
  1.9611337209E+00 -1.4358767248E+00 -2.1856547224E-02  4.0026172034E-02  1.3264632488E-01
  1.9692278190E+00 -1.4422304064E+00  9.2750421515E-04  3.8180307546E-02  1.2829794449E-01
  1.9771809397E+00 -1.4484856477E+00  2.3788326962E-02  3.6406344437E-02  1.2396157784E-01
  1.9850093409E+00 -1.4546537321E+00  4.6715796706E-02  3.4703737118E-02  1.1964380580E-01
  1.9927292041E+00 -1.4607459023E+00  6.9700306586E-02  3.3071585161E-02  1.1535194691E-01
  2.0003563835E+00 -1.4667731824E+00  9.2732826581E-02  3.1508682466E-02  1.1109385045E-01
  2.0079062141E+00 -1.4727462405E+00  1.1580492928E-01  3.0013565993E-02  1.0687768995E-01
  2.0153933723E+00 -1.4786752889E+00  1.3890879037E-01  2.8584562271E-02  1.0271176522E-01
  2.0228317821E+00 -1.4845700160E+00  1.6203717112E-01  2.7219830472E-02  9.8604318901E-02
  2.0302345593E+00 -1.4904395443E+00  1.8518338896E-01  2.5917401395E-02  9.4563372176E-02
  2.0376139861E+00 -1.4962924116E+00  2.0834128092E-01  2.4675212044E-02  9.0596582408E-02
  2.0449815088E+00 -1.5021365667E+00  2.3150516343E-01  2.3491135826E-02  8.6711124225E-02
  2.0523477531E+00 -1.5079793796E+00  2.5466979122E-01  2.2363008524E-02  8.2913594301E-02
  2.0597225513E+00 -1.5138276593E+00  2.7783031693E-01  2.1288650371E-02  7.9209939207E-02
  2.0671149786E+00 -1.5196876779E+00  3.0098225277E-01  2.0265884549E-02  7.5605404975E-02
  2.0745333932E+00 -1.5255651988E+00  3.2412143484E-01  1.9292552535E-02  7.2104506524E-02
  2.0819854797E+00 -1.5314655060E+00  3.4724399057E-01  1.8366526631E-02  6.8711014806E-02
  2.0894782927E+00 -1.5373934348E+00  3.7034630945E-01  1.7485720072E-02  6.5427959346E-02
  2.0970182992E+00 -1.5433534010E+00  3.9342501708E-01  1.6648095019E-02  6.2257643816E-02
  2.1046114193E+00 -1.5493494295E+00  4.1647695242E-01  1.5851668754E-02  5.9201672352E-02
  2.1122630643E+00 -1.5553851808E+00  4.3949914825E-01  1.5094518341E-02  5.6260984415E-02
  2.1199781714E+00 -1.5614639757E+00  4.6248881452E-01  1.4374783983E-02  5.3435896184E-02
  2.1277612355E+00 -1.5675888167E+00  4.8544332453E-01  1.3690671299E-02  5.0726146649E-02
  2.1356163370E+00 -1.5737624088E+00  5.0836020375E-01  1.3040452683E-02  4.8130946800E-02
  2.1435471670E+00 -1.5799871759E+00  5.3123712103E-01  1.2422467910E-02  4.5649030501E-02
  2.1515570482E+00 -1.5862652768E+00  5.5407188207E-01  1.1835124127E-02  4.3278705855E-02
  2.1596489542E+00 -1.5925986174E+00  5.7686242493E-01  1.1276895335E-02  4.1017906083E-02
  2.1678255245E+00 -1.5989888625E+00  5.9960681746E-01  1.0746321464E-02  3.8864239090E-02
  2.1760890781E+00 -1.6054374446E+00  6.2230325637E-01  1.0242007131E-02  3.6815035092E-02
  2.1844416246E+00 -1.6119455719E+00  6.4495006770E-01  9.7626201410E-03  3.4867391816E-02
  2.1928848733E+00 -1.6185142346E+00  6.6754570872E-01  9.3068897978E-03  3.3018216913E-02
  2.2014202411E+00 -1.6251442109E+00  6.9008877075E-01  8.8736050749E-03  3.1264267358E-02
  2.2100488592E+00 -1.6318360709E+00  7.1257798289E-01  8.4616126862E-03  2.9602185680E-02
  2.2187715790E+00 -1.6385901813E+00  7.3501221633E-01  8.0698150931E-03  2.8028532984E-02
  2.2275889774E+00 -1.6454067091E+00  7.5739048919E-01  7.6971684754E-03  2.6539818768E-02
  2.2365013623E+00 -1.6522856250E+00  7.7971197135E-01  7.3426806907E-03  2.5132527596E-02
  2.2455087775E+00 -1.6592267073E+00  8.0197598945E-01  7.0054092402E-03  2.3803142753E-02
  2.2546110085E+00 -1.6662295459E+00  8.2418203151E-01  6.6844592552E-03  2.2548167014E-02
  2.2638075885E+00 -1.6732935463E+00  8.4632975118E-01  6.3789815178E-03  2.1364140698E-02
  2.2730978056E+00 -1.6804179351E+00  8.6841897132E-01  6.0881705208E-03  2.0247657190E-02
  2.2824807097E+00 -1.6876017649E+00  8.9044968672E-01  5.8112625773E-03  1.9195376131E-02
  2.2919551217E+00 -1.6948439209E+00  9.1242206595E-01  5.5475339799E-03  1.8204034465E-02
  2.3015196428E+00 -1.7021431277E+00  9.3433645190E-01  5.2962992160E-03  1.7270455542E-02
  2.3111726649E+00 -1.7094979575E+00  9.5619336114E-01  5.0569092374E-03  1.6391556473E-02
  2.3209123830E+00 -1.7169068385E+00  9.7799348186E-01  4.8287497861E-03  1.5564353922E-02
  2.3307368075E+00 -1.7243680651E+00  9.9973767016E-01  4.6112397766E-03  1.4785968503E-02
  2.3406437786E+00 -1.7318798082E+00  1.0214269449E+00  4.4038297313E-03  1.4053627957E-02
  2.3506309817E+00 -1.7394401274E+00  1.0430624806E+00  4.2060002706E-03  1.3364669253E-02
  2.3606959638E+00 -1.7470469837E+00  1.0646455988E+00  4.0172606536E-03  1.2716539756E-02
  2.3708361515E+00 -1.7546982533E+00  1.0861777573E+00  3.8371473701E-03  1.2106797589E-02
  2.3810488696E+00 -1.7623917426E+00  1.1076605377E+00  3.6652227799E-03  1.1533111301E-02
  2.3913313619E+00 -1.7701252043E+00  1.1290956310E+00  3.5010738002E-03  1.0993258950E-02
  2.4016808125E+00 -1.7778963549E+00  1.1504848211E+00  3.3443106376E-03  1.0485126672E-02
  2.4120943685E+00 -1.7857028924E+00  1.1718299668E+00  3.1945655646E-03  1.0006706847E-02
  2.4225691640E+00 -1.7935425162E+00  1.1931329815E+00  3.0514917386E-03  9.5560958940E-03
  2.4331023453E+00 -1.8014129471E+00  1.2143958115E+00  2.9147620633E-03  9.1314917948E-03
  2.4436910969E+00 -1.8093119483E+00  1.2356204128E+00  2.7840680901E-03  8.7311913634E-03
  2.4543326681E+00 -1.8172373474E+00  1.2568087264E+00  2.6591189609E-03  8.3535873324E-03
  2.4650244011E+00 -1.8251870586E+00  1.2779626527E+00  2.5396403894E-03  7.9971652831E-03
  2.4757637580E+00 -1.8331591054E+00  1.2990840253E+00  2.4253736830E-03  7.6605004566E-03
  2.4865483493E+00 -1.8411516424E+00  1.3201745843E+00  2.3160748026E-03  7.3422544763E-03
  2.4973759601E+00 -1.8491629775E+00  1.3412359497E+00  2.2115134630E-03  7.0411720052E-03
  2.5082445773E+00 -1.8571915931E+00  1.3622695959E+00  2.1114722709E-03  6.7560773613E-03
  2.5191524134E+00 -1.8652361649E+00  1.3832768275E+00  2.0157459037E-03  6.4858711111E-03
  2.5300979294E+00 -1.8732955800E+00  1.4042587561E+00  1.9241403276E-03  6.2295266564E-03
  2.5410798541E+00 -1.8813689522E+00  1.4252162803E+00  1.8364720553E-03  5.9860868312E-03
  2.5520972011E+00 -1.8894556341E+00  1.4461500683E+00  1.7525674447E-03  5.7546605210E-03
  2.5631492804E+00 -1.8975552267E+00  1.4670605438E+00  1.6722620377E-03  5.5344193173E-03
  2.5742357074E+00 -1.9056675845E+00  1.4879478756E+00  1.5953999393E-03  5.3245942184E-03
  2.5853564058E+00 -1.9137928177E+00  1.5088119714E+00  1.5218332376E-03  5.1244723854E-03
  2.5965116061E+00 -1.9219312893E+00  1.5296524758E+00  1.4514214637E-03  4.9333939652E-03
  2.6077018390E+00 -1.9300836092E+00  1.5504687722E+00  1.3840310900E-03  4.7507489857E-03
  2.6189279238E+00 -1.9382506232E+00  1.5712599896E+00  1.3195350678E-03  4.5759743344E-03
  2.6301909517E+00 -1.9464333990E+00  1.5920250127E+00  1.2578124010E-03  4.4085508250E-03
  2.6414922648E+00 -1.9546332084E+00  1.6127624963E+00  1.1987477551E-03  4.2480003597E-03
  2.6528334314E+00 -1.9628515063E+00  1.6334708830E+00  1.1422310996E-03  4.0938831935E-03
  2.6642162171E+00 -1.9710899075E+00  1.6541484231E+00  1.0881573812E-03  3.9457953033E-03
  2.6756425542E+00 -1.9793501610E+00  1.6747931980E+00  1.0364262256E-03  3.8033658684E-03
  2.6871145082E+00 -1.9876341234E+00  1.6954031446E+00  9.8694166535E-04  3.6662548639E-03
  2.6986342442E+00 -1.9959437312E+00  1.7159760812E+00  9.3961189201E-04  3.5341507697E-03
  2.7102039919E+00 -2.0042809731E+00  1.7365097344E+00  8.9434902859E-04  3.4067683970E-03
  2.7218260117E+00 -2.0126478630E+00  1.7570017656E+00  8.5106892139E-04  3.2838468313E-03
  2.7335025614E+00 -2.0210464131E+00  1.7774497980E+00  8.0969094824E-04  3.1651474939E-03
  2.7452358649E+00 -2.0294786096E+00  1.7978514422E+00  7.7013784126E-04  3.0504523169E-03
  2.7570280831E+00 -2.0379463891E+00  1.8182043211E+00  7.3233552225E-04  2.9395620328E-03
  2.7688812872E+00 -2.0464516183E+00  1.8385060934E+00  6.9621294926E-04  2.8322945746E-03
  2.7807974351E+00 -2.0549960746E+00  1.8587544753E+00  6.6170197268E-04  2.7284835817E-03
  2.7927783507E+00 -2.0635814305E+00  1.8789472600E+00  6.2873720001E-04  2.6279770096E-03
  2.8048257074E+00 -2.0722092403E+00  1.8990823358E+00  5.9725586800E-04  2.5306358381E-03
  2.8169410135E+00 -2.0808809288E+00  1.9191577017E+00  5.6719772171E-04  2.4363328721E-03
  2.8291256022E+00 -2.0895977828E+00  1.9391714806E+00  5.3850489963E-04  2.3449516329E-03
  2.8413806240E+00 -2.0983609459E+00  1.9591219310E+00  5.1112182458E-04  2.2563853315E-03
  2.8537070421E+00 -2.1071714143E+00  1.9790074556E+00  4.8499509984E-04  2.1705359226E-03
  2.8661056312E+00 -2.1160300354E+00  1.9988266083E+00  4.6007341038E-04  2.0873132311E-03
  2.8785769779E+00 -2.1249375086E+00  2.0185780994E+00  4.3630742894E-04  2.0066341489E-03
  2.8911214842E+00 -2.1338943871E+00  2.0382607984E+00  4.1364972677E-04  1.9284218953E-03
  2.9037393721E+00 -2.1429010816E+00  2.0578737353E+00  3.9205468890E-04  1.8526053388E-03
  2.9164306908E+00 -2.1519578655E+00  2.0774161000E+00  3.7147843384E-04  1.7791183743E-03
  2.9291953245E+00 -2.1610648809E+00  2.0968872406E+00  3.5187873759E-04  1.7078993531E-03
  2.9420330017E+00 -2.1702221451E+00  2.1162866601E+00  3.3321496182E-04  1.6388905614E-03
  2.9549433050E+00 -2.1794295583E+00  2.1356140121E+00  3.1544798617E-04  1.5720377449E-03
  2.9679256820E+00 -2.1886869120E+00  2.1548690950E+00  2.9854014438E-04  1.5072896749E-03
  2.9809794564E+00 -2.1979938966E+00  2.1740518465E+00  2.8245516428E-04  1.4445977550E-03
  2.9941038388E+00 -2.2073501102E+00  2.1931623361E+00  2.6715811136E-04  1.3839156642E-03
  3.0072979381E+00 -2.2167550673E+00  2.2122007578E+00  2.5261533579E-04  1.3251990348E-03
  3.0205607726E+00 -2.2262082067E+00  2.2311674226E+00  2.3879442268E-04  1.2684051629E-03
  3.0338912809E+00 -2.2357089002E+00  2.2500627498E+00  2.2566414545E-04  1.2134927488E-03
  3.0472883320E+00 -2.2452564602E+00  2.2688872595E+00  2.1319442202E-04  1.1604216664E-03
  3.0607507357E+00 -2.2548501476E+00  2.2876415636E+00  2.0135627369E-04  1.1091527581E-03
  3.0742772516E+00 -2.2644891788E+00  2.3063263581E+00  1.9012178649E-04  1.0596476558E-03
  3.0878665985E+00 -2.2741727328E+00  2.3249424146E+00  1.7946407482E-04  1.0118686239E-03
  3.1015174624E+00 -2.2838999578E+00  2.3434905727E+00  1.6935724712E-04  9.6577842496E-04
  3.1152285044E+00 -2.2936699765E+00  2.3619717320E+00  1.5977637352E-04  9.2134020433E-04
  3.1289983676E+00 -2.3034818927E+00  2.3803868450E+00  1.5069745510E-04  8.7851739435E-04
  3.1428256839E+00 -2.3133347952E+00  2.3987369100E+00  1.4209739482E-04  8.3727363524E-04
  3.1567090797E+00 -2.3232277634E+00  2.4170229643E+00  1.3395396969E-04  7.9757271198E-04
  3.1706471811E+00 -2.3331598712E+00  2.4352460780E+00  1.2624580436E-04  7.5937850569E-04
  3.1846386191E+00 -2.3431301905E+00  2.4534073482E+00  1.1895234567E-04  7.2265495831E-04
  3.1986820334E+00 -2.3531377951E+00  2.4715078933E+00  1.1205383824E-04  6.8736604913E-04
  3.2127760763E+00 -2.3631817634E+00  2.4895488481E+00  1.0553130096E-04  6.5347578229E-04
