 AIMInt (Version 19.02.13, Professional)
 Portions Copyright (c) 1997-2019 by Todd A. Keith
 AIMInt is a component of the AIMAll package ( http://aim.tkgristmill.com )

 TP:  64-bit Linux

 Licensed To:  Research Group of Fernando Cortes Guzman, UNAM, fercor@unam.mx

 AIMInt is a heavily modified and extended version of the PROAIMV program
 developed by members of R.F.W. Bader's research group

 Much of the Quantum Theory of Atoms in Molecules (QTAIM) is described in the book:
   "Atoms in Molecules - A Quantum Theory"
   R.F.W. Bader, Oxford University Press, Oxford, 1990

 For additional references see:  http://aim.tkgristmill.com/references.html

 Current Directory:  /home/scratch/M_H2O_4_tetraedrico/Opt

 Inp File:  V4_tetraedrico_cc-pvtz-def2-tzv_1_atomicfiles/o4.inp
 Wfx File:  V4_tetraedrico_cc-pvtz-def2-tzv_1.wfx
 Out File:  V4_tetraedrico_cc-pvtz-def2-tzv_1_atomicfiles/o4.int

 Wfx Title:   V4_tetraedrico_cc-pvtz-def2-tzv_1                                             
 Job Title:   V4_tetraedrico_cc-pvtz-def2-tzv_1                                             
 
<Atom>
O4      
</Atom>
<Nuclei of Molecule>
    13
V1        23.0           6.8034023604E-06   9.4307859475E-06  -1.3420355065E-05
O2         8.0           2.3368400624E+00  -1.6648761612E+00  -2.0302410125E+00
H3         1.0           2.1387124316E+00  -3.4125246577E+00  -2.8289544550E+00
O4         8.0           1.6677054724E+00   2.3253677878E+00   2.0410518456E+00
H5         1.0           9.2019514847E-01   3.9275924296E+00   2.8193489705E+00
O6         8.0          -2.3281964912E+00   1.6791708879E+00  -2.0283980571E+00
H7         1.0          -3.9331127358E+00   9.3712500573E-01  -2.8063922211E+00
O8         8.0          -1.6763212253E+00  -2.3396237331E+00   2.0175343173E+00
H9         1.0          -9.3200162490E-01  -3.9470557948E+00   2.7879721657E+00
H10        1.0           3.9429977858E+00  -9.1628478782E-01  -2.7992210127E+00
H11        1.0          -3.4281084629E+00  -2.1425573710E+00   2.8075077198E+00
H12        1.0          -2.1249258151E+00   3.4308288752E+00  -2.8169913359E+00
H13        1.0           3.4158642481E+00   2.1223491415E+00   2.8374620900E+00
</Nuclei of Molecule>
<Total Number of CPs of DelSqRho>
    36
</Total Number of CPs of DelSqRho>
<Number of (3,+3) CPs of DelSqRho>
     5
</Number of (3,+3) CPs of DelSqRho>
<Number of (3,+1) CPs of DelSqRho>
    13
</Number of (3,+1) CPs of DelSqRho>
<Number of (3,-1) CPs of DelSqRho>
    13
</Number of (3,-1) CPs of DelSqRho>
<Number of (3,-3) CPs of DelSqRho>
     5
</Number of (3,-3) CPs of DelSqRho>
<Number of Degenerate CPs of DelSqRho>
     0
</Number of Degenerate CPs of DelSqRho>
<CP of DelSqRho>
CP# = 1       
Type = (3,+3)
Coords =  1.66770552316353E+00  2.32536785949852E+00  2.04105200304266E+00
DistFromNuc =  1.8026559001E-07
Rho =  2.9727081026E+02
DelSqRho = -3.3285902274E+06
GradDelSqRho =  1.0388881037E-05  9.1292290563E-06  1.1600393236E-05
HessDelSqRho_EigVals =  1.3236832456E+11  1.3236834383E+11  1.3236834774E+11
HessDelSqRho_EigVec1 = -3.6966411116E-01 -5.0318521576E-01  7.8112296315E-01
HessDelSqRho_EigVec2 =  4.5511472042E-01  6.3486687020E-01  6.2435138214E-01
HessDelSqRho_EigVec3 =  8.1007347579E-01 -5.8630085772E-01  5.6804984905E-03
</CP of DelSqRho>
<CP of DelSqRho>
CP# = 2       
Type = (3,+1)
Coords =  1.00544670734052E+00  1.38751611939281E+00  1.08223764195124E+00
DistFromNuc =  1.4958198759E+00
Rho =  1.6028013647E-01
DelSqRho =  3.3451764943E-01
GradDelSqRho =  1.6930901126E-15  7.4593109467E-16  1.4571677198E-15
HessDelSqRho_EigVals = -5.3638966643E-01  3.9919621546E-02  4.3858948015E+00
HessDelSqRho_EigVec1 = -3.4764457103E-01 -4.6639226583E-01  8.1340119659E-01
HessDelSqRho_EigVec2 = -8.0824670938E-01  5.8879184638E-01 -7.8369902351E-03
HessDelSqRho_EigVec3 =  4.7526888075E-01  6.6015332766E-01  5.8165030300E-01
</CP of DelSqRho>
<CP of DelSqRho>
CP# = 3       
Type = (3,+1)
Coords =  1.62612858026758E+00  2.26944667026923E+00  2.19435443692433E+00
DistFromNuc =  1.6839683444E-01
Rho =  2.2512278228E+01
DelSqRho =  1.2401654154E+03
GradDelSqRho = -9.9547037280E-12 -1.3159251466E-11  5.0079052016E-11
HessDelSqRho_EigVals = -4.1265004664E+05  1.9422797864E+03  2.2469131733E+03
HessDelSqRho_EigVec1 = -2.4810795015E-01 -3.3376025729E-01  9.0942098927E-01
HessDelSqRho_EigVec2 =  5.3154264578E-01  7.3793034743E-01  4.1583797091E-01
HessDelSqRho_EigVec3 =  8.0987953474E-01 -5.8656874533E-01  5.6785756360E-03
</CP of DelSqRho>
<CP of DelSqRho>
CP# = 4       
Type = (3,-1)
Coords =  1.75451348280664E+00  2.44600949304569E+00  2.12013910790503E+00
DistFromNuc =  1.6835927882E-01
Rho =  2.2426196090E+01
DelSqRho =  1.2617258229E+03
GradDelSqRho =  5.0590642786E-12  5.5706550484E-12  6.4517280407E-12
HessDelSqRho_EigVals = -4.1679356664E+05 -1.4140439858E+03  5.2304911595E+02
HessDelSqRho_EigVec1 =  5.1601853382E-01  7.1712023868E-01  4.6846924769E-01
HessDelSqRho_EigVec2 = -2.7881227124E-01 -3.7650915824E-01  8.8346169762E-01
HessDelSqRho_EigVec3 =  8.0993122558E-01 -5.8649758484E-01  5.6562186979E-03
</CP of DelSqRho>
<CP of DelSqRho>
CP# = 5       
Type = (3,+1)
Coords =  1.74216912477655E+00  2.42714632437133E+00  1.93011961467046E+00
DistFromNuc =  1.6795733354E-01
Rho =  2.2608247422E+01
DelSqRho =  1.2501193745E+03
GradDelSqRho = -5.7127635955E-12 -6.0822458181E-12  6.8212102633E-13
HessDelSqRho_EigVals = -4.2299702591E+05  1.5712634915E+03  1.9184784946E+03
HessDelSqRho_EigVec1 = -4.4230058300E-01 -6.0450988685E-01  6.6252395502E-01
HessDelSqRho_EigVec2 =  3.8532506186E-01  5.3897342199E-01  7.4902085892E-01
HessDelSqRho_EigVec3 =  8.0987331786E-01 -5.8657944653E-01  5.4554492219E-03
</CP of DelSqRho>
<CP of DelSqRho>
CP# = 6       
Type = (3,-3)
Coords =  1.59512267791834E+00  2.21985534311394E+00  1.93327021652926E+00
DistFromNuc =  1.6738583456E-01
Rho =  2.2641271872E+01
DelSqRho =  1.2837798782E+03
GradDelSqRho =  1.8047785488E-11 -3.4333424992E-11 -3.8454572859E-11
HessDelSqRho_EigVals = -4.4038165763E+05 -2.2767312010E+03 -6.9841061527E+00
HessDelSqRho_EigVec1 =  4.3331375008E-01  6.2985397997E-01  6.4461085773E-01
HessDelSqRho_EigVec2 = -3.8084168331E-01 -5.2027973565E-01  7.6437465220E-01
HessDelSqRho_EigVec3 =  8.1682238353E-01 -5.7670873115E-01  1.4430286631E-02
</CP of DelSqRho>
<CP of DelSqRho>
CP# = 7       
Type = (3,+1)
Coords =  2.30564939639660E+00  2.41740228827011E+00  1.82938491597483E+00
DistFromNuc =  6.7841409811E-01
Rho =  7.9960656054E-01
DelSqRho = -2.6441162659E+00
GradDelSqRho = -4.2632564146E-14 -4.1078251911E-15  2.0428103653E-14
HessDelSqRho_EigVals = -1.1833448454E+01  1.1281230921E+01  2.1111117047E+02
HessDelSqRho_EigVec1 =  3.9947913889E-01 -2.9947973651E-01  8.6644578885E-01
HessDelSqRho_EigVec2 = -2.9270766675E-02  9.4048694482E-01  3.3856687500E-01
HessDelSqRho_EigVec3 =  9.1627487132E-01  1.6061193620E-01 -3.6693891336E-01
</CP of DelSqRho>
<CP of DelSqRho>
CP# = 8       
Type = (3,-1)
Coords =  1.00943960658172E+00  2.49937504544272E+00  1.86186266587606E+00
DistFromNuc =  7.0406053574E-01
Rho =  7.0857576702E-01
DelSqRho = -1.3868528543E+00
GradDelSqRho =  0.0000000000E+00  3.1086244690E-15 -4.2188474936E-15
HessDelSqRho_EigVals = -1.4473700316E+01 -9.8528918743E+00  1.5891862643E+02
HessDelSqRho_EigVec1 =  3.3118977446E-02  7.8894504932E-01  6.1357056846E-01
HessDelSqRho_EigVec2 = -3.5587965497E-01 -5.6436124452E-01  7.4487989426E-01
HessDelSqRho_EigVec3 =  9.3394475453E-01 -2.4302694262E-01  2.6207842461E-01
</CP of DelSqRho>
<CP of DelSqRho>
CP# = 9       
Type = (3,-1)
Coords =  2.01681736860233E+00  2.81190263694541E+00  2.42529877280337E+00
DistFromNuc =  7.1150613246E-01
Rho =  6.9437461695E-01
DelSqRho = -1.3116557651E+00
GradDelSqRho = -1.7763568394E-15 -1.0658141036E-14 -1.7763568394E-15
HessDelSqRho_EigVals = -1.9012165497E+01 -4.1078548153E+00  1.5069831862E+02
HessDelSqRho_EigVec1 =  8.1029311562E-01 -5.8599643310E-01  5.7660357905E-03
HessDelSqRho_EigVec2 = -3.1481962946E-01 -4.2697934172E-01  8.4768935504E-01
HessDelSqRho_EigVec3 =  4.9428096027E-01  6.8869210983E-01  5.3046160104E-01
</CP of DelSqRho>
<CP of DelSqRho>
CP# = 10      
Type = (3,-1)
Coords =  2.04067565523956E+00  1.75340936956603E+00  1.86938033875031E+00
DistFromNuc =  7.0406980885E-01
Rho =  7.0855548562E-01
DelSqRho = -1.3869232021E+00
GradDelSqRho =  1.7763568394E-15 -1.5987211555E-14 -4.6629367034E-15
HessDelSqRho_EigVals = -1.4473084444E+01 -9.8458495377E+00  1.5890828394E+02
HessDelSqRho_EigVec1 =  7.3351732004E-01  2.8321139320E-01  6.1785406688E-01
HessDelSqRho_EigVec2 =  4.3093752060E-01  5.0917582178E-01 -7.4500525894E-01
HessDelSqRho_EigVec3 = -5.2559032957E-01  8.1273076063E-01  2.5144286863E-01
</CP of DelSqRho>
<CP of DelSqRho>
CP# = 11      
Type = (3,+3)
Coords =  1.29501041285525E+00  1.81217890547609E+00  2.23381195035116E+00
DistFromNuc =  6.6288829704E-01
Rho =  8.5564147868E-01
DelSqRho = -3.4633630212E+00
GradDelSqRho =  1.9539925233E-14  4.6185277824E-14 -1.4210854715E-14
HessDelSqRho_EigVals =  4.2957662765E+00  1.4603540010E+01  2.4839227403E+02
HessDelSqRho_EigVec1 =  1.8562005740E-01  2.6685126779E-01  9.4569318236E-01
HessDelSqRho_EigVec2 = -8.1025439334E-01  5.8604414244E-01 -6.3309702363E-03
HessDelSqRho_EigVec3 =  5.5590737750E-01  7.6507690071E-01 -3.2499895946E-01
</CP of DelSqRho>
<CP of DelSqRho>
CP# = 12      
Type = (3,+3)
Coords =  1.74545214079422E+00  2.42655467105626E+00  1.40471065737306E+00
DistFromNuc =  6.4900958209E-01
Rho =  9.0577712480E-01
DelSqRho = -3.9350955266E+00
GradDelSqRho = -5.3290705182E-15 -3.5527136788E-15  1.7763568394E-14
HessDelSqRho_EigVals =  8.0198063739E+00  1.6947461257E+01  2.9427630979E+02
HessDelSqRho_EigVec1 =  5.7007013567E-01  7.9016697934E-01  2.2506928972E-01
HessDelSqRho_EigVec2 =  8.1017707200E-01 -5.8615659415E-01  5.7930252007E-03
HessDelSqRho_EigVec3 = -1.3650330553E-01 -1.7904354748E-01  9.7432553887E-01
</CP of DelSqRho>
<CP of DelSqRho>
CP# = 13      
Type = (3,+1)
Coords =  1.87992038399516E+00  1.94611142533708E+00  2.55900364956045E+00
DistFromNuc =  6.7612471362E-01
Rho =  8.0355089127E-01
DelSqRho = -2.6244951067E+00
GradDelSqRho = -3.5527136788E-15  5.3290705182E-15 -3.5527136788E-15
HessDelSqRho_EigVals = -9.8481635616E+00  9.7677535451E+00  2.1165066744E+02
HessDelSqRho_EigVec1 =  9.4273284657E-01  3.2414073574E-01 -7.8661066776E-02
HessDelSqRho_EigVec2 = -2.0756608192E-01  7.5471579489E-01  6.2235069743E-01
HessDelSqRho_EigVec3 =  2.6109596249E-01 -5.7038307512E-01  7.7877599217E-01
</CP of DelSqRho>
<CP of DelSqRho>
CP# = 14      
Type = (3,+1)
Coords =  1.55737751258880E+00  2.95861046711300E+00  1.82401519536853E+00
DistFromNuc =  6.7843456366E-01
Rho =  7.9954299178E-01
DelSqRho = -2.6435723838E+00
GradDelSqRho =  3.5527136788E-15 -6.0396132540E-14  1.2434497876E-14
HessDelSqRho_EigVals = -1.1838034431E+01  1.1277175046E+01  2.1107238676E+02
HessDelSqRho_EigVec1 =  4.1761899863E-01 -2.9150467856E-01 -8.6059246706E-01
HessDelSqRho_EigVec2 =  8.9914819443E-01  2.6900128038E-01  3.4521129127E-01
HessDelSqRho_EigVec3 = -1.3086976902E-01  9.1796695667E-01 -3.7444595074E-01
</CP of DelSqRho>
<CP of DelSqRho>
CP# = 15      
Type = (3,+1)
Coords =  1.23611159202009E+00  2.41179458323130E+00  2.55426465909804E+00
DistFromNuc =  6.7611408836E-01
Rho =  8.0361796413E-01
DelSqRho = -2.6255417382E+00
GradDelSqRho = -3.3040237213E-13 -1.4566126083E-12  2.2737367544E-13
HessDelSqRho_EigVals = -9.8395589010E+00  9.7782044606E+00  2.1168158520E+02
HessDelSqRho_EigVec1 =  1.3728954762E-02  9.9625875693E-01 -8.5322945522E-02
HessDelSqRho_EigVec2 =  7.7571075340E-01  4.3231889434E-02  6.2960609177E-01
HessDelSqRho_EigVec3 = -6.3093925449E-01  7.4829759905E-02  7.7221510227E-01
</CP of DelSqRho>
<CP of DelSqRho>
CP# = 16      
Type = (3,+1)
Coords =  1.33692269358487E+00  1.86429622809762E+00  1.66738614582005E+00
DistFromNuc =  6.7943379748E-01
Rho =  8.1969219298E-01
DelSqRho = -3.1971662993E+00
GradDelSqRho =  1.4210854715E-14  1.7763568394E-15  2.1316282073E-14
HessDelSqRho_EigVals = -4.1743849637E+00  1.5685206323E+01  2.1654779595E+02
HessDelSqRho_EigVec1 = -3.2762050955E-01 -4.4465726828E-01  8.3363344192E-01
HessDelSqRho_EigVec2 = -8.1025487750E-01  5.8604860804E-01 -5.8363094090E-03
HessDelSqRho_EigVec3 =  4.8595456086E-01  6.7736765702E-01  5.5228726402E-01
</CP of DelSqRho>
<CP of DelSqRho>
CP# = 17      
Type = (3,+3)
Coords =  2.30517313994096E+00  2.21574113669808E+00  2.32156531962708E+00
DistFromNuc =  7.0503250908E-01
Rho =  7.8950218168E-01
DelSqRho = -3.4067737356E+00
GradDelSqRho =  1.9539925233E-14  5.3290705182E-15  9.3258734069E-15
HessDelSqRho_EigVals =  1.3073527537E+01  2.2948854145E+01  1.6464554221E+02
HessDelSqRho_EigVec1 = -4.2654398788E-01 -4.7956524031E-01  7.6686205193E-01
HessDelSqRho_EigVec2 = -5.5279161257E-02  8.6009840249E-01  5.0712419817E-01
HessDelSqRho_EigVec3 =  9.0277596376E-01 -1.7391928681E-01  3.9337976682E-01
</CP of DelSqRho>
<CP of DelSqRho>
CP# = 18      
Type = (3,+3)
Coords =  1.36134403835213E+00  2.89829729815101E+00  2.31485438673088E+00
DistFromNuc =  7.0503431379E-01
Rho =  7.8949158681E-01
DelSqRho = -3.4066062844E+00
GradDelSqRho =  1.9539925233E-14 -3.7303493627E-14 -1.2434497876E-14
HessDelSqRho_EigVals =  1.3069365626E+01  2.2947015688E+01  1.6464635253E+02
HessDelSqRho_EigVec1 =  3.2930377427E-01  5.5028009826E-01 -7.6730100854E-01
HessDelSqRho_EigVec2 =  8.2922367002E-01  2.2012447872E-01  5.1374441014E-01
HessDelSqRho_EigVec3 = -4.5160505902E-01  8.0544213158E-01  3.8381746096E-01
</CP of DelSqRho>
<CP of DelSqRho>
CP# = 19      
Type = (3,+1)
Coords =  2.74103250820562E+00  2.18778546344020E+00  2.52434414963286E+00
DistFromNuc =  1.1851292220E+00
Rho =  3.8027910784E-01
DelSqRho = -7.6995903052E-01
GradDelSqRho = -2.5257573810E-15  1.7763568394E-15 -2.7755575616E-17
HessDelSqRho_EigVals = -2.4558865474E+01  1.1973830553E+01  1.2355276466E+01
HessDelSqRho_EigVec1 =  9.0470469138E-01 -1.0070714608E-01  4.1396556876E-01
HessDelSqRho_EigVec2 = -4.0402999169E-01 -5.1107167114E-01  7.5866034085E-01
HessDelSqRho_EigVec3 = -1.3516355725E-01  8.5361807484E-01  5.0305764590E-01
</CP of DelSqRho>
<CP of DelSqRho>
CP# = 20      
Type = (3,+1)
Coords =  1.19651820992324E+00  3.30497847110868E+00  2.51317323999166E+00
DistFromNuc =  1.1851384469E+00
Rho =  3.8026128103E-01
DelSqRho = -7.6982318859E-01
GradDelSqRho = -2.5812685323E-15  3.7747582837E-15  1.4918621893E-15
HessDelSqRho_EigVals = -2.4555920667E+01  1.1971812692E+01  1.2354243893E+01
HessDelSqRho_EigVec1 = -3.8271693784E-01  8.3055728478E-01  4.0460146093E-01
HessDelSqRho_EigVec2 = -3.6648077161E-01 -5.3849713763E-01  7.5875732406E-01
HessDelSqRho_EigVec3 =  8.4806815147E-01  1.4211062403E-01  5.1047525014E-01
</CP of DelSqRho>
<CP of DelSqRho>
CP# = 21      
Type = (3,+1)
Coords =  9.90918365769276E-01  1.38442989831170E+00  1.56787410013530E+00
DistFromNuc =  1.2519193578E+00
Rho =  2.4592645845E-01
DelSqRho =  3.7227968386E-01
GradDelSqRho =  1.0130785100E-15  2.4147350786E-15 -8.0491169285E-16
HessDelSqRho_EigVals = -8.9052374914E+00  4.0008151844E-01  1.0493272402E+00
HessDelSqRho_EigVec1 =  5.4814140057E-01  7.6185129376E-01  3.4514288515E-01
HessDelSqRho_EigVec2 = -2.0682174143E-01 -2.7637882793E-01  9.3853050603E-01
HessDelSqRho_EigVec3 = -8.1041086632E-01  5.8583047860E-01 -6.0727334573E-03
</CP of DelSqRho>
<CP of DelSqRho>
CP# = 22      
Type = (3,-3)
Coords =  1.83626883467342E+00  2.56951988917007E+00  3.16764650929833E+00
DistFromNuc =  1.1650061768E+00
Rho =  2.4049654425E-01
DelSqRho =  8.4535604524E-01
GradDelSqRho = -8.5767504210E-13 -1.2808400174E-12 -9.3003937884E-12
HessDelSqRho_EigVals = -1.8283909718E+01 -1.6172962206E+00 -1.9675765639E-01
HessDelSqRho_EigVec1 =  1.4006854703E-01  2.0323250518E-01  9.6906003476E-01
HessDelSqRho_EigVec2 =  8.1046040885E-01 -5.8576565346E-01  5.7030618429E-03
HessDelSqRho_EigVec3 =  5.6880113205E-01  7.8458597238E-01 -2.4675924322E-01
</CP of DelSqRho>
<CP of DelSqRho>
CP# = 23      
Type = (3,-1)
Coords =  1.97419006408222E+00  1.37791835275697E+00  2.68127670739922E+00
DistFromNuc =  1.1838416746E+00
Rho =  2.3930065447E-01
DelSqRho =  7.2544764912E-01
GradDelSqRho =  1.1934897515E-15 -2.6367796835E-15  6.7307270868E-16
HessDelSqRho_EigVals = -1.6921984543E+01 -1.3441054238E+00  2.9630814141E-01
HessDelSqRho_EigVec1 = -2.3558934069E-01  8.1643248152E-01 -5.2719604102E-01
HessDelSqRho_EigVec2 =  9.0127697392E-01  3.8648818210E-01  1.9577206484E-01
HessDelSqRho_EigVec3 = -3.6358971221E-01  4.2902784084E-01  8.2688429237E-01
</CP of DelSqRho>
<CP of DelSqRho>
CP# = 24      
Type = (3,-1)
Coords =  6.66316665311530E-01  2.32404578319442E+00  2.67256706899466E+00
DistFromNuc =  1.1838888326E+00
Rho =  2.3929940997E-01
DelSqRho =  7.2526986820E-01
GradDelSqRho = -3.5388358910E-15 -5.2735593670E-16  1.8804402480E-15
HessDelSqRho_EigVals = -1.6920624849E+01 -1.3425499446E+00  2.9711456514E-01
HessDelSqRho_EigVec1 =  8.5370976033E-01  2.8397296104E-02 -5.1997426733E-01
HessDelSqRho_EigVec2 =  8.2969212260E-02  9.7833965033E-01  1.8965136017E-01
HessDelSqRho_EigVec3 =  5.1409702871E-01 -2.0504907260E-01  8.3286200712E-01
</CP of DelSqRho>
<CP of DelSqRho>
CP# = 25      
Type = (3,-3)
Coords =  2.33614124494426E+00  3.25143325055604E+00  2.23230097807040E+00
DistFromNuc =  1.1580068454E+00
Rho =  2.3958170077E-01
DelSqRho =  8.5725001468E-01
GradDelSqRho =  1.5543122345E-15  1.9428902931E-15 -7.6327832943E-17
HessDelSqRho_EigVals = -1.8213756315E+01 -1.6266594790E+00 -2.4063346311E-01
HessDelSqRho_EigVec1 =  5.7794352955E-01  8.0063558632E-01  1.5799979293E-01
HessDelSqRho_EigVec2 =  8.1026299805E-01 -5.8603774023E-01  5.8000885835E-03
HessDelSqRho_EigVec3 = -9.7237598930E-02 -1.2466926224E-01  9.8742211055E-01
</CP of DelSqRho>
<CP of DelSqRho>
CP# = 26      
Type = (3,-3)
Coords =  2.34351640025188E+00  1.43623501167907E+00  1.74813029886903E+00
DistFromNuc =  1.1545910689E+00
Rho =  2.4432157107E-01
DelSqRho =  8.0316310658E-01
GradDelSqRho =  2.6784130469E-15 -3.6082248300E-16 -1.2351231149E-15
HessDelSqRho_EigVals = -1.7339940681E+01 -1.4986466657E+00 -3.8432452677E-01
HessDelSqRho_EigVec1 = -5.5812844945E-01  7.8325198881E-01  2.7387762950E-01
HessDelSqRho_EigVec2 =  7.2593198845E-01  3.0105818234E-01  6.1837425480E-01
HessDelSqRho_EigVec3 = -4.0188976358E-01 -5.4394879618E-01  7.3661681019E-01
</CP of DelSqRho>
<CP of DelSqRho>
CP# = 27      
Type = (3,-1)
Coords =  1.32549372276137E+00  3.24509681522688E+00  1.38096163640325E+00
DistFromNuc =  1.1826789293E+00
Rho =  2.3896569692E-01
DelSqRho =  7.3925977423E-01
GradDelSqRho =  2.6367796835E-16 -9.1177065897E-15  6.9041994344E-15
HessDelSqRho_EigVals = -1.7349671315E+01 -1.2064898663E+00  2.5447645817E-01
HessDelSqRho_EigVec1 = -2.9143658346E-01  7.6094255775E-01 -5.7968193143E-01
HessDelSqRho_EigVec2 = -2.3828725676E-01  5.2913651288E-01  8.1439163429E-01
HessDelSqRho_EigVec3 =  9.2643612898E-01  3.7547433273E-01  2.7113177139E-02
</CP of DelSqRho>
<CP of DelSqRho>
CP# = 28      
Type = (3,-1)
Coords =  2.65443397732254E+00  2.28380015927320E+00  1.39040647018817E+00
DistFromNuc =  1.1826666541E+00
Rho =  2.3896765010E-01
DelSqRho =  7.3934452811E-01
GradDelSqRho =  1.8873791419E-15 -7.2858385991E-16 -1.3392065235E-15
HessDelSqRho_EigVals = -1.7352459656E+01 -1.2055965061E+00  2.5391543083E-01
HessDelSqRho_EigVec1 =  8.1930036184E-01 -4.2513806185E-02 -5.7178623048E-01
HessDelSqRho_EigVec2 =  5.6950568681E-01 -5.5164378103E-02  8.2013423540E-01
HessDelSqRho_EigVec3 =  6.6409259742E-02  9.9757178572E-01  2.0984340550E-02
</CP of DelSqRho>
<CP of DelSqRho>
CP# = 29      
Type = (3,-3)
Coords =  6.14391400360442E-01  2.68656083186744E+00  1.73592565505164E+00
DistFromNuc =  1.1545704576E+00
Rho =  2.4432746092E-01
DelSqRho =  8.0330591225E-01
GradDelSqRho = -6.8417493893E-15  1.2420620088E-15 -1.1310397063E-15
HessDelSqRho_EigVals = -1.7342315252E+01 -1.4987296521E+00 -3.8561599363E-01
HessDelSqRho_EigVec1 =  9.1608226195E-01 -2.8277475648E-01  2.8430920919E-01
HessDelSqRho_EigVec2 =  5.2725574081E-02  7.8780480588E-01  6.1366407885E-01
HessDelSqRho_EigVec3 = -3.9750887182E-01 -5.4717641116E-01  7.3660346992E-01
</CP of DelSqRho>
<CP of DelSqRho>
CP# = 30      
Type = (3,-1)
Coords =  2.13518087189343E+00  2.98010913569114E+00  2.88724051630342E+00
DistFromNuc =  1.1675850068E+00
Rho =  2.4523256742E-01
DelSqRho =  8.3339926720E-01
GradDelSqRho = -9.7144514655E-15 -1.2823075934E-14 -3.7747582837E-15
HessDelSqRho_EigVals = -1.6678146732E+01 -3.4299690361E+00  1.8008340398E-01
HessDelSqRho_EigVec1 =  4.0268164709E-01  5.6392187143E-01  7.2099903885E-01
HessDelSqRho_EigVec2 =  8.1025978733E-01 -5.8604185977E-01  5.8322914981E-03
HessDelSqRho_EigVec3 = -4.2582457436E-01 -5.8184797114E-01  6.9291151697E-01
</CP of DelSqRho>
<CP of DelSqRho>
CP# = 31      
Type = (3,-1)
Coords =  3.29191247615498E+00  2.88099244115750E+00  3.13813082926314E+00
DistFromNuc =  2.0372406443E+00
Rho =  6.5983042239E-02
DelSqRho =  1.8574991844E-01
GradDelSqRho = -3.8077180298E-16 -3.2612801348E-16 -3.3740371608E-16
HessDelSqRho_EigVals = -2.3871317753E+00 -1.3801309820E-02  4.1803866471E-01
HessDelSqRho_EigVec1 =  3.8699503546E-01  7.3892399887E-01  5.5156700992E-01
HessDelSqRho_EigVec2 = -4.0689487041E-01 -3.9993397433E-01  8.2127302440E-01
HessDelSqRho_EigVec3 =  8.2744873374E-01 -5.4225837022E-01  1.4589192218E-01
</CP of DelSqRho>
<CP of DelSqRho>
CP# = 32      
Type = (3,-1)
Coords =  8.41070391812601E-01  1.49618689566902E+00  1.08754875416971E+00
DistFromNuc =  1.5099783620E+00
Rho =  1.5453813478E-01
DelSqRho =  3.3491025535E-01
GradDelSqRho =  6.9388939039E-17 -1.8041124150E-16 -2.7755575616E-17
HessDelSqRho_EigVals = -5.4562963616E-01 -7.7289427713E-02  4.4451821492E+00
HessDelSqRho_EigVec1 = -2.5159160901E-01 -5.3098690088E-01  8.0916906353E-01
HessDelSqRho_EigVec2 = -8.5636500022E-01  5.1167250617E-01  6.9499876536E-02
HessDelSqRho_EigVec3 =  4.5093308670E-01  6.7545847950E-01  5.8345110660E-01
</CP of DelSqRho>
<CP of DelSqRho>
CP# = 33      
Type = (3,-1)
Coords =  1.67688576944298E+00  4.04992609704483E+00  3.12554402814301E+00
DistFromNuc =  2.0372307021E+00
Rho =  6.5981998100E-02
DelSqRho =  1.8574937039E-01
GradDelSqRho =  1.1461318006E-14  2.0938112355E-15 -8.5469825661E-15
HessDelSqRho_EigVals = -2.3871296128E+00 -1.3884925694E-02  4.1804412342E-01
HessDelSqRho_EigVec1 =  5.7570825035E-01  6.0318623527E-01  5.5202026780E-01
HessDelSqRho_EigVec2 =  2.5924972643E-01  5.0563420624E-01 -8.2287522069E-01
HessDelSqRho_EigVec3 =  7.7546733640E-01 -6.1684715697E-01 -1.3472191771E-01
</CP of DelSqRho>
<CP of DelSqRho>
CP# = 34      
Type = (3,-1)
Coords =  1.14246407271024E+00  1.27899548160586E+00  1.08905289779133E+00
DistFromNuc =  1.5089981868E+00
Rho =  1.5493945118E-01
DelSqRho =  3.3480288130E-01
GradDelSqRho = -4.4408920985E-16 -6.9388939039E-16 -4.7184478547E-16
HessDelSqRho_EigVals = -5.4467861916E-01 -6.9008551818E-02  4.4424986152E+00
HessDelSqRho_EigVec1 = -4.2860592422E-01 -4.0338979019E-01  8.0843901372E-01
HessDelSqRho_EigVec2 = -7.5600306590E-01  6.5009085908E-01 -7.6428000719E-02
HessDelSqRho_EigVec3 =  4.9472853776E-01  6.4393986685E-01  5.8359671162E-01
</CP of DelSqRho>
<CP of DelSqRho>
CP# = 35      
Type = (3,+1)
Coords =  1.47763391206695E-01  3.55994980687632E+00  2.68915621681724E+00
DistFromNuc =  2.0626332607E+00
Rho =  6.4171229742E-02
DelSqRho =  1.6910754890E-01
GradDelSqRho =  0.0000000000E+00 -3.9898639947E-17 -1.0408340856E-17
HessDelSqRho_EigVals = -1.8414887746E+00  9.2212198155E-03  5.0366171784E-01
HessDelSqRho_EigVec1 =  9.7147488020E-01 -1.9315902653E-01 -1.3757233589E-01
HessDelSqRho_EigVec2 =  3.5801383783E-02 -4.5401461511E-01  8.9027467120E-01
HessDelSqRho_EigVec3 =  2.3442443996E-01  8.6980475955E-01  4.3414843338E-01
</CP of DelSqRho>
<CP of DelSqRho>
CP# = 36      
Type = (3,+1)
Coords =  3.31407294431260E+00  1.27378790524827E+00  2.70343281128062E+00
DistFromNuc =  2.0627880758E+00
Rho =  6.4174622607E-02
DelSqRho =  1.6909640969E-01
GradDelSqRho = -2.3939183968E-16  2.2898349883E-16 -2.7061686225E-16
HessDelSqRho_EigVals = -1.8435225450E+00  9.2593247483E-03  5.0313761294E-01
HessDelSqRho_EigVec1 = -4.8988136181E-01  8.6050031395E-01 -1.3984084184E-01
HessDelSqRho_EigVec2 = -4.5099229204E-01 -1.1286791762E-01  8.8536251654E-01
HessDelSqRho_EigVec3 =  7.4607117882E-01  4.9678973708E-01  4.4337089808E-01
</CP of DelSqRho>
<Path of -GradDelSqRho>
Starting CP# =      2
Ending CP# =      0
Number of Points =    400
  1.0054467073E+00  1.3875161194E+00  1.0822376420E+00  1.6028013647E-01  3.3451764943E-01
  9.9675485731E-01  1.3758536132E+00  1.1025708088E+00  1.6102568440E-01  3.3435055027E-01
  9.8806049960E-01  1.3641839621E+00  1.1228988038E+00  1.6161202511E-01  3.3385195643E-01
  9.7936219124E-01  1.3525049562E+00  1.1432197348E+00  1.6203620084E-01  3.3302725837E-01
  9.7065880025E-01  1.3408148361E+00  1.1635320969E+00  1.6229598970E-01  3.3188353880E-01
  9.6194954686E-01  1.3291123525E+00  1.1838348248E+00  1.6238994975E-01  3.3042945225E-01
  9.5323403592E-01  1.3173968142E+00  1.2041273358E+00  1.6231745084E-01  3.2867509533E-01
  9.4451227864E-01  1.3056681198E+00  1.2244095609E+00  1.6207869254E-01  3.2663187096E-01
  9.3578470231E-01  1.2939267726E+00  1.2446819597E+00  1.6167470676E-01  3.2431235015E-01
  9.2705214706E-01  1.2821738767E+00  1.2649455206E+00  1.6110734477E-01  3.2173013361E-01
  9.1831584971E-01  1.2704111150E+00  1.2852017427E+00  1.6037924881E-01  3.1889971548E-01
  9.0957741496E-01  1.2586407084E+00  1.3054526015E+00  1.5949380936E-01  3.1583635032E-01
  9.0083877509E-01  1.2468653588E+00  1.3257004980E+00  1.5845510993E-01  3.1255592420E-01
  8.9210213971E-01  1.2350881775E+00  1.3459481942E+00  1.5726786162E-01  3.0907483005E-01
  8.8336993756E-01  1.2233126021E+00  1.3661987366E+00  1.5593733029E-01  3.0540984724E-01
  8.7464475246E-01  1.2115423049E+00  1.3864553709E+00  1.5446925889E-01  3.0157802494E-01
  8.6592925557E-01  1.1997810956E+00  1.4067214519E+00  1.5286978813E-01  2.9759656895E-01
  8.5722613605E-01  1.1880328223E+00  1.4270003506E+00  1.5114537752E-01  2.9348273142E-01
  8.4853803179E-01  1.1763012711E+00  1.4472953617E+00  1.4930272932E-01  2.8925370342E-01
  8.3986746184E-01  1.1645900697E+00  1.4676096146E+00  1.4734871676E-01  2.8492650996E-01
  8.3121676142E-01  1.1529025930E+00  1.4879459893E+00  1.4529031787E-01  2.8051790769E-01
  8.2258802028E-01  1.1412418748E+00  1.5083070382E+00  1.4313455557E-01  2.7604428538E-01
  8.1398302479E-01  1.1296105237E+00  1.5286949153E+00  1.4088844435E-01  2.7152156751E-01
  8.0540320364E-01  1.1180106447E+00  1.5491113122E+00  1.3855894354E-01  2.6696512130E-01
  7.9684957705E-01  1.1064437657E+00  1.5695574012E+00  1.3615291684E-01  2.6238966770E-01
  7.8832270893E-01  1.0949107679E+00  1.5900337839E+00  1.3367709792E-01  2.5780919677E-01
  7.7982266165E-01  1.0834118203E+00  1.6105404455E+00  1.3113806135E-01  2.5323688774E-01
  7.7134895266E-01  1.0719463161E+00  1.6310767123E+00  1.2854219864E-01  2.4868503435E-01
  7.6290051254E-01  1.0605128121E+00  1.6516412122E+00  1.2589569875E-01  2.4416497559E-01
  7.5447564409E-01  1.0491089685E+00  1.6722318358E+00  1.2320453287E-01  2.3968703237E-01
  7.4607198198E-01  1.0377314898E+00  1.6928456981E+00  1.2047444319E-01  2.3526045015E-01
  7.3768645330E-01  1.0263760670E+00  1.7134790983E+00  1.1771093541E-01  2.3089334805E-01
  7.2931523899E-01  1.0150373211E+00  1.7341274777E+00  1.1491927522E-01  2.2659267452E-01
  7.2095373733E-01  1.0037087489E+00  1.7547853753E+00  1.1210448865E-01  2.2236416985E-01
  7.1259653070E-01  9.9238267433E-01  1.7754463804E+00  1.0927136662E-01  2.1821233609E-01
  7.0423735786E-01  9.8105020671E-01  1.7961030836E+00  1.0642447416E-01  2.1414041446E-01
  6.9586909485E-01  9.6970121243E-01  1.8167470276E+00  1.0356816440E-01  2.1015037101E-01
  6.8748374873E-01  9.5832430457E-01  1.8373686604E+00  1.0070659809E-01  2.0624289114E-01
  6.7907246928E-01  9.4690685879E-01  1.8579572961E+00  9.7843768863E-02  2.0241738373E-01
  6.7062558529E-01  9.3543506482E-01  1.8785010889E+00  9.4983534365E-02  1.9867199613E-01
  6.6213267280E-01  9.2389402417E-01  1.8989870294E+00  9.2129653404E-02  1.9500364135E-01
  6.5358266317E-01  9.1226790573E-01  1.9194009739E+00  8.9285828270E-02  1.9140803922E-01
  6.4496399882E-01  9.0054017018E-01  1.9397277204E+00  8.6455751040E-02  1.8787977379E-01
  6.3626484258E-01  8.8869387215E-01  1.9599511450E+00  8.3643151563E-02  1.8441236956E-01
  6.2747334368E-01  8.7671204418E-01  1.9800544145E+00  8.0851843742E-02  1.8099838957E-01
  6.1857795789E-01  8.6457815887E-01  2.0000202863E+00  7.8085765652E-02  1.7762955841E-01
  6.0956781228E-01  8.5227665523E-01  2.0198315036E+00  7.5349008072E-02  1.7429691313E-01
  6.0043309634E-01  8.3979350297E-01  2.0394712813E+00  7.2645825719E-02  1.7099098418E-01
  5.9116545302E-01  8.2711676606E-01  2.0589238684E+00  6.9980625986E-02  1.6770200691E-01
  5.8175833647E-01  8.1423711795E-01  2.0781751543E+00  6.7357931738E-02  1.6442016198E-01
  5.7220730131E-01  8.0114825741E-01  2.0972132747E+00  6.4782317514E-02  1.6113583986E-01
  5.6251019189E-01  7.8784717969E-01  2.1160291622E+00  6.2258322177E-02  1.5783992095E-01
  5.5266720972E-01  7.7433427193E-01  2.1346169861E+00  5.9790344720E-02  1.5452405971E-01
  5.4268085213E-01  7.6061322256E-01  2.1529744339E+00  5.7382532826E-02  1.5118095832E-01
  5.3255573127E-01  7.4669075856E-01  2.1711028057E+00  5.5038675095E-02  1.4780461414E-01
  5.2229829698E-01  7.3257624441E-01  2.1890069172E+00  5.2762107203E-02  1.4439052618E-01
  5.1191649649E-01  7.1828119045E-01  2.2066948289E+00  5.0555639905E-02  1.4093584776E-01
  5.0141940668E-01  7.0381872225E-01  2.2241774394E+00  4.8421513370E-02  1.3743947705E-01
  4.9081687186E-01  6.8920305841E-01  2.2414679912E+00  4.6361378688E-02  1.3390208160E-01
  4.8011917257E-01  6.7444903366E-01  2.2585815388E+00  4.4376304309E-02  1.3032605816E-01
  4.6933674231E-01  6.5957169123E-01  2.2755344239E+00  4.2466803064E-02  1.2671543351E-01
  4.5847994004E-01  6.4458595591E-01  2.2923437910E+00  4.0632874427E-02  1.2307571509E-01
  4.4755887933E-01  6.2950638890E-01  2.3090271669E+00  3.8874056624E-02  1.1941370253E-01
  4.3658331012E-01  6.1434701851E-01  2.3256021147E+00  3.7189483758E-02  1.1573727200E-01
  4.2556254615E-01  5.9912123658E-01  2.3420859651E+00  3.5577944096E-02  1.1205514507E-01
  4.1450543016E-01  5.8384174924E-01  2.3584956213E+00  3.4037936635E-02  1.0837665274E-01
  4.0342032873E-01  5.6852057034E-01  2.3748474298E+00  3.2567724041E-02  1.0471150396E-01
  3.9231515001E-01  5.5316904744E-01  2.3911571072E+00  3.1165380848E-02  1.0106956613E-01
  3.8119737797E-01  5.3779791179E-01  2.4074397138E+00  2.9828836370E-02  9.7460663255E-02
  3.7007411892E-01  5.2241734536E-01  2.4237096640E+00  2.8555912254E-02  9.3894395644E-02
  3.5895215626E-01  5.0703705992E-01  2.4399807659E+00  2.7344354855E-02  9.0379983714E-02
  3.4783801129E-01  4.9166638441E-01  2.4562662825E+00  2.6191862787E-02  8.6926136793E-02
  3.3673800804E-01  4.7631435796E-01  2.4725790091E+00  2.5096110096E-02  8.3540946970E-02
  3.2565834113E-01  4.6098982723E-01  2.4889313617E+00  2.4054765526E-02  8.0231807082E-02
  3.1460514616E-01  4.4570154687E-01  2.5053354733E+00  2.3065508352E-02  7.7005351295E-02
  3.0358457211E-01  4.3045828306E-01  2.5218032948E+00  2.2126041212E-02  7.3867416306E-02
  2.9260285612E-01  4.1526891996E-01  2.5383466977E+00  2.1234100355E-02  7.0823020927E-02
  2.8166640054E-01  4.0014256940E-01  2.5549775772E+00  2.0387463661E-02  6.7876361648E-02
  2.7078185273E-01  3.8508868425E-01  2.5717079533E+00  1.9583956759E-02  6.5030821800E-02
  2.5995618780E-01  3.7011717572E-01  2.5885500669E+00  1.8821457532E-02  6.2288991937E-02
  2.4919679448E-01  3.5523853509E-01  2.6055164713E+00  1.8097899268E-02  5.9652699251E-02
  2.3851156428E-01  3.4046395970E-01  2.6226201125E+00  1.7411272669E-02  5.7123043943E-02
  2.2790898353E-01  3.2580548302E-01  2.6398743990E+00  1.6759626938E-02  5.4700440725E-02
  2.1739822774E-01  3.1127610767E-01  2.6572932538E+00  1.6141070132E-02  5.2384663821E-02
  2.0698925696E-01  2.9688993967E-01  2.6748911448E+00  1.5553768940E-02  5.0174894081E-02
  1.9669290994E-01  2.8266232078E-01  2.6926830880E+00  1.4995948079E-02  4.8069767070E-02
  1.8652099387E-01  2.6860995435E-01  2.7106846144E+00  1.4465889465E-02  4.6067421229E-02
  1.7648636501E-01  2.5475101796E-01  2.7289116936E+00  1.3961931328E-02  4.4165545444E-02
  1.6660299368E-01  2.4110525381E-01  2.7473806039E+00  1.3482467442E-02  4.2361425625E-02
  1.5688600511E-01  2.2769402466E-01  2.7661077398E+00  1.3025946648E-02  4.0651990092E-02
  1.4735168532E-01  2.1454032025E-01  2.7851093475E+00  1.2590872833E-02  3.9033853836E-02
  1.3801743904E-01  2.0166869590E-01  2.8044011825E+00  1.2175805513E-02  3.7503361869E-02
  1.2890168505E-01  1.8910512265E-01  2.8239980866E+00  1.1779361162E-02  3.6056632122E-02
  1.2002367344E-01  1.7687672752E-01  2.8439134896E+00  1.1400215345E-02  3.4689598376E-02
  1.1140321107E-01  1.6501140444E-01  2.8641588505E+00  1.1037105670E-02  3.3398053830E-02
  1.0306028498E-01  1.5353728211E-01  2.8847430638E+00  1.0688835451E-02  3.2177695779E-02
  9.5014581951E-02  1.4248204614E-01  2.9056718736E+00  1.0354277879E-02  3.1024171705E-02
  8.7284913200E-02  1.3187212882E-01  2.9269473450E+00  1.0032380350E-02  2.9933126716E-02
  7.9888568338E-02  1.2173180062E-01  2.9485674557E+00  9.7221685062E-03  2.8900251847E-02
  7.2840638195E-02  1.1208221933E-01  2.9705258647E+00  9.4227494830E-03  2.7921332140E-02
  6.6153359886E-02  1.0294051221E-01  2.9928119090E+00  9.1333138607E-03  2.6992292972E-02
  5.9835545235E-02  9.4318976676E-02  3.0154108519E+00  8.8531359115E-03  2.6109242682E-02
  5.3892152102E-02  8.6224483109E-02  3.0383043786E+00  8.5815719142E-03  2.5268509444E-02
  4.8324045961E-02  7.8658145756E-02  3.0614713011E+00  8.3180565266E-03  2.4466670493E-02
  4.3127977559E-02  7.1615297372E-02  3.0848884037E+00  8.0620974371E-03  2.3700572349E-02
  3.8296776033E-02  6.5085766095E-02  3.1085313478E+00  7.8132687012E-03  2.2967341384E-02
  3.3819731056E-02  5.9054416931E-02  3.1323755499E+00  7.5712032727E-03  2.2264384931E-02
  2.9683117994E-02  5.3501892797E-02  3.1563969616E+00  7.3355852547E-03  2.1589383881E-02
  2.5870809737E-02  4.8405475901E-02  3.1805727030E+00  7.1061423298E-03  2.0940278313E-02
  2.2364918533E-02  4.3739989890E-02  3.2048815257E+00  6.8826387201E-03  2.0315247985E-02
  1.9146418699E-02  3.9478673979E-02  3.2293041065E+00  6.6648688938E-03  1.9712689592E-02
  1.6195713400E-02  3.5593977668E-02  3.2538231878E+00  6.4526521206E-03  1.9131192526E-02
  1.3493122419E-02  3.2058243921E-02  3.2784235956E+00  6.2458278803E-03  1.8569514574E-02
  1.1019280433E-02  2.8844266379E-02  3.3030921633E+00  6.0442520690E-03  1.8026558645E-02
  8.7554453002E-03  2.5925720153E-02  3.3278175939E+00  5.8477939103E-03  1.7501351262E-02
  6.6837227767E-03  2.3277475328E-02  3.3525902860E+00  5.6563334671E-03  1.6993023233E-02
  4.7872180589E-03  2.0875807957E-02  3.3774021428E+00  5.4697596479E-03  1.6500792700E-02
  3.0501263086E-03  1.8698525605E-02  3.4022463808E+00  5.2879686163E-03  1.6023950548E-02
  1.4577743655E-03  1.6725024657E-02  3.4271173469E+00  5.1108625184E-03  1.5561848057E-02
 -3.3750628206E-06  1.4936295201E-02  3.4520103498E+00  4.9383484650E-03  1.5113886611E-02
 -1.3457469014E-03  1.3314887288E-02  3.4769215097E+00  4.7703377112E-03  1.4679509227E-02
 -2.5806967058E-03  1.1844850046E-02  3.5018476263E+00  4.6067449928E-03  1.4258193664E-02
 -3.7185665686E-03  1.0511652860E-02  3.5267860648E+00  4.4474879843E-03  1.3849446891E-02
 -4.7687487985E-03  9.3020957952E-03  3.5517346591E+00  4.2924868546E-03  1.3452800688E-02
 -5.7397534793E-03  8.2042147136E-03  3.5766916300E+00  4.1416638992E-03  1.3067808198E-02
 -6.6392770461E-03  7.2071850580E-03  3.6016555167E+00  3.9949432336E-03  1.2694041255E-02
 -7.4742698351E-03  6.3012271647E-03  3.6266251201E+00  3.8522505371E-03  1.2331088343E-02
 -8.2510012099E-03  5.4775150394E-03  3.6515994554E+00  3.7135128365E-03  1.1978553070E-02
 -8.9751213557E-03  4.7280898591E-03  3.6765777137E+00  3.5786583239E-03  1.1636053045E-02
 -9.6517192013E-03  4.0457789421E-03  3.7015592301E+00  3.4476162022E-03  1.1303219072E-02
 -1.0285376199E-02  3.4241205568E-03  3.7265434572E+00  3.3203165539E-03  1.0979694599E-02
 -1.0880215885E-02  2.8572946661E-03  3.7515299442E+00  3.1966902305E-03  1.0665135347E-02
 -1.1439949280E-02  2.3400595190E-03  3.7765183193E+00  3.0766687586E-03  1.0359209085E-02
 -1.1967916275E-02  1.8676938749E-03  3.8015082752E+00  2.9601842616E-03  1.0061595499E-02
 -1.2467123212E-02  1.4359445636E-03  3.8264995576E+00  2.8471693934E-03  9.7719861328E-03
 -1.2940276901E-02  1.0409790412E-03  3.8514919560E+00  2.7375572844E-03  9.4900843669E-03
 -1.3389815322E-02  6.7934257498E-04  3.8764852952E+00  2.6312814976E-03  9.2156054211E-03
 -1.3817935286E-02  3.4791968819E-04  3.9014794299E+00  2.5282759928E-03  8.9482763574E-03
 -1.4226617302E-02  4.3899500680E-05  3.9264742387E+00  2.4284751001E-03  8.6878360754E-03
 -1.4617647901E-02 -2.3525538553E-04  3.9514696202E+00  2.3318134991E-03  8.4340352878E-03
 -1.4992639657E-02 -4.9183678684E-04  3.9764654897E+00  2.2382262056E-03  8.1866364701E-03
 -1.5353049112E-02 -7.2791593482E-04  4.0014617759E+00  2.1476485635E-03  7.9454137771E-03
 -1.5700192825E-02 -9.4536585633E-04  4.0264584190E+00  2.0600162421E-03  7.7101529250E-03
 -1.6035261722E-02 -1.1458814010E-03  4.0514553686E+00  1.9752652370E-03  7.4806510354E-03
 -1.6359333921E-02 -1.3309971573E-03  4.0764525821E+00  1.8933318769E-03  7.2567164408E-03
 -1.6673386189E-02 -1.5021034771E-03  4.1014500234E+00  1.8141528318E-03  7.0381684523E-03
 -1.6978304181E-02 -1.6604608072E-03  4.1264476619E+00  1.7376651266E-03  6.8248370904E-03
 -1.7274891575E-02 -1.8072125080E-03  4.1514454715E+00  1.6638061557E-03  6.6165627797E-03
 -1.7563878233E-02 -1.9433963212E-03  4.1764434299E+00  1.5925137011E-03  6.4131960115E-03
 -1.7845927487E-02 -2.0699546322E-03  4.2014415183E+00  1.5237259526E-03  6.2145969755E-03
 -1.8121642648E-02 -2.1877436571E-03  4.2264397202E+00  1.4573815292E-03  6.0206351648E-03
 -1.8391572818E-02 -2.2975416728E-03  4.2514380216E+00  1.3934195028E-03  5.8311889565E-03
 -1.8656218083E-02 -2.4000563934E-03  4.2764364105E+00  1.3317794228E-03  5.6461451731E-03
 -1.8916034164E-02 -2.4959315865E-03  4.3014348764E+00  1.2724013417E-03  5.4653986258E-03
 -1.9171436571E-02 -2.5857530139E-03  4.3264334103E+00  1.2152258415E-03  5.2888516461E-03
 -1.9422804329E-02 -2.6700537695E-03  4.3514320044E+00  1.1601940611E-03  5.1164136066E-03
 -1.9670483314E-02 -2.7493190816E-03  4.3764306517E+00  1.1072477231E-03  4.9480004373E-03
 -1.9914789252E-02 -2.8239906380E-03  4.4014293464E+00  1.0563291619E-03  4.7835341384E-03
 -2.0156010412E-02 -2.8944704852E-03  4.4264280832E+00  1.0073813510E-03  4.6229422944E-03
 -2.0394410030E-02 -2.9611245504E-03  4.4514268576E+00  9.6034793010E-04  4.4661575917E-03
 -2.0630228496E-02 -3.0242858247E-03  4.4764256656E+00  9.1517323258E-04  4.3131173443E-03
 -2.0863685322E-02 -3.0842572456E-03  4.5014245035E+00  8.7180231152E-04  4.1637630272E-03
 -2.1094980936E-02 -3.1413143107E-03  4.5264233684E+00  8.3018096571E-04  4.0180398242E-03
 -2.1324298290E-02 -3.1957074508E-03  4.5514222575E+00  7.9025576466E-04  3.8758961877E-03
 -2.1551804336E-02 -3.2476641884E-03  4.5764211683E+00  7.5197407276E-04  3.7372834172E-03
 -2.1777651356E-02 -3.2973911027E-03  4.6014200987E+00  7.1528407238E-04  3.6021552539E-03
 -2.2001978183E-02 -3.3450756225E-03  4.6264190467E+00  6.8013478602E-04  3.4704674969E-03
 -2.2224911311E-02 -3.3908876630E-03  4.6514180107E+00  6.4647609713E-04  3.3421776387E-03
 -2.2446565910E-02 -3.4349811225E-03  4.6764169892E+00  6.1425876972E-04  3.2172445241E-03
 -2.2667046758E-02 -3.4774952531E-03  4.7014159808E+00  5.8343446670E-04  3.0956280308E-03
 -2.2886449095E-02 -3.5185559168E-03  4.7264149843E+00  5.5395576679E-04  2.9772887745E-03
