 AIMInt (Version 19.02.13, Professional)
 Portions Copyright (c) 1997-2019 by Todd A. Keith
 AIMInt is a component of the AIMAll package ( http://aim.tkgristmill.com )

 TP:  64-bit Linux

 Licensed To:  Research Group of Fernando Cortes Guzman, UNAM, fercor@unam.mx

 AIMInt is a heavily modified and extended version of the PROAIMV program
 developed by members of R.F.W. Bader's research group

 Much of the Quantum Theory of Atoms in Molecules (QTAIM) is described in the book:
   "Atoms in Molecules - A Quantum Theory"
   R.F.W. Bader, Oxford University Press, Oxford, 1990

 For additional references see:  http://aim.tkgristmill.com/references.html

 Current Directory:  /home/scratch/M_H2O_4_tetraedrico/Opt

 Inp File:  V4_tetraedrico_cc-pvtz-def2-tzv_1_atomicfiles/o6.inp
 Wfx File:  V4_tetraedrico_cc-pvtz-def2-tzv_1.wfx
 Out File:  V4_tetraedrico_cc-pvtz-def2-tzv_1_atomicfiles/o6.int

 Wfx Title:   V4_tetraedrico_cc-pvtz-def2-tzv_1                                             
 Job Title:   V4_tetraedrico_cc-pvtz-def2-tzv_1                                             
 
<Atom>
O6      
</Atom>
<Nuclei of Molecule>
    13
V1        23.0           6.8034023604E-06   9.4307859475E-06  -1.3420355065E-05
O2         8.0           2.3368400624E+00  -1.6648761612E+00  -2.0302410125E+00
H3         1.0           2.1387124316E+00  -3.4125246577E+00  -2.8289544550E+00
O4         8.0           1.6677054724E+00   2.3253677878E+00   2.0410518456E+00
H5         1.0           9.2019514847E-01   3.9275924296E+00   2.8193489705E+00
O6         8.0          -2.3281964912E+00   1.6791708879E+00  -2.0283980571E+00
H7         1.0          -3.9331127358E+00   9.3712500573E-01  -2.8063922211E+00
O8         8.0          -1.6763212253E+00  -2.3396237331E+00   2.0175343173E+00
H9         1.0          -9.3200162490E-01  -3.9470557948E+00   2.7879721657E+00
H10        1.0           3.9429977858E+00  -9.1628478782E-01  -2.7992210127E+00
H11        1.0          -3.4281084629E+00  -2.1425573710E+00   2.8075077198E+00
H12        1.0          -2.1249258151E+00   3.4308288752E+00  -2.8169913359E+00
H13        1.0           3.4158642481E+00   2.1223491415E+00   2.8374620900E+00
</Nuclei of Molecule>
<Total Number of CPs of DelSqRho>
    36
</Total Number of CPs of DelSqRho>
<Number of (3,+3) CPs of DelSqRho>
     5
</Number of (3,+3) CPs of DelSqRho>
<Number of (3,+1) CPs of DelSqRho>
    13
</Number of (3,+1) CPs of DelSqRho>
<Number of (3,-1) CPs of DelSqRho>
    13
</Number of (3,-1) CPs of DelSqRho>
<Number of (3,-3) CPs of DelSqRho>
     5
</Number of (3,-3) CPs of DelSqRho>
<Number of Degenerate CPs of DelSqRho>
     0
</Number of Degenerate CPs of DelSqRho>
<CP of DelSqRho>
CP# = 1       
Type = (3,+3)
Coords = -2.32819656319019E+00  1.67917093953920E+00 -2.02839821399813E+00
DistFromNuc =  1.8021466761E-07
Rho =  2.9727079989E+02
DelSqRho = -3.3285902037E+06
GradDelSqRho = -2.2293097572E-06 -1.4386878320E-05  2.3340111511E-05
HessDelSqRho_EigVals =  1.3236832407E+11  1.3236834335E+11  1.3236834725E+11
HessDelSqRho_EigVec1 = -5.0093056385E-01  3.6661962255E-01  7.8400167255E-01
HessDelSqRho_EigVec2 =  6.3552813762E-01 -4.5909882595E-01  6.2075136271E-01
HessDelSqRho_EigVec3 =  5.8751387770E-01  8.0920845298E-01 -3.0204521927E-03
</CP of DelSqRho>
<CP of DelSqRho>
CP# = 2       
Type = (3,+1)
Coords = -1.38916377157304E+00  1.01129262879473E+00 -1.07465896906184E+00
DistFromNuc =  1.4958148500E+00
Rho =  1.6028302220E-01
DelSqRho =  3.3451285210E-01
GradDelSqRho =  7.7326339776E-12 -4.9587348117E-12  3.7153197185E-12
HessDelSqRho_EigVals = -5.3637462258E-01  3.9973547942E-02  4.3858787384E+00
HessDelSqRho_EigVec1 =  4.6448995875E-01 -3.4410666055E-01 -8.1599000263E-01
HessDelSqRho_EigVec2 =  5.8934975742E-01  8.0786126300E-01 -5.2003049991E-03
HessDelSqRho_EigVec3 =  6.6099617371E-01 -4.7848802065E-01  5.7804262164E-01
</CP of DelSqRho>
<CP of DelSqRho>
CP# = 3       
Type = (3,+1)
Coords = -2.27268596649450E+00  1.63824130897090E+00 -2.18202341722506E+00
DistFromNuc =  1.6839655599E-01
Rho =  2.2512342195E+01
DelSqRho =  1.2401708614E+03
GradDelSqRho =  3.9946712604E-11 -1.1993961380E-11 -8.0461859397E-11
HessDelSqRho_EigVals = -4.1265632701E+05  1.9420440434E+03  2.2468358666E+03
HessDelSqRho_EigVec1 = -3.3132287590E-01  2.4427133226E-01  9.1134881804E-01
HessDelSqRho_EigVec2 =  7.3801255042E-01 -5.3469978445E-01  4.1162314795E-01
HessDelSqRho_EigVec3 =  5.8784575130E-01  8.0896703069E-01 -3.1170385902E-03
</CP of DelSqRho>
<CP of DelSqRho>
CP# = 4       
Type = (3,+1)
Coords = -2.42960699358143E+00  1.75325454424324E+00 -1.91687559027123E+00
DistFromNuc =  1.6795755038E-01
Rho =  2.2608203832E+01
DelSqRho =  1.2501133543E+03
GradDelSqRho =  4.6327386372E-12  5.7411853049E-12  9.6633812063E-13
HessDelSqRho_EigVals = -4.2299162579E+05  1.5714830024E+03  1.9188233540E+03
HessDelSqRho_EigVec1 =  6.0231499577E-01 -4.4002584985E-01 -6.6602845085E-01
HessDelSqRho_EigVec2 =  5.3998356025E-01 -3.8989652967E-01  7.4592120952E-01
HessDelSqRho_EigVec3 =  5.8790679579E-01  8.0892394427E-01 -2.7661983875E-03
</CP of DelSqRho>
<CP of DelSqRho>
CP# = 5       
Type = (3,-1)
Coords = -2.44886206960365E+00  1.76654816691060E+00 -2.10681924403595E+00
DistFromNuc =  1.6835929812E-01
Rho =  2.2426191727E+01
DelSqRho =  1.2617251709E+03
GradDelSqRho = -9.6633812063E-13  1.1155520951E-11  6.6933125709E-12
HessDelSqRho_EigVals = -4.1679304577E+05 -1.4141209651E+03  5.2315637413E+02
HessDelSqRho_EigVec1 =  7.1725752931E-01 -5.1939468600E-01  4.6451135271E-01
HessDelSqRho_EigVec2 =  3.7420690578E-01 -2.7522585466E-01 -8.8556192363E-01
HessDelSqRho_EigVec3 =  5.8780169131E-01  8.0899931340E-01 -3.0467381901E-03
</CP of DelSqRho>
<CP of DelSqRho>
CP# = 6       
Type = (3,-3)
Coords = -2.22246484290731E+00  1.60602121833995E+00 -1.92121601630429E+00
DistFromNuc =  1.6738591777E-01
Rho =  2.2641256209E+01
DelSqRho =  1.2837772082E+03
GradDelSqRho =  1.5347723092E-12  2.5295321393E-11  3.9676706365E-11
HessDelSqRho_EigVals = -4.4037942492E+05 -2.2766720126E+03 -6.7871901318E+00
HessDelSqRho_EigVec1 =  6.3116462729E-01 -4.3670500957E-01  6.4103037984E-01
HessDelSqRho_EigVec2 = -5.1795592543E-01  3.7787981388E-01  7.6741677436E-01
HessDelSqRho_EigVec3 =  5.7736719042E-01  8.1639180598E-01 -1.2310424521E-02
</CP of DelSqRho>
<CP of DelSqRho>
CP# = 7       
Type = (3,-1)
Coords = -1.75539921009072E+00  2.05067920449730E+00 -1.85632197921478E+00
DistFromNuc =  7.0407764563E-01
Rho =  7.0854065607E-01
DelSqRho = -1.3867934903E+00
GradDelSqRho =  5.3290705182E-15 -3.1086244690E-15  7.1054273576E-15
HessDelSqRho_EigVals = -1.4474579764E+01 -9.8455984050E+00  1.5889791189E+02
HessDelSqRho_EigVec1 =  2.8392981048E-01 -7.3683428382E-01  6.1356262998E-01
HessDelSqRho_EigVec2 = -5.0686291680E-01  4.2784473652E-01  7.4835744468E-01
HessDelSqRho_EigVec3 =  8.1392496356E-01  5.2347313171E-01  2.5199609934E-01
</CP of DelSqRho>
<CP of DelSqRho>
CP# = 8       
Type = (3,-1)
Coords = -2.81522870196472E+00  2.03063931655806E+00 -2.40985314392912E+00
DistFromNuc =  7.1150433165E-01
Rho =  6.9437438952E-01
DelSqRho = -1.3116329240E+00
GradDelSqRho =  5.8841820305E-15 -6.4392935428E-15  1.0658141036E-14
HessDelSqRho_EigVals = -1.9011426518E+01 -4.1084435764E+00  1.5069911991E+02
HessDelSqRho_EigVec1 =  5.8687869438E-01  8.0966832656E-01 -3.2556175302E-03
HessDelSqRho_EigVec2 = -4.2468177919E-01  3.1124409408E-01  8.5016027920E-01
HessDelSqRho_EigVec3 =  6.8936114230E-01 -4.9755835322E-01  5.2651391304E-01
</CP of DelSqRho>
<CP of DelSqRho>
CP# = 9       
Type = (3,+1)
Coords = -2.41901764457059E+00  2.31620682923220E+00 -1.81350601799264E+00
DistFromNuc =  6.7841127709E-01
Rho =  7.9962042165E-01
DelSqRho = -2.6442362524E+00
GradDelSqRho = -9.5079499829E-13  9.5212726592E-13  3.6495251265E-12
HessDelSqRho_EigVals = -1.1832303119E+01  1.1282903732E+01  2.1111434035E+02
HessDelSqRho_EigVec1 =  2.9791861329E-01  4.0323439536E-01 -8.6524362017E-01
HessDelSqRho_EigVec2 =  9.4130184347E-01  2.6623922184E-02  3.3651449634E-01
HessDelSqRho_EigVec3 = -1.5873039828E-01  9.1470934682E-01  3.7163351773E-01
</CP of DelSqRho>
<CP of DelSqRho>
CP# = 10      
Type = (3,-1)
Coords = -2.50256047439557E+00  1.02028999306809E+00 -1.85184700625990E+00
DistFromNuc =  7.0405760118E-01
Rho =  7.0857943737E-01
DelSqRho = -1.3868446949E+00
GradDelSqRho =  2.5535129566E-15 -2.3980817332E-14  7.9936057773E-15
HessDelSqRho_EigVals = -1.4474316860E+01 -9.8532271193E+00  1.5892165986E+02
HessDelSqRho_EigVec1 =  7.9015258917E-01 -3.6758350410E-02  6.1180692175E-01
HessDelSqRho_EigVec2 = -5.6246265991E-01  3.5309008524E-01  7.4763838044E-01
HessDelSqRho_EigVec3 =  2.4350491172E-01  9.3486695063E-01 -2.5831984552E-01
</CP of DelSqRho>
<CP of DelSqRho>
CP# = 11      
Type = (3,+3)
Coords = -2.42777887674212E+00  1.75404360153222E+00 -1.39145347002827E+00
DistFromNuc =  6.4901539405E-01
Rho =  9.0576236727E-01
DelSqRho = -3.9349697127E+00
GradDelSqRho =  3.5527136788E-15  2.4424906542E-15 -1.0658141036E-14
HessDelSqRho_EigVals =  8.0188326735E+00  1.6948040065E+01  2.9425235078E+02
HessDelSqRho_EigVec1 =  7.8995926151E-01 -5.7213725713E-01  2.2050697076E-01
HessDelSqRho_EigVec2 =  5.8718722751E-01  8.0944417525E-01 -3.3596143483E-03
HessDelSqRho_EigVec3 = -1.7656592255E-01  1.3213283528E-01  9.7537961268E-01
</CP of DelSqRho>
<CP of DelSqRho>
CP# = 12      
Type = (3,+3)
Coords = -1.81591969426824E+00  1.30678489895684E+00 -2.22413731711337E+00
DistFromNuc =  6.6288211574E-01
Rho =  8.5565256307E-01
DelSqRho = -3.4633752134E+00
GradDelSqRho =  1.2434497876E-14 -2.4868995752E-14 -4.4408920985E-15
HessDelSqRho_EigVals =  4.2947010521E+00  1.4603307973E+01  2.4840781670E+02
HessDelSqRho_EigVec1 =  2.6900406514E-01 -1.9023196331E-01  9.4416556444E-01
HessDelSqRho_EigVec2 =  5.8695451663E-01  8.0960948102E-01 -4.1089720689E-03
HessDelSqRho_EigVec3 =  7.6362373480E-01 -5.5528757268E-01 -3.2944575165E-01
</CP of DelSqRho>
<CP of DelSqRho>
CP# = 13      
Type = (3,+1)
Coords = -2.41632423574597E+00  1.25010057178265E+00 -2.54341868518131E+00
DistFromNuc =  6.7610212464E-01
Rho =  8.0365805864E-01
DelSqRho = -2.6259997157E+00
GradDelSqRho =  1.8656187706E-12 -1.0027534358E-12 -1.5045742430E-12
HessDelSqRho_EigVals = -9.8362867359E+00  9.7816753146E+00  2.1171037350E+02
HessDelSqRho_EigVec1 =  9.9603942634E-01 -1.4457206361E-02 -8.7729415592E-02
HessDelSqRho_EigVec2 = -4.3821626290E-02  7.7870651134E-01 -6.2585608111E-01
HessDelSqRho_EigVec3 =  7.7363597675E-02  6.2722177767E-01  7.7498884855E-01
</CP of DelSqRho>
<CP of DelSqRho>
CP# = 14      
Type = (3,+1)
Coords = -2.96105807383007E+00  1.56855942504046E+00 -1.81037447329341E+00
DistFromNuc =  6.7844156829E-01
Rho =  7.9951622774E-01
DelSqRho = -2.6432842918E+00
GradDelSqRho = -2.6645352591E-14  2.6645352591E-15  1.6875389974E-14
HessDelSqRho_EigVals = -1.1839605072E+01  1.1274632066E+01  2.1105655625E+02
HessDelSqRho_EigVec1 =  2.9402073181E-01  4.1326241712E-01  8.6183872265E-01
HessDelSqRho_EigVec2 = -2.6876945825E-01  9.0105862195E-01 -3.4037675909E-01
HessDelSqRho_EigVec3 =  9.1723213397E-01  1.3155810279E-01 -3.7600223139E-01
</CP of DelSqRho>
<CP of DelSqRho>
CP# = 15      
Type = (3,+1)
Coords = -1.94994427498720E+00  1.89339532650368E+00 -2.54626135697867E+00
DistFromNuc =  6.7612812879E-01
Rho =  8.0353664493E-01
DelSqRho = -2.6243243854E+00
GradDelSqRho =  1.2434497876E-14  2.2204460493E-15 -1.4210854715E-14
HessDelSqRho_EigVals = -9.8498693633E+00  9.7660282346E+00  2.1164384576E+02
HessDelSqRho_EigVec1 = -3.2279826494E-01  9.4273894420E-01  8.3931896445E-02
HessDelSqRho_EigVec2 =  7.5648329454E-01  2.0369283860E-01  6.2148391177E-01
HessDelSqRho_EigVec3 = -5.6880076059E-01 -2.6410700595E-01  7.7891795728E-01
</CP of DelSqRho>
<CP of DelSqRho>
CP# = 16      
Type = (3,+1)
Coords = -1.86663457695811E+00  1.34611892051508E+00 -1.65736393332866E+00
DistFromNuc =  6.7943309798E-01
Rho =  8.1969467159E-01
DelSqRho = -3.1972117905E+00
GradDelSqRho = -1.2434497876E-14  1.3322676296E-14  1.3322676296E-14
HessDelSqRho_EigVals = -4.1734649008E+00  1.5686356129E+01  2.1654850691E+02
HessDelSqRho_EigVec1 =  4.4233491532E-01 -3.2420636506E-01 -8.3619977012E-01
HessDelSqRho_EigVec2 =  5.8696852599E-01  8.0960261927E-01 -3.3982897332E-03
HessDelSqRho_EigVec3 =  6.7809127128E-01 -4.8931976430E-01  5.4841443825E-01
</CP of DelSqRho>
<CP of DelSqRho>
CP# = 17      
Type = (3,+3)
Coords = -2.90207905547963E+00  1.37472394521404E+00 -2.30233516432463E+00
DistFromNuc =  7.0503239447E-01
Rho =  7.8949568378E-01
DelSqRho = -3.4066571782E+00
GradDelSqRho = -8.8817841970E-15 -3.5527136788E-15 -7.5495165675E-15
HessDelSqRho_EigVals =  1.3068581740E+01  2.2947245385E+01  1.6465060628E+02
HessDelSqRho_EigVec1 = -5.4824165647E-01  3.2634472900E-01  7.7001961272E-01
HessDelSqRho_EigVec2 = -2.2032460336E-01  8.3183906670E-01 -5.0941224589E-01
HessDelSqRho_EigVec3 =  8.0677639732E-01  4.4893527927E-01  3.8414705487E-01
</CP of DelSqRho>
<CP of DelSqRho>
CP# = 18      
Type = (3,+3)
Coords = -2.21850278106389E+00  2.31784577983012E+00 -2.30612923339655E+00
DistFromNuc =  7.0503399485E-01
Rho =  7.8950165262E-01
DelSqRho = -3.4067842947E+00
GradDelSqRho =  1.5321077740E-14  5.3290705182E-15 -1.1990408666E-14
HessDelSqRho_EigVals =  1.3073974873E+01  2.2950072445E+01  1.6464227875E+02
HessDelSqRho_EigVec1 =  4.7724667632E-01 -4.2340419656E-01 -7.7004187956E-01
HessDelSqRho_EigVec2 =  8.6137235801E-01  5.1894464361E-02  5.0531636171E-01
HessDelSqRho_EigVec3 =  1.7399215727E-01  9.0445334368E-01 -3.8947513182E-01
</CP of DelSqRho>
<CP of DelSqRho>
CP# = 19      
Type = (3,+1)
Coords = -1.38690193816145E+00  9.99332748739999E-01 -1.56033231524525E+00
DistFromNuc =  1.2519188751E+00
Rho =  2.4592677161E-01
DelSqRho =  3.7227789216E-01
GradDelSqRho = -7.2580830235E-15  4.4200754168E-15 -3.5665914666E-15
HessDelSqRho_EigVals = -8.9051437794E+00  4.0002538394E-01  1.0493839634E+00
HessDelSqRho_EigVec1 =  7.6207406239E-01 -5.5042175829E-01  3.4099708420E-01
HessDelSqRho_EigVec2 = -2.7422273031E-01  2.0271526568E-01  9.4005766591E-01
HessDelSqRho_EigVec3 =  5.8655350788E-01  8.0990271580E-01 -3.5458886440E-03
</CP of DelSqRho>
<CP of DelSqRho>
CP# = 20      
Type = (3,+1)
Coords = -3.30945676977027E+00  1.21130836300515E+00 -2.50040959388378E+00
DistFromNuc =  1.1851421718E+00
Rho =  3.8025670438E-01
DelSqRho = -7.6980808895E-01
GradDelSqRho = -1.1102230246E-15  2.7200464103E-15 -4.9960036108E-16
HessDelSqRho_EigVals = -2.4555217907E+01  1.1971485657E+01  1.2354070496E+01
HessDelSqRho_EigVec1 =  8.3195128036E-01  3.7987599769E-01  4.0441475429E-01
HessDelSqRho_EigVec2 = -5.3624980222E-01  3.6336629768E-01  7.6184058919E-01
HessDelSqRho_EigVec3 = -1.4245426191E-01  8.5068158561E-01 -5.0601148522E-01
</CP of DelSqRho>
<CP of DelSqRho>
CP# = 21      
Type = (3,+1)
Coords = -2.19045409646555E+00  2.75460995659902E+00 -2.50691639151120E+00
DistFromNuc =  1.1851252905E+00
Rho =  3.8028632095E-01
DelSqRho = -7.7000528274E-01
GradDelSqRho =  1.1934897515E-15  1.9845236565E-15 -1.5126788711E-15
HessDelSqRho_EigVals = -2.4560085562E+01  1.1974421688E+01  1.2355816440E+01
HessDelSqRho_EigVec1 =  1.0084024555E-01  9.0653347907E-01 -4.0991254702E-01
HessDelSqRho_EigVec2 = -5.0877392985E-01  4.0105232171E-01  7.6177826403E-01
HessDelSqRho_EigVec3 =  8.5497387866E-01  1.3173491024E-01  5.0166281529E-01
</CP of DelSqRho>
<CP of DelSqRho>
CP# = 22      
Type = (3,-3)
Coords = -2.57483856996489E+00  1.85340068335251E+00 -3.15358713344755E+00
DistFromNuc =  1.1650059203E+00
Rho =  2.4049495824E-01
DelSqRho =  8.4535467176E-01
GradDelSqRho =  7.1470607210E-16 -1.4259426973E-15  6.1617377867E-15
HessDelSqRho_EigVals = -1.8283819979E+01 -1.6173001193E+00 -1.9660113594E-01
HessDelSqRho_EigVec1 =  2.0538846379E-01 -1.4493855061E-01  9.6788862763E-01
HessDelSqRho_EigVec2 =  5.8662350639E-01  8.0985341821E-01 -3.2097909456E-03
HessDelSqRho_EigVec3 =  7.8338269109E-01 -5.6844547456E-01 -2.5135891023E-01
</CP of DelSqRho>
<CP of DelSqRho>
CP# = 23      
Type = (3,-1)
Coords = -2.32940804680562E+00  6.80820215205646E-01 -2.66470201122020E+00
DistFromNuc =  1.1838869269E+00
Rho =  2.3929648090E-01
DelSqRho =  7.2530156617E-01
GradDelSqRho =  5.1347814889E-16 -4.5241588253E-15 -4.3437475838E-15
HessDelSqRho_EigVals = -1.6922071923E+01 -1.3419949272E+00  2.9704285297E-01
HessDelSqRho_EigVec1 = -2.6280242382E-02  8.5123651560E-01  5.2412378631E-01
HessDelSqRho_EigVec2 =  9.7869040615E-01 -8.4903891829E-02  1.8696635545E-01
HessDelSqRho_EigVec3 = -2.0365273821E-01 -5.1786844243E-01  8.3086571632E-01
</CP of DelSqRho>
<CP of DelSqRho>
CP# = 24      
Type = (3,-1)
Coords = -1.38180166891583E+00  1.98764006027123E+00 -2.66921671028445E+00
DistFromNuc =  1.1838348433E+00
Rho =  2.3930085081E-01
DelSqRho =  7.2546253144E-01
GradDelSqRho =  1.7624790516E-15  6.4531713306E-16  1.7347234760E-16
HessDelSqRho_EigVals = -1.6921734522E+01 -1.3443571298E+00  2.9624444203E-01
HessDelSqRho_EigVec1 =  8.1555412831E-01  2.3718740738E-01 -5.2783860940E-01
HessDelSqRho_EigVec2 = -3.8592432811E-01  9.0260649177E-01 -1.9069329819E-01
HessDelSqRho_EigVec3 =  4.3120050645E-01  3.5922646727E-01  8.2766084144E-01
</CP of DelSqRho>
<CP of DelSqRho>
CP# = 25      
Type = (3,-3)
Coords = -1.43762780806966E+00  2.35259473861784E+00 -1.73432730434570E+00
DistFromNuc =  1.1545951107E+00
Rho =  2.4432522741E-01
DelSqRho =  8.0314564777E-01
GradDelSqRho = -6.1201044232E-15 -4.3576253717E-15 -3.5665914666E-15
HessDelSqRho_EigVals = -1.7339109037E+01 -1.4990294248E+00 -3.8431790972E-01
HessDelSqRho_EigVec1 =  7.8451250838E-01  5.5594733760E-01  2.7470471786E-01
HessDelSqRho_EigVec2 = -3.0168578606E-01  7.2920641966E-01 -6.1420166396E-01
HessDelSqRho_EigVec3 = -5.4178022360E-01  3.9897437930E-01  7.3979296697E-01
</CP of DelSqRho>
<CP of DelSqRho>
CP# = 26      
Type = (3,-3)
Coords = -3.25391749225093E+00  2.34955293902082E+00 -2.21441627521327E+00
DistFromNuc =  1.1580044230E+00
Rho =  2.3958143543E-01
DelSqRho =  8.5725619751E-01
GradDelSqRho = -1.3600232052E-15 -1.8041124150E-15  6.9388939039E-18
HessDelSqRho_EigVals = -1.8213833892E+01 -1.6267880573E+00 -2.4058563301E-01
HessDelSqRho_EigVec1 =  8.0032651955E-01 -5.7958763900E-01  1.5347843767E-01
HessDelSqRho_EigVec2 =  5.8695176902E-01  8.0961507599E-01 -3.3240893872E-03
HessDelSqRho_EigVec3 = -1.2233185586E-01  9.2744797389E-02  9.8814640595E-01
</CP of DelSqRho>
<CP of DelSqRho>
CP# = 27      
Type = (3,-3)
Coords = -2.68976730278967E+00  6.24784108905581E-01 -1.72747686339513E+00
DistFromNuc =  1.1545642019E+00
Rho =  2.4432659423E-01
DelSqRho =  8.0332761710E-01
GradDelSqRho = -7.7715611724E-16 -5.2735593670E-16 -1.1241008124E-15
HessDelSqRho_EigVals = -1.7342834960E+01 -1.4986941845E+00 -3.8568539654E-01
HessDelSqRho_EigVec1 =  2.8307024407E-01  9.1713725716E-01 -2.8058953732E-01
HessDelSqRho_EigVec2 =  7.8921211146E-01 -5.6499078069E-02  6.1151622816E-01
HessDelSqRho_EigVec3 =  5.4499126603E-01 -3.9454670915E-01 -7.3980903904E-01
</CP of DelSqRho>
<CP of DelSqRho>
CP# = 28      
Type = (3,-1)
Coords = -3.24677827809549E+00  1.33489619356148E+00 -1.36778289500811E+00
DistFromNuc =  1.1826791436E+00
Rho =  2.3896547494E-01
DelSqRho =  7.3923700590E-01
GradDelSqRho = -2.3578361485E-14 -1.1587952820E-15  1.2323475573E-14
HessDelSqRho_EigVals = -1.7348861512E+01 -1.2067487078E+00  2.5457819667E-01
HessDelSqRho_EigVec1 =  7.5992342130E-01  2.9330139314E-01 -5.8007817278E-01
HessDelSqRho_EigVec2 =  5.3129520022E-01  2.3387058133E-01  8.1426651743E-01
HessDelSqRho_EigVec3 = -3.7448872344E-01  9.2697294673E-01 -2.1894109919E-02
</CP of DelSqRho>
<CP of DelSqRho>
CP# = 29      
Type = (3,-1)
Coords = -2.28398527290793E+00  2.66277286029691E+00 -1.37319734117447E+00
DistFromNuc =  1.1826730106E+00
Rho =  2.3897118525E-01
DelSqRho =  7.3932365715E-01
GradDelSqRho = -3.9898639947E-16 -4.5796699766E-16 -7.6327832943E-16
HessDelSqRho_EigVals = -1.7351981947E+01 -1.2057266885E+00  2.5395962854E-01
HessDelSqRho_EigVec1 =  4.4778147077E-02  8.1654277958E-01  5.7554565992E-01
HessDelSqRho_EigVec2 = -5.3965020304E-02 -5.7330523554E-01  8.1756277036E-01
HessDelSqRho_EigVec3 =  9.9753831712E-01 -6.7668279199E-02  1.8393201522E-02
</CP of DelSqRho>
<CP of DelSqRho>
CP# = 30      
Type = (3,-1)
Coords = -2.98430522709742E+00  2.15134515170533E+00 -2.87090286504720E+00
DistFromNuc =  1.1675793593E+00
Rho =  2.4522967528E-01
DelSqRho =  8.3341552774E-01
GradDelSqRho =  1.9484414082E-14 -1.4183099140E-14  8.7707618945E-15
HessDelSqRho_EigVals = -1.6678879150E+01 -3.4292032291E+00  1.7995404144E-01
HessDelSqRho_EigVec1 =  5.6508689276E-01 -4.0668916465E-01  7.1783056983E-01
HessDelSqRho_EigVec2 =  5.8695962918E-01  8.0960915966E-01 -3.3767302395E-03
HessDelSqRho_EigVec3 = -5.7978892482E-01  4.2324571108E-01  6.9620964566E-01
</CP of DelSqRho>
<CP of DelSqRho>
CP# = 31      
Type = (3,-1)
Coords = -2.88421102306148E+00  3.30898184983806E+00 -3.11691972808087E+00
DistFromNuc =  2.0372322792E+00
Rho =  6.5983983773E-02
DelSqRho =  1.8575341545E-01
GradDelSqRho = -4.7704895589E-16  3.5908775953E-16 -3.0054084221E-16
HessDelSqRho_EigVals = -2.3870884921E+00 -1.3794886185E-02  4.1808000525E-01
HessDelSqRho_EigVec1 =  7.3950868965E-01 -3.9026223873E-01  5.4847268205E-01
HessDelSqRho_EigVec2 = -3.9809359069E-01  4.0348211933E-01  8.2384687438E-01
HessDelSqRho_EigVec3 =  5.4281524572E-01  8.2758538194E-01 -1.4301763744E-01
</CP of DelSqRho>
<CP of DelSqRho>
CP# = 32      
Type = (3,-1)
Coords = -1.49765266346621E+00  8.47535156641802E-01 -1.08049081289326E+00
DistFromNuc =  1.5099500597E+00
Rho =  1.5454977956E-01
DelSqRho =  3.3490253339E-01
GradDelSqRho =  5.4123372450E-16 -8.1878948066E-16  7.4940054162E-16
HessDelSqRho_EigVals = -5.4557481919E-01 -7.7100137515E-02  4.4450887766E+00
HessDelSqRho_EigVec1 =  5.2898464843E-01 -2.4841735788E-01 -8.1145798291E-01
HessDelSqRho_EigVec2 =  5.1266001103E-01  8.5554332080E-01  7.2286508514E-02
HessDelSqRho_EigVec3 =  6.7628023394E-01 -4.5424051177E-01  5.7992292820E-01
</CP of DelSqRho>
<CP of DelSqRho>
CP# = 33      
Type = (3,-1)
Coords = -1.28006022487471E+00  1.14884619160465E+00 -1.08109434402774E+00
DistFromNuc =  1.5090454735E+00
Rho =  1.5492201299E-01
DelSqRho =  3.3480162972E-01
GradDelSqRho = -2.9143354396E-16 -6.8695049649E-16 -1.9428902931E-16
HessDelSqRho_EigVals = -5.4471957185E-01 -6.9321678659E-02  4.4426668614E+00
HessDelSqRho_EigVec1 =  4.0115819630E-01 -4.2537505910E-01 -8.1125098498E-01
HessDelSqRho_EigVec2 =  6.5071412212E-01  7.5566373106E-01 -7.4454394317E-02
HessDelSqRho_EigVec3 =  6.4470398852E-01 -4.9802448198E-01  5.7993825752E-01
</CP of DelSqRho>
<CP of DelSqRho>
CP# = 34      
Type = (3,-1)
Coords = -4.05550626933518E+00  1.69548867761455E+00 -3.10840981046392E+00
DistFromNuc =  2.0372262337E+00
Rho =  6.5980826458E-02
DelSqRho =  1.8574659694E-01
GradDelSqRho =  6.8625660710E-15 -5.5198901006E-15  7.5503839292E-15
HessDelSqRho_EigVals = -2.3870384629E+00 -1.3895776023E-02  4.1805861012E-01
HessDelSqRho_EigVec1 =  6.0405245113E-01 -5.7907278024E-01  5.4753570794E-01
HessDelSqRho_EigVec2 = -5.0324805059E-01  2.5557083928E-01  8.2548467320E-01
HessDelSqRho_EigVec3 =  6.1794986517E-01  7.7418231786E-01  1.3703905590E-01
</CP of DelSqRho>
<CP of DelSqRho>
CP# = 35      
Type = (3,+1)
Coords = -1.27630582681637E+00  3.32791178188099E+00 -2.68438372130271E+00
DistFromNuc =  2.0627985110E+00
Rho =  6.4176626602E-02
DelSqRho =  1.6909768405E-01
GradDelSqRho = -7.4246164772E-16 -2.1510571102E-16 -5.5511151231E-17
HessDelSqRho_EigVals = -1.8437978050E+00  9.2624484794E-03  5.0308670444E-01
HessDelSqRho_EigVec1 =  8.6067515444E-01  4.8994678527E-01 -1.3852951359E-01
HessDelSqRho_EigVec2 = -1.1156964437E-01  4.4694771958E-01  8.8757532098E-01
HessDelSqRho_EigVec3 = -4.9678012540E-01  7.4845833790E-01 -4.3933998617E-01
</CP of DelSqRho>
<CP of DelSqRho>
CP# = 36      
Type = (3,+1)
Coords = -3.56610278178941E+00  1.63688840994941E-01 -2.68056832032819E+00
DistFromNuc =  2.0626254801E+00
Rho =  6.4170842928E-02
DelSqRho =  1.6911593993E-01
GradDelSqRho =  1.0408340856E-17  2.5673907444E-16  2.4286128664E-17
HessDelSqRho_EigVals = -1.8417143255E+00  9.1900071696E-03  5.0360933911E-01
HessDelSqRho_EigVec1 =  1.9460649807E-01  9.7061796987E-01  1.4152408798E-01
HessDelSqRho_EigVec2 = -4.5199638373E-01 -3.9313291662E-02  8.9115303635E-01
HessDelSqRho_EigVec3 =  8.7053292873E-01 -2.3739254762E-01  4.3106519034E-01
</CP of DelSqRho>
<Path of -GradDelSqRho>
Starting CP# =      2
Ending CP# =      0
Number of Points =    400
 -1.3891637716E+00  1.0112926288E+00 -1.0746589691E+00  1.6028302220E-01  3.3451285210E-01
 -1.3775488334E+00  1.0026891906E+00 -1.0950568623E+00  1.6102836444E-01  3.3434575741E-01
 -1.3659267722E+00  9.9408316031E-01 -1.1154496043E+00  1.6161449180E-01  3.3384717603E-01
 -1.3542953778E+00  9.8547308134E-01 -1.1358353147E+00  1.6203844753E-01  3.3302249687E-01
 -1.3426528907E+00  9.7685781070E-01 -1.1562124976E+00  1.6229801086E-01  3.3187880100E-01
 -1.3309980623E+00  9.6823656056E-01 -1.1765800943E+00  1.6239174105E-01  3.3042474127E-01
 -1.3193302026E+00  9.5960893096E-01 -1.1969375261E+00  1.6231900925E-01  3.2867041254E-01
 -1.3076492115E+00  9.5097493172E-01 -1.2172847244E+00  1.6208001634E-01  3.2662721609E-01
 -1.2959555943E+00  9.4233499224E-01 -1.2376221466E+00  1.6167579558E-01  3.2430772131E-01
 -1.2842504576E+00  9.3368995830E-01 -1.2579507753E+00  1.6110819960E-01  3.2172552747E-01
 -1.2725354869E+00  9.2504107574E-01 -1.2782721011E+00  1.6037987196E-01  3.1889512740E-01
 -1.2608129062E+00  9.1638996142E-01 -1.2985880879E+00  1.5949420442E-01  3.1583177460E-01
 -1.2490854206E+00  9.0773856259E-01 -1.3189011226E+00  1.5845528169E-01  3.1255135427E-01
 -1.2373561446E+00  8.9908910627E-01 -1.3392139508E+00  1.5726781597E-01  3.0907025875E-01
 -1.2256285193E+00  8.9044404049E-01 -1.3595296008E+00  1.5593707411E-01  3.0540526709E-01
 -1.2139062202E+00  8.8180596973E-01 -1.3798512991E+00  1.5446879996E-01  3.0157342840E-01
 -1.2021930603E+00  8.7317758661E-01 -1.4001823803E+00  1.5286913496E-01  2.9759194867E-01
 -1.1904928905E+00  8.6456160190E-01 -1.4205261946E+00  1.5114453928E-01  2.9347808052E-01
 -1.1788094998E+00  8.5596067478E-01 -1.4408860167E+00  1.4930171567E-01  2.8924901566E-01
 -1.1671465180E+00  8.4737734454E-01 -1.4612649566E+00  1.4734753776E-01  2.8492177997E-01
 -1.1555073221E+00  8.3881396519E-01 -1.4816658762E+00  1.4528898386E-01  2.8051313113E-01
 -1.1438949473E+00  8.3027264321E-01 -1.5020913114E+00  1.4313307706E-01  2.7603945904E-01
 -1.1323120034E+00  8.2175517924E-01 -1.5225434024E+00  1.4088683193E-01  2.7151668940E-01
 -1.1207605959E+00  8.1326301327E-01 -1.5430238294E+00  1.3855720778E-01  2.6696019071E-01
 -1.1092422528E+00  8.0479717350E-01 -1.5635337563E+00  1.3615106823E-01  2.6238468520E-01
 -1.0977578549E+00  7.9635822815E-01 -1.5840737800E+00  1.3367514679E-01  2.5780416417E-01
 -1.0863075701E+00  7.8794623984E-01 -1.6046438845E+00  1.3113601780E-01  2.5323180804E-01
 -1.0748907905E+00  7.7956072190E-01 -1.6252433995E+00  1.2854007250E-01  2.4867991162E-01
 -1.0635060710E+00  7.7120059616E-01 -1.6458709603E+00  1.2589349951E-01  2.4415981490E-01
 -1.0521510693E+00  7.6286415162E-01 -1.6665244702E+00  1.2320226968E-01  2.3968183958E-01
 -1.0408224872E+00  7.5454900391E-01 -1.6872010615E+00  1.2047212479E-01  2.3525523182E-01
 -1.0295160127E+00  7.4625205542E-01 -1.7078970562E+00  1.1770857011E-01  2.3088811123E-01
 -1.0182262629E+00  7.3796945650E-01 -1.7286079245E+00  1.1491687091E-01  2.2658742657E-01
 -1.0069467307E+00  7.2969656855E-01 -1.7493282398E+00  1.1210205274E-01  2.2235891830E-01
 -9.9566973528E-01  7.2142793044E-01 -1.7700516323E+00  1.0926890610E-01  2.1820708842E-01
 -9.8438638107E-01  7.1315723052E-01 -1.7907707400E+00  1.0642199554E-01  2.1413517799E-01
 -9.7308652887E-01  7.0487728723E-01 -1.8114771593E+00  1.0356567376E-01  2.1014515270E-01
 -9.6175878557E-01  6.9658004253E-01 -1.8321613988E+00  1.0070410111E-01  2.0623769747E-01
 -9.5039052001E-01  6.8825657356E-01 -1.8528128398E+00  9.7841270793E-02  2.0241222058E-01
 -9.3896791427E-01  6.7989712887E-01 -1.8734197098E+00  9.4981040123E-02  1.9866686868E-01
 -9.2747606137E-01  6.7149119691E-01 -1.8939690787E+00  9.2127167579E-02  1.9499855399E-01
 -9.1589912064E-01  6.6302761458E-01 -1.9144468872E+00  8.9283355176E-02  1.9140299551E-01
 -9.0422054207E-01  6.5449472381E-01 -1.9348380215E+00  8.6453294767E-02  1.8787477644E-01
 -8.9242336838E-01  6.4588058223E-01 -1.9551264481E+00  8.3640716020E-02  1.8440742042E-01
 -8.8049061890E-01  6.3717323093E-01 -1.9752954248E+00  8.0849432707E-02  1.8099348966E-01
 -8.6840575173E-01  6.2836101695E-01 -1.9953277979E+00  7.8083382807E-02  1.7762470799E-01
 -8.5615319030E-01  6.1943296086E-01 -2.0152063944E+00  7.5346657034E-02  1.7429211180E-01
 -8.4371888789E-01  6.1037915124E-01 -2.0349145056E+00  7.2643510050E-02  1.7098623098E-01
 -8.3109089165E-01  6.0119113925E-01 -2.0544364462E+00  6.9978349188E-02  1.6769730048E-01
 -8.1825985837E-01  5.9186230003E-01 -2.0737581575E+00  6.7355697225E-02  1.6441550076E-01
 -8.0521947108E-01  5.8238812539E-01 -2.0928678118E+00  6.4780128570E-02  1.6113122225E-01
 -7.9196671103E-01  5.7276641581E-01 -2.1117563606E+00  6.2256181896E-02  1.5783534551E-01
 -7.7850195379E-01  5.6299734986E-01 -2.1304179746E+00  5.9788255941E-02  1.5451952538E-01
 -7.6482887948E-01  5.5308342369E-01 -2.1488503247E+00  5.7380498065E-02  1.5117646453E-01
 -7.5095421054E-01  5.4302926975E-01 -2.1670546783E+00  5.5036696487E-02  1.4780016104E-01
 -7.3688731104E-01  5.3284137828E-01 -2.1850358041E+00  5.2760186457E-02  1.4438611466E-01
 -7.2263969514E-01  5.2252775475E-01 -2.2028017035E+00  5.0553778274E-02  1.4093147960E-01
 -7.0822449640E-01  5.1209754913E-01 -2.2203632071E+00  4.8419711645E-02  1.3743515487E-01
 -6.9365594523E-01  5.0156069048E-01 -2.2377334829E+00  4.6359637206E-02  1.3389780885E-01
 -6.7894889157E-01  4.9092755241E-01 -2.2549275074E+00  4.4374622977E-02  1.3032183907E-01
 -6.6411839672E-01  4.8020866672E-01 -2.2719615423E+00  4.2465181394E-02  1.2671127297E-01
 -6.4917940591E-01  4.6941449310E-01 -2.2888526528E+00  4.0631311580E-02  1.2307161851E-01
 -6.3414650254E-01  4.5855524597E-01 -2.3056182875E+00  3.8872551452E-02  1.1940967571E-01
 -6.1903373849E-01  4.4764077434E-01 -2.3222759343E+00  3.7188034854E-02  1.1573332098E-01
 -6.0385453012E-01  4.3668048792E-01 -2.3388428517E+00  3.5576549838E-02  1.1205127594E-01
 -5.8862160873E-01  4.2568332124E-01 -2.3553358744E+00  3.4036595227E-02  1.0837287153E-01
 -5.7334701378E-01  4.1465772794E-01 -2.3717712837E+00  3.2566433555E-02  1.0470781648E-01
 -5.5804211875E-01  4.0361169810E-01 -2.3881647348E+00  3.1164139252E-02  1.0106597786E-01
 -5.4271768105E-01  3.9255279247E-01 -2.4045312298E+00  2.9827641562E-02  9.7457179209E-02
 -5.2738390909E-01  3.8148818894E-01 -2.4208851279E+00  2.8554762088E-02  9.3891020330E-02
 -5.1205054146E-01  3.7042473765E-01 -2.4372401844E+00  2.7343247163E-02  9.0376721035E-02
 -4.9672693432E-01  3.5936902198E-01 -2.4536096117E+00  2.6190795399E-02  8.6922990001E-02
 -4.8142215471E-01  3.4832742381E-01 -2.4700061561E+00  2.5095080853E-02  8.3537918636E-02
 -4.6614507798E-01  3.3730619177E-01 -2.4864421856E+00  2.4053772297E-02  8.0228899076E-02
 -4.5090448853E-01  3.2631151198E-01 -2.5029297859E+00  2.3064549045E-02  7.7002564783E-02
 -4.3570918359E-01  3.1534958095E-01 -2.5194808603E+00  2.2125113784E-02  7.3864751757E-02
 -4.2056807993E-01  3.0442668073E-01 -2.5361072323E+00  2.1233202819E-02  7.0820478130E-02
 -4.0549032382E-01  2.9354925633E-01 -2.5528207480E+00  2.0386594092E-02  6.7873939739E-02
 -3.9048540468E-01  2.8272399590E-01 -2.5696333760E+00  1.9583113303E-02  6.5028519291E-02
 -3.7556327268E-01  2.7195791378E-01 -2.5865573038E+00  1.8820638408E-02  6.2286806760E-02
 -3.6073446073E-01  2.6125843669E-01 -2.6036050278E+00  1.8097102771E-02  5.9650628793E-02
 -3.4601021078E-01  2.5063349303E-01 -2.6207894335E+00  1.7410497175E-02  5.7121085096E-02
 -3.3140260403E-01  2.4009160517E-01 -2.6381238642E+00  1.6758870909E-02  5.4698589929E-02
 -3.1692469425E-01  2.2964198386E-01 -2.6556221720E+00  1.6140332111E-02  5.2382917112E-02
 -3.0259064210E-01  2.1929462357E-01 -2.6732987485E+00  1.5553047560E-02  5.0173247140E-02
 -2.8841584752E-01  2.0906039658E-01 -2.6911685257E+00  1.4995242063E-02  4.8068215274E-02
 -2.7441707553E-01  1.9895114245E-01 -2.7092469437E+00  1.4465197626E-02  4.6065959694E-02
 -2.6061256864E-01  1.8897974833E-01 -2.7275498723E+00  1.3961252572E-02  4.4164169080E-02
 -2.4702213682E-01  1.7916021333E-01 -2.7460934818E+00  1.3481800771E-02  4.2360129182E-02
 -2.3366721285E-01  1.6950768871E-01 -2.7648940490E+00  1.3025291160E-02  4.0650768213E-02
 -2.2057085780E-01  1.6003848283E-01 -2.7839676934E+00  1.2590227724E-02  3.9032701101E-02
 -2.0775769842E-01  1.5077001801E-01 -2.8033300349E+00  1.2175170081E-02  3.7502272854E-02
 -1.9525377577E-01  1.4172072457E-01 -2.8229957716E+00  1.1778734807E-02  3.6055601442E-02
 -1.8308628366E-01  1.3290985678E-01 -2.8429781828E+00  1.1399597569E-02  3.4688620746E-02
 -1.7128317738E-01  1.2435721683E-01 -2.8632885726E+00  1.1036496076E-02  3.3397124110E-02
 -1.5987263931E-01  1.1608277704E-01 -2.8839356790E+00  1.0688233747E-02  3.2176809030E-02
 -1.4888239865E-01  1.0810619821E-01 -2.9049250921E+00  1.0353683868E-02  3.1023323235E-02
 -1.3833891895E-01  1.0044625372E-01 -2.9262587298E+00  1.0031793930E-02  2.9932312131E-02
 -1.2826648769E-01  9.3120183284E-02 -2.9479344346E+00  9.7215896594E-03  2.8899467087E-02
 -1.1868626414E-01  8.6143016376E-02 -2.9699457483E+00  9.4221782685E-03  2.7920573513E-02
 -1.0961536089E-01  7.9526918615E-02 -2.9922819127E+00  9.1327504008E-03  2.6991557177E-02
 -1.0106604494E-01  7.3280622252E-02 -3.0149281234E+00  8.8525803789E-03  2.6108526821E-02
 -9.3045141724E-02  6.7409000155E-02 -3.0378660283E+00  8.5810245175E-03  2.5267811019E-02
 -8.5553708074E-02  6.1912830426E-02 -3.0610744343E+00  8.3175174959E-03  2.4465987395E-02
 -7.8587009484E-02  5.6788777178E-02 -3.0845301528E+00  8.0615670107E-03  2.3699902837E-02
 -7.2134799947E-02  5.2029586566E-02 -3.1082089027E+00  7.8127471140E-03  2.2966684050E-02
 -6.6181866397E-02  4.7624471406E-02 -3.1320861853E+00  7.5706907465E-03  2.2263738663E-02
 -6.0708772497E-02  4.3559638189E-02 -3.1561380603E+00  7.3350819909E-03  2.1588747825E-02
 -5.5692722331E-02  3.9818900103E-02 -3.1803417739E+00  7.1056485046E-03  2.0939651830E-02
 -5.1108464357E-02  3.6384319398E-02 -3.2046762172E+00  6.8821544815E-03  2.0314630611E-02
 -4.6929166809E-02  3.3236830085E-02 -3.2291222146E+00  6.6643943606E-03  1.9712081003E-02
 -4.3127213180E-02  3.0356804258E-02 -3.2536626604E+00  6.4521873827E-03  1.9130592507E-02
 -3.9674885761E-02  2.7724539119E-02 -3.2782825323E+00  6.2453729995E-03  1.8568922988E-02
 -3.6544922890E-02  2.5320654333E-02 -3.3029688128E+00  6.0438070812E-03  1.8025975415E-02
 -3.3710949534E-02  2.3126399335E-02 -3.3277103492E+00  5.8473588276E-03  1.7500776347E-02
 -3.1147790448E-02  2.1123877052E-02 -3.3524976772E+00  5.6559082798E-03  1.6992456620E-02
 -2.8831680732E-02  1.9296194533E-02 -3.3773228295E+00  5.4693443272E-03  1.6500234387E-02
 -2.6740390907E-02  1.7627552632E-02 -3.4021791436E+00  5.2875631159E-03  1.6023400538E-02
 -2.4853283749E-02  1.6103286988E-02 -3.4270610785E+00  5.1104667774E-03  1.5561306352E-02
 -2.3151318735E-02  1.4709871579E-02 -3.4519640465E+00  4.9379624089E-03  1.5113353207E-02
 -2.1617017895E-02  1.3434894686E-02 -3.4768842625E+00  4.7699612543E-03  1.4678984112E-02
 -2.0234404564E-02  1.2267015451E-02 -3.5018186131E+00  4.6063780389E-03  1.4257676816E-02
 -1.8988924248E-02  1.1195907595E-02 -3.5267645423E+00  4.4471304288E-03  1.3848938276E-02
 -1.7867354784E-02  1.0212195436E-02 -3.5517199557E+00  4.2921385853E-03  1.3452300263E-02
 -1.6857711223E-02  9.3073860731E-03 -3.5766831392E+00  4.1413247973E-03  1.3067315908E-02
 -1.5949149434E-02  8.4738006083E-03 -3.6016526907E+00  3.9946131747E-03  1.2693557034E-02
 -1.5131871260E-02  7.7045064180E-03 -3.6266274641E+00  3.8519293919E-03  1.2330612117E-02
 -1.4397033177E-02  6.9932518834E-03 -3.6516065227E+00  3.7132004716E-03  1.1978084756E-02
 -1.3736659693E-02  6.3344044731E-03 -3.6765891007E+00  3.5783546022E-03  1.1635592552E-02
 -1.3143562249E-02  5.7228927151E-03 -3.7015745721E+00  3.4473209837E-03  1.1302766304E-02
 -1.2611263969E-02  5.1541523239E-03 -3.7265624247E+00  3.3200296960E-03  1.0979249455E-02
 -1.2133930365E-02  4.6240765585E-03 -3.7515522393E+00  3.1964115884E-03  1.0664697721E-02
 -1.1706305902E-02  4.1289707504E-03 -3.7765436724E+00  3.0763981861E-03  1.0358778869E-02
 -1.1323656202E-02  3.6655108508E-03 -3.8015364425E+00  2.9599216107E-03  1.0061172582E-02
 -1.0981715592E-02  3.2307057915E-03 -3.8265303184E+00  2.8469145152E-03  9.7715704020E-03
 -1.0676639661E-02  2.8218634175E-03 -3.8515251104E+00  2.7373100293E-03  9.4896757111E-03
 -1.0404962437E-02  2.4365597337E-03 -3.8765206621E+00  2.6310417152E-03  9.2152037287E-03
 -1.0163557837E-02  2.0726112066E-03 -3.9015168450E+00  2.5280435327E-03  8.9478815182E-03
 -9.9496050092E-03  1.7280498605E-03 -3.9265135532E+00  2.4282498116E-03  8.6874479809E-03
 -9.7605572207E-03  1.4011009233E-03 -3.9515106989E+00  2.3315952315E-03  8.4336538321E-03
 -9.5941139582E-03  1.0901627863E-03 -3.9765082099E+00  2.2380148088E-03  8.1862615500E-03
 -9.4481959315E-03  7.9378905765E-04 -4.0015060263E+00  2.1474438876E-03  7.9450452929E-03
 -9.3209226897E-03  5.1067250612E-04 -4.0265040983E+00  2.0598181377E-03  7.7097907808E-03
 -9.2105925893E-03  2.3963070791E-04 -4.0515023849E+00  1.9750735557E-03  7.4802951390E-03
 -9.1156648689E-03 -2.0406776812E-05 -4.0765008517E+00  1.8931464708E-03  7.2563667042E-03
 -9.0347436136E-03 -2.7040985386E-04 -4.1014994702E+00  1.8139735543E-03  7.0378247922E-03
 -8.9665634090E-03 -5.1125811454E-04 -4.1264982167E+00  1.7374918320E-03  6.8244994277E-03
 -8.9099765041E-03 -7.4374995423E-04 -4.1514970712E+00  1.6636386994E-03  6.6162310400E-03
 -8.8639413237E-03 -9.6861070704E-04 -4.1764960173E+00  1.5923519400E-03  6.4128701247E-03
 -8.8275121825E-03 -1.1864999023E-03 -4.2014950410E+00  1.5235697447E-03  6.2142768762E-03
 -8.7998300729E-03 -1.3980177379E-03 -4.2264941307E+00  1.4572307342E-03  6.0203207918E-03
 -8.7801144072E-03 -1.6037108569E-03 -4.2514932766E+00  1.3932739817E-03  5.8308802531E-03
 -8.7676556132E-03 -1.8040775028E-03 -4.2764924704E+00  1.3316390382E-03  5.6458420865E-03
 -8.7618084869E-03 -1.9995721242E-03 -4.3014917053E+00  1.2722659579E-03  5.4651011073E-03
 -8.7619862216E-03 -2.1906094890E-03 -4.3264909753E+00  1.2150953245E-03  5.2885596505E-03
 -8.7676550389E-03 -2.3775683649E-03 -4.3514902755E+00  1.1600682785E-03  5.1161270922E-03
 -8.7783293552E-03 -2.5607948137E-03 -4.3764896017E+00  1.1071265445E-03  4.9477193656E-03
 -8.7935674264E-03 -2.7406051443E-03 -4.4014889503E+00  1.0562124587E-03  4.7832584737E-03
 -8.8129674175E-03 -2.9172885632E-03 -4.4264883184E+00  1.0072689962E-03  4.6226720036E-03
 -8.8361638527E-03 -3.0911095573E-03 -4.4514877033E+00  9.6023979904E-04  4.4658926440E-03
 -8.8628244031E-03 -3.2623100385E-03 -4.4764871029E+00  9.1506920228E-04  4.3128577106E-03
 -8.8926469783E-03 -3.4311112792E-03 -4.5014865152E+00  8.7170226107E-04  4.1635086803E-03
 -8.9253570863E-03 -3.5977156602E-03 -4.5264859386E+00  8.3008477620E-04  4.0177907379E-03
 -8.9607054375E-03 -3.7623082544E-03 -4.5514853718E+00  7.9016331923E-04  3.8756523369E-03
 -8.9984657636E-03 -3.9250582632E-03 -4.5764848135E+00  7.5188525659E-04  3.7370447772E-03
 -9.0384328317E-03 -4.0861203224E-03 -4.6014842627E+00  7.1519877276E-04  3.6019218005E-03
 -9.0804206333E-03 -4.2456356927E-03 -4.6264837186E+00  6.8005289234E-04  3.4702392057E-03
 -9.1242607294E-03 -4.4037333454E-03 -4.6514831802E+00  6.4639750089E-04  3.3419544851E-03
 -9.1698007384E-03 -4.5605309569E-03 -4.6764826470E+00  6.1418336456E-04  3.2170264827E-03
 -9.2169029516E-03 -4.7161358187E-03 -4.7014821184E+00  5.8336214841E-04  3.0954150755E-03
 -9.2654430640E-03 -4.8706456743E-03 -4.7264815938E+00  5.5388643331E-04  2.9770808778E-03
