 AIMInt (Version 19.02.13, Professional)
 Portions Copyright (c) 1997-2019 by Todd A. Keith
 AIMInt is a component of the AIMAll package ( http://aim.tkgristmill.com )

 TP:  64-bit Linux

 Licensed To:  Research Group of Fernando Cortes Guzman, UNAM, fercor@unam.mx

 AIMInt is a heavily modified and extended version of the PROAIMV program
 developed by members of R.F.W. Bader's research group

 Much of the Quantum Theory of Atoms in Molecules (QTAIM) is described in the book:
   "Atoms in Molecules - A Quantum Theory"
   R.F.W. Bader, Oxford University Press, Oxford, 1990

 For additional references see:  http://aim.tkgristmill.com/references.html

 Current Directory:  /home/scratch/M_H2O_4_tetraedrico/Opt

 Inp File:  V4_tetraedrico_cc-pvtz-def2-tzv_1_atomicfiles/o8.inp
 Wfx File:  V4_tetraedrico_cc-pvtz-def2-tzv_1.wfx
 Out File:  V4_tetraedrico_cc-pvtz-def2-tzv_1_atomicfiles/o8.int

 Wfx Title:   V4_tetraedrico_cc-pvtz-def2-tzv_1                                             
 Job Title:   V4_tetraedrico_cc-pvtz-def2-tzv_1                                             
 
<Atom>
O8      
</Atom>
<Nuclei of Molecule>
    13
V1        23.0           6.8034023604E-06   9.4307859475E-06  -1.3420355065E-05
O2         8.0           2.3368400624E+00  -1.6648761612E+00  -2.0302410125E+00
H3         1.0           2.1387124316E+00  -3.4125246577E+00  -2.8289544550E+00
O4         8.0           1.6677054724E+00   2.3253677878E+00   2.0410518456E+00
H5         1.0           9.2019514847E-01   3.9275924296E+00   2.8193489705E+00
O6         8.0          -2.3281964912E+00   1.6791708879E+00  -2.0283980571E+00
H7         1.0          -3.9331127358E+00   9.3712500573E-01  -2.8063922211E+00
O8         8.0          -1.6763212253E+00  -2.3396237331E+00   2.0175343173E+00
H9         1.0          -9.3200162490E-01  -3.9470557948E+00   2.7879721657E+00
H10        1.0           3.9429977858E+00  -9.1628478782E-01  -2.7992210127E+00
H11        1.0          -3.4281084629E+00  -2.1425573710E+00   2.8075077198E+00
H12        1.0          -2.1249258151E+00   3.4308288752E+00  -2.8169913359E+00
H13        1.0           3.4158642481E+00   2.1223491415E+00   2.8374620900E+00
</Nuclei of Molecule>
<Total Number of CPs of DelSqRho>
    36
</Total Number of CPs of DelSqRho>
<Number of (3,+3) CPs of DelSqRho>
     5
</Number of (3,+3) CPs of DelSqRho>
<Number of (3,+1) CPs of DelSqRho>
    13
</Number of (3,+1) CPs of DelSqRho>
<Number of (3,-1) CPs of DelSqRho>
    13
</Number of (3,-1) CPs of DelSqRho>
<Number of (3,-3) CPs of DelSqRho>
     5
</Number of (3,-3) CPs of DelSqRho>
<Number of Degenerate CPs of DelSqRho>
     0
</Number of Degenerate CPs of DelSqRho>
<CP of DelSqRho>
CP# = 1       
Type = (3,+3)
Coords = -1.67632127677783E+00 -2.33962380597169E+00  2.01753447397078E+00
DistFromNuc =  1.8028013066E-07
Rho =  2.9727086353E+02
DelSqRho = -3.3285909949E+06
GradDelSqRho =  3.6045366869E-06  1.1821724911E-05  1.0498581105E-05
HessDelSqRho_EigVals =  1.3236835575E+11  1.3236837502E+11  1.3236837893E+11
HessDelSqRho_EigVec1 =  3.6602216191E-01  4.9778663334E-01  7.8628000398E-01
HessDelSqRho_EigVec2 =  4.5774734765E-01  6.3932887358E-01 -6.1783975036E-01
HessDelSqRho_EigVec3 =  8.1024387854E-01 -5.8606062747E-01 -6.1480253677E-03
</CP of DelSqRho>
<CP of DelSqRho>
CP# = 2       
Type = (3,+1)
Coords = -1.01024911820095E+00 -1.39494988657453E+00  1.06810051488342E+00
DistFromNuc =  1.4958226076E+00
Rho =  1.6027671066E-01
DelSqRho =  3.3453246463E-01
GradDelSqRho = -1.2490009027E-16 -2.0816681712E-16  5.8286708793E-16
HessDelSqRho_EigVals = -5.3651585377E-01  3.9823785331E-02  4.3859065861E+00
HessDelSqRho_EigVec1 = -3.4408725081E-01 -4.6071782339E-01 -8.1813388332E-01
HessDelSqRho_EigVec2 =  8.0829467090E-01 -5.8871791193E-01 -8.4228954716E-03
HessDelSqRho_EigVec3 =  4.7776949340E-01  6.6419146892E-01 -5.7496608925E-01
</CP of DelSqRho>
<CP of DelSqRho>
CP# = 3       
Type = (3,+1)
Coords = -1.63545819398800E+00 -2.28478079521172E+00  2.17141724513421E+00
DistFromNuc =  1.6839682496E-01
Rho =  2.2512277029E+01
DelSqRho =  1.2401670532E+03
GradDelSqRho = -5.9898752625E-12 -5.1727511163E-12 -1.2136069927E-11
HessDelSqRho_EigVals = -4.1265052106E+05  1.9421317603E+03  2.2467479033E+03
HessDelSqRho_EigVec1 =  2.4387268988E-01  3.2736473172E-01  9.1288468251E-01
HessDelSqRho_EigVec2 =  5.3308414364E-01  7.4109271983E-01 -4.0817015620E-01
HessDelSqRho_EigVec3 =  8.1015270594E-01 -5.8618590313E-01 -6.2193273664E-03
</CP of DelSqRho>
<CP of DelSqRho>
CP# = 4       
Type = (3,-1)
Coords = -1.76343761542883E+00 -2.46085523031445E+00  2.09537078124266E+00
DistFromNuc =  1.6835930758E-01
Rho =  2.2426193949E+01
DelSqRho =  1.2617249494E+03
GradDelSqRho = -5.9685589804E-13  1.8474111130E-12  7.5601747085E-12
HessDelSqRho_EigVals = -4.1679287547E+05 -1.4138947091E+03  5.2305915909E+02
HessDelSqRho_EigVec1 =  5.1784383073E-01  7.2061452420E-01 -4.6103413592E-01
HessDelSqRho_EigVec2 =  2.7470373049E-01  3.7030891434E-01  8.8736078819E-01
HessDelSqRho_EigVec3 =  8.1017012252E-01 -5.8616210681E-01 -6.1933112859E-03
</CP of DelSqRho>
<CP of DelSqRho>
CP# = 5       
Type = (3,+1)
Coords = -1.75025330156291E+00 -2.44063861519758E+00  1.90555347203611E+00
DistFromNuc =  1.6795733980E-01
Rho =  2.2608242460E+01
DelSqRho =  1.2501205738E+03
GradDelSqRho = -2.8421709430E-14  4.4053649617E-12 -1.6768808564E-12
HessDelSqRho_EigVals = -4.2299710400E+05  1.5711339821E+03  1.9183522407E+03
HessDelSqRho_EigVec1 =  4.3912672438E-01  5.9994839174E-01  6.6875230631E-01
HessDelSqRho_EigVec2 =  3.8840949098E-01  5.4443024852E-01 -7.4346067268E-01
HessDelSqRho_EigVec3 =  8.1012701921E-01 -5.8622319278E-01 -6.0482222357E-03
</CP of DelSqRho>
<CP of DelSqRho>
CP# = 6       
Type = (3,-3)
Coords = -1.60244485715363E+00 -2.23392693610368E+00  1.91081760421788E+00
DistFromNuc =  1.6738574470E-01
Rho =  2.2641301358E+01
DelSqRho =  1.2837807731E+03
GradDelSqRho = -6.5369931690E-13  1.0800249584E-12  6.2527760747E-13
HessDelSqRho_EigVals = -4.4038380657E+05 -2.2766101197E+03 -6.9003920840E+00
HessDelSqRho_EigVec1 =  4.4102983176E-01  6.3097144619E-01 -6.3825364988E-01
HessDelSqRho_EigVec2 =  3.7755752869E-01  5.1472699462E-01  7.6974439494E-01
HessDelSqRho_EigVec3 =  8.1421311708E-01 -5.8045771173E-01 -1.1218060058E-02
</CP of DelSqRho>
<CP of DelSqRho>
CP# = 7       
Type = (3,-1)
Coords = -1.01720857421630E+00 -2.51223910973444E+00  1.84011851697659E+00
DistFromNuc =  7.0406102100E-01
Rho =  7.0857679350E-01
DelSqRho = -1.3868456611E+00
GradDelSqRho =  1.5099033135E-14 -4.2188474936E-15  0.0000000000E+00
HessDelSqRho_EigVals = -1.4474386560E+01 -9.8523317883E+00  1.5891771611E+02
HessDelSqRho_EigVec1 =  3.5714194922E-02  7.9322423260E-01 -6.0788141368E-01
HessDelSqRho_EigVec2 =  3.5236640824E-01  5.5920975095E-01  7.5041479782E-01
HessDelSqRho_EigVec3 =  9.3518041608E-01 -2.4099745074E-01 -2.5953384772E-01
</CP of DelSqRho>
<CP of DelSqRho>
CP# = 8       
Type = (3,+1)
Coords = -2.31329033524672E+00 -2.43026443642860E+00  1.80234499279288E+00
DistFromNuc =  6.7841862404E-01
Rho =  7.9958842661E-01
DelSqRho = -2.6439383854E+00
GradDelSqRho =  3.5527136788E-13 -8.0557782667E-13 -4.1078251911E-12
HessDelSqRho_EigVals = -1.1834312157E+01  1.1280081545E+01  2.1110143921E+02
HessDelSqRho_EigVec1 = -4.0343652134E-01  2.9328263440E-01  8.6673194796E-01
HessDelSqRho_EigVec2 = -2.7925954416E-02  9.4285228946E-01 -3.3203870457E-01
HessDelSqRho_EigVec3 =  9.1458138748E-01  1.5816085679E-01  3.7219085032E-01
</CP of DelSqRho>
<CP of DelSqRho>
CP# = 9       
Type = (3,-1)
Coords = -2.04864537986608E+00 -1.76655358169983E+00  1.84819884582972E+00
DistFromNuc =  7.0406617332E-01
Rho =  7.0856380009E-01
DelSqRho = -1.3869962984E+00
GradDelSqRho =  6.2172489379E-15 -1.0658141036E-14  3.5527136788E-15
HessDelSqRho_EigVals = -1.4472902249E+01 -9.8453735573E+00  1.5891281902E+02
HessDelSqRho_EigVec1 = -7.3617437352E-01 -2.8761925853E-01  6.1263566162E-01
HessDelSqRho_EigVec2 =  4.2755318925E-01  5.0405937619E-01  7.5041482904E-01
HessDelSqRho_EigVec3 = -5.2463850615E-01  8.1437049762E-01 -2.4810306421E-01
</CP of DelSqRho>
<CP of DelSqRho>
CP# = 10      
Type = (3,-1)
Coords = -2.02709894186458E+00 -2.82895555531272E+00  2.39667743394652E+00
DistFromNuc =  7.1150554566E-01
Rho =  6.9437688486E-01
DelSqRho = -1.3116554864E+00
GradDelSqRho = -3.2862601529E-14 -3.6859404418E-14  2.4868995752E-14
HessDelSqRho_EigVals = -1.9011879741E+01 -4.1084241740E+00  1.5069870286E+02
HessDelSqRho_EigVec1 =  8.1043553724E-01 -5.8579479581E-01 -6.2207055037E-03
HessDelSqRho_EigVec2 =  3.1081180181E-01  4.2095257279E-01  8.5217073132E-01
HessDelSqRho_EigVec3 =  4.9657855756E-01  6.9256291315E-01 -5.2322686046E-01
</CP of DelSqRho>
<CP of DelSqRho>
CP# = 11      
Type = (3,+3)
Coords = -1.30460719300246E+00 -1.82769480165670E+00  2.21548539238011E+00
DistFromNuc =  6.6289303878E-01
Rho =  8.5561998787E-01
DelSqRho = -3.4631670163E+00
GradDelSqRho =  1.9539925233E-14 -1.0658141036E-14  2.3980817332E-14
HessDelSqRho_EigVals =  4.2931682448E+00  1.4602828994E+01  2.4838128768E+02
HessDelSqRho_EigVec1 =  1.8978431149E-01  2.7338829640E-01 -9.4299562804E-01
HessDelSqRho_EigVec2 =  8.1041141720E-01 -5.8582244595E-01 -6.7377063741E-03
HessDelSqRho_EigVec3 =  5.5427001541E-01  7.6293571237E-01  3.3273690630E-01
</CP of DelSqRho>
<CP of DelSqRho>
CP# = 12      
Type = (3,+3)
Coords = -1.75114249839773E+00 -2.43632076148932E+00  1.38014379772252E+00
DistFromNuc =  6.4901094954E-01
Rho =  9.0578080550E-01
DelSqRho = -3.9351914976E+00
GradDelSqRho =  6.6613381478E-16  0.0000000000E+00 -4.2632564146E-14
HessDelSqRho_EigVals =  8.0205673040E+00  1.6948709999E+01  2.9427271933E+02
HessDelSqRho_EigVec1 =  5.7089448925E-01  7.9186292217E-01 -2.1686999477E-01
HessDelSqRho_EigVec2 =  8.1033986521E-01 -5.8592683472E-01 -6.2487761574E-03
HessDelSqRho_EigVec3 =  1.3201812373E-01  1.7217101046E-01  9.7618049467E-01
</CP of DelSqRho>
<CP of DelSqRho>
CP# = 13      
Type = (3,+1)
Coords = -1.89091277033794E+00 -1.96404771015280E+00  2.53717943642839E+00
DistFromNuc =  6.7611976017E-01
Rho =  8.0356032203E-01
DelSqRho = -2.6245722894E+00
GradDelSqRho = -4.4408920985E-16 -9.7699626167E-15 -1.0658141036E-14
HessDelSqRho_EigVals = -9.8458656759E+00  9.7670568013E+00  2.1166027884E+02
HessDelSqRho_EigVec1 =  9.4230711829E-01  3.2374372043E-01  8.5131065376E-02
HessDelSqRho_EigVec2 = -2.0494574948E-01  7.5902525942E-01 -6.1796269736E-01
HessDelSqRho_EigVec3 = -2.6467817172E-01  5.6486339857E-01  7.8158480434E-01
</CP of DelSqRho>
<CP of DelSqRho>
CP# = 14      
Type = (3,+1)
Coords = -1.56485741475909E+00 -2.97129813142285E+00  1.79654199356978E+00
DistFromNuc =  6.7843520961E-01
Rho =  7.9954140065E-01
DelSqRho = -2.6434894303E+00
GradDelSqRho =  1.5543122345E-15  4.4408920985E-14  1.5099033135E-14
HessDelSqRho_EigVals = -1.1839718905E+01  1.1276917470E+01  2.1106954330E+02
HessDelSqRho_EigVec1 =  4.1375543173E-01 -2.9748028689E-01  8.6041380836E-01
HessDelSqRho_EigVec2 = -9.0065160435E-01 -2.7160750916E-01  3.3919912816E-01
HessDelSqRho_EigVec3 = -1.3278979738E-01  9.1527855862E-01  3.8030517987E-01
</CP of DelSqRho>
<CP of DelSqRho>
CP# = 15      
Type = (3,+1)
Coords = -1.24705246842941E+00 -2.42949930713264E+00  2.53209833038364E+00
DistFromNuc =  6.7611049987E-01
Rho =  8.0362410515E-01
DelSqRho = -2.6255054793E+00
GradDelSqRho =  6.5103478164E-13  2.3070434452E-12  1.1404210909E-12
HessDelSqRho_EigVals = -9.8393309599E+00  9.7765957839E+00  2.1168672423E+02
HessDelSqRho_EigVec1 =  1.3061731789E-02  9.9564576429E-01  9.2297904752E-02
HessDelSqRho_EigVec2 =  7.7856553767E-01  4.7793250650E-02 -6.2574076800E-01
HessDelSqRho_EigVec3 =  6.2742736210E-01 -8.0033225920E-02  7.7455121718E-01
</CP of DelSqRho>
<CP of DelSqRho>
CP# = 16      
Type = (3,+1)
Coords = -1.34394114194835E+00 -1.87584880894674E+00  1.64866583230070E+00
DistFromNuc =  6.7943186514E-01
Rho =  8.1969892674E-01
DelSqRho = -3.1972514707E+00
GradDelSqRho =  7.1054273576E-15 -2.8421709430E-14  1.7763568394E-14
HessDelSqRho_EigVals = -4.1729924926E+00  1.5685642308E+01  2.1655196891E+02
HessDelSqRho_EigVec1 = -3.2370078431E-01 -4.3879384987E-01 -8.3825876646E-01
HessDelSqRho_EigVec2 =  8.1041074377E-01 -5.8582835479E-01 -6.2900794136E-03
HessDelSqRho_EigVec3 =  4.8831570588E-01  6.8137001404E-01 -5.4523634815E-01
</CP of DelSqRho>
<CP of DelSqRho>
CP# = 17      
Type = (3,+3)
Coords = -2.31505233380878E+00 -2.23207248114294E+00  2.29596603756753E+00
DistFromNuc =  7.0503115080E-01
Rho =  7.8950018555E-01
DelSqRho = -3.4067369390E+00
GradDelSqRho =  5.0626169923E-14 -1.6653345369E-15 -1.2434497876E-14
HessDelSqRho_EigVals =  1.3073187965E+01  2.2947832658E+01  1.6464798463E+02
HessDelSqRho_EigVec1 =  4.2305225449E-01  4.7423612654E-01  7.7209253736E-01
HessDelSqRho_EigVec2 = -5.3179178200E-02  8.6362635132E-01 -5.0131975854E-01
HessDelSqRho_EigVec3 =  9.0454340138E-01 -1.7102520744E-01 -3.9057856245E-01
</CP of DelSqRho>
<CP of DelSqRho>
CP# = 18      
Type = (3,+3)
Coords = -1.37107062309974E+00 -2.91438816282143E+00  2.28871903407510E+00
DistFromNuc =  7.0503420513E-01
Rho =  7.8950470014E-01
DelSqRho = -3.4067816192E+00
GradDelSqRho =  1.5099033135E-14 -1.4210854715E-14  1.4654943925E-14
HessDelSqRho_EigVals =  1.3071876432E+01  2.2948929817E+01  1.6464527220E+02
HessDelSqRho_EigVec1 =  3.2565614015E-01  5.4497727557E-01  7.7262400137E-01
HessDelSqRho_EigVec2 = -8.3150576511E-01 -2.2389314444E-01  5.0839947135E-01
HessDelSqRho_EigVec3 = -4.5005137593E-01  8.0800472089E-01 -3.8023956926E-01
</CP of DelSqRho>
<CP of DelSqRho>
CP# = 19      
Type = (3,+1)
Coords = -2.75184556413037E+00 -2.20565303119497E+00  2.49696240580902E+00
DistFromNuc =  1.1851379854E+00
Rho =  3.8026749584E-01
DelSqRho = -7.6988198994E-01
GradDelSqRho =  6.3837823916E-16  1.2906342661E-15 -2.6229018957E-15
HessDelSqRho_EigVals = -2.4556176868E+01  1.1972694166E+01  1.2354078353E+01
HessDelSqRho_EigVec1 =  9.0657778444E-01 -9.7610223200E-02 -4.1059586589E-01
HessDelSqRho_EigVec2 =  4.0052634531E-01  5.0563562253E-01  7.6414086656E-01
HessDelSqRho_EigVec3 = -1.3302393572E-01  8.5720759537E-01 -4.9749348837E-01
</CP of DelSqRho>
<CP of DelSqRho>
CP# = 20      
Type = (3,+1)
Coords = -9.97600314378789E-01 -1.39530842709767E+00  1.55396476596995E+00
DistFromNuc =  1.2519146141E+00
Rho =  2.4592667000E-01
DelSqRho =  3.7227016942E-01
GradDelSqRho = -4.3159920082E-15 -5.0237591864E-15  3.0184188482E-15
HessDelSqRho_EigVals = -8.9058826032E+00  4.0031276343E-01  1.0494229454E+00
HessDelSqRho_EigVec1 =  5.4954428156E-01  7.6432457114E-01 -3.3735594340E-01
HessDelSqRho_EigVec2 = -2.0258264106E-01 -2.6983740558E-01 -9.4135436903E-01
HessDelSqRho_EigVec3 =  8.1053152693E-01 -5.8565836841E-01 -6.5512870569E-03
</CP of DelSqRho>
<CP of DelSqRho>
CP# = 21      
Type = (3,+1)
Coords = -1.20706000950082E+00 -3.32240531602580E+00  2.48492060667487E+00
DistFromNuc =  1.1851226400E+00
Rho =  3.8028664651E-01
DelSqRho = -7.6999777629E-01
GradDelSqRho = -2.8727020762E-15  3.1780134080E-15  1.2420620088E-15
HessDelSqRho_EigVals = -2.4561626396E+01  1.1974375463E+01  1.2356760725E+01
HessDelSqRho_EigVec1 = -3.8106710024E-01  8.3329095124E-01 -4.0051723520E-01
HessDelSqRho_EigVec2 =  3.6275904484E-01  5.3322408497E-01  7.6424992679E-01
HessDelSqRho_EigVec3 =  8.5040798473E-01  1.4593925377E-01 -5.0547798538E-01
</CP of DelSqRho>
<CP of DelSqRho>
CP# = 22      
Type = (3,-3)
Coords = -1.84980953493520E+00 -2.59159940236897E+00  3.14166089446663E+00
DistFromNuc =  1.1650109411E+00
Rho =  2.4049631980E-01
DelSqRho =  8.4535128685E-01
GradDelSqRho =  4.0939474033E-16  2.7061686225E-16  5.5511151231E-16
HessDelSqRho_EigVals = -1.8284166915E+01 -1.6170130162E+00 -1.9676944813E-01
HessDelSqRho_EigVec1 = -1.4431016384E-01 -2.0995099249E-01  9.6700318374E-01
HessDelSqRho_EigVec2 =  8.1056777640E-01 -5.8561222625E-01 -6.1806409738E-03
HessDelSqRho_EigVec3 =  5.6758651893E-01  7.8292969111E-01  2.5468930545E-01
</CP of DelSqRho>
<CP of DelSqRho>
CP# = 23      
Type = (3,-1)
Coords = -1.98586592008801E+00 -1.39673968921938E+00  2.66299595170488E+00
DistFromNuc =  1.1838365427E+00
Rho =  2.3929828403E-01
DelSqRho =  7.2546670578E-01
GradDelSqRho = -7.4246164772E-16  8.4654505628E-16  7.4246164772E-16
HessDelSqRho_EigVals = -1.6922667861E+01 -1.3438569255E+00  2.9625407057E-01
HessDelSqRho_EigVec1 = -2.3811687648E-01  8.1267905402E-01  5.3183936324E-01
HessDelSqRho_EigVec2 =  9.0205620450E-01  3.8801817902E-01 -1.8904099205E-01
HessDelSqRho_EigVec3 =  3.5999299585E-01 -4.3473514686E-01  8.2547585975E-01
</CP of DelSqRho>
<CP of DelSqRho>
CP# = 24      
Type = (3,-1)
Coords = -6.77763571534791E-01 -2.34252738070980E+00  2.65349996974961E+00
DistFromNuc =  1.1838826505E+00
Rho =  2.3929937870E-01
DelSqRho =  7.2529772862E-01
GradDelSqRho =  3.1641356202E-15  3.3306690739E-16  2.1024848529E-15
HessDelSqRho_EigVals = -1.6921041060E+01 -1.3427040235E+00  2.9707267168E-01
HessDelSqRho_EigVec1 =  8.5137931687E-01  2.4930524272E-02  5.2395775379E-01
HessDelSqRho_EigVec2 =  8.3611689053E-02  9.7964916676E-01 -1.8247354743E-01
HessDelSqRho_EigVec3 = -5.1784393813E-01  1.9916319695E-01  8.3196855513E-01
</CP of DelSqRho>
<CP of DelSqRho>
CP# = 25      
Type = (3,-3)
Coords = -2.35097419064218E+00 -1.44854955760048E+00  1.72786466583703E+00
DistFromNuc =  1.1545901077E+00
Rho =  2.4432083271E-01
DelSqRho =  8.0316186762E-01
GradDelSqRho = -7.3552275381E-16 -3.0114799543E-15  5.5511151231E-17
HessDelSqRho_EigVals = -1.7340129630E+01 -1.4984597700E+00 -3.8432975256E-01
HessDelSqRho_EigVec1 = -5.5704426184E-01  7.8507585290E-01 -2.7084607352E-01
HessDelSqRho_EigVec2 =  7.2865657600E-01  3.0555139314E-01 -6.1294203674E-01
HessDelSqRho_EigVec3 =  3.9844859718E-01  5.3878961696E-01  7.4225633312E-01
</CP of DelSqRho>
<CP of DelSqRho>
CP# = 26      
Type = (3,-3)
Coords = -2.34539352626362E+00 -3.26714954499491E+00  2.19921810299126E+00
DistFromNuc =  1.1580029678E+00
Rho =  2.3958150769E-01
DelSqRho =  8.5726494195E-01
GradDelSqRho =  1.0620948565E-12  1.3928858067E-12  3.0392251216E-12
HessDelSqRho_EigVals = -1.8214030425E+01 -1.6265567629E+00 -2.4074191857E-01
HessDelSqRho_EigVec1 =  5.7847134352E-01  8.0184393509E-01 -1.4972377394E-01
HessDelSqRho_EigVec2 =  8.1042005774E-01 -5.8581641125E-01 -6.2017994682E-03
HessDelSqRho_EigVec3 =  9.2683519219E-02  1.1775158625E-01  9.8870841465E-01
</CP of DelSqRho>
<CP of DelSqRho>
CP# = 27      
Type = (3,-3)
Coords = -6.21543916852565E-01 -2.69845617337850E+00  1.71468187703126E+00
DistFromNuc =  1.1545715618E+00
Rho =  2.4432885989E-01
DelSqRho =  8.0330819740E-01
GradDelSqRho = -1.4654943925E-14  4.1008862972E-15  5.5094817597E-15
HessDelSqRho_EigVals = -1.7342239264E+01 -1.4988221781E+00 -3.8560958384E-01
HessDelSqRho_EigVec1 =  9.1743277462E-01 -2.8058719952E-01 -2.8211332389E-01
HessDelSqRho_EigVec2 =  5.5340671029E-02  7.9211319634E-01 -6.0786025887E-01
HessDelSqRho_EigVec3 =  3.9402349446E-01  5.4205858323E-01  7.4223849144E-01
</CP of DelSqRho>
<CP of DelSqRho>
CP# = 28      
Type = (3,-1)
Coords = -1.33088060019431E+00 -3.25464380714719E+00  1.35259807481316E+00
DistFromNuc =  1.1826796556E+00
Rho =  2.3896822111E-01
DelSqRho =  7.3925667021E-01
GradDelSqRho = -4.1633363423E-17  1.1102230246E-16 -9.7144514655E-17
HessDelSqRho_EigVals = -1.7349429754E+01 -1.2067084736E+00  2.5451930607E-01
HessDelSqRho_EigVec1 = -2.9425796858E-01  7.5680833041E-01  5.8365520554E-01
HessDelSqRho_EigVec2 =  2.3473225571E-01 -5.3475777241E-01  8.1174804772E-01
HessDelSqRho_EigVec3 =  9.2645184228E-01  3.7586603447E-01 -2.0290590748E-02
</CP of DelSqRho>
<CP of DelSqRho>
CP# = 29      
Type = (3,-1)
Coords = -2.66013166462035E+00 -2.29365374245116E+00  1.36277927215983E+00
DistFromNuc =  1.1826666435E+00
Rho =  2.3896755588E-01
DelSqRho =  7.3932843105E-01
GradDelSqRho =  3.5110803154E-15  7.1817551905E-16  1.3114509478E-15
HessDelSqRho_EigVals = -1.7352041901E+01 -1.2056167884E+00  2.5397124029E-01
HessDelSqRho_EigVec1 =  8.1673976504E-01 -4.6390600431E-02  5.7513830370E-01
HessDelSqRho_EigVec2 = -5.7318461389E-01  4.9299730688E-02  8.1794188972E-01
HessDelSqRho_EigVec3 =  6.6298978863E-02  9.9770609337E-01 -1.3674672062E-02
</CP of DelSqRho>
<CP of DelSqRho>
CP# = 30      
Type = (3,-1)
Coords = -2.14740624230605E+00 -3.00030454775679E+00  2.85708731229187E+00
DistFromNuc =  1.1675913084E+00
Rho =  2.4523417568E-01
DelSqRho =  8.3339111550E-01
GradDelSqRho =  1.6098233857E-15  1.1102230246E-15 -2.7755575616E-16
HessDelSqRho_EigVals = -1.6677890079E+01 -3.4302610475E+00  1.8014983621E-01
HessDelSqRho_EigVec1 = -4.0576374125E-01 -5.6897577432E-01  7.1527781632E-01
HessDelSqRho_EigVec2 =  8.1040528320E-01 -5.8583599484E-01 -6.2820474047E-03
HessDelSqRho_EigVec3 = -4.2260982389E-01 -5.7711589424E-01 -6.9881197855E-01
</CP of DelSqRho>
<CP of DelSqRho>
CP# = 31      
Type = (3,-1)
Coords = -3.30544152264236E+00 -2.90336865564840E+00  3.10317529016697E+00
DistFromNuc =  2.0372671898E+00
Rho =  6.5980705345E-02
DelSqRho =  1.8574232981E-01
GradDelSqRho =  1.7416502268E-12  2.5353460650E-12 -1.8488283821E-12
HessDelSqRho_EigVals = -2.3870920193E+00 -1.3804787635E-02  4.1799559869E-01
HessDelSqRho_EigVec1 =  3.8940430976E-01  7.4296761320E-01 -5.4439269766E-01
HessDelSqRho_EigVec2 =  4.0309839723E-01  3.9397084746E-01  8.2601371266E-01
HessDelSqRho_EigVec3 =  8.2817628902E-01 -5.4109712352E-01 -1.4607510815E-01
</CP of DelSqRho>
<CP of DelSqRho>
CP# = 32      
Type = (3,-1)
Coords = -8.45681509686209E-01 -1.50377502548947E+00  1.07338763756588E+00
DistFromNuc =  1.5099729640E+00
Rho =  1.5453851669E-01
DelSqRho =  3.3492580208E-01
GradDelSqRho = -1.7347234760E-16 -2.0816681712E-16  4.4408920985E-16
HessDelSqRho_EigVals = -5.4575520781E-01 -7.7302593903E-02  4.4451732709E+00
HessDelSqRho_EigVec1 = -2.4788481195E-01 -5.2543838206E-01 -8.1392114278E-01
HessDelSqRho_EigVec2 =  8.5614810737E-01 -5.1199701001E-01  6.9781659395E-02
HessDelSqRho_EigVec3 =  4.5339115370E-01  6.7953923242E-01 -5.7676935888E-01
</CP of DelSqRho>
<CP of DelSqRho>
CP# = 33      
Type = (3,-1)
Coords = -1.69006100293519E+00 -4.07171155806813E+00  3.08980406511101E+00
DistFromNuc =  2.0371743732E+00
Rho =  6.5987627132E-02
DelSqRho =  1.8577169655E-01
GradDelSqRho =  4.4495657159E-16  5.2388648974E-16 -4.1980308119E-16
HessDelSqRho_EigVals = -2.3874002790E+00 -1.3890192006E-02  4.1809418505E-01
HessDelSqRho_EigVec1 = -5.7809968835E-01 -6.0717353056E-01  5.4510646127E-01
HessDelSqRho_EigVec2 =  2.5533462203E-01  4.9988869949E-01  8.2759622940E-01
HessDelSqRho_EigVec3 =  7.7498708449E-01 -6.1761767455E-01  1.3395307745E-01
</CP of DelSqRho>
<CP of DelSqRho>
CP# = 34      
Type = (3,-1)
Coords = -1.14683115848695E+00 -1.28687672379194E+00  1.07503616600446E+00
DistFromNuc =  1.5089528693E+00
Rho =  1.5495576573E-01
DelSqRho =  3.3481462219E-01
GradDelSqRho =  1.8481050024E-13 -1.8269413760E-13  8.3780204996E-14
HessDelSqRho_EigVals = -5.4476243457E-01 -6.8710269282E-02  4.4423649281E+00
HessDelSqRho_EigVec1 = -4.2483331169E-01 -3.9795606916E-01 -8.1310984762E-01
HessDelSqRho_EigVec2 =  7.5652050678E-01 -6.4936755484E-01 -7.7449993839E-02
HessDelSqRho_EigVec3 =  4.9718545846E-01  6.4803761136E-01 -5.7693489595E-01
</CP of DelSqRho>
<CP of DelSqRho>
CP# = 35      
Type = (3,+1)
Coords = -3.32634177357049E+00 -1.29315605458943E+00  2.67906713245990E+00
DistFromNuc =  2.0628349613E+00
Rho =  6.4172246402E-02
DelSqRho =  1.6908858795E-01
GradDelSqRho =  1.9775847626E-16 -2.7755575616E-16 -3.1225022568E-17
HessDelSqRho_EigVals = -1.8437049170E+00  9.2473931106E-03  5.0303320898E-01
HessDelSqRho_EigVec1 = -4.9105904366E-01  8.5932982096E-01  1.4287503091E-01
HessDelSqRho_EigVec2 =  4.4699609295E-01  1.0778848710E-01  8.8801809381E-01
HessDelSqRho_EigVec3 =  7.4770014614E-01  4.9993389649E-01 -4.3704758391E-01
</CP of DelSqRho>
<CP of DelSqRho>
CP# = 36      
Type = (3,+1)
Coords = -1.59026165032353E-01 -3.57882990576764E+00  2.66289922532985E+00
DistFromNuc =  2.0625983862E+00
Rho =  6.4176420821E-02
DelSqRho =  1.6912333791E-01
GradDelSqRho =  0.0000000000E+00 -4.5102810375E-17 -4.5102810375E-17
HessDelSqRho_EigVals = -1.8418444641E+00  9.2153519722E-03  5.0366429556E-01
HessDelSqRho_EigVec1 =  9.7094010522E-01 -1.9431432482E-01  1.3970417047E-01
HessDelSqRho_EigVec2 = -3.8813378120E-02  4.4816707353E-01  8.9310682221E-01
HessDelSqRho_EigVec3 =  2.3615425839E-01  8.7257562273E-01 -4.2760139016E-01
</CP of DelSqRho>
<Path of -GradDelSqRho>
Starting CP# =      2
Ending CP# =      0
Number of Points =    400
 -1.0102491182E+00 -1.3949498866E+00  1.0681005149E+00  1.6027671066E-01  3.3453246463E-01
 -1.0188511844E+00 -1.4064660139E+00  1.0476460958E+00  1.5937509284E-01  3.3436443871E-01
 -1.0274543983E+00 -1.4179804168E+00  1.0271911885E+00  1.5832216840E-01  3.3385954772E-01
 -1.0360608367E+00 -1.4294962348E+00  1.0067384344E+00  1.5712275162E-01  3.3301805041E-01
 -1.0446726759E+00 -1.4410167525E+00  9.8629060110E-01  1.5578214083E-01  3.3184220962E-01
 -1.0532921359E+00 -1.4525453197E+00  9.6585051723E-01  1.5430604790E-01  3.3033631054E-01
 -1.0619214263E+00 -1.4640852733E+00  9.4542100965E-01  1.5270052882E-01  3.2850665047E-01
 -1.0705626964E+00 -1.4756398651E+00  9.2500484433E-01  1.5097191656E-01  3.2636149907E-01
 -1.0792179875E+00 -1.4872121934E+00  9.0460467079E-01  1.4912675738E-01  3.2391102887E-01
 -1.0878891902E+00 -1.4988051407E+00  8.8422297018E-01  1.4717175125E-01  3.2116721698E-01
 -1.0965780050E+00 -1.5104213171E+00  8.6386200690E-01  1.4511369680E-01  3.1814371925E-01
 -1.1052859064E+00 -1.5220630083E+00  8.4352378321E-01  1.4295944099E-01  3.1485571924E-01
 -1.1140141103E+00 -1.5337321284E+00  8.2320999636E-01  1.4071583349E-01  3.1131975495E-01
 -1.1227635448E+00 -1.5454301767E+00  8.0292199756E-01  1.3838968572E-01  3.0755352629E-01
 -1.1315348216E+00 -1.5571581968E+00  7.8266075211E-01  1.3598773428E-01  3.0357568728E-01
 -1.1403282108E+00 -1.5689167390E+00  7.6242680017E-01  1.3351660855E-01  2.9940562659E-01
 -1.1491436149E+00 -1.5807058225E+00  7.4222021753E-01  1.3098280232E-01  2.9506324054E-01
 -1.1579805447E+00 -1.5925248990E+00  7.2204057594E-01  1.2839264905E-01  2.9056870242E-01
 -1.1668380935E+00 -1.6043728155E+00  7.0188690252E-01  1.2575230078E-01  2.8594223196E-01
 -1.1757149119E+00 -1.6162477761E+00  6.8175763834E-01  1.2306771037E-01  2.8120386864E-01
 -1.1846091806E+00 -1.6281473023E+00  6.6165059589E-01  1.2034461712E-01  2.7637325217E-01
 -1.1935185828E+00 -1.6400681912E+00  6.4156291587E-01  1.1758853570E-01  2.7146941324E-01
 -1.2024402740E+00 -1.6520064714E+00  6.2149102390E-01  1.1480474832E-01  2.6651057728E-01
 -1.2113708518E+00 -1.6639573573E+00  6.0143058806E-01  1.1199830046E-01  2.6151398363E-01
 -1.2203063232E+00 -1.6759152020E+00  5.8137647882E-01  1.0917400009E-01  2.5649572206E-01
 -1.2292420728E+00 -1.6878734490E+00  5.6132273338E-01  1.0633642073E-01  2.5147058840E-01
 -1.2381728307E+00 -1.6998245857E+00  5.4126252721E-01  1.0348990850E-01  2.4645196069E-01
 -1.2470926430E+00 -1.7117601002E+00  5.2118815642E-01  1.0063859353E-01  2.4145169680E-01
 -1.2559948467E+00 -1.7236704451E+00  5.0109103529E-01  9.7786405860E-02  2.3648005447E-01
 -1.2648720522E+00 -1.7355450119E+00  4.8096171439E-01  9.4937096090E-02  2.3154563451E-01
 -1.2737161362E+00 -1.7473721231E+00  4.6078992540E-01  9.2094260839E-02  2.2665534767E-01
 -1.2825182524E+00 -1.7591390478E+00  4.4056465928E-01  8.9261372833E-02  2.2181440603E-01
 -1.2912688618E+00 -1.7708320501E+00  4.2027428469E-01  8.6441815151E-02  2.1702633928E-01
 -1.2999577934E+00 -1.7824364782E+00  3.9990671255E-01  8.3638918673E-02  2.1229303715E-01
 -1.3085743385E+00 -1.7939369067E+00  3.7944961136E-01  8.0856001219E-02  2.0761481870E-01
 -1.3171073871E+00 -1.8053173372E+00  3.5889067439E-01  7.8096406137E-02  2.0299052970E-01
 -1.3255456110E+00 -1.8165614682E+00  3.3821793557E-01  7.5363537435E-02  1.9841766941E-01
 -1.3338776953E+00 -1.8276530342E+00  3.1742012466E-01  7.2660887878E-02  1.9389254746E-01
 -1.3420926169E+00 -1.8385762117E+00  2.9648704549E-01  6.9992056133E-02  1.8941047127E-01
 -1.3501799625E+00 -1.8493160797E+00  2.7540995398E-01  6.7360749140E-02  1.8496596313E-01
 -1.3581302706E+00 -1.8598591147E+00  2.5418190745E-01  6.4770766582E-02  1.8055300442E-01
 -1.3659353784E+00 -1.8701936883E+00  2.3279805402E-01  6.2225965787E-02  1.7616530225E-01
 -1.3735887470E+00 -1.8803105311E+00  2.1125583318E-01  5.9730207451E-02  1.7179657105E-01
 -1.3810857378E+00 -1.8902031240E+00  1.8955506543E-01  5.7287284992E-02  1.6744081918E-01
 -1.3884238134E+00 -1.8998679788E+00  1.6769792042E-01  5.4900842689E-02  1.6309262831E-01
 -1.3956026457E+00 -1.9093047834E+00  1.4568876662E-01  5.2574289509E-02  1.5874741212E-01
 -1.4026241193E+00 -1.9185163974E+00  1.2353391932E-01  5.0310716237E-02  1.5440164082E-01
 -1.4094922332E+00 -1.9275087015E+00  1.0124131400E-01  4.8112823100E-02  1.5005301953E-01
 -1.4162129129E+00 -1.9362903205E+00  7.8820138190E-02  4.5982863527E-02  1.4570061164E-01
 -1.4227937533E+00 -1.9448722486E+00  5.6280454523E-02  4.3922607480E-02  1.4134490177E-01
 -1.4292437168E+00 -1.9532674145E+00  3.3632843627E-02  4.1933325354E-02  1.3698779785E-01
 -1.4355728132E+00 -1.9614902210E+00  1.0888087682E-02  4.0015791271E-02  1.3263257537E-01
 -1.4417917834E+00 -1.9695560935E+00 -1.1943092936E-02  3.8170302999E-02  1.2828377096E-01
 -1.4479118046E+00 -1.9774810602E+00 -3.4850245426E-02  3.6396714796E-02  1.2394703443E-01
 -1.4539442294E+00 -1.9852813830E+00 -5.7823334446E-02  3.4694479245E-02  1.1962895026E-01
 -1.4599003654E+00 -1.9929732454E+00 -8.0852841983E-02  3.3062694337E-02  1.1533683952E-01
 -1.4657912973E+00 -2.0005725030E+00 -1.0392982524E-01  3.1500152624E-02  1.1107855291E-01
 -1.4716277490E+00 -2.0080944909E+00 -1.2704594124E-01  3.0005389949E-02  1.0686226439E-01
 -1.4774199846E+00 -2.0155538850E+00 -1.5019344647E-01  2.8576731934E-02  1.0269627316E-01
 -1.4831777396E+00 -2.0229646083E+00 -1.7336517883E-01  2.7212337036E-02  9.8588820417E-02
 -1.4889101804E+00 -2.0303397755E+00 -1.9655452783E-01  2.5910235505E-02  9.4547925101E-02
 -1.4946258845E+00 -2.0376916670E+00 -2.1975539789E-01  2.4668363946E-02  9.0581241696E-02
 -1.5003328379E+00 -2.0450317277E+00 -2.4296216815E-01  2.3484595491E-02  8.6695941415E-02
 -1.5060384446E+00 -2.0523705813E+00 -2.6616965138E-01  2.2356765760E-02  8.2898617114E-02
 -1.5117495449E+00 -2.0597180587E+00 -2.8937305382E-01  2.1282694906E-02  7.9195211251E-02
 -1.5174724403E+00 -2.0670832332E+00 -3.1256793699E-01  2.0260206115E-02  7.5590965557E-02
 -1.5232129214E+00 -2.0744744614E+00 -3.3575018224E-01  1.9287140923E-02  7.2090390560E-02
 -1.5289762977E+00 -2.0818994265E+00 -3.5891595849E-01  1.8361371748E-02  6.8697252811E-02
 -1.5347674282E+00 -2.0893651816E+00 -3.8206169314E-01  1.7480811975E-02  6.5414577495E-02
 -1.5405907514E+00 -2.0968781921E+00 -4.0518404639E-01  1.6643423951E-02  6.2244664072E-02
 -1.5464503133E+00 -2.1044443770E+00 -4.2827988873E-01  1.5847225170E-02  5.9189112633E-02
 -1.5523497946E+00 -2.1120691463E+00 -4.5134628158E-01  1.5090292923E-02  5.6248858805E-02
 -1.5582925351E+00 -2.1197574360E+00 -4.7438046088E-01  1.4370767658E-02  5.3424215171E-02
 -1.5642815556E+00 -2.1275137399E+00 -4.9737982343E-01  1.3686855248E-02  5.0714917379E-02
 -1.5703195783E+00 -2.1353421372E+00 -5.2034191587E-01  1.3036828346E-02  4.8120173351E-02
 -1.5764090436E+00 -2.1432463180E+00 -5.4326442599E-01  1.2419026991E-02  4.5638714150E-02
 -1.5825521261E+00 -2.1512296042E+00 -5.6614517640E-01  1.1831858595E-02  4.3268845358E-02
 -1.5887507468E+00 -2.1592949680E+00 -5.8898212010E-01  1.1273797424E-02  4.1008497942E-02
 -1.5950065846E+00 -2.1674450481E+00 -6.1177333799E-01  1.0743383670E-02  3.8855277813E-02
 -1.6013210856E+00 -2.1756821625E+00 -6.3451703801E-01  1.0239222212E-02  3.6806513446E-02
 -1.6076954710E+00 -2.1840083197E+00 -6.5721155573E-01  9.7599811093E-03  3.4859301060E-02
 -1.6141307431E+00 -2.1924252279E+00 -6.7985535623E-01  9.3043899183E-03  3.3010547026E-02
 -1.6206276913E+00 -2.2009343029E+00 -7.0244703699E-01  8.8712378592E-03  3.1257007239E-02
 -1.6271868966E+00 -2.2095366748E+00 -7.2498533167E-01  8.4593718879E-03  2.9595323343E-02
 -1.6338087354E+00 -2.2182331937E+00 -7.4746911445E-01  8.0676947017E-03  2.8022055734E-02
 -1.6404933836E+00 -2.2270244354E+00 -7.6989740485E-01  7.6951627111E-03  2.6533713354E-02
 -1.6472408201E+00 -2.2359107063E+00 -7.9226937267E-01  7.3407839987E-03  2.5126780359E-02
 -1.6540508306E+00 -2.2448920487E+00 -8.1458434295E-01  7.0036162849E-03  2.3797739754E-02
 -1.6609230111E+00 -2.2539682468E+00 -8.3684180064E-01  6.6827649147E-03  2.2543094146E-02
 -1.6678567729E+00 -2.2631388322E+00 -8.5904139487E-01  6.3773808778E-03  2.1359383786E-02
 -1.6748513468E+00 -2.2724030911E+00 -8.8118294259E-01  6.0866588697E-03  2.0243202085E-02
 -1.6819057892E+00 -2.2817600720E+00 -9.0326643132E-01  5.8098353998E-03  1.9191208782E-02
 -1.6890189876E+00 -2.2912085936E+00 -9.2529202102E-01  5.5461869524E-03  1.8200140988E-02
 -1.6961896683E+00 -2.3007472553E+00 -9.4726004472E-01  5.2950282003E-03  1.7266822276E-02
 -1.7034164042E+00 -2.3103744470E+00 -9.6917100792E-01  5.0557102757E-03  1.6388170031E-02
 -1.7106976230E+00 -2.3200883615E+00 -9.9102558655E-01  4.8276190958E-03  1.5561201229E-02
 -1.7180316178E+00 -2.3298870069E+00 -1.0128246234E+00  4.6101737444E-03  1.4783036832E-02
 -1.7254165575E+00 -2.3397682213E+00 -1.0345691231E+00  4.4028249084E-03  1.4050904956E-02
 -1.7328504984E+00 -2.3497296878E+00 -1.0562602450E+00  4.2050533669E-03  1.3362142964E-02
 -1.7403313976E+00 -2.3597689508E+00 -1.0778992944E+00  4.0163685330E-03  1.2714198637E-02
 -1.7478571266E+00 -2.3698834346E+00 -1.0994877127E+00  3.8363070445E-03  1.2104630523E-02
 -1.7554254863E+00 -2.3800704617E+00 -1.1210270639E+00  3.6644314047E-03  1.1531107608E-02
 -1.7630342234E+00 -2.3903272734E+00 -1.1425190214E+00  3.5003286686E-03  1.0991408387E-02
 -1.7706810476E+00 -2.4006510514E+00 -1.1639653510E+00  3.3436091755E-03  1.0483419442E-02
 -1.7783636498E+00 -2.4110389405E+00 -1.1853678930E+00  3.1939053256E-03  1.0005133593E-02
 -1.7860797218E+00 -2.4214880727E+00 -1.2067285425E+00  3.0508703986E-03  9.5546476996E-03
 -1.7938269764E+00 -2.4319955921E+00 -1.2280492275E+00  2.9141774157E-03  9.1301601775E-03
 -1.8016031689E+00 -2.4425586812E+00 -1.2493318861E+00  2.7835180408E-03  8.7299682688E-03
 -1.8094061188E+00 -2.4531745877E+00 -1.2705784416E+00  2.6586015232E-03  8.3524651259E-03
 -1.8172337323E+00 -2.4638406521E+00 -1.2917907777E+00  2.5391536796E-03  7.9961367403E-03
 -1.8250840247E+00 -2.4745543354E+00 -1.3129707116E+00  2.4249159153E-03  7.6595587527E-03
 -1.8329551432E+00 -2.4853132466E+00 -1.3341199682E+00  2.3156442850E-03  7.3413931743E-03
 -1.8408453885E+00 -2.4961151705E+00 -1.3552401535E+00  2.2111085923E-03  7.0403850434E-03
 -1.8487532362E+00 -2.5069580931E+00 -1.3763327294E+00  2.1110915289E-03  6.7553590401E-03
 -1.8566773559E+00 -2.5178402270E+00 -1.3973989889E+00  2.0153878530E-03  6.4852160794E-03
 -1.8646166295E+00 -2.5287600331E+00 -1.4184400342E+00  1.9238036074E-03  6.2289298972E-03
 -1.8725701662E+00 -2.5397162408E+00 -1.4394567560E+00  1.8361553780E-03  5.9855436475E-03
 -1.8805373150E+00 -2.5507078642E+00 -1.4604498166E+00  1.7522695920E-03  5.7541665210E-03
 -1.8885176739E+00 -2.5617342147E+00 -1.4814196356E+00  1.6719818573E-03  5.5339704000E-03
 -1.8965110960E+00 -2.5727949086E+00 -1.5023663799E+00  1.5951363419E-03  5.3241865588E-03
 -1.9045176905E+00 -2.5838898713E+00 -1.5232899573E+00  1.5215851936E-03  5.1241024205E-03
 -1.9125378208E+00 -2.5950193349E+00 -1.5441900144E+00  1.4511880004E-03  4.9330583793E-03
 -1.9205720978E+00 -2.6061838322E+00 -1.5650659388E+00  1.3838112889E-03  4.7504446971E-03
 -1.9286213696E+00 -2.6173841843E+00 -1.5859168657E+00  1.3193280622E-03  4.5756984815E-03
 -1.9366867069E+00 -2.6286214847E+00 -1.6067416878E+00  1.2576173736E-03  4.4083007534E-03
 -1.9447693853E+00 -2.6398970777E+00 -1.6275390697E+00  1.1985639358E-03  4.2477736100E-03
 -1.9528708646E+00 -2.6512125336E+00 -1.6483074651E+00  1.1420577632E-03  4.0936774889E-03
 -1.9609927646E+00 -2.6625696204E+00 -1.6690451373E+00  1.0879938456E-03  3.9456085383E-03
 -1.9691368403E+00 -2.6739702724E+00 -1.6897501816E+00  1.0362718496E-03  3.8031960983E-03
 -1.9773049545E+00 -2.6854165573E+00 -1.7104205501E+00  9.8679584745E-04  3.6661002941E-03
 -1.9854990506E+00 -2.6969106421E+00 -1.7310540768E+00  9.3947406797E-04  3.5340097464E-03
 -1.9937211242E+00 -2.7084547585E+00 -1.7516485047E+00  8.9421867008E-04  3.4066393979E-03
 -2.0019731960E+00 -2.7200511683E+00 -1.7722015123E+00  8.5094553429E-04  3.2837284579E-03
 -2.0102572857E+00 -2.7317021312E+00 -1.7927107396E+00  8.0957407103E-04  3.1650384627E-03
 -2.0185753863E+00 -2.7434098725E+00 -1.8131738144E+00  7.7002704341E-04  3.0503514526E-03
 -2.0269294415E+00 -2.7551765544E+00 -1.8335883764E+00  7.3223040272E-04  2.9394682614E-03
 -2.0353213244E+00 -2.7670042492E+00 -1.8539521007E+00  6.9611313495E-04  2.8322069168E-03
 -2.0437528190E+00 -2.7788949157E+00 -1.8742627193E+00  6.6160711696E-04  2.7284011474E-03
 -2.0522256039E+00 -2.7908503791E+00 -1.8945180407E+00  6.2864698123E-04  2.6278989920E-03
 -2.0607412385E+00 -2.8028723133E+00 -1.9147159675E+00  5.9716998808E-04  2.5305615086E-03
 -2.0693011529E+00 -2.8149622273E+00 -1.9348545121E+00  5.6711590472E-04  2.4362615755E-03
 -2.0779066384E+00 -2.8271214551E+00 -1.9549318102E+00  5.3842689042E-04  2.3448827826E-03
 -2.0865588424E+00 -2.8393511474E+00 -1.9749461312E+00  5.1104738745E-04  2.2563184056E-03
 -2.0952587645E+00 -2.8516522681E+00 -1.9948958883E+00  4.8492401722E-04  2.1704704593E-03
 -2.1040072547E+00 -2.8640255922E+00 -2.0147796446E+00  4.6000548160E-04  2.0872488252E-03
 -2.1128050144E+00 -2.8764717067E+00 -2.0345961183E+00  4.3624246901E-04  2.0065704476E-03
 -2.1216525983E+00 -2.8889910137E+00 -2.0543441855E+00  4.1358756522E-04  1.9283585951E-03
 -2.1305504180E+00 -2.9015837356E+00 -2.0740228820E+00  3.9199516867E-04  1.8525421816E-03
 -2.1394987468E+00 -2.9142499218E+00 -2.0936314022E+00  3.7142141022E-04  1.7790551444E-03
 -2.1484977265E+00 -2.9269894567E+00 -2.1131690975E+00  3.5182407724E-04  1.7078358739E-03
 -2.1575473732E+00 -2.9398020689E+00 -2.1326354732E+00  3.3316254180E-04  1.6388266923E-03
 -2.1666475857E+00 -2.9526873412E+00 -2.1520301841E+00  3.1539769306E-04  1.5719733782E-03
 -2.1757981532E+00 -2.9656447215E+00 -2.1713530293E+00  2.9849187344E-04  1.5072247331E-03
 -2.1849987634E+00 -2.9786735333E+00 -2.1906039455E+00  2.8240881869E-04  1.4445321878E-03
 -2.1942490114E+00 -2.9917729875E+00 -2.2097830010E+00  2.6711360149E-04  1.3838494460E-03
 -2.2035484080E+00 -3.0049421932E+00 -2.2288903877E+00  2.5257257852E-04  1.3251321622E-03
 -2.2128963879E+00 -3.0181801686E+00 -2.2479264134E+00  2.3875334080E-04  1.2683376520E-03
 -2.2222923185E+00 -3.0314858525E+00 -2.2668914941E+00  2.2562466708E-04  1.2134246331E-03
 -2.2317355076E+00 -3.0448581138E+00 -2.2857861455E+00  2.1315648010E-04  1.1603529942E-03
 -2.2412252107E+00 -3.0582957624E+00 -2.3046109750E+00  2.0131980549E-04  1.1090835908E-03
 -2.2507606392E+00 -3.0717975581E+00 -2.3233666734E+00  1.9008673320E-04  1.0595780656E-03
 -2.2603409665E+00 -3.0853622194E+00 -2.3420540066E+00  1.7943038115E-04  1.0117986921E-03
 -2.2699653346E+00 -3.0989884325E+00 -2.3606738083E+00  1.6932486095E-04  9.6570824009E-04
 -2.2796328606E+00 -3.1126748583E+00 -2.3792269719E+00  1.5974524558E-04  9.2126986059E-04
 -2.2893426417E+00 -3.1264201400E+00 -2.3977144433E+00  1.5066753870E-04  8.7844699005E-04
 -2.2990937608E+00 -3.1402229093E+00 -2.4161372142E+00  1.4206864557E-04  8.3720327144E-04
 -2.3088852908E+00 -3.1540817925E+00 -2.4344963149E+00  1.3392634531E-04  7.9750249119E-04
 -2.3187162990E+00 -3.1679954156E+00 -2.4527928085E+00  1.2621926445E-04  7.5930853077E-04
 -2.3285858508E+00 -3.1819624095E+00 -2.4710277850E+00  1.1892685155E-04  7.2258533136E-04
 -2.3384930134E+00 -3.1959814137E+00 -2.4892023557E+00  1.1202935280E-04  6.8729687065E-04
 -2.3484368588E+00 -3.2100510804E+00 -2.5073176480E+00  1.0550778851E-04  6.5340715030E-04
