 AIMInt (Version 19.02.13, Professional)
 Portions Copyright (c) 1997-2019 by Todd A. Keith
 AIMInt is a component of the AIMAll package ( http://aim.tkgristmill.com )

 TP:  64-bit Linux

 Licensed To:  Research Group of Fernando Cortes Guzman, UNAM, fercor@unam.mx

 AIMInt is a heavily modified and extended version of the PROAIMV program
 developed by members of R.F.W. Bader's research group

 Much of the Quantum Theory of Atoms in Molecules (QTAIM) is described in the book:
   "Atoms in Molecules - A Quantum Theory"
   R.F.W. Bader, Oxford University Press, Oxford, 1990

 For additional references see:  http://aim.tkgristmill.com/references.html

 Current Directory:  /home/scratch/M_H2O_4_tetraedrico/Opt

 Inp File:  V4_tetraedrico_cc-pvtz-def2-tzv_1_atomicfiles/v1.inp
 Wfx File:  V4_tetraedrico_cc-pvtz-def2-tzv_1.wfx
 Out File:  V4_tetraedrico_cc-pvtz-def2-tzv_1_atomicfiles/v1.int

 Wfx Title:   V4_tetraedrico_cc-pvtz-def2-tzv_1                                             
 Job Title:   V4_tetraedrico_cc-pvtz-def2-tzv_1                                             
 
<Atom>
V1      
</Atom>
<Nuclei of Molecule>
    13
V1        23.0           6.8034023604E-06   9.4307859475E-06  -1.3420355065E-05
O2         8.0           2.3368400624E+00  -1.6648761612E+00  -2.0302410125E+00
H3         1.0           2.1387124316E+00  -3.4125246577E+00  -2.8289544550E+00
O4         8.0           1.6677054724E+00   2.3253677878E+00   2.0410518456E+00
H5         1.0           9.2019514847E-01   3.9275924296E+00   2.8193489705E+00
O6         8.0          -2.3281964912E+00   1.6791708879E+00  -2.0283980571E+00
H7         1.0          -3.9331127358E+00   9.3712500573E-01  -2.8063922211E+00
O8         8.0          -1.6763212253E+00  -2.3396237331E+00   2.0175343173E+00
H9         1.0          -9.3200162490E-01  -3.9470557948E+00   2.7879721657E+00
H10        1.0           3.9429977858E+00  -9.1628478782E-01  -2.7992210127E+00
H11        1.0          -3.4281084629E+00  -2.1425573710E+00   2.8075077198E+00
H12        1.0          -2.1249258151E+00   3.4308288752E+00  -2.8169913359E+00
H13        1.0           3.4158642481E+00   2.1223491415E+00   2.8374620900E+00
</Nuclei of Molecule>
<Total Number of CPs of DelSqRho>
    61
</Total Number of CPs of DelSqRho>
<Number of (3,+3) CPs of DelSqRho>
     8
</Number of (3,+3) CPs of DelSqRho>
<Number of (3,+1) CPs of DelSqRho>
    22
</Number of (3,+1) CPs of DelSqRho>
<Number of (3,-1) CPs of DelSqRho>
    23
</Number of (3,-1) CPs of DelSqRho>
<Number of (3,-3) CPs of DelSqRho>
     8
</Number of (3,-3) CPs of DelSqRho>
<Number of Degenerate CPs of DelSqRho>
     0
</Number of Degenerate CPs of DelSqRho>
<CP of DelSqRho>
CP# = 1       
Type = (3,+3)
Coords =  6.80340237368373E-06  9.43078595795456E-06 -1.34203550682204E-05
DistFromNuc =  1.7127920856E-14
Rho =  8.1180561717E+03
DelSqRho = -3.9067481694E+09
GradDelSqRho =  1.0210089386E-05 -2.0501553081E-05  2.5462912163E-05
HessDelSqRho_EigVals =  3.0762606873E+16  3.0762606879E+16  3.0762606879E+16
HessDelSqRho_EigVec1 = -2.1679572981E-03 -3.3824039722E-03  9.9999192962E-01
HessDelSqRho_EigVec2 =  4.8506750973E-02  9.9881677985E-01  3.4835905223E-03
HessDelSqRho_EigVec3 =  9.9882050193E-01 -4.8513911781E-02  2.0013227002E-03
</CP of DelSqRho>
<CP of DelSqRho>
CP# = 2       
Type = (3,-1)
Coords =  1.26092571663941E-01 -9.09108115025489E-02  9.23878618052383E-02
DistFromNuc =  1.8083724274E-01
Rho =  6.8549767987E+01
DelSqRho = -3.4646360017E+03
GradDelSqRho =  3.6379788071E-12 -2.1827872843E-11  2.5465851650E-11
HessDelSqRho_EigVals = -2.2344625442E+04 -1.3518941196E+04  5.1670671377E+06
HessDelSqRho_EigVec1 =  5.8397485708E-01  8.1176951734E-01  1.9018422378E-03
HessDelSqRho_EigVec2 =  4.1571629302E-01 -2.9704614344E-01 -8.5961825968E-01
HessDelSqRho_EigVec3 =  6.9724696486E-01 -5.0278607715E-01  5.1093329371E-01
</CP of DelSqRho>
<CP of DelSqRho>
CP# = 3       
Type = (3,+1)
Coords = -3.20835829232931E-01 -5.25541097735795E-02 -8.48586855593171E-04
DistFromNuc =  3.2512092860E-01
Rho =  1.5792651744E+01
DelSqRho =  9.2541331358E+02
GradDelSqRho = -3.9221959014E-12 -3.0873081869E-12  1.8429702209E-14
HessDelSqRho_EigVals = -2.2663331094E+05  2.4508305598E+03  5.0031956821E+03
HessDelSqRho_EigVec1 =  9.8684103802E-01  1.6167328166E-01  2.5525823999E-03
HessDelSqRho_EigVec2 =  1.2139518859E-02 -8.9822206732E-02  9.9588383020E-01
HessDelSqRho_EigVec3 = -1.6123708557E-01  9.8274804562E-01  9.0602875581E-02
</CP of DelSqRho>
<CP of DelSqRho>
CP# = 4       
Type = (3,+1)
Coords = -5.25635612293341E-02  3.20850401306429E-01  9.52339453984191E-04
DistFromNuc =  3.2512075340E-01
Rho =  1.5792508997E+01
DelSqRho =  9.2543351607E+02
GradDelSqRho = -4.7748471843E-12  4.5474735089E-12  6.3948846218E-14
HessDelSqRho_EigVals = -2.2663515911E+05  2.4487357648E+03  5.0026044760E+03
HessDelSqRho_EigVec1 = -1.6169347758E-01  9.8683660700E-01  2.9547238002E-03
HessDelSqRho_EigVec2 =  8.4633807259E-02  1.0884058793E-02  9.9635267648E-01
HessDelSqRho_EigVec3 =  9.8320513525E-01  1.6135379868E-01 -8.5279620509E-02
</CP of DelSqRho>
<CP of DelSqRho>
CP# = 5       
Type = (3,-3)
Coords =  1.75147959625798E-01  2.43882980614603E-01 -1.20836062592656E-01
DistFromNuc =  3.2364617067E-01
Rho =  1.5710354347E+01
DelSqRho =  9.9457611437E+02
GradDelSqRho = -1.5916157281E-12 -5.4569682106E-12  4.5474735089E-12
HessDelSqRho_EigVals = -2.3461580512E+05 -4.5126700509E+03 -6.5795220332E+02
HessDelSqRho_EigVec1 =  5.4045090879E-01  7.5256605861E-01 -3.7624080404E-01
HessDelSqRho_EigVec2 =  8.1216307580E-01 -5.8343038004E-01 -3.6048504217E-04
HessDelSqRho_EigVec3 = -2.1978160410E-01 -3.0537406418E-01 -9.2652184401E-01
</CP of DelSqRho>
<CP of DelSqRho>
CP# = 6       
Type = (3,-3)
Coords = -1.74652615383343E-01 -2.43071508065961E-01 -1.23110897793111E-01
DistFromNuc =  3.2364678950E-01
Rho =  1.5710281181E+01
DelSqRho =  9.9457096833E+02
GradDelSqRho =  5.6843418861E-12  4.5474735089E-12  2.7284841053E-12
HessDelSqRho_EigVals = -2.3461391923E+05 -4.5119952432E+03 -6.5808013747E+02
HessDelSqRho_EigVec1 =  5.3894928723E-01  7.5009503489E-01  3.8326375309E-01
HessDelSqRho_EigVec2 = -8.1216161213E-01  5.8343248762E-01  2.1945674690E-04
HessDelSqRho_EigVec3 = -2.2344391146E-01 -3.1139038364E-01  9.2363891614E-01
</CP of DelSqRho>
<CP of DelSqRho>
CP# = 7       
Type = (3,-1)
Coords =  7.01408516944548E-03 -1.83579916320973E-01  2.67697876044851E-01
DistFromNuc =  3.2468983444E-01
Rho =  1.5584348077E+01
DelSqRho =  9.6978456125E+02
GradDelSqRho =  2.1316282073E-13 -6.8212102633E-13  3.4106051316E-12
HessDelSqRho_EigVals = -2.3055743251E+05 -1.5157275356E+03  1.5502679339E+03
HessDelSqRho_EigVec1 =  2.6851566799E-02 -5.6451122323E-01  8.2498852853E-01
HessDelSqRho_EigVec2 = -1.5934658608E-01  8.1231639726E-01  5.6102650227E-01
HessDelSqRho_EigVec3 =  9.8685746634E-01  1.4652354617E-01  6.8140968220E-02
</CP of DelSqRho>
<CP of DelSqRho>
CP# = 8       
Type = (3,+1)
Coords = -3.92779734139732E-04 -6.35633686219242E-04  1.80676756205466E-01
DistFromNuc =  1.8069176982E-01
Rho =  6.8798149210E+01
DelSqRho = -3.5634000154E+03
GradDelSqRho =  4.2632564146E-13  1.7053025658E-13  0.0000000000E+00
HessDelSqRho_EigVals = -4.5120957041E+03  1.4205218456E+04  5.2062042735E+06
HessDelSqRho_EigVec1 =  5.8228478905E-01  8.1297408579E-01  4.1904973718E-03
HessDelSqRho_EigVec2 =  8.1298187728E-01 -5.8228892167E-01 -2.8090973620E-04
HessDelSqRho_EigVec3 = -2.2117078599E-03 -3.5703678865E-03  9.9999118037E-01
</CP of DelSqRho>
<CP of DelSqRho>
CP# = 9       
Type = (3,+1)
Coords =  3.65621661643265E-04  6.03339138573797E-04 -1.80703868242990E-01
DistFromNuc =  1.8069178021E-01
Rho =  6.8798133629E+01
DelSqRho = -3.5633953928E+03
GradDelSqRho = -1.1368683772E-13  1.1368683772E-13  7.2759576142E-11
HessDelSqRho_EigVals = -4.5120939397E+03  1.4203656027E+04  5.2062013967E+06
HessDelSqRho_EigVec1 =  8.1283721329E-01 -5.8249083634E-01 -3.0044703711E-04
HessDelSqRho_EigVec2 =  5.8248752879E-01  8.1283062307E-01  3.8284471149E-03
HessDelSqRho_EigVec3 = -1.9858228094E-03 -3.2869109363E-03  9.9999262633E-01
</CP of DelSqRho>
<CP of DelSqRho>
CP# = 10      
Type = (3,-1)
Coords =  9.08091227071775E-02  1.26592219359313E-01 -9.18494566564818E-02
DistFromNuc =  1.8083727801E-01
Rho =  6.8549699651E+01
DelSqRho = -3.4646207667E+03
GradDelSqRho =  0.0000000000E+00 -7.2759576142E-12 -1.4551915228E-11
HessDelSqRho_EigVals = -2.2349719615E+04 -1.3518126918E+04  5.1670584497E+06
HessDelSqRho_EigVec1 =  8.1192672926E-01 -5.8375648091E-01 -1.8322982108E-03
HessDelSqRho_EigVec2 =  2.9771845063E-01  4.1138232838E-01  8.6146869012E-01
HessDelSqRho_EigVec3 =  5.0213415585E-01  6.9999496491E-01 -5.0780738340E-01
</CP of DelSqRho>
<CP of DelSqRho>
CP# = 11      
Type = (3,-1)
Coords = -9.04194794311093E-02 -1.25953339026348E-01 -9.30647931590635E-02
DistFromNuc =  1.8083719193E-01
Rho =  6.8549857812E+01
DelSqRho = -3.4646584404E+03
GradDelSqRho =  7.2759576142E-12  7.2759576142E-12  0.0000000000E+00
HessDelSqRho_EigVals = -2.2338253775E+04 -1.3517534312E+04  5.1670794980E+06
HessDelSqRho_EigVec1 =  8.1190590685E-01 -5.8378695346E-01  1.2615046849E-03
HessDelSqRho_EigVec2 = -3.0125359080E-01 -4.1711768788E-01  8.5747251180E-01
HessDelSqRho_EigVec3 =  5.0005506942E-01  6.9656703010E-01  5.1452823064E-01
</CP of DelSqRho>
<CP of DelSqRho>
CP# = 12      
Type = (3,-1)
Coords = -1.26455407691518E-01  9.03114044938257E-02  9.24796391798298E-02
DistFromNuc =  1.8083722889E-01
Rho =  6.8549789664E+01
DelSqRho = -3.4646406830E+03
GradDelSqRho =  4.7293724492E-11 -5.0931703299E-11 -4.7293724492E-11
HessDelSqRho_EigVals = -2.2343307984E+04 -1.3518999300E+04  5.1670705122E+06
HessDelSqRho_EigVec1 = -5.8393095730E-01 -8.1178239904E-01 -5.8286969302E-03
HessDelSqRho_EigVec2 =  4.1226803239E-01 -3.0272232906E-01  8.5929870299E-01
HessDelSqRho_EigVec3 =  6.9932803932E-01 -4.9936812883E-01 -5.1144087179E-01
</CP of DelSqRho>
<CP of DelSqRho>
CP# = 13      
Type = (3,-3)
Coords =  2.43224358037103E-01 -1.75284803761167E-01  1.21904937991064E-01
DistFromNuc =  3.2364630950E-01
Rho =  1.5710347924E+01
DelSqRho =  9.9457302438E+02
GradDelSqRho = -3.8653524825E-12  1.3642420527E-12 -3.8653524825E-12
HessDelSqRho_EigVals = -2.3461533044E+05 -4.5118611212E+03 -6.5822055479E+02
HessDelSqRho_EigVec1 =  7.5052193300E-01 -5.4092877954E-01  3.7962202721E-01
HessDelSqRho_EigVec2 =  5.8354167836E-01  8.1207581075E-01  3.4622563410E-03
HessDelSqRho_EigVec3 = -3.1015469962E-01  2.1892677558E-01  9.2513519511E-01
</CP of DelSqRho>
<CP of DelSqRho>
CP# = 14      
Type = (3,+3)
Coords =  1.07493148819634E-01 -7.58247672555600E-02 -1.23771712766389E-01
DistFromNuc =  1.8061078313E-01
Rho =  6.8909330297E+01
DelSqRho = -3.5858867702E+03
GradDelSqRho =  1.2732925825E-11 -2.9103830457E-11  1.6370904632E-11
HessDelSqRho_EigVals =  3.6159393819E+03  6.8090298298E+03  5.2307104726E+06
HessDelSqRho_EigVec1 =  5.9687468634E-01  8.0187915272E-01  2.7026528497E-02
HessDelSqRho_EigVec2 = -5.3799870411E-01  4.2499207819E-01 -7.2796918057E-01
HessDelSqRho_EigVec3 =  5.9522937023E-01 -4.1996613901E-01 -6.8507695838E-01
</CP of DelSqRho>
<CP of DelSqRho>
CP# = 15      
Type = (3,-1)
Coords = -5.06668079363372E-02  1.76510718032232E-01 -2.67784727079160E-01
DistFromNuc =  3.2468752977E-01
Rho =  1.5584735709E+01
DelSqRho =  9.6980138083E+02
GradDelSqRho =  2.8421709430E-13 -2.7284841053E-12  6.5938365879E-12
HessDelSqRho_EigVals = -2.3056452905E+05 -1.5172550083E+03  1.5492262849E+03
HessDelSqRho_EigVec1 =  1.5077583110E-01 -5.4443117766E-01  8.2514322487E-01
HessDelSqRho_EigVec2 = -1.1077210872E-01  8.2012422186E-01  5.6136066895E-01
HessDelSqRho_EigVec3 =  9.8234219531E-01  1.7604247642E-01 -6.3347121553E-02
</CP of DelSqRho>
<CP of DelSqRho>
CP# = 16      
Type = (3,-1)
Coords =  5.17198437540466E-02 -1.74776345095112E-01 -2.68709208922784E-01
DistFromNuc =  3.2468713061E-01
Rho =  1.5584845628E+01
DelSqRho =  9.6980069721E+02
GradDelSqRho =  1.2505552149E-12  4.5474735089E-13  2.0463630790E-12
HessDelSqRho_EigVals = -2.3056570394E+05 -1.5172321431E+03  1.5492684937E+03
HessDelSqRho_EigVec1 = -1.5397825893E-01  5.3914630037E-01  8.2801688544E-01
HessDelSqRho_EigVec2 = -1.0857947951E-01  8.2370277982E-01 -5.5652872985E-01
HessDelSqRho_EigVec3 =  9.8209021602E-01  1.7559896732E-01  6.8292095236E-02
</CP of DelSqRho>
<CP of DelSqRho>
CP# = 17      
Type = (3,+1)
Coords = -6.07416622745617E-04 -1.00208985350873E-03  3.24664934903044E-01
DistFromNuc =  3.2468051191E-01
Rho =  1.5605435397E+01
DelSqRho =  9.6077452048E+02
GradDelSqRho = -6.4948046941E-15 -1.1546319456E-14  4.4337866711E-12
HessDelSqRho_EigVals = -2.3021082522E+05  9.0293030525E+02  1.3671665471E+03
HessDelSqRho_EigVec1 = -1.8938167890E-03 -3.1180190879E-03  9.9999334569E-01
HessDelSqRho_EigVec2 =  5.8108750681E-01  8.1383295218E-01  3.6380441642E-03
HessDelSqRho_EigVec3 =  8.1383888017E-01 -5.8109052986E-01 -2.7059142965E-04
</CP of DelSqRho>
<CP of DelSqRho>
CP# = 18      
Type = (3,+1)
Coords =  3.20850661326501E-01  5.25678179025217E-02  7.41739005492138E-04
DistFromNuc =  3.2512110896E-01
Rho =  1.5792620410E+01
DelSqRho =  9.2541206631E+02
GradDelSqRho =  2.0463630790E-12  7.6383344094E-13 -3.9968028887E-15
HessDelSqRho_EigVals = -2.2663270414E+05  2.4507625613E+03  5.0034236092E+03
HessDelSqRho_EigVec1 =  9.8684349857E-01  1.6166149333E-01  2.3389966267E-03
HessDelSqRho_EigVec2 = -1.6025906185E-02  8.3412053946E-02  9.9638627027E-01
HessDelSqRho_EigVec3 = -1.6088219187E-01  9.8331479742E-01 -8.4905415064E-02
</CP of DelSqRho>
<CP of DelSqRho>
CP# = 19      
Type = (3,+1)
Coords =  5.25702447455005E-02 -3.20832797018525E-01 -9.01320964994803E-04
DistFromNuc =  3.2512065280E-01
Rho =  1.5792526737E+01
DelSqRho =  9.2543423119E+02
GradDelSqRho =  1.8189894035E-12 -6.3664629124E-12 -4.9737991503E-14
HessDelSqRho_EigVals = -2.2663549901E+05  2.4488213532E+03  5.0024185352E+03
HessDelSqRho_EigVec1 = -1.6167763936E-01  9.8683980223E-01  2.7469379392E-03
HessDelSqRho_EigVec2 = -8.8518882189E-02 -1.7274604448E-02  9.9592469371E-01
HessDelSqRho_EigVec3 =  9.8286558004E-01  1.6077559759E-01  9.0146873461E-02
</CP of DelSqRho>
<CP of DelSqRho>
CP# = 20      
Type = (3,+1)
Coords =  6.40631602706085E-04  1.04542649478343E-03 -3.24691606439195E-01
DistFromNuc =  3.2468045760E-01
Rho =  1.5605444379E+01
DelSqRho =  9.6077474344E+02
GradDelSqRho = -2.8865798640E-14  1.0658141036E-14  6.5369931690E-12
HessDelSqRho_EigVals = -2.3021097178E+05  9.0317003915E+02  1.3668944879E+03
HessDelSqRho_EigVec1 = -1.9507513272E-03 -3.1890913960E-03  9.9999301211E-01
HessDelSqRho_EigVec2 =  8.1229004971E-01 -5.8325363201E-01 -2.7547517189E-04
HessDelSqRho_EigVec3 =  5.8325043481E-01  8.1228383614E-01  3.7282500053E-03
</CP of DelSqRho>
<CP of DelSqRho>
CP# = 21      
Type = (3,-1)
Coords = -8.04181447872314E-03  1.81882627294287E-01  2.68838127433386E-01
DistFromNuc =  3.2469030569E-01
Rho =  1.5584316256E+01
DelSqRho =  9.6977861401E+02
GradDelSqRho = -5.6843418861E-14  1.5916157281E-12  6.8212102633E-13
HessDelSqRho_EigVals = -2.3055586386E+05 -1.5154360037E+03  1.5506048762E+03
HessDelSqRho_EigVec1 = -3.0060297409E-02  5.5922210167E-01  8.2847270294E-01
HessDelSqRho_EigVec2 = -1.5725558363E-01  8.1587939743E-01 -5.5642743487E-01
HessDelSqRho_EigVec3 =  9.8710032921E-01  1.4700833260E-01 -6.3415220643E-02
</CP of DelSqRho>
<CP of DelSqRho>
CP# = 22      
Type = (3,-1)
Coords =  1.83276895846829E-01  8.39635843611714E-03 -2.67904103497467E-01
DistFromNuc =  3.2469013760E-01
Rho =  1.5584269772E+01
DelSqRho =  9.6979369250E+02
GradDelSqRho = -7.9580786405E-13  5.6843418861E-14 -1.9326762413E-12
HessDelSqRho_EigVals = -2.3055695921E+05 -1.5171777092E+03  1.5492934902E+03
HessDelSqRho_EigVec1 = -5.6352624544E-01 -3.1102548334E-02  8.2551244823E-01
HessDelSqRho_EigVec2 =  8.1297572181E-01  1.5652570246E-01  5.6086556340E-01
HessDelSqRho_EigVec3 = -1.4665826414E-01  9.8718404361E-01 -6.2920724739E-02
</CP of DelSqRho>
<CP of DelSqRho>
CP# = 23      
Type = (3,-1)
Coords = -1.82218110562773E-01 -6.66243004942510E-03 -2.68663730808524E-01
DistFromNuc =  3.2468973237E-01
Rho =  1.5584371931E+01
DelSqRho =  9.6979391842E+02
GradDelSqRho = -8.8959950517E-12 -7.1054273576E-14 -5.6843418861E-14
HessDelSqRho_EigVals = -2.3055817834E+05 -1.5171809827E+03  1.5492097930E+03
HessDelSqRho_EigVec1 =  5.6030675919E-01  2.5818922227E-02  8.2788267216E-01
HessDelSqRho_EigVec2 =  8.1515171992E-01  1.6009757260E-01 -5.5668342957E-01
HessDelSqRho_EigVec3 = -1.4691497238E-01  9.8676347242E-01  6.8657413196E-02
</CP of DelSqRho>
<CP of DelSqRho>
CP# = 24      
Type = (3,-3)
Coords = -2.43689983777196E-01  1.74514085243405E-01  1.22080683311955E-01
DistFromNuc =  3.2364636358E-01
Rho =  1.5710338649E+01
DelSqRho =  9.9457311870E+02
GradDelSqRho = -6.1390892370E-12  4.5474735089E-13  2.3874235922E-12
HessDelSqRho_EigVals = -2.3461521584E+05 -4.5118104200E+03 -6.5830692254E+02
HessDelSqRho_EigVec1 =  7.5201626658E-01 -5.3846684284E-01 -3.8016443017E-01
HessDelSqRho_EigVec2 =  5.8353013970E-01  8.1208130956E-01  4.0648153531E-03
HessDelSqRho_EigVec3 =  3.0653566001E-01 -2.2489421031E-01  9.2490998660E-01
</CP of DelSqRho>
<CP of DelSqRho>
CP# = 25      
Type = (3,-1)
Coords =  1.75140961434512E-01  5.03825930248159E-02  2.68710701888756E-01
DistFromNuc =  3.2468766940E-01
Rho =  1.5584721019E+01
DelSqRho =  9.6980934426E+02
GradDelSqRho =  9.6633812063E-13  5.0590642786E-12 -2.8421709430E-13
HessDelSqRho_EigVals = -2.3056453631E+05 -1.5186179367E+03  1.5482364225E+03
HessDelSqRho_EigVec1 =  5.4021863852E-01  1.4984972731E-01  8.2807540830E-01
HessDelSqRho_EigVec2 =  8.2299577452E-01  1.1127698528E-01 -5.5704163908E-01
HessDelSqRho_EigVec3 = -1.7561827273E-01  9.8242683787E-01 -6.3211790904E-02
</CP of DelSqRho>
<CP of DelSqRho>
CP# = 26      
Type = (3,-1)
Coords =  5.48940750860153E-01 -3.92671909504455E-01 -3.30503009095288E-01
DistFromNuc =  7.5149882365E-01
Rho =  1.4395037574E+00
DelSqRho = -5.7835151049E+00
GradDelSqRho =  2.6201263381E-14 -4.6185277824E-14 -5.5955240441E-14
HessDelSqRho_EigVals = -1.4848687773E+02 -4.4048791346E+01  1.2583350517E+03
HessDelSqRho_EigVec1 = -5.8354277209E-01 -8.1207075419E-01 -4.3500951886E-03
HessDelSqRho_EigVec2 =  3.5187076119E-01 -2.5766994330E-01  8.9988508585E-01
HessDelSqRho_EigVec3 =  7.3189124913E-01 -5.2359076626E-01 -4.3610538742E-01
</CP of DelSqRho>
<CP of DelSqRho>
CP# = 27      
Type = (3,-1)
Coords = -5.47619256875226E-01  3.94844928561136E-01 -3.30107794079934E-01
DistFromNuc =  7.5149961262E-01
Rho =  1.4394952085E+00
DelSqRho = -5.7833940414E+00
GradDelSqRho =  4.7073456244E-14 -7.4606987255E-14  4.0745185004E-14
HessDelSqRho_EigVals = -1.4848920757E+02 -4.4045553130E+01  1.2583196402E+03
HessDelSqRho_EigVec1 =  5.8354430128E-01  8.1207482235E-01  3.2452053557E-03
HessDelSqRho_EigVec2 =  3.5543014557E-01 -2.5180940746E-01 -9.0014522936E-01
HessDelSqRho_EigVec3 =  7.3016810398E-01 -5.2642806272E-01  4.3557781705E-01
</CP of DelSqRho>
<CP of DelSqRho>
CP# = 28      
Type = (3,-1)
Coords =  3.93109720509720E-01  5.47208969906558E-01  3.32831552469048E-01
DistFromNuc =  7.5149385559E-01
Rho =  1.4395570545E+00
DelSqRho = -5.7845793411E+00
GradDelSqRho =  6.5725203058E-14 -1.4210854715E-14  3.5527136788E-14
HessDelSqRho_EigVals = -1.4847319639E+02 -4.4048364047E+01  1.2584334217E+03
HessDelSqRho_EigVec1 =  8.1216637826E-01 -5.8342589160E-01 -5.5047503922E-05
HessDelSqRho_EigVec2 = -2.5622782555E-01 -3.5677038149E-01  8.9836640426E-01
HessDelSqRho_EigVec3 =  5.2414985971E-01  7.2960888420E-01  4.3924685619E-01
</CP of DelSqRho>
<CP of DelSqRho>
CP# = 29      
Type = (3,-1)
Coords = -3.94427233154177E-01 -5.49379437352333E-01  3.27628319943294E-01
DistFromNuc =  7.5150212748E-01
Rho =  1.4394689587E+00
DelSqRho = -5.7827454791E+00
GradDelSqRho =  1.2434497876E-14 -5.1514348343E-14  3.3750779949E-14
HessDelSqRho_EigVals = -1.4851699628E+02 -4.4035188444E+01  1.2582705226E+03
HessDelSqRho_EigVec1 =  8.1216825718E-01 -5.8342303344E-01 -5.3487318944E-04
HessDelSqRho_EigVec2 =  2.5260900642E-01  3.5082383664E-01  9.0172685749E-01
HessDelSqRho_EigVec3 =  5.2590057226E-01  7.3248904408E-01 -4.3230589678E-01
</CP of DelSqRho>
<CP of DelSqRho>
CP# = 30      
Type = (3,+3)
Coords = -1.44597214450186E-03 -2.31032371182548E-03  7.25621553734500E-01
DistFromNuc =  7.2564013632E-01
Rho =  1.6703307293E+00
DelSqRho = -1.4013246942E+01
GradDelSqRho = -5.5511151231E-17 -4.4408920985E-16  9.3480778673E-14
HessDelSqRho_EigVals =  1.8432463032E+01  7.1783845114E+01  1.8635534764E+03
HessDelSqRho_EigVec1 =  8.1222550828E-01 -5.8334352383E-01 -2.3854015506E-04
HessDelSqRho_EigVec2 =  5.8334013197E-01  8.1221924531E-01  3.7666927706E-03
HessDelSqRho_EigVec3 = -2.0035289293E-03 -3.1985539956E-03  9.9999287754E-01
</CP of DelSqRho>
<CP of DelSqRho>
CP# = 31      
Type = (3,+3)
Coords =  1.24128340689557E-03  2.07707210796373E-03 -7.25649027305240E-01
DistFromNuc =  7.2563960280E-01
Rho =  1.6703374694E+00
DelSqRho = -1.4013451011E+01
GradDelSqRho =  1.1102230246E-16  1.1102230246E-16 -9.1038288019E-14
HessDelSqRho_EigVals =  1.8424234521E+01  7.1798108878E+01  1.8635686522E+03
HessDelSqRho_EigVec1 =  5.8259612566E-01  8.1275509786E-01  3.3023119973E-03
HessDelSqRho_EigVec2 =  8.1276003212E-01 -5.8259853518E-01 -2.7748374403E-04
HessDelSqRho_EigVec3 = -1.6983958048E-03 -2.8456481592E-03  9.9999450885E-01
</CP of DelSqRho>
<CP of DelSqRho>
CP# = 32      
Type = (3,+1)
Coords =  8.13229304186701E-02  4.30230313683299E-01 -5.81977367610233E-01
DistFromNuc =  7.2827491821E-01
Rho =  1.6639706661E+00
DelSqRho = -1.2716597438E+01
GradDelSqRho =  3.1974423109E-14  6.7501559897E-14 -1.9717560917E-13
HessDelSqRho_EigVals = -4.6654016902E+01  5.2456118672E+01  1.8003905008E+03
HessDelSqRho_EigVec1 = -2.1867002867E-01  7.9839306215E-01  5.6102757229E-01
HessDelSqRho_EigVec2 =  9.6903351905E-01  1.1008924657E-01  2.2103030732E-01
HessDelSqRho_EigVec3 = -1.1470596115E-01 -5.9198722629E-01  7.9774285731E-01
</CP of DelSqRho>
<CP of DelSqRho>
CP# = 33      
Type = (3,+1)
Coords = -7.89657006837090E-02 -4.26517718777822E-01 -5.85003140538964E-01
DistFromNuc =  7.2826852083E-01
Rho =  1.6640708791E+00
DelSqRho = -1.2718851609E+01
GradDelSqRho =  1.7763568394E-14  7.8159700934E-14  5.9507954120E-14
HessDelSqRho_EigVals = -4.6652517465E+01  5.2509896604E+01  1.8005559835E+03
HessDelSqRho_EigVec1 = -2.1669526123E-01  8.0189679501E-01 -5.5678065152E-01
HessDelSqRho_EigVec2 =  9.6985154461E-01  1.1169498056E-01 -2.1659227302E-01
HessDelSqRho_EigVec3 =  1.1149504551E-01  5.8692909407E-01  8.0192461825E-01
</CP of DelSqRho>
<CP of DelSqRho>
CP# = 34      
Type = (3,+1)
Coords =  4.27342586876551E-01 -8.20875949462168E-02  5.83967887488115E-01
DistFromNuc =  7.2827876626E-01
Rho =  1.6639649657E+00
DelSqRho = -1.2714845657E+01
GradDelSqRho =  4.7073456244E-14  9.6589403142E-15 -1.7763568394E-15
HessDelSqRho_EigVals = -4.6719612817E+01  5.2419767889E+01  1.8002889129E+03
HessDelSqRho_EigVec1 =  8.0112027893E-01  2.1976848054E-01 -5.5669391378E-01
HessDelSqRho_EigVec2 = -1.1147465147E-01  9.6865761223E-01  2.2198160364E-01
HessDelSqRho_EigVec3 =  5.8803035700E-01 -1.1577670421E-01  8.0050987127E-01
</CP of DelSqRho>
<CP of DelSqRho>
CP# = 35      
Type = (3,+1)
Coords = -4.29542555726051E-01  7.83406925993929E-02  5.82856764392679E-01
DistFromNuc =  7.2827610889E-01
Rho =  1.6639853403E+00
DelSqRho = -1.2715933967E+01
GradDelSqRho =  1.2789769244E-13 -1.5543122345E-15 -1.6342482922E-13
HessDelSqRho_EigVals = -4.6704488411E+01  5.2442544195E+01  1.8003672740E+03
HessDelSqRho_EigVec1 =  7.9901401783E-01  2.1602894891E-01  5.6116672437E-01
HessDelSqRho_EigVec2 = -1.1053458021E-01  9.7010098496E-01 -2.1606986268E-01
HessDelSqRho_EigVec3 = -5.9106573736E-01  1.1061452080E-01  7.9900295488E-01
</CP of DelSqRho>
<CP of DelSqRho>
CP# = 36      
Type = (3,+1)
Coords = -2.14016234272254E-01  3.79129883166547E-01  5.83833837069578E-01
DistFromNuc =  7.2829650423E-01
Rho =  1.6638119852E+00
DelSqRho = -1.2710530945E+01
GradDelSqRho =  3.0198066270E-14  2.8421709430E-14 -7.5495165675E-14
HessDelSqRho_EigVals = -4.6756604537E+01  5.2401116877E+01  1.7997921519E+03
HessDelSqRho_EigVec1 = -4.6868067374E-02  8.2920847868E-01 -5.5697098950E-01
HessDelSqRho_EigVec2 = -9.5366707702E-01 -2.0303550028E-01 -2.2202633139E-01
HessDelSqRho_EigVec3 = -2.9719099998E-01  5.2075895048E-01  8.0030470761E-01
</CP of DelSqRho>
<CP of DelSqRho>
CP# = 37      
Type = (3,+1)
Coords =  2.11737615124498E-01 -3.82779524608425E-01  5.82271626584219E-01
DistFromNuc =  7.2829471843E-01
Rho =  1.6638179906E+00
DelSqRho = -1.2711245759E+01
GradDelSqRho =  2.3980817332E-14 -5.3290705182E-14 -5.0626169923E-14
HessDelSqRho_EigVals = -4.6738033873E+01  5.2408472517E+01  1.7998481989E+03
HessDelSqRho_EigVec1 = -4.9264128207E-02  8.2564639017E-01  5.6203299197E-01
HessDelSqRho_EigVec2 = -9.5452019090E-01 -2.0458609154E-01  2.1687723788E-01
HessDelSqRho_EigVec3 =  2.9404804171E-01 -5.2578757074E-01  7.9817490541E-01
</CP of DelSqRho>
<CP of DelSqRho>
CP# = 38      
Type = (3,+1)
Coords =  3.82125164165291E-01  2.14931595034809E-01 -5.81578685670641E-01
DistFromNuc =  7.2830222857E-01
Rho =  1.6637535271E+00
DelSqRho = -1.2708212106E+01
GradDelSqRho = -1.2168044350E-13 -2.0428103653E-14  1.1901590824E-13
HessDelSqRho_EigVals = -4.6799689051E+01  5.2335973018E+01  1.7996535328E+03
HessDelSqRho_EigVec1 =  8.2633706638E-01  4.5997590820E-02  5.6129428500E-01
HessDelSqRho_EigVec2 =  2.0416841106E-01 -9.5332586874E-01 -2.2245234977E-01
HessDelSqRho_EigVec3 = -5.2486408970E-01 -2.9841918443E-01  7.9715975670E-01
</CP of DelSqRho>
<CP of DelSqRho>
CP# = 39      
Type = (3,+1)
Coords = -3.79897054199068E-01 -2.11133486829182E-01 -5.84399121092505E-01
DistFromNuc =  7.2829590134E-01
Rho =  1.6638506413E+00
DelSqRho = -1.2710413645E+01
GradDelSqRho = -1.0214051827E-14  1.1546319456E-14  1.9539925233E-14
HessDelSqRho_EigVals = -4.6799923923E+01  5.2388354881E+01  1.7998182005E+03
HessDelSqRho_EigVec1 =  8.2851656024E-01  4.9354912354E-02 -5.5778526517E-01
HessDelSqRho_EigVec2 =  2.0310243504E-01 -9.5476340844E-01  2.1720090881E-01
HessDelSqRho_EigVec3 =  5.2183302913E-01  2.9324209544E-01  8.0106139788E-01
</CP of DelSqRho>
<CP of DelSqRho>
CP# = 40      
Type = (3,+3)
Coords = -1.14746368810999E-01  7.00868152618070E-01  1.64332158654493E-03
DistFromNuc =  7.1019291977E-01
Rho =  1.9364257723E+00
DelSqRho = -2.0549048683E+01
GradDelSqRho =  1.5987211555E-14 -2.8421709430E-14 -1.4432899320E-15
HessDelSqRho_EigVals =  9.7955671617E+01  2.2726809132E+02  2.2797570457E+03
HessDelSqRho_EigVec1 = -2.5703892815E-01 -4.4375712300E-02  9.6538167870E-01
HessDelSqRho_EigVec2 =  9.5279835879E-01  1.5537876740E-01  2.6083083813E-01
HessDelSqRho_EigVec3 = -1.6157436954E-01  9.8685775814E-01  2.3427140191E-03
</CP of DelSqRho>
<CP of DelSqRho>
CP# = 41      
Type = (3,+3)
Coords =  1.14810393913954E-01 -7.00838123257277E-01 -2.38494224149374E-03
DistFromNuc =  7.1019207438E-01
Rho =  1.9364348129E+00
DelSqRho = -2.0549435916E+01
GradDelSqRho = -4.2632564146E-14  2.9132252166E-13  3.2196467714E-15
HessDelSqRho_EigVals =  9.7941295961E+01  2.2729508377E+02  2.2797870306E+03
HessDelSqRho_EigVec1 =  2.5319851808E-01  3.8211018059E-02  9.6665941703E-01
HessDelSqRho_EigVec2 =  9.5381354733E-01  1.5710266559E-01 -2.5604388178E-01
HessDelSqRho_EigVec3 = -1.6164846853E-01  9.8684277905E-01  3.3319754323E-03
</CP of DelSqRho>
<CP of DelSqRho>
CP# = 42      
Type = (3,+3)
Coords =  7.00851291215945E-01  1.14794074430855E-01  2.07642149103189E-03
DistFromNuc =  7.1018510119E-01
Rho =  1.9365800809E+00
DelSqRho = -2.0552580757E+01
GradDelSqRho = -1.0658141036E-14 -2.1538326678E-14  2.2204460493E-15
HessDelSqRho_EigVals =  9.8043031249E+01  2.2731330744E+02  2.2799770191E+03
HessDelSqRho_EigVec1 =  3.9442965263E-02 -2.5836381182E-01  9.6524214228E-01
HessDelSqRho_EigVec2 = -1.5676398961E-01  9.5243165710E-01  2.6134075480E-01
HessDelSqRho_EigVec3 =  9.8684816667E-01  1.6162326348E-01  2.9354131467E-03
</CP of DelSqRho>
<CP of DelSqRho>
CP# = 43      
Type = (3,+3)
Coords = -7.00844095810161E-01 -1.14737508176227E-01 -1.37583857368333E-03
DistFromNuc =  7.1018356719E-01
Rho =  1.9365966680E+00
DelSqRho = -2.0553238414E+01
GradDelSqRho =  2.7711166695E-13  2.6201263381E-14 -1.2212453271E-15
HessDelSqRho_EigVals =  9.8031000959E+01  2.2734715470E+02  2.2800301975E+03
HessDelSqRho_EigVec1 = -4.3158976302E-02  2.5207949078E-01  9.6674362325E-01
HessDelSqRho_EigVec2 = -1.5570890903E-01  9.5412351707E-01 -2.5574019987E-01
HessDelSqRho_EigVec3 =  9.8685968527E-01  1.6156808011E-01  1.9279717639E-03
</CP of DelSqRho>
<CP of DelSqRho>
CP# = 44      
Type = (3,-1)
Coords =  7.05592062575184E-01  1.35304877787170E-01  9.34993250661602E-01
DistFromNuc =  1.1791492233E+00
Rho =  4.4308260351E-01
DelSqRho =  2.5521520120E+00
GradDelSqRho = -1.0595968547E-12 -7.4384942650E-15 -1.5267787035E-12
HessDelSqRho_EigVals = -6.7134797067E+01 -2.3531390313E+00  2.1644412191E+00
HessDelSqRho_EigVec1 =  5.8633770327E-01  1.4709047942E-01  7.9660058284E-01
HessDelSqRho_EigVec2 =  7.9609300516E-01  7.7235506159E-02 -6.0022546074E-01
HessDelSqRho_EigVec3 = -1.4981330000E-01  9.8610297000E-01 -7.1811612500E-02
</CP of DelSqRho>
<CP of DelSqRho>
CP# = 45      
Type = (3,-1)
Coords = -7.09078874983024E-01 -1.41174554685355E-01  9.31478763130933E-01
DistFromNuc =  1.1791577948E+00
Rho =  4.4305612884E-01
DelSqRho =  2.5521277190E+00
GradDelSqRho =  2.2204460493E-16  1.2767564783E-15 -5.3290705182E-15
HessDelSqRho_EigVals = -6.7134300263E+01 -2.3519549971E+00  2.1639932727E+00
HessDelSqRho_EigVec1 = -5.8933751731E-01 -1.5209745090E-01  7.9344039229E-01
HessDelSqRho_EigVec2 =  7.9380419460E-01  7.3558973135E-02  6.0370852081E-01
HessDelSqRho_EigVec3 = -1.5018718760E-01  9.8562439240E-01  7.7384531906E-02
</CP of DelSqRho>
<CP of DelSqRho>
CP# = 46      
Type = (3,-1)
Coords = -7.13295964376054E-01 -9.14037166169771E-02 -9.34455092278827E-01
DistFromNuc =  1.1791261342E+00
Rho =  4.4318941420E-01
DelSqRho =  2.5504642702E+00
GradDelSqRho = -1.5543122345E-15 -2.4702462298E-15 -1.2878587086E-14
HessDelSqRho_EigVals = -6.7119341657E+01 -2.3360211022E+00  2.1810478238E+00
HessDelSqRho_EigVec1 =  6.0387340592E-01  4.2898656889E-02  7.9592500580E-01
HessDelSqRho_EigVec2 =  7.7827569666E-01  1.8388631147E-01 -6.0039384111E-01
HessDelSqRho_EigVec3 = -1.7211580291E-01  9.8201096210E-01  7.7657071134E-02
</CP of DelSqRho>
<CP of DelSqRho>
CP# = 47      
Type = (3,-1)
Coords =  7.16934120710423E-01  9.73641047718000E-02 -9.31057622359064E-01
DistFromNuc =  1.1791123852E+00
Rho =  4.4319453110E-01
DelSqRho =  2.5505965533E+00
GradDelSqRho =  2.8865798640E-15  2.7755575616E-16 -5.7731597281E-15
HessDelSqRho_EigVals = -6.7120995687E+01 -2.3369783526E+00  2.1800964648E+00
HessDelSqRho_EigVec1 = -6.0696560846E-01 -4.7955200811E-02  7.9327993096E-01
HessDelSqRho_EigVec2 =  7.7592440163E-01  1.8009074972E-01  6.0457310958E-01
HessDelSqRho_EigVec3 = -1.7185480238E-01  9.8248034107E-01 -7.2099280986E-02
</CP of DelSqRho>
<CP of DelSqRho>
CP# = 48      
Type = (3,+1)
Coords =  1.22495633713114E+00  2.00822813193663E-01  3.65588477062899E-03
DistFromNuc =  1.2413061019E+00
Rho =  4.2066618237E-01
DelSqRho =  1.8586931255E+00
GradDelSqRho =  8.3266726847E-15 -1.1379786002E-15  1.9038590149E-16
HessDelSqRho_EigVals = -5.0409579094E+01  2.7100579234E+00  4.8795737653E+00
HessDelSqRho_EigVec1 =  9.8681087879E-01  1.6184977378E-01  2.9900229235E-03
HessDelSqRho_EigVec2 =  1.6478665437E-03 -2.8513699146E-02  9.9959204353E-01
HessDelSqRho_EigVec3 = -1.6186900273E-01  9.8640337575E-01  2.8404335339E-02
</CP of DelSqRho>
<CP of DelSqRho>
CP# = 49      
Type = (3,+1)
Coords = -1.22494520426500E+00 -2.00825500213208E-01 -2.36674019119835E-03
DistFromNuc =  1.2413088370E+00
Rho =  4.2066153946E-01
DelSqRho =  1.8587096526E+00
GradDelSqRho =  1.1435297154E-14 -3.0531133177E-15  2.6367796835E-16
HessDelSqRho_EigVals = -5.0409290804E+01  2.7093629112E+00  4.8798300323E+00
HessDelSqRho_EigVec1 =  9.8680696330E-01  1.6189051555E-01  1.8649799371E-03
HessDelSqRho_EigVec2 = -5.5368196530E-03  2.2232814676E-02  9.9973748833E-01
HessDelSqRho_EigVec3 = -1.6180655365E-01  9.8655824102E-01 -2.2835854924E-02
</CP of DelSqRho>
<CP of DelSqRho>
CP# = 50      
Type = (3,+1)
Coords = -2.00846792807452E-01  1.22493087223211E+00  2.83272158749363E-03
DistFromNuc =  1.2412827258E+00
Rho =  4.2066248376E-01
DelSqRho =  1.8589372689E+00
GradDelSqRho =  5.5511151231E-16 -7.1054273576E-15 -2.9837243787E-16
HessDelSqRho_EigVals = -5.0416279228E+01  2.7083992264E+00  4.8792670352E+00
HessDelSqRho_EigVec1 = -1.6191383373E-01  9.8680231546E-01  2.2584618654E-03
HessDelSqRho_EigVec2 = -2.7245427815E-02 -6.7581758131E-03  9.9960592922E-01
HessDelSqRho_EigVec3 =  9.8642870858E-01  1.6178849545E-01  2.7980093409E-02
</CP of DelSqRho>
<CP of DelSqRho>
CP# = 51      
Type = (3,+1)
Coords =  2.00841373384769E-01 -1.22491342066096E+00 -4.18301073581776E-03
DistFromNuc =  1.2412847788E+00
Rho =  4.2065915865E-01
DelSqRho =  1.8589436293E+00
GradDelSqRho = -4.5519144010E-15  1.2434497876E-14 -2.7755575616E-16
HessDelSqRho_EigVals = -5.0415927840E+01  2.7078660303E+00  4.8795005164E+00
HessDelSqRho_EigVec1 = -1.6186840100E-01  9.8680651635E-01  3.3941196081E-03
HessDelSqRho_EigVec2 =  2.3473234891E-02  4.1182427112E-04  9.9972438084E-01
HessDelSqRho_EigVec3 =  9.8653313579E-01  1.6190345793E-01 -2.3230202487E-02
</CP of DelSqRho>
<CP of DelSqRho>
CP# = 52      
Type = (3,+1)
Coords = -2.19450409436572E-03 -3.59373291177191E-03  1.19552789109909E+00
DistFromNuc =  1.1955487677E+00
Rho =  4.2266158685E-01
DelSqRho =  2.3450140225E+00
GradDelSqRho = -5.7245874707E-17  6.3154776547E-18 -4.6629367034E-15
HessDelSqRho_EigVals = -6.2682266215E+01  1.1424631631E+00  1.6541632251E+00
HessDelSqRho_EigVec1 = -1.8168004733E-03 -2.9820841216E-03  9.9999390319E-01
HessDelSqRho_EigVec2 =  5.6981926952E-01  8.2176264763E-01  3.4858345143E-03
HessDelSqRho_EigVec3 =  8.2176803255E-01 -5.6982212851E-01 -2.0627022866E-04
</CP of DelSqRho>
<CP of DelSqRho>
CP# = 53      
Type = (3,+1)
Coords =  2.29018049282674E-03  3.72308673550842E-03 -1.19555557219317E+00
DistFromNuc =  1.1955501001E+00
Rho =  4.2266038681E-01
DelSqRho =  2.3450043527E+00
GradDelSqRho = -1.7347234760E-18 -6.5919492087E-17  2.2204460493E-16
HessDelSqRho_EigVals = -6.2682009044E+01  1.1430589925E+00  1.6537618467E+00
HessDelSqRho_EigVec1 = -1.9198374681E-03 -3.1139092986E-03  9.9999330887E-01
HessDelSqRho_EigVec2 =  8.2039042394E-01 -5.7180373387E-01 -2.0553006475E-04
HessDelSqRho_EigVec3 =  5.7180054786E-01  8.2038454002E-01  3.6523916023E-03
</CP of DelSqRho>
<CP of DelSqRho>
CP# = 54      
Type = (3,-1)
Coords = -9.60908444575962E-02  7.12216770998586E-01  9.34805103236839E-01
DistFromNuc =  1.1791351599E+00
Rho =  4.4318602486E-01
DelSqRho =  2.5502859825E+00
GradDelSqRho =  2.1926904736E-15 -1.7208456882E-14 -7.9936057773E-15
HessDelSqRho_EigVals = -6.7114236573E+01 -2.3345611747E+00  2.1822047949E+00
HessDelSqRho_EigVec1 = -4.6877190111E-02  6.0292238448E-01  7.9642145083E-01
HessDelSqRho_EigVec2 = -1.8097450755E-01  7.7897735824E-01 -6.0036863923E-01
HessDelSqRho_EigVec3 =  9.8236996934E-01  1.7227557470E-01 -7.2597311907E-02
</CP of DelSqRho>
<CP of DelSqRho>
CP# = 55      
Type = (3,-1)
Coords =  9.25093599727400E-02 -7.17996186167672E-01  9.30729328017339E-01
DistFromNuc =  1.1791398783E+00
Rho =  4.4316067365E-01
DelSqRho =  2.5503116444E+00
GradDelSqRho =  2.2828960944E-15 -1.2455314558E-15  1.1435297154E-14
HessDelSqRho_EigVals = -6.7114630865E+01 -2.3336398491E+00  2.1812766390E+00
HessDelSqRho_EigVec1 =  4.3827947182E-02 -6.0787940015E-01  7.9281886072E-01
HessDelSqRho_EigVec2 = -1.8320550306E-01  7.7523331744E-01  6.0452381854E-01
HessDelSqRho_EigVec3 =  9.8209717172E-01  1.7174381621E-01  7.7389966417E-02
</CP of DelSqRho>
<CP of DelSqRho>
CP# = 56      
Type = (3,-1)
Coords = -1.36346337542116E-01  7.10292303335848E-01 -9.31327368266913E-01
DistFromNuc =  1.1791690327E+00
Rho =  4.4304468921E-01
DelSqRho =  2.5519984748E+00
GradDelSqRho =  8.0963014071E-14 -1.0107192860E-13  1.6475709685E-13
HessDelSqRho_EigVals = -6.7129769674E+01 -2.3506804933E+00  2.1644246319E+00
HessDelSqRho_EigVec1 =  1.4798289310E-01 -5.9034598938E-01  7.9346876194E-01
HessDelSqRho_EigVec2 = -7.6660976602E-02  7.9304109801E-01  6.0432517036E-01
HessDelSqRho_EigVec3 =  9.8601427881E-01  1.5025787728E-01 -7.2100015953E-02
</CP of DelSqRho>
<CP of DelSqRho>
CP# = 57      
Type = (3,-1)
Coords =  1.39962952946644E-01 -7.04350179735005E-01 -9.35302571814599E-01
DistFromNuc =  1.1791844561E+00
Rho =  4.4304185078E-01
DelSqRho =  2.5518598266E+00
GradDelSqRho = -3.7451847179E-12  3.6515859780E-12  6.4420691004E-12
HessDelSqRho_EigVals = -6.7127731922E+01 -2.3498886730E+00  2.1656734708E+00
HessDelSqRho_EigVec1 = -1.5104390677E-01  5.8529234424E-01  7.9662953121E-01
HessDelSqRho_EigVec2 = -7.4340997486E-02  7.9686766136E-01 -5.9956262923E-01
HessDelSqRho_EigVec3 =  9.8572772829E-01  1.4978251585E-01  7.6850788061E-02
</CP of DelSqRho>
<CP of DelSqRho>
CP# = 58      
Type = (3,-3)
Coords =  6.42525551833205E-01  8.94507252978828E-01  2.57067505751541E-01
DistFromNuc =  1.1309497330E+00
Rho =  4.9364606857E-01
DelSqRho =  3.1142051446E+00
GradDelSqRho = -1.2176371023E-12 -1.6854295737E-12 -4.5013645589E-13
HessDelSqRho_EigVals = -7.9671128655E+01 -9.8174821560E+00 -1.2634285138E+00
HessDelSqRho_EigVec1 =  5.6377291616E-01  7.8475493230E-01  2.5752630008E-01
HessDelSqRho_EigVec2 =  8.1217907098E-01 -5.8340818962E-01 -2.0234417533E-04
HessDelSqRho_EigVec3 = -1.5008416192E-01 -2.0927154732E-01  9.6627126824E-01
</CP of DelSqRho>
<CP of DelSqRho>
CP# = 59      
Type = (3,-3)
Coords = -8.94811849638063E-01  6.43857292407737E-01 -2.52579870371223E-01
DistFromNuc =  1.1309422189E+00
Rho =  4.9365699658E-01
DelSqRho =  3.1141606194E+00
GradDelSqRho =  5.8775206924E-13 -4.2765790909E-13  1.8041124150E-13
HessDelSqRho_EigVals = -7.9670518563E+01 -9.8182897293E+00 -1.2624300489E+00
HessDelSqRho_EigVec1 =  7.8506151777E-01 -5.6513793102E-01  2.5356958067E-01
HessDelSqRho_EigVec2 =  5.8348255288E-01  8.1211810566E-01  3.5061280392E-03
HessDelSqRho_EigVec3 = -2.0790989345E-01  1.4520090006E-01  9.6731079536E-01
</CP of DelSqRho>
<CP of DelSqRho>
CP# = 60      
Type = (3,-3)
Coords =  8.95777035725180E-01 -6.42232457373602E-01 -2.53289424079068E-01
DistFromNuc =  1.1309410622E+00
Rho =  4.9365745315E-01
DelSqRho =  3.1141730333E+00
GradDelSqRho = -9.0327745284E-13  6.4170890823E-13  2.6062485503E-13
HessDelSqRho_EigVals = -7.9670809692E+01 -9.8180341973E+00 -1.2628300656E+00
HessDelSqRho_EigVec1 =  7.8605625944E-01 -5.6347396010E-01 -2.5419019116E-01
HessDelSqRho_EigVec2 =  5.8344530573E-01  8.1214291563E-01  3.9318974917E-03
HessDelSqRho_EigVec3 =  2.0422324112E-01 -1.5139676643E-01  9.6714625931E-01
</CP of DelSqRho>
<CP of DelSqRho>
CP# = 61      
Type = (3,-3)
Coords = -6.43532167679657E-01 -8.96152855792970E-01  2.48517427148731E-01
DistFromNuc =  1.1309362641E+00
Rho =  4.9366058175E-01
DelSqRho =  3.1142611479E+00
GradDelSqRho =  1.6509016376E-13  2.6079138848E-13 -8.2031603732E-14
HessDelSqRho_EigVals = -7.9672116280E+01 -9.8204046877E+00 -1.2625965651E+00
HessDelSqRho_EigVec1 =  5.6479761217E-01  7.8644097392E-01 -2.5002850205E-01
HessDelSqRho_EigVec2 =  8.1218237755E-01 -5.8340350102E-01 -3.7495744343E-04
HessDelSqRho_EigVec3 =  1.4616238535E-01  2.0285696818E-01  9.6823840430E-01
</CP of DelSqRho>
<Path of -GradDelSqRho>
Starting CP# =      3
Ending CP# =      0
Number of Points =    400
 -3.2083582923E-01 -5.2554109774E-02 -8.4858685559E-04  1.5792651744E+01  9.2541331358E+02
 -2.9616480351E-01 -4.8512276753E-02 -7.8474488741E-04  2.1066047488E+01  8.3792395926E+02
 -2.7149377821E-01 -4.4470441975E-02 -7.2085358565E-04  2.7886254716E+01  4.9944836770E+02
 -2.4682275323E-01 -4.0428605822E-02 -6.5692437679E-04  3.6428846080E+01 -2.1861193034E+02
 -2.2215172843E-01 -3.6386768867E-02 -5.9297659305E-04  4.6734118701E+01 -1.4171543405E+03
 -1.9748070321E-01 -3.2344933440E-02 -5.2909280935E-04  5.8652076625E+01 -2.9204037992E+03
