AIMSum (Version 19.02.13, Professional)
Copyright (c) 1997-2019 by Todd A. Keith
AIMSum is a component of the AIMAll package ( http://aim.tkgristmill.com )

TP:  64-bit Linux

Licensed To:  Research Group of Fernando Cortes Guzman, UNAM, fercor@unam.mx

Much of the Quantum Theory of Atoms in Molecules (QTAIM) is described in the book:
  "Atoms in Molecules - A Quantum Theory"
  R.F.W. Bader, Oxford University Press, Oxford, 1990

For additional references see:  http://aim.tkgristmill.com/references.html

Wfx File:  /home/scratch/M_H2O_4_cuadrado_plano/Opt/V3_cuadrado_plano_cc-pvtz-def2-tzv_1.wfx
Sum File:  /home/scratch/M_H2O_4_cuadrado_plano/Opt/V3_cuadrado_plano_cc-pvtz-def2-tzv_1.sum

SumViz File:  /home/scratch/M_H2O_4_cuadrado_plano/Opt/V3_cuadrado_plano_cc-pvtz-def2-tzv_1.sumviz

Wfx Title:   V3_cuadrado_plano_cc-pvtz-def2-tzv_1                                          
 
Total memory allocated for AIMSum =        0.749 Megabytes

Atomic units (a.u.) used throughout, except where stated otherwise

Model:  Restricted SCF
 
Restricted, closed-shell, single-determinant wavefunction.
  Number of electrons (from MO Occs)                   =          60.0000000000
  Number of Alpha electrons (from MO Occs)             =          30.0000000000
  Number of Beta electrons (from MO Occs)              =          30.0000000000
  Number of electron pairs (N*(N-1)/2)                 =        1770.0000000000
  Number of electron pairs (from Muller 2EDM)          =        1770.0000000000
 
Nuclear Charges and Cartesian Coordinates:
-------------------------------------------------------------------------------
Atom      Charge                X                  Y                  Z
-------------------------------------------------------------------------------
V1        23.0           5.2798968090E-04  -5.7760036768E-04  -2.4249930219E-03
O2         8.0          -3.5149995828E+00   8.3752999038E-05   5.8046521433E-04
H3         1.0          -4.6536992267E+00   5.8768667744E-04  -1.5093825003E+00
O4         8.0          -8.1587268196E-04   3.5150129130E+00   1.7260549906E-03
H5         1.0           1.4894476958E+00   4.6607795470E+00   3.0695161542E-03
O6         8.0           3.5147820289E+00   8.6125455585E-04   5.8044631707E-04
H7         1.0           4.6534721332E+00   1.2770344169E-03  -1.5094763781E+00
O8         8.0          -3.8371024343E-05  -3.5147680940E+00   1.7260549906E-03
H9         1.0           1.4903757749E+00  -4.6604593628E+00   3.4256075612E-03
H10        1.0          -4.6511094316E+00   2.8593407084E-04   1.5124311309E+00
H11        1.0           4.6510468902E+00   1.3046358757E-03   1.5123997448E+00
H12        1.0          -1.4919918354E+00   4.6595635819E+00   3.3144749522E-03
H13        1.0          -1.4911113828E+00  -4.6595728610E+00   3.0890714199E-03
 
Some Atomic Properties:
----------------------
  q(A) = Net Charge of Atom A
  L(A) = Lagrangian of Atom A = -(1/4) Times Atomic Integral of the Laplacian of the Electron Density
  K(A) = Electronic Kinetic Energy of Atom A (Hamiltonian Form)
  K_Scaled(A) = K(A) * E(Mol)/K(Mol) = Approximation to Virial-Based Total Energy of Atom A.
  |Mu_Intra(A)| = Magnitude of Intraatomic Dipole Moment of Atom A
--------------------------------------------------------------------------------------------------
Atom A          q(A)              L(A)              K(A)          K_Scaled(A)      |Mu_Intra(A)|
--------------------------------------------------------------------------------------------------
V1        1.8991022420E+00 -1.6607624976E-04  9.4275632242E+02 -9.4463551150E+02  6.5743721590E-04
O2       -1.1531908818E+00  2.0584440599E-05  7.5369216348E+01 -7.5519449239E+01  2.2151964648E-01
H3        7.2127590789E-01  1.0750061104E-05  2.7422696767E-01 -2.7477358222E-01  9.6790858691E-02
O4       -1.1581215275E+00 -6.7341116497E-05  7.5375558738E+01 -7.5525804271E+01  1.9758004380E-01
H5        7.0943502449E-01  2.8369177842E-05  2.8440378017E-01 -2.8497068008E-01  1.0181808393E-01
O6       -1.1530706855E+00  1.5170328958E-05  7.5369518105E+01 -7.5519751598E+01  2.2170339687E-01
H7        7.2136096947E-01  5.3047315811E-06  2.7415254525E-01 -2.7469901145E-01  9.6759350258E-02
O8       -1.1580064037E+00 -1.3445552447E-05  7.5375963452E+01 -7.5526209792E+01  1.9786781045E-01
H9        7.0954441922E-01  3.3323695198E-05  2.8431985280E-01 -2.8488658542E-01  1.0177680155E-01
H10       7.2125993725E-01  9.8305893097E-06  2.7424933203E-01 -2.7479599116E-01  9.6798730643E-02
H11       7.2135571350E-01  7.0799357603E-06  2.7416903273E-01 -2.7471553180E-01  9.6765051703E-02
H12       7.0943111052E-01  1.5767050003E-05  2.8440226553E-01 -2.8496916242E-01  1.0182063501E-01
H13       7.0952793164E-01  1.9826055029E-05  2.8432728720E-01 -2.8489403464E-01  1.0178368447E-01
--------------------------------------------------------------------------------------------------
Total     2.9999037575E+00 -8.0856853320E-05  1.2464808301E+03 -1.2489654310E+03
 
1st Largest |L(A)| = 1.6607624976E-04, atom V1      
2nd Largest |L(A)| = 6.7341116497E-05, atom O4      
 
Molecular charge q(Mol) from the wfx file:   3.0000000000E+00
Molecular energy E(Mol) from the wfx file:  -1.2489654352E+03
Molecular virial ratio (-V(Mol)/T(Mol)) from the wfx file:   2.0019932925E+00
Full molecular virial ratio ((-V(Mol)+W(Mol))/T(Mol)) from the wfx file:   2.0019933042E+00
Note.  K_Scaled(A) = (1+V(Mol)/T(Mol))*K(A) = (E(Mol)/T(Mol))*K(A)
       Only use K_Scaled(A) data with caution.
 
N_AIMInt(SumA)     =         60.000096
N_Analytic(Mol)    =         60.000000
 
G_AIMInt(SumA)     =       1246.480911
G_Analytic(Mol)    =       1246.480834
 
K_AIMInt(SumA)     =       1246.480830
K_Analytic(Mol)    =       1246.480834
 
L_AIMInt(SumA)     =         -0.000081
L_Analytic(Mol)    =          0.000000
 
VenT_AIMInt(SumA)  =      -3688.843711
VenT_Analytic(Mol) =      -3688.841988
 
Some Information About the Atomic Calculations:
----------------------------------------------
  Time(sec) = "Elapsed User Time", in Seconds, for Atom A by AIMInt and, if used, by TWOe
  NProc = Number of Processors Used for AIMInt Job
  BIM = Basin Integration Method
  OAQ = Angular Quadrature Outside of Beta Sphere
  ORQ = Multiple of Default for Radial Quadrature Outside of Beta Sphere
  IAQ = Multiple of Default for Angular Quadrature Inside of Beta Sphere
  IRQ = Multiple of Default for Radial Quadrature Inside of Beta Sphere
  MIR = Maximum Integration Radius
------------------------------------------------------------------------------------------------------
Atom A     Time(sec)   NProc      BIM          OAQ                     ORQ      IAQ      IRQ      MIR
------------------------------------------------------------------------------------------------------
V1            294        1     Proaim(5)    4500(GS4)                  1.00     1.00     1.00    13.00
O2            168        1     Proaim(5)    4500(GS4)                  1.00     1.00     1.00    13.00
H3             54        1     Proaim(5)    1800(GS4)                  1.00     1.00     1.00    13.00
O4            149        1     Proaim(5)    4500(GS4)                  1.00     1.00     1.00    13.00
H5             57        1     Proaim(5)    1800(GS4)                  1.00     1.00     1.00    13.00
O6            173        1     Proaim(5)    4500(GS4)                  1.00     1.00     1.00    13.00
H7             53        1     Proaim(5)    1800(GS4)                  1.00     1.00     1.00    13.00
O8            144        1     Proaim(5)    4500(GS4)                  1.00     1.00     1.00    13.00
H9             56        1     Proaim(5)    1800(GS4)                  1.00     1.00     1.00    13.00
H10            63        1     Proaim(5)    1800(GS4)                  1.00     1.00     1.00    13.00
H11            62        1     Proaim(5)    1800(GS4)                  1.00     1.00     1.00    13.00
H12            62        1     Proaim(5)    1800(GS4)                  1.00     1.00     1.00    13.00
H13            55        1     Proaim(5)    1800(GS4)                  1.00     1.00     1.00    13.00
------------------------------------------------------------------------------------------------------
Total        1390
Note:  Total wall clock time is less than total of atomic times if more than one atom
       was calculated at a time
 
Electron Density Critical Point Analysis of Molecular Structure:               
---------------------------------------------------------------                
  NACP = Nuclear Attractor Critical Point                                      
  NNACP = Non-Nuclear Attractor Critical Point                                 
  BCP = Bond Critical Point                                                    
  RCP = Ring Critical Point                                                    
  CCP = Cage Critical Point                                                    
  Rho = Electron Density                                                       
  GradRho = Gradient of Electron Density                                       
  HessRho_EigVals = Eigenvalues of the Hessian of Rho, Ascending Order         
  HessRho_EigVecs = Eigenvectors of the Hessian of Rho                         
  DelSqRho = Laplacian of Rho = Trace of Hessian of Rho                        
  Bond Ellipticity = (HessRho_EigVal(1) / HessRho_EigVal(2)) - 1               
  V = Virial Field = Potential Energy Density = Trace of Stress Tensor         
  G = Lagrangian Form of Kinetic Energy Density                                
  K = Hamiltonian Form of Kinetic Energy Density                               
  L = K - G = Lagrangian Density = (-1/4)DelSqRho                              
  Vnuc = Electrostatic Potential from Nuclei                                   
  Ven = Electron-nuclear attractive contribution to Virial Field V             
  Vrep = V - Ven = Repulsive contribution to Virial Field V                    
  DelSqV = Laplacian of V                                                      
  DelSqVen = Laplacian of Ven                                                  
  DelSqVrep = Laplacian of Vrep                                                
  DelSqG = Laplacian of G                                                      
  DelSqK = Laplacian of K                                                      
  Stress_EigVals = Eigenvalues of Stress Tensor, Ascending Order               
  Stress_EigVecs = Eigenvectors of Stress Tensor                               
  -DivStress = Ehrenfest Force Density = Minus Divergence of Stress Tensor     
  ESP = Total Electrostatic Potential                                          
  ESPe = Electrostatic Potential from Electrons                                
  ESPn = Electrostatic Potential from Nuclei                                   
  BP = Bond Path                                                               
  BPL = Bond Path Length                                                       
  GBL = Geometric Bond Length                                                  
  GBL_I = Distance Between Nuclear Attractors                                  
  GBL_II = Distance Between Nuclei                                             
  GBL_III = Sum of Distances Between BCP and Nuclear Attractors                
  GBL_IV = Sum of Distances Between BCP and Nuclei                             

CP# 1      Coords =  5.27989659055795E-04 -5.77600343721876E-04 -2.42499307832147E-03
           Type = (3,-3) NACP V1
           Rho =  8.1178299706E+03     Rho at Nucleus =  8.1178299706E+03
           GradRho = -6.5784501110E-11 -4.8793200383E-11  1.4330854559E-10
           HessRho_EigVals = -1.3022097556E+09 -1.3022089130E+09 -1.3022089043E+09
           HessRho_EigVec1 = -8.3024437676E-06 -3.7276148532E-06  9.9999999996E-01
           HessRho_EigVec2 =  9.9999983490E-01  5.7456549106E-04  8.3045841561E-06
           HessRho_EigVec3 = -5.7456552200E-04  9.9999983493E-01  3.7228439401E-06
           DelSqRho = -3.9066275729E+09
           Bond Ellipticity = NA
           V = -9.7686427754E+08
           G =  1.0369216406E+05
           K =  9.7676058538E+08
           L =  9.7665689322E+08
           Vnuc =  2.3000000107E+09
           Ven = -1.8671009020E+13
           Vrep =  1.8670032155E+13
           DelSqV =  2.2757839753E+16
           DelSqVen =  5.6010657215E+29
           DelSqVrep = -5.6010657215E+29
           DelSqG =  1.5670006164E+14
           DelSqK = -2.2914539815E+16
           Stress_EigVals = -3.2562146795E+08 -3.2562145875E+08 -3.2562135084E+08
           Stress_EigVec1 = -5.1252522316E-04  9.9999986864E-01 -5.6452925762E-06
           Stress_EigVec2 =  9.9999986865E-01  5.1252524330E-04  3.5655036343E-06
           Stress_EigVec3 = -3.5683965209E-06  5.6434644241E-06  9.9999999998E-01
           -DivStress =  1.6517213720E+05 -1.8108498701E+05  4.2623784313E+05
           ESP =  -9.6665383656E+01     ESP at Nucleus =  -9.6665383656E+01
           ESPe = -1.0740478192E+02     ESPe at Nucleus = -1.0740478192E+02
           ESPn =  1.0739398268E+01     ESPn at Nucleus =  1.0739398268E+01

CP# 2      Coords = -3.51500325307607E+00  8.37545088890296E-05  5.80468484471354E-04
           Type = (3,-3) NACP O2
           Rho =  2.9725944269E+02     Rho at Nucleus =  2.9725943521E+02
           GradRho =  6.1270377660E-11  4.7114378100E-15 -4.3254652247E-14
           HessRho_EigVals = -1.1095826649E+06 -1.1095725977E+06 -1.1095556756E+06
           HessRho_EigVec1 =  1.0571880545E-03 -9.8544535099E-05  9.9999943632E-01
           HessRho_EigVec2 =  9.9999942041E-01 -2.0367173717E-04 -1.0572081084E-03
           HessRho_EigVec3 =  2.0377580444E-04  9.9999997440E-01  9.8329158657E-05
           DelSqRho = -3.3287109382E+06
           Bond Ellipticity = NA
           V = -8.3231381508E+05
           G =  6.8040258688E+01
           K =  8.3224577482E+05
           L =  8.3217773456E+05
           Vnuc =  2.1796630069E+06
           Ven = -6.4792541067E+08
           Vrep =  6.4709309685E+08
           DelSqV =  9.3067227217E+10
           DelSqVen =  7.2554681221E+12
           DelSqVrep = -7.1624008949E+12
           DelSqG =  3.1067771752E+09
           DelSqK = -9.6174004393E+10
           Stress_EigVals = -2.7744135649E+05 -2.7743735203E+05 -2.7743510656E+05
           Stress_EigVec1 =  2.0121418553E-04  9.9999997494E-01  9.8112168539E-05
           Stress_EigVec2 =  9.9999938116E-01 -2.0110671317E-04 -1.0941850970E-03
           Stress_EigVec3 =  1.0941653386E-03 -9.8332273386E-05  9.9999939657E-01
           -DivStress =  1.1176034730E+05 -4.6009529812E+01 -9.9606061837E+01
           ESP =  -2.1664819012E+01     ESP at Nucleus =  -2.1664819080E+01
           ESPe = -3.4548655574E+01     ESPe at Nucleus = -3.4548663846E+01
           ESPn =  1.2883836562E+01     ESPn at Nucleus =  1.2883844766E+01

CP# 3      Coords = -4.62002389904697E+00  5.73521777525912E-04 -1.46540302576620E+00
           Type = (3,-3) NACP H3
           Rho =  3.6075229144E-01     Rho at Nucleus =  3.5130413568E-01
           GradRho =  6.3723549007E-14 -2.6192535130E-17  7.9499666399E-14
           HessRho_EigVals = -7.0632929101E+00 -7.0582785631E+00 -5.4193113504E+00
           HessRho_EigVec1 =  7.9499090941E-01  2.5926078061E-04 -6.0662128774E-01
           HessRho_EigVec2 = -4.9833844619E-05  9.9999993321E-01  3.6207649530E-04
           HessRho_EigVec3 =  6.0662134109E-01 -2.5761725128E-04  7.9499086923E-01
           DelSqRho = -1.9540882824E+01
           Bond Ellipticity = NA
           V = -4.9294036288E+00
           G =  2.2091461470E-02
           K =  4.9073121674E+00
           L =  4.8852207059E+00
           Vnuc =  3.1943498275E+01
           Ven = -1.1523690199E+01
           Vrep =  6.5942865705E+00
           DelSqV =  1.1693004060E+03
           DelSqVen =  6.2420415678E+02
           DelSqVrep =  5.4509624919E+02
           DelSqG =  9.0221374041E+01
           DelSqK = -1.2595217800E+03
           Stress_EigVals = -1.7863182960E+00 -1.7808969298E+00 -1.3621884030E+00
           Stress_EigVec1 =  3.0532647607E-04  9.9999994925E-01  9.0990864879E-05
           Stress_EigVec2 =  7.9631314677E-01 -1.8809652678E-04 -6.0488456494E-01
           Stress_EigVec3 =  6.0488451712E-01 -2.5714449458E-04  7.9631316379E-01
           -DivStress = -1.3668459200E+01  5.7497860471E-03 -1.7854783069E+01
           ESP =  -3.5106906271E-01     ESP at Nucleus =  -3.5365315876E-01
           ESPe = -1.4241267083E+01     ESPe at Nucleus = -1.4042341923E+01
           ESPn =  1.3890198020E+01     ESPn at Nucleus =  1.3688688764E+01

CP# 4      Coords = -8.15873840340989E-04  3.51501660556186E+00  1.72606126622758E-03
           Type = (3,-3) NACP O4
           Rho =  2.9727735921E+02     Rho at Nucleus =  2.9727735164E+02
           GradRho = -4.4296045374E-14  1.1334896910E-10 -3.9123326974E-14
           HessRho_EigVals = -1.1096526669E+06 -1.1096442616E+06 -1.1096257406E+06
           HessRho_EigVec1 =  9.9999991862E-01  3.9420870966E-04 -8.5773641353E-05
           HessRho_EigVec2 = -3.9413916817E-04  9.9999959487E-01  8.0926790132E-04
           HessRho_EigVec3 =  8.6092627059E-05 -8.0923402871E-04  9.9999966886E-01
           DelSqRho = -3.3289226691E+06
           Bond Ellipticity = NA
           V = -8.3236672259E+05
           G =  6.8027654291E+01
           K =  8.3229869493E+05
           L =  8.3223066728E+05
           Vnuc =  2.1665154279E+06
           Ven = -6.4405598508E+08
           Vrep =  6.4322361836E+08
           DelSqV =  9.3073132465E+10
           DelSqVen =  7.2121623347E+12
           DelSqVrep = -7.1190892023E+12
           DelSqG =  3.1069847815E+09
           DelSqK = -9.6180117247E+10
           Stress_EigVals = -2.7745912191E+05 -2.7745471616E+05 -2.7745288452E+05
           Stress_EigVec1 =  8.6465714404E-05 -7.8760430642E-04  9.9999968610E-01
           Stress_EigVec2 = -4.1281535118E-04  9.9999960460E-01  7.8763993662E-04
           Stress_EigVec3 =  9.9999991105E-01  4.1288332545E-04 -8.6140545067E-05
           -DivStress =  3.5264233596E+01 -1.1243771300E+05 -1.9121479530E+02
           ESP =  -2.1683546903E+01     ESP at Nucleus =  -2.1683546972E+01
           ESPe = -3.4551535659E+01     ESPe at Nucleus = -3.4551543957E+01
           ESPn =  1.2867988755E+01     ESPn at Nucleus =  1.2867996985E+01

CP# 5      Coords =  1.44633116077270E+00  4.62653788851615E+00  3.03171406386139E-03
           Type = (3,-3) NACP H5
           Rho =  3.7054505497E-01     Rho at Nucleus =  3.6095230704E-01
           GradRho = -1.2327595542E-14 -1.3238650627E-14 -1.1822885878E-17
           HessRho_EigVals = -7.2552289415E+00 -7.2490420246E+00 -5.5778571225E+00
           HessRho_EigVec1 = -6.1953180560E-01  7.8497150225E-01 -2.8722753229E-04
           HessRho_EigVec2 = -7.2031944254E-04 -2.0259761343E-04  9.9999972005E-01
           HessRho_EigVec3 =  7.8497122431E-01  6.1953183905E-01  6.9094590017E-04
           DelSqRho = -2.0082128089E+01
           Bond Ellipticity = NA
           V = -5.0664842377E+00
           G =  2.2976107792E-02
           K =  5.0435081299E+00
           L =  5.0205320221E+00
           Vnuc =  3.2166687053E+01
           Ven = -1.1919206822E+01
           Vrep =  6.8527225844E+00
           DelSqV =  1.2030217618E+03
           DelSqVen =  6.4597552958E+02
           DelSqVrep =  5.5704623219E+02
           DelSqG =  9.2758701539E+01
           DelSqK = -1.2957804633E+03
           Stress_EigVals = -1.8349027184E+00 -1.8290711979E+00 -1.4025103214E+00
           Stress_EigVec1 =  8.5740754777E-05 -1.2237244727E-03  9.9999924757E-01
           Stress_EigVec2 = -6.1777517572E-01  7.8635411967E-01  1.0152500542E-03
           Stress_EigVec3 =  7.8635477039E-01  6.1777479794E-01  6.8856400542E-04
           -DivStress =  1.7986918284E+01  1.4278498312E+01  1.5767333782E-02
           ESP =  -3.7280295485E-01     ESP at Nucleus =  -3.7544950731E-01
           ESPe = -1.4377259067E+01     ESPe at Nucleus = -1.4180895298E+01
           ESPn =  1.4004456112E+01     ESPn at Nucleus =  1.3805445791E+01

CP# 6      Coords =  3.51478569977353E+00  8.61255829841548E-04  5.80449270376819E-04
           Type = (3,-3) NACP O6
           Rho =  2.9725961700E+02     Rho at Nucleus =  2.9725960953E+02
           GradRho = -4.2741546413E-11  3.7486469685E-14 -2.1346449998E-14
           HessRho_EigVals = -1.1095831290E+06 -1.1095730572E+06 -1.1095561561E+06
           HessRho_EigVec1 = -9.9956967617E-04  4.5203204737E-06  9.9999950042E-01
           HessRho_EigVec2 =  9.9999945137E-01  3.1324718148E-04  9.9956821116E-04
           HessRho_EigVec3 = -3.1324250662E-04  9.9999995093E-01 -4.8334303775E-06
           DelSqRho = -3.3287123423E+06
           Bond Ellipticity = NA
           V = -8.3231416660E+05
           G =  6.8040518315E+01
           K =  8.3224612608E+05
           L =  8.3217808556E+05
           Vnuc =  2.1793506209E+06
           Ven = -6.4783293088E+08
           Vrep =  6.4700061672E+08
           DelSqV =  9.3067265429E+10
           DelSqVen =  7.2544313098E+12
           DelSqVrep = -7.1613640444E+12
           DelSqG =  3.1067779649E+09
           DelSqK = -9.6174043394E+10
           Stress_EigVals = -2.7744147051E+05 -2.7743747140E+05 -2.7743522469E+05
           Stress_EigVec1 = -3.0191151972E-04  9.9999995441E-01 -4.5135262066E-06
           Stress_EigVec2 =  9.9999940884E-01  3.0191606980E-04  1.0445906173E-03
           Stress_EigVec3 = -1.0445919324E-03  4.1981495976E-06  9.9999945440E-01
           -DivStress = -1.1177629213E+05 -3.8806052532E+01 -8.9953694067E+01
           ESP =  -2.1664645444E+01     ESP at Nucleus =  -2.1664645512E+01
           ESPe = -3.4550392273E+01     ESPe at Nucleus = -3.4550400551E+01
           ESPn =  1.2885746829E+01     ESPn at Nucleus =  1.2885755039E+01

CP# 7      Coords =  4.61979462637671E+00  1.26507945813582E-03 -1.46549294879275E+00
           Type = (3,-3) NACP H7
           Rho =  3.6069236214E-01     Rho at Nucleus =  3.5124450050E-01
           GradRho = -6.3209420337E-14 -2.2490127648E-17  8.0139670941E-14
           HessRho_EigVals = -7.0620178885E+00 -7.0570279424E+00 -5.4181460052E+00
           HessRho_EigVec1 =  7.9500041426E-01 -2.1556126154E-04  6.0660884832E-01
           HessRho_EigVec2 =  4.0454961690E-05  9.9999995348E-01  3.0233574850E-04
           HessRho_EigVec3 = -6.0660888527E-01 -2.1581670758E-04  7.9500038599E-01
           DelSqRho = -1.9537191836E+01
           Bond Ellipticity = NA
           V = -4.9284661457E+00
           G =  2.2084093315E-02
           K =  4.9063820523E+00
           L =  4.8842979590E+00
           Vnuc =  3.1942718651E+01
           Ven = -1.1521494643E+01
           Vrep =  6.5930284974E+00
           DelSqV =  1.1690570340E+03
           DelSqVen =  6.2407102204E+02
           DelSqVrep =  5.4498601199E+02
           DelSqG =  9.0202498898E+01
           DelSqK = -1.2592595329E+03
           Stress_EigVals = -1.7859956299E+00 -1.7805755832E+00 -1.3618949325E+00
           Stress_EigVec1 = -4.2624289680E-04  9.9999990776E-01 -5.2867237338E-05
           Stress_EigVec2 =  7.9632316509E-01  3.7140500104E-04  6.0487129110E-01
           Stress_EigVec3 = -6.0487125494E-01 -2.1572268555E-04  7.9632324995E-01
           -DivStress =  1.3666717918E+01  4.8541863944E-03 -1.7852987750E+01
           ESP =  -3.5088246358E-01     ESP at Nucleus =  -3.5346620301E-01
           ESPe = -1.4241755767E+01     ESPe at Nucleus = -1.4042802623E+01
           ESPn =  1.3890873303E+01     ESPn at Nucleus =  1.3689336420E+01

CP# 8      Coords = -3.83719587681299E-05 -3.51477178672912E+00  1.72606169179643E-03
           Type = (3,-3) NACP O8
           Rho =  2.9727731463E+02     Rho at Nucleus =  2.9727730707E+02
           GradRho =  1.3795981366E-15 -1.1251533039E-10 -1.1281448865E-14
           HessRho_EigVals = -1.1096522910E+06 -1.1096438825E+06 -1.1096253723E+06
           HessRho_EigVec1 =  9.9999995094E-01 -2.9001319159E-04  1.1834304549E-04
           HessRho_EigVec2 =  2.9011363809E-04  9.9999959697E-01 -8.4964142903E-04
           HessRho_EigVec3 = -1.1809659057E-04  8.4967572028E-04  9.9999963205E-01
           DelSqRho = -3.3289215457E+06
           Bond Ellipticity = NA
           V = -8.3236644365E+05
           G =  6.8028609663E+01
           K =  8.3229841504E+05
           L =  8.3223038643E+05
           Vnuc =  2.1664327419E+06
           Ven = -6.4403130785E+08
           Vrep =  6.4319894140E+08
           DelSqV =  9.3073100349E+10
           DelSqVen =  7.2118846669E+12
           DelSqVrep = -7.1188115665E+12
           DelSqG =  3.1069831462E+09
           DelSqK = -9.6180083495E+10
           Stress_EigVals = -2.7745902734E+05 -2.7745462447E+05 -2.7745279183E+05
           Stress_EigVec1 = -1.1860919097E-04  8.3124734708E-04  9.9999964748E-01
           Stress_EigVec2 =  2.9155407629E-04  9.9999961204E-01 -8.3121273662E-04
           Stress_EigVec3 =  9.9999995046E-01 -2.9145538404E-04  1.1885149851E-04
           -DivStress =  2.8452617470E+01  1.1244178588E+05 -2.0418106156E+02
           ESP =  -2.1683371426E+01     ESP at Nucleus =  -2.1683371495E+01
           ESPe = -3.4553512165E+01     ESPe at Nucleus = -3.4553520469E+01
           ESPn =  1.2870140739E+01     ESPn at Nucleus =  1.2870148975E+01

CP# 9      Coords =  1.44725323453132E+00 -4.62621748910941E+00  3.37745996200883E-03
           Type = (3,-3) NACP H9
           Rho =  3.7047602255E-01     Rho at Nucleus =  3.6088363810E-01
           GradRho = -1.4095631129E-14  1.0144988148E-14 -1.7021127075E-17
           HessRho_EigVals = -7.2537694753E+00 -7.2476048520E+00 -5.5765281681E+00
           HessRho_EigVec1 =  6.1948089003E-01  7.8501167394E-01  3.1411195034E-04
           HessRho_EigVec2 = -8.8493250979E-04  2.9819552137E-04  9.9999956399E-01
           HessRho_EigVec3 =  7.8501123800E-01 -6.1948089789E-01  8.7940877782E-04
           DelSqRho = -2.0077902495E+01
           Bond Ellipticity = NA
           V = -5.0654117584E+00
           G =  2.2968067260E-02
           K =  5.0424436911E+00
           L =  5.0194756239E+00
           Vnuc =  3.2165507842E+01
           Ven = -1.1916549408E+01
           Vrep =  6.8511376500E+00
           DelSqV =  1.2027438675E+03
           DelSqVen =  6.4581593016E+02
           DelSqVrep =  5.5692793731E+02
           DelSqG =  9.2737194066E+01
           DelSqK = -1.2954810615E+03
           Stress_EigVals = -1.8345340603E+00 -1.8287026637E+00 -1.4021750345E+00
           Stress_EigVec1 = -1.2486902925E-04  1.2608468286E-03  9.9999919734E-01
           Stress_EigVec2 =  6.1772409865E-01  7.8639436788E-01 -9.1438897016E-04
           Stress_EigVec3 =  7.8639488958E-01 -6.1772348865E-01  8.7705177205E-04
           -DivStress =  1.7985607543E+01 -1.4275544650E+01  2.0078125104E-02
           ESP =  -3.7260428304E-01     ESP at Nucleus =  -3.7525047150E-01
           ESPe = -1.4377479144E+01     ESPe at Nucleus = -1.4181079842E+01
           ESPn =  1.4004874861E+01     ESPn at Nucleus =  1.3805829371E+01

CP# 10     Coords = -4.61750832730480E+00  2.80446483053458E-04  1.46839287967414E+00
           Type = (3,-3) NACP H10
           Rho =  3.6079066141E-01     Rho at Nucleus =  3.5134101436E-01
           GradRho =  6.7243194520E-14 -1.1158838517E-17 -8.9000584246E-14
           HessRho_EigVals = -7.0640508699E+00 -7.0590117733E+00 -5.4198033372E+00
           HessRho_EigVec1 =  7.9602694296E-01  1.6301311841E-04  6.0526116636E-01
           HessRho_EigVec2 = -6.9072808758E-05  9.9999998169E-01 -1.7848377631E-04
           HessRho_EigVec3 = -6.0526118437E-01  1.0027080603E-04  7.9602693964E-01
           DelSqRho = -1.9542865980E+01
           Bond Ellipticity = NA
           V = -4.9299066336E+00
           G =  2.2095069235E-02
           K =  4.9078115644E+00
           L =  4.8857164951E+00
           Vnuc =  3.1944560096E+01
           Ven = -1.1525298966E+01
           Vrep =  6.5953923320E+00
           DelSqV =  1.1694103456E+03
           DelSqVen =  6.2428825676E+02
           DelSqVrep =  5.4512208889E+02
           DelSqG =  9.0230252492E+01
           DelSqK = -1.2596405981E+03
           Stress_EigVals = -1.7865049658E+00 -1.7810891062E+00 -1.3623125615E+00
           Stress_EigVec1 =  3.1412092735E-04  9.9999994430E-01  1.1280745445E-04
           Stress_EigVec2 =  7.9734754861E-01 -3.1854516094E-04  6.0352032712E-01
           Stress_EigVec3 = -6.0352032944E-01  9.9631617563E-05  7.9734760426E-01
           -DivStress = -1.3639665615E+01  2.2272462639E-03  1.7880419625E+01
           ESP =  -3.5108916371E-01     ESP at Nucleus =  -3.5367323923E-01
           ESPe = -1.4242877786E+01     ESPe at Nucleus = -1.4043957902E+01
           ESPn =  1.3891788623E+01     ESPn at Nucleus =  1.3690284663E+01

CP# 11     Coords =  4.61743873213156E+00  1.29188394147362E-03  1.46836077157420E+00
           Type = (3,-3) NACP H11
           Rho =  3.6072898908E-01     Rho at Nucleus =  3.5127956940E-01
           GradRho = -6.8383341524E-14 -2.5448125518E-17 -8.9590281808E-14
           HessRho_EigVals = -7.0627390697E+00 -7.0577228558E+00 -5.4185884249E+00
           HessRho_EigVec1 =  7.9597188830E-01 -2.9517405928E-04 -6.0533351626E-01
           HessRho_EigVec2 =  9.5687945648E-05  9.9999992997E-01 -3.6179910403E-04
           HessRho_EigVec3 =  6.0533358067E-01  2.3005879542E-04  7.9597186080E-01
           DelSqRho = -1.9539050350E+01
           Bond Ellipticity = NA
           V = -4.9289376369E+00
           G =  2.2087524644E-02
           K =  4.9068501122E+00
           L =  4.8847625876E+00
           Vnuc =  3.1943477540E+01
           Ven = -1.1522938361E+01
           Vrep =  6.5940007237E+00
           DelSqV =  1.1691577653E+03
           DelSqVen =  6.2414521602E+02
           DelSqVrep =  5.4501254930E+02
           DelSqG =  9.0210690896E+01
           DelSqK = -1.2593684562E+03
           Stress_EigVals = -1.7861726001E+00 -1.7807584508E+00 -1.3620065859E+00
           Stress_EigVec1 = -4.3716893098E-04  9.9999990354E-01  4.2554537647E-05
           Stress_EigVec2 =  7.9729303461E-01  3.7423737140E-04 -6.0359231019E-01
           Stress_EigVec3 =  6.0359226789E-01  2.2994336853E-04  7.9729312130E-01
           -DivStress =  1.3639824072E+01  5.1779396703E-03  1.7877194750E+01
           ESP =  -3.5090222776E-01     ESP at Nucleus =  -3.5348599649E-01
           ESPe = -1.4243190152E+01     ESPe at Nucleus = -1.4044239878E+01
           ESPn =  1.3892287924E+01     ESPn at Nucleus =  1.3690753882E+01

CP# 12     Coords = -1.44884653779760E+00  4.62535719911903E+00  3.26951276526494E-03
           Type = (3,-3) NACP H12
           Rho =  3.7055203971E-01     Rho at Nucleus =  3.6095892049E-01
           GradRho =  1.4541753218E-14 -1.2405658098E-14 -9.6095887866E-18
           HessRho_EigVals = -7.2553764637E+00 -7.2491825258E+00 -5.5779307319E+00
           HessRho_EigVec1 =  6.1888618312E-01  7.8548058166E-01 -3.8492966584E-04
           HessRho_EigVec2 =  8.8322919995E-04 -2.0584702488E-04  9.9999958877E-01
           HessRho_EigVec3 =  7.8548017941E-01 -6.1888626860E-01 -8.2115526525E-04
           DelSqRho = -2.0082489721E+01
           Bond Ellipticity = NA
           V = -5.0665759940E+00
           G =  2.2976781797E-02
           K =  5.0435992122E+00
           L =  5.0206224304E+00
           Vnuc =  3.2167112553E+01
           Ven = -1.1919589168E+01
           Vrep =  6.8530131740E+00
           DelSqV =  1.2030407459E+03
           DelSqVen =  6.4599570721E+02
           DelSqVrep =  5.5704503871E+02
           DelSqG =  9.2760381983E+01
           DelSqK = -1.2958011279E+03
           Stress_EigVals = -1.8349389021E+00 -1.8291086115E+00 -1.4025284803E+00
           Stress_EigVec1 =  7.8605026519E-05 -1.2269380756E-03  9.9999924422E-01
           Stress_EigVec2 =  6.1712891819E-01  7.8686152377E-01  9.1692162178E-04
           Stress_EigVec3 =  7.8686205408E-01 -6.1712837970E-01 -8.1903023825E-04
           -DivStress = -1.7999240151E+01  1.4264049952E+01  1.8755102782E-02
           ESP =  -3.7280379229E-01     ESP at Nucleus =  -3.7545068152E-01
           ESPe = -1.4377886540E+01     ESPe at Nucleus = -1.4181528576E+01
           ESPn =  1.4005082748E+01     ESPn at Nucleus =  1.3806077895E+01

CP# 13     Coords = -1.44796824117455E+00 -4.62535697152293E+00  3.05078311791277E-03
           Type = (3,-3) NACP H13
           Rho =  3.7048763892E-01     Rho at Nucleus =  3.6089494378E-01
           GradRho =  1.4571514568E-14  1.1197640037E-14 -1.6999951251E-17
           HessRho_EigVals = -7.2540172116E+00 -7.2478469849E+00 -5.5767136135E+00
           HessRho_EigVec1 = -6.1901106687E-01  7.8538224385E-01  1.7358907860E-04
           HessRho_EigVec2 =  6.5740217011E-04  2.9711670601E-04  9.9999973977E-01
           HessRho_EigVec3 =  7.8538198790E-01  6.1901101990E-01 -7.0023052065E-04
           DelSqRho = -2.0078577810E+01
           Bond Ellipticity = NA
           V = -5.0655830891E+00
           G =  2.2969318312E-02
           K =  5.0426137708E+00
           L =  5.0196444525E+00
           Vnuc =  3.2166549207E+01
           Ven = -1.1917308868E+01
           Vrep =  6.8517257789E+00
           DelSqV =  1.2027846264E+03
           DelSqVen =  6.4585856114E+02
           DelSqVrep =  5.5692606525E+02
           DelSqG =  9.2740570228E+01
           DelSqK = -1.2955251966E+03
           Stress_EigVals = -1.8345961469E+00 -1.8287654304E+00 -1.4022215119E+00
           Stress_EigVec1 = -9.9390610319E-05  1.2566697456E-03  9.9999920545E-01
           Stress_EigVec2 = -6.1725297514E-01  7.8676404472E-01 -1.0500525562E-03
           Stress_EigVec3 =  7.8676473917E-01  6.1725258907E-01 -6.9748618066E-04
           -DivStress = -1.7994804098E+01 -1.4265194531E+01  1.5966080362E-02
           ESP =  -3.7260586138E-01     ESP at Nucleus =  -3.7525233518E-01
           ESPe = -1.4378514620E+01     ESPe at Nucleus = -1.4182127091E+01
           ESPn =  1.4005908758E+01     ESPn at Nucleus =  1.3806874756E+01

CP# 14     Coords = -1.79514011163423E+00 -2.43080297674918E-04 -1.17287621605513E-03
           Type = (3,-1) BCP V1 O2
           Rho =  1.3295537979E-01
           GradRho =  3.8857805862E-16 -6.4374503991E-20 -8.9446679230E-19
           HessRho_EigVals = -3.2783700129E-01 -2.3082015472E-01  1.1108833785E+00
           HessRho_EigVec1 =  1.0447846166E-03 -5.9685196428E-05  9.9999945243E-01
           HessRho_EigVec2 =  2.0945401734E-04  9.9999997630E-01  5.9466393240E-05
           HessRho_EigVec3 =  9.9999943228E-01 -2.0939177308E-04 -1.0447970931E-03
           DelSqRho =  5.5222622252E-01
           Bond Ellipticity =  4.2031358437E-01
           V = -2.2427605655E-01
           G =  1.8116630609E-01
           K =  4.3109750459E-02
           L = -1.3805655563E-01
           Vnuc =  2.4720773117E+01
           Ven = -3.2867597784E+00
           Vrep =  3.0624837219E+00
           DelSqV = -1.8455222009E+00
           DelSqVen = -1.3651459156E+01
           DelSqVrep =  1.1805936955E+01
           DelSqG =  1.5004539701E+00
           DelSqK =  3.4506823073E-01
           Stress_EigVals = -1.0975296799E-01 -1.0450465921E-01 -1.0018429348E-02
           Stress_EigVec1 =  1.7374847740E-04  9.9999996411E-01  2.0395208300E-04
           Stress_EigVec2 =  6.5726372834E-04 -2.0406624060E-04  9.9999976318E-01
           Stress_EigVec3 =  9.9999976891E-01 -1.7361438595E-04 -6.5729916094E-04
           -DivStress =  1.1457124131E-01 -2.4569716141E-05 -8.2905865812E-05
           ESP =   1.2173360346E+00
           ESPe = -2.3503437083E+01
           ESPn =  2.4720773117E+01
           BPL =  3.5155327658E+00 =  1.7956686989E+00 +  1.7198640668E+00                
           GBL_I =  3.5155325896E+00                                                      
           GBL_II =  3.5155289194E+00                                                     
           GBL_III =  3.5155326352E+00 =  1.7956685690E+00 +  1.7198640662E+00            
           GBL_IV =  3.5155289649E+00 =  1.7956685690E+00 +  1.7198603959E+00             
             73 sample points along path from BCP to atom V1
            -1.7951401116E+00  -2.4308029767E-04  -1.1728762161E-03   1.3295537979E-01    
            -1.7701401258E+00  -2.4832867386E-04  -1.1989702508E-03   1.3330750886E-01    
            -1.7451401399E+00  -2.5360405647E-04  -1.2250074208E-03   1.3438561446E-01    
            -1.7201401540E+00  -2.5890672449E-04  -1.2509781376E-03   1.3622644481E-01    
            -1.6951401680E+00  -2.6423597944E-04  -1.2768744470E-03   1.3887251774E-01    
            -1.6701401819E+00  -2.6959104328E-04  -1.3026882704E-03   1.4237241210E-01    
            -1.6451401957E+00  -2.7497104902E-04  -1.3284114933E-03   1.4678109551E-01    
            -1.6201402094E+00  -2.8037504645E-04  -1.3540360187E-03   1.5216028733E-01    
            -1.5951402230E+00  -2.8580201110E-04  -1.3795538195E-03   1.5857885418E-01    
            -1.5701402365E+00  -2.9125085522E-04  -1.4049569941E-03   1.6611323354E-01    
            -1.5451402499E+00  -2.9672044020E-04  -1.4302378288E-03   1.7484787873E-01    
            -1.5201402631E+00  -3.0220959063E-04  -1.4553888666E-03   1.8487571541E-01    
            -1.4951402762E+00  -3.0771710997E-04  -1.4804029830E-03   1.9629859613E-01    
            -1.4701402892E+00  -3.1324179785E-04  -1.5052734686E-03   2.0922773491E-01    
            -1.4451403021E+00  -3.1878246925E-04  -1.5299941181E-03   2.2378409795E-01    
            -1.4201403148E+00  -3.2433797538E-04  -1.5545593243E-03   2.4009872030E-01    
            -1.3951403273E+00  -3.2990722651E-04  -1.5789641763E-03   2.5831291049E-01    
            -1.3701403397E+00  -3.3548921648E-04  -1.6032045596E-03   2.7857829617E-01    
            -1.3451403519E+00  -3.4108304916E-04  -1.6272772567E-03   3.0105665427E-01    
            -1.3201403639E+00  -3.4668796654E-04  -1.6511800459E-03   3.2591945830E-01    
            -1.2951403758E+00  -3.5230337879E-04  -1.6749117981E-03   3.5334706417E-01    
            -1.2701403876E+00  -3.5792889616E-04  -1.6984725683E-03   3.8352744402E-01    
            -1.2451403991E+00  -3.6356436310E-04  -1.7218636846E-03   4.1665436643E-01    
            -1.2201404106E+00  -3.6920989510E-04  -1.7450878323E-03   4.5292491004E-01    
            -1.1951404218E+00  -3.7486591897E-04  -1.7681491383E-03   4.9253618908E-01    
            -1.1701404330E+00  -3.8053321786E-04  -1.7910532583E-03   5.3568116241E-01    
            -1.1451404440E+00  -3.8621298278E-04  -1.8138074733E-03   5.8254339587E-01    
            -1.1201404549E+00  -3.9190687301E-04  -1.8364208037E-03   6.3329065172E-01    
            -1.0951404656E+00  -3.9761708907E-04  -1.8589041528E-03   6.8806719208E-01    
            -1.0701404763E+00  -4.0334646260E-04  -1.8812704934E-03   7.4698470987E-01    
            -1.0451404869E+00  -4.0909856946E-04  -1.9035351140E-03   8.1011184569E-01    
            -1.0201404974E+00  -4.1487787406E-04  -1.9257159475E-03   8.7746232189E-01    
            -9.9514050782E-01  -4.2068991534E-04  -1.9478340039E-03   9.4898183723E-01    
            -9.7014051825E-01  -4.2654154784E-04  -1.9699139320E-03   1.0245340343E+00    
            -9.4514052869E-01  -4.3244125462E-04  -1.9919847351E-03   1.1038861025E+00    
            -9.2014053917E-01  -4.3839955220E-04  -2.0140806515E-03   1.1866949441E+00    
            -8.9514054972E-01  -4.4442950978E-04  -2.0362421886E-03   1.2724953546E+00    
            -8.7014056039E-01  -4.5054740235E-04  -2.0585172346E-03   1.3606924075E+00    
            -8.4514057124E-01  -4.5677350122E-04  -2.0809620373E-03   1.4505612661E+00    
            -8.2014058234E-01  -4.6313295617E-04  -2.1036415520E-03   1.5412590590E+00    
            -7.9514059375E-01  -4.6965659350E-04  -2.1266280579E-03   1.6318553916E+00    
            -7.7014060558E-01  -4.7638114046E-04  -2.1499957346E-03   1.7213906997E+00    
