 AIMExt (Version 19.02.13, Professional)
 Portions Copyright (c) 1997-2019 by Todd A. Keith
 AIMExt is a component of the AIMAll package ( http://aim.tkgristmill.com )

 TP:  64-bit Linux

 Licensed To:  Research Group of Fernando Cortes Guzman, UNAM, fercor@unam.mx

 AIMExt is a heavily modified and extended version of the EXTREME program
 developed by members of R.F.W. Bader's research group

 Much of the Quantum Theory of Atoms in Molecules (QTAIM) is described in the book:
   "Atoms in Molecules - A Quantum Theory"
   R.F.W. Bader, Oxford University Press, Oxford, 1990

 For additional references see:  http://aim.tkgristmill.com/references.html

 Wfx File:  /home/scratch/M_H2O_4_tetraedrico/Opt/V3_tetraedrico_cc-pvtz-def2-tzv_2.wfx
 ExtOut File:  /home/scratch/M_H2O_4_tetraedrico/Opt/V3_tetraedrico_cc-pvtz-def2-tzv_2.extout
 Mgp File:  /home/scratch/M_H2O_4_tetraedrico/Opt/V3_tetraedrico_cc-pvtz-def2-tzv_2.mgp

 MgpViz File:  /home/scratch/M_H2O_4_tetraedrico/Opt/V3_tetraedrico_cc-pvtz-def2-tzv_2.mgpviz

 Wfx Title:   V3_tetraedrico_cc-pvtz-def2-tzv_2                                             
 Job Title:  Auto                                                                           
 
Nuclear Charges and Cartesian Coordinates:
-------------------------------------------------------------------------------
Atom      Charge                X                  Y                  Z
-------------------------------------------------------------------------------
V1        23.0           9.6159815467E-06   2.3393319961E-05   1.7764325519E-05
O2         8.0           2.0476220410E+00  -1.0266125420E+00  -2.6660208275E+00
H3         1.0           3.6231980236E+00  -2.0935713291E-01  -3.2951673111E+00
O4         8.0          -2.0144316725E+00  -2.6887671097E+00   1.0329223587E+00
H5         1.0          -1.6837359757E+00  -3.8191414991E+00   2.5010866473E+00
O6         8.0           2.0109076840E+00   1.0556001109E+00   2.6826482838E+00
H7         1.0           1.6657898862E+00   2.5187769510E+00   3.8152994454E+00
O8         8.0          -2.0440588327E+00   2.6598727172E+00  -1.0494799672E+00
H9         1.0          -3.6328036347E+00   3.2812861892E+00  -2.5207703083E-01
H10        1.0           1.7337953102E+00  -2.4964058246E+00  -3.7991719161E+00
H11        1.0          -1.7154169567E+00   3.7968791397E+00  -2.5130655628E+00
H12        1.0           3.5937536817E+00   2.6130836326E-01   3.3227979624E+00
H13        1.0          -3.5851152607E+00  -3.3346296445E+00   2.1933040311E-01

Total number of electron density critical points found =     25

Electron Density Critical Point Analysis of Molecular Structure:
---------------------------------------------------------------
  NACP = Nuclear Attractor Critical Point
  NNACP = Non-Nuclear Attractor Critical Point
  BCP = Bond Critical Point
  RCP = Ring Critical Point
  CCP = Cage Critical Point
  Rho = Electron Density
  GradRho = Gradient of Electron Density
  HessRho_EigVals = Eigenvalues of the Hessian of Rho, Ascending Order
  HessRho_EigVecs = Eigenvectors of the Hessian of Rho
  DelSqRho = Laplacian of Rho = Trace of Hessian of Rho
  Bond Ellipticity = (HessRho_EigVal(1) / HessRho_EigVal(2)) - 1
  V = Virial Field = Potential Energy Density = Trace of Stress Tensor
  G = Lagrangian Form of Kinetic Energy Density
  K = Hamiltonian Form of Kinetic Energy Density
  L = K - G = Lagrangian Density = (-1/4)DelSqRho
  Vnuc = Electrostatic Potential from Nuclei
  Ven = Electron-nuclear attractive contribution to Virial Field V
  Vrep = V - Ven = Repulsive contribution to Virial Field V
  DelSqV = Laplacian of V
  DelSqVen = Laplacian of Ven
  DelSqVrep = Laplacian of Vrep
  DelSqG = Laplacian of G
  DelSqK = Laplacian of K
  Stress_EigVals = Eigenvalues of Stress Tensor, Ascending Order
  Stress_EigVecs = Eigenvectors of Stress Tensor
  -DivStress = Ehrenfest Force Density = Minus Divergence of Stress Tensor
  ESP = Total Electrostatic Potential
  ESPe = Electrostatic Potential from Electrons
  ESPn = Electrostatic Potential from Nuclei
  BP = Bond Path
  BPL = Bond Path Length
  GBL = Geometric Bond Length
  GBL_I = Distance Between Nuclear Attractors
  GBL_II = Distance Between Nuclei
  GBL_III = Sum of Distances Between BCP and Nuclear Attractors
  GBL_IV = Sum of Distances Between BCP and Nuclei

CP# 1      Coords =  9.61598129690118E-06  2.33933206365222E-05  1.77643242218335E-05
           Type = (3,-3) NACP V1
           Rho =  8.1171048808E+03     Rho at Nucleus =  8.1171048808E+03
           GradRho =  8.9168994513E-13  3.5253484160E-14  2.1822546483E-12
           HessRho_EigVals = -1.3020947781E+09 -1.3020947775E+09 -1.3020947774E+09
           HessRho_EigVec1 =  9.9530509445E-01  8.9128108547E-02 -3.7735251865E-02
           HessRho_EigVec2 = -8.7682543052E-02  9.9540907220E-01  3.8373827380E-02
           HessRho_EigVec3 =  4.0982198700E-02 -3.4884943039E-02  9.9855069983E-01
           DelSqRho = -3.9062843330E+09
           Bond Ellipticity = NA
           V = -9.7677825788E+08
           G =  1.0358731469E+05
           K =  9.7667467056E+08
           L =  9.7657108325E+08
           Vnuc =  2.3000000107E+09
           Ven = -1.8669341313E+13
           Vrep =  1.8668364535E+13
           DelSqV =  2.2755840065E+16
           DelSqVen =  5.6008022446E+29
           DelSqVrep = -5.6008022446E+29
           DelSqG =  1.5668649883E+14
           DelSqK = -2.2912526564E+16
           Stress_EigVals = -3.2559275268E+08 -3.2559275267E+08 -3.2559275252E+08
           Stress_EigVec1 =  4.0843606433E-02 -4.9637396630E-03  9.9915322203E-01
           Stress_EigVec2 = -7.0674334510E-02  9.9746859783E-01  7.8444116203E-03
           Stress_EigVec3 =  9.9666290101E-01  7.0934883102E-02 -4.0389405842E-02
           -DivStress =  1.8873422308E+03 -5.0976524137E+03  9.7992472653E+03
           ESP =  -9.6691840781E+01     ESP at Nucleus =  -9.6691840781E+01
           ESPe = -1.0743411485E+02     ESPe at Nucleus = -1.0743411485E+02
           ESPn =  1.0742274065E+01     ESPn at Nucleus =  1.0742274065E+01

CP# 2      Coords =  2.04762376152851E+00 -1.02661335275487E+00 -2.66602352501750E+00
           Type = (3,-3) NACP O2
           Rho =  2.9718867779E+02     Rho at Nucleus =  2.9718867175E+02
           GradRho = -2.8138699704E-11  5.3784122989E-11 -2.8734112312E-11
           HessRho_EigVals = -1.1093204073E+06 -1.1093126413E+06 -1.1092900842E+06
           HessRho_EigVec1 =  6.2420011876E-01  7.6175315015E-01  1.7351181509E-01
           HessRho_EigVec2 =  5.7191730774E-01 -2.9422622319E-01 -7.6572940566E-01
           HessRho_EigVec3 =  5.3224506089E-01 -5.7720279610E-01  6.1931585426E-01
           DelSqRho = -3.3279231327E+06
           Bond Ellipticity = NA
           V = -8.3211711280E+05
           G =  6.8164809542E+01
           K =  8.3204894799E+05
           L =  8.3198078318E+05
           Vnuc =  2.4237779411E+06
           Ven = -7.2031936157E+08
           Vrep =  7.1948724446E+08
           DelSqV =  9.3045340935E+10
           DelSqVen =  8.0661467136E+12
           DelSqVrep = -7.9731013727E+12
           DelSqG =  3.1060471616E+09
           DelSqK = -9.6151388096E+10
           Stress_EigVals = -2.7737652929E+05 -2.7737113849E+05 -2.7736944502E+05
           Stress_EigVec1 =  5.3325116857E-01 -5.7777082495E-01  6.1791914120E-01
           Stress_EigVec2 =  5.7087049763E-01 -2.9327916967E-01 -7.6687300355E-01
           Stress_EigVec3 =  6.2429966055E-01  7.6168773292E-01  1.7344085841E-01
           -DivStress = -5.2365864437E+04  2.4673827745E+04  8.2114842387E+04
           ESP =  -2.1685903917E+01     ESP at Nucleus =  -2.1685903975E+01
           ESPe = -3.4355020339E+01     ESPe at Nucleus = -3.4355027658E+01
           ESPn =  1.2669116422E+01     ESPn at Nucleus =  1.2669123683E+01

CP# 3      Coords =  3.57714754453895E+00 -2.32530190800034E-01 -3.27637442538433E+00
           Type = (3,-3) NACP H3
           Rho =  3.6849302748E-01     Rho at Nucleus =  3.5900667377E-01
           GradRho = -1.2259368867E-12 -6.1842512448E-13  5.0044170197E-13
           HessRho_EigVals = -7.2182794766E+00 -7.2102198396E+00 -5.5597437667E+00
           HessRho_EigVec1 = -1.8792891451E-02  6.4844718590E-01  7.6102764360E-01
           HessRho_EigVec2 = -5.4420765794E-01  6.3189570145E-01 -5.5185672736E-01
           HessRho_EigVec3 =  8.3874003855E-01  4.2452805513E-01 -3.4101477701E-01
           DelSqRho = -1.9988243083E+01
           Bond Ellipticity = NA
           V = -5.0427233912E+00
           G =  2.2831310227E-02
           K =  5.0198920809E+00
           L =  4.9970607707E+00
           Vnuc =  3.1986205874E+01
           Ven = -1.1786693840E+01
           Vrep =  6.7439704489E+00
           DelSqV =  1.1983433824E+03
           DelSqVen =  6.3934805831E+02
           DelSqVrep =  5.5899532414E+02
           DelSqG =  9.2385088038E+01
           DelSqK = -1.2907284705E+03
           Stress_EigVals = -1.8255901940E+00 -1.8193636675E+00 -1.3977695297E+00
           Stress_EigVec1 =  5.3892129515E-01 -5.5951647905E-01  6.2968654687E-01
           Stress_EigVec2 = -7.8324899861E-02  7.1100670293E-01  6.9880947221E-01
           Stress_EigVec3 =  8.3870677099E-01  4.2592344155E-01 -3.3935258101E-01
           -DivStress =  1.9119328374E+01  9.6228094337E+00 -7.8006771029E+00
           ESP =  -3.7642784959E-01     ESP at Nucleus =  -3.7904900031E-01
           ESPe = -1.4138019656E+01     ESPe at Nucleus = -1.3942404593E+01
           ESPn =  1.3761591807E+01     ESPn at Nucleus =  1.3563355593E+01

CP# 4      Coords = -2.01443336014912E+00 -2.68876982723900E+00  1.03292316962290E+00
           Type = (3,-3) NACP O4
           Rho =  2.9718864058E+02     Rho at Nucleus =  2.9718863454E+02
           GradRho = -2.9244873884E-11 -2.9905140864E-12  1.1942500461E-10
           HessRho_EigVals = -1.1093203329E+06 -1.1093125591E+06 -1.1092900091E+06
           HessRho_EigVec1 =  6.2815794518E-01 -1.6710156182E-01  7.5993069681E-01
           HessRho_EigVec2 =  5.6269174438E-01  7.7210857831E-01 -2.9534106404E-01
           HessRho_EigVec3 = -5.3739705685E-01  6.1312756531E-01  5.7903280731E-01
           DelSqRho = -3.3279229011E+06
           Bond Ellipticity = NA
           V = -8.3211705569E+05
           G =  6.8165205153E+01
           K =  8.3204889049E+05
           L =  8.3198072528E+05
           Vnuc =  2.4241630704E+06
           Ven = -7.2043372744E+08
           Vrep =  7.1960161038E+08
           DelSqV =  9.3045334857E+10
           DelSqVen =  8.0674278195E+12
           DelSqVrep = -7.9743824847E+12
           DelSqG =  3.1060471225E+09
           DelSqK = -9.6151381980E+10
           Stress_EigVals = -2.7737650965E+05 -2.7737112060E+05 -2.7736942544E+05
           Stress_EigVec1 = -5.3839681607E-01  6.1170587094E-01  5.7960744983E-01
           Stress_EigVec2 =  5.6153456937E-01  7.7327523483E-01 -2.9448996349E-01
           Stress_EigVec3 =  6.2833732648E-01 -1.6691716104E-01  7.5982291720E-01
           -DivStress =  5.1366896013E+04  8.2723048168E+04 -2.4677114413E+04
           ESP =  -2.1685894159E+01     ESP at Nucleus =  -2.1685894217E+01
           ESPe = -3.4355044533E+01     ESPe at Nucleus = -3.4355051851E+01
           ESPn =  1.2669150375E+01     ESPn at Nucleus =  1.2669157634E+01

CP# 5      Coords = -1.69261695359637E+00 -3.78586067345494E+00  2.45833694831021E+00
           Type = (3,-3) NACP H5
           Rho =  3.6851287300E-01     Rho at Nucleus =  3.5900878877E-01
           GradRho = -1.8440110550E-15  4.6490589156E-15 -4.1212692981E-15
           HessRho_EigVals = -7.2247503366E+00 -7.2162024228E+00 -5.5632461665E+00
           HessRho_EigVec1 =  7.7088973279E-01  5.7145508006E-01  2.8136828422E-01
           HessRho_EigVec2 = -6.1539322473E-01  5.5418183959E-01  5.6051196921E-01
           HessRho_EigVec3 =  1.6437821889E-01 -6.0524505793E-01  7.7888267474E-01
           DelSqRho = -2.0004198926E+01
           Bond Ellipticity = NA
           V = -5.0467741146E+00
           G =  2.2862191543E-02
           K =  5.0239119230E+00
           L =  5.0010497315E+00
           Vnuc =  3.2036607549E+01
           Ven = -1.1805902289E+01
           Vrep =  6.7591281746E+00
           DelSqV =  1.1993554813E+03
           DelSqVen =  6.4086667032E+02
           DelSqVrep =  5.5848881097E+02
           DelSqG =  9.2531430853E+01
           DelSqK = -1.2918869122E+03
           Stress_EigVals = -1.8272142303E+00 -1.8210146924E+00 -1.3985451919E+00
           Stress_EigVec1 =  5.1615069258E-01 -6.2029146308E-01 -5.9061574935E-01
           Stress_EigVec2 =  8.4025278666E-01  5.0038208482E-01  2.0878942431E-01
           Stress_EigVec3 =  1.6602324251E-01 -6.0403333520E-01  7.7947419003E-01
           -DivStress =  3.6931097035E+00 -1.3829860043E+01  1.7766662790E+01
           ESP =  -3.7546606842E-01     ESP at Nucleus =  -3.7810520107E-01
           ESPe = -1.4197173293E+01     ESPe at Nucleus = -1.4001860502E+01
           ESPn =  1.3821707224E+01     ESPn at Nucleus =  1.3623755301E+01

CP# 6      Coords =  2.01090936978719E+00  1.05560094137315E+00  2.68265099711130E+00
           Type = (3,-3) NACP O6
           Rho =  2.9718870683E+02     Rho at Nucleus =  2.9718870079E+02
           GradRho = -1.6157101351E-10 -4.6126769071E-11  6.1411431496E-11
           HessRho_EigVals = -1.1093205287E+06 -1.1093127584E+06 -1.1092902072E+06
           HessRho_EigVec1 =  6.3701629812E-01 -7.5192556496E-01 -1.6975918442E-01
           HessRho_EigVec2 = -5.6157235758E-01 -3.0181903512E-01 -7.7041661278E-01
           HessRho_EigVec3 = -5.2805939357E-01 -5.8610000410E-01  6.1452425669E-01
           DelSqRho = -3.3279234943E+06
           Bond Ellipticity = NA
           V = -8.3211720309E+05
           G =  6.8164756132E+01
           K =  8.3204903834E+05
           L =  8.3198087358E+05
           Vnuc =  2.4238715351E+06
           Ven = -7.2034724704E+08
           Vrep =  7.1951512983E+08
           DelSqV =  9.3045351052E+10
           DelSqVen =  8.0664590008E+12
           DelSqVrep = -7.9734136498E+12
           DelSqG =  3.1060475320E+09
           DelSqK = -9.6151398584E+10
           Stress_EigVals = -2.7737655873E+05 -2.7737116937E+05 -2.7736947499E+05
           Stress_EigVec1 = -5.2905849407E-01 -5.8668814936E-01  6.1310205126E-01
           Stress_EigVec2 = -5.6047865361E-01 -3.0088998244E-01 -7.7157559403E-01
           Stress_EigVec3 = -6.3715052279E-01  7.5183923406E-01  1.6963778305E-01
           -DivStress = -5.1310481721E+04 -2.5271450534E+04 -8.2593243956E+04
           ESP =  -2.1685906127E+01     ESP at Nucleus =  -2.1685906186E+01
           ESPe = -3.4354980668E+01     ESPe at Nucleus = -3.4354987986E+01
           ESPn =  1.2669074541E+01     ESPn at Nucleus =  1.2669081801E+01

CP# 7      Coords =  1.67508728182764E+00  2.47616892384556E+00  3.78195870129099E+00
           Type = (3,-3) NACP H7
           Rho =  3.6849133637E-01     Rho at Nucleus =  3.5898918114E-01
           GradRho =  3.1702071523E-16 -3.1938427597E-15 -2.7898690302E-15
           HessRho_EigVals = -7.2244186363E+00 -7.2158841814E+00 -5.5632389554E+00
           HessRho_EigVec1 =  7.7604325066E-01 -2.7238644910E-01  5.6882554044E-01
           HessRho_EigVec2 = -6.0677589265E-01 -5.6842187481E-01  5.5562540289E-01
           HessRho_EigVec3 = -1.7198804961E-01  7.7633896887E-01  6.0639749027E-01
           DelSqRho = -2.0003541773E+01
           Bond Ellipticity = NA
           V = -5.0466012507E+00
           G =  2.2857903727E-02
           K =  5.0237433470E+00
           L =  5.0008854433E+00
           Vnuc =  3.2038148907E+01
           Ven = -1.1805780306E+01
           Vrep =  6.7591790548E+00
           DelSqV =  1.1993399633E+03
           DelSqVen =  6.4087644999E+02
           DelSqVrep =  5.5846351326E+02
           DelSqG =  9.2530241638E+01
           DelSqK = -1.2918702049E+03
           Stress_EigVals = -1.8271293082E+00 -1.8209286767E+00 -1.3985432659E+00
           Stress_EigVec1 =  5.0661213751E-01  5.9744771550E-01 -6.2161110783E-01
           Stress_EigVec2 =  8.4450698187E-01 -1.9865864360E-01  4.9733560188E-01
           Stress_EigVec3 = -1.7364359965E-01  7.7691117290E-01  6.0519164711E-01
           -DivStress = -3.8660521553E+00  1.7707193323E+01  1.3854327028E+01
           ESP =  -3.7547952372E-01     ESP at Nucleus =  -3.7811629947E-01
           ESPe = -1.4197123009E+01     ESPe at Nucleus = -1.4001837254E+01
           ESPn =  1.3821643486E+01     ESPn at Nucleus =  1.3623720955E+01

CP# 8      Coords = -2.04406055317925E+00  2.65987540945128E+00 -1.04948079571742E+00
           Type = (3,-3) NACP O8
           Rho =  2.9718869391E+02     Rho at Nucleus =  2.9718868787E+02
           GradRho =  2.3548017009E-10 -1.9761829673E-10  9.8116043068E-11
           HessRho_EigVals = -1.1093204654E+06 -1.1093127002E+06 -1.1092901429E+06
           HessRho_EigVec1 = -6.3350974775E-01 -1.7739873916E-01  7.5312355351E-01
           HessRho_EigVec2 =  5.7108806095E-01 -7.6393305508E-01  3.0044086605E-01
           HessRho_EigVec3 =  5.2203814626E-01  6.2043208710E-01  5.8526933898E-01
           DelSqRho = -3.3279233085E+06
           Bond Ellipticity = NA
           V = -8.3211715669E+05
           G =  6.8164780703E+01
           K =  8.3204899191E+05
           L =  8.3198082713E+05
           Vnuc =  2.4237141443E+06
           Ven = -7.2030044095E+08
           Vrep =  7.1946832379E+08
           DelSqV =  9.3045345813E+10
           DelSqVen =  8.0659348029E+12
           DelSqVrep = -7.9728894571E+12
           DelSqG =  3.1060473209E+09
           DelSqK = -9.6151393134E+10
           Stress_EigVals = -2.7737654389E+05 -2.7737115303E+05 -2.7736945977E+05
           Stress_EigVec1 =  5.2304260301E-01  6.1903611633E-01  5.8585042640E-01
           Stress_EigVec2 =  5.7004811860E-01 -7.6508332941E-01  2.9948729778E-01
           Stress_EigVec3 = -6.3361784848E-01 -1.7731831755E-01  7.5305154960E-01
           -DivStress =  5.2365174400E+04 -8.1954699117E+04  2.5212668796E+04
           ESP =  -2.1685908489E+01     ESP at Nucleus =  -2.1685908547E+01
           ESPe = -3.4355005593E+01     ESPe at Nucleus = -3.4355012913E+01
           ESPn =  1.2669097105E+01     ESPn at Nucleus =  1.2669104366E+01

CP# 9      Coords = -3.58637543590639E+00  3.26271827760822E+00 -2.74670748032603E-01
           Type = (3,-3) NACP H9
           Rho =  3.6850122907E-01     Rho at Nucleus =  3.5901461679E-01
           GradRho =  1.8214923927E-12 -7.2753125884E-13 -8.8808518509E-13
           HessRho_EigVals = -7.2184542065E+00 -7.2103882885E+00 -5.5598712321E+00
           HessRho_EigVec1 = -1.3358281055E-02  7.6199720528E-01 -6.4744251904E-01
           HessRho_EigVec2 =  5.3357751295E-01  5.5303691776E-01  6.3987905518E-01
           HessRho_EigVec3 =  8.4564566693E-01 -3.3691308483E-01 -4.1397219625E-01
           DelSqRho = -1.9988713727E+01
           Bond Ellipticity = NA
           V = -5.0428437000E+00
           G =  2.2832634103E-02
           K =  5.0200110659E+00
           L =  4.9971784318E+00
           Vnuc =  3.1986536487E+01
           Ven = -1.1787078009E+01
           Vrep =  6.7442343094E+00
           DelSqV =  1.1983714860E+03
           DelSqVen =  6.3936972097E+02
           DelSqVrep =  5.5900176501E+02
           DelSqG =  9.2387426494E+01
           DelSqK = -1.2907589125E+03
           Stress_EigVals = -1.8256339617E+00 -1.8194082719E+00 -1.3978014664E+00
           Stress_EigVec1 =  5.2893917798E-01  6.3084108016E-01  5.6768202154E-01
           Stress_EigVec2 =  7.1714750463E-02 -6.9974849787E-01  7.1078058097E-01
           Stress_EigVec3 =  8.4562423130E-01 -3.3524852171E-01 -4.1536500590E-01
           -DivStress = -1.9276625960E+01  7.7074562818E+00  9.3824983855E+00
           ESP =  -3.7643270220E-01     ESP at Nucleus =  -3.7905423218E-01
           ESPe = -1.4138389171E+01     ESPe at Nucleus = -1.3942775322E+01
           ESPn =  1.3761956468E+01     ESPn at Nucleus =  1.3563721089E+01

CP# 10     Coords =  1.74217805567213E+00 -2.45361871557599E+00 -3.76582210365171E+00
           Type = (3,-3) NACP H10
           Rho =  3.6851399774E-01     Rho at Nucleus =  3.5901196593E-01
           GradRho =  6.9735883734E-16  6.6437740726E-15  5.5597887405E-15
           HessRho_EigVals = -7.2249135220E+00 -7.2163858845E+00 -5.5637425904E+00
           HessRho_EigVec1 =  7.7631823105E-01  2.8338901817E-01 -5.6304588491E-01
           HessRho_EigVec2 =  6.1090067675E-01 -5.5838084960E-01  5.6125857672E-01
           HessRho_EigVec3 =  1.5533952259E-01  7.7968037758E-01  6.0660377640E-01
           DelSqRho = -2.0005041997E+01
           Bond Ellipticity = NA
           V = -5.0469830349E+00
           G =  2.2861267828E-02
           K =  5.0241217671E+00
           L =  5.0012604992E+00
           Vnuc =  3.2039651175E+01
           Ven = -1.1807059941E+01
           Vrep =  6.7600769059E+00
           DelSqV =  1.1994427043E+03
           DelSqVen =  6.4095456732E+02
           DelSqVrep =  5.5848813701E+02
           DelSqG =  9.2538295680E+01
           DelSqK = -1.2919810000E+03
           Stress_EigVals = -1.8272576250E+00 -1.8210546476E+00 -1.3986707623E+00
           Stress_EigVec1 =  5.1099647436E-01 -5.8875764447E-01  6.2629628713E-01
           Stress_EigVec2 = -8.4512414743E-01 -2.1103775025E-01  4.9114991948E-01
           Stress_EigVec3 =  1.5699611025E-01  7.8027399293E-01  6.0541284866E-01
           -DivStress = -3.4862227246E+00 -1.7782991917E+01 -1.3859174170E+01
           ESP =  -3.7547968977E-01     ESP at Nucleus =  -3.7811700207E-01
           ESPe = -1.4197798256E+01     ESPe at Nucleus = -1.4002522617E+01
           ESPn =  1.3822318566E+01     ESPn at Nucleus =  1.3624405615E+01

CP# 11     Coords = -1.72422908016027E+00  3.76342018827223E+00 -2.47045012838942E+00
           Type = (3,-3) NACP H11
           Rho =  3.6850496496E-01     Rho at Nucleus =  3.5900314987E-01
           GradRho = -4.6187012548E-17 -2.3942436575E-15  3.7349680640E-15
           HessRho_EigVals = -7.2247145571E+00 -7.2161963025E+00 -5.5635891536E+00
           HessRho_EigVec1 =  7.8194401506E-01 -5.5971693286E-01 -2.7437294396E-01
           HessRho_EigVec2 =  6.0161399571E-01  5.6242430426E-01  5.6722085835E-01
           HessRho_EigVec3 = -1.6316910698E-01 -6.0860155853E-01  7.7651785909E-01
           DelSqRho = -2.0004500013E+01
           Bond Ellipticity = NA
           V = -5.0468445006E+00
           G =  2.2859748636E-02
           K =  5.0239847519E+00
           L =  5.0011250033E+00
           Vnuc =  3.2039139549E+01
           Ven = -1.1806581997E+01
           Vrep =  6.7597374963E+00
           DelSqV =  1.1994089129E+03
           DelSqVen =  6.4092696754E+02
           DelSqVrep =  5.5848194536E+02
           DelSqG =  9.2535519326E+01
           DelSqK = -1.2919444322E+03
           Stress_EigVals = -1.8272085127E+00 -1.8210037349E+00 -1.3986322529E+00
           Stress_EigVec1 =  5.0056021537E-01  6.2734893904E-01  5.9655073504E-01
           Stress_EigVec2 =  8.4986354364E-01 -4.8731508721E-01 -2.0063888697E-01
           Stress_EigVec3 = -1.6483758060E-01 -6.0741856612E-01  7.7709153744E-01
           -DivStress =  3.6645821605E+00  1.3904155543E+01 -1.7711119772E+01
           ESP =  -3.7548443958E-01     ESP at Nucleus =  -3.7812140874E-01
           ESPe = -1.4197330953E+01     ESPe at Nucleus = -1.4002052345E+01
           ESPn =  1.3821846514E+01     ESPn at Nucleus =  1.3623930936E+01

CP# 12     Coords =  3.54750320769625E+00  2.83811175612427E-01  3.30368375889487E+00
           Type = (3,-3) NACP H12
           Rho =  3.6850871267E-01     Rho at Nucleus =  3.5902190295E-01
           GradRho = -1.5184120237E-12  7.4011500054E-13 -6.2635205182E-13
           HessRho_EigVals = -7.2185706510E+00 -7.2105066544E+00 -5.5599571379E+00
           HessRho_EigVec1 =  3.0667556269E-03  6.4741487860E-01  7.6213159624E-01
           HessRho_EigVec2 =  5.3880768102E-01  6.4097359720E-01 -5.4666180639E-01
           HessRho_EigVec3 =  8.4242321779E-01 -4.1231883617E-01  3.4686640001E-01
           DelSqRho = -1.9989034443E+01
           Bond Ellipticity = NA
           V = -5.0429240601E+00
           G =  2.2832724640E-02
           K =  5.0200913355E+00
           L =  4.9972586108E+00
           Vnuc =  3.1987005659E+01
           Ven = -1.1787490277E+01
           Vrep =  6.7445662173E+00
           DelSqV =  1.1983889520E+03
           DelSqVen =  6.3938935785E+02
           DelSqVrep =  5.5899959413E+02
           DelSqG =  9.2388517790E+01
           DelSqK = -1.2907774698E+03
           Stress_EigVals = -1.8256637506E+00 -1.8194373747E+00 -1.3978229348E+00
           Stress_EigVec1 = -5.3520091924E-01 -5.6842973032E-01  6.2485807808E-01
           Stress_EigVec2 =  6.2291820021E-02  7.1114600683E-01  7.0027929152E-01
           Stress_EigVec3 =  8.4242489588E-01 -4.1371366748E-01  3.4519747411E-01
           -DivStress =  1.9203156666E+01 -9.3448963024E+00  7.9343802018E+00
           ESP =  -3.7643553361E-01     ESP at Nucleus =  -3.7905707378E-01
           ESPe = -1.4138905491E+01     ESPe at Nucleus = -1.3943294584E+01
           ESPn =  1.3762469957E+01     ESPn at Nucleus =  1.3564237510E+01

CP# 13     Coords = -3.53921440382027E+00 -3.31534962772541E+00  2.42396637578091E-01
           Type = (3,-3) NACP H13
           Rho =  3.6851474314E-01     Rho at Nucleus =  3.5902826803E-01
           GradRho =  1.0396934710E-12  4.3673298959E-13  5.2371467758E-13
           HessRho_EigVals = -7.2186929373E+00 -7.2106323022E+00 -5.5601351430E+00
           HessRho_EigVec1 =  8.7305192251E-03  7.6166505443E-01 -6.4791212591E-01
           HessRho_EigVec2 = -5.4857790808E-01  5.4537889939E-01  6.3373822267E-01
           HessRho_EigVec3 =  8.3605385999E-01  3.4989741491E-01  4.2259406318E-01
           DelSqRho = -1.9989460382E+01
           Bond Ellipticity = NA
           V = -5.0430305070E+00
           G =  2.2832705676E-02
           K =  5.0201978013E+00
           L =  4.9973650956E+00
           Vnuc =  3.1988040948E+01
           Ven = -1.1788064694E+01
           Vrep =  6.7450341866E+00
           DelSqV =  1.1984216166E+03
           DelSqVen =  6.3942367725E+02
           DelSqVrep =  5.5899793940E+02
           DelSqG =  9.2390796160E+01
           DelSqK = -1.2908124128E+03
           Stress_EigVals = -1.8256952106E+00 -1.8194675803E+00 -1.3978677160E+00
           Stress_EigVec1 = -5.4432595333E-01  6.2340686330E-01  5.6131376191E-01
           Stress_EigVec2 = -6.8855246588E-02 -7.0007271184E-01  7.1074408415E-01
           Stress_EigVec3 =  8.3604318761E-01  3.4822705369E-01  4.2399257957E-01
           -DivStress = -1.9058379642E+01 -8.0033904969E+00 -9.5790343975E+00
           ESP =  -3.7642427062E-01     ESP at Nucleus =  -3.7904538696E-01
           ESPe = -1.4139394402E+01     ESPe at Nucleus = -1.3943793095E+01
           ESPn =  1.3762970131E+01     ESPn at Nucleus =  1.3564747708E+01

CP# 14     Coords =  1.01272364157779E+00 -5.33797788623926E-01 -1.31806372147822E+00
           Type = (3,-1) BCP V1 O2
           Rho =  1.2212561012E-01
           GradRho = -1.1651446409E-16  2.5854833682E-17  1.3395317841E-16
           HessRho_EigVals = -1.8680414425E-01 -1.7816841720E-01  9.7319910395E-01
           HessRho_EigVec1 =  5.0819557401E-01  8.5669132559E-01  8.8415107392E-02
           HessRho_EigVec2 =  6.3018189430E-01 -4.3986309321E-01  6.3983688494E-01
           HessRho_EigVec3 = -5.8703325175E-01  2.6944467315E-01  7.6340783953E-01
           DelSqRho =  6.0822654250E-01
           Bond Ellipticity =  4.8469460442E-02
           V = -2.1397625554E-01
           G =  1.8301644558E-01
           K =  3.0959809960E-02
           L = -1.5205663562E-01
           Vnuc =  2.4803989105E+01
           Ven = -3.0292023028E+00
           Vrep =  2.8152260473E+00
           DelSqV = -2.1310159561E+00
           DelSqVen = -1.5086444533E+01
           DelSqVrep =  1.2955428577E+01
           DelSqG =  1.9053697471E+00
           DelSqK =  2.2564620896E-01
           Stress_EigVals = -1.1040276887E-01 -1.0613588756E-01  2.5624008843E-03
           Stress_EigVec1 =  5.3770188088E-01 -5.5620793763E-01  6.3364770766E-01
           Stress_EigVec2 =  6.1295976541E-01  7.7391259974E-01  1.5918421391E-01
           Stress_EigVec3 = -5.7892746807E-01  3.0280689901E-01  7.5706734748E-01
           -DivStress = -6.7143848730E-02  3.6263123371E-02  8.7113833052E-02
           ESP =   1.2363935668E+00
           ESPe = -2.3567595538E+01
           ESPn =  2.4803989105E+01
           BPL =  3.5221701675E+00 =  1.7527030982E+00 +  1.7694670693E+00
           GBL_I =  3.5148944300E+00
           GBL_II =  3.5148911448E+00
           GBL_III =  3.5152513311E+00 =  1.7458217421E+00 +  1.7694295890E+00
           GBL_IV =  3.5152480440E+00 =  1.7458217421E+00 +  1.7694263019E+00
             72 sample points along path from BCP to atom V1      
             1.0127236416E+00  -5.3379778862E-01  -1.3180637215E+00   1.2212561012E-01
             9.9804808908E-01  -5.2706149176E-01  -1.2989783747E+00   1.2243450803E-01
             9.8337316802E-01  -5.2032431937E-01  -1.2798928513E+00   1.2338197921E-01
             9.6869900883E-01  -5.1358542654E-01  -1.2608073496E+00   1.2500310485E-01
             9.5402572120E-01  -5.0684398502E-01  -1.2417220780E+00   1.2733842541E-01
             9.3935341213E-01  -5.0009917355E-01  -1.2226372446E+00   1.3043426569E-01
             9.2468218444E-01  -4.9335018648E-01  -1.2035530561E+00   1.3434308788E-01
             9.1001213549E-01  -4.8659624315E-01  -1.1844697150E+00   1.3912386715E-01
             8.9534335548E-01  -4.7983659833E-01  -1.1653874171E+00   1.4484248247E-01
             8.8067592576E-01  -4.7307055383E-01  -1.1463063494E+00   1.5157211252E-01
             8.6600991664E-01  -4.6629747108E-01  -1.1272266869E+00   1.5939362388E-01
             8.5134538510E-01  -4.5951678499E-01  -1.1081485894E+00   1.6839593512E-01
             8.3668237211E-01  -4.5272801870E-01  -1.0890721983E+00   1.7867633622E-01
             8.2202089968E-01  -4.4593079933E-01  -1.0699976334E+00   1.9034073816E-01
             8.0736096768E-01  -4.3912487461E-01  -1.0509249887E+00   2.0350382214E-01
             7.9270255028E-01  -4.3231013027E-01  -1.0318543292E+00   2.1828905171E-01
             7.7804559212E-01  -4.2548660837E-01  -1.0127856869E+00   2.3482850446E-01
             7.6339000412E-01  -4.1865452636E-01  -9.9371905664E-01   2.5326247219E-01
             7.4873565886E-01  -4.1181429742E-01  -9.7465439227E-01   2.7373877057E-01
             7.3408238552E-01  -4.0496655218E-01  -9.5559160232E-01   2.9641169033E-01
             7.1942996406E-01  -3.9811216261E-01  -9.3653054553E-01   3.2144051259E-01
             7.0477811868E-01  -3.9125226907E-01  -9.1747102598E-01   3.4898750148E-01
             6.9012651000E-01  -3.8438831169E-01  -8.9841278758E-01   3.7921527733E-01
             6.7547472572E-01  -3.7752206820E-01  -8.7935550767E-01   4.1228346441E-01
             6.6082226910E-01  -3.7065570076E-01  -8.6029878935E-01   4.4834450000E-01
             6.4616854449E-01  -3.6379181533E-01  -8.4124215191E-01   4.8753848681E-01
             6.3151283880E-01  -3.5693353841E-01  -8.2218501878E-01   5.2998697313E-01
             6.1685429750E-01  -3.5008461773E-01  -8.0312670194E-01   5.7578555759E-01
             6.0219189310E-01  -3.4324955560E-01  -7.8406638194E-01   6.2499524630E-01
             5.8752438344E-01  -3.3643378678E-01  -7.6500308185E-01   6.7763255021E-01
             5.7285025605E-01  -3.2964391714E-01  -7.4593563376E-01   7.3365841416E-01
             5.5816765368E-01  -3.2288804479E-01  -7.2686263603E-01   7.9296624071E-01
             5.4347427397E-01  -3.1617619353E-01  -7.0778239957E-01   8.5536953741E-01
             5.2876723440E-01  -3.0952089830E-01  -6.8869288234E-01   9.2059011673E-01
             5.1404289033E-01  -3.0293799471E-01  -6.6959161334E-01   9.8824835744E-01
             4.9929659160E-01  -2.9644767694E-01  -6.5047561279E-01   1.0578578513E+00
             4.8452236169E-01  -2.9007589172E-01  -6.3134132702E-01   1.1288278701E+00
             4.6971248900E-01  -2.8385610790E-01  -6.1218462203E-01   1.2004785567E+00
             4.5485704299E-01  -2.7783137703E-01  -5.9300092966E-01   1.2720756202E+00
             4.3994339641E-01  -2.7205622473E-01  -5.7378573233E-01   1.3428935945E+00
             4.2495600207E-01  -2.6659693884E-01  -5.5453571137E-01   1.4123192350E+00
             4.0987701954E-01  -2.6152661702E-01  -5.3525099449E-01   1.4800088323E+00
             3.9468895256E-01  -2.5690735655E-01  -5.1593867704E-01   1.5461139863E+00
             3.7938097563E-01  -2.5274814709E-01  -4.9661640655E-01   1.6115891951E+00
             3.6396023159E-01  -2.4893400975E-01  -4.7731232472E-01   1.6785982758E+00
             3.4846694981E-01  -2.4515904690E-01  -4.5805863756E-01   1.7510712661E+00
             3.3298636251E-01  -2.4094975975E-01  -4.3888594104E-01   1.8355544739E+00
             3.1764013592E-01  -2.3583522632E-01  -4.1982728046E-01   1.9425689235E+00
             3.0254371808E-01  -2.2955708508E-01  -4.0091815760E-01   2.0885868182E+00
             2.8775702382E-01  -2.2213193316E-01  -3.8218008426E-01   2.2985470159E+00
             2.7327412974E-01  -2.1374877814E-01  -3.6360856517E-01   2.6088622521E+00
             2.5904940964E-01  -2.0463872331E-01  -3.4517959332E-01   3.0710270052E+00
             2.4502677861E-01  -1.9500319551E-01  -3.2686284971E-01   3.7559299626E+00
             2.3115572324E-01  -1.8499509423E-01  -3.0863040811E-01   4.7588294740E+00
             2.1739622638E-01  -1.7472367733E-01  -2.9045984772E-01   6.2047151631E+00
             2.0371840441E-01  -1.6426520896E-01  -2.7233431139E-01   8.2532787131E+00
             1.9010051281E-01  -1.5367266391E-01  -2.5424150401E-01   1.1101664872E+01
             1.7652686999E-01  -1.4298299776E-01  -2.3617256537E-01   1.4981503635E+01
             1.6298617224E-01  -1.3222219861E-01  -2.1812113009E-01   2.0145082284E+01
             1.4947024591E-01  -1.2140870005E-01  -2.0008262221E-01   2.6835269425E+01
             1.3597314960E-01  -1.1055568856E-01  -1.8205374513E-01   3.5235613565E+01
             1.2249053398E-01  -9.9672675509E-02  -1.6403211841E-01   4.5401484131E+01
             1.0901923271E-01  -8.8766497830E-02  -1.4601603433E-01   5.7199605071E+01
             9.5557160775E-02  -7.7841767701E-02  -1.2800429205E-01   7.0418273500E+01
             8.2103530962E-02  -6.6901212807E-02  -1.0999584739E-01   8.5630087980E+01
             6.8658186642E-02  -5.5948211622E-02  -9.1988780196E-02   1.0749584891E+02
             5.5218567073E-02  -4.4990207961E-02  -7.3980482662E-02   1.5584696354E+02
             4.1780795773E-02  -3.4032808641E-02  -5.5970438179E-02   3.0092068151E+02
             2.8343227339E-02  -2.3076627963E-02  -3.7959500962E-02   7.7315690845E+02
             1.4905606405E-02  -1.2121013814E-02  -1.9948258299E-02   2.3058442819E+03
             1.4679560127E-03  -1.1655602539E-03  -1.9369399347E-03   7.2162661764E+03
            -1.2195748034E-03   1.0255261983E-03   1.6653257789E-03   7.3583040649E+03
             72 sample points along path from BCP to atom O2      
             1.0127236416E+00  -5.3379778862E-01  -1.3180637215E+00   1.2212561012E-01
             1.0273997156E+00  -5.4053398328E-01  -1.3371487033E+00   1.2242537011E-01
             1.0420762062E+00  -5.4727083735E-01  -1.3562331321E+00   1.2330877891E-01
             1.0567530127E+00  -5.5400915544E-01  -1.3753168010E+00   1.2475550896E-01
             1.0714300196E+00  -5.6074971029E-01  -1.3943995259E+00   1.2674972434E-01
             1.0861071125E+00  -5.6749324852E-01  -1.4134811306E+00   1.2927992476E-01
             1.1007841781E+00  -5.7424048624E-01  -1.4325614483E+00   1.3233882165E-01
             1.1154611048E+00  -5.8099210498E-01  -1.4516403231E+00   1.3592324384E-01
             1.1301377834E+00  -5.8774874781E-01  -1.4707176102E+00   1.4003406942E-01
             1.1448141072E+00  -5.9451101558E-01  -1.4897931771E+00   1.4467617966E-01
             1.1594899728E+00  -6.0127946340E-01  -1.5088669045E+00   1.4985842985E-01
             1.1741652815E+00  -6.0805459731E-01  -1.5279386866E+00   1.5559363119E-01
             1.1888399388E+00  -6.1483687133E-01  -1.5470084319E+00   1.6189853651E-01
             1.2035138567E+00  -6.2162668485E-01  -1.5660760632E+00   1.6879382160E-01
             1.2181869531E+00  -6.2842438057E-01  -1.5851415179E+00   1.7630405265E-01
             1.2328591541E+00  -6.3523024312E-01  -1.6042047482E+00   1.8445762876E-01
             1.2475303935E+00  -6.4204449829E-01  -1.6232657202E+00   1.9328668704E-01
             1.2622006148E+00  -6.4886731308E-01  -1.6423244138E+00   2.0282695652E-01
             1.2768697710E+00  -6.5569879659E-01  -1.6613808217E+00   2.1311754523E-01
             1.2915378261E+00  -6.6253900166E-01  -1.6804349485E+00   2.2420064395E-01
             1.3062047550E+00  -6.6938792739E-01  -1.6994868094E+00   2.3612112923E-01
             1.3208705446E+00  -6.7624552227E-01  -1.7185364288E+00   2.4892604794E-01
             1.3355351937E+00  -6.8311168807E-01  -1.7375838388E+00   2.6266396657E-01
             1.3501987136E+00  -6.8998628417E-01  -1.7566290772E+00   2.7738417089E-01
             1.3648611282E+00  -6.9686913237E-01  -1.7756721861E+00   2.9313570528E-01
             1.3795224740E+00  -7.0376002191E-01  -1.7947132096E+00   3.0996624787E-01
             1.3941828003E+00  -7.1065871477E-01  -1.8137521923E+00   3.2792082653E-01
             1.4088421690E+00  -7.1756495102E-01  -1.8327891775E+00   3.4704039332E-01
             1.4235006548E+00  -7.2447845413E-01  -1.8518242048E+00   3.6736029025E-01
             1.4381583443E+00  -7.3139893636E-01  -1.8708573091E+00   3.8890865844E-01
             1.4528153363E+00  -7.3832610405E-01  -1.8898885185E+00   4.1170486367E-01
             1.4674717409E+00  -7.4525966292E-01  -1.9089178527E+00   4.3575803445E-01
             1.4821276788E+00  -7.5219932349E-01  -1.9279453222E+00   4.6106583182E-01
             1.4967832800E+00  -7.5914480670E-01  -1.9469709263E+00   4.8761359095E-01
             1.5114386821E+00  -7.6609584990E-01  -1.9659946532E+00   5.1537399175E-01
             1.5260940275E+00  -7.7305221350E-01  -1.9850164789E+00   5.4430742553E-01
             1.5407494592E+00  -7.8001368851E-01  -2.0040363681E+00   5.7436322694E-01
             1.5554051156E+00  -7.8698010535E-01  -2.0230542747E+00   6.0548193260E-01
             1.5700611212E+00  -7.9395134429E-01  -2.0420701450E+00   6.3759871512E-01
             1.5847175761E+00  -8.0092734789E-01  -2.0610839217E+00   6.7064813080E-01
             1.5993745385E+00  -8.0790813597E-01  -2.0800955510E+00   7.0457033496E-01
             1.6140320030E+00  -8.1489382338E-01  -2.0991049934E+00   7.3931900440E-01
             1.6286898695E+00  -8.2188464136E-01  -2.1181122396E+00   7.7487144376E-01
             1.6433479005E+00  -8.2888096324E-01  -2.1371173338E+00   8.1124188317E-01
             1.6580056626E+00  -8.3588333597E-01  -2.1561204069E+00   8.4850002355E-01
             1.6726624453E+00  -8.4289251919E-01  -2.1751217244E+00   8.8679878823E-01
             1.6873171508E+00  -8.4990953176E-01  -2.1941217542E+00   9.2641845932E-01
             1.7019681551E+00  -8.5693569862E-01  -2.2131212553E+00   9.6783949404E-01
             1.7166131652E+00  -8.6397267072E-01  -2.2321213787E+00   1.0118639619E+00
             1.7312491574E+00  -8.7102235600E-01  -2.2511237375E+00   1.0598162312E+00
             1.7458725596E+00  -8.7808666835E-01  -2.2701303564E+00   1.1138673405E+00
             1.7604798513E+00  -8.8516704315E-01  -2.2891433853E+00   1.1775436738E+00
             1.7750685383E+00  -8.9226385187E-01  -2.3081645698E+00   1.2564975029E+00
             1.7896380311E+00  -8.9937606959E-01  -2.3271947087E+00   1.3596337270E+00
