 AIMInt (Version 14.11.23, Professional)
 Portions Copyright (c) 1997-2014 by Todd A. Keith
 AIMInt is a component of the AIMAll package ( http://aim.tkgristmill.com )

 AIMInt is a heavily modified and extended version of the PROAIMV program
 developed by members of R.F.W. Bader's research group

 Much of the Quantum Theory of Atoms in Molecules (QTAIM) is described in the book:
   "Atoms in Molecules - A Quantum Theory"
   R.F.W. Bader, Oxford University Press, Oxford, 1990

 For additional references see:  http://aim.tkgristmill.com/references.html

 Inp File:  E:\Proyecto spin\estructuras hexahidratadas\estructuras hexahidratadas solas\nuevas\Ti23_atomicfiles\ti1.inp
 Wfx File:  E:\Proyecto spin\estructuras hexahidratadas\estructuras hexahidratadas solas\nuevas\Ti23.wfx
 Out File:  E:\Proyecto spin\estructuras hexahidratadas\estructuras hexahidratadas solas\nuevas\Ti23_atomicfiles\ti1.int

 Wfx Title:   Ti[H2O]6 (2+)                                                                 
 Job Title:   Ti[H2O]6 (2+)                                                                 
 
<Atom>
Ti1     
</Atom>
<Nuclei of Molecule>
    19
Ti1       22.0           0.0000000000E+00   0.0000000000E+00   0.0000000000E+00
O2         8.0          -1.6385818555E-01   4.1474919026E+00   1.1302672040E-01
H3         1.0          -5.1780742690E-01   5.2733785912E+00  -1.2746731204E+00
H4         1.0           1.4825985110E-01   5.1958452654E+00   1.5701148948E+00
O5         8.0           1.8231036713E-02   6.1120267834E-02  -4.1586190706E+00
H6         1.0          -1.4061745772E+00   4.2202792144E-01  -5.2358265361E+00
H7         1.0           1.4632120830E+00  -1.3080449755E-01  -5.2510021504E+00
O8         8.0          -4.1546330967E+00  -1.6179326098E-01  -7.3105006747E-02
H9         1.0          -5.1737210541E+00  -1.6322910225E+00  -4.1731101673E-01
H10        1.0          -5.3069351540E+00   1.1821407769E+00   3.5640240903E-01
O11        8.0           1.6385818555E-01  -4.1474919026E+00  -1.1302672040E-01
O12        8.0          -1.8231036713E-02  -6.1120267834E-02   4.1586190706E+00
O13        8.0           4.1546330967E+00   1.6179326098E-01   7.3105006747E-02
H14        1.0           5.1780742690E-01  -5.2733785912E+00   1.2746731204E+00
H15        1.0          -1.4825985110E-01  -5.1958452654E+00  -1.5701148948E+00
H16        1.0           1.4061745772E+00  -4.2202792144E-01   5.2358265361E+00
H17        1.0          -1.4632120830E+00   1.3080449755E-01   5.2510021504E+00
H18        1.0           5.1737210541E+00   1.6322910225E+00   4.1731101673E-01
H19        1.0           5.3069351540E+00  -1.1821407769E+00  -3.5640240903E-01
</Nuclei of Molecule>
<Total Number of CPs of DelSqRho>
   100
</Total Number of CPs of DelSqRho>
<Number of (3,+3) CPs of DelSqRho>
    12
</Number of (3,+3) CPs of DelSqRho>
<Number of (3,+1) CPs of DelSqRho>
    32
</Number of (3,+1) CPs of DelSqRho>
<Number of (3,-1) CPs of DelSqRho>
    40
</Number of (3,-1) CPs of DelSqRho>
<Number of (3,-3) CPs of DelSqRho>
    16
</Number of (3,-3) CPs of DelSqRho>
<Number of Degenerate CPs of DelSqRho>
     0
</Number of Degenerate CPs of DelSqRho>
<CP of DelSqRho>
CP# = 1       
Type = (3,+3)
Coords = -1.18324562886013E-01 -1.27369516489094E-01 -7.82337998432608E-02
DistFromNuc =  1.9064160970E-01
Rho =  5.8288643119E+01
DelSqRho = -2.5949477486E+03
GradDelSqRho =  2.1145751816E-11  2.7796431823E-11  1.8999912754E-11
HessDelSqRho_EigVals =  1.0236560369E+04  1.2103295241E+04  3.0360929516E+06
HessDelSqRho_EigVec1 = -2.6934506535E-01 -3.0978129535E-01  9.1186006866E-01
HessDelSqRho_EigVec2 =  7.3635406073E-01 -6.7648433597E-01 -1.2314237303E-02
HessDelSqRho_EigVec3 =  6.2067377343E-01  6.6813508532E-01  4.1031643245E-01
</CP of DelSqRho>
<CP of DelSqRho>
CP# = 2       
Type = (3,+3)
Coords =  1.18324562886013E-01  1.27369516489093E-01  7.82337998432637E-02
DistFromNuc =  1.9064160970E-01
Rho =  5.8288643119E+01
DelSqRho = -2.5949477486E+03
GradDelSqRho =  3.5242919694E-11  7.2191141953E-12 -1.0054179711E-11
HessDelSqRho_EigVals =  1.0236560369E+04  1.2103295241E+04  3.0360929516E+06
HessDelSqRho_EigVec1 = -2.6934506535E-01 -3.0978129535E-01  9.1186006866E-01
HessDelSqRho_EigVec2 =  7.3635406072E-01 -6.7648433597E-01 -1.2314237303E-02
HessDelSqRho_EigVec3 =  6.2067377343E-01  6.6813508532E-01  4.1031643245E-01
</CP of DelSqRho>
<CP of DelSqRho>
CP# = 3       
Type = (3,-1)
Coords =  1.83113870266181E-02  1.74226390703596E-02  1.88826410007437E-01
DistFromNuc =  1.9051054659E-01
Rho =  5.8188332894E+01
DelSqRho = -2.5229922414E+03
GradDelSqRho =  1.4551915228E-11 -7.2759576142E-12 -6.1277205532E-11
HessDelSqRho_EigVals = -1.0711623122E+04 -6.8525022805E+03  3.0491021406E+06
HessDelSqRho_EigVec1 = -7.3951644114E-01  6.7306991740E-01  9.6083077519E-03
HessDelSqRho_EigVec2 =  6.6624513701E-01  7.3390630248E-01 -1.3228362180E-01
HessDelSqRho_EigVec3 =  9.6087724012E-02  9.1424424898E-02  9.9116533627E-01
</CP of DelSqRho>
<CP of DelSqRho>
CP# = 4       
Type = (3,-1)
Coords = -1.83113870266222E-02 -1.74226390703606E-02 -1.88826410007436E-01
DistFromNuc =  1.9051054659E-01
Rho =  5.8188332894E+01
DelSqRho = -2.5229922414E+03
GradDelSqRho =  2.7739588404E-11 -5.4569682106E-12 -5.9003468778E-11
HessDelSqRho_EigVals = -1.0711623122E+04 -6.8525022805E+03  3.0491021406E+06
HessDelSqRho_EigVec1 = -7.3951644114E-01  6.7306991740E-01  9.6083077520E-03
HessDelSqRho_EigVec2 =  6.6624513701E-01  7.3390630248E-01 -1.3228362180E-01
HessDelSqRho_EigVec3 =  9.6087724012E-02  9.1424424898E-02  9.9116533627E-01
</CP of DelSqRho>
<CP of DelSqRho>
CP# = 5       
Type = (3,+1)
Coords =  5.86510643577150E-02  1.71616738966072E-01 -5.83960953467144E-02
DistFromNuc =  1.9053177267E-01
Rho =  5.8183441245E+01
DelSqRho = -2.5392370690E+03
GradDelSqRho = -4.6935788589E-11 -1.5461409930E-11 -3.7971403799E-11
HessDelSqRho_EigVals = -1.0686030292E+04  3.7144914582E+03  3.0473166126E+06
HessDelSqRho_EigVec1 =  6.9317904278E-01  8.3337929196E-03  7.2071725562E-01
HessDelSqRho_EigVec2 =  6.5171037016E-01 -4.3434455003E-01 -6.2178646276E-01
HessDelSqRho_EigVec3 =  3.0785777247E-01  9.0070825452E-01 -3.0650975870E-01
</CP of DelSqRho>
<CP of DelSqRho>
CP# = 6       
Type = (3,+1)
Coords = -5.86510643577146E-02 -1.71616738966070E-01  5.83960953467212E-02
DistFromNuc =  1.9053177267E-01
Rho =  5.8183441245E+01
DelSqRho = -2.5392370690E+03
GradDelSqRho = -6.9118044621E-12  2.8677504815E-11 -3.0354385672E-11
HessDelSqRho_EigVals = -1.0686030292E+04  3.7144914582E+03  3.0473166126E+06
HessDelSqRho_EigVec1 =  6.9317904278E-01  8.3337929196E-03  7.2071725562E-01
HessDelSqRho_EigVec2 =  6.5171037016E-01 -4.3434455003E-01 -6.2178646276E-01
HessDelSqRho_EigVec3 =  3.0785777247E-01  9.0070825452E-01 -3.0650975870E-01
</CP of DelSqRho>
<CP of DelSqRho>
CP# = 7       
Type = (3,+1)
Coords = -7.73361266248388E-03  1.31305785496383E-01  1.37888247323738E-01
DistFromNuc =  1.9056281594E-01
Rho =  5.8237257903E+01
DelSqRho = -2.5506508991E+03
GradDelSqRho = -5.8655302837E-12 -3.5925040720E-11 -5.5479176808E-11
HessDelSqRho_EigVals = -1.0532578326E+04  7.7017065443E+03  3.0438036131E+06
HessDelSqRho_EigVec1 =  9.6330291741E-01  2.1928296548E-01 -1.5479816005E-01
HessDelSqRho_EigVec2 = -2.6533166408E-01  6.9074071351E-01 -6.7266364160E-01
HessDelSqRho_EigVec3 = -4.0578286579E-02  6.8905170179E-01  7.2357525864E-01
</CP of DelSqRho>
<CP of DelSqRho>
CP# = 8       
Type = (3,+1)
Coords =  7.73361266248350E-03 -1.31305785496383E-01 -1.37888247323738E-01
DistFromNuc =  1.9056281594E-01
Rho =  5.8237257903E+01
DelSqRho = -2.5506508991E+03
GradDelSqRho =  7.0414785114E-12  4.5929482440E-11  7.3214323493E-11
HessDelSqRho_EigVals = -1.0532578326E+04  7.7017065443E+03  3.0438036131E+06
HessDelSqRho_EigVec1 =  9.6330291741E-01  2.1928296548E-01 -1.5479816005E-01
HessDelSqRho_EigVec2 = -2.6533166408E-01  6.9074071351E-01 -6.7266364160E-01
HessDelSqRho_EigVec3 = -4.0578286579E-02  6.8905170179E-01  7.2357525864E-01
</CP of DelSqRho>
<CP of DelSqRho>
CP# = 9       
Type = (3,+1)
Coords =  1.33148620863319E-01  1.43493830809539E-03  1.36323468663986E-01
DistFromNuc =  1.9056416871E-01
Rho =  5.8237189239E+01
DelSqRho = -2.5507440675E+03
GradDelSqRho = -5.0931703299E-11 -3.0695446185E-12  9.0949470177E-13
HessDelSqRho_EigVals = -1.0520868054E+04  7.7668061895E+03  3.0436466021E+06
HessDelSqRho_EigVec1 =  1.3766611679E-01  9.7983973293E-01 -1.4478307243E-01
HessDelSqRho_EigVec2 =  7.0203529086E-01 -1.9964293752E-01 -6.8358550883E-01
HessDelSqRho_EigVec3 =  6.9870916029E-01  7.5362638731E-03  7.1536613986E-01
</CP of DelSqRho>
<CP of DelSqRho>
CP# = 10      
Type = (3,+1)
Coords = -1.33148620863321E-01 -1.43493830809587E-03 -1.36323468663985E-01
DistFromNuc =  1.9056416871E-01
Rho =  5.8237189239E+01
DelSqRho = -2.5507440675E+03
GradDelSqRho =  7.5033312896E-12  1.0572875908E-11  1.1823431123E-11
HessDelSqRho_EigVals = -1.0520868054E+04  7.7668061895E+03  3.0436466021E+06
HessDelSqRho_EigVec1 =  1.3766611679E-01  9.7983973293E-01 -1.4478307243E-01
HessDelSqRho_EigVec2 =  7.0203529086E-01 -1.9964293752E-01 -6.8358550883E-01
HessDelSqRho_EigVec3 =  6.9870916029E-01  7.5362638731E-03  7.1536613986E-01
</CP of DelSqRho>
<CP of DelSqRho>
CP# = 11      
Type = (3,+1)
Coords = -1.39897530602395E-01  1.29378345473806E-01  2.00957818877838E-03
DistFromNuc =  1.9056262422E-01
Rho =  5.8235326400E+01
DelSqRho = -2.5502282428E+03
GradDelSqRho = -1.5234036255E-11 -2.9558577808E-12  1.6598278307E-11
HessDelSqRho_EigVals = -1.0611973655E+04  7.5593756212E+03  3.0438974119E+06
HessDelSqRho_EigVec1 = -1.7918193620E-01 -2.0868187536E-01  9.6142899303E-01
HessDelSqRho_EigVec2 =  6.5494967269E-01  7.0391609989E-01  2.7485096061E-01
HessDelSqRho_EigVec3 =  7.3412176100E-01 -6.7893593159E-01 -1.0547076262E-02
</CP of DelSqRho>
<CP of DelSqRho>
CP# = 12      
Type = (3,+1)
Coords =  1.39897530602393E-01 -1.29378345473808E-01 -2.00957818877914E-03
DistFromNuc =  1.9056262422E-01
Rho =  5.8235326400E+01
DelSqRho = -2.5502282428E+03
GradDelSqRho =  4.9794834922E-11 -1.5006662579E-11  1.9326762413E-12
HessDelSqRho_EigVals = -1.0611973655E+04  7.5593756212E+03  3.0438974119E+06
HessDelSqRho_EigVec1 = -1.7918193620E-01 -2.0868187536E-01  9.6142899303E-01
HessDelSqRho_EigVec2 =  6.5494967269E-01  7.0391609989E-01  2.7485096061E-01
HessDelSqRho_EigVec3 =  7.3412176100E-01 -6.7893593159E-01 -1.0547076262E-02
</CP of DelSqRho>
<CP of DelSqRho>
CP# = 13      
Type = (3,-3)
Coords = -5.23593146816501E-02  3.30733834044186E-01  4.62230315301749E-02
DistFromNuc =  3.3802800987E-01
Rho =  1.3714894566E+01
DelSqRho =  7.5574367100E+02
GradDelSqRho = -1.2043699371E-12 -1.7530421559E-12 -1.8873791419E-14
HessDelSqRho_EigVals = -1.6088278508E+05 -3.0035835037E+03 -1.8468058693E+03
HessDelSqRho_EigVec1 = -1.5484319428E-01  9.7843287488E-01  1.3672122931E-01
HessDelSqRho_EigVec2 =  6.8477954954E-01  6.5429473448E-03  7.2872090567E-01
HessDelSqRho_EigVec3 =  7.1210993092E-01  2.0646137459E-01 -6.7102395419E-01
</CP of DelSqRho>
<CP of DelSqRho>
CP# = 14      
Type = (3,-1)
Coords =  1.88479394407567E-01 -1.48501211131972E-02  2.34397148268402E-02
DistFromNuc =  1.9051096673E-01
Rho =  5.8187842630E+01
DelSqRho = -2.5233594825E+03
GradDelSqRho = -6.5483618528E-11  5.6346038946E-12 -1.5461409930E-11
HessDelSqRho_EigVals = -1.0640260281E+04 -6.6716610296E+03  3.0490812834E+06
HessDelSqRho_EigVec1 = -3.9535028040E-02  6.6931205457E-01  7.4192880734E-01
HessDelSqRho_EigVec2 =  1.4013294899E-01  7.3888512147E-01 -6.5909903192E-01
HessDelSqRho_EigVec3 =  9.8934308415E-01 -7.7911173008E-02  1.2300451600E-01
</CP of DelSqRho>
<CP of DelSqRho>
CP# = 15      
Type = (3,-1)
Coords = -1.07140801119763E-01 -1.18489700341869E-01  1.03822131513257E-01
DistFromNuc =  1.9052032790E-01
Rho =  5.8166170975E+01
DelSqRho = -2.5337640001E+03
GradDelSqRho = -1.8559376258E-11  2.7100099942E-11 -1.6967760530E-11
HessDelSqRho_EigVals = -4.8664588019E+03 -4.5939359458E+03  3.0485673130E+06
HessDelSqRho_EigVec1 = -4.7431206459E-01 -2.9719812800E-01 -8.2867444639E-01
HessDelSqRho_EigVec2 =  6.7733490536E-01 -7.2447857629E-01 -1.2786015206E-01
HessDelSqRho_EigVec3 =  5.6235708529E-01  6.2193574042E-01 -5.4493159517E-01
</CP of DelSqRho>
<CP of DelSqRho>
CP# = 16      
Type = (3,-1)
Coords =  1.07140801119761E-01  1.18489700341872E-01 -1.03822131513255E-01
DistFromNuc =  1.9052032790E-01
Rho =  5.8166170975E+01
DelSqRho = -2.5337640001E+03
GradDelSqRho =  2.0293100533E-11  1.9980461730E-11 -1.4637180357E-12
HessDelSqRho_EigVals = -4.8664588019E+03 -4.5939359458E+03  3.0485673130E+06
HessDelSqRho_EigVec1 = -4.7431206459E-01 -2.9719812800E-01 -8.2867444639E-01
HessDelSqRho_EigVec2 =  6.7733490535E-01 -7.2447857629E-01 -1.2786015207E-01
HessDelSqRho_EigVec3 =  5.6235708529E-01  6.2193574042E-01 -5.4493159517E-01
</CP of DelSqRho>
<CP of DelSqRho>
CP# = 17      
Type = (3,-1)
Coords = -1.88479394407566E-01  1.48501211131980E-02 -2.34397148268440E-02
DistFromNuc =  1.9051096673E-01
Rho =  5.8187842630E+01
DelSqRho = -2.5233594825E+03
GradDelSqRho = -2.3646862246E-11  1.5134560272E-12  2.5750068744E-11
HessDelSqRho_EigVals = -1.0640260281E+04 -6.6716610296E+03  3.0490812834E+06
HessDelSqRho_EigVec1 = -3.9535028040E-02  6.6931205457E-01  7.4192880734E-01
HessDelSqRho_EigVec2 =  1.4013294899E-01  7.3888512147E-01 -6.5909903192E-01
HessDelSqRho_EigVec3 =  9.8934308415E-01 -7.7911173008E-02  1.2300451600E-01
</CP of DelSqRho>
<CP of DelSqRho>
CP# = 18      
Type = (3,-3)
Coords =  5.23593146816500E-02 -3.30733834044186E-01 -4.62230315301753E-02
DistFromNuc =  3.3802800987E-01
Rho =  1.3714894566E+01
DelSqRho =  7.5574367100E+02
GradDelSqRho =  2.9896085607E-12 -1.1539658118E-12 -2.4091839634E-13
HessDelSqRho_EigVals = -1.6088278508E+05 -3.0035835037E+03 -1.8468058693E+03
HessDelSqRho_EigVec1 = -1.5484319428E-01  9.7843287488E-01  1.3672122931E-01
HessDelSqRho_EigVec2 =  6.8477954954E-01  6.5429473448E-03  7.2872090567E-01
HessDelSqRho_EigVec3 =  7.1210993092E-01  2.0646137459E-01 -6.7102395419E-01
</CP of DelSqRho>
<CP of DelSqRho>
CP# = 19      
Type = (3,-1)
Coords = -2.96497789240587E-02  1.86350385778965E-01  2.62367979968983E-02
DistFromNuc =  1.9050969854E-01
Rho =  5.8189102997E+01
DelSqRho = -2.5237302797E+03
GradDelSqRho = -2.1032064978E-11 -8.8675733423E-12 -8.9812601800E-12
HessDelSqRho_EigVals = -1.0594199546E+04 -6.5596815439E+03  3.0492226946E+06
HessDelSqRho_EigVec1 =  6.8510081744E-01  6.4435729298E-03  7.2841976244E-01
HessDelSqRho_EigVec2 =  7.1163736430E-01  2.0766626724E-01 -6.7115347215E-01
HessDelSqRho_EigVec3 = -1.5559283939E-01  9.7817851225E-01  1.3768684218E-01
</CP of DelSqRho>
<CP of DelSqRho>
CP# = 20      
Type = (3,-1)
Coords =  2.96497789240638E-02 -1.86350385778964E-01 -2.62367979969026E-02
DistFromNuc =  1.9050969854E-01
Rho =  5.8189102997E+01
DelSqRho = -2.5237302797E+03
GradDelSqRho = -2.2737367544E-13  4.2291503632E-11  2.3192114895E-11
HessDelSqRho_EigVals = -1.0594199546E+04 -6.5596815439E+03  3.0492226946E+06
HessDelSqRho_EigVec1 =  6.8510081744E-01  6.4435729298E-03  7.2841976244E-01
HessDelSqRho_EigVec2 =  7.1163736430E-01  2.0766626724E-01 -6.7115347215E-01
HessDelSqRho_EigVec3 = -1.5559283939E-01  9.7817851225E-01  1.3768684218E-01
</CP of DelSqRho>
<CP of DelSqRho>
CP# = 21      
Type = (3,+3)
Coords =  7.57285184477819E-02 -1.25143257234243E-01  1.22266637062193E-01
DistFromNuc =  1.9064305357E-01
Rho =  5.8287599093E+01
DelSqRho = -2.5950705235E+03
GradDelSqRho =  1.8985701900E-11  2.5465851650E-11  5.0022208598E-12
HessDelSqRho_EigVals =  1.0145931730E+04  1.2234795005E+04  3.0360519687E+06
HessDelSqRho_EigVec1 =  9.1637005678E-01  3.2188887351E-01 -2.3801989863E-01
HessDelSqRho_EigVec2 = -5.0193127719E-02  6.8224463394E-01  7.2939900561E-01
HessDelSqRho_EigVec3 = -3.9717322287E-01  6.5645244501E-01 -6.4134516329E-01
</CP of DelSqRho>
<CP of DelSqRho>
CP# = 22      
Type = (3,+3)
Coords = -7.57285184477788E-02  1.25143257234245E-01 -1.22266637062192E-01
DistFromNuc =  1.9064305357E-01
Rho =  5.8287599093E+01
DelSqRho = -2.5950705235E+03
GradDelSqRho =  1.0913936421E-11 -1.3187673176E-11  1.4097167877E-11
HessDelSqRho_EigVals =  1.0145931730E+04  1.2234795005E+04  3.0360519687E+06
HessDelSqRho_EigVec1 =  9.1637005678E-01  3.2188887351E-01 -2.3801989863E-01
HessDelSqRho_EigVec2 = -5.0193127719E-02  6.8224463394E-01  7.2939900561E-01
HessDelSqRho_EigVec3 = -3.9717322287E-01  6.5645244501E-01 -6.4134516329E-01
</CP of DelSqRho>
<CP of DelSqRho>
CP# = 23      
Type = (3,+3)
Coords = -1.29223393170834E-01  6.34432649065103E-02  1.24984488479494E-01
DistFromNuc =  1.9064326782E-01
Rho =  5.8286945219E+01
DelSqRho = -2.5950192645E+03
GradDelSqRho =  4.5929482440E-11 -2.0577317628E-11  4.4337866711E-12
HessDelSqRho_EigVals =  1.0078151651E+04  1.2290639630E+04  3.0360507471E+06
HessDelSqRho_EigVec1 =  2.3951304942E-01  9.4301836643E-01 -2.3097588559E-01
HessDelSqRho_EigVec2 =  6.9510238101E-01 -4.6136516801E-04  7.1891061131E-01
HessDelSqRho_EigVec3 =  6.7783934607E-01 -3.3274036080E-01 -6.5560481482E-01
</CP of DelSqRho>
<CP of DelSqRho>
CP# = 24      
Type = (3,+3)
Coords =  1.29223393170832E-01 -6.34432649065131E-02 -1.24984488479495E-01
DistFromNuc =  1.9064326782E-01
Rho =  5.8286945219E+01
DelSqRho = -2.5950192645E+03
GradDelSqRho = -5.2295945352E-11  2.0634161046E-11  2.1145751816E-11
HessDelSqRho_EigVals =  1.0078151651E+04  1.2290639630E+04  3.0360507471E+06
HessDelSqRho_EigVec1 =  2.3951304942E-01  9.4301836643E-01 -2.3097588559E-01
HessDelSqRho_EigVec2 =  6.9510238101E-01 -4.6136516773E-04  7.1891061131E-01
HessDelSqRho_EigVec3 =  6.7783934607E-01 -3.3274036080E-01 -6.5560481482E-01
</CP of DelSqRho>
<CP of DelSqRho>
CP# = 25      
Type = (3,-1)
Coords =  2.93684468185742E-01  1.30237915790813E-01 -1.05923875575095E-01
DistFromNuc =  3.3827850801E-01
Rho =  1.3707844556E+01
DelSqRho =  7.4189805454E+02
GradDelSqRho =  3.4594549447E-12  1.3216094885E-12  1.8118839762E-12
HessDelSqRho_EigVals = -1.5984239339E+05 -3.0143376781E+03  1.0697373897E+03
HessDelSqRho_EigVec1 =  8.6815581763E-01  3.8503952860E-01 -3.1312942648E-01
HessDelSqRho_EigVec2 = -3.7732686707E-02  6.8032108552E-01  7.3194225520E-01
HessDelSqRho_EigVec3 =  4.9485525223E-01 -6.2362471248E-01  6.0515328415E-01
</CP of DelSqRho>
<CP of DelSqRho>
CP# = 26      
Type = (3,-1)
Coords = -2.93684468185740E-01 -1.30237915790815E-01  1.05923875575097E-01
DistFromNuc =  3.3827850801E-01
Rho =  1.3707844556E+01
DelSqRho =  7.4189805454E+02
GradDelSqRho = -1.5356604877E-12 -1.2896350654E-12 -1.2789769244E-12
HessDelSqRho_EigVals = -1.5984239339E+05 -3.0143376781E+03  1.0697373897E+03
HessDelSqRho_EigVec1 =  8.6815581763E-01  3.8503952860E-01 -3.1312942648E-01
HessDelSqRho_EigVec2 = -3.7732686707E-02  6.8032108552E-01  7.3194225520E-01
HessDelSqRho_EigVec3 =  4.9485525223E-01 -6.2362471248E-01  6.0515328415E-01
</CP of DelSqRho>
<CP of DelSqRho>
CP# = 27      
Type = (3,-1)
Coords =  1.03806914130099E-01  3.04882636305593E-01 -1.03441057827371E-01
DistFromNuc =  3.3827407495E-01
Rho =  1.3707204452E+01
DelSqRho =  7.4211575578E+02
GradDelSqRho =  3.2329694477E-13 -2.5490720645E-13 -1.3926637621E-12
HessDelSqRho_EigVals = -1.5986067677E+05 -3.0250334320E+03  1.0454953512E+03
HessDelSqRho_EigVec1 =  3.0690863370E-01  9.0127428192E-01 -3.0579692494E-01
HessDelSqRho_EigVec2 =  6.9322900466E-01  8.4547266249E-03  7.2066779080E-01
HessDelSqRho_EigVec3 =  6.5210477506E-01 -4.3316646494E-01 -6.2219464479E-01
</CP of DelSqRho>
<CP of DelSqRho>
CP# = 28      
Type = (3,-1)
Coords = -1.03806914130099E-01 -3.04882636305593E-01  1.03441057827371E-01
DistFromNuc =  3.3827407495E-01
Rho =  1.3707204452E+01
DelSqRho =  7.4211575578E+02
GradDelSqRho =  4.9027448767E-13  3.3724134596E-12 -1.4921397451E-13
HessDelSqRho_EigVals = -1.5986067677E+05 -3.0250334320E+03  1.0454953512E+03
HessDelSqRho_EigVec1 =  3.0690863370E-01  9.0127428192E-01 -3.0579692494E-01
HessDelSqRho_EigVec2 =  6.9322900466E-01  8.4547266249E-03  7.2066779080E-01
HessDelSqRho_EigVec3 =  6.5210477506E-01 -4.3316646494E-01 -6.2219464479E-01
</CP of DelSqRho>
<CP of DelSqRho>
CP# = 29      
Type = (3,-1)
Coords = -1.13924593873349E-01 -1.28234578841991E-01  2.91574944579344E-01
DistFromNuc =  3.3828814435E-01
Rho =  1.3708925933E+01
DelSqRho =  7.4152487539E+02
GradDelSqRho = -4.8601123126E-12  1.8829382498E-12 -1.2896350654E-12
HessDelSqRho_EigVals = -1.5980807146E+05 -2.9988859120E+03  1.1116506481E+03
HessDelSqRho_EigVec1 = -3.3678829244E-01 -3.7909588551E-01  8.6189323913E-01
HessDelSqRho_EigVec2 =  7.3721479409E-01 -6.7559736393E-01 -9.0856603848E-03
HessDelSqRho_EigVec3 = -5.8573713682E-01 -6.3234050277E-01 -5.0700837775E-01
</CP of DelSqRho>
<CP of DelSqRho>
CP# = 30      
Type = (3,-1)
Coords =  1.13924593873350E-01  1.28234578841991E-01 -2.91574944579343E-01
DistFromNuc =  3.3828814435E-01
Rho =  1.3708925933E+01
DelSqRho =  7.4152487539E+02
GradDelSqRho = -1.6342482922E-13 -5.1159076975E-13  6.0831339965E-12
HessDelSqRho_EigVals = -1.5980807146E+05 -2.9988859120E+03  1.1116506481E+03
HessDelSqRho_EigVec1 = -3.3678829244E-01 -3.7909588551E-01  8.6189323913E-01
HessDelSqRho_EigVec2 =  7.3721479409E-01 -6.7559736393E-01 -9.0856603848E-03
HessDelSqRho_EigVec3 = -5.8573713682E-01 -6.3234050277E-01 -5.0700837775E-01
</CP of DelSqRho>
<CP of DelSqRho>
CP# = 31      
Type = (3,-1)
Coords = -1.37195584873027E-02  2.33009203714030E-01  2.45135461107663E-01
DistFromNuc =  3.3848620296E-01
Rho =  1.3800669760E+01
DelSqRho =  7.3164551618E+02
GradDelSqRho = -8.8107299234E-13  4.0571990212E-12  3.4034997043E-12
HessDelSqRho_EigVals = -1.5923889019E+05 -2.9631318116E+03  2.1703256134E+03
HessDelSqRho_EigVec1 = -4.0505764038E-02  6.8838974489E-01  7.2420911497E-01
HessDelSqRho_EigVec2 =  9.6345437156E-01  2.1898901251E-01 -1.5427082138E-01
HessDelSqRho_EigVec3 = -2.6479229032E-01  6.9149358025E-01 -6.7210242632E-01
</CP of DelSqRho>
<CP of DelSqRho>
CP# = 32      
Type = (3,+1)
Coords =  1.35095552790934E-01 -2.22430076029604E-01  2.17614503217414E-01
DistFromNuc =  3.3923740819E-01
Rho =  1.3890619629E+01
DelSqRho =  6.9233727140E+02
GradDelSqRho =  3.6592950892E-13 -7.2297723364E-13 -4.2632564146E-12
HessDelSqRho_EigVals = -1.5646689972E+05  2.8408210621E+03  3.4191684240E+03
HessDelSqRho_EigVec1 = -3.9819302194E-01  6.5568555341E-01 -6.4149728942E-01
HessDelSqRho_EigVec2 = -9.1580069987E-01 -3.2415151466E-01  2.3713893325E-01
HessDelSqRho_EigVec3 = -5.2453745328E-02  6.8191073506E-01  7.2955215989E-01
</CP of DelSqRho>
<CP of DelSqRho>
CP# = 33      
Type = (3,+1)
Coords = -1.35095552790933E-01  2.22430076029604E-01 -2.17614503217414E-01
DistFromNuc =  3.3923740819E-01
Rho =  1.3890619629E+01
DelSqRho =  6.9233727140E+02
GradDelSqRho = -2.7107205369E-12  2.6449953339E-12 -3.3537617128E-12
HessDelSqRho_EigVals = -1.5646689972E+05  2.8408210621E+03  3.4191684240E+03
HessDelSqRho_EigVec1 = -3.9819302194E-01  6.5568555341E-01 -6.4149728942E-01
HessDelSqRho_EigVec2 = -9.1580069987E-01 -3.2415151466E-01  2.3713893325E-01
HessDelSqRho_EigVec3 = -5.2453745328E-02  6.8191073506E-01  7.2955215989E-01
</CP of DelSqRho>
<CP of DelSqRho>
CP# = 34      
Type = (3,-1)
Coords =  1.37195584873021E-02 -2.33009203714030E-01 -2.45135461107663E-01
DistFromNuc =  3.3848620296E-01
Rho =  1.3800669760E+01
DelSqRho =  7.3164551618E+02
GradDelSqRho =  5.4001247918E-13 -5.8264504332E-13 -5.6843418861E-14
HessDelSqRho_EigVals = -1.5923889019E+05 -2.9631318116E+03  2.1703256134E+03
HessDelSqRho_EigVec1 = -4.0505764038E-02  6.8838974489E-01  7.2420911497E-01
HessDelSqRho_EigVec2 =  9.6345437156E-01  2.1898901251E-01 -1.5427082138E-01
HessDelSqRho_EigVec3 = -2.6479229032E-01  6.9149358025E-01 -6.7210242632E-01
</CP of DelSqRho>
<CP of DelSqRho>
CP# = 35      
Type = (3,-1)
Coords =  2.36467491578853E-01  2.49769205107628E-03  2.42181527305173E-01
DistFromNuc =  3.3848929851E-01
Rho =  1.3802245509E+01
DelSqRho =  7.3143211113E+02
GradDelSqRho = -1.8971491045E-12 -7.1054273576E-14 -1.7905676941E-12
HessDelSqRho_EigVals = -1.5922696040E+05 -2.9546462550E+03  2.1903839791E+03
HessDelSqRho_EigVec1 =  6.9859800476E-01  7.4015492837E-03  7.1547609661E-01
HessDelSqRho_EigVec2 =  1.3755277168E-01  9.7990555187E-01 -1.4444495291E-01
HessDelSqRho_EigVec3 =  7.0216811573E-01 -1.9932467606E-01 -6.8354195977E-01
</CP of DelSqRho>
<CP of DelSqRho>
CP# = 36      
Type = (3,+1)
Coords = -2.29883266603548E-01  1.13053227159493E-01  2.22384687300688E-01
DistFromNuc =  3.3923781862E-01
Rho =  1.3889579148E+01
DelSqRho =  6.9238111142E+02
GradDelSqRho =  3.1548097468E-12  1.4210854715E-14 -3.3253400034E-12
HessDelSqRho_EigVals = -1.5646360334E+05  2.8237249498E+03  3.4334474138E+03
HessDelSqRho_EigVec1 =  6.7765293943E-01 -3.3321481594E-01 -6.5555654227E-01
HessDelSqRho_EigVec2 =  2.4068977192E-01  9.4284953245E-01 -2.3044130025E-01
HessDelSqRho_EigVec3 =  6.9487763482E-01 -1.6265301581E-03  7.1912615516E-01
</CP of DelSqRho>
<CP of DelSqRho>
CP# = 37      
Type = (3,+1)
Coords =  2.29883266603548E-01 -1.13053227159494E-01 -2.22384687300689E-01
DistFromNuc =  3.3923781862E-01
Rho =  1.3889579148E+01
DelSqRho =  6.9238111142E+02
GradDelSqRho =  2.6076918402E-12  8.7752027866E-13 -1.3287149159E-12
HessDelSqRho_EigVals = -1.5646360334E+05  2.8237249498E+03  3.4334474138E+03
HessDelSqRho_EigVec1 =  6.7765293943E-01 -3.3321481594E-01 -6.5555654227E-01
HessDelSqRho_EigVec2 =  2.4068977192E-01  9.4284953245E-01 -2.3044130025E-01
HessDelSqRho_EigVec3 =  6.9487763482E-01 -1.6265301581E-03  7.1912615516E-01
</CP of DelSqRho>
<CP of DelSqRho>
CP# = 38      
Type = (3,-1)
Coords = -2.36467491578853E-01 -2.49769205107614E-03 -2.42181527305173E-01
DistFromNuc =  3.3848929851E-01
Rho =  1.3802245509E+01
DelSqRho =  7.3143211113E+02
GradDelSqRho = -2.5579538487E-13  4.5474735089E-13 -2.3092638912E-13
HessDelSqRho_EigVals = -1.5922696040E+05 -2.9546462550E+03  2.1903839791E+03
HessDelSqRho_EigVec1 =  6.9859800476E-01  7.4015492837E-03  7.1547609661E-01
HessDelSqRho_EigVec2 =  1.3755277168E-01  9.7990555187E-01 -1.4444495291E-01
HessDelSqRho_EigVec3 =  7.0216811573E-01 -1.9932467606E-01 -6.8354195977E-01
</CP of DelSqRho>
<CP of DelSqRho>
CP# = 39      
Type = (3,+1)
Coords =  2.10558743081799E-01  2.26405038114389E-01  1.39578351519297E-01
DistFromNuc =  3.3922904030E-01
Rho =  1.3892820316E+01
DelSqRho =  6.9238479746E+02
GradDelSqRho =  4.9027448767E-13 -1.7799095531E-12 -1.2656542481E-12
HessDelSqRho_EigVals = -1.5649922257E+05  2.8676990232E+03  3.3844078739E+03
HessDelSqRho_EigVec1 =  6.2071030856E-01  6.6742245638E-01  4.1141946669E-01
HessDelSqRho_EigVec2 =  2.6928795934E-01  3.1134041525E-01 -9.1134578552E-01
HessDelSqRho_EigVec3 =  7.3634415038E-01 -6.7647203235E-01 -1.3523373920E-02
</CP of DelSqRho>
<CP of DelSqRho>
CP# = 40      
Type = (3,-1)
Coords = -2.48664509774223E-01  2.29617723460273E-01  3.50098886454684E-03
DistFromNuc =  3.3848278283E-01
Rho =  1.3796952544E+01
DelSqRho =  7.3207337807E+02
GradDelSqRho =  3.7623237858E-12 -4.4835246626E-12 -5.1159076975E-13
HessDelSqRho_EigVals = -1.5924770306E+05 -2.9864281452E+03  2.1284392571E+03
HessDelSqRho_EigVec1 =  7.3464431236E-01 -6.7837366761E-01 -1.0339313755E-02
HessDelSqRho_EigVec2 = -1.7873084203E-01 -2.0821272836E-01  9.6161465560E-01
HessDelSqRho_EigVec3 =  6.5448683747E-01  7.0459678316E-01  2.7420859348E-01
</CP of DelSqRho>
<CP of DelSqRho>
CP# = 41      
Type = (3,-1)
Coords =  2.48664509774223E-01 -2.29617723460273E-01 -3.50098886454636E-03
DistFromNuc =  3.3848278283E-01
Rho =  1.3796952544E+01
DelSqRho =  7.3207337807E+02
GradDelSqRho =  4.7748471843E-12 -2.3874235922E-12  4.2632564146E-13
HessDelSqRho_EigVals = -1.5924770306E+05 -2.9864281452E+03  2.1284392571E+03
HessDelSqRho_EigVec1 =  7.3464431236E-01 -6.7837366761E-01 -1.0339313755E-02
HessDelSqRho_EigVec2 = -1.7873084203E-01 -2.0821272836E-01  9.6161465560E-01
HessDelSqRho_EigVec3 =  6.5448683747E-01  7.0459678316E-01  2.7420859348E-01
</CP of DelSqRho>
<CP of DelSqRho>
CP# = 42      
Type = (3,+1)
Coords = -2.10558743081800E-01 -2.26405038114390E-01 -1.39578351519296E-01
DistFromNuc =  3.3922904030E-01
Rho =  1.3892820316E+01
DelSqRho =  6.9238479746E+02
GradDelSqRho =  6.0396132540E-13 -6.7501559897E-14 -1.4459544673E-12
HessDelSqRho_EigVals = -1.5649922257E+05  2.8676990232E+03  3.3844078739E+03
HessDelSqRho_EigVec1 =  6.2071030856E-01  6.6742245638E-01  4.1141946669E-01
HessDelSqRho_EigVec2 =  2.6928795934E-01  3.1134041525E-01 -9.1134578552E-01
HessDelSqRho_EigVec3 =  7.3634415038E-01 -6.7647203235E-01 -1.3523373920E-02
</CP of DelSqRho>
<CP of DelSqRho>
CP# = 43      
Type = (3,-3)
Coords = -1.90002712590698E-01 -2.10535573461623E-01  1.84226368005748E-01
DistFromNuc =  3.3817985326E-01
Rho =  1.3678041753E+01
DelSqRho =  7.4699171477E+02
GradDelSqRho =  3.5242919694E-12  5.7127635955E-12 -3.2329694477E-13
HessDelSqRho_EigVals = -1.6016921463E+05 -1.3846195365E+03 -1.2996433734E+03
HessDelSqRho_EigVec1 =  5.6184470909E-01  6.2256339890E-01 -5.4474336822E-01
HessDelSqRho_EigVec2 =  5.0977575870E-01  2.5805049481E-01  8.2069398558E-01
HessDelSqRho_EigVec3 =  6.5150533283E-01 -7.3879953741E-01 -1.7238342382E-01
</CP of DelSqRho>
<CP of DelSqRho>
CP# = 44      
Type = (3,-3)
Coords =  1.90002712590698E-01  2.10535573461623E-01 -1.84226368005749E-01
DistFromNuc =  3.3817985326E-01
Rho =  1.3678041753E+01
DelSqRho =  7.4699171477E+02
GradDelSqRho =  5.6843418861E-13  2.5153212846E-12 -7.8870243669E-13
HessDelSqRho_EigVals = -1.6016921463E+05 -1.3846195365E+03 -1.2996433734E+03
HessDelSqRho_EigVec1 =  5.6184470909E-01  6.2256339890E-01 -5.4474336822E-01
HessDelSqRho_EigVec2 =  5.0977575870E-01  2.5805049481E-01  8.2069398558E-01
HessDelSqRho_EigVec3 =  6.5150533283E-01 -7.3879953741E-01 -1.7238342382E-01
</CP of DelSqRho>
<CP of DelSqRho>
CP# = 45      
Type = (3,-3)
Coords =  3.21176262056130E-02  3.06257875804384E-02  3.35093217402271E-01
DistFromNuc =  3.3801914905E-01
Rho =  1.3716201073E+01
DelSqRho =  7.5618842427E+02
GradDelSqRho = -1.6804335701E-12  1.3145040612E-12 -8.2955864400E-12
HessDelSqRho_EigVals = -1.6091739815E+05 -3.0306830267E+03 -1.9249014344E+03
HessDelSqRho_EigVec1 =  9.5004966127E-02  9.0584344982E-02  9.9134682773E-01
HessDelSqRho_EigVec2 = -7.4094915878E-01  6.7149177789E-01  9.6507161803E-03
HessDelSqRho_EigVec3 =  6.6480704006E-01  7.3545446403E-01 -1.3091344783E-01
</CP of DelSqRho>
<CP of DelSqRho>
CP# = 46      
Type = (3,-3)
Coords = -3.21176262056133E-02 -3.06257875804387E-02 -3.35093217402271E-01
DistFromNuc =  3.3801914905E-01
Rho =  1.3716201073E+01
DelSqRho =  7.5618842427E+02
GradDelSqRho =  1.7976731215E-12  1.2683187833E-12  6.3238303483E-12
HessDelSqRho_EigVals = -1.6091739815E+05 -3.0306830267E+03 -1.9249014344E+03
HessDelSqRho_EigVec1 =  9.5004966127E-02  9.0584344982E-02  9.9134682773E-01
HessDelSqRho_EigVec2 = -7.4094915878E-01  6.7149177789E-01  9.6507161803E-03
HessDelSqRho_EigVec3 =  6.6480704006E-01  7.3545446403E-01 -1.3091344783E-01
</CP of DelSqRho>
<CP of DelSqRho>
CP# = 47      
Type = (3,-3)
Coords = -3.34477277710168E-01  2.61801269981537E-02 -4.12375774717458E-02
DistFromNuc =  3.3802512651E-01
Rho =  1.3715209318E+01
DelSqRho =  7.5588683137E+02
GradDelSqRho = -1.0838552278E-11  8.5620399659E-13 -1.9255708139E-12
HessDelSqRho_EigVals = -1.6089130938E+05 -3.0107469251E+03 -1.8747819881E+03
HessDelSqRho_EigVec1 =  9.8951028668E-01 -7.7396669248E-02  1.2198011369E-01
HessDelSqRho_EigVec2 = -3.9467289585E-02  6.6741623608E-01  7.4363828632E-01
HessDelSqRho_EigVec3 =  1.3896663484E-01  7.4065195835E-01 -6.5736059434E-01
</CP of DelSqRho>
<CP of DelSqRho>
CP# = 48      
Type = (3,-3)
Coords =  3.34477277710167E-01 -2.61801269981535E-02  4.12375774717474E-02
DistFromNuc =  3.3802512651E-01
Rho =  1.3715209318E+01
DelSqRho =  7.5588683137E+02
GradDelSqRho = -1.7761903059E-12  1.6342482922E-13 -3.2471803024E-12
HessDelSqRho_EigVals = -1.6089130938E+05 -3.0107469251E+03 -1.8747819881E+03
HessDelSqRho_EigVec1 =  9.8951028668E-01 -7.7396669248E-02  1.2198011369E-01
HessDelSqRho_EigVec2 = -3.9467289585E-02  6.6741623608E-01  7.4363828632E-01
HessDelSqRho_EigVec3 =  1.3896663484E-01  7.4065195835E-01 -6.5736059434E-01
</CP of DelSqRho>
<CP of DelSqRho>
CP# = 49      
Type = (3,-1)
Coords =  7.96975603325679E-01 -6.53690383471575E-02  1.00545213442210E-01
DistFromNuc =  8.0594823867E-01
Rho =  1.1134531646E+00
DelSqRho = -3.6519563966E+00
GradDelSqRho =  4.3272052608E-12  3.5083047578E-13 -1.3322676296E-13
HessDelSqRho_EigVals = -9.2758229417E+01 -5.9208788626E+01  7.9445864906E+02
HessDelSqRho_EigVec1 = -3.9438058153E-02  6.6588148771E-01  7.4501441858E-01
HessDelSqRho_EigVec2 =  1.4365202273E-01  7.4162759065E-01 -6.5525003865E-01
HessDelSqRho_EigVec3 =  9.8884211881E-01 -8.1181039060E-02  1.2490357465E-01
</CP of DelSqRho>
<CP of DelSqRho>
CP# = 50      
Type = (3,-1)
Coords = -7.96975603325679E-01  6.53690383471575E-02 -1.00545213442210E-01
DistFromNuc =  8.0594823867E-01
Rho =  1.1134531646E+00
DelSqRho = -3.6519563966E+00
GradDelSqRho = -4.3369752234E-12 -3.3972824554E-13  1.3411494137E-13
HessDelSqRho_EigVals = -9.2758229417E+01 -5.9208788626E+01  7.9445864906E+02
HessDelSqRho_EigVec1 = -3.9438058153E-02  6.6588148771E-01  7.4501441858E-01
HessDelSqRho_EigVec2 =  1.4365202273E-01  7.4162759065E-01 -6.5525003865E-01
HessDelSqRho_EigVec3 =  9.8884211881E-01 -8.1181039060E-02  1.2490357465E-01
</CP of DelSqRho>
<CP of DelSqRho>
CP# = 51      
Type = (3,-1)
Coords = -1.27757048372697E-01  7.87604479697829E-01  1.12533172564678E-01
DistFromNuc =  8.0579550432E-01
Rho =  1.1140498490E+00
DelSqRho = -3.6823138838E+00
GradDelSqRho = -4.2188474936E-15  3.4916514124E-14  0.0000000000E+00
HessDelSqRho_EigVals = -9.2583617598E+01 -5.8388939122E+01  7.9611702666E+02
HessDelSqRho_EigVec1 =  6.8334435552E-01  6.4858050980E-03  7.3006741203E-01
HessDelSqRho_EigVec2 = -7.1265915227E-01 -2.1131252532E-01  6.6892746193E-01
HessDelSqRho_EigVec3 = -1.5861092163E-01  9.7739702832E-01  1.3977705306E-01
</CP of DelSqRho>
<CP of DelSqRho>
CP# = 52      
Type = (3,-1)
Coords =  1.27757048372697E-01 -7.87604479697829E-01 -1.12533172564678E-01
DistFromNuc =  8.0579550432E-01
Rho =  1.1140498490E+00
DelSqRho = -3.6823138838E+00
GradDelSqRho =  5.1070259133E-15 -2.4591439995E-14 -8.8817841970E-16
HessDelSqRho_EigVals = -9.2583617598E+01 -5.8388939122E+01  7.9611702666E+02
HessDelSqRho_EigVec1 =  6.8334435552E-01  6.4858050980E-03  7.3006741203E-01
HessDelSqRho_EigVec2 = -7.1265915227E-01 -2.1131252532E-01  6.6892746193E-01
HessDelSqRho_EigVec3 = -1.5861092163E-01  9.7739702832E-01  1.3977705306E-01
</CP of DelSqRho>
<CP of DelSqRho>
CP# = 53      
Type = (3,-1)
Coords =  7.85215077699292E-02  7.52163332501060E-02  7.98851580857550E-01
DistFromNuc =  8.0621769530E-01
Rho =  1.1125273753E+00
DelSqRho = -3.5964002922E+00
GradDelSqRho =  1.6786572132E-13  1.7141843500E-13  1.7115198148E-12
HessDelSqRho_EigVals = -9.3281426630E+01 -6.0590890407E+01  7.9156287702E+02
HessDelSqRho_EigVec1 =  7.4128092582E-01 -6.7112519858E-01 -9.6724786961E-03
HessDelSqRho_EigVec2 =  6.6406932296E-01  7.3542941938E-01 -1.3474235938E-01
HessDelSqRho_EigVec3 =  9.7542418085E-02  9.3458744526E-02  9.9083345712E-01
</CP of DelSqRho>
<CP of DelSqRho>
CP# = 54      
Type = (3,-1)
Coords = -7.85215077699293E-02 -7.52163332501061E-02 -7.98851580857550E-01
DistFromNuc =  8.0621769530E-01
Rho =  1.1125273753E+00
DelSqRho = -3.5964002922E+00
GradDelSqRho = -1.6253665081E-13 -1.7408297026E-13 -1.8216539388E-12
HessDelSqRho_EigVals = -9.3281426630E+01 -6.0590890407E+01  7.9156287702E+02
HessDelSqRho_EigVec1 =  7.4128092582E-01 -6.7112519858E-01 -9.6724786961E-03
HessDelSqRho_EigVec2 =  6.6406932296E-01  7.3542941938E-01 -1.3474235938E-01
HessDelSqRho_EigVec3 =  9.7542418085E-02  9.3458744526E-02  9.9083345712E-01
</CP of DelSqRho>
<CP of DelSqRho>
CP# = 55      
Type = (3,+1)
Coords = -3.22854433548781E-02  5.40971294399818E-01  5.69092769393045E-01
DistFromNuc =  7.8584914035E-01
Rho =  1.2947763448E+00
DelSqRho = -8.0777265902E+00
GradDelSqRho = -1.7763568394E-15 -3.5527136788E-14 -5.3290705182E-14
HessDelSqRho_EigVals = -1.0581021316E+02  7.6886379838E+01  1.0028760077E+03
HessDelSqRho_EigVec1 =  9.6294551389E-01  2.2060111156E-01 -1.5514859604E-01
HessDelSqRho_EigVec2 = -2.6655876541E-01  6.9100051947E-01 -6.7191123422E-01
HessDelSqRho_EigVec3 = -4.1016604683E-02  6.8837012694E-01  7.2419901027E-01
</CP of DelSqRho>
<CP of DelSqRho>
CP# = 56      
Type = (3,+1)
Coords = -2.71199276091329E-01 -3.05017924455099E-01  6.80386396025696E-01
DistFromNuc =  7.9341705898E-01
Rho =  1.1828530317E+00
DelSqRho = -6.3849916846E+00
GradDelSqRho = -1.9166890297E-12 -2.2522400611E-12  6.5398797489E-12
HessDelSqRho_EigVals = -9.9865361473E+01  3.7299023007E+01  9.3169590826E+02
HessDelSqRho_EigVec1 =  7.3719737077E-01 -6.7561680367E-01 -9.0537913552E-03
HessDelSqRho_EigVec2 =  5.8309139808E-01  6.2935416302E-01  5.1372926622E-01
HessDelSqRho_EigVec3 = -3.4138608351E-01 -3.8399905220E-01  8.5790458088E-01
</CP of DelSqRho>
<CP of DelSqRho>
CP# = 57      
Type = (3,+1)
Coords =  2.71199276091329E-01  3.05017924455099E-01 -6.80386396025696E-01
DistFromNuc =  7.9341705898E-01
Rho =  1.1828530317E+00
DelSqRho = -6.3849916846E+00
GradDelSqRho =  1.8514079159E-12  2.1710966358E-12 -6.3526961469E-12
HessDelSqRho_EigVals = -9.9865361473E+01  3.7299023007E+01  9.3169590826E+02
HessDelSqRho_EigVec1 =  7.3719737077E-01 -6.7561680367E-01 -9.0537913552E-03
HessDelSqRho_EigVec2 =  5.8309139808E-01  6.2935416302E-01  5.1372926622E-01
HessDelSqRho_EigVec3 = -3.4138608351E-01 -3.8399905220E-01  8.5790458088E-01
</CP of DelSqRho>
<CP of DelSqRho>
CP# = 58      
Type = (3,+1)
Coords =  3.22854433548780E-02 -5.40971294399818E-01 -5.69092769393046E-01
DistFromNuc =  7.8584914035E-01
Rho =  1.2947763448E+00
DelSqRho = -8.0777265902E+00
GradDelSqRho =  1.7763568394E-15  3.7303493627E-14  3.7303493627E-14
HessDelSqRho_EigVals = -1.0581021316E+02  7.6886379838E+01  1.0028760077E+03
HessDelSqRho_EigVec1 =  9.6294551389E-01  2.2060111156E-01 -1.5514859604E-01
HessDelSqRho_EigVec2 = -2.6655876541E-01  6.9100051947E-01 -6.7191123422E-01
HessDelSqRho_EigVec3 = -4.1016604683E-02  6.8837012694E-01  7.2419901027E-01
</CP of DelSqRho>
<CP of DelSqRho>
CP# = 59      
Type = (3,+1)
Coords =  5.48815735078452E-01  5.43336248975628E-03  5.62193774863140E-01
DistFromNuc =  7.8567809756E-01
Rho =  1.2969900956E+00
DelSqRho = -8.1181169234E+00
GradDelSqRho =  3.5527136788E-15 -4.4408920985E-15 -1.0658141036E-14
HessDelSqRho_EigVals = -1.0564903109E+02  7.7711835755E+01  1.0045998562E+03
HessDelSqRho_EigVec1 =  1.3916853681E-01  9.7953959352E-01 -1.4537641862E-01
HessDelSqRho_EigVec2 =  7.0193122916E-01 -2.0113127973E-01 -6.8325599730E-01
HessDelSqRho_EigVec3 =  6.9851604699E-01  6.9565108028E-03  7.1556057679E-01
</CP of DelSqRho>
<CP of DelSqRho>
CP# = 60      
Type = (3,+1)
Coords = -5.48815735078452E-01 -5.43336248975625E-03 -5.62193774863140E-01
DistFromNuc =  7.8567809756E-01
Rho =  1.2969900956E+00
DelSqRho = -8.1181169234E+00
GradDelSqRho =  2.1316282073E-14 -1.1990408666E-14 -3.5527136788E-15
HessDelSqRho_EigVals = -1.0564903109E+02  7.7711835755E+01  1.0045998562E+03
HessDelSqRho_EigVec1 =  1.3916853681E-01  9.7953959352E-01 -1.4537641862E-01
HessDelSqRho_EigVec2 =  7.0193122916E-01 -2.0113127973E-01 -6.8325599730E-01
