 AIMInt (Version 19.02.13, Professional)
 Portions Copyright (c) 1997-2019 by Todd A. Keith
 AIMInt is a component of the AIMAll package ( http://aim.tkgristmill.com )

 TP:  64-bit Linux

 Licensed To:  Research Group of Fernando Cortes Guzman, UNAM, fercor@unam.mx

 AIMInt is a heavily modified and extended version of the PROAIMV program
 developed by members of R.F.W. Bader's research group

 Much of the Quantum Theory of Atoms in Molecules (QTAIM) is described in the book:
   "Atoms in Molecules - A Quantum Theory"
   R.F.W. Bader, Oxford University Press, Oxford, 1990

 For additional references see:  http://aim.tkgristmill.com/references.html

 Current Directory:  /home/scratch/M_H2O_4_tetraedrico/Opt

 Inp File:  Cr2_tetraedrico_cc-pvtz-def2-tzv_2_atomicfiles/cr1.inp
 Wfx File:  Cr2_tetraedrico_cc-pvtz-def2-tzv_2.wfx
 Out File:  Cr2_tetraedrico_cc-pvtz-def2-tzv_2_atomicfiles/cr1.int

 Wfx Title:   Cr2_tetraedrico_cc-pvtz-def2-tzv_2                                            
 Job Title:   Cr2_tetraedrico_cc-pvtz-def2-tzv_2                                            
 
<Atom>
Cr1     
</Atom>
<Nuclei of Molecule>
    13
Cr1       24.0           8.9412783454E-06   2.4357447679E-05  -2.8080444526E-05
O2         8.0           6.4569527909E-01   2.6830293165E+00  -1.9562039950E+00
H3         1.0          -1.7082631391E-01   3.2157999860E+00  -3.5452466567E+00
O4         8.0          -6.4405919286E-01  -2.6880618221E+00  -1.9497510527E+00
H5         1.0          -1.7039710497E+00  -4.1290142180E+00  -1.4375074307E+00
O6         8.0           2.6847477046E+00  -6.4230880053E-01   1.9548725714E+00
H7         1.0           3.2191990122E+00   1.7634220244E-01   3.5422562991E+00
O8         8.0          -2.6863478368E+00   6.4743992647E-01   1.9509693420E+00
H9         1.0          -4.1306534949E+00   1.7020994968E+00   1.4372014670E+00
H10        1.0           1.7587417645E-01  -3.2277150981E+00  -3.5347238868E+00
H11        1.0           4.1283585077E+00  -1.6997628309E+00   1.4450046375E+00
H12        1.0          -3.2206621195E+00  -1.6646292629E-01   3.5408314645E+00
H13        1.0           1.7021790586E+00   4.1273398467E+00  -1.4462368883E+00
</Nuclei of Molecule>
<Total Number of CPs of DelSqRho>
   103
</Total Number of CPs of DelSqRho>
<Number of (3,+3) CPs of DelSqRho>
    13
</Number of (3,+3) CPs of DelSqRho>
<Number of (3,+1) CPs of DelSqRho>
    36
</Number of (3,+1) CPs of DelSqRho>
<Number of (3,-1) CPs of DelSqRho>
    38
</Number of (3,-1) CPs of DelSqRho>
<Number of (3,-3) CPs of DelSqRho>
    16
</Number of (3,-3) CPs of DelSqRho>
<Number of Degenerate CPs of DelSqRho>
     0
</Number of Degenerate CPs of DelSqRho>
<CP of DelSqRho>
CP# = 1       
Type = (3,+3)
Coords =  8.94127832406486E-06  2.43574476769145E-05 -2.80804445601953E-05
DistFromNuc =  4.0764622143E-14
Rho =  9.2644032042E+03
DelSqRho = -6.3508149417E+09
GradDelSqRho = -3.4110630622E-06  5.3388190281E-05  1.0978827322E-04
HessDelSqRho_EigVals =  9.2486614888E+16  9.2486614888E+16  9.2486614889E+16
HessDelSqRho_EigVec1 = -1.7250600022E-01  9.8498735060E-01 -6.4497317568E-03
HessDelSqRho_EigVec2 =  9.8500701161E-01  1.7249079150E-01 -2.8484955889E-03
HessDelSqRho_EigVec3 =  1.6932127876E-03  6.8444135842E-03  9.9997514321E-01
</CP of DelSqRho>
<CP of DelSqRho>
CP# = 2       
Type = (3,-1)
Coords = -3.07958661299963E-01  1.93095137206070E-02  4.00398510697141E-03
DistFromNuc =  3.0859717925E-01
Rho =  1.8300434985E+01
DelSqRho =  1.2826598718E+03
GradDelSqRho = -1.6370904632E-11  8.9528384706E-13  3.4816594052E-13
HessDelSqRho_EigVals = -3.2883034659E+05 -1.6432820936E+04  8.1862308488E+03
HessDelSqRho_EigVec1 =  9.9800400969E-01 -6.2529457720E-02 -8.8353587597E-03
HessDelSqRho_EigVec2 =  6.2513718439E-02  9.9804200604E-01 -2.0467485173E-03
HessDelSqRho_EigVec3 =  8.9460412555E-03  1.4903320973E-03  9.9995887278E-01
</CP of DelSqRho>
<CP of DelSqRho>
CP# = 3       
Type = (3,+1)
Coords = -1.76380651250269E-04  3.95688497217906E-04  3.10442436320079E-01
DistFromNuc =  3.1047079414E-01
Rho =  1.8777690903E+01
DelSqRho =  1.0883180575E+03
GradDelSqRho = -1.1990408666E-14  2.8754776338E-14  5.0022208598E-12
HessDelSqRho_EigVals = -3.1002269518E+05  1.5889388649E+04  1.6294703120E+04
HessDelSqRho_EigVec1 = -5.9785469199E-04  1.1958823368E-03  9.9999910622E-01
HessDelSqRho_EigVec2 =  9.9998261763E-01 -5.8650309582E-03  6.0485872740E-04
HessDelSqRho_EigVec3 =  5.8657490560E-03  9.9998208548E-01 -1.1923551133E-03
</CP of DelSqRho>
<CP of DelSqRho>
CP# = 4       
Type = (3,-1)
Coords =  1.40061244582881E-01 -1.26456686424478E-02  9.92284814621398E-02
DistFromNuc =  1.7212507750E-01
Rho =  7.9912758943E+01
DelSqRho = -4.4394405898E+03
GradDelSqRho =  2.9103830457E-11  0.0000000000E+00  5.8207660913E-11
HessDelSqRho_EigVals = -2.9305605106E+04 -2.4298468306E+04  7.3175983292E+06
HessDelSqRho_EigVec1 = -3.3884508304E-01  7.4623288555E-01  5.7299257432E-01
HessDelSqRho_EigVec2 = -4.7238043806E-01 -6.6163118422E-01  5.8232370535E-01
HessDelSqRho_EigVec3 =  8.1365885446E-01 -7.3352958965E-02  5.7669629093E-01
</CP of DelSqRho>
<CP of DelSqRho>
CP# = 5       
Type = (3,+1)
Coords =  1.69254371997796E-01 -1.12876414465185E-02  2.95617655114877E-02
DistFromNuc =  1.7218459897E-01
Rho =  7.9923119606E+01
DelSqRho = -4.4659746037E+03
GradDelSqRho = -2.9103830457E-11  2.9103830457E-11  3.6379788071E-12
HessDelSqRho_EigVals = -5.2109113138E+04  2.5020160918E+04  7.2945541016E+06
HessDelSqRho_EigVec1 =  6.3549506636E-02  9.9782631486E-01  1.7438623420E-02
HessDelSqRho_EigVec2 = -1.7385627439E-01 -6.1375784364E-03  9.8475191088E-01
HessDelSqRho_EigVec3 =  9.8271840120E-01 -6.5612312193E-02  1.7308832551E-01
</CP of DelSqRho>
<CP of DelSqRho>
CP# = 6       
Type = (3,+1)
Coords = -1.69271899829489E-01  1.14152795368989E-02  2.93278801165552E-02
DistFromNuc =  1.7218457739E-01
Rho =  7.9923134989E+01
DelSqRho = -4.4659915372E+03
GradDelSqRho = -2.9103830457E-11 -1.0913936421E-11  1.8189894035E-11
HessDelSqRho_EigVals = -5.2103768668E+04  2.5026830611E+04  7.2945619911E+06
HessDelSqRho_EigVec1 =  6.3642365089E-02  9.9777982524E-01 -1.9623193235E-02
HessDelSqRho_EigVec2 =  1.7264582305E-01  8.3588042718E-03  9.8494850128E-01
HessDelSqRho_EigVec3 =  9.8292576991E-01 -6.6072314460E-02 -1.7173054508E-01
</CP of DelSqRho>
<CP of DelSqRho>
CP# = 7       
Type = (3,+1)
Coords =  1.13749174612526E-02  1.69243712639427E-01 -2.97448058900907E-02
DistFromNuc =  1.7218437605E-01
Rho =  7.9923189997E+01
DelSqRho = -4.4659906058E+03
GradDelSqRho = -1.6370904632E-11  1.4551915228E-11  1.4551915228E-11
HessDelSqRho_EigVals = -5.2090801050E+04  2.4996241498E+04  7.2946331487E+06
HessDelSqRho_EigVec1 =  9.9779376043E-01 -6.3551979916E-02  1.9203059716E-02
HessDelSqRho_EigVec2 = -7.8213382472E-03  1.7470805778E-01  9.8458921445E-01
HessDelSqRho_EigVec3 =  6.5927523249E-02  9.8256716839E-01 -1.7382554842E-01
</CP of DelSqRho>
<CP of DelSqRho>
CP# = 8       
Type = (3,+1)
Coords = -1.13284535662578E-02 -1.69267759918097E-01 -2.93389393344161E-02
DistFromNuc =  1.7218444753E-01
Rho =  7.9923107967E+01
DelSqRho = -4.4659494508E+03
GradDelSqRho = -5.4569682106E-12 -4.3655745685E-11  0.0000000000E+00
HessDelSqRho_EigVals = -5.2111429192E+04  2.4996322416E+04  7.2946046748E+06
HessDelSqRho_EigVec1 =  9.9781324929E-01 -6.3631811098E-02 -1.7880496579E-02
HessDelSqRho_EigVec2 =  6.6655279178E-03 -1.7226957478E-01  9.8502729117E-01
HessDelSqRho_EigVec3 =  6.5759336061E-02  9.8299246499E-01  1.7146872455E-01
</CP of DelSqRho>
<CP of DelSqRho>
CP# = 9       
Type = (3,+3)
Coords = -9.11948786222673E-05  2.30177213513891E-04  1.72232015949054E-01
DistFromNuc =  1.7226024846E-01
Rho =  8.0250214151E+01
DelSqRho = -4.6668751843E+03
GradDelSqRho =  4.2632564146E-14  0.0000000000E+00 -2.9103830457E-11
HessDelSqRho_EigVals =  4.7218138836E+04  6.6738068286E+04  7.2688219504E+06
HessDelSqRho_EigVec1 =  9.9998507705E-01  5.4328145981E-03  5.7463396300E-04
HessDelSqRho_EigVec2 = -5.4321232512E-03  9.9998452841E-01 -1.1979031830E-03
HessDelSqRho_EigVec3 = -5.8113305840E-04  1.1947638242E-03  9.9999911741E-01
</CP of DelSqRho>
<CP of DelSqRho>
CP# = 10      
Type = (3,+3)
Coords =  1.15257100944847E-04 -1.80328334455352E-04 -1.72288339851916E-01
DistFromNuc =  1.7226041382E-01
Rho =  8.0249820426E+01
DelSqRho = -4.6667630241E+03
GradDelSqRho = -4.2632564146E-14  0.0000000000E+00 -5.8207660913E-11
HessDelSqRho_EigVals =  4.7183211822E+04  6.6737924125E+04  7.2687509979E+06
HessDelSqRho_EigVec1 = -5.3187392905E-03  9.9998514579E-01 -1.1913062779E-03
HessDelSqRho_EigVec2 =  9.9998566467E-01  5.3194703114E-03  6.1130390180E-04
HessDelSqRho_EigVec3 = -6.1763193974E-04  1.1880378340E-03  9.9999910355E-01
</CP of DelSqRho>
<CP of DelSqRho>
CP# = 11      
Type = (3,-1)
Coords =  1.28479746754739E-02  1.40017955539484E-01 -9.93455349939895E-02
DistFromNuc =  1.7212496932E-01
Rho =  7.9912852877E+01
DelSqRho = -4.4395193012E+03
GradDelSqRho =  1.0913936421E-11  0.0000000000E+00 -1.4551915228E-11
HessDelSqRho_EigVals = -2.9272307979E+04 -2.4277440921E+04  7.3176340834E+06
HessDelSqRho_EigVec1 =  7.4579229453E-01  3.3880024348E-01  5.7359240619E-01
HessDelSqRho_EigVec2 = -6.6201825397E-01  4.7299701462E-01  5.8138253807E-01
HessDelSqRho_EigVec3 =  7.4334950281E-02  8.1331926030E-01 -5.7704947447E-01
</CP of DelSqRho>
<CP of DelSqRho>
CP# = 12      
Type = (3,-1)
Coords = -1.27225381790515E-02 -1.40209423041863E-01 -9.90200991672371E-02
DistFromNuc =  1.7212502296E-01
Rho =  7.9912790122E+01
DelSqRho = -4.4394709145E+03
GradDelSqRho =  1.0459189070E-11  3.6379788071E-11 -1.4551915228E-11
HessDelSqRho_EigVals = -2.9294056551E+04 -2.4286261122E+04  7.3176136714E+06
HessDelSqRho_EigVec1 =  7.4807209769E-01  3.3622719189E-01 -5.7213583360E-01
HessDelSqRho_EigVec2 =  6.5951126766E-01 -4.7243166969E-01  5.8468214040E-01
HessDelSqRho_EigVec3 =  7.3709052941E-02  8.1471442414E-01  5.7515857171E-01
</CP of DelSqRho>
<CP of DelSqRho>
CP# = 13      
Type = (3,-1)
Coords = -1.40157050979660E-01  1.29234287328150E-02  9.90382931969698E-02
DistFromNuc =  1.7212506445E-01
Rho =  7.9912750967E+01
DelSqRho = -4.4394404502E+03
GradDelSqRho =  0.0000000000E+00 -3.6379788071E-12 -2.9103830457E-11
HessDelSqRho_EigVals = -2.9295333631E+04 -2.4305805522E+04  7.3176002575E+06
HessDelSqRho_EigVec1 = -3.3882893922E-01  7.4400369397E-01 -5.7589361283E-01
HessDelSqRho_EigVec2 =  4.7125167790E-01  6.6398867659E-01  5.8055223145E-01
HessDelSqRho_EigVec3 =  8.1431984258E-01 -7.4682934595E-02 -5.7559156809E-01
</CP of DelSqRho>
<CP of DelSqRho>
CP# = 14      
Type = (3,-1)
Coords =  1.40700335884617E-01 -6.71323308499178E-03 -9.92344953664594E-02
DistFromNuc =  1.7228283839E-01
Rho =  7.9605886354E+01
DelSqRho = -4.3289458912E+03
GradDelSqRho = -5.8207660913E-11  3.6379788071E-12 -1.4551915228E-11
HessDelSqRho_EigVals = -5.0492507509E+04 -4.7757227084E+04  7.2507036815E+06
HessDelSqRho_EigVec1 =  4.2951801083E-01  7.0780414256E-01  5.6082757970E-01
HessDelSqRho_EigVec2 =  3.8559122539E-01 -7.0531754719E-01  5.9485003533E-01
HessDelSqRho_EigVec3 =  8.1659885212E-01 -3.9248610230E-02 -5.7586965653E-01
</CP of DelSqRho>
<CP of DelSqRho>
CP# = 15      
Type = (3,+3)
Coords =  1.29423196562632E-01  1.13709327035176E-01  1.97905145998630E-03
DistFromNuc =  1.7226825116E-01
Rho =  8.0240358735E+01
DelSqRho = -4.6655083266E+03
GradDelSqRho =  7.2759576142E-12  1.4551915228E-11  7.1054273576E-13
HessDelSqRho_EigVals =  4.7228487800E+04  6.6583534560E+04  7.2664801079E+06
HessDelSqRho_EigVec1 =  4.5621084935E-01 -5.3217659939E-01  7.1320384744E-01
HessDelSqRho_EigVec2 = -4.7695434062E-01  5.3039117255E-01  7.0085644824E-01
HessDelSqRho_EigVec3 =  7.5125642619E-01  6.5990398631E-01  1.1853731742E-02
</CP of DelSqRho>
<CP of DelSqRho>
CP# = 16      
Type = (3,+3)
Coords = -1.13671989996965E-01  1.29437510728654E-01 -2.31630300996297E-03
DistFromNuc =  1.7226826272E-01
Rho =  8.0240287569E+01
DelSqRho = -4.6654900571E+03
GradDelSqRho =  0.0000000000E+00  2.9103830457E-11  3.1832314562E-12
HessDelSqRho_EigVals =  4.7225743695E+04  6.6582164980E+04  7.2664726163E+06
HessDelSqRho_EigVec1 = -5.3353650278E-01 -4.5585472013E-01  7.1241509974E-01
HessDelSqRho_EigVec2 =  5.2905480485E-01  4.7730301929E-01  7.0162870611E-01
HessDelSqRho_EigVec3 = -6.5987863555E-01  7.5125115767E-01 -1.3486453681E-02
</CP of DelSqRho>
<CP of DelSqRho>
CP# = 17      
Type = (3,+3)
Coords =  1.13694078771178E-01 -1.29391966466165E-01 -1.88061403066354E-03
DistFromNuc =  1.7226818413E-01
Rho =  8.0240483561E+01
DelSqRho = -4.6655455288E+03
GradDelSqRho =  2.1827872843E-11 -1.4551915228E-11  6.8212102633E-13
HessDelSqRho_EigVals =  4.7241619673E+04  6.6583529560E+04  7.2665066203E+06
HessDelSqRho_EigVec1 =  5.3255603341E-01  4.5740187344E-01  7.1215700337E-01
HessDelSqRho_EigVec2 =  5.3001043315E-01  4.7579050163E-01 -7.0193471157E-01
HessDelSqRho_EigVec3 = -6.5990378998E-01  7.5127020754E-01  1.0957337219E-02
</CP of DelSqRho>
<CP of DelSqRho>
CP# = 18      
Type = (3,+3)
Coords = -1.29414868214300E-01 -1.13647701258874E-01  2.08912444967648E-03
DistFromNuc =  1.7226822676E-01
Rho =  8.0240409020E+01
DelSqRho = -4.6655304892E+03
GradDelSqRho = -3.2741809264E-11  0.0000000000E+00  1.1368683772E-12
HessDelSqRho_EigVals =  4.7240569525E+04  6.6581696330E+04  7.2664910208E+06
HessDelSqRho_EigVec1 = -4.5706319580E-01  5.3390399485E-01  7.1136471611E-01
HessDelSqRho_EigVec2 = -4.7604841025E-01  5.2874734084E-01 -7.0271200407E-01
HessDelSqRho_EigVec3 =  7.5131294821E-01  6.5982783652E-01 -1.2493198601E-02
</CP of DelSqRho>
<CP of DelSqRho>
CP# = 19      
Type = (3,+1)
Coords =  1.07922583447958E-01  5.87448265104763E-02  1.20597036532456E-01
DistFromNuc =  1.7217394257E-01
Rho =  7.9944784015E+01
DelSqRho = -4.4734577729E+03
GradDelSqRho = -2.9103830457E-11  0.0000000000E+00  2.9103830457E-11
HessDelSqRho_EigVals = -5.1235932493E+04  2.7501597729E+04  7.2986446587E+06
HessDelSqRho_EigVec1 = -5.3432781315E-01 -4.6627194798E-01  7.0504202613E-01
HessDelSqRho_EigVec2 = -5.6638867852E-01  8.1665118553E-01  1.1083639303E-01
HessDelSqRho_EigVec3 =  6.2745330738E-01  3.4010485398E-01  7.0045059452E-01
</CP of DelSqRho>
<CP of DelSqRho>
CP# = 20      
Type = (3,-3)
Coords = -2.51470873869331E-01  1.62838933181479E-02  1.77955183140779E-01
DistFromNuc =  3.0851987302E-01
Rho =  1.8030138423E+01
DelSqRho =  1.3436099005E+03
GradDelSqRho =  1.5916157281E-12  4.2632564146E-14 -2.5011104299E-12
HessDelSqRho_EigVals = -3.3281785112E+05 -1.0719388039E+04 -1.0645663674E+04
HessDelSqRho_EigVec1 =  8.1507892719E-01 -5.3282575146E-02 -5.7689453944E-01
HessDelSqRho_EigVec2 = -2.4583055247E-01  8.6986576385E-01 -4.2766913889E-01
HessDelSqRho_EigVec3 =  5.2460812224E-01  4.9040240627E-01  6.9591076871E-01
</CP of DelSqRho>
<CP of DelSqRho>
CP# = 21      
Type = (3,-3)
Coords =  2.51273862323440E-01 -1.58459880442758E-02  1.78293575374905E-01
DistFromNuc =  3.0851992050E-01
Rho =  1.8030132471E+01
DelSqRho =  1.3436087527E+03
GradDelSqRho =  0.0000000000E+00 -1.8474111130E-13  1.1368683772E-12
HessDelSqRho_EigVals = -3.3281751482E+05 -1.0722006608E+04 -1.0642949880E+04
HessDelSqRho_EigVec1 =  8.1438335166E-01 -5.2019583359E-02  5.7799110675E-01
HessDelSqRho_EigVec2 = -2.5433001126E-01  8.6324091905E-01  4.3604054977E-01
HessDelSqRho_EigVec3 = -5.2162822193E-01 -5.0210464907E-01  6.8977889173E-01
</CP of DelSqRho>
<CP of DelSqRho>
CP# = 22      
Type = (3,+1)
Coords = -1.08050679401665E-01 -5.84046722689357E-02  1.20607823142562E-01
DistFromNuc =  1.7217390734E-01
Rho =  7.9944730881E+01
DelSqRho = -4.4734303123E+03
GradDelSqRho = -5.8207660913E-11 -4.3655745685E-11  1.4551915228E-11
HessDelSqRho_EigVals = -5.1242717223E+04  2.7490628999E+04  7.2986545102E+06
HessDelSqRho_EigVec1 = -5.3350510784E-01 -4.6793023206E-01 -7.0456624800E-01
HessDelSqRho_EigVec2 = -5.6622385627E-01  8.1640564971E-01 -1.1345642209E-01
HessDelSqRho_EigVec3 =  6.2830155538E-01  3.3841263724E-01 -7.0050984465E-01
</CP of DelSqRho>
<CP of DelSqRho>
CP# = 23      
Type = (3,-3)
Coords =  2.50639687232275E-01 -1.55137859013704E-02 -1.77374643034269E-01
DistFromNuc =  3.0742317411E-01
Rho =  1.8259921252E+01
DelSqRho =  1.3520805972E+03
GradDelSqRho = -4.0927261580E-12 -2.5579538487E-13  3.4106051316E-12
HessDelSqRho_EigVals = -3.3770173389E+05 -1.1374297935E+04 -1.1293807097E+04
HessDelSqRho_EigVec1 =  8.1529522097E-01 -5.0001862371E-02 -5.7688258460E-01
HessDelSqRho_EigVec2 =  3.5730648724E-01  8.2741849488E-01  4.3325593880E-01
HessDelSqRho_EigVec3 =  4.5565971605E-01 -5.5935538622E-01  6.9245633442E-01
</CP of DelSqRho>
<CP of DelSqRho>
CP# = 24      
Type = (3,+1)
Coords = -5.84462970285000E-02  1.07893416868374E-01 -1.20821664857970E-01
DistFromNuc =  1.7217386242E-01
Rho =  7.9944696935E+01
DelSqRho = -4.4734470425E+03
GradDelSqRho = -2.1827872843E-11 -1.4551915228E-11  1.0913936421E-11
HessDelSqRho_EigVals = -5.1213339594E+04  2.7476818326E+04  7.2986707419E+06
HessDelSqRho_EigVec1 = -4.6760571418E-01  5.3473488984E-01  7.0384905602E-01
HessDelSqRho_EigVec2 =  8.1652855484E-01  5.6628943281E-01  1.1223812817E-01
HessDelSqRho_EigVec3 =  3.3856463961E-01 -6.2719604262E-01  7.0142648149E-01
</CP of DelSqRho>
<CP of DelSqRho>
CP# = 25      
Type = (3,+1)
Coords =  5.86374647823686E-02 -1.08104920146790E-01 -1.20504646197816E-01
DistFromNuc =  1.7217388692E-01
Rho =  7.9944808607E+01
DelSqRho = -4.4734768329E+03
GradDelSqRho = -1.6370904632E-11  0.0000000000E+00 -2.9103830457E-11
HessDelSqRho_EigVals = -5.1221080351E+04  2.7500387070E+04  7.2986620758E+06
HessDelSqRho_EigVec1 = -4.6680415902E-01  5.3306797499E-01 -7.0564326055E-01
HessDelSqRho_EigVec2 =  8.1656898619E-01  5.6618546888E-01 -1.1246824275E-01
HessDelSqRho_EigVec3 = -3.3957174192E-01  6.2870704535E-01  6.9958450756E-01
</CP of DelSqRho>
<CP of DelSqRho>
CP# = 26      
Type = (3,-1)
Coords =  1.92898979211283E-02  3.07983529766450E-01 -4.64382681090028E-03
DistFromNuc =  3.0859668213E-01
Rho =  1.8300152494E+01
DelSqRho =  1.2827187272E+03
GradDelSqRho =  6.8212102633E-13  7.2759576142E-12 -2.8421709430E-13
HessDelSqRho_EigVals = -3.2883687821E+05 -1.6435196111E+04  8.1791432667E+03
HessDelSqRho_EigVec1 =  6.2515033826E-02  9.9798640489E-01 -1.0724094328E-02
HessDelSqRho_EigVec2 =  9.9804356027E-01 -6.2501056188E-02  1.6339434128E-03
HessDelSqRho_EigVec3 = -9.6038609013E-04  1.0805259312E-02  9.9994116028E-01
</CP of DelSqRho>
<CP of DelSqRho>
CP# = 27      
Type = (3,-1)
Coords = -6.68591664341686E-03 -1.40501627487666E-01  9.94153636188554E-02
DistFromNuc =  1.7228282599E-01
Rho =  7.9605926597E+01
DelSqRho = -4.3289740608E+03
GradDelSqRho =  2.3590018827E-12 -7.2759576142E-11  0.0000000000E+00
HessDelSqRho_EigVals = -5.0478754341E+04 -4.7750205694E+04  7.2507044673E+06
HessDelSqRho_EigVec1 =  7.0822195617E-01 -4.3008981976E-01 -5.5986106110E-01
HessDelSqRho_EigVec2 =  7.0491179930E-01  3.8698312245E-01  5.9442696620E-01
HessDelSqRho_EigVec3 =  3.9000205188E-02  8.1563889674E-01 -5.7724533270E-01
</CP of DelSqRho>
<CP of DelSqRho>
CP# = 28      
Type = (3,-1)
Coords =  3.07971318922852E-01 -1.92495901671510E-02  4.41994031849852E-03
DistFromNuc =  3.0859697988E-01
Rho =  1.8300481926E+01
DelSqRho =  1.2826613567E+03
GradDelSqRho =  7.2759576142E-12 -1.1084466678E-12  1.1368683772E-13
HessDelSqRho_EigVals = -3.2883132147E+05 -1.6432967248E+04  8.1861305986E+03
HessDelSqRho_EigVec1 =  9.9799308254E-01 -6.2498871817E-02  1.0183232441E-02
HessDelSqRho_EigVec2 =  6.2503365044E-02  9.9804474557E-01 -1.2327403587E-04
HessDelSqRho_EigVec3 = -1.0155617143E-02  7.5951292964E-04  9.9994814195E-01
</CP of DelSqRho>
<CP of DelSqRho>
CP# = 29      
Type = (3,+1)
Coords =  2.32843646274087E-01  2.05415792389365E-01  7.71279114252904E-05
DistFromNuc =  3.1047971345E-01
Rho =  1.8779773108E+01
DelSqRho =  1.0875792270E+03
GradDelSqRho = -2.2737367544E-12  3.1832314562E-12  2.1760371283E-14
HessDelSqRho_EigVals = -3.0988322046E+05  1.5930201446E+04  1.6341107616E+04
HessDelSqRho_EigVec1 =  7.4990474039E-01  6.6154578535E-01 -2.3285403008E-04
HessDelSqRho_EigVec2 = -4.5097657860E-01  5.1095340116E-01 -7.3181059530E-01
HessDelSqRho_EigVec3 = -4.8400723744E-01  5.4889324620E-01  6.8150803251E-01
</CP of DelSqRho>
<CP of DelSqRho>
CP# = 30      
Type = (3,+1)
Coords = -1.03044755771135E-01  6.99130206390624E-02  1.18901472945789E-01
DistFromNuc =  1.7218806111E-01
Rho =  7.9912511034E+01
DelSqRho = -4.4609192033E+03
GradDelSqRho =  1.4551915228E-11  1.4551915228E-11 -2.9103830457E-11
HessDelSqRho_EigVals = -5.2704727885E+04  2.3165278012E+04  7.2925956562E+06
HessDelSqRho_EigVec1 = -4.6154446743E-01  5.3014476984E-01 -7.1128280423E-01
HessDelSqRho_EigVec2 =  6.5408948437E-01  7.4501306828E-01  1.3085287364E-01
HessDelSqRho_EigVec3 =  5.9928595097E-01 -4.0484818279E-01 -6.9061877897E-01
</CP of DelSqRho>
<CP of DelSqRho>
CP# = 31      
Type = (3,+1)
Coords =  1.02917541552127E-01 -6.95847040182733E-02  1.19190687063718E-01
DistFromNuc =  1.7218802506E-01
Rho =  7.9912531681E+01
DelSqRho = -4.4609192356E+03
GradDelSqRho =  0.0000000000E+00  0.0000000000E+00  4.3655745685E-11
HessDelSqRho_EigVals = -5.2711225205E+04  2.3163169788E+04  7.2926126340E+06
HessDelSqRho_EigVec1 =  4.6235814100E-01 -5.3187123237E-01 -7.0946313620E-01
HessDelSqRho_EigVec2 =  6.5428608159E-01  7.4466269546E-01 -1.3186050747E-01
HessDelSqRho_EigVec3 =  5.9844354194E-01 -4.0322507631E-01  6.9229680408E-01
</CP of DelSqRho>
<CP of DelSqRho>
CP# = 32      
Type = (3,+1)
Coords = -2.32826891526205E-01 -2.05366030325822E-01  2.70662234181517E-04
DistFromNuc =  3.1047999239E-01
Rho =  1.8779717063E+01
DelSqRho =  1.0875767091E+03
GradDelSqRho = -6.8212102633E-12 -3.1832314562E-12 -1.6209256160E-14
HessDelSqRho_EigVals = -3.0988185065E+05  1.5932235191E+04  1.6339239078E+04
HessDelSqRho_EigVec1 =  7.4990500522E-01  6.6154541080E-01 -3.9063527600E-04
HessDelSqRho_EigVec2 = -4.5173743244E-01  5.1250514221E-01  7.3025459351E-01
HessDelSqRho_EigVec3 =  4.8329677763E-01 -5.4744511018E-01  6.8317499666E-01
</CP of DelSqRho>
<CP of DelSqRho>
CP# = 33      
Type = (3,+1)
Coords =  6.97834145939268E-02  1.02895898958831E-01 -1.19181981742192E-01
DistFromNuc =  1.7218793040E-01
Rho =  7.9912565842E+01
DelSqRho = -4.4609502681E+03
GradDelSqRho =  1.4551915228E-11  1.4551915228E-11  3.2741809264E-11
HessDelSqRho_EigVals = -5.2678105427E+04  2.3148417571E+04  7.2926462985E+06
HessDelSqRho_EigVec1 =  5.3065558213E-01  4.6278009887E-01  7.1009804481E-01
HessDelSqRho_EigVec2 =  7.4500915694E-01 -6.5418341543E-01 -1.3040481222E-01
HessDelSqRho_EigVec3 = -4.0418561235E-01 -5.9822958725E-01  6.9192149244E-01
</CP of DelSqRho>
<CP of DelSqRho>
CP# = 34      
Type = (3,+1)
Coords = -2.05399089440132E-01  2.32843375499250E-01 -6.22938717794857E-04
DistFromNuc =  3.1047948098E-01
Rho =  1.8779801208E+01
DelSqRho =  1.0875824127E+03
GradDelSqRho = -7.2759576142E-12  4.5474735089E-12  1.7763568394E-14
HessDelSqRho_EigVals = -3.0988431650E+05  1.5930107841E+04  1.6340970744E+04
HessDelSqRho_EigVec1 = -6.6160174936E-01  7.4985420176E-01 -1.3421445360E-03
HessDelSqRho_EigVec2 =  5.1224277401E-01  4.5064688126E-01 -7.3111198109E-01
HessDelSqRho_EigVec3 =  5.4762255773E-01  4.8439246950E-01  6.8225616139E-01
</CP of DelSqRho>
<CP of DelSqRho>
CP# = 35      
Type = (3,+1)
Coords =  2.05417644748636E-01 -2.32795513071625E-01  1.61011094262139E-04
DistFromNuc =  3.1048005302E-01
Rho =  1.8779690893E+01
DelSqRho =  1.0875788112E+03
GradDelSqRho =  4.5474735089E-12 -5.0022208598E-12  1.0658141036E-14
HessDelSqRho_EigVals = -3.0988202115E+05  1.5932068701E+04  1.6339177023E+04
HessDelSqRho_EigVec1 = -6.6160166608E-01  7.4985454353E-01 -1.1827922212E-03
HessDelSqRho_EigVec2 =  5.1110619042E-01  4.5210546411E-01  7.3100691613E-01
HessDelSqRho_EigVec3 = -5.4868360424E-01 -4.8303086120E-01  6.8236902741E-01
</CP of DelSqRho>
<CP of DelSqRho>
CP# = 36      
Type = (3,+1)
Coords = -6.96460397554824E-02 -1.03106722940819E-01 -1.19027599354229E-01
DistFromNuc =  1.7218804147E-01
Rho =  7.9912497818E+01
DelSqRho = -4.4609325831E+03
GradDelSqRho = -2.1827872843E-11  0.0000000000E+00  2.5465851650E-11
HessDelSqRho_EigVals = -5.2690402638E+04  2.3160728438E+04  7.2926047023E+06
HessDelSqRho_EigVec1 =  5.3158999903E-01  4.6103754567E-01 -7.1053251468E-01
HessDelSqRho_EigVec2 =  7.4471912777E-01 -6.5403398999E-01  1.3278915874E-01
HessDelSqRho_EigVec3 =  4.0349162775E-01  5.9973654335E-01  6.9102140698E-01
</CP of DelSqRho>
<CP of DelSqRho>
CP# = 37      
Type = (3,-1)
Coords = -1.92675107535329E-02 -3.07944926969633E-01 -3.90499664534064E-03
DistFromNuc =  3.0859632569E-01
Rho =  1.8300234792E+01
DelSqRho =  1.2827205530E+03
GradDelSqRho = -1.4779288904E-12 -2.5465851650E-11  0.0000000000E+00
HessDelSqRho_EigVals = -3.2883827253E+05 -1.6435704205E+04  8.1792074654E+03
HessDelSqRho_EigVec1 =  6.2507316283E-02  9.9800974534E-01  8.3296833372E-03
HessDelSqRho_EigVec2 =  9.9804447900E-01 -6.2507069021E-02 -2.9027247332E-04
HessDelSqRho_EigVec3 = -2.3096933411E-04 -8.3315386198E-03  9.9996526546E-01
</CP of DelSqRho>
<CP of DelSqRho>
CP# = 38      
Type = (3,+1)
Coords =  1.94842993219198E-04 -3.46881760987077E-04 -3.10497478391714E-01
DistFromNuc =  3.1046967556E-01
Rho =  1.8777908201E+01
DelSqRho =  1.0883247164E+03
GradDelSqRho =  2.4202861937E-14 -9.3258734069E-15  7.7875483839E-12
HessDelSqRho_EigVals = -3.1002708255E+05  1.5884746084E+04  1.6299003420E+04
HessDelSqRho_EigVec1 = -5.9800677951E-04  1.1957835855E-03  9.9999910624E-01
HessDelSqRho_EigVec2 =  7.0022204194E-03  9.9997477422E-01 -1.1915671106E-03
HessDelSqRho_EigVec3 =  9.9997530534E-01 -7.0015015959E-03  6.0636483456E-04
</CP of DelSqRho>
<CP of DelSqRho>
CP# = 39      
Type = (3,-1)
Coords = -1.47583933021538E-01  1.61022662921218E-01  2.17887813051751E-01
DistFromNuc =  3.0853111277E-01
Rho =  1.8314378554E+01
DelSqRho =  1.2829390477E+03
GradDelSqRho =  6.3664629124E-12 -3.8653524825E-12 -2.3874235922E-12
HessDelSqRho_EigVals = -3.2911975720E+05 -1.6422009814E+04  8.1791706574E+03
HessDelSqRho_EigVec1 = -4.7531351223E-01  5.2477239429E-01  7.0618057130E-01
HessDelSqRho_EigVec2 = -4.6743309600E-01  5.2937442159E-01 -7.0800354698E-01
HessDelSqRho_EigVec3 =  7.4537464798E-01  6.6661582336E-01  6.3228306552E-03
</CP of DelSqRho>
<CP of DelSqRho>
CP# = 40      
Type = (3,-1)
Coords =  1.47327798002479E-01 -1.60472157142178E-01  2.18442659668228E-01
DistFromNuc =  3.0853110220E-01
Rho =  1.8314224707E+01
DelSqRho =  1.2829612357E+03
GradDelSqRho = -6.8212102633E-12 -5.4569682106E-12  0.0000000000E+00
HessDelSqRho_EigVals = -3.2912127162E+05 -1.6423121166E+04  8.1763636580E+03
HessDelSqRho_EigVec1 =  4.7442383499E-01 -5.2314614890E-01  7.0798314364E-01
HessDelSqRho_EigVec2 = -4.6824477792E-01  5.3107047389E-01  7.0619471799E-01
HessDelSqRho_EigVec3 =  7.4543199069E-01  6.6654501622E-01 -6.9920385627E-03
</CP of DelSqRho>
<CP of DelSqRho>
CP# = 41      
Type = (3,-3)
Coords =  1.61810892507628E-02  2.51206716068680E-01 -1.78439688638160E-01
DistFromNuc =  3.0852036819E-01
Rho =  1.8030051772E+01
DelSqRho =  1.3435757677E+03
GradDelSqRho = -1.7621459847E-12 -3.6379788071E-12  4.5474735089E-12
HessDelSqRho_EigVals = -3.3281449505E+05 -1.0717372637E+04 -1.0637840646E+04
HessDelSqRho_EigVec1 =  5.2997165095E-02  8.1411313553E-01 -5.7828289189E-01
HessDelSqRho_EigVec2 =  8.8386634716E-01  2.3125843366E-01  4.0657080222E-01
HessDelSqRho_EigVec3 = -4.6472742641E-01  5.3267188721E-01  7.0731116188E-01
</CP of DelSqRho>
<CP of DelSqRho>
CP# = 42      
Type = (3,-3)
Coords = -1.59509468581751E-02 -2.51586337886628E-01 -1.77853714593076E-01
DistFromNuc =  3.0852004181E-01
Rho =  1.8030106976E+01
DelSqRho =  1.3435966240E+03
GradDelSqRho = -2.8421709430E-13 -1.8189894035E-12 -4.5474735089E-12
HessDelSqRho_EigVals = -3.3281668823E+05 -1.0721285956E+04 -1.0639827180E+04
HessDelSqRho_EigVec1 =  5.2311021903E-02  8.1550274753E-01  5.7638426918E-01
HessDelSqRho_EigVec2 =  8.9280123968E-01  2.2039247431E-01 -3.9285252156E-01
HessDelSqRho_EigVec3 =  4.4740306594E-01 -5.3514710692E-01  7.1655290841E-01
</CP of DelSqRho>
<CP of DelSqRho>
CP# = 43      
Type = (3,-1)
Coords =  1.60849483954838E-01  1.47264696169394E-01 -2.18298888489971E-01
DistFromNuc =  3.0853126772E-01
Rho =  1.8314181530E+01
DelSqRho =  1.2829601689E+03
GradDelSqRho = -2.7284841053E-12 -3.4106051316E-13  8.0717654782E-12
HessDelSqRho_EigVals = -3.2912051274E+05 -1.6422561665E+04  8.1761577195E+03
HessDelSqRho_EigVec1 = -5.2425933786E-01 -4.7416801859E-01  7.0733078317E-01
HessDelSqRho_EigVec2 =  5.2986608417E-01  4.6860415626E-01  7.0686072007E-01
HessDelSqRho_EigVec3 = -6.6662889190E-01  7.4536892535E-01  5.5754465644E-03
</CP of DelSqRho>
<CP of DelSqRho>
CP# = 44      
Type = (3,-1)
Coords = -1.60584802877397E-01 -1.47711487473343E-01 -2.18145798542919E-01
DistFromNuc =  3.0853131038E-01
Rho =  1.8314331464E+01
DelSqRho =  1.2829368724E+03
GradDelSqRho =  2.7284841053E-12 -2.6147972676E-12 -5.9117155615E-12
HessDelSqRho_EigVals = -3.2911848352E+05 -1.6421752294E+04  8.1791139302E+03
HessDelSqRho_EigVec1 =  5.2345766995E-01  4.7577390755E-01  7.0684599218E-01
HessDelSqRho_EigVec2 =  5.3075083623E-01  4.6690535917E-01 -7.0732095644E-01
HessDelSqRho_EigVec3 = -6.6655503719E-01  7.4541168120E-01 -8.1122078918E-03
</CP of DelSqRho>
<CP of DelSqRho>
CP# = 45      
Type = (3,-1)
Coords =  1.66186326418708E-01  1.41414660622072E-01  2.18302267947174E-01
DistFromNuc =  3.0866532392E-01
Rho =  1.8286427213E+01
DelSqRho =  1.2821077670E+03
GradDelSqRho =  2.0463630790E-12 -3.4106051316E-13  2.1600499167E-12
HessDelSqRho_EigVals = -3.2857304149E+05 -1.6356275517E+04  8.2305064365E+03
HessDelSqRho_EigVec1 =  5.3549082936E-01  4.6115128613E-01  7.0752318900E-01
HessDelSqRho_EigVec2 =  5.3123885021E-01  4.6733515080E-01 -7.0667046128E-01
HessDelSqRho_EigVec3 = -6.5653244832E-01  7.5427935682E-01  5.2722084713E-03
</CP of DelSqRho>
<CP of DelSqRho>
CP# = 46      
Type = (3,-1)
Coords = -1.66418655851776E-01 -1.40865536235633E-01  2.18434537570395E-01
DistFromNuc =  3.0866490357E-01
Rho =  1.8286358520E+01
DelSqRho =  1.2821329479E+03
GradDelSqRho =  6.8212102633E-13 -8.1854523160E-12 -5.1159076975E-13
HessDelSqRho_EigVals = -3.2857644799E+05 -1.6357560017E+04  8.2276288742E+03
HessDelSqRho_EigVec1 = -5.3630051787E-01 -4.5953045814E-01  7.0796434414E-01
HessDelSqRho_EigVec2 =  5.3036271349E-01  4.6903103956E-01  7.0620484002E-01
HessDelSqRho_EigVec3 = -6.5657988598E-01  7.5421591204E-01 -7.8237687047E-03
</CP of DelSqRho>
<CP of DelSqRho>
CP# = 47      
Type = (3,-1)
Coords = -1.40958550688391E-01  1.66105661763249E-01 -2.18704264664840E-01
DistFromNuc =  3.0866504010E-01
Rho =  1.8286310982E+01
DelSqRho =  1.2821313786E+03
GradDelSqRho =  6.8212102633E-13  1.1368683772E-12 -5.6843418861E-13
HessDelSqRho_EigVals = -3.2857561649E+05 -1.6356784910E+04  8.2274129758E+03
HessDelSqRho_EigVec1 =  4.5978023775E-01 -5.3517744283E-01  7.0865170406E-01
HessDelSqRho_EigVec2 = -4.6868038044E-01  5.3157047996E-01  7.0552925228E-01
HessDelSqRho_EigVec3 =  7.5428166753E-01  6.5651955761E-01  6.4215658480E-03
</CP of DelSqRho>
<CP of DelSqRho>
CP# = 48      
Type = (3,-1)
Coords =  1.41254308796035E-01 -1.66556064564721E-01 -2.18145147544397E-01
DistFromNuc =  3.0866542696E-01
Rho =  1.8286396273E+01
DelSqRho =  1.2821071087E+03
GradDelSqRho =  6.1390892370E-12  2.5011104299E-12 -3.9790393203E-12
HessDelSqRho_EigVals = -3.2857266552E+05 -1.6355891480E+04  8.2305006318E+03
HessDelSqRho_EigVec1 = -4.6067850228E-01  5.3679390952E-01  7.0684341706E-01
HessDelSqRho_EigVec2 = -4.6787131918E-01  5.2988082415E-01 -7.0733495664E-01
HessDelSqRho_EigVec3 =  7.5423586909E-01  6.5656577043E-01 -7.0457701227E-03
</CP of DelSqRho>
<CP of DelSqRho>
CP# = 49      
Type = (3,-3)
Coords =  1.52487836189107E-02  2.50785472083509E-01  1.77160014914035E-01
DistFromNuc =  3.0742317828E-01
Rho =  1.8259930915E+01
DelSqRho =  1.3520688220E+03
GradDelSqRho =  4.5474735089E-13  5.4569682106E-12 -1.8189894035E-12
HessDelSqRho_EigVals = -3.3770150540E+05 -1.1373474949E+04 -1.1290933343E+04
HessDelSqRho_EigVec1 =  4.9031162638E-02  8.1571947334E-01  5.7636593055E-01
HessDelSqRho_EigVec2 =  8.5774529207E-01 -3.3004405222E-01  3.9413695275E-01
HessDelSqRho_EigVec3 = -5.1173133480E-01 -4.7505017041E-01  7.1586198151E-01
</CP of DelSqRho>
<CP of DelSqRho>
CP# = 50      
Type = (3,-3)
Coords = -2.50406452513950E-01  1.51766432488188E-02 -1.77711936268371E-01
DistFromNuc =  3.0742318363E-01
Rho =  1.8259914897E+01
DelSqRho =  1.3520793218E+03
GradDelSqRho = -9.5496943686E-12  6.2527760747E-13 -9.0949470177E-13
HessDelSqRho_EigVals = -3.3770129643E+05 -1.1371643787E+04 -1.1296302473E+04
HessDelSqRho_EigVec1 =  8.1459371357E-01 -4.8748171023E-02  5.7797984189E-01
HessDelSqRho_EigVec2 =  3.5096143663E-01  8.3477778318E-01 -4.2423121374E-01
HessDelSqRho_EigVec3 = -4.6180423538E-01  5.4842471547E-01  6.9711346254E-01
</CP of DelSqRho>
<CP of DelSqRho>
CP# = 51      
Type = (3,-3)
Coords = -1.54440017554791E-02 -2.50309960720936E-01  1.77744117479590E-01
DistFromNuc =  3.0742319147E-01
Rho =  1.8259949400E+01
DelSqRho =  1.3520494655E+03
GradDelSqRho =  5.6843418861E-14 -9.0949470177E-13  9.0949470177E-13
HessDelSqRho_EigVals = -3.3770052673E+05 -1.1369870618E+04 -1.1289077150E+04
HessDelSqRho_EigVec1 =  4.9726214495E-02  8.1433149722E-01 -5.7826595631E-01
HessDelSqRho_EigVec2 =  8.5014933979E-01 -3.3838260908E-01 -4.0341456336E-01
HessDelSqRho_EigVec3 =  5.2418832842E-01  4.7155214187E-01  7.0912987093E-01
</CP of DelSqRho>
<CP of DelSqRho>
CP# = 52      
Type = (3,+1)
Coords =  7.02976606195114E-01 -4.35617616074813E-02 -3.19214064273089E-02
DistFromNuc =  7.0503934070E-01
Rho =  1.9266838954E+00
DelSqRho = -9.3780035446E+00
GradDelSqRho = -1.9895196601E-13 -3.5527136788E-15 -3.5527136788E-15
HessDelSqRho_EigVals = -5.5736144563E+02  2.6829994062E+02  2.0541572541E+03
HessDelSqRho_EigVec1 =  6.1179063022E-02  9.9811788052E-01 -4.2212365334E-03
HessDelSqRho_EigVec2 =  4.9519138770E-02  1.1887577006E-03  9.9877246746E-01
HessDelSqRho_EigVec3 =  9.9689767637E-01 -6.1312995729E-02 -4.9353210752E-02
</CP of DelSqRho>
<CP of DelSqRho>
CP# = 53      
Type = (3,+1)
Coords = -7.02923228552520E-01  4.35255546338948E-02 -3.28693233705056E-02
DistFromNuc =  7.0504222340E-01
Rho =  1.9266668111E+00
DelSqRho = -9.3773593680E+00
GradDelSqRho =  2.5579538487E-13 -5.3290705182E-14  7.1054273576E-15
HessDelSqRho_EigVals = -5.5736079960E+02  2.6828514043E+02  2.0540663640E+03
HessDelSqRho_EigVec1 =  6.1161750395E-02  9.9812576030E-01  2.0510741493E-03
HessDelSqRho_EigVec2 = -5.0725961986E-02  1.0560354178E-03  9.9871205138E-01
HessDelSqRho_EigVec3 =  9.9683805960E-01 -6.1187019913E-02  5.0695478349E-02
</CP of DelSqRho>
<CP of DelSqRho>
CP# = 54      
Type = (3,+1)
Coords =  4.35377603588602E-02  7.03034722743844E-01  3.15416157561401E-02
DistFromNuc =  7.0506381096E-01
Rho =  1.9262844604E+00
DelSqRho = -9.3681295291E+00
GradDelSqRho =  1.4210854715E-14 -4.2632564146E-14 -6.2172489379E-15
HessDelSqRho_EigVals = -5.5735184982E+02  2.6800419766E+02  2.0533877377E+03
HessDelSqRho_EigVec1 =  9.9812398517E-01 -6.1175438998E-02 -2.4649304948E-03
HessDelSqRho_EigVec2 = -5.3399716674E-04 -4.8957062422E-02  9.9880074133E-01
HessDelSqRho_EigVec3 =  6.1222749578E-02  9.9692566007E-01  4.8897885758E-02
</CP of DelSqRho>
<CP of DelSqRho>
CP# = 55      
Type = (3,+1)
Coords = -4.35537829563012E-02 -7.02901039906390E-01  3.32388709289467E-02
DistFromNuc =  7.0505922818E-01
Rho =  1.9263261688E+00
DelSqRho = -9.3695242714E+00
GradDelSqRho = -1.1990408666E-14 -3.1263880373E-13  6.2172489379E-15
HessDelSqRho_EigVals = -5.5732484338E+02  2.6800978125E+02  2.0535401420E+03
HessDelSqRho_EigVec1 =  9.9812048183E-01 -6.1163933981E-02  3.8048558095E-03
HessDelSqRho_EigVec2 = -6.5498452269E-04  5.1436601399E-02  9.9867604709E-01
HessDelSqRho_EigVec3 =  6.1278664664E-02  9.9680150944E-01 -5.1299863942E-02
</CP of DelSqRho>
<CP of DelSqRho>
CP# = 56      
Type = (3,+3)
Coords = -3.80059774222700E-04  7.92987286789085E-04  6.44483089852823E-01
DistFromNuc =  6.4451174602E-01
Rho =  3.0023153417E+00
DelSqRho = -5.0201180846E+01
GradDelSqRho =  2.2204460493E-16 -5.1070259133E-15 -3.1263880373E-13
HessDelSqRho_EigVals =  8.5852869805E+02  9.4295097784E+02  4.8855595137E+03
HessDelSqRho_EigVec1 =  2.1351874092E-02  9.9977132497E-01 -1.1812002839E-03
HessDelSqRho_EigVec2 =  9.9977184044E-01 -2.1351141801E-02  6.2913057288E-04
HessDelSqRho_EigVec3 = -6.0376673168E-04  1.1943638985E-03  9.9999910448E-01
</CP of DelSqRho>
<CP of DelSqRho>
CP# = 57      
Type = (3,+3)
Coords =  3.92708939253790E-04 -7.45953910167366E-04 -6.44532409217801E-01
DistFromNuc =  6.4450490337E-01
Rho =  3.0025124943E+00
DelSqRho = -5.0206892656E+01
GradDelSqRho = -1.7763568394E-15  2.1649348980E-15  1.9895196601E-13
HessDelSqRho_EigVals =  8.5890638603E+02  9.4280146850E+02  4.8860691488E+03
HessDelSqRho_EigVec1 =  9.9977631456E-01 -2.1140878523E-02  6.1975825322E-04
HessDelSqRho_EigVec2 =  2.1141600817E-02  9.9977579145E-01 -1.1830274902E-03
HessDelSqRho_EigVec3 = -5.9460905766E-04  1.1958655458E-03  9.9999910817E-01
</CP of DelSqRho>
<CP of DelSqRho>
CP# = 58      
Type = (3,-1)
Coords =  3.84791994982556E-02  5.94570789233649E-01  4.20060479166467E-01
DistFromNuc =  7.2899918946E-01
Rho =  1.6489838919E+00
DelSqRho = -8.4395581327E-01
GradDelSqRho = -6.2172489379E-15 -8.5265128291E-14 -3.5527136788E-14
HessDelSqRho_EigVals = -2.8205915978E+02 -2.7781606914E+02  1.3831721806E+03
HessDelSqRho_EigVec1 =  7.8990370856E-01  3.2014970023E-01 -5.2302609939E-01
HessDelSqRho_EigVec2 =  6.1110637698E-01 -4.8189092113E-01  6.2795711331E-01
HessDelSqRho_EigVec3 =  5.1001247221E-02  8.1565023728E-01  5.7629294912E-01
</CP of DelSqRho>
<CP of DelSqRho>
CP# = 59      
Type = (3,-1)
Coords = -3.89563560017203E-02 -5.93496918027761E-01  4.21435907381198E-01
DistFromNuc =  7.2898401345E-01
Rho =  1.6490884194E+00
DelSqRho = -8.4827826818E-01
GradDelSqRho = -1.0658141036E-14 -8.5265128291E-14  4.2632564146E-14
HessDelSqRho_EigVals = -2.8198313331E+02 -2.7777425211E+02  1.3835577921E+03
HessDelSqRho_EigVec1 =  7.8140577390E-01  3.2755418749E-01  5.3114336178E-01
HessDelSqRho_EigVec2 = -6.2187904276E-01  4.7925543656E-01  6.1933890778E-01
HessDelSqRho_EigVec3 =  5.1686291011E-02  8.1426192394E-01 -5.7819204988E-01
</CP of DelSqRho>
<CP of DelSqRho>
CP# = 60      
Type = (3,-1)
Coords =  3.62479459208174E-02  6.10934674121151E-01 -4.33870582378633E-01
DistFromNuc =  7.5016264700E-01
Rho =  1.4541048807E+00
DelSqRho =  3.0301580609E+00
GradDelSqRho =  4.4408920985E-15  0.0000000000E+00 -1.4921397451E-13
HessDelSqRho_EigVals = -2.7803468220E+02 -2.7548030932E+02  9.2240701430E+02
HessDelSqRho_EigVec1 =  7.3168002498E-01 -4.2391258287E-01 -5.3380002166E-01
HessDelSqRho_EigVec2 =  6.7983667912E-01  3.9676288927E-01  6.1676681121E-01
HessDelSqRho_EigVec3 =  4.9663173086E-02  8.1417278988E-01 -5.7849480332E-01
</CP of DelSqRho>
<CP of DelSqRho>
CP# = 61      
Type = (3,-1)
Coords = -3.57071163295491E-02 -6.11938237457157E-01 -4.32452238750142E-01
DistFromNuc =  7.5017631729E-01
Rho =  1.4540268782E+00
DelSqRho =  3.0330648600E+00
GradDelSqRho = -4.4408920985E-15  1.2079226508E-13 -9.9475983006E-14
HessDelSqRho_EigVals = -2.7807822945E+02 -2.7550728074E+02  9.2214757079E+02
HessDelSqRho_EigVec1 =  7.3948372298E-01 -4.1765326039E-01  5.2794846106E-01
HessDelSqRho_EigVec2 = -6.7139100366E-01 -4.0052760786E-01  6.2354771714E-01
HessDelSqRho_EigVec3 =  4.8968802889E-02  8.1556323448E-01  5.7659228829E-01
</CP of DelSqRho>
<CP of DelSqRho>
CP# = 62      
Type = (3,-1)
Coords =  6.11133354254632E-01 -3.54789744392323E-02  4.33616076225505E-01
DistFromNuc =  7.5018716953E-01
Rho =  1.4539552282E+00
DelSqRho =  3.0351129774E+00
GradDelSqRho =  8.5265128291E-14 -3.5527136788E-15  1.9895196601E-13
HessDelSqRho_EigVals = -2.7805032913E+02 -2.7557026464E+02  9.2194217652E+02
HessDelSqRho_EigVec1 =  4.3447104752E-01  7.1167202585E-01 -5.5204876278E-01
HessDelSqRho_EigVec2 = -3.8462231880E-01  7.0082303835E-01  6.0076013583E-01
HessDelSqRho_EigVec3 =  8.1443267417E-01 -4.8682610292E-02  5.7821226440E-01
</CP of DelSqRho>
<CP of DelSqRho>
CP# = 63      
Type = (3,-1)
