 AIMInt (Version 19.02.13, Professional)
 Portions Copyright (c) 1997-2019 by Todd A. Keith
 AIMInt is a component of the AIMAll package ( http://aim.tkgristmill.com )

 TP:  64-bit Linux

 Licensed To:  Research Group of Fernando Cortes Guzman, UNAM, fercor@unam.mx

 AIMInt is a heavily modified and extended version of the PROAIMV program
 developed by members of R.F.W. Bader's research group

 Much of the Quantum Theory of Atoms in Molecules (QTAIM) is described in the book:
   "Atoms in Molecules - A Quantum Theory"
   R.F.W. Bader, Oxford University Press, Oxford, 1990

 For additional references see:  http://aim.tkgristmill.com/references.html

 Current Directory:  /home/scratch/M_H2O_4_tetraedrico/Opt

 Inp File:  Cr2_tetraedrico_cc-pvtz-def2-tzv_2_atomicfiles/o2.inp
 Wfx File:  Cr2_tetraedrico_cc-pvtz-def2-tzv_2.wfx
 Out File:  Cr2_tetraedrico_cc-pvtz-def2-tzv_2_atomicfiles/o2.int

 Wfx Title:   Cr2_tetraedrico_cc-pvtz-def2-tzv_2                                            
 Job Title:   Cr2_tetraedrico_cc-pvtz-def2-tzv_2                                            
 
<Atom>
O2      
</Atom>
<Nuclei of Molecule>
    13
Cr1       24.0           8.9412783454E-06   2.4357447679E-05  -2.8080444526E-05
O2         8.0           6.4569527909E-01   2.6830293165E+00  -1.9562039950E+00
H3         1.0          -1.7082631391E-01   3.2157999860E+00  -3.5452466567E+00
O4         8.0          -6.4405919286E-01  -2.6880618221E+00  -1.9497510527E+00
H5         1.0          -1.7039710497E+00  -4.1290142180E+00  -1.4375074307E+00
O6         8.0           2.6847477046E+00  -6.4230880053E-01   1.9548725714E+00
H7         1.0           3.2191990122E+00   1.7634220244E-01   3.5422562991E+00
O8         8.0          -2.6863478368E+00   6.4743992647E-01   1.9509693420E+00
H9         1.0          -4.1306534949E+00   1.7020994968E+00   1.4372014670E+00
H10        1.0           1.7587417645E-01  -3.2277150981E+00  -3.5347238868E+00
H11        1.0           4.1283585077E+00  -1.6997628309E+00   1.4450046375E+00
H12        1.0          -3.2206621195E+00  -1.6646292629E-01   3.5408314645E+00
H13        1.0           1.7021790586E+00   4.1273398467E+00  -1.4462368883E+00
</Nuclei of Molecule>
<Total Number of CPs of DelSqRho>
    30
</Total Number of CPs of DelSqRho>
<Number of (3,+3) CPs of DelSqRho>
     5
</Number of (3,+3) CPs of DelSqRho>
<Number of (3,+1) CPs of DelSqRho>
    11
</Number of (3,+1) CPs of DelSqRho>
<Number of (3,-1) CPs of DelSqRho>
     9
</Number of (3,-1) CPs of DelSqRho>
<Number of (3,-3) CPs of DelSqRho>
     5
</Number of (3,-3) CPs of DelSqRho>
<Number of Degenerate CPs of DelSqRho>
     0
</Number of Degenerate CPs of DelSqRho>
<CP of DelSqRho>
CP# = 1       
Type = (3,+3)
Coords =  6.45695277789234E-01  2.68302966251933E+00 -1.95620414425265E+00
DistFromNuc =  3.7684895982E-07
Rho =  2.9728119835E+02
DelSqRho = -3.3290892964E+06
GradDelSqRho =  6.0784477682E-06  2.0058258087E-05 -3.6482088035E-06
HessDelSqRho_EigVals =  1.3239002811E+11  1.3239004616E+11  1.3239005376E+11
HessDelSqRho_EigVec1 =  7.5887865288E-01 -4.3268021178E-01 -4.8671452057E-01
HessDelSqRho_EigVec2 =  1.4200067920E-01  8.3933206629E-01 -5.2474516635E-01
HessDelSqRho_EigVec3 =  6.3556195395E-01  3.2910411244E-01  6.9839207173E-01
</CP of DelSqRho>
<CP of DelSqRho>
CP# = 2       
Type = (3,-1)
Coords =  4.80918850063865E-01  1.54902192221888E+00 -1.16744070645148E+00
DistFromNuc =  1.3911403837E+00
Rho =  1.8319566261E-01
DelSqRho =  5.1884121898E-01
GradDelSqRho =  5.6898930012E-16  2.5535129566E-15 -5.2735593670E-16
HessDelSqRho_EigVals = -7.0327148910E-01 -5.4385753535E-01  3.5878090873E+00
HessDelSqRho_EigVec1 =  8.8746895610E-01 -4.3007678730E-01 -1.6562852712E-01
HessDelSqRho_EigVec2 =  3.7269152483E-01  4.5831465087E-01  8.0687589387E-01
HessDelSqRho_EigVec3 =  2.7110861160E-01  7.7780565556E-01 -5.6702599842E-01
</CP of DelSqRho>
<CP of DelSqRho>
CP# = 3       
Type = (3,+1)
Coords =  1.37305158320186E-01  3.01042209972673E+00 -2.93649279636149E+00
DistFromNuc =  1.1517867352E+00
Rho =  4.1331636617E-01
DelSqRho = -9.5043199696E-01
GradDelSqRho = -2.4216739725E-15  1.2212453271E-15 -3.3445468617E-15
HessDelSqRho_EigVals = -3.1064543167E+01  1.4563374060E+01  1.5517924578E+01
HessDelSqRho_EigVec1 =  4.3616918652E-01 -2.8781496219E-01  8.5259544232E-01
HessDelSqRho_EigVec2 =  7.5732060870E-01 -3.9433230167E-01 -5.2054541732E-01
HessDelSqRho_EigVec3 =  4.8602668277E-01  8.7273397058E-01  4.5972603119E-02
</CP of DelSqRho>
<CP of DelSqRho>
CP# = 4       
Type = (3,+1)
Coords =  1.29752074035630E+00  3.57450524170564E+00 -1.63545895377454E+00
DistFromNuc =  1.1499926690E+00
Rho =  4.1483683649E-01
DelSqRho = -9.6069803561E-01
GradDelSqRho = -4.3159920082E-15 -4.9960036108E-16 -1.5543122345E-15
HessDelSqRho_EigVals = -3.1388752716E+01  1.4721021725E+01  1.5701533996E+01
HessDelSqRho_EigVec1 =  5.6729919317E-01  7.7743217011E-01  2.7160789074E-01
HessDelSqRho_EigVec2 =  7.6823280049E-01 -3.8080548821E-01 -5.1459260042E-01
HessDelSqRho_EigVec3 =  2.9663106663E-01 -5.0058605756E-01  8.1327953945E-01
</CP of DelSqRho>
<CP of DelSqRho>
CP# = 5       
Type = (3,+1)
Coords =  7.72614172091477E-01  2.67757892072357E+00 -2.06662418493217E+00
DistFromNuc =  1.6831735071E-01
Rho =  2.2558856119E+01
DelSqRho =  1.2373899250E+03
GradDelSqRho = -1.2548184714E-11 -6.2527760747E-13  1.2349232748E-11
HessDelSqRho_EigVals = -4.1359186357E+05  1.7743059963E+03  3.2313036297E+03
HessDelSqRho_EigVec1 =  7.5503510376E-01 -3.7689745036E-02 -6.5460024077E-01
HessDelSqRho_EigVec2 = -1.8218993198E-01  9.4697322839E-01 -2.6466683471E-01
HessDelSqRho_EigVec3 =  6.2986412882E-01  3.1909432435E-01  7.0813133767E-01
</CP of DelSqRho>
<CP of DelSqRho>
CP# = 6       
Type = (3,-1)
Coords =  6.82941674129513E-01  2.81860195568361E+00 -2.04989918258258E+00
DistFromNuc =  1.6895568240E-01
Rho =  2.2311612559E+01
DelSqRho =  1.2463192012E+03
GradDelSqRho = -4.9169557315E-12 -8.3559825725E-12 -7.5601747085E-12
HessDelSqRho_EigVals = -4.0282538635E+05 -1.4001645131E+03  1.8530419442E+03
HessDelSqRho_EigVec1 =  2.2166033754E-01  8.0155016704E-01 -5.5532335128E-01
HessDelSqRho_EigVec2 =  7.4318549211E-01 -5.0755781301E-01 -4.3595916182E-01
HessDelSqRho_EigVec3 =  6.3130184466E-01  3.1607340314E-01  7.0820589150E-01
</CP of DelSqRho>
<CP of DelSqRho>
CP# = 7       
Type = (3,+1)
Coords =  5.33313921090255E-01  2.79887334818225E+00 -1.90726313608326E+00
DistFromNuc =  1.6865532006E-01
Rho =  2.2487808388E+01
DelSqRho =  1.2291139072E+03
GradDelSqRho = -3.7985614654E-11  2.8336444302E-11  2.2424728741E-11
HessDelSqRho_EigVals = -4.0573983127E+05  2.1884241111E+03  3.5505175500E+03
HessDelSqRho_EigVec1 = -6.6831047611E-01  6.8360343649E-01  2.9333845493E-01
HessDelSqRho_EigVec2 = -3.8855103811E-01 -6.5705727139E-01  6.4599058267E-01
HessDelSqRho_EigVec3 =  6.3434154704E-01  3.1774531269E-01  7.0473308278E-01
</CP of DelSqRho>
<CP of DelSqRho>
CP# = 8       
Type = (3,-3)
Coords =  5.64115698029658E-01  2.53877959720529E+00 -1.97686974405636E+00
DistFromNuc =  1.6700384048E-01
Rho =  2.2706753378E+01
DelSqRho =  1.2976082119E+03
GradDelSqRho =  2.9160673876E-11 -2.1600499167E-12 -2.4584778657E-12
HessDelSqRho_EigVals = -4.5049381341E+05 -3.6314938592E+03 -6.5606347496E+02
HessDelSqRho_EigVec1 =  4.8645099494E-01  8.6529512205E-01  1.2095363277E-01
HessDelSqRho_EigVec2 =  7.8278235383E-01 -3.7013754156E-01 -5.0024992439E-01
HessDelSqRho_EigVec3 =  3.8809433911E-01 -3.3802744281E-01  8.5739152775E-01
</CP of DelSqRho>
<CP of DelSqRho>
CP# = 9       
Type = (3,-3)
Coords =  7.03193866906803E-01  2.60629030986576E+00 -1.81947395588947E+00
DistFromNuc =  1.6700319261E-01
Rho =  2.2709246656E+01
DelSqRho =  1.2971791651E+03
GradDelSqRho =  2.3305801733E-12 -1.2164491636E-11  1.9213075575E-11
HessDelSqRho_EigVals = -4.5043546613E+05 -3.5990408130E+03 -5.8173746312E+02
HessDelSqRho_EigVec1 =  3.4281035671E-01 -4.6274965166E-01  8.1752297779E-01
HessDelSqRho_EigVec2 = -7.5367199016E-01  3.8400919682E-01  5.3339991376E-01
HessDelSqRho_EigVec3 =  5.6076696637E-01  7.9899918439E-01  2.1711912117E-01
</CP of DelSqRho>
<CP of DelSqRho>
CP# = 10      
Type = (3,-1)
Coords =  1.04133430348204E+00  2.69550183800902E+00 -1.35827094686874E+00
DistFromNuc =  7.1708418719E-01
Rho =  6.7306011118E-01
DelSqRho = -9.8834598304E-01
GradDelSqRho = -2.0872192863E-14 -2.2204460493E-15 -3.4861002973E-14
HessDelSqRho_EigVals = -1.6035638158E+01 -1.2014891176E+01  1.4279051542E+02
HessDelSqRho_EigVec1 =  3.6066831469E-01  9.0681857533E-01 -2.1817066305E-01
HessDelSqRho_EigVec2 =  7.5741807331E-01 -4.2126565966E-01 -4.9885178782E-01
HessDelSqRho_EigVec3 =  5.4427587582E-01 -1.4673630327E-02  8.3877795368E-01
</CP of DelSqRho>
<CP of DelSqRho>
CP# = 11      
Type = (3,-1)
Coords =  1.84854919151994E-01  2.27350996442608E+00 -2.32273496273352E+00
DistFromNuc =  7.1723419280E-01
Rho =  6.7099086456E-01
DelSqRho = -9.8329900955E-01
GradDelSqRho =  8.8817841970E-15  7.4940054162E-15  1.9539925233E-14
HessDelSqRho_EigVals = -1.5989666554E+01 -1.1764502836E+01  1.4262150217E+02
HessDelSqRho_EigVec1 =  9.5506199567E-02 -6.9205531756E-01  7.1549842996E-01
HessDelSqRho_EigVec2 = -7.6568688292E-01  4.0823186076E-01  4.9706171165E-01
HessDelSqRho_EigVec3 =  6.3608345614E-01  5.9532023760E-01  4.9090900535E-01
</CP of DelSqRho>
<CP of DelSqRho>
CP# = 12      
Type = (3,-1)
Coords =  7.49040712336995E-01  3.30418879524055E+00 -2.31614757765136E+00
DistFromNuc =  7.2531286994E-01
Rho =  6.6635302435E-01
DelSqRho = -9.9924233581E-01
GradDelSqRho =  4.9960036108E-15  3.9968028887E-14 -8.8817841970E-15
HessDelSqRho_EigVals = -1.8790941945E+01 -5.7955649170E+00  1.3248838639E+02
HessDelSqRho_EigVec1 =  6.3616119134E-01  3.0576030643E-01  7.0838518734E-01
HessDelSqRho_EigVec2 = -7.5766616268E-01  4.2099477567E-01  4.9870370440E-01
HessDelSqRho_EigVec3 =  1.4574266555E-01  8.5397542931E-01 -4.9948477611E-01
</CP of DelSqRho>
<CP of DelSqRho>
CP# = 13      
Type = (3,+1)
Coords =  6.76851111129649E-01  2.65715507002461E+00 -2.65057991246463E+00
DistFromNuc =  6.9555594828E-01
Rho =  7.7153947087E-01
DelSqRho = -2.4903475169E+00
GradDelSqRho = -1.5543122345E-14  7.1054273576E-15 -1.8207657604E-14
HessDelSqRho_EigVals = -1.2822194595E+01  1.3955462641E+01  1.8008851000E+02
HessDelSqRho_EigVec1 =  8.1718674641E-01 -5.5244907313E-01  1.6433454625E-01
HessDelSqRho_EigVec2 =  5.6011692378E-01  8.2841347202E-01 -3.8866914757E-04
HessDelSqRho_EigVec3 = -1.3592223212E-01  9.2364175790E-02  9.8640458527E-01
</CP of DelSqRho>
<CP of DelSqRho>
CP# = 14      
Type = (3,+1)
Coords =  6.54846503341151E-01  3.25744466065719E+00 -1.56392420016212E+00
DistFromNuc =  6.9564370911E-01
Rho =  7.7052673320E-01
DelSqRho = -2.4493635738E+00
GradDelSqRho = -4.0523140399E-15  6.2727600891E-15 -7.1054273576E-15
HessDelSqRho_EigVals = -1.2260227360E+01  1.2855837407E+01  1.7816026765E+02
HessDelSqRho_EigVec1 =  9.2519079785E-01  2.8270465236E-01 -2.5317991055E-01
HessDelSqRho_EigVec2 =  3.6973794405E-01 -5.2111435352E-01  7.6924227866E-01
HessDelSqRho_EigVec3 = -8.5532685558E-02  8.0530609714E-01  5.8665684144E-01
</CP of DelSqRho>
<CP of DelSqRho>
CP# = 15      
Type = (3,+3)
Coords =  1.73524755092928E-01  2.65663846242108E+00 -1.52135613373386E+00
DistFromNuc =  6.4244388346E-01
Rho =  9.4812181251E-01
DelSqRho = -4.3145403705E+00
GradDelSqRho =  2.6645352591E-14 -1.0658141036E-14 -4.7961634664E-14
HessDelSqRho_EigVals =  8.3699953002E+00  2.3143638855E+01  3.1761050084E+02
HessDelSqRho_EigVec1 = -2.1979862840E-01  9.5102959759E-01 -2.1732755799E-01
HessDelSqRho_EigVec2 =  6.3444229093E-01  3.0858166623E-01  7.0870327694E-01
HessDelSqRho_EigVec3 =  7.4106109224E-01  1.7890214435E-02 -6.7119922362E-01
</CP of DelSqRho>
<CP of DelSqRho>
CP# = 16      
Type = (3,+3)
Coords =  1.07169541566091E+00  2.25248409189105E+00 -2.14305427265539E+00
DistFromNuc =  6.3384409204E-01
Rho =  9.7949784937E-01
DelSqRho = -4.6261926180E+00
GradDelSqRho = -1.7763568394E-15  2.4868995752E-14  3.5527136788E-15
HessDelSqRho_EigVals =  1.2167754563E+01  2.5012783046E+01  3.5806193388E+02
HessDelSqRho_EigVec1 = -3.8081121642E-01 -6.7484124742E-01  6.3211716337E-01
HessDelSqRho_EigVec2 =  6.2876231886E-01  3.1225360389E-01  7.1214860334E-01
HessDelSqRho_EigVec3 =  6.7796811417E-01 -6.6864562935E-01 -3.0540507286E-01
</CP of DelSqRho>
<CP of DelSqRho>
CP# = 17      
Type = (3,+1)
Coords =  7.14715350223104E-02  2.97489199225640E+00 -2.21553501697704E+00
DistFromNuc =  6.9438412187E-01
Rho =  7.7311036983E-01
DelSqRho = -2.4689209678E+00
GradDelSqRho = -2.3536728122E-14  9.0066842873E-15  1.5543122345E-14
HessDelSqRho_EigVals = -1.2133704718E+01  1.2979832030E+01  1.7991356700E+02
HessDelSqRho_EigVec1 = -2.9639948517E-01  2.2263566479E-02  9.5480452387E-01
HessDelSqRho_EigVec2 =  4.1846960502E-01  9.0168078469E-01  1.0888044913E-01
HessDelSqRho_EigVec3 =  8.5850482519E-01 -4.3182878104E-01  2.7657434624E-01
</CP of DelSqRho>
<CP of DelSqRho>
CP# = 18      
Type = (3,+1)
Coords =  1.28564528756886E+00  2.95707495297516E+00 -1.96206828020729E+00
DistFromNuc =  6.9618346295E-01
Rho =  7.7153151097E-01
DelSqRho = -2.5003109089E+00
GradDelSqRho =  1.7763568394E-15 -1.1157741397E-14  9.9920072216E-15
HessDelSqRho_EigVals = -1.2676884436E+01  1.4064544536E+01  1.7940612067E+02
HessDelSqRho_EigVec1 = -2.3703500136E-01  8.3939161009E-01  4.8911770878E-01
HessDelSqRho_EigVec2 =  2.0606194800E-01 -4.4857046870E-01  8.6966833229E-01
HessDelSqRho_EigVec3 =  9.4939606157E-01  3.0693038220E-01 -6.6639768651E-02
</CP of DelSqRho>
<CP of DelSqRho>
CP# = 19      
Type = (3,+1)
Coords =  5.77427636327478E-01  2.10315283465519E+00 -1.64053719554096E+00
DistFromNuc =  6.6374899888E-01
Rho =  8.7594735085E-01
DelSqRho = -3.6114678983E+00
GradDelSqRho =  7.5495165675E-15 -3.5527136788E-15 -2.4868995752E-14
HessDelSqRho_EigVals = -6.2963220340E+00  2.0291326457E+01  2.5602558118E+02
HessDelSqRho_EigVec1 =  7.6964884677E-01 -3.6496756504E-01 -5.2386957263E-01
HessDelSqRho_EigVec2 =  6.3127832106E-01  3.1221711800E-01  7.0993531578E-01
HessDelSqRho_EigVec3 =  9.5542315363E-02  8.7710840134E-01 -4.7069365651E-01
</CP of DelSqRho>
<CP of DelSqRho>
CP# = 20      
Type = (3,+3)
Coords =  3.18587700145730E-01  2.88530707339838E+00 -2.57502358323252E+00
DistFromNuc =  7.2859683081E-01
Rho =  7.3949936916E-01
DelSqRho = -2.9272776393E+00
GradDelSqRho = -1.0436096431E-14  1.5543122345E-14 -4.7295500849E-14
HessDelSqRho_EigVals =  1.0655340893E+01  2.2471681762E+01  1.3360343392E+02
HessDelSqRho_EigVec1 =  7.4825599494E-01 -4.0130362024E-01 -5.2826922153E-01
HessDelSqRho_EigVec2 =  4.8493504883E-01  8.7425441543E-01  2.2742372702E-02
HessDelSqRho_EigVec3 =  4.5271510296E-01 -2.7319337745E-01  8.4877229813E-01
</CP of DelSqRho>
<CP of DelSqRho>
CP# = 21      
Type = (3,+3)
Coords =  1.06209949322038E+00  3.24428689366419E+00 -1.74691684051963E+00
DistFromNuc =  7.2952289241E-01
Rho =  7.3815917794E-01
DelSqRho = -2.9131027775E+00
GradDelSqRho = -6.6613381478E-16  1.0241807402E-14 -5.3290705182E-15
HessDelSqRho_EigVals =  1.0580318336E+01  2.2376276071E+01  1.3272983345E+02
HessDelSqRho_EigVec1 = -7.7499534086E-01  3.9385534918E-01  4.9422685637E-01
HessDelSqRho_EigVec2 =  2.6357413312E-01 -5.0933927746E-01  8.1920826216E-01
HessDelSqRho_EigVec3 =  5.7437870607E-01  7.6514800160E-01  2.9092548471E-01
</CP of DelSqRho>
<CP of DelSqRho>
CP# = 22      
Type = (3,-3)
Coords =  1.29856751508817E+00  2.64574361498455E+00 -1.02121431818252E+00
DistFromNuc =  1.1409811900E+00
Rho =  2.4847020227E-01
DelSqRho =  8.5193028255E-01
GradDelSqRho =  2.0539125956E-15  1.3739009930E-15  1.5543122345E-15
HessDelSqRho_EigVals = -1.7665972619E+01 -1.8140938770E+00 -5.5522388160E-01
HessDelSqRho_EigVec1 =  5.5814588747E-01 -6.2317354357E-02  8.2739936889E-01
HessDelSqRho_EigVec2 =  3.4283139134E-01  9.2539845833E-01 -1.6156834601E-01
HessDelSqRho_EigVec3 = -7.5560558852E-01  3.7383718471E-01  5.3787168909E-01
</CP of DelSqRho>
<CP of DelSqRho>
CP# = 23      
Type = (3,-1)
Coords =  1.83305683352620E+00  2.67407520993214E+00 -2.05089983259480E+00
DistFromNuc =  1.1911653700E+00
Rho =  2.4447789462E-01
DelSqRho =  7.1941044873E-01
GradDelSqRho = -3.0531133177E-16  4.8572257327E-17 -8.4654505628E-16
HessDelSqRho_EigVals = -1.7234060545E+01 -1.1702339732E+00  3.2068961631E-01
HessDelSqRho_EigVec1 =  9.9645700730E-01 -2.6496571435E-02 -7.9820826202E-02
HessDelSqRho_EigVec2 =  5.0875909114E-02  9.4563954292E-01  3.2121254137E-01
HessDelSqRho_EigVec3 =  6.6970698557E-02 -3.2413544478E-01  9.4363718609E-01
</CP of DelSqRho>
<CP of DelSqRho>
CP# = 24      
Type = (3,-1)
Coords = -5.07742905491730E-01  2.97176227744879E+00 -2.01546296294881E+00
DistFromNuc =  1.1905032523E+00
Rho =  2.4453543530E-01
DelSqRho =  7.1508720982E-01
GradDelSqRho =  8.3821838359E-15 -2.4424906542E-15 -7.4940054162E-16
HessDelSqRho_EigVals = -1.7007266974E+01 -1.2419216534E+00  2.9100072702E-01
HessDelSqRho_EigVec1 =  9.7233446061E-01 -2.3114434824E-01  3.3734062694E-02
HessDelSqRho_EigVec2 = -9.4932808181E-02 -2.5906687756E-01  9.6118266468E-01
HessDelSqRho_EigVec3 =  2.1343256228E-01  9.3779349711E-01  2.7384283473E-01
</CP of DelSqRho>
<CP of DelSqRho>
CP# = 25      
Type = (3,-3)
Coords =  1.04943321536113E+00  3.50320786810954E+00 -2.67187636146626E+00
DistFromNuc =  1.1609841144E+00
Rho =  2.5013368287E-01
DelSqRho =  8.6353550286E-01
GradDelSqRho =  5.8286708793E-16  3.3861802251E-15 -2.9420910153E-15
HessDelSqRho_EigVals = -1.7234237385E+01 -3.2848598023E+00 -1.9104320862E-01
HessDelSqRho_EigVec1 =  3.4873773708E-01  7.0514398939E-01 -6.1737666377E-01
HessDelSqRho_EigVec2 =  6.3308836641E-01  3.0848655282E-01  7.0995434153E-01
HessDelSqRho_EigVec3 =  6.9107243546E-01 -6.3844185402E-01 -3.3883755397E-01
</CP of DelSqRho>
<CP of DelSqRho>
CP# = 26      
Type = (3,+1)
Coords =  5.47650014867362E-02  1.93672227193546E+00 -1.14249656772195E+00
DistFromNuc =  1.2523148865E+00
Rho =  2.4095303109E-01
DelSqRho =  4.8977926533E-01
GradDelSqRho =  2.2204460493E-16  6.3837823916E-16  8.6042284408E-16
HessDelSqRho_EigVals = -9.3588993092E+00  3.9976031971E-01  5.2985865809E-01
HessDelSqRho_EigVec1 = -5.2662780214E-01 -5.4852086326E-01  6.4945209259E-01
HessDelSqRho_EigVec2 = -1.6977129726E-01  8.1644682519E-01  5.5189880256E-01
HessDelSqRho_EigVec3 =  8.3297110672E-01 -1.8038692913E-01  5.2308669565E-01
</CP of DelSqRho>
<CP of DelSqRho>
CP# = 27      
Type = (3,-1)
Coords =  9.81431154840359E-01  2.26130441118245E+00 -3.01722614598151E+00
DistFromNuc =  1.1901001970E+00
Rho =  2.4389243546E-01
DelSqRho =  7.2579906459E-01
GradDelSqRho = -2.0740353879E-12  1.2017886686E-12  4.0028536041E-12
HessDelSqRho_EigVals = -1.7348788072E+01 -1.1623347838E+00  2.9651178373E-01
HessDelSqRho_EigVec1 = -2.8943449531E-01  3.6956041022E-01  8.8297948794E-01
HessDelSqRho_EigVec2 = -6.5445853286E-01  5.9675555212E-01 -4.6429176148E-01
HessDelSqRho_EigVec3 =  6.9850676567E-01  7.1225551189E-01 -6.9140321826E-02
</CP of DelSqRho>
<CP of DelSqRho>
CP# = 28      
Type = (3,-3)
Coords = -4.64591252205993E-02  1.98906080339161E+00 -2.53924737995111E+00
DistFromNuc =  1.1404427233E+00
Rho =  2.4741761978E-01
DelSqRho =  8.4785347838E-01
GradDelSqRho = -5.5511151231E-16 -1.8318679906E-15 -4.7184478547E-16
HessDelSqRho_EigVals = -1.7670581102E+01 -1.8209964762E+00 -5.0218565148E-01
HessDelSqRho_EigVec1 =  6.0459232197E-01  6.3317648085E-01  4.8327597531E-01
HessDelSqRho_EigVec2 =  1.4733929634E-01 -6.8515153053E-01  7.1334319368E-01
HessDelSqRho_EigVec3 =  7.8278940716E-01 -3.6007627569E-01 -5.0752913189E-01
</CP of DelSqRho>
<CP of DelSqRho>
CP# = 29      
Type = (3,-1)
Coords =  3.63164717221771E-01  3.38807112866028E+00 -1.03815037563752E+00
DistFromNuc =  1.1915242018E+00
Rho =  2.4470165351E-01
DelSqRho =  7.0728154584E-01
GradDelSqRho =  2.2204460493E-16  2.5535129566E-15  2.7200464103E-15
HessDelSqRho_EigVals = -1.6841117950E+01 -1.2205342475E+00  3.2392482722E-01
HessDelSqRho_EigVec1 = -2.4660933048E-01  5.7801168690E-01  7.7787295102E-01
HessDelSqRho_EigVec2 =  7.7978475147E-01  5.9494664908E-01 -1.9486976707E-01
HessDelSqRho_EigVec3 = -5.7542990841E-01  5.5851676300E-01 -5.9744409441E-01
</CP of DelSqRho>
<CP of DelSqRho>
CP# = 30      
Type = (3,+1)
Coords =  9.98617149542663E-01  4.41573294246462E+00 -9.83427427905505E-01
DistFromNuc =  2.0181947259E+00
Rho =  7.3456345669E-02
DelSqRho =  1.7463542107E-01
GradDelSqRho = -2.7608124120E-14 -1.0521947896E-12 -7.7321786127E-13
HessDelSqRho_EigVals = -1.5903921666E+00  3.8417290831E-02  5.6422519137E-01
HessDelSqRho_EigVec1 = -2.4274556504E-01  7.7356987784E-01  5.8537529394E-01
HessDelSqRho_EigVec2 =  3.1726013532E-01 -5.0693569582E-01  8.0147501947E-01
HessDelSqRho_EigVec3 =  9.1674456486E-01  3.8027075143E-01 -1.2236649220E-01
</CP of DelSqRho>
<Path of -GradDelSqRho>
Starting CP# =      3
Ending CP# =     20
Number of Points =     17
  1.3730515832E-01  3.0104220997E+00 -2.9364927964E+00  4.1331636617E-01 -9.5043199696E-01
  1.4821493341E-01  3.0032309770E+00 -2.9151793137E+00  4.2463032110E-01 -9.6019039169E-01
  1.5913580637E-01  2.9960485641E+00 -2.8938685779E+00  4.3700047559E-01 -9.8970527499E-01
  1.7006699482E-01  2.9888744752E+00 -2.8725603270E+00  4.5043980504E-01 -1.0393797233E+00
  1.8100746965E-01  2.9817079764E+00 -2.8512542881E+00  4.6495497892E-01 -1.1095870130E+00
  1.9195597832E-01  2.9745479774E+00 -2.8299501907E+00  4.8054561676E-01 -1.2005341120E+00
  2.0291105862E-01  2.9673930194E+00 -2.8086477780E+00  4.9720358156E-01 -1.3120959389E+00
  2.1387103271E-01  2.9602412438E+00 -2.7873468139E+00  5.1491241620E-01 -1.4436252640E+00
  2.2483397073E-01  2.9530903307E+00 -2.7660470855E+00  5.3364704773E-01 -1.5937453320E+00
  2.3579760883E-01  2.9459373853E+00 -2.7447483998E+00  5.5337390141E-01 -1.7601344888E+00
  2.4675919442E-01  2.9387787388E+00 -2.7234505733E+00  5.7405157889E-01 -1.9393136114E+00
  2.5771520234E-01  2.9316095952E+00 -2.7021534080E+00  5.9563226300E-01 -2.1264469482E+00
  2.6866079250E-01  2.9244233682E+00 -2.6808566442E+00  6.1806401341E-01 -2.3151631961E+00
  2.7958867221E-01  2.9172103116E+00 -2.6595598575E+00  6.4129411249E-01 -2.4973927785E+00
  2.9048632972E-01  2.9099542290E+00 -2.6382622063E+00  6.6527359678E-01 -2.6631929720E+00
  3.0132754830E-01  2.9026225115E+00 -2.6169616783E+00  6.8996297039E-01 -2.8004841513E+00
  3.1858770015E-01  2.8853070734E+00 -2.5750235832E+00  7.3949936916E-01 -2.9272776393E+00
</Path of -GradDelSqRho>
<Path of -GradDelSqRho>
Starting CP# =      3
Ending CP# =      0
Number of Points =     30
  1.3730515832E-01  3.0104220997E+00 -2.9364927964E+00  4.1331636617E-01 -9.5043199696E-01
  1.2640659129E-01  3.0176216905E+00 -2.9578091542E+00  4.0304002450E-01 -9.6010132287E-01
  1.1551984647E-01  3.0248297836E+00 -2.9791286796E+00  3.9377768949E-01 -9.8901313847E-01
  1.0464485394E-01  3.0320458367E+00 -3.0004515100E+00  3.8550116286E-01 -1.0371566933E+00
  9.3781256495E-02  3.0392690797E+00 -3.0217777144E+00  3.7817791949E-01 -1.1046817330E+00
  8.2928437331E-02  3.0464985876E+00 -3.0431072836E+00  3.7177121060E-01 -1.1918268256E+00
  7.2085564706E-02  3.0537333701E+00 -3.0644401227E+00  3.6624005438E-01 -1.2987685750E+00
  6.1251647696E-02  3.0609724756E+00 -3.0857760451E+00  3.6153921610E-01 -1.4253619860E+00
  5.0425597597E-02  3.0682151091E+00 -3.1071147633E+00  3.5761936005E-01 -1.5707423977E+00
  3.9606289333E-02  3.0754607642E+00 -3.1284558750E+00  3.5442766652E-01 -1.7327839619E+00
  2.8792618344E-02  3.0827093828E+00 -3.1497988374E+00  3.5190934175E-01 -1.9074823350E+00
  1.7983551724E-02  3.0899615619E+00 -3.1711429226E+00  3.5001057063E-01 -2.0884738113E+00
  7.1781824172E-03  3.0972188318E+00 -3.1924871496E+00  3.4868349107E-01 -2.2671226452E+00
 -3.6241753426E-03  3.1044839305E+00 -3.2138302374E+00  3.4789357166E-01 -2.4338520866E+00
 -1.4423736096E-02  3.1117603256E+00 -3.2351708922E+00  3.4762918779E-01 -2.5815272226E+00
 -2.5219686031E-02  3.1190476208E+00 -3.2565096548E+00  3.4791209300E-01 -2.7115042646E+00
 -3.6010114808E-02  3.1263290798E+00 -3.2778532006E+00  3.4880592789E-01 -2.8422288796E+00
 -4.6794789526E-02  3.1335758171E+00 -3.2992114638E+00  3.5041824871E-01 -3.0189455536E+00
 -5.7576496706E-02  3.1407819520E+00 -3.3205849589E+00  3.5289032681E-01 -3.3214332656E+00
 -6.8357617012E-02  3.1479610640E+00 -3.3419678437E+00  3.5636917469E-01 -3.8652875232E+00
 -7.9139072666E-02  3.1551249292E+00 -3.3633556729E+00  3.6095892036E-01 -4.7918114421E+00
 -8.9921106044E-02  3.1622800081E+00 -3.3847461520E+00  3.6665380441E-01 -6.2425988071E+00
 -1.0070375334E-01  3.1694296020E+00 -3.4061381557E+00  3.7326257772E-01 -8.3178846704E+00
 -1.1148700284E-01  3.1765754392E+00 -3.4275311111E+00  3.8034268988E-01 -1.1023388292E+01
 -1.2227084290E-01  3.1837184579E+00 -3.4489247101E+00  3.8716961431E-01 -1.4218945356E+01
 -1.3305528120E-01  3.1908591729E+00 -3.4703187765E+00  3.9276765765E-01 -1.7591446442E+01
 -1.4384036584E-01  3.1979978428E+00 -3.4917131996E+00  3.9601881074E-01 -2.0677770282E+01
 -1.5462624290E-01  3.2051345131E+00 -3.5131078904E+00  3.9584356648E-01 -2.2951920335E+01
 -1.6541350518E-01  3.2122687608E+00 -3.5345026907E+00  3.9141725334E-01 -2.3962358089E+01
 -1.6703208324E-01  3.2133383738E+00 -3.5377118391E+00  3.9035622064E-01 -2.3986577388E+01
</Path of -GradDelSqRho>
<Path of -GradDelSqRho>
Starting CP# =      4
Ending CP# =      0
Number of Points =     30
  1.2975207404E+00  3.5745052417E+00 -1.6354589538E+00  4.1483683649E-01 -9.6069803561E-01
  1.3117042756E+00  3.5939433263E+00 -1.6286774965E+00  4.0452885627E-01 -9.7047185187E-01
  1.3258901399E+00  3.6133860377E+00 -1.6219141984E+00  3.9523532408E-01 -9.9970711307E-01
  1.3400785477E+00  3.6328331198E+00 -1.6151688256E+00  3.8692824324E-01 -1.0484016273E+00
  1.3542696933E+00  3.6522841825E+00 -1.6084407113E+00  3.7957515041E-01 -1.1167039516E+00
  1.3684637209E+00  3.6717387417E+00 -1.6017288051E+00  3.7313922278E-01 -1.2048386692E+00
  1.3826606952E+00  3.6911962682E+00 -1.5950317488E+00  3.6757927955E-01 -1.3129500996E+00
  1.3968605700E+00  3.7106562430E+00 -1.5883479682E+00  3.6284978382E-01 -1.4408342896E+00
  1.4110631527E+00  3.7301182178E+00 -1.5816757743E+00  3.5890103389E-01 -1.5875304466E+00
  1.4252680602E+00  3.7495818824E+00 -1.5750134657E+00  3.5567984656E-01 -1.7507702374E+00
  1.4394746571E+00  3.7690471426E+00 -1.5683594261E+00  3.5313117063E-01 -1.9263607341E+00
  1.4536819639E+00  3.7885142189E+00 -1.5617122181E+00  3.5120118767E-01 -2.1077273706E+00
  1.4678885283E+00  3.8079837748E+00 -1.5550706885E+00  3.4984247475E-01 -2.2860674671E+00
  1.4820923430E+00  3.8274570326E+00 -1.5484341325E+00  3.4902158381E-01 -2.4518065496E+00
  1.4962913754E+00  3.8469354897E+00 -1.5418026033E+00  3.4872877124E-01 -2.5981664808E+00
  1.5104868959E+00  3.8664185946E+00 -1.5351772114E+00  3.4898847489E-01 -2.7274275317E+00
  1.5246906991E+00  3.8858980425E+00 -1.5285588248E+00  3.4986754821E-01 -2.8596888141E+00
  1.5389190132E+00  3.9053610322E+00 -1.5219446723E+00  3.5147658776E-01 -3.0425712941E+00
  1.5531719707E+00  3.9248059421E+00 -1.5153303980E+00  3.5395857016E-01 -3.3586546488E+00
  1.5674400673E+00  3.9442390945E+00 -1.5087142064E+00  3.5745939811E-01 -3.9260906100E+00
  1.5817162645E+00  3.9636656170E+00 -1.5020960183E+00  3.6207772065E-01 -4.8874697487E+00
  1.5959969192E+00  3.9830882801E+00 -1.4954761195E+00  3.6779677234E-01 -6.3831663981E+00
  1.6102802272E+00  4.0025084947E+00 -1.4888547621E+00  3.7440865073E-01 -8.5085501731E+00
  1.6245652626E+00  4.0219269974E+00 -1.4822321106E+00  3.8145005279E-01 -1.1260322490E+01
  1.6388515269E+00  4.0413441842E+00 -1.4756082515E+00  3.8817518229E-01 -1.4485986087E+01
  1.6531387412E+00  4.0607602641E+00 -1.4689831968E+00  3.9359191647E-01 -1.7859529891E+01
  1.6674267469E+00  4.0801753238E+00 -1.4623568592E+00  3.9657659818E-01 -2.0908808497E+01
  1.6817154570E+00  4.0995893239E+00 -1.4557289363E+00  3.9605931851E-01 -2.3107328932E+01
  1.6960048433E+00  4.1190018203E+00 -1.4490980675E+00  3.9124100820E-01 -2.4013978191E+01
  1.6974338242E+00  4.1209428108E+00 -1.4484343137E+00  3.9050479594E-01 -2.4022727525E+01
</Path of -GradDelSqRho>
<Path of -GradDelSqRho>
Starting CP# =      4
Ending CP# =     21
Number of Points =     17
  1.2975207404E+00  3.5745052417E+00 -1.6354589538E+00  4.1483683649E-01 -9.6069803561E-01
  1.2833392550E+00  3.5550717190E+00 -1.6422577506E+00  4.2618252996E-01 -9.7055388772E-01
  1.2691597295E+00  3.5356428236E+00 -1.6490738386E+00  4.3858404701E-01 -1.0003428811E+00
  1.2549820591E+00  3.5162182647E+00 -1.6559061262E+00  4.5205375903E-01 -1.0504339813E+00
  1.2408062331E+00  3.4967975403E+00 -1.6627531258E+00  4.6659761541E-01 -1.1211566282E+00
  1.2266323627E+00  3.4773799275E+00 -1.6696129870E+00  4.8221441587E-01 -1.2126631682E+00
  1.2124607120E+00  3.4579644668E+00 -1.6764835178E+00  4.9889512585E-01 -1.3247620934E+00
  1.1982917346E+00  3.4385499331E+00 -1.6833621774E+00  5.1662234145E-01 -1.4567271299E+00
  1.1841261228E+00  3.4191347830E+00 -1.6902460270E+00  5.3537002996E-01 -1.6070893925E+00
  1.1699648802E+00  3.3997170625E+00 -1.6971316161E+00  5.5510368820E-01 -1.7734219680E+00
  1.1558094386E+00  3.3802942481E+00 -1.7040147655E+00  5.7578107403E-01 -1.9521277065E+00
  1.1416618609E+00  3.3608629632E+00 -1.7108901699E+00  5.9735367331E-01 -2.1382406104E+00
  1.1275252251E+00  3.3414184405E+00 -1.7177506361E+00  6.1976906652E-01 -2.3252470725E+00
  1.1134044391E+00  3.3219533903E+00 -1.7245854768E+00  6.4297435153E-01 -2.5049216696E+00
  1.0993082649E+00  3.3024552221E+00 -1.7313765600E+00  6.6692074737E-01 -2.6671466566E+00
  1.0852557692E+00  3.2828973522E+00 -1.7380858912E+00  6.9156930237E-01 -2.7996338923E+00
  1.0620994932E+00  3.2442868937E+00 -1.7469168405E+00  7.3815917794E-01 -2.9131027775E+00
</Path of -GradDelSqRho>
<Path of -GradDelSqRho>
Starting CP# =      5
Ending CP# =     16
Number of Points =     37
  7.7261417209E-01  2.6775789207E+00 -2.0666241849E+00  2.2558856119E+01  1.2373899250E+03
  7.9149571142E-01  2.6766058586E+00 -2.0829808447E+00  1.5636256379E+01  1.1550355718E+03
  8.1038284670E-01  2.6756022497E+00 -2.0993292049E+00  1.0943624421E+01  9.8460004628E+02
  8.2927139023E-01  2.6745909747E+00 -2.1156754655E+00  7.7723516462E+00  7.7581743058E+02
  8.4816317932E-01  2.6735619324E+00 -2.1320168643E+00  5.6374340697E+00  5.7451793714E+02
  8.6706138989E-01  2.6724975366E+00 -2.1483485670E+00  4.2011869697E+00  4.0967326605E+02
  8.8596943230E-01  2.6713785931E+00 -2.1646652307E+00  3.2324696669E+00  2.8651044682E+02
  9.0489064421E-01  2.6701857967E+00 -2.1809613757E+00  2.5760793730E+00  1.9788634392E+02
  9.2382799384E-01  2.6689012305E+00 -2.1972317706E+00  2.1284488641E+00  1.3458050121E+02
  9.4278421325E-01  2.6675074839E+00 -2.2134711646E+00  1.8201293663E+00  8.9374598955E+01
  9.6176249682E-01  2.6659833148E+00 -2.2296730087E+00  1.6042344680E+00  5.7358402901E+01
  9.8076740671E-01  2.6642974032E+00 -2.2458275136E+00  1.4490897396E+00  3.5138611328E+01
  9.9980571776E-01  2.6624010229E+00 -2.2619191574E+00  1.3334747894E+00  2.0170683248E+01
  1.0188872174E+00  2.6602179404E+00 -2.2779229057E+00  1.2433959848E+00  1.0438023675E+01
  1.0380254238E+00  2.6576274532E+00 -2.2937972933E+00  1.1698117069E+00  4.3461352997E+00
  1.0572374971E+00  2.6544324037E+00 -2.3094700849E+00  1.1070191075E+00  6.8357123121E-01
  1.0765398377E+00  2.6502921576E+00 -2.3248044602E+00  1.0515524088E+00 -1.4221175631E+00
  1.0959218465E+00  2.6445602068E+00 -2.3395032001E+00  1.0015457493E+00 -2.5664396044E+00
  1.1151835908E+00  2.6358167573E+00 -2.3527555549E+00  9.5683364518E-01 -3.1386249743E+00
  1.1326982581E+00  2.6207452510E+00 -2.3616330500E+00  9.2198533342E-01 -3.3950175817E+00
  1.1424880796E+00  2.5982082368E+00 -2.3602980484E+00  9.0998266611E-01 -3.5295745361E+00
  1.1452278413E+00  2.5747427164E+00 -2.3522600363E+00  9.1392938041E-01 -3.6446549368E+00
  1.1455740688E+00  2.5518122007E+00 -2.3423191903E+00  9.2158985236E-01 -3.7552614300E+00
  1.1449280837E+00  2.5292202077E+00 -2.3316372729E+00  9.2963466192E-01 -3.8616131815E+00
  1.1435904379E+00  2.5069020509E+00 -2.3204545949E+00  9.3732711113E-01 -3.9630819945E+00
  1.1416210716E+00  2.4848596503E+00 -2.3088270549E+00  9.4448965826E-01 -4.0590173681E+00
  1.1390316697E+00  2.4631112942E+00 -2.2967750807E+00  9.5106141664E-01 -4.1488084869E+00
  1.1358251505E+00  2.4416785806E+00 -2.2843130160E+00  9.5700710949E-01 -4.2318994744E+00
  1.1320029399E+00  2.4205837072E+00 -2.2714544459E+00  9.6230042603E-01 -4.3077992484E+00
  1.1275661720E+00  2.3998490018E+00 -2.2582131265E+00  9.6692151042E-01 -4.3760895867E+00
  1.1225158928E+00  2.3794968486E+00 -2.2446032197E+00  9.7085671189E-01 -4.4364317271E+00
  1.1168531154E+00  2.3595496609E+00 -2.2306394396E+00  9.7409857948E-01 -4.4885714270E+00
  1.1105788399E+00  2.3400298478E+00 -2.2163371929E+00  9.7664582000E-01 -4.5323423885E+00
  1.1036940468E+00  2.3209597681E+00 -2.2017127303E+00  9.7850319052E-01 -4.5676680040E+00
  1.0961996555E+00  2.3023616697E+00 -2.1867833194E+00  9.7968132569E-01 -4.5945614191E+00
  1.0880964356E+00  2.2842576060E+00 -2.1715674606E+00  9.8019650256E-01 -4.6131239624E+00
  1.0716954157E+00  2.2524840919E+00 -2.1430542727E+00  9.7949784937E-01 -4.6261926180E+00
</Path of -GradDelSqRho>
<Path of -GradDelSqRho>
Starting CP# =      5
Ending CP# =      1
Number of Points =      7
  7.7261417209E-01  2.6775789207E+00 -2.0666241849E+00  2.2558856119E+01  1.2373899250E+03
  7.5374508093E-01  2.6784845043E+00 -2.0502493015E+00  3.2805324853E+01  9.8418342511E+02
  7.3488662909E-01  2.6793329924E+00 -2.0338590995E+00  4.8075911119E+01 -8.0360047203E+02
  7.1603289862E-01  2.6801563284E+00 -2.0174621807E+00  7.0760516344E+01 -6.4166581103E+03
  6.9718263288E-01  2.6809612902E+00 -2.0010603688E+00  1.0443445371E+02 -2.0740329967E+04
  6.7833810709E-01  2.6817359328E+00 -1.9846505017E+00  1.5495241167E+02 -7.5675284574E+04
  6.4569527779E-01  2.6830296625E+00 -1.9562041443E+00  2.9728119835E+02 -3.3290892964E+06
</Path of -GradDelSqRho>
<Path of -GradDelSqRho>
Starting CP# =      7
Ending CP# =     15
Number of Points =     40
  5.3331392109E-01  2.7988733482E+00 -1.9072631361E+00  2.2487808388E+01  1.2291139072E+03
  5.1659501949E-01  2.8159448402E+00 -1.8999117916E+00  1.5593161754E+01  1.1478897741E+03
  4.9986536356E-01  2.8329983439E+00 -1.8925431678E+00  1.0917152008E+01  9.7875382130E+02
  4.8313305752E-01  2.8500474051E+00 -1.8851702823E+00  7.7554498139E+00  7.7117238931E+02
  4.6639427860E-01  2.8670855982E+00 -1.8777869765E+00  5.6255885768E+00  5.7110701898E+02
  4.4964261691E-01  2.8841021010E+00 -1.8703829018E+00  4.1915721048E+00  4.0737961214E+02
  4.3287115021E-01  2.9010851032E+00 -1.8629468244E+00  3.2234155953E+00  2.8509905432E+02
  4.1607300596E-01  2.9180226804E+00 -1.8554674970E+00  2.5666797637E+00  1.9711702210E+02
  3.9924193393E-01  2.9349037096E+00 -1.8479345588E+00  2.1182808697E+00  1.3426095211E+02
  3.8237201378E-01  2.9517173273E+00 -1.8403380420E+00  1.8090666375E+00  8.9362838074E+01
  3.6545615756E-01  2.9684502375E+00 -1.8326658794E+00  1.5923257709E+00  5.7549589098E+01
  3.4848404017E-01  2.9850827879E+00 -1.8249003667E+00  1.4364791364E+00  3.5454021811E+01
  3.3143985785E-01  3.0015842729E+00 -1.8170141270E+00  1.3203477361E+00  2.0551751117E+01
  3.1429953685E-01  3.0179063104E+00 -1.8089647360E+00  1.2299422330E+00  1.0843098039E+01
  2.9702652354E-01  3.0339714687E+00 -1.8006859976E+00  1.1561988434E+00  4.7477733876E+00
  2.7956487540E-01  3.0496512498E+00 -1.7920721378E+00  1.0933700730E+00  1.0656261077E+00
  2.6182756686E-01  3.0647182676E+00 -1.7829463793E+00  1.0379143351E+00 -1.0673848829E+00
  2.4367724074E-01  3.0787235655E+00 -1.7729897914E+00  9.8781073587E-01 -2.2406582638E+00
  2.2491349334E-01  3.0905952529E+00 -1.7615529351E+00  9.4242600920E-01 -2.8380873261E+00
  2.0563926958E-01  3.0969312113E+00 -1.7472267161E+00  9.0440556777E-01 -3.1069613105E+00
  1.8986572363E-01  3.0896426563E+00 -1.7299905399E+00  8.8671080744E-01 -3.2311420714E+00
  1.8083591143E-01  3.0724662422E+00 -1.7143436114E+00  8.8847942486E-01 -3.3293705415E+00
  1.7443756978E-01  3.0530287753E+00 -1.6999927156E+00  8.9499601881E-01 -3.4240776357E+00
  1.6905062858E-01  3.0328940006E+00 -1.6861909703E+00  9.0205706500E-01 -3.5159502002E+00
  1.6435870604E-01  3.0123268538E+00 -1.6727775836E+00  9.0885874270E-01 -3.6045543719E+00
  1.6030805690E-01  2.9913878140E+00 -1.6597356100E+00  9.1523463202E-01 -3.6894193189E+00
  1.5689162125E-01  2.9701041060E+00 -1.6470755747E+00  9.2113403600E-01 -3.7700958478E+00
  1.5410961161E-01  2.9484978274E+00 -1.6348128714E+00  9.2652853688E-01 -3.8461673518E+00
  1.5196298722E-01  2.9265903184E+00 -1.6229639216E+00  9.3139685259E-01 -3.9172564160E+00
  1.5045244956E-01  2.9044028270E+00 -1.6115456126E+00  9.3572276196E-01 -3.9830302740E+00
  1.4957825330E-01  2.8819566596E+00 -1.6005752323E+00  9.3949490986E-01 -4.0432053966E+00
  1.4934012325E-01  2.8592732643E+00 -1.5900704576E+00  9.4270679522E-01 -4.0975511658E+00
  1.4973719152E-01  2.8363743062E+00 -1.5800493342E+00  9.4535672355E-01 -4.1458925677E+00
  1.5076795551E-01  2.8132817440E+00 -1.5705302317E+00  9.4744770435E-01 -4.1881118655E+00
  1.5243027192E-01  2.7900179167E+00 -1.5615317569E+00  9.4898729563E-01 -4.2241492396E+00
  1.5472141246E-01  2.7666056545E+00 -1.5530725982E+00  9.4998740024E-01 -4.2540024137E+00
  1.5763822611E-01  2.7430684345E+00 -1.5451712486E+00  9.5046401832E-01 -4.2777253085E+00
  1.6117749149E-01  2.7194306223E+00 -1.5378455149E+00  9.5043696090E-01 -4.2954257934E+00
  1.6533663507E-01  2.6957178811E+00 -1.5311116139E+00  9.4992952978E-01 -4.3072626264E+00
  1.7352475509E-01  2.6566384624E+00 -1.5213561337E+00  9.4812181251E-01 -4.3145403705E+00
</Path of -GradDelSqRho>
<Path of -GradDelSqRho>
Starting CP# =      7
Ending CP# =      1
Number of Points =      7
  5.3331392109E-01  2.7988733482E+00 -1.9072631361E+00  2.2487808388E+01  1.2291139072E+03
  5.5000814825E-01  2.7817607705E+00 -1.9145749118E+00  3.2687532403E+01  9.8109956859E+02
  5.6668109416E-01  2.7646129622E+00 -1.9218526473E+00  4.7882205534E+01 -7.7683007601E+02
  5.8334459527E-01  2.7474495846E+00 -1.9291153042E+00  7.0450234787E+01 -6.3306602013E+03
  6.0000135442E-01  2.7302751207E+00 -1.9363672076E+00  1.0393785538E+02 -2.0420584420E+04
  6.1664683570E-01  2.7130821500E+00 -1.9436011330E+00  1.5417868048E+02 -7.4591641140E+04
  6.4569527779E-01  2.6830296625E+00 -1.9562041443E+00  2.9728119835E+02 -3.3290892964E+06
</Path of -GradDelSqRho>
<Path of -GradDelSqRho>
Starting CP# =     13
Ending CP# =     16
Number of Points =     33
  6.7685111113E-01  2.6571550700E+00 -2.6505799125E+00  7.7153947087E-01 -2.4903475169E+00
  6.9583996258E-01  2.6442856650E+00 -2.6463539687E+00  7.7603917328E-01 -2.4938992119E+00
  7.1601003036E-01  2.6305404765E+00 -2.6409532889E+00  7.8130630191E-01 -2.5058426568E+00
  7.3596394643E-01  2.6168610392E+00 -2.6346570059E+00  7.8703977768E-01 -2.5265005044E+00
  7.5567242822E-01  2.6032637419E+00 -2.6274724417E+00  7.9324059123E-01 -2.5560412910E+00
  7.7510612177E-01  2.5897644631E+00 -2.6194083522E+00  7.9990362293E-01 -2.5944994216E+00
  7.9423572991E-01  2.5763784510E+00 -2.6104752017E+00  8.0701724036E-01 -2.6417790222E+00
  8.1303216329E-01  2.5631201680E+00 -2.6006853887E+00  8.1456295453E-01 -2.6976591144E+00
  8.3146670423E-01  2.5500031054E+00 -2.5900534111E+00  8.2251514667E-01 -2.7617996617E+00
  8.4951116894E-01  2.5370395761E+00 -2.5785959628E+00  8.3084088168E-01 -2.8337481111E+00
  8.6713805127E-01  2.5242404925E+00 -2.5663319537E+00  8.3949982798E-01 -2.9129461577E+00
  8.8432062926E-01  2.5116151359E+00 -2.5532824508E+00  8.4844430597E-01 -2.9987365892E+00
  9.0103301475E-01  2.4991709252E+00 -2.5394705430E+00  8.5761948847E-01 -3.0903701942E+00
  9.1725012622E-01  2.4869131900E+00 -2.5249211370E+00  8.6696377467E-01 -3.1870128505E+00
  9.3294756623E-01  2.4748449475E+00 -2.5096606990E+00  8.7640935539E-01 -3.2877530119E+00
