 AIMInt (Version 19.02.13, Professional)
 Portions Copyright (c) 1997-2019 by Todd A. Keith
 AIMInt is a component of the AIMAll package ( http://aim.tkgristmill.com )

 TP:  64-bit Linux

 Licensed To:  Research Group of Fernando Cortes Guzman, UNAM, fercor@unam.mx

 AIMInt is a heavily modified and extended version of the PROAIMV program
 developed by members of R.F.W. Bader's research group

 Much of the Quantum Theory of Atoms in Molecules (QTAIM) is described in the book:
   "Atoms in Molecules - A Quantum Theory"
   R.F.W. Bader, Oxford University Press, Oxford, 1990

 For additional references see:  http://aim.tkgristmill.com/references.html

 Current Directory:  /home/scratch/M_H2O_4_tetraedrico/Opt

 Inp File:  Cr2_tetraedrico_cc-pvtz-def2-tzv_2_atomicfiles/o4.inp
 Wfx File:  Cr2_tetraedrico_cc-pvtz-def2-tzv_2.wfx
 Out File:  Cr2_tetraedrico_cc-pvtz-def2-tzv_2_atomicfiles/o4.int

 Wfx Title:   Cr2_tetraedrico_cc-pvtz-def2-tzv_2                                            
 Job Title:   Cr2_tetraedrico_cc-pvtz-def2-tzv_2                                            
 
<Atom>
O4      
</Atom>
<Nuclei of Molecule>
    13
Cr1       24.0           8.9412783454E-06   2.4357447679E-05  -2.8080444526E-05
O2         8.0           6.4569527909E-01   2.6830293165E+00  -1.9562039950E+00
H3         1.0          -1.7082631391E-01   3.2157999860E+00  -3.5452466567E+00
O4         8.0          -6.4405919286E-01  -2.6880618221E+00  -1.9497510527E+00
H5         1.0          -1.7039710497E+00  -4.1290142180E+00  -1.4375074307E+00
O6         8.0           2.6847477046E+00  -6.4230880053E-01   1.9548725714E+00
H7         1.0           3.2191990122E+00   1.7634220244E-01   3.5422562991E+00
O8         8.0          -2.6863478368E+00   6.4743992647E-01   1.9509693420E+00
H9         1.0          -4.1306534949E+00   1.7020994968E+00   1.4372014670E+00
H10        1.0           1.7587417645E-01  -3.2277150981E+00  -3.5347238868E+00
H11        1.0           4.1283585077E+00  -1.6997628309E+00   1.4450046375E+00
H12        1.0          -3.2206621195E+00  -1.6646292629E-01   3.5408314645E+00
H13        1.0           1.7021790586E+00   4.1273398467E+00  -1.4462368883E+00
</Nuclei of Molecule>
<Total Number of CPs of DelSqRho>
    30
</Total Number of CPs of DelSqRho>
<Number of (3,+3) CPs of DelSqRho>
     5
</Number of (3,+3) CPs of DelSqRho>
<Number of (3,+1) CPs of DelSqRho>
    11
</Number of (3,+1) CPs of DelSqRho>
<Number of (3,-1) CPs of DelSqRho>
     9
</Number of (3,-1) CPs of DelSqRho>
<Number of (3,-3) CPs of DelSqRho>
     5
</Number of (3,-3) CPs of DelSqRho>
<Number of Degenerate CPs of DelSqRho>
     0
</Number of Degenerate CPs of DelSqRho>
<CP of DelSqRho>
CP# = 1       
Type = (3,+3)
Coords = -6.44059191680887E-01 -2.68806216869220E+00 -1.94975120070385E+00
DistFromNuc =  3.7687633936E-07
Rho =  2.9728129004E+02
DelSqRho = -3.3290904450E+06
GradDelSqRho = -5.5601867643E-06  1.4124656445E-05 -2.2003951017E-06
HessDelSqRho_EigVals =  1.3239007410E+11  1.3239009214E+11  1.3239009975E+11
HessDelSqRho_EigVec1 =  7.5693681864E-01 -4.3206089677E-01  4.9027546753E-01
HessDelSqRho_EigVec2 =  1.4181227319E-01  8.4096878751E-01  5.2216929976E-01
HessDelSqRho_EigVec3 = -6.3791530140E-01 -3.2572209002E-01  6.9783177652E-01
</CP of DelSqRho>
<CP of DelSqRho>
CP# = 2       
Type = (3,-1)
Coords = -4.79978383746800E-01 -1.55206992548150E+00 -1.16366848746921E+00
DistFromNuc =  1.3911599119E+00
Rho =  1.8318582244E-01
DelSqRho =  5.1890479753E-01
GradDelSqRho = -2.0122792321E-16 -2.1371793224E-15 -2.7755575616E-16
HessDelSqRho_EigVals = -7.0351540485E-01 -5.4439075591E-01  3.5893728695E+00
HessDelSqRho_EigVec1 =  8.8737362787E-01 -4.2962123878E-01  1.6731298738E-01
HessDelSqRho_EigVec2 = -3.7314855219E-01 -4.5608989423E-01  8.0792460439E-01
HessDelSqRho_EigVec3 =  2.7079180666E-01  7.7936358625E-01  5.6503468732E-01
</CP of DelSqRho>
<CP of DelSqRho>
CP# = 3       
Type = (3,+1)
Coords = -1.29801736677530E+00 -3.57745155646793E+00 -1.62759856793824E+00
DistFromNuc =  1.1499815722E+00
Rho =  4.1485208324E-01
DelSqRho = -9.6079393887E-01
GradDelSqRho =  2.0261570199E-15  1.0547118734E-15 -1.4988010832E-15
HessDelSqRho_EigVals = -3.1392262942E+01  1.4722518060E+01  1.5703403649E+01
HessDelSqRho_EigVec1 =  5.6914712395E-01  7.7564797269E-01 -2.7284019822E-01
HessDelSqRho_EigVec2 =  7.6633635944E-01 -3.8013811218E-01  5.1790307962E-01
HessDelSqRho_EigVec3 = -2.9799351588E-01  5.0385041246E-01  8.1076175684E-01
</CP of DelSqRho>
<CP of DelSqRho>
CP# = 4       
Type = (3,+1)
Coords = -1.33567857449410E-01 -3.01969864892772E+00 -2.92752528302464E+00
DistFromNuc =  1.1517928780E+00
Rho =  4.1331169274E-01
DelSqRho = -9.5039866816E-01
GradDelSqRho = -4.4131365229E-15  5.4400928207E-15  1.2351231149E-15
HessDelSqRho_EigVals = -3.1063497800E+01  1.4562904728E+01  1.5517183200E+01
HessDelSqRho_EigVec1 = -4.3799493900E-01  2.9150955175E-01  8.5040144323E-01
HessDelSqRho_EigVec2 =  7.5532255288E-01 -3.9364013734E-01  5.2396114683E-01
HessDelSqRho_EigVec3 =  4.8749181995E-01  8.7181971962E-01 -4.7771350872E-02
</CP of DelSqRho>
<CP of DelSqRho>
CP# = 5       
Type = (3,+1)
Coords = -5.31983174355257E-01 -2.80390051771699E+00 -1.90010228567172E+00
DistFromNuc =  1.6865538058E-01
Rho =  2.2487785956E+01
DelSqRho =  1.2291155068E+03
GradDelSqRho =  1.7266188479E-11 -2.3675283956E-11  9.6918029158E-12
HessDelSqRho_EigVals = -4.0573901742E+05  2.1882061831E+03  3.5502918742E+03
HessDelSqRho_EigVec1 = -6.6649660389E-01  6.8356312868E-01 -2.9752937017E-01
HessDelSqRho_EigVec2 =  3.8781017132E-01  6.5874724427E-01  6.4471337755E-01
HessDelSqRho_EigVec3 = -6.3669894615E-01 -3.1431436060E-01  7.0414553516E-01
</CP of DelSqRho>
<CP of DelSqRho>
CP# = 6       
Type = (3,+1)
Coords = -7.70674172963238E-01 -2.68283125381739E+00 -2.06053030381413E+00
DistFromNuc =  1.6831742186E-01
Rho =  2.2558828739E+01
DelSqRho =  1.2373916970E+03
GradDelSqRho =  7.7093886830E-12 -1.1368683772E-12  1.3642420527E-12
HessDelSqRho_EigVals = -4.1359084650E+05  1.7740260988E+03  3.2310324310E+03
HessDelSqRho_EigVec1 =  7.5322534412E-01 -3.6390598992E-02  6.5675513342E-01
HessDelSqRho_EigVec2 = -1.8157318178E-01  9.4816870987E-01  2.6078204937E-01
HessDelSqRho_EigVec3 = -6.3220468255E-01 -3.1567676810E-01  7.0757714593E-01
</CP of DelSqRho>
<CP of DelSqRho>
CP# = 7       
Type = (3,-1)
Coords = -6.81257779149929E-01 -2.82391118291001E+00 -2.04306377138935E+00
DistFromNuc =  1.6895575493E-01
Rho =  2.2311599970E+01
DelSqRho =  1.2463177926E+03
GradDelSqRho =  7.4038553066E-12  4.0358827391E-12 -1.6427748051E-11
HessDelSqRho_EigVals = -4.0282390816E+05 -1.3999169840E+03  1.8530369574E+03
HessDelSqRho_EigVec1 =  2.2137390666E-01  8.0318839602E-01  5.5306599420E-01
HessDelSqRho_EigVec2 =  7.4126980327E-01 -5.0710316632E-01  4.3973339363E-01
HessDelSqRho_EigVec3 = -6.3365027595E-01 -3.1262562148E-01  7.0763871332E-01
</CP of DelSqRho>
<CP of DelSqRho>
CP# = 8       
Type = (3,-3)
Coords = -5.62217932455699E-01 -2.54400192767864E+00 -1.97070312538078E+00
DistFromNuc =  1.6700369585E-01
Rho =  2.2706791437E+01
DelSqRho =  1.2976109599E+03
GradDelSqRho = -1.7507773009E-11 -2.1259438654E-11  1.5489831640E-12
HessDelSqRho_EigVals = -4.5049756892E+05 -3.6313791031E+03 -6.5611761412E+02
HessDelSqRho_EigVec1 =  4.8801314077E-01  8.6417182762E-01 -1.2267936574E-01
HessDelSqRho_EigVec2 =  7.8090190610E-01 -3.6948915554E-01  5.0365660621E-01
HessDelSqRho_EigVec3 = -3.8991715463E-01  3.4159159281E-01  8.5514899067E-01
</CP of DelSqRho>
<CP of DelSqRho>
CP# = 9       
Type = (3,-3)
Coords = -7.01790599338373E-01 -2.61072525857394E+00 -1.81345666673808E+00
DistFromNuc =  1.6700305088E-01
Rho =  2.2709300387E+01
DelSqRho =  1.2971789442E+03
GradDelSqRho = -1.7053025658E-13 -1.4779288904E-11 -8.4128259914E-12
HessDelSqRho_EigVals = -4.5043868253E+05 -3.5987103721E+03 -5.8126010999E+02
HessDelSqRho_EigVec1 = -3.4419672083E-01  4.6632114491E-01  8.1490687025E-01
HessDelSqRho_EigVec2 = -7.5168884874E-01  3.8319442686E-01 -5.3677360769E-01
HessDelSqRho_EigVec3 =  5.6257665439E-01  7.9731212272E-01 -2.1863413940E-01
</CP of DelSqRho>
<CP of DelSqRho>
CP# = 10      
Type = (3,-1)
Coords = -1.81645971903360E-01 -2.28051779574780E+00 -2.31649026278038E+00
DistFromNuc =  7.1722783583E-01
Rho =  6.7099769504E-01
DelSqRho = -9.8344586128E-01
GradDelSqRho =  2.1760371283E-14  2.7380875345E-14 -1.3322676296E-14
HessDelSqRho_EigVals = -1.5988288859E+01 -1.1762611084E+01  1.4262957495E+02
HessDelSqRho_EigVec1 = -9.6238780220E-02  6.9463665692E-01  7.1289410998E-01
HessDelSqRho_EigVec2 = -7.6377879691E-01  4.0773115254E-01 -5.0039709895E-01
HessDelSqRho_EigVec3 =  6.3826330505E-01  5.9265101207E-01 -4.9130920133E-01
</CP of DelSqRho>
<CP of DelSqRho>
CP# = 11      
Type = (3,-1)
Coords = -1.04128718640601E+00 -2.69786745709033E+00 -1.35282280882803E+00
DistFromNuc =  7.1708406600E-01
Rho =  6.7306786328E-01
DelSqRho = -9.8833377304E-01
GradDelSqRho = -2.9753977060E-14 -6.6613381478E-15  5.3290705182E-15
HessDelSqRho_EigVals = -1.6036228863E+01 -1.2016658045E+01  1.4279066724E+02
HessDelSqRho_EigVec1 =  3.6137698947E-01  9.0707488755E-01  2.1592086481E-01
HessDelSqRho_EigVec2 =  7.5551118639E-01 -4.2056713622E-01  5.0232074532E-01
HessDelSqRho_EigVec3 = -5.4645175334E-01  1.8396529956E-02  8.3728850999E-01
</CP of DelSqRho>
<CP of DelSqRho>
CP# = 12      
Type = (3,-1)
Coords = -7.47363855359789E-01 -3.31034404645775E+00 -2.30776292931343E+00
DistFromNuc =  7.2531339698E-01
Rho =  6.6635506057E-01
DelSqRho = -9.9926691884E-01
GradDelSqRho =  1.3322676296E-15  5.3290705182E-15  8.8817841970E-16
HessDelSqRho_EigVals = -1.8792023508E+01 -5.7944041436E+00  1.3248852071E+02
HessDelSqRho_EigVec1 =  6.3845126370E-01  3.0233524820E-01 -7.0779473124E-01
HessDelSqRho_EigVec2 =  7.5575065599E-01 -4.2031652524E-01  5.0217025458E-01
HessDelSqRho_EigVec3 =  1.4567405346E-01  8.5552756607E-01  4.9684167885E-01
</CP of DelSqRho>
<CP of DelSqRho>
CP# = 13      
Type = (3,+1)
Coords = -6.73350990181687E-01 -2.66458604913481E+00 -2.64428680679773E+00
DistFromNuc =  6.9554944826E-01
Rho =  7.7154978992E-01
DelSqRho = -2.4904460602E+00
GradDelSqRho = -3.5527136788E-15 -5.7731597281E-15  5.8175686490E-14
HessDelSqRho_EigVals = -1.2821147398E+01  1.3955497793E+01  1.8009869282E+02
HessDelSqRho_EigVec1 =  8.1679679327E-01 -5.5422754768E-01 -1.6023365407E-01
HessDelSqRho_EigVec2 =  5.6134217547E-01  8.2758315424E-01 -1.0415616094E-03
HessDelSqRho_EigVec3 =  1.3318393499E-01 -8.9095163779E-02  9.8707856387E-01
</CP of DelSqRho>
<CP of DelSqRho>
CP# = 14      
Type = (3,+1)
Coords = -6.55091861668795E-01 -3.26106821125835E+00 -1.55546001017658E+00
DistFromNuc =  6.9564607960E-01
Rho =  7.7052919895E-01
DelSqRho = -2.4494015276E+00
GradDelSqRho =  1.4599432774E-14 -4.5408121707E-14  3.9079850467E-14
HessDelSqRho_EigVals = -1.2260684121E+01  1.2856977364E+01  1.7815679787E+02
HessDelSqRho_EigVec1 =  9.2490680229E-01  2.8228649082E-01  2.5467968937E-01
HessDelSqRho_EigVec2 = -3.7106928890E-01  5.2436655393E-01  7.6638586884E-01
HessDelSqRho_EigVec3 = -8.2794866464E-02  8.0333931450E-01 -5.8973804004E-01
</CP of DelSqRho>
<CP of DelSqRho>
CP# = 15      
Type = (3,+3)
Coords = -1.73025287276343E-01 -2.66080529094523E+00 -1.51372376300855E+00
DistFromNuc =  6.4244506075E-01
Rho =  9.4812280272E-01
DelSqRho = -4.3146353634E+00
GradDelSqRho =  1.0658141036E-14 -9.7699626167E-15  5.6843418861E-14
HessDelSqRho_EigVals =  8.3715211345E+00  2.3144734829E+01  3.1760877419E+02
HessDelSqRho_EigVec1 = -2.1896766055E-01  9.5213139813E-01  2.1330486243E-01
HessDelSqRho_EigVec2 = -6.3680816679E-01 -3.0508451086E-01  7.0809519130E-01
HessDelSqRho_EigVec3 =  7.3927567412E-01  1.9215669079E-02  6.7312869179E-01
</CP of DelSqRho>
<CP of DelSqRho>
CP# = 16      
Type = (3,+1)
Coords = -5.75800204923965E-01 -2.10717234147263E+00 -1.63595534588396E+00
DistFromNuc =  6.6374665630E-01
Rho =  8.7594859999E-01
DelSqRho = -3.6114323921E+00
GradDelSqRho = -8.4865448002E-13 -9.9475983006E-13 -1.1741718708E-12
HessDelSqRho_EigVals = -6.2972157444E+00  2.0290176912E+01  2.5603231326E+02
HessDelSqRho_EigVec1 =  7.6774119491E-01 -3.6420177045E-01  5.2719116840E-01
HessDelSqRho_EigVec2 = -6.3359572900E-01 -3.0880710731E-01  7.0936212379E-01
HessDelSqRho_EigVec3 =  9.5550561659E-02  8.7863259720E-01  4.6784062382E-01
</CP of DelSqRho>
<CP of DelSqRho>
CP# = 17      
Type = (3,+1)
Coords = -6.95654057922147E-02 -2.98167712880704E+00 -2.20648512769334E+00
DistFromNuc =  6.9438133973E-01
Rho =  7.7310713016E-01
DelSqRho = -2.4687817721E+00
GradDelSqRho = -1.7763568394E-15 -6.2172489379E-15 -2.0872192863E-14
HessDelSqRho_EigVals = -1.2135462837E+01  1.2977738267E+01  1.7991687329E+02
HessDelSqRho_EigVec1 =  2.9380584394E-01 -1.9272080648E-02  9.5567081831E-01
HessDelSqRho_EigVec2 =  4.2006146600E-01  9.0068432009E-01 -1.1097801736E-01
HessDelSqRho_EigVec3 =  8.5861894392E-01 -4.3404647500E-01 -2.7272177524E-01
</CP of DelSqRho>
<CP of DelSqRho>
CP# = 18      
Type = (3,+1)
Coords = -1.28439869278662E+00 -2.96118522237777E+00 -1.95633445122314E+00
DistFromNuc =  6.9618561325E-01
Rho =  7.7152788257E-01
DelSqRho = -2.5002497875E+00
GradDelSqRho =  1.9539925233E-14  3.1086244690E-14 -8.4376949872E-15
HessDelSqRho_EigVals = -1.2678037366E+01  1.4063687772E+01  1.7940299293E+02
HessDelSqRho_EigVec1 = -2.3451686121E-01  8.3802698501E-01 -4.9265871981E-01
HessDelSqRho_EigVec2 = -2.0767407425E-01  4.5190258247E-01  8.6755722281E-01
HessDelSqRho_EigVec3 =  9.4967011151E-01  3.0576924037E-01  6.8057703100E-02
</CP of DelSqRho>
<CP of DelSqRho>
CP# = 19      
Type = (3,+3)
Coords = -1.06894553657121E+00 -2.25756012164449E+00 -2.13922437594924E+00
DistFromNuc =  6.3384561162E-01
Rho =  9.7948516376E-01
DelSqRho = -4.6260698722E+00
GradDelSqRho = -2.3092638912E-14 -3.7303493627E-14  2.3092638912E-14
HessDelSqRho_EigVals =  1.2166867441E+01  2.5010152430E+01  3.5805620057E+02
HessDelSqRho_EigVec1 =  3.8009846325E-01  6.7648565309E-01  6.3078706343E-01
HessDelSqRho_EigVec2 =  6.3110715384E-01  3.0887779813E-01 -7.1154639075E-01
HessDelSqRho_EigVec3 =  6.7618704410E-01 -6.6855191794E-01  3.0953095873E-01
</CP of DelSqRho>
<CP of DelSqRho>
CP# = 20      
Type = (3,+3)
Coords = -3.15636297766953E-01 -2.89299881693382E+00 -2.56699217105465E+00
DistFromNuc =  7.2859273124E-01
Rho =  7.3950508112E-01
DelSqRho = -2.9273451854E+00
GradDelSqRho =  1.5099033135E-14  1.3544720900E-14 -1.2434497876E-14
HessDelSqRho_EigVals =  1.0656216095E+01  2.2471368314E+01  1.3360766808E+02
HessDelSqRho_EigVec1 =  7.4627781153E-01 -4.0056636394E-01  5.3161641820E-01
HessDelSqRho_EigVec2 =  4.8629613294E-01  8.7344985116E-01 -2.4524041095E-02
HessDelSqRho_EigVec3 = -4.5451677538E-01  2.7682475610E-01  8.4663011717E-01
</CP of DelSqRho>
<CP of DelSqRho>
CP# = 21      
Type = (3,+3)
Coords = -1.06182230380020E+00 -3.24798283359333E+00 -1.73958454531298E+00
DistFromNuc =  7.2952554228E-01
Rho =  7.3816107435E-01
DelSqRho = -2.9131339344E+00
GradDelSqRho =  2.8865798640E-15  4.2188474936E-15 -5.3290705182E-15
HessDelSqRho_EigVals =  1.0581203394E+01  2.2377148321E+01  1.3272715543E+02
HessDelSqRho_EigVec1 =  7.7312847223E-01 -3.9320956241E-01  4.9765309751E-01
HessDelSqRho_EigVec2 =  2.6499522242E-01 -5.1260675931E-01 -8.1670792968E-01
HessDelSqRho_EigVec3 =  5.7623770922E-01  7.6329584719E-01 -2.9211222523E-01
</CP of DelSqRho>
<CP of DelSqRho>
CP# = 22      
Type = (3,-1)
Coords =  5.09082427081549E-01 -2.97874693191834E+00 -2.00496114091791E+00
DistFromNuc =  1.1904963597E+00
Rho =  2.4453511296E-01
DelSqRho =  7.1513353200E-01
GradDelSqRho = -5.2180482157E-15  6.3837823916E-16 -2.7755575616E-17
HessDelSqRho_EigVals = -1.7007825212E+01 -1.2423839173E+00  2.9085280302E-01
HessDelSqRho_EigVec1 =  9.7206703497E-01 -2.3273189230E-01 -3.0356973165E-02
HessDelSqRho_EigVec2 =  9.2787533185E-02  2.6226345151E-01  9.6052504168E-01
HessDelSqRho_EigVec3 =  2.1558328599E-01  9.3651147794E-01 -2.7653227387E-01
</CP of DelSqRho>
<CP of DelSqRho>
CP# = 23      
Type = (3,-1)
Coords = -1.83117855768222E+00 -2.67767075299134E+00 -2.04734845245136E+00
DistFromNuc =  1.1911698506E+00
Rho =  2.4447916415E-01
DelSqRho =  7.1936013320E-01
GradDelSqRho = -8.3266726847E-16 -8.2572837456E-16 -1.6375789613E-15
HessDelSqRho_EigVals = -1.7232583372E+01 -1.1704204511E+00  3.2084873057E-01
HessDelSqRho_EigVec1 =  9.9622135466E-01 -2.7709409693E-02  8.2311609970E-02
HessDelSqRho_EigVec2 =  5.3058810936E-02  9.4449291685E-01 -3.2421889612E-01
HessDelSqRho_EigVec3 = -6.8758818368E-02  3.2736114405E-01  9.4239424142E-01
</CP of DelSqRho>
<CP of DelSqRho>
CP# = 24      
Type = (3,-3)
Coords = -1.04720951967615E+00 -3.51009820192830E+00 -2.66362397000172E+00
DistFromNuc =  1.1609860196E+00
Rho =  2.5013414375E-01
DelSqRho =  8.6353711909E-01
GradDelSqRho =  8.3266726847E-17  2.7755575616E-16  1.1102230246E-16
HessDelSqRho_EigVals = -1.7234455224E+01 -3.2846250067E+00 -1.9113528911E-01
HessDelSqRho_EigVec1 =  3.4822654975E-01  7.0674051180E-01  6.1583773758E-01
HessDelSqRho_EigVec2 = -6.3539972177E-01 -3.0505527852E-01  7.0937188457E-01
HessDelSqRho_EigVec3 =  6.8920640132E-01 -6.3832525097E-01  3.4283437743E-01
</CP of DelSqRho>
<CP of DelSqRho>
CP# = 25      
Type = (3,+1)
Coords = -5.39157876813873E-02 -1.93987961035192E+00 -1.13721313368607E+00
DistFromNuc =  1.2523033700E+00
Rho =  2.4095569054E-01
DelSqRho =  4.8982531519E-01
GradDelSqRho = -3.4316438580E-12 -4.5462800191E-12 -6.5377980807E-12
HessDelSqRho_EigVals = -9.3608093475E+00  3.9910493578E-01  5.3031316613E-01
HessDelSqRho_EigVec1 =  5.2600330497E-01  5.5001479546E-01  6.4869426383E-01
HessDelSqRho_EigVec2 = -1.6689114910E-01  8.1465952161E-01 -5.5540724536E-01
HessDelSqRho_EigVec3 =  8.3394716110E-01 -1.8388471556E-01 -5.2030620203E-01
</CP of DelSqRho>
<CP of DelSqRho>
CP# = 26      
Type = (3,-3)
Coords =  5.06185266975701E-02 -1.99715243523859E+00 -2.53342694475326E+00
DistFromNuc =  1.1404430989E+00
Rho =  2.4740956182E-01
DelSqRho =  8.4783336843E-01
GradDelSqRho = -7.4634742830E-13 -3.3251179588E-14 -3.5137864840E-13
HessDelSqRho_EigVals = -1.7670897936E+01 -1.8205228121E+00 -5.0182959248E-01
HessDelSqRho_EigVec1 =  6.0677045083E-01  6.3059798763E-01 -4.8391713959E-01
HessDelSqRho_EigVec2 = -1.4817797637E-01  6.8785801702E-01  7.1055938227E-01
HessDelSqRho_EigVec3 =  7.8094360060E-01 -3.5944057425E-01  5.1081265281E-01
</CP of DelSqRho>
<CP of DelSqRho>
CP# = 27      
Type = (3,-1)
Coords = -9.76492584654062E-01 -2.26964773543643E+00 -3.01311257601995E+00
DistFromNuc =  1.1900924490E+00
Rho =  2.4388767249E-01
DelSqRho =  7.2584829582E-01
GradDelSqRho =  8.3266726847E-16 -5.5511151231E-16  1.2212453271E-15
HessDelSqRho_EigVals = -1.7350205180E+01 -1.1618830590E+00  2.9634443038E-01
HessDelSqRho_EigVec1 =  2.8665988861E-01 -3.6681654382E-01  8.8502640155E-01
HessDelSqRho_EigVec2 = -6.5484841937E-01  5.9927193352E-01  4.6048528461E-01
HessDelSqRho_EigVec3 =  6.9928510345E-01  7.1156080055E-01  6.8422008212E-02
</CP of DelSqRho>
<CP of DelSqRho>
CP# = 28      
Type = (3,-3)
Coords = -1.29918943607026E+00 -2.64664020830213E+00 -1.01651394541564E+00
DistFromNuc =  1.1409832970E+00
Rho =  2.4847713919E-01
DelSqRho =  8.5195907897E-01
GradDelSqRho = -1.5959455979E-15 -2.7755575616E-17  3.4416913763E-15
HessDelSqRho_EigVals = -1.7665732296E+01 -1.8143733172E+00 -5.5565282918E-01
HessDelSqRho_EigVec1 = -5.6011981945E-01  6.5961992660E-02  8.2578132904E-01
HessDelSqRho_EigVec2 =  3.4379128007E-01  9.2544115256E-01  1.5926778989E-01
HessDelSqRho_EigVec3 = -7.5370640412E-01  3.7310546589E-01 -5.4103508918E-01
</CP of DelSqRho>
<CP of DelSqRho>
CP# = 29      
Type = (3,-1)
Coords = -3.64941329100202E-01 -3.39036237968256E+00 -1.02854138379536E+00
DistFromNuc =  1.1915368686E+00
Rho =  2.4470515051E-01
DelSqRho =  7.0722297236E-01
GradDelSqRho =  4.4408920985E-16 -1.9984014443E-15  2.9976021665E-15
HessDelSqRho_EigVals = -1.6839935081E+01 -1.2205439067E+00  3.2421922237E-01
HessDelSqRho_EigVec1 =  2.4375209366E-01 -5.7570204086E-01  7.8048195173E-01
HessDelSqRho_EigVec2 =  7.8016032910E-01  5.9446408605E-01  1.9483919341E-01
HessDelSqRho_EigVec3 = -5.7613781141E-01  5.6140859500E-01  5.9404175925E-01
</CP of DelSqRho>
<CP of DelSqRho>
CP# = 30      
Type = (3,+1)
Coords = -1.00195319648074E+00 -4.41693716495169E+00 -9.72036648846918E-01
DistFromNuc =  2.0181733138E+00
Rho =  7.3459017276E-02
DelSqRho =  1.7463439546E-01
GradDelSqRho =  7.2804609563E-14  1.0554404573E-13 -1.3648500732E-13
HessDelSqRho_EigVals = -1.5902231835E+00  3.8471649411E-02  5.6428862699E-01
HessDelSqRho_EigVec1 = -2.4012598624E-01  7.7199208172E-01 -5.8853014918E-01
HessDelSqRho_EigVec2 = -3.1837554974E-01  5.1010410113E-01  7.9901865769E-01
HessDelSqRho_EigVec3 =  9.1704771962E-01  3.7923875298E-01  1.2329415305E-01
</CP of DelSqRho>
<Path of -GradDelSqRho>
Starting CP# =      3
Ending CP# =     21
Number of Points =     17
 -1.2980173668E+00 -3.5774515565E+00 -1.6275985679E+00  4.1485208324E-01 -9.6079393887E-01
 -1.2837896662E+00 -3.5580626648E+00 -1.6344281642E+00  4.2619790864E-01 -9.7065085285E-01
 -1.2695638913E+00 -3.5386784530E+00 -1.6412750350E+00  4.3859957602E-01 -1.0004428733E+00
 -1.2553399394E+00 -3.5192986270E+00 -1.6481380895E+00  4.5206945212E-01 -1.0505386847E+00
 -1.2411178023E+00 -3.4999226801E+00 -1.6550158419E+00  4.6661348080E-01 -1.1212673843E+00
 -1.2268975944E+00 -3.4805498832E+00 -1.6619064450E+00  4.8223045557E-01 -1.2127809071E+00
 -1.2126795833E+00 -3.4611792692E+00 -1.6688077106E+00  4.9891133509E-01 -1.3248872589E+00
 -1.1984642268E+00 -3.4418096040E+00 -1.6757171033E+00  5.1663870843E-01 -1.4568596006E+00
 -1.1842522215E+00 -3.4224393335E+00 -1.6826316912E+00  5.3538653576E-01 -1.6072284014E+00
 -1.1700445761E+00 -3.4030664908E+00 -1.6895480321E+00  5.5512030719E-01 -1.7735660266E+00
 -1.1558427281E+00 -3.3836885360E+00 -1.6964619580E+00  5.7579777455E-01 -1.9522745362E+00
 -1.1416487473E+00 -3.3643020715E+00 -1.7033681783E+00  5.9737041894E-01 -2.1383870859E+00
 -1.1274657206E+00 -3.3449023010E+00 -1.7102595199E+00  6.1978581775E-01 -2.3253891777E+00
 -1.1132985681E+00 -3.3254818909E+00 -1.7171253257E+00  6.4299106817E-01 -2.5050544564E+00
 -1.0991560724E+00 -3.3060281749E+00 -1.7239475133E+00  6.6693739143E-01 -2.6672641829E+00
 -1.0850573425E+00 -3.2865144059E+00 -1.7306881862E+00  6.9158584134E-01 -2.7997290846E+00
 -1.0618223038E+00 -3.2479828336E+00 -1.7395845453E+00  7.3816107435E-01 -2.9131339344E+00
</Path of -GradDelSqRho>
<Path of -GradDelSqRho>
Starting CP# =      3
Ending CP# =      0
Number of Points =     30
 -1.2980173668E+00 -3.5774515565E+00 -1.6275985679E+00  4.1485208324E-01 -9.6079393887E-01
 -1.3122470831E+00 -3.5968450626E+00 -1.6207862949E+00  4.0454399312E-01 -9.7056888265E-01
 -1.3264790925E+00 -3.6162432502E+00 -1.6139921652E+00  3.9525037566E-01 -9.9980763002E-01
 -1.3407136099E+00 -3.6356458620E+00 -1.6072159465E+00  3.8694323565E-01 -1.0485080983E+00
 -1.3549508307E+00 -3.6550525054E+00 -1.6004569740E+00  3.7959010999E-01 -1.1168188769E+00
 -1.3691909010E+00 -3.6744626928E+00 -1.5937141999E+00  3.7315417499E-01 -1.2049644703E+00
 -1.3834338879E+00 -3.6938758905E+00 -1.5869862684E+00  3.6759424783E-01 -1.3130889474E+00
 -1.3976797481E+00 -3.7132915744E+00 -1.5802716076E+00  3.6286478863E-01 -1.4409878414E+00
 -1.4119282922E+00 -3.7327092914E+00 -1.5735685300E+00  3.5891609213E-01 -1.5876994684E+00
 -1.4261791403E+00 -3.7521287264E+00 -1.5668753347E+00  3.5569497156E-01 -1.7509541206E+00
 -1.4404316602E+00 -3.7715497815E+00 -1.5601904045E+00  3.5314637322E-01 -1.9265569998E+00
 -1.4546848751E+00 -3.7909726743E+00 -1.5535122987E+00  3.5121647867E-01 -2.1079313993E+00
 -1.4689373352E+00 -3.8103980677E+00 -1.5468398576E+00  3.4985786944E-01 -2.2862728882E+00
 -1.4831870346E+00 -3.8298271855E+00 -1.5401723662E+00  3.4903710854E-01 -2.4520069045E+00
 -1.4974319420E+00 -3.8492615289E+00 -1.5335098666E+00  3.4874447172E-01 -2.5983588010E+00
 -1.5116733296E+00 -3.8687005447E+00 -1.5268534756E+00  3.4900442460E-01 -2.7276181591E+00
 -1.5259229954E+00 -3.8881359029E+00 -1.5202041270E+00  3.4988385433E-01 -2.8599010185E+00
 -1.5401971622E+00 -3.9075547669E+00 -1.5135591454E+00  3.5149339020E-01 -3.0428530522E+00
 -1.5544959593E+00 -3.9269555100E+00 -1.5069141834E+00  3.5397602913E-01 -3.3590836670E+00
 -1.5688098881E+00 -3.9463444664E+00 -1.5002673951E+00  3.5747766614E-01 -3.9267727914E+00
 -1.5831319152E+00 -3.9657267744E+00 -1.4936186606E+00  3.6209689798E-01 -4.8885273065E+00
 -1.5974584001E+00 -3.9851052106E+00 -1.4869682443E+00  3.6781684913E-01 -6.3847130924E+00
 -1.6117875395E+00 -4.0044811896E+00 -1.4803163872E+00  3.7442944624E-01 -8.5106542002E+00
 -1.6261184079E+00 -4.0238554497E+00 -1.4736632483E+00  3.8147116816E-01 -1.1262962993E+01
 -1.6404505068E+00 -4.0432283878E+00 -1.4670089108E+00  3.8819598801E-01 -1.4489016721E+01
 -1.6547835577E+00 -4.0626002134E+00 -1.4603533850E+00  3.9361159349E-01 -1.7862669079E+01
 -1.6691174021E+00 -4.0819710133E+00 -1.4536965828E+00  3.9659424039E-01 -2.0911674400E+01
 -1.6834519538E+00 -4.1013407471E+00 -1.4470382014E+00  3.9607408350E-01 -2.3109522439E+01
 -1.6977871870E+00 -4.1207089653E+00 -1.4403768797E+00  3.9125228052E-01 -2.4015192350E+01
 -1.6992207538E+00 -4.1226455261E+00 -1.4397100828E+00  3.9051569804E-01 -2.4023833465E+01
</Path of -GradDelSqRho>
<Path of -GradDelSqRho>
Starting CP# =      4
Ending CP# =     20
Number of Points =     17
 -1.3356785745E-01 -3.0196986489E+00 -2.9275252830E+00  4.1331169274E-01 -9.5039866816E-01
 -1.4452327294E-01 -3.0124151657E+00 -2.9062666442E+00  4.2462548618E-01 -9.6015674947E-01
 -1.5548978009E-01 -3.0051403998E+00 -2.8850107394E+00  4.3699548432E-01 -9.8967075615E-01
 -1.6646659765E-01 -2.9978739639E+00 -2.8637573074E+00  4.5043466468E-01 -1.0393438853E+00
 -1.7745269734E-01 -2.9906151219E+00 -2.8425060765E+00  4.6494969929E-01 -1.1095495700E+00
 -1.8844682702E-01 -2.9833627814E+00 -2.8212567786E+00  4.8054021060E-01 -1.2004949744E+00
 -1.9944752440E-01 -2.9761154812E+00 -2.8000091601E+00  4.9719806477E-01 -1.3120552563E+00
 -2.1045311102E-01 -2.9688713601E+00 -2.7787629894E+00  5.1490680800E-01 -1.4435834709E+00
 -2.2146165579E-01 -2.9616280954E+00 -2.7575180592E+00  5.3364137068E-01 -1.5937031952E+00
 -2.3247089294E-01 -2.9543827883E+00 -2.7362741843E+00  5.5336818128E-01 -1.7600931544E+00
 -2.4347806723E-01 -2.9471317653E+00 -2.7150311908E+00  5.7404584432E-01 -1.9392746516E+00
 -2.5447964995E-01 -2.9398702233E+00 -2.6937888942E+00  5.9562654485E-01 -2.1264124055E+00
 -2.6547079644E-01 -2.9325915653E+00 -2.6725470537E+00  6.1805834389E-01 -2.3151356270E+00
 -2.7644420824E-01 -2.9252860269E+00 -2.6513052740E+00  6.4128852376E-01 -2.4973753034E+00
 -2.8738736655E-01 -2.9179373776E+00 -2.6300627634E+00  6.6526811893E-01 -2.6631893454E+00
 -2.9827404777E-01 -2.9105129337E+00 -2.6088176134E+00  6.8995762772E-01 -2.8004988867E+00
 -3.1563629777E-01 -2.8929988169E+00 -2.5669921711E+00  7.3950508112E-01 -2.9273451854E+00
</Path of -GradDelSqRho>
<Path of -GradDelSqRho>
Starting CP# =      4
Ending CP# =      0
Number of Points =     30
 -1.3356785745E-01 -3.0196986489E+00 -2.9275252830E+00  4.1331169274E-01 -9.5039866816E-01
 -1.2262364274E-01 -3.0269906091E+00 -2.9487867849E+00  4.0303551595E-01 -9.6006765674E-01
 -1.1169124123E-01 -3.0342910820E+00 -2.9700514428E+00  3.9377334801E-01 -9.8897842807E-01
 -1.0077058154E-01 -3.0415995264E+00 -2.9913193956E+00  3.8549698988E-01 -1.0371202076E+00
 -8.9861305123E-02 -3.0489151728E+00 -3.0125907141E+00  3.7817391617E-01 -1.1046427533E+00
 -7.8962794168E-02 -3.0562370963E+00 -3.0338653911E+00  3.7176737833E-01 -1.1917846928E+00
 -6.8074216331E-02 -3.0635643064E+00 -3.0551433340E+00  3.6623639517E-01 -1.2987227549E+00
 -5.7194580688E-02 -3.0708958513E+00 -3.0764243577E+00  3.6153573296E-01 -1.4253121632E+00
 -4.6322799302E-02 -3.0782309346E+00 -3.0977081759E+00  3.5761605719E-01 -1.5706886051E+00
 -3.5457748858E-02 -3.0855690489E+00 -3.1189943863E+00  3.5442454931E-01 -1.7327267401E+00
 -2.4598327853E-02 -3.0929101341E+00 -3.1402824449E+00  3.5190641632E-01 -1.9074228887E+00
 -1.3743508207E-02 -3.1002547847E+00 -3.1615716205E+00  3.5000784300E-01 -2.0884140804E+00
 -2.8923901229E-03 -3.1076045282E+00 -3.1828609254E+00  3.4868096553E-01 -2.2670651437E+00
  7.9557019734E-03 -3.1149620986E+00 -3.2041490687E+00  3.4789124857E-01 -2.4337993038E+00
  1.8800971746E-02 -3.1223309604E+00 -3.2254347443E+00  3.4762706077E-01 -2.5814803822E+00
  2.9642609387E-02 -3.1297107220E+00 -3.2467184941E+00  3.4791014622E-01 -2.7114613515E+00
  4.0478760693E-02 -3.1370846706E+00 -3.2680070510E+00  3.4880413426E-01 -2.8421821204E+00
  5.1309279184E-02 -3.1444239447E+00 -3.2893104483E+00  3.5041657055E-01 -3.0188789485E+00
  6.2136959862E-02 -3.1517226544E+00 -3.3106292207E+00  3.5288872071E-01 -3.3213211982E+00
  7.2964135720E-02 -3.1589943610E+00 -3.3319574768E+00  3.5636760143E-01 -3.8650957377E+00
  8.3791691199E-02 -3.1662508306E+00 -3.3532907297E+00  3.6095736019E-01 -4.7915016042E+00
  9.4619848717E-02 -3.1734985189E+00 -3.3746266622E+00  3.6665227616E-01 -6.2421373487E+00
  1.0544863451E-01 -3.1807407251E+00 -3.3959641373E+00  3.7326115809E-01 -8.3172555152E+00
  1.1627803171E-01 -3.1879791764E+00 -3.4173025763E+00  3.8034152706E-01 -1.1022607217E+01
  1.2710802587E-01 -3.1952148103E+00 -3.4386416679E+00  3.8716892891E-01 -1.4218071298E+01
  1.3793862306E-01 -3.2024481414E+00 -3.4599812341E+00  3.9276772467E-01 -1.7590583110E+01
  1.4876987032E-01 -3.2096794280E+00 -3.4813211632E+00  3.9601992090E-01 -2.0677052166E+01
  1.5960191295E-01 -3.2169087155E+00 -3.5026613660E+00  3.9584597207E-01 -2.2951482398E+01
  1.7043534214E-01 -3.2241355812E+00 -3.5240016852E+00  3.9142111189E-01 -2.3962297101E+01
  1.7206084635E-01 -3.2252190854E+00 -3.5272026623E+00  3.9036030265E-01 -2.3986577222E+01
</Path of -GradDelSqRho>
<Path of -GradDelSqRho>
Starting CP# =      5
Ending CP# =      1
Number of Points =      7
 -5.3198317436E-01 -2.8039005177E+00 -1.9001022857E+00  2.2487785956E+01  1.2291155068E+03
 -5.4863207664E-01 -2.7867888898E+00 -1.9075188781E+00  3.2687507012E+01  9.8110184712E+02
 -5.6525973216E-01 -2.7696419405E+00 -1.9149014988E+00  4.7882174051E+01 -7.7682361557E+02
 -5.8187795819E-01 -2.7524793816E+00 -1.9222690710E+00  7.0450192553E+01 -6.3306459979E+03
 -5.9848945323E-01 -2.7353057078E+00 -1.9296259112E+00  1.0393779330E+02 -2.0420534914E+04
 -6.1508968873E-01 -2.7181134791E+00 -1.9369648092E+00  1.5417858703E+02 -7.4591474631E+04
 -6.4405919168E-01 -2.6880621687E+00 -1.9497512007E+00  2.9728129004E+02 -3.3290904450E+06
</Path of -GradDelSqRho>
<Path of -GradDelSqRho>
Starting CP# =      5
Ending CP# =     15
Number of Points =     40
 -5.3198317436E-01 -2.8039005177E+00 -1.9001022857E+00  2.2487785956E+01  1.2291155068E+03
 -5.1530963765E-01 -2.8209709543E+00 -1.8926462047E+00  1.5593140528E+01  1.1478914326E+03
 -4.9862536421E-01 -2.8380233566E+00 -1.8851728796E+00  1.0917131169E+01  9.7875540336E+02
 -4.8193844513E-01 -2.8550713051E+00 -1.8776953013E+00  7.7554289960E+00  7.7117384033E+02
 -4.6524506383E-01 -2.8721083577E+00 -1.8702073236E+00  5.6255676259E+00  5.7110838336E+02
 -4.4853882092E-01 -2.8891236645E+00 -1.8626986192E+00  4.1915510014E+00  4.0738093322E+02
 -4.3181280555E-01 -2.9061053852E+00 -1.8551579775E+00  3.2233944177E+00  2.8510034595E+02
 -4.1506015655E-01 -2.9230415652E+00 -1.8475741745E+00  2.5666586590E+00  1.9711827588E+02
 -3.9827463423E-01 -2.9399210538E+00 -1.8399368716E+00  2.1182600254E+00  1.3426214871E+02
 -3.8145032831E-01 -2.9567329605E+00 -1.8322361227E+00  1.8090462557E+00  8.9363955605E+01
 -3.6458016307E-01 -2.9734639572E+00 -1.8244598876E+00  1.5923060472E+00  5.7550608856E+01
 -3.4765383120E-01 -2.9900943436E+00 -1.8165905022E+00  1.4364602449E+00  3.5454931661E+01
 -3.3065555609E-01 -3.0065933403E+00 -1.8086006534E+00  1.3203298197E+00  2.0552546655E+01
 -3.1356130536E-01 -3.0229124506E+00 -1.8004480195E+00  1.2299254008E+00  1.0843781905E+01
 -2.9633458797E-01 -3.0389740627E+00 -1.7920665737E+00  1.1561831717E+00  4.7483534618E+00
 -2.7891955637E-01 -3.0546493896E+00 -1.7833508368E+00  1.0933556100E+00  1.0661133640E+00
 -2.6122932935E-01 -3.0697105577E+00 -1.7741245869E+00  1.0379011070E+00 -1.0669782995E+00
 -2.4312676186E-01 -3.0837077208E+00 -1.7640700937E+00  9.8779874508E-01 -2.2403204394E+00
 -2.2441166426E-01 -3.0955671466E+00 -1.7525411652E+00  9.4241515908E-01 -2.8378072266E+00
 -2.0518571674E-01 -3.1018825167E+00 -1.7381410581E+00  9.0439472800E-01 -3.1067269299E+00
 -1.8944677185E-01 -3.0945604328E+00 -1.7208873790E+00  8.8669521805E-01 -3.2309318385E+00
 -1.8043283310E-01 -3.0773443894E+00 -1.7052749738E+00  8.8846100580E-01 -3.3291720114E+00
 -1.7404444606E-01 -3.0578668471E+00 -1.6909740748E+00  8.9497740877E-01 -3.4238908797E+00
 -1.6866519175E-01 -3.0376921369E+00 -1.6772277621E+00  9.0203912695E-01 -3.5157765621E+00
 -1.6397926113E-01 -3.0170852863E+00 -1.6638733484E+00  9.0884176988E-01 -3.6043951611E+00
 -1.5993296877E-01 -2.9961068341E+00 -1.6508935070E+00  9.1521876270E-01 -3.6892757042E+00
 -1.5651924068E-01 -2.9747840571E+00 -1.6382986512E+00  9.2111936531E-01 -3.7699688297E+00
 -1.5373826659E-01 -2.9531391041E+00 -1.6261041060E+00  9.2651514174E-01 -3.8460577441E+00
 -1.5159098232E-01 -2.9311933678E+00 -1.6143262287E+00  9.3138479599E-01 -3.9171648324E+00
 -1.5007806623E-01 -2.9089681516E+00 -1.6029818413E+00  9.3571209331E-01 -3.9829571179E+00
 -1.4919975068E-01 -2.8864848193E+00 -1.5920881631E+00  9.3948566484E-01 -4.0431508563E+00
 -1.4895573949E-01 -2.8637648800E+00 -1.5816627981E+00  9.4269899580E-01 -4.0975152125E+00
 -1.4934514584E-01 -2.8408300629E+00 -1.5717237144E+00  9.4535037810E-01 -4.1458749589E+00
 -1.5036645123E-01 -2.8177023946E+00 -1.5622891972E+00  9.4744280795E-01 -4.1881121513E+00
 -1.5201750079E-01 -2.7944042861E+00 -1.5533777618E+00  9.4898383056E-01 -4.2241667733E+00
 -1.5429556082E-01 -2.7709586435E+00 -1.5450079951E+00  9.4998533651E-01 -4.2540363652E+00
 -1.5719748357E-01 -2.7473890229E+00 -1.5371982778E+00  9.5046331434E-01 -4.2777746808E+00
 -1.6072006330E-01 -2.7237198713E+00 -1.5299662908E+00  9.5043756428E-01 -4.2954894407E+00
 -1.6486075979E-01 -2.6999769319E+00 -1.5233281095E+00  9.4993137812E-01 -4.3073392746E+00
 -1.7302528728E-01 -2.6608052909E+00 -1.5137237630E+00  9.4812280272E-01 -4.3146353634E+00
</Path of -GradDelSqRho>
<Path of -GradDelSqRho>
Starting CP# =      6
Ending CP# =      1
Number of Points =      7
 -7.7067417296E-01 -2.6828312538E+00 -2.0605303038E+00  2.2558828739E+01  1.2373916970E+03
 -7.5185029933E-01 -2.6837043111E+00 -2.0441016994E+00  3.2805293719E+01  9.8418602483E+02
 -7.3303702365E-01 -2.6845201985E+00 -2.0276580123E+00  4.8075872196E+01 -8.0359282634E+02
 -7.1422845104E-01 -2.6853109012E+00 -2.0112077124E+00  7.0760463645E+01 -6.4166410652E+03
 -6.9542332974E-01 -2.6860832061E+00 -1.9947525955E+00  1.0443437573E+02 -2.0740269460E+04
 -6.7662392624E-01 -2.6868251525E+00 -1.9782895488E+00  1.5495229379E+02 -7.5675083263E+04
 -6.4405919168E-01 -2.6880621687E+00 -1.9497512007E+00  2.9728129004E+02 -3.3290904450E+06
</Path of -GradDelSqRho>
<Path of -GradDelSqRho>
Starting CP# =      6
Ending CP# =     19
Number of Points =     37
 -7.7067417296E-01 -2.6828312538E+00 -2.0605303038E+00  2.2558828739E+01  1.2373916970E+03
 -7.8951044615E-01 -2.6818906303E+00 -2.0769409631E+00  1.5636230442E+01  1.1550374251E+03
 -8.0835229342E-01 -2.6809194202E+00 -2.0933434486E+00  1.0943598789E+01  9.8460183116E+02
 -8.2719554356E-01 -2.6799405341E+00 -2.1097438662E+00  7.7723257542E+00  7.7581908314E+02
 -8.4604202672E-01 -2.6789438573E+00 -2.1261394950E+00  5.6374076426E+00  5.7451950778E+02
 -8.6489490646E-01 -2.6779117805E+00 -2.1425255732E+00  4.2011599137E+00  4.0967480447E+02
 -8.8375757984E-01 -2.6768250845E+00 -2.1588968365E+00  3.2324420225E+00  2.8651196948E+02
 -9.0263337149E-01 -2.6756644384E+00 -2.1752478840E+00  2.5760512772E+00  1.9788784197E+02
 -9.2152523795E-01 -2.6744119014E+00 -2.1915735571E+00  2.1284205153E+00  1.3458195257E+02
 -9.4043590048E-01 -2.6730500395E+00 -2.2078686753E+00  1.8201009929E+00  8.9375977414E+01
 -9.5936854068E-01 -2.6715575822E+00 -2.2241267747E+00  1.6042063022E+00  5.7359684638E+01
 -9.7832770214E-01 -2.6699031672E+00 -2.2403381915E+00  1.4490619974E+00  3.5139779236E+01
 -9.9732013165E-01 -2.6680380021E+00 -2.2564875979E+00  1.3334476573E+00  2.0171728841E+01
 -1.0163555748E+00 -2.6658857498E+00 -2.2725502612E+00  1.2433696133E+00  1.0438946802E+01
 -1.0354474881E+00 -2.6633255410E+00 -2.2884851890E+00  1.1697862076E+00  4.3469424017E+00
 -1.0546129440E+00 -2.6601599419E+00 -2.3042209058E+00  1.1069945531E+00  6.8427303398E-01
 -1.0738682241E+00 -2.6560478276E+00 -2.3196218724E+00  1.0515288275E+00 -1.4215081914E+00
 -1.0932026126E+00 -2.6503417177E+00 -2.3343932056E+00  1.0015230848E+00 -2.5659091421E+00
 -1.1124164068E+00 -2.6416194766E+00 -2.3477289057E+00  9.5681149130E-01 -3.1381593338E+00
 -1.1298867182E+00 -2.6265570931E+00 -2.3567090338E+00  9.2196105898E-01 -3.3945970009E+00
 -1.1396509113E+00 -2.6040027993E+00 -2.3554840117E+00  9.0995227749E-01 -3.5291691486E+00
 -1.1423805289E+00 -2.5805046562E+00 -2.3475384950E+00  9.1389664648E-01 -3.6442547914E+00
 -1.1427216827E+00 -2.5575381882E+00 -2.3376808270E+00  9.2155704697E-01 -3.7548675054E+00
 -1.1420729597E+00 -2.5349091285E+00 -2.3270778278E+00  9.2960255404E-01 -3.8612274538E+00
 -1.1407343834E+00 -2.5125531809E+00 -2.3159710047E+00  9.3729601087E-01 -3.9627064847E+00
 -1.1387658045E+00 -2.4904723635E+00 -2.3044164511E+00  9.4445974319E-01 -4.0586540446E+00
 -1.1361788935E+00 -2.4686850158E+00 -2.2924345709E+00  9.5103282373E-01 -4.1484592294E+00
 -1.1329765635E+00 -2.4472127806E+00 -2.2800396434E+00  9.5697995703E-01 -4.2315660456E+00
 -1.1291602336E+00 -2.4260778989E+00 -2.2672451835E+00  9.6227481741E-01 -4.3074832683E+00
 -1.1247310273E+00 -2.4053027418E+00 -2.2540648786E+00  9.6689753424E-01 -4.3757925083E+00
 -1.1196899751E+00 -2.3849097363E+00 -2.2405128255E+00  9.7083444141E-01 -4.4361548158E+00
 -1.1140380681E+00 -2.3649213381E+00 -2.2266036780E+00  9.7407807226E-01 -4.4883157420E+00
 -1.1077762755E+00 -2.3453599974E+00 -2.2123527902E+00  9.7662711767E-01 -4.5321087691E+00
 -1.1009055348E+00 -2.3262481129E+00 -2.1977763703E+00  9.7848631871E-01 -4.5674570580E+00
 -1.0934267058E+00 -2.3076079688E+00 -2.1828916593E+00  9.7966629420E-01 -4.5943735167E+00
 -1.0853404734E+00 -2.2894616491E+00 -2.1677171550E+00  9.8018330568E-01 -4.6129592335E+00
 -1.0689455366E+00 -2.2575601216E+00 -2.1392243759E+00  9.7948516376E-01 -4.6260698722E+00
</Path of -GradDelSqRho>
<Path of -GradDelSqRho>
Starting CP# =     13
Ending CP# =     20
Number of Points =     18
 -6.7335099018E-01 -2.6645860491E+00 -2.6442868068E+00  7.7154978992E-01 -2.4904460602E+00
 -6.5426275139E-01 -2.6775058128E+00 -2.6476257618E+00  7.6744317946E-01 -2.4938522187E+00
 -6.3364821481E-01 -2.6913861640E+00 -2.6503287413E+00  7.6345427762E-01 -2.5047195479E+00
 -6.1293114347E-01 -2.7052620983E+00 -2.6521149381E+00  7.5987971611E-01 -2.5223828218E+00
 -5.9213990919E-01 -2.7191151110E+00 -2.6529793380E+00  7.5669621332E-01 -2.5460388215E+00
 -5.7130287141E-01 -2.7329260348E+00 -2.6529163494E+00  7.5387779537E-01 -2.5747771532E+00
 -5.5044853987E-01 -2.7466748375E+00 -2.6519194635E+00  7.5139661132E-01 -2.6075955845E+00
 -5.2960577742E-01 -2.7603403478E+00 -2.6499809338E+00  7.4922384022E-01 -2.6434184624E+00
 -5.0880404018E-01 -2.7738998987E+00 -2.6470914872E+00  7.4733069461E-01 -2.6811179225E+00
 -4.8807364472E-01 -2.7873288680E+00 -2.6432400919E+00  7.4568951548E-01 -2.7195375085E+00
 -4.6744604079E-01 -2.8006000895E+00 -2.6384138263E+00  7.4427493508E-01 -2.7575177563E+00
 -4.4695404376E-01 -2.8136831006E+00 -2.6325979222E+00  7.4306505513E-01 -2.7939232397E+00
 -4.2663193755E-01 -2.8265431700E+00 -2.6257760977E+00  7.4204254254E-01 -2.8276705019E+00
 -4.0651527980E-01 -2.8391400159E+00 -2.6179313417E+00  7.4119548265E-01 -2.8577562054E+00
 -3.8664010362E-01 -2.8514260255E+00 -2.6090473557E+00  7.4051775632E-01 -2.8832846837E+00
