 AIMInt (Version 19.02.13, Professional)
 Portions Copyright (c) 1997-2019 by Todd A. Keith
 AIMInt is a component of the AIMAll package ( http://aim.tkgristmill.com )

 TP:  64-bit Linux

 Licensed To:  Research Group of Fernando Cortes Guzman, UNAM, fercor@unam.mx

 AIMInt is a heavily modified and extended version of the PROAIMV program
 developed by members of R.F.W. Bader's research group

 Much of the Quantum Theory of Atoms in Molecules (QTAIM) is described in the book:
   "Atoms in Molecules - A Quantum Theory"
   R.F.W. Bader, Oxford University Press, Oxford, 1990

 For additional references see:  http://aim.tkgristmill.com/references.html

 Current Directory:  /home/scratch/M_H2O_4_tetraedrico/Opt

 Inp File:  Cr2_tetraedrico_cc-pvtz-def2-tzv_2_atomicfiles/o6.inp
 Wfx File:  Cr2_tetraedrico_cc-pvtz-def2-tzv_2.wfx
 Out File:  Cr2_tetraedrico_cc-pvtz-def2-tzv_2_atomicfiles/o6.int

 Wfx Title:   Cr2_tetraedrico_cc-pvtz-def2-tzv_2                                            
 Job Title:   Cr2_tetraedrico_cc-pvtz-def2-tzv_2                                            
 
<Atom>
O6      
</Atom>
<Nuclei of Molecule>
    13
Cr1       24.0           8.9412783454E-06   2.4357447679E-05  -2.8080444526E-05
O2         8.0           6.4569527909E-01   2.6830293165E+00  -1.9562039950E+00
H3         1.0          -1.7082631391E-01   3.2157999860E+00  -3.5452466567E+00
O4         8.0          -6.4405919286E-01  -2.6880618221E+00  -1.9497510527E+00
H5         1.0          -1.7039710497E+00  -4.1290142180E+00  -1.4375074307E+00
O6         8.0           2.6847477046E+00  -6.4230880053E-01   1.9548725714E+00
H7         1.0           3.2191990122E+00   1.7634220244E-01   3.5422562991E+00
O8         8.0          -2.6863478368E+00   6.4743992647E-01   1.9509693420E+00
H9         1.0          -4.1306534949E+00   1.7020994968E+00   1.4372014670E+00
H10        1.0           1.7587417645E-01  -3.2277150981E+00  -3.5347238868E+00
H11        1.0           4.1283585077E+00  -1.6997628309E+00   1.4450046375E+00
H12        1.0          -3.2206621195E+00  -1.6646292629E-01   3.5408314645E+00
H13        1.0           1.7021790586E+00   4.1273398467E+00  -1.4462368883E+00
</Nuclei of Molecule>
<Total Number of CPs of DelSqRho>
    29
</Total Number of CPs of DelSqRho>
<Number of (3,+3) CPs of DelSqRho>
     5
</Number of (3,+3) CPs of DelSqRho>
<Number of (3,+1) CPs of DelSqRho>
    11
</Number of (3,+1) CPs of DelSqRho>
<Number of (3,-1) CPs of DelSqRho>
     9
</Number of (3,-1) CPs of DelSqRho>
<Number of (3,-3) CPs of DelSqRho>
     4
</Number of (3,-3) CPs of DelSqRho>
<Number of Degenerate CPs of DelSqRho>
     0
</Number of Degenerate CPs of DelSqRho>
<CP of DelSqRho>
CP# = 1       
Type = (3,+3)
Coords =  2.68474805077238E+00 -6.42308799141190E-01  1.95487272025758E+00
DistFromNuc =  3.7683819872E-07
Rho =  2.9728116851E+02
DelSqRho = -3.3290891056E+06
GradDelSqRho = -1.9685059669E-05  6.6539414547E-06 -6.4938540163E-06
HessDelSqRho_EigVals =  1.3239002128E+11  1.3239003933E+11  1.3239004694E+11
HessDelSqRho_EigVec1 =  4.3226270740E-01  7.5814711458E-01 -4.8822321170E-01
HessDelSqRho_EigVec2 =  8.3986421881E-01 -1.4137435489E-01  5.2406238726E-01
HessDelSqRho_EigVec3 =  3.2829414516E-01 -6.3657383267E-01 -6.9785149553E-01
</CP of DelSqRho>
<CP of DelSqRho>
CP# = 2       
Type = (3,-1)
Coords =  1.55019545061074E+00 -4.78856838145450E-01  1.16664430591278E+00
DistFromNuc =  1.3911251416E+00
Rho =  1.8319671501E-01
DelSqRho =  5.1886753332E-01
GradDelSqRho =  2.0816681712E-15 -3.6082248300E-16  8.6042284408E-16
HessDelSqRho_EigVals = -7.0306128592E-01 -5.4404739489E-01  3.5878048523E+00
HessDelSqRho_EigVec1 =  4.2920403437E-01  8.8776851214E-01 -1.6628579535E-01
HessDelSqRho_EigVec2 = -4.5807358666E-01  3.7262723795E-01  8.0704245907E-01
HessDelSqRho_EigVec3 =  7.7842949975E-01 -2.7021474866E-01  5.6659642032E-01
</CP of DelSqRho>
<CP of DelSqRho>
CP# = 3       
Type = (3,+1)
Coords =  3.01317990567899E+00 -1.32602420681254E-01  2.93413004464843E+00
DistFromNuc =  1.1517870911E+00
Rho =  4.1331528242E-01
DelSqRho = -9.5041556551E-01
GradDelSqRho = -2.3314683517E-15 -2.8310687128E-15 -1.1379786002E-15
HessDelSqRho_EigVals = -3.1064203292E+01  1.4562984408E+01  1.5517870976E+01
HessDelSqRho_EigVec1 =  2.8871611054E-01  4.3730735762E-01  8.5170727512E-01
HessDelSqRho_EigVec2 =  3.9398781929E-01  7.5650920490E-01 -5.2198411964E-01
HessDelSqRho_EigVec3 =  8.7259188958E-01 -4.8626751678E-01 -4.6122623045E-02
</CP of DelSqRho>
<CP of DelSqRho>
CP# = 4       
Type = (3,+1)
Coords =  3.57577964449534E+00 -1.29474917564199E+00  1.63418759687004E+00
DistFromNuc =  1.1499805276E+00
Rho =  4.1484619402E-01
DelSqRho = -9.6074052582E-01
GradDelSqRho = -3.8857805862E-16 -1.5959455979E-16 -2.1649348980E-15
HessDelSqRho_EigVals = -3.1390374986E+01  1.4721689053E+01  1.5702409005E+01
HessDelSqRho_EigVec1 =  7.7706926101E-01 -5.6781861979E-01 -2.7156100347E-01
HessDelSqRho_EigVec2 =  3.8038953300E-01  7.6740889661E-01 -5.1612729882E-01
HessDelSqRho_EigVec3 =  5.0146502048E-01  2.9776769539E-01  8.1232212380E-01
</CP of DelSqRho>
<CP of DelSqRho>
CP# = 5       
Type = (3,+1)
Coords =  2.80055007774414E+00 -5.30006573942844E-01  1.90565314480862E+00
DistFromNuc =  1.6865506715E-01
Rho =  2.2487884770E+01
DelSqRho =  1.2291149262E+03
GradDelSqRho = -2.3135271476E-11 -9.1517904366E-12  1.4779288904E-11
HessDelSqRho_EigVals = -4.0574471755E+05  2.1886924433E+03  3.5508204119E+03
HessDelSqRho_EigVec1 =  6.8335384746E-01  6.6783856450E-01 -2.9499012004E-01
HessDelSqRho_EigVec2 = -6.5768187635E-01  3.8766791971E-01 -6.4588554214E-01
HessDelSqRho_EigVec3 = -3.1698906713E-01  6.3537802589E-01  7.0413968467E-01
</CP of DelSqRho>
<CP of DelSqRho>
CP# = 6       
Type = (3,+1)
Coords =  2.67937631526880E+00 -7.69078150504900E-01  2.06546846648154E+00
DistFromNuc =  1.6831747363E-01
Rho =  2.2558855934E+01
DelSqRho =  1.2373813095E+03
GradDelSqRho =  6.2527760747E-13  4.8752113457E-12  8.3844042820E-12
HessDelSqRho_EigVals = -4.1358799234E+05  1.7751250645E+03  3.2320044671E+03
HessDelSqRho_EigVec1 =  3.7221703297E-02  7.5414674405E-01 -6.5565023698E-01
HessDelSqRho_EigVec2 =  9.4724713533E-01  1.8237952070E-01  2.6355374221E-01
HessDelSqRho_EigVec3 = -3.1833537254E-01  6.3087272795E-01  7.0757486651E-01
</CP of DelSqRho>
<CP of DelSqRho>
CP# = 7       
Type = (3,-1)
Coords =  2.82042607050103E+00 -6.79416714546366E-01  2.04846972641758E+00
DistFromNuc =  1.6895574477E-01
Rho =  2.2311587528E+01
DelSqRho =  1.2463200014E+03
GradDelSqRho = -1.5148771126E-11  3.6664005165E-12 -9.3791641120E-12
HessDelSqRho_EigVals = -4.0282426254E+05 -1.4006995724E+03  1.8530567174E+03
HessDelSqRho_EigVec1 =  8.0217751690E-01 -2.2083767819E-01  5.5474494253E-01
HessDelSqRho_EigVec2 =  5.0705016272E-01  7.4256604711E-01 -4.3760232878E-01
HessDelSqRho_EigVec3 = -3.1529567688E-01  6.3231826288E-01  7.0764556847E-01
</CP of DelSqRho>
<CP of DelSqRho>
CP# = 8       
Type = (3,-3)
Coords =  2.60785971846842E+00 -6.99977005147684E-01  1.81829776722399E+00
DistFromNuc =  1.6700317770E-01
Rho =  2.2709251719E+01
DelSqRho =  1.2971791899E+03
GradDelSqRho =  7.3896444519E-12  3.1548097468E-12  1.0231815395E-12
HessDelSqRho_EigVals = -4.5043573688E+05 -3.5993845841E+03 -5.8145712855E+02
HessDelSqRho_EigVec1 =  4.6363998644E-01  3.4382317212E-01  8.1659267036E-01
HessDelSqRho_EigVec2 =  3.8358246619E-01  7.5290089651E-01 -5.3479410213E-01
HessDelSqRho_EigVec3 = -7.9868795822E-01  5.6118256063E-01  2.1719042115E-01
</CP of DelSqRho>
<CP of DelSqRho>
CP# = 9       
Type = (3,-1)
Coords =  3.30627678726033E+00 -7.45207834361551E-01  2.31431801479673E+00
DistFromNuc =  7.2531899090E-01
Rho =  6.6633711341E-01
DelSqRho = -9.9905751852E-01
GradDelSqRho =  3.0198066270E-14  1.7763568394E-15  1.8651746814E-14
HessDelSqRho_EigVals = -1.8791275141E+01 -5.7971730863E+00  1.3248106060E+02
HessDelSqRho_EigVec1 = -3.0492404440E-01  6.3726622687E-01  7.0775213404E-01
HessDelSqRho_EigVec2 = -4.2057068195E-01 -7.5685840289E-01  5.0028557790E-01
HessDelSqRho_EigVec3 =  8.5448325240E-01 -1.4511069590E-01  4.9879981687E-01
</CP of DelSqRho>
<CP of DelSqRho>
CP# = 10      
Type = (3,-1)
Coords =  2.27564116993742E+00 -1.80902070139046E-01  2.32115906595662E+00
DistFromNuc =  7.1723784316E-01
Rho =  6.7097315299E-01
DelSqRho = -9.8314030640E-01
GradDelSqRho = -2.7894353494E-15  1.3322676296E-14  9.3258734069E-15
HessDelSqRho_EigVals = -1.5989429009E+01 -1.1765318981E+01  1.4261581246E+02
HessDelSqRho_EigVec1 =  6.9283988449E-01  9.6557245144E-02  7.1459750410E-01
HessDelSqRho_EigVec2 = -4.0772175741E-01 -7.6491639562E-01  4.9866409159E-01
HessDelSqRho_EigVec3 = -5.9475697809E-01  6.3685132183E-01  4.9059609751E-01
</CP of DelSqRho>
<CP of DelSqRho>
CP# = 11      
Type = (3,-1)
Coords =  2.69658218721003E+00 -1.03881201243683E+00  1.35749263437002E+00
DistFromNuc =  7.1708970231E-01
Rho =  6.7305213408E-01
DelSqRho = -9.8827506267E-01
GradDelSqRho = -1.3322676296E-15 -2.7533531011E-14 -4.1300296516E-14
HessDelSqRho_EigVals = -1.6035709385E+01 -1.2015170552E+01  1.4278458353E+02
HessDelSqRho_EigVec1 =  9.0691542306E-01 -3.6060076259E-01  2.1787956637E-01
HessDelSqRho_EigVec2 =  4.2102488222E-01  7.5658376348E-01 -5.0031895565E-01
HessDelSqRho_EigVec3 =  1.5571254640E-02  5.4547969610E-01  8.3797937754E-01
</CP of DelSqRho>
<CP of DelSqRho>
CP# = 12      
Type = (3,+1)
Coords =  2.65957716758814E+00 -6.72482692647833E-01  2.64932182884835E+00
DistFromNuc =  6.9556005557E-01
Rho =  7.7153236973E-01
DelSqRho = -2.4903082918E+00
GradDelSqRho = -4.8849813084E-15 -1.3267165144E-14  6.2172489379E-14
HessDelSqRho_EigVals = -1.2822124770E+01  1.3956239996E+01  1.8008094288E+02
HessDelSqRho_EigVec1 =  5.5269369123E-01  8.1736319431E-01  1.6262561996E-01
HessDelSqRho_EigVec2 =  8.2835969105E-01 -5.6019649108E-01  3.3708140710E-04
HessDelSqRho_EigVec3 = -9.1377819598E-02 -1.3452620554E-01  9.8668778958E-01
</CP of DelSqRho>
<CP of DelSqRho>
CP# = 13      
Type = (3,+3)
Coords =  2.65814824042779E+00 -1.70726258056702E-01  1.51941811234806E+00
DistFromNuc =  6.4243148409E-01
Rho =  9.4816207406E-01
DelSqRho = -4.3147923959E+00
GradDelSqRho =  0.0000000000E+00 -5.3290705182E-15 -2.3092638912E-14
HessDelSqRho_EigVals =  8.3734413626E+00  2.3144792475E+01  3.1765551504E+02
HessDelSqRho_EigVec1 =  9.5124864627E-01  2.1985709464E-01  2.1630735285E-01
HessDelSqRho_EigVec2 = -3.0788634883E-01  6.3546874861E-01  7.0808577569E-01
HessDelSqRho_EigVec3 = -1.8221118574E-02  7.4016371667E-01 -6.7217978500E-01
</CP of DelSqRho>
<CP of DelSqRho>
CP# = 14      
Type = (3,+1)
Coords =  3.25879447290192E+00 -6.52183168619281E-01  1.56204903260352E+00
DistFromNuc =  6.9565618517E-01
Rho =  7.7050040563E-01
DelSqRho = -2.4491909080E+00
GradDelSqRho = -3.8635761257E-14  9.4924068605E-15  1.9984014443E-14
HessDelSqRho_EigVals = -1.2261769232E+01  1.2856345054E+01  1.7814277389E+02
HessDelSqRho_EigVec1 = -2.8271462830E-01  9.2489712594E-01 -2.5423954331E-01
HessDelSqRho_EigVec2 =  5.2195196397E-01  3.7071300588E-01  7.6820440937E-01
HessDelSqRho_EigVec3 =  8.0475995567E-01  8.4481795106E-02 -5.8755786102E-01
</CP of DelSqRho>
<CP of DelSqRho>
CP# = 15      
Type = (3,+1)
Coords =  2.95874004236888E+00 -1.28228147911344E+00  1.96136861961611E+00
DistFromNuc =  6.9618893207E-01
Rho =  7.7153057445E-01
DelSqRho = -2.5004101189E+00
GradDelSqRho =  4.8572257327E-16  6.2172489379E-15  1.7541523789E-14
HessDelSqRho_EigVals = -1.2674529720E+01  1.4067009750E+01  1.7939760565E+02
HessDelSqRho_EigVec1 =  8.3891614557E-01  2.3623619969E-01 -4.9031842579E-01
HessDelSqRho_EigVec2 =  4.4948584235E-01  2.0725907047E-01  8.6891090178E-01
HessDelSqRho_EigVec3 = -3.0689115047E-01  9.4933457520E-01 -6.7688153325E-02
</CP of DelSqRho>
<CP of DelSqRho>
CP# = 16      
Type = (3,+1)
Coords =  2.97694987966200E+00 -6.77938486365695E-02  2.21317853917727E+00
DistFromNuc =  6.9438570987E-01
Rho =  7.7311708800E-01
DelSqRho = -2.4691594774E+00
GradDelSqRho = -3.4000580129E-15 -6.2172489379E-15 -6.1062266354E-15
HessDelSqRho_EigVals = -1.2132101165E+01  1.2984580384E+01  1.7991404700E+02
HessDelSqRho_EigVec1 = -2.1441596698E-02 -2.9511569726E-01  9.5522090804E-01
HessDelSqRho_EigVec2 =  9.0150992911E-01 -4.1876924265E-01 -1.0914288395E-01
HessDelSqRho_EigVec3 =  4.3222691453E-01  8.5880093540E-01  2.7502881253E-01
</CP of DelSqRho>
<CP of DelSqRho>
CP# = 17      
Type = (3,+1)
Coords =  2.10457991323610E+00 -5.74403595784579E-01  1.63965765481597E+00
DistFromNuc =  6.6375163019E-01
Rho =  8.7593467117E-01
DelSqRho = -3.6113679575E+00
GradDelSqRho = -4.9737991503E-14  8.8817841970E-15 -3.0198066270E-14
HessDelSqRho_EigVals = -6.2953489793E+00  2.0291156781E+01  2.5601787287E+02
HessDelSqRho_EigVec1 =  3.6459952456E-01  7.6883608477E-01 -5.2531729597E-01
HessDelSqRho_EigVec2 = -3.1144027890E-01  6.3234746588E-01  7.0932477405E-01
HessDelSqRho_EigVec3 =  8.7753754300E-01 -9.5014510215E-02  4.7000011008E-01
</CP of DelSqRho>
<CP of DelSqRho>
CP# = 18      
Type = (3,+3)
Coords =  2.25436194665942E+00 -1.06800653590834E+00  2.14277339395414E+00
DistFromNuc =  6.3384318381E-01
Rho =  9.7950310517E-01
DelSqRho = -4.6261748051E+00
GradDelSqRho = -7.4606987255E-14 -3.1974423109E-14  3.3750779949E-14
HessDelSqRho_EigVals =  1.2167831096E+01  2.5013522414E+01  3.5806102849E+02
HessDelSqRho_EigVec1 =  6.7547079750E-01 -3.7998135981E-01  6.3194411772E-01
HessDelSqRho_EigVec2 =  3.1145167189E-01 -6.2979113944E-01 -7.1159045578E-01
HessDelSqRho_EigVec3 = -6.6838391498E-01 -6.7747862467E-01  3.0705969342E-01
</CP of DelSqRho>
<CP of DelSqRho>
CP# = 19      
Type = (3,+3)
Coords =  2.88769109238611E+00 -3.14345406223618E-01  2.57302283079940E+00
DistFromNuc =  7.2859848331E-01
Rho =  7.3949506117E-01
DelSqRho = -2.9272243433E+00
GradDelSqRho = -7.7715611724E-15  5.7731597281E-15  2.2204460493E-16
HessDelSqRho_EigVals =  1.0653551372E+01  2.2472333520E+01  1.3360167343E+02
HessDelSqRho_EigVec1 =  4.0084282352E-01  7.4744850821E-01 -5.2976009515E-01
HessDelSqRho_EigVec2 =  8.7417795943E-01 -4.8506360679E-01 -2.2938888525E-02
HessDelSqRho_EigVec3 =  2.7411298049E-01  4.5390971012E-01  8.4783727742E-01
</CP of DelSqRho>
<CP of DelSqRho>
CP# = 20      
Type = (3,+3)
Coords =  3.24571160035327E+00 -1.05915515675767E+00  1.74564821154105E+00
DistFromNuc =  7.2953150020E-01
Rho =  7.3814165394E-01
DelSqRho = -2.9129137671E+00
GradDelSqRho = -2.8865798640E-15  6.6613381478E-16  2.2204460493E-15
HessDelSqRho_EigVals =  1.0578680006E+01  2.2375923566E+01  1.3272057433E+02
HessDelSqRho_EigVec1 = -3.9357781667E-01 -7.7415168811E-01  4.9576775411E-01
HessDelSqRho_EigVec2 =  5.1020245319E-01  2.6466598558E-01  8.1831862550E-01
HessDelSqRho_EigVec3 =  7.6471560660E-01 -5.7501398233E-01 -2.9080742967E-01
</CP of DelSqRho>
<CP of DelSqRho>
CP# = 21      
Type = (3,-3)
Coords =  2.64641442486393E+00 -1.29656912166050E+00  1.02089124597410E+00
DistFromNuc =  1.1409851552E+00
Rho =  2.4847334081E-01
DelSqRho =  8.5192506243E-01
GradDelSqRho =  1.4294121442E-15 -3.3861802251E-15 -1.4710455076E-15
HessDelSqRho_EigVals = -1.7665362853E+01 -1.8142636352E+00 -5.5521164698E-01
HessDelSqRho_EigVec1 =  6.3230804740E-02  5.5936063079E-01  8.2650925588E-01
HessDelSqRho_EigVec2 = -9.2550305122E-01  3.4274321468E-01 -1.6115579722E-01
HessDelSqRho_EigVec3 =  3.7342464772E-01  7.5474682743E-01 -5.3936189981E-01
</CP of DelSqRho>
<CP of DelSqRho>
CP# = 22      
Type = (3,-3)
Coords =  3.50573219626460E+00 -1.04498612988970E+00  2.67021617376439E+00
DistFromNuc =  1.1609827891E+00
Rho =  2.5013844084E-01
DelSqRho =  8.6354412981E-01
GradDelSqRho =  1.1102230246E-16  4.1633363423E-16 -1.9984014443E-15
HessDelSqRho_EigVals = -1.7233528610E+01 -3.2863099729E+00 -1.9083114178E-01
HessDelSqRho_EigVec1 =  7.0584365195E-01 -3.4781567820E-01  6.1709723140E-01
HessDelSqRho_EigVec2 = -3.0767981246E-01  6.3415099314E-01  7.0935579994E-01
HessDelSqRho_EigVec3 =  6.3805789079E-01  6.9056264879E-01 -3.4059559024E-01
</CP of DelSqRho>
<CP of DelSqRho>
CP# = 23      
Type = (3,-1)
Coords =  2.97393299363393E+00  5.11122107993243E-01  2.01211898239535E+00
DistFromNuc =  1.1905075152E+00
Rho =  2.4453393856E-01
DelSqRho =  7.1509248095E-01
GradDelSqRho = -1.0963452368E-15 -2.7200464103E-15 -1.5404344467E-15
HessDelSqRho_EigVals = -1.7008190879E+01 -1.2412960242E+00  2.9094106363E-01
HessDelSqRho_EigVec1 =  2.3151682281E-01  9.7230278765E-01  3.2050739322E-02
HessDelSqRho_EigVec2 =  2.5988099278E-01 -9.3562110100E-02  9.6109729016E-01
HessDelSqRho_EigVec3 =  9.3747630922E-01 -2.1418081308E-01 -2.7434421620E-01
</CP of DelSqRho>
<CP of DelSqRho>
CP# = 24      
Type = (3,-1)
Coords =  2.67569417425419E+00 -1.82953043693706E+00  2.05137768822528E+00
DistFromNuc =  1.1911718675E+00
Rho =  2.4448112001E-01
DelSqRho =  7.1939405363E-01
GradDelSqRho =  3.5735303605E-16  5.3845816694E-15  2.0816681712E-17
HessDelSqRho_EigVals = -1.7234086348E+01 -1.1700474148E+00  3.2072630100E-01
HessDelSqRho_EigVec1 =  2.6573667086E-02  9.9633019300E-01 -8.1363300893E-02
HessDelSqRho_EigVec2 =  9.4529622586E-01 -5.1517752490E-02 -3.2211949110E-01
HessDelSqRho_EigVec3 =  3.2512902913E-01  6.8352525140E-02  9.4319618676E-01
</CP of DelSqRho>
<CP of DelSqRho>
CP# = 25      
Type = (3,+1)
Coords =  1.93743901559733E+00 -5.26917336994470E-02  1.14113148989436E+00
DistFromNuc =  1.2523151001E+00
Rho =  2.4094732788E-01
DelSqRho =  4.8985747499E-01
GradDelSqRho =  1.7763568394E-15 -7.4940054162E-16  2.8865798640E-15
HessDelSqRho_EigVals = -9.3573763731E+00  3.9910947415E-01  5.2976099407E-01
HessDelSqRho_EigVec1 =  5.4932916218E-01 -5.2564415627E-01  6.4956577232E-01
HessDelSqRho_EigVec2 =  8.1569379288E-01  1.6863347782E-01 -5.5335918391E-01
HessDelSqRho_EigVec3 =  1.8133148608E-01  8.3382310542E-01  5.2139996262E-01
</CP of DelSqRho>
<CP of DelSqRho>
CP# = 26      
Type = (3,-3)
Coords =  1.99150210567335E+00  5.08345103638378E-02  2.53758536251507E+00
DistFromNuc =  1.1404347008E+00
Rho =  2.4741572823E-01
DelSqRho =  8.4786321684E-01
GradDelSqRho =  1.0913492332E-13 -6.1395333262E-14 -7.7618467209E-14
HessDelSqRho_EigVals = -1.7670744834E+01 -1.8211440200E+00 -5.0213037819E-01
HessDelSqRho_EigVec1 =  6.3258820715E-01 -6.0541939926E-01 -4.8301088102E-01
HessDelSqRho_EigVec2 =  6.8587453880E-01  1.4824443943E-01  7.1246031693E-01
HessDelSqRho_EigVec3 = -3.5973361978E-01 -7.8197885981E-01  5.0901943540E-01
</CP of DelSqRho>
<CP of DelSqRho>
CP# = 27      
Type = (3,-1)
Coords =  2.26404026495385E+00 -9.76530225756145E-01  3.01677925726205E+00
DistFromNuc =  1.1901027352E+00
Rho =  2.4389297560E-01
DelSqRho =  7.2578953226E-01
GradDelSqRho = -2.7061686225E-16 -5.9674487574E-16 -1.6653345369E-16
HessDelSqRho_EigVals = -1.7348616041E+01 -1.1622929946E+00  2.9650725511E-01
HessDelSqRho_EigVec1 = -3.6871381731E-01 -2.8816837506E-01  8.8374719719E-01
HessDelSqRho_EigVec2 =  5.9729797068E-01  6.5502664628E-01  4.6279069447E-01
HessDelSqRho_EigVec3 = -7.1223960515E-01  6.9849773105E-01 -6.9394989554E-02
</CP of DelSqRho>
<CP of DelSqRho>
CP# = 28      
Type = (3,-1)
Coords =  3.38893215136221E+00 -3.61218932918758E-01  1.03571507818062E+00
DistFromNuc =  1.1915274844E+00
Rho =  2.4470261080E-01
DelSqRho =  7.0726411575E-01
GradDelSqRho =  3.3306690739E-16  1.3877787808E-17 -8.3266726847E-17
HessDelSqRho_EigVals = -1.6840778898E+01 -1.2203417060E+00  3.2391967743E-01
HessDelSqRho_EigVec1 = -5.7728838330E-01 -2.4538426247E-01  7.7879694801E-01
HessDelSqRho_EigVec2 = -5.9498582648E-01  7.7962408678E-01 -1.9539229667E-01
HessDelSqRho_EigVec3 =  5.5922266477E-01  5.7617084883E-01  5.9606808685E-01
</CP of DelSqRho>
<CP of DelSqRho>
CP# = 29      
Type = (3,+1)
Coords =  4.41621640479950E+00 -9.97031113139362E-01  9.80596095236461E-01
DistFromNuc =  2.0181740338E+00
Rho =  7.3459232280E-02
DelSqRho =  1.7464001335E-01
GradDelSqRho = -4.9070122965E-14  2.7840577066E-14  6.8837296974E-14
HessDelSqRho_EigVals = -1.5903581806E+00  3.8418447480E-02  5.6424398527E-01
HessDelSqRho_EigVec1 =  7.7285888010E-01  2.4167175845E-01 -5.8675711552E-01
HessDelSqRho_EigVec2 =  5.0791732973E-01  3.1870334365E-01  8.0028005405E-01
HessDelSqRho_EigVec3 = -3.8040654255E-01  9.1652765365E-01 -1.2356343504E-01
</CP of DelSqRho>
<Path of -GradDelSqRho>
Starting CP# =      3
Ending CP# =      0
Number of Points =     30
  3.0131799057E+00 -1.3260242068E-01  2.9341300446E+00  4.1331528242E-01 -9.5041556551E-01
  3.0204020234E+00 -1.2167539928E-01  2.9554242035E+00  4.0303904084E-01 -9.6008478950E-01
  3.0276326397E+00 -1.1076019996E-01  2.9767215412E+00  3.9377680649E-01 -9.8899631800E-01
  3.0348712121E+00 -9.9856752757E-02  2.9980221959E+00  3.8550038174E-01 -1.0371394327E+00
  3.0421169705E+00 -8.8964700303E-02  3.0193262369E+00  3.7817724224E-01 -1.1046639179E+00
  3.0493689898E+00 -7.8083425584E-02  3.0406336550E+00  3.7177064002E-01 -1.1918083901E+00
  3.0566262799E+00 -6.7212096641E-02  3.0619443550E+00  3.6623959413E-01 -1.2987495140E+00
  3.0638878897E+00 -5.6349722427E-02  3.0832581497E+00  3.6153887073E-01 -1.4253423736E+00
  3.0711530242E+00 -4.5495214307E-02  3.1045747504E+00  3.5761913494E-01 -1.5707224101E+00
  3.0784211778E+00 -3.4647447592E-02  3.1258937536E+00  3.5442756782E-01 -1.7327639030E+00
  3.0856922929E+00 -2.3805318594E-02  3.1472146148E+00  3.5190937624E-01 -1.9074626556E+00
  3.0929669670E+00 -1.2967796007E-02  3.1685366038E+00  3.5001074545E-01 -2.0884551054E+00
  3.1002467316E+00 -2.1339754544E-03  3.1898587369E+00  3.4868381335E-01 -2.2671055934E+00
  3.1075343256E+00  8.6968247449E-03  3.2111797296E+00  3.4789404806E-01 -2.4338373113E+00
  3.1148332179E+00  1.9524814334E-02  3.2324982848E+00  3.4762982396E-01 -2.5815150282E+00
  3.1221430127E+00  3.0349180159E-02  3.2538149450E+00  3.4791289320E-01 -2.7114942647E+00
  3.1294469694E+00  4.1168034203E-02  3.2751364027E+00  3.4880689481E-01 -2.8422195784E+00
  3.1367161940E+00  5.1981180988E-02  3.2964726171E+00  3.5041938391E-01 -3.0189340299E+00
  3.1439448030E+00  6.2791413565E-02  3.3178241035E+00  3.5289163203E-01 -3.3214151802E+00
  3.1511463799E+00  7.3601094189E-02  3.3391850037E+00  3.5637065402E-01 -3.8652576879E+00
  3.1583327050E+00  8.4411129539E-02  3.3605508609E+00  3.6096058318E-01 -4.7917651178E+00
  3.1655102412E+00  9.5221753548E-02  3.3819193747E+00  3.6665566853E-01 -6.2425337363E+00
  3.1726822909E+00  1.0603299812E-01  3.4032894166E+00  3.7326467184E-01 -8.3178035683E+00
  3.1798505830E+00  1.1684484930E-01  3.4246604124E+00  3.8034505405E-01 -1.1023301146E+01
  3.1870160560E+00  1.2765729422E-01  3.4460320532E+00  3.8717229729E-01 -1.4218870481E+01
  3.1941792251E+00  1.3847033984E-01  3.4674041624E+00  3.9277071024E-01 -1.7591409069E+01
  3.2013403491E+00  1.4928403380E-01  3.4887766290E+00  3.9602227562E-01 -2.0677797912E+01
  3.2084994735E+00  1.6009852185E-01  3.5101493636E+00  3.9584746638E-01 -2.2952035386E+01
  3.2156561768E+00  1.7091439607E-01  3.5315222076E+00  3.9142158088E-01 -2.3962570097E+01
  3.2167291584E+00  1.7253726606E-01  3.5347280622E+00  3.9036060953E-01 -2.3986803684E+01
</Path of -GradDelSqRho>
<Path of -GradDelSqRho>
Starting CP# =      3
Ending CP# =     19
Number of Points =     17
  3.0131799057E+00 -1.3260242068E-01  2.9341300446E+00  4.1331528242E-01 -9.5041556551E-01
  3.0059662526E+00 -1.4354064989E-01  2.9128387710E+00  4.2462913718E-01 -9.6017385011E-01
  2.9987613062E+00 -1.5448997634E-01  2.8915502534E+00  4.3699919094E-01 -9.8968838860E-01
  2.9915646812E+00 -1.6544961706E-01  2.8702642287E+00  4.5043841865E-01 -1.0393622387E+00
  2.9843756440E+00 -1.7641854200E-01  2.8489804222E+00  4.6495348946E-01 -1.1095686620E+00
  2.9771931051E+00 -1.8739549733E-01  2.8276985618E+00  4.8054402266E-01 -1.2005146151E+00
  2.9700156062E+00 -1.9837901909E-01  2.8064183890E+00  4.9720188112E-01 -1.3120750103E+00
  2.9628412897E+00 -2.0936742712E-01  2.7851396656E+00  5.1491060763E-01 -1.4436026152E+00
  2.9556678364E+00 -2.2035878846E-01  2.7638621765E+00  5.3364512925E-01 -1.5937206767E+00
  2.9484923526E+00 -2.3135083508E-01  2.7425857261E+00  5.5337187132E-01 -1.7601075466E+00
  2.9413111711E+00 -2.4234080857E-01  2.7213101272E+00  5.7404943556E-01 -1.9392841112E+00
  2.9341194976E+00 -2.5332517540E-01  2.7000351772E+00  5.9563000489E-01 -2.1264146299E+00
  2.9269107489E+00 -2.6429908267E-01  2.6787606091E+00  6.1806163900E-01 -2.3151278097E+00
  2.9196751833E+00 -2.7525521655E-01  2.6574859860E+00  6.4129162009E-01 -2.4973540812E+00
  2.9123966128E+00 -2.8618102616E-01  2.6362104433E+00  6.6527098415E-01 -2.6631507235E+00
  2.9050424478E+00 -2.9705020748E-01  2.6149319155E+00  6.8996023350E-01 -2.8004381101E+00
  2.8876910924E+00 -3.1434540622E-01  2.5730228308E+00  7.3949506117E-01 -2.9272243433E+00
</Path of -GradDelSqRho>
<Path of -GradDelSqRho>
Starting CP# =      4
Ending CP# =      0
Number of Points =     30
  3.5757796445E+00 -1.2947491756E+00  1.6341875969E+00  4.1484619402E-01 -9.6074052582E-01
  3.5952086702E+00 -1.3089456791E+00  1.6274073151E+00  4.0453834974E-01 -9.7051487913E-01
  3.6146423517E+00 -1.3231444745E+00  1.6206451997E+00  3.9524496266E-01 -9.9975185782E-01
  3.6340804332E+00 -1.3373457756E+00  1.6139010169E+00  3.8693803877E-01 -1.0484493984E+00
  3.6535225243E+00 -1.3515497771E+00  1.6071740999E+00  3.7958511662E-01 -1.1167561425E+00
  3.6729681396E+00 -1.3657566245E+00  1.6004633985E+00  3.7314937453E-01 -1.2048967030E+00
  3.6924167481E+00 -1.3799663845E+00  1.5937675546E+00  3.6758963206E-01 -1.3130153515E+00
  3.7118678285E+00 -1.3941790139E+00  1.5870849935E+00  3.6286035200E-01 -1.4409079706E+00
  3.7313209298E+00 -1.4083943236E+00  1.5804140257E+00  3.5891183180E-01 -1.5876134357E+00
  3.7507757387E+00 -1.4226119343E+00  1.5737529486E+00  3.5569088711E-01 -1.7508628621E+00
  3.7702321580E+00 -1.4368312148E+00  1.5671001442E+00  3.5314246575E-01 -1.9264625309E+00
  3.7896904045E+00 -1.4510511901E+00  1.5604541721E+00  3.5121274910E-01 -2.1078369203E+00
  3.8091511382E+00 -1.4652704127E+00  1.5538138748E+00  3.4985431573E-01 -2.2861824835E+00
  3.8286155776E+00 -1.4794868801E+00  1.5471785417E+00  3.4903372174E-01 -2.4519244885E+00
  3.8480852172E+00 -1.4936985640E+00  1.5405482200E+00  3.4874123128E-01 -2.5982859663E+00
  3.8675595076E+00 -1.5079067320E+00  1.5339240238E+00  3.4900129386E-01 -2.7275507926E+00
  3.8870301588E+00 -1.5221231586E+00  1.5273068557E+00  3.4988077775E-01 -2.8598250282E+00
  3.9064843897E+00 -1.5363640451E+00  1.5206939928E+00  3.5149029490E-01 -3.0427402409E+00
  3.9259205763E+00 -1.5506295277E+00  1.5140810809E+00  3.5397283320E-01 -3.3588895039E+00
  3.9453450254E+00 -1.5649101228E+00  1.5074662973E+00  3.5747429589E-01 -3.9264382613E+00
  3.9647628541E+00 -1.5791988060E+00  1.5008495418E+00  3.6209331421E-01 -4.8879868810E+00
  3.9841768277E+00 -1.5934919411E+00  1.4942310889E+00  3.6781307983E-01 -6.3839099720E+00
  4.0035883547E+00 -1.6077877271E+00  1.4876111854E+00  3.7442561928E-01 -8.5095620690E+00
  4.0229981705E+00 -1.6220852395E+00  1.4809899929E+00  3.8146753394E-01 -1.1261610324E+01
  4.0424066702E+00 -1.6363839807E+00  1.4743675962E+00  3.8819292012E-01 -1.4487505464E+01
  4.0618140625E+00 -1.6506836724E+00  1.4677440065E+00  3.9360955723E-01 -1.7861176343E+01
  4.0812204338E+00 -1.6649841564E+00  1.4611191358E+00  3.9659372637E-01 -2.0910427389E+01
  4.1006257438E+00 -1.6792853465E+00  1.4544926811E+00  3.9607551614E-01 -2.3108746170E+01
  4.1200295457E+00 -1.6935872174E+00  1.4478632800E+00  3.9125592417E-01 -2.4015044519E+01
  4.1219696658E+00 -1.6950174479E+00  1.4471996730E+00  3.9051956892E-01 -2.4023752833E+01
</Path of -GradDelSqRho>
<Path of -GradDelSqRho>
Starting CP# =      4
Ending CP# =     20
Number of Points =     17
  3.5757796445E+00 -1.2947491756E+00  1.6341875969E+00  4.1484619402E-01 -9.6074052582E-01
  3.5563552078E+00 -1.2805546878E+00  1.6409852249E+00  4.2619175728E-01 -9.7059685106E-01
  3.5369354248E+00 -1.2663621272E+00  1.6478001514E+00  4.3859314573E-01 -1.0003871123E+00
  3.5175200020E+00 -1.2521713926E+00  1.6546312851E+00  4.5206272597E-01 -1.0504800078E+00
  3.4981084344E+00 -1.2379824777E+00  1.6614771394E+00  4.6660644205E-01 -1.1212046499E+00
  3.4786999952E+00 -1.2237954992E+00  1.6683358652E+00  4.8222308787E-01 -1.2127129891E+00
  3.4592937207E+00 -1.2096107276E+00  1.6752052724E+00  4.9890362280E-01 -1.3248130455E+00
  3.4398883807E+00 -1.1954286237E+00  1.6820828228E+00  5.1663063677E-01 -1.4567779917E+00
  3.4204824256E+00 -1.1812498884E+00  1.6889655819E+00  5.3537809104E-01 -1.6071383051E+00
  3.4010738943E+00 -1.1670755360E+00  1.6958501041E+00  5.5511147690E-01 -1.7734663517E+00
  3.3816602540E+00 -1.1529070122E+00  1.7027322180E+00  5.7578854748E-01 -1.9521641804E+00
  3.3622381155E+00 -1.1387463985E+00  1.7096066292E+00  5.9736078526E-01 -2.1382649162E+00
  3.3428026931E+00 -1.1245968009E+00  1.7164661610E+00  6.1977576898E-01 -2.3252539988E+00
  3.3233466676E+00 -1.1104631725E+00  1.7233001529E+00  6.4298059716E-01 -2.5049049638E+00
  3.3038573934E+00 -1.0963543601E+00  1.7300905209E+00  6.6692649214E-01 -2.6670988939E+00
  3.2843081587E+00 -1.0822896249E+00  1.7367993718E+00  6.9157450820E-01 -2.7995462407E+00
  3.2457116004E+00 -1.0591551568E+00  1.7456482115E+00  7.3814165394E-01 -2.9129137671E+00
</Path of -GradDelSqRho>
<Path of -GradDelSqRho>
Starting CP# =      5
Ending CP# =     13
Number of Points =     40
  2.8005500777E+00 -5.3000657394E-01  1.9056531448E+00  2.2487884770E+01  1.2291149262E+03
  2.8176153092E+00 -5.1329949098E-01  1.8982605113E+00  1.5593222037E+01  1.1478901878E+03
  2.8346625318E+00 -4.9658167360E-01  1.8908506007E+00  1.0917203384E+01  9.7875376659E+02
  2.8517053069E+00 -4.7986121096E-01  1.8834364290E+00  7.7554965517E+00  7.7117198425E+02
  2.8687372018E+00 -4.6313428756E-01  1.8760118388E+00  5.6256332841E+00  5.7110617126E+02
  2.8857473823E+00 -4.4639450564E-01  1.8685664833E+00  4.1916163013E+00  4.0737830790E+02
  2.9027240251E+00 -4.2963495602E-01  1.8610891308E+00  3.2234600465E+00  2.8509738268E+02
  2.9196551925E+00 -4.1284877919E-01  1.8535685359E+00  2.5667247290E+00  1.9711510924E+02
  2.9365297493E+00 -3.9602973682E-01  1.8459943403E+00  2.1183262899E+00  1.3425891923E+02
  2.9533368196E+00 -3.7917191982E-01  1.8383565785E+00  1.8091122709E+00  8.9360787570E+01
  2.9700630926E+00 -3.6226825377E-01  1.8306431863E+00  1.5923712893E+00  5.7547601563E+01
  2.9866888938E+00 -3.4530843328E-01  1.8228364640E+00  1.4365241924E+00  3.5452155329E+01
  3.0031834828E+00 -3.2827668495E-01  1.8149090424E+00  1.3203920083E+00  2.0550041700E+01
  3.0194984228E+00 -3.1114898178E-01  1.8068185094E+00  1.2299854543E+00  1.0841561925E+01
  3.0355561937E+00 -2.9388884239E-01  1.7984986906E+00  1.1562408180E+00  4.7464110634E+00
  3.0512281504E+00 -2.7644043845E-01  1.7898438522E+00  1.0934106907E+00  1.0644271052E+00
  3.0662866435E+00 -2.5871693330E-01  1.7806772985E+00  1.0379535996E+00 -1.0684375604E+00
  3.0802821877E+00 -2.4058131012E-01  1.7706802955E+00  9.8784886410E-01 -2.2415849859E+00
  3.0921415963E+00 -2.2183389398E-01  1.7592040338E+00  9.4246389138E-01 -2.8389111802E+00
  3.0984588532E+00 -2.0257980318E-01  1.7448428460E+00  9.0444762597E-01 -3.1077154393E+00
  3.0911448366E+00 -1.8683258261E-01  1.7275932041E+00  8.8676635287E-01 -3.2318838187E+00
  3.0739498476E+00 -1.7782471788E-01  1.7119538592E+00  8.8854089572E-01 -3.3301234686E+00
  3.0544969179E+00 -1.7144492705E-01  1.6976156506E+00  8.9505899163E-01 -3.4248392734E+00
  3.0343476314E+00 -1.6607558867E-01  1.6838282304E+00  9.0212039173E-01 -3.5167160718E+00
  3.0137665454E+00 -1.6140086360E-01  1.6704302283E+00  9.0892192404E-01 -3.6053197774E+00
  2.9928140833E+00 -1.5736710305E-01  1.6574045869E+00  9.1529730265E-01 -3.6901794732E+00
  2.9715174726E+00 -1.5396725263E-01  1.6447617966E+00  9.2119586295E-01 -3.7708459495E+00
  2.9498988230E+00 -1.5120151024E-01  1.6325172304E+00  9.2658920171E-01 -3.8469026482E+00
  2.9279794866E+00 -1.4907081314E-01  1.6206872943E+00  9.3145605067E-01 -3.9179722669E+00
  2.9057807222E+00 -1.4757583512E-01  1.6092888656E+00  9.3578020488E-01 -3.9837222151E+00
  2.8833238442E+00 -1.4671679697E-01  1.5983392272E+00  9.3955032809E-01 -4.0438691997E+00
  2.8606303063E+00 -1.4649338249E-01  1.5878560576E+00  9.4275994056E-01 -4.0981828955E+00
  2.8377217757E+00 -1.4690467454E-01  1.5778574114E+00  9.4540737126E-01 -4.1464886335E+00
  2.8146202091E+00 -1.4794911182E-01  1.5683616759E+00  9.4749565495E-01 -4.1886690677E+00
  2.7913479390E+00 -1.4962448159E-01  1.5593874859E+00  9.4903237642E-01 -4.2246648092E+00
  2.7679277836E+00 -1.5192797422E-01  1.5509535692E+00  9.5002946642E-01 -4.2544740443E+00
  2.7443832017E+00 -1.5485634482E-01  1.5430784716E+00  9.5050295381E-01 -4.2781511815E+00
  2.7207385350E+00 -1.5840626667E-01  1.5357800655E+00  9.5047267881E-01 -4.2958045941E+00
  2.6970194184E+00 -1.6257505471E-01  1.5290746425E+00  9.4996197245E-01 -4.3075935522E+00
  2.6581482404E+00 -1.7072625806E-01  1.5194181123E+00  9.4816207406E-01 -4.3147923959E+00
</Path of -GradDelSqRho>
<Path of -GradDelSqRho>
Starting CP# =      5
Ending CP# =      1
Number of Points =      7
  2.8005500777E+00 -5.3000657394E-01  1.9056531448E+00  2.2487884770E+01  1.2291149262E+03
  2.7834437148E+00 -5.4668902881E-01  1.9130062154E+00  3.2687637423E+01  9.8109709494E+02
  2.7663020824E+00 -5.6335024258E-01  1.9203252510E+00  4.7882359428E+01 -7.7685339899E+02
  2.7491448635E+00 -5.8000202939E-01  1.9276292102E+00  7.0450466618E+01 -6.3307249953E+03
  2.7319765459E+00 -5.9664708684E-01  1.9349224174E+00  1.0393821646E+02 -2.0420817382E+04
  2.7147897008E+00 -6.1328088761E-01  1.9421976490E+00  1.5417923910E+02 -7.4592436940E+04
  2.6847480508E+00 -6.4230879914E-01  1.9548727203E+00  2.9728116851E+02 -3.3290891056E+06
</Path of -GradDelSqRho>
<Path of -GradDelSqRho>
Starting CP# =      6
Ending CP# =      1
Number of Points =      7
  2.6793763153E+00 -7.6907815050E-01  2.0654684665E+00  2.2558855934E+01  1.2373813095E+03
  2.6802701884E+00 -7.5023127290E-01  2.0490673785E+00  3.2805300754E+01  9.8417709297E+02
  2.6811069512E+00 -7.3139504164E-01  2.0326510428E+00  4.8075850924E+01 -8.0359445022E+02
  2.6819185553E+00 -7.1256353479E-01  2.0162280215E+00  7.0760403995E+01 -6.4166276463E+03
  2.6827117807E+00 -6.9373549482E-01  1.9998001299E+00  1.0443426322E+02 -2.0740208839E+04
  2.6834746791E+00 -6.7491319836E-01  1.9833642210E+00  1.5495211056E+02 -7.5674877294E+04
  2.6847480508E+00 -6.4230879914E-01  1.9548727203E+00  2.9728116851E+02 -3.3290891056E+06
</Path of -GradDelSqRho>
<Path of -GradDelSqRho>
Starting CP# =      6
Ending CP# =     18
Number of Points =     37
  2.6793763153E+00 -7.6907815050E-01  2.0654684665E+00  2.2558855934E+01  1.2373813095E+03
  2.6784149465E+00 -7.8793748473E-01  2.0818514143E+00  1.5636271729E+01  1.1550276185E+03
  2.6774230236E+00 -8.0680241885E-01  2.0982261003E+00  1.0943649859E+01  9.8459310160E+02
  2.6764234330E+00 -8.2566876232E-01  2.1145986961E+00  7.7723835519E+00  7.7581151012E+02
  2.6754060709E+00 -8.4453835385E-01  2.1309664518E+00  5.6374699870E+00  5.7451297986E+02
  2.6743533464E+00 -8.6341437181E-01  2.1473245547E+00  4.2012252312E+00  4.0966911862E+02
  2.6732460606E+00 -8.8230022939E-01  2.1636676854E+00  3.2325091336E+00  2.8650692916E+02
  2.6720649034E+00 -9.0119926735E-01  2.1799903872E+00  2.5761192446E+00  1.9788331131E+02
  2.6707919530E+00 -9.2011445714E-01  2.1962874502E+00  2.1284885551E+00  1.3457786105E+02
  2.6694097944E+00 -9.3904853437E-01  2.2125536439E+00  1.8201684357E+00  8.9372298216E+01
  2.6678971794E+00 -9.5800469808E-01  2.2287824438E+00  1.6042725836E+00  5.7356408880E+01
  2.6662227788E+00 -9.7698751748E-01  2.2449640963E+00  1.4491266587E+00  3.5136897341E+01
  2.6643378517E+00 -9.9600377893E-01  2.2610831346E+00  1.3335103459E+00  2.0169221750E+01
  2.6621661404E+00 -1.0150632892E+00  2.2771146093E+00  1.2434300777E+00  1.0436784805E+01
  2.6595869003E+00 -1.0341795996E+00  2.2930171858E+00  1.1698442877E+00  4.3450881138E+00
  2.6564028974E+00 -1.0533699324E+00  2.3087188340E+00  1.1070501701E+00  6.8268560756E-01
  2.6522733432E+00 -1.0726508111E+00  2.3240830633E+00  1.0515819871E+00 -1.4228693721E+00
  2.6465513706E+00 -1.0920119173E+00  2.3388132023E+00  1.0015739539E+00 -2.5670822253E+00
  2.6378161434E+00 -1.1112540842E+00  2.3520993482E+00  9.5686095666E-01 -3.1391806449E+00
  2.6227477402E+00 -1.1287529712E+00  2.3610127393E+00  9.2201484080E-01 -3.3955127189E+00
  2.6002063964E+00 -1.1385371624E+00  2.3597085424E+00  9.1001939554E-01 -3.5300459048E+00
  2.5767330546E+00 -1.1412817090E+00  2.3516948966E+00  9.1396883038E-01 -3.6451143873E+00
  2.5537932343E+00 -1.1416365221E+00  2.3417758321E+00  9.2162908206E-01 -3.7557070170E+00
  2.5311912659E+00 -1.1410004884E+00  2.3311144378E+00  9.2967260290E-01 -3.8620416826E+00
  2.5088627019E+00 -1.1396735518E+00  2.3199512757E+00  9.3736330110E-01 -3.9634901811E+00
  2.4868095306E+00 -1.1377155013E+00  2.3083422624E+00  9.4452381950E-01 -4.0594021538E+00
  2.4650500662E+00 -1.1351379793E+00  2.2963078046E+00  9.5109333189E-01 -4.1491669904E+00
  2.4436059246E+00 -1.1319438861E+00  2.2838622193E+00  9.5703659162E-01 -4.2322290699E+00
  2.4224993199E+00 -1.1281346354E+00  2.2710190635E+00  9.6232731289E-01 -4.3080976110E+00
  2.4017525979E+00 -1.1237113513E+00  2.2577920630E+00  9.6694566515E-01 -4.3763547322E+00
  2.3813881622E+00 -1.1186750716E+00  2.2441953478E+00  9.7087802378E-01 -4.4366620457E+00
  2.3614284477E+00 -1.1130268036E+00  2.2302435965E+00  9.7411696474E-01 -4.4887657091E+00
  2.3418958875E+00 -1.1067675450E+00  2.2159521769E+00  9.7666122214E-01 -4.5324998437E+00
  2.3228128685E+00 -1.0998982776E+00  2.2013372951E+00  9.7851558039E-01 -4.5677882707E+00
  2.3042016708E+00 -1.0924199283E+00  2.1864161663E+00  9.7969070114E-01 -4.5946445660E+00
  2.2860843869E+00 -1.0843332838E+00  2.1712072261E+00  9.8020288779E-01 -4.6131704817E+00
  2.2543619467E+00 -1.0680065359E+00  2.1427733940E+00  9.7950310517E-01 -4.6261748051E+00
</Path of -GradDelSqRho>
<Path of -GradDelSqRho>
Starting CP# =     12
Ending CP# =     19
Number of Points =     18
  2.6595771676E+00 -6.7248269265E-01  2.6493218288E+00  7.7153236973E-01 -2.4903082918E+00
  2.6724629217E+00 -6.5337952778E-01  2.6527167885E+00  7.6742513510E-01 -2.4937151254E+00
  2.6863078974E+00 -6.3274916603E-01  2.6554797906E+00  7.6343594454E-01 -2.5045835830E+00
  2.7001505917E+00 -6.1201513517E-01  2.6573261038E+00  7.5986118123E-01 -2.5222482402E+00
  2.7139725501E+00 -5.9120582741E-01  2.6582506278E+00  7.5667756254E-01 -2.5459057209E+00
  2.7277546567E+00 -5.7034962332E-01  2.6582476827E+00  7.5385911416E-01 -2.5746454911E+00
  2.7414769331E+00 -5.4947505442E-01  2.6573106685E+00  7.5137798558E-01 -2.6074652019E+00
  2.7551182652E+00 -5.2861100622E-01  2.6554317435E+00  7.4920535727E-01 -2.6432891131E+00
  2.7686560472E+00 -5.0778695850E-01  2.6526015347E+00  7.4731244446E-01 -2.6809893074E+00
  2.7820657232E+00 -4.8703325313E-01  2.6488089039E+00  7.4567159219E-01 -2.7194093141E+00
  2.7953201996E+00 -4.6638136755E-01  2.6440408153E+00  7.4425743837E-01 -2.7573896968E+00
  2.8083890924E+00 -4.4586414849E-01  2.6382823771E+00  7.4304809195E-01 -2.7937951007E+00
  2.8212377549E+00 -4.2551591680E-01  2.6315171724E+00  7.4202622833E-01 -2.8275421863E+00
  2.8338259948E+00 -4.0537227546E-01  2.6237280420E+00  7.4117994207E-01 -2.8576277784E+00
  2.8461062902E+00 -3.8546931572E-01  2.6148985241E+00  7.4050312280E-01 -2.8831564177E+00
  2.8580210237E+00 -3.6584166284E-01  2.6050151598E+00  7.3999506052E-01 -2.9033663208E+00
  2.8694972806E+00 -3.4651823125E-01  2.5940707891E+00  7.3965900842E-01 -2.9176525799E+00
  2.8876910924E+00 -3.1434540622E-01  2.5730228308E+00  7.3949506117E-01 -2.9272243433E+00
</Path of -GradDelSqRho>
<Path of -GradDelSqRho>
Starting CP# =     12
Ending CP# =     18
Number of Points =     33
  2.6595771676E+00 -6.7248269265E-01  2.6493218288E+00  7.7153236973E-01 -2.4903082918E+00
  2.6467015013E+00 -6.9147646952E-01  2.6451355636E+00  7.7603240446E-01 -2.4938600717E+00
  2.6329489368E+00 -7.1165278242E-01  2.6397771543E+00  7.8129986401E-01 -2.5058036288E+00
