 AIMInt (Version 19.02.13, Professional)
 Portions Copyright (c) 1997-2019 by Todd A. Keith
 AIMInt is a component of the AIMAll package ( http://aim.tkgristmill.com )

 TP:  64-bit Linux

 Licensed To:  Research Group of Fernando Cortes Guzman, UNAM, fercor@unam.mx

 AIMInt is a heavily modified and extended version of the PROAIMV program
 developed by members of R.F.W. Bader's research group

 Much of the Quantum Theory of Atoms in Molecules (QTAIM) is described in the book:
   "Atoms in Molecules - A Quantum Theory"
   R.F.W. Bader, Oxford University Press, Oxford, 1990

 For additional references see:  http://aim.tkgristmill.com/references.html

 Current Directory:  /home/scratch/M_H2O_4_tetraedrico/Opt

 Inp File:  Cr2_tetraedrico_cc-pvtz-def2-tzv_2_atomicfiles/o8.inp
 Wfx File:  Cr2_tetraedrico_cc-pvtz-def2-tzv_2.wfx
 Out File:  Cr2_tetraedrico_cc-pvtz-def2-tzv_2_atomicfiles/o8.int

 Wfx Title:   Cr2_tetraedrico_cc-pvtz-def2-tzv_2                                            
 Job Title:   Cr2_tetraedrico_cc-pvtz-def2-tzv_2                                            
 
<Atom>
O8      
</Atom>
<Nuclei of Molecule>
    13
Cr1       24.0           8.9412783454E-06   2.4357447679E-05  -2.8080444526E-05
O2         8.0           6.4569527909E-01   2.6830293165E+00  -1.9562039950E+00
H3         1.0          -1.7082631391E-01   3.2157999860E+00  -3.5452466567E+00
O4         8.0          -6.4405919286E-01  -2.6880618221E+00  -1.9497510527E+00
H5         1.0          -1.7039710497E+00  -4.1290142180E+00  -1.4375074307E+00
O6         8.0           2.6847477046E+00  -6.4230880053E-01   1.9548725714E+00
H7         1.0           3.2191990122E+00   1.7634220244E-01   3.5422562991E+00
O8         8.0          -2.6863478368E+00   6.4743992647E-01   1.9509693420E+00
H9         1.0          -4.1306534949E+00   1.7020994968E+00   1.4372014670E+00
H10        1.0           1.7587417645E-01  -3.2277150981E+00  -3.5347238868E+00
H11        1.0           4.1283585077E+00  -1.6997628309E+00   1.4450046375E+00
H12        1.0          -3.2206621195E+00  -1.6646292629E-01   3.5408314645E+00
H13        1.0           1.7021790586E+00   4.1273398467E+00  -1.4462368883E+00
</Nuclei of Molecule>
<Total Number of CPs of DelSqRho>
    30
</Total Number of CPs of DelSqRho>
<Number of (3,+3) CPs of DelSqRho>
     5
</Number of (3,+3) CPs of DelSqRho>
<Number of (3,+1) CPs of DelSqRho>
    11
</Number of (3,+1) CPs of DelSqRho>
<Number of (3,-1) CPs of DelSqRho>
     9
</Number of (3,-1) CPs of DelSqRho>
<Number of (3,-3) CPs of DelSqRho>
     5
</Number of (3,-3) CPs of DelSqRho>
<Number of Degenerate CPs of DelSqRho>
     0
</Number of Degenerate CPs of DelSqRho>
<CP of DelSqRho>
CP# = 1       
Type = (3,+3)
Coords = -2.68634818305990E+00  6.47439925219357E-01  1.95096949081786E+00
DistFromNuc =  3.7687950677E-07
Rho =  2.9728124948E+02
DelSqRho = -3.3290899601E+06
GradDelSqRho = -2.4084030883E-05  2.9207349144E-06 -5.4432639445E-06
HessDelSqRho_EigVals =  1.3239005478E+11  1.3239007283E+11  1.3239008044E+11
HessDelSqRho_EigVec1 =  4.3158412744E-01  7.6005701353E-01  4.8584820379E-01
HessDelSqRho_EigVec2 = -8.4006786819E-01  1.4241073189E-01  5.2345502221E-01
HessDelSqRho_EigVec3 =  3.2866566261E-01 -6.3406034383E-01  6.9996168652E-01
</CP of DelSqRho>
<CP of DelSqRho>
CP# = 2       
Type = (3,-1)
Coords = -1.55097887368110E+00  4.81965619267350E-01  1.16433420500326E+00
DistFromNuc =  1.3911287746E+00
Rho =  1.8319654404E-01
DelSqRho =  5.1892210267E-01
GradDelSqRho =  6.8001160258E-16 -2.9837243787E-16 -5.2735593670E-16
HessDelSqRho_EigVals = -7.0354348549E-01 -5.4417183543E-01  3.5875546007E+00
HessDelSqRho_EigVec1 =  4.2969667603E-01  8.8769267712E-01  1.6541607418E-01
HessDelSqRho_EigVec2 =  4.5704770198E-01 -3.7180494287E-01  8.0800277386E-01
HessDelSqRho_EigVec3 =  7.7876065946E-01 -2.7159306958E-01 -5.6548124623E-01
</CP of DelSqRho>
<CP of DelSqRho>
CP# = 3       
Type = (3,+1)
Coords = -3.57780465067520E+00  1.29813288003288E+00  1.62787572392360E+00
DistFromNuc =  1.1499939378E+00
Rho =  4.1483303152E-01
DelSqRho = -9.6066423553E-01
GradDelSqRho =  4.1078251911E-15 -5.2874371548E-15  3.1086244690E-15
HessDelSqRho_EigVals = -3.1387776120E+01  1.4720555119E+01  1.5700888803E+01
HessDelSqRho_EigVec1 =  7.7743253978E-01 -5.6631700266E-01  2.7364886001E-01
HessDelSqRho_EigVec2 =  3.7966866860E-01  7.6941291328E-01  5.1366863926E-01
HessDelSqRho_EigVec3 = -5.0144825075E-01 -2.9544681649E-01  8.1317945772E-01
</CP of DelSqRho>
<CP of DelSqRho>
CP# = 4       
Type = (3,+1)
Coords = -3.01470168012618E+00  1.40663250746932E-01  2.93177042185320E+00
DistFromNuc =  1.1517853983E+00
Rho =  4.1332033410E-01
DelSqRho = -9.5045224112E-01
GradDelSqRho = -3.2751579226E-15 -6.1062266354E-16  8.0491169285E-16
HessDelSqRho_EigVals = -3.1065361037E+01  1.4563646985E+01  1.5518419266E+01
HessDelSqRho_EigVec1 = -2.8864066471E-01 -4.3476380710E-01  8.5303399622E-01
HessDelSqRho_EigVec2 =  3.9327248523E-01  7.5848725592E-01  5.1964779896E-01
HessDelSqRho_EigVec3 =  8.7293947043E-01 -4.8546628579E-01  4.7949622816E-02
</CP of DelSqRho>
<CP of DelSqRho>
CP# = 5       
Type = (3,+1)
Coords = -2.68112503230053E+00  7.74566233024805E-01  2.06116170897331E+00
DistFromNuc =  1.6831735868E-01
Rho =  2.2558847238E+01
DelSqRho =  1.2373917794E+03
GradDelSqRho =  9.6633812063E-13  6.7927885539E-12  8.3844042820E-12
HessDelSqRho_EigVals = -4.1359204719E+05  1.7740174837E+03  3.2312157426E+03
HessDelSqRho_EigVec1 =  3.6339189849E-02  7.5626830814E-01  6.5325164323E-01
HessDelSqRho_EigVec2 =  9.4718972894E-01  1.8234117497E-01 -2.6378649188E-01
HessDelSqRho_EigVec3 =  3.1860803610E-01 -6.2833903429E-01  7.0970344322E-01
</CP of DelSqRho>
<CP of DelSqRho>
CP# = 6       
Type = (3,+1)
Coords = -2.80206408379840E+00  5.34897114335364E-01  1.90209682210745E+00
DistFromNuc =  1.6865544044E-01
Rho =  2.2487778875E+01
DelSqRho =  1.2291123187E+03
GradDelSqRho =  1.1368683772E-11  1.7081447368E-11  2.8990143619E-12
HessDelSqRho_EigVals = -4.0573734213E+05  2.1883547064E+03  3.5505723495E+03
HessDelSqRho_EigVec1 =  6.8284008941E-01  6.6927136364E-01  2.9292533879E-01
HessDelSqRho_EigVec2 = -6.5807882915E-01  3.8935169143E-01  6.4446684555E-01
HessDelSqRho_EigVec3 =  3.1727222842E-01 -6.3283576241E-01  7.0629825916E-01
</CP of DelSqRho>
<CP of DelSqRho>
CP# = 7       
Type = (3,-1)
Coords = -2.82205504620554E+00  6.84783651084404E-01  2.04443077337523E+00
DistFromNuc =  1.6895573267E-01
Rho =  2.2311606879E+01
DelSqRho =  1.2463173072E+03
GradDelSqRho =  0.0000000000E+00 -4.2064129957E-12 -1.3017142919E-11
HessDelSqRho_EigVals = -4.0282420121E+05 -1.3999662567E+03  1.8532082159E+03
HessDelSqRho_EigVec1 =  8.0234759114E-01 -2.2223878629E-01 -5.5393886383E-01
HessDelSqRho_EigVec2 =  5.0659913998E-01  7.4430345953E-01  4.3516625732E-01
HessDelSqRho_EigVec3 =  3.1558779186E-01 -6.2977955033E-01  7.0977606583E-01
</CP of DelSqRho>
<CP of DelSqRho>
CP# = 8       
Type = (3,-3)
Coords = -2.60947095110596E+00  7.04732923568033E-01  1.81423052376387E+00
DistFromNuc =  1.6700313618E-01
Rho =  2.2709263667E+01
DelSqRho =  1.2971799408E+03
GradDelSqRho =  2.2055246518E-11 -5.9401372710E-12  4.0131453716E-11
HessDelSqRho_EigVals = -4.5043686929E+05 -3.5989789363E+03 -5.8171247889E+02
HessDelSqRho_EigVec1 = -4.6357507818E-01 -3.4158374256E-01  8.1756877002E-01
HessDelSqRho_EigVec2 =  3.8285999352E-01  7.5490014169E-01  5.3248849888E-01
HessDelSqRho_EigVec3 = -7.9907219465E-01  5.5986277149E-01 -2.1917414274E-01
</CP of DelSqRho>
<CP of DelSqRho>
CP# = 9       
Type = (3,-3)
Coords = -2.54207527917634E+00  5.65988098829060E-01  1.97197641916520E+00
DistFromNuc =  1.6700379755E-01
Rho =  2.2706761108E+01
DelSqRho =  1.2976100707E+03
GradDelSqRho = -1.2732925825E-11  4.3200998334E-12 -3.2969182939E-12
HessDelSqRho_EigVals = -4.5049510238E+05 -3.6315315225E+03 -6.5623033319E+02
HessDelSqRho_EigVec1 =  8.6543472686E-01 -4.8569007166E-01  1.2299547892E-01
HessDelSqRho_EigVec2 =  3.6900871803E-01  7.8395333279E-01  4.9924917428E-01
HessDelSqRho_EigVec3 = -3.3890308285E-01 -3.8668116878E-01  8.5768430914E-01
</CP of DelSqRho>
<CP of DelSqRho>
CP# = 10      
Type = (3,-1)
Coords = -2.27703498018688E+00  1.87518685553401E-01  2.31888787267142E+00
DistFromNuc =  7.1723678629E-01
Rho =  6.7098491595E-01
DelSqRho = -9.8321900925E-01
GradDelSqRho = -6.9944050551E-15  1.1102230246E-14  2.6645352591E-15
HessDelSqRho_EigVals = -1.5990406423E+01 -1.1765222159E+01  1.4261843261E+02
HessDelSqRho_EigVec1 =  6.9301539953E-01  9.4747197768E-02 -7.1466959116E-01
HessDelSqRho_EigVec2 =  4.0699394633E-01  7.6682376431E-01  4.9632372716E-01
HessDelSqRho_EigVec3 = -5.9505090847E-01  6.3482618330E-01 -4.9285914147E-01
</CP of DelSqRho>
<CP of DelSqRho>
CP# = 11      
Type = (3,-1)
Coords = -3.30803195155069E+00  7.51091172673546E-01  2.30991845962272E+00
DistFromNuc =  7.2531316574E-01
Rho =  6.6635169141E-01
DelSqRho = -9.9923306667E-01
GradDelSqRho = -1.2434497876E-14  1.7763568394E-15  2.0428103653E-14
HessDelSqRho_EigVals = -1.8790863853E+01 -5.7954929455E+00  1.3248767061E+02
HessDelSqRho_EigVec1 = -3.0519817161E-01  6.3470436228E-01 -7.0993270705E-01
HessDelSqRho_EigVec2 =  4.1992742790E-01  7.5880466665E-01  4.9787190437E-01
HessDelSqRho_EigVec3 =  8.5470172068E-01 -1.4617062074E-01 -4.9811556720E-01
</CP of DelSqRho>
<CP of DelSqRho>
CP# = 12      
Type = (3,-1)
Coords = -2.69828679596922E+00  1.04196217598896E+00  1.35229149111742E+00
DistFromNuc =  7.1708124596E-01
Rho =  6.7306470518E-01
DelSqRho = -9.8843683289E-01
GradDelSqRho =  2.6645352591E-15  4.4408920985E-15 -5.1070259133E-15
HessDelSqRho_EigVals = -1.6034742635E+01 -1.2013934537E+01  1.4279464600E+02
HessDelSqRho_EigVec1 =  9.0727007972E-01 -3.6060939911E-01 -2.1638360316E-01
HessDelSqRho_EigVec2 =  4.2026508597E-01  7.5855134701E-01  4.9797300274E-01
HessDelSqRho_EigVec3 = -1.5435671640E-02 -5.4273447948E-01  8.3976248120E-01
</CP of DelSqRho>
<CP of DelSqRho>
CP# = 13      
Type = (3,+1)
Coords = -2.66138988402060E+00  6.79903761748723E-01  2.64532112951961E+00
DistFromNuc =  6.9555819654E-01
Rho =  7.7153275825E-01
DelSqRho = -2.4902325435E+00
GradDelSqRho = -4.8849813084E-15  4.8294701571E-15 -4.3520742565E-14
HessDelSqRho_EigVals = -1.2823953594E+01  1.3954640976E+01  1.8008439709E+02
HessDelSqRho_EigVec1 =  5.5218527352E-01  8.1720292511E-01 -1.6513873834E-01
HessDelSqRho_EigVec2 =  8.2874003794E-01 -5.5963108611E-01  1.7311745279E-03
HessDelSqRho_EigVec3 =  9.1002050608E-02  1.3781301336E-01  9.8626882752E-01
</CP of DelSqRho>
<CP of DelSqRho>
CP# = 14      
Type = (3,+3)
Coords = -2.65910829010187E+00  1.74476515568097E-01  1.51703442571555E+00
DistFromNuc =  6.4244524480E-01
Rho =  9.4810887649E-01
DelSqRho = -4.3143932806E+00
GradDelSqRho = -1.7763568394E-14 -4.7961634664E-14 -2.6645352591E-14
HessDelSqRho_EigVals =  8.3689358699E+00  2.3142265569E+01  3.1760378333E+02
HessDelSqRho_EigVec1 =  9.5115499824E-01  2.2001956097E-01 -2.1655383191E-01
HessDelSqRho_EigVec2 =  3.0811540543E-01 -6.3291992419E-01  7.1026563095E-01
HessDelSqRho_EigVec3 = -1.9211097420E-02  7.4229627667E-01  6.6979636561E-01
</CP of DelSqRho>
<CP of DelSqRho>
CP# = 15      
Type = (3,+1)
Coords = -3.26025959614438E+00  6.55513210501382E-01  1.55792445895936E+00
DistFromNuc =  6.9564658093E-01
Rho =  7.7051149978E-01
DelSqRho = -2.4492024739E+00
GradDelSqRho = -9.7699626167E-15  1.9928503292E-14 -8.8817841970E-15
HessDelSqRho_EigVals = -1.2260730119E+01  1.2853623964E+01  1.7815585850E+02
HessDelSqRho_EigVec1 = -2.8358827000E-01  9.2549076276E-01  2.5108672039E-01
HessDelSqRho_EigVec2 = -5.2189572618E-01 -3.6861744669E-01  7.6925030321E-01
HessDelSqRho_EigVec3 =  8.0448899564E-01  8.7109276414E-02  5.8754525771E-01
</CP of DelSqRho>
<CP of DelSqRho>
CP# = 16      
Type = (3,+1)
Coords = -2.96079117017438E+00  1.28723221626753E+00  1.95528103002166E+00
DistFromNuc =  6.9618381766E-01
Rho =  7.7153057887E-01
DelSqRho = -2.5003424978E+00
GradDelSqRho = -1.0103029524E-14  5.2402526762E-14  9.9920072216E-15
HessDelSqRho_EigVals = -1.2675976169E+01  1.4064936912E+01  1.7940657915E+02
HessDelSqRho_EigVec1 =  8.3861529975E-01  2.3846068617E-01  4.8975593940E-01
HessDelSqRho_EigVec2 = -4.4956943841E-01 -2.0470395264E-01  8.6947318062E-01
HessDelSqRho_EigVec3 = -3.0759014788E-01  9.4933281463E-01  6.4463229839E-02
</CP of DelSqRho>
<CP of DelSqRho>
CP# = 17      
Type = (3,+1)
Coords = -2.97821256365222E+00  7.35287344460053E-02  2.21098505792493E+00
DistFromNuc =  6.9438263776E-01
Rho =  7.7311750212E-01
DelSqRho = -2.4690474974E+00
GradDelSqRho = -8.4376949872E-15  9.3258734069E-15 -1.3267165144E-14
HessDelSqRho_EigVals = -1.2132403144E+01  1.2981508115E+01  1.7991590291E+02
HessDelSqRho_EigVec1 =  2.0851024422E-02  2.9818191805E-01  9.5428128899E-01
HessDelSqRho_EigVec2 =  9.0178121784E-01 -4.1774161549E-01  1.1082679204E-01
HessDelSqRho_EigVec3 =  4.3168955271E-01  8.5824209081E-01 -2.7760519383E-01
</CP of DelSqRho>
<CP of DelSqRho>
CP# = 18      
Type = (3,+1)
Coords = -2.10604449170804E+00  5.78893858000522E-01  1.63615380710993E+00
DistFromNuc =  6.6374645525E-01
Rho =  8.7595282455E-01
DelSqRho = -3.6114970209E+00
GradDelSqRho =  7.1054273576E-14 -5.7731597281E-15 -4.7961634664E-14
HessDelSqRho_EigVals = -6.2961185110E+00  2.0291417642E+01  2.5603270070E+02
HessDelSqRho_EigVec1 =  3.6391360060E-01  7.7081049211E-01  5.2289394389E-01
HessDelSqRho_EigVec2 =  3.1166760834E-01 -6.2979710798E-01  7.1149062164E-01
HessDelSqRho_EigVec3 =  8.7774152984E-01 -9.5952009006E-02 -4.6942839577E-01
</CP of DelSqRho>
<CP of DelSqRho>
CP# = 19      
Type = (3,+3)
Coords = -2.25628625095061E+00  1.07403252500056E+00  2.13757716924824E+00
DistFromNuc =  6.3384279905E-01
Rho =  9.7950972168E-01
DelSqRho = -4.6263733885E+00
GradDelSqRho =  3.8191672047E-14  3.1974423109E-14  1.9539925233E-14
HessDelSqRho_EigVals =  1.2168905802E+01  2.5014584690E+01  3.5807147983E+02
HessDelSqRho_EigVec1 =  6.7588667655E-01 -3.8164148658E-01 -6.3049740379E-01
HessDelSqRho_EigVec2 =  3.1166200229E-01 -6.2722665428E-01  7.1376012811E-01
HessDelSqRho_EigVec3 =  6.6786525347E-01  6.7892304415E-01  3.0499098894E-01
</CP of DelSqRho>
<CP of DelSqRho>
CP# = 20      
Type = (3,+3)
Coords = -2.88925100082244E+00  3.21333621233145E-01  2.57011282615660E+00
DistFromNuc =  7.2859705613E-01
Rho =  7.3950060978E-01
DelSqRho = -2.9272987132E+00
GradDelSqRho = -2.8865798640E-15  3.1086244690E-15 -1.6209256160E-14
HessDelSqRho_EigVals =  1.0655607864E+01  2.2472474764E+01  1.3360297997E+02
HessDelSqRho_EigVec1 =  4.0014223878E-01  7.4944418902E-01  5.2746525600E-01
HessDelSqRho_EigVec2 =  8.7451333512E-01 -4.8436743301E-01  2.4791460892E-02
HessDelSqRho_EigVec3 = -2.7406680836E-01 -4.5135528952E-01  8.4921480626E-01
</CP of DelSqRho>
<CP of DelSqRho>
CP# = 21      
Type = (3,+3)
Coords = -3.24757333817042E+00  1.06313952741844E+00  1.74019544263428E+00
DistFromNuc =  7.2952440556E-01
Rho =  7.3815137240E-01
DelSqRho = -2.9130281248E+00
GradDelSqRho =  3.7525538232E-14 -1.9095836024E-14  1.4210854715E-14
HessDelSqRho_EigVals =  1.0580035654E+01  2.2375117701E+01  1.3272849065E+02
HessDelSqRho_EigVec1 =  3.9280229331E-01  7.7611809436E-01  4.9330220147E-01
HessDelSqRho_EigVec2 =  5.1024347028E-01  2.6234369684E-01 -8.1904052755E-01
HessDelSqRho_EigVec3 =  7.6508689664E-01 -5.7342522471E-01  2.9295998406E-01
</CP of DelSqRho>
<CP of DelSqRho>
CP# = 22      
Type = (3,-3)
Coords = -2.64816708386769E+00  1.29869977061596E+00  1.01489005796477E+00
DistFromNuc =  1.1409827258E+00
Rho =  2.4846655560E-01
DelSqRho =  8.5191893413E-01
GradDelSqRho =  9.7144514655E-16  8.8817841970E-16 -5.5511151231E-17
HessDelSqRho_EigVals = -1.7666135823E+01 -1.8136589903E+00 -5.5506826037E-01
HessDelSqRho_EigVec1 = -6.3105303569E-02 -5.5672489797E-01  8.2829651010E-01
HessDelSqRho_EigVec2 = -9.2581312779E-01  3.4257681900E-01  1.5972218223E-01
HessDelSqRho_EigVec3 =  3.7267649923E-01  7.5676846595E-01  5.3704163326E-01
</CP of DelSqRho>
<CP of DelSqRho>
CP# = 23      
Type = (3,-3)
Coords = -3.50764402621472E+00  1.05205232057259E+00  2.66486199012991E+00
DistFromNuc =  1.1609829168E+00
Rho =  2.5013355297E-01
DelSqRho =  8.6354084961E-01
GradDelSqRho =  3.1086244690E-15 -5.5511151231E-17 -2.0539125956E-15
HessDelSqRho_EigVals = -1.7234521077E+01 -3.2845783177E+00 -1.9113430043E-01
HessDelSqRho_EigVec1 =  7.0610899888E-01 -3.4949608939E-01 -6.1584297121E-01
HessDelSqRho_EigVec2 =  3.0794204839E-01 -6.3159880699E-01  7.1151573549E-01
HessDelSqRho_EigVec3 =  6.3763765300E-01  6.9205160972E-01  3.3835305963E-01
</CP of DelSqRho>
<CP of DelSqRho>
CP# = 24      
Type = (3,-1)
Coords = -2.67825776274591E+00  1.83497026289271E+00  2.04360137442780E+00
DistFromNuc =  1.1911651618E+00
Rho =  2.4447796458E-01
DelSqRho =  7.1942629032E-01
GradDelSqRho = -6.6266436782E-16  2.8865798640E-15  8.3266726847E-17
HessDelSqRho_EigVals = -1.7234561974E+01 -1.1701616512E+00  3.2067922163E-01
HessDelSqRho_EigVec1 =  2.5764884083E-02  9.9661086517E-01  7.8121406636E-02
HessDelSqRho_EigVec2 =  9.4521808632E-01 -4.9726266914E-02  3.2262992372E-01
HessDelSqRho_EigVec3 = -3.2542117332E-01 -6.5529243895E-02  9.4329580628E-01
</CP of DelSqRho>
<CP of DelSqRho>
CP# = 25      
Type = (3,-1)
Coords = -2.97457626960436E+00 -5.06040164901364E-01  2.01194068076452E+00
DistFromNuc =  1.1905080658E+00
Rho =  2.4453453985E-01
DelSqRho =  7.1506506126E-01
GradDelSqRho =  2.9143354396E-16 -1.6098233857E-15  8.9164786665E-16
HessDelSqRho_EigVals = -1.7007110130E+01 -1.2416538904E+00  2.9106567231E-01
HessDelSqRho_EigVec1 =  2.3070253441E-01  9.7238786505E-01 -3.5187789424E-02
HessDelSqRho_EigVec2 = -2.6034792185E-01  9.6532496228E-02  9.6067707205E-01
HessDelSqRho_EigVec3 =  9.3754749224E-01 -2.1246956742E-01  2.7542945143E-01
</CP of DelSqRho>
<CP of DelSqRho>
CP# = 26      
Type = (3,+1)
Coords = -1.93873317015480E+00  5.54934984720294E-02  1.13924092580669E+00
DistFromNuc =  1.2522904156E+00
Rho =  2.4095673371E-01
DelSqRho =  4.8981474518E-01
GradDelSqRho =  4.7184478547E-16  9.1593399532E-16 -4.9960036108E-16
HessDelSqRho_EigVals = -9.3624002682E+00  3.9994929594E-01  5.2967511394E-01
HessDelSqRho_EigVec1 = -5.4960779512E-01  5.2741031156E-01  6.4789631486E-01
HessDelSqRho_EigVec2 =  8.1559261469E-01  1.7076652830E-01  5.5285394063E-01
HessDelSqRho_EigVec3 =  1.8094186469E-01  8.3227228482E-01 -5.2400657012E-01
</CP of DelSqRho>
<CP of DelSqRho>
CP# = 27      
Type = (3,-1)
Coords = -2.26616943252530E+00  9.85283054760544E-01  3.01193960486431E+00
DistFromNuc =  1.1901032599E+00
Rho =  2.4389510314E-01
DelSqRho =  7.2577477701E-01
GradDelSqRho =  2.9837243787E-15  3.4555691641E-15  9.4368957093E-15
HessDelSqRho_EigVals = -1.7347785907E+01 -1.1627455873E+00  2.9661751202E-01
HessDelSqRho_EigVec1 =  3.6827065030E-01  2.9119885397E-01  8.8293825128E-01
HessDelSqRho_EigVec2 =  5.9703263425E-01  6.5392384865E-01 -4.6468874939E-01
HessDelSqRho_EigVec3 = -7.1269121067E-01  6.9827417797E-01  6.6965742108E-02
</CP of DelSqRho>
<CP of DelSqRho>
CP# = 28      
Type = (3,-3)
Coords = -1.99278083836938E+00 -4.32929251164759E-02  2.53616983368588E+00
DistFromNuc =  1.1404414360E+00
Rho =  2.4742137576E-01
DelSqRho =  8.4786645264E-01
GradDelSqRho = -2.0539125956E-15  2.1649348980E-15 -4.0245584643E-15
HessDelSqRho_EigVals = -1.7670432996E+01 -1.8213667105E+00 -5.0233415128E-01
HessDelSqRho_EigVec1 =  6.3287307391E-01 -6.0337618997E-01  4.8518949464E-01
HessDelSqRho_EigVec2 =  6.8600533363E-01  1.4643542105E-01 -7.1270846052E-01
HessDelSqRho_EigVec3 =  3.5898238753E-01  7.8389657535E-01  5.0659431955E-01
</CP of DelSqRho>
<CP of DelSqRho>
CP# = 29      
Type = (3,-1)
Coords = -3.38999823143363E+00  3.62838523472288E-01  1.03249441917989E+00
DistFromNuc =  1.1915192069E+00
Rho =  2.4469966924E-01
DelSqRho =  7.0729718725E-01
GradDelSqRho = -6.1062266354E-16  9.5756735874E-16 -3.1086244690E-15
HessDelSqRho_EigVals = -1.6841173923E+01 -1.2206888202E+00  3.2380574260E-01
HessDelSqRho_EigVec1 =  5.7682432023E-01  2.4835366635E-01  7.7819930609E-01
HessDelSqRho_EigVec2 = -5.9567008563E-01  7.7977896791E-01  1.9267047070E-01
HessDelSqRho_EigVec3 =  5.5897303394E-01  5.7468706059E-01 -5.9773232280E-01
</CP of DelSqRho>
<CP of DelSqRho>
CP# = 30      
Type = (3,+1)
Coords = -4.41788326829535E+00  9.97615003751593E-01  9.75098926493130E-01
DistFromNuc =  2.0182072746E+00
Rho =  7.3456683690E-02
DelSqRho =  1.7463506028E-01
GradDelSqRho =  1.8180595918E-13  7.5386745457E-15  9.1704421834E-14
HessDelSqRho_EigVals = -1.5904755984E+00  3.8393652016E-02  5.6418352332E-01
HessDelSqRho_EigVec1 =  7.7253744907E-01  2.4423134798E-01  5.8612024231E-01
HessDelSqRho_EigVec2 = -5.0787415392E-01 -3.1636882141E-01  8.0123318243E-01
HessDelSqRho_EigVec3 = -3.8111643046E-01  9.1665796102E-01  1.2036797304E-01
</CP of DelSqRho>
<Path of -GradDelSqRho>
Starting CP# =      3
Ending CP# =     21
Number of Points =     17
 -3.5778046507E+00  1.2981328800E+00  1.6278757239E+00  4.1483303152E-01 -9.6066423553E-01
 -3.5583711362E+00  1.2839759583E+00  1.6347255453E+00  4.2617852507E-01 -9.7051978453E-01
 -3.5389422839E+00  1.2698210147E+00  1.6415926585E+00  4.3857983623E-01 -1.0003078808E+00
 -3.5195178000E+00  1.2556679443E+00  1.6484759718E+00  4.5204933657E-01 -1.0503975169E+00
 -3.5000971790E+00  1.2415167356E+00  1.6553739974E+00  4.6659297586E-01 -1.1211181713E+00
 -3.4806796938E+00  1.2273674992E+00  1.6622848848E+00  4.8220955442E-01 -1.2126222411E+00
 -3.4612643801E+00  1.2132204982E+00  1.6692064415E+00  4.9889003844E-01 -1.3247182819E+00
 -3.4418500073E+00  1.1990761852E+00  1.6761361264E+00  5.1661702492E-01 -1.4566800963E+00
 -3.4224350256E+00  1.1849352514E+00  1.6830710004E+00  5.3536448209E-01 -1.6070388886E+00
 -3.4030174740E+00  1.1707986996E+00  1.6900076124E+00  5.5509790778E-01 -1.7733678467E+00
 -3.3835948196E+00  1.1566679610E+00  1.6969417827E+00  5.7577506073E-01 -1.9520699299E+00
 -3.3641636742E+00  1.1425450988E+00  1.7038682049E+00  5.9734742762E-01 -2.1381792536E+00
 -3.3447192539E+00  1.1284331925E+00  1.7107796847E+00  6.1976258935E-01 -2.3251823208E+00
 -3.3252542435E+00  1.1143371545E+00  1.7176655330E+00  6.4296764380E-01 -2.5048538090E+00
 -3.3057560068E+00  1.1002657585E+00  1.7245076143E+00  6.6691380903E-01 -2.6670760597E+00
 -3.2861978605E+00  1.0862381034E+00  1.7312679275E+00  6.9156213003E-01 -2.7995610092E+00
 -3.2475733382E+00  1.0631395274E+00  1.7401954426E+00  7.3815137240E-01 -2.9130281248E+00
</Path of -GradDelSqRho>
<Path of -GradDelSqRho>
Starting CP# =      3
Ending CP# =      0
Number of Points =     30
 -3.5778046507E+00  1.2981328800E+00  1.6278757239E+00  4.1483303152E-01 -9.6066423553E-01
 -3.5972427625E+00  1.3122918694E+00  1.6210432427E+00  4.0452524532E-01 -9.7043774559E-01
 -3.6166855390E+00  1.3264532055E+00  1.6142289215E+00  3.9523190158E-01 -9.9967208890E-01
 -3.6361327242E+00  1.3406171023E+00  1.6074325264E+00  3.8692500422E-01 -1.0483650874E+00
 -3.6555839271E+00  1.3547837530E+00  1.6006533903E+00  3.7957209074E-01 -1.1166653347E+00
 -3.6750386622E+00  1.3689533004E+00  1.5938904629E+00  3.7313633943E-01 -1.2047974849E+00
 -3.6944963978E+00  1.3831258077E+00  1.5871423858E+00  3.6757657085E-01 -1.3129059815E+00
 -3.7139566118E+00  1.3973012270E+00  1.5804075847E+00  3.6284724956E-01 -1.4407870749E+00
 -3.7334188523E+00  1.4114793642E+00  1.5736843705E+00  3.5889867542E-01 -1.5874802880E+00
 -3.7528828053E+00  1.4256598346E+00  1.5669710417E+00  3.5567766659E-01 -1.7507177404E+00
 -3.7723483725E+00  1.4398420017E+00  1.5602659818E+00  3.5312917279E-01 -1.9263070872E+00
 -3.7918157698E+00  1.4540248850E+00  1.5535677537E+00  3.5119937553E-01 -2.1076743914E+00
 -3.8112856563E+00  1.4682070319E+00  1.5468752039E+00  3.4984085036E-01 -2.2860174296E+00
 -3.8307592497E+00  1.4823864354E+00  1.5401876277E+00  3.4902014562E-01 -2.4517616104E+00
 -3.8502380443E+00  1.4965610637E+00  1.5335050784E+00  3.4872751165E-01 -2.5981275300E+00
 -3.8697214937E+00  1.5107321860E+00  1.5268286657E+00  3.4898737788E-01 -2.7273924077E+00
 -3.8892013151E+00  1.5249115898E+00  1.5201592562E+00  3.4986658805E-01 -2.8596500816E+00
 -3.9086647262E+00  1.5391154954E+00  1.5134940782E+00  3.5147572994E-01 -3.0425141492E+00
 -3.9281100942E+00  1.5533440356E+00  1.5068287759E+00  3.5395777599E-01 -3.3585558887E+00
 -3.9475437228E+00  1.5675877088E+00  1.5001615548E+00  3.5745863394E-01 -3.9259198110E+00
 -3.9669707293E+00  1.5818394784E+00  1.4934923363E+00  3.6207697178E-01 -4.8871936932E+00
 -3.9863938796E+00  1.5960957027E+00  1.4868214066E+00  3.6779605997E-01 -6.3827572854E+00
 -4.0058145824E+00  1.6103545781E+00  1.4801490180E+00  3.7440804854E-01 -8.5079971098E+00
 -4.0252335735E+00  1.6246151792E+00  1.4734753352E+00  3.8144969779E-01 -1.1259644063E+01
 -4.0446512481E+00  1.6388770076E+00  1.4668004446E+00  3.8817527373E-01 -1.4485239640E+01
 -4.0640678148E+00  1.6531397846E+00  1.4601243584E+00  3.9359269756E-01 -1.7858811554E+01
 -4.0834833601E+00  1.6674033515E+00  1.4534469891E+00  3.9657831971E-01 -2.0908238996E+01
 -4.1028978437E+00  1.6816676213E+00  1.4467680345E+00  3.9606218983E-01 -2.3107025275E+01
 -4.1223108191E+00  1.6959325643E+00  1.4400861346E+00  3.9124514801E-01 -2.4014019127E+01
 -4.1242518561E+00  1.6973591002E+00  1.4394172774E+00  3.9050906450E-01 -2.4022804881E+01
</Path of -GradDelSqRho>
<Path of -GradDelSqRho>
Starting CP# =      4
Ending CP# =      0
Number of Points =     30
 -3.0147016801E+00  1.4066325075E-01  2.9317704219E+00  4.1332033410E-01 -9.5045224112E-01
 -3.0219219069E+00  1.2979981958E-01  2.9530977323E+00  4.0304407607E-01 -9.6012183240E-01
 -3.0291506218E+00  1.1894821404E-01  2.9744281875E+00  3.9378183349E-01 -9.8903448095E-01
 -3.0363872820E+00  1.0810836491E-01  2.9957619261E+00  3.8550540873E-01 -1.0371794856E+00
 -3.0436311169E+00  9.7279915626E-02  3.0170990189E+00  3.7818227709E-01 -1.1047066299E+00
 -3.0508812017E+00  8.6462249894E-02  3.0384394585E+00  3.7177568997E-01 -1.1918545017E+00
 -3.0581365466E+00  7.5654536277E-02  3.0597831528E+00  3.6624466548E-01 -1.2987996935E+00
 -3.0653962012E+00  6.4855783939E-02  3.0811299174E+00  3.6154396859E-01 -1.4253971471E+00
 -3.0726593716E+00  5.4064903989E-02  3.1024794667E+00  3.5762426307E-01 -1.5707820612E+00
 -3.0799255534E+00  4.3280770844E-02  3.1238314004E+00  3.5443272863E-01 -1.7328283412E+00
 -3.0871946905E+00  3.2502279041E-02  3.1451851766E+00  3.5191457102E-01 -1.9075312772E+00
 -3.0944673827E+00  2.1728394275E-02  3.1665400672E+00  3.5001597506E-01 -2.0885267061E+00
 -3.1017451636E+00  1.0958207467E-02  3.1878950895E+00  3.4868907939E-01 -2.2671784476E+00
 -3.1090307755E+00  1.9103014305E-04  3.2092489590E+00  3.4789935465E-01 -2.4339095812E+00
 -3.1163276896E+00 -1.0573354829E-02  3.2306003769E+00  3.4763518001E-01 -2.5815856813E+00
 -3.1236355071E+00 -2.1334131690E-02  3.2519498846E+00  3.4791831481E-01 -2.7115646040E+00
 -3.1309374695E+00 -3.2089374137E-02  3.2733041828E+00  3.4881240704E-01 -2.8422952914E+00
 -3.1382046643E+00 -4.2838827106E-02  3.2946732482E+00  3.5042502094E-01 -3.0190273494E+00
 -3.1454312137E+00 -5.3585277067E-02  3.3160576042E+00  3.5289743419E-01 -3.3215463979E+00
 -3.1526307147E+00 -6.4331118525E-02  3.3374513892E+00  3.5637666073E-01 -3.8654549968E+00
 -3.1598149558E+00 -7.5077283945E-02  3.3588501415E+00  3.6096682130E-01 -4.7920617314E+00
 -3.1669904037E+00 -8.5824020927E-02  3.3802515570E+00  3.6666213696E-01 -6.2429615379E+00
 -3.1741603627E+00 -9.6571368199E-02  3.4016545057E+00  3.7327132485E-01 -8.3183833231E+00
 -3.1813265626E+00 -1.0731931531E-01  3.4230584122E+00  3.8035178775E-01 -1.1024030723E+01
 -3.1884899425E+00 -1.1806785128E-01  3.4444629669E+00  3.8717894483E-01 -1.4219714532E+01
 -3.1956510177E+00 -1.2881698414E-01  3.4658679930E+00  3.9277705106E-01 -1.7592295357E+01
 -3.2028100474E+00 -1.3956676214E-01  3.4872733794E+00  3.9602806137E-01 -2.0678625341E+01
 -3.2099670773E+00 -1.5031733139E-01  3.5086790372E+00  3.9585246045E-01 -2.2952695125E+01
 -3.2171216859E+00 -1.6106928432E-01  3.5300848093E+00  3.9142560270E-01 -2.3962974676E+01
 -3.2181943546E+00 -1.6268256474E-01  3.5332956049E+00  3.9036447530E-01 -2.3987165134E+01
</Path of -GradDelSqRho>
<Path of -GradDelSqRho>
Starting CP# =      4
Ending CP# =     20
Number of Points =     17
 -3.0147016801E+00  1.4066325075E-01  2.9317704219E+00  4.1332033410E-01 -9.5045224112E-01
 -3.0074899087E+00  1.5153789249E-01  2.9104459640E+00  4.2463421330E-01 -9.6021088114E-01
 -3.0002868353E+00  1.6242363392E-01  2.8891242298E+00  4.3700429894E-01 -9.8972645692E-01
 -2.9930920761E+00  1.7331969186E-01  2.8678049580E+00  4.5044356520E-01 -1.0394019749E+00
 -2.9859048989E+00  1.8422503644E-01  2.8464878773E+00  4.6495868021E-01 -1.1096106342E+00
 -2.9787242157E+00  1.9513841437E-01  2.8251727192E+00  4.8054926211E-01 -1.2005593172E+00
 -2.9715485701E+00  2.0605836276E-01  2.8038592297E+00  4.9720717242E-01 -1.3121228486E+00
 -2.9643761064E+00  2.1698320304E-01  2.7825471762E+00  5.1491595255E-01 -1.4436538956E+00
 -2.9572045079E+00  2.2791100457E-01  2.7612363496E+00  5.3365052815E-01 -1.5937755914E+00
 -2.9500308836E+00  2.3883950249E-01  2.7399265621E+00  5.5337732324E-01 -1.7601661637E+00
 -2.9428515696E+00  2.4976594278E-01  2.7186176356E+00  5.7405493840E-01 -1.9393463672E+00
 -2.9356617767E+00  2.6068679800E-01  2.6973093795E+00  5.9563555572E-01 -2.1264803269E+00
 -2.9284549289E+00  2.7159722404E-01  2.6760015430E+00  6.1806723458E-01 -2.3151966186E+00
 -2.9212212964E+00  2.8248992060E-01  2.6546937137E+00  6.4129725763E-01 -2.4974255498E+00
 -2.9139447134E+00  2.9335235998E-01  2.6333850682E+00  6.6527666261E-01 -2.6632242856E+00
 -2.9065926390E+00  3.0415828598E-01  2.6120736261E+00  6.8996595644E-01 -2.8005130841E+00
 -2.8892510008E+00  3.2133362123E-01  2.5701128262E+00  7.3950060978E-01 -2.9272987132E+00
</Path of -GradDelSqRho>
<Path of -GradDelSqRho>
Starting CP# =      5
Ending CP# =     19
Number of Points =     37
 -2.6811250323E+00  7.7456623302E-01  2.0611617090E+00  2.2558847238E+01  1.2373917794E+03
 -2.6801857247E+00  7.9347860789E-01  2.0774846828E+00  1.5636245821E+01  1.1550373620E+03
 -2.6792158609E+00  8.1239658408E-01  2.0937993857E+00  1.0943612642E+01  9.8460166904E+02
 -2.6782383288E+00  8.3131596984E-01  2.1101119963E+00  7.7723390180E+00  7.7581885769E+02
 -2.6772430240E+00  8.5023860424E-01  2.1264197617E+00  5.6374208857E+00  5.7451919280E+02
 -2.6762123546E+00  8.6916766617E-01  2.1427178644E+00  4.2011734641E+00  4.0967438849E+02
 -2.6751271205E+00  8.8810656914E-01  2.1590009795E+00  3.2324560373E+00  2.8651146678E+02
 -2.6739680100E+00  9.0705865374E-01  2.1752636458E+00  2.5760657959E+00  1.9788727857E+02
 -2.6727170999E+00  9.2602689064E-01  2.1915006493E+00  2.1284355006E+00  1.3458135615E+02
 -2.6713569734E+00  9.4501401397E-01  2.2077067564E+00  1.8201163620E+00  8.9375373256E+01
 -2.6698663804E+00  9.6402322035E-01  2.2238754390E+00  1.6042219503E+00  5.7359094032E+01
 -2.6682139889E+00  9.8305907493E-01  2.2399969391E+00  1.4490778146E+00  3.5139218446E+01
 -2.6663510537E+00  1.0021283566E+00  2.2560557845E+00  1.3334635414E+00  2.0171208601E+01
 -2.6642013105E+00  1.0212408577E+00  2.2720270194E+00  1.2433854783E+00  1.0438472532E+01
 -2.6616440045E+00  1.0404101000E+00  2.2878693071E+00  1.1698019907E+00  4.3465150585E+00
 -2.6584818857E+00  1.0596532409E+00  2.3035106314E+00  1.1070102222E+00  6.8389028982E-01
 -2.6543741407E+00  1.0789866511E+00  2.3188145761E+00  1.0515443983E+00 -1.4218508201E+00
 -2.6486738637E+00  1.0983996019E+00  2.3334847718E+00  1.0015386755E+00 -2.5662175640E+00
 -2.6399601418E+00  1.1176915845E+00  2.3467127031E+00  9.5682756599E-01 -3.1384411836E+00
 -2.6249119861E+00  1.1352327626E+00  2.3555776213E+00  9.2197954981E-01 -3.3948652287E+00
 -2.6023801034E+00  1.1450361165E+00  2.3542551071E+00  9.0997462993E-01 -3.5294415064E+00
 -2.5789057824E+00  1.1477770898E+00  2.3462433098E+00  9.1392039958E-01 -3.6445358875E+00
 -2.5559624344E+00  1.1481199558E+00  2.3363320067E+00  9.2158138428E-01 -3.7551570230E+00
 -2.5333560180E+00  1.1474686918E+00  2.3256809705E+00  9.2962729267E-01 -3.8615247384E+00
 -2.5110223123E+00  1.1461244894E+00  2.3145301675E+00  9.3732106950E-01 -3.9630107895E+00
 -2.4889633295E+00  1.1441474348E+00  2.3029354254E+00  9.4448505434E-01 -4.0589645415E+00
 -2.4671973846E+00  1.1415492472E+00  2.2909171416E+00  9.5105832156E-01 -4.1487750144E+00
 -2.4457460930E+00  1.1383328569E+00  2.2784896337E+00  9.5700557627E-01 -4.2318861453E+00
 -2.4246316685E+00  1.1344996992E+00  2.2656664600E+00  9.6230049373E-01 -4.3078066481E+00
 -2.4038764565E+00  1.1300509186E+00  2.2524613481E+00  9.6692320456E-01 -4.3761180828E+00
 -2.3835028598E+00  1.1249875740E+00  2.2388884294E+00  9.7086004433E-01 -4.4364814607E+00
 -2.3635333128E+00  1.1193106950E+00  2.2249623841E+00  9.7410354839E-01 -4.4886423071E+00
 -2.3439902483E+00  1.1130213038E+00  2.2106985808E+00  9.7665240999E-01 -4.5324340924E+00
 -2.3248960532E+00  1.1061204097E+00  2.1961132252E+00  9.7851137285E-01 -4.5677799809E+00
 -2.3062730090E+00  1.0986089723E+00  2.1812235305E+00  9.7969105868E-01 -4.5946928989E+00
 -2.2881432120E+00  1.0904878185E+00  2.1660479259E+00  9.8020773207E-01 -4.6132739681E+00
 -2.2562862510E+00  1.0740325250E+00  2.1375771692E+00  9.7950972168E-01 -4.6263733885E+00
</Path of -GradDelSqRho>
<Path of -GradDelSqRho>
Starting CP# =      5
Ending CP# =      1
Number of Points =      7
 -2.6811250323E+00  7.7456623302E-01  2.0611617090E+00  2.2558847238E+01  1.2373917794E+03
 -2.6819968409E+00  7.5566631832E-01  2.0448205749E+00  3.2805318157E+01  9.8418524842E+02
 -2.6828115367E+00  7.3677705330E-01  2.0284641756E+00  4.8075907126E+01 -8.0359865005E+02
 -2.6836010729E+00  7.1789251426E-01  2.0121010830E+00  7.0760515562E+01 -6.4166566115E+03
 -2.6843722296E+00  6.9901144335E-01  1.9957331144E+00  1.0443445632E+02 -2.0740326438E+04
 -2.6851130579E+00  6.8013611805E-01  1.9793571189E+00  1.5495241812E+02 -7.5675274411E+04
 -2.6863481831E+00  6.4743992522E-01  1.9509694908E+00  2.9728124948E+02 -3.3290899601E+06
</Path of -GradDelSqRho>
<Path of -GradDelSqRho>
Starting CP# =      6
Ending CP# =      1
Number of Points =      7
 -2.8020640838E+00  5.3489711434E-01  1.9020968221E+00  2.2487778875E+01  1.2291123187E+03
 -2.7849705541E+00  5.5161533581E-01  1.9093983230E+00  3.2687489120E+01  9.8109969391E+02
 -2.7678417379E+00  5.6831223219E-01  1.9166658668E+00  4.7882139182E+01 -7.7681994861E+02
 -2.7506973275E+00  5.8499966433E-01  1.9239183688E+00  7.0450132306E+01 -6.3306305054E+03
 -2.7335418132E+00  6.0168034070E-01  1.9311601437E+00  1.0393769389E+02 -2.0420475802E+04
 -2.7163677625E+00  6.1834971604E-01  1.9383839844E+00  1.5417843038E+02 -7.4591271850E+04
 -2.6863481831E+00  6.4743992522E-01  1.9509694908E+00  2.9728124948E+02 -3.3290899601E+06
</Path of -GradDelSqRho>
<Path of -GradDelSqRho>
Starting CP# =      6
Ending CP# =     14
Number of Points =     40
 -2.8020640838E+00  5.3489711434E-01  1.9020968221E+00  2.2487778875E+01  1.2291123187E+03
 -2.8191164629E+00  5.1815416763E-01  1.8947558495E+00  1.5593140135E+01  1.1478885166E+03
 -2.8361508256E+00  5.0140044451E-01  1.8873976403E+00  1.0917134839E+01  9.7875287837E+02
 -2.8531807388E+00  4.8464406575E-01  1.8800351802E+00  7.7554350107E+00  7.7117171220E+02
 -2.8701997669E+00  4.6788120060E-01  1.8726623256E+00  5.6255748388E+00  5.7110664030E+02
 -2.8871970706E+00  4.5110542589E-01  1.8652687535E+00  4.1915586531E+00  4.0737952304E+02
 -2.9041608214E+00  4.3430980490E-01  1.8578432581E+00  3.2234020126E+00  2.8509919971E+02
 -2.9210790763E+00  4.1748745059E-01  1.8503746201E+00  2.5666658754E+00  1.9711733426E+02
 -2.9379406958E+00  4.0063209942E-01  1.8428525049E+00  2.1182666552E+00  1.3426137027E+02
 -2.9547348000E+00  3.8373781819E-01  1.8352669702E+00  1.8090521673E+00  8.9363312990E+01
 -2.9714480738E+00  3.6679750345E-01  1.8276059799E+00  1.5923111630E+00  5.7550082458E+01
 -2.9880608364E+00  3.4980080740E-01  1.8198518758E+00  1.4364645269E+00  3.5454505130E+01
 -3.0045423387E+00  3.3273189138E-01  1.8119773520E+00  1.3203332590E+00  2.0552204941E+01
 -3.0208441314E+00  3.1556662800E-01  1.8039400954E+00  1.2299280079E+00  1.0843510952E+01
 -3.0368886797E+00  2.9826838105E-01  1.7956740846E+00  1.1561849675E+00  4.7481405420E+00
 -3.0525473237E+00  2.8078107877E-01  1.7870738288E+00  1.0933566157E+00  1.0659474764E+00
 -3.0675924159E+00  2.6301748697E-01  1.7779630317E+00  1.0379013299E+00 -1.0671061865E+00
 -3.0815745558E+00  2.4483989351E-01  1.7680236524E+00  9.8779815291E-01 -2.2404172686E+00
 -3.0934210610E+00  2.2604724956E-01  1.7566081359E+00  9.4241362365E-01 -2.8378776857E+00
 -3.0997287337E+00  2.0674151545E-01  1.7423117981E+00  9.0439210461E-01 -3.1067732842E+00
 -3.0924111144E+00  1.9093749771E-01  1.7251159478E+00  8.8669343014E-01 -3.2309580441E+00
 -3.0752099026E+00  1.8188650668E-01  1.7095085996E+00  8.8846040056E-01 -3.3291825761E+00
 -3.0557503672E+00  1.7547148882E-01  1.6951951081E+00  8.9497667746E-01 -3.4238856824E+00
 -3.0355948271E+00  1.7006964684E-01  1.6814295440E+00  9.0203771451E-01 -3.5157548253E+00
 -3.0150079027E+00  1.6536405402E-01  1.6680513325E+00  9.0883949324E-01 -3.6043562253E+00
 -2.9940500347E+00  1.6130088411E-01  1.6550435411E+00  9.1521555663E-01 -3.6892191041E+00
 -2.9727484607E+00  1.5787307950E-01  1.6424166709E+00  9.2111520010E-01 -3.7698943110E+00
 -2.9511252986E+00  1.5508086715E-01  1.6301860883E+00  9.2651000300E-01 -3.8459652714E+00
 -2.9292019086E+00  1.5292522067E-01  1.6183681900E+00  9.3137868066E-01 -3.9170545906E+00
 -2.9069995575E+00  1.5140685366E-01  1.6069798431E+00  9.3570500888E-01 -3.9828295107E+00
 -2.8845395684E+00  1.5052602994E-01  1.5960383199E+00  9.3947762905E-01 -4.0430064984E+00
 -2.8618434037E+00  1.5028247979E-01  1.5855612873E+00  9.4269003621E-01 -4.0973549194E+00
 -2.8389327403E+00  1.5067533627E-01  1.5755667874E+00  9.4534053166E-01 -4.1456997320E+00
 -2.8158295453E+00  1.5170309219E-01  1.5660731939E+00  9.4743212041E-01 -4.1879231608E+00
 -2.7925561625E+00  1.5336359282E-01  1.5570991262E+00  9.4897235585E-01 -4.2239653384E+00
 -2.7691354219E+00  1.5565409001E-01  1.5486632952E+00  9.4997313611E-01 -4.2538239328E+00
 -2.7455907956E+00  1.5857140247E-01  1.5407842271E+00  9.5045045664E-01 -4.2775528032E+00
 -2.7219466381E+00  1.6211226597E-01  1.5334797734E+00  9.5042412388E-01 -4.2952597533E+00
 -2.6982285953E+00  1.6627404901E-01  1.5267662054E+00  9.4991743518E-01 -4.3071034730E+00
 -2.6591082901E+00  1.7447651557E-01  1.5170344257E+00  9.4810887649E-01 -4.3143932806E+00
</Path of -GradDelSqRho>
<Path of -GradDelSqRho>
Starting CP# =     13
Ending CP# =     19
Number of Points =     33
 -2.6613898840E+00  6.7990376175E-01  2.6453211295E+00  7.7153275825E-01 -2.4902325435E+00
 -2.6485253230E+00  6.9889334995E-01  2.6410762670E+00  7.7603264244E-01 -2.4937851355E+00
 -2.6347848820E+00  7.1906135018E-01  2.6356558213E+00  7.8129975180E-01 -2.5057306210E+00
 -2.6211088905E+00  7.3901147905E-01  2.6293400821E+00  7.8703326662E-01 -2.5263916095E+00
 -2.6075137304E+00  7.5871445749E-01  2.6221364044E+00  7.9323417833E-01 -2.5559366148E+00
 -2.5940152758E+00  7.7814093807E-01  2.6140535777E+00  7.9989736782E-01 -2.5944000136E+00
 -2.5806287727E+00  7.9726163375E-01  2.6051021011E+00  8.0701120294E-01 -2.6416858985E+00
 -2.5673686841E+00  8.1604746946E-01  2.5952944081E+00  8.1455719474E-01 -2.6975732529E+00
 -2.5542485050E+00  8.3446974637E-01  2.5846450330E+00  8.2250972422E-01 -2.7617219969E+00
 -2.5412805553E+00  8.5250030445E-01  2.5731707064E+00  8.3083585576E-01 -2.8336795289E+00
 -2.5284757575E+00  8.7011166636E-01  2.5608903757E+00  8.3949525693E-01 -2.9128874906E+00
 -2.5158434065E+00  8.8727714413E-01  2.5478251462E+00  8.4844024691E-01 -2.9986886099E+00
 -2.5033909381E+00  9.0397088859E-01  2.5339981462E+00  8.5761599686E-01 -3.0903336093E+00
 -2.4911237013E+00  9.2016786209E-01  2.5194343230E+00  8.6696090380E-01 -3.1869882932E+00
 -2.4790447356E+00  9.3584371549E-01  2.5041601858E+00  8.7640715580E-01 -3.2877410345E+00
