 AIMInt (Version 19.02.13, Professional)
 Portions Copyright (c) 1997-2019 by Todd A. Keith
 AIMInt is a component of the AIMAll package ( http://aim.tkgristmill.com )

 TP:  64-bit Linux

 Licensed To:  Research Group of Fernando Cortes Guzman, UNAM, fercor@unam.mx

 AIMInt is a heavily modified and extended version of the PROAIMV program
 developed by members of R.F.W. Bader's research group

 Much of the Quantum Theory of Atoms in Molecules (QTAIM) is described in the book:
   "Atoms in Molecules - A Quantum Theory"
   R.F.W. Bader, Oxford University Press, Oxford, 1990

 For additional references see:  http://aim.tkgristmill.com/references.html

 Current Directory:  /home/scratch/M_H2O_4_cuadrado_plano/Opt

 Inp File:  Mn4_cuadrado_plano_cc-pvtz-def2-tzv_5_atomicfiles/mn1.inp
 Wfx File:  Mn4_cuadrado_plano_cc-pvtz-def2-tzv_5.wfx
 Out File:  Mn4_cuadrado_plano_cc-pvtz-def2-tzv_5_atomicfiles/mn1.int

 Wfx Title:   Mn4_cuadrado_plano_cc-pvtz-def2-tzv_5                                         
 Job Title:   Mn4_cuadrado_plano_cc-pvtz-def2-tzv_5                                         
 
<Atom>
Mn1     
</Atom>
<Nuclei of Molecule>
    13
Mn1       25.0          -8.2444077252E-04  -2.7075205548E-08   6.0363221374E-05
O2         8.0           3.4584025307E+00  -7.6601552524E-06  -5.9044609246E-05
H3         1.0           4.6113391862E+00  -1.4208010876E-04  -1.5420600078E+00
O4         8.0          -3.4579956583E+00   7.5884710137E-06   2.0499617002E-05
H5         1.0          -4.6111615871E+00  -1.4680348848E-04   1.5420112080E+00
O6         8.0           7.2500156215E-04   3.4581989294E+00  -4.2882217920E-05
H7         1.0           1.5401619406E+00   4.6349545792E+00   5.1582952270E-04
O8         8.0           7.0974256899E-04  -3.4581990004E+00  -4.4635356437E-05
H9         1.0          -1.5374717571E+00  -4.6366589217E+00  -6.9083901389E-04
H10        1.0           1.5401427810E+00  -4.6349594388E+00   5.2768686989E-04
H11        1.0          -4.6112826758E+00   1.6520471885E-04  -1.5418732078E+00
H12        1.0          -1.5374524434E+00   4.6366641684E+00  -6.7454040465E-04
H13        1.0           4.6116026429E+00   1.2511039799E-04   1.5417432906E+00
</Nuclei of Molecule>
<Total Number of CPs of DelSqRho>
    89
</Total Number of CPs of DelSqRho>
<Number of (3,+3) CPs of DelSqRho>
    17
</Number of (3,+3) CPs of DelSqRho>
<Number of (3,+1) CPs of DelSqRho>
    27
</Number of (3,+1) CPs of DelSqRho>
<Number of (3,-1) CPs of DelSqRho>
    33
</Number of (3,-1) CPs of DelSqRho>
<Number of (3,-3) CPs of DelSqRho>
    12
</Number of (3,-3) CPs of DelSqRho>
<Number of Degenerate CPs of DelSqRho>
     0
</Number of Degenerate CPs of DelSqRho>
<CP of DelSqRho>
CP# = 1       
Type = (3,+3)
Coords = -8.24440772058194E-04 -2.70752055466500E-08  6.03632213963163E-05
DistFromNuc =  4.5754747316E-13
Rho =  1.0483948128E+04
DelSqRho = -5.9884012137E+09
GradDelSqRho =  1.6785104090E-03 -3.9855459377E-08  4.7763592192E-06
HessDelSqRho_EigVals =  5.6217699007E+16  5.6217699041E+16  5.6217699086E+16
HessDelSqRho_EigVec1 =  2.3080214179E-06  1.0000000000E+00  7.2676898427E-07
HessDelSqRho_EigVec2 =  9.9999997523E-01 -2.3078596178E-06 -2.2255081897E-04
HessDelSqRho_EigVec3 =  2.2255081729E-04 -7.2728261833E-07  9.9999997524E-01
</CP of DelSqRho>
<CP of DelSqRho>
CP# = 2       
Type = (3,-1)
Coords =  1.63573794191679E-01 -3.96472259130911E-07  1.03675480073404E-04
DistFromNuc =  1.6439824067E-01
Rho =  9.2537340229E+01
DelSqRho = -5.6150027704E+03
GradDelSqRho = -5.8207660913E-11 -5.5511151231E-16  1.1368683772E-13
HessDelSqRho_EigVals = -4.7791583242E+04 -1.5434314369E+04  1.0185323651E+07
HessDelSqRho_EigVec1 =  2.2470414418E-06  1.0000000000E+00 -1.9674990931E-06
HessDelSqRho_EigVec2 = -2.6260491003E-04  1.9680891093E-06  9.9999996552E-01
HessDelSqRho_EigVec3 =  9.9999996552E-01 -2.2465246894E-06  2.6260491445E-04
</CP of DelSqRho>
<CP of DelSqRho>
CP# = 3       
Type = (3,-1)
Coords = -1.65222207743364E-01  3.34767628863715E-07  2.03781664044355E-05
DistFromNuc =  1.6439777183E-01
Rho =  9.2538556473E+01
DelSqRho = -5.6153368599E+03
GradDelSqRho =  0.0000000000E+00 -4.7739590059E-15 -4.5474735089E-13
HessDelSqRho_EigVals = -4.7743714467E+04 -1.5389769417E+04  1.0185602039E+07
HessDelSqRho_EigVec1 =  2.1989745474E-06  9.9999999996E-01  8.4416464065E-06
HessDelSqRho_EigVec2 = -2.4251769363E-04 -8.4411128681E-06  9.9999997056E-01
HessDelSqRho_EigVec3 =  9.9999997059E-01 -2.2010217313E-06  2.4251767506E-04
</CP of DelSqRho>
<CP of DelSqRho>
CP# = 4       
Type = (3,+1)
Coords = -8.21400274628144E-04 -2.65707268419709E-07  1.64660192415205E-01
DistFromNuc =  1.6459982922E-01
Rho =  9.2436304741E+01
DelSqRho = -5.6894266884E+03
GradDelSqRho =  0.0000000000E+00  2.7755575616E-17 -5.8207660913E-11
HessDelSqRho_EigVals = -4.4170325430E+03  1.6428396360E+04  1.0103344243E+07
HessDelSqRho_EigVec1 =  9.9999999978E-01 -1.0292681190E-05 -1.8353902307E-05
HessDelSqRho_EigVec2 =  1.0292707844E-05  9.9999999995E-01  1.4521368625E-06
HessDelSqRho_EigVec3 =  1.8353887359E-05 -1.4523257736E-06  9.9999999983E-01
</CP of DelSqRho>
<CP of DelSqRho>
CP# = 5       
Type = (3,+1)
Coords =  5.00908619740225E-02 -4.86950464577624E-07  2.90125545428734E-01
DistFromNuc =  2.9449987773E-01
Rho =  2.1595547515E+01
DelSqRho =  1.5697673616E+03
GradDelSqRho = -3.4106051316E-12  2.4633073359E-16 -7.2759576142E-12
HessDelSqRho_EigVals = -4.6408054219E+05  3.2694208153E+02  5.2354140154E+03
HessDelSqRho_EigVec1 =  1.7313218009E-01 -1.5444792648E-06  9.8489859793E-01
HessDelSqRho_EigVec2 =  9.8489859793E-01 -1.4759304398E-06 -1.7313218010E-01
HessDelSqRho_EigVec3 =  1.7210408831E-06  1.0000000000E+00  1.2656244077E-06
</CP of DelSqRho>
<CP of DelSqRho>
CP# = 6       
Type = (3,+1)
Coords = -5.22669432862058E-02 -1.75091866744567E-07  2.90032221732297E-01
DistFromNuc =  2.9449959218E-01
Rho =  2.1595648242E+01
DelSqRho =  1.5697590458E+03
GradDelSqRho =  2.0293100533E-11  3.2092384306E-16 -3.7061909097E-11
HessDelSqRho_EigVals = -4.6408388102E+05  3.3599268487E+02  5.2312382819E+03
HessDelSqRho_EigVec1 = -1.7492829352E-01 -5.1979252416E-07  9.8458117600E-01
HessDelSqRho_EigVec2 =  9.8458117598E-01 -4.8868236483E-06  1.7492829352E-01
HessDelSqRho_EigVec3 =  4.7205481553E-06  9.9999999999E-01  1.3666216563E-06
</CP of DelSqRho>
<CP of DelSqRho>
CP# = 7       
Type = (3,+3)
Coords =  1.13031637078373E-01  1.18630542154999E-01  1.06136310361556E-04
DistFromNuc =  1.6442755400E-01
Rho =  9.2770917589E+01
DelSqRho = -5.7830960040E+03
GradDelSqRho = -7.2759576142E-12  0.0000000000E+00  2.2737367544E-13
HessDelSqRho_EigVals =  2.0298639932E+04  4.5818130909E+04  1.0171369599E+07
HessDelSqRho_EigVec1 = -3.1687532247E-04 -8.0525780644E-05  9.9999994655E-01
HessDelSqRho_EigVec2 =  7.2147886225E-01 -6.9243643856E-01  1.7285987161E-04
HessDelSqRho_EigVec3 =  6.9243638763E-01  7.2147887847E-01  2.7751366836E-04
</CP of DelSqRho>
<CP of DelSqRho>
CP# = 8       
Type = (3,+3)
Coords = -1.14717622682083E-01  1.18594726388150E-01  1.14202118897479E-05
DistFromNuc =  1.6442741508E-01
Rho =  9.2771336160E+01
DelSqRho = -5.7831532140E+03
GradDelSqRho =  7.2759576142E-12  0.0000000000E+00 -2.2737367544E-13
HessDelSqRho_EigVals =  2.0303556558E+04  4.5797123364E+04  1.0171449487E+07
HessDelSqRho_EigVec1 = -3.2979123267E-04  9.4901301454E-05  9.9999994112E-01
HessDelSqRho_EigVec2 =  7.2125923548E-01  6.9266520456E-01  1.7213015309E-04
HessDelSqRho_EigVec3 = -6.9266514744E-01  7.2125924977E-01 -2.9688335177E-04
</CP of DelSqRho>
<CP of DelSqRho>
CP# = 9       
Type = (3,+3)
Coords =  1.13031108450907E-01 -1.18631103402551E-01  1.06948414996408E-04
DistFromNuc =  1.6442755405E-01
Rho =  9.2770917464E+01
DelSqRho = -5.7830959709E+03
GradDelSqRho =  4.3655745685E-11  5.8207660913E-11  4.5474735089E-13
HessDelSqRho_EigVals =  2.0298633096E+04  4.5818123079E+04  1.0171369577E+07
HessDelSqRho_EigVec1 = -3.1969988443E-04  8.4692177141E-05  9.9999994531E-01
HessDelSqRho_EigVec2 =  7.2148194699E-01  6.9243322463E-01  1.7201402716E-04
HessDelSqRho_EigVec3 = -6.9243317219E-01  7.2148196253E-01 -2.8247469875E-04
</CP of DelSqRho>
<CP of DelSqRho>
CP# = 10      
Type = (3,+3)
Coords = -1.14718141617527E-01 -1.18594281347906E-01  9.51952546402939E-06
DistFromNuc =  1.6442741506E-01
Rho =  9.2771336216E+01
DelSqRho = -5.7831532227E+03
GradDelSqRho =  2.1827872843E-11  0.0000000000E+00  1.1368683772E-13
HessDelSqRho_EigVals =  2.0303563194E+04  4.5797121805E+04  1.0171449491E+07
HessDelSqRho_EigVec1 = -3.2783538490E-04 -1.1281792771E-04  9.9999993990E-01
HessDelSqRho_EigVec2 =  7.2125620561E-01 -6.9266836278E-01  1.5830790602E-04
HessDelSqRho_EigVec3 =  6.9266830329E-01  7.2125621416E-01  3.0845182978E-04
</CP of DelSqRho>
<CP of DelSqRho>
CP# = 11      
Type = (3,+1)
Coords =  9.17600501043417E-02  3.22113092561217E-02  1.32203779339871E-01
DistFromNuc =  1.6453370646E-01
Rho =  9.2519080185E+01
DelSqRho = -5.6946254666E+03
GradDelSqRho = -1.4551915228E-11  6.3664629124E-12 -2.9103830457E-11
HessDelSqRho_EigVals = -6.0003183651E+03  1.5063484865E+04  1.0129985833E+07
HessDelSqRho_EigVec1 =  3.6631327595E-01  8.1138868985E-01 -4.5548104005E-01
HessDelSqRho_EigVec2 =  7.4043012604E-01 -5.5064264783E-01 -3.8542950439E-01
HessDelSqRho_EigVec3 =  5.6354042652E-01  1.9606393949E-01  8.0248434209E-01
</CP of DelSqRho>
<CP of DelSqRho>
CP# = 12      
Type = (3,+1)
Coords =  9.17584398086961E-02 -3.22102758973661E-02  1.32205174800534E-01
DistFromNuc =  1.6453370820E-01
Rho =  9.2519079054E+01
DelSqRho = -5.6946261204E+03
GradDelSqRho = -5.8207660913E-11 -2.7284841053E-12  3.6379788071E-11
HessDelSqRho_EigVals = -5.9994067596E+03  1.5063069871E+04  1.0129985320E+07
HessDelSqRho_EigVec1 = -3.6632113078E-01  8.1139072026E-01  4.5547110580E-01
HessDelSqRho_EigVec2 =  7.4043369038E-01  5.5064200211E-01 -3.8542357953E-01
HessDelSqRho_EigVec3 =  5.6353063740E-01 -1.9605735025E-01  8.0249282622E-01
</CP of DelSqRho>
<CP of DelSqRho>
CP# = 13      
Type = (3,-1)
Coords = -8.68544232610437E-04  1.31687516956903E-01  9.85864728749788E-02
DistFromNuc =  1.6446581858E-01
Rho =  9.2431512037E+01
DelSqRho = -5.6181011982E+03
GradDelSqRho = -2.2737367544E-13  2.9103830457E-11  4.3655745685E-11
HessDelSqRho_EigVals = -3.5697476605E+04 -1.1803879488E+04  1.0156117497E+07
HessDelSqRho_EigVec1 =  9.9999994549E-01  9.9977020183E-05  3.1469227179E-04
HessDelSqRho_EigVec2 = -1.9237593948E-04 -5.9818646783E-01  8.0135691966E-01
HessDelSqRho_EigVec3 = -2.6836193545E-04  8.0135693652E-01  5.9818641599E-01
</CP of DelSqRho>
<CP of DelSqRho>
CP# = 14      
Type = (3,-1)
Coords = -8.69865035270097E-04 -1.31687754038525E-01  9.85862274991285E-02
DistFromNuc =  1.6446581842E-01
Rho =  9.2431512380E+01
DelSqRho = -5.6181015447E+03
GradDelSqRho = -2.2737367544E-13  2.9103830457E-11 -2.9103830457E-11
HessDelSqRho_EigVals = -3.5697279243E+04 -1.1803818799E+04  1.0156117582E+07
HessDelSqRho_EigVec1 =  9.9999994187E-01 -1.0202330660E-04  3.2533320741E-04
HessDelSqRho_EigVec2 = -1.9967958002E-04  5.9818497900E-01  8.0135802924E-01
HessDelSqRho_EigVec3 =  2.7636663375E-04  8.0135804762E-01 -5.9818492386E-01
</CP of DelSqRho>
<CP of DelSqRho>
CP# = 15      
Type = (3,-1)
Coords = -8.02167140926010E-04  1.31687777691136E-01 -9.84653863234536E-02
DistFromNuc =  1.6446580722E-01
Rho =  9.2431537708E+01
DelSqRho = -5.6181080499E+03
GradDelSqRho = -5.6843418861E-14 -5.8207660913E-11  2.9103830457E-11
HessDelSqRho_EigVals = -3.5696958418E+04 -1.1802542338E+04  1.0156123969E+07
HessDelSqRho_EigVec1 =  9.9999998711E-01 -5.7634665263E-05  1.4986838724E-04
HessDelSqRho_EigVec2 = -8.5622162303E-05  5.9818430798E-01  8.0135855044E-01
HessDelSqRho_EigVec3 =  1.3583494932E-04  8.0135855294E-01 -5.9818429533E-01
</CP of DelSqRho>
<CP of DelSqRho>
CP# = 16      
Type = (3,+3)
Coords =  7.67807644376873E-02 -2.13460715401953E-06  1.45171007975884E-01
DistFromNuc =  1.6455900796E-01
Rho =  9.2494642706E+01
DelSqRho = -5.6960726079E+03
GradDelSqRho = -2.9103830457E-11 -1.9984014443E-15 -7.2759576142E-11
HessDelSqRho_EigVals =  5.5766489216E+03  6.8603857185E+03  1.0119838507E+07
HessDelSqRho_EigVec1 = -3.4980198432E-04  9.9999991840E-01  2.0207621806E-04
HessDelSqRho_EigVec2 =  8.8136462980E-01  4.0377130623E-04 -4.7243647859E-01
HessDelSqRho_EigVec3 =  4.7243652163E-01 -1.2843613447E-05  8.8136469913E-01
</CP of DelSqRho>
<CP of DelSqRho>
CP# = 17      
Type = (3,+3)
Coords = -7.86441704240495E-02  2.35793783133300E-06  1.45055733154757E-01
DistFromNuc =  1.6455870573E-01
Rho =  9.2495114422E+01
DelSqRho = -5.6961243216E+03
GradDelSqRho =  0.0000000000E+00  1.6209256160E-14  9.0949470177E-11
HessDelSqRho_EigVals =  5.5574200526E+03  6.8714545181E+03  1.0119968446E+07
HessDelSqRho_EigVec1 = -5.1497063149E-04  9.9999982432E-01 -2.9352724693E-04
HessDelSqRho_EigVec2 =  8.8066252725E-01  5.9257214717E-04  4.7374377248E-01
HessDelSqRho_EigVec3 = -4.7374386319E-01  1.4534317422E-05  8.8066267769E-01
</CP of DelSqRho>
<CP of DelSqRho>
CP# = 18      
Type = (3,+3)
Coords =  7.68679966566720E-02  1.71878072198632E-06 -1.45003458166005E-01
DistFromNuc =  1.6455888646E-01
Rho =  9.2494804861E+01
DelSqRho = -5.6961286762E+03
GradDelSqRho = -5.8207660913E-11 -2.2828960944E-15  5.8207660913E-11
HessDelSqRho_EigVals =  5.5905157293E+03  6.8793864657E+03  1.0119890020E+07
HessDelSqRho_EigVec1 =  3.5018235564E-04  9.9999991867E-01  2.0005801011E-04
HessDelSqRho_EigVec2 =  8.8107976398E-01 -4.0315956348E-04  4.7296753268E-01
HessDelSqRho_EigVec3 = -4.7296757487E-01 -1.0642179601E-05  8.8107983351E-01
</CP of DelSqRho>
<CP of DelSqRho>
CP# = 19      
Type = (3,+3)
Coords = -7.85629886939289E-02 -2.02071203854458E-06 -1.44978658594710E-01
DistFromNuc =  1.6455880313E-01
Rho =  9.2494998834E+01
DelSqRho = -5.6960735415E+03
GradDelSqRho =  2.9103830457E-11  2.8865798640E-15 -7.2759576142E-11
HessDelSqRho_EigVals =  5.5402000524E+03  6.8537021593E+03  1.0119929069E+07
HessDelSqRho_EigVec1 =  5.1018682395E-04  9.9999982842E-01 -2.8787537418E-04
HessDelSqRho_EigVec2 =  8.8092818623E-01 -5.8567496078E-04 -4.7324960400E-01
HessDelSqRho_EigVec3 =  4.7324969140E-01  1.2151818832E-05  8.8092833388E-01
</CP of DelSqRho>
<CP of DelSqRho>
CP# = 20      
Type = (3,-3)
Coords =  2.92630507614740E-01 -6.78144971261205E-07  1.12595803033586E-04
DistFromNuc =  2.9345495304E-01
Rho =  2.1435599133E+01
DelSqRho =  1.6851786509E+03
GradDelSqRho = -9.0949470177E-12 -2.7755575616E-17 -1.0214051827E-14
HessDelSqRho_EigVals = -4.8010044212E+05 -1.3886198086E+04 -5.5324915377E+03
HessDelSqRho_EigVec1 =  9.9999998422E-01 -2.2191932917E-06  1.7763287254E-04
HessDelSqRho_EigVec2 =  2.2186534946E-06  9.9999999999E-01  3.0390330569E-06
HessDelSqRho_EigVec3 = -1.7763287928E-04 -3.0386389031E-06  9.9999998422E-01
</CP of DelSqRho>
<CP of DelSqRho>
CP# = 21      
Type = (3,-3)
Coords = -2.94281140010541E-01  6.22807272872806E-07  7.90255102449768E-06
DistFromNuc =  2.9345670393E-01
Rho =  2.1435192161E+01
DelSqRho =  1.6851735282E+03
GradDelSqRho = -1.8189894035E-12  3.4694469520E-17  2.2204460493E-15
HessDelSqRho_EigVals = -4.8009340076E+05 -1.3885058327E+04 -5.5315086561E+03
HessDelSqRho_EigVec1 =  9.9999998410E-01 -2.2137097656E-06  1.7832363207E-04
HessDelSqRho_EigVec2 =  2.2129516758E-06  9.9999999999E-01  4.2513995947E-06
HessDelSqRho_EigVec3 = -1.7832364148E-04 -4.2510049056E-06  9.9999998409E-01
</CP of DelSqRho>
<CP of DelSqRho>
CP# = 22      
Type = (3,-1)
Coords = -8.28114075530901E-04  2.93543126969605E-01  5.99367141875668E-05
DistFromNuc =  2.9354315407E-01
Rho =  2.1469135163E+01
DelSqRho =  1.6558636872E+03
GradDelSqRho =  7.4218409196E-14  2.0463630790E-12  1.3041408231E-12
HessDelSqRho_EigVals = -4.7793303752E+05 -1.2513171813E+04  1.7032396533E+03
HessDelSqRho_EigVec1 = -1.5179014607E-05  9.9999999988E-01 -1.3169565398E-06
HessDelSqRho_EigVec2 =  9.9999991337E-01  1.5179561116E-05  4.1597552511E-04
HessDelSqRho_EigVec3 = -4.1597554506E-04  1.3106423271E-06  9.9999991348E-01
</CP of DelSqRho>
<CP of DelSqRho>
CP# = 23      
Type = (3,-1)
Coords = -8.29405091670749E-04 -2.93543181247147E-01  6.05504615535953E-05
DistFromNuc =  2.9354315421E-01
Rho =  2.1469135126E+01
DelSqRho =  1.6558636859E+03
GradDelSqRho =  4.9960036108E-16  1.6143530956E-11 -1.1275702594E-17
HessDelSqRho_EigVals = -4.7793303655E+05 -1.2513171650E+04  1.7032397156E+03
HessDelSqRho_EigVec1 =  1.9577337996E-05  9.9999999981E-01 -7.6413350432E-07
HessDelSqRho_EigVec2 =  9.9999991309E-01 -1.9577018065E-05  4.1646342187E-04
HessDelSqRho_EigVec3 = -4.1646340683E-04  7.7228668308E-07  9.9999991328E-01
</CP of DelSqRho>
<CP of DelSqRho>
CP# = 24      
Type = (3,-1)
Coords = -3.75511781976028E-04 -3.72680009999943E-07  2.94565475657032E-01
DistFromNuc =  2.9450545460E-01
Rho =  2.1592746592E+01
DelSqRho =  1.5698751576E+03
GradDelSqRho =  0.0000000000E+00  1.7520707107E-16  1.1368683772E-12
HessDelSqRho_EigVals = -4.6399280768E+05 -1.7086599750E+02  5.6532837423E+03
HessDelSqRho_EigVec1 =  1.5243634601E-03 -1.1736284554E-06  9.9999883816E-01
HessDelSqRho_EigVec2 =  9.9999883815E-01 -2.9499146217E-06 -1.5243634636E-03
HessDelSqRho_EigVec3 =  2.9517002307E-06  9.9999999999E-01  1.1691303498E-06
</CP of DelSqRho>
<CP of DelSqRho>
CP# = 25      
Type = (3,-1)
Coords = -1.80282304185173E-03  3.19066774744955E-07 -2.94443430964158E-01
DistFromNuc =  2.9450541934E-01
Rho =  2.1592756852E+01
DelSqRho =  1.5698761890E+03
GradDelSqRho = -6.9277916737E-14 -1.2143064332E-17 -7.5033312896E-12
HessDelSqRho_EigVals = -4.6399332075E+05 -1.7073867980E+02  5.6531072507E+03
HessDelSqRho_EigVec1 =  3.3290078685E-03 -1.1758573977E-06  9.9999445884E-01
HessDelSqRho_EigVec2 =  9.9999445884E-01 -1.6352217804E-06 -3.3290078704E-03
HessDelSqRho_EigVec3 =  1.6391271579E-06  1.0000000000E+00  1.1704072159E-06
</CP of DelSqRho>
<CP of DelSqRho>
CP# = 26      
Type = (3,-3)
Coords = -8.85794447921687E-04  2.57562229925060E-01  1.40918085181387E-01
DistFromNuc =  2.9356297081E-01
Rho =  2.1436284069E+01
DelSqRho =  1.6643127666E+03
GradDelSqRho = -1.1990408666E-14 -8.6401996668E-12 -3.1832314562E-12
HessDelSqRho_EigVals = -4.7779442669E+05 -1.0982116076E+04 -2.6231801273E+03
HessDelSqRho_EigVec1 = -2.1145951207E-04  8.7784309031E-01  4.7894828957E-01
HessDelSqRho_EigVec2 =  9.9999992065E-01  2.3929680318E-05  3.9764833682E-04
HessDelSqRho_EigVec3 = -3.3761176539E-04 -4.7894833565E-01  8.7784302571E-01
</CP of DelSqRho>
<CP of DelSqRho>
CP# = 27      
Type = (3,-3)
Coords = -8.87014822012766E-04 -2.57562638104909E-01  1.40917440310185E-01
DistFromNuc =  2.9356297226E-01
Rho =  2.1436283934E+01
DelSqRho =  1.6643125551E+03
GradDelSqRho =  1.2878587086E-14 -1.7053025658E-12 -1.3642420527E-12
HessDelSqRho_EigVals = -4.7779440823E+05 -1.0982072436E+04 -2.6231583205E+03
HessDelSqRho_EigVec1 =  2.1571120409E-04  8.7784428921E-01 -4.7894609026E-01
HessDelSqRho_EigVec2 =  9.9999992016E-01 -2.8260672333E-05  3.9858915426E-04
HessDelSqRho_EigVec3 = -3.3636387428E-04  4.7894613800E-01  8.7784422522E-01
</CP of DelSqRho>
<CP of DelSqRho>
CP# = 28      
Type = (3,-3)
Coords = -7.71504306178585E-04  2.57562252585830E-01 -1.40797378753946E-01
DistFromNuc =  2.9356299866E-01
Rho =  2.1436277683E+01
DelSqRho =  1.6643126223E+03
GradDelSqRho = -6.2172489379E-15 -2.3874235922E-12 -3.1832314562E-12
HessDelSqRho_EigVals = -4.7779434863E+05 -1.0982045369E+04 -2.6231584186E+03
HessDelSqRho_EigVec1 =  1.7772331587E-04  8.7784309890E-01 -4.7894828753E-01
HessDelSqRho_EigVec2 =  9.9999993513E-01 -5.9681504087E-06  3.6013116485E-04
HessDelSqRho_EigVec3 = -3.1328022234E-04  4.7894832047E-01  8.7784304302E-01
</CP of DelSqRho>
<CP of DelSqRho>
CP# = 29      
Type = (3,-3)
Coords = -7.72563373870657E-04 -2.57561950352553E-01 -1.40798028150674E-01
DistFromNuc =  2.9356299738E-01
Rho =  2.1436277772E+01
DelSqRho =  1.6643128323E+03
GradDelSqRho =  4.4408920985E-16  0.0000000000E+00 -4.5474735089E-12
HessDelSqRho_EigVals = -4.7779436591E+05 -1.0982088636E+04 -2.6231803738E+03
HessDelSqRho_EigVec1 = -1.7420561220E-04  8.7784189084E-01  4.7895050301E-01
HessDelSqRho_EigVec2 =  9.9999993490E-01  1.5796808428E-06  3.6082828968E-04
HessDelSqRho_EigVec3 = -3.1599359914E-04 -4.7895053469E-01  8.7784183397E-01
</CP of DelSqRho>
<CP of DelSqRho>
CP# = 30      
Type = (3,+1)
Coords =  2.01984464773624E-01  2.13575779743231E-01  1.71356361521645E-04
DistFromNuc =  2.9452689138E-01
Rho =  2.1754721437E+01
DelSqRho =  1.5282582695E+03
GradDelSqRho =  2.7284841053E-12  3.6379788071E-12  7.9936057773E-15
HessDelSqRho_EigVals = -4.6336603325E+05  4.8085341611E+03  1.3026947342E+04
HessDelSqRho_EigVec1 =  6.8829798814E-01  7.2542796886E-01  3.7618416462E-04
HessDelSqRho_EigVec2 = -3.1190934995E-04 -2.2262383844E-04  9.9999992658E-01
HessDelSqRho_EigVec3 =  7.2542799934E-01 -6.8829805494E-01  7.3036226094E-05
</CP of DelSqRho>
<CP of DelSqRho>
CP# = 31      
Type = (3,+1)
Coords = -2.03635009689642E-01  2.13574102191306E-01 -4.92532552060712E-05
DistFromNuc =  2.9452681978E-01
Rho =  2.1754763974E+01
DelSqRho =  1.5282679090E+03
GradDelSqRho =  0.0000000000E+00 -2.7284841053E-12 -4.0190073491E-14
HessDelSqRho_EigVals = -4.6336980513E+05  4.8085846915E+03  1.3026299096E+04
HessDelSqRho_EigVec1 = -6.8829835429E-01  7.2542762395E-01 -3.7133067421E-04
HessDelSqRho_EigVec2 = -3.1391894248E-04  2.1402652834E-04  9.9999992782E-01
HessDelSqRho_EigVec3 =  7.2542765107E-01  6.8829842118E-01  8.0411365333E-05
</CP of DelSqRho>
<CP of DelSqRho>
CP# = 32      
Type = (3,+1)
Coords =  2.01983520893473E-01 -2.13576730496287E-01  1.70415329906354E-04
DistFromNuc =  2.9452689125E-01
Rho =  2.1754721398E+01
DelSqRho =  1.5282582809E+03
GradDelSqRho =  9.0949470177E-13 -3.6379788071E-12  7.5495165675E-15
HessDelSqRho_EigVals = -4.6336603447E+05  4.8085324446E+03  1.3026946765E+04
HessDelSqRho_EigVec1 = -6.8829478323E-01  7.2543101142E-01 -3.7288774895E-04
HessDelSqRho_EigVec2 = -3.1355392944E-04  2.1651981444E-04  9.9999992740E-01
HessDelSqRho_EigVec3 =  7.2543103949E-01  6.8829485018E-01  7.8432285423E-05
</CP of DelSqRho>
<CP of DelSqRho>
CP# = 33      
Type = (3,+1)
Coords = -2.03635952037136E-01 -2.13573260670027E-01 -5.06846459415804E-05
DistFromNuc =  2.9452681973E-01
Rho =  2.1754764057E+01
DelSqRho =  1.5282678993E+03
GradDelSqRho =  4.5474735089E-12  2.7284841053E-12  1.0880185641E-14
HessDelSqRho_EigVals = -4.6336980515E+05  4.8085864085E+03  1.3026299498E+04
HessDelSqRho_EigVec1 =  6.8830155602E-01  7.2542458363E-01  3.7608101095E-04
HessDelSqRho_EigVec2 = -3.1207555294E-04 -2.2232344794E-04  9.9999992659E-01
HessDelSqRho_EigVec3 =  7.2542461399E-01 -6.8830162286E-01  7.3361702891E-05
</CP of DelSqRho>
<CP of DelSqRho>
CP# = 34      
Type = (3,-1)
Coords =  1.70627545684436E-01  1.04310029070280E-01  2.15300171603615E-01
DistFromNuc =  2.9428650425E-01
Rho =  2.1599293211E+01
DelSqRho =  1.5840274261E+03
GradDelSqRho = -5.0022208598E-12 -2.5011104299E-12  3.1832314562E-12
HessDelSqRho_EigVals = -4.6723859328E+05 -3.2774273691E+03  6.5792658156E+03
HessDelSqRho_EigVec1 =  5.8301165554E-01  3.5498192371E-01  7.3081135962E-01
HessDelSqRho_EigVec2 =  3.4487367199E-01  7.0631423004E-01 -6.1820899283E-01
HessDelSqRho_EigVec3 = -7.3563548030E-01  6.1246064550E-01  2.8936550906E-01
</CP of DelSqRho>
<CP of DelSqRho>
CP# = 35      
Type = (3,-1)
Coords = -1.72438471324958E-01  1.04393365614791E-01  2.15129811830487E-01
DistFromNuc =  2.9428595557E-01
Rho =  2.1599293934E+01
DelSqRho =  1.5840509637E+03
GradDelSqRho =  5.9117155615E-12 -3.6379788071E-12 -1.8189894035E-12
HessDelSqRho_EigVals = -4.6724804625E+05 -3.2805321913E+03  6.5832684577E+03
HessDelSqRho_EigVec1 = -5.8355899612E-01  3.5526716758E-01  7.3023567270E-01
HessDelSqRho_EigVec2 =  3.4433486879E-01 -7.0613554804E-01  6.1871325016E-01
HessDelSqRho_EigVec3 =  7.3545387088E-01  6.1250128769E-01  2.8974087801E-01
</CP of DelSqRho>
<CP of DelSqRho>
CP# = 36      
Type = (3,-1)
Coords =  1.70627119771936E-01 -1.04311761656049E-01  2.15299707820297E-01
DistFromNuc =  2.9428651183E-01
Rho =  2.1599289857E+01
DelSqRho =  1.5840276002E+03
GradDelSqRho = -3.6379788071E-12 -1.3642420527E-12  2.7284841053E-12
HessDelSqRho_EigVals = -4.6723856444E+05 -3.2774469554E+03  6.5792490991E+03
HessDelSqRho_EigVec1 =  5.8301019183E-01 -3.5498756370E-01  7.3080978773E-01
HessDelSqRho_EigVec2 =  3.4486924371E-01 -7.0631417667E-01 -6.1821152413E-01
HessDelSqRho_EigVec3 =  7.3563871633E-01  6.1245743807E-01 -2.8936407101E-01
</CP of DelSqRho>
<CP of DelSqRho>
CP# = 37      
Type = (3,-1)
Coords = -1.72439153505516E-01 -1.04393810244989E-01  2.15129060061158E-01
DistFromNuc =  2.9428594250E-01
Rho =  2.1599295569E+01
DelSqRho =  1.5840513738E+03
GradDelSqRho =  2.7284841053E-12  2.7284841053E-12 -2.2737367544E-12
HessDelSqRho_EigVals = -4.6724815926E+05 -3.2805780074E+03  6.5832463383E+03
HessDelSqRho_EigVec1 = -5.8356133782E-01 -3.5526856558E-01  7.3023312121E-01
HessDelSqRho_EigVec2 =  3.4433531914E-01  7.0613233609E-01  6.1871666531E-01
HessDelSqRho_EigVec3 = -7.3545180195E-01  6.1250417977E-01 -2.8974001582E-01
</CP of DelSqRho>
<CP of DelSqRho>
CP# = 38      
Type = (3,-1)
Coords =  1.70788821936602E-01  1.04394344885061E-01 -2.15009527225736E-01
DistFromNuc =  2.9428617808E-01
Rho =  2.1599218915E+01
DelSqRho =  1.5840417178E+03
GradDelSqRho =  5.4569682106E-12  2.2737367544E-12 -6.8212102633E-12
HessDelSqRho_EigVals = -4.6724399088E+05 -3.2804275500E+03  6.5838667972E+03
HessDelSqRho_EigVec1 = -5.8355992730E-01 -3.5526849839E-01  7.3023428111E-01
HessDelSqRho_EigVec2 =  3.4431412612E-01  7.0615103799E-01  6.1870711496E-01
HessDelSqRho_EigVec3 = -7.3546284325E-01  6.1248265739E-01 -2.8975748583E-01
</CP of DelSqRho>
<CP of DelSqRho>
CP# = 39      
Type = (3,-1)
Coords = -1.72276966386623E-01  1.04309667049748E-01 -2.15178885289396E-01
DistFromNuc =  2.9428628056E-01
Rho =  2.1599366350E+01
DelSqRho =  1.5840382592E+03
GradDelSqRho = -1.3642420527E-12  8.1854523160E-12  5.0022208598E-12
HessDelSqRho_EigVals = -4.6724305788E+05 -3.2775510505E+03  6.5785354777E+03
HessDelSqRho_EigVec1 =  5.8300986173E-01 -3.5498243742E-01  7.3081254112E-01
HessDelSqRho_EigVec2 =  3.4489280252E-01 -7.0629913124E-01 -6.1821557081E-01
HessDelSqRho_EigVec3 =  7.3562793306E-01  6.1247775987E-01 -2.8934847116E-01
</CP of DelSqRho>
<CP of DelSqRho>
CP# = 40      
Type = (3,-1)
Coords =  1.70788314308817E-01 -1.04394246316149E-01 -2.15009996116841E-01
DistFromNuc =  2.9428617056E-01
Rho =  2.1599222308E+01
DelSqRho =  1.5840415249E+03
GradDelSqRho = -4.5474735089E-13  3.6379788071E-12 -3.1832314562E-12
HessDelSqRho_EigVals = -4.6724401783E+05 -3.2804049980E+03  6.5838851904E+03
HessDelSqRho_EigVec1 = -5.8355821437E-01  3.5526804659E-01  7.3023586978E-01
HessDelSqRho_EigVec2 =  3.4431236212E-01 -7.0615409844E-01  6.1870460363E-01
HessDelSqRho_EigVec3 =  7.3546502822E-01  6.1247939094E-01  2.8975884445E-01
</CP of DelSqRho>
<CP of DelSqRho>
CP# = 41      
Type = (3,-1)
Coords = -1.72277218247640E-01 -1.04307808914522E-01 -2.15179628845429E-01
DistFromNuc =  2.9428629333E-01
Rho =  2.1599364735E+01
DelSqRho =  1.5840378705E+03
GradDelSqRho =  4.5474735089E-13 -1.3642420527E-12 -1.3642420527E-12
HessDelSqRho_EigVals = -4.6724294846E+05 -3.2775083885E+03  6.5785558419E+03
HessDelSqRho_EigVec1 =  5.8301069983E-01  3.5497586556E-01  7.3081506467E-01
HessDelSqRho_EigVec2 =  3.4489852306E-01  7.0629933735E-01 -6.1821214389E-01
HessDelSqRho_EigVec3 = -7.3562458678E-01  6.1248133109E-01  2.8934941920E-01
</CP of DelSqRho>
<CP of DelSqRho>
CP# = 42      
Type = (3,-1)
Coords =  6.71573240357972E-01 -1.51819560226076E-06  2.08174217241859E-04
DistFromNuc =  6.7239769738E-01
Rho =  2.3171737620E+00
DelSqRho = -9.4983622148E+00
GradDelSqRho = -4.2632564146E-14  5.1862810921E-16  0.0000000000E+00
HessDelSqRho_EigVals = -4.2465879168E+02 -1.4974427757E+02  2.8416221340E+03
HessDelSqRho_EigVec1 =  2.2193403132E-06  9.9999999999E-01  3.6275228345E-06
HessDelSqRho_EigVec2 = -2.2130004905E-04 -3.6270316056E-06  9.9999997551E-01
HessDelSqRho_EigVec3 =  9.9999997551E-01 -2.2201430299E-06  2.2130004100E-04
</CP of DelSqRho>
<CP of DelSqRho>
CP# = 43      
Type = (3,-1)
Coords = -6.73240861532782E-01  1.47121334474836E-06 -8.73480456695408E-05
DistFromNuc =  6.7241643699E-01
Rho =  2.3168175389E+00
DelSqRho = -9.4900256958E+00
GradDelSqRho = -1.7053025658E-13  1.6734660532E-16 -8.3266726847E-17
HessDelSqRho_EigVals = -4.2470315704E+02 -1.4980189002E+02  2.8407152305E+03
HessDelSqRho_EigVec1 =  2.2280630901E-06  9.9999999999E-01  3.4809534335E-06
HessDelSqRho_EigVec2 = -2.2102913329E-04 -3.4804608816E-06  9.9999997557E-01
HessDelSqRho_EigVec3 =  9.9999997557E-01 -2.2288324278E-06  2.2102912553E-04
</CP of DelSqRho>
<CP of DelSqRho>
CP# = 44      
Type = (3,+1)
Coords = -8.00982730236981E-04  6.61506757316845E-01  6.36967894877968E-05
DistFromNuc =  6.6150678482E-01
Rho =  2.4614289411E+00
DelSqRho = -1.5543126700E+01
GradDelSqRho = -2.7755575616E-16 -2.2026824809E-13  4.3368086899E-19
HessDelSqRho_EigVals = -4.0931245703E+02  7.5429178824E+01  3.4127980187E+03
HessDelSqRho_EigVec1 =  9.9999991907E-01 -3.3109936697E-05  4.0095109473E-04
HessDelSqRho_EigVec2 = -4.0095126253E-04 -5.0615655823E-06  9.9999991961E-01
HessDelSqRho_EigVec3 =  3.3107904595E-05  9.9999999944E-01  5.0748406436E-06
</CP of DelSqRho>
<CP of DelSqRho>
CP# = 45      
Type = (3,+1)
Coords = -8.03892564954245E-04 -6.61506813150753E-01  6.46944852223942E-05
DistFromNuc =  6.6150678641E-01
Rho =  2.4614289127E+00
DelSqRho = -1.5543125790E+01
GradDelSqRho =  9.7144514655E-17  2.0605739337E-13 -5.8546917314E-18
HessDelSqRho_EigVals = -4.0931247206E+02  7.5429169612E+01  3.4127979243E+03
HessDelSqRho_EigVec1 =  9.9999992036E-01  2.8707950369E-05  3.9807489356E-04
HessDelSqRho_EigVec2 = -3.9807508088E-04  6.5194869245E-06  9.9999992075E-01
HessDelSqRho_EigVec3 = -2.8705352850E-05  9.9999999957E-01 -6.5309143250E-06
</CP of DelSqRho>
<CP of DelSqRho>
CP# = 46      
Type = (3,+1)
Coords =  1.75193091239555E-04 -8.49109239047256E-07  6.47980734835879E-01
DistFromNuc =  6.4792114275E-01
Rho =  2.7649385362E+00
DelSqRho = -2.6210388547E+01
GradDelSqRho = -5.5511151231E-16 -1.2576745201E-17 -1.4210854715E-13
HessDelSqRho_EigVals = -2.1375338060E+01  1.9733375184E+02  4.1701853829E+03
HessDelSqRho_EigVec1 =  9.9999879613E-01  3.7097971508E-07 -1.5516911169E-03
HessDelSqRho_EigVec2 = -3.6902252506E-07  1.0000000000E+00  1.2616133808E-06
HessDelSqRho_EigVec3 =  1.5516911173E-03 -1.2610392530E-06  9.9999879613E-01
</CP of DelSqRho>
<CP of DelSqRho>
CP# = 47      
Type = (3,+1)
Coords = -9.52610705734535E-04  7.94671887810002E-07 -6.47860347728136E-01
DistFromNuc =  6.4792072363E-01
Rho =  2.7649444932E+00
DelSqRho = -2.6210625900E+01
GradDelSqRho = -3.0531133177E-16 -3.2119489360E-17 -4.4053649617E-13
HessDelSqRho_EigVals = -2.1373930641E+01  1.9733977000E+02  4.1702159029E+03
HessDelSqRho_EigVec1 =  9.9999998002E-01 -4.9889416827E-06 -1.9983415301E-04
HessDelSqRho_EigVec2 =  4.9891934503E-06  9.9999999999E-01  1.2593845094E-06
HessDelSqRho_EigVec3 =  1.9983414672E-04 -1.2603814955E-06  9.9999998003E-01
</CP of DelSqRho>
<CP of DelSqRho>
CP# = 48      
Type = (3,-1)
Coords = -9.40310095286629E-04  5.51219700565417E-01  3.74968969162244E-01
DistFromNuc =  6.6663308077E-01
Rho =  2.3908105648E+00
DelSqRho = -1.2947480072E+01
GradDelSqRho = -5.5511151231E-16 -1.2789769244E-13 -9.9475983006E-14
HessDelSqRho_EigVals = -3.2458491108E+02 -1.0119335140E+02  3.1328173868E+03
HessDelSqRho_EigVec1 =  9.9999996400E-01  3.2945510600E-05  2.6629703414E-04
HessDelSqRho_EigVec2 = -2.0211144554E-04 -5.6030135826E-01  8.2828880657E-01
HessDelSqRho_EigVec3 = -1.7649498759E-04  8.2828883057E-01  5.6030133143E-01
</CP of DelSqRho>
<CP of DelSqRho>
CP# = 49      
Type = (3,-1)
Coords = -9.41580143518515E-04 -5.51220482711107E-01  3.74967779519083E-01
DistFromNuc =  6.6663301391E-01
Rho =  2.3908112817E+00
DelSqRho = -1.2947522063E+01
GradDelSqRho =  4.4408920985E-16  0.0000000000E+00 -2.1316282073E-14
HessDelSqRho_EigVals = -3.2458341927E+02 -1.0119283308E+02  3.1328209791E+03
HessDelSqRho_EigVec1 =  9.9999996483E-01 -3.7654710506E-05  2.6252755874E-04
HessDelSqRho_EigVec2 = -1.9635103428E-04  5.6029962010E-01  8.2828998374E-01
HessDelSqRho_EigVec3 =  1.7828311098E-04  8.2829000616E-01 -5.6029959300E-01
</CP of DelSqRho>
<CP of DelSqRho>
CP# = 50      
Type = (3,-1)
Coords = -6.56015521164602E-04  5.51221844809092E-01 -3.74845310661320E-01
DistFromNuc =  6.6663321603E-01
Rho =  2.3908067015E+00
DelSqRho = -1.2947419331E+01
GradDelSqRho =  4.1633363423E-16  3.1263880373E-13 -2.3447910280E-13
HessDelSqRho_EigVals = -3.2458278739E+02 -1.0119448997E+02  3.1328107216E+03
HessDelSqRho_EigVec1 =  9.9999993099E-01 -5.3407648967E-05  3.6764861470E-04
HessDelSqRho_EigVec2 = -2.7459620396E-04  5.6029692726E-01  8.2829178307E-01
HessDelSqRho_EigVec3 =  2.5022950592E-04  8.2829182687E-01 -5.6029687393E-01
</CP of DelSqRho>
<CP of DelSqRho>
CP# = 51      
Type = (3,-1)
Coords = -6.59642081500698E-04 -5.51221192744313E-01 -3.74846472074593E-01
DistFromNuc =  6.6663328434E-01
Rho =  2.3908059590E+00
DelSqRho = -1.2947376536E+01
GradDelSqRho =  1.9428902931E-16 -2.5579538487E-13 -3.3395508581E-13
HessDelSqRho_EigVals = -3.2458431669E+02 -1.0119499182E+02  3.1328070510E+03
HessDelSqRho_EigVec1 =  9.9999993269E-01  4.9435618336E-05  3.6356607583E-04
HessDelSqRho_EigVec2 = -2.7343968659E-04 -5.6029862046E-01  8.2829063809E-01
HessDelSqRho_EigVec3 = -2.4465263059E-04  8.2829068175E-01  5.6029856923E-01
</CP of DelSqRho>
<CP of DelSqRho>
CP# = 52      
Type = (3,+3)
Coords =  4.31447406629393E-01  4.61431014393393E-01  2.71216406000314E-04
DistFromNuc =  6.3227968538E-01
Rho =  3.0626048647E+00
DelSqRho = -3.8338256595E+01
GradDelSqRho =  5.7909232964E-13  6.1817218011E-13  4.1633363423E-16
HessDelSqRho_EigVals =  2.3380753580E+02  5.6085614594E+02  5.3047841607E+03
HessDelSqRho_EigVec1 = -3.1924465005E-04 -1.5736178858E-04  9.9999993666E-01
HessDelSqRho_EigVec2 =  7.2976352294E-01 -6.8369963058E-01  1.2538491173E-04
HessDelSqRho_EigVec3 =  6.8369956755E-01  7.2976351675E-01  3.3310434251E-04
</CP of DelSqRho>
<CP of DelSqRho>
CP# = 53      
Type = (3,+3)
Coords = -4.33062501259297E-01  4.61460104782475E-01 -1.45029668965246E-04
DistFromNuc =  6.3227781585E-01
Rho =  3.0626172973E+00
DelSqRho = -3.8340418482E+01
GradDelSqRho = -4.0323300254E-13  4.2632564146E-13  2.7755575616E-17
HessDelSqRho_EigVals =  2.3381155584E+02  5.6096091260E+02  5.3050075010E+03
HessDelSqRho_EigVec1 = -3.1864561197E-04  1.4644123983E-04  9.9999993851E-01
HessDelSqRho_EigVec2 =  7.2981385310E-01  6.8364590417E-01  1.3243803618E-04
HessDelSqRho_EigVec3 = -6.8364584274E-01  7.2981385042E-01 -3.2471561299E-04
</CP of DelSqRho>
<CP of DelSqRho>
CP# = 54      
Type = (3,+3)
Coords =  4.31445373017800E-01 -4.61432978722242E-01  2.67431779759820E-04
DistFromNuc =  6.3227968784E-01
Rho =  3.0626048097E+00
DelSqRho = -3.8338254922E+01
GradDelSqRho = -3.0198066270E-14  1.0658141036E-13 -2.7755575616E-17
HessDelSqRho_EigVals =  2.3380745446E+02  5.6085613747E+02  5.3047839852E+03
HessDelSqRho_EigVec1 = -3.1970469036E-04  1.4868932679E-04  9.9999993784E-01
HessDelSqRho_EigVec2 =  7.2976653637E-01  6.8369641294E-01  1.3165143336E-04
HessDelSqRho_EigVec3 = -6.8369635086E-01  7.2976653310E-01 -3.2708944500E-04
</CP of DelSqRho>
<CP of DelSqRho>
CP# = 55      
Type = (3,+3)
Coords = -4.33064544068700E-01 -4.61458239778295E-01 -1.45955897194738E-04
DistFromNuc =  6.3227781199E-01
Rho =  3.0626173908E+00
DelSqRho = -3.8340421485E+01
GradDelSqRho =  1.3145040612E-13  1.4210854715E-13 -4.1633363423E-16
HessDelSqRho_EigVals =  2.3381164258E+02  5.6096096723E+02  5.3050078004E+03
HessDelSqRho_EigVec1 = -3.1455704683E-04 -1.5219938786E-04  9.9999993894E-01
HessDelSqRho_EigVec2 =  7.2981082574E-01 -6.8364913726E-01  1.2551616556E-04
HessDelSqRho_EigVec3 =  6.8364907642E-01  7.2981082067E-01  3.2612341461E-04
</CP of DelSqRho>
<CP of DelSqRho>
CP# = 56      
Type = (3,+1)
Coords =  3.65682337502589E-01  1.94661501341301E-01  4.98548493274231E-01
DistFromNuc =  6.4862218970E-01
Rho =  2.7379945390E+00
DelSqRho = -2.5040700832E+01
GradDelSqRho = -2.7888802379E-12 -1.8332002583E-12 -2.9842794902E-12
HessDelSqRho_EigVals = -1.0907230965E+02  2.1361200072E+02  4.1372921009E+03
HessDelSqRho_EigVec1 =  3.6422969353E-01  7.4310127986E-01 -5.6137083842E-01
HessDelSqRho_EigVec2 =  7.3867127479E-01 -5.9761203474E-01 -3.1180860113E-01
HessDelSqRho_EigVec3 =  5.6718733956E-01  3.0109856161E-01  7.6657561795E-01
</CP of DelSqRho>
<CP of DelSqRho>
CP# = 57      
Type = (3,+1)
Coords = -3.67696090381124E-01  1.94935345185292E-01  4.98164259229854E-01
DistFromNuc =  6.4861552392E-01
Rho =  2.7379953855E+00
DelSqRho = -2.5044564780E+01
GradDelSqRho =  2.3447910280E-12 -1.3358203432E-12 -3.0411229091E-12
HessDelSqRho_EigVals = -1.0922553315E+02  2.1396003947E+02  4.1378246048E+03
HessDelSqRho_EigVec1 = -3.6358701945E-01  7.4297421025E-01 -5.6195533825E-01
HessDelSqRho_EigVec2 =  7.3855362758E-01  5.9755552986E-01  3.1219533614E-01
HessDelSqRho_EigVec3 = -5.6775260322E-01  3.0152398185E-01  7.6598973225E-01
</CP of DelSqRho>
<CP of DelSqRho>
CP# = 58      
Type = (3,+1)
Coords =  3.65683072791199E-01 -1.94666527803889E-01  4.98546169284499E-01
DistFromNuc =  6.4862231140E-01
Rho =  2.7379916532E+00
DelSqRho = -2.5040610592E+01
GradDelSqRho = -2.6183499813E-12  1.6910917111E-12 -2.8563817978E-12
HessDelSqRho_EigVals = -1.0907505641E+02  2.1361146815E+02  4.1372842599E+03
HessDelSqRho_EigVec1 = -3.6422217283E-01  7.4310123887E-01  5.6137577219E-01
HessDelSqRho_EigVec2 =  7.3867425959E-01  5.9760825537E-01 -3.1180877365E-01
HessDelSqRho_EigVec3 =  5.6718828182E-01 -3.0110616383E-01  7.6657193470E-01
</CP of DelSqRho>
<CP of DelSqRho>
CP# = 59      
Type = (3,+1)
Coords = -3.67696331522792E-01 -1.94935798172771E-01  4.98163904647895E-01
DistFromNuc =  6.4861550788E-01
Rho =  2.7379955149E+00
DelSqRho = -2.5044568925E+01
GradDelSqRho =  2.3376856007E-12  1.3287149159E-12 -2.9203306440E-12
HessDelSqRho_EigVals = -1.0922559007E+02  2.1395944362E+02  4.1378261587E+03
HessDelSqRho_EigVec1 =  3.6358933479E-01  7.4297160041E-01  5.6195729074E-01
HessDelSqRho_EigVec2 =  7.3855211398E-01 -5.9755846673E-01  3.1219329553E-01
HessDelSqRho_EigVec3 = -5.6775308943E-01 -3.0152459240E-01  7.6598913153E-01
</CP of DelSqRho>
<CP of DelSqRho>
CP# = 60      
Type = (3,+1)
Coords =  3.66078010044562E-01  1.94874082609024E-01 -4.98049368331716E-01
DistFromNuc =  6.4861901892E-01
Rho =  2.7379532008E+00
DelSqRho = -2.5042120288E+01
GradDelSqRho = -2.2772894681E-12 -1.2576606423E-12  2.9913849176E-12
HessDelSqRho_EigVals = -1.0919846971E+02  2.1384309514E+02  4.1375505613E+03
HessDelSqRho_EigVec1 =  3.6365569679E-01  7.4296315130E-01  5.6192551997E-01
HessDelSqRho_EigVec2 =  7.3848517512E-01 -5.9761828162E-01  3.1223714642E-01
HessDelSqRho_EigVec3 = -5.6779765790E-01 -3.0142684897E-01  7.6599456551E-01
</CP of DelSqRho>
<CP of DelSqRho>
CP# = 61      
Type = (3,+1)
Coords = -3.67305215723095E-01  1.94736834679338E-01 -4.98412720287190E-01
DistFromNuc =  6.4861854639E-01
Rho =  2.7380338960E+00
DelSqRho = -2.5043097755E+01
GradDelSqRho =  2.5259794256E-12 -1.9610979507E-12  2.7498003874E-12
HessDelSqRho_EigVals = -1.0910933061E+02  2.1373440405E+02  4.1375790934E+03
HessDelSqRho_EigVec1 = -3.6415285405E-01  7.4309884617E-01  5.6142390732E-01
HessDelSqRho_EigVec2 =  7.3873810080E-01  5.9755524326E-01 -3.1175912124E-01
HessDelSqRho_EigVec3 =  5.6714964278E-01 -3.0121725726E-01  7.6655687761E-01
</CP of DelSqRho>
<CP of DelSqRho>
CP# = 62      
Type = (3,+1)
Coords =  3.66075494537362E-01 -1.94872378511853E-01 -4.98051744561068E-01
DistFromNuc =  6.4861889257E-01
Rho =  2.7379561851E+00
DelSqRho = -2.5042214662E+01
GradDelSqRho = -2.1707080577E-12  1.2079226508E-12  2.7711166695E-12
HessDelSqRho_EigVals = -1.0919557514E+02  2.1384368335E+02  4.1375587047E+03
HessDelSqRho_EigVec1 = -3.6365679577E-01  7.4296638136E-01 -5.6192053803E-01
HessDelSqRho_EigVec2 =  7.3848747143E-01  5.9761559195E-01  3.1223686329E-01
HessDelSqRho_EigVec3 = -5.6779396741E-01  3.0142422005E-01  7.6599833560E-01
</CP of DelSqRho>
<CP of DelSqRho>
CP# = 63      
Type = (3,+1)
