 AIMInt (Version 19.02.13, Professional)
 Portions Copyright (c) 1997-2019 by Todd A. Keith
 AIMInt is a component of the AIMAll package ( http://aim.tkgristmill.com )

 TP:  64-bit Linux

 Licensed To:  Research Group of Fernando Cortes Guzman, UNAM, fercor@unam.mx

 AIMInt is a heavily modified and extended version of the PROAIMV program
 developed by members of R.F.W. Bader's research group

 Much of the Quantum Theory of Atoms in Molecules (QTAIM) is described in the book:
   "Atoms in Molecules - A Quantum Theory"
   R.F.W. Bader, Oxford University Press, Oxford, 1990

 For additional references see:  http://aim.tkgristmill.com/references.html

 Current Directory:  /home/scratch/M_H2O_4_cuadrado_plano/Opt

 Inp File:  Mn4_cuadrado_plano_cc-pvtz-def2-tzv_5_atomicfiles/o2.inp
 Wfx File:  Mn4_cuadrado_plano_cc-pvtz-def2-tzv_5.wfx
 Out File:  Mn4_cuadrado_plano_cc-pvtz-def2-tzv_5_atomicfiles/o2.int

 Wfx Title:   Mn4_cuadrado_plano_cc-pvtz-def2-tzv_5                                         
 Job Title:   Mn4_cuadrado_plano_cc-pvtz-def2-tzv_5                                         
 
<Atom>
O2      
</Atom>
<Nuclei of Molecule>
    13
Mn1       25.0          -8.2444077252E-04  -2.7075205548E-08   6.0363221374E-05
O2         8.0           3.4584025307E+00  -7.6601552524E-06  -5.9044609246E-05
H3         1.0           4.6113391862E+00  -1.4208010876E-04  -1.5420600078E+00
O4         8.0          -3.4579956583E+00   7.5884710137E-06   2.0499617002E-05
H5         1.0          -4.6111615871E+00  -1.4680348848E-04   1.5420112080E+00
O6         8.0           7.2500156215E-04   3.4581989294E+00  -4.2882217920E-05
H7         1.0           1.5401619406E+00   4.6349545792E+00   5.1582952270E-04
O8         8.0           7.0974256899E-04  -3.4581990004E+00  -4.4635356437E-05
H9         1.0          -1.5374717571E+00  -4.6366589217E+00  -6.9083901389E-04
H10        1.0           1.5401427810E+00  -4.6349594388E+00   5.2768686989E-04
H11        1.0          -4.6112826758E+00   1.6520471885E-04  -1.5418732078E+00
H12        1.0          -1.5374524434E+00   4.6366641684E+00  -6.7454040465E-04
H13        1.0           4.6116026429E+00   1.2511039799E-04   1.5417432906E+00
</Nuclei of Molecule>
<Total Number of CPs of DelSqRho>
    42
</Total Number of CPs of DelSqRho>
<Number of (3,+3) CPs of DelSqRho>
     5
</Number of (3,+3) CPs of DelSqRho>
<Number of (3,+1) CPs of DelSqRho>
    15
</Number of (3,+1) CPs of DelSqRho>
<Number of (3,-1) CPs of DelSqRho>
    16
</Number of (3,-1) CPs of DelSqRho>
<Number of (3,-3) CPs of DelSqRho>
     6
</Number of (3,-3) CPs of DelSqRho>
<Number of Degenerate CPs of DelSqRho>
     0
</Number of Degenerate CPs of DelSqRho>
<CP of DelSqRho>
CP# = 1       
Type = (3,+3)
Coords =  3.45840269886148E+00 -7.66015475003611E-06 -5.90446306960120E-05
DistFromNuc =  1.6815847740E-07
Rho =  2.9719570543E+02
DelSqRho = -3.3278489798E+06
GradDelSqRho =  1.8880537027E-05  6.9715094808E-11  1.1139400513E-10
HessDelSqRho_EigVals =  1.3233953167E+11  1.3233955258E+11  1.3233955656E+11
HessDelSqRho_EigVec1 =  1.3736981853E-06  9.9999999629E-01 -8.6084805236E-05
HessDelSqRho_EigVec2 =  9.9999998814E-01 -1.3869536900E-06 -1.5398206284E-04
HessDelSqRho_EigVec3 =  1.5398218166E-04  8.6084592691E-05  9.9999998444E-01
</CP of DelSqRho>
<CP of DelSqRho>
CP# = 2       
Type = (3,+1)
Coords =  1.99396322094559E+00 -5.29358442196190E-06  1.11762582830729E-03
DistFromNuc =  1.4644397825E+00
Rho =  1.6859834558E-01
DelSqRho =  3.3216245973E-01
GradDelSqRho =  1.3614109839E-13 -1.8963744200E-18 -1.7336474053E-14
HessDelSqRho_EigVals = -2.9164274761E-01  2.4118679430E-02  4.8299258171E+00
HessDelSqRho_EigVec1 =  2.4181797359E-06  9.9999998839E-01 -1.5238308700E-04
HessDelSqRho_EigVec2 = -3.5672423855E-04  1.5238393993E-04  9.9999992476E-01
HessDelSqRho_EigVec3 =  9.9999993637E-01 -2.3638208133E-06  3.5672460290E-04
</CP of DelSqRho>
<CP of DelSqRho>
CP# = 3       
Type = (3,+1)
Coords =  4.15582765086653E+00 -9.17107666358201E-05 -9.52620610067307E-01
DistFromNuc =  1.1805826279E+00
Rho =  3.8205913364E-01
DelSqRho = -7.6578772368E-01
GradDelSqRho =  9.5756735874E-16  2.9137933386E-19  3.1780134080E-15
HessDelSqRho_EigVals = -2.4956831218E+01  1.1986809499E+01  1.2503729822E+01
HessDelSqRho_EigVec1 = -6.0274042857E-01  6.9088646702E-05  7.9793732272E-01
HessDelSqRho_EigVec2 =  7.1401127891E-06  9.9999999668E-01 -8.1190602301E-05
HessDelSqRho_EigVec3 =  7.9793732568E-01  4.3239495944E-05  6.0274042706E-01
</CP of DelSqRho>
<CP of DelSqRho>
CP# = 4       
Type = (3,+1)
Coords =  4.15599243735500E+00  7.54455757074273E-05  9.52382627143913E-01
DistFromNuc =  1.1805832554E+00
Rho =  3.8205891262E-01
DelSqRho = -7.6579012132E-01
GradDelSqRho =  3.4694469520E-16 -3.5236570606E-19 -2.2759572005E-15
HessDelSqRho_EigVals = -2.4956917158E+01  1.1986794387E+01  1.2503813399E+01
HessDelSqRho_EigVec1 =  6.0287752488E-01  6.8210416499E-05  7.9783374543E-01
HessDelSqRho_EigVec2 = -5.2063575505E-06  9.9999999666E-01 -8.1560376069E-05
HessDelSqRho_EigVec3 =  7.9783374833E-01 -4.5017109908E-05 -6.0287752322E-01
</CP of DelSqRho>
<CP of DelSqRho>
CP# = 5       
Type = (3,-1)
Coords =  3.62677033940430E+00 -8.09240653095517E-06 -7.94313086355588E-05
DistFromNuc =  1.6836780994E-01
Rho =  2.2416607657E+01
DelSqRho =  1.2627415368E+03
GradDelSqRho =  4.3655745685E-11 -1.0191500421E-16  4.4408920985E-16
HessDelSqRho_EigVals = -4.1665852272E+05 -1.8974866459E+03  5.4671502130E+02
HessDelSqRho_EigVec1 =  9.9999999266E-01 -2.5812163677E-06 -1.2110002171E-04
HessDelSqRho_EigVec2 =  2.5714796775E-06  9.9999999676E-01 -8.0402138926E-05
HessDelSqRho_EigVec3 =  1.2110022886E-04  8.0401826930E-05  9.9999998944E-01
</CP of DelSqRho>
<CP of DelSqRho>
CP# = 6       
Type = (3,-1)
Coords =  3.29103915388345E+00 -7.51386244911723E-06 -1.42568477669065E-04
DistFromNuc =  1.6736339766E-01
Rho =  2.2639489817E+01
DelSqRho =  1.2850683906E+03
GradDelSqRho = -2.8137492336E-11  4.8518047219E-17  1.4349632593E-14
HessDelSqRho_EigVals = -4.4091873657E+05 -2.7353433327E+03  1.9578035315E+01
HessDelSqRho_EigVec1 =  9.9999987641E-01 -8.6482528387E-07  4.9716904187E-04
HessDelSqRho_EigVec2 =  9.0532729991E-07  9.9999999668E-01 -8.1465062401E-05
HessDelSqRho_EigVec3 = -4.9716896976E-04  8.1465502433E-05  9.9999987309E-01
</CP of DelSqRho>
<CP of DelSqRho>
CP# = 7       
Type = (3,+1)
Coords =  3.48694639469786E+00  1.65725784581590E-01 -7.58948055689446E-05
DistFromNuc =  1.6817350314E-01
Rho =  2.2581392995E+01
DelSqRho =  1.2403943064E+03
GradDelSqRho = -3.4390268411E-12 -8.5833562480E-12 -3.1502578324E-15
HessDelSqRho_EigVals = -4.1694303715E+05  2.2311344113E+03  2.5691307010E+03
HessDelSqRho_EigVec1 =  1.6723198389E-01  9.8591756936E-01 -9.9917287274E-05
HessDelSqRho_EigVec2 =  9.8591756897E-01 -1.6723199278E-01 -8.8302655307E-05
HessDelSqRho_EigVec3 =  1.0376850635E-04  8.3743180737E-05  9.9999999111E-01
</CP of DelSqRho>
<CP of DelSqRho>
CP# = 8       
Type = (3,+1)
Coords =  3.48694590909714E+00 -1.65741184542432E-01 -4.90904185907828E-05
DistFromNuc =  1.6817349867E-01
Rho =  2.2581393983E+01
DelSqRho =  1.2403944060E+03
GradDelSqRho =  1.0231815395E-12 -1.3443468561E-11 -1.4502288259E-15
HessDelSqRho_EigVals = -4.1694314213E+05  2.2311308757E+03  2.5691273900E+03
HessDelSqRho_EigVec1 = -1.6722909614E-01  9.8591806245E-01 -5.9534377006E-05
HessDelSqRho_EigVec2 =  9.8591805794E-01  1.6722908793E-01 -1.2322860016E-04
HessDelSqRho_EigVec3 =  1.1153742314E-04  7.9303424781E-05  9.9999999064E-01
</CP of DelSqRho>
<CP of DelSqRho>
CP# = 9       
Type = (3,-3)
Coords =  3.29603222025155E+00 -4.20439766016658E-06  4.05792777637153E-02
DistFromNuc =  1.6737858577E-01
Rho =  2.2634252213E+01
DelSqRho =  1.2850766271E+03
GradDelSqRho = -2.0264678824E-11 -2.4025920142E-16 -1.1553424883E-11
HessDelSqRho_EigVals = -4.4056474101E+05 -2.7504762846E+03 -3.8402597343E+01
HessDelSqRho_EigVec1 =  9.7025604505E-01 -2.0577766708E-05 -2.4208099186E-01
HessDelSqRho_EigVec2 =  9.2833960036E-07  9.9999999670E-01 -8.1282877187E-05
HessDelSqRho_EigVec3 =  2.4208099274E-01  7.8640469579E-05  9.7025604186E-01
</CP of DelSqRho>
<CP of DelSqRho>
CP# = 10      
Type = (3,-3)
Coords =  3.29600127929356E+00 -1.08141797273347E-05 -4.05732771744706E-02
DistFromNuc =  1.6737852165E-01
Rho =  2.2634275194E+01
DelSqRho =  1.2850764706E+03
GradDelSqRho = -2.8649083106E-11  1.9428902931E-16  9.2796881290E-12
HessDelSqRho_EigVals = -4.4056623110E+05 -2.7504026156E+03 -3.8131451591E+01
HessDelSqRho_EigVec1 =  9.7044036605E-01  1.8793686134E-05  2.4134103586E-01
HessDelSqRho_EigVec2 =  9.1600538548E-07  9.9999999667E-01 -8.1555192645E-05
HessDelSqRho_EigVec3 = -2.4134103659E-01  7.9365520693E-05  9.7044036280E-01
</CP of DelSqRho>
<CP of DelSqRho>
CP# = 11      
Type = (3,-1)
Coords =  4.17498071683988E+00 -8.90290275217946E-06 -1.20768577230389E-04
DistFromNuc =  7.1657818880E-01
Rho =  6.8290281002E-01
DelSqRho = -1.1764169305E+00
GradDelSqRho = -4.8139270348E-13 -7.9766786709E-16 -1.0625181290E-15
HessDelSqRho_EigVals = -1.9086300919E+01 -5.3781071575E+00  1.4395970056E+02
HessDelSqRho_EigVec1 =  8.6298202248E-05  9.4278143411E-05  9.9999999183E-01
HessDelSqRho_EigVec2 =  1.8012494874E-06  9.9999999555E-01 -9.4278299206E-05
HessDelSqRho_EigVec3 =  9.9999999627E-01 -1.8093855204E-06 -8.6298032046E-05
</CP of DelSqRho>
<CP of DelSqRho>
CP# = 12      
Type = (3,+1)
Coords =  2.77582072013874E+00 -6.50438446983730E-06 -6.80347522243104E-06
DistFromNuc =  6.8258181256E-01
Rho =  8.0971553408E-01
DelSqRho = -3.0899440479E+00
GradDelSqRho =  3.8191672047E-14  2.1040298410E-18  1.0408340856E-17
HessDelSqRho_EigVals = -4.6505830506E+00  1.5441010374E+01  2.0956683626E+02
HessDelSqRho_EigVec1 =  1.6357195528E-06  9.9999999607E-01 -8.8596778553E-05
HessDelSqRho_EigVec2 =  7.8256425284E-05  8.8596650277E-05  9.9999999301E-01
HessDelSqRho_EigVec3 =  9.9999999694E-01 -1.6426528086E-06 -7.8256280057E-05
</CP of DelSqRho>
<CP of DelSqRho>
CP# = 13      
Type = (3,+3)
Coords =  3.23247666683152E+00  6.07372435978930E-01 -9.03211191835395E-05
DistFromNuc =  6.4803786782E-01
Rho =  9.0854231562E-01
DelSqRho = -3.8384189263E+00
GradDelSqRho = -1.8829382498E-13  1.0729195310E-12 -2.0296264669E-16
HessDelSqRho_EigVals =  7.8150442919E+00  1.6130356710E+01  2.9077184032E+02
HessDelSqRho_EigVec1 =  9.4708622134E-01  3.2097925865E-01 -6.9721737581E-05
HessDelSqRho_EigVec2 =  4.9791439613E-05  7.0300339715E-05  9.9999999629E-01
HessDelSqRho_EigVec3 = -3.2097926236E-01  9.4708622130E-01 -5.0598463726E-05
</CP of DelSqRho>
<CP of DelSqRho>
CP# = 14      
Type = (3,+3)
Coords =  3.23247561289616E+00 -6.07387237159942E-01  1.08062964036203E-05
DistFromNuc =  6.4803775170E-01
Rho =  9.0854274698E-01
DelSqRho = -3.8384232562E+00
GradDelSqRho = -1.6342482922E-13 -1.0871303857E-12  6.6136332522E-17
HessDelSqRho_EigVals =  7.8150807550E+00  1.6130379649E+01  2.9077230265E+02
HessDelSqRho_EigVec1 =  9.4708561011E-01 -3.2098106606E-01 -4.8500769834E-05
HessDelSqRho_EigVec2 =  8.0140564536E-05  8.5360816738E-05  9.9999999315E-01
HessDelSqRho_EigVec3 =  3.2098105972E-01  9.4708560750E-01 -1.0656760504E-04
</CP of DelSqRho>
<CP of DelSqRho>
CP# = 15      
Type = (3,-1)
Coords =  3.15955203916381E+00  4.67493025300655E-05  6.42770742877066E-01
DistFromNuc =  7.0890179499E-01
Rho =  6.9632652115E-01
DelSqRho = -1.2729145523E+00
GradDelSqRho =  1.1546319456E-14 -2.9273458657E-18 -1.2434497876E-14
HessDelSqRho_EigVals = -1.4123774843E+01 -1.0521004709E+01  1.5191279621E+02
HessDelSqRho_EigVec1 =  9.0373442303E-01  6.5189575590E-05  4.2809355096E-01
HessDelSqRho_EigVec2 = -2.6041138108E-05  9.9999999493E-01 -9.7304204286E-05
HessDelSqRho_EigVec3 = -4.2809355513E-01  7.6789115636E-05  9.0373442015E-01
</CP of DelSqRho>
<CP of DelSqRho>
CP# = 16      
Type = (3,-1)
Coords =  3.15944909125228E+00 -6.10281504492494E-05 -6.42841912843037E-01
DistFromNuc =  7.0890265728E-01
Rho =  6.9632734107E-01
DelSqRho = -1.2729333609E+00
GradDelSqRho =  9.3258734069E-15 -3.0357660830E-18 -7.1054273576E-15
HessDelSqRho_EigVals = -1.4123754000E+01 -1.0520758512E+01  1.5191219567E+02
HessDelSqRho_EigVec1 =  9.0366602221E-01 -6.6737367519E-05 -4.2823791967E-01
HessDelSqRho_EigVec2 =  2.8023302579E-05  9.9999999493E-01 -9.6707131499E-05
HessDelSqRho_EigVec3 =  4.2823792395E-01  7.5390308043E-05  9.0366601950E-01
</CP of DelSqRho>
<CP of DelSqRho>
CP# = 17      
Type = (3,+1)
Coords =  3.70715452761538E+00  4.43105016373883E-01  4.52220669501662E-01
DistFromNuc =  6.8028180915E-01
Rho =  8.0317057389E-01
DelSqRho = -2.7062132446E+00
GradDelSqRho =  4.4408920985E-15 -2.1316282073E-14 -7.1054273576E-15
HessDelSqRho_EigVals = -1.0893959210E+01  1.2543114531E+01  2.0628774583E+02
HessDelSqRho_EigVec1 =  4.9058250881E-01 -6.9445735232E-01  5.2636279111E-01
HessDelSqRho_EigVec2 = -8.0527112573E-01 -1.3049040734E-01  5.7836897190E-01
HessDelSqRho_EigVec3 =  3.3296728987E-01  7.0760245859E-01  6.2324276528E-01
</CP of DelSqRho>
<CP of DelSqRho>
CP# = 18      
Type = (3,+1)
Coords =  3.70715410082963E+00 -4.43043318973999E-01  4.52297252959191E-01
DistFromNuc =  6.8028241090E-01
Rho =  8.0316751884E-01
DelSqRho = -2.7061739194E+00
GradDelSqRho =  3.5527136788E-15 -1.2434497876E-14  0.0000000000E+00
HessDelSqRho_EigVals = -1.0894298572E+01  1.2542763229E+01  2.0628644125E+02
HessDelSqRho_EigVec1 =  4.9058215392E-01  6.9454758641E-01  5.2624405030E-01
HessDelSqRho_EigVec2 = -8.0527163236E-01  1.3058981390E-01  5.7834582961E-01
HessDelSqRho_EigVec3 = -3.3296658747E-01  7.0749554820E-01 -6.2336450084E-01
</CP of DelSqRho>
<CP of DelSqRho>
CP# = 19      
Type = (3,+1)
Coords =  3.70707890054632E+00  4.43027724020175E-01 -4.52457790577210E-01
DistFromNuc =  6.8028296605E-01
Rho =  8.0316537067E-01
DelSqRho = -2.7061394797E+00
GradDelSqRho = -9.7699626167E-15  0.0000000000E+00  2.6645352591E-14
HessDelSqRho_EigVals = -1.0894500353E+01  1.2542383945E+01  2.0628500105E+02
HessDelSqRho_EigVec1 =  4.9049132609E-01 -6.9454873156E-01 -5.2632719721E-01
HessDelSqRho_EigVec2 =  8.0536939546E-01  1.3058674167E-01  5.7821037673E-01
HessDelSqRho_EigVec3 =  3.3286392999E-01  7.0749499107E-01 -6.2341995614E-01
</CP of DelSqRho>
<CP of DelSqRho>
CP# = 20      
Type = (3,+1)
Coords =  3.70707759257700E+00 -4.43120109784982E-01 -4.52382176527134E-01
DistFromNuc =  6.8028240098E-01
Rho =  8.0316835373E-01
DelSqRho = -2.7061792392E+00
GradDelSqRho = -1.7763568394E-15  0.0000000000E+00  5.3290705182E-15
HessDelSqRho_EigVals = -1.0894188390E+01  1.2542759682E+01  2.0628630819E+02
HessDelSqRho_EigVec1 =  4.9049434848E-01  6.9445758027E-01 -5.2644464411E-01
HessDelSqRho_EigVec2 =  8.0536847852E-01 -1.3049172237E-01  5.7823310541E-01
HessDelSqRho_EigVec3 = -3.3286169487E-01  7.0760199237E-01  6.2329969716E-01
</CP of DelSqRho>
<CP of DelSqRho>
CP# = 21      
Type = (3,+3)
Coords =  3.85623028667078E+00  4.82485485001991E-05  5.87761905205150E-01
DistFromNuc =  7.0978897962E-01
Rho =  7.7783904373E-01
DelSqRho = -3.2571449562E+00
GradDelSqRho = -1.9113599592E-12  1.5069244680E-13 -4.1895376057E-12
HessDelSqRho_EigVals =  1.1170568467E+01  2.2654030197E+01  1.5768702356E+02
HessDelSqRho_EigVec1 = -9.1738307264E-06  9.9999999565E-01 -9.2800364414E-05
HessDelSqRho_EigVec2 =  8.3823315299E-01 -4.2915343625E-05 -5.4531200187E-01
HessDelSqRho_EigVec3 =  5.4531200349E-01  8.2790942059E-05  8.3823314895E-01
</CP of DelSqRho>
<CP of DelSqRho>
CP# = 22      
Type = (3,+3)
Coords =  3.85613121297698E+00 -6.39584119614015E-05 -5.87947786338476E-01
DistFromNuc =  7.0978960300E-01
Rho =  7.7783689785E-01
DelSqRho = -3.2571188032E+00
GradDelSqRho = -1.7132961716E-12 -1.4816159367E-13  3.8831160509E-12
HessDelSqRho_EigVals =  1.1170731867E+01  2.2653805876E+01  1.5768591030E+02
HessDelSqRho_EigVec1 =  1.1423807440E-05  9.9999999572E-01 -9.1844721618E-05
HessDelSqRho_EigVec2 =  8.3832407119E-01  4.0494338239E-05  5.4517222052E-01
HessDelSqRho_EigVec3 = -5.4517222191E-01  8.3223583412E-05  8.3832406713E-01
</CP of DelSqRho>
<CP of DelSqRho>
CP# = 23      
Type = (3,+1)
Coords =  2.20020941314527E+00 -3.84432362951617E-06  2.64487715284151E-05
DistFromNuc =  1.2581931205E+00
Rho =  2.4419052703E-01
DelSqRho =  3.7483475746E-01
GradDelSqRho =  6.9388939039E-16 -3.1981846506E-18  2.4286128664E-17
HessDelSqRho_EigVals = -7.5245962655E+00  3.3691030815E-01  9.5807369812E-01
HessDelSqRho_EigVec1 =  9.9999999711E-01 -3.2192461941E-06 -7.5956997836E-05
HessDelSqRho_EigVec2 =  3.2098221086E-06  9.9999999230E-01 -1.2407112260E-04
HessDelSqRho_EigVec3 =  7.5957396666E-05  1.2407087843E-04  9.9999998942E-01
</CP of DelSqRho>
<CP of DelSqRho>
CP# = 24      
Type = (3,-1)
Coords =  3.47072883643596E+00  8.86432820711324E-01  7.87694172236867E-01
DistFromNuc =  1.1859526949E+00
Rho =  2.4094693196E-01
DelSqRho =  7.2666098262E-01
GradDelSqRho =  2.3418766926E-16  7.2164496601E-16  4.4408920985E-16
HessDelSqRho_EigVals = -1.7182535476E+01 -1.1953065314E+00  2.4375125621E-01
HessDelSqRho_EigVec1 = -1.5850726339E-02  7.5383314395E-01  6.5687468025E-01
HessDelSqRho_EigVec2 =  7.4081586252E-01 -4.3236198617E-01  5.1405736135E-01
HessDelSqRho_EigVec3 =  6.7152111829E-01  4.9477136537E-01 -5.5159829921E-01
</CP of DelSqRho>
<CP of DelSqRho>
CP# = 25      
Type = (3,-1)
Coords =  3.47071802580468E+00 -8.86296910521383E-01  7.87862945652355E-01
DistFromNuc =  1.1859516725E+00
Rho =  2.4094678903E-01
DelSqRho =  7.2666413885E-01
GradDelSqRho =  2.7582103268E-16  1.9984014443E-15 -3.3306690739E-16
HessDelSqRho_EigVals = -1.7182522790E+01 -1.1953662928E+00  2.4374488777E-01
HessDelSqRho_EigVec1 =  1.5860921001E-02  7.5370692835E-01 -6.5701925188E-01
HessDelSqRho_EigVec2 =  7.4082199666E-01  4.3245034323E-01  5.1397419187E-01
HessDelSqRho_EigVec3 =  6.7151411039E-01 -4.9488641807E-01 -5.5150361082E-01
</CP of DelSqRho>
<CP of DelSqRho>
CP# = 26      
Type = (3,-1)
Coords =  3.47055209368961E+00  8.86252993242060E-01 -7.88014862502953E-01
DistFromNuc =  1.1859510650E+00
Rho =  2.4094731582E-01
DelSqRho =  7.2666529307E-01
GradDelSqRho =  1.5439038936E-16  1.7208456882E-15 -8.6042284408E-16
HessDelSqRho_EigVals = -1.7182397564E+01 -1.1954344415E+00  2.4372656864E-01
HessDelSqRho_EigVec1 = -1.5999814334E-02  7.5368157964E-01 -6.5704496227E-01
HessDelSqRho_EigVec2 = -7.4074481013E-01  4.3244697759E-01  5.1408825880E-01
HessDelSqRho_EigVec3 =  6.7159595904E-01  4.9492796252E-01  5.5136664726E-01
</CP of DelSqRho>
<CP of DelSqRho>
CP# = 27      
Type = (3,-1)
Coords =  3.47055972167396E+00 -8.86419423399737E-01 -7.87846223887114E-01
DistFromNuc =  1.1859520442E+00
Rho =  2.4094744517E-01
DelSqRho =  7.2666251868E-01
GradDelSqRho =  2.4286128664E-16  8.8817841970E-16  3.3306690739E-16
HessDelSqRho_EigVals = -1.7182422271E+01 -1.1953717683E+00  2.4373208532E-01
HessDelSqRho_EigVec1 =  1.5992283879E-02  7.5380760660E-01  6.5690055494E-01
HessDelSqRho_EigVec2 = -7.4074011855E-01 -4.3235615157E-01  5.1417140621E-01
HessDelSqRho_EigVec3 =  6.7160131300E-01 -4.9481537004E-01  5.5146117357E-01
</CP of DelSqRho>
<CP of DelSqRho>
CP# = 28      
Type = (3,-3)
Coords =  4.52175522312268E+00  4.67316365308397E-01 -1.95701539410244E-04
DistFromNuc =  1.1615122522E+00
Rho =  2.4346597375E-01
DelSqRho =  8.5114111756E-01
GradDelSqRho =  6.9388939039E-18 -2.0816681712E-16  6.2124784483E-17
HessDelSqRho_EigVals = -1.7657904075E+01 -2.3022979605E+00 -1.4998118489E-01
HessDelSqRho_EigVec1 =  9.1565533924E-01  4.0196428452E-01 -1.1701588836E-04
HessDelSqRho_EigVec2 =  8.3201487941E-05  1.0158116593E-04  9.9999999138E-01
HessDelSqRho_EigVec3 = -4.0196429295E-01  9.1565534108E-01 -5.9569310382E-05
</CP of DelSqRho>
<CP of DelSqRho>
CP# = 29      
Type = (3,-3)
Coords =  4.52175416499609E+00 -4.67333960969746E-01 -1.11000890332107E-04
DistFromNuc =  1.1615121921E+00
Rho =  2.4346596228E-01
DelSqRho =  8.5114122666E-01
GradDelSqRho =  4.6768144912E-15 -2.5535129566E-15 -2.0499552576E-16
HessDelSqRho_EigVals = -1.7657906433E+01 -2.3022948753E+00 -1.4998214185E-01
HessDelSqRho_EigVec1 =  9.1565446409E-01 -4.0196629267E-01 -4.4141627189E-05
HessDelSqRho_EigVec2 =  8.5551036694E-05  8.5065744099E-05  9.9999999272E-01
HessDelSqRho_EigVec3 =  4.0196628599E-01  9.1565446120E-01 -1.1227946138E-04
</CP of DelSqRho>
<CP of DelSqRho>
CP# = 30      
Type = (3,-3)
Coords =  3.03117081443180E+00  8.98926154734800E-05  1.07173371398258E+00
DistFromNuc =  1.1538052983E+00
Rho =  2.4476540908E-01
DelSqRho =  7.9611157215E-01
GradDelSqRho = -4.1633363423E-17  5.2007822961E-19 -9.4368957093E-16
HessDelSqRho_EigVals = -1.7055577718E+01 -1.5755626500E+00 -3.4955805179E-01
HessDelSqRho_EigVec1 = -4.0875298447E-01  8.2399086694E-05  9.1264505198E-01
HessDelSqRho_EigVec2 =  9.1264505568E-01  4.2245001793E-05  4.0875298232E-01
HessDelSqRho_EigVec3 = -4.8738194307E-06  9.9999999571E-01 -9.2468889626E-05
</CP of DelSqRho>
<CP of DelSqRho>
CP# = 31      
Type = (3,-3)
Coords =  3.03099165601902E+00 -1.05005767387401E-04 -1.07178390466679E+00
DistFromNuc =  1.1538085807E+00
Rho =  2.4476618789E-01
DelSqRho =  7.9609998813E-01
GradDelSqRho = -1.3877787808E-16 -1.5178830415E-18 -2.2204460493E-15
HessDelSqRho_EigVals = -1.7055223484E+01 -1.5755890925E+00 -3.4952772438E-01
HessDelSqRho_EigVec1 =  4.0890187560E-01  8.2080893872E-05  9.1257835247E-01
HessDelSqRho_EigVec2 =  9.1257835614E-01 -4.3377993060E-05 -4.0890187334E-01
HessDelSqRho_EigVec3 =  6.0227861703E-06  9.9999999569E-01 -9.2642589922E-05
</CP of DelSqRho>
<CP of DelSqRho>
CP# = 32      
Type = (3,-1)
Coords =  4.62033044851079E+00 -7.05637863482530E-06 -1.60232591975226E-04
DistFromNuc =  1.1619279222E+00
Rho =  2.4649831608E-01
DelSqRho =  8.4586454116E-01
GradDelSqRho =  5.4123372450E-15 -2.5262863531E-17  6.0769531768E-17
HessDelSqRho_EigVals = -1.6766160698E+01 -3.4744266176E+00  1.0044650444E-01
HessDelSqRho_EigVec1 =  9.9999999626E-01  4.4555983836E-07 -8.6494149225E-05
HessDelSqRho_EigVec2 =  8.6494109033E-05  8.9428785814E-05  9.9999999226E-01
HessDelSqRho_EigVec3 = -4.5329490165E-07  9.9999999600E-01 -8.9428746941E-05
</CP of DelSqRho>
<CP of DelSqRho>
CP# = 33      
Type = (3,-1)
Coords =  3.89643413996521E+00 -1.13725185352328E-04  2.00844885335161E+00
DistFromNuc =  2.0557178012E+00
Rho =  6.5486746283E-02
DelSqRho =  1.7436108883E-01
GradDelSqRho = -2.9446931005E-16  7.6804712492E-19 -4.4755865680E-16
HessDelSqRho_EigVals = -1.9776335942E+00 -4.3603190756E-03  4.7645287829E-01
HessDelSqRho_EigVec1 = -3.1488618263E-01 -1.8602115314E-04  9.4912942078E-01
HessDelSqRho_EigVec2 = -2.3080931878E-04  9.9999996623E-01  1.1941730924E-04
HessDelSqRho_EigVec3 =  9.4912941094E-01  1.8146505439E-04  3.1488621494E-01
</CP of DelSqRho>
<CP of DelSqRho>
CP# = 34      
Type = (3,-1)
Coords =  3.89609108444190E+00  8.34686621542918E-05 -2.00865068967237E+00
DistFromNuc =  2.0557265565E+00
Rho =  6.5486579230E-02
DelSqRho =  1.7435683748E-01
GradDelSqRho = -2.1727411537E-16 -2.0625252266E-19 -6.0715321659E-17
HessDelSqRho_EigVals = -1.9775627850E+00 -4.3477783502E-03  4.7646333782E-01
HessDelSqRho_EigVec1 =  3.1503155727E-01 -1.7276135168E-04  9.4908118097E-01
HessDelSqRho_EigVec2 =  2.2036907092E-04  9.9999996979E-01  1.0888229263E-04
HessDelSqRho_EigVec3 =  9.4908117111E-01 -1.7484677987E-04 -3.1503158582E-01
</CP of DelSqRho>
<CP of DelSqRho>
CP# = 35      
Type = (3,-1)
Coords =  1.99132687628694E+00  1.38543091600535E-05  1.25803856188020E-01
DistFromNuc =  1.4724647521E+00
Rho =  1.6534465564E-01
DelSqRho =  3.3225357219E-01
GradDelSqRho =  2.3009372185E-14 -6.0325686503E-18 -1.5848433677E-14
HessDelSqRho_EigVals = -3.0421413654E-01 -4.4850116797E-02  4.9273499686E+00
HessDelSqRho_EigVec1 =  3.6093677309E-06  9.9999998792E-01 -1.5536201968E-04
HessDelSqRho_EigVec2 = -3.9248302817E-02  1.5538397302E-04  9.9922947644E-01
HessDelSqRho_EigVec3 =  9.9922948851E-01  2.4911089667E-06  3.9248302904E-02
</CP of DelSqRho>
<CP of DelSqRho>
CP# = 36      
Type = (3,-1)
Coords =  1.99127255880887E+00 -2.47947420175440E-05 -1.26913950730482E-01
DistFromNuc =  1.4726039936E+00
Rho =  1.6528837323E-01
DelSqRho =  3.3226024045E-01
GradDelSqRho =  8.9372953482E-15  2.2412491784E-18  8.7499452128E-15
HessDelSqRho_EigVals = -3.0446231380E-01 -4.6007537545E-02  4.9288489903E+00
HessDelSqRho_EigVec1 =  1.2057452786E-06  9.9999998830E-01 -1.5294221843E-04
HessDelSqRho_EigVec2 =  3.9587558648E-02  1.5277459533E-04  9.9921609368E-01
HessDelSqRho_EigVec3 =  9.9921610535E-01 -7.2594091290E-06 -3.9587558001E-02
</CP of DelSqRho>
<CP of DelSqRho>
CP# = 37      
Type = (3,-1)
Coords =  5.23204060108253E+00  5.10410224407970E-05  9.94123494571200E-01
DistFromNuc =  2.0332709926E+00
Rho =  6.6917093755E-02
DelSqRho =  1.8545816894E-01
GradDelSqRho =  4.8572257327E-17 -3.0625005604E-18 -9.3675067703E-17
HessDelSqRho_EigVals = -2.3525070448E+00 -2.1197020365E-02  4.3560068788E-01
HessDelSqRho_EigVec1 =  9.9327839061E-01 -3.8386977126E-05 -1.1574989106E-01
HessDelSqRho_EigVec2 =  2.6608273886E-05  9.9999999431E-01 -1.0330509459E-04
HessDelSqRho_EigVec3 =  1.1574989437E-01  9.9530813294E-05  9.9327838598E-01
</CP of DelSqRho>
<CP of DelSqRho>
CP# = 38      
Type = (3,-1)
Coords =  5.23187124384310E+00 -7.21538520199282E-05 -9.94545193982191E-01
DistFromNuc =  2.0332717433E+00
Rho =  6.6917044270E-02
DelSqRho =  1.8545813417E-01
GradDelSqRho =  2.7755575616E-16 -4.1922307538E-18  1.2576745201E-16
HessDelSqRho_EigVals = -2.3524938357E+00 -2.1190793788E-02  4.3560929127E-01
HessDelSqRho_EigVec1 =  9.9329831051E-01  3.3556534635E-05  1.1557882686E-01
HessDelSqRho_EigVec2 = -2.2002282346E-05  9.9999999463E-01 -1.0124436189E-04
HessDelSqRho_EigVec3 = -1.1557882964E-01  9.8022855628E-05  9.9329830591E-01
</CP of DelSqRho>
<CP of DelSqRho>
CP# = 39      
Type = (3,+1)
Coords =  4.21873741421348E+00  7.55053618486142E-01  1.73870787272142E+00
DistFromNuc =  2.0424341023E+00
Rho =  6.5169408487E-02
DelSqRho =  1.7344724638E-01
GradDelSqRho = -4.1078251911E-15 -1.0631686503E-14 -1.3669620991E-14
HessDelSqRho_EigVals = -1.7701352302E+00  8.8492292775E-03  5.3384134102E-01
HessDelSqRho_EigVec1 =  3.2109630240E-02  7.0497918614E-01  7.0850075424E-01
HessDelSqRho_EigVec2 =  6.6742103431E-01  5.1253633710E-01 -5.4023667601E-01
HessDelSqRho_EigVec3 =  7.4398799359E-01 -4.9021510611E-01  4.5406058531E-01
</CP of DelSqRho>
<CP of DelSqRho>
CP# = 40      
Type = (3,+1)
Coords =  4.21868758894583E+00 -7.54730779230178E-01  1.73887355769914E+00
DistFromNuc =  2.0424316272E+00
Rho =  6.5169614082E-02
DelSqRho =  1.7344883169E-01
GradDelSqRho = -2.0773313625E-15  5.3837143077E-15 -6.8677702414E-15
HessDelSqRho_EigVals = -1.7701716427E+00  8.8445302753E-03  5.3383591321E-01
HessDelSqRho_EigVec1 =  3.2056983074E-02 -7.0482753996E-01  7.0865399790E-01
HessDelSqRho_EigVec2 = -6.6738461481E-01  5.1270238701E-01  5.4012409526E-01
HessDelSqRho_EigVec3 =  7.4402293362E-01  4.9025952440E-01  4.5395536452E-01
</CP of DelSqRho>
<CP of DelSqRho>
CP# = 41      
Type = (3,+1)
Coords =  4.21800695517725E+00  7.54421843491476E-01 -1.73943552634098E+00
DistFromNuc =  2.0424478703E+00
Rho =  6.5169669962E-02
DelSqRho =  1.7344807494E-01
GradDelSqRho =  1.1188966420E-16 -4.3888503942E-16  6.9388939039E-17
HessDelSqRho_EigVals = -1.7702640779E+00  8.8258227038E-03  5.3380342717E-01
HessDelSqRho_EigVec1 = -3.1558742207E-02 -7.0455555882E-01  7.0894676127E-01
HessDelSqRho_EigVec2 =  6.6717961214E-01  5.1329462997E-01  5.3981477193E-01
HessDelSqRho_EigVec3 =  7.4422806379E-01 -4.9003070044E-01 -4.5386617156E-01
</CP of DelSqRho>
<CP of DelSqRho>
CP# = 42      
Type = (3,+1)
Coords =  4.21805047679506E+00 -7.54774306241559E-01 -1.73927310753450E+00
DistFromNuc =  2.0424503051E+00
Rho =  6.5169469142E-02
DelSqRho =  1.7344658152E-01
GradDelSqRho = -4.4322184811E-16  1.0057059352E-15  8.1532003371E-16
HessDelSqRho_EigVals = -1.7702303625E+00  8.8302660590E-03  5.3380834921E-01
HessDelSqRho_EigVec1 = -3.1605019761E-02  7.0470476498E-01  7.0879638609E-01
HessDelSqRho_EigVec2 = -6.6721151007E-01  5.1313678783E-01 -5.3992540022E-01
HessDelSqRho_EigVec3 =  7.4419750306E-01  4.8998146004E-01 -4.5396943208E-01
</CP of DelSqRho>
<Path of -GradDelSqRho>
Starting CP# =      2
Ending CP# =      0
Number of Points =    400
  1.9939632209E+00 -5.2935844220E-06  1.1176258283E-03  1.6859834558E-01  3.3216245973E-01
  1.9939140279E+00  2.3689516695E-02  1.1147674857E-03  1.6851018075E-01  3.3208057956E-01
  1.9937561694E+00  4.8688999062E-02  1.1134620963E-03  1.6822660970E-01  3.3181652879E-01
  1.9934930868E+00  7.3687597237E-02  1.1138870255E-03  1.6774960514E-01  3.3136969573E-01
  1.9931306818E+00  9.8684955025E-02  1.1160012842E-03  1.6708286536E-01  3.3073954140E-01
  1.9926768730E+00  1.2368082299E-01  1.1197501418E-03  1.6623140614E-01  3.2992546055E-01
  1.9921412382E+00  1.4867507391E-01  1.1250674641E-03  1.6520138578E-01  3.2892692299E-01
  1.9915346154E+00  1.7366770498E-01  1.1318783310E-03  1.6399990826E-01  3.2774363597E-01
  1.9908686915E+00  1.9865882823E-01  1.1401017328E-03  1.6263481987E-01  3.2637571544E-01
  1.9901556084E+00  2.2364865177E-01  1.1496531708E-03  1.6111451223E-01  3.2482385472E-01
  1.9894076048E+00  2.4863745536E-01  1.1604470293E-03  1.5944774167E-01  3.2308947981E-01
  1.9886367082E+00  2.7362556355E-01  1.1723986372E-03  1.5764347117E-01  3.2117488262E-01
  1.9878544809E+00  2.9861331951E-01  1.1854259820E-03  1.5571073781E-01  3.1908332537E-01
  1.9870718203E+00  3.2360106138E-01  1.1994510768E-03  1.5365854601E-01  3.1681911160E-01
  1.9862988098E+00  3.4858910279E-01  1.2144010043E-03  1.5149578481E-01  3.1438762131E-01
  1.9855446124E+00  3.7357771804E-01  1.2302086821E-03  1.4923116639E-01  3.1179530963E-01
  1.9848173994E+00  3.9856713193E-01  1.2468133949E-03  1.4687318245E-01  3.0904966998E-01
  1.9841243078E+00  4.2355751422E-01  1.2641611440E-03  1.4443007499E-01  3.0615916411E-01
  1.9834714159E+00  4.4854897783E-01  1.2822048589E-03  1.4190981821E-01  3.0313312220E-01
  1.9828637342E+00  4.7354158047E-01  1.3009045097E-03  1.3932010888E-01  2.9998161737E-01
  1.9823052034E+00  4.9853532879E-01  1.3202271522E-03  1.3666836258E-01  2.9671531905E-01
  1.9817986963E+00  5.2353018465E-01  1.3401469293E-03  1.3396171411E-01  2.9334533039E-01
  1.9813460210E+00  5.4852607268E-01  1.3606450472E-03  1.3120702060E-01  2.8988301480E-01
  1.9809479214E+00  5.7352288898E-01  1.3817097354E-03  1.2841086619E-01  2.8633981687E-01
  1.9806040749E+00  5.9852051010E-01  1.4033361968E-03  1.2557956768E-01  2.8272708267E-01
  1.9803130851E+00  6.2351880223E-01  1.4255265451E-03  1.2271918070E-01  2.7905588421E-01
  1.9800724711E+00  6.4851762998E-01  1.4482897272E-03  1.1983550617E-01  2.7533685259E-01
  1.9798786528E+00  6.7351686443E-01  1.4716414186E-03  1.1693409708E-01  2.7158002374E-01
  1.9797269338E+00  6.9851638999E-01  1.4956038796E-03  1.1402026572E-01  2.6779470024E-01
  1.9796114853E+00  7.2351610950E-01  1.5202057579E-03  1.1109909164E-01  2.6398933226E-01
  1.9795253323E+00  7.4851594720E-01  1.5454818180E-03  1.0817543058E-01  2.6017141986E-01
  1.9794603483E+00  7.7351584876E-01  1.5714725813E-03  1.0525392479E-01  2.5634743842E-01
  1.9794072618E+00  7.9851577800E-01  1.5982238585E-03  1.0233901510E-01  2.5252278845E-01
  1.9793556830E+00  8.2351570957E-01  1.6257861613E-03  9.9434954915E-02  2.4870177045E-01
  1.9792941557E+00  8.4851561726E-01  1.6542139833E-03  9.6545826411E-02  2.4488758486E-01
  1.9792102442E+00  8.7351545782E-01  1.6835649515E-03  9.3675558812E-02  2.4108235700E-01
  1.9790906619E+00  8.9851515040E-01  1.7138988553E-03  9.0827948537E-02  2.3728718629E-01
  1.9789214512E+00  9.2351455269E-01  1.7452765787E-03  8.8006680575E-02  2.3350221898E-01
  1.9786882194E+00  9.4851343516E-01  1.7777589694E-03  8.5215350142E-02  2.2972674322E-01
  1.9783764361E+00  9.7351145602E-01  1.8114057007E-03  8.2457483265E-02  2.2595930524E-01
  1.9779717926E+00  9.9850814017E-01  1.8462741895E-03  7.9736554625E-02  2.2219784513E-01
  1.9774606182E+00  1.0235028662E+00  1.8824186473E-03  7.7056000707E-02  2.1843985056E-01
  1.9768303434E+00  1.0484948660E+00  1.9198893479E-03  7.4419226326E-02  2.1468252603E-01
  1.9760699954E+00  1.0734832402E+00  1.9587321904E-03  7.1829602740E-02  2.1092297513E-01
  1.9751707007E+00  1.0984669940E+00  1.9989886267E-03  6.9290456125E-02  2.0715839208E-01
  1.9741261732E+00  1.1234450927E+00  2.0406960069E-03  6.6805045958E-02  2.0338625793E-01
  1.9729331563E+00  1.1484165362E+00  2.0838883660E-03  6.4376533882E-02  1.9960453590E-01
  1.9715917970E+00  1.1733804492E+00  2.1285976495E-03  6.2007944724E-02  1.9581185916E-01
  1.9701059308E+00  1.1983361779E+00  2.1748553457E-03  5.9702122323E-02  1.9200770338E-01
  1.9684832644E+00  1.2232833865E+00  2.2226944676E-03  5.7461683512E-02  1.8819253662E-01
  1.9667354583E+00  1.2482221428E+00  2.2721518140E-03  5.5288973874E-02  1.8436793855E-01
  1.9648781145E+00  1.2731529834E+00  2.3232704339E-03  5.3186028676E-02  1.8053668273E-01
  1.9629306898E+00  1.2980769522E+00  2.3761022252E-03  5.1154541716E-02  1.7670277647E-01
  1.9609163587E+00  1.3229956047E+00  2.4307106178E-03  4.9195843905E-02  1.7287145556E-01
  1.9588618543E+00  1.3479109768E+00  2.4871733086E-03  4.7310892294E-02  1.6904913274E-01
  1.9567973138E+00  1.3728255158E+00  2.5455850449E-03  4.5500269241E-02  1.6524330158E-01
  1.9547561562E+00  1.3977419738E+00  2.6060604710E-03  4.3764190600E-02  1.6146239937E-01
  1.9527750120E+00  1.4226632620E+00  2.6687370690E-03  4.2102521183E-02  1.5771563389E-01
  1.9508937184E+00  1.4475922669E+00  2.7337782308E-03  4.0514795499E-02  1.5401278051E-01
  1.9491553895E+00  1.4725316203E+00  2.8013764963E-03  3.9000241671E-02  1.5036395591E-01
  1.9476065609E+00  1.4974834209E+00  2.8717569666E-03  3.7557806613E-02  1.4677937524E-01
  1.9462973975E+00  1.5224488931E+00  2.9451808691E-03  3.6186180763E-02  1.4326909864E-01
  1.9452819475E+00  1.5474279709E+00  3.0219491807E-03  3.4883821059E-02  1.3984277250E-01
  1.9446184040E+00  1.5724187905E+00  3.1024061221E-03  3.3648971164E-02  1.3650937051E-01
  1.9443693219E+00  1.5974170741E+00  3.1869421912E-03  3.2479678376E-02  1.3327693845E-01
  1.9446017094E+00  1.6224153919E+00  3.2759962141E-03  3.1373807012E-02  1.3015234741E-01
  1.9453868800E+00  1.6474023027E+00  3.3700556425E-03  3.0329048481E-02  1.2714106045E-01
  1.9467999163E+00  1.6723613965E+00  3.4696540455E-03  2.9342928674E-02  1.2424691976E-01
  1.9489185613E+00  1.6972703044E+00  3.5753644743E-03  2.8412813728E-02  1.2147196413E-01
  1.9518213359E+00  1.7220998063E+00  3.6877872393E-03  2.7535915692E-02  1.1881629063E-01
  1.9555847112E+00  1.7468132472E+00  3.8075308078E-03  2.6709300024E-02  1.1627797843E-01
  1.9602792676E+00  1.7713665529E+00  3.9351852494E-03  2.5929897158E-02  1.1385309594E-01
  1.9659649845E+00  1.7957091797E+00  4.0712891042E-03  2.5194520503E-02  1.1153581188E-01
  1.9726861119E+00  1.8197862715E+00  4.2162926680E-03  2.4499893001E-02  1.0931862431E-01
  1.9804664114E+00  1.8435420917E+00  4.3705229479E-03  2.3842683703E-02  1.0719270674E-01
  1.9893057620E+00  1.8669244385E+00  4.5341569009E-03  2.3219554528E-02  1.0514834892E-01
  1.9991790398E+00  1.8898893515E+00  4.7072089213E-03  2.2627215567E-02  1.0317544755E-01
  2.0100377350E+00  1.9124051708E+00  4.8895355257E-03  2.2062485091E-02  1.0126398729E-01
  2.0218140843E+00  1.9344550789E+00  5.0808557721E-03  2.1522348578E-02  9.9404453778E-02
  2.0344268693E+00  1.9560376540E+00  5.2807820912E-03  2.1004010385E-02  9.7588137211E-02
  2.0477877305E+00  1.9771655164E+00  5.4888545783E-03  2.0504932543E-02  9.5807311934E-02
  2.0618069452E+00  1.9978626015E+00  5.7045726931E-03  2.0022857585E-02  9.4055302670E-02
  2.0763979949E+00  2.0181607819E+00  5.9274207570E-03  1.9555815118E-02  9.2326464260E-02
  2.0914806852E+00  2.0380964997E+00  6.1568862135E-03  1.9102114361E-02  9.0616106647E-02
  2.1069829103E+00  2.0577078576E+00  6.3924714137E-03  1.8660326211E-02  8.8920393156E-02
  2.1228413395E+00  2.0770323787E+00  6.6337004924E-03  1.8229258705E-02  8.7236232409E-02
  2.1390013435E+00  2.0961054642E+00  6.8801229540E-03  1.7807929321E-02  8.5561176160E-02
  2.1554164489E+00  2.1149594609E+00  7.1313152688E-03  1.7395536705E-02  8.3893328882E-02
  2.1720475413E+00  2.1336232109E+00  7.3868813645E-03  1.6991433601E-02  8.2231270713E-02
  2.1888619730E+00  2.1521219454E+00  7.6464525395E-03  1.6595101989E-02  8.0573992930E-02
  2.2058326699E+00  2.1704774062E+00  7.9096870763E-03  1.6206130952E-02  7.8920844108E-02
  2.2229372964E+00  2.1887081022E+00  8.1762696762E-03  1.5824197371E-02  7.7271484849E-02
  2.2401575047E+00  2.2068296333E+00  8.4459107637E-03  1.5449049367E-02  7.5625849141E-02
  2.2574782772E+00  2.2248550377E+00  8.7183456703E-03  1.5080492258E-02  7.3984110731E-02
  2.2748873636E+00  2.2427951320E+00  8.9933337048E-03  1.4718376764E-02  7.2346653279E-02
  2.2923748032E+00  2.2606588286E+00  9.2706571164E-03  1.4362589164E-02  7.0714043374E-02
  2.3099325257E+00  2.2784534218E+00  9.5501199642E-03  1.4013043134E-02  6.9087005770E-02
  2.3275540184E+00  2.2961848397E+00  9.8315469138E-03  1.3669673007E-02  6.7466400396E-02
  2.3452340508E+00  2.3138578616E+00  1.0114781982E-02  1.3332428242E-02  6.5853200874E-02
  2.3629684474E+00  2.3314763049E+00  1.0399687252E-02  1.3001268896E-02  6.4248474337E-02
  2.3807539010E+00  2.3490431820E+00  1.0686141583E-02  1.2676161950E-02  6.2653362474E-02
  2.3985878187E+00  2.3665608335E+00  1.0974039335E-02  1.2357078337E-02  6.1069063718E-02
  2.4164681955E+00  2.3840310397E+00  1.1263289117E-02  1.2043990566E-02  5.9496816575E-02
  2.4343935104E+00  2.4014551134E+00  1.1553812584E-02  1.1736870842E-02  5.7937884061E-02
  2.4523626404E+00  2.4188339780E+00  1.1845543282E-02  1.1435689601E-02  5.6393539262E-02
  2.4703747901E+00  2.4361682322E+00  1.2138425556E-02  1.1140414392E-02  5.4865052018E-02
  2.4884294325E+00  2.4534582047E+00  1.2432413518E-02  1.0851009059E-02  5.3353676722E-02
  2.5065262608E+00  2.4707039995E+00  1.2727470078E-02  1.0567433158E-02  5.1860641242E-02
  2.5246651475E+00  2.4879055344E+00  1.3023566050E-02  1.0289641591E-02  5.0387136949E-02
  2.5428461109E+00  2.5050625733E+00  1.3320679310E-02  1.0017584405E-02  4.8934309839E-02
  2.5610692858E+00  2.5221747533E+00  1.3618794027E-02  9.7512067398E-03  4.7503252735E-02
  2.5793349004E+00  2.5392416082E+00  1.3917899944E-02  9.4904488922E-03  4.6094998528E-02
  2.5976432551E+00  2.5562625882E+00  1.4217991723E-02  9.2352464788E-03  4.4710514437E-02
  2.6159947059E+00  2.5732370770E+00  1.4519068338E-02  8.9855306793E-03  4.3350697247E-02
  2.6343896493E+00  2.5901644060E+00  1.4821132518E-02  8.7412285423E-03  4.2016369470E-02
  2.6528285098E+00  2.6070438676E+00  1.5124190237E-02  8.5022633402E-03  4.0708276407E-02
  2.6713117292E+00  2.6238747257E+00  1.5428250239E-02  8.2685549614E-03  3.9427084027E-02
  2.6898397573E+00  2.6406562254E+00  1.5733323612E-02  8.0400203270E-03  3.8173377643E-02
  2.7084130440E+00  2.6573876013E+00  1.6039423385E-02  7.8165738248E-03  3.6947661301E-02
  2.7270320326E+00  2.6740680849E+00  1.6346564169E-02  7.5981277505E-03  3.5750357841E-02
  2.7456971541E+00  2.6906969108E+00  1.6654761811E-02  7.3845927482E-03  3.4581809572E-02
  2.7644088220E+00  2.7072733224E+00  1.6964033090E-02  7.1758782462E-03  3.3442279495E-02
  2.7831674282E+00  2.7237965772E+00  1.7274395428E-02  6.9718928793E-03  3.2331953018E-02
  2.8019733395E+00  2.7402659503E+00  1.7585866623E-02  6.7725448961E-03  3.1250940116E-02
  2.8208268947E+00  2.7566807393E+00  1.7898464601E-02  6.5777425442E-03  3.0199277868E-02
  2.8397284018E+00  2.7730402670E+00  1.8212207187E-02  6.3873944328E-03  2.9176933326E-02
  2.8586781361E+00  2.7893438846E+00  1.8527111891E-02  6.2014098682E-03  2.8183806669E-02
  2.8776763384E+00  2.8055909747E+00  1.8843195707E-02  6.0196991608E-03  2.7219734580E-02
  2.8967232133E+00  2.8217809537E+00  1.9160474923E-02  5.8421739022E-03  2.6284493813E-02
  2.9158189281E+00  2.8379132741E+00  1.9478964947E-02  5.6687472117E-03  2.5377804909E-02
  2.9349636116E+00  2.8539874270E+00  1.9798680138E-02  5.4993339507E-03  2.4499336007E-02
