 AIMInt (Version 19.02.13, Professional)
 Portions Copyright (c) 1997-2019 by Todd A. Keith
 AIMInt is a component of the AIMAll package ( http://aim.tkgristmill.com )

 TP:  64-bit Linux

 Licensed To:  Research Group of Fernando Cortes Guzman, UNAM, fercor@unam.mx

 AIMInt is a heavily modified and extended version of the PROAIMV program
 developed by members of R.F.W. Bader's research group

 Much of the Quantum Theory of Atoms in Molecules (QTAIM) is described in the book:
   "Atoms in Molecules - A Quantum Theory"
   R.F.W. Bader, Oxford University Press, Oxford, 1990

 For additional references see:  http://aim.tkgristmill.com/references.html

 Current Directory:  /home/scratch/M_H2O_4_cuadrado_plano/Opt

 Inp File:  Mn4_cuadrado_plano_cc-pvtz-def2-tzv_5_atomicfiles/o4.inp
 Wfx File:  Mn4_cuadrado_plano_cc-pvtz-def2-tzv_5.wfx
 Out File:  Mn4_cuadrado_plano_cc-pvtz-def2-tzv_5_atomicfiles/o4.int

 Wfx Title:   Mn4_cuadrado_plano_cc-pvtz-def2-tzv_5                                         
 Job Title:   Mn4_cuadrado_plano_cc-pvtz-def2-tzv_5                                         
 
<Atom>
O4      
</Atom>
<Nuclei of Molecule>
    13
Mn1       25.0          -8.2444077252E-04  -2.7075205548E-08   6.0363221374E-05
O2         8.0           3.4584025307E+00  -7.6601552524E-06  -5.9044609246E-05
H3         1.0           4.6113391862E+00  -1.4208010876E-04  -1.5420600078E+00
O4         8.0          -3.4579956583E+00   7.5884710137E-06   2.0499617002E-05
H5         1.0          -4.6111615871E+00  -1.4680348848E-04   1.5420112080E+00
O6         8.0           7.2500156215E-04   3.4581989294E+00  -4.2882217920E-05
H7         1.0           1.5401619406E+00   4.6349545792E+00   5.1582952270E-04
O8         8.0           7.0974256899E-04  -3.4581990004E+00  -4.4635356437E-05
H9         1.0          -1.5374717571E+00  -4.6366589217E+00  -6.9083901389E-04
H10        1.0           1.5401427810E+00  -4.6349594388E+00   5.2768686989E-04
H11        1.0          -4.6112826758E+00   1.6520471885E-04  -1.5418732078E+00
H12        1.0          -1.5374524434E+00   4.6366641684E+00  -6.7454040465E-04
H13        1.0           4.6116026429E+00   1.2511039799E-04   1.5417432906E+00
</Nuclei of Molecule>
<Total Number of CPs of DelSqRho>
    42
</Total Number of CPs of DelSqRho>
<Number of (3,+3) CPs of DelSqRho>
     5
</Number of (3,+3) CPs of DelSqRho>
<Number of (3,+1) CPs of DelSqRho>
    15
</Number of (3,+1) CPs of DelSqRho>
<Number of (3,-1) CPs of DelSqRho>
    16
</Number of (3,-1) CPs of DelSqRho>
<Number of (3,-3) CPs of DelSqRho>
     6
</Number of (3,-3) CPs of DelSqRho>
<Number of Degenerate CPs of DelSqRho>
     0
</Number of Degenerate CPs of DelSqRho>
<CP of DelSqRho>
CP# = 1       
Type = (3,+3)
Coords = -3.45799582645498E+00  7.58847092462413E-06  2.04996291518740E-05
DistFromNuc =  1.6813697545E-07
Rho =  2.9719568911E+02
DelSqRho = -3.3278477528E+06
GradDelSqRho = -1.5118934243E-05  5.0705904753E-11 -1.2390577453E-10
HessDelSqRho_EigVals =  1.3233947846E+11  1.3233949937E+11  1.3233950334E+11
HessDelSqRho_EigVec1 =  1.7579719406E-06  9.9999999491E-01  1.0085418052E-04
HessDelSqRho_EigVec2 =  9.9999999233E-01 -1.7454824475E-06 -1.2383709211E-04
HessDelSqRho_EigVec3 =  1.2383691544E-04 -1.0085439745E-04  9.9999998725E-01
</CP of DelSqRho>
<CP of DelSqRho>
CP# = 2       
Type = (3,+1)
Coords = -1.99501226264739E+00  5.05915755910909E-06 -8.93691903637756E-04
DistFromNuc =  1.4629836813E+00
Rho =  1.6913400240E-01
DelSqRho =  3.3328842665E-01
GradDelSqRho = -2.6340041259E-14  2.8652477628E-18  4.1564110010E-15
HessDelSqRho_EigVals = -2.9293115320E-01  2.4838193196E-02  4.8195123104E+00
HessDelSqRho_EigVec1 =  2.3048419319E-06  9.9999998540E-01  1.7088213147E-04
HessDelSqRho_EigVec2 = -3.4049494258E-04 -1.7088133677E-04  9.9999992743E-01
HessDelSqRho_EigVec3 =  9.9999994203E-01 -2.3630262662E-06  3.4049454375E-04
</CP of DelSqRho>
<CP of DelSqRho>
CP# = 3       
Type = (3,+1)
Coords = -4.15552405074782E+00 -8.89250336524580E-05  9.52562029119290E-01
DistFromNuc =  1.1806274743E+00
Rho =  3.8199864085E-01
DelSqRho = -7.6540734600E-01
GradDelSqRho = -1.8318679906E-15 -1.6263032587E-19 -1.3461454174E-15
HessDelSqRho_EigVals = -2.4944016187E+01  1.1981779285E+01  1.2497773828E+01
HessDelSqRho_EigVec1 = -6.0281343814E-01 -7.9385757450E-05  7.9788216705E-01
HessDelSqRho_EigVec2 = -5.4474973406E-06  9.9999999544E-01  9.5379914014E-05
HessDelSqRho_EigVec3 =  7.9788217098E-01 -5.3149832913E-05  6.0281343582E-01
</CP of DelSqRho>
<CP of DelSqRho>
CP# = 4       
Type = (3,+1)
Coords = -4.15560099795744E+00  1.06026367370363E-04 -9.52463754855231E-01
DistFromNuc =  1.1806267296E+00
Rho =  3.8200034111E-01
DelSqRho = -7.6542205403E-01
GradDelSqRho = -1.4432899320E-15  8.6058547441E-19 -5.6482596378E-15
HessDelSqRho_EigVals = -2.4944483830E+01  1.1981928250E+01  1.2498039589E+01
HessDelSqRho_EigVec1 =  6.0287815600E-01 -8.1079346653E-05  7.9783326732E-01
HessDelSqRho_EigVec2 =  8.5221163734E-06  9.9999999543E-01  9.5184735443E-05
HessDelSqRho_EigVec3 =  7.9783327140E-01  5.0585569832E-05 -6.0287815393E-01
</CP of DelSqRho>
<CP of DelSqRho>
CP# = 5       
Type = (3,-1)
Coords = -3.29063213067325E+00  7.33248314691859E-06  5.11837982067729E-05
DistFromNuc =  1.6736353046E-01
Rho =  2.2639515498E+01
DelSqRho =  1.2850603685E+03
GradDelSqRho = -8.1058715296E-11  9.8879238131E-17 -4.0273340218E-14
HessDelSqRho_EigVals = -4.4091463465E+05 -2.7335455712E+03  1.9900496994E+01
HessDelSqRho_EigVec1 =  9.9999998333E-01 -1.5245746593E-06  1.8258380676E-04
HessDelSqRho_EigVec2 =  1.5070059557E-06  9.9999999537E-01  9.6222780712E-05
HessDelSqRho_EigVec3 = -1.8258395262E-04 -9.6222503953E-05  9.9999997870E-01
</CP of DelSqRho>
<CP of DelSqRho>
CP# = 6       
Type = (3,-1)
Coords = -3.62636362853878E+00  7.98516662888402E-06  3.28486170483004E-05
DistFromNuc =  1.6836797067E-01
Rho =  2.2416635339E+01
DelSqRho =  1.2627280696E+03
GradDelSqRho =  7.2162720244E-11 -1.7103289271E-16 -2.6645352591E-15
HessDelSqRho_EigVals = -4.1665317859E+05 -1.8954763068E+03  5.4720801190E+02
HessDelSqRho_EigVec1 =  9.9999999730E-01 -2.3633267842E-06 -7.3379656364E-05
HessDelSqRho_EigVec2 =  2.3703109393E-06  9.9999999547E-01  9.5178415199E-05
HessDelSqRho_EigVec3 =  7.3379431093E-05 -9.5178588875E-05  9.9999999278E-01
</CP of DelSqRho>
<CP of DelSqRho>
CP# = 7       
Type = (3,+1)
Coords = -3.48656889762517E+00  1.65736005758212E-01  3.82620399602076E-05
DistFromNuc =  1.6817353721E-01
Rho =  2.2581330424E+01
DelSqRho =  1.2404092443E+03
GradDelSqRho = -2.1884716261E-12  9.3791641120E-12 -3.2404634531E-15
HessDelSqRho_EigVals = -4.1694484108E+05  2.2291368504E+03  2.5676127248E+03
HessDelSqRho_EigVec1 = -1.6740678866E-01  9.8588790234E-01  1.0548579746E-04
HessDelSqRho_EigVec2 =  9.8588790590E-01  1.6740679431E-01 -4.7149500288E-05
HessDelSqRho_EigVec3 =  6.4143161133E-05 -9.6104025531E-05  9.9999999332E-01
</CP of DelSqRho>
<CP of DelSqRho>
CP# = 8       
Type = (3,+1)
Coords = -3.48656949325190E+00 -1.65720728841559E-01  6.56435601493016E-06
DistFromNuc =  1.6817353952E-01
Rho =  2.2581329912E+01
DelSqRho =  1.2404091928E+03
GradDelSqRho =  1.3073986338E-12  5.7980287238E-12 -1.3530843113E-15
HessDelSqRho_EigVals = -4.1694478671E+05  2.2291386755E+03  2.5676144372E+03
HessDelSqRho_EigVec1 =  1.6741033142E-01  9.8588730291E-01  8.3075187315E-05
HessDelSqRho_EigVec2 =  9.8588730380E-01 -1.6741032425E-01 -8.6884989154E-05
HessDelSqRho_EigVec3 =  7.1751163575E-05 -9.6448217264E-05  9.9999999277E-01
</CP of DelSqRho>
<CP of DelSqRho>
CP# = 9       
Type = (3,-3)
Coords = -3.29568235877898E+00  3.41281934002485E-06  4.08872740754532E-02
DistFromNuc =  1.6737891289E-01
Rho =  2.2634210601E+01
DelSqRho =  1.2850687610E+03
GradDelSqRho =  2.1373125492E-11 -9.8358821088E-16  9.0096818894E-12
HessDelSqRho_EigVals = -4.4055615502E+05 -2.7488777636E+03 -3.8829017735E+01
HessDelSqRho_EigVec1 =  9.6991563757E-01 -2.4872472024E-05  2.4344127707E-01
HessDelSqRho_EigVec2 =  1.5220674410E-06  9.9999999538E-01  9.6106113059E-05
HessDelSqRho_EigVec3 = -2.4344127833E-01 -9.2844287880E-05  9.6991563313E-01
</CP of DelSqRho>
<CP of DelSqRho>
CP# = 10      
Type = (3,-3)
Coords = -3.29569569040111E+00  1.12813088128085E-05 -4.08992883057232E-02
DistFromNuc =  1.6737893727E-01
Rho =  2.2634201679E+01
DelSqRho =  1.2850688241E+03
GradDelSqRho = -4.2291503632E-11  8.3266726847E-17  9.3791641120E-13
HessDelSqRho_EigVals = -4.4055558126E+05 -2.7489064243E+03 -3.8936402874E+01
HessDelSqRho_EigVec1 =  9.6983621838E-01  2.1997063556E-05 -2.4375747997E-01
HessDelSqRho_EigVec2 =  1.5095929869E-06  9.9999999537E-01  9.6247800932E-05
HessDelSqRho_EigVec3 =  2.4375748096E-01 -9.3712577865E-05  9.6983621385E-01
</CP of DelSqRho>
<CP of DelSqRho>
CP# = 11      
Type = (3,+1)
Coords = -2.77543752243334E+00  6.30725732549156E-06  7.66057061566864E-08
DistFromNuc =  6.8255813619E-01
Rho =  8.0989370508E-01
DelSqRho = -3.0914841297E+00
GradDelSqRho = -5.3290705182E-14 -1.0333801957E-17 -1.7390602847E-16
HessDelSqRho_EigVals = -4.6439562586E+00  1.5448005093E+01  2.0962730499E+02
HessDelSqRho_EigVec1 =  1.8506551922E-06  9.9999999465E-01  1.0346016613E-04
HessDelSqRho_EigVec2 =  3.1845553673E-05 -1.0346022501E-04  9.9999999414E-01
HessDelSqRho_EigVec3 =  9.9999999949E-01 -1.8473604351E-06 -3.1845744972E-05
</CP of DelSqRho>
<CP of DelSqRho>
CP# = 12      
Type = (3,-1)
Coords = -4.17455308840621E+00  8.97319598882422E-06  4.88033757820220E-05
DistFromNuc =  7.1655743065E-01
Rho =  6.8296199437E-01
DelSqRho = -1.1770357632E+00
GradDelSqRho =  5.8442140016E-13  8.7564572021E-16  8.5370079062E-16
HessDelSqRho_EigVals = -1.9084894640E+01 -5.3721663443E+00  1.4398133089E+02
HessDelSqRho_EigVec1 =  4.0000754666E-05 -1.0884634751E-04  9.9999999328E-01
HessDelSqRho_EigVec2 =  1.9757718827E-06  9.9999999407E-01  1.0884626856E-04
HessDelSqRho_EigVec3 =  9.9999999920E-01 -1.9714179365E-06 -4.0000969485E-05
</CP of DelSqRho>
<CP of DelSqRho>
CP# = 13      
Type = (3,+3)
Coords = -3.23161625272466E+00  6.07249052997808E-01  7.11953834263767E-05
DistFromNuc =  6.4806622662E-01
Rho =  9.0847205807E-01
DelSqRho = -3.8378541153E+00
GradDelSqRho =  2.0161650127E-13  1.2576606423E-12  2.7451999007E-16
HessDelSqRho_EigVals =  7.8013000333E+00  1.6128658591E+01  2.9068863322E+02
HessDelSqRho_EigVec1 =  9.4686368686E-01 -3.2163513117E-01 -3.0052255846E-05
HessDelSqRho_EigVec2 =  2.8909039108E-06 -8.4925311807E-05  9.9999999639E-01
HessDelSqRho_EigVec3 =  3.2163513256E-01  9.4686368353E-01  7.9482877587E-05
</CP of DelSqRho>
<CP of DelSqRho>
CP# = 14      
Type = (3,+3)
Coords = -3.23161803657144E+00 -6.07234603996237E-01 -4.77834674331842E-05
DistFromNuc =  6.4806628720E-01
Rho =  9.0847183479E-01
DelSqRho = -3.8378518966E+00
GradDelSqRho =  2.3803181648E-13 -1.2150280781E-12  6.2450045135E-17
HessDelSqRho_EigVals =  7.8012809768E+00  1.6128647110E+01  2.9068839355E+02
HessDelSqRho_EigVec1 =  9.4686465935E-01  3.2163226964E-01  1.9998601053E-07
HessDelSqRho_EigVec2 =  3.3751949943E-05 -9.9985348579E-05  9.9999999443E-01
HessDelSqRho_EigVec3 = -3.2163226787E-01  9.4686465407E-01  1.0552830929E-04
</CP of DelSqRho>
<CP of DelSqRho>
CP# = 15      
Type = (3,-1)
Coords = -3.15915873288343E+00 -5.63399379878771E-05  6.42843284239301E-01
DistFromNuc =  7.0888972663E-01
Rho =  6.9640882643E-01
DelSqRho = -1.2735751873E+00
GradDelSqRho =  2.6645352591E-15  1.9515639105E-18 -1.5987211555E-14
HessDelSqRho_EigVals = -1.4125333292E+01 -1.0516383259E+01  1.5193454947E+02
HessDelSqRho_EigVec1 =  9.0373647233E-01  7.1351163362E-05 -4.2808922375E-01
HessDelSqRho_EigVec2 = -2.5871498579E-05  9.9999999339E-01  1.1205642041E-04
HessDelSqRho_EigVec3 =  4.2808922891E-01 -9.0194164343E-05  9.0373646820E-01
</CP of DelSqRho>
<CP of DelSqRho>
CP# = 16      
Type = (3,-1)
Coords = -3.15920260770369E+00  7.03670688855772E-05 -6.42821788133827E-01
DistFromNuc =  7.0888891793E-01
Rho =  6.9640775299E-01
DelSqRho = -1.2735526135E+00
GradDelSqRho = -1.2434497876E-14 -4.5536491244E-18  2.8421709430E-14
HessDelSqRho_EigVals = -1.4125348679E+01 -1.0516643399E+01  1.5193504388E+02
HessDelSqRho_EigVec1 =  9.0376538550E-01 -7.4062415213E-05  4.2802817954E-01
HessDelSqRho_EigVec2 =  2.9013365947E-05  9.9999999333E-01  1.1177100281E-04
HessDelSqRho_EigVec3 = -4.2802818497E-01 -8.8596225236E-05  9.0376538162E-01
</CP of DelSqRho>
<CP of DelSqRho>
CP# = 17      
Type = (3,+1)
Coords = -3.70659070020249E+00  4.43153367966262E-01  4.52340873522266E-01
DistFromNuc =  6.8027303150E-01
Rho =  8.0316768985E-01
DelSqRho = -2.7058293667E+00
GradDelSqRho = -1.7763568394E-14 -8.8817841970E-15 -8.8817841970E-16
HessDelSqRho_EigVals = -1.0892382787E+01  1.2534012726E+01  2.0629839723E+02
HessDelSqRho_EigVec1 =  4.9071801814E-01  6.9439713387E-01 -5.2631591953E-01
HessDelSqRho_EigVec2 =  8.0526857825E-01 -1.3073534818E-01  5.7831720156E-01
HessDelSqRho_EigVec3 = -3.3277371224E-01  7.0761634323E-01  6.2333038369E-01
</CP of DelSqRho>
<CP of DelSqRho>
CP# = 18      
Type = (3,+1)
Coords = -3.70659164995230E+00 -4.43227914891436E-01  4.52251572085005E-01
DistFromNuc =  6.8027246115E-01
Rho =  8.0317069516E-01
DelSqRho = -2.7058688059E+00
GradDelSqRho = -1.4210854715E-14 -8.8817841970E-15  9.7699626167E-15
HessDelSqRho_EigVals = -1.0892046447E+01  1.2534370827E+01  2.0629965509E+02
HessDelSqRho_EigVec1 =  4.9071749895E-01 -6.9429234075E-01 -5.2645463413E-01
HessDelSqRho_EigVec2 =  8.0526827676E-01  1.3061835953E-01  5.7834405556E-01
HessDelSqRho_EigVec3 =  3.3277520742E-01  7.0774076450E-01 -6.2318831150E-01
</CP of DelSqRho>
<CP of DelSqRho>
CP# = 19      
Type = (3,+1)
Coords = -3.70662481068287E+00  4.43243851516072E-01 -4.52191102680155E-01
DistFromNuc =  6.8027213197E-01
Rho =  8.0317250889E-01
DelSqRho = -2.7059005026E+00
GradDelSqRho =  2.1316282073E-14 -8.8817841970E-15  2.7533531011E-14
HessDelSqRho_EigVals = -1.0891871006E+01  1.2534749805E+01  2.0630062596E+02
HessDelSqRho_EigVec1 =  4.9076076335E-01  6.9429034312E-01  5.2641693800E-01
HessDelSqRho_EigVec2 = -8.0522357600E-01  1.3062218784E-01  5.7840542589E-01
HessDelSqRho_EigVec3 = -3.3281956944E-01  7.0774201762E-01 -6.2316319748E-01
</CP of DelSqRho>
<CP of DelSqRho>
CP# = 20      
Type = (3,+1)
Coords = -3.70662659299210E+00 -4.43137907228054E-01 -4.52279899125035E-01
DistFromNuc =  6.8027268263E-01
Rho =  8.0316954074E-01
DelSqRho = -2.7058608111E+00
GradDelSqRho = -5.3290705182E-15 -2.6645352591E-14 -2.4868995752E-14
HessDelSqRho_EigVals = -1.0892193343E+01  1.2534378483E+01  2.0629936766E+02
HessDelSqRho_EigVec1 =  4.9075703576E-01 -6.9439762322E-01  5.2627889253E-01
HessDelSqRho_EigVec2 = -8.0522462610E-01 -1.3073359870E-01  5.7837879257E-01
HessDelSqRho_EigVec3 =  3.3282252533E-01  7.0761618625E-01  6.2330449989E-01
</CP of DelSqRho>
<CP of DelSqRho>
CP# = 21      
Type = (3,+3)
Coords = -3.85576493589763E+00 -5.65629759126767E-05  5.87861160309241E-01
DistFromNuc =  7.0977253023E-01
Rho =  7.7786291740E-01
DelSqRho = -3.2572218077E+00
GradDelSqRho =  1.8056667273E-12 -1.7071392043E-13 -4.0607517349E-12
HessDelSqRho_EigVals =  1.1173301861E+01  2.2650567376E+01  1.5770783348E+02
HessDelSqRho_EigVec1 = -8.6693709624E-06  9.9999999423E-01  1.0709211949E-04
HessDelSqRho_EigVec2 =  8.3826744260E-01 -5.1125721785E-05  5.4525928884E-01
HessDelSqRho_EigVec3 = -5.4525929117E-01 -9.4498892176E-05  8.3826743732E-01
</CP of DelSqRho>
<CP of DelSqRho>
CP# = 22      
Type = (3,+3)
Coords = -3.85581024422106E+00  7.27615863396272E-05 -5.87789257915576E-01
DistFromNuc =  7.0977232973E-01
Rho =  7.7786476893E-01
DelSqRho = -3.2572475633E+00
GradDelSqRho =  1.8856027850E-12  1.7440454463E-13  4.1939784978E-12
HessDelSqRho_EigVals =  1.1173186634E+01  2.2650838177E+01  1.5770834197E+02
HessDelSqRho_EigVec1 =  1.1915582241E-05  9.9999999425E-01  1.0659359171E-04
HessDelSqRho_EigVec2 =  8.3822676433E-01  4.8139851946E-05 -5.4532182172E-01
HessDelSqRho_EigVec3 =  5.4532182371E-01 -9.5847428494E-05  8.3822675894E-01
</CP of DelSqRho>
<CP of DelSqRho>
CP# = 23      
Type = (3,+1)
Coords = -2.19941749941589E+00  4.26999854777072E-06 -1.63329445420754E-06
DistFromNuc =  1.2585781591E+00
Rho =  2.4412667024E-01
DelSqRho =  3.7501625542E-01
GradDelSqRho = -2.0677903834E-15  3.4357773923E-18  1.9244588562E-18
HessDelSqRho_EigVals = -7.4733430533E+00  3.3398413957E-01  9.5504289400E-01
HessDelSqRho_EigVec1 =  9.9999999972E-01 -2.7345046062E-06 -2.3707314373E-05
HessDelSqRho_EigVec2 =  2.7378441114E-06  9.9999999007E-01  1.4086502763E-04
HessDelSqRho_EigVec3 =  2.3706928942E-05 -1.4086509249E-04  9.9999998980E-01
</CP of DelSqRho>
<CP of DelSqRho>
CP# = 24      
Type = (3,-1)
Coords = -3.46983170739198E+00  8.86013831434347E-01  7.88247004849952E-01
DistFromNuc =  1.1859376789E+00
Rho =  2.4094458488E-01
DelSqRho =  7.2669952350E-01
GradDelSqRho =  8.3266726847E-17  8.0491169285E-16  1.1102230246E-15
HessDelSqRho_EigVals = -1.7181823551E+01 -1.1953976981E+00  2.4362216696E-01
HessDelSqRho_EigVec1 =  1.6259151374E-02  7.5345869933E-01  6.5729417189E-01
HessDelSqRho_EigVec2 = -7.4096026331E-01 -4.3231284595E-01  5.1389054421E-01
HessDelSqRho_EigVec3 =  6.7135201511E-01 -4.9538428682E-01  5.5125391625E-01
</CP of DelSqRho>
<CP of DelSqRho>
CP# = 25      
Type = (3,-1)
Coords = -3.46984443279697E+00 -8.86173908500117E-01  7.88051378467733E-01
DistFromNuc =  1.1859387442E+00
Rho =  2.4094472440E-01
DelSqRho =  7.2669610649E-01
GradDelSqRho =  3.9898639947E-17  4.4408920985E-16 -1.4155343564E-15
HessDelSqRho_EigVals = -1.7181835809E+01 -1.1953325740E+00  2.4362907082E-01
HessDelSqRho_EigVec1 = -1.6247225573E-02  7.5360499809E-01 -6.5712672637E-01
HessDelSqRho_EigVec2 = -7.4095320404E-01  4.3221052912E-01  5.1398677798E-01
HessDelSqRho_EigVec3 =  6.7136009495E-01  4.9525101249E-01  5.5136381595E-01
</CP of DelSqRho>
<CP of DelSqRho>
CP# = 26      
Type = (3,-1)
Coords = -3.46994124449729E+00  8.86221884415390E-01 -7.87973345747420E-01
DistFromNuc =  1.1859396172E+00
Rho =  2.4094422899E-01
DelSqRho =  7.2669379628E-01
GradDelSqRho = -8.6736173799E-17  1.0824674490E-15 -7.7715611724E-16
HessDelSqRho_EigVals = -1.7181948554E+01 -1.1952542630E+00  2.4365385124E-01
HessDelSqRho_EigVec1 =  1.6165672138E-02  7.5363392356E-01 -6.5709556406E-01
HessDelSqRho_EigVec2 =  7.4098138388E-01  4.3221417145E-01  5.1394308900E-01
HessDelSqRho_EigVec3 =  6.7133096143E-01 -4.9520381587E-01 -5.5144167503E-01
</CP of DelSqRho>
<CP of DelSqRho>
CP# = 27      
Type = (3,-1)
Coords = -3.46993378480996E+00 -8.86031433123502E-01 -7.88168963870961E-01
DistFromNuc =  1.1859385722E+00
Rho =  2.4094409660E-01
DelSqRho =  7.2669702362E-01
GradDelSqRho = -6.7654215563E-17  1.2212453271E-15  4.5796699766E-16
HessDelSqRho_EigVals = -1.7181930047E+01 -1.1953210012E+00  2.4364739540E-01
HessDelSqRho_EigVec1 = -1.6173141784E-02  7.5348775999E-01  6.5726298012E-01
HessDelSqRho_EigVec2 =  7.4098593400E-01 -4.3232080107E-01  5.1384683572E-01
HessDelSqRho_EigVec3 =  6.7132575930E-01  4.9533314093E-01 -5.5133184598E-01
</CP of DelSqRho>
<CP of DelSqRho>
CP# = 28      
Type = (3,-3)
Coords = -4.52093386427757E+00  4.68299182946872E-01  1.15022329372414E-04
DistFromNuc =  1.1615225594E+00
Rho =  2.4344767925E-01
DelSqRho =  8.5108942843E-01
GradDelSqRho =  4.6143644461E-15 -1.8735013541E-15 -3.0723579063E-17
HessDelSqRho_EigVals = -1.7660467415E+01 -2.2977609543E+00 -1.5038829645E-01
HessDelSqRho_EigVec1 =  9.1528261775E-01 -4.0281226779E-01 -8.0964657981E-05
HessDelSqRho_EigVec2 =  3.7305924976E-05 -1.1623080142E-04  9.9999999255E-01
HessDelSqRho_EigVec3 =  4.0281227420E-01  9.1528261395E-01  9.1356747947E-05
</CP of DelSqRho>
<CP of DelSqRho>
CP# = 29      
Type = (3,-3)
Coords = -4.52093535880555E+00 -4.68280699542742E-01  1.62425002448569E-05
DistFromNuc =  1.1615225902E+00
Rho =  2.4344768433E-01
DelSqRho =  8.5108937424E-01
GradDelSqRho = -5.1555981706E-15 -2.2412627310E-15  2.6832648516E-16
HessDelSqRho_EigVals = -1.7660466473E+01 -2.2977623083E+00 -1.5038781953E-01
HessDelSqRho_EigVec1 =  9.1528388503E-01  4.0280939634E-01  3.9382529428E-06
HessDelSqRho_EigVec2 =  3.9982626197E-05 -1.0062750950E-04  9.9999999414E-01
HessDelSqRho_EigVec3 = -4.0280939438E-01  9.1528387951E-01  1.0820811536E-04
</CP of DelSqRho>
<CP of DelSqRho>
CP# = 30      
Type = (3,-3)
Coords = -3.03062345112679E+00 -1.06003449220166E-04  1.07179233115390E+00
DistFromNuc =  1.1538378895E+00
Rho =  2.4477484339E-01
DelSqRho =  7.9602697658E-01
GradDelSqRho =  1.0685896612E-15 -6.3358064455E-19  2.6367796835E-15
HessDelSqRho_EigVals = -1.7053697946E+01 -1.5745830777E+00 -3.4924598896E-01
HessDelSqRho_EigVec1 =  4.0879484003E-01 -9.6076823914E-05  9.1262630333E-01
HessDelSqRho_EigVec2 =  9.1262630838E-01  4.8109142772E-05 -4.0879483723E-01
HessDelSqRho_EigVec3 = -4.6299595310E-06  9.9999999423E-01  1.0734900645E-04
</CP of DelSqRho>
<CP of DelSqRho>
CP# = 31      
Type = (3,-3)
Coords = -3.03070285060092E+00  1.20209837490302E-04 -1.07177918859073E+00
DistFromNuc =  1.1538343589E+00
Rho =  2.4477409602E-01
DelSqRho =  7.9604012385E-01
GradDelSqRho =  8.8817841970E-16 -2.1006417092E-19  5.2735593670E-16
HessDelSqRho_EigVals = -1.7054084111E+01 -1.5745513949E+00 -3.4928420705E-01
HessDelSqRho_EigVec1 = -4.0873077610E-01 -9.5085159512E-05  9.1265499704E-01
HessDelSqRho_EigVec2 =  9.1265500197E-01 -5.0576311446E-05  4.0873077304E-01
HessDelSqRho_EigVec3 =  7.2944926219E-06  9.9999999420E-01  1.0745204147E-04
</CP of DelSqRho>
<CP of DelSqRho>
CP# = 32      
Type = (3,-1)
Coords = -4.61994352913273E+00  8.48578478366480E-06  6.81490782872286E-05
DistFromNuc =  1.1619478718E+00
Rho =  2.4649183800E-01
DelSqRho =  8.4577076730E-01
GradDelSqRho = -1.7763568394E-15 -7.7106467980E-19  1.3464435730E-17
HessDelSqRho_EigVals = -1.6765118221E+01 -3.4737823689E+00  1.0084406705E-01
HessDelSqRho_EigVec1 =  9.9999999917E-01 -8.1064279392E-07 -4.0698123028E-05
HessDelSqRho_EigVec2 =  4.0698038377E-05 -1.0415288895E-04  9.9999999375E-01
HessDelSqRho_EigVec3 =  8.1488161594E-07  9.9999999458E-01  1.0415285587E-04
</CP of DelSqRho>
<CP of DelSqRho>
CP# = 33      
Type = (3,-1)
Coords = -3.89593985488465E+00  1.23189561165072E-04  2.00869794643588E+00
DistFromNuc =  2.0558648346E+00
Rho =  6.5467243340E-02
DelSqRho =  1.7430571697E-01
GradDelSqRho =  1.5845614751E-16 -6.4289800697E-19 -5.5511151231E-17
HessDelSqRho_EigVals = -1.9768776192E+00 -4.2802632082E-03  4.7648881496E-01
HessDelSqRho_EigVec1 =  3.1482198883E-01  2.0877577245E-04  9.4915071077E-01
HessDelSqRho_EigVec2 = -2.6197771114E-04  9.9999995683E-01 -1.3306571649E-04
HessDelSqRho_EigVec3 =  9.4915069758E-01  2.0676431723E-04 -3.1482202994E-01
</CP of DelSqRho>
<CP of DelSqRho>
CP# = 34      
Type = (3,-1)
Coords = -3.89609759436108E+00 -9.83368748018532E-05 -2.00861158622024E+00
DistFromNuc =  2.0558541227E+00
Rho =  6.5467766185E-02
DelSqRho =  1.7431032790E-01
GradDelSqRho =  3.1550283219E-17  9.2919514314E-19  1.7694179455E-16
HessDelSqRho_EigVals = -1.9769397711E+00 -4.2933264722E-03  4.7648517016E-01
HessDelSqRho_EigVec1 = -3.1475985869E-01  2.0156917874E-04  9.4917131790E-01
HessDelSqRho_EigVec2 =  2.5774663064E-04  9.9999995873E-01 -1.2689055718E-04
HessDelSqRho_EigVec3 =  9.4917130431E-01 -2.0470565524E-04  3.1475989765E-01
</CP of DelSqRho>
<CP of DelSqRho>
CP# = 35      
Type = (3,-1)
Coords = -1.99224762008308E+00 -1.70666163180437E-05  1.27858515317854E-01
DistFromNuc =  1.4713122954E+00
Rho =  1.6575234106E-01
DelSqRho =  3.3339004521E-01
GradDelSqRho = -4.3853809473E-15  4.7433845046E-19 -5.2180482157E-15
HessDelSqRho_EigVals = -3.0615721590E-01 -4.7196990539E-02  4.9240384610E+00
HessDelSqRho_EigVec1 =  3.6353376122E-06  9.9999998494E-01  1.7348760380E-04
HessDelSqRho_EigVec2 =  4.0355762085E-02 -1.7349298318E-04  9.9918535936E-01
HessDelSqRho_EigVec3 =  9.9918537442E-01  3.3688483450E-06 -4.0355762108E-02
</CP of DelSqRho>
<CP of DelSqRho>
CP# = 36      
Type = (3,-1)
Coords = -1.99228305613342E+00  2.66239605310461E-05 -1.26882709755258E-01
DistFromNuc =  1.4711960635E+00
Rho =  1.6579952237E-01
DelSqRho =  3.3338433107E-01
GradDelSqRho = -8.6874951677E-15 -2.3530575275E-18  7.9450335200E-15
HessDelSqRho_EigVals = -3.0593872399E-01 -4.6222737516E-02  4.9227347420E+00
HessDelSqRho_EigVec1 =  1.0067299174E-06  9.9999998517E-01  1.7221149036E-04
HessDelSqRho_EigVec2 = -4.0155195219E-02 -1.7203216859E-04  9.9919344008E-01
HessDelSqRho_EigVec3 =  9.9919345489E-01 -7.9211039438E-06  4.0155194451E-02
</CP of DelSqRho>
<CP of DelSqRho>
CP# = 37      
Type = (3,-1)
Coords = -5.23160026632232E+00 -6.37531786599638E-05  9.94474555464396E-01
DistFromNuc =  2.0333745793E+00
Rho =  6.6902350145E-02
DelSqRho =  1.8543415058E-01
GradDelSqRho =  1.0755285551E-15 -4.3904894030E-18  3.1225022568E-17
HessDelSqRho_EigVals = -2.3529945694E+00 -2.1149490753E-02  4.3523771401E-01
HessDelSqRho_EigVec1 =  9.9327585233E-01 -4.1398759065E-05  1.1577166948E-01
HessDelSqRho_EigVec2 =  2.7885303587E-05  9.9999999261E-01  1.1834467044E-04
HessDelSqRho_EigVec3 = -1.1577167353E-01 -1.1432057525E-04  9.9327584615E-01
</CP of DelSqRho>
<CP of DelSqRho>
CP# = 38      
Type = (3,-1)
Coords = -5.23167557956981E+00  8.55852767801144E-05 -9.94286895328801E-01
DistFromNuc =  2.0333685511E+00
Rho =  6.6902965177E-02
DelSqRho =  1.8543654182E-01
GradDelSqRho = -1.3461454174E-15 -3.5677027738E-18  1.1102230246E-16
HessDelSqRho_EigVals = -2.3530353733E+00 -2.1158976908E-02  4.3523195752E-01
HessDelSqRho_EigVec1 =  9.9326600675E-01  3.6846917062E-05 -1.1585611107E-01
HessDelSqRho_EigVec2 = -2.3417816995E-05  9.9999999285E-01  1.1727301305E-04
HessDelSqRho_EigVec3 =  1.1585611456E-01 -1.1377020017E-04  9.9326600051E-01
</CP of DelSqRho>
<CP of DelSqRho>
CP# = 39      
Type = (3,+1)
Coords = -4.21543354228207E+00  7.52549019330256E-01  1.74137126875364E+00
DistFromNuc =  2.0426290056E+00
Rho =  6.5154097721E-02
DelSqRho =  1.7341720577E-01
GradDelSqRho =  2.6628005356E-16 -8.5001450323E-16 -1.4571677198E-15
HessDelSqRho_EigVals = -1.7708752207E+00  8.7201277408E-03  5.3348774675E-01
HessDelSqRho_EigVec1 = -2.9251831236E-02  7.0286822147E-01  7.1071836449E-01
HessDelSqRho_EigVec2 = -6.6527016873E-01  5.1698111598E-01 -5.3865214036E-01
HessDelSqRho_EigVec3 =  7.4602944511E-01  4.8857628777E-01 -4.5247461594E-01
</CP of DelSqRho>
<CP of DelSqRho>
CP# = 40      
Type = (3,+1)
Coords = -4.21548867670839E+00 -7.52925720486072E-01  1.74118097597947E+00
DistFromNuc =  2.0426316469E+00
Rho =  6.5153874753E-02
DelSqRho =  1.7341545272E-01
GradDelSqRho =  2.6367796835E-16  1.1345091533E-15 -1.9741153157E-15
HessDelSqRho_EigVals = -1.7708351240E+00  8.7253763864E-03  5.3349383886E-01
HessDelSqRho_EigVec1 = -2.9310008315E-02 -7.0304387380E-01  7.1054221192E-01
HessDelSqRho_EigVec2 =  6.6531079380E-01  5.1679246964E-01  5.3878297205E-01
HessDelSqRho_EigVec3 =  7.4599093229E-01 -4.8852313643E-01 -4.5259548618E-01
</CP of DelSqRho>
<CP of DelSqRho>
CP# = 41      
Type = (3,+1)
Coords = -4.21598499786976E+00  7.53221877891155E-01 -1.74078141316389E+00
DistFromNuc =  2.0426137433E+00
Rho =  6.5154193046E-02
DelSqRho =  1.7341656568E-01
GradDelSqRho =  6.3404143047E-16 -1.4415552085E-15  2.0886070651E-15
HessDelSqRho_EigVals = -1.7707409916E+00  8.7447534676E-03  5.3353048153E-01
HessDelSqRho_EigVec1 =  2.9722552910E-02 -7.0330145853E-01  7.1027010938E-01
HessDelSqRho_EigVec2 = -6.6554852157E-01  5.1623631533E-01  5.3902247836E-01
HessDelSqRho_EigVec3 =  7.4576251937E-01  4.8874034534E-01  4.5273738474E-01
</CP of DelSqRho>
<CP of DelSqRho>
CP# = 42      
Type = (3,+1)
Coords = -4.21593657260290E+00 -7.52812675615061E-01 -1.74096983507152E+00
DistFromNuc =  2.0426111047E+00
Rho =  6.5154413671E-02
DelSqRho =  1.7341827418E-01
GradDelSqRho =  3.1311758741E-16  1.3895135043E-15  1.9220736114E-15
HessDelSqRho_EigVals = -1.7707796096E+00  8.7396441314E-03  5.3352468164E-01
HessDelSqRho_EigVec1 =  2.9670914986E-02  7.0312736398E-01  7.1044461207E-01
HessDelSqRho_EigVec2 =  6.6551272963E-01  5.1641753737E-01 -5.3889306342E-01
HessDelSqRho_EigVec3 =  7.4579651615E-01 -4.8879938330E-01  4.5261763043E-01
</CP of DelSqRho>
<Path of -GradDelSqRho>
Starting CP# =      2
Ending CP# =      0
Number of Points =    400
 -1.9950122626E+00  5.0591575591E-06 -8.9369190364E-04  1.6913400240E-01  3.3328842665E-01
 -1.9949617240E+00  2.3743116548E-02 -8.9024959539E-04  1.6904485411E-01  3.3320588355E-01
 -1.9948001967E+00  4.8742574596E-02 -8.8801645565E-04  1.6875886030E-01  3.3294033816E-01
 -1.9945312389E+00  7.3741109505E-02 -8.8718940187E-04  1.6827805992E-01  3.3249116510E-01
 -1.9941609161E+00  9.8738350707E-02 -8.8773381256E-04  1.6760622984E-01  3.3185777950E-01
 -1.9936973591E+00  1.2373403950E-01 -8.8960361108E-04  1.6674848767E-01  3.3103951662E-01
 -1.9931503928E+00  1.4872804501E-01 -8.9274324597E-04  1.6571111029E-01  3.3003577760E-01
 -1.9925311223E+00  1.7372036618E-01 -8.9708990143E-04  1.6450133030E-01  3.2884619662E-01
 -1.9918515077E+00  1.9871112146E-01 -9.0257576698E-04  1.6312712628E-01  3.2747081712E-01
 -1.9911239590E+00  2.2370052892E-01 -9.0913021764E-04  1.6159702027E-01  3.2591026517E-01
 -1.9903609685E+00  2.4868888055E-01 -9.1668179439E-04  1.5991989295E-01  3.2416590896E-01
 -1.9895747967E+00  2.7367651423E-01 -9.2515991653E-04  1.5810482251E-01  3.2223999552E-01
 -1.9887772142E+00  2.9866378643E-01 -9.3449629699E-04  1.5616095029E-01  3.2013575779E-01
 -1.9879793012E+00  3.2365104779E-01 -9.4462606239E-04  1.5409737321E-01  3.1785748757E-01
 -1.9871912979E+00  3.4863862299E-01 -9.5548860160E-04  1.5192306101E-01  3.1541057168E-01
 -1.9864225000E+00  3.7362679560E-01 -9.6702817922E-04  1.4964679527E-01  3.1280149103E-01
 -1.9856811897E+00  3.9861579777E-01 -9.7919435577E-04  1.4727712671E-01  3.1003778348E-01
 -1.9849745954E+00  4.2360580461E-01 -9.9194225627E-04  1.4482234700E-01  3.0712797301E-01
 -1.9843088705E+00  4.4859693255E-01 -1.0052327256E-03  1.4229047188E-01  3.0408146853E-01
 -1.9836890869E+00  4.7358924106E-01 -1.0190324034E-03  1.3968923259E-01  3.0090843669E-01
 -1.9831192352E+00  4.9858273709E-01 -1.0333137446E-03  1.3702607322E-01  2.9761965328E-01
 -1.9826022303E+00  5.2357738145E-01 -1.0480550071E-03  1.3430815208E-01  2.9422633852E-01
 -1.9821399152E+00  5.4857309668E-01 -1.0632402191E-03  1.3154234559E-01  2.9073998126E-01
 -1.9817330642E+00  5.7356977590E-01 -1.0788591362E-03  1.2873525377E-01  2.8717215756E-01
 -1.9813813816E+00  5.9856729204E-01 -1.0949071916E-03  1.2589320639E-01  2.8353434867E-01
 -1.9810834963E+00  6.2356550721E-01 -1.1113854394E-03  1.2302226968E-01  2.7983776312E-01
 -1.9808369515E+00  6.4856428165E-01 -1.1283004851E-03  1.2012825314E-01  2.7609316774E-01
 -1.9806381909E+00  6.7356348202E-01 -1.1456643977E-03  1.1721671657E-01  2.7231073125E-01
 -1.9804825419E+00  6.9856298841E-01 -1.1634945914E-03  1.1429297756E-01  2.6849988423E-01
 -1.9803641995E+00  7.2356269967E-01 -1.1818136639E-03  1.1136211952E-01  2.6466919832E-01
 -1.9802762126E+00  7.4856253657E-01 -1.2006491772E-03  1.0842900070E-01  2.6082628695E-01
 -1.9802104774E+00  7.7356244210E-01 -1.2200333664E-03  1.0549826455E-01  2.5697772954E-01
 -1.9801577438E+00  7.9856237840E-01 -1.2400027613E-03  1.0257435170E-01  2.5312902023E-01
 -1.9801076398E+00  8.2356231969E-01 -1.2605977092E-03  9.9661513962E-02  2.4928454181E-01
 -1.9800487222E+00  8.4856224085E-01 -1.2818617917E-03  9.6763830460E-02  2.4544756509E-01
 -1.9799685606E+00  8.7356210138E-01 -1.3038411333E-03  9.3885225846E-02  2.4162027338E-01
 -1.9798538640E+00  8.9856182507E-01 -1.3265836101E-03  9.1029490425E-02  2.3780381139E-01
 -1.9796906574E+00  9.2356127608E-01 -1.3501379748E-03  8.8200301557E-02  2.3399835790E-01
 -1.9794645142E+00  9.4856023312E-01 -1.3745529282E-03  8.5401245398E-02  2.3020322080E-01
 -1.9791608511E+00  9.7355836404E-01 -1.3998761792E-03  8.2635837667E-02  2.2641695342E-01
 -1.9787652838E+00  9.9855520427E-01 -1.4261535450E-03  7.9907541749E-02  2.2263749055E-01
 -1.9782640414E+00  1.0235501430E+00 -1.4534281538E-03  7.7219782238E-02  2.1886230244E-01
 -1.9776444280E+00  1.0485424217E+00 -1.4817398170E-03  7.4575951922E-02  2.1508856449E-01
 -1.9768953174E+00  1.0735311485E+00 -1.5111246343E-03  7.1979410444E-02  2.1131334007E-01
 -1.9760076575E+00  1.0985153324E+00 -1.5416148898E-03  6.9433473344E-02  2.0753377266E-01
 -1.9749749599E+00  1.1234939377E+00 -1.5732392798E-03  6.6941390992E-02  2.0374728300E-01
 -1.9737937463E+00  1.1484659582E+00 -1.6060234949E-03  6.4506317924E-02  1.9995176546E-01
 -1.9724639277E+00  1.1734305053E+00 -1.6399911532E-03  6.2131274194E-02  1.9614577715E-01
 -1.9709890938E+00  1.1983869062E+00 -1.6751650586E-03  5.9819101366E-02  1.9232871216E-01
 -1.9693767025E+00  1.2233348000E+00 -1.7115687397E-03  5.7572416464E-02  1.8850095321E-01
 -1.9676381664E+00  1.2482742243E+00 -1.7492282094E-03  5.5393567509E-02  1.8466399307E-01
 -1.9657888452E+00  1.2732056829E+00 -1.7881738848E-03  5.3284594078E-02  1.8082051896E-01
 -1.9638479611E+00  1.2981301849E+00 -1.8284426093E-03  5.1247195671E-02  1.7697445483E-01
 -1.9618384629E+00  1.3230492523E+00 -1.8700797327E-03  4.9282709755E-02  1.7313095824E-01
 -1.9597868653E+00  1.3479648905E+00 -1.9131412238E-03  4.7392100266E-02  1.6929637095E-01
 -1.9577230927E+00  1.3728795218E+00 -1.9576958072E-03  4.5575956309E-02  1.6547812474E-01
 -1.9556803528E+00  1.3977958811E+00 -2.0038271340E-03  4.3834499957E-02  1.6168460574E-01
 -1.9536950607E+00  1.4227168730E+00 -2.0516360109E-03  4.2167601444E-02  1.5792498257E-01
 -1.9518068295E+00  1.4476453899E+00 -2.1012427138E-03  4.0574799737E-02  1.5420900425E-01
 -1.9500585343E+00  1.4725840867E+00 -2.1527894136E-03  3.9055326411E-02  1.5054677467E-01
 -1.9484964507E+00  1.4975351051E+00 -2.2064427246E-03  3.7608130856E-02  1.4694850999E-01
 -1.9471704584E+00  1.5224997376E+00 -2.2623963577E-03  3.6231905148E-02  1.4342428542E-01
 -1.9461342913E+00  1.5474780184E+00 -2.3208738147E-03  3.4925107202E-02  1.3998377652E-01
 -1.9454457988E+00  1.5724682232E+00 -2.3821309850E-03  3.3685981233E-02  1.3663600013E-01
 -1.9451671667E+00  1.5974662622E+00 -2.4464584051E-03  3.2512574913E-02  1.3338905914E-01
 -1.9453650178E+00  1.6224649529E+00 -2.5141827958E-03  3.1402753028E-02  1.3024989538E-01
 -1.9461102841E+00  1.6474531715E+00 -2.5856673129E-03  3.0354207794E-02  1.2722405589E-01
 -1.9474777018E+00  1.6724149034E+00 -2.6613097338E-03  2.9364466466E-02  1.2431547926E-01
 -1.9495447495E+00  1.6973282567E+00 -2.7415376042E-03  2.8430897266E-02  1.2152631161E-01
 -1.9523898295E+00  1.7221645613E+00 -2.8267992561E-03  2.7550715124E-02  1.1885676580E-01
 -1.9560895174E+00  1.7468877591E+00 -2.9175497230E-03  2.6720989141E-02  1.1630504144E-01
 -1.9607148036E+00  1.7714543690E+00 -3.0142310889E-03  2.5938653990E-02  1.1386732659E-01
 -1.9663264513E+00  1.7958143581E+00 -3.1172478620E-03  2.5200527601E-02  1.1153790179E-01
 -1.9729698979E+00  1.8199132011E+00 -3.2269395249E-03  2.4503337235E-02  1.0930936109E-01
 -1.9806704603E+00  1.8436952121E+00 -3.3435541133E-03  2.3843755440E-02  1.0717295032E-01
 -1.9894298268E+00  1.8671078877E+00 -3.4672277480E-03  2.3218446094E-02  1.0511900192E-01
 -1.9992247569E+00  1.8901066013E+00 -3.5979746618E-03  2.2624119011E-02  1.0313742296E-01
 -2.0100084905E+00  1.9126587240E+00 -3.7356900938E-03  2.2057589398E-02  1.0121817791E-01
 -2.0217146989E+00  1.9347462891E+00 -3.8801651414E-03  2.1515836650E-02  9.9351707103E-02
 -2.0342631707E+00  1.9563666982E+00 -4.0311097026E-03  2.0996056150E-02  9.7529238368E-02
 -2.0475660965E+00  1.9775315064E+00 -4.1881782999E-03  2.0495698582E-02  9.5742975012E-02
 -2.0615338916E+00  1.9982637911E+00 -4.3509941502E-03  2.0012493488E-02  9.3986169368E-02
 -2.0760798511E+00  2.0185948165E+00 -4.5191686444E-03  1.9544456661E-02  9.2253107749E-02
 -2.0911233693E+00  2.0385606632E+00 -4.6923153574E-03  1.9089883429E-02  9.0539038433E-02
 -2.1065917981E+00  2.0581992854E+00 -4.8700591081E-03  1.8647331298E-02  8.8840071105E-02
 -2.1224212065E+00  2.0775482242E+00 -5.0520412370E-03  1.8215595829E-02  8.7153068670E-02
 -2.1385563596E+00  2.0966430152E+00 -5.2379223375E-03  1.7793683154E-02  8.5475544267E-02
 -2.1549502066E+00  2.1155162144E+00 -5.4273834430E-03  1.7380781806E-02  8.3805569752E-02
 -2.1715631035E+00  2.1341969121E+00 -5.6201263596E-03  1.6976235637E-02  8.2141697492E-02
 -2.1883619286E+00  2.1527106020E+00 -5.8158735576E-03  1.6579518895E-02  8.0482894814E-02
 -2.2053191922E+00  2.1710792849E+00 -6.0143678399E-03  1.6190213987E-02  7.8828489304E-02
 -2.2224121993E+00  2.1893217144E+00 -6.2153718848E-03  1.5807992062E-02  7.7178122857E-02
 -2.2396222937E+00  2.2074537151E+00 -6.4186676992E-03  1.5432596336E-02  7.5531712512E-02
 -2.2569341962E+00  2.2254885260E+00 -6.6240559910E-03  1.5063827930E-02  7.3889416447E-02
 -2.2743354349E+00  2.2434371410E+00 -6.8313554615E-03  1.4701533979E-02  7.2251603846E-02
 -2.2918158631E+00  2.2613086272E+00 -7.0404020231E-03  1.4345597690E-02  7.0618827718E-02
 -2.3093672543E+00  2.2791104123E+00 -7.2510479508E-03  1.3995930104E-02  6.8991799987E-02
 -2.3269829647E+00  2.2968485388E+00 -7.4631609799E-03  1.3652463285E-02  6.7371368409E-02
 -2.3446576545E+00  2.3145278837E+00 -7.6766233667E-03  1.3315144727E-02  6.5758495008E-02
 -2.3623870570E+00  2.3321523475E+00 -7.8913309275E-03  1.2983932779E-02  6.4154235858E-02
 -2.3801677885E+00  2.3497250129E+00 -8.1071920736E-03  1.2658792928E-02  6.2559722085E-02
 -2.3979971924E+00  2.3672482807E+00 -8.3241268547E-03  1.2339694792E-02  6.0976142033E-02
 -2.4158732107E+00  2.3847239815E+00 -8.5420660253E-03  1.2026609714E-02  5.9404724569E-02
 -2.4337942777E+00  2.4021534711E+00 -8.7609501414E-03  1.1719508859E-02  5.7846723510E-02
 -2.4517592335E+00  2.4195377093E+00 -8.9807286967E-03  1.1418361727E-02  5.6303403172E-02
 -2.4697672515E+00  2.4368773256E+00 -9.2013593025E-03  1.1123135022E-02  5.4776025034E-02
 -2.4878177790E+00  2.4541726749E+00 -9.4228069150E-03  1.0833791814E-02  5.3265835537E-02
 -2.5059104876E+00  2.4714238834E+00 -9.6450431104E-03  1.0550290952E-02  5.1774054988E-02
 -2.5240452322E+00  2.4886308878E+00 -9.8680454104E-03  1.0272586682E-02  5.0301867582E-02
 -2.5422220159E+00  2.5057934679E+00 -1.0091796654E-02  1.0000628442E-02  4.8850412512E-02
 -2.5604409618E+00  2.5229112744E+00 -1.0316284419E-02  9.7343607990E-03  4.7420776159E-02
 -2.5787022881E+00  2.5399838524E+00 -1.0541500484E-02  9.4737235127E-03  4.6013985325E-02
 -2.5970062873E+00  2.5570106616E+00 -1.0767440332E-02  9.2186516892E-03  4.4631001478E-02
 -2.6153533094E+00  2.5739910936E+00 -1.0994102704E-02  8.9690760224E-03  4.3272715981E-02
 -2.6337437462E+00  2.5909244862E+00 -1.1221489172E-02  8.7249230951E-03  4.1939946241E-02
 -2.6521780189E+00  2.6078101369E+00 -1.1449603759E-02  8.4861157318E-03  4.0633432754E-02
 -2.6706565672E+00  2.6246473136E+00 -1.1678452589E-02  8.2525733877E-03  3.9353836979E-02
 -2.6891798398E+00  2.6414352642E+00 -1.1908043558E-02  8.0242125635E-03  3.8101739995E-02
 -2.7077482867E+00  2.6581732252E+00 -1.2138386039E-02  7.8009472377E-03  3.6877641883E-02
 -2.7263623520E+00  2.6748604291E+00 -1.2369490605E-02  7.5826893055E-03  3.5681961774E-02
 -2.7450224681E+00  2.6914961105E+00 -1.2601368781E-02  7.3693490191E-03  3.4515038508E-02
 -2.7637290509E+00  2.7080795123E+00 -1.2834032808E-02  7.1608354212E-03  3.3377131850E-02
 -2.7824824953E+00  2.7246098904E+00 -1.3067495427E-02  6.9570567671E-03  3.2268424194E-02
 -2.8012831716E+00  2.7410865179E+00 -1.3301769682E-02  6.7579209308E-03  3.1189022707E-02
 -2.8201314227E+00  2.7575086895E+00 -1.3536868733E-02  6.5633357902E-03  3.0138961865E-02
 -2.8390275612E+00  2.7738757246E+00 -1.3772805686E-02  6.3732095888E-03  2.9118206306E-02
 -2.8579718674E+00  2.7901869703E+00 -1.4009593430E-02  6.1874512709E-03  2.8126653974E-02
 -2.8769645874E+00  2.8064418048E+00 -1.4247244490E-02  6.0059707890E-03  2.7164139490E-02
 -2.8960059317E+00  2.8226396394E+00 -1.4485770884E-02  5.8286793801E-03  2.6230437715E-02
 -2.9150960735E+00  2.8387799210E+00 -1.4725183993E-02  5.6554898129E-03  2.5325267448E-02
 -2.9342351479E+00  2.8548621348E+00 -1.4965494433E-02  5.4863166018E-03  2.4448295244E-02
