 AIMInt (Version 19.02.13, Professional)
 Portions Copyright (c) 1997-2019 by Todd A. Keith
 AIMInt is a component of the AIMAll package ( http://aim.tkgristmill.com )

 TP:  64-bit Linux

 Licensed To:  Research Group of Fernando Cortes Guzman, UNAM, fercor@unam.mx

 AIMInt is a heavily modified and extended version of the PROAIMV program
 developed by members of R.F.W. Bader's research group

 Much of the Quantum Theory of Atoms in Molecules (QTAIM) is described in the book:
   "Atoms in Molecules - A Quantum Theory"
   R.F.W. Bader, Oxford University Press, Oxford, 1990

 For additional references see:  http://aim.tkgristmill.com/references.html

 Current Directory:  /home/scratch/M_H2O_4_cuadrado_plano/Opt

 Inp File:  Mn4_cuadrado_plano_cc-pvtz-def2-tzv_5_atomicfiles/o6.inp
 Wfx File:  Mn4_cuadrado_plano_cc-pvtz-def2-tzv_5.wfx
 Out File:  Mn4_cuadrado_plano_cc-pvtz-def2-tzv_5_atomicfiles/o6.int

 Wfx Title:   Mn4_cuadrado_plano_cc-pvtz-def2-tzv_5                                         
 Job Title:   Mn4_cuadrado_plano_cc-pvtz-def2-tzv_5                                         
 
<Atom>
O6      
</Atom>
<Nuclei of Molecule>
    13
Mn1       25.0          -8.2444077252E-04  -2.7075205548E-08   6.0363221374E-05
O2         8.0           3.4584025307E+00  -7.6601552524E-06  -5.9044609246E-05
H3         1.0           4.6113391862E+00  -1.4208010876E-04  -1.5420600078E+00
O4         8.0          -3.4579956583E+00   7.5884710137E-06   2.0499617002E-05
H5         1.0          -4.6111615871E+00  -1.4680348848E-04   1.5420112080E+00
O6         8.0           7.2500156215E-04   3.4581989294E+00  -4.2882217920E-05
H7         1.0           1.5401619406E+00   4.6349545792E+00   5.1582952270E-04
O8         8.0           7.0974256899E-04  -3.4581990004E+00  -4.4635356437E-05
H9         1.0          -1.5374717571E+00  -4.6366589217E+00  -6.9083901389E-04
H10        1.0           1.5401427810E+00  -4.6349594388E+00   5.2768686989E-04
H11        1.0          -4.6112826758E+00   1.6520471885E-04  -1.5418732078E+00
H12        1.0          -1.5374524434E+00   4.6366641684E+00  -6.7454040465E-04
H13        1.0           4.6116026429E+00   1.2511039799E-04   1.5417432906E+00
</Nuclei of Molecule>
<Total Number of CPs of DelSqRho>
    36
</Total Number of CPs of DelSqRho>
<Number of (3,+3) CPs of DelSqRho>
     4
</Number of (3,+3) CPs of DelSqRho>
<Number of (3,+1) CPs of DelSqRho>
    13
</Number of (3,+1) CPs of DelSqRho>
<Number of (3,-1) CPs of DelSqRho>
    14
</Number of (3,-1) CPs of DelSqRho>
<Number of (3,-3) CPs of DelSqRho>
     5
</Number of (3,-3) CPs of DelSqRho>
<Number of Degenerate CPs of DelSqRho>
     0
</Number of Degenerate CPs of DelSqRho>
<CP of DelSqRho>
CP# = 1       
Type = (3,+3)
Coords =  7.25001634047011E-04  3.45819913928660E+00 -4.28822330891669E-05
DistFromNuc =  2.0988761039E-07
Rho =  2.9747342143E+02
DelSqRho = -3.3307906032E+06
GradDelSqRho =  1.3824550393E-09 -2.6665846235E-05 -3.2652103243E-10
HessDelSqRho_EigVals =  1.3245497077E+11  1.3245498540E+11  1.3245498926E+11
HessDelSqRho_EigVec1 = -4.2466429940E-04  1.7459747712E-05  9.9999990968E-01
HessDelSqRho_EigVec2 =  8.7888505009E-05  9.9999999599E-01 -1.7422426105E-05
HessDelSqRho_EigVec3 =  9.9999990597E-01 -8.7881098388E-05  4.2466583220E-04
</CP of DelSqRho>
<CP of DelSqRho>
CP# = 2       
Type = (3,+1)
Coords = -6.14039278111569E-03  1.99353301842574E+00  1.31417018494854E-05
DistFromNuc =  1.4646820022E+00
Rho =  1.6731248932E-01
DelSqRho =  3.8193570338E-01
GradDelSqRho =  4.1523251851E-13  2.9865623863E-12 -2.9080335145E-17
HessDelSqRho_EigVals = -8.4372401524E-01  3.3193631855E-02  4.7947028186E+00
HessDelSqRho_EigVec1 = -3.6220097497E-04  2.7858544182E-05  9.9999993402E-01
HessDelSqRho_EigVec2 =  9.9999831547E-01  1.7994177559E-03  3.6215025957E-04
HessDelSqRho_EigVec3 = -1.7994075482E-03  9.9999838066E-01 -2.8510248119E-05
</CP of DelSqRho>
<CP of DelSqRho>
CP# = 3       
Type = (3,+1)
Coords =  9.57744365606445E-01  4.17317615838078E+00  3.00930744134322E-04
DistFromNuc =  1.1946039592E+00
Rho =  3.8129986584E-01
DelSqRho = -7.9547438346E-01
GradDelSqRho =  4.0080092023E-12  2.6341984150E-12  1.4328815912E-15
HessDelSqRho_EigVals = -2.4933404179E+01  1.2309392657E+01  1.2482950167E+01
HessDelSqRho_EigVec1 =  7.9120821644E-01  6.1154678808E-01  2.9020399450E-04
HessDelSqRho_EigVec2 = -2.5704149130E-04 -1.4198528026E-04  9.9999995688E-01
HessDelSqRho_EigVec3 = -6.1154680292E-01  7.9120825692E-01 -4.4852978052E-05
</CP of DelSqRho>
<CP of DelSqRho>
CP# = 4       
Type = (3,+1)
Coords = -9.55525386684263E-01  4.17423018438036E+00 -4.33080128461771E-04
DistFromNuc =  1.1946194856E+00
Rho =  3.8128571042E-01
DelSqRho = -7.9539002925E-01
GradDelSqRho = -4.8935265562E-12  3.2160524244E-12 -1.9913541302E-15
HessDelSqRho_EigVals = -2.4929916588E+01  1.2307960793E+01  1.2481376982E+01
HessDelSqRho_EigVec1 =  7.9053955961E-01 -6.1241088974E-01  3.2683863594E-04
HessDelSqRho_EigVec2 = -3.2438904296E-04  1.1494936912E-04  9.9999994078E-01
HessDelSqRho_EigVec3 =  6.1241089104E-01  7.9053961881E-01  1.0778735878E-04
</CP of DelSqRho>
<CP of DelSqRho>
CP# = 5       
Type = (3,+1)
Coords =  7.43207486424158E-04  3.62679017499718E+00 -1.48705781194363E-04
DistFromNuc =  1.6859127979E-01
Rho =  2.2404410033E+01
DelSqRho =  1.2528693772E+03
GradDelSqRho =  8.4376949872E-15  9.6008534456E-11 -2.7033930650E-14
HessDelSqRho_EigVals = -4.1118441995E+05  1.4888246539E+02  6.5362486563E+02
HessDelSqRho_EigVec1 =  1.0690847595E-04  9.9999979620E-01 -6.2941470663E-04
HessDelSqRho_EigVec2 = -7.2374196922E-04  6.2949191952E-04  9.9999953997E-01
HessDelSqRho_EigVec3 =  9.9999973238E-01 -1.0645289293E-04  7.2380911974E-04
</CP of DelSqRho>
<CP of DelSqRho>
CP# = 6       
Type = (3,-3)
Coords =  3.88208484912966E-04  3.29086401837314E+00 -4.67572144026402E-05
DistFromNuc =  1.6733525000E-01
Rho =  2.2683063067E+01
DelSqRho =  1.2808405282E+03
GradDelSqRho =  4.1522341121E-14  3.9278802433E-11  7.8409501114E-16
HessDelSqRho_EigVals = -4.4126531329E+05 -8.8850540823E+02 -5.8379917529E+01
HessDelSqRho_EigVec1 =  2.0066524574E-03  9.9999798641E-01  2.2868102686E-05
HessDelSqRho_EigVec2 = -5.8780624122E-04 -2.1688619563E-05  9.9999982701E-01
HessDelSqRho_EigVec3 =  9.9999781391E-01 -2.0066655522E-03  5.8776153609E-04
</CP of DelSqRho>
<CP of DelSqRho>
CP# = 7       
Type = (3,-1)
Coords =  6.25431318610169E-01  3.16726624744804E+00  2.36960872942523E-04
DistFromNuc =  6.8912980366E-01
Rho =  7.5441650134E-01
DelSqRho = -1.8328874174E+00
GradDelSqRho = -2.4868995752E-14  5.8841820305E-15 -7.3725747729E-18
HessDelSqRho_EigVals = -1.6078693478E+01 -5.3968682931E+00  1.8385007220E+02
HessDelSqRho_EigVec1 =  4.3219523942E-01  9.0178005796E-01  4.5814381157E-05
HessDelSqRho_EigVec2 = -3.8053032913E-04  1.3157201494E-04  9.9999991894E-01
HessDelSqRho_EigVec3 =  9.0177997883E-01 -4.3219522182E-01  4.0001946075E-04
</CP of DelSqRho>
<CP of DelSqRho>
CP# = 8       
Type = (3,-1)
Coords = -6.24301459983160E-01  3.16792424429915E+00 -3.42900525815594E-04
DistFromNuc =  6.8914262708E-01
Rho =  7.5437233647E-01
DelSqRho = -1.8325567073E+00
GradDelSqRho =  1.2212453271E-14 -2.0039525594E-14  1.6913553891E-17
HessDelSqRho_EigVals = -1.6079377118E+01 -5.3970426809E+00  1.8382664233E+02
HessDelSqRho_EigVec1 = -4.3122967397E-01  9.0224218356E-01 -1.0241431109E-04
HessDelSqRho_EigVec2 = -4.2926466910E-04 -9.1657609882E-05  9.9999990367E-01
HessDelSqRho_EigVec3 =  9.0224208726E-01  4.3122967639E-01  4.2682617360E-04
</CP of DelSqRho>
<CP of DelSqRho>
CP# = 9       
Type = (3,+1)
Coords =  1.12076118770687E-03  4.15769383558077E+00 -1.77058856622810E-04
DistFromNuc =  6.9949503101E-01
Rho =  7.3334501456E-01
DelSqRho = -1.7192422240E+00
GradDelSqRho = -4.6490589156E-16  1.9095836024E-14 -6.3019251276E-18
HessDelSqRho_EigVals = -2.1227277630E+01  1.5249196117E+00  1.6820081052E+02
HessDelSqRho_EigVec1 =  9.9999978383E-01 -5.5825843554E-04  3.4740455269E-04
HessDelSqRho_EigVec2 = -3.4729168359E-04  2.0226496589E-04  9.9999991924E-01
HessDelSqRho_EigVec3 =  5.5832865822E-04  9.9999982372E-01 -2.0207104365E-04
</CP of DelSqRho>
<CP of DelSqRho>
CP# = 10      
Type = (3,+3)
Coords =  3.92141949480741E-04  2.79421872354056E+00  1.29420988018083E-04
DistFromNuc =  6.6398031165E-01
Rho =  8.7492390520E-01
DelSqRho = -3.8204250023E+00
GradDelSqRho =  2.9837243787E-16 -2.2915003228E-13 -3.0104391202E-14
HessDelSqRho_EigVals =  1.4285125619E+00  1.7863349813E+01  2.5778198973E+02
HessDelSqRho_EigVec1 = -4.0823368016E-04  2.6499055389E-04  9.9999988156E-01
HessDelSqRho_EigVec2 =  9.9999979665E-01 -4.8984429256E-04  4.0836344962E-04
HessDelSqRho_EigVec3 =  4.8995244700E-04  9.9999984492E-01 -2.6479052907E-04
</CP of DelSqRho>
<CP of DelSqRho>
CP# = 11      
Type = (3,-1)
Coords =  9.00508684629808E-04  4.01059462149083E+00  4.21133243168300E-01
DistFromNuc =  6.9464405276E-01
Rho =  7.2717510774E-01
DelSqRho = -1.6473348082E+00
GradDelSqRho = -7.8322764940E-16 -7.7715611724E-15 -7.8270723236E-15
HessDelSqRho_EigVals = -1.4607906061E+01 -2.3273676377E+00  1.7275769387E+02
HessDelSqRho_EigVec1 =  9.9999981287E-01 -5.3278732730E-04  3.0065101212E-04
HessDelSqRho_EigVec2 = -5.6691694196E-04 -6.2236840385E-01  7.8272424806E-01
HessDelSqRho_EigVec3 =  2.2990986961E-04  7.8272427203E-01  6.2236858943E-01
</CP of DelSqRho>
<CP of DelSqRho>
CP# = 12      
Type = (3,-1)
Coords =  1.17929689621367E-03  4.01057715620101E+00 -4.21237543088042E-01
DistFromNuc =  6.9464152926E-01
Rho =  7.2718569165E-01
DelSqRho = -1.6474413050E+00
GradDelSqRho = -2.4112656316E-16  5.0737192225E-14 -2.5701663020E-14
HessDelSqRho_EigVals = -1.4608089909E+01 -2.3261318601E+00  1.7276180923E+02
HessDelSqRho_EigVec1 =  9.9999977671E-01 -5.9632178149E-04  3.0163217811E-04
HessDelSqRho_EigVec2 =  1.3506143645E-04  6.2239764340E-01  7.8270119155E-01
HessDelSqRho_EigVec3 =  6.5447692575E-04  7.8270097604E-01 -6.2239758496E-01
</CP of DelSqRho>
<CP of DelSqRho>
CP# = 13      
Type = (3,+1)
Coords =  4.39965667705514E-01  3.45021017675873E+00  5.19211236198144E-01
DistFromNuc =  6.8016249710E-01
Rho =  7.7290467916E-01
DelSqRho = -2.2978589950E+00
GradDelSqRho = -1.9796664308E-14 -7.7715611724E-16 -2.5424107264E-14
HessDelSqRho_EigVals = -1.1789576086E+01  5.6767614517E+00  2.0458767070E+02
HessDelSqRho_EigVec1 =  5.2167210129E-01  7.5009850014E-01 -4.0646089458E-01
HessDelSqRho_EigVec2 =  5.7204271998E-01 -6.6099789251E-01 -4.8564278293E-01
HessDelSqRho_EigVec3 =  6.3294971779E-01 -2.0833295348E-02  7.7391254581E-01
</CP of DelSqRho>
<CP of DelSqRho>
CP# = 14      
Type = (3,+1)
Coords = -4.38843018510629E-01  3.45071581881934E+00  5.18935146995625E-01
DistFromNuc =  6.8015750824E-01
Rho =  7.7291366870E-01
DelSqRho = -2.2979572156E+00
GradDelSqRho = -1.1574075032E-14 -1.6653345369E-15  1.3350431871E-14
HessDelSqRho_EigVals = -1.1788067251E+01  5.6785310238E+00  2.0459446134E+02
HessDelSqRho_EigVec1 = -5.2057490981E-01  7.5067139542E-01 -4.0680980737E-01
HessDelSqRho_EigVec2 =  5.7248616330E-01  6.6037014556E-01  4.8597413891E-01
HessDelSqRho_EigVec3 = -6.3345193670E-01 -2.0092957721E-02  7.7352111603E-01
</CP of DelSqRho>
<CP of DelSqRho>
CP# = 15      
Type = (3,+1)
Coords =  4.40317542021525E-01  3.45017024509331E+00 -5.18987802034904E-01
DistFromNuc =  6.8015431426E-01
Rho =  7.7292964107E-01
DelSqRho = -2.2980940479E+00
GradDelSqRho = -1.6757428778E-14 -5.5511151231E-16  7.5495165675E-15
HessDelSqRho_EigVals = -1.1787199255E+01  5.6781688491E+00  2.0460279342E+02
HessDelSqRho_EigVec1 =  5.2136695907E-01  7.5015436155E-01  4.0674921984E-01
HessDelSqRho_EigVec2 =  5.7172756008E-01 -6.6093277066E-01  4.8610232433E-01
HessDelSqRho_EigVec3 = -6.3348566758E-01  2.0887951612E-02  7.7347243160E-01
</CP of DelSqRho>
<CP of DelSqRho>
CP# = 16      
Type = (3,+1)
Coords = -4.38437168648272E-01  3.45069514148560E+00 -5.19375696913549E-01
DistFromNuc =  6.8016637009E-01
Rho =  7.7288095530E-01
DelSqRho = -2.2976557512E+00
GradDelSqRho = -1.4363510381E-15 -1.4432899320E-15  2.3869795029E-15
HessDelSqRho_EigVals = -1.1788677272E+01  5.6759255524E+00  2.0457632093E+02
HessDelSqRho_EigVec1 = -5.2090872353E-01  7.5067241362E-01  4.0638039959E-01
HessDelSqRho_EigVec2 =  5.7286183282E-01  6.6036819450E-01 -4.8553390014E-01
HessDelSqRho_EigVec3 =  6.3283759547E-01  2.0119023621E-02  7.7402312798E-01
</CP of DelSqRho>
<CP of DelSqRho>
CP# = 17      
Type = (3,+3)
Coords =  5.74274255825079E-01  3.84565439136897E+00  1.38657087910020E-04
DistFromNuc =  6.9215642382E-01
Rho =  8.2874643442E-01
DelSqRho = -3.8852247114E+00
GradDelSqRho = -5.5511151231E-17 -4.0245584643E-15 -1.4745149546E-17
HessDelSqRho_EigVals =  1.9339047936E+01  2.4304642484E+01  1.8629755694E+02
HessDelSqRho_EigVec1 = -3.5622882583E-04  9.3078270718E-05  9.9999993222E-01
HessDelSqRho_EigVec2 = -5.4298635985E-01  8.3974147168E-01 -2.7158909585E-04
HessDelSqRho_EigVec3 =  8.3974144004E-01  5.4298641979E-01  2.4859988706E-04
</CP of DelSqRho>
<CP of DelSqRho>
CP# = 18      
Type = (3,+3)
Coords = -5.72386882626989E-01  3.84629437004635E+00 -2.58293235476660E-04
DistFromNuc =  6.9215269215E-01
Rho =  8.2875210398E-01
DelSqRho = -3.8853016670E+00
GradDelSqRho =  2.9642954757E-14 -5.0792703377E-15  9.5409791179E-18
HessDelSqRho_EigVals =  1.9339831131E+01  2.4306283324E+01  1.8630204945E+02
HessDelSqRho_EigVec1 = -4.1908958624E-04 -9.0410187530E-05  9.9999990809E-01
HessDelSqRho_EigVec2 =  5.4394285533E-01  8.3912220673E-01  3.0382601017E-04
HessDelSqRho_EigVec3 =  8.3912215708E-01 -5.4394293267E-01  3.0248940287E-04
</CP of DelSqRho>
<CP of DelSqRho>
CP# = 19      
Type = (3,-1)
Coords =  1.37003544189085E-03  4.63475042869839E+00 -1.02479259640817E-04
DistFromNuc =  1.1765516776E+00
Rho =  2.4551013298E-01
DelSqRho =  8.2068081230E-01
GradDelSqRho =  2.5364909825E-16  6.4392935428E-15  2.8166793171E-15
HessDelSqRho_EigVals = -1.6654194142E+01 -3.4971308943E+00  2.9599302456E-01
HessDelSqRho_EigVec1 =  5.5003494483E-04  9.9999984749E-01 -4.9803895593E-05
HessDelSqRho_EigVec2 =  9.9999977796E-01 -5.5001616769E-04  3.7625355036E-04
HessDelSqRho_EigVec3 = -3.7622610003E-04  5.0010837135E-05  9.9999992798E-01
</CP of DelSqRho>
<CP of DelSqRho>
CP# = 20      
Type = (3,-1)
Coords = -1.07363081298820E-04  2.19090504347643E+00  4.14494783535257E-05
DistFromNuc =  1.2672941621E+00
Rho =  2.4189871576E-01
DelSqRho =  4.2064911300E-01
GradDelSqRho = -1.2576745201E-17 -1.0755285551E-16  1.0164395367E-19
HessDelSqRho_EigVals = -7.4425282528E+00 -2.4727560416E-01  9.3214367390E-01
HessDelSqRho_EigVec1 =  7.5144517818E-04  9.9999971445E-01 -8.0198816325E-05
HessDelSqRho_EigVec2 = -3.5560529085E-04  8.0466051853E-05  9.9999993354E-01
HessDelSqRho_EigVec3 =  9.9999965444E-01 -7.5141660911E-04  3.5566565513E-04
</CP of DelSqRho>
<CP of DelSqRho>
CP# = 21      
Type = (3,-3)
Coords =  9.26512840773319E-04  4.32308519513879E+00  7.66146943791107E-01
DistFromNuc =  1.1554545178E+00
Rho =  2.3549775053E-01
DelSqRho =  8.6269520801E-01
GradDelSqRho = -2.1150073880E-16 -4.2327252814E-15 -3.5527136788E-15
HessDelSqRho_EigVals = -1.8940256339E+01 -1.1167696688E+00 -2.9734979643E-01
HessDelSqRho_EigVec1 =  1.5737957376E-04  7.3024396218E-01  6.8318645400E-01
HessDelSqRho_EigVec2 =  9.9999981479E-01 -5.1658892609E-04  3.2181024420E-04
HessDelSqRho_EigVec3 = -5.8792654438E-04 -6.8318627682E-01  7.3024390823E-01
</CP of DelSqRho>
<CP of DelSqRho>
CP# = 22      
Type = (3,+1)
Coords = -1.44973909578962E-04  2.25852563437209E+00  3.59705618382973E-01
DistFromNuc =  1.2524518974E+00
Rho =  2.4447171427E-01
DelSqRho =  4.1331171026E-01
GradDelSqRho =  1.0733601508E-17  3.2404634531E-15 -1.2490009027E-15
HessDelSqRho_EigVals = -9.7037734268E+00  3.3825254337E-01  1.0285047973E+00
HessDelSqRho_EigVec1 =  7.4055975044E-04  9.4199770354E-01 -3.3561850084E-01
HessDelSqRho_EigVec2 =  1.2332412123E-04  3.3561850429E-01  9.4199798533E-01
HessDelSqRho_EigVec3 =  9.9999971818E-01 -7.3899564962E-04  1.3237451679E-04
</CP of DelSqRho>
<CP of DelSqRho>
CP# = 23      
Type = (3,-3)
Coords =  1.48657113888840E-03  4.32303404964107E+00 -7.66294264682362E-01
DistFromNuc =  1.1554572888E+00
Rho =  2.3549791755E-01
DelSqRho =  8.6268896486E-01
GradDelSqRho = -5.3315641832E-17 -1.0963452368E-15 -3.0531133177E-16
HessDelSqRho_EigVals = -1.8940252313E+01 -1.1167332627E+00 -2.9732690875E-01
HessDelSqRho_EigVec1 =  6.5508449444E-04  7.3019648367E-01 -6.8323690335E-01
HessDelSqRho_EigVec2 =  9.9999977783E-01 -5.6260644985E-04  3.5752035104E-04
HessDelSqRho_EigVec3 =  1.2333338543E-04  6.8323698576E-01  7.3019668999E-01
</CP of DelSqRho>
<CP of DelSqRho>
CP# = 24      
Type = (3,+1)
Coords =  1.07489965618300E-04  2.25850895573264E+00 -3.59730049184421E-01
DistFromNuc =  1.2524501077E+00
Rho =  2.4447171791E-01
DelSqRho =  4.1330595725E-01
GradDelSqRho =  2.6888213878E-17  5.0480453151E-15  2.7894353494E-15
HessDelSqRho_EigVals = -9.7038804121E+00  3.3834071319E-01  1.0285405956E+00
HessDelSqRho_EigVec1 =  5.0538396929E-04  9.4201482719E-01  3.3557087172E-01
HessDelSqRho_EigVec2 = -7.5810775969E-04 -3.3557045722E-01  9.4201480536E-01
HessDelSqRho_EigVec3 =  9.9999958493E-01 -7.3047806324E-04  5.4455682059E-04
</CP of DelSqRho>
<CP of DelSqRho>
CP# = 25      
Type = (3,-1)
Coords =  8.29495099695873E-01  3.40300155454555E+00  8.32126432862046E-01
DistFromNuc =  1.1757603475E+00
Rho =  2.3597630929E-01
DelSqRho =  7.5049559075E-01
GradDelSqRho = -6.5189520448E-13  8.9366014588E-14 -7.2876427115E-13
HessDelSqRho_EigVals = -1.7333861218E+01 -1.3348519775E+00  2.6857682352E-01
HessDelSqRho_EigVec1 =  6.8307785806E-01 -7.5333851483E-02  7.2644989549E-01
HessDelSqRho_EigVec2 =  5.0705731872E-01  7.6479237412E-01 -3.9747389854E-01
HessDelSqRho_EigVec3 = -5.2564010061E-01  6.3985735544E-01  5.6061131752E-01
</CP of DelSqRho>
<CP of DelSqRho>
CP# = 26      
Type = (3,-1)
Coords = -8.28759365639461E-01  3.40384451395352E+00  8.31469337853831E-01
DistFromNuc =  1.1757598777E+00
Rho =  2.3597539661E-01
DelSqRho =  7.5049866560E-01
GradDelSqRho =  6.7615357757E-13  9.7408192623E-14 -7.4623640600E-13
HessDelSqRho_EigVals = -1.7334084291E+01 -1.3346713927E+00  2.6844192283E-01
HessDelSqRho_EigVec1 = -6.8373537716E-01 -7.4646120478E-02  7.2590212200E-01
HessDelSqRho_EigVec2 =  5.0592489666E-01 -7.6535531959E-01  3.9783317321E-01
HessDelSqRho_EigVec3 =  5.2587634760E-01  6.3926457079E-01  5.6106583889E-01
</CP of DelSqRho>
<CP of DelSqRho>
CP# = 27      
Type = (3,-1)
Coords =  8.30060082512238E-01  3.40300932884101E+00 -8.31650874053542E-01
DistFromNuc =  1.1757612090E+00
Rho =  2.3597565002E-01
DelSqRho =  7.5050889239E-01
GradDelSqRho = -7.0972394628E-13  9.8449026709E-14  7.9571071954E-13
HessDelSqRho_EigVals = -1.7334492276E+01 -1.3346922129E+00  2.6854643453E-01
HessDelSqRho_EigVec1 = -6.8356872729E-01  7.5325403027E-02  7.2598889711E-01
HessDelSqRho_EigVec2 =  5.0678377504E-01  7.6479354980E-01  3.9782035083E-01
HessDelSqRho_EigVec3 = -5.2526564748E-01  6.3985694482E-01 -5.6096264558E-01
</CP of DelSqRho>
<CP of DelSqRho>
CP# = 28      
Type = (3,-1)
Coords = -8.28177151417922E-01  3.40374333158858E+00 -8.32125697527908E-01
DistFromNuc =  1.1757576293E+00
Rho =  2.3597512597E-01
DelSqRho =  7.5048582907E-01
GradDelSqRho =  6.2184979388E-13  8.9431934081E-14  6.8654804064E-13
HessDelSqRho_EigVals = -1.7333480296E+01 -1.3348067010E+00  2.6846538822E-01
HessDelSqRho_EigVec1 =  6.8322905039E-01  7.4740667942E-02  7.2636898148E-01
HessDelSqRho_EigVec2 =  5.0620598076E-01 -7.6540243025E-01 -3.9738473147E-01
HessDelSqRho_EigVec3 =  5.2626378343E-01  6.3919711539E-01 -5.6077934870E-01
</CP of DelSqRho>
<CP of DelSqRho>
CP# = 29      
Type = (3,-3)
Coords =  1.07149600721188E+00  3.00444300237640E+00  2.88919737015447E-04
DistFromNuc =  1.1629467305E+00
Rho =  2.4295500362E-01
DelSqRho =  8.0893075442E-01
GradDelSqRho = -1.8189998119E-12  1.0094702851E-12 -3.9051837393E-13
HessDelSqRho_EigVals = -1.7627106236E+01 -1.3824444525E+00 -3.2763894693E-01
HessDelSqRho_EigVec1 =  9.0762206318E-01 -4.1978817115E-01  2.8599199762E-04
HessDelSqRho_EigVec2 =  4.1978813417E-01  9.0762210712E-01  1.8184354547E-04
HessDelSqRho_EigVec3 = -3.3590842888E-04 -4.4989166843E-05  9.9999994257E-01
</CP of DelSqRho>
<CP of DelSqRho>
CP# = 30      
Type = (3,-3)
Coords = -1.07054812180111E+00  3.00563430007368E+00 -3.58073701393953E-04
DistFromNuc =  1.1629449462E+00
Rho =  2.4295290358E-01
DelSqRho =  8.0886592671E-01
GradDelSqRho =  1.9361751785E-12  1.0708101073E-12 -4.1560279388E-13
HessDelSqRho_EigVals = -1.7626171754E+01 -1.3824698683E+00 -3.2740782064E-01
HessDelSqRho_EigVec1 =  9.0808191149E-01  4.1879251202E-01  2.7184125615E-04
HessDelSqRho_EigVec2 = -4.1879245860E-01  9.0808194691E-01 -2.3303701111E-04
HessDelSqRho_EigVec3 = -3.4444829242E-04  9.7771626487E-05  9.9999993590E-01
</CP of DelSqRho>
<CP of DelSqRho>
CP# = 31      
Type = (3,+1)
Coords =  2.01644195895428E+00  3.93404344065726E+00  5.64733354061894E-03
DistFromNuc =  2.0711289747E+00
Rho =  6.4150330819E-02
DelSqRho =  1.7423098814E-01
GradDelSqRho =  1.7000290065E-16 -2.0339632756E-16 -1.0130514049E-17
HessDelSqRho_EigVals = -2.0675413388E+00  7.5824100812E-04  4.5554257712E-01
HessDelSqRho_EigVec1 =  9.5314994811E-01 -3.0245359810E-01  5.1959039177E-03
HessDelSqRho_EigVec2 = -4.2115725537E-03  3.9065761969E-03  9.9998350052E-01
HessDelSqRho_EigVec3 =  3.0246890597E-01  9.5315610456E-01 -2.4497476268E-03
</CP of DelSqRho>
<CP of DelSqRho>
CP# = 32      
Type = (3,+1)
Coords = -2.01450766754781E+00  3.93625481626205E+00 -6.45816698273907E-03
DistFromNuc =  2.0711690654E+00
Rho =  6.4145099155E-02
DelSqRho =  1.7420621993E-01
GradDelSqRho = -2.7929047963E-16  5.8546917314E-17 -2.2151605637E-17
HessDelSqRho_EigVals = -2.0671015222E+00  7.9832535922E-04  4.5557383802E-01
HessDelSqRho_EigVec1 =  9.5348968128E-01  3.0136878080E-01  5.8553952663E-03
HessDelSqRho_EigVec2 = -4.7534201575E-03 -4.3897567046E-03  9.9997906730E-01
HessDelSqRho_EigVec3 = -3.0138817609E-01  9.5349755532E-01  2.7530552836E-03
</CP of DelSqRho>
<CP of DelSqRho>
CP# = 33      
Type = (3,-1)
Coords =  1.42198244202528E-01  1.99005667670385E+00  6.62917659430854E-05
DistFromNuc =  1.4749428343E+00
Rho =  1.6314842109E-01
DelSqRho =  3.8212262626E-01
GradDelSqRho = -2.9837243787E-16  2.6922908347E-15  2.7105054312E-20
HessDelSqRho_EigVals = -8.4521779413E-01 -6.6091190693E-02  4.9278188271E+00
HessDelSqRho_EigVec1 = -3.5254991872E-04  2.8885259401E-05  9.9999993744E-01
HessDelSqRho_EigVec2 =  9.9901367998E-01 -4.4402052398E-02  3.5348477859E-04
HessDelSqRho_EigVec3 =  4.4402059830E-02  9.9901374210E-01 -1.3202829328E-05
</CP of DelSqRho>
<CP of DelSqRho>
CP# = 34      
Type = (3,-1)
Coords = -1.36073157528028E-01  1.99045188823665E+00 -3.42919616521787E-05
DistFromNuc =  1.4741082434E+00
Rho =  1.6348535740E-01
DelSqRho =  3.8206694732E-01
GradDelSqRho =  5.5511151231E-17  6.1756155745E-16  3.3881317890E-20
HessDelSqRho_EigVals = -8.4504464974E-01 -5.8215278978E-02  4.9185614093E+00
HessDelSqRho_EigVec1 = -3.6906870095E-04  2.7285774178E-05  9.9999993152E-01
HessDelSqRho_EigVec2 =  9.9911000398E-01  4.2178961965E-02  3.6758937081E-04
HessDelSqRho_EigVec3 = -4.2178949047E-02  9.9911007122E-01 -4.2828424647E-05
</CP of DelSqRho>
<CP of DelSqRho>
CP# = 35      
Type = (3,-1)
Coords =  9.83695317196588E-01  5.24571289704974E+00  5.06992668375998E-04
DistFromNuc =  2.0399600801E+00
Rho =  6.5840416745E-02
DelSqRho =  1.8642199280E-01
GradDelSqRho =  5.2041704279E-18  3.8163916471E-16 -1.3052777717E-18
HessDelSqRho_EigVals = -2.3955509481E+00 -1.3980251722E-02  4.2537098502E-01
HessDelSqRho_EigVec1 = -1.2281698039E-01  9.9242932459E-01  1.5819008681E-04
HessDelSqRho_EigVec2 = -2.4779708326E-04 -1.9006267140E-04  9.9999995124E-01
HessDelSqRho_EigVec3 =  9.9242930626E-01  1.2281693520E-01  2.6926401536E-04
</CP of DelSqRho>
<CP of DelSqRho>
CP# = 36      
Type = (3,-1)
Coords = -9.80306197582494E-01  5.24680797357608E+00 -6.17849091786250E-04
DistFromNuc =  2.0399864846E+00
Rho =  6.5837968720E-02
DelSqRho =  1.8641088225E-01
GradDelSqRho =  1.4051260155E-16  4.7531423242E-16 -7.4284789474E-19
HessDelSqRho_EigVals = -2.3953904355E+00 -1.3974307107E-02  4.2537903572E-01
HessDelSqRho_EigVec1 =  1.2389744810E-01  9.9229501953E-01 -1.2874865393E-04
HessDelSqRho_EigVec2 = -3.0161222487E-04  1.6740750278E-04  9.9999994050E-01
HessDelSqRho_EigVec3 =  9.9229498204E-01 -1.2389740189E-01  3.2002967096E-04
</CP of DelSqRho>
<Path of -GradDelSqRho>
Starting CP# =      2
Ending CP# =      0
Number of Points =    400
 -6.1403927811E-03  1.9935330184E+00  1.3141701849E-05  1.6731248932E-01  3.8193570338E-01
 -6.1495676242E-03  1.9934863790E+00  2.5013078897E-02  1.6721405607E-01  3.8167219291E-01
 -6.1589940245E-03  1.9933450381E+00  5.0012662905E-02  1.6691944162E-01  3.8088349865E-01
 -6.1686494453E-03  1.9931110413E+00  7.5011552092E-02  1.6643055483E-01  3.7957511703E-01
 -6.1784971679E-03  1.9927877347E+00  1.0000944686E-01  1.6575052694E-01  3.7775615616E-01
 -6.1884872428E-03  1.9923796606E+00  1.2500610293E-01  1.6488363596E-01  3.7543925499E-01
 -6.1985577775E-03  1.9918924201E+00  1.5000134276E-01  1.6383520723E-01  3.7264046748E-01
 -6.2086364798E-03  1.9913325104E+00  1.7499506200E-01  1.6261149552E-01  3.6937910971E-01
 -6.2186423899E-03  1.9907071442E+00  1.9998723079E-01  1.6121955505E-01  3.6567756850E-01
 -6.2284877319E-03  1.9900240604E+00  2.2497789023E-01  1.5966710341E-01  3.6156107055E-01
 -6.2380798242E-03  1.9892913327E+00  2.4996714483E-01  1.5796238515E-01  3.5705741274E-01
 -6.2473229960E-03  1.9885171839E+00  2.7495515180E-01  1.5611403979E-01  3.5219665525E-01
 -6.2561204724E-03  1.9877098102E+00  2.9994210838E-01  1.5413097807E-01  3.4701078092E-01
 -6.2643762006E-03  1.9868772176E+00  3.2492823821E-01  1.5202226923E-01  3.4153332568E-01
 -6.2719966085E-03  1.9860270757E+00  3.4991377772E-01  1.4979704078E-01  3.3579898599E-01
 -6.2788922947E-03  1.9851665856E+00  3.7489896343E-01  1.4746439161E-01  3.2984321043E-01
 -6.2849796630E-03  1.9843023641E+00  3.9988402064E-01  1.4503331833E-01  3.2370178300E-01
 -6.2901825214E-03  1.9834403413E+00  4.2486915397E-01  1.4251265417E-01  3.1741040607E-01
 -6.2944336725E-03  1.9825856711E+00  4.4985453996E-01  1.3991101956E-01  3.1100429091E-01
 -6.2976765259E-03  1.9817426500E+00  4.7484032171E-01  1.3723678304E-01  3.0451776330E-01
 -6.2998667657E-03  1.9809146444E+00  4.9982660554E-01  1.3449803132E-01  2.9798389102E-01
 -6.3009741061E-03  1.9801040219E+00  5.2481345932E-01  1.3170254720E-01  2.9143413962E-01
 -6.3009841632E-03  1.9793120862E+00  5.4980091233E-01  1.2885779414E-01  2.8489806138E-01
 -6.2999004706E-03  1.9785390117E+00  5.7478895599E-01  1.2597090650E-01  2.7840302182E-01
 -6.2977466533E-03  1.9777837784E+00  5.9977754526E-01  1.2304868468E-01  2.7197396688E-01
 -6.2945687668E-03  1.9770441051E+00  6.2476660001E-01  1.2009759430E-01  2.6563323294E-01
 -6.2904377882E-03  1.9763163812E+00  6.4975600562E-01  1.1712376917E-01  2.5940040073E-01
 -6.2854522281E-03  1.9755955968E+00  6.7474561233E-01  1.1413301769E-01  2.5329219346E-01
 -6.2797407991E-03  1.9748752752E+00  6.9973523224E-01  1.1113083238E-01  2.4732241864E-01
 -6.2734650440E-03  1.9741474075E+00  7.2472463313E-01  1.0812240284E-01  2.4150195210E-01
 -6.2668217788E-03  1.9734023969E+00  7.4971352813E-01  1.0511263198E-01  2.3583876259E-01
 -6.2600451572E-03  1.9726290171E+00  7.7470156003E-01  1.0210615583E-01  2.3033797450E-01
 -6.2534081021E-03  1.9718143937E+00  7.9968827952E-01  9.9107367059E-02  2.2500196605E-01
 -6.2472227979E-03  1.9709440188E+00  8.2467311639E-01  9.6120442243E-02  2.1983050018E-01
 -6.2418398830E-03  1.9700018114E+00  8.4965534364E-01  9.3149372797E-02  2.1482088521E-01
 -6.2376459608E-03  1.9689702376E+00  8.7463403513E-01  9.0197999126E-02  2.0996816259E-01
 -6.2350590544E-03  1.9678305036E+00  8.9960801841E-01  8.7270047078E-02  2.0526531904E-01
 -6.2345216987E-03  1.9665628374E+00  9.2457582634E-01  8.4369165167E-02  2.0070352092E-01
 -6.2364915061E-03  1.9651468675E+00  9.4953565260E-01  8.1498960361E-02  1.9627236859E-01
 -6.2414292642E-03  1.9635621029E+00  9.7448531838E-01  7.8663029475E-02  1.9196016907E-01
 -6.2497849268E-03  1.9617885092E+00  9.9942225886E-01  7.5864982647E-02  1.8775422511E-01
 -6.2619822057E-03  1.9598071629E+00  1.0243435387E+00  7.3108455159E-02  1.8364113840E-01
 -6.2784028112E-03  1.9576009506E+00  1.0492459044E+00  7.0397104143E-02  1.7960712412E-01
 -6.2993716411E-03  1.9551552701E+00  1.0741258790E+00  6.7734587753E-02  1.7563833279E-01
 -6.3251443094E-03  1.9524586763E+00  1.0989798973E+00  6.5124526138E-02  1.7172117356E-01
 -6.3558982705E-03  1.9495034162E+00  1.1238044765E+00  6.2570445796E-02  1.6784263174E-01
 -6.3917284382E-03  1.9462858001E+00  1.1485964070E+00  6.0075711342E-02  1.6399057118E-01
 -6.4326476582E-03  1.9428063746E+00  1.1733529452E+00  5.7643450740E-02  1.6015401141E-01
 -6.4785917926E-03  1.9390698823E+00  1.1980719875E+00  5.5276481211E-02  1.5632336854E-01
 -6.5294286288E-03  1.9350850189E+00  1.2227522073E+00  5.2977243010E-02  1.5249065023E-01
 -6.5849694532E-03  1.9308640186E+00  1.2473931403E+00  5.0747747047E-02  1.4864959679E-01
 -6.6449819801E-03  1.9264221172E+00  1.2719952141E+00  4.8589540314E-02  1.4479576319E-01
 -6.7092034003E-03  1.9217769436E+00  1.2965597210E+00  4.6503690646E-02  1.4092654061E-01
 -6.7773525463E-03  1.9169478933E+00  1.3210887451E+00  4.4490790108E-02  1.3704111956E-01
 -6.8491404915E-03  1.9119555268E+00  1.3455850529E+00  4.2550974569E-02  1.3314039982E-01
 -6.9242792216E-03  1.9068210237E+00  1.3700519639E+00  4.0683955966E-02  1.2922685507E-01
 -7.0024882960E-03  1.9015657136E+00  1.3944932106E+00  3.8889063416E-02  1.2530436179E-01
 -7.0834996144E-03  1.8962106887E+00  1.4189128021E+00  3.7165289503E-02  1.2137800254E-01
 -7.1670605291E-03  1.8907765010E+00  1.4433148964E+00  3.5511338568E-02  1.1745385390E-01
 -7.2529355985E-03  1.8852829349E+00  1.4677036876E+00  3.3925674514E-02  1.1353876844E-01
 -7.3409072832E-03  1.8797488466E+00  1.4920833111E+00  3.2406566323E-02  1.0964015910E-01
 -7.4307758608E-03  1.8741920589E+00  1.5164577653E+00  3.0952130118E-02  1.0576579280E-01
 -7.5223587979E-03  1.8686292997E+00  1.5408308513E+00  2.9560367095E-02  1.0192359854E-01
 -7.6154897689E-03  1.8630761749E+00  1.5652061278E+00  2.8229197077E-02  9.8121494040E-02
 -7.7100174692E-03  1.8575471654E+00  1.5895868791E+00  2.6956487679E-02  9.4367233221E-02
 -7.8058043326E-03  1.8520556427E+00  1.6139760947E+00  2.5740079289E-02  9.0668275865E-02
 -7.9027252292E-03  1.8466138953E+00  1.6383764578E+00  2.4577806167E-02  8.7031679745E-02
 -8.0006661958E-03  1.8412331625E+00  1.6627903420E+00  2.3467514018E-02  8.3464014633E-02
 -8.0995232329E-03  1.8359236725E+00  1.6872198127E+00  2.2407074425E-02  7.9971297029E-02
 -8.1992011864E-03  1.8306946813E+00  1.7116666343E+00  2.1394396515E-02  7.6558943998E-02
 -8.2996127242E-03  1.8255545118E+00  1.7361322802E+00  2.0427436208E-02  7.3231744210E-02
 -8.4006774101E-03  1.8205105923E+00  1.7606179455E+00  1.9504203393E-02  6.9993844102E-02
 -8.5023208724E-03  1.8155694930E+00  1.7851245616E+00  1.8622767319E-02  6.6848747063E-02
 -8.6044740642E-03  1.8107369610E+00  1.8096528133E+00  1.7781260467E-02  6.3799323515E-02
 -8.7070726072E-03  1.8060179540E+00  1.8342031553E+00  1.6977881153E-02  6.0847829914E-02
 -8.8100562143E-03  1.8014166725E+00  1.8587758306E+00  1.6210895063E-02  5.7995934795E-02
 -8.9133681818E-03  1.7969365919E+00  1.8833708893E+00  1.5478635901E-02  5.5244750169E-02
 -9.0169549451E-03  1.7925804929E+00  1.9079882070E+00  1.4779505327E-02  5.2594866761E-02
 -9.1207656920E-03  1.7883504931E+00  1.9326275038E+00  1.4111972297E-02  5.0046391789E-02
 -9.2247520254E-03  1.7842480784E+00  1.9572883630E+00  1.3474571961E-02  4.7598988155E-02
 -9.3288676717E-03  1.7802741342E+00  1.9819702493E+00  1.2865904186E-02  4.5251914128E-02
 -9.4330682295E-03  1.7764289787E+00  2.0066725267E+00  1.2284631820E-02  4.3004062761E-02
 -9.5373109529E-03  1.7727123958E+00  2.0313944754E+00  1.1729478760E-02  4.0854000451E-02
 -9.6415545678E-03  1.7691236693E+00  2.0561353080E+00  1.1199227877E-02  3.8800004184E-02
 -9.7457591157E-03  1.7656616176E+00  2.0808941851E+00  1.0692718872E-02  3.6840097152E-02
 -9.8498858242E-03  1.7623246289E+00  2.1056702292E+00  1.0208846083E-02  3.4972082501E-02
 -9.9538970013E-03  1.7591106968E+00  2.1304625378E+00  9.7465562807E-03  3.3193575088E-02
 -1.0057755951E-02  1.7560174556E+00  2.1552701953E+00  9.3048464902E-03  3.1502031179E-02
 -1.0161426914E-02  1.7530422156E+00  2.1800922833E+00  8.8827618402E-03  2.9894776069E-02
 -1.0264875019E-02  1.7501819979E+00  2.2049278902E+00  8.4793934667E-03  2.8369029662E-02
 -1.0368066270E-02  1.7474335677E+00  2.2297761187E+00  8.0938764741E-03  2.6921930069E-02
 -1.0470967535E-02  1.7447934675E+00  2.2546360932E+00  7.7253879617E-03  2.5550555287E-02
 -1.0573546570E-02  1.7422580483E+00  2.2795069645E+00  7.3731451186E-03  2.4251943070E-02
 -1.0675772058E-02  1.7398234990E+00  2.3043879150E+00  7.0364033874E-03  2.3023109073E-02
 -1.0777613662E-02  1.7374858755E+00  2.3292781618E+00  6.7144546971E-03  2.1861063358E-02
 -1.0879042112E-02  1.7352411268E+00  2.3541769595E+00  6.4066257629E-03  2.0762825374E-02
 -1.0980029303E-02  1.7330851201E+00  2.3790836013E+00  6.1122764509E-03  1.9725437479E-02
 -1.1080548418E-02  1.7310136642E+00  2.4039974207E+00  5.8307982055E-03  1.8745977104E-02
 -1.1180574072E-02  1.7290225316E+00  2.4289177914E+00  5.5616125365E-03  1.7821567624E-02
 -1.1280082476E-02  1.7271074788E+00  2.4538441271E+00  5.3041695628E-03  1.6949388022E-02
 -1.1379051616E-02  1.7252642661E+00  2.4787758813E+00  5.0579466117E-03  1.6126681397E-02
 -1.1477461457E-02  1.7234886753E+00  2.5037125458E+00  4.8224468697E-03  1.5350762399E-02
 -1.1575294151E-02  1.7217765282E+00  2.5286536497E+00  4.5971980842E-03  1.4619023631E-02
 -1.1672534256E-02  1.7201237029E+00  2.5535987582E+00  4.3817513148E-03  1.3928941095E-02
 -1.1769168968E-02  1.7185261509E+00  2.5785474707E+00  4.1756797307E-03  1.3278078711E-02
 -1.1865188343E-02  1.7169799131E+00  2.6034994190E+00  3.9785774555E-03  1.2664091996E-02
 -1.1960585512E-02  1.7154811363E+00  2.6284542661E+00  3.7900584574E-03  1.2084730918E-02
 -1.2055356891E-02  1.7140260891E+00  2.6534117041E+00  3.6097554836E-03  1.1537842003E-02
 -1.2149502351E-02  1.7126111782E+00  2.6783714525E+00  3.4373190394E-03  1.1021369736E-02
 -1.2243025372E-02  1.7112329640E+00  2.7033332568E+00  3.2724164108E-03  1.0533357299E-02
 -1.2335933151E-02  1.7098881765E+00  2.7282968870E+00  3.1147307302E-03  1.0071946707E-02
 -1.2428236659E-02  1.7085737303E+00  2.7532621357E+00  2.9639600847E-03  9.6353783783E-03
 -1.2519950649E-02  1.7072867387E+00  2.7782288171E+00  2.8198166677E-03  9.2219902009E-03
 -1.2611093598E-02  1.7060245274E+00  2.8031967660E+00  2.6820259714E-03  8.8302161254E-03
 -1.2701687591E-02  1.7047846460E+00  2.8281658358E+00  2.5503260213E-03  8.4585843456E-03
 -1.2791758131E-02  1.7035648780E+00  2.8531358984E+00  2.4244666520E-03  8.1057151033E-03
 -1.2881333892E-02  1.7023632488E+00  2.8781068423E+00  2.3042088228E-03  7.7703181639E-03
 -1.2970446399E-02  1.7011780306E+00  2.9030785722E+00  2.1893239729E-03  7.4511900062E-03
 -1.3059129667E-02  1.7000077450E+00  2.9280510080E+00  2.0795934159E-03  7.1472107669E-03
 -1.3147419778E-02  1.6988511624E+00  2.9530240837E+00  1.9748077710E-03  6.8573409800E-03
 -1.3235354434E-02  1.6977072981E+00  2.9779977464E+00  1.8747664321E-03  6.5806181487E-03
 -1.3322972476E-02  1.6965754055E+00  3.0029719557E+00  1.7792770709E-03  6.3161531876E-03
 -1.3410313398E-02  1.6954549657E+00  3.0279466824E+00  1.6881551751E-03  6.0631267674E-03
 -1.3497416863E-02  1.6943456751E+00  3.0529219077E+00  1.6012236187E-03  5.8207855969E-03
 -1.3584322235E-02  1.6932474295E+00  3.0778976218E+00  1.5183122628E-03  5.5884386709E-03
 -1.3671068136E-02  1.6921603071E+00  3.1028738230E+00  1.4392575866E-03  5.3654535128E-03
 -1.3757692041E-02  1.6910845488E+00  3.1278505168E+00  1.3639023455E-03  5.1512524383E-03
 -1.3844229926E-02  1.6900205380E+00  3.1528277140E+00  1.2920952547E-03  4.9453088629E-03
 -1.3930715958E-02  1.6889687796E+00  3.1778054303E+00  1.2236906983E-03  4.7471436755E-03
 -1.4017182247E-02  1.6879298791E+00  3.2027836847E+00  1.1585484594E-03  4.5563216969E-03
 -1.4103658653E-02  1.6869045216E+00  3.2277624987E+00  1.0965334720E-03  4.3724482395E-03
 -1.4190172650E-02  1.6858934517E+00  3.2527418949E+00  1.0375155920E-03  4.1951657840E-03
 -1.4276749238E-02  1.6848974551E+00  3.2777218964E+00  9.8136938537E-04  4.0241507843E-03
 -1.4363410915E-02  1.6839173409E+00  3.3027025258E+00  9.2797393301E-04  3.8591106111E-03
 -1.4450177680E-02  1.6829539259E+00  3.3276838043E+00  8.7721265040E-04  3.6997806438E-03
 -1.4537067082E-02  1.6820080211E+00  3.3526657516E+00  8.2897312050E-04  3.5459215143E-03
 -1.4624094301E-02  1.6810804194E+00  3.3776483846E+00  7.8314693902E-04  3.3973165106E-03
 -1.4711272250E-02  1.6801718855E+00  3.4026317177E+00  7.3962957077E-04  3.2537691394E-03
 -1.4798611703E-02  1.6792831481E+00  3.4276157623E+00  6.9832021601E-04  3.1151008527E-03
 -1.4886121431E-02  1.6784148931E+00  3.4526005264E+00  6.5912168580E-04  2.9811489348E-03
 -1.4973808352E-02  1.6775677592E+00  3.4775860150E+00  6.2194028539E-04  2.8517645504E-03
 -1.5061677685E-02  1.6767423349E+00  3.5025722294E+00  5.8668570483E-04  2.7268109504E-03
 -1.5149733105E-02  1.6759391562E+00  3.5275591682E+00  5.5327091592E-04  2.6061618320E-03
 -1.5237976895E-02  1.6751587066E+00  3.5525468265E+00  5.2161207491E-04  2.4896998479E-03
 -1.5326410093E-02  1.6744014173E+00  3.5775351967E+00  4.9162843007E-04  2.3773152604E-03
 -1.5415032640E-02  1.6736676689E+00  3.6025242686E+00  4.6324223372E-04  2.2689047328E-03
 -1.5503843511E-02  1.6729577934E+00  3.6275140293E+00  4.3637865797E-04  2.1643702537E-03
 -1.5592840840E-02  1.6722720771E+00  3.6525044640E+00  4.1096571386E-04  2.0636181851E-03
 -1.5682022044E-02  1.6716107636E+00  3.6774955556E+00  3.8693417332E-04  1.9665584288E-03
 -1.5771383924E-02  1.6709740576E+00  3.7024872856E+00  3.6421749354E-04  1.8731037023E-03
 -1.5860922769E-02  1.6703621288E+00  3.7274796339E+00  3.4275174353E-04  1.7831689173E-03
 -1.5950634442E-02  1.6697751157E+00  3.7524725793E+00  3.2247553241E-04  1.6966706538E-03
 -1.6040514465E-02  1.6692131296E+00  3.7774660992E+00  3.0332993928E-04  1.6135267205E-03
 -1.6130558088E-02  1.6686762588E+00  3.8024601707E+00  2.8525844441E-04  1.5336557949E-03
 -1.6220760352E-02  1.6681645726E+00  3.8274547699E+00  2.6820686152E-04  1.4569771368E-03
 -1.6311116152E-02  1.6676781251E+00  3.8524498725E+00  2.5212327111E-04  1.3834103661E-03
 -1.6401620281E-02  1.6672169589E+00  3.8774454537E+00  2.3695795460E-04  1.3128752986E-03
 -1.6492267478E-02  1.6667811086E+00  3.9024414887E+00  2.2266332928E-04  1.2452918346E-03
 -1.6583052464E-02  1.6663706045E+00  3.9274379522E+00  2.0919388396E-04  1.1805798918E-03
 -1.6673969977E-02  1.6659854753E+00  3.9524348192E+00  1.9650611527E-04  1.1186593780E-03
 -1.6765014799E-02  1.6656257514E+00  3.9774320641E+00  1.8455846468E-04  1.0594501973E-03
 -1.6856181779E-02  1.6652914675E+00  4.0024296618E+00  1.7331125604E-04  1.0028722858E-03
 -1.6947465860E-02  1.6649826649E+00  4.0274275868E+00  1.6272663390E-04  9.4884566929E-04
 -1.7038862087E-02  1.6646993940E+00  4.0524258137E+00  1.5276850242E-04  8.9729054198E-04
 -1.7130365629E-02  1.6644417162E+00  4.0774243172E+00  1.4340246500E-04  8.4812735917E-04
 -1.7221971789E-02  1.6642097054E+00  4.1024230716E+00  1.3459576470E-04  8.0127694197E-04
 -1.7313676012E-02  1.6640034501E+00  4.1274220515E+00  1.2631722534E-04  7.5666058992E-04
 -1.7405473894E-02  1.6638230541E+00  4.1524212309E+00  1.1853719359E-04  7.1420019890E-04
 -1.7497361187E-02  1.6636686382E+00  4.1774205841E+00  1.1122748183E-04  6.7381838149E-04
 -1.7589333807E-02  1.6635403407E+00  4.2024200845E+00  1.0436131195E-04  6.3543858760E-04
 -1.7681387833E-02  1.6634383181E+00  4.2274197057E+00  9.7913260268E-05  5.9898522336E-04
