 AIMInt (Version 19.02.13, Professional)
 Portions Copyright (c) 1997-2019 by Todd A. Keith
 AIMInt is a component of the AIMAll package ( http://aim.tkgristmill.com )

 TP:  64-bit Linux

 Licensed To:  Research Group of Fernando Cortes Guzman, UNAM, fercor@unam.mx

 AIMInt is a heavily modified and extended version of the PROAIMV program
 developed by members of R.F.W. Bader's research group

 Much of the Quantum Theory of Atoms in Molecules (QTAIM) is described in the book:
   "Atoms in Molecules - A Quantum Theory"
   R.F.W. Bader, Oxford University Press, Oxford, 1990

 For additional references see:  http://aim.tkgristmill.com/references.html

 Current Directory:  /home/scratch/M_H2O_4_cuadrado_plano/Opt

 Inp File:  Mn4_cuadrado_plano_cc-pvtz-def2-tzv_5_atomicfiles/o8.inp
 Wfx File:  Mn4_cuadrado_plano_cc-pvtz-def2-tzv_5.wfx
 Out File:  Mn4_cuadrado_plano_cc-pvtz-def2-tzv_5_atomicfiles/o8.int

 Wfx Title:   Mn4_cuadrado_plano_cc-pvtz-def2-tzv_5                                         
 Job Title:   Mn4_cuadrado_plano_cc-pvtz-def2-tzv_5                                         
 
<Atom>
O8      
</Atom>
<Nuclei of Molecule>
    13
Mn1       25.0          -8.2444077252E-04  -2.7075205548E-08   6.0363221374E-05
O2         8.0           3.4584025307E+00  -7.6601552524E-06  -5.9044609246E-05
H3         1.0           4.6113391862E+00  -1.4208010876E-04  -1.5420600078E+00
O4         8.0          -3.4579956583E+00   7.5884710137E-06   2.0499617002E-05
H5         1.0          -4.6111615871E+00  -1.4680348848E-04   1.5420112080E+00
O6         8.0           7.2500156215E-04   3.4581989294E+00  -4.2882217920E-05
H7         1.0           1.5401619406E+00   4.6349545792E+00   5.1582952270E-04
O8         8.0           7.0974256899E-04  -3.4581990004E+00  -4.4635356437E-05
H9         1.0          -1.5374717571E+00  -4.6366589217E+00  -6.9083901389E-04
H10        1.0           1.5401427810E+00  -4.6349594388E+00   5.2768686989E-04
H11        1.0          -4.6112826758E+00   1.6520471885E-04  -1.5418732078E+00
H12        1.0          -1.5374524434E+00   4.6366641684E+00  -6.7454040465E-04
H13        1.0           4.6116026429E+00   1.2511039799E-04   1.5417432906E+00
</Nuclei of Molecule>
<Total Number of CPs of DelSqRho>
    36
</Total Number of CPs of DelSqRho>
<Number of (3,+3) CPs of DelSqRho>
     4
</Number of (3,+3) CPs of DelSqRho>
<Number of (3,+1) CPs of DelSqRho>
    13
</Number of (3,+1) CPs of DelSqRho>
<Number of (3,-1) CPs of DelSqRho>
    14
</Number of (3,-1) CPs of DelSqRho>
<Number of (3,-3) CPs of DelSqRho>
     5
</Number of (3,-3) CPs of DelSqRho>
<Number of Degenerate CPs of DelSqRho>
     0
</Number of Degenerate CPs of DelSqRho>
<CP of DelSqRho>
CP# = 1       
Type = (3,+3)
Coords =  7.09742640354259E-04 -3.45819921032053E+00 -4.46353711150948E-05
DistFromNuc =  2.0988754089E-07
Rho =  2.9747342142E+02
DelSqRho = -3.3307906033E+06
GradDelSqRho = -2.7173996386E-10 -1.7082984414E-05  1.0211387291E-11
HessDelSqRho_EigVals =  1.3245497077E+11  1.3245498541E+11  1.3245498927E+11
HessDelSqRho_EigVec1 = -4.3045051279E-04 -1.8548789198E-05  9.9999990718E-01
HessDelSqRho_EigVec2 = -8.6674866413E-05  9.9999999607E-01  1.8511481603E-05
HessDelSqRho_EigVec3 =  9.9999990360E-01  8.6666890092E-05  4.3045211882E-04
</CP of DelSqRho>
<CP of DelSqRho>
CP# = 2       
Type = (3,+1)
Coords = -6.15389306761940E-03 -1.99353304297884E+00  1.14709695074797E-05
DistFromNuc =  1.4646820404E+00
Rho =  1.6731247841E-01
DelSqRho =  3.8193567885E-01
GradDelSqRho =  4.1803821689E-13 -3.0078162183E-12 -2.2896994630E-17
HessDelSqRho_EigVals = -8.4372395043E-01  3.3193409762E-02  4.7947032831E+00
HessDelSqRho_EigVec1 = -3.7881619021E-04 -2.8518645218E-05  9.9999992784E-01
HessDelSqRho_EigVec2 =  9.9999829849E-01 -1.8054234386E-03  3.7876408475E-04
HessDelSqRho_EigVec3 =  1.8054125065E-03  9.9999836982E-01  2.9202520322E-05
</CP of DelSqRho>
<CP of DelSqRho>
CP# = 3       
Type = (3,+1)
Coords = -9.55543117314524E-01 -4.17422695727625E+00 -4.43621701336539E-04
DistFromNuc =  1.1946194901E+00
Rho =  3.8128570353E-01
DelSqRho = -7.9539004597E-01
GradDelSqRho = -4.8781326201E-12 -3.2071983957E-12 -2.0185676047E-15
HessDelSqRho_EigVals = -2.4929916770E+01  1.2307960901E+01  1.2481377345E+01
HessDelSqRho_EigVec1 =  7.9054166901E-01  6.1240816276E-01  3.3427876921E-04
HessDelSqRho_EigVec2 = -3.6266132500E-04 -7.7693048465E-05  9.9999993122E-01
HessDelSqRho_EigVec3 = -6.1240814661E-01  7.9054173586E-01 -1.6067716354E-04
</CP of DelSqRho>
<CP of DelSqRho>
CP# = 4       
Type = (3,+1)
Coords =  9.57726759456076E-01 -4.17317927214923E+00  3.07493767419685E-04
DistFromNuc =  1.1946039024E+00
Rho =  3.8129995831E-01
DelSqRho = -7.9547500447E-01
GradDelSqRho =  4.1334574652E-12 -2.7116364709E-12  1.5101852061E-15
HessDelSqRho_EigVals = -2.4933424200E+01  1.2309401593E+01  1.2482959172E+01
HessDelSqRho_EigVec1 =  7.9120627632E-01 -6.1154929485E-01  2.9712974383E-04
HessDelSqRho_EigVec2 = -2.9226026778E-04  1.0774531469E-04  9.9999995149E-01
HessDelSqRho_EigVec3 =  6.1154929719E-01  7.9120632477E-01  9.3482791445E-05
</CP of DelSqRho>
<CP of DelSqRho>
CP# = 5       
Type = (3,-3)
Coords =  3.73616605611648E-04 -3.29086408787540E+00 -4.83152629256971E-05
DistFromNuc =  1.6733525019E-01
Rho =  2.2683063054E+01
DelSqRho =  1.2808405183E+03
GradDelSqRho = -5.6704640983E-14  6.4972027758E-11 -1.2385925618E-15
HessDelSqRho_EigVals = -4.4126530764E+05 -8.8850462905E+02 -5.8379179771E+01
HessDelSqRho_EigVec1 = -2.0026706179E-03  9.9999799442E-01 -2.1713088213E-05
HessDelSqRho_EigVec2 = -5.9021533166E-04  2.0531118701E-05  9.9999982561E-01
HessDelSqRho_EigVec3 =  9.9999782048E-01  2.0026830840E-03  5.9017303087E-04
</CP of DelSqRho>
<CP of DelSqRho>
CP# = 6       
Type = (3,+1)
Coords =  7.27613703014123E-04 -3.62679024828745E+00 -1.46550762570997E-04
DistFromNuc =  1.6859127961E-01
Rho =  2.2404410101E+01
DelSqRho =  1.2528693762E+03
GradDelSqRho = -6.9944050551E-15  5.6274984672E-11  2.1926904736E-14
HessDelSqRho_EigVals = -4.1118442317E+05  1.4888287997E+02  6.5362522577E+02
HessDelSqRho_EigVec1 = -1.0492530952E-04  9.9999981077E-01  6.0616927018E-04
HessDelSqRho_EigVec2 = -7.2147611471E-04 -6.0624481685E-04  9.9999955597E-01
HessDelSqRho_EigVec3 =  9.9999973423E-01  1.0448792628E-04  7.2153958861E-04
</CP of DelSqRho>
<CP of DelSqRho>
CP# = 7       
Type = (3,-1)
Coords =  6.25417098840379E-01 -3.16726849375810E+00  2.42388139775189E-04
DistFromNuc =  6.8912983035E-01
Rho =  7.5441646061E-01
DelSqRho = -1.8328869182E+00
GradDelSqRho = -1.9095836024E-14 -6.1617377867E-15 -2.6888213878E-17
HessDelSqRho_EigVals = -1.6078702146E+01 -5.3968687050E+00  1.8385002833E+02
HessDelSqRho_EigVec1 = -4.3219208060E-01  9.0178157165E-01 -4.9982283890E-05
HessDelSqRho_EigVec2 = -3.9199622307E-04 -1.3244380610E-04  9.9999991440E-01
HessDelSqRho_EigVec3 =  9.0178148784E-01  4.3219206319E-01  4.1073613424E-04
</CP of DelSqRho>
<CP of DelSqRho>
CP# = 8       
Type = (3,-1)
Coords = -6.24315674640173E-01 -3.16792211732534E+00 -3.50490148007234E-04
DistFromNuc =  6.8914260830E-01
Rho =  7.5437236987E-01
DelSqRho = -1.8325569029E+00
GradDelSqRho =  1.5099033135E-14 -5.0515147620E-15  1.3877787808E-17
HessDelSqRho_EigVals = -1.6079377298E+01 -5.3970413096E+00  1.8382667013E+02
HessDelSqRho_EigVec1 =  4.3123287386E-01  9.0224065358E-01  1.0736875744E-04
HessDelSqRho_EigVec2 = -4.3942604689E-04  9.1024728373E-05  9.9999989931E-01
HessDelSqRho_EigVec3 =  9.0224055296E-01 -4.3123287762E-01  4.3572089895E-04
</CP of DelSqRho>
<CP of DelSqRho>
CP# = 9       
Type = (3,+3)
Coords =  3.79219750796355E-04 -2.79421879763390E+00  1.23282162209117E-04
DistFromNuc =  6.6398030630E-01
Rho =  8.7492392900E-01
DelSqRho = -3.8204252768E+00
GradDelSqRho = -7.9797279895E-17  2.1849189125E-13 -2.7935119495E-14
HessDelSqRho_EigVals =  1.4285160194E+00  1.7863354151E+01  2.5778200226E+02
HessDelSqRho_EigVec1 = -4.1878016531E-04 -2.5819194369E-04  9.9999987898E-01
HessDelSqRho_EigVec2 =  9.9999979397E-01  4.8638568428E-04  4.1890571059E-04
HessDelSqRho_EigVec3 = -4.8649378350E-04  9.9999984838E-01  2.5798820182E-04
</CP of DelSqRho>
<CP of DelSqRho>
CP# = 10      
Type = (3,+1)
Coords =  1.10310431468843E-03 -4.15769389693721E+00 -1.76705572582216E-04
DistFromNuc =  6.9949501958E-01
Rho =  7.3334504282E-01
DelSqRho = -1.7192423211E+00
GradDelSqRho = -6.7654215563E-16  3.5971225998E-14 -4.7162794503E-18
HessDelSqRho_EigVals = -2.1227277789E+01  1.5249197380E+00  1.6820082287E+02
HessDelSqRho_EigVec1 =  9.9999978216E-01  5.5484988004E-04  3.5751488728E-04
HessDelSqRho_EigVec2 = -3.5740449700E-04 -1.9904162237E-04  9.9999991632E-01
HessDelSqRho_EigVec3 = -5.5492099396E-04  9.9999982626E-01  1.9884327317E-04
</CP of DelSqRho>
<CP of DelSqRho>
CP# = 11      
Type = (3,-1)
Coords =  8.78983372716785E-04 -4.01059464742362E+00  4.21131488753951E-01
DistFromNuc =  6.9464401457E-01
Rho =  7.2717521911E-01
DelSqRho = -1.6473358443E+00
GradDelSqRho =  5.6291776795E-16  2.1538326678E-14 -1.1546319456E-14
HessDelSqRho_EigVals = -1.4607896617E+01 -2.3273557887E+00  1.7275774097E+02
HessDelSqRho_EigVec1 =  9.9999981104E-01  5.3000698276E-04  3.1146147989E-04
HessDelSqRho_EigVec2 = -5.7364816347E-04  6.2236841823E-01  7.8272423172E-01
HessDelSqRho_EigVec3 = -2.2100551981E-04  7.8272426248E-01 -6.2236860467E-01
</CP of DelSqRho>
<CP of DelSqRho>
CP# = 12      
Type = (3,-1)
Coords =  1.16655578427996E-03 -4.01057711741467E+00 -4.21239472845730E-01
DistFromNuc =  6.9464155068E-01
Rho =  7.2718561217E-01
DelSqRho = -1.6474403839E+00
GradDelSqRho = -2.3592239273E-16 -3.3750779949E-14 -1.2434497876E-14
HessDelSqRho_EigVals = -1.4608094053E+01 -2.3261438860E+00  1.7276177984E+02
HessDelSqRho_EigVec1 =  9.9999977580E-01  5.9214945622E-04  3.1268028284E-04
HessDelSqRho_EigVec2 =  1.2381741705E-04 -6.2239787380E-01  7.8270101019E-01
HessDelSqRho_EigVec3 = -6.5808752079E-04  7.8270079599E-01  6.2239780758E-01
</CP of DelSqRho>
<CP of DelSqRho>
CP# = 13      
Type = (3,+1)
Coords =  4.39944563732762E-01 -3.45021219518213E+00  5.19214319769892E-01
DistFromNuc =  6.8016239212E-01
Rho =  7.7290477733E-01
DelSqRho = -2.2978588418E+00
GradDelSqRho = -8.2156503822E-15 -3.3306690739E-16 -2.2204460493E-16
HessDelSqRho_EigVals = -1.1789551998E+01  5.6767674738E+00  2.0458782858E+02
HessDelSqRho_EigVec1 = -5.2167379074E-01  7.5010017669E-01  4.0645563224E-01
HessDelSqRho_EigVec2 =  5.7205057049E-01  6.6099608129E-01 -4.8563600084E-01
HessDelSqRho_EigVec3 =  6.3294123017E-01  2.0830397178E-02  7.7391956540E-01
</CP of DelSqRho>
<CP of DelSqRho>
CP# = 14      
Type = (3,+1)
Coords = -4.38863533427806E-01 -3.45071403148756E+00  5.18929132125554E-01
DistFromNuc =  6.8015767368E-01
Rho =  7.7291334032E-01
DelSqRho = -2.2979552428E+00
GradDelSqRho =  2.5757174171E-14 -3.3306690739E-16  4.6629367034E-15
HessDelSqRho_EigVals = -1.1788072691E+01  5.6785035537E+00  2.0459414339E+02
HessDelSqRho_EigVec1 =  5.2057354033E-01  7.5066971504E-01  4.0681466054E-01
HessDelSqRho_EigVec2 =  5.7247898846E-01 -6.6037197724E-01  4.8598010190E-01
HessDelSqRho_EigVec3 = -6.3345954636E-01  2.0095536819E-02  7.7351481726E-01
</CP of DelSqRho>
<CP of DelSqRho>
CP# = 15      
Type = (3,+1)
Coords =  4.40308125655466E-01 -3.45017144409074E+00 -5.18984801789316E-01
DistFromNuc =  6.8015445041E-01
Rho =  7.7292948183E-01
DelSqRho = -2.2980933874E+00
GradDelSqRho =  2.4424906542E-15 -5.5511151231E-16  1.7763568394E-15
HessDelSqRho_EigVals = -1.1787232173E+01  5.6781607636E+00  2.0460256401E+02
HessDelSqRho_EigVec1 = -5.2136007957E-01  7.5015631852E-01 -4.0675442865E-01
HessDelSqRho_EigVec2 =  5.7172441990E-01  6.6093059944E-01  4.8610896969E-01
HessDelSqRho_EigVec3 = -6.3349416345E-01 -2.0886371355E-02  7.7346551595E-01
</CP of DelSqRho>
<CP of DelSqRho>
CP# = 16      
Type = (3,+1)
Coords = -4.38447065257773E-01 -3.45069386289751E+00 -5.19381727319171E-01
DistFromNuc =  6.8016618854E-01
Rho =  7.7288130605E-01
DelSqRho = -2.2976578586E+00
GradDelSqRho =  5.7731597281E-15 -1.1102230246E-16  1.2212453271E-14
HessDelSqRho_EigVals = -1.1788669665E+01  5.6759515950E+00  2.0457667318E+02
HessDelSqRho_EigVec1 =  5.2091537530E-01  7.5067055143E-01 -4.0637531297E-01
HessDelSqRho_EigVec2 =  5.7286439303E-01 -6.6037024813E-01 -4.8552808630E-01
HessDelSqRho_EigVec3 =  6.3282980253E-01 -2.0121098286E-02  7.7402944545E-01
</CP of DelSqRho>
<CP of DelSqRho>
CP# = 17      
Type = (3,+3)
Coords =  5.74257675046463E-01 -3.84565642482029E+00  1.42477082143765E-04
DistFromNuc =  6.9215642854E-01
Rho =  8.2874646849E-01
DelSqRho = -3.8852251865E+00
GradDelSqRho = -8.2156503822E-15  7.4384942650E-15 -6.0715321659E-18
HessDelSqRho_EigVals =  1.9339056857E+01  2.4304652720E+01  1.8629753866E+02
HessDelSqRho_EigVec1 = -3.6738217403E-04 -9.4341018296E-05  9.9999992807E-01
HessDelSqRho_EigVec2 =  5.4298929636E-01  8.3973957056E-01  2.7870649441E-04
HessDelSqRho_EigVec3 =  8.3973953644E-01 -5.4298935970E-01  2.5727918590E-04
</CP of DelSqRho>
<CP of DelSqRho>
CP# = 18      
Type = (3,+3)
Coords = -5.72403485441974E-01 -3.84629244226899E+00 -2.65734634393117E-04
DistFromNuc =  6.9215268590E-01
Rho =  8.2875212537E-01
DelSqRho = -3.8853019508E+00
GradDelSqRho =  1.6653345369E-14  2.1205259770E-14  1.8214596498E-17
HessDelSqRho_EigVals =  1.9339831106E+01  2.4306283290E+01  1.8630206615E+02
HessDelSqRho_EigVec1 = -4.2886416781E-04  8.9388682343E-05  9.9999990404E-01
HessDelSqRho_EigVec2 = -5.4393992136E-01  8.3912410698E-01 -3.0828456954E-04
HessDelSqRho_EigVec3 =  8.3912405402E-01  5.4394000137E-01  3.1124818898E-04
</CP of DelSqRho>
<CP of DelSqRho>
CP# = 19      
Type = (3,-1)
Coords = -1.17429261877803E-04 -2.19090510737187E+00  3.79885790607231E-05
DistFromNuc =  1.2672941657E+00
Rho =  2.4189871843E-01
DelSqRho =  4.2064909198E-01
GradDelSqRho =  1.8648277367E-17  2.7929047963E-15  5.3532482266E-19
HessDelSqRho_EigVals = -7.4425284474E+00 -2.4727550844E-01  9.3214379232E-01
HessDelSqRho_EigVec1 = -7.4732020215E-04  9.9999971771E-01  7.7992080813E-05
HessDelSqRho_EigVec2 = -3.7132099080E-04 -7.8269592970E-05  9.9999992800E-01
HessDelSqRho_EigVec3 =  9.9999965182E-01  7.4729118825E-04  3.7137937843E-04
</CP of DelSqRho>
<CP of DelSqRho>
CP# = 20      
Type = (3,-1)
Coords =  1.35084961669070E-03 -4.63475048606866E+00 -1.04125380130356E-04
DistFromNuc =  1.1765516618E+00
Rho =  2.4551013000E-01
DelSqRho =  8.2068089453E-01
GradDelSqRho =  1.0885389812E-16 -1.1782241849E-14  2.8063726202E-15
HessDelSqRho_EigVals = -1.6654196685E+01 -3.4971295399E+00  2.9599271406E-01
HessDelSqRho_EigVec1 = -5.4665096164E-04  9.9999984935E-01  4.9724837136E-05
HessDelSqRho_EigVec2 =  9.9999977627E-01  5.4663175005E-04  3.8555471328E-04
HessDelSqRho_EigVec3 = -3.8552747403E-04 -4.9935589866E-05  9.9999992444E-01
</CP of DelSqRho>
<CP of DelSqRho>
CP# = 21      
Type = (3,+1)
Coords = -1.60984721860951E-04 -2.25852621052322E+00  3.59705410041887E-01
DistFromNuc =  1.2524518578E+00
Rho =  2.4447171747E-01
DelSqRho =  4.1331151010E-01
GradDelSqRho =  5.4210108624E-19 -2.1996293675E-15 -8.7430063189E-16
HessDelSqRho_EigVals = -9.7037790569E+00  3.3825503355E-01  1.0285053356E+00
HessDelSqRho_EigVec1 = -7.4206358483E-04  9.4199729386E-01  3.3561964736E-01
HessDelSqRho_EigVec2 =  1.0665163109E-04 -3.3561966331E-01  9.4199757443E-01
HessDelSqRho_EigVec3 =  9.9999971898E-01  7.3481647979E-04  1.4858558262E-04
</CP of DelSqRho>
<CP of DelSqRho>
CP# = 22      
Type = (3,-3)
Coords =  9.01864579129328E-04 -4.32308566294516E+00  7.66144786691351E-01
DistFromNuc =  1.1554545453E+00
Rho =  2.3549775713E-01
DelSqRho =  8.6269516131E-01
GradDelSqRho =  1.0966704975E-16 -4.1633363423E-17  7.4246164772E-16
HessDelSqRho_EigVals = -1.8940256678E+01 -1.1167698629E+00 -2.9734947781E-01
HessDelSqRho_EigVec1 = -1.4892192715E-04  7.3024429484E-01 -6.8318610032E-01
HessDelSqRho_EigVec2 =  9.9999981574E-01  5.1081425089E-04  3.2801793336E-04
HessDelSqRho_EigVec3 = -5.8851442049E-04  6.8318592559E-01  7.3024423636E-01
</CP of DelSqRho>
<CP of DelSqRho>
CP# = 23      
Type = (3,+1)
Coords =  1.02869644851793E-04 -2.25850845494328E+00 -3.59730101086657E-01
DistFromNuc =  1.2524501617E+00
Rho =  2.4447171873E-01
DelSqRho =  4.1330612691E-01
GradDelSqRho =  3.3393426913E-17 -4.3003794969E-15 -1.6653345369E-16
HessDelSqRho_EigVals = -9.7038738221E+00  3.3833805527E-01  1.0285402271E+00
HessDelSqRho_EigVec1 = -4.9599599507E-04  9.4201527979E-01 -3.3556961517E-01
HessDelSqRho_EigVec2 = -7.7225811641E-04  3.3556919556E-01  9.4201524330E-01
HessDelSqRho_EigVec3 =  9.9999957880E-01  7.2638214691E-04  5.6103796854E-04
</CP of DelSqRho>
<CP of DelSqRho>
CP# = 24      
Type = (3,-3)
Coords =  1.47501245670948E-03 -4.32303398924239E+00 -7.66296118819091E-01
DistFromNuc =  1.1554572599E+00
Rho =  2.3549791603E-01
DelSqRho =  8.6268906001E-01
GradDelSqRho =  4.6539378254E-17  3.4972025276E-15  2.3800406090E-15
HessDelSqRho_EigVals = -1.8940252838E+01 -1.1167335494E+00 -2.9732687624E-01
HessDelSqRho_EigVec1 = -6.5870263692E-04  7.3019638895E-01  6.8323700110E-01
HessDelSqRho_EigVec2 =  9.9999977610E-01  5.6158188933E-04  3.6391094355E-04
HessDelSqRho_EigVec3 =  1.1796706905E-04 -6.8323708783E-01  7.3019659538E-01
</CP of DelSqRho>
<CP of DelSqRho>
CP# = 25      
Type = (3,-1)
Coords =  8.29470455238998E-01 -3.40300630607461E+00  8.32134008853477E-01
DistFromNuc =  1.1757601151E+00
Rho =  2.3597624963E-01
DelSqRho =  7.5049705398E-01
GradDelSqRho = -6.4977190295E-13 -8.9220297816E-14 -7.2492012393E-13
HessDelSqRho_EigVals = -1.7333897938E+01 -1.3348512227E+00  2.6857364058E-01
HessDelSqRho_EigVec1 =  6.8306990443E-01  7.5329874501E-02  7.2645778657E-01
HessDelSqRho_EigVec2 =  5.0705946837E-01 -7.6479287873E-01 -3.9747018528E-01
HessDelSqRho_EigVec3 =  5.2564836269E-01  6.3985722052E-01 -5.6060372470E-01
</CP of DelSqRho>
<CP of DelSqRho>
CP# = 26      
Type = (3,-1)
Coords = -8.28784112879623E-01 -3.40384036369287E+00  8.31458203487806E-01
DistFromNuc =  1.1757601323E+00
Rho =  2.3597546206E-01
DelSqRho =  7.5049692507E-01
GradDelSqRho =  6.7774952317E-13 -9.7373498154E-14 -7.4593109467E-13
HessDelSqRho_EigVals = -1.7334039834E+01 -1.3346737475E+00  2.6844580058E-01
HessDelSqRho_EigVec1 = -6.8374336709E-01  7.4649772580E-02  7.2589422054E-01
HessDelSqRho_EigVec2 =  5.0592279977E-01  7.6535454702E-01  3.9783732609E-01
HessDelSqRho_EigVec3 = -5.2586797642E-01  6.3926506929E-01 -5.6107311694E-01
</CP of DelSqRho>
<CP of DelSqRho>
CP# = 27      
Type = (3,-1)
Coords =  8.30054816939542E-01 -3.40301024292073E+00 -8.31643085322614E-01
DistFromNuc =  1.1757614696E+00
Rho =  2.3597573533E-01
DelSqRho =  7.5050736444E-01
GradDelSqRho = -7.1331829332E-13 -9.7838404045E-14  7.9723727620E-13
HessDelSqRho_EigVals = -1.7334450807E+01 -1.3346957845E+00  2.6854997206E-01
HessDelSqRho_EigVec1 = -6.8357734415E-01 -7.5324852487E-02  7.2598084077E-01
HessDelSqRho_EigVec2 =  5.0677634952E-01 -7.6479654165E-01  3.9782405841E-01
HessDelSqRho_EigVec3 =  5.2526159781E-01  6.3985343359E-01  5.6097044253E-01
</CP of DelSqRho>
<CP of DelSqRho>
CP# = 28      
Type = (3,-1)
Coords = -8.28182160759021E-01 -3.40374200668195E+00 -8.32137158718427E-01
DistFromNuc =  1.1757573385E+00
Rho =  2.3597504268E-01
DelSqRho =  7.5048771378E-01
GradDelSqRho =  6.1990690359E-13 -8.9334789566E-14  6.8681171861E-13
HessDelSqRho_EigVals = -1.7333529720E+01 -1.3348030739E+00  2.6846122756E-01
HessDelSqRho_EigVec1 =  6.8322023193E-01 -7.4741643815E-02  7.2637717569E-01
HessDelSqRho_EigVec2 =  5.0621364431E-01  7.6539951570E-01 -3.9738058292E-01
HessDelSqRho_EigVec3 = -5.2626786050E-01  6.3920049128E-01  5.6077167453E-01
</CP of DelSqRho>
<CP of DelSqRho>
CP# = 29      
Type = (3,-3)
Coords =  1.07148234808249E+00 -3.00444680845506E+00  3.07719261726943E-04
DistFromNuc =  1.1629467523E+00
Rho =  2.4295502290E-01
DelSqRho =  8.0893074769E-01
GradDelSqRho = -1.8091968895E-12 -1.0030934416E-12 -3.8859739808E-13
HessDelSqRho_EigVals = -1.7627103049E+01 -1.3824467324E+00 -3.2763923422E-01
HessDelSqRho_EigVec1 =  9.0762351294E-01  4.1978502425E-01  3.0359904230E-04
HessDelSqRho_EigVec2 = -4.1978498784E-01  9.0762356307E-01 -1.7816812421E-04
HessDelSqRho_EigVec3 = -3.5034595486E-04  3.4263258510E-05  9.9999993804E-01
</CP of DelSqRho>
<CP of DelSqRho>
CP# = 30      
Type = (3,-3)
Coords = -1.07056172172019E+00 -3.00563052958897E+00 -3.81933133437737E-04
DistFromNuc =  1.1629449191E+00
Rho =  2.4295289556E-01
DelSqRho =  8.0886600310E-01
GradDelSqRho =  1.9461758594E-12 -1.0752232438E-12 -4.1780486948E-13
HessDelSqRho_EigVals = -1.7626175318E+01 -1.3824690202E+00 -3.2740765733E-01
HessDelSqRho_EigVec1 =  9.0808040413E-01 -4.1879576781E-01  2.9069493281E-04
HessDelSqRho_EigVec2 =  4.1879571421E-01  9.0808044660E-01  2.2861975610E-04
HessDelSqRho_EigVec3 = -3.5971937070E-04 -8.5863328504E-05  9.9999993161E-01
</CP of DelSqRho>
<CP of DelSqRho>
CP# = 31      
Type = (3,+1)
Coords =  2.01643093992036E+00 -3.93404436889017E+00  3.98237676290429E-03
DistFromNuc =  2.0711293965E+00
Rho =  6.4150359794E-02
DelSqRho =  1.7423107884E-01
GradDelSqRho = -4.9266146718E-16 -4.9027622240E-16  4.3368086899E-19
HessDelSqRho_EigVals = -2.0675495556E+00  7.5808483897E-04  4.5554065060E-01
HessDelSqRho_EigVec1 =  9.5315624480E-01  3.0245741304E-01  3.5617817741E-03
HessDelSqRho_EigVec2 = -2.9183716718E-03 -2.5791749264E-03  9.9999241545E-01
HessDelSqRho_EigVec3 = -3.0246430549E-01  9.5315941015E-01  1.5756735414E-03
</CP of DelSqRho>
<CP of DelSqRho>
CP# = 32      
Type = (3,+1)
Coords = -2.01453209095384E+00 -3.93624098736505E+00 -4.58277823690550E-03
DistFromNuc =  2.0711698104E+00
Rho =  6.4145102356E-02
DelSqRho =  1.7420623693E-01
GradDelSqRho =  4.7184478547E-16 -3.5561831258E-17 -1.0343966352E-17
HessDelSqRho_EigVals = -2.0671108904E+00  7.9819931725E-04  4.5557116280E-01
HessDelSqRho_EigVec1 =  9.5349542753E-01 -3.0138078111E-01  4.0117899733E-03
HessDelSqRho_EigVec2 = -3.2927337234E-03  2.8938304381E-03  9.9999039178E-01
HessDelSqRho_EigVec3 =  3.0138949482E-01  9.5349947589E-01 -1.7668874292E-03
</CP of DelSqRho>
<CP of DelSqRho>
CP# = 33      
Type = (3,-1)
Coords =  1.42191627199978E-01 -1.99005724901399E+00  6.71065966628836E-05
DistFromNuc =  1.4749431645E+00
Rho =  1.6314828960E-01
DelSqRho =  3.8212262456E-01
GradDelSqRho =  1.2490009027E-16  2.5188184871E-15  9.4867690092E-20
HessDelSqRho_EigVals = -8.4521783559E-01 -6.6094102355E-02  4.9278229305E+00
HessDelSqRho_EigVec1 = -3.6935260990E-04 -2.9673313809E-05  9.9999993135E-01
HessDelSqRho_EigVec2 =  9.9901384538E-01  4.4398193793E-02  3.7030583807E-04
HessDelSqRho_EigVec3 = -4.4398201733E-02  9.9901391357E-01  1.3245462582E-05
</CP of DelSqRho>
<CP of DelSqRho>
CP# = 34      
Type = (3,-1)
Coords = -1.36079799096515E-01 -1.99045145487836E+00 -3.81015893860511E-05
DistFromNuc =  1.4741079459E+00
Rho =  1.6348548465E-01
DelSqRho =  3.8206690415E-01
GradDelSqRho = -1.3877787808E-17  1.0130785100E-15  4.0657581468E-20
HessDelSqRho_EigVals = -8.4504448192E-01 -5.8212336705E-02  4.9185574601E+00
HessDelSqRho_EigVec1 = -3.8542509065E-04 -2.7809172091E-05  9.9999992534E-01
HessDelSqRho_EigVec2 =  9.9910983572E-01 -4.2182802009E-02  3.8390895886E-04
HessDelSqRho_EigVec3 =  4.2182788184E-02  9.9910990909E-01  4.4042727647E-05
</CP of DelSqRho>
<CP of DelSqRho>
CP# = 35      
Type = (3,-1)
Coords =  9.83674173716288E-01 -5.24571602104542E+00  4.86808089213658E-04
DistFromNuc =  2.0399599149E+00
Rho =  6.5840432364E-02
DelSqRho =  1.8642204438E-01
GradDelSqRho = -1.0755285551E-16  5.7592819402E-16 -1.6390087529E-18
HessDelSqRho_EigVals = -2.3955508744E+00 -1.3980236481E-02  4.2537138670E-01
HessDelSqRho_EigVec1 =  1.2282004155E-01  9.9242894997E-01 -1.2905269961E-04
HessDelSqRho_EigVec2 = -2.7241042454E-04  1.6374991152E-04  9.9999994949E-01
HessDelSqRho_EigVec3 =  9.9242892097E-01 -1.2282000019E-01  2.9045976252E-04
</CP of DelSqRho>
<CP of DelSqRho>
CP# = 36      
Type = (3,-1)
Coords = -9.80327592483220E-01 -5.24680462339034E+00 -6.00893843143925E-04
DistFromNuc =  2.0399864305E+00
Rho =  6.5837967110E-02
DelSqRho =  1.8641088948E-01
GradDelSqRho =  1.1709383463E-16 -2.5673907444E-16 -7.4369492769E-19
HessDelSqRho_EigVals = -2.3953904864E+00 -1.3974331161E-02  4.2537909372E-01
HessDelSqRho_EigVec1 = -1.2389404270E-01  9.9229544816E-01  9.8707550192E-05
HessDelSqRho_EigVec2 = -3.2702665452E-04 -1.4030518683E-04  9.9999993668E-01
HessDelSqRho_EigVec3 =  9.9229539918E-01  1.2389400258E-01  3.4189003752E-04
</CP of DelSqRho>
<Path of -GradDelSqRho>
Starting CP# =      2
Ending CP# =      0
Number of Points =    400
 -6.1538930676E-03 -1.9935330430E+00  1.1470969507E-05  1.6731247841E-01  3.8193567885E-01
 -6.1634831133E-03 -1.9934864201E+00  2.5011408040E-02  1.6721405092E-01  3.8167216840E-01
 -6.1733244017E-03 -1.9933450956E+00  5.0010991981E-02  1.6691944223E-01  3.8088347419E-01
 -6.1833944462E-03 -1.9931111153E+00  7.5009881159E-02  1.6643056115E-01  3.7957509263E-01
 -6.1936565737E-03 -1.9927878251E+00  1.0000777597E-01  1.6575053888E-01  3.7775613181E-01
 -6.2040608763E-03 -1.9923797672E+00  1.2500443214E-01  1.6488365341E-01  3.7543923068E-01
 -6.2145454989E-03 -1.9918925427E+00  1.4999967211E-01  1.6383523005E-01  3.7264044318E-01
 -6.2250381832E-03 -1.9913326487E+00  1.7499339153E-01  1.6261152352E-01  3.6937908539E-01
 -6.2354579994E-03 -1.9907072981E+00  1.9998556054E-01  1.6121958803E-01  3.6567754408E-01
 -6.2457171988E-03 -1.9900242295E+00  2.2497622023E-01  1.5966714117E-01  3.6156104596E-01
 -6.2557231238E-03 -1.9892915168E+00  2.4996547511E-01  1.5796242745E-01  3.5705738789E-01
 -6.2653801254E-03 -1.9885173827E+00  2.7495348238E-01  1.5611408638E-01  3.5219663003E-01
 -6.2745914479E-03 -1.9877100233E+00  2.9994043927E-01  1.5413102871E-01  3.4701075523E-01
 -6.2832610566E-03 -1.9868774449E+00  3.2492656943E-01  1.5202232367E-01  3.4153329938E-01
 -6.2912953961E-03 -1.9860273168E+00  3.4991210928E-01  1.4979709876E-01  3.3579895897E-01
 -6.2986050815E-03 -1.9851668403E+00  3.7489729534E-01  1.4746445287E-01  3.2984318255E-01
 -6.3051065333E-03 -1.9843026320E+00  3.9988235291E-01  1.4503338263E-01  3.2370175414E-01
 -6.3107235773E-03 -1.9834406224E+00  4.2486748660E-01  1.4251272127E-01  3.1741037610E-01
 -6.3153890360E-03 -1.9825859650E+00  4.4985287296E-01  1.3991108921E-01  3.1100425973E-01
 -6.3190463418E-03 -1.9817429566E+00  4.7483865508E-01  1.3723685501E-01  3.0451773081E-01
 -6.3216512061E-03 -1.9809149636E+00  4.9982493928E-01  1.3449810539E-01  2.9798385715E-01
 -6.3231733751E-03 -1.9801043536E+00  5.2481179345E-01  1.3170262314E-01  2.9143410431E-01
 -6.3235985042E-03 -1.9793124302E+00  5.4979924684E-01  1.2885787175E-01  2.8489802460E-01
 -6.3229301743E-03 -1.9785393680E+00  5.7478729090E-01  1.2597098558E-01  2.7840298356E-01
 -6.3211920673E-03 -1.9777841470E+00  5.9977588058E-01  1.2304876503E-01  2.7197392717E-01
 -6.3184303066E-03 -1.9770444860E+00  6.2476493573E-01  1.2009767574E-01  2.6563319184E-01
 -6.3147159505E-03 -1.9763167744E+00  6.4975434177E-01  1.1712385153E-01  2.5940035833E-01
 -6.3101476047E-03 -1.9755960025E+00  6.7474394892E-01  1.1413310079E-01  2.5329214989E-01
 -6.3048540929E-03 -1.9748756934E+00  6.9973356928E-01  1.1113091607E-01  2.4732237406E-01
 -6.2989970858E-03 -1.9741478384E+00  7.2472297064E-01  1.0812248695E-01  2.4150190668E-01
 -6.2927735455E-03 -1.9734028406E+00  7.4971186613E-01  1.0511271637E-01  2.3583871657E-01
 -6.2864177893E-03 -1.9726294739E+00  7.7469989855E-01  1.0210624035E-01  2.3033792813E-01
 -6.2802029221E-03 -1.9718148637E+00  7.9968661858E-01  9.9107451582E-02  2.2500191961E-01
 -6.2744413262E-03 -1.9709445023E+00  8.2467145602E-01  9.6120526633E-02  2.1983045396E-01
 -6.2694838522E-03 -1.9700023089E+00  8.4965368388E-01  9.3149456924E-02  2.1482083953E-01
 -6.2657173253E-03 -1.9689707491E+00  8.7463237602E-01  9.0198082868E-02  2.0996811779E-01
 -6.2635599954E-03 -1.9678310295E+00  8.9960636000E-01  8.7270130311E-02  2.0526527548E-01
 -6.2634546215E-03 -1.9665633781E+00  9.2457416869E-01  8.4369247773E-02  2.0070347895E-01
 -6.2658590300E-03 -1.9651474232E+00  9.4953399577E-01  8.1499042222E-02  1.9627232857E-01
 -6.2712342025E-03 -1.9635626740E+00  9.7448366243E-01  7.8663110474E-02  1.9196013136E-01
 -6.2800302570E-03 -1.9617890959E+00  9.9942060386E-01  7.5865062671E-02  1.8775419007E-01
 -6.2926710310E-03 -1.9598077653E+00  1.0243418847E+00  7.3108534096E-02  1.8364110636E-01
 -6.3095383140E-03 -1.9576015688E+00  1.0492442516E+00  7.0397181882E-02  1.7960709541E-01
 -6.3309570306E-03 -1.9551559042E+00  1.0741242273E+00  6.7734664189E-02  1.7563830770E-01
 -6.3571827677E-03 -1.9524593264E+00  1.0989782468E+00  6.5124601171E-02  1.7172115237E-01
 -6.3883928999E-03 -1.9495040821E+00  1.1238028274E+00  6.2570519331E-02  1.6784261466E-01
 -6.4246822140E-03 -1.9462864815E+00  1.1485947593E+00  6.0075783293E-02  1.6399055843E-01
 -6.4660633898E-03 -1.9428070713E+00  1.1733512988E+00  5.7643521030E-02  1.6015400312E-01
 -6.5124720955E-03 -1.9390705941E+00  1.1980703425E+00  5.5276549774E-02  1.5632336481E-01
 -6.5637759087E-03 -1.9350857452E+00  1.2227505637E+00  5.2977309792E-02  1.5249065113E-01
 -6.6197859013E-03 -1.9308647591E+00  1.2473914981E+00  5.0747812005E-02  1.4864960232E-01
 -6.6802695786E-03 -1.9264228714E+00  1.2719935732E+00  4.8589603416E-02  1.4479577331E-01
 -6.7449639368E-03 -1.9217777110E+00  1.2965580814E+00  4.6503751872E-02  1.4092655523E-01
 -6.8135876333E-03 -1.9169486735E+00  1.3210871066E+00  4.4490849450E-02  1.3704113855E-01
 -6.8858515903E-03 -1.9119563192E+00  1.3455834156E+00  4.2551032028E-02  1.3314042300E-01
 -6.9614676672E-03 -1.9068218281E+00  1.3700503276E+00  4.0684011551E-02  1.2922688223E-01
 -7.0401553218E-03 -1.9015665294E+00  1.3944915752E+00  3.8889117144E-02  1.2530439270E-01
 -7.1216463755E-03 -1.8962115155E+00  1.4189111675E+00  3.7165341397E-02  1.2137803695E-01
 -7.2056881232E-03 -1.8907773386E+00  1.4433132625E+00  3.5511388657E-02  1.1745389151E-01
 -7.2920450846E-03 -1.8852837829E+00  1.4677020544E+00  3.3925722831E-02  1.1353880895E-01
 -7.3804996963E-03 -1.8797497047E+00  1.4920816785E+00  3.2406612905E-02  1.0964020222E-01
 -7.4708522252E-03 -1.8741929269E+00  1.5164561331E+00  3.0952175003E-02  1.0576583821E-01
 -7.5629201369E-03 -1.8686301774E+00  1.5408292195E+00  2.9560410325E-02  1.0192364593E-01
 -7.6565371123E-03 -1.8630770620E+00  1.5652044963E+00  2.8229238694E-02  9.8121543115E-02
 -7.7515518592E-03 -1.8575480619E+00  1.5895852478E+00  2.6956527727E-02  9.4367283675E-02
 -7.8478268274E-03 -1.8520565485E+00  1.6139744636E+00  2.5740117812E-02  9.0668327409E-02
 -7.9452369053E-03 -1.8466148103E+00  1.6383748268E+00  2.4577843209E-02  8.7031732102E-02
 -8.0436681494E-03 -1.8412340867E+00  1.6627887110E+00  2.3467549624E-02  8.3464067540E-02
 -8.1430165798E-03 -1.8359246058E+00  1.6872181817E+00  2.2407108640E-02  7.9971350238E-02
 -8.2431870615E-03 -1.8306956236E+00  1.7116650033E+00  2.1394429382E-02  7.6558997277E-02
 -8.3440922799E-03 -1.8255554632E+00  1.7361306491E+00  2.0427467771E-02  7.3231797344E-02
 -8.4456518146E-03 -1.8205115529E+00  1.7606163141E+00  1.9504233695E-02  6.9993896896E-02
 -8.5477913075E-03 -1.8155704628E+00  1.7851229301E+00  1.8622796401E-02  6.6848799336E-02
 -8.6504417224E-03 -1.8107379401E+00  1.8096511816E+00  1.7781288371E-02  6.3799375104E-02
 -8.7535386892E-03 -1.8060189424E+00  1.8342015232E+00  1.6977907920E-02  6.0847880674E-02
 -8.8570219259E-03 -1.8014176704E+00  1.8587741983E+00  1.6210920732E-02  5.7995984598E-02
 -8.9608347306E-03 -1.7969375993E+00  1.8833692566E+00  1.5478660512E-02  5.5244798902E-02
 -9.0649235375E-03 -1.7925815101E+00  1.9079865738E+00  1.4779528917E-02  5.2594914325E-02
 -9.1692375298E-03 -1.7883515202E+00  1.9326258702E+00  1.4111994904E-02  5.0046438102E-02
 -9.2737283024E-03 -1.7842491154E+00  1.9572867289E+00  1.3474593621E-02  4.7599033147E-02
 -9.3783495710E-03 -1.7802751813E+00  1.9819686148E+00  1.2865924934E-02  4.5251957742E-02
 -9.4830569198E-03 -1.7764300361E+00  2.0066708916E+00  1.2284651691E-02  4.3004104954E-02
 -9.5878075856E-03 -1.7727134637E+00  2.0313928397E+00  1.1729497787E-02  4.0854041189E-02
 -9.6925602738E-03 -1.7691247479E+00  2.0561336717E+00  1.1199246093E-02  3.8800043445E-02
 -9.7972750029E-03 -1.7656627070E+00  2.0808925482E+00  1.0692736309E-02  3.6840134923E-02
 -9.9019129743E-03 -1.7623257293E+00  2.1056685916E+00  1.0208862770E-02  3.4972118777E-02
 -1.0006436467E-02 -1.7591118083E+00  2.1304608995E+00  9.7465722494E-03  3.3193609873E-02
 -1.0110808755E-02 -1.7560185784E+00  2.1552685562E+00  9.3048617688E-03  3.1502064484E-02
 -1.0214994043E-02 -1.7530433499E+00  2.1800906434E+00  8.8827764567E-03  2.9894807912E-02
 -1.0318957426E-02 -1.7501831438E+00  2.2049262495E+00  8.4794074481E-03  2.8369060067E-02
 -1.0422664868E-02 -1.7474347254E+00  2.2297744772E+00  8.0938898466E-03  2.6921959064E-02
 -1.0526083199E-02 -1.7447946372E+00  2.2546344508E+00  7.7254007505E-03  2.5550582905E-02
 -1.0629180131E-02 -1.7422592300E+00  2.2795053212E+00  7.3731573481E-03  2.4251969350E-02
 -1.0731924303E-02 -1.7398246930E+00  2.3043862708E+00  7.0364150810E-03  2.3023134054E-02
 -1.0834285334E-02 -1.7374870820E+00  2.3292765167E+00  6.7144658773E-03  2.1861087083E-02
 -1.0936233905E-02 -1.7352423458E+00  2.3541753133E+00  6.4066364514E-03  2.0762847890E-02
 -1.1037741863E-02 -1.7330863517E+00  2.3790819541E+00  6.1122866686E-03  1.9725458832E-02
 -1.1138782340E-02 -1.7310149086E+00  2.4039957725E+00  5.8308079725E-03  1.8745997343E-02
 -1.1239329901E-02 -1.7290237889E+00  2.4289161421E+00  5.5616218720E-03  1.7821586799E-02
 -1.1339360703E-02 -1.7271087492E+00  2.4538424767E+00  5.3041784852E-03  1.6949406181E-02
 -1.1438852681E-02 -1.7252655495E+00  2.4787742298E+00  5.0579551386E-03  1.6126698591E-02
 -1.1537785743E-02 -1.7234899720E+00  2.5037108931E+00  4.8224550180E-03  1.5350778678E-02
 -1.1636141986E-02 -1.7217778382E+00  2.5286519959E+00  4.5972058703E-03  1.4619039044E-02
 -1.1733905914E-02 -1.7201250264E+00  2.5535971033E+00  4.3817587540E-03  1.3928955690E-02
 -1.1831064666E-02 -1.7185274879E+00  2.5785458146E+00  4.1756868379E-03  1.3278092536E-02
 -1.1927608243E-02 -1.7169812636E+00  2.6034977617E+00  3.9785842448E-03  1.2664105096E-02
 -1.2023529721E-02 -1.7154825004E+00  2.6284526076E+00  3.7900649424E-03  1.2084743338E-02
 -1.2118825459E-02 -1.7140274669E+00  2.6534100444E+00  3.6097616772E-03  1.1537853786E-02
 -1.2213495276E-02 -1.7126125697E+00  2.6783697916E+00  3.4373249540E-03  1.1021380923E-02
 -1.2307542599E-02 -1.7112343694E+00  2.7033315947E+00  3.2724220583E-03  1.0533367930E-02
 -1.2400974573E-02 -1.7098895957E+00  2.7282952237E+00  3.1147361218E-03  1.0071956819E-02
 -1.2493802122E-02 -1.7085751633E+00  2.7532604711E+00  2.9639652313E-03  9.6353880083E-03
 -1.2586039950E-02 -1.7072881856E+00  2.7782271514E+00  2.8198215796E-03  9.2219993818E-03
 -1.2677706493E-02 -1.7060259883E+00  2.8031950990E+00  2.6820306584E-03  8.8302248891E-03
 -1.2768823795E-02 -1.7047861208E+00  2.8281641677E+00  2.5503304929E-03  8.4585927218E-03
 -1.2859417323E-02 -1.7035663667E+00  2.8531342290E+00  2.4244709173E-03  8.1057231199E-03
 -1.2949515718E-02 -1.7023647514E+00  2.8781051717E+00  2.3042128904E-03  7.7703258467E-03
 -1.3039150477E-02 -1.7011795471E+00  2.9030769004E+00  2.1893278512E-03  7.4511973793E-03
 -1.3128355592E-02 -1.7000092753E+00  2.9280493350E+00  2.0795971127E-03  7.1472178524E-03
 -1.3217167126E-02 -1.6988527065E+00  2.9530224094E+00  1.9748112940E-03  6.8573477984E-03
 -1.3305622767E-02 -1.6977088560E+00  2.9779960710E+00  1.8747697885E-03  6.5806247187E-03
 -1.3393761345E-02 -1.6965769771E+00  3.0029702791E+00  1.7792802678E-03  6.3161595261E-03
 -1.3481622351E-02 -1.6954565510E+00  3.0279450046E+00  1.6881582192E-03  6.0631328901E-03
 -1.3569245449E-02 -1.6943472740E+00  3.0529202286E+00  1.6012265164E-03  5.8207915178E-03
 -1.3656670005E-02 -1.6932490420E+00  3.0778959415E+00  1.5183150204E-03  5.5884444027E-03
 -1.3743934650E-02 -1.6921619331E+00  3.1028721415E+00  1.4392602099E-03  5.3654590669E-03
 -1.3831076872E-02 -1.6910861881E+00  3.1278488340E+00  1.3639048402E-03  5.1512578249E-03
 -1.3918132661E-02 -1.6900221906E+00  3.1528260300E+00  1.2920976264E-03  4.9453140910E-03
 -1.4005136204E-02 -1.6889704454E+00  3.1778037451E+00  1.2236929522E-03  4.7471487533E-03
 -1.4092119630E-02 -1.6879315581E+00  3.2027819983E+00  1.1585506006E-03  4.5563266314E-03
 -1.4179112824E-02 -1.6869062135E+00  3.2277608110E+00  1.0965355055E-03  4.3724530370E-03
 -1.4266143282E-02 -1.6858951566E+00  3.2527402059E+00  1.0375175224E-03  4.1951704501E-03
 -1.4353236035E-02 -1.6848991727E+00  3.2777202061E+00  9.8137121715E-04  4.0241553236E-03
 -1.4440413603E-02 -1.6839190712E+00  3.3027008342E+00  9.2797567055E-04  3.8591150280E-03
 -1.4527696016E-02 -1.6829556688E+00  3.3276821115E+00  8.7721429790E-04  3.6997849418E-03
 -1.4615100849E-02 -1.6820097765E+00  3.3526640574E+00  8.2897468198E-04  3.5459256966E-03
 -1.4702643312E-02 -1.6810821871E+00  3.3776466890E+00  7.8314841835E-04  3.3973205799E-03
 -1.4790336344E-02 -1.6801736655E+00  3.4026300208E+00  7.3963097169E-04  3.2537730981E-03
 -1.4878190747E-02 -1.6792849401E+00  3.4276140640E+00  6.9832154210E-04  3.1151047030E-03
 -1.4966215318E-02 -1.6784166972E+00  3.4525988268E+00  6.5912294051E-04  2.9811526784E-03
 -1.5054417003E-02 -1.6775695753E+00  3.4775843139E+00  6.2194147204E-04  2.8517681889E-03
 -1.5142801046E-02 -1.6767441627E+00  3.5025705270E+00  5.8668682661E-04  2.7268144853E-03
 -1.5231371144E-02 -1.6759409957E+00  3.5275574643E+00  5.5327197590E-04  2.6061652646E-03
 -1.5320129605E-02 -1.6751605577E+00  3.5525451211E+00  5.2161307604E-04  2.4897031795E-03
 -1.5409077491E-02 -1.6744032799E+00  3.5775334899E+00  4.9162937519E-04  2.3773184920E-03
 -1.5498214763E-02 -1.6736695428E+00  3.6025225602E+00  4.6324312554E-04  2.2689078657E-03
 -1.5587540417E-02 -1.6729596786E+00  3.6275123194E+00  4.3637949910E-04  2.1643732889E-03
 -1.5677052608E-02 -1.6722739734E+00  3.6525027525E+00  4.1096650682E-04  2.0636211238E-03
 -1.5766748771E-02 -1.6716126709E+00  3.6774938426E+00  3.8693492050E-04  1.9665612721E-03
 -1.5856625726E-02 -1.6709759758E+00  3.7024855711E+00  3.6421819725E-04  1.8731064513E-03
 -1.5946679779E-02 -1.6703640578E+00  3.7274779178E+00  3.4275240598E-04  1.7831715733E-03
 -1.6036906811E-02 -1.6697770553E+00  3.7524708615E+00  3.2247615572E-04  1.6966732180E-03
 -1.6127302359E-02 -1.6692150798E+00  3.7774643799E+00  3.0333052548E-04  1.6135291942E-03
 -1.6217861689E-02 -1.6686782195E+00  3.8024584497E+00  2.8525899543E-04  1.5336581795E-03
 -1.6308579860E-02 -1.6681665437E+00  3.8274530472E+00  2.6820737923E-04  1.4569794338E-03
 -1.6399451779E-02 -1.6676801064E+00  3.8524481481E+00  2.5212375727E-04  1.3834125769E-03
 -1.6490472255E-02 -1.6672189503E+00  3.8774437277E+00  2.3695841091E-04  1.3128774249E-03
 -1.6581636041E-02 -1.6667831100E+00  3.9024397609E+00  2.2266375735E-04  1.2452938780E-03
 -1.6672937873E-02 -1.6663726157E+00  3.9274362228E+00  2.0919428534E-04  1.1805818539E-03
 -1.6764372504E-02 -1.6659874962E+00  3.9524330880E+00  1.9650649144E-04  1.1186612606E-03
 -1.6855934727E-02 -1.6656277820E+00  3.9774303312E+00  1.8455881703E-04  1.0594520023E-03
 -1.6947619410E-02 -1.6652935076E+00  4.0024279271E+00  1.7331158592E-04  1.0028740150E-03
 -1.7039421506E-02 -1.6649847144E+00  4.0274258503E+00  1.6272694258E-04  9.4884732461E-04
 -1.7131336076E-02 -1.6647014528E+00  4.0524240754E+00  1.5276879111E-04  8.9729212535E-04
 -1.7223358305E-02 -1.6644437841E+00  4.0774225771E+00  1.4340273487E-04  8.4812887257E-04
 -1.7315483508E-02 -1.6642117823E+00  4.1024213297E+00  1.3459601682E-04  8.0127838739E-04
 -1.7407707146E-02 -1.6640055359E+00  4.1274203077E+00  1.2631746077E-04  7.5666196938E-04
 -1.7500024831E-02 -1.6638251487E+00  4.1524194854E+00  1.1853741332E-04  7.1420151443E-04
 -1.7592432331E-02 -1.6636707414E+00  4.1774188366E+00  1.1122768678E-04  6.7381963514E-04
 -1.7684925576E-02 -1.6635424524E+00  4.2024183352E+00  1.0436150302E-04  6.3543978142E-04
 -1.7777500664E-02 -1.6634404382E+00  4.2274179545E+00  9.7913438304E-05  5.9898635937E-04
