 AIMInt (Version 19.02.13, Professional)
 Portions Copyright (c) 1997-2019 by Todd A. Keith
 AIMInt is a component of the AIMAll package ( http://aim.tkgristmill.com )

 TP:  64-bit Linux

 Licensed To:  Research Group of Fernando Cortes Guzman, UNAM, fercor@unam.mx

 AIMInt is a heavily modified and extended version of the PROAIMV program
 developed by members of R.F.W. Bader's research group

 Much of the Quantum Theory of Atoms in Molecules (QTAIM) is described in the book:
   "Atoms in Molecules - A Quantum Theory"
   R.F.W. Bader, Oxford University Press, Oxford, 1990

 For additional references see:  http://aim.tkgristmill.com/references.html

 Current Directory:  /home/scratch/M_H2O_4_cuadrado_plano/Opt

 Inp File:  Cr3_cuadrado_plano_cc pvtz-def2tzv_5_atomicfiles/cr1.inp
 Wfx File:  Cr3_cuadrado_plano_cc pvtz-def2tzv_5.wfx
 Out File:  Cr3_cuadrado_plano_cc pvtz-def2tzv_5_atomicfiles/cr1.int

 Wfx Title:   Cr3_cuadrado_plano_cc pvtz-def2tzv_5                                          
 Job Title:   Cr3_cuadrado_plano_cc pvtz-def2tzv_5                                          
 
<Atom>
Cr1     
</Atom>
<Nuclei of Molecule>
    13
Cr1       24.0           8.0398766641E-04  -2.0795321787E-03   4.6098276725E-05
O2         8.0          -3.7038329039E+00  -2.5206971704E-01   4.4526509545E-05
H3         1.0          -4.8126522075E+00  -3.3757098770E-01   1.5099601724E+00
O4         8.0           2.6587731972E-01  -3.7056339810E+00   6.1223316727E-05
H5         1.0          -1.1639497983E+00  -4.9262668376E+00  -7.9607366406E-04
O6         8.0           3.7034178784E+00   2.6297699003E-01   2.3425431894E-05
H7         1.0           4.8122982145E+00   3.4438149802E-01   1.5101707881E+00
O8         8.0          -2.6728518580E-01   3.7003497653E+00   2.0207716662E-05
H9         1.0           1.1617854845E+00   4.9218282747E+00  -4.5806164146E-04
H10        1.0          -4.8122743954E+00  -3.3541589400E-01  -1.5102651545E+00
H11        1.0           1.8549956447E+00  -4.7102122068E+00  -7.8913068401E-04
H12        1.0           4.8123901076E+00   3.4476670008E-01  -1.5100305426E+00
H13        1.0          -1.8573056220E+00   4.7034137669E+00  -9.3419796202E-05
</Nuclei of Molecule>
<Total Number of CPs of DelSqRho>
    96
</Total Number of CPs of DelSqRho>
<Number of (3,+3) CPs of DelSqRho>
    13
</Number of (3,+3) CPs of DelSqRho>
<Number of (3,+1) CPs of DelSqRho>
    35
</Number of (3,+1) CPs of DelSqRho>
<Number of (3,-1) CPs of DelSqRho>
    36
</Number of (3,-1) CPs of DelSqRho>
<Number of (3,-3) CPs of DelSqRho>
    12
</Number of (3,-3) CPs of DelSqRho>
<Number of Degenerate CPs of DelSqRho>
     0
</Number of Degenerate CPs of DelSqRho>
<CP of DelSqRho>
CP# = 1       
Type = (3,+3)
Coords =  8.03987666368918E-04 -2.07953217904294E-03  4.60982767347236E-05
DistFromNuc =  3.8845496295E-13
Rho =  9.2648195904E+03
DelSqRho = -6.3510996249E+09
GradDelSqRho = -3.8634386001E-03  1.7730719250E-02 -2.8672657209E-04
HessDelSqRho_EigVals =  9.2490799724E+16  9.2490799761E+16  9.2490799820E+16
HessDelSqRho_EigVec1 = -7.6307541655E-02  9.9708432406E-01 -9.8997387634E-05
HessDelSqRho_EigVec2 =  9.9708432896E-01  7.6307540764E-02 -1.2760455117E-05
HessDelSqRho_EigVec3 =  5.1690025722E-06  9.9682462778E-05  9.9999999502E-01
</CP of DelSqRho>
<CP of DelSqRho>
CP# = 2       
Type = (3,-1)
Coords = -8.27351237796810E-03  1.25143581038041E-01 -1.15626463118807E-01
DistFromNuc =  1.7218670972E-01
Rho =  7.9868777774E+01
DelSqRho = -4.4286771293E+03
GradDelSqRho =  7.2759576142E-12  1.4551915228E-11  0.0000000000E+00
HessDelSqRho_EigVals = -2.6749263270E+04 -2.2314836488E+04  7.2928137830E+06
HessDelSqRho_EigVec1 =  9.9757376297E-01  6.9595491256E-02 -1.7478674216E-03
HessDelSqRho_EigVec2 = -4.5403791000E-02  6.6943478718E-01  7.4148200347E-01
HessDelSqRho_EigVec3 = -5.2773887545E-02  7.3960363257E-01 -6.7097047885E-01
</CP of DelSqRho>
<CP of DelSqRho>
CP# = 3       
Type = (3,-1)
Coords = -8.26238850193487E-03  1.25151569412331E-01  1.15710776589100E-01
DistFromNuc =  1.7218673061E-01
Rho =  7.9868741231E+01
DelSqRho = -4.4286579591E+03
GradDelSqRho = -8.1854523160E-12  4.3655745685E-11  5.8207660913E-11
HessDelSqRho_EigVals = -2.6754109902E+04 -2.2318621316E+04  7.2928032061E+06
HessDelSqRho_EigVec1 =  9.9757998583E-01  6.9506284724E-02  1.7459259564E-03
HessDelSqRho_EigVec2 =  4.5342114007E-02 -6.6939314248E-01  7.4152337353E-01
HessDelSqRho_EigVec3 = -5.2709245593E-02  7.3964971249E-01  6.7092476348E-01
</CP of DelSqRho>
<CP of DelSqRho>
CP# = 4       
Type = (3,-1)
Coords =  1.72491069604806E-01  1.01562778341184E-02  3.51903789067991E-05
DistFromNuc =  1.7212254144E-01
Rho =  7.9992957746E+01
DelSqRho = -4.4416270035E+03
GradDelSqRho = -2.9103830457E-11 -3.6379788071E-12 -2.5579538487E-12
HessDelSqRho_EigVals = -3.2153824305E+04 -1.6349980548E+04  7.3108691025E+06
HessDelSqRho_EigVec1 = -7.1084173827E-02  9.9747031957E-01  4.2406107956E-05
HessDelSqRho_EigVec2 =  6.6042577696E-05 -3.7807165808E-05  9.9999999710E-01
HessDelSqRho_EigVec3 =  9.9747031829E-01  7.1084176422E-02 -6.3188019933E-05
</CP of DelSqRho>
<CP of DelSqRho>
CP# = 5       
Type = (3,-1)
Coords = -1.70886270056947E-01 -1.42729374298654E-02  4.96672408760519E-05
DistFromNuc =  1.7212269967E-01
Rho =  7.9992586825E+01
DelSqRho = -4.4415312358E+03
GradDelSqRho =  8.7311491370E-11  9.0949470177E-12 -1.8971491045E-12
HessDelSqRho_EigVals = -3.2166538107E+04 -1.6362663467E+04  7.3108022229E+06
HessDelSqRho_EigVec1 = -7.0838757300E-02  9.9748777881E-01  3.9871779843E-05
HessDelSqRho_EigVec2 =  2.3588874594E-05 -3.8296983735E-05  9.9999999899E-01
HessDelSqRho_EigVec3 =  9.9748777933E-01  7.0838758169E-02 -2.0816703387E-05
</CP of DelSqRho>
<CP of DelSqRho>
CP# = 6       
Type = (3,+1)
Coords = -1.13922133478788E-02  1.69603631107208E-01  3.54655127706613E-05
DistFromNuc =  1.7211582143E-01
Rho =  8.0036473525E+01
DelSqRho = -4.4966726728E+03
GradDelSqRho =  1.8189894035E-12  0.0000000000E+00  5.3290705182E-15
HessDelSqRho_EigVals = -2.4719509568E+04  2.0346751159E+04  7.3112796352E+06
HessDelSqRho_EigVec1 =  9.9748600626E-01  7.0863702244E-02 -5.4882722338E-05
HessDelSqRho_EigVec2 =  5.0353604077E-05  6.5699456442E-05  9.9999999657E-01
HessDelSqRho_EigVec3 = -7.0863705607E-02  9.9748600561E-01 -6.1966045614E-05
</CP of DelSqRho>
<CP of DelSqRho>
CP# = 7       
Type = (3,+1)
Coords =  1.30109358192661E-02 -1.73762398861895E-01  3.39544459551023E-05
DistFromNuc =  1.7211628756E-01
Rho =  8.0035699951E+01
DelSqRho = -4.4964945878E+03
GradDelSqRho =  7.2759576142E-12 -1.4551915228E-11 -1.4210854715E-14
HessDelSqRho_EigVals = -2.4753468894E+04  2.0341330072E+04  7.3110978230E+06
HessDelSqRho_EigVec1 =  9.9748160322E-01  7.0925652117E-02 -5.5743133547E-05
HessDelSqRho_EigVec2 =  6.0628067045E-05 -6.6721250409E-05  9.9999999594E-01
HessDelSqRho_EigVec3 = -7.0925648109E-02  9.9748160255E-01  7.0853305019E-05
</CP of DelSqRho>
<CP of DelSqRho>
CP# = 8       
Type = (3,+1)
Coords =  8.31296853579729E-04 -2.05924928536434E-03 -1.72268028284437E-01
DistFromNuc =  1.7231412992E-01
Rho =  7.9979187759E+01
DelSqRho = -4.5292350985E+03
GradDelSqRho =  1.4210854715E-14 -5.3290705182E-15  8.7311491370E-11
HessDelSqRho_EigVals = -4.5160093551E+03  2.4703316670E+04  7.2590335093E+06
HessDelSqRho_EigVec1 =  9.9744484580E-01  7.1440547238E-02  1.6670774737E-04
HessDelSqRho_EigVec2 = -7.1440565741E-02  9.9744485258E-01  1.0779604526E-04
HessDelSqRho_EigVec3 = -1.5858077604E-04 -1.1943030553E-04  9.9999998029E-01
</CP of DelSqRho>
<CP of DelSqRho>
CP# = 9       
Type = (3,-1)
Coords =  9.89310624207675E-03 -1.29326840642937E-01  1.15691655611793E-01
DistFromNuc =  1.7218706258E-01
Rho =  7.9868125697E+01
DelSqRho = -4.4285139505E+03
GradDelSqRho = -3.6379788071E-12  1.4551915228E-11 -1.4551915228E-11
HessDelSqRho_EigVals = -2.6781819116E+04 -2.2322434221E+04  7.2926696693E+06
HessDelSqRho_EigVec1 =  9.9757894477E-01  6.9516605827E-02 -1.9210577541E-03
HessDelSqRho_EigVec2 = -4.5211609284E-02  6.6929117534E-01  7.4162337679E-01
HessDelSqRho_EigVec3 = -5.2840886959E-02  7.3974101152E-01 -6.7081374206E-01
</CP of DelSqRho>
<CP of DelSqRho>
CP# = 10      
Type = (3,-1)
Coords =  9.88108092166216E-03 -1.29325770412126E-01 -1.15601510471067E-01
DistFromNuc =  1.7218701512E-01
Rho =  7.9868266415E+01
DelSqRho = -4.4285505130E+03
GradDelSqRho =  0.0000000000E+00  1.4551915228E-11  0.0000000000E+00
HessDelSqRho_EigVals = -2.6777941641E+04 -2.2316235514E+04  7.2926907277E+06
HessDelSqRho_EigVec1 =  9.9758485326E-01  6.9432028529E-02  1.9115348931E-03
HessDelSqRho_EigVec2 =  4.5162758574E-02 -6.6930641703E-01  7.4161259789E-01
HessDelSqRho_EigVec3 = -5.2771069625E-02  7.3973516446E-01  6.7082568576E-01
</CP of DelSqRho>
<CP of DelSqRho>
CP# = 11      
Type = (3,+3)
Coords = -1.21561310505819E-01  1.18996517596641E-01  4.95040596644274E-05
DistFromNuc =  1.7214144195E-01
Rho =  8.0194707288E+01
DelSqRho = -4.5762358595E+03
GradDelSqRho = -2.1827872843E-11 -1.4551915228E-11  9.7699626167E-15
HessDelSqRho_EigVals =  1.8382266498E+04  2.7950309576E+04  7.3048482744E+06
HessDelSqRho_EigVec1 = -7.4804313148E-05 -1.0348676953E-04  9.9999999185E-01
HessDelSqRho_EigVec2 =  7.0343040637E-01  7.1076412928E-01  1.2617431306E-04
HessDelSqRho_EigVec3 =  7.1076413654E-01 -7.0343041008E-01 -1.9627517841E-05
</CP of DelSqRho>
<CP of DelSqRho>
CP# = 12      
Type = (3,+3)
Coords =  1.23229468162733E-01 -1.23094919174158E-01  3.11005579344047E-05
DistFromNuc =  1.7214157659E-01
Rho =  8.0194629596E+01
DelSqRho = -4.5762479950E+03
GradDelSqRho = -7.2759576142E-12 -1.4551915228E-11 -5.3290705182E-15
HessDelSqRho_EigVals =  1.8380610201E+04  2.7969338225E+04  7.3048048299E+06
HessDelSqRho_EigVec1 =  7.6317565859E-05 -4.6825351475E-05  9.9999999599E-01
HessDelSqRho_EigVec2 =  7.0307403641E-01  7.1111665633E-01 -2.0358611788E-05
HessDelSqRho_EigVec3 =  7.1111665252E-01 -7.0307403515E-01 -8.7192381121E-05
</CP of DelSqRho>
<CP of DelSqRho>
CP# = 13      
Type = (3,+3)
Coords = -1.03246617898301E-01 -1.39215906560642E-01  4.50088148966674E-05
DistFromNuc =  1.7214213226E-01
Rho =  8.0194219068E+01
DelSqRho = -4.5762075850E+03
GradDelSqRho = -1.4551915228E-11 -5.8207660913E-11  7.1054273576E-15
HessDelSqRho_EigVals =  1.8347765753E+04  2.7969732505E+04  7.3046669538E+06
HessDelSqRho_EigVec1 = -8.4066598390E-06 -1.8063618950E-06  9.9999999996E-01
HessDelSqRho_EigVec2 =  7.9671096576E-01 -6.0436051907E-01  5.6059842669E-06
HessDelSqRho_EigVec3 =  6.0436051904E-01  7.9671096578E-01  6.5198016338E-06
</CP of DelSqRho>
<CP of DelSqRho>
CP# = 14      
Type = (3,-3)
Coords =  3.08195711529200E-01  1.97824220131673E-02  3.35994677536823E-05
DistFromNuc =  3.0816816366E-01
Rho =  1.8287707699E+01
DelSqRho =  1.3145211379E+03
GradDelSqRho =  1.4551915228E-11  6.8212102633E-13 -2.4980018054E-16
HessDelSqRho_EigVals = -3.3331036195E+05 -9.2687294780E+03 -5.2834995905E+03
HessDelSqRho_EigVec1 =  9.9748057684E-01  7.0940095595E-02 -4.0856386860E-05
HessDelSqRho_EigVec2 = -7.0940094323E-02  9.9748057726E-01  3.1781518903E-05
HessDelSqRho_EigVec3 =  4.3008036339E-05 -2.8803091871E-05  9.9999999866E-01
</CP of DelSqRho>
<CP of DelSqRho>
CP# = 15      
Type = (3,+1)
Coords = -2.19051787500595E-01  2.15437096572964E-01  6.07078465898255E-05
DistFromNuc =  3.0927341604E-01
Rho =  1.8554689386E+01
DelSqRho =  1.1903080857E+03
GradDelSqRho =  4.5474735089E-13 -3.1832314562E-12 -3.8768988020E-13
HessDelSqRho_EigVals = -3.2169443462E+05  4.6956541330E+03  7.9730962781E+03
HessDelSqRho_EigVec1 =  7.1056026323E-01 -7.0363634788E-01 -4.7482049526E-05
HessDelSqRho_EigVec2 = -2.4577597548E-06 -6.9962894862E-05  9.9999999755E-01
HessDelSqRho_EigVec3 =  7.0363634948E-01  7.1056026137E-01  5.1442222087E-05
</CP of DelSqRho>
<CP of DelSqRho>
CP# = 16      
Type = (3,+1)
Coords =  2.20663456944556E-01 -2.19593790101416E-01  3.00403601376135E-05
DistFromNuc =  3.0927437477E-01
Rho =  1.8554507926E+01
DelSqRho =  1.1902906055E+03
GradDelSqRho = -5.0022208598E-12  2.4101609597E-11  7.1849193262E-12
HessDelSqRho_EigVals = -3.2168727203E+05  4.6959734801E+03  7.9735747918E+03
HessDelSqRho_EigVec1 =  7.1056315151E-01 -7.0363343092E-01 -5.1101966218E-05
HessDelSqRho_EigVec2 =  9.0459197299E-06 -6.3490827636E-05  9.9999999794E-01
HessDelSqRho_EigVec3 =  7.0363343272E-01  7.1056315051E-01  3.8749231041E-05
</CP of DelSqRho>
<CP of DelSqRho>
CP# = 17      
Type = (3,+3)
Coords =  1.04820954930978E-01  1.35082118990438E-01  3.59730424301006E-05
DistFromNuc =  1.7214194182E-01
Rho =  8.0194507489E+01
DelSqRho = -4.5762163701E+03
GradDelSqRho =  0.0000000000E+00 -4.3655745685E-11  0.0000000000E+00
HessDelSqRho_EigVals =  1.8348211814E+04  2.7941135708E+04  7.3047343938E+06
HessDelSqRho_EigVec1 =  1.5338893566E-04 -4.2450040769E-05  9.9999998733E-01
HessDelSqRho_EigVec2 =  7.9686027743E-01 -6.0416361723E-01 -1.4787632188E-04
HessDelSqRho_EigVec3 =  6.0416361586E-01  7.9686029002E-01 -5.8845262949E-05
</CP of DelSqRho>
<CP of DelSqRho>
CP# = 18      
Type = (3,+1)
Coords =  1.13792039049707E-01  6.79699313580435E-02  1.09509070817914E-01
DistFromNuc =  1.7220734437E-01
Rho =  8.0056481915E+01
DelSqRho = -4.5212965175E+03
GradDelSqRho =  5.8207660913E-11  1.4551915228E-11  0.0000000000E+00
HessDelSqRho_EigVals = -1.1596471716E+04  2.1637965944E+04  7.2876923533E+06
HessDelSqRho_EigVec1 =  1.5869641015E-01  7.4832945887E-01 -6.4406402663E-01
HessDelSqRho_EigVec2 = -7.3733513988E-01  5.2365851547E-01  4.2675361823E-01
HessDelSqRho_EigVec3 =  6.5662191625E-01  4.0716677193E-01  6.3487233278E-01
</CP of DelSqRho>
<CP of DelSqRho>
CP# = 19      
Type = (3,+1)
Coords = -1.12180434810501E-01 -7.21114469441787E-02  1.09524240755601E-01
DistFromNuc =  1.7220746932E-01
Rho =  8.0056251570E+01
DelSqRho = -4.5212789820E+03
GradDelSqRho =  7.2759576142E-12 -2.1827872843E-11  0.0000000000E+00
HessDelSqRho_EigVals = -1.1600609246E+04  2.1656054698E+04  7.2876476624E+06
HessDelSqRho_EigVec1 =  1.5889617708E-01  7.4830732272E-01  6.4404049226E-01
HessDelSqRho_EigVec2 =  7.3731061917E-01 -5.2377044646E-01  4.2665861092E-01
HessDelSqRho_EigVec3 =  6.5660113902E-01  4.0706347193E-01 -6.3496005705E-01
</CP of DelSqRho>
<CP of DelSqRho>
CP# = 20      
Type = (3,+1)
Coords =  1.13775830545509E-01  6.79597073229932E-02 -1.09440188476365E-01
DistFromNuc =  1.7220737307E-01
Rho =  8.0056450406E+01
DelSqRho = -4.5212881458E+03
GradDelSqRho =  2.9103830457E-11  0.0000000000E+00  0.0000000000E+00
HessDelSqRho_EigVals = -1.1595993081E+04  2.1633231516E+04  7.2876838948E+06
HessDelSqRho_EigVec1 =  1.5878891926E-01  7.4839155895E-01  6.4396906262E-01
HessDelSqRho_EigVec2 =  7.3739911230E-01 -5.2361570866E-01  4.2669560440E-01
HessDelSqRho_EigVec3 =  6.5652770566E-01  4.0710768125E-01 -6.3500764371E-01
</CP of DelSqRho>
<CP of DelSqRho>
CP# = 21      
Type = (3,+1)
Coords = -1.12180279748395E-01 -7.21108032090221E-02 -1.09432619262283E-01
DistFromNuc =  1.7220747138E-01
Rho =  8.0056279783E+01
DelSqRho = -4.5212852377E+03
GradDelSqRho =  3.6379788071E-11 -1.4551915228E-11  1.4551915228E-11
HessDelSqRho_EigVals = -1.1597762940E+04  2.1654216356E+04  7.2876481225E+06
HessDelSqRho_EigVec1 =  1.5890209303E-01  7.4830731359E-01 -6.4403904327E-01
HessDelSqRho_EigVec2 = -7.3731035675E-01  5.2377304488E-01  4.2665587455E-01
HessDelSqRho_EigVec3 =  6.5660000203E-01  4.0706014528E-01  6.3496336545E-01
</CP of DelSqRho>
<CP of DelSqRho>
CP# = 22      
Type = (3,-3)
Coords = -3.06587939316251E-01 -2.39272983177435E-02  5.73266960880711E-05
DistFromNuc =  3.0816736003E-01
Rho =  1.8287862928E+01
DelSqRho =  1.3145251605E+03
GradDelSqRho =  7.2759576142E-12  1.1368683772E-13  2.2204460493E-15
HessDelSqRho_EigVals = -3.3331317217E+05 -9.2690662362E+03 -5.2838282287E+03
HessDelSqRho_EigVec1 =  9.9748459520E-01  7.0883573781E-02 -3.6059792570E-05
HessDelSqRho_EigVec2 = -7.0883572635E-02  9.9748459542E-01  3.2127113348E-05
HessDelSqRho_EigVec3 =  3.8246372212E-05 -2.9490253728E-05  9.9999999883E-01
</CP of DelSqRho>
<CP of DelSqRho>
CP# = 23      
Type = (3,-1)
Coords = -2.10837894519572E-02  3.05649060950113E-01  4.23659462661905E-05
DistFromNuc =  3.0850601587E-01
Rho =  1.8353218670E+01
DelSqRho =  1.2636702779E+03
GradDelSqRho = -9.9475983006E-14  1.5916157281E-12 -1.1102230246E-15
HessDelSqRho_EigVals = -3.2935177669E+05 -7.1047476249E+03  5.2968104436E+03
HessDelSqRho_EigVec1 = -7.0953425178E-02  9.9747962953E-01 -1.1153107634E-05
HessDelSqRho_EigVec2 =  9.9747962799E-01  7.0953424426E-02 -5.7463259168E-05
HessDelSqRho_EigVec3 =  5.6527079287E-05  1.5202212714E-05  9.9999999829E-01
</CP of DelSqRho>
<CP of DelSqRho>
CP# = 24      
Type = (3,-1)
Coords =  2.26950859535277E-02 -3.09807381999688E-01  4.62978757131772E-05
DistFromNuc =  3.0850551006E-01
Rho =  1.8353308170E+01
DelSqRho =  1.2636593139E+03
GradDelSqRho = -1.5063505998E-12 -2.9558577808E-12  0.0000000000E+00
HessDelSqRho_EigVals = -3.2934897461E+05 -7.1054432675E+03  5.2969579082E+03
HessDelSqRho_EigVec1 = -7.0966103666E-02  9.9747872766E-01 -2.0229822698E-06
HessDelSqRho_EigVec2 =  9.9747872602E-01  7.0966103433E-02 -5.7487326498E-05
HessDelSqRho_EigVec3 =  5.7198822123E-05  6.0975333490E-06  9.9999999835E-01
</CP of DelSqRho>
<CP of DelSqRho>
CP# = 25      
Type = (3,-1)
Coords =  8.15494694811907E-04 -2.07736257716517E-03  3.09569418249761E-01
DistFromNuc =  3.0952332019E-01
Rho =  1.8441109192E+01
DelSqRho =  1.2067794972E+03
GradDelSqRho = -1.3877787808E-16 -1.1102230246E-15  1.4551915228E-11
HessDelSqRho_EigVals = -3.2008923938E+05 -7.3123289561E+02  7.6226398269E+03
HessDelSqRho_EigVec1 =  3.8190904523E-05  5.6902011822E-06  9.9999999925E-01
HessDelSqRho_EigVec2 =  9.9744127722E-01  7.1490537970E-02 -3.8499980158E-05
HessDelSqRho_EigVec3 = -7.1490538136E-02  9.9744127794E-01 -2.9453532249E-06
</CP of DelSqRho>
<CP of DelSqRho>
CP# = 26      
Type = (3,-1)
Coords =  8.21864130215281E-04 -2.08470385215013E-03 -3.09477149159817E-01
DistFromNuc =  3.0952324800E-01
Rho =  1.8441127015E+01
DelSqRho =  1.2067802676E+03
GradDelSqRho = -2.4980018054E-15  4.4408920985E-16  8.6401996668E-12
HessDelSqRho_EigVals = -3.2008966854E+05 -7.3121745139E+02  7.6225162512E+03
HessDelSqRho_EigVec1 = -5.8874067368E-05  1.7608073282E-05  9.9999999811E-01
HessDelSqRho_EigVec2 =  9.9744127098E-01  7.1490612220E-02  5.7464612753E-05
HessDelSqRho_EigVec3 = -7.1490611073E-02  9.9744127248E-01 -2.1771962114E-05
</CP of DelSqRho>
<CP of DelSqRho>
CP# = 27      
Type = (3,+1)
Coords =  1.87670653052198E-01  2.44359611125317E-01  3.35189885760244E-05
DistFromNuc =  3.0927560871E-01
Rho =  1.8554453088E+01
DelSqRho =  1.1902969871E+03
GradDelSqRho =  3.6379788071E-12  6.8212102633E-12  6.8833827527E-15
HessDelSqRho_EigVals = -3.2168002227E+05  4.6867849053E+03  7.9733462673E+03
HessDelSqRho_EigVec1 =  6.0384345804E-01  7.9710292721E-01 -4.0274462419E-05
HessDelSqRho_EigVec2 =  6.2248092083E-05  3.3701534269E-06  9.9999999806E-01
HessDelSqRho_EigVec3 =  7.9710292580E-01 -6.0384345937E-01 -4.7583091313E-05
</CP of DelSqRho>
<CP of DelSqRho>
CP# = 28      
Type = (3,+1)
Coords = -1.86063094301346E-01 -2.48519564987148E-01  5.72014066702321E-05
DistFromNuc =  3.0927656914E-01
Rho =  1.8554251144E+01
DelSqRho =  1.1902765395E+03
GradDelSqRho =  7.7307049651E-12 -5.4569682106E-12 -1.3544720900E-14
HessDelSqRho_EigVals = -3.2167175713E+05  4.6871090432E+03  7.9741234528E+03
HessDelSqRho_EigVec1 =  6.0383962293E-01  7.9710583265E-01 -3.6525316891E-05
HessDelSqRho_EigVec2 =  5.0528270693E-05  7.5452275901E-06  9.9999999869E-01
HessDelSqRho_EigVec3 =  7.9710583188E-01 -6.0383962399E-01 -3.5720271900E-05
</CP of DelSqRho>
<CP of DelSqRho>
CP# = 29      
Type = (3,-3)
Coords = -1.60707448014807E-02  2.34511791379675E-01  1.96863350796788E-01
DistFromNuc =  3.0821622584E-01
Rho =  1.8206629026E+01
DelSqRho =  1.3150964816E+03
GradDelSqRho =  1.2789769244E-13 -5.0022208598E-12 -8.4128259914E-12
HessDelSqRho_EigVals = -3.3282810355E+05 -7.6658204368E+03 -6.2927597438E+03
HessDelSqRho_EigVec1 = -5.4822378256E-02  7.6857595274E-01  6.3740529626E-01
HessDelSqRho_EigVec2 =  9.9756679610E-01  6.9694924371E-02  1.7620520853E-03
HessDelSqRho_EigVec3 =  4.3069643057E-02 -6.3595095910E-01  7.7052669225E-01
</CP of DelSqRho>
<CP of DelSqRho>
CP# = 30      
Type = (3,-3)
Coords = -1.60919541415441E-02  2.34505588133350E-01 -1.96777095593428E-01
DistFromNuc =  3.0821642015E-01
Rho =  1.8206556448E+01
DelSqRho =  1.3150964003E+03
GradDelSqRho =  3.2684965845E-13  3.8653524825E-12 -3.2969182939E-12
HessDelSqRho_EigVals = -3.3282742448E+05 -7.6654464844E+03 -6.2927202544E+03
HessDelSqRho_EigVec1 = -5.4891071801E-02  7.6855495080E-01 -6.3742470758E-01
HessDelSqRho_EigVec2 =  9.9756348286E-01  6.9740947182E-02 -1.8160239470E-03
HessDelSqRho_EigVec3 = -4.3058888668E-02  6.3597129486E-01  7.7051050883E-01
</CP of DelSqRho>
<CP of DelSqRho>
CP# = 31      
Type = (3,-3)
Coords =  1.76816234488249E-02 -2.38667758793450E-01 -1.96774403728577E-01
DistFromNuc =  3.0821608260E-01
Rho =  1.8206651826E+01
DelSqRho =  1.3150861225E+03
GradDelSqRho =  2.4158453016E-13 -3.6379788071E-12 -3.4106051316E-12
HessDelSqRho_EigVals = -3.3282487526E+05 -7.6661818252E+03 -6.2926544113E+03
HessDelSqRho_EigVec1 = -5.4833593781E-02  7.6856648058E-01  6.3741575281E-01
HessDelSqRho_EigVec2 =  9.9756719514E-01  6.9688543018E-02  1.7883400255E-03
HessDelSqRho_EigVec3 =  4.3046116910E-02 -6.3596310577E-01  7.7051798156E-01
</CP of DelSqRho>
<CP of DelSqRho>
CP# = 32      
Type = (3,-3)
Coords =  1.77028920633668E-02 -2.38662414237136E-01  1.96870644722210E-01
DistFromNuc =  3.0821572824E-01
Rho =  1.8206688554E+01
DelSqRho =  1.3150898941E+03
GradDelSqRho =  2.9842794902E-13  7.5033312896E-12 -3.2969182939E-12
HessDelSqRho_EigVals = -3.3282648078E+05 -7.6660578001E+03 -6.2928765671E+03
HessDelSqRho_EigVec1 = -5.4902664218E-02  7.6855036001E-01 -6.3742924438E-01
HessDelSqRho_EigVec2 =  9.9756384978E-01  6.9735021837E-02 -1.8418310003E-03
HessDelSqRho_EigVec3 = -4.3035602398E-02  6.3597749242E-01  7.7050669437E-01
</CP of DelSqRho>
<CP of DelSqRho>
CP# = 33      
Type = (3,+1)
Coords =  1.08950367285101E-01  5.67424057439992E-03 -2.89844914186324E-01
DistFromNuc =  3.0950373103E-01
Rho =  1.8459373636E+01
DelSqRho =  1.2046323355E+03
GradDelSqRho = -3.4106051316E-13 -1.9895196601E-13  2.5579538487E-12
HessDelSqRho_EigVals = -3.2020507830E+05  1.2824435054E+03  6.2052071716E+03
HessDelSqRho_EigVec1 = -3.5006869641E-01 -2.5096537851E-02  9.3638777842E-01
HessDelSqRho_EigVec2 =  9.3396583160E-01  6.7304619887E-02  3.5096711178E-01
HessDelSqRho_EigVec3 = -7.1831282899E-02  9.9741678948E-01 -1.2193170179E-04
</CP of DelSqRho>
<CP of DelSqRho>
CP# = 34      
Type = (3,-1)
Coords =  2.01547218638358E-01  1.42077015726938E-01 -1.85529579165393E-01
DistFromNuc =  3.0905871148E-01
Rho =  1.8440691343E+01
DelSqRho =  1.2307144440E+03
GradDelSqRho =  4.5474735089E-13  1.8189894035E-12 -1.3642420527E-12
HessDelSqRho_EigVals = -3.2428602731E+05 -3.7049172429E+03  6.7181690684E+03
HessDelSqRho_EigVec1 =  6.4990506308E-01  4.6709213302E-01 -5.9954011396E-01
HessDelSqRho_EigVec2 =  1.3278204726E-01  7.0693744224E-01  6.9470020922E-01
HessDelSqRho_EigVec3 = -7.4832635722E-01  5.3109734704E-01 -3.9742077331E-01
</CP of DelSqRho>
<CP of DelSqRho>
CP# = 35      
Type = (3,-1)
Coords = -1.99950623201307E-01 -1.46234416566379E-01 -1.85519542043337E-01
DistFromNuc =  3.0905930069E-01
Rho =  1.8440579225E+01
DelSqRho =  1.2307002654E+03
GradDelSqRho =  4.5474735089E-12  2.7284841053E-12  5.4569682106E-12
HessDelSqRho_EigVals = -3.2428081608E+05 -3.7046174174E+03  6.7188507530E+03
HessDelSqRho_EigVec1 =  6.4994032030E-01  4.6708343482E-01  5.9950866964E-01
HessDelSqRho_EigVec2 = -1.3277589346E-01 -7.0692289250E-01  6.9471619110E-01
HessDelSqRho_EigVec3 = -7.4829682758E-01  5.3112436301E-01  3.9744027080E-01
</CP of DelSqRho>
<CP of DelSqRho>
CP# = 36      
Type = (3,-1)
Coords =  2.01564950611268E-01  1.42085601853922E-01  1.85595975877134E-01
DistFromNuc =  3.0905874392E-01
Rho =  1.8440696820E+01
DelSqRho =  1.2307123119E+03
GradDelSqRho =  6.3664629124E-12 -1.8189894035E-12  3.1832314562E-12
HessDelSqRho_EigVals = -3.2428579825E+05 -3.7048857729E+03  6.7185622549E+03
HessDelSqRho_EigVec1 =  6.4996177620E-01  4.6712076922E-01  5.9945631738E-01
HessDelSqRho_EigVec2 = -1.3271684129E-01 -7.0690389150E-01  6.9474680871E-01
HessDelSqRho_EigVec3 = -7.4828866724E-01  5.3111681874E-01  3.9746571593E-01
</CP of DelSqRho>
<CP of DelSqRho>
CP# = 37      
Type = (3,-1)
Coords = -1.99935078691803E-01 -1.46227234034531E-01  1.85634067371237E-01
DistFromNuc =  3.0905926128E-01
Rho =  1.8440571952E+01
DelSqRho =  1.2307020664E+03
GradDelSqRho = -2.2737367544E-12 -2.7284841053E-12  1.3642420527E-12
HessDelSqRho_EigVals = -3.2428095411E+05 -3.7047049047E+03  6.7186077061E+03
HessDelSqRho_EigVec1 =  6.4988938081E-01  4.6706158317E-01 -5.9958091217E-01
HessDelSqRho_EigVec2 =  1.3283164867E-01  7.0695053214E-01  6.9467740586E-01
HessDelSqRho_EigVec3 = -7.4833117390E-01  5.3110679023E-01 -3.9739908347E-01
</CP of DelSqRho>
<CP of DelSqRho>
CP# = 38      
Type = (3,+1)
Coords =  1.08980004165707E-01  5.68566229974338E-03  2.89925844991803E-01
DistFromNuc =  3.0950382283E-01
Rho =  1.8459354415E+01
DelSqRho =  1.2046295487E+03
GradDelSqRho = -3.8653524825E-12 -4.1211478674E-13 -2.6943780540E-11
HessDelSqRho_EigVals = -3.2020453366E+05  1.2828681123E+03  6.2054900452E+03
HessDelSqRho_EigVec1 =  3.5016425550E-01  2.5133035467E-02  9.3635106915E-01
HessDelSqRho_EigVec2 =  9.3392618466E-01  6.7344028679E-02 -3.5106504156E-01
HessDelSqRho_EigVec3 = -7.1880983395E-02  9.9741321042E-01  1.0907174188E-04
</CP of DelSqRho>
<CP of DelSqRho>
CP# = 39      
Type = (3,+1)
Coords = -1.07349535798896E-01 -9.84205892081108E-03  2.89934459416430E-01
DistFromNuc =  3.0950396344E-01
Rho =  1.8459320227E+01
DelSqRho =  1.2046295861E+03
GradDelSqRho = -3.4106051316E-13  5.9685589804E-13  2.4442670110E-12
HessDelSqRho_EigVals = -3.2020370640E+05  1.2828702675E+03  6.2051079736E+03
HessDelSqRho_EigVec1 = -3.5009115420E-01 -2.5125640383E-02  9.3637860182E-01
HessDelSqRho_EigVec2 =  9.3395052093E-01  6.7389363769E-02  3.5099159264E-01
HessDelSqRho_EigVec3 = -7.1920846758E-02  9.9741033474E-01 -1.2631521877E-04
</CP of DelSqRho>
<CP of DelSqRho>
CP# = 40      
Type = (3,+1)
Coords = -1.07377251089594E-01 -9.85336898493847E-03 -2.89831533740006E-01
DistFromNuc =  3.0950388447E-01
Rho =  1.8459341471E+01
DelSqRho =  1.2046285058E+03
GradDelSqRho =  2.5011104299E-12 -9.5212726592E-13 -5.6843418861E-12
HessDelSqRho_EigVals = -3.2020411578E+05  1.2832466200E+03  6.2052046112E+03
HessDelSqRho_EigVec1 =  3.5018106373E-01  2.5161842532E-02  9.3634400958E-01
HessDelSqRho_EigVec2 =  9.3391294881E-01  6.7429379480E-02 -3.5108386865E-01
HessDelSqRho_EigVec3 = -7.1971012564E-02  9.9740671768E-01  1.1352127632E-04
</CP of DelSqRho>
<CP of DelSqRho>
CP# = 41      
Type = (3,-1)
Coords = -2.18360701682272E-01  1.12165371491905E-01  1.85601849897205E-01
DistFromNuc =  3.0905662269E-01
Rho =  1.8440650221E+01
DelSqRho =  1.2308054552E+03
GradDelSqRho = -1.8189894035E-12  1.3642420527E-12  0.0000000000E+00
HessDelSqRho_EigVals = -3.2430250974E+05 -3.7132584758E+03  6.7131434343E+03
HessDelSqRho_EigVec1 =  7.0960652054E-01 -3.7025734531E-01 -5.9947317225E-01
HessDelSqRho_EigVec2 =  2.3137116581E-01 -6.8117607610E-01  6.9459811185E-01
HessDelSqRho_EigVec3 =  6.6552683615E-01  6.3159215605E-01  3.9770011160E-01
</CP of DelSqRho>
<CP of DelSqRho>
CP# = 42      
Type = (3,-1)
Coords =  2.19984887080161E-01 -1.16312012269294E-01  1.85591191048419E-01
DistFromNuc =  3.0905712680E-01
Rho =  1.8440508256E+01
DelSqRho =  1.2308024130E+03
GradDelSqRho =  1.3642420527E-12  4.5474735089E-13  4.0927261580E-12
HessDelSqRho_EigVals = -3.2429925452E+05 -3.7135237644E+03  6.7129433202E+03
HessDelSqRho_EigVec1 =  7.0965264278E-01 -3.7021723017E-01  5.9944334935E-01
HessDelSqRho_EigVec2 = -2.3135187371E-01  6.8119014778E-01  6.9459073785E-01
HessDelSqRho_EigVec3 =  6.6548436279E-01  6.3160049482E-01 -3.9775793873E-01
</CP of DelSqRho>
<CP of DelSqRho>
CP# = 43      
Type = (3,-1)
Coords = -2.18379183771807E-01  1.12166278378554E-01 -1.85487074105190E-01
DistFromNuc =  3.0905650928E-01
Rho =  1.8440624852E+01
DelSqRho =  1.2308120618E+03
GradDelSqRho = -2.2737367544E-12  4.3200998334E-12  4.0927261580E-12
HessDelSqRho_EigVals = -3.2430355616E+05 -3.7138400159E+03  6.7129120986E+03
HessDelSqRho_EigVec1 =  7.0966682391E-01 -3.7025936856E-01  5.9940053306E-01
HessDelSqRho_EigVec2 = -2.3129063652E-01  6.8118384042E-01  6.9461731695E-01
HessDelSqRho_EigVec3 =  6.6549052623E-01  6.3158259598E-01 -3.9777604750E-01
</CP of DelSqRho>
<CP of DelSqRho>
CP# = 44      
Type = (3,-1)
Coords =  2.19964038828128E-01 -1.16310047259931E-01 -1.85525043476466E-01
DistFromNuc =  3.0905725562E-01
Rho =  1.8440533165E+01
DelSqRho =  1.2307961911E+03
GradDelSqRho = -9.0949470177E-13 -1.1368683772E-12  3.1832314562E-12
HessDelSqRho_EigVals = -3.2429827152E+05 -3.7128910224E+03  6.7130192503E+03
HessDelSqRho_EigVec1 =  7.0958564650E-01 -3.7020933995E-01 -5.9952752638E-01
HessDelSqRho_EigVec2 =  2.3144246286E-01 -6.8118698425E-01  6.9456366078E-01
HessDelSqRho_EigVec3 =  6.6552430208E-01  6.3160853153E-01  3.9767834520E-01
</CP of DelSqRho>
<CP of DelSqRho>
CP# = 45      
Type = (3,-1)
Coords =  7.13833333610267E-01  4.86574048138387E-02  2.13685830842148E-05
DistFromNuc =  7.1483220798E-01
Rho =  1.8046688045E+00
DelSqRho = -5.4556643630E+00
GradDelSqRho =  4.5474735089E-13  8.8817841970E-15 -4.5102810375E-17
HessDelSqRho_EigVals = -2.8183402555E+02 -1.4712297966E+02  1.7511651268E+03
HessDelSqRho_EigVec1 = -7.0971143190E-02  9.9747836891E-01  1.9676419262E-05
HessDelSqRho_EigVec2 =  3.6394020179E-05 -1.7136706480E-05  9.9999999919E-01
HessDelSqRho_EigVec3 =  9.9747836844E-01  7.0971143848E-02 -3.5086036237E-05
</CP of DelSqRho>
<CP of DelSqRho>
CP# = 46      
Type = (3,-1)
Coords = -7.12210190573095E-01 -5.28844228205536E-02  8.01127795511743E-05
DistFromNuc =  7.1482190540E-01
Rho =  1.8048166690E+00
DelSqRho = -5.4587357738E+00
GradDelSqRho = -5.6843418861E-14 -2.6645352591E-14  4.3368086899E-19
HessDelSqRho_EigVals = -2.8181966701E+02 -1.4710910106E+02  1.7514750488E+03
HessDelSqRho_EigVec1 = -7.1050518705E-02  9.9747271807E-01  2.2203144407E-05
HessDelSqRho_EigVec2 =  4.8850226793E-05 -1.8779772203E-05  9.9999999863E-01
HessDelSqRho_EigVec3 =  9.9747271712E-01  7.1050519692E-02 -4.7392455941E-05
</CP of DelSqRho>
<CP of DelSqRho>
CP# = 47      
Type = (3,+1)
Coords = -4.81299508601084E-02  6.87010063546934E-01  4.85488590215025E-05
DistFromNuc =  6.9082487020E-01
Rho =  2.0665770951E+00
DelSqRho = -1.5649703019E+01
GradDelSqRho =  5.7731597281E-15  9.9475983006E-14 -1.1102230246E-16
HessDelSqRho_EigVals = -2.5297254246E+02  2.1346290858E+02  2.5737734631E+03
HessDelSqRho_EigVec1 =  9.9748752641E-01  7.0842300596E-02 -5.5736807663E-05
HessDelSqRho_EigVec2 =  5.5952056807E-05 -1.0540477233E-06  9.9999999843E-01
HessDelSqRho_EigVec3 = -7.0842300426E-02  9.9748752796E-01  5.0151718835E-06
</CP of DelSqRho>
<CP of DelSqRho>
CP# = 48      
Type = (3,+1)
Coords =  4.97159568826382E-02 -6.91169732730999E-01  6.32559502120008E-05
DistFromNuc =  6.9082391789E-01
Rho =  2.0665971363E+00
DelSqRho = -1.5650282145E+01
GradDelSqRho = -2.4868995752E-14  1.2079226508E-13 -4.1633363423E-17
HessDelSqRho_EigVals = -2.5295677249E+02  2.1346848692E+02  2.5737838267E+03
HessDelSqRho_EigVec1 =  9.9748978097E-01  7.0810547671E-02 -5.6593871993E-05
HessDelSqRho_EigVec2 =  5.4571092519E-05  3.0500608022E-05  9.9999999805E-01
HessDelSqRho_EigVec3 = -7.0810549259E-02  9.9748978211E-01 -2.6559835867E-05
</CP of DelSqRho>
<CP of DelSqRho>
CP# = 49      
Type = (3,+1)
Coords =  7.37875123229875E-04 -2.08436654478888E-03  6.81329757348206E-01
DistFromNuc =  6.8128366230E-01
Rho =  2.2792768232E+00
DelSqRho = -2.2011203693E+01
GradDelSqRho = -1.0408340856E-17  1.5265566589E-16  8.1712414612E-14
HessDelSqRho_EigVals = -4.2950368222E+01  2.9212747998E+02  2.9248472339E+03
HessDelSqRho_EigVec1 =  9.9744934183E-01  7.1377873675E-02  9.8169347986E-05
HessDelSqRho_EigVec2 = -7.1377873898E-02  9.9744934664E-01 -1.2399909416E-06
HessDelSqRho_EigVec3 = -9.8007459926E-05 -5.7702911926E-06  9.9999999518E-01
</CP of DelSqRho>
<CP of DelSqRho>
CP# = 50      
Type = (3,+1)
Coords =  7.41680484355121E-04 -2.09547126722502E-03 -6.81236788542749E-01
DistFromNuc =  6.8128288986E-01
Rho =  2.2792833548E+00
DelSqRho = -2.2011646284E+01
GradDelSqRho =  1.3183898417E-16  0.0000000000E+00  3.1974423109E-14
HessDelSqRho_EigVals = -4.2953425207E+01  2.9214992605E+02  2.9248846386E+03
HessDelSqRho_EigVec1 =  9.9744934402E-01  7.1377849595E-02 -9.3288334326E-05
HessDelSqRho_EigVec2 = -7.1377851402E-02  9.9744934812E-01 -1.6181063148E-05
HessDelSqRho_EigVec3 =  9.1895418769E-05  2.2798511688E-05  9.9999999552E-01
</CP of DelSqRho>
<CP of DelSqRho>
CP# = 51      
Type = (3,-1)
Coords = -3.70964518786990E-02  5.29819323907905E-01  4.80264664426410E-01
DistFromNuc =  7.1760902147E-01
Rho =  1.7428701863E+00
DelSqRho = -4.8909412298E+00
GradDelSqRho =  0.0000000000E+00 -2.8421709430E-14  2.1316282073E-14
HessDelSqRho_EigVals = -2.2279552004E+02 -1.9364477849E+02  1.6796028957E+03
HessDelSqRho_EigVec1 =  9.9762190087E-01  6.8879714129E-02  2.4754567049E-03
HessDelSqRho_EigVec2 =  4.4089235266E-02 -6.6535070030E-01  7.4522787450E-01
HessDelSqRho_EigVec3 = -5.2978129809E-02  7.4334650775E-01  6.6680528430E-01
</CP of DelSqRho>
<CP of DelSqRho>
CP# = 52      
Type = (3,-1)
Coords =  3.87367012391203E-02 -5.33968567681478E-01  4.80270688667575E-01
DistFromNuc =  7.1760747910E-01
Rho =  1.7428825384E+00
DelSqRho = -4.8915412048E+00
GradDelSqRho = -9.3258734069E-15  9.9475983006E-14 -3.5527136788E-14
HessDelSqRho_EigVals = -2.2277890559E+02 -1.9364816577E+02  1.6796397949E+03
HessDelSqRho_EigVec1 =  9.9761302077E-01  6.9010877038E-02 -2.3999231148E-03
HessDelSqRho_EigVec2 = -4.4233469365E-02  6.6534955793E-01  7.4522034725E-01
HessDelSqRho_EigVec3 = -5.3025097533E-02  7.4333536484E-01 -6.6681397287E-01
</CP of DelSqRho>
<CP of DelSqRho>
CP# = 53      
Type = (3,-1)
Coords = -3.71462125385299E-02  5.29812968425443E-01 -4.80180499027568E-01
DistFromNuc =  7.1761231501E-01
Rho =  1.7428153763E+00
DelSqRho = -4.8901085005E+00
GradDelSqRho =  2.2204460493E-15 -9.2370555649E-14  7.1054273576E-15
HessDelSqRho_EigVals = -2.2278994404E+02 -1.9365088256E+02  1.6795106746E+03
HessDelSqRho_EigVec1 =  9.9761556363E-01  6.8971395650E-02 -2.4766489336E-03
HessDelSqRho_EigVec2 = -4.4150145630E-02  6.6535582670E-01  7.4521969145E-01
HessDelSqRho_EigVec3 = -5.3046694984E-02  7.4333341810E-01 -6.6681442522E-01
</CP of DelSqRho>
<CP of DelSqRho>
CP# = 54      
Type = (3,-1)
Coords =  3.86870871860136E-02 -5.33987359455159E-01 -4.80167487892516E-01
DistFromNuc =  7.1761142291E-01
Rho =  1.7428462257E+00
DelSqRho = -4.8904849245E+00
GradDelSqRho = -2.6645352591E-15  2.8421709430E-14  2.1316282073E-14
HessDelSqRho_EigVals = -2.2278740812E+02 -1.9365483856E+02  1.6795224529E+03
HessDelSqRho_EigVec1 =  9.9761973258E-01  6.8913701794E-02  2.4022622120E-03
HessDelSqRho_EigVec2 =  4.4165697252E-02 -6.6533681341E-01  7.4523574519E-01
HessDelSqRho_EigVec3 = -5.2955267395E-02  7.4335578725E-01  6.6679675556E-01
</CP of DelSqRho>
<CP of DelSqRho>
CP# = 55      
Type = (3,+3)
Coords = -4.68698599126726E-01  4.73160868844259E-01  7.85700731718754E-05
DistFromNuc =  6.6804649451E-01
Rho =  2.4634101581E+00
DelSqRho = -2.9201067400E+01
GradDelSqRho =  0.0000000000E+00  5.6843418861E-14 -6.9388939039E-17
HessDelSqRho_EigVals =  2.3330344160E+02  3.4900289747E+02  3.5615150996E+03
HessDelSqRho_EigVec1 =  1.6598292995E-05 -5.2698981018E-05  9.9999999847E-01
HessDelSqRho_EigVec2 =  7.1076169557E-01  7.0343287631E-01  2.5272764962E-05
HessDelSqRho_EigVec3 = -7.0343287657E-01  7.1076169406E-01  4.9132202087E-05
</CP of DelSqRho>
<CP of DelSqRho>
CP# = 56      
Type = (3,+3)
Coords =  4.70268627001053E-01 -4.77369851373188E-01  2.48081744106860E-05
DistFromNuc =  6.6805533870E-01
Rho =  2.4632832488E+00
DelSqRho = -2.9198585825E+01
GradDelSqRho =  1.5987211555E-13 -2.7711166695E-13  1.3877787808E-17
HessDelSqRho_EigVals =  2.3329470275E+02  3.4898232517E+02  3.5610387331E+03
HessDelSqRho_EigVec1 = -1.6857502733E-05 -6.1385014644E-05  9.9999999797E-01
HessDelSqRho_EigVec2 =  7.1083076956E-01  7.0336307410E-01  5.5158784356E-05
HessDelSqRho_EigVec3 = -7.0336307606E-01  7.1083076905E-01  3.1777412255E-05
</CP of DelSqRho>
<CP of DelSqRho>
CP# = 57      
Type = (3,+1)
Coords = -4.80604862854924E-01  2.26118389741072E-01  4.29794243932362E-01
DistFromNuc =  6.8447954069E-01
Rho =  2.2106980906E+00
DelSqRho = -1.9285995893E+01
GradDelSqRho =  2.9842794902E-13 -5.1514348343E-14 -2.8421709430E-13
HessDelSqRho_EigVals = -1.4055995643E+02  2.4641331639E+02  2.8016513846E+03
HessDelSqRho_EigVec1 = -2.5157161941E-01  7.0618259411E-01 -6.6182918044E-01
HessDelSqRho_EigVec2 =  6.6276836239E-01  6.2402696913E-01  4.1391839728E-01
HessDelSqRho_EigVec3 =  7.0530122509E-01 -3.3450932059E-01 -6.2502295663E-01
</CP of DelSqRho>
<CP of DelSqRho>
CP# = 58      
Type = (3,+1)
Coords =  4.82245750009675E-01 -2.30362538943112E-01  4.29723309937898E-01
DistFromNuc =  6.8448652867E-01
Rho =  2.2105782502E+00
DelSqRho = -1.9283643698E+01
GradDelSqRho = -2.2737367544E-13  3.0198066270E-14 -1.1723955140E-13
HessDelSqRho_EigVals = -1.4061208680E+02  2.4641666497E+02  2.8013612913E+03
HessDelSqRho_EigVec1 = -2.5139360484E-01  7.0619217885E-01  6.6188659299E-01
HessDelSqRho_EigVec2 = -6.6279535664E-01 -6.2395535759E-01  4.1398312401E-01
HessDelSqRho_EigVec3 =  7.0533933016E-01 -3.3462265056E-01  6.2491928364E-01
</CP of DelSqRho>
<CP of DelSqRho>
CP# = 59      
Type = (3,+1)
Coords = -4.80660479874009E-01  2.26131820130478E-01 -4.29634143192518E-01
DistFromNuc =  6.8448050720E-01
Rho =  2.2106645334E+00
DelSqRho = -1.9285426012E+01
GradDelSqRho =  1.4210854715E-13 -9.4146912488E-14  7.4606987255E-14
HessDelSqRho_EigVals = -1.4058601937E+02  2.4641924624E+02  2.8016207400E+03
HessDelSqRho_EigVec1 = -2.5146825643E-01  7.0618058430E-01  6.6187060546E-01
HessDelSqRho_EigVec2 = -6.6272217480E-01 -6.2401947038E-01  4.1400364687E-01
HessDelSqRho_EigVec3 =  7.0538148193E-01 -3.3452755185E-01  6.2492262082E-01
</CP of DelSqRho>
<CP of DelSqRho>
CP# = 60      
Type = (3,+1)
Coords =  4.82209883751970E-01 -2.30359772705950E-01 -4.29670569226127E-01
DistFromNuc =  6.8448514909E-01
Rho =  2.2106086823E+00
DelSqRho = -1.9284362788E+01
GradDelSqRho =  2.1316282073E-14  6.7501559897E-14  1.0658141036E-14
HessDelSqRho_EigVals = -1.4059974552E+02  2.4643064016E+02  2.8014128479E+03
HessDelSqRho_EigVec1 = -2.5146135262E-01  7.0618273409E-01 -6.6187093471E-01
HessDelSqRho_EigVec2 =  6.6282342195E-01  6.2396805139E-01  4.1391905267E-01
HessDelSqRho_EigVec3 =  7.0528880571E-01 -3.3461891297E-01 -6.2497830652E-01
</CP of DelSqRho>
<CP of DelSqRho>
CP# = 61      
Type = (3,+3)
Coords =  2.83968547130105E-01  1.82220087791999E-02  6.17350971031838E-01
DistFromNuc =  6.7945538943E-01
Rho =  2.3071218501E+00
DelSqRho = -2.2882845342E+01
GradDelSqRho =  4.8627768479E-14  2.1094237468E-15  1.0658141036E-13
HessDelSqRho_EigVals =  7.1303998523E+01  2.1420946370E+02  3.0047912199E+03
HessDelSqRho_EigVec1 =  9.0507769281E-01  6.5439994477E-02 -4.2018088617E-01
HessDelSqRho_EigVec2 = -7.2008462085E-02  9.9740399450E-01  2.3051778028E-04
HessDelSqRho_EigVec3 =  4.1910517936E-01  3.0047942910E-02  9.0744033950E-01
</CP of DelSqRho>
<CP of DelSqRho>
CP# = 62      
Type = (3,+3)
Coords = -2.82314719250027E-01 -2.23617289082908E-02  6.17375338075651E-01
DistFromNuc =  6.7945784271E-01
Rho =  2.3070937764E+00
DelSqRho = -2.2881335030E+01
GradDelSqRho = -1.0813572260E-13 -3.9690473130E-15 -9.9475983006E-14
HessDelSqRho_EigVals =  7.1257946956E+01  2.1418611290E+02  3.0046701764E+03
HessDelSqRho_EigVec1 =  9.0512708907E-01  6.5210268960E-02  4.2011019205E-01
HessDelSqRho_EigVec2 = -7.1785267478E-02  9.9742009693E-01 -1.6005942559E-04
HessDelSqRho_EigVec3 = -4.1903678599E-01 -3.0012848384E-02  9.0747308551E-01
</CP of DelSqRho>
<CP of DelSqRho>
CP# = 63      
Type = (3,+3)
