 AIMInt (Version 19.02.13, Professional)
 Portions Copyright (c) 1997-2019 by Todd A. Keith
 AIMInt is a component of the AIMAll package ( http://aim.tkgristmill.com )

 TP:  64-bit Linux

 Licensed To:  Research Group of Fernando Cortes Guzman, UNAM, fercor@unam.mx

 AIMInt is a heavily modified and extended version of the PROAIMV program
 developed by members of R.F.W. Bader's research group

 Much of the Quantum Theory of Atoms in Molecules (QTAIM) is described in the book:
   "Atoms in Molecules - A Quantum Theory"
   R.F.W. Bader, Oxford University Press, Oxford, 1990

 For additional references see:  http://aim.tkgristmill.com/references.html

 Current Directory:  /home/scratch/M_H2O_4_cuadrado_plano/Opt

 Inp File:  Cr3_cuadrado_plano_cc pvtz-def2tzv_5_atomicfiles/o2.inp
 Wfx File:  Cr3_cuadrado_plano_cc pvtz-def2tzv_5.wfx
 Out File:  Cr3_cuadrado_plano_cc pvtz-def2tzv_5_atomicfiles/o2.int

 Wfx Title:   Cr3_cuadrado_plano_cc pvtz-def2tzv_5                                          
 Job Title:   Cr3_cuadrado_plano_cc pvtz-def2tzv_5                                          
 
<Atom>
O2      
</Atom>
<Nuclei of Molecule>
    13
Cr1       24.0           8.0398766641E-04  -2.0795321787E-03   4.6098276725E-05
O2         8.0          -3.7038329039E+00  -2.5206971704E-01   4.4526509545E-05
H3         1.0          -4.8126522075E+00  -3.3757098770E-01   1.5099601724E+00
O4         8.0           2.6587731972E-01  -3.7056339810E+00   6.1223316727E-05
H5         1.0          -1.1639497983E+00  -4.9262668376E+00  -7.9607366406E-04
O6         8.0           3.7034178784E+00   2.6297699003E-01   2.3425431894E-05
H7         1.0           4.8122982145E+00   3.4438149802E-01   1.5101707881E+00
O8         8.0          -2.6728518580E-01   3.7003497653E+00   2.0207716662E-05
H9         1.0           1.1617854845E+00   4.9218282747E+00  -4.5806164146E-04
H10        1.0          -4.8122743954E+00  -3.3541589400E-01  -1.5102651545E+00
H11        1.0           1.8549956447E+00  -4.7102122068E+00  -7.8913068401E-04
H12        1.0           4.8123901076E+00   3.4476670008E-01  -1.5100305426E+00
H13        1.0          -1.8573056220E+00   4.7034137669E+00  -9.3419796202E-05
</Nuclei of Molecule>
<Total Number of CPs of DelSqRho>
    38
</Total Number of CPs of DelSqRho>
<Number of (3,+3) CPs of DelSqRho>
     5
</Number of (3,+3) CPs of DelSqRho>
<Number of (3,+1) CPs of DelSqRho>
    14
</Number of (3,+1) CPs of DelSqRho>
<Number of (3,-1) CPs of DelSqRho>
    13
</Number of (3,-1) CPs of DelSqRho>
<Number of (3,-3) CPs of DelSqRho>
     6
</Number of (3,-3) CPs of DelSqRho>
<Number of Degenerate CPs of DelSqRho>
     0
</Number of Degenerate CPs of DelSqRho>
<CP of DelSqRho>
CP# = 1       
Type = (3,+3)
Coords = -3.70383314844310E+00 -2.52069739313952E-01  4.45264247406026E-05
DistFromNuc =  2.4560062878E-07
Rho =  2.9716089654E+02
DelSqRho = -3.3277126687E+06
GradDelSqRho = -2.8259968531E-05  2.5611368528E-06 -2.4104007679E-10
HessDelSqRho_EigVals =  1.3233538411E+11  1.3233540442E+11  1.3233541116E+11
HessDelSqRho_EigVec1 = -7.1827071248E-02  9.9741684434E-01  7.1446786594E-04
HessDelSqRho_EigVec2 =  9.9741705064E-01  7.1826823373E-02  3.6677990091E-04
HessDelSqRho_EigVec3 = -3.1451449412E-04 -7.3896715770E-04  9.9999967750E-01
</CP of DelSqRho>
<CP of DelSqRho>
CP# = 2       
Type = (3,-1)
Coords = -2.10659252754615E+00 -1.34604092628422E-01 -3.83840312849597E-04
DistFromNuc =  1.6015539879E+00
Rho =  1.1929674259E-01
DelSqRho =  2.5669347997E-01
GradDelSqRho =  4.9266146718E-16  1.1926223897E-16  3.1577388274E-18
HessDelSqRho_EigVals = -1.7740476472E-01 -6.1251668208E-02  4.0187368128E+00
HessDelSqRho_EigVec1 = -6.6930356899E-02  9.9775716985E-01  9.7843661540E-04
HessDelSqRho_EigVec2 =  4.8657275488E-06 -9.8030914727E-04  9.9999951949E-01
HessDelSqRho_EigVec3 =  9.9775764958E-01  6.6930329499E-02  6.0757626550E-05
</CP of DelSqRho>
<CP of DelSqRho>
CP# = 3       
Type = (3,+1)
Coords = -4.38519497733213E+00 -3.04726065692049E-01  9.35971118712775E-01
DistFromNuc =  1.1588725349E+00
Rho =  4.0641212817E-01
DelSqRho = -9.1758194010E-01
GradDelSqRho = -2.2204460493E-16 -5.4817261841E-16  5.9396931817E-15
HessDelSqRho_EigVals = -2.9950217856E+01  1.4118459193E+01  1.4911340373E+01
HessDelSqRho_EigVec1 = -5.9428379889E-01 -4.5749005970E-02  8.0295317101E-01
HessDelSqRho_EigVec2 = -7.4578625175E-02  9.9721382096E-01  1.6198607969E-03
HessDelSqRho_EigVec3 =  8.0079010674E-01  5.8920486546E-02  5.9603991579E-01
</CP of DelSqRho>
<CP of DelSqRho>
CP# = 4       
Type = (3,+1)
Coords = -4.38495973510799E+00 -3.03386537171673E-01 -9.36122235424340E-01
DistFromNuc =  1.1588681471E+00
Rho =  4.0641569951E-01
DelSqRho = -9.1758870064E-01
GradDelSqRho = -2.7200464103E-15 -2.8449465006E-16  4.7184478547E-16
HessDelSqRho_EigVals = -2.9950509139E+01  1.4118623018E+01  1.4911403173E+01
HessDelSqRho_EigVec1 =  5.9408200999E-01  4.4603840225E-02  8.0316689601E-01
HessDelSqRho_EigVec2 = -7.4522058084E-02  9.9721933197E-01 -2.5847392167E-04
HessDelSqRho_EigVec3 =  8.0094508442E-01  5.9700095368E-02 -5.9575403511E-01
</CP of DelSqRho>
<CP of DelSqRho>
CP# = 5       
Type = (3,-1)
Coords = -3.53718043477929E+00 -2.39598446787214E-01  1.80897307167661E-05
DistFromNuc =  1.6711845718E-01
Rho =  2.2694719522E+01
DelSqRho =  1.2898315503E+03
GradDelSqRho =  2.3987922759E-11  3.1441516057E-12 -5.9952043330E-15
HessDelSqRho_EigVals = -4.4682538897E+05 -3.2900496262E+03  2.1345006075E+02
HessDelSqRho_EigVec1 =  9.9720744449E-01  7.4681244359E-02 -1.5621260961E-04
HessDelSqRho_EigVec2 = -7.4681115981E-02  9.9720721404E-01  7.0935233313E-04
HessDelSqRho_EigVec3 =  2.0875165616E-04 -6.9570529535E-04  9.9999973621E-01
</CP of DelSqRho>
<CP of DelSqRho>
CP# = 6       
Type = (3,-1)
Coords = -3.87204344238753E+00 -2.63131568503009E-01 -3.01365558494905E-06
DistFromNuc =  1.6857387725E-01
Rho =  2.2373014022E+01
DelSqRho =  1.2574086050E+03
GradDelSqRho =  7.0485839387E-12  1.1368683772E-12  3.4972025276E-15
HessDelSqRho_EigVals = -4.1169992417E+05 -2.0699865126E+03  1.0929804760E+03
HessDelSqRho_EigVec1 =  9.9785069825E-01  6.5527891469E-02  2.8184636736E-04
HessDelSqRho_EigVec2 = -6.5528077494E-02  9.9785047247E-01  7.1109724185E-04
HessDelSqRho_EigVec3 = -2.3464382795E-04 -7.2803772991E-04  9.9999970745E-01
</CP of DelSqRho>
<CP of DelSqRho>
CP# = 7       
Type = (3,+1)
Coords = -3.75150074234317E+00 -9.07271978811594E-02  1.49731249355628E-04
DistFromNuc =  1.6823686392E-01
Rho =  2.2587038492E+01
DelSqRho =  1.2345596379E+03
GradDelSqRho =  9.0096818894E-12 -4.1495695768E-12 -1.0047518373E-14
HessDelSqRho_EigVals = -4.1461671061E+05  2.5193890128E+03  3.2794563191E+03
HessDelSqRho_EigVec1 = -2.7982187482E-01  9.6005173045E-01  6.2708315124E-04
HessDelSqRho_EigVec2 =  9.6005191628E-01  2.7982167978E-01  3.8153850871E-04
HessDelSqRho_EigVec3 = -1.9082524478E-04 -7.0879520184E-04  9.9999973060E-01
</CP of DelSqRho>
<CP of DelSqRho>
CP# = 8       
Type = (3,+1)
Coords = -3.72783376505259E+00 -4.18613333209670E-01 -8.33510485255878E-05
DistFromNuc =  1.6826417854E-01
Rho =  2.2581059618E+01
DelSqRho =  1.2339414674E+03
GradDelSqRho =  5.9685589804E-13 -3.5811353882E-12 -2.8116398099E-14
HessDelSqRho_EigVals = -4.1397870061E+05  2.5425540497E+03  3.3002179568E+03
HessDelSqRho_EigVec1 =  1.3903712854E-01  9.9028687778E-01  7.5933444764E-04
HessDelSqRho_EigVec2 =  9.9028715064E-01 -1.3903723236E-01  8.5440877398E-05
HessDelSqRho_EigVec3 = -1.9018673975E-04 -7.4007969228E-04  9.9999970806E-01
</CP of DelSqRho>
<CP of DelSqRho>
CP# = 9       
Type = (3,-3)
Coords = -3.57277958908571E+00 -2.42240810963165E-01  1.03501857554800E-01
DistFromNuc =  1.6725728102E-01
Rho =  2.2645098578E+01
DelSqRho =  1.2904631986E+03
GradDelSqRho =  5.3361759456E-12 -7.4695805097E-13 -4.3769432523E-12
HessDelSqRho_EigVals = -4.4375749747E+05 -3.4694716801E+03 -3.6712039319E+02
HessDelSqRho_EigVec1 =  7.8500765867E-01  5.8931501397E-02  6.1667662026E-01
HessDelSqRho_EigVec2 = -7.4023611820E-02  9.9725591353E-01 -1.0713655083E-03
HessDelSqRho_EigVec3 = -6.1504754347E-01 -4.4807600627E-02  7.8721585235E-01
</CP of DelSqRho>
<CP of DelSqRho>
CP# = 10      
Type = (3,-3)
Coords = -3.57271626886140E+00 -2.42089229759590E-01 -1.03317999211887E-01
DistFromNuc =  1.6725726837E-01
Rho =  2.2645116705E+01
DelSqRho =  1.2904605840E+03
GradDelSqRho = -9.9475983006E-14 -8.1268325403E-13  1.1482370610E-11
HessDelSqRho_EigVals = -4.4375748426E+05 -3.4692588021E+03 -3.6660695004E+02
HessDelSqRho_EigVec1 =  7.8538513484E-01  5.9835035104E-02 -6.1610872300E-01
HessDelSqRho_EigVec2 = -7.4024817363E-02  9.9725329669E-01  2.4877019127E-03
HessDelSqRho_EigVec3 =  6.1456530686E-01  4.3653531593E-02  7.8765719243E-01
</CP of DelSqRho>
<CP of DelSqRho>
CP# = 11      
Type = (3,+1)
Coords = -3.02692016915660E+00 -2.04021996720476E-01  1.44723006654360E-04
DistFromNuc =  6.7861582936E-01
Rho =  8.1510468817E-01
DelSqRho = -3.0880666499E+00
GradDelSqRho = -7.1054273576E-15  7.2164496601E-16  1.9163273399E-16
HessDelSqRho_EigVals = -6.4940472357E+00  1.6638257841E+01  2.1576378512E+02
HessDelSqRho_EigVec1 = -7.1145447366E-02  9.9746569943E-01  7.0976875194E-04
HessDelSqRho_EigVec2 = -1.0488336866E-04 -7.1905283474E-04  9.9999973598E-01
HessDelSqRho_EigVec3 =  9.9746594645E-01  7.1145354139E-02  1.5577489829E-04
</CP of DelSqRho>
<CP of DelSqRho>
CP# = 12      
Type = (3,-1)
Coords = -4.42518594924273E+00 -3.03591655159330E-01 -8.43066832566436E-05
DistFromNuc =  7.2319066836E-01
Rho =  6.6884249216E-01
DelSqRho = -1.0141648600E+00
GradDelSqRho = -6.8833827527E-14 -3.7192471325E-15 -1.1622647289E-15
HessDelSqRho_EigVals = -1.8897165922E+01 -6.3884554259E+00  1.3559125473E+02
HessDelSqRho_EigVec1 = -1.2633232531E-04 -7.1556611484E-04  9.9999973600E-01
HessDelSqRho_EigVec2 = -7.0912333255E-02  9.9748230272E-01  7.0480620210E-04
HessDelSqRho_EigVec3 =  9.9748254372E-01  7.0912225495E-02  1.7675672156E-04
</CP of DelSqRho>
<CP of DelSqRho>
CP# = 13      
Type = (3,+3)
Coords = -3.56274285221638E+00  3.70969013430030E-01  5.10329213201168E-04
DistFromNuc =  6.3881443260E-01
Rho =  9.5064616479E-01
DelSqRho = -4.2671198880E+00
GradDelSqRho =  2.4868995752E-14  3.1974423109E-14 -2.7755575616E-17
HessDelSqRho_EigVals =  1.1564933900E+01  2.0948037208E+01  3.2714162594E+02
HessDelSqRho_EigVec1 =  9.8001102752E-01 -1.9894316116E-01 -6.7640505634E-05
HessDelSqRho_EigVec2 = -7.9717023287E-05 -7.3269193227E-04  9.9999972840E-01
HessDelSqRho_EigVec3 =  1.9894315669E-01  9.8001075596E-01  7.3390533001E-04
</CP of DelSqRho>
<CP of DelSqRho>
CP# = 14      
Type = (3,+1)
Coords = -3.96877687714904E+00 -6.78180124180867E-01  4.73055243482061E-01
DistFromNuc =  6.8956836241E-01
Rho =  7.8797142240E-01
DelSqRho = -2.6296259007E+00
GradDelSqRho =  8.8817841970E-15  4.4408920985E-15 -1.2434497876E-14
HessDelSqRho_EigVals = -1.2007077794E+01  1.4185845657E+01  1.8934386767E+02
HessDelSqRho_EigVec1 =  5.0615947225E-01 -7.0418253715E-01 -4.9792523840E-01
HessDelSqRho_EigVec2 =  7.9311256971E-01  1.5326462244E-01  5.8947638399E-01
HessDelSqRho_EigVec3 =  3.3878465200E-01  6.9327982077E-01 -6.3607236199E-01
</CP of DelSqRho>
<CP of DelSqRho>
CP# = 15      
Type = (3,-1)
Coords = -3.42706383304406E+00 -2.33046201069649E-01  6.60087016146892E-01
DistFromNuc =  7.1597423197E-01
Rho =  6.7302304886E-01
DelSqRho = -1.0293539652E+00
GradDelSqRho =  1.3322676296E-14  5.5511151231E-16  1.0658141036E-14
HessDelSqRho_EigVals = -1.4785171888E+01 -1.1930367775E+01  1.4264760838E+02
HessDelSqRho_EigVec1 =  9.1203695879E-01  7.0236826193E-02 -4.0404872733E-01
HessDelSqRho_EigVec2 = -7.5573093530E-02  9.9713647867E-01  2.7478051017E-03
HessDelSqRho_EigVec3 =  4.0308472229E-01  2.8029112453E-02  9.1473333574E-01
</CP of DelSqRho>
<CP of DelSqRho>
CP# = 16      
Type = (3,-1)
Coords = -3.42693048468760E+00 -2.32104385707278E-01 -6.59921798088669E-01
DistFromNuc =  7.1598122447E-01
Rho =  6.7301344207E-01
DelSqRho = -1.0293104523E+00
GradDelSqRho =  1.3322676296E-14  1.1102230246E-15 -2.3980817332E-14
HessDelSqRho_EigVals = -1.4785542662E+01 -1.1929757063E+01  1.4264066397E+02
HessDelSqRho_EigVec1 =  9.1196128653E-01  6.9598239373E-02  4.0432993576E-01
HessDelSqRho_EigVec2 = -7.5515542166E-02  9.9714375613E-01 -1.3162489214E-03
HessDelSqRho_EigVec3 = -4.0326667946E-01 -2.9332826253E-02  9.1461225147E-01
</CP of DelSqRho>
<CP of DelSqRho>
CP# = 17      
Type = (3,+3)
Coords = -3.47227062533703E+00 -8.48089475449488E-01 -3.51181574327578E-04
DistFromNuc =  6.3942223752E-01
Rho =  9.4803292711E-01
DelSqRho = -4.2380403332E+00
GradDelSqRho =  1.7763568394E-15  2.8421709430E-14  4.5102810375E-17
HessDelSqRho_EigVals =  1.1317296208E+01  2.0753566390E+01  3.2411764761E+02
HessDelSqRho_EigVec1 =  9.4017837297E-01  3.4068246291E-01  2.9406120011E-04
HessDelSqRho_EigVec2 = -6.3694731042E-05 -6.8737533318E-04  9.9999976173E-01
HessDelSqRho_EigVec3 = -3.4068258386E-01  9.4017816768E-01  6.2455574452E-04
</CP of DelSqRho>
<CP of DelSqRho>
CP# = 18      
Type = (3,+1)
Coords = -4.02862887302558E+00  1.27292656834676E-01  4.75751057403319E-01
DistFromNuc =  6.8971366221E-01
Rho =  7.8763565301E-01
DelSqRho = -2.6284137858E+00
GradDelSqRho = -1.4210854715E-14  1.1635137298E-13  2.1316282073E-14
HessDelSqRho_EigVals = -1.2082296022E+01  1.4216117123E+01  1.8925493122E+02
HessDelSqRho_EigVec1 =  3.9630944593E-01  7.7423585438E-01 -4.9345482555E-01
HessDelSqRho_EigVec2 = -8.0750942214E-01  3.8189474520E-02 -5.8861710576E-01
HessDelSqRho_EigVec3 = -4.3688368730E-01  6.3174394008E-01  6.4033759685E-01
</CP of DelSqRho>
<CP of DelSqRho>
CP# = 19      
Type = (3,+1)
Coords = -4.02852678843410E+00  1.27969624674089E-01 -4.75198774831287E-01
DistFromNuc =  6.8971893942E-01
Rho =  7.8762244182E-01
DelSqRho = -2.6282881868E+00
GradDelSqRho =  1.0658141036E-14  7.5495165675E-14  0.0000000000E+00
HessDelSqRho_EigVals = -1.2082418361E+01  1.4215424073E+01  1.8924426845E+02
HessDelSqRho_EigVec1 =  3.9618339048E-01  7.7353544622E-01  4.9465304462E-01
HessDelSqRho_EigVec2 = -8.0764371615E-01  3.7332126369E-02  5.8848784193E-01
HessDelSqRho_EigVec3 =  4.3674975543E-01 -6.3265253164E-01  6.3953141076E-01
</CP of DelSqRho>
<CP of DelSqRho>
CP# = 20      
Type = (3,+1)
Coords = -3.96867544629334E+00 -6.77504076411560E-01 -4.73636402398741E-01
DistFromNuc =  6.8957203310E-01
Rho =  7.8795921639E-01
DelSqRho = -2.6294778304E+00
GradDelSqRho = -2.3359092438E-12 -8.3009155105E-12 -4.9791282208E-12
HessDelSqRho_EigVals = -1.2007596323E+01  1.4184993360E+01  1.8933563821E+02
HessDelSqRho_EigVec1 =  5.0603553069E-01 -7.0489675089E-01  4.9703984977E-01
HessDelSqRho_EigVec2 = -7.9324862279E-01 -1.5408861717E-01  5.8907836533E-01
HessDelSqRho_EigVec3 =  3.3865124261E-01  6.9237075952E-01  6.3713269201E-01
</CP of DelSqRho>
<CP of DelSqRho>
CP# = 21      
Type = (3,+3)
Coords = -4.11733120672697E+00 -2.84600945696229E-01  5.91097647436467E-01
DistFromNuc =  7.2206850026E-01
Rho =  7.5505202986E-01
DelSqRho = -3.0637524235E+00
GradDelSqRho =  3.5527136788E-14  2.1094237468E-15 -4.0856207306E-14
HessDelSqRho_EigVals =  1.0469408147E+01  2.2914137609E+01  1.4146369392E+02
HessDelSqRho_EigVec1 = -7.4183841473E-02  9.9723847388E-01  3.4905411545E-03
HessDelSqRho_EigVec2 =  8.2302286403E-01  5.9246767946E-02  5.6490989172E-01
HessDelSqRho_EigVec3 = -5.6314307502E-01 -4.4779981032E-02  8.2514521774E-01
</CP of DelSqRho>
<CP of DelSqRho>
CP# = 22      
Type = (3,+3)
Coords = -4.11719746397089E+00 -2.83754566740604E-01 -5.91154093772488E-01
DistFromNuc =  7.2207340201E-01
Rho =  7.5503938998E-01
DelSqRho = -3.0636194310E+00
GradDelSqRho = -7.1054273576E-15 -4.4408920985E-16  1.4210854715E-14
HessDelSqRho_EigVals =  1.0469567588E+01  2.2913637594E+01  1.4145658758E+02
HessDelSqRho_EigVec1 = -7.4175628699E-02  9.9724301235E-01 -2.0857690983E-03
HessDelSqRho_EigVec2 =  8.2314672379E-01  6.0045250554E-02 -5.6464505577E-01
HessDelSqRho_EigVec3 =  5.6296309579E-01  4.3599796003E-02  8.2533121264E-01
</CP of DelSqRho>
<CP of DelSqRho>
CP# = 23      
Type = (3,+1)
Coords = -2.47225740824787E+00 -1.75488342901631E-01  1.28907051980413E-04
DistFromNuc =  1.2339541788E+00
Rho =  2.4378851648E-01
DelSqRho =  4.0479659342E-01
GradDelSqRho = -7.2458705702E-12 -3.9788589090E-12 -3.8857331523E-15
HessDelSqRho_EigVals = -1.0750915547E+01  3.9540585510E-01  9.4721223835E-01
HessDelSqRho_EigVec1 =  9.9806032769E-01  6.2254146037E-02  5.9916138468E-05
HessDelSqRho_EigVec2 = -6.2254173755E-02  9.9806002971E-01  7.7133016695E-04
HessDelSqRho_EigVec3 = -1.1781402083E-05 -7.7356406888E-04  9.9999970073E-01
</CP of DelSqRho>
<CP of DelSqRho>
CP# = 24      
Type = (3,-3)
Coords = -3.28586687012595E+00 -2.20616598589353E-01  1.06449509608052E+00
DistFromNuc =  1.1440017129E+00
Rho =  2.4590104688E-01
DelSqRho =  8.2546123327E-01
GradDelSqRho =  2.7097768474E-13  1.8923924927E-13  7.1495587228E-13
HessDelSqRho_EigVals = -1.7387631473E+01 -1.8436710421E+00 -4.6710098204E-01
HessDelSqRho_EigVec1 =  4.0827021224E-01  3.0506864902E-02  9.1235122896E-01
HessDelSqRho_EigVec2 =  9.0973859956E-01  6.8997237099E-02 -4.0940818476E-01
HessDelSqRho_EigVec3 = -7.5439474245E-02  9.9715029583E-01  4.1624408116E-04
</CP of DelSqRho>
<CP of DelSqRho>
CP# = 25      
Type = (3,-3)
Coords = -3.28563704758979E+00 -2.19113314484916E-01 -1.06427890931078E+00
DistFromNuc =  1.1440097354E+00
Rho =  2.4590426062E-01
DelSqRho =  8.2542701911E-01
GradDelSqRho =  2.2204460493E-15  1.4745149546E-16 -4.3021142204E-15
HessDelSqRho_EigVals = -1.7386510398E+01 -1.8439655660E+00 -4.6709774811E-01
HessDelSqRho_EigVec1 = -4.0846372992E-01 -3.1795628718E-02  9.1222059795E-01
HessDelSqRho_EigVec2 =  9.0965547213E-01  6.8369107752E-02  4.0969816588E-01
HessDelSqRho_EigVec3 = -7.5394319124E-02  9.9715329970E-01  9.9676688977E-04
</CP of DelSqRho>
<CP of DelSqRho>
CP# = 26      
Type = (3,-1)
Coords = -3.87138591874112E+00  6.74088037729720E-01  7.27945656702419E-01
DistFromNuc =  1.1898244639E+00
Rho =  2.4374616104E-01
DelSqRho =  7.2049033417E-01
GradDelSqRho = -2.7755575616E-17  3.8857805862E-16 -6.6613381478E-16
HessDelSqRho_EigVals = -1.7232707315E+01 -1.2371319985E+00  2.7618328359E-01
HessDelSqRho_EigVec1 = -1.1817444884E-01  7.8697575474E-01  6.0556086489E-01
HessDelSqRho_EigVec2 = -6.6569107577E-01 -5.1528947465E-01  5.3975193279E-01
HessDelSqRho_EigVec3 =  7.3681082462E-01 -3.3933157643E-01  5.8477678644E-01
</CP of DelSqRho>
<CP of DelSqRho>
CP# = 27      
Type = (3,-1)
Coords = -3.73044221320315E+00 -1.19389834200301E+00  7.26721344629960E-01
DistFromNuc =  1.1898774778E+00
Rho =  2.4375435534E-01
DelSqRho =  7.1971907631E-01
GradDelSqRho =  6.0715321659E-17  8.3266726847E-16 -1.3877787808E-16
HessDelSqRho_EigVals = -1.7207126004E+01 -1.2473000560E+00  2.7796006353E-01
HessDelSqRho_EigVec1 = -1.6053421362E-03  7.9667104636E-01 -6.0441100814E-01
HessDelSqRho_EigVec2 = -7.3596081617E-01  4.0825949865E-01  5.4007949307E-01
HessDelSqRho_EigVec3 =  6.7702223002E-01  4.4568983122E-01  5.8566327732E-01
</CP of DelSqRho>
<CP of DelSqRho>
CP# = 28      
Type = (3,-1)
Coords = -3.87116363223804E+00  6.75103794483525E-01 -7.26620173419902E-01
DistFromNuc =  1.1898285083E+00
Rho =  2.4374745269E-01
DelSqRho =  7.2045390232E-01
GradDelSqRho = -4.5796699766E-15  8.3266726847E-16  3.1918911958E-15
HessDelSqRho_EigVals = -1.7231712468E+01 -1.2371123115E+00  2.7625048788E-01
HessDelSqRho_EigVec1 = -1.1798882801E-01  7.8781580435E-01 -6.0450384191E-01
HessDelSqRho_EigVec2 =  6.6559352115E-01  5.1450810456E-01  5.4061693919E-01
HessDelSqRho_EigVec3 =  7.3692869470E-01 -3.3856708162E-01 -5.8507130349E-01
</CP of DelSqRho>
<CP of DelSqRho>
CP# = 29      
Type = (3,-1)
Coords = -3.73020995760507E+00 -1.19279588236699E+00 -7.28065991229608E-01
DistFromNuc =  1.1898766294E+00
Rho =  2.4375566052E-01
DelSqRho =  7.1971280144E-01
GradDelSqRho = -1.6306400674E-16 -1.3322676296E-15 -6.1062266354E-16
HessDelSqRho_EigVals = -1.7206644982E+01 -1.2475497764E+00  2.7796193625E-01
HessDelSqRho_EigVec1 = -1.8023040827E-03  7.9575092089E-01  6.0562135333E-01
HessDelSqRho_EigVec2 =  7.3586699691E-01 -4.0902653493E-01  5.3962677526E-01
HessDelSqRho_EigVec3 =  6.7712370698E-01  4.4662933808E-01 -5.8482965025E-01
</CP of DelSqRho>
<CP of DelSqRho>
CP# = 30      
Type = (3,-3)
Coords = -4.85152566533557E+00 -8.85889211909239E-02  1.71397309602214E-05
DistFromNuc =  1.1592776398E+00
Rho =  2.4908758190E-01
DelSqRho =  8.6364062541E-01
GradDelSqRho =  3.2196467714E-15 -2.4980018054E-16 -1.8942367206E-16
HessDelSqRho_EigVals = -1.7153590441E+01 -3.4217761758E+00 -6.2408704220E-02
HessDelSqRho_EigVec1 =  9.9028582073E-01 -1.3904672838E-01  2.4289787936E-05
HessDelSqRho_EigVec2 = -1.2543328632E-04 -7.1864347033E-04  9.9999973391E-01
HessDelSqRho_EigVec3 =  1.3904667392E-01  9.9028556027E-01  7.2910352692E-04
</CP of DelSqRho>
<CP of DelSqRho>
CP# = 31      
Type = (3,-3)
Coords = -4.82115966403210E+00 -5.61656509524243E-01 -3.19545934051585E-04
DistFromNuc =  1.1594236515E+00
Rho =  2.4926358315E-01
DelSqRho =  8.6324297070E-01
GradDelSqRho = -2.2204460493E-15  5.5511151231E-16 -1.9163273399E-16
HessDelSqRho_EigVals = -1.7103490627E+01 -3.4999591807E+00 -4.3422428000E-02
HessDelSqRho_EigVec1 =  9.6431789104E-01  2.6474687631E-01  3.1064085182E-04
HessDelSqRho_EigVec2 = -1.2339412889E-04 -7.2389750009E-04  9.9999973037E-01
HessDelSqRho_EigVec3 = -2.6474702980E-01  9.6431766937E-01  6.6539910044E-04
</CP of DelSqRho>
<CP of DelSqRho>
CP# = 32      
Type = (3,-1)
Coords = -4.85683086200275E+00 -3.71310650090917E-01 -1.86645109355973E-04
DistFromNuc =  1.1591474216E+00
Rho =  2.4998350232E-01
DelSqRho =  8.6301704131E-01
GradDelSqRho =  1.9884094371E-13 -5.3845816694E-14 -2.5736249069E-16
HessDelSqRho_EigVals = -1.6890190634E+01 -3.8270067055E+00  2.7541170264E-02
HessDelSqRho_EigVec1 =  9.9476356312E-01  1.0220281082E-01  1.9736212298E-04
HessDelSqRho_EigVec2 = -1.2447941678E-04 -7.1949569301E-04  9.9999973342E-01
HessDelSqRho_EigVec3 = -1.0220292557E-01  9.9476332250E-01  7.0300595295E-04
</CP of DelSqRho>
<CP of DelSqRho>
CP# = 33      
Type = (3,-1)
Coords = -4.10516698177393E+00 -2.74490616773204E-01  1.97090545090598E+00
DistFromNuc =  2.0114334496E+00
Rho =  7.2710352061E-02
DelSqRho =  1.9019648703E-01
GradDelSqRho = -1.4571677198E-16 -1.0581813203E-16 -1.2281842210E-15
HessDelSqRho_EigVals = -2.1628658444E+00 -1.9464552153E-02  4.8274943524E-01
HessDelSqRho_EigVec1 =  3.4772123282E-01  3.5117476749E-02  9.3694007656E-01
HessDelSqRho_EigVec2 = -8.3418648071E-02  9.9649409687E-01 -6.3909350014E-03
HessDelSqRho_EigVec3 =  9.3387968893E-01  7.5936010713E-02 -3.4943160830E-01
</CP of DelSqRho>
<CP of DelSqRho>
CP# = 34      
Type = (3,-1)
Coords = -4.10462509870402E+00 -2.72343092515541E-01 -1.97096910466443E+00
DistFromNuc =  2.0114522434E+00
Rho =  7.2711720648E-02
DelSqRho =  1.9018761452E-01
GradDelSqRho = -1.9047263766E-15 -5.7549451316E-16  6.9944050551E-15
HessDelSqRho_EigVals = -2.1627219196E+00 -1.9448499926E-02  4.8275003483E-01
HessDelSqRho_EigVec1 = -3.4797533976E-01 -3.5800854393E-02  9.3681986622E-01
HessDelSqRho_EigVec2 = -8.2889868688E-02  9.9653202093E-01  7.2938969445E-03
HessDelSqRho_EigVec3 =  9.3383212227E-01  7.5114779428E-02  3.4973609668E-01
</CP of DelSqRho>
<CP of DelSqRho>
CP# = 35      
Type = (3,+1)
Coords = -4.81923617538409E+00  5.43638739089893E-01  1.46026574962735E+00
DistFromNuc =  2.0023791913E+00
Rho =  7.1482621728E-02
DelSqRho =  1.8292893818E-01
GradDelSqRho =  1.6539720982E-14 -7.9554418608E-15 -7.9086043270E-15
HessDelSqRho_EigVals = -1.7180062592E+00  2.1452049161E-02  5.8991482936E-01
HessDelSqRho_EigVec1 = -4.0050849449E-01  7.7859370928E-01  4.8309914274E-01
HessDelSqRho_EigVec2 =  8.0465266182E-01  4.6646547485E-02  5.9191062960E-01
HessDelSqRho_EigVec3 =  4.3832298556E-01  6.2579224626E-01 -6.4517983915E-01
</CP of DelSqRho>
<CP of DelSqRho>
CP# = 36      
Type = (3,+1)
Coords = -4.68394383107831E+00 -1.20979536875303E+00  1.46061078177132E+00
DistFromNuc =  2.0027754841E+00
Rho =  7.1465757501E-02
DelSqRho =  1.8271195570E-01
GradDelSqRho =  5.6187693387E-15  8.9442342421E-15 -8.5079512879E-15
HessDelSqRho_EigVals = -1.7136129143E+00  2.1637018985E-02  5.8999535216E-01
HessDelSqRho_EigVec1 =  2.7672216455E-01  8.3008273360E-01 -4.8413582704E-01
HessDelSqRho_EigVec2 =  8.0178927528E-01  7.8255715180E-02  5.9246097009E-01
HessDelSqRho_EigVec3 =  5.2967801700E-01 -5.5212199595E-01 -6.4389634251E-01
</CP of DelSqRho>
<CP of DelSqRho>
CP# = 37      
Type = (3,+1)
Coords = -4.81847812945780E+00  5.45762047018840E-01 -1.45961888242040E+00
DistFromNuc =  2.0023952582E+00
Rho =  7.1483126323E-02
DelSqRho =  1.8292125366E-01
GradDelSqRho = -8.6736173799E-19  8.6736173799E-18  2.0990154059E-16
HessDelSqRho_EigVals = -1.7178130989E+00  2.1452524288E-02  5.8990789460E-01
HessDelSqRho_EigVec1 = -4.0003238032E-01  7.7927709352E-01 -4.8239123770E-01
HessDelSqRho_EigVec2 = -8.0480767755E-01 -4.6872851528E-02  5.9168195676E-01
HessDelSqRho_EigVec3 =  4.3847314269E-01  6.2492411324E-01  6.4591884617E-01
</CP of DelSqRho>
<CP of DelSqRho>
CP# = 38      
Type = (3,+1)
Coords = -4.68354006140237E+00 -1.20770806375754E+00 -1.46214633416960E+00
DistFromNuc =  2.0027663062E+00
Rho =  7.1467773480E-02
DelSqRho =  1.8271755289E-01
GradDelSqRho =  1.3490857736E-13  1.3051712489E-13  1.1445878967E-13
HessDelSqRho_EigVals = -1.7136336499E+00  2.1619082410E-02  5.8998172269E-01
HessDelSqRho_EigVec1 =  2.7656159127E-01  8.2939573439E-01  4.8540333951E-01
HessDelSqRho_EigVec2 = -8.0193722215E-01 -7.9145442447E-02  5.9214245808E-01
HessDelSqRho_EigVec3 =  5.2953789096E-01 -5.5302686618E-01  6.4323472180E-01
</CP of DelSqRho>
<Path of -GradDelSqRho>
Starting CP# =      3
Ending CP# =      0
Number of Points =     30
 -4.3851949773E+00 -3.0472606569E-01  9.3597111871E-01  4.0641212817E-01 -9.1758194010E-01
 -4.4000564460E+00 -3.0587008170E-01  9.5604169334E-01  3.9577627271E-01 -9.2687650538E-01
 -4.4149270994E+00 -3.0701469664E-01  9.7610542961E-01  3.8614450690E-01 -9.5456434207E-01
 -4.4298069137E+00 -3.0815989159E-01  9.9616233974E-01  3.7748611151E-01 -1.0004988582E+00
 -4.4446955836E+00 -3.0930563047E-01  1.0162126460E+00  3.6976651050E-01 -1.0647130644E+00
 -4.4595925648E+00 -3.1045186377E-01  1.0362567497E+00  3.6294740449E-01 -1.1473538171E+00
 -4.4744971317E+00 -3.1159853335E-01  1.0562951884E+00  3.5698677975E-01 -1.2485451614E+00
 -4.4894084472E+00 -3.1274557808E-01  1.0763285844E+00  3.5183888459E-01 -1.3681537332E+00
 -4.5043256380E+00 -3.1389294021E-01  1.0963575878E+00  3.4745433685E-01 -1.5054274729E+00
 -4.5192478748E+00 -3.1504057230E-01  1.1163828165E+00  3.4378062630E-01 -1.6584977703E+00
 -4.5341744559E+00 -3.1618844503E-01  1.1364047935E+00  3.4076340062E-01 -1.8237962179E+00
 -4.5491048981E+00 -3.1733655668E-01  1.1564238777E+00  3.3834904318E-01 -1.9955636537E+00
 -4.5640390465E+00 -3.1848494537E-01  1.1764401814E+00  3.3648909571E-01 -2.1658282965E+00
 -4.5789772077E+00 -3.1963370296E-01  1.1964534693E+00  3.3514693036E-01 -2.3254625049E+00
 -4.5939201911E+00 -3.2078296773E-01  1.2164631278E+00  3.3430657958E-01 -2.4670777453E+00
 -4.6088685120E+00 -3.2193277810E-01  1.2364687679E+00  3.3398266498E-01 -2.5903891932E+00
 -4.6238190537E+00 -3.2308257463E-01  1.2564727493E+00  3.3422893703E-01 -2.7100659892E+00
 -4.6387635469E+00 -3.2423112889E-01  1.2764813208E+00  3.3514132491E-01 -2.8649018429E+00
 -4.6536977520E+00 -3.2537799058E-01  1.2964976694E+00  3.3685017470E-01 -3.1256000410E+00
 -4.6686240714E+00 -3.2652366238E-01  1.3165199675E+00  3.3949635552E-01 -3.5970852248E+00
 -4.6835456149E+00 -3.2766865443E-01  1.3365458640E+00  3.4318800008E-01 -4.4106780111E+00
 -4.6984642734E+00 -3.2881325464E-01  1.3565739323E+00  3.4793919842E-01 -5.7022270959E+00
 -4.7133810597E+00 -3.2995761025E-01  1.3766034090E+00  3.5359880874E-01 -7.5748237579E+00
 -4.7282965183E+00 -3.3110179789E-01  1.3966338840E+00  3.5978562722E-01 -1.0049628696E+01
 -4.7432109467E+00 -3.3224585860E-01  1.4166651333E+00  3.6585313251E-01 -1.3016033167E+01
 -4.7581244982E+00 -3.3338981406E-01  1.4366970415E+00  3.7090905463E-01 -1.6201256661E+01
 -4.7730372202E+00 -3.3453367334E-01  1.4567295728E+00  3.7390749012E-01 -1.9183876826E+01
 -4.7879490300E+00 -3.3567743307E-01  1.4767627888E+00  3.7381159205E-01 -2.1467426104E+01
 -4.8028594612E+00 -3.3682105869E-01  1.4967970385E+00  3.6979659697E-01 -2.2605521304E+01
 -4.8073317955E+00 -3.3716407969E-01  1.5028079088E+00  3.6775146272E-01 -2.2677917019E+01
</Path of -GradDelSqRho>
<Path of -GradDelSqRho>
Starting CP# =      3
Ending CP# =     21
Number of Points =     18
 -4.3851949773E+00 -3.0472606569E-01  9.3597111871E-01  4.0641212817E-01 -9.1758194010E-01
 -4.3703421183E+00 -3.0358262801E-01  9.1589413891E-01  4.1807863340E-01 -9.2702043473E-01
 -4.3554975828E+00 -3.0243976784E-01  8.9581097109E-01  4.3079771108E-01 -9.5569707406E-01
 -4.3406604567E+00 -3.0129744268E-01  8.7572229827E-01  4.4458600151E-01 -1.0042179807E+00
 -4.3258295062E+00 -3.0015558853E-01  8.5562903887E-01  4.5945409464E-01 -1.0731919825E+00
 -4.3110031737E+00 -2.9901411983E-01  8.3553234979E-01  4.7540569460E-01 -1.1630997689E+00
 -4.2961795567E+00 -2.9787292877E-01  8.1543364183E-01  4.9243679755E-01 -1.2741328944E+00
 -4.2813563575E+00 -2.9673188309E-01  7.9533461747E-01  5.1053498333E-01 -1.4060067879E+00
 -4.2665307859E+00 -2.9559082178E-01  7.7523734397E-01  5.2967894214E-01 -1.5577543079E+00
 -4.2516993894E+00 -2.9444954714E-01  7.5514438096E-01  5.4983837420E-01 -1.7275088854E+00
 -4.2368577661E+00 -2.9330781136E-01  7.3505899729E-01  5.7097441453E-01 -1.9122883375E+00
 -4.2220000700E+00 -2.9216529360E-01  7.1498554544E-01  5.9304074265E-01 -2.1077911112E+00
 -4.2071181167E+00 -2.9102155914E-01  6.9493014157E-01  6.1598553753E-01 -2.3082144197E+00
 -4.1921996302E+00 -2.8987598056E-01  6.7490200756E-01  6.3975442722E-01 -2.5060955157E+00
 -4.1772243659E+00 -2.8872756640E-01  6.5491646426E-01  6.6429454257E-01 -2.6921577873E+00
 -4.1621538712E+00 -2.8757451642E-01  6.3500293636E-01  6.8955960849E-01 -2.8551033996E+00
 -4.1468953667E+00 -2.8641268718E-01  6.1523381783E-01  7.1551477186E-01 -2.9812217497E+00
 -4.1173312067E+00 -2.8460094570E-01  5.9109764744E-01  7.5505202986E-01 -3.0637524235E+00
</Path of -GradDelSqRho>
<Path of -GradDelSqRho>
Starting CP# =      4
Ending CP# =     22
Number of Points =     18
 -4.3849597351E+00 -3.0338653717E-01 -9.3612223542E-01  4.0641569951E-01 -9.1758870064E-01
 -4.3701119232E+00 -3.0227173760E-01 -9.1603991254E-01  4.1808195235E-01 -9.2702727245E-01
 -4.3552724399E+00 -3.0115753343E-01 -8.9595140144E-01  4.3080077398E-01 -9.5570408258E-01
 -4.3404403714E+00 -3.0004388075E-01 -8.7585738457E-01  4.4458880266E-01 -1.0042251484E+00
 -4.3256144841E+00 -2.9893071373E-01 -8.5575877961E-01  4.5945662620E-01 -1.0731991696E+00
 -4.3107932207E+00 -2.9781794459E-01 -8.3565674253E-01  4.7540794656E-01 -1.1631066808E+00
 -4.2959746793E+00 -2.9670546290E-01 -8.1555268288E-01  4.9243875771E-01 -1.2741390507E+00
 -4.2811565627E+00 -2.9559313341E-01 -7.9544830165E-01  5.1053663750E-01 -1.4060114904E+00
 -4.2663360817E+00 -2.9448079159E-01 -7.7534566414E-01  5.2968027431E-01 -1.5577566082E+00
 -4.2515097850E+00 -2.9336823559E-01 -7.5524732745E-01  5.4983936698E-01 -1.7275075544E+00
 -4.2366732725E+00 -2.9225521252E-01 -7.3515655704E-01  5.7097504968E-01 -1.9122818393E+00
 -4.2218207007E+00 -2.9114139497E-01 -7.1507770071E-01  5.9304100192E-01 -2.1077775819E+00
 -4.2069438891E+00 -2.9002633924E-01 -6.9501686787E-01  6.1598540366E-01 -2.3081916516E+00
 -4.1920305676E+00 -2.8890940466E-01 -6.7498327006E-01  6.3975388534E-01 -2.5060609428E+00
 -4.1770605013E+00 -2.8778957799E-01 -6.5499221101E-01  6.6429358215E-01 -2.6921084613E+00
 -4.1619952546E+00 -2.8666501739E-01 -6.3507308361E-01  6.8955822625E-01 -2.8550359343E+00
 -4.1467420788E+00 -2.8553147689E-01 -6.1529821114E-01  7.1551297805E-01 -2.9811321829E+00
 -4.1171974640E+00 -2.8375456674E-01 -5.9115409377E-01  7.5503938998E-01 -3.0636194310E+00
</Path of -GradDelSqRho>
<Path of -GradDelSqRho>
Starting CP# =      4
Ending CP# =      0
Number of Points =     30
 -4.3849597351E+00 -3.0338653717E-01 -9.3612223542E-01  4.0641569951E-01 -9.1758870064E-01
 -4.3998161614E+00 -3.0450193323E-01 -9.5619815332E-01  3.9578009471E-01 -9.2688336972E-01
 -4.4146817770E+00 -3.0561794747E-01 -9.7626723334E-01  3.8614857959E-01 -9.5457156555E-01
 -4.4295565580E+00 -3.0673456090E-01 -9.9632948782E-01  3.7749043650E-01 -1.0005067623E+00
 -4.4444401987E+00 -3.0785173691E-01 -1.0163851391E+00  3.6977109081E-01 -1.0647220330E+00
 -4.4593321544E+00 -3.0896942499E-01 -1.0364345885E+00  3.6295224434E-01 -1.1473642966E+00
 -4.4742316993E+00 -3.1008756561E-01 -1.0564783734E+00  3.5699188435E-01 -1.2485576637E+00
 -4.4891379958E+00 -3.1120609596E-01 -1.0765171161E+00  3.5184425992E-01 -1.3681688406E+00
 -4.5040501701E+00 -3.1232495641E-01 -1.0965514668E+00  3.4745998941E-01 -1.5054458425E+00
 -4.5189673926E+00 -3.1344409744E-01 -1.1165820432E+00  3.4378656281E-01 -1.6585201309E+00
 -4.5338889610E+00 -3.1456348757E-01 -1.1366093686E+00  3.4076962773E-01 -1.8238233516E+00
 -4.5488143913E+00 -3.1568312276E-01 -1.1566338023E+00  3.3835556710E-01 -1.9955963463E+00
 -4.5637435278E+00 -3.1680303863E-01 -1.1766554573E+00  3.3649592189E-01 -2.1658672401E+00
 -4.5786766762E+00 -3.1792332425E-01 -1.1966740995E+00  3.3515406317E-01 -2.3255081408E+00
 -4.5936146447E+00 -3.1904411526E-01 -1.2166891169E+00  3.3431402221E-01 -2.4671300553E+00
 -4.6085579483E+00 -3.2016545014E-01 -1.2367001209E+00  3.3399041956E-01 -2.5904474926E+00
 -4.6235034749E+00 -3.2128677898E-01 -1.2567094651E+00  3.3423700529E-01 -2.7101288280E+00
 -4.6384429635E+00 -3.2240688979E-01 -1.2767233858E+00  3.3514970938E-01 -2.8649671793E+00
 -4.6533721757E+00 -3.2352533419E-01 -1.2967450664E+00  3.3685888053E-01 -3.1256658618E+00
 -4.6682935097E+00 -3.2464260473E-01 -1.3167726846E+00  3.3950539266E-01 -3.5971507254E+00
 -4.6832100718E+00 -3.2575920356E-01 -1.3368038948E+00  3.4319738540E-01 -4.4107452894E+00
 -4.6981237511E+00 -3.2687541448E-01 -1.3568372730E+00  3.4794895686E-01 -5.7023030893E+00
 -4.7130355593E+00 -3.2799138277E-01 -1.3768720575E+00  3.5360897248E-01 -7.5749218816E+00
 -4.7279460406E+00 -3.2910718409E-01 -1.3969078389E+00  3.5979623187E-01 -1.0049769400E+01
 -4.7428554922E+00 -3.3022285891E-01 -1.4169443935E+00  3.6586420967E-01 -1.3016242485E+01
 -4.7577640674E+00 -3.3133842858E-01 -1.4369816062E+00  3.7092062123E-01 -1.6201562033E+01
 -4.7726718131E+00 -3.3245390186E-01 -1.4570194413E+00  3.7391953616E-01 -1.9184300232E+01
 -4.7875786467E+00 -3.3356927491E-01 -1.4770579606E+00  3.7382406967E-01 -2.1467975942E+01
 -4.8024841011E+00 -3.3468451188E-01 -1.4970975133E+00  3.6980941460E-01 -2.2606185878E+01
 -4.8069549418E+00 -3.3501901458E-01 -1.5031099747E+00  3.6776435812E-01 -2.2678610413E+01
</Path of -GradDelSqRho>
<Path of -GradDelSqRho>
Starting CP# =      7
Ending CP# =     13
Number of Points =     31
 -3.7515007423E+00 -9.0727197881E-02  1.4973124936E-04  2.2587038492E+01  1.2345596379E+03
 -3.7584756625E+00 -6.6719905052E-02  1.6541848059E-04  1.5663478864E+01  1.1521458262E+03
 -3.7654299169E+00 -4.2706615080E-02  1.8111578278E-04  1.0970898637E+01  9.8186298796E+02
 -3.7723788357E+00 -1.8691780569E-02  1.9681556118E-04  7.8000977184E+00  7.7332236264E+02
 -3.7793157116E+00  5.3265348821E-03  2.1252107843E-04  5.6657855443E+00  5.7220857182E+02
 -3.7862287486E+00  2.9351721473E-02  2.2823803654E-04  4.2301067689E+00  4.0748664220E+02
 -3.7931050020E+00  5.3387459894E-02  2.4397260474E-04  3.2617993638E+00  2.8441966683E+02
 -3.7999313485E+00  7.7437417494E-02  2.5973091193E-04  2.6055770006E+00  1.9589393710E+02
 -3.8066954265E+00  1.0150495960E-01  2.7551855618E-04  2.1578255963E+00  1.3270470157E+02
 -3.8133849476E+00  1.2559332743E-01  2.9134089216E-04  1.8490825561E+00  8.7638463701E+01
 -3.8199846196E+00  1.4970646066E-01  3.0720440899E-04  1.6324736111E+00  5.5782045672E+01
 -3.8264716186E+00  1.7385013760E-01  3.2311866640E-04  1.4763538144E+00  3.3734399248E+01
 -3.8328099791E+00  1.9803323679E-01  3.3909849574E-04  1.3595407695E+00  1.8941426103E+01
 -3.8389423538E+00  2.2226933462E-01  3.5516694907E-04  1.2680786749E+00  9.3776976892E+00
 -3.8447753526E+00  2.4657909107E-01  3.7136014297E-04  1.1929547219E+00  3.4421868383E+00
 -3.8501499824E+00  2.7099393579E-01  3.8773615722E-04  1.1284751240E+00 -8.0229594316E-02
 -3.8547735615E+00  2.9556100553E-01  4.0439292340E-04  1.0711455919E+00 -2.0630036909E+00
 -3.8580279842E+00  3.2034218887E-01  4.2150794175E-04  1.0189968159E+00 -3.1004454712E+00
 -3.8582306423E+00  3.4530383145E-01  4.3941505099E-04  9.7166794937E-01 -3.5789015800E+00
 -3.8490724491E+00  3.6802878536E-01  4.5771030370E-04  9.3585842641E-01 -3.7553262659E+00
 -3.8264977034E+00  3.7794782208E-01  4.6962927696E-04  9.2989448280E-01 -3.8405511661E+00
 -3.8017782221E+00  3.8162821005E-01  4.7748564363E-04  9.3418804768E-01 -3.9158292445E+00
 -3.7768908157E+00  3.8398422040E-01  4.8436978796E-04  9.3883455718E-01 -3.9845163348E+00
 -3.7519386804E+00  3.8551324824E-01  4.9058386179E-04  9.4286982498E-01 -4.0462530222E+00
 -3.7269505140E+00  3.8624738899E-01  4.9610571889E-04  9.4621133679E-01 -4.1007072065E+00
 -3.7019516480E+00  3.8618552657E-01  5.0088389624E-04  9.4884532506E-01 -4.1476219667E+00
 -3.6769675292E+00  3.8532498525E-01  5.0485807767E-04  9.5076757410E-01 -4.1868202247E+00
 -3.6520238969E+00  3.8366322884E-01  5.0795805219E-04  9.5198029954E-01 -4.2182067593E+00
 -3.6271468352E+00  3.8119797801E-01  5.1010044305E-04  9.5249191205E-01 -4.2417685453E+00
 -3.6023628187E+00  3.7792726835E-01  5.1118300966E-04  9.5231680829E-01 -4.2575734892E+00
 -3.5627428522E+00  3.7096901343E-01  5.1032921320E-04  9.5064616479E-01 -4.2671198880E+00
</Path of -GradDelSqRho>
<Path of -GradDelSqRho>
Starting CP# =      7
Ending CP# =      1
Number of Points =      7
 -3.7515007423E+00 -9.0727197881E-02  1.4973124936E-04  2.2587038492E+01  1.2345596379E+03
 -3.7444808376E+00 -1.1472137367E-01  1.3406622384E-04  3.2836717409E+01  9.8046615634E+02
 -3.7374231289E+00 -1.3870446027E-01  1.1841996299E-04  4.8114671754E+01 -8.1280525433E+02
 -3.7303488113E+00 -1.6268265405E-01  1.0278197176E-04  7.0813005672E+01 -6.4359372367E+03
 -3.7232623017E+00 -1.8665724688E-01  8.7150065276E-05  1.0451332692E+02 -2.0807883540E+04
 -3.7161557573E+00 -2.1062590906E-01  7.1528176653E-05  1.5507392842E+02 -7.5899816987E+04
 -3.7038331484E+00 -2.5206973931E-01  4.4526424741E-05  2.9716089654E+02 -3.3277126687E+06
</Path of -GradDelSqRho>
<Path of -GradDelSqRho>
Starting CP# =      8
Ending CP# =      1
Number of Points =      7
 -3.7278337651E+00 -4.1861333321E-01 -8.3351048526E-05  2.2581059618E+01  1.2339414674E+03
 -3.7243328999E+00 -3.9385967962E-01 -6.4363205233E-05  3.2827012748E+01  9.8027040362E+02
 -3.7207933061E+00 -3.6911153110E-01 -4.5368409365E-05  4.8098880017E+01 -8.1058074081E+02
 -3.7172366886E+00 -3.4436582232E-01 -2.6370562709E-05  7.0787824141E+01 -6.4289297026E+03
 -3.7136675995E+00 -3.1962190981E-01 -7.3704827109E-06  1.0447306853E+02 -2.0781652795E+04
 -3.7100779941E+00 -2.9488096488E-01  1.1633262310E-05  1.5501122468E+02 -7.5811733137E+04
 -3.7038331484E+00 -2.5206973931E-01  4.4526424741E-05  2.9716089654E+02 -3.3277126687E+06
</Path of -GradDelSqRho>
<Path of -GradDelSqRho>
Starting CP# =      8
Ending CP# =     17
Number of Points =     31
 -3.7278337651E+00 -4.1861333321E-01 -8.3351048526E-05  2.2581059618E+01  1.2339414674E+03
 -3.7312886088E+00 -4.4337345363E-01 -1.0233062802E-04  1.5659708534E+01  1.1516188494E+03
 -3.7347223667E+00 -4.6813650963E-01 -1.2130648732E-04  1.0968425687E+01  9.8143866633E+02
 -3.7381506831E+00 -4.9290031956E-01 -1.4028147753E-04  7.7983580638E+00  7.7299127738E+02
 -3.7415666774E+00 -5.1766583177E-01 -1.5925437239E-04  5.6644204826E+00  5.7197349986E+02
 -3.7449582843E+00 -5.4243469452E-01 -1.7822302850E-04  4.2288939948E+00  4.0733889484E+02
 -3.7483122743E+00 -5.6720867733E-01 -1.9718510587E-04  3.2606099976E+00  2.8434091871E+02
 -3.7516152477E+00 -5.9198951122E-01 -2.1613823823E-04  2.6043439707E+00  1.9586508691E+02
