 AIMInt (Version 19.02.13, Professional)
 Portions Copyright (c) 1997-2019 by Todd A. Keith
 AIMInt is a component of the AIMAll package ( http://aim.tkgristmill.com )

 TP:  64-bit Linux

 Licensed To:  Research Group of Fernando Cortes Guzman, UNAM, fercor@unam.mx

 AIMInt is a heavily modified and extended version of the PROAIMV program
 developed by members of R.F.W. Bader's research group

 Much of the Quantum Theory of Atoms in Molecules (QTAIM) is described in the book:
   "Atoms in Molecules - A Quantum Theory"
   R.F.W. Bader, Oxford University Press, Oxford, 1990

 For additional references see:  http://aim.tkgristmill.com/references.html

 Current Directory:  /home/scratch/M_H2O_4_cuadrado_plano/Opt

 Inp File:  Cr3_cuadrado_plano_cc pvtz-def2tzv_5_atomicfiles/o4.inp
 Wfx File:  Cr3_cuadrado_plano_cc pvtz-def2tzv_5.wfx
 Out File:  Cr3_cuadrado_plano_cc pvtz-def2tzv_5_atomicfiles/o4.int

 Wfx Title:   Cr3_cuadrado_plano_cc pvtz-def2tzv_5                                          
 Job Title:   Cr3_cuadrado_plano_cc pvtz-def2tzv_5                                          
 
<Atom>
O4      
</Atom>
<Nuclei of Molecule>
    13
Cr1       24.0           8.0398766641E-04  -2.0795321787E-03   4.6098276725E-05
O2         8.0          -3.7038329039E+00  -2.5206971704E-01   4.4526509545E-05
H3         1.0          -4.8126522075E+00  -3.3757098770E-01   1.5099601724E+00
O4         8.0           2.6587731972E-01  -3.7056339810E+00   6.1223316727E-05
H5         1.0          -1.1639497983E+00  -4.9262668376E+00  -7.9607366406E-04
O6         8.0           3.7034178784E+00   2.6297699003E-01   2.3425431894E-05
H7         1.0           4.8122982145E+00   3.4438149802E-01   1.5101707881E+00
O8         8.0          -2.6728518580E-01   3.7003497653E+00   2.0207716662E-05
H9         1.0           1.1617854845E+00   4.9218282747E+00  -4.5806164146E-04
H10        1.0          -4.8122743954E+00  -3.3541589400E-01  -1.5102651545E+00
H11        1.0           1.8549956447E+00  -4.7102122068E+00  -7.8913068401E-04
H12        1.0           4.8123901076E+00   3.4476670008E-01  -1.5100305426E+00
H13        1.0          -1.8573056220E+00   4.7034137669E+00  -9.3419796202E-05
</Nuclei of Molecule>
<Total Number of CPs of DelSqRho>
    40
</Total Number of CPs of DelSqRho>
<Number of (3,+3) CPs of DelSqRho>
     5
</Number of (3,+3) CPs of DelSqRho>
<Number of (3,+1) CPs of DelSqRho>
    14
</Number of (3,+1) CPs of DelSqRho>
<Number of (3,-1) CPs of DelSqRho>
    15
</Number of (3,-1) CPs of DelSqRho>
<Number of (3,-3) CPs of DelSqRho>
     6
</Number of (3,-3) CPs of DelSqRho>
<Number of Degenerate CPs of DelSqRho>
     0
</Number of Degenerate CPs of DelSqRho>
<CP of DelSqRho>
CP# = 1       
Type = (3,+3)
Coords =  2.65877338565893E-01 -3.70563424698618E+00  6.12229035766454E-05
DistFromNuc =  2.6666509617E-07
Rho =  2.9731876523E+02
DelSqRho = -3.3293876718E+06
GradDelSqRho = -3.1675549508E-06  2.5352055673E-05  7.4087580515E-10
HessDelSqRho_EigVals =  1.3240113058E+11  1.3240114764E+11  1.3240115452E+11
HessDelSqRho_EigVec1 =  3.6803370047E-05 -5.1192907128E-04  9.9999986829E-01
HessDelSqRho_EigVec2 = -7.0684406880E-02  9.9749859709E-01  5.1325002239E-04
HessDelSqRho_EigVec3 =  9.9749872846E-01  7.0684416459E-02 -5.2590722207E-07
</CP of DelSqRho>
<CP of DelSqRho>
CP# = 2       
Type = (3,-1)
Coords =  1.54372275649163E-01 -2.10142143732355E+00  2.66669425782955E-04
DistFromNuc =  1.6080831142E+00
Rho =  1.1848689855E-01
DelSqRho =  2.8098099539E-01
GradDelSqRho =  6.4618449480E-17 -5.0653925499E-16  5.2516042730E-20
HessDelSqRho_EigVals = -4.7628969778E-01 -4.7892005562E-02  3.9566101715E+00
HessDelSqRho_EigVec1 =  1.4655591312E-05  1.1455634193E-05  9.9999999983E-01
HessDelSqRho_EigVec2 =  9.9742063727E-01  7.1777936074E-02 -1.5440051008E-05
HessDelSqRho_EigVec3 = -7.1777936238E-02  9.9742063732E-01 -1.0374137861E-05
</CP of DelSqRho>
<CP of DelSqRho>
CP# = 3       
Type = (3,+1)
Coords = -6.23604224084467E-01 -4.45975355180853E+00 -4.66739955919602E-04
DistFromNuc =  1.1661363654E+00
Rho =  4.0705150164E-01
DelSqRho = -9.4673942183E-01
GradDelSqRho = -1.1074474671E-14 -7.1609385088E-15 -4.7704895589E-18
HessDelSqRho_EigVals = -3.0301105313E+01  1.4482062783E+01  1.5024532156E+01
HessDelSqRho_EigVec1 =  7.5848962136E-01  6.5168495608E-01  4.6077946403E-04
HessDelSqRho_EigVec2 =  1.0383819593E-05 -7.1914405861E-04  9.9999974136E-01
HessDelSqRho_EigVec3 = -6.5168511889E-01  7.5848942040E-01  5.5223028373E-04
</CP of DelSqRho>
<CP of DelSqRho>
CP# = 4       
Type = (3,+1)
Coords =  1.25369958876927E+00 -4.32540420007193E+00 -4.63294924056347E-04
DistFromNuc =  1.1661510343E+00
Rho =  4.0702686719E-01
DelSqRho = -9.4656802974E-01
GradDelSqRho =  4.0883962882E-14 -2.0983215165E-14 -2.1196152472E-17
HessDelSqRho_EigVals = -3.0296456585E+01  1.4479509493E+01  1.5022996701E+01
HessDelSqRho_EigVec1 =  8.4356046576E-01 -5.3703401366E-01 -4.5692446214E-04
HessDelSqRho_EigVec2 =  6.9329668004E-05 -7.4192799359E-04  9.9999972237E-01
HessDelSqRho_EigVec3 =  5.3703420357E-01  8.4356026324E-01  5.8862873396E-04
</CP of DelSqRho>
<CP of DelSqRho>
CP# = 5       
Type = (3,-3)
Coords =  3.56103900438596E-01 -3.56480991474443E+00  1.75413025719492E-04
DistFromNuc =  1.6724911522E-01
Rho =  2.2668165445E+01
DelSqRho =  1.2879132777E+03
GradDelSqRho = -5.8122395785E-12 -2.1032064978E-11 -2.0344836926E-14
HessDelSqRho_EigVals = -4.4377012847E+05 -2.4635700344E+03 -3.6299217814E+02
HessDelSqRho_EigVec1 =  5.3736777519E-01  8.4334773525E-01  6.8676027576E-04
HessDelSqRho_EigVec2 = -6.6758172745E-05 -7.7178885023E-04  9.9999969994E-01
HessDelSqRho_EigVec3 =  8.4334801223E-01 -5.3736765979E-01 -3.5843410357E-04
</CP of DelSqRho>
<CP of DelSqRho>
CP# = 6       
Type = (3,-3)
Coords =  1.56708889222963E-01 -3.57892763690676E+00  1.75359261276980E-04
DistFromNuc =  1.6724908632E-01
Rho =  2.2668203165E+01
DelSqRho =  1.2879075640E+03
GradDelSqRho =  5.5830895462E-11 -7.5829120760E-11 -1.0064171718E-13
HessDelSqRho_EigVals = -4.4377038162E+05 -2.4631184229E+03 -3.6180130795E+02
HessDelSqRho_EigVec1 = -6.5083367098E-01  7.5922003498E-01  6.8644028246E-04
HessDelSqRho_EigVec2 =  1.7424272462E-04 -7.5477070942E-04  9.9999969998E-01
HessDelSqRho_EigVec3 =  7.5922032530E-01  6.5083359533E-01  3.5894162408E-04
</CP of DelSqRho>
<CP of DelSqRho>
CP# = 7       
Type = (3,-1)
Coords =  2.53872829763453E-01 -3.53895589825830E+00  1.95979339830377E-04
DistFromNuc =  1.6710987164E-01
Rho =  2.2717749039E+01
DelSqRho =  1.2873402630E+03
GradDelSqRho =  2.7000623959E-13 -5.2295945352E-12 -5.3845816694E-15
HessDelSqRho_EigVals = -4.4685116255E+05 -2.2882658002E+03  2.0828257846E+02
HessDelSqRho_EigVec1 = -7.1831081039E-02  9.9741648317E-01  8.0925783936E-04
HessDelSqRho_EigVec2 =  5.7105704646E-05 -8.0724113091E-04  9.9999967255E-01
HessDelSqRho_EigVec3 =  9.9741680983E-01  7.1831103731E-02  1.0268319953E-06
</CP of DelSqRho>
<CP of DelSqRho>
CP# = 8       
Type = (3,-1)
Coords =  2.77794644001158E-01 -3.87390450942924E+00  8.79579319842552E-05
DistFromNuc =  1.6869200952E-01
Rho =  2.2367288237E+01
DelSqRho =  1.2521288878E+03
GradDelSqRho = -1.0729195310E-12 -7.1054273576E-12  3.8857805862E-15
HessDelSqRho_EigVals = -4.0884521726E+05 -9.6957779239E+02  1.1776463846E+03
HessDelSqRho_EigVec1 = -7.0644925487E-02  9.9750151236E-01 -1.6536040061E-04
HessDelSqRho_EigVec2 = -1.1911398621E-05  1.6493099653E-04  9.9999998633E-01
HessDelSqRho_EigVec3 =  9.9750152599E-01  7.0644926490E-02  2.3010017824E-07
</CP of DelSqRho>
<CP of DelSqRho>
CP# = 9       
Type = (3,+1)
Coords =  2.70430315420697E-01 -3.76990588366799E+00  1.55576890450731E-01
DistFromNuc =  1.6833517151E-01
Rho =  2.2519396631E+01
DelSqRho =  1.2435965823E+03
GradDelSqRho = -9.9475983006E-14  3.9790393203E-13  6.1675109464E-12
HessDelSqRho_EigVals = -4.1438406601E+05  1.3572869947E+03  2.2546145126E+03
HessDelSqRho_EigVec1 =  2.6802436949E-02 -3.7835398449E-01  9.2527287423E-01
HessDelSqRho_EigVec2 = -6.5421747711E-02  9.2295714253E-01  3.7930213285E-01
HessDelSqRho_EigVec3 =  9.9749768135E-01  7.0699190042E-02  1.5078299807E-05
</CP of DelSqRho>
<CP of DelSqRho>
CP# = 10      
Type = (3,+1)
Coords =  2.70415241493559E-01 -3.76969174598034E+00 -1.55544652749422E-01
DistFromNuc =  1.6833650423E-01
Rho =  2.2519120534E+01
DelSqRho =  1.2435628071E+03
GradDelSqRho =  1.9184653866E-13 -1.1368683772E-13  9.4644292403E-12
HessDelSqRho_EigVals = -4.1435250969E+05  1.3590364092E+03  2.2559761606E+03
HessDelSqRho_EigVec1 = -2.6712703373E-02  3.7707924406E-01  9.2579569840E-01
HessDelSqRho_EigVec2 = -6.5458361338E-02  9.2347868319E-01 -3.7802423813E-01
HessDelSqRho_EigVec3 =  9.9749768642E-01  7.0699118693E-02 -1.4377275452E-05
</CP of DelSqRho>
<CP of DelSqRho>
CP# = 11      
Type = (3,-1)
Coords =  8.94783398720968E-01 -3.38616848539274E+00  1.61700356103719E-04
DistFromNuc =  7.0539426506E-01
Rho =  7.0254230591E-01
DelSqRho = -1.2973457306E+00
GradDelSqRho =  1.4876988530E-14  3.5527136788E-14 -2.2117724319E-17
HessDelSqRho_EigVals = -1.5925317596E+01 -9.8684588558E+00  1.5729525408E+02
HessDelSqRho_EigVec1 = -4.7126903009E-01  8.8198936373E-01  5.1335743048E-04
HessDelSqRho_EigVec2 =  9.5032494077E-05 -5.3126659308E-04  9.9999985436E-01
HessDelSqRho_EigVec3 =  8.8198950801E-01  4.7126901024E-01  1.6655184306E-04
</CP of DelSqRho>
<CP of DelSqRho>
CP# = 12      
Type = (3,-1)
Coords = -4.02161299579846E-01 -3.47898534789690E+00  1.59058574433766E-04
DistFromNuc =  7.0543972764E-01
Rho =  7.0242757567E-01
DelSqRho = -1.2966585198E+00
GradDelSqRho =  2.1538326678E-14 -8.8817841970E-16 -2.1684043450E-18
HessDelSqRho_EigVals = -1.5923872269E+01 -9.8646816299E+00  1.5723133115E+02
HessDelSqRho_EigVec1 =  3.4082283960E-01  9.4012740262E-01  5.0877001441E-04
HessDelSqRho_EigVec2 = -2.0724374881E-05 -5.3365809800E-04  9.9999985739E-01
HessDelSqRho_EigVec3 =  9.4012754006E-01 -3.4082280154E-01 -1.6239931561E-04
</CP of DelSqRho>
<CP of DelSqRho>
CP# = 13      
Type = (3,+1)
Coords =  2.18211380475496E-01 -3.03888311439626E+00  3.69541455671048E-04
DistFromNuc =  6.6845258241E-01
Rho =  8.5167945861E-01
DelSqRho = -3.4818888717E+00
GradDelSqRho = -4.2188474936E-15  5.6843418861E-14  2.0816681712E-17
HessDelSqRho_EigVals = -3.9667935409E+00  1.8275992420E+01  2.4155351890E+02
HessDelSqRho_EigVec1 =  3.3332800358E-05 -4.7809114022E-04  9.9999988516E-01
HessDelSqRho_EigVec2 =  9.9745691910E-01  7.1271975772E-02  8.2646790725E-07
HessDelSqRho_EigVec3 = -7.1271967982E-02  9.9745680453E-01  4.7925101031E-04
</CP of DelSqRho>
<CP of DelSqRho>
CP# = 14      
Type = (3,-1)
Coords =  3.16807215123394E-01 -4.41688652700285E+00 -3.46070368110585E-04
DistFromNuc =  7.1307377202E-01
Rho =  6.9715083333E-01
DelSqRho = -1.3137981899E+00
GradDelSqRho = -6.4948046941E-14 -7.7715611724E-13  1.5048292473E-13
HessDelSqRho_EigVals = -1.9763582711E+01 -3.1343281727E+00  1.4820423707E+02
HessDelSqRho_EigVec1 =  9.9744650953E-01  7.1417509240E-02  2.0371882095E-06
HessDelSqRho_EigVec2 =  3.7741301855E-05 -5.5563569937E-04  9.9999984492E-01
HessDelSqRho_EigVec3 = -7.1417499297E-02  9.9744635477E-01  5.5691227868E-04
</CP of DelSqRho>
<CP of DelSqRho>
CP# = 15      
Type = (3,+3)
Coords =  2.38521651055509E-01 -3.32246854295038E+00  5.28666278676006E-01
DistFromNuc =  6.5344272134E-01
Rho =  8.9137443440E-01
DelSqRho = -3.8261864805E+00
GradDelSqRho = -1.4366285939E-13  2.0241586185E-12  6.4268590450E-12
HessDelSqRho_EigVals =  5.5563537421E+00  1.8224099917E+01  2.7879559077E+02
HessDelSqRho_EigVec1 = -5.8891722613E-02  8.2179749881E-01 -5.6672800879E-01
HessDelSqRho_EigVec2 =  9.9744913576E-01  7.1380677532E-02 -1.4298845880E-04
HessDelSqRho_EigVec3 = -4.0335921686E-02  5.6529078342E-01  8.2390493602E-01
</CP of DelSqRho>
<CP of DelSqRho>
CP# = 16      
Type = (3,+3)
Coords =  2.38459288619677E-01 -3.32157468188365E+00 -5.27937792571609E-01
DistFromNuc =  6.5348011021E-01
Rho =  8.9127362947E-01
DelSqRho = -3.8255351200E+00
GradDelSqRho = -1.8451906669E-13  2.6068036618E-12 -8.1747941749E-12
HessDelSqRho_EigVals =  5.5534491842E+00  1.8225208148E+01  2.7866969164E+02
HessDelSqRho_EigVec1 = -5.8828744064E-02  8.2085856001E-01  5.6809365718E-01
HessDelSqRho_EigVec2 =  9.9744899732E-01  7.1382603335E-02  1.4724824984E-04
HessDelSqRho_EigVec3 =  4.0431134201E-02 -5.6665311117E-01  8.2296389653E-01
</CP of DelSqRho>
<CP of DelSqRho>
CP# = 17      
Type = (3,+1)
Coords =  7.08953985313678E-01 -3.88933679239325E+00  4.83555904801628E-01
DistFromNuc =  6.8105121800E-01
Rho =  7.9260791313E-01
DelSqRho = -2.5337064474E+00
GradDelSqRho = -1.4432899320E-14 -3.9968028887E-15  2.6201263381E-14
HessDelSqRho_EigVals = -1.2079252342E+01  1.0287276601E+01  2.0332724997E+02
HessDelSqRho_EigVec1 = -5.7289868452E-01  5.2448145401E-01  6.2984625241E-01
HessDelSqRho_EigVec2 =  5.4887944767E-01  8.1620092170E-01 -1.8040900016E-01
HessDelSqRho_EigVec3 =  6.0870226647E-01 -2.4235358427E-01  7.5547752514E-01
</CP of DelSqRho>
<CP of DelSqRho>
CP# = 18      
Type = (3,+1)
Coords = -1.46424110689588E-01 -3.95063785199966E+00  4.83613588270197E-01
DistFromNuc =  6.8105965670E-01
Rho =  7.9256969163E-01
DelSqRho = -2.5331857698E+00
GradDelSqRho = -3.5749181393E-14 -3.7303493627E-14  1.3322676296E-14
HessDelSqRho_EigVals = -1.2081602038E+01  1.0284194888E+01  2.0329933589E+02
HessDelSqRho_EigVec1 = -4.9244511025E-01 -6.0068770173E-01 -6.2981909973E-01
HessDelSqRho_EigVec2 = -6.5960943115E-01  7.2968739792E-01 -1.8019905564E-01
HessDelSqRho_EigVec3 = -5.6781441663E-01 -3.2669647427E-01  7.5555026435E-01
</CP of DelSqRho>
<CP of DelSqRho>
CP# = 19      
Type = (3,+1)
Coords =  7.08811717604628E-01 -3.88863716747156E+00 -4.83840871714951E-01
DistFromNuc =  6.8105967776E-01
Rho =  7.9257550182E-01
DelSqRho = -2.5332191906E+00
GradDelSqRho = -2.2204460493E-16  1.7763568394E-15 -2.2648549702E-14
HessDelSqRho_EigVals = -1.2079185284E+01  1.0283084812E+01  2.0329749058E+02
HessDelSqRho_EigVec1 = -5.7303584424E-01  5.2543619946E-01 -6.2892505239E-01
HessDelSqRho_EigVec2 =  5.4897899869E-01  8.1590257012E-01  1.8145262486E-01
HessDelSqRho_EigVec3 = -6.0848334424E-01  2.4128778744E-01  7.5599485674E-01
</CP of DelSqRho>
<CP of DelSqRho>
CP# = 20      
Type = (3,+1)
Coords = -1.46378655391083E-01 -3.94992519941332E+00 -4.83901874982262E-01
DistFromNuc =  6.8106788864E-01
Rho =  7.9253726158E-01
DelSqRho = -2.5326924118E+00
GradDelSqRho = -1.3544720900E-14 -3.3306690739E-14 -1.1990408666E-14
HessDelSqRho_EigVals = -1.2081611327E+01  1.0279950350E+01  2.0326994450E+02
HessDelSqRho_EigVec1 = -4.9244955321E-01 -6.0165274014E-01  6.2889380489E-01
HessDelSqRho_EigVec2 = -6.5966732663E-01  7.2937776471E-01  1.8123767412E-01
HessDelSqRho_EigVec3 =  5.6774330090E-01  3.2561028336E-01  7.5607240900E-01
</CP of DelSqRho>
<CP of DelSqRho>
CP# = 21      
Type = (3,+3)
Coords = -2.86018498535052E-01 -4.15590735964733E+00 -2.33587039945508E-04
DistFromNuc =  7.1227466377E-01
Rho =  7.8133030389E-01
DelSqRho = -3.3811582768E+00
GradDelSqRho = -2.2648549702E-14 -1.9539925233E-14  1.1293917190E-14
HessDelSqRho_EigVals =  1.4241539123E+01  2.3747024518E+01  1.5409489189E+02
HessDelSqRho_EigVec1 = -3.1437467551E-05 -5.8480903340E-04  9.9999982851E-01
HessDelSqRho_EigVec2 = -6.2376606835E-01  7.8161096499E-01  4.3748360242E-04
HessDelSqRho_EigVec3 =  7.8161108679E-01  6.2376594762E-01  3.8935590085E-04
</CP of DelSqRho>
<CP of DelSqRho>
CP# = 22      
Type = (3,+3)
Coords =  8.76296997830258E-01 -4.07266139973308E+00 -2.31752513417393E-04
DistFromNuc =  7.1226497553E-01
Rho =  7.8134983126E-01
DelSqRho = -3.3812637978E+00
GradDelSqRho =  2.4868995752E-14 -2.3536728122E-14  2.2530588506E-14
HessDelSqRho_EigVals =  1.4237551029E+01  2.3745585333E+01  1.5411517633E+02
HessDelSqRho_EigVec1 =  1.0953743126E-04 -5.7735361895E-04  9.9999982733E-01
HessDelSqRho_EigVec2 =  5.0596300230E-01  8.6255506748E-01  4.4257747859E-04
HessDelSqRho_EigVec3 =  8.6255517406E-01 -5.0596286646E-01 -3.8660163684E-04
</CP of DelSqRho>
<CP of DelSqRho>
CP# = 23      
Type = (3,-3)
Coords = -8.26483305278644E-01 -3.34839678498747E+00  3.36494471869398E-04
DistFromNuc =  1.1492911837E+00
Rho =  2.4493445013E-01
DelSqRho =  8.3107317919E-01
GradDelSqRho = -1.4432899320E-15 -4.1633363423E-16  3.2526065175E-19
HessDelSqRho_EigVals = -1.7701165723E+01 -1.7283966823E+00 -4.5431826776E-01
HessDelSqRho_EigVec1 =  9.3665871882E-01 -3.5024330728E-01 -2.6487158772E-04
HessDelSqRho_EigVec2 =  3.5024340679E-01  9.3665849510E-01  6.4773142675E-04
HessDelSqRho_EigVec3 =  2.1230625611E-05 -6.9947281556E-04  9.9999975514E-01
</CP of DelSqRho>
<CP of DelSqRho>
CP# = 24      
Type = (3,+1)
Coords =  1.77123136928556E-01 -2.46971195235622E+00 -3.88465028174133E-03
DistFromNuc =  1.2391110264E+00
Rho =  2.4360096719E-01
DelSqRho =  4.2938360920E-01
GradDelSqRho = -2.0816681712E-17  1.3322676296E-15 -2.6020852140E-17
HessDelSqRho_EigVals = -1.0827349850E+01  3.4786159410E-02  9.4182978286E-01
HessDelSqRho_EigVec1 = -7.1670740691E-02  9.9742258252E-01 -3.3906928591E-03
HessDelSqRho_EigVec2 = -2.3863808769E-04  3.3822875665E-03  9.9999425157E-01
HessDelSqRho_EigVec3 =  9.9742831721E-01  7.1671137846E-02 -4.3880374128E-06
</CP of DelSqRho>
<CP of DelSqRho>
CP# = 25      
Type = (3,-3)
Coords =  3.38721559204027E-01 -4.72332447558884E+00  5.58225844299992E-01
DistFromNuc =  1.1629909588E+00
Rho =  2.4404220537E-01
DelSqRho =  8.5670563384E-01
GradDelSqRho = -2.0816681712E-16  7.7715611724E-16 -7.7715611724E-16
HessDelSqRho_EigVals = -1.8075741212E+01 -2.0867844537E+00 -2.0410394990E-01
HessDelSqRho_EigVec1 = -6.2271400122E-02  8.6986329324E-01 -4.8934662950E-01
HessDelSqRho_EigVec2 =  9.9744619913E-01  7.1421837841E-02  3.0374598131E-05
HessDelSqRho_EigVec3 = -3.4976457368E-02  4.8809504419E-01  8.7208937344E-01
</CP of DelSqRho>
<CP of DelSqRho>
CP# = 26      
Type = (3,-3)
Coords =  3.38660493151980E-01 -4.72245384216218E+00 -5.59700437575456E-01
DistFromNuc =  1.1629931803E+00
Rho =  2.4404302383E-01
DelSqRho =  8.5671526279E-01
GradDelSqRho = -1.0061396161E-16  6.8278716014E-15  3.6637359813E-15
HessDelSqRho_EigVals = -1.8076619089E+01 -2.0866596142E+00 -2.0424778999E-01
HessDelSqRho_EigVec1 = -6.2217629909E-02  8.6909261168E-01  4.9072089711E-01
HessDelSqRho_EigVec2 =  9.9744603397E-01  7.1424143903E-02 -3.1520087797E-05
HessDelSqRho_EigVec3 =  3.5076713847E-02 -4.8946565150E-01  8.7131681962E-01
</CP of DelSqRho>
<CP of DelSqRho>
CP# = 27      
Type = (3,-1)
Coords =  1.03171537825688E+00 -3.69223066884198E+00  9.00832835849666E-01
DistFromNuc =  1.1824030948E+00
Rho =  2.4045385852E-01
DelSqRho =  7.3725131783E-01
GradDelSqRho =  1.8596235662E-15  2.8883145875E-16  1.2767564783E-15
HessDelSqRho_EigVals = -1.7299244449E+01 -1.3775660325E+00  2.9125711933E-01
HessDelSqRho_EigVec1 =  6.3300247611E-01  3.7892636544E-02  7.7322183966E-01
HessDelSqRho_EigVec2 =  5.7353073067E-01 -6.9381720512E-01 -4.3552288902E-01
HessDelSqRho_EigVec3 =  5.1997150519E-01  7.1915355383E-01 -4.6092060033E-01
</CP of DelSqRho>
<CP of DelSqRho>
CP# = 28      
Type = (3,-1)
Coords =  1.03162039852127E+00 -3.69113333178824E+00 -9.00793424508194E-01
DistFromNuc =  1.1824177891E+00
Rho =  2.4046061438E-01
DelSqRho =  7.3715922115E-01
GradDelSqRho =  6.6613381478E-16  4.6512273200E-16 -2.5535129566E-15
HessDelSqRho_EigVals = -1.7296284542E+01 -1.3788382717E+00  2.9164214120E-01
HessDelSqRho_EigVec1 = -6.3290088261E-01 -3.8835960943E-02  7.7325819810E-01
HessDelSqRho_EigVec2 =  5.7360149793E-01 -6.9432916316E-01  4.3461285618E-01
HessDelSqRho_EigVec3 =  5.2001710969E-01  7.1860892099E-01  4.6171790556E-01
</CP of DelSqRho>
<CP of DelSqRho>
CP# = 29      
Type = (3,-1)
Coords =  3.49280470383238E-01 -4.87073043398162E+00 -7.87986703823905E-04
DistFromNuc =  1.1680781444E+00
Rho =  2.4882471091E-01
DelSqRho =  8.4525649723E-01
GradDelSqRho = -7.4780459602E-14  1.0462741784E-12 -3.6099855744E-13
HessDelSqRho_EigVals = -1.6821110194E+01 -3.7546547314E+00  1.5324104899E-01
HessDelSqRho_EigVec1 = -7.1419523363E-02  9.9744610767E-01  7.1692031056E-04
HessDelSqRho_EigVec2 =  9.9744636410E-01  7.1419540377E-02  1.8738799493E-06
HessDelSqRho_EigVec3 =  4.9333024806E-05 -7.1522338873E-04  9.9999974301E-01
</CP of DelSqRho>
<CP of DelSqRho>
CP# = 30      
Type = (3,-3)
Coords =  1.29613373181889E+00 -3.19632843741169E+00  3.48469559185389E-04
DistFromNuc =  1.1492695480E+00
Rho =  2.4493142857E-01
DelSqRho =  8.3135344192E-01
GradDelSqRho = -5.1625370645E-15 -1.1102230246E-15 -1.6263032587E-19
HessDelSqRho_EigVals = -1.7706804780E+01 -1.7278565337E+00 -4.5528420173E-01
HessDelSqRho_EigVec1 =  8.7718961650E-01  4.8014404212E-01  2.7482377780E-04
HessDelSqRho_EigVec2 = -4.8014411488E-01  8.7718937238E-01  6.5872596798E-04
HessDelSqRho_EigVec3 =  7.5210851755E-05 -7.0978259877E-04  9.9999974528E-01
</CP of DelSqRho>
<CP of DelSqRho>
CP# = 31      
Type = (3,-1)
Coords = -4.94433081145079E-01 -3.80110469529546E+00  9.00545803344613E-01
DistFromNuc =  1.1823954676E+00
Rho =  2.4045619024E-01
DelSqRho =  7.3724220577E-01
GradDelSqRho =  1.7208456882E-15  2.0816681712E-16 -2.7755575616E-16
HessDelSqRho_EigVals = -1.7297567788E+01 -1.3784182771E+00  2.9090852132E-01
HessDelSqRho_EigVec1 = -6.3228167581E-01 -5.2331969713E-02  7.7296911153E-01
HessDelSqRho_EigVec2 =  4.6872051533E-01  7.6856399644E-01  4.3544283423E-01
HessDelSqRho_EigVec3 = -6.1686381070E-01  6.3762900523E-01 -4.6141986382E-01
</CP of DelSqRho>
<CP of DelSqRho>
CP# = 32      
Type = (3,-1)
Coords = -4.94488234964338E-01 -3.80000801068147E+00 -9.00510492788442E-01
DistFromNuc =  1.1824092566E+00
Rho =  2.4046284963E-01
DelSqRho =  7.3715655449E-01
GradDelSqRho = -3.6082248300E-16 -1.3183898417E-16  0.0000000000E+00
HessDelSqRho_EigVals = -1.7294733994E+01 -1.3797233064E+00  2.9127826016E-01
HessDelSqRho_EigVec1 =  6.3230970573E-01  5.1386164999E-02  7.7300963648E-01
HessDelSqRho_EigVec2 =  4.6872066436E-01  7.6907978059E-01 -4.3453104594E-01
HessDelSqRho_EigVec3 = -6.1683496564E-01  6.3708378816E-01  4.6221085235E-01
</CP of DelSqRho>
<CP of DelSqRho>
CP# = 33      
Type = (3,+1)
Coords =  1.80879592972902E+00 -4.62683839520957E+00  8.74776450267339E-01
DistFromNuc =  1.9985850340E+00
Rho =  7.1028795949E-02
DelSqRho =  1.8545169211E-01
GradDelSqRho =  1.4571677198E-16 -9.6277152917E-17 -9.5626631613E-17
HessDelSqRho_EigVals = -1.7842018787E+00  1.8731767789E-02  5.9090530339E-01
HessDelSqRho_EigVec1 =  5.0986088813E-01 -2.7709926487E-01  8.1440645390E-01
HessDelSqRho_EigVec2 =  5.3568203492E-01  8.4302416332E-01 -4.8528522784E-02
HessDelSqRho_EigVec3 =  6.7311710142E-01 -4.6100570221E-01 -5.7826214671E-01
</CP of DelSqRho>
<CP of DelSqRho>
CP# = 34      
Type = (3,+1)
Coords =  1.80875899968751E+00 -4.62542186152817E+00 -8.76237750527241E-01
DistFromNuc =  1.9985978873E+00
Rho =  7.1029177980E-02
DelSqRho =  1.8543761341E-01
GradDelSqRho =  1.6393136848E-16 -2.0556473190E-16 -3.4239104607E-16
HessDelSqRho_EigVals = -1.7838965998E+00  1.8751152967E-02  5.9092773335E-01
HessDelSqRho_EigVec1 = -5.0986087564E-01  2.7580344161E-01  8.1484621192E-01
HessDelSqRho_EigVec2 =  5.3572669766E-01  8.4291525082E-01  4.9907768379E-02
HessDelSqRho_EigVec3 =  6.7308156482E-01 -4.6198088870E-01  5.7752477486E-01
</CP of DelSqRho>
<CP of DelSqRho>
CP# = 35      
Type = (3,-1)
Coords =  2.26432256805601E+00 -3.97322504754549E+00  3.68346265005549E-04
DistFromNuc =  2.0162808544E+00
Rho =  7.2050192923E-02
DelSqRho =  1.9161088926E-01
GradDelSqRho = -1.9567680809E-15  4.5102810375E-16 -4.8829755343E-17
HessDelSqRho_EigVals = -2.2395138213E+00 -1.6829624840E-02  4.7254006752E-01
HessDelSqRho_EigVec1 =  9.0978041827E-01  4.1508893582E-01  8.7515201937E-04
HessDelSqRho_EigVec2 = -3.8726506758E-04 -1.2595495550E-03  9.9999913178E-01
HessDelSqRho_EigVec3 = -4.1508967773E-01  9.0977996730E-01  9.8516407618E-04
</CP of DelSqRho>
<CP of DelSqRho>
CP# = 36      
Type = (3,-1)
Coords = -1.67413826385709E+00 -4.25500461893236E+00  1.49643872856740E-04
DistFromNuc =  2.0163007142E+00
Rho =  7.2049186757E-02
DelSqRho =  1.9154726683E-01
GradDelSqRho = -1.0115519533E-13  6.3372571080E-13 -1.1902061097E-13
HessDelSqRho_EigVals = -2.2376870403E+00 -1.6629512894E-02  4.7295768692E-01
HessDelSqRho_EigVec1 =  9.5968832874E-01 -2.8106560072E-01 -6.6315481924E-04
HessDelSqRho_EigVec2 =  3.8686595195E-04 -1.0384894929E-03  9.9999938594E-01
HessDelSqRho_EigVec3 =  2.8106611681E-01  9.5968799598E-01  8.8789153463E-04
</CP of DelSqRho>
<CP of DelSqRho>
CP# = 37      
Type = (3,+1)
Coords = -1.13143225893218E+00 -4.83563472392697E+00  8.74685889353971E-01
DistFromNuc =  1.9985855108E+00
Rho =  7.1034217997E-02
DelSqRho =  1.8546152450E-01
GradDelSqRho =  8.3700407716E-16  4.7878367937E-16 -9.7708299784E-16
HessDelSqRho_EigVals = -1.7841290741E+00  1.8639540971E-02  5.9088033484E-01
HessDelSqRho_EigVec1 = -4.6645794207E-01 -3.4547675644E-01  8.1428668111E-01
HessDelSqRho_EigVec2 = -6.5037858401E-01  7.5789537175E-01 -5.1012772380E-02
HessDelSqRho_EigVec3 =  5.9952037975E-01  5.5338993146E-01  5.7821699907E-01
</CP of DelSqRho>
<CP of DelSqRho>
CP# = 38      
Type = (3,+1)
Coords = -1.13146835017228E+00 -4.83436187265942E+00 -8.76164000104713E-01
DistFromNuc =  1.9985925590E+00
Rho =  7.1034908314E-02
DelSqRho =  1.8545033084E-01
GradDelSqRho =  6.8261368780E-16  3.5822039779E-16  5.1130974454E-16
HessDelSqRho_EigVals = -1.7838707697E+00  1.8655039812E-02  5.9090422349E-01
HessDelSqRho_EigVec1 =  4.6651640583E-01  3.4431608583E-01  8.1474466928E-01
HessDelSqRho_EigVec2 = -6.5039874484E-01  7.5779981467E-01  5.2162377207E-02
HessDelSqRho_EigVec3 =  5.9945301384E-01  5.5424351500E-01 -5.7746879593E-01
</CP of DelSqRho>
<CP of DelSqRho>
CP# = 39      
Type = (3,-1)
Coords = -5.78980642758448E-01 -5.53075746269719E+00 -8.59234423034531E-04
DistFromNuc =  2.0111841158E+00
Rho =  7.2093607737E-02
DelSqRho =  1.9163993141E-01
GradDelSqRho =  8.3266726847E-17  1.6653345369E-16 -1.0503208546E-19
HessDelSqRho_EigVals = -2.2413882839E+00 -1.2318939467E-02  5.0723288700E-01
HessDelSqRho_EigVec1 = -1.3982571809E-01  9.9017607319E-01  3.3562611468E-04
HessDelSqRho_EigVec2 = -2.4843021441E-04 -3.7403753130E-04  9.9999989919E-01
HessDelSqRho_EigVec3 =  9.9017609890E-01  1.3982562062E-01  2.9828972057E-04
</CP of DelSqRho>
<CP of DelSqRho>
CP# = 40      
Type = (3,-1)
Coords =  1.36206483254978E+00 -5.39184819345683E+00 -8.75342547714909E-04
DistFromNuc =  2.0112051886E+00
Rho =  7.2086370325E-02
DelSqRho =  1.9162956096E-01
GradDelSqRho =  1.7477339020E-16  4.8572257327E-16 -3.1509625638E-19
HessDelSqRho_EigVals = -2.2412193043E+00 -1.2362881791E-02  5.0720605934E-01
HessDelSqRho_EigVec1 = -2.6167151124E-03  9.9999651311E-01  3.5577541131E-04
HessDelSqRho_EigVec2 =  2.8584329427E-04 -3.5502864183E-04  9.9999989612E-01
HessDelSqRho_EigVec3 =  9.9999653554E-01  2.6168165366E-03 -2.8491328875E-04
</CP of DelSqRho>
<Path of -GradDelSqRho>
Starting CP# =      3
Ending CP# =     21
Number of Points =     19
 -6.2360422408E-01 -4.4597535518E+00 -4.6673995592E-04  4.0705150164E-01 -9.4673942183E-01
 -6.0463912098E-01 -4.4434647604E+00 -4.5522649781E-04  4.1887207160E-01 -9.5630328058E-01
 -5.8566838664E-01 -4.4271825278E+00 -4.4372492258E-04  4.3175815405E-01 -9.8542714628E-01
 -5.6669263500E-01 -4.4109061426E+00 -4.3223391110E-04  4.4572925085E-01 -1.0348454724E+00
 -5.4771270320E-01 -4.3946346321E+00 -4.2075160237E-04  4.6079896782E-01 -1.1053293862E+00
 -5.2872965441E-01 -4.3783667581E+00 -4.0927559542E-04  4.7697413896E-01 -1.1975618086E+00
 -5.0974479040E-01 -4.3621010024E+00 -3.9780293001E-04  4.9425394216E-01 -1.3119815922E+00
 -4.9075968262E-01 -4.3458355313E+00 -3.8633002432E-04  5.1262910376E-01 -1.4486004913E+00
 -4.7177623148E-01 -4.3295681268E+00 -3.7485254555E-04  5.3208130973E-01 -1.6067992505E+00
 -4.5279676815E-01 -4.3132960699E+00 -3.6336517850E-04  5.5258295936E-01 -1.7851118149E+00
 -4.3382422280E-01 -4.2970159478E+00 -3.5186123409E-04  5.7409741220E-01 -1.9810090907E+00
 -4.1486240390E-01 -4.2807233342E+00 -3.4033198898E-04  5.9657988801E-01 -2.1906949981E+00
 -3.9591647957E-01 -4.2644122415E+00 -3.2876553490E-04  6.1997918208E-01 -2.4089263929E+00
 -3.7699386420E-01 -4.2480741162E+00 -3.1714464220E-04  6.4424035228E-01 -2.6288622676E+00
 -3.5810602008E-01 -4.2316958117E+00 -3.0544239649E-04  6.6930851644E-01 -2.8419318522E+00
 -3.3927267197E-01 -4.2152548889E+00 -2.9361196820E-04  6.9513384112E-01 -3.0376777446E+00
 -3.2053398763E-01 -4.1987062197E+00 -2.8155706525E-04  7.2167751307E-01 -3.2034664324E+00
 -3.0200139148E-01 -4.1819275594E+00 -2.6900936176E-04  7.4891592074E-01 -3.3238510778E+00
 -2.8601849854E-01 -4.1559073596E+00 -2.3358703995E-04  7.8133030389E-01 -3.3811582768E+00
</Path of -GradDelSqRho>
<Path of -GradDelSqRho>
Starting CP# =      3
Ending CP# =      0
Number of Points =     30
 -6.2360422408E-01 -4.4597535518E+00 -4.6673995592E-04  4.0705150164E-01 -9.4673942183E-01
 -6.4256351313E-01 -4.4760491101E+00 -4.7826563048E-04  3.9627183730E-01 -9.5612966112E-01
 -6.6151661528E-01 -4.4923518638E+00 -4.8980418481E-04  3.8650402026E-01 -9.8405416371E-01
 -6.8046356728E-01 -4.5086617647E+00 -5.0135534590E-04  3.7771501962E-01 -1.0303001236E+00
 -6.9940459869E-01 -4.5249785410E+00 -5.1291838451E-04  3.6986812862E-01 -1.0948408160E+00
 -7.1834010122E-01 -4.5413017332E+00 -5.2449221329E-04  3.6292309221E-01 -1.1777616361E+00
 -7.3727058767E-01 -4.5576307425E+00 -5.3607552427E-04  3.5683611453E-01 -1.2791138378E+00
 -7.5619664378E-01 -4.5739648866E+00 -5.4766696274E-04  3.5155984508E-01 -1.3986687545E+00
 -7.7511887591E-01 -4.5903034604E+00 -5.5926533665E-04  3.4704351525E-01 -1.5355449834E+00
 -7.9403785713E-01 -4.6066457985E+00 -5.7086986646E-04  3.4323349898E-01 -1.6877029953E+00
 -8.1295407244E-01 -4.6229913380E+00 -5.8248049241E-04  3.4007469543E-01 -1.8513678381E+00
 -8.3186786076E-01 -4.6393396858E+00 -5.9409827813E-04  3.3751324513E-01 -2.0205732721E+00
 -8.5077934781E-01 -4.6556906956E+00 -6.0572595938E-04  3.3550112090E-01 -2.1872235506E+00
 -8.6968837117E-01 -4.6720445544E+00 -6.1736852804E-04  3.3400295784E-01 -2.3422966080E+00
 -8.8859448967E-01 -4.6884017713E+00 -6.2903257571E-04  3.3300495200E-01 -2.4789407003E+00
 -9.0749760302E-01 -4.7047624610E+00 -6.4071826793E-04  3.3252464897E-01 -2.5980466676E+00
 -9.2640010075E-01 -4.7211238620E+00 -6.5239574113E-04  3.3261899683E-01 -2.7162098253E+00
 -9.4530699762E-01 -4.7374801791E+00 -6.6401034784E-04  3.3338645473E-01 -2.8747757327E+00
 -9.6422008643E-01 -4.7538293360E+00 -6.7554973888E-04  3.3495783708E-01 -3.1471329221E+00
 -9.8313760504E-01 -4.7701733672E+00 -6.8703904277E-04  3.3747077238E-01 -3.6401119626E+00
 -1.0020577550E+00 -4.7865143523E+00 -6.9850010828E-04  3.4102496187E-01 -4.4849100756E+00
 -1.0209795023E+00 -4.8028534878E+00 -7.0994479487E-04  3.4562017873E-01 -5.8138863889E+00
 -1.0399023063E+00 -4.8191913995E+00 -7.2137908885E-04  3.5108589564E-01 -7.7222932175E+00
 -1.0588258824E+00 -4.8355284168E+00 -7.3280607592E-04  3.5701938994E-01 -1.0219122210E+01
 -1.0777500824E+00 -4.8518647115E+00 -7.4422738970E-04  3.6275570573E-01 -1.3179049437E+01
 -1.0966748425E+00 -4.8682003574E+00 -7.5564388197E-04  3.6739404053E-01 -1.6316044297E+01
 -1.1156001724E+00 -4.8845353431E+00 -7.6705591324E-04  3.6989647944E-01 -1.9202566868E+01
 -1.1345261985E+00 -4.9008695221E+00 -7.7846338060E-04  3.6925441763E-01 -2.1348363904E+01
 -1.1534534963E+00 -4.9172022275E+00 -7.8986496639E-04  3.6468986167E-01 -2.2327214673E+01
 -1.1572395131E+00 -4.9204681227E+00 -7.9214359194E-04  3.6326520123E-01 -2.2358076268E+01
</Path of -GradDelSqRho>
<Path of -GradDelSqRho>
Starting CP# =      4
Ending CP# =      0
Number of Points =     30
  1.2536995888E+00 -4.3254042001E+00 -4.6329492406E-04  4.0702686719E-01 -9.4656802974E-01
  1.2747861804E+00 -4.3388338507E+00 -4.7472308525E-04  3.9624650153E-01 -9.5595676554E-01
  1.2958676985E+00 -4.3522714641E+00 -4.8616173232E-04  3.8647796462E-01 -9.8387657614E-01
  1.3169441731E+00 -4.3657169869E+00 -4.9761057260E-04  3.7768822206E-01 -1.0301144329E+00
  1.3380157925E+00 -4.3791701173E+00 -5.0906890886E-04  3.6984056511E-01 -1.0946434647E+00
  1.3590828784E+00 -4.3926303459E+00 -5.2053573889E-04  3.6289473819E-01 -1.1775490273E+00
  1.3801458521E+00 -4.4060970085E+00 -5.3200989180E-04  3.5680694644E-01 -1.2788825032E+00
  1.4012051945E+00 -4.4195693492E+00 -5.4349019984E-04  3.5152984174E-01 -1.3984156189E+00
  1.4222614029E+00 -4.4330465876E+00 -5.5497570707E-04  3.4701265893E-01 -1.5352677616E+00
  1.4433149464E+00 -4.4465279886E+00 -5.6646592197E-04  3.4320177596E-01 -1.6874007289E+00
  1.4643662202E+00 -4.4600129333E+00 -5.7796113483E-04  3.4004209552E-01 -1.8510415013E+00
  1.4854154979E+00 -4.4735009939E+00 -5.8946284359E-04  3.3747975966E-01 -2.0202262354E+00
  1.5064628744E+00 -4.4869920208E+00 -6.0097433998E-04  3.3546673859E-01 -2.1868614754E+00
  1.5275082042E+00 -4.5004862403E+00 -6.1250132670E-04  3.3396765821E-01 -2.3419261255E+00
  1.5485511105E+00 -4.5139842387E+00 -6.2405113986E-04  3.3296869639E-01 -2.4785661205E+00
  1.5695915117E+00 -4.5274861416E+00 -6.3562381397E-04  3.3248737047E-01 -2.5976641691E+00
  1.5906314353E+00 -4.5409887887E+00 -6.4718615496E-04  3.3258059168E-01 -2.7157992645E+00
  1.6116751146E+00 -4.5544855818E+00 -6.5867813454E-04  3.3334677955E-01 -2.8742913952E+00
  1.6327240419E+00 -4.5679741889E+00 -6.7008687643E-04  3.3491671728E-01 -3.1464959809E+00
  1.6537767117E+00 -4.5814569543E+00 -6.8144055786E-04  3.3742802663E-01 -3.6392086150E+00
  1.6748315986E+00 -4.5949362572E+00 -6.9276339856E-04  3.4098044565E-01 -4.4835997919E+00
  1.6958878279E+00 -4.6084134632E+00 -7.0406848551E-04  3.4557384544E-01 -5.8120239375E+00
  1.7169449427E+00 -4.6218892856E+00 -7.1536240893E-04  3.5103786718E-01 -7.7197655105E+00
  1.7380027027E+00 -4.6353640997E+00 -7.2664856445E-04  3.5697002080E-01 -1.0215895756E+01
  1.7590609825E+00 -4.6488381015E+00 -7.3792875540E-04  3.6270561840E-01 -1.3175216264E+01
  1.7801197275E+00 -4.6623113762E+00 -7.4920393533E-04  3.6734410963E-01 -1.6311846397E+01
  1.8011789445E+00 -4.6757839132E+00 -7.6047453772E-04  3.6984775020E-01 -1.9198377897E+01
  1.8222387361E+00 -4.6892555520E+00 -7.7174053780E-04  3.6920796407E-01 -2.1344618690E+01
  1.8432995726E+00 -4.7027255571E+00 -7.8300081170E-04  3.6464661410E-01 -2.2324301201E+01
  1.8475121967E+00 -4.7054188436E+00 -7.8525131410E-04  3.6322268231E-01 -2.2355363675E+01
</Path of -GradDelSqRho>
<Path of -GradDelSqRho>
Starting CP# =      4
Ending CP# =     22
Number of Points =     19
  1.2536995888E+00 -4.3254042001E+00 -4.6329492406E-04  4.0702686719E-01 -9.4656802974E-01
  1.2326082304E+00 -4.3119820369E+00 -4.5187673078E-04  4.1884812476E-01 -9.5613049217E-01
  1.2115122568E+00 -4.2985671286E+00 -4.4046819800E-04  4.3173488717E-01 -9.8525041918E-01
  1.1904121739E+00 -4.2851586848E+00 -4.2906814595E-04  4.4570666345E-01 -1.0346627011E+00
  1.1693086713E+00 -4.2717556236E+00 -4.1767487515E-04  4.6077706749E-01 -1.1051389956E+00
  1.1482026254E+00 -4.2583565680E+00 -4.0628615872E-04  4.7695294191E-01 -1.1973628640E+00
  1.1270951089E+00 -4.2449598288E+00 -3.9489921437E-04  4.9423347351E-01 -1.3117739209E+00
  1.1059874180E+00 -4.2315633646E+00 -3.8351063533E-04  5.1260939741E-01 -1.4483848126E+00
  1.0848811204E+00 -4.2181647053E+00 -3.7211625639E-04  5.3206240755E-01 -1.6065773042E+00
  1.0637781407E+00 -4.2047608211E+00 -3.6071092001E-04  5.5256490986E-01 -1.7848864781E+00
  1.0426808996E+00 -4.1913479067E+00 -3.4928808441E-04  5.7408026833E-01 -1.9807844685E+00
  1.0215925461E+00 -4.1779210240E+00 -3.3783916488E-04  5.9656370404E-01 -2.1904764767E+00
  1.0005173574E+00 -4.1644734882E+00 -3.2635238698E-04  6.1996400935E-01 -2.4087206445E+00
  9.7946147695E-01 -4.1509957432E+00 -3.1481065785E-04  6.4422623366E-01 -2.6286772072E+00
  9.5843441542E-01 -4.1374730883E+00 -3.0318721886E-04  6.6929547901E-01 -2.8417765655E+00
  9.3745256776E-01 -4.1238804062E+00 -2.9143545460E-04  6.9512188592E-01 -3.0375624438E+00
  9.1654940305E-01 -4.1101671125E+00 -2.7945947025E-04  7.2166659759E-01 -3.2034025712E+00
  8.9581816263E-01 -4.0961958530E+00 -2.6699211900E-04  7.4890590830E-01 -3.3238519417E+00
  8.7629699783E-01 -4.0726613997E+00 -2.3175251342E-04  7.8134983126E-01 -3.3812637978E+00
</Path of -GradDelSqRho>
<Path of -GradDelSqRho>
Starting CP# =      9
Ending CP# =     15
Number of Points =     45
  2.7043031542E-01 -3.7699058837E+00  1.5557689045E-01  2.2519396631E+01  1.2435965823E+03
  2.7109895150E-01 -3.7793446257E+00  1.7871696256E-01  1.5591622445E+01  1.1610007052E+03
  2.7176616591E-01 -3.7887633138E+00  2.0186524836E-01  1.0894866992E+01  9.8998549911E+02
  2.7243301122E-01 -3.7981768064E+00  2.2501565809E-01  7.7204078667E+00  7.8055477577E+02
  2.7309902153E-01 -3.8075785304E+00  2.4817087318E-01  5.5830534079E+00  5.7870195807E+02
  2.7376338453E-01 -3.8169570277E+00  2.7133555159E-01  4.1449770471E+00  4.1343826737E+02
  2.7442521495E-01 -3.8262998156E+00  2.9451472592E-01  3.1749585419E+00  2.8996351168E+02
  2.7508362715E-01 -3.8355944116E+00  3.1771336152E-01  2.5177583111E+00  2.0108709060E+02
  2.7573780740E-01 -3.8448293554E+00  3.4093592495E-01  2.0697889519E+00  1.3754699437E+02
  2.7638697534E-01 -3.8539936668E+00  3.6418658972E-01  1.7615767816E+00  9.2100200312E+01
  2.7703018684E-01 -3.8630740699E+00  3.8747031237E-01  1.5461935686E+00  5.9829292248E+01
  2.7766605465E-01 -3.8720510613E+00  4.1079429148E-01  1.3919035194E+00  3.7346282563E+01
  2.7829243202E-01 -3.8808944629E+00  4.3416948458E-01  1.2774091755E+00  2.2117823577E+01
  2.7890599393E-01 -3.8895575398E+00  4.5761240275E-01  1.1886296187E+00  1.2138960111E+01
  2.7950155761E-01 -3.8979674616E+00  4.8114769444E-01  1.1164279591E+00  5.8241376134E+00
  2.8007084521E-01 -3.9060079293E+00  5.0481218379E-01  1.0549911497E+00  1.9671541530E+00
  2.8059998820E-01 -3.9134841263E+00  5.2866132011E-01  1.0006982005E+00 -3.0241847066E-01
  2.8106367606E-01 -3.9200405166E+00  5.5277919816E-01  9.5137583629E-01 -1.5798704191E+00
  2.8140795608E-01 -3.9249191087E+00  5.7728659277E-01  9.0592729443E-01 -2.2531798971E+00
  2.8148101198E-01 -3.9259861056E+00  6.0220336040E-01  8.6483809043E-01 -2.5676156003E+00
  2.8076883539E-01 -3.9160091786E+00  6.2447385843E-01  8.3667324226E-01 -2.6919722075E+00
  2.7918930917E-01 -3.8938099656E+00  6.3540777285E-01  8.3351476887E-01 -2.7679158291E+00
  2.7746617682E-01 -3.8695688455E+00  6.4123704832E-01  8.3808327149E-01 -2.8413462215E+00
  2.7572235019E-01 -3.8450213423E+00  6.4562923459E-01  8.4351713242E-01 -2.9141684540E+00
  2.7396895541E-01 -3.8203270225E+00  6.4910089148E-01  8.4889119769E-01 -2.9861092562E+00
  2.7220878530E-01 -3.7955277573E+00  6.5171573600E-01  8.5406744555E-01 -3.0568389584E+00
  2.7044381293E-01 -3.7706538984E+00  6.5348089554E-01  8.5900736393E-01 -3.1260258244E+00
  2.6867591711E-01 -3.7457345275E+00  6.5439716019E-01  8.6368589862E-01 -3.1933424317E+00
  2.6690695607E-01 -3.7207984816E+00  6.5446500101E-01  8.6808134483E-01 -3.2584696116E+00
  2.6513877768E-01 -3.6958744810E+00  6.5368523580E-01  8.7217441267E-01 -3.3211001592E+00
  2.6337322429E-01 -3.6709911772E+00  6.5205909848E-01  8.7594830435E-01 -3.3809424614E+00
  2.6161213719E-01 -3.6461771943E+00  6.4958825540E-01  8.7938886544E-01 -3.4377239948E+00
  2.5985736128E-01 -3.6214611664E+00  6.4627482464E-01  8.8248471068E-01 -3.4911946300E+00
  2.5811075003E-01 -3.5968717719E+00  6.4212140217E-01  8.8522731443E-01 -3.5411296771E+00
  2.5637417090E-01 -3.5724377642E+00  6.3713109399E-01  8.8761106538E-01 -3.5873326169E+00
  2.5464951137E-01 -3.5481879974E+00  6.3130755312E-01  8.8963328643E-01 -3.6296374672E+00
  2.5293868605E-01 -3.5241514472E+00  6.2465502031E-01  8.9129422086E-01 -3.6679107444E+00
  2.5124364503E-01 -3.5003572273E+00  6.1717836810E-01  8.9259698616E-01 -3.7020529891E+00
  2.4956638403E-01 -3.4768346003E+00  6.0888314754E-01  8.9354749743E-01 -3.7319998345E+00
  2.4790895680E-01 -3.4536129838E+00  5.9977563738E-01  8.9415436209E-01 -3.7577226084E+00
  2.4627349023E-01 -3.4307219495E+00  5.8986289579E-01  8.9442874820E-01 -3.7792284681E+00
