 AIMInt (Version 19.02.13, Professional)
 Portions Copyright (c) 1997-2019 by Todd A. Keith
 AIMInt is a component of the AIMAll package ( http://aim.tkgristmill.com )

 TP:  64-bit Linux

 Licensed To:  Research Group of Fernando Cortes Guzman, UNAM, fercor@unam.mx

 AIMInt is a heavily modified and extended version of the PROAIMV program
 developed by members of R.F.W. Bader's research group

 Much of the Quantum Theory of Atoms in Molecules (QTAIM) is described in the book:
   "Atoms in Molecules - A Quantum Theory"
   R.F.W. Bader, Oxford University Press, Oxford, 1990

 For additional references see:  http://aim.tkgristmill.com/references.html

 Current Directory:  /home/scratch/M_H2O_4_cuadrado_plano/Opt

 Inp File:  Cr3_cuadrado_plano_cc pvtz-def2tzv_5_atomicfiles/o6.inp
 Wfx File:  Cr3_cuadrado_plano_cc pvtz-def2tzv_5.wfx
 Out File:  Cr3_cuadrado_plano_cc pvtz-def2tzv_5_atomicfiles/o6.int

 Wfx Title:   Cr3_cuadrado_plano_cc pvtz-def2tzv_5                                          
 Job Title:   Cr3_cuadrado_plano_cc pvtz-def2tzv_5                                          
 
<Atom>
O6      
</Atom>
<Nuclei of Molecule>
    13
Cr1       24.0           8.0398766641E-04  -2.0795321787E-03   4.6098276725E-05
O2         8.0          -3.7038329039E+00  -2.5206971704E-01   4.4526509545E-05
H3         1.0          -4.8126522075E+00  -3.3757098770E-01   1.5099601724E+00
O4         8.0           2.6587731972E-01  -3.7056339810E+00   6.1223316727E-05
H5         1.0          -1.1639497983E+00  -4.9262668376E+00  -7.9607366406E-04
O6         8.0           3.7034178784E+00   2.6297699003E-01   2.3425431894E-05
H7         1.0           4.8122982145E+00   3.4438149802E-01   1.5101707881E+00
O8         8.0          -2.6728518580E-01   3.7003497653E+00   2.0207716662E-05
H9         1.0           1.1617854845E+00   4.9218282747E+00  -4.5806164146E-04
H10        1.0          -4.8122743954E+00  -3.3541589400E-01  -1.5102651545E+00
H11        1.0           1.8549956447E+00  -4.7102122068E+00  -7.8913068401E-04
H12        1.0           4.8123901076E+00   3.4476670008E-01  -1.5100305426E+00
H13        1.0          -1.8573056220E+00   4.7034137669E+00  -9.3419796202E-05
</Nuclei of Molecule>
<Total Number of CPs of DelSqRho>
    38
</Total Number of CPs of DelSqRho>
<Number of (3,+3) CPs of DelSqRho>
     5
</Number of (3,+3) CPs of DelSqRho>
<Number of (3,+1) CPs of DelSqRho>
    14
</Number of (3,+1) CPs of DelSqRho>
<Number of (3,-1) CPs of DelSqRho>
    13
</Number of (3,-1) CPs of DelSqRho>
<Number of (3,-3) CPs of DelSqRho>
     6
</Number of (3,-3) CPs of DelSqRho>
<Number of Degenerate CPs of DelSqRho>
     0
</Number of Degenerate CPs of DelSqRho>
<CP of DelSqRho>
CP# = 1       
Type = (3,+3)
Coords =  3.70341812322418E+00  2.62977008747810E-01  2.34254435994685E-05
DistFromNuc =  2.4551893203E-07
Rho =  2.9716083708E+02
DelSqRho = -3.3277116861E+06
GradDelSqRho =  1.3120807125E-05 -1.9544377210E-06 -2.0351453855E-10
HessDelSqRho_EigVals =  1.3233534378E+11  1.3233536409E+11  1.3233537083E+11
HessDelSqRho_EigVec1 = -7.2751116638E-02  9.9735011844E-01  1.2755472697E-04
HessDelSqRho_EigVec2 =  9.9735012439E-01  7.2751107362E-02  7.5915753711E-05
HessDelSqRho_EigVec3 = -6.6434838319E-05 -1.3273967866E-04  9.9999998898E-01
</CP of DelSqRho>
<CP of DelSqRho>
CP# = 2       
Type = (3,-1)
Coords =  2.10655951808442E+00  1.48238365374701E-01  1.69595879474758E-04
DistFromNuc =  1.6009752017E+00
Rho =  1.1945945707E-01
DelSqRho =  2.5706515587E-01
GradDelSqRho =  3.9551695252E-16  9.4759269875E-17 -2.1379111589E-18
HessDelSqRho_EigVals = -1.7811915096E-01 -6.1525859484E-02  4.0253784488E+00
HessDelSqRho_EigVec1 = -7.1377321354E-02  9.9744937641E-01  1.3961256370E-04
HessDelSqRho_EigVec2 = -4.2460943618E-06 -1.4027342187E-04  9.9999999015E-01
HessDelSqRho_EigVec3 =  9.9744938617E-01  7.1377320058E-02  1.4247605283E-05
</CP of DelSqRho>
<CP of DelSqRho>
CP# = 3       
Type = (3,+1)
Coords =  4.38480887641247E+00  3.13027967822509E-01  9.36093387647024E-01
DistFromNuc =  1.1588898855E+00
Rho =  4.0639411217E-01
DelSqRho = -9.1746673537E-01
GradDelSqRho =  1.1102230246E-15 -4.7184478547E-16 -4.2466030692E-15
HessDelSqRho_EigVals = -2.9946078150E+01  1.4116884009E+01  1.4909283018E+01
HessDelSqRho_EigVec1 =  5.9430029667E-01  4.3616812192E-02  8.0305960618E-01
HessDelSqRho_EigVec2 = -7.2954654176E-02  9.9733524276E-01 -1.7883025706E-04
HessDelSqRho_EigVec3 =  8.0092744729E-01  5.8480656977E-02 -5.9589868010E-01
</CP of DelSqRho>
<CP of DelSqRho>
CP# = 4       
Type = (3,+1)
Coords =  4.38486635311603E+00  3.13266483352475E-01 -9.35990213606839E-01
DistFromNuc =  1.1588885146E+00
Rho =  4.0639581923E-01
DelSqRho = -9.1747987729E-01
GradDelSqRho = -2.2204460493E-16 -6.1756155745E-16 -4.9960036108E-16
HessDelSqRho_EigVals = -2.9946514854E+01  1.4117052054E+01  1.4909519210E+01
HessDelSqRho_EigVec1 = -5.9435075808E-01 -4.3822217603E-02  8.0301107689E-01
HessDelSqRho_EigVec2 = -7.2962954796E-02  9.9733456179E-01  4.2318805422E-04
HessDelSqRho_EigVec3 =  8.0088924552E-01  5.8338538763E-02  5.9596395134E-01
</CP of DelSqRho>
<CP of DelSqRho>
CP# = 5       
Type = (3,-1)
Coords =  3.87156033407163E+00  2.75030046449287E-01  3.25059444340834E-05
DistFromNuc =  1.6857390558E-01
Rho =  2.2373019122E+01
DelSqRho =  1.2574056835E+03
GradDelSqRho =  7.9865003499E-12  9.4146912488E-13  6.5919492087E-16
HessDelSqRho_EigVals = -4.1169888400E+05 -2.0693065217E+03  1.0927879470E+03
HessDelSqRho_EigVec1 =  9.9744185919E-01  7.1482407903E-02  5.3901200978E-05
HessDelSqRho_EigVec2 = -7.1482414337E-02  9.9744185187E-01  1.2877131543E-04
HessDelSqRho_EigVec3 = -4.4558430025E-05 -1.3229488825E-04  9.9999999026E-01
</CP of DelSqRho>
<CP of DelSqRho>
CP# = 6       
Type = (3,-1)
Coords =  3.53674802867763E+00  2.50737741303468E-01  1.04493233190527E-05
DistFromNuc =  1.6711863508E-01
Rho =  2.2694691925E+01
DelSqRho =  1.2898257378E+03
GradDelSqRho =  3.0581759347E-11  9.1660012913E-13  5.1370019349E-13
HessDelSqRho_EigVals = -4.4682053865E+05 -3.2892034067E+03  2.1340257673E+02
HessDelSqRho_EigVec1 =  9.9731377688E-01  7.3247692392E-02  7.7513686499E-05
HessDelSqRho_EigVec2 = -7.3247701922E-02  9.9731377095E-01  1.2820995274E-04
HessDelSqRho_EigVec3 = -6.7914383803E-05 -1.3354325160E-04  9.9999998878E-01
</CP of DelSqRho>
<CP of DelSqRho>
CP# = 7       
Type = (3,+1)
Coords =  3.72730293175520E+00  4.29526119073021E-01  4.62774332625273E-05
DistFromNuc =  1.6825310898E-01
Rho =  2.2583451237E+01
DelSqRho =  1.2341983714E+03
GradDelSqRho =  0.0000000000E+00 -1.2619238987E-11  1.0547118734E-15
HessDelSqRho_EigVals = -4.1423804378E+05  2.5324162476E+03  3.2909455254E+03
HessDelSqRho_EigVec1 =  1.3834769788E-01  9.9038371153E-01  1.3575131609E-04
HessDelSqRho_EigVec2 =  9.9038371965E-01 -1.3834770311E-01  2.9869801972E-05
HessDelSqRho_EigVec3 = -4.8363448116E-05 -1.3031347504E-04  9.9999999034E-01
</CP of DelSqRho>
<CP of DelSqRho>
CP# = 8       
Type = (3,+1)
Coords =  3.75121209326840E+00  1.01660357909057E-01  4.03534809107290E-06
DistFromNuc =  1.6824786224E-01
Rho =  2.2584597307E+01
DelSqRho =  1.2343179407E+03
GradDelSqRho = -5.5706550484E-12  6.0254023992E-12 -5.2458037914E-15
HessDelSqRho_EigVals = -4.1436091266E+05  2.5279061568E+03  3.2868837075E+03
HessDelSqRho_EigVec1 = -2.8056624326E-01  9.5983465753E-01  1.1551457974E-04
HessDelSqRho_EigVec2 =  9.5983466337E-01  2.8056623511E-01  8.1901941560E-05
HessDelSqRho_EigVec3 = -4.6202831289E-05 -1.3385381782E-04  9.9999998997E-01
</CP of DelSqRho>
<CP of DelSqRho>
CP# = 9       
Type = (3,-3)
Coords =  3.57230605402425E+00  2.53317340078805E-01  1.03422776220270E-01
DistFromNuc =  1.6725742159E-01
Rho =  2.2645089820E+01
DelSqRho =  1.2904559599E+03
GradDelSqRho =  7.6170181273E-12  5.6843418861E-14 -6.2527760747E-13
HessDelSqRho_EigVals = -4.4375333617E+05 -3.4684832551E+03 -3.6680821527E+02
HessDelSqRho_EigVec1 =  7.8535931604E-01  5.7871373023E-02 -6.1632917252E-01
HessDelSqRho_EigVec2 = -7.3121366973E-02  9.9732293890E-01  4.7036726546E-04
HessDelSqRho_EigVec3 =  6.1470644246E-01  4.4697424286E-02  7.8748849506E-01
</CP of DelSqRho>
<CP of DelSqRho>
CP# = 10      
Type = (3,-3)
Coords =  3.57231218295778E+00  2.53344389314505E-01 -1.03386212758335E-01
DistFromNuc =  1.6725741732E-01
Rho =  2.2645091987E+01
DelSqRho =  1.2904557622E+03
GradDelSqRho =  1.3642420527E-11  6.7501559897E-13  3.5811353882E-12
HessDelSqRho_EigVals = -4.4375339408E+05 -3.4684647072E+03 -3.6676647594E+02
HessDelSqRho_EigVec1 =  7.8532277547E-01  5.7710137581E-02  6.1639084869E-01
HessDelSqRho_EigVec2 = -7.3121450949E-02  9.9732302077E-01 -2.1367600775E-04
HessDelSqRho_EigVec3 = -6.1475311447E-01 -4.4903588573E-02  7.8744033170E-01
</CP of DelSqRho>
<CP of DelSqRho>
CP# = 11      
Type = (3,-1)
Coords =  4.42469323916703E+00  3.15443024056788E-01  5.12773561934721E-05
DistFromNuc =  7.2318105031E-01
Rho =  6.6887292536E-01
DelSqRho = -1.0144627884E+00
GradDelSqRho =  2.8421709430E-14  1.9984014443E-15  8.4716847253E-16
HessDelSqRho_EigVals = -1.8898387093E+01 -6.3851935404E+00  1.3560193495E+02
HessDelSqRho_EigVec1 = -3.0452239730E-05 -1.2324190457E-04  9.9999999194E-01
HessDelSqRho_EigVec2 = -7.2477554309E-02  9.9737003642E-01  1.2071067996E-04
HessDelSqRho_EigVec3 =  9.9737004326E-01  7.2477550049E-02  3.9304423281E-05
</CP of DelSqRho>
<CP of DelSqRho>
CP# = 12      
Type = (3,+1)
Coords =  3.02658388052859E+00  2.13894847638946E-01 -4.42017220118216E-08
DistFromNuc =  6.7861131582E-01
Rho =  8.1515341445E-01
DelSqRho = -3.0885261789E+00
GradDelSqRho = -3.9079850467E-14  1.3322676296E-15 -1.3300450151E-16
HessDelSqRho_EigVals = -6.4916171698E+00  1.6640388729E+01  2.1577746352E+02
HessDelSqRho_EigVec1 = -7.2376220158E-02  9.9737739445E-01  1.2564640447E-04
HessDelSqRho_EigVec2 = -2.7118614798E-05 -1.2794469470E-04  9.9999999145E-01
HessDelSqRho_EigVec3 =  9.9737740200E-01  7.2376216132E-02  3.6307646760E-05
</CP of DelSqRho>
<CP of DelSqRho>
CP# = 13      
Type = (3,+3)
Coords =  3.47238836466584E+00  8.58952848743816E-01  9.33113655893186E-05
DistFromNuc =  6.3918844270E-01
Rho =  9.4904825223E-01
DelSqRho = -4.2493324605E+00
GradDelSqRho =  3.5527136788E-14 -1.4210854715E-14  1.3964523982E-16
HessDelSqRho_EigVals =  1.1411734630E+01  2.0828454512E+01  3.2528229766E+02
HessDelSqRho_EigVec1 =  9.4036326104E-01  3.4017191602E-01  6.9478225661E-05
HessDelSqRho_EigVec2 = -2.7583180794E-05 -1.2799414994E-04  9.9999999143E-01
HessDelSqRho_EigVec3 = -3.4017192200E-01  9.4036325490E-01  1.1097797277E-04
</CP of DelSqRho>
<CP of DelSqRho>
CP# = 14      
Type = (3,+3)
Coords =  3.56158364429755E+00 -3.60157304934893E-01 -6.16927013058064E-05
DistFromNuc =  6.3907222344E-01
Rho =  9.4953934546E-01
DelSqRho = -4.2549063538E+00
GradDelSqRho =  2.6645352591E-15  1.7763568394E-14 -9.7144514655E-17
HessDelSqRho_EigVals =  1.1457481532E+01  2.0865092938E+01  3.2586933535E+02
HessDelSqRho_EigVec1 =  9.7983851803E-01 -1.9979108711E-01 -9.3112892325E-06
HessDelSqRho_EigVec2 = -1.7601912808E-05 -1.3293046098E-04  9.9999999101E-01
HessDelSqRho_EigVec3 =  1.9979108655E-01  9.7983850906E-01  1.3376709118E-04
</CP of DelSqRho>
<CP of DelSqRho>
CP# = 15      
Type = (3,-1)
Coords =  3.42661976608856E+00  2.42849509347521E-01  6.60018667954104E-01
DistFromNuc =  7.1597208788E-01
Rho =  6.7304714455E-01
DelSqRho = -1.0295508787E+00
GradDelSqRho =  1.8429702209E-14 -1.5959455979E-16 -1.4210854715E-14
HessDelSqRho_EigVals = -1.4785891186E+01 -1.1928551952E+01  1.4265106882E+02
HessDelSqRho_EigVec1 =  9.1219699695E-01  6.7205161166E-02  4.0420304930E-01
HessDelSqRho_EigVec2 = -7.3338090502E-02  9.9730708823E-01 -3.1023437193E-04
HessDelSqRho_EigVec3 = -4.0313541551E-01 -2.9360484949E-02  9.1466922911E-01
</CP of DelSqRho>
<CP of DelSqRho>
CP# = 16      
Type = (3,-1)
Coords =  3.42665623900159E+00  2.43019751158780E-01 -6.59991423304248E-01
DistFromNuc =  7.1597129620E-01
Rho =  6.7304735200E-01
DelSqRho = -1.0295450695E+00
GradDelSqRho =  4.8849813084E-15  4.4408920985E-16  1.5987211555E-14
HessDelSqRho_EigVals = -1.4785820722E+01 -1.1928694809E+01  1.4265170798E+02
HessDelSqRho_EigVec1 =  9.1222070671E-01  6.7283865416E-02 -4.0413644195E-01
HessDelSqRho_EigVec2 = -7.3315023501E-02  9.9730867941E-01  5.5253718975E-04
HessDelSqRho_EigVec3 =  4.0308595806E-01  2.9125236873E-02  9.1469854651E-01
</CP of DelSqRho>
<CP of DelSqRho>
CP# = 17      
Type = (3,+1)
Coords =  4.02776887248804E+00 -1.18103981724526E-01  4.74552722219658E-01
DistFromNuc =  6.8964072378E-01
Rho =  7.8778799969E-01
DelSqRho = -2.6288362780E+00
GradDelSqRho = -2.7533531011E-14 -3.5527136788E-14 -3.9079850467E-14
HessDelSqRho_EigVals = -1.2051688416E+01  1.4200496206E+01  1.8931102352E+02
HessDelSqRho_EigVec1 =  3.9722603152E-01  7.7240747847E-01  4.9557861847E-01
HessDelSqRho_EigVec2 = -8.0736552997E-01  3.7385961442E-02  5.8886602119E-01
HessDelSqRho_EigVec3 =  4.3631683546E-01 -6.3402600664E-01  6.3846585030E-01
</CP of DelSqRho>
<CP of DelSqRho>
CP# = 18      
Type = (3,+1)
Coords =  4.02779657460742E+00 -1.17981217232174E-01 -4.74585215963975E-01
DistFromNuc =  6.8964052716E-01
Rho =  7.8778946610E-01
DelSqRho = -2.6288629749E+00
GradDelSqRho = -2.2870594307E-14 -4.1744385726E-14  5.5067062021E-14
HessDelSqRho_EigVals = -1.2051474311E+01  1.4200773374E+01  1.8931166272E+02
HessDelSqRho_EigVec1 =  3.9725666520E-01  7.7253481194E-01 -4.9535553524E-01
HessDelSqRho_EigVec2 = -8.0733104579E-01  3.7540100230E-02 -5.8890349242E-01
HessDelSqRho_EigVec3 = -4.3635275233E-01  6.3386173983E-01  6.3860439266E-01
</CP of DelSqRho>
<CP of DelSqRho>
CP# = 19      
Type = (3,+1)
Coords =  3.96878348295772E+00  6.87547542116683E-01  4.74263108604651E-01
DistFromNuc =  6.8962477832E-01
Rho =  7.8783759633E-01
DelSqRho = -2.6290314674E+00
GradDelSqRho = -2.1533885786E-12  6.3824501240E-12  2.8972380051E-12
HessDelSqRho_EigVals = -1.2037906550E+01  1.4195506128E+01  1.8930949463E+02
HessDelSqRho_EigVec1 =  5.0545857700E-01 -7.0601716509E-01  4.9603567365E-01
HessDelSqRho_EigVec2 = -7.9332189555E-01 -1.5417055545E-01  5.8895824120E-01
HessDelSqRho_EigVec3 =  3.3934053248E-01  6.9120995539E-01  6.3802570527E-01
</CP of DelSqRho>
<CP of DelSqRho>
CP# = 20      
Type = (3,+1)
Coords =  3.96881097919346E+00  6.87669122395565E-01 -4.74092779394407E-01
DistFromNuc =  6.8962531922E-01
Rho =  7.8783625291E-01
DelSqRho = -2.6290233433E+00
GradDelSqRho = -2.4205082383E-12  5.1816329005E-12 -1.8989254613E-12
HessDelSqRho_EigVals = -1.2038006332E+01  1.4195441517E+01  1.8930874932E+02
HessDelSqRho_EigVec1 =  5.0548839479E-01 -7.0589000972E-01 -4.9618623209E-01
HessDelSqRho_EigVec2 =  7.9328751802E-01  1.5402167636E-01  5.8904349327E-01
HessDelSqRho_EigVec3 =  3.3937648194E-01  6.9137299440E-01 -6.3782990375E-01
</CP of DelSqRho>
<CP of DelSqRho>
CP# = 21      
Type = (3,+3)
Coords =  4.11695426470705E+00  2.93438938769333E-01  5.91149613208992E-01
DistFromNuc =  7.2205986108E-01
Rho =  7.5506809296E-01
DelSqRho = -3.0638643060E+00
GradDelSqRho = -3.5638159090E-14 -2.4980018054E-16 -1.3322676296E-14
HessDelSqRho_EigVals =  1.0471409622E+01  2.2913875828E+01  1.4147205826E+02
HessDelSqRho_EigVec1 = -7.3028571198E-02  9.9732977906E-01 -3.7360659478E-04
HessDelSqRho_EigVec2 =  8.2306403500E-01  6.0056555055E-02 -5.6476437961E-01
HessDelSqRho_EigVec3 =  5.6323389642E-01  4.1551437858E-02  8.2525211659E-01
</CP of DelSqRho>
<CP of DelSqRho>
CP# = 22      
Type = (3,+3)
Coords =  4.11698975245579E+00  2.93584754571946E-01 -5.91070776887611E-01
DistFromNuc =  7.2206016803E-01
Rho =  7.5506815161E-01
DelSqRho = -3.0638704313E+00
GradDelSqRho =  2.1205259770E-14  2.5326962749E-15 -3.4638958368E-14
HessDelSqRho_EigVals =  1.0471361018E+01  2.2913931605E+01  1.4147190803E+02
HessDelSqRho_EigVec1 = -7.3019869204E-02  9.9733029580E-01  6.1625728011E-04
HessDelSqRho_EigVec2 =  8.2303217684E-01  5.9909564329E-02  5.6482641580E-01
HessDelSqRho_EigVec3 = -5.6328157664E-01 -4.1750750575E-02  8.2520951294E-01
</CP of DelSqRho>
<CP of DelSqRho>
CP# = 23      
Type = (3,+1)
Coords =  2.47253406049406E+00  1.75294346651379E-01  3.35796272010303E-06
DistFromNuc =  1.2340029253E+00
Rho =  2.4379838756E-01
DelSqRho =  4.0477393119E-01
GradDelSqRho = -6.1062266354E-15  2.7755575616E-17 -3.2602298140E-17
HessDelSqRho_EigVals = -1.0744089782E+01  3.9504510080E-01  9.4719993270E-01
HessDelSqRho_EigVec1 =  9.9746878428E-01  7.1105725436E-02  1.4236040995E-05
HessDelSqRho_EigVec2 = -7.1105726646E-02  9.9746877685E-01  1.2186396970E-04
HessDelSqRho_EigVec3 = -5.5347804284E-06 -1.2256776974E-04  9.9999999247E-01
</CP of DelSqRho>
<CP of DelSqRho>
CP# = 24      
Type = (3,-3)
Coords =  3.28521003350920E+00  2.32109508397763E-01  1.06441190250003E+00
DistFromNuc =  1.1440163605E+00
Rho =  2.4590559798E-01
DelSqRho =  8.2541717330E-01
GradDelSqRho =  1.8255397194E-12  1.2468082122E-12 -3.3719138592E-12
HessDelSqRho_EigVals = -1.7386594664E+01 -1.8435296059E+00 -4.6701693285E-01
HessDelSqRho_EigVec1 = -4.0844927119E-01 -3.0092796697E-02  9.1228483296E-01
HessDelSqRho_EigVec2 =  9.0983574690E-01  6.6802237814E-02  4.0955631442E-01
HessDelSqRho_EigVec3 = -7.3267363271E-02  9.9731233052E-01  9.4176810280E-05
</CP of DelSqRho>
<CP of DelSqRho>
CP# = 25      
Type = (3,-3)
Coords =  3.28526971916966E+00  2.32372285947106E-01 -1.06439387544533E+00
DistFromNuc =  1.1440143012E+00
Rho =  2.4590513486E-01
DelSqRho =  8.2542540518E-01
GradDelSqRho =  8.7013729555E-14 -5.0700763032E-13 -1.0538792061E-13
HessDelSqRho_EigVals = -1.7386851871E+01 -1.8434805822E+00 -4.6704317917E-01
HessDelSqRho_EigVec1 =  4.0839918235E-01  2.9866443858E-02  9.1231469537E-01
HessDelSqRho_EigVec2 =  9.0985786691E-01  6.6908805809E-02 -4.0948977243E-01
HessDelSqRho_EigVec3 = -7.3271890088E-02  9.9731199092E-01  1.5128268373E-04
</CP of DelSqRho>
<CP of DelSqRho>
CP# = 26      
Type = (3,-1)
Coords =  3.73192449168438E+00  1.20421247439398E+00  7.27373597678727E-01
DistFromNuc =  1.1898634952E+00
Rho =  2.4375074344E-01
DelSqRho =  7.1999820405E-01
GradDelSqRho =  2.8449465006E-16 -1.2212453271E-15  1.9428902931E-16
HessDelSqRho_EigVals = -1.7216498738E+01 -1.2429740706E+00  2.7718954609E-01
HessDelSqRho_EigVec1 =  1.2745745052E-04  7.9621449885E-01  6.0501442592E-01
HessDelSqRho_EigVec2 =  7.3477613443E-01 -4.1046171328E-01  5.4002334597E-01
HessDelSqRho_EigVec3 =  6.7830967561E-01  4.4448133115E-01 -5.8509172805E-01
</CP of DelSqRho>
<CP of DelSqRho>
CP# = 27      
Type = (3,-1)
Coords =  3.86850311074130E+00 -6.63861832874741E-01  7.27622838999009E-01
DistFromNuc =  1.1898252999E+00
Rho =  2.4374400297E-01
DelSqRho =  7.2023707238E-01
GradDelSqRho =  3.1086244690E-15 -2.2759572005E-15 -3.4694469520E-15
HessDelSqRho_EigVals = -1.7222289703E+01 -1.2419661253E+00  2.7698566014E-01
HessDelSqRho_EigVec1 = -1.1594496403E-01  7.8752257875E-01 -6.0528088791E-01
HessDelSqRho_EigVec2 =  6.6721537075E-01  5.1317868156E-01  5.3988081075E-01
HessDelSqRho_EigVec3 =  7.3578557634E-01 -3.4125625085E-01 -5.8494765313E-01
</CP of DelSqRho>
<CP of DelSqRho>
CP# = 28      
Type = (3,-1)
Coords =  3.73197761607262E+00  1.20440655845890E+00 -7.27074143626702E-01
DistFromNuc =  1.1898639275E+00
Rho =  2.4375042116E-01
DelSqRho =  7.1999530109E-01
GradDelSqRho =  3.2612801348E-16  1.6098233857E-15 -1.4710455076E-15
HessDelSqRho_EigVals = -1.7216468160E+01 -1.2429373469E+00  2.7720580371E-01
HessDelSqRho_EigVec1 =  1.7203297322E-04  7.9637601798E-01 -6.0480179265E-01
HessDelSqRho_EigVec2 = -7.3480558802E-01  4.1032428716E-01  5.4008770323E-01
HessDelSqRho_EigVec3 =  6.7827775890E-01  4.4431882399E-01  5.8525213749E-01
</CP of DelSqRho>
<CP of DelSqRho>
CP# = 29      
Type = (3,-1)
Coords =  3.86856410233891E+00 -6.63688749449905E-01 -7.27783167281423E-01
DistFromNuc =  1.1898256613E+00
Rho =  2.4374391436E-01
DelSqRho =  7.2023728880E-01
GradDelSqRho =  9.7144514655E-16  9.4368957093E-16  1.5543122345E-15
HessDelSqRho_EigVals = -1.7222396884E+01 -1.2419135787E+00  2.7699414846E-01
HessDelSqRho_EigVec1 = -1.1599654844E-01  7.8737919486E-01  6.0545751648E-01
HessDelSqRho_EigVec2 = -6.6723998713E-01 -5.1331645356E-01  5.3971938828E-01
HessDelSqRho_EigVec3 =  7.3575512253E-01 -3.4137987933E-01  5.8491382071E-01
</CP of DelSqRho>
<CP of DelSqRho>
CP# = 30      
Type = (3,-3)
Coords =  4.81816714977268E+00  5.81569830244210E-01  9.87443218700187E-05
DistFromNuc =  1.1593823103E+00
Rho =  2.4918443665E-01
DelSqRho =  8.6336723267E-01
GradDelSqRho = -1.7763568394E-15 -8.3266726847E-16  5.8428332702E-17
HessDelSqRho_EigVals = -1.7125148409E+01 -3.4651002648E+00 -5.1765620008E-02
HessDelSqRho_EigVec1 =  9.6210868369E-01  2.7266623669E-01  6.4308467501E-05
HessDelSqRho_EigVec2 = -3.0540931912E-05 -1.2808615972E-04  9.9999999133E-01
HessDelSqRho_EigVec3 = -2.7266624256E-01  9.6210867732E-01  1.1490532556E-04
</CP of DelSqRho>
<CP of DelSqRho>
CP# = 31      
Type = (3,-3)
Coords =  4.85184178652827E+00  1.04162116794720E-01  3.91057449540488E-05
DistFromNuc =  1.1593531114E+00
Rho =  2.4913702406E-01
DelSqRho =  8.6346157777E-01
GradDelSqRho =  6.5503158453E-15 -3.8857805862E-16 -1.0667793665E-16
HessDelSqRho_EigVals = -1.7139096497E+01 -3.4446966637E+00 -5.6151235418E-02
HessDelSqRho_EigVec1 =  9.9086455925E-01 -1.3486076162E-01  1.3760254952E-05
HessDelSqRho_EigVec2 = -3.1046826892E-05 -1.2607778129E-04  9.9999999157E-01
HessDelSqRho_EigVec3 =  1.3486075874E-01  9.9086455133E-01  1.2911300391E-04
</CP of DelSqRho>
<CP of DelSqRho>
CP# = 32      
Type = (3,-1)
Coords =  4.85890648588584E+00  3.54916714146173E-01  7.10797552733121E-05
DistFromNuc =  1.1591405597E+00
Rho =  2.4999654281E-01
DelSqRho =  8.6300045379E-01
GradDelSqRho = -1.9984014443E-15 -8.0491169285E-16  2.7226010617E-16
HessDelSqRho_EigVals = -1.6885361504E+01 -3.8336819372E+00  2.9084768210E-02
HessDelSqRho_EigVec1 =  9.9686075260E-01  7.9174732460E-02  4.0840724971E-05
HessDelSqRho_EigVec2 = -3.0872519805E-05 -1.2712542222E-04  9.9999999144E-01
HessDelSqRho_EigVec3 = -7.9174736974E-02  9.9686074533E-01  1.2428202058E-04
</CP of DelSqRho>
<CP of DelSqRho>
CP# = 33      
Type = (3,-1)
Coords =  4.10397774245099E+00  2.90497232288481E-01  1.97104052063601E+00
DistFromNuc =  2.0114954531E+00
Rho =  7.2703246508E-02
DelSqRho =  1.9016954846E-01
GradDelSqRho =  5.9362237348E-15  1.8537688745E-15 -2.8005375796E-14
HessDelSqRho_EigVals = -2.1624333839E+00 -1.9412271817E-02  4.8280406799E-01
HessDelSqRho_EigVec1 = -3.4842427956E-01 -2.7431254789E-02  9.3693545545E-01
HessDelSqRho_EigVec2 = -7.4755966804E-02  9.9720088120E-01  1.3956965381E-03
HessDelSqRho_EigVec3 =  9.3435114750E-01  6.9555221244E-02  3.4949964858E-01
</CP of DelSqRho>
<CP of DelSqRho>
CP# = 34      
Type = (3,-1)
Coords =  4.10410362256514E+00  2.90930447574753E-01 -1.97095688587071E+00
DistFromNuc =  2.0114904546E+00
Rho =  7.2703648712E-02
DelSqRho =  1.9017155838E-01
GradDelSqRho =  3.4937330806E-15  9.1680135705E-16  1.4648005031E-14
HessDelSqRho_EigVals = -2.1624568950E+00 -1.9418751853E-02  4.8280354345E-01
HessDelSqRho_EigVec1 =  3.4836632850E-01  2.7260021699E-02  9.3696200157E-01
HessDelSqRho_EigVec2 = -7.4812235142E-02  9.9719691970E-01 -1.1970026355E-03
HessDelSqRho_EigVec3 =  9.3436825216E-01  6.9679226167E-02 -3.4942921287E-01
</CP of DelSqRho>
<CP of DelSqRho>
CP# = 35      
Type = (3,+1)
Coords =  4.81463527296021E+00 -5.37055024327143E-01  1.46127658323671E+00
DistFromNuc =  2.0025274313E+00
Rho =  7.1473359071E-02
DelSqRho =  1.8285281340E-01
GradDelSqRho = -1.5959455979E-16 -5.7245874707E-17 -4.3628295421E-16
HessDelSqRho_EigVals = -1.7164501501E+00  2.1483086560E-02  5.8986362550E-01
HessDelSqRho_EigVec1 = -3.9671531524E-01  7.7985242581E-01 -4.8419743144E-01
HessDelSqRho_EigVec2 = -8.0477460398E-01 -4.1762360482E-02  5.9210956929E-01
HessDelSqRho_EigVec3 =  4.4153685628E-01  6.2456873057E-01  6.4417319514E-01
</CP of DelSqRho>
<CP of DelSqRho>
CP# = 36      
Type = (3,+1)
Coords =  4.81475333205078E+00 -5.36679876163220E-01 -1.46134146416061E+00
DistFromNuc =  2.0025246402E+00
Rho =  7.1473758303E-02
DelSqRho =  1.8285318399E-01
GradDelSqRho = -4.7704895589E-17 -5.7766291750E-16 -1.0928757899E-16
HessDelSqRho_EigVals = -1.7164563822E+00  2.1487768691E-02  5.8986490162E-01
HessDelSqRho_EigVec1 = -3.9677216803E-01  7.7972784622E-01  4.8435145557E-01
HessDelSqRho_EigVec2 =  8.0473741558E-01  4.1655766150E-02  5.9216761910E-01
HessDelSqRho_EigVec3 =  4.4155355127E-01  6.2473136865E-01 -6.4400402047E-01
</CP of DelSqRho>
<CP of DelSqRho>
CP# = 37      
Type = (3,+1)
Coords =  4.68655769057326E+00  1.21688953516604E+00  1.46089867525061E+00
DistFromNuc =  2.0026656060E+00
Rho =  7.1466298050E-02
DelSqRho =  1.8278328035E-01
GradDelSqRho =  1.2186432419E-14  3.1771460463E-14 -1.0464112216E-13
HessDelSqRho_EigVals = -1.7152475389E+00  2.1556566316E-02  5.8998438822E-01
HessDelSqRho_EigVec1 =  2.7931888689E-01  8.2929183700E-01  4.8400000880E-01
HessDelSqRho_EigVec2 = -8.0236137634E-01 -7.5301364461E-02  5.9206919044E-01
HessDelSqRho_EigVec3 =  5.2744400763E-01 -5.5371902044E-01  6.4435864641E-01
</CP of DelSqRho>
<CP of DelSqRho>
CP# = 38      
Type = (3,+1)
Coords =  4.68662025694727E+00  1.21725977836495E+00 -1.46056445168409E+00
DistFromNuc =  2.0026631030E+00
Rho =  7.1466681869E-02
DelSqRho =  1.8278262052E-01
GradDelSqRho =  4.4416727241E-14  1.2379333669E-13  1.2150176698E-13
HessDelSqRho_EigVals = -1.7152339566E+00  2.1562989120E-02  5.8999078833E-01
HessDelSqRho_EigVec1 =  2.7932559538E-01  8.2941181641E-01 -4.8379050276E-01
HessDelSqRho_EigVec2 =  8.0231805076E-01  7.5191413480E-02  5.9214187217E-01
HessDelSqRho_EigVec3 =  5.2750635750E-01 -5.5355423414E-01 -6.4444918548E-01
</CP of DelSqRho>
<Path of -GradDelSqRho>
Starting CP# =      3
Ending CP# =      0
Number of Points =     30
  4.3848088764E+00  3.1302796782E-01  9.3609338765E-01  4.0639411217E-01 -9.1746673537E-01
  4.3996707705E+00  3.1411869195E-01  9.5616661396E-01  3.9575814967E-01 -9.2675995949E-01
  4.4145418761E+00  3.1521005164E-01  9.7623298239E-01  3.8612625068E-01 -9.5444360539E-01
  4.4294221689E+00  3.1630204135E-01  9.9629250464E-01  3.7746769280E-01 -1.0003708852E+00
  4.4443113428E+00  3.1739463599E-01  1.0163454029E+00  3.6974789833E-01 -1.0645747026E+00
  4.4592088520E+00  3.1848779421E-01  1.0363920788E+00  3.6292856784E-01 -1.1472019341E+00
  4.4741139694E+00  3.1958146286E-01  1.0564330707E+00  3.5696768900E-01 -1.2483768396E+00
  4.4890258554E+00  3.2067558216E-01  1.0764690023E+00  3.5181951289E-01 -1.3679665715E+00
  4.5039436343E+00  3.2177009159E-01  1.0965005254E+00  3.4743466107E-01 -1.5052200304E+00
  4.5188664743E+00  3.2286493606E-01  1.1165282602E+00  3.4376062734E-01 -1.6582701532E+00
  4.5337936706E+00  3.2396007263E-01  1.1365527323E+00  3.4074306252E-01 -1.8235507266E+00
  4.5487247370E+00  3.2505547823E-01  1.1565743042E+00  3.3832835051E-01 -1.9953052396E+00
  4.5636595152E+00  3.2615115919E-01  1.1765930924E+00  3.3646802870E-01 -2.1655643433E+00
  4.5785983083E+00  3.2724716256E-01  1.1966088670E+00  3.3512545717E-01 -2.3252012029E+00
  4.5935419228E+00  3.2834357581E-01  1.2166210199E+00  3.3428464636E-01 -2.4668242272E+00
  4.6084908758E+00  3.2944043823E-01  1.2366291605E+00  3.3396018493E-01 -2.5901388681E+00
  4.6234420674E+00  3.3053740771E-01  1.2566356227E+00  3.3420578175E-01 -2.7097953376E+00
  4.6383872467E+00  3.3163366037E-01  1.2766466155E+00  3.3511732284E-01 -2.8645583270E+00
  4.6533221664E+00  3.3272883324E-01  1.2966653257E+00  3.3682512251E-01 -3.1250944138E+00
  4.6682492135E+00  3.3382321462E-01  1.3166899503E+00  3.3947004809E-01 -3.5962908181E+00
  4.6831714900E+00  3.3491713090E-01  1.3367181556E+00  3.4316028172E-01 -4.4094419159E+00
  4.6980908834E+00  3.3601077314E-01  1.3567485237E+00  3.4791003261E-01 -5.7003970166E+00
  4.7130084051E+00  3.3710424136E-01  1.3767802953E+00  3.5356835602E-01 -7.5722911431E+00
  4.7279245990E+00  3.3819758854E-01  1.3968130623E+00  3.5975431220E-01 -1.0046382709E+01
  4.7428397620E+00  3.3929084341E-01  1.4168466018E+00  3.6582167449E-01 -1.3012211073E+01
  4.7577540473E+00  3.4038402101E-01  1.4368807990E+00  3.7087843624E-01 -1.6197167363E+01
  4.7726675019E+00  3.4147712701E-01  1.4569156184E+00  3.7387884938E-01 -1.9179973010E+01
  4.7875800431E+00  3.4257015669E-01  1.4769511220E+00  3.7378604677E-01 -2.1464214690E+01
  4.8024912037E+00  3.4366307693E-01  1.4969876589E+00  3.6977503944E-01 -2.2603431074E+01
  4.8069637548E+00  3.4399089354E-01  1.5029992163E+00  3.6773121883E-01 -2.2676218578E+01
</Path of -GradDelSqRho>
<Path of -GradDelSqRho>
Starting CP# =      3
Ending CP# =     21
Number of Points =     18
  4.3848088764E+00  3.1302796782E-01  9.3609338765E-01  4.0639411217E-01 -9.1746673537E-01
  4.3699556178E+00  3.1193784284E-01  9.1601373808E-01  4.1806070295E-01 -9.2690398944E-01
  4.3551107093E+00  3.1084830019E-01  8.9592788287E-01  4.3077985077E-01 -9.5557714244E-01
  4.3402732361E+00  3.0975927879E-01  8.7583650625E-01  4.4456820329E-01 -1.0040927249E+00
  4.3254419639E+00  3.0867069449E-01  8.5574052789E-01  4.5943635898E-01 -1.0730600523E+00
  4.3106153347E+00  3.0758243972E-01  8.3564110587E-01  4.7538803151E-01 -1.1629603920E+00
  4.2957914458E+00  3.0649438202E-01  8.1553965194E-01  4.9241922730E-01 -1.2739859754E+00
  4.2809680001E+00  3.0540636045E-01  7.9543786928E-01  5.1051753700E-01 -1.4058530162E+00
  4.2661422085E+00  3.0431817894E-01  7.7533782544E-01  5.2966166172E-01 -1.5575952701E+00
  4.2513106212E+00  3.0322959452E-01  7.5524207979E-01  5.4982131236E-01 -1.7273471783E+00
  4.2364688405E+00  3.0214029748E-01  7.3515390023E-01  5.7095763392E-01 -1.9121276787E+00
  4.2216110279E+00  3.0104987724E-01  7.1507763720E-01  5.9302431456E-01 -2.1076364437E+00
  4.2067290115E+00  2.9995776081E-01  6.9501940308E-01  6.1596954000E-01 -2.3080720145E+00
  4.1918105375E+00  2.9886309222E-01  6.7498841271E-01  6.3973894243E-01 -2.5059730832E+00
  4.1768354036E+00  2.9776446655E-01  6.5499997285E-01  6.6427965366E-01 -2.6920646293E+00
  4.1617652512E+00  2.9665922878E-01  6.3508347498E-01  6.8954539636E-01 -2.8550506707E+00
  4.1465075710E+00  2.9554100674E-01  6.1531120504E-01  7.1550131689E-01 -2.9812229487E+00
  4.1169542647E+00  2.9343893877E-01  5.9114961321E-01  7.5506809296E-01 -3.0638643060E+00
</Path of -GradDelSqRho>
<Path of -GradDelSqRho>
Starting CP# =      4
Ending CP# =     22
Number of Points =     18
  4.3848663531E+00  3.1326648335E-01 -9.3599021361E-01  4.0639581923E-01 -9.1747987729E-01
  4.3700118325E+00  3.1217122219E-01 -9.1591177719E-01  4.1806243045E-01 -9.2691726386E-01
  4.3551656607E+00  3.1107654122E-01 -8.9582713502E-01  4.3078160105E-01 -9.5559079650E-01
  4.3403269232E+00  3.0998237936E-01 -8.7573697149E-01  4.4456997818E-01 -1.0041069742E+00
  4.3254943854E+00  3.0888865255E-01 -8.5564220643E-01  4.5943815967E-01 -1.0730750746E+00
  4.3106664894E+00  3.0779525331E-01 -8.3554399817E-01  4.7538985844E-01 -1.1629763194E+00
  4.2958413325E+00  3.0670204926E-01 -8.1544375871E-01  4.9242108011E-01 -1.2740028866E+00
  4.2810166172E+00  3.0560887961E-01 -7.9534319162E-01  5.1051941444E-01 -1.4058709272E+00
  4.2661895545E+00  3.0451554840E-01 -7.7524436490E-01  5.2966356164E-01 -1.5576141252E+00
  4.2513566942E+00  3.0342181275E-01 -7.5514983853E-01  5.4982323173E-01 -1.7273668404E+00
  4.2365136384E+00  3.0232736302E-01 -7.3506288121E-01  5.7095956880E-01 -1.9121479203E+00
  4.2216545480E+00  3.0123178863E-01 -7.1498784454E-01  5.9302626027E-01 -2.1076569387E+00
  4.2067712501E+00  3.0013451646E-01 -6.9493084259E-01  6.1597149117E-01 -2.3080923301E+00
  4.1918514897E+00  2.9903469014E-01 -6.7490109291E-01  6.3974089322E-01 -2.5059926728E+00
  4.1768750618E+00  2.9793090379E-01 -6.5491390695E-01  6.6428159791E-01 -2.6920828236E+00
  4.1618036020E+00  2.9682049998E-01 -6.3499868580E-01  6.8954732762E-01 -2.8550666631E+00
  4.1465445853E+00  2.9569709940E-01 -6.1522774094E-01  7.1550322737E-01 -2.9812357670E+00
  4.1169897525E+00  2.9358475457E-01 -5.9107077689E-01  7.5506815161E-01 -3.0638704313E+00
</Path of -GradDelSqRho>
<Path of -GradDelSqRho>
Starting CP# =      4
Ending CP# =      0
Number of Points =     30
  4.3848663531E+00  3.1326648335E-01 -9.3599021361E-01  4.0639581923E-01 -9.1747987729E-01
  4.3997295082E+00  3.1436234159E-01 -9.5606222657E-01  3.9575983904E-01 -9.2677324134E-01
  4.4146018738E+00  3.1545883329E-01 -9.7612738138E-01  3.8612792535E-01 -9.5445731872E-01
  4.4294834256E+00  3.1655595302E-01 -9.9618568968E-01  3.7746935589E-01 -1.0003853336E+00
  4.4443738577E+00  3.1765367581E-01 -1.0162373736E+00  3.6974955295E-01 -1.0645901922E+00
  4.4592726242E+00  3.1875196051E-01 -1.0362828349E+00  3.6293021691E-01 -1.1472187597E+00
  4.4741789982E+00  3.1985075413E-01 -1.0563226118E+00  3.5696933512E-01 -1.2483952626E+00
  4.4890921403E+00  3.2094999712E-01 -1.0763573280E+00  3.5182115824E-01 -1.3679867860E+00
  4.5040111747E+00  3.2204962915E-01 -1.0963876355E+00  3.4743630732E-01 -1.5052421137E+00
  4.5189352697E+00  3.2314959531E-01 -1.1164141544E+00  3.4376227565E-01 -1.6582940012E+00
  4.5338637207E+00  3.2424985285E-01 -1.1364374105E+00  3.4074471370E-01 -1.8235759844E+00
  4.5487960413E+00  3.2535037878E-01 -1.1564577661E+00  3.3833000532E-01 -1.9953312576E+00
  4.5637320734E+00  3.2645117954E-01 -1.1764753380E+00  3.3646968846E-01 -2.1655902136E+00
  4.5786721196E+00  3.2755230215E-01 -1.1964898963E+00  3.3512712466E-01 -2.3252259601E+00
  4.5936169862E+00  3.2865383402E-01 -1.2165008330E+00  3.3428632692E-01 -2.4668473020E+00
  4.6085671903E+00  3.2975581435E-01 -1.2365077576E+00  3.3396188765E-01 -2.5901608530E+00
  4.6235196322E+00  3.3085790138E-01 -1.2565130040E+00  3.3420752036E-01 -2.7098190186E+00
  4.6384660637E+00  3.3195927225E-01 -1.2765227806E+00  3.3511911574E-01 -2.8645897785E+00
  4.6534022390E+00  3.3305956468E-01 -1.2965402732E+00  3.3682699123E-01 -3.1251437690E+00
  4.6683305448E+00  3.3415906669E-01 -1.3165636789E+00  3.3947201371E-01 -3.5963721935E+00
  4.6832540816E+00  3.3525810427E-01 -1.3365906648E+00  3.4316235894E-01 -4.4095719490E+00
  4.6981747363E+00  3.3635686823E-01 -1.3566198130E+00  3.4791222184E-01 -5.7005916341E+00
  4.7130935199E+00  3.3745545847E-01 -1.3766503646E+00  3.5357063488E-01 -7.5725605647E+00
  4.7280109759E+00  3.3855392789E-01 -1.3966819115E+00  3.5975662863E-01 -1.0046725396E+01
  4.7429274014E+00  3.3965230516E-01 -1.4167142309E+00  3.6582394436E-01 -1.3012608348E+01
  4.7578429493E+00  3.4075060534E-01 -1.4367472078E+00  3.7088054820E-01 -1.6197581373E+01
  4.7727576668E+00  3.4184883407E-01 -1.4567808070E+00  3.7388067850E-01 -1.9180350745E+01
  4.7876714708E+00  3.4294698667E-01 -1.4768150904E+00  3.7378747538E-01 -2.1464498993E+01
  4.8025838944E+00  3.4404503013E-01 -1.4968504073E+00  3.6977598064E-01 -2.2603576150E+01
  4.8070568245E+00  3.4437438390E-01 -1.5028615987E+00  3.6773200397E-01 -2.2676316519E+01
</Path of -GradDelSqRho>
<Path of -GradDelSqRho>
Starting CP# =      7
Ending CP# =     13
Number of Points =     31
  3.7273029318E+00  4.2952611907E-01  4.6277433263E-05  2.2583451237E+01  1.2341983714E+03
  3.7307404646E+00  4.5428865579E-01  4.9670813850E-05  1.5661200509E+01  1.1518385759E+03
  3.7341568214E+00  4.7905412551E-01  5.3063794340E-05  1.0969388078E+01  9.8161627571E+02
  3.7375677125E+00  5.0382034859E-01  5.6456678047E-05  7.7990203035E+00  7.7313051437E+02
  3.7409662436E+00  5.2858827032E-01  5.9849335303E-05  5.6649287031E+00  5.7207330249E+02
  3.7443403117E+00  5.5335953536E-01  6.3241537055E-05  4.2293389856E+00  4.0740288691E+02
  3.7476766437E+00  5.7813590937E-01  6.6633030417E-05  3.2610446459E+00  2.8437660935E+02
  3.7509617948E+00  6.0291911919E-01  7.0023554492E-05  2.6047960922E+00  1.9588025860E+02
  3.7541831159E+00  6.2771070376E-01  7.3412855553E-05  2.1570024756E+00  1.3271114645E+02
  3.7573280513E+00  6.5251209050E-01  7.6800670248E-05  1.8482153126E+00  8.7658056525E+01
  3.7603809920E+00  6.7732496351E-01  8.0186658163E-05  1.6315684535E+00  5.5809570544E+01
  3.7633186585E+00  7.0215173669E-01  8.3570295093E-05  1.4754211110E+00  3.3765951731E+01
  3.7661044067E+00  7.2699599117E-01  8.6950721945E-05  1.3585924008E+00  1.8974164272E+01
  3.7686799098E+00  7.5186286774E-01  9.0326489376E-05  1.2671262782E+00  9.4096862414E+00
  3.7709504400E+00  7.7675931778E-01  9.3695043232E-05  1.1920085446E+00  3.4722440014E+00
  3.7727553979E+00  8.0169351261E-01  9.7051542369E-05  1.1275431910E+00 -5.2703178951E-02
  3.7738010758E+00  8.2667003267E-01  1.0038569020E-04  1.0702326383E+00 -2.0381934715E+00
  3.7734739716E+00  8.5166198759E-01  1.0367098991E-04  1.0181009733E+00 -3.0782567101E+00
  3.7701390398E+00  8.7640178679E-01  1.0681046337E-04  9.7076065197E-01 -3.5589969039E+00
  3.7579781942E+00  8.9768719822E-01  1.0915964994E-04  9.3470124344E-01 -3.7366848676E+00
  3.7342684742E+00  9.0440928283E-01  1.0913868071E-04  9.2843301974E-01 -3.8216603711E+00
  3.7092770418E+00  9.0451714739E-01  1.0818175474E-04  9.3267274283E-01 -3.8965973332E+00
  3.6843092689E+00  9.0327470155E-01  1.0703603583E-04  9.3729782455E-01 -3.9650310016E+00
  3.6593963025E+00  9.0120321167E-01  1.0577512379E-04  9.4131921954E-01 -4.0266071453E+00
  3.6345619011E+00  8.9833965915E-01  1.0440926826E-04  9.4465258944E-01 -4.0809958635E+00
  3.6098312966E+00  8.9468666969E-01  1.0294529902E-04  9.4728406554E-01 -4.1279411720E+00
  3.5852300618E+00  8.9024527707E-01  1.0139123868E-04  9.4920939240E-01 -4.1672656802E+00
  3.5607840380E+00  8.8501668809E-01  9.9757037384E-05  9.5043070422E-01 -4.1988726134E+00
  3.5365193703E+00  8.7900240915E-01  9.8055410655E-05  9.5095628526E-01 -4.2227461853E+00
  3.5124625448E+00  8.7220431064E-01  9.6303368284E-05  9.5080036228E-01 -4.2389503921E+00
  3.4723883647E+00  8.5895284874E-01  9.3311365589E-05  9.4904825223E-01 -4.2493324605E+00
</Path of -GradDelSqRho>
<Path of -GradDelSqRho>
Starting CP# =      7
Ending CP# =      1
Number of Points =      7
  3.7273029318E+00  4.2952611907E-01  4.6277433263E-05  2.2583451237E+01  1.2341983714E+03
  3.7238192272E+00  4.0477003754E-01  4.2883177341E-05  3.2830919413E+01  9.8035587502E+02
  3.7202966852E+00  3.8001944913E-01  3.9488191511E-05  4.8105258490E+01 -8.1147677674E+02
  3.7167570739E+00  3.5527129502E-01  3.6092887421E-05  7.0798011332E+01 -6.4317649264E+03
  3.7132049470E+00  3.3052493473E-01  3.2697350812E-05  1.0448936514E+02 -2.0792272920E+04
  3.7096322395E+00  3.0578153697E-01  2.9301432174E-05  1.5503661006E+02 -7.5847406083E+04
  3.7034181232E+00  2.6297700875E-01  2.3425443599E-05  2.9716083708E+02 -3.3277116861E+06
</Path of -GradDelSqRho>
<Path of -GradDelSqRho>
Starting CP# =      8
Ending CP# =      1
Number of Points =      7
  3.7512120933E+00  1.0166035791E-01  4.0353480911E-06  2.2584597307E+01  1.2343179407E+03
  3.7441736630E+00  1.2564911093E-01  6.9213640058E-06  3.2832782190E+01  9.8039415359E+02
  3.7370975508E+00  1.4962677904E-01  9.8045046567E-06  4.8108291903E+01 -8.1190408345E+02
  3.7300048811E+00  1.7359955571E-01  1.2686379187E-05  7.0802850068E+01 -6.4331123719E+03
  3.7229000678E+00  1.9756873556E-01  1.5567323758E-05  1.0449710157E+02 -2.0797315219E+04
  3.7157752911E+00  2.2153198935E-01  1.8446737507E-05  1.5504865884E+02 -7.5864333510E+04
  3.7034181232E+00  2.6297700875E-01  2.3425443599E-05  2.9716083708E+02 -3.3277116861E+06
</Path of -GradDelSqRho>
<Path of -GradDelSqRho>
Starting CP# =      8
Ending CP# =     14
Number of Points =     31
  3.7512120933E+00  1.0166035791E-01  4.0353480911E-06  2.2584597307E+01  1.2343179407E+03
  3.7582057045E+00  7.7658498388E-02  1.1459227101E-06  1.5661921576E+01  1.1519405624E+03
  3.7651787459E+00  5.3650652137E-02 -1.7450634842E-06  1.0969859290E+01  9.8169842252E+02
  3.7721464766E+00  2.9641264049E-02 -4.6364520489E-06  7.7993500249E+00  7.7319462100E+02
  3.7791022053E+00  5.6283966429E-03 -7.5287500845E-06  5.6651857592E+00  5.7211884340E+02
  3.7860341772E+00 -1.8391338486E-02 -1.0422846839E-05  4.2295659377E+00  4.0743155384E+02
  3.7929294944E+00 -4.2421619877E-02 -1.3319714435E-05  3.2612660676E+00  2.8439195539E+02
  3.7997750819E+00 -6.6466112830E-02 -1.6220332705E-05  2.6050246657E+00  1.9588598889E+02
