 AIMInt (Version 19.02.13, Professional)
 Portions Copyright (c) 1997-2019 by Todd A. Keith
 AIMInt is a component of the AIMAll package ( http://aim.tkgristmill.com )

 TP:  64-bit Linux

 Licensed To:  Research Group of Fernando Cortes Guzman, UNAM, fercor@unam.mx

 AIMInt is a heavily modified and extended version of the PROAIMV program
 developed by members of R.F.W. Bader's research group

 Much of the Quantum Theory of Atoms in Molecules (QTAIM) is described in the book:
   "Atoms in Molecules - A Quantum Theory"
   R.F.W. Bader, Oxford University Press, Oxford, 1990

 For additional references see:  http://aim.tkgristmill.com/references.html

 Current Directory:  /home/scratch/M_H2O_4_cuadrado_plano/Opt

 Inp File:  Cr3_cuadrado_plano_cc pvtz-def2tzv_5_atomicfiles/o8.inp
 Wfx File:  Cr3_cuadrado_plano_cc pvtz-def2tzv_5.wfx
 Out File:  Cr3_cuadrado_plano_cc pvtz-def2tzv_5_atomicfiles/o8.int

 Wfx Title:   Cr3_cuadrado_plano_cc pvtz-def2tzv_5                                          
 Job Title:   Cr3_cuadrado_plano_cc pvtz-def2tzv_5                                          
 
<Atom>
O8      
</Atom>
<Nuclei of Molecule>
    13
Cr1       24.0           8.0398766641E-04  -2.0795321787E-03   4.6098276725E-05
O2         8.0          -3.7038329039E+00  -2.5206971704E-01   4.4526509545E-05
H3         1.0          -4.8126522075E+00  -3.3757098770E-01   1.5099601724E+00
O4         8.0           2.6587731972E-01  -3.7056339810E+00   6.1223316727E-05
H5         1.0          -1.1639497983E+00  -4.9262668376E+00  -7.9607366406E-04
O6         8.0           3.7034178784E+00   2.6297699003E-01   2.3425431894E-05
H7         1.0           4.8122982145E+00   3.4438149802E-01   1.5101707881E+00
O8         8.0          -2.6728518580E-01   3.7003497653E+00   2.0207716662E-05
H9         1.0           1.1617854845E+00   4.9218282747E+00  -4.5806164146E-04
H10        1.0          -4.8122743954E+00  -3.3541589400E-01  -1.5102651545E+00
H11        1.0           1.8549956447E+00  -4.7102122068E+00  -7.8913068401E-04
H12        1.0           4.8123901076E+00   3.4476670008E-01  -1.5100305426E+00
H13        1.0          -1.8573056220E+00   4.7034137669E+00  -9.3419796202E-05
</Nuclei of Molecule>
<Total Number of CPs of DelSqRho>
    40
</Total Number of CPs of DelSqRho>
<Number of (3,+3) CPs of DelSqRho>
     5
</Number of (3,+3) CPs of DelSqRho>
<Number of (3,+1) CPs of DelSqRho>
    14
</Number of (3,+1) CPs of DelSqRho>
<Number of (3,-1) CPs of DelSqRho>
    15
</Number of (3,-1) CPs of DelSqRho>
<Number of (3,-3) CPs of DelSqRho>
     6
</Number of (3,-3) CPs of DelSqRho>
<Number of Degenerate CPs of DelSqRho>
     0
</Number of Degenerate CPs of DelSqRho>
<CP of DelSqRho>
CP# = 1       
Type = (3,+3)
Coords = -2.67285204757263E-01  3.70035003138342E+00  2.02075459396193E-05
DistFromNuc =  2.6673912430E-07
Rho =  2.9731986970E+02
DelSqRho = -3.3294001465E+06
GradDelSqRho = -1.4821202967E-06  1.5264216927E-05  3.9996672641E-11
HessDelSqRho_EigVals =  1.3240162468E+11  1.3240164172E+11  1.3240164860E+11
HessDelSqRho_EigVec1 =  1.0908755955E-04  1.6329141136E-04  9.9999998072E-01
HessDelSqRho_EigVec2 = -7.0875706024E-02  9.9748514286E-01 -1.5514910197E-04
HessDelSqRho_EigVec3 =  9.9748514896E-01  7.0875687732E-02 -1.2038661399E-04
</CP of DelSqRho>
<CP of DelSqRho>
CP# = 2       
Type = (3,-1)
Coords = -1.58849829361879E-01  2.09636783315868E+00  1.46173698457798E-04
DistFromNuc =  1.6076430826E+00
Rho =  1.1861825300E-01
DelSqRho =  2.8127715549E-01
GradDelSqRho = -1.7347234760E-18 -1.3461454174E-15 -2.8460307028E-19
HessDelSqRho_EigVals = -4.7710505185E-01 -4.7111627845E-02  3.9627141312E+00
HessDelSqRho_EigVec1 =  9.1482087855E-05  1.1364379784E-05  9.9999999575E-01
HessDelSqRho_EigVec2 =  9.9732546423E-01  7.3088370677E-02 -9.2068020132E-05
HessDelSqRho_EigVec3 = -7.3088371412E-02  9.9732546841E-01 -4.6477085964E-06
</CP of DelSqRho>
<CP of DelSqRho>
CP# = 3       
Type = (3,+1)
Coords =  6.21739969122189E-01  4.45502778716422E+00 -2.76816846275305E-04
DistFromNuc =  1.1661495320E+00
Rho =  4.0707363607E-01
DelSqRho = -9.4696418147E-01
GradDelSqRho = -1.0824674490E-15  3.0531133177E-15  1.3145951341E-18
HessDelSqRho_EigVals = -3.0307482371E+01  1.4484278321E+01  1.5028194566E+01
HessDelSqRho_EigVec1 =  7.5810383138E-01  6.5213381731E-01 -2.5525378149E-04
HessDelSqRho_EigVec2 =  1.2311182708E-04  2.4829600857E-04  9.9999996160E-01
HessDelSqRho_EigVec3 = -6.5213385565E-01  7.5810383370E-01 -1.0794876967E-04
</CP of DelSqRho>
<CP of DelSqRho>
CP# = 4       
Type = (3,+1)
Coords = -1.25568407273487E+00  4.31920603602337E+00 -5.16656925031402E-05
DistFromNuc =  1.1661541273E+00
Rho =  4.0705246124E-01
DelSqRho = -9.4681371786E-01
GradDelSqRho = -2.7755575616E-14  2.3148150063E-14 -2.2564957715E-18
HessDelSqRho_EigVals = -3.0304224914E+01  1.4482121756E+01  1.5027587672E+01
HessDelSqRho_EigVec1 =  8.4406521198E-01 -5.3624053765E-01  6.0890422408E-05
HessDelSqRho_EigVec2 =  9.7887133980E-05  2.6762904770E-04  9.9999995940E-01
HessDelSqRho_EigVec3 =  5.3624053217E-01  8.4406517175E-01 -2.7838741823E-04
</CP of DelSqRho>
<CP of DelSqRho>
CP# = 5       
Type = (3,-3)
Coords = -1.58178886584282E-01  3.57359061571467E+00  4.64076291007609E-05
DistFromNuc =  1.6724851934E-01
Rho =  2.2668443943E+01
DelSqRho =  1.2879151278E+03
GradDelSqRho =  1.7202239633E-11 -1.9610979507E-11  3.4347524824E-15
HessDelSqRho_EigVals = -4.4378559929E+05 -2.4610527131E+03 -3.6088689708E+02
HessDelSqRho_EigVec1 = -6.5046481792E-01  7.5953636875E-01 -1.5871033896E-04
HessDelSqRho_EigVec2 =  4.4464647241E-05  2.4703625837E-04  9.9999996850E-01
HessDelSqRho_EigVec3 =  7.5953638403E-01  6.5046479037E-01 -1.9446091152E-04
</CP of DelSqRho>
<CP of DelSqRho>
CP# = 6       
Type = (3,-3)
Coords = -3.57297573464636E-01  3.55938939456775E+00  7.13390067982361E-05
DistFromNuc =  1.6724849378E-01
Rho =  2.2668426549E+01
DelSqRho =  1.2879203002E+03
GradDelSqRho = -2.0680346324E-11 -2.7171154215E-11  1.6667223157E-14
HessDelSqRho_EigVals = -4.4378620931E+05 -2.4614104252E+03 -3.6191264315E+02
HessDelSqRho_EigVec1 =  5.3608905019E-01  8.4416138022E-01 -3.0728183934E-04
HessDelSqRho_EigVec2 =  1.7046599921E-04  2.5575307551E-04  9.9999995277E-01
HessDelSqRho_EigVec3 =  8.4416141893E-01 -5.3608907724E-01 -6.7943898368E-06
</CP of DelSqRho>
<CP of DelSqRho>
CP# = 7       
Type = (3,-1)
Coords = -2.79255960779783E-01  3.86861685460152E+00  5.90874732939929E-05
DistFromNuc =  1.6869236586E-01
Rho =  2.2367268201E+01
DelSqRho =  1.2521239439E+03
GradDelSqRho = -5.3290705182E-13  4.5474735089E-12 -9.9920072216E-16
HessDelSqRho_EigVals = -4.0883869460E+05 -9.6751156281E+02  1.1774134520E+03
HessDelSqRho_EigVec1 = -7.0960896505E-02  9.9747907067E-01  2.3398523926E-04
HessDelSqRho_EigVec2 =  1.4211241530E-04 -2.2446667123E-04  9.9999996471E-01
HessDelSqRho_EigVec3 =  9.9747908799E-01  7.0960927253E-02 -1.2582580371E-04
</CP of DelSqRho>
<CP of DelSqRho>
CP# = 8       
Type = (3,+1)
Coords = -2.71844953059814E-01  3.76464831731982E+00  1.55525461853349E-01
DistFromNuc =  1.6833591218E-01
Rho =  2.2519172979E+01
DelSqRho =  1.2436099916E+03
GradDelSqRho =  0.0000000000E+00  2.1600499167E-12 -8.8107299234E-13
HessDelSqRho_EigVals = -4.1437286439E+05  1.3554103643E+03  2.2525892416E+03
HessDelSqRho_EigVec1 = -2.6840903645E-02  3.7851122786E-01  9.2520744499E-01
HessDelSqRho_EigVec2 = -6.5735555694E-02  9.2286925689E-01 -3.7946168635E-01
HessDelSqRho_EigVec3 =  9.9747601606E-01  7.1004120090E-02 -1.1100109865E-04
</CP of DelSqRho>
<CP of DelSqRho>
CP# = 9       
Type = (3,+1)
Coords = -2.71879366925542E-01  3.76458197839492E+00 -1.55512179596171E-01
DistFromNuc =  1.6833658901E-01
Rho =  2.2519033887E+01
DelSqRho =  1.2435926972E+03
GradDelSqRho =  1.4566126083E-13 -1.8189894035E-12 -4.2064129957E-12
HessDelSqRho_EigVals = -4.1435681108E+05  1.3563083673E+03  2.2532748188E+03
HessDelSqRho_EigVec1 =  2.7045634696E-02 -3.7811618518E-01  9.2536300129E-01
HessDelSqRho_EigVec2 = -6.5654065204E-02  9.2303101097E-01  3.7908217645E-01
HessDelSqRho_EigVec3 =  9.9747585302E-01  7.1006360888E-02 -1.3909485887E-04
</CP of DelSqRho>
<CP of DelSqRho>
CP# = 10      
Type = (3,-1)
Coords = -2.55211068341507E-01  3.53367691629213E+00  6.44044127509070E-05
DistFromNuc =  1.6710961932E-01
Rho =  2.2717870696E+01
DelSqRho =  1.2873510656E+03
GradDelSqRho =  1.6164847239E-12 -1.6427748051E-11  1.2302658892E-14
HessDelSqRho_EigVals = -4.4685988378E+05 -2.2867249205E+03  2.0762353070E+02
HessDelSqRho_EigVec1 = -7.2248079640E-02  9.9738665735E-01 -2.6593109491E-04
HessDelSqRho_EigVec2 =  1.0544186458E-04  2.7426580618E-04  9.9999995683E-01
HessDelSqRho_EigVec3 =  9.9738668723E-01  7.2248048481E-02 -1.2498148667E-04
</CP of DelSqRho>
<CP of DelSqRho>
CP# = 11      
Type = (3,-1)
Coords =  4.00885247162400E-01  3.47416262285754E+00 -4.11075527306497E-05
DistFromNuc =  7.0541644059E-01
Rho =  7.0248947545E-01
DelSqRho = -1.2967678023E+00
GradDelSqRho = -1.3433698598E-14  1.8207657604E-14 -1.4636729329E-18
HessDelSqRho_EigVals = -1.5936609477E+01 -9.8651796725E+00  1.5726742732E+02
HessDelSqRho_EigVec1 =  3.4018830208E-01  9.4035730765E-01 -2.3039678372E-04
HessDelSqRho_EigVec2 =  1.4956829640E-04  1.9090125710E-04  9.9999997059E-01
HessDelSqRho_EigVec3 =  9.4035732398E-01 -3.4018832654E-01 -7.5705265991E-05
</CP of DelSqRho>
<CP of DelSqRho>
CP# = 12      
Type = (3,-1)
Coords = -8.95858827144759E-01  3.38034158842317E+00  1.19749240398954E-04
DistFromNuc =  7.0534393439E-01
Rho =  7.0267231380E-01
DelSqRho = -1.2979180268E+00
GradDelSqRho = -2.0872192863E-14 -6.7501559897E-14  4.9439619065E-17
HessDelSqRho_EigVals = -1.5936468724E+01 -9.8704236353E+00  1.5736857572E+02
HessDelSqRho_EigVec1 = -4.7208150252E-01  8.8155489273E-01 -1.6151042049E-04
HessDelSqRho_EigVec2 =  5.6034422482E-05  2.1321784097E-04  9.9999997570E-01
HessDelSqRho_EigVec3 =  8.8155490574E-01  4.7208148200E-01 -1.5005361803E-04
</CP of DelSqRho>
<CP of DelSqRho>
CP# = 13      
Type = (3,-1)
Coords = -3.18790627161580E-01  4.41155842313798E+00 -6.22593785245165E-05
DistFromNuc =  7.1307122523E-01
Rho =  6.9712293057E-01
DelSqRho = -1.3133610584E+00
GradDelSqRho =  1.0369483050E-13  2.0694557179E-13  2.9058407156E-14
HessDelSqRho_EigVals = -1.9770280607E+01 -3.1337252640E+00  1.4820083002E+02
HessDelSqRho_EigVec1 =  9.9738924471E-01  7.2212749603E-02 -1.1542839150E-04
HessDelSqRho_EigVec2 =  1.0758537030E-04  1.1249950899E-04  9.9999998788E-01
HessDelSqRho_EigVec3 = -7.2212761714E-02  9.9738924505E-01 -1.0443676490E-04
</CP of DelSqRho>
<CP of DelSqRho>
CP# = 14      
Type = (3,+1)
Coords = -2.19115429468256E-01  3.03366349906632E+00  4.23935965493536E-05
DistFromNuc =  6.6842419430E-01
Rho =  8.5180303452E-01
DelSqRho = -3.4833089527E+00
GradDelSqRho = -1.1102230246E-15  4.2632564146E-14  1.0299920639E-18
HessDelSqRho_EigVals = -3.9609856073E+00  1.8289750721E+01  2.4164762758E+02
HessDelSqRho_EigVec1 =  1.1690543248E-04  4.7386012450E-05  9.9999999204E-01
HessDelSqRho_EigVec2 =  9.9740448980E-01  7.2001870305E-02 -1.2001388572E-04
HessDelSqRho_EigVec3 = -7.2001875419E-02  9.9740449589E-01 -3.8845611784E-05
</CP of DelSqRho>
<CP of DelSqRho>
CP# = 15      
Type = (3,+3)
Coords = -2.39546945617675E-01  3.31646371867465E+00  5.28115469363164E-01
DistFromNuc =  6.5346959543E-01
Rho =  8.9133595617E-01
DelSqRho = -3.8264296076E+00
GradDelSqRho =  1.8113288647E-13 -2.5264235148E-12  7.9172224332E-12
HessDelSqRho_EigVals =  5.5496622532E+00  1.8231946347E+01  2.7873962339E+02
HessDelSqRho_EigVec1 = -5.9466468632E-02  8.2095303007E-01  5.6789071266E-01
HessDelSqRho_EigVec2 =  9.9739225320E-01  7.2171194083E-02  1.0958917054E-04
HessDelSqRho_EigVec3 =  4.0895383280E-02 -5.6641631435E-01  8.2310395848E-01
</CP of DelSqRho>
<CP of DelSqRho>
CP# = 16      
Type = (3,+3)
Coords = -2.39652637546997E-01  3.31613296348344E+00 -5.27864886002060E-01
DistFromNuc =  6.5348969441E-01
Rho =  8.9127126466E-01
DelSqRho = -3.8259005427E+00
GradDelSqRho =  1.9897972159E-13 -2.7562396809E-12 -8.6615159489E-12
HessDelSqRho_EigVals =  5.5461948425E+00  1.8230416387E+01  2.7867057265E+02
HessDelSqRho_EigVec1 = -5.9593059338E-02  8.2060909617E-01 -5.6837432961E-01
HessDelSqRho_EigVec2 =  9.9739151208E-01  7.2180612740E-02 -3.6163522910E-04
HessDelSqRho_EigVec3 = -4.0728846219E-02  5.6691328299E-01  8.2277001079E-01
</CP of DelSqRho>
<CP of DelSqRho>
CP# = 17      
Type = (3,+1)
Coords =  1.44847808366653E-01  3.94519879454348E+00  4.83781016415447E-01
DistFromNuc =  6.8105005104E-01
Rho =  7.9257761054E-01
DelSqRho = -2.5330330359E+00
GradDelSqRho =  2.1094237468E-14  3.8635761257E-14 -1.5543122345E-14
HessDelSqRho_EigVals = -1.2085333263E+01  1.0282687762E+01  2.0331502136E+02
HessDelSqRho_EigVec1 = -4.9198474016E-01 -6.0155602412E-01  6.2934995455E-01
HessDelSqRho_EigVec2 = -6.6010428243E-01  7.2907782409E-01  1.8085315243E-01
HessDelSqRho_EigVec3 =  5.6763839878E-01  3.2645960893E-01  7.5578487149E-01
</CP of DelSqRho>
<CP of DelSqRho>
CP# = 18      
Type = (3,+1)
Coords = -7.10411529756078E-01  3.88318966886108E+00  4.83782571225458E-01
DistFromNuc =  6.8104141679E-01
Rho =  7.9262432916E-01
DelSqRho = -2.5337337670E+00
GradDelSqRho = -2.7089441801E-14 -3.9968028887E-15  4.3076653355E-14
HessDelSqRho_EigVals = -1.2082136936E+01  1.0286215078E+01  2.0335053748E+02
HessDelSqRho_EigVec1 = -5.7348611973E-01  5.2452146737E-01 -6.2927807902E-01
HessDelSqRho_EigVec2 =  5.4815954111E-01  8.1654227427E-01  1.8105201412E-01
HessDelSqRho_EigVec3 = -6.0879782191E-01  2.4111396598E-01  7.5579710733E-01
</CP of DelSqRho>
<CP of DelSqRho>
CP# = 19      
Type = (3,+1)
Coords =  1.44685536662289E-01  3.94495350398443E+00 -4.84005851949837E-01
DistFromNuc =  6.8105219445E-01
Rho =  7.9256566213E-01
DelSqRho = -2.5328347176E+00
GradDelSqRho = -4.4408920985E-15  6.6613381478E-15  6.2172489379E-15
HessDelSqRho_EigVals = -1.2084231934E+01  1.0280368909E+01  2.0330420740E+02
HessDelSqRho_EigVec1 = -4.9217443276E-01 -6.0188462495E-01 -6.2888729195E-01
HessDelSqRho_EigVec2 = -6.6017908985E-01  7.2897167666E-01 -1.8100791127E-01
HessDelSqRho_EigVec3 = -5.6738690244E-01 -3.2609077397E-01  7.5613286536E-01
</CP of DelSqRho>
<CP of DelSqRho>
CP# = 20      
Type = (3,+1)
Coords = -7.10448603680435E-01  3.88295101180556E+00 -4.83799767588141E-01
DistFromNuc =  6.8104243529E-01
Rho =  7.9261779253E-01
DelSqRho = -2.5336012049E+00
GradDelSqRho = -3.6415315208E-14 -1.3322676296E-15 -2.6201263381E-14
HessDelSqRho_EigVals = -1.2080574911E+01  1.0284469593E+01  2.0334214692E+02
HessDelSqRho_EigVec1 = -5.7341578551E-01  5.2484663718E-01  6.2907101695E-01
HessDelSqRho_EigVec2 =  5.4816310886E-01  8.1643915443E-01 -1.8150568366E-01
HessDelSqRho_EigVec3 =  6.0886085685E-01 -2.4075530018E-01  7.5586066337E-01
</CP of DelSqRho>
<CP of DelSqRho>
CP# = 21      
Type = (3,+3)
Coords =  2.84302418530907E-01  4.15095800155727E+00 -1.55130553800471E-04
DistFromNuc =  7.1224763851E-01
Rho =  7.8141362986E-01
DelSqRho = -3.3822892479E+00
GradDelSqRho = -3.2640556924E-14 -1.3322676296E-14 -3.5236570606E-16
HessDelSqRho_EigVals =  1.4251726524E+01  2.3759762454E+01  1.5413401818E+02
HessDelSqRho_EigVec1 =  1.5435789287E-04  1.9148275451E-04  9.9999996975E-01
HessDelSqRho_EigVec2 = -6.2426243946E-01  7.8121469766E-01 -5.3229309026E-05
HessDelSqRho_EigVec3 =  7.8121468422E-01  6.2426241237E-01 -2.4012214606E-04
</CP of DelSqRho>
<CP of DelSqRho>
CP# = 22      
Type = (3,+3)
Coords = -8.78040682635212E-01  4.06676857852612E+00 -2.12366383779763E-05
DistFromNuc =  7.1223944380E-01
Rho =  7.8143095238E-01
DelSqRho = -3.3823403375E+00
GradDelSqRho = -1.5987211555E-14  1.0214051827E-14  1.2388636124E-15
HessDelSqRho_EigVals =  1.4245476051E+01  2.3755895306E+01  1.5415683249E+02
HessDelSqRho_EigVec1 =  5.3306439486E-05  1.9965370672E-04  9.9999997865E-01
HessDelSqRho_EigVec2 =  5.0507742121E-01  8.6307401704E-01 -1.9923980992E-04
HessDelSqRho_EigVec3 =  8.6307403839E-01 -5.0507742105E-01  5.4833176467E-05
</CP of DelSqRho>
<CP of DelSqRho>
CP# = 23      
Type = (3,-3)
Coords =  8.25257495667879E-01  3.34375654969836E+00  2.73723960772810E-06
DistFromNuc =  1.1492642136E+00
Rho =  2.4494196860E-01
DelSqRho =  8.3142111893E-01
GradDelSqRho =  6.6613381478E-16 -1.1102230246E-15  0.0000000000E+00
HessDelSqRho_EigVals = -1.7706338392E+01 -1.7297479122E+00 -4.5550765325E-01
HessDelSqRho_EigVec1 =  9.3687546632E-01 -3.4966321016E-01 -7.9082228100E-06
HessDelSqRho_EigVec2 =  3.4966319451E-01  9.3687543072E-01 -2.7879161134E-04
HessDelSqRho_EigVec3 =  1.0489218944E-04  2.5842780643E-04  9.9999996111E-01
</CP of DelSqRho>
<CP of DelSqRho>
CP# = 24      
Type = (3,+1)
Coords = -1.77235324765937E-01  2.46448390691801E+00 -2.08327759918700E-03
DistFromNuc =  1.2391439876E+00
Rho =  2.4361768723E-01
DelSqRho =  4.2937900323E-01
GradDelSqRho = -4.1633363423E-16  6.4392935428E-15  1.0842021725E-17
HessDelSqRho_EigVals = -1.0823906311E+01  3.4350645340E-02  9.4371351084E-01
HessDelSqRho_EigVec1 = -7.2774692011E-02  9.9734676021E-01  1.8122063570E-03
HessDelSqRho_EigVec2 =  2.3836323920E-04 -1.7996314133E-03  9.9999835225E-01
HessDelSqRho_EigVec3 =  9.9734837814E-01  7.2775004060E-02 -1.0676318254E-04
</CP of DelSqRho>
<CP of DelSqRho>
CP# = 25      
Type = (3,-3)
Coords = -3.40864114477942E-01  4.71810178355074E+00  5.57930354398376E-01
DistFromNuc =  1.1629689425E+00
Rho =  2.4404537751E-01
DelSqRho =  8.5679565293E-01
GradDelSqRho =  2.3245294578E-16 -6.1062266354E-16 -1.5543122345E-15
HessDelSqRho_EigVals = -1.8075086304E+01 -2.0898241329E+00 -2.0370450675E-01
HessDelSqRho_EigVec1 = -6.2904092520E-02  8.6993932514E-01  4.8913049968E-01
HessDelSqRho_EigVec2 =  9.9738969647E-01  7.2206437816E-02 -1.5399988139E-04
HessDelSqRho_EigVec3 =  3.5452341562E-02 -4.8784403338E-01  8.7221059989E-01
</CP of DelSqRho>
<CP of DelSqRho>
CP# = 26      
Type = (3,-3)
Coords = -3.40974592885694E-01  4.71781459862208E+00 -5.58409417875969E-01
DistFromNuc =  1.1629739733E+00
Rho =  2.4404653162E-01
DelSqRho =  8.5678723855E-01
GradDelSqRho =  3.5388358910E-16 -4.7184478547E-15  2.6090241079E-15
HessDelSqRho_EigVals = -1.8075132497E+01 -2.0899403098E+00 -2.0368236408E-01
HessDelSqRho_EigVec1 = -6.3000777525E-02  8.6968273119E-01 -4.8957415076E-01
HessDelSqRho_EigVec2 =  9.9738942387E-01  7.2210329369E-02 -7.4008673186E-05
HessDelSqRho_EigVec3 = -3.5287946612E-02  4.8830074278E-01  8.7196166511E-01
</CP of DelSqRho>
<CP of DelSqRho>
CP# = 27      
Type = (3,-1)
Coords = -1.03245017062883E+00  3.68666524369202E+00  9.01377233140769E-01
DistFromNuc =  1.1824166810E+00
Rho =  2.4045585065E-01
DelSqRho =  7.3724762802E-01
GradDelSqRho =  1.8873791419E-15 -1.6913553891E-16 -3.3306690739E-15
HessDelSqRho_EigVals = -1.7299751426E+01 -1.3780640681E+00  2.9194835935E-01
HessDelSqRho_EigVec1 = -6.3235528496E-01 -3.8072867462E-02  7.7374236691E-01
HessDelSqRho_EigVec2 =  5.7446002940E-01 -6.9313678556E-01  4.3538152365E-01
HessDelSqRho_EigVec3 =  5.1973307400E-01  7.1979987029E-01  4.6018005010E-01
</CP of DelSqRho>
<CP of DelSqRho>
CP# = 28      
Type = (3,-1)
Coords = -1.03261850269504E+00  3.68627721537854E+00 -9.01195709859589E-01
DistFromNuc =  1.1824226202E+00
Rho =  2.4045787440E-01
DelSqRho =  7.3720631051E-01
GradDelSqRho = -2.9698465909E-15 -1.7694179455E-16 -3.5527136788E-15
HessDelSqRho_EigVals = -1.7298578527E+01 -1.3784794157E+00  2.9208807307E-01
HessDelSqRho_EigVec1 =  6.3249131008E-01  3.8409230870E-02  7.7361455109E-01
HessDelSqRho_EigVec2 =  5.7438497546E-01 -6.9332398462E-01 -4.3518243568E-01
HessDelSqRho_EigVec3 =  5.1965050048E-01  7.1960168381E-01 -4.6058308047E-01
</CP of DelSqRho>
<CP of DelSqRho>
CP# = 29      
Type = (3,-1)
Coords = -3.51593174803195E-01  4.86533927260964E+00 -3.61685185260119E-04
DistFromNuc =  1.1680361873E+00
Rho =  2.4881258817E-01
DelSqRho =  8.4541121191E-01
GradDelSqRho =  9.2495455739E-15 -1.2656542481E-13 -4.0179123049E-14
HessDelSqRho_EigVals = -1.6824765243E+01 -3.7528044648E+00  1.5265981089E-01
HessDelSqRho_EigVec1 = -7.2205214678E-02  9.9738974463E-01 -3.2291855086E-04
HessDelSqRho_EigVec2 =  9.9738979237E-01  7.2205179701E-02 -1.1870824083E-04
HessDelSqRho_EigVec3 =  9.5081990017E-05  3.3064702041E-04  9.9999994082E-01
</CP of DelSqRho>
<CP of DelSqRho>
CP# = 30      
Type = (3,-3)
Coords = -1.29696368141055E+00  3.18995820985472E+00  2.55275088109263E-04
DistFromNuc =  1.1492333964E+00
Rho =  2.4493496155E-01
DelSqRho =  8.3183173379E-01
GradDelSqRho =  2.1482260415E-12  1.6634194022E-12 -4.6054190463E-12
HessDelSqRho_EigVals = -1.7715027040E+01 -1.7284655424E+00 -4.5685224332E-01
HessDelSqRho_EigVec1 =  8.7670816657E-01  4.8102260536E-01 -2.0930379176E-04
HessDelSqRho_EigVec2 = -4.8102264198E-01  8.7670815108E-01 -1.8900305315E-04
HessDelSqRho_EigVec3 =  9.2583599242E-05  2.6638038309E-04  9.9999996023E-01
</CP of DelSqRho>
<CP of DelSqRho>
CP# = 31      
Type = (3,-1)
Coords =  4.92644765587982E-01  3.79649103072061E+00  9.00768573920761E-01
DistFromNuc =  1.1824061456E+00
Rho =  2.4046005083E-01
DelSqRho =  7.3722837896E-01
GradDelSqRho = -1.3045120539E-15  2.0122792321E-16  2.7755575616E-16
HessDelSqRho_EigVals = -1.7297103692E+01 -1.3793707262E+00  2.9146666807E-01
HessDelSqRho_EigVec1 =  6.3193184903E-01  5.2909843499E-02  7.7321580858E-01
HessDelSqRho_EigVec2 =  4.6835331192E-01  7.6882129031E-01 -4.3538373739E-01
HessDelSqRho_EigVec3 = -6.1750086105E-01  6.3727103499E-01  4.6106215912E-01
</CP of DelSqRho>
<CP of DelSqRho>
CP# = 32      
Type = (3,-1)
Coords =  4.92449883459773E-01  3.79609211036598E+00 -9.00940184967374E-01
DistFromNuc =  1.1824100817E+00
Rho =  2.4046189473E-01
DelSqRho =  7.3719374725E-01
GradDelSqRho =  1.3877787808E-15  2.7755575616E-16 -2.7755575616E-16
HessDelSqRho_EigVals = -1.7295997568E+01 -1.3798567046E+00  2.9158944388E-01
HessDelSqRho_EigVec1 = -6.3175845970E-01 -5.2562093893E-02  7.7338119636E-01
HessDelSqRho_EigVec2 =  4.6845432351E-01  7.6901343087E-01  4.3493550088E-01
HessDelSqRho_EigVec3 = -6.1760164782E-01  6.3706794726E-01 -4.6120780044E-01
</CP of DelSqRho>
<CP of DelSqRho>
CP# = 33      
Type = (3,+1)
Coords = -1.81045743676963E+00  4.62054036886589E+00  8.75442984147260E-01
DistFromNuc =  1.9986236215E+00
Rho =  7.1031056480E-02
DelSqRho =  1.8543060048E-01
GradDelSqRho = -1.4745149546E-17  9.4542429441E-17  6.8022844302E-16
HessDelSqRho_EigVals = -1.7842066614E+00  1.8931666792E-02  5.9077564426E-01
HessDelSqRho_EigVec1 = -5.0955827307E-01  2.7703268413E-01  8.1461847405E-01
HessDelSqRho_EigVec2 =  5.3486487803E-01  8.4359113585E-01  4.7681838969E-02
HessDelSqRho_EigVec3 =  6.7399549598E-01 -4.6000748628E-01  5.7803389517E-01
</CP of DelSqRho>
<CP of DelSqRho>
CP# = 34      
Type = (3,+1)
Coords = -1.81073862334320E+00  4.61991280148485E+00 -8.75601272615312E-01
DistFromNuc =  1.9986389539E+00
Rho =  7.1030602511E-02
DelSqRho =  1.8541960396E-01
GradDelSqRho =  5.3545475345E-12 -1.8965072568E-12  4.2571214566E-12
HessDelSqRho_EigVals = -1.7839981638E+00  1.8947441133E-02  5.9078811396E-01
HessDelSqRho_EigVec1 =  5.0984620060E-01 -2.7646418045E-01  8.1463145573E-01
HessDelSqRho_EigVec2 =  5.3487973649E-01  8.4353582448E-01 -4.8486908710E-02
HessDelSqRho_EigVec3 =  6.7376592318E-01 -4.6045072456E-01 -5.7794862317E-01
</CP of DelSqRho>
<CP of DelSqRho>
CP# = 35      
Type = (3,-1)
Coords =  1.67240449530004E+00  4.25107715120032E+00  1.48075238671747E-05
DistFromNuc =  2.0163572879E+00
Rho =  7.2059324396E-02
DelSqRho =  1.9160046519E-01
GradDelSqRho = -3.3072156125E-13 -3.5514646779E-13  7.4942391973E-14
HessDelSqRho_EigVals = -2.2399030276E+00 -1.6853747286E-02  4.7225726782E-01
HessDelSqRho_EigVec1 =  9.5980208773E-01 -2.8067748927E-01  3.1529318231E-04
HessDelSqRho_EigVec2 = -1.7667961404E-04  5.1915696148E-04  9.9999984963E-01
HessDelSqRho_EigVec3 =  2.8067761075E-01  9.5980199911E-01 -4.4869794502E-04
</CP of DelSqRho>
<CP of DelSqRho>
CP# = 36      
Type = (3,-1)
Coords = -2.26597787504480E+00  3.96626167925824E+00  6.52894434559288E-04
DistFromNuc =  2.0163040476E+00
Rho =  7.2062276032E-02
DelSqRho =  1.9169218084E-01
GradDelSqRho =  8.6042284408E-16 -8.0838113981E-16  9.0856142054E-17
HessDelSqRho_EigVals = -2.2422914084E+00 -1.7141135626E-02  4.7179348914E-01
HessDelSqRho_EigVec1 =  9.0928061585E-01  4.1618297292E-01 -7.0333898564E-04
HessDelSqRho_EigVec2 =  4.5781007649E-04  6.8974690222E-04  9.9999965733E-01
HessDelSqRho_EigVec3 = -4.1618331543E-01  9.0928062626E-01 -4.3664072936E-04
</CP of DelSqRho>
<CP of DelSqRho>
CP# = 37      
Type = (3,+1)
Coords =  1.12899858073208E+00  4.83145553778036E+00  8.75003334565520E-01
DistFromNuc =  1.9986505691E+00
Rho =  7.1036117929E-02
DelSqRho =  1.8544055967E-01
GradDelSqRho = -4.1633363423E-17 -6.2450045135E-17  9.9529759434E-17
HessDelSqRho_EigVals = -1.7841355468E+00  1.8780407056E-02  5.9069672577E-01
HessDelSqRho_EigVec1 =  4.6592433866E-01  3.4599809196E-01  8.1437081910E-01
HessDelSqRho_EigVec2 = -6.5081955116E-01  7.5755145665E-01  5.0494577445E-02
HessDelSqRho_EigVec3 =  5.9945677282E-01  5.5353510357E-01 -5.7814398435E-01
</CP of DelSqRho>
<CP of DelSqRho>
CP# = 38      
Type = (3,+1)
Coords =  1.12887071412743E+00  4.83092515059897E+00 -8.75870968456643E-01
DistFromNuc =  1.9986588882E+00
Rho =  7.1036065818E-02
DelSqRho =  1.8543299714E-01
GradDelSqRho = -2.1597307276E-16 -6.0715321659E-17  8.0881482067E-16
HessDelSqRho_EigVals = -1.7839837606E+00  1.8790016822E-02  5.9070583026E-01
HessDelSqRho_EigVec1 = -4.6582261797E-01 -3.4551777887E-01  8.1463289467E-01
HessDelSqRho_EigVec2 = -6.5084082631E-01  7.5750776366E-01 -5.0874421944E-02
HessDelSqRho_EigVec3 =  5.9951272497E-01  5.5389480272E-01  5.7774132630E-01
</CP of DelSqRho>
<CP of DelSqRho>
CP# = 39      
Type = (3,-1)
Coords =  5.76507052865073E-01  5.52597001810475E+00 -3.22024217454375E-04
DistFromNuc =  2.0111874021E+00
Rho =  7.2098963905E-02
DelSqRho =  1.9166371690E-01
GradDelSqRho =  4.1633363423E-17  2.6367796835E-16 -5.0821976835E-21
HessDelSqRho_EigVals = -2.2421076737E+00 -1.2457166812E-02  5.0686104556E-01
HessDelSqRho_EigVec1 = -1.4049738894E-01  9.9008104896E-01 -1.3818490595E-05
HessDelSqRho_EigVec2 =  2.6779543687E-04  5.1958422785E-05  9.9999996279E-01
HessDelSqRho_EigVec3 =  9.9008101284E-01  1.4049738002E-01 -2.7243920978E-04
</CP of DelSqRho>
<CP of DelSqRho>
CP# = 40      
Type = (3,-1)
Coords = -1.36506035556051E+00  5.38548035019262E+00 -6.47035705301617E-05
DistFromNuc =  2.0111627032E+00
Rho =  7.2094130204E-02
DelSqRho =  1.9167269023E-01
GradDelSqRho = -2.1185310450E-16 -6.9388939039E-16 -4.1377559473E-19
HessDelSqRho_EigVals = -2.2423027791E+00 -1.2557490218E-02  5.0680070443E-01
HessDelSqRho_EigVec1 = -3.4086825987E-03  9.9999419040E-01 -6.6589866780E-06
HessDelSqRho_EigVec2 = -4.7180921154E-05  6.4981996374E-06  9.9999999887E-01
HessDelSqRho_EigVec3 =  9.9999418931E-01  3.4086829090E-03  4.7158496752E-05
</CP of DelSqRho>
<Path of -GradDelSqRho>
Starting CP# =      3
Ending CP# =      0
Number of Points =     30
  6.2173996912E-01  4.4550277872E+00 -2.7681684628E-04  4.0707363607E-01 -9.4696418147E-01
  6.4068962627E-01  4.4713345479E+00 -2.8319862862E-04  3.9629397091E-01 -9.5635643272E-01
  6.5963312290E-01  4.4876484649E+00 -2.8958123080E-04  3.8652623331E-01 -9.8428704530E-01
  6.7857049505E-01  4.5039694908E+00 -2.9596445993E-04  3.7773738809E-01 -1.0305432995E+00
  6.9750197105E-01  4.5202973557E+00 -3.0234806192E-04  3.6989072321E-01 -1.0950984772E+00
  7.1642794089E-01  4.5366316025E+00 -3.0873175504E-04  3.6294597720E-01 -1.1780378153E+00
  7.3534891532E-01  4.5529716356E+00 -3.1511527198E-04  3.5685934669E-01 -1.2794121138E+00
  7.5426547780E-01  4.5693167761E+00 -3.2149841153E-04  3.5158347274E-01 -1.3989917682E+00
  7.7317823231E-01  4.5856663227E+00 -3.2788110200E-04  3.4706757792E-01 -1.5358937192E+00
  7.9208774960E-01  4.6020196133E+00 -3.3426348131E-04  3.4325802811E-01 -1.6880758451E+00
  8.1099451254E-01  4.6183760883E+00 -3.4064600358E-04  3.4009971693E-01 -1.8517596181E+00
  8.2989885829E-01  4.6347353569E+00 -3.4702959056E-04  3.3753878479E-01 -2.0209746481E+00
  8.4880091130E-01  4.6510972746E+00 -3.5341584618E-04  3.3552721341E-01 -2.1876217112E+00
  8.6770050870E-01  4.6674620287E+00 -3.5980727107E-04  3.3402966007E-01 -2.3426783979E+00
  8.8659721022E-01  4.6838301266E+00 -3.6620687079E-04  3.3303235948E-01 -2.4792995053E+00
  9.0549091854E-01  4.7002016794E+00 -3.7261440189E-04  3.3255291298E-01 -2.5983937762E+00
  9.2438402476E-01  4.7165739272E+00 -3.7901598646E-04  3.3264833649E-01 -2.7165894899E+00
  9.4328153113E-01  4.7329410957E+00 -3.8538762143E-04  3.3341715589E-01 -2.8752807980E+00
  9.6218521546E-01  4.7493011285E+00 -3.9172513712E-04  3.3499022850E-01 -3.1479152890E+00
  9.8109331575E-01  4.7656560574E+00 -3.9804054188E-04  3.3750517116E-01 -3.6413803142E+00
  1.0000040385E+00  4.7820079541E+00 -4.0434376720E-04  3.4106158541E-01 -4.4869071973E+00
  1.0189163533E+00  4.7983580094E+00 -4.1064009541E-04  3.4565902969E-01 -5.8168408466E+00
  1.0378297213E+00  4.8147068463E+00 -4.1693216096E-04  3.5112663954E-01 -7.7263460444E+00
  1.0567438591E+00  4.8310547928E+00 -4.2322131397E-04  3.5706125829E-01 -1.0224239813E+01
  1.0756586190E+00  4.8474020195E+00 -4.2950827272E-04  3.6279746665E-01 -1.3184948739E+01
  1.0945739374E+00  4.8637485998E+00 -4.3579342625E-04  3.6743407612E-01 -1.6322169174E+01
  1.1134898244E+00  4.8800945223E+00 -4.4207697528E-04  3.6993298707E-01 -1.9208153381E+01
  1.1324064066E+00  4.8964396401E+00 -4.4835898493E-04  3.6928571160E-01 -2.1352603969E+01
  1.1513242610E+00  4.9127832855E+00 -4.5463929360E-04  3.6471470478E-01 -2.2329477959E+01
  1.1551083887E+00  4.9160513699E+00 -4.5589500369E-04  3.6328866518E-01 -2.2359899025E+01
</Path of -GradDelSqRho>
<Path of -GradDelSqRho>
Starting CP# =      3
Ending CP# =     21
Number of Points =     19
  6.2173996912E-01  4.4550277872E+00 -2.7681684628E-04  4.0707363607E-01 -9.4696418147E-01
  6.0278452360E-01  4.4387277553E+00 -2.7043595771E-04  4.1889429055E-01 -9.5653001496E-01
  5.8382347310E-01  4.4224342438E+00 -2.6405599697E-04  4.3178054389E-01 -9.8565974206E-01
  5.6485743085E-01  4.4061465430E+00 -2.5767684987E-04  4.4575190012E-01 -1.0350877536E+00
  5.4588723288E-01  4.3898636825E+00 -2.5129827331E-04  4.6082196679E-01 -1.1055851721E+00
  5.2691394101E-01  4.3735844272E+00 -2.4491988567E-04  4.7699757928E-01 -1.1978349890E+00
  5.0793885551E-01  4.3573072626E+00 -2.3854115438E-04  4.9427791658E-01 -1.3122762176E+00
  4.8896354623E-01  4.3410303588E+00 -2.3216137599E-04  5.1265370586E-01 -1.4489208755E+00
  4.6998991191E-01  4.3247515026E+00 -2.2577964326E-04  5.3210663356E-01 -1.6071500849E+00
  4.5102028205E-01  4.3084679804E+00 -2.1939479112E-04  5.5260909897E-01 -1.7854982925E+00
  4.3205758505E-01  4.2921763854E+00 -2.1300530834E-04  5.7412446103E-01 -1.9814370382E+00
  4.1310562738E-01  4.2758722992E+00 -2.0660919061E-04  5.9660793801E-01 -2.1911710171E+00
  3.9416957462E-01  4.2595497445E+00 -2.0020368652E-04  6.2000832252E-01 -2.4094580141E+00
  3.7525683724E-01  4.2432001827E+00 -1.9378482804E-04  6.4427066831E-01 -2.6294581254E+00
  3.5637887034E-01  4.2268104916E+00 -1.8734647555E-04  6.6934008737E-01 -2.8426019020E+00
  3.3755538231E-01  4.2103582776E+00 -1.8087808589E-04  6.9516673897E-01 -3.0384335670E+00
  3.1882649295E-01  4.1937985205E+00 -1.7435828352E-04  7.2171180375E-01 -3.2043217045E+00
  3.0030340983E-01  4.1770093526E+00 -1.6772829162E-04  7.4895168706E-01 -3.3248223276E+00
  2.8430241853E-01  4.1509580016E+00 -1.5513055380E-04  7.8141362986E-01 -3.3822892479E+00
</Path of -GradDelSqRho>
<Path of -GradDelSqRho>
Starting CP# =      4
Ending CP# =     22
Number of Points =     19
 -1.2556840727E+00  4.3192060360E+00 -5.1665692503E-05  4.0705246124E-01 -9.4681371786E-01
 -1.2345801135E+00  4.3058036894E+00 -5.0143132902E-05  4.1887425359E-01 -9.5637858485E-01
 -1.2134715759E+00  4.2924085548E+00 -4.8620070359E-05  4.3176165144E-01 -9.8550563374E-01
 -1.1923589652E+00  4.2790198407E+00 -4.7096609640E-05  4.4573416423E-01 -1.0349296274E+00
 -1.1712429703E+00  4.2656364646E+00 -4.5572740473E-05  4.6080540513E-01 -1.1054221232E+00
 -1.1501244662E+00  4.2522570484E+00 -4.4048320911E-05  4.7698221507E-01 -1.1976666212E+00
 -1.1290045244E+00  4.2388799016E+00 -4.2523060973E-05  4.9426377817E-01 -1.3121027238E+00
 -1.1078844394E+00  4.2255029808E+00 -4.0996503439E-05  5.1264082589E-01 -1.4487431197E+00
 -1.0867657780E+00  4.2121238129E+00 -3.9467997617E-05  5.3209504758E-01 -1.6069696746E+00
 -1.0656504636E+00  4.1987393633E+00 -3.7936660299E-05  5.5259884350E-01 -1.7853176313E+00
 -1.0445409166E+00  4.1853458198E+00 -3.6401315025E-05  5.7411557079E-01 -1.9812593441E+00
 -1.0234402863E+00  4.1719382337E+00 -3.4860394126E-05  5.9660044237E-01 -2.1910002932E+00
 -1.0023528515E+00  4.1585099047E+00 -3.3311773199E-05  6.2000224089E-01 -2.4092989587E+00
 -9.8128475934E-01  4.1450512520E+00 -3.1752471547E-05  6.4426600415E-01 -2.6293159785E+00
 -9.6024552716E-01  4.1315475358E+00 -3.0178053637E-05  6.6933682029E-01 -2.8424822349E+00
 -9.3925156278E-01  4.1179735706E+00 -2.8581249881E-05  6.9516481268E-01 -3.0383420491E+00
 -9.1833635898E-01  4.1042786411E+00 -2.6948023699E-05  7.2171110150E-01 -3.2042639431E+00
 -8.9759319019E-01  4.0903250947E+00 -2.5241453858E-05  7.4895194044E-01 -3.3248040931E+00
 -8.7804068264E-01  4.0667685785E+00 -2.1236638378E-05  7.8143095238E-01 -3.3823403375E+00
</Path of -GradDelSqRho>
<Path of -GradDelSqRho>
Starting CP# =      4
Ending CP# =      0
Number of Points =     30
 -1.2556840727E+00  4.3192060360E+00 -5.1665692503E-05  4.0705246124E-01 -9.4681371786E-01
 -1.2767833007E+00  4.3326158299E+00 -5.3187578690E-05  3.9627165982E-01 -9.5620490309E-01
 -1.2978774911E+00  4.3460335465E+00 -5.4708501035E-05  3.8650278320E-01 -9.8413213740E-01
 -1.3189666725E+00  4.3594591348E+00 -5.6228144629E-05  3.7771279253E-01 -1.0303824569E+00
 -1.3400510311E+00  4.3728922957E+00 -5.7746183105E-05  3.6986497298E-01 -1.0949289371E+00
 -1.3611308861E+00  4.3863325229E+00 -5.9262317968E-05  3.6291906129E-01 -1.1778566617E+00
 -1.3822066555E+00  4.3997791558E+00 -6.0776324543E-05  3.5683125330E-01 -1.2792163644E+00
 -1.4032788170E+00  4.4132314419E+00 -6.2288106782E-05  3.5155419035E-01 -1.3987785200E+00
 -1.4243478646E+00  4.4266886048E+00 -6.3797764898E-05  3.4703709626E-01 -1.5356603793E+00
 -1.4454142640E+00  4.4401499127E+00 -6.5305683202E-05  3.4322633883E-01 -1.6878204621E+00
 -1.4664784078E+00  4.4536147500E+00 -6.6812652038E-05  3.4006681389E-01 -1.8514812913E+00
 -1.4875405668E+00  4.4670826917E+00 -6.8320047403E-05  3.3750466334E-01 -2.0206739157E+00
 -1.5086008344E+00  4.4805535909E+00 -6.9830090088E-05  3.3549186857E-01 -2.1873006922E+00
 -1.5296590643E+00  4.4940276753E+00 -7.1346096014E-05  3.3399308299E-01 -2.3423403164E+00
 -1.5507148803E+00  4.5075055315E+00 -7.2871923545E-05  3.3299453223E-01 -2.4789471149E+00
 -1.5717682034E+00  4.5209872816E+00 -7.4407082224E-05  3.3251380209E-01 -2.5980262413E+00
 -1.5928210617E+00  4.5344697574E+00 -7.5933518361E-05  3.3260788635E-01 -2.7161975802E+00
 -1.6138776743E+00  4.5479463688E+00 -7.7420689445E-05  3.3337528466E-01 -2.8748408763E+00
 -1.6349395184E+00  4.5614148027E+00 -7.8863932902E-05  3.3494682963E-01 -3.1473834337E+00
 -1.6560050895E+00  4.5748774069E+00 -8.0279035185E-05  3.3746012396E-01 -3.6406887969E+00
 -1.6770728679E+00  4.5883365566E+00 -8.1678810847E-05  3.4101477744E-01 -4.4859661409E+00
 -1.6981419826E+00  4.6017936144E+00 -8.3070020649E-05  3.4561039193E-01 -5.8155478758E+00
 -1.7192119788E+00  4.6152492918E+00 -8.4456020381E-05  3.5107619126E-01 -7.7246056486E+00
 -1.7402826174E+00  4.6287039634E+00 -8.5838526222E-05  3.5700915392E-01 -1.0221991388E+01
 -1.7613537735E+00  4.6421578246E+00 -8.7218452724E-05  3.6274403213E-01 -1.3182197665E+01
 -1.7824253927E+00  4.6556109603E+00 -8.8596300206E-05  3.6737982012E-01 -1.6319010092E+01
 -1.8034974818E+00  4.6690633601E+00 -8.9972337564E-05  3.6987857508E-01 -1.9204772495E+01
 -1.8245701433E+00  4.6825148632E+00 -9.1346680414E-05  3.6923190020E-01 -2.1349251697E+01
 -1.8456438471E+00  4.6959647332E+00 -9.2719242023E-05  3.6466224695E-01 -2.2326415274E+01
 -1.8498590428E+00  4.6986539942E+00 -9.2993431780E-05  3.6323656088E-01 -2.2356922007E+01
</Path of -GradDelSqRho>
<Path of -GradDelSqRho>
Starting CP# =      8
Ending CP# =     15
Number of Points =     46
 -2.7184495306E-01  3.7646483173E+00  1.5552546185E-01  2.2519172979E+01  1.2436099916E+03
 -2.7251454108E-01  3.7740909949E+00  1.7866390074E-01  1.5591417272E+01  1.1610151172E+03
 -2.7318269743E-01  3.7835136239E+00  2.0181055550E-01  1.0894669312E+01  9.8999951404E+02
 -2.7385048159E-01  3.7929310583E+00  2.2495933492E-01  7.7202123216E+00  7.8056771370E+02
 -2.7451742435E-01  3.8023367258E+00  2.4811292161E-01  5.5828573256E+00  5.7871424732E+02
 -2.7518270753E-01  3.8117191700E+00  2.7127597531E-01  4.1447794009E+00  4.1345031200E+02
 -2.7584543934E-01  3.8210659098E+00  2.9445353060E-01  3.1747594751E+00  2.8997540019E+02
 -2.7650472734E-01  3.8303644646E+00  3.1765055484E-01  2.5175587693E+00  2.0109870424E+02
 -2.7715975128E-01  3.8396033759E+00  3.4087151631E-01  2.0695903584E+00  1.3755813337E+02
 -2.7780972417E-01  3.8487716660E+00  3.6412058996E-01  1.7613807673E+00  9.2110658682E+01
 -2.7845369360E-01  3.8578560628E+00  3.8740273377E-01  1.5460017618E+00  5.9838899799E+01
 -2.7909026012E-01  3.8668370693E+00  4.1072514811E-01  1.3917173947E+00  3.7354928302E+01
 -2.7971725815E-01  3.8756845186E+00  4.3409879284E-01  1.2772299590E+00  2.2125463677E+01
 -2.8033133347E-01  3.8843516962E+00  4.5754018181E-01  1.1884582420E+00  1.2145612414E+01
 -2.8092725786E-01  3.8927658107E+00  4.8107396586E-01  1.1162650515E+00  5.8298671538E+00
 -2.8149668156E-01  3.9008106417E+00  5.0473696932E-01  1.0548370502E+00  1.9720554160E+00
 -2.8202561842E-01  3.9082915455E+00  5.2858463532E-01  1.0005529626E+00 -2.9823783732E-01
 -2.8248855408E-01  3.9148534183E+00  5.5270104135E-01  9.5123914971E-01 -1.5763016436E+00
 -2.8283114419E-01  3.9197395933E+00  5.7720697547E-01  9.0579795677E-01 -2.2501189836E+00
 -2.8290069245E-01  3.9208219151E+00  6.0212338031E-01  8.6470974422E-01 -2.5649549676E+00
 -2.8218073556E-01  3.9108836133E+00  6.2441325217E-01  8.3650184653E-01 -2.6895205033E+00
 -2.8058749017E-01  3.8887006580E+00  6.3537479559E-01  8.3330237553E-01 -2.7654781359E+00
 -2.7885031036E-01  3.8644629038E+00  6.4121362433E-01  8.3786507137E-01 -2.8389117746E+00
 -2.7709312850E-01  3.8399173945E+00  6.4561160028E-01  8.4330022476E-01 -2.9117478624E+00
 -2.7532704221E-01  3.8152246972E+00  6.4908835353E-01  8.4867753965E-01 -2.9837141193E+00
 -2.7355476910E-01  3.7904268104E+00  6.5170808632E-01  8.5385818906E-01 -3.0544812015E+00
 -2.7177819863E-01  3.7655541154E+00  6.5347799993E-01  8.5880352995E-01 -3.1237175459E+00
 -2.6999912041E-01  3.7406357115E+00  6.5439889762E-01  8.6348847077E-01 -3.1910957683E+00
 -2.6821929871E-01  3.7157004515E+00  6.5447125627E-01  8.6789127392E-01 -3.2562966014E+00
 -2.6644048334E-01  3.6907770705E+00  6.5369589955E-01  8.7199260901E-01 -3.3190126017E+00
 -2.6466441512E-01  3.6658942343E+00  6.5207406799E-01  8.7577562885E-01 -3.3789517772E+00
 -2.6289283123E-01  3.6410805799E+00  6.4960743515E-01  8.7922612135E-01 -3.4358410886E+00
 -2.6112747079E-01  3.6163647536E+00  6.4629812668E-01  8.8233263612E-01 -3.4894297581E+00
 -2.5937008108E-01  3.5917754448E+00  6.4214874634E-01  8.8508657574E-01 -3.5394923238E+00
 -2.5762242466E-01  3.5673414166E+00  6.3716240789E-01  8.8748225153E-01 -3.5858313802E+00
 -2.5588628764E-01  3.5430915314E+00  6.3134277202E-01  8.8951690437E-01 -3.6282799583E+00
 -2.5416348973E-01  3.5190547718E+00  6.2469408693E-01  8.9119069182E-01 -3.6667035013E+00
 -2.5245589666E-01  3.4952602564E+00  6.1722123233E-01  8.9250664308E-01 -3.7010014059E+00
 -2.5076543573E-01  3.4717372508E+00  6.0892976599E-01  8.9347058332E-01 -3.7311081084E+00
 -2.4909411527E-01  3.4485151724E+00  5.9982597298E-01  8.9409102946E-01 -3.7569937043E+00
 -2.4744404910E-01  3.4256235900E+00  5.8991691719E-01  8.9437905943E-01 -3.7786641010E+00
