 AIMInt (Version 19.02.13, Professional)
 Portions Copyright (c) 1997-2019 by Todd A. Keith
 AIMInt is a component of the AIMAll package ( http://aim.tkgristmill.com )

 TP:  64-bit Linux

 Licensed To:  Research Group of Fernando Cortes Guzman, UNAM, fercor@unam.mx

 AIMInt is a heavily modified and extended version of the PROAIMV program
 developed by members of R.F.W. Bader's research group

 Much of the Quantum Theory of Atoms in Molecules (QTAIM) is described in the book:
   "Atoms in Molecules - A Quantum Theory"
   R.F.W. Bader, Oxford University Press, Oxford, 1990

 For additional references see:  http://aim.tkgristmill.com/references.html

 Current Directory:  /home/scratch/M_H2O_4_cuadrado_plano/Opt

 Inp File:  Mn2_cuadrado_plano_cc-pvtz-def2-tzv_2_atomicfiles/mn1.inp
 Wfx File:  Mn2_cuadrado_plano_cc-pvtz-def2-tzv_2.wfx
 Out File:  Mn2_cuadrado_plano_cc-pvtz-def2-tzv_2_atomicfiles/mn1.int

 Wfx Title:   Mn2_cuadrado_plano_cc-pvtz-def2-tzv_2                                         
 Job Title:   Mn2_cuadrado_plano_cc-pvtz-def2-tzv_2                                         
 
<Atom>
Mn1     
</Atom>
<Nuclei of Molecule>
    13
Mn1       25.0           9.9765953693E-06   1.1429092687E-04  -9.1898544751E-05
O2         8.0          -3.4581872594E+00  -6.0571978682E-03   5.6766210123E-05
H3         1.0          -4.5792040210E+00   9.6486992061E-01   1.1160219484E+00
O4         8.0           3.4582007876E+00   6.0842026356E-03  -2.0312782493E-04
H5         1.0           4.5789403829E+00  -9.6709374973E-01  -1.1144768351E+00
O6         8.0           6.0760753622E-03  -3.4581300560E+00   1.0724137949E-02
H7         1.0           1.4861211253E+00  -4.5579351874E+00   2.0524024395E-01
O8         8.0          -6.0660432387E-03   3.4582242783E+00  -1.0872767236E-02
H9         1.0          -1.4863968576E+00   4.5576769380E+00  -2.0517437042E-01
H10        1.0           1.4698746044E+00   4.5635646655E+00  -2.0489380279E-01
H11        1.0           4.5749400382E+00   9.8040788744E-01   1.1170691024E+00
H12        1.0          -1.4700156370E+00  -4.5629622202E+00   2.0660024205E-01
H13        1.0          -4.5746975321E+00  -9.8235534413E-01  -1.1157291377E+00
</Nuclei of Molecule>
<Total Number of CPs of DelSqRho>
    56
</Total Number of CPs of DelSqRho>
<Number of (3,+3) CPs of DelSqRho>
     9
</Number of (3,+3) CPs of DelSqRho>
<Number of (3,+1) CPs of DelSqRho>
    20
</Number of (3,+1) CPs of DelSqRho>
<Number of (3,-1) CPs of DelSqRho>
    19
</Number of (3,-1) CPs of DelSqRho>
<Number of (3,-3) CPs of DelSqRho>
     8
</Number of (3,-3) CPs of DelSqRho>
<Number of Degenerate CPs of DelSqRho>
     0
</Number of Degenerate CPs of DelSqRho>
<CP of DelSqRho>
CP# = 1       
Type = (3,+3)
Coords =  9.97659535403114E-06  1.14290926826594E-04 -9.18985447960785E-05
DistFromNuc =  6.4009515327E-14
Rho =  1.0482509018E+04
DelSqRho = -5.9875600197E+09
GradDelSqRho = -1.3820570928E-06 -2.7285187298E-04 -7.6624217741E-05
HessDelSqRho_EigVals =  5.6209788877E+16  5.6209788882E+16  5.6209788977E+16
HessDelSqRho_EigVec1 = -3.0447492505E-03  9.9921375308E-01 -3.9529800942E-02
HessDelSqRho_EigVec2 =  9.9999536446E-01  3.0414329886E-03 -1.4402969359E-04
HessDelSqRho_EigVec3 =  2.3689210069E-05  3.9530056234E-02  9.9921838158E-01
</CP of DelSqRho>
<CP of DelSqRho>
CP# = 2       
Type = (3,+1)
Coords =  1.90025586625599E-04 -1.01609067649215E-01  1.29277290286201E-01
DistFromNuc =  1.6457235830E-01
Rho =  9.2351598438E+01
DelSqRho = -5.6763439099E+03
GradDelSqRho =  3.4106051316E-13 -4.3655745685E-11 -1.4551915228E-11
HessDelSqRho_EigVals = -9.7196324409E+03  1.8847692775E+04  1.0106898085E+07
HessDelSqRho_EigVec1 =  9.9999847731E-01  1.7449920568E-03 -1.9607890247E-05
HessDelSqRho_EigVec2 = -1.3584474127E-03  7.8543707232E-01  6.1894002944E-01
HessDelSqRho_EigVec3 =  1.0954461989E-03 -6.1893906035E-01  7.8543824682E-01
</CP of DelSqRho>
<CP of DelSqRho>
CP# = 3       
Type = (3,-1)
Coords = -2.66208141072322E-04  1.62247947427892E-01  2.75248119092393E-02
DistFromNuc =  1.6446908994E-01
Rho =  9.2235453655E+01
DelSqRho = -5.5295331950E+03
GradDelSqRho =  0.0000000000E+00 -2.9103830457E-11  3.6379788071E-12
HessDelSqRho_EigVals = -7.9922735358E+04 -2.2065907499E+04  1.0143189746E+07
HessDelSqRho_EigVec1 =  9.9999852708E-01  1.7150257309E-03 -6.7325648066E-05
HessDelSqRho_EigVec2 =  3.5343150925E-04 -1.6737655878E-01  9.8589297728E-01
HessDelSqRho_EigVec3 = -1.6795630887E-03  9.8589154893E-01  1.6737691839E-01
</CP of DelSqRho>
<CP of DelSqRho>
CP# = 4       
Type = (3,-1)
Coords =  2.87419259128424E-04 -1.62020202120782E-01 -2.77039565300650E-02
DistFromNuc =  1.6446913557E-01
Rho =  9.2235333939E+01
DelSqRho = -5.5295000896E+03
GradDelSqRho = -1.7053025658E-13 -2.9103830457E-11  4.7293724492E-11
HessDelSqRho_EigVals = -7.9926328074E+04 -2.2071506280E+04  1.0143162545E+07
HessDelSqRho_EigVec1 =  9.9999850471E-01  1.7268761617E-03 -9.2047617938E-05
HessDelSqRho_EigVec2 =  3.7973986360E-04 -1.6734827957E-01  9.8589776809E-01
HessDelSqRho_EigVec3 = -1.6871193431E-03  9.8589632884E-01  1.6734868510E-01
</CP of DelSqRho>
<CP of DelSqRho>
CP# = 5       
Type = (3,-1)
Coords =  1.64475116652613E-01  3.97335101255154E-04 -1.08909510744643E-04
DistFromNuc =  1.6446538450E-01
Rho =  9.2224712510E+01
DelSqRho = -5.5185114852E+03
GradDelSqRho = -7.2759576142E-11  4.2632564146E-14  1.4210854715E-14
HessDelSqRho_EigVals = -8.3312790019E+04 -2.7578433971E+04  1.0144801418E+07
HessDelSqRho_EigVec1 = -1.5830845478E-03  9.4030973054E-01  3.4031618312E-01
HessDelSqRho_EigVec2 =  6.8263434638E-04 -3.4031551411E-01  9.4031105751E-01
HessDelSqRho_EigVec3 =  9.9999851393E-01  1.7209034205E-03 -1.0313948652E-04
</CP of DelSqRho>
<CP of DelSqRho>
CP# = 6       
Type = (3,+1)
Coords = -1.57794663047454E-04  1.01847474201031E-01 -1.29453379224532E-01
DistFromNuc =  1.6457235919E-01
Rho =  9.2351582833E+01
DelSqRho = -5.6763360234E+03
GradDelSqRho =  2.8421709430E-14 -1.4551915228E-11  0.0000000000E+00
HessDelSqRho_EigVals = -9.7206077254E+03  1.8845722491E+04  1.0106894964E+07
HessDelSqRho_EigVec1 =  9.9999849665E-01  1.7327347224E-03  6.5794328056E-05
HessDelSqRho_EigVec2 = -1.4016010343E-03  7.8538984031E-01  6.1899986611E-01
HessDelSqRho_EigVec3 =  1.0208883644E-03 -6.1899902776E-01  7.8539108820E-01
</CP of DelSqRho>
<CP of DelSqRho>
CP# = 7       
Type = (3,+1)
Coords =  8.62427296675644E-02 -2.54116666533625E-02  1.37767342819097E-01
DistFromNuc =  1.6459900559E-01
Rho =  9.2329913130E+01
DelSqRho = -5.6611337911E+03
GradDelSqRho =  7.2759576142E-12 -1.0913936421E-11 -1.4551915228E-11
HessDelSqRho_EigVals = -2.0672189719E+04  1.8291823087E+04  1.0095793563E+07
HessDelSqRho_EigVec1 =  2.0921510895E-01  9.7657599415E-01  5.0282858237E-02
HessDelSqRho_EigVec2 =  8.2524969792E-01 -1.4874332346E-01 -5.4482874357E-01
HessDelSqRho_EigVec3 =  5.2458743244E-01 -1.5548231851E-01  8.3703839479E-01
</CP of DelSqRho>
<CP of DelSqRho>
CP# = 8       
Type = (3,+1)
Coords = -8.61097259480439E-02 -2.57088449611457E-02  1.37782687789922E-01
DistFromNuc =  1.6459902512E-01
Rho =  9.2329886696E+01
DelSqRho = -5.6611273163E+03
GradDelSqRho = -7.2759576142E-12 -2.1827872843E-11  0.0000000000E+00
HessDelSqRho_EigVals = -2.0672258286E+04  1.8289809789E+04  1.0095784471E+07
HessDelSqRho_EigVec1 = -2.1255236344E-01  9.7585244561E-01  5.0333857360E-02
HessDelSqRho_EigVec2 =  8.2483406584E-01  1.5156446471E-01  5.4468061913E-01
HessDelSqRho_EigVec3 = -5.2389909011E-01 -1.5729023313E-01  8.3713172556E-01
</CP of DelSqRho>
<CP of DelSqRho>
CP# = 9       
Type = (3,+1)
Coords =  8.61255979083136E-02  2.59456348125670E-02 -1.37967524654377E-01
DistFromNuc =  1.6459904871E-01
Rho =  9.2329827743E+01
DelSqRho = -5.6611128694E+03
GradDelSqRho = -1.4551915228E-11  7.2759576142E-12  4.3655745685E-11
HessDelSqRho_EigVals = -2.0671949162E+04  1.8285994407E+04  1.0095771062E+07
HessDelSqRho_EigVec1 = -2.1255193708E-01  9.7584925609E-01  5.0397454659E-02
HessDelSqRho_EigVec2 =  8.2484995314E-01  1.5153335820E-01  5.4466521474E-01
HessDelSqRho_EigVec3 = -5.2387424907E-01 -1.5733998457E-01  8.3713792198E-01
</CP of DelSqRho>
<CP of DelSqRho>
CP# = 10      
Type = (3,+1)
Coords = -8.62198225343263E-02  2.56380615323364E-02 -1.37953435371303E-01
DistFromNuc =  1.6459904149E-01
Rho =  9.2329842946E+01
DelSqRho = -5.6611174637E+03
GradDelSqRho =  7.2759576142E-12 -3.6379788071E-12  2.9103830457E-11
HessDelSqRho_EigVals = -2.0674580732E+04  1.8290701451E+04  1.0095774225E+07
HessDelSqRho_EigVec1 =  2.0919955948E-01  9.7657939466E-01  5.0281509872E-02
HessDelSqRho_EigVec2 =  8.2526516588E-01 -1.4873481812E-01 -5.4480763565E-01
HessDelSqRho_EigVec3 =  5.2456929981E-01 -1.5546909596E-01  8.3705221456E-01
</CP of DelSqRho>
<CP of DelSqRho>
CP# = 11      
Type = (3,+3)
Coords =  1.14623992808271E-01  1.07342420388951E-01  4.92769419302392E-02
DistFromNuc =  1.6453427263E-01
Rho =  9.2660281988E+01
DelSqRho = -5.8062832853E+03
GradDelSqRho =  4.3655745685E-11  1.4551915228E-11  7.2759576142E-12
HessDelSqRho_EigVals =  2.0945933167E+04  8.1384782530E+04  1.0115992148E+07
HessDelSqRho_EigVec1 = -7.7181320963E-02 -3.4681932632E-01  9.3475098213E-01
HessDelSqRho_EigVec2 = -7.1315260718E-01  6.7439192985E-01  1.9133448152E-01
HessDelSqRho_EigVec3 =  6.9674701475E-01  6.5185265194E-01  2.9938556678E-01
</CP of DelSqRho>
<CP of DelSqRho>
CP# = 12      
Type = (3,+3)
Coords = -1.14962857509441E-01  1.06949381451774E-01  4.92947048749231E-02
DistFromNuc =  1.6453426922E-01
Rho =  9.2660261363E+01
DelSqRho = -5.8062745623E+03
GradDelSqRho =  2.9103830457E-11 -1.4551915228E-11  2.1827872843E-11
HessDelSqRho_EigVals =  2.0942403742E+04  8.1384564395E+04  1.0115991976E+07
HessDelSqRho_EigVec1 =  7.8521159092E-02 -3.4654461357E-01  9.3474127885E-01
HessDelSqRho_EigVec2 =  7.1086818601E-01  6.7683374917E-01  1.9121322678E-01
HessDelSqRho_EigVec3 =  6.9892835805E-01 -6.4946355308E-01 -2.9949331132E-01
</CP of DelSqRho>
<CP of DelSqRho>
CP# = 13      
Type = (3,+3)
Coords =  1.14984452413458E-01 -1.06716615029249E-01 -4.94838004515349E-02
DistFromNuc =  1.6453428983E-01
Rho =  9.2660211086E+01
DelSqRho = -5.8062658122E+03
GradDelSqRho =  1.4551915228E-11  0.0000000000E+00  1.4551915228E-11
HessDelSqRho_EigVals =  2.0942364808E+04  8.1384672914E+04  1.0115980747E+07
HessDelSqRho_EigVec1 =  7.8573036710E-02 -3.4654543852E-01  9.3473661367E-01
HessDelSqRho_EigVec2 =  7.1085242739E-01  6.7685808361E-01  1.9118567189E-01
HessDelSqRho_EigVec3 =  6.9893855551E-01 -6.4943775198E-01 -2.9952546122E-01
</CP of DelSqRho>
<CP of DelSqRho>
CP# = 14      
Type = (3,+3)
Coords = -1.14605068903462E-01 -1.07114817761593E-01 -4.94563017172052E-02
DistFromNuc =  1.6453429644E-01
Rho =  9.2660222406E+01
DelSqRho = -5.8062726037E+03
GradDelSqRho = -2.9103830457E-11 -1.4551915228E-11  1.4551915228E-11
HessDelSqRho_EigVals =  2.0943522431E+04  8.1387435013E+04  1.0115978420E+07
HessDelSqRho_EigVec1 = -7.7193599342E-02 -3.4677114795E-01  9.3476784239E-01
HessDelSqRho_EigVec2 = -7.1314518936E-01  6.7441108130E-01  1.9129462175E-01
HessDelSqRho_EigVec3 =  6.9675324694E-01  6.5185846958E-01  2.9935839477E-01
</CP of DelSqRho>
<CP of DelSqRho>
CP# = 15      
Type = (3,-1)
Coords =  1.39208286800526E-01 -5.29754126945474E-02  2.53849426438385E-01
DistFromNuc =  2.9441617267E-01
Rho =  2.1522506586E+01
DelSqRho =  1.5905327574E+03
GradDelSqRho =  7.8443918028E-12 -4.5474735089E-13  3.8653524825E-12
HessDelSqRho_EigVals = -4.6512680701E+05 -4.6305723930E+03  4.5116631889E+03
HessDelSqRho_EigVec1 =  4.7384934993E-01 -1.8070808098E-01  8.6186506081E-01
HessDelSqRho_EigVec2 =  2.3384465803E-01  9.6940099847E-01  7.4688553773E-02
HessDelSqRho_EigVec3 =  8.4898967572E-01 -1.6615141776E-01 -5.0160765235E-01
</CP of DelSqRho>
<CP of DelSqRho>
CP# = 16      
Type = (3,-1)
Coords =  1.38977397291398E-01  5.36983732623086E-02 -2.54055778714529E-01
DistFromNuc =  2.9441611764E-01
Rho =  2.1522522249E+01
DelSqRho =  1.5905323149E+03
GradDelSqRho = -2.1600499167E-12 -3.2400748751E-12  2.2737367544E-13
HessDelSqRho_EigVals = -4.6512665403E+05 -4.6299674372E+03  4.5107925047E+03
HessDelSqRho_EigVec1 = -4.7306419502E-01 -1.8239139067E-01  8.6194178922E-01
HessDelSqRho_EigVec2 = -2.3715479838E-01  9.6858797362E-01  7.4799324630E-02
HessDelSqRho_EigVec3 =  8.4850920384E-01  1.6902874894E-01  5.0145928353E-01
</CP of DelSqRho>
<CP of DelSqRho>
CP# = 17      
Type = (3,-1)
Coords = -1.39186780844011E-01  5.32050332710846E-02 -2.54033820533282E-01
DistFromNuc =  2.9441614077E-01
Rho =  2.1522513044E+01
DelSqRho =  1.5905317086E+03
GradDelSqRho =  2.8421709430E-13 -3.2400748751E-12  2.4442670110E-12
HessDelSqRho_EigVals = -4.6512652587E+05 -4.6305091072E+03  4.5115893195E+03
HessDelSqRho_EigVec1 =  4.7384439024E-01 -1.8071176986E-01  8.6186701415E-01
HessDelSqRho_EigVec2 =  2.3384446611E-01  9.6940063223E-01  7.4693908044E-02
HessDelSqRho_EigVec3 =  8.4899249673E-01 -1.6614954247E-01 -5.0160349882E-01
</CP of DelSqRho>
<CP of DelSqRho>
CP# = 18      
Type = (3,-3)
Coords =  2.93058054522577E-01  6.15682294881291E-04 -1.13710582358932E-04
DistFromNuc =  2.9304850767E-01
Rho =  2.1329232136E+01
DelSqRho =  1.7364037653E+03
GradDelSqRho =  1.3642420527E-12  1.9539925233E-14 -8.8817841970E-16
HessDelSqRho_EigVals = -4.8455302437E+05 -2.4273147144E+04 -8.3506913406E+03
HessDelSqRho_EigVec1 =  9.9999853336E-01  1.7110513776E-03 -7.4745955745E-05
HessDelSqRho_EigVec2 = -1.5691312452E-03  9.3279894519E-01  3.6039376477E-01
HessDelSqRho_EigVec3 =  6.8637519638E-04 -3.6039311892E-01  9.3280026197E-01
</CP of DelSqRho>
<CP of DelSqRho>
CP# = 19      
Type = (3,-3)
Coords = -2.93038068482743E-01 -3.86457692839389E-04 -7.05591659689357E-05
DistFromNuc =  2.9304847368E-01
Rho =  2.1329241060E+01
DelSqRho =  1.7364035423E+03
GradDelSqRho =  1.2732925825E-11 -1.7763568394E-15 -1.4432899320E-15
HessDelSqRho_EigVals = -4.8455304977E+05 -2.4273182754E+04 -8.3507201714E+03
HessDelSqRho_EigVec1 =  9.9999853810E-01  1.7083663062E-03 -7.2653261213E-05
HessDelSqRho_EigVec2 = -1.5673820112E-03  9.3279958550E-01  3.6039211508E-01
HessDelSqRho_EigVec3 =  6.8345267835E-04 -3.6039147434E-01  9.3280089950E-01
</CP of DelSqRho>
<CP of DelSqRho>
CP# = 20      
Type = (3,-3)
Coords = -4.87114184275777E-04  2.90733705841700E-01  3.80514830633982E-02
DistFromNuc =  2.9311228051E-01
Rho =  2.1343356192E+01
DelSqRho =  1.7261085899E+03
GradDelSqRho =  2.3092638912E-14 -6.3664629124E-12 -4.3556269702E-12
HessDelSqRho_EigVals = -4.8353543552E+05 -2.2892193313E+04 -7.0497309335E+03
HessDelSqRho_EigVec1 = -1.6959390209E-03  9.9154432715E-01  1.2975735462E-01
HessDelSqRho_EigVec2 =  9.9999851567E-01  1.7210557586E-03 -8.1433308339E-05
HessDelSqRho_EigVec3 =  3.0406437732E-04 -1.2975702391E-01  9.9154577418E-01
</CP of DelSqRho>
<CP of DelSqRho>
CP# = 21      
Type = (3,-3)
Coords =  5.07337667978788E-04 -2.90505121769895E-01 -3.82339576298615E-02
DistFromNuc =  2.9311210667E-01
Rho =  2.1343397543E+01
DelSqRho =  1.7261091015E+03
GradDelSqRho = -1.3766765505E-14  2.0463630790E-12 -4.1779912863E-12
HessDelSqRho_EigVals = -4.8353613507E+05 -2.2892295772E+04 -7.0498649983E+03
HessDelSqRho_EigVec1 = -1.6973901985E-03  9.9154496721E-01  1.2975244457E-01
HessDelSqRho_EigVec2 =  9.9999851250E-01  1.7227929839E-03 -8.3536299634E-05
HessDelSqRho_EigVec3 =  3.0636659863E-04 -1.2975210977E-01  9.9154641654E-01
</CP of DelSqRho>
<CP of DelSqRho>
CP# = 22      
Type = (3,-1)
Coords =  2.98417023228158E-04 -1.65584345438207E-01  2.43292352237940E-01
DistFromNuc =  2.9443507743E-01
Rho =  2.1502391276E+01
DelSqRho =  1.5841927217E+03
GradDelSqRho = -1.3433698598E-14  5.6274984672E-12 -7.1906924859E-12
HessDelSqRho_EigVals = -4.6493069984E+05 -2.0440963118E+03  4.5631913340E+03
HessDelSqRho_EigVec1 =  9.8178114387E-04 -5.6394371231E-01  8.2581264549E-01
HessDelSqRho_EigVec2 =  9.9999851229E-01  1.7249034619E-03 -1.0936162874E-05
HessDelSqRho_EigVec3 = -1.4182797108E-03  8.2581142766E-01  5.6394456681E-01
</CP of DelSqRho>
<CP of DelSqRho>
CP# = 23      
Type = (3,-1)
Coords = -2.75494289580079E-04  1.65812338393357E-01 -2.43476510483996E-01
DistFromNuc =  2.9443504166E-01
Rho =  2.1502400122E+01
DelSqRho =  1.5841923763E+03
GradDelSqRho =  2.9476421304E-14 -3.9790393203E-13 -1.6768808564E-12
HessDelSqRho_EigVals = -4.6493069717E+05 -2.0440294039E+03  4.5630850545E+03
HessDelSqRho_EigVec1 =  9.7116924970E-04 -5.6394142608E-01  8.2581421929E-01
HessDelSqRho_EigVec2 =  9.9999851296E-01  1.7245516419E-03  1.6690276285E-06
HessDelSqRho_EigVec3 = -1.4251005016E-03  8.2581298965E-01  5.6394226230E-01
</CP of DelSqRho>
<CP of DelSqRho>
CP# = 24      
Type = (3,-1)
Coords = -1.38960145298390E-01 -5.34678724051868E-02  2.53870976243756E-01
DistFromNuc =  2.9441617615E-01
Rho =  2.1522509653E+01
DelSqRho =  1.5905326306E+03
GradDelSqRho = -9.0949470177E-13  4.0358827391E-12  1.2676082406E-11
HessDelSqRho_EigVals = -4.6512658590E+05 -4.6301005761E+03  4.5109610474E+03
HessDelSqRho_EigVec1 = -4.7307308361E-01 -1.8238393310E-01  8.6193848882E-01
HessDelSqRho_EigVec2 = -2.3714951699E-01  9.6858982649E-01  7.4792075861E-02
HessDelSqRho_EigVec3 =  8.4850572430E-01  1.6902617834E-01  5.0146603761E-01
</CP of DelSqRho>
<CP of DelSqRho>
CP# = 25      
Type = (3,+1)
Coords = -2.04340904264869E-01  1.87629849932413E-01  1.00499663521602E-01
DistFromNuc =  2.9502547303E-01
Rho =  2.1908986862E+01
DelSqRho =  1.4680939607E+03
GradDelSqRho = -3.9790393203E-12 -6.8212102633E-13  2.4442670110E-12
HessDelSqRho_EigVals = -4.5468275455E+05  5.9128137442E+03  2.2947136823E+04
HessDelSqRho_EigVec1 =  6.9286945125E-01 -6.3585271617E-01 -3.4003418486E-01
HessDelSqRho_EigVec2 =  1.1291674578E-01 -3.7007569704E-01  9.2211376033E-01
HessDelSqRho_EigVec3 =  7.1216692710E-01  6.7730000871E-01  1.8461572562E-01
</CP of DelSqRho>
<CP of DelSqRho>
CP# = 26      
Type = (3,+1)
Coords =  2.04360716206081E-01 -1.87400676294610E-01 -1.00684833871496E-01
DistFromNuc =  2.9502546729E-01
Rho =  2.1908986937E+01
DelSqRho =  1.4680930352E+03
GradDelSqRho =  6.8780536822E-12 -4.3200998334E-12  6.8212102633E-13
HessDelSqRho_EigVals = -4.5468242352E+05  5.9128427619E+03  2.2947153241E+04
HessDelSqRho_EigVec1 =  6.9286862187E-01 -6.3585140399E-01 -3.4003832853E-01
HessDelSqRho_EigVec2 =  1.1292205635E-01 -3.7007634384E-01  9.2211285043E-01
HessDelSqRho_EigVec3 =  7.1216689197E-01  6.7730088718E-01  1.8461263827E-01
</CP of DelSqRho>
<CP of DelSqRho>
CP# = 27      
Type = (3,+1)
Coords =  2.03733663358471E-01  1.88335550598253E-01  1.00454039963026E-01
DistFromNuc =  2.9502553939E-01
Rho =  2.1908996174E+01
DelSqRho =  1.4680891034E+03
GradDelSqRho = -9.3791641120E-13 -4.7748471843E-12 -2.8137492336E-12
HessDelSqRho_EigVals = -4.5468207924E+05  5.9132688334E+03  2.2947649730E+04
HessDelSqRho_EigVec1 =  6.9074217302E-01  6.3824555366E-01  3.3987918977E-01
HessDelSqRho_EigVec2 = -1.1147062718E-01 -3.7042479012E-01  9.2214954001E-01
HessDelSqRho_EigVec3 = -7.1445752126E-01  6.7485412357E-01  1.8472239231E-01
</CP of DelSqRho>
<CP of DelSqRho>
CP# = 28      
Type = (3,+1)
Coords = -2.03713708050264E-01 -1.88106870237708E-01 -1.00638064030172E-01
DistFromNuc =  2.9502555243E-01
Rho =  2.1908991199E+01
DelSqRho =  1.4680873124E+03
GradDelSqRho = -8.2422957348E-13 -6.8212102633E-13 -7.7591266745E-12
HessDelSqRho_EigVals = -4.5468138935E+05  5.9132602323E+03  2.2947727955E+04
HessDelSqRho_EigVec1 =  6.9074202533E-01  6.3824521445E-01  3.3988012692E-01
HessDelSqRho_EigVec2 = -1.1147364675E-01 -3.7042323677E-01  9.2214979897E-01
HessDelSqRho_EigVec3 = -7.1445719292E-01  6.7485529701E-01  1.8471937522E-01
</CP of DelSqRho>
<CP of DelSqRho>
CP# = 29      
Type = (3,-1)
Coords =  6.93039600924097E-01  1.29834012699840E-03 -1.42328661758649E-04
DistFromNuc =  6.9303063764E-01
Rho =  2.0442875833E+00
DelSqRho = -3.4207238725E-01
GradDelSqRho = -1.1368683772E-13 -4.9960036108E-16 -2.0816681712E-17
HessDelSqRho_EigVals = -6.3813469399E+02 -2.0085719184E+02  1.9653972333E+03
HessDelSqRho_EigVec1 = -1.5727956947E-03  9.3606008245E-01  3.5183667853E-01
HessDelSqRho_EigVec2 =  6.7006573595E-04 -3.5183604822E-01  9.3606140086E-01
HessDelSqRho_EigVec3 =  9.9999853866E-01  1.7079870442E-03 -7.3855566155E-05
</CP of DelSqRho>
<CP of DelSqRho>
CP# = 30      
Type = (3,-1)
Coords = -6.93019225007039E-01 -1.07379929837354E-03 -3.64601537627472E-05
DistFromNuc =  6.9303022222E-01
Rho =  2.0442932599E+00
DelSqRho = -3.4220577282E-01
GradDelSqRho = -1.1368683772E-13  1.1102230246E-16  3.4694469520E-18
HessDelSqRho_EigVals = -6.3813593946E+02 -2.0085625042E+02  1.9654130194E+03
HessDelSqRho_EigVec1 = -1.5757909731E-03  9.3605767016E-01  3.5184308295E-01
HessDelSqRho_EigVec2 =  6.7828517913E-04 -3.5184243835E-01  9.3605899307E-01
HessDelSqRho_EigVec3 =  9.9999852840E-01  1.7136832601E-03 -8.0483906182E-05
</CP of DelSqRho>
<CP of DelSqRho>
CP# = 31      
Type = (3,-1)
Coords = -1.15137261581397E-03  6.80152066100517E-01  1.09129556949084E-01
DistFromNuc =  6.8875398419E-01
Rho =  2.0960516855E+00
DelSqRho = -2.0217074150E+00
GradDelSqRho = -1.3600232052E-15  8.7396756498E-13  2.4868995752E-13
HessDelSqRho_EigVals = -6.2867328970E+02 -1.6556911652E+02  2.1295328852E+03
HessDelSqRho_EigVec1 =  9.9999851467E-01  1.7214330807E-03 -8.5536984651E-05
HessDelSqRho_EigVec2 =  3.5873606611E-04 -1.5933897380E-01  9.8722386658E-01
HessDelSqRho_EigVec3 = -1.6858104466E-03  9.8722243091E-01  1.5933935467E-01
</CP of DelSqRho>
<CP of DelSqRho>
CP# = 32      
Type = (3,-1)
Coords =  1.16952472677821E-03 -6.79919889557957E-01 -1.09321764082818E-01
DistFromNuc =  6.8875176566E-01
Rho =  2.0960913803E+00
DelSqRho = -2.0225243698E+00
GradDelSqRho =  7.0776717820E-16 -6.0396132540E-13 -2.9132252166E-13
HessDelSqRho_EigVals = -6.2867710684E+02 -1.6556234327E+02  2.1296226510E+03
HessDelSqRho_EigVec1 =  9.9999851908E-01  1.7190494515E-03 -8.1882733967E-05
HessDelSqRho_EigVec2 =  3.5476835194E-04 -1.5935049996E-01  9.8722200761E-01
HessDelSqRho_EigVec3 = -1.6840353961E-03  9.8722057466E-01  1.5935087383E-01
</CP of DelSqRho>
<CP of DelSqRho>
CP# = 33      
Type = (3,+1)
Coords =  7.01869635788682E-04 -4.02531804078484E-01  5.13519796240123E-01
DistFromNuc =  6.5262648549E-01
Rho =  2.6482726491E+00
DelSqRho = -2.3019892178E+01
GradDelSqRho = -4.4408920985E-16  7.4606987255E-14 -1.1368683772E-13
HessDelSqRho_EigVals = -1.1052532960E+02  1.8967392920E+02  3.8876454715E+03
HessDelSqRho_EigVec1 =  9.9999850686E-01  1.7280669260E-03  7.6411288516E-06
HessDelSqRho_EigVec2 = -1.3607965115E-03  7.8472550290E-01  6.1984194221E-01
HessDelSqRho_EigVec3 =  1.0651321710E-03 -6.1984102710E-01  7.8472668275E-01
</CP of DelSqRho>
<CP of DelSqRho>
CP# = 34      
Type = (3,+1)
Coords = -6.95812285337635E-04  4.02753293266984E-01 -5.13708882634205E-01
DistFromNuc =  6.5262628716E-01
Rho =  2.6482752738E+00
DelSqRho = -2.3019993436E+01
GradDelSqRho =  7.0776717820E-16 -2.7355895327E-13  3.8369307731E-13
HessDelSqRho_EigVals = -1.1053088279E+02  1.8968337405E+02  3.8876563368E+03
HessDelSqRho_EigVec1 =  9.9999850565E-01  1.7286938163E-03 -1.8003339741E-05
HessDelSqRho_EigVec2 = -1.3454078450E-03  7.8473403040E-01  6.1983117977E-01
HessDelSqRho_EigVec3 =  1.0856261610E-03 -6.1983022930E-01  7.8473518353E-01
</CP of DelSqRho>
<CP of DelSqRho>
CP# = 35      
Type = (3,+3)
Coords =  4.33468959672990E-01  4.05085126991932E-01  1.90405003166849E-01
DistFromNuc =  6.2303863254E-01
Rho =  3.3569598085E+00
DelSqRho = -4.8955419758E+01
GradDelSqRho =  0.0000000000E+00  1.0658141036E-14 -4.2632564146E-14
HessDelSqRho_EigVals =  3.0574816083E+02  1.1195531379E+03  6.0101032461E+03
HessDelSqRho_EigVec1 = -7.9786353617E-02 -3.5216761936E-01  9.3252994893E-01
HessDelSqRho_EigVec2 = -7.1404779494E-01  6.7295523036E-01  1.9304663807E-01
HessDelSqRho_EigVec3 =  6.9553568155E-01  6.5046846642E-01  3.0515715603E-01
</CP of DelSqRho>
<CP of DelSqRho>
CP# = 36      
Type = (3,+3)
Coords = -4.34804300492027E-01  4.03584622525913E-01  1.90502623438933E-01
DistFromNuc =  6.2303935337E-01
Rho =  3.3569359650E+00
DelSqRho = -4.8954535862E+01
GradDelSqRho =  1.5631940187E-13 -2.3092638912E-13 -9.9475983006E-14
HessDelSqRho_EigVals =  3.0572260984E+02  1.1195256511E+03  6.0100436566E+03
HessDelSqRho_EigVec1 =  8.1173528259E-02 -3.5192675746E-01  9.3250116123E-01
HessDelSqRho_EigVec2 =  7.1176436953E-01  6.7540083622E-01  1.9293831321E-01
HessDelSqRho_EigVec3 =  6.9771221902E-01 -6.4805961749E-01 -3.0531359551E-01
</CP of DelSqRho>
<CP of DelSqRho>
CP# = 37      
Type = (3,+3)
Coords =  4.34822871895115E-01 -4.03360020049952E-01 -1.90680885222406E-01
DistFromNuc =  6.2303927274E-01
Rho =  3.3569411486E+00
DelSqRho = -4.8954499464E+01
GradDelSqRho = -1.1368683772E-13  2.2026824809E-13  1.0658141036E-13
HessDelSqRho_EigVals =  3.0572250703E+02  1.1195227864E+03  6.0100428685E+03
HessDelSqRho_EigVec1 =  8.1158932714E-02 -3.5192537732E-01  9.3250295251E-01
HessDelSqRho_EigVec2 =  7.1176764041E-01  6.7539527862E-01  1.9294570141E-01
HessDelSqRho_EigVec3 =  6.9771058019E-01 -6.4806615898E-01 -3.0530345539E-01
</CP of DelSqRho>
<CP of DelSqRho>
CP# = 38      
Type = (3,+3)
Coords = -4.33448519192734E-01 -4.04855937886715E-01 -1.90592090118314E-01
DistFromNuc =  6.2303890471E-01
Rho =  3.3569580970E+00
DelSqRho = -4.8955189918E+01
GradDelSqRho = -4.2632564146E-14  1.3145040612E-13  3.5527136788E-14
HessDelSqRho_EigVals =  3.0575334581E+02  1.1195401640E+03  6.0100675468E+03
HessDelSqRho_EigVec1 = -7.9780357041E-02 -3.5217959445E-01  9.3252593952E-01
HessDelSqRho_EigVec2 = -7.1404928367E-01  6.7295019803E-01  1.9305867365E-01
HessDelSqRho_EigVec3 =  6.9553484106E-01  6.5046718920E-01  3.0516179421E-01
</CP of DelSqRho>
<CP of DelSqRho>
CP# = 39      
Type = (3,+1)
Coords =  3.42653942608019E-01 -1.12767305746368E-01  5.46811006843338E-01
DistFromNuc =  6.5517167997E-01
Rho =  2.6330127500E+00
DelSqRho = -2.1171087955E+01
GradDelSqRho = -4.9737991503E-14  1.6875389974E-14  1.1368683772E-13
HessDelSqRho_EigVals = -2.1433106206E+02  1.8411804470E+02  3.7235713518E+03
HessDelSqRho_EigVec1 =  1.9961505058E-01  9.7691618784E-01  7.6082806932E-02
HessDelSqRho_EigVec2 =  8.2641626886E-01 -1.2612602889E-01 -5.4875165184E-01
HessDelSqRho_EigVec3 =  5.2648834948E-01 -1.7241515817E-01  8.3251608458E-01
</CP of DelSqRho>
<CP of DelSqRho>
CP# = 40      
Type = (3,+1)
Coords = -3.42145930315570E-01 -1.13980815893145E-01  5.46865205121273E-01
DistFromNuc =  6.5517206235E-01
Rho =  2.6330118756E+00
DelSqRho = -2.1170908037E+01
GradDelSqRho = -1.3855583347E-13 -5.2846615972E-14  5.6843418861E-14
HessDelSqRho_EigVals = -2.1430956067E+02  1.8408700398E+02  3.7235453278E+03
HessDelSqRho_EigVec1 = -2.0294612608E-01  9.7622111461E-01  7.6191897925E-02
HessDelSqRho_EigVec2 =  8.2607942118E-01  1.2891539866E-01  5.4861061773E-01
HessDelSqRho_EigVec3 = -5.2574295983E-01 -1.7427895853E-01  8.3259905405E-01
</CP of DelSqRho>
<CP of DelSqRho>
CP# = 41      
Type = (3,+1)
Coords =  3.42176086976022E-01  1.14197147996253E-01 -5.47044468158619E-01
DistFromNuc =  6.5517147280E-01
Rho =  2.6330273466E+00
DelSqRho = -2.1171294405E+01
GradDelSqRho =  3.5527136788E-15 -6.3948846218E-14  3.3395508581E-13
HessDelSqRho_EigVals = -2.1431873950E+02  1.8410557218E+02  3.7235808645E+03
HessDelSqRho_EigVec1 = -2.0293956483E-01  9.7622401028E-01  7.6172270438E-02
HessDelSqRho_EigVec2 =  8.2607094353E-01  1.2891777953E-01  5.4862282342E-01
HessDelSqRho_EigVec3 = -5.2575881284E-01 -1.7426097635E-01  8.3259280734E-01
</CP of DelSqRho>
<CP of DelSqRho>
CP# = 42      
Type = (3,+1)
Coords = -3.42641820989022E-01  1.12994424493530E-01 -5.46989959502007E-01
DistFromNuc =  6.5517147986E-01
Rho =  2.6330223238E+00
DelSqRho = -2.1171371162E+01
GradDelSqRho =  9.5923269328E-14  3.2862601529E-14  1.1368683772E-13
HessDelSqRho_EigVals = -2.1433147001E+02  1.8412769936E+02  3.7235842151E+03
HessDelSqRho_EigVec1 =  1.9961376253E-01  9.7691675699E-01  7.6078878299E-02
HessDelSqRho_EigVec2 =  8.2640917806E-01 -1.2612476956E-01 -5.4876261982E-01
HessDelSqRho_EigVec3 =  5.2649996792E-01 -1.7241285456E-01  8.3250921398E-01
</CP of DelSqRho>
<CP of DelSqRho>
CP# = 43      
Type = (3,-1)
Coords =  4.69170409829244E-01  1.62781298090083E-01 -9.28471888542307E-01
DistFromNuc =  1.0528349696E+00
Rho =  7.5498901606E-01
DelSqRho =  4.5014657250E+00
GradDelSqRho =  2.5757174171E-14  2.8865798640E-15 -5.3290705182E-15
HessDelSqRho_EigVals = -1.5149869052E+02 -6.5120377305E+00  6.9570101104E+00
HessDelSqRho_EigVec1 = -4.3384612587E-01 -1.5062450434E-01  8.8830726540E-01
HessDelSqRho_EigVec2 = -2.8221877057E-01  9.5902994005E-01  2.4781840659E-02
HessDelSqRho_EigVec3 =  8.5564601595E-01  2.3994547877E-01  4.5858048651E-01
</CP of DelSqRho>
<CP of DelSqRho>
CP# = 44      
Type = (3,-1)
Coords = -4.69884488309322E-01  1.61112139576202E-01 -9.28392377399178E-01
DistFromNuc =  1.0528356446E+00
Rho =  7.5498774644E-01
DelSqRho =  4.5014540802E+00
GradDelSqRho = -1.0569323194E-13  3.8857805862E-15 -5.1514348343E-14
HessDelSqRho_EigVals = -1.5149824318E+02 -6.5129513129E+00  6.9580601786E+00
HessDelSqRho_EigVec1 =  4.3452988066E-01 -1.4908152882E-01  8.8823334804E-01
HessDelSqRho_EigVec2 =  2.7892176191E-01  9.5999674557E-01  2.4675883461E-02
HessDelSqRho_EigVec3 =  8.5637984186E-01 -2.3702520173E-01 -4.5872935397E-01
</CP of DelSqRho>
<CP of DelSqRho>
CP# = 45      
Type = (3,-1)
Coords =  4.69884485777462E-01 -1.60874118058400E-01  9.28217940740382E-01
DistFromNuc =  1.0528335481E+00
Rho =  7.5499026276E-01
DelSqRho =  4.5015083333E+00
GradDelSqRho =  8.7929663550E-14  7.6605388699E-15  3.1974423109E-14
HessDelSqRho_EigVals = -1.5150048059E+02 -6.5128529902E+00  6.9574552059E+00
HessDelSqRho_EigVec1 =  4.3451084467E-01 -1.4907422494E-01  8.8824388617E-01
HessDelSqRho_EigVec2 =  2.7895889355E-01  9.5998652392E-01  2.4653794847E-02
HessDelSqRho_EigVec3 =  8.5637740604E-01 -2.3707119047E-01 -4.5871013623E-01
</CP of DelSqRho>
<CP of DelSqRho>
CP# = 46      
Type = (3,-1)
Coords = -4.69141125644832E-01 -1.62543918750562E-01  9.28292764630903E-01
DistFromNuc =  1.0528335731E+00
Rho =  7.5499217334E-01
DelSqRho =  4.5014785188E+00
GradDelSqRho = -2.5757174171E-14  3.9412917374E-15  3.2862601529E-14
HessDelSqRho_EigVals = -1.5149971675E+02 -6.5120010900E+00  6.9567094286E+00
HessDelSqRho_EigVec1 = -4.3383716851E-01 -1.5062205025E-01  8.8831205621E-01
HessDelSqRho_EigVec2 = -2.8224513591E-01  9.5902254441E-01  2.4767772915E-02
HessDelSqRho_EigVec3 =  8.5564186111E-01  2.3997657657E-01  4.5857196624E-01
</CP of DelSqRho>
<CP of DelSqRho>
CP# = 47      
Type = (3,-3)
Coords =  9.52943695133974E-01  1.74491004817836E-03 -1.69059411186058E-04
DistFromNuc =  9.5293511678E-01
Rho =  8.8680899862E-01
DelSqRho =  8.1903212657E+00
GradDelSqRho =  3.5527136788E-15  9.7144514655E-17 -7.8062556419E-18
HessDelSqRho_EigVals = -2.3351068282E+02 -7.6802717505E+01 -2.3919458782E+01
HessDelSqRho_EigVec1 =  9.9999853883E-01  1.7078314310E-03 -7.5172436651E-05
HessDelSqRho_EigVec2 = -1.5571383148E-03  9.2814562668E-01  3.7221401235E-01
HessDelSqRho_EigVec3 =  7.0544975766E-04 -3.7221335143E-01  9.2814692983E-01
</CP of DelSqRho>
<CP of DelSqRho>
CP# = 48      
Type = (3,-3)
Coords = -9.52924670353565E-01 -1.51723324995489E-03 -1.63694197381307E-05
DistFromNuc =  9.5293604661E-01
Rho =  8.8680771700E-01
DelSqRho =  8.1903107514E+00
GradDelSqRho =  0.0000000000E+00 -6.9388939039E-17  1.3444106939E-17
HessDelSqRho_EigVals = -2.3351020336E+02 -7.6802627810E+01 -2.3919515362E+01
HessDelSqRho_EigVec1 =  9.9999852423E-01  1.7161567824E-03 -7.9684655271E-05
HessDelSqRho_EigVec2 = -1.5631845646E-03  9.2814488961E-01  3.7221582496E-01
HessDelSqRho_EigVec3 =  7.1273961811E-04 -3.7221515109E-01  9.2814620255E-01
</CP of DelSqRho>
<CP of DelSqRho>
CP# = 49      
Type = (3,-3)
Coords = -1.61181170629102E-03  9.49806084661415E-01  1.56406602881230E-01
DistFromNuc =  9.6250138402E-01
Rho =  8.6988632534E-01
DelSqRho =  7.8147027252E+00
GradDelSqRho = -7.8062556419E-18 -2.3980817332E-14  4.4408920985E-16
HessDelSqRho_EigVals = -2.2753053504E+02 -6.7245397168E+01 -1.7829180773E+01
HessDelSqRho_EigVec1 = -1.6843540257E-03  9.8690896164E-01  1.6126953952E-01
HessDelSqRho_EigVec2 =  9.9999851678E-01  1.7203160916E-03 -8.3362551114E-05
HessDelSqRho_EigVec3 =  3.5970583270E-04 -1.6126915991E-01  9.8691039546E-01
</CP of DelSqRho>
<CP of DelSqRho>
CP# = 50      
Type = (3,-3)
Coords =  1.63097154194426E-03 -9.49581327418655E-01 -1.56595469837544E-01
DistFromNuc =  9.6250598074E-01
Rho =  8.6988107541E-01
DelSqRho =  7.8145970201E+00
GradDelSqRho = -1.3270634591E-16  5.2846615972E-14  0.0000000000E+00
HessDelSqRho_EigVals = -2.2752851183E+02 -6.7242414751E+01 -1.7828664648E+01
HessDelSqRho_EigVec1 = -1.6806542517E-03  9.8690780062E-01  1.6127668301E-01
HessDelSqRho_EigVec2 =  9.9999852095E-01  1.7175812764E-03 -8.9551655492E-05
HessDelSqRho_EigVec3 =  3.6538503843E-04 -1.6127629397E-01  9.8690922759E-01
</CP of DelSqRho>
<CP of DelSqRho>
CP# = 51      
Type = (3,-1)
Coords =  9.99388244403758E-04 -5.68367636840581E-01  8.94496411775606E-01
DistFromNuc =  1.0599343971E+00
Rho =  7.3351780452E-01
DelSqRho =  4.3463920557E+00
GradDelSqRho =  1.1235435325E-13 -2.0818902158E-12 -3.7836400679E-13
HessDelSqRho_EigVals = -1.4622676116E+02 -2.3539681278E+00  6.4405426519E+00
HessDelSqRho_EigVec1 =  9.0961360629E-04 -5.2333414502E-01  8.5212707108E-01
HessDelSqRho_EigVec2 =  9.9999851923E-01  1.7208782238E-03 -1.0582841145E-05
HessDelSqRho_EigVec3 = -1.4608685584E-03  8.5212581890E-01  5.2333493542E-01
</CP of DelSqRho>
<CP of DelSqRho>
CP# = 52      
Type = (3,-1)
Coords = -9.49538864669467E-04  5.68593688236831E-01 -8.94682356211349E-01
DistFromNuc =  1.0599348248E+00
Rho =  7.3351571140E-01
DelSqRho =  4.3464141745E+00
GradDelSqRho = -1.0952804825E-13  2.0898838216E-12  3.8280489889E-13
HessDelSqRho_EigVals = -1.4622671908E+02 -2.3546896712E+00  6.4406825482E+00
HessDelSqRho_EigVec1 =  8.8564641348E-04 -5.2333278935E-01  8.5212792891E-01
HessDelSqRho_EigVec2 =  9.9999851656E-01  1.7223652194E-03  1.8453913273E-05
HessDelSqRho_EigVec3 = -1.4773330452E-03  8.5212664848E-01  5.2333353842E-01
</CP of DelSqRho>
<CP of DelSqRho>
CP# = 53      
Type = (3,+1)
Coords =  7.88073018090280E-01  7.16215133060656E-01  4.09545654172680E-01
DistFromNuc =  1.1408973214E+00
Rho =  6.7056845600E-01
DelSqRho =  2.7976165170E+00
GradDelSqRho = -5.0226489634E-13 -3.5349501104E-13 -5.5566662382E-13
HessDelSqRho_EigVals = -9.0228953216E+01  4.9058131144E+00  1.7953375262E+01
HessDelSqRho_EigVec1 =  6.8937572624E-01  6.2334292016E-01  3.6905922554E-01
HessDelSqRho_EigVec2 = -1.1760275917E-01 -4.0640477499E-01  9.0609312430E-01
HessDelSqRho_EigVec3 =  7.1479416555E-01 -6.6804098882E-01 -2.0685873959E-01
</CP of DelSqRho>
<CP of DelSqRho>
CP# = 54      
Type = (3,+1)
Coords = -7.90432635334636E-01  7.13480880422475E-01  4.09720105743406E-01
DistFromNuc =  1.1408931995E+00
Rho =  6.7057144736E-01
DelSqRho =  2.7976873142E+00
GradDelSqRho =  5.6088467204E-13 -3.8546943415E-13 -6.6691097089E-13
HessDelSqRho_EigVals = -9.0232109656E+01  4.9053800075E+00  1.7953529380E+01
HessDelSqRho_EigVec1 =  6.9144923306E-01 -6.2095151916E-01 -3.6921155040E-01
HessDelSqRho_EigVec2 =  1.1917507238E-01 -4.0602716941E-01  9.0605697383E-01
HessDelSqRho_EigVec3 = -7.1252737507E-01 -6.7049321291E-01 -2.0674523265E-01
</CP of DelSqRho>
<CP of DelSqRho>
CP# = 55      
Type = (3,+1)
Coords =  7.90445742653129E-01 -7.13243932286662E-01 -4.09931990746560E-01
DistFromNuc =  1.1408933149E+00
Rho =  6.7057235648E-01
DelSqRho =  2.7976746945E+00
GradDelSqRho = -5.9152682752E-13  4.1477932200E-13  6.7840177920E-13
HessDelSqRho_EigVals = -9.0231526789E+01  4.9055585799E+00  1.7953334346E+01
HessDelSqRho_EigVec1 =  6.9144189087E-01 -6.2094196513E-01 -3.6924136753E-01
HessDelSqRho_EigVec2 =  1.1920614134E-01 -4.0603833240E-01  9.0604788421E-01
HessDelSqRho_EigVec3 = -7.1252930285E-01 -6.7049530092E-01 -2.0673181666E-01
</CP of DelSqRho>
<CP of DelSqRho>
CP# = 56      
Type = (3,+1)
Coords = -7.88052692278249E-01 -7.15984066670616E-01 -4.09738666783971E-01
DistFromNuc =  1.1408988135E+00
Rho =  6.7056726154E-01
DelSqRho =  2.7975815036E+00
GradDelSqRho =  5.2136073236E-13  3.8191672047E-13  5.6232796197E-13
HessDelSqRho_EigVals = -9.0227192448E+01  4.9057174745E+00  1.7953412246E+01
HessDelSqRho_EigVec1 =  6.8937442705E-01  6.2333999857E-01  3.6906658683E-01
HessDelSqRho_EigVec2 = -1.1761210343E-01 -4.0640619579E-01  9.0609127418E-01
HessDelSqRho_EigVec3 =  7.1479388110E-01 -6.6804285058E-01 -2.0685370999E-01
</CP of DelSqRho>
<Path of -GradDelSqRho>
Starting CP# =      2
Ending CP# =     13
Number of Points =    123
  1.9002558663E-04 -1.0160906765E-01  1.2927729029E-01  9.2351598438E+01 -5.6763439099E+03
  2.1578247049E-03 -1.0086268541E-01  1.2832058351E-01  9.3331621050E+01 -5.6689034089E+03
  2.6642253970E-03 -1.0086835815E-01  1.2831868554E-01  9.3323893137E+01 -5.6690333058E+03
  3.1990691670E-03 -1.0087452115E-01  1.2831486383E-01  9.3315424342E+01 -5.6691769357E+03
  3.7550453188E-03 -1.0088109798E-01  1.2830867412E-01  9.3306448558E+01 -5.6693306886E+03
  4.3278222887E-03 -1.0088802712E-01  1.2829980139E-01  9.3297117123E+01 -5.6694922710E+03
  4.9148403451E-03 -1.0089526690E-01  1.2828800032E-01  9.3287527359E+01 -5.6696602573E+03
  5.5145805810E-03 -1.0090279125E-01  1.2827306160E-01  9.3277743236E+01 -5.6698337625E+03
  6.1261476232E-03 -1.0091058510E-01  1.2825479335E-01  9.3267808249E+01 -5.6700122375E+03
  6.7490317598E-03 -1.0091864112E-01  1.2823301038E-01  9.3257753165E+01 -5.6701953467E+03
  7.3829706088E-03 -1.0092695749E-01  1.2820752787E-01  9.3247600697E+01 -5.6703828939E+03
  8.0278664462E-03 -1.0093553657E-01  1.2817815732E-01  9.3237368378E+01 -5.6705747770E+03
  8.6837353540E-03 -1.0094438407E-01  1.2814470375E-01  9.3227070380E+01 -5.6707709599E+03
  9.3506750507E-03 -1.0095350848E-01  1.2810696374E-01  9.3216718698E+01 -5.6709714546E+03
  1.0028843996E-02 -1.0096292082E-01  1.2806472375E-01  9.3206323935E+01 -5.6711763090E+03
  1.0718447471E-02 -1.0097263451E-01  1.2801775876E-01  9.3195895855E+01 -5.6713855996E+03
  1.1419728072E-02 -1.0098266531E-01  1.2796583099E-01  9.3185443764E+01 -5.6715994258E+03
  1.2132959055E-02 -1.0099303142E-01  1.2790868876E-01  9.3174976807E+01 -5.6718179070E+03
  1.2858439530E-02 -1.0100375357E-01  1.2784606521E-01  9.3164504177E+01 -5.6720411793E+03
  1.3596490869E-02 -1.0101485522E-01  1.2777767722E-01  9.3154035291E+01 -5.6722693947E+03
  1.4347453902E-02 -1.0102636278E-01  1.2770322415E-01  9.3143579933E+01 -5.6725027192E+03
  1.5111686595E-02 -1.0103830592E-01  1.2762238664E-01  9.3133148361E+01 -5.6727413329E+03
  1.5889562001E-02 -1.0105071786E-01  1.2753482536E-01  9.3122751417E+01 -5.6729854287E+03
  1.6681466331E-02 -1.0106363581E-01  1.2744017974E-01  9.3112400607E+01 -5.6732352126E+03
  1.7487797002E-02 -1.0107710138E-01  1.2733806663E-01  9.3102108176E+01 -5.6734909032E+03
  1.8308960573E-02 -1.0109116110E-01  1.2722807907E-01  9.3091887174E+01 -5.6737527314E+03
  1.9145370478E-02 -1.0110586698E-01  1.2710978492E-01  9.3081751511E+01 -5.6740209407E+03
  1.9997444458E-02 -1.0112127717E-01  1.2698272560E-01  9.3071715997E+01 -5.6742957867E+03
  2.0865601644E-02 -1.0113745665E-01  1.2684641490E-01  9.3061796371E+01 -5.6745775369E+03
  2.1750259198E-02 -1.0115447807E-01  1.2670033777E-01  9.3052009319E+01 -5.6748664707E+03
  2.2651828459E-02 -1.0117242260E-01  1.2654394932E-01  9.3042372464E+01 -5.6751628784E+03
  2.3570710541E-02 -1.0119138094E-01  1.2637667389E-01  9.3032904347E+01 -5.6754670611E+03
  2.4507291325E-02 -1.0121145438E-01  1.2619790444E-01  9.3023624370E+01 -5.6757793295E+03
  2.5461935811E-02 -1.0123275599E-01  1.2600700203E-01  9.3014552719E+01 -5.6761000032E+03
  2.6434981819E-02 -1.0125541191E-01  1.2580329576E-01  9.3005710252E+01 -5.6764294091E+03
  2.7426733038E-02 -1.0127956269E-01  1.2558608298E-01  9.2997118351E+01 -5.6767678796E+03
  2.8437451444E-02 -1.0130536477E-01  1.2535463002E-01  9.2988798728E+01 -5.6771157511E+03
  2.9467349171E-02 -1.0133299203E-01  1.2510817326E-01  9.2980773202E+01 -5.6774733614E+03
  3.0516579921E-02 -1.0136263736E-01  1.2484592091E-01  9.2973063426E+01 -5.6778410467E+03
