 AIMInt (Version 19.02.13, Professional)
 Portions Copyright (c) 1997-2019 by Todd A. Keith
 AIMInt is a component of the AIMAll package ( http://aim.tkgristmill.com )

 TP:  64-bit Linux

 Licensed To:  Research Group of Fernando Cortes Guzman, UNAM, fercor@unam.mx

 AIMInt is a heavily modified and extended version of the PROAIMV program
 developed by members of R.F.W. Bader's research group

 Much of the Quantum Theory of Atoms in Molecules (QTAIM) is described in the book:
   "Atoms in Molecules - A Quantum Theory"
   R.F.W. Bader, Oxford University Press, Oxford, 1990

 For additional references see:  http://aim.tkgristmill.com/references.html

 Current Directory:  /home/scratch/M_H2O_4_cuadrado_plano/Opt

 Inp File:  Mn2_cuadrado_plano_cc-pvtz-def2-tzv_2_atomicfiles/o2.inp
 Wfx File:  Mn2_cuadrado_plano_cc-pvtz-def2-tzv_2.wfx
 Out File:  Mn2_cuadrado_plano_cc-pvtz-def2-tzv_2_atomicfiles/o2.int

 Wfx Title:   Mn2_cuadrado_plano_cc-pvtz-def2-tzv_2                                         
 Job Title:   Mn2_cuadrado_plano_cc-pvtz-def2-tzv_2                                         
 
<Atom>
O2      
</Atom>
<Nuclei of Molecule>
    13
Mn1       25.0           9.9765953693E-06   1.1429092687E-04  -9.1898544751E-05
O2         8.0          -3.4581872594E+00  -6.0571978682E-03   5.6766210123E-05
H3         1.0          -4.5792040210E+00   9.6486992061E-01   1.1160219484E+00
O4         8.0           3.4582007876E+00   6.0842026356E-03  -2.0312782493E-04
H5         1.0           4.5789403829E+00  -9.6709374973E-01  -1.1144768351E+00
O6         8.0           6.0760753622E-03  -3.4581300560E+00   1.0724137949E-02
H7         1.0           1.4861211253E+00  -4.5579351874E+00   2.0524024395E-01
O8         8.0          -6.0660432387E-03   3.4582242783E+00  -1.0872767236E-02
H9         1.0          -1.4863968576E+00   4.5576769380E+00  -2.0517437042E-01
H10        1.0           1.4698746044E+00   4.5635646655E+00  -2.0489380279E-01
H11        1.0           4.5749400382E+00   9.8040788744E-01   1.1170691024E+00
H12        1.0          -1.4700156370E+00  -4.5629622202E+00   2.0660024205E-01
H13        1.0          -4.5746975321E+00  -9.8235534413E-01  -1.1157291377E+00
</Nuclei of Molecule>
<Total Number of CPs of DelSqRho>
    36
</Total Number of CPs of DelSqRho>
<Number of (3,+3) CPs of DelSqRho>
     5
</Number of (3,+3) CPs of DelSqRho>
<Number of (3,+1) CPs of DelSqRho>
    14
</Number of (3,+1) CPs of DelSqRho>
<Number of (3,-1) CPs of DelSqRho>
    11
</Number of (3,-1) CPs of DelSqRho>
<Number of (3,-3) CPs of DelSqRho>
     6
</Number of (3,-3) CPs of DelSqRho>
<Number of Degenerate CPs of DelSqRho>
     0
</Number of Degenerate CPs of DelSqRho>
<CP of DelSqRho>
CP# = 1       
Type = (3,+3)
Coords = -3.45818761193598E+00 -6.05719882882005E-03  5.67662938233802E-05
DistFromNuc =  3.5249029690E-07
Rho =  2.9723614587E+02
DelSqRho = -3.3286284371E+06
GradDelSqRho = -2.0962503186E-05  7.8235018464E-09 -4.3754866397E-10
HessDelSqRho_EigVals =  1.3237201089E+11  1.3237203026E+11  1.3237203771E+11
HessDelSqRho_EigVec1 = -1.7065902086E-03  7.5516382772E-01 -6.5553388994E-01
HessDelSqRho_EigVec2 =  9.9999694645E-01  2.4604294398E-03  2.3102133768E-04
HessDelSqRho_EigVec3 = -1.7873538393E-03  6.5553149397E-01  7.5516572074E-01
</CP of DelSqRho>
<CP of DelSqRho>
CP# = 2       
Type = (3,-1)
Coords = -2.00107671825050E+00 -3.51839455235352E-03 -1.53918127232656E-04
DistFromNuc =  1.4571127682E+00
Rho =  1.5776075750E-01
DelSqRho =  4.3364338256E-01
GradDelSqRho = -5.2735593670E-15 -1.1872013789E-17 -3.7947076037E-19
HessDelSqRho_EigVals = -5.2200129032E-01 -4.2461784391E-01  5.1238253122E+00
HessDelSqRho_EigVec1 =  9.5167409926E-04 -5.3322470725E-01  8.4597311180E-01
HessDelSqRho_EigVec2 = -1.5746115284E-03  8.4597164709E-01  5.3322555538E-01
HessDelSqRho_EigVec3 =  9.9999830746E-01  1.8395359647E-03  3.4532466013E-05
</CP of DelSqRho>
<CP of DelSqRho>
CP# = 3       
Type = (3,-1)
Coords = -3.29137048921094E+00 -5.68176910380476E-03  1.51054046931155E-05
DistFromNuc =  1.6681719790E-01
Rho =  2.2775188274E+01
DelSqRho =  1.2956956862E+03
GradDelSqRho =  8.2422957348E-12  4.2632564146E-14  3.2057689836E-15
HessDelSqRho_EigVals = -4.5442441063E+05 -3.4604781790E+03  3.3765209631E+02
HessDelSqRho_EigVec1 =  9.9999743085E-01  2.2529984723E-03 -2.4958720360E-04
HessDelSqRho_EigVec2 = -1.8642911099E-03  7.5480293055E-01 -6.5594897702E-01
HessDelSqRho_EigVec3 = -1.2894628904E-03  6.5594775709E-01  7.5480519159E-01
</CP of DelSqRho>
<CP of DelSqRho>
CP# = 4       
Type = (3,-1)
Coords = -3.62709899390599E+00 -6.42383385339291E-03  2.51939029386587E-05
DistFromNuc =  1.6891213532E-01
Rho =  2.2313908875E+01
DelSqRho =  1.2483167903E+03
GradDelSqRho =  4.4281023293E-11  2.5535129566E-15 -2.0650148258E-14
HessDelSqRho_EigVals = -4.0388957093E+05 -1.6921666100E+03  1.7261406931E+03
HessDelSqRho_EigVec1 =  9.9999763282E-01  2.1676130303E-03  1.8923172728E-04
HessDelSqRho_EigVec2 = -1.5146024264E-03  7.5589471496E-01 -6.5469144325E-01
HessDelSqRho_EigVec3 = -1.5621569658E-03  6.5468960687E-01  7.5589620870E-01
</CP of DelSqRho>
<CP of DelSqRho>
CP# = 5       
Type = (3,+1)
Coords = -3.51288578290408E+00 -1.26462624159147E-01  1.04347349661603E-01
DistFromNuc =  1.6842185412E-01
Rho =  2.2546855422E+01
DelSqRho =  1.2320307920E+03
GradDelSqRho = -1.2221335055E-12 -2.3732127374E-12 -1.1752376849E-11
HessDelSqRho_EigVals = -4.1062790405E+05  2.2657397294E+03  3.5409773231E+03
HessDelSqRho_EigVec1 =  3.1996204485E-01  7.1613871275E-01 -6.2029802027E-01
HessDelSqRho_EigVec2 =  9.4742385174E-01 -2.3942254422E-01  2.1228492758E-01
HessDelSqRho_EigVec3 = -3.5121245855E-03  6.5560825911E-01  7.5509302445E-01
</CP of DelSqRho>
<CP of DelSqRho>
CP# = 6       
Type = (3,+1)
Coords = -3.51345892173018E+00  1.14084260984262E-01 -1.04234666367965E-01
DistFromNuc =  1.6842098948E-01
Rho =  2.2547039584E+01
DelSqRho =  1.2320513380E+03
GradDelSqRho = -3.0979663279E-12 -7.0912165029E-12 -3.8227199184E-12
HessDelSqRho_EigVals = -4.1064802605E+05  2.2648158843E+03  3.5402118673E+03
HessDelSqRho_EigVec1 = -3.2337137772E-01  7.1459864030E-01 -6.2030616259E-01
HessDelSqRho_EigVec2 =  9.4627203927E-01  2.4390741529E-01 -2.1231674559E-01
HessDelSqRho_EigVec3 =  4.2398490294E-04  6.5563553598E-01  7.5507738954E-01
</CP of DelSqRho>
<CP of DelSqRho>
CP# = 7       
Type = (3,-3)
Coords = -3.33155381321667E+00 -7.73061635906093E-02 -8.23285138942239E-02
DistFromNuc =  1.6703226993E-01
Rho =  2.2697448226E+01
DelSqRho =  1.2968244709E+03
GradDelSqRho = -2.1458390620E-11  1.1738165995E-11  5.3077542361E-12
HessDelSqRho_EigVals = -4.4968401451E+05 -3.7559852099E+03 -5.7416923140E+02
HessDelSqRho_EigVec1 =  7.6040840077E-01 -4.2481116999E-01 -4.9123775699E-01
HessDelSqRho_EigVec2 = -1.5680743865E-03  7.5519285828E-01 -6.5550079172E-01
HessDelSqRho_EigVec3 =  6.4944330406E-01  4.9921860608E-01  5.7358885812E-01
</CP of DelSqRho>
<CP of DelSqRho>
CP# = 8       
Type = (3,-3)
Coords = -3.33190440984902E+00  6.58183984689993E-02  8.24358619947502E-02
DistFromNuc =  1.6703225699E-01
Rho =  2.2697437394E+01
DelSqRho =  1.2968271701E+03
GradDelSqRho = -1.1084466678E-11 -3.7587710722E-12 -1.3358203432E-12
HessDelSqRho_EigVals = -4.4968466073E+05 -3.7561949020E+03 -5.7462750383E+02
HessDelSqRho_EigVec1 =  7.5831792439E-01  4.2857662433E-01  4.9119853688E-01
HessDelSqRho_EigVec2 = -2.1177973021E-03  7.5512068377E-01 -6.5558238833E-01
HessDelSqRho_EigVec3 = -6.5188146199E-01  4.9609961704E-01  5.7352918799E-01
</CP of DelSqRho>
<CP of DelSqRho>
CP# = 9       
Type = (3,+1)
Coords = -2.79095958140666E+00 -4.50777066353030E-03 -1.39837134469443E-05
DistFromNuc =  6.6722948082E-01
Rho =  8.6074078022E-01
DelSqRho = -3.4894385035E+00
GradDelSqRho = -2.6645352591E-14 -1.2490009027E-16  1.8247122563E-16
HessDelSqRho_EigVals = -6.2512433083E+00  1.9724622348E+01  2.4574441277E+02
HessDelSqRho_EigVec1 = -1.8203727660E-03  7.4438580339E-01 -6.6774730396E-01
HessDelSqRho_EigVec2 = -1.4851339937E-03  6.6774566148E-01  7.4438802109E-01
HessDelSqRho_EigVec3 =  9.9999724031E-01  2.3467579012E-03 -1.1003335576E-04
</CP of DelSqRho>
<CP of DelSqRho>
CP# = 10      
Type = (3,-1)
Coords = -4.18512166958373E+00 -7.73209659416143E-03  5.92007635268398E-05
DistFromNuc =  7.2693633967E-01
Rho =  6.6269858954E-01
DelSqRho = -9.4922637853E-01
GradDelSqRho = -5.7465143755E-13 -1.2083858220E-12  1.0151189785E-12
HessDelSqRho_EigVals = -1.9011490580E+01 -6.4139409934E+00  1.3077301968E+02
HessDelSqRho_EigVec1 = -1.5472977409E-03  6.7255856833E-01  7.4004228125E-01
HessDelSqRho_EigVec2 = -1.6948376421E-03  7.4004034051E-01 -6.7256034818E-01
HessDelSqRho_EigVec3 =  9.9999736669E-01  2.2949026224E-03  5.1851689777E-06
</CP of DelSqRho>
<CP of DelSqRho>
CP# = 11      
Type = (3,-1)
Coords = -3.21837322096282E+00  4.41859159341219E-01  5.08027501394338E-01
DistFromNuc =  7.1845257597E-01
Rho =  6.6775203386E-01
DelSqRho = -9.4939718795E-01
GradDelSqRho = -1.7763568394E-15  3.2196467714E-15 -1.0103029524E-14
HessDelSqRho_EigVals = -1.5951445894E+01 -1.2021508553E+01  1.4064780590E+02
HessDelSqRho_EigVec1 =  9.3078298901E-01 -2.7962836877E-01 -2.3548036596E-01
HessDelSqRho_EigVec2 =  4.9800517170E-02  7.3512487561E-01 -6.7610008560E-01
HessDelSqRho_EigVec3 =  3.6216423880E-01  6.1757541453E-01  6.9816736640E-01
</CP of DelSqRho>
<CP of DelSqRho>
CP# = 12      
Type = (3,-1)
Coords = -3.21637126485791E+00 -4.52914712294433E-01 -5.07908635593464E-01
DistFromNuc =  7.1846048108E-01
Rho =  6.6775026682E-01
DelSqRho = -9.4942204384E-01
GradDelSqRho = -1.7763568394E-15  3.3306690739E-16 -1.2212453271E-15
HessDelSqRho_EigVals = -1.5952832244E+01 -1.2020009724E+01  1.4064146614E+02
HessDelSqRho_EigVec1 =  9.2952396178E-01  2.8378087456E-01  2.3548592251E-01
HessDelSqRho_EigVec2 = -5.3076808336E-02  7.3489355945E-01 -6.7610229159E-01
HessDelSqRho_EigVec3 = -3.6492198740E-01  6.1595443947E-01  6.9816335596E-01
</CP of DelSqRho>
<CP of DelSqRho>
CP# = 13      
Type = (3,+1)
Coords = -3.77445530037503E+00  7.19740606382791E-03  6.19838850923414E-01
DistFromNuc =  6.9593892747E-01
Rho =  7.7188394192E-01
DelSqRho = -2.4793800517E+00
GradDelSqRho = -6.2172489379E-15  1.5210055437E-14  8.3266726847E-15
HessDelSqRho_EigVals = -1.2797935262E+01  1.3793764219E+01  1.7867838944E+02
HessDelSqRho_EigVec1 = -4.5656663274E-01  8.8022617138E-01 -1.2941714370E-01
HessDelSqRho_EigVec2 =  7.8871800953E-01  4.6775298587E-01  3.9891232827E-01
HessDelSqRho_EigVec3 = -4.1166832682E-01 -8.0056426493E-02  9.0781063955E-01
</CP of DelSqRho>
<CP of DelSqRho>
CP# = 14      
Type = (3,+1)
Coords = -3.77446933354136E+00 -2.08874230531566E-02 -6.19688714055712E-01
DistFromNuc =  6.9594449943E-01
Rho =  7.7187038118E-01
DelSqRho = -2.4792924236E+00
GradDelSqRho = -1.7319479184E-14  1.3322676296E-14 -5.9952043330E-15
HessDelSqRho_EigVals = -1.2799807200E+01  1.3794254962E+01  1.7867265243E+02
HessDelSqRho_EigVec1 =  4.5238505575E-01  8.8235950121E-01 -1.2957419482E-01
HessDelSqRho_EigVec2 =  7.9087122652E-01 -4.6406562322E-01 -3.9895588780E-01
HessDelSqRho_EigVec3 =  4.1215344764E-01 -7.8005179166E-02  9.0776909378E-01
</CP of DelSqRho>
<CP of DelSqRho>
CP# = 15      
Type = (3,+3)
Coords = -3.89091253517615E+00  3.87415940196356E-01  4.36118059961046E-01
DistFromNuc =  7.2953528122E-01
Rho =  7.3951917706E-01
DelSqRho = -2.9286818286E+00
GradDelSqRho =  4.9473758423E-12 -4.8476778147E-12 -4.9462656193E-12
HessDelSqRho_EigVals =  1.0350512810E+01  2.2778123098E+01  1.3287758991E+02
HessDelSqRho_EigVec1 =  1.2512049173E-02  7.4275198267E-01 -6.6944972990E-01
HessDelSqRho_EigVec2 =  8.0939974117E-01  3.8558885550E-01  4.4293712139E-01
HessDelSqRho_EigVec3 =  5.8712478028E-01 -5.4739448915E-01 -5.9635875581E-01
</CP of DelSqRho>
<CP of DelSqRho>
CP# = 16      
Type = (3,+3)
Coords = -3.23146418608616E+00 -4.52275058791539E-01  3.93297661046024E-01
DistFromNuc =  6.3651561864E-01
Rho =  9.6743735302E-01
DelSqRho = -4.4623007114E+00
GradDelSqRho = -4.7188919439E-12 -4.1310010968E-13  2.5494883982E-13
HessDelSqRho_EigVals =  1.0902410792E+01  2.4057705320E+01  3.4091279711E+02
HessDelSqRho_EigVec1 =  9.4130086689E-01  2.6947740981E-01 -2.0330913310E-01
HessDelSqRho_EigVec2 = -2.3673652935E-02  6.5348951035E-01  7.5656527677E-01
HessDelSqRho_EigVec3 = -3.3673763697E-01  7.0734248103E-01 -6.2150975727E-01
</CP of DelSqRho>
<CP of DelSqRho>
CP# = 17      
Type = (3,+3)
Coords = -3.23370350184429E+00  4.41233913874061E-01 -3.93216147661265E-01
DistFromNuc =  6.3649499672E-01
Rho =  9.6750929014E-01
DelSqRho = -4.4629826348E+00
GradDelSqRho = -6.8869354664E-12 -5.3528848021E-12  4.8203663283E-12
HessDelSqRho_EigVals =  1.0909887706E+01  2.4059945032E+01  3.4101514444E+02
HessDelSqRho_EigVec1 =  9.4261865579E-01 -2.6508197281E-01  2.0298181555E-01
HessDelSqRho_EigVec2 =  2.0860327559E-02  6.5353684205E-01  7.5660719189E-01
HessDelSqRho_EigVec3 =  3.3321902179E-01  7.0895778702E-01 -6.2156571634E-01
</CP of DelSqRho>
<CP of DelSqRho>
CP# = 18      
Type = (3,+3)
Coords = -3.88911244221704E+00 -4.01601668009746E-01 -4.35922074769905E-01
DistFromNuc =  7.2954060256E-01
Rho =  7.3950822516E-01
DelSqRho = -2.9285713601E+00
GradDelSqRho = -3.4143798899E-12 -2.4741320104E-12 -3.8886671661E-12
HessDelSqRho_EigVals =  1.0351393147E+01  2.2777896400E+01  1.3287056126E+02
HessDelSqRho_EigVec1 = -1.6011516645E-02  7.4259351063E-01 -6.6955097588E-01
HessDelSqRho_EigVec2 = -8.1113983884E-01  3.8189503747E-01  4.4295410847E-01
HessDelSqRho_EigVec3 =  5.8463304148E-01  5.5019183775E-01  5.9623246178E-01
</CP of DelSqRho>
<CP of DelSqRho>
CP# = 19      
Type = (3,+1)
Coords = -3.77541066387053E+00 -6.17210349756632E-01 -9.71730733707562E-02
DistFromNuc =  6.9540815719E-01
Rho =  7.7546985640E-01
DelSqRho = -2.5427376747E+00
GradDelSqRho =  4.4408920985E-15 -3.4416913763E-15 -3.4416913763E-15
HessDelSqRho_EigVals = -1.2030739218E+01  1.4515738733E+01  1.7975356902E+02
HessDelSqRho_EigVec1 =  4.5129317220E-01 -2.4582534472E-01  8.5784868865E-01
HessDelSqRho_EigVec2 =  7.9104230404E-01 -3.3472373778E-01 -5.1206649235E-01
HessDelSqRho_EigVec3 =  4.1302124151E-01  9.0968671490E-01  4.3399709649E-02
</CP of DelSqRho>
<CP of DelSqRho>
CP# = 20      
Type = (3,+1)
Coords = -3.77826517708707E+00  6.03580627632019E-01  9.74350781352976E-02
DistFromNuc =  6.9540685018E-01
Rho =  7.7547674132E-01
DelSqRho = -2.5429754517E+00
GradDelSqRho =  1.1102230246E-14 -4.4408920985E-15 -7.7715611724E-15
HessDelSqRho_EigVals = -1.2030737464E+01  1.4518782052E+01  1.7976311081E+02
HessDelSqRho_EigVec1 = -4.5002272926E-01 -2.4808364767E-01  8.5786598424E-01
HessDelSqRho_EigVec2 =  7.8953426256E-01  3.3833658979E-01  5.1201953112E-01
HessDelSqRho_EigVec3 = -4.1727112456E-01  9.0773501407E-01  4.3611384271E-02
</CP of DelSqRho>
<CP of DelSqRho>
CP# = 21      
Type = (3,+1)
Coords = -2.20525104036159E+00 -3.95762404672694E-03  5.89689356924564E-04
DistFromNuc =  1.2529380916E+00
Rho =  2.3854789742E-01
DelSqRho =  4.7828233150E-01
GradDelSqRho = -8.3266726847E-17  8.0230960764E-18  1.5043305143E-17
HessDelSqRho_EigVals = -8.0705673924E+00  1.3010149853E-01  5.2640632376E-01
HessDelSqRho_EigVec1 =  9.9999846232E-01  1.6667811369E-03  5.4516568046E-04
HessDelSqRho_EigVec2 =  7.0094266742E-04 -6.6485378120E-01  7.4697319785E-01
HessDelSqRho_EigVec3 = -1.6074963000E-03  7.4697166711E-01  6.6485392718E-01
</CP of DelSqRho>
<CP of DelSqRho>
CP# = 22      
Type = (3,-1)
Coords = -3.63719664117761E+00  1.16060658677059E+00 -1.61761139319834E-01
DistFromNuc =  1.1913579562E+00
Rho =  2.4527734507E-01
DelSqRho =  7.1412621944E-01
GradDelSqRho = -1.3156142842E-14 -6.3837823916E-14 -2.5951463201E-15
HessDelSqRho_EigVals = -1.7326575129E+01 -1.0756853984E+00  3.1708161307E-01
HessDelSqRho_EigVec1 = -1.3489993976E-01  9.8011760970E-01 -1.4550421786E-01
HessDelSqRho_EigVec2 = -6.7039377868E-01  1.7852549100E-02  7.4179071711E-01
HessDelSqRho_EigVec3 =  7.2963976574E-01  1.9761264548E-01  6.5465644012E-01
</CP of DelSqRho>
<CP of DelSqRho>
CP# = 23      
Type = (3,-1)
Coords = -3.63173955381826E+00 -1.17354318422957E+00  1.61927042809661E-01
DistFromNuc =  1.1913630486E+00
Rho =  2.4528317520E-01
DelSqRho =  7.1409203204E-01
GradDelSqRho = -1.1102230246E-16 -3.8857805862E-16  2.8449465006E-16
HessDelSqRho_EigVals = -1.7325128386E+01 -1.0763171328E+00  3.1714528993E-01
HessDelSqRho_EigVec1 =  1.3032224410E-01  9.8072901172E-01 -1.4555658099E-01
HessDelSqRho_EigVec2 =  6.7038953882E-01  2.0999087816E-02  7.4171214400E-01
HessDelSqRho_EigVec3 =  7.3047517339E-01 -1.9424120029E-01 -6.5473382162E-01
</CP of DelSqRho>
<CP of DelSqRho>
CP# = 24      
Type = (3,-1)
Coords = -3.59993572161406E+00 -2.56632305223484E-01  1.15470346712647E+00
DistFromNuc =  1.1899955945E+00
Rho =  2.4509162017E-01
DelSqRho =  7.2108035781E-01
GradDelSqRho = -2.8449465006E-16  3.6082248300E-16 -5.5511151231E-17
HessDelSqRho_EigVals = -1.7202666851E+01 -1.2877603391E+00  2.8856243446E-01
HessDelSqRho_EigVec1 = -9.9281066711E-02 -2.1853650885E-01  9.7076519514E-01
HessDelSqRho_EigVec2 = -6.9317934661E-01  7.1511240358E-01  9.0092417402E-02
HessDelSqRho_EigVec3 =  7.1389471438E-01  6.6396991238E-01  2.2248211666E-01
</CP of DelSqRho>
<CP of DelSqRho>
CP# = 25      
Type = (3,-1)
Coords = -3.60112850379348E+00  2.43712957613353E-01 -1.15461172173135E+00
DistFromNuc =  1.1899901878E+00
Rho =  2.4509082522E-01
DelSqRho =  7.2110607765E-01
GradDelSqRho = -4.6837533851E-16 -2.2204460493E-16 -3.7747582837E-15
HessDelSqRho_EigVals = -1.7203222234E+01 -1.2874425835E+00  2.8845714291E-01
HessDelSqRho_EigVec1 =  1.0032220814E-01 -2.1794291015E-01  9.7079160610E-01
HessDelSqRho_EigVec2 =  6.8985864482E-01  7.1833108001E-01  8.9975050179E-02
HessDelSqRho_EigVec3 =  7.1695920715E-01 -6.6068248608E-01 -2.2241436077E-01
</CP of DelSqRho>
<CP of DelSqRho>
CP# = 26      
Type = (3,-3)
Coords = -3.05423246946172E+00  7.20032436816608E-01  7.80629036300841E-01
DistFromNuc =  1.1400345165E+00
Rho =  2.4755693674E-01
DelSqRho =  8.4807218949E-01
GradDelSqRho = -1.1657341759E-15 -1.1934897515E-15 -8.4654505628E-16
HessDelSqRho_EigVals = -1.7589443139E+01 -1.9052901277E+00 -5.1193929449E-01
HessDelSqRho_EigVec1 =  3.9107550221E-01  6.2444075978E-01  6.7611662389E-01
HessDelSqRho_EigVec2 =  9.2035763817E-01 -2.6639662564E-01 -2.8631216479E-01
HessDelSqRho_EigVec3 = -1.3302014251E-03 -7.3423877272E-01  6.7889001701E-01
</CP of DelSqRho>
<CP of DelSqRho>
CP# = 27      
Type = (3,-3)
Coords = -3.05096972561950E+00 -7.30306330741947E-01 -7.80555422943371E-01
DistFromNuc =  1.1400518919E+00
Rho =  2.4756468326E-01
DelSqRho =  8.4802021413E-01
GradDelSqRho = -1.0408340856E-15  7.5980888248E-16  1.3045120539E-15
HessDelSqRho_EigVals = -1.7587466827E+01 -1.9060516717E+00 -5.1176647393E-01
HessDelSqRho_EigVec1 = -3.9387764706E-01  6.2264370097E-01  6.7614733660E-01
HessDelSqRho_EigVec2 = -9.1915052888E-01 -2.7062371049E-01 -2.8622563230E-01
HessDelSqRho_EigVec3 = -4.7649140619E-03  7.3421906061E-01 -6.7889591737E-01
</CP of DelSqRho>
<CP of DelSqRho>
CP# = 28      
Type = (3,+1)
Coords = -4.14938526282546E+00  5.98055818096308E-01  6.90141199956075E-01
DistFromNuc =  1.1484440525E+00
Rho =  4.1698330754E-01
DelSqRho = -9.7584306930E-01
GradDelSqRho =  1.0547118734E-15 -3.0114799543E-15 -5.4123372450E-15
HessDelSqRho_EigVals = -3.1972357672E+01  1.4955426959E+01  1.5973531093E+01
HessDelSqRho_EigVec1 =  6.0616029634E-01 -5.2093962051E-01 -6.0099218541E-01
HessDelSqRho_EigVec2 =  7.6640303363E-04  7.5602169906E-01 -6.5454610470E-01
HessDelSqRho_EigVec3 =  7.9534213252E-01  3.9629925856E-01  4.5866958685E-01
</CP of DelSqRho>
<CP of DelSqRho>
CP# = 29      
Type = (3,+1)
Coords = -4.14658630316181E+00 -6.13481891197624E-01 -6.89908768805725E-01
DistFromNuc =  1.1484382617E+00
Rho =  4.1699015663E-01
DelSqRho = -9.7587149876E-01
GradDelSqRho = -1.2767564783E-15 -6.7029715112E-15 -6.8833827527E-15
HessDelSqRho_EigVals = -3.1973171023E+01  1.4955919563E+01  1.5973945089E+01
HessDelSqRho_EigVec1 =  6.0374071544E-01  5.2384690479E-01  6.0090063144E-01
HessDelSqRho_EigVec2 = -4.3039474494E-03  7.5591312300E-01 -6.5465779344E-01
HessDelSqRho_EigVec3 =  7.9716913171E-01 -3.9265731984E-01 -4.5863013924E-01
</CP of DelSqRho>
<CP of DelSqRho>
CP# = 30      
Type = (3,-3)
Coords = -4.60178551234106E+00 -1.54219333702525E-01  1.29633487228156E-01
DistFromNuc =  1.1604133355E+00
Rho =  2.5224429452E-01
DelSqRho =  8.6351713634E-01
GradDelSqRho =  3.6637359813E-15  5.1347814889E-16 -4.9960036108E-16
HessDelSqRho_EigVals = -1.6891843000E+01 -3.9494182458E+00 -3.9721557167E-02
HessDelSqRho_EigVec1 =  9.8580653652E-01  1.2642349378E-01 -1.1046525598E-01
HessDelSqRho_EigVec2 = -1.7902248004E-03  6.6585904656E-01  7.4607541523E-01
HessDelSqRho_EigVec3 = -1.6787575064E-01  7.3528826343E-01 -6.5663452698E-01
</CP of DelSqRho>
<CP of DelSqRho>
CP# = 31      
Type = (3,-3)
Coords = -4.60221069748618E+00  1.37900765571142E-01 -1.30478482131386E-01
DistFromNuc =  1.1604106916E+00
Rho =  2.5223296372E-01
DelSqRho =  8.6353222551E-01
GradDelSqRho = -1.6098233857E-15 -5.5511151231E-16  3.1918911958E-16
HessDelSqRho_EigVals = -1.6894799193E+01 -3.9446329147E+00 -4.0815917561E-02
HessDelSqRho_EigVec1 =  9.8617082760E-01 -1.2280823091E-01  1.1128898065E-01
HessDelSqRho_EigVec2 = -1.2689556704E-03  6.6588476415E-01  7.4605353067E-01
HessDelSqRho_EigVec3 =  1.6572715089E-01  7.3587744856E-01 -6.5652029074E-01
</CP of DelSqRho>
<CP of DelSqRho>
CP# = 32      
Type = (3,-1)
Coords = -4.61843411475713E+00 -1.02529711600729E-02  1.40804759130003E-03
DistFromNuc =  1.1602552287E+00
Rho =  2.5290037642E-01
DelSqRho =  8.6332344321E-01
GradDelSqRho =  1.1435297154E-14  7.9970752243E-16 -1.2119211884E-15
HessDelSqRho_EigVals = -1.6725298060E+01 -4.2272480753E+00  2.1196933919E-02
HessDelSqRho_EigVec1 =  9.9999288954E-01  3.5920708134E-03 -1.1479979797E-03
HessDelSqRho_EigVec2 = -1.5293972213E-03  6.6457346905E-01  7.4722136290E-01
HessDelSqRho_EigVec3 = -3.4470010487E-03  7.4721429407E-01 -6.6457423733E-01
</CP of DelSqRho>
<CP of DelSqRho>
CP# = 33      
Type = (3,+1)
Coords = -4.60036725081324E+00  1.58066540566334E+00  4.76645898648354E-01
DistFromNuc =  2.0123123402E+00
Rho =  7.4032196642E-02
DelSqRho =  1.7589807774E-01
GradDelSqRho =  1.3660947373E-16  4.3368086899E-17 -4.1763467684E-16
HessDelSqRho_EigVals = -1.5975177194E+00  4.1417828250E-02  5.7301501290E-01
HessDelSqRho_EigVec1 = -4.2336749866E-01  8.8969108811E-01 -1.7090853931E-01
HessDelSqRho_EigVec2 =  7.9687901857E-01  4.5545061892E-01  3.9692387619E-01
HessDelSqRho_EigVec3 = -4.3098003531E-01 -3.1851239552E-02  9.0179915042E-01
</CP of DelSqRho>
<CP of DelSqRho>
CP# = 34      
Type = (3,+1)
Coords = -4.59324209120122E+00 -1.59803785845431E+00 -4.76132518443172E-01
DistFromNuc =  2.0123389699E+00
Rho =  7.4033076566E-02
DelSqRho =  1.7588401730E-01
GradDelSqRho = -7.2858385991E-17  2.1163626407E-16 -3.3436794999E-16
HessDelSqRho_EigVals = -1.5972614290E+00  4.1437224701E-02  5.7304101832E-01
HessDelSqRho_EigVec1 =  4.1946788378E-01  8.9149840886E-01 -1.7110605333E-01
HessDelSqRho_EigVec2 =  7.9897181910E-01 -4.5205232716E-01 -3.9660146973E-01
HessDelSqRho_EigVec3 =  4.3091846881E-01 -2.9652664525E-02  9.0190353848E-01
</CP of DelSqRho>
<CP of DelSqRho>
CP# = 35      
Type = (3,+1)
Coords = -4.65859283554600E+00  2.25658550886810E-01  1.58118507090352E+00
DistFromNuc =  1.9986576623E+00
Rho =  7.5045670205E-02
DelSqRho =  1.8397681418E-01
GradDelSqRho = -5.8546917314E-16 -1.3045120539E-15 -3.6776137691E-16
HessDelSqRho_EigVals = -1.7305536695E+00  2.9389406979E-02  5.6452725563E-01
HessDelSqRho_EigVec1 = -4.6772650572E-01 -3.4617304954E-01  8.1326264860E-01
HessDelSqRho_EigVec2 =  7.9567325586E-01  2.3575739733E-01  5.5796282987E-01
HessDelSqRho_EigVec3 = -3.8488437973E-01  9.0806534422E-01  1.6517065377E-01
</CP of DelSqRho>
<CP of DelSqRho>
CP# = 36      
Type = (3,+1)
Coords = -4.65773317963280E+00 -2.43535356364480E-01 -1.58085363627627E+00
DistFromNuc =  1.9986455391E+00
Rho =  7.5048148409E-02
DelSqRho =  1.8398905735E-01
GradDelSqRho =  2.5738092213E-14 -2.0192181260E-15  5.0553311537E-14
HessDelSqRho_EigVals = -1.7307605962E+00  2.9363994377E-02  5.6448392319E-01
HessDelSqRho_EigVec1 =  4.6951342225E-01 -3.4396669673E-01  8.1316914469E-01
HessDelSqRho_EigVec2 =  7.9672273773E-01 -2.3186624497E-01 -5.5809580148E-01
HessDelSqRho_EigVec3 =  3.8051284540E-01  9.0990381689E-01  1.6518177413E-01
</CP of DelSqRho>
<Path of -GradDelSqRho>
Starting CP# =      5
Ending CP# =      1
Number of Points =      7
 -3.5128857829E+00 -1.2646262416E-01  1.0434734966E-01  2.2546855422E+01  1.2320307920E+03
 -3.5048535418E+00 -1.0856764067E-01  8.8847277201E-02  3.2774737433E+01  9.8064774264E+02
 -3.4967695318E+00 -9.0685948202E-02  7.3358773703E-02  4.8016398910E+01 -7.9699092561E+02
 -3.4886627001E+00 -7.2810143822E-02  5.7875399312E-02  7.0658065908E+01 -6.3897159717E+03
 -3.4805393240E+00 -5.4938618882E-02  4.2395758226E-02  1.0426597066E+02 -2.0636685443E+04
 -3.4723885347E+00 -3.7074198548E-02  2.6922326590E-02  1.5468821952E+02 -7.5325339659E+04
 -3.4581876119E+00 -6.0571988288E-03  5.6766293823E-05  2.9723614587E+02 -3.3286284371E+06
</Path of -GradDelSqRho>
<Path of -GradDelSqRho>
Starting CP# =      5
Ending CP# =     16
Number of Points =     36
 -3.5128857829E+00 -1.2646262416E-01  1.0434734966E-01  2.2546855422E+01  1.2320307920E+03
 -3.5208570773E+00 -1.4437315431E-01  1.1986092854E-01  1.5635916768E+01  1.1501567251E+03
 -3.5288011114E+00 -1.6229061791E-01  1.3538049078E-01  1.0950561842E+01  9.8040248241E+02
 -3.5367384075E+00 -1.8020981166E-01  1.5090150294E-01  7.7837177191E+00  7.7230135628E+02
 -3.5446597274E+00 -1.9813307007E-01  1.6642598192E-01  5.6513345853E+00  5.7165916998E+02
 -3.5525491720E+00 -2.1606439423E-01  1.8195737355E-01  4.2163725686E+00  4.0737979651E+02
 -3.5603894093E+00 -2.3400810071E-01  1.9749937361E-01  3.2481282394E+00  2.8466045435E+02
 -3.5681629880E+00 -2.5196845942E-01  2.1305560937E-01  2.5916843589E+00  1.9637410546E+02
 -3.5758536597E+00 -2.6994934054E-01  2.2862932854E-01  2.1436566325E+00  1.3333170705E+02
 -3.5834455437E+00 -2.8795440551E-01  2.4422355428E-01  1.8347161420E+00  8.8340698469E+01
 -3.5909191478E+00 -3.0598803978E-01  2.5984186793E-01  1.6180590705E+00  5.6505788099E+01
 -3.5982455903E+00 -3.2405662124E-01  2.7548945865E-01  1.4620703946E+00  3.4440572006E+01
 -3.6053796662E+00 -3.4216986019E-01  2.9117419853E-01  1.3455726500E+00  1.9603516273E+01
 -3.6122500015E+00 -3.6034239734E-01  3.0690787820E-01  1.2546015611E+00  9.9799712514E+00
 -3.6187420019E+00 -3.7859604085E-01  3.2270787494E-01  1.1801323134E+00  3.9775596892E+00
 -3.6246644799E+00 -3.9696290426E-01  3.3859935123E-01  1.1164658020E+00  3.8736992647E-01
 -3.6296759873E+00 -4.1548865312E-01  3.5461697523E-01  1.0601237745E+00 -1.6602501347E+00
 -3.6330914249E+00 -4.3422712488E-01  3.7079762371E-01  1.0092037974E+00 -2.7579410402E+00
 -3.6332358752E+00 -4.5314069725E-01  3.8708639767E-01  9.6349216526E-01 -3.2921371548E+00
 -3.6251301697E+00 -4.7086495582E-01  4.0224852716E-01  9.2819005852E-01 -3.5179028073E+00
 -3.6044372948E+00 -4.8104931412E-01  4.1079851128E-01  9.1813871032E-01 -3.6331142536E+00
 -3.5800073447E+00 -4.8505960697E-01  4.1406675046E-01  9.2262895144E-01 -3.7333500859E+00
 -3.5551697443E+00 -4.8724303313E-01  4.1584950147E-01  9.2949949991E-01 -3.8285656538E+00
 -3.5302341331E+00 -4.8858823338E-01  4.1700785430E-01  9.3626456797E-01 -3.9185788491E+00
 -3.5052531896E+00 -4.8925308874E-01  4.1768291262E-01  9.4249744325E-01 -4.0028710699E+00
 -3.4802551688E+00 -4.8925725760E-01  4.1789538310E-01  9.4811324001E-01 -4.0809572475E+00
 -3.4552660892E+00 -4.8860092990E-01  4.1764803472E-01  9.5308148922E-01 -4.1524105290E+00
 -3.4303119818E+00 -4.8728260770E-01  4.1694075243E-01  9.5738359778E-01 -4.2168702657E+00
 -3.4054191053E+00 -4.8530157268E-01  4.1577221927E-01  9.6100763069E-01 -4.2740474026E+00
 -3.3806139820E+00 -4.8265849645E-01  4.1413980029E-01  9.6394778686E-01 -4.3237283128E+00
 -3.3559234029E+00 -4.7935598800E-01  4.1203908607E-01  9.6620428798E-01 -4.3657771351E+00
 -3.3313744067E+00 -4.7539933648E-01  4.0946315986E-01  9.6778323938E-01 -4.4001366210E+00
 -3.3069942297E+00 -4.7079760919E-01  4.0640143030E-01  9.6869643359E-01 -4.4268275382E+00
 -3.2828102215E+00 -4.6556541856E-01  4.0283766952E-01  9.6896110227E-01 -4.4459467240E+00
 -3.2588497178E+00 -4.5972619716E-01  3.9874629522E-01  9.6859962721E-01 -4.4576639194E+00
 -3.2314641861E+00 -4.5227505879E-01  3.9329766105E-01  9.6743735302E-01 -4.4623007114E+00
</Path of -GradDelSqRho>
<Path of -GradDelSqRho>
Starting CP# =      6
Ending CP# =     17
Number of Points =     36
 -3.5134589217E+00  1.1408426098E-01 -1.0423466637E-01  2.2547039584E+01  1.2320513380E+03
 -3.5215154743E+00  1.3195642570E-01 -1.1974844870E-01  1.5636029863E+01  1.1501743824E+03
 -3.5295447895E+00  1.4983565820E-01 -1.3526821467E-01  1.0950632786E+01  9.8041684271E+02
 -3.5375673720E+00  1.6771665409E-01 -1.5078943076E-01  7.7837644610E+00  7.7231268602E+02
 -3.5455739931E+00  1.8560179290E-01 -1.6631411354E-01  5.6513685742E+00  5.7166738246E+02
 -3.5535487686E+00  2.0349515363E-01 -1.8184570866E-01  4.2164009312E+00  4.0738518302E+02
 -3.5614743820E+00  2.2140113771E-01 -1.9738791171E-01  3.2481551440E+00  2.8466361139E+02
 -3.5693333973E+00  2.3932410042E-01 -2.1294434982E-01  2.5917120198E+00  1.9637564788E+02
 -3.5771095800E+00  2.5726799132E-01 -2.2851827056E-01  2.1436860296E+00  1.3333213098E+02
 -3.5847870620E+00  2.7523654934E-01 -2.4411269698E-01  1.8347475039E+00  8.8340372651E+01
 -3.5923463662E+00  2.9323425494E-01 -2.5973121031E-01  1.6180921886E+00  5.6504985414E+01
 -3.5997586319E+00  3.1126762675E-01 -2.7537899949E-01  1.4621048298E+00  3.4439496338E+01
 -3.6069786863E+00  3.2934659526E-01 -2.9106393620E-01  1.3456078714E+00  1.9602317416E+01
 -3.6139352012E+00  3.4748614853E-01 -3.0679781023E-01  1.2546370393E+00  9.9787535738E+00
 -3.6205136457E+00  3.6570865162E-01 -3.2259799701E-01  1.1801675844E+00  3.9763897828E+00
 -3.6265229120E+00  3.8404714513E-01 -3.3848965455E-01  1.1165005191E+00  3.8628483506E-01
 -3.6316216198E+00  4.0254894377E-01 -3.5450743798E-01  1.0601577798E+00 -1.6612348711E+00
 -3.6351245693E+00  4.2127116678E-01 -3.7068817528E-01  1.0092373245E+00 -2.7588250677E+00
 -3.6353555895E+00  4.4018403634E-01 -3.8697669561E-01  9.6352679754E-01 -3.2929335278E+00
 -3.6273263846E+00  4.5794492441E-01 -4.0213613513E-01  9.2823412026E-01 -3.5186518525E+00
 -3.6066771512E+00  4.6822329815E-01 -4.1068034952E-01  9.1819753063E-01 -3.6338795097E+00
 -3.5822659886E+00  4.7234891019E-01 -4.1394574351E-01  9.2269256309E-01 -3.7341426217E+00
 -3.5574389252E+00  4.7465054434E-01 -4.1572659854E-01  9.2956537526E-01 -3.8293818507E+00
 -3.5325099272E+00  4.7611447632E-01 -4.1688332930E-01  9.3633211824E-01 -3.9194142560E+00
 -3.5075323912E+00  4.7689816249E-01 -4.1755698244E-01  9.4256634683E-01 -4.0037209437E+00
 -3.4825346625E+00  4.7702105849E-01 -4.1776830574E-01  9.4818320530E-01 -4.0818166359E+00
 -3.4575427613E+00  4.7648317413E-01 -4.1752012710E-01  9.5315222339E-01 -4.1532743436E+00
 -3.4325827135E+00  4.7528282967E-01 -4.1681239671E-01  9.5745480501E-01 -4.2177333562E+00
 -3.4076807780E+00  4.7341912071E-01 -4.1564386739E-01  9.6107901452E-01 -4.2749046323E+00
 -3.3828634847E+00  4.7089252882E-01 -4.1401197770E-01  9.6401905288E-01 -4.3245746318E+00
 -3.3581576422E+00  4.6770547043E-01 -4.1191239370E-01  9.6627514642E-01 -4.3666076501E+00
 -3.3335903195E+00  4.6386304289E-01 -4.0933827255E-01  9.6785340750E-01 -4.4009466598E+00
 -3.3091888001E+00  4.5937412898E-01 -4.0627908752E-01  9.6876563789E-01 -4.4276127075E+00
 -3.2849805040E+00  4.5425317816E-01 -4.0271864957E-01  9.6902908043E-01 -4.4467029589E+00
 -3.2609928710E+00  4.4852351699E-01 -3.9863134751E-01  9.6866613015E-01 -4.4583875260E+00
 -3.2337035018E+00  4.4123391387E-01 -3.9321614766E-01  9.6750929014E-01 -4.4629826348E+00
</Path of -GradDelSqRho>
<Path of -GradDelSqRho>
Starting CP# =      6
Ending CP# =      1
Number of Points =      7
 -3.5134589217E+00  1.1408426098E-01 -1.0423466637E-01  2.2547039584E+01  1.2320513380E+03
 -3.5053414788E+00  9.6227942012E-02 -8.8734389875E-02  3.2775040713E+01  9.8065497402E+02
 -3.4971723175E+00  7.8385167647E-02 -7.3245681408E-02  4.8016895979E+01 -7.9706018883E+02
 -3.4889803572E+00  6.0548393104E-02 -5.7762101579E-02  7.0658860969E+01 -6.3899368482E+03
 -3.4807718679E+00  4.2715979283E-02 -4.2282254956E-02  1.0426724260E+02 -2.0637507428E+04
 -3.4725359919E+00  2.4890804504E-02 -2.6808617435E-02  1.5469020092E+02 -7.5328117416E+04
 -3.4581876119E+00 -6.0571988288E-03  5.6766293823E-05  2.9723614587E+02 -3.3286284371E+06
</Path of -GradDelSqRho>
<Path of -GradDelSqRho>
Starting CP# =      9
Ending CP# =     17
Number of Points =     33
 -2.7909595814E+00 -4.5077706635E-03 -1.3983713447E-05  8.6074078022E-01 -3.4894385035E+00
 -2.7916028777E+00  1.5390245970E-03 -5.4395109345E-03  8.6165379468E-01 -3.4896047790E+00
 -2.7917451716E+00  1.1617936404E-02 -1.4480828444E-02  8.6143518289E-01 -3.4908923697E+00
 -2.7928195055E+00  2.9696689222E-02 -3.0698802562E-02  8.6139980914E-01 -3.4960429996E+00
 -2.7953173555E+00  4.8211574085E-02 -4.7308086119E-02  8.6230764382E-01 -3.5051412035E+00
 -2.7988557098E+00  6.6633334614E-02 -6.3831632576E-02  8.6359718755E-01 -3.5180639825E+00
 -2.8034264680E+00  8.4930575080E-02 -8.0239811674E-02  8.6526180692E-01 -3.5347431624E+00
 -2.8090192181E+00  1.0307237776E-01 -9.6503445905E-02  8.6729282249E-01 -3.5550887601E+00
 -2.8156213046E+00  1.2102841753E-01 -1.1259391864E-01  8.6967946678E-01 -3.5789880204E+00
 -2.8232179095E+00  1.3876907107E-01 -1.2848327619E-01  8.7240883511E-01 -3.6063043261E+00
 -2.8317921439E+00  1.5626552028E-01 -1.4414432300E-01  8.7546583095E-01 -3.6368760343E+00
 -2.8413251488E+00  1.7348984917E-01 -1.5955070964E-01  8.7883310833E-01 -3.6705152967E+00
 -2.8517962047E+00  1.9041513416E-01 -1.7467701286E-01  8.8249101372E-01 -3.7070069233E+00
 -2.8631828483E+00  2.0701552725E-01 -1.8949880769E-01  8.8641753112E-01 -3.7461073520E+00
 -2.8754609949E+00  2.2326633189E-01 -2.0399273091E-01  8.9058823399E-01 -3.7875437864E+00
 -2.8886050673E+00  2.3914407102E-01 -2.1813653557E-01  8.9497624890E-01 -3.8310135632E+00
 -2.9025881298E+00  2.5462654689E-01 -2.3190913586E-01  8.9955223560E-01 -3.8761838093E+00
 -2.9173820268E+00  2.6969289198E-01 -2.4529064161E-01  9.0428438930E-01 -3.9226914491E+00
 -2.9329575252E+00  2.8432361052E-01 -2.5826238133E-01  9.0913847057E-01 -3.9701436166E+00
 -2.9492844611E+00  2.9850061005E-01 -2.7080691288E-01  9.1407786872E-01 -4.0181185303E+00
 -2.9663318872E+00  3.1220722276E-01 -2.8290802045E-01  9.1906370407E-01 -4.0661668813E+00
 -2.9840682217E+00  3.2542821669E-01 -2.9455069664E-01  9.2405497380E-01 -4.1138137830E+00
 -3.0024613952E+00  3.3814979767E-01 -3.0572110824E-01  9.2900874556E-01 -4.1605613260E+00
 -3.0214789935E+00  3.5035960375E-01 -3.1640654430E-01  9.3388040113E-01 -4.2058917719E+00
 -3.0410883947E+00  3.6204669503E-01 -3.2659534426E-01  9.3862393151E-01 -4.2492714092E+00
 -3.0612568961E+00  3.7320154422E-01 -3.3627680310E-01  9.4319228268E-01 -4.2901550823E+00
 -3.0819518306E+00  3.8381603554E-01 -3.4544104793E-01  9.4753774946E-01 -4.3279913838E+00
 -3.1031406687E+00  3.9388348522E-01 -3.5407887540E-01  9.5161241312E-01 -4.3622284816E+00
 -3.1247911040E+00  4.0339870587E-01 -3.6218152887E-01  9.5536861672E-01 -4.3923205290E+00
 -3.1468711208E+00  4.1235815811E-01 -3.6974037024E-01  9.5875947072E-01 -4.4177345782E+00
 -3.1693490395E+00  4.2076028437E-01 -3.7674634077E-01  9.6173938032E-01 -4.4379578961E+00
 -3.1921935309E+00  4.2860627925E-01 -3.8318891991E-01  9.6426458614E-01 -4.4525055514E+00
 -3.2337035018E+00  4.4123391387E-01 -3.9321614766E-01  9.6750929014E-01 -4.4629826348E+00
</Path of -GradDelSqRho>
<Path of -GradDelSqRho>
Starting CP# =      9
Ending CP# =     16
Number of Points =     33
 -2.7909595814E+00 -4.5077706635E-03 -1.3983713447E-05  8.6074078022E-01 -3.4894385035E+00
 -2.7915732955E+00 -1.0557475930E-02  5.4116531838E-03  8.6165310458E-01 -3.4896047746E+00
 -2.7916663082E+00 -2.0636592180E-02  1.4452733714E-02  8.6143338708E-01 -3.4908922624E+00
 -2.7926521404E+00 -3.8719886860E-02  3.0670871527E-02  8.6139588789E-01 -3.4960424107E+00
 -2.7950593843E+00 -5.7246108822E-02  4.7280892343E-02  8.6230156967E-01 -3.5051395022E+00
 -2.7985075844E+00 -7.5684017574E-02  6.3805487215E-02  8.6358893318E-01 -3.5180601720E+00
 -2.8029887961E+00 -9.4002180763E-02  8.0215021586E-02  8.6525133634E-01 -3.5347359270E+00
 -2.8084927607E+00 -1.1216963351E-01  9.6480312509E-02  8.6728009204E-01 -3.5550764935E+00
 -2.8150069728E+00 -1.3015599331E-01  1.1257273690E-01  8.6966442632E-01 -3.5789688589E+00
 -2.8225167607E+00 -1.4793156963E-01  1.2846433368E-01  8.7239142938E-01 -3.6062761871E+00
 -2.8310053772E+00 -1.6546746768E-01  1.4412789917E-01  8.7544600128E-01 -3.6368366583E+00
 -2.8404541007E+00 -1.8273568578E-01  1.5953707509E-01  8.7881079443E-01 -3.6704622921E+00
 -2.8508423438E+00 -1.9970920611E-01  1.7466642881E-01  8.8246615583E-01 -3.7069378128E+00
 -2.8621477697E+00 -2.1636207838E-01  1.8949152549E-01  8.8639007215E-01 -3.7460196201E+00
 -2.8743464148E+00 -2.3266949617E-01  2.0398899168E-01  8.9055812199E-01 -3.7874349272E+00
 -2.8874128168E+00 -2.4860786551E-01  2.1813656986E-01  8.9494343945E-01 -3.8308811271E+00
 -2.9013201487E+00 -2.6415486525E-01  2.3191316343E-01  8.9951669438E-01 -3.8760254492E+00
 -2.9160403572E+00 -2.7928949855E-01  2.4529887120E-01  9.0424609459E-01 -3.9225049645E+00
 -2.9315443049E+00 -2.9399213499E-01  2.5827501058E-01  9.0909741571E-01 -3.9699269964E+00
 -2.9478019166E+00 -3.0824454276E-01  2.7082412825E-01  9.1403406444E-01 -4.0178699931E+00
 -2.9647823270E+00 -3.2202991062E-01  2.8292999725E-01  9.1901718058E-01 -4.0658849132E+00
 -2.9824540293E+00 -3.3533285979E-01  2.9457759913E-01  9.2400578273E-01 -4.1134971730E+00
 -3.0007850218E+00 -3.4813944656E-01  3.0575308989E-01  9.2895696142E-01 -4.1602091982E+00
 -3.0197429512E+00 -3.6043715731E-01  3.1644374815E-01  9.3382612253E-01 -4.2055036140E+00
 -3.0392952491E+00 -3.7221489902E-01  3.2663790343E-01  9.3856728188E-01 -4.2488470976E+00
 -3.0594092597E+00 -3.8346299031E-01  3.3632484159E-01  9.4313341058E-01 -4.2896949022E+00
 -3.0800523555E+00 -3.9417316088E-01  3.4549468157E-01  9.4747682837E-01 -4.3274960445E+00
 -3.1011920394E+00 -4.0433857223E-01  3.5413821320E-01  9.5154964082E-01 -4.3616991262E+00
 -3.1227960303E+00 -4.1395388222E-01  3.6224667478E-01  9.5530421416E-01 -4.3917587374E+00
 -3.1448323301E+00 -4.2301539642E-01  3.6981142569E-01  9.5869368042E-01 -4.4171423641E+00
 -3.1672692674E+00 -4.3152140129E-01  3.7682340834E-01  9.6167246443E-01 -4.4373376959E+00
 -3.1900755089E+00 -4.3947293276E-01  3.8327210921E-01  9.6419682413E-01 -4.4518602055E+00
 -3.2314641861E+00 -4.5227505879E-01  3.9329766105E-01  9.6743735302E-01 -4.4623007114E+00
</Path of -GradDelSqRho>
<Path of -GradDelSqRho>
Starting CP# =     13
Ending CP# =     15
Number of Points =     18
 -3.7744553004E+00  7.1974060638E-03  6.1983885092E-01  7.7188394192E-01 -2.4793800517E+00
 -3.7849277452E+00  2.7791379172E-02  6.1646723177E-01  7.6767909044E-01 -2.4828001407E+00
 -3.7957117355E+00  4.9913857627E-02  6.1208189909E-01  7.6359561193E-01 -2.4936889243E+00
 -3.8060382790E+00  7.2081949174E-02  6.0689851235E-01  7.5992795198E-01 -2.5114008504E+00
 -3.8158922939E+00  9.4265201125E-02  6.0092102285E-01  7.5665513702E-01 -2.5351510913E+00
 -3.8252577784E+00  1.1643301987E-01  5.9415321506E-01  7.5375330640E-01 -2.5640453776E+00
 -3.8341174964E+00  1.3855446152E-01  5.8659850845E-01  7.5119652440E-01 -2.5970956323E+00
 -3.8424526136E+00  1.6059797521E-01  5.7825980921E-01  7.4895768812E-01 -2.6332386611E+00
 -3.8502422804E+00  1.8253110033E-01  5.6913942820E-01  7.4700953791E-01 -2.6713575902E+00
 -3.8574631568E+00  2.0432012527E-01  5.5923909503E-01  7.4532576676E-01 -2.7103056748E+00
 -3.8640888751E+00  2.2592972686E-01  5.4856011889E-01  7.4388220713E-01 -2.7489320383E+00
