 AIMInt (Version 19.02.13, Professional)
 Portions Copyright (c) 1997-2019 by Todd A. Keith
 AIMInt is a component of the AIMAll package ( http://aim.tkgristmill.com )

 TP:  64-bit Linux

 Licensed To:  Research Group of Fernando Cortes Guzman, UNAM, fercor@unam.mx

 AIMInt is a heavily modified and extended version of the PROAIMV program
 developed by members of R.F.W. Bader's research group

 Much of the Quantum Theory of Atoms in Molecules (QTAIM) is described in the book:
   "Atoms in Molecules - A Quantum Theory"
   R.F.W. Bader, Oxford University Press, Oxford, 1990

 For additional references see:  http://aim.tkgristmill.com/references.html

 Current Directory:  /home/scratch/M_H2O_4_cuadrado_plano/Opt

 Inp File:  Mn2_cuadrado_plano_cc-pvtz-def2-tzv_2_atomicfiles/o4.inp
 Wfx File:  Mn2_cuadrado_plano_cc-pvtz-def2-tzv_2.wfx
 Out File:  Mn2_cuadrado_plano_cc-pvtz-def2-tzv_2_atomicfiles/o4.int

 Wfx Title:   Mn2_cuadrado_plano_cc-pvtz-def2-tzv_2                                         
 Job Title:   Mn2_cuadrado_plano_cc-pvtz-def2-tzv_2                                         
 
<Atom>
O4      
</Atom>
<Nuclei of Molecule>
    13
Mn1       25.0           9.9765953693E-06   1.1429092687E-04  -9.1898544751E-05
O2         8.0          -3.4581872594E+00  -6.0571978682E-03   5.6766210123E-05
H3         1.0          -4.5792040210E+00   9.6486992061E-01   1.1160219484E+00
O4         8.0           3.4582007876E+00   6.0842026356E-03  -2.0312782493E-04
H5         1.0           4.5789403829E+00  -9.6709374973E-01  -1.1144768351E+00
O6         8.0           6.0760753622E-03  -3.4581300560E+00   1.0724137949E-02
H7         1.0           1.4861211253E+00  -4.5579351874E+00   2.0524024395E-01
O8         8.0          -6.0660432387E-03   3.4582242783E+00  -1.0872767236E-02
H9         1.0          -1.4863968576E+00   4.5576769380E+00  -2.0517437042E-01
H10        1.0           1.4698746044E+00   4.5635646655E+00  -2.0489380279E-01
H11        1.0           4.5749400382E+00   9.8040788744E-01   1.1170691024E+00
H12        1.0          -1.4700156370E+00  -4.5629622202E+00   2.0660024205E-01
H13        1.0          -4.5746975321E+00  -9.8235534413E-01  -1.1157291377E+00
</Nuclei of Molecule>
<Total Number of CPs of DelSqRho>
    36
</Total Number of CPs of DelSqRho>
<Number of (3,+3) CPs of DelSqRho>
     5
</Number of (3,+3) CPs of DelSqRho>
<Number of (3,+1) CPs of DelSqRho>
    14
</Number of (3,+1) CPs of DelSqRho>
<Number of (3,-1) CPs of DelSqRho>
    11
</Number of (3,-1) CPs of DelSqRho>
<Number of (3,-3) CPs of DelSqRho>
     6
</Number of (3,-3) CPs of DelSqRho>
<Number of Degenerate CPs of DelSqRho>
     0
</Number of Degenerate CPs of DelSqRho>
<CP of DelSqRho>
CP# = 1       
Type = (3,+3)
Coords =  3.45820114004422E+00  6.08420246580262E-03 -2.03127013624023E-04
DistFromNuc =  3.5248319666E-07
Rho =  2.9723613048E+02
DelSqRho = -3.3286282707E+06
GradDelSqRho =  1.2345237337E-05 -1.6795247859E-08  4.3698378249E-11
HessDelSqRho_EigVals =  1.3237200435E+11  1.3237202372E+11  1.3237203117E+11
HessDelSqRho_EigVec1 = -1.3314879173E-04  7.5509238266E-01 -6.5561839200E-01
HessDelSqRho_EigVec2 =  9.9999887487E-01  1.0801429188E-03  1.0409394498E-03
HessDelSqRho_EigVec3 = -1.4941670129E-03  6.5561751574E-01  7.5509167690E-01
</CP of DelSqRho>
<CP of DelSqRho>
CP# = 2       
Type = (3,-1)
Coords =  2.00109277598465E+00  3.84605780307706E-03 -3.33577310809922E-04
DistFromNuc =  1.4571097363E+00
Rho =  1.5776270837E-01
DelSqRho =  4.3363975006E-01
GradDelSqRho = -7.2164496601E-16  5.5836411883E-18  5.6378512969E-18
HessDelSqRho_EigVals = -5.2198218805E-01 -4.2458033332E-01  5.1238185374E+00
HessDelSqRho_EigVec1 =  1.0224714611E-03 -5.3307130019E-01  8.4606970367E-01
HessDelSqRho_EigVec2 = -1.5176405549E-03  8.4606834439E-01  5.3307227783E-01
HessDelSqRho_EigVec3 =  9.9999832566E-01  1.8290808853E-03 -5.6070112509E-05
</CP of DelSqRho>
<CP of DelSqRho>
CP# = 3       
Type = (3,-1)
Coords =  3.62711266566625E+00  6.34837798609991E-03 -1.11568011563065E-04
DistFromNuc =  1.6891210950E-01
Rho =  2.2313915471E+01
DelSqRho =  1.2483170670E+03
GradDelSqRho = -8.2422957348E-12 -3.3861802251E-14 -3.5974695445E-14
HessDelSqRho_EigVals = -4.0389006551E+05 -1.6922347641E+03  1.7261936798E+03
HessDelSqRho_EigVec1 =  9.9999861783E-01  1.5749968124E-03  5.3266390613E-04
HessDelSqRho_EigVec2 = -8.4164287502E-04  7.5582215180E-01 -6.5477642481E-01
HessDelSqRho_EigVec3 = -1.4338699616E-03  6.5477507148E-01  7.5582243271E-01
</CP of DelSqRho>
<CP of DelSqRho>
CP# = 4       
Type = (3,-1)
Coords =  3.29138375882808E+00  5.99344595031342E-03 -4.36251315030032E-04
DistFromNuc =  1.6681721631E-01
Rho =  2.2775184966E+01
DelSqRho =  1.2956949950E+03
GradDelSqRho = -1.5006662579E-11 -5.5511151231E-16  2.8393953855E-14
HessDelSqRho_EigVals = -4.5442386558E+05 -3.4605110472E+03  3.3774445943E+02
HessDelSqRho_EigVec1 =  9.9999887206E-01  5.3894035852E-04  1.4019346654E-03
HessDelSqRho_EigVec2 =  5.1295973049E-04  7.5473235739E-01 -6.5603262539E-01
HessDelSqRho_EigVec3 = -1.4116479133E-03  6.5603260456E-01  7.5473122965E-01
</CP of DelSqRho>
<CP of DelSqRho>
CP# = 5       
Type = (3,+1)
Coords =  3.51314250728485E+00 -1.14139285967069E-01  1.04171448553024E-01
DistFromNuc =  1.6842307435E-01
Rho =  2.2546598884E+01
DelSqRho =  1.2320008728E+03
GradDelSqRho =  1.0800249584E-11  2.3447910280E-12  4.4053649617E-13
HessDelSqRho_EigVals = -4.1059935331E+05  2.2671234006E+03  3.5421830222E+03
HessDelSqRho_EigVec1 = -3.2140807822E-01  7.1506777999E-01 -6.2078572573E-01
HessDelSqRho_EigVec2 =  9.4694063124E-01  2.4233469552E-01 -2.1113345604E-01
HessDelSqRho_EigVec3 =  5.3681186117E-04  6.5570722534E-01  7.5501506374E-01
</CP of DelSqRho>
<CP of DelSqRho>
CP# = 6       
Type = (3,+1)
Coords =  3.51322507989702E+00  1.26386189216640E-01 -1.04438282284047E-01
DistFromNuc =  1.6841973800E-01
Rho =  2.2547312339E+01
DelSqRho =  1.2320798111E+03
GradDelSqRho = -7.0770056482E-12 -5.4143356465E-12 -6.0538241087E-12
HessDelSqRho_EigVals = -4.1067690119E+05  2.2635703113E+03  3.5392559439E+03
HessDelSqRho_EigVec1 =  3.2190071312E-01  7.1554221424E-01 -6.1998328246E-01
HessDelSqRho_EigVec2 =  9.4676732712E-01 -2.4092954509E-01  2.1350546270E-01
HessDelSqRho_EigVec3 = -3.3998813291E-03  6.5570747590E-01  7.5500738199E-01
</CP of DelSqRho>
<CP of DelSqRho>
CP# = 7       
Type = (3,-3)
Coords =  3.33190452665586E+00 -6.55536098204775E-02 -8.27686895014109E-02
DistFromNuc =  1.6703231324E-01
Rho =  2.2697426009E+01
DelSqRho =  1.2968256400E+03
GradDelSqRho =  1.4722445485E-11  2.1856294552E-11  1.7507773009E-11
HessDelSqRho_EigVals = -4.4968315021E+05 -3.7561908051E+03 -5.7451756555E+02
HessDelSqRho_EigVec1 =  7.5839775218E-01  4.2714199125E-01  4.9232364234E-01
HessDelSqRho_EigVec2 =  1.5072664532E-04  7.5522359161E-01 -6.5546724095E-01
HessDelSqRho_EigVec3 = -6.5179201190E-01  4.9717908846E-01  5.7269549258E-01
</CP of DelSqRho>
<CP of DelSqRho>
CP# = 8       
Type = (3,-3)
Coords =  3.33159828633994E+00  7.76034360505414E-02  8.19954490864439E-02
DistFromNuc =  1.6703233253E-01
Rho =  2.2697420475E+01
DelSqRho =  1.2968257359E+03
GradDelSqRho = -6.8780536822E-12 -1.8900436771E-12  7.7449158198E-13
HessDelSqRho_EigVals = -4.4968277673E+05 -3.7562202505E+03 -5.7455026702E+02
HessDelSqRho_EigVec1 =  7.6022381433E-01 -4.2643953504E-01 -4.9011128847E-01
HessDelSqRho_EigVec2 =  7.0143057647E-04  7.5494885784E-01 -6.5578329503E-01
HessDelSqRho_EigVec3 =  6.4966088087E-01  4.9819829888E-01  5.7422921806E-01
</CP of DelSqRho>
<CP of DelSqRho>
CP# = 9       
Type = (3,-1)
Coords =  4.18513615944640E+00  6.67333530891147E-03  5.71458546304695E-04
DistFromNuc =  7.2693602329E-01
Rho =  6.6269762348E-01
DelSqRho = -9.4920429236E-01
GradDelSqRho = -1.9753088054E-12 -2.4115258401E-14  7.5365928776E-14
HessDelSqRho_EigVals = -1.9011223725E+01 -6.4143752810E+00  1.3077281826E+02
HessDelSqRho_EigVec1 = -1.3393335820E-03  6.7264710561E-01  7.3996221356E-01
HessDelSqRho_EigVec2 =  7.8077970024E-05  7.3996294532E-01 -6.7264762948E-01
HessDelSqRho_EigVec3 =  9.9999910004E-01  8.4312481148E-04  1.0435761427E-03
</CP of DelSqRho>
<CP of DelSqRho>
CP# = 10      
Type = (3,+1)
Coords =  2.79097177655102E+00  5.66415715151336E-03 -1.02849897832274E-03
DistFromNuc =  6.6722965373E-01
Rho =  8.6074059475E-01
DelSqRho = -3.4894385420E+00
GradDelSqRho =  2.4868995752E-14 -2.3418766926E-17  1.0061396161E-16
HessDelSqRho_EigVals = -6.2512869481E+00  1.9724982750E+01  2.4574375395E+02
HessDelSqRho_EigVec1 =  4.3611712940E-04  7.4431334344E-01 -6.6783041004E-01
HessDelSqRho_EigVec2 = -1.3461286294E-03  6.6783030544E-01  7.4431234779E-01
HessDelSqRho_EigVec3 =  9.9999899887E-01  5.7437827006E-04  1.2931937366E-03
</CP of DelSqRho>
<CP of DelSqRho>
CP# = 11      
Type = (3,-1)
Coords =  3.21647597005701E+00  4.53287285411650E-01  5.07503673422458E-01
DistFromNuc =  7.1846202452E-01
Rho =  6.6774220605E-01
DelSqRho = -9.4931428947E-01
GradDelSqRho = -5.3290705182E-15 -2.5535129566E-15 -1.6431300764E-14
HessDelSqRho_EigVals = -1.5952815795E+01 -1.2021383336E+01  1.4063861046E+02
HessDelSqRho_EigVec1 =  9.2966598020E-01  2.8258347837E-01  2.3636358224E-01
HessDelSqRho_EigVec2 = -5.1450977318E-02  7.3489190577E-01 -6.7622975664E-01
HessDelSqRho_EigVec3 = -3.6479304022E-01  6.1650666223E-01  6.9774320006E-01
</CP of DelSqRho>
<CP of DelSqRho>
CP# = 12      
Type = (3,-1)
Coords =  3.21828818675612E+00 -4.41602959513118E-01 -5.08332074618097E-01
DistFromNuc =  7.1845450639E-01
Rho =  6.6775302320E-01
DelSqRho = -9.4943078418E-01
GradDelSqRho =  1.0214051827E-14  7.8825834748E-15  7.8825834748E-15
HessDelSqRho_EigVals = -1.5952176679E+01 -1.2020322583E+01  1.4064656153E+02
HessDelSqRho_EigVec1 =  9.3063999003E-01 -2.8088889702E-01 -2.3454346396E-01
HessDelSqRho_EigVec2 =  5.1429819550E-02  7.3497648229E-01 -6.7613944134E-01
HessDelSqRho_EigVec3 =  3.6230399199E-01  6.1717987492E-01  6.9844457144E-01
</CP of DelSqRho>
<CP of DelSqRho>
CP# = 13      
Type = (3,+1)
Coords =  3.77370399697858E+00  2.02258960547806E-02  6.19950350668629E-01
DistFromNuc =  6.9594008329E-01
Rho =  7.7187928075E-01
DelSqRho = -2.4791565091E+00
GradDelSqRho =  8.8817841970E-16  1.0436096431E-14  6.8833827527E-15
HessDelSqRho_EigVals = -1.2797482088E+01  1.3790548071E+01  1.7866771200E+02
HessDelSqRho_EigVec1 =  4.5410624847E-01  8.8158383504E-01 -1.2883111773E-01
HessDelSqRho_EigVec2 =  7.9055419005E-01 -4.6538544268E-01 -3.9804580432E-01
HessDelSqRho_EigVec3 =  4.1086687345E-01 -7.8907106989E-02  9.0827423214E-01
</CP of DelSqRho>
<CP of DelSqRho>
CP# = 14      
Type = (3,+1)
Coords =  3.77525497920458E+00 -8.00619566485208E-03 -6.19571574176246E-01
DistFromNuc =  6.9594480535E-01
Rho =  7.7187413390E-01
DelSqRho = -2.4795253803E+00
GradDelSqRho =  2.2204460493E-14 -7.3829831138E-15 -3.9523939677E-14
HessDelSqRho_EigVals = -1.2800406050E+01  1.3798065625E+01  1.7868126572E+02
HessDelSqRho_EigVec1 = -4.5482054162E-01  8.8099117889E-01 -1.3035650208E-01
HessDelSqRho_EigVec2 =  7.8904738811E-01  4.6649964869E-01  3.9972777875E-01
HessDelSqRho_EigVec3 = -4.1296790946E-01 -7.8946947341E-02  9.0731741153E-01
</CP of DelSqRho>
<CP of DelSqRho>
CP# = 15      
Type = (3,+3)
Coords =  3.88924056244181E+00  4.00860956883809E-01  4.36355369016314E-01
DistFromNuc =  7.2953909723E-01
Rho =  7.3951393612E-01
DelSqRho = -2.9286198835E+00
GradDelSqRho =  2.1158630403E-12  1.2750911438E-12  2.6039170820E-12
HessDelSqRho_EigVals =  1.0350792969E+01  2.2778550056E+01  1.3287241697E+02
HessDelSqRho_EigVec1 = -1.4036995077E-02  7.4272833475E-01 -6.6944572859E-01
HessDelSqRho_EigVec2 = -8.1104920717E-01  3.8311797286E-01  4.4206312041E-01
HessDelSqRho_EigVec3 =  5.8480949575E-01  5.4915866526E-01  5.9701140194E-01
</CP of DelSqRho>
<CP of DelSqRho>
CP# = 16      
Type = (3,+3)
Coords =  3.23222807924038E+00 -4.40745670618490E-01  3.92820654900151E-01
DistFromNuc =  6.3654402387E-01
Rho =  9.6733922650E-01
DelSqRho = -4.4613674205E+00
GradDelSqRho =  5.0954795938E-12  5.0178750044E-12 -4.4949599598E-12
HessDelSqRho_EigVals =  1.0892553430E+01  2.4054000470E+01  3.4077141812E+02
HessDelSqRho_EigVec1 =  9.4180789232E-01 -2.6678819325E-01  2.0450416598E-01
HessDelSqRho_EigVec2 =  2.0882656304E-02  6.5362869799E-01  7.5652722345E-01
HessDelSqRho_EigVec3 =  3.3550232283E-01  7.0823271959E-01 -6.2116391257E-01
</CP of DelSqRho>
<CP of DelSqRho>
CP# = 17      
Type = (3,+3)
Coords =  3.23298146532486E+00  4.52679863560942E-01 -3.93796274001015E-01
DistFromNuc =  6.3646444691E-01
Rho =  9.6761609469E-01
DelSqRho = -4.4639827012E+00
GradDelSqRho =  5.7847060475E-12  3.7256864260E-12 -3.0750957336E-12
HessDelSqRho_EigVals =  1.0920226653E+01  2.4064893735E+01  3.4116569212E+02
HessDelSqRho_EigVec1 =  9.4212325096E-01  2.6770567694E-01 -2.0183520639E-01
HessDelSqRho_EigVec2 = -2.3646389526E-02  6.5357240040E-01  7.5649452457E-01
HessDelSqRho_EigVec3 = -3.3443179913E-01  7.0793840691E-01 -6.2207602731E-01
</CP of DelSqRho>
<CP of DelSqRho>
CP# = 18      
Type = (3,+3)
Coords =  3.89080618584943E+00 -3.88264741827709E-01 -4.35596921710426E-01
DistFromNuc =  7.2953839952E-01
Rho =  7.3951218168E-01
DelSqRho = -2.9286313826E+00
GradDelSqRho = -2.1471713296E-13  3.4539038296E-13  1.2234657731E-13
HessDelSqRho_EigVals =  1.0350937079E+01  2.2777932569E+01  1.3287416749E+02
HessDelSqRho_EigVec1 =  1.4492508676E-02  7.4246428227E-01 -6.6972886808E-01
HessDelSqRho_EigVec2 =  8.0949446419E-01  3.8446688582E-01  4.4373857862E-01
HessDelSqRho_EigVec3 =  5.8694861754E-01 -5.4857269642E-01 -5.9544883668E-01
</CP of DelSqRho>
<CP of DelSqRho>
CP# = 19      
Type = (3,+1)
Coords =  3.77734116843562E+00 -6.04153851334701E-01 -9.68650509695542E-02
DistFromNuc =  6.9540246807E-01
Rho =  7.7547761727E-01
DelSqRho = -2.5426846030E+00
GradDelSqRho =  1.2878587086E-14  5.2180482157E-15  1.0547118734E-15
HessDelSqRho_EigVals = -1.2029212909E+01  1.4513287864E+01  1.7975674086E+02
HessDelSqRho_EigVec1 = -4.5158862671E-01 -2.4691148940E-01  8.5738114548E-01
HessDelSqRho_EigVec2 =  7.8943415232E-01  3.3721525579E-01  5.1291284874E-01
HessDelSqRho_EigVec3 = -4.1576607770E-01  9.0847156679E-01  4.2637788066E-02
</CP of DelSqRho>
<CP of DelSqRho>
CP# = 20      
Type = (3,+1)
Coords =  3.77636665554553E+00  6.16659712151495E-01  9.76094083091878E-02
DistFromNuc =  6.9541301727E-01
Rho =  7.7547005604E-01
DelSqRho = -2.5430530117E+00
GradDelSqRho = -3.1086244690E-15 -2.6978419498E-14 -3.4416913763E-15
HessDelSqRho_EigVals = -1.2032228268E+01  1.4521893292E+01  1.7975941990E+02
HessDelSqRho_EigVec1 =  4.4970532716E-01 -2.4679929825E-01  8.5840271733E-01
HessDelSqRho_EigVec2 =  7.9115451857E-01 -3.3597674753E-01 -5.1107157313E-01
HessDelSqRho_EigVec3 =  4.1453545864E-01  9.0896079756E-01  4.4165846821E-02
</CP of DelSqRho>
<CP of DelSqRho>
CP# = 21      
Type = (3,+1)
Coords =  2.20526792677873E+00  2.49878160759524E-03  1.15344645205258E-03
DistFromNuc =  1.2529387252E+00
Rho =  2.3854847398E-01
DelSqRho =  4.7827642176E-01
GradDelSqRho = -4.3853809473E-15 -9.1615083575E-18 -1.8580514731E-17
HessDelSqRho_EigVals = -8.0705289270E+00  1.3013494669E-01  5.2643788493E-01
HessDelSqRho_EigVec1 =  9.9999433876E-01  3.0799735598E-03 -1.3550667508E-03
HessDelSqRho_EigVec2 =  3.0597420195E-03 -6.6474819770E-01  7.4706122349E-01
HessDelSqRho_EigVec3 = -1.4001506355E-03  7.4706114035E-01  6.6475385833E-01
</CP of DelSqRho>
<CP of DelSqRho>
CP# = 22      
Type = (3,-1)
Coords =  3.63386018242560E+00  1.17327054571408E+00 -1.61899248886222E-01
DistFromNuc =  1.1913546147E+00
Rho =  2.4527552950E-01
DelSqRho =  7.1415880029E-01
GradDelSqRho =  5.5511151231E-17 -8.8817841970E-16 -1.1032841307E-15
HessDelSqRho_EigVals = -1.7327820539E+01 -1.0750274877E+00  3.1698352255E-01
HessDelSqRho_EigVec1 =  1.3209634854E-01  9.8051339263E-01 -1.4540990877E-01
HessDelSqRho_EigVec2 =  6.6947545198E-01  1.9929667158E-02  7.4256678324E-01
HessDelSqRho_EigVec3 =  7.3099464697E-01 -1.9543872501E-01 -6.5379701044E-01
</CP of DelSqRho>
<CP of DelSqRho>
CP# = 23      
Type = (3,-1)
Coords =  3.63507084442379E+00 -1.16085025980839E+00  1.62066352039647E-01
DistFromNuc =  1.1913649486E+00
Rho =  2.4528505685E-01
DelSqRho =  7.1407232451E-01
GradDelSqRho = -2.5673907444E-16  5.1070259133E-15  6.8695049649E-16
HessDelSqRho_EigVals = -1.7324264919E+01 -1.0769149856E+00  3.1720128211E-01
HessDelSqRho_EigVec1 = -1.3309999636E-01  9.8030773755E-01 -1.4588053561E-01
HessDelSqRho_EigVec2 = -6.7130620281E-01  1.9113328159E-02  7.4093364262E-01
HessDelSqRho_EigVec3 =  7.2913124542E-01  1.9654877356E-01  6.5554268097E-01
</CP of DelSqRho>
<CP of DelSqRho>
CP# = 24      
Type = (3,-1)
Coords =  3.60183239688503E+00  2.56294189548537E-01 -1.15468006884493E+00
DistFromNuc =  1.1899798671E+00
Rho =  2.4508405484E-01
DelSqRho =  7.2119510179E-01
GradDelSqRho = -1.1796119637E-16 -4.5796699766E-16 -3.1086244690E-15
HessDelSqRho_EigVals = -1.7206333376E+01 -1.2864017839E+00  2.8820472341E-01
HessDelSqRho_EigVec1 = -1.0088511878E-01 -2.1824987680E-01  9.7066430041E-01
HessDelSqRho_EigVec2 = -6.9202605913E-01  7.1634734679E-01  8.9142651041E-02
HessDelSqRho_EigVec3 =  7.1478816882E-01  6.6273182361E-01  2.2330338932E-01
</CP of DelSqRho>
<CP of DelSqRho>
CP# = 25      
Type = (3,-3)
Coords =  3.05117673877229E+00  7.31159148932064E-01  7.79731994930679E-01
DistFromNuc =  1.1400443192E+00
Rho =  2.4756330937E-01
DelSqRho =  8.4805031586E-01
GradDelSqRho = -1.1102230246E-15  5.8286708793E-16  2.3106516700E-15
HessDelSqRho_EigVals = -1.7588168220E+01 -1.9056696538E+00 -5.1204624249E-01
HessDelSqRho_EigVec1 = -3.9371135081E-01  6.2342417098E-01  6.7552474069E-01
HessDelSqRho_EigVec2 = -9.1923024915E-01 -2.6914711713E-01 -2.8735966730E-01
HessDelSqRho_EigVec3 = -2.6685741438E-03  7.3409953847E-01 -6.7903663107E-01
</CP of DelSqRho>
<CP of DelSqRho>
CP# = 26      
Type = (3,-3)
Coords =  3.05403204914365E+00 -7.19360229322444E-01 -7.81274102332747E-01
DistFromNuc =  1.1400411660E+00
Rho =  2.4755936946E-01
DelSqRho =  8.4804368636E-01
GradDelSqRho = -1.4988010832E-15 -6.1062266354E-16 -3.9551695252E-16
HessDelSqRho_EigVals = -1.7588570952E+01 -1.9058277517E+00 -5.1165386663E-01
HessDelSqRho_EigVec1 =  3.9125765029E-01  6.2381635024E-01  6.7658747570E-01
HessDelSqRho_EigVec2 =  9.2027481518E-01 -2.6794818219E-01 -2.8512810490E-01
HessDelSqRho_EigVec3 = -3.4228104590E-03 -7.3420496650E-01  6.7891925258E-01
</CP of DelSqRho>
<CP of DelSqRho>
CP# = 27      
Type = (3,+1)
Coords =  4.14674767468870E+00  6.12282655364497E-01  6.90690001317634E-01
DistFromNuc =  1.1484366311E+00
Rho =  4.1699189599E-01
DelSqRho = -9.7589089543E-01
GradDelSqRho = -1.6653345369E-16 -2.5535129566E-15 -4.0245584643E-15
HessDelSqRho_EigVals = -3.1973782107E+01  1.4956235719E+01  1.5974267895E+01
HessDelSqRho_EigVec1 =  6.0386206920E-01  5.2278224368E-01  6.0170534904E-01
HessDelSqRho_EigVec2 =  2.2410994686E-03 -7.5598921979E-01  6.5458022964E-01
HessDelSqRho_EigVec3 = -7.9708567849E-01  3.9392769040E-01  4.5768482157E-01
</CP of DelSqRho>
<CP of DelSqRho>
CP# = 28      
Type = (3,+1)
Coords =  4.14922456707040E+00 -5.99425224534922E-01 -6.89232250429090E-01
DistFromNuc =  1.1484409702E+00
Rho =  4.1698701361E-01
DelSqRho = -9.7586628864E-01
GradDelSqRho =  1.4988010832E-15  9.1593399532E-16  2.4980018054E-15
HessDelSqRho_EigVals = -3.1972876517E+01  1.4955693401E+01  1.5973843495E+01
HessDelSqRho_EigVec1 =  6.0601425963E-01 -5.2215703024E-01 -6.0008228843E-01
HessDelSqRho_EigVec2 =  2.8318920744E-03  7.5580132740E-01 -6.5479487925E-01
HessDelSqRho_EigVec3 =  7.9544873971E-01  3.9511566568E-01  4.5950507421E-01
</CP of DelSqRho>
<CP of DelSqRho>
CP# = 29      
Type = (3,-3)
Coords =  4.60230934604041E+00 -1.37643571987178E-01  1.29869033272452E-01
DistFromNuc =  1.1604140786E+00
Rho =  2.5225249217E-01
DelSqRho =  8.6351398651E-01
GradDelSqRho =  1.7208456882E-15 -4.8572257327E-16  8.7430063189E-16
HessDelSqRho_EigVals = -1.6889737924E+01 -3.9532329487E+00 -3.8807637832E-02
HessDelSqRho_EigVec1 =  9.8624312760E-01 -1.2259826958E-01  1.1087902220E-01
HessDelSqRho_EigVec2 = -1.0900238177E-03  6.6593156240E-01  7.4601204149E-01
HessDelSqRho_EigVec3 =  1.6529762586E-01  7.3587010980E-01 -6.5663679183E-01
</CP of DelSqRho>
<CP of DelSqRho>
CP# = 30      
Type = (3,-3)
Coords =  4.60179587236704E+00  1.54061014264941E-01 -1.29932587321007E-01
DistFromNuc =  1.1604036313E+00
Rho =  2.5222649106E-01
DelSqRho =  8.6355119592E-01
GradDelSqRho = -1.9428902931E-15 -4.0245584643E-16 -4.8572257327E-16
HessDelSqRho_EigVals = -1.6896584636E+01 -3.9418025700E+00 -4.1513214076E-02
HessDelSqRho_EigVec1 =  9.8580913508E-01  1.2627688488E-01 -1.1060966295E-01
HessDelSqRho_EigVec2 = -1.6089211433E-03  6.6597761425E-01  7.4596999181E-01
HessDelSqRho_EigVec3 = -1.6786232623E-01  7.3520607020E-01 -6.5672998544E-01
</CP of DelSqRho>
<CP of DelSqRho>
CP# = 31      
Type = (3,-1)
Coords =  3.59922584912269E+00 -2.43789519905522E-01  1.15469551928306E+00
DistFromNuc =  1.1900066514E+00
Rho =  2.4509827234E-01
DelSqRho =  7.2099072072E-01
GradDelSqRho = -1.9775847626E-16  3.0531133177E-16  5.5511151231E-16
HessDelSqRho_EigVals = -1.7199536917E+01 -1.2887363018E+00  2.8882121733E-01
HessDelSqRho_EigVec1 =  9.8690909894E-02 -2.1800630175E-01  9.7094456932E-01
HessDelSqRho_EigVec2 =  6.9102055840E-01  7.1711258834E-01  9.0775126042E-02
HessDelSqRho_EigVec3 =  7.1606612276E-01 -6.6198397869E-01 -2.2141933021E-01
</CP of DelSqRho>
<CP of DelSqRho>
CP# = 32      
Type = (3,-1)
Coords =  4.61844004332264E+00  3.12939534841135E-03  4.52014229495120E-03
DistFromNuc =  1.1602526323E+00
Rho =  2.5289919784E-01
DelSqRho =  8.6333203373E-01
GradDelSqRho = -1.6764367672E-14  8.5261658844E-16 -6.7090430433E-16
HessDelSqRho_EigVals = -1.6725660898E+01 -4.2268812089E+00  2.1115847906E-02
HessDelSqRho_EigVec1 =  9.9998885893E-01 -2.4890914475E-03  4.0107910859E-03
HessDelSqRho_EigVec2 = -1.3422528215E-03  6.6466068161E-01  7.4714414719E-01
HessDelSqRho_EigVec3 =  4.5255252438E-03  7.4714120669E-01 -6.6464993559E-01
</CP of DelSqRho>
<CP of DelSqRho>
CP# = 33      
Type = (3,+1)
Coords =  4.59514833927575E+00  1.59613033151668E+00  4.77616599158167E-01
DistFromNuc =  2.0122644257E+00
Rho =  7.4035908103E-02
DelSqRho =  1.7592194966E-01
GradDelSqRho =  3.6862873865E-17  5.7939764098E-16 -4.7011006199E-16
HessDelSqRho_EigVals = -1.5978143406E+00  4.1387884915E-02  5.7301440112E-01
HessDelSqRho_EigVec1 =  4.2098558166E-01  8.9088444932E-01 -1.7057560785E-01
HessDelSqRho_EigVec2 =  7.9874303113E-01 -4.5321476405E-01 -3.9573469378E-01
HessDelSqRho_EigVec3 =  4.2986126861E-01 -3.0352522192E-02  9.0238462650E-01
</CP of DelSqRho>
<CP of DelSqRho>
CP# = 34      
Type = (3,+1)
Coords =  4.59844133904659E+00 -1.58270162608218E+00 -4.74812092842832E-01
DistFromNuc =  2.0123723797E+00
Rho =  7.4030758663E-02
DelSqRho =  1.7586440890E-01
GradDelSqRho = -2.6064220227E-16  5.5511151231E-16 -1.0451708943E-16
HessDelSqRho_EigVals = -1.5969944486E+00  4.1459291156E-02  5.7305479389E-01
HessDelSqRho_EigVec1 = -4.2183230989E-01  8.9027879276E-01 -1.7164257485E-01
HessDelSqRho_EigVec2 =  7.9713099521E-01  4.5436474164E-01  3.9766173821E-01
HessDelSqRho_EigVec3 = -4.3201814639E-01 -3.0924953073E-02  9.0133454858E-01
</CP of DelSqRho>
<CP of DelSqRho>
CP# = 35      
Type = (3,+1)
Coords =  4.65590619298633E+00  2.41441098258321E-01  1.58243821664856E+00
DistFromNuc =  1.9986607345E+00
Rho =  7.5045850501E-02
DelSqRho =  1.8396674363E-01
GradDelSqRho =  6.3087556013E-14 -1.0529944972E-13  1.3295267665E-13
HessDelSqRho_EigVals = -1.7301017470E+00  2.9392427815E-02  5.6462336443E-01
HessDelSqRho_EigVec1 =  4.6773690973E-01 -3.4463752923E-01  8.1390856779E-01
HessDelSqRho_EigVec2 =  7.9705386128E-01 -2.3352099038E-01 -5.5693185334E-01
HessDelSqRho_EigVec3 =  3.8200435271E-01  9.0922655070E-01  1.6546828702E-01
</CP of DelSqRho>
<CP of DelSqRho>
CP# = 36      
Type = (3,+1)
Coords =  4.66046480439976E+00 -2.28106519396340E-01 -1.57951961990067E+00
DistFromNuc =  1.9986306919E+00
Rho =  7.5049098226E-02
DelSqRho =  1.8400188463E-01
GradDelSqRho = -1.9949319974E-17  1.2576745201E-16 -9.7144514655E-17
HessDelSqRho_EigVals = -1.7312086609E+00  2.9357291139E-02  5.6441122556E-01
HessDelSqRho_EigVec1 = -4.6954927766E-01 -3.4533158223E-01  8.1256973495E-01
HessDelSqRho_EigVec2 =  7.9535222577E-01  2.3413284320E-01  5.5910343291E-01
HessDelSqRho_EigVec3 = -3.8332533547E-01  9.0880576035E-01  1.6472333516E-01
</CP of DelSqRho>
<Path of -GradDelSqRho>
Starting CP# =      5
Ending CP# =      1
Number of Points =      7
  3.5131425073E+00 -1.1413928597E-01  1.0417144855E-01  2.2546598884E+01  1.2320008728E+03
  3.5050741463E+00 -9.6271175699E-02  8.8659138454E-02  3.2774311478E+01  9.8063667240E+02
  3.4969540635E+00 -7.8416512584E-02  7.3158327359E-02  4.8015697744E+01 -7.9689380195E+02
  3.4888111795E+00 -6.0567806464E-02  5.7662614592E-02  7.0656942020E+01 -6.3894043237E+03
  3.4806517673E+00 -4.2723429340E-02  4.2170612476E-02  1.0426417110E+02 -2.0635524478E+04
  3.4724649677E+00 -2.4886239241E-02  2.6684782547E-02  1.5468541547E+02 -7.5321415622E+04
  3.4582011400E+00  6.0842024658E-03 -2.0312701362E-04  2.9723613048E+02 -3.3286282707E+06
</Path of -GradDelSqRho>
<Path of -GradDelSqRho>
Starting CP# =      5
Ending CP# =     16
Number of Points =     36
  3.5131425073E+00 -1.1413928597E-01  1.0417144855E-01  2.2546598884E+01  1.2320008728E+03
  3.5211499801E+00 -1.3202312589E-01  1.1969718209E-01  1.5635761477E+01  1.1501309223E+03
  3.5291302223E+00 -1.4991398024E-01  1.3522886126E-01  1.0950466693E+01  9.8038142047E+02
  3.5371037342E+00 -1.6780658459E-01  1.5076198109E-01  7.7836571465E+00  7.7228466944E+02
  3.5450612849E+00 -1.8570330153E-01  1.6629854627E-01  5.6512922470E+00  5.7164696835E+02
  3.5529869902E+00 -2.0360818000E-01  1.8184198124E-01  4.2163382576E+00  4.0737165076E+02
  3.5608635343E+00 -2.2152558867E-01  1.9739595853E-01  3.2480959477E+00  2.8465550856E+02
  3.5686734819E+00 -2.3945984988E-01  2.1296408219E-01  2.5916508514E+00  1.9637148495E+02
  3.5764005996E+00 -2.5741488268E-01  2.2854957851E-01  2.1436204283E+00  1.3333071051E+02
  3.5840290210E+00 -2.7539439624E-01  2.4415544995E-01  1.8346768343E+00  8.8340807100E+01
  3.5915392715E+00 -2.9340283461E-01  2.5978525266E-01  1.6180168839E+00  5.6506618488E+01
  3.5989024950E+00 -3.1144666255E-01  2.7544413848E-01  1.4620258959E+00  3.4441836504E+01
  3.6060735271E+00 -3.2953572647E-01  2.9113992132E-01  1.3455265533E+00  1.9605001431E+01
  3.6129810569E+00 -3.4768488231E-01  3.0688430035E-01  1.2545545964E+00  9.9815258802E+00
  3.6195105909E+00 -3.6591628464E-01  3.2269450712E-01  1.1800851357E+00  3.9790846951E+00
  3.6254711081E+00 -3.8426262743E-01  3.3859546361E-01  1.1164189201E+00  3.8880736974E-01
  3.6305214556E+00 -4.0277062107E-01  3.5462141564E-01  1.0600774560E+00 -1.6589278951E+00
  3.6339771209E+00 -4.2149623563E-01  3.7080842082E-01  1.0091578109E+00 -2.7567400593E+00
  3.6341645309E+00 -4.4040730210E-01  3.8709975768E-01  9.6344456742E-01 -3.2910447947E+00
  3.6261052822E+00 -4.5815769889E-01  4.0225675540E-01  9.2813030767E-01 -3.5168704894E+00
  3.6054401087E+00 -4.6841200592E-01  4.1078856707E-01  9.1805982174E-01 -3.6320618503E+00
  3.5810194772E+00 -4.7250013088E-01  4.1402949937E-01  9.2254368847E-01 -3.7322633264E+00
  3.5561867797E+00 -4.7476147749E-01  4.1578313937E-01  9.2941117614E-01 -3.8274491484E+00
  3.5312541493E+00 -4.7618469088E-01  4.1691205019E-01  9.3617395635E-01 -3.9174382849E+00
  3.5062746257E+00 -4.7692762091E-01  4.1755759263E-01  9.4240495292E-01 -4.0017125045E+00
  3.4812765065E+00 -4.7700983963E-01  4.1774055793E-01  9.4801923832E-01 -4.0797870108E+00
  3.4562858106E+00 -4.7643143780E-01  4.1746377594E-01  9.5298634688E-01 -4.1512351383E+00
  3.4313285674E+00 -4.7519081523E-01  4.1672718991E-01  9.5728769230E-01 -4.2156963382E+00
  3.4064310382E+00 -4.7328715001E-01  4.1552954160E-01  9.6091134376E-01 -4.2728815655E+00
  3.3816197539E+00 -4.7072100885E-01  4.1386825580E-01  9.6385150084E-01 -4.3225771123E+00
  3.3569215224E+00 -4.6749489422E-01  4.1173898438E-01  9.6610838241E-01 -4.3646469466E+00
  3.3323634105E+00 -4.6361398651E-01  4.0913487437E-01  9.6768808743E-01 -4.3990335623E+00
  3.3079726982E+00 -4.5908724037E-01  4.0604540296E-01  9.6860239862E-01 -4.4257573877E+00
  3.2837768023E+00 -4.5392914724E-01  4.0245442139E-01  9.6886853435E-01 -4.4449148448E+00
  3.2598031619E+00 -4.4816299523E-01  3.9833645528E-01  9.6850885986E-01 -4.4566751911E+00
  3.2322280792E+00 -4.4074567062E-01  3.9282065490E-01  9.6733922650E-01 -4.4613674205E+00
</Path of -GradDelSqRho>
<Path of -GradDelSqRho>
Starting CP# =      6
Ending CP# =     17
Number of Points =     36
  3.5132250799E+00  1.2638618922E-01 -1.0443828228E-01  2.2547312339E+01  1.2320798111E+03
  3.5212448387E+00  1.4428185803E-01 -1.1994403154E-01  1.5636201095E+01  1.1501987350E+03
  3.5292373309E+00  1.6218451157E-01 -1.3545580313E-01  1.0950743979E+01  9.8043655226E+02
  3.5372230828E+00  1.8008890812E-01 -1.5096903433E-01  7.7838413163E+00  7.7232815192E+02
  3.5451928586E+00  1.9799739844E-01 -1.6648575424E-01  5.6514274629E+00  5.7167846281E+02
  3.5531307594E+00  2.1591401246E-01 -1.8200943043E-01  4.2164520234E+00  4.0739227238E+02
  3.5610194528E+00  2.3384309820E-01 -1.9754378232E-01  3.2482043618E+00  2.8466754838E+02
  3.5688414871E+00  2.5178895720E-01 -2.1309246087E-01  2.5917624768E+00  1.9637730565E+02
  3.5765806129E+00  2.6975548904E-01 -2.2865873563E-01  2.1437390640E+00  1.3333221888E+02
  3.5842209480E+00  2.8774638380E-01 -2.4424565089E-01  1.8348033738E+00  8.8339421207E+01
  3.5917429977E+00  3.0576606207E-01 -2.5985681381E-01  1.6181505268E+00  5.6503388865E+01
  3.5991178754E+00  3.2382095373E-01 -2.7549745163E-01  1.4621649441E+00  3.4437549270E+01
  3.6063003677E+00  3.4192085034E-01 -2.9117549588E-01  1.3456689447E+00  1.9600235155E+01
  3.6132190823E+00  3.6008052040E-01 -3.0690283030E-01  1.2546982641E+00  9.9766844391E+00
  3.6197593855E+00  3.7832197615E-01 -3.2269697995E-01  1.1802282535E+00  3.9744264400E+00
  3.6257299969E+00  3.9667766812E-01 -3.3858334945E-01  1.1165600955E+00  3.8447670448E-01
  3.6307892237E+00  4.1519385148E-01 -3.5459702519E-01  1.0602159933E+00 -1.6628694637E+00
  3.6342512233E+00  4.3392548890E-01 -3.7077566377E-01  1.0092944516E+00 -2.7602893193E+00
  3.6344382548E+00  4.5283729381E-01 -3.8706587970E-01  9.6358504407E-01 -3.2942492868E+00
  3.6263604134E+00  4.7056799922E-01 -4.0223396095E-01  9.2830596877E-01 -3.5198806486E+00
  3.6056816471E+00  4.8077242728E-01 -4.1079714318E-01  9.1829240684E-01 -3.6351205478E+00
  3.5812607583E+00  4.8481824104E-01 -4.1409006860E-01  9.2279487669E-01 -3.7354148038E+00
  3.5564286053E+00  4.8704076503E-01 -4.1590026280E-01  9.2967062934E-01 -3.8306798663E+00
  3.5314964851E+00  4.8842573008E-01 -4.1708657717E-01  9.3643921488E-01 -3.9207314432E+00
  3.5065174117E+00  4.8913050983E-01 -4.1778975890E-01  9.4267475691E-01 -4.0050502985E+00
  3.4815196853E+00  4.8917462768E-01 -4.1803045691E-01  9.4829248714E-01 -4.0831509398E+00
  3.4565293255E+00  4.8855819260E-01 -4.1781143128E-01  9.5326194500E-01 -4.1546062609E+00
  3.4315723601E+00  4.8727963071E-01 -4.1713256790E-01  9.5756453551E-01 -4.2190555334E+00
  3.4066750454E+00  4.8533814624E-01 -4.1599255459E-01  9.6118832644E-01 -4.2762097972E+00
  3.3818639030E+00  4.8273433207E-01 -4.1438876317E-01  9.6412752572E-01 -4.3258556918E+00
  3.3571657245E+00  4.7947071929E-01 -4.1231679057E-01  9.6638237035E-01 -4.3678577880E+00
  3.3326075510E+00  4.7555252434E-01 -4.0976972111E-01  9.6795898695E-01 -4.4021594244E+00
  3.3082166218E+00  4.7098875620E-01 -4.0673694872E-01  9.6886919504E-01 -4.4287820977E+00
  3.2840202895E+00  4.6579400372E-01 -4.0320219170E-01  9.6913025857E-01 -4.4478235003E+00
  3.2600458891E+00  4.5999176538E-01 -3.9913971150E-01  9.6876459694E-01 -4.4594543367E+00
  3.2329814653E+00  4.5267986356E-01 -3.9379627400E-01  9.6761609469E-01 -4.4639827012E+00
</Path of -GradDelSqRho>
<Path of -GradDelSqRho>
Starting CP# =      6
Ending CP# =      1
Number of Points =      7
  3.5132250799E+00  1.2638618922E-01 -1.0443828228E-01  2.2547312339E+01  1.2320798111E+03
  3.5051443733E+00  1.0850617840E-01 -8.8946123918E-02  3.2775484067E+01  9.8066427715E+02
  3.4970119021E+00  9.0639551978E-02 -7.3465605276E-02  4.8017617460E+01 -7.9716117493E+02
  3.4888566121E+00  7.2778854666E-02 -5.7990246818E-02  7.0660010840E+01 -6.3902563473E+03
  3.4806847769E+00  5.4922467209E-02 -4.2518644794E-02  1.0426907928E+02 -2.0638695362E+04
  3.4724855299E+00  3.7073234196E-02 -2.7053290072E-02  1.5469306058E+02 -7.5332132120E+04
  3.4582011400E+00  6.0842024658E-03 -2.0312701362E-04  2.9723613048E+02 -3.3286282707E+06
</Path of -GradDelSqRho>
<Path of -GradDelSqRho>
Starting CP# =     10
Ending CP# =     17
Number of Points =     33
  2.7909717766E+00  5.6641571515E-03 -1.0284989783E-03  8.6074059475E-01 -3.4894385420E+00
  2.7916038295E+00  1.1712299538E-02 -6.4540489607E-03  8.6165452877E-01 -3.4896048284E+00
  2.7917273573E+00  2.1791215623E-02 -1.5496940790E-02  8.6143736835E-01 -3.4908926121E+00
  2.7927682035E+00  3.9871540577E-02 -3.1716054608E-02  8.6140486739E-01 -3.4960440099E+00
  2.7952316709E+00  5.8391738634E-02 -4.8324549709E-02  8.6231559518E-01 -3.5051438407E+00
  2.7987358015E+00  7.6821841553E-02 -6.4846086440E-02  8.6360808034E-01 -3.5180696104E+00
  2.8032725491E+00  9.5130434238E-02 -8.1251041129E-02  8.6527570228E-01 -3.5347535749E+00
  2.8088315551E+00  1.1328657305E-01 -9.7510245721E-02  8.6730979321E-01 -3.5551061467E+00
  2.8154002173E+00  1.3125990051E-01 -1.1359509580E-01  8.6969959575E-01 -3.5790149234E+00
  2.8229637701E+00  1.4902075471E-01 -1.2947765252E-01  8.7243221338E-01 -3.6063435925E+00
  2.8315053759E+00  1.6654027282E-01 -1.4513073768E-01  8.7549255558E-01 -3.6369307622E+00
  2.8410062261E+00  1.8379048834E-01 -1.6052802155E-01  8.7886327982E-01 -3.6705887786E+00
  2.8514456498E+00  2.0074442163E-01 -1.7564410289E-01  8.8252473328E-01 -3.7071025866E+00
  2.8628012307E+00  2.1737616337E-01 -1.9045458082E-01  8.8645489754E-01 -3.7462286990E+00
  2.8750489292E+00  2.3366095083E-01 -2.0493611832E-01  8.9062934047E-01 -3.7876943332E+00
  2.8881632108E+00  2.4957523629E-01 -2.1906649654E-01  8.9502117956E-01 -3.8311967796E+00
  2.9021171803E+00  2.6509674723E-01 -2.3282465968E-01  8.9960106202E-01 -3.8764030599E+00
  2.9168827197E+00  2.8020453774E-01 -2.4619074931E-01  9.0433716696E-01 -3.9229499349E+00
  2.9324306313E+00  2.9487903039E-01 -2.5914612736E-01  9.0919523542E-01 -3.9704443198E+00
  2.9487307836E+00  3.0910204831E-01 -2.7167338666E-01  9.1413863383E-01 -4.0184641604E+00
  2.9657522588E+00  3.2285683685E-01 -2.8375634776E-01  9.1912845657E-01 -4.0665598233E+00
  2.9834635023E+00  3.3612807523E-01 -2.9538004087E-01  9.2412367214E-01 -4.1142560489E+00
  3.0018324689E+00  3.4890187887E-01 -3.0653067150E-01  9.2908131716E-01 -4.1610545088E+00
  3.0208267659E+00  3.6116579406E-01 -3.1719556832E-01  9.3395674051E-01 -4.2064370030E+00
  3.0404137904E+00  3.7290878817E-01 -3.2736311116E-01  9.3870389903E-01 -4.2498693206E+00
  3.0605608560E+00  3.8412124037E-01 -3.3702263604E-01  9.4327570382E-01 -4.2908057725E+00
  3.0812353093E+00  3.9479494076E-01 -3.4616431163E-01  9.4762441471E-01 -4.3286943900E+00
  3.1024046312E+00  4.0492311086E-01 -3.5477897675E-01  9.5170207856E-01 -4.3629827588E+00
  3.1240365223E+00  4.1450046797E-01 -3.6285791768E-01  9.5546100520E-01 -4.3931244355E+00
  3.1460989699E+00  4.2352337642E-01 -3.7039254053E-01  9.5885427357E-01 -4.4185858708E+00
  3.1685602915E+00  4.3199018051E-01 -3.7737383331E-01  9.6183625970E-01 -4.4388537336E+00
  3.1913891454E+00  4.3990197238E-01 -3.8379132786E-01  9.6436317779E-01 -4.4534425080E+00
  3.2329814653E+00  4.5267986356E-01 -3.9379627400E-01  9.6761609469E-01 -4.4639827012E+00
</Path of -GradDelSqRho>
<Path of -GradDelSqRho>
Starting CP# =     10
Ending CP# =     16
Number of Points =     33
  2.7909717766E+00  5.6641571515E-03 -1.0284989783E-03  8.6074059475E-01 -3.4894385420E+00
  2.7915967401E+00 -3.8312843455E-04  4.3985598281E-03  8.6165200303E-01 -3.4896048122E+00
  2.7917085112E+00 -1.0460715193E-02  1.3440708808E-02  8.6143079561E-01 -3.4908922190E+00
  2.7927279228E+00 -2.8539099592E-02  2.9661907028E-02  8.6139051447E-01 -3.4960418505E+00
  2.7951696106E+00 -4.7056399032E-02  4.6276848952E-02  8.6229335633E-01 -3.5051375973E+00
  2.7986521041E+00 -6.5482371589E-02  6.2807564932E-02  8.6357784795E-01 -3.5180556190E+00
  2.8031674044E+00 -8.3785610104E-02  7.9224406879E-02  8.6523733460E-01 -3.5347269974E+00
  2.8087051988E+00 -1.0193518137E-01  9.5498175559E-02  8.6726311774E-01 -3.5550610705E+00
  2.8152529286E+00 -1.1990074087E-01  1.1160022897E-01  8.6964441358E-01 -3.5789444815E+00
  2.8227958692E+00 -1.3765264223E-01  1.2750258467E-01  8.7236830444E-01 -3.6062400998E+00
  2.8313172218E+00 -1.5516204077E-01  1.4317801526E-01  8.7541968467E-01 -3.6367858658E+00
  2.8407982140E+00 -1.7240099060E-01  1.5860013662E-01  8.7878120352E-01 -3.6703936172E+00
  2.8512182092E+00 -1.8934253507E-01  1.7374348822E-01  8.8243320753E-01 -3.7068479563E+00
  2.8625548233E+00 -2.0596079012E-01  1.8858360546E-01  8.8635368598E-01 -3.7459052220E+00
  2.8747840469E+00 -2.2223102026E-01  2.0309708331E-01  8.9051822320E-01 -3.7872926269E+00
  2.8878803745E+00 -2.3812970677E-01  2.1726163104E-01  8.9489996236E-01 -3.8307076240E+00
  2.9018169383E+00 -2.5363460756E-01  2.3105611727E-01  8.9946958576E-01 -3.8758175608E+00
  2.9165656464E+00 -2.6872480837E-01  2.4446060459E-01  9.0419531704E-01 -3.9222596831E+00
  2.9320973258E+00 -2.8338076433E-01  2.5745637282E-01  9.0904295094E-01 -3.9696415431E+00
  2.9483818682E+00 -2.9758433177E-01  2.7002592989E-01  9.1397591643E-01 -4.0175418698E+00
  2.9653883782E+00 -3.1131878976E-01  2.8215300899E-01  9.1895537845E-01 -4.0655119513E+00
  2.9830853213E+00 -3.2456885160E-01  2.9382255091E-01  9.2394038324E-01 -4.1130775792E+00
  3.0014406711E+00 -3.3732066707E-01  3.0502067018E-01  9.2888805112E-01 -4.1597415970E+00
  3.0204220522E+00 -3.4956181708E-01  3.1573460334E-01  9.3375381937E-01 -4.2049870861E+00
  3.0399968767E+00 -3.6128130399E-01  3.2595263744E-01  9.3849173628E-01 -4.2482812144E+00
  3.0601324721E+00 -3.7246954236E-01  3.3566401558E-01  9.4305480589E-01 -4.2890797550E+00
  3.0807961969E+00 -3.8311835822E-01  3.4485881377E-01  9.4739538076E-01 -4.3268322678E+00
  3.1019555432E+00 -3.9322100980E-01  3.5352777871E-01  9.5146559851E-01 -4.3609879146E+00
  3.1235782223E+00 -4.0277225207E-01  3.6166210532E-01  9.5521785607E-01 -4.3910018552E+00
  3.1456322331E+00 -4.1176848850E-01  3.6925310885E-01  9.5860531425E-01 -4.4163421464E+00
  3.1680859071E+00 -4.2020810502E-01  3.7629168601E-01  9.6158242424E-01 -4.4364970411E+00
  3.1909079230E+00 -4.2809224086E-01  3.8276727347E-01  9.6410546744E-01 -4.4509825584E+00
  3.2322280792E+00 -4.4074567062E-01  3.9282065490E-01  9.6733922650E-01 -4.4613674205E+00
</Path of -GradDelSqRho>
<Path of -GradDelSqRho>
Starting CP# =     13
Ending CP# =     15
Number of Points =     18
  3.7737039970E+00  2.0225896055E-02  6.1995035067E-01  7.7187928075E-01 -2.4791565091E+00
  3.7841193594E+00  4.0851303010E-02  6.1659219482E-01  7.6767469086E-01 -2.4825766019E+00
  3.7948427023E+00  6.3006018690E-02  6.1222090913E-01  7.6359145274E-01 -2.4934654352E+00
  3.8051093107E+00  8.5205105083E-02  6.0705113131E-01  7.5992395087E-01 -2.5111777887E+00
  3.8149041947E+00  1.0741806483E-01  6.0108679316E-01  7.5665122657E-01 -2.5349291525E+00
  3.8242114457E+00  1.2961425726E-01  5.9433165891E-01  7.5374943259E-01 -2.5638255445E+00
  3.8330139226E+00  1.5176268812E-01  5.8678912656E-01  7.5119264486E-01 -2.5968791388E+00
  3.8412928894E+00  1.7383175185E-01  5.7846207904E-01  7.4895377005E-01 -2.6330269469E+00
  3.8490275997E+00  1.9578892757E-01  5.6935280145E-01  7.4700555574E-01 -2.6711522514E+00
  3.8561948217E+00  2.1760043631E-01  5.5946299421E-01  7.4532169954E-01 -2.7101084073E+00
  3.8627683030E+00  2.3923087869E-01  5.4879393272E-01  7.4387803586E-01 -2.7487445788E+00
