 AIMInt (Version 19.02.13, Professional)
 Portions Copyright (c) 1997-2019 by Todd A. Keith
 AIMInt is a component of the AIMAll package ( http://aim.tkgristmill.com )

 TP:  64-bit Linux

 Licensed To:  Research Group of Fernando Cortes Guzman, UNAM, fercor@unam.mx

 AIMInt is a heavily modified and extended version of the PROAIMV program
 developed by members of R.F.W. Bader's research group

 Much of the Quantum Theory of Atoms in Molecules (QTAIM) is described in the book:
   "Atoms in Molecules - A Quantum Theory"
   R.F.W. Bader, Oxford University Press, Oxford, 1990

 For additional references see:  http://aim.tkgristmill.com/references.html

 Current Directory:  /home/scratch/M_H2O_4_cuadrado_plano/Opt

 Inp File:  Mn2_cuadrado_plano_cc-pvtz-def2-tzv_2_atomicfiles/o6.inp
 Wfx File:  Mn2_cuadrado_plano_cc-pvtz-def2-tzv_2.wfx
 Out File:  Mn2_cuadrado_plano_cc-pvtz-def2-tzv_2_atomicfiles/o6.int

 Wfx Title:   Mn2_cuadrado_plano_cc-pvtz-def2-tzv_2                                         
 Job Title:   Mn2_cuadrado_plano_cc-pvtz-def2-tzv_2                                         
 
<Atom>
O6      
</Atom>
<Nuclei of Molecule>
    13
Mn1       25.0           9.9765953693E-06   1.1429092687E-04  -9.1898544751E-05
O2         8.0          -3.4581872594E+00  -6.0571978682E-03   5.6766210123E-05
H3         1.0          -4.5792040210E+00   9.6486992061E-01   1.1160219484E+00
O4         8.0           3.4582007876E+00   6.0842026356E-03  -2.0312782493E-04
H5         1.0           4.5789403829E+00  -9.6709374973E-01  -1.1144768351E+00
O6         8.0           6.0760753622E-03  -3.4581300560E+00   1.0724137949E-02
H7         1.0           1.4861211253E+00  -4.5579351874E+00   2.0524024395E-01
O8         8.0          -6.0660432387E-03   3.4582242783E+00  -1.0872767236E-02
H9         1.0          -1.4863968576E+00   4.5576769380E+00  -2.0517437042E-01
H10        1.0           1.4698746044E+00   4.5635646655E+00  -2.0489380279E-01
H11        1.0           4.5749400382E+00   9.8040788744E-01   1.1170691024E+00
H12        1.0          -1.4700156370E+00  -4.5629622202E+00   2.0660024205E-01
H13        1.0          -4.5746975321E+00  -9.8235534413E-01  -1.1157291377E+00
</Nuclei of Molecule>
<Total Number of CPs of DelSqRho>
    34
</Total Number of CPs of DelSqRho>
<Number of (3,+3) CPs of DelSqRho>
     5
</Number of (3,+3) CPs of DelSqRho>
<Number of (3,+1) CPs of DelSqRho>
    14
</Number of (3,+1) CPs of DelSqRho>
<Number of (3,-1) CPs of DelSqRho>
    10
</Number of (3,-1) CPs of DelSqRho>
<Number of (3,-3) CPs of DelSqRho>
     5
</Number of (3,-3) CPs of DelSqRho>
<Number of Degenerate CPs of DelSqRho>
     0
</Number of Degenerate CPs of DelSqRho>
<CP of DelSqRho>
CP# = 1       
Type = (3,+3)
Coords =  6.07607599664560E-03 -3.45813040000665E+00  1.07242277811465E-02
DistFromNuc =  3.5555832289E-07
Rho =  2.9727196601E+02
DelSqRho = -3.3290242778E+06
GradDelSqRho =  4.6390084663E-08  1.6048554244E-05  2.7058376872E-08
HessDelSqRho_EigVals =  1.3238763134E+11  1.3238765028E+11  1.3238765745E+11
HessDelSqRho_EigVec1 =  2.6088637802E-04  1.2218859220E-01  9.9250686641E-01
HessDelSqRho_EigVec2 = -1.6952250606E-03  9.9250552810E-01 -1.2218798184E-01
HessDelSqRho_EigVec3 =  9.9999852907E-01  1.6506453327E-03 -4.6606833600E-04
</CP of DelSqRho>
<CP of DelSqRho>
CP# = 2       
Type = (3,-1)
Coords =  3.52987709958233E-03 -1.99841399398941E+00 -3.55938723151690E-02
DistFromNuc =  1.4604529513E+00
Rho =  1.5772489639E-01
DelSqRho =  4.2684422758E-01
GradDelSqRho =  2.3310346708E-17  2.5535129566E-15 -1.8908485888E-16
HessDelSqRho_EigVals = -5.2677324534E-01 -3.5431431426E-01  5.1370564330E+00
HessDelSqRho_EigVec1 =  2.4497036976E-04 -7.1401737208E-04  9.9999971508E-01
HessDelSqRho_EigVec2 =  9.9999842591E-01  1.7574951372E-03 -2.4371517154E-04
HessDelSqRho_EigVec3 = -1.7573206196E-03  9.9999820069E-01  7.1444678238E-04
</CP of DelSqRho>
<CP of DelSqRho>
CP# = 3       
Type = (3,+1)
Coords =  9.24924727491927E-01 -4.13676633356346E+00  1.30651123556797E-01
DistFromNuc =  1.1485697735E+00
Rho =  4.1834908294E-01
DelSqRho = -9.8994180806E-01
GradDelSqRho = -3.6914915569E-15 -5.5511151231E-16 -6.8001160258E-16
HessDelSqRho_EigVals = -3.2346318422E+01  1.5163542674E+01  1.6145638558E+01
HessDelSqRho_EigVec1 =  7.9637935635E-01 -5.9552858056E-01  1.0547810441E-01
HessDelSqRho_EigVec2 = -2.8187134499E-02  1.3766569476E-01  9.9007759390E-01
HessDelSqRho_EigVec3 =  6.0414022067E-01  7.9145048248E-01 -9.2847873183E-02
</CP of DelSqRho>
<CP of DelSqRho>
CP# = 4       
Type = (3,+1)
Coords = -9.10335376444855E-01 -4.13989498728318E+00  1.31491982347049E-01
DistFromNuc =  1.1485635563E+00
Rho =  4.1836014432E-01
DelSqRho = -9.9002264555E-01
GradDelSqRho =  2.9976021665E-15 -1.1657341759E-15 -3.8163916471E-16
HessDelSqRho_EigVals = -3.2349006768E+01  1.5164738539E+01  1.6146995238E+01
HessDelSqRho_EigVec1 =  7.9424832447E-01  5.9823751596E-01 -1.0621428139E-01
HessDelSqRho_EigVec2 =  2.8618409401E-02  1.3778340694E-01  9.9004884698E-01
HessDelSqRho_EigVec3 = -6.0691892846E-01  7.8938432165E-01 -9.2313633955E-02
</CP of DelSqRho>
<CP of DelSqRho>
CP# = 5       
Type = (3,-1)
Coords =  5.82276661678084E-03 -3.29368553775133E+00 -1.72985552085074E-02
DistFromNuc =  1.6681527230E-01
Rho =  2.2776485710E+01
DelSqRho =  1.2959668267E+03
GradDelSqRho =  1.9095836024E-14 -3.0581759347E-11  8.1925577433E-12
HessDelSqRho_EigVals = -4.5456456615E+05 -3.3862539152E+03  2.8899357963E+02
HessDelSqRho_EigVec1 = -1.5200119655E-03  9.8571680173E-01 -1.6840450215E-01
HessDelSqRho_EigVec2 =  1.8243980281E-04  1.6840496724E-01  9.8571787735E-01
HessDelSqRho_EigVec3 =  9.9999882814E-01  1.4675792840E-03 -4.3581154418E-04
</CP of DelSqRho>
<CP of DelSqRho>
CP# = 6       
Type = (3,-1)
Coords =  6.36505779011280E-03 -3.62646678563442E+00  2.46310276766399E-02
DistFromNuc =  1.6891044859E-01
Rho =  2.2315404842E+01
DelSqRho =  1.2484732875E+03
GradDelSqRho =  2.6922908347E-14 -2.4158453016E-11  6.9722005946E-13
HessDelSqRho_EigVals = -4.0399338563E+05 -1.6025256312E+03  1.6837260567E+03
HessDelSqRho_EigVec1 = -1.7103205776E-03  9.9667905794E-01 -8.1412101531E-02
HessDelSqRho_EigVec2 =  3.3154808713E-04  8.1412781302E-02  9.9668041474E-01
HessDelSqRho_EigVec3 =  9.9999848244E-01  1.6776509960E-03 -4.6968899028E-04
</CP of DelSqRho>
<CP of DelSqRho>
CP# = 7       
Type = (3,+1)
Coords =  6.20863101935116E-03 -3.49012111577588E+00  1.76193997676935E-01
DistFromNuc =  1.6853403204E-01
Rho =  2.2518523837E+01
DelSqRho =  1.2307136502E+03
GradDelSqRho = -3.0198066270E-14  4.8601123126E-12 -7.0912165029E-12
HessDelSqRho_EigVals = -4.0829708872E+05  2.2848273568E+03  3.5060375451E+03
HessDelSqRho_EigVec1 =  7.7867166691E-04 -1.8499548537E-01  9.8273906204E-01
HessDelSqRho_EigVec2 = -1.5453125986E-03  9.8273796398E-01  1.8499650309E-01
HessDelSqRho_EigVec3 =  9.9999850284E-01  1.6626905892E-03 -4.7935435431E-04
</CP of DelSqRho>
<CP of DelSqRho>
CP# = 8       
Type = (3,+1)
Coords =  6.14297775070604E-03 -3.53863600704442E+00 -1.37100879798320E-01
DistFromNuc =  1.6832542441E-01
Rho =  2.2563317737E+01
DelSqRho =  1.2355773306E+03
GradDelSqRho = -7.2164496601E-16 -8.2422957348E-13  6.8496319727E-12
HessDelSqRho_EigVals = -4.1313164342E+05  2.0631855190E+03  3.3230017665E+03
HessDelSqRho_EigVec1 = -3.8832288759E-04  4.7365313262E-01  8.8071139380E-01
HessDelSqRho_EigVec2 = -1.6775900793E-03  8.8070991234E-01 -4.7365307556E-01
HessDelSqRho_EigVec3 =  9.9999851745E-01  1.6614030270E-03 -4.5259598002E-04
</CP of DelSqRho>
<CP of DelSqRho>
CP# = 9       
Type = (3,-3)
Coords = -9.73516346168668E-02 -3.32897194661063E+00 -1.19068544518623E-02
DistFromNuc =  1.6700679694E-01
Rho =  2.2707906986E+01
DelSqRho =  1.2968196373E+03
GradDelSqRho = -5.9898752625E-12  1.9042545318E-11 -4.2916781240E-12
HessDelSqRho_EigVals = -4.5030695667E+05 -3.6375643583E+03 -5.0143629876E+02
HessDelSqRho_EigVec1 = -6.1667778326E-01  7.7533146980E-01 -1.3627040606E-01
HessDelSqRho_EigVec2 = -1.2016112214E-02  1.6381321119E-01  9.8641818966E-01
HessDelSqRho_EigVec3 =  7.8712395764E-01  6.0993962305E-01 -9.1703498003E-02
</CP of DelSqRho>
<CP of DelSqRho>
CP# = 10      
Type = (3,-3)
Coords =  1.09028532468837E-01 -3.32861017536555E+00 -1.20058653386350E-02
DistFromNuc =  1.6700676917E-01
Rho =  2.2707925754E+01
DelSqRho =  1.2968176415E+03
GradDelSqRho =  8.8036244961E-12 -3.8085090637E-12 -3.7800873542E-12
HessDelSqRho_EigVals = -4.5030727927E+05 -3.6373844356E+03 -5.0102338307E+02
HessDelSqRho_EigVec1 =  6.1382480585E-01  7.7748841974E-01 -1.3686074999E-01
HessDelSqRho_EigVec2 =  1.2388100585E-02  1.6385608108E-01  9.8640646777E-01
HessDelSqRho_EigVec3 =  7.8934507200E-01 -6.0717620331E-01  9.0947322407E-02
</CP of DelSqRho>
<CP of DelSqRho>
CP# = 11      
Type = (3,-1)
Coords =  6.79526660381084E-01 -3.21460205988115E+00 -1.77550292341557E-02
DistFromNuc =  7.1669563855E-01
Rho =  6.7177569320E-01
DelSqRho = -9.7663527024E-01
GradDelSqRho =  7.4384942650E-15  6.2172489379E-15 -1.3322676296E-15
HessDelSqRho_EigVals = -1.6067976203E+01 -1.2047939117E+01  1.4282057454E+02
HessDelSqRho_EigVec1 = -3.7010138427E-01  9.2348966268E-01 -1.0095448621E-01
HessDelSqRho_EigVec2 =  4.5683172463E-03  1.1047895219E-01  9.9386796487E-01
HessDelSqRho_EigVec3 =  9.2898013748E-01  3.6737071746E-01 -4.5107206890E-02
</CP of DelSqRho>
<CP of DelSqRho>
CP# = 12      
Type = (3,-1)
Coords = -6.68229532505442E-01 -3.21690131785647E+00 -1.71347391048667E-02
DistFromNuc =  7.1669761680E-01
Rho =  6.7177319485E-01
DelSqRho = -9.7658720290E-01
GradDelSqRho =  2.8088642523E-14 -5.3290705182E-15  1.0547118734E-15
HessDelSqRho_EigVals = -1.6068797203E+01 -1.2048297412E+01  1.4281828253E+02
HessDelSqRho_EigVec1 =  3.6684971383E-01  9.2476309009E-01 -1.0116577816E-01
HessDelSqRho_EigVec2 = -4.0818277213E-03  1.1034668787E-01  9.9388477559E-01
HessDelSqRho_EigVec3 =  9.3027126482E-01 -3.6419340423E-01  4.4255374485E-02
</CP of DelSqRho>
<CP of DelSqRho>
CP# = 13      
Type = (3,+1)
Coords =  4.90087031167002E-03 -2.80285840285580E+00 -1.12143961636344E-01
DistFromNuc =  6.6669250063E-01
Rho =  8.6179199110E-01
DelSqRho = -3.4965017513E+00
GradDelSqRho = -1.5404344467E-15  4.1389114358E-13 -2.0450308114E-12
HessDelSqRho_EigVals = -6.5678821628E+00  1.9701628831E+01  2.4747427533E+02
HessDelSqRho_EigVec1 =  1.1453782237E-04  1.9195652828E-01  9.8140342272E-01
HessDelSqRho_EigVec2 =  9.9999844366E-01  1.7058302969E-03 -4.5035802351E-04
HessDelSqRho_EigVec3 = -1.7605568546E-03  9.8140194691E-01 -1.9195603414E-01
</CP of DelSqRho>
<CP of DelSqRho>
CP# = 14      
Type = (3,-1)
Coords =  7.35948048410437E-03 -4.17801685431813E+00  1.08655486757444E-01
DistFromNuc =  7.2651854665E-01
Rho =  6.6339450598E-01
DelSqRho = -9.5718162576E-01
GradDelSqRho =  7.8496237288E-16 -3.3750779949E-14 -2.1871393585E-14
HessDelSqRho_EigVals = -1.9358025998E+01 -6.1419348717E+00  1.3133621870E+02
HessDelSqRho_EigVec1 =  9.9999842804E-01  1.7188605066E-03 -4.3524603480E-04
HessDelSqRho_EigVec2 =  2.0550084016E-04  1.3146383488E-01  9.9132094595E-01
HessDelSqRho_EigVec3 = -1.7611615362E-03  9.9131947708E-01 -1.3146327499E-01
</CP of DelSqRho>
<CP of DelSqRho>
CP# = 15      
Type = (3,+3)
Coords =  5.57378853438813E-03 -3.33284917774751E+00 -6.11841529323054E-01
DistFromNuc =  6.3504610920E-01
Rho =  9.7043504774E-01
DelSqRho = -4.5043582169E+00
GradDelSqRho = -6.9388939039E-17 -1.4210854715E-14  7.1720407391E-14
HessDelSqRho_EigVals =  1.1608900428E+01  2.3729077939E+01  3.4957055151E+02
HessDelSqRho_EigVec1 = -1.5573051952E-03  9.8373920485E-01  1.7959607913E-01
HessDelSqRho_EigVec2 =  9.9999849655E-01  1.6689604773E-03 -4.7060603664E-04
HessDelSqRho_EigVec3 =  7.6269236622E-04 -1.7959507624E-01  9.8374032493E-01
</CP of DelSqRho>
<CP of DelSqRho>
CP# = 16      
Type = (3,+3)
Coords =  5.73111031342936E-03 -3.11136770303850E+00  5.49104163960982E-01
DistFromNuc =  6.4038839842E-01
Rho =  9.5573753063E-01
DelSqRho = -4.3946836772E+00
GradDelSqRho =  1.1449174941E-16 -4.4408920985E-16 -3.9968028887E-15
HessDelSqRho_EigVals =  9.8889018810E+00  2.3972075087E+01  3.2492556542E+02
HessDelSqRho_EigVec1 = -1.7162602741E-03  8.5383671108E-01 -5.2053811124E-01
HessDelSqRho_EigVec2 =  9.9999840587E-01  1.7218537630E-03 -4.7273307913E-04
HessDelSqRho_EigVec3 = -4.9265364815E-04  5.2053809277E-01  8.5383830511E-01
</CP of DelSqRho>
<CP of DelSqRho>
CP# = 17      
Type = (3,+1)
Coords =  4.88233644399906E-01 -3.82368374886602E+00 -3.30039637959423E-01
DistFromNuc =  6.9442449174E-01
Rho =  7.7569845070E-01
DelSqRho = -2.5328355752E+00
GradDelSqRho =  2.7755575616E-15  1.4654943925E-14 -8.8540286214E-15
HessDelSqRho_EigVals = -1.2755830776E+01  1.4225197960E+01  1.8199886565E+02
HessDelSqRho_EigVec1 =  4.7417331896E-01 -3.3712808453E-01  8.1332915736E-01
HessDelSqRho_EigVec2 = -5.9977247954E-01 -7.9996630304E-01  1.8080010635E-02
HessDelSqRho_EigVec3 =  6.4454063981E-01 -4.9638550404E-01 -5.8152282415E-01
</CP of DelSqRho>
<CP of DelSqRho>
CP# = 18      
Type = (3,+1)
Coords = -4.75131075087549E-01 -3.82533204770486E+00 -3.29601052655243E-01
DistFromNuc =  6.9441980079E-01
Rho =  7.7571681097E-01
DelSqRho = -2.5330075438E+00
GradDelSqRho =  1.6764367672E-14  2.1316282073E-14  2.7061686225E-15
HessDelSqRho_EigVals = -1.2755408242E+01  1.4226933241E+01  1.8200604837E+02
HessDelSqRho_EigVec1 = -4.7227663572E-01 -3.3875156787E-01  8.1375804427E-01
HessDelSqRho_EigVec2 =  6.0252875025E-01 -7.9790453470E-01  1.7534498181E-02
HessDelSqRho_EigVec3 =  6.4336139493E-01  4.9859375123E-01  5.8093922811E-01
</CP of DelSqRho>
<CP of DelSqRho>
CP# = 19      
Type = (3,+1)
Coords =  4.69646744734667E-01 -3.69568329365274E+00  4.68810942846614E-01
DistFromNuc =  6.9366622164E-01
Rho =  7.7729151237E-01
DelSqRho = -2.5088555334E+00
GradDelSqRho =  1.1102230246E-14  8.8817841970E-16  1.7208456882E-14
HessDelSqRho_EigVals = -1.2643109909E+01  1.3700117305E+01  1.8170761527E+02
HessDelSqRho_EigVec1 = -4.9919172702E-01  5.7755464143E-01  6.4593982370E-01
HessDelSqRho_EigVec2 =  6.0963940958E-01  7.6384753094E-01 -2.1184130797E-01
HessDelSqRho_EigVec3 =  6.1574947013E-01 -2.8804094436E-01  7.3340643875E-01
</CP of DelSqRho>
<CP of DelSqRho>
CP# = 20      
Type = (3,+1)
Coords = -4.56246726283921E-01 -3.69725913858290E+00  4.69249884064775E-01
DistFromNuc =  6.9366486931E-01
Rho =  7.7729610448E-01
DelSqRho = -2.5088344509E+00
GradDelSqRho = -1.1324274851E-14  8.8817841970E-16  6.8833827527E-15
HessDelSqRho_EigVals = -1.2644633016E+01  1.3699745798E+01  1.8170886898E+02
HessDelSqRho_EigVec1 =  4.9782026193E-01  5.7926646502E-01  6.4546521929E-01
HessDelSqRho_EigVec2 =  6.1244954754E-01 -7.6175427381E-01  2.1127228416E-01
HessDelSqRho_EigVec3 = -6.1406883860E-01 -2.9013925767E-01  7.3398819652E-01
</CP of DelSqRho>
<CP of DelSqRho>
CP# = 21      
Type = (3,+3)
Coords =  5.94657554795017E-01 -3.88038188424773E+00  8.57284258168056E-02
DistFromNuc =  7.2825161009E-01
Rho =  7.4317643844E-01
DelSqRho = -2.9763830995E+00
GradDelSqRho =  5.8841820305E-15 -3.1086244690E-15 -2.8865798640E-15
HessDelSqRho_EigVals =  1.0856407715E+01  2.3067191352E+01  1.3440177007E+02
HessDelSqRho_EigVec1 = -2.1081505587E-02  1.4638903231E-01  9.8900243748E-01
HessDelSqRho_EigVec2 =  5.8044974188E-01  8.0722094623E-01 -1.0710948192E-01
HessDelSqRho_EigVec3 =  8.1402313682E-01 -5.7180818041E-01  1.0198890891E-01
</CP of DelSqRho>
<CP of DelSqRho>
CP# = 22      
Type = (3,+3)
Coords = -5.80985456833113E-01 -3.88239714499254E+00  8.62430794958115E-02
DistFromNuc =  7.2824921279E-01
Rho =  7.4318913504E-01
DelSqRho = -2.9765143742E+00
GradDelSqRho =  6.6613381478E-16 -1.3100631691E-14  4.9960036108E-15
HessDelSqRho_EigVals =  1.0857199370E+01  2.3068706021E+01  1.3440409638E+02
HessDelSqRho_EigVec1 =  2.1449099761E-02  1.4642012132E-01  9.8898993129E-01
HessDelSqRho_EigVec2 = -5.8331430852E-01  8.0522590017E-01 -1.0656297285E-01
HessDelSqRho_EigVec3 =  8.1196327109E-01  5.7460629807E-01 -1.0268032248E-01
</CP of DelSqRho>
<CP of DelSqRho>
CP# = 23      
Type = (3,-3)
Coords =  1.06799418736960E+00 -3.04614380363962E+00 -3.53307552138230E-02
DistFromNuc =  1.1399665793E+00
Rho =  2.4710463657E-01
DelSqRho =  8.5707909492E-01
GradDelSqRho = -2.3925306181E-14 -1.4613310562E-14  2.4084900740E-14
HessDelSqRho_EigVals = -1.7726995650E+01 -1.8891454009E+00 -5.4931453512E-01
HessDelSqRho_EigVec1 =  9.1716083868E-01  3.9558340005E-01 -4.8267687003E-02
HessDelSqRho_EigVec2 = -3.9847076954E-01  9.0845287902E-01 -1.2623158253E-01
HessDelSqRho_EigVec3 = -6.0861993880E-03  1.3500792648E-01  9.9082582625E-01
</CP of DelSqRho>
<CP of DelSqRho>
CP# = 24      
Type = (3,-3)
Coords = -1.05729334459740E+00 -3.04980344582456E+00 -3.44351963150799E-02
DistFromNuc =  1.1399668896E+00
Rho =  2.4710632574E-01
DelSqRho =  8.5708429917E-01
GradDelSqRho =  1.1047412984E-13 -6.5641936331E-14  2.4407906252E-13
HessDelSqRho_EigVals = -1.7726804931E+01 -1.8893703241E+00 -5.4938925349E-01
HessDelSqRho_EigVec1 =  9.1855489780E-01 -3.9243097693E-01  4.7485030012E-02
HessDelSqRho_EigVec2 =  3.9524038831E-01  9.0981303006E-01 -1.2659101779E-01
HessDelSqRho_EigVec3 =  6.4757377445E-03  1.3504880111E-01  9.9081778655E-01
</CP of DelSqRho>
<CP of DelSqRho>
CP# = 25      
Type = (3,+1)
Coords =  3.96104873250228E-03 -2.21766144208877E+00  1.81091723372875E-01
DistFromNuc =  1.2521149985E+00
Rho =  2.4052403343E-01
DelSqRho =  4.6945448576E-01
GradDelSqRho =  3.5941302018E-17  4.3576253717E-15  3.1571967263E-16
HessDelSqRho_EigVals = -8.6784397894E+00  1.9814831762E-01  6.4661246763E-01
HessDelSqRho_EigVec1 = -1.6882524565E-03  9.8731143761E-01  1.5878688536E-01
HessDelSqRho_EigVec2 =  6.4450095617E-04 -1.5878600439E-01  9.8731281235E-01
HessDelSqRho_EigVec3 =  9.9999836721E-01  1.7691715802E-03 -3.6825230361E-04
</CP of DelSqRho>
<CP of DelSqRho>
CP# = 26      
Type = (3,-3)
Coords =  7.99166930090633E-03 -4.61127433489516E+00 -1.11878765512335E-01
DistFromNuc =  1.1596451481E+00
Rho =  2.5108371156E-01
DelSqRho =  8.6657810233E-01
GradDelSqRho =  1.3042952135E-16  3.8857805862E-16 -6.1062266354E-16
HessDelSqRho_EigVals = -1.7161405840E+01 -3.5588821052E+00 -1.2890482384E-01
HessDelSqRho_EigVec1 = -1.6572155218E-03  9.9438977123E-01  1.0576500609E-01
HessDelSqRho_EigVec2 =  9.9999842965E-01  1.7143361134E-03 -4.4915967944E-04
HessDelSqRho_EigVec3 =  6.2795656036E-04 -1.0576409565E-01  9.9439105071E-01
</CP of DelSqRho>
<CP of DelSqRho>
CP# = 27      
Type = (3,-1)
Coords =  6.84902964038767E-01 -3.46830663448858E+00  9.89344044412036E-01
DistFromNuc =  1.1910526558E+00
Rho =  2.4562823388E-01
DelSqRho =  7.1706910497E-01
GradDelSqRho = -1.0604295220E-12 -7.6058950804E-14 -1.6699974736E-12
HessDelSqRho_EigVals = -1.7092188766E+01 -1.3536994694E+00  3.3824413832E-01
HessDelSqRho_EigVec1 =  5.6244634250E-01  1.0285454235E-02  8.2676981152E-01
HessDelSqRho_EigVec2 =  5.5219117867E-01 -7.4892149099E-01 -3.6633523244E-01
HessDelSqRho_EigVec3 =  6.1541775569E-01  6.6257890833E-01 -4.2690769052E-01
</CP of DelSqRho>
<CP of DelSqRho>
CP# = 28      
Type = (3,-1)
Coords = -6.71882165177319E-01 -3.47058680235677E+00  9.89921246178743E-01
DistFromNuc =  1.1910539548E+00
Rho =  2.4562912156E-01
DelSqRho =  7.1706131909E-01
GradDelSqRho =  9.5315422222E-13 -7.9903965389E-14 -1.4680756610E-12
HessDelSqRho_EigVals = -1.7091660357E+01 -1.3539550806E+00  3.3826183838E-01
HessDelSqRho_EigVec1 = -5.6177727475E-01  8.4026870675E-03  8.2724584522E-01
HessDelSqRho_EigVec2 =  5.4992069981E-01  7.5084102751E-01  3.6582096075E-01
HessDelSqRho_EigVec3 = -6.1805624137E-01  6.6042951650E-01 -4.2642623776E-01
</CP of DelSqRho>
<CP of DelSqRho>
CP# = 29      
Type = (3,-1)
Coords =  6.95572731931459E-01 -3.74772726554453E+00 -9.14472771326968E-01
DistFromNuc =  1.1896476386E+00
Rho =  2.4401426117E-01
DelSqRho =  7.2321933886E-01
GradDelSqRho = -8.3266726847E-17 -3.0531133177E-16 -5.5511151231E-17
HessDelSqRho_EigVals = -1.7393645832E+01 -1.1230317996E+00  2.9444714234E-01
HessDelSqRho_EigVec1 = -5.7481675149E-01  2.2574403422E-01  7.8652738873E-01
HessDelSqRho_EigVec2 =  5.5054710756E-01 -6.0441445148E-01  5.7583075048E-01
HessDelSqRho_EigVec3 =  6.0537887688E-01  7.6401754028E-01  2.2314482647E-01
</CP of DelSqRho>
<CP of DelSqRho>
CP# = 30      
Type = (3,-1)
Coords = -6.83233355182021E-01 -3.75012422079443E+00 -9.13862165775412E-01
DistFromNuc =  1.1896503337E+00
Rho =  2.4401564568E-01
DelSqRho =  7.2321326093E-01
GradDelSqRho =  2.3042678876E-13  2.4740626214E-13  5.2996496080E-13
HessDelSqRho_EigVals = -1.7393718575E+01 -1.1229465788E+00  2.9448627572E-01
HessDelSqRho_EigVec1 =  5.7472266736E-01  2.2774427826E-01  7.8601933776E-01
HessDelSqRho_EigVec2 =  5.4796659723E-01  6.0628143554E-01 -5.7632927154E-01
HessDelSqRho_EigVec3 = -6.0780462645E-01  7.6194183809E-01  2.2364742661E-01
</CP of DelSqRho>
<CP of DelSqRho>
CP# = 31      
Type = (3,+1)
Coords =  1.34231593686375E+00 -4.50668253741092E+00  1.07240543029368E+00
DistFromNuc =  2.0030393007E+00
Rho =  7.4956778672E-02
DelSqRho =  1.8172393787E-01
GradDelSqRho = -4.0766001685E-17  1.0061396161E-16 -3.7816971776E-16
HessDelSqRho_EigVals = -1.6911814412E+00  3.1701536893E-02  5.6546684928E-01
HessDelSqRho_EigVec1 =  3.8446697583E-01 -3.4479176122E-01  8.5633158642E-01
HessDelSqRho_EigVec2 =  5.7589733909E-01  8.1456959853E-01  6.9416309182E-02
HessDelSqRho_EigVec3 = -7.2147584806E-01  4.6647080353E-01  5.1173976797E-01
</CP of DelSqRho>
<CP of DelSqRho>
CP# = 32      
Type = (3,+1)
Coords = -1.32549604835382E+00 -4.51132665259186E+00  1.07361789534039E+00
DistFromNuc =  2.0030103672E+00
Rho =  7.4958994052E-02
DelSqRho =  1.8173354533E-01
GradDelSqRho =  4.4235448637E-17  5.8980598183E-17 -3.5214886562E-16
HessDelSqRho_EigVals = -1.6912784404E+00  3.1708678832E-02  5.6550557670E-01
HessDelSqRho_EigVec1 = -3.8240557989E-01 -3.4618854785E-01  8.5669099552E-01
HessDelSqRho_EigVec2 =  5.7856303490E-01 -8.1261778359E-01 -7.0122410426E-02
HessDelSqRho_EigVec3 =  7.2043791344E-01  4.6883454131E-01  5.1104147166E-01
</CP of DelSqRho>
<CP of DelSqRho>
CP# = 33      
Type = (3,+1)
Coords =  1.46148326971242E+00 -4.65196570842665E+00 -6.70510995797660E-01
DistFromNuc =  2.0018828572E+00
Rho =  7.4873232154E-02
DelSqRho =  1.8172255207E-01
GradDelSqRho =  2.8406096919E-16 -4.2240516640E-16 -1.0338951917E-15
HessDelSqRho_EigVals = -1.6912845146E+00  3.2001818468E-02  5.6442382152E-01
HessDelSqRho_EigVec1 = -4.9507090680E-01  4.7485413688E-01  7.2761139761E-01
HessDelSqRho_EigVec2 = -5.9937940690E-01 -7.9291886583E-01  1.0965399583E-01
HessDelSqRho_EigVec3 = -6.2900645770E-01  3.8182878480E-01 -6.7716885285E-01
</CP of DelSqRho>
<CP of DelSqRho>
CP# = 34      
Type = (3,+1)
Coords = -1.44571834838951E+00 -4.65710232565180E+00 -6.69155531043684E-01
DistFromNuc =  2.0018686062E+00
Rho =  7.4874352865E-02
DelSqRho =  1.8172350531E-01
GradDelSqRho =  2.7235158573E-16  5.6378512969E-17 -1.7433970934E-16
HessDelSqRho_EigVals = -1.6912341053E+00  3.2025066061E-02  5.6447742414E-01
HessDelSqRho_EigVec1 =  4.9399467743E-01  4.7672129950E-01  7.2712176509E-01
HessDelSqRho_EigVec2 =  6.0216278293E-01 -7.9084251379E-01  1.0939881734E-01
HessDelSqRho_EigVec3 = -6.2719155090E-01 -3.8380323211E-01  6.7773581689E-01
</CP of DelSqRho>
<Path of -GradDelSqRho>
Starting CP# =      3
Ending CP# =      0
Number of Points =     29
  9.2492472749E-01 -4.1367663336E+00  1.3065112356E-01  4.1834908294E-01 -9.8994180806E-01
  9.4483123547E-01 -4.1516582702E+00  1.3328952370E-01  4.0798340254E-01 -1.0000192311E+00
  9.6473160127E-01 -4.1665578952E+00  1.3593085010E-01  3.9864085886E-01 -1.0301790944E+00
  9.8462600618E-01 -4.1814649900E+00  1.3857493250E-01  3.9029323220E-01 -1.0804295799E+00
  1.0045148140E+00 -4.1963791055E+00  1.4122152954E-01  3.8290757848E-01 -1.1509102461E+00
  1.0243985278E+00 -4.2112996174E+00  1.4387034929E-01  3.7644633798E-01 -1.2418057821E+00
  1.0442777367E+00 -4.2262257922E+00  1.4652107638E-01  3.7086735630E-01 -1.3531710352E+00
  1.0641530542E+00 -4.2411568640E+00  1.4917340463E-01  3.6612393764E-01 -1.4846360995E+00
  1.0840250505E+00 -4.2560921174E+00  1.5182707513E-01  3.6216514074E-01 -1.6349653750E+00
  1.1038941778E+00 -4.2710309786E+00  1.5448192071E-01  3.5893664894E-01 -1.8014803013E+00
  1.1237606856E+00 -4.2859731181E+00  1.5713792012E-01  3.5638268332E-01 -1.9794471246E+00
  1.1436245161E+00 -4.3009185768E+00  1.5979526889E-01  3.5444953558E-01 -2.1616993763E+00
  1.1634851711E+00 -4.3158679253E+00  1.6245447129E-01  3.5309127842E-01 -2.3390013394E+00
  1.1833416059E+00 -4.3308223929E+00  1.6511640492E-01  3.5227791876E-01 -2.5018908653E+00
  1.2031926006E+00 -4.3457834291E+00  1.6778199969E-01  3.5200553163E-01 -2.6448052460E+00
  1.2230393487E+00 -4.3607496317E+00  1.7045021433E-01  3.5230665886E-01 -2.7729642018E+00
  1.2428904251E+00 -4.3757108163E+00  1.7311436389E-01  3.5325760301E-01 -2.9115724412E+00
  1.2627560828E+00 -4.3906547142E+00  1.7576681391E-01  3.5497762324E-01 -3.1154373283E+00
  1.2826360692E+00 -4.4055815222E+00  1.7840812188E-01  3.5761411078E-01 -3.4754400595E+00
  1.3025250976E+00 -4.4204975042E+00  1.8104251316E-01  3.6130865901E-01 -4.1170933569E+00
  1.3224193129E+00 -4.4354072614E+00  1.8367297659E-01  3.6614230784E-01 -5.1863282655E+00
  1.3423166480E+00 -4.4503132698E+00  1.8630108703E-01  3.7206416150E-01 -6.8191823343E+00
  1.3622160332E+00 -4.4652168148E+00  1.8892764678E-01  3.7881565544E-01 -9.0957490403E+00
  1.3821169001E+00 -4.4801185807E+00  1.9155307438E-01  3.8587130652E-01 -1.1985292187E+01
  1.4020189420E+00 -4.4950189379E+00  1.9417759056E-01  3.9242261380E-01 -1.5298658011E+01
  1.4219220038E+00 -4.5099180742E+00  1.9680130250E-01  3.9743020603E-01 -1.8672587165E+01
  1.4418260444E+00 -4.5248160407E+00  1.9942423301E-01  3.9975582384E-01 -2.1610410718E+01
  1.4617311768E+00 -4.5397127022E+00  2.0204628916E-01  3.9835981010E-01 -2.3587022656E+01
  1.4786702658E+00 -4.5523517547E+00  2.0426021553E-01  3.9369384337E-01 -2.4200241143E+01
</Path of -GradDelSqRho>
<Path of -GradDelSqRho>
Starting CP# =      3
Ending CP# =     21
Number of Points =     17
  9.2492472749E-01 -4.1367663336E+00  1.3065112356E-01  4.1834908294E-01 -9.8994180806E-01
  9.0501231327E-01 -4.1218817801E+00  1.2801563101E-01  4.2976113979E-01 -1.0000917417E+00
  8.8509404731E-01 -4.1070045265E+00  1.2538314225E-01  4.4223741975E-01 -1.0307394661E+00
  8.6517044190E-01 -4.0921339105E+00  1.2275355643E-01  4.5578981264E-01 -1.0822124445E+00
  8.4524227020E-01 -4.0772689356E+00  1.2012667816E-01  4.7042358744E-01 -1.1547903214E+00
  8.2531057964E-01 -4.0624082516E+00  1.1750222013E-01  4.8613668802E-01 -1.2485669630E+00
  8.0537671568E-01 -4.0475501223E+00  1.1487980493E-01  5.0291907593E-01 -1.3632831268E+00
  7.8544236714E-01 -4.0326923656E+00  1.1225896300E-01  5.2075222760E-01 -1.4981351190E+00
  7.6550964802E-01 -4.0178322462E+00  1.0963912340E-01  5.3960891268E-01 -1.6515669504E+00
  7.4558123964E-01 -4.0029662921E+00  1.0701959307E-01  5.5945339629E-01 -1.8210556101E+00
  7.2566063692E-01 -3.9880899764E+00  1.0439951709E-01  5.8024222009E-01 -2.0029004262E+00
  7.0575258919E-01 -3.9731971524E+00  1.0177780553E-01  6.0192572319E-01 -2.1920269395E+00
  6.8586394334E-01 -3.9582789756E+00  9.9152993280E-02  6.2445046229E-01 -2.3818112614E+00
  6.6600543429E-01 -3.9433216313E+00  9.6522945389E-02  6.4776267548E-01 -2.5639187563E+00
  6.4619612947E-01 -3.9283007384E+00  9.3884135787E-02  6.7181286969E-01 -2.7281243165E+00
  6.2647754443E-01 -3.9131638234E+00  9.1229396042E-02  6.9656123442E-01 -2.8620297934E+00
  5.9465755480E-01 -3.8803818842E+00  8.5728425817E-02  7.4317643844E-01 -2.9763830995E+00
</Path of -GradDelSqRho>
<Path of -GradDelSqRho>
Starting CP# =      4
Ending CP# =     22
Number of Points =     17
 -9.1033537644E-01 -4.1398949873E+00  1.3149198235E-01  4.1836014432E-01 -9.9002264555E-01
 -8.9047622664E-01 -4.1249426969E+00  1.2883808463E-01  4.2977247812E-01 -1.0001734061E+00
 -8.7061120219E-01 -4.1099976794E+00  1.2618718880E-01  4.4224905548E-01 -1.0308235465E+00
 -8.5074081715E-01 -4.0950592755E+00  1.2353919342E-01  4.5580176464E-01 -1.0823004056E+00
 -8.3086584757E-01 -4.0801264922E+00  1.2089390255E-01  4.7043587234E-01 -1.1548834655E+00
 -8.1098734495E-01 -4.0651979843E+00  1.1825102828E-01  4.8614931969E-01 -1.2486663884E+00
 -7.9110666010E-01 -4.0502720219E+00  1.1561019258E-01  5.0293206500E-01 -1.3633896828E+00
 -7.7122548870E-01 -4.0353464300E+00  1.1297092513E-01  5.2076558119E-01 -1.4982493584E+00
 -7.5134595342E-01 -4.0204184831E+00  1.1033265405E-01  5.3962263422E-01 -1.6516890823E+00
 -7.3147074664E-01 -4.0054847204E+00  1.0769468490E-01  5.5946748557E-01 -1.8211854552E+00
 -7.1160337772E-01 -3.9905406306E+00  1.0505616075E-01  5.8025667359E-01 -2.0030373799E+00
 -6.9174861551E-01 -3.9755800874E+00  1.0241598843E-01  6.0194053466E-01 -2.1921699450E+00
 -6.7191333491E-01 -3.9605942766E+00  9.9772697279E-02  6.2446562370E-01 -2.3819587962E+00
 -6.5210831422E-01 -3.9455694307E+00  9.7124142199E-02  6.4777817836E-01 -2.5640688289E+00
 -6.3235269710E-01 -3.9304812534E+00  9.4466776270E-02  6.7182870716E-01 -2.7282744605E+00
 -6.1268816281E-01 -3.9152774551E+00  9.1793379732E-02  6.9657740452E-01 -2.8621770260E+00
 -5.8098545683E-01 -3.8823971450E+00  8.6243079496E-02  7.4318913504E-01 -2.9765143742E+00
</Path of -GradDelSqRho>
<Path of -GradDelSqRho>
Starting CP# =      4
Ending CP# =      0
Number of Points =     29
 -9.1033537644E-01 -4.1398949873E+00  1.3149198235E-01  4.1836014432E-01 -9.9002264555E-01
 -9.3018859716E-01 -4.1548546334E+00  1.3414878636E-01  4.0799420833E-01 -1.0001009188E+00
 -9.5003565227E-01 -4.1698219389E+00  1.3680851585E-01  3.9865143057E-01 -1.0302633603E+00
 -9.6987672408E-01 -4.1847966854E+00  1.3947100115E-01  3.9030359073E-01 -1.0805181583E+00
 -9.8971217809E-01 -4.1997784253E+00  1.4213600142E-01  3.8291774335E-01 -1.1510048178E+00
 -1.0095425196E+00 -4.2147665361E+00  1.4480322522E-01  3.7645632658E-01 -1.2419078839E+00
 -1.0293683402E+00 -4.2297602871E+00  1.4747235755E-01  3.7087718321E-01 -1.3532819204E+00
 -1.0491902558E+00 -4.2447589148E+00  1.5014309247E-01  3.6613361409E-01 -1.4847565271E+00
 -1.0690088385E+00 -4.2597617070E+00  1.5281517113E-01  3.6217467445E-01 -1.6350953162E+00
 -1.0888245419E+00 -4.2747680925E+00  1.5548842615E-01  3.5894604444E-01 -1.8016185847E+00
 -1.1086376157E+00 -4.2897777440E+00  1.5816283574E-01  3.5639194310E-01 -1.9795911119E+00
 -1.1284480004E+00 -4.3047907041E+00  1.6083859446E-01  3.5445866247E-01 -2.1618448800E+00
 -1.1482551939E+00 -4.3198075441E+00  1.6351620494E-01  3.5310027934E-01 -2.3391431387E+00
 -1.1680581447E+00 -4.3348294923E+00  1.6619654238E-01  3.5228681003E-01 -2.5020242855E+00
 -1.1878556259E+00 -4.3498579958E+00  1.6888053410E-01  3.5201434513E-01 -2.6449292263E+00
 -1.2076488412E+00 -4.3648916506E+00  1.7156714003E-01  3.5231544782E-01 -2.7730859522E+00
 -1.2274464196E+00 -4.3799202827E+00  1.7424968991E-01  3.5326644491E-01 -2.9117131131E+00
 -1.2472586690E+00 -4.3949316485E+00  1.7692057059E-01  3.5498661678E-01 -3.1156371947E+00
 -1.2670853278E+00 -4.4099259538E+00  1.7958034032E-01  3.5762336338E-01 -3.4757608080E+00
 -1.2869210777E+00 -4.4249094541E+00  1.8223321271E-01  3.6131826256E-01 -4.1176146288E+00
 -1.3067620423E+00 -4.4398867422E+00  1.8488216780E-01  3.6615230289E-01 -5.1871358852E+00
 -1.3266061432E+00 -4.4548602896E+00  1.8752877586E-01  3.7207449401E-01 -6.8203470126E+00
 -1.3464523050E+00 -4.4698313789E+00  1.9017383686E-01  3.7882613525E-01 -9.0972970991E+00
 -1.3662999561E+00 -4.4848006933E+00  1.9281776815E-01  3.8588158107E-01 -1.1987174347E+01
 -1.3861487881E+00 -4.4997686024E+00  1.9546078980E-01  3.9243217275E-01 -1.5300727795E+01
 -1.4059986451E+00 -4.5147352939E+00  1.9810300864E-01  3.9743842871E-01 -1.8674603839E+01
 -1.4258494855E+00 -4.5297008189E+00  2.0074444726E-01  3.9976207075E-01 -2.1612077890E+01
 -1.4457014228E+00 -4.5446650429E+00  2.0338501261E-01  3.9836354289E-01 -2.3588059842E+01
 -1.4625806203E+00 -4.5573786372E+00  2.0562562721E-01  3.9369531357E-01 -2.4200594026E+01
</Path of -GradDelSqRho>
<Path of -GradDelSqRho>
Starting CP# =      7
Ending CP# =     16
Number of Points =     38
  6.2086310194E-03 -3.4901211158E+00  1.7619399768E-01  2.2518523837E+01  1.2307136502E+03
  6.2280528681E-03 -3.4947183716E+00  2.0076765502E-01  1.5615198078E+01  1.1491469875E+03
  6.2474309486E-03 -3.4992886772E+00  2.2534634346E-01  1.0934243297E+01  9.7967694754E+02
  6.2667982627E-03 -3.5038522978E+00  2.4992627398E-01  7.7698635209E+00  7.7180928976E+02
  6.2861395747E-03 -3.5083998688E+00  2.7450917812E-01  5.6387387337E+00  5.7142942822E+02
  6.3054289591E-03 -3.5129154487E+00  2.9909797687E-01  4.2043089428E+00  4.0740371317E+02
  6.3246381537E-03 -3.5173816645E+00  3.2369578686E-01  3.2362015172E+00  2.8488663483E+02
  6.3437386738E-03 -3.5217810240E+00  3.4830563823E-01  2.5797192872E+00  1.9674006969E+02
  6.3627039802E-03 -3.5260972577E+00  3.7293020034E-01  2.1316160276E+00  1.3378223694E+02
  6.3815081437E-03 -3.5303144990E+00  3.9757190344E-01  1.8226434590E+00  8.8832027942E+01
  6.4001193813E-03 -3.5344133237E+00  4.2223357073E-01  1.6060393689E+00  5.7004654684E+01
  6.4184906598E-03 -3.5383650215E+00  4.4691922242E-01  1.4502040834E+00  3.4922840249E+01
  6.4365484511E-03 -3.5421247979E+00  4.7163479614E-01  1.3339582063E+00  2.0053174726E+01
  6.4541768462E-03 -3.5456222716E+00  4.9638877102E-01  1.2433247465E+00  1.0388067081E+01
  6.4711902352E-03 -3.5487453121E+00  5.2119258588E-01  1.1692598421E+00  4.3408066283E+00
  6.4872803395E-03 -3.5513091212E+00  5.4605997276E-01  1.1060409550E+00  7.0655714654E-01
  6.5019008786E-03 -3.5529901084E+00  5.7100129677E-01  1.0501589344E+00 -1.3817543617E+00
  6.5139706793E-03 -3.5531598891E+00  5.9599402241E-01  9.9965195085E-01 -2.5153046091E+00
  6.5209040020E-03 -3.5503654154E+00  6.2080655867E-01  9.5408667140E-01 -3.0793458635E+00
  6.5148737605E-03 -3.5405412395E+00  6.4354513947E-01  9.1729894434E-01 -3.3249438970E+00
  6.4844823785E-03 -3.5193282723E+00  6.5585300368E-01  9.0361569962E-01 -3.4439375090E+00
  6.4432714789E-03 -3.4945018788E+00  6.5839111836E-01  9.0686418078E-01 -3.5438557382E+00
  6.4003395297E-03 -3.4695090863E+00  6.5799784461E-01  9.1349112503E-01 -3.6396822096E+00
  6.3568729109E-03 -3.4445595124E+00  6.5643404895E-01  9.2029162143E-01 -3.7315445672E+00
  6.3130602993E-03 -3.4196784237E+00  6.5401057362E-01  9.2667977944E-01 -3.8189463354E+00
  6.2689657447E-03 -3.3948893064E+00  6.5077893945E-01  9.3253660926E-01 -3.9013920070E+00
  6.2246373799E-03 -3.3702174300E+00  6.4674875157E-01  9.3782329626E-01 -3.9784243202E+00
  6.1801224288E-03 -3.3456886210E+00  6.4192369178E-01  9.4251698107E-01 -4.0496337735E+00
  6.1354693252E-03 -3.3213289399E+00  6.3630681824E-01  9.4660146845E-01 -4.1146650042E+00
  6.0907282539E-03 -3.2971646627E+00  6.2990130455E-01  9.5006612983E-01 -4.1732218913E+00
  6.0459515739E-03 -3.2732223116E+00  6.2271060162E-01  9.5290578931E-01 -4.2250715083E+00
  6.0011942973E-03 -3.2495286847E+00  6.1473853520E-01  9.5512065264E-01 -4.2700468778E+00
  5.9565146693E-03 -3.2261108784E+00  6.0598939302E-01  9.5671618255E-01 -4.3080484985E+00
  5.9119748906E-03 -3.2029963029E+00  5.9646800569E-01  9.5770291616E-01 -4.3390446462E+00
  5.8676420466E-03 -3.1802126918E+00  5.8617982280E-01  9.5809622826E-01 -4.3630704865E+00
  5.8235893447E-03 -3.1577881070E+00  5.7513098557E-01  9.5791604497E-01 -4.3802260673E+00
  5.7798978623E-03 -3.1357509378E+00  5.6332839754E-01  9.5718651270E-01 -4.3906732876E+00
  5.7311103134E-03 -3.1113677030E+00  5.4910416396E-01  9.5573753063E-01 -4.3946836772E+00
</Path of -GradDelSqRho>
<Path of -GradDelSqRho>
Starting CP# =      7
Ending CP# =      1
Number of Points =      7
  6.2086310194E-03 -3.4901211158E+00  1.7619399768E-01  2.2518523837E+01  1.2307136502E+03
  6.1891101446E-03 -3.4854629858E+00  1.5163181027E-01  3.2733274695E+01  9.8094002719E+02
  6.1695046957E-03 -3.4807528676E+00  1.2707953354E-01  4.7953033256E+01 -7.8730648283E+02
  6.1498618984E-03 -3.4760197870E+00  1.0253167115E-01  7.0560396032E+01 -6.3616303206E+03
  6.1301922389E-03 -3.4712701969E+00  7.7986998747E-02  1.0411215401E+02 -2.0533536617E+04
  6.1104778688E-03 -3.4664931450E+00  5.3447655740E-02  1.5444979529E+02 -7.4976227667E+04
  6.0760759966E-03 -3.4581304000E+00  1.0724227781E-02  2.9727196601E+02 -3.3290242778E+06
</Path of -GradDelSqRho>
<Path of -GradDelSqRho>
Starting CP# =      8
Ending CP# =      1
Number of Points =      7
  6.1429777507E-03 -3.5386360070E+00 -1.3710087980E-01  2.2563317737E+01  1.2355773306E+03
  6.1332065573E-03 -3.5267627189E+00 -1.1510032344E-01  3.2806800783E+01  9.8260011135E+02
  6.1233370942E-03 -3.5148397002E+00 -9.3126670940E-02  4.8073265370E+01 -8.0406687120E+02
  6.1134243602E-03 -3.5028947963E+00 -7.1164905143E-02  7.0752434933E+01 -6.4149061091E+03
  6.1034800384E-03 -3.4909339242E+00 -4.9211833289E-02  1.0441912934E+02 -2.0731657833E+04
  6.0934835756E-03 -3.4789467083E+00 -2.7273134117E-02  1.5492782696E+02 -7.5646057077E+04
  6.0760759966E-03 -3.4581304000E+00  1.0724227781E-02  2.9727196601E+02 -3.3290242778E+06
</Path of -GradDelSqRho>
<Path of -GradDelSqRho>
Starting CP# =      8
Ending CP# =     15
Number of Points =     36
  6.1429777507E-03 -3.5386360070E+00 -1.3710087980E-01  2.2563317737E+01  1.2355773306E+03
  6.1526327541E-03 -3.5504504482E+00 -1.5913309756E-01  1.5642816515E+01  1.1533182641E+03
  6.1622352005E-03 -3.5622382514E+00 -1.8117958470E-01  1.0951635059E+01  9.8306196453E+02
  6.1718244911E-03 -3.5740193853E+00 -2.0322963648E-01  7.7813392022E+00  7.7447370482E+02
  6.1813832038E-03 -3.5857850216E+00 -2.2528796041E-01  5.6470481240E+00  5.7335230966E+02
  6.1908810357E-03 -3.5975197970E+00 -2.4736271504E-01  4.2111650039E+00  4.0865457635E+02
  6.2002848951E-03 -3.6092069238E+00 -2.6946272957E-01  3.2426081150E+00  2.8560827093E+02
  6.2095614368E-03 -3.6208294693E+00 -2.9159677095E-01  2.5862125648E+00  1.9707956999E+02
  6.2186795943E-03 -3.6323716358E+00 -3.1377282768E-01  2.1384370504E+00  1.3385802304E+02
  6.2276089969E-03 -3.6438179522E+00 -3.3599850246E-01  1.8298538355E+00  8.8731825376E+01
  6.2363123889E-03 -3.6551494075E+00 -3.5828294468E-01  1.6135963865E+00  5.6793144165E+01
  6.2447346295E-03 -3.6663378162E+00 -3.8063952595E-01  1.4580099150E+00  3.4648199209E+01
  6.2527895457E-03 -3.6773390247E+00 -4.0308876910E-01  1.3418927183E+00  1.9750714219E+01
  6.2603413759E-03 -3.6880832163E+00 -4.2566204752E-01  1.2512674744E+00  1.0082336640E+01
  6.2671728590E-03 -3.6984580386E+00 -4.4840722452E-01  1.1771048424E+00  4.0474335143E+00
  6.2729232976E-03 -3.7082753811E+00 -4.7139794107E-01  1.1137083384E+00  4.3421171374E-01
  6.2769533885E-03 -3.7171974504E+00 -4.9474899473E-01  1.0576100915E+00 -1.6294369067E+00
  6.2779965491E-03 -3.7245407316E+00 -5.1863754018E-01  1.0069315138E+00 -2.7381940450E+00
  6.2730339046E-03 -3.7286122755E+00 -5.4326310543E-01  9.6151752378E-01 -3.2802678444E+00
  6.2536883397E-03 -3.7242549476E+00 -5.6757510752E-01  9.2661762164E-01 -3.5124288986E+00
  6.2143503150E-03 -3.7060973262E+00 -5.8418619458E-01  9.1655474446E-01 -3.6328594519E+00
  6.1700208474E-03 -3.6828797767E+00 -5.9337419571E-01  9.2111629501E-01 -3.7375632779E+00
  6.1255468307E-03 -3.6588336672E+00 -6.0020207881E-01  9.2827055377E-01 -3.8371334768E+00
  6.0812501109E-03 -3.6345121857E+00 -6.0598115589E-01  9.3539306217E-01 -3.9314148416E+00
  6.0371868326E-03 -3.6100100016E+00 -6.1093963059E-01  9.4200199714E-01 -4.0198445071E+00
  5.9934031574E-03 -3.5853610779E+00 -6.1510801576E-01  9.4799647257E-01 -4.1018885434E+00
  5.9499451782E-03 -3.5605914087E+00 -6.1848564152E-01  9.5334021379E-01 -4.1770722692E+00
  5.9068578555E-03 -3.5357262175E+00 -6.2106767039E-01  9.5801079588E-01 -4.2449897156E+00
  5.8641841988E-03 -3.5107908683E+00 -6.2284884978E-01  9.6199284637E-01 -4.3053100495E+00
  5.8219644545E-03 -3.4858110194E+00 -6.2382401127E-01  9.6527733105E-01 -4.3577823273E+00
  5.7802349319E-03 -3.4608126933E+00 -6.2398819853E-01  9.6786145869E-01 -4.4022386531E+00
