 AIMInt (Version 19.02.13, Professional)
 Portions Copyright (c) 1997-2019 by Todd A. Keith
 AIMInt is a component of the AIMAll package ( http://aim.tkgristmill.com )

 TP:  64-bit Linux

 Licensed To:  Research Group of Fernando Cortes Guzman, UNAM, fercor@unam.mx

 AIMInt is a heavily modified and extended version of the PROAIMV program
 developed by members of R.F.W. Bader's research group

 Much of the Quantum Theory of Atoms in Molecules (QTAIM) is described in the book:
   "Atoms in Molecules - A Quantum Theory"
   R.F.W. Bader, Oxford University Press, Oxford, 1990

 For additional references see:  http://aim.tkgristmill.com/references.html

 Current Directory:  /home/scratch/M_H2O_4_cuadrado_plano/Opt

 Inp File:  Mn2_cuadrado_plano_cc-pvtz-def2-tzv_2_atomicfiles/o8.inp
 Wfx File:  Mn2_cuadrado_plano_cc-pvtz-def2-tzv_2.wfx
 Out File:  Mn2_cuadrado_plano_cc-pvtz-def2-tzv_2_atomicfiles/o8.int

 Wfx Title:   Mn2_cuadrado_plano_cc-pvtz-def2-tzv_2                                         
 Job Title:   Mn2_cuadrado_plano_cc-pvtz-def2-tzv_2                                         
 
<Atom>
O8      
</Atom>
<Nuclei of Molecule>
    13
Mn1       25.0           9.9765953693E-06   1.1429092687E-04  -9.1898544751E-05
O2         8.0          -3.4581872594E+00  -6.0571978682E-03   5.6766210123E-05
H3         1.0          -4.5792040210E+00   9.6486992061E-01   1.1160219484E+00
O4         8.0           3.4582007876E+00   6.0842026356E-03  -2.0312782493E-04
H5         1.0           4.5789403829E+00  -9.6709374973E-01  -1.1144768351E+00
O6         8.0           6.0760753622E-03  -3.4581300560E+00   1.0724137949E-02
H7         1.0           1.4861211253E+00  -4.5579351874E+00   2.0524024395E-01
O8         8.0          -6.0660432387E-03   3.4582242783E+00  -1.0872767236E-02
H9         1.0          -1.4863968576E+00   4.5576769380E+00  -2.0517437042E-01
H10        1.0           1.4698746044E+00   4.5635646655E+00  -2.0489380279E-01
H11        1.0           4.5749400382E+00   9.8040788744E-01   1.1170691024E+00
H12        1.0          -1.4700156370E+00  -4.5629622202E+00   2.0660024205E-01
H13        1.0          -4.5746975321E+00  -9.8235534413E-01  -1.1157291377E+00
</Nuclei of Molecule>
<Total Number of CPs of DelSqRho>
    34
</Total Number of CPs of DelSqRho>
<Number of (3,+3) CPs of DelSqRho>
     5
</Number of (3,+3) CPs of DelSqRho>
<Number of (3,+1) CPs of DelSqRho>
    14
</Number of (3,+1) CPs of DelSqRho>
<Number of (3,-1) CPs of DelSqRho>
    10
</Number of (3,-1) CPs of DelSqRho>
<Number of (3,-3) CPs of DelSqRho>
     5
</Number of (3,-3) CPs of DelSqRho>
<Number of Degenerate CPs of DelSqRho>
     0
</Number of Degenerate CPs of DelSqRho>
<CP of DelSqRho>
CP# = 1       
Type = (3,+3)
Coords = -6.06604394655070E-03  3.45822462236528E+00 -1.08728565017328E-02
DistFromNuc =  3.5544757606E-07
Rho =  2.9727180642E+02
DelSqRho = -3.3290225235E+06
GradDelSqRho =  2.6121721675E-08 -2.2062373318E-05  3.1078798202E-08
HessDelSqRho_EigVals =  1.3238756218E+11  1.3238758112E+11  1.3238758829E+11
HessDelSqRho_EigVec1 = -3.4587596321E-04  1.2156102061E-01  9.9258390005E-01
HessDelSqRho_EigVec2 = -2.1702112821E-03  9.9258153073E-01 -1.2156148668E-01
HessDelSqRho_EigVec3 =  9.9999758527E-01  2.1961619746E-03  7.9496994605E-05
</CP of DelSqRho>
<CP of DelSqRho>
CP# = 2       
Type = (3,-1)
Coords = -3.59988547440539E-03  1.99860095521143E+00  3.52792345173799E-02
DistFromNuc =  1.4603548660E+00
Rho =  1.5776218476E-01
DelSqRho =  4.2691868983E-01
GradDelSqRho = -2.4936649967E-17 -1.1102230246E-15  1.0581813203E-16
HessDelSqRho_EigVals = -5.2685108281E-01 -3.5428395494E-01  5.1363652989E+00
HessDelSqRho_EigVec1 = -1.5070560989E-04 -6.9782874817E-04  9.9999974516E-01
HessDelSqRho_EigVec2 =  9.9999834103E-01  1.8151703491E-03  1.5197207665E-04
HessDelSqRho_EigVec3 = -1.8152759370E-03  9.9999810909E-01  6.9755403414E-04
</CP of DelSqRho>
<CP of DelSqRho>
CP# = 3       
Type = (3,+1)
Coords = -9.25085798000937E-01  4.13665221832789E+00 -1.30663305439378E-01
DistFromNuc =  1.1485693503E+00
Rho =  4.1835270866E-01
DelSqRho = -9.8997491651E-01
GradDelSqRho =  7.2719608113E-15  8.3266726847E-16  1.2038980923E-15
HessDelSqRho_EigVals = -3.2346914226E+01  1.5163839313E+01  1.6146108377E+01
HessDelSqRho_EigVec1 =  7.9653977822E-01 -5.9533456546E-01  1.0536193276E-01
HessDelSqRho_EigVec2 = -2.8640793418E-02  1.3691880580E-01  9.9016814005E-01
HessDelSqRho_EigVec3 =  6.0390734940E-01  7.9172596003E-01 -9.2010420905E-02
</CP of DelSqRho>
<CP of DelSqRho>
CP# = 4       
Type = (3,+1)
Coords =  9.10256195469623E-01  4.14030931089177E+00 -1.30493725622075E-01
DistFromNuc =  1.1485624104E+00
Rho =  4.1836650988E-01
DelSqRho = -9.9010051482E-01
GradDelSqRho =  8.1323836554E-15 -2.2759572005E-15 -8.1185058676E-16
HessDelSqRho_EigVals = -3.2350748888E+01  1.5165612686E+01  1.6148004704E+01
HessDelSqRho_EigVec1 =  7.9417318784E-01  5.9851471248E-01 -1.0520972705E-01
HessDelSqRho_EigVec2 =  2.7929664909E-02  1.3699799173E-01  9.9017750130E-01
HessDelSqRho_EigVec3 = -6.0704932381E-01  7.8931089515E-01 -9.2083816457E-02
</CP of DelSqRho>
<CP of DelSqRho>
CP# = 5       
Type = (3,-1)
Coords = -6.40429338126315E-03  3.62656433073747E+00 -2.47371521734978E-02
DistFromNuc =  1.6891035739E-01
Rho =  2.2315421795E+01
DelSqRho =  1.2484742407E+03
GradDelSqRho = -4.9737991503E-14 -6.2527760747E-12 -1.3011813849E-12
HessDelSqRho_EigVals = -4.0399496403E+05 -1.6026917858E+03  1.6836153997E+03
HessDelSqRho_EigVec1 = -2.0024805001E-03  9.9669844521E-01 -8.1167723851E-02
HessDelSqRho_EigVec2 = -2.6915311719E-04  8.1167346454E-02  9.9670045120E-01
HessDelSqRho_EigVec3 =  9.9999795881E-01  2.0177197639E-03  1.0572846490E-04
</CP of DelSqRho>
<CP of DelSqRho>
CP# = 6       
Type = (3,-1)
Coords = -5.80373481993251E-03  3.29375353967803E+00  1.69969338792641E-02
DistFromNuc =  1.6681550561E-01
Rho =  2.2776437241E+01
DelSqRho =  1.2959592767E+03
GradDelSqRho = -3.8635761257E-14 -8.5265128291E-13 -3.0695446185E-12
HessDelSqRho_EigVals = -4.5455795436E+05 -3.3859413136E+03  2.8926472905E+02
HessDelSqRho_EigVec1 = -1.5748106825E-03  9.8587354227E-01 -1.6748396530E-01
HessDelSqRho_EigVec2 = -4.3102997871E-04  1.6748348822E-01  9.8587478687E-01
HessDelSqRho_EigVec3 =  9.9999866709E-01  1.6247567560E-03  1.6118626554E-04
</CP of DelSqRho>
<CP of DelSqRho>
CP# = 7       
Type = (3,+1)
Coords = -6.11518700602959E-03  3.49034170219727E+00 -1.76317225537665E-01
DistFromNuc =  1.6853308315E-01
Rho =  2.2518728381E+01
DelSqRho =  1.2307338594E+03
GradDelSqRho = -4.4408920985E-16  2.2737367544E-12  4.9027448767E-13
HessDelSqRho_EigVals = -4.0831836135E+05  2.2839213328E+03  3.5052713197E+03
HessDelSqRho_EigVec1 =  2.8145032862E-04 -1.8574676695E-01  9.8259760805E-01
HessDelSqRho_EigVec2 = -1.9641290723E-03  9.8259564895E-01  1.8574695921E-01
HessDelSqRho_EigVec3 =  9.9999803149E-01  1.9822270710E-03  8.8278756762E-05
</CP of DelSqRho>
<CP of DelSqRho>
CP# = 8       
Type = (3,+1)
Coords = -6.24515540312412E-03  3.53860071528256E+00  1.37023359440359E-01
DistFromNuc =  1.6832607637E-01
Rho =  2.2563182856E+01
DelSqRho =  1.2355590924E+03
GradDelSqRho = -4.2188474936E-15  8.8107299234E-13  1.3358203432E-11
HessDelSqRho_EigVals = -4.1311569800E+05  2.0640817035E+03  3.3236957176E+03
HessDelSqRho_EigVec1 = -1.0546987151E-03  4.7288176162E-01  8.8112526189E-01
HessDelSqRho_EigVec2 = -1.7003372278E-03  8.8112363019E-01 -4.7288292121E-01
HessDelSqRho_EigVec3 =  9.9999799823E-01  1.9969590946E-03  1.2526149696E-04
</CP of DelSqRho>
<CP of DelSqRho>
CP# = 9       
Type = (3,-3)
Coords =  9.74358219668503E-02  3.32911261041507E+00  1.16867146076470E-02
DistFromNuc =  1.6700715287E-01
Rho =  2.2707805709E+01
DelSqRho =  1.2968143446E+03
GradDelSqRho = -5.2295945352E-12  7.0485839387E-12 -1.4281908989E-12
HessDelSqRho_EigVals = -4.5029793983E+05 -3.6375496339E+03 -5.0198056588E+02
HessDelSqRho_EigVec1 = -6.1712108439E-01  7.7505499542E-01 -1.3583564066E-01
HessDelSqRho_EigVec2 = -1.2542003928E-02  1.6291756159E-01  9.8655996587E-01
HessDelSqRho_EigVec3 =  7.8676824118E-01  6.1053060710E-01 -9.0819119478E-02
</CP of DelSqRho>
<CP of DelSqRho>
CP# = 10      
Type = (3,-3)
Coords = -1.09024299631649E-01  3.32867562213855E+00  1.16688204983715E-02
DistFromNuc =  1.6700712575E-01
Rho =  2.2707832961E+01
DelSqRho =  1.2968109185E+03
GradDelSqRho =  3.4816594052E-12 -6.0822458181E-12  4.8316906032E-13
HessDelSqRho_EigVals = -4.5029807462E+05 -3.6372539433E+03 -5.0128702599E+02
HessDelSqRho_EigVec1 =  6.1385819994E-01  7.7766044701E-01 -1.3572891928E-01
HessDelSqRho_EigVec2 =  1.1678439871E-02  1.6297094002E-01  9.8656175010E-01
HessDelSqRho_EigVec3 =  7.8932992114E-01 -6.0719412206E-01  9.0959187109E-02
</CP of DelSqRho>
<CP of DelSqRho>
CP# = 11      
Type = (3,-1)
Coords =  6.68274928774613E-01  3.21712756431119E+00  1.72342082233017E-02
DistFromNuc =  7.1669615187E-01
Rho =  6.7177721633E-01
DelSqRho = -9.7655991787E-01
GradDelSqRho =  1.7541523789E-14  4.8849813084E-15  3.3861802251E-15
HessDelSqRho_EigVals = -1.6069920598E+01 -1.2048006832E+01  1.4281809429E+02
HessDelSqRho_EigVec1 =  3.6670538073E-01  9.2489194361E-01 -1.0050898662E-01
HessDelSqRho_EigVec2 = -4.6234257350E-03  1.0984540414E-01  9.9393793122E-01
HessDelSqRho_EigVec3 =  9.3032563529E-01 -3.6401769165E-01  4.4557069959E-02
</CP of DelSqRho>
<CP of DelSqRho>
CP# = 12      
Type = (3,-1)
Coords = -6.79468393961853E-01  3.21448978575042E+00  1.71013401815718E-02
DistFromNuc =  7.1670062056E-01
Rho =  6.7177642764E-01
DelSqRho = -9.7658170674E-01
GradDelSqRho = -4.1078251911E-15  7.9936057773E-15 -2.2204460493E-16
HessDelSqRho_EigVals = -1.6070465291E+01 -1.2047492752E+01  1.4281475740E+02
HessDelSqRho_EigVec1 = -3.7030408024E-01  9.2346194489E-01 -1.0046354805E-01
HessDelSqRho_EigVec2 =  4.0459638495E-03  1.0975442068E-01  9.9395050044E-01
HessDelSqRho_EigVec3 =  9.2890178078E-01  3.6765745399E-01 -4.4378803450E-02
</CP of DelSqRho>
<CP of DelSqRho>
CP# = 13      
Type = (3,-1)
Coords = -7.49977475276938E-03  4.17817692360668E+00 -1.08287927154257E-01
DistFromNuc =  7.2651468013E-01
Rho =  6.6340078391E-01
DelSqRho = -9.5717125519E-01
GradDelSqRho =  1.5838025336E-15  4.4408920985E-15  1.8707257965E-14
HessDelSqRho_EigVals = -1.9357601242E+01 -6.1427986503E+00  1.3133763076E+02
HessDelSqRho_EigVec1 =  9.9999800291E-01  1.9974314196E-03  6.6669412106E-05
HessDelSqRho_EigVec2 = -3.2730906258E-04  1.3077372200E-01  9.9141218799E-01
HessDelSqRho_EigVec3 = -1.9715592469E-03  9.9141022987E-01 -1.3077411462E-01
</CP of DelSqRho>
<CP of DelSqRho>
CP# = 14      
Type = (3,+1)
Coords = -4.80382193046147E-03  2.80285526275392E+00  1.11490277797839E-01
DistFromNuc =  6.6669547362E-01
Rho =  8.6179726021E-01
DelSqRho = -3.4966372694E+00
GradDelSqRho =  7.0082828429E-16 -3.3928415633E-13  1.8687273950E-12
HessDelSqRho_EigVals = -6.5642212844E+00  1.9704146836E+01  2.4746564282E+02
HessDelSqRho_EigVec1 = -4.5926909520E-04  1.9116995761E-01  9.8155684317E-01
HessDelSqRho_EigVec2 =  9.9999809618E-01  1.9493212251E-03  8.8244063981E-05
HessDelSqRho_EigVec3 = -1.8964999741E-03  9.8155501499E-01 -1.9117048892E-01
</CP of DelSqRho>
<CP of DelSqRho>
CP# = 15      
Type = (3,+3)
Coords = -5.88045221183432E-03  3.33235226144119E+00  6.11595790522753E-01
DistFromNuc =  6.3506763771E-01
Rho =  9.7035523137E-01
DelSqRho = -4.5034518856E+00
GradDelSqRho =  1.1102230246E-16  9.7699626167E-15 -2.5701663020E-14
HessDelSqRho_EigVals =  1.1599364465E+01  2.3725146259E+01  3.4945370565E+02
HessDelSqRho_EigVec1 = -1.9369235729E-03  9.8357255826E-01  1.8050282815E-01
HessDelSqRho_EigVec2 =  9.9999809077E-01  1.9517540347E-03  9.5445406679E-05
HessDelSqRho_EigVec3 =  2.5841964031E-04 -1.8050266840E-01  9.8357446079E-01
</CP of DelSqRho>
<CP of DelSqRho>
CP# = 16      
Type = (3,+3)
Coords = -5.33567164669200E-03  3.11198165011586E+00 -5.49567558563145E-01
DistFromNuc =  6.4037221147E-01
Rho =  9.5578818621E-01
DelSqRho = -4.3949872212E+00
GradDelSqRho =  6.9388939039E-17 -4.8849813084E-15 -5.5955240441E-14
HessDelSqRho_EigVals =  9.8908671365E+00  2.3972300208E+01  3.2499388000E+02
HessDelSqRho_EigVec1 = -1.5675187853E-03  8.5432571243E-01 -5.1973562506E-01
HessDelSqRho_EigVec2 =  9.9999815822E-01  1.9147532745E-03  1.3142654424E-04
HessDelSqRho_EigVec3 = -1.1074465660E-03  5.1973446181E-01  8.5432714037E-01
</CP of DelSqRho>
<CP of DelSqRho>
CP# = 17      
Type = (3,+1)
Coords =  4.74784654841519E-01  3.82525875600705E+00  3.30123448963176E-01
DistFromNuc =  6.9441350874E-01
Rho =  7.7572989359E-01
DelSqRho = -2.5329581182E+00
GradDelSqRho = -1.0991207944E-14 -1.9539925233E-14 -1.0963452368E-14
HessDelSqRho_EigVals = -1.2755640824E+01  1.4224781830E+01  1.8201075811E+02
HessDelSqRho_EigVec1 = -4.7278039627E-01 -3.3957053870E-01  8.1312394267E-01
HessDelSqRho_EigVec2 =  6.0273407284E-01 -7.9775456963E-01  1.7299828608E-02
HessDelSqRho_EigVec3 =  6.4279882883E-01  4.9827652551E-01  5.8183345536E-01
</CP of DelSqRho>
<CP of DelSqRho>
CP# = 18      
Type = (3,+1)
Coords = -4.88448577448389E-01  3.82335996615959E+00  3.30009656666064E-01
DistFromNuc =  6.9441904264E-01
Rho =  7.7571446573E-01
DelSqRho = -2.5328619165E+00
GradDelSqRho = -2.3536728122E-14  5.7731597281E-15  2.4480417693E-14
HessDelSqRho_EigVals = -1.2754170632E+01  1.4224627714E+01  1.8200122273E+02
HessDelSqRho_EigVec1 =  4.7395009661E-01 -3.3766895160E-01  8.1323488922E-01
HessDelSqRho_EigVec2 = -5.9956797132E-01 -8.0013911110E-01  1.7194494890E-02
HessDelSqRho_EigVec3 =  6.4489499432E-01 -4.9573892525E-01 -5.8168149730E-01
</CP of DelSqRho>
<CP of DelSqRho>
CP# = 19      
Type = (3,+1)
Coords =  4.56486912974915E-01  3.69785583556300E+00 -4.68891264511728E-01
DistFromNuc =  6.9365658966E-01
Rho =  7.7732301384E-01
DelSqRho = -2.5091779473E+00
GradDelSqRho = -2.6645352591E-15  3.9968028887E-15 -1.2545520178E-14
HessDelSqRho_EigVals = -1.2643860791E+01  1.3703303327E+01  1.8172761438E+02
HessDelSqRho_EigVec1 =  4.9728366765E-01  5.7882251431E-01  6.4627660550E-01
HessDelSqRho_EigVec2 =  6.1248666031E-01 -7.6179888635E-01  2.1100366748E-01
HessDelSqRho_EigVec3 = -6.1446647168E-01 -2.9090712209E-01  7.3335121292E-01
</CP of DelSqRho>
<CP of DelSqRho>
CP# = 20      
Type = (3,+1)
Coords = -4.69498069032526E-01  3.69603280304832E+00 -4.68967205541027E-01
DistFromNuc =  6.9366609502E-01
Rho =  7.7729444981E-01
DelSqRho = -2.5089066572E+00
GradDelSqRho =  1.3100631691E-14 -4.4408920985E-15  1.2101430968E-14
HessDelSqRho_EigVals = -1.2644305405E+01  1.3701199158E+01  1.8171103655E+02
HessDelSqRho_EigVec1 = -4.9968172596E-01  5.7683071293E-01  6.4620778497E-01
HessDelSqRho_EigVec2 =  6.0949764448E-01  7.6422580607E-01 -2.1088276057E-01
HessDelSqRho_EigVec3 =  6.1549231848E-01 -2.8848786101E-01  7.3344663060E-01
</CP of DelSqRho>
<CP of DelSqRho>
CP# = 21      
Type = (3,+3)
Coords =  5.80933100474019E-01  3.88269162773033E+00 -8.56985815881999E-02
DistFromNuc =  7.2824407168E-01
Rho =  7.4320886872E-01
DelSqRho = -2.9767267921E+00
GradDelSqRho = -1.1657341759E-14 -1.1102230246E-15  2.5535129566E-15
HessDelSqRho_EigVals =  1.0857779360E+01  2.3070409738E+01  1.3441026798E+02
HessDelSqRho_EigVec1 =  2.0800243996E-02  1.4571265548E-01  9.8910827106E-01
HessDelSqRho_EigVec2 = -5.8345274069E-01  8.0515461534E-01 -1.0634352253E-01
HessDelSqRho_EigVec3 =  8.1188068657E-01  5.7488596038E-01 -1.0176386065E-01
</CP of DelSqRho>
<CP of DelSqRho>
CP# = 22      
Type = (3,+3)
Coords = -5.94737980634127E-01  3.88036341863773E+00 -8.57836543479224E-02
DistFromNuc =  7.2824978179E-01
Rho =  7.4318581777E-01
DelSqRho = -2.9764604960E+00
GradDelSqRho = -1.4765966228E-14  1.5987211555E-14  2.7755575616E-16
HessDelSqRho_EigVals =  1.0856703848E+01  2.3068503207E+01  1.3440294004E+02
HessDelSqRho_EigVec1 = -2.1521789925E-02  1.4558853182E-01  9.8911111204E-01
HessDelSqRho_EigVec2 =  5.8027853962E-01  8.0746086493E-01 -1.0622508202E-01
HessDelSqRho_EigVec3 =  8.1413366778E-01 -5.7167379772E-01  1.0185990374E-01
</CP of DelSqRho>
<CP of DelSqRho>
CP# = 23      
Type = (3,-3)
Coords =  1.05736276493453E+00  3.05008716771400E+00  3.44923449714370E-02
DistFromNuc =  1.1399625979E+00
Rho =  2.4710637723E-01
DelSqRho =  8.5710597138E-01
GradDelSqRho = -1.0402789741E-13  5.9674487574E-14 -1.9795623474E-13
HessDelSqRho_EigVals = -1.7727414399E+01 -1.8894137073E+00 -5.4936184300E-01
HessDelSqRho_EigVec1 =  9.1861449295E-01 -3.9227299376E-01  4.7637293372E-02
HessDelSqRho_EigVec2 =  3.9511027008E-01  9.0999956158E-01 -1.2565298407E-01
HessDelSqRho_EigVec3 =  5.9403561516E-03  1.3424863610E-01  9.9092987435E-01
</CP of DelSqRho>
<CP of DelSqRho>
CP# = 24      
Type = (3,-3)
Coords = -1.06789869876147E+00  3.04590961823603E+00  3.43590397518422E-02
DistFromNuc =  1.1399727556E+00
Rho =  2.4711067786E-01
DelSqRho =  8.5708285446E-01
GradDelSqRho =  3.2356062274E-14  1.6875389974E-14 -2.7852720130E-14
HessDelSqRho_EigVals = -1.7726322100E+01 -1.8898197582E+00 -5.4940799562E-01
HessDelSqRho_EigVec1 =  9.1707493831E-01  3.9587359962E-01 -4.7514741393E-02
HessDelSqRho_EigVec2 = -3.9866012394E-01  9.0843974613E-01 -1.2572721753E-01
HessDelSqRho_EigVec3 = -6.6078065664E-03  1.3424351295E-01  9.9092634243E-01
</CP of DelSqRho>
<CP of DelSqRho>
CP# = 25      
Type = (3,+1)
Coords = -3.74198686065586E-03  2.21770175925701E+00 -1.80961062825346E-01
DistFromNuc =  1.2521308038E+00
Rho =  2.4051630110E-01
DelSqRho =  4.6948554600E-01
GradDelSqRho = -9.2157184661E-19  1.3600232052E-15 -6.7654215563E-17
HessDelSqRho_EigVals = -8.6739308401E+00  1.9767363455E-01  6.4637431234E-01
HessDelSqRho_EigVec1 = -1.8602871068E-03  9.8734234873E-01  1.5859264086E-01
HessDelSqRho_EigVec2 =  3.2945321413E-04 -1.5859230155E-01  9.8734410078E-01
HessDelSqRho_EigVec3 =  9.9999821539E-01  1.8889923559E-03 -3.0255896429E-05
</CP of DelSqRho>
<CP of DelSqRho>
CP# = 26      
Type = (3,-3)
Coords = -8.37808689737291E-03  4.61131554451215E+00  1.12207879429970E-01
DistFromNuc =  1.1596437640E+00
Rho =  2.5108647311E-01
DelSqRho =  8.6658230736E-01
GradDelSqRho = -1.5769720599E-16  1.6653345369E-16  7.7715611724E-16
HessDelSqRho_EigVals = -1.7160791988E+01 -3.5604072156E+00 -1.2840519148E-01
HessDelSqRho_EigVec1 = -1.9968824244E-03  9.9434649003E-01  1.0616529671E-01
HessDelSqRho_EigVec2 =  9.9999799780E-01  1.9993769147E-03  8.2936789919E-05
HessDelSqRho_EigVec3 =  1.2979653743E-04 -1.0616524976E-01  9.9434849167E-01
</CP of DelSqRho>
<CP of DelSqRho>
CP# = 27      
Type = (3,-1)
Coords =  6.82646996601379E-01  3.74963636737724E+00  9.14342987487896E-01
DistFromNuc =  1.1896515665E+00
Rho =  2.4401795264E-01
DelSqRho =  7.2319726673E-01
GradDelSqRho =  5.8286708793E-16  8.1878948066E-16  1.6375789613E-15
HessDelSqRho_EigVals = -1.7392806658E+01 -1.1236396925E+00  2.9456300274E-01
HessDelSqRho_EigVec1 =  5.7421112672E-01  2.2724019436E-01  7.8653892213E-01
HessDelSqRho_EigVec2 =  5.4814732126E-01  6.0689368958E-01 -5.7551243579E-01
HessDelSqRho_EigVec3 = -6.0812506621E-01  7.6160484742E-01  2.2392400547E-01
</CP of DelSqRho>
<CP of DelSqRho>
CP# = 28      
Type = (3,-1)
Coords = -6.96109475839683E-01  3.74689482116302E+00  9.14213321867210E-01
DistFromNuc =  1.1896532661E+00
Rho =  2.4401913036E-01
DelSqRho =  7.2318026552E-01
GradDelSqRho =  1.4988010832E-15 -4.1633363423E-16 -1.9984014443E-15
HessDelSqRho_EigVals = -1.7392514782E+01 -1.1235567609E+00  2.9460262886E-01
HessDelSqRho_EigVec1 = -5.7526098041E-01  2.2496041316E-01  7.8642712118E-01
HessDelSqRho_EigVec2 =  5.5043491433E-01 -6.0471920524E-01  5.7561800520E-01
HessDelSqRho_EigVec3 =  6.0505884797E-01  7.6400752308E-01  2.2404529714E-01
</CP of DelSqRho>
<CP of DelSqRho>
CP# = 29      
Type = (3,-1)
Coords =  6.72384846927357E-01  3.47163163508510E+00 -9.89703040794791E-01
DistFromNuc =  1.1910432704E+00
Rho =  2.4562492620E-01
DelSqRho =  7.1713028274E-01
GradDelSqRho = -1.3350431871E-13  1.7721935031E-14  1.8621215681E-13
HessDelSqRho_EigVals = -1.7094050990E+01 -1.3532178534E+00  3.3808371626E-01
HessDelSqRho_EigVec1 = -5.6220478238E-01  7.6046977874E-03  8.2696308940E-01
HessDelSqRho_EigVec2 =  5.4957607316E-01  7.5065364700E-01  3.6672229556E-01
HessDelSqRho_EigVec3 = -6.1797404676E-01  6.6065215569E-01 -4.2620043020E-01
</CP of DelSqRho>
<CP of DelSqRho>
CP# = 30      
Type = (3,-1)
Coords = -6.84476364115822E-01  3.46888347338707E+00 -9.89768401623229E-01
DistFromNuc =  1.1910461137E+00
Rho =  2.4562594150E-01
DelSqRho =  7.1709985758E-01
GradDelSqRho =  1.1433631819E-12  8.1067097479E-14  1.7983947664E-12
HessDelSqRho_EigVals = -1.7092922045E+01 -1.3533884188E+00  3.3814380870E-01
HessDelSqRho_EigVec1 =  5.6209821044E-01  9.8795796526E-03  8.2701148464E-01
HessDelSqRho_EigVec2 =  5.5255648121E-01 -7.4851434502E-01 -3.6661643495E-01
HessDelSqRho_EigVec3 =  6.1540794347E-01  6.6304499788E-01 -4.2619759959E-01
</CP of DelSqRho>
<CP of DelSqRho>
CP# = 31      
Type = (3,+1)
Coords =  1.44480974705954E+00  4.65720328998117E+00  6.70902377087491E-01
DistFromNuc =  2.0018512874E+00
Rho =  7.4873994546E-02
DelSqRho =  1.8172436107E-01
GradDelSqRho = -1.2945373939E-16 -5.7245874707E-17  3.4954678041E-16
HessDelSqRho_EigVals = -1.6911759442E+00  3.2040481313E-02  5.6456158023E-01
HessDelSqRho_EigVec1 =  4.9325446867E-01  4.7646275705E-01  7.2779342555E-01
HessDelSqRho_EigVec2 =  6.0228319720E-01 -7.9073953307E-01  1.0948032342E-01
HessDelSqRho_EigVec3 = -6.2765833023E-01 -3.8433609248E-01  6.7700132090E-01
</CP of DelSqRho>
<CP of DelSqRho>
CP# = 32      
Type = (3,+1)
Coords = -1.46176862699160E+00  4.65158050429995E+00  6.70613717766998E-01
DistFromNuc =  2.0018973310E+00
Rho =  7.4871690156E-02
DelSqRho =  1.8170974166E-01
GradDelSqRho =  1.5287250632E-16 -2.3418766926E-17  2.0383000843E-16
HessDelSqRho_EigVals = -1.6910309845E+00  3.2036323520E-02  5.6449362658E-01
HessDelSqRho_EigVec1 = -4.9520978226E-01  4.7463839655E-01  7.2765765582E-01
HessDelSqRho_EigVec2 = -5.9911996493E-01 -7.9312150982E-01  1.0960628761E-01
HessDelSqRho_EigVec3 = -6.2914429122E-01  3.8167612342E-01 -6.7712686968E-01
</CP of DelSqRho>
<CP of DelSqRho>
CP# = 33      
Type = (3,+1)
Coords =  1.32588246054436E+00  4.51264055165008E+00 -1.07202755598691E+00
DistFromNuc =  2.0029802745E+00
Rho =  7.4958847335E-02
DelSqRho =  1.8174551513E-01
GradDelSqRho =  1.7347234760E-18  7.1123662515E-17 -1.2143064332E-17
HessDelSqRho_EigVals = -1.6914956687E+00  3.1711779758E-02  5.6552632203E-01
HessDelSqRho_EigVec1 = -3.8280956783E-01 -3.4700420469E-01  8.5618042299E-01
HessDelSqRho_EigVec2 =  5.7879156896E-01 -8.1242368809E-01 -7.0484542467E-02
HessDelSqRho_EigVec3 =  7.2003968952E-01  4.6856785309E-01  5.1184666900E-01
</CP of DelSqRho>
<CP of DelSqRho>
CP# = 34      
Type = (3,+1)
Coords = -1.34201294239213E+00  4.50737656521492E+00 -1.07228183106736E+00
DistFromNuc =  2.0030136892E+00
Rho =  7.4957460469E-02
DelSqRho =  1.8173611550E-01
GradDelSqRho =  1.7347234760E-16 -1.2576745201E-16 -3.9031278209E-17
HessDelSqRho_EigVals = -1.6914165094E+00  3.1700619007E-02  5.6546644303E-01
HessDelSqRho_EigVec1 =  3.8401419970E-01 -3.4551189110E-01  8.5624449052E-01
HessDelSqRho_EigVec2 =  5.7550868636E-01  8.1473775121E-01  7.0655139073E-02
HessDelSqRho_EigVec3 = -7.2202690141E-01  4.6564356525E-01  5.1171596006E-01
</CP of DelSqRho>
<Path of -GradDelSqRho>
Starting CP# =      3
Ending CP# =     22
Number of Points =     17
 -9.2508579800E-01  4.1366522183E+00 -1.3066330544E-01  4.1835270866E-01 -9.8997491651E-01
 -9.0516937913E-01  4.1217725099E+00 -1.2803071587E-01  4.2976496145E-01 -1.0001250396E+00
 -8.8524711979E-01  4.1069000912E+00 -1.2540112694E-01  4.4224144354E-01 -1.0307733428E+00
 -8.6531953054E-01  4.0920343022E+00 -1.2277443732E-01  4.5579404537E-01 -1.0822472999E+00
 -8.4538738236E-01  4.0771741487E+00 -1.2015045159E-01  4.7042803638E-01 -1.1548265589E+00
 -8.2545172005E-01  4.0623182830E+00 -1.1752888279E-01  4.8614136080E-01 -1.2486049818E+00
 -8.0551388594E-01  4.0474649723E+00 -1.1490935433E-01  5.0292398044E-01 -1.3633233135E+00
 -7.8557556508E-01  4.0326120377E+00 -1.1229139796E-01  5.2075737191E-01 -1.4981778390E+00
 -7.6563886689E-01  4.0177567485E+00 -1.0967444458E-01  5.3961430496E-01 -1.6516125386E+00
 -7.4570646689E-01  4.0028956378E+00 -1.0705780350E-01  5.5945904482E-01 -1.8211043634E+00
 -7.2578185230E-01  3.9880241860E+00 -1.0444062290E-01  5.8024813327E-01 -2.0029525979E+00
 -7.0586976171E-01  3.9731362564E+00 -1.0182181675E-01  6.0193190971E-01 -2.1920827380E+00
 -6.8597702589E-01  3.9582230201E+00 -9.9199924890E-02  6.2445693143E-01 -2.3818708557E+00
 -6.6611435324E-01  3.9432706881E+00 -9.6572818821E-02  6.4776943779E-01 -2.5639822878E+00
 -6.4630076178E-01  3.9282549279E+00 -9.3936981287E-02  6.7181993875E-01 -2.7281919164E+00
 -6.2657765452E-01  3.9131233764E+00 -9.1285257198E-02  6.9656863266E-01 -2.8621015904E+00
 -5.9473798063E-01  3.8803634186E+00 -8.5783654348E-02  7.4318581777E-01 -2.9764604960E+00
</Path of -GradDelSqRho>
<Path of -GradDelSqRho>
Starting CP# =      3
Ending CP# =      0
Number of Points =     29
 -9.2508579800E-01  4.1366522183E+00 -1.3066330544E-01  4.1835270866E-01 -9.8997491651E-01
 -9.4499632276E-01  4.1515392987E+00 -1.3329880028E-01  4.0798683780E-01 -1.0000525218E+00
 -9.6490071872E-01  4.1664340546E+00 -1.3593722000E-01  3.9864410828E-01 -1.0302129137E+00
 -9.8479916757E-01  4.1813362665E+00 -1.3857839558E-01  3.9029629944E-01 -1.0804642384E+00
 -1.0046920330E+00  4.1962454848E+00 -1.4122208695E-01  3.8291046610E-01 -1.1509460053E+00
 -1.0245798178E+00  4.2111610853E+00 -1.4386800344E-01  3.7644904736E-01 -1.2418428332E+00
 -1.0444631102E+00  4.2260823350E+00 -1.4651583068E-01  3.7086988756E-01 -1.3532094681E+00
 -1.0643425225E+00  4.2410084688E+00 -1.4916526309E-01  3.6612628960E-01 -1.4846758573E+00
 -1.0842186235E+00  4.2559387728E+00 -1.5181604170E-01  3.6216731101E-01 -1.6350061931E+00
 -1.1040918637E+00  4.2708726754E+00 -1.5446799833E-01  3.5893863407E-01 -1.8015216387E+00
 -1.1239624907E+00  4.2858098500E+00 -1.5712110936E-01  3.5638447917E-01 -1.9794881093E+00
 -1.1438304443E+00  4.3007503413E+00 -1.5977556599E-01  3.5445113795E-01 -2.1617388142E+00
 -1.1636952234E+00  4.3156947255E+00 -1.6243186542E-01  3.5309268396E-01 -2.3390378631E+00
 -1.1835557801E+00  4.3306442389E+00 -1.6509087500E-01  3.5227912615E-01 -2.5019233183E+00
 -1.2034108922E+00  4.3456003368E+00 -1.6775351503E-01  3.5200654286E-01 -2.6448333771E+00
 -1.2232617574E+00  4.3605616080E+00 -1.7041875649E-01  3.5230748036E-01 -2.7729896623E+00
 -1.2431169697E+00  4.3755178234E+00 -1.7307998454E-01  3.5325824595E-01 -2.9115999168E+00
 -1.2629867982E+00  4.3904566712E+00 -1.7572964050E-01  3.5497810244E-01 -3.1154754386E+00
 -1.2828709835E+00  4.4053783590E+00 -1.7836827102E-01  3.5761444148E-01 -3.4755014827E+00
 -1.3027642263E+00  4.4202891803E+00 -1.8100005503E-01  3.6130885129E-01 -4.1171935814E+00
 -1.3226626639E+00  4.4351937551E+00 -1.8362794972E-01  3.6614235887E-01 -5.1864825111E+00
 -1.3425642254E+00  4.4500945692E+00 -1.8625351360E-01  3.7206404691E-01 -6.8194005643E+00
 -1.3624678392E+00  4.4649929128E+00 -1.8887754076E-01  3.7881532199E-01 -9.0960296572E+00
 -1.3823729359E+00  4.4798894726E+00 -1.9150044545E-01  3.8587066913E-01 -1.1985615991E+01
 -1.4022792082E+00  4.4947846207E+00 -1.9412244609E-01  3.9242156016E-01 -1.5298985075E+01
 -1.4221865007E+00  4.5096785456E+00 -1.9674364863E-01  3.9742861063E-01 -1.8672859723E+01
 -1.4420947718E+00  4.5245712991E+00 -1.9936407527E-01  3.9975357086E-01 -2.1610563930E+01
 -1.4620041341E+00  4.5394627467E+00 -2.0198363306E-01  3.9835682056E-01 -2.3587001764E+01
 -1.4789377630E+00  4.5521077982E+00 -2.0420215010E-01  3.9369031309E-01 -2.4200049784E+01
</Path of -GradDelSqRho>
<Path of -GradDelSqRho>
Starting CP# =      4
Ending CP# =      0
Number of Points =     29
  9.1025619547E-01  4.1403093109E+00 -1.3049372562E-01  4.1836650988E-01 -9.9010051482E-01
  9.3010753896E-01  4.1552758859E+00 -1.3312541410E-01  4.0800015282E-01 -1.0001793264E+00
  9.4995271924E-01  4.1702501184E+00 -1.3576002453E-01  3.9865696599E-01 -1.0303433507E+00
  9.6979191850E-01  4.1852317900E+00 -1.3839738742E-01  3.9030872694E-01 -1.0806007045E+00
  9.8962550203E-01  4.2002204529E+00 -1.4103726240E-01  3.8292248758E-01 -1.1510907773E+00
  1.0094539749E+00  4.2152154849E+00 -1.4367935865E-01  3.7646068314E-01 -1.2419979282E+00
  1.0292779284E+00  4.2302161553E+00 -1.4632336186E-01  3.7088115318E-01 -1.3533764250E+00
  1.0490979782E+00  4.2452217009E+00 -1.4896896663E-01  3.6613719517E-01 -1.4848554085E+00
  1.0689146961E+00  4.2602314097E+00 -1.5161591439E-01  3.6217786111E-01 -1.6351978098E+00
  1.0887285355E+00  4.2752447108E+00 -1.5426403749E-01  3.5894882847E-01 -1.8017229877E+00
  1.1085397460E+00  4.2902612775E+00 -1.5691331307E-01  3.5639431484E-01 -1.9796945720E+00
  1.1283482683E+00  4.3052811528E+00 -1.5956393335E-01  3.5446061296E-01 -2.1619434056E+00
  1.1481536006E+00  4.3203049089E+00 -1.6221639689E-01  3.5310180352E-01 -2.3392321118E+00
  1.1679546917E+00  4.3353337754E+00 -1.6487157262E-01  3.5228791094E-01 -2.5020998311E+00
  1.1877503162E+00  4.3503691995E+00 -1.6753038142E-01  3.5201503862E-01 -2.6449907282E+00
  1.2075416790E+00  4.3654097736E+00 -1.7019178905E-01  3.5231576656E-01 -2.7731397125E+00
  1.2273374065E+00  4.3804453141E+00 -1.7284916755E-01  3.5326643973E-01 -2.9117765854E+00
  1.2471477964E+00  4.3954635760E+00 -1.7549495536E-01  3.5498635287E-01 -3.1157424815E+00
  1.2669725831E+00  4.4104647719E+00 -1.7812970825E-01  3.5762290883E-01 -3.4759554607E+00
  1.2868064518E+00  4.4254551610E+00 -1.8075761077E-01  3.6131766800E-01 -4.1179575542E+00
  1.3066455302E+00  4.4404393370E+00 -1.8338162209E-01  3.6615157292E-01 -5.1876865909E+00
  1.3264877422E+00  4.4554197716E+00 -1.8600330154E-01  3.7207355465E-01 -6.8211477081E+00
  1.3463320131E+00  4.4703977477E+00 -1.8862344355E-01  3.7882480521E-01 -9.0983495255E+00
  1.3661777722E+00  4.4853739482E+00 -1.9124246261E-01  3.8587955802E-01 -1.1988416807E+01
  1.3860247113E+00  4.5003487432E+00 -1.9386057726E-01  3.9242904639E-01 -1.5302021959E+01
  1.4058726748E+00  4.5153223200E+00 -1.9647789350E-01  3.9743372864E-01 -1.8675742913E+01
  1.4257216209E+00  4.5302947297E+00 -1.9909443360E-01  3.9975534742E-01 -2.1612823672E+01
  1.4455716634E+00  4.5452658379E+00 -2.0171010459E-01  3.9835446650E-01 -2.3588204287E+01
  1.4624477807E+00  4.5579870182E+00 -2.0393067791E-01  3.9368413738E-01 -2.4200134377E+01
</Path of -GradDelSqRho>
<Path of -GradDelSqRho>
Starting CP# =      4
Ending CP# =     21
Number of Points =     17
  9.1025619547E-01  4.1403093109E+00 -1.3049372562E-01  4.1836650988E-01 -9.9010051482E-01
  8.9039892526E-01  4.1253500897E+00 -1.2786494021E-01  4.2977927852E-01 -1.0002518243E+00
  8.7053578283E-01  4.1103981396E+00 -1.2523915391E-01  4.4225630586E-01 -1.0309036241E+00
  8.5066728212E-01  4.0954528014E+00 -1.2261626640E-01  4.5580948106E-01 -1.0823832619E+00
  8.3079419897E-01  4.0805130824E+00 -1.1999608337E-01  4.7044407143E-01 -1.1549702160E+00
  8.1091758460E-01  4.0655776377E+00 -1.1737831920E-01  4.8615801822E-01 -1.2487581326E+00
  7.9103878948E-01  4.0506447374E+00 -1.1476259888E-01  5.0294127955E-01 -1.3634874913E+00
  7.7115950884E-01  4.0357122072E+00 -1.1214845607E-01  5.2077532775E-01 -1.4983542590E+00
  7.5128186479E-01  4.0207773216E+00 -1.0953532406E-01  5.3963292792E-01 -1.6518020442E+00
  7.3140854898E-01  4.0058366208E+00 -1.0692251534E-01  5.5947834034E-01 -1.8213073734E+00
  7.1154306980E-01  3.9908855939E+00 -1.0430918246E-01  5.8026810196E-01 -2.0031690609E+00
  6.9169019471E-01  3.9759181157E+00 -1.0169424580E-01  6.0195254751E-01 -2.1923120963E+00
  6.7185679636E-01  3.9609253739E+00 -9.9076255287E-02  6.2447823018E-01 -2.3821120240E+00
  6.5205364926E-01  3.9458936041E+00 -9.6453099696E-02  6.4779138588E-01 -2.5642336460E+00
  6.3229988930E-01  3.9307985165E+00 -9.3821295154E-02  6.7184252168E-01 -2.7284513084E+00
  6.1263717622E-01  3.9155878380E+00 -9.1173764919E-02  6.9659183174E-01 -2.8623663056E+00
  5.8093310047E-01  3.8826916277E+00 -8.5698581588E-02  7.4320886872E-01 -2.9767267921E+00
</Path of -GradDelSqRho>
<Path of -GradDelSqRho>
Starting CP# =      7
Ending CP# =      1
Number of Points =      7
 -6.1151870060E-03  3.4903417022E+00 -1.7631722554E-01  2.2518728381E+01  1.2307338594E+03
 -6.1080808528E-03  3.4856647926E+00 -1.5175860032E-01  3.2733603292E+01  9.8094600185E+02
 -6.1008653662E-03  3.4809358998E+00 -1.2720992600E-01  4.7953564152E+01 -7.8738265333E+02
 -6.0936015780E-03  3.4761840472E+00 -1.0266568372E-01  7.0561238540E+01 -6.3618684095E+03
 -6.0863030473E-03  3.4714156856E+00 -7.8124644375E-02  1.0411349738E+02 -2.0534418868E+04
 -6.0789467064E-03  3.4666198646E+00 -5.3588955773E-02  1.5445188576E+02 -7.4979222127E+04
 -6.0660439466E-03  3.4582246224E+00 -1.0872856502E-02  2.9727180642E+02 -3.3290225235E+06
</Path of -GradDelSqRho>
<Path of -GradDelSqRho>
Starting CP# =      7
Ending CP# =     16
Number of Points =     38
 -6.1151870060E-03  3.4903417022E+00 -1.7631722554E-01  2.2518728381E+01  1.2307338594E+03
 -6.1221651912E-03  3.4949577407E+00 -2.0088736827E-01  1.5615328658E+01  1.1491642051E+03
 -6.1290867830E-03  3.4995468274E+00 -2.2546256366E-01  1.0934329839E+01  9.7969089777E+02
 -6.1359943962E-03  3.5041292288E+00 -2.5003900650E-01  7.7699245078E+00  7.7182028920E+02
 -6.1428683589E-03  3.5086955813E+00 -2.7461843549E-01  5.6387859273E+00  5.7143733622E+02
 -6.1496752001E-03  3.5132299447E+00 -2.9920378398E-01  4.2043496484E+00  4.0740878098E+02
 -6.1563784676E-03  3.5177149467E+00 -3.2379818214E-01  3.2362399843E+00  2.8488945503E+02
 -6.1629414920E-03  3.5221330959E+00 -3.4840467371E-01  2.5797577466E+00  1.9674127134E+02
 -6.1693302085E-03  3.5264681234E+00 -3.7302594071E-01  2.1316554394E+00  1.3378233323E+02
 -6.1755114513E-03  3.5307041628E+00 -3.9766442567E-01  1.8226840165E+00  8.8831401401E+01
 -6.1814446701E-03  3.5348217901E+00 -4.2232296687E-01  1.6060808265E+00  5.7003587431E+01
 -6.1870699743E-03  3.5387922950E+00 -4.4700560674E-01  1.4502459696E+00  3.4921541250E+01
 -6.1922939990E-03  3.5425708823E+00 -4.7171831759E-01  1.3339999645E+00  2.0051795367E+01
 -6.1969702309E-03  3.5460871685E+00 -4.9646963300E-01  1.2433658257E+00  1.0386710586E+01
 -6.2008656585E-03  3.5492290149E+00 -5.2127107820E-01  1.1692997543E+00  4.3395365710E+00
 -6.2035971957E-03  3.5518116002E+00 -5.4613652692E-01  1.1060793117E+00  7.0540658842E-01
 -6.2044962655E-03  3.5535112642E+00 -5.7107658857E-01  1.0501954849E+00 -1.3827738992E+00
 -6.2022706767E-03  3.5536993938E+00 -5.9606918182E-01  9.9968668766E-01 -2.5161957619E+00
 -6.1939551152E-03  3.5509220399E+00 -6.2088361198E-01  9.5412039672E-01 -3.0801216050E+00
 -6.1713978390E-03  3.5411098165E+00 -6.4362703103E-01  9.1733748804E-01 -3.3256358583E+00
 -6.1265999430E-03  3.5199010980E+00 -6.5594261256E-01  9.0366955858E-01 -3.4446094916E+00
 -6.0755682673E-03  3.4950761930E+00 -6.5849588033E-01  9.0692411983E-01 -3.5445295225E+00
 -6.0246878521E-03  3.4700831343E+00 -6.5812049588E-01  9.1355250280E-01 -3.6403556545E+00
 -5.9742229145E-03  3.4451324224E+00 -6.5657516332E-01  9.2035320561E-01 -3.7322139344E+00
 -5.9242097077E-03  3.4202495459E+00 -6.5417023239E-01  9.2674113297E-01 -3.8196078238E+00
 -5.8747062344E-03  3.3954580332E+00 -6.5095710485E-01  9.3259747034E-01 -3.9020418847E+00
 -5.8257767721E-03  3.3707831622E+00 -6.4694534585E-01  9.3788344327E-01 -3.9790589840E+00
 -5.7774853034E-03  3.3462507625E+00 -6.4213861220E-01  9.4257620813E-01 -4.0502498005E+00
 -5.7298937999E-03  3.3218868973E+00 -6.3653993959E-01  9.4665958279E-01 -4.1152591983E+00
 -5.6830613836E-03  3.2977178456E+00 -6.3015247968E-01  9.5012295274E-01 -4.1737913264E+00
 -5.6370433632E-03  3.2737701327E+00 -6.2297966160E-01  9.5296115731E-01 -4.2256135653E+00
 -5.5918898753E-03  3.2500705605E+00 -6.1502528953E-01  9.5517441858E-01 -4.2705592770E+00
 -5.5476439420E-03  3.2266462292E+00 -6.0629362967E-01  9.5676821643E-01 -4.3085293250E+00
 -5.5043386666E-03  3.2035245537E+00 -5.9678949119E-01  9.5775310586E-01 -4.3394923689E+00
 -5.4619930912E-03  3.1807332727E+00 -5.8651830226E-01  9.5814448004E-01 -4.3634839705E+00
 -5.4206057800E-03  3.1583004537E+00 -5.7548618260E-01  9.5796228379E-01 -4.3806045801E+00
 -5.3801438698E-03  3.1362544922E+00 -5.6370001422E-01  9.5723068236E-01 -4.3910164985E+00
 -5.3356716467E-03  3.1119816501E+00 -5.4956755856E-01  9.5578818621E-01 -4.3949872212E+00
</Path of -GradDelSqRho>
<Path of -GradDelSqRho>
Starting CP# =      8
Ending CP# =     15
Number of Points =     36
 -6.2451554031E-03  3.5386007153E+00  1.3702335944E-01  2.2563182856E+01  1.2355590924E+03
 -6.2714684052E-03  3.5503958727E+00  1.5906589333E-01  1.5642739651E+01  1.1533023817E+03
 -6.2977275833E-03  3.5621643940E+00  1.8112266572E-01  1.0951592583E+01  9.8304893332E+02
 -6.3239734573E-03  3.5739262466E+00  2.0318299501E-01  7.7813163378E+00  7.7446335833E+02
 -6.3501881663E-03  3.5856726013E+00  2.2525157916E-01  5.6470353977E+00  5.7334466585E+02
 -6.3763406668E-03  3.5973880949E+00  2.4733655963E-01  4.2111564845E+00  4.0864934095E+02
 -6.4023970941E-03  3.6090559396E+00  2.6944674701E-01  3.2426002898E+00  2.8560492761E+02
 -6.4283233518E-03  3.6206592028E+00  2.9159088958E-01  2.5862035160E+00  1.9707760851E+02
 -6.4540877059E-03  3.6321820870E+00  3.1377695860E-01  2.1384258725E+00  1.3385704008E+02
 -6.4796591714E-03  3.6436091216E+00  3.3601254009E-01  1.8298402480E+00  8.8731524317E+01
 -6.5049997438E-03  3.6549212965E+00  3.5830676307E-01  1.6135804824E+00  5.6793305521E+01
 -6.5300530945E-03  3.6660904276E+00  3.8067296908E-01  1.4579919937E+00  3.4648657072E+01
 -6.5547309768E-03  3.6770723643E+00  4.0313163413E-01  1.3418731714E+00  1.9751343772E+01
 -6.5788938473E-03  3.6877972955E+00  4.2571405830E-01  1.2512467046E+00  1.0083047565E+01
 -6.6023171016E-03  3.6981528825E+00  4.4846798870E-01  1.1770832029E+00  4.0481646425E+00
 -6.6246244176E-03  3.7079510464E+00  4.7146687621E-01  1.1136860754E+00  4.3492532342E-01
 -6.6451388898E-03  3.7168540762E+00  4.9482518965E-01  1.0575872558E+00 -1.6287606868E+00
 -6.6624861705E-03  3.7241787041E+00  5.1871946406E-01  1.0069077240E+00 -2.7375614354E+00
 -6.6732391448E-03  3.7282328696E+00  5.4334794095E-01  9.6149100097E-01 -3.2796715803E+00
 -6.6667880216E-03  3.7238622827E+00  5.6765777126E-01  9.2658126377E-01 -3.5118362165E+00
 -6.6314250911E-03  3.7056947193E+00  5.8425742035E-01  9.1650717164E-01 -3.6322242835E+00
 -6.5849766177E-03  3.6824698916E+00  5.9342694468E-01  9.2106465216E-01 -3.7368801457E+00
 -6.5365835544E-03  3.6584182542E+00  6.0023530330E-01  9.2821556392E-01 -3.8364049056E+00
 -6.4875175816E-03  3.6340921096E+00  6.0599468229E-01  9.3533474380E-01 -3.9306438534E+00
 -6.4380102452E-03  3.6095859297E+00  6.1093331900E-01  9.4194049927E-01 -4.0190346269E+00
 -6.3881517218E-03  3.5849336477E+00  6.1508172794E-01  9.4793202327E-01 -4.1010437812E+00
 -6.3380149923E-03  3.5601612588E+00  6.1843925404E-01  9.5327307825E-01 -4.1761970746E+00
 -6.2876735135E-03  3.5352939915E+00  6.2100107906E-01  9.5794126415E-01 -4.2440889199E+00
 -6.2372038581E-03  3.5103572160E+00  6.2276197072E-01  9.6192122881E-01 -4.3043888002E+00
 -6.1866865617E-03  3.4853765964E+00  6.2371678136E-01  9.6520395500E-01 -4.3568460169E+00
 -6.1362068316E-03  3.4603781610E+00  6.2386057581E-01  9.6778666513E-01 -4.4012928427E+00
 -6.0858552707E-03  3.4353883544E+00  6.2318871966E-01  9.6967271563E-01 -4.4376460555E+00
 -6.0357285778E-03  3.4104340807E+00  6.2169695686E-01  9.7087142901E-01 -4.4659068641E+00
 -5.9859300531E-03  3.3855427378E+00  6.1938147920E-01  9.7139786365E-01 -4.4861592843E+00
 -5.9365693004E-03  3.3607422469E+00  6.1623898980E-01  9.7127252463E-01 -4.4985670645E+00
 -5.8804522118E-03  3.3323522614E+00  6.1159579052E-01  9.7035523137E-01 -4.5034518856E+00
</Path of -GradDelSqRho>
<Path of -GradDelSqRho>
Starting CP# =      8
Ending CP# =      1
Number of Points =      7
 -6.2451554031E-03  3.5386007153E+00  1.3702335944E-01  2.2563182856E+01  1.2355590924E+03
 -6.2187231313E-03  3.5267467110E+00  1.1501242054E-01  3.2806569028E+01  9.8259226298E+02
