 AIMInt (Version 19.02.13, Professional)
 Portions Copyright (c) 1997-2019 by Todd A. Keith
 AIMInt is a component of the AIMAll package ( http://aim.tkgristmill.com )

 TP:  64-bit Linux

 Licensed To:  Research Group of Fernando Cortes Guzman, UNAM, fercor@unam.mx

 AIMInt is a heavily modified and extended version of the PROAIMV program
 developed by members of R.F.W. Bader's research group

 Much of the Quantum Theory of Atoms in Molecules (QTAIM) is described in the book:
   "Atoms in Molecules - A Quantum Theory"
   R.F.W. Bader, Oxford University Press, Oxford, 1990

 For additional references see:  http://aim.tkgristmill.com/references.html

 Current Directory:  /home/scratch/M_H2O_4_cuadrado_plano/Opt

 Inp File:  Ti2_cuadrado_plano_cc-pvtz-def2-tzv_1_atomicfiles/o2.inp
 Wfx File:  Ti2_cuadrado_plano_cc-pvtz-def2-tzv_1.wfx
 Out File:  Ti2_cuadrado_plano_cc-pvtz-def2-tzv_1_atomicfiles/o2.int

 Wfx Title:   Ti2_cuadrado_plano_cc-pvtz-def2-tzv_1                                         
 Job Title:   Ti2_cuadrado_plano_cc-pvtz-def2-tzv_1                                         
 
<Atom>
O2      
</Atom>
<Nuclei of Molecule>
    13
Ti1       22.0           8.4378387438E-05   2.1694430644E-05  -8.9302361149E-05
O2         8.0           3.2430042257E+00   1.8664288534E+00  -8.9302361149E-05
H3         1.0           4.5665835292E+00   1.7723697378E+00   1.2966959122E+00
O4         8.0          -1.8663227806E+00   3.2429415417E+00  -8.9302361149E-05
H5         1.0          -3.0678132710E+00   3.8224922267E+00  -1.2896107310E+00
O6         8.0          -3.2428354689E+00  -1.8663854646E+00  -8.9302361149E-05
H7         1.0          -3.8294682730E+00  -3.0541543570E+00  -1.2992507720E+00
O8         8.0           1.8664915374E+00  -3.2428981529E+00  -8.9302361149E-05
H9         1.0           3.0694198631E+00  -3.8216928139E+00  -1.2885983291E+00
H10        1.0          -1.7667179437E+00   4.5680530965E+00   1.2947897077E+00
H11        1.0           3.8269943219E+00   3.0559646187E+00  -1.2987715752E+00
H12        1.0           1.7611501181E+00  -4.5711617000E+00   1.2910326109E+00
H13        1.0          -4.5647047776E+00  -1.7730423081E+00   1.2985355039E+00
</Nuclei of Molecule>
<Total Number of CPs of DelSqRho>
    35
</Total Number of CPs of DelSqRho>
<Number of (3,+3) CPs of DelSqRho>
     5
</Number of (3,+3) CPs of DelSqRho>
<Number of (3,+1) CPs of DelSqRho>
    14
</Number of (3,+1) CPs of DelSqRho>
<Number of (3,-1) CPs of DelSqRho>
    10
</Number of (3,-1) CPs of DelSqRho>
<Number of (3,-3) CPs of DelSqRho>
     6
</Number of (3,-3) CPs of DelSqRho>
<Number of Degenerate CPs of DelSqRho>
     0
</Number of Degenerate CPs of DelSqRho>
<CP of DelSqRho>
CP# = 1       
Type = (3,+3)
Coords =  3.24300454473284E+00  1.86642903634316E+00 -8.93028306703977E-05
DistFromNuc =  3.6778344946E-07
Rho =  2.9730327475E+02
DelSqRho = -3.3294072642E+06
GradDelSqRho =  2.6457564672E-05 -1.1697200080E-05  1.0868461686E-10
HessDelSqRho_EigVals =  1.3240293184E+11  1.3240294895E+11  1.3240295821E+11
HessDelSqRho_EigVec1 = -4.3220153052E-01  7.5270861306E-01  4.9662015751E-01
HessDelSqRho_EigVec2 =  8.6699107495E-01  4.9832308700E-01 -7.5955461207E-04
HessDelSqRho_EigVec3 =  2.4804901326E-01 -4.3023696353E-01  8.6796765045E-01
</CP of DelSqRho>
<CP of DelSqRho>
CP# = 2       
Type = (3,-1)
Coords =  1.84590844102937E+00  1.06277803442549E+00 -7.50182100587623E-05
DistFromNuc =  1.6117478930E+00
Rho =  1.1631537127E-01
DelSqRho =  3.2134348842E-01
GradDelSqRho = -7.2164496601E-16  1.6306400674E-16 -3.7947076037E-17
HessDelSqRho_EigVals = -3.7482274665E-01 -1.4886637886E-01  3.5406495786E+00
HessDelSqRho_EigVec1 = -4.4620701825E-01  7.7528598012E-01  4.4702454731E-01
HessDelSqRho_EigVec2 = -2.2299117374E-01  3.8743500405E-01 -8.9452169011E-01
HessDelSqRho_EigVec3 =  8.6670308255E-01  4.9882438460E-01 -5.7127690508E-06
</CP of DelSqRho>
<CP of DelSqRho>
CP# = 3       
Type = (3,+1)
Coords =  4.06389312474955E+00  1.80771188410617E+00  8.01744407752873E-01
DistFromNuc =  1.1490185228E+00
Rho =  4.1637743348E-01
DelSqRho = -9.8119363580E-01
GradDelSqRho =  3.2318592247E-13  6.0229599086E-14  5.1619819530E-13
HessDelSqRho_EigVals = -3.1986266739E+01  1.5082674940E+01  1.5914632078E+01
HessDelSqRho_EigVec1 =  7.1236594876E-01 -5.0434196056E-02  6.9999367634E-01
HessDelSqRho_EigVec2 = -4.2766385748E-01  7.5963707683E-01  4.8995421879E-01
HessDelSqRho_EigVec3 =  5.5645159722E-01  6.4838869775E-01 -5.1957070412E-01
</CP of DelSqRho>
<CP of DelSqRho>
CP# = 4       
Type = (3,+1)
Coords =  3.60486281568112E+00  2.60435976862894E+00 -8.03087042850428E-01
DistFromNuc =  1.1490383136E+00
Rho =  4.1634086348E-01
DelSqRho = -9.8089264354E-01
GradDelSqRho =  3.0198066270E-14  3.0590113775E-14 -6.8223204863E-14
HessDelSqRho_EigVals = -3.1977435572E+01  1.5078587964E+01  1.5910009564E+01
HessDelSqRho_EigVec1 =  3.1446161837E-01  6.4009560075E-01 -7.0099323283E-01
HessDelSqRho_EigVec2 = -4.3985001756E-01  7.5264934097E-01  4.8994992764E-01
HessDelSqRho_EigVec3 =  8.4121688798E-01  1.5426143860E-01  5.1822539105E-01
</CP of DelSqRho>
<CP of DelSqRho>
CP# = 5       
Type = (3,+1)
Coords =  3.36885279980551E+00  1.78347037554229E+00 -7.53968735775188E-02
DistFromNuc =  1.6849689299E-01
Rho =  2.2515499797E+01
DelSqRho =  1.2342147057E+03
GradDelSqRho = -3.9399594698E-12 -3.9221959014E-12  7.9012352217E-12
HessDelSqRho_EigVals = -4.0960599481E+05  1.7856555514E+03  3.3401720592E+03
HessDelSqRho_EigVec1 =  7.4369575736E-01 -4.9625707693E-01 -4.4793474312E-01
HessDelSqRho_EigVec2 =  6.2287553212E-01  7.5770560495E-01  1.9470050773E-01
HessDelSqRho_EigVec3 =  2.4278116067E-01 -4.2380553303E-01  8.7260883459E-01
</CP of DelSqRho>
<CP of DelSqRho>
CP# = 6       
Type = (3,+1)
Coords =  3.23488256685713E+00  2.01699563561652E+00  7.51054934328018E-02
DistFromNuc =  1.6849502829E-01
Rho =  2.2515879781E+01
DelSqRho =  1.2342628193E+03
GradDelSqRho = -1.7621459847E-12  7.2759576142E-12 -1.7053025658E-13
HessDelSqRho_EigVals = -4.0964976619E+05  1.7830486146E+03  3.3382068885E+03
HessDelSqRho_EigVec1 = -5.3192396323E-02  8.9281121670E-01  4.4727921962E-01
HessDelSqRho_EigVec2 =  9.6809893319E-01  1.5593648900E-01 -1.9613328876E-01
HessDelSqRho_EigVec3 =  2.4485715128E-01 -4.2257773572E-01  8.7262422195E-01
</CP of DelSqRho>
<CP of DelSqRho>
CP# = 7       
Type = (3,-3)
Coords =  3.11440339381965E+00  1.86146423702285E+00 -1.06636866934321E-01
DistFromNuc =  1.6707843932E-01
Rho =  2.2686055599E+01
DelSqRho =  1.2967241616E+03
GradDelSqRho =  9.4644292403E-12  4.5474735089E-13  1.2505552149E-12
HessDelSqRho_EigVals = -4.4872207057E+05 -3.5552283973E+03 -8.0851497726E+02
HessDelSqRho_EigVec1 =  7.7157255103E-01  3.2328744937E-02  6.3531932975E-01
HessDelSqRho_EigVec2 = -4.3391227912E-01  7.5705968313E-01  4.8844730546E-01
HessDelSqRho_EigVec3 =  4.6518376212E-01  6.5254539185E-01 -5.9815431039E-01
</CP of DelSqRho>
<CP of DelSqRho>
CP# = 8       
Type = (3,-1)
Coords =  3.38947167181469E+00  1.95070348068175E+00 -1.47288888396890E-04
DistFromNuc =  1.6898203734E-01
Rho =  2.2310205779E+01
DelSqRho =  1.2449661484E+03
GradDelSqRho = -2.8990143619E-12 -7.8017592386E-12  6.2172489379E-15
HessDelSqRho_EigVals = -4.0214690414E+05 -1.2551368880E+03  1.9727187644E+03
HessDelSqRho_EigVec1 =  8.6675904029E-01  4.9872703145E-01 -3.3788514803E-04
HessDelSqRho_EigVec2 = -4.3529351984E-01  7.5684553952E-01  4.8754936252E-01
HessDelSqRho_EigVec3 =  2.4340977312E-01 -4.2244073834E-01  8.7309535845E-01
</CP of DelSqRho>
<CP of DelSqRho>
CP# = 9       
Type = (3,-3)
Coords =  3.17404460893964E+00  1.75797599651800E+00  1.06670899915690E-01
DistFromNuc =  1.6707839986E-01
Rho =  2.2686050184E+01
DelSqRho =  1.2967275213E+03
GradDelSqRho =  7.3256956057E-12 -1.4438228391E-11 -3.3537617128E-12
HessDelSqRho_EigVals = -4.4872345954E+05 -3.5554491185E+03 -8.0894575484E+02
HessDelSqRho_EigVec1 =  4.1594533300E-01  6.4940607619E-01 -6.3660131021E-01
HessDelSqRho_EigVec2 =  4.3453581410E-01 -7.5687462860E-01 -4.8817970344E-01
HessDelSqRho_EigVec3 =  7.9885424592E-01  7.3569999274E-02  5.9700866743E-01
</CP of DelSqRho>
<CP of DelSqRho>
CP# = 10      
Type = (3,-1)
Coords =  3.86859230258434E+00  2.22576646351442E+00 -6.74169019695664E-04
DistFromNuc =  7.2144598001E-01
Rho =  6.7730620418E-01
DelSqRho = -1.1172703393E+00
GradDelSqRho = -3.2862601529E-14 -3.2418512319E-14  6.1062266354E-16
HessDelSqRho_EigVals = -1.8047488176E+01 -5.1211723368E+00  1.3705170028E+02
HessDelSqRho_EigVec1 =  2.5423720582E-01 -4.4122593907E-01  8.6062948699E-01
HessDelSqRho_EigVec2 = -4.2831281562E-01  7.4647966224E-01  5.0923103386E-01
HessDelSqRho_EigVec3 =  8.6712834987E-01  4.9808411394E-01 -8.0017924130E-04
</CP of DelSqRho>
<CP of DelSqRho>
CP# = 11      
Type = (3,-1)
Coords =  2.87618509428386E+00  2.03684698931652E+00 -5.92162204393706E-01
DistFromNuc =  7.1704179621E-01
Rho =  6.7161828675E-01
DelSqRho = -9.9668643684E-01
GradDelSqRho =  3.5527136788E-15 -3.8857805862E-15  2.6645352591E-14
HessDelSqRho_EigVals = -1.6306533489E+01 -1.1557534080E+01  1.4315867147E+02
HessDelSqRho_EigVec1 =  7.0450880927E-01  6.4621686578E-01 -2.9337876549E-01
HessDelSqRho_EigVec2 =  4.6352190985E-01 -7.3201419905E-01 -4.9930216451E-01
HessDelSqRho_EigVec3 =  5.3741490186E-01 -2.1577528769E-01  8.1524612755E-01
</CP of DelSqRho>
<CP of DelSqRho>
CP# = 12      
Type = (3,-1)
Coords =  3.20623132681145E+00  1.46401582685811E+00  5.92245819418496E-01
DistFromNuc =  7.1704210931E-01
Rho =  6.7160630464E-01
DelSqRho = -9.9651081006E-01
GradDelSqRho = -3.1086244690E-15 -1.7763568394E-14  2.5757174171E-14
HessDelSqRho_EigVals = -1.6307615574E+01 -1.1558494038E+01  1.4315576249E+02
HessDelSqRho_EigVec1 =  9.1343377221E-01  2.8338749912E-01  2.9211345251E-01
HessDelSqRho_EigVec2 = -3.9838401778E-01  7.6938242628E-01  4.9934042147E-01
HessDelSqRho_EigVec3 = -8.3240123585E-02 -5.7248773565E-01  8.1567694239E-01
</CP of DelSqRho>
<CP of DelSqRho>
CP# = 13      
Type = (3,+3)
Coords =  3.76903677024328E+00  1.82557973369008E+00  5.02131425596003E-01
DistFromNuc =  7.2842607595E-01
Rho =  7.4202672108E-01
DelSqRho = -2.9602009519E+00
GradDelSqRho = -2.0428103653E-14 -4.8849813084E-15 -1.4654943925E-14
HessDelSqRho_EigVals =  1.1160263481E+01  2.2184836819E+01  1.3399764768E+02
HessDelSqRho_EigVec1 = -4.1392514758E-01  7.5710448620E-01  5.0542929197E-01
HessDelSqRho_EigVec2 = -5.4752925873E-01 -6.5063068871E-01  5.2620472987E-01
HessDelSqRho_EigVec3 =  7.2723976997E-01 -5.8927955103E-02  6.8384926195E-01
</CP of DelSqRho>
<CP of DelSqRho>
CP# = 14      
Type = (3,+1)
Coords =  3.80467733586582E+00  1.51044711408211E+00  1.97337353153105E-01
DistFromNuc =  6.9366920486E-01
Rho =  7.7603261916E-01
DelSqRho = -2.5028633812E+00
GradDelSqRho =  3.3750779949E-14 -2.3092638912E-14  1.1546319456E-14
HessDelSqRho_EigVals = -1.2375227700E+01  1.2922271955E+01  1.8217501103E+02
HessDelSqRho_EigVec1 =  2.1845725216E-01  5.7953800993E-01  7.8511917823E-01
HessDelSqRho_EigVec2 =  5.6303847473E-01  5.8227215122E-01 -5.8646979282E-01
HessDelSqRho_EigVec3 =  7.9703456949E-01 -5.7017088400E-01  1.9910062299E-01
</CP of DelSqRho>
<CP of DelSqRho>
CP# = 15      
Type = (3,+1)
Coords =  3.44535492100040E+00  2.13846427777647E+00  6.06031301818535E-01
DistFromNuc =  6.9450072917E-01
Rho =  7.7101159004E-01
DelSqRho = -2.4301830219E+00
GradDelSqRho =  6.2172489379E-15  2.1316282073E-14  8.8817841970E-16
HessDelSqRho_EigVals = -1.2993941784E+01  1.2270852107E+01  1.8042725348E+02
HessDelSqRho_EigVec1 =  8.4827464722E-01 -5.2504177963E-01  6.9001829842E-02
HessDelSqRho_EigVec2 =  4.8577769311E-01  7.1963628478E-01 -4.9612866325E-01
HessDelSqRho_EigVec3 =  2.1083205581E-01  4.5437291651E-01  8.6550280010E-01
</CP of DelSqRho>
<CP of DelSqRho>
CP# = 16      
Type = (3,+3)
Coords =  3.24828579249598E+00  1.29187593893257E+00 -2.80935786966653E-01
DistFromNuc =  6.3954178472E-01
Rho =  9.5545881716E-01
DelSqRho = -4.3960654110E+00
GradDelSqRho =  4.4408920985E-15 -1.0658141036E-14 -1.7763568394E-14
HessDelSqRho_EigVals =  9.3091868715E+00  2.3733532651E+01  3.3059319051E+02
HessDelSqRho_EigVec1 =  9.7177568606E-01  1.2882304773E-01 -1.9762752427E-01
HessDelSqRho_EigVec2 =  2.3417277358E-01 -4.2537645627E-01  8.7419562031E-01
HessDelSqRho_EigVec3 = -2.8550448183E-02  8.9580103417E-01  4.4353734801E-01
</CP of DelSqRho>
<CP of DelSqRho>
CP# = 17      
Type = (3,+1)
Coords =  3.21834490798396E+00  2.53074566298133E+00 -1.98226691227377E-01
DistFromNuc =  6.9367379242E-01
Rho =  7.7602189366E-01
DelSqRho = -2.5030329235E+00
GradDelSqRho =  1.1546319456E-14 -1.7763568394E-15 -8.4376949872E-15
HessDelSqRho_EigVals = -1.2374268036E+01  1.2924079046E+01  1.8217978841E+02
HessDelSqRho_EigVec1 =  6.0963854271E-01 -1.0421727013E-01 -7.8579870695E-01
HessDelSqRho_EigVec2 =  7.8742915707E-01  1.9352928397E-01  5.8523648113E-01
HessDelSqRho_EigVec3 = -9.1083312662E-02  9.7554352894E-01 -2.0004662782E-01
</CP of DelSqRho>
<CP of DelSqRho>
CP# = 18      
Type = (3,+3)
Coords =  2.74992398623924E+00  2.16087469921706E+00  2.81202977359932E-01
DistFromNuc =  6.3949341299E-01
Rho =  9.5560908763E-01
DelSqRho = -4.3973262813E+00
GradDelSqRho =  5.3290705182E-14 -6.1284310959E-14 -1.5987211555E-14
HessDelSqRho_EigVals =  9.3200739439E+00  2.3736035039E+01  3.3081865440E+02
HessDelSqRho_EigVec1 =  6.0146210864E-01  7.7444897617E-01  1.9614309874E-01
HessDelSqRho_EigVec2 = -2.5054877228E-01  4.1598478496E-01 -8.7417502332E-01
HessDelSqRho_EigVec3 =  7.5859649655E-01 -4.7663974026E-01 -4.4423632610E-01
</CP of DelSqRho>
<CP of DelSqRho>
CP# = 19      
Type = (3,+1)
Coords =  3.57916238759989E+00  1.90353173744575E+00 -6.06695039279365E-01
DistFromNuc =  6.9451382556E-01
Rho =  7.7096262046E-01
DelSqRho = -2.4295142270E+00
GradDelSqRho =  3.5527136788E-15  6.6613381478E-15 -3.5527136788E-14
HessDelSqRho_EigVals = -1.2992799489E+01  1.2264395221E+01  1.8039351173E+02
HessDelSqRho_EigVec1 = -2.6126635048E-02  9.9721172283E-01 -6.9901207391E-02
HessDelSqRho_EigVec2 =  8.6701735447E-01  5.7410591027E-02  4.9495952470E-01
HessDelSqRho_EigVec3 = -4.9759250998E-01  4.7673933041E-02  8.6609981533E-01
</CP of DelSqRho>
<CP of DelSqRho>
CP# = 20      
Type = (3,+1)
Coords =  2.66850800470227E+00  1.53640898733196E+00  3.79309957730667E-04
DistFromNuc =  6.6253999088E-01
Rho =  8.7733345750E-01
DelSqRho = -3.6420380486E+00
GradDelSqRho =  3.3306690739E-14 -1.7388868123E-14  8.0491169285E-16
HessDelSqRho_EigVals = -6.1218529453E+00  2.0456249740E+01  2.5815888752E+02
HessDelSqRho_EigVec1 = -4.3326283874E-01  7.5499480972E-01  4.9220539398E-01
HessDelSqRho_EigVec2 =  2.4571236895E-01 -4.2648811785E-01  8.7047878611E-01
HessDelSqRho_EigVec3 =  8.6712671756E-01  4.9808706330E-01 -7.3011061333E-04
</CP of DelSqRho>
<CP of DelSqRho>
CP# = 21      
Type = (3,+3)
Coords =  3.47208815458184E+00  2.34097330274048E+00 -5.03018406993735E-01
DistFromNuc =  7.2842951969E-01
Rho =  7.4199552870E-01
DelSqRho = -2.9597922033E+00
GradDelSqRho = -1.0658141036E-14 -2.1316282073E-14  1.5876189252E-14
HessDelSqRho_EigVals =  1.1157886069E+01  2.2180489705E+01  1.3399299750E+02
HessDelSqRho_EigVec1 =  4.4488257878E-01 -7.3937317587E-01 -5.0537787636E-01
HessDelSqRho_EigVec2 =  8.3852606380E-01  1.4567611542E-01  5.2502619909E-01
HessDelSqRho_EigVec3 =  3.1456880239E-01  6.5734753077E-01 -6.8479244473E-01
</CP of DelSqRho>
<CP of DelSqRho>
CP# = 22      
Type = (3,-3)
Coords =  3.14358792413785E+00  1.20545878375080E+00  9.23892917498001E-01
DistFromNuc =  1.1403982535E+00
Rho =  2.4765105020E-01
DelSqRho =  8.4364753151E-01
GradDelSqRho =  6.6613381478E-16 -2.6506574713E-15  6.1062266354E-16
HessDelSqRho_EigVals = -1.7697944831E+01 -1.9039217428E+00 -5.1820844123E-01
HessDelSqRho_EigVec1 = -1.1870199774E-01 -5.8845928769E-01  7.9976590479E-01
HessDelSqRho_EigVec2 =  8.9761280792E-01  2.8075792102E-01  3.3980323253E-01
HessDelSqRho_EigVec3 =  4.2450098090E-01 -7.5821544202E-01 -4.9488206747E-01
</CP of DelSqRho>
<CP of DelSqRho>
CP# = 23      
Type = (3,-3)
Coords =  4.36160825709388E+00  2.12817441572377E+00 -1.91574819552012E-01
DistFromNuc =  1.1646683742E+00
Rho =  2.4941213111E-01
DelSqRho =  8.4710908814E-01
GradDelSqRho = -8.4633411390E-12 -7.6956843675E-13  2.0257406863E-12
HessDelSqRho_EigVals = -1.7298918817E+01 -2.9976994705E+00 -1.3110348126E-01
HessDelSqRho_EigVec1 =  9.6055986186E-01  2.2346665770E-01 -1.6549140362E-01
HessDelSqRho_EigVec2 =  2.5023568402E-01 -4.3510546563E-01  8.6490770388E-01
HessDelSqRho_EigVec3 = -1.2127181958E-01  8.7220747914E-01  4.7386417791E-01
</CP of DelSqRho>
<CP of DelSqRho>
CP# = 24      
Type = (3,-1)
Coords =  2.78292179395799E+00  2.95717918418842E+00 -1.24388301674003E-01
DistFromNuc =  1.1903202801E+00
Rho =  2.4431315040E-01
DelSqRho =  7.1703909851E-01
GradDelSqRho =  2.7616797738E-14 -5.4511950509E-14  4.5120157610E-15
HessDelSqRho_EigVals = -1.7087775026E+01 -1.2433586300E+00  2.9055889421E-01
HessDelSqRho_EigVec1 = -4.0453636434E-01  9.0964958614E-01 -9.4275979802E-02
HessDelSqRho_EigVec2 = -6.6232820246E-01 -2.2033368545E-01  7.1608269025E-01
HessDelSqRho_EigVec3 =  6.3061214875E-01  3.5212312832E-01  6.9161956331E-01
</CP of DelSqRho>
<CP of DelSqRho>
CP# = 25      
Type = (3,-1)
Coords =  3.12805054913007E+00  2.35115730280955E+00  1.07840370057354E+00
DistFromNuc =  1.1879912351E+00
Rho =  2.4435608367E-01
DelSqRho =  7.2228853208E-01
GradDelSqRho =  4.2327252814E-16  1.1102230246E-16  1.4988010832E-15
HessDelSqRho_EigVals = -1.7170927007E+01 -1.3064227310E+00  2.8318892093E-01
HessDelSqRho_EigVec1 = -1.1866051632E-01  4.0558223524E-01  9.0632374587E-01
HessDelSqRho_EigVec2 = -9.3696291486E-01  2.5639346327E-01 -2.3740869437E-01
HessDelSqRho_EigVec3 =  3.2866423297E-01  8.7736277699E-01 -3.4959173262E-01
</CP of DelSqRho>
<CP of DelSqRho>
CP# = 26      
Type = (3,-1)
Coords =  3.95371986050924E+00  9.19621599643723E-01  1.23829040023117E-01
DistFromNuc =  1.1903429947E+00
Rho =  2.4432235015E-01
DelSqRho =  7.1690850823E-01
GradDelSqRho = -2.0816681712E-15  4.9960036108E-16 -6.6092964435E-16
HessDelSqRho_EigVals = -1.7084046577E+01 -1.2446871517E+00  2.9099094945E-01
HessDelSqRho_EigVec1 = -5.8218611635E-01  8.0760875564E-01 -9.3954370546E-02
HessDelSqRho_EigVec2 =  5.2490447716E-01  4.6158712038E-01  7.1513119087E-01
HessDelSqRho_EigVec3 = -6.2091433852E-01 -3.6702238095E-01  6.9264706460E-01
</CP of DelSqRho>
<CP of DelSqRho>
CP# = 27      
Type = (3,+1)
Coords =  2.17346788324799E+00  1.24742206551997E+00 -1.59723520996698E-03
DistFromNuc =  1.2357506484E+00
Rho =  2.4451965246E-01
DelSqRho =  4.7295277317E-01
GradDelSqRho =  1.2734258092E-13  4.1133763062E-14 -1.4064595842E-14
HessDelSqRho_EigVals = -1.1162283235E+01  7.0608857890E-02  7.1246268662E-01
HessDelSqRho_EigVec1 =  8.6545643020E-01  5.0098260234E-01  1.2647432340E-03
HessDelSqRho_EigVec2 = -4.3722744370E-01  7.5408099070E-01  4.9009593137E-01
HessDelSqRho_EigVec3 =  2.4457581626E-01 -4.2470965567E-01  8.7166758485E-01
</CP of DelSqRho>
<CP of DelSqRho>
CP# = 28      
Type = (3,-3)
Coords =  2.62072074886193E+00  2.11291123093847E+00 -9.23427352851289E-01
DistFromNuc =  1.1404137159E+00
Rho =  2.4765251273E-01
DelSqRho =  8.4360012739E-01
GradDelSqRho = -1.0269562978E-15 -2.0469737017E-15  1.7763568394E-15
HessDelSqRho_EigVals = -1.7696690859E+01 -1.9040359411E+00 -5.1816522667E-01
HessDelSqRho_EigVec1 =  5.6917315406E-01 -1.9337514270E-01  7.9915453755E-01
HessDelSqRho_EigVec2 =  6.9437316876E-01  6.3356237827E-01 -3.4123982088E-01
HessDelSqRho_EigVec3 = -4.4032695036E-01  7.4913601370E-01  4.9488120773E-01
</CP of DelSqRho>
<CP of DelSqRho>
CP# = 29      
Type = (3,-1)
Coords =  3.60233405767008E+00  1.52214680971270E+00 -1.07884717788745E+00
DistFromNuc =  1.1880095150E+00
Rho =  2.4436824110E-01
DelSqRho =  7.2213680900E-01
GradDelSqRho =  2.6367796835E-16  7.0776717820E-16  2.2204460493E-16
HessDelSqRho_EigVals = -1.7166393832E+01 -1.3081090214E+00  2.8361159400E-01
HessDelSqRho_EigVec1 = -2.8933389771E-01  3.0748525094E-01  9.0649805079E-01
HessDelSqRho_EigVec2 =  2.5022343132E-01  9.3837042091E-01 -2.3843067669E-01
HessDelSqRho_EigVec3 = -9.2394487393E-01  1.5784097573E-01 -3.4844238595E-01
</CP of DelSqRho>
<CP of DelSqRho>
CP# = 30      
Type = (3,-1)
Coords =  4.25350080678637E+00  2.44684968756905E+00 -1.00973865054148E-03
DistFromNuc =  1.1653293665E+00
Rho =  2.5158091512E-01
DelSqRho =  8.4429574948E-01
GradDelSqRho =  7.3274719625E-15  2.6645352591E-15  2.9994453102E-16
HessDelSqRho_EigVals = -1.6717416202E+01 -3.9137982418E+00  7.9396520280E-02
HessDelSqRho_EigVec1 =  8.6712616406E-01  4.9808792796E-01 -7.9475369474E-04
HessDelSqRho_EigVec2 =  2.4919971766E-01 -4.3245158185E-01  8.6653628318E-01
HessDelSqRho_EigVec3 = -4.3126756930E-01  7.5159433565E-01  4.9911345233E-01
</CP of DelSqRho>
<CP of DelSqRho>
CP# = 31      
Type = (3,-3)
Coords =  4.03304135191419E+00  2.70087423478380E+00  1.89597251906218E-01
DistFromNuc =  1.1646625023E+00
Rho =  2.4940906781E-01
DelSqRho =  8.4710594365E-01
GradDelSqRho = -1.2512213488E-13 -2.2193358262E-13 -7.4412698226E-14
HessDelSqRho_EigVals = -1.7298825365E+01 -2.9970725351E+00 -1.3099911685E-01
HessDelSqRho_EigVec1 =  6.7728989351E-01  7.1721981478E-01  1.6393333229E-01
HessDelSqRho_EigVec2 =  2.5095519554E-01 -4.3467550564E-01  8.6491542628E-01
HessDelSqRho_EigVec3 = -6.9159228594E-01  5.4465855550E-01  4.7439136579E-01
</CP of DelSqRho>
<CP of DelSqRho>
CP# = 32      
Type = (3,+1)
Coords =  4.29912231384157E+00  2.38363904833005E+00 -1.61178445429810E+00
DistFromNuc =  1.9951072815E+00
Rho =  7.4588273547E-02
DelSqRho =  1.8424666194E-01
GradDelSqRho = -1.2177411857E-13 -6.7983813024E-15  1.5279791321E-13
HessDelSqRho_EigVals = -1.7258936826E+00  2.1474624673E-02  5.7929255105E-01
HessDelSqRho_EigVec1 = -6.3968959981E-01  2.0273630459E-01  7.4141432863E-01
HessDelSqRho_EigVec2 =  7.6251483785E-01  2.8884848347E-01  5.7891076658E-01
HessDelSqRho_EigVec3 = -9.6790174944E-02  9.3566262317E-01 -3.3936281122E-01
</CP of DelSqRho>
<CP of DelSqRho>
CP# = 33      
Type = (3,+1)
Coords =  4.96671715894878E+00  1.19661027456201E+00  7.61300649899851E-01
DistFromNuc =  1.9998894630E+00
Rho =  7.4200976744E-02
DelSqRho =  1.8245552924E-01
GradDelSqRho =  1.8735013541E-16 -3.7470027081E-16 -5.5511151231E-17
HessDelSqRho_EigVals = -1.6956860378E+00  2.5685443681E-02  5.8287983168E-01
HessDelSqRho_EigVec1 =  8.3138519257E-01 -5.5481708123E-01 -3.1251687000E-02
HessDelSqRho_EigVec2 =  4.9019290317E-01  7.5871309043E-01 -4.2902839543E-01
HessDelSqRho_EigVec3 =  2.6174334615E-01  3.4136849998E-01  9.0275022458E-01
</CP of DelSqRho>
<CP of DelSqRho>
CP# = 34      
Type = (3,+1)
Coords =  3.53201287927904E+00  3.69214536456484E+00 -7.63568240391889E-01
DistFromNuc =  1.9999167157E+00
Rho =  7.4195209465E-02
DelSqRho =  1.8247115857E-01
GradDelSqRho = -1.4918621893E-16  9.7144514655E-17  2.6628005356E-16
HessDelSqRho_EigVals = -1.6961930448E+00  2.5622725131E-02  5.8269111639E-01
HessDelSqRho_EigVec1 = -6.0316070025E-02  9.9771246175E-01  3.0525650927E-02
HessDelSqRho_EigVec2 =  9.0293274004E-01  4.1498211517E-02  4.2777373156E-01
HessDelSqRho_EigVec3 = -4.2552842286E-01 -5.3364239981E-02  9.0337025589E-01
</CP of DelSqRho>
<CP of DelSqRho>
CP# = 35      
Type = (3,+1)
Coords =  4.22499992650935E+00  2.51976299791315E+00  1.60892624413926E+00
DistFromNuc =  1.9950168144E+00
Rho =  7.4596214652E-02
DelSqRho =  1.8429902204E-01
GradDelSqRho =  2.4286128664E-16  3.2439329001E-16  4.2327252814E-16
HessDelSqRho_EigVals = -1.7269433061E+00  2.1455448388E-02  5.7926216033E-01
HessDelSqRho_EigVec1 =  1.4886780291E-01  6.5591323423E-01  7.4001095020E-01
HessDelSqRho_EigVec2 =  6.3347193624E-01  5.1137566964E-01 -5.8069633243E-01
HessDelSqRho_EigVec3 =  7.5931000471E-01 -5.5522315663E-01  3.3937525410E-01
</CP of DelSqRho>
<Path of -GradDelSqRho>
Starting CP# =      3
Ending CP# =      0
Number of Points =     29
  4.0638931247E+00  1.8077118841E+00  8.0174440775E-01  4.1637743348E-01 -9.8119363580E-01
  4.0817034358E+00  1.8064534986E+00  8.1924324443E-01  4.0594065433E-01 -9.9115369464E-01
  4.0995158528E+00  1.8052000512E+00  8.3674029180E-01  3.9651897436E-01 -1.0209416862E+00
  4.1173298981E+00  1.8039511733E+00  8.5423600817E-01  3.8808383802E-01 -1.0705354600E+00
  4.1351450850E+00  1.8027063828E+00  8.7173085340E-01  3.8060204126E-01 -1.1400443246E+00
  4.1529609477E+00  1.8014651231E+00  8.8922526142E-01  3.7403585154E-01 -1.2296253334E+00
  4.1707770755E+00  1.8002268118E+00  9.0671960830E-01  3.6834303858E-01 -1.3393130986E+00
  4.1885931527E+00  1.7989908943E+00  9.2421417613E-01  3.6347693270E-01 -1.4687326708E+00
  4.2064090023E+00  1.7977569048E+00  9.4170911176E-01  3.5938671546E-01 -1.6166696100E+00
  4.2242246399E+00  1.7965245315E+00  9.5920437718E-01  3.5601826532E-01 -1.7805055570E+00
  4.2420403423E+00  1.7952936950E+00  9.7669968476E-01  3.5331601585E-01 -1.9556160356E+00
  4.2598567440E+00  1.7940646459E+00  9.9419440593E-01  3.5122639121E-01 -2.1349906127E+00
  4.2776749634E+00  1.7928380901E+00  1.0116874507E+00  3.4970336871E-01 -2.3095666614E+00
  4.2954966625E+00  1.7916152689E+00  1.0291772119E+00  3.4871643932E-01 -2.4699972009E+00
  4.3133233987E+00  1.7903974832E+00  1.0466621902E+00  3.4826053431E-01 -2.6106433471E+00
  4.3311530516E+00  1.7891831798E+00  1.0641444368E+00  3.4836626976E-01 -2.7362693820E+00
  4.3489737347E+00  1.7879626280E+00  1.0816353899E+00  3.4910724202E-01 -2.8710371431E+00
  4.3667726061E+00  1.7867246870E+00  1.0991473162E+00  3.5059947990E-01 -3.0679661587E+00
  4.3845516057E+00  1.7854703006E+00  1.1166782498E+00  3.5298725097E-01 -3.4153972656E+00
  4.4023187197E+00  1.7842058164E+00  1.1342205052E+00  3.5641024328E-01 -4.0357994203E+00
  4.4200793524E+00  1.7829356791E+00  1.1517689146E+00  3.6095030315E-01 -5.0721476500E+00
  4.4378362778E+00  1.7816622112E+00  1.1693208341E+00  3.6656167918E-01 -6.6585673932E+00
  4.4555908863E+00  1.7803865907E+00  1.1868749409E+00  3.7299663051E-01 -8.8755007859E+00
  4.4733439001E+00  1.7791094329E+00  1.2044305489E+00  3.7974664791E-01 -1.1695979372E+01
  4.4910957058E+00  1.7778310647E+00  1.2219872903E+00  3.8602534990E-01 -1.4938565513E+01
  4.5088465058E+00  1.7765516468E+00  1.2395449721E+00  3.9081780394E-01 -1.8250903361E+01
  4.5265963787E+00  1.7752712138E+00  1.2571035170E+00  3.9300810777E-01 -2.1148036447E+01
  4.5443452646E+00  1.7739896244E+00  1.2746629755E+00  3.9157192673E-01 -2.3113871546E+01
  4.5603178352E+00  1.7728342888E+00  1.2904677906E+00  3.8657536215E-01 -2.3747571957E+01
</Path of -GradDelSqRho>
<Path of -GradDelSqRho>
Starting CP# =      3
Ending CP# =     13
Number of Points =     17
  4.0638931247E+00  1.8077118841E+00  8.0174440775E-01  4.1637743348E-01 -9.8119363580E-01
  4.0460852706E+00  1.8089752543E+00  7.8424342997E-01  4.2785295293E-01 -9.9123580717E-01
  4.0282803449E+00  1.8102438442E+00  7.6673985039E-01  4.4038551399E-01 -1.0215789619E+00
  4.0104786823E+00  1.8115175409E+00  7.4923332307E-01  4.5398750718E-01 -1.0725782413E+00
  3.9926805543E+00  1.8127960483E+00  7.3172355274E-01  4.6866473871E-01 -1.1445410228E+00
  3.9748861771E+00  1.8140788844E+00  7.1421028725E-01  4.8441571770E-01 -1.2375897495E+00
  3.9570957286E+00  1.8153653787E+00  6.9669329925E-01  5.0123099003E-01 -1.3514953414E+00
  3.9393093792E+00  1.8166546640E+00  6.7917235413E-01  5.1909262622E-01 -1.4854864228E+00
  3.9215273429E+00  1.8179456584E+00  6.6164715764E-01  5.3797398985E-01 -1.6380417634E+00
  3.9037499591E+00  1.8192370299E+00  6.4411726942E-01  5.5783992999E-01 -1.8066754612E+00
  3.8859778359E+00  1.8205271336E+00  6.2658195464E-01  5.7864755448E-01 -1.9877257752E+00
  3.8682121097E+00  1.8218138996E+00  6.0903991388E-01  6.0034774905E-01 -2.1761580399E+00
  3.8504549568E+00  1.8230946208E+00  5.9148875288E-01  6.2288761283E-01 -2.3653877523E+00
  3.8327107097E+00  1.8243655039E+00  5.7392383067E-01  6.4621398284E-01 -2.5471179641E+00
  3.8149886752E+00  1.8256205408E+00  5.5633536327E-01  6.7027822432E-01 -2.7111587361E+00
  3.7973121570E+00  1.8268478019E+00  5.3869921771E-01  6.9504243081E-01 -2.8451444147E+00
  3.7690367702E+00  1.8255797337E+00  5.0213142560E-01  7.4202672108E-01 -2.9602009519E+00
</Path of -GradDelSqRho>
<Path of -GradDelSqRho>
Starting CP# =      4
Ending CP# =      0
Number of Points =     29
  3.6048628157E+00  2.6043597686E+00 -8.0308704285E-01  4.1634086348E-01 -9.8089264354E-01
  3.6127270807E+00  2.6203619196E+00 -8.2061086939E-01  4.0590470133E-01 -9.9084989669E-01
  3.6205966843E+00  2.6363634042E+00 -8.3813290770E-01  3.9648357804E-01 -1.0206293329E+00
  3.6284710672E+00  2.6523639956E+00 -8.5565361456E-01  3.8804893886E-01 -1.0702087138E+00
  3.6363495667E+00  2.6683635167E+00 -8.7317344817E-01  3.8056758321E-01 -1.1396974706E+00
  3.6442314660E+00  2.6843618460E+00 -8.9069284091E-01  3.7400178463E-01 -1.2292530968E+00
  3.6521160535E+00  2.7003589229E+00 -9.0821216765E-01  3.6830932128E-01 -1.3389111363E+00
  3.6600026899E+00  2.7163547537E+00 -9.2573170999E-01  3.6344353375E-01 -1.4682983129E+00
  3.6678908820E+00  2.7323494196E+00 -9.4325161542E-01  3.5935361466E-01 -1.6162028954E+00
  3.6757803677E+00  2.7483430888E+00 -9.6077184829E-01  3.5598545238E-01 -1.7800104924E+00
  3.6836712181E+00  2.7643360359E+00 -9.7829212583E-01  3.5328348642E-01 -1.9551017588E+00
  3.6915639707E+00  2.7803286745E+00 -9.9581182802E-01  3.5119413875E-01 -2.1344717245E+00
  3.6994598025E+00  2.7963216024E+00 -1.0133298786E+00  3.4967137123E-01 -2.3090614787E+00
  3.7073606297E+00  2.8123156108E+00 -1.0308446900E+00  3.4868464093E-01 -2.4695222841E+00
  3.7152683711E+00  2.8283113727E+00 -1.0483547791E+00  3.4822882334E-01 -2.6102027805E+00
  3.7231806251E+00  2.8443078634E+00 -1.0658621639E+00  3.4833445833E-01 -2.7358384029E+00
  3.7310829643E+00  2.8602998483E+00 -1.0833781391E+00  3.4907505530E-01 -2.8705420715E+00
  3.7389592063E+00  2.8762819787E+00 -1.1009148493E+00  3.5056656625E-01 -3.0672658585E+00
  3.7468111165E+00  2.8922554305E+00 -1.1184703696E+00  3.5295322518E-01 -3.4142745583E+00
  3.7546482391E+00  2.9082238236E+00 -1.1360370971E+00  3.5637477142E-01 -4.0339725853E+00
  3.7624771703E+00  2.9241895333E+00 -1.1536099154E+00  3.6091322870E-01 -5.0693111554E+00
  3.7703013323E+00  2.9401537576E+00 -1.1711862071E+00  3.6652317621E-01 -6.6544663567E+00
  3.7781224521E+00  2.9561170901E+00 -1.1887646627E+00  3.7295735216E-01 -8.8700340785E+00
  3.7859414298E+00  2.9720798368E+00 -1.2063446031E+00  3.7970782239E-01 -1.1689310531E+01
  3.7937587450E+00  2.9880421632E+00 -1.2239256644E+00  3.8598876892E-01 -1.4931201119E+01
  3.8015746396E+00  3.0040041608E+00 -1.2415076559E+00  3.9078566015E-01 -1.8243686124E+01
  3.8093891837E+00  3.0199658789E+00 -1.2590905014E+00  3.9298267561E-01 -2.1142012696E+01
  3.8172022246E+00  3.0359273363E+00 -1.2766742515E+00  3.9155513967E-01 -2.3110040708E+01
  3.8242315824E+00  3.0502923840E+00 -1.2925009230E+00  3.8656738970E-01 -2.3746293341E+01
</Path of -GradDelSqRho>
<Path of -GradDelSqRho>
Starting CP# =      4
Ending CP# =     21
Number of Points =     17
  3.6048628157E+00  2.6043597686E+00 -8.0308704285E-01  4.1634086348E-01 -9.8089264354E-01
  3.5970041059E+00  2.5883572309E+00 -7.8556107743E-01  4.2781570744E-01 -9.9093211147E-01
  3.5891513918E+00  2.5723545963E+00 -7.6803251329E-01  4.4034753881E-01 -1.0212674208E+00
  3.5813047430E+00  2.5563522118E+00 -7.5050100475E-01  4.5394875472E-01 -1.0722541996E+00
  3.5734640389E+00  2.5403504636E+00 -7.3296625611E-01  4.6862517010E-01 -1.1442004350E+00
  3.5656289697E+00  2.5243497838E+00 -7.1542801410E-01  4.8437530453E-01 -1.2372293121E+00
  3.5577990429E+00  2.5083506677E+00 -6.9788604940E-01  5.0118971582E-01 -1.3511126339E+00
  3.5499735920E+00  2.4923537044E+00 -6.8034012449E-01  5.1905048741E-01 -1.4850800562E+00
  3.5421517857E+00  2.4763596303E+00 -6.6278994110E-01  5.3793099621E-01 -1.6376115288E+00
  3.5343326393E+00  2.4603694188E+00 -6.4523505346E-01  5.5779610449E-01 -1.8062224711E+00
  3.5265150315E+00  2.4443844360E+00 -6.2767471952E-01  5.7860293223E-01 -1.9872525855E+00
  3.5186977377E+00  2.4284067242E+00 -6.1010763003E-01  6.0030237554E-01 -2.1756687448E+00
  3.5108795030E+00  2.4124395547E+00 -5.9253137677E-01  6.2284154093E-01 -2.3648880470E+00
  3.5030592133E+00  2.3964886259E+00 -5.7494129772E-01  6.4616726879E-01 -2.5466151856E+00
  3.4952363311E+00  2.3805650886E+00 -5.5732757352E-01  6.7023092190E-01 -2.7106619244E+00
  3.4874122124E+00  2.3646952718E+00 -5.3966600031E-01  6.9499458236E-01 -2.8446644997E+00
  3.4720881546E+00  2.3409733027E+00 -5.0301840699E-01  7.4199552870E-01 -2.9597922033E+00
</Path of -GradDelSqRho>
<Path of -GradDelSqRho>
Starting CP# =      5
Ending CP# =     16
Number of Points =     41
  3.3688527998E+00  1.7834703755E+00 -7.5396873578E-02  2.2515499797E+01  1.2342147057E+03
  3.3874268003E+00  1.7710415398E+00 -8.6600904038E-02  1.5606318056E+01  1.1524132044E+03
  3.4059827942E+00  1.7585907787E+00 -9.7810436963E-02  1.0921424470E+01  9.8256104623E+02
  3.4245343193E+00  1.7461345538E+00 -1.0902129642E-01  7.7544089708E+00  7.7429511936E+02
  3.4430751823E+00  1.7336653451E+00 -1.2023535821E-01  5.6215526317E+00  5.7354443176E+02
  3.4615947806E+00  1.7211703115E+00 -1.3145580652E-01  4.1860237009E+00  4.0921112518E+02
  3.4800815373E+00  1.7086355123E+00 -1.4268604767E-01  3.2172694033E+00  2.8645600942E+02
  3.4985237743E+00  1.6960470198E+00 -1.5392941112E-01  2.5604787492E+00  1.9812423447E+02
  3.5169106132E+00  1.6833920472E+00 -1.6518885417E-01  2.1123332920E+00  1.3501224019E+02
  3.5352314461E+00  1.6706583414E+00 -1.7646709653E-01  1.8035341626E+00  8.9923147799E+01
  3.5534732985E+00  1.6578311074E+00 -1.8776733252E-01  1.5872778559E+00  5.7964816496E+01
  3.5716169839E+00  1.6448886689E+00 -1.9909418038E-01  1.4319271495E+00  3.5758835524E+01
  3.5896325065E+00  1.6317975810E+00 -2.1045463818E-01  1.3162675755E+00  2.0773652836E+01
  3.6074725752E+00  1.6185062184E+00 -2.2185916818E-01  1.2262901552E+00  1.1004060440E+01
  3.6250614383E+00  1.6049345166E+00 -2.3332318034E-01  1.1529228727E+00  4.8649667145E+00
  3.6422731917E+00  1.5909556956E+00 -2.4486914085E-01  1.0904184646E+00  1.1520283201E+00
  3.6588844525E+00  1.5763607721E+00 -2.5652915509E-01  1.0352426182E+00 -1.0022957913E+00
  3.6744524360E+00  1.5607811902E+00 -2.6834519084E-01  9.8538999064E-01 -2.1901992418E+00
  3.6879152931E+00  1.5434995204E+00 -2.8034026662E-01  9.4025785523E-01 -2.7977809053E+00
  3.6958997820E+00  1.5231625960E+00 -2.9215841441E-01  9.0251266768E-01 -3.0741290886E+00
  3.6902473737E+00  1.5009756185E+00 -3.0086547030E-01  8.8472168522E-01 -3.2039300360E+00
  3.6740985316E+00  1.4824166099E+00 -3.0485747938E-01  8.8637981623E-01 -3.3068074555E+00
  3.6553059076E+00  1.4660918058E+00 -3.0709336881E-01  8.9312406067E-01 -3.4064614929E+00
  3.6356579838E+00  1.4507199992E+00 -3.0869801054E-01  9.0058330186E-01 -3.5037435219E+00
  3.6154799805E+00  1.4360118071E+00 -3.0990422715E-01  9.0786459493E-01 -3.5981816360E+00
  3.5948476097E+00  1.4219220755E+00 -3.1075702918E-01  9.1476920234E-01 -3.6892425568E+00
  3.5737926362E+00  1.4084545773E+00 -3.1126498546E-01  9.2123367033E-01 -3.7764057208E+00
  3.5523395733E+00  1.3956217070E+00 -3.1142976681E-01  9.2722175335E-01 -3.8591767894E+00
  3.5305119721E+00  1.3834369774E+00 -3.1125143126E-01  9.3270516432E-01 -3.9370956972E+00
  3.5083334774E+00  1.3719137325E+00 -3.1072923900E-01  9.3766064752E-01 -4.0097435186E+00
  3.4858280688E+00  1.3610648961E+00 -3.0986170789E-01  9.4206971237E-01 -4.0767485711E+00
  3.4630201922E+00  1.3509028546E+00 -3.0864653153E-01  9.4591870082E-01 -4.1377916974E+00
  3.4399348782E+00  1.3414393321E+00 -3.0708044459E-01  9.4919884175E-01 -4.1926106242E+00
  3.4165978638E+00  1.3326852404E+00 -3.0515903630E-01  9.5190625096E-01 -4.2410033142E+00
  3.3930357208E+00  1.3246504962E+00 -3.0287650082E-01  9.5404187611E-01 -4.2828302612E+00
  3.3692759961E+00  1.3173438031E+00 -3.0022530957E-01  9.5561138978E-01 -4.3180157057E+00
  3.3453473738E+00  1.3107723883E+00 -2.9719578897E-01  9.5662503454E-01 -4.3465477823E+00
  3.3212798672E+00  1.3049416888E+00 -2.9377558747E-01  9.5709742352E-01 -4.3684776335E+00
  3.2971050521E+00  1.2998549820E+00 -2.8994902554E-01  9.5704730035E-01 -4.3839175478E+00
  3.2728563457E+00  1.2955129806E+00 -2.8569637245E-01  9.5649726183E-01 -4.3930381924E+00
  3.2482857925E+00  1.2918759389E+00 -2.8093578697E-01  9.5545881716E-01 -4.3960654110E+00
</Path of -GradDelSqRho>
<Path of -GradDelSqRho>
Starting CP# =      5
Ending CP# =      1
Number of Points =      7
  3.3688527998E+00  1.7834703755E+00 -7.5396873578E-02  2.2515499797E+01  1.2342147057E+03
  3.3502383545E+00  1.7958498613E+00 -6.4205344522E-02  3.2738987664E+01  9.8369305874E+02
  3.3315894927E+00  1.8081871913E+00 -5.3024551822E-02  4.7971604968E+01 -7.8856629772E+02
  3.3129254611E+00  1.8205058856E+00 -4.1848520346E-02  7.0597214800E+01 -6.3709796384E+03
  3.2942505066E+00  1.8328111394E+00 -3.0675931910E-02  1.0417574860E+02 -2.0571360878E+04
  3.2755574251E+00  1.8450940603E+00 -1.9509082626E-02  1.5455109226E+02 -7.5105474836E+04
  3.2430045447E+00  1.8664290363E+00 -8.9302830670E-05  2.9730327475E+02 -3.3294072642E+06
</Path of -GradDelSqRho>
<Path of -GradDelSqRho>
Starting CP# =      6
Ending CP# =     18
Number of Points =     41
  3.2348825669E+00  2.0169956356E+00  7.5105493433E-02  2.2515879781E+01  1.2342628193E+03
  3.2335241170E+00  2.0393113223E+00  8.6293187118E-02  1.5606541816E+01  1.1524549736E+03
  3.2321376365E+00  2.0616225053E+00  9.7486434089E-02  1.0921554962E+01  9.8259541392E+02
  3.2307441797E+00  2.0839325818E+00  1.0868102018E-01  7.7544854293E+00  7.7432259698E+02
  3.2293341280E+00  2.1062399927E+00  1.1987883789E-01  5.6216001885E+00  5.7356485778E+02
  3.2278910397E+00  2.1285420518E+00  1.3108310054E-01  4.1860580904E+00  4.0922518828E+02
  3.2263970318E+00  2.1508357854E+00  1.4229724617E-01  3.2172999289E+00  2.8646505290E+02
  3.2248341816E+00  2.1731181256E+00  1.5352463605E-01  2.5605104722E+00  1.9812962097E+02
  3.2231859556E+00  2.1953861200E+00  1.6476825685E-01  2.1123685924E+00  1.3501505528E+02
  3.2214364184E+00  2.2176367806E+00  1.7603085660E-01  1.8035737794E+00  8.9924188504E+01
  3.2195662449E+00  2.2398663558E+00  1.8731566399E-01  1.5873215583E+00  5.7964667981E+01
  3.2175470325E+00  2.2620691958E+00  1.9862734781E-01  1.4319741748E+00  3.5757935813E+01
  3.2153347596E+00  2.2842362437E+00  2.0997298459E-01  1.3163169221E+00  2.0772328390E+01
  3.2128609750E+00  2.3063526626E+00  2.2136315882E-01  1.2263407797E+00  1.1002545391E+01
  3.2100183021E+00  2.3283933582E+00  2.3281347289E-01  1.1529738250E+00  4.8634182040E+00
  3.2066337032E+00  2.3503134425E+00  2.4434670470E-01  1.0904689889E+00  1.1505425046E+00
  3.2024139326E+00  2.3720252105E+00  2.5599549143E-01  1.0352922692E+00 -1.0036678661E+00
  3.1968171335E+00  2.3933317172E+00  2.6780279032E-01  9.8543889948E-01 -2.1914384135E+00
  3.1886874616E+00  2.4136764960E+00  2.7979372424E-01  9.4030777404E-01 -2.7988928546E+00
  3.1751533380E+00  2.4308236593E+00  2.9161728755E-01  9.0257258708E-01 -3.0751549412E+00
  3.1531471992E+00  2.4371135997E+00  3.0034693666E-01  8.8480845420E-01 -3.2049685454E+00
  3.1289856817E+00  2.4325139193E+00  3.0437578064E-01  8.8647992799E-01 -3.3079030497E+00
  3.1054192553E+00  2.4245073712E+00  3.0665182245E-01  8.9323074776E-01 -3.4076144541E+00
  3.0822439089E+00  2.4152821255E+00  3.0829694588E-01  9.0069534327E-01 -3.5049507800E+00
  3.0593739855E+00  2.4052646181E+00  3.0954347990E-01  9.0798160250E-01 -3.5994394313E+00
  3.0368087108E+00  2.3945429690E+00  3.1043631782E-01  9.1489087228E-01 -3.6905465468E+00
  3.0145673596E+00  2.3831427137E+00  3.1098397078E-01  9.2135967761E-01 -3.7777510165E+00
  2.9926729886E+00  2.3710787801E+00  3.1118806439E-01  9.2735173981E-01 -3.8605580002E+00
  2.9711491345E+00  2.3583646983E+00  3.1104861767E-01  9.3283873993E-01 -3.9385069863E+00
  2.9500192356E+00  2.3450141609E+00  3.1056485745E-01  9.3779739362E-01 -4.0111786683E+00
