 AIMInt (Version 19.02.13, Professional)
 Portions Copyright (c) 1997-2019 by Todd A. Keith
 AIMInt is a component of the AIMAll package ( http://aim.tkgristmill.com )

 TP:  64-bit Linux

 Licensed To:  Research Group of Fernando Cortes Guzman, UNAM, fercor@unam.mx

 AIMInt is a heavily modified and extended version of the PROAIMV program
 developed by members of R.F.W. Bader's research group

 Much of the Quantum Theory of Atoms in Molecules (QTAIM) is described in the book:
   "Atoms in Molecules - A Quantum Theory"
   R.F.W. Bader, Oxford University Press, Oxford, 1990

 For additional references see:  http://aim.tkgristmill.com/references.html

 Current Directory:  /home/scratch/M_H2O_4_cuadrado_plano/Opt

 Inp File:  Ti2_cuadrado_plano_cc-pvtz-def2-tzv_1_atomicfiles/o4.inp
 Wfx File:  Ti2_cuadrado_plano_cc-pvtz-def2-tzv_1.wfx
 Out File:  Ti2_cuadrado_plano_cc-pvtz-def2-tzv_1_atomicfiles/o4.int

 Wfx Title:   Ti2_cuadrado_plano_cc-pvtz-def2-tzv_1                                         
 Job Title:   Ti2_cuadrado_plano_cc-pvtz-def2-tzv_1                                         
 
<Atom>
O4      
</Atom>
<Nuclei of Molecule>
    13
Ti1       22.0           8.4378387438E-05   2.1694430644E-05  -8.9302361149E-05
O2         8.0           3.2430042257E+00   1.8664288534E+00  -8.9302361149E-05
H3         1.0           4.5665835292E+00   1.7723697378E+00   1.2966959122E+00
O4         8.0          -1.8663227806E+00   3.2429415417E+00  -8.9302361149E-05
H5         1.0          -3.0678132710E+00   3.8224922267E+00  -1.2896107310E+00
O6         8.0          -3.2428354689E+00  -1.8663854646E+00  -8.9302361149E-05
H7         1.0          -3.8294682730E+00  -3.0541543570E+00  -1.2992507720E+00
O8         8.0           1.8664915374E+00  -3.2428981529E+00  -8.9302361149E-05
H9         1.0           3.0694198631E+00  -3.8216928139E+00  -1.2885983291E+00
H10        1.0          -1.7667179437E+00   4.5680530965E+00   1.2947897077E+00
H11        1.0           3.8269943219E+00   3.0559646187E+00  -1.2987715752E+00
H12        1.0           1.7611501181E+00  -4.5711617000E+00   1.2910326109E+00
H13        1.0          -4.5647047776E+00  -1.7730423081E+00   1.2985355039E+00
</Nuclei of Molecule>
<Total Number of CPs of DelSqRho>
    35
</Total Number of CPs of DelSqRho>
<Number of (3,+3) CPs of DelSqRho>
     5
</Number of (3,+3) CPs of DelSqRho>
<Number of (3,+1) CPs of DelSqRho>
    14
</Number of (3,+1) CPs of DelSqRho>
<Number of (3,-1) CPs of DelSqRho>
    10
</Number of (3,-1) CPs of DelSqRho>
<Number of (3,-3) CPs of DelSqRho>
     6
</Number of (3,-3) CPs of DelSqRho>
<Number of Degenerate CPs of DelSqRho>
     0
</Number of Degenerate CPs of DelSqRho>
<CP of DelSqRho>
CP# = 1       
Type = (3,+3)
Coords = -1.86632296531353E+00  3.24294185993556E+00 -8.93010499281868E-05
DistFromNuc =  3.6795128638E-07
Rho =  2.9730354098E+02
DelSqRho = -3.3294100640E+06
GradDelSqRho = -1.3854113377E-05 -1.1918307791E-05  3.6561687011E-10
HessDelSqRho_EigVals =  1.3240304162E+11  1.3240305873E+11  1.3240306799E+11
HessDelSqRho_EigVec1 =  7.4801987551E-01  4.3316862113E-01 -5.0282324082E-01
HessDelSqRho_EigVec2 = -4.9986554155E-01  8.6609940753E-01  2.5013282092E-03
HessDelSqRho_EigVec3 =  4.3657840786E-01  2.4947296836E-01  8.6438563839E-01
</CP of DelSqRho>
<CP of DelSqRho>
CP# = 2       
Type = (3,-1)
Coords = -1.06160919618089E+00  1.84644948395241E+00  1.08837393997710E-04
DistFromNuc =  1.6117549626E+00
Rho =  1.1630817509E-01
DelSqRho =  3.2135623486E-01
GradDelSqRho = -1.8041124150E-16  1.4432899320E-15 -6.5702651653E-17
HessDelSqRho_EigVals = -3.7447399424E-01 -1.4912366462E-01  3.5407008335E+00
HessDelSqRho_EigVec1 = -7.7288547310E-01 -4.4483475856E-01  4.5251528487E-01
HessDelSqRho_EigVec2 =  3.9221860490E-01  2.2568706386E-01  8.9175664572E-01
HessDelSqRho_EigVec3 = -4.9881119819E-01  8.6671067074E-01  4.2215289252E-05
</CP of DelSqRho>
<CP of DelSqRho>
CP# = 3       
Type = (3,+1)
Coords = -2.61166790641179E+00  3.60200997277964E+00 -7.97437632332543E-01
DistFromNuc =  1.1490142967E+00
Rho =  4.1639033647E-01
DelSqRho = -9.8131999548E-01
GradDelSqRho = -6.6280314570E-14  6.0840221749E-14 -1.4538370507E-13
HessDelSqRho_EigVals = -3.1987788192E+01  1.5084078306E+01  1.5916005704E+01
HessDelSqRho_EigVec1 =  6.4658783908E-01 -3.1211085874E-01  6.9606822813E-01
HessDelSqRho_EigVec2 = -7.4734483304E-01 -4.4214892442E-01  4.9596373775E-01
HessDelSqRho_EigVec3 = -1.5297015030E-01  8.4088711519E-01  5.1914255520E-01
</CP of DelSqRho>
<CP of DelSqRho>
CP# = 4       
Type = (3,+1)
Coords = -1.80414840235027E+00  4.06473614331441E+00  8.00565089440780E-01
DistFromNuc =  1.1490254460E+00
Rho =  4.1635468249E-01
DelSqRho = -9.8094827213E-01
GradDelSqRho = -5.7787108432E-14  3.1896707497E-13  5.0048853950E-13
HessDelSqRho_EigVals = -3.1979503219E+01  1.5079578889E+01  1.5911031761E+01
HessDelSqRho_EigVec1 =  5.3398251680E-02  7.1317919019E-01  6.9894496879E-01
HessDelSqRho_EigVec2 = -7.5453834116E-01 -4.2965624426E-01  4.9605181533E-01
HessDelSqRho_EigVec3 =  6.5407990218E-01 -5.5386907700E-01  5.1517815085E-01
</CP of DelSqRho>
<CP of DelSqRho>
CP# = 5       
Type = (3,+1)
Coords = -2.01627171793324E+00  3.23439422143107E+00  7.62905397442488E-02
DistFromNuc =  1.6849813285E-01
Rho =  2.2515265680E+01
DelSqRho =  1.2341820331E+03
GradDelSqRho =  1.3017142919E-11  8.8107299234E-13 -1.5091927708E-11
HessDelSqRho_EigVals = -4.0957727538E+05  1.7884207955E+03  3.3413977060E+03
HessDelSqRho_EigVec1 =  8.8910528093E-01  5.5711704532E-02 -4.5429946666E-01
HessDelSqRho_EigVec2 = -1.6056970234E-01  9.6744733552E-01 -1.9560936503E-01
HessDelSqRho_EigVec3 =  4.2861307740E-01  2.4686404958E-01  8.6910814684E-01
</CP of DelSqRho>
<CP of DelSqRho>
CP# = 6       
Type = (3,+1)
Coords = -1.78432958816290E+00  3.36898048918453E+00 -7.61259759113081E-02
DistFromNuc =  1.6849414117E-01
Rho =  2.2516091610E+01
DelSqRho =  1.2342826964E+03
GradDelSqRho =  3.8937741920E-12 -6.4748206796E-13 -4.9453774409E-12
HessDelSqRho_EigVals = -4.0967047112E+05  1.7829735410E+03  3.3372941098E+03
HessDelSqRho_EigVec1 =  4.9054381005E-01  7.4484337107E-01 -4.5229981539E-01
HessDelSqRho_EigVec2 =  7.5806833774E-01 -6.2073428800E-01 -2.0005334043E-01
HessDelSqRho_EigVec3 =  4.2976640835E-01  2.4473924138E-01  8.6913953884E-01
</CP of DelSqRho>
<CP of DelSqRho>
CP# = 7       
Type = (3,-3)
Coords = -1.86162381849789E+00  3.11422716654843E+00 -1.06509854464419E-01
DistFromNuc =  1.6707724120E-01
Rho =  2.2686376449E+01
DelSqRho =  1.2967427147E+03
GradDelSqRho = -1.5916157281E-12  8.2991391537E-12  3.2400748751E-12
HessDelSqRho_EigVals = -4.4875175265E+05 -3.5559046753E+03 -8.0692064507E+02
HessDelSqRho_EigVec1 = -3.0771445627E-02  7.7223753779E-01  6.3458829437E-01
HessDelSqRho_EigVec2 = -7.5204522198E-01 -4.3609205218E-01  4.9421827781E-01
HessDelSqRho_EigVec3 =  6.5839281757E-01 -4.6203128385E-01  5.9417673340E-01
</CP of DelSqRho>
<CP of DelSqRho>
CP# = 8       
Type = (3,-1)
Coords = -1.95067536088514E+00  3.38936440699428E+00  1.63934783586878E-04
DistFromNuc =  1.6898247663E-01
Rho =  2.2310061152E+01
DelSqRho =  1.2449701887E+03
GradDelSqRho = -5.1016968428E-12  1.9326762413E-12 -2.6645352591E-14
HessDelSqRho_EigVals = -4.0213983285E+05 -1.2561528923E+03  1.9718153469E+03
HessDelSqRho_EigVec1 = -4.9916344724E-01  8.6650657302E-01  1.4872312546E-03
HessDelSqRho_EigVec2 =  7.5315734232E-01  4.3471443826E-01 -4.9373816429E-01
HessDelSqRho_EigVec3 =  4.2847388561E-01  2.4533592498E-01  8.6960934520E-01
</CP of DelSqRho>
<CP of DelSqRho>
CP# = 9       
Type = (3,-3)
Coords = -1.75676454038966E+00  3.17425482444778E+00  1.05712345264851E-01
DistFromNuc =  1.6707741250E-01
Rho =  2.2686362411E+01
DelSqRho =  1.2967349933E+03
GradDelSqRho = -8.5265128291E-13 -8.5123019744E-12 -3.1263880373E-12
HessDelSqRho_EigVals = -4.4874691866E+05 -3.5554440611E+03 -8.0597948994E+02
HessDelSqRho_EigVec1 =  6.5602390422E-01 -4.1430608959E-01  6.3085901850E-01
HessDelSqRho_EigVec2 = -7.5145257206E-01 -4.3647985989E-01  4.9477708501E-01
HessDelSqRho_EigVec3 = -7.0368096692E-02  7.9864622709E-01  5.9767259844E-01
</CP of DelSqRho>
<CP of DelSqRho>
CP# = 10      
Type = (3,-1)
Coords = -1.45952934858508E+00  3.20785498389037E+00  5.89348213968863E-01
DistFromNuc =  7.1704152497E-01
Rho =  6.7162713583E-01
DelSqRho = -9.9689286554E-01
GradDelSqRho = -2.2026824809E-13  9.0150109600E-14 -1.1288747714E-12
HessDelSqRho_EigVals = -1.6303309568E+01 -1.1558598568E+01  1.4316303921E+02
HessDelSqRho_EigVec1 = -2.8332141370E-01  9.1318323019E-01  2.9295966384E-01
HessDelSqRho_EigVec2 =  7.6479244082E-01  3.9945237195E-01 -5.0550007419E-01
HessDelSqRho_EigVec3 =  5.7863762322E-01 -8.0834340727E-02  8.1156904226E-01
</CP of DelSqRho>
<CP of DelSqRho>
CP# = 11      
Type = (3,-1)
Coords = -2.22748124149880E+00  3.86751824118290E+00  1.59114950903446E-03
DistFromNuc =  7.2148063822E-01
Rho =  6.7722793534E-01
DelSqRho = -1.1165858159E+00
GradDelSqRho =  1.0214051827E-14  1.0214051827E-14 -2.6645352591E-15
HessDelSqRho_EigVals = -1.8056062999E+01 -5.1220724719E+00  1.3701869497E+02
HessDelSqRho_EigVec1 =  4.4713070010E-01  2.5625167419E-01  8.5697678878E-01
HessDelSqRho_EigVec2 =  7.4128953781E-01  4.3000509535E-01 -5.1534982207E-01
HessDelSqRho_EigVec3 = -5.0056364047E-01  8.6569665440E-01  2.3117942037E-03
</CP of DelSqRho>
<CP of DelSqRho>
CP# = 12      
Type = (3,-1)
Coords = -2.04033460352589E+00  2.87496033514692E+00 -5.90370735477875E-01
DistFromNuc =  7.1702332820E-01
Rho =  6.7163435172E-01
DelSqRho = -9.9684325294E-01
GradDelSqRho =  5.8425486671E-15  6.2172489379E-15 -1.5987211555E-14
HessDelSqRho_EigVals = -1.6300691079E+01 -1.1559531079E+01  1.4317666449E+02
HessDelSqRho_EigVec1 =  6.5021823911E-01 -7.0251902935E-01  2.8928058169E-01
HessDelSqRho_EigVec2 =  7.2701480719E-01  4.6477799963E-01 -5.0540170280E-01
HessDelSqRho_EigVec3 =  2.2060306359E-01  5.3893267155E-01  8.1294886916E-01
</CP of DelSqRho>
<CP of DelSqRho>
CP# = 13      
Type = (3,+3)
Coords = -1.82317914820339E+00  3.76956348989434E+00  5.01342982121603E-01
DistFromNuc =  7.2844106505E-01
Rho =  7.4196768087E-01
DelSqRho = -2.9595458101E+00
GradDelSqRho = -3.9968028887E-15  1.7763568394E-15  1.5543122345E-15
HessDelSqRho_EigVals =  1.1155714880E+01  2.2181759332E+01  1.3398022146E+02
HessDelSqRho_EigVec1 =  7.5219359272E-01  4.1541171970E-01 -5.1150552511E-01
HessDelSqRho_EigVec2 =  6.5600197022E-01 -5.4533207199E-01  5.2179914366E-01
HessDelSqRho_EigVec3 =  6.2178888239E-02  7.2804260479E-01  6.8270619703E-01
</CP of DelSqRho>
<CP of DelSqRho>
CP# = 14      
Type = (3,+1)
Coords = -1.51070794692069E+00  3.80583981215858E+00  1.94552956133047E-01
DistFromNuc =  6.9368723615E-01
Rho =  7.7601609446E-01
DelSqRho = -2.5034962183E+00
GradDelSqRho = -7.5495165675E-15  8.8817841970E-15 -2.1760371283E-14
HessDelSqRho_EigVals = -1.2372012772E+01  1.2933700736E+01  1.8217079630E+02
HessDelSqRho_EigVec1 = -5.7453149331E-01  2.1703508338E-01  7.8918270114E-01
HessDelSqRho_EigVec2 =  5.8821920875E-01 -5.6097142174E-01  5.8250255489E-01
HessDelSqRho_EigVec3 =  5.6913243244E-01  7.9887848674E-01  1.9463154361E-01
</CP of DelSqRho>
<CP of DelSqRho>
CP# = 15      
Type = (3,+1)
Coords = -2.13441161942668E+00  3.44489875773922E+00  6.07948010312683E-01
DistFromNuc =  6.9452697299E-01
Rho =  7.7091832240E-01
DelSqRho = -2.4290219097E+00
GradDelSqRho = -1.5099033135E-14 -6.2172489379E-15 -2.1316282073E-14
HessDelSqRho_EigVals = -1.2995917316E+01  1.2263979063E+01  1.8036803583E+02
HessDelSqRho_EigVec1 =  5.2284870543E-01  8.4999251607E-01  6.4358013241E-02
HessDelSqRho_EigVec2 =  7.2492373768E-01 -4.8309461371E-01  4.9102461114E-01
HessDelSqRho_EigVec3 = -4.4845825422E-01  2.1007693076E-01  8.6876514513E-01
</CP of DelSqRho>
<CP of DelSqRho>
CP# = 16      
Type = (3,+3)
Coords = -1.29407971618186E+00  3.25024422956130E+00 -2.85367641711725E-01
DistFromNuc =  6.3945225383E-01
Rho =  9.5572155285E-01
DelSqRho = -4.3981522354E+00
GradDelSqRho =  3.5527136788E-15  5.3290705182E-15  8.8817841970E-15
HessDelSqRho_EigVals =  9.3305326073E+00  2.3734876764E+01  3.3100494248E+02
HessDelSqRho_EigVec1 = -1.3401017973E-01  9.7116574671E-01 -1.9717597255E-01
HessDelSqRho_EigVec2 =  4.3130839006E-01  2.3629637050E-01  8.7071068556E-01
HessDelSqRho_EigVec3 =  8.9219635977E-01  3.1640444186E-02 -4.5053805377E-01
</CP of DelSqRho>
<CP of DelSqRho>
CP# = 17      
Type = (3,+3)
Coords = -2.15699192650717E+00  2.74908056438845E+00  2.83885597456052E-01
DistFromNuc =  6.3955372021E-01
Rho =  9.5544140011E-01
DelSqRho = -4.3962230444E+00
GradDelSqRho = -1.1546319456E-14 -2.1316282073E-14  1.9539925233E-14
HessDelSqRho_EigVals =  9.3156732813E+00  2.3734606067E+01  3.3054560657E+02
HessDelSqRho_EigVec1 =  7.7493117493E-01 -5.9906859327E-01 -2.0149068136E-01
HessDelSqRho_EigVec2 =  4.2177173191E-01  2.5271133170E-01  8.7077298361E-01
HessDelSqRho_EigVec3 =  4.7073376794E-01  7.5977220493E-01 -4.4850408731E-01
</CP of DelSqRho>
<CP of DelSqRho>
CP# = 18      
Type = (3,+1)
Coords = -2.53212691408619E+00  3.21597460374581E+00 -1.92864367814790E-01
DistFromNuc =  6.9367469737E-01
Rho =  7.7602418458E-01
DelSqRho = -2.5027972976E+00
GradDelSqRho = -3.1548097468E-12 -1.7306156508E-12  8.9839247153E-13
HessDelSqRho_EigVals = -1.2377321272E+01  1.2923358765E+01  1.8216496022E+02
HessDelSqRho_EigVec1 = -9.5965608988E-02 -6.0934562516E-01  7.8707592454E-01
HessDelSqRho_EigVec2 = -1.9138073193E-01  7.8726763191E-01  5.8615961239E-01
HessDelSqRho_EigVec3 =  9.7681319470E-01  9.4380002356E-02  1.9216762948E-01
</CP of DelSqRho>
<CP of DelSqRho>
CP# = 19      
Type = (3,+1)
Coords = -1.90936682149516E+00  3.57833442084361E+00 -6.06709337910092E-01
DistFromNuc =  6.9449912913E-01
Rho =  7.7101691507E-01
DelSqRho = -2.4305066712E+00
GradDelSqRho = -6.6613381478E-15 -1.7763568394E-15  1.1546319456E-14
HessDelSqRho_EigVals = -1.2995242670E+01  1.2277246760E+01  1.8044093213E+02
HessDelSqRho_EigVec1 =  9.9765503547E-01  2.9245819730E-02  6.1879820905E-02
HessDelSqRho_EigVec2 = -5.6095598764E-02  8.6739497809E-01  4.9444841570E-01
HessDelSqRho_EigVec3 = -3.9213696667E-02 -4.9676013730E-01  8.6700152940E-01
</CP of DelSqRho>
<CP of DelSqRho>
CP# = 20      
Type = (3,+1)
Coords = -1.53462215766242E+00  2.66940663050997E+00 -1.51460287932879E-03
DistFromNuc =  6.6254783156E-01
Rho =  8.7728961790E-01
DelSqRho = -3.6415962481E+00
GradDelSqRho =  1.2878587086E-14 -2.5757174171E-14 -3.3861802251E-15
HessDelSqRho_EigVals = -6.1252953406E+00  2.0449166221E+01  2.5814470724E+02
HessDelSqRho_EigVec1 =  7.4992000163E-01  4.3505555715E-01 -4.9834391071E-01
HessDelSqRho_EigVec2 =  4.3234462917E-01  2.4785021783E-01  8.6697658051E-01
HessDelSqRho_EigVec3 = -5.0069762609E-01  8.6561939195E-01  2.2260977692E-03
</CP of DelSqRho>
<CP of DelSqRho>
CP# = 21      
Type = (3,+3)
Coords = -2.34544643562569E+00  3.47017855564434E+00 -4.99504311818698E-01
DistFromNuc =  7.2843084022E-01
Rho =  7.4201978426E-01
DelSqRho = -2.9602379182E+00
GradDelSqRho =  7.9936057773E-15 -1.7763568394E-14  2.1871393585E-14
HessDelSqRho_EigVals =  1.1160422047E+01  2.2186599629E+01  1.3399368052E+02
HessDelSqRho_EigVec1 =  7.3418678551E-01  4.4642361421E-01 -5.1154249155E-01
HessDelSqRho_EigVec2 = -1.4400087514E-01  8.3868063479E-01  5.2524141192E-01
HessDelSqRho_EigVec3 =  6.6350095097E-01 -3.1196273738E-01  6.8003363045E-01
</CP of DelSqRho>
<CP of DelSqRho>
CP# = 22      
Type = (3,-3)
Coords = -1.19808495917341E+00  3.14644138784347E+00  9.19006624037729E-01
DistFromNuc =  1.1404347362E+00
Rho =  2.4764820181E-01
DelSqRho =  8.4352398456E-01
GradDelSqRho = -1.8318679906E-15  1.4710455076E-15 -1.9428902931E-15
HessDelSqRho_EigVals = -1.7694483626E+01 -1.9035852395E+00 -5.1802144883E-01
HessDelSqRho_EigVec1 =  5.9481426204E-01 -1.1612922073E-01  7.9543069954E-01
HessDelSqRho_EigVec2 =  2.8088890702E-01 -8.9711039155E-01 -3.4101959955E-01
HessDelSqRho_EigVec3 =  7.5319148666E-01  4.2627098125E-01 -5.0099464564E-01
</CP of DelSqRho>
<CP of DelSqRho>
CP# = 23      
Type = (3,-3)
Coords = -2.13258283161362E+00  4.36063537361034E+00 -1.90617997700342E-01
DistFromNuc =  1.1646609379E+00
Rho =  2.4941589999E-01
DelSqRho =  8.4713361646E-01
GradDelSqRho =  6.0713933880E-13 -6.5759619972E-12  1.5879242365E-12
HessDelSqRho_EigVals = -1.7297936249E+01 -2.9983572380E+00 -1.3151939646E-01
HessDelSqRho_EigVec1 = -2.2733992004E-01  9.5979212038E-01 -1.6466829204E-01
HessDelSqRho_EigVec2 =  4.4106470593E-01  2.5224235678E-01  8.6129885558E-01
HessDelSqRho_EigVec3 =  8.6820417296E-01  1.2317824115E-01 -4.8067518655E-01
</CP of DelSqRho>
<CP of DelSqRho>
CP# = 24      
Type = (3,+1)
Coords = -1.25520063971106E+00  2.16890019454740E+00  2.76840554081048E-03
DistFromNuc =  1.2357359156E+00
Rho =  2.4451585889E-01
DelSqRho =  4.7298576422E-01
GradDelSqRho = -6.5281113848E-14  1.3422596368E-13 -6.6188374226E-15
HessDelSqRho_EigVals = -1.1163008104E+01  7.1072330182E-02  7.1219766906E-01
HessDelSqRho_EigVec1 = -4.9443189559E-01  8.6921306133E-01 -2.3988821033E-03
HessDelSqRho_EigVec2 =  7.5534496694E-01  4.2829175588E-01 -4.9600418624E-01
HessDelSqRho_EigVec3 =  4.3010589572E-01  2.4705227355E-01  8.6831681580E-01
</CP of DelSqRho>
<CP of DelSqRho>
CP# = 25      
Type = (3,-1)
Coords = -2.34212838910125E+00  3.12761921896757E+00  1.08235030533687E+00
DistFromNuc =  1.1880091412E+00
Rho =  2.4437796744E-01
DelSqRho =  7.2209934825E-01
GradDelSqRho = -2.1233015346E-15 -1.5959455979E-16  9.1593399532E-16
HessDelSqRho_EigVals = -1.7165198625E+01 -1.3091702347E+00  2.8391784017E-01
HessDelSqRho_EigVec1 = -3.9800470765E-01 -1.1894702051E-01  9.0963941153E-01
HessDelSqRho_EigVec2 =  2.5537196183E-01  9.3800097446E-01  2.3439140989E-01
HessDelSqRho_EigVec3 = -8.8112281426E-01  3.2558528565E-01 -3.4295306963E-01
</CP of DelSqRho>
<CP of DelSqRho>
CP# = 26      
Type = (3,-1)
Coords = -9.20530791994659E-01  3.95630129299531E+00  1.16058372341797E-01
DistFromNuc =  1.1903339459E+00
Rho =  2.4430410279E-01
DelSqRho =  7.1701158859E-01
GradDelSqRho = -3.6082248300E-16  3.2751579226E-15 -9.9226182826E-16
HessDelSqRho_EigVals = -1.7088099660E+01 -1.2413167572E+00  2.9050817840E-01
HessDelSqRho_EigVec1 =  8.0671867523E-01  5.8443763613E-01  8.7393526726E-02
HessDelSqRho_EigVec2 = -4.5774447101E-01  5.2448906842E-01  7.1790056162E-01
HessDelSqRho_EigVec3 =  3.7373115779E-01 -6.1914769367E-01  6.9063822303E-01
</CP of DelSqRho>
<CP of DelSqRho>
CP# = 27      
Type = (3,-3)
Coords = -2.11786979180389E+00  2.61925912080433E+00 -9.21093959885745E-01
DistFromNuc =  1.1403969661E+00
Rho =  2.4763519785E-01
DelSqRho =  8.4362856956E-01
GradDelSqRho =  2.3175905639E-15  1.5820678101E-15  1.9428902931E-15
HessDelSqRho_EigVals = -1.7698598208E+01 -1.9021262408E+00 -5.1780856133E-01
HessDelSqRho_EigVec1 =  1.9766835755E-01  5.7036435630E-01  7.9725260833E-01
HessDelSqRho_EigVec2 = -6.3834622131E-01  6.9211721327E-01 -3.3687959991E-01
HessDelSqRho_EigVec3 =  7.4393636970E-01  4.4233275275E-01 -5.0089960439E-01
</CP of DelSqRho>
<CP of DelSqRho>
CP# = 28      
Type = (3,-1)
Coords = -1.53116183943014E+00  3.60255465530985E+00 -1.08157424415274E+00
DistFromNuc =  1.1879663831E+00
Rho =  2.4434217256E-01
DelSqRho =  7.2246153099E-01
GradDelSqRho =  6.6613381478E-16  7.6882944455E-15 -6.9111383283E-15
HessDelSqRho_EigVals = -1.7176740684E+01 -1.3043352814E+00  2.8261623023E-01
HessDelSqRho_EigVec1 = -2.9984525474E-01 -2.8962185041E-01  9.0896204925E-01
HessDelSqRho_EigVec2 = -9.4085811662E-01  2.4731164464E-01 -2.3156630761E-01
HessDelSqRho_EigVec3 =  1.5773023681E-01  9.2463838023E-01  3.4664829180E-01
</CP of DelSqRho>
<CP of DelSqRho>
CP# = 29      
Type = (3,-1)
Coords = -2.44989815664188E+00  4.25162174667840E+00  2.76151819160530E-03
DistFromNuc =  1.1653343308E+00
Rho =  2.5159469690E-01
DelSqRho =  8.4430112155E-01
GradDelSqRho =  1.3322676296E-15 -4.4408920985E-15 -1.6523241109E-16
HessDelSqRho_EigVals = -1.6714640172E+01 -3.9181849801E+00  7.9772669566E-02
HessDelSqRho_EigVec1 = -5.0075861096E-01  8.6558353642E-01  2.4402923953E-03
HessDelSqRho_EigVec2 =  4.3841146737E-01  2.5119753358E-01  8.6295723208E-01
HessDelSqRho_EigVec3 =  7.4634857729E-01  4.3320311702E-01 -5.0527107633E-01
</CP of DelSqRho>
<CP of DelSqRho>
CP# = 30      
Type = (3,-3)
Coords = -2.70215649091606E+00  4.02998637687463E+00  1.95881097567769E-01
DistFromNuc =  1.1646724696E+00
Rho =  2.4941407090E-01
DelSqRho =  8.4713656762E-01
GradDelSqRho =  4.4964032497E-14 -2.1982415888E-14 -1.8013368575E-14
HessDelSqRho_EigVals = -1.7299245856E+01 -2.9975734050E+00 -1.3163211991E-01
HessDelSqRho_EigVec1 =  7.1838639846E-01 -6.7471707135E-01 -1.6934537529E-01
HessDelSqRho_EigVec2 =  4.4065381679E-01  2.5300212368E-01  8.6128632821E-01
HessDelSqRho_EigVec3 = -5.3827984939E-01 -6.9335906934E-01  4.7906993718E-01
</CP of DelSqRho>
<CP of DelSqRho>
CP# = 31      
Type = (3,-1)
Coords = -2.95672449472334E+00  2.77964543384706E+00 -1.15593627066586E-01
DistFromNuc =  1.1903614706E+00
Rho =  2.4432529259E-01
DelSqRho =  7.1684120867E-01
GradDelSqRho = -1.8873791419E-15 -2.1926904736E-15 -1.1128251098E-15
HessDelSqRho_EigVals = -1.7081481462E+01 -1.2455346440E+00  2.9133188523E-01
HessDelSqRho_EigVec1 =  9.0919815850E-01  4.0719412954E-01  8.6900226976E-02
HessDelSqRho_EigVec2 = -2.2774444385E-01  6.6108686286E-01 -7.1491022377E-01
HessDelSqRho_EigVec3 = -3.4855584470E-01  6.3020401508E-01  6.9379515889E-01
</CP of DelSqRho>
<CP of DelSqRho>
CP# = 32      
Type = (3,+1)
Coords = -2.50919790539087E+00  4.22250926783485E+00  1.61467059659866E+00
DistFromNuc =  1.9950666373E+00
Rho =  7.4595244974E-02
DelSqRho =  1.8424662047E-01
GradDelSqRho = -2.0122792321E-16 -8.6736173799E-17  1.0408340856E-16
HessDelSqRho_EigVals = -1.7253797837E+00  2.1468067745E-02  5.7929818623E-01
HessDelSqRho_EigVec1 = -6.4926810997E-01  1.4596400505E-01  7.4642175116E-01
HessDelSqRho_EigVec2 =  5.2072810647E-01 -6.2999703867E-01  5.7614752485E-01
HessDelSqRho_EigVec3 =  5.5434029306E-01  7.6275699964E-01  3.3302942662E-01
</CP of DelSqRho>
<CP of DelSqRho>
CP# = 33      
Type = (3,+1)
Coords = -2.39983269174109E+00  4.29730775689939E+00 -1.60743479510135E+00
DistFromNuc =  1.9949637776E+00
Rho =  7.4602961110E-02
DelSqRho =  1.8433671245E-01
GradDelSqRho =  4.3793094151E-15 -3.2751579226E-14  6.5329686105E-14
HessDelSqRho_EigVals = -1.7277052346E+00  2.1403494812E-02  5.7916045257E-01
HessDelSqRho_EigVec1 = -1.9491563377E-01 -6.4075372036E-01  7.4259178931E-01
HessDelSqRho_EigVec2 = -2.8782444937E-01  7.6114707995E-01  5.8121614657E-01
HessDelSqRho_EigVec3 =  9.3763798028E-01  1.0044795930E-01  3.3278405222E-01
</CP of DelSqRho>
<CP of DelSqRho>
CP# = 34      
Type = (3,+1)
Coords = -1.19529589476419E+00  4.96882941916541E+00  7.55275401133872E-01
DistFromNuc =  1.9998854673E+00
Rho =  7.4201665476E-02
DelSqRho =  1.8247843277E-01
GradDelSqRho = -2.2030988145E-16 -2.1510571102E-16 -6.0715321659E-17
HessDelSqRho_EigVals = -1.6961036871E+00  2.5631197061E-02  5.8274156978E-01
HessDelSqRho_EigVec1 =  5.5285407979E-01  8.3250996895E-01 -3.5770351722E-02
HessDelSqRho_EigVec2 =  7.6248568760E-01 -4.8810426551E-01  4.2469966116E-01
HessDelSqRho_EigVec3 = -3.3610704047E-01  2.6207132159E-01  9.0462737066E-01
</CP of DelSqRho>
<CP of DelSqRho>
CP# = 35      
Type = (3,+1)
Coords = -3.69883930265059E+00  3.52396313314911E+00 -7.50111951964343E-01
DistFromNuc =  1.9999059761E+00
Rho =  7.4201889179E-02
DelSqRho =  1.8243780396E-01
GradDelSqRho =  3.4054738196E-12  5.3539464528E-13  1.2084959769E-12
HessDelSqRho_EigVals = -1.6950546380E+00  2.5735040222E-02  5.8294277877E-01
HessDelSqRho_EigVec1 =  9.9718793563E-01  6.4940122317E-02 -3.7403229111E-02
HessDelSqRho_EigVec2 = -4.2650911879E-02  9.0216942898E-01  4.2926823914E-01
HessDelSqRho_EigVec3 =  6.1620781806E-02 -4.2646582739E-01  9.0240222591E-01
</CP of DelSqRho>
<Path of -GradDelSqRho>
Starting CP# =      3
Ending CP# =     21
Number of Points =     17
 -2.6116679064E+00  3.6020099728E+00 -7.9743763233E-01  4.1639033647E-01 -9.8131999548E-01
 -2.5955030577E+00  3.5942100663E+00 -7.8003478430E-01  4.2786545721E-01 -9.9136260788E-01
 -2.5793380991E+00  3.5864162208E+00 -7.6262932296E-01  4.4039762232E-01 -1.0217069446E+00
 -2.5631733736E+00  3.5786284958E+00 -7.4522090586E-01  4.5399921821E-01 -1.0727079262E+00
 -2.5470092611E+00  3.5708467588E+00 -7.2780924219E-01  4.6867604677E-01 -1.1446726954E+00
 -2.5308461861E+00  3.5630706859E+00 -7.1039408527E-01  4.8442661261E-01 -1.2377234429E+00
 -2.5146846336E+00  3.5552997684E+00 -6.9297521444E-01  5.0124145704E-01 -1.3516308168E+00
 -2.4985251799E+00  3.5475333210E+00 -6.7555240330E-01  5.1910264609E-01 -1.4856231485E+00
 -2.4823685439E+00  3.5397704902E+00 -6.5812536781E-01  5.3798353896E-01 -1.6381788938E+00
 -2.4662156754E+00  3.5320102630E+00 -6.4069368085E-01  5.5784898066E-01 -1.8068118182E+00
 -2.4500679076E+00  3.5242514817E+00 -6.2325662543E-01  5.7865607533E-01 -1.9878598309E+00
 -2.4339272342E+00  3.5164928703E+00 -6.0581292744E-01  6.0035570561E-01 -2.1762879010E+00
 -2.4177968505E+00  3.5087330968E+00 -5.8836023093E-01  6.2289496813E-01 -2.3655111408E+00
 -2.4016823273E+00  3.5009709202E+00 -5.7089395779E-01  6.4622069840E-01 -2.5472321822E+00
 -2.3855945728E+00  3.4932055664E+00 -5.5340443951E-01  6.7028426157E-01 -2.7112605928E+00
 -2.3695593627E+00  3.4854378578E+00 -5.3586779614E-01  6.9504775597E-01 -2.8452300530E+00
 -2.3454464356E+00  3.4701785556E+00 -4.9950431182E-01  7.4201978426E-01 -2.9602379182E+00
</Path of -GradDelSqRho>
<Path of -GradDelSqRho>
Starting CP# =      3
Ending CP# =      0
Number of Points =     29
 -2.6116679064E+00  3.6020099728E+00 -7.9743763233E-01  4.1639033647E-01 -9.8131999548E-01
 -2.6278323591E+00  3.6098155053E+00 -8.1483832568E-01  4.0595396259E-01 -9.9128056338E-01
 -2.6439961377E+00  3.6176264555E+00 -8.3223721402E-01  3.9653269784E-01 -1.0210702133E+00
 -2.6601590165E+00  3.6254422677E+00 -8.4963475481E-01  3.8809798964E-01 -1.0706669819E+00
 -2.6763208192E+00  3.6332622803E+00 -8.6703140785E-01  3.8061663636E-01 -1.1401803459E+00
 -2.6924814241E+00  3.6410857757E+00 -8.8442760767E-01  3.7405090733E-01 -1.2297674907E+00
 -2.7086407707E+00  3.6489120388E+00 -9.0182373143E-01  3.6835857350E-01 -1.3394630936E+00
 -2.7247988659E+00  3.6567404245E+00 -9.1922006256E-01  3.6349296582E-01 -1.4688921554E+00
 -2.7409557925E+00  3.6645704317E+00 -9.3661674925E-01  3.5940326597E-01 -1.6168400069E+00
 -2.7571117222E+00  3.6724017883E+00 -9.5401375448E-01  3.5603535220E-01 -1.7806878097E+00
 -2.7732669362E+00  3.6802345518E+00 -9.7141079084E-01  3.5333365797E-01 -1.9558103202E+00
 -2.7894218599E+00  3.6880692432E+00 -9.8880722871E-01  3.5124460808E-01 -2.1351961047E+00
 -2.8055771098E+00  3.6959070173E+00 -1.0062019750E+00  3.4972218219E-01 -2.3097815499E+00
 -2.8217335045E+00  3.7037497626E+00 -1.0235934169E+00  3.4873587650E-01 -2.4702192417E+00
 -2.8378917427E+00  3.7115993715E+00 -1.0409800488E+00  3.4828063146E-01 -2.6108713014E+00
 -2.8540507665E+00  3.7194534591E+00 -1.0583639281E+00  3.4838707691E-01 -2.7365056063E+00
 -2.8702051533E+00  3.7272977506E+00 -1.0757565361E+00  3.4912882689E-01 -2.8712913154E+00
 -2.8863493584E+00  3.7351162673E+00 -1.0931701894E+00  3.5062192973E-01 -3.0682596236E+00
 -2.9024845882E+00  3.7429107654E+00 -1.1106029202E+00  3.5301066993E-01 -3.4157668650E+00
 -2.9186145804E+00  3.7506906633E+00 -1.1280470174E+00  3.5643474252E-01 -4.0362991099E+00
 -2.9347417897E+00  3.7584624679E+00 -1.1454972944E+00  3.6097598178E-01 -5.0728458816E+00
 -2.9508674559E+00  3.7662295555E+00 -1.1629510974E+00  3.6658859653E-01 -6.6595383968E+00
 -2.9669921934E+00  3.7739936308E+00 -1.1804070984E+00  3.7302477272E-01 -8.8768088747E+00
 -2.9831163196E+00  3.7817555824E+00 -1.1978646087E+00  3.7977589524E-01 -1.1697657653E+01
 -2.9992400057E+00  3.7895158836E+00 -1.2153232590E+00  3.8605545442E-01 -1.4940593967E+01
 -3.0153633469E+00  3.7972747724E+00 -1.2327828556E+00  3.9084838805E-01 -1.8253194884E+01
 -3.0314863941E+00  3.8050323165E+00 -1.2502433211E+00  3.9303869090E-01 -2.1150440278E+01
 -3.0476091672E+00  3.8127883601E+00 -1.2677047063E+00  3.9160197986E-01 -2.3116198822E+01
 -3.0621193875E+00  3.8197664204E+00 -1.2834212639E+00  3.8660450382E-01 -2.3749671625E+01
</Path of -GradDelSqRho>
<Path of -GradDelSqRho>
Starting CP# =      4
Ending CP# =      0
Number of Points =     29
 -1.8041484024E+00  4.0647361433E+00  8.0056508944E-01  4.1635468249E-01 -9.8094827213E-01
 -1.8028159643E+00  4.0825667992E+00  8.1803770561E-01  4.0591920500E-01 -9.9090622456E-01
 -1.8014885646E+00  4.1003995925E+00  8.3550852390E-01  3.9649878217E-01 -1.0206879583E+00
 -1.8001658311E+00  4.1182340490E+00  8.5297799828E-01  3.8806486460E-01 -1.0702715080E+00
 -1.7988472752E+00  4.1360696849E+00  8.7044658438E-01  3.8058425605E-01 -1.1397665425E+00
 -1.7975323316E+00  4.1539060360E+00  8.8791471255E-01  3.7401923343E-01 -1.2293307496E+00
 -1.7962204078E+00  4.1717426921E+00  9.0538275636E-01  3.6832757723E-01 -1.3389998028E+00
 -1.7949109393E+00  4.1895793358E+00  9.2285099713E-01  3.6346262931E-01 -1.4684004507E+00
 -1.7936034508E+00  4.2074157863E+00  9.4031958339E-01  3.5937358258E-01 -1.6163208227E+00
 -1.7922976243E+00  4.2252520523E+00  9.5778848234E-01  3.5600632491E-01 -1.7801461520E+00
 -1.7909933782E+00  4.2430883997E+00  9.7525741632E-01  3.5330529482E-01 -1.9552564233E+00
 -1.7896909681E+00  4.2609254459E+00  9.9272577368E-01  3.5121691345E-01 -2.1346457100E+00
 -1.7883911143E+00  4.2787642847E+00  1.0101924909E+00  3.4969514284E-01 -2.3092540172E+00
 -1.7870950855E+00  4.2966065442E+00  1.0276559980E+00  3.4870944242E-01 -2.4697318112E+00
 -1.7858042153E+00  4.3144537542E+00  1.0451148279E+00  3.4825469348E-01 -2.6104279737E+00
 -1.7845169327E+00  4.3323038448E+00  1.0625709778E+00  3.4836144612E-01 -2.7360802910E+00
 -1.7832233108E+00  4.3501451616E+00  1.0800356247E+00  3.4910322443E-01 -2.8708073540E+00
 -1.7819119371E+00  4.3679650737E+00  1.0975207875E+00  3.5059599831E-01 -3.0675711629E+00
 -1.7805837421E+00  4.3857654581E+00  1.1150245631E+00  3.5298401950E-01 -3.4146507948E+00
 -1.7792452091E+00  4.4035541557E+00  1.1325394297E+00  3.5640703867E-01 -4.0344679440E+00
 -1.7779008865E+00  4.4213364792E+00  1.1500603248E+00  3.6094707598E-01 -5.0699907825E+00
 -1.7765531521E+00  4.4391151560E+00  1.1675846581E+00  3.6655868286E-01 -6.6554066142E+00
 -1.7752032121E+00  4.4568915533E+00  1.1851111341E+00  3.7299453783E-01 -8.8713098994E+00
 -1.7738516967E+00  4.4746663809E+00  1.2026390806E+00  3.7974661225E-01 -1.1690976195E+01
 -1.7724989405E+00  4.4924400188E+00  1.2201681378E+00  3.8602896421E-01 -1.4933267966E+01
 -1.7711451081E+00  4.5102126657E+00  1.2376981167E+00  3.9082692443E-01 -1.8246104369E+01
 -1.7697902354E+00  4.5279843978E+00  1.2552289426E+00  3.9302454562E-01 -2.1144666375E+01
 -1.7684341789E+00  4.5457551538E+00  1.2727606665E+00  3.9159706411E-01 -2.3112762110E+01
 -1.7672117791E+00  4.5617474132E+00  1.2885405073E+00  3.8660886825E-01 -2.3748915782E+01
</Path of -GradDelSqRho>
<Path of -GradDelSqRho>
Starting CP# =      4
Ending CP# =     13
Number of Points =     17
 -1.8041484024E+00  4.0647361433E+00  8.0056508944E-01  4.1635468249E-01 -9.8094827213E-01
 -1.8054859223E+00  4.0469079706E+00  7.8309032774E-01  4.2782885140E-01 -9.9098832946E-01
 -1.8068287592E+00  4.0290827494E+00  7.6561296311E-01  4.4036001037E-01 -1.0213251636E+00
 -1.8081767933E+00  4.0112608098E+00  7.4813265225E-01  4.5396054888E-01 -1.0723139956E+00
 -1.8095297175E+00  3.9934424193E+00  7.3064910140E-01  4.6863627369E-01 -1.1442623413E+00
 -1.8108870355E+00  3.9756277899E+00  7.1316205860E-01  4.8438569590E-01 -1.2372928402E+00
 -1.8122480581E+00  3.9578170962E+00  6.9567129523E-01  5.0119936473E-01 -1.3511766684E+00
 -1.8136118956E+00  3.9400105057E+00  6.7817657378E-01  5.1905935520E-01 -1.4851427704E+00
 -1.8149774377E+00  3.9222082294E+00  6.6067759527E-01  5.3793903638E-01 -1.6376703025E+00
 -1.8163433175E+00  3.9044106043E+00  6.4317391256E-01  5.5780326361E-01 -1.8062738151E+00
 -1.8177078448E+00  3.8866182354E+00  6.2566478157E-01  5.7860915142E-01 -1.9872920776E+00
 -1.8190688891E+00  3.8688322547E+00  6.0814889047E-01  6.0030759234E-01 -2.1756909771E+00
 -1.8204236567E+00  3.8510548318E+00  5.9062382801E-01  6.2284569188E-01 -2.3648865795E+00
 -1.8217682193E+00  3.8332902857E+00  5.7308492855E-01  6.4617029236E-01 -2.5465824859E+00
 -1.8230963288E+00  3.8155478965E+00  5.5552236735E-01  6.7023276198E-01 -2.7105892541E+00
 -1.8243955322E+00  3.7978509068E+00  5.3791192411E-01  6.9499519152E-01 -2.8445416607E+00
 -1.8231791482E+00  3.7695634899E+00  5.0134298212E-01  7.4196768087E-01 -2.9595458101E+00
</Path of -GradDelSqRho>
<Path of -GradDelSqRho>
Starting CP# =      5
Ending CP# =      1
Number of Points =      7
 -2.0162717179E+00  3.2343942214E+00  7.6290539744E-02  2.2515265680E+01  1.2341820331E+03
 -1.9940384615E+00  3.2357526590E+00  6.4939922065E-02  3.2738586340E+01  9.8367932339E+02
 -1.9717964803E+00  3.2370573830E+00  5.3600087451E-02  4.7970934636E+01 -7.8847170153E+02
 -1.9495506806E+00  3.2383383840E+00  4.2265034978E-02  7.0596134243E+01 -6.3706724564E+03
 -1.9273021425E+00  3.2396022860E+00  3.0933440331E-02  1.0417401376E+02 -2.0570209903E+04
 -1.9050490739E+00  3.2408377862E+00  1.9607609601E-02  1.5454838706E+02 -7.5101570250E+04
 -1.8663229653E+00  3.2429418599E+00 -8.9301049928E-05  2.9730354098E+02 -3.3294100640E+06
</Path of -GradDelSqRho>
<Path of -GradDelSqRho>
Starting CP# =      5
Ending CP# =     17
Number of Points =     41
 -2.0162717179E+00  3.2343942214E+00  7.6290539744E-02  2.2515265680E+01  1.2341820331E+03
 -2.0384946274E+00  3.2329728292E+00  8.7653712306E-02  1.5606185474E+01  1.1523846712E+03
 -2.0607129080E+00  3.2315234514E+00  9.9022410667E-02  1.0921353810E+01  9.8253726796E+02
 -2.0829300511E+00  3.2300671088E+00  1.1039244192E-01  7.7543754987E+00  7.7427571837E+02
 -2.1051444537E+00  3.2285941913E+00  1.2176569028E-01  5.6215403991E+00  5.7352951713E+02
 -2.1273533556E+00  3.2270882774E+00  1.3314535390E-01  4.1860225849E+00  4.0920026395E+02
 -2.1495537032E+00  3.2255315063E+00  1.4453485401E-01  3.2172732561E+00  2.8644834460E+02
 -2.1717423489E+00  3.2239059768E+00  1.5593753461E-01  2.5604840321E+00  1.9811890560E+02
 -2.1939162679E+00  3.2221951751E+00  1.6735636571E-01  2.1123381058E+00  1.3500857973E+02
 -2.2160724036E+00  3.2203831837E+00  1.7879407845E-01  1.8035376142E+00  8.9920683552E+01
 -2.2382069216E+00  3.2184506992E+00  1.9025388032E-01  1.5872796630E+00  5.7963212438E+01
 -2.2603140514E+00  3.2163693506E+00  2.0174040790E-01  1.4319273941E+00  3.5757841701E+01
 -2.2823845505E+00  3.2140951665E+00  2.1326068561E-01  1.3162665463E+00  2.0773078219E+01
 -2.3044032972E+00  3.2115597750E+00  2.2482521127E-01  1.2262882439E+00  1.1003760436E+01
 -2.3263447603E+00  3.2086559295E+00  2.3644943766E-01  1.1529205122E+00  4.8648357152E+00
 -2.3481633708E+00  3.2052108163E+00  2.4815586788E-01  1.0904160994E+00  1.1519926222E+00
 -2.3697703315E+00  3.2009316159E+00  2.5997658505E-01  1.0352407131E+00 -1.0022855093E+00
 -2.3909668706E+00  3.1952774133E+00  2.7195326034E-01  9.8538910156E-01 -2.1901752951E+00
 -2.4111934229E+00  3.1870949772E+00  2.8410728244E-01  9.4025886706E-01 -2.7977655429E+00
 -2.4282115257E+00  3.1735219294E+00  2.9607253170E-01  9.0251723131E-01 -3.0741414192E+00
 -2.4343804137E+00  3.1515077164E+00  3.0486780126E-01  8.8472747551E-01 -3.2039813136E+00
 -2.4296830702E+00  3.1273618781E+00  3.0887661736E-01  8.8638370261E-01 -3.3068920910E+00
 -2.4215896523E+00  3.1038204840E+00  3.1110377197E-01  8.9312763277E-01 -3.4065769524E+00
 -2.4122824679E+00  3.0806738239E+00  3.1269016127E-01  9.0058728054E-01 -3.5038883868E+00
 -2.4021866664E+00  3.0578349158E+00  3.1387200608E-01  9.0786899438E-01 -3.5983542078E+00
 -2.3913901657E+00  3.0353027005E+00  3.1469504205E-01  9.1477379285E-01 -3.6894407251E+00
 -2.3799185025E+00  3.0130963801E+00  3.1516803542E-01  9.2123815660E-01 -3.7766269647E+00
 -2.3677866429E+00  2.9912389773E+00  3.1529276020E-01  9.2722582586E-01 -3.8594182031E+00
 -2.3550081656E+00  2.9697540004E+00  3.1506936504E-01  9.3270851380E-01 -3.9373540268E+00
 -2.3415968191E+00  2.9486648584E+00  3.1449720271E-01  9.3766297084E-01 -4.0100152087E+00
 -2.3275668568E+00  2.9279947647E+00  3.1357488842E-01  9.4207071671E-01 -4.0770298183E+00
 -2.3129332101E+00  2.9077667005E+00  3.1230021893E-01  9.4591810745E-01 -4.1380785100E+00
 -2.2977116554E+00  2.8880033659E+00  3.1067003836E-01  9.4919638937E-01 -4.1928988857E+00
 -2.2819189963E+00  2.8687271098E+00  3.0868005183E-01  9.5190169885E-01 -4.2412888493E+00
 -2.2655732687E+00  2.8499598355E+00  3.0632457528E-01  9.5403500675E-01 -4.2831089019E+00
 -2.2486939758E+00  2.8317228793E+00  3.0359620612E-01  9.5560201117E-01 -4.3182833563E+00
 -2.2313023653E+00  2.8140368620E+00  3.0048539738E-01  9.5661298202E-01 -4.3468004818E+00
 -2.2134217612E+00  2.7969215085E+00  2.9697991764E-01  9.5708256122E-01 -4.3687116135E+00
 -2.1950779627E+00  2.7803954392E+00  2.9306418746E-01  9.5702952226E-01 -4.3841292858E+00
 -2.1762997086E+00  2.7644759475E+00  2.8871852746E-01  9.5647649252E-01 -4.3932244598E+00
 -2.1569919265E+00  2.7490805644E+00  2.8388559746E-01  9.5544140011E-01 -4.3962230444E+00
</Path of -GradDelSqRho>
<Path of -GradDelSqRho>
Starting CP# =      6
Ending CP# =     16
Number of Points =     40
 -1.7843295882E+00  3.3689804892E+00 -7.6125975911E-02  2.2516091610E+01  1.2342826964E+03
 -1.7720435361E+00  3.3875832087E+00 -8.7439308804E-02  1.5606677814E+01  1.1524718712E+03
 -1.7597355074E+00  3.4061679468E+00 -9.8758316369E-02  1.0921646705E+01  9.8260887070E+02
 -1.7474220016E+00  3.4247482226E+00 -1.1007869258E-01  7.7545524932E+00  7.7433285855E+02
 -1.7350954858E+00  3.4433178553E+00 -1.2140237108E-01  5.6216550061E+00  5.7357184140E+02
 -1.7227430927E+00  3.4618662606E+00 -1.3273263547E-01  4.1861083309E+00  4.0922921313E+02
 -1.7103508531E+00  3.4803818816E+00 -1.4407299949E-01  3.2173499982E+00  2.8646675158E+02
 -1.6979048100E+00  3.4988530603E+00 -1.5542689921E-01  2.5605626143E+00  1.9812964600E+02
 -1.6853921493E+00  3.5172689370E+00 -1.6679738887E-01  2.1124236763E+00  1.3501394186E+02
 -1.6728005907E+00  3.5356189224E+00 -1.7818728000E-01  1.8036318333E+00  8.9922344713E+01
 -1.6601153057E+00  3.5538900639E+00 -1.8959987703E-01  1.5873821267E+00  5.7962402412E+01
 -1.6473145677E+00  3.5720632072E+00 -2.0103995909E-01  1.4320365610E+00  3.5755480247E+01
 -1.6343648516E+00  3.5901084049E+00 -2.1251477172E-01  1.3163803549E+00  2.0769850319E+01
 -1.6212144027E+00  3.6079784375E+00 -2.2403515701E-01  1.2264045276E+00  1.1000156728E+01
 -1.6077829408E+00  3.6255976582E+00 -2.3561710885E-01  1.1530372774E+00  4.8611847518E+00
 -1.5939433068E+00  3.6428403091E+00 -2.4728400652E-01  1.0905317275E+00  1.1484946998E+00
 -1.5794857930E+00  3.6594831889E+00 -2.5906943138E-01  1.0353541777E+00 -1.0055245937E+00
 -1.5640402683E+00  3.6750836331E+00 -2.7101786349E-01  9.8550045772E-01 -2.1931158082E+00
 -1.5468851621E+00  3.6885791903E+00 -2.8315679403E-01  9.4037122513E-01 -2.8004177477E+00
 -1.5266542353E+00  3.6965915409E+00 -2.9513544530E-01  9.0264799084E-01 -3.0765847868E+00
 -1.5045215299E+00  3.6909638315E+00 -3.0399730372E-01  8.8491289144E-01 -3.2064138887E+00
 -1.4859530936E+00  3.6748562754E+00 -3.0811281339E-01  8.8659772413E-01 -3.3094062961E+00
 -1.4695937870E+00  3.6561067966E+00 -3.1045637253E-01  8.9335450492E-01 -3.4091698550E+00
 -1.4541791568E+00  3.6365008913E+00 -3.1216106597E-01  9.0082339926E-01 -3.5065490584E+00
 -1.4394231952E+00  3.6163636685E+00 -3.1346167408E-01  9.0811310574E-01 -3.6010706071E+00
 -1.4252814128E+00  3.5957708192E+00 -3.1440353539E-01  9.1502506605E-01 -3.6922001441E+00
 -1.4117577535E+00  3.5747540634E+00 -3.1499520593E-01  9.2149580458E-01 -3.7794162004E+00
 -1.3988646980E+00  3.5533378621E+00 -3.1523828475E-01  9.2748903338E-01 -3.8622237187E+00
 -1.3866158307E+00  3.5315457134E+00 -3.1513275293E-01  9.3297642937E-01 -3.9401621190E+00
 -1.3750245632E+00  3.5094012098E+00 -3.1467779780E-01  9.3793471179E-01 -4.0128121776E+00
