 AIMInt (Version 19.02.13, Professional)
 Portions Copyright (c) 1997-2019 by Todd A. Keith
 AIMInt is a component of the AIMAll package ( http://aim.tkgristmill.com )

 TP:  64-bit Linux

 Licensed To:  Research Group of Fernando Cortes Guzman, UNAM, fercor@unam.mx

 AIMInt is a heavily modified and extended version of the PROAIMV program
 developed by members of R.F.W. Bader's research group

 Much of the Quantum Theory of Atoms in Molecules (QTAIM) is described in the book:
   "Atoms in Molecules - A Quantum Theory"
   R.F.W. Bader, Oxford University Press, Oxford, 1990

 For additional references see:  http://aim.tkgristmill.com/references.html

 Current Directory:  /home/scratch/M_H2O_4_cuadrado_plano/Opt

 Inp File:  Ti2_cuadrado_plano_cc-pvtz-def2-tzv_1_atomicfiles/o6.inp
 Wfx File:  Ti2_cuadrado_plano_cc-pvtz-def2-tzv_1.wfx
 Out File:  Ti2_cuadrado_plano_cc-pvtz-def2-tzv_1_atomicfiles/o6.int

 Wfx Title:   Ti2_cuadrado_plano_cc-pvtz-def2-tzv_1                                         
 Job Title:   Ti2_cuadrado_plano_cc-pvtz-def2-tzv_1                                         
 
<Atom>
O6      
</Atom>
<Nuclei of Molecule>
    13
Ti1       22.0           8.4378387438E-05   2.1694430644E-05  -8.9302361149E-05
O2         8.0           3.2430042257E+00   1.8664288534E+00  -8.9302361149E-05
H3         1.0           4.5665835292E+00   1.7723697378E+00   1.2966959122E+00
O4         8.0          -1.8663227806E+00   3.2429415417E+00  -8.9302361149E-05
H5         1.0          -3.0678132710E+00   3.8224922267E+00  -1.2896107310E+00
O6         8.0          -3.2428354689E+00  -1.8663854646E+00  -8.9302361149E-05
H7         1.0          -3.8294682730E+00  -3.0541543570E+00  -1.2992507720E+00
O8         8.0           1.8664915374E+00  -3.2428981529E+00  -8.9302361149E-05
H9         1.0           3.0694198631E+00  -3.8216928139E+00  -1.2885983291E+00
H10        1.0          -1.7667179437E+00   4.5680530965E+00   1.2947897077E+00
H11        1.0           3.8269943219E+00   3.0559646187E+00  -1.2987715752E+00
H12        1.0           1.7611501181E+00  -4.5711617000E+00   1.2910326109E+00
H13        1.0          -4.5647047776E+00  -1.7730423081E+00   1.2985355039E+00
</Nuclei of Molecule>
<Total Number of CPs of DelSqRho>
    36
</Total Number of CPs of DelSqRho>
<Number of (3,+3) CPs of DelSqRho>
     5
</Number of (3,+3) CPs of DelSqRho>
<Number of (3,+1) CPs of DelSqRho>
    14
</Number of (3,+1) CPs of DelSqRho>
<Number of (3,-1) CPs of DelSqRho>
    11
</Number of (3,-1) CPs of DelSqRho>
<Number of (3,-3) CPs of DelSqRho>
     6
</Number of (3,-3) CPs of DelSqRho>
<Number of Degenerate CPs of DelSqRho>
     0
</Number of Degenerate CPs of DelSqRho>
<CP of DelSqRho>
CP# = 1       
Type = (3,+3)
Coords = -3.24283578812133E+00 -1.86638564729518E+00 -8.93025209625522E-05
DistFromNuc =  3.6783209408E-07
Rho =  2.9730336178E+02
DelSqRho = -3.3294081580E+06
GradDelSqRho =  1.4693498088E-05  9.4864299172E-06 -3.3605829231E-10
HessDelSqRho_EigVals =  1.3240296676E+11  1.3240298387E+11  1.3240299313E+11
HessDelSqRho_EigVec1 = -4.3243820287E-01  7.5351666594E-01 -4.9518666667E-01
HessDelSqRho_EigVec2 =  8.6739213940E-01  4.9762517335E-01 -2.5169585916E-04
HessDelSqRho_EigVec3 = -2.4622769382E-01  4.2962986511E-01  8.6878656861E-01
</CP of DelSqRho>
<CP of DelSqRho>
CP# = 2       
Type = (3,-1)
Coords = -1.84596343496563E+00 -1.06235128879469E+00  8.10412972816719E-04
DistFromNuc =  1.6117454031E+00
Rho =  1.1631261793E-01
DelSqRho =  3.2135669360E-01
GradDelSqRho = -6.9388939039E-16  9.3675067703E-17 -2.3852447795E-17
HessDelSqRho_EigVals = -3.7484344372E-01 -1.4887207465E-01  3.5406505968E+00
HessDelSqRho_EigVec1 = -4.4650191323E-01  7.7585960503E-01 -4.4573300838E-01
HessDelSqRho_EigVec2 =  2.2236135481E-01 -3.8630731784E-01 -8.9516595337E-01
HessDelSqRho_EigVec3 =  8.6671302596E-01  4.9880710647E-01  3.4236407180E-05
</CP of DelSqRho>
<CP of DelSqRho>
CP# = 3       
Type = (3,+1)
Coords = -3.60632125279278E+00 -2.60321813654816E+00 -8.03384578958971E-01
DistFromNuc =  1.1490550914E+00
Rho =  4.1631696088E-01
DelSqRho = -9.8072717869E-01
GradDelSqRho = -6.4770411257E-13 -7.7046355407E-13 -1.5977774659E-12
HessDelSqRho_EigVals = -3.1972588355E+01  1.5076008171E+01  1.5907664815E+01
HessDelSqRho_EigVec1 =  3.1588882228E-01  6.3913097034E-01  7.0123166979E-01
HessDelSqRho_EigVec2 =  4.3997407531E-01 -7.5348238919E-01  4.8855614031E-01
HessDelSqRho_EigVec3 =  8.4061707395E-01  1.5419433171E-01 -5.1921772221E-01
</CP of DelSqRho>
<CP of DelSqRho>
CP# = 4       
Type = (3,+1)
Coords = -4.06265018475883E+00 -1.80810397082328E+00  8.02880540523585E-01
DistFromNuc =  1.1490228324E+00
Rho =  4.1636065247E-01
DelSqRho = -9.8100503766E-01
GradDelSqRho = -3.2601699118E-13 -6.2561067438E-14  5.2247095539E-13
HessDelSqRho_EigVals = -3.1982049435E+01  1.5080424862E+01  1.5912078840E+01
HessDelSqRho_EigVec1 =  7.1143222845E-01 -5.0044442780E-02 -7.0097056862E-01
HessDelSqRho_EigVec2 =  4.2782879620E-01 -7.6047601086E-01  4.8850666121E-01
HessDelSqRho_EigVec3 =  5.5751834541E-01  6.4743477714E-01  5.1961668937E-01
</CP of DelSqRho>
<CP of DelSqRho>
CP# = 5       
Type = (3,+1)
Coords = -3.36873263368234E+00 -1.78325685902686E+00 -7.51275200056010E-02
DistFromNuc =  1.6849687020E-01
Rho =  2.2515517609E+01
DelSqRho =  1.2342136933E+03
GradDelSqRho = -2.2168933356E-12  7.7022832556E-12  9.5496943686E-12
HessDelSqRho_EigVals = -4.0960641245E+05  1.7860147107E+03  3.3403666365E+03
HessDelSqRho_EigVec1 =  7.4398221499E-01 -4.9726611042E-01  4.4633718107E-01
HessDelSqRho_EigVec2 =  6.2312219606E-01  7.5749525975E-01 -1.9472971071E-01
HessDelSqRho_EigVec3 = -2.4126581308E-01  4.2299804595E-01  8.7342055194E-01
</CP of DelSqRho>
<CP of DelSqRho>
CP# = 6       
Type = (3,+1)
Coords = -3.23469915055813E+00 -2.01703617619021E+00  7.49358907191800E-02
DistFromNuc =  1.6849515183E-01
Rho =  2.2515868129E+01
DelSqRho =  1.2342576853E+03
GradDelSqRho =  2.3874235922E-12 -3.9506176108E-11  1.6115109247E-11
HessDelSqRho_EigVals = -4.0964670036E+05  1.7836447172E+03  3.3385743237E+03
HessDelSqRho_EigVec1 = -5.3282042547E-02  8.9331298124E-01 -4.4626555042E-01
HessDelSqRho_EigVec2 =  9.6847015200E-01  1.5514271918E-01  1.9492639989E-01
HessDelSqRho_EigVec3 = -2.4336513438E-01  4.2180878872E-01  8.7341327969E-01
</CP of DelSqRho>
<CP of DelSqRho>
CP# = 7       
Type = (3,-3)
Coords = -3.11436832018315E+00 -1.86136741921828E+00 -1.06795018593984E-01
DistFromNuc =  1.6707812231E-01
Rho =  2.2686126975E+01
DelSqRho =  1.2967315943E+03
GradDelSqRho =  1.7053025658E-12 -3.1263880373E-13  5.9685589804E-13
HessDelSqRho_EigVals = -4.4873033961E+05 -3.5557163048E+03 -8.0839282942E+02
HessDelSqRho_EigVec1 =  7.7077790823E-01  3.2644578446E-02 -6.3626704117E-01
HessDelSqRho_EigVec2 =  4.3411305796E-01 -7.5787430133E-01  4.8700348693E-01
HessDelSqRho_EigVec3 =  4.6631241576E-01  6.5158335989E-01  5.9832420646E-01
</CP of DelSqRho>
<CP of DelSqRho>
CP# = 8       
Type = (3,-1)
Coords = -3.38936466871703E+00 -1.95055294001645E+00 -3.40826976661633E-05
DistFromNuc =  1.6898216881E-01
Rho =  2.2310164653E+01
DelSqRho =  1.2449669734E+03
GradDelSqRho = -9.9618091554E-12  5.4001247918E-12  1.4122036873E-13
HessDelSqRho_EigVals = -4.0214477336E+05 -1.2555064237E+03  1.9726244533E+03
HessDelSqRho_EigVec1 =  8.6712405198E-01  4.9809212882E-01 -3.3118497988E-04
HessDelSqRho_EigVec2 = -4.3541962148E-01  7.5769483295E-01 -4.8611551442E-01
HessDelSqRho_EigVec3 = -2.4187937428E-01  4.2166665903E-01  8.7389449990E-01
</CP of DelSqRho>
<CP of DelSqRho>
CP# = 9       
Type = (3,-3)
Coords = -3.17361505197135E+00 -1.75808793484596E+00  1.06659492250669E-01
DistFromNuc =  1.6707820388E-01
Rho =  2.2686114260E+01
DelSqRho =  1.2967291782E+03
GradDelSqRho = -2.3305801733E-12  6.9348971010E-12  4.3769432523E-12
HessDelSqRho_EigVals = -4.4872826872E+05 -3.5555778961E+03 -8.0812685904E+02
HessDelSqRho_EigVec1 =  4.1750296297E-01  6.4847714375E-01  6.3652860890E-01
HessDelSqRho_EigVec2 =  4.3472924992E-01 -7.5767802855E-01  4.8675916459E-01
HessDelSqRho_EigVec3 = -7.9793593425E-01 -7.3494211225E-02  5.9824480419E-01
</CP of DelSqRho>
<CP of DelSqRho>
CP# = 10      
Type = (3,-1)
Coords = -3.09814221925394E+00 -1.78341744433100E+00 -3.87325314719801E-05
DistFromNuc =  1.6679277990E-01
Rho =  2.2792275462E+01
DelSqRho =  1.2945495782E+03
GradDelSqRho =  6.6961547418E-11  3.3423930290E-11  1.1546319456E-13
HessDelSqRho_EigVals = -4.5485859241E+05 -3.1127731719E+03  4.9810421769E+02
HessDelSqRho_EigVec1 =  8.6750497056E-01  4.9742842066E-01  3.0394131699E-04
HessDelSqRho_EigVec2 = -4.3423851613E-01  7.5760083518E-01 -4.8731702786E-01
HessDelSqRho_EigVec3 = -2.4263560572E-01  4.2261796088E-01  8.7322506948E-01
</CP of DelSqRho>
<CP of DelSqRho>
CP# = 11      
Type = (3,-1)
Coords = -2.87689442913427E+00 -2.03637581449085E+00 -5.92820180851585E-01
DistFromNuc =  7.1703518600E-01
Rho =  6.7161010573E-01
DelSqRho = -9.9662866444E-01
GradDelSqRho = -4.4408920985E-15 -1.7763568394E-15 -4.4408920985E-15
HessDelSqRho_EigVals = -1.6303159944E+01 -1.1559321534E+01  1.4316367851E+02
HessDelSqRho_EigVec1 =  7.0525963623E-01  6.4550741830E-01  2.9313651841E-01
HessDelSqRho_EigVec2 =  4.6376320683E-01 -7.3280483439E-01  4.9791642138E-01
HessDelSqRho_EigVec3 = -5.3622060152E-01  2.1521442240E-01  8.1618026127E-01
</CP of DelSqRho>
<CP of DelSqRho>
CP# = 12      
Type = (3,-1)
Coords = -3.86865400363141E+00 -2.22533695634064E+00 -2.19348329948719E-04
DistFromNuc =  7.2145341415E-01
Rho =  6.7729186984E-01
DelSqRho = -1.1172084241E+00
GradDelSqRho =  3.9079850467E-14  1.7763568394E-15 -2.4980018054E-15
HessDelSqRho_EigVals = -1.8047862562E+01 -5.1213688282E+00  1.3704615178E+02
HessDelSqRho_EigVec1 = -2.5279110756E-01  4.4042983788E-01  8.6146283370E-01
HessDelSqRho_EigVec2 = -4.2853903973E-01  7.4731019989E-01 -5.0782059487E-01
HessDelSqRho_EigVec3 =  8.6743930472E-01  4.9754298613E-01  1.7199332879E-04
</CP of DelSqRho>
<CP of DelSqRho>
CP# = 13      
Type = (3,-1)
Coords = -3.20507865088061E+00 -1.46469169852148E+00  5.92680482924245E-01
DistFromNuc =  7.1704914568E-01
Rho =  6.7159703091E-01
DelSqRho = -9.9652976151E-01
GradDelSqRho = -5.7731597281E-15  4.4408920985E-16 -4.4408920985E-15
HessDelSqRho_EigVals = -1.6306207303E+01 -1.1558294887E+01  1.4315101924E+02
HessDelSqRho_EigVec1 =  9.1321794885E-01  2.8322509960E-01 -2.9294456959E-01
HessDelSqRho_EigVec2 = -3.9859182781E-01  7.7019660089E-01 -4.9791741361E-01
HessDelSqRho_EigVec3 =  8.4602202686E-02  5.7147243059E-01  8.1624857021E-01
</CP of DelSqRho>
<CP of DelSqRho>
CP# = 14      
Type = (3,+3)
Coords = -3.76819499000337E+00 -1.82579389184926E+00  5.02868295608798E-01
DistFromNuc =  7.2843438109E-01
Rho =  7.4199254741E-01
DelSqRho = -2.9597850766E+00
GradDelSqRho = -2.4868995752E-14  0.0000000000E+00  1.2434497876E-14
HessDelSqRho_EigVals =  1.1158080411E+01  2.2181854482E+01  1.3398717251E+02
HessDelSqRho_EigVec1 = -4.1412101053E-01  7.5793152337E-01 -5.0402737476E-01
HessDelSqRho_EigVec2 =  5.4861021138E-01  6.4969755334E-01  5.2623181694E-01
HessDelSqRho_EigVec3 =  7.2631303486E-01 -5.8590912801E-02 -6.8486238058E-01
</CP of DelSqRho>
<CP of DelSqRho>
CP# = 15      
Type = (3,+1)
Coords = -3.80405095151628E+00 -1.51032865671757E+00  1.98536244986692E-01
DistFromNuc =  6.9367959203E-01
Rho =  7.7600505882E-01
DelSqRho = -2.5026521417E+00
GradDelSqRho =  1.2434497876E-14  1.9539925233E-14  7.9936057773E-15
HessDelSqRho_EigVals = -1.2374880289E+01  1.2921593966E+01  1.8215806773E+02
HessDelSqRho_EigVec1 = -2.1771197233E-01 -5.8035289380E-01  7.8472416540E-01
HessDelSqRho_EigVec2 =  5.6415840047E-01  5.8126028242E-01  5.8639729132E-01
HessDelSqRho_EigVec3 =  7.9644635493E-01 -5.7037444083E-01 -2.0086363775E-01
</CP of DelSqRho>
<CP of DelSqRho>
CP# = 16      
Type = (3,+1)
Coords = -3.44461806339952E+00 -2.13895712445743E+00  6.05994720032146E-01
DistFromNuc =  6.9451376331E-01
Rho =  7.7098000795E-01
DelSqRho = -2.4299804738E+00
GradDelSqRho = -3.8302694350E-15 -1.1102230246E-14  2.1316282073E-14
HessDelSqRho_EigVals = -1.2993454295E+01  1.2270688684E+01  1.8040637221E+02
HessDelSqRho_EigVec1 =  8.4784258849E-01 -5.2552178646E-01 -7.0638495863E-02
HessDelSqRho_EigVec2 =  4.8686937831E-01  7.1877095241E-01  4.9631293196E-01
HessDelSqRho_EigVec3 = -2.1005035970E-01 -4.5518696150E-01  8.6526509029E-01
</CP of DelSqRho>
<CP of DelSqRho>
CP# = 17      
Type = (3,+3)
Coords = -3.24817119242111E+00 -1.29152164365705E+00 -2.80281094475089E-01
DistFromNuc =  6.3953445794E-01
Rho =  9.5549569585E-01
DelSqRho = -4.3965058953E+00
GradDelSqRho = -9.7699626167E-15 -4.6185277824E-14  3.7303493627E-14
HessDelSqRho_EigVals =  9.3130715249E+00  2.3735812876E+01  3.3063054382E+02
HessDelSqRho_EigVec1 =  9.7208603079E-01  1.2810738072E-01  1.9656359720E-01
HessDelSqRho_EigVec2 = -2.3286973037E-01  4.2452130273E-01  8.7495905745E-01
HessDelSqRho_EigVec3 = -2.8643278737E-02  8.9630918914E-01 -4.4250355936E-01
</CP of DelSqRho>
<CP of DelSqRho>
CP# = 18      
Type = (3,+1)
Coords = -3.21889953030361E+00 -2.53049081214726E+00 -1.99033231275881E-01
DistFromNuc =  6.9367681863E-01
Rho =  7.7601454785E-01
DelSqRho = -2.5031240809E+00
GradDelSqRho =  8.8817841970E-16 -3.1974423109E-14  4.4408920985E-15
HessDelSqRho_EigVals = -1.2372670242E+01  1.2926248121E+01  1.8217749665E+02
HessDelSqRho_EigVec1 =  6.1064200128E-01 -1.0553817860E-01  7.8484268432E-01
HessDelSqRho_EigVec2 = -7.8675710312E-01 -1.9369324577E-01  5.8608547776E-01
HessDelSqRho_EigVec3 = -9.0164333122E-02  9.7536896578E-01  2.0131014290E-01
</CP of DelSqRho>
<CP of DelSqRho>
CP# = 19      
Type = (3,+3)
Coords = -2.74962752607365E+00 -2.16151851060779E+00  2.80247431241134E-01
DistFromNuc =  6.3948907257E-01
Rho =  9.5562144927E-01
DelSqRho = -4.3974516485E+00
GradDelSqRho = -5.6843418861E-14  5.5067062021E-14 -2.4868995752E-14
HessDelSqRho_EigVals =  9.3230989069E+00  2.3736444669E+01  3.3083575770E+02
HessDelSqRho_EigVec1 = -6.0175795592E-01 -7.7428109501E-01  1.9589831136E-01
HessDelSqRho_EigVec2 = -2.4921211371E-01  4.1506294943E-01  8.7499489735E-01
HessDelSqRho_EigVec3 =  7.5880213815E-01 -4.7771490862E-01  4.4272766032E-01
</CP of DelSqRho>
<CP of DelSqRho>
CP# = 20      
Type = (3,+1)
Coords = -3.57982682167441E+00 -1.90265619380407E+00 -6.06284641110340E-01
DistFromNuc =  6.9451531759E-01
Rho =  7.7096194982E-01
DelSqRho = -2.4296430957E+00
GradDelSqRho = -9.3258734069E-15 -1.6431300764E-14 -3.5527136788E-15
HessDelSqRho_EigVals = -1.2991476203E+01  1.2266239151E+01  1.8039418156E+02
HessDelSqRho_EigVec1 = -2.5405477248E-02  9.9715499503E-01  7.0968145072E-02
HessDelSqRho_EigVec2 =  8.6639751056E-01  5.7378053348E-02 -4.9604749035E-01
HessDelSqRho_EigVec3 =  4.9870824679E-01 -4.8884300989E-02  8.6539032217E-01
</CP of DelSqRho>
<CP of DelSqRho>
CP# = 21      
Type = (3,+1)
Coords = -2.66810674171223E+00 -1.53676533178502E+00  8.31896066452745E-05
DistFromNuc =  6.6254250545E-01
Rho =  8.7732120036E-01
DelSqRho = -3.6419056121E+00
GradDelSqRho = -5.3290705182E-14 -2.4868995752E-14 -1.0685896612E-15
HessDelSqRho_EigVals = -6.1240010751E+00  2.0454361095E+01  2.5815375932E+02
HessDelSqRho_EigVec1 = -4.3331769935E-01  7.5588651117E-01 -4.9078646442E-01
HessDelSqRho_EigVec2 = -2.4434966551E-01  4.2563442673E-01  8.7127984927E-01
HessDelSqRho_EigVec3 =  8.6748430095E-01  4.9746448820E-01  2.6568561105E-04
</CP of DelSqRho>
<CP of DelSqRho>
CP# = 22      
Type = (3,+3)
Coords = -3.47291274750889E+00 -2.34022705955577E+00 -5.03226220949885E-01
DistFromNuc =  7.2842856214E-01
Rho =  7.4198681879E-01
DelSqRho = -2.9596901266E+00
GradDelSqRho = -1.8873791419E-15  1.1546319456E-14  1.0658141036E-14
HessDelSqRho_EigVals =  1.1155188390E+01  2.2179326988E+01  1.3399500954E+02
HessDelSqRho_EigVec1 =  4.4509144976E-01 -7.4021863046E-01  5.0395434364E-01
HessDelSqRho_EigVec2 = -8.3791497839E-01 -1.4573634345E-01  5.2598422713E-01
HessDelSqRho_EigVec3 =  3.1589886095E-01  6.5638197516E-01  6.8510627813E-01
</CP of DelSqRho>
<CP of DelSqRho>
CP# = 23      
Type = (3,-3)
Coords = -3.14186610581534E+00 -1.20654358683072E+00  9.24546641343444E-01
DistFromNuc =  1.1404112172E+00
Rho =  2.4765465041E-01
DelSqRho =  8.4359077978E-01
GradDelSqRho =  1.0214051827E-14  3.3334446314E-14  7.3423905844E-14
HessDelSqRho_EigVals = -1.7696380132E+01 -1.9041204489E+00 -5.1816145390E-01
HessDelSqRho_EigVec1 =  1.2005148913E-01  5.8745402191E-01  8.0030332506E-01
HessDelSqRho_EigVec2 =  8.9734411859E-01  2.8064015543E-01 -3.4060921301E-01
HessDelSqRho_EigVec3 =  4.2468950161E-01 -7.5903812507E-01  4.9345714294E-01
</CP of DelSqRho>
<CP of DelSqRho>
CP# = 24      
Type = (3,-3)
Coords = -4.36191901663824E+00 -2.12686858914086E+00 -1.90524169901004E-01
DistFromNuc =  1.1646737242E+00
Rho =  2.4941152436E-01
DelSqRho =  8.4708970486E-01
GradDelSqRho =  8.2545081881E-12  7.4886277734E-13  1.9614865288E-12
HessDelSqRho_EigVals = -1.7299049755E+01 -2.9968676975E+00 -1.3139286647E-01
HessDelSqRho_EigVec1 =  9.6096655530E-01  2.2237913919E-01  1.6459282504E-01
HessDelSqRho_EigVec2 = -2.4878037702E-01  4.3427920108E-01  8.6574239790E-01
HessDelSqRho_EigVec3 = -1.2104380864E-01  8.7289695495E-01 -4.7265135399E-01
</CP of DelSqRho>
<CP of DelSqRho>
CP# = 25      
Type = (3,-1)
Coords = -2.78379149008783E+00 -2.95738802186731E+00 -1.26014066350221E-01
DistFromNuc =  1.1903213855E+00
Rho =  2.4430996790E-01
DelSqRho =  7.1703998037E-01
GradDelSqRho =  5.5511151231E-16  5.5511151231E-17 -1.2125717097E-15
HessDelSqRho_EigVals = -1.7088645687E+01 -1.2428931824E+00  2.9050152535E-01
HessDelSqRho_EigVec1 = -4.0367917655E-01  9.0988629722E-01  9.5655886126E-02
HessDelSqRho_EigVec2 =  6.6335318332E-01  2.1908049409E-01  7.1551819774E-01
HessDelSqRho_EigVec3 =  6.3008386474E-01  3.5229343343E-01 -6.9201420517E-01
</CP of DelSqRho>
<CP of DelSqRho>
CP# = 26      
Type = (3,-1)
Coords = -3.12682258608282E+00 -2.35239092149708E+00  1.07772511114061E+00
DistFromNuc =  1.1880000855E+00
Rho =  2.4435864390E-01
DelSqRho =  7.2223828426E-01
GradDelSqRho =  3.5839387014E-15 -1.9428902931E-15  2.7172708528E-14
HessDelSqRho_EigVals = -1.7169589625E+01 -1.3065357295E+00  2.8322955371E-01
HessDelSqRho_EigVec1 =  1.1954950780E-01 -4.0666517303E-01  9.0572145400E-01
HessDelSqRho_EigVec2 = -9.3650240798E-01  2.5671325422E-01  2.3887558468E-01
HessDelSqRho_EigVec3 =  3.2965308285E-01  8.7676778120E-01  3.5015297060E-01
</CP of DelSqRho>
<CP of DelSqRho>
CP# = 27      
Type = (3,+1)
Coords = -2.17322142169386E+00 -1.24752014920695E+00 -2.17133107422635E-03
DistFromNuc =  1.2357478802E+00
Rho =  2.4451731636E-01
DelSqRho =  4.7296571281E-01
GradDelSqRho = -7.7715611724E-16  0.0000000000E+00  4.0440741034E-17
HessDelSqRho_EigVals = -1.1162255778E+01  7.0611742399E-02  7.1243547478E-01
HessDelSqRho_EigVec1 =  8.6552283169E-01  5.0086652117E-01 -1.7192428742E-03
HessDelSqRho_EigVec2 = -4.3770085716E-01  7.5469176218E-01 -4.8873132060E-01
HessDelSqRho_EigVec3 = -2.4349165790E-01  4.2376063062E-01  8.7243265670E-01
</CP of DelSqRho>
<CP of DelSqRho>
CP# = 28      
Type = (3,-1)
Coords = -3.95274226634789E+00 -9.19253610846181E-01  1.25965471512408E-01
DistFromNuc =  1.1903428982E+00
Rho =  2.4432608365E-01
DelSqRho =  7.1690120809E-01
GradDelSqRho = -4.0140113455E-13  6.5913940972E-13 -5.7887722393E-15
HessDelSqRho_EigVals = -1.7083698801E+01 -1.2447536331E+00  2.9097001077E-01
HessDelSqRho_EigVec1 = -5.8151692426E-01  8.0787898618E-01  9.5758083147E-02
HessDelSqRho_EigVec2 =  5.2426761015E-01  4.6214854007E-01 -7.1523576523E-01
HessDelSqRho_EigVec3 =  6.2207840322E-01  3.6571884091E-01  6.9229198294E-01
</CP of DelSqRho>
<CP of DelSqRho>
CP# = 29      
Type = (3,-3)
Coords = -2.62191949201595E+00 -2.11226783119869E+00 -9.24484530794397E-01
DistFromNuc =  1.1403952503E+00
Rho =  2.4764334580E-01
DelSqRho =  8.4363584427E-01
GradDelSqRho = -1.8596235662E-15  5.5511151231E-17  1.6098233857E-15
HessDelSqRho_EigVals = -1.7698408834E+01 -1.9029734122E+00 -5.1819986132E-01
HessDelSqRho_EigVec1 = -5.6801338808E-01  1.9287786426E-01  8.0009931911E-01
HessDelSqRho_EigVec2 =  6.9522520203E-01  6.3274219360E-01  3.4102673635E-01
HessDelSqRho_EigVec3 = -4.4048008971E-01  7.4995696271E-01 -4.9349958931E-01
</CP of DelSqRho>
<CP of DelSqRho>
CP# = 30      
Type = (3,-1)
Coords = -3.60348004246874E+00 -1.52065045227119E+00 -1.07794472587711E+00
DistFromNuc =  1.1880107412E+00
Rho =  2.4436584075E-01
DelSqRho =  7.2214112017E-01
GradDelSqRho = -3.0531133177E-16  3.7470027081E-16  1.8318679906E-15
HessDelSqRho_EigVals = -1.7166957089E+01 -1.3076982053E+00  2.8359814561E-01
HessDelSqRho_EigVec1 =  2.9042869849E-01 -3.0868970874E-01  9.0573828163E-01
HessDelSqRho_EigVec2 =  2.5115774551E-01  9.3794259217E-01  2.3913067697E-01
HessDelSqRho_EigVec3 = -9.2334769072E-01  1.5803277356E-01  3.4993525762E-01
</CP of DelSqRho>
<CP of DelSqRho>
CP# = 31      
Type = (3,-1)
Coords = -4.25362518864413E+00 -2.44631321584780E+00 -1.85576761368515E-04
DistFromNuc =  1.1653377466E+00
Rho =  2.5158483074E-01
DelSqRho =  8.4426161665E-01
GradDelSqRho =  7.3274719625E-15  4.8849813084E-15  1.2793585635E-16
HessDelSqRho_EigVals = -1.6716089209E+01 -3.9149014077E+00  7.9536845305E-02
HessDelSqRho_EigVec1 =  8.6737048667E-01  4.9766296874E-01  9.1641960779E-05
HessDelSqRho_EigVec2 = -2.4775116461E-01  4.3164264903E-01  8.6735458953E-01
HessDelSqRho_EigVec3 = -4.3161070340E-01  7.5234047684E-01 -4.9769067464E-01
</CP of DelSqRho>
<CP of DelSqRho>
CP# = 32      
Type = (3,-3)
Coords = -4.03307945947860E+00 -2.70060096531782E+00  1.89797856587155E-01
DistFromNuc =  1.1646708546E+00
Rho =  2.4941140061E-01
DelSqRho =  8.4707374111E-01
GradDelSqRho =  2.3425705820E-14  4.2299497238E-14 -1.5043521984E-14
HessDelSqRho_EigVals = -1.7297789990E+01 -2.9974545607E+00 -1.3110315842E-01
HessDelSqRho_EigVec1 =  6.7746086710E-01  7.1702044602E-01 -1.6409891388E-01
HessDelSqRho_EigVec2 =  2.4952200999E-01 -4.3388722504E-01 -8.6572550065E-01
HessDelSqRho_EigVec3 =  6.9194330699E-01 -5.4554885751E-01  4.7285399859E-01
</CP of DelSqRho>
<CP of DelSqRho>
CP# = 33      
Type = (3,+1)
Coords = -4.22273166039043E+00 -2.52064913671011E+00  1.60987311938139E+00
DistFromNuc =  1.9950530064E+00
Rho =  7.4594851585E-02
DelSqRho =  1.8428744273E-01
GradDelSqRho = -2.4286128664E-17  1.8908485888E-16  1.1102230246E-16
HessDelSqRho_EigVals = -1.7267002263E+00  2.1445525240E-02  5.7922455276E-01
HessDelSqRho_EigVec1 = -1.4793672248E-01 -6.5633045929E-01  7.3982771937E-01
HessDelSqRho_EigVec2 =  6.3420777454E-01  5.1104439401E-01  5.8018456207E-01
HessDelSqRho_EigVec3 =  7.5887760862E-01 -5.5503509399E-01 -3.4064764725E-01
</CP of DelSqRho>
<CP of DelSqRho>
CP# = 34      
Type = (3,+1)
Coords = -4.30143108327720E+00 -2.38114403010905E+00 -1.61100538726433E+00
DistFromNuc =  1.9951570585E+00
Rho =  7.4583427657E-02
DelSqRho =  1.8422935010E-01
GradDelSqRho =  5.1000870194E-16 -5.1694759584E-16  3.1225022568E-17
HessDelSqRho_EigVals = -1.7258404351E+00  2.1498987905E-02  5.7918050682E-01
HessDelSqRho_EigVec1 =  6.4045553692E-01 -2.0398893307E-01  7.4040881978E-01
HessDelSqRho_EigVec2 =  7.6202400182E-01  2.8877755356E-01 -5.7959205067E-01
HessDelSqRho_EigVec3 = -9.5583083585E-02  9.3541222985E-01  3.4039364622E-01
</CP of DelSqRho>
<CP of DelSqRho>
CP# = 35      
Type = (3,+1)
Coords = -4.96486195269758E+00 -1.19590018648609E+00  7.64635951946243E-01
DistFromNuc =  1.9999326073E+00
Rho =  7.4198974861E-02
DelSqRho =  1.8244559796E-01
GradDelSqRho =  6.2450045135E-16 -2.9143354396E-16 -2.6107588313E-16
HessDelSqRho_EigVals = -1.6955344737E+00  2.5665122484E-02  5.8278279507E-01
HessDelSqRho_EigVec1 =  8.3079549130E-01 -5.5580966125E-01  2.9231354585E-02
HessDelSqRho_EigVec2 =  4.9157643853E-01  7.5738659807E-01  4.2978849001E-01
HessDelSqRho_EigVec3 = -2.6102003125E-01 -3.4269689454E-01  9.0245630463E-01
</CP of DelSqRho>
<CP of DelSqRho>
CP# = 36      
Type = (3,+1)
Coords = -3.53420352263837E+00 -3.69111390411087E+00 -7.65155880634543E-01
DistFromNuc =  1.9999640222E+00
Rho =  7.4190990606E-02
DelSqRho =  1.8245357838E-01
GradDelSqRho = -9.5409791179E-17  4.5796699766E-16 -1.3444106939E-16
HessDelSqRho_EigVals = -1.6961530358E+00  2.5640858224E-02  5.8261316524E-01
HessDelSqRho_EigVec1 = -5.9647631210E-02  9.9778751439E-01 -2.9363859029E-02
HessDelSqRho_EigVec2 =  9.0238070005E-01  4.1320542364E-02 -4.2895417583E-01
HessDelSqRho_EigVec3 =  4.2679179031E-01  5.2083480152E-02  9.0284886821E-01
</CP of DelSqRho>
<Path of -GradDelSqRho>
Starting CP# =      3
Ending CP# =     22
Number of Points =     17
 -3.6063212528E+00 -2.6032181365E+00 -8.0338457896E-01  4.1631696088E-01 -9.8072717869E-01
 -3.5984268618E+00 -2.5872397143E+00 -7.8585264777E-01  4.2779163659E-01 -9.9076517163E-01
 -3.5905384631E+00 -2.5712611945E+00 -7.6831810856E-01  4.4032326741E-01 -1.0210962407E+00
 -3.5826561243E+00 -2.5552829239E+00 -7.5078061728E-01  4.5392425542E-01 -1.0720763522E+00
 -3.5747797220E+00 -2.5393052884E+00 -7.3323988052E-01  4.6860042168E-01 -1.1440139212E+00
 -3.5669089435E+00 -2.5233287197E+00 -7.1569564804E-01  4.8435029291E-01 -1.2370326612E+00
 -3.5590432924E+00 -2.5073537125E+00 -6.9814769441E-01  5.0116443478E-01 -1.3509050154E+00
 -3.5511820974E+00 -2.4913808556E+00 -6.8059578708E-01  5.1902493903E-01 -1.4848613981E+00
 -3.5433245211E+00 -2.4754108843E+00 -6.6303963408E-01  5.3790519089E-01 -1.6373826386E+00
 -3.5354695705E+00 -2.4594447708E+00 -6.4547879789E-01  5.5777006048E-01 -1.8059851512E+00
 -3.5276161124E+00 -2.4434838798E+00 -6.2791254759E-01  5.7857667456E-01 -1.9870097363E+00
 -3.5197629049E+00 -2.4275302511E+00 -6.1033958959E-01  6.0027593427E-01 -2.1754244473E+00
 -3.5119086658E+00 -2.4115871520E+00 -5.9275753927E-01  6.2281494860E-01 -2.3646476244E+00
 -3.5040522342E+00 -2.3956602741E+00 -5.7516177317E-01  6.4614055695E-01 -2.5463852523E+00
 -3.4961929841E+00 -2.3797607539E+00 -5.5754254359E-01  6.7020411684E-01 -2.7104504583E+00
 -3.4883320680E+00 -2.3639148828E+00 -5.3987581032E-01  6.9496770055E-01 -2.8444810104E+00
 -3.4729127475E+00 -2.3402270596E+00 -5.0322622095E-01  7.4198681879E-01 -2.9596901266E+00
</Path of -GradDelSqRho>
<Path of -GradDelSqRho>
Starting CP# =      3
Ending CP# =      0
Number of Points =     29
 -3.6063212528E+00 -2.6032181365E+00 -8.0338457896E-01  4.1631696088E-01 -9.8072717869E-01
 -3.6142211973E+00 -2.6191961716E+00 -8.2091436135E-01  4.0588093105E-01 -9.9068288353E-01
 -3.6221264803E+00 -2.6351735398E+00 -8.3844234483E-01  3.9645990195E-01 -1.0204575660E+00
 -3.6300365433E+00 -2.6511500144E+00 -8.5596898625E-01  3.8802531813E-01 -1.0700288865E+00
 -3.6379507247E+00 -2.6671254184E+00 -8.7349474434E-01  3.8054397979E-01 -1.1395062760E+00
 -3.6458683083E+00 -2.6830996305E+00 -8.9102005232E-01  3.7397816279E-01 -1.2290473727E+00
 -3.6537885828E+00 -2.6990725898E+00 -9.0854528616E-01  3.6828564899E-01 -1.3386880860E+00
 -3.6617109091E+00 -2.7150443027E+00 -9.2607072862E-01  3.6341978386E-01 -1.4680558395E+00
 -3.6696347938E+00 -2.7310148504E+00 -9.4359652831E-01  3.5932976556E-01 -1.6159400746E+00
 -3.6775599748E+00 -2.7469844010E+00 -9.6112265052E-01  3.5596148794E-01 -1.7797281615E+00
 -3.6854865222E+00 -2.7629532292E+00 -9.7864881304E-01  3.5325939451E-01 -1.9548030905E+00
 -3.6934149730E+00 -2.7789217487E+00 -9.9617439585E-01  3.5116990796E-01 -2.1341624739E+00
 -3.7013465030E+00 -2.7948905572E+00 -1.0136983219E+00  3.4964698521E-01 -2.3087493509E+00
 -3.7092830273E+00 -2.8108604464E+00 -1.0312190016E+00  3.4866007017E-01 -2.4692146787E+00
 -3.7172264658E+00 -2.8268320901E+00 -1.0487349480E+00  3.4820401510E-01 -2.6099021829E+00
 -3.7251744252E+00 -2.8428044657E+00 -1.0662481761E+00  3.4830932665E-01 -2.7355351340E+00
 -3.7331124933E+00 -2.8587723391E+00 -1.0837699918E+00  3.4904947465E-01 -2.8702051097E+00
 -3.7410244810E+00 -2.8747303546E+00 -1.1013125707E+00  3.5054037406E-01 -3.0668338888E+00
 -3.7489121375E+00 -2.8906796839E+00 -1.1188739976E+00  3.5292623886E-01 -3.4136508881E+00
 -3.7567850033E+00 -2.9066239491E+00 -1.1364466576E+00  3.5634682394E-01 -4.0330284761E+00
 -3.7646496758E+00 -2.9225655277E+00 -1.1540254229E+00  3.6088422357E-01 -5.0679019227E+00
 -3.7725095782E+00 -2.9385056194E+00 -1.1716076700E+00  3.6649315662E-01 -6.6524628021E+00
 -3.7803664382E+00 -2.9544448181E+00 -1.1891920862E+00  3.7292657139E-01 -8.8673678056E+00
 -3.7882211562E+00 -2.9703834303E+00 -1.2067779910E+00  3.7967679476E-01 -1.1686024827E+01
 -3.7960742120E+00 -2.9863216216E+00 -1.2243650195E+00  3.8595827651E-01 -1.4927490250E+01
 -3.8039258478E+00 -3.0022594835E+00 -1.2419529805E+00  3.9075669437E-01 -1.8239899656E+01
 -3.8117761340E+00 -3.0181970655E+00 -1.2595417976E+00  3.9295630785E-01 -2.1138605646E+01
 -3.8196249188E+00 -3.0341343861E+00 -1.2771315215E+00  3.9153234064E-01 -2.3107470019E+01
 -3.8266864489E+00 -3.0484777097E+00 -1.2929635731E+00  3.8654839797E-01 -2.3744764739E+01
</Path of -GradDelSqRho>
<Path of -GradDelSqRho>
Starting CP# =      4
Ending CP# =     14
Number of Points =     17
 -4.0626501848E+00 -1.8081039708E+00  8.0288054052E-01  4.1636065247E-01 -9.8100503766E-01
 -4.0448656832E+00 -1.8093576031E+00  7.8535513305E-01  4.2783551668E-01 -9.9104589972E-01
 -4.0270841298E+00 -1.8106164661E+00  7.6782710928E-01  4.4036739424E-01 -1.0213851743E+00
 -4.0093058584E+00 -1.8118804448E+00  7.5029612470E-01  4.5396867597E-01 -1.0723781018E+00
 -3.9915311399E+00 -1.8131492408E+00  7.3276188571E-01  4.6864516938E-01 -1.1443321923E+00
 -3.9737601893E+00 -1.8144223699E+00  7.1522414206E-01  4.8439538565E-01 -1.2373700546E+00
 -3.9559931830E+00 -1.8156991590E+00  6.9768266852E-01  5.0120987350E-01 -1.3512628088E+00
 -3.9382302903E+00 -1.8169787387E+00  6.8013723280E-01  5.1907070697E-01 -1.4852393146E+00
 -3.9204717233E+00 -1.8182600240E+00  6.6258754328E-01  5.3795125360E-01 -1.6377786141E+00
 -3.9027178202E+00 -1.8195416798E+00  6.4503316268E-01  5.5781636688E-01 -1.8063951125E+00
 -3.8849691876E+00 -1.8208220569E+00  6.2747336002E-01  5.7862315919E-01 -1.9874274062E+00
 -3.8672269607E+00 -1.8220990792E+00  6.0990684104E-01  6.0032252086E-01 -2.1758411869E+00
 -3.8494933156E+00 -1.8233700300E+00  5.9233121896E-01  6.2286155536E-01 -2.3650523149E+00
 -3.8317725857E+00 -1.8246310993E+00  5.7474186490E-01  6.4618710362E-01 -2.5467641924E+00
 -3.8140740826E+00 -1.8258762458E+00  5.5712901711E-01  6.7025053406E-01 -2.7107872029E+00
 -3.7964211260E+00 -1.8270934613E+00  5.3946859222E-01  6.9501394230E-01 -2.8447559856E+00
 -3.7681949900E+00 -1.8257938918E+00  5.0286829561E-01  7.4199254741E-01 -2.9597850766E+00
</Path of -GradDelSqRho>
<Path of -GradDelSqRho>
Starting CP# =      4
Ending CP# =      0
Number of Points =     29
 -4.0626501848E+00 -1.8081039708E+00  8.0288054052E-01  4.1636065247E-01 -9.8100503766E-01
 -4.0804371623E+00 -1.8068553357E+00  8.2040379182E-01  4.0592450094E-01 -9.9096377390E-01
 -4.0982262656E+00 -1.8056116530E+00  8.3792523745E-01  3.9650342266E-01 -1.0207477980E+00
 -4.1160170161E+00 -1.8043725555E+00  8.5544533534E-01  3.8806886490E-01 -1.0703350147E+00
 -4.1338089263E+00 -1.8031375618E+00  8.7296454537E-01  3.8058762748E-01 -1.1398348923E+00
 -4.1516015290E+00 -1.8019061158E+00  8.9048330195E-01  3.7402198278E-01 -1.2294048103E+00
 -4.1693944118E+00 -1.8006776344E+00  9.0800198206E-01  3.6832970637E-01 -1.3390799680E+00
 -4.1871872571E+00 -1.7994515625E+00  9.2552086912E-01  3.6346413499E-01 -1.4684863980E+00
 -4.2049798859E+00 -1.7982274323E+00  9.4304011180E-01  3.5937445665E-01 -1.6164111878E+00
 -4.2227723116E+00 -1.7970049297E+00  9.6055967447E-01  3.5600655520E-01 -1.7802381560E+00
 -4.2405648085E+00 -1.7957839715E+00  9.7807927254E-01  3.5330486706E-01 -1.9553455769E+00
 -4.2583580082E+00 -1.7945648036E+00  9.9559828143E-01  3.5121581444E-01 -2.1347258553E+00
 -4.2761530262E+00 -1.7933481248E+00  1.0131156164E+00  3.4969336530E-01 -2.3093181287E+00
 -4.2939515211E+00 -1.7921351676E+00  1.0306296767E+00  3.4870699117E-01 -2.4697740751E+00
 -4.3117550497E+00 -1.7909272261E+00  1.0481389669E+00  3.4825159231E-01 -2.6104475637E+00
 -4.3295615019E+00 -1.7897227635E+00  1.0656455236E+00  3.4835774347E-01 -2.7360868078E+00
 -4.3473590160E+00 -1.7885121110E+00  1.0831607384E+00  3.4909899503E-01 -2.8708270356E+00
 -4.3651347516E+00 -1.7872841735E+00  1.1006968519E+00  3.5059133702E-01 -3.0676518777E+00
 -4.3828906293E+00 -1.7860398711E+00  1.1182519213E+00  3.5297902348E-01 -3.4148628653E+00
 -4.4006346256E+00 -1.7847855148E+00  1.1358182860E+00  3.5640177632E-01 -4.0348975213E+00
 -4.4183721425E+00 -1.7835255285E+00  1.1533907908E+00  3.6094154421E-01 -5.0707232189E+00
 -4.4361059529E+00 -1.7822622243E+00  1.1709667980E+00  3.6655275896E-01 -6.6564992832E+00
 -4.4538374468E+00 -1.7809967750E+00  1.1885449879E+00  3.7298793819E-01 -8.8727575014E+00
 -4.4715673460E+00 -1.7797297933E+00  1.2061246760E+00  3.7973887450E-01 -1.1692676969E+01
 -4.4892960371E+00 -1.7784616045E+00  1.2237054953E+00  3.8601947055E-01 -1.4935005294E+01
 -4.5070237221E+00 -1.7771923682E+00  1.2412872535E+00  3.9081497750E-01 -1.8247561106E+01
 -4.5247504796E+00 -1.7759221184E+00  1.2588698738E+00  3.9300949365E-01 -2.1145482867E+01
 -4.5424762488E+00 -1.7746507130E+00  1.2764534069E+00  3.9157845134E-01 -2.3112630747E+01
 -4.5584280094E+00 -1.7735045391E+00  1.2922798915E+00  3.8658693156E-01 -2.3747792884E+01
</Path of -GradDelSqRho>
<Path of -GradDelSqRho>
Starting CP# =      5
Ending CP# =      1
Number of Points =      7
 -3.3687326337E+00 -1.7832568590E+00 -7.5127520006E-02  2.2515517609E+01  1.2342136933E+03
 -3.3501110130E+00 -1.7956615757E+00 -6.3975936502E-02  3.2739009161E+01  9.8369171420E+02
 -3.3314549541E+00 -1.8080241441E+00 -5.2835099473E-02  4.7971633699E+01 -7.8856985343E+02
 -3.3127837159E+00 -1.8203680803E+00 -4.1699028106E-02  7.0597256083E+01 -6.3709884119E+03
 -3.2941015478E+00 -1.8326985784E+00 -3.0566403001E-02  1.0417581111E+02 -2.0571389288E+04
 -3.2754012410E+00 -1.8450067473E+00 -1.9439522467E-02  1.5455118799E+02 -7.5105570185E+04
 -3.2428357881E+00 -1.8663856473E+00 -8.9302520963E-05  2.9730336178E+02 -3.3294081580E+06
</Path of -GradDelSqRho>
<Path of -GradDelSqRho>
Starting CP# =      5
Ending CP# =     17
Number of Points =     41
 -3.3687326337E+00 -1.7832568590E+00 -7.5127520006E-02  2.2515517609E+01  1.2342136933E+03
 -3.3873137840E+00 -1.7708028017E+00 -8.6291616816E-02  1.5606334358E+01  1.1524121478E+03
 -3.4058769166E+00 -1.7583268231E+00 -9.7461221190E-02  1.0921440509E+01  9.8255997063E+02
 -3.4244355776E+00 -1.7458453819E+00 -1.0863215308E-01  7.7544254556E+00  7.7429403334E+02
 -3.4429835699E+00 -1.7333509596E+00 -1.1980629005E-01  5.6215699483E+00  5.7354332086E+02
 -3.4615102842E+00 -1.7208307173E+00 -1.3098681933E-01  4.1860420158E+00  4.0920998240E+02
 -3.4800041364E+00 -1.7082707173E+00 -1.4217715048E-01  3.2172887279E+00  2.8645484088E+02
 -3.4984534410E+00 -1.6956570349E+00 -1.5338061629E-01  2.5604989866E+00  1.9812305692E+02
 -3.5168473126E+00 -1.6829768861E+00 -1.6460017721E-01  2.1123542742E+00  1.3501107770E+02
 -3.5351751364E+00 -1.6702180206E+00 -1.7583855609E-01  1.8035556816E+00  8.9922027321E+01
 -3.5534239294E+00 -1.6573656474E+00 -1.8709895126E-01  1.5872996905E+00  5.7963762828E+01
 -3.5715744925E+00 -1.6443980956E+00 -1.9838598704E-01  1.4319490873E+00  3.5757867255E+01
 -3.5895968099E+00 -1.6312819293E+00 -2.0970667148E-01  1.3162894301E+00  2.0772780386E+01
 -3.6074435586E+00 -1.6179655379E+00 -2.2107148354E-01  1.2263117767E+00  1.1003286256E+01
 -3.6250389348E+00 -1.6043688815E+00 -2.3249586238E-01  1.1529441570E+00  4.8642868702E+00
 -3.6422569453E+00 -1.5903652235E+00 -2.4400232846E-01  1.0904393631E+00  1.1514346216E+00
 -3.6588740421E+00 -1.5757456656E+00 -2.5562309794E-01  1.0352631624E+00 -1.0028139274E+00
 -3.6744470948E+00 -1.5601418437E+00 -2.6740039847E-01  9.8541036984E-01 -2.1906536435E+00
 -3.6879133604E+00 -1.5428369023E+00 -2.7935800798E-01  9.4027874158E-01 -2.7981850038E+00
 -3.6958967040E+00 -1.5224804599E+00 -2.9114306344E-01  9.0253692539E-01 -3.0745030796E+00
 -3.6902357427E+00 -1.5002890397E+00 -2.9983355939E-01  8.8475412114E-01 -3.2043078749E+00
 -3.6740777049E+00 -1.4817386460E+00 -3.0382875986E-01  8.8641585819E-01 -3.3072029192E+00
 -3.6552759861E+00 -1.4654256588E+00 -3.0607444408E-01  8.9316165455E-01 -3.4068745829E+00
 -3.6356189245E+00 -1.4500667959E+00 -3.0769107470E-01  9.0062206867E-01 -3.5041732976E+00
 -3.6154317765E+00 -1.4353722555E+00 -3.0891059612E-01  9.0790436849E-01 -3.5986269559E+00
 -3.5947902847E+00 -1.4212967703E+00 -3.0977781649E-01  9.1480982852E-01 -3.6897021003E+00
 -3.5737262363E+00 -1.4078440622E+00 -3.1030122420E-01  9.2127498779E-01 -3.7768779951E+00
 -3.5522641638E+00 -1.3950264869E+00 -3.1048243013E-01  9.2726359423E-01 -3.8596601408E+00
 -3.5304276351E+00 -1.3828575216E+00 -3.1032143564E-01  9.3274735602E-01 -3.9375883253E+00
 -3.5082403104E+00 -1.3713504756E+00 -3.0981744483E-01  9.3770301438E-01 -4.0102434942E+00
 -3.4857261825E+00 -1.3605182397E+00 -3.0896891979E-01  9.4211207725E-01 -4.0772538571E+00
 -3.4629097085E+00 -1.3503731687E+00 -3.0777349892E-01  9.4596088676E-01 -4.1383001719E+00
 -3.4398159277E+00 -1.3409269571E+00 -3.0622786267E-01  9.4924067348E-01 -4.1931201057E+00
 -3.4164705831E+00 -1.3321904896E+00 -3.0432754789E-01  9.5194755656E-01 -4.2415115884E+00
 -3.3929002482E+00 -1.3241736603E+00 -3.0206669943E-01  9.5408248847E-01 -4.2833351082E+00
 -3.3691324678E+00 -1.3168851548E+00 -2.9943774456E-01  9.5565114812E-01 -4.3185149274E+00
 -3.3451959176E+00 -1.3103321903E+00 -2.9643097373E-01  9.5666378574E-01 -4.3470392294E+00
 -3.3211205944E+00 -1.3045202042E+00 -2.9303401245E-01  9.5713502339E-01 -4.3689592304E+00
 -3.2969380475E+00 -1.2994524899E+00 -2.8923117916E-01  9.5708361467E-01 -4.3843873155E+00
 -3.2726816515E+00 -1.2951297990E+00 -2.8500277586E-01  9.5653216715E-01 -4.3934942678E+00
 -3.2481711924E+00 -1.2915216437E+00 -2.8028109448E-01  9.5549569585E-01 -4.3965058953E+00
</Path of -GradDelSqRho>
<Path of -GradDelSqRho>
Starting CP# =      6
Ending CP# =      1
Number of Points =      7
 -3.2346991506E+00 -2.0170361762E+00  7.4935890719E-02  2.2515868129E+01  1.2342576853E+03
 -3.2359967855E+00 -1.9946979128E+00  6.3786105957E-02  3.2739599587E+01  9.8370915721E+02
 -3.2372406147E+00 -1.9723512159E+00  5.2647079719E-02  4.7972612773E+01 -7.8870482648E+02
 -3.2384606813E+00 -1.9500008294E+00  4.1512824346E-02  7.0598830782E+01 -6.3714257606E+03
 -3.2396636165E+00 -1.9276477970E+00  3.0382019386E-02  1.0417833578E+02 -2.0573016157E+04
 -3.2408380991E+00 -1.9052903881E+00  1.9256965418E-02  1.5455512354E+02 -7.5111083771E+04
 -3.2428357881E+00 -1.8663856473E+00 -8.9302520963E-05  2.9730336178E+02 -3.3294081580E+06
</Path of -GradDelSqRho>
<Path of -GradDelSqRho>
Starting CP# =      6
Ending CP# =     19
Number of Points =     40
 -3.2346991506E+00 -2.0170361762E+00  7.4935890719E-02  2.2515868129E+01  1.2342576853E+03
 -3.2333384445E+00 -2.0393644316E+00  8.6098203995E-02  1.5606540961E+01  1.1524503056E+03
 -3.2319496935E+00 -2.0616882073E+00  9.7266032834E-02  1.0921561181E+01  9.8259133463E+02
 -3.2305539629E+00 -2.0840108824E+00  1.0843519162E-01  7.7544963346E+00  7.7431907954E+02
 -3.2291416290E+00 -2.1063309058E+00  1.1960755999E-01  5.6216141920E+00  5.7356189879E+02
 -3.2276962414E+00 -2.1286456053E+00  1.3078632930E-01  4.1860741336E+00  4.0922272220E+02
 -3.2261999080E+00 -2.1509520224E+00  1.4197491385E-01  3.2173173107E+00  2.8646297517E+02
 -3.2246346971E+00 -2.1732471039E+00  1.5317665138E-01  2.5605287208E+00  1.9812783647E+02
 -3.2229840669E+00 -2.1955279110E+00  1.6439450710E-01  2.1123873770E+00  1.3501349866E+02
 -3.2212320740E+00 -2.2177914684E+00  1.7563120870E-01  1.8035928575E+00  8.9922820766E+01
 -3.2193593837E+00 -2.2400340398E+00  1.8688996048E-01  1.5873407484E+00  5.7963465448E+01
 -3.2173375794E+00 -2.2622499975E+00  1.9817539549E-01  1.4319933427E+00  3.5756880892E+01
 -3.2151226172E+00 -2.2844303188E+00  2.0949453525E-01  1.3163359741E+00  2.0771404712E+01
 -3.2126460114E+00 -2.3065602192E+00  2.2085787960E-01  1.2263596576E+00  1.1001736363E+01
 -3.2098003307E+00 -2.3286146844E+00  2.3228090033E-01  1.1529925037E+00  4.8627072794E+00
