 AIMInt (Version 19.02.13, Professional)
 Portions Copyright (c) 1997-2019 by Todd A. Keith
 AIMInt is a component of the AIMAll package ( http://aim.tkgristmill.com )

 TP:  64-bit Linux

 Licensed To:  Research Group of Fernando Cortes Guzman, UNAM, fercor@unam.mx

 AIMInt is a heavily modified and extended version of the PROAIMV program
 developed by members of R.F.W. Bader's research group

 Much of the Quantum Theory of Atoms in Molecules (QTAIM) is described in the book:
   "Atoms in Molecules - A Quantum Theory"
   R.F.W. Bader, Oxford University Press, Oxford, 1990

 For additional references see:  http://aim.tkgristmill.com/references.html

 Current Directory:  /home/scratch/M_H2O_4_cuadrado_plano/Opt

 Inp File:  Ti2_cuadrado_plano_cc-pvtz-def2-tzv_1_atomicfiles/o8.inp
 Wfx File:  Ti2_cuadrado_plano_cc-pvtz-def2-tzv_1.wfx
 Out File:  Ti2_cuadrado_plano_cc-pvtz-def2-tzv_1_atomicfiles/o8.int

 Wfx Title:   Ti2_cuadrado_plano_cc-pvtz-def2-tzv_1                                         
 Job Title:   Ti2_cuadrado_plano_cc-pvtz-def2-tzv_1                                         
 
<Atom>
O8      
</Atom>
<Nuclei of Molecule>
    13
Ti1       22.0           8.4378387438E-05   2.1694430644E-05  -8.9302361149E-05
O2         8.0           3.2430042257E+00   1.8664288534E+00  -8.9302361149E-05
H3         1.0           4.5665835292E+00   1.7723697378E+00   1.2966959122E+00
O4         8.0          -1.8663227806E+00   3.2429415417E+00  -8.9302361149E-05
H5         1.0          -3.0678132710E+00   3.8224922267E+00  -1.2896107310E+00
O6         8.0          -3.2428354689E+00  -1.8663854646E+00  -8.9302361149E-05
H7         1.0          -3.8294682730E+00  -3.0541543570E+00  -1.2992507720E+00
O8         8.0           1.8664915374E+00  -3.2428981529E+00  -8.9302361149E-05
H9         1.0           3.0694198631E+00  -3.8216928139E+00  -1.2885983291E+00
H10        1.0          -1.7667179437E+00   4.5680530965E+00   1.2947897077E+00
H11        1.0           3.8269943219E+00   3.0559646187E+00  -1.2987715752E+00
H12        1.0           1.7611501181E+00  -4.5711617000E+00   1.2910326109E+00
H13        1.0          -4.5647047776E+00  -1.7730423081E+00   1.2985355039E+00
</Nuclei of Molecule>
<Total Number of CPs of DelSqRho>
    35
</Total Number of CPs of DelSqRho>
<Number of (3,+3) CPs of DelSqRho>
     5
</Number of (3,+3) CPs of DelSqRho>
<Number of (3,+1) CPs of DelSqRho>
    14
</Number of (3,+1) CPs of DelSqRho>
<Number of (3,-1) CPs of DelSqRho>
    10
</Number of (3,-1) CPs of DelSqRho>
<Number of (3,-3) CPs of DelSqRho>
     6
</Number of (3,-3) CPs of DelSqRho>
<Number of Degenerate CPs of DelSqRho>
     0
</Number of Degenerate CPs of DelSqRho>
<CP of DelSqRho>
CP# = 1       
Type = (3,+3)
Coords =  1.86649172099061E+00 -3.24289847171888E+00 -8.93017597269234E-05
DistFromNuc =  3.6795771208E-07
Rho =  2.9730356624E+02
DelSqRho = -3.3294104320E+06
GradDelSqRho =  1.1519296095E-06 -7.7114273154E-06 -8.2764017861E-10
HessDelSqRho_EigVals =  1.3240305658E+11  1.3240307370E+11  1.3240308296E+11
HessDelSqRho_EigVec1 =  7.4756268400E-01  4.3074889651E-01  5.0557434828E-01
HessDelSqRho_EigVec2 = -4.9843894351E-01  8.6692331877E-01 -1.6059131538E-03
HessDelSqRho_EigVec3 = -4.3898593722E-01 -2.5079742328E-01  8.6278154790E-01
</CP of DelSqRho>
<CP of DelSqRho>
CP# = 2       
Type = (3,-1)
Coords =  1.06210019336076E+00 -1.84621302283862E+00  6.06487840854187E-04
DistFromNuc =  1.6117615428E+00
Rho =  1.1630685095E-01
DelSqRho =  3.2135616521E-01
GradDelSqRho =  1.1102230246E-16  8.3266726847E-16  1.0343288726E-16
HessDelSqRho_EigVals = -3.7441319904E-01 -1.4918592522E-01  3.5407252605E+00
HessDelSqRho_EigVec1 =  7.7177215445E-01  4.4415861504E-01  4.5507237480E-01
HessDelSqRho_EigVec2 =  3.9442197781E-01  2.2698495491E-01 -8.9045445345E-01
HessDelSqRho_EigVec3 = -4.9879759928E-01  8.6671849809E-01 -5.2517248799E-06
</CP of DelSqRho>
<CP of DelSqRho>
CP# = 3       
Type = (3,+1)
Coords =  2.61272411791221E+00 -3.60150461060992E+00 -7.96813705119712E-01
DistFromNuc =  1.1490132418E+00
Rho =  4.1639563401E-01
DelSqRho = -9.8137527864E-01
GradDelSqRho =  9.0843998990E-14 -7.8714812446E-14 -1.9872992141E-13
HessDelSqRho_EigVals = -3.1988980286E+01  1.5084795542E+01  1.5916687901E+01
HessDelSqRho_EigVec1 =  6.4736203595E-01 -3.1170582651E-01 -6.9552992181E-01
HessDelSqRho_EigVec2 =  7.4727887809E-01  4.3915087389E-01  4.9871914774E-01
HessDelSqRho_EigVec3 = -1.4998890884E-01  8.4260666249E-01 -5.1722078414E-01
</CP of DelSqRho>
<CP of DelSqRho>
CP# = 4       
Type = (3,+1)
Coords =  1.80075954237955E+00 -4.06665274702693E+00  7.98242835964812E-01
DistFromNuc =  1.1490111095E+00
Rho =  4.1638558143E-01
DelSqRho = -9.8120647162E-01
GradDelSqRho =  5.8508753398E-14 -3.1291635949E-13  4.9188431106E-13
HessDelSqRho_EigVals = -3.1986101194E+01  1.5083109185E+01  1.5914544150E+01
HessDelSqRho_EigVec1 =  5.6497533672E-02  7.1490392332E-01 -6.9693644553E-01
HessDelSqRho_EigVec2 =  7.5448196887E-01  4.2660391278E-01  4.9876453388E-01
HessDelSqRho_EigVec3 =  6.5388453670E-01 -5.5400494764E-01 -5.1528005069E-01
</CP of DelSqRho>
<CP of DelSqRho>
CP# = 5       
Type = (3,+1)
Coords =  2.01629405758594E+00 -3.23489268222110E+00  7.66324671642947E-02
DistFromNuc =  1.6849662472E-01
Rho =  2.2515558692E+01
DelSqRho =  1.2342242200E+03
GradDelSqRho = -6.6734173743E-11 -6.8212102633E-13 -3.9991121525E-11
HessDelSqRho_EigVals = -4.0961317369E+05  1.7858815091E+03  3.3393767883E+03
HessDelSqRho_EigVec1 =  8.8825288679E-01  5.2498384773E-02  4.5634496679E-01
HessDelSqRho_EigVec2 = -1.5879928367E-01  9.6729069152E-01  1.9781684864E-01
HessDelSqRho_EigVec3 = -4.3103317346E-01 -2.4817864069E-01  8.6753545500E-01
</CP of DelSqRho>
<CP of DelSqRho>
CP# = 6       
Type = (3,+1)
Coords =  1.78439630851733E+00 -3.36856628415582E+00 -7.66315069696792E-02
DistFromNuc =  1.6849574153E-01
Rho =  2.2515743875E+01
DelSqRho =  1.2342462106E+03
GradDelSqRho =  1.3910650409E-11  1.8644641386E-11  9.6918029158E-12
HessDelSqRho_EigVals = -4.0963371641E+05  1.7846839548E+03  3.3384760760E+03
HessDelSqRho_EigVec1 =  4.9113338931E-01  7.4262650779E-01  4.5529535889E-01
HessDelSqRho_EigVec2 =  7.5630442381E-01 -6.2286411210E-01  2.0010976085E-01
HessDelSqRho_EigVec3 = -4.3219395233E-01 -2.4606130899E-01  8.6756107554E-01
</CP of DelSqRho>
<CP of DelSqRho>
CP# = 7       
Type = (3,-3)
Coords =  1.86232479867198E+00 -3.11387592806472E+00 -1.06158611387446E-01
DistFromNuc =  1.6707721125E-01
Rho =  2.2686397822E+01
DelSqRho =  1.2967407828E+03
GradDelSqRho = -6.5369931690E-13  8.4128259914E-12 -8.0433437688E-12
HessDelSqRho_EigVals = -4.4875208946E+05 -3.5554736211E+03 -8.0676261893E+02
HessDelSqRho_EigVec1 = -2.7581642589E-02  7.7408271166E-01 -6.3248336619E-01
HessDelSqRho_EigVec2 =  7.5184398657E-01  4.3303886503E-01  4.9720012192E-01
HessDelSqRho_EigVec3 =  6.5876389766E-01 -4.6181521941E-01 -5.9393335507E-01
</CP of DelSqRho>
<CP of DelSqRho>
CP# = 8       
Type = (3,-1)
Coords =  1.95071893037139E+00 -3.38939320433173E+00  9.27701839392141E-05
DistFromNuc =  1.6898250498E-01
Rho =  2.2310060209E+01
DelSqRho =  1.2449686857E+03
GradDelSqRho = -1.9205970148E-11  2.8549607123E-11  1.3677947663E-13
HessDelSqRho_EigVals = -4.0213906327E+05 -1.2558022903E+03  1.9717561155E+03
HessDelSqRho_EigVec1 = -4.9843520657E-01  8.6692628878E-01 -1.0745543140E-03
HessDelSqRho_EigVec2 =  7.5225823610E-01  4.3312275836E-01  4.9649997221E-01
HessDelSqRho_EigVec3 = -4.3089429222E-01 -2.4666472388E-01  8.6803607237E-01
</CP of DelSqRho>
<CP of DelSqRho>
CP# = 9       
Type = (3,-3)
Coords =  1.75688151662948E+00 -3.17422910672150E+00  1.05670109403252E-01
DistFromNuc =  1.6707737046E-01
Rho =  2.2686381567E+01
DelSqRho =  1.2967342749E+03
GradDelSqRho = -2.1600499167E-12 -2.0463630790E-12  7.9580786405E-13
HessDelSqRho_EigVals = -4.4874772216E+05 -3.5550835593E+03 -8.0598297166E+02
HessDelSqRho_EigVec1 =  6.5631641969E-01 -4.1421026934E-01 -6.3061764170E-01
HessDelSqRho_EigVec2 =  7.5146846153E-01  4.3355028037E-01  4.9732213475E-01
HessDelSqRho_EigVec3 = -6.7408519977E-02  8.0028995194E-01 -5.9581212162E-01
</CP of DelSqRho>
<CP of DelSqRho>
CP# = 10      
Type = (3,-1)
Coords =  1.45839345270828E+00 -3.20851439230238E+00  5.88482415270304E-01
DistFromNuc =  7.1703762558E-01
Rho =  6.7164264345E-01
DelSqRho = -9.9699791201E-01
GradDelSqRho =  1.8296475446E-13 -2.9309887850E-14 -4.9116266609E-13
HessDelSqRho_EigVals = -1.6304628794E+01 -1.1557529613E+01  1.4316772482E+02
HessDelSqRho_EigVec1 = -2.8105946680E-01  9.1437063525E-01 -2.9143081085E-01
HessDelSqRho_EigVec2 =  7.6433206767E-01  3.9691234102E-01  5.0819000765E-01
HessDelSqRho_EigVec3 = -5.8034650550E-01  7.9918301650E-02  8.1043876919E-01
</CP of DelSqRho>
<CP of DelSqRho>
CP# = 11      
Type = (3,-1)
Coords =  2.04244501019002E+00 -2.87381545224068E+00 -5.89099975687063E-01
DistFromNuc =  7.1701829668E-01
Rho =  6.7165192236E-01
DelSqRho = -9.9697804882E-01
GradDelSqRho =  8.8817841970E-16 -2.5535129566E-14  2.7533531011E-14
HessDelSqRho_EigVals = -1.6301484083E+01 -1.1559003095E+01  1.4318281377E+02
HessDelSqRho_EigVec1 =  6.4963660722E-01 -7.0295704836E-01 -2.8952317131E-01
HessDelSqRho_EigVec2 =  7.2669245654E-01  4.6228492528E-01  5.0814439037E-01
HessDelSqRho_EigVec3 = -2.2336148318E-01 -5.4050350232E-01  8.1115079474E-01
</CP of DelSqRho>
<CP of DelSqRho>
CP# = 12      
Type = (3,-1)
Coords =  2.22636062750221E+00 -3.86821904515571E+00  7.58840718596236E-04
DistFromNuc =  7.2147952135E-01
Rho =  6.7723054211E-01
DelSqRho = -1.1165737043E+00
GradDelSqRho = -1.7763568394E-15  1.0658141036E-14 -3.2057689836E-15
HessDelSqRho_EigVals = -1.8057559965E+01 -5.1212554389E+00  1.3701907774E+02
HessDelSqRho_EigVec1 = -4.4951450058E-01 -2.5753464408E-01  8.5534356890E-01
HessDelSqRho_EigVec2 =  7.4104356947E-01  4.2716322621E-01  5.1805984820E-01
HessDelSqRho_EigVec3 = -4.9878967703E-01  8.6672226536E-01 -1.1716723774E-03
</CP of DelSqRho>
<CP of DelSqRho>
CP# = 13      
Type = (3,+3)
Coords =  1.82113908919576E+00 -3.77071652917134E+00  4.99883250157090E-01
DistFromNuc =  7.2843780531E-01
Rho =  7.4199370166E-01
DelSqRho = -2.9598968454E+00
GradDelSqRho =  1.7763568394E-15  4.4408920985E-15  2.6645352591E-15
HessDelSqRho_EigVals =  1.1159778649E+01  2.2184846012E+01  1.3398390451E+02
HessDelSqRho_EigVec1 =  7.5185005978E-01  4.1262915193E-01  5.1425545265E-01
HessDelSqRho_EigVec2 = -6.5610626429E-01  5.4530797297E-01  5.2169319007E-01
HessDelSqRho_EigVec3 =  6.5161779892E-02  7.2964128008E-01 -6.8071840349E-01
</CP of DelSqRho>
<CP of DelSqRho>
CP# = 14      
Type = (3,+1)
Coords =  1.50913255838350E+00 -3.80551869897211E+00  1.92124949771060E-01
DistFromNuc =  6.9368122182E-01
Rho =  7.7602121008E-01
DelSqRho = -2.5031509619E+00
GradDelSqRho = -1.6875389974E-14 -2.0428103653E-14  1.1546319456E-14
HessDelSqRho_EigVals = -1.2374869180E+01  1.2928292851E+01  1.8216840650E+02
HessDelSqRho_EigVec1 =  5.7220602614E-01 -2.2055170991E-01  7.8989695968E-01
HessDelSqRho_EigVec2 =  5.8830321603E-01 -5.6066165042E-01 -5.8271591686E-01
HessDelSqRho_EigVec3 =  5.7138392493E-01  7.9813248086E-01 -1.9106269476E-01
</CP of DelSqRho>
<CP of DelSqRho>
CP# = 15      
Type = (3,+1)
Coords =  2.13274790671399E+00 -3.44702434719840E+00  6.08014281486805E-01
DistFromNuc =  6.9451416553E-01
Rho =  7.7095598926E-01
DelSqRho = -2.4294806868E+00
GradDelSqRho = -3.9968028887E-15  1.4432899320E-15  1.0658141036E-14
HessDelSqRho_EigVals = -1.2997140437E+01  1.2267816168E+01  1.8039778494E+02
HessDelSqRho_EigVec1 =  5.2481458397E-01  8.4903183456E-01 -6.0947488525E-02
HessDelSqRho_EigVec2 =  7.2501090945E-01 -4.8337233859E-01 -4.9062242455E-01
HessDelSqRho_EigVec3 =  4.4601438725E-01 -2.1329820954E-01  8.6923819530E-01
</CP of DelSqRho>
<CP of DelSqRho>
CP# = 16      
Type = (3,+3)
Coords =  1.29478417266691E+00 -3.24797332913230E+00 -2.86587508013822E-01
DistFromNuc =  6.3949690391E-01
Rho =  9.5558871525E-01
DelSqRho = -4.3971361040E+00
GradDelSqRho = -3.9079850467E-14  7.9936057773E-15 -1.7763568394E-14
HessDelSqRho_EigVals =  9.3211524713E+00  2.3732551232E+01  3.3080439532E+02
HessDelSqRho_EigVec1 = -1.3202764923E-01  9.7093873828E-01  1.9961629779E-01
HessDelSqRho_EigVec2 = -4.3369856289E-01 -2.3766349615E-01  8.6914994054E-01
HessDelSqRho_EigVec3 =  8.9133285387E-01  2.8178521999E-02  4.5247288815E-01
</CP of DelSqRho>
<CP of DelSqRho>
CP# = 17      
Type = (3,+3)
Coords =  2.15769859867833E+00 -2.75050595978978E+00  2.85799071166172E-01
DistFromNuc =  6.3951840197E-01
Rho =  9.5552995964E-01
DelSqRho = -4.3967789065E+00
GradDelSqRho =  4.6185277824E-14  7.2830630415E-14  2.6645352591E-14
HessDelSqRho_EigVals =  9.3201226204E+00  2.3733095670E+01  3.3070647484E+02
HessDelSqRho_EigVec1 =  7.7313460964E-01 -6.0138496492E-01  2.0149193367E-01
HessDelSqRho_EigVec2 = -4.2416394860E-01 -2.5407422970E-01  8.6921299490E-01
HessDelSqRho_EigVec3 =  4.7153771862E-01  7.5748426371E-01  4.5151940175E-01
</CP of DelSqRho>
<CP of DelSqRho>
CP# = 18      
Type = (3,+1)
Coords =  2.53272429131131E+00 -3.21685953028983E+00 -1.91489301231834E-01
DistFromNuc =  6.9366998771E-01
Rho =  7.7604372674E-01
DelSqRho = -2.5032088225E+00
GradDelSqRho = -3.5171865420E-13 -2.1271873152E-13 -3.1441516057E-13
HessDelSqRho_EigVals = -1.2376668112E+01  1.2927173954E+01  1.8218343143E+02
HessDelSqRho_EigVec1 =  9.5694483233E-02  6.0712760555E-01  7.8882104210E-01
HessDelSqRho_EigVec2 = -1.8856919182E-01  7.8916534546E-01 -5.8451665282E-01
HessDelSqRho_EigVec3 =  9.7738642602E-01  9.2812327367E-02 -1.9000433183E-01
</CP of DelSqRho>
<CP of DelSqRho>
CP# = 19      
Type = (3,+1)
Coords =  1.90994853521504E+00 -3.57683139006590E+00 -6.07482678071922E-01
DistFromNuc =  6.9449739412E-01
Rho =  7.7100625134E-01
DelSqRho = -2.4300969566E+00
GradDelSqRho = -7.6161299489E-14  2.1938006967E-13  3.0375701954E-13
HessDelSqRho_EigVals = -1.2996203012E+01  1.2272053207E+01  1.8043266686E+02
HessDelSqRho_EigVec1 =  9.9783864006E-01  2.7147692776E-02 -5.9841884888E-02
HessDelSqRho_EigVec2 = -5.3162800828E-02  8.6877754735E-01 -4.9234062379E-01
HessDelSqRho_EigVec3 =  3.8623373986E-02  4.9445786069E-01  8.6834305374E-01
</CP of DelSqRho>
<CP of DelSqRho>
CP# = 20      
Type = (3,+1)
Coords =  1.53600584421438E+00 -2.66866436772814E+00 -7.49831126747895E-04
DistFromNuc =  6.6254484351E-01
Rho =  8.7729974293E-01
DelSqRho = -3.6417064505E+00
GradDelSqRho =  5.3290705182E-15 -4.6185277824E-14  9.8462904496E-15
HessDelSqRho_EigVals = -6.1236682840E+00  2.0449757682E+01  2.5815342967E+02
HessDelSqRho_EigVec1 =  7.4979203922E-01  4.3211810273E-01  5.0108466671E-01
HessDelSqRho_EigVec2 = -4.3474290118E-01 -2.4916966907E-01  8.6539764611E-01
HessDelSqRho_EigVec3 = -4.9880908953E-01  8.6671126755E-01 -1.0348433551E-03
</CP of DelSqRho>
<CP of DelSqRho>
CP# = 21      
Type = (3,+3)
Coords =  2.34620208941975E+00 -3.46984011264644E+00 -4.99070563766983E-01
DistFromNuc =  7.2842787295E-01
Rho =  7.4202997798E-01
DelSqRho = -2.9603626551E+00
GradDelSqRho =  1.5099033135E-14  3.9968028887E-15  2.4868995752E-14
HessDelSqRho_EigVals =  1.1161371307E+01  2.2187400317E+01  1.3399737809E+02
HessDelSqRho_EigVec1 =  7.3396657289E-01  4.4370372666E-01  5.1421792348E-01
HessDelSqRho_EigVec2 =  1.4124833544E-01 -8.4027449558E-01  5.2343832474E-01
HessDelSqRho_EigVec3 =  6.6433574163E-01 -3.1155380759E-01 -6.7940580463E-01
</CP of DelSqRho>
<CP of DelSqRho>
CP# = 22      
Type = (3,-3)
Coords =  1.19653885753842E+00 -3.14730404349323E+00  9.17857330466693E-01
DistFromNuc =  1.1404388838E+00
Rho =  2.4764927570E-01
DelSqRho =  8.4352529517E-01
GradDelSqRho = -3.6082248300E-16  5.8286708793E-16  6.2450045135E-16
HessDelSqRho_EigVals = -1.7694426260E+01 -1.9037498057E+00 -5.1791656147E-01
HessDelSqRho_EigVec1 = -5.9623713037E-01  1.1538344441E-01  7.9447337597E-01
HessDelSqRho_EigVec2 =  2.7821967119E-01 -8.9859169253E-01  3.3930338148E-01
HessDelSqRho_EigVec3 =  7.5305716844E-01  4.2334339593E-01  5.0367178816E-01
</CP of DelSqRho>
<CP of DelSqRho>
CP# = 23      
Type = (3,+1)
Coords =  1.25118982053130E+00 -2.17124377811198E+00 -6.65081907924584E-05
DistFromNuc =  1.2357343170E+00
Rho =  2.4451650225E-01
DelSqRho =  4.7299674343E-01
GradDelSqRho = -5.2319260035E-14  5.6787907710E-14 -8.1341183789E-15
HessDelSqRho_EigVals = -1.1163110610E+01  7.1043979279E-02  7.1215895187E-01
HessDelSqRho_EigVec1 = -4.9791468847E-01  8.6722601483E-01  4.7035629567E-05
HessDelSqRho_EigVec2 =  7.5171044735E-01  4.3156479512E-01  4.9868149249E-01
HessDelSqRho_EigVec3 = -4.3244926448E-01 -2.4833619715E-01  8.6678530608E-01
</CP of DelSqRho>
<CP of DelSqRho>
CP# = 24      
Type = (3,-3)
Coords =  2.13056740117714E+00 -4.36068868695187E+00 -1.93082265592971E-01
DistFromNuc =  1.1646621930E+00
Rho =  2.4941468996E-01
DelSqRho =  8.4715717213E-01
GradDelSqRho = -5.7821802901E-13  6.4346306061E-12  1.5735190928E-12
HessDelSqRho_EigVals = -1.7299022327E+01 -2.9979469726E+00 -1.3160562606E-01
HessDelSqRho_EigVec1 = -2.2546723962E-01  9.5986713640E-01  1.6679209910E-01
HessDelSqRho_EigVec2 = -4.4347278565E-01 -2.5355156452E-01  8.5967638825E-01
HessDelSqRho_EigVec3 =  8.6746551070E-01  1.1986110541E-01  4.8284252418E-01
</CP of DelSqRho>
<CP of DelSqRho>
CP# = 25      
Type = (3,-1)
Coords =  9.18938770629836E-01 -3.95454400487826E+00  1.12295547540493E-01
DistFromNuc =  1.1903471842E+00
Rho =  2.4431430591E-01
DelSqRho =  7.1691586134E-01
GradDelSqRho =  1.0686451724E-12  6.9411143500E-13 -1.0574180420E-13
HessDelSqRho_EigVals = -1.7084385847E+01 -1.2431062180E+00  2.9092725573E-01
HessDelSqRho_EigVec1 =  8.0813933870E-01  5.8293832818E-01 -8.4224193586E-02
HessDelSqRho_EigVec2 = -4.5512699902E-01  5.2728336120E-01 -7.1751771529E-01
HessDelSqRho_EigVec3 = -3.7385856151E-01  6.1818699641E-01  6.9142939875E-01
</CP of DelSqRho>
<CP of DelSqRho>
CP# = 26      
Type = (3,-3)
Coords =  2.12135121690189E+00 -2.61733471601895E+00 -9.18911364194136E-01
DistFromNuc =  1.1404021444E+00
Rho =  2.4763402265E-01
DelSqRho =  8.4363467951E-01
GradDelSqRho = -5.2530688133E-12 -8.8228035988E-12  4.0257241984E-12
HessDelSqRho_EigVals = -1.7698566535E+01 -1.9020996003E+00 -5.1786541620E-01
HessDelSqRho_EigVec1 = -2.0059337580E-01 -5.7202584855E-01  7.9532931932E-01
HessDelSqRho_EigVec2 = -6.3761274903E-01  6.9258250744E-01  3.3731209979E-01
HessDelSqRho_EigVec3 =  7.4378241433E-01  4.3944954088E-01  5.0365843699E-01
</CP of DelSqRho>
<CP of DelSqRho>
CP# = 27      
Type = (3,-1)
Coords =  2.34021029829227E+00 -3.13128152901222E+00  1.08363061023470E+00
DistFromNuc =  1.1879884613E+00
Rho =  2.4436662083E-01
DelSqRho =  7.2224477918E-01
GradDelSqRho = -5.1930681977E-14 -1.6688039839E-14 -9.9531494158E-14
HessDelSqRho_EigVals = -1.7169308421E+01 -1.3077865129E+00  2.8347165264E-01
HessDelSqRho_EigVec1 =  3.9629801175E-01  1.1584638729E-01  9.1078400317E-01
HessDelSqRho_EigVec2 =  2.5781501602E-01  9.3805207546E-01 -2.3149453827E-01
HessDelSqRho_EigVec3 = -8.8118063040E-01  3.2655461762E-01  3.4188123423E-01
</CP of DelSqRho>
<CP of DelSqRho>
CP# = 28      
Type = (3,-1)
Coords =  1.53300576863999E+00 -3.59888005095400E+00 -1.08329899190336E+00
DistFromNuc =  1.1879726854E+00
Rho =  2.4435283461E-01
DelSqRho =  7.2237917714E-01
GradDelSqRho =  7.6327832943E-16 -4.1633363423E-17 -9.4368957093E-16
HessDelSqRho_EigVals = -1.7173874954E+01 -1.3060697909E+00  2.8302737734E-01
HessDelSqRho_EigVec1 =  2.9841517377E-01  2.8653299317E-01  9.1041047220E-01
HessDelSqRho_EigVec2 = -9.4084832564E-01  2.4869440520E-01  2.3012066610E-01
HessDelSqRho_EigVec3 =  1.6047682762E-01  9.2522966697E-01 -3.4379827100E-01
</CP of DelSqRho>
<CP of DelSqRho>
CP# = 29      
Type = (3,-1)
Coords =  2.44784320098293E+00 -4.25286178770119E+00  1.34260894914172E-03
DistFromNuc =  1.1653318630E+00
Rho =  2.5159434697E-01
DelSqRho =  8.4432092026E-01
GradDelSqRho = -1.4432899320E-15  3.3306690739E-16 -2.7321894747E-17
HessDelSqRho_EigVals = -1.6715021498E+01 -3.9182013470E+00  7.9788802578E-02
HessDelSqRho_EigVec1 = -4.9886952600E-01  8.6667623488E-01 -1.2247151536E-03
HessDelSqRho_EigVec2 = -4.4080938234E-01 -2.5251812839E-01  8.6134875821E-01
HessDelSqRho_EigVec3 =  7.4620123591E-01  4.3024051266E-01  5.0801261480E-01
</CP of DelSqRho>
<CP of DelSqRho>
CP# = 30      
Type = (3,-3)
Coords =  2.70014018804812E+00 -4.03232387672341E+00  1.95565464716491E-01
DistFromNuc =  1.1646646874E+00
Rho =  2.4941324985E-01
DelSqRho =  8.4715528531E-01
GradDelSqRho =  0.0000000000E+00 -5.5511151231E-16 -5.2735593670E-16
HessDelSqRho_EigVals = -1.7299238699E+01 -2.9976098958E+00 -1.3158722604E-01
HessDelSqRho_EigVec1 =  7.1652150141E-01 -6.7676520125E-01  1.6907335804E-01
HessDelSqRho_EigVec2 =  4.4306312061E-01  2.5432576940E-01 -8.5965892898E-01
HessDelSqRho_EigVec3 =  5.3878753621E-01  6.9087427611E-01  4.8207958413E-01
</CP of DelSqRho>
<CP of DelSqRho>
CP# = 31      
Type = (3,-1)
Coords =  2.95806741053982E+00 -2.78152076414782E+00 -1.11988157036171E-01
DistFromNuc =  1.1903479892E+00
Rho =  2.4431458764E-01
DelSqRho =  7.1692205516E-01
GradDelSqRho = -8.0491169285E-16 -1.8041124150E-15  9.4846006049E-16
HessDelSqRho_EigVals = -1.7084437543E+01 -1.2439548210E+00  2.9107710521E-01
HessDelSqRho_EigVec1 =  9.1020591718E-01  4.0558037843E-01 -8.3843574350E-02
HessDelSqRho_EigVec2 = -2.2800730662E-01  6.5972724812E-01  7.1608143825E-01
HessDelSqRho_EigVec3 =  3.4574247130E-01 -6.3266461472E-01  6.9296293467E-01
</CP of DelSqRho>
<CP of DelSqRho>
CP# = 32      
Type = (3,+1)
Coords =  2.50416246370590E+00 -4.22871808897116E+00  1.61282505203488E+00
DistFromNuc =  1.9949831757E+00
Rho =  7.4602721888E-02
DelSqRho =  1.8429805283E-01
GradDelSqRho = -2.2898349883E-16  4.1633363423E-17  1.0755285551E-16
HessDelSqRho_EigVals = -1.7263373288E+00  2.1418284562E-02  5.7930093900E-01
HessDelSqRho_EigVec1 =  6.4789491931E-01 -1.4979765040E-01  7.4685529889E-01
HessDelSqRho_EigVec2 =  5.1955338756E-01 -6.3010281653E-01 -5.7709160285E-01
HessDelSqRho_EigVec3 =  5.5704259354E-01  7.6192591801E-01 -3.3041253676E-01
</CP of DelSqRho>
<CP of DelSqRho>
CP# = 33      
Type = (3,+1)
Coords =  2.40083330085417E+00 -4.29367710346131E+00 -1.60951256137978E+00
DistFromNuc =  1.9949688594E+00
Rho =  7.4602249808E-02
DelSqRho =  1.8431649099E-01
GradDelSqRho =  1.8735013541E-16  1.6722734308E-15  1.6098233857E-15
HessDelSqRho_EigVals = -1.7270650351E+00  2.1431708399E-02  5.7923783916E-01
HessDelSqRho_EigVec1 =  1.9484000881E-01  6.3784833442E-01  7.4510863184E-01
HessDelSqRho_EigVec2 = -2.8426921291E-01  7.6378534564E-01 -5.7950233855E-01
HessDelSqRho_EigVec3 =  9.3873765534E-01  9.8901203554E-02 -3.3013658746E-01
</CP of DelSqRho>
<CP of DelSqRho>
CP# = 34      
Type = (3,+1)
Coords =  1.18966780368458E+00 -4.96907769564498E+00  7.49383790105486E-01
DistFromNuc =  1.9998740202E+00
Rho =  7.4204790960E-02
DelSqRho =  1.8246717889E-01
GradDelSqRho =  5.9154070531E-16  3.7470027081E-16  1.2316536679E-16
HessDelSqRho_EigVals = -1.6955996884E+00  2.5672238030E-02  5.8287403086E-01
HessDelSqRho_EigVec1 =  5.5485805062E-01  8.3103460219E-01  3.8910584928E-02
HessDelSqRho_EigVec2 =  7.6198749567E-01 -4.8887149705E-01 -4.2471133234E-01
HessDelSqRho_EigVec3 =  3.3392753721E-01 -2.6530388110E-01  9.0449226120E-01
</CP of DelSqRho>
<CP of DelSqRho>
CP# = 35      
Type = (3,+1)
Coords =  3.69992376069878E+00 -3.52619423040982E+00 -7.46878825261703E-01
DistFromNuc =  1.9998562390E+00
Rho =  7.4204493553E-02
DelSqRho =  1.8246377365E-01
GradDelSqRho = -7.6327832943E-17 -1.0234868508E-16  3.9898639947E-17
HessDelSqRho_EigVals = -1.6955330491E+00  2.5719294373E-02  5.8293688778E-01
HessDelSqRho_EigVec1 =  9.9724853990E-01  6.2495572771E-02  3.9870453313E-02
HessDelSqRho_EigVec2 = -3.9558450071E-02  9.0349941669E-01 -4.2675980723E-01
HessDelSqRho_EigVec3 = -6.2693529900E-02  4.2400838131E-01  9.0348570209E-01
</CP of DelSqRho>
<Path of -GradDelSqRho>
Starting CP# =      3
Ending CP# =      0
Number of Points =     29
  2.6127241179E+00 -3.6015046106E+00 -7.9681370512E-01  4.1639563401E-01 -9.8137527864E-01
  2.6289079196E+00 -3.6093000192E+00 -8.1420094655E-01  4.0595915808E-01 -9.9133622162E-01
  2.6450910366E+00 -3.6171008484E+00 -8.3158639411E-01  3.9653779951E-01 -1.0211270023E+00
  2.6612732461E+00 -3.6249065404E+00 -8.4897050365E-01  3.8810300505E-01 -1.0707256528E+00
  2.6774543750E+00 -3.6327164319E+00 -8.6635373299E-01  3.8062157209E-01 -1.1402416193E+00
  2.6936343050E+00 -3.6405298031E+00 -8.8373651452E-01  3.7405576871E-01 -1.2298320159E+00
  2.7098129785E+00 -3.6483459375E+00 -9.0111922331E-01  3.6836336436E-01 -1.3395313832E+00
  2.7259904044E+00 -3.6561641891E+00 -9.1850214117E-01  3.6349768828E-01 -1.4689644858E+00
  2.7421666662E+00 -3.6639840570E+00 -9.3588541541E-01  3.5940792045E-01 -1.6169162783E+00
  2.7583419338E+00 -3.6718052701E+00 -9.5326900939E-01  3.5603993757E-01 -1.7807673782E+00
  2.7745164842E+00 -3.6796278899E+00 -9.7065263793E-01  3.5333817220E-01 -1.9558918436E+00
  2.7906907335E+00 -3.6874524432E+00 -9.8803567627E-01  3.5124904938E-01 -2.1352775052E+00
  2.8068652831E+00 -3.6952800954E+00 -1.0054170400E+00  3.4972655086E-01 -2.3098602617E+00
  2.8230409292E+00 -3.7031127497E+00 -1.0227951295E+00  3.4874017744E-01 -2.4702929673E+00
  2.8392183487E+00 -3.7109523122E+00 -1.0401684525E+00  3.4828487719E-01 -2.6109394771E+00
  2.8553965081E+00 -3.7187963789E+00 -1.0575390534E+00  3.4839129029E-01 -2.7365716258E+00
  2.8715701388E+00 -3.7266305720E+00 -1.0749183234E+00  3.4913304252E-01 -2.8713652313E+00
  2.8877338690E+00 -3.7344388059E+00 -1.0923184726E+00  3.5062619237E-01 -3.0683606035E+00
  2.9038888851E+00 -3.7422228562E+00 -1.1097375415E+00  3.5301502852E-01 -3.4159242449E+00
  2.9200388212E+00 -3.7499922082E+00 -1.1271678805E+00  3.5643923850E-01 -4.0365506766E+00
  2.9361860610E+00 -3.7577534132E+00 -1.1446043463E+00  3.6098063193E-01 -5.0732321668E+00
  2.9523318072E+00 -3.7655098705E+00 -1.1620443075E+00  3.6659337239E-01 -6.6600924257E+00
  2.9684766557E+00 -3.7732632964E+00 -1.1794864477E+00  3.7302958086E-01 -8.8775421410E+00
  2.9846209141E+00 -3.7810145852E+00 -1.1969300838E+00  3.7978056505E-01 -1.1698545245E+01
  3.0007647487E+00 -3.7887642137E+00 -1.2143748498E+00  3.8605974080E-01 -1.4941564392E+01
  3.0169082515E+00 -3.7965124217E+00 -1.2318205539E+00  3.9085199472E-01 -1.8254131729E+01
  3.0330514722E+00 -3.8042592777E+00 -1.2492671193E+00  3.9304131477E-01 -2.1151201018E+01
  3.0491944305E+00 -3.8120046260E+00 -1.2667145970E+00  3.9160336889E-01 -2.3116649442E+01
  3.0637228308E+00 -3.8189730528E+00 -1.2824186287E+00  3.8660465371E-01 -2.3749767862E+01
</Path of -GradDelSqRho>
<Path of -GradDelSqRho>
Starting CP# =      3
Ending CP# =     21
Number of Points =     17
  2.6127241179E+00 -3.6015046106E+00 -7.9681370512E-01  4.1639563401E-01 -9.8137527864E-01
  2.5965399077E+00 -3.5937148323E+00 -7.7942432071E-01  4.2787086541E-01 -9.9141826010E-01
  2.5803555734E+00 -3.5859311207E+00 -7.6203233541E-01  4.4040314991E-01 -1.0217636869E+00
  2.5641714572E+00 -3.5781535362E+00 -7.4463740627E-01  4.5400487381E-01 -1.0727664474E+00
  2.5479879398E+00 -3.5703819463E+00 -7.2723924108E-01  4.6868183863E-01 -1.1447336437E+00
  2.5318054475E+00 -3.5626160269E+00 -7.0983759075E-01  4.8443254842E-01 -1.2377874184E+00
  2.5156244685E+00 -3.5548552684E+00 -6.9243223117E-01  5.0124754380E-01 -1.3516983629E+00
  2.4994455836E+00 -3.5470989836E+00 -6.7502293120E-01  5.1910888993E-01 -1.4856947437E+00
  2.4832695179E+00 -3.5393463165E+00 -6.5760940061E-01  5.3798994507E-01 -1.6382549440E+00
  2.4670972294E+00 -3.5315962511E+00 -6.4019120417E-01  5.5785555325E-01 -1.8068926501E+00
  2.4509300621E+00 -3.5238476252E+00 -6.2276761409E-01  5.7866281761E-01 -1.9879456883E+00
  2.4347700238E+00 -3.5160991576E+00 -6.0533734153E-01  6.0036261986E-01 -2.1763789453E+00
  2.4186203297E+00 -3.5083495094E+00 -5.8789800924E-01  6.2290205576E-01 -2.3656074570E+00
  2.4024865798E+00 -3.5005974304E+00 -5.7044500583E-01  6.4622795996E-01 -2.5473337934E+00
  2.3863797319E+00 -3.4928421331E+00 -5.5296860384E-01  6.7029169651E-01 -2.7113674832E+00
  2.3703256648E+00 -3.4850844172E+00 -5.3544479479E-01  6.9505536072E-01 -2.8453422041E+00
  2.3462020894E+00 -3.4698401126E+00 -4.9907056377E-01  7.4202997798E-01 -2.9603626551E+00
</Path of -GradDelSqRho>
<Path of -GradDelSqRho>
Starting CP# =      4
Ending CP# =     13
Number of Points =     17
  1.8007595424E+00 -4.0666527470E+00  7.9824283596E-01  4.1638558143E-01 -9.8120647162E-01
  1.8021745485E+00 -4.0487814575E+00  7.8081829105E-01  4.2786010767E-01 -9.9124854665E-01
  1.8035948803E+00 -4.0309131218E+00  7.6339115039E-01  4.4039166709E-01 -1.0215912306E+00
  1.8050204185E+00 -4.0130480683E+00  7.4596107002E-01  4.5399264425E-01 -1.0725893791E+00
  1.8064508574E+00 -3.9951865624E+00  7.2852775573E-01  4.6866883956E-01 -1.1445500577E+00
  1.8078857026E+00 -3.9773288131E+00  7.1109095537E-01  4.8441875648E-01 -1.2375953638E+00
  1.8093242677E+00 -3.9594749910E+00  6.9365044045E-01  5.0123293564E-01 -1.3514958317E+00
  1.8107656671E+00 -3.9416252584E+00  6.7620597394E-01  5.1909344285E-01 -1.4854796590E+00
  1.8122087961E+00 -3.9237798198E+00  6.5875725779E-01  5.3797363766E-01 -1.6380251500E+00
  1.8136522955E+00 -3.9059390032E+00  6.4130384633E-01  5.5783836617E-01 -1.8066459043E+00
  1.8150944863E+00 -3.8881034017E+00  6.2384499768E-01  5.7864473441E-01 -1.9876796569E+00
  1.8165332545E+00 -3.8702741296E+00  6.0637940320E-01  6.0034362790E-01 -2.1760911989E+00
  1.8179658314E+00 -3.8524533293E+00  5.8890465630E-01  6.2288214730E-01 -2.3652954645E+00
  1.8193883309E+00 -3.8346452754E+00  5.7141609855E-01  6.4620713323E-01 -2.5469949061E+00
  1.8207945838E+00 -3.8168591639E+00  5.5390391714E-01  6.7026995661E-01 -2.7109989024E+00
  1.8221723166E+00 -3.7991180469E+00  5.3634391379E-01  6.9503271829E-01 -2.8449409276E+00
  1.8211390892E+00 -3.7707165292E+00  4.9988325016E-01  7.4199370166E-01 -2.9598968454E+00
</Path of -GradDelSqRho>
<Path of -GradDelSqRho>
Starting CP# =      4
Ending CP# =      0
Number of Points =     29
  1.8007595424E+00 -4.0666527470E+00  7.9824283596E-01  4.1638558143E-01 -9.8120647162E-01
  1.7993496264E+00 -4.0845265230E+00  8.1566524302E-01  4.0594979302E-01 -9.9116652317E-01
  1.7979447576E+00 -4.1024024401E+00  8.3308586096E-01  3.9652910724E-01 -1.0209546731E+00
  1.7965445644E+00 -4.1202800242E+00  8.5050514457E-01  3.8809497433E-01 -1.0705490545E+00
  1.7951485585E+00 -4.1381587913E+00  8.6792355019E-01  3.8061419584E-01 -1.1400592927E+00
  1.7937561753E+00 -4.1560382765E+00  8.8534150861E-01  3.7404904454E-01 -1.2296428157E+00
  1.7923668225E+00 -4.1739180692E+00  9.0275939346E-01  3.6835729504E-01 -1.3393346962E+00
  1.7909799352E+00 -4.1917978514E+00  9.2017748553E-01  3.6349228193E-01 -1.4687605633E+00
  1.7895950369E+00 -4.2096774425E+00  9.3759593200E-01  3.5940319020E-01 -1.6167066944E+00
  1.7882118069E+00 -4.2275568521E+00  9.5501469745E-01  3.5603590037E-01 -1.7805555685E+00
  1.7868301591E+00 -4.2454363479E+00  9.7243349987E-01  3.5333484628E-01 -1.9556835597E+00
  1.7854503410E+00 -4.2633165516E+00  9.8985172065E-01  3.5124644989E-01 -2.1350808273E+00
  1.7840730608E+00 -4.2811985639E+00  1.0072682856E+00  3.4972468328E-01 -2.3096845825E+00
  1.7826995691E+00 -4.2990840230E+00  1.0246816101E+00  3.4873902887E-01 -2.4701462081E+00
  1.7813311805E+00 -4.3169744670E+00  1.0420902148E+00  3.4828440654E-01 -2.6108229069E+00
  1.7799663352E+00 -4.3348678072E+00  1.0594961211E+00  3.4839141994E-01 -2.7364722487E+00
  1.7785952162E+00 -4.3527523117E+00  1.0769106112E+00  3.4913365531E-01 -2.8712468706E+00
  1.7772065587E+00 -4.3706152878E+00  1.0943457941E+00  3.5062713902E-01 -3.0681563394E+00
  1.7758012934E+00 -4.3884586357E+00  1.1117997366E+00  3.5301615060E-01 -3.4155342511E+00
  1.7743858224E+00 -4.4062902386E+00  1.1292648551E+00  3.5644041052E-01 -4.0358500644E+00
  1.7729646343E+00 -4.4241154347E+00  1.1467360486E+00  3.6098182101E-01 -5.0720926356E+00
  1.7715400754E+00 -4.4419369647E+00  1.1642107074E+00  3.6659470723E-01 -6.6584189719E+00
  1.7701133362E+00 -4.4597562024E+00  1.1816875258E+00  3.7303141394E-01 -8.8753213125E+00
  1.7686850384E+00 -4.4775738613E+00  1.1991658266E+00  3.7978350515E-01 -1.1695894021E+01
  1.7672555123E+00 -4.4953903234E+00  1.2166452468E+00  3.8606463085E-01 -1.4938760051E+01
  1.7658249198E+00 -4.5132057883E+00  1.2341255963E+00  3.9085981729E-01 -1.8251598359E+01
  1.7643932952E+00 -4.5310203329E+00  1.2516067991E+00  3.9305302716E-01 -2.1149435890E+01
  1.7629604935E+00 -4.5488338955E+00  1.2690889060E+00  3.9161969791E-01 -2.3116096658E+01
  1.7616690297E+00 -4.5648646760E+00  1.2848240957E+00  3.8662541471E-01 -2.3750529048E+01
</Path of -GradDelSqRho>
<Path of -GradDelSqRho>
Starting CP# =      5
Ending CP# =     17
Number of Points =     41
  2.0162940576E+00 -3.2348926822E+00  7.6632467164E-02  2.2515558692E+01  1.2342242200E+03
  2.0384957061E+00 -3.2335516084E+00  8.8046847218E-02  1.5606348427E+01  1.1524216010E+03
  2.0606927735E+00 -3.2321825319E+00  9.9466821981E-02  1.0921438266E+01  9.8256793704E+02
  2.0828887153E+00 -3.2308064862E+00  1.1088814669E-01  7.7544137433E+00  7.7430051347E+02
  2.1050819454E+00 -3.2294138587E+00  1.2231272854E-01  5.6215532229E+00  5.7354835023E+02
  2.1272697323E+00 -3.2279882208E+00  1.3374380534E-01  4.1860231200E+00  4.0921375498E+02
  2.1494490532E+00 -3.2265117039E+00  1.4518484127E-01  3.2172694043E+00  2.8645763035E+02
  2.1716167919E+00 -3.2249663991E+00  1.5663922297E-01  2.5604802543E+00  1.9812511288E+02
  2.1937699528E+00 -3.2233357853E+00  1.6810995932E-01  2.1123366889E+00  1.3501258777E+02
  2.2159055075E+00 -3.2216039382E+00  1.7959981829E-01  1.8035395039E+00  8.9923124554E+01
  2.2380196561E+00 -3.2197515460E+00  1.9111205152E-01  1.5872849937E+00  5.7964544368E+01
  2.2601066791E+00 -3.2177502250E+00  2.0265136008E-01  1.4319358293E+00  3.5758408345E+01
  2.2821574131E+00 -3.2155559831E+00  2.1422486746E-01  1.3162775048E+00  2.0773141459E+01
  2.3041568597E+00 -3.2131004145E+00  2.2584322334E-01  1.2263010547E+00  1.1003515828E+01
  2.3260796824E+00 -3.2102762129E+00  2.3752211356E-01  1.1529345199E+00  4.8644229192E+00
  2.3478806278E+00 -3.2069104541E+00  2.4928440463E-01  1.0904307427E+00  1.1515057776E+00
  2.3694714373E+00 -3.2027100876E+00  2.6116276480E-01  1.0352556004E+00 -1.0027871850E+00
  2.3906543408E+00 -3.1971336365E+00  2.7319985589E-01  9.8540415581E-01 -2.1906581509E+00
  2.4108719137E+00 -3.1890261479E+00  2.8541882193E-01  9.4027484347E-01 -2.7982154709E+00
  2.4278911544E+00 -3.1755182214E+00  2.9745561358E-01  9.0253834467E-01 -3.0745666985E+00
  2.4340835080E+00 -3.1535377904E+00  3.0631907561E-01  8.8476138429E-01 -3.2044210095E+00
  2.4294287514E+00 -3.1293922027E+00  3.1037925955E-01  8.8642449893E-01 -3.3073638294E+00
  2.4213820748E+00 -3.1058389046E+00  3.1264954586E-01  8.9317259537E-01 -3.4070799394E+00
  2.4121224199E+00 -3.0826759291E+00  3.1427544611E-01  9.0063600323E-01 -3.5044204869E+00
  2.4020744194E+00 -3.0598178906E+00  3.1549423872E-01  9.0792136844E-01 -3.5989129745E+00
  2.3913258618E+00 -3.0372640541E+00  3.1635185760E-01  9.1482972169E-01 -3.6900234516E+00
  2.3799022108E+00 -3.0150337059E+00  3.1685709378E-01  9.2129752111E-01 -3.7772307142E+00
  2.3678183683E+00 -2.9931499111E+00  3.1701171631E-01  9.2728848129E-01 -3.8600398432E+00
  2.3550878504E+00 -2.9716362137E+00  3.1681586620E-01  9.3277429057E-01 -3.9379902674E+00
  2.3417243445E+00 -2.9505160569E+00  3.1626889049E-01  9.3773167611E-01 -4.0106626430E+00
  2.3277420439E+00 -2.9298126884E+00  3.1536940154E-01  9.4214213632E-01 -4.0776849663E+00
  2.3131558218E+00 -2.9095491231E+00  3.1411519643E-01  9.4599200795E-01 -4.1387378633E+00
  2.2979813986E+00 -2.8897480951E+00  3.1250312294E-01  9.4927252021E-01 -4.1935589526E+00
  2.2822355252E+00 -2.8704319862E+00  3.1052889324E-01  9.5197979469E-01 -4.2419461996E+00
  2.2659361894E+00 -2.8516227311E+00  3.0818683334E-01  9.5411478985E-01 -4.2837602107E+00
  2.2491028522E+00 -2.8333416960E+00  3.0546955288E-01  9.5568319386E-01 -4.3189254457E+00
  2.2317567281E+00 -2.8156095271E+00  3.0236751739E-01  9.5669526919E-01 -4.3474303591E+00
  2.2139211201E+00 -2.7984459694E+00  2.9886850460E-01  9.5716565289E-01 -4.3693265070E+00
  2.1956218246E+00 -2.7818696532E+00  2.9495693365E-01  9.5711311615E-01 -4.3847266760E+00
  2.1768876060E+00 -2.7658978671E+00  2.9061309831E-01  9.5656028667E-01 -4.3938021069E+00
  2.1576985987E+00 -2.7505059598E+00  2.8579907117E-01  9.5552995964E-01 -4.3967789065E+00
</Path of -GradDelSqRho>
<Path of -GradDelSqRho>
Starting CP# =      5
Ending CP# =      1
Number of Points =      7
  2.0162940576E+00 -3.2348926822E+00  7.6632467164E-02  2.2515558692E+01  1.2342242200E+03
  1.9940821702E+00 -3.2361707722E+00  6.5230795707E-02  3.2739094396E+01  9.8369800395E+02
  1.9718616510E+00 -3.2373951276E+00  5.3840038124E-02  4.7971788994E+01 -7.8858757603E+02
  1.9496373542E+00 -3.2385957513E+00  4.2454120466E-02  7.0597517097E+01 -6.3710552769E+03
  1.9274103485E+00 -3.2397792679E+00  3.1071702737E-02  1.0417623639E+02 -2.0571639145E+04
  1.9051788609E+00 -3.2409343708E+00  1.9695118654E-02  1.5455185420E+02 -7.5106417051E+04
  1.8664917210E+00 -3.2428984717E+00 -8.9301759727E-05  2.9730356624E+02 -3.3294104320E+06
</Path of -GradDelSqRho>
<Path of -GradDelSqRho>
Starting CP# =      6
Ending CP# =      1
Number of Points =      7
  1.7843963085E+00 -3.3685662842E+00 -7.6631506970E-02  2.2515743875E+01  1.2342462106E+03
  1.7966477275E+00 -3.3499785461E+00 -6.5256169907E-02  3.2739402295E+01  9.8370642097E+02
  1.8088570317E+00 -3.3313563550E+00 -5.3891893982E-02  4.7972295724E+01 -7.8865718797E+02
  1.8210477189E+00 -3.3127189780E+00 -4.2532523014E-02  7.0598328753E+01 -6.3712796918E+03
  1.8332249780E+00 -3.2940706655E+00 -3.1176699229E-02  1.0417753497E+02 -2.0572473954E+04
  1.8453799259E+00 -3.2754042059E+00 -1.9826787764E-02  1.5455387678E+02 -7.5109247925E+04
  1.8664917210E+00 -3.2428984717E+00 -8.9301759727E-05  2.9730356624E+02 -3.3294104320E+06
</Path of -GradDelSqRho>
<Path of -GradDelSqRho>
Starting CP# =      6
Ending CP# =     16
Number of Points =     40
  1.7843963085E+00 -3.3685662842E+00 -7.6631506970E-02  2.2515743875E+01  1.2342462106E+03
  1.7720955844E+00 -3.3871135325E+00 -8.8019725250E-02  1.5606459928E+01  1.1524406302E+03
  1.7597729519E+00 -3.4056427528E+00 -9.9413614555E-02  1.0921505649E+01  9.8258355107E+02
  1.7474448591E+00 -3.4241674993E+00 -1.1080887176E-01  7.7544554055E+00  7.7431296869E+02
  1.7351037938E+00 -3.4426815731E+00 -1.2220742989E-01  5.6215809419E+00  5.7355756775E+02
  1.7227369262E+00 -3.4611743605E+00 -1.3361257096E-01  4.1860442718E+00  4.0922004943E+02
  1.7103303274E+00 -3.4796342733E+00 -1.4502780685E-01  3.2172883567E+00  2.8646162302E+02
  1.6978700811E+00 -3.4980496220E+00 -1.5645657158E-01  2.5604993929E+00  1.9812743467E+02
  1.6853434099E+00 -3.5164095185E+00 -1.6790191722E-01  2.1123571481E+00  1.3501374040E+02
  1.6727380688E+00 -3.5347033465E+00 -1.7936665289E-01  1.8035616526E+00  8.9923475308E+01
  1.6600392718E+00 -3.5529181213E+00 -1.9085407979E-01  1.5873087487E+00  5.7964362130E+01
  1.6472253550E+00 -3.5710346416E+00 -2.0236897187E-01  1.4319608584E+00  3.5757893837E+01
  1.6342628911E+00 -3.5890228891E+00 -2.1391856573E-01  1.3163033618E+00  2.0772443816E+01
  1.6211002778E+00 -3.6068355370E+00 -2.2551368730E-01  1.2263272693E+00  1.1002741518E+01
  1.6076574762E+00 -3.6243967786E+00 -2.3717029969E-01  1.1529606569E+00  4.8636429023E+00
  1.5938077218E+00 -3.6415806198E+00 -2.4891171927E-01  1.0904564417E+00  1.1507630151E+00
  1.5793419925E+00 -3.6581635175E+00 -2.6077138660E-01  1.0352806159E+00 -1.0034702129E+00
  1.5638914724E+00 -3.6737023608E+00 -2.7279342445E-01  9.8542844251E-01 -2.1912730422E+00
  1.5467375130E+00 -3.6871344843E+00 -2.8500422509E-01  9.4029891783E-01 -2.7987640036E+00
  1.5265206243E+00 -3.6950848398E+00 -2.9704852817E-01  9.0256552662E-01 -3.0750639891E+00
  1.5044170227E+00 -3.6894069632E+00 -3.0595022153E-01  8.8479970428E-01 -3.2049068787E+00
