 AIMInt (Version 19.02.13, Professional)
 Portions Copyright (c) 1997-2019 by Todd A. Keith
 AIMInt is a component of the AIMAll package ( http://aim.tkgristmill.com )

 TP:  64-bit Linux

 Licensed To:  Research Group of Fernando Cortes Guzman, UNAM, fercor@unam.mx

 AIMInt is a heavily modified and extended version of the PROAIMV program
 developed by members of R.F.W. Bader's research group

 Much of the Quantum Theory of Atoms in Molecules (QTAIM) is described in the book:
   "Atoms in Molecules - A Quantum Theory"
   R.F.W. Bader, Oxford University Press, Oxford, 1990

 For additional references see:  http://aim.tkgristmill.com/references.html

 Current Directory:  /home/scratch/M_H2O_4_cuadrado_plano/Opt

 Inp File:  Ti2_cuadrado_plano_cc-pvtz-def2-tzv_1_atomicfiles/ti1.inp
 Wfx File:  Ti2_cuadrado_plano_cc-pvtz-def2-tzv_1.wfx
 Out File:  Ti2_cuadrado_plano_cc-pvtz-def2-tzv_1_atomicfiles/ti1.int

 Wfx Title:   Ti2_cuadrado_plano_cc-pvtz-def2-tzv_1                                         
 Job Title:   Ti2_cuadrado_plano_cc-pvtz-def2-tzv_1                                         
 
<Atom>
Ti1     
</Atom>
<Nuclei of Molecule>
    13
Ti1       22.0           8.4378387438E-05   2.1694430644E-05  -8.9302361149E-05
O2         8.0           3.2430042257E+00   1.8664288534E+00  -8.9302361149E-05
H3         1.0           4.5665835292E+00   1.7723697378E+00   1.2966959122E+00
O4         8.0          -1.8663227806E+00   3.2429415417E+00  -8.9302361149E-05
H5         1.0          -3.0678132710E+00   3.8224922267E+00  -1.2896107310E+00
O6         8.0          -3.2428354689E+00  -1.8663854646E+00  -8.9302361149E-05
H7         1.0          -3.8294682730E+00  -3.0541543570E+00  -1.2992507720E+00
O8         8.0           1.8664915374E+00  -3.2428981529E+00  -8.9302361149E-05
H9         1.0           3.0694198631E+00  -3.8216928139E+00  -1.2885983291E+00
H10        1.0          -1.7667179437E+00   4.5680530965E+00   1.2947897077E+00
H11        1.0           3.8269943219E+00   3.0559646187E+00  -1.2987715752E+00
H12        1.0           1.7611501181E+00  -4.5711617000E+00   1.2910326109E+00
H13        1.0          -4.5647047776E+00  -1.7730423081E+00   1.2985355039E+00
</Nuclei of Molecule>
<Total Number of CPs of DelSqRho>
    96
</Total Number of CPs of DelSqRho>
<Number of (3,+3) CPs of DelSqRho>
    13
</Number of (3,+3) CPs of DelSqRho>
<Number of (3,+1) CPs of DelSqRho>
    34
</Number of (3,+1) CPs of DelSqRho>
<Number of (3,-1) CPs of DelSqRho>
    33
</Number of (3,-1) CPs of DelSqRho>
<Number of (3,-3) CPs of DelSqRho>
    16
</Number of (3,-3) CPs of DelSqRho>
<Number of Degenerate CPs of DelSqRho>
     0
</Number of Degenerate CPs of DelSqRho>
<CP of DelSqRho>
CP# = 1       
Type = (3,+3)
Coords =  8.43783874323629E-05  2.16944306578005E-05 -8.93023613103790E-05
DistFromNuc =  1.6162416827E-13
Rho =  7.0806172201E+03
DelSqRho = -3.1048803335E+09
GradDelSqRho = -2.1389622248E-05  1.4619732383E-05  9.8571411399E-05
HessDelSqRho_EigVals =  2.2189590628E+16  2.2189590628E+16  2.2189590724E+16
HessDelSqRho_EigVec1 =  3.3302507225E-01  9.4291794156E-01  2.3819750950E-04
HessDelSqRho_EigVec2 =  9.4291795826E-01 -3.3302509945E-01  8.4356404343E-05
HessDelSqRho_EigVec3 = -1.5886691643E-04 -1.9650791167E-04  9.9999996807E-01
</CP of DelSqRho>
<CP of DelSqRho>
CP# = 2       
Type = (3,+1)
Coords =  1.83697410213319E-01 -4.94612624842927E-02 -6.64055258016442E-05
DistFromNuc =  1.9016390037E-01
Rho =  5.8471532846E+01
DelSqRho = -2.7426748665E+03
GradDelSqRho = -2.1827872843E-11  3.6379788071E-12 -4.4408920985E-16
HessDelSqRho_EigVals = -1.1716150975E+03  1.0521737550E+04  3.6092875233E+06
HessDelSqRho_EigVec1 =  2.6021232555E-01  9.6555141909E-01  5.2199605378E-05
HessDelSqRho_EigVec2 = -1.3000614577E-04 -1.9025815754E-05  9.9999999137E-01
HessDelSqRho_EigVec3 =  9.6555141175E-01 -2.6021233009E-01  1.2057686678E-04
</CP of DelSqRho>
<CP of DelSqRho>
CP# = 3       
Type = (3,+1)
Coords = -4.94859266265727E-02 -1.83567847055493E-01 -1.68375536305122E-04
DistFromNuc =  1.9016398485E-01
Rho =  5.8471489264E+01
DelSqRho = -2.7426754286E+03
GradDelSqRho =  1.4551915228E-11  0.0000000000E+00 -1.4210854715E-14
HessDelSqRho_EigVals = -1.1699968450E+03  1.0529222282E+04  3.6092736907E+06
HessDelSqRho_EigVec1 =  9.6542777995E-01 -2.6067067590E-01  2.0786968309E-05
HessDelSqRho_EigVec2 = -1.2855857778E-04 -3.9638925812E-04  9.9999991317E-01
HessDelSqRho_EigVec3 =  2.6067064503E-01  9.6542769879E-01  4.1619665282E-04
</CP of DelSqRho>
<CP of DelSqRho>
CP# = 4       
Type = (3,+3)
Coords =  6.01362131352664E-05 -1.78891306758993E-05  1.90362036816065E-01
DistFromNuc =  1.9045134483E-01
Rho =  5.8577069737E+01
DelSqRho = -2.8079648305E+03
GradDelSqRho = -1.3322676296E-15 -1.7763568394E-15 -3.6379788071E-11
HessDelSqRho_EigVals =  1.7692887909E+04  1.7706662415E+04  3.5836274221E+06
HessDelSqRho_EigVec1 =  9.0168346110E-01 -4.3239673375E-01  2.4745775918E-05
HessDelSqRho_EigVec2 =  4.3239671573E-01  9.0168343741E-01  2.4275814970E-04
HessDelSqRho_EigVec3 = -1.2728068731E-04 -2.0819101639E-04  9.9999997023E-01
</CP of DelSqRho>
<CP of DelSqRho>
CP# = 5       
Type = (3,+3)
Coords =  1.14218525988034E-04  5.73301019713141E-05 -1.90540876879179E-01
DistFromNuc =  1.9045158019E-01
Rho =  5.8576770332E+01
DelSqRho = -2.8078941867E+03
GradDelSqRho =  1.8651746814E-14 -1.2434497876E-14 -7.6397554949E-11
HessDelSqRho_EigVals =  1.7688904166E+04  1.7692314878E+04  3.5835840405E+06
HessDelSqRho_EigVec1 =  7.4275587334E-01 -6.6956232909E-01 -8.6844876365E-06
HessDelSqRho_EigVec2 =  6.6956231073E-01  7.4275584981E-01  2.4417668035E-04
HessDelSqRho_EigVec3 = -1.5704105281E-04 -1.8717846907E-04  9.9999997015E-01
</CP of DelSqRho>
<CP of DelSqRho>
CP# = 6       
Type = (3,+3)
Coords =  1.64909197074863E-01  9.48682337088141E-02 -7.46356032629812E-05
DistFromNuc =  1.9016594617E-01
Rho =  5.8482777505E+01
DelSqRho = -2.7479720089E+03
GradDelSqRho = -2.1827872843E-11  6.9121597335E-11  7.1054273576E-15
HessDelSqRho_EigVals =  1.1722354187E+03  1.1113103737E+04  3.6091314908E+06
HessDelSqRho_EigVec1 = -4.9875618645E-01  8.6674232602E-01 -8.2226296921E-05
HessDelSqRho_EigVec2 = -1.0752176193E-04  3.2996141533E-05  9.9999999368E-01
HessDelSqRho_EigVec3 =  8.6674232325E-01  4.9875619214E-01  7.6736632312E-05
</CP of DelSqRho>
<CP of DelSqRho>
CP# = 7       
Type = (3,+3)
Coords = -9.49560895943439E-02  1.64734708879744E-01 -8.09392291258105E-05
DistFromNuc =  1.9016589535E-01
Rho =  5.8482839425E+01
DelSqRho = -2.7479694441E+03
GradDelSqRho =  1.4551915228E-11 -1.4551915228E-11  1.3100631691E-14
HessDelSqRho_EigVals =  1.1702512240E+03  1.1110046928E+04  3.6091374202E+06
HessDelSqRho_EigVec1 =  8.6615375737E-01  4.9977759777E-01 -1.4616100879E-04
HessDelSqRho_EigVec2 =  1.4849416171E-04  3.5100074614E-05  9.9999998836E-01
HessDelSqRho_EigVec3 = -4.9977759708E-01  8.6615376899E-01  4.3811993911E-05
</CP of DelSqRho>
<CP of DelSqRho>
CP# = 8       
Type = (3,+3)
Coords =  9.49050278490186E-02 -1.64817948241065E-01 -1.16455933008768E-04
DistFromNuc =  1.9016588574E-01
Rho =  5.8482859213E+01
DelSqRho = -2.7479722555E+03
GradDelSqRho = -2.9103830457E-11  0.0000000000E+00 -2.2204460493E-15
HessDelSqRho_EigVals =  1.1712477374E+03  1.1109122239E+04  3.6091392369E+06
HessDelSqRho_EigVec1 =  8.6682004900E-01  4.9862076250E-01  5.8125054096E-04
HessDelSqRho_EigVec2 = -4.3263226603E-04 -4.1361317120E-04  9.9999982088E-01
HessDelSqRho_EigVec3 = -4.9862091360E-01  8.6682014520E-01  1.4280875896E-04
</CP of DelSqRho>
<CP of DelSqRho>
CP# = 9       
Type = (3,+3)
Coords = -1.64771166737820E-01 -9.47714875030159E-02 -1.41755160957913E-04
DistFromNuc =  1.9016598237E-01
Rho =  5.8482730138E+01
DelSqRho = -2.7479573642E+03
GradDelSqRho =  7.2759576142E-12 -3.2741809264E-11 -4.9737991503E-14
HessDelSqRho_EigVals =  1.1678988501E+03  1.1112424429E+04  3.6091246196E+06
HessDelSqRho_EigVec1 = -4.9847540319E-01  8.6690379467E-01  2.8844447466E-04
HessDelSqRho_EigVec2 = -9.5447998969E-05 -3.8761271264E-04  9.9999992032E-01
HessDelSqRho_EigVec3 =  8.6690383740E-01  4.9847533595E-01  2.7595963571E-04
</CP of DelSqRho>
<CP of DelSqRho>
CP# = 10      
Type = (3,+1)
Coords =  1.29678878124663E-01  7.38900286239177E-02  1.18002915026346E-01
DistFromNuc =  1.9025518906E-01
Rho =  5.8387151031E+01
DelSqRho = -2.7092620906E+03
GradDelSqRho =  1.0913936421E-11 -7.2759576142E-12  7.2759576142E-12
HessDelSqRho_EigVals = -1.3658427617E+04  7.1755693503E+02  3.6004772274E+06
HessDelSqRho_EigVec1 = -5.3797575924E-01 -3.0747421825E-01  7.8488323181E-01
HessDelSqRho_EigVec2 = -4.9558760350E-01  8.6855777344E-01  5.6696985670E-04
HessDelSqRho_EigVec3 =  6.8189076085E-01  3.8867338384E-01  6.1964343857E-01
</CP of DelSqRho>
<CP of DelSqRho>
CP# = 11      
Type = (3,+1)
Coords = -7.51315039618644E-02  1.28856166428938E-01  1.17983840515774E-01
DistFromNuc =  1.9025513712E-01
Rho =  5.8387258234E+01
DelSqRho = -2.7092844834E+03
GradDelSqRho = -3.6379788071E-11  2.2737367544E-11  1.4551915228E-11
HessDelSqRho_EigVals = -1.3653457554E+04  7.2059480451E+02  3.6004848565E+06
HessDelSqRho_EigVec1 =  3.1158681675E-01 -5.3548822610E-01  7.8496242925E-01
HessDelSqRho_EigVec2 =  8.6387664260E-01  5.0370293578E-01  7.0629932313E-04
HessDelSqRho_EigVec3 = -3.9576609506E-01  6.7789063439E-01  6.1954296526E-01
</CP of DelSqRho>
<CP of DelSqRho>
CP# = 12      
Type = (3,+1)
Coords =  7.50641850253569E-02 -1.28978972642405E-01  1.17952462555353E-01
DistFromNuc =  1.9025509658E-01
Rho =  5.8387302940E+01
DelSqRho = -2.7092937796E+03
GradDelSqRho =  7.2759576142E-12  0.0000000000E+00  0.0000000000E+00
HessDelSqRho_EigVals = -1.3652324130E+04  7.2197814593E+02  3.6004911748E+06
HessDelSqRho_EigVec1 = -3.1097967908E-01  5.3565003717E-01  7.8509278234E-01
HessDelSqRho_EigVec2 =  8.6466332308E-01  5.0235174719E-01 -2.4456896871E-04
HessDelSqRho_EigVec3 = -3.9452373429E-01  6.7876487812E-01 -6.1937812627E-01
</CP of DelSqRho>
<CP of DelSqRho>
CP# = 13      
Type = (3,+1)
Coords = -1.29548259431524E-01 -7.38849294345983E-02  1.17937050224362E-01
DistFromNuc =  1.9025517008E-01
Rho =  5.8387173992E+01
DelSqRho = -2.7092629201E+03
GradDelSqRho = -1.0913936421E-11  1.4551915228E-11  3.6379788071E-12
HessDelSqRho_EigVals = -1.3656744665E+04  7.1541666056E+02  3.6004790180E+06
HessDelSqRho_EigVec1 =  5.3780310843E-01  3.0707800337E-01  7.8515661903E-01
HessDelSqRho_EigVec2 = -4.9549970749E-01  8.6860804693E-01 -3.1731484059E-04
HessDelSqRho_EigVec3 =  6.8209079780E-01  3.8887422216E-01 -6.1929716849E-01
</CP of DelSqRho>
<CP of DelSqRho>
CP# = 14      
Type = (3,+1)
Coords =  1.29417807521818E-01  7.44095913867161E-02 -1.18141571798306E-01
DistFromNuc =  1.9025517976E-01
Rho =  5.8387209212E+01
DelSqRho = -2.7092863341E+03
GradDelSqRho = -7.2759576142E-12 -1.4551915228E-11 -1.0913936421E-11
HessDelSqRho_EigVals = -1.3652098296E+04  7.2018243657E+02  3.6004820877E+06
HessDelSqRho_EigVec1 =  5.3695774414E-01  3.0882463018E-01  7.8505014413E-01
HessDelSqRho_EigVec2 = -4.9857144404E-01  8.6684861140E-01  9.6758749690E-06
HessDelSqRho_EigVec3 =  6.8051663917E-01  3.9140877954E-01 -6.1943221672E-01
</CP of DelSqRho>
<CP of DelSqRho>
CP# = 15      
Type = (3,+1)
Coords = -7.43558904812450E-02  1.29313380072980E-01 -1.18154295134696E-01
DistFromNuc =  1.9025518685E-01
Rho =  5.8387219810E+01
DelSqRho = -2.7092841421E+03
GradDelSqRho =  1.4551915228E-11 -7.2759576142E-12 -1.4551915228E-11
HessDelSqRho_EigVals = -1.3650577863E+04  7.1939962753E+02  3.6004786156E+06
HessDelSqRho_EigVec1 = -3.0931487656E-01  5.3675245877E-01  7.8499751920E-01
HessDelSqRho_EigVec2 =  8.6654915575E-01  4.9909170019E-01  1.8834189529E-04
HessDelSqRho_EigVec3 = -3.9168465352E-01  6.8029719448E-01 -6.1949887763E-01
</CP of DelSqRho>
<CP of DelSqRho>
CP# = 16      
Type = (3,+1)
Coords =  7.43709173602589E-02 -1.29333663388983E-01 -1.18181358644794E-01
DistFromNuc =  1.9025517661E-01
Rho =  5.8387243898E+01
DelSqRho = -2.7092901778E+03
GradDelSqRho =  0.0000000000E+00  1.7280399334E-11  0.0000000000E+00
HessDelSqRho_EigVals = -1.3649849176E+04  7.2020959183E+02  3.6004811266E+06
HessDelSqRho_EigVec1 =  3.0831261415E-01 -5.3749309396E-01  7.8488502718E-01
HessDelSqRho_EigVec2 =  8.6727157753E-01  4.9783526474E-01  2.4493967603E-04
HessDelSqRho_EigVec3 = -3.9087509868E-01  6.8063295771E-01  6.1964137540E-01
</CP of DelSqRho>
<CP of DelSqRho>
CP# = 17      
Type = (3,+1)
Coords = -1.29218975095574E-01 -7.43249998936128E-02 -1.18200547555821E-01
DistFromNuc =  1.9025523494E-01
Rho =  5.8387123586E+01
DelSqRho = -2.7092654919E+03
GradDelSqRho = -3.6379788071E-11 -2.1827872843E-11 -1.0913936421E-11
HessDelSqRho_EigVals = -1.3653196263E+04  7.1533112246E+02  3.6004722375E+06
HessDelSqRho_EigVec1 = -5.3717493195E-01 -3.0906921507E-01  7.8480527061E-01
HessDelSqRho_EigVec2 = -4.9855314984E-01  8.6685912201E-01  1.3916072859E-04
HessDelSqRho_EigVec3 =  6.8035861813E-01  3.9119238602E-01  6.1974242057E-01
</CP of DelSqRho>
<CP of DelSqRho>
CP# = 18      
Type = (3,-1)
Coords =  8.90075681932934E-02  3.30451382926011E-01 -1.85471276009841E-05
DistFromNuc =  3.4218579417E-01
Rho =  1.3262323917E+01
DelSqRho =  7.2156594648E+02
GradDelSqRho =  3.6379788071E-12 -3.6379788071E-12  3.3306690739E-15
HessDelSqRho_EigVals = -1.5608213755E+05 -3.4641340120E+02  2.9717278710E+03
HessDelSqRho_EigVec1 =  2.5986716238E-01  9.6564435134E-01  2.1127183545E-04
HessDelSqRho_EigVec2 =  9.6564428651E-01 -2.5986722587E-01  3.6992396503E-04
HessDelSqRho_EigVec3 = -4.1211761304E-04 -1.0788234972E-04  9.9999990926E-01
</CP of DelSqRho>
<CP of DelSqRho>
CP# = 19      
Type = (3,-1)
Coords = -3.30321769958241E-01  8.90343862142692E-02 -1.15331764490135E-04
DistFromNuc =  3.4218632766E-01
Rho =  1.3262072397E+01
DelSqRho =  7.2158467036E+02
GradDelSqRho = -4.8885340220E-12  6.9917405199E-12  0.0000000000E+00
HessDelSqRho_EigVals = -1.5608235488E+05 -3.4700851219E+02  2.9694950803E+03
HessDelSqRho_EigVec1 =  9.6557402366E-01 -2.6012842772E-01  7.6965155762E-05
HessDelSqRho_EigVec2 =  2.6012835575E-01  9.6557390885E-01  5.1486680398E-04
HessDelSqRho_EigVec3 = -2.0824703850E-04 -4.7712119215E-04  9.9999986449E-01
</CP of DelSqRho>
<CP of DelSqRho>
CP# = 20      
Type = (3,-1)
Coords = -8.88701734093834E-02 -3.30399743400999E-01 -1.74424398147822E-04
DistFromNuc =  3.4218598176E-01
Rho =  1.3262301044E+01
DelSqRho =  7.2156513791E+02
GradDelSqRho = -1.5916157281E-12 -5.4569682106E-12 -1.3322676296E-15
HessDelSqRho_EigVals = -1.5608177245E+05 -3.4634982823E+02  2.9717368384E+03
HessDelSqRho_EigVec1 =  2.5996084064E-01  9.6561912865E-01  2.4438973582E-04
HessDelSqRho_EigVec2 =  9.6561914302E-01 -2.5996078098E-01 -2.5097466607E-04
HessDelSqRho_EigVec3 =  1.7881419177E-04 -3.0123099244E-04  9.9999993864E-01
</CP of DelSqRho>
<CP of DelSqRho>
CP# = 21      
Type = (3,-1)
Coords = -1.45549591811213E-01  3.88996602382359E-02  1.15991108009738E-01
DistFromNuc =  1.9025091635E-01
Rho =  5.8383433464E+01
DelSqRho = -2.7072745567E+03
GradDelSqRho =  9.0949470177E-12  3.6379788071E-12  0.0000000000E+00
HessDelSqRho_EigVals = -1.3199111398E+04 -7.2596935968E+02  3.6008670560E+06
HessDelSqRho_EigVec1 =  5.8845694530E-01 -1.5714061800E-01  7.9311112065E-01
HessDelSqRho_EigVec2 =  2.5795210752E-01  9.6615770395E-01  3.6450707414E-05
HessDelSqRho_EigVec3 =  7.6627614719E-01 -2.0456323540E-01 -6.0907696473E-01
</CP of DelSqRho>
<CP of DelSqRho>
CP# = 22      
Type = (3,+1)
Coords = -1.70543026851916E-01  2.96715567123103E-01 -5.71010908327152E-05
DistFromNuc =  3.4225862524E-01
Rho =  1.3280682832E+01
DelSqRho =  7.1650374647E+02
GradDelSqRho =  2.7284841053E-12 -4.0927261580E-12 -3.7747582837E-15
HessDelSqRho_EigVals = -1.5570267433E+05  3.4642680933E+02  3.1422607665E+03
HessDelSqRho_EigVec1 = -4.9853088220E-01  8.6687193425E-01  9.5388667878E-05
HessDelSqRho_EigVec2 =  8.6687191936E-01  4.9853089132E-01 -1.6071334024E-04
HessDelSqRho_EigVec3 =  1.8687208173E-04 -2.5691943196E-06  9.9999998254E-01
</CP of DelSqRho>
<CP of DelSqRho>
CP# = 23      
Type = (3,+1)
Coords =  1.70673990557719E-01 -2.96693954180614E-01 -1.24680612555546E-04
DistFromNuc =  3.4225866412E-01
Rho =  1.3280678539E+01
DelSqRho =  7.1650366196E+02
GradDelSqRho = -1.8189894035E-12  3.6379788071E-12 -8.3266726847E-17
HessDelSqRho_EigVals = -1.5570262304E+05  3.4645677484E+02  3.1422255285E+03
HessDelSqRho_EigVec1 = -4.9842287598E-01  8.6693403803E-01  1.0197698137E-04
HessDelSqRho_EigVec2 =  8.6693389483E-01  4.9842271774E-01  6.4531127124E-04
HessDelSqRho_EigVec3 = -5.0861466196E-04 -4.1004520135E-04  9.9999978659E-01
</CP of DelSqRho>
<CP of DelSqRho>
CP# = 24      
Type = (3,+1)
Coords =  2.96618233492083E-01  1.70927427856589E-01 -2.54770922282497E-05
DistFromNuc =  3.4225882168E-01
Rho =  1.3280634497E+01
DelSqRho =  7.1649779959E+02
GradDelSqRho =  6.8212102633E-13  0.0000000000E+00 -4.1633363423E-16
HessDelSqRho_EigVals = -1.5570192992E+05  3.4667614098E+02  3.1433819957E+03
HessDelSqRho_EigVec1 =  8.6640178019E-01  4.9934749373E-01  1.8915997209E-04
HessDelSqRho_EigVec2 = -4.9934752537E-01  8.6640166167E-01  4.5777538233E-04
HessDelSqRho_EigVec3 =  6.4700475713E-05 -4.9107397014E-04  9.9999987733E-01
</CP of DelSqRho>
<CP of DelSqRho>
CP# = 25      
Type = (3,+1)
Coords = -2.96454591130908E-01 -1.70874574720009E-01 -1.60410652897522E-04
DistFromNuc =  3.4225852847E-01
Rho =  1.3280674479E+01
DelSqRho =  7.1649920665E+02
GradDelSqRho =  9.5496943686E-12 -2.0463630790E-12 -5.4400928207E-15
HessDelSqRho_EigVals = -1.5570256138E+05  3.4655613865E+02  3.1433777131E+03
HessDelSqRho_EigVec1 =  8.6641709038E-01  4.9932092202E-01  2.0571941547E-04
HessDelSqRho_EigVec2 = -4.9932087588E-01  8.6641710857E-01 -2.3848957016E-04
HessDelSqRho_EigVec3 = -2.9732165320E-04  1.0391144075E-04  9.9999995040E-01
</CP of DelSqRho>
<CP of DelSqRho>
CP# = 26      
Type = (3,-1)
Coords =  3.30483870269673E-01 -8.90143479714138E-02 -5.99006000572449E-05
DistFromNuc =  3.4218597567E-01
Rho =  1.3262117340E+01
DelSqRho =  7.2158646048E+02
GradDelSqRho =  2.8421709430E-13 -2.6147972676E-12  5.5511151231E-17
HessDelSqRho_EigVals = -1.5608310277E+05 -3.4712301202E+02  2.9694140055E+03
HessDelSqRho_EigVec1 =  9.6555518466E-01 -2.6019834376E-01  8.5373847671E-05
HessDelSqRho_EigVec2 =  2.6019835324E-01  9.6555517707E-01 -1.3039476560E-04
HessDelSqRho_EigVec3 = -4.8504658562E-05  1.4811747655E-04  9.9999998785E-01
</CP of DelSqRho>
<CP of DelSqRho>
CP# = 27      
Type = (3,+1)
Coords =  3.94146076049175E-05 -4.32941682689236E-05  3.44543913199800E-01
DistFromNuc =  3.4463322462E-01
Rho =  1.3394538145E+01
DelSqRho =  6.5628498628E+02
GradDelSqRho =  6.8067079750E-14  9.9635577566E-14  2.3021584639E-12
HessDelSqRho_EigVals = -1.4689925242E+05  5.1025261753E+03  5.1044690496E+03
HessDelSqRho_EigVec1 = -1.3069220152E-04 -1.8815622439E-04  9.9999997376E-01
HessDelSqRho_EigVec2 =  8.6599419432E-01 -5.0005405212E-01  1.9090405819E-05
HessDelSqRho_EigVec3 =  5.0005403540E-01  8.6599417409E-01  2.2829536290E-04
</CP of DelSqRho>
<CP of DelSqRho>
CP# = 28      
Type = (3,+1)
Coords =  1.30277576980004E-04  8.62583304998574E-05 -3.44721509760084E-01
DistFromNuc =  3.4463221650E-01
Rho =  1.3394679372E+01
DelSqRho =  6.5628572114E+02
GradDelSqRho = -9.4715901788E-16  1.0512424264E-15  1.3926637621E-12
HessDelSqRho_EigVals = -1.4690052108E+05  5.1025877786E+03  5.1042740666E+03
HessDelSqRho_EigVec1 = -1.3241501670E-04 -1.8755537821E-04  9.9999997364E-01
HessDelSqRho_EigVec2 =  8.5398392517E-01 -5.2029939007E-01  1.5495347238E-05
HessDelSqRho_EigVec3 =  5.2029937345E-01  8.5398390472E-01  2.2906473050E-04
</CP of DelSqRho>
<CP of DelSqRho>
CP# = 29      
Type = (3,-1)
Coords =  2.34223035983643E-01  1.35045127469577E-01  2.09852963134257E-01
DistFromNuc =  3.4223967229E-01
Rho =  1.3130210145E+01
DelSqRho =  7.5112319935E+02
GradDelSqRho = -4.7748471843E-12  2.1600499167E-12  4.3200998334E-12
HessDelSqRho_EigVals = -1.5691006544E+05 -3.9203812129E+03  2.1537434359E+02
HessDelSqRho_EigVec1 =  6.8622561545E-01  3.9574473280E-01  6.1031181470E-01
HessDelSqRho_EigVec2 = -5.2855917312E-01 -3.0513236136E-01  7.9216124783E-01
HessDelSqRho_EigVec3 = -4.9971952654E-01  8.6618724795E-01  2.1513373009E-04
</CP of DelSqRho>
<CP of DelSqRho>
CP# = 30      
Type = (3,-1)
Coords = -1.35471752705247E-01  2.33889203998756E-01  2.09812194464418E-01
DistFromNuc =  3.4223985022E-01
Rho =  1.3130288906E+01
DelSqRho =  7.5111063384E+02
GradDelSqRho = -3.4106051316E-12  1.8189894035E-12 -3.7516656448E-12
HessDelSqRho_EigVals = -1.5690926845E+05 -3.9191309722E+03  2.1609634530E+02
HessDelSqRho_EigVec1 = -3.9729660926E-01  6.8543486727E-01  6.1019213941E-01
HessDelSqRho_EigVec2 =  3.0547531813E-01 -5.2822296927E-01  7.9225332107E-01
HessDelSqRho_EigVec3 =  8.6535555368E-01  5.0115819604E-01  4.7776048628E-04
</CP of DelSqRho>
<CP of DelSqRho>
CP# = 31      
Type = (3,-1)
Coords =  1.35653707946794E-01 -2.33885687165486E-01  2.09759412279321E-01
DistFromNuc =  3.4223995868E-01
Rho =  1.3130270449E+01
DelSqRho =  7.5111032850E+02
GradDelSqRho = -3.4106051316E-13  5.9117155615E-12 -5.7980287238E-12
HessDelSqRho_EigVals = -1.5690914051E+05 -3.9191039036E+03  2.1618379735E+02
HessDelSqRho_EigVec1 = -3.9733824184E-01  6.8554889852E-01 -6.1003690815E-01
HessDelSqRho_EigVec2 = -3.0580571948E-01  5.2785215689E-01  7.9237299449E-01
HessDelSqRho_EigVec3 =  8.6521973134E-01  5.0139286812E-01 -9.1073817084E-05
</CP of DelSqRho>
<CP of DelSqRho>
CP# = 32      
Type = (3,-1)
Coords = -2.34131337000075E-01 -1.35041490783564E-01  2.09741287083275E-01
DistFromNuc =  3.4223959678E-01
Rho =  1.3130236564E+01
DelSqRho =  7.5112185418E+02
GradDelSqRho =  2.9558577808E-12 -7.1622707765E-12  2.8421709430E-12
HessDelSqRho_EigVals = -1.5691022673E+05 -3.9202828889E+03  2.1555608607E+02
HessDelSqRho_EigVec1 =  6.8645068067E-01  3.9585980437E-01 -6.0998399839E-01
HessDelSqRho_EigVec2 =  5.2839829602E-01  3.0475518014E-01  7.9241373091E-01
HessDelSqRho_EigVec3 = -4.9958052781E-01  8.6626745031E-01 -2.7754749839E-05
</CP of DelSqRho>
<CP of DelSqRho>
CP# = 33      
Type = (3,-1)
Coords =  2.34740866503784E-01  1.34316022789021E-01 -2.09921945419404E-01
DistFromNuc =  3.4224022577E-01
Rho =  1.3130152400E+01
DelSqRho =  7.5111791218E+02
GradDelSqRho = -1.0231815395E-12 -1.8189894035E-12  4.0927261580E-12
HessDelSqRho_EigVals = -1.5690866259E+05 -3.9201141208E+03  2.1570599541E+02
HessDelSqRho_EigVec1 =  6.8774720624E-01  3.9359093270E-01 -6.0999176880E-01
HessDelSqRho_EigVec2 =  5.2932436119E-01  3.0315953590E-01  7.9240773371E-01
HessDelSqRho_EigVec3 = -4.9680932052E-01  8.6785970841E-01 -1.5985483925E-04
</CP of DelSqRho>
<CP of DelSqRho>
CP# = 34      
Type = (3,-1)
Coords = -1.34549105982038E-01  2.34468098894180E-01 -2.09939026035455E-01
DistFromNuc =  3.4223997167E-01
Rho =  1.3130262568E+01
DelSqRho =  7.5110988951E+02
GradDelSqRho = -3.7516656448E-12  2.7284841053E-12  1.4779288904E-12
HessDelSqRho_EigVals = -1.5690885712E+05 -3.9190870572E+03  2.1610167887E+02
HessDelSqRho_EigVec1 = -3.9458797298E-01  6.8713061971E-01 -6.1004249281E-01
HessDelSqRho_EigVec2 = -3.0390971795E-01  5.2895249116E-01  7.9236869286E-01
HessDelSqRho_EigVec3 =  8.6714428725E-01  4.9805699830E-01  1.0738153641E-04
</CP of DelSqRho>
<CP of DelSqRho>
CP# = 35      
Type = (3,-1)
Coords =  1.34640781743948E-01 -2.34422174553822E-01 -2.09991529825553E-01
DistFromNuc =  3.4224011817E-01
Rho =  1.3130249244E+01
DelSqRho =  7.5110892874E+02
GradDelSqRho =  2.6147972676E-12 -2.0463630790E-12 -8.1854523160E-12
HessDelSqRho_EigVals = -1.5690850922E+05 -3.9190342287E+03  2.1608147965E+02
HessDelSqRho_EigVec1 = -3.9436180519E-01  6.8712439876E-01  6.1019572862E-01
HessDelSqRho_EigVec2 =  3.0343274240E-01 -5.2940294352E-01  7.9225065114E-01
HessDelSqRho_EigVec3 =  8.6741416719E-01  4.9758676029E-01  2.8025979287E-04
</CP of DelSqRho>
<CP of DelSqRho>
CP# = 36      
Type = (3,-1)
Coords = -2.34498347488921E-01 -1.34228671288658E-01 -2.10031976862494E-01
DistFromNuc =  3.4223989036E-01
Rho =  1.3130180864E+01
DelSqRho =  7.5112145464E+02
GradDelSqRho = -1.0231815395E-12  2.8421709430E-12  1.4779288904E-12
HessDelSqRho_EigVals = -1.5690940582E+05 -3.9202235511E+03  2.1532144567E+02
HessDelSqRho_EigVec1 =  6.8753317240E-01  3.9346449333E-01  6.1031453312E-01
HessDelSqRho_EigVec2 = -5.2949244848E-01 -3.0351555530E-01  7.9215910946E-01
HessDelSqRho_EigVec3 = -4.9692643707E-01  8.6779260205E-01  3.4053464606E-04
</CP of DelSqRho>
<CP of DelSqRho>
CP# = 37      
Type = (3,-3)
Coords = -7.16110096196051E-02 -2.63484684835705E-01 -2.06294328067722E-01
DistFromNuc =  3.4219344413E-01
Rho =  1.3124025195E+01
DelSqRho =  7.5313128894E+02
GradDelSqRho = -3.4106051316E-13 -1.8189894035E-12 -2.0463630790E-12
HessDelSqRho_EigVals = -1.5711277567E+05 -3.7839182095E+03 -2.2057021003E+02
HessDelSqRho_EigVec1 =  2.1012694083E-01  7.7230903122E-01  5.9948763876E-01
HessDelSqRho_EigVec2 = -1.5776739666E-01 -5.7835540816E-01  8.0038395186E-01
HessDelSqRho_EigVec3 =  9.6486067247E-01 -2.6276183539E-01  3.1713264413E-04
</CP of DelSqRho>
<CP of DelSqRho>
CP# = 38      
Type = (3,-3)
Coords =  7.08041405635819E-02  2.63792179604669E-01  2.06113059234033E-01
DistFromNuc =  3.4219229614E-01
Rho =  1.3124179342E+01
DelSqRho =  7.5313713260E+02
GradDelSqRho = -1.2505552149E-12 -8.6401996668E-12 -2.0463630790E-12
HessDelSqRho_EigVals = -1.5711537494E+05 -3.7841977518E+03 -2.2080523110E+02
HessDelSqRho_EigVec1 =  2.0727841975E-01  7.7308506646E-01  5.9947905445E-01
HessDelSqRho_EigVec2 = -1.5539394148E-01 -5.7898866508E-01  8.0039043514E-01
HessDelSqRho_EigVec3 =  9.6586147022E-01 -2.5905907768E-01  1.2088002390E-04
</CP of DelSqRho>
<CP of DelSqRho>
CP# = 39      
Type = (3,-3)
Coords = -2.63573140807844E-01  7.13558794809417E-02 -2.06225809493109E-01
DistFromNuc =  3.4219309309E-01
Rho =  1.3124078925E+01
DelSqRho =  7.5312240501E+02
GradDelSqRho = -3.8653524825E-12  6.3948846218E-12  9.0949470177E-13
HessDelSqRho_EigVals = -1.5711333210E+05 -3.7818933683E+03 -2.2011032279E+02
HessDelSqRho_EigVec1 =  7.7275087284E-01 -2.0906567599E-01  5.9928927210E-01
HessDelSqRho_EigVec2 = -5.7857472759E-01  1.5620173274E-01  8.0053251232E-01
HessDelSqRho_EigVec3 =  2.6097389356E-01  9.6534582498E-01  2.5509121676E-04
</CP of DelSqRho>
<CP of DelSqRho>
CP# = 40      
Type = (3,-3)
Coords = -2.63869887059944E-01  7.03785413882008E-02  2.06004128967843E-01
DistFromNuc =  3.4219357475E-01
Rho =  1.3124018876E+01
DelSqRho =  7.5312157742E+02
GradDelSqRho = -3.1832314562E-12  8.5265128291E-14  5.1159076975E-13
HessDelSqRho_EigVals = -1.5711259301E+05 -3.7818581356E+03 -2.2007269421E+02
HessDelSqRho_EigVec1 =  7.7361710446E-01 -2.0621293146E-01 -5.9916008093E-01
HessDelSqRho_EigVec2 =  5.7894710883E-01 -1.5431476857E-01  8.0062925089E-01
HessDelSqRho_EigVec3 =  2.5755935406E-01  9.6626247940E-01 -5.8360334514E-06
</CP of DelSqRho>
<CP of DelSqRho>
CP# = 41      
Type = (3,-3)
Coords =  2.64003819278718E-01 -7.03437619794554E-02  2.06045572062966E-01
DistFromNuc =  3.4219344703E-01
Rho =  1.3124034071E+01
DelSqRho =  7.5312128918E+02
GradDelSqRho =  3.3537617128E-12  1.1368683772E-13  2.8421709430E-12
HessDelSqRho_EigVals = -1.5711281615E+05 -3.7817636881E+03 -2.2001493712E+02
HessDelSqRho_EigVec1 =  7.7351733261E-01 -2.0623724038E-01  5.9928051598E-01
HessDelSqRho_EigVec2 = -5.7920156567E-01  1.5382749789E-01  8.0053897296E-01
HessDelSqRho_EigVec3 =  2.5728677091E-01  9.6633498414E-01  4.6469667339E-04
</CP of DelSqRho>
<CP of DelSqRho>
CP# = 42      
Type = (3,-3)
Coords = -7.06604726613279E-02 -2.63835046902124E-01  2.05994298833618E-01
DistFromNuc =  3.4219243793E-01
Rho =  1.3124146603E+01
DelSqRho =  7.5313916051E+02
GradDelSqRho = -3.4106051316E-13  3.1832314562E-12 -1.3642420527E-12
HessDelSqRho_EigVals = -1.5711533451E+05 -3.7843105258E+03 -2.2100630734E+02
HessDelSqRho_EigVec1 =  2.0735202179E-01  7.7333512569E-01 -5.9913097269E-01
HessDelSqRho_EigVec2 =  1.5510374413E-01  5.7870610276E-01  8.0065103209E-01
HessDelSqRho_EigVec3 =  9.6589231678E-01 -2.5894406734E-01  4.8706966301E-05
</CP of DelSqRho>
<CP of DelSqRho>
CP# = 43      
Type = (3,-3)
Coords =  7.17186876417755E-02  2.63638395304913E-01 -2.06174307136803E-01
DistFromNuc =  3.4219332027E-01
Rho =  1.3124025024E+01
DelSqRho =  7.5313436279E+02
GradDelSqRho = -2.2737367544E-12  1.8189894035E-12  7.7307049651E-12
HessDelSqRho_EigVals = -1.5711323763E+05 -3.7840204330E+03 -2.2087722164E+02
HessDelSqRho_EigVec1 =  2.0994477270E-01  7.7263160704E-01 -5.9913570434E-01
HessDelSqRho_EigVec2 =  1.5725982967E-01  5.7812883925E-01  8.0064748248E-01
HessDelSqRho_EigVec3 =  9.6498318037E-01 -2.6231173253E-01 -1.2878716828E-04
</CP of DelSqRho>
<CP of DelSqRho>
CP# = 44      
Type = (3,-3)
Coords =  2.63768040945099E-01 -7.13458297377326E-02 -2.06180809615321E-01
DistFromNuc =  3.4219308404E-01
Rho =  1.3124079956E+01
DelSqRho =  7.5312320494E+02
GradDelSqRho = -6.9917405199E-12  3.9790393203E-13  1.7621459847E-12
HessDelSqRho_EigVals = -1.5711342052E+05 -3.7818404499E+03 -2.2034021568E+02
HessDelSqRho_EigVec1 =  7.7282702342E-01 -2.0916647131E-01 -5.9915588886E-01
HessDelSqRho_EigVec2 =  5.7828074209E-01 -1.5677756381E-01  8.0063236184E-01
HessDelSqRho_EigVec3 =  2.6139964654E-01  9.6523063708E-01  2.0499573371E-04
</CP of DelSqRho>
<CP of DelSqRho>
CP# = 45      
Type = (3,+3)
Coords =  6.57861317971204E-01  3.79105468550534E-01  7.71405851085319E-05
DistFromNuc =  7.5919367605E-01
Rho =  1.4525653023E+00
DelSqRho = -1.3782625343E+01
GradDelSqRho = -6.0396132540E-14 -9.9475983006E-14 -1.3877787808E-16
HessDelSqRho_EigVals =  1.6949330101E+01  1.6556185210E+02  1.4029322006E+03
HessDelSqRho_EigVec1 = -4.9932798627E-01  8.6640512750E-01  3.7036692929E-03
HessDelSqRho_EigVec2 =  1.6551790340E-03 -3.3208097373E-03  9.9999311628E-01
HessDelSqRho_EigVec3 =  8.6641146259E-01  4.9933067927E-01  2.2411763695E-04
</CP of DelSqRho>
<CP of DelSqRho>
CP# = 46      
Type = (3,+3)
Coords = -6.57653404392173E-01 -3.79124781008915E-01 -2.23245285901889E-04
DistFromNuc =  7.5919105545E-01
Rho =  1.4525985820E+00
DelSqRho = -1.3783467455E+01
GradDelSqRho =  1.6875389974E-13  6.7501559897E-14  1.3877787808E-17
HessDelSqRho_EigVals =  1.6964671459E+01  1.6556914884E+02  1.4029855952E+03
HessDelSqRho_EigVec1 = -4.9941137195E-01  8.6635796382E-01 -3.4871330072E-03
HessDelSqRho_EigVec2 = -1.8926482602E-03  2.9340085669E-03  9.9999390472E-01
HessDelSqRho_EigVec3 =  8.6636291440E-01  4.9941492781E-01  1.7443364918E-04
</CP of DelSqRho>
<CP of DelSqRho>
CP# = 47      
Type = (3,+3)
Coords = -1.59306938379332E-05 -1.15588031030518E-04  7.43476703045063E-01
DistFromNuc =  7.4356602485E-01
Rho =  1.7222770672E+00
DelSqRho = -2.0289031887E+01
GradDelSqRho =  1.0668549377E-16  9.8445557262E-17 -4.7606363296E-13
HessDelSqRho_EigVals =  2.3253992751E+02  2.3260679880E+02  1.6525609529E+03
HessDelSqRho_EigVec1 =  8.0810263845E-01 -5.8904170118E-01 -4.3166586653E-07
HessDelSqRho_EigVec2 =  5.8904168593E-01  8.0810261736E-01  2.2813454411E-04
HessDelSqRho_EigVec3 = -1.3403192964E-04 -1.8461039620E-04  9.9999997398E-01
</CP of DelSqRho>
<CP of DelSqRho>
CP# = 48      
Type = (3,+3)
Coords =  1.75504229404019E-04  1.64256337070792E-04 -7.43645638045893E-01
DistFromNuc =  7.4355635494E-01
Rho =  1.7223838784E+00
DelSqRho = -2.0291389320E+01
GradDelSqRho =  6.1149002528E-17  4.7704895589E-17  3.3395508581E-13
HessDelSqRho_EigVals =  2.3255738676E+02  2.3266639669E+02  1.6527612564E+03
HessDelSqRho_EigVec1 =  8.6435412507E-01 -5.0288363103E-01  1.0671764850E-05
HessDelSqRho_EigVec2 =  5.0288361598E-01  8.6435410402E-01  2.2725336446E-04
HessDelSqRho_EigVec3 = -1.2350618083E-04 -1.9106072731E-04  9.9999997412E-01
</CP of DelSqRho>
<CP of DelSqRho>
CP# = 49      
Type = (3,-1)
Coords =  1.43862454583426E-01  5.88734925262440E-01  5.22495265710875E-01
DistFromNuc =  8.0021874143E-01
Rho =  1.1213095644E+00
DelSqRho = -3.7673886586E+00
GradDelSqRho =  8.8817841970E-16  4.0856207306E-14  4.1744385726E-14
HessDelSqRho_EigVals = -1.3544602540E+02 -6.9228168333E+00  7.9375096934E+02
HessDelSqRho_EigVec1 = -1.5254707247E-01 -6.2875493029E-01  7.6249369067E-01
HessDelSqRho_EigVec2 =  9.7169196421E-01 -2.3625104394E-01 -4.1343841462E-04
HessDelSqRho_EigVec3 =  1.8039988186E-01  7.4084592316E-01  6.4699551834E-01
</CP of DelSqRho>
<CP of DelSqRho>
CP# = 50      
Type = (3,-1)
Coords = -1.43491960615011E-01 -5.88979867951791E-01  5.22232185629545E-01
DistFromNuc =  8.0022293296E-01
Rho =  1.1212691777E+00
DelSqRho = -3.7665952780E+00
GradDelSqRho = -5.8619775700E-14 -3.7303493627E-14  3.0198066270E-14
HessDelSqRho_EigVals = -1.3544538509E+02 -6.9385724802E+00  7.9370366657E+02
HessDelSqRho_EigVec1 =  1.5193768557E-01  6.2855795268E-01  7.6277771325E-01
HessDelSqRho_EigVec2 =  9.7183491990E-01 -2.3566185680E-01  6.1457715125E-04
HessDelSqRho_EigVec3 =  1.8014390959E-01  7.4120064043E-01 -6.4666048470E-01
</CP of DelSqRho>
<CP of DelSqRho>
CP# = 51      
Type = (3,+1)
Coords =  5.26351467438604E-01  2.84568815745768E-01 -5.29206837375996E-01
DistFromNuc =  7.9867983518E-01
Rho =  1.1346296540E+00
DelSqRho = -4.0774627523E+00
GradDelSqRho = -1.9007018182E-13 -8.8817841970E-15  3.0198066270E-13
HessDelSqRho_EigVals = -1.4138486068E+02  6.8225987970E+00  8.1125963290E+02
HessDelSqRho_EigVec1 =  5.7723074210E-01  3.1351067629E-01  7.5399981846E-01
HessDelSqRho_EigVec2 = -4.7667381731E-01  8.7908003924E-01 -5.9707748154E-04
HessDelSqRho_EigVec3 =  6.6301338016E-01  3.5906732023E-01 -6.5687435425E-01
</CP of DelSqRho>
<CP of DelSqRho>
CP# = 52      
Type = (3,+1)
Coords = -5.26005654385766E-01 -2.84402742378369E-01 -5.29446695856987E-01
DistFromNuc =  7.9867842896E-01
Rho =  1.1346415890E+00
DelSqRho = -4.0775625302E+00
GradDelSqRho =  1.2967404928E-13 -5.3290705182E-14  1.5276668819E-13
HessDelSqRho_EigVals = -1.4138905480E+02  6.8206369283E+00  8.1127661388E+02
HessDelSqRho_EigVec1 = -5.7736941475E-01 -3.1388768645E-01  7.5373674397E-01
HessDelSqRho_EigVec2 = -4.7680861317E-01  8.7900675841E-01  8.1552059788E-04
HessDelSqRho_EigVec3 =  6.6279567389E-01  3.5891731494E-01  6.5717597013E-01
</CP of DelSqRho>
<CP of DelSqRho>
CP# = 53      
Type = (3,-1)
Coords =  5.89199305989568E-01 -1.42597784790819E-01  5.22360620530458E-01
DistFromNuc =  8.0021911731E-01
Rho =  1.1212487247E+00
DelSqRho = -3.7676456256E+00
GradDelSqRho = -9.7699626167E-15  3.3750779949E-14 -5.0237591864E-14
HessDelSqRho_EigVals = -1.3539422778E+02 -6.9214692455E+00  7.9374279802E+02
HessDelSqRho_EigVec1 = -6.2908338308E-01  1.5047475138E-01  7.6263454310E-01
HessDelSqRho_EigVec2 =  2.3379516846E-01  9.7228534588E-01  1.0126211003E-03
HessDelSqRho_EigVec3 =  7.4134601661E-01 -1.7893729458E-01  6.4682882455E-01
</CP of DelSqRho>
<CP of DelSqRho>
CP# = 54      
Type = (3,-1)
Coords = -5.89090705512437E-01  1.42805525802518E-01  5.22250734321832E-01
DistFromNuc =  8.0022097942E-01
Rho =  1.1212390054E+00
DelSqRho = -3.7673381344E+00
GradDelSqRho = -3.1086244690E-14  0.0000000000E+00 -1.2878587086E-14
HessDelSqRho_EigVals = -1.3539152150E+02 -6.9318602709E+00  7.9372261079E+02
HessDelSqRho_EigVec1 =  6.2877117922E-01 -1.5117779423E-01  7.6275296047E-01
HessDelSqRho_EigVec2 =  2.3441039471E-01  9.7213757080E-01 -5.5704361324E-04
HessDelSqRho_EigVec3 =  7.4141659749E-01 -1.7914747550E-01 -6.4668973317E-01
</CP of DelSqRho>
<CP of DelSqRho>
CP# = 55      
Type = (3,+1)
Coords =  2.86297797506776E-01 -5.25157083577511E-01 -5.29368621746503E-01
DistFromNuc =  7.9866605542E-01
Rho =  1.1347489553E+00
DelSqRho = -4.0798963889E+00
GradDelSqRho =  1.4832579609E-13  1.5187850977E-13  8.1712414612E-14
HessDelSqRho_EigVals = -1.4136110561E+02  6.8503854405E+00  8.1141684709E+02
HessDelSqRho_EigVec1 = -3.1488865982E-01  5.7672246251E-01 -7.5381452172E-01
HessDelSqRho_EigVec2 =  8.7772328428E-01  4.7916785542E-01 -5.0732827892E-05
HessDelSqRho_EigVec3 = -3.6117442899E-01  6.6165653293E-01  6.5708725773E-01
</CP of DelSqRho>
<CP of DelSqRho>
CP# = 56      
Type = (3,+1)
Coords = -2.86132553770114E-01  5.25324548158227E-01 -5.29240126808058E-01
DistFromNuc =  7.9866376868E-01
Rho =  1.1347650774E+00
DelSqRho = -4.0801843445E+00
GradDelSqRho = -1.7275070263E-13 -3.9079850467E-14 -1.9539925233E-14
HessDelSqRho_EigVals = -1.4136356329E+02  6.8534022686E+00  8.1144645163E+02
HessDelSqRho_EigVec1 = -3.1519688725E-01  5.7637091160E-01  7.5395457060E-01
HessDelSqRho_EigVec2 = -8.7760982817E-01 -4.7937543460E-01 -4.2685571121E-04
HessDelSqRho_EigVec3 = -3.6118127274E-01  6.6181248474E-01 -6.5692642150E-01
</CP of DelSqRho>
<CP of DelSqRho>
CP# = 57      
Type = (3,+3)
Coords = -3.78132341868189E-01  6.58299365009292E-01 -5.82339229508153E-06
DistFromNuc =  7.5919522261E-01
Rho =  1.4525734537E+00
DelSqRho = -1.3781640399E+01
GradDelSqRho =  7.1054273576E-15  1.0658141036E-13 -1.3877787808E-17
HessDelSqRho_EigVals =  1.6951509142E+01  1.6550208534E+02  1.4029001158E+03
HessDelSqRho_EigVec1 =  8.6706970062E-01  4.9817624999E-01 -3.2493414365E-03
HessDelSqRho_EigVec2 =  2.8737831482E-03  1.5206545237E-03  9.9999471448E-01
HessDelSqRho_EigVec3 = -4.9817855799E-01  8.6707445560E-01  1.1313704945E-04
</CP of DelSqRho>
<CP of DelSqRho>
CP# = 58      
Type = (3,+3)
Coords =  3.78474135186635E-01 -6.58156741271346E-01 -1.52878126302254E-04
DistFromNuc =  7.5919540654E-01
Rho =  1.4525647022E+00
DelSqRho = -1.3781540702E+01
GradDelSqRho =  8.8817841970E-14 -1.9895196601E-13  4.1633363423E-17
HessDelSqRho_EigVals =  1.6950602642E+01  1.6550203726E+02  1.4028957179E+03
HessDelSqRho_EigVec1 =  8.6693623254E-01  4.9840510953E-01  3.7303491785E-03
HessDelSqRho_EigVec2 = -3.1936506646E-03 -1.9294178928E-03  9.9999303895E-01
HessDelSqRho_EigVec3 = -4.9840883751E-01  8.6694211118E-01  8.0950469650E-05
</CP of DelSqRho>
<CP of DelSqRho>
CP# = 59      
Type = (3,+1)
Coords =  5.10875019673137E-01  3.11050665148133E-01  5.29285592601595E-01
DistFromNuc =  7.9867632948E-01
Rho =  1.1346495515E+00
DelSqRho = -4.0776730534E+00
GradDelSqRho =  2.1795898419E-12  7.6916251146E-13  2.5828228445E-12
HessDelSqRho_EigVals = -1.4138442379E+02  6.8127190083E+00  8.1129844440E+02
HessDelSqRho_EigVec1 = -5.6174359730E-01 -3.4109467775E-01  7.5372312669E-01
HessDelSqRho_EigVec2 = -5.1929953299E-01  8.5459224936E-01 -2.8700171392E-04
HessDelSqRho_EigVec3 =  6.4402804748E-01  3.9156928907E-01  6.5719203124E-01
</CP of DelSqRho>
<CP of DelSqRho>
CP# = 60      
Type = (3,+1)
Coords = -3.11091654193945E-01  5.10799270982921E-01  5.29191481307977E-01
DistFromNuc =  7.9866288503E-01
Rho =  1.1347710158E+00
DelSqRho = -4.0803247338E+00
GradDelSqRho = -8.5220719370E-13  2.3288038165E-12  2.7835511673E-12
HessDelSqRho_EigVals = -1.4135544948E+02  6.8480785448E+00  8.1145404047E+02
HessDelSqRho_EigVec1 = -3.4060528104E-01  5.6191822202E-01 -7.5381427042E-01
HessDelSqRho_EigVec2 =  8.5470558210E-01  5.1911248568E-01  7.7144995449E-04
HessDelSqRho_EigVec3 = -3.9174789145E-01  6.4402650486E-01  6.5708709513E-01
</CP of DelSqRho>
<CP of DelSqRho>
CP# = 61      
Type = (3,+1)
Coords =  3.11573191084561E-01 -5.10677350413868E-01  5.29085445879394E-01
DistFromNuc =  7.9866432812E-01
Rho =  1.1347550255E+00
DelSqRho = -4.0802116310E+00
GradDelSqRho =  7.3940853440E-13 -2.0552448632E-12  2.4993340730E-12
HessDelSqRho_EigVals = -1.4135282276E+02  6.8507164739E+00  8.1143758375E+02
HessDelSqRho_EigVec1 = -3.4126158959E-01  5.6136252729E-01  7.5393145605E-01
HessDelSqRho_EigVec2 = -8.5426158398E-01 -5.1984324005E-01  3.8975552996E-04
HessDelSqRho_EigVec3 = -3.9214496504E-01  6.4392167127E-01 -6.5695297219E-01
</CP of DelSqRho>
<CP of DelSqRho>
CP# = 62      
Type = (3,+1)
Coords = -5.10901111489740E-01 -3.11093679129227E-01  5.29041230466752E-01
DistFromNuc =  7.9867269097E-01
Rho =  1.1346796292E+00
DelSqRho = -4.0783553602E+00
GradDelSqRho = -2.3696600238E-12 -8.2422957348E-13  2.8848035072E-12
HessDelSqRho_EigVals = -1.4138895202E+02  6.8309426351E+00  8.1134430133E+02
HessDelSqRho_EigVec1 =  5.6161065507E-01  3.4072652593E-01  7.5398866479E-01
HessDelSqRho_EigVec2 = -5.1913842491E-01  8.5469005769E-01  4.4841096462E-04
HessDelSqRho_EigVec3 =  6.4427382989E-01  3.9167632022E-01 -6.5688727518E-01
</CP of DelSqRho>
<CP of DelSqRho>
CP# = 63      
Type = (3,-1)
