 AIMInt (Version 19.02.13, Professional)
 Portions Copyright (c) 1997-2019 by Todd A. Keith
 AIMInt is a component of the AIMAll package ( http://aim.tkgristmill.com )

 TP:  64-bit Linux

 Licensed To:  Research Group of Fernando Cortes Guzman, UNAM, fercor@unam.mx

 AIMInt is a heavily modified and extended version of the PROAIMV program
 developed by members of R.F.W. Bader's research group

 Much of the Quantum Theory of Atoms in Molecules (QTAIM) is described in the book:
   "Atoms in Molecules - A Quantum Theory"
   R.F.W. Bader, Oxford University Press, Oxford, 1990

 For additional references see:  http://aim.tkgristmill.com/references.html

 Current Directory:  /home/scratch/M_H2O_4_cuadrado_plano/Opt

 Inp File:  Ni2_cuadrado_plano_cc-pvtz-def2-tzv_1_atomicfiles/ni1.inp
 Wfx File:  Ni2_cuadrado_plano_cc-pvtz-def2-tzv_1.wfx
 Out File:  Ni2_cuadrado_plano_cc-pvtz-def2-tzv_1_atomicfiles/ni1.int

 Wfx Title:   Ni2_cuadrado_plano_cc-pvtz-def2-tzv_1                                         
 Job Title:   Ni2_cuadrado_plano_cc-pvtz-def2-tzv_1                                         
 
<Atom>
Ni1     
</Atom>
<Nuclei of Molecule>
    13
Ni1       28.0           1.9231592417E-03  -2.8835789311E-03   1.3441095153E-04
O2         8.0          -3.5896789891E+00  -2.9380304675E-01  -1.5977600892E-03
H3         1.0          -4.7752209329E+00   7.4904074049E-01  -9.6668301345E-01
O4         8.0           2.9243884085E-01  -3.5749206459E+00  -1.2286062530E-03
H5         1.0           1.5196059141E+00  -4.5783961773E+00   9.5380119496E-01
O6         8.0           3.5838409284E+00   2.8742958883E-01   1.2083334975E-03
H7         1.0           4.5854821252E+00   1.5164977797E+00   9.5558903123E-01
O8         8.0          -2.9008020618E-01   3.5873206114E+00   9.7474760076E-04
H9         1.0          -1.5144464522E+00   4.5888441388E+00   9.6125658327E-01
H10        1.0          -4.5955259758E+00  -1.5033087514E+00   9.7295913912E-01
H11        1.0          -7.6638785835E-01  -4.7624527561E+00  -9.4654468107E-01
H12        1.0           4.7717598026E+00  -7.5305267213E-01  -9.6366768876E-01
H13        1.0           7.4872032678E-01   4.7753558470E+00  -9.6532778999E-01
</Nuclei of Molecule>
<Total Number of CPs of DelSqRho>
    94
</Total Number of CPs of DelSqRho>
<Number of (3,+3) CPs of DelSqRho>
    16
</Number of (3,+3) CPs of DelSqRho>
<Number of (3,+1) CPs of DelSqRho>
    32
</Number of (3,+1) CPs of DelSqRho>
<Number of (3,-1) CPs of DelSqRho>
    34
</Number of (3,-1) CPs of DelSqRho>
<Number of (3,-3) CPs of DelSqRho>
    12
</Number of (3,-3) CPs of DelSqRho>
<Number of Degenerate CPs of DelSqRho>
     0
</Number of Degenerate CPs of DelSqRho>
<CP of DelSqRho>
CP# = 1       
Type = (3,+3)
Coords =  1.92315924004790E-03 -2.88357892855126E-03  1.34410951534509E-04
DistFromNuc =  3.0087446304E-12
Rho =  1.4830516769E+04
DelSqRho = -1.0709169877E+10
GradDelSqRho = -1.1881709157E-02 -1.3822029287E-02 -7.3107213575E-04
HessDelSqRho_EigVals =  1.2805642972E+17  1.2805642972E+17  1.2805642983E+17
HessDelSqRho_EigVec1 = -1.2531348469E-01  9.9209071308E-01  7.2489703107E-03
HessDelSqRho_EigVec2 =  9.9208752446E-01  1.2524988351E-01  8.6493062920E-03
HessDelSqRho_EigVec3 = -7.6729637600E-03 -8.2754877220E-03  9.9993631894E-01
</CP of DelSqRho>
<CP of DelSqRho>
CP# = 2       
Type = (3,-3)
Coords = -1.88392396458880E-02  2.53161127016330E-01 -5.45421407262160E-04
DistFromNuc =  2.5688602691E-01
Rho =  3.3116812089E+01
DelSqRho =  3.3547245303E+03
GradDelSqRho =  1.9539925233E-12 -4.5474735089E-13  2.8421709430E-14
HessDelSqRho_EigVals = -1.2429590439E+06 -4.1808986096E+04 -3.5480157055E+04
HessDelSqRho_EigVec1 = -8.0829219191E-02  9.9672448819E-01 -2.6328622717E-03
HessDelSqRho_EigVec2 =  6.3981676077E-03  3.1603057436E-03  9.9997453764E-01
HessDelSqRho_EigVec3 =  9.9670742988E-01  8.0810315594E-02 -6.6326553798E-03
</CP of DelSqRho>
<CP of DelSqRho>
CP# = 3       
Type = (3,-1)
Coords =  1.46420151881283E-01  8.90150843329118E-03 -2.96120099959768E-04
DistFromNuc =  1.4497742763E-01
Rho =  1.3720867209E+02
DelSqRho = -1.0344646064E+04
GradDelSqRho =  0.0000000000E+00  7.2759576142E-12  6.2527760747E-13
HessDelSqRho_EigVals = -1.4374208819E+05 -1.2381080731E+05  2.4761719264E+07
HessDelSqRho_EigVec1 =  2.4375901897E-03  6.6037172723E-03  9.9997522423E-01
HessDelSqRho_EigVec2 = -8.1298333072E-02  9.9666936810E-01 -6.3837088631E-03
HessDelSqRho_EigVec3 =  9.9668683105E-01  8.1280757977E-02 -2.9663426804E-03
</CP of DelSqRho>
<CP of DelSqRho>
CP# = 4       
Type = (3,-1)
Coords = -1.42586240265433E-01 -1.45258605430948E-02  5.59561010448686E-04
DistFromNuc =  1.4497823981E-01
Rho =  1.3720625793E+02
DelSqRho = -1.0343952516E+04
GradDelSqRho =  0.0000000000E+00  0.0000000000E+00 -5.6843418861E-13
HessDelSqRho_EigVals = -1.4393421143E+05 -1.2377117771E+05  2.4760500267E+07
HessDelSqRho_EigVec1 =  2.2502190096E-03  8.5493132445E-03  9.9996092212E-01
HessDelSqRho_EigVec2 = -8.0333736240E-02  9.9673312352E-01 -8.3409411401E-03
HessDelSqRho_EigVec3 =  9.9676548262E-01  8.0311828023E-02 -2.9296660972E-03
</CP of DelSqRho>
<CP of DelSqRho>
CP# = 5       
Type = (3,-1)
Coords =  1.36042191193216E-02 -1.47388149263044E-01  5.07631578473439E-04
DistFromNuc =  1.4497640256E-01
Rho =  1.3721050683E+02
DelSqRho = -1.0344703428E+04
GradDelSqRho = -1.4551915228E-11 -1.4551915228E-11 -4.5474735089E-13
HessDelSqRho_EigVals = -1.4378910727E+05 -1.2386792837E+05  2.4762833237E+07
HessDelSqRho_EigVec1 =  8.9278408527E-03  3.3015759373E-03  9.9995469560E-01
HessDelSqRho_EigVec2 =  9.9670841766E-01  8.0550210289E-02 -9.1648119718E-03
HessDelSqRho_EigVec3 = -8.0576819333E-02  9.9674508437E-01 -2.5715690702E-03
</CP of DelSqRho>
<CP of DelSqRho>
CP# = 6       
Type = (3,+1)
Coords = -1.32180182540906E-01 -1.60639624478367E-01  1.54808584792781E-01
DistFromNuc =  2.5844685380E-01
Rho =  3.3708339530E+01
DelSqRho =  2.9230165902E+03
GradDelSqRho =  9.0949470177E-13  8.1854523160E-12  0.0000000000E+00
HessDelSqRho_EigVals = -1.1791744124E+06  2.2474815138E+04  3.0543056837E+04
HessDelSqRho_EigVec1 = -5.1917799332E-01 -6.1076848777E-01  5.9784284356E-01
HessDelSqRho_EigVec2 = -7.6173473089E-01  6.4788891507E-01  3.9178169148E-04
HessDelSqRho_EigVec3 = -3.8757503921E-01 -4.5519425312E-01 -8.0161323649E-01
</CP of DelSqRho>
<CP of DelSqRho>
CP# = 7       
Type = (3,+1)
Coords =  1.60560035859192E-01 -1.37163830231282E-01  1.53745339912526E-01
DistFromNuc =  2.5844373084E-01
Rho =  3.3708952694E+01
DelSqRho =  2.9230723926E+03
GradDelSqRho =  1.2732925825E-11 -1.0913936421E-11  1.2278178474E-11
HessDelSqRho_EigVals = -1.1792763363E+06  2.2541863670E+04  3.0546269717E+04
HessDelSqRho_EigVec1 =  6.1416180205E-01 -5.1987420452E-01  5.9374749884E-01
HessDelSqRho_EigVec2 =  6.5241552705E-01  7.5777642477E-01 -1.1352097924E-02
HessDelSqRho_EigVec3 = -4.4402619401E-01  3.9434211231E-01  8.0457133773E-01
</CP of DelSqRho>
<CP of DelSqRho>
CP# = 8       
Type = (3,+1)
Coords =  1.35952836752363E-01  1.54937209425888E-01 -1.54539428694080E-01
DistFromNuc =  2.5844796838E-01
Rho =  3.3707861715E+01
DelSqRho =  2.9229462512E+03
GradDelSqRho =  0.0000000000E+00 -1.8189894035E-12  3.6379788071E-12
HessDelSqRho_EigVals = -1.1791317916E+06  2.2476758510E+04  3.0544851135E+04
HessDelSqRho_EigVec1 = -5.1890018437E-01 -6.1101420070E-01  5.9783295761E-01
HessDelSqRho_EigVec2 = -7.6288537183E-01  6.4653230684E-01 -1.3731919500E-03
HessDelSqRho_EigVec3 = -3.8567928140E-01 -4.5679056771E-01 -8.0161952892E-01
</CP of DelSqRho>
<CP of DelSqRho>
CP# = 9       
Type = (3,+1)
Coords = -1.02543820467291E-01 -1.15532640443197E-02 -1.00118090296744E-01
DistFromNuc =  1.4504853428E-01
Rho =  1.3754044894E+02
DelSqRho = -1.0707230561E+04
GradDelSqRho = -4.3655745685E-11  0.0000000000E+00  5.8207660913E-11
HessDelSqRho_EigVals = -6.4405110137E+04  1.4917930408E+05  2.4682086191E+07
HessDelSqRho_EigVec1 = -7.9744751796E-02  9.9681044313E-01 -3.1168927481E-03
HessDelSqRho_EigVec2 = -6.8877105219E-01 -5.2840743721E-02  7.2305068527E-01
HessDelSqRho_EigVec3 =  7.2057977506E-01  5.9806322931E-02  6.9078794974E-01
</CP of DelSqRho>
<CP of DelSqRho>
CP# = 10      
Type = (3,-3)
Coords = -2.54124405764497E-01 -2.36490729160973E-02  9.10318661595358E-04
DistFromNuc =  2.5688939900E-01
Rho =  3.3115898503E+01
DelSqRho =  3.3544870570E+03
GradDelSqRho =  7.2759576142E-12 -5.0022208598E-12  8.5265128291E-14
HessDelSqRho_EigVals = -1.2428671871E+06 -4.1773741163E+04 -3.5462411484E+04
HessDelSqRho_EigVec1 =  9.9672375579E-01  8.0825285311E-02 -3.0046452508E-03
HessDelSqRho_EigVec2 =  2.4701288452E-03  6.7124080302E-03  9.9997442069E-01
HessDelSqRho_EigVec3 = -8.0843386262E-02  9.9670568215E-01 -6.4907676736E-03
</CP of DelSqRho>
<CP of DelSqRho>
CP# = 11      
Type = (3,-3)
Coords =  2.57971554564597E-01  1.78687002473998E-02 -6.42181732856777E-04
DistFromNuc =  2.5688916080E-01
Rho =  3.3116004618E+01
DelSqRho =  3.3545894339E+03
GradDelSqRho =  7.2759576142E-12 -4.5474735089E-12  1.7053025658E-13
HessDelSqRho_EigVals = -1.2429186464E+06 -4.1771382817E+04 -3.5464438459E+04
HessDelSqRho_EigVec1 =  9.9672659818E-01  8.0790075083E-02 -3.0086949540E-03
HessDelSqRho_EigVec2 =  2.3309021329E-03  8.4825565593E-03  9.9996130582E-01
HessDelSqRho_EigVec3 = -8.0812470402E-02  9.9669504363E-01 -8.2664759849E-03
</CP of DelSqRho>
<CP of DelSqRho>
CP# = 12      
Type = (3,-3)
Coords =  2.26920633322821E-02 -2.58927249750163E-01  8.13840750789871E-04
DistFromNuc =  2.5688551997E-01
Rho =  3.3117048090E+01
DelSqRho =  3.3549172340E+03
GradDelSqRho = -1.2185807918E-12 -1.3187673176E-11  7.1054273576E-14
HessDelSqRho_EigVals = -1.2430563314E+06 -4.1805387789E+04 -3.5483935451E+04
HessDelSqRho_EigVec1 = -8.0845240064E-02  9.9672319450E-01 -2.6307229913E-03
HessDelSqRho_EigVec2 =  8.4825698466E-03  3.3272920659E-03  9.9995848671E-01
HessDelSqRho_EigVec3 =  9.9669057042E-01  8.0819568620E-02 -8.7237698409E-03
</CP of DelSqRho>
<CP of DelSqRho>
CP# = 13      
Type = (3,-1)
Coords =  1.68947957792249E-01  1.93593854115085E-01 -1.12276354429848E-03
DistFromNuc =  2.5788029299E-01
Rho =  3.3567613867E+01
DelSqRho =  3.0626263024E+03
GradDelSqRho =  5.4569682106E-11  6.5483618528E-11 -3.4816594052E-13
HessDelSqRho_EigVals = -1.2013788834E+06 -2.3799239542E+04  3.5056315320E+04
HessDelSqRho_EigVec1 =  6.4767885799E-01  7.6189800772E-01 -4.8500246915E-03
HessDelSqRho_EigVec2 =  3.4250190359E-03  3.4540776686E-03  9.9998816923E-01
HessDelSqRho_EigVec3 =  7.6190574624E-01 -6.4768780688E-01 -3.7238210002E-04
</CP of DelSqRho>
<CP of DelSqRho>
CP# = 14      
Type = (3,-3)
Coords =  2.79574060827894E-03 -2.00239571644214E-03  2.57109226418159E-01
DistFromNuc =  2.5697780773E-01
Rho =  3.2851932029E+01
DelSqRho =  3.3903936728E+03
GradDelSqRho =  1.4210854715E-14 -3.1974423109E-14  1.2050804798E-11
HessDelSqRho_EigVals = -1.2415057313E+06 -4.3927956909E+04 -4.3912156917E+04
HessDelSqRho_EigVec1 =  3.4216498858E-03  3.4294291034E-03  9.9998826560E-01
HessDelSqRho_EigVec2 =  1.3099308995E-01 -9.9137888718E-01  2.9516857531E-03
HessDelSqRho_EigVec3 =  9.9137737653E-01  1.3098145319E-01 -3.8413829711E-03
</CP of DelSqRho>
<CP of DelSqRho>
CP# = 15      
Type = (3,-3)
Coords =  1.07134111681102E-03 -3.79510053199846E-03 -2.56840434292504E-01
DistFromNuc =  2.5697787367E-01
Rho =  3.2851898686E+01
DelSqRho =  3.3903935083E+03
GradDelSqRho = -9.9475983006E-14  2.1316282073E-14  2.8762769944E-11
HessDelSqRho_EigVals = -1.2415050526E+06 -4.3927695121E+04 -4.3911904423E+04
HessDelSqRho_EigVec1 =  3.3180500640E-03  3.5785231115E-03  9.9998809229E-01
HessDelSqRho_EigVec2 = -7.1612565551E-02  9.9742695971E-01 -3.3317410230E-03
HessDelSqRho_EigVec3 =  9.9742700535E-01  7.1600657926E-02 -3.5657798083E-03
</CP of DelSqRho>
<CP of DelSqRho>
CP# = 16      
Type = (3,-1)
Coords = -9.83842013009292E-03  1.41615959667921E-01 -2.40576995047369E-04
DistFromNuc =  1.4497790184E-01
Rho =  1.3720598064E+02
DelSqRho = -1.0343433299E+04
GradDelSqRho =  1.0913936421E-11  1.4551915228E-11  7.9580786405E-13
HessDelSqRho_EigVals = -1.4410500494E+05 -1.2380412397E+05  2.4760581767E+07
HessDelSqRho_EigVec1 =  5.8532140059E-03  3.0685118899E-03  9.9997816182E-01
HessDelSqRho_EigVec2 =  9.9668697592E-01  8.1105309567E-02 -6.0828276116E-03
HessDelSqRho_EigVec3 = -8.1122203604E-02  9.9670081418E-01 -2.5836191022E-03
</CP of DelSqRho>
<CP of DelSqRho>
CP# = 17      
Type = (3,+1)
Coords =  1.06418256116058E-01  5.90846222385818E-03  1.00346464481591E-01
DistFromNuc =  1.4504820210E-01
Rho =  1.3754118278E+02
DelSqRho = -1.0707175480E+04
GradDelSqRho = -1.4551915228E-11 -2.0008883439E-11  0.0000000000E+00
HessDelSqRho_EigVals = -6.4507010178E+04  1.4906740233E+05  2.4682514921E+07
HessDelSqRho_EigVec1 = -8.0976956230E-02  9.9671144964E-01 -3.0031169046E-03
HessDelSqRho_EigVec2 = -6.8841668746E-01 -5.3750431266E-02  7.2332105981E-01
HessDelSqRho_EigVec3 =  7.2078096325E-01  6.0639733593E-02  6.9050534083E-01
</CP of DelSqRho>
<CP of DelSqRho>
CP# = 18      
Type = (3,+1)
Coords = -1.56066813168228E-01  1.32023422235455E-01  1.53867089703137E-01
DistFromNuc =  2.5844625527E-01
Rho =  3.3708147519E+01
DelSqRho =  2.9228261862E+03
GradDelSqRho = -4.5474735089E-12  1.0913936421E-11  0.0000000000E+00
HessDelSqRho_EigVals = -1.1791510362E+06  2.2544932156E+04  3.0553728410E+04
HessDelSqRho_EigVec1 =  6.1165835587E-01 -5.2231686633E-01 -5.9418780435E-01
HessDelSqRho_EigVec2 =  6.4428716195E-01  7.6473069774E-01 -9.0007156065E-03
HessDelSqRho_EigVec3 =  4.5909487978E-01 -3.7732221122E-01  8.0427597271E-01
</CP of DelSqRho>
<CP of DelSqRho>
CP# = 19      
Type = (3,+1)
Coords = -1.08577991086613E-01  9.10162330456429E-02  1.45837055385236E-04
DistFromNuc =  1.4500923779E-01
Rho =  1.3758720312E+02
DelSqRho = -1.0668408785E+04
GradDelSqRho =  5.8207660913E-11  5.8207660913E-11 -9.0949470177E-13
HessDelSqRho_EigVals = -8.2216251326E+04  1.2364480224E+05  2.4719595274E+07
HessDelSqRho_EigVec1 =  2.3939161678E-03  2.6935478464E-03  9.9999350696E-01
HessDelSqRho_EigVec2 =  6.4754164638E-01  7.6202154600E-01 -3.6027253034E-03
HessDelSqRho_EigVec3 =  7.6202630228E-01 -6.4754606649E-01 -8.0031292133E-05
</CP of DelSqRho>
<CP of DelSqRho>
CP# = 20      
Type = (3,+3)
Coords =  7.81892835346422E-02  8.68236211404842E-02  8.48408467291596E-02
DistFromNuc =  1.4504855643E-01
Rho =  1.3769747040E+02
DelSqRho = -1.0818106141E+04
GradDelSqRho = -1.4551915228E-11 -5.8207660913E-11 -5.8207660913E-11
HessDelSqRho_EigVals =  8.1150067413E+04  1.0725572738E+05  2.4677980365E+07
HessDelSqRho_EigVec1 =  7.6347048647E-01 -6.4583356949E-01 -3.4375593553E-03
HessDelSqRho_EigVec2 = -3.7477042552E-01 -4.4735614710E-01  8.1204655396E-01
HessDelSqRho_EigVec3 =  5.2598473785E-01  6.1868528201E-01  5.8358253691E-01
</CP of DelSqRho>
<CP of DelSqRho>
CP# = 21      
Type = (3,+3)
Coords = -8.72663559097788E-02  7.32374213387521E-02  8.55165270393073E-02
DistFromNuc =  1.4504924006E-01
Rho =  1.3769709167E+02
DelSqRho = -1.0818200615E+04
GradDelSqRho =  2.9103830457E-11  2.9103830457E-11 -5.8207660913E-11
HessDelSqRho_EigVals =  8.0841632359E+04  1.0750153911E+05  2.4677327974E+07
HessDelSqRho_EigVec1 =  6.4353460914E-01  7.6535013034E-01 -1.0118538967E-02
HessDelSqRho_EigVec2 =  4.5552427276E-01 -3.7233099535E-01  8.0862059511E-01
HessDelSqRho_EigVec3 =  6.1511043218E-01 -5.2498457872E-01 -5.8824344309E-01
</CP of DelSqRho>
<CP of DelSqRho>
CP# = 22      
Type = (3,+3)
Coords =  9.15453668723105E-02 -7.87687955402195E-02  8.52708782880588E-02
DistFromNuc =  1.4504800678E-01
Rho =  1.3770025275E+02
DelSqRho = -1.0818788456E+04
GradDelSqRho = -7.2759576142E-11 -5.8207660913E-11  0.0000000000E+00
HessDelSqRho_EigVals =  8.1176065390E+04  1.0709439796E+05  2.4679040459E+07
HessDelSqRho_EigVec1 =  6.5309908461E-01  7.5716721021E-01 -1.2625429117E-02
HessDelSqRho_EigVec2 = -4.3750121144E-01  3.9087269431E-01  8.0982172534E-01
HessDelSqRho_EigVec3 =  6.1810539204E-01 -5.2337018699E-01  5.8654017058E-01
</CP of DelSqRho>
<CP of DelSqRho>
CP# = 23      
Type = (3,+3)
Coords = -7.38051613295786E-02 -9.20008253125511E-02  8.59395801826716E-02
DistFromNuc =  1.4504892004E-01
Rho =  1.3769915513E+02
DelSqRho = -1.0818526490E+04
GradDelSqRho = -4.3655745685E-11  5.8207660913E-11  5.8207660913E-11
HessDelSqRho_EigVals =  8.0774286644E+04  1.0720588558E+05  2.4678041209E+07
HessDelSqRho_EigVec1 =  7.6139381224E-01 -6.4828824257E-01 -1.3480473248E-03
HessDelSqRho_EigVec2 =  3.8406566018E-01  4.4939568329E-01  8.0655879421E-01
HessDelSqRho_EigVec3 =  5.2227677657E-01  6.1462661380E-01 -5.9115234437E-01
</CP of DelSqRho>
<CP of DelSqRho>
CP# = 24      
Type = (3,+3)
Coords =  7.76130241365855E-02  8.62225057611593E-02 -8.57167368281677E-02
DistFromNuc =  1.4504919701E-01
Rho =  1.3769842351E+02
DelSqRho = -1.0818480793E+04
GradDelSqRho =  5.8207660913E-11 -2.9103830457E-11  0.0000000000E+00
HessDelSqRho_EigVals =  8.0740535045E+04  1.0735129545E+05  2.4677668328E+07
HessDelSqRho_EigVec1 =  7.6341398908E-01 -6.4590399765E-01  2.6659139685E-03
HessDelSqRho_EigVec2 =  3.8039591814E-01  4.5292976790E-01  8.0632100978E-01
HessDelSqRho_EigVec3 =  5.2201343540E-01  6.1454263577E-01 -5.9147216510E-01
</CP of DelSqRho>
<CP of DelSqRho>
CP# = 25      
Type = (3,+3)
Coords = -7.43680431899548E-02 -9.26112698319314E-02 -8.45269197393460E-02
DistFromNuc =  1.4504808512E-01
Rho =  1.3769890199E+02
DelSqRho = -1.0818516799E+04
GradDelSqRho =  2.9103830457E-11 -2.9103830457E-11  5.8207660913E-11
HessDelSqRho_EigVals =  8.1300861453E+04  1.0720711793E+05  2.4678676807E+07
HessDelSqRho_EigVec1 =  7.6177469881E-01 -6.4784201957E-01  1.6100414491E-04
HessDelSqRho_EigVec2 = -3.7796622121E-01 -4.4423534660E-01  8.1227858057E-01
HessDelSqRho_EigVec3 =  5.2615667236E-01  6.1883412520E-01  5.8326964744E-01
</CP of DelSqRho>
<CP of DelSqRho>
CP# = 26      
Type = (3,+1)
Coords =  1.37004508027353E-01  1.55988793195394E-01  1.52794008430983E-01
DistFromNuc =  2.5844216784E-01
Rho =  3.3709194742E+01
DelSqRho =  2.9228983471E+03
GradDelSqRho = -1.8189894035E-12 -1.8189894035E-12 -6.3664629124E-12
HessDelSqRho_EigVals = -1.1792683151E+06  2.2612712405E+04  3.0550596566E+04
HessDelSqRho_EigVec1 =  5.2297951105E-01  6.1508056601E-01  5.9005790253E-01
HessDelSqRho_EigVec2 = -7.6267273053E-01  6.4678219302E-01  1.7609362373E-03
HessDelSqRho_EigVec3 = -3.8055582655E-01 -4.5094200527E-01  8.0735900983E-01
</CP of DelSqRho>
<CP of DelSqRho>
CP# = 27      
Type = (3,+1)
Coords = -1.33166316922167E-01 -1.61748587260842E-01 -1.52525755418620E-01
DistFromNuc =  2.5844222534E-01
Rho =  3.3709160876E+01
DelSqRho =  2.9229509241E+03
GradDelSqRho =  0.0000000000E+00  3.6379788071E-12  9.0949470177E-12
HessDelSqRho_EigVals = -1.1792904568E+06  2.2612556870E+04  3.0549858710E+04
HessDelSqRho_EigVec1 =  5.2298807950E-01  6.1506547097E-01  5.9006604302E-01
HessDelSqRho_EigVec2 = -7.6229683763E-01  6.4722681299E-01  9.9191365127E-04
HessDelSqRho_EigVec3 = -3.8129647264E-01 -4.5032423760E-01  8.0735437138E-01
</CP of DelSqRho>
<CP of DelSqRho>
CP# = 28      
Type = (3,+1)
Coords =  1.59949180287912E-01 -1.37744410298643E-01 -1.53596812915733E-01
DistFromNuc =  2.5844333297E-01
Rho =  3.3709372136E+01
DelSqRho =  2.9230498130E+03
GradDelSqRho = -9.0949470177E-13  1.8189894035E-12  7.2759576142E-12
HessDelSqRho_EigVals = -1.1792791961E+06  2.2540933375E+04  3.0547752027E+04
HessDelSqRho_EigVec1 =  6.1179432714E-01 -5.2212863271E-01 -5.9421325480E-01
HessDelSqRho_EigVec2 =  6.4357834282E-01  7.6531678871E-01 -9.8554335856E-03
HessDelSqRho_EigVec3 =  4.5990718403E-01 -3.7639328345E-01  8.0424714998E-01
</CP of DelSqRho>
<CP of DelSqRho>
CP# = 29      
Type = (3,+1)
Coords = -1.56731926311931E-01  1.31376473087310E-01 -1.53477731014336E-01
DistFromNuc =  2.5844513518E-01
Rho =  3.3708376069E+01
DelSqRho =  2.9228757173E+03
GradDelSqRho =  8.1854523160E-12 -9.0949470177E-13  3.6379788071E-12
HessDelSqRho_EigVals = -1.1791757548E+06  2.2543960792E+04  3.0550625051E+04
HessDelSqRho_EigVec1 =  6.1425196178E-01 -5.1979487858E-01  5.9372368292E-01
HessDelSqRho_EigVec2 =  6.5222378978E-01  7.5794360318E-01 -1.1208141763E-02
HessDelSqRho_EigVec3 = -4.4418313284E-01  3.9412533362E-01  8.0459093078E-01
</CP of DelSqRho>
<CP of DelSqRho>
CP# = 30      
Type = (3,-1)
Coords = -1.94583419292666E-01  1.64110023509162E-01  1.98547084487863E-04
DistFromNuc =  2.5787924069E-01
Rho =  3.3568021501E+01
DelSqRho =  3.0625851332E+03
GradDelSqRho =  0.0000000000E+00  9.0949470177E-12  2.8421709430E-14
HessDelSqRho_EigVals = -1.2013679185E+06 -2.3803337801E+04  3.5056200517E+04
HessDelSqRho_EigVec1 =  7.6200429130E-01 -6.4757192687E-01 -2.4407359582E-04
HessDelSqRho_EigVec2 =  2.6210459115E-03  2.7073075538E-03  9.9999290028E-01
HessDelSqRho_EigVec3 =  6.4756666851E-01  7.6199952101E-01 -3.7602957252E-03
</CP of DelSqRho>
<CP of DelSqRho>
CP# = 31      
Type = (3,-1)
Coords =  1.98436612148227E-01 -1.69871880817695E-01  6.42201919238408E-05
DistFromNuc =  2.5788104829E-01
Rho =  3.3567200803E+01
DelSqRho =  3.0627684462E+03
GradDelSqRho = -5.4569682106E-12  3.6379788071E-12 -2.8421709430E-14
HessDelSqRho_EigVals = -1.2014297345E+06 -2.3798418795E+04  3.5053393653E+04
HessDelSqRho_EigVec1 =  7.6202422375E-01 -6.4754845908E-01 -2.7489102748E-04
HessDelSqRho_EigVec2 =  2.5110002714E-03  2.5303955694E-03  9.9999364597E-01
HessDelSqRho_EigVec3 =  6.4754364895E-01  7.6202007207E-01 -3.5542170761E-03
</CP of DelSqRho>
<CP of DelSqRho>
CP# = 32      
Type = (3,-1)
Coords = -1.65123765433915E-01 -1.99342734405414E-01  1.39566304207082E-03
DistFromNuc =  2.5788071966E-01
Rho =  3.3567423179E+01
DelSqRho =  3.0626837908E+03
GradDelSqRho =  1.2732925825E-11 -1.4551915228E-11  8.5265128291E-14
HessDelSqRho_EigVals = -1.2013997928E+06 -2.3798234490E+04  3.5055417331E+04
HessDelSqRho_EigVec1 =  6.4775781729E-01  7.6183074285E-01 -4.8712822587E-03
HessDelSqRho_EigVec2 =  3.2801275113E-03  3.6051264478E-03  9.9998812184E-01
HessDelSqRho_EigVec3 =  7.6183925530E-01 -6.4776610154E-01 -1.6365313971E-04
</CP of DelSqRho>
<CP of DelSqRho>
CP# = 33      
Type = (3,-1)
Coords = -1.24980288878610E-02  1.81908763007055E-01  1.79791708350098E-01
DistFromNuc =  2.5813354066E-01
Rho =  3.3530818657E+01
DelSqRho =  3.0198141186E+03
GradDelSqRho =  1.2221335055E-12 -1.1368683772E-13 -3.1832314562E-12
HessDelSqRho_EigVals = -1.1921297926E+06 -1.7998883082E+04  4.2211310596E+04
HessDelSqRho_EigVec1 = -5.5903185506E-02  7.1644768061E-01  6.9539740781E-01
HessDelSqRho_EigVec2 =  9.9669462015E-01  8.1164087155E-02 -3.4964435025E-03
HessDelSqRho_EigVec3 =  5.8946314653E-02 -6.9290339290E-01  7.1861687991E-01
</CP of DelSqRho>
<CP of DelSqRho>
CP# = 34      
Type = (3,-1)
Coords =  1.73282789954810E-02 -1.86529758325450E-01  1.80886127722800E-01
DistFromNuc =  2.5813643686E-01
Rho =  3.3532888771E+01
DelSqRho =  3.0192333864E+03
GradDelSqRho =  1.1368683772E-12  3.4106051316E-13 -2.7284841053E-12
HessDelSqRho_EigVals = -1.1920523828E+06 -1.7902034754E+04  4.2249692378E+04
HessDelSqRho_EigVec1 = -5.9736526240E-02  7.1199294055E-01 -6.9964105086E-01
HessDelSqRho_EigVec2 =  9.9676819302E-01  8.0258340818E-02 -3.4304694272E-03
HessDelSqRho_EigVec3 = -5.3709559895E-02  6.9758487035E-01  7.1448627127E-01
</CP of DelSqRho>
<CP of DelSqRho>
CP# = 35      
Type = (3,-1)
Coords = -1.35051605110854E-02  1.80768683012712E-01 -1.80614093185257E-01
DistFromNuc =  2.5813990028E-01
Rho =  3.3531410970E+01
DelSqRho =  3.0190328046E+03
GradDelSqRho =  2.8421709430E-13  1.4779288904E-12  1.4324541553E-11
HessDelSqRho_EigVals = -1.1919284191E+06 -1.7895061136E+04  4.2255147141E+04
HessDelSqRho_EigVec1 = -5.9820234553E-02  7.1201635218E-01 -6.9961007266E-01
HessDelSqRho_EigVec2 =  9.9675570968E-01  8.0415086410E-02 -3.3866062698E-03
HessDelSqRho_EigVec3 = -5.3847885404E-02  6.9754292205E-01  7.1451681375E-01
</CP of DelSqRho>
<CP of DelSqRho>
CP# = 36      
Type = (3,-1)
Coords =  1.64229232082605E-02 -1.87661382305055E-01 -1.79526439872802E-01
DistFromNuc =  2.5813000812E-01
Rho =  3.3532319880E+01
DelSqRho =  3.0200178526E+03
GradDelSqRho = -2.0179413696E-12 -4.6043169277E-12  4.3200998334E-12
HessDelSqRho_EigVals = -1.1922556396E+06 -1.8005665906E+04  4.2205603778E+04
HessDelSqRho_EigVec1 = -5.6211613123E-02  7.1639261777E-01  6.9542927157E-01
HessDelSqRho_EigVec2 =  9.9667143410E-01  8.1454511929E-02 -3.3488696266E-03
HessDelSqRho_EigVec3 =  5.9044957375E-02 -6.9292624404E-01  7.1858674725E-01
</CP of DelSqRho>
<CP of DelSqRho>
CP# = 37      
Type = (3,-1)
Coords =  1.86723043662161E-01  1.25007019481931E-02  1.79701276719790E-01
DistFromNuc =  2.5813161887E-01
Rho =  3.3531130266E+01
DelSqRho =  3.0200588130E+03
GradDelSqRho =  7.2759576142E-12 -2.9558577808E-12  1.8189894035E-12
HessDelSqRho_EigVals = -1.1922070745E+06 -1.8015748048E+04  4.2180227970E+04
HessDelSqRho_EigVec1 =  7.1646636945E-01  5.9653898737E-02  6.9506643842E-01
HessDelSqRho_EigVec2 = -8.0173240885E-02  9.9677670715E-01 -2.9064644988E-03
HessDelSqRho_EigVec3 = -6.9299941767E-01 -5.3643344931E-02  7.1893963491E-01
</CP of DelSqRho>
<CP of DelSqRho>
CP# = 38      
Type = (3,-1)
Coords = -1.81753899640175E-01 -1.73393065672602E-02  1.80939184442518E-01
DistFromNuc =  2.5814065185E-01
Rho =  3.3530990551E+01
DelSqRho =  3.0191018852E+03
GradDelSqRho =  1.8189894035E-12 -9.0949470177E-13 -7.2759576142E-12
HessDelSqRho_EigVals = -1.1919172893E+06 -1.7905324599E+04  4.2230865950E+04
HessDelSqRho_EigVec1 =  7.1210196412E-01  5.6047033373E-02 -6.9983535403E-01
HessDelSqRho_EigVec2 = -8.1297904926E-02  9.9668562113E-01 -2.9022905106E-03
HessDelSqRho_EigVec3 =  6.9735316974E-01  5.8961874849E-02  7.1429829481E-01
</CP of DelSqRho>
<CP of DelSqRho>
CP# = 39      
Type = (3,-1)
Coords =  1.85596949448870E-01  1.15584713628428E-02 -1.80671611693982E-01
DistFromNuc =  2.5813843544E-01
Rho =  3.3531928927E+01
DelSqRho =  3.0192168526E+03
GradDelSqRho = -1.8189894035E-12  2.3874235922E-12  0.0000000000E+00
HessDelSqRho_EigVals = -1.1919905890E+06 -1.7909349729E+04  4.2227501447E+04
HessDelSqRho_EigVec1 =  7.1209231334E-01  5.5972423756E-02 -6.9985114493E-01
HessDelSqRho_EigVec2 = -8.1348830372E-02  9.9668099560E-01 -3.0595445727E-03
HessDelSqRho_EigVec3 =  6.9735708577E-01  5.9110750247E-02  7.1428216703E-01
</CP of DelSqRho>
<CP of DelSqRho>
CP# = 40      
Type = (3,-1)
Coords = -1.82873400516689E-01 -1.83577381639365E-02 -1.79431029790340E-01
DistFromNuc =  2.5813361968E-01
Rho =  3.3530277478E+01
DelSqRho =  3.0199491987E+03
GradDelSqRho =  9.0949470177E-12 -4.5474735089E-13  1.8189894035E-11
HessDelSqRho_EigVals = -1.1921381906E+06 -1.8011823797E+04  4.2183306194E+04
HessDelSqRho_EigVec1 =  7.1645425190E-01  5.9995876791E-02  6.9504949443E-01
HessDelSqRho_EigVec2 = -8.0472762730E-02  9.9675202626E-01 -3.0874905394E-03
HessDelSqRho_EigVec3 = -6.9297722863E-01 -5.3720507326E-02  7.1895526126E-01
</CP of DelSqRho>
<CP of DelSqRho>
CP# = 41      
Type = (3,+1)
Coords = -1.01913731407576E-01 -1.10296348634119E-02  1.01083878255074E-01
DistFromNuc =  1.4504914007E-01
Rho =  1.3754233022E+02
DelSqRho = -1.0708405482E+04
GradDelSqRho = -4.3655745685E-11  1.4551915228E-11  5.8207660913E-11
HessDelSqRho_EigVals = -6.4013606655E+04  1.4940770230E+05  2.4681659000E+07
HessDelSqRho_EigVec1 = -8.0883941950E-02  9.9671968724E-01 -2.7664052644E-03
HessDelSqRho_EigVec2 =  6.9315489356E-01  5.8243630476E-02  7.1843160638E-01
HessDelSqRho_EigVec3 =  7.1623605150E-01  5.6192032999E-02 -6.9559210315E-01
</CP of DelSqRho>
<CP of DelSqRho>
CP# = 42      
Type = (3,+3)
Coords = -8.76040770250506E-02  7.29141145156886E-02 -8.51819931436228E-02
DistFromNuc =  1.4504931980E-01
Rho =  1.3769649482E+02
DelSqRho = -1.0817924471E+04
GradDelSqRho =  4.3655745685E-11  0.0000000000E+00  8.7311491370E-11
HessDelSqRho_EigVals =  8.0778167541E+04  1.0742703578E+05  2.4677162075E+07
HessDelSqRho_EigVec1 =  6.5331168096E-01  7.5697668802E-01 -1.3043822903E-02
HessDelSqRho_EigVec2 = -4.3812477977E-01  3.9206397852E-01  8.0890822353E-01
HessDelSqRho_EigVec3 =  6.1743868106E-01 -5.2275436922E-01  5.8779022158E-01
</CP of DelSqRho>
<CP of DelSqRho>
CP# = 43      
Type = (3,-1)
Coords =  5.88180917280126E-01  4.46348378367134E-02 -1.75266067672786E-03
DistFromNuc =  5.8818340663E-01
Rho =  4.1115770005E+00
DelSqRho = -1.1261230555E+01
GradDelSqRho =  4.8316906032E-13  4.4408920985E-14  1.9984014443E-15
HessDelSqRho_EigVals = -1.1291938905E+03 -9.7798902689E+02  7.0999851509E+03
HessDelSqRho_EigVec1 =  1.2204105345E-03  2.4367053099E-02  9.9970233436E-01
HessDelSqRho_EigVec2 = -8.0841103310E-02  9.9643345157E-01 -2.4188687631E-02
HessDelSqRho_EigVec3 =  9.9672625460E-01  8.0787519561E-02 -3.1859173382E-03
</CP of DelSqRho>
<CP of DelSqRho>
CP# = 44      
Type = (3,-1)
Coords = -5.84345563074475E-01 -5.04380094545381E-02  2.02754517830957E-03
DistFromNuc =  5.8819726503E-01
Rho =  4.1112572199E+00
DelSqRho = -1.1256536618E+01
GradDelSqRho = -5.1159076975E-13 -2.1316282073E-14  1.7763568394E-15
HessDelSqRho_EigVals = -1.1287920383E+03 -9.7816143796E+02  7.0979217394E+03
HessDelSqRho_EigVec1 =  3.5756332851E-03 -4.5752400853E-03  9.9998314087E-01
HessDelSqRho_EigVec2 = -8.0825617176E-02  9.9671646113E-01  4.8493016287E-03
HessDelSqRho_EigVec3 =  9.9672184407E-01  8.0841593850E-02 -3.1940959506E-03
</CP of DelSqRho>
<CP of DelSqRho>
CP# = 45      
Type = (3,-1)
Coords = -4.56019530230383E-02  5.83370832759823E-01 -1.52424260519161E-03
DistFromNuc =  5.8817992371E-01
Rho =  4.1118048639E+00
DelSqRho = -1.1264675584E+01
GradDelSqRho =  8.5265128291E-14 -4.5474735089E-13  6.6613381478E-15
HessDelSqRho_EigVals = -1.1294259992E+03 -9.7829980391E+02  7.1003732562E+03
HessDelSqRho_EigVec1 = -3.8089833300E-03  2.4997002480E-03  9.9998962152E-01
HessDelSqRho_EigVec2 =  9.9672286740E-01  8.0812158391E-02  3.5945319200E-03
HessDelSqRho_EigVec3 = -8.0802334432E-02  9.9672621444E-01 -2.7993205630E-03
</CP of DelSqRho>
<CP of DelSqRho>
CP# = 46      
Type = (3,-1)
Coords =  4.94672864630178E-02 -5.89109541389860E-01  1.79615914969626E-03
DistFromNuc =  5.8815311314E-01
Rho =  4.1124119313E+00
DelSqRho = -1.1274279073E+01
GradDelSqRho = -7.1054273576E-15 -2.8421709430E-14 -3.9968028887E-15
HessDelSqRho_EigVals = -1.1300664976E+03 -9.7807551891E+02  7.1043695584E+03
HessDelSqRho_EigVec1 =  2.3725906748E-02  4.7364276707E-03  9.9970728096E-01
HessDelSqRho_EigVec2 =  9.9644518431E-01  8.0743445543E-02 -2.4031035354E-02
HessDelSqRho_EigVec3 = -8.0833631660E-02  9.9672366394E-01 -2.8038790839E-03
</CP of DelSqRho>
<CP of DelSqRho>
CP# = 47      
Type = (3,-1)
Coords =  3.77451098130988E-03 -8.22155845128935E-04  5.99027698810015E-01
DistFromNuc =  5.9889969712E-01
Rho =  3.7971434823E+00
DelSqRho = -3.0206427786E+00
GradDelSqRho =  1.5543122345E-15  0.0000000000E+00 -3.9790393203E-13
HessDelSqRho_EigVals = -1.1122816808E+03 -1.1117053876E+03  5.7564149125E+03
HessDelSqRho_EigVec1 = -2.7902786104E-02  9.9960501689E-01 -3.3533181013E-03
HessDelSqRho_EigVec2 =  9.9960572532E-01  2.7891970915E-02 -3.2298412189E-03
HessDelSqRho_EigVec3 =  3.1350348352E-03  3.4421175415E-03  9.9998916163E-01
</CP of DelSqRho>
<CP of DelSqRho>
CP# = 48      
Type = (3,-1)
Coords = -4.38492434788432E-05 -4.78367387737130E-03 -5.98759989426137E-01
DistFromNuc =  5.9890064475E-01
Rho =  3.7971278062E+00
DelSqRho = -3.0199000057E+00
GradDelSqRho = -1.1102230246E-15 -3.9968028887E-15 -8.5265128291E-13
HessDelSqRho_EigVals = -1.1122904700E+03 -1.1117073578E+03  5.7563014863E+03
HessDelSqRho_EigVec1 = -2.0428489845E-01  9.7890831921E-01 -2.4865318065E-03
HessDelSqRho_EigVec2 =  9.7890594778E-01  2.0427454792E-01 -3.8800097127E-03
HessDelSqRho_EigVec3 =  3.2902386257E-03  3.2267081649E-03  9.9998938129E-01
</CP of DelSqRho>
<CP of DelSqRho>
CP# = 49      
Type = (3,+1)
Coords = -2.91657405665057E-02  3.97052365825073E-01  3.82146725626123E-01
DistFromNuc =  5.5393924591E-01
Rho =  5.2599588091E+00
DelSqRho = -6.4092190347E+01
GradDelSqRho =  7.1054273576E-14  1.7053025658E-13  5.6843418861E-14
HessDelSqRho_EigVals = -7.4955032126E+02  1.6644146664E+03  1.3060749882E+04
HessDelSqRho_EigVec1 =  9.9675582077E-01  8.0417983591E-02 -3.2835477949E-03
HessDelSqRho_EigVec2 =  5.7676147262E-02 -6.8523304340E-01  7.2603659568E-01
HessDelSqRho_EigVec3 = -5.6136403590E-02  7.2387058522E-01  6.8764822405E-01
</CP of DelSqRho>
<CP of DelSqRho>
CP# = 50      
Type = (3,+1)
Coords =  3.45841606872568E-02 -4.00349806528555E-01  3.84506230004543E-01
DistFromNuc =  5.5388431859E-01
Rho =  5.2627941279E+00
DelSqRho = -6.4196126608E+01
GradDelSqRho =  7.1942451996E-14 -7.7804429566E-13  2.8421709430E-13
HessDelSqRho_EigVals = -7.4566580625E+02  1.6666242620E+03  1.3072483690E+04
HessDelSqRho_EigVec1 =  9.9686673769E-01  7.9050803880E-02 -2.7708657069E-03
HessDelSqRho_EigVec2 = -5.2707871114E-02  6.8997457475E-01  7.2191202132E-01
HessDelSqRho_EigVec3 = -5.8979552504E-02  7.1950403516E-01 -6.9197930300E-01
</CP of DelSqRho>
<CP of DelSqRho>
CP# = 51      
Type = (3,+1)
Coords = -3.17244458957694E-02  3.94571776201337E-01 -3.84213148181095E-01
DistFromNuc =  5.5391873670E-01
Rho =  5.2614138859E+00
DelSqRho = -6.4146631944E+01
GradDelSqRho = -6.6391336873E-14 -1.5631940187E-13  1.9895196601E-13
HessDelSqRho_EigVals = -7.4610078525E+02  1.6655557696E+03  1.3063825374E+04
HessDelSqRho_EigVec1 =  9.9669006060E-01  8.1221050517E-02 -3.4733343529E-03
HessDelSqRho_EigVec2 = -5.3698104789E-02  6.8982193594E-01  7.2198490998E-01
HessDelSqRho_EigVec3 = -6.1036355073E-02  7.1940867220E-01 -6.9190008362E-01
</CP of DelSqRho>
<CP of DelSqRho>
CP# = 52      
Type = (3,+1)
Coords =  3.38232133235532E-02 -4.02687576861170E-01 -3.81898166264888E-01
DistFromNuc =  5.5390408941E-01
Rho =  5.2613821240E+00
DelSqRho = -6.4142627072E+01
GradDelSqRho = -3.9079850467E-14 -9.5923269328E-14 -5.1159076975E-13
HessDelSqRho_EigVals = -7.4914893110E+02  1.6655223124E+03  1.3069576903E+04
HessDelSqRho_EigVec1 =  9.9658025365E-01  8.2576333424E-02 -2.9911854582E-03
HessDelSqRho_EigVec2 =  5.8954063966E-02 -6.8519568672E-01  7.2596920682E-01
HessDelSqRho_EigVec3 = -5.7898327904E-02  7.2366291881E-01  6.8772070171E-01
</CP of DelSqRho>
<CP of DelSqRho>
CP# = 53      
Type = (3,+1)
Coords =  4.01830783720824E-01  2.99016293548612E-02  3.82032872073017E-01
DistFromNuc =  5.5393809456E-01
Rho =  5.2599563585E+00
DelSqRho = -6.4089440772E+01
GradDelSqRho = -8.5265128291E-14 -1.4210854715E-14 -1.1795009414E-12
HessDelSqRho_EigVals = -7.5006543488E+02  1.6639966951E+03  1.3061742627E+04
HessDelSqRho_EigVec1 = -7.9041356396E-02  9.9686791343E-01 -2.6128815817E-03
HessDelSqRho_EigVec2 = -6.8544868787E-01 -5.2445505707E-02  7.2622969178E-01
HessDelSqRho_EigVec3 =  7.2381804362E-01  5.9193176145E-02  6.8744716715E-01
</CP of DelSqRho>
<CP of DelSqRho>
CP# = 54      
Type = (3,+1)
Coords = -3.95597713863429E-01 -3.37719406061452E-02  3.84672463047104E-01
DistFromNuc =  5.5393722474E-01
Rho =  5.2607441551E+00
DelSqRho = -6.4117354136E+01
GradDelSqRho =  1.0231815395E-12  1.2079226508E-13 -3.6948222260E-13
HessDelSqRho_EigVals = -7.4674983561E+02  1.6645284425E+03  1.3059724629E+04
HessDelSqRho_EigVec1 = -8.0353079628E-02  9.9676133899E-01 -3.1961984331E-03
HessDelSqRho_EigVec2 =  6.8980933862E-01  5.7922497616E-02  7.2167032682E-01
HessDelSqRho_EigVec3 =  7.1951821307E-01  5.5783665709E-02 -6.9222953108E-01
</CP of DelSqRho>
<CP of DelSqRho>
CP# = 55      
Type = (3,+1)
Coords =  3.99310217021733E-01  2.91554684277815E-02 -3.84416844559880E-01
DistFromNuc =  5.5391573580E-01
Rho =  5.2616176299E+00
DelSqRho = -6.4148251801E+01
GradDelSqRho = -3.4106051316E-13 -8.8817841970E-14  7.1054273576E-14
HessDelSqRho_EigVals = -7.4649431776E+02  1.6652292939E+03  1.3065065223E+04
HessDelSqRho_EigVec1 = -8.2678748103E-02  9.9657377339E-01 -2.2223431010E-03
HessDelSqRho_EigVec2 =  6.8977514863E-01  5.8835035570E-02  7.2162918658E-01
HessDelSqRho_EigVec3 =  7.1928747309E-01  5.8130480698E-02 -6.9227622975E-01
</CP of DelSqRho>
<CP of DelSqRho>
CP# = 56      
Type = (3,+1)
Coords = -3.97956607366779E-01 -3.65474321455771E-02 -3.81745192053987E-01
DistFromNuc =  5.5395768245E-01
Rho =  5.2591685882E+00
DelSqRho = -6.4061176051E+01
GradDelSqRho =  5.6843418861E-14 -1.3322676296E-14 -3.2684965845E-13
HessDelSqRho_EigVals = -7.5031912672E+02  1.6633794345E+03  1.3056840087E+04
HessDelSqRho_EigVec1 = -8.1339111199E-02  9.9668225444E-01 -2.9039066269E-03
HessDelSqRho_EigVec2 = -6.8528899960E-01 -5.3810276036E-02  7.2628055269E-01
HessDelSqRho_EigVec3 =  7.2371467860E-01  6.1065029905E-02  6.8739226509E-01
</CP of DelSqRho>
<CP of DelSqRho>
CP# = 57      
Type = (3,+3)
Coords =  2.89618687937943E-01  3.34851237260697E-01  3.16760170235009E-01
DistFromNuc =  5.4505540520E-01
Rho =  5.6458359514E+00
DelSqRho = -8.3543202885E+01
GradDelSqRho =  3.4816594052E-13  6.3948846218E-14  2.8066438063E-13
HessDelSqRho_EigVals =  1.0235416113E+03  1.3270592795E+03  1.5112245114E+04
HessDelSqRho_EigVec1 =  7.6040385455E-01 -6.4944707244E-01  2.1161485682E-03
HessDelSqRho_EigVec2 = -3.7751022795E-01 -4.3935107689E-01  8.1514210972E-01
HessDelSqRho_EigVec3 =  5.2846192462E-01  6.2063606996E-01  5.7925716472E-01
</CP of DelSqRho>
<CP of DelSqRho>
CP# = 58      
Type = (3,+1)
Coords = -4.21828753530319E-01  3.57324825959742E-01  3.21407866530684E-04
DistFromNuc =  5.5616167928E-01
Rho =  5.1908779284E+00
DelSqRho = -5.8623622067E+01
GradDelSqRho =  6.8212102633E-13 -2.3447910280E-13 -5.3290705182E-15
HessDelSqRho_EigVals = -9.0819469281E+02  1.3488790494E+03  1.2595265669E+04
HessDelSqRho_EigVec1 =  3.4457746382E-03  3.5375662928E-03  9.9998780606E-01
HessDelSqRho_EigVec2 =  6.4766502017E-01  7.6190927649E-01 -4.9270723557E-03
HessDelSqRho_EigVec3 =  7.6191741566E-01 -6.4767410016E-01 -3.3420971720E-04
</CP of DelSqRho>
<CP of DelSqRho>
CP# = 59      
Type = (3,+1)
Coords =  4.25672002611796E-01 -3.63104388370316E-01 -1.71157580397817E-06
DistFromNuc =  5.5616736001E-01
Rho =  5.1906721933E+00
DelSqRho = -5.8604383028E+01
GradDelSqRho =  1.5631940187E-13  1.7763568394E-13  0.0000000000E+00
HessDelSqRho_EigVals = -9.0923603750E+02  1.3481091994E+03  1.2594674863E+04
HessDelSqRho_EigVec1 =  1.9573395641E-03  1.9165046895E-03  9.9999624791E-01
HessDelSqRho_EigVec2 =  6.4769448644E-01  7.6189527532E-01 -2.7279441473E-03
HessDelSqRho_EigVec3 =  7.6189764474E-01 -6.4769739575E-01 -2.4997824543E-04
</CP of DelSqRho>
<CP of DelSqRho>
CP# = 60      
Type = (3,+1)
Coords = -3.58240387994735E-01 -4.26669556436084E-01  3.12410525943269E-03
DistFromNuc =  5.5616658814E-01
Rho =  5.1906846425E+00
DelSqRho = -5.8609764515E+01
GradDelSqRho =  1.9895196601E-13 -8.5265128291E-14 -8.8817841970E-16
HessDelSqRho_EigVals = -9.0879427822E+02  1.3483432104E+03  1.2594581579E+04
HessDelSqRho_EigVec1 =  2.8463298576E-03  4.6215180294E-03  9.9998526988E-01
HessDelSqRho_EigVec2 =  7.6201252213E-01 -6.4756176345E-01  8.2379150592E-04
HessDelSqRho_EigVec3 =  6.4755603196E-01  7.6199895281E-01 -5.3648289916E-03
</CP of DelSqRho>
<CP of DelSqRho>
CP# = 61      
Type = (3,+1)
Coords =  3.62112215435923E-01  4.20879637780915E-01 -2.89249577730011E-03
DistFromNuc =  5.5616596642E-01
Rho =  5.1907127474E+00
DelSqRho = -5.8613708583E+01
GradDelSqRho = -5.0448534239E-13 -4.4053649617E-13  8.8817841970E-15
HessDelSqRho_EigVals = -9.0853386784E+02  1.3485301791E+03  1.2594498211E+04
HessDelSqRho_EigVec1 =  4.5566873129E-03  3.2490416627E-03  9.9998434004E-01
HessDelSqRho_EigVec2 =  7.6194014833E-01 -6.4764599876E-01 -1.3677155928E-03
HessDelSqRho_EigVec3 =  6.4763141289E-01  7.6193444864E-01 -5.4266955922E-03
</CP of DelSqRho>
<CP of DelSqRho>
CP# = 62      
Type = (3,+3)
Coords = -2.85006829109906E-01 -3.41236040828741E-01 -3.16524401513176E-01
DistFromNuc =  5.4505413511E-01
Rho =  5.6459090768E+00
DelSqRho = -8.3544164142E+01
GradDelSqRho = -6.0929039591E-13 -1.2789769244E-13 -6.8922645369E-13
HessDelSqRho_EigVals =  1.0231809967E+03  1.3272098877E+03  1.5112865372E+04
HessDelSqRho_EigVec1 =  7.6538727635E-01 -6.4354031047E-01 -6.1794830709E-03
HessDelSqRho_EigVec2 = -3.6897539957E-01 -4.4666327887E-01  8.1507611290E-01
HessDelSqRho_EigVec3 =  5.2729448292E-01  6.2156880883E-01  5.7932093365E-01
</CP of DelSqRho>
<CP of DelSqRho>
CP# = 63      
Type = (3,+3)
