 AIMInt (Version 19.02.13, Professional)
 Portions Copyright (c) 1997-2019 by Todd A. Keith
 AIMInt is a component of the AIMAll package ( http://aim.tkgristmill.com )

 TP:  64-bit Linux

 Licensed To:  Research Group of Fernando Cortes Guzman, UNAM, fercor@unam.mx

 AIMInt is a heavily modified and extended version of the PROAIMV program
 developed by members of R.F.W. Bader's research group

 Much of the Quantum Theory of Atoms in Molecules (QTAIM) is described in the book:
   "Atoms in Molecules - A Quantum Theory"
   R.F.W. Bader, Oxford University Press, Oxford, 1990

 For additional references see:  http://aim.tkgristmill.com/references.html

 Current Directory:  /home/scratch/M_H2O_4_cuadrado_plano/Opt

 Inp File:  Ni2_cuadrado_plano_cc-pvtz-def2-tzv_1_atomicfiles/o2.inp
 Wfx File:  Ni2_cuadrado_plano_cc-pvtz-def2-tzv_1.wfx
 Out File:  Ni2_cuadrado_plano_cc-pvtz-def2-tzv_1_atomicfiles/o2.int

 Wfx Title:   Ni2_cuadrado_plano_cc-pvtz-def2-tzv_1                                         
 Job Title:   Ni2_cuadrado_plano_cc-pvtz-def2-tzv_1                                         
 
<Atom>
O2      
</Atom>
<Nuclei of Molecule>
    13
Ni1       28.0           1.9231592417E-03  -2.8835789311E-03   1.3441095153E-04
O2         8.0          -3.5896789891E+00  -2.9380304675E-01  -1.5977600892E-03
H3         1.0          -4.7752209329E+00   7.4904074049E-01  -9.6668301345E-01
O4         8.0           2.9243884085E-01  -3.5749206459E+00  -1.2286062530E-03
H5         1.0           1.5196059141E+00  -4.5783961773E+00   9.5380119496E-01
O6         8.0           3.5838409284E+00   2.8742958883E-01   1.2083334975E-03
H7         1.0           4.5854821252E+00   1.5164977797E+00   9.5558903123E-01
O8         8.0          -2.9008020618E-01   3.5873206114E+00   9.7474760076E-04
H9         1.0          -1.5144464522E+00   4.5888441388E+00   9.6125658327E-01
H10        1.0          -4.5955259758E+00  -1.5033087514E+00   9.7295913912E-01
H11        1.0          -7.6638785835E-01  -4.7624527561E+00  -9.4654468107E-01
H12        1.0           4.7717598026E+00  -7.5305267213E-01  -9.6366768876E-01
H13        1.0           7.4872032678E-01   4.7753558470E+00  -9.6532778999E-01
</Nuclei of Molecule>
<Total Number of CPs of DelSqRho>
    34
</Total Number of CPs of DelSqRho>
<Number of (3,+3) CPs of DelSqRho>
     5
</Number of (3,+3) CPs of DelSqRho>
<Number of (3,+1) CPs of DelSqRho>
    14
</Number of (3,+1) CPs of DelSqRho>
<Number of (3,-1) CPs of DelSqRho>
    10
</Number of (3,-1) CPs of DelSqRho>
<Number of (3,-3) CPs of DelSqRho>
     5
</Number of (3,-3) CPs of DelSqRho>
<Number of Degenerate CPs of DelSqRho>
     0
</Number of Degenerate CPs of DelSqRho>
<CP of DelSqRho>
CP# = 1       
Type = (3,+3)
Coords = -3.58967931919175E+00 -2.93803070650254E-01 -1.59775711551611E-03
DistFromNuc =  3.3099638473E-07
Rho =  2.9727047434E+02
DelSqRho = -3.3291257811E+06
GradDelSqRho =  2.8596299671E-05  1.9733092813E-06  4.3769432523E-10
HessDelSqRho_EigVals =  1.3239220295E+11  1.3239222286E+11  1.3239223072E+11
HessDelSqRho_EigVec1 = -4.9366245498E-02  6.5533629834E-01  7.5372230289E-01
HessDelSqRho_EigVec2 =  9.9700438231E-01  7.7321056125E-02 -1.9276749545E-03
HessDelSqRho_EigVec3 = -5.9541879854E-02  7.5136927696E-01 -6.5719021158E-01
</CP of DelSqRho>
<CP of DelSqRho>
CP# = 2       
Type = (3,-1)
Coords = -2.01760366832282E+00 -1.67721147078497E-01 -3.53635749946785E-03
DistFromNuc =  1.5771243507E+00
Rho =  1.2204425191E-01
DelSqRho =  3.2830714223E-01
GradDelSqRho = -3.5180192093E-15 -2.9989032091E-16  4.3368086899E-18
HessDelSqRho_EigVals = -3.0474246785E-01 -2.6843823586E-01  4.1003532219E+00
HessDelSqRho_EigVec1 = -3.3940105570E-02  4.1184747548E-01  9.1062051711E-01
HessDelSqRho_EigVec2 = -7.3388737056E-02  9.0765861263E-01 -4.1324319255E-01
HessDelSqRho_EigVec3 =  9.9672572080E-01  8.0854807269E-02  5.8106304910E-04
</CP of DelSqRho>
<CP of DelSqRho>
CP# = 3       
Type = (3,+1)
Coords = -4.21218125107846E+00 -1.04423171968719E+00  6.01527989599026E-01
DistFromNuc =  1.1464784906E+00
Rho =  4.1905504347E-01
DelSqRho = -9.9110449085E-01
GradDelSqRho = -3.6637359813E-15  1.9637069748E-15  5.0515147620E-15
HessDelSqRho_EigVals = -3.2599599520E+01  1.5191810384E+01  1.6267809894E+01
HessDelSqRho_EigVec1 =  5.4616403152E-01  6.5170448542E-01 -5.2629470296E-01
HessDelSqRho_EigVec2 = -4.0130007606E-02  6.4791231883E-01  7.6065709068E-01
HessDelSqRho_EigVec3 =  8.3671645924E-01 -3.9432333281E-01  3.8001931008E-01
</CP of DelSqRho>
<CP of DelSqRho>
CP# = 4       
Type = (3,-1)
Coords = -3.42328526247174E+00 -2.81329365730094E-01 -1.96733226211560E-03
DistFromNuc =  1.6686102467E-01
Rho =  2.2758183853E+01
DelSqRho =  1.2963224731E+03
GradDelSqRho =  3.2969182939E-12  4.6540549192E-13  5.7731597281E-14
HessDelSqRho_EigVals = -4.5358972094E+05 -3.7148001434E+03  2.3869496658E+02
HessDelSqRho_EigVec1 =  9.9720018561E-01  7.4744497475E-02 -2.2472028198E-03
HessDelSqRho_EigVec2 = -4.7330669066E-02  6.5415538560E-01  7.5487783068E-01
HessDelSqRho_EigVec3 = -5.7892983937E-02  7.5265795126E-01 -6.5586157901E-01
</CP of DelSqRho>
<CP of DelSqRho>
CP# = 5       
Type = (3,-1)
Coords = -3.75795242753787E+00 -3.07265295874071E-01 -1.62732389145233E-03
DistFromNuc =  1.6881108707E-01
Rho =  2.2326176999E+01
DelSqRho =  1.2527699488E+03
GradDelSqRho =  1.5575096768E-11 -5.1869619710E-13 -1.4210854715E-14
HessDelSqRho_EigVals = -4.0652580599E+05 -2.0816045420E+03  1.5014487316E+03
HessDelSqRho_EigVec1 =  9.9681208092E-01  7.9784876598E-02  2.2092037469E-04
HessDelSqRho_EigVec2 = -5.2563243604E-02  6.5462374369E-01  7.5412522808E-01
HessDelSqRho_EigVec3 = -6.0023168539E-02  7.5173275016E-01 -6.5673060807E-01
</CP of DelSqRho>
<CP of DelSqRho>
CP# = 6       
Type = (3,+1)
Coords = -3.64230221478556E+00 -1.91054323928406E-01  1.20951942974498E-01
DistFromNuc =  1.6835953684E-01
Rho =  2.2573610776E+01
DelSqRho =  1.2308171343E+03
GradDelSqRho =  4.4479975259E-12 -1.3642420527E-12  7.9580786405E-13
HessDelSqRho_EigVals = -4.1166708672E+05  2.6648287891E+03  3.7165598643E+03
HessDelSqRho_EigVec1 = -3.0799000676E-01  6.1148956938E-01  7.2885023309E-01
HessDelSqRho_EigVec2 =  9.4961892968E-01  2.4430464166E-01  1.9631385701E-01
HessDelSqRho_EigVec3 = -5.8017619128E-02  7.5259268439E-01 -6.5592545862E-01
</CP of DelSqRho>
<CP of DelSqRho>
CP# = 7       
Type = (3,+1)
Coords = -3.62651631747163E+00 -4.03484647213598E-01 -1.23878650680554E-01
DistFromNuc =  1.6834386965E-01
Rho =  2.2577009684E+01
DelSqRho =  1.2311768129E+03
GradDelSqRho =  4.0358827391E-12 -1.1084466678E-12  6.3096194935E-12
HessDelSqRho_EigVals = -4.1203134653E+05  2.6504170335E+03  3.7041359932E+03
HessDelSqRho_EigVec1 =  2.1410418075E-01  6.5201046432E-01  7.2735256527E-01
HessDelSqRho_EigVec2 =  9.7485640323E-01 -9.5546206379E-02 -2.0131049531E-01
HessDelSqRho_EigVec3 = -6.1760771205E-02  7.5216572434E-01 -6.5607341836E-01
</CP of DelSqRho>
<CP of DelSqRho>
CP# = 8       
Type = (3,-3)
Coords = -3.44948454585806E+00 -3.57900218109608E-01  6.27011423705680E-02
DistFromNuc =  1.6702478302E-01
Rho =  2.2700144356E+01
DelSqRho =  1.2969544287E+03
GradDelSqRho =  3.6393998926E-11 -1.9269918994E-11  1.9525714379E-11
HessDelSqRho_EigVals = -4.4992867822E+05 -3.9195959779E+03 -4.1697050303E+02
HessDelSqRho_EigVec1 =  8.4098344408E-01 -3.8182069735E-01  3.8335336422E-01
HessDelSqRho_EigVec2 = -4.7465921993E-02  6.5372612813E-01  7.5524111093E-01
HessDelSqRho_EigVec3 = -5.3897479814E-01 -6.5334149147E-01  5.3164937929E-01
</CP of DelSqRho>
<CP of DelSqRho>
CP# = 9       
Type = (3,-1)
Coords = -3.37063175937458E+00  2.33385635333491E-01 -4.37478388243421E-01
DistFromNuc =  7.1826284698E-01
Rho =  6.6393195091E-01
DelSqRho = -9.1787773115E-01
GradDelSqRho =  3.6974867612E-12  5.3255178045E-12 -9.3436369752E-12
HessDelSqRho_EigVals = -1.5537450531E+01 -1.2550422214E+01  1.4034652355E+02
HessDelSqRho_EigVec1 =  9.4379577381E-01 -2.5790267417E-01  2.0672626344E-01
HessDelSqRho_EigVec2 =  3.7276785410E-03  6.3370575961E-01  7.7356519741E-01
HessDelSqRho_EigVec3 =  3.3050815686E-01  7.2931695503E-01 -5.9905019603E-01
</CP of DelSqRho>
<CP of DelSqRho>
CP# = 10      
Type = (3,-3)
Coords = -3.46151304570464E+00 -2.09046802273484E-01 -6.70748559896416E-02
DistFromNuc =  1.6702508825E-01
Rho =  2.2699969785E+01
DelSqRho =  1.2969703002E+03
GradDelSqRho = -3.6450842344E-12  3.8085090637E-12  2.4442670110E-12
HessDelSqRho_EigVals = -4.4992415031E+05 -3.9210879741E+03 -4.2060920639E+02
HessDelSqRho_EigVec1 =  7.6926191773E-01  5.0573917561E-01 -3.9046637266E-01
HessDelSqRho_EigVec2 = -4.7823607757E-02  6.5498327870E-01  7.5412850839E-01
HessDelSqRho_EigVec3 = -6.3714127512E-01  5.6144883193E-01 -5.2803996501E-01
</CP of DelSqRho>
<CP of DelSqRho>
CP# = 11      
Type = (3,+1)
Coords = -2.91896847872758E+00 -2.41834678182008E-01 -3.57368115879443E-03
DistFromNuc =  6.7272372062E-01
Rho =  8.3357157643E-01
DelSqRho = -3.2463155174E+00
GradDelSqRho = -3.4861002973E-14 -2.8449465006E-15 -5.2735593670E-16
HessDelSqRho_EigVals = -6.9597290510E+00  1.8485692176E+01  2.2996228771E+02
HessDelSqRho_EigVec1 = -4.7359874893E-02  6.4429623873E-01  7.6330819399E-01
HessDelSqRho_EigVec2 = -6.0817733505E-02  7.6088798058E-01 -6.4602684488E-01
HessDelSqRho_EigVec3 =  9.9702469656E-01  7.7018424875E-02 -3.1490773776E-03
</CP of DelSqRho>
<CP of DelSqRho>
CP# = 12      
Type = (3,-1)
Coords = -4.31705940718412E+00 -3.50560117523426E-01  3.13696672905605E-05
DistFromNuc =  7.2959323722E-01
Rho =  6.5414706370E-01
DelSqRho = -8.6541360447E-01
GradDelSqRho =  1.5987211555E-14  1.4988010832E-15  6.9388939039E-16
HessDelSqRho_EigVals = -1.9147999889E+01 -7.3277350827E+00  1.2837653973E+02
HessDelSqRho_EigVec1 = -6.1291689791E-02  7.6758415250E-01 -6.3801089144E-01
HessDelSqRho_EigVec2 = -4.8142590865E-02  6.3619521383E-01  7.7002463652E-01
HessDelSqRho_EigVec3 =  9.9695818353E-01  7.7911608467E-02 -2.0399898837E-03
</CP of DelSqRho>
<CP of DelSqRho>
CP# = 13      
Type = (3,-1)
Coords = -3.28963557603297E+00 -7.80310964820290E-01  4.33353349396160E-01
DistFromNuc =  7.1826072683E-01
Rho =  6.6391126285E-01
DelSqRho = -9.1763837369E-01
GradDelSqRho =  1.7763568394E-15 -1.7763568394E-14  9.7699626167E-15
HessDelSqRho_EigVals = -1.5530119074E+01 -1.2558491146E+01  1.4034694801E+02
HessDelSqRho_EigVec1 =  8.9172497328E-01  3.9932519740E-01 -2.1299286081E-01
HessDelSqRho_EigVec2 = -9.6075440753E-02  6.2692101193E-01  7.7313618107E-01
HessDelSqRho_EigVec3 = -4.4226245796E-01  6.6896145743E-01 -5.9740646695E-01
</CP of DelSqRho>
<CP of DelSqRho>
CP# = 14      
Type = (3,+1)
Coords = -3.95534242604383E+00  2.97667570989718E-01 -2.75683441034807E-02
DistFromNuc =  6.9586041130E-01
Rho =  7.7717730132E-01
DelSqRho = -2.5985551312E+00
GradDelSqRho = -2.1316282073E-14  5.3290705182E-15  1.1102230246E-15
HessDelSqRho_EigVals = -1.1947306696E+01  1.5437305301E+01  1.7996064472E+02
HessDelSqRho_EigVec1 =  4.2216381263E-01  1.6502806947E-01  8.9137166860E-01
HessDelSqRho_EigVec2 =  7.6839131388E-01  4.5658203171E-01 -4.4845026153E-01
HessDelSqRho_EigVec3 = -4.8099116838E-01  8.7424171978E-01  6.5946276161E-02
</CP of DelSqRho>
<CP of DelSqRho>
CP# = 15      
Type = (3,+1)
Coords = -3.86039694640762E+00 -9.34290743891474E-01  2.85211780387724E-02
DistFromNuc =  6.9600276799E-01
Rho =  7.7683029305E-01
DelSqRho = -2.5968629642E+00
GradDelSqRho = -3.5527136788E-15  0.0000000000E+00 -5.9952043330E-15
HessDelSqRho_EigVals = -1.1983172532E+01  1.5448656173E+01  1.7982499897E+02
HessDelSqRho_EigVec1 = -4.3648751903E-01  1.0165144926E-01  8.9394945528E-01
HessDelSqRho_EigVec2 =  8.3222911103E-01 -3.3192544045E-01  4.4409481953E-01
HessDelSqRho_EigVec3 =  3.4186744870E-01  9.3781260646E-01  6.0284016748E-02
</CP of DelSqRho>
<CP of DelSqRho>
CP# = 16      
Type = (3,+3)
Coords = -3.44071832562836E+00  1.15085170214378E-01  4.59011839007791E-01
DistFromNuc =  6.3367188355E-01
Rho =  9.7570182579E-01
DelSqRho = -4.5304089265E+00
GradDelSqRho =  1.7763568394E-15  7.1054273576E-15  3.5527136788E-15
HessDelSqRho_EigVals =  1.3093509306E+01  2.4321367882E+01  3.5240102904E+02
HessDelSqRho_EigVec1 =  9.7530548277E-01 -1.1415360418E-01 -1.8907186445E-01
HessDelSqRho_EigVec2 = -3.9255705033E-02  7.5284164312E-01 -6.5703002215E-01
HessDelSqRho_EigVec3 =  2.1734351818E-01  6.4822713229E-01  7.2976940198E-01
</CP of DelSqRho>
<CP of DelSqRho>
CP# = 17      
Type = (3,+3)
Coords = -3.97544748611753E+00 -7.80816072877455E-01  3.80891250116240E-01
DistFromNuc =  7.2958677610E-01
Rho =  7.4003122748E-01
DelSqRho = -2.9417226247E+00
GradDelSqRho =  1.7763568394E-15  1.0658141036E-14  1.7763568394E-15
HessDelSqRho_EigVals =  9.8795461610E+00  2.3054281044E+01  1.3341408985E+02
HessDelSqRho_EigVec1 =  5.9338802160E-02 -6.3925751510E-01 -7.6669989953E-01
HessDelSqRho_EigVec2 =  8.5392800716E-01 -3.6527583479E-01  3.7064878674E-01
HessDelSqRho_EigVec3 =  5.1699696822E-01  6.7670037232E-01 -5.2420486544E-01
</CP of DelSqRho>
<CP of DelSqRho>
CP# = 18      
Type = (3,+3)
Coords = -4.04805648996232E+00  1.29497049494728E-01 -3.79679071108411E-01
DistFromNuc =  7.2954669661E-01
Rho =  7.4012627447E-01
DelSqRho = -2.9427141811E+00
GradDelSqRho = -4.6185277824E-14  6.0396132540E-14 -1.2434497876E-14
HessDelSqRho_EigVals =  9.8871571217E+00  2.3061890763E+01  1.3345766631E+02
HessDelSqRho_EigVec1 = -3.3365770503E-02  6.3826392434E-01  7.6909419985E-01
HessDelSqRho_EigVec2 =  7.8535092108E-01  4.9268981100E-01 -3.7480752515E-01
HessDelSqRho_EigVec3 =  6.1815099783E-01 -5.9150309638E-01  5.1770013603E-01
</CP of DelSqRho>
<CP of DelSqRho>
CP# = 19      
Type = (3,+3)
Coords = -3.38346752117828E+00 -6.75287874431028E-01 -4.63182513387002E-01
DistFromNuc =  6.3333587276E-01
Rho =  9.7718224832E-01
DelSqRho = -4.5474206293E+00
GradDelSqRho = -2.1316282073E-14  8.8817841970E-15  2.1316282073E-14
HessDelSqRho_EigVals =  1.3266948243E+01  2.4430282415E+01  3.5427279878E+02
HessDelSqRho_EigVec1 =  9.4764022455E-01  2.6237834820E-01  1.8203188517E-01
HessDelSqRho_EigVec2 = -8.1287869896E-02  7.4944269757E-01 -6.5706006214E-01
HessDelSqRho_EigVec3 = -3.0882080084E-01  6.0785956063E-01  7.3153022325E-01
</CP of DelSqRho>
<CP of DelSqRho>
CP# = 20      
Type = (3,+1)
Coords = -3.89469698249497E+00 -4.36035077269419E-01  6.08290796360062E-01
DistFromNuc =  6.9658450895E-01
Rho =  7.7372199959E-01
DelSqRho = -2.5437978731E+00
GradDelSqRho =  0.0000000000E+00 -9.3258734069E-15 -1.7763568394E-14
HessDelSqRho_EigVals = -1.2596956073E+01  1.4826427382E+01  1.7868130238E+02
HessDelSqRho_EigVec1 =  3.6658789262E-01  8.9276294135E-01  2.6189243505E-01
HessDelSqRho_EigVec2 =  8.3964540078E-01 -4.3870857323E-01  3.2020366757E-01
HessDelSqRho_EigVec3 = -4.0076042461E-01 -1.0251399088E-01  9.1042954902E-01
</CP of DelSqRho>
<CP of DelSqRho>
CP# = 21      
Type = (3,+1)
Coords = -3.91699937843001E+00 -1.98680504277672E-01 -6.09139167876876E-01
DistFromNuc =  6.9663010095E-01
Rho =  7.7356313285E-01
DelSqRho = -2.5426334258E+00
GradDelSqRho =  5.3290705182E-15  2.7755575616E-15 -3.5527136788E-15
HessDelSqRho_EigVals = -1.2649336702E+01  1.4836409713E+01  1.7868571121E+02
HessDelSqRho_EigVec1 = -4.9700334129E-01  8.2569919348E-01  2.6684924701E-01
HessDelSqRho_EigVec2 =  7.6055200414E-01  5.6255717577E-01 -3.2417599077E-01
HessDelSqRho_EigVec3 =  4.1778981288E-01 -4.1836179044E-02  9.0757997244E-01
</CP of DelSqRho>
<CP of DelSqRho>
CP# = 22      
Type = (3,-3)
Coords = -3.10628819516335E+00 -1.08361960076203E+00  6.58601160791631E-01
DistFromNuc =  1.1372508359E+00
Rho =  2.4611922819E-01
DelSqRho =  8.5764625497E-01
GradDelSqRho = -2.3314683517E-15  9.9920072216E-16 -2.1649348980E-15
HessDelSqRho_EigVals = -1.7816660622E+01 -1.9439801416E+00 -5.3543959674E-01
HessDelSqRho_EigVec1 = -4.6390190959E-01  6.7571019302E-01 -5.7289680862E-01
HessDelSqRho_EigVec2 = -8.8499349342E-01 -3.8251541440E-01  2.6545898806E-01
HessDelSqRho_EigVec3 = -3.9768516094E-02  6.3015687952E-01  7.7544875545E-01
</CP of DelSqRho>
<CP of DelSqRho>
CP# = 23      
Type = (3,+1)
Coords = -2.35551491360092E+00 -1.91370213993295E-01  2.75422047142772E-03
DistFromNuc =  1.2384152737E+00
Rho =  2.3887065791E-01
DelSqRho =  4.5135039240E-01
GradDelSqRho = -4.2188474936E-15 -2.7061686225E-16 -4.3801767768E-17
HessDelSqRho_EigVals = -1.0173891450E+01  2.8858890564E-01  7.2114696514E-01
HessDelSqRho_EigVec1 =  9.9656994526E-01  8.2676998483E-02  3.5858225071E-03
HessDelSqRho_EigVec2 = -5.0992396293E-02  5.7936956475E-01  8.1346830483E-01
HessDelSqRho_EigVec3 = -6.5177601380E-02  8.1086091370E-01 -5.8159819370E-01
</CP of DelSqRho>
<CP of DelSqRho>
CP# = 24      
Type = (3,-3)
Coords = -3.23760522572025E+00  5.60366517251839E-01 -6.64824895702045E-01
DistFromNuc =  1.1372914368E+00
Rho =  2.4612971829E-01
DelSqRho =  8.5747352639E-01
GradDelSqRho = -2.7755575616E-16 -2.2204460493E-16 -7.7715611724E-16
HessDelSqRho_EigVals = -1.7810678625E+01 -1.9485371981E+00 -5.3303463307E-01
HessDelSqRho_EigVec1 =  3.5101573684E-01  7.3845412402E-01 -5.7573731788E-01
HessDelSqRho_EigVec2 =  9.3490821717E-01 -2.4205339325E-01  2.5953184831E-01
HessDelSqRho_EigVec3 =  5.2293192283E-02 -6.2936131239E-01 -7.7535137874E-01
</CP of DelSqRho>
<CP of DelSqRho>
CP# = 25      
Type = (3,-1)
Coords = -3.75404715311180E+00 -1.91447832653802E-01  1.17425820261902E+00
DistFromNuc =  1.1916923799E+00
Rho =  2.4571834946E-01
DelSqRho =  7.1554347588E-01
GradDelSqRho =  2.3456930842E-13 -5.5107307606E-13 -5.4540816308E-12
HessDelSqRho_EigVals = -1.7303809798E+01 -1.1998049246E+00  2.9340914096E-01
HessDelSqRho_EigVec1 = -1.1894829535E-01  9.6335235701E-02  9.8821598115E-01
HessDelSqRho_EigVec2 =  6.1533679545E-01  7.8825942340E-01 -2.7766141353E-03
HessDelSqRho_EigVec3 =  7.7923804527E-01 -6.0775538153E-01  1.5304072993E-01
</CP of DelSqRho>
<CP of DelSqRho>
CP# = 26      
Type = (3,-1)
Coords = -3.74550989832589E+00 -4.19937350509637E-01 -1.17624053308575E+00
DistFromNuc =  1.1916286246E+00
Rho =  2.4570688982E-01
DelSqRho =  7.1613133628E-01
GradDelSqRho =  7.4107386894E-15  1.6278645099E-14  1.8940404800E-13
HessDelSqRho_EigVals = -1.7318697415E+01 -1.1969181668E+00  2.9167977381E-01
HessDelSqRho_EigVec1 =  1.1053971388E-01  1.1319401885E-01  9.8740472237E-01
HessDelSqRho_EigVec2 =  7.2767434409E-01 -6.8591693017E-01 -2.8308755355E-03
HessDelSqRho_EigVec3 =  6.7695717782E-01  7.1882200788E-01 -1.5818944462E-01
</CP of DelSqRho>
<CP of DelSqRho>
CP# = 27      
Type = (3,+1)
Coords = -4.32374667896801E+00  3.53512632350063E-01 -5.98747211030522E-01
DistFromNuc =  1.1464992056E+00
Rho =  4.1905457725E-01
DelSqRho = -9.9117890130E-01
GradDelSqRho =  2.8865798640E-15 -6.5711325270E-15  4.5519144010E-15
HessDelSqRho_EigVals = -3.2602451236E+01  1.5193824224E+01  1.6268458563E+01
HessDelSqRho_EigVec1 =  6.4291936659E-01 -5.6121504561E-01  5.2124117320E-01
HessDelSqRho_EigVec2 =  5.5404634574E-02 -6.4467142651E-01 -7.6244939393E-01
HessDelSqRho_EigVec3 =  7.6392736208E-01  5.1907265813E-01 -3.8337783067E-01
</CP of DelSqRho>
<CP of DelSqRho>
CP# = 28      
Type = (3,-3)
Coords = -4.74176592112576E+00 -3.92445261817185E-01 -9.44275979838897E-03
DistFromNuc =  1.1563287290E+00
Rho =  2.5285160301E-01
DelSqRho =  8.7281879966E-01
GradDelSqRho =  1.9206858326E-14  3.9482306313E-15  1.7034984534E-15
HessDelSqRho_EigVals = -1.6861797577E+01 -4.1678051789E+00 -5.5434798571E-02
HessDelSqRho_EigVec1 =  9.9633883273E-01  8.5230484896E-02  6.6854192405E-03
HessDelSqRho_EigVec2 = -6.0734517085E-02  7.6067658797E-01 -6.4628356543E-01
HessDelSqRho_EigVec3 = -6.0168503559E-02  6.4351137749E-01  7.6306805609E-01
</CP of DelSqRho>
<CP of DelSqRho>
CP# = 29      
Type = (3,-1)
Coords = -3.87011835896968E+00  8.11826126799479E-01  3.44266836092377E-01
DistFromNuc =  1.1919246740E+00
Rho =  2.4596710910E-01
DelSqRho =  7.1633806395E-01
GradDelSqRho =  1.8927914791E-12 -8.1210038694E-12 -3.0315333577E-12
HessDelSqRho_EigVals = -1.7551062287E+01 -1.0679669649E+00  3.0300148955E-01
HessDelSqRho_EigVec1 = -2.1896904847E-01  9.2814714262E-01  3.0099075976E-01
HessDelSqRho_EigVec2 =  6.6281251151E-01 -8.4888543930E-02  7.4395800264E-01
HessDelSqRho_EigVec3 =  7.1605316171E-01  3.6240421736E-01 -5.9659957496E-01
</CP of DelSqRho>
<CP of DelSqRho>
CP# = 30      
Type = (3,-1)
Coords = -3.70029860540669E+00 -1.42994041252791E+00 -3.44720021204855E-01
DistFromNuc =  1.1919637996E+00
Rho =  2.4594205979E-01
DelSqRho =  7.1621225416E-01
GradDelSqRho = -3.0898616998E-12  1.8302859228E-12 -1.1756984275E-12
HessDelSqRho_EigVals = -1.7550195519E+01 -1.0622749805E+00  3.0337178122E-01
HessDelSqRho_EigVec1 =  7.6724297393E-02  9.5126980213E-01  2.9866226032E-01
HessDelSqRho_EigVec2 = -6.3655001420E-01 -1.8381942847E-01  7.4900901005E-01
HessDelSqRho_EigVec3 =  7.6740957878E-01 -2.4758065609E-01  5.9142738956E-01
</CP of DelSqRho>
<CP of DelSqRho>
CP# = 31      
Type = (3,+1)
Coords = -4.91466871327467E+00  1.19252627808712E+00 -2.13405268851588E-01
DistFromNuc =  2.0024073142E+00
Rho =  7.4742842233E-02
DelSqRho =  1.7920594470E-01
GradDelSqRho =  3.1051550220E-16 -7.7715611724E-16 -5.9847959921E-16
HessDelSqRho_EigVals = -1.6274065085E+00  3.8471875410E-02  5.8885917380E-01
HessDelSqRho_EigVec1 = -5.5120163295E-01  7.6540376523E-01  3.3216537449E-01
HessDelSqRho_EigVec2 =  7.4754082779E-01  6.2985240817E-01 -2.1087592255E-01
HessDelSqRho_EigVec3 =  3.7062038615E-01 -1.3207202615E-01  9.1934624015E-01
</CP of DelSqRho>
<CP of DelSqRho>
CP# = 32      
Type = (3,+1)
Coords = -4.66500618713195E+00 -1.96758247495764E+00  2.22588268754453E-01
DistFromNuc =  2.0020303526E+00
Rho =  7.4762508112E-02
DelSqRho =  1.7933148651E-01
GradDelSqRho =  3.4189333222E-12  6.0702103066E-12  6.3604503608E-13
HessDelSqRho_EigVals = -1.6285689142E+00  3.8480138285E-02  5.8883832887E-01
HessDelSqRho_EigVec1 =  4.2489363380E-01  8.4424818113E-01  3.2666559143E-01
HessDelSqRho_EigVec2 =  8.3714487721E-01 -5.0376839933E-01  2.1308649512E-01
HessDelSqRho_EigVec3 = -3.4446168804E-01 -1.8292733120E-01  9.2080602571E-01
</CP of DelSqRho>
<CP of DelSqRho>
CP# = 33      
Type = (3,+1)
Coords = -4.74444838885274E+00 -8.39882147103586E-01  1.53352843215803E+00
DistFromNuc =  1.9970746547E+00
Rho =  7.5115852249E-02
DelSqRho =  1.8250110377E-01
GradDelSqRho = -1.2841019480E-16 -1.7347234760E-18 -1.4571677198E-16
HessDelSqRho_EigVals = -1.6788009867E+00  3.3040259717E-02  5.8538490153E-01
HessDelSqRho_EigVec1 = -4.9348167264E-01  1.7869996736E-01  8.5120042319E-01
HessDelSqRho_EigVec2 =  8.1877116644E-01 -2.3470349478E-01  5.2395424089E-01
HessDelSqRho_EigVec3 =  2.9341031983E-01  9.5550017855E-01 -3.0492507534E-02
</CP of DelSqRho>
<CP of DelSqRho>
CP# = 34      
Type = (3,+1)
Coords = -4.82529724837429E+00  7.12319359479073E-02 -1.52717430216081E+00
DistFromNuc =  1.9968442120E+00
Rho =  7.5128255471E-02
DelSqRho =  1.8263955746E-01
GradDelSqRho =  1.9819215713E-16  2.0643209364E-16  3.0878077872E-16
HessDelSqRho_EigVals = -1.6817966196E+00  3.2847709417E-02  5.8517565353E-01
HessDelSqRho_EigVec1 =  4.6631789628E-01  2.5183417930E-01  8.4801365893E-01
HessDelSqRho_EigVec2 =  7.6964815226E-01  3.5709169111E-01 -5.2927048459E-01
HessDelSqRho_EigVec3 = -4.3610702967E-01  8.9948044463E-01 -2.7305464597E-02
</CP of DelSqRho>
<Path of -GradDelSqRho>
Starting CP# =      3
Ending CP# =     17
Number of Points =     17
 -4.2121812511E+00 -1.0442317197E+00  6.0152798960E-01  4.1905504347E-01 -9.9110449085E-01
 -4.1985273082E+00 -1.0279386563E+00  5.8837101698E-01  4.3049723984E-01 -1.0013289343E+00
 -4.1848735251E+00 -1.0116448309E+00  5.7521482215E-01  4.4300270548E-01 -1.0321785855E+00
 -4.1712194455E+00 -9.9535063504E-01  5.6205939397E-01  4.5658254643E-01 -1.0839413867E+00
 -4.1575642996E+00 -9.7905665542E-01  5.4890480467E-01  4.7124111759E-01 -1.1568473545E+00
 -4.1439069446E+00 -9.6276370875E-01  5.3575122946E-01  4.8697533138E-01 -1.2509297487E+00
 -4.1302457864E+00 -9.4647288997E-01  5.2259896820E-01  5.0377401812E-01 -1.3658568520E+00
 -4.1165786682E+00 -9.3018564565E-01  5.0944847214E-01  5.2161744607E-01 -1.5007397884E+00
 -4.1029027001E+00 -9.1390389005E-01  4.9630038034E-01  5.4047712835E-01 -1.6539239043E+00
 -4.0892139864E+00 -8.9763019512E-01  4.8315557360E-01  5.6031605982E-01 -1.8227732682E+00
 -4.0755071690E+00 -8.8136811433E-01  4.7001526059E-01  5.8108953856E-01 -2.0034590750E+00
 -4.0617746147E+00 -8.6512276644E-01  4.5688112524E-01  6.0274673141E-01 -2.1907620038E+00
 -4.0480048528E+00 -8.4890197529E-01  4.4375560268E-01  6.2523313784E-01 -2.3778937477E+00
 -4.0341792095E+00 -8.3271875943E-01  4.3064245989E-01  6.4849407730E-01 -2.5563301006E+00
 -4.0202632947E+00 -8.1659774618E-01  4.1754824312E-01  6.7247919642E-01 -2.7156202358E+00
 -4.0061791397E+00 -8.0059671481E-01  4.0448699604E-01  6.9714718663E-01 -2.8430840752E+00
 -3.9754474861E+00 -7.8081607288E-01  3.8089125012E-01  7.4003122748E-01 -2.9417226247E+00
</Path of -GradDelSqRho>
<Path of -GradDelSqRho>
Starting CP# =      3
Ending CP# =      0
Number of Points =     29
 -4.2121812511E+00 -1.0442317197E+00  6.0152798960E-01  4.1905504347E-01 -9.9110449085E-01
 -4.2258355358E+00 -1.0605238333E+00  6.1468578360E-01  4.0865891518E-01 -1.0012649624E+00
 -4.2394901623E+00 -1.0768148798E+00  6.2784454412E-01  3.9928611444E-01 -1.0316865839E+00
 -4.2531449595E+00 -1.0931048884E+00  6.4100441235E-01  3.9090877510E-01 -1.0823894528E+00
 -4.2667996508E+00 -1.1093939757E+00  6.5416553093E-01  3.8349416150E-01 -1.1535144854E+00
 -4.2804539152E+00 -1.1256823134E+00  6.6732801997E-01  3.7700478341E-01 -1.2452341778E+00
 -4.2941074547E+00 -1.1419700932E+00  6.8049195123E-01  3.7139842993E-01 -1.3575723580E+00
 -4.3077600682E+00 -1.1582574883E+00  6.9365731892E-01  3.6662824701E-01 -1.4901015171E+00
 -4.3214117344E+00 -1.1745446116E+00  7.0682400517E-01  3.6264307531E-01 -1.6414927877E+00
 -4.3350627105E+00 -1.1908314690E+00  7.1999173569E-01  3.5938838845E-01 -1.8089322845E+00
 -4.3487136594E+00 -1.2071179030E+00  7.3316001812E-01  3.5680830937E-01 -1.9875137424E+00
 -4.3623658238E+00 -1.2234035189E+00  7.4632805208E-01  3.5484928573E-01 -2.1698910150E+00
 -4.3760212466E+00 -1.2396875945E+00  7.5949461238E-01  3.5346597343E-01 -2.3467135759E+00
 -4.3896828308E+00 -1.2559690491E+00  7.7265802161E-01  3.5262956129E-01 -2.5085955389E+00
 -4.4033529956E+00 -1.2722469566E+00  7.8581690891E-01  3.5233800873E-01 -2.6504157556E+00
 -4.4170269801E+00 -1.2885231524E+00  7.9897394484E-01  3.5262638244E-01 -2.7783832864E+00
 -4.4306833548E+00 -1.3048059859E+00  8.1214104924E-01  3.5357381581E-01 -2.9193505352E+00
 -4.4443022039E+00 -1.3211032734E+00  8.2532911925E-01  3.5530199601E-01 -3.1303620482E+00
 -4.4578887642E+00 -1.3374130480E+00  8.3853504800E-01  3.5795921934E-01 -3.5047754975E+00
 -4.4714564211E+00 -1.3537301568E+00  8.5175134950E-01  3.6168509350E-01 -4.1701380707E+00
 -4.4850138344E+00 -1.3700512612E+00  8.6497322861E-01  3.6655446167E-01 -5.2730030357E+00
 -4.4985654171E+00 -1.3863746588E+00  8.7819825392E-01  3.7250520235E-01 -6.9475191650E+00
 -4.5121133859E+00 -1.4026994941E+00  8.9142520727E-01  3.7926275321E-01 -9.2684734949E+00
 -4.5256588952E+00 -1.4190253225E+00  9.0465345359E-01  3.8628271221E-01 -1.2196212088E+01
 -4.5392025646E+00 -1.4353519086E+00  9.1788264886E-01  3.9273839172E-01 -1.5530209236E+01
 -4.5527447172E+00 -1.4516791361E+00  9.3111260526E-01  3.9757799204E-01 -1.8896273391E+01
 -4.5662854766E+00 -1.4680069770E+00  9.4434323045E-01  3.9966169654E-01 -2.1791417635E+01
 -4.5798247343E+00 -1.4843355272E+00  9.5757451719E-01  3.9796240780E-01 -2.3692661525E+01
 -4.5906541657E+00 -1.4973994460E+00  9.6816023598E-01  3.9339504236E-01 -2.4223906646E+01
</Path of -GradDelSqRho>
<Path of -GradDelSqRho>
Starting CP# =      6
Ending CP# =     16
Number of Points =     32
 -3.6423022148E+00 -1.9105432393E-01  1.2095194297E-01  2.2573610776E+01  1.2308171343E+03
 -3.6499754611E+00 -1.7576020595E-01  1.3917859989E-01  1.5659338451E+01  1.1488404085E+03
 -3.6576225971E+00 -1.6045931391E-01  1.5741055007E-01  1.0972467933E+01  9.7907701235E+02
 -3.6652633104E+00 -1.4515674390E-01  1.7564378469E-01  7.8051251372E+00  7.7100905468E+02
 -3.6728888780E+00 -1.2985024576E-01  1.9388006134E-01  5.6728102534E+00  5.7036540627E+02
 -3.6804842104E+00 -1.1453594026E-01  2.1212239774E-01  4.2381919957E+00  4.0606192316E+02
 -3.6880328747E+00 -9.9209640189E-02  2.3037402547E-01  3.2703650939E+00  2.8332447568E+02
 -3.6955183331E+00 -8.3867194572E-02  2.4863811072E-01  2.6142761019E+00  1.9504303644E+02
 -3.7029251590E+00 -6.8504818668E-02  2.6691748873E-01  2.1664563472E+00  1.3203493852E+02
 -3.7102381908E+00 -5.3118893792E-02  2.8521480903E-01  1.8575331729E+00  8.7107433493E+01
 -3.7174386910E+00 -3.7705038426E-02  3.0353322744E-01  1.6406899238E+00  5.5360537157E+01
 -3.7244987458E+00 -2.2256825383E-02  3.2187732871E-01  1.4843208562E+00  3.3400197839E+01
 -3.7313744186E+00 -6.7643653578E-03  3.4025407180E-01  1.3672718857E+00  1.8676128360E+01
 -3.7379957731E+00  8.7875019857E-03  3.5867386938E-01  1.2756091953E+00  9.1656140942E+00
 -3.7442491264E+00  2.4421973837E-02  3.7715199605E-01  1.2003399852E+00  3.2700984067E+00
 -3.7499411596E+00  4.0174777622E-02  3.9571020075E-01  1.1357954606E+00 -2.2321044789E-01
 -3.7547159634E+00  5.6101089365E-02  4.1437653304E-01  1.0785276596E+00 -2.1857648794E+00
 -3.7578216441E+00  7.2280444438E-02  4.3316841746E-01  1.0266893895E+00 -3.2105593161E+00
 -3.7572390492E+00  8.8731539616E-02  4.5191205858E-01  9.8038384003E-01 -3.6843076893E+00
 -3.7465224271E+00  1.0373686362E-01  4.6803477971E-01  9.4781194639E-01 -3.8691003118E+00
 -3.7239396909E+00  1.1136959721E-01  4.7465055182E-01  9.4333835377E-01 -3.9710555814E+00
 -3.6993187111E+00  1.1511382790E-01  4.7671521334E-01  9.4870779021E-01 -4.0623404285E+00
 -3.6744860430E+00  1.1782401731E-01  4.7767148092E-01  9.5477882013E-01 -4.1465372372E+00
 -3.6495779767E+00  1.1992456525E-01  4.7802155752E-01  9.6026379914E-01 -4.2232053903E+00
 -3.6246268919E+00  1.2145795078E-01  4.7782035116E-01  9.6499971147E-01 -4.2918902259E+00
 -3.5996578040E+00  1.2242366527E-01  4.7707190651E-01  9.6895666854E-01 -4.3522189889E+00
 -3.5746956150E+00  1.2281817408E-01  4.7577532124E-01  9.7212296898E-01 -4.4039101984E+00
 -3.5497656235E+00  1.2263891245E-01  4.7392856895E-01  9.7449481485E-01 -4.4467778956E+00
 -3.5248936125E+00  1.2188524751E-01  4.7152824147E-01  9.7607555579E-01 -4.4807336654E+00
 -3.5001059303E+00  1.2055979177E-01  4.6856853086E-01  9.7687547554E-01 -4.5057866162E+00
 -3.4754296215E+00  1.1867111647E-01  4.6503894646E-01  9.7691153531E-01 -4.5220414037E+00
 -3.4407183256E+00  1.1508517021E-01  4.5901183901E-01  9.7570182579E-01 -4.5304089265E+00
</Path of -GradDelSqRho>
<Path of -GradDelSqRho>
Starting CP# =      6
Ending CP# =      1
Number of Points =      7
 -3.6423022148E+00 -1.9105432393E-01  1.2095194297E-01  2.2573610776E+01  1.2308171343E+03
 -3.6345708750E+00 -2.0633333340E-01  1.0273717221E-01  3.2808130310E+01  9.7861866516E+02
 -3.6267903338E+00 -2.2159948022E-01  8.4532561907E-02  4.8061975293E+01 -8.0411937819E+02
 -3.6189881255E+00 -2.3685994023E-01  6.6332454981E-02  7.0724140101E+01 -6.4073466299E+03
 -3.6111701276E+00 -2.5211624766E-01  4.8135644002E-02  1.0436730227E+02 -2.0698119506E+04
 -3.6033259979E+00 -2.6736567180E-01  2.9944309191E-02  1.5484503445E+02 -7.5533799894E+04
 -3.5896793192E+00 -2.9380307065E-01 -1.5977571155E-03  2.9727047434E+02 -3.3291257811E+06
</Path of -GradDelSqRho>
<Path of -GradDelSqRho>
Starting CP# =      7
Ending CP# =      1
Number of Points =      7
 -3.6265163175E+00 -4.0348464721E-01 -1.2387865068E-01  2.2577009684E+01  1.2311768129E+03
 -3.6211311334E+00 -3.8718765283E-01 -1.0570153916E-01  3.2813673189E+01  9.7873700133E+02
 -3.6156952158E+00 -3.7089579000E-01 -8.7534924169E-02  4.8071015455E+01 -8.0538681234E+02
 -3.6102369576E+00 -3.5460620881E-01 -6.9372959868E-02  7.0738568648E+01 -6.4113576551E+03
 -3.6047623986E+00 -3.3831830063E-01 -5.1214402971E-02  1.0439037085E+02 -2.0713075589E+04
 -3.5992608762E+00 -3.2203317049E-01 -3.3061503526E-02  1.5488096584E+02 -7.5584213434E+04
 -3.5896793192E+00 -2.9380307065E-01 -1.5977571155E-03  2.9727047434E+02 -3.3291257811E+06
</Path of -GradDelSqRho>
<Path of -GradDelSqRho>
Starting CP# =      7
Ending CP# =     19
Number of Points =     32
 -3.6265163175E+00 -4.0348464721E-01 -1.2387865068E-01  2.2577009684E+01  1.2311768129E+03
 -3.6318415689E+00 -4.1978762639E-01 -1.4206805257E-01  1.5661463402E+01  1.1491479806E+03
 -3.6371398440E+00 -4.3609328343E-01 -1.6026293709E-01  1.0973841905E+01  9.7932566696E+02
 -3.6424314773E+00 -4.5239961166E-01 -1.7845915291E-01  7.8060723458E+00  7.7120390228E+02
 -3.6477074885E+00 -4.6870748988E-01 -1.9665851462E-01  5.6735372643E+00  5.7050480517E+02
 -3.6529523194E+00 -4.8501842772E-01 -2.1486414339E-01  4.2388271881E+00  4.0615092226E+02
 -3.6581490286E+00 -5.0133403262E-01 -2.3307938339E-01  3.2709832900E+00  2.8337365050E+02
 -3.6632805729E+00 -5.1765586026E-01 -2.5130751350E-01  2.6149167005E+00  1.9506336647E+02
 -3.6683310625E+00 -5.3398527578E-01 -2.6955147303E-01  2.1671363253E+00  1.3203533900E+02
 -3.6732848910E+00 -5.5032352151E-01 -2.8781401255E-01  1.8582558355E+00  8.7094580249E+01
 -3.6781227796E+00 -5.6667204339E-01 -3.0609841151E-01  1.6414506316E+00  5.5339405320E+01
 -3.6828160198E+00 -5.8303289624E-01 -3.2440943764E-01  1.4851108088E+00  3.3374519568E+01
 -3.6873194495E+00 -5.9940908867E-01 -3.4275433555E-01  1.3680806656E+00  1.8648643532E+01
 -3.6915612455E+00 -6.1580483193E-01 -3.6114396669E-01  1.2764264872E+00  9.1382189071E+00
 -3.6954248161E+00 -6.3222553165E-01 -3.7959431981E-01  1.2011567588E+00  3.2439840919E+00
 -3.6987122995E+00 -6.4867666895E-01 -3.9812831525E-01  1.1366049428E+00 -2.4740407476E-01
 -3.7010605712E+00 -6.6515772464E-01 -4.1677601340E-01  1.0793267937E+00 -2.2077986259E+00
 -3.7017065765E+00 -6.8163035076E-01 -4.3555840738E-01  1.0274834723E+00 -3.2304795137E+00
 -3.6986249766E+00 -6.9779402680E-01 -4.5430599566E-01  9.8121263476E-01 -3.7024411310E+00
 -3.6856527359E+00 -7.1089847510E-01 -4.7041682278E-01  9.4889640552E-01 -3.8864772998E+00
 -3.6621522536E+00 -7.1488278893E-01 -4.7706887524E-01  9.4465822939E-01 -3.9888364619E+00
 -3.6372576756E+00 -7.1477043344E-01 -4.7924502250E-01  9.5008569496E-01 -4.0805707088E+00
 -3.6123093669E+00 -7.1361277429E-01 -4.8032358613E-01  9.5618564287E-01 -4.1651271469E+00
 -3.5873777091E+00 -7.1184223340E-01 -4.8079721802E-01  9.6169152318E-01 -4.2420574497E+00
 -3.5624883778E+00 -7.0950479546E-01 -4.8071978747E-01  9.6644245053E-01 -4.3109028051E+00
 -3.5376661925E+00 -7.0660355302E-01 -4.8009524472E-01  9.7040866898E-01 -4.3712877240E+00
 -3.5129363102E+00 -7.0313861790E-01 -4.7892272161E-01  9.7357846531E-01 -4.4229294151E+00
 -3.4883241342E+00 -6.9911107335E-01 -4.7720028405E-01  9.7594806616E-01 -4.4656420615E+00
 -3.4638552519E+00 -6.9452392616E-01 -4.7492467406E-01  9.7752089602E-01 -4.4993388417E+00
 -3.4395553058E+00 -6.8938342507E-01 -4.7209028338E-01  9.7830736337E-01 -4.5240318775E+00
 -3.4154496797E+00 -6.8370184757E-01 -4.6868679347E-01  9.7832460255E-01 -4.5398301949E+00
 -3.3834675212E+00 -6.7528787443E-01 -4.6318251339E-01  9.7718224832E-01 -4.5474206293E+00
</Path of -GradDelSqRho>
<Path of -GradDelSqRho>
Starting CP# =     11
Ending CP# =     16
Number of Points =     35
 -2.9189684787E+00 -2.4183467818E-01 -3.5736811588E-03  8.3357157643E-01 -3.2463155174E+00
 -2.9200662592E+00 -2.3558354448E-01  3.8922919188E-03  8.3444396739E-01 -3.2466133122E+00
 -2.9210784804E+00 -2.2315243918E-01  1.8628792292E-02  8.3388393625E-01 -3.2492595154E+00
 -2.9240058802E+00 -2.0722060035E-01  3.7667849364E-02  8.3460699776E-01 -3.2564793580E+00
 -2.9279985547E+00 -1.9143358745E-01  5.6634533407E-02  8.3581076201E-01 -3.2680051308E+00
 -2.9330324141E+00 -1.7581751430E-01  7.5494681542E-02  8.3746659401E-01 -3.2837930757E+00
 -2.9390962860E+00 -1.6039947700E-01  9.4214208714E-02  8.3956736455E-01 -3.3037832549E+00
 -2.9461766400E+00 -1.4520591017E-01  1.1275960643E-01  8.4210392304E-01 -3.3278983898E+00
 -2.9542576685E+00 -1.3026248604E-01  1.3109807328E-01  8.4506502380E-01 -3.3560424492E+00
 -2.9633213792E+00 -1.1559401922E-01  1.4919763924E-01  8.4843723910E-01 -3.3880990033E+00
 -2.9733477000E+00 -1.0122437759E-01  1.6702728291E-01  8.5220486091E-01 -3.4239293889E+00
 -2.9843145926E+00 -8.7176399733E-02  1.8455704111E-01  8.5634979416E-01 -3.4633707366E+00
 -2.9961981764E+00 -7.3471819247E-02  2.0175811008E-01  8.6085144500E-01 -3.5062339153E+00
 -3.0089728601E+00 -6.0131196450E-02  2.1860293760E-01  8.6568660830E-01 -3.5523014561E+00
 -3.0226114817E+00 -4.7173858008E-02  2.3506530525E-01  8.7082935965E-01 -3.6013255216E+00
 -3.0370854557E+00 -3.4617845192E-02  2.5112039967E-01  8.7625095773E-01 -3.6530259932E+00
 -3.0523649273E+00 -2.2479871582E-02  2.6674487175E-01  8.8191976399E-01 -3.7070887564E+00
 -3.0684189326E+00 -1.0775291109E-02  2.8191688234E-01  8.8780118684E-01 -3.7631642699E+00
 -3.0852155641E+00  4.8192268594E-04  2.9661613297E-01  8.9385765852E-01 -3.8208665109E+00
 -3.1027221405E+00  1.1279185444E-02  3.1082388024E-01  9.0004865249E-01 -3.8797723977E+00
 -3.1209053773E+00  2.1605298407E-02  3.2452293250E-01  9.0633074930E-01 -3.9394217902E+00
 -3.1397315578E+00  3.1450432522E-02  3.3769762782E-01  9.1265775815E-01 -3.9993181767E+00
 -3.1591666998E+00  4.0806100986E-02  3.5033379264E-01  9.1898090029E-01 -4.0589301455E+00
 -3.1791767168E+00  4.9665121860E-02  3.6241868090E-01  9.2524905864E-01 -4.1176937391E+00
 -3.1997275680E+00  5.8021573504E-02  3.7394089388E-01  9.3140909627E-01 -4.1750157678E+00
 -3.2207853965E+00  6.5870746899E-02  3.8489028107E-01  9.3740624362E-01 -4.2302781450E+00
 -3.2423166518E+00  7.3209100683E-02  3.9525782223E-01  9.4318455195E-01 -4.2828432734E+00
 -3.2642881943E+00  8.0034227141E-02  4.0503548933E-01  9.4868740772E-01 -4.3320604828E+00
 -3.2866673829E+00  8.6344841333E-02  4.1421608418E-01  9.5385810020E-01 -4.3772734753E+00
 -3.3094221445E+00  9.2140812819E-02  4.2279304103E-01  9.5864043253E-01 -4.4178286974E+00
 -3.3325210282E+00  9.7423274832E-02  4.3076016943E-01  9.6297936471E-01 -4.4530845104E+00
 -3.3559332503E+00  1.0219488254E-01  4.3811127929E-01  9.6682167622E-01 -4.4824209890E+00
 -3.3796287408E+00  1.0646039450E-01  4.4483953918E-01  9.7011663589E-01 -4.5052501397E+00
 -3.4035782201E+00  1.1022810886E-01  4.5093610509E-01  9.7281666783E-01 -4.5210262967E+00
 -3.4407183256E+00  1.1508517021E-01  4.5901183901E-01  9.7570182579E-01 -4.5304089265E+00
</Path of -GradDelSqRho>
<Path of -GradDelSqRho>
Starting CP# =     11
Ending CP# =     19
Number of Points =     35
 -2.9189684787E+00 -2.4183467818E-01 -3.5736811588E-03  8.3357157643E-01 -3.2463155174E+00
 -2.9191399384E+00 -2.4818496403E-01 -1.1036893257E-02  8.3445904582E-01 -3.2466135069E+00
 -2.9183233615E+00 -2.6063706114E-01 -2.5779248862E-02  8.3392878825E-01 -3.2492635929E+00
 -2.9188893631E+00 -2.7683935452E-01 -4.4806726271E-02  8.3469138600E-01 -3.2564959064E+00
 -2.9205294209E+00 -2.9306244430E-01 -6.3754758052E-02  8.3593473933E-01 -3.2680501614E+00
 -2.9232237738E+00 -3.0927682486E-01 -8.2589327559E-02  8.3763081639E-01 -3.2838896500E+00
 -2.9269653125E+00 -3.2545398523E-01 -1.0127642207E-01  8.3977267368E-01 -3.3039610971E+00
 -2.9317445036E+00 -3.4156570527E-01 -1.1978262349E-01  8.4235132808E-01 -3.3281933910E+00
 -2.9375494549E+00 -3.5758416755E-01 -1.3807523784E-01  8.4535567887E-01 -3.3564960699E+00
 -2.9443659926E+00 -3.7348206566E-01 -1.5612241852E-01  8.4877241642E-01 -3.3887575853E+00
 -2.9521777516E+00 -3.8923270815E-01 -1.7389328254E-01  8.5258591986E-01 -3.4248433863E+00
 -2.9609662752E+00 -4.0481011780E-01 -1.9135801912E-01  8.5677814649E-01 -3.4645938775E+00
 -2.9707111255E+00 -4.2018912547E-01 -2.0848799000E-01  8.6132851640E-01 -3.5078223056E+00
 -2.9813900030E+00 -4.3534545823E-01 -2.2525582087E-01  8.6621379691E-01 -3.5543126352E+00
 -2.9929788750E+00 -4.5025582085E-01 -2.4163548282E-01  8.7140799197E-01 -3.6038174811E+00
 -3.0054521132E+00 -4.6489797005E-01 -2.5760236302E-01  8.7688224261E-01 -3.6560561696E+00
