 AIMInt (Version 19.02.13, Professional)
 Portions Copyright (c) 1997-2019 by Todd A. Keith
 AIMInt is a component of the AIMAll package ( http://aim.tkgristmill.com )

 TP:  64-bit Linux

 Licensed To:  Research Group of Fernando Cortes Guzman, UNAM, fercor@unam.mx

 AIMInt is a heavily modified and extended version of the PROAIMV program
 developed by members of R.F.W. Bader's research group

 Much of the Quantum Theory of Atoms in Molecules (QTAIM) is described in the book:
   "Atoms in Molecules - A Quantum Theory"
   R.F.W. Bader, Oxford University Press, Oxford, 1990

 For additional references see:  http://aim.tkgristmill.com/references.html

 Current Directory:  /home/scratch/M_H2O_4_cuadrado_plano/Opt

 Inp File:  Ni2_cuadrado_plano_cc-pvtz-def2-tzv_1_atomicfiles/o4.inp
 Wfx File:  Ni2_cuadrado_plano_cc-pvtz-def2-tzv_1.wfx
 Out File:  Ni2_cuadrado_plano_cc-pvtz-def2-tzv_1_atomicfiles/o4.int

 Wfx Title:   Ni2_cuadrado_plano_cc-pvtz-def2-tzv_1                                         
 Job Title:   Ni2_cuadrado_plano_cc-pvtz-def2-tzv_1                                         
 
<Atom>
O4      
</Atom>
<Nuclei of Molecule>
    13
Ni1       28.0           1.9231592417E-03  -2.8835789311E-03   1.3441095153E-04
O2         8.0          -3.5896789891E+00  -2.9380304675E-01  -1.5977600892E-03
H3         1.0          -4.7752209329E+00   7.4904074049E-01  -9.6668301345E-01
O4         8.0           2.9243884085E-01  -3.5749206459E+00  -1.2286062530E-03
H5         1.0           1.5196059141E+00  -4.5783961773E+00   9.5380119496E-01
O6         8.0           3.5838409284E+00   2.8742958883E-01   1.2083334975E-03
H7         1.0           4.5854821252E+00   1.5164977797E+00   9.5558903123E-01
O8         8.0          -2.9008020618E-01   3.5873206114E+00   9.7474760076E-04
H9         1.0          -1.5144464522E+00   4.5888441388E+00   9.6125658327E-01
H10        1.0          -4.5955259758E+00  -1.5033087514E+00   9.7295913912E-01
H11        1.0          -7.6638785835E-01  -4.7624527561E+00  -9.4654468107E-01
H12        1.0           4.7717598026E+00  -7.5305267213E-01  -9.6366768876E-01
H13        1.0           7.4872032678E-01   4.7753558470E+00  -9.6532778999E-01
</Nuclei of Molecule>
<Total Number of CPs of DelSqRho>
    34
</Total Number of CPs of DelSqRho>
<Number of (3,+3) CPs of DelSqRho>
     5
</Number of (3,+3) CPs of DelSqRho>
<Number of (3,+1) CPs of DelSqRho>
    14
</Number of (3,+1) CPs of DelSqRho>
<Number of (3,-1) CPs of DelSqRho>
    10
</Number of (3,-1) CPs of DelSqRho>
<Number of (3,-3) CPs of DelSqRho>
     5
</Number of (3,-3) CPs of DelSqRho>
<Number of Degenerate CPs of DelSqRho>
     0
</Number of Degenerate CPs of DelSqRho>
<CP of DelSqRho>
CP# = 1       
Type = (3,+3)
Coords =  2.92438864900199E-01 -3.57492097470792E+00 -1.22860325525412E-03
DistFromNuc =  3.2970697662E-07
Rho =  2.9726765012E+02
DelSqRho = -3.3290905853E+06
GradDelSqRho = -2.1558030312E-06  2.4236956961E-05 -1.3739509086E-08
HessDelSqRho_EigVals =  1.3239079631E+11  1.3239081627E+11  1.3239082405E+11
HessDelSqRho_EigVec1 = -6.4226533246E-01 -4.8642271560E-02  7.6493736484E-01
HessDelSqRho_EigVec2 = -7.8047790124E-02  9.9694733142E-01 -2.1356089018E-03
HessDelSqRho_EigVec3 =  7.6249838372E-01  6.1073298471E-02  6.4410113107E-01
</CP of DelSqRho>
<CP of DelSqRho>
CP# = 2       
Type = (3,-1)
Coords =  1.66737475247818E-01 -2.01387864770498E+00 -3.06159722966976E-03
DistFromNuc =  1.5660958825E+00
Rho =  1.2529758390E-01
DelSqRho =  3.3711821192E-01
GradDelSqRho =  2.2724877535E-16 -9.8532293435E-16  1.0299920639E-17
HessDelSqRho_EigVals = -3.1625374849E-01 -2.7795467759E-01  4.2215016559E+00
HessDelSqRho_EigVec1 = -4.0622449668E-01 -3.3528425742E-02  9.1315798358E-01
HessDelSqRho_EigVec2 =  9.1016100762E-01  7.3923474572E-02  4.0760552022E-01
HessDelSqRho_EigVec3 = -8.1170182395E-02  9.9670013774E-01  4.8673950681E-04
</CP of DelSqRho>
<CP of DelSqRho>
CP# = 3       
Type = (3,+1)
Coords =  1.05382390885824E+00 -4.19592337301313E+00  5.89788248294287E-01
DistFromNuc =  1.1465829805E+00
Rho =  4.1901146342E-01
DelSqRho = -9.9089427642E-01
GradDelSqRho =  3.8580250106E-15 -2.8865798640E-15  7.5495165675E-15
HessDelSqRho_EigVals = -3.2590243287E+01  1.5188659970E+01  1.6264113067E+01
HessDelSqRho_EigVec1 =  6.6118722374E-01 -5.4482414119E-01  5.1575004638E-01
HessDelSqRho_EigVec2 =  6.3445342928E-01  3.9187777062E-02 -7.7196707456E-01
HessDelSqRho_EigVec3 =  4.0037520059E-01  8.3763415242E-01  3.7157600225E-01
</CP of DelSqRho>
<CP of DelSqRho>
CP# = 4       
Type = (3,+1)
Coords = -3.64804119642067E-01 -4.31017555677515E+00 -5.86124571287736E-01
DistFromNuc =  1.1465912013E+00
Rho =  4.1901586241E-01
DelSqRho = -9.9097128794E-01
GradDelSqRho = -3.6645686485E-13 -4.3920422854E-13 -7.7039763458E-13
HessDelSqRho_EigVals = -3.2593182462E+01  1.5190588176E+01  1.6264922465E+01
HessDelSqRho_EigVec1 =  5.6980302467E-01  6.4393370116E-01  5.1056233859E-01
HessDelSqRho_EigVec2 = -6.3138837687E-01 -5.4623140497E-02  7.7354058076E-01
HessDelSqRho_EigVec3 =  5.2599736752E-01 -7.6312888888E-01  3.7544782371E-01
</CP of DelSqRho>
<CP of DelSqRho>
CP# = 5       
Type = (3,-1)
Coords =  3.06002652333378E-01 -3.74318259307913E+00 -1.23331578019234E-03
DistFromNuc =  1.6880776011E-01
Rho =  2.2327046371E+01
DelSqRho =  1.2528075381E+03
GradDelSqRho =  6.5227823143E-12 -5.3546500567E-11  4.9737991503E-14
HessDelSqRho_EigVals = -4.0658960889E+05 -2.0809360868E+03  1.4966035509E+03
HessDelSqRho_EigVec1 = -8.0387415896E-02  9.9676369215E-01  7.3309484378E-05
HessDelSqRho_EigVec2 = -6.4149612768E-01 -5.1791939989E-02  7.6537592928E-01
HessDelSqRho_EigVec3 =  7.6290273399E-01  6.1479565393E-02  6.4358346895E-01
</CP of DelSqRho>
<CP of DelSqRho>
CP# = 6       
Type = (3,+1)
Coords =  4.00022385437273E-01 -3.61179968926246E+00 -1.25345106624098E-01
DistFromNuc =  1.6834247405E-01
Rho =  2.2577273476E+01
DelSqRho =  1.2312080406E+03
GradDelSqRho =  3.9221959014E-12  1.4495071810E-12 -3.8085090637E-12
HessDelSqRho_EigVals = -4.1205995168E+05  2.6484445130E+03  3.6987439430E+03
HessDelSqRho_EigVec1 = -6.3953040990E-01  2.1437096886E-01  7.3827226855E-01
HessDelSqRho_EigVec2 =  9.1056417701E-02  9.7469698534E-01 -2.0414337011E-01
HessDelSqRho_EigVec3 =  7.6335416656E-01  6.3331465102E-02  6.4286821505E-01
</CP of DelSqRho>
<CP of DelSqRho>
CP# = 7       
Type = (3,+1)
Coords =  1.91832170087806E-01 -3.62735060115371E+00  1.23165134672442E-01
DistFromNuc =  1.6835796741E-01
Rho =  2.2573912702E+01
DelSqRho =  1.2308521590E+03
GradDelSqRho =  9.0949470177E-12  4.3129944061E-12 -1.4097167877E-11
HessDelSqRho_EigVals = -4.1169966191E+05  2.6627187236E+03  3.7110507873E+03
HessDelSqRho_EigVec1 = -5.9875266725E-01 -3.0685938980E-01  7.3981927412E-01
HessDelSqRho_EigVec2 = -2.4127318993E-01  9.4989246329E-01  1.9872482483E-01
HessDelSqRho_EigVec3 = -7.6372933117E-01 -5.9511537321E-02 -6.4278758983E-01
</CP of DelSqRho>
<CP of DelSqRho>
CP# = 8       
Type = (3,-3)
Coords =  3.57639818447590E-01 -3.43466456617324E+00  6.18220817198738E-02
DistFromNuc =  1.6702791573E-01
Rho =  2.2699463669E+01
DelSqRho =  1.2968746228E+03
GradDelSqRho =  7.9865003499E-12  2.2517099296E-11  5.4569682106E-12
HessDelSqRho_EigVals = -4.4984284670E+05 -3.9142649507E+03 -4.1778819993E+02
HessDelSqRho_EigVec1 =  3.8839827945E-01  8.4133187430E-01  3.7590883710E-01
HessDelSqRho_EigVec2 = -6.4057225490E-01 -4.6743907676E-02  7.6647386997E-01
HessDelSqRho_EigVec3 =  6.6243034560E-01 -5.3849390376E-01  5.2077860252E-01
</CP of DelSqRho>
<CP of DelSqRho>
CP# = 9       
Type = (3,-1)
Coords =  2.79729324686105E-01 -3.40854184866234E+00 -1.73272907493409E-03
DistFromNuc =  1.6686428650E-01
Rho =  2.2757500537E+01
DelSqRho =  1.2962379346E+03
GradDelSqRho =  5.1585402616E-12 -5.1102233556E-11  2.4247270858E-13
HessDelSqRho_EigVals = -4.5350034070E+05 -3.7091132309E+03  2.3879808119E+02
HessDelSqRho_EigVec1 = -7.6152688350E-02  9.9709150389E-01 -3.0497417423E-03
HessDelSqRho_EigVec2 = -6.4099982208E-01 -4.6612951980E-02  7.6612431158E-01
HessDelSqRho_EigVec3 =  7.6375388454E-01  6.0297309851E-02  6.4268517820E-01
</CP of DelSqRho>
<CP of DelSqRho>
CP# = 10      
Type = (3,-3)
Coords =  2.06458221349645E-01 -3.44692798191015E+00 -6.54438046043387E-02
DistFromNuc =  1.6702808345E-01
Rho =  2.2699367765E+01
DelSqRho =  1.2968836105E+03
GradDelSqRho =  1.3329781723E-11 -5.3077542361E-12  1.3272938304E-11
HessDelSqRho_EigVals = -4.4984039126E+05 -3.9151062858E+03 -4.1984384634E+02
HessDelSqRho_EigVec1 = -5.1303988281E-01  7.6820986223E-01 -3.8294083907E-01
HessDelSqRho_EigVec2 = -6.4183714583E-01 -4.7106816615E-02  7.6539272668E-01
HessDelSqRho_EigVec3 =  5.6994311723E-01  6.3846264997E-01  5.1723330105E-01
</CP of DelSqRho>
<CP of DelSqRho>
CP# = 11      
Type = (3,-1)
Coords =  7.86237918483735E-01 -3.27388423690161E+00  4.24756212739603E-01
DistFromNuc =  7.1827815965E-01
Rho =  6.6412039497E-01
DelSqRho = -9.1726860604E-01
GradDelSqRho =  1.2789769244E-13  1.5276668819E-13  3.7836400679E-13
HessDelSqRho_EigVals = -1.5568850379E+01 -1.2553151691E+01  1.4030447125E+02
HessDelSqRho_EigVec1 = -4.0312961335E-01  8.9124672385E-01 -2.0776378910E-01
HessDelSqRho_EigVec2 = -6.1355366299E-01 -9.4773130037E-02  7.8394512337E-01
HessDelSqRho_EigVec3 =  6.7899809828E-01  4.4350572831E-01  5.8503354731E-01
</CP of DelSqRho>
<CP of DelSqRho>
CP# = 12      
Type = (3,-1)
Coords = -2.42382303363510E-01 -3.35680297488682E+00 -4.28215958148666E-01
DistFromNuc =  7.1828070654E-01
Rho =  6.6413679531E-01
DelSqRho = -9.1749106593E-01
GradDelSqRho =  1.9539925233E-14 -5.3290705182E-15  1.6875389974E-14
HessDelSqRho_EigVals = -1.5573582571E+01 -1.2546539036E+01  1.4030331053E+02
HessDelSqRho_EigVec1 =  2.6053248778E-01  9.4428104955E-01  2.0113707335E-01
HessDelSqRho_EigVec2 = -6.2028868293E-01  4.0675008455E-03  7.8436305705E-01
HessDelSqRho_EigVec3 =  7.3984104552E-01 -3.2911510889E-01  5.8678656465E-01
</CP of DelSqRho>
<CP of DelSqRho>
CP# = 13      
Type = (3,+1)
Coords =  2.39983680291288E-01 -2.90422393639973E+00 -3.23203998277107E-03
DistFromNuc =  6.7274782329E-01
Rho =  8.3418018222E-01
DelSqRho = -3.2533277560E+00
GradDelSqRho = -2.7755575616E-15 -1.0658141036E-14  7.4940054162E-16
HessDelSqRho_EigVals = -6.9127587760E+00  1.8550307836E+01  2.3001248152E+02
HessDelSqRho_EigVec1 = -6.3090630541E-01 -4.6733434867E-02  7.7445026945E-01
HessDelSqRho_EigVec2 =  7.7195230712E-01  6.2233559542E-02  6.3262676168E-01
HessDelSqRho_EigVec3 = -7.7761618518E-02  9.9696688517E-01 -3.1875622574E-03
</CP of DelSqRho>
<CP of DelSqRho>
CP# = 14      
Type = (3,-1)
Coords =  3.49623146786104E-01 -4.30221583694498E+00  5.18562179448927E-04
DistFromNuc =  7.2954190584E-01
Rho =  6.5432536875E-01
DelSqRho = -8.6588705813E-01
GradDelSqRho =  3.4416913763E-15 -2.2204460493E-14  4.3021142204E-16
HessDelSqRho_EigVals = -1.9158371123E+01 -7.3285143088E+00  1.2839706783E+02
HessDelSqRho_EigVec1 =  7.7860951103E-01  6.2703183591E-02  6.2436811266E-01
HessDelSqRho_EigVec2 = -6.2257884875E-01 -4.7286829752E-02  7.8112709134E-01
HessDelSqRho_EigVec3 = -7.8503544062E-02  9.9691136341E-01 -2.2197004618E-03
</CP of DelSqRho>
<CP of DelSqRho>
CP# = 15      
Type = (3,+1)
Coords = -2.99196197730086E-01 -3.94073455770308E+00 -1.59625907256417E-02
DistFromNuc =  6.9575062145E-01
Rho =  7.7748482703E-01
DelSqRho = -2.5996057750E+00
GradDelSqRho =  3.5527136788E-15  1.7763568394E-15  0.0000000000E+00
HessDelSqRho_EigVals = -1.1950164437E+01  1.5444496869E+01  1.8010249826E+02
HessDelSqRho_EigVec1 = -1.4923581631E-01  4.2353511169E-01  8.9350247918E-01
HessDelSqRho_EigVec2 = -4.6483753760E-01  7.6749730567E-01 -4.4144529607E-01
HessDelSqRho_EigVec3 =  8.7272832816E-01  4.8121294138E-01 -8.2336931476E-02
</CP of DelSqRho>
<CP of DelSqRho>
CP# = 16      
Type = (3,+1)
Coords =  9.33508938060354E-01 -3.84493853482911E+00  1.76184022840655E-02
DistFromNuc =  6.9587049055E-01
Rho =  7.7719462392E-01
DelSqRho = -2.5983164825E+00
GradDelSqRho =  1.9539925233E-14  0.0000000000E+00  6.6613381478E-15
HessDelSqRho_EigVals = -1.1985225859E+01  1.5457825518E+01  1.7999939060E+02
HessDelSqRho_EigVec1 = -8.5089568479E-02 -4.3528076583E-01  8.9626470433E-01
HessDelSqRho_EigVec2 =  3.3916710011E-01  8.3315374343E-01  4.3683007910E-01
HessDelSqRho_EigVec3 =  9.3687002489E-01 -3.4115318363E-01 -7.6740222577E-02
</CP of DelSqRho>
<CP of DelSqRho>
CP# = 17      
Type = (3,+3)
Coords = -1.08492541979509E-01 -3.42491859728404E+00  4.66098716168855E-01
DistFromNuc =  6.3375185570E-01
Rho =  9.7559294143E-01
DelSqRho = -4.5277029494E+00
GradDelSqRho = -2.4868995752E-14  6.2172489379E-15  2.1316282073E-14
HessDelSqRho_EigVals =  1.3028650186E+01  2.4306502139E+01  3.5198317558E+02
HessDelSqRho_EigVec1 =  1.1075145925E-01  9.7492888500E-01 -1.9299684833E-01
HessDelSqRho_EigVec2 =  7.6406289718E-01  4.0661119122E-02  6.4385911700E-01
HessDelSqRho_EigVec3 = -6.3556431887E-01  2.1877006784E-01  7.4040371014E-01
</CP of DelSqRho>
<CP of DelSqRho>
CP# = 18      
Type = (3,+3)
Coords =  7.86321176959017E-01 -3.95967124485891E+00  3.73190619830264E-01
DistFromNuc =  7.2948100879E-01
Rho =  7.4035252433E-01
DelSqRho = -2.9441842060E+00
GradDelSqRho =  7.6028072726E-13 -8.1179507561E-13  9.7788444009E-13
HessDelSqRho_EigVals =  9.8949856873E+00  2.3081291591E+01  1.3351345417E+02
HessDelSqRho_EigVec1 =  6.2559597468E-01  5.8688554950E-02 -7.7793658480E-01
HessDelSqRho_EigVec2 =  3.7110254688E-01  8.5473784562E-01  3.6291337116E-01
HessDelSqRho_EigVec3 =  6.8623070185E-01 -5.1573139209E-01  5.1294108341E-01
</CP of DelSqRho>
<CP of DelSqRho>
CP# = 19      
Type = (3,+3)
Coords =  6.65609478738166E-01 -3.36852655090509E+00 -4.69593338556205E-01
DistFromNuc =  6.3341958439E-01
Rho =  9.7704617429E-01
DelSqRho = -4.5443185126E+00
GradDelSqRho =  3.9079850467E-14  2.1316282073E-14 -5.3290705182E-14
HessDelSqRho_EigVals =  1.3195079046E+01  2.4413230278E+01  3.5383126536E+02
HessDelSqRho_EigVec1 = -2.6028241199E-01  9.4749790138E-01  1.8574389059E-01
HessDelSqRho_EigVec2 =  7.6065373880E-01  8.2734732042E-02  6.4386400253E-01
HessDelSqRho_EigVec3 = -5.9469232016E-01 -3.0887326041E-01  7.4225221680E-01
</CP of DelSqRho>
<CP of DelSqRho>
CP# = 20      
Type = (3,+3)
Coords = -1.37071306315304E-01 -4.03398210449444E+00 -3.71213144891747E-01
DistFromNuc =  7.2945524066E-01
Rho =  7.4041222802E-01
DelSqRho = -2.9448070899E+00
GradDelSqRho = -9.7699626167E-15  3.5527136788E-15 -7.1054273576E-15
HessDelSqRho_EigVals =  9.9005748822E+00  2.3085761172E+01  1.3354116712E+02
HessDelSqRho_EigVec1 =  6.2477342403E-01  3.2586383508E-02 -7.8012582077E-01
HessDelSqRho_EigVec2 =  4.9957361243E-01 -7.8453999043E-01  3.6731894748E-01
HessDelSqRho_EigVec3 =  6.0007030787E-01  6.1922139096E-01  5.0643903343E-01
</CP of DelSqRho>
<CP of DelSqRho>
CP# = 21      
Type = (3,+1)
Coords =  4.44939938252950E-01 -3.87869752699629E+00  6.06667225627557E-01
DistFromNuc =  6.9647277091E-01
Rho =  7.7401761743E-01
DelSqRho = -2.5445052284E+00
GradDelSqRho = -2.3314683517E-15  1.5987211555E-14  1.7763568394E-15
HessDelSqRho_EigVals = -1.2605886538E+01  1.4828231628E+01  1.7882447748E+02
HessDelSqRho_EigVec1 =  8.8847169840E-01 -3.6652933453E-01 -2.7617800069E-01
HessDelSqRho_EigVec2 =  4.4350713205E-01  8.4044182631E-01  3.1138233800E-01
HessDelSqRho_EigVec3 =  1.1798078215E-01 -3.9914130771E-01  9.0926715080E-01
</CP of DelSqRho>
<CP of DelSqRho>
CP# = 22      
Type = (3,+1)
Coords =  1.87446497294128E-01 -3.90290214135864E+00 -6.06667028828601E-01
DistFromNuc =  6.9652777195E-01
Rho =  7.7384316832E-01
DelSqRho = -2.5433422269E+00
GradDelSqRho =  5.9952043330E-15  3.5527136788E-15  3.5527136788E-15
HessDelSqRho_EigVals = -1.2654106223E+01  1.4838034312E+01  1.7881385070E+02
HessDelSqRho_EigVec1 =  8.2076667058E-01  4.9724393067E-01 -2.8123041420E-01
HessDelSqRho_EigVec2 = -5.6843744217E-01  7.5979224248E-01 -3.1558615718E-01
HessDelSqRho_EigVec3 =  5.6753385798E-02  4.1888449682E-01  9.0626421728E-01
</CP of DelSqRho>
<CP of DelSqRho>
CP# = 23      
Type = (3,-3)
Coords =  1.09359843502107E+00 -3.08998178529507E+00  6.44091643771169E-01
DistFromNuc =  1.1373041013E+00
Rho =  2.4622031656E-01
DelSqRho =  8.5807038343E-01
GradDelSqRho =  2.1094237468E-15  2.1094237468E-15  9.9920072216E-16
HessDelSqRho_EigVals = -1.7814871373E+01 -1.9495338042E+00 -5.3614930525E-01
HessDelSqRho_EigVec1 =  6.8552850897E-01  4.6503864184E-01  5.6016937169E-01
HessDelSqRho_EigVec2 =  3.8741246697E-01 -8.8444463308E-01  2.6013318022E-01
HessDelSqRho_EigVec3 = -6.1641077524E-01 -3.8687887038E-02  7.8647377806E-01
</CP of DelSqRho>
<CP of DelSqRho>
CP# = 24      
Type = (3,-3)
Coords = -5.73530963197933E-01 -3.22425546087470E+00 -6.49819374619428E-01
DistFromNuc =  1.1373388933E+00
Rho =  2.4622949003E-01
DelSqRho =  8.5790162804E-01
GradDelSqRho =  1.0447753773E-12 -4.5413672822E-13  2.7655655543E-13
HessDelSqRho_EigVals = -1.7809545726E+01 -1.9531787741E+00 -5.3420575035E-01
HessDelSqRho_EigVec1 =  7.4871922163E-01 -3.4957277107E-01  5.6322145280E-01
HessDelSqRho_EigVec2 =  2.4581897236E-01  9.3548673551E-01  2.5384562338E-01
HessDelSqRho_EigVec3 = -6.1562371624E-01 -5.1608578814E-02  7.8634851981E-01
</CP of DelSqRho>
<CP of DelSqRho>
CP# = 25      
Type = (3,+1)
Coords =  1.89553930111497E-01 -2.33913697191881E+00  2.84623203415596E-03
DistFromNuc =  1.2400658039E+00
Rho =  2.3871777054E-01
DelSqRho =  4.5151568311E-01
GradDelSqRho = -3.4694469520E-17  1.2212453271E-15  1.2739375527E-16
HessDelSqRho_EigVals = -9.9687149209E+00  2.8243287814E-01  7.1173648155E-01
HessDelSqRho_EigVec1 = -8.2950965751E-02  9.9654785844E-01  3.3916262720E-03
HessDelSqRho_EigVec2 = -5.6514572536E-01 -4.9844403504E-02  8.2348396739E-01
HessDelSqRho_EigVec3 =  8.2081023775E-01  6.6392027286E-02  5.6732940372E-01
</CP of DelSqRho>
<CP of DelSqRho>
CP# = 26      
Type = (3,-1)
Coords =  2.11820308774441E-01 -3.73624493498232E+00  1.17667684830224E+00
DistFromNuc =  1.1916317107E+00
Rho =  2.4573451268E-01
DelSqRho =  7.1593542873E-01
GradDelSqRho =  2.2939983246E-14  1.4752088440E-14 -2.3517299219E-13
HessDelSqRho_EigVals = -1.7306390260E+01 -1.2037721313E+00  2.9418944136E-01
HessDelSqRho_EigVec1 = -7.8025485121E-02 -1.1634815909E-01  9.9013894457E-01
HessDelSqRho_EigVec2 =  7.8806240009E-01 -6.1551043453E-01 -1.0225388006E-02
HessDelSqRho_EigVec3 =  6.1063055708E-01  7.7949343221E-01  1.3971510975E-01
</CP of DelSqRho>
<CP of DelSqRho>
CP# = 27      
Type = (3,-1)
Coords =  3.96933149843745E-01 -3.73114303043279E+00 -1.17788348498032E+00
DistFromNuc =  1.1915708949E+00
Rho =  2.4572106186E-01
DelSqRho =  7.1649847099E-01
GradDelSqRho =  5.5691562473E-14 -1.3179041192E-13  1.0348388813E-12
HessDelSqRho_EigVals = -1.7321070587E+01 -1.2004080126E+00  2.9253568409E-01
HessDelSqRho_EigVec1 = -9.4926434853E-02  1.1082168913E-01  9.8929647992E-01
HessDelSqRho_EigVec2 =  6.8454031467E-01  7.2880034379E-01 -1.5956706479E-02
HessDelSqRho_EigVec3 =  7.2276796384E-01 -6.7569861041E-01  1.4504433230E-01
</CP of DelSqRho>
<CP of DelSqRho>
CP# = 28      
Type = (3,-3)
Coords =  3.91081411369662E-01 -4.72698915265566E+00 -8.36322168553175E-03
DistFromNuc =  1.1563058003E+00
Rho =  2.5282920616E-01
DelSqRho =  8.7293427943E-01
GradDelSqRho = -9.7491459350E-15  6.8722805224E-14  4.8103881989E-15
HessDelSqRho_EigVals = -1.6864756733E+01 -4.1626567966E+00 -5.4133079366E-02
HessDelSqRho_EigVec1 = -8.5235405146E-02  9.9634228029E-01  6.0816286458E-03
HessDelSqRho_EigVec2 =  7.7176227680E-01  6.2159979322E-02  6.3286580338E-01
HessDelSqRho_EigVec3 = -6.3017292374E-01 -5.8636144724E-02  7.7423761773E-01
</CP of DelSqRho>
<CP of DelSqRho>
CP# = 29      
Type = (3,-1)
Coords = -8.07423416661090E-01 -3.85436544920615E+00  3.63157796843607E-01
DistFromNuc =  1.1918740849E+00
Rho =  2.4598398123E-01
DelSqRho =  7.1670226668E-01
GradDelSqRho =  1.3877787808E-15  1.3877787808E-16  2.7755575616E-17
HessDelSqRho_EigVals = -1.7554732964E+01 -1.0711829013E+00  3.0390948756E-01
HessDelSqRho_EigVec1 =  9.2319169382E-01  2.1808638462E-01 -3.1647341958E-01
HessDelSqRho_EigVec2 =  9.6976428234E-02  6.6460123528E-01  7.4087837762E-01
HessDelSqRho_EigVec3 = -3.7190411241E-01  7.1466322621E-01 -5.9240510149E-01
</CP of DelSqRho>
<CP of DelSqRho>
CP# = 30      
Type = (3,-1)
Coords =  1.42278660549309E+00 -3.68426331897755E+00 -3.63129480157943E-01
DistFromNuc =  1.1918951849E+00
Rho =  2.4595921920E-01
DelSqRho =  7.1671502577E-01
GradDelSqRho = -7.7160500211E-15  5.3776427755E-16  2.7894353494E-15
HessDelSqRho_EigVals = -1.7557347534E+01 -1.0655398704E+00  3.0391678205E-01
HessDelSqRho_EigVec1 =  9.4627778925E-01 -7.5638846477E-02 -3.1438369945E-01
HessDelSqRho_EigVec2 =  1.9705986696E-01 -6.3595140586E-01  7.4614557441E-01
HessDelSqRho_EigVec3 =  2.5637034620E-01  7.6801339460E-01  5.8688130939E-01
</CP of DelSqRho>
<CP of DelSqRho>
CP# = 31      
Type = (3,+1)
Coords =  1.97107604697965E+00 -4.64797056364977E+00  1.95760981731651E-01
DistFromNuc =  2.0020149584E+00
Rho =  7.4740560368E-02
DelSqRho =  1.7935763763E-01
GradDelSqRho = -3.3764310792E-13  3.8610954711E-13  1.8304802119E-14
HessDelSqRho_EigVals = -1.6299263576E+00  3.8667907396E-02  5.8903766312E-01
HessDelSqRho_EigVec1 =  8.3901937382E-01 -4.2419332910E-01 -3.4074405336E-01
HessDelSqRho_EigVec2 =  5.0634998254E-01  8.3793767225E-01  2.0364221717E-01
HessDelSqRho_EigVec3 =  1.9913860886E-01 -3.4339551100E-01  9.1783622585E-01
</CP of DelSqRho>
<CP of DelSqRho>
CP# = 32      
Type = (3,+1)
Coords = -1.19835455469357E+00 -4.89887006277300E+00 -1.86081459211022E-01
DistFromNuc =  2.0023679941E+00
Rho =  7.4722823498E-02
DelSqRho =  1.7922459643E-01
GradDelSqRho = -3.3306690739E-16 -2.8449465006E-16  1.1796119637E-16
HessDelSqRho_EigVals = -1.6282443548E+00  3.8694199263E-02  5.8907946403E-01
HessDelSqRho_EigVec1 =  7.6074430848E-01  5.4927062221E-01 -3.4578878045E-01
HessDelSqRho_EigVec2 = -6.3229413362E-01  7.4744985191E-01 -2.0377155707E-01
HessDelSqRho_EigVec3 =  1.4653404280E-01  3.7365826963E-01  9.1591881291E-01
</CP of DelSqRho>
<CP of DelSqRho>
CP# = 33      
Type = (3,+1)
Coords =  8.66481829210552E-01 -4.72571152123541E+00  1.52662146076049E+00
DistFromNuc =  1.9970405150E+00
Rho =  7.5093353993E-02
DelSqRho =  1.8254234208E-01
GradDelSqRho = -2.4633073359E-16 -2.0556473190E-16  2.4286128664E-16
HessDelSqRho_EigVals = -1.6802789852E+00  3.3199728630E-02  5.8554739582E-01
HessDelSqRho_EigVec1 = -1.6347171671E-01 -4.9126318857E-01  8.5553344610E-01
HessDelSqRho_EigVec2 =  2.4426145312E-01  8.2004355169E-01  5.1755667888E-01
HessDelSqRho_EigVec3 =  9.5583123006E-01 -2.9357972153E-01  1.4057266870E-02
</CP of DelSqRho>
<CP of DelSqRho>
CP# = 34      
Type = (3,+1)
Coords = -9.90000426039433E-02 -4.81154309063989E+00 -1.51936172853599E+00
DistFromNuc =  1.9967943428E+00
Rho =  7.5108524653E-02
DelSqRho =  1.8268410560E-01
GradDelSqRho = -1.4918621893E-16  3.5995512127E-17  1.3877787808E-16
HessDelSqRho_EigVals = -1.6832439109E+00  3.3025155538E-02  5.8531414504E-01
HessDelSqRho_EigVec1 = -2.3709959718E-01  4.6615220750E-01  8.5234142247E-01
HessDelSqRho_EigVec2 = -3.6806302008E-01  7.6885008042E-01 -5.2287586203E-01
HessDelSqRho_EigVec3 =  8.9906250854E-01  4.3768901436E-01  1.0720655053E-02
</CP of DelSqRho>
<Path of -GradDelSqRho>
Starting CP# =      3
Ending CP# =      0
Number of Points =     29
  1.0538239089E+00 -4.1959233730E+00  5.8978824829E-01  4.1901146342E-01 -9.9089427642E-01
  1.0703530714E+00 -4.2095442119E+00  6.0268241500E-01  4.0861078708E-01 -1.0010514483E+00
  1.0868811256E+00 -4.2231655014E+00  6.1557752627E-01  3.9923354985E-01 -1.0314617975E+00
  1.1034081006E+00 -4.2367870732E+00  6.2847372262E-01  3.9085184379E-01 -1.0821436605E+00
  1.1199341140E+00 -4.2504086512E+00  6.4137114460E-01  3.8343289855E-01 -1.1532366269E+00
  1.1364593397E+00 -4.2640299130E+00  6.5426990974E-01  3.7693919642E-01 -1.2449124106E+00
  1.1529839722E+00 -4.2776505565E+00  6.6717008768E-01  3.7132850629E-01 -1.3571948169E+00
  1.1695081882E+00 -4.2912703731E+00  6.8007167211E-01  3.6655396056E-01 -1.4896574161E+00
  1.1860321043E+00 -4.3048893308E+00  6.9297454735E-01  3.6256439186E-01 -1.6409739607E+00
  1.2025557297E+00 -4.3185076718E+00  7.0587844553E-01  3.5930526892E-01 -1.8083351318E+00
  1.2190789098E+00 -4.3321260387E+00  7.1878288683E-01  3.5672070912E-01 -1.9868412254E+00
  1.2356012513E+00 -4.3457456464E+00  7.3168709213E-01  3.5475714807E-01 -2.1691537893E+00
  1.2521220316E+00 -4.3593685004E+00  7.4458986952E-01  3.5336921564E-01 -2.3459286140E+00
  1.2686401664E+00 -4.3729974588E+00  7.5748958690E-01  3.5252805231E-01 -2.5077799320E+00
  1.2851547209E+00 -4.3866349153E+00  7.7038490639E-01  3.5223154003E-01 -2.6495733029E+00
  1.3016675215E+00 -4.4002762136E+00  7.8327840838E-01  3.5251463764E-01 -2.7774826292E+00
  1.3181869406E+00 -4.4139002556E+00  7.9618166965E-01  3.5345634893E-01 -2.9182963871E+00
  1.3347208587E+00 -4.4274873376E+00  8.0910531377E-01  3.5517823329E-01 -3.1289652801E+00
  1.3512673310E+00 -4.4410425563E+00  8.2204634268E-01  3.5782850331E-01 -3.5027324996E+00
  1.3678211843E+00 -4.4545791045E+00  8.3499747302E-01  3.6154678507E-01 -4.1670332917E+00
  1.3843790608E+00 -4.4681055315E+00  8.4795403476E-01  3.6640810571E-01 -5.2683491357E+00
  1.4009392467E+00 -4.4816261961E+00  8.6091365947E-01  3.7235074576E-01 -6.9408452201E+00
  1.4175008805E+00 -4.4951432880E+00  8.7387516053E-01  3.7910078071E-01 -9.2594605904E+00
  1.4340635146E+00 -4.5086579482E+00  8.8683791922E-01  3.8611464000E-01 -1.2184854827E+01
  1.4506269113E+00 -4.5221707888E+00  8.9980160024E-01  3.9256654248E-01 -1.5516953479E+01
  1.4671909533E+00 -4.5356821296E+00  9.1276602017E-01  3.9740548096E-01 -1.8882058845E+01
  1.4837556116E+00 -4.5491920929E+00  9.2573108806E-01  3.9949209893E-01 -2.1777562655E+01
  1.5003209809E+00 -4.5627005719E+00  9.3869679418E-01  3.9779925098E-01 -2.3680582777E+01
  1.5135743717E+00 -4.5735053749E+00  9.4907002234E-01  3.9323918426E-01 -2.4214099935E+01
</Path of -GradDelSqRho>
<Path of -GradDelSqRho>
Starting CP# =      3
Ending CP# =     18
Number of Points =     17
  1.0538239089E+00 -4.1959233730E+00  5.8978824829E-01  4.1901146342E-01 -9.9089427642E-01
  1.0372937581E+00 -4.1823029773E+00  5.7689488030E-01  4.3045836778E-01 -1.0011162053E+00
  1.0207628084E+00 -4.1686828415E+00  5.6400226219E-01  4.4296875582E-01 -1.0319600895E+00
  1.0042314552E+00 -4.1550625042E+00  5.5111037437E-01  4.5655379328E-01 -1.0837168647E+00
  9.8770029074E-01 -4.1414411908E+00  5.3821927579E-01  4.7121789909E-01 -1.1566200079E+00
  9.7117013835E-01 -4.1278177549E+00  5.2532912233E-01  4.8695805276E-01 -1.2507067376E+00
  9.5464210085E-01 -4.1141906011E+00  5.1244018701E-01  5.0376315330E-01 -1.3656498156E+00
  9.3811763396E-01 -4.1005575743E+00  4.9955288446E-01  5.2161353748E-01 -1.5005653757E+00
  9.2159866254E-01 -4.0869157904E+00  4.8666780391E-01  5.4048078467E-01 -1.6538043075E+00
  9.0508777072E-01 -4.0732613659E+00  4.7378575763E-01  5.6032795135E-01 -1.8227367597E+00
  8.8858852595E-01 -4.0595889645E+00  4.6090785766E-01  5.8111038979E-01 -2.0035405716E+00
  8.7210606270E-01 -4.0458909915E+00  4.4803564627E-01  6.0277731070E-01 -2.1910037095E+00
  8.5564822106E-01 -4.0321560437E+00  4.3517133862E-01  6.2527424397E-01 -2.3783459870E+00
  8.3922803061E-01 -4.0183655785E+00  4.2231833016E-01  6.4854652341E-01 -2.5570525408E+00
  8.2287009816E-01 -4.0044854990E+00  4.0948245344E-01  6.7254379487E-01 -2.7166838581E+00
  8.0663199804E-01 -3.9904386923E+00  3.9667604600E-01  6.9722475959E-01 -2.8445744804E+00
  7.8632117696E-01 -3.9596712449E+00  3.7319061983E-01  7.4035252433E-01 -2.9441842060E+00
</Path of -GradDelSqRho>
<Path of -GradDelSqRho>
Starting CP# =      4
Ending CP# =     20
Number of Points =     17
 -3.6480411964E-01 -4.3101755568E+00 -5.8612457129E-01  4.1901586241E-01 -9.9097128794E-01
 -3.5055856576E-01 -4.2940773128E+00 -5.7336092231E-01  4.3046295327E-01 -1.0011941512E+00
 -3.3631223059E-01 -4.2779791354E+00 -5.6059806144E-01  4.4297360168E-01 -1.0320409138E+00
 -3.2206559294E-01 -4.2618806371E+00 -5.4783594298E-01  4.5655897819E-01 -1.0838026567E+00
 -3.0781937557E-01 -4.2457811537E+00 -5.3507459801E-01  4.7122350650E-01 -1.1567130496E+00
 -2.9357458912E-01 -4.2296796913E+00 -5.2231415261E-01  4.8696417089E-01 -1.2508095582E+00
 -2.7933259294E-01 -4.2135748577E+00 -5.0955484709E-01  5.0376987502E-01 -1.3657652496E+00
 -2.6509518674E-01 -4.1974647648E+00 -4.9679705863E-01  5.2162096016E-01 -1.5006966258E+00
 -2.5086475467E-01 -4.1813468804E+00 -4.8404133084E-01  5.4048900988E-01 -1.6539550116E+00
 -2.3664450030E-01 -4.1652177915E+00 -4.7128841637E-01  5.6033708439E-01 -1.8229110639E+00
 -2.2243884575E-01 -4.1490728091E+00 -4.5853934314E-01  5.8112053913E-01 -2.0037432138E+00
 -2.0825414939E-01 -4.1329052678E+00 -4.4579552572E-01  6.0278858708E-01 -2.1912401214E+00
 -1.9410010246E-01 -4.1167051800E+00 -4.3305896964E-01  6.2528675922E-01 -2.3786224286E+00
 -1.7999276913E-01 -4.1004563505E+00 -4.2033269398E-01  6.4856038853E-01 -2.5573762956E+00
 -1.6596238122E-01 -4.0841291086E+00 -4.0762176697E-01  6.7255911587E-01 -2.7170635423E+00
 -1.5207932612E-01 -4.0676566880E+00 -3.9493662568E-01  6.9724162167E-01 -2.8450206043E+00
 -1.3707130632E-01 -4.0339821045E+00 -3.7121314489E-01  7.4041222802E-01 -2.9448070899E+00
</Path of -GradDelSqRho>
<Path of -GradDelSqRho>
Starting CP# =      4
Ending CP# =      0
Number of Points =     29
 -3.6480411964E-01 -4.3101755568E+00 -5.8612457129E-01  4.1901586241E-01 -9.9097128794E-01
 -3.7904866064E-01 -4.3262740162E+00 -5.9888907888E-01  4.0861506869E-01 -1.0011293650E+00
 -3.9329205566E-01 -4.3423726746E+00 -6.1165461447E-01  3.9923777840E-01 -1.0315423839E+00
 -4.0753434596E-01 -4.3584713687E+00 -6.2442133742E-01  3.9085607882E-01 -1.0822286201E+00
 -4.2177567840E-01 -4.3745698451E+00 -6.3718940324E-01  3.8343719471E-01 -1.1533275932E+00
 -4.3601626449E-01 -4.3906678154E+00 -6.4995893970E-01  3.7694360342E-01 -1.2450109018E+00
 -4.5025633547E-01 -4.4067650158E+00 -6.6273002099E-01  3.7133306880E-01 -1.3573021369E+00
 -4.6449609345E-01 -4.4228612742E+00 -6.7550263848E-01  3.6655871824E-01 -1.4897744803E+00
 -4.7873565794E-01 -4.4389565850E+00 -6.8827666582E-01  3.6256937955E-01 -1.6411010360E+00
 -4.9297500510E-01 -4.4550511984E+00 -7.0105181394E-01  3.5931051734E-01 -1.8084715059E+00
 -5.0721389374E-01 -4.4711457365E+00 -7.1382756808E-01  3.5672624618E-01 -1.9869848915E+00
 -5.2145176772E-01 -4.4872413524E+00 -7.2660309525E-01  3.5476300131E-01 -2.1693013409E+00
 -5.3568763500E-01 -4.5033399321E+00 -7.3937712409E-01  3.5337541600E-01 -2.3460756835E+00
 -5.4992002747E-01 -4.5194441508E+00 -7.5214791637E-01  3.5253463922E-01 -2.5079226177E+00
 -5.6414768925E-01 -4.5355562417E+00 -7.6491404969E-01  3.5223856748E-01 -2.6497110027E+00
 -5.7837307543E-01 -4.5516718542E+00 -7.7767827386E-01  3.5252217986E-01 -2.7776224122E+00
 -5.9260739732E-01 -4.5677713193E+00 -7.9045290420E-01  3.5346450375E-01 -2.9184584312E+00
 -6.0686118060E-01 -4.5838363009E+00 -8.0324922584E-01  3.5518712034E-01 -3.1291880834E+00
 -6.2113179352E-01 -4.5998715790E+00 -8.1606403705E-01  3.5783825335E-01 -3.5030757133E+00
 -6.3541229142E-01 -4.6158894618E+00 -8.2888958921E-01  3.6155751812E-01 -4.1675754794E+00
 -6.4969816844E-01 -4.6318979205E+00 -8.4172091658E-01  3.6641989766E-01 -5.2691779290E+00
 -6.6398712520E-01 -4.6479010184E+00 -8.5455550147E-01  3.7236358677E-01 -6.9420383973E+00
 -6.7827800583E-01 -4.6639007969E+00 -8.6739208272E-01  3.7911453318E-01 -9.2610589758E+00
 -6.9257020882E-01 -4.6798983198E+00 -8.8023000293E-01  3.8612900839E-01 -1.2186832042E+01
 -7.0686341414E-01 -4.6958941584E+00 -8.9306890581E-01  3.9258106981E-01 -1.5519192917E+01
 -7.2115746103E-01 -4.7118886129E+00 -9.0590859624E-01  3.9741958419E-01 -1.8884351892E+01
 -7.3545230425E-01 -4.7278818016E+00 -9.1874897675E-01  3.9950514619E-01 -2.1779639388E+01
 -7.4974805310E-01 -4.7438736371E+00 -9.3159003446E-01  3.9781066857E-01 -2.3682174203E+01
 -7.6118600711E-01 -4.7566653394E+00 -9.4186357119E-01  3.9324899474E-01 -2.4215158408E+01
</Path of -GradDelSqRho>
<Path of -GradDelSqRho>
Starting CP# =      6
Ending CP# =      1
Number of Points =      7
  4.0002238544E-01 -3.6117996893E+00 -1.2534510662E-01  2.2577273476E+01  1.2312080406E+03
  3.8403723862E-01 -3.6064079526E+00 -1.0689506933E-01  3.2814048767E+01  9.7874898223E+02
  3.6805698233E-01 -3.6009656668E+00 -8.8455632524E-02  4.8071569743E+01 -8.0548169728E+02
  3.5207890085E-01 -3.5955011220E+00 -7.0020892275E-02  7.0739389515E+01 -6.4116407499E+03
  3.3610241424E-01 -3.5900203348E+00 -5.1589593212E-02  1.0439162759E+02 -2.0714186622E+04
  3.2012857559E-01 -3.5845126840E+00 -3.3164006861E-02  1.5488285054E+02 -7.5587912697E+04
  2.9243886490E-01 -3.5749209747E+00 -1.2286032553E-03  2.9726765012E+02 -3.3290905853E+06
</Path of -GradDelSqRho>
<Path of -GradDelSqRho>
Starting CP# =      6
Ending CP# =     19
Number of Points =     32
  4.0002238544E-01 -3.6117996893E+00 -1.2534510662E-01  2.2577273476E+01  1.2312080406E+03
  4.1601323527E-01 -3.6171317058E+00 -1.4380755760E-01  1.5661658233E+01  1.1491753961E+03
  4.3200663772E-01 -3.6224368353E+00 -1.6227554810E-01  1.0973992344E+01  9.7934961449E+02
  4.4800068114E-01 -3.6277353408E+00 -1.8074488506E-01  7.8061933972E+00  7.7122508007E+02
  4.6399620275E-01 -3.6330182731E+00 -1.9921740160E-01  5.6736387681E+00  5.7052273428E+02
  4.7999464087E-01 -3.6382701253E+00 -2.1769625141E-01  4.2389155785E+00  4.0616549843E+02
  4.9599752669E-01 -3.6434740088E+00 -2.3618481445E-01  3.2710625375E+00  2.8338531940E+02
  5.1200634122E-01 -3.6486129305E+00 -2.5468640557E-01  2.6149890785E+00  1.9507274264E+02
  5.2802238272E-01 -3.6536710451E+00 -2.7320399754E-01  2.1672030252E+00  1.3204295739E+02
  5.4404683081E-01 -3.6586327869E+00 -2.9174037329E-01  1.8583173931E+00  8.7100842620E+01
  5.6008105643E-01 -3.6634789277E+00 -3.1029885156E-01  1.6415071870E+00  5.5344611047E+01
  5.7612700503E-01 -3.6681808344E+00 -3.2888425731E-01  1.4851622559E+00  3.3378903422E+01
  5.9218751850E-01 -3.6726934639E+00 -3.4750392273E-01  1.3681267355E+00  1.8652396888E+01
  6.0826655700E-01 -3.6769451805E+00 -3.6616884260E-01  1.2764667873E+00  9.1414976928E+00
  6.2436915351E-01 -3.6808196920E+00 -3.8489520701E-01  1.2011907614E+00  3.2469120945E+00
  6.4050024629E-01 -3.6841196366E+00 -4.0370623776E-01  1.1366318894E+00 -2.4473117439E-01
  6.5665857494E-01 -3.6864827921E+00 -4.2263242944E-01  1.0793453876E+00 -2.2053065373E+00
  6.7280513113E-01 -3.6871479479E+00 -4.4169526001E-01  1.0274908495E+00 -3.2281042552E+00
  6.8864237893E-01 -3.6840939870E+00 -4.6072417148E-01  9.8119981949E-01 -3.7001042831E+00
  7.0146666885E-01 -3.6711554269E+00 -4.7708553254E-01  9.4883851147E-01 -3.8840249231E+00
  7.0532036451E-01 -3.6476632996E+00 -4.8384013107E-01  9.4458229724E-01 -3.9861764372E+00
  7.0515091608E-01 -3.6227718332E+00 -4.8604817625E-01  9.5000110001E-01 -4.0777222387E+00
  7.0395574862E-01 -3.5978259862E+00 -4.8714270905E-01  9.5609013167E-01 -4.1621106108E+00
  7.0215781967E-01 -3.5728964074E+00 -4.8762254140E-01  9.6158576902E-01 -4.2388961698E+00
  6.9980193544E-01 -3.5480088262E+00 -4.8754192462E-01  9.6632813782E-01 -4.3076234248E+00
  6.9689114834E-01 -3.5231880806E+00 -4.8690473168E-01  9.7028775864E-01 -4.3679199456E+00
  6.9342568341E-01 -3.4984593370E+00 -4.8570998412E-01  9.7345306660E-01 -4.4195056317E+00
  6.8940680310E-01 -3.4738480003E+00 -4.8395562317E-01  9.7582040418E-01 -4.4621969223E+00
  6.8483777651E-01 -3.4493796479E+00 -4.8163825061E-01  9.7739328698E-01 -4.4959087663E+00
  6.7972523681E-01 -3.4250798952E+00 -4.7875210600E-01  9.7818218976E-01 -4.5206545307E+00
  6.7408203143E-01 -3.4009740725E+00 -4.7528673508E-01  9.7820428816E-01 -4.5365439391E+00
  6.6560947874E-01 -3.3685265509E+00 -4.6959333856E-01  9.7704617429E-01 -4.5443185126E+00
</Path of -GradDelSqRho>
<Path of -GradDelSqRho>
Starting CP# =      7
Ending CP# =     17
Number of Points =     32
  1.9183217009E-01 -3.6273506012E+00  1.2316513467E-01  2.2573912702E+01  1.2308521590E+03
  1.7685658411E-01 -3.6349956616E+00  1.4166607123E-01  1.5659557400E+01  1.1488710558E+03
  1.6187432990E-01 -3.6426146848E+00  1.6017235496E-01  1.0972634273E+01  9.7910355562E+02
  1.4689042225E-01 -3.6502272991E+00  1.7867993738E-01  7.8052574841E+00  7.7103224549E+02
  1.3190264657E-01 -3.6578248079E+00  1.9719059364E-01  5.6729207669E+00  5.7038474486E+02
  1.1690718381E-01 -3.6653921635E+00  2.1570737226E-01  4.2382885702E+00  4.0607735848E+02
  1.0189991035E-01 -3.6729129765E+00  2.3423353860E-01  3.2704525707E+00  2.8333656681E+02
  8.6876736493E-02 -3.6803707496E+00  2.5277229272E-01  2.6143572335E+00  1.9505251537E+02
  7.1833931155E-02 -3.6877500915E+00  2.7132650107E-01  2.1665325548E+00  1.3204243516E+02
  5.6767924638E-02 -3.6950358729E+00  2.8989884316E-01  1.8576050664E+00  8.7113420785E+01
  4.1674393089E-02 -3.7022093957E+00  3.0849251082E-01  1.6407576246E+00  5.5365368064E+01
  2.6546992851E-02 -3.7092428057E+00  3.2711214105E-01  1.4843841886E+00  3.3404148110E+01
  1.1375960550E-02 -3.7160922603E+00  3.4576477226E-01  1.3673304896E+00  1.8679420198E+01
 -3.8536785112E-03 -3.7226879722E+00  3.6446093696E-01  1.2756625872E+00  9.1684253685E+00
 -1.9164856341E-02 -3.7289164980E+00  3.8321608788E-01  1.2003875655E+00  3.2725671275E+00
 -3.4592941328E-02 -3.7345849239E+00  4.0205223314E-01  1.1358364389E+00 -2.2098070423E-01
 -5.0192704656E-02 -3.7393380905E+00  4.2099777219E-01  1.0785607888E+00 -2.1836968934E+00
 -6.6043709994E-02 -3.7424257140E+00  4.4007041841E-01  1.0267120651E+00 -3.2085903626E+00
 -8.2169355071E-02 -3.7418327928E+00  4.5909472745E-01  9.8038815523E-01 -3.6823661551E+00
 -9.6905053864E-02 -3.7311169088E+00  4.7546468691E-01  9.4777622025E-01 -3.8670512358E+00
 -1.0443516828E-01 -3.7085291845E+00  4.8217747674E-01  9.4328671056E-01 -3.9688185056E+00
 -1.0815440397E-01 -3.6839065285E+00  4.8426742098E-01  9.4864820324E-01 -4.0599318371E+00
 -1.1085959923E-01 -3.6590736609E+00  4.8523266989E-01  9.5470901064E-01 -4.1439740895E+00
 -1.1296547508E-01 -3.6341660312E+00  4.8558178473E-01  9.6018430546E-01 -4.2205073341E+00
 -1.1451329060E-01 -3.6092159247E+00  4.8537010127E-01  9.6491203325E-01 -4.2890800012E+00
 -1.1550245339E-01 -3.5842483644E+00  4.8460160922E-01  9.6886257239E-01 -4.3493222190E+00
 -1.1592949075E-01 -3.5592882719E+00  4.8327532196E-01  9.7202436814E-01 -4.4009550832E+00
 -1.1579195593E-01 -3.5343609693E+00  4.8138912403E-01  9.7439373954E-01 -4.4437948421E+00
 -1.1508940257E-01 -3.5094922674E+00  4.7893951680E-01  9.7597413092E-01 -4.4777548694E+00
 -1.1382472912E-01 -3.4847085493E+00  4.7592061081E-01  9.7677589817E-01 -4.5028456060E+00
 -1.1200694076E-01 -3.4600369048E+00  4.7232188159E-01  9.7681605181E-01 -4.5191725597E+00
 -1.0849254198E-01 -3.4249185973E+00  4.6609871617E-01  9.7559294143E-01 -4.5277029494E+00
</Path of -GradDelSqRho>
<Path of -GradDelSqRho>
Starting CP# =      7
Ending CP# =      1
Number of Points =      7
  1.9183217009E-01 -3.6273506012E+00  1.2316513467E-01  2.2573912702E+01  1.2308521590E+03
  2.0679288950E-01 -3.6196476250E+00  1.0467620132E-01  3.2808567664E+01  9.7863180091E+02
  2.2174095456E-01 -3.6118956027E+00  8.6197527203E-02  4.8062629962E+01 -8.0422835186E+02
  2.3668342535E-01 -3.6041219820E+00  6.7723400060E-02  7.0725120869E+01 -6.4076740636E+03
  2.5162181097E-01 -3.5963326204E+00  4.9252600995E-02  1.0436881439E+02 -2.0699394850E+04
  2.6655342619E-01 -3.5885172108E+00  3.0787330622E-02  1.5484731695E+02 -7.5538056164E+04
  2.9243886490E-01 -3.5749209747E+00 -1.2286032553E-03  2.9726765012E+02 -3.3290905853E+06
</Path of -GradDelSqRho>
<Path of -GradDelSqRho>
Starting CP# =     13
Ending CP# =     17
Number of Points =     35
  2.3998368029E-01 -2.9042239364E+00 -3.2320399828E-03  8.3418018222E-01 -3.2533277560E+00
  2.3391588072E-01 -2.9053124461E+00  4.2792301527E-03  8.3505514082E-01 -3.2536174796E+00
  2.2187795807E-01 -2.9062921091E+00  1.9064514469E-02  8.3449402085E-01 -3.2561925407E+00
  2.0627919329E-01 -2.9091856833E+00  3.8382111916E-02  8.3520125906E-01 -3.2633128308E+00
