 AIMInt (Version 19.02.13, Professional)
 Portions Copyright (c) 1997-2019 by Todd A. Keith
 AIMInt is a component of the AIMAll package ( http://aim.tkgristmill.com )

 TP:  64-bit Linux

 Licensed To:  Research Group of Fernando Cortes Guzman, UNAM, fercor@unam.mx

 AIMInt is a heavily modified and extended version of the PROAIMV program
 developed by members of R.F.W. Bader's research group

 Much of the Quantum Theory of Atoms in Molecules (QTAIM) is described in the book:
   "Atoms in Molecules - A Quantum Theory"
   R.F.W. Bader, Oxford University Press, Oxford, 1990

 For additional references see:  http://aim.tkgristmill.com/references.html

 Current Directory:  /home/scratch/M_H2O_4_cuadrado_plano/Opt

 Inp File:  Ni2_cuadrado_plano_cc-pvtz-def2-tzv_1_atomicfiles/o6.inp
 Wfx File:  Ni2_cuadrado_plano_cc-pvtz-def2-tzv_1.wfx
 Out File:  Ni2_cuadrado_plano_cc-pvtz-def2-tzv_1_atomicfiles/o6.int

 Wfx Title:   Ni2_cuadrado_plano_cc-pvtz-def2-tzv_1                                         
 Job Title:   Ni2_cuadrado_plano_cc-pvtz-def2-tzv_1                                         
 
<Atom>
O6      
</Atom>
<Nuclei of Molecule>
    13
Ni1       28.0           1.9231592417E-03  -2.8835789311E-03   1.3441095153E-04
O2         8.0          -3.5896789891E+00  -2.9380304675E-01  -1.5977600892E-03
H3         1.0          -4.7752209329E+00   7.4904074049E-01  -9.6668301345E-01
O4         8.0           2.9243884085E-01  -3.5749206459E+00  -1.2286062530E-03
H5         1.0           1.5196059141E+00  -4.5783961773E+00   9.5380119496E-01
O6         8.0           3.5838409284E+00   2.8742958883E-01   1.2083334975E-03
H7         1.0           4.5854821252E+00   1.5164977797E+00   9.5558903123E-01
O8         8.0          -2.9008020618E-01   3.5873206114E+00   9.7474760076E-04
H9         1.0          -1.5144464522E+00   4.5888441388E+00   9.6125658327E-01
H10        1.0          -4.5955259758E+00  -1.5033087514E+00   9.7295913912E-01
H11        1.0          -7.6638785835E-01  -4.7624527561E+00  -9.4654468107E-01
H12        1.0           4.7717598026E+00  -7.5305267213E-01  -9.6366768876E-01
H13        1.0           7.4872032678E-01   4.7753558470E+00  -9.6532778999E-01
</Nuclei of Molecule>
<Total Number of CPs of DelSqRho>
    34
</Total Number of CPs of DelSqRho>
<Number of (3,+3) CPs of DelSqRho>
     5
</Number of (3,+3) CPs of DelSqRho>
<Number of (3,+1) CPs of DelSqRho>
    14
</Number of (3,+1) CPs of DelSqRho>
<Number of (3,-1) CPs of DelSqRho>
    10
</Number of (3,-1) CPs of DelSqRho>
<Number of (3,-3) CPs of DelSqRho>
     5
</Number of (3,-3) CPs of DelSqRho>
<Number of Degenerate CPs of DelSqRho>
     0
</Number of Degenerate CPs of DelSqRho>
<CP of DelSqRho>
CP# = 1       
Type = (3,+3)
Coords =  3.58384125748315E+00  2.87429618497346E-01  1.20833030886587E-03
DistFromNuc =  3.3044882640E-07
Rho =  2.9726929024E+02
DelSqRho = -3.3291106679E+06
GradDelSqRho =  1.8504713807E-05  6.3900188252E-08 -1.3406122434E-08
HessDelSqRho_EigVals =  1.3239159757E+11  1.3239161750E+11  1.3239162532E+11
HessDelSqRho_EigVec1 =  5.6502536359E-02 -6.4792031284E-01  7.5960959156E-01
HessDelSqRho_EigVec2 = -9.9642816779E-01 -8.4418275793E-02  2.1121417310E-03
HessDelSqRho_EigVec3 = -6.2756432464E-02  7.5701573492E-01  6.5037589690E-01
</CP of DelSqRho>
<CP of DelSqRho>
CP# = 2       
Type = (3,-1)
Coords =  2.01740404625159E+00  1.59061517265076E-01  3.35097042439409E-03
DistFromNuc =  1.5716893645E+00
Rho =  1.2364175938E-01
DelSqRho =  3.3270304347E-01
GradDelSqRho = -4.9613091413E-16 -1.4268100590E-16  1.7347234760E-18
HessDelSqRho_EigVals = -3.1046899608E-01 -2.7328976694E-01  4.1609497716E+00
HessDelSqRho_EigVec1 =  3.2736736588E-02 -4.0939185696E-01  9.1177114098E-01
HessDelSqRho_EigVec2 = -7.3649142810E-02  9.0879182307E-01  4.1069846127E-01
HessDelSqRho_EigVec3 =  9.9674676315E-01  8.0596090316E-02  4.0048081347E-04
</CP of DelSqRho>
<CP of DelSqRho>
CP# = 3       
Type = (3,+1)
Coords =  4.20375823782172E+00  1.05004271900987E+00  5.91720101004260E-01
DistFromNuc =  1.1465515272E+00
Rho =  4.1902990382E-01
DelSqRho = -9.9104306213E-01
GradDelSqRho =  1.9984014443E-15  5.6343818500E-15  7.8825834748E-15
HessDelSqRho_EigVals = -3.2596903175E+01  1.5191781585E+01  1.6266179828E+01
HessDelSqRho_EigVec1 =  5.4385959453E-01  6.6220852326E-01  5.1545767349E-01
HessDelSqRho_EigVec2 =  4.8998838006E-02 -6.3825334300E-01  7.6826543852E-01
HessDelSqRho_EigVec3 = -8.3774450480E-01  3.9257170284E-01  3.7956765249E-01
</CP of DelSqRho>
<CP of DelSqRho>
CP# = 4       
Type = (3,+1)
Coords =  4.31930203199612E+00 -3.58383445860056E-01 -5.95917974755825E-01
DistFromNuc =  1.1465327465E+00
Rho =  4.1902287927E-01
DelSqRho = -9.9090558744E-01
GradDelSqRho =  1.9495516312E-13 -1.6696366512E-13 -3.4474853527E-13
HessDelSqRho_EigVals = -3.2592260547E+01  1.5188884077E+01  1.6264543546E+01
HessDelSqRho_EigVec1 =  6.4417794875E-01 -5.5994428576E-01 -5.2105390046E-01
HessDelSqRho_EigVec2 =  6.4499531514E-02 -6.3903325915E-01  7.6647002820E-01
HessDelSqRho_EigVec3 = -7.6215128470E-01 -5.2735082302E-01 -3.7553498996E-01
</CP of DelSqRho>
<CP of DelSqRho>
CP# = 5       
Type = (3,-1)
Coords =  3.75208347025418E+00  3.01255834603816E-01  1.23054398525357E-03
DistFromNuc =  1.6880971080E-01
Rho =  2.2326553854E+01
DelSqRho =  1.2527843292E+03
GradDelSqRho =  4.3314685172E-11  3.4958702599E-12 -7.5495165675E-15
HessDelSqRho_EigVals = -4.0655193603E+05 -2.0809934161E+03  1.4992496280E+03
HessDelSqRho_EigVec1 =  9.9664338563E-01  8.1865311924E-02  1.8048227237E-04
HessDelSqRho_EigVec2 =  5.3065354645E-02 -6.4770300995E-01  7.6004268238E-01
HessDelSqRho_EigVec3 = -6.2338030180E-02  7.5748193484E-01  6.4987313253E-01
</CP of DelSqRho>
<CP of DelSqRho>
CP# = 6       
Type = (3,-1)
Coords =  3.41761066481719E+00  2.72925578687394E-01  1.65135379802253E-03
DistFromNuc =  1.6686240770E-01
Rho =  2.2757903368E+01
DelSqRho =  1.2962880126E+03
GradDelSqRho =  1.0345502233E-11 -1.5987211555E-13 -6.7612582200E-14
HessDelSqRho_EigVals = -4.5355206107E+05 -3.7121460591E+03  2.3852215000E+02
HessDelSqRho_EigVec1 =  9.9621046185E-01  8.6933816326E-02 -2.6883586311E-03
HessDelSqRho_EigVec2 =  5.8457490843E-02 -6.4636172455E-01  7.6078856642E-01
HessDelSqRho_EigVec3 = -6.4400601375E-02  7.5806268383E-01  6.4899424491E-01
</CP of DelSqRho>
<CP of DelSqRho>
CP# = 7       
Type = (3,+1)
Coords =  3.61924653459409E+00  3.96208331726295E-01 -1.22317024701634E-01
DistFromNuc =  1.6835939527E-01
Rho =  2.2573619945E+01
DelSqRho =  1.2308237399E+03
GradDelSqRho =  2.5295321393E-12 -5.4569682106E-12  5.0590642786E-12
HessDelSqRho_EigVals = -4.1166937113E+05  2.6640655114E+03  3.7141474801E+03
HessDelSqRho_EigVec1 = -2.0559808486E-01 -6.4654343475E-01  7.3465026678E-01
HessDelSqRho_EigVec2 =  9.7651149065E-01 -8.6091411996E-02  1.9751854953E-01
HessDelSqRho_EigVec3 = -6.4457242649E-02  7.5800386263E-01  6.4905732267E-01
</CP of DelSqRho>
<CP of DelSqRho>
CP# = 8       
Type = (3,+1)
Coords =  3.63779623631747E+00  1.86228830122146E-01  1.24442002726927E-01
DistFromNuc =  1.6834282298E-01
Rho =  2.2577212864E+01
DelSqRho =  1.2312046371E+03
GradDelSqRho =  7.5459638538E-12 -5.1727511163E-12  4.1495695768E-12
HessDelSqRho_EigVals = -4.1205472698E+05  2.6487928101E+03  3.7009832788E+03
HessDelSqRho_EigVec1 =  3.1593500752E-01 -6.0237962543E-01  7.3302377717E-01
HessDelSqRho_EigVec2 =  9.4683864245E-01  2.4958529139E-01 -2.0298711162E-01
HessDelSqRho_EigVec3 = -6.0676652753E-02  7.5818597269E-01  6.4920903769E-01
</CP of DelSqRho>
<CP of DelSqRho>
CP# = 9       
Type = (3,-3)
Coords =  3.44364903417197E+00  3.50988893618811E-01  6.60482918959061E-02
DistFromNuc =  1.6702626330E-01
Rho =  2.2699754883E+01
DelSqRho =  1.2969348829E+03
GradDelSqRho =  1.4367174117E-11 -3.7800873542E-12  6.7927885539E-12
HessDelSqRho_EigVals = -4.4989104901E+05 -3.9182249882E+03 -4.2020682844E+02
HessDelSqRho_EigVec1 =  8.4095354701E-01 -3.7852829928E-01 -3.8666970195E-01
HessDelSqRho_EigVec2 = -5.8090148832E-02  6.4730518985E-01 -7.6001416158E-01
HessDelSqRho_EigVec3 =  5.3798017284E-01  6.6159830550E-01  5.2236483016E-01
</CP of DelSqRho>
<CP of DelSqRho>
CP# = 10      
Type = (3,-3)
Coords =  3.45584381619623E+00  2.00982467872594E-01 -6.23629300155567E-02
DistFromNuc =  1.6702595905E-01
Rho =  2.2699924531E+01
DelSqRho =  1.2969198286E+03
GradDelSqRho = -9.5496943686E-12  2.5409008231E-11  2.3732127374E-11
HessDelSqRho_EigVals = -4.4989551997E+05 -3.9167959711E+03 -4.1672736587E+02
HessDelSqRho_EigVec1 =  7.6824033873E-01  5.1590468155E-01  3.7901074061E-01
HessDelSqRho_EigVec2 =  5.8234361514E-02 -6.4592060674E-01  7.6118022105E-01
HessDelSqRho_EigVec3 = -6.3750728708E-01  5.6269790237E-01  5.2626564545E-01
</CP of DelSqRho>
<CP of DelSqRho>
CP# = 11      
Type = (3,-1)
Coords =  4.31084373827323E+00  3.48572931471594E-01 -6.92919186043946E-04
DistFromNuc =  7.2957193525E-01
Rho =  6.5422188340E-01
DelSqRho = -8.6558852323E-01
GradDelSqRho =  4.0856207306E-14  3.3306690739E-15  5.6205040622E-16
HessDelSqRho_EigVals = -1.9152876444E+01 -7.3276409221E+00  1.2838310835E+02
HessDelSqRho_EigVec1 = -6.3415994514E-02  7.7319111630E-01  6.3099438137E-01
HessDelSqRho_EigVec2 =  5.4665966276E-02 -6.2862652849E-01  7.7578368107E-01
HessDelSqRho_EigVec3 =  9.9648885783E-01  8.3691011235E-02 -2.4022630065E-03
</CP of DelSqRho>
<CP of DelSqRho>
CP# = 12      
Type = (3,+1)
Coords =  2.91351306841921E+00  2.30682705551160E-01  3.43890393691771E-03
DistFromNuc =  6.7272923532E-01
Rho =  8.3389104102E-01
DelSqRho = -3.2498962940E+00
GradDelSqRho = -5.5955240441E-14 -5.4400928207E-15  1.1796119637E-16
HessDelSqRho_EigVals = -6.9372450860E+00  1.8517071635E+01  2.3000484089E+02
HessDelSqRho_EigVec1 =  5.6780190700E-02 -6.3655995447E-01  7.6913421086E-01
HessDelSqRho_EigVec2 = -6.2824236495E-02  7.6657226920E-01  6.3907751596E-01
HessDelSqRho_EigVec3 =  9.9640811180E-01  8.4607212787E-02 -3.5347265074E-03
</CP of DelSqRho>
<CP of DelSqRho>
CP# = 13      
Type = (3,-1)
Coords =  3.28254704625360E+00  7.76410898829759E-01  4.32528771141792E-01
DistFromNuc =  7.1827435209E-01
Rho =  6.6402698266E-01
DelSqRho = -9.1767071428E-01
GradDelSqRho =  8.8817841970E-15 -2.8421709430E-14 -1.4210854715E-14
HessDelSqRho_EigVals = -1.5556289446E+01 -1.2547479118E+01  1.4032367800E+02
HessDelSqRho_EigVec1 =  8.8990365033E-01  4.0817803968E-01  2.0362264377E-01
HessDelSqRho_EigVec2 =  1.0512324061E-01 -6.1789753060E-01  7.7919942631E-01
HessDelSqRho_EigVec3 = -4.4387002311E-01  6.7200694163E-01  5.9277826628E-01
</CP of DelSqRho>
<CP of DelSqRho>
CP# = 14      
Type = (3,-1)
Coords =  3.36625318707721E+00 -2.44966714164021E-01 -4.29026336051343E-01
DistFromNuc =  7.1825630488E-01
Rho =  6.6405283631E-01
DelSqRho = -9.1781616069E-01
GradDelSqRho = -3.5527136788E-15 -7.1054273576E-15 -9.7699626167E-15
HessDelSqRho_EigVals = -1.5546059302E+01 -1.2557180472E+01  1.4034446359E+02
HessDelSqRho_EigVec1 =  9.4449908084E-01 -2.5204259007E-01 -2.1070362856E-01
HessDelSqRho_EigVec2 =  6.3264948120E-03 -6.2730992943E-01  7.7874400666E-01
HessDelSqRho_EigVec3 =  3.2845313480E-01  7.3685601391E-01  5.9089910561E-01
</CP of DelSqRho>
<CP of DelSqRho>
CP# = 15      
Type = (3,+3)
Coords =  3.44130670826410E+00 -1.18096473962425E-01  4.66380477518021E-01
DistFromNuc =  6.3336601984E-01
Rho =  9.7717269362E-01
DelSqRho = -4.5466231114E+00
GradDelSqRho =  5.3290705182E-15 -3.5527136788E-14  1.4210854715E-14
HessDelSqRho_EigVals =  1.3239016932E+01  2.4425044431E+01  3.5412231186E+02
HessDelSqRho_EigVec1 =  9.7737781364E-01 -1.0479179432E-01  1.8371523959E-01
HessDelSqRho_EigVec2 = -4.0875222038E-02  7.5866113293E-01  6.5020189296E-01
HessDelSqRho_EigVec3 = -2.0751343483E-01 -6.4300230577E-01  7.3721517153E-01
</CP of DelSqRho>
<CP of DelSqRho>
CP# = 16      
Type = (3,+1)
Coords =  3.84928828757105E+00  9.30299276912996E-01  2.11451089328196E-02
DistFromNuc =  6.9580256637E-01
Rho =  7.7733108291E-01
DelSqRho = -2.5990430232E+00
GradDelSqRho = -5.3290705182E-15  7.1054273576E-15 -6.6613381478E-15
HessDelSqRho_EigVals = -1.1948035674E+01  1.5440636994E+01  1.8003316711E+02
HessDelSqRho_EigVec1 =  4.4294524636E-01 -8.6361513470E-02  8.9237951440E-01
HessDelSqRho_EigVec2 =  8.3210678414E-01 -3.3094374965E-01 -4.4505565310E-01
HessDelSqRho_EigVec3 =  3.3376310239E-01  9.3969033386E-01 -7.4727959476E-02
</CP of DelSqRho>
<CP of DelSqRho>
CP# = 17      
Type = (3,+3)
Coords =  3.96782646880504E+00  7.82476206887679E-01  3.74909986849757E-01
DistFromNuc =  7.2949912613E-01
Rho =  7.4026978736E-01
DelSqRho = -2.9437958270E+00
GradDelSqRho =  1.5987211555E-12  1.0782486015E-12  2.3581137043E-12
HessDelSqRho_EigVals =  9.8941435732E+00  2.3074759899E+01  1.3350122972E+02
HessDelSqRho_EigVec1 =  6.9620130662E-02 -6.2822795840E-01  7.7490816855E-01
HessDelSqRho_EigVec2 = -8.5462434674E-01  3.6311648423E-01  3.7116525274E-01
HessDelSqRho_EigVec3 =  5.1455831872E-01  6.8809596072E-01  5.1161869148E-01
</CP of DelSqRho>
<CP of DelSqRho>
CP# = 18      
Type = (3,+3)
Coords =  3.37077188110129E+00  6.62691916911565E-01 -4.62884617888875E-01
DistFromNuc =  6.3372115422E-01
Rho =  9.7560341476E-01
DelSqRho = -4.5285718073E+00
GradDelSqRho =  5.3290705182E-15  1.5987211555E-14 -1.7763568394E-14
HessDelSqRho_EigVals =  1.3054925657E+01  2.4310310177E+01  3.5214452889E+02
HessDelSqRho_EigVec1 =  9.4410051359E-01  2.6832290329E-01 -1.9151250564E-01
HessDelSqRho_EigVec2 = -8.2779987446E-02  7.5529270419E-01  6.5013875801E-01
HessDelSqRho_EigVec3 =  3.1909511736E-01 -5.9794293253E-01  7.3528399650E-01
</CP of DelSqRho>
<CP of DelSqRho>
CP# = 19      
Type = (3,+3)
Coords =  4.04309630126887E+00 -1.34482406227283E-01 -3.77346148860059E-01
DistFromNuc =  7.2954007787E-01
Rho =  7.4017050237E-01
DelSqRho = -2.9427098487E+00
GradDelSqRho =  1.1723955140E-13 -1.3677947663E-13 -5.8619775700E-14
HessDelSqRho_EigVals =  9.8857744138E+00  2.3063881578E+01  1.3345824924E+02
HessDelSqRho_EigVec1 =  4.4222552277E-02 -6.3354502014E-01  7.7244098372E-01
HessDelSqRho_EigVec2 =  7.8382963234E-01  5.0139046614E-01  3.6635871483E-01
HessDelSqRho_EigVec3 =  6.1939928426E-01 -5.8926081485E-01 -5.1876412631E-01
</CP of DelSqRho>
<CP of DelSqRho>
CP# = 20      
Type = (3,+1)
Coords =  3.89123193179729E+00  4.39362129578599E-01  6.07548807000999E-01
DistFromNuc =  6.9657842037E-01
Rho =  7.7370378010E-01
DelSqRho = -2.5430473362E+00
GradDelSqRho =  2.3092638912E-14  9.9920072216E-15  2.8421709430E-14
HessDelSqRho_EigVals = -1.2652604886E+01  1.4839015534E+01  1.7875339031E+02
HessDelSqRho_EigVec1 =  3.5762247258E-01  8.9258411490E-01 -2.7459017632E-01
HessDelSqRho_EigVec2 =  8.4139169566E-01 -4.3553865648E-01 -3.1994701620E-01
HessDelSqRho_EigVec3 =  4.0517426075E-01  1.1661765104E-01  9.0677127320E-01
</CP of DelSqRho>
<CP of DelSqRho>
CP# = 21      
Type = (3,+1)
Coords =  3.90783636246860E+00  1.90892165396757E-01 -6.07776353793688E-01
DistFromNuc =  6.9653059142E-01
Rho =  7.7386843315E-01
DelSqRho = -2.5442668281E+00
GradDelSqRho = -5.3290705182E-15  1.0352829705E-14 -7.1054273576E-15
HessDelSqRho_EigVals = -1.2597032954E+01  1.4827159175E+01  1.7875144745E+02
HessDelSqRho_EigVec1 = -5.0564719589E-01  8.1966560533E-01 -2.6920105631E-01
HessDelSqRho_EigVec2 =  7.5790544497E-01  5.7110391148E-01  3.1530883078E-01
HessDelSqRho_EigVec3 = -4.1218957989E-01  4.4593920245E-02  9.1000611674E-01
</CP of DelSqRho>
<CP of DelSqRho>
CP# = 22      
Type = (3,+1)
Coords =  3.95409153444791E+00 -3.01351777943511E-01 -2.32749992909788E-02
DistFromNuc =  6.9595146579E-01
Rho =  7.7697224039E-01
DelSqRho = -2.5972608616E+00
GradDelSqRho =  1.1510792319E-12 -2.2968293933E-12  5.3135273959E-13
HessDelSqRho_EigVals = -1.1986654974E+01  1.5449182239E+01  1.7989427003E+02
HessDelSqRho_EigVec1 = -4.1482611602E-01 -1.6233000529E-01  8.9530344736E-01
HessDelSqRho_EigVec2 =  7.6774978107E-01  4.6564503000E-01  4.4015335930E-01
HessDelSqRho_EigVec3 = -4.8834369775E-01  8.6995613419E-01 -6.8532893217E-02
</CP of DelSqRho>
<CP of DelSqRho>
CP# = 23      
Type = (3,-3)
Coords =  3.09847698187832E+00  1.07974495876091E+00  6.57064828904122E-01
DistFromNuc =  1.1373168198E+00
Rho =  2.4618051141E-01
DelSqRho =  8.5765810602E-01
GradDelSqRho =  1.2434497876E-14 -1.0325074129E-14 -1.2823075934E-14
HessDelSqRho_EigVals = -1.7809475188E+01 -1.9510838994E+00 -5.3346966925E-01
HessDelSqRho_EigVec1 = -4.6553870955E-01  6.7750910114E-01  5.6943404164E-01
HessDelSqRho_EigVec2 =  8.8364193300E-01  3.9181175804E-01  2.5624301063E-01
HessDelSqRho_EigVec3 = -4.9503981142E-02  6.2246683777E-01 -7.8107899199E-01
</CP of DelSqRho>
<CP of DelSqRho>
CP# = 24      
Type = (3,+1)
Coords =  2.34846449117212E+00  1.90094989953604E-01 -3.12477399160911E-03
DistFromNuc =  1.2392125490E+00
Rho =  2.3880038543E-01
DelSqRho =  4.5149238227E-01
GradDelSqRho =  5.5511151231E-17  1.8041124150E-16 -3.6862873865E-17
HessDelSqRho_EigVals = -1.0074850121E+01  2.8555369984E-01  7.1647471870E-01
HessDelSqRho_EigVec1 =  9.9690334331E-01  7.8555775232E-02  3.5657077599E-03
HessDelSqRho_EigVec2 =  4.2206263348E-02 -5.7277203361E-01  8.1862740538E-01
HessDelSqRho_EigVec3 = -6.6350248141E-02  8.1594190215E-01  5.7431390100E-01
</CP of DelSqRho>
<CP of DelSqRho>
CP# = 25      
Type = (3,-3)
Coords =  3.23418064172018E+00 -5.75977837709389E-01 -6.51235841030106E-01
DistFromNuc =  1.1372854088E+00
Rho =  2.4616535693E-01
DelSqRho =  8.5784229271E-01
GradDelSqRho =  2.1754820168E-12  5.4473092703E-12  5.9147131637E-13
HessDelSqRho_EigVals = -1.7815921673E+01 -1.9455579107E+00 -5.3596054868E-01
HessDelSqRho_EigVec1 =  3.4870147761E-01  7.4684497575E-01  5.6624187562E-01
HessDelSqRho_EigVec2 = -9.3517775866E-01  2.3725998984E-01  2.6296436438E-01
HessDelSqRho_EigVec3 =  6.2047072681E-02 -6.2123287052E-01  7.8116571953E-01
</CP of DelSqRho>
<CP of DelSqRho>
CP# = 26      
Type = (3,-1)
Coords =  3.75691923063480E+00  1.99277533657893E-01  1.17687245311503E+00
DistFromNuc =  1.1916010262E+00
Rho =  2.4571464982E-01
DelSqRho =  7.1633206767E-01
GradDelSqRho = -3.3733432714E-13  4.1751324620E-13 -3.2733815658E-12
HessDelSqRho_EigVals = -1.7320268387E+01 -1.1987442357E+00  2.9207259458E-01
HessDelSqRho_EigVec1 =  1.2643664690E-01 -8.4444155859E-02  9.8837389629E-01
HessDelSqRho_EigVec2 =  6.0794918704E-01  7.9391369636E-01 -9.9412629324E-03
HessDelSqRho_EigVec3 =  7.8384409183E-01 -6.0213804669E-01 -1.5171754160E-01
</CP of DelSqRho>
<CP of DelSqRho>
CP# = 27      
Type = (3,-1)
Coords =  3.72932213487400E+00  4.03592442670467E-01 -1.17582226918982E+00
DistFromNuc =  1.1916625486E+00
Rho =  2.4572593016E-01
DelSqRho =  7.1573939962E-01
GradDelSqRho =  3.2612801348E-16 -3.0531133177E-16  1.4988010832E-15
HessDelSqRho_EigVals = -1.7305410153E+01 -1.2016299890E+00  2.9377007239E-01
HessDelSqRho_EigVec1 = -1.0164581689E-01 -1.0468320492E-01  9.8929750556E-01
HessDelSqRho_EigVec2 =  7.3465819123E-01 -6.7842736720E-01  3.6945214739E-03
HessDelSqRho_EigVec3 =  6.7077974773E-01  7.2717104868E-01  1.4586567792E-01
</CP of DelSqRho>
<CP of DelSqRho>
CP# = 28      
Type = (3,-3)
Coords =  4.73678692066423E+00  3.75308991393160E-01  9.24465550533888E-03
DistFromNuc =  1.1563182231E+00
Rho =  2.5283843971E-01
DelSqRho =  8.7286291534E-01
GradDelSqRho = -5.2902127123E-13 -6.5912553193E-14  2.8204868996E-14
HessDelSqRho_EigVals = -1.6863049814E+01 -4.1651175562E+00 -5.4761069494E-02
HessDelSqRho_EigVec1 =  9.9707837639E-01  7.6078592717E-02  6.8380605730E-03
HessDelSqRho_EigVec2 = -6.2858530662E-02  7.6635297560E-01  6.3933709568E-01
HessDelSqRho_EigVec3 =  4.3399498444E-02 -6.3789902376E-01  7.6889616920E-01
</CP of DelSqRho>
<CP of DelSqRho>
CP# = 29      
Type = (3,-1)
Coords =  3.87534656305691E+00 -8.13205535085075E-01  3.53822077207234E-01
DistFromNuc =  1.1919352597E+00
Rho =  2.4595258603E-01
DelSqRho =  7.1641099071E-01
GradDelSqRho = -9.8532293435E-16  3.5527136788E-15 -1.2628786905E-15
HessDelSqRho_EigVals = -1.7552247392E+01 -1.0641084501E+00  3.0373801826E-01
HessDelSqRho_EigVec1 = -2.2837129868E-01  9.2403552285E-01 -3.0660218925E-01
HessDelSqRho_EigVec2 = -6.5843789052E-01  8.5387783372E-02  7.4777568213E-01
HessDelSqRho_EigVec3 =  7.1715137472E-01  3.7264900237E-01  5.8891988145E-01
</CP of DelSqRho>
<CP of DelSqRho>
CP# = 30      
Type = (3,-1)
Coords =  3.68187873955631E+00  1.42080672252510E+00 -3.54408534685991E-01
DistFromNuc =  1.1918970159E+00
Rho =  2.4597486637E-01
DelSqRho =  7.1650006804E-01
GradDelSqRho = -5.5511151231E-17 -6.3032912223E-14  1.9068080448E-14
HessDelSqRho_EigVals = -1.7552466571E+01 -1.0694295097E+00  3.0347926332E-01
HessDelSqRho_EigVec1 =  6.6030698625E-02  9.4872178156E-01 -3.0913901087E-01
HessDelSqRho_EigVec2 =  6.4063329658E-01  1.9721970458E-01  7.4208716970E-01
HessDelSqRho_EigVec3 =  7.6500256610E-01 -2.4704527789E-01 -5.9476020758E-01
</CP of DelSqRho>
<CP of DelSqRho>
CP# = 31      
Type = (3,+1)
Coords =  4.65071938645620E+00  1.97043463011878E+00  1.98497813063275E-01
DistFromNuc =  2.0024132321E+00
Rho =  7.4733665661E-02
DelSqRho =  1.7921112506E-01
GradDelSqRho = -6.2317338789E-14 -9.1829321924E-14  1.2337353361E-14
HessDelSqRho_EigVals = -1.6279061062E+00  3.8554559826E-02  5.8886366954E-01
HessDelSqRho_EigVec1 =  4.1972253561E-01  8.4177313357E-01 -3.3948635422E-01
HessDelSqRho_EigVec2 =  8.3950629858E-01 -5.0222316936E-01 -2.0736697617E-01
HessDelSqRho_EigVec3 =  3.4505386210E-01  1.9796433961E-01  9.1746822969E-01
</CP of DelSqRho>
<CP of DelSqRho>
CP# = 32      
Type = (3,+1)
Coords =  4.91375461976681E+00 -1.19413559801699E+00 -2.09534221544188E-01
DistFromNuc =  2.0020285347E+00
Rho =  7.4747645342E-02
DelSqRho =  1.7933364660E-01
GradDelSqRho = -1.2143064332E-16  2.0122792321E-16 -2.9316826744E-16
HessDelSqRho_EigVals = -1.6288381732E+00  3.8599598859E-02  5.8899308870E-01
HessDelSqRho_EigVec1 = -5.5429802559E-01  7.6256597797E-01 -3.3353684665E-01
HessDelSqRho_EigVec2 =  7.4526542421E-01  6.3315298010E-01  2.0903767905E-01
HessDelSqRho_EigVec3 = -3.7058487059E-01  1.3270430674E-01  9.1926950382E-01
</CP of DelSqRho>
<CP of DelSqRho>
CP# = 33      
Type = (3,+1)
Coords =  4.74347180006936E+00  8.60868139970974E-01  1.52231757364961E+00
DistFromNuc =  1.9968347080E+00
Rho =  7.5117217238E-02
DelSqRho =  1.8266321892E-01
GradDelSqRho = -2.2139408362E-16 -3.6429192996E-17 -3.5041414215E-16
HessDelSqRho_EigVals = -1.6826329798E+00  3.2910673823E-02  5.8524315013E-01
HessDelSqRho_EigVec1 =  5.0011460638E-01 -1.6572611879E-01  8.4995307755E-01
HessDelSqRho_EigVec2 =  8.1745013385E-01 -2.3354695151E-01 -5.2652739731E-01
HessDelSqRho_EigVec3 =  2.8576329218E-01  9.5811829906E-01  1.8672596261E-02
</CP of DelSqRho>
<CP of DelSqRho>
CP# = 34      
Type = (3,+1)
Coords =  4.81148262453014E+00 -7.96444157379119E-02 -1.53059495441536E+00
DistFromNuc =  1.9970650395E+00
Rho =  7.5103869900E-02
DelSqRho =  1.8251867974E-01
GradDelSqRho = -4.0655703630E-12 -4.9034474398E-13  4.3632909785E-12
HessDelSqRho_EigVals = -1.6795332648E+00  3.3127357892E-02  5.8541878255E-01
HessDelSqRho_EigVec1 = -4.5805548155E-01 -2.4809440256E-01  8.5360081024E-01
HessDelSqRho_EigVec2 =  7.7013857291E-01  3.6879669265E-01  5.2045708565E-01
HessDelSqRho_EigVec3 = -4.4392764539E-01  8.9578913083E-01  2.2137722486E-02
</CP of DelSqRho>
<Path of -GradDelSqRho>
Starting CP# =      3
Ending CP# =      0
Number of Points =     29
  4.2037582378E+00  1.0500427190E+00  5.9172010100E-01  4.1902990382E-01 -9.9104306213E-01
  4.2173548922E+00  1.0665974406E+00  6.0460700074E-01  4.0863142164E-01 -1.0012024696E+00
  4.2309518483E+00  1.0831510997E+00  6.1749494674E-01  3.9925638945E-01 -1.0316200997E+00
  4.2445489360E+00  1.0997037115E+00  6.3038409909E-01  3.9087691331E-01 -1.0823150408E+00
  4.2581458806E+00  1.1162553795E+00  6.4327461441E-01  3.8346023389E-01 -1.1534274507E+00
  4.2717423638E+00  1.1328062645E+00  6.5616662161E-01  3.7696884144E-01 -1.2451293422E+00
  4.2853380912E+00  1.1493565500E+00  6.6906019546E-01  3.7136050967E-01 -1.3574444022E+00
  4.2989328654E+00  1.1659064049E+00  6.8195532691E-01  3.6658837295E-01 -1.4899454418E+00
  4.3125266697E+00  1.1824559429E+00  6.9485188756E-01  3.6260126370E-01 -1.6413045356E+00
  4.3261197663E+00  1.1990051772E+00  7.0774958391E-01  3.5934464966E-01 -1.8087095163E+00
  4.3397128233E+00  1.2155539662E+00  7.2064789331E-01  3.5676264872E-01 -1.9872566433E+00
  4.3533070895E+00  1.2321019431E+00  7.3354597001E-01  3.5480170204E-01 -2.1696027974E+00
  4.3669046151E+00  1.2486484296E+00  7.4644252308E-01  3.5341645458E-01 -2.3464000645E+00
  4.3805083123E+00  1.2651924056E+00  7.5933578772E-01  3.5257807647E-01 -2.5082629630E+00
  4.3941206106E+00  1.2817329929E+00  7.7222432135E-01  3.5228449775E-01 -2.6500658166E+00
  4.4077367506E+00  1.2982719241E+00  7.8511092223E-01  3.5257074407E-01 -2.7780049635E+00
  4.4213352639E+00  1.3148171084E+00  7.9800809971E-01  3.5351589913E-01 -2.9189091173E+00
  4.4348961711E+00  1.3313759691E+00  8.1092730024E-01  3.5524160045E-01 -3.1297874964E+00
  4.4484247060E+00  1.3479466587E+00  8.2386526425E-01  3.5789611017E-01 -3.5039540272E+00
  4.4619342870E+00  1.3645242989E+00  8.3681412698E-01  3.6161903917E-01 -4.1689122057E+00
  4.4754335988E+00  1.3811057260E+00  8.4976885001E-01  3.6648529561E-01 -5.2711857473E+00
  4.4889270677E+00  1.3976893258E+00  8.6272687885E-01  3.7243290555E-01 -6.9449263194E+00
  4.5024169171E+00  1.4142742869E+00  8.7568693383E-01  3.7918754500E-01 -9.2649746944E+00
  4.5159043056E+00  1.4308601875E+00  8.8864834788E-01  3.8620512691E-01 -1.2191792139E+01
  4.5293898548E+00  1.4474468040E+00  9.0161075946E-01  3.9265931226E-01 -1.5525021790E+01
  4.5428738903E+00  1.4640340263E+00  9.1457397064E-01  3.9749861341E-01 -1.8890659972E+01
  4.5563565380E+00  1.4806218289E+00  9.2753788269E-01  3.9958340666E-01 -2.1785868158E+01
  4.5698376943E+00  1.4972103056E+00  9.4050248307E-01  3.9788660013E-01 -2.3687712580E+01
  4.5806206606E+00  1.5104821310E+00  9.5087486410E-01  3.9332209159E-01 -2.4219768865E+01
</Path of -GradDelSqRho>
<Path of -GradDelSqRho>
Starting CP# =      3
Ending CP# =     17
Number of Points =     17
  4.2037582378E+00  1.0500427190E+00  5.9172010100E-01  4.1902990382E-01 -9.9104306213E-01
  4.1901618865E+00  1.0334870664E+00  5.7883407762E-01  4.3047460824E-01 -1.0012669077E+00
  4.1765656559E+00  1.0169306860E+00  5.6594886197E-01  4.4298277146E-01 -1.0321158433E+00
  4.1629690915E+00  1.0003739845E+00  5.5306441126E-01  4.5656553816E-01 -1.0838796669E+00
  4.1493714261E+00  9.8381756380E-01  5.4018076163E-01  4.7122730460E-01 -1.1567905958E+00
  4.1357715202E+00  9.6726225598E-01  5.2729804680E-01  4.8696502649E-01 -1.2508844665E+00
  4.1221677840E+00  9.5070917237E-01  5.1441651809E-01  5.0376757852E-01 -1.3658325374E+00
  4.1085580658E+00  9.3415977816E-01  5.0153656798E-01  5.2161527319E-01 -1.5007493236E+00
  4.0949394816E+00  9.1761601066E-01  4.8865876116E-01  5.4047966640E-01 -1.6539839876E+00
  4.0813081433E+00  9.0108047290E-01  4.7578387947E-01  5.6032379268E-01 -1.8229048487E+00
  4.0676587024E+00  8.8455676372E-01  4.6291299206E-01  5.8110298481E-01 -2.0036878106E+00
  4.0539835405E+00  8.6805007286E-01  4.5004757379E-01  6.0276643724E-01 -2.1911187763E+00
  4.0402712100E+00  8.5156834275E-01  4.3718972340E-01  6.2525966775E-01 -2.3784153095E+00
  4.0265030830E+00  8.3512480544E-01  4.2434261628E-01  6.4852800236E-01 -2.5570599932E+00
  4.0126448797E+00  8.1874451354E-01  4.1151161836E-01  6.7252108090E-01 -2.7166102467E+00
  3.9986190027E+00  8.0248624059E-01  3.9870787094E-01  6.9719757888E-01 -2.8443967250E+00
  3.9678264688E+00  7.8247620689E-01  3.7490998685E-01  7.4026978736E-01 -2.9437958270E+00
</Path of -GradDelSqRho>
<Path of -GradDelSqRho>
Starting CP# =      4
Ending CP# =      0
Number of Points =     29
  4.3193020320E+00 -3.5838344586E-01 -5.9591797476E-01  4.1902287927E-01 -9.9090558744E-01
  4.3354066124E+00 -3.7238150948E-01 -6.0894474358E-01  4.0862461335E-01 -1.0010635733E+00
  4.3515114235E+00 -3.8637841858E-01 -6.2197246760E-01  3.9924970191E-01 -1.0314770418E+00
  4.3676163039E+00 -4.0037422893E-01 -6.3500128642E-01  3.9087025950E-01 -1.0821652203E+00
  4.3837210005E+00 -4.1436910066E-01 -6.4803134067E-01  3.8345353528E-01 -1.1532684185E+00
  4.3998252238E+00 -4.2836325662E-01 -6.6106274852E-01  3.7696202800E-01 -1.2449588736E+00
  4.4159287083E+00 -4.4235693662E-01 -6.7409558032E-01  3.7135351987E-01 -1.3572606578E+00
  4.4320312791E+00 -4.5635034764E-01 -6.8712982992E-01  3.6658115362E-01 -1.4897472470E+00
  4.4481329264E+00 -4.7034360923E-01 -7.0016538067E-01  3.6259376956E-01 -1.6410917968E+00
  4.4642338956E+00 -4.8433669128E-01 -7.1320196180E-01  3.5933684214E-01 -1.8084837429E+00
  4.4803348019E+00 -4.9832933799E-01 -7.2623908769E-01  3.5675449362E-01 -1.9870214334E+00
  4.4964367903E+00 -5.1232096739E-01 -7.3927596916E-01  3.5479316556E-01 -2.1693639723E+00
  4.5125417354E+00 -5.2631054662E-01 -7.5231139835E-01  3.5340749717E-01 -2.3461649100E+00
  4.5286522981E+00 -5.4029655133E-01 -7.6534372097E-01  3.5256864459E-01 -2.5080378730E+00
  4.5447706990E+00 -5.5427768097E-01 -7.7837158184E-01  3.5227451425E-01 -2.6498516889E+00
  4.5608926037E+00 -5.6825648621E-01 -7.9139760152E-01  3.5256009938E-01 -2.7777901789E+00
  4.5769984293E+00 -5.8224458954E-01 -8.0443352217E-01  3.5350444631E-01 -2.9186609205E+00
  4.5930699233E+00 -5.9625288772E-01 -8.1749010996E-01  3.5522915873E-01 -3.1294439237E+00
  4.6091118453E+00 -6.1027863818E-01 -8.3056432066E-01  3.5788248288E-01 -3.5034198805E+00
  4.6251364480E+00 -6.2431463651E-01 -8.4364877086E-01  3.6160404965E-01 -4.1680633819E+00
  4.6411516663E+00 -6.3835621121E-01 -8.5673872715E-01  3.6646884096E-01 -5.2698858643E+00
  4.6571615450E+00 -6.5240097943E-01 -8.6983178901E-01  3.7241502272E-01 -6.9430577560E+00
  4.6731681157E+00 -6.6644774394E-01 -8.8292675367E-01  3.7916847618E-01 -9.2624822239E+00
  4.6891724371E+00 -6.8049588202E-01 -8.9602299408E-01  3.8618536417E-01 -1.2188730642E+01
  4.7051750774E+00 -6.9454506253E-01 -9.0912017051E-01  3.9263959807E-01 -1.5521591085E+01
  4.7211763343E+00 -7.0859511911E-01 -9.2221809730E-01  3.9747987809E-01 -1.8887204337E+01
  4.7371763241E+00 -7.2264600464E-01 -9.3531668286E-01  3.9956663951E-01 -2.1782823266E+01
  4.7531749551E+00 -7.3669783092E-01 -9.4841591888E-01  3.9787267542E-01 -2.3685502726E+01
  4.7659720766E+00 -7.4794068887E-01 -9.5889598678E-01  3.9331088066E-01 -2.4218446913E+01
</Path of -GradDelSqRho>
<Path of -GradDelSqRho>
Starting CP# =      4
Ending CP# =     19
Number of Points =     17
  4.3193020320E+00 -3.5838344586E-01 -5.9591797476E-01  4.1902287927E-01 -9.9090558744E-01
  4.3031976955E+00 -3.4438434674E-01 -5.8289201719E-01  4.3046726331E-01 -1.0011279483E+00
  4.2870934513E+00 -3.3038442785E-01 -5.6986682665E-01  4.4297499335E-01 -1.0319722713E+00
  4.2709889070E+00 -3.1638415258E-01 -5.5684239016E-01  4.5655720521E-01 -1.0837280573E+00
  4.2548833925E+00 -3.0238422830E-01 -5.4381877615E-01  4.7121828613E-01 -1.1566271349E+00
  4.2387759066E+00 -2.8838564983E-01 -5.3079615360E-01  4.8695518276E-01 -1.2507048475E+00
  4.2226650485E+00 -2.7438975969E-01 -5.1777481314E-01  5.0375676072E-01 -1.3656318456E+00
  4.2065489196E+00 -2.6039833824E-01 -5.0475519301E-01  5.2160332366E-01 -1.5005219121E+00
  4.1904249744E+00 -2.4641374560E-01 -4.9173791423E-01  5.4046641902E-01 -1.6537233431E+00
  4.1742897827E+00 -2.3243915279E-01 -4.7872383273E-01  5.6030907355E-01 -1.8226034441E+00
  4.1581386317E+00 -2.1847893442E-01 -4.6571412218E-01  5.8108661322E-01 -2.0033369386E+00
  4.1419648202E+00 -2.0453937463E-01 -4.5271041576E-01  6.0274822711E-01 -2.1907083483E+00
  4.1257583031E+00 -1.9063004092E-01 -4.3971507079E-01  6.2523942941E-01 -2.3779335969E+00
  4.1095027810E+00 -1.7676677536E-01 -4.2673172477E-01  6.4850554497E-01 -2.5564932644E+00
  4.0931683613E+00 -1.6297936871E-01 -4.1376667842E-01  6.7249621612E-01 -2.7159422152E+00
  4.0766876608E+00 -1.4933718058E-01 -4.0083339293E-01  6.9717012972E-01 -2.8436076265E+00
  4.0430963013E+00 -1.3448240623E-01 -3.7734614886E-01  7.4017050237E-01 -2.9427098487E+00
</Path of -GradDelSqRho>
<Path of -GradDelSqRho>
Starting CP# =      7
Ending CP# =      1
Number of Points =      7
  3.6192465346E+00  3.9620833173E-01 -1.2231702470E-01  2.2573619945E+01  1.2308237399E+03
  3.6140741331E+00  3.8004770765E-01 -1.0395728305E-01  3.2808129366E+01  9.7862380543E+02
  3.6088511845E+00  3.6389173995E-01 -8.5607748691E-02  4.8061954562E+01 -8.0412064434E+02
  3.6036059724E+00  3.4773784458E-01 -6.7262738449E-02  7.0724082971E+01 -6.4073506587E+03
  3.5983445349E+00  3.3158546748E-01 -4.8921039307E-02  1.0436718675E+02 -2.0698162440E+04
  3.5930562435E+00  3.1543561345E-01 -3.0584841249E-02  1.5484481895E+02 -7.5533923658E+04
  3.5838412575E+00  2.8742961850E-01  1.2083303089E-03  2.9726929024E+02 -3.3291106679E+06
</Path of -GradDelSqRho>
<Path of -GradDelSqRho>
Starting CP# =      7
Ending CP# =     18
Number of Points =     32
  3.6192465346E+00  3.9620833173E-01 -1.2231702470E-01  2.2573619945E+01  1.2308237399E+03
  3.6243592652E+00  4.1237437736E-01 -1.4068870755E-01  1.5659351801E+01  1.1488467384E+03
  3.6294451776E+00  4.2854284416E-01 -1.5906570866E-01  1.0972481678E+01  9.7908322147E+02
  3.6345244896E+00  4.4471191842E-01 -1.7744400077E-01  7.8051370042E+00  7.7101524326E+02
  3.6395882433E+00  4.6088239637E-01 -1.9582534987E-01  5.6728190138E+00  5.7037144652E+02
  3.6446209447E+00  4.7705564263E-01 -2.1421278818E-01  4.2381971051E+00  4.0606768220E+02
  3.6496057250E+00  4.9323310715E-01 -2.3260956314E-01  3.2703664158E+00  2.8332989234E+02
  3.6545256166E+00  5.0941618810E-01 -2.5101885682E-01  2.6142737378E+00  1.9504809424E+02
  3.6593648048E+00  5.2560610493E-01 -2.6944351895E-01  2.1664505396E+00  1.3203963122E+02
  3.6641077621E+00  5.4180395813E-01 -2.8788621289E-01  1.8575242406E+00  8.7111753107E+01
  3.6687353128E+00  5.5801101961E-01 -3.0635011089E-01  1.6406782094E+00  5.5364477801E+01
  3.6732189077E+00  5.7422908672E-01 -3.2483982136E-01  1.4843066821E+00  3.3403762858E+01
  3.6775136467E+00  5.9046076722E-01 -3.4336233889E-01  1.3672555184E+00  1.8679333808E+01
  3.6815481537E+00  6.0670964610E-01 -3.6192812906E-01  1.2755908175E+00  9.1684876162E+00
  3.6852066384E+00  6.2298014203E-01 -3.8055254308E-01  1.2003196646E+00  3.2726754742E+00
  3.6882927995E+00  6.3927614530E-01 -3.9925743607E-01  1.1357730910E+00 -2.2089060091E-01
  3.6904469558E+00  6.5559449109E-01 -4.1807098499E-01  1.0785028012E+00 -2.1836618529E+00
  3.6909152504E+00  6.7189242106E-01 -4.3701065387E-01  1.0266607085E+00 -3.2086308344E+00
  3.6877046467E+00  6.8786530272E-01 -4.5590162069E-01  9.8034630882E-01 -3.6824991522E+00
  3.6747316889E+00  7.0080719747E-01 -4.7215519953E-01  9.4774587170E-01 -3.8673005295E+00
  3.6512201035E+00  7.0464367600E-01 -4.7882290797E-01  9.4325394515E-01 -3.9691697098E+00
  3.6263186702E+00  7.0435064369E-01 -4.8089825610E-01  9.4861819414E-01 -4.0603727773E+00
  3.6013744583E+00  7.0301261252E-01 -4.8185582915E-01  9.5468505920E-01 -4.1445003624E+00
  3.5764538326E+00  7.0106600522E-01 -4.8220187141E-01  9.6016667805E-01 -4.2211134633E+00
  3.5515819322E+00  6.9855747267E-01 -4.8199160275E-01  9.6490025067E-01 -4.2897589518E+00
  3.5267835314E+00  6.9549057094E-01 -4.8122901653E-01  9.6885597808E-01 -4.3500654297E+00
  3.5020837740E+00  6.9186592742E-01 -4.7991312151E-01  9.7202221436E-01 -4.4017525565E+00
  3.4775080342E+00  6.8768523217E-01 -4.7804178676E-01  9.7439520287E-01 -4.4446352688E+00
  3.4530818462E+00  6.8295221261E-01 -4.7561148336E-01  9.7597832197E-01 -4.4786257811E+00
  3.4288307705E+00  6.7767396426E-01 -4.7261626735E-01  9.7678187157E-01 -4.5037335519E+00
  3.4047800827E+00  6.7186368092E-01 -4.6904551207E-01  9.7682281663E-01 -4.5200633033E+00
  3.3707718811E+00  6.6269191691E-01 -4.6288461789E-01  9.7560341476E-01 -4.5285718073E+00
</Path of -GradDelSqRho>
<Path of -GradDelSqRho>
Starting CP# =      8
Ending CP# =     15
Number of Points =     32
  3.6377962363E+00  1.8622883012E-01  1.2444200273E-01  2.2577212864E+01  1.2312046371E+03
  3.6456680841E+00  1.7116230903E-01  1.4277322549E-01  1.5661597145E+01  1.1491725060E+03
  3.6535137667E+00  1.5608885561E-01  1.6110997167E-01  1.0973932734E+01  9.7934663972E+02
  3.6613530071E+00  1.4101368318E-01  1.7944805988E-01  7.8061367940E+00  7.7122171248E+02
  3.6691770943E+00  1.2593449667E-01  1.9778931794E-01  5.6735860975E+00  5.7051922997E+02
  3.6769709327E+00  1.1084733199E-01  2.1613689022E-01  4.2388673247E+00  4.0616212244E+02
  3.6847180774E+00  9.5747907652E-02  2.3449414637E-01  3.2710189509E+00  2.8338217809E+02
  3.6924019731E+00  8.0631975789E-02  2.5286439085E-01  2.6149502887E+00  1.9506984102E+02
  3.7000071703E+00  6.5495658679E-02  2.7125058669E-01  2.1671690811E+00  1.3204027059E+02
  3.7075184777E+00  5.0335243266E-02  2.8965550743E-01  1.8582882787E+00  8.7098347735E+01
  3.7149171151E+00  3.5146229173E-02  3.0808246046E-01  1.6414828403E+00  5.5342291593E+01
  3.7221751007E+00  1.9922010717E-02  3.2653625436E-01  1.4851425947E+00  3.3376745183E+01
  3.7292483801E+00  4.6524147294E-03  3.4502419640E-01  1.3681116865E+00  1.8650384627E+01
  3.7360667988E+00 -1.0678178662E-02  3.6355724392E-01  1.2764563194E+00  9.1396145620E+00
  3.7425162422E+00 -2.6093731160E-02  3.8215153172E-01  1.2011849350E+00  3.2451404690E+00
  3.7484024558E+00 -4.1631307235E-02  4.0083020250E-01  1.1366309512E+00 -2.4640901141E-01
  3.7533672323E+00 -5.7348614978E-02  4.1962364943E-01  1.0793500032E+00 -2.2069090528E+00
  3.7566518602E+00 -7.3330589287E-02  4.3855329432E-01  1.0275028387E+00 -3.2296544199E+00
  3.7562104937E+00 -8.9608869726E-02  4.5744930497E-01  9.8122535715E-01 -3.7016434688E+00
  3.7455188449E+00 -1.0448809819E-01  4.7369314206E-01  9.4889496029E-01 -3.8856530217E+00
  3.7229653798E+00 -1.1214857235E-01  4.8040452207E-01  9.4465117637E-01 -3.9879551179E+00
  3.6983771159E+00 -1.1603069482E-01  4.8260336144E-01  9.5007659766E-01 -4.0796393462E+00
  3.6735679507E+00 -1.1890022887E-01  4.8369547400E-01  9.5617420384E-01 -4.1641539239E+00
  3.6486767349E+00 -1.2116786014E-01  4.8417705582E-01  9.6167818819E-01 -4.2410516031E+00
  3.6237361845E+00 -1.2287424990E-01  4.8410229098E-01  9.6642794055E-01 -4.3098747169E+00
  3.5987712936E+00 -1.2401838123E-01  4.8347513820E-01  9.7039378820E-01 -4.3702488169E+00
  3.5738069130E+00 -1.2459629050E-01  4.8229472552E-01  9.7356406621E-01 -4.4218920159E+00
  3.5488682937E+00 -1.2460493786E-01  4.8055913038E-01  9.7593503832E-01 -4.4646192419E+00
  3.5239811790E+00 -1.2404315409E-01  4.7826513310E-01  9.7751015663E-01 -4.4983442437E+00
  3.4991718897E+00 -1.2291296118E-01  4.7540721147E-01  9.7829984762E-01 -4.5230795250E+00
  3.4744674637E+00 -1.2122236264E-01  4.7197523354E-01  9.7832125379E-01 -4.5389342982E+00
  3.4413067083E+00 -1.1809647396E-01  4.6638047752E-01  9.7717269362E-01 -4.5466231114E+00
</Path of -GradDelSqRho>
<Path of -GradDelSqRho>
Starting CP# =      8
Ending CP# =      1
Number of Points =      7
  3.6377962363E+00  1.8622883012E-01  1.2444200273E-01  2.2577212864E+01  1.2312046371E+03
  3.6298662721E+00  2.0127991800E-01  1.0612315889E-01  3.2813990242E+01  9.7874939730E+02
  3.6218871251E+00  2.1631787869E-01  8.7814886266E-02  4.8071515005E+01 -8.0546094361E+02
  3.6138863242E+00  2.3135003753E-01  6.9511297256E-02  7.0739343448E+01 -6.4115931366E+03
  3.6058697239E+00  2.4637795483E-01  5.1211139933E-02  1.0439158688E+02 -2.0713982887E+04
  3.5978269929E+00  2.6139884627E-01  3.2916679855E-02  1.5488282550E+02 -7.5587250152E+04
  3.5838412575E+00  2.8742961850E-01  1.2083303089E-03  2.9726929024E+02 -3.3291106679E+06
</Path of -GradDelSqRho>
<Path of -GradDelSqRho>
Starting CP# =     12
Ending CP# =     15
Number of Points =     35
  2.9135130684E+00  2.3068270555E-01  3.4389039369E-03  8.3389104102E-01 -3.2498962940E+00
  2.9147007082E+00  2.2453669403E-01  1.0927779990E-02  8.3477998964E-01 -3.2501903276E+00
  2.9158843310E+00  2.1231580456E-01  2.5702401046E-02  8.3424919393E-01 -3.2528057610E+00
  2.9190376374E+00  1.9658842737E-01  4.4874763849E-02  8.3500493020E-01 -3.2599900424E+00
