 AIMInt (Version 19.02.13, Professional)
 Portions Copyright (c) 1997-2019 by Todd A. Keith
 AIMInt is a component of the AIMAll package ( http://aim.tkgristmill.com )

 TP:  64-bit Linux

 Licensed To:  Research Group of Fernando Cortes Guzman, UNAM, fercor@unam.mx

 AIMInt is a heavily modified and extended version of the PROAIMV program
 developed by members of R.F.W. Bader's research group

 Much of the Quantum Theory of Atoms in Molecules (QTAIM) is described in the book:
   "Atoms in Molecules - A Quantum Theory"
   R.F.W. Bader, Oxford University Press, Oxford, 1990

 For additional references see:  http://aim.tkgristmill.com/references.html

 Current Directory:  /home/scratch/M_H2O_4_cuadrado_plano/Opt

 Inp File:  Ni2_cuadrado_plano_cc-pvtz-def2-tzv_1_atomicfiles/o8.inp
 Wfx File:  Ni2_cuadrado_plano_cc-pvtz-def2-tzv_1.wfx
 Out File:  Ni2_cuadrado_plano_cc-pvtz-def2-tzv_1_atomicfiles/o8.int

 Wfx Title:   Ni2_cuadrado_plano_cc-pvtz-def2-tzv_1                                         
 Job Title:   Ni2_cuadrado_plano_cc-pvtz-def2-tzv_1                                         
 
<Atom>
O8      
</Atom>
<Nuclei of Molecule>
    13
Ni1       28.0           1.9231592417E-03  -2.8835789311E-03   1.3441095153E-04
O2         8.0          -3.5896789891E+00  -2.9380304675E-01  -1.5977600892E-03
H3         1.0          -4.7752209329E+00   7.4904074049E-01  -9.6668301345E-01
O4         8.0           2.9243884085E-01  -3.5749206459E+00  -1.2286062530E-03
H5         1.0           1.5196059141E+00  -4.5783961773E+00   9.5380119496E-01
O6         8.0           3.5838409284E+00   2.8742958883E-01   1.2083334975E-03
H7         1.0           4.5854821252E+00   1.5164977797E+00   9.5558903123E-01
O8         8.0          -2.9008020618E-01   3.5873206114E+00   9.7474760076E-04
H9         1.0          -1.5144464522E+00   4.5888441388E+00   9.6125658327E-01
H10        1.0          -4.5955259758E+00  -1.5033087514E+00   9.7295913912E-01
H11        1.0          -7.6638785835E-01  -4.7624527561E+00  -9.4654468107E-01
H12        1.0           4.7717598026E+00  -7.5305267213E-01  -9.6366768876E-01
H13        1.0           7.4872032678E-01   4.7753558470E+00  -9.6532778999E-01
</Nuclei of Molecule>
<Total Number of CPs of DelSqRho>
    34
</Total Number of CPs of DelSqRho>
<Number of (3,+3) CPs of DelSqRho>
     5
</Number of (3,+3) CPs of DelSqRho>
<Number of (3,+1) CPs of DelSqRho>
    14
</Number of (3,+1) CPs of DelSqRho>
<Number of (3,-1) CPs of DelSqRho>
    10
</Number of (3,-1) CPs of DelSqRho>
<Number of (3,-3) CPs of DelSqRho>
     5
</Number of (3,-3) CPs of DelSqRho>
<Number of Degenerate CPs of DelSqRho>
     0
</Number of Degenerate CPs of DelSqRho>
<CP of DelSqRho>
CP# = 1       
Type = (3,+3)
Coords = -2.90080234902199E-01  3.58732094080731E+00  9.74745703046123E-04
DistFromNuc =  3.3063837189E-07
Rho =  2.9726981667E+02
DelSqRho = -3.3291181728E+06
GradDelSqRho =  3.2958801057E-06  2.6072393666E-05 -1.3757937012E-09
HessDelSqRho_EigVals =  1.3239190095E+11  1.3239192087E+11  1.3239192872E+11
HessDelSqRho_EigVec1 =  6.5047802347E-01  5.5406613352E-02  7.5750145094E-01
HessDelSqRho_EigVec2 = -8.3586314100E-02  9.9649992155E-01 -1.1110546025E-03
HessDelSqRho_EigVec3 =  7.5491169621E-01  6.2594037608E-02 -6.5283253395E-01
</CP of DelSqRho>
<CP of DelSqRho>
CP# = 2       
Type = (3,-1)
Coords = -1.61603130723421E-01  2.01622568246741E+00  2.67530215337855E-03
DistFromNuc =  1.5763402319E+00
Rho =  1.2227096132E-01
DelSqRho =  3.2872370034E-01
GradDelSqRho =  1.7347234760E-18  1.3877787808E-16 -5.4210108624E-18
HessDelSqRho_EigVals = -3.0522340185E-01 -2.6859727409E-01  4.1088316561E+00
HessDelSqRho_EigVec1 =  4.0895998152E-01  3.2952294525E-02  9.1195716994E-01
HessDelSqRho_EigVec2 =  9.0894776502E-01  7.4026643568E-02 -4.1028528672E-01
HessDelSqRho_EigVec3 = -8.1028969976E-02  9.9671169469E-01  3.2202032470E-04
</CP of DelSqRho>
<CP of DelSqRho>
CP# = 3       
Type = (3,+1)
Coords = -1.04976293755982E+00  4.20720040889826E+00  5.95165505281627E-01
DistFromNuc =  1.1464865774E+00
Rho =  4.1908676081E-01
DelSqRho = -9.9145248509E-01
GradDelSqRho = -7.0776717820E-15  7.1054273576E-15  1.4960255257E-14
HessDelSqRho_EigVals = -3.2609053302E+01  1.5197275004E+01  1.6272400235E+01
HessDelSqRho_EigVec1 =  6.5972224138E-01 -5.4383344518E-01 -5.1866342471E-01
HessDelSqRho_EigVec2 =  6.4119558466E-01  4.7366097359E-02  7.6591427395E-01
HessDelSqRho_EigVec3 = -3.9196273604E-01 -8.3785537936E-01  3.7995207175E-01
</CP of DelSqRho>
<CP of DelSqRho>
CP# = 4       
Type = (3,+1)
Coords =  3.54687881752683E-01  4.32291085268928E+00 -5.97019642576603E-01
DistFromNuc =  1.1464799087E+00
Rho =  4.1908213596E-01
DelSqRho = -9.9138665379E-01
GradDelSqRho =  1.4221956945E-13  1.6753265442E-13 -3.0262597983E-13
HessDelSqRho_EigVals = -3.2606667398E+01  1.5195745130E+01  1.6271552083E+01
HessDelSqRho_EigVec1 =  5.5907074592E-01  6.4427806093E-01 -5.2186749397E-01
HessDelSqRho_EigVec2 =  6.4124419073E-01  6.3008503089E-02  7.6474558932E-01
HessDelSqRho_EigVec3 =  5.2559089500E-01 -7.6219138590E-01 -3.7791335297E-01
</CP of DelSqRho>
<CP of DelSqRho>
CP# = 5       
Type = (3,-1)
Coords = -3.03912889912170E-01  3.75556300066474E+00  1.01273464219631E-03
DistFromNuc =  1.6881008892E-01
Rho =  2.2326381382E+01
DelSqRho =  1.2527874627E+03
GradDelSqRho =  4.4977355174E-12 -5.6957105699E-11 -5.5733195836E-14
HessDelSqRho_EigVals = -4.0654643340E+05 -2.0821307358E+03  1.5000154404E+03
HessDelSqRho_EigVec1 = -8.1917800457E-02  9.9663905655E-01  2.5479359718E-04
HessDelSqRho_EigVec2 =  6.5019422294E-01  5.3248337250E-02  7.5789978694E-01
HessDelSqRho_EigVec3 =  7.5533896128E-01  6.2251148837E-02 -6.5237094359E-01
</CP of DelSqRho>
<CP of DelSqRho>
CP# = 6       
Type = (3,-1)
Coords = -2.75934725253398E-01  3.42105955679171E+00  1.26002151139691E-03
DistFromNuc =  1.6686196181E-01
Rho =  2.2757952521E+01
DelSqRho =  1.2962972753E+03
GradDelSqRho = -3.8458125573E-12 -1.3642420527E-12  1.2700951402E-13
HessDelSqRho_EigVals = -4.5356419371E+05 -3.7136792061E+03  2.3886754592E+02
HessDelSqRho_EigVec1 = -8.4782641690E-02  9.9639797030E-01 -1.7287120292E-03
HessDelSqRho_EigVec2 =  6.4903681765E-01  5.6542215046E-02  7.5865287665E-01
HessDelSqRho_EigVec3 =  7.5601793167E-01  6.3198597254E-02 -6.5149276611E-01
</CP of DelSqRho>
<CP of DelSqRho>
CP# = 7       
Type = (3,+1)
Coords = -1.88407788537138E-01  3.64103661602346E+00  1.23928881502202E-01
DistFromNuc =  1.6834609798E-01
Rho =  2.2576511483E+01
DelSqRho =  1.2311200992E+03
GradDelSqRho =  6.7643668444E-12 -4.3058889787E-12  3.4106051316E-13
HessDelSqRho_EigVals = -4.1197783476E+05  2.6530402007E+03  3.7053995731E+03
HessDelSqRho_EigVec1 =  6.0516860123E-01  3.1450632453E-01  7.3133900205E-01
HessDelSqRho_EigVec2 = -2.4919886455E-01  9.4732548376E-01 -2.0118238919E-01
HessDelSqRho_EigVec3 =  7.5608920770E-01  6.0499583857E-02 -6.5166625688E-01
</CP of DelSqRho>
<CP of DelSqRho>
CP# = 8       
Type = (3,+1)
Coords = -3.99245503494975E-01  3.62294074077514E+00 -1.22143052150301E-01
DistFromNuc =  1.6835631371E-01
Rho =  2.2574296708E+01
DelSqRho =  1.2308853942E+03
GradDelSqRho = -3.8085090637E-12 -2.8421709430E-13  3.5242919694E-12
HessDelSqRho_EigVals = -4.1174029593E+05  2.6624489115E+03  3.7135127743E+03
HessDelSqRho_EigVec1 =  6.4885865971E-01 -2.0687118985E-01  7.3224773850E-01
HessDelSqRho_EigVec2 =  8.7738304641E-02  9.7625511901E-01  1.9806042639E-01
HessDelSqRho_EigVec3 =  7.5583359916E-01  6.4267047654E-02 -6.5160211553E-01
</CP of DelSqRho>
<CP of DelSqRho>
CP# = 9       
Type = (3,-3)
Coords = -3.53610178517476E-01  3.44711916832334E+00  6.58220815812367E-02
DistFromNuc =  1.6702598228E-01
Rho =  2.2699768392E+01
DelSqRho =  1.2969416221E+03
GradDelSqRho =  3.5811353882E-12 -7.1587180628E-12 -6.6791017161E-12
HessDelSqRho_EigVals = -4.4989916071E+05 -3.9196599064E+03 -4.1976893551E+02
HessDelSqRho_EigVec1 =  3.7836765695E-01  8.4101419574E-01 -3.8669502032E-01
HessDelSqRho_EigVec2 =  6.4970374814E-01  5.6274065821E-02  7.5810175383E-01
HessDelSqRho_EigVec3 =  6.5933523781E-01 -5.3807838842E-01 -5.2511778878E-01
</CP of DelSqRho>
<CP of DelSqRho>
CP# = 10      
Type = (3,-3)
Coords = -2.03950239763659E-01  3.45938959333554E+00 -6.31572810911324E-02
DistFromNuc =  1.6702584713E-01
Rho =  2.2699841632E+01
DelSqRho =  1.2969350235E+03
GradDelSqRho =  2.9672264645E-11 -2.9857005757E-11 -1.9127810447E-11
HessDelSqRho_EigVals = -4.4990119961E+05 -3.9190395444E+03 -4.1824712027E+02
HessDelSqRho_EigVec1 = -5.1400048002E-01  7.6784999794E-01  3.8237401481E-01
HessDelSqRho_EigVec2 =  6.4884575058E-01  5.6460327706E-02  7.5882239249E-01
HessDelSqRho_EigVec3 =  5.6107281033E-01  6.3813682863E-01 -5.2723684379E-01
</CP of DelSqRho>
<CP of DelSqRho>
CP# = 11      
Type = (3,-1)
Coords =  2.40735598069924E-01  3.36968749064030E+00 -4.31195999346932E-01
DistFromNuc =  7.1826258974E-01
Rho =  6.6391320848E-01
DelSqRho = -9.1737862572E-01
GradDelSqRho =  1.7763568394E-15 -5.3290705182E-15 -1.2434497876E-14
HessDelSqRho_EigVals = -1.5536243492E+01 -1.2557716383E+01  1.4033613668E+02
HessDelSqRho_EigVec1 =  2.5254155041E-01  9.4448408016E-01 -2.1017275664E-01
HessDelSqRho_EigVec2 =  6.2973210638E-01  4.4771164800E-03  7.7679947838E-01
HessDelSqRho_EigVec3 =  7.3461570872E-01 -3.2852667738E-01 -5.9364129131E-01
</CP of DelSqRho>
<CP of DelSqRho>
CP# = 12      
Type = (3,-1)
Coords = -7.77731097786866E-01  3.28588262005091E+00  4.33690955095603E-01
DistFromNuc =  7.1826984550E-01
Rho =  6.6392303021E-01
DelSqRho = -9.1748795744E-01
GradDelSqRho =  1.4210854715E-14  1.7763568394E-15  0.0000000000E+00
HessDelSqRho_EigVals = -1.5543417440E+01 -1.2551435554E+01  1.4033009935E+02
HessDelSqRho_EigVec1 = -4.0683419727E-01  8.8994532244E-01  2.0611467440E-01
HessDelSqRho_EigVec2 =  6.2070866966E-01  1.0376436415E-01  7.7714458381E-01
HessDelSqRho_EigVec3 =  6.7022882909E-01  4.4410615826E-01 -5.9461166896E-01
</CP of DelSqRho>
<CP of DelSqRho>
CP# = 13      
Type = (3,-1)
Coords = -3.50778212267698E-01  4.31436981750406E+00 -1.50552762753748E-05
DistFromNuc =  7.2957917714E-01
Rho =  6.5418717927E-01
DelSqRho = -8.6554695400E-01
GradDelSqRho =  8.1046280798E-15 -4.7961634664E-14 -4.5970172113E-16
HessDelSqRho_EigVals = -1.9151270229E+01 -7.3282792991E+00  1.2838734512E+02
HessDelSqRho_EigVec1 =  7.7110532054E-01  6.3529327609E-02 -6.3353027486E-01
HessDelSqRho_EigVec2 =  6.3125941719E-01  5.3606692311E-02  7.7371691900E-01
HessDelSqRho_EigVec3 = -8.3115178137E-02  9.9653918492E-01 -1.2329193367E-03
</CP of DelSqRho>
<CP of DelSqRho>
CP# = 14      
Type = (3,+1)
Coords = -2.33919883551394E-01  2.91692398598977E+00  2.23323317453155E-03
DistFromNuc =  6.7274601524E-01
Rho =  8.3354697600E-01
DelSqRho = -3.2463778951E+00
GradDelSqRho =  6.4948046941E-15 -5.1236792586E-14  3.4694469520E-17
HessDelSqRho_EigVals = -6.9556175989E+00  1.8491192443E+01  2.2991101073E+02
HessDelSqRho_EigVec1 =  6.3923498081E-01  5.5195491529E-02  7.6702809403E-01
HessDelSqRho_EigVec2 =  7.6444967466E-01  6.2871379284E-02 -6.4161038379E-01
HessDelSqRho_EigVec3 = -8.3638114725E-02  9.9649417830E-01 -2.0045906122E-03
</CP of DelSqRho>
<CP of DelSqRho>
CP# = 15      
Type = (3,+3)
Coords =  1.16907756754807E-01  3.44391593458116E+00  4.64658739707991E-01
DistFromNuc =  6.3340898940E-01
Rho =  9.7686590262E-01
DelSqRho = -4.5437260911E+00
GradDelSqRho =  3.5527136788E-15  1.5987211555E-14 -1.7763568394E-14
HessDelSqRho_EigVals =  1.3229305112E+01  2.4406773346E+01  3.5386259898E+02
HessDelSqRho_EigVec1 =  1.0624747396E-01  9.7708498345E-01  1.8443538000E-01
HessDelSqRho_EigVec2 =  7.5650536690E-01  4.0943249834E-02 -6.5270458873E-01
HessDelSqRho_EigVec3 =  6.4529923612E-01 -2.0887456861E-01  7.3481991702E-01
</CP of DelSqRho>
<CP of DelSqRho>
CP# = 16      
Type = (3,+1)
Coords = -9.32613095464825E-01  3.85348203481060E+00  2.39889743381645E-02
DistFromNuc =  6.9585923270E-01
Rho =  7.7718521202E-01
DelSqRho = -2.5986411162E+00
GradDelSqRho = -3.5527136788E-15 -7.1054273576E-15  5.7731597281E-15
HessDelSqRho_EigVals = -1.1955415564E+01  1.5443124510E+01  1.7997244130E+02
HessDelSqRho_EigVec1 =  9.0529582141E-02  4.4158204943E-01  8.9264197099E-01
HessDelSqRho_EigVec2 =  3.2998240552E-01  8.3238910051E-01 -4.4524150457E-01
HessDelSqRho_EigVec3 =  9.3963610339E-01 -3.3486367222E-01  7.0358469458E-02
</CP of DelSqRho>
<CP of DelSqRho>
CP# = 17      
Type = (3,+3)
Coords = -7.83248744902075E-01  3.97134339075286E+00  3.77187569608962E-01
DistFromNuc =  7.2953738086E-01
Rho =  7.4017209141E-01
DelSqRho = -2.9432071627E+00
GradDelSqRho = -3.2152058793E-13  4.6540549192E-13  6.9011463211E-13
HessDelSqRho_EigVals =  9.8906816992E+00  2.3068519023E+01  1.3346603381E+02
HessDelSqRho_EigVec1 =  6.3148605988E-01  6.7901008699E-02  7.7240844712E-01
HessDelSqRho_EigVec2 = -3.6249010755E-01 -8.5474710506E-01  3.7149469487E-01
HessDelSqRho_EigVec3 =  6.8543874861E-01 -5.1458414221E-01 -5.1514743763E-01
</CP of DelSqRho>
<CP of DelSqRho>
CP# = 18      
Type = (3,+3)
Coords =  1.31266871786489E-01  4.04671257627153E+00 -3.78073751743463E-01
DistFromNuc =  7.2955609951E-01
Rho =  7.4012746351E-01
DelSqRho = -2.9427347746E+00
GradDelSqRho =  2.0072832285E-13  1.7053025658E-13 -9.7699626167E-14
HessDelSqRho_EigVals =  9.8867683164E+00  2.3063526243E+01  1.3344614145E+02
HessDelSqRho_EigVec1 = -6.3564404853E-01 -4.2338617407E-02 -7.7082039740E-01
HessDelSqRho_EigVec2 = -4.9957335666E-01  7.8379153219E-01  3.6891366928E-01
HessDelSqRho_EigVec3 =  5.8854320562E-01  6.1957911161E-01 -5.1936366794E-01
</CP of DelSqRho>
<CP of DelSqRho>
CP# = 19      
Type = (3,+3)
Coords = -6.67234808196055E-01  3.37568495588009E+00 -4.62111496358543E-01
DistFromNuc =  6.3362774076E-01
Rho =  9.7589807514E-01
DelSqRho = -4.5325513972E+00
GradDelSqRho =  4.6185277824E-14  3.3750779949E-14  7.9936057773E-14
HessDelSqRho_EigVals =  1.3114921964E+01  2.4336379151E+01  3.5264214606E+02
HessDelSqRho_EigVec1 = -2.6775752402E-01  9.4479064629E-01 -1.8888235228E-01
HessDelSqRho_EigVec2 =  7.5309714540E-01  8.2951351415E-02 -6.5265899434E-01
HessDelSqRho_EigVec3 =  6.0095806669E-01  3.1700111668E-01  7.3372998719E-01
</CP of DelSqRho>
<CP of DelSqRho>
CP# = 20      
Type = (3,+1)
Coords = -4.39433933515435E-01  3.89411239278032E+00  6.08282493707296E-01
DistFromNuc =  6.9659918996E-01
Rho =  7.7364617399E-01
DelSqRho = -2.5430365095E+00
GradDelSqRho =  7.1609385088E-15 -3.5527136788E-15 -1.5987211555E-14
HessDelSqRho_EigVals = -1.2643309640E+01  1.4835394332E+01  1.7871474714E+02
HessDelSqRho_EigVec1 =  8.9324794574E-01 -3.5888083215E-01  2.7076309893E-01
HessDelSqRho_EigVec2 =  4.3518940446E-01  8.4135117637E-01 -3.2052828311E-01
HessDelSqRho_EigVec3 = -1.1277539483E-01  4.0414446222E-01  9.0771634555E-01
</CP of DelSqRho>
<CP of DelSqRho>
CP# = 21      
Type = (3,+1)
Coords = -1.94915369869384E-01  3.91215431674137E+00 -6.07815341800285E-01
DistFromNuc =  6.9656202533E-01
Rho =  7.7377154763E-01
DelSqRho = -2.5440201551E+00
GradDelSqRho =  1.7763568394E-15 -7.1054273576E-15  2.6645352591E-14
HessDelSqRho_EigVals = -1.2608611759E+01  1.4830360561E+01  1.7872498606E+02
HessDelSqRho_EigVec1 =  8.2101097817E-01  5.0432307572E-01  2.6758028519E-01
HessDelSqRho_EigVec2 = -5.6933317113E-01  7.5808156423E-01  3.1807559201E-01
HessDelSqRho_EigVec3 = -4.2434820277E-02 -4.1348588523E-01  9.0952114255E-01
</CP of DelSqRho>
<CP of DelSqRho>
CP# = 22      
Type = (3,+1)
Coords =  2.98977682547714E-01  3.95703536918302E+00 -2.46739449900832E-02
DistFromNuc =  6.9594256502E-01
Rho =  7.7697456146E-01
DelSqRho = -2.5975392642E+00
GradDelSqRho =  2.0747847884E-12  1.0054179711E-12  5.0270898555E-13
HessDelSqRho_EigVals = -1.1981198111E+01  1.5447724869E+01  1.7989835725E+02
HessDelSqRho_EigVec1 =  1.6447919560E-01 -4.1627430603E-01  8.9423838900E-01
HessDelSqRho_EigVec2 = -4.6364411232E-01  7.6756280906E-01  4.4258498761E-01
HessDelSqRho_EigVec3 =  8.7062088841E-01  4.8740438681E-01  6.6755017691E-02
</CP of DelSqRho>
<CP of DelSqRho>
CP# = 23      
Type = (3,-3)
Coords = -1.08068750981639E+00  3.10181454294000E+00  6.58718164418656E-01
DistFromNuc =  1.1372785294E+00
Rho =  2.4613816817E-01
DelSqRho =  8.5763154039E-01
GradDelSqRho =  2.6572077871E-12  5.1729731609E-12 -8.8494211958E-12
HessDelSqRho_EigVals = -1.7812364139E+01 -1.9496549240E+00 -5.3384525753E-01
HessDelSqRho_EigVec1 =  6.7604736573E-01  4.6576442210E-01 -5.7098464287E-01
HessDelSqRho_EigVec2 = -3.9009895692E-01  8.8362198010E-01  2.5891118188E-01
HessDelSqRho_EigVec3 = -6.2512619774E-01 -4.7704291139E-02 -7.7906452717E-01
</CP of DelSqRho>
<CP of DelSqRho>
CP# = 24      
Type = (3,-3)
Coords =  5.70625214883194E-01  3.23773717639993E+00 -6.55000360795751E-01
DistFromNuc =  1.1372448033E+00
Rho =  2.4612468720E-01
DelSqRho =  8.5774843325E-01
GradDelSqRho = -8.5006446326E-12  3.3101299479E-12  4.0961678494E-13
HessDelSqRho_EigVals = -1.7817040393E+01 -1.9459347492E+00 -5.3533244614E-01
HessDelSqRho_EigVec1 =  7.4446211472E-01 -3.4879580157E-01 -5.6931331317E-01
HessDelSqRho_EigVec2 =  2.3733136905E-01  9.3524957999E-01 -2.6264433058E-01
HessDelSqRho_EigVec3 =  6.2405927684E-01  6.0412845734E-02  7.7903806522E-01
</CP of DelSqRho>
<CP of DelSqRho>
CP# = 25      
Type = (3,+1)
Coords = -1.91210637982950E-01  2.35273353435997E+00 -2.04117549566390E-03
DistFromNuc =  1.2385433130E+00
Rho =  2.3885993755E-01
DelSqRho =  4.5113019877E-01
GradDelSqRho = -1.4571677198E-16 -5.5511151231E-16  3.4694469520E-18
HessDelSqRho_EigVals = -1.0158001083E+01  2.8828126428E-01  7.2130154150E-01
HessDelSqRho_EigVec1 = -7.9858429008E-02  9.9680305961E-01  2.5083186365E-03
HessDelSqRho_EigVec2 =  5.7546941632E-01  4.4048520230E-02  8.1663619730E-01
HessDelSqRho_EigVec3 =  8.1391497234E-01  6.6658744450E-02 -5.7714732053E-01
</CP of DelSqRho>
<CP of DelSqRho>
CP# = 26      
Type = (3,-1)
Coords = -1.97174220382371E-01  3.75888127330457E+00  1.17652470792946E+00
DistFromNuc =  1.1916300987E+00
Rho =  2.4570741189E-01
DelSqRho =  7.1606503273E-01
GradDelSqRho = -6.9116934398E-13 -6.6235905649E-13 -3.4914293678E-12
HessDelSqRho_EigVals = -1.7316172222E+01 -1.1979310933E+00  2.9222316535E-01
HessDelSqRho_EigVec1 =  8.8457893752E-02  1.2514138728E-01  9.8818765132E-01
HessDelSqRho_EigVec2 =  7.9326259393E-01 -6.0884917816E-01  6.0938755282E-03
HessDelSqRho_EigVec3 =  6.0241983542E-01  7.8335324818E-01 -1.5312749739E-01
</CP of DelSqRho>
<CP of DelSqRho>
CP# = 27      
Type = (3,-1)
Coords = -4.10648780331247E-01  3.73534030015738E+00 -1.17530250895034E+00
DistFromNuc =  1.1916689111E+00
Rho =  2.4571397977E-01
DelSqRho =  7.1572425288E-01
GradDelSqRho =  1.4849232954E-15 -4.2327252814E-16  1.6348034038E-14
HessDelSqRho_EigVals = -1.7307977673E+01 -1.1995405881E+00  2.9314545379E-01
HessDelSqRho_EigVec1 =  1.0842891153E-01 -1.0381928206E-01  9.8866815859E-01
HessDelSqRho_EigVec2 =  6.7972078967E-01  7.3346678465E-01  2.4746519880E-03
HessDelSqRho_EigVec3 =  7.2541217196E-01 -6.7174997766E-01 -1.5009712949E-01
</CP of DelSqRho>
<CP of DelSqRho>
CP# = 28      
Type = (3,-3)
Coords = -3.80553897336981E-01  4.74008286689859E+00  6.33755945257725E-03
DistFromNuc =  1.1563196211E+00
Rho =  2.5285325356E-01
DelSqRho =  8.7287118440E-01
GradDelSqRho =  3.3584246495E-14 -2.5568436257E-13  1.4338356891E-14
HessDelSqRho_EigVals = -1.6862726944E+01 -4.1679223031E+00 -5.5210009153E-02
HessDelSqRho_EigVec1 = -7.8296558020E-02  9.9691962771E-01  4.5721859649E-03
HessDelSqRho_EigVec2 =  7.6423455375E-01  6.2965583772E-02 -6.4185736898E-01
HessDelSqRho_EigVec3 =  6.4016809968E-01  4.6761000230E-02  7.6681041529E-01
</CP of DelSqRho>
<CP of DelSqRho>
CP# = 29      
Type = (3,-1)
Coords =  8.11750636859609E-01  3.87751772379894E+00  3.50929278220376E-01
DistFromNuc =  1.1919369716E+00
Rho =  2.4594270157E-01
DelSqRho =  7.1638052118E-01
GradDelSqRho =  1.8982038164E-13  2.1629920077E-13  3.5142722066E-13
HessDelSqRho_EigVals = -1.7552545693E+01 -1.0644383979E+00  3.0317615551E-01
HessDelSqRho_EigVec1 =  9.2504178796E-01  2.2725181489E-01  3.0439169363E-01
HessDelSqRho_EigVec2 = -8.3891406612E-02 -6.5931370183E-01  7.4717312216E-01
HessDelSqRho_EigVec3 = -3.7048606239E-01  7.1670220818E-01  5.9082825116E-01
</CP of DelSqRho>
<CP of DelSqRho>
CP# = 30      
Type = (3,-1)
Coords = -1.42444755973407E+00  3.68770074687759E+00 -3.50899211407042E-01
DistFromNuc =  1.1919231298E+00
Rho =  2.4595917912E-01
DelSqRho =  7.1639616333E-01
GradDelSqRho =  2.4980018054E-15 -4.1633363423E-16  5.8286708793E-16
HessDelSqRho_EigVals = -1.7552039144E+01 -1.0674215358E+00  3.0316345701E-01
HessDelSqRho_EigVec1 =  9.4958799992E-01 -6.8041060891E-02  3.0602784911E-01
HessDelSqRho_EigVec2 = -1.9396183731E-01  6.3939269131E-01  7.4401330093E-01
HessDelSqRho_EigVec3 =  2.4629542437E-01  7.6586382623E-01 -5.9396225773E-01
</CP of DelSqRho>
<CP of DelSqRho>
CP# = 31      
Type = (3,+1)
Coords =  1.19032770503200E+00  4.91820713756054E+00 -2.11659487078014E-01
DistFromNuc =  2.0020189427E+00
Rho =  7.4761131495E-02
DelSqRho =  1.7933680161E-01
GradDelSqRho = -2.9143354396E-16 -2.9577035265E-16 -2.4633073359E-16
HessDelSqRho_EigVals = -1.6287522740E+00  3.8487658600E-02  5.8901988769E-01
HessDelSqRho_EigVec1 =  7.6244154910E-01  5.5508222198E-01  3.3251558015E-01
HessDelSqRho_EigVec2 = -6.3348284826E-01  7.4505259689E-01  2.0879681231E-01
HessDelSqRho_EigVec3 = -1.3184219797E-01 -3.6983828183E-01  9.1969412313E-01
</CP of DelSqRho>
<CP of DelSqRho>
CP# = 32      
Type = (3,+1)
Coords = -1.97061227812286E+00  4.65642155075095E+00  2.05727846317022E-01
DistFromNuc =  2.0022708845E+00
Rho =  7.4752984342E-02
DelSqRho =  1.7925584017E-01
GradDelSqRho =  7.0188299617E-13 -2.9714620521E-13  4.4571984992E-14
HessDelSqRho_EigVals = -1.6281471375E+00  3.8478265277E-02  5.8893660618E-01
HessDelSqRho_EigVec1 =  8.4215399884E-01 -4.2172233091E-01  3.3604600556E-01
HessDelSqRho_EigVec2 =  5.0286609014E-01  8.3919626886E-01 -2.0706355961E-01
HessDelSqRho_EigVec3 = -1.9468522703E-01  3.4336554567E-01  9.1880235330E-01
</CP of DelSqRho>
<CP of DelSqRho>
CP# = 33      
Type = (3,+1)
Coords = -8.56361859146175E-01  4.74593298968491E+00  1.52555025323403E+00
DistFromNuc =  1.9968445172E+00
Rho =  7.5127970743E-02
DelSqRho =  1.8262910052E-01
GradDelSqRho =  6.6701852375E-14 -1.5785376478E-13  7.7715611724E-15
HessDelSqRho_EigVals = -1.6814135040E+00  3.2898054818E-02  5.8531308367E-01
HessDelSqRho_EigVec1 =  1.6927623771E-01  4.9924732253E-01  8.4976330016E-01
HessDelSqRho_EigVec2 =  2.3195710773E-01  8.1780543618E-01 -5.2667843009E-01
HessDelSqRho_EigVec3 =  9.5788384240E-01 -2.8626278048E-01 -2.2631062437E-02
</CP of DelSqRho>
<CP of DelSqRho>
CP# = 34      
Type = (3,+1)
Coords =  7.32338770325012E-02  4.81748999085359E+00 -1.52959933343823E+00
DistFromNuc =  1.9969904463E+00
Rho =  7.5119766560E-02
DelSqRho =  1.8253950435E-01
GradDelSqRho =  3.1745439610E-16  1.1275702594E-17  4.8572257327E-16
HessDelSqRho_EigVals = -1.6795553886E+00  3.3036498321E-02  5.8545661378E-01
HessDelSqRho_EigVec1 =  2.5054985821E-01 -4.6021835307E-01  8.5171816703E-01
HessDelSqRho_EigVec2 = -3.6541007763E-01  7.6974604474E-01  5.2341809461E-01
HessDelSqRho_EigVec3 =  8.9649330378E-01  4.4236873093E-01 -2.4691338242E-02
</CP of DelSqRho>
<Path of -GradDelSqRho>
Starting CP# =      3
Ending CP# =     17
Number of Points =     17
 -1.0497629376E+00  4.2072004089E+00  5.9516550528E-01  4.1908676081E-01 -9.9145248509E-01
 -1.0332694622E+00  4.1936046762E+00  5.8219934454E-01  4.3053023830E-01 -1.0016799151E+00
 -1.0167752977E+00  4.1800089945E+00  5.6923400706E-01  4.4303714443E-01 -1.0325386582E+00
 -1.0002808452E+00  4.1664129143E+00  5.5626945392E-01  4.5661859400E-01 -1.0843168703E+00
 -9.8378670043E-01  4.1528156739E+00  5.4330572593E-01  4.7127894955E-01 -1.1572448101E+00
 -9.6729368914E-01  4.1392161393E+00  5.3034296259E-01  4.8701513006E-01 -1.2513560139E+00
 -9.5080291574E-01  4.1256127253E+00  5.1738142256E-01  5.0381597131E-01 -1.3663190762E+00
 -9.3431583811E-01  4.1120032846E+00  5.0442150795E-01  5.2166174587E-01 -1.5012454703E+00
 -9.1783438560E-01  4.0983849358E+00  4.9146379647E-01  5.4052397005E-01 -1.6544809329E+00
 -9.0136115214E-01  4.0847537919E+00  4.7850908819E-01  5.6036564070E-01 -1.8233899768E+00
 -8.8489972550E-01  4.0711045027E+00  4.6555847890E-01  5.8114205670E-01 -2.0041443224E+00
 -8.6845528102E-01  4.0574294436E+00  4.5261348422E-01  6.0280238451E-01 -2.1915253048E+00
 -8.5203574098E-01  4.0437171526E+00  4.3967626924E-01  6.2529212210E-01 -2.3787454857E+00
 -8.3565430759E-01  4.0299489689E+00  4.2675012680E-01  6.4855658635E-01 -2.5572818660E+00
 -8.1933598886E-01  4.0160905288E+00  4.1384065839E-01  6.7254542040E-01 -2.7166853575E+00
 -8.0313951159E-01  4.0020639549E+00  4.0095958982E-01  6.9721731076E-01 -2.8442784595E+00
 -7.8324874490E-01  3.9713433908E+00  3.7718756961E-01  7.4017209141E-01 -2.9432071627E+00
</Path of -GradDelSqRho>
<Path of -GradDelSqRho>
Starting CP# =      3
Ending CP# =      0
Number of Points =     29
 -1.0497629376E+00  4.2072004089E+00  5.9516550528E-01  4.1908676081E-01 -9.9145248509E-01
 -1.0662555237E+00  4.2207963732E+00  6.0813255427E-01  4.0868950091E-01 -1.0016158783E+00
 -1.0827470944E+00  4.2343925621E+00  6.2110065902E-01  3.9931570701E-01 -1.0320461254E+00
 -1.0992376674E+00  4.2479888038E+00  6.3406997713E-01  3.9093750071E-01 -1.0827630706E+00
 -1.1157273479E+00  4.2615848232E+00  6.4704066308E-01  3.8352213287E-01 -1.1539072583E+00
 -1.1322162965E+00  4.2751803040E+00  6.6001284392E-01  3.7703209859E-01 -1.2456505789E+00
 -1.1487046951E+00  4.2887749554E+00  6.7298659295E-01  3.7142517133E-01 -1.3580158458E+00
 -1.1651927093E+00  4.3023685860E+00  6.8596190005E-01  3.6665448090E-01 -1.4905738864E+00
 -1.1816804474E+00  4.3159611873E+00  6.9893863630E-01  3.6266885227E-01 -1.6419932486E+00
 -1.1981679146E+00  4.3295530327E+00  7.1191650842E-01  3.5941374551E-01 -1.8094563490E+00
 -1.2146549583E+00  4.3431448050E+00  7.2489499501E-01  3.5683327478E-01 -1.9880522383E+00
 -1.2311411963E+00  4.3567377729E+00  7.3787325308E-01  3.5487388748E-01 -2.1704299295E+00
 -1.2476259284E+00  4.3703340123E+00  7.5084999678E-01  3.5349025233E-01 -2.3472358956E+00
 -1.2641081070E+00  4.3839364670E+00  7.6382346999E-01  3.5265358857E-01 -2.5090865831E+00
 -1.2805868351E+00  4.3975475811E+00  7.7679224340E-01  3.5236190630E-01 -2.6508733164E+00
 -1.2970638986E+00  4.4111625132E+00  7.8975912431E-01  3.5265034108E-01 -2.7788327780E+00
 -1.3135474002E+00  4.4247595603E+00  8.0273657997E-01  3.5359810388E-01 -2.9198631386E+00
 -1.3300449055E+00  4.4383186252E+00  8.1573596036E-01  3.5532694861E-01 -3.1310708919E+00
 -1.3465544974E+00  4.4518450561E+00  8.2875398494E-01  3.5798519634E-01 -3.5058821049E+00
 -1.3630711849E+00  4.4653523948E+00  8.4178283033E-01  3.6171239978E-01 -4.1718999148E+00
 -1.3795917369E+00  4.4788493923E+00  8.5481749239E-01  3.6658323090E-01 -5.2756942268E+00
 -1.3961145052E+00  4.4923405070E+00  8.6785543507E-01  3.7253525827E-01 -6.9513608077E+00
 -1.4126386616E+00  4.5058279782E+00  8.8089538804E-01  3.7929347851E-01 -9.2735393020E+00
 -1.4291637755E+00  4.5193129727E+00  8.9393668911E-01  3.8631296891E-01 -1.2202329460E+01
 -1.4456896185E+00  4.5327961169E+00  9.0697897946E-01  3.9276654257E-01 -1.5536893561E+01
 -1.4622160776E+00  4.5462777386E+00  9.2002206277E-01  3.9760205993E-01 -1.8902743241E+01
 -1.4787431260E+00  4.5597579653E+00  9.3306584145E-01  3.9967966285E-01 -2.1796724679E+01
 -1.4952708567E+00  4.5732366933E+00  9.4611030421E-01  3.9797259692E-01 -2.3695923219E+01
 -1.5084940738E+00  4.5840177375E+00  9.5654656851E-01  3.9339827164E-01 -2.4225109903E+01
</Path of -GradDelSqRho>
<Path of -GradDelSqRho>
Starting CP# =      4
Ending CP# =      0
Number of Points =     29
  3.5468788175E-01  4.3229108527E+00 -5.9701964258E-01  4.1908213596E-01 -9.9138665379E-01
  3.6866414434E-01  4.3390178865E+00 -6.1006677050E-01  4.0868490453E-01 -1.0015493078E+00
  3.8263932944E-01  4.3551250460E+00 -6.2311489728E-01  3.9931109044E-01 -1.0319773590E+00
  3.9661349095E-01  4.3712321673E+00 -6.3616416754E-01  3.9093281857E-01 -1.0826906819E+00
  4.1058678566E-01  4.3873389971E+00 -6.4921472572E-01  3.8351734317E-01 -1.1538298644E+00
  4.2455943167E-01  4.4034452485E+00 -6.6226669221E-01  3.7702716289E-01 -1.2455668818E+00
  4.3853166280E-01  4.4195506612E+00 -6.7532013761E-01  3.7142005486E-01 -1.3579247171E+00
  4.5250367892E-01  4.4356550684E+00 -6.8837505376E-01  3.6664915261E-01 -1.4904745117E+00
  4.6647559145E-01  4.4517584715E+00 -7.0143131926E-01  3.6266328474E-01 -1.6418853405E+00
  4.8044736125E-01  4.4678611304E+00 -7.1448865525E-01  3.5940791446E-01 -1.8093404162E+00
  4.9441872226E-01  4.4839636798E+00 -7.2754656380E-01  3.5682715804E-01 -1.9879298414E+00
  5.0838908066E-01  4.5000672892E+00 -7.4060423774E-01  3.5486746310E-01 -2.1703037675E+00
  5.2235738951E-01  4.5161738664E+00 -7.5366044381E-01  3.5348349556E-01 -2.3471094532E+00
  5.3632210910E-01  4.5322861110E+00 -7.6671349601E-01  3.5264646781E-01 -2.5089629822E+00
  5.5028193286E-01  4.5484062634E+00 -7.7976202079E-01  3.5235437824E-01 -2.6507530356E+00
  5.6423945323E-01  4.5645298927E+00 -7.9280871387E-01  3.5264234620E-01 -2.7787101360E+00
  5.7820639941E-01  4.5806371312E+00 -8.0586555725E-01  3.5358956371E-01 -2.9197219212E+00
  5.9219370434E-01  4.5967095718E+00 -8.1894346877E-01  3.5531776705E-01 -3.1308801553E+00
  6.0619856270E-01  4.6127521092E+00 -8.3203930243E-01  3.5797526826E-01 -3.5055938838E+00
  6.2021371796E-01  4.6287771510E+00 -8.4514553901E-01  3.6170162867E-01 -4.1714510169E+00
  6.3423447361E-01  4.6447927171E+00 -8.5825736754E-01  3.6657155565E-01 -5.2750141556E+00
  6.4825843511E-01  4.6608028934E+00 -8.7137234959E-01  3.7252268667E-01 -6.9503869951E+00
  6.6228439941E-01  4.6768097323E+00 -8.8448926366E-01  3.7928012106E-01 -9.2722389033E+00
  6.7631174068E-01  4.6928143029E+00 -8.9760747299E-01  3.8629906304E-01 -1.2200723620E+01
  6.9034012599E-01  4.7088171793E+00 -9.1072663264E-01  3.9275245548E-01 -1.5535075773E+01
  7.0436938786E-01  4.7248186628E+00 -9.2384655414E-01  3.9758826027E-01 -1.8900880569E+01
  7.1839947821E-01  4.7408188713E+00 -9.3696714448E-01  3.9966665883E-01 -2.1795032934E+01
  7.3243050771E-01  4.7568177147E+00 -9.5008839525E-01  3.9796085081E-01 -2.3694617033E+01
  7.4365669551E-01  4.7696150347E+00 -9.6058607624E-01  3.9338777750E-01 -2.4224227325E+01
</Path of -GradDelSqRho>
<Path of -GradDelSqRho>
Starting CP# =      4
Ending CP# =     18
Number of Points =     17
  3.5468788175E-01  4.3229108527E+00 -5.9701964258E-01  4.1908213596E-01 -9.9138665379E-01
  3.4071065850E-01  4.3068039658E+00 -5.8397336247E-01  4.3052553311E-01 -1.0016133302E+00
  3.2673269201E-01  4.2906970771E+00 -5.7092788087E-01  4.4303230388E-01 -1.0324697729E+00
  3.1275444365E-01  4.2745898023E+00 -5.5788317809E-01  4.5661355994E-01 -1.0842440564E+00
  2.9877661789E-01  4.2584814800E+00 -5.4483931596E-01  4.7127366073E-01 -1.1571663245E+00
  2.8480020619E-01  4.2423711185E+00 -5.3179645709E-01  4.8700952215E-01 -1.2512699587E+00
  2.7082654758E-01  4.2262573266E+00 -5.1875488616E-01  5.0380997690E-01 -1.3662233546E+00
  2.5685741939E-01  4.2101382152E+00 -5.0571503574E-01  5.2165529463E-01 -1.5011377365E+00
  2.4289517967E-01  4.1940112482E+00 -4.9267752121E-01  5.4051698883E-01 -1.6543585379E+00
  2.2894299936E-01  4.1778730047E+00 -4.7964319228E-01  5.6035805380E-01 -1.8232499065E+00
  2.1500525643E-01  4.1617187808E+00 -4.6661321470E-01  5.8113378617E-01 -2.0039831263E+00
  2.0108824479E-01  4.1455418847E+00 -4.5358920973E-01  6.0279335066E-01 -2.1913390086E+00
  1.8720155433E-01  4.1293322809E+00 -4.4057351440E-01  6.2528224417E-01 -2.3785294782E+00
  1.7336107705E-01  4.1130736794E+00 -4.2756972761E-01  6.4854578354E-01 -2.5570307408E+00
  1.5959672504E-01  4.0967361912E+00 -4.1458406778E-01  6.7253361413E-01 -2.7163926706E+00
  1.4597822494E-01  4.0802523903E+00 -4.0162978711E-01  6.9720443335E-01 -2.8439363078E+00
  1.3126687179E-01  4.0467125763E+00 -3.7807375174E-01  7.4012746351E-01 -2.9427347746E+00
</Path of -GradDelSqRho>
<Path of -GradDelSqRho>
Starting CP# =      7
Ending CP# =     15
Number of Points =     32
 -1.8840778854E-01  3.6410366160E+00  1.2392888150E-01  2.2576511483E+01  1.2311200992E+03
 -1.7327155084E-01  3.6488727470E+00  1.4221792560E-01  1.5661160268E+01  1.1490990717E+03
 -1.5812839026E-01  3.6566827193E+00  1.6051243336E-01  1.0973653418E+01  9.7928599266E+02
 -1.4298351343E-01  3.6644862526E+00  1.7880826805E-01  7.8059483527E+00  7.7117287141E+02
 -1.2783462705E-01  3.6722746327E+00  1.9710723877E-01  5.6734457125E+00  5.7048256533E+02
 -1.1267777149E-01  3.6800327639E+00  2.1541245646E-01  4.2387481025E+00  4.0613657827E+02
 -9.7508670694E-02  3.6877442025E+00  2.3372725418E-01  3.2709049609E+00  2.8336552707E+02
 -8.2323082989E-02  3.6953923964E+00  2.5205489963E-01  2.6148328865E+00  1.9505977018E+02
 -6.7117137253E-02  3.7029619008E+00  2.7039832176E-01  2.1670442629E+00  1.3203490547E+02
 -5.1887127781E-02  3.7104375306E+00  2.8876026104E-01  1.8581549031E+00  8.7096286431E+01
 -3.6628563829E-02  3.7178005139E+00  3.0714398449E-01  1.6413414696E+00  5.5342484045E+01
 -2.1334854382E-02  3.7250228813E+00  3.2555424126E-01  1.4849947300E+00  3.3378390642E+01
 -5.9958502381E-03  3.7320605996E+00  3.4399824637E-01  1.3679592505E+00  1.8652877023E+01
  9.4040277980E-03  3.7388435521E+00  3.6248681318E-01  1.2763013006E+00  9.1425135723E+00
  2.4888669233E-02  3.7452576984E+00  3.8103584973E-01  1.2010291392E+00  3.2481469715E+00
  4.0495001679E-02  3.7511089411E+00  3.9966813234E-01  1.1364758018E+00 -2.4348039233E-01
  5.6280447363E-02  3.7560394492E+00  4.1841343822E-01  1.0791962755E+00 -2.2041580724E+00
  7.2329250311E-02  3.7592915926E+00  4.3729211673E-01  1.0273499074E+00 -3.2271182233E+00
  8.8670993820E-02  3.7588235804E+00  4.5613288860E-01  9.8106725928E-01 -3.6993026933E+00
  1.0360193696E-01  3.7481223130E+00  4.7232426939E-01  9.4870046385E-01 -3.8833774934E+00
  1.1127186464E-01  3.7255611818E+00  4.7899505753E-01  9.4442422258E-01 -3.9855941284E+00
  1.1513925134E-01  3.7009672422E+00  4.8115573312E-01  9.4983872110E-01 -4.0771859431E+00
  1.1798906589E-01  3.6761542573E+00  4.8221210246E-01  9.5592790483E-01 -4.1616163192E+00
  1.2023461490E-01  3.6512604111E+00  4.8266001750E-01  9.6142391351E-01 -4.2384385892E+00
  1.2191686036E-01  3.6263183354E+00  4.8255359212E-01  9.6616603433E-01 -4.3071953629E+00
  1.2303486897E-01  3.6013530235E+00  4.8189678413E-01  9.7012460374E-01 -4.3675123270E+00
  1.2358475361E-01  3.5763893327E+00  4.8068871901E-01  9.7328796363E-01 -4.4191075853E+00
  1.2356356208E-01  3.5514525204E+00  4.7892745549E-01  9.7565238087E-01 -4.4617959148E+00
  1.2297022863E-01  3.5265683362E+00  4.7660973095E-01  9.7722130756E-01 -4.4954907746E+00
  1.2180690082E-01  3.5017631072E+00  4.7372994325E-01  9.7800516722E-01 -4.5202042478E+00
  1.2008174125E-01  3.4770638779E+00  4.7027781778E-01  9.7802109656E-01 -4.5360450050E+00
  1.1690775675E-01  3.4439159346E+00  4.6465873971E-01  9.7686590262E-01 -4.5437260911E+00
</Path of -GradDelSqRho>
<Path of -GradDelSqRho>
Starting CP# =      7
Ending CP# =      1
Number of Points =      7
 -1.8840778854E-01  3.6410366160E+00  1.2392888150E-01  2.2576511483E+01  1.2311200992E+03
 -2.0352860851E-01  3.6331423636E+00  1.0565208746E-01  3.2812847196E+01  9.7871545174E+02
 -2.1863631225E-01  3.6251989169E+00  8.7385756778E-02  4.8069656079E+01 -8.0520626213E+02
 -2.3373821866E-01  3.6172338102E+00  6.9124062310E-02  7.0736388287E+01 -6.4107717981E+03
 -2.4883588779E-01  3.6092529036E+00  5.0865764097E-02  1.0438688054E+02 -2.0710895425E+04
 -2.6392653714E-01  3.6012458617E+00  3.2613105308E-02  1.5487552629E+02 -7.5576858810E+04
 -2.9008023490E-01  3.5873209408E+00  9.7474570305E-04  2.9726981667E+02 -3.3291181728E+06
</Path of -GradDelSqRho>
<Path of -GradDelSqRho>
Starting CP# =      8
Ending CP# =      1
Number of Points =      7
 -3.9924550349E-01  3.6229407408E+00 -1.2214305215E-01  2.2574296708E+01  1.2308853942E+03
 -3.8302704937E-01  3.6177364763E+00 -1.0384340741E-01  3.2809234225E+01  9.7863812394E+02
 -3.6681333044E-01  3.6124816130E+00 -8.5554021818E-02  4.8063762471E+01 -8.0437996441E+02
 -3.5060171861E-01  3.6072044645E+00 -6.7269182976E-02  7.0726980931E+01 -6.4081564904E+03
 -3.3439165085E-01  3.6019110709E+00 -4.8987672501E-02  1.0437183917E+02 -2.0701143071E+04
 -3.1818414877E-01  3.5965907935E+00 -3.0711691128E-02  1.5485209748E+02 -7.5543986312E+04
 -2.9008023490E-01  3.5873209408E+00  9.7474570305E-04  2.9726981667E+02 -3.3291181728E+06
</Path of -GradDelSqRho>
<Path of -GradDelSqRho>
Starting CP# =      8
Ending CP# =     19
Number of Points =     32
 -3.9924550349E-01  3.6229407408E+00 -1.2214305215E-01  2.2574296708E+01  1.2308853942E+03
 -4.1546947237E-01  3.6280852650E+00 -1.4045470092E-01  1.5659776387E+01  1.1488983480E+03
 -4.3169590480E-01  3.6332029319E+00 -1.5877169764E-01  1.0972759421E+01  9.7912369634E+02
 -4.4792295511E-01  3.6383139890E+00 -1.7708999251E-01  7.8053328419E+00  7.7104567106E+02
 -4.6415143310E-01  3.6434094720E+00 -1.9541136007E-01  5.6729740080E+00  5.7039152989E+02
 -4.8038272714E-01  3.6484738706E+00 -2.1373884830E-01  4.2383365086E+00  4.0607841252E+02
 -4.9661831285E-01  3.6534902991E+00 -2.3207572163E-01  3.2705047034E+00  2.8333333148E+02
 -5.1285961385E-01  3.6584417727E+00 -2.5042517901E-01  2.6144182862E+00  1.9504638213E+02
 -5.2910787288E-01  3.6633124607E+00 -2.6879008575E-01  2.1666042566E+00  1.3203450934E+02
 -5.4536421281E-01  3.6680868193E+00 -2.8717312035E-01  1.8576873362E+00  8.7104528082E+01
 -5.6162993280E-01  3.6727456513E+00 -3.0557747393E-01  1.6408493612E+00  5.5356119488E+01
 -5.7790687031E-01  3.6772603736E+00 -3.2400778317E-01  1.4844838059E+00  3.3394987305E+01
 -5.9419769496E-01  3.6815860301E+00 -3.4247108754E-01  1.3674362837E+00  1.8670649916E+01
 -6.1050608687E-01  3.6856511487E+00 -3.6097792457E-01  1.2757729902E+00  9.1602280449E+00
 -6.2683661073E-01  3.6893397675E+00 -3.7954376347E-01  1.2005013373E+00  3.2650280246E+00
 -6.4319338123E-01  3.6924552504E+00 -3.9819066180E-01  1.1359528743E+00 -2.2784833691E-01
 -6.5957357123E-01  3.6946371722E+00 -4.1694716860E-01  1.0786801375E+00 -2.1899294533E+00
 -6.7593482702E-01  3.6951296628E+00 -4.3583148720E-01  1.0268369563E+00 -3.2142611294E+00
 -6.9197158502E-01  3.6919324590E+00 -4.5467006743E-01  9.8053118884E-01 -3.6876013692E+00
 -7.0495849860E-01  3.6789444480E+00 -4.7087223534E-01  9.4799667619E-01 -3.8721552604E+00
 -7.0881436403E-01  3.6554293835E+00 -4.7752435353E-01  9.4356761545E-01 -3.9740940481E+00
 -7.0854372772E-01  3.6305291283E+00 -4.7961780187E-01  9.4894421721E-01 -4.0653786072E+00
 -7.0722755507E-01  3.6055847132E+00 -4.8060017057E-01  9.5501388948E-01 -4.1495594012E+00
 -7.0530138742E-01  3.5806628902E+00 -4.8097335148E-01  9.6049546266E-01 -4.2261949180E+00
 -7.0281167109E-01  3.5557888708E+00 -4.8079206643E-01  9.6522694943E-01 -4.2948306990E+00
 -6.9976184638E-01  3.5309874353E+00 -4.8006029299E-01  9.6917862389E-01 -4.3550944536E+00
 -6.9615241794E-01  3.5062837300E+00 -4.7877708804E-01  9.7233884574E-01 -4.4067053851E+00
 -6.9198492680E-01  3.4817031347E+00 -4.7694039072E-01  9.7470387444E-01 -4.4494784219E+00
 -6.8726291786E-01  3.4572711948E+00 -4.7454676155E-01  9.7627712162E-01 -4.4833262209E+00
 -6.8199326866E-01  3.4330134870E+00 -4.7159035968E-01  9.7706893750E-01 -4.5082591254E+00
 -6.7618894270E-01  3.4089553043E+00 -4.6806063932E-01  9.7709635385E-01 -4.5243831664E+00
 -6.6723480820E-01  3.3756849559E+00 -4.6211149636E-01  9.7589807514E-01 -4.5325513972E+00
</Path of -GradDelSqRho>
<Path of -GradDelSqRho>
Starting CP# =     14
Ending CP# =     15
Number of Points =     35
 -2.3391988355E-01  2.9169239860E+00  2.2332331745E-03  8.3354697600E-01 -3.2463778951E+00
 -2.2772431700E-01  2.9180978973E+00  9.7300129956E-03  8.3443189837E-01 -3.2466753529E+00
 -2.1539380851E-01  2.9192607814E+00  2.4534660061E-02  8.3389649094E-01 -3.2493204133E+00
 -1.9959911665E-01  2.9223823036E+00  4.3656967437E-02  8.3465144653E-01 -3.2565436961E+00
