 AIMInt (Version 14.11.23, Professional)
 Portions Copyright (c) 1997-2014 by Todd A. Keith
 AIMInt is a component of the AIMAll package ( http://aim.tkgristmill.com )

 AIMInt is a heavily modified and extended version of the PROAIMV program
 developed by members of R.F.W. Bader's research group

 Much of the Quantum Theory of Atoms in Molecules (QTAIM) is described in the book:
   "Atoms in Molecules - A Quantum Theory"
   R.F.W. Bader, Oxford University Press, Oxford, 1990

 For additional references see:  http://aim.tkgristmill.com/references.html

 Inp File:  E:\Proyecto spin\estructuras hexahidratadas\estructuras hexahidratadas solas\nuevas\Ni23_beta_atomicfiles\ni1.inp
 Wfx File:  E:\Proyecto spin\estructuras hexahidratadas\estructuras hexahidratadas solas\nuevas\Ni23_beta.wfx
 Out File:  E:\Proyecto spin\estructuras hexahidratadas\estructuras hexahidratadas solas\nuevas\Ni23_beta_atomicfiles\ni1.int

 Wfx Title:   Ni[H2O]6 (2+)                                                                 
 Job Title:   Ni[H2O]6 (2+)                                                                 
 
<Atom>
Ni1     
</Atom>
<Nuclei of Molecule>
    19
Ni1       28.0           0.0000000000E+00   0.0000000000E+00   0.0000000000E+00
O2         8.0          -3.9214370762E+00   2.3808692006E-02   2.1353113559E-02
H3         1.0          -5.0036284683E+00  -1.4411347422E+00   1.5908824041E-02
H4         1.0          -4.9805167560E+00   1.5047711243E+00   7.2209196531E-02
O5         8.0           3.1716204243E-02  -3.3294667576E-02   3.9214947566E+00
H6         1.0          -1.4304780954E+00  -6.0645056125E-02   5.0070295418E+00
H7         1.0           1.5157699755E+00  -8.1729232401E-02   4.9763872796E+00
O8         8.0           1.5803806651E-02   3.9209930903E+00   5.1101642237E-02
H9         1.0           1.5748508240E-02   5.0177812945E+00  -1.4028581362E+00
H10        1.0           5.0209233756E-02   4.9652838866E+00   1.5430783458E+00
O11        8.0           3.9214370762E+00  -2.3808692006E-02  -2.1353113559E-02
H12        1.0           5.0036284683E+00   1.4411347422E+00  -1.5908824041E-02
H13        1.0           4.9805167560E+00  -1.5047711243E+00  -7.2209196531E-02
O14        8.0          -3.1716204243E-02   3.3294667576E-02  -3.9214947566E+00
H15        1.0           1.4304780954E+00   6.0645056125E-02  -5.0070295418E+00
H16        1.0          -1.5157699755E+00   8.1729232401E-02  -4.9763872796E+00
O17        8.0          -1.5803806651E-02  -3.9209930903E+00  -5.1101642237E-02
H18        1.0          -1.5748508240E-02  -5.0177812945E+00   1.4028581362E+00
H19        1.0          -5.0209233756E-02  -4.9652838866E+00  -1.5430783458E+00
</Nuclei of Molecule>
<Total Number of CPs of DelSqRho>
   104
</Total Number of CPs of DelSqRho>
<Number of (3,+3) CPs of DelSqRho>
    17
</Number of (3,+3) CPs of DelSqRho>
<Number of (3,+1) CPs of DelSqRho>
    39
</Number of (3,+1) CPs of DelSqRho>
<Number of (3,-1) CPs of DelSqRho>
    36
</Number of (3,-1) CPs of DelSqRho>
<Number of (3,-3) CPs of DelSqRho>
    12
</Number of (3,-3) CPs of DelSqRho>
<Number of Degenerate CPs of DelSqRho>
     0
</Number of Degenerate CPs of DelSqRho>
<CP of DelSqRho>
CP# = 1       
Type = (3,+3)
Coords = -1.88542974659936E-27  3.13251511770584E-27 -1.12456765861359E-27
DistFromNuc =  3.8251991727E-27
Rho =  7.2864698332E+03
DelSqRho = -1.2669669306E+09
GradDelSqRho =  8.6295679327E-14 -1.4152208891E-13  2.1784973062E-14
HessDelSqRho_EigVals =  9.2722441334E+14  9.2722441337E+14  9.2722441345E+14
HessDelSqRho_EigVec1 = -1.2690169321E-01 -6.4423415467E-01 -7.5422696466E-01
HessDelSqRho_EigVec2 = -8.5736595694E-01  4.5362069075E-01 -2.4321160500E-01
HessDelSqRho_EigVec3 =  4.9881817945E-01  6.1578455882E-01 -6.0990966624E-01
</CP of DelSqRho>
<CP of DelSqRho>
CP# = 2       
Type = (3,-1)
Coords =  1.42943455018776E-01 -7.90106987202014E-04 -1.05191837158909E-03
DistFromNuc =  1.4294950904E-01
Rho =  6.9611441463E+01
DelSqRho = -4.8986686123E+03
GradDelSqRho = -5.8207660913E-11  0.0000000000E+00  1.4551915228E-11
HessDelSqRho_EigVals = -1.6713822227E+05 -1.6705439456E+05  1.2273956126E+07
HessDelSqRho_EigVec1 =  9.1207538025E-03  7.0193093976E-01  7.1218661014E-01
HessDelSqRho_EigVec2 = -1.2274655614E-03  7.1222355720E-01 -7.0195163501E-01
HessDelSqRho_EigVec3 =  9.9995765169E-01 -5.5281435069E-03 -7.3576117726E-03
</CP of DelSqRho>
<CP of DelSqRho>
CP# = 3       
Type = (3,-1)
Coords = -1.42943455018775E-01  7.90106987202809E-04  1.05191837158899E-03
DistFromNuc =  1.4294950904E-01
Rho =  6.9611441463E+01
DelSqRho = -4.8986686123E+03
GradDelSqRho = -5.8207660913E-11 -8.7311491370E-11  2.9103830457E-11
HessDelSqRho_EigVals = -1.6713822227E+05 -1.6705439456E+05  1.2273956126E+07
HessDelSqRho_EigVec1 =  9.1207538025E-03  7.0193093976E-01  7.1218661014E-01
HessDelSqRho_EigVec2 = -1.2274655614E-03  7.1222355720E-01 -7.0195163501E-01
HessDelSqRho_EigVec3 =  9.9995765169E-01 -5.5281435069E-03 -7.3576117726E-03
</CP of DelSqRho>
<CP of DelSqRho>
CP# = 4       
Type = (3,-1)
Coords =  7.85730258162216E-04  1.42937300260511E-01  1.69349138234650E-03
DistFromNuc =  1.4294949140E-01
Rho =  6.9611477080E+01
DelSqRho = -4.8986801357E+03
GradDelSqRho = -2.9103830457E-11 -2.3646862246E-10 -3.6379788071E-11
HessDelSqRho_EigVals = -1.6712326497E+05 -1.6706415694E+05  1.2273970147E+07
HessDelSqRho_EigVec1 =  7.2079153779E-01 -1.2173684086E-02  6.9304499166E-01
HessDelSqRho_EigVec2 = -6.9313011570E-01 -4.7314987670E-03  7.2079695867E-01
HessDelSqRho_EigVec3 =  5.4956129415E-03  9.9991470353E-01  1.1848371331E-02
</CP of DelSqRho>
<CP of DelSqRho>
CP# = 5       
Type = (3,-1)
Coords = -7.85730258162027E-04 -1.42937300260511E-01 -1.69349138234674E-03
DistFromNuc =  1.4294949140E-01
Rho =  6.9611477080E+01
DelSqRho = -4.8986801357E+03
GradDelSqRho =  0.0000000000E+00 -1.3096723706E-10 -4.3655745685E-11
HessDelSqRho_EigVals = -1.6712326497E+05 -1.6706415694E+05  1.2273970147E+07
HessDelSqRho_EigVec1 =  7.2079153781E-01 -1.2173684086E-02  6.9304499164E-01
HessDelSqRho_EigVec2 = -6.9313011568E-01 -4.7314987674E-03  7.2079695869E-01
HessDelSqRho_EigVec3 =  5.4956129415E-03  9.9991470353E-01  1.1848371331E-02
</CP of DelSqRho>
<CP of DelSqRho>
CP# = 6       
Type = (3,-1)
Coords =  1.06078143403310E-03 -1.67223743297375E-03  1.42935793107117E-01
DistFromNuc =  1.4294951062E-01
Rho =  6.9611430758E+01
DelSqRho = -4.8986659082E+03
GradDelSqRho =  2.9103830457E-11  4.3655745685E-11 -2.4738255888E-10
HessDelSqRho_EigVals = -1.6712653633E+05 -1.6706567699E+05  1.2273953664E+07
HessDelSqRho_EigVec1 = -7.0756971091E-01  7.0651426707E-01  1.3516457831E-02
HessDelSqRho_EigVec2 =  7.0660457247E-01  7.0760213533E-01  3.0325297545E-03
HessDelSqRho_EigVec3 =  7.4217488863E-03 -1.1696517109E-02  9.9990404996E-01
</CP of DelSqRho>
<CP of DelSqRho>
CP# = 7       
Type = (3,-1)
Coords = -1.06078143403352E-03  1.67223743297351E-03 -1.42935793107117E-01
DistFromNuc =  1.4294951062E-01
Rho =  6.9611430758E+01
DelSqRho = -4.8986659082E+03
GradDelSqRho = -2.9103830457E-11 -8.3673512563E-11  7.2759576142E-11
HessDelSqRho_EigVals = -1.6712653632E+05 -1.6706567699E+05  1.2273953664E+07
HessDelSqRho_EigVec1 = -7.0756971090E-01  7.0651426708E-01  1.3516457831E-02
HessDelSqRho_EigVec2 =  7.0660457249E-01  7.0760213531E-01  3.0325297542E-03
HessDelSqRho_EigVec3 =  7.4217488863E-03 -1.1696517109E-02  9.9990404996E-01
</CP of DelSqRho>
<CP of DelSqRho>
CP# = 8       
Type = (3,+1)
Coords =  1.30823484429442E-03  1.00044323992104E-01  1.02426007199748E-01
DistFromNuc =  1.4318402562E-01
Rho =  6.9975767447E+01
DelSqRho = -5.3256596888E+03
GradDelSqRho = -5.8207660913E-11 -3.0922819860E-11  1.9463186618E-10
HessDelSqRho_EigVals = -8.3479369163E+04  1.6677788421E+05  1.2128638818E+07
HessDelSqRho_EigVec1 =  9.9995721378E-01 -5.3502061334E-03 -7.5462504830E-03
HessDelSqRho_EigVec2 = -1.4454093125E-03  7.1538342116E-01 -6.9873061442E-01
HessDelSqRho_EigVec3 =  9.1368153063E-03  6.9871162580E-01  7.1534507937E-01
</CP of DelSqRho>
<CP of DelSqRho>
CP# = 9       
Type = (3,+1)
Coords =  1.58493737966207E-04 -1.02432356844027E-01  1.00046834929917E-01
DistFromNuc =  1.4318443361E-01
Rho =  6.9976262066E+01
DelSqRho = -5.3259840396E+03
GradDelSqRho = -9.0949470177E-12 -4.3655745685E-11  2.6921043172E-10
HessDelSqRho_EigVals = -8.3332203118E+04  1.6684064220E+05  1.2128422471E+07
HessDelSqRho_EigVec1 =  9.9995769034E-01 -5.5877441963E-03 -7.3071642294E-03
HessDelSqRho_EigVec2 =  9.1317622516E-03  6.9870542310E-01  7.1535120231E-01
HessDelSqRho_EigVec3 = -1.1083557455E-03  7.1538766333E-01 -6.9872688706E-01
</CP of DelSqRho>
<CP of DelSqRho>
CP# = 10      
Type = (3,+1)
Coords = -1.58493737965676E-04  1.02432356844027E-01 -1.00046834929917E-01
DistFromNuc =  1.4318443361E-01
Rho =  6.9976262066E+01
DelSqRho = -5.3259840396E+03
GradDelSqRho = -7.2759576142E-11  1.2369127944E-10  8.7311491370E-11
HessDelSqRho_EigVals = -8.3332203118E+04  1.6684064220E+05  1.2128422471E+07
HessDelSqRho_EigVec1 =  9.9995769034E-01 -5.5877441963E-03 -7.3071642294E-03
HessDelSqRho_EigVec2 =  9.1317622516E-03  6.9870542310E-01  7.1535120231E-01
HessDelSqRho_EigVec3 = -1.1083557455E-03  7.1538766333E-01 -6.9872688706E-01
</CP of DelSqRho>
<CP of DelSqRho>
CP# = 11      
Type = (3,+1)
Coords = -1.30823484429340E-03 -1.00044323992104E-01 -1.02426007199748E-01
DistFromNuc =  1.4318402562E-01
Rho =  6.9975767447E+01
DelSqRho = -5.3256596888E+03
GradDelSqRho = -4.3655745685E-11 -5.8207660913E-11 -1.3642420527E-10
HessDelSqRho_EigVals = -8.3479369163E+04  1.6677788421E+05  1.2128638818E+07
HessDelSqRho_EigVec1 =  9.9995721378E-01 -5.3502061334E-03 -7.5462504830E-03
HessDelSqRho_EigVec2 = -1.4454093125E-03  7.1538342116E-01 -6.9873061442E-01
HessDelSqRho_EigVec3 =  9.1368153063E-03  6.9871162580E-01  7.1534507937E-01
</CP of DelSqRho>
<CP of DelSqRho>
CP# = 12      
Type = (3,+1)
Coords =  1.01987038711315E-01 -1.75082397761078E-03  1.00485153745197E-01
DistFromNuc =  1.4318410377E-01
Rho =  6.9975838561E+01
DelSqRho = -5.3257120532E+03
GradDelSqRho = -6.5483618528E-11  6.5483618528E-11  0.0000000000E+00
HessDelSqRho_EigVals = -8.3456412592E+04  1.6679005455E+05  1.2128595634E+07
HessDelSqRho_EigVec1 =  5.7186325754E-03  9.9991616186E-01  1.1617507843E-02
HessDelSqRho_EigVec2 = -7.0187307369E-01 -4.2616294308E-03  7.1228928600E-01
HessDelSqRho_EigVec3 =  7.1227907851E-01 -1.2227336652E-02  7.0178985926E-01
</CP of DelSqRho>
<CP of DelSqRho>
CP# = 13      
Type = (3,+1)
Coords =  1.01804175831121E-01  1.00685154187818E-01  4.11177272663818E-04
DistFromNuc =  1.4318435514E-01
Rho =  6.9976163760E+01
DelSqRho = -5.3259269259E+03
GradDelSqRho =  7.2759576142E-11  0.0000000000E+00  4.3655745685E-11
HessDelSqRho_EigVals = -8.3354120031E+04  1.6682992006E+05  1.2128463583E+07
HessDelSqRho_EigVec1 =  7.5183605930E-03 -1.1687993548E-02  9.9990342787E-01
HessDelSqRho_EigVec2 = -7.0315121991E-01  7.1091032083E-01  1.3596972755E-02
HessDelSqRho_EigVec3 =  7.1100058804E-01  7.0318554204E-01  2.8735467803E-03
</CP of DelSqRho>
<CP of DelSqRho>
CP# = 14      
Type = (3,+1)
Coords = -1.00679453564908E-01  1.01791867090232E-01  1.93689700819401E-03
DistFromNuc =  1.4318410577E-01
Rho =  6.9975881656E+01
DelSqRho = -5.3257255910E+03
GradDelSqRho = -5.8207660913E-11  0.0000000000E+00  0.0000000000E+00
HessDelSqRho_EigVals = -8.3454292185E+04  1.6679098117E+05  1.2128598172E+07
HessDelSqRho_EigVec1 =  7.1843496785E-03 -1.1920845351E-02  9.9990313459E-01
HessDelSqRho_EigVec2 =  7.1100848248E-01  7.0317580634E-01  3.2746336785E-03
HessDelSqRho_EigVec3 = -7.0314672933E-01  7.1091608424E-01  1.3527683041E-02
</CP of DelSqRho>
<CP of DelSqRho>
CP# = 15      
Type = (3,+1)
Coords =  1.00679453564908E-01 -1.01791867090232E-01 -1.93689700819497E-03
DistFromNuc =  1.4318410577E-01
Rho =  6.9975881656E+01
DelSqRho = -5.3257255910E+03
GradDelSqRho = -2.9103830457E-11 -1.7462298274E-10  2.9103830457E-11
HessDelSqRho_EigVals = -8.3454292185E+04  1.6679098117E+05  1.2128598172E+07
HessDelSqRho_EigVec1 =  7.1843496785E-03 -1.1920845351E-02  9.9990313459E-01
HessDelSqRho_EigVec2 =  7.1100848248E-01  7.0317580634E-01  3.2746336785E-03
HessDelSqRho_EigVec3 = -7.0314672933E-01  7.1091608424E-01  1.3527683041E-02
</CP of DelSqRho>
<CP of DelSqRho>
CP# = 16      
Type = (3,+1)
Coords = -1.01804175831121E-01 -1.00685154187819E-01 -4.11177272663972E-04
DistFromNuc =  1.4318435514E-01
Rho =  6.9976163760E+01
DelSqRho = -5.3259269259E+03
GradDelSqRho =  1.4551915228E-10  1.0186340660E-10 -5.0931703299E-11
HessDelSqRho_EigVals = -8.3354120031E+04  1.6682992006E+05  1.2128463583E+07
HessDelSqRho_EigVec1 =  7.5183605930E-03 -1.1687993548E-02  9.9990342787E-01
HessDelSqRho_EigVec2 = -7.0315121991E-01  7.1091032083E-01  1.3596972755E-02
HessDelSqRho_EigVec3 =  7.1100058804E-01  7.0318554204E-01  2.8735467803E-03
</CP of DelSqRho>
<CP of DelSqRho>
CP# = 17      
Type = (3,+3)
Coords =  8.28292289370945E-02 -8.41486151511644E-02  8.11327210280372E-02
DistFromNuc =  1.4326265745E-01
Rho =  7.0098257241E+01
DelSqRho = -5.4683762162E+03
GradDelSqRho =  6.1845639721E-11 -8.7311491370E-11  2.9103830457E-11
HessDelSqRho_EigVals =  1.1108096598E+05  1.1123151420E+05  1.2080784813E+07
HessDelSqRho_EigVec1 =  8.1573354675E-01  4.0126962196E-01 -4.1660709452E-01
HessDelSqRho_EigVec2 =  1.7456202655E-02  7.0283436131E-01  7.1113932640E-01
HessDelSqRho_EigVec3 = -5.7816438986E-01  5.8737258282E-01 -5.6632092249E-01
</CP of DelSqRho>
<CP of DelSqRho>
CP# = 18      
Type = (3,+3)
Coords = -8.25546191416222E-02 -8.32319969546400E-02  8.23492618281316E-02
DistFromNuc =  1.4326280530E-01
Rho =  7.0098349071E+01
DelSqRho = -5.4682898156E+03
GradDelSqRho = -8.7311491370E-11 -5.8207660913E-11  3.6379788071E-12
HessDelSqRho_EigVals =  1.1105767939E+05  1.1108661162E+05  1.2080721058E+07
HessDelSqRho_EigVec1 =  8.1675955307E-01 -4.3437895517E-01  3.7976144587E-01
HessDelSqRho_EigVec2 = -2.9054753588E-02 -6.8831955487E-01 -7.2482550429E-01
HessDelSqRho_EigVec3 =  5.7624617462E-01  5.8097427971E-01 -5.7481234551E-01
</CP of DelSqRho>
<CP of DelSqRho>
CP# = 19      
Type = (3,+3)
Coords = -8.28292289370940E-02  8.41486151511643E-02 -8.11327210280377E-02
DistFromNuc =  1.4326265745E-01
Rho =  7.0098257241E+01
DelSqRho = -5.4683762162E+03
GradDelSqRho =  4.0017766878E-11  6.5483618528E-11  5.8207660913E-11
HessDelSqRho_EigVals =  1.1108096598E+05  1.1123151420E+05  1.2080784813E+07
HessDelSqRho_EigVec1 =  8.1573354675E-01  4.0126962196E-01 -4.1660709451E-01
HessDelSqRho_EigVec2 =  1.7456202650E-02  7.0283436131E-01  7.1113932640E-01
HessDelSqRho_EigVec3 = -5.7816438986E-01  5.8737258282E-01 -5.6632092249E-01
</CP of DelSqRho>
<CP of DelSqRho>
CP# = 20      
Type = (3,+3)
Coords =  8.16589511063410E-02 -8.21566468153468E-02 -8.42987381300151E-02
DistFromNuc =  1.4326261258E-01
Rho =  7.0098212404E+01
DelSqRho = -5.4683849088E+03
GradDelSqRho =  1.1641532183E-10 -1.7462298274E-10 -1.7462298274E-10
HessDelSqRho_EigVals =  1.1110288861E+05  1.1124336106E+05  1.2080803829E+07
HessDelSqRho_EigVec1 = -3.3337183431E-01 -8.1596366338E-01  4.7229918498E-01
HessDelSqRho_EigVec2 = -7.5097929275E-01 -7.3044877245E-02 -6.5627322647E-01
HessDelSqRho_EigVec3 = -5.6999414204E-01  5.7346991721E-01  5.8842071012E-01
</CP of DelSqRho>
<CP of DelSqRho>
CP# = 21      
Type = (3,+3)
Coords = -8.37941865911564E-02 -8.12876836272730E-02 -8.30362455896002E-02
DistFromNuc =  1.4326259560E-01
Rho =  7.0098183467E+01
DelSqRho = -5.4683736325E+03
GradDelSqRho =  2.0372681320E-10  1.2005330063E-10  5.0931703299E-11
HessDelSqRho_EigVals =  1.1110140428E+05  1.1124141796E+05  1.2080812031E+07
HessDelSqRho_EigVec1 =  3.3708551209E-01  4.7991655303E-01 -8.0997127089E-01
HessDelSqRho_EigVec2 =  7.3774451674E-01 -6.6912904030E-01 -8.9439115863E-02
HessDelSqRho_EigVec3 =  5.8489861136E-01  5.6740323364E-01  5.7960951069E-01
</CP of DelSqRho>
<CP of DelSqRho>
CP# = 22      
Type = (3,+1)
Coords =  1.00497742263042E-01  6.68624186798346E-04 -1.01987856918686E-01
DistFromNuc =  1.4318437840E-01
Rho =  6.9976163533E+01
DelSqRho = -5.3259296712E+03
GradDelSqRho =  1.7462298274E-10  4.3655745685E-11  0.0000000000E+00
HessDelSqRho_EigVals = -8.3354814483E+04  1.6683213849E+05  1.2128448638E+07
HessDelSqRho_EigVec1 =  5.3877030470E-03  9.9991513138E-01  1.1861816697E-02
HessDelSqRho_EigVec2 =  7.1227833233E-01 -1.2163101301E-02  7.0179173282E-01
HessDelSqRho_EigVec3 = -7.0187644920E-01 -4.6678695582E-03  7.1228341343E-01
</CP of DelSqRho>
<CP of DelSqRho>
CP# = 23      
Type = (3,+1)
Coords = -1.01987038711314E-01  1.75082397761006E-03 -1.00485153745198E-01
DistFromNuc =  1.4318410377E-01
Rho =  6.9975838561E+01
DelSqRho = -5.3257120532E+03
GradDelSqRho =  1.1641532183E-10 -1.4551915228E-11 -1.4551915228E-11
HessDelSqRho_EigVals = -8.3456412592E+04  1.6679005455E+05  1.2128595634E+07
HessDelSqRho_EigVec1 =  5.7186325754E-03  9.9991616186E-01  1.1617507843E-02
HessDelSqRho_EigVec2 = -7.0187307369E-01 -4.2616294308E-03  7.1228928600E-01
HessDelSqRho_EigVec3 =  7.1227907851E-01 -1.2227336652E-02  7.0178985926E-01
</CP of DelSqRho>
<CP of DelSqRho>
CP# = 24      
Type = (3,+3)
Coords =  8.37941865911574E-02  8.12876836272726E-02  8.30362455895995E-02
DistFromNuc =  1.4326259560E-01
Rho =  7.0098183467E+01
DelSqRho = -5.4683736325E+03
GradDelSqRho =  0.0000000000E+00 -1.0913936421E-10 -5.4569682106E-11
HessDelSqRho_EigVals =  1.1110140428E+05  1.1124141796E+05  1.2080812031E+07
HessDelSqRho_EigVec1 =  3.3708551208E-01  4.7991655304E-01 -8.0997127089E-01
HessDelSqRho_EigVec2 =  7.3774451674E-01 -6.6912904030E-01 -8.9439115872E-02
HessDelSqRho_EigVec3 =  5.8489861136E-01  5.6740323364E-01  5.7960951069E-01
</CP of DelSqRho>
<CP of DelSqRho>
CP# = 25      
Type = (3,+3)
Coords = -8.16589511063405E-02  8.21566468153476E-02  8.42987381300149E-02
DistFromNuc =  1.4326261258E-01
Rho =  7.0098212404E+01
DelSqRho = -5.4683849088E+03
GradDelSqRho = -5.8207660913E-11 -1.1641532183E-10 -5.8207660913E-11
HessDelSqRho_EigVals =  1.1110288861E+05  1.1124336106E+05  1.2080803829E+07
HessDelSqRho_EigVec1 = -3.3337183431E-01 -8.1596366338E-01  4.7229918498E-01
HessDelSqRho_EigVec2 = -7.5097929275E-01 -7.3044877246E-02 -6.5627322646E-01
HessDelSqRho_EigVec3 = -5.6999414204E-01  5.7346991721E-01  5.8842071012E-01
</CP of DelSqRho>
<CP of DelSqRho>
CP# = 26      
Type = (3,+3)
Coords =  8.25546191416213E-02  8.32319969546404E-02 -8.23492618281320E-02
DistFromNuc =  1.4326280530E-01
Rho =  7.0098349071E+01
DelSqRho = -5.4682898156E+03
GradDelSqRho =  4.3655745685E-11  5.8207660913E-11  2.9103830457E-11
HessDelSqRho_EigVals =  1.1105767939E+05  1.1108661162E+05  1.2080721058E+07
HessDelSqRho_EigVec1 =  8.1675955307E-01 -4.3437895521E-01  3.7976144583E-01
HessDelSqRho_EigVec2 = -2.9054753632E-02 -6.8831955485E-01 -7.2482550431E-01
HessDelSqRho_EigVec3 =  5.7624617462E-01  5.8097427971E-01 -5.7481234551E-01
</CP of DelSqRho>
<CP of DelSqRho>
CP# = 27      
Type = (3,-3)
Coords =  2.54669798792752E-01 -1.40728626580195E-03 -1.87459153163352E-03
DistFromNuc =  2.5468058616E-01
Rho =  1.6181121573E+01
DelSqRho =  1.8624380748E+03
GradDelSqRho = -3.8198777474E-11 -1.5916157281E-12 -3.4106051316E-13
HessDelSqRho_EigVals = -6.9125398067E+05 -4.4030150350E+04 -4.4007662104E+04
HessDelSqRho_EigVec1 =  9.9995764833E-01 -5.5274951670E-03 -7.3585560038E-03
HessDelSqRho_EigVec2 =  9.1281128480E-03  6.9768506075E-01  7.1634644800E-01
HessDelSqRho_EigVec3 = -1.1743530633E-03  7.1638327926E-01 -6.9770596822E-01
</CP of DelSqRho>
<CP of DelSqRho>
CP# = 28      
Type = (3,-3)
Coords = -2.54669798792752E-01  1.40728626580184E-03  1.87459153163340E-03
DistFromNuc =  2.5468058616E-01
Rho =  1.6181121573E+01
DelSqRho =  1.8624380748E+03
GradDelSqRho = -1.6370904632E-11  1.9326762413E-12 -2.6716406865E-12
HessDelSqRho_EigVals = -6.9125398067E+05 -4.4030150350E+04 -4.4007662104E+04
HessDelSqRho_EigVec1 =  9.9995764833E-01 -5.5274951670E-03 -7.3585560038E-03
HessDelSqRho_EigVec2 =  9.1281128480E-03  6.9768506074E-01  7.1634644801E-01
HessDelSqRho_EigVec3 = -1.1743530633E-03  7.1638327927E-01 -6.9770596822E-01
</CP of DelSqRho>
<CP of DelSqRho>
CP# = 29      
Type = (3,-3)
Coords =  1.40017240811640E-03  2.54658904928236E-01  3.01605251446614E-03
DistFromNuc =  2.5468061354E-01
Rho =  1.6181123685E+01
DelSqRho =  1.8624362332E+03
GradDelSqRho = -4.4337866711E-12 -8.6401996668E-12  1.8047785488E-12
HessDelSqRho_EigVals = -6.9125387999E+05 -4.4026452943E+04 -4.4010674471E+04
HessDelSqRho_EigVec1 =  5.4960212987E-03  9.9991473316E-01  1.1845681263E-02
HessDelSqRho_EigVec2 =  7.1797360574E-01 -1.2191200230E-02  6.9596355946E-01
HessDelSqRho_EigVec3 =  6.9604862991E-01  4.6798559428E-03 -7.1797938950E-01
</CP of DelSqRho>
<CP of DelSqRho>
CP# = 30      
Type = (3,-3)
Coords = -1.40017240811635E-03 -2.54658904928236E-01 -3.01605251446617E-03
DistFromNuc =  2.5468061354E-01
Rho =  1.6181123685E+01
DelSqRho =  1.8624362332E+03
GradDelSqRho = -1.5916157281E-12  1.5234036255E-11 -1.9042545318E-12
HessDelSqRho_EigVals = -6.9125387999E+05 -4.4026452943E+04 -4.4010674471E+04
HessDelSqRho_EigVec1 =  5.4960212987E-03  9.9991473316E-01  1.1845681263E-02
HessDelSqRho_EigVec2 =  7.1797360574E-01 -1.2191200230E-02  6.9596355946E-01
HessDelSqRho_EigVec3 =  6.9604862991E-01  4.6798559428E-03 -7.1797938950E-01
</CP of DelSqRho>
<CP of DelSqRho>
CP# = 31      
Type = (3,-3)
Coords =  1.88933151915654E-03 -2.98022594609202E-03  2.54656124494016E-01
DistFromNuc =  2.5468057064E-01
Rho =  1.6181119978E+01
DelSqRho =  1.8624380550E+03
GradDelSqRho = -1.1368683772E-12  8.9244167611E-12  2.7284841053E-12
HessDelSqRho_EigVals = -6.9125415520E+05 -4.4026839149E+04 -4.4010677896E+04
HessDelSqRho_EigVec1 =  7.4205044769E-03 -1.1698706892E-02  9.9990403358E-01
HessDelSqRho_EigVec2 = -7.1374858409E-01  7.0027207573E-01  1.3489946904E-02
HessDelSqRho_EigVec3 =  7.0036268806E-01  7.1378019040E-01  3.1535634067E-03
</CP of DelSqRho>
<CP of DelSqRho>
CP# = 32      
Type = (3,-3)
Coords = -1.88933151915656E-03  2.98022594609192E-03 -2.54656124494016E-01
DistFromNuc =  2.5468057064E-01
Rho =  1.6181119978E+01
DelSqRho =  1.8624380550E+03
GradDelSqRho =  2.3305801733E-12 -5.9685589804E-12 -9.0949470177E-13
HessDelSqRho_EigVals = -6.9125415520E+05 -4.4026839149E+04 -4.4010677896E+04
HessDelSqRho_EigVec1 =  7.4205044769E-03 -1.1698706892E-02  9.9990403358E-01
HessDelSqRho_EigVec2 = -7.1374858408E-01  7.0027207574E-01  1.3489946904E-02
HessDelSqRho_EigVec3 =  7.0036268807E-01  7.1378019039E-01  3.1535634066E-03
</CP of DelSqRho>
<CP of DelSqRho>
CP# = 33      
Type = (3,-1)
Coords =  2.34704227291619E-03  1.79512938402703E-01  1.83787615751663E-01
DistFromNuc =  2.5692078811E-01
Rho =  1.6780482774E+01
DelSqRho =  1.5073544213E+03
GradDelSqRho =  1.1368683772E-12 -1.0459189070E-11 -1.2278178474E-11
HessDelSqRho_EigVals = -6.5257588410E+05 -2.1441859441E+04  4.2837657391E+04
HessDelSqRho_EigVec1 =  9.1354899757E-03  6.9870923878E-01  7.1534742781E-01
HessDelSqRho_EigVec2 =  9.9995722867E-01 -5.3506287939E-03 -7.5439782926E-03
HessDelSqRho_EigVec3 = -1.4434887853E-03  7.1538574938E-01 -6.9872823467E-01
</CP of DelSqRho>
<CP of DelSqRho>
CP# = 34      
Type = (3,-1)
Coords =  2.82822605272289E-04 -1.83798993516248E-01  1.79519877724256E-01
DistFromNuc =  2.5692321130E-01
Rho =  1.6781289871E+01
DelSqRho =  1.5070992068E+03
GradDelSqRho =  0.0000000000E+00 -1.4040324459E-11  1.0231815395E-12
HessDelSqRho_EigVals = -6.5253940199E+05 -2.1403842541E+04  4.2851870201E+04
HessDelSqRho_EigVec1 = -1.1034927589E-03  7.1538487439E-01 -6.9872975019E-01
HessDelSqRho_EigVec2 =  9.9995770016E-01 -5.5909119705E-03 -7.3033958233E-03
HessDelSqRho_EigVec3 =  9.1312754282E-03  6.9870825327E-01  7.1534844420E-01
</CP of DelSqRho>
<CP of DelSqRho>
CP# = 35      
Type = (3,-1)
Coords = -2.82822605272325E-04  1.83798993516248E-01 -1.79519877724256E-01
DistFromNuc =  2.5692321130E-01
Rho =  1.6781289871E+01
DelSqRho =  1.5070992068E+03
GradDelSqRho =  2.0463630790E-12 -1.4210854715E-12  9.7770680441E-12
HessDelSqRho_EigVals = -6.5253940199E+05 -2.1403842541E+04  4.2851870201E+04
HessDelSqRho_EigVec1 = -1.1034927589E-03  7.1538487439E-01 -6.9872975019E-01
HessDelSqRho_EigVec2 =  9.9995770016E-01 -5.5909119705E-03 -7.3033958233E-03
HessDelSqRho_EigVec3 =  9.1312754282E-03  6.9870825327E-01  7.1534844420E-01
</CP of DelSqRho>
<CP of DelSqRho>
CP# = 36      
Type = (3,-1)
Coords = -2.34704227291630E-03 -1.79512938402703E-01 -1.83787615751663E-01
DistFromNuc =  2.5692078811E-01
Rho =  1.6780482774E+01
DelSqRho =  1.5073544213E+03
GradDelSqRho =  6.5938365879E-12  9.0949470177E-13  7.7307049651E-12
HessDelSqRho_EigVals = -6.5257588410E+05 -2.1441859441E+04  4.2837657391E+04
HessDelSqRho_EigVec1 =  9.1354899757E-03  6.9870923878E-01  7.1534742781E-01
HessDelSqRho_EigVec2 =  9.9995722867E-01 -5.3506287939E-03 -7.5439782926E-03
HessDelSqRho_EigVec3 = -1.4434887853E-03  7.1538574938E-01 -6.9872823467E-01
</CP of DelSqRho>
<CP of DelSqRho>
CP# = 37      
Type = (3,-1)
Coords =  1.82999387329764E-01 -3.14266777473855E-03  1.80304886976997E-01
DistFromNuc =  2.5692120269E-01
Rho =  1.6780620000E+01
DelSqRho =  1.5073103409E+03
GradDelSqRho =  1.3869794202E-11  5.4569682106E-12  1.1844747405E-11
HessDelSqRho_EigVals = -6.5256947036E+05 -2.1435602142E+04  4.2840407315E+04
HessDelSqRho_EigVec1 =  7.1227818987E-01 -1.2231037923E-02  7.0179069668E-01
HessDelSqRho_EigVec2 =  5.7193742491E-03  9.9991610517E-01  1.1622021072E-02
HessDelSqRho_EigVec3 = -7.0187396945E-01 -4.2643084928E-03  7.1228838730E-01
</CP of DelSqRho>
<CP of DelSqRho>
CP# = 38      
Type = (3,-1)
Coords = -1.80327944313376E-01 -1.20212614952657E-03  1.83001976923272E-01
DistFromNuc =  2.5692282142E-01
Rho =  1.6781162970E+01
DelSqRho =  1.5071373068E+03
GradDelSqRho = -1.0913936421E-11 -3.5242919694E-12  7.2759576142E-12
HessDelSqRho_EigVals = -6.5254502794E+05 -2.1409315333E+04  4.2850050253E+04
HessDelSqRho_EigVec1 = -7.0187585050E-01 -4.6754630980E-03  7.1228395358E-01
HessDelSqRho_EigVec2 =  5.3830644448E-03  9.9991508427E-01  1.1867891970E-02
HessDelSqRho_EigVec3 =  7.1227895736E-01 -1.2164057195E-02  7.0179108188E-01
</CP of DelSqRho>
<CP of DelSqRho>
CP# = 39      
Type = (3,-1)
Coords =  1.80327944313376E-01  1.20212614952668E-03 -1.83001976923272E-01
DistFromNuc =  2.5692282142E-01
Rho =  1.6781162970E+01
DelSqRho =  1.5071373068E+03
GradDelSqRho =  5.4569682106E-12 -1.3642420527E-12  5.4569682106E-12
HessDelSqRho_EigVals = -6.5254502794E+05 -2.1409315333E+04  4.2850050253E+04
HessDelSqRho_EigVec1 = -7.0187585050E-01 -4.6754630980E-03  7.1228395358E-01
HessDelSqRho_EigVec2 =  5.3830644448E-03  9.9991508427E-01  1.1867891970E-02
HessDelSqRho_EigVec3 =  7.1227895736E-01 -1.2164057195E-02  7.0179108188E-01
</CP of DelSqRho>
<CP of DelSqRho>
CP# = 40      
Type = (3,-1)
Coords = -1.82999387329764E-01  3.14266777473880E-03 -1.80304886976997E-01
DistFromNuc =  2.5692120269E-01
Rho =  1.6780620000E+01
DelSqRho =  1.5073103409E+03
GradDelSqRho = -1.2505552149E-11  0.0000000000E+00 -1.5923262708E-11
HessDelSqRho_EigVals = -6.5256947036E+05 -2.1435602142E+04  4.2840407315E+04
HessDelSqRho_EigVec1 =  7.1227818987E-01 -1.2231037923E-02  7.0179069668E-01
HessDelSqRho_EigVec2 =  5.7193742491E-03  9.9991610517E-01  1.1622021072E-02
HessDelSqRho_EigVec3 = -7.0187396945E-01 -4.2643084928E-03  7.1228838730E-01
</CP of DelSqRho>
<CP of DelSqRho>
CP# = 41      
Type = (3,-1)
Coords =  1.82672739014466E-01  1.80663879340892E-01  7.35029791032622E-04
DistFromNuc =  2.5692276494E-01
Rho =  1.6781131905E+01
DelSqRho =  1.5071434921E+03
GradDelSqRho = -1.6370904632E-11 -2.0463630790E-12  4.8316906032E-12
HessDelSqRho_EigVals = -6.5254595337E+05 -2.1409581310E+04  4.2849566108E+04
HessDelSqRho_EigVec1 =  7.1100263133E-01  7.0318351258E-01  2.8645905372E-03
HessDelSqRho_EigVec2 =  7.5238179953E-03 -1.1680831910E-02  9.9990347051E-01
HessDelSqRho_EigVec3 = -7.0314909543E-01  7.1091244595E-01  1.3595726990E-02
</CP of DelSqRho>
<CP of DelSqRho>
CP# = 42      
Type = (3,-1)
Coords = -1.80653943564541E-01  1.82648916478124E-01  3.47454188330673E-03
DistFromNuc =  2.5692128455E-01
Rho =  1.6780649862E+01
DelSqRho =  1.5073052146E+03
GradDelSqRho = -9.0949470177E-12  3.6379788071E-12  5.6843418861E-13
HessDelSqRho_EigVals = -6.5256854948E+05 -2.1435511390E+04  4.2840537358E+04
HessDelSqRho_EigVec1 = -7.0314906528E-01  7.1091383302E-01  1.3524571162E-02
HessDelSqRho_EigVec2 =  7.1844348798E-03 -1.1916399349E-02  9.9990318697E-01
HessDelSqRho_EigVec3 =  7.1100617149E-01  7.0317815769E-01  3.2714909253E-03
</CP of DelSqRho>
<CP of DelSqRho>
CP# = 43      
Type = (3,-1)
Coords =  1.80653943564541E-01 -1.82648916478124E-01 -3.47454188330637E-03
DistFromNuc =  2.5692128455E-01
Rho =  1.6780649862E+01
DelSqRho =  1.5073052146E+03
GradDelSqRho =  1.2732925825E-11  3.6379788071E-12 -2.2737367544E-13
HessDelSqRho_EigVals = -6.5256854948E+05 -2.1435511390E+04  4.2840537358E+04
HessDelSqRho_EigVec1 = -7.0314906528E-01  7.1091383302E-01  1.3524571162E-02
HessDelSqRho_EigVec2 =  7.1844348798E-03 -1.1916399349E-02  9.9990318697E-01
HessDelSqRho_EigVec3 =  7.1100617149E-01  7.0317815769E-01  3.2714909253E-03
</CP of DelSqRho>
<CP of DelSqRho>
CP# = 44      
Type = (3,-1)
Coords = -1.82672739014466E-01 -1.80663879340892E-01 -7.35029791032385E-04
DistFromNuc =  2.5692276494E-01
Rho =  1.6781131905E+01
DelSqRho =  1.5071434921E+03
GradDelSqRho = -4.0927261580E-12  2.0463630790E-12 -3.0127011996E-12
HessDelSqRho_EigVals = -6.5254595337E+05 -2.1409581310E+04  4.2849566108E+04
HessDelSqRho_EigVec1 =  7.1100263133E-01  7.0318351258E-01  2.8645905372E-03
HessDelSqRho_EigVec2 =  7.5238179953E-03 -1.1680831910E-02  9.9990347051E-01
HessDelSqRho_EigVec3 = -7.0314909543E-01  7.1091244595E-01  1.3595726990E-02
</CP of DelSqRho>
<CP of DelSqRho>
CP# = 45      
Type = (3,+1)
Coords =  1.50721772028969E-01  1.46212626135945E-01  1.49360250854196E-01
DistFromNuc =  2.5768909395E-01
Rho =  1.6982982320E+01
DelSqRho =  1.3895546903E+03
GradDelSqRho =  1.4438228391E-11  2.7569058147E-12  2.1884716261E-12
HessDelSqRho_EigVals = -6.3959158095E+05  2.8292125076E+04  2.8326784694E+04
HessDelSqRho_EigVec1 =  5.8489669233E-01  5.6739881302E-01  5.7961577470E-01
HessDelSqRho_EigVec2 =  3.3511488375E-01  4.8170969913E-01 -8.0972450898E-01
HessDelSqRho_EigVec3 = -7.3864326572E-01  6.6784305996E-01  9.1606622422E-02
</CP of DelSqRho>
<CP of DelSqRho>
CP# = 46      
Type = (3,+1)
Coords = -1.46881094630529E-01  1.47776658261412E-01  1.51630216960462E-01
DistFromNuc =  2.5768919143E-01
Rho =  1.6983022055E+01
DelSqRho =  1.3895470373E+03
GradDelSqRho =  1.8189894035E-12 -2.7284841053E-12  9.0949470177E-13
HessDelSqRho_EigVals = -6.3959026594E+05  2.8292162248E+04  2.8327391889E+04
HessDelSqRho_EigVec1 = -5.6999208340E-01  5.7347010927E-01  5.8842251710E-01
HessDelSqRho_EigVec2 = -3.3690941084E-01 -8.1629903672E-01  4.6919924503E-01
HessDelSqRho_EigVec3 = -7.4940047621E-01 -6.9194771644E-02 -6.5849146527E-01
</CP of DelSqRho>
<CP of DelSqRho>
CP# = 47      
Type = (3,+1)
Coords =  1.48987815991349E-01 -1.51358185237520E-01  1.45935284463609E-01
DistFromNuc =  2.5768930285E-01
Rho =  1.6983083541E+01
DelSqRho =  1.3895585554E+03
GradDelSqRho =  1.3642420527E-12  1.3528733689E-11 -1.1368683772E-12
HessDelSqRho_EigVals = -6.3958946631E+05  2.8286611671E+04  2.8323871392E+04
HessDelSqRho_EigVec1 = -5.7817018160E-01  5.8736594283E-01 -5.6632189637E-01
HessDelSqRho_EigVec2 =  8.1581359991E-01  4.0515689242E-01 -4.1266943517E-01
HessDelSqRho_EigVec3 = -1.2938752227E-02 -7.0060626726E-01 -7.1343075835E-01
</CP of DelSqRho>
<CP of DelSqRho>
CP# = 48      
Type = (3,+1)
Coords = -1.48493137742072E-01 -1.49709848800218E-01  1.48123537212239E-01
DistFromNuc =  2.5768941201E-01
Rho =  1.6983246600E+01
DelSqRho =  1.3896382096E+03
GradDelSqRho = -4.0927261580E-12 -3.1832314562E-12  8.6401996668E-12
HessDelSqRho_EigVals = -6.3959135382E+05  2.8279961447E+04  2.8286887279E+04
HessDelSqRho_EigVec1 =  5.7624892950E-01  5.8096989335E-01 -5.7481401711E-01
HessDelSqRho_EigVec2 =  8.1600059143E-01 -4.4824605912E-01  3.6499110299E-01
HessDelSqRho_EigVec3 = -4.5609275720E-02 -6.7937431030E-01 -7.3237308830E-01
</CP of DelSqRho>
<CP of DelSqRho>
CP# = 49      
Type = (3,+1)
Coords =  1.48493137742072E-01  1.49709848800218E-01 -1.48123537212239E-01
DistFromNuc =  2.5768941201E-01
Rho =  1.6983246600E+01
DelSqRho =  1.3896382096E+03
GradDelSqRho =  8.1854523160E-12  7.7307049651E-12 -6.3664629124E-12
HessDelSqRho_EigVals = -6.3959135382E+05  2.8279961447E+04  2.8286887279E+04
HessDelSqRho_EigVec1 =  5.7624892950E-01  5.8096989335E-01 -5.7481401711E-01
HessDelSqRho_EigVec2 =  8.1600059143E-01 -4.4824605913E-01  3.6499110299E-01
HessDelSqRho_EigVec3 = -4.5609275724E-02 -6.7937431030E-01 -7.3237308830E-01
</CP of DelSqRho>
<CP of DelSqRho>
CP# = 50      
Type = (3,+1)
Coords = -1.48987815991349E-01  1.51358185237520E-01 -1.45935284463609E-01
DistFromNuc =  2.5768930285E-01
Rho =  1.6983083541E+01
DelSqRho =  1.3895585554E+03
GradDelSqRho = -9.0949470177E-12 -7.2759576142E-12  6.5938365879E-12
HessDelSqRho_EigVals = -6.3958946631E+05  2.8286611671E+04  2.8323871392E+04
HessDelSqRho_EigVec1 = -5.7817018160E-01  5.8736594283E-01 -5.6632189637E-01
HessDelSqRho_EigVec2 =  8.1581359991E-01  4.0515689242E-01 -4.1266943517E-01
HessDelSqRho_EigVec3 = -1.2938752226E-02 -7.0060626726E-01 -7.1343075835E-01
</CP of DelSqRho>
<CP of DelSqRho>
CP# = 51      
Type = (3,+1)
Coords =  1.46881094630529E-01 -1.47776658261412E-01 -1.51630216960462E-01
DistFromNuc =  2.5768919143E-01
Rho =  1.6983022055E+01
DelSqRho =  1.3895470373E+03
GradDelSqRho =  1.2732925825E-11 -7.2759576142E-12 -9.0949470177E-13
HessDelSqRho_EigVals = -6.3959026594E+05  2.8292162248E+04  2.8327391889E+04
HessDelSqRho_EigVec1 = -5.6999208340E-01  5.7347010927E-01  5.8842251710E-01
HessDelSqRho_EigVec2 = -3.3690941084E-01 -8.1629903672E-01  4.6919924503E-01
HessDelSqRho_EigVec3 = -7.4940047621E-01 -6.9194771647E-02 -6.5849146527E-01
</CP of DelSqRho>
<CP of DelSqRho>
CP# = 52      
Type = (3,+1)
Coords = -1.50721772028969E-01 -1.46212626135945E-01 -1.49360250854196E-01
DistFromNuc =  2.5768909395E-01
Rho =  1.6982982320E+01
DelSqRho =  1.3895546903E+03
GradDelSqRho =  6.2527760747E-12 -2.3305801733E-12 -3.6948222260E-13
HessDelSqRho_EigVals = -6.3959158095E+05  2.8292125076E+04  2.8326784694E+04
HessDelSqRho_EigVec1 =  5.8489669233E-01  5.6739881302E-01  5.7961577470E-01
HessDelSqRho_EigVec2 =  3.3511488375E-01  4.8170969914E-01 -8.0972450898E-01
HessDelSqRho_EigVec3 = -7.3864326572E-01  6.6784305996E-01  9.1606622423E-02
</CP of DelSqRho>
<CP of DelSqRho>
CP# = 53      
Type = (3,+1)
Coords = -3.90637677414531E-01 -2.63929347591031E-03  3.96434959544067E-01
DistFromNuc =  5.5656575356E-01
Rho =  2.4430180845E+00
DelSqRho = -3.3884516981E+01
GradDelSqRho = -1.7053025658E-13  8.5265128291E-14 -7.1054273576E-14
HessDelSqRho_EigVals = -7.9637810747E+02  1.5935183340E+03  5.6819132097E+03
HessDelSqRho_EigVec1 =  5.3388674601E-03  9.9991470735E-01  1.1919501944E-02
HessDelSqRho_EigVec2 =  7.1227516319E-01 -1.2168825683E-02  7.0179485007E-01
HessDelSqRho_EigVec3 = -7.0188003847E-01 -4.7431755037E-03  7.1227937910E-01
</CP of DelSqRho>
<CP of DelSqRho>
CP# = 54      
Type = (3,+1)
Coords =  3.90637677414531E-01  2.63929347591022E-03 -3.96434959544067E-01
DistFromNuc =  5.5656575356E-01
Rho =  2.4430180845E+00
DelSqRho = -3.3884516981E+01
GradDelSqRho =  8.5265128291E-14  0.0000000000E+00  7.1054273576E-14
HessDelSqRho_EigVals = -7.9637810747E+02  1.5935183340E+03  5.6819132097E+03
HessDelSqRho_EigVec1 =  5.3388674601E-03  9.9991470735E-01  1.1919501944E-02
HessDelSqRho_EigVec2 =  7.1227516319E-01 -1.2168825683E-02  7.0179485007E-01
HessDelSqRho_EigVec3 = -7.0188003847E-01 -4.7431755037E-03  7.1227937910E-01
</CP of DelSqRho>
<CP of DelSqRho>
CP# = 55      
Type = (3,-1)
Coords =  5.06652148718978E-03 -8.01955860348749E-03  6.84094486656060E-01
DistFromNuc =  6.8416025143E-01
Rho =  1.0712245734E+00
DelSqRho =  1.3117429977E+01
GradDelSqRho = -5.3290705182E-15  5.3290705182E-15  4.9737991503E-14
HessDelSqRho_EigVals = -4.7372397035E+02 -4.7352471383E+02  3.0960765633E+02
HessDelSqRho_EigVec1 =  8.1818468656E-01 -5.7481319394E-01 -1.2791041977E-02
HessDelSqRho_EigVec2 =  5.7490761458E-01  8.1820117140E-01  5.2988502928E-03
HessDelSqRho_EigVec3 =  7.4197964683E-03 -1.1689105597E-02  9.9990415112E-01
</CP of DelSqRho>
<CP of DelSqRho>
CP# = 56      
Type = (3,-1)
Coords = -5.06652148718980E-03  8.01955860348744E-03 -6.84094486656060E-01
DistFromNuc =  6.8416025143E-01
Rho =  1.0712245734E+00
DelSqRho =  1.3117429977E+01
GradDelSqRho = -3.5527136788E-15 -1.7763568394E-15  2.8421709430E-14
HessDelSqRho_EigVals = -4.7372397035E+02 -4.7352471383E+02  3.0960765633E+02
HessDelSqRho_EigVec1 =  8.1818468656E-01 -5.7481319394E-01 -1.2791041977E-02
HessDelSqRho_EigVec2 =  5.7490761458E-01  8.1820117140E-01  5.2988502928E-03
HessDelSqRho_EigVec3 =  7.4197964683E-03 -1.1689105597E-02  9.9990415112E-01
</CP of DelSqRho>
<CP of DelSqRho>
CP# = 57      
Type = (3,-1)
Coords =  6.84134465923118E-01 -3.77255199011335E-03 -5.04481624296616E-03
DistFromNuc =  6.8416346715E-01
Rho =  1.0712110676E+00
DelSqRho =  1.3117484590E+01
GradDelSqRho = -1.3500311979E-13 -2.1316282073E-14  1.5987211555E-14
HessDelSqRho_EigVals = -4.7375158616E+02 -4.7347043651E+02  3.0956230064E+02
HessDelSqRho_EigVec1 =  8.9263182654E-03  7.7596068576E-01  6.3071811057E-01
HessDelSqRho_EigVec2 =  2.2207267402E-03 -6.3075706722E-01  7.7597718428E-01
HessDelSqRho_EigVec3 =  9.9995769371E-01 -5.5259667398E-03 -7.3535349744E-03
</CP of DelSqRho>
<CP of DelSqRho>
CP# = 58      
Type = (3,-1)
Coords = -6.84134465923118E-01  3.77255199011339E-03  5.04481624296611E-03
DistFromNuc =  6.8416346715E-01
Rho =  1.0712110676E+00
DelSqRho =  1.3117484590E+01
GradDelSqRho =  1.5631940187E-13 -1.4210854715E-14  5.3290705182E-15
HessDelSqRho_EigVals = -4.7375158616E+02 -4.7347043651E+02  3.0956230064E+02
HessDelSqRho_EigVec1 =  8.9263182654E-03  7.7596068576E-01  6.3071811057E-01
HessDelSqRho_EigVec2 =  2.2207267402E-03 -6.3075706722E-01  7.7597718428E-01
HessDelSqRho_EigVec3 =  9.9995769371E-01 -5.5259667399E-03 -7.3535349744E-03
</CP of DelSqRho>
<CP of DelSqRho>
CP# = 59      
Type = (3,-1)
Coords =  3.76929179458830E-03  6.84102176802545E-01  8.08823165914925E-03
DistFromNuc =  6.8416037254E-01
Rho =  1.0712256144E+00
DelSqRho =  1.3117386238E+01
GradDelSqRho =  2.4868995752E-14 -4.9737991503E-14 -1.9539925233E-14
HessDelSqRho_EigVals = -4.7372225950E+02 -4.7352221110E+02  3.0960727476E+02
HessDelSqRho_EigVec1 =  5.8731118279E-01 -1.2812093623E-02  8.0925980057E-01
HessDelSqRho_EigVec2 = -8.0934257131E-01 -2.5104452014E-03  5.8733150769E-01
HessDelSqRho_EigVec3 =  5.4933438815E-03  9.9991477033E-01  1.1843785338E-02
</CP of DelSqRho>
<CP of DelSqRho>
CP# = 60      
Type = (3,-1)
Coords = -3.76929179458832E-03 -6.84102176802545E-01 -8.08823165914924E-03
DistFromNuc =  6.8416037254E-01
Rho =  1.0712256144E+00
DelSqRho =  1.3117386238E+01
GradDelSqRho = -7.1054273576E-15  2.2737367544E-13  7.1054273576E-15
HessDelSqRho_EigVals = -4.7372225950E+02 -4.7352221110E+02  3.0960727476E+02
HessDelSqRho_EigVec1 =  5.8731118279E-01 -1.2812093623E-02  8.0925980057E-01
HessDelSqRho_EigVec2 = -8.0934257131E-01 -2.5104452014E-03  5.8733150769E-01
