 AIMExt (Version 16.05.18, Professional)
 Portions Copyright (c) 1997-2016 by Todd A. Keith
 AIMExt is a component of the AIMAll package ( http://aim.tkgristmill.com )

 TP:  64-bit Linux

 Licensed To:  Research Group of Fernando Cortes Guzman, UNAM, fercor@unam.mx

 AIMExt is a heavily modified and extended version of the EXTREME program
 developed by members of R.F.W. Bader's research group

 Much of the Quantum Theory of Atoms in Molecules (QTAIM) is described in the book:
   "Atoms in Molecules - A Quantum Theory"
   R.F.W. Bader, Oxford University Press, Oxford, 1990

 For additional references see:  http://aim.tkgristmill.com/references.html

 Wfx File:  /home/davit_gabo/David/max_int2/Cu22.wfx
 ExtOut File:  /home/davit_gabo/David/max_int2/Cu22.extout
 Mgp File:  /home/davit_gabo/David/max_int2/Cu22.mgp

 MgpViz File:  /home/davit_gabo/David/max_int2/Cu22.mgpviz

 Wfx Title:   Cu[H2O]6 (2+)                                                                 
 Job Title:  Auto                                                                           
 
Nuclear Charges and Cartesian Coordinates:
-------------------------------------------------------------------------------
Atom      Charge                X                  Y                  Z
-------------------------------------------------------------------------------
Cu1       29.0           1.0142722808E-06  -4.3407262567E-07  -7.2632238941E-08
O2         8.0          -4.5221251804E-02  -3.8251827642E+00  -3.6082285104E-02
O3         8.0          -4.2172573906E+00   4.3993559746E-02   3.4856219752E-03
O4         8.0           3.7892057587E-02   2.0917293180E-02  -3.8261385345E+00
H5         1.0          -5.2898977595E+00   5.4817218995E-02   1.4755979039E+00
H6         1.0           6.5097030301E-03   1.5014563331E+00  -4.8870236209E+00
H7         1.0           1.4243269369E+00  -4.9030500692E+00  -2.7567591122E-02
H8         1.0          -5.3287617045E+00   7.2328656860E-02  -1.4390024329E+00
H9         1.0          -3.1384835395E-02  -1.4556588811E+00  -4.8908426240E+00
H10        1.0          -1.5421728335E+00  -4.8644686044E+00  -1.3409251110E-02
O11        8.0           4.5219635086E-02   3.8251819960E+00   3.6086439751E-02
O12        8.0           4.2172571162E+00  -4.3993426320E-02  -3.4857376094E-03
O13        8.0          -3.7892160929E-02  -2.0918578883E-02   3.8261381377E+00
H14        1.0           5.2899010539E+00  -5.4782493169E-02  -1.4755961072E+00
H15        1.0          -6.5952496473E-03  -1.5014611697E+00   4.8870209629E+00
H16        1.0          -1.4243313218E+00   4.9030465929E+00   2.7594512271E-02
H17        1.0           5.3287575857E+00  -7.2360707787E-02   1.4390043794E+00
H18        1.0           3.1464046170E-02   1.4556523366E+00   4.8908448506E+00
H19        1.0           1.5421683704E+00   4.8644699511E+00   1.3373539890E-02

Total number of electron density critical points found =     37

Electron Density Critical Point Analysis of Molecular Structure:
---------------------------------------------------------------
  NACP = Nuclear Attractor Critical Point
  NNACP = Non-Nuclear Attractor Critical Point
  BCP = Bond Critical Point
  RCP = Ring Critical Point
  CCP = Cage Critical Point
  Rho = Electron Density
  GradRho = Gradient of Electron Density
  HessRho_EigVals = Eigenvalues of the Hessian of Rho, Ascending Order
  HessRho_EigVecs = Eigenvectors of the Hessian of Rho
  DelSqRho = Laplacian of Rho = Trace of Hessian of Rho
  Bond Ellipticity = (HessRho_EigVal(1) / HessRho_EigVal(2)) - 1
  V = Virial Field = Potential Energy Density = Trace of Stress Tensor
  G = Lagrangian Form of Kinetic Energy Density
  K = Hamiltonian Form of Kinetic Energy Density
  L = K - G = Lagrangian Density = (-1/4)DelSqRho
  Vnuc = Electrostatic Potential from Nuclei
  Ven = Electron-nuclear attractive contribution to Virial Field V
  Vrep = V - Ven = Repulsive contribution to Virial Field V
  DelSqV = Laplacian of V
  DelSqVen = Laplacian of Ven
  DelSqVrep = Laplacian of Vrep
  DelSqG = Laplacian of G
  DelSqK = Laplacian of K
  Stress_EigVals = Eigenvalues of Stress Tensor, Ascending Order
  Stress_EigVecs = Eigenvectors of Stress Tensor
  -DivStress = Ehrenfest Force Density = Minus Divergence of Stress Tensor
  ESP = Total Electrostatic Potential
  ESPe = Electrostatic Potential from Electrons
  ESPn = Electrostatic Potential from Nuclei
  BP = Bond Path
  BPL = Bond Path Length
  GBL = Geometric Bond Length
  GBL_I = Distance Between Nuclear Attractors
  GBL_II = Distance Between Nuclei
  GBL_III = Sum of Distances Between BCP and Nuclear Attractors
  GBL_IV = Sum of Distances Between BCP and Nuclei

CP# 1      Coords =  1.01427227356568E-06 -4.34072630606348E-07 -7.26322483391597E-08
           Type = (3,-3) NACP Cu1
           Rho =  1.6240043258E+04     Rho at Nucleus =  1.6240043258E+04
           GradRho =  1.0556430675E-13  1.5657580213E-14 -1.3010527714E-15
           HessRho_EigVals = -1.0549724505E+09 -1.0549721177E+09 -1.0549721094E+09
           HessRho_EigVec1 =  9.9989363046E-01 -1.1813159712E-02  8.5543571134E-03
           HessRho_EigVec2 =  1.2485218770E-02  9.9644482535E-01 -8.3317641248E-02
           HessRho_EigVec3 = -7.5397002770E-03  8.3415581809E-02  9.9648632386E-01
           DelSqRho = -3.1649166777E+09
           Bond Ellipticity = NA
           V = -7.9189918693E+08
           G =  3.3500875944E+05
           K =  7.9156417817E+08
           L =  7.9122916942E+08
           Vnuc =  2.9000000145E+09
           Ven = -4.7096125684E+13
           Vrep =  4.7095333785E+13
           DelSqV =  1.9354361304E+15
           DelSqVen =  1.4128837635E+30
           DelSqVrep = -1.4128837635E+30
           DelSqG =  5.1475281763E+13
           DelSqK = -1.9869114121E+15
           Stress_EigVals = -2.6396640476E+08 -2.6396640303E+08 -2.6396637914E+08
           Stress_EigVec1 = -2.4085874004E-03 -3.1496192790E-03  9.9999213927E-01
           Stress_EigVec2 =  1.1195660825E-02  9.9993228155E-01  3.1763966880E-03
           Stress_EigVec3 =  9.9993442579E-01 -1.1203223448E-02  2.3731622254E-03
           -DivStress =  4.6040272560E+00  3.1462980782E+00  5.9880076898E+00
           ESP =  -1.3492970123E+02     ESP at Nucleus =  -1.3492970123E+02
           ESPe = -1.4938047938E+02     ESPe at Nucleus = -1.4938047938E+02
           ESPn =  1.4450778155E+01     ESPn at Nucleus =  1.4450778155E+01

CP# 2      Coords =  2.07067778019064E+00 -2.21686623399223E-02 -2.37857231975287E-04
           Type = (3,-1) BCP O12 Cu1
           Rho =  4.2679441157E-02
           GradRho = -1.3877787808E-17  0.0000000000E+00 -6.5052130349E-19
           HessRho_EigVals = -5.1137372150E-02 -4.6788374009E-02  2.9178653685E-01
           HessRho_EigVec1 =  3.1538189659E-04 -5.6532541308E-03  9.9998397050E-01
           HessRho_EigVec2 =  1.0628382016E-02  9.9992755723E-01  5.6495831542E-03
           HessRho_EigVec3 =  9.9994346742E-01 -1.0626429872E-02 -3.7544399398E-04
           DelSqRho =  1.9386079069E-01
           Bond Ellipticity =  9.2950401302E-02
           V = -5.6382434346E-02
           G =  5.2423816009E-02
           K =  3.9586183363E-03
           L = -4.8465197673E-02
           Vnuc =  2.8651161457E+01
           Ven = -1.2228155595E+00
           Vrep =  1.1664331251E+00
           DelSqV = -3.7665580187E-01
           DelSqVen = -5.5543368143E+00
           DelSqVrep =  5.1776810124E+00
           DelSqG =  4.8819020446E-01
           DelSqK = -1.1153440258E-01
           Stress_EigVals = -2.8042063752E-02 -2.6903171709E-02 -1.4371988853E-03
           Stress_EigVec1 =  1.0622606833E-02  9.9992668598E-01  5.8123044033E-03
           Stress_EigVec2 =  6.8199674064E-04 -5.8198758783E-03  9.9998283182E-01
           Stress_EigVec3 =  9.9994334595E-01 -1.0618460489E-02 -7.4376899399E-04
           -DivStress = -1.6203753993E-03  1.3640340942E-05 -2.4951017836E-05
           ESP =   5.4711671517E-01
           ESPe = -2.8104044742E+01
           ESPn =  2.8651161457E+01
           BPL =  4.2174989620E+00 =  2.1467035107E+00 +  2.0707954513E+00
           GBL_I =  4.2174949912E+00
           GBL_II =  4.2174869961E+00
           GBL_III =  4.2174961743E+00 =  2.1467007339E+00 +  2.0707954404E+00
           GBL_IV =  4.2174881791E+00 =  2.1466927388E+00 +  2.0707954404E+00

CP# 3      Coords =  2.14031344230864E-02  1.82052278304590E+00  1.61826130823376E-02
           Type = (3,-1) BCP O11 Cu1
           Rho =  6.4573398883E-02
           GradRho = -1.6263032587E-18 -1.3183898417E-16 -2.1141942363E-18
           HessRho_EigVals = -8.2608963408E-02 -6.8354071201E-02  5.3605841368E-01
           HessRho_EigVec1 =  9.9993013492E-01 -1.1769336814E-02  1.0990901927E-03
           HessRho_EigVec2 = -1.1983570773E-03 -8.4306373411E-03  9.9996374349E-01
           HessRho_EigVec3 =  1.1759644068E-02  9.9989519804E-01  8.4441522020E-03
           DelSqRho =  3.8509537907E-01
           Bond Ellipticity =  2.0854488922E-01
           V = -1.0173073149E-01
           G =  9.9002288130E-02
           K =  2.7284433612E-03
           L = -9.6273844769E-02
           Vnuc =  3.0909440973E+01
           Ven = -1.9959276612E+00
           Vrep =  1.8941969297E+00
           DelSqV = -1.4831991626E+00
           DelSqVen = -1.1903082888E+01
           DelSqVrep =  1.0419883726E+01
           DelSqG =  1.5302105905E+00
           DelSqK = -4.7011427889E-02
           Stress_EigVals = -5.5958190412E-02 -5.4400519273E-02  8.6279781943E-03
           Stress_EigVec1 =  9.9983947306E-01 -1.1885743411E-02  1.3407356633E-02
           Stress_EigVec2 = -1.3510229357E-02 -8.6175090817E-03  9.9987159788E-01
           Stress_EigVec3 =  1.1768679238E-02  9.9989222801E-01  8.7767048589E-03
           -DivStress = -1.6500310467E-04 -1.4405995146E-02 -1.4002028453E-04
           ESP =   7.5584139442E-01
           ESPe = -3.0153599579E+01
           ESPn =  3.0909440973E+01
           BPL =  3.8256316352E+00 =  2.0049089941E+00 +  1.8207226410E+00
           GBL_I =  3.8256265379E+00
           GBL_II =  3.8256198953E+00
           GBL_III =  3.8256270608E+00 =  2.0049061283E+00 +  1.8207209325E+00
           GBL_IV =  3.8256204183E+00 =  2.0048994858E+00 +  1.8207209325E+00

CP# 4      Coords = -2.07067695411708E+00  2.21682713856322E-02  2.37530336186461E-04
           Type = (3,-1) BCP Cu1 O3
           Rho =  4.2679322735E-02
           GradRho = -1.7347234760E-17 -1.3552527156E-19 -2.1684043450E-19
           HessRho_EigVals = -5.1137186375E-02 -4.6788200549E-02  2.9178538925E-01
           HessRho_EigVec1 =  3.1553852908E-04 -5.6301203914E-03  9.9998410096E-01
           HessRho_EigVec2 =  1.0628619566E-02  9.9992768514E-01  5.6264489662E-03
           HessRho_EigVec3 =  9.9994346484E-01 -1.0626675220E-02 -3.7535611871E-04
           DelSqRho =  1.9386000233E-01
           Bond Ellipticity =  9.2950482715E-02
           V = -5.6382230632E-02
           G =  5.2423615607E-02
           K =  3.9586150249E-03
           L = -4.8465000582E-02
           Vnuc =  2.8651153314E+01
           Ven = -1.2228118190E+00
           Vrep =  1.1664295884E+00
           DelSqV = -3.7665327778E-01
           DelSqVen = -5.5543126481E+00
           DelSqVrep =  5.1776593703E+00
           DelSqG =  4.8818731074E-01
           DelSqK = -1.1153403296E-01
           Stress_EigVals = -2.8041952169E-02 -2.6903063354E-02 -1.4372151090E-03
           Stress_EigVec1 =  1.0622856040E-02  9.9992680127E-01  5.7919799095E-03
           Stress_EigVec2 =  6.8217515134E-04 -5.7995523232E-03  9.9998294977E-01
           Stress_EigVec3 =  9.9994334318E-01 -1.0618723773E-02 -7.4373302641E-04
           -DivStress =  1.6204840030E-03 -1.3641813790E-05  2.4954701450E-05
           ESP =   5.4711614752E-01
           ESPe = -2.8104037166E+01
           ESPn =  2.8651153314E+01
           BPL =  4.2175012765E+00 =  2.0707966588E+00 +  2.1467046177E+00
           GBL_I =  4.2174973045E+00
           GBL_II =  4.2174893094E+00
           GBL_III =  4.2174984879E+00 =  2.0707966478E+00 +  2.1467018400E+00
           GBL_IV =  4.2174904927E+00 =  2.0707966478E+00 +  2.1466938449E+00

CP# 5      Coords = -2.14029490551415E-02 -1.82052361953146E+00 -1.61810000213610E-02
           Type = (3,-1) BCP Cu1 O2
           Rho =  6.4573401468E-02
           GradRho =  3.2526065175E-19  4.1633363423E-17  1.8973538018E-18
           HessRho_EigVals = -8.2608967689E-02 -6.8354071901E-02  5.3605849589E-01
           HessRho_EigVec1 =  9.9993011363E-01 -1.1770250566E-02  1.1086287220E-03
           HessRho_EigVec2 = -1.2078945420E-03 -8.4298634529E-03  9.9996373854E-01
           HessRho_EigVec3 =  1.1760478171E-02  9.9989519381E-01  8.4434915417E-03
           DelSqRho =  3.8509545629E-01
           Bond Ellipticity =  2.0854493948E-01
           V = -1.0173074848E-01
           G =  9.9002306275E-02
           K =  2.7284422009E-03
           L = -9.6273864074E-02
           Vnuc =  3.0909441373E+01
           Ven = -1.9959277670E+00
           Vrep =  1.8941970185E+00
           DelSqV = -1.4831994383E+00
           DelSqVen = -1.1903085429E+01
           DelSqVrep =  1.0419885991E+01
           DelSqG =  1.5302108044E+00
           DelSqK = -4.7011366126E-02
           Stress_EigVals = -5.5958196994E-02 -5.4400527226E-02  8.6279757449E-03
           Stress_EigVec1 =  9.9983971219E-01 -1.1886566598E-02  1.3388781434E-02
           Stress_EigVec2 = -1.3491652499E-02 -8.6168049571E-03  9.9987185478E-01
           Stress_EigVec3 =  1.1769674873E-02  9.9989222430E-01  8.7757932143E-03
           -DivStress =  1.6501728599E-04  1.4405993629E-02  1.3999778003E-04
           ESP =   7.5584148233E-01
           ESPe = -3.0153599891E+01
           ESPn =  3.0909441373E+01
           BPL =  3.8256315332E+00 =  1.8207226133E+00 +  2.0049089199E+00
           GBL_I =  3.8256264406E+00
           GBL_II =  3.8256197979E+00
           GBL_III =  3.8256269631E+00 =  1.8207209069E+00 +  2.0049060562E+00
           GBL_IV =  3.8256203206E+00 =  1.8207209069E+00 +  2.0048994137E+00

CP# 6      Coords = -4.52213361885820E-02 -3.82518940842204E+00 -3.60820935153300E-02
           Type = (3,-3) NACP O2
           Rho =  2.9543693759E+02     Rho at Nucleus =  2.9543691943E+02
           GradRho = -2.3245901731E-12  1.0966651198E-10  2.8223534621E-12
           HessRho_EigVals = -8.2176074813E+05 -8.2174861278E+05 -8.2172470941E+05
           HessRho_EigVec1 =  9.9990161311E-01 -1.3185524485E-02 -4.7860257478E-03
           HessRho_EigVec2 =  1.3151157568E-02  9.9988800964E-01 -7.1424954033E-03
           HessRho_EigVec3 =  4.8796673071E-03  7.0788508966E-03  9.9996303868E-01
           DelSqRho = -2.4652340703E+06
           Bond Ellipticity = NA
           V = -6.1644829098E+05
           G =  6.9886700469E+01
           K =  6.1637840428E+05
           L =  6.1630851758E+05
           Vnuc =  1.2034732233E+06
           Ven = -3.5555044357E+08
           Vrep =  3.5493399528E+08
           DelSqV =  3.9209641321E+10
           DelSqVen =  2.9668431995E+12
           DelSqVrep = -2.9276335582E+12
           DelSqG =  1.7146239800E+09
           DelSqK = -4.0924265301E+10
           Stress_EigVals = -2.0548742116E+05 -2.0548164103E+05 -2.0547922879E+05
           Stress_EigVec1 =  4.8709188924E-03  7.8727933464E-03  9.9995714572E-01
           Stress_EigVec2 =  1.3170371438E-02  9.9988177081E-01 -7.9363544702E-03
           Stress_EigVec3 =  9.9990140287E-01 -1.3208464370E-02 -4.7666553949E-03
           -DivStress =  1.0771655944E+03  8.4811936476E+04 -2.4452991740E+03
           ESP =  -2.2000480859E+01     ESP at Nucleus =  -2.2000481017E+01
           ESPe = -3.8959942478E+01     ESPe at Nucleus = -3.8959960040E+01
           ESPn =  1.6959461620E+01     ESPn at Nucleus =  1.6959479023E+01

CP# 7      Coords = -4.21726538437489E+00  4.39937201287697E-02  3.48572524182431E-03
           Type = (3,-3) NACP O3
           Rho =  2.9555986602E+02     Rho at Nucleus =  2.9555983973E+02
           GradRho = -2.7383562085E-10 -1.4926948566E-12 -1.5810269760E-13
           HessRho_EigVals = -8.2210441053E+05 -8.2209034181E+05 -8.2206885853E+05
           HessRho_EigVec1 =  1.3350087676E-02 -6.0625547694E-03  9.9989250452E-01
           HessRho_EigVec2 =  9.9976910295E-01 -1.6758191741E-02 -1.3450048455E-02
           HessRho_EigVec3 =  1.6837931966E-02  9.9984119161E-01  5.8374316143E-03
           DelSqRho = -2.4662636109E+06
           Bond Ellipticity = NA
           V = -6.1670492965E+05
           G =  6.9513467143E+01
           K =  6.1663541619E+05
           L =  6.1656590272E+05
           Vnuc =  1.0005077822E+06
           Ven = -2.9570994606E+08
           Vrep =  2.9509324113E+08
           DelSqV =  3.9225898346E+10
           DelSqVen =  2.4675159357E+12
           DelSqVrep = -2.4282900374E+12
           DelSqG =  1.7153409338E+09
           DelSqK = -4.0941239279E+10
           Stress_EigVals = -2.0557280028E+05 -2.0556744997E+05 -2.0556467940E+05
           Stress_EigVec1 =  1.7032586338E-02  9.9983789596E-01  5.8371921293E-03
           Stress_EigVec2 =  9.9976861180E-01 -1.6954112783E-02 -1.3239369961E-02
           Stress_EigVec3 =  1.3138259392E-02 -6.0613421838E-03  9.9989531766E-01
           -DivStress =  1.0207729720E+05 -2.0479716287E+03 -1.3187571093E+03
           ESP =  -2.2034968744E+01     ESP at Nucleus =  -2.2034968972E+01
           ESPe = -3.8012438835E+01     ESPe at Nucleus = -3.8012457049E+01
           ESPn =  1.5977470091E+01     ESPn at Nucleus =  1.5977488076E+01

CP# 8      Coords =  3.78915225769798E-02  2.09173120831691E-02 -3.82614525239090E+00
           Type = (3,-3) NACP O4
           Rho =  2.9544717740E+02     Rho at Nucleus =  2.9544715874E+02
           GradRho =  1.6653345369E-16  3.5360603334E-13  2.9984459360E-11
           HessRho_EigVals = -8.2178953569E+05 -8.2177751604E+05 -8.2175335383E+05
           HessRho_EigVec1 =  1.2814117116E-02  9.9991745806E-01  9.3566882110E-04
           HessRho_EigVec2 =  2.9600725774E-02 -1.3146736869E-03  9.9956093795E-01
           HessRho_EigVec3 =  9.9947966234E-01 -1.2780794447E-02 -2.9615128855E-02
           DelSqRho = -2.4653204056E+06
           Bond Ellipticity = NA
           V = -6.1646980651E+05
           G =  6.9852557249E+01
           K =  6.1639995395E+05
           L =  6.1633010139E+05
           Vnuc =  1.1871052144E+06
           Ven = -3.5072688486E+08
           Vrep =  3.5011041506E+08
           DelSqV =  3.9211004876E+10
           DelSqVen =  2.9265947054E+12
           DelSqVrep = -2.8873837005E+12
           DelSqG =  1.7146844651E+09
           DelSqK = -4.0925689342E+10
           Stress_EigVals = -2.0549462817E+05 -2.0548878003E+05 -2.0548639831E+05
           Stress_EigVec1 =  9.9942382193E-01 -1.2764221771E-02 -3.1449941090E-02
           Stress_EigVec2 =  3.1435414304E-02 -1.3371771655E-03  9.9950489078E-01
           Stress_EigVec3 =  1.2799956230E-02  9.9991763991E-01  9.3515811372E-04
           -DivStress =  6.8288429699E+03 -2.4128263445E+02  8.5754390594E+04
           ESP =  -2.2003071785E+01     ESP at Nucleus =  -2.2003071948E+01
           ESPe = -3.8956442779E+01     ESPe at Nucleus = -3.8956460502E+01
           ESPn =  1.6953370993E+01     ESPn at Nucleus =  1.6953388554E+01

CP# 9      Coords = -5.25989200879458E+00  5.45262909673234E-02  1.43306786279710E+00
           Type = (3,-3) NACP H5
           Rho =  4.0843021839E-01     Rho at Nucleus =  3.9887388941E-01
           GradRho = -2.6419838539E-15 -7.9688859678E-18  2.3375398839E-16
           HessRho_EigVals = -8.0418747761E+00 -8.0189774637E+00 -6.3034873810E+00
           HessRho_EigVec1 =  8.1488310034E-01 -1.7286949060E-02  5.7936749492E-01
           HessRho_EigVec2 =  1.7372121649E-02  9.9983451794E-01  5.3987150782E-03
           HessRho_EigVec3 = -5.7936494731E-01  5.6655209207E-03  8.1504856279E-01
           DelSqRho = -2.2364339621E+01
           Bond Ellipticity = NA
           V = -5.6521268313E+00
           G =  3.0520963057E-02
           K =  5.6216058683E+00
           L =  5.5910849052E+00
           Vnuc =  3.6388402254E+01
           Ven = -1.4862123080E+01
           Vrep =  9.2099962483E+00
           DelSqV =  1.3605206190E+03
           DelSqVen =  8.1380258626E+02
           DelSqVrep =  5.4671803272E+02
           DelSqG =  1.0433919194E+02
           DelSqK = -1.4648598109E+03
           Stress_EigVals = -2.0362638022E+00 -2.0308730788E+00 -1.5849899504E+00
           Stress_EigVec1 =  1.7303977407E-02  9.9983582459E-01  5.3755210529E-03
           Stress_EigVec2 =  8.1754370582E-01 -1.7243783476E-02  5.7560832257E-01
           Stress_EigVec3 = -5.7560651616E-01  5.5655900066E-03  8.1770787129E-01
           -DivStress = -1.4006894071E+01  1.3557719132E-01  1.9865857382E+01
           ESP =  -6.7634970660E-01     ESP at Nucleus =  -6.7994944528E-01
           ESPe = -1.7852568180E+01     ESPe at Nucleus = -1.7653970493E+01
           ESPn =  1.7176218473E+01     ESPn at Nucleus =  1.6974021047E+01

CP# 10     Coords =  7.33634865877453E-03  1.45787438496261E+00 -4.85666590725317E+00
           Type = (3,-3) NACP H6
           Rho =  4.0396260458E-01     Rho at Nucleus =  3.9415704316E-01
           GradRho = -8.1857264023E-18  4.2153780466E-16  3.2664843053E-15
           HessRho_EigVals = -7.9505847643E+00 -7.9260066734E+00 -6.1780479027E+00
           HessRho_EigVec1 =  3.3687857889E-02  5.7454935137E-01  8.1777635761E-01
           HessRho_EigVec2 =  9.9930619660E-01 -6.3607973960E-03 -3.6696943904E-02
           HessRho_EigVec3 = -1.5882495591E-02  8.1844522302E-01 -5.7436500872E-01
           DelSqRho = -2.2054639340E+01
           Bond Ellipticity = NA
           V = -5.5728319084E+00
           G =  2.9586036624E-02
           K =  5.5432458717E+00
           L =  5.5136598351E+00
           Vnuc =  3.6656618073E+01
           Ven = -1.4807902912E+01
           Vrep =  9.2350710036E+00
           DelSqV =  1.3363493697E+03
           DelSqVen =  8.0844849105E+02
           DelSqVrep =  5.2790087868E+02
           DelSqG =  1.0265790705E+02
           DelSqK = -1.4390072768E+03
           Stress_EigVals = -2.0127286788E+00 -2.0070388358E+00 -1.5530643937E+00
           Stress_EigVec1 =  9.9926945226E-01 -7.2512813985E-03 -3.7523068981E-02
           Stress_EigVec2 =  3.4934196517E-02  5.7144842341E-01  8.1989407931E-01
           Stress_EigVec3 = -1.5497215925E-02  8.2060594581E-01 -5.7128427075E-01
           -DivStress = -3.7886384516E-01  2.0069323862E+01 -1.3975712948E+01
           ESP =  -6.4641248602E-01     ESP at Nucleus =  -6.5010973874E-01
           ESPe = -1.8477482263E+01     ESPe at Nucleus = -1.8267105644E+01
           ESPn =  1.7831069777E+01     ESPn at Nucleus =  1.7616995905E+01

CP# 11     Coords =  1.38092722062372E+00 -4.87219232262667E+00 -2.77806558759301E-02
           Type = (3,-3) NACP H7
           Rho =  4.0273269153E-01     Rho at Nucleus =  3.9291398619E-01
           GradRho = -6.1062266354E-16 -1.1327744298E-15 -1.3010426070E-18
           HessRho_EigVals = -7.9247091096E+00 -7.9001063071E+00 -6.1514963625E+00
           HessRho_EigVec1 =  5.8264769849E-01  8.1267362677E-01 -9.1233655954E-03
           HessRho_EigVec2 =  1.9574886764E-03  9.8223708302E-03  9.9994984338E-01
           HessRho_EigVec3 =  8.1272247888E-01 -5.8263633374E-01  4.1321823360E-03
           DelSqRho = -2.1976311779E+01
           Bond Ellipticity = NA
           V = -5.5530166275E+00
           G =  2.9469341322E-02
           K =  5.5235472861E+00
           L =  5.4940779448E+00
           Vnuc =  3.6625938866E+01
           Ven = -1.4750462939E+01
           Vrep =  9.1974463119E+00
           DelSqV =  1.3309500269E+03
           DelSqVen =  8.0490305173E+02
           DelSqVrep =  5.2604697520E+02
           DelSqG =  1.0225099043E+02
           DelSqK = -1.4332010174E+03
           Stress_EigVals = -2.0061444452E+00 -2.0005464694E+00 -1.5463257129E+00
           Stress_EigVec1 =  2.7396452540E-03  1.0718852244E-02  9.9993879840E-01
           Stress_EigVec2 =  5.7953950626E-01  8.1487876264E-01 -1.0322929491E-02
           Stress_EigVec3 =  8.1493954072E-01 -5.7953231868E-01  3.9795196023E-03
           -DivStress =  1.9915400644E+01 -1.4155573434E+01  9.6968423325E-02
           ESP =  -6.4414504278E-01     ESP at Nucleus =  -6.4784488790E-01
           ESPe = -1.8491465631E+01     ESPe at Nucleus = -1.8281123425E+01
           ESPn =  1.7847320588E+01     ESPn at Nucleus =  1.7633278537E+01

CP# 12     Coords = -5.29761539802076E+00  7.15317659846964E-02 -1.39731077312163E+00
           Type = (3,-3) NACP H8
           Rho =  4.0856604911E-01     Rho at Nucleus =  3.9900662706E-01
           GradRho =  2.3973878438E-15 -3.7350764842E-17 -8.5868812061E-16
           HessRho_EigVals = -8.0453483674E+00 -8.0224818971E+00 -6.3063297467E+00
           HessRho_EigVec1 =  7.9893925185E-01 -1.0173225665E-02 -6.0132568325E-01
           HessRho_EigVec2 =  1.7370453463E-02  9.9983012315E-01  6.1637806734E-03
           HessRho_EigVec3 =  6.0116082640E-01 -1.5369786117E-02  7.9898024411E-01
           DelSqRho = -2.2374160011E+01
           Bond Ellipticity = NA
           V = -5.6546264390E+00
           G =  3.0543218086E-02
           K =  5.6240832209E+00
           L =  5.5935400028E+00
           Vnuc =  3.6328467245E+01
           Ven = -1.4842578332E+01
           Vrep =  9.1879518934E+00
           DelSqV =  1.3611486965E+03
           DelSqVen =  8.1281893910E+02
           DelSqVrep =  5.4832975738E+02
           DelSqG =  1.0439534302E+02
           DelSqK = -1.4655440395E+03
           Stress_EigVals = -2.0371520299E+00 -2.0317603639E+00 -1.5857140451E+00
           Stress_EigVec1 =  1.7498426093E-02  9.9982863429E-01  6.0421135977E-03
           Stress_EigVec2 =  8.0169095896E-01 -1.0419058773E-02 -5.9764793109E-01
           Stress_EigVec3 =  5.9748256159E-01 -1.5301805996E-02  8.0173589375E-01
           -DivStress = -1.4545587019E+01  3.7207572947E-01 -1.9483175284E+01
           ESP =  -6.7625658489E-01     ESP at Nucleus =  -6.7986105387E-01
           ESPe = -1.7791433078E+01     ESPe at Nucleus = -1.7591965325E+01
           ESPn =  1.7115176493E+01     ESPn at Nucleus =  1.6912104271E+01

CP# 13     Coords = -2.94420528866357E-02 -1.41217299925452E+00 -4.86037980197101E+00
           Type = (3,-3) NACP H9
           Rho =  4.0389880903E-01     Rho at Nucleus =  3.9409182757E-01
           GradRho =  8.4567769454E-18 -8.7603535537E-16  7.3205330686E-16
           HessRho_EigVals = -7.9488888565E+00 -7.9242896900E+00 -6.1761746553E+00
           HessRho_EigVec1 =  1.8999767678E-02 -5.7715796167E-01  8.1641147475E-01
           HessRho_EigVec2 =  9.9914077264E-01 -1.9121955456E-02 -3.6770467246E-02
           HessRho_EigVec3 =  3.6833751780E-02  8.1640862202E-01  5.7629873905E-01
           DelSqRho = -2.2049353202E+01
           Bond Ellipticity = NA
           V = -5.5714834243E+00
           G =  2.9572561898E-02
           K =  5.5419108624E+00
           L =  5.5123383005E+00
           Vnuc =  3.6676561479E+01
           Ven = -1.4813619501E+01
           Vrep =  9.2421360766E+00
           DelSqV =  1.3359663085E+03
           DelSqVen =  8.0869445829E+02
           DelSqVrep =  5.2727185025E+02
           DelSqG =  1.0262595403E+02
           DelSqK = -1.4385922626E+03
           Stress_EigVals = -2.0122901766E+00 -2.0066008416E+00 -1.5525924061E+00
           Stress_EigVec1 =  9.9912712593E-01 -1.8246606178E-02 -3.7577221862E-02
           Stress_EigVec2 =  2.0301118623E-02 -5.7408742644E-01  8.1854229664E-01
           Stress_EigVec3 =  3.6508229518E-02  8.1859067193E-01  5.7321589390E-01
           -DivStress = -8.9264668658E-01 -2.0020233442E+01 -1.4020879598E+01
           ESP =  -6.4652281872E-01     ESP at Nucleus =  -6.5022215592E-01
           ESPe = -1.8501269495E+01     ESPe at Nucleus = -1.8291193248E+01
           ESPn =  1.7854746677E+01     ESPn at Nucleus =  1.7640971092E+01

CP# 14     Coords = -1.49798271774338E+00 -4.83474994572878E+00 -1.40393866019976E-02
           Type = (3,-3) NACP H10
           Rho =  4.0271452759E-01     Rho at Nucleus =  3.9289459887E-01
           GradRho = -9.7144514655E-17  3.0557154029E-15  7.7520455333E-18
           HessRho_EigVals = -7.9242118484E+00 -7.8995996668E+00 -6.1508413899E+00
           HessRho_EigVec1 = -5.6133988518E-01  8.2757405995E-01 -4.3253446557E-03
           HessRho_EigVec2 =  7.4597740286E-03  1.0286045183E-02  9.9991927126E-01
           HessRho_EigVec3 =  8.2755174163E-01  5.6126230283E-01 -1.1947482901E-02
           DelSqRho = -2.1974652905E+01
           Bond Ellipticity = NA
           V = -5.5525945379E+00
           G =  2.9465655817E-02
           K =  5.5231288821E+00
           L =  5.4936632263E+00
           Vnuc =  3.6631213903E+01
           Ven = -1.4751922002E+01
           Vrep =  9.1993274641E+00
           DelSqV =  1.3308187353E+03
           DelSqVen =  8.0495821100E+02
           DelSqVrep =  5.2586052426E+02
           DelSqG =  1.0224068619E+02
           DelSqK = -1.4330594215E+03
           Stress_EigVals = -2.0060159831E+00 -2.0004179388E+00 -1.5461606160E+00
           Stress_EigVec1 =  7.2289020422E-03  1.0433545374E-02  9.9991943881E-01
           Stress_EigVec2 = -5.5817770624E-01  8.2970855357E-01 -4.6221622468E-03
           Stress_EigVec3 =  8.2968993680E-01  5.5809932562E-01 -1.1821654282E-02
           -DivStress = -2.0276397549E+01 -1.3631826059E+01  2.8839015282E-01
           ESP =  -6.4417361861E-01     ESP at Nucleus =  -6.4787418602E-01
           ESPe = -1.8498691947E+01     ESPe at Nucleus = -1.8288436313E+01
           ESPn =  1.7854518329E+01     ESPn at Nucleus =  1.7640562127E+01

CP# 15     Coords =  4.52197194514593E-02  3.82518864018992E+00  3.60862480709007E-02
           Type = (3,-3) NACP O11
           Rho =  2.9543693748E+02     Rho at Nucleus =  2.9543691932E+02
           GradRho =  5.2308851695E-13 -5.0236981242E-11  2.5909829837E-12
           HessRho_EigVals = -8.2176074785E+05 -8.2174861250E+05 -8.2172470913E+05
           HessRho_EigVec1 =  9.9990152416E-01 -1.3184545102E-02 -4.8072599663E-03
           HessRho_EigVec2 =  1.3150002622E-02  9.9988798800E-01 -7.1476495106E-03
           HessRho_EigVec3 =  4.9009600029E-03  7.0837301586E-03  9.9996289999E-01
           DelSqRho = -2.4652340695E+06
           Bond Ellipticity = NA
           V = -6.1644829077E+05
           G =  6.9886700809E+01
           K =  6.1637840407E+05
           L =  6.1630851737E+05
           Vnuc =  1.2034731741E+06
           Ven = -3.5555042890E+08
           Vrep =  3.5493398061E+08
           DelSqV =  3.9209641308E+10
           DelSqVen =  2.9668430705E+12
           DelSqVrep = -2.9276334292E+12
           DelSqG =  1.7146239794E+09
           DelSqK = -4.0924265288E+10
           Stress_EigVals = -2.0548742109E+05 -2.0548164096E+05 -2.0547922872E+05
           Stress_EigVec1 =  4.8922031485E-03  7.8779875381E-03  9.9995700091E-01
           Stress_EigVec2 =  1.3169637027E-02  9.9988173704E-01 -7.9418258950E-03
           Stress_EigVec3 =  9.9990130863E-01 -1.3207923771E-02 -4.7878743457E-03
           -DivStress = -1.0769265491E+03 -8.4811909356E+04  2.4464633148E+03
           ESP =  -2.2000480945E+01     ESP at Nucleus =  -2.2000481103E+01
           ESPe = -3.8959942224E+01     ESPe at Nucleus = -3.8959959785E+01
           ESPn =  1.6959461279E+01     ESPn at Nucleus =  1.6959478682E+01

CP# 16     Coords =  4.21726510994917E+00 -4.39935866929463E-02 -3.48584085968583E-03
           Type = (3,-3) NACP O12
           Rho =  2.9555986545E+02     Rho at Nucleus =  2.9555983917E+02
           GradRho = -3.4274449945E-10  1.8490486919E-12 -8.3398565831E-14
           HessRho_EigVals = -8.2210440893E+05 -8.2209034021E+05 -8.2206885692E+05
           HessRho_EigVec1 =  1.3347156242E-02 -6.0856697639E-03  9.9989240323E-01
           HessRho_EigVec2 =  9.9976915483E-01 -1.6757140984E-02 -1.3447500450E-02
           HessRho_EigVec3 =  1.6837175017E-02  9.9984106880E-01  5.8606047375E-03
           DelSqRho = -2.4662636061E+06
           Bond Ellipticity = NA
           V = -6.1670492845E+05
           G =  6.9513468358E+01
           K =  6.1663541498E+05
           L =  6.1656590151E+05
           Vnuc =  1.0005084240E+06
           Ven = -2.9571013518E+08
           Vrep =  2.9509343026E+08
           DelSqV =  3.9225898269E+10
           DelSqVen =  2.4675175148E+12
           DelSqVrep = -2.4282916185E+12
           DelSqG =  1.7153409304E+09
           DelSqK = -4.0941239200E+10
           Stress_EigVals = -2.0557279988E+05 -2.0556744957E+05 -2.0556467900E+05
           Stress_EigVec1 =  1.7031814027E-02  9.9983777376E-01  5.8603308939E-03
           Stress_EigVec2 =  9.9976866512E-01 -1.6953052757E-02 -1.3236700849E-02
           Stress_EigVec3 =  1.3135203010E-02 -6.0844202221E-03  9.9989521765E-01
           -DivStress = -1.0207723673E+05  2.0478454125E+03  1.3185486244E+03
           ESP =  -2.2034968691E+01     ESP at Nucleus =  -2.2034968919E+01
           ESPe = -3.8012441617E+01     ESPe at Nucleus = -3.8012459831E+01
           ESPn =  1.5977472926E+01     ESPn at Nucleus =  1.5977490912E+01

CP# 17     Coords = -3.78916259463507E-02 -2.09185978241654E-02  3.82614485561044E+00
           Type = (3,-3) NACP O13
           Rho =  2.9544717750E+02     Rho at Nucleus =  2.9544715884E+02
           GradRho =  2.1481705303E-12 -2.5905558081E-13 -7.3941297529E-11
           HessRho_EigVals = -8.2178953597E+05 -8.2177751633E+05 -8.2175335411E+05
           HessRho_EigVec1 =  1.2870727395E-02  9.9991672922E-01  9.3755468811E-04
           HessRho_EigVec2 =  2.9598489118E-02 -1.3182069540E-03  9.9956099953E-01
           HessRho_EigVec3 =  9.9947900119E-01 -1.2837326937E-02 -2.9612990711E-02
           DelSqRho = -2.4653204064E+06
           Bond Ellipticity = NA
           V = -6.1646980672E+05
           G =  6.9852555565E+01
           K =  6.1639995416E+05
           L =  6.1633010160E+05
           Vnuc =  1.1871053117E+06
           Ven = -3.5072691375E+08
           Vrep =  3.5011044395E+08
           DelSqV =  3.9211004890E+10
           DelSqVen =  2.9265949553E+12
           DelSqVrep = -2.8873839504E+12
           DelSqG =  1.7146844657E+09
           DelSqK = -4.0925689355E+10
           Stress_EigVals = -2.0549462824E+05 -2.0548878010E+05 -2.0548639838E+05
           Stress_EigVec1 =  9.9942316808E-01 -1.2820726613E-02 -3.1447735622E-02
           Stress_EigVec2 =  3.1433108199E-02 -1.3408837206E-03  9.9950495834E-01
           Stress_EigVec3 =  1.2856547576E-02  9.9991691205E-01  9.3711496925E-04
           -DivStress = -6.8284893824E+03  2.4177804418E+02 -8.5754410292E+04
           ESP =  -2.2003071847E+01     ESP at Nucleus =  -2.2003072009E+01
           ESPe = -3.8956445006E+01     ESPe at Nucleus = -3.8956462730E+01
           ESPn =  1.6953373159E+01     ESPn at Nucleus =  1.6953390720E+01

CP# 18     Coords =  5.25989521280682E+00 -5.44925632204301E-02 -1.43306613695297E+00
           Type = (3,-3) NACP H14
           Rho =  4.0843002264E-01     Rho at Nucleus =  3.9887370129E-01
           GradRho = -9.0205620751E-16  6.9931040125E-18 -7.4159428598E-16
           HessRho_EigVals = -8.0418714976E+00 -8.0189742034E+00 -6.3034854532E+00
           HessRho_EigVec1 =  8.1488179312E-01 -1.7299680277E-02  5.7936895351E-01
           HessRho_EigVec2 =  1.7371392483E-02  9.9983440605E-01  5.4217335612E-03
           HessRho_EigVec3 = -5.7936680778E-01  5.6463735177E-03  8.1504737317E-01
           DelSqRho = -2.2364331154E+01
           Bond Ellipticity = NA
           V = -5.6521246386E+00
           G =  3.0520925031E-02
           K =  5.6216037136E+00
           L =  5.5910827885E+00
           Vnuc =  3.6388401816E+01
           Ven = -1.4862115778E+01
           Vrep =  9.2099911391E+00
           DelSqV =  1.3605201736E+03
           DelSqVen =  8.1380226839E+02
           DelSqVrep =  5.4671790522E+02
           DelSqG =  1.0433916094E+02
           DelSqK = -1.4648593346E+03
           Stress_EigVals = -2.0362629497E+00 -2.0308722308E+00 -1.5849894582E+00
           Stress_EigVec1 =  1.7303078949E-02  9.9983571678E-01  5.3984173429E-03
           Stress_EigVec2 =  8.1754241136E-01 -1.7256217660E-02  5.7560978846E-01
           Stress_EigVec3 = -5.7560838170E-01  5.5463864815E-03  8.1770668856E-01
           -DivStress =  1.4006931104E+01 -1.3511089045E-01 -1.9865816996E+01
           ESP =  -6.7634961836E-01     ESP at Nucleus =  -6.7994934303E-01
           ESPe = -1.7852563451E+01     ESPe at Nucleus = -1.7653965756E+01
           ESPn =  1.7176213833E+01     ESPn at Nucleus =  1.6974016413E+01

CP# 19     Coords = -7.41938688460837E-03 -1.45787912769477E+00  4.85666332181984E+00
           Type = (3,-3) NACP H15
           Rho =  4.0396255154E-01     Rho at Nucleus =  3.9415699266E-01
           GradRho =  2.1141942363E-18 -7.9623807547E-16 -3.0322966360E-15
           HessRho_EigVals = -7.9505836533E+00 -7.9260055621E+00 -6.1780472084E+00
           HessRho_EigVec1 =  3.3717481319E-02  5.7454612208E-01  8.1777740557E-01
           HessRho_EigVec2 =  9.9930594633E-01 -6.4163373367E-03 -3.6694090150E-02
           HessRho_EigVec3 = -1.5835311498E-02  8.1844705645E-01 -5.7436369897E-01
           DelSqRho = -2.2054636424E+01
           Bond Ellipticity = NA
           V = -5.5728311648E+00
           G =  2.9586029404E-02
           K =  5.5432451354E+00
           L =  5.5136591060E+00
           Vnuc =  3.6656623159E+01
           Ven = -1.4807903022E+01
           Vrep =  9.2350718574E+00
           DelSqV =  1.3363492102E+03
           DelSqVen =  8.0844849629E+02
           DelSqVrep =  5.2790071395E+02
           DelSqG =  1.0265789303E+02
           DelSqK = -1.4390071033E+03
           Stress_EigVals = -2.0127283931E+00 -2.0070385525E+00 -1.5530642192E+00
           Stress_EigVec1 =  9.9926915247E-01 -7.3068524877E-03 -3.7520272143E-02
           Stress_EigVec2 =  3.4963706492E-02  5.7144512093E-01  8.1989512317E-01
           Stress_EigVec3 = -1.5449923732E-02  8.2060775263E-01 -5.7128295632E-01
           -DivStress =  3.7770858711E-01 -2.0069364366E+01  1.3975677770E+01
           ESP =  -6.4641256741E-01     ESP at Nucleus =  -6.5010981637E-01
           ESPe = -1.8477486203E+01     ESPe at Nucleus = -1.8267109637E+01
           ESPn =  1.7831073636E+01     ESPn at Nucleus =  1.7616999821E+01

CP# 20     Coords = -1.38093155864533E+00  4.87218895275118E+00  2.78068909118839E-02
           Type = (3,-3) NACP H16
           Rho =  4.0273244836E-01     Rho at Nucleus =  3.9291375677E-01
           GradRho =  2.7408630920E-16 -2.0044729765E-15  9.1072982489E-18
           HessRho_EigVals = -7.9247049971E+00 -7.9001022331E+00 -6.1514945858E+00
           HessRho_EigVec1 =  5.8264584325E-01  8.1267477505E-01 -9.1395483349E-03
           HessRho_EigVec2 =  1.9773073675E-03  9.8280633103E-03  9.9994974845E-01
           HessRho_EigVec3 =  8.1272376094E-01 -5.8263463609E-01  4.1193724149E-03
           DelSqRho = -2.1976301816E+01
           Bond Ellipticity = NA
           V = -5.5530140385E+00
           G =  2.9469292230E-02
           K =  5.5235447463E+00
           L =  5.4940754540E+00
           Vnuc =  3.6625948957E+01
           Ven = -1.4750458097E+01
           Vrep =  9.1974440586E+00
           DelSqV =  1.3309495681E+03
           DelSqVen =  8.0490290859E+02
           DelSqVrep =  5.2604665948E+02
           DelSqG =  1.0225095599E+02
           DelSqK = -1.4332005241E+03
           Stress_EigVals = -2.0061433737E+00 -2.0005454062E+00 -1.5463252586E+00
           Stress_EigVec1 =  2.7598790485E-03  1.0725053768E-02  9.9993867626E-01
           Stress_EigVec2 =  5.7953761486E-01  8.1487989494E-01 -1.0339718479E-02
           Stress_EigVec3 =  8.1494081750E-01 -5.7953061183E-01  3.9666021312E-03
           -DivStress = -1.9915413448E+01  1.4155518455E+01 -9.6653185079E-02
