AIMSum (Version 16.05.18, Professional)
Copyright (c) 1997-2016 by Todd A. Keith
AIMSum is a component of the AIMAll package ( http://aim.tkgristmill.com )

TP:  64-bit Linux

Licensed To:  Research Group of Fernando Cortes Guzman, UNAM, fercor@unam.mx

Much of the Quantum Theory of Atoms in Molecules (QTAIM) is described in the book:
  "Atoms in Molecules - A Quantum Theory"
  R.F.W. Bader, Oxford University Press, Oxford, 1990

For additional references see:  http://aim.tkgristmill.com/references.html

Wfx File:  /home/lillian/David/max_int/Cu22_alpha.wfx
Sum File:  /home/lillian/David/max_int/Cu22_alpha.sum

SumViz File:  /home/lillian/David/max_int/Cu22_alpha.sumviz

Wfx Title:   Cu[H2O]6 (2+)                                                                 
 
Total memory allocated for AIMSum =        1.200 Megabytes

Atomic units (a.u.) used throughout, except where stated otherwise

Model:  Unknown
 
Unrestricted, natural orbital wavefunction.
  Number of electrons (from MO Occs)                   =          44.0000000000
  Number of Alpha electrons (from MO Occs)             =          44.0000000000
  Number of Beta electrons (from MO Occs)              =           0.0000000000
  Number of electron pairs (N*(N-1)/2)                 =         946.0000000000
  Number of electron pairs (from Muller 2EDM)          =         946.0000000000
  Number of electron pairs (from Muller 2EDM, no SOSI) =         946.0000000000
 
Nuclear Charges and Cartesian Coordinates:
-------------------------------------------------------------------------------
Atom      Charge                X                  Y                  Z
-------------------------------------------------------------------------------
Cu1       29.0           1.0142722808E-06  -4.3407262567E-07  -7.2632238941E-08
O2         8.0          -4.5221251804E-02  -3.8251827642E+00  -3.6082285104E-02
O3         8.0          -4.2172573906E+00   4.3993559746E-02   3.4856219752E-03
O4         8.0           3.7892057587E-02   2.0917293180E-02  -3.8261385345E+00
H5         1.0          -5.2898977595E+00   5.4817218995E-02   1.4755979039E+00
H6         1.0           6.5097030301E-03   1.5014563331E+00  -4.8870236209E+00
H7         1.0           1.4243269369E+00  -4.9030500692E+00  -2.7567591122E-02
H8         1.0          -5.3287617045E+00   7.2328656860E-02  -1.4390024329E+00
H9         1.0          -3.1384835395E-02  -1.4556588811E+00  -4.8908426240E+00
H10        1.0          -1.5421728335E+00  -4.8644686044E+00  -1.3409251110E-02
O11        8.0           4.5219635086E-02   3.8251819960E+00   3.6086439751E-02
O12        8.0           4.2172571162E+00  -4.3993426320E-02  -3.4857376094E-03
O13        8.0          -3.7892160929E-02  -2.0918578883E-02   3.8261381377E+00
H14        1.0           5.2899010539E+00  -5.4782493169E-02  -1.4755961072E+00
H15        1.0          -6.5952496473E-03  -1.5014611697E+00   4.8870209629E+00
H16        1.0          -1.4243313218E+00   4.9030465929E+00   2.7594512271E-02
H17        1.0           5.3287575857E+00  -7.2360707787E-02   1.4390043794E+00
H18        1.0           3.1464046170E-02   1.4556523366E+00   4.8908448506E+00
H19        1.0           1.5421683704E+00   4.8644699511E+00   1.3373539890E-02
 
Some Atomic Properties:
----------------------
  q(A) = Net Charge of Atom A
  L(A) = Lagrangian of Atom A = -(1/4) Times Atomic Integral of the Laplacian of the Electron Density
  K(A) = Electronic Kinetic Energy of Atom A (Hamiltonian Form)
  K_Scaled(A) = K(A) * E(Mol)/K(Mol) = Approximation to Virial-Based Total Energy of Atom A.
  |Mu_Intra(A)| = Magnitude of Intraatomic Dipole Moment of Atom A
--------------------------------------------------------------------------------------------------
Atom A          q(A)              L(A)              K(A)          K_Scaled(A)      |Mu_Intra(A)|
--------------------------------------------------------------------------------------------------
Cu1       1.4788433993E+01 -1.7340467097E-03  8.2453659997E+02 -8.2571661941E+02  1.0196764287E-05
O2        3.3774244594E+00 -5.4817659671E-06  3.7838296808E+01 -3.7892448347E+01  1.4136027781E-01
O3        3.3890183647E+00  5.5348421910E-06  3.7760009717E+01 -3.7814049217E+01  1.3243340064E-01
O4        3.3801180149E+00 -5.9331081434E-06  3.7839613507E+01 -3.7893766931E+01  1.4072442142E-01
H5        8.2017018641E-01  9.2720216907E-06  1.6640898937E-01 -1.6664714235E-01  6.7456236671E-02
H6        8.2871031826E-01  8.9796106694E-06  1.6108190339E-01 -1.6131243260E-01  6.4019332411E-02
H7        8.3024600245E-01  1.1692306948E-05  1.5998808465E-01 -1.6021704847E-01  6.3452305546E-02
H8        8.2015452261E-01  9.9025628579E-06  1.6646141810E-01 -1.6669964610E-01  6.7441733227E-02
H9        8.2881952631E-01  1.0793191226E-05  1.6099736897E-01 -1.6122777721E-01  6.3988509293E-02
H10       8.3028859704E-01  1.1283440219E-05  1.5995431661E-01 -1.6018323210E-01  6.3441717316E-02
O11       3.3774263947E+00 -3.4472675989E-06  3.7838297229E+01 -3.7892448769E+01  1.4135984927E-01
O12       3.3890164384E+00  5.1962802612E-06  3.7760011047E+01 -3.7814050549E+01  1.3243355692E-01
O13       3.3801121022E+00 -9.0858461521E-06  3.7839615452E+01 -3.7893768878E+01  1.4072191921E-01
H14       8.2017136326E-01  1.0486517038E-05  1.6640911454E-01 -1.6664726770E-01  6.7455615969E-02
H15       8.2871234873E-01  1.0841119881E-05  1.6108188301E-01 -1.6131241220E-01  6.4018803255E-02
H16       8.3024530571E-01  1.1024057905E-05  1.5998806966E-01 -1.6021703346E-01  6.3452102471E-02
H17       8.2015387965E-01  9.7656842338E-06  1.6646176682E-01 -1.6669999533E-01  6.7441276045E-02
H18       8.2882009093E-01  1.0749368234E-05  1.6099689114E-01 -1.6122729870E-01  6.3989050546E-02
H19       8.3028835612E-01  1.1525085922E-05  1.5995492331E-01 -1.6018383967E-01  6.3441624328E-02
--------------------------------------------------------------------------------------------------
Total     4.4998330265E+01 -1.6209486083E-03  1.0533622285E+03 -1.0548697272E+03
 
Molecular charge q(Mol) from the wfx file:   4.5000000000E+01
Molecular energy E(Mol) from the wfx file:  -2.0985036585E+03
Molecular virial ratio (-V(Mol)/T(Mol)) from the wfx file:   2.0014311305E+00
Full molecular virial ratio ((-V(Mol)+W(Mol))/T(Mol)) from the wfx file:   2.0014306734E+00
Note.  K_Scaled(A) = (1+V(Mol)/T(Mol))*K(A) = (E(Mol)/T(Mol))*K(A)
       Only use K_Scaled(A) data with caution.
 
N_AIMInt(SumA)     =         44.001670
N_Analytic(Mol)    =         44.000000
 
G_AIMInt(SumA)     =       1053.363849
G_Analytic(Mol)    =       1053.362363
 
K_AIMInt(SumA)     =       1053.362228
K_Analytic(Mol)    =       1053.362363
 
L_AIMInt(SumA)     =         -0.001621
L_Analytic(Mol)    =          0.000000
 
VenT_AIMInt(SumA)  =      -3230.893864
VenT_Analytic(Mol) =      -3230.855122
 
Some Information About the Atomic Calculations:
----------------------------------------------
  Time(sec) = "Elapsed User Time", in Seconds, for Atom A by AIMInt and, if used, by TWOe
  NProc = Number of Processors Used for AIMInt Job
  BIM = Basin Integration Method
  OAQ = Angular Quadrature Outside of Beta Sphere
  ORQ = Multiple of Default for Radial Quadrature Outside of Beta Sphere
  IAQ = Multiple of Default for Angular Quadrature Inside of Beta Sphere
  IRQ = Multiple of Default for Radial Quadrature Inside of Beta Sphere
  MIR = Maximum Integration Radius
------------------------------------------------------------------------------------------------------
Atom A     Time(sec)   NProc      BIM              OAQ                 ORQ      IAQ      IRQ      MIR
------------------------------------------------------------------------------------------------------
Cu1          1253        8     Proaim(5)    4334      (Very High)      Auto     Auto     Auto    13.00
O2            608        8     Proaim(5)    4334      (Very High)      Auto     Auto     Auto    13.00
O3            579        8     Proaim(5)    4334      (Very High)      Auto     Auto     Auto    13.00
O4            831        8     Proaim(5)    4334      (Very High)      Auto     Auto     Auto    13.00
H5            254        8     Proaim(5)    2030      (Very High)      Auto     Auto     Auto    13.00
H6            266        8     Proaim(5)    2030      (Very High)      Auto     Auto     Auto    13.00
H7            582        8     Proaim(5)    2030      (Very High)      Auto     Auto     Auto    13.00
H8            238        8     Proaim(5)    2030      (Very High)      Auto     Auto     Auto    13.00
H9            224        8     Proaim(5)    2030      (Very High)      Auto     Auto     Auto    13.00
H10           187        8     Proaim(5)    2030      (Very High)      Auto     Auto     Auto    13.00
O11           708        8     Proaim(5)    4334      (Very High)      Auto     Auto     Auto    13.00
O12           768        8     Proaim(5)    4334      (Very High)      Auto     Auto     Auto    13.00
O13           956        8     Proaim(5)    4334      (Very High)      Auto     Auto     Auto    13.00
H14           252        8     Proaim(5)    2030      (Very High)      Auto     Auto     Auto    13.00
H15           184        8     Proaim(5)    2030      (Very High)      Auto     Auto     Auto    13.00
H16           228        8     Proaim(5)    2030      (Very High)      Auto     Auto     Auto    13.00
H17           268        8     Proaim(5)    2030      (Very High)      Auto     Auto     Auto    13.00
H18           217        8     Proaim(5)    2030      (Very High)      Auto     Auto     Auto    13.00
H19           201        8     Proaim(5)    2030      (Very High)      Auto     Auto     Auto    13.00
------------------------------------------------------------------------------------------------------
Total        8804
Note:  Total wall clock time is less than total of atomic times if more than one atom
       was calculated at a time
Note:  Total time does not include times for diatomic interaction energy calculations (5137 seconds)
 
Electron Density Critical Point Analysis of Molecular Structure:               
---------------------------------------------------------------                
  NACP = Nuclear Attractor Critical Point                                      
  NNACP = Non-Nuclear Attractor Critical Point                                 
  BCP = Bond Critical Point                                                    
  RCP = Ring Critical Point                                                    
  CCP = Cage Critical Point                                                    
  Rho = Electron Density                                                       
  GradRho = Gradient of Electron Density                                       
  HessRho_EigVals = Eigenvalues of the Hessian of Rho, Ascending Order         
  HessRho_EigVecs = Eigenvectors of the Hessian of Rho                         
  DelSqRho = Laplacian of Rho = Trace of Hessian of Rho                        
  Bond Ellipticity = (HessRho_EigVal(1) / HessRho_EigVal(2)) - 1               
  V = Virial Field = Potential Energy Density = Trace of Stress Tensor         
  G = Lagrangian Form of Kinetic Energy Density                                
  K = Hamiltonian Form of Kinetic Energy Density                               
  L = K - G = Lagrangian Density = (-1/4)DelSqRho                              
  Vnuc = Electrostatic Potential from Nuclei                                   
  Ven = Electron-nuclear attractive contribution to Virial Field V             
  Vrep = V - Ven = Repulsive contribution to Virial Field V                    
  DelSqV = Laplacian of V                                                      
  DelSqVen = Laplacian of Ven                                                  
  DelSqVrep = Laplacian of Vrep                                                
  DelSqG = Laplacian of G                                                      
  DelSqK = Laplacian of K                                                      
  Stress_EigVals = Eigenvalues of Stress Tensor, Ascending Order               
  Stress_EigVecs = Eigenvectors of Stress Tensor                               
  -DivStress = Ehrenfest Force Density = Minus Divergence of Stress Tensor     
  ESP = Total Electrostatic Potential                                          
  ESPe = Electrostatic Potential from Electrons                                
  ESPn = Electrostatic Potential from Nuclei                                   
  BP = Bond Path                                                               
  BPL = Bond Path Length                                                       
  GBL = Geometric Bond Length                                                  
  GBL_I = Distance Between Nuclear Attractors                                  
  GBL_II = Distance Between Nuclei                                             
  GBL_III = Sum of Distances Between BCP and Nuclear Attractors                
  GBL_IV = Sum of Distances Between BCP and Nuclei                             

CP# 1      Coords =  1.01427227235744E-06 -4.34072630695079E-07 -7.26322482832298E-08
           Type = (3,-3) NACP Cu1
           Rho =  8.1196587313E+03     Rho at Nucleus =  8.1196587313E+03
           GradRho = -4.7416714897E-15  7.3403643044E-15  9.2925177823E-16
           HessRho_EigVals = -5.2745862624E+08 -5.2745855818E+08 -5.2745855380E+08
           HessRho_EigVec1 =  9.9983401085E-01 -1.1956293969E-02  1.3747646118E-02
           HessRho_EigVec2 =  1.2987352041E-02  9.9690514084E-01 -7.7533662750E-02
           HessRho_EigVec3 = -1.2778083825E-02  7.7699338523E-02  9.9689494600E-01
           DelSqRho = -1.5823757382E+09
           Bond Ellipticity = NA
           V = -3.9592885359E+08
           G =  1.6745951691E+05
           K =  3.9576139407E+08
           L =  3.9559393456E+08
           Vnuc =  2.9000000145E+09
           Ven = -2.3547010438E+13
           Vrep =  2.3546614509E+13
           DelSqV =  9.6766732003E+14
           DelSqVen =  7.0641030962E+29
           DelSqVrep = -7.0641030962E+29
           DelSqG =  2.5736074908E+13
           DelSqK = -9.9340339494E+14
           Stress_EigVals = -1.3197629222E+08 -1.3197628092E+08 -1.3197628045E+08
           Stress_EigVec1 =  9.9989891644E-01 -1.2258281722E-02  7.2035711655E-03
           Stress_EigVec2 = -7.1485173942E-03  4.5290546108E-03  9.9996419254E-01
           Stress_EigVec3 =  1.2290468152E-02  9.9991460745E-01 -4.4409682577E-03
           -DivStress =  2.6869224875E+00  1.6011377844E+00  2.9757014942E+00
           ESP =  -6.0979920860E+01     ESP at Nucleus =  -6.0979920860E+01
           ESPe = -7.5430699014E+01     ESPe at Nucleus = -7.5430699014E+01
           ESPn =  1.4450778155E+01     ESPn at Nucleus =  1.4450778155E+01

CP# 2      Coords = -4.52213446871934E-02 -3.82519008649462E+00 -3.60821070141333E-02
           Type = (3,-3) NACP O2
           Rho =  1.4775969592E+02     Rho at Nucleus =  1.4775968490E+02
           GradRho = -1.1452535968E-14 -6.8634902302E-11 -8.1429688567E-14
           HessRho_EigVals = -4.1099898304E+05 -4.1099197925E+05 -4.1098095011E+05
           HessRho_EigVec1 =  9.9990257364E-01 -1.3112308109E-02 -4.7865029132E-03
           HessRho_EigVec2 =  1.3067674588E-02  9.9987192102E-01 -9.2399914749E-03
           HessRho_EigVec3 =  4.9070474779E-03  9.1765427936E-03  9.9994585451E-01
           DelSqRho = -1.2329719124E+06
           Bond Ellipticity = NA
           V = -3.0831338125E+05
           G =  3.5201578098E+01
           K =  3.0827817968E+05
           L =  3.0824297810E+05
           Vnuc =  1.0921596864E+06
           Ven = -1.6137718316E+08
           Vrep =  1.6106886978E+08
           DelSqV =  1.9610461690E+10
           DelSqVen =  1.3466022144E+12
           DelSqVrep = -1.3269917527E+12
           DelSqG =  8.5756773833E+08
           DelSqK = -2.0468029428E+10
           Stress_EigVals = -1.0277339330E+05 -1.0277069716E+05 -1.0276929079E+05
           Stress_EigVec1 =  4.8975900784E-03  9.9877504037E-03  9.9993812731E-01
           Stress_EigVec2 =  1.3092304958E-02  9.9986377386E-01 -1.0051132445E-02
           Stress_EigVec3 =  9.9990229781E-01 -1.3140721228E-02 -4.7661602245E-03
           -DivStress =  5.9299673555E+02  4.6747264693E+04 -1.1368128151E+03
           ESP =  -2.6638072810E+00     ESP at Nucleus =  -2.6637980314E+00
           ESPe = -1.9623267124E+01     ESPe at Nucleus = -1.9623277054E+01
           ESPn =  1.6959459843E+01     ESPn at Nucleus =  1.6959479023E+01

CP# 3      Coords = -4.21726534580206E+00  4.39937197471352E-02  3.48572482610566E-03
           Type = (3,-3) NACP O3
           Rho =  1.4777691030E+02     Rho at Nucleus =  1.4777689729E+02
           GradRho = -1.5714759707E-11  6.6923723507E-13  6.6740802338E-14
           HessRho_EigVals = -4.1104352444E+05 -4.1103652869E+05 -4.1102576044E+05
           HessRho_EigVec1 =  1.3355782263E-02 -6.0632355742E-03  9.9989242434E-01
           HessRho_EigVec2 =  9.9976937726E-01 -1.6737331165E-02 -1.3455631997E-02
           HessRho_EigVec3 =  1.6817115302E-02  9.9984153690E-01  5.8382971035E-03
           DelSqRho = -1.2331058136E+06
           Bond Ellipticity = NA
           V = -3.0834593792E+05
           G =  3.4742261153E+01
           K =  3.0831119565E+05
           L =  3.0827645339E+05
           Vnuc =  1.0053577821E+06
           Ven = -1.4856866679E+08
           Vrep =  1.4826032085E+08
           DelSqV =  1.9612536339E+10
           DelSqVen =  1.2397125243E+12
           DelSqVrep = -1.2200999869E+12
           DelSqG =  8.5765177789E+08
           DelSqK = -2.0470188117E+10
           Stress_EigVals = -1.0278422490E+05 -1.0278154539E+05 -1.0278016763E+05
           Stress_EigVec1 =  1.7013276198E-02  9.9983821938E-01  5.8381082210E-03
           Stress_EigVec2 =  9.9976895055E-01 -1.6934797155E-02 -1.3238510372E-02
           Stress_EigVec3 =  1.3137501459E-02 -6.0619897627E-03  9.9989532369E-01
           -DivStress =  5.0791331942E+04 -1.0215279000E+03 -6.5671061505E+02
           ESP =  -3.1415714927E+00     ESP at Nucleus =  -3.1415628583E+00
           ESPe = -1.9119041670E+01     ESPe at Nucleus = -1.9119050935E+01
           ESPn =  1.5977470178E+01     ESPn at Nucleus =  1.5977488076E+01

CP# 4      Coords =  3.78915459748113E-02  2.09173133752908E-02 -3.82614594952770E+00
           Type = (3,-3) NACP O4
           Rho =  1.4776631641E+02     Rho at Nucleus =  1.4776630506E+02
           GradRho = -3.0492130613E-13  3.1932619662E-13 -8.0737057983E-11
           HessRho_EigVals = -4.1101769422E+05 -4.1101072935E+05 -4.1099957248E+05
           HessRho_EigVec1 =  1.2814674851E-02  9.9991730799E-01  1.0776338474E-03
           HessRho_EigVec2 =  3.4534258667E-02 -1.5196607693E-03  9.9940235922E-01
           HessRho_EigVec3 =  9.9932135426E-01 -1.2769800993E-02 -3.4550876918E-02
           DelSqRho = -1.2330279960E+06
           Bond Ellipticity = NA
           V = -3.0832738663E+05
           G =  3.5193811846E+01
           K =  3.0829219282E+05
           L =  3.0825699901E+05
           Vnuc =  1.0763454654E+06
           Ven = -1.5904760460E+08
           Vrep =  1.5873927722E+08
           DelSqV =  1.9611348765E+10
           DelSqVen =  1.3271640945E+12
           DelSqVrep = -1.3075527457E+12
           DelSqG =  8.5760728899E+08
           DelSqK = -2.0468956054E+10
           Stress_EigVals = -1.0277808105E+05 -1.0277535002E+05 -1.0277395556E+05
           Stress_EigVec1 =  9.9925549017E-01 -1.2752782358E-02 -3.6411974821E-02
           Stress_EigVec2 =  3.6395552151E-02 -1.5175714169E-03  9.9933631014E-01
           Stress_EigVec3 =  1.2799576238E-02  9.9991752836E-01  1.0522970146E-03
           -DivStress =  3.2660352705E+03 -1.2892675904E+02  4.7341013175E+04
           ESP =  -2.6687033257E+00     ESP at Nucleus =  -2.6686939791E+00
           ESPe = -1.9622072494E+01     ESPe at Nucleus = -1.9622082533E+01
           ESPn =  1.6953369168E+01     ESPn at Nucleus =  1.6953388554E+01

CP# 5      Coords = -5.25987942464730E+00  5.45261680955215E-02  1.43306264236375E+00
           Type = (3,-3) NACP H5
           Rho =  2.0418165769E-01     Rho at Nucleus =  1.9940247292E-01
           GradRho = -7.7146596166E-17 -1.4094628242E-18 -9.7749926160E-16
           HessRho_EigVals = -4.0201626248E+00 -4.0086971096E+00 -3.1508491916E+00
           HessRho_EigVec1 =  8.1482212337E-01 -1.7272566281E-02  5.7945367866E-01
           HessRho_EigVec2 =  1.7360327717E-02  9.9983476164E-01  5.3915148230E-03
           HessRho_EigVec3 = -5.7945105598E-01  5.6663802022E-03  8.1498734092E-01
           DelSqRho = -1.1179708926E+01
           Bond Ellipticity = NA
           V = -2.8254307586E+00
           G =  1.5251763552E-02
           K =  2.8101789950E+00
           L =  2.7949272315E+00
           Vnuc =  3.6384204977E+01
           Ven = -7.4289872859E+00
           Vrep =  4.6035565273E+00
           DelSqV =  6.8007955352E+02
           DelSqVen =  4.0676482115E+02
           DelSqVrep =  2.7331473238E+02
           DelSqG =  5.2155449549E+01
           DelSqK = -7.3223500307E+02
           Stress_EigVals = -1.0179319994E+00 -1.0152346994E+00 -7.9226405985E-01
           Stress_EigVec1 =  1.7295784758E-02  9.9983598858E-01  5.3713837045E-03
           Stress_EigVec2 =  8.1746166907E-01 -1.7233908153E-02  5.7572511844E-01
           Stress_EigVec3 = -5.7572326289E-01  5.5667174400E-03  8.1762566999E-01
           -DivStress = -7.0048458379E+00  6.7802459293E-02  9.9319170686E+00
           ESP =   8.1609367825E+00     ESP at Nucleus =   8.0586227462E+00
           ESPe = -9.0153360562E+00     ESPe at Nucleus = -8.9153983011E+00
           ESPn =  1.7176272839E+01     ESPn at Nucleus =  1.6974021047E+01

CP# 6      Coords =  7.34302053993783E-03  1.45787597722016E+00 -4.85686199457830E+00
           Type = (3,-3) NACP H6
           Rho =  2.0236694990E-01     Rho at Nucleus =  1.9747235158E-01
           GradRho =  2.2871504232E-16 -1.2224309866E-14  7.0592572328E-15
           HessRho_EigVals = -3.9837137473E+00 -3.9719613252E+00 -3.0987667985E+00
           HessRho_EigVec1 =  3.6822386088E-02  5.7259528142E-01  8.1901083972E-01
           HessRho_EigVec2 =  9.9919367917E-01 -7.9713126687E-03 -3.9350345376E-02
           HessRho_EigVec3 = -1.6003230602E-02  8.1979942783E-01 -5.7242710867E-01
           DelSqRho = -1.1054441871E+01
           Bond Ellipticity = NA
           V = -2.7934219916E+00
           G =  1.4905761942E-02
           K =  2.7785162297E+00
           L =  2.7636104678E+00
           Vnuc =  3.6696085474E+01
           Ven = -7.4260748909E+00
           Vrep =  4.6326528992E+00
           DelSqV =  6.7012602379E+02
           DelSqVen =  4.0565474377E+02
           DelSqVrep =  2.6447128002E+02
           DelSqG =  5.1481382454E+01
           DelSqK = -7.2160740625E+02
           Stress_EigVals = -1.0085851632E+00 -1.0058120155E+00 -7.7902481287E-01
           Stress_EigVec1 =  9.9918423234E-01 -8.3324151691E-03 -3.9515069379E-02
           Stress_EigVec2 =  3.7231137154E-02  5.6909360355E-01  8.2142943265E-01
           Stress_EigVec3 = -1.5643282163E-02  8.2223052805E-01 -5.6893958069E-01
           -DivStress = -1.9145788863E-01  1.0059386601E+01 -6.9596544471E+00
           ESP =   8.4900340793E+00     ESP at Nucleus =   8.3823996292E+00
           ESPe = -9.3403616797E+00     ESPe at Nucleus = -9.2345962763E+00
           ESPn =  1.7830395759E+01     ESPn at Nucleus =  1.7616995905E+01

CP# 7      Coords =  1.38092668493134E+00 -4.87238366158053E+00 -2.77845197733841E-02
           Type = (3,-3) NACP H7
           Rho =  2.0175081196E-01     Rho at Nucleus =  1.9684919127E-01
           GradRho = -8.7982803009E-15  4.7054679218E-15 -3.9036360407E-17
           HessRho_EigVals = -3.9707161810E+00 -3.9589666135E+00 -3.0853362539E+00
           HessRho_EigVec1 =  5.8078361688E-01  8.1399100088E-01 -1.0442262870E-02
           HessRho_EigVec2 =  2.6499966934E-03  1.0936886258E-02  9.9993667901E-01
           HessRho_EigVec3 =  8.1405366401E-01 -5.8077451305E-01  4.1948908975E-03
           DelSqRho = -1.1015019048E+01
           Bond Ellipticity = NA
           V = -2.7834414427E+00
           G =  1.4843340332E-02
           K =  2.7685981024E+00
           L =  2.7537547621E+00
           Vnuc =  3.6664218720E+01
           Ven = -7.3970358967E+00
           Vrep =  4.6135944539E+00
           DelSqV =  6.6740183162E+02
           DelSqVen =  4.0385706759E+02
           DelSqVrep =  2.6354476403E+02
           DelSqG =  5.1275711539E+01
           DelSqK = -7.1867754315E+02
           Stress_EigVals = -1.0052779635E+00 -1.0025491751E+00 -7.7561430411E-01
           Stress_EigVec1 =  3.2001167158E-03  1.1550222052E-02  9.9992817323E-01
           Stress_EigVec2 =  5.7728016883E-01  8.1646824842E-01 -1.1278563589E-02
           Stress_EigVec3 =  8.1653987406E-01 -5.7727479738E-01  4.0549204466E-03
           -DivStress =  9.9826105598E+00 -7.0509818644E+00  4.9500938963E-02
           ESP =   8.4995482442E+00     ESP at Nucleus =   8.3919232617E+00
           ESPe = -9.3471137386E+00     ESPe at Nucleus = -9.2413552752E+00
           ESPn =  1.7846661983E+01     ESPn at Nucleus =  1.7633278537E+01

CP# 8      Coords = -5.29760210722226E+00  7.15315649334543E-02 -1.39730555089270E+00
           Type = (3,-3) NACP H8
           Rho =  2.0424781476E-01     Rho at Nucleus =  1.9946702976E-01
           GradRho =  3.4091970520E-09 -8.7184097208E-11  4.5484476590E-09
           HessRho_EigVals = -4.0218554456E+00 -4.0104054791E+00 -3.1522205800E+00
           HessRho_EigVec1 =  7.9887379538E-01 -1.0159158787E-02 -6.0141287861E-01
           HessRho_EigVec2 =  1.7360048028E-02  9.9983026207E-01  6.1705580250E-03
           HessRho_EigVec3 =  6.0124810835E-01 -1.5370053567E-02  7.9891455968E-01
           DelSqRho = -1.1184481505E+01
           Bond Ellipticity = NA
           V = -2.8266458311E+00
           G =  1.5262727441E-02
           K =  2.8113831036E+00
           L =  2.7961203762E+00
           Vnuc =  3.6324043671E+01
           Ven = -7.4191065428E+00
           Vrep =  4.5924607117E+00
           DelSqV =  6.8038356126E+02
           DelSqVen =  4.0626559876E+02
           DelSqVrep =  2.7411796250E+02
           DelSqG =  5.2182716293E+01
           DelSqK = -7.3256627756E+02
           Stress_EigVals = -1.0183651021E+00 -1.0156673318E+00 -7.9261339715E-01
           Stress_EigVec1 =  1.7491418148E-02  9.9982873468E-01  6.0457923043E-03
           Stress_EigVec2 =  8.0160317095E-01 -1.0408990787E-02 -5.9776584817E-01
           Stress_EigVec3 =  5.9760054101E-01 -1.5302098687E-02  8.0164795213E-01
           -DivStress = -7.2742089732E+00  1.8604123859E-01 -9.7404994269E+00
           ESP =   8.1309206873E+00     ESP at Nucleus =   8.0281696724E+00
           ESPe = -8.9843127932E+00     ESPe at Nucleus = -8.8839345988E+00
           ESPn =  1.7115233480E+01     ESPn at Nucleus =  1.6912104271E+01

CP# 9      Coords = -2.94353684387199E-02 -1.41217245777515E+00 -4.86057265375901E+00
           Type = (3,-3) NACP H9
           Rho =  2.0232293604E-01     Rho at Nucleus =  1.9742742034E-01
           GradRho =  4.4574443134E-16  9.4648333110E-15  7.8901207843E-15
           HessRho_EigVals = -3.9825668036E+00 -3.9708038520E+00 -3.0975108621E+00
           HessRho_EigVec1 =  2.2179556966E-02 -5.7530694237E-01  8.1763683217E-01
           HessRho_EigVec2 =  9.9906954882E-01 -1.7503089517E-02 -3.9416728326E-02
           HessRho_EigVec3 =  3.6987888117E-02  8.1775030659E-01  5.7438343657E-01
           DelSqRho = -1.1050881518E+01
           Bond Ellipticity = NA
           V = -2.7925175447E+00
           G =  1.4898582659E-02
           K =  2.7776189621E+00
           L =  2.7627203794E+00
           Vnuc =  3.6714826176E+01
           Ven = -7.4282514283E+00
           Vrep =  4.6357338836E+00
           DelSqV =  6.6986988802E+02
           DelSqVen =  4.0573119401E+02
           DelSqVrep =  2.6413869401E+02
           DelSqG =  5.1460117422E+01
           DelSqK = -7.2133000544E+02
           Stress_EigVals = -1.0082913096E+00 -1.0055183033E+00 -7.7870793182E-01
           Stress_EigVec1 =  9.9906968873E-01 -1.7157757316E-02 -3.9564737179E-02
           Stress_EigVec2 =  2.2655707803E-02 -5.7181831858E-01  8.2006739323E-01
           Stress_EigVec3 =  3.6694358805E-02  8.2020084241E-01  5.7089762842E-01
           -DivStress = -4.4895652762E-01 -1.0034442791E+01 -6.9824818486E+00
           ESP =   8.5016703640E+00     ESP at Nucleus =   8.3941759614E+00
           ESPe = -9.3524161033E+00     ESPe at Nucleus = -9.2467951310E+00
           ESPn =  1.7854086467E+01     ESPn at Nucleus =  1.7640971092E+01

CP# 10     Coords = -1.49798653355825E+00 -4.83493978048839E+00 -1.40433978547115E-02
           Type = (3,-3) NACP H10
           Rho =  2.0173647561E-01     Rho at Nucleus =  1.9683416659E-01
           GradRho =  3.6993665916E-14  2.5318655050E-14 -5.3109219903E-16
           HessRho_EigVals = -3.9703418023E+00 -3.9585873603E+00 -3.0848753355E+00
           HessRho_EigVec1 = -5.5946409166E-01  8.2883510960E-01 -5.6825386590E-03
           HessRho_EigVec2 =  6.7880160614E-03  1.1437362117E-02  9.9991155088E-01
           HessRho_EigVec3 =  8.2882679312E-01  5.5937603439E-01 -1.2024939444E-02
           DelSqRho = -1.1013804498E+01
           Bond Ellipticity = NA
           V = -2.7831338576E+00
           G =  1.4841366527E-02
           K =  2.7682924911E+00
           L =  2.7534511245E+00
           Vnuc =  3.6669006887E+01
           Ven = -7.3974762137E+00
           Vrep =  4.6143423561E+00
           DelSqV =  6.6730930090E+02
           DelSqVen =  4.0386527299E+02
           DelSqVrep =  2.6344402790E+02
           DelSqG =  5.1268380122E+01
           DelSqK = -7.1857768102E+02
           Stress_EigVals = -1.0051823263E+00 -1.0024534632E+00 -7.7549806805E-01
           Stress_EigVec1 =  6.7710517691E-03  1.1308096788E-02  9.9991313613E-01
           Stress_EigVec2 = -5.5589802344E-01  8.3123138878E-01 -5.6361202773E-03
           Stress_EigVec3 =  8.3122291859E-01  5.5581157352E-01 -1.1914459419E-02
           -DivStress = -1.0162193741E+01 -6.7885704930E+00  1.4547836468E-01
           ESP =   8.5030975510E+00     ESP at Nucleus =   8.3955118621E+00
           ESPe = -9.3507682758E+00     ESPe at Nucleus = -9.2450502652E+00
           ESPn =  1.7853865827E+01     ESPn at Nucleus =  1.7640562127E+01

CP# 11     Coords =  4.52197279492498E-02  3.82518931826246E+00  3.60862615733568E-02
           Type = (3,-3) NACP O11
           Rho =  1.4775969585E+02     Rho at Nucleus =  1.4775968482E+02
           GradRho =  1.0003524701E-12  1.2829598081E-11 -2.2757193536E-13
           HessRho_EigVals = -4.1099898283E+05 -4.1099197904E+05 -4.1098094990E+05
           HessRho_EigVec1 =  9.9990248579E-01 -1.3111237424E-02 -4.8077409525E-03
           HessRho_EigVec2 =  1.3066379624E-02  9.9987188276E-01 -9.2459603163E-03
           HessRho_EigVec3 =  4.9283509789E-03  9.1822389353E-03  9.9994569745E-01
           DelSqRho = -1.2329719118E+06
           Bond Ellipticity = NA
           V = -3.0831338110E+05
           G =  3.5201578451E+01
           K =  3.0827817952E+05
           L =  3.0824297794E+05
           Vnuc =  1.0921597274E+06
           Ven = -1.6137718913E+08
           Vrep =  1.6106887575E+08
           DelSqV =  1.9610461680E+10
           DelSqVen =  1.3466022692E+12
           DelSqVrep = -1.3269918075E+12
           DelSqG =  8.5756773792E+08
           DelSqK = -2.0468029418E+10
           Stress_EigVals = -1.0277339325E+05 -1.0277069711E+05 -1.0276929074E+05
           Stress_EigVec1 =  4.9188845380E-03  9.9937693953E-03  9.9993796265E-01
           Stress_EigVec2 =  1.3091362072E-02  9.9986372292E-01 -1.0057426308E-02
           Stress_EigVec3 =  9.9990220563E-01 -1.3140021238E-02 -4.7873821532E-03
           -DivStress = -5.9287193783E+02 -4.6747250892E+04  1.1373717288E+03
           ESP =  -2.6638074964E+00     ESP at Nucleus =  -2.6637982468E+00
           ESPe = -1.9623266998E+01     ESPe at Nucleus = -1.9623276929E+01
           ESPn =  1.6959459502E+01     ESPn at Nucleus =  1.6959478682E+01

CP# 12     Coords =  4.21726507137634E+00 -4.39935863113135E-02 -3.48584044402123E-03
           Type = (3,-3) NACP O12
           Rho =  1.4777691002E+02     Rho at Nucleus =  1.4777689701E+02
           GradRho = -4.9592231417E-11  1.3720994826E-12  3.4675069077E-14
           HessRho_EigVals = -4.1104352364E+05 -4.1103652789E+05 -4.1102575964E+05
           HessRho_EigVec1 =  1.3352846288E-02 -6.0863501863E-03  9.9989232312E-01
           HessRho_EigVec2 =  9.9976942916E-01 -1.6736283215E-02 -1.3453078977E-02
           HessRho_EigVec3 =  1.6816361254E-02  9.9984141401E-01  5.8614698343E-03
           DelSqRho = -1.2331058112E+06
           Bond Ellipticity = NA
           V = -3.0834593732E+05
           G =  3.4742261749E+01
           K =  3.0831119506E+05
           L =  3.0827645279E+05
           Vnuc =  1.0053584289E+06
           Ven = -1.4856876209E+08
           Vrep =  1.4826041615E+08
           DelSqV =  1.9612536301E+10
           DelSqVen =  1.2397133210E+12
           DelSqVrep = -1.2201007847E+12
           DelSqG =  8.5765177618E+08
           DelSqK = -2.0470188078E+10
           Stress_EigVals = -1.0278422470E+05 -1.0278154519E+05 -1.0278016743E+05
           Stress_EigVec1 =  1.7012506488E-02  9.9983809710E-01  5.8612466603E-03
           Stress_EigVec2 =  9.9976900386E-01 -1.6933739782E-02 -1.3235836766E-02
           Stress_EigVec3 =  1.3134441020E-02 -6.0850674938E-03  9.9989522372E-01
           -DivStress = -5.0791301773E+04  1.0214648036E+03  6.5660671983E+02
           ESP =  -3.1415701042E+00     ESP at Nucleus =  -3.1415614699E+00
           ESPe = -1.9119043117E+01     ESPe at Nucleus = -1.9119052381E+01
           ESPn =  1.5977473013E+01     ESPn at Nucleus =  1.5977490912E+01

CP# 13     Coords = -3.78916493441431E-02 -2.09185991159200E-02  3.82614555274756E+00
           Type = (3,-3) NACP O13
           Rho =  1.4776631648E+02     Rho at Nucleus =  1.4776630513E+02
           GradRho =  9.5779411708E-13 -2.1426532474E-13 -4.2347550105E-11
           HessRho_EigVals = -4.1101769440E+05 -4.1101072953E+05 -4.1099957266E+05
           HessRho_EigVec1 =  1.2871270550E-02  9.9991657910E-01  1.0794590864E-03
           HessRho_EigVec2 =  3.4531835820E-02 -1.5234097275E-03  9.9940243723E-01
           HessRho_EigVec3 =  9.9932071064E-01 -1.2826303454E-02 -3.4548563362E-02
           DelSqRho = -1.2330279966E+06
           Bond Ellipticity = NA
           V = -3.0832738677E+05
           G =  3.5193811139E+01
           K =  3.0829219296E+05
           L =  3.0825699915E+05
           Vnuc =  1.0763454571E+06
           Ven = -1.5904760345E+08
           Vrep =  1.5873927607E+08
           DelSqV =  1.9611348773E+10
           DelSqVen =  1.3271640812E+12
           DelSqVrep = -1.3075527324E+12
           DelSqG =  8.5760728936E+08
           DelSqK = -2.0468956063E+10
           Stress_EigVals = -1.0277808110E+05 -1.0277535007E+05 -1.0277395561E+05
           Stress_EigVec1 =  9.9925485460E-01 -1.2809255250E-02 -3.6409593944E-02
           Stress_EigVec2 =  3.6393061339E-02 -1.5214885478E-03  9.9933639489E-01
           Stress_EigVec3 =  1.2856151743E-02  9.9991680057E-01  1.0541868056E-03
           -DivStress = -3.2658586746E+03  1.2917219290E+02 -4.7341025070E+04
           ESP =  -2.6687022914E+00     ESP at Nucleus =  -2.6686929448E+00
           ESPe = -1.9622073625E+01     ESPe at Nucleus = -1.9622083665E+01
           ESPn =  1.6953371334E+01     ESPn at Nucleus =  1.6953390720E+01

CP# 14     Coords =  5.25988262857164E+00 -5.44924404586014E-02 -1.43306091648451E+00
           Type = (3,-3) NACP H14
           Rho =  2.0418155954E-01     Rho at Nucleus =  1.9940237858E-01
           GradRho = -7.9066036352E-16  1.3891340335E-17  8.6632555200E-16
           HessRho_EigVals = -4.0201609787E+00 -4.0086954727E+00 -3.1508482202E+00
           HessRho_EigVec1 =  8.1482081570E-01 -1.7285300560E-02  5.7945513777E-01
           HessRho_EigVec2 =  1.7359599563E-02  9.9983464989E-01  5.4145336770E-03
           HessRho_EigVec3 = -5.7945291664E-01  5.6472344093E-03  8.1498615089E-01
           DelSqRho = -1.1179704672E+01
           Bond Ellipticity = NA
           V = -2.8254296569E+00
           G =  1.5251744516E-02
           K =  2.8101779124E+00
           L =  2.7949261679E+00
           Vnuc =  3.6384204504E+01
           Ven = -7.4289836180E+00
           Vrep =  4.6035539610E+00
           DelSqV =  6.8007932932E+02
           DelSqVen =  4.0676466106E+02
           DelSqVrep =  2.7331466826E+02
           DelSqG =  5.2155433931E+01
           DelSqK = -7.3223476325E+02
           Stress_EigVals = -1.0179315714E+00 -1.0152342737E+00 -7.9226381186E-01
           Stress_EigVec1 =  1.7294887887E-02  9.9983588083E-01  5.3942806850E-03
           Stress_EigVec2 =  8.1746037403E-01 -1.7246346773E-02  5.7572658478E-01
           Stress_EigVec3 = -5.7572512864E-01  5.5475160307E-03  8.1762448674E-01
           -DivStress =  7.0048643559E+00 -6.7569335281E-02 -9.9318968683E+00
           ESP =   8.1609345153E+00     ESP at Nucleus =   8.0586204898E+00
           ESPe = -9.0153336830E+00     ESPe at Nucleus = -8.9153959233E+00
           ESPn =  1.7176268198E+01     ESPn at Nucleus =  1.6974016413E+01

CP# 15     Coords = -7.42605884250274E-03 -1.45788071972161E+00  4.85685940894577E+00
           Type = (3,-3) NACP H15
           Rho =  2.0236692260E-01     Rho at Nucleus =  1.9747232553E-01
           GradRho = -2.3220116524E-16  1.1796202472E-14 -6.9189441339E-15
           HessRho_EigVals = -3.9837131731E+00 -3.9719607515E+00 -3.0987664308E+00
           HessRho_EigVec1 =  3.6851754763E-02  5.7259187698E-01  8.1901189893E-01
           HessRho_EigVec2 =  9.9919335225E-01 -8.0267655138E-03 -3.9347374181E-02
           HessRho_EigVec3 = -1.5955970371E-02  8.1980126461E-01 -5.7242579742E-01
           DelSqRho = -1.1054440355E+01
           Bond Ellipticity = NA
           V = -2.7934216054E+00
           G =  1.4905758286E-02
           K =  2.7785158471E+00
           L =  2.7636100888E+00
           Vnuc =  3.6696090478E+01
           Ven = -7.4260749014E+00
           Vrep =  4.6326532960E+00
           DelSqV =  6.7012593991E+02
           DelSqVen =  4.0565474346E+02
           DelSqVrep =  2.6447119644E+02
           DelSqG =  5.1481375126E+01
           DelSqK = -7.2160731503E+02
           Stress_EigVals = -1.0085850157E+00 -1.0058118694E+00 -7.7902472033E-01
           Stress_EigVec1 =  9.9918388137E-01 -8.3879349576E-03 -3.9512197501E-02
           Stress_EigVec2 =  3.7260423724E-02  5.6909017161E-01  8.2143048239E-01
           Stress_EigVec3 = -1.5595897798E-02  8.2223233889E-01 -5.6893826453E-01
           -DivStress =  1.9087883186E-01 -1.0059406908E+01  6.9596368319E+00
           ESP =   8.4900359452E+00     ESP at Nucleus =   8.3824015246E+00
           ESPe = -9.3403636739E+00     ESPe at Nucleus = -9.2345982964E+00
           ESPn =  1.7830399619E+01     ESPn at Nucleus =  1.7616999821E+01

CP# 16     Coords = -1.38093102312033E+00  4.87238029141725E+00  2.78107557784855E-02
           Type = (3,-3) NACP H16
           Rho =  2.0175068935E-01     Rho at Nucleus =  1.9684907551E-01
           GradRho =  8.5322882386E-15 -5.5503002774E-15  4.2358423626E-17
           HessRho_EigVals = -3.9707140991E+00 -3.9589645494E+00 -3.0853353358E+00
           HessRho_EigVec1 =  5.8078173263E-01  8.1399213150E-01 -1.0458914410E-02
           HessRho_EigVec2 =  2.6700780233E-03  1.0943003006E-02  9.9993655867E-01
           HessRho_EigVec3 =  8.1405494269E-01 -5.8077281318E-01  4.1820737444E-03
           DelSqRho = -1.1015013984E+01
           Bond Ellipticity = NA
           V = -2.7834401274E+00
           G =  1.4843315669E-02
           K =  2.7685968117E+00
           L =  2.7537534961E+00
