 AIMExt (Version 16.05.18, Professional)
 Portions Copyright (c) 1997-2016 by Todd A. Keith
 AIMExt is a component of the AIMAll package ( http://aim.tkgristmill.com )

 TP:  64-bit Linux

 Licensed To:  Research Group of Fernando Cortes Guzman, UNAM, fercor@unam.mx

 AIMExt is a heavily modified and extended version of the EXTREME program
 developed by members of R.F.W. Bader's research group

 Much of the Quantum Theory of Atoms in Molecules (QTAIM) is described in the book:
   "Atoms in Molecules - A Quantum Theory"
   R.F.W. Bader, Oxford University Press, Oxford, 1990

 For additional references see:  http://aim.tkgristmill.com/references.html

 Wfx File:  /home/davit_gabo/David/max_int2/Cu22.wfx
 ExtOut File:  /home/davit_gabo/David/max_int2/Cu22.extout
 Mgp File:  /home/davit_gabo/David/max_int2/Cu22.mgp

 MgpViz File:  /home/davit_gabo/David/max_int2/Cu22.mgpviz

 Wfx Title:   Cu[H2O]6 (2+)                                                                 
 Job Title:  Auto                                                                           

 The nuclear coordinates:
      Cu1           1.0142722808E-06 -4.3407262567E-07 -7.2632238941E-08
      O2           -4.5221251804E-02 -3.8251827642E+00 -3.6082285104E-02
      O3           -4.2172573906E+00  4.3993559746E-02  3.4856219752E-03
      O4            3.7892057587E-02  2.0917293180E-02 -3.8261385345E+00
      H5           -5.2898977595E+00  5.4817218995E-02  1.4755979039E+00
      H6            6.5097030301E-03  1.5014563331E+00 -4.8870236209E+00
      H7            1.4243269369E+00 -4.9030500692E+00 -2.7567591122E-02
      H8           -5.3287617045E+00  7.2328656860E-02 -1.4390024329E+00
      H9           -3.1384835395E-02 -1.4556588811E+00 -4.8908426240E+00
      H10          -1.5421728335E+00 -4.8644686044E+00 -1.3409251110E-02
      O11           4.5219635086E-02  3.8251819960E+00  3.6086439751E-02
      O12           4.2172571162E+00 -4.3993426320E-02 -3.4857376094E-03
      O13          -3.7892160929E-02 -2.0918578883E-02  3.8261381377E+00
      H14           5.2899010539E+00 -5.4782493169E-02 -1.4755961072E+00
      H15          -6.5952496473E-03 -1.5014611697E+00  4.8870209629E+00
      H16          -1.4243313218E+00  4.9030465929E+00  2.7594512271E-02
      H17           5.3287575857E+00 -7.2360707787E-02  1.4390043794E+00
      H18           3.1464046170E-02  1.4556523366E+00  4.8908448506E+00
      H19           1.5421683704E+00  4.8644699511E+00  1.3373539890E-02

 Number of primitives read from wavefunction =    500
 Number of unique primitives to be used =    500

 Using MO basis.

 Number of processors used for this job =    8

 Total memory allocated for AIMExt =        6.001 Megabytes
 
Model:  Unrestricted SCF
 
 Unrestricted, single-determinant wavefunction.
 First Beta MO of unrestricted wavefunction =     45
   Number of electrons (from MO Occs)                   =          87.0000000000
   Number of Alpha electrons (from MO Occs)             =          44.0000000000
   Number of Beta electrons (from MO Occs)              =          43.0000000000
   Number of electron pairs (N*(N-1)/2)                 =        3741.0000000000
   Number of electron pairs (from Muller 2EDM)          =        3741.0000000000

 Analyzing Rho, the electron density

 Reading and validating Rho critical points from MGP file ... please wait ...

 New critical point found: CP# 1     

 Number of Newton-Raphson Iterations:     1

 Coordinates of critical point and distance from molecular origin:
          X =   1.0142722736E-06
          Y =  -4.3407263061E-07
          Z =  -7.2632248339E-08
          R =   1.1056413239E-06

 Vectors and distances from nuclei to critical point:
 Nucleus           X                 Y                 Z                Dist  
 Cu1       -7.2253178833E-15 -4.9380476578E-15 -9.3981897050E-15  1.2841943113E-14
 O2         4.5222266076E-02  3.8251823301E+00  3.6082212472E-02  3.8256197979E+00
 O3         4.2172584049E+00 -4.3993993819E-02 -3.4856946074E-03  4.2174893094E+00
 O4        -3.7891043315E-02 -2.0917727253E-02  3.8261384619E+00  3.8263832547E+00
 H5         5.2898987738E+00 -5.4817653068E-02 -1.4755979765E+00  5.4921237605E+00
 H6        -6.5086887578E-03 -1.5014567672E+00  4.8870235483E+00  5.1124763030E+00
 H7        -1.4243259226E+00  4.9030496351E+00  2.7567518490E-02  5.1058162938E+00
 H8         5.3287627188E+00 -7.2329090933E-02  1.4390023603E+00  5.5201151621E+00
 H9         3.1385849667E-02  1.4556584470E+00  4.8908425513E+00  5.1029665341E+00
 H10        1.5421738478E+00  4.8644681703E+00  1.3409178477E-02  5.1030902954E+00
 O11       -4.5218620813E-02 -3.8251824300E+00 -3.6086512383E-02  3.8256198953E+00
 O12       -4.2172561019E+00  4.3992992247E-02  3.4856649771E-03  4.2174869961E+00
 O13        3.7893175201E-02  2.0918144810E-02 -3.8261382104E+00  3.8263830266E+00
 H14       -5.2899000396E+00  5.4782059096E-02  1.4755960346E+00  5.4921241028E+00
 H15        6.5962639196E-03  1.5014607357E+00 -4.8870210355E+00  5.1124751787E+00
 H16        1.4243323361E+00 -4.9030470270E+00 -2.7594584903E-02  5.1058157246E+00
 H17       -5.3287565714E+00  7.2360273714E-02 -1.4390044520E+00  5.5201101818E+00
 H18       -3.1463031898E-02 -1.4556527707E+00 -4.8908449233E+00  5.1029676635E+00
 H19       -1.5421673561E+00 -4.8644703852E+00 -1.3373612523E-02  5.1030903516E+00

 Angles of vectors with respect to YZ/XZ/XY planes:
 Nucleus        YZ Angle          XZ Angle          XY Angle
 Cu1        3.4238174755E+01  2.2614252349E+01  4.7040490996E+01
 O2         6.7730340953E-01  8.9133509310E+01  5.4040632675E-01
 O3         8.9400445241E+01  5.9768163010E-01  4.7354147882E-02
 O4         5.6738496957E-01  3.1322096570E-01  8.9351895463E+01
 H5         7.4403521115E+01  5.7188666036E-01  1.5585454442E+01
 H6         7.2943222541E-02  1.7078691162E+01  7.2921143444E+01
 H7         1.6198230653E+01  7.3798652122E+01  3.0935506579E-01
 H8         7.4869852220E+01  7.5075793071E-01  1.5110616230E+01
 H9         3.5240052004E-01  1.6574229154E+01  7.3421807497E+01
 H10        1.7590023350E+01  7.2409290026E+01  1.5055391403E-01
 O11        6.7724879387E-01  8.9133511839E+01  5.4047071504E-01
 O12        8.9400458509E+01  5.9766835057E-01  4.7353771317E-02
 O13        5.6741692756E-01  3.1322723691E-01  8.9351864453E+01
 H14        7.4403557438E+01  5.7151527734E-01  1.5585432413E+01
 H15        7.3924698862E-02  1.7078741559E+01  7.2921088566E+01
 H16        1.6198307454E+01  7.3798569209E+01  3.0965883506E-01
 H17        7.4869798946E+01  7.5108229641E-01  1.5110652677E+01
 H18        3.5326705539E-01  1.6574158883E+01  7.3421858240E+01
 H19        1.7589946688E+01  7.2409370323E+01  1.5015458844E-01

 The Hessian:
  -1.0549724505E+09  3.9259834471E+00 -2.9093144449E+00
   3.9259834471E+00 -1.0549721177E+09  7.2585648543E-01
  -2.9093144449E+00  7.2585648543E-01 -1.0549721095E+09

 Eigenvalues of the Hessian: 
  -1.0549724505E+09 -1.0549721177E+09 -1.0549721094E+09

 Eigenvectors of the Hessian:
   9.9989363046E-01  1.2485218770E-02 -7.5397002770E-03
  -1.1813159712E-02  9.9644482535E-01  8.3415581809E-02
   8.5543571134E-03 -8.3317641248E-02  9.9648632386E-01

 The stress tensor:
  -2.6396637915E+08 -2.6762297669E-01  6.0848587789E-02
  -2.6762297669E-01 -2.6396640303E+08  4.8063025396E-03
   6.0848587789E-02  4.8063025396E-03 -2.6396640476E+08

 Eigenvalues of the stress tensor:
  -2.6396640476E+08 -2.6396640303E+08 -2.6396637914E+08

 Eigenvectors of the stress tensor:
  -2.4085874004E-03  1.1195660825E-02  9.9993442579E-01
  -3.1496192790E-03  9.9993228155E-01 -1.1203223448E-02
   9.9999213927E-01  3.1763966880E-03  2.3731622254E-03

 Minus divergence of the stress tensor: 
   4.6040272560E+00  3.1462980782E+00  5.9880076898E+00

 Values: 
 Rho(r)                   1.6240043258E+04
 |Grad(Rho(r))|           1.0672710723E-13
 Grad(Rho(r))x            1.0556430675E-13
 Grad(Rho(r))y            1.5657580213E-14
 Grad(Rho(r))z           -1.3010527714E-15
 DelSq(Rho(r))           -3.1649166777E+09
 G(r)                     3.3500875944E+05
 K(r)                     7.9156417817E+08
 L(r)                     7.9122916942E+08
 Vnuc(r)                  2.9000000145E+09
 V(r)                    -7.9189918693E+08
 Ven(r)                  -4.7096125684E+13
 Vrep(r)                  4.7095333785E+13
 DelSq(V(r))              1.9354361304E+15
 DelSq(Ven(r))            1.4128837635E+30
 DelSq(Vrep(r))          -1.4128837635E+30
 DelSq(G(r))              5.1475281763E+13
 DelSq(K(r))             -1.9869114121E+15

 New critical point found: CP# 2     

 Number of Newton-Raphson Iterations:     1

 Coordinates of critical point and distance from molecular origin:
          X =   2.0706777802E+00
          Y =  -2.2168662340E-02
          Z =  -2.3785723198E-04
          R =   2.0707964592E+00

 Vectors and distances from nuclei to critical point:
 Nucleus           X                 Y                 Z                Dist  
 Cu1        2.0706767659E+00 -2.2168228267E-02 -2.3778459974E-04  2.0707954404E+00
 O2         2.1158990320E+00  3.8030141019E+00  3.5844427872E-02  4.3521523176E+00
 O3         6.2879351708E+00 -6.6162222086E-02 -3.7234792072E-03  6.2882843460E+00
 O4         2.0327857226E+00 -4.3085955520E-02  3.8259006773E+00  4.3326193216E+00
 H5         7.3605755397E+00 -7.6985881335E-02 -1.4758357611E+00  7.5074689673E+00
 H6         2.0641680772E+00 -1.5236249955E+00  4.8867857637E+00  5.5193204362E+00
 H7         6.4635084334E-01  4.8808814068E+00  2.7329733890E-02  4.9235677749E+00
 H8         7.3994394847E+00 -9.4497319200E-02  1.4387645757E+00  7.5386124675E+00
 H9         2.1020626156E+00  1.4334902188E+00  4.8906047667E+00  5.5128555605E+00
 H10        3.6128506137E+00  4.8422999420E+00  1.3171393878E-02  6.0415835483E+00
 O11        2.0254581451E+00 -3.8473506583E+00 -3.6324296983E-02  4.3480923679E+00
 O12       -2.1465793360E+00  2.1824763980E-02  3.2478803774E-03  2.1466927388E+00
 O13        2.1085699411E+00 -1.2500834573E-03 -3.8263759950E+00  4.3688925386E+00
 H14       -3.2192232737E+00  3.2613830829E-02  1.4753582500E+00  3.5413477821E+00
 H15        2.0772730298E+00  1.4792925074E+00 -4.8872588201E+00  5.5125917986E+00
 H16        3.4950091020E+00 -4.9252152552E+00 -2.7832369503E-02  6.0393384219E+00
 H17       -3.2580798055E+00  5.0192045447E-02 -1.4392422366E+00  3.5621652792E+00
 H18        2.0392137340E+00 -1.4778209989E+00 -4.8910827079E+00  5.5013668859E+00
 H19        5.2850940983E-01 -4.8866386135E+00 -1.3611397122E-02  4.9151545657E+00

 Angles of vectors with respect to YZ/XZ/XY planes:
 Nucleus        YZ Angle          XZ Angle          XY Angle
 Cu1        8.9386591632E+01  6.1337308140E-01  6.5791403899E-03
 O2         2.9089354050E+01  6.0906072202E+01  4.7189470982E-01
 O3         8.9396197026E+01  6.0284901660E-01  3.3926528181E-02
 O4         2.7981192372E+01  5.6979021585E-01  6.2011970460E+01
 H5         7.8647206930E+01  5.8755399619E-01  1.1337173899E+01
 H6         2.1961873625E+01  1.6024776247E+01  6.2300326743E+01
 H7         7.5433872195E+00  8.2449833252E+01  3.1803897498E-01
 H8         7.8973446213E+01  7.1822757693E-01  1.1002551218E+01
 H9         2.2414352229E+01  1.5071652674E+01  6.2514457421E+01
 H10        3.6726598648E+01  5.3273117265E+01  1.2491193266E-01
 O11        2.7763747104E+01  6.2231402720E+01  4.7865890232E-01
 O12        8.9411066205E+01  5.8251858082E-01  8.6686792956E-02
 O13        2.8857482536E+01  1.6394202050E-02  6.1142511915E+01
 H14        6.5372885506E+01  5.2766951754E-01  2.4620699688E+01
 H15        2.2137048784E+01  1.5565981706E+01  6.2444457796E+01
 H16        3.5359670770E+01  5.4639040063E+01  2.6404927821E-01
 H17        6.6153896164E+01  8.0734253212E-01  2.3830718427E+01
 H18        2.1757191337E+01  1.5582639163E+01  6.2756215895E+01
 H19        6.1727491660E+00  8.3825196069E+01  1.5866776817E-01

 The Hessian:
   2.9174825647E-01 -3.5976313973E-03 -1.2848030390E-04
  -3.5976313973E-03 -4.6750280779E-02  2.5936385976E-05
  -1.2848030390E-04  2.5936385976E-05 -5.1137185001E-02

 Eigenvalues of the Hessian: 
  -5.1137372150E-02 -4.6788374009E-02  2.9178653685E-01

 Ellipticity:  9.2950401302E-02

 Eigenvectors of the Hessian:
   3.1538189659E-04  1.0628382016E-02  9.9994346742E-01
  -5.6532541308E-03  9.9992755723E-01 -1.0626429872E-02
   9.9998397050E-01  5.6495831542E-03 -3.7544399398E-04

 The stress tensor:
  -1.4402128170E-03 -2.8249122189E-04 -1.9010045187E-05
  -2.8249122189E-04 -2.8039025432E-02 -6.4179797806E-06
  -1.9010045187E-05 -6.4179797806E-06 -2.6903196096E-02

 Eigenvalues of the stress tensor:
  -2.8042063752E-02 -2.6903171709E-02 -1.4371988853E-03

 Eigenvectors of the stress tensor:
   1.0622606833E-02  6.8199674064E-04  9.9994334595E-01
   9.9992668598E-01 -5.8198758783E-03 -1.0618460489E-02
   5.8123044033E-03  9.9998283182E-01 -7.4376899399E-04

 Minus divergence of the stress tensor: 
  -1.6203753993E-03  1.3640340942E-05 -2.4951017836E-05

 Values: 
 Rho(r)                   4.2679441157E-02
 |Grad(Rho(r))|           1.3893026035E-17
 Grad(Rho(r))x           -1.3877787808E-17
 Grad(Rho(r))y            0.0000000000E+00
 Grad(Rho(r))z           -6.5052130349E-19
 DelSq(Rho(r))            1.9386079069E-01
 G(r)                     5.2423816009E-02
 K(r)                     3.9586183363E-03
 L(r)                    -4.8465197673E-02
 Vnuc(r)                  2.8651161457E+01
 V(r)                    -5.6382434346E-02
 Ven(r)                  -1.2228155595E+00
 Vrep(r)                  1.1664331251E+00
 DelSq(V(r))             -3.7665580187E-01
 DelSq(Ven(r))           -5.5543368143E+00
 DelSq(Vrep(r))           5.1776810124E+00
 DelSq(G(r))              4.8819020446E-01
 DelSq(K(r))             -1.1153440258E-01

 Point is a Bond Critical Point (BCP)
 ------------------------------------
   Bond path linked to nuclear attractor O12     
     Attractor coordinates =   4.2172651099E+00 -4.3993586693E-02 -3.4858408597E-03
     Euclidean distance from attractor to nucleus =   7.9960623667E-06
     Number of steps from BCP to attractor = 2146
     Step size =   1.0000000000E-03
     Path length from BCP to attractor =   2.1467035107E+00
     Euclidean distance from BCP to attractor =   2.1467007339E+00
     Euclidean distance from BCP to nucleus =   2.1466927388E+00
     Unit vector from attractor in the bond path direction:
       Cartesian Coords.    Spherical Coords.
     -9.9995150573E-01      1.0000000000E+00
      8.6950541897E-03      1.5661722194E+00
      4.6240908792E-03      3.1328973969E+00

   Bond path linked to nuclear attractor Cu1     
     Attractor coordinates =   1.0142722736E-06 -4.3407263061E-07 -7.2632248339E-08
     Euclidean distance from attractor to nucleus =   1.2841943113E-14
     Number of steps from BCP to attractor = 2070
     Step size =   1.0000000000E-03
     Path length from BCP to attractor =   2.0707954513E+00
     Euclidean distance from BCP to attractor =   2.0707954404E+00
     Euclidean distance from BCP to nucleus =   2.0707954404E+00
     Unit vector from attractor in the bond path direction:
       Cartesian Coords.    Spherical Coords.
      9.9994244815E-01     -1.0727903499E-02
     -1.0727903499E-02     -1.1171931456E-04
     -1.1171931456E-04      1.0000000000E+00

   Total bond path length =   4.2174989620E+00
   Distance between attractors =   4.2174949912E+00
   Distance between nuclei =   4.2174869961E+00
   Sum of distances between BCP and attractors =   4.2174961743E+00
   Sum of distances between BCP and nuclei =   4.2174881791E+00
   Total bond path length minus distance between attractors =   3.9708276924E-06
   Total bond path length minus distance between nuclei =   1.1965935432E-05
   Total bond path length minus sum of distances between BCP and attractors =   2.7877478859E-06
   Total bond path length minus sum of distances between BCP and nuclei =   1.0782899452E-05

 New critical point found: CP# 3     

 Number of Newton-Raphson Iterations:     1

 Coordinates of critical point and distance from molecular origin:
          X =   2.1403134423E-02
          Y =   1.8205227830E+00
          Z =   1.6182613082E-02
          R =   1.8207205098E+00

 Vectors and distances from nuclei to critical point:
 Nucleus           X                 Y                 Z                Dist  
 Cu1        2.1402120151E-02  1.8205232171E+00  1.6182685715E-02  1.8207209325E+00
 O2         6.6624386227E-02  5.6457055472E+00  5.2264898186E-02  5.6463405454E+00
 O3         4.2386605250E+00  1.7765292233E+00  1.2696991107E-02  4.5959177909E+00
 O4        -1.6488923164E-02  1.7996054899E+00  3.8423211476E+00  4.2429098040E+00
 H5         5.3113008940E+00  1.7657055641E+00 -1.4594152908E+00  5.7842481202E+00
 H6         1.4893431393E-02  3.1906644992E-01  4.9032062340E+00  4.9135991480E+00
 H7        -1.4029238024E+00  6.7235728522E+00  4.3750204205E-02  6.8685181207E+00
 H8         5.3501648389E+00  1.7481941262E+00  1.4551850460E+00  5.8136055959E+00
 H9         5.2787969818E-02  3.2761816642E+00  4.9070252370E+00  5.9004279119E+00
 H10        1.5635759680E+00  6.6849913874E+00  2.9591864192E-02  6.8654756088E+00
 O11       -2.3816500662E-02 -2.0046592129E+00 -1.9903826668E-02  2.0048994858E+00
 O12       -4.1958539817E+00  1.8645162094E+00  1.9668350692E-02  4.5915137128E+00
 O13        5.9295295352E-02  1.8414413619E+00 -3.8099555246E+00  4.2320424527E+00
 H14       -5.2684979195E+00  1.8753052762E+00  1.4917787203E+00  5.7878531388E+00
 H15        2.7998384070E-02  3.3219839528E+00 -4.8708383498E+00  5.8958822514E+00
 H16        1.4457344563E+00 -3.0825238099E+00 -1.1411899189E-02  3.4047366106E+00
 H17       -5.3073544513E+00  1.8928834908E+00 -1.4228217663E+00  5.8116642160E+00
 H18       -1.0060911747E-02  3.6487044646E-01 -4.8746622375E+00  4.8883088686E+00
 H19       -1.5207652359E+00 -3.0439471681E+00  2.8090731920E-03  3.4026973353E+00

 Angles of vectors with respect to YZ/XZ/XY planes:
 Nucleus        YZ Angle          XZ Angle          XY Angle
 Cu1        6.7351309940E-01  8.9155615752E+01  5.0925530886E-01
 O2         6.7608120668E-01  8.9140700819E+01  5.3036135941E-01
 O3         6.7259694942E+01  2.2739691738E+01  1.5828936927E-01
 O4         2.2266513495E-01  2.5096504669E+01  6.4902368925E+01
 H5         6.6669445397E+01  1.7773869042E+01  1.4614162792E+01
 H6         1.7366741613E-01  3.7231431087E+00  8.6272797289E+01
 H7         1.1785845212E+01  7.8208343018E+01  3.6495776245E-01
 H8         6.6967551194E+01  1.7500095148E+01  1.4495668100E+01
 H9         5.1260150502E-01  3.3727574713E+01  5.6267460101E+01
 H10        1.3164331523E+01  7.6833268670E+01  2.4695946394E-01
 O11        6.8064113746E-01  8.9112950208E+01  5.6881853963E-01
 O12        6.6039837796E+01  2.3958745669E+01  2.4543473057E-01
 O13        8.0279944548E-01  2.5792855477E+01  6.4192792389E+01
 H14        6.5542423455E+01  1.8905428845E+01  1.4936182699E+01
 H15        2.7208739956E-01  3.4294126881E+01  5.5704485258E+01
 H16        2.5126895487E+01  6.4872267360E+01  1.9204272130E-01
 H17        6.5954834985E+01  1.9008244670E+01  1.4171299575E+01
 H18        1.1792384721E-01  4.2806209752E+00  8.5717748974E+01
 H19        2.6546842884E+01  6.3453108283E+01  4.7300138876E-02

 The Hessian:
  -8.2523387903E-02  7.2746897006E-03  4.4351977734E-05
   7.2746897006E-03  5.3592975855E-01  5.1034005271E-03
   4.4351977734E-05  5.1034005271E-03 -6.8310991571E-02

 Eigenvalues of the Hessian: 
  -8.2608963408E-02 -6.8354071201E-02  5.3605841368E-01

 Ellipticity:  2.0854488922E-01

 Eigenvectors of the Hessian:
   9.9993013492E-01 -1.1983570773E-03  1.1759644068E-02
  -1.1769336814E-02 -8.4306373411E-03  9.9989519804E-01
   1.0990901927E-03  9.9996374349E-01  8.4441522020E-03

 The stress tensor:
  -5.5948960795E-02  7.6019333586E-04 -1.4370672346E-05
   7.6019333586E-04  8.6141734599E-03  5.5337112726E-04
  -1.4370672346E-05  5.5337112726E-04 -5.4395944156E-02

 Eigenvalues of the stress tensor:
  -5.5958190412E-02 -5.4400519273E-02  8.6279781943E-03

 Eigenvectors of the stress tensor:
   9.9983947306E-01 -1.3510229357E-02  1.1768679238E-02
  -1.1885743411E-02 -8.6175090817E-03  9.9989222801E-01
   1.3407356633E-02  9.9987159788E-01  8.7767048589E-03

 Minus divergence of the stress tensor: 
  -1.6500310467E-04 -1.4405995146E-02 -1.4002028453E-04

 Values: 
 Rho(r)                   6.4573398883E-02
 |Grad(Rho(r))|           1.3186596387E-16
 Grad(Rho(r))x           -1.6263032587E-18
 Grad(Rho(r))y           -1.3183898417E-16
 Grad(Rho(r))z           -2.1141942363E-18
 DelSq(Rho(r))            3.8509537907E-01
 G(r)                     9.9002288130E-02
 K(r)                     2.7284433612E-03
 L(r)                    -9.6273844769E-02
 Vnuc(r)                  3.0909440973E+01
 V(r)                    -1.0173073149E-01
 Ven(r)                  -1.9959276612E+00
 Vrep(r)                  1.8941969297E+00
 DelSq(V(r))             -1.4831991626E+00
 DelSq(Ven(r))           -1.1903082888E+01
 DelSq(Vrep(r))           1.0419883726E+01
 DelSq(G(r))              1.5302105905E+00
 DelSq(K(r))             -4.7011427889E-02

 Point is a Bond Critical Point (BCP)
 ------------------------------------
   Bond path linked to nuclear attractor O11     
     Attractor coordinates =   4.5219719451E-02  3.8251886402E+00  3.6086248071E-02
     Euclidean distance from attractor to nucleus =   6.6475206182E-06
     Number of steps from BCP to attractor = 2004
     Step size =   1.0000000000E-03
     Path length from BCP to attractor =   2.0049089941E+00
     Euclidean distance from BCP to attractor =   2.0049061283E+00
     Euclidean distance from BCP to nucleus =   2.0048994858E+00
     Unit vector from attractor in the bond path direction:
       Cartesian Coords.    Spherical Coords.
     -1.2200806208E-02      1.0000000000E+00
     -9.9982838578E-01      1.5847373421E+00
     -1.3940563724E-02      4.7001866856E+00

   Bond path linked to nuclear attractor Cu1     
     Attractor coordinates =   1.0142722736E-06 -4.3407263061E-07 -7.2632248339E-08
     Euclidean distance from attractor to nucleus =   1.2841943032E-14
     Number of steps from BCP to attractor = 1820
     Step size =   1.0000000000E-03
     Path length from BCP to attractor =   1.8207226410E+00
     Euclidean distance from BCP to attractor =   1.8207209325E+00
     Euclidean distance from BCP to nucleus =   1.8207209325E+00
     Unit vector from attractor in the bond path direction:
       Cartesian Coords.    Spherical Coords.
      1.1746734664E-02      9.9986018790E-01
      9.9986018790E-01      1.1900373299E-02
      1.1900373299E-02      1.0000000000E+00

   Total bond path length =   3.8256316352E+00
   Distance between attractors =   3.8256265379E+00
   Distance between nuclei =   3.8256198953E+00
   Sum of distances between BCP and attractors =   3.8256270608E+00
   Sum of distances between BCP and nuclei =   3.8256204183E+00
   Total bond path length minus distance between attractors =   5.0972249626E-06
   Total bond path length minus distance between nuclei =   1.1739875231E-05
   Total bond path length minus sum of distances between BCP and attractors =   4.5743505455E-06
   Total bond path length minus sum of distances between BCP and nuclei =   1.1216874500E-05

 New critical point found: CP# 4     

 Number of Newton-Raphson Iterations:     1

 Coordinates of critical point and distance from molecular origin:
          X =  -2.0706769541E+00
          Y =   2.2168271386E-02
          Z =   2.3753033619E-04
          R =   2.0707956290E+00

 Vectors and distances from nuclei to critical point:
 Nucleus           X                 Y                 Z                Dist  
 Cu1       -2.0706779684E+00  2.2168705458E-02  2.3760296843E-04  2.0707966478E+00
 O2        -2.0254557023E+00  3.8473510356E+00  3.6319815440E-02  4.3480915264E+00
 O3         2.1465804365E+00 -2.1825288360E-02 -3.2480916390E-03  2.1466938449E+00
 O4        -2.1085690117E+00  1.2509782052E-03  3.8263760648E+00  4.3688921515E+00
 H5         3.2192208054E+00 -3.2648947610E-02 -1.4753603736E+00  3.5413467466E+00
 H6        -2.0771866571E+00 -1.4792880617E+00  4.8872611513E+00  5.5125601256E+00
 H7        -3.4950038910E+00  4.9252183405E+00  2.7805121459E-02  6.0393377969E+00
 H8         3.2580847504E+00 -5.0160385475E-02  1.4392399632E+00  3.5621684374E+00
 H9        -2.0392921187E+00  1.4778271525E+00  4.8910801543E+00  5.5013953243E+00
 H10       -5.2850412058E-01  4.8866368757E+00  1.3646781446E-02  4.9151523675E+00
 O11       -2.1158965892E+00 -3.8030137246E+00 -3.5848909415E-02  4.3521508372E+00
 O12       -6.2879340703E+00  6.6161697706E-02  3.7232679456E-03  6.2882832399E+00
 O13       -2.0327847932E+00  4.3086850268E-02 -3.8259006074E+00  4.3326188327E+00
 H14       -7.3605780080E+00  7.6950764555E-02  1.4758336375E+00  7.5074706099E+00
 H15       -2.0640817045E+00  1.5236294411E+00 -4.8867834325E+00  5.5192872976E+00
 H16       -6.4634563228E-01 -4.8808783215E+00 -2.7356981935E-02  4.9235641836E+00
 H17       -7.3994345398E+00  9.4528979172E-02 -1.4387668491E+00  7.5386084447E+00
 H18       -2.1021410003E+00 -1.4334840652E+00 -4.8906073203E+00  5.5128861145E+00
 H19       -3.6128453245E+00 -4.8423016797E+00 -1.3136009554E-02  6.0415817011E+00

 Angles of vectors with respect to YZ/XZ/XY planes:
 Nucleus        YZ Angle          XZ Angle          XY Angle
 Cu1        8.9386578841E+01  6.1338592763E-01  6.5741111334E-03
 O2         2.7763716565E+01  6.2231434451E+01  4.7859993861E-01
 O3         8.9411051834E+01  5.8253227722E-01  8.6692386919E-02
 O4         2.8857471417E+01  1.6405937653E-02  6.1142523026E+01
 H5         6.5372826220E+01  5.2823785362E-01  2.4620745160E+01
 H6         2.2136213536E+01  1.5566025443E+01  6.2445141069E+01
 H7         3.5359614358E+01  5.4639098997E+01  2.6379079797E-01
 H8         6.6153977972E+01  8.0683253020E-01  2.3830656014E+01
 H9         2.1757952107E+01  1.5582623099E+01  6.2755582585E+01
 H10        6.1726899212E+00  8.3825244597E+01  1.5908031469E-01
 O11        2.9089328091E+01  6.0906097011E+01  4.7195387156E-01
 O12        8.9396201799E+01  6.0284434448E-01  3.3924609244E-02
 O13        2.7981181889E+01  5.6980211313E-01  6.2011980656E+01
 H14        7.8647240191E+01  5.8728584807E-01  1.1337154856E+01
 H15        2.1961045559E+01  1.6024923068E+01  6.2300929946E+01
 H16        7.5433315831E+00  8.2449875311E+01  3.1835629881E-01
 H17        7.8973406620E+01  7.1846860481E-01  1.1002574764E+01
 H18        2.2415102488E+01  1.5071500929E+01  6.2513904547E+01
 H19        3.6726549134E+01  5.3273168303E+01  1.2457640025E-01

 The Hessian:
   2.9174710728E-01 -3.5977004422E-03 -1.2845073453E-04
  -3.5977004422E-03 -4.6750104566E-02  2.5835422615E-05
  -1.2845073453E-04  2.5835422615E-05 -5.1137000385E-02

 Eigenvalues of the Hessian: 
  -5.1137186375E-02 -4.6788200549E-02  2.9178538925E-01

 Ellipticity:  9.2950482715E-02

 Eigenvectors of the Hessian:
   3.1553852908E-04  1.0628619566E-02  9.9994346484E-01
  -5.6301203914E-03  9.9992768514E-01 -1.0626675220E-02
   9.9998410096E-01  5.6264489662E-03 -3.7535611871E-04

 The stress tensor:
  -1.4402291733E-03 -2.8249685366E-04 -1.9008792149E-05
  -2.8249685366E-04 -2.8038913984E-02 -6.3948218606E-06
  -1.9008792149E-05 -6.3948218606E-06 -2.6903087474E-02

 Eigenvalues of the stress tensor:
  -2.8041952169E-02 -2.6903063354E-02 -1.4372151090E-03

 Eigenvectors of the stress tensor:
   1.0622856040E-02  6.8217515134E-04  9.9994334318E-01
   9.9992680127E-01 -5.7995523232E-03 -1.0618723773E-02
   5.7919799095E-03  9.9998294977E-01 -7.4373302641E-04

 Minus divergence of the stress tensor: 
   1.6204840030E-03 -1.3641813790E-05  2.4954701450E-05

 Values: 
 Rho(r)                   4.2679322735E-02
 |Grad(Rho(r))|           1.7349119306E-17
 Grad(Rho(r))x           -1.7347234760E-17
 Grad(Rho(r))y           -1.3552527156E-19
 Grad(Rho(r))z           -2.1684043450E-19
 DelSq(Rho(r))            1.9386000233E-01
 G(r)                     5.2423615607E-02
 K(r)                     3.9586150249E-03
 L(r)                    -4.8465000582E-02
 Vnuc(r)                  2.8651153314E+01
 V(r)                    -5.6382230632E-02
 Ven(r)                  -1.2228118190E+00
 Vrep(r)                  1.1664295884E+00
 DelSq(V(r))             -3.7665327778E-01
 DelSq(Ven(r))           -5.5543126481E+00
 DelSq(Vrep(r))           5.1776593703E+00
 DelSq(G(r))              4.8818731074E-01
 DelSq(K(r))             -1.1153403296E-01

 Point is a Bond Critical Point (BCP)
 ------------------------------------
   Bond path linked to nuclear attractor Cu1     
     Attractor coordinates =   1.0142722736E-06 -4.3407263061E-07 -7.2632248339E-08
     Euclidean distance from attractor to nucleus =   1.2841943113E-14
     Number of steps from BCP to attractor = 2070
     Step size =   1.0000000000E-03
     Path length from BCP to attractor =   2.0707966588E+00
     Euclidean distance from BCP to attractor =   2.0707966478E+00
     Euclidean distance from BCP to nucleus =   2.0707966478E+00
     Unit vector from attractor in the bond path direction:
       Cartesian Coords.    Spherical Coords.
     -9.9994244588E-01      1.0000000000E+00
      1.0728115266E-02      1.5706846923E+00
      1.1163449975E-04      3.1308643325E+00

   Bond path linked to nuclear attractor O3      
     Attractor coordinates =  -4.2172653844E+00  4.3993720129E-02  3.4857252418E-03
     Euclidean distance from attractor to nucleus =   7.9960674960E-06
     Number of steps from BCP to attractor = 2146
     Step size =   1.0000000000E-03
     Path length from BCP to attractor =   2.1467046177E+00
     Euclidean distance from BCP to attractor =   2.1467018400E+00
     Euclidean distance from BCP to nucleus =   2.1466938449E+00
     Unit vector from attractor in the bond path direction:
       Cartesian Coords.    Spherical Coords.
      9.9995150076E-01     -8.6952438826E-03
     -8.6952438826E-03     -4.6248085069E-03
     -4.6248085069E-03      1.0000000000E+00

   Total bond path length =   4.2175012765E+00
   Distance between attractors =   4.2174973045E+00
   Distance between nuclei =   4.2174893094E+00
   Sum of distances between BCP and attractors =   4.2174984879E+00
   Sum of distances between BCP and nuclei =   4.2174904927E+00
   Total bond path length minus distance between attractors =   3.9720394911E-06
   Total bond path length minus distance between nuclei =   1.1967152073E-05
   Total bond path length minus sum of distances between BCP and attractors =   2.7886941831E-06
   Total bond path length minus sum of distances between BCP and nuclei =   1.0783850612E-05

 New critical point found: CP# 5     

 Number of Newton-Raphson Iterations:     1

 Coordinates of critical point and distance from molecular origin:
          X =  -2.1402949055E-02
          Y =  -1.8205236195E+00
          Z =  -1.6181000021E-02
          R =   1.8207213297E+00

 Vectors and distances from nuclei to critical point:
 Nucleus           X                 Y                 Z                Dist  
 Cu1       -2.1403963327E-02 -1.8205231855E+00 -1.6180927389E-02  1.8207209069E+00
 O2         2.3818302749E-02  2.0046591447E+00  1.9901285083E-02  2.0048994137E+00
 O3         4.1958544415E+00 -1.8645171793E+00 -1.9666621997E-02  4.5915145195E+00
 O4        -5.9295006642E-02 -1.8414409127E+00  3.8099575345E+00  4.2320440626E+00
 H5         5.2684948105E+00 -1.8753408385E+00 -1.4917789039E+00  5.7878618787E+00
 H6        -2.7912652085E-02 -3.3219799527E+00  4.8708426209E+00  5.8958831196E+00
 H7        -1.4457298859E+00  3.0825264496E+00  1.1386591101E-02  3.4047369752E+00
 H8         5.3073587554E+00 -1.8928522764E+00  1.4228214329E+00  5.8116578985E+00
 H9         9.9818863400E-03 -3.6486473843E-01  4.8746616239E+00  4.8883076686E+00
 H10        1.5207698845E+00  3.0439449848E+00 -2.7717489117E-03  3.4026974292E+00
 O11       -6.6622584141E-02 -5.6457056155E+00 -5.2267439772E-02  5.6463406159E+00
 O12       -4.2386600652E+00 -1.7765301932E+00 -1.2695262412E-02  4.5959177370E+00
 O13        1.6489211874E-02 -1.7996050406E+00 -3.8423191377E+00  4.2429077945E+00
 H14       -5.3113040030E+00 -1.7657411264E+00  1.4594151072E+00  5.7842617845E+00
 H15       -1.4807699408E-02 -3.1906244981E-01 -4.9032019629E+00  4.9135943670E+00
 H16        1.4029283728E+00 -6.7235702124E+00 -4.3775512292E-02  6.8685166314E+00
 H17       -5.3501605347E+00 -1.7481629117E+00 -1.4551853794E+00  5.8135923319E+00
 H18       -5.2866995225E-02 -3.2761759561E+00 -4.9070258507E+00  5.9004259603E+00
 H19       -1.5635713194E+00 -6.6849935707E+00 -2.9554539912E-02  6.8654765152E+00

 Angles of vectors with respect to YZ/XZ/XY planes:
 Nucleus        YZ Angle          XZ Angle          XY Angle
 Cu1        6.7357111531E-01  8.9155602842E+01  5.0919998156E-01
 O2         6.8069266538E-01  8.9112957233E+01  5.6874592336E-01
 O3         6.6039829274E+01  2.3958754440E+01  2.4541311552E-01
 O4         8.0279523097E-01  2.5792838189E+01  6.4192809821E+01
 H5         6.5542158899E+01  1.8905771330E+01  1.4936161502E+01
 H6         2.7125421269E-01  3.4294074075E+01  5.5704546550E+01
 H7         2.5126807660E+01  6.4872358894E+01  1.9161680742E-01
 H8         6.5955078723E+01  1.9007940642E+01  1.4171311912E+01
 H9         1.1699761862E-01  4.2805549370E+00  8.5717840489E+01
 H10        2.6546929593E+01  6.3453022863E+01  4.6671658407E-02
 O11        6.7606291044E-01  8.9140699299E+01  5.3038714442E-01
 O12        6.7259681717E+01  2.2739705131E+01  1.5826781998E-01
 O13        2.2266913914E-01  2.5096510680E+01  6.4902362874E+01
 H14        6.6669209337E+01  1.7774195571E+01  1.4614125620E+01
 H15        1.7266788856E-01  3.7230999938E+00  8.6272886927E+01
 H16        1.1785886750E+01  7.8208294772E+01  3.6516896083E-01
 H17        6.6967750253E+01  1.7499813802E+01  1.4495705291E+01
 H18        5.1336907743E-01  3.3727520719E+01  5.6267499211E+01
 H19        1.3164289912E+01  7.6833316323E+01  2.4664793896E-01

 The Hessian:
  -8.2523379708E-02  7.2752077978E-03  4.4215582085E-05
   7.2752077978E-03  5.3592983531E-01  5.1030035507E-03
   4.4215582085E-05  5.1030035507E-03 -6.8310999308E-02

 Eigenvalues of the Hessian: 
  -8.2608967689E-02 -6.8354071901E-02  5.3605849589E-01

 Ellipticity:  2.0854493948E-01

 Eigenvectors of the Hessian:
   9.9993011363E-01 -1.2078945420E-03  1.1760478171E-02
  -1.1770250566E-02 -8.4298634529E-03  9.9989519381E-01
   1.1086287220E-03  9.9996373854E-01  8.4434915417E-03

 The stress tensor:
  -5.5948966644E-02  7.6025741463E-04 -1.4341854530E-05
   7.6025741463E-04  8.6141705105E-03  5.5331339314E-04
  -1.4341854530E-05  5.5331339314E-04 -5.4395952342E-02

 Eigenvalues of the stress tensor:
  -5.5958196994E-02 -5.4400527226E-02  8.6279757449E-03

 Eigenvectors of the stress tensor:
   9.9983971219E-01 -1.3491652499E-02  1.1769674873E-02
  -1.1886566598E-02 -8.6168049571E-03  9.9989222430E-01
   1.3388781434E-02  9.9987185478E-01  8.7757932143E-03

 Minus divergence of the stress tensor: 
   1.6501728599E-04  1.4405993629E-02  1.3999778003E-04

 Values: 
 Rho(r)                   6.4573401468E-02
 |Grad(Rho(r))|           4.1677844185E-17
 Grad(Rho(r))x            3.2526065175E-19
 Grad(Rho(r))y            4.1633363423E-17
 Grad(Rho(r))z            1.8973538018E-18
 DelSq(Rho(r))            3.8509545629E-01
 G(r)                     9.9002306275E-02
 K(r)                     2.7284422009E-03
 L(r)                    -9.6273864074E-02
 Vnuc(r)                  3.0909441373E+01
 V(r)                    -1.0173074848E-01
 Ven(r)                  -1.9959277670E+00
 Vrep(r)                  1.8941970185E+00
 DelSq(V(r))             -1.4831994383E+00
 DelSq(Ven(r))           -1.1903085429E+01
 DelSq(Vrep(r))           1.0419885991E+01
 DelSq(G(r))              1.5302108044E+00
 DelSq(K(r))             -4.7011366126E-02

 Point is a Bond Critical Point (BCP)
 ------------------------------------
   Bond path linked to nuclear attractor Cu1     
     Attractor coordinates =   1.0142722736E-06 -4.3407263061E-07 -7.2632248339E-08
     Euclidean distance from attractor to nucleus =   1.2841943194E-14
     Number of steps from BCP to attractor = 1820
     Step size =   1.0000000000E-03
     Path length from BCP to attractor =   1.8207226133E+00
     Euclidean distance from BCP to attractor =   1.8207209069E+00
     Euclidean distance from BCP to nucleus =   1.8207209069E+00
     Unit vector from attractor in the bond path direction:
       Cartesian Coords.    Spherical Coords.
     -1.1748378887E-02      1.0000000000E+00
     -9.9986020196E-01      1.5826941753E+00
     -1.1897567823E-02      4.7006394996E+00

   Bond path linked to nuclear attractor O2      
     Attractor coordinates =  -4.5221336189E-02 -3.8251894084E+00 -3.6082093515E-02
     Euclidean distance from attractor to nucleus =   6.6475203463E-06
     Number of steps from BCP to attractor = 2004
     Step size =   1.0000000000E-03
     Path length from BCP to attractor =   2.0049089199E+00
     Euclidean distance from BCP to attractor =   2.0049060562E+00
     Euclidean distance from BCP to nucleus =   2.0048994137E+00
     Unit vector from attractor in the bond path direction:
       Cartesian Coords.    Spherical Coords.
      1.2201739908E-02      9.9982841314E-01
      9.9982841314E-01      1.3937783743E-02
      1.3937783743E-02      1.0000000000E+00

   Total bond path length =   3.8256315332E+00
   Distance between attractors =   3.8256264406E+00
   Distance between nuclei =   3.8256197979E+00
   Sum of distances between BCP and attractors =   3.8256269631E+00
   Sum of distances between BCP and nuclei =   3.8256203206E+00
   Total bond path length minus distance between attractors =   5.0926826085E-06
   Total bond path length minus distance between nuclei =   1.1735336361E-05
   Total bond path length minus sum of distances between BCP and attractors =   4.5701208489E-06
   Total bond path length minus sum of distances between BCP and nuclei =   1.1212648372E-05

 New critical point found: CP# 6     

 Number of Newton-Raphson Iterations:     1

 Coordinates of critical point and distance from molecular origin:
          X =  -4.5221336189E-02
          Y =  -3.8251894084E+00
          Z =  -3.6082093515E-02
          R =   3.8256268633E+00

 Vectors and distances from nuclei to critical point:
 Nucleus           X                 Y                 Z                Dist  
 Cu1       -4.5222350461E-02 -3.8251889743E+00 -3.6082020883E-02  3.8256264406E+00
 O2        -8.4384662001E-08 -6.6442230393E-06  1.9158858997E-07  6.6475203463E-06
 O3         4.1720360544E+00 -3.8691829682E+00 -3.9567715491E-02  5.6901693546E+00
 O4        -8.3113393776E-02 -3.8461067016E+00  3.7900564410E+00  5.4003678043E+00
 H5         5.2446764233E+00 -3.8800066274E+00 -1.5116799974E+00  6.6967349230E+00
 H6        -5.1731039219E-02 -5.3266457416E+00  4.8509415274E+00  7.2046835225E+00
 H7        -1.4695482730E+00  1.0778606607E+00 -8.5145023929E-03  1.8224785945E+00
 H8         5.2835403683E+00 -3.8975180653E+00  1.4029203394E+00  6.7137643220E+00
 H9        -1.3836500793E-02 -2.3695305273E+00  4.8547605304E+00  5.4021816127E+00
 H10        1.4969514973E+00  1.0392791959E+00 -2.2672842406E-02  1.8224925488E+00
 O11       -9.0440971274E-02 -7.6503714044E+00 -7.2168533266E-02  7.6512463358E+00
 O12       -4.2624784524E+00 -3.7811959821E+00 -3.2596355906E-02  5.6980021178E+00
 O13       -7.3291752598E-03 -3.8042708295E+00 -3.8622202312E+00  5.4211876352E+00
 H14       -5.3351223901E+00 -3.7704069153E+00  1.4395140137E+00  6.6896711294E+00
 H15       -3.8626086541E-02 -2.3237282387E+00 -4.9231030564E+00  5.4440930012E+00
 H16        1.3791099856E+00 -8.7282360013E+00 -6.3676605786E-02  8.8367472951E+00
 H17       -5.3739789219E+00 -3.7528287006E+00 -1.4750864729E+00  6.7185752070E+00
 H18       -7.6685382359E-02 -5.2808417450E+00 -4.9269269441E+00  7.2227265833E+00
