AIMSum (Version 16.05.18, Professional)
Copyright (c) 1997-2016 by Todd A. Keith
AIMSum is a component of the AIMAll package ( http://aim.tkgristmill.com )

TP:  64-bit Linux

Licensed To:  Research Group of Fernando Cortes Guzman, UNAM, fercor@unam.mx

Much of the Quantum Theory of Atoms in Molecules (QTAIM) is described in the book:
  "Atoms in Molecules - A Quantum Theory"
  R.F.W. Bader, Oxford University Press, Oxford, 1990

For additional references see:  http://aim.tkgristmill.com/references.html

Wfx File:  /home/lillian/David/max_int/Cu22_beta.wfx
Sum File:  /home/lillian/David/max_int/Cu22_beta.sum

SumViz File:  /home/lillian/David/max_int/Cu22_beta.sumviz

Wfx Title:   Cu[H2O]6 (2+)                                                                 
 
Total memory allocated for AIMSum =        1.200 Megabytes

Atomic units (a.u.) used throughout, except where stated otherwise

Model:  Unknown
 
Unrestricted, natural orbital wavefunction.
  Number of electrons (from MO Occs)                   =          43.0000000000
  Number of Alpha electrons (from MO Occs)             =           0.0000000000
  Number of Beta electrons (from MO Occs)              =          43.0000000000
  Number of electron pairs (N*(N-1)/2)                 =         903.0000000000
  Number of electron pairs (from Muller 2EDM)          =         903.0000000000
  Number of electron pairs (from Muller 2EDM, no SOSI) =         903.0000000000
 
Nuclear Charges and Cartesian Coordinates:
-------------------------------------------------------------------------------
Atom      Charge                X                  Y                  Z
-------------------------------------------------------------------------------
Cu1       29.0           1.0142722808E-06  -4.3407262567E-07  -7.2632238941E-08
O2         8.0          -4.5221251804E-02  -3.8251827642E+00  -3.6082285104E-02
O3         8.0          -4.2172573906E+00   4.3993559746E-02   3.4856219752E-03
O4         8.0           3.7892057587E-02   2.0917293180E-02  -3.8261385345E+00
H5         1.0          -5.2898977595E+00   5.4817218995E-02   1.4755979039E+00
H6         1.0           6.5097030301E-03   1.5014563331E+00  -4.8870236209E+00
H7         1.0           1.4243269369E+00  -4.9030500692E+00  -2.7567591122E-02
H8         1.0          -5.3287617045E+00   7.2328656860E-02  -1.4390024329E+00
H9         1.0          -3.1384835395E-02  -1.4556588811E+00  -4.8908426240E+00
H10        1.0          -1.5421728335E+00  -4.8644686044E+00  -1.3409251110E-02
O11        8.0           4.5219635086E-02   3.8251819960E+00   3.6086439751E-02
O12        8.0           4.2172571162E+00  -4.3993426320E-02  -3.4857376094E-03
O13        8.0          -3.7892160929E-02  -2.0918578883E-02   3.8261381377E+00
H14        1.0           5.2899010539E+00  -5.4782493169E-02  -1.4755961072E+00
H15        1.0          -6.5952496473E-03  -1.5014611697E+00   4.8870209629E+00
H16        1.0          -1.4243313218E+00   4.9030465929E+00   2.7594512271E-02
H17        1.0           5.3287575857E+00  -7.2360707787E-02   1.4390043794E+00
H18        1.0           3.1464046170E-02   1.4556523366E+00   4.8908448506E+00
H19        1.0           1.5421683704E+00   4.8644699511E+00   1.3373539890E-02
 
Some Atomic Properties:
----------------------
  q(A) = Net Charge of Atom A
  L(A) = Lagrangian of Atom A = -(1/4) Times Atomic Integral of the Laplacian of the Electron Density
  K(A) = Electronic Kinetic Energy of Atom A (Hamiltonian Form)
  K_Scaled(A) = K(A) * E(Mol)/K(Mol) = Approximation to Virial-Based Total Energy of Atom A.
  |Mu_Intra(A)| = Magnitude of Intraatomic Dipole Moment of Atom A
--------------------------------------------------------------------------------------------------
Atom A          q(A)              L(A)              K(A)          K_Scaled(A)      |Mu_Intra(A)|
--------------------------------------------------------------------------------------------------
Cu1       1.5719487143E+01 -1.5091594050E-03  8.1376743371E+02 -8.1493204107E+02  2.5606688398E-05
O2        3.3910592160E+00  4.5422017323E-05  3.7726917864E+01 -3.7780910005E+01  1.2274649663E-01
O3        3.3885713585E+00  3.8106756658E-06  3.7766994035E+01 -3.7821043531E+01  1.3442025373E-01
O4        3.3941097991E+00  1.8945206287E-05  3.7724280523E+01 -3.7778268889E+01  1.2140920845E-01
H5        8.1996487271E-01  9.2718071876E-06  1.6655393082E-01 -1.6679229122E-01  6.7545067096E-02
H6        8.3074714980E-01  9.6048413649E-06  1.5955045554E-01 -1.5977879306E-01  6.3275582242E-02
H7        8.3220141817E-01  1.1342269564E-05  1.5849927637E-01 -1.5872610951E-01  6.2740338753E-02
H8        8.1993889752E-01  9.9551697582E-06  1.6661399177E-01 -1.6685243812E-01  6.7533738110E-02
H9        8.3079524960E-01  9.7751110649E-06  1.5951064608E-01 -1.5973892662E-01  6.3263468067E-02
H10       8.3221806087E-01  9.8849477859E-06  1.5848473282E-01 -1.5871154515E-01  6.2737104730E-02
O11       3.3910575657E+00  4.6354286625E-05  3.7726919945E+01 -3.7780912089E+01  1.2274839504E-01
O12       3.3885713781E+00  5.6868669433E-06  3.7766995831E+01 -3.7821045329E+01  1.3442335091E-01
O13       3.3941064134E+00  1.8867170621E-05  3.7724283021E+01 -3.7778271391E+01  1.2141596053E-01
H14       8.1996604698E-01  1.0491544539E-05  1.6655406285E-01 -1.6679242345E-01  6.7544448402E-02
H15       8.3074850346E-01  1.0780091624E-05  1.5955040177E-01 -1.5977873921E-01  6.3275023573E-02
H16       8.3220143910E-01  1.0980436450E-05  1.5849892058E-01 -1.5872575321E-01  6.2740138269E-02
H17       8.1993824604E-01  9.7979092739E-06  1.6661433614E-01 -1.6685278300E-01  6.7533283104E-02
H18       8.3079670039E-01  1.0829649640E-05  1.5951044417E-01 -1.5973872442E-01  6.3263430002E-02
H19       8.3221981636E-01  1.1666119375E-05  1.5848510191E-01 -1.5871191477E-01  6.2736343532E-02
--------------------------------------------------------------------------------------------------
Total     4.5998699275E+01 -1.2456932839E-03  1.0421422512E+03 -1.0436336927E+03
 
Molecular charge q(Mol) from the wfx file:   4.6000000000E+01
Molecular energy E(Mol) from the wfx file:  -2.0985036585E+03
Molecular virial ratio (-V(Mol)/T(Mol)) from the wfx file:   2.0014311305E+00
Full molecular virial ratio ((-V(Mol)+W(Mol))/T(Mol)) from the wfx file:   2.0014306734E+00
Note.  K_Scaled(A) = (1+V(Mol)/T(Mol))*K(A) = (E(Mol)/T(Mol))*K(A)
       Only use K_Scaled(A) data with caution.
 
N_AIMInt(SumA)     =         43.001301
N_Analytic(Mol)    =         43.000000
 
G_AIMInt(SumA)     =       1042.143497
G_Analytic(Mol)    =       1042.142355
 
K_AIMInt(SumA)     =       1042.142251
K_Analytic(Mol)    =       1042.142355
 
L_AIMInt(SumA)     =         -0.001246
L_Analytic(Mol)    =          0.000000
 
VenT_AIMInt(SumA)  =      -3172.818339
VenT_Analytic(Mol) =      -3172.788454
 
Some Information About the Atomic Calculations:
----------------------------------------------
  Time(sec) = "Elapsed User Time", in Seconds, for Atom A by AIMInt and, if used, by TWOe
  NProc = Number of Processors Used for AIMInt Job
  BIM = Basin Integration Method
  OAQ = Angular Quadrature Outside of Beta Sphere
  ORQ = Multiple of Default for Radial Quadrature Outside of Beta Sphere
  IAQ = Multiple of Default for Angular Quadrature Inside of Beta Sphere
  IRQ = Multiple of Default for Radial Quadrature Inside of Beta Sphere
  MIR = Maximum Integration Radius
------------------------------------------------------------------------------------------------------
Atom A     Time(sec)   NProc      BIM              OAQ                 ORQ      IAQ      IRQ      MIR
------------------------------------------------------------------------------------------------------
Cu1          1360        8     Proaim(5)    5810      (Super High)     Auto     Auto     Auto    13.00
O2            771        8     Proaim(5)    4334      (Very High)      Auto     Auto     Auto    13.00
O3            746        8     Proaim(5)    4334      (Very High)      Auto     Auto     Auto    13.00
O4           1033        8     Proaim(5)    4334      (Very High)      Auto     Auto     Auto    13.00
H5            229        8     Proaim(5)    2030      (Very High)      Auto     Auto     Auto    13.00
H6            214        8     Proaim(5)    2030      (Very High)      Auto     Auto     Auto    13.00
H7            174        8     Proaim(5)    2030      (Very High)      Auto     Auto     Auto    13.00
H8            378        8     Proaim(5)    2030      (Very High)      Auto     Auto     Auto    13.00
H9            298        8     Proaim(5)    2030      (Very High)      Auto     Auto     Auto    13.00
H10           251        8     Proaim(5)    2030      (Very High)      Auto     Auto     Auto    13.00
O11          1045        8     Proaim(5)    4334      (Very High)      Auto     Auto     Auto    13.00
O12           917        8     Proaim(5)    4334      (Very High)      Auto     Auto     Auto    13.00
O13          1041        8     Proaim(5)    4334      (Very High)      Auto     Auto     Auto    13.00
H14           416        8     Proaim(5)    2030      (Very High)      Auto     Auto     Auto    13.00
H15           306        8     Proaim(5)    2030      (Very High)      Auto     Auto     Auto    13.00
H16           466        8     Proaim(5)    2030      (Very High)      Auto     Auto     Auto    13.00
H17           216        8     Proaim(5)    2030      (Very High)      Auto     Auto     Auto    13.00
H18           172        8     Proaim(5)    2030      (Very High)      Auto     Auto     Auto    13.00
H19           179        8     Proaim(5)    2030      (Very High)      Auto     Auto     Auto    13.00
------------------------------------------------------------------------------------------------------
Total       10212
Note:  Total wall clock time is less than total of atomic times if more than one atom
       was calculated at a time
Note:  Total time does not include times for diatomic interaction energy calculations (4432 seconds)
 
Electron Density Critical Point Analysis of Molecular Structure:               
---------------------------------------------------------------                
  NACP = Nuclear Attractor Critical Point                                      
  NNACP = Non-Nuclear Attractor Critical Point                                 
  BCP = Bond Critical Point                                                    
  RCP = Ring Critical Point                                                    
  CCP = Cage Critical Point                                                    
  Rho = Electron Density                                                       
  GradRho = Gradient of Electron Density                                       
  HessRho_EigVals = Eigenvalues of the Hessian of Rho, Ascending Order         
  HessRho_EigVecs = Eigenvectors of the Hessian of Rho                         
  DelSqRho = Laplacian of Rho = Trace of Hessian of Rho                        
  Bond Ellipticity = (HessRho_EigVal(1) / HessRho_EigVal(2)) - 1               
  V = Virial Field = Potential Energy Density = Trace of Stress Tensor         
  G = Lagrangian Form of Kinetic Energy Density                                
  K = Hamiltonian Form of Kinetic Energy Density                               
  L = K - G = Lagrangian Density = (-1/4)DelSqRho                              
  Vnuc = Electrostatic Potential from Nuclei                                   
  Ven = Electron-nuclear attractive contribution to Virial Field V             
  Vrep = V - Ven = Repulsive contribution to Virial Field V                    
  DelSqV = Laplacian of V                                                      
  DelSqVen = Laplacian of Ven                                                  
  DelSqVrep = Laplacian of Vrep                                                
  DelSqG = Laplacian of G                                                      
  DelSqK = Laplacian of K                                                      
  Stress_EigVals = Eigenvalues of Stress Tensor, Ascending Order               
  Stress_EigVecs = Eigenvectors of Stress Tensor                               
  -DivStress = Ehrenfest Force Density = Minus Divergence of Stress Tensor     
  ESP = Total Electrostatic Potential                                          
  ESPe = Electrostatic Potential from Electrons                                
  ESPn = Electrostatic Potential from Nuclei                                   
  BP = Bond Path                                                               
  BPL = Bond Path Length                                                       
  GBL = Geometric Bond Length                                                  
  GBL_I = Distance Between Nuclear Attractors                                  
  GBL_II = Distance Between Nuclei                                             
  GBL_III = Sum of Distances Between BCP and Nuclear Attractors                
  GBL_IV = Sum of Distances Between BCP and Nuclei                             

CP# 1      Coords =  1.01427227477380E-06 -4.34072630517625E-07 -7.26322483950838E-08
           Type = (3,-3) NACP Cu1
           Rho =  8.1203845272E+03     Rho at Nucleus =  8.1203845272E+03
           GradRho = -5.6103743951E-15 -9.6208509367E-15  1.1424818509E-15
           HessRho_EigVals = -5.2751382430E+08 -5.2751355954E+08 -5.2751355560E+08
           HessRho_EigVec1 =  9.9990500389E-01 -1.1781099841E-02  7.1546401172E-03
           HessRho_EigVec2 =  1.2375501995E-02  9.9589411628E-01 -8.9675838999E-02
           HessRho_EigVec3 = -6.0687839842E-03  8.9755862407E-02  9.9594530725E-01
           DelSqRho = -1.5825409394E+09
           Bond Ellipticity = NA
           V = -3.9597033334E+08
           G =  1.6754924254E+05
           K =  3.9580278410E+08
           L =  3.9563523486E+08
           Vnuc =  2.9000000145E+09
           Ven = -2.3549115246E+13
           Vrep =  2.3548719276E+13
           DelSqV =  9.6776881032E+14
           DelSqVen =  7.0647345387E+29
           DelSqVrep = -7.0647345387E+29
           DelSqG =  2.5739206855E+13
           DelSqK = -9.9350801718E+14
           Stress_EigVals = -1.3199012384E+08 -1.3199012258E+08 -1.3199008693E+08
           Stress_EigVec1 = -3.9205932519E-03 -5.9903743131E-03  9.9997437185E-01
           Stress_EigVec2 =  1.1528091357E-02  9.9991533604E-01  6.0352187729E-03
           Stress_EigVec3 =  9.9992586328E-01 -1.1551457551E-02  3.8512037366E-03
           -DivStress =  1.9171049647E+00  1.5451602908E+00  3.0123061923E+00
           ESP =  -5.9499002212E+01     ESP at Nucleus =  -5.9499002212E+01
           ESPe = -7.3949780367E+01     ESPe at Nucleus = -7.3949780367E+01
           ESPn =  1.4450778155E+01     ESPn at Nucleus =  1.4450778155E+01

CP# 2      Coords = -4.52213276851003E-02 -3.82518872996083E+00 -3.60820800087856E-02
           Type = (3,-3) NACP O2
           Rho =  1.4767724185E+02     Rho at Nucleus =  1.4767723454E+02
           GradRho =  8.9474261333E-13 -1.5965451183E-11  1.1958212198E-12
           HessRho_EigVals = -4.1076176302E+05 -4.1075662743E+05 -4.1074375714E+05
           HessRho_EigVec1 =  9.9990030152E-01 -1.3284775120E-02 -4.7855790376E-03
           HessRho_EigVec2 =  1.3259117339E-02  9.9989776060E-01 -5.3538907364E-03
           HessRho_EigVec3 =  4.8562149974E-03  5.2899044077E-03  9.9997421671E-01
           DelSqRho = -1.2322621476E+06
           Bond Ellipticity = NA
           V = -3.0813490687E+05
           G =  3.4684985823E+01
           K =  3.0810022188E+05
           L =  3.0806553690E+05
           Vnuc =  1.3401024203E+06
           Ven = -1.9790262923E+08
           Vrep =  1.9759449432E+08
           DelSqV =  1.9599179296E+10
           DelSqVen =  1.6513574892E+12
           DelSqVrep = -1.6317583099E+12
           DelSqG =  8.5705622563E+08
           DelSqK = -2.0456235521E+10
           Stress_EigVals = -1.0271402737E+05 -1.0271094202E+05 -1.0270993748E+05
           Stress_EigVec1 =  4.8475048681E-03  6.0128226861E-03  9.9997017339E-01
           Stress_EigVec2 =  1.3275259368E-02  9.9989341483E-01 -6.0767149406E-03
           Stress_EigVec3 =  9.9990012961E-01 -1.3304320318E-02 -4.7671664153E-03
           -DivStress =  4.8416888795E+02  3.8064673830E+04 -1.3084863257E+03
           ESP =  -2.3772119107E+00     ESP at Nucleus =  -2.3772039626E+00
           ESPe = -1.9336675308E+01     ESPe at Nucleus = -1.9336682985E+01
           ESPn =  1.6959463398E+01     ESPn at Nucleus =  1.6959479023E+01

CP# 3      Coords = -4.21726542294610E+00  4.39937205103881E-02  3.48572565752549E-03
           Type = (3,-3) NACP O3
           Rho =  1.4778295571E+02     Rho at Nucleus =  1.4778294244E+02
           GradRho = -2.0552448632E-11 -1.0050849042E-12  1.5536183451E-14
           HessRho_EigVals = -4.1106088608E+05 -4.1105381310E+05 -4.1104309808E+05
           HessRho_EigVec1 =  1.3344450341E-02 -6.0618755841E-03  9.9989258389E-01
           HessRho_EigVec2 =  9.9976882551E-01 -1.6779164002E-02 -1.3444522808E-02
           HessRho_EigVec3 =  1.6858860674E-02  9.9984084399E-01  5.8365655123E-03
           DelSqRho = -1.2331577973E+06
           Bond Ellipticity = NA
           V = -3.0835899173E+05
           G =  3.4771205551E+01
           K =  3.0832422052E+05
           L =  3.0828944932E+05
           Vnuc =  9.9570455118E+05
           Ven = -1.4714816159E+08
           Vrep =  1.4683980260E+08
           DelSqV =  1.9613362005E+10
           DelSqVen =  1.2278608325E+12
           DelSqVrep = -1.2082474710E+12
           DelSqG =  8.5768915585E+08
           DelSqK = -2.0471051161E+10
           Stress_EigVals = -1.0278857538E+05 -1.0278590458E+05 -1.0278451177E+05
           Stress_EigVec1 =  1.7051948288E-02  9.9983757128E-01  5.8362763510E-03
           Stress_EigVec2 =  9.9976827180E-01 -1.6973480216E-02 -1.3240229046E-02
           Stress_EigVec3 =  1.3139016531E-02 -6.0606956222E-03  9.9989531163E-01
           -DivStress =  5.1285965234E+04 -1.0264437284E+03 -6.6204649407E+02
           ESP =  -2.9159271624E+00     ESP at Nucleus =  -2.9159180377E+00
           ESPe = -1.8893397167E+01     ESPe at Nucleus = -1.8893406114E+01
           ESPn =  1.5977470004E+01     ESPn at Nucleus =  1.5977488076E+01

CP# 4      Coords =  3.78914991652406E-02  2.09173107902789E-02 -3.82614455483997E+00
           Type = (3,-3) NACP O4
           Rho =  1.4768086118E+02     Rho at Nucleus =  1.4768085367E+02
           GradRho =  1.0646535736E-12  6.0371152522E-13 -8.1118223250E-11
           HessRho_EigVals = -4.1077183929E+05 -4.1076678066E+05 -4.1075377865E+05
           HessRho_EigVec1 =  1.2813021755E-02  9.9991763509E-01  7.4129096588E-04
           HessRho_EigVec2 =  2.5388864678E-02 -1.0664475030E-03  9.9967708198E-01
           HessRho_EigVec3 =  9.9959553422E-01 -1.2790063663E-02 -2.5400437942E-02
           DelSqRho = -1.2322923986E+06
           Bond Ellipticity = NA
           V = -3.0814241685E+05
           G =  3.4658600954E+01
           K =  3.0810775825E+05
           L =  3.0807309965E+05
           Vnuc =  1.3231621475E+06
           Ven = -1.9540572543E+08
           Vrep =  1.9509758301E+08
           DelSqV =  1.9599655756E+10
           DelSqVen =  1.6305226568E+12
           DelSqVrep = -1.6109230010E+12
           DelSqG =  8.5707715921E+08
           DelSqK = -2.0456732916E+10
           Stress_EigVals = -1.0271654669E+05 -1.0271342796E+05 -1.0271244221E+05
           Stress_EigVec1 =  9.9955176957E-01 -1.2774274331E-02 -2.7075410566E-02
           Stress_EigVec2 =  2.7063380756E-02 -1.1136798628E-03  9.9963309926E-01
           Stress_EigVec3 =  1.2799740779E-02  9.9991778544E-01  7.6746562747E-04
           -DivStress =  3.5628076367E+03 -1.1235587341E+02  3.8413379337E+04
           ESP =  -2.3809974171E+00     ESP at Nucleus =  -2.3809894141E+00
           ESPe = -1.9334370237E+01     ESPe at Nucleus = -1.9334377968E+01
           ESPn =  1.6953372820E+01     ESPn at Nucleus =  1.6953388554E+01

CP# 5      Coords = -5.25990458734150E+00  5.45264137843251E-02  1.43307308036117E+00
           Type = (3,-3) NACP H5
           Rho =  2.0424856133E-01     Rho at Nucleus =  1.9947141649E-01
           GradRho = -3.4174052477E-16 -1.6534083130E-17 -1.0135121908E-15
           HessRho_EigVals = -4.0217121161E+00 -4.0102803139E+00 -3.1526380751E+00
           HessRho_EigVec1 =  8.1494406821E-01 -1.7301368714E-02  5.7928130329E-01
           HessRho_EigVec2 =  1.7383947318E-02  9.9983427339E-01  5.4059343012E-03
           HessRho_EigVec3 = -5.7927883102E-01  5.6646615669E-03  8.1510977637E-01
           DelSqRho = -1.1184630505E+01
           Bond Ellipticity = NA
           V = -2.8266960185E+00
           G =  1.5269196132E-02
           K =  2.8114268224E+00
           L =  2.7961576263E+00
           Vnuc =  3.6392599006E+01
           Ven = -7.4331359902E+00
           Vrep =  4.6064399717E+00
           DelSqV =  6.8044104166E+02
           DelSqVen =  4.0703777301E+02
           DelSqVrep =  2.7340326865E+02
           DelSqG =  5.2183741061E+01
           DelSqK = -7.3262478272E+02
           Stress_EigVals = -1.0183317929E+00 -1.0156383722E+00 -7.9272585352E-01
           Stress_EigVec1 =  1.7312190506E-02  9.9983566010E-01  5.3796696845E-03
           Stress_EigVec2 =  8.1762572216E-01 -1.7253682013E-02  5.7549151942E-01
           Stress_EigVec3 = -5.7548976231E-01  5.5644625077E-03  8.1779005266E-01
           -DivStress = -7.0020480857E+00  6.7774730619E-02  9.9339402333E+00
           ESP =   8.3389315770E+00     ESP at Nucleus =   8.2354488558E+00
           ESPe = -8.8372325572E+00     ESPe at Nucleus = -8.7385721915E+00
           ESPn =  1.7176164134E+01     ESPn at Nucleus =  1.6974021047E+01

CP# 6      Coords =  7.32965027844068E-03  1.45787259842509E+00 -4.85646882041165E+00
           Type = (3,-3) NACP H6
           Rho =  2.0159579694E-01     Rho at Nucleus =  1.9668469157E-01
           GradRho =  2.4502969098E-16 -1.3128387266E-14  7.4072692424E-15
           HessRho_EigVals = -3.9668659485E+00 -3.9540370265E+00 -3.0792557401E+00
           HessRho_EigVec1 =  3.0796063351E-02  5.7649332766E-01  8.1652130753E-01
           HessRho_EigVec2 =  9.9940140683E-01 -4.8779776991E-03 -3.4249574609E-02
           HessRho_EigVec3 = -1.5761678508E-02  8.1708729552E-01 -5.7629846520E-01
           DelSqRho = -1.1000158715E+01
           Bond Ellipticity = NA
           V = -2.7793986413E+00
           G =  1.4679481257E-02
           K =  2.7647191600E+00
           L =  2.7500396788E+00
           Vnuc =  3.6616896118E+01
           Ven = -7.3818123543E+00
           Vrep =  4.6024137130E+00
           DelSqV =  6.6621827848E+02
           DelSqVen =  4.0279166896E+02
           DelSqVrep =  2.6342660952E+02
           DelSqG =  5.1176202243E+01
           DelSqK = -7.1739448072E+02
           Stress_EigVals = -1.0041415467E+00 -1.0012255322E+00 -7.7403156244E-01
           Stress_EigVec1 =  9.9934504767E-01 -6.2351735757E-03 -3.5645452943E-02
           Stress_EigVec2 =  3.2769314651E-02  5.7379875609E-01  8.1834049119E-01
           Stress_EigVec3 = -1.5350821552E-02  8.1897259424E-01 -5.7362726762E-01
           -DivStress = -1.8740669861E-01  1.0009936743E+01 -7.0160333091E+00
           ESP =   8.6946326278E+00     ESP at Nucleus =   8.5844865376E+00
           ESPe = -9.1371151134E+00     ESPe at Nucleus = -9.0325093679E+00
           ESPn =  1.7831747741E+01     ESPn at Nucleus =  1.7616995905E+01

CP# 7      Coords =  1.38092758318901E+00 -4.87200001535742E+00 -2.77767755053055E-02
           Type = (3,-3) NACP H7
           Rho =  2.0098201442E-01     Rho at Nucleus =  1.9606479491E-01
           GradRho = -9.1263802071E-15  5.5250942710E-15 -5.1174342541E-17
           HessRho_EigVals = -3.9539878979E+00 -3.9411319870E+00 -3.0661362680E+00
           HessRho_EigVec1 =  5.8450689386E-01  8.1135018219E-01 -7.9103025853E-03
           HessRho_EigVec2 =  1.3217775310E-03  8.7969432589E-03  9.9996043256E-01
           HessRho_EigVec3 =  8.1138766563E-01 -5.8449422208E-01  4.0694495391E-03
           DelSqRho = -1.0961256153E+01
           Bond Ellipticity = NA
           V = -2.7695645355E+00
           G =  1.4625248625E-02
           K =  2.7549392869E+00
           L =  2.7403140382E+00
           Vnuc =  3.6587415230E+01
           Ven = -7.3534124155E+00
           Vrep =  4.5838478801E+00
           DelSqV =  6.6354340604E+02
           DelSqVen =  4.0104403031E+02
           DelSqVrep =  2.6249937573E+02
           DelSqG =  5.0974975898E+01
           DelSqK = -7.1451838194E+02
           Stress_EigVals = -1.0008645990E+00 -9.9799607461E-01 -7.7070386183E-01
           Stress_EigVec1 =  2.3068607241E-03  9.9349088628E-03  9.9994798664E-01
           Stress_EigVec2 =  5.8179708894E-01  8.1327938885E-01 -9.4224715566E-03
           Stress_EigVec3 =  8.1333069885E-01 -5.8178856405E-01  3.9039787754E-03
           -DivStress =  9.9327895606E+00 -7.1045671404E+00  4.7467901563E-02
           ESP =   8.7036364200E+00     ESP at Nucleus =   8.5935103874E+00
           ESPe = -9.1443465813E+00     ESPe at Nucleus = -9.0397681496E+00
           ESPn =  1.7847983001E+01     ESPn at Nucleus =  1.7633278537E+01

CP# 8      Coords = -5.29762868469445E+00  7.15319669889533E-02 -1.39731599515054E+00
           Type = (3,-3) NACP H8
           Rho =  2.0431823504E-01     Rho at Nucleus =  1.9953959730E-01
           GradRho =  3.3202535339E-09 -8.4935976872E-11  4.4321951246E-09
           HessRho_EigVals = -4.0234929183E+00 -4.0120764094E+00 -3.1541091442E+00
           HessRho_EigVec1 =  7.9900469877E-01 -1.0187326002E-02 -6.0123847992E-01
           HessRho_EigVec2 =  1.7380887205E-02  9.9982998369E-01  6.1569854208E-03
           HessRho_EigVec3 =  6.0107353635E-01 -1.5369518484E-02  7.9904591971E-01
           DelSqRho = -1.1189678472E+01
           Bond Ellipticity = NA
           V = -2.8279805916E+00
           G =  1.5280486797E-02
           K =  2.8127001048E+00
           L =  2.7974196180E+00
           Vnuc =  3.6332891552E+01
           Ven = -7.4234722760E+00
           Vrep =  4.5954916844E+00
           DelSqV =  6.8076512927E+02
           DelSqVen =  4.0655337847E+02
           DelSqVrep =  2.7421175080E+02
           DelSqG =  5.2212627451E+01
           DelSqK = -7.3297775673E+02
           Stress_EigVals = -1.0187869256E+00 -1.0160930328E+00 -7.9310063319E-01
           Stress_EigVec1 =  1.7505451905E-02  9.9982853359E-01  6.0384243833E-03
           Stress_EigVec2 =  8.0177872563E-01 -1.0429147411E-02 -5.9753000595E-01
           Stress_EigVec3 =  5.9736457401E-01 -1.5301512988E-02  8.0182381445E-01
           -DivStress = -7.2713775468E+00  1.8603447969E-01 -9.7426753262E+00
           ESP =   8.3079987906E+00     ESP at Nucleus =   8.2040735449E+00
           ESPe = -8.8071207288E+00     ESPe at Nucleus = -8.7080307263E+00
           ESPn =  1.7115119519E+01     ESPn at Nucleus =  1.6912104271E+01

CP# 9      Coords = -2.94487583343930E-02 -1.41217336240203E+00 -4.86018599883547E+00
           Type = (3,-3) NACP H9
           Rho =  2.0157601083E-01     Rho at Nucleus =  1.9666440724E-01
           GradRho =  4.5699121570E-16  1.0122111482E-14  7.6804881899E-15
           HessRho_EigVals = -3.9663172034E+00 -3.9534777969E+00 -3.0786392555E+00
           HessRho_EigVec1 =  1.6062819884E-02 -5.7900506587E-01  8.1516570065E-01
           HessRho_EigVec2 =  9.9919798040E-01 -2.0612149940E-02 -3.4329801167E-02
           HessRho_EigVec3 =  3.6679446434E-02  8.1506335519E-01  5.7820960321E-01
           DelSqRho = -1.0998434256E+01
           Bond Ellipticity = NA
           V = -2.7789549824E+00
           G =  1.4673209206E-02
           K =  2.7642817732E+00
           L =  2.7496085639E+00
           Vnuc =  3.6638049412E+01
           Ven = -7.3853518449E+00
           Vrep =  4.6063968625E+00
           DelSqV =  6.6609152030E+02
           DelSqVen =  4.0296117771E+02
           DelSqVrep =  2.6313034258E+02
           DelSqG =  5.1165523184E+01
           DelSqK = -7.1725704348E+02
           Stress_EigVals = -1.0039969665E+00 -1.0010813093E+00 -7.7387670656E-01
           Stress_EigVec1 =  9.9917662459E-01 -1.9270166828E-02 -3.5703410896E-02
           Stress_EigVec2 =  1.8078080168E-02 -5.7635533397E-01  8.1699921176E-01
           Stress_EigVec3 =  3.6321562420E-02  8.1697196382E-01  5.7553240954E-01
           -DivStress = -4.4369088046E-01 -9.9857904582E+00 -7.0383734693E+00
           ESP =   8.7065626976E+00     ESP at Nucleus =   8.5965729751E+00
           ESPe = -9.1488479373E+00     ESPe at Nucleus = -9.0443981173E+00
           ESPn =  1.7855410635E+01     ESPn at Nucleus =  1.7640971092E+01

CP# 10     Coords = -1.49797870939319E+00 -4.83455916813819E+00 -1.40353600777050E-02
           Type = (3,-3) NACP H10
           Rho =  2.0097818487E-01     Rho at Nucleus =  1.9606043228E-01
           GradRho =  3.9371284011E-14  2.8255392817E-14 -5.5912306035E-16
           HessRho_EigVals = -3.9538651146E+00 -3.9410047210E+00 -3.0659425712E+00
           HessRho_EigVec1 = -5.6321192037E-01  8.2630676773E-01 -3.0754420430E-03
           HessRho_EigVec2 =  8.0763136246E-03  9.2264607224E-03  9.9992481996E-01
           HessRho_EigVec3 =  8.2627302141E-01  5.6314473985E-01 -1.1869965268E-02
           DelSqRho = -1.0960812407E+01
           Bond Ellipticity = NA
           V = -2.7694501958E+00
           G =  1.4623547065E-02
           K =  2.7548266488E+00
           L =  2.7402031017E+00
           Vnuc =  3.6593180593E+01
           Ven = -7.3544310141E+00
           Vrep =  4.5849808183E+00
           DelSqV =  6.6350471854E+02
           DelSqVen =  4.0109098785E+02
           DelSqVrep =  2.6241373069E+02
           DelSqG =  5.0972007231E+01
           DelSqK = -7.1447672577E+02
           Stress_EigVals = -1.0008318044E+00 -9.9796328352E-01 -7.7065510788E-01
           Stress_EigVec1 =  7.6594125613E-03  9.6087482637E-03  9.9992449983E-01
           Stress_EigVec2 = -5.6045638973E-01  8.2817582747E-01 -3.6652430592E-03
           Stress_EigVec3 =  8.2814851845E-01  5.6038600157E-01 -1.1728624698E-02
           -DivStress = -1.0114202761E+01 -6.8432315547E+00  1.4291220092E-01
           ESP =   8.7072561807E+00     ESP at Nucleus =   8.5971760792E+00
           ESPe = -9.1479183732E+00     ESPe at Nucleus = -9.0433860481E+00
           ESPn =  1.7855174554E+01     ESPn at Nucleus =  1.7640562127E+01

CP# 11     Coords =  4.52197109487990E-02  3.82518796172875E+00  3.60862345607013E-02
           Type = (3,-3) NACP O11
           Rho =  1.4767724182E+02     Rho at Nucleus =  1.4767723450E+02
           GradRho = -2.7306629180E-13  5.0162984877E-11  7.4390493765E-13
           HessRho_EigVals = -4.1076176295E+05 -4.1075662735E+05 -4.1074375707E+05
           HessRho_EigVec1 =  9.9990021105E-01 -1.3283919682E-02 -4.8068094193E-03
           HessRho_EigVec2 =  1.3258127842E-02  9.9989774983E-01 -5.3583509453E-03
           HessRho_EigVec3 =  4.8774978258E-03  5.2940869473E-03  9.9997409099E-01
           DelSqRho = -1.2322621474E+06
           Bond Ellipticity = NA
           V = -3.0813490681E+05
           G =  3.4684985810E+01
           K =  3.0810022183E+05
           L =  3.0806553684E+05
           Vnuc =  1.3401022072E+06
           Ven = -1.9790259772E+08
           Vrep =  1.9759446281E+08
           DelSqV =  1.9599179292E+10
           DelSqVen =  1.6513572229E+12
           DelSqVrep = -1.6317580416E+12
           DelSqG =  8.5705622551E+08
           DelSqK = -2.0456235518E+10
           Stress_EigVals = -1.0271402735E+05 -1.0271094200E+05 -1.0270993747E+05
           Stress_EigVec1 =  4.8687796980E-03  6.0172914363E-03  9.9997004315E-01
           Stress_EigVec2 =  1.3274792684E-02  9.9989339215E-01 -6.0814641685E-03
           Stress_EigVec3 =  9.9990003243E-01 -1.3304004322E-02 -4.7883823515E-03
           -DivStress = -4.8405464032E+02 -3.8064660514E+04  1.3090915528E+03
           ESP =  -2.3772121223E+00     ESP at Nucleus =  -2.3772041742E+00
           ESPe = -1.9336675179E+01     ESPe at Nucleus = -1.9336682856E+01
           ESPn =  1.6959463057E+01     ESPn at Nucleus =  1.6959478682E+01

CP# 12     Coords =  4.21726514852036E+00 -4.39935870745631E-02 -3.48584127533297E-03
           Type = (3,-3) NACP O12
           Rho =  1.4778295543E+02     Rho at Nucleus =  1.4778294216E+02
           GradRho = -1.6517098800E-10 -7.1145173086E-13 -4.6344872384E-14
           HessRho_EigVals = -4.1106088528E+05 -4.1105381230E+05 -4.1104309727E+05
           HessRho_EigVec1 =  1.3341523403E-02 -6.0849909601E-03  9.9989248254E-01
           HessRho_EigVec2 =  9.9976887739E-01 -1.6778110422E-02 -1.3441979773E-02
           HessRho_EigVec3 =  1.6858100808E-02  9.9984072126E-01  5.8597390282E-03
           DelSqRho = -1.2331577948E+06
           Bond Ellipticity = NA
           V = -3.0835899112E+05
           G =  3.4771206170E+01
           K =  3.0832421992E+05
           L =  3.0828944871E+05
           Vnuc =  9.9570518816E+05
           Ven = -1.4714825544E+08
           Vrep =  1.4683989645E+08
           DelSqV =  1.9613361967E+10
           DelSqVen =  1.2278616169E+12
           DelSqVrep = -1.2082482544E+12
           DelSqG =  8.5768915413E+08
           DelSqK = -2.0471051121E+10
           Stress_EigVals = -1.0278857518E+05 -1.0278590437E+05 -1.0278451157E+05
           Stress_EigVec1 =  1.7051173368E-02  9.9983744916E-01  5.8594154409E-03
           Stress_EigVec2 =  9.9976832513E-01 -1.6972417531E-02 -1.3237564381E-02
           Stress_EigVec3 =  1.3135964159E-02 -6.0837739668E-03  9.9989521158E-01
           -DivStress = -5.1285934932E+04  1.0263806086E+03  6.6194190433E+02
           ESP =  -2.9159256625E+00     ESP at Nucleus =  -2.9159165378E+00
           ESPe = -1.8893398502E+01     ESPe at Nucleus = -1.8893407449E+01
           ESPn =  1.5977472839E+01     ESPn at Nucleus =  1.5977490912E+01

CP# 13     Coords = -3.78916025346507E-02 -2.09185965316426E-02  3.82614415805920E+00
           Type = (3,-3) NACP O13
           Rho =  1.4768086122E+02     Rho at Nucleus =  1.4768085371E+02
           GradRho =  1.2590622989E-12 -6.1728400169E-13  2.3960611273E-11
           HessRho_EigVals = -4.1077183939E+05 -4.1076678076E+05 -4.1075377875E+05
           HessRho_EigVec1 =  1.2869646963E-02  9.9991690642E-01  7.4325969039E-04
           HessRho_EigVec2 =  2.5386791520E-02 -1.0698276551E-03  9.9967713102E-01
           HessRho_EigVec3 =  9.9959485943E-01 -1.2846622775E-02 -2.5398450345E-02
           DelSqRho = -1.2322923989E+06
           Bond Ellipticity = NA
           V = -3.0814241692E+05
           G =  3.4658599976E+01
           K =  3.0810775832E+05
           L =  3.0807309972E+05
           Vnuc =  1.3231624166E+06
           Ven = -1.9540576521E+08
           Vrep =  1.9509762280E+08
           DelSqV =  1.9599655761E+10
           DelSqVen =  1.6305229926E+12
           DelSqVrep = -1.6109233369E+12
           DelSqG =  8.5707715940E+08
           DelSqK = -2.0456732920E+10
           Stress_EigVals = -1.0271654671E+05 -1.0271342798E+05 -1.0271244223E+05
           Stress_EigVec1 =  9.9955110100E-01 -1.2830808033E-02 -2.7073360528E-02
           Stress_EigVec2 =  2.7061241463E-02 -1.1172370621E-03  9.9963315321E-01
           Stress_EigVec3 =  1.2856348454E-02  9.9991705763E-01  7.6951794115E-04
           -DivStress = -3.5626306452E+03  1.1260584928E+02 -3.8413387143E+04
           ESP =  -2.3809963477E+00     ESP at Nucleus =  -2.3809883447E+00
           ESPe = -1.9334371333E+01     ESPe at Nucleus = -1.9334379065E+01
           ESPn =  1.6953374986E+01     ESPn at Nucleus =  1.6953390720E+01

CP# 14     Coords =  5.25990779144156E+00 -5.44926859275204E-02 -1.43307135455211E+00
           Type = (3,-3) NACP H14
           Rho =  2.0424846373E-01     Rho at Nucleus =  1.9947132271E-01
           GradRho = -1.2550724349E-15  1.3389896830E-17  5.7744607707E-16
           HessRho_EigVals = -4.0217104836E+00 -4.0102786905E+00 -3.1526371187E+00
           HessRho_EigVec1 =  8.1494276145E-01 -1.7314096867E-02  5.7928276136E-01
           HessRho_EigVec2 =  1.7383217137E-02  9.9983416137E-01  5.4289524121E-03
           HessRho_EigVec3 = -5.7928069131E-01  5.6455125539E-03  8.1510858716E-01
           DelSqRho = -1.1184626293E+01
           Bond Ellipticity = NA
           V = -2.8266949275E+00
           G =  1.5269177142E-02
           K =  2.8114257503E+00
           L =  2.7961565732E+00
           Vnuc =  3.6392598605E+01
           Ven = -7.4331323563E+00
           Vrep =  4.6064374289E+00
           DelSqV =  6.8044082048E+02
           DelSqVen =  4.0703761522E+02
           DelSqVrep =  2.7340320526E+02
           DelSqG =  5.2183725687E+01
           DelSqK = -7.3262454617E+02
           Stress_EigVals = -1.0183313683E+00 -1.0156379499E+00 -7.9272560935E-01
           Stress_EigVec1 =  1.7311290457E-02  9.9983555223E-01  5.4025652820E-03
           Stress_EigVec2 =  8.1762442829E-01 -1.7266111757E-02  5.7549298488E-01
           Stress_EigVec3 = -5.7549162764E-01  5.5452568674E-03  8.1778887045E-01
           -DivStress =  7.0020666009E+00 -6.7541553767E-02 -9.9339200479E+00
           ESP =   8.3389292916E+00     ESP at Nucleus =   8.2354465803E+00
           ESPe = -8.8372302014E+00     ESPe at Nucleus = -8.7385698329E+00
           ESPn =  1.7176159493E+01     ESPn at Nucleus =  1.6974016413E+01

CP# 15     Coords = -7.41268841636584E-03 -1.45787734138900E+00  4.85646623518073E+00
           Type = (3,-3) NACP H15
           Rho =  2.0159577121E-01     Rho at Nucleus =  1.9668466714E-01
           GradRho = -2.4253602599E-16  1.2698175844E-14 -8.2425385961E-15
           HessRho_EigVals = -3.9668654117E+00 -3.9540364890E+00 -3.0792554137E+00
           HessRho_EigVec1 =  3.0825929554E-02  5.7649026051E-01  8.1652234606E-01
           HessRho_EigVec2 =  9.9940122790E-01 -4.9335973693E-03 -3.4246828823E-02
           HessRho_EigVec3 = -1.5714570771E-02  8.1708912559E-01 -5.7629715695E-01
           DelSqRho = -1.1000157314E+01
           Bond Ellipticity = NA
           V = -2.7793982840E+00
           G =  1.4679477695E-02
           K =  2.7647188063E+00
           L =  2.7500393286E+00
           Vnuc =  3.6616901286E+01
           Ven = -7.3818124539E+00
           Vrep =  4.6024141699E+00
           DelSqV =  6.6621820289E+02
           DelSqVen =  4.0279167451E+02
           DelSqVrep =  2.6342652838E+02
           DelSqG =  5.1176195557E+01
           DelSqK = -7.1739439844E+02
           Stress_EigVals = -1.0041414084E+00 -1.0012253951E+00 -7.7403148046E-01
           Stress_EigVec1 =  9.9934479630E-01 -6.2907932390E-03 -3.5642727588E-02
           Stress_EigVec2 =  3.2799043614E-02  5.7379557592E-01  8.1834153004E-01
           Stress_EigVec3 = -1.5303622039E-02  8.1897439702E-01 -5.7362595494E-01
           -DivStress =  1.8683049733E-01 -1.0009956940E+01  7.0160157464E+00
           ESP =   8.6946345398E+00     ESP at Nucleus =   8.5844884801E+00
           ESPe = -9.1371170599E+00     ESPe at Nucleus = -9.0325113409E+00
           ESPn =  1.7831751600E+01     ESPn at Nucleus =  1.7616999821E+01

CP# 16     Coords = -1.38093192104286E+00  4.87199664577397E+00  2.78030095650327E-02
           Type = (3,-3) NACP H16
           Rho =  2.0098189387E-01     Rho at Nucleus =  1.9606468126E-01
           GradRho =  8.9494384126E-15 -7.3335434947E-15  4.1633363423E-17
           HessRho_EigVals = -3.9539858674E+00 -3.9411299770E+00 -3.0661354095E+00
           HessRho_EigVec1 =  5.8450506489E-01  8.1135134605E-01 -7.9260568281E-03
           HessRho_EigVec2 =  1.3413550557E-03  8.8022455977E-03  9.9996035983E-01
           HessRho_EigVec3 =  8.1138895105E-01 -5.8449252667E-01  4.0566469042E-03
           DelSqRho = -1.0961251254E+01
           Bond Ellipticity = NA
           V = -2.7695632619E+00
           G =  1.4625224197E-02
           K =  2.7549380377E+00
           L =  2.7403128135E+00
