 AIMInt (Version 14.11.23, Professional)
 Portions Copyright (c) 1997-2014 by Todd A. Keith
 AIMInt is a component of the AIMAll package ( http://aim.tkgristmill.com )

 AIMInt is a heavily modified and extended version of the PROAIMV program
 developed by members of R.F.W. Bader's research group

 Much of the Quantum Theory of Atoms in Molecules (QTAIM) is described in the book:
   "Atoms in Molecules - A Quantum Theory"
   R.F.W. Bader, Oxford University Press, Oxford, 1990

 For additional references see:  http://aim.tkgristmill.com/references.html

 Inp File:  E:\Proyecto spin\estructuras hexahidratadas\estructuras hexahidratadas solas\nuevas\Ni34_atomicfiles\ni1.inp
 Wfx File:  E:\Proyecto spin\estructuras hexahidratadas\estructuras hexahidratadas solas\nuevas\Ni34.wfx
 Out File:  E:\Proyecto spin\estructuras hexahidratadas\estructuras hexahidratadas solas\nuevas\Ni34_atomicfiles\ni1.int

 Wfx Title:   Ni[H2O]6 (3+)                                                                 
 Job Title:   Ni[H2O]6 (3+)                                                                 
 
<Atom>
Ni1     
</Atom>
<Nuclei of Molecule>
    19
Ni1       28.0           0.0000000000E+00   0.0000000000E+00   0.0000000000E+00
O2         8.0          -3.7408145210E+00  -1.5693160195E-01  -5.2998614475E-02
H3         1.0          -4.7558343458E+00  -1.6788308211E+00   1.3520510698E-01
H4         1.0          -4.8752225731E+00   1.2804971887E+00  -2.2272735739E-01
O5         8.0          -2.1558325585E-02  -4.7555117006E-02   3.7414916065E+00
H6         1.0          -1.5065019491E+00  -2.8652029742E-01   4.8002493371E+00
H7         1.0           1.4343085705E+00   2.1756345469E-01   4.8332098966E+00
O8         8.0          -1.1917207999E-01   3.7418065517E+00   1.5765695677E-02
H9         1.0          -3.7478454891E-01   4.8181167227E+00  -1.4532239961E+00
H10        1.0          -1.4311006685E-02   4.8114314272E+00   1.5083473386E+00
O11        8.0           3.7408145210E+00   1.5693160195E-01   5.2998614475E-02
H12        1.0           4.7558343458E+00   1.6788308211E+00  -1.3520510698E-01
H13        1.0           4.8752225731E+00  -1.2804971887E+00   2.2272735739E-01
O14        8.0           2.1558325585E-02   4.7555117006E-02  -3.7414916065E+00
H15        1.0           1.5065019491E+00   2.8652029742E-01  -4.8002493371E+00
H16        1.0          -1.4343085705E+00  -2.1756345469E-01  -4.8332098966E+00
O17        8.0           1.1917207999E-01  -3.7418065517E+00  -1.5765695677E-02
H18        1.0           3.7478454891E-01  -4.8181167227E+00   1.4532239961E+00
H19        1.0           1.4311006685E-02  -4.8114314272E+00  -1.5083473386E+00
</Nuclei of Molecule>
<Total Number of CPs of DelSqRho>
    88
</Total Number of CPs of DelSqRho>
<Number of (3,+3) CPs of DelSqRho>
     9
</Number of (3,+3) CPs of DelSqRho>
<Number of (3,+1) CPs of DelSqRho>
    26
</Number of (3,+1) CPs of DelSqRho>
<Number of (3,-1) CPs of DelSqRho>
    37
</Number of (3,-1) CPs of DelSqRho>
<Number of (3,-3) CPs of DelSqRho>
    16
</Number of (3,-3) CPs of DelSqRho>
<Number of Degenerate CPs of DelSqRho>
     0
</Number of Degenerate CPs of DelSqRho>
<CP of DelSqRho>
CP# = 1       
Type = (3,+1)
Coords = -5.37351951259276E-01  1.40103608592691E-01  1.57554534268881E-01
DistFromNuc =  5.7723441679E-01
Rho =  4.5321031128E+00
DelSqRho = -3.4613693350E+01
GradDelSqRho = -9.2370555649E-13  1.7053025658E-13  2.8421709430E-13
HessDelSqRho_EigVals = -1.1649175080E+03  4.7589258442E+02  8.2503900687E+03
HessDelSqRho_EigVec1 =  2.0390175595E-02 -7.1158306578E-01  7.0230604528E-01
HessDelSqRho_EigVec2 =  3.6305412291E-01  6.5977159992E-01  6.5794615264E-01
HessDelSqRho_EigVec3 =  9.3154492354E-01 -2.4155946770E-01 -2.7179602460E-01
</CP of DelSqRho>
<CP of DelSqRho>
CP# = 2       
Type = (3,+1)
Coords =  5.37351951259276E-01 -1.40103608592691E-01 -1.57554534268881E-01
DistFromNuc =  5.7723441679E-01
Rho =  4.5321031128E+00
DelSqRho = -3.4613693350E+01
GradDelSqRho = -2.8421709430E-13  2.8421709430E-14 -1.1368683772E-13
HessDelSqRho_EigVals = -1.1649175080E+03  4.7589258442E+02  8.2503900687E+03
HessDelSqRho_EigVec1 =  2.0390175595E-02 -7.1158306578E-01  7.0230604528E-01
HessDelSqRho_EigVec2 =  3.6305412291E-01  6.5977159992E-01  6.5794615264E-01
HessDelSqRho_EigVec3 =  9.3154492354E-01 -2.4155946770E-01 -2.7179602460E-01
</CP of DelSqRho>
<CP of DelSqRho>
CP# = 3       
Type = (3,+1)
Coords =  1.67276777727358E-01  9.97072711443803E-02 -1.67759973664148E-01
DistFromNuc =  2.5703398423E-01
Rho =  3.4552960928E+01
DelSqRho =  2.9073815180E+03
GradDelSqRho =  3.0922819860E-11  1.2732925825E-11 -1.8189894035E-11
HessDelSqRho_EigVals = -1.3077393923E+06  3.6622953521E+04  4.0304718863E+04
HessDelSqRho_EigVec1 =  6.5073581932E-01  3.8811678482E-01 -6.5261646837E-01
HessDelSqRho_EigVec2 =  2.7590768709E-01 -9.2160700428E-01 -2.7297523307E-01
HessDelSqRho_EigVec3 =  7.0740217816E-01  2.4271383984E-03  7.0680709344E-01
</CP of DelSqRho>
<CP of DelSqRho>
CP# = 4       
Type = (3,+1)
Coords = -1.67276777727359E-01 -9.97072711443805E-02  1.67759973664148E-01
DistFromNuc =  2.5703398423E-01
Rho =  3.4552960928E+01
DelSqRho =  2.9073815180E+03
GradDelSqRho = -4.1836756282E-11 -2.3646862246E-11  2.1827872843E-11
HessDelSqRho_EigVals = -1.3077393923E+06  3.6622953521E+04  4.0304718863E+04
HessDelSqRho_EigVec1 =  6.5073581932E-01  3.8811678482E-01 -6.5261646837E-01
HessDelSqRho_EigVec2 =  2.7590768709E-01 -9.2160700428E-01 -2.7297523307E-01
HessDelSqRho_EigVec3 =  7.0740217816E-01  2.4271383984E-03  7.0680709344E-01
</CP of DelSqRho>
<CP of DelSqRho>
CP# = 5       
Type = (3,-1)
Coords = -7.74689808699569E-02  2.33547793860659E-01  7.04919094689163E-02
DistFromNuc =  2.5595922393E-01
Rho =  3.3852216086E+01
DelSqRho =  3.2507784122E+03
GradDelSqRho =  1.3642420527E-11 -9.0949470177E-13  5.3432813729E-12
HessDelSqRho_EigVals = -1.3440199181E+06 -3.9864348834E+04  1.6055385141E+04
HessDelSqRho_EigVec1 = -3.0253344462E-01  9.1251991343E-01  2.7528334944E-01
HessDelSqRho_EigVec2 =  7.0483563577E-01  1.9763100932E-02  7.0909530135E-01
HessDelSqRho_EigVec3 =  6.4162313038E-01  4.0855455870E-01 -6.4915555234E-01
</CP of DelSqRho>
<CP of DelSqRho>
CP# = 6       
Type = (3,-1)
Coords =  7.74689808699570E-02 -2.33547793860659E-01 -7.04919094689162E-02
DistFromNuc =  2.5595922393E-01
Rho =  3.3852216086E+01
DelSqRho =  3.2507784122E+03
GradDelSqRho =  3.7516656448E-12  1.3642420527E-11 -4.8885340220E-12
HessDelSqRho_EigVals = -1.3440199181E+06 -3.9864348834E+04  1.6055385141E+04
HessDelSqRho_EigVec1 = -3.0253344462E-01  9.1251991343E-01  2.7528334944E-01
HessDelSqRho_EigVec2 =  7.0483563577E-01  1.9763100932E-02  7.0909530135E-01
HessDelSqRho_EigVec3 =  6.4162313038E-01  4.0855455870E-01 -6.4915555234E-01
</CP of DelSqRho>
<CP of DelSqRho>
CP# = 7       
Type = (3,-1)
Coords = -3.50101221335738E-01  3.24984208769214E-01  3.39546195749238E-01
DistFromNuc =  5.8606929640E-01
Rho =  4.2212521666E+00
DelSqRho = -2.4318580521E+01
GradDelSqRho =  3.5882408156E-13 -5.7553961597E-13 -3.6948222260E-13
HessDelSqRho_EigVals = -5.8189264596E+02 -5.7372554033E+02  7.2383268024E+03
HessDelSqRho_EigVec1 = -8.0019065623E-01 -4.6032412550E-01 -3.8444325090E-01
HessDelSqRho_EigVec2 = -5.3518635337E-02  6.9325912644E-01 -7.1869850374E-01
HessDelSqRho_EigVec3 =  5.9735305252E-01 -5.5452094918E-01 -5.7937539433E-01
</CP of DelSqRho>
<CP of DelSqRho>
CP# = 8       
Type = (3,-1)
Coords =  3.50101221335738E-01 -3.24984208769214E-01 -3.39546195749237E-01
DistFromNuc =  5.8606929640E-01
Rho =  4.2212521666E+00
DelSqRho = -2.4318580521E+01
GradDelSqRho = -6.2172489379E-13  6.5369931690E-13  4.2632564146E-13
HessDelSqRho_EigVals = -5.8189264596E+02 -5.7372554033E+02  7.2383268024E+03
HessDelSqRho_EigVec1 = -8.0019065623E-01 -4.6032412550E-01 -3.8444325090E-01
HessDelSqRho_EigVec2 = -5.3518635337E-02  6.9325912644E-01 -7.1869850374E-01
HessDelSqRho_EigVec3 =  5.9735305252E-01 -5.5452094918E-01 -5.7937539433E-01
</CP of DelSqRho>
<CP of DelSqRho>
CP# = 9       
Type = (3,+1)
Coords =  1.00357987263106E-01  2.61807530868430E-03  1.02030023440498E-01
DistFromNuc =  1.4313876347E-01
Rho =  1.4024157281E+02
DelSqRho = -1.0400586785E+04
GradDelSqRho =  6.5483618528E-11 -8.7311491370E-11 -1.4551915228E-10
HessDelSqRho_EigVals = -1.4549175119E+05  8.9000136597E+04  2.4297733741E+07
HessDelSqRho_EigVec1 = -2.3894593761E-01  9.4789597767E-01  2.1070845835E-01
HessDelSqRho_EigVec2 =  6.7181615208E-01  3.1805469367E-01 -6.6895759928E-01
HessDelSqRho_EigVec3 =  7.0111903176E-01  1.8287355079E-02  7.1280970528E-01
</CP of DelSqRho>
<CP of DelSqRho>
CP# = 10      
Type = (3,-3)
Coords =  2.90398554953057E-02  2.51397875082498E-01 -3.62350857050424E-02
DistFromNuc =  2.5565051582E-01
Rho =  3.3859891974E+01
DelSqRho =  3.3383853843E+03
GradDelSqRho = -9.4360075309E-12  7.2759576142E-12 -1.0913936421E-11
HessDelSqRho_EigVals = -1.3555047732E+06 -3.2012825906E+04 -2.3250992162E+04
HessDelSqRho_EigVec1 =  1.1372123784E-01  9.8333362052E-01 -1.4185369512E-01
HessDelSqRho_EigVec2 =  7.1915086184E-01  1.7039218680E-02  6.9464501938E-01
HessDelSqRho_EigVec3 =  6.8548487801E-01 -1.8101009856E-01 -7.0522749963E-01
</CP of DelSqRho>
<CP of DelSqRho>
CP# = 11      
Type = (3,-3)
Coords = -2.90398554953053E-02 -2.51397875082498E-01  3.62350857050423E-02
DistFromNuc =  2.5565051582E-01
Rho =  3.3859891974E+01
DelSqRho =  3.3383853843E+03
GradDelSqRho = -7.9580786405E-13  2.5465851650E-11 -6.3664629124E-12
HessDelSqRho_EigVals = -1.3555047732E+06 -3.2012825906E+04 -2.3250992162E+04
HessDelSqRho_EigVec1 =  1.1372123784E-01  9.8333362052E-01 -1.4185369512E-01
HessDelSqRho_EigVec2 =  7.1915086184E-01  1.7039218680E-02  6.9464501938E-01
HessDelSqRho_EigVec3 =  6.8548487801E-01 -1.8101009856E-01 -7.0522749963E-01
</CP of DelSqRho>
<CP of DelSqRho>
CP# = 12      
Type = (3,-3)
Coords =  2.48325946044130E-01  4.61464322716958E-02  3.94830185268847E-02
DistFromNuc =  2.5564463116E-01
Rho =  3.3863403313E+01
DelSqRho =  3.3399051883E+03
GradDelSqRho = -3.4106051316E-12 -8.8675733423E-12 -1.0913936421E-11
HessDelSqRho_EigVals = -1.3557370063E+06 -3.2315290655E+04 -2.3603156505E+04
HessDelSqRho_EigVec1 =  9.7132828740E-01  1.8063426027E-01  1.5457238472E-01
HessDelSqRho_EigVec2 =  1.9971261425E-02 -7.0986531227E-01  7.0405425015E-01
HessDelSqRho_EigVec3 = -2.3690189281E-01  6.8078080353E-01  6.9311975209E-01
</CP of DelSqRho>
<CP of DelSqRho>
CP# = 13      
Type = (3,-1)
Coords = -8.54632855452834E-02  7.93378230151563E-02  8.28971812315173E-02
DistFromNuc =  1.4307482655E-01
Rho =  1.4002425997E+02
DelSqRho = -1.0276046258E+04
GradDelSqRho =  1.7462298274E-10 -1.7462298274E-10 -1.1641532183E-10
HessDelSqRho_EigVals = -8.2195564629E+04 -8.1092883033E+04  2.4392594329E+07
HessDelSqRho_EigVec1 = -7.9986097405E-01 -4.6457365170E-01 -3.7999176876E-01
HessDelSqRho_EigVec2 = -5.8460479934E-02  6.9041953187E-01 -7.2104316258E-01
HessDelSqRho_EigVec3 =  5.9733139418E-01 -5.5451978518E-01 -5.7939883791E-01
</CP of DelSqRho>
<CP of DelSqRho>
CP# = 14      
Type = (3,-3)
Coords = -2.48325946044130E-01 -4.61464322716954E-02 -3.94830185268843E-02
DistFromNuc =  2.5564463116E-01
Rho =  3.3863403313E+01
DelSqRho =  3.3399051883E+03
GradDelSqRho =  1.7735146685E-11  5.6843418861E-12 -3.7516656448E-12
HessDelSqRho_EigVals = -1.3557370063E+06 -3.2315290655E+04 -2.3603156505E+04
HessDelSqRho_EigVec1 =  9.7132828740E-01  1.8063426027E-01  1.5457238472E-01
HessDelSqRho_EigVec2 =  1.9971261425E-02 -7.0986531227E-01  7.0405425015E-01
HessDelSqRho_EigVec3 = -2.3690189281E-01  6.8078080353E-01  6.9311975209E-01
</CP of DelSqRho>
<CP of DelSqRho>
CP# = 15      
Type = (3,-1)
Coords =  1.38664202737511E-01  2.67523277882840E-02  2.30447556230330E-02
DistFromNuc =  1.4308916425E-01
Rho =  1.4008383921E+02
DelSqRho = -1.0234814025E+04
GradDelSqRho = -5.8207660913E-11 -4.3655745685E-11 -1.4551915228E-11
HessDelSqRho_EigVals = -1.2192525494E+05 -9.4366080701E+04  2.4361162610E+07
HessDelSqRho_EigVec1 =  1.9804687141E-02 -7.0947339819E-01  7.0445388183E-01
HessDelSqRho_EigVec2 = -2.4582613094E-01  6.7950686849E-01  6.9125966831E-01
HessDelSqRho_EigVec3 =  9.6911159714E-01  1.8686335366E-01  1.6094967954E-01
</CP of DelSqRho>
<CP of DelSqRho>
CP# = 16      
Type = (3,-1)
Coords =  1.72245068814661E-02  1.40458351803959E-01 -2.11950318244635E-02
DistFromNuc =  1.4308899889E-01
Rho =  1.4008383898E+02
DelSqRho = -1.0237264402E+04
GradDelSqRho =  0.0000000000E+00 -1.1641532183E-10  1.1641532183E-10
HessDelSqRho_EigVals = -1.2064778309E+05 -9.2961461914E+04  2.4361721449E+07
HessDelSqRho_EigVec1 =  7.2100461500E-01  1.6125230900E-02  6.9274260883E-01
HessDelSqRho_EigVec2 = -6.8241282044E-01  1.9004541811E-01  7.0582964061E-01
HessDelSqRho_EigVec3 =  1.2027089280E-01  9.8164286580E-01 -1.4802768781E-01
</CP of DelSqRho>
<CP of DelSqRho>
CP# = 17      
Type = (3,-1)
Coords = -1.72245068814660E-02 -1.40458351803959E-01  2.11950318244648E-02
DistFromNuc =  1.4308899889E-01
Rho =  1.4008383898E+02
DelSqRho = -1.0237264402E+04
GradDelSqRho = -2.9103830457E-11  2.9103830457E-10 -1.1641532183E-10
HessDelSqRho_EigVals = -1.2064778309E+05 -9.2961461914E+04  2.4361721449E+07
HessDelSqRho_EigVec1 =  7.2100461500E-01  1.6125230900E-02  6.9274260882E-01
HessDelSqRho_EigVec2 = -6.8241282044E-01  1.9004541811E-01  7.0582964061E-01
HessDelSqRho_EigVec3 =  1.2027089280E-01  9.8164286580E-01 -1.4802768781E-01
</CP of DelSqRho>
<CP of DelSqRho>
CP# = 18      
Type = (3,+1)
Coords =  8.64433209119467E-02  1.71262604384798E-01  1.71061610652121E-01
DistFromNuc =  2.5703190858E-01
Rho =  3.4556994725E+01
DelSqRho =  2.9075329892E+03
GradDelSqRho =  4.0927261580E-12 -1.8189894035E-12  4.6611603466E-12
HessDelSqRho_EigVals = -1.3078281198E+06  3.6800029148E+04  3.9979436567E+04
HessDelSqRho_EigVec1 =  3.3652410024E-01  6.6625783922E-01  6.6547127784E-01
HessDelSqRho_EigVec2 =  9.4155115650E-01 -2.2661366907E-01 -2.4925421698E-01
HessDelSqRho_EigVec3 =  1.5262688093E-02 -7.1045530237E-01  7.0357680014E-01
</CP of DelSqRho>
<CP of DelSqRho>
CP# = 19      
Type = (3,+1)
Coords = -8.64433209119465E-02 -1.71262604384798E-01 -1.71061610652122E-01
DistFromNuc =  2.5703190858E-01
Rho =  3.4556994725E+01
DelSqRho =  2.9075329892E+03
GradDelSqRho = -4.5474735089E-12  3.8653524825E-12 -6.3664629124E-12
HessDelSqRho_EigVals = -1.3078281198E+06  3.6800029148E+04  3.9979436567E+04
HessDelSqRho_EigVec1 =  3.3652410024E-01  6.6625783922E-01  6.6547127784E-01
HessDelSqRho_EigVec2 =  9.4155115650E-01 -2.2661366907E-01 -2.4925421698E-01
HessDelSqRho_EigVec3 =  1.5262688093E-02 -7.1045530237E-01  7.0357680014E-01
</CP of DelSqRho>
<CP of DelSqRho>
CP# = 20      
Type = (3,-1)
Coords = -6.64379250410387E-02 -5.78162411441565E-01  8.29963385591411E-02
DistFromNuc =  5.8785556398E-01
Rho =  4.2936455305E+00
DelSqRho = -2.1574388880E+01
GradDelSqRho =  2.8421709430E-14  2.2737367544E-13 -5.6843418861E-14
HessDelSqRho_EigVals = -8.4666642043E+02 -6.1518239634E+02  6.9600934421E+03
HessDelSqRho_EigVec1 =  7.1889498161E-01  1.7126804441E-02  6.9490767587E-01
HessDelSqRho_EigVec2 = -6.8586860605E-01  1.8002320179E-01  7.0510701461E-01
HessDelSqRho_EigVec3 =  1.1302327481E-01  9.8351325329E-01 -1.4116451383E-01
</CP of DelSqRho>
<CP of DelSqRho>
CP# = 21      
Type = (3,-1)
Coords =  6.64379250410386E-02  5.78162411441565E-01 -8.29963385591411E-02
DistFromNuc =  5.8785556398E-01
Rho =  4.2936455305E+00
DelSqRho = -2.1574388880E+01
GradDelSqRho =  0.0000000000E+00 -2.1316282073E-13  1.7053025658E-13
HessDelSqRho_EigVals = -8.4666642043E+02 -6.1518239634E+02  6.9600934421E+03
HessDelSqRho_EigVec1 =  7.1889498161E-01  1.7126804441E-02  6.9490767587E-01
HessDelSqRho_EigVec2 = -6.8586860605E-01  1.8002320179E-01  7.0510701461E-01
HessDelSqRho_EigVec3 =  1.1302327481E-01  9.8351325329E-01 -1.4116451383E-01
</CP of DelSqRho>
<CP of DelSqRho>
CP# = 22      
Type = (3,+1)
Coords =  9.74196559447404E-02  1.04865583316742E-01  1.13966289000047E-03
DistFromNuc =  1.4313866969E-01
Rho =  1.4024070057E+02
DelSqRho = -1.0400175143E+04
GradDelSqRho = -1.7462298274E-10  1.4551915228E-10  2.9103830457E-11
HessDelSqRho_EigVals = -1.4565354579E+05  8.8837645733E+04  2.4297881839E+07
HessDelSqRho_EigVec1 = -2.1721509665E-01  1.9139153930E-01  9.5717651479E-01
HessDelSqRho_EigVec2 =  6.9972279164E-01 -6.5317550012E-01  2.8939554402E-01
HessDelSqRho_EigVec3 =  6.8059210739E-01  7.3261930409E-01  7.9585572145E-03
</CP of DelSqRho>
<CP of DelSqRho>
CP# = 23      
Type = (3,+1)
Coords = -4.00615478277404E-01 -1.04209414323874E-02 -4.07046236078458E-01
DistFromNuc =  5.7121624256E-01
Rho =  4.8437071202E+00
DelSqRho = -4.2164534542E+01
GradDelSqRho =  5.7127635955E-12 -3.6948222260E-13  5.1461057637E-12
HessDelSqRho_EigVals = -1.1641672426E+03  7.3034102994E+02  8.9281689061E+03
HessDelSqRho_EigVec1 = -2.3482639877E-01  9.4978973645E-01  2.0677528616E-01
HessDelSqRho_EigVec2 =  6.7302070843E-01  3.1235498099E-01 -6.7043082557E-01
HessDelSqRho_EigVec3 =  7.0135560771E-01  1.8270806815E-02  7.1257735661E-01
</CP of DelSqRho>
<CP of DelSqRho>
CP# = 24      
Type = (3,+1)
Coords =  4.00615478277404E-01  1.04209414323875E-02  4.07046236078458E-01
DistFromNuc =  5.7121624256E-01
Rho =  4.8437071202E+00
DelSqRho = -4.2164534542E+01
GradDelSqRho = -6.1106675275E-12  3.6948222260E-13 -6.1248783823E-12
HessDelSqRho_EigVals = -1.1641672426E+03  7.3034102994E+02  8.9281689061E+03
HessDelSqRho_EigVec1 = -2.3482639877E-01  9.4978973645E-01  2.0677528616E-01
HessDelSqRho_EigVec2 =  6.7302070843E-01  3.1235498099E-01 -6.7043082557E-01
HessDelSqRho_EigVec3 =  7.0135560771E-01  1.8270806815E-02  7.1257735661E-01
</CP of DelSqRho>
<CP of DelSqRho>
CP# = 25      
Type = (3,+3)
Coords =  4.71039163002844E-02  9.56831896573671E-02  9.56051084984890E-02
DistFromNuc =  1.4322844859E-01
Rho =  1.4051565851E+02
DelSqRho = -1.0760788430E+04
GradDelSqRho =  2.3283064365E-10  2.3283064365E-10 -5.8207660913E-11
HessDelSqRho_EigVals =  1.4258996533E+05  1.5690956738E+05  2.4193083637E+07
HessDelSqRho_EigVec1 =  9.4430258732E-01 -2.2045381853E-01 -2.4432097225E-01
HessDelSqRho_EigVec2 =  1.6063999659E-02 -7.1067434860E-01  7.0333769852E-01
HessDelSqRho_EigVec3 =  3.2868612915E-01  6.6808838048E-01  6.6755025606E-01
</CP of DelSqRho>
<CP of DelSqRho>
CP# = 26      
Type = (3,-1)
Coords =  2.38800831706266E-01 -6.11687688638220E-02 -6.89171873378584E-02
DistFromNuc =  2.5596295478E-01
Rho =  3.3855778134E+01
DelSqRho =  3.2496076841E+03
GradDelSqRho =  1.2050804798E-11 -8.4128259914E-12 -5.4569682106E-12
HessDelSqRho_EigVals = -1.3438988077E+06 -3.9816380660E+04  1.6306694235E+04
HessDelSqRho_EigVec1 =  9.3302095418E-01 -2.3884542816E-01 -2.6911848786E-01
HessDelSqRho_EigVec2 =  2.0406755978E-02 -7.1159307193E-01  7.0229542523E-01
HessDelSqRho_EigVec3 =  3.5924290302E-01  6.6074818307E-01  6.5905718659E-01
</CP of DelSqRho>
<CP of DelSqRho>
CP# = 27      
Type = (3,+3)
Coords = -9.35053486518237E-02 -5.45401264995339E-02  9.37894794725651E-02
DistFromNuc =  1.4322828661E-01
Rho =  1.4051461829E+02
DelSqRho = -1.0761386690E+04
GradDelSqRho = -2.3283064365E-10  0.0000000000E+00  5.0931703299E-11
HessDelSqRho_EigVals =  1.4193298479E+05  1.5826646874E+05  2.4193565417E+07
HessDelSqRho_EigVec1 = -2.7357057997E-01  9.2471213010E-01  2.6470099020E-01
HessDelSqRho_EigVec2 =  7.0632357462E-01  6.3348381798E-03  7.0786077569E-01
HessDelSqRho_EigVec3 =  6.5289060777E-01  3.8061443255E-01 -6.5487900258E-01
</CP of DelSqRho>
<CP of DelSqRho>
CP# = 28      
Type = (3,+3)
Coords =  9.35053486518234E-02  5.45401264995337E-02 -9.37894794725655E-02
DistFromNuc =  1.4322828661E-01
Rho =  1.4051461829E+02
DelSqRho = -1.0761386690E+04
GradDelSqRho = -5.8207660913E-11 -8.7311491370E-11  1.1641532183E-10
HessDelSqRho_EigVals =  1.4193298479E+05  1.5826646874E+05  2.4193565417E+07
HessDelSqRho_EigVec1 = -2.7357057997E-01  9.2471213010E-01  2.6470099020E-01
HessDelSqRho_EigVec2 =  7.0632357462E-01  6.3348381799E-03  7.0786077569E-01
HessDelSqRho_EigVec3 =  6.5289060777E-01  3.8061443255E-01 -6.5487900258E-01
</CP of DelSqRho>
<CP of DelSqRho>
CP# = 29      
Type = (3,-1)
Coords = -2.38800831706266E-01  6.11687688638208E-02  6.89171873378571E-02
DistFromNuc =  2.5596295478E-01
Rho =  3.3855778134E+01
DelSqRho =  3.2496076841E+03
GradDelSqRho =  2.0463630790E-11 -9.0949470177E-12 -2.4101609597E-11
HessDelSqRho_EigVals = -1.3438988077E+06 -3.9816380660E+04  1.6306694235E+04
HessDelSqRho_EigVec1 =  9.3302095418E-01 -2.3884542816E-01 -2.6911848786E-01
HessDelSqRho_EigVec2 =  2.0406755978E-02 -7.1159307193E-01  7.0229542523E-01
HessDelSqRho_EigVec3 =  3.5924290302E-01  6.6074818307E-01  6.5905718659E-01
</CP of DelSqRho>
<CP of DelSqRho>
CP# = 30      
Type = (3,-1)
Coords = -7.26549236090211E-02  6.52286157168044E-02  2.36603414747569E-01
DistFromNuc =  2.5595836791E-01
Rho =  3.3852279910E+01
DelSqRho =  3.2509412472E+03
GradDelSqRho = -4.3200998334E-12  1.1368683772E-13  2.0918378141E-11
HessDelSqRho_EigVals = -1.3440520542E+06 -3.9892843211E+04  1.6034632362E+04
HessDelSqRho_EigVec1 = -2.8372026574E-01  2.5472221098E-01  9.2445627589E-01
HessDelSqRho_EigVec2 =  6.8453718999E-01  7.2891933359E-01  9.2434108600E-03
HessDelSqRho_EigVec3 =  6.7149955051E-01 -6.3544724435E-01  3.8117601356E-01
</CP of DelSqRho>
<CP of DelSqRho>
CP# = 31      
Type = (3,-1)
Coords =  7.26549236090213E-02 -6.52286157168049E-02 -2.36603414747569E-01
DistFromNuc =  2.5595836791E-01
Rho =  3.3852279910E+01
DelSqRho =  3.2509412472E+03
GradDelSqRho =  2.3305801733E-12 -1.7053025658E-12  4.5474735089E-12
HessDelSqRho_EigVals = -1.3440520542E+06 -3.9892843211E+04  1.6034632362E+04
HessDelSqRho_EigVec1 = -2.8372026574E-01  2.5472221098E-01  9.2445627589E-01
HessDelSqRho_EigVec2 =  6.8453718999E-01  7.2891933359E-01  9.2434108600E-03
HessDelSqRho_EigVec3 =  6.7149955051E-01 -6.3544724435E-01  3.8117601356E-01
</CP of DelSqRho>
<CP of DelSqRho>
CP# = 32      
Type = (3,-1)
Coords =  5.23308341454311E-03 -1.82237184441299E-01  1.79817162772770E-01
DistFromNuc =  2.5607028055E-01
Rho =  3.4133055640E+01
DelSqRho =  3.2023500978E+03
GradDelSqRho = -4.9453774409E-12  1.0913936421E-11 -3.6379788071E-12
HessDelSqRho_EigVals = -1.3411981232E+06 -3.7586113381E+04  2.2843454522E+04
HessDelSqRho_EigVec1 = -2.0435831764E-02  7.1166738726E-01 -7.0221927251E-01
HessDelSqRho_EigVec2 =  9.6628141002E-01 -1.6625920034E-01 -1.9661667010E-01
HessDelSqRho_EigVec3 =  2.5667608661E-01  6.8255945398E-01  6.8427332138E-01
</CP of DelSqRho>
<CP of DelSqRho>
CP# = 33      
Type = (3,-1)
Coords = -5.23308341454341E-03  1.82237184441298E-01 -1.79817162772771E-01
DistFromNuc =  2.5607028055E-01
Rho =  3.4133055640E+01
DelSqRho =  3.2023500978E+03
GradDelSqRho = -3.8653524825E-12  3.6379788071E-12 -7.2759576142E-12
HessDelSqRho_EigVals = -1.3411981232E+06 -3.7586113381E+04  2.2843454522E+04
HessDelSqRho_EigVec1 = -2.0435831764E-02  7.1166738726E-01 -7.0221927251E-01
HessDelSqRho_EigVec2 =  9.6628141002E-01 -1.6625920034E-01 -1.9661667010E-01
HessDelSqRho_EigVec3 =  2.5667608661E-01  6.8255945398E-01  6.8427332138E-01
</CP of DelSqRho>
<CP of DelSqRho>
CP# = 34      
Type = (3,-1)
Coords =  1.79614801035993E-01  4.68970724485504E-03  1.82462795971622E-01
DistFromNuc =  2.5607839038E-01
Rho =  3.4144736876E+01
DelSqRho =  3.1992798895E+03
GradDelSqRho =  3.6379788071E-12  3.4106051316E-12 -1.5916157281E-11
HessDelSqRho_EigVals = -1.3409470130E+06 -3.7300372998E+04  2.3313344248E+04
HessDelSqRho_EigVec1 =  7.0140639823E-01  1.8320273742E-02  7.1252609222E-01
HessDelSqRho_EigVec2 = -2.3549424528E-01  9.4948677622E-01  2.0740617690E-01
HessDelSqRho_EigVec3 =  6.7273436434E-01  3.1327181384E-01 -6.7029041891E-01
</CP of DelSqRho>
<CP of DelSqRho>
CP# = 35      
Type = (3,-1)
Coords = -1.79614801035993E-01 -4.68970724485488E-03 -1.82462795971622E-01
DistFromNuc =  2.5607839038E-01
Rho =  3.4144736876E+01
DelSqRho =  3.1992798895E+03
GradDelSqRho = -2.5920599001E-11  4.3200998334E-12 -2.3192114895E-11
HessDelSqRho_EigVals = -1.3409470130E+06 -3.7300372998E+04  2.3313344248E+04
HessDelSqRho_EigVec1 =  7.0140639823E-01  1.8320273742E-02  7.1252609222E-01
HessDelSqRho_EigVec2 = -2.3549424528E-01  9.4948677622E-01  2.0740617690E-01
HessDelSqRho_EigVec3 =  6.7273436434E-01  3.1327181384E-01 -6.7029041891E-01
</CP of DelSqRho>
<CP of DelSqRho>
CP# = 36      
Type = (3,-1)
Coords =  1.74359721364238E-01  1.87537217357005E-01  2.03961478308772E-03
DistFromNuc =  2.5607748897E-01
Rho =  3.4143309950E+01
DelSqRho =  3.1996291546E+03
GradDelSqRho = -2.6375346351E-11  2.0918378141E-11  2.0463630790E-11
HessDelSqRho_EigVals = -1.3409721567E+06 -3.7342665828E+04  2.3270593504E+04
HessDelSqRho_EigVec1 =  6.8088893585E-01  7.3234330381E-01  7.9713484876E-03
HessDelSqRho_EigVec2 = -2.1361960552E-01  1.8817638451E-01  9.5862209053E-01
HessDelSqRho_EigVec3 =  7.0054044934E-01 -6.5441801143E-01  2.8457010587E-01
</CP of DelSqRho>
<CP of DelSqRho>
CP# = 37      
Type = (3,+1)
Coords = -1.74851271728851E-01  1.64080839983822E-01 -9.25794574348227E-02
DistFromNuc =  2.5703393786E-01
Rho =  3.4553290041E+01
DelSqRho =  2.9074488112E+03
GradDelSqRho = -5.4569682106E-12  1.0913936421E-11  1.0913936421E-11
HessDelSqRho_EigVals = -1.3077441885E+06  3.6607504072E+04  4.0278556804E+04
HessDelSqRho_EigVec1 =  6.8020967429E-01 -6.3830553253E-01  3.6038985300E-01
HessDelSqRho_EigVec2 = -2.5348636503E-01  2.5648757305E-01  9.3271581289E-01
HessDelSqRho_EigVec3 =  6.8779318239E-01  7.2579623312E-01 -1.2663579309E-02
</CP of DelSqRho>
<CP of DelSqRho>
CP# = 38      
Type = (3,+1)
Coords =  1.74851271728851E-01 -1.64080839983822E-01  9.25794574348229E-02
DistFromNuc =  2.5703393786E-01
Rho =  3.4553290041E+01
DelSqRho =  2.9074488112E+03
GradDelSqRho = -1.0004441720E-11 -1.0913936421E-11 -3.6379788071E-12
HessDelSqRho_EigVals = -1.3077441885E+06  3.6607504072E+04  4.0278556804E+04
HessDelSqRho_EigVec1 =  6.8020967429E-01 -6.3830553253E-01  3.6038985300E-01
HessDelSqRho_EigVec2 = -2.5348636503E-01  2.5648757305E-01  9.3271581289E-01
HessDelSqRho_EigVec3 =  6.8779318239E-01  7.2579623312E-01 -1.2663579309E-02
</CP of DelSqRho>
<CP of DelSqRho>
CP# = 39      
Type = (3,-1)
Coords = -1.74359721364239E-01 -1.87537217357005E-01 -2.03961478308842E-03
DistFromNuc =  2.5607748897E-01
Rho =  3.4143309950E+01
DelSqRho =  3.1996291546E+03
GradDelSqRho =  2.7284841053E-12  1.8189894035E-11 -2.7284841053E-12
HessDelSqRho_EigVals = -1.3409721567E+06 -3.7342665828E+04  2.3270593504E+04
HessDelSqRho_EigVec1 =  6.8088893585E-01  7.3234330381E-01  7.9713484876E-03
HessDelSqRho_EigVec2 = -2.1361960552E-01  1.8817638451E-01  9.5862209053E-01
HessDelSqRho_EigVec3 =  7.0054044934E-01 -6.5441801143E-01  2.8457010587E-01
</CP of DelSqRho>
<CP of DelSqRho>
CP# = 40      
Type = (3,-3)
Coords = -1.52768239297160E-01  1.41812584665770E-01  1.48180074766966E-01
DistFromNuc =  2.5574651252E-01
Rho =  3.3651975378E+01
DelSqRho =  3.3229512270E+03
GradDelSqRho = -3.8653524825E-12  4.3769432523E-12  2.1486812329E-11
HessDelSqRho_EigVals = -1.3509854853E+06 -2.1978094436E+04 -2.1670514706E+04
HessDelSqRho_EigVec1 =  5.9733923842E-01 -5.5450510007E-01 -5.7940480515E-01
HessDelSqRho_EigVec2 = -7.9990235668E-01 -4.6401125036E-01 -3.8059135475E-01
HessDelSqRho_EigVec3 = -5.7810500856E-02  6.9080941911E-01 -7.2072206325E-01
</CP of DelSqRho>
<CP of DelSqRho>
CP# = 41      
Type = (3,-3)
Coords =  1.52768239297160E-01 -1.41812584665770E-01 -1.48180074766966E-01
DistFromNuc =  2.5574651252E-01
Rho =  3.3651975378E+01
DelSqRho =  3.3229512270E+03
GradDelSqRho =  7.2759576142E-12 -2.2907897801E-11 -2.1486812329E-11
HessDelSqRho_EigVals = -1.3509854853E+06 -2.1978094436E+04 -2.1670514706E+04
HessDelSqRho_EigVec1 =  5.9733923842E-01 -5.5450510007E-01 -5.7940480515E-01
HessDelSqRho_EigVec2 = -7.9990235668E-01 -4.6401125036E-01 -3.8059135475E-01
HessDelSqRho_EigVec3 = -5.7810500857E-02  6.9080941911E-01 -7.2072206325E-01
</CP of DelSqRho>
<CP of DelSqRho>
CP# = 42      
Type = (3,-3)
Coords =  3.72824176794324E-02 -3.85908923565736E-02  2.49955419233900E-01
DistFromNuc =  2.5565004840E-01
Rho =  3.3860607322E+01
DelSqRho =  3.3384088641E+03
GradDelSqRho = -3.6379788071E-12  3.6379788071E-12 -1.0913936421E-11
HessDelSqRho_EigVals = -1.3555265377E+06 -3.2054272327E+04 -2.3228884022E+04
HessDelSqRho_EigVec1 =  1.4596469577E-01 -1.5106379686E-01  9.7768810817E-01
HessDelSqRho_EigVec2 =  7.0080910969E-01  7.1332696056E-01  5.5891961150E-03
HessDelSqRho_EigVec3 = -6.9825561176E-01  6.8435690734E-01  2.0998743777E-01
</CP of DelSqRho>
<CP of DelSqRho>
CP# = 43      
Type = (3,-3)
Coords = -3.72824176794326E-02  3.85908923565737E-02 -2.49955419233900E-01
DistFromNuc =  2.5565004840E-01
Rho =  3.3860607322E+01
DelSqRho =  3.3384088641E+03
GradDelSqRho = -5.0022208598E-12 -3.6379788071E-12 -1.4551915228E-11
HessDelSqRho_EigVals = -1.3555265377E+06 -3.2054272327E+04 -2.3228884022E+04
HessDelSqRho_EigVec1 =  1.4596469577E-01 -1.5106379686E-01  9.7768810817E-01
HessDelSqRho_EigVec2 =  7.0080910969E-01  7.1332696056E-01  5.5891961150E-03
HessDelSqRho_EigVec3 = -6.9825561176E-01  6.8435690734E-01  2.0998743777E-01
</CP of DelSqRho>
<CP of DelSqRho>
CP# = 44      
Type = (3,-1)
Coords =  8.54632855452812E-02 -7.93378230151595E-02 -8.28971812315164E-02
DistFromNuc =  1.4307482655E-01
Rho =  1.4002425997E+02
DelSqRho = -1.0276046258E+04
GradDelSqRho =  0.0000000000E+00 -5.8207660913E-11  5.8207660913E-11
HessDelSqRho_EigVals = -8.2195564629E+04 -8.1092883033E+04  2.4392594329E+07
HessDelSqRho_EigVec1 = -7.9986097405E-01 -4.6457365171E-01 -3.7999176876E-01
HessDelSqRho_EigVec2 = -5.8460479936E-02  6.9041953187E-01 -7.2104316258E-01
HessDelSqRho_EigVec3 =  5.9733139418E-01 -5.5451978518E-01 -5.7939883791E-01
</CP of DelSqRho>
<CP of DelSqRho>
CP# = 45      
Type = (3,-1)
Coords =  5.71331044863395E-01  1.05811826273423E-01  9.04918824993100E-02
DistFromNuc =  5.8805109149E-01
Rho =  4.2912806570E+00
DelSqRho = -2.1346517216E+01
GradDelSqRho = -9.0949470177E-13 -2.4158453016E-13 -1.7053025658E-13
HessDelSqRho_EigVals = -8.5316144771E+02 -6.2340714145E+02  6.9368956534E+03
HessDelSqRho_EigVec1 =  1.9961782677E-02 -7.0989587858E-01  7.0402369904E-01
HessDelSqRho_EigVec2 = -2.3593132984E-01  6.8093256296E-01  6.9330170366E-01
HessDelSqRho_EigVec3 =  9.7156468381E-01  1.7994078549E-01  1.5389405084E-01
</CP of DelSqRho>
<CP of DelSqRho>
CP# = 46      
Type = (3,-1)
Coords = -5.71331044863395E-01 -1.05811826273423E-01 -9.04918824993100E-02
DistFromNuc =  5.8805109149E-01
Rho =  4.2912806570E+00
DelSqRho = -2.1346517216E+01
GradDelSqRho = -1.9895196601E-13 -4.2632564146E-14  0.0000000000E+00
HessDelSqRho_EigVals = -8.5316144771E+02 -6.2340714145E+02  6.9368956534E+03
HessDelSqRho_EigVec1 =  1.9961782677E-02 -7.0989587858E-01  7.0402369904E-01
HessDelSqRho_EigVec2 = -2.3593132984E-01  6.8093256296E-01  6.9330170366E-01
HessDelSqRho_EigVec3 =  9.7156468381E-01  1.7994078549E-01  1.5389405084E-01
</CP of DelSqRho>
<CP of DelSqRho>
CP# = 47      
Type = (3,-1)
Coords =  8.54012144059015E-02 -8.84408682627005E-02  5.74850949085436E-01
DistFromNuc =  5.8785097454E-01
Rho =  4.2940972209E+00
DelSqRho = -2.1576323379E+01
GradDelSqRho = -9.9475983006E-14  0.0000000000E+00  2.8421709430E-14
HessDelSqRho_EigVals = -8.4773228400E+02 -6.1460067031E+02  6.9604311695E+03
HessDelSqRho_EigVec1 =  7.0073469200E-01  7.1339964805E-01  5.6421258837E-03
HessDelSqRho_EigVec2 = -6.9847427426E-01  6.8442096088E-01  2.0904936380E-01
HessDelSqRho_EigVec3 =  1.4527415334E-01 -1.5042902134E-01  9.7788881265E-01
</CP of DelSqRho>
<CP of DelSqRho>
CP# = 48      
Type = (3,-1)
Coords = -8.54012144059015E-02  8.84408682627005E-02 -5.74850949085436E-01
DistFromNuc =  5.8785097454E-01
Rho =  4.2940972209E+00
DelSqRho = -2.1576323379E+01
GradDelSqRho =  3.5527136788E-14  0.0000000000E+00  2.2737367544E-13
HessDelSqRho_EigVals = -8.4773228400E+02 -6.1460067031E+02  6.9604311695E+03
HessDelSqRho_EigVec1 =  7.0073469200E-01  7.1339964805E-01  5.6421258837E-03
HessDelSqRho_EigVec2 = -6.9847427426E-01  6.8442096088E-01  2.0904936380E-01
HessDelSqRho_EigVec3 =  1.4527415334E-01 -1.5042902134E-01  9.7788881265E-01
</CP of DelSqRho>
<CP of DelSqRho>
CP# = 49      
Type = (3,+1)
Coords =  1.16988930771342E-02 -4.06766632577051E-01  4.01372914754439E-01
DistFromNuc =  5.7157341976E-01
Rho =  4.8281985780E+00
DelSqRho = -4.1691804518E+01
GradDelSqRho =  4.2632564146E-14 -7.1054273576E-15 -1.7763568394E-14
HessDelSqRho_EigVals = -1.1687009828E+03  7.1297588247E+02  8.8842101864E+03
HessDelSqRho_EigVec1 =  9.6653123208E-01 -1.6556850303E-01 -1.9597052897E-01
HessDelSqRho_EigVec2 =  2.5573071149E-01  6.8273964373E-01  6.8444750134E-01
HessDelSqRho_EigVec3 = -2.0473900935E-02  7.1165556956E-01 -7.0223014012E-01
</CP of DelSqRho>
<CP of DelSqRho>
CP# = 50      
Type = (3,+1)
Coords = -1.16988930771342E-02  4.06766632577051E-01 -4.01372914754439E-01
DistFromNuc =  5.7157341976E-01
Rho =  4.8281985780E+00
DelSqRho = -4.1691804518E+01
GradDelSqRho = -2.8421709430E-14 -4.2632564146E-14 -2.4868995752E-14
HessDelSqRho_EigVals = -1.1687009828E+03  7.1297588247E+02  8.8842101864E+03
HessDelSqRho_EigVec1 =  9.6653123208E-01 -1.6556850303E-01 -1.9597052897E-01
HessDelSqRho_EigVec2 =  2.5573071149E-01  6.8273964373E-01  6.8444750134E-01
HessDelSqRho_EigVec3 = -2.0473900935E-02  7.1165556956E-01 -7.0223014012E-01
</CP of DelSqRho>
<CP of DelSqRho>
CP# = 51      
Type = (3,+1)
Coords =  3.88936955215092E-01  4.18380754482845E-01  4.52801386800956E-03
DistFromNuc =  5.7125730959E-01
Rho =  4.8418791902E+00
DelSqRho = -4.2109542170E+01
GradDelSqRho =  5.2580162446E-13  6.3238303483E-13 -2.8421709430E-14
HessDelSqRho_EigVals = -1.1650822317E+03  7.2873243639E+02  8.9231511390E+03
HessDelSqRho_EigVec1 = -2.1292898785E-01  1.8754675019E-01  9.5889908886E-01
HessDelSqRho_EigVec2 =  7.0077766407E-01 -6.5456955550E-01  2.8363596836E-01
HessDelSqRho_EigVec3 =  6.8086115448E-01  7.3236938323E-01  7.9482594263E-03
</CP of DelSqRho>
<CP of DelSqRho>
CP# = 52      
Type = (3,+1)
Coords = -1.76836090872902E-01  5.25478994733579E-01  1.61087703690722E-01
DistFromNuc =  5.7736333900E-01
Rho =  4.5270113930E+00
DelSqRho = -3.4446348426E+01
GradDelSqRho =  9.9475983006E-14 -1.1368683772E-13  8.5265128291E-14
HessDelSqRho_EigVals = -1.1648904202E+03  4.6790829371E+02  8.2351461176E+03
HessDelSqRho_EigVec1 =  7.0481576558E-01  1.9787898311E-02  7.0911436008E-01
HessDelSqRho_EigVec2 = -6.4039564508E-01 -4.1226938868E-01  6.4801803132E-01
HessDelSqRho_EigVec3 = -3.0516905864E-01  9.1084707291E-01  2.7790188090E-01
</CP of DelSqRho>
<CP of DelSqRho>
CP# = 53      
Type = (3,+1)
Coords =  1.76836090872902E-01 -5.25478994733579E-01 -1.61087703690722E-01
DistFromNuc =  5.7736333900E-01
Rho =  4.5270113930E+00
DelSqRho = -3.4446348426E+01
GradDelSqRho =  2.8421709430E-14 -1.7053025658E-13 -2.9842794902E-13
HessDelSqRho_EigVals = -1.1648904202E+03  4.6790829371E+02  8.2351461176E+03
HessDelSqRho_EigVec1 =  7.0481576558E-01  1.9787898311E-02  7.0911436008E-01
HessDelSqRho_EigVec2 = -6.4039564508E-01 -4.1226938868E-01  6.4801803132E-01
HessDelSqRho_EigVec3 = -3.0516905864E-01  9.1084707291E-01  2.7790188090E-01
</CP of DelSqRho>
<CP of DelSqRho>
CP# = 54      
Type = (3,+1)
Coords = -3.88936955215092E-01 -4.18380754482845E-01 -4.52801386800953E-03
DistFromNuc =  5.7125730959E-01
Rho =  4.8418791902E+00
DelSqRho = -4.2109542170E+01
GradDelSqRho =  5.1159076975E-13  5.2580162446E-13 -1.4210854715E-14
HessDelSqRho_EigVals = -1.1650822317E+03  7.2873243639E+02  8.9231511390E+03
HessDelSqRho_EigVec1 = -2.1292898785E-01  1.8754675019E-01  9.5889908886E-01
HessDelSqRho_EigVec2 =  7.0077766407E-01 -6.5456955550E-01  2.8363596836E-01
HessDelSqRho_EigVec3 =  6.8086115448E-01  7.3236938323E-01  7.9482594263E-03
</CP of DelSqRho>
<CP of DelSqRho>
CP# = 55      
Type = (3,+1)
Coords = -1.66054131825374E-01  1.49170766363655E-01  5.32480655441622E-01
DistFromNuc =  5.7737469693E-01
Rho =  4.5267220097E+00
DelSqRho = -3.4428270943E+01
GradDelSqRho =  7.1054273576E-14 -8.5265128291E-14 -4.2810199830E-13
HessDelSqRho_EigVals = -1.1655851335E+03  4.6730564711E+02  8.2337506059E+03
HessDelSqRho_EigVec1 =  6.8453140970E-01  7.2892465968E-01  9.2514667674E-03
HessDelSqRho_EigVec2 =  6.7035231568E-01 -6.3441141970E-01  3.8490248560E-01
HessDelSqRho_EigVec3 = -2.8643414949E-01  2.5727609890E-01  9.2291087703E-01
</CP of DelSqRho>
<CP of DelSqRho>
CP# = 56      
Type = (3,+1)
Coords =  1.66054131825375E-01 -1.49170766363655E-01 -5.32480655441622E-01
DistFromNuc =  5.7737469693E-01
Rho =  4.5267220097E+00
DelSqRho = -3.4428270943E+01
GradDelSqRho = -1.1368683772E-13 -1.4210854715E-13  3.1352698215E-13
HessDelSqRho_EigVals = -1.1655851335E+03  4.6730564711E+02  8.2337506059E+03
HessDelSqRho_EigVec1 =  6.8453140970E-01  7.2892465968E-01  9.2514667674E-03
HessDelSqRho_EigVec2 =  6.7035231568E-01 -6.3441141970E-01  3.8490248560E-01
HessDelSqRho_EigVec3 = -2.8643414949E-01  2.5727609890E-01  9.2291087703E-01
</CP of DelSqRho>
<CP of DelSqRho>
CP# = 57      
Type = (3,+3)
Coords =  1.82272320546961E-01  3.60862694154641E-01  3.60445341146775E-01
DistFromNuc =  5.4163264933E-01
Rho =  5.9019756748E+00
DelSqRho = -9.2432147994E+01
GradDelSqRho = -2.8421709430E-14 -1.2789769244E-13  5.6843418861E-14
HessDelSqRho_EigVals =  1.5688064379E+03  1.7103657479E+03  1.3863993841E+04
HessDelSqRho_EigVec1 =  9.4109518354E-01 -2.2725463790E-01 -2.5039006584E-01
HessDelSqRho_EigVec2 =  1.5589090559E-02 -7.1054229797E-01  7.0348178587E-01
HessDelSqRho_EigVec3 =  3.3778223129E-01  6.6594667380E-01  6.6514524119E-01
</CP of DelSqRho>
<CP of DelSqRho>
CP# = 58      
Type = (3,+3)
Coords =  3.68421338642984E-01 -3.45737386990257E-01  1.95227380822703E-01
DistFromNuc =  5.4164781339E-01
Rho =  5.8993389376E+00
DelSqRho = -9.2422630036E+01
GradDelSqRho = -4.1211478674E-13  4.0500935938E-13 -1.4210854715E-13
HessDelSqRho_EigVals =  1.5598915348E+03  1.7227798049E+03  1.3863140809E+04
HessDelSqRho_EigVec1 = -2.5475164033E-01  2.5698343648E-01  9.3223447433E-01
HessDelSqRho_EigVec2 =  6.8767130196E-01  7.2591981881E-01 -1.2190042074E-02
HessDelSqRho_EigVec3 =  6.7986011959E-01 -6.3796546148E-01  3.6164939894E-01
</CP of DelSqRho>
<CP of DelSqRho>
CP# = 59      
Type = (3,+3)
Coords = -3.52445139288138E-01 -2.10233415193391E-01  3.53491219374626E-01
DistFromNuc =  5.4163798542E-01
Rho =  5.8994275302E+00
DelSqRho = -9.2445764159E+01
GradDelSqRho =  5.7198690229E-13  2.5579538487E-13 -5.1159076975E-13
HessDelSqRho_EigVals =  1.5608787920E+03  1.7241695116E+03  1.3865851553E+04
HessDelSqRho_EigVec1 = -2.7702090803E-01  9.2108966297E-01  2.7359321864E-01
HessDelSqRho_EigVec2 =  7.0732007803E-01  2.7605118890E-03  7.0688802988E-01
HessDelSqRho_EigVec3 =  6.5035199987E-01  3.8934074067E-01 -6.5226993180E-01
</CP of DelSqRho>
<CP of DelSqRho>
CP# = 60      
Type = (3,+3)
Coords =  3.52445139288138E-01  2.10233415193391E-01 -3.53491219374626E-01
DistFromNuc =  5.4163798542E-01
Rho =  5.8994275302E+00
DelSqRho = -9.2445764159E+01
GradDelSqRho =  7.0343730840E-13  5.6843418861E-13 -4.8316906032E-13
HessDelSqRho_EigVals =  1.5608787920E+03  1.7241695116E+03  1.3865851553E+04
HessDelSqRho_EigVec1 = -2.7702090803E-01  9.2108966297E-01  2.7359321864E-01
HessDelSqRho_EigVec2 =  7.0732007803E-01  2.7605118890E-03  7.0688802988E-01
