 AIMExt (Version 19.02.13, Professional)
 Portions Copyright (c) 1997-2019 by Todd A. Keith
 AIMExt is a component of the AIMAll package ( http://aim.tkgristmill.com )

 TP:  64-bit Linux

 Licensed To:  Research Group of Fernando Cortes Guzman, UNAM, fercor@unam.mx

 AIMExt is a heavily modified and extended version of the EXTREME program
 developed by members of R.F.W. Bader's research group

 Much of the Quantum Theory of Atoms in Molecules (QTAIM) is described in the book:
   "Atoms in Molecules - A Quantum Theory"
   R.F.W. Bader, Oxford University Press, Oxford, 1990

 For additional references see:  http://aim.tkgristmill.com/references.html

 Wfx File:  /home/scratch/M_H2O_4_tetraedrico/Opt/Sc3_tetraedrico_cc-pvtz-def2-tzv_1.wfx
 ExtOut File:  /home/scratch/M_H2O_4_tetraedrico/Opt/Sc3_tetraedrico_cc-pvtz-def2-tzv_1.extout
 Mgp File:  /home/scratch/M_H2O_4_tetraedrico/Opt/Sc3_tetraedrico_cc-pvtz-def2-tzv_1.mgp

 MgpViz File:  /home/scratch/M_H2O_4_tetraedrico/Opt/Sc3_tetraedrico_cc-pvtz-def2-tzv_1.mgpviz

 Wfx Title:   Sc3_tetraedrico_cc-pvtz-def2-tzv_1                                            
 Job Title:  Auto                                                                           
 
Nuclear Charges and Cartesian Coordinates:
-------------------------------------------------------------------------------
Atom      Charge                X                  Y                  Z
-------------------------------------------------------------------------------
Sc1       21.0          -2.7137082821E-05   7.1428703004E-06  -4.8040555792E-05
O2         8.0           2.2796721095E+00  -1.5953808611E+00   2.8294584191E+00
H3         1.0           3.8164691761E+00  -8.5218702200E-01   3.6044986955E+00
O4         8.0           2.3025148231E+00   1.5647792252E+00  -2.8281547045E+00
H5         1.0           2.1093436565E+00   3.2439235520E+00  -3.6388834037E+00
O6         8.0          -2.3095647930E+00  -2.8134328473E+00  -1.5808673888E+00
H7         1.0          -3.8466057220E+00  -3.5782028045E+00  -8.2755044030E-01
O8         8.0          -2.2727298375E+00   2.8440624499E+00   1.5793728159E+00
H9         1.0          -2.0627761965E+00   3.6535523342E+00   3.2571142900E+00
H10        1.0          -3.7996191529E+00   3.6287099538E+00   8.2597436348E-01
H11        1.0           3.8305823382E+00   8.0172845580E-01  -3.6011113877E+00
H12        1.0          -2.1097431537E+00  -3.6263559715E+00  -3.2581618482E+00
H13        1.0           2.0637805168E+00  -3.2715422323E+00   3.6406554492E+00

Total number of electron density critical points found =     25

Electron Density Critical Point Analysis of Molecular Structure:
---------------------------------------------------------------
  NACP = Nuclear Attractor Critical Point
  NNACP = Non-Nuclear Attractor Critical Point
  BCP = Bond Critical Point
  RCP = Ring Critical Point
  CCP = Cage Critical Point
  Rho = Electron Density
  GradRho = Gradient of Electron Density
  HessRho_EigVals = Eigenvalues of the Hessian of Rho, Ascending Order
  HessRho_EigVecs = Eigenvectors of the Hessian of Rho
  DelSqRho = Laplacian of Rho = Trace of Hessian of Rho
  Bond Ellipticity = (HessRho_EigVal(1) / HessRho_EigVal(2)) - 1
  V = Virial Field = Potential Energy Density = Trace of Stress Tensor
  G = Lagrangian Form of Kinetic Energy Density
  K = Hamiltonian Form of Kinetic Energy Density
  L = K - G = Lagrangian Density = (-1/4)DelSqRho
  Vnuc = Electrostatic Potential from Nuclei
  Ven = Electron-nuclear attractive contribution to Virial Field V
  Vrep = V - Ven = Repulsive contribution to Virial Field V
  DelSqV = Laplacian of V
  DelSqVen = Laplacian of Ven
  DelSqVrep = Laplacian of Vrep
  DelSqG = Laplacian of G
  DelSqK = Laplacian of K
  Stress_EigVals = Eigenvalues of Stress Tensor, Ascending Order
  Stress_EigVecs = Eigenvectors of Stress Tensor
  -DivStress = Ehrenfest Force Density = Minus Divergence of Stress Tensor
  ESP = Total Electrostatic Potential
  ESPe = Electrostatic Potential from Electrons
  ESPn = Electrostatic Potential from Nuclei
  BP = Bond Path
  BPL = Bond Path Length
  GBL = Geometric Bond Length
  GBL_I = Distance Between Nuclear Attractors
  GBL_II = Distance Between Nuclei
  GBL_III = Sum of Distances Between BCP and Nuclear Attractors
  GBL_IV = Sum of Distances Between BCP and Nuclei

CP# 1      Coords = -2.71370831253821E-05  7.14287035369584E-06 -4.80405563601691E-05
           Type = (3,-3) NACP Sc1
           Rho =  6.1361648877E+03     Rho at Nucleus =  6.1361648877E+03
           GradRho = -1.2787826353E-12  5.3484994211E-14  1.3282083766E-12
           HessRho_EigVals = -8.1250948767E+08 -8.1250948595E+08 -8.1250948594E+08
           HessRho_EigVec1 =  9.9999754877E-01 -2.1077968968E-03  6.7797837049E-04
           HessRho_EigVec2 = -5.5331510899E-04  5.8591869648E-02  9.9828186734E-01
           HessRho_EigVec3 =  2.1438994424E-03  9.9827979545E-01 -5.8590559750E-02
           DelSqRho = -2.4375284596E+09
           Bond Ellipticity = NA
           V = -6.0950415330E+08
           G =  6.1019205748E+04
           K =  6.0944313409E+08
           L =  6.0938211489E+08
           Vnuc =  2.1000000096E+09
           Ven = -1.2885946323E+13
           Vrep =  1.2885336819E+13
           DelSqV =  1.1608013211E+16
           DelSqVen =  3.8657838632E+29
           DelSqVrep = -3.8657838632E+29
           DelSqG =  8.0705397012E+13
           DelSqK = -1.1688718608E+16
           Stress_EigVals = -2.0316805118E+08 -2.0316805117E+08 -2.0316805094E+08
           Stress_EigVec1 =  2.9447422387E-03  9.9807827629E-01 -6.1895742079E-02
           Stress_EigVec2 = -8.3805898780E-03  6.1918468243E-02  9.9804602549E-01
           Stress_EigVec3 =  9.9996054632E-01 -2.4202654579E-03  8.5468186286E-03
           -DivStress =  1.1725742566E+03 -2.0490779738E+02  2.1857955197E+03
           ESP =  -8.5118365678E+01     ESP at Nucleus =  -8.5118365678E+01
           ESPe = -9.4687173352E+01     ESPe at Nucleus = -9.4687173352E+01
           ESPn =  9.5688076739E+00     ESPn at Nucleus =  9.5688076739E+00

CP# 2      Coords =  2.27967427512205E+00 -1.59538237820446E+00  2.82946094727135E+00
           Type = (3,-3) NACP O2
           Rho =  2.9726003007E+02     Rho at Nucleus =  2.9726002264E+02
           GradRho = -1.1691639323E-10 -1.9653279004E-11 -3.5881464466E-11
           HessRho_EigVals = -1.1096457435E+06 -1.1096368711E+06 -1.1096149733E+06
           HessRho_EigVec1 =  5.8912980038E-01  8.0799345574E-01 -8.5237191780E-03
           HessRho_EigVec2 =  5.7523584629E-01 -4.1196507728E-01  7.0667425045E-01
           HessRho_EigVec3 = -5.6747669507E-01  4.2122600892E-01  7.0748770305E-01
           DelSqRho = -3.3288975880E+06
           Bond Ellipticity = NA
           V = -8.3236026253E+05
           G =  6.7932766218E+01
           K =  8.3229232977E+05
           L =  8.3222439700E+05
           Vnuc =  2.1868095727E+06
           Ven = -6.5005107933E+08
           Vrep =  6.4921871907E+08
           DelSqV =  9.3072690422E+10
           DelSqVen =  7.2796651151E+12
           DelSqVrep = -7.1865924247E+12
           DelSqG =  3.1071222770E+09
           DelSqK = -9.6179812699E+10
           Stress_EigVals = -2.7745759351E+05 -2.7745228112E+05 -2.7745038791E+05
           Stress_EigVec1 = -5.6719996387E-01  4.2101109960E-01  7.0783744956E-01
           Stress_EigVec2 =  5.7490356403E-01 -4.1301364029E-01  7.0633251730E-01
           Stress_EigVec3 =  5.8972035157E-01  8.0757005080E-01 -7.7794598013E-03
           -DivStress = -6.5969216902E+04  4.6214139979E+04 -7.7018936233E+04
           ESP =  -2.1724893489E+01     ESP at Nucleus =  -2.1724893583E+01
           ESPe = -3.2584056330E+01     ESPe at Nucleus = -3.2584062033E+01
           ESPn =  1.0859162841E+01     ESPn at Nucleus =  1.0859168450E+01

CP# 3      Coords =  3.77185047754774E+00 -8.73246579248252E-01  3.58168127540892E+00
           Type = (3,-3) NACP H3
           Rho =  3.7524795106E-01     Rho at Nucleus =  3.6574205686E-01
           GradRho = -1.7756802972E-13 -8.4276335910E-14 -8.9383361823E-14
           HessRho_EigVals = -7.3571824484E+00 -7.3491054512E+00 -5.6909889390E+00
           HessRho_EigVec1 = -8.2981267557E-02  8.0520220032E-01 -5.8716567154E-01
           HessRho_EigVec2 = -5.6552687436E-01  4.4708758654E-01  6.9303105583E-01
           HessRho_EigVec3 =  8.2054461403E-01  3.8956656242E-01  4.1826358893E-01
           DelSqRho = -2.0397276839E+01
           Bond Ellipticity = NA
           V = -5.1472814026E+00
           G =  2.3981096463E-02
           K =  5.1233003061E+00
           L =  5.0993192097E+00
           Vnuc =  3.1023649644E+01
           Ven = -1.1641560963E+01
           Vrep =  6.4942795606E+00
           DelSqV =  1.2255409800E+03
           DelSqVen =  6.3279797033E+02
           DelSqVrep =  5.9274300964E+02
           DelSqG =  9.4456444331E+01
           DelSqK = -1.3199974243E+03
           Stress_EigVals = -1.8613079220E+00 -1.8551498054E+00 -1.4308236751E+00
           Stress_EigVec1 = -5.6201743008E-01  4.1641413989E-01  7.1465773094E-01
           Stress_EigVec2 =  1.0636211911E-01 -8.2046754753E-01  5.6171176155E-01
           Stress_EigVec3 =  8.2025819588E-01  3.9170431137E-01  4.1682637218E-01
           -DivStress =  1.8907804099E+01  8.9267020851E+00  9.6681647781E+00
           ESP =  -4.1268099158E-01     ESP at Nucleus =  -4.1534275270E-01
           ESPe = -1.3040321414E+01     ESPe at Nucleus = -1.2860527185E+01
           ESPn =  1.2627640423E+01     ESPn at Nucleus =  1.2445184432E+01

CP# 4      Coords =  2.30251701315855E+00  1.56478071630536E+00 -2.82815722593280E+00
           Type = (3,-3) NACP O4
           Rho =  2.9725993629E+02     Rho at Nucleus =  2.9725992887E+02
           GradRho = -8.3668634521E-11  9.2462384971E-11 -2.1066833000E-10
           HessRho_EigVals = -1.1096454128E+06 -1.1096365342E+06 -1.1096146408E+06
           HessRho_EigVec1 = -5.7856661714E-01  8.1558470062E-01 -9.0700415857E-03
           HessRho_EigVec2 =  5.8137456623E-01  4.0457008185E-01 -7.0592256135E-01
           HessRho_EigVec3 =  5.7207017339E-01  4.1369631977E-01  7.0823094519E-01
           DelSqRho = -3.3288965879E+06
           Bond Ellipticity = NA
           V = -8.3236001323E+05
           G =  6.7933121776E+01
           K =  8.3229208010E+05
           L =  8.3222414698E+05
           Vnuc =  2.1872698338E+06
           Ven = -6.5018769145E+08
           Vrep =  6.4935533144E+08
           DelSqV =  9.3072662741E+10
           DelSqVen =  7.2811950694E+12
           DelSqVrep = -7.1881224067E+12
           DelSqG =  3.1071213934E+09
           DelSqK = -9.6179784135E+10
           Stress_EigVals = -2.7745751012E+05 -2.7745219885E+05 -2.7745030426E+05
           Stress_EigVec1 =  5.7176820929E-01  4.1346979297E-01  7.0860697509E-01
           Stress_EigVec2 =  5.8109097725E-01  4.0561895421E-01 -7.0555406607E-01
           Stress_EigVec3 = -5.7914971381E-01  8.1517850455E-01 -8.3435429559E-03
           -DivStress = -6.6714352201E+04 -4.5421506755E+04  7.6814382530E+04
           ESP =  -2.1724900134E+01     ESP at Nucleus =  -2.1724900228E+01
           ESPe = -3.2584023899E+01     ESPe at Nucleus = -3.2584029601E+01
           ESPn =  1.0859123765E+01     ESPn at Nucleus =  1.0859129373E+01

CP# 5      Coords =  2.11452296775058E+00  3.19525750914013E+00 -3.61503964709416E+00
           Type = (3,-3) NACP H5
           Rho =  3.7511158988E-01     Rho at Nucleus =  3.6558551400E-01
           GradRho =  1.1594804977E-12 -1.0835700393E-11  5.3032852632E-12
           HessRho_EigVals = -7.3534887972E+00 -7.3452217011E+00 -5.6838648500E+00
           HessRho_EigVec1 =  7.9834822866E-01 -1.9217921817E-01 -5.7070767815E-01
           HessRho_EigVec2 =  5.9434514440E-01  4.0398821682E-01  6.9537570420E-01
           HessRho_EigVec3 = -9.6922418053E-02  8.9434929909E-01 -4.3674406247E-01
           DelSqRho = -2.0382575348E+01
           Bond Ellipticity = NA
           V = -5.1435456429E+00
           G =  2.3950902934E-02
           K =  5.1195947400E+00
           L =  5.0956438371E+00
           Vnuc =  3.1006288745E+01
           Ven = -1.1630818267E+01
           Vrep =  6.4872726244E+00
           DelSqV =  1.2242497626E+03
           DelSqVen =  6.3198801663E+02
           DelSqVrep =  5.9226174598E+02
           DelSqG =  9.4361442260E+01
           DelSqK = -1.3186112049E+03
           Stress_EigVals = -1.8603348046E+00 -1.8542137459E+00 -1.4289970924E+00
           Stress_EigVec1 =  5.6497335228E-01  4.1073060273E-01  7.1561545763E-01
           Stress_EigVec2 = -8.1914049225E-01  1.7507255337E-01  5.4622198327E-01
           Stress_EigVec3 = -9.9065459015E-02  8.9479046320E-01 -4.3535739548E-01
           -DivStress = -2.1950422291E+00  2.0608528080E+01 -1.0095958643E+01
           ESP =  -4.1304648783E-01     ESP at Nucleus =  -4.1571255512E-01
           ESPe = -1.3050551160E+01     ESPe at Nucleus = -1.2870736245E+01
           ESPn =  1.2637504672E+01     ESPn at Nucleus =  1.2455023689E+01

CP# 6      Coords = -2.30956698370723E+00 -2.81343536283060E+00 -1.58086889032316E+00
           Type = (3,-3) NACP O6
           Rho =  2.9726001628E+02     Rho at Nucleus =  2.9726000885E+02
           GradRho =  1.8477053221E-10  2.0111712296E-10 -1.8263168755E-11
           HessRho_EigVals = -1.1096456921E+06 -1.1096368191E+06 -1.1096149216E+06
           HessRho_EigVec1 = -5.8387580347E-01  1.2527423394E-02  8.1174633340E-01
           HessRho_EigVec2 =  5.8255777167E-01  7.0286403386E-01  4.0817715833E-01
           HessRho_EigVec3 = -5.6543389428E-01  7.1121390142E-01 -4.1768325035E-01
           DelSqRho = -3.3288974328E+06
           Bond Ellipticity = NA
           V = -8.3236022389E+05
           G =  6.7932844589E+01
           K =  8.3229229105E+05
           L =  8.3222435820E+05
           Vnuc =  2.1869499465E+06
           Ven = -6.5009277671E+08
           Vrep =  6.4926041648E+08
           DelSqV =  9.3072686115E+10
           DelSqVen =  7.2801321001E+12
           DelSqVrep = -7.1870594140E+12
           DelSqG =  3.1071221320E+09
           DelSqK = -9.6179808247E+10
           Stress_EigVals = -2.7745758060E+05 -2.7745226832E+05 -2.7745037497E+05
           Stress_EigVec1 = -5.6516656310E-01  7.1154610241E-01 -4.1747922115E-01
           Stress_EigVec2 =  5.8220790375E-01  7.0254072979E-01  4.0923157234E-01
           Stress_EigVec3 = -5.8448328698E-01  1.1775700955E-02  8.1132029440E-01
           -DivStress =  6.6732701883E+04  7.6633554475E+04  4.5738964164E+04
           ESP =  -2.1724906991E+01     ESP at Nucleus =  -2.1724907085E+01
           ESPe = -3.2584015481E+01     ESPe at Nucleus = -3.2584021184E+01
           ESPn =  1.0859108489E+01     ESPn at Nucleus =  1.0859114099E+01

CP# 7      Coords = -3.80197520480131E+00 -3.55568479867038E+00 -8.48903200003646E-01
           Type = (3,-3) NACP H7
           Rho =  3.7523754779E-01     Rho at Nucleus =  3.6573213252E-01
           GradRho =  1.8050318185E-13  8.9562038341E-14 -8.6534945876E-14
           HessRho_EigVals = -7.3569995690E+00 -7.3489218877E+00 -5.6908867705E+00
           HessRho_EigVec1 =  9.1906701740E-02  5.8695103794E-01  8.0438898379E-01
           HessRho_EigVec2 = -5.6385041011E-01  6.9649994578E-01 -4.4380236655E-01
           HessRho_EigVec3 =  8.2074714327E-01  4.1276664666E-01 -3.9496559624E-01
           DelSqRho = -2.0396808227E+01
           Bond Ellipticity = NA
           V = -5.1471603561E+00
           G =  2.3979149643E-02
           K =  5.1231812065E+00
           L =  5.0992020568E+00
           Vnuc =  3.1023814332E+01
           Ven = -1.1641300013E+01
           Vrep =  6.4941396570E+00
           DelSqV =  1.2255167893E+03
           DelSqVen =  6.3278679140E+02
           DelSqVrep =  5.9272999788E+02
           DelSqG =  9.4454613897E+01
           DelSqK = -1.3199714032E+03
           Stress_EigVals = -1.8612602947E+00 -1.8551025701E+00 -1.4307974913E+00
           Stress_EigVec1 =  5.5995595600E-01 -7.1835243233E-01  4.1281849559E-01
           Stress_EigVec2 =  1.1545418843E-01  5.6105120557E-01  8.1969010919E-01
           Stress_EigVec3 =  8.2043869833E-01  4.1132873434E-01 -3.9710076127E-01
           -DivStress = -1.8912367304E+01 -9.5410575128E+00  9.0507418267E+00
           ESP =  -4.1269128749E-01     ESP at Nucleus =  -4.1535222085E-01
           ESPe = -1.3040235334E+01     ESPe at Nucleus = -1.2860446890E+01
           ESPn =  1.2627544046E+01     ESPn at Nucleus =  1.2445094669E+01

CP# 8      Coords = -2.27273199691919E+00  2.84406499052148E+00  1.57937431973748E+00
           Type = (3,-3) NACP O8
           Rho =  2.9725996629E+02     Rho at Nucleus =  2.9725995886E+02
           GradRho =  3.9741321345E-11  1.9249069005E-10 -9.8483554645E-11
           HessRho_EigVals = -1.1096455202E+06 -1.1096366440E+06 -1.1096147488E+06
           HessRho_EigVec1 =  5.8376882473E-01  4.7280786961E-03  8.1190615501E-01
           HessRho_EigVec2 =  5.7349981851E-01 -7.1025175046E-01 -4.0821613042E-01
           HessRho_EigVec3 =  5.7472768982E-01  7.0393188324E-01 -4.1733438190E-01
           DelSqRho = -3.3288969129E+06
           Bond Ellipticity = NA
           V = -8.3236009430E+05
           G =  6.7933034733E+01
           K =  8.3229216127E+05
           L =  8.3222422823E+05
           Vnuc =  2.1871423085E+06
           Ven = -6.5014984887E+08
           Vrep =  6.4931748878E+08
           DelSqV =  9.3072671751E+10
           DelSqVen =  7.2807712768E+12
           DelSqVrep = -7.1876986050E+12
           DelSqG =  3.1071216858E+09
           DelSqK = -9.6179793437E+10
           Stress_EigVals = -2.7745753727E+05 -2.7745222554E+05 -2.7745033150E+05
           Stress_EigVec1 =  5.7444754956E-01  7.0428874809E-01 -4.1711793550E-01
           Stress_EigVec2 =  5.7321835035E-01 -7.0990221632E-01 -4.0921823771E-01
           Stress_EigVec3 =  5.8432074722E-01  4.0252410030E-03  8.1151282295E-01
           -DivStress =  6.5779997560E+04 -7.7396383570E+04 -4.5810572142E+04
           ESP =  -2.1724900256E+01     ESP at Nucleus =  -2.1724900350E+01
           ESPe = -3.2584036006E+01     ESPe at Nucleus = -3.2584041708E+01
           ESPn =  1.0859135749E+01     ESPn at Nucleus =  1.0859141358E+01

CP# 9      Coords = -2.06844286642373E+00  3.62974281390890E+00  3.20848827472776E+00
           Type = (3,-3) NACP H9
           Rho =  3.7511288304E-01     Rho at Nucleus =  3.6558741853E-01
           GradRho = -1.2316831582E-12 -5.1491283026E-12 -1.0526836347E-11
           HessRho_EigVals = -7.3535511462E+00 -7.3452896066E+00 -5.6840244212E+00
           HessRho_EigVec1 =  7.9499828812E-01 -5.7694725208E-01  1.8737553256E-01
           HessRho_EigVec2 =  5.9730004115E-01  6.9060077284E-01 -4.0780293452E-01
           HessRho_EigVec3 =  1.0587909486E-01  4.3612204814E-01  8.9363704959E-01
           DelSqRho = -2.0382865174E+01
           Bond Ellipticity = NA
           V = -5.1436179837E+00
           G =  2.3950845127E-02
           K =  5.1196671386E+00
           L =  5.0957162935E+00
           Vnuc =  3.1007163069E+01
           Ven = -1.1631186334E+01
           Vrep =  6.4875683501E+00
           DelSqV =  1.2242782598E+03
           DelSqVen =  6.3201482428E+02
           DelSqVrep =  5.9226343547E+02
           DelSqG =  9.4363613130E+01
           DelSqK = -1.3186418729E+03
           Stress_EigVals = -1.8603513058E+00 -1.8542292187E+00 -1.4290374592E+00
           Stress_EigVec1 =  5.6763533653E-01  7.1135055591E-01 -4.1445206156E-01
           Stress_EigVec2 = -8.1616398680E-01  5.5226911653E-01 -1.6992695365E-01
           Stress_EigVec3 =  1.0801144094E-01  4.3471739042E-01  8.9406617154E-01
           -DivStress =  2.4014401674E+00  1.0081586870E+01  2.0591879879E+01
           ESP =  -4.1304593222E-01     ESP at Nucleus =  -4.1571156560E-01
           ESPe = -1.3050681262E+01     ESPe at Nucleus = -1.2870876166E+01
           ESPn =  1.2637635329E+01     ESPn at Nucleus =  1.2455164600E+01

CP# 10     Coords = -3.75528321755792E+00  3.60561221835430E+00  8.47333416497959E-01
           Type = (3,-3) NACP H10
           Rho =  3.7524703327E-01     Rho at Nucleus =  3.6574003215E-01
           GradRho =  1.1517869991E-13 -6.0131153529E-14  5.5032367552E-14
           HessRho_EigVals = -7.3570981578E+00 -7.3490106976E+00 -5.6907261308E+00
           HessRho_EigVec1 = -8.4777062015E-02  5.8758062383E-01  8.0471228415E-01
           HessRho_EigVec2 =  5.7282530339E-01  6.8955739116E-01 -4.4314983481E-01
           HessRho_EigVec3 =  8.1528155968E-01 -4.2339061728E-01  3.9503969882E-01
           DelSqRho = -2.0396834986E+01
           Bond Ellipticity = NA
           V = -5.1471716765E+00
           G =  2.3981464991E-02
           K =  5.1231902115E+00
           L =  5.0992087466E+00
           Vnuc =  3.1022105294E+01
           Ven = -1.1640952977E+01
           Vrep =  6.4937813008E+00
           DelSqV =  1.2254949492E+03
           DelSqVen =  6.3275276260E+02
           DelSqVrep =  5.9274218662E+02
           DelSqG =  9.4452920310E+01
           DelSqK = -1.3199478695E+03
           Stress_EigVals = -1.8612854545E+00 -1.8551290023E+00 -1.4307572198E+00
           Stress_EigVec1 =  5.6925361441E-01  7.1115011780E-01 -4.1257221481E-01
           Stress_EigVec2 =  1.0836748426E-01 -5.6233658145E-01 -8.1977683397E-01
           Stress_EigVec3 =  8.1498884093E-01 -4.2195151276E-01  3.9717768070E-01
           -DivStress = -1.8787538454E+01  9.7867310494E+00 -9.0534164198E+00
           ESP =  -4.1268650191E-01     ESP at Nucleus =  -4.1534908554E-01
           ESPe = -1.3040095460E+01     ESPe at Nucleus = -1.2860283560E+01
           ESPn =  1.2627408958E+01     ESPn at Nucleus =  1.2444934474E+01

CP# 11     Coords =  3.78620818357296E+00  8.23368054400999E-01 -3.57835290414215E+00
           Type = (3,-3) NACP H11
           Rho =  3.7524787731E-01     Rho at Nucleus =  3.6574114019E-01
           GradRho = -1.2213841050E-13  5.9945104436E-14  6.3079966597E-14
           HessRho_EigVals = -7.3571249240E+00 -7.3490377897E+00 -5.6907952625E+00
           HessRho_EigVec1 = -9.4601058698E-02 -8.0433118519E-01  5.8660206632E-01
           HessRho_EigVec2 =  5.7029020957E-01  4.3919100913E-01  6.9417601108E-01
           HessRho_EigVec3 =  8.1597776719E-01 -4.0020320091E-01 -4.1715426574E-01
           DelSqRho = -2.0396957976E+01
           Bond Ellipticity = NA
           V = -5.1472013698E+00
           G =  2.3980937878E-02
           K =  5.1232204319E+00
           L =  5.0992394940E+00
           Vnuc =  3.1022712704E+01
           Ven = -1.1641207090E+01
           Vrep =  6.4940057206E+00
           DelSqV =  1.2255067792E+03
           DelSqVen =  6.3276896732E+02
           DelSqVrep =  5.9273781191E+02
           DelSqG =  9.4453754714E+01
           DelSqK = -1.3199605339E+03
           Stress_EigVals = -1.8612918627E+00 -1.8551352796E+00 -1.4307742275E+00
           Stress_EigVec1 =  5.6641885080E-01  4.0908856287E-01  7.1541333031E-01
           Stress_EigVec2 = -1.1777522747E-01 -8.1900383083E-01  5.6157076213E-01
           Stress_EigVec3 =  8.1565843418E-01 -4.0234223344E-01 -4.1571871011E-01
           -DivStress =  1.8803817238E+01 -9.1723631659E+00 -9.6430392604E+00
           ESP =  -4.1268652464E-01     ESP at Nucleus =  -4.1534868410E-01
           ESPe = -1.3040381436E+01     ESPe at Nucleus = -1.2860577389E+01
           ESPn =  1.2627694911E+01     ESPn at Nucleus =  1.2445228705E+01

CP# 12     Coords = -2.11511116686355E+00 -3.60245185905801E+00 -3.20954567878438E+00
           Type = (3,-3) NACP H12
           Rho =  3.7511496883E-01     Rho at Nucleus =  3.6558874729E-01
           GradRho = -1.1628337182E-12  5.1380080746E-12  1.0461532682E-11
           HessRho_EigVals = -7.3535567270E+00 -7.3452918525E+00 -5.6839063363E+00
           HessRho_EigVec1 =  8.0226382730E-01  5.6672814664E-01 -1.8759520037E-01
           HessRho_EigVec2 = -5.8846510294E-01  6.9791782747E-01 -4.0819055442E-01
           HessRho_EigVec3 = -1.0040704170E-01  4.3786974535E-01  8.9341396457E-01
           DelSqRho = -2.0382754916E+01
           Bond Ellipticity = NA
           V = -5.1435931316E+00
           G =  2.3952201300E-02
           K =  5.1196409303E+00
           L =  5.0956887290E+00
           Vnuc =  3.1005891726E+01
           Ven = -1.1630774109E+01
           Vrep =  6.4871809771E+00
           DelSqV =  1.2242598985E+03
           DelSqVen =  6.3198549202E+02
           DelSqVrep =  5.9227440647E+02
           DelSqG =  9.4362301330E+01
           DelSqK = -1.3186221998E+03
           Stress_EigVals = -1.8603531085E+00 -1.8542316819E+00 -1.4290083412E+00
           Stress_EigVec1 =  5.5817505016E-01 -7.1852738200E-01  4.1492049202E-01
           Stress_EigVec2 =  8.2336107053E-01  5.4147293593E-01 -1.6995177900E-01
           Stress_EigVec3 = -1.0255321016E-01  4.3649222327E-01  8.9384415762E-01
           -DivStress =  2.2749542283E+00 -1.0121597011E+01 -2.0587591551E+01
           ESP =  -4.1305517856E-01     ESP at Nucleus =  -4.1572179810E-01
           ESPe = -1.3050225929E+01     ESPe at Nucleus = -1.2870404546E+01
           ESPn =  1.2637170750E+01     ESPn at Nucleus =  1.2454682748E+01

CP# 13     Coords =  2.06961660960732E+00 -3.22295834108051E+00  3.61679862695093E+00
           Type = (3,-3) NACP H13
           Rho =  3.7510767833E-01     Rho at Nucleus =  3.6558203964E-01
           GradRho =  1.2339677891E-12  1.0221226643E-11 -5.0125897356E-12
           HessRho_EigVals = -7.3534429379E+00 -7.3451826046E+00 -5.6838901392E+00
           HessRho_EigVec1 =  7.9983734697E-01  1.8225670768E-01  5.7187648220E-01
           HessRho_EigVec2 = -5.9023648688E-01  4.1186054384E-01  6.9425627976E-01
           HessRho_EigVec3 =  1.0900049514E-01  8.9283446670E-01 -4.3699600356E-01
           DelSqRho = -2.0382515682E+01
           Bond Ellipticity = NA
           V = -5.1435308989E+00
           G =  2.3950989262E-02
           K =  5.1195799097E+00
           L =  5.0956289204E+00
           Vnuc =  3.1006331669E+01
           Ven = -1.1630713086E+01
           Vrep =  6.4871821871E+00
           DelSqV =  1.2242527591E+03
           DelSqVen =  6.3198704148E+02
           DelSqVrep =  5.9226571764E+02
           DelSqG =  9.4361775849E+01
           DelSqK = -1.3186145350E+03
           Stress_EigVals = -1.8603242396E+00 -1.8542025014E+00 -1.4290041580E+00
           Stress_EigVec1 =  5.6035163639E-01 -4.1832734729E-01 -7.1484842736E-01
           Stress_EigVec2 =  8.2076407925E-01  1.6464362837E-01  5.4702724050E-01
           Stress_EigVec3 =  1.1114121560E-01  8.9324952065E-01 -4.3560638660E-01
           -DivStress = -2.4731443905E+00 -2.0573676812E+01  1.0101456025E+01
           ESP =  -4.1304003140E-01     ESP at Nucleus =  -4.1570598409E-01
           ESPe = -1.3050180747E+01     ESPe at Nucleus = -1.2870365972E+01
           ESPn =  1.2637140715E+01     ESPn at Nucleus =  1.2454659988E+01

CP# 14     Coords =  1.13945817512199E+00 -7.91883307896274E-01  1.41256309472455E+00
           Type = (3,-1) BCP O2 Sc1
           Rho =  7.4769514692E-02
           GradRho = -8.5001450323E-17 -5.2041704279E-18  2.2551405188E-17
           HessRho_EigVals = -1.2959085636E-01 -1.0762421984E-01  5.3191728568E-01
           HessRho_EigVec1 =  5.8516780347E-01  8.1083164441E-01 -1.1431806928E-02
           HessRho_EigVec2 =  5.7226026831E-01 -4.2289974211E-01 -7.0261938020E-01
           HessRho_EigVec3 =  5.7454053564E-01 -4.0460827049E-01  7.1147404756E-01
           DelSqRho =  2.9470220947E-01
           Bond Ellipticity =  2.0410495472E-01
           V = -9.2563122787E-02
           G =  8.3119337577E-02
           K =  9.4437852099E-03
           L = -7.3675552367E-02
           Vnuc =  2.0981473146E+01
           Ven = -1.5687745647E+00
           Vrep =  1.4762114419E+00
           DelSqV = -7.5698260592E-01
           DelSqVen = -6.1832864941E+00
           DelSqVrep =  5.4263038882E+00
           DelSqG =  6.7621373186E-01
           DelSqK =  8.0768874058E-02
           Stress_EigVals = -4.9391657984E-02 -4.4700520732E-02  1.5290559287E-03
           Stress_EigVec1 =  5.7596312368E-01 -4.2005194432E-01 -7.0130082292E-01
           Stress_EigVec2 =  5.8050492884E-01  8.1418366271E-01 -1.0908298096E-02
           Stress_EigVec3 =  5.7556972450E-01 -4.0082580686E-01  7.1278198967E-01
           -DivStress = -2.9449101255E-02  2.0469236668E-02 -3.6388420924E-02
           ESP =   1.0462140702E+00
           ESPe = -1.9935259076E+01
           ESPn =  2.0981473146E+01
           BPL =  3.9692924291E+00 =  1.9882924291E+00 +  1.9810000000E+00
           GBL_I =  3.9692009088E+00
           GBL_II =  3.9684251717E+00
           GBL_III =  3.9692119402E+00 =  1.9882914865E+00 +  1.9809204537E+00
           GBL_IV =  3.9684361784E+00 =  1.9882878299E+00 +  1.9801483485E+00
             81 sample points along path from BCP to atom O2      
             1.1394581751E+00  -7.9188330790E-01   1.4125630947E+00   7.4769514692E-02
             1.1538212218E+00  -8.0199861531E-01   1.4303502655E+00   7.4933945796E-02
             1.1681833288E+00  -8.1211407164E-01   1.4481381104E+00   7.5420737450E-02
             1.1825444654E+00  -8.2222959998E-01   1.4659266978E+00   7.6221609767E-02
             1.1969046331E+00  -8.3234512139E-01   1.4837160713E+00   7.7330188694E-02
             1.2112638343E+00  -8.4246056170E-01   1.5015062711E+00   7.8741944730E-02
             1.2256220730E+00  -8.5257585182E-01   1.5192973331E+00   8.0454145261E-02
             1.2399793546E+00  -8.6269092811E-01   1.5370892890E+00   8.2465821247E-02
             1.2543356862E+00  -8.7280573257E-01   1.5548821661E+00   8.4777748896E-02
             1.2686910762E+00  -8.8292021304E-01   1.5726759871E+00   8.7392446866E-02
             1.2830455342E+00  -8.9303432324E-01   1.5904707703E+00   9.0314189355E-02
             1.2973990712E+00  -9.0314802275E-01   1.6082665298E+00   9.3549035309E-02
             1.3117516995E+00  -9.1326127693E-01   1.6260632753E+00   9.7104873694E-02
             1.3261034321E+00  -9.2337405671E-01   1.6438610127E+00   1.0099148453E-01
             1.3404542836E+00  -9.3348633840E-01   1.6616597435E+00   1.0522061500E-01
             1.3548042695E+00  -9.4359810346E-01   1.6794594658E+00   1.0980606947E-01
             1.3691534062E+00  -9.5370933814E-01   1.6972601739E+00   1.1476381181E-01
             1.3835017116E+00  -9.6382003322E-01   1.7150618586E+00   1.2011207757E-01
             1.3978492046E+00  -9.7393018366E-01   1.7328645073E+00   1.2587149310E-01
             1.4121959053E+00  -9.8403978824E-01   1.7506681046E+00   1.3206519740E-01
             1.4265418351E+00  -9.9414884924E-01   1.7684726316E+00   1.3871896196E-01
             1.4408870166E+00  -1.0042573721E+00   1.7862780672E+00   1.4586130219E-01
             1.4552314738E+00  -1.0143653649E+00   1.8040843870E+00   1.5352357309E-01
             1.4695752321E+00  -1.0244728384E+00   1.8218915647E+00   1.6174004028E-01
             1.4839183182E+00  -1.0345798053E+00   1.8396995714E+00   1.7054791586E-01
             1.4982607598E+00  -1.0446862800E+00   1.8575083764E+00   1.7998734700E-01
             1.5126025863E+00  -1.0547922787E+00   1.8753179470E+00   1.9010134365E-01
             1.5269438279E+00  -1.0648978184E+00   1.8931282489E+00   2.0093563003E-01
             1.5412845160E+00  -1.0750029172E+00   1.9109392468E+00   2.1253840340E-01
             1.5556246830E+00  -1.0851075937E+00   1.9287509037E+00   2.2495998272E-01
             1.5699643620E+00  -1.0952118668E+00   1.9465631824E+00   2.3825232987E-01
             1.5843035869E+00  -1.1053157557E+00   1.9643760445E+00   2.5246842689E-01
             1.5986423922E+00  -1.1154192795E+00   1.9821894515E+00   2.6766149551E-01
             1.6129808129E+00  -1.1255224570E+00   2.0000033645E+00   2.8388404943E-01
             1.6273188844E+00  -1.1356253067E+00   2.0178177445E+00   3.0118677720E-01
             1.6416566424E+00  -1.1457278464E+00   2.0356325526E+00   3.1961726297E-01
             1.6559941231E+00  -1.1558300937E+00   2.0534477497E+00   3.3921856577E-01
             1.6703313631E+00  -1.1659320652E+00   2.0712632968E+00   3.6002769424E-01
             1.6846683996E+00  -1.1760337770E+00   2.0890791550E+00   3.8207403316E-01
             1.6990052706E+00  -1.1861352446E+00   2.1068952849E+00   4.0537780023E-01
             1.7133420149E+00  -1.1962364828E+00   2.1247116468E+00   4.2994863447E-01
             1.7276786729E+00  -1.2063375059E+00   2.1425282000E+00   4.5578444094E-01
             1.7420152867E+00  -1.2164383279E+00   2.1603449028E+00   4.8287063652E-01
             1.7563519011E+00  -1.2265389628E+00   2.1781617112E+00   5.1117995745E-01
             1.7706885636E+00  -1.2366394247E+00   2.1959785790E+00   5.4067299747E-01
             1.7850253258E+00  -1.2467397282E+00   2.2137954563E+00   5.7129964519E-01
             1.7993622439E+00  -1.2568398892E+00   2.2316122891E+00   6.0300157960E-01
             1.8136993795E+00  -1.2669399251E+00   2.2494290176E+00   6.3571596873E-01
             1.8280368003E+00  -1.2770398562E+00   2.2672455761E+00   6.6938050873E-01
             1.8423745807E+00  -1.2871397060E+00   2.2850618914E+00   7.0393996681E-01
             1.8567128006E+00  -1.2972395027E+00   2.3028778830E+00   7.3935450223E-01
             1.8710515442E+00  -1.3073392801E+00   2.3206934640E+00   7.7561033072E-01
             1.8853908955E+00  -1.3174390781E+00   2.3385085443E+00   8.1273392775E-01
             1.8997309284E+00  -1.3275389429E+00   2.3563230380E+00   8.5081218602E-01
             1.9140716902E+00  -1.3376389248E+00   2.3741368786E+00   8.9002311986E-01
             1.9284131712E+00  -1.3477390722E+00   2.3919500464E+00   9.3068533908E-01
             1.9427552550E+00  -1.3578394198E+00   2.4097626153E+00   9.7334020344E-01
             1.9570976485E+00  -1.3679399674E+00   2.4275748213E+00   1.0188889408E+00
             1.9714398031E+00  -1.3780406504E+00   2.4453871431E+00   1.0688185126E+00
             1.9857808719E+00  -1.3881413105E+00   2.4632003519E+00   1.1255645497E+00
             2.0001197784E+00  -1.3982416914E+00   2.4810154597E+00   1.1930762744E+00
             2.0144554416E+00  -1.4083414822E+00   2.4988335119E+00   1.2776652638E+00
             2.0287870804E+00  -1.4184404037E+00   2.5166552939E+00   1.3892370082E+00
             2.0431144128E+00  -1.4285382871E+00   2.5344811260E+00   1.5430293120E+00
             2.0574376345E+00  -1.4386350975E+00   2.5523108691E+00   1.7620424374E+00
             2.0717572386E+00  -1.4487309023E+00   2.5701440870E+00   2.0805011493E+00
             2.0860738184E+00  -1.4588258198E+00   2.5879802352E+00   2.5490159709E+00
             2.1003879374E+00  -1.4689199789E+00   2.6058187876E+00   3.2426330622E+00
             2.1147000747E+00  -1.4790134972E+00   2.6236592924E+00   4.2734899135E+00
             2.1290106175E+00  -1.4891064751E+00   2.6415013820E+00   5.8097753967E+00
             2.1433198742E+00  -1.4991989962E+00   2.6593447614E+00   8.1015334056E+00
             2.1576280877E+00  -1.5092911294E+00   2.6771891969E+00   1.1512911568E+01
             2.1719354424E+00  -1.5193829280E+00   2.6950345100E+00   1.6567264245E+01
             2.1862420664E+00  -1.5294744284E+00   2.7128805776E+00   2.4036622467E+01
             2.2005480409E+00  -1.5395656503E+00   2.7307273234E+00   3.5123338855E+01
             2.2148534257E+00  -1.5496566073E+00   2.7485746916E+00   5.1670118157E+01
             2.2291582781E+00  -1.5597473142E+00   2.7664226280E+00   7.6224689173E+01
             2.2434626240E+00  -1.5698377725E+00   2.7842711108E+00   1.1281017451E+02
             2.2577664600E+00  -1.5799279694E+00   2.8021201501E+00   1.6749623023E+02
             2.2720697048E+00  -1.5900178506E+00   2.8199698415E+00   2.4909575482E+02
             2.2796742751E+00  -1.5953823782E+00   2.8294609473E+00   2.9726003007E+02
             81 sample points along path from BCP to atom Sc1     
             1.1394581751E+00  -7.9188330790E-01   1.4125630947E+00   7.4769514692E-02
             1.1250941965E+00  -7.8176822925E-01   1.3947765464E+00   7.4937703922E-02
             1.1107292865E+00  -7.7165346293E-01   1.3769905726E+00   7.5450839079E-02
             1.0963634237E+00  -7.6153910709E-01   1.3592051350E+00   7.6323408274E-02
             1.0819966188E+00  -7.5142525169E-01   1.3414201738E+00   7.7572168445E-02
             1.0676288835E+00  -7.4131198664E-01   1.3236356285E+00   7.9216259877E-02
             1.0532602314E+00  -7.3119940045E-01   1.3058514378E+00   8.1277327305E-02
             1.0388906781E+00  -7.2108757913E-01   1.2880675403E+00   8.3779645692E-02
             1.0245202409E+00  -7.1097660499E-01   1.2702838755E+00   8.6750248386E-02
             1.0101489388E+00  -7.0086655560E-01   1.2525003838E+00   9.0219054935E-02
             9.9577679241E-01  -6.9075750268E-01   1.2347170079E+00   9.4218995305E-02
             9.8140382394E-01  -6.8064951110E-01   1.2169336932E+00   9.8786126627E-02
             9.6703005675E-01  -6.7054263792E-01   1.1991503883E+00   1.0395973787E-01
             9.5265551541E-01  -6.6043693152E-01   1.1813670461E+00   1.0978243701E-01
             9.3828022543E-01  -6.5033243080E-01   1.1635836240E+00   1.1630021430E-01
             9.2390421313E-01  -6.4022916446E-01   1.1458000844E+00   1.2356247425E-01
             9.0952750544E-01  -6.3012715038E-01   1.1280163956E+00   1.3162202754E-01
             8.9515012977E-01  -6.2002639505E-01   1.1102325319E+00   1.4053503299E-01
             8.8077211382E-01  -6.0992689303E-01   1.0924484739E+00   1.5036087807E-01
             8.6639348545E-01  -5.9982862647E-01   1.0746642096E+00   1.6116198481E-01
             8.5201427258E-01  -5.8973156465E-01   1.0568797338E+00   1.7300352616E-01
             8.3763450302E-01  -5.7963566338E-01   1.0390950492E+00   1.8595303607E-01
             8.2325420444E-01  -5.6954086438E-01   1.0213101667E+00   2.0007989414E-01
             8.0887340429E-01  -5.5944709447E-01   1.0035251057E+00   2.1545466352E-01
             7.9449212973E-01  -5.4935426451E-01   9.8573989483E-01   2.3214825846E-01
             7.8011040768E-01  -5.3926226806E-01   9.6795457283E-01   2.5023091507E-01
             7.6572826481E-01  -5.2917097950E-01   9.5016918947E-01   2.6977093660E-01
             7.5134572760E-01  -5.1908025162E-01   9.3238380687E-01   2.9083318192E-01
             7.3696282249E-01  -5.0898991249E-01   9.1459850122E-01   3.1347726451E-01
             7.2257957600E-01  -4.9889976128E-01   8.9681336505E-01   3.3775542798E-01
             7.0819601498E-01  -4.8880956288E-01   8.7902851001E-01   3.6371006581E-01
             6.9381216689E-01  -4.7871904104E-01   8.6124407066E-01   3.9137085712E-01
             6.7942806017E-01  -4.6862786942E-01   8.4346020918E-01   4.2075150007E-01
             6.6504372472E-01  -4.5853566033E-01   8.2567712144E-01   4.5184604165E-01
             6.5065919255E-01  -4.4844195020E-01   8.0789504481E-01   4.8462483191E-01
             6.3627449846E-01  -4.3834618120E-01   7.9011426801E-01   5.1903017610E-01
             6.2188968106E-01  -4.2824767791E-01   7.7233514377E-01   5.5497182654E-01
             6.0750478400E-01  -4.1814561769E-01   7.5455810482E-01   5.9232255502E-01
             5.9311985740E-01  -4.0803899335E-01   7.3678368420E-01   6.3091418561E-01
             5.7873495986E-01  -3.9792656638E-01   7.1901254076E-01   6.7053465753E-01
             5.6435016077E-01  -3.8780680949E-01   7.0124549069E-01   7.1092694116E-01
             5.4996554315E-01  -3.7767783806E-01   6.8348354535E-01   7.5179096080E-01
             5.3558120691E-01  -3.6753733427E-01   6.6572795367E-01   7.9279010343E-01
             5.2119727201E-01  -3.5738247615E-01   6.4798024265E-01   8.3356443365E-01
             5.0681388021E-01  -3.4720990537E-01   6.3024223817E-01   8.7375342170E-01
