 AIMInt (Version 19.02.13, Professional)
 Portions Copyright (c) 1997-2019 by Todd A. Keith
 AIMInt is a component of the AIMAll package ( http://aim.tkgristmill.com )

 TP:  64-bit Linux

 Licensed To:  Research Group of Fernando Cortes Guzman, UNAM, fercor@unam.mx

 AIMInt is a heavily modified and extended version of the PROAIMV program
 developed by members of R.F.W. Bader's research group

 Much of the Quantum Theory of Atoms in Molecules (QTAIM) is described in the book:
   "Atoms in Molecules - A Quantum Theory"
   R.F.W. Bader, Oxford University Press, Oxford, 1990

 For additional references see:  http://aim.tkgristmill.com/references.html

 Current Directory:  /home/scratch/M_H2O_4_cuadrado_plano/Opt

 Inp File:  Fe3_cuadrado_plano_cc-pvtz-def2-tzv_10_atomicfiles/fe1.inp
 Wfx File:  Fe3_cuadrado_plano_cc-pvtz-def2-tzv_10.wfx
 Out File:  Fe3_cuadrado_plano_cc-pvtz-def2-tzv_10_atomicfiles/fe1.int

 Wfx Title:   Fe3_cuadrado_plano_cc-pvtz-def2-tzv_10                                        
 Job Title:   Fe3_cuadrado_plano_cc-pvtz-def2-tzv_10                                        
 
<Atom>
Fe1     
</Atom>
<Nuclei of Molecule>
    13
Fe1       26.0          -2.1635071957E-05   4.5956422413E-05   1.8200324605E-04
O2         8.0           3.6336028085E+00   5.6727660433E-03   9.0142198484E-04
H3         1.0           4.7273242565E+00   6.6527123908E-01  -1.3764891726E+00
O4         8.0          -6.1069883189E-03   3.5906362337E+00   1.2181537423E-02
H5         1.0          -1.5252221084E+00   4.6829988490E+00   1.5151909543E-01
O6         8.0          -3.6334773261E+00  -5.9565496571E-03   8.9856849837E-04
H7         1.0          -4.7291836185E+00   6.5003999678E-01  -1.3766410499E+00
O8         8.0           6.0349565436E-03  -3.5905347588E+00  -1.4487524984E-02
H9         1.0          -1.5094383259E+00  -4.6879458550E+00  -1.5386699712E-01
H10        1.0           1.5093577337E+00   4.6881700487E+00   1.5063464691E-01
H11        1.0          -4.7263721701E+00  -6.6553982933E-01   1.3789687653E+00
H12        1.0           1.5251939183E+00  -4.6828088215E+00  -1.5410916552E-01
H13        1.0           4.7284752215E+00  -6.4992202458E-01   1.3792997698E+00
</Nuclei of Molecule>
<Total Number of CPs of DelSqRho>
    63
</Total Number of CPs of DelSqRho>
<Number of (3,+3) CPs of DelSqRho>
     8
</Number of (3,+3) CPs of DelSqRho>
<Number of (3,+1) CPs of DelSqRho>
    23
</Number of (3,+1) CPs of DelSqRho>
<Number of (3,-1) CPs of DelSqRho>
    24
</Number of (3,-1) CPs of DelSqRho>
<Number of (3,-3) CPs of DelSqRho>
     8
</Number of (3,-3) CPs of DelSqRho>
<Number of Degenerate CPs of DelSqRho>
     0
</Number of Degenerate CPs of DelSqRho>
<CP of DelSqRho>
CP# = 1       
Type = (3,+3)
Coords = -2.16350719261654E-05  4.59564224073094E-05  1.82003246116546E-04
DistFromNuc =  7.7234624021E-14
Rho =  1.1821613845E+04
DelSqRho = -7.3310134224E+09
GradDelSqRho = -6.6374777816E-05 -9.6267763183E-05  6.0043963458E-05
HessDelSqRho_EigVals =  7.4991564397E+16  7.4991564408E+16  7.4991564491E+16
HessDelSqRho_EigVec1 = -2.6625843027E-03  9.9971651928E-01  2.3659917979E-02
HessDelSqRho_EigVec2 =  9.9999645530E-01  2.6616944428E-03  6.9102559396E-05
HessDelSqRho_EigVec3 = -6.1074979492E-06 -2.3660018103E-02  9.9972006257E-01
</CP of DelSqRho>
<CP of DelSqRho>
CP# = 2       
Type = (3,-1)
Coords = -1.57402168092624E-01 -2.17015281661056E-04  1.82309618537096E-04
DistFromNuc =  1.5738075272E-01
Rho =  1.0592876572E+02
DelSqRho = -6.8593137515E+03
GradDelSqRho =  2.9103830457E-11 -1.7053025658E-13 -5.6621374256E-14
HessDelSqRho_EigVals = -1.2043758046E+05 -4.8320180351E+04  1.3867203988E+07
HessDelSqRho_EigVec1 = -1.3602721333E-03  8.1357999170E-01 -5.8145141394E-01
HessDelSqRho_EigVec2 = -9.6991709404E-04  5.8145060498E-01  8.1358112885E-01
HessDelSqRho_EigVec3 =  9.9999860446E-01  1.6706514035E-03 -1.8259135420E-06
</CP of DelSqRho>
<CP of DelSqRho>
CP# = 3       
Type = (3,+1)
Coords = -2.07860217073252E-04  1.12803839147658E-01  1.10070156173731E-01
DistFromNuc =  1.5744770862E-01
Rho =  1.0615291210E+02
DelSqRho = -7.0849428311E+03
GradDelSqRho =  2.2737367544E-13 -2.9103830457E-11  1.4551915228E-11
HessDelSqRho_EigVals = -1.4135523331E+04  3.2230130860E+04  1.3831662032E+07
HessDelSqRho_EigVec1 =  9.9999870017E-01  1.6118248373E-03  4.0913924251E-05
HessDelSqRho_EigVec2 =  1.0944973388E-03 -6.9723744402E-01  7.1683941628E-01
HessDelSqRho_EigVec3 = -1.1839462955E-03  7.1683843974E-01  6.9723830187E-01
</CP of DelSqRho>
<CP of DelSqRho>
CP# = 4       
Type = (3,-1)
Coords =  4.86712808342924E-05 -4.19051158028778E-02  1.52016202454318E-01
DistFromNuc =  1.5752308229E-01
Rho =  1.0598096753E+02
DelSqRho = -6.9612197264E+03
GradDelSqRho = -2.2737367544E-13 -2.9103830457E-11  0.0000000000E+00
HessDelSqRho_EigVals = -7.5301042291E+04 -5.8483199699E+03  1.3785971357E+07
HessDelSqRho_EigVec1 =  9.9999853684E-01  1.7106223645E-03  9.5380589817E-06
HessDelSqRho_EigVec2 = -1.6512414877E-03  9.6379891927E-01  2.6662504874E-01
HessDelSqRho_EigVec3 =  4.4690200038E-04 -2.6662467438E-01  9.6380033373E-01
</CP of DelSqRho>
<CP of DelSqRho>
CP# = 5       
Type = (3,+1)
Coords =  1.61518880485934E-04 -1.12708969406573E-01 -1.09709138869536E-01
DistFromNuc =  1.5744767372E-01
Rho =  1.0615298596E+02
DelSqRho = -7.0849695878E+03
GradDelSqRho = -1.1368683772E-12  1.4551915228E-11  4.3655745685E-11
HessDelSqRho_EigVals = -1.4128185739E+04  3.2233853776E+04  1.3831690234E+07
HessDelSqRho_EigVec1 =  9.9999872054E-01  1.5994560503E-03  2.5666535297E-05
HessDelSqRho_EigVec2 =  1.0968346326E-03 -6.9725675240E-01  7.1682063181E-01
HessDelSqRho_EigVec3 = -1.1644192616E-03  7.1681968652E-01  6.9725761462E-01
</CP of DelSqRho>
<CP of DelSqRho>
CP# = 6       
Type = (3,+3)
Coords =  1.08294961838163E-01 -8.82083894239736E-02  7.28060254071643E-02
DistFromNuc =  1.5746607038E-01
Rho =  1.0646567655E+02
DelSqRho = -7.2521114619E+03
GradDelSqRho = -7.2759576142E-11  2.9103830457E-11 -5.8207660913E-11
HessDelSqRho_EigVals =  3.5687854908E+04  1.1382308570E+05  1.3814146369E+07
HessDelSqRho_EigVec1 = -6.2134688485E-02  5.8677105180E-01  8.0736547688E-01
HessDelSqRho_EigVec2 =  7.2292556518E-01  5.8418186606E-01 -3.6893112442E-01
HessDelSqRho_EigVec3 =  6.8812637480E-01 -5.6074172319E-01  4.6048975252E-01
</CP of DelSqRho>
<CP of DelSqRho>
CP# = 7       
Type = (3,-1)
Coords = -1.46723335523627E-01  1.00838443596259E-01  2.17799904454679E-01
DistFromNuc =  2.8113709345E-01
Rho =  2.5101545791E+01
DelSqRho =  1.9956400069E+03
GradDelSqRho = -3.9221959014E-12 -1.2789769244E-12  2.0463630790E-12
HessDelSqRho_EigVals = -6.4826360576E+05 -5.1362544451E+03  9.6681951178E+03
HessDelSqRho_EigVec1 = -5.2240125690E-01  3.5885814282E-01  7.7351002587E-01
HessDelSqRho_EigVec2 =  2.7501509702E-01  9.2956238815E-01 -2.4552079941E-01
HessDelSqRho_EigVec3 = -8.0713296501E-01  8.4466560601E-02 -5.8429596690E-01
</CP of DelSqRho>
<CP of DelSqRho>
CP# = 8       
Type = (3,-1)
Coords =  1.46680281434043E-01 -1.00745568629970E-01 -2.17436173152392E-01
DistFromNuc =  2.8113707427E-01
Rho =  2.5101551814E+01
DelSqRho =  1.9956418348E+03
GradDelSqRho = -3.0127011996E-12 -4.8316906032E-13  6.0254023992E-12
HessDelSqRho_EigVals = -6.4826442199E+05 -5.1364113298E+03  9.6683177395E+03
HessDelSqRho_EigVec1 = -5.2240281403E-01  3.5885448128E-01  7.7351067295E-01
HessDelSqRho_EigVec2 =  2.7501653640E-01  9.2956345144E-01 -2.4551516134E-01
HessDelSqRho_EigVec3 = -8.0713146674E-01  8.4470414972E-02 -5.8429747937E-01
</CP of DelSqRho>
<CP of DelSqRho>
CP# = 9       
Type = (3,+1)
Coords =  8.93546620117628E-02 -4.73733349588573E-02 -1.20494800250027E-01
DistFromNuc =  1.5747889566E-01
Rho =  1.0615900278E+02
DelSqRho = -7.0801457836E+03
GradDelSqRho =  2.9103830457E-11 -6.5483618528E-11 -4.3655745685E-11
HessDelSqRho_EigVals = -2.6281648748E+04  3.9929101498E+04  1.3811850922E+07
HessDelSqRho_EigVec1 =  2.4986965725E-01  9.4970819978E-01 -1.8873126305E-01
HessDelSqRho_EigVec2 =  7.8416320348E-01 -8.4133111657E-02  6.1482492616E-01
HessDelSqRho_EigVec3 = -5.6802572538E-01  3.0162220540E-01  7.6574853608E-01
</CP of DelSqRho>
<CP of DelSqRho>
CP# = 10      
Type = (3,+3)
Coords =  1.07999416801290E-01  8.86618444807746E-02 -7.24419347158154E-02
DistFromNuc =  1.5746605866E-01
Rho =  1.0646581311E+02
DelSqRho = -7.2521584769E+03
GradDelSqRho =  7.2759576142E-11 -2.9103830457E-11 -1.4551915228E-11
HessDelSqRho_EigVals =  3.5700209376E+04  1.1383003446E+05  1.3814161983E+07
HessDelSqRho_EigVec1 =  6.0214968918E-02  5.8694140210E-01  8.0738711162E-01
HessDelSqRho_EigVec2 = -7.2487037204E-01  5.8179660032E-01 -3.6888434447E-01
HessDelSqRho_EigVec3 =  6.8624857104E-01  5.6303863665E-01 -4.6048929671E-01
</CP of DelSqRho>
<CP of DelSqRho>
CP# = 11      
Type = (3,+3)
Coords = -1.08043863039776E-01 -8.85663454983503E-02  7.28086202103165E-02
DistFromNuc =  1.5746608295E-01
Rho =  1.0646573926E+02
DelSqRho = -7.2521362747E+03
GradDelSqRho =  1.4551915228E-11 -1.4551915228E-11 -4.3655745685E-11
HessDelSqRho_EigVals =  3.5698787160E+04  1.1382459556E+05  1.3814141832E+07
HessDelSqRho_EigVec1 =  6.0214284744E-02  5.8697165646E-01  8.0736516795E-01
HessDelSqRho_EigVec2 = -7.2486323033E-01  5.8178837967E-01 -3.6891134246E-01
HessDelSqRho_EigVec3 =  6.8625617464E-01  5.6301559108E-01 -4.6050614217E-01
</CP of DelSqRho>
<CP of DelSqRho>
CP# = 12      
Type = (3,+1)
Coords = -1.91213116079601E-01 -1.51908940569106E-01  1.40971965509139E-01
DistFromNuc =  2.8189765271E-01
Rho =  2.5477771629E+01
DelSqRho =  1.8435472506E+03
GradDelSqRho =  5.0022208598E-12  6.4233063313E-12 -3.4745539779E-12
HessDelSqRho_EigVals = -6.3149543765E+05  1.0447963568E+04  3.1890901023E+04
HessDelSqRho_EigVec1 =  6.7848328987E-01  5.3933816810E-01 -4.9877326091E-01
HessDelSqRho_EigVec2 = -9.0875392636E-02 -6.1212231203E-01 -7.8552398953E-01
HessDelSqRho_EigVec3 = -7.2897331116E-01  5.7829111661E-01 -3.6630219228E-01
</CP of DelSqRho>
<CP of DelSqRho>
CP# = 13      
Type = (3,-3)
Coords =  4.33456857843776E-04 -2.73465645238154E-01  6.00910824160457E-02
DistFromNuc =  2.7999625197E-01
Rho =  2.4800060402E+01
DelSqRho =  2.1715734600E+03
GradDelSqRho =  1.3500311979E-13  8.4696694103E-12 -9.3791641120E-13
HessDelSqRho_EigVals = -6.7230969631E+05 -2.9347243160E+04 -8.6481659021E+03
HessDelSqRho_EigVec1 = -1.6254752007E-03  9.7690496361E-01 -2.1366808352E-01
HessDelSqRho_EigVec2 =  9.9999863476E-01  1.6514343633E-03 -5.6997539132E-05
HessDelSqRho_EigVec3 = -2.9717763657E-04  2.1366788446E-01  9.7690631426E-01
</CP of DelSqRho>
<CP of DelSqRho>
CP# = 14      
Type = (3,-3)
Coords = -4.77094339581536E-04  2.73557446098970E-01 -5.97279110836925E-02
DistFromNuc =  2.7999632187E-01
Rho =  2.4800044397E+01
DelSqRho =  2.1715729905E+03
GradDelSqRho = -2.8421709430E-14 -2.9558577808E-12 -9.5496943686E-12
HessDelSqRho_EigVals = -6.7230928390E+05 -2.9347330670E+04 -8.6480367338E+03
HessDelSqRho_EigVec1 = -1.6272584250E-03  9.7690435687E-01 -2.1367084397E-01
HessDelSqRho_EigVec2 =  9.9999863160E-01  1.6533619847E-03 -5.6534020795E-05
HessDelSqRho_EigVec3 = -2.9804691944E-04  2.1367064358E-01  9.7690571052E-01
</CP of DelSqRho>
<CP of DelSqRho>
CP# = 15      
Type = (3,+1)
Coords =  1.91170112736894E-01  1.52001973473745E-01 -1.40606571374015E-01
DistFromNuc =  2.8189774439E-01
Rho =  2.5477745612E+01
DelSqRho =  1.8435467934E+03
GradDelSqRho = -6.7075234256E-12 -7.5033312896E-12  3.0198066270E-12
HessDelSqRho_EigVals = -6.3149487366E+05  1.0447931013E+04  3.1891014248E+04
HessDelSqRho_EigVec1 =  6.7848424656E-01  5.3934123932E-01 -4.9876863849E-01
HessDelSqRho_EigVec2 = -9.0874105445E-02 -6.1211730095E-01 -7.8552804332E-01
HessDelSqRho_EigVec3 = -7.2897258119E-01  5.7829355647E-01 -3.6629979309E-01
</CP of DelSqRho>
<CP of DelSqRho>
CP# = 16      
Type = (3,-3)
Coords =  2.79769112924616E-01  5.08515943782675E-04  1.79309742415577E-04
DistFromNuc =  2.7979113037E-01
Rho =  2.4758967884E+01
DelSqRho =  2.2111272856E+03
GradDelSqRho =  6.8212102633E-13  7.1054273576E-14 -7.1054273576E-15
HessDelSqRho_EigVals = -6.7672261662E+05 -3.5185622818E+04 -1.4176422472E+04
HessDelSqRho_EigVec1 =  9.9999863475E-01  1.6523937777E-03 -9.6979737864E-06
HessDelSqRho_EigVec2 = -1.3193666609E-03  7.9489567392E-01 -6.0674469660E-01
HessDelSqRho_EigVec3 = -9.9487228389E-04  6.0674388104E-01  7.9489676880E-01
</CP of DelSqRho>
<CP of DelSqRho>
CP# = 17      
Type = (3,-3)
Coords = -2.79812473975752E-01 -4.17660152282056E-04  1.83473323754541E-04
DistFromNuc =  2.7979122302E-01
Rho =  2.4758941219E+01
DelSqRho =  2.2111272637E+03
GradDelSqRho =  8.8675733423E-12  5.6843418861E-14  3.3084646134E-14
HessDelSqRho_EigVals = -6.7672221658E+05 -3.5185501993E+04 -1.4176343391E+04
HessDelSqRho_EigVec1 =  9.9999862658E-01  1.6573532113E-03 -5.0273909560E-06
HessDelSqRho_EigVec2 = -1.3204747190E-03  7.9489547090E-01 -6.0674496017E-01
HessDelSqRho_EigVec3 = -1.0015944579E-03  6.0674413349E-01  7.9489656767E-01
</CP of DelSqRho>
<CP of DelSqRho>
CP# = 18      
Type = (3,-1)
Coords = -3.33935996641090E-04  1.87598157677909E-01  2.09547933246983E-01
DistFromNuc =  2.8108720777E-01
Rho =  2.5030162915E+01
DelSqRho =  2.0030011446E+03
GradDelSqRho = -8.5265128291E-14 -8.1143980424E-12  3.5242919694E-12
HessDelSqRho_EigVals = -6.4963179054E+05 -3.6046980816E+03  8.1443962377E+03
HessDelSqRho_EigVec1 = -1.1124508061E-03  6.6793208973E-01  7.4422139580E-01
HessDelSqRho_EigVec2 =  9.9999871160E-01  1.6043024506E-03  5.4935647695E-05
HessDelSqRho_EigVec3 = -1.1572629271E-03  7.4422049806E-01 -6.6793301387E-01
</CP of DelSqRho>
<CP of DelSqRho>
CP# = 19      
Type = (3,-1)
Coords =  2.88427688620690E-04 -1.87506988182336E-01 -2.09183343872405E-01
DistFromNuc =  2.8108726713E-01
Rho =  2.5030141968E+01
DelSqRho =  2.0030025766E+03
GradDelSqRho =  2.1316282073E-14 -1.0089706848E-12  8.5265128291E-12
HessDelSqRho_EigVals = -6.4963203089E+05 -3.6046035996E+03  8.1444661309E+03
HessDelSqRho_EigVec1 = -1.1042216026E-03  6.6793460794E-01  7.4421914797E-01
HessDelSqRho_EigVec2 =  9.9999871887E-01  1.5999927638E-03  4.7740841745E-05
HessDelSqRho_EigVec3 = -1.1588574910E-03  7.4421824725E-01 -6.6793551898E-01
</CP of DelSqRho>
<CP of DelSqRho>
CP# = 20      
Type = (3,-1)
Coords =  1.46339231136893E-01  1.01342812063652E-01  2.17795340527246E-01
DistFromNuc =  2.8113719192E-01
Rho =  2.5101549916E+01
DelSqRho =  1.9956257077E+03
GradDelSqRho = -2.0179413696E-12  1.2647660697E-12  9.0949470177E-13
HessDelSqRho_EigVals = -6.4826160810E+05 -5.1322393796E+03  9.6680230877E+03
HessDelSqRho_EigVec1 =  5.2118768869E-01  3.6065377965E-01  7.7349353222E-01
HessDelSqRho_EigVec2 =  2.7812918371E-01 -9.2862029632E-01  2.4557789484E-01
HessDelSqRho_EigVec3 =  8.0685038906E-01  8.7138949320E-02 -5.8429380724E-01
</CP of DelSqRho>
<CP of DelSqRho>
CP# = 21      
Type = (3,-1)
Coords = -1.46382460768518E-01 -1.01249797435821E-01 -2.17431808963137E-01
DistFromNuc =  2.8113714147E-01
Rho =  2.5101566890E+01
DelSqRho =  1.9956292285E+03
GradDelSqRho =  5.1159076975E-13 -1.2789769244E-13 -3.2969182939E-12
HessDelSqRho_EigVals = -6.4826322183E+05 -5.1323969381E+03  9.6680290782E+03
HessDelSqRho_EigVec1 =  5.2118805394E-01  3.6064976989E-01  7.7349515571E-01
HessDelSqRho_EigVec2 =  2.7813445213E-01 -9.2862101287E-01  2.4556921833E-01
HessDelSqRho_EigVec3 =  8.0684833703E-01  8.7147908353E-02 -5.8429530471E-01
</CP of DelSqRho>
<CP of DelSqRho>
CP# = 22      
Type = (3,+1)
Coords = -1.91720355721189E-01  1.51364183308244E-01 -1.40603684537723E-01
DistFromNuc =  2.8189752601E-01
Rho =  2.5477695424E+01
DelSqRho =  1.8435706166E+03
GradDelSqRho =  1.1368683772E-12 -1.1368683772E-13  9.9475983006E-13
HessDelSqRho_EigVals = -6.3149908547E+05  1.0444904126E+04  3.1889753586E+04
HessDelSqRho_EigVec1 =  6.8028387235E-01 -5.3707868130E-01  4.9875880254E-01
HessDelSqRho_EigVec2 =  9.2883244789E-02 -6.1182527928E-01 -7.8552054746E-01
HessDelSqRho_EigVec3 =  7.2703958342E-01  5.8070329578E-01 -3.6632925956E-01
</CP of DelSqRho>
<CP of DelSqRho>
CP# = 23      
Type = (3,+1)
Coords =  1.91676756698664E-01 -1.51271343351101E-01  1.40969038621924E-01
DistFromNuc =  2.8189747773E-01
Rho =  2.5477706581E+01
DelSqRho =  1.8435688828E+03
GradDelSqRho = -7.7875483839E-12 -1.4210854715E-12  3.4106051316E-13
HessDelSqRho_EigVals = -6.3149860224E+05  1.0444943645E+04  3.1889764712E+04
HessDelSqRho_EigVec1 =  6.8028325237E-01 -5.3707566099E-01  4.9876290050E-01
HessDelSqRho_EigVec2 =  9.2884050296E-02 -6.1183017261E-01 -7.8551664087E-01
HessDelSqRho_EigVec3 =  7.2704006062E-01  5.8070093358E-01 -3.6633205701E-01
</CP of DelSqRho>
<CP of DelSqRho>
CP# = 24      
Type = (3,-1)
Coords =  6.59856225782038E-01  1.14322974381815E-03  1.80457692448300E-04
DistFromNuc =  6.5987877315E-01
Rho =  2.5052455516E+00
DelSqRho = -7.7204630464E-02
GradDelSqRho = -4.7108983381E-12  5.4622972812E-14  4.5088932588E-14
HessDelSqRho_EigVals = -8.7886399258E+02 -3.4229615075E+02  2.7885112680E+03
HessDelSqRho_EigVec1 = -1.3284565392E-03  7.9874598359E-01 -6.0166692522E-01
HessDelSqRho_EigVec2 = -9.9761931629E-04  6.0166609815E-01  7.9874708831E-01
HessDelSqRho_EigVec3 =  9.9999861998E-01  1.6613353392E-03 -2.4428404566E-06
</CP of DelSqRho>
<CP of DelSqRho>
CP# = 25      
Type = (3,-1)
Coords = -6.59900704478498E-01 -1.04462219999959E-03  1.90847194413589E-04
DistFromNuc =  6.5987997066E-01
Rho =  2.5052238749E+00
DelSqRho = -7.6735704531E-02
GradDelSqRho =  4.1779912863E-12 -5.0182080713E-14 -4.5879966493E-14
HessDelSqRho_EigVals = -8.7886071738E+02 -3.4229736173E+02  2.7884465861E+03
HessDelSqRho_EigVec1 = -1.3285380751E-03  7.9874629537E-01 -6.0166651114E-01
HessDelSqRho_EigVec2 = -9.8385362043E-04  6.0166570688E-01  7.9874740012E-01
HessDelSqRho_EigVec3 =  9.9999863351E-01  1.6531181087E-03 -1.3486365564E-05
</CP of DelSqRho>
<CP of DelSqRho>
CP# = 26      
Type = (3,-1)
Coords = -1.06557244384331E-03  6.28410760245979E-01 -1.60796991478798E-01
DistFromNuc =  6.4865834862E-01
Rho =  2.6753707890E+00
DelSqRho = -6.2267616512E+00
GradDelSqRho = -2.2204460493E-15  2.8776980798E-13 -7.4606987255E-14
HessDelSqRho_EigVals = -8.2362519285E+02 -2.0747013718E+02  3.4583991153E+03
HessDelSqRho_EigVec1 =  9.9999864125E-01  1.6475434487E-03 -5.5603249866E-05
HessDelSqRho_EigVec2 = -3.5671378310E-04  2.4919671949E-01  9.6845282164E-01
HessDelSqRho_EigVec3 = -1.6094242492E-03  9.6845148593E-01 -2.4919696860E-01
</CP of DelSqRho>
<CP of DelSqRho>
CP# = 27      
Type = (3,-1)
Coords =  1.02442483758228E-03 -6.28319522684481E-01  1.61155506149411E-01
DistFromNuc =  6.4865764330E-01
Rho =  2.6753970428E+00
DelSqRho = -6.2271697294E+00
GradDelSqRho =  2.6645352591E-15 -1.7763568394E-14 -1.1013412404E-13
HessDelSqRho_EigVals = -8.2363598581E+02 -2.0746621001E+02  3.4584479124E+03
HessDelSqRho_EigVec1 =  9.9999863618E-01  1.6506571483E-03 -5.4456421742E-05
HessDelSqRho_EigVec2 = -3.5858324378E-04  2.4918643735E-01  9.6845546664E-01
HessDelSqRho_EigVec3 = -1.6121577405E-03  9.6845412631E-01 -2.4918668941E-01
</CP of DelSqRho>
<CP of DelSqRho>
CP# = 28      
Type = (3,-1)
Coords =  2.43972827314124E-04 -1.57506129114191E-01  6.15546205596542E-01
DistFromNuc =  6.3521321754E-01
Rho =  3.0244302898E+00
DelSqRho = -1.5869831735E+01
GradDelSqRho = -1.2212453271E-15  7.1054273576E-15  1.3145040612E-13
HessDelSqRho_EigVals = -6.6323589731E+02 -4.5587728669E+01  4.3382671363E+03
HessDelSqRho_EigVec1 =  9.9999853424E-01  1.7121556418E-03  7.0589108787E-06
HessDelSqRho_EigVec2 = -1.6591796616E-03  9.6802324860E-01  2.5085501251E-01
HessDelSqRho_EigVec3 =  4.2266963511E-04 -2.5085465653E-01  9.6802467048E-01
</CP of DelSqRho>
<CP of DelSqRho>
CP# = 29      
Type = (3,-1)
Coords = -2.85243961806024E-04  1.57609360273572E-01 -6.15178261834271E-01
DistFromNuc =  6.3521220987E-01
Rho =  3.0244365186E+00
DelSqRho = -1.5870116625E+01
GradDelSqRho = -9.9920072216E-16 -7.1054273576E-15  1.0302869669E-13
HessDelSqRho_EigVals = -6.6325674094E+02 -4.5566041023E+01  4.3383447460E+03
HessDelSqRho_EigVec1 =  9.9999853301E-01  1.7128546640E-03  1.0091515421E-05
HessDelSqRho_EigVec2 = -1.6606090959E-03  9.6801847920E-01  2.5087340694E-01
HessDelSqRho_EigVec3 =  4.1994091173E-04 -2.5087305567E-01  9.6801990351E-01
</CP of DelSqRho>
<CP of DelSqRho>
CP# = 30      
Type = (3,+1)
Coords = -7.23319179683390E-04  4.33383802172703E-01  4.39547377853104E-01
DistFromNuc =  6.1710948245E-01
Rho =  3.3148094932E+00
DelSqRho = -3.2087357483E+01
GradDelSqRho =  4.4408920985E-15  5.1514348343E-14 -4.2632564146E-14
HessDelSqRho_EigVals = -1.5031051686E+02  3.2099948877E+02  5.9064782939E+03
HessDelSqRho_EigVec1 =  9.9999873167E-01  1.5924676508E-03  2.6674550283E-05
HessDelSqRho_EigVec2 = -1.1139482656E-03  7.1128383730E-01 -7.0290402041E-01
HessDelSqRho_EigVec3 = -1.1383250906E-03  7.0290309918E-01  7.1128470908E-01
</CP of DelSqRho>
<CP of DelSqRho>
CP# = 31      
Type = (3,+1)
Coords =  6.89002889035291E-04 -4.33291210483594E-01 -4.39184531532880E-01
DistFromNuc =  6.1710984202E-01
Rho =  3.3147964349E+00
DelSqRho = -3.2086579623E+01
GradDelSqRho = -7.1054273576E-15 -3.3217872897E-13 -1.5631940187E-13
HessDelSqRho_EigVals = -1.5033032229E+02  3.2098301456E+02  5.9064356871E+03
HessDelSqRho_EigVec1 =  9.9999872000E-01  1.5995012032E-03  3.9821958186E-05
HessDelSqRho_EigVec2 = -1.1097118674E-03  7.1128512294E-01 -7.0290272614E-01
HessDelSqRho_EigVec3 = -1.1526185226E-03  7.0290178224E-01  7.1128598749E-01
</CP of DelSqRho>
<CP of DelSqRho>
CP# = 32      
Type = (3,+1)
Coords =  4.02934693165329E-04 -2.50768325932720E-01  5.83341078790742E-01
DistFromNuc =  6.3480902001E-01
Rho =  3.0333610709E+00
DelSqRho = -1.5943682899E+01
GradDelSqRho =  1.3322676296E-15  1.4921397451E-13 -5.4178883602E-14
HessDelSqRho_EigVals = -7.6257208166E+02  4.4540535857E+01  4.3670511263E+03
HessDelSqRho_EigVec1 =  9.9999856306E-01  1.6952502850E-03  1.2920770341E-06
HessDelSqRho_EigVec2 = -1.5556981117E-03  9.1737581096E-01  3.9801909660E-01
HessDelSqRho_EigVec3 =  6.7355666672E-04 -3.9801852668E-01  9.1737713005E-01
</CP of DelSqRho>
<CP of DelSqRho>
CP# = 33      
Type = (3,+1)
Coords = -4.44227003086347E-04  2.50828872694242E-01 -5.82989767005558E-01
DistFromNuc =  6.3480828862E-01
Rho =  3.0333602317E+00
DelSqRho = -1.5943864171E+01
GradDelSqRho =  1.3322676296E-15  9.9475983006E-14 -3.2951419371E-13
HessDelSqRho_EigVals = -7.6254627275E+02  4.4520165880E+01  4.3671064572E+03
HessDelSqRho_EigVec1 =  9.9999856387E-01  1.6947684814E-03  3.9009200043E-06
HessDelSqRho_EigVec2 = -1.5563302510E-03  9.1739702680E-01  3.9797019117E-01
HessDelSqRho_EigVec3 =  6.7088864414E-04 -3.9796962571E-01  9.1739834692E-01
</CP of DelSqRho>
<CP of DelSqRho>
CP# = 34      
Type = (3,+1)
Coords =  3.39581022197691E-01  2.05492426218406E-01  4.71737492799215E-01
DistFromNuc =  6.1636255281E-01
Rho =  3.3796419890E+00
DelSqRho = -3.2562606124E+01
GradDelSqRho =  0.0000000000E+00 -7.1054273576E-14 -2.0605739337E-13
HessDelSqRho_EigVals = -2.5048768671E+02  3.9798868342E+02  5.9482391633E+03
HessDelSqRho_EigVec1 = -2.5946022950E-01  9.3988736010E-01 -2.2201833173E-01
HessDelSqRho_EigVec2 =  7.9196727684E-01  7.5507231906E-02 -6.0587662964E-01
HessDelSqRho_EigVec3 =  5.5269179632E-01  3.3303214296E-01  7.6395115684E-01
</CP of DelSqRho>
<CP of DelSqRho>
CP# = 35      
Type = (3,+1)
Coords = -3.40315935076138E-01  2.04330030163996E-01  4.71746651742723E-01
DistFromNuc =  6.1636467380E-01
Rho =  3.3795960593E+00
DelSqRho = -3.2560280381E+01
GradDelSqRho = -3.3395508581E-13  7.4606987255E-14  4.1566750042E-13
HessDelSqRho_EigVals = -2.5062817445E+02  3.9798844000E+02  5.9480401021E+03
HessDelSqRho_EigVec1 =  2.5630096198E-01  9.4076375609E-01 -2.2197606204E-01
HessDelSqRho_EigVec2 =  7.9221395263E-01 -7.2871683202E-02  6.0587686129E-01
HessDelSqRho_EigVec3 = -5.5381122248E-01  3.3113935589E-01  7.6396325620E-01
</CP of DelSqRho>
<CP of DelSqRho>
CP# = 36      
Type = (3,+1)
Coords =  3.40276632112910E-01 -2.04248412733577E-01 -4.71374663726348E-01
DistFromNuc =  6.1636417002E-01
Rho =  3.3796053997E+00
DelSqRho = -3.2560587939E+01
GradDelSqRho =  3.1263880373E-13 -1.3855583347E-13 -3.0908609006E-13
HessDelSqRho_EigVals = -2.5061117672E+02  3.9797625212E+02  5.9480961176E+03
HessDelSqRho_EigVec1 =  2.5628447573E-01  9.4076032037E-01 -2.2200965547E-01
HessDelSqRho_EigVec2 =  7.9221478968E-01 -7.2835902101E-02  6.0588006930E-01
HessDelSqRho_EigVec3 = -5.5381765457E-01  3.3115698843E-01  7.6395095032E-01
</CP of DelSqRho>
<CP of DelSqRho>
CP# = 37      
Type = (3,+1)
Coords = -3.39625355464976E-01 -2.05408477343435E-01 -4.71368077468074E-01
DistFromNuc =  6.1636165510E-01
Rho =  3.3796582954E+00
DelSqRho = -3.2563224714E+01
GradDelSqRho = -7.8159700934E-14  4.6185277824E-14  7.1054273576E-15
HessDelSqRho_EigVals = -2.5047473524E+02  3.9799070763E+02  5.9483397345E+03
HessDelSqRho_EigVec1 = -2.5944240071E-01  9.3988501810E-01 -2.2204907895E-01
HessDelSqRho_EigVec2 =  7.9197174736E-01  7.5474219417E-02 -6.0587489929E-01
HessDelSqRho_EigVec3 =  5.5269375978E-01  3.3304623546E-01  7.6394359278E-01
</CP of DelSqRho>
<CP of DelSqRho>
CP# = 38      
Type = (3,+3)
Coords =  4.04790567568226E-01 -3.24815222172471E-01  2.82604607228850E-01
DistFromNuc =  5.9090628022E-01
Rho =  4.1200377178E+00
DelSqRho = -6.3935016814E+01
GradDelSqRho = -4.0856207306E-14 -2.3980817332E-14 -7.1054273576E-15
HessDelSqRho_EigVals =  5.0610979087E+02  1.5357201896E+03  8.7641701435E+03
HessDelSqRho_EigVec1 = -7.1486094164E-02  6.0136160484E-01  7.9577255454E-01
HessDelSqRho_EigVec2 =  7.2519934592E-01  5.7909425474E-01 -3.7247248596E-01
HessDelSqRho_EigVec3 =  6.8481796633E-01 -5.5046713286E-01  4.7750422892E-01
</CP of DelSqRho>
<CP of DelSqRho>
CP# = 39      
Type = (3,+3)
Coords = -4.03742194783295E-01 -3.26157358087191E-01  2.82614934635474E-01
DistFromNuc =  5.9090375990E-01
Rho =  4.1201405919E+00
DelSqRho = -6.3938765550E+01
GradDelSqRho =  4.2632564146E-13  2.2737367544E-13 -2.9487523534E-13
HessDelSqRho_EigVals =  5.0626591031E+02  1.5358047914E+03  8.7644756774E+03
HessDelSqRho_EigVec1 =  6.9514784639E-02  6.0159213902E-01  7.9577295317E-01
HessDelSqRho_EigVec2 = -7.2713004300E-01  5.7668493843E-01 -3.7244648254E-01
HessDelSqRho_EigVec3 =  6.8297115260E-01  5.5273988463E-01 -4.7752384721E-01
</CP of DelSqRho>
<CP of DelSqRho>
CP# = 40      
Type = (3,+3)
Coords =  4.03700088921057E-01  3.26242899011742E-01 -2.82257879680091E-01
DistFromNuc =  5.9090436049E-01
Rho =  4.1201126301E+00
DelSqRho = -6.3937886732E+01
GradDelSqRho = -1.7763568394E-14  1.5276668819E-13 -1.2612133560E-13
HessDelSqRho_EigVals =  5.0625813726E+02  1.5357745100E+03  8.7643876793E+03
HessDelSqRho_EigVec1 =  6.9515913655E-02  6.0160844725E-01  7.9576052550E-01
HessDelSqRho_EigVec2 = -7.2712945755E-01  5.7667820696E-01 -3.7245804807E-01
HessDelSqRho_EigVec3 =  6.8297166098E-01  5.5272915774E-01 -4.7753553635E-01
</CP of DelSqRho>
<CP of DelSqRho>
CP# = 41      
Type = (3,+3)
Coords = -4.04832598447370E-01  3.24902607937161E-01 -2.82247987090398E-01
DistFromNuc =  5.9090647275E-01
Rho =  4.1200191389E+00
DelSqRho = -6.3934643951E+01
GradDelSqRho = -4.0856207306E-14  1.7941204078E-13 -7.8159700934E-14
HessDelSqRho_EigVals =  5.0610279772E+02  1.5357119768E+03  8.7641523693E+03
HessDelSqRho_EigVec1 = -7.1486285445E-02  6.0137762361E-01  7.9576043180E-01
HessDelSqRho_EigVec2 =  7.2520238512E-01  5.7908438581E-01 -3.7248191196E-01
HessDelSqRho_EigVec3 =  6.8481472795E-01 -5.5046001484E-01  4.7751707870E-01
</CP of DelSqRho>
<CP of DelSqRho>
CP# = 42      
Type = (3,-3)
Coords = -1.51322278117252E-03  8.96364585944223E-01 -2.35315865338387E-01
DistFromNuc =  9.2674082492E-01
Rho =  1.0454605098E+00
DelSqRho =  9.5314766354E+00
GradDelSqRho =  9.7144514655E-16 -2.0210499940E-12 -1.2745360323E-13
HessDelSqRho_EigVals = -3.2439671040E+02 -6.9927933426E+01 -1.7934586267E+01
HessDelSqRho_EigVec1 = -1.6064064967E-03  9.6733349118E-01 -2.5350214259E-01
HessDelSqRho_EigVec2 =  9.9999864468E-01  1.6453663265E-03 -5.8328369632E-05
HessDelSqRho_EigVec3 = -3.6068090368E-04  2.5350189272E-01  9.6733482326E-01
</CP of DelSqRho>
<CP of DelSqRho>
CP# = 43      
Type = (3,-3)
Coords =  1.47063927829794E-03 -8.96281652471122E-01  2.35652200196917E-01
DistFromNuc =  9.2674247933E-01
Rho =  1.0454567921E+00
DelSqRho =  9.5314483527E+00
GradDelSqRho =  9.8532293435E-16  1.9997337120E-12  1.6031620476E-13
HessDelSqRho_EigVals = -3.2439493269E+02 -6.9926956018E+01 -1.7934906776E+01
HessDelSqRho_EigVec1 = -1.6104996211E-03  9.6733998918E-01 -2.5347731974E-01
HessDelSqRho_EigVec2 =  9.9999863793E-01  1.6494481542E-03 -5.8862338689E-05
HessDelSqRho_EigVec3 = -3.6115780311E-04  2.5347706929E-01  9.6734132803E-01
</CP of DelSqRho>
<CP of DelSqRho>
CP# = 44      
Type = (3,+1)
Coords =  7.30223005804156E-01 -5.56069129275869E-01  5.55870575235066E-01
DistFromNuc =  1.0729916184E+00
Rho =  8.3748990723E-01
DelSqRho =  4.0409091443E+00
GradDelSqRho = -6.2083671537E-13  3.2274183326E-13 -1.3006262733E-13
HessDelSqRho_EigVals = -1.4307032196E+02  8.3054492929E+00  2.3504236127E+01
HessDelSqRho_EigVec1 =  6.7929553584E-01 -5.1230386850E-01  5.2545439509E-01
HessDelSqRho_EigVec2 =  9.0313731056E-02 -6.5220801428E-01 -7.5264077493E-01
HessDelSqRho_EigVec3 =  7.2828634820E-01  5.5872126542E-01 -3.9677391874E-01
</CP of DelSqRho>
<CP of DelSqRho>
CP# = 45      
Type = (3,+1)
Coords = -7.28408086974562E-01 -5.58511109875214E-01  5.55877398068283E-01
DistFromNuc =  1.0730005552E+00
Rho =  8.3748546403E-01
DelSqRho =  4.0406591234E+00
GradDelSqRho =  4.4986236958E-13  1.9118040484E-13  4.5963233219E-14
HessDelSqRho_EigVals = -1.4305951413E+02  8.3074551557E+00  2.3503632479E+01
HessDelSqRho_EigVec1 =  6.7757909571E-01  5.1457170577E-01 -5.2545459240E-01
HessDelSqRho_EigVec2 = -8.8165701269E-02 -6.5248157231E-01 -7.5265836003E-01
HessDelSqRho_EigVec3 = -7.3014613481E-01  5.5631264359E-01 -3.9674029844E-01
</CP of DelSqRho>
<CP of DelSqRho>
CP# = 46      
Type = (3,+1)
Coords =  7.28371123646873E-01  5.58591494815141E-01 -5.55514249246838E-01
DistFromNuc =  1.0729992798E+00
Rho =  8.3748480980E-01
DelSqRho =  4.0406362316E+00
GradDelSqRho = -4.3631764868E-13 -1.7696955013E-13 -5.7509552676E-14
HessDelSqRho_EigVals = -1.4306028561E+02  8.3075923183E+00  2.3504098306E+01
HessDelSqRho_EigVec1 =  6.7758860815E-01  5.1455959185E-01 -5.2545418881E-01
HessDelSqRho_EigVec2 = -8.8168669006E-02 -6.5248628130E-01 -7.5265393012E-01
HessDelSqRho_EigVec3 = -7.3013694874E-01  5.5631832538E-01 -3.9674923684E-01
</CP of DelSqRho>
<CP of DelSqRho>
CP# = 47      
Type = (3,+1)
Coords = -7.30272318770225E-01  5.56148918331492E-01 -5.55507316570054E-01
DistFromNuc =  1.0729898347E+00
Rho =  8.3749135307E-01
DelSqRho =  4.0409298519E+00
GradDelSqRho =  6.2350125063E-13 -3.1163960301E-13  1.0258460748E-13
HessDelSqRho_EigVals = -1.4307257540E+02  8.3055436263E+00  2.3504599347E+01
HessDelSqRho_EigVec1 =  6.7930682863E-01 -5.1228992082E-01  5.2545339432E-01
HessDelSqRho_EigVec2 =  9.0313747096E-02 -6.5221557063E-01 -7.5263422491E-01
HessDelSqRho_EigVec3 =  7.2827581290E-01  5.5872523341E-01 -3.9678766852E-01
</CP of DelSqRho>
<CP of DelSqRho>
CP# = 48      
Type = (3,-3)
Coords =  9.03054966007181E-01  1.54153949213801E-03  1.76587472284406E-04
DistFromNuc =  9.0307783951E-01
Rho =  1.1010644036E+00
DelSqRho =  1.0763229207E+01
GradDelSqRho =  1.3322676296E-14  6.6613381478E-16  1.2143064332E-17
HessDelSqRho_EigVals = -3.4735027254E+02 -1.0283985256E+02 -3.9248664541E+01
HessDelSqRho_EigVec1 =  9.9999861382E-01  1.6650265660E-03 -6.2111389993E-06
HessDelSqRho_EigVec2 = -1.3046363063E-03  7.8122308510E-01 -6.2425058208E-01
HessDelSqRho_EigVec3 = -1.0345415178E-03  6.2424972487E-01  7.8122417444E-01
</CP of DelSqRho>
<CP of DelSqRho>
CP# = 49      
Type = (3,-3)
Coords = -9.03096414829760E-01 -1.44832550608756E-03  1.92923449435850E-04
DistFromNuc =  9.0307601609E-01
Rho =  1.1010687015E+00
DelSqRho =  1.0763279737E+01
GradDelSqRho =  1.7319479184E-14 -8.0491169285E-16 -9.7144514655E-17
HessDelSqRho_EigVals = -3.4735070994E+02 -1.0284143683E+02 -3.9249376714E+01
HessDelSqRho_EigVec1 =  9.9999863478E-01  1.6523571773E-03 -1.2670543998E-05
HessDelSqRho_EigVec2 = -1.2987706115E-03  7.8122288469E-01 -6.2425084511E-01
HessDelSqRho_EigVec3 = -1.0215868454E-03  6.2425000933E-01  7.8122396418E-01
</CP of DelSqRho>
<CP of DelSqRho>
CP# = 50      
Type = (3,-1)
Coords =  5.31107193998907E-01  7.34784661429758E-01  4.52489992411674E-01
DistFromNuc =  1.0131738818E+00
Rho =  8.9163441485E-01
DelSqRho =  5.8466794411E+00
GradDelSqRho = -9.3702823278E-14 -1.3544720900E-13 -7.4718009557E-14
HessDelSqRho_EigVals = -2.1671264566E+02 -3.1297066356E+00  1.5312899685E+01
HessDelSqRho_EigVec1 =  5.1881734977E-01  7.2339848621E-01  4.5554713008E-01
HessDelSqRho_EigVec2 = -4.1389444181E-01 -2.5370476743E-01  8.7425698855E-01
HessDelSqRho_EigVec3 =  7.4801066076E-01 -6.4212811894E-01  1.6778417759E-01
</CP of DelSqRho>
<CP of DelSqRho>
CP# = 51      
Type = (3,-1)
Coords = -5.33505497930302E-01  7.33005381745783E-01  4.52615161518597E-01
DistFromNuc =  1.0131783228E+00
Rho =  8.9162315736E-01
DelSqRho =  5.8465298677E+00
GradDelSqRho =  4.7117865165E-13 -6.1373128801E-13 -2.2870594307E-13
HessDelSqRho_EigVals = -2.1670687917E+02 -3.1236481236E+00  1.5309910051E+01
HessDelSqRho_EigVec1 = -5.2113166401E-01  7.2165544837E-01  4.5567005892E-01
HessDelSqRho_EigVec2 =  4.1485229104E-01 -2.5239935586E-01  8.7418084043E-01
HessDelSqRho_EigVec3 =  7.4586819572E-01  6.4459908393E-01 -1.6784711979E-01
</CP of DelSqRho>
<CP of DelSqRho>
CP# = 52      
Type = (3,-1)
Coords =  5.33457398309779E-01 -7.32902867793106E-01 -4.52270439843118E-01
DistFromNuc =  1.0131767226E+00
Rho =  8.9162758028E-01
DelSqRho =  5.8466481528E+00
GradDelSqRho = -4.7561954375E-13  5.9996452251E-13  2.2642998587E-13
HessDelSqRho_EigVals = -2.1671035488E+02 -3.1237955418E+00  1.5309072693E+01
HessDelSqRho_EigVec1 = -5.2112398444E-01  7.2164680563E-01  4.5569252876E-01
HessDelSqRho_EigVec2 =  4.1485122367E-01 -2.5242959060E-01  8.7417261683E-01
HessDelSqRho_EigVec3 =  7.4587415498E-01  6.4459692034E-01 -1.6782894633E-01
</CP of DelSqRho>
<CP of DelSqRho>
CP# = 53      
Type = (3,-1)
Coords = -5.31148376346855E-01 -7.34684923590240E-01 -4.52138310285527E-01
DistFromNuc =  1.0131726148E+00
Rho =  8.9163824586E-01
DelSqRho =  5.8468350016E+00
GradDelSqRho =  1.2967404928E-13  1.2478906797E-13  4.6962433942E-14
HessDelSqRho_EigVals = -2.1671722129E+02 -3.1301513760E+00  1.5312068737E+01
HessDelSqRho_EigVec1 =  5.1881341073E-01  7.2339118278E-01  4.5556321353E-01
HessDelSqRho_EigVec2 = -4.1389021076E-01 -2.5372890486E-01  8.7425198671E-01
HessDelSqRho_EigVec3 =  7.4801573398E-01 -6.4212680953E-01  1.6776657057E-01
</CP of DelSqRho>
<CP of DelSqRho>
CP# = 54      
Type = (3,-1)
Coords =  5.19827261243583E-01  3.37777957840436E-01  7.91019081294213E-01
DistFromNuc =  1.0048527573E+00
Rho =  9.2495622445E-01
DelSqRho =  5.9894979959E+00
GradDelSqRho =  8.4376949872E-15  2.7755575616E-15  3.7747582837E-15
HessDelSqRho_EigVals = -2.2331430259E+02 -7.3967582851E+00  1.3102916314E+01
HessDelSqRho_EigVec1 =  5.1220007813E-01  3.3217426399E-01  7.9202988473E-01
HessDelSqRho_EigVec2 = -3.0587452446E-01  9.3226681135E-01 -1.9318221386E-01
HessDelSqRho_EigVec3 = -8.0255333483E-01 -1.4331381931E-01  5.7911077865E-01
</CP of DelSqRho>
<CP of DelSqRho>
CP# = 55      
Type = (3,-1)
Coords = -5.21000969089509E-01  3.35992514073758E-01  7.91027293158806E-01
DistFromNuc =  1.0048461716E+00
Rho =  9.2496989661E-01
DelSqRho =  5.9897555883E+00
GradDelSqRho =  1.9984014443E-15  7.5495165675E-15  1.4654943925E-14
HessDelSqRho_EigVals = -2.2332367622E+02 -7.4019314495E+00  1.3103340221E+01
HessDelSqRho_EigVec1 = -5.1331533757E-01  3.3041543881E-01  7.9204356068E-01
HessDelSqRho_EigVec2 = -3.0273929327E-01 -9.3329833454E-01  1.9314020569E-01
HessDelSqRho_EigVec3 =  8.0302944188E-01 -1.4064087792E-01  5.7910608608E-01
</CP of DelSqRho>
<CP of DelSqRho>
CP# = 56      
Type = (3,-1)
Coords =  5.20956899222401E-01 -3.35926285260077E-01 -7.90652219785796E-01
DistFromNuc =  1.0048456343E+00
Rho =  9.2496668097E-01
DelSqRho =  5.9898208817E+00
GradDelSqRho = -1.5543122345E-15  1.3322676296E-15 -1.9984014443E-15
HessDelSqRho_EigVals = -2.2332606346E+02 -7.4013375682E+00  1.3103078546E+01
HessDelSqRho_EigVec1 = -5.1331297233E-01  3.3044092859E-01  7.9203445957E-01
HessDelSqRho_EigVec2 = -3.0275057569E-01 -9.3329004148E-01  1.9316259314E-01
HessDelSqRho_EigVec3 =  8.0302670027E-01 -1.4063602378E-01  5.7911106661E-01
</CP of DelSqRho>
<CP of DelSqRho>
CP# = 57      
Type = (3,-1)
Coords = -5.19868171242870E-01 -3.37711970642250E-01 -7.90644946155778E-01
DistFromNuc =  1.0048522789E+00
Rho =  9.2495309821E-01
DelSqRho =  5.9895872718E+00
GradDelSqRho =  2.2204460493E-15  1.7985612999E-14  6.2172489379E-15
HessDelSqRho_EigVals = -2.2331776934E+02 -7.3960412301E+00  1.3102553422E+01
HessDelSqRho_EigVec1 =  5.1219740229E-01  3.3219940013E-01  7.9202107273E-01
HessDelSqRho_EigVec2 = -3.0588957815E-01  9.3225787537E-01 -1.9320150046E-01
HessDelSqRho_EigVec3 = -8.0254930507E-01 -1.4331368517E-01  5.7911639640E-01
</CP of DelSqRho>
<CP of DelSqRho>
CP# = 58      
Type = (3,-1)
Coords = -1.14646257658420E-03  6.77419361521908E-01  7.41981544048937E-01
DistFromNuc =  1.0045409668E+00
Rho =  9.0760612233E-01
DelSqRho =  5.9983162876E+00
GradDelSqRho =  9.0205620751E-17 -1.5321077740E-14  4.4408920985E-15
HessDelSqRho_EigVals = -2.2361302868E+02 -4.0832852059E+00  1.0768399453E+01
HessDelSqRho_EigVec1 = -1.1100072034E-03  6.6956884547E-01  7.4274916968E-01
HessDelSqRho_EigVec2 =  9.9999871807E-01  1.6003702975E-03  5.1764026898E-05
HessDelSqRho_EigVec3 = -1.1540141299E-03  7.4274827498E-01 -6.6956976355E-01
</CP of DelSqRho>
<CP of DelSqRho>
CP# = 59      
Type = (3,-1)
Coords =  1.09325579719337E-03 -6.77320897454058E-01 -7.41618221911696E-01
DistFromNuc =  1.0045370435E+00
Rho =  9.0761628021E-01
DelSqRho =  5.9984511639E+00
GradDelSqRho =  8.3266726847E-17  1.5543122345E-14  3.6859404418E-14
HessDelSqRho_EigVals = -2.2361968890E+02 -4.0833120874E+00  1.0768779025E+01
HessDelSqRho_EigVec1 = -1.1023521668E-03  6.6956484592E-01  7.4275278655E-01
HessDelSqRho_EigVec2 =  9.9999872635E-01  1.5953601935E-03  4.5982541319E-05
HessDelSqRho_EigVec3 = -1.1541699361E-03  7.4275189124E-01 -6.6956575178E-01
</CP of DelSqRho>
<CP of DelSqRho>
CP# = 60      
Type = (3,+1)
Coords =  4.29467618132490E-01  6.61917659292398E-01  6.33159754873478E-01
DistFromNuc =  1.0115315140E+00
Rho =  8.9651051070E-01
DelSqRho =  5.8216401700E+00
GradDelSqRho = -1.9984014443E-15 -7.7715611724E-15 -4.8849813084E-15
HessDelSqRho_EigVals = -2.1633836061E+02  2.9724641186E+00  8.6857450717E+00
HessDelSqRho_EigVec1 =  4.1901862701E-01  6.5049111651E-01  6.3347036044E-01
HessDelSqRho_EigVec2 = -5.2563288586E-01 -3.9509516304E-01  7.5339888601E-01
HessDelSqRho_EigVec3 =  7.4036035788E-01 -6.4866102047E-01  1.7636729004E-01
</CP of DelSqRho>
<CP of DelSqRho>
CP# = 61      
Type = (3,+1)
Coords = -4.31765157362412E-01  6.60609591815702E-01  6.32999021946055E-01
DistFromNuc =  1.0115355479E+00
Rho =  8.9649621330E-01
DelSqRho =  5.8216176300E+00
GradDelSqRho =  4.0327741146E-12 -6.2043703508E-12 -4.2406078649E-12
HessDelSqRho_EigVals = -2.1633673408E+02  2.9669666229E+00  8.6936017642E+00
HessDelSqRho_EigVec1 = -4.2123081218E-01  6.4921471099E-01  6.3331260994E-01
HessDelSqRho_EigVec2 =  5.2701265439E-01 -3.9308698367E-01  7.5348542480E-01
HessDelSqRho_EigVec3 =  7.3812076585E-01  6.5115503707E-01 -1.7656401872E-01
</CP of DelSqRho>
<CP of DelSqRho>
CP# = 62      
Type = (3,+1)
Coords =  4.31724158897624E-01 -6.60503676271500E-01 -6.32644067500028E-01
DistFromNuc =  1.0115330364E+00
Rho =  8.9650259306E-01
DelSqRho =  5.8217370171E+00
GradDelSqRho = -4.0157877024E-12  6.1652905003E-12  4.2068570849E-12
HessDelSqRho_EigVals = -2.1634132368E+02  2.9671530169E+00  8.6929635238E+00
HessDelSqRho_EigVec1 = -4.2122936391E-01  6.4920262183E-01  6.3332596567E-01
HessDelSqRho_EigVec2 =  5.2698046229E-01 -3.9313128506E-01  7.5348482736E-01
HessDelSqRho_EigVec3 =  7.3814457618E-01  6.5114034472E-01 -1.7651865663E-01
</CP of DelSqRho>
<CP of DelSqRho>
CP# = 63      
