 AIMInt (Version 19.02.13, Professional)
 Portions Copyright (c) 1997-2019 by Todd A. Keith
 AIMInt is a component of the AIMAll package ( http://aim.tkgristmill.com )

 TP:  64-bit Linux

 Licensed To:  Research Group of Fernando Cortes Guzman, UNAM, fercor@unam.mx

 AIMInt is a heavily modified and extended version of the PROAIMV program
 developed by members of R.F.W. Bader's research group

 Much of the Quantum Theory of Atoms in Molecules (QTAIM) is described in the book:
   "Atoms in Molecules - A Quantum Theory"
   R.F.W. Bader, Oxford University Press, Oxford, 1990

 For additional references see:  http://aim.tkgristmill.com/references.html

 Current Directory:  /home/scratch/M_H2O_4_cuadrado_plano/Opt

 Inp File:  Fe3_cuadrado_plano_cc-pvtz-def2-tzv_10_atomicfiles/o2.inp
 Wfx File:  Fe3_cuadrado_plano_cc-pvtz-def2-tzv_10.wfx
 Out File:  Fe3_cuadrado_plano_cc-pvtz-def2-tzv_10_atomicfiles/o2.int

 Wfx Title:   Fe3_cuadrado_plano_cc-pvtz-def2-tzv_10                                        
 Job Title:   Fe3_cuadrado_plano_cc-pvtz-def2-tzv_10                                        
 
<Atom>
O2      
</Atom>
<Nuclei of Molecule>
    13
Fe1       26.0          -2.1635071957E-05   4.5956422413E-05   1.8200324605E-04
O2         8.0           3.6336028085E+00   5.6727660433E-03   9.0142198484E-04
H3         1.0           4.7273242565E+00   6.6527123908E-01  -1.3764891726E+00
O4         8.0          -6.1069883189E-03   3.5906362337E+00   1.2181537423E-02
H5         1.0          -1.5252221084E+00   4.6829988490E+00   1.5151909543E-01
O6         8.0          -3.6334773261E+00  -5.9565496571E-03   8.9856849837E-04
H7         1.0          -4.7291836185E+00   6.5003999678E-01  -1.3766410499E+00
O8         8.0           6.0349565436E-03  -3.5905347588E+00  -1.4487524984E-02
H9         1.0          -1.5094383259E+00  -4.6879458550E+00  -1.5386699712E-01
H10        1.0           1.5093577337E+00   4.6881700487E+00   1.5063464691E-01
H11        1.0          -4.7263721701E+00  -6.6553982933E-01   1.3789687653E+00
H12        1.0           1.5251939183E+00  -4.6828088215E+00  -1.5410916552E-01
H13        1.0           4.7284752215E+00  -6.4992202458E-01   1.3792997698E+00
</Nuclei of Molecule>
<Total Number of CPs of DelSqRho>
    40
</Total Number of CPs of DelSqRho>
<Number of (3,+3) CPs of DelSqRho>
     5
</Number of (3,+3) CPs of DelSqRho>
<Number of (3,+1) CPs of DelSqRho>
    15
</Number of (3,+1) CPs of DelSqRho>
<Number of (3,-1) CPs of DelSqRho>
    15
</Number of (3,-1) CPs of DelSqRho>
<Number of (3,-3) CPs of DelSqRho>
     5
</Number of (3,-3) CPs of DelSqRho>
<Number of Degenerate CPs of DelSqRho>
     0
</Number of Degenerate CPs of DelSqRho>
<CP of DelSqRho>
CP# = 1       
Type = (3,+3)
Coords =  3.63360301644553E+00  5.67276657223015E-03  9.01422153184508E-04
DistFromNuc =  2.0795427122E-07
Rho =  2.9719585273E+02
DelSqRho = -3.3281122116E+06
GradDelSqRho = -1.5379040633E-05  1.4426809969E-08 -5.6857736297E-09
HessDelSqRho_EigVals =  1.3235120582E+11  1.3235122677E+11  1.3235123287E+11
HessDelSqRho_EigVec1 = -1.6568021703E-03  9.0335755185E-01  4.2888505280E-01
HessDelSqRho_EigVec2 =  9.9999856431E-01  1.6491620377E-03  3.8942091722E-04
HessDelSqRho_EigVec3 =  3.5551462118E-04 -4.2888508225E-01  9.0335898724E-01
</CP of DelSqRho>
<CP of DelSqRho>
CP# = 2       
Type = (3,+1)
Coords =  2.04656241496462E+00  4.38367374481461E-03 -1.13130700626231E-03
DistFromNuc =  1.5870422189E+00
Rho =  1.2469054168E-01
DelSqRho =  2.5349722192E-01
GradDelSqRho =  1.1854545123E-12 -3.2780527424E-14  5.3123954888E-14
HessDelSqRho_EigVals = -1.6807937419E-01  5.1323493023E-02  4.3065374914E+00
HessDelSqRho_EigVec1 = -1.2052262304E-03  7.4082694914E-01  6.7169485546E-01
HessDelSqRho_EigVec2 =  1.1802872329E-03 -6.7169382160E-01  7.4082792668E-01
HessDelSqRho_EigVec3 =  9.9999857717E-01  1.6856581118E-03 -6.4845577226E-05
</CP of DelSqRho>
<CP of DelSqRho>
CP# = 3       
Type = (3,+1)
Coords =  4.30610793015193E+00  4.17815572363044E-01 -8.53061106247750E-01
DistFromNuc =  1.1624873466E+00
Rho =  4.0589733128E-01
DelSqRho = -9.2285818613E-01
GradDelSqRho =  3.7914116291E-14  2.1843638009E-14 -5.5157267642E-14
HessDelSqRho_EigVals = -2.9965699200E+01  1.4119918824E+01  1.4936078872E+01
HessDelSqRho_EigVec1 = -5.8612210322E-01 -3.4843240282E-01  7.3147504454E-01
HessDelSqRho_EigVec2 = -1.0118987397E-02  9.0588494411E-01  4.2340296896E-01
HessDelSqRho_EigVec3 = -8.1015954368E-01  2.4076405192E-01 -5.3448497181E-01
</CP of DelSqRho>
<CP of DelSqRho>
CP# = 4       
Type = (3,+1)
Coords =  4.30682944436585E+00 -4.03995630043803E-01  8.55487663216879E-01
DistFromNuc =  1.1624886845E+00
Rho =  4.0589231547E-01
DelSqRho = -9.2281558140E-01
GradDelSqRho =  4.1966430331E-14 -2.0428103653E-14  5.3533566469E-14
HessDelSqRho_EigVals = -2.9964478665E+01  1.4119390042E+01  1.4935430077E+01
HessDelSqRho_EigVec1 =  5.8672497006E-01 -3.4629269518E-01  7.3200763574E-01
HessDelSqRho_EigVec2 = -6.5864380441E-03 -9.0596248585E-01 -4.2330673638E-01
HessDelSqRho_EigVec3 =  8.0975948796E-01  2.4354330928E-01 -5.3383164776E-01
</CP of DelSqRho>
<CP of DelSqRho>
CP# = 5       
Type = (3,-1)
Coords =  3.80205475909636E+00  5.90779445423930E-03  9.42251409265751E-04
DistFromNuc =  1.6845211951E-01
Rho =  2.2395141244E+01
DelSqRho =  1.2613349498E+03
GradDelSqRho = -2.8535396268E-11 -1.4682699501E-14 -9.3605678764E-15
HessDelSqRho_EigVals = -4.1472175884E+05 -2.1539000746E+03  7.7032919587E+02
HessDelSqRho_EigVec1 =  9.9999900271E-01  1.3916471422E-03  2.4061021989E-04
HessDelSqRho_EigVec2 = -1.3648877899E-03  9.0853243562E-01  4.1781209952E-01
HessDelSqRho_EigVec3 =  3.6284482515E-04 -4.1781201125E-01  9.0853342900E-01
</CP of DelSqRho>
<CP of DelSqRho>
CP# = 6       
Type = (3,-1)
Coords =  3.46638090638434E+00  5.35522600169887E-03  8.81284630805947E-04
DistFromNuc =  1.6722220481E-01
Rho =  2.2668873950E+01
DelSqRho =  1.2883013721E+03
GradDelSqRho =  6.8976824252E-11  2.7144952952E-14  1.3038181645E-14
HessDelSqRho_EigVals = -4.4440725745E+05 -3.1628171118E+03  9.0200165574E+01
HessDelSqRho_EigVec1 =  9.9999818610E-01  1.9007238631E-03  1.2267184942E-04
HessDelSqRho_EigVec2 = -1.7764172347E-03  9.0748716269E-01  4.2007605727E-01
HessDelSqRho_EigVec3 =  6.8712545782E-04 -4.2007551321E-01  9.0748889308E-01
</CP of DelSqRho>
<CP of DelSqRho>
CP# = 7       
Type = (3,+1)
Coords =  3.66351565944300E+00  1.55984539678770E-01  7.02061634198486E-02
DistFromNuc =  1.6820093677E-01
Rho =  2.2591549435E+01
DelSqRho =  1.2362377423E+03
GradDelSqRho = -7.1480599217E-12 -2.6005864129E-12  1.3642420527E-11
HessDelSqRho_EigVals = -4.1565295090E+05  2.5520508798E+03  3.0526319430E+03
HessDelSqRho_EigVec1 =  1.7478522946E-01  8.9414187845E-01  4.1226256774E-01
HessDelSqRho_EigVec2 =  9.8457698472E-01 -1.5547478182E-01 -8.0223147371E-02
HessDelSqRho_EigVec3 =  7.6344429146E-03 -4.1992605708E-01  9.0752621002E-01
</CP of DelSqRho>
<CP of DelSqRho>
CP# = 8       
Type = (3,+1)
Coords =  3.66405898179126E+00 -1.44539207809521E-01 -6.83800193273311E-02
DistFromNuc =  1.6819968398E-01
Rho =  2.2591824755E+01
DelSqRho =  1.2362659118E+03
GradDelSqRho =  7.4962258623E-12 -2.2041035663E-11  1.3073986338E-11
HessDelSqRho_EigVals = -4.1568232083E+05  2.5510424322E+03  3.0517087825E+03
HessDelSqRho_EigVec1 = -1.7801757616E-01  8.9356531202E-01  4.1212956183E-01
HessDelSqRho_EigVec2 =  9.8400345816E-01  1.5873250901E-01  8.0877592144E-02
HessDelSqRho_EigVec3 = -6.8510514718E-03 -4.1993454697E-01  9.0752853363E-01
</CP of DelSqRho>
<CP of DelSqRho>
CP# = 9       
Type = (3,-3)
Coords =  3.48502926904356E+00  3.77185913477306E-02 -6.89857863180346E-02
DistFromNuc =  1.6728793569E-01
Rho =  2.2646031332E+01
DelSqRho =  1.2884417782E+03
GradDelSqRho = -3.0908609006E-11  3.8369307731E-13 -2.2694734980E-11
HessDelSqRho_EigVals = -4.4290500233E+05 -3.2353804008E+03 -1.6608750189E+02
HessDelSqRho_EigVec1 =  8.8886366974E-01 -1.9095497559E-01  4.1648238127E-01
HessDelSqRho_EigVec2 = -1.6394116602E-03  9.0767787341E-01  4.1966437834E-01
HessDelSqRho_EigVec3 =  4.5816884327E-01  3.7370720546E-01 -8.0648883169E-01
</CP of DelSqRho>
<CP of DelSqRho>
CP# = 10      
Type = (3,-3)
Coords =  3.48506524497818E+00 -2.68850338008925E-02  7.06281642922549E-02
DistFromNuc =  1.6728788569E-01
Rho =  2.2646051838E+01
DelSqRho =  1.2884410660E+03
GradDelSqRho = -3.2343905332E-11  3.0340174817E-12  2.8450131140E-11
HessDelSqRho_EigVals = -4.4290604979E+05 -3.2352786716E+03 -1.6578606569E+02
HessDelSqRho_EigVec1 =  8.8864931422E-01  1.9402285610E-01 -4.1552079086E-01
HessDelSqRho_EigVec2 = -1.8812828632E-03  9.0762332412E-01  4.1978132676E-01
HessDelSqRho_EigVec3 = -4.5858353340E-01  3.7225667600E-01 -8.0692385642E-01
</CP of DelSqRho>
<CP of DelSqRho>
CP# = 11      
Type = (3,-1)
Coords =  4.35591819545252E+00  6.83506926728590E-03  1.15849859288677E-03
DistFromNuc =  7.2231636786E-01
Rho =  6.6832620883E-01
DelSqRho = -9.9605146623E-01
GradDelSqRho =  1.8385293288E-13  7.7016951844E-13  3.7236625458E-13
HessDelSqRho_EigVals = -1.9493985953E+01 -6.6674987252E+00  1.3656657308E+02
HessDelSqRho_EigVec1 =  4.0925701670E-04 -4.5125806904E-01  8.9239340407E-01
HessDelSqRho_EigVec2 = -1.5810350061E-03  8.9239207147E-01  4.5125812026E-01
HessDelSqRho_EigVec3 =  9.9999866642E-01  1.5955857631E-03  3.4823708704E-04
</CP of DelSqRho>
<CP of DelSqRho>
CP# = 12      
Type = (3,+1)
Coords =  2.95164333493536E+00  4.59637035959184E-03  6.81207035343561E-04
DistFromNuc =  6.8196035860E-01
Rho =  8.0167076590E-01
DelSqRho = -3.0197271926E+00
GradDelSqRho =  6.6613381478E-15  3.7296554734E-17 -5.9522699269E-17
HessDelSqRho_EigVals = -5.5896613089E+00  1.6360321468E+01  2.0926976928E+02
HessDelSqRho_EigVec1 = -1.5721983057E-03  8.9889855839E-01  4.3815397969E-01
HessDelSqRho_EigVec2 =  4.0070160580E-04 -4.3815391974E-01  8.9889987321E-01
HessDelSqRho_EigVec3 =  9.9999868381E-01  1.5888178609E-03  3.2867475447E-04
</CP of DelSqRho>
<CP of DelSqRho>
CP# = 13      
Type = (3,-1)
Coords =  3.33427171669724E+00  2.81997768207793E-01 -5.84563730824196E-01
DistFromNuc =  7.1324894286E-01
Rho =  6.7883819913E-01
DelSqRho = -1.0768644180E+00
GradDelSqRho = -1.3322676296E-14  2.4868995752E-14 -4.4408920985E-14
HessDelSqRho_EigVals = -1.5100072723E+01 -1.1610004206E+01  1.4545557296E+02
HessDelSqRho_EigVec1 =  8.9911350337E-01  2.6050096757E-01 -3.5175865867E-01
HessDelSqRho_EigVec2 =  7.6510291942E-02 -8.8478390018E-01 -4.5967774060E-01
HessDelSqRho_EigVec3 =  4.3097689414E-01 -3.8638930611E-01  8.1545215730E-01
</CP of DelSqRho>
<CP of DelSqRho>
CP# = 14      
Type = (3,-1)
Coords =  3.33475949532203E+00 -2.71604050834434E-01  5.86165705955837E-01
DistFromNuc =  7.1324893347E-01
Rho =  6.7884335922E-01
DelSqRho = -1.0769123703E+00
GradDelSqRho =  1.8340884367E-12 -3.4905411894E-13 -5.6692428529E-12
HessDelSqRho_EigVals = -1.5099629493E+01 -1.1610346413E+01  1.4545601823E+02
HessDelSqRho_EigVec1 = -8.9973947010E-01  2.5718042177E-01 -3.5260050569E-01
HessDelSqRho_EigVec2 =  7.2908419283E-02  8.8514554054E-01  4.5956689879E-01
HessDelSqRho_EigVec3 = -4.3029437406E-01 -3.8778293249E-01  8.1515099762E-01
</CP of DelSqRho>
<CP of DelSqRho>
CP# = 15      
Type = (3,+1)
Coords =  3.90548854070202E+00  1.86862955882034E-01  6.03354889141533E-01
DistFromNuc =  6.8534802572E-01
Rho =  7.9486958087E-01
DelSqRho = -2.6591493413E+00
GradDelSqRho = -3.9968028887E-14  5.4178883602E-14 -4.0856207306E-14
HessDelSqRho_EigVals = -1.2386557912E+01  1.3866918416E+01  1.9689713130E+02
HessDelSqRho_EigVec1 = -4.5568321958E-01  8.7502933572E-01 -1.6332931465E-01
HessDelSqRho_EigVec2 =  8.1480078336E-01  3.3615441162E-01 -4.7233451598E-01
HessDelSqRho_EigVec3 =  3.5840268809E-01  3.4831576649E-01  8.6615451277E-01
</CP of DelSqRho>
<CP of DelSqRho>
CP# = 16      
Type = (3,+1)
Coords =  3.90661952867531E+00 -1.74424066772086E-01 -6.01374483889667E-01
DistFromNuc =  6.8535338730E-01
Rho =  7.9485831657E-01
DelSqRho = -2.6591300335E+00
GradDelSqRho = -4.3076653355E-14 -2.6156854460E-13 -1.4299672557E-13
HessDelSqRho_EigVals = -1.2391189764E+01  1.3869195973E+01  1.9689575762E+02
HessDelSqRho_EigVec1 =  4.5276212444E-01  8.7665098000E-01 -1.6275600736E-01
HessDelSqRho_EigVec2 =  8.1558443976E-01 -3.3342293668E-01  4.7291771685E-01
HessDelSqRho_EigVec3 = -3.6031719400E-01  3.4686049725E-01  8.6594417554E-01
</CP of DelSqRho>
<CP of DelSqRho>
CP# = 17      
Type = (3,+1)
Coords =  3.90763171663121E+00 -5.72210021813660E-01  2.43545097836482E-01
DistFromNuc =  6.8404408661E-01
Rho =  8.0232201261E-01
DelSqRho = -2.7658723593E+00
GradDelSqRho =  3.5527136788E-15  1.0658141036E-14 -2.6645352591E-15
HessDelSqRho_EigVals = -1.1427734229E+01  1.4946229262E+01  1.9972803467E+02
HessDelSqRho_EigVec1 =  4.5445378559E-01  4.3077520157E-01  7.7968229586E-01
HessDelSqRho_EigVec2 = -8.1425312969E-01 -1.5402567308E-01  5.5970343293E-01
HessDelSqRho_EigVec3 = -3.6119744955E-01  8.8921809346E-01 -2.8076250586E-01
</CP of DelSqRho>
<CP of DelSqRho>
CP# = 18      
Type = (3,+1)
Coords =  3.90580406345609E+00  5.84574973879363E-01 -2.41335767999681E-01
DistFromNuc =  6.8403226945E-01
Rho =  8.0234824979E-01
DelSqRho = -2.7659844429E+00
GradDelSqRho =  6.6613381478E-15  1.1546319456E-14 -7.8825834748E-15
HessDelSqRho_EigVals = -1.1423543719E+01  1.4944802066E+01  1.9974096971E+02
HessDelSqRho_EigVec1 =  4.5661404331E-01 -4.2896169900E-01 -7.7941996141E-01
HessDelSqRho_EigVec2 =  8.1431151086E-01 -1.5134536093E-01  5.6034930624E-01
HessDelSqRho_EigVec3 =  3.5832998581E-01  8.9055400876E-01 -2.8020203202E-01
</CP of DelSqRho>
<CP of DelSqRho>
CP# = 19      
Type = (3,+3)
Coords =  3.45519487906761E+00  5.63653210564577E-01  2.61849794407181E-01
DistFromNuc =  6.4129994450E-01
Rho =  9.3426266311E-01
DelSqRho = -4.0769165735E+00
GradDelSqRho =  1.5543122345E-14  2.1316282073E-14 -6.6613381478E-15
HessDelSqRho_EigVals =  1.0362381726E+01  1.8820588805E+01  3.1512211060E+02
HessDelSqRho_EigVec1 =  9.6544981108E-01  2.5305659413E-01  6.2201466666E-02
HessDelSqRho_EigVec2 =  4.8975901801E-02 -4.1064670904E-01  9.1047824872E-01
HessDelSqRho_EigVec3 = -2.5594535223E-01  8.7597468030E-01  4.0885246257E-01
</CP of DelSqRho>
<CP of DelSqRho>
CP# = 20      
Type = (3,+3)
Coords =  3.45733967326209E+00 -5.52899165686554E-01 -2.60168675934770E-01
DistFromNuc =  6.4127130903E-01
Rho =  9.3438815162E-01
DelSqRho = -4.0783413997E+00
GradDelSqRho =  2.0206059048E-14  5.7731597281E-15 -3.1086244690E-15
HessDelSqRho_EigVals =  1.0374408507E+01  1.8830470532E+01  3.1525950140E+02
HessDelSqRho_EigVec1 =  9.6636238633E-01 -2.4973413354E-01 -6.1454054704E-02
HessDelSqRho_EigVec2 = -4.8266023145E-02 -4.1080846012E-01  9.1044318884E-01
HessDelSqRho_EigVec3 =  2.5261458648E-01  8.7685190976E-01  4.0904351731E-01
</CP of DelSqRho>
<CP of DelSqRho>
CP# = 21      
Type = (3,+3)
Coords =  4.03324621289312E+00 -2.62957613277420E-01  5.32202664247857E-01
DistFromNuc =  7.1704821414E-01
Rho =  7.6819031534E-01
DelSqRho = -3.2085993889E+00
GradDelSqRho =  2.1049828547E-13 -6.2172489379E-14  3.1041835769E-13
HessDelSqRho_EigVals =  1.1035691947E+01  2.3924006000E+01  1.4809357773E+02
HessDelSqRho_EigVec1 =  2.3515909601E-02  8.9394657858E-01  4.4755616033E-01
HessDelSqRho_EigVec2 =  8.3913772948E-01  2.2569115744E-01 -4.9488521136E-01
HessDelSqRho_EigVec3 =  5.4341040932E-01 -3.8719893609E-01  7.4483696937E-01
</CP of DelSqRho>
<CP of DelSqRho>
CP# = 22      
Type = (3,+3)
Coords =  4.03274799621811E+00  2.75826118388756E-01 -5.29998340371923E-01
DistFromNuc =  7.1704551623E-01
Rho =  7.6819972692E-01
DelSqRho = -3.2087101985E+00
GradDelSqRho =  1.7585932710E-13  4.3520742565E-14 -2.0827783942E-13
HessDelSqRho_EigVals =  1.1036139515E+01  2.3925054712E+01  1.4809705864E+02
HessDelSqRho_EigVec1 = -2.7020847318E-02  8.9372831709E-01  4.4779411456E-01
HessDelSqRho_EigVec2 =  8.3950727923E-01 -2.2289641771E-01  4.9552468665E-01
HessDelSqRho_EigVec3 = -5.4267614829E-01 -3.8931591567E-01  7.4426857779E-01
</CP of DelSqRho>
<CP of DelSqRho>
CP# = 23      
Type = (3,+1)
Coords =  2.39509446611015E+00  3.99142319743436E-03  6.49848072008764E-04
DistFromNuc =  1.2385095092E+00
Rho =  2.4163123342E-01
DelSqRho =  3.8600786383E-01
GradDelSqRho = -7.8825834748E-15  1.7429092024E-15  9.6344915552E-16
HessDelSqRho_EigVals = -1.0200574406E+01  4.3523063582E-01  1.0564568327E+00
HessDelSqRho_EigVec1 =  9.9999905755E-01  1.3568896339E-03  2.0914437815E-04
HessDelSqRho_EigVec2 = -1.2604013851E-03  8.4693682272E-01  5.3169204405E-01
HessDelSqRho_EigVec3 =  5.4431534787E-04 -5.3169180657E-01  8.4693773475E-01
</CP of DelSqRho>
<CP of DelSqRho>
CP# = 24      
Type = (3,-3)
Coords =  3.19720219425078E+00 -4.71491139319582E-01  9.45381006269554E-01
DistFromNuc =  1.1446277010E+00
Rho =  2.4514762098E-01
DelSqRho =  8.3272866863E-01
GradDelSqRho =  8.1323836554E-15  1.0297318553E-14 -1.2156942120E-14
HessDelSqRho_EigVals = -1.7559171713E+01 -1.8893923640E+00 -4.5269690582E-01
HessDelSqRho_EigVec1 = -4.2590200315E-01 -4.0561451884E-01  8.0875481193E-01
HessDelSqRho_EigVec2 =  9.0474521671E-01 -1.9745162101E-01  3.7742409860E-01
HessDelSqRho_EigVec3 =  6.6012544618E-03  8.9246272721E-01  4.5107283666E-01
</CP of DelSqRho>
<CP of DelSqRho>
CP# = 25      
Type = (3,-3)
Coords =  3.19633362072712E+00  4.81198988047976E-01 -9.43997008323126E-01
DistFromNuc =  1.1446233328E+00
Rho =  2.4514607075E-01
DelSqRho =  8.3274117647E-01
GradDelSqRho =  5.8286708793E-16  1.4155343564E-15 -2.2204460493E-16
HessDelSqRho_EigVals = -1.7559470077E+01 -1.8895450026E+00 -4.5261708919E-01
HessDelSqRho_EigVec1 =  4.2664449705E-01 -4.0404373750E-01  8.0914963470E-01
HessDelSqRho_EigVec2 =  9.0436155392E-01  2.0070821153E-01 -3.7662500398E-01
HessDelSqRho_EigVec3 = -1.0230001796E-02  8.9244880638E-01  4.5103267625E-01
</CP of DelSqRho>
<CP of DelSqRho>
CP# = 26      
Type = (3,-1)
Coords =  3.73617055089285E+00 -1.16101618812127E+00  2.07341205354825E-01
DistFromNuc =  1.1892437268E+00
Rho =  2.4278300966E-01
DelSqRho =  7.2298109202E-01
GradDelSqRho =  1.8539857150E-12  1.2862488852E-12 -4.1544753748E-12
HessDelSqRho_EigVals = -1.7510241878E+01 -1.0729765982E+00  2.8316129369E-01
HessDelSqRho_EigVec1 = -6.4736716048E-02  9.8479958833E-01 -1.6117980155E-01
HessDelSqRho_EigVec2 =  6.8779094061E-01  1.6105914412E-01  7.0781605952E-01
HessDelSqRho_EigVec3 =  7.2301644491E-01 -6.5036320054E-02 -6.8776267525E-01
</CP of DelSqRho>
<CP of DelSqRho>
CP# = 27      
Type = (3,-1)
Coords =  3.73216432856263E+00  1.17273076603690E+00 -2.05391189828782E-01
DistFromNuc =  1.1892415189E+00
Rho =  2.4278212489E-01
DelSqRho =  7.2297008643E-01
GradDelSqRho =  4.5796699766E-16 -7.3552275381E-16 -7.2858385991E-17
HessDelSqRho_EigVals = -1.7509819560E+01 -1.0732956689E+00  2.8317807096E-01
HessDelSqRho_EigVec1 =  6.1331041347E-02  9.8503553418E-01 -1.6106985989E-01
HessDelSqRho_EigVec2 = -6.8902571027E-01  1.5853715371E-01  7.0718423447E-01
HessDelSqRho_EigVec3 =  7.2213715730E-01  6.7608929093E-02  6.8843805731E-01
</CP of DelSqRho>
<CP of DelSqRho>
CP# = 28      
Type = (3,-3)
Coords =  4.78941425279180E+00  5.70076675553725E-03  4.15514085256103E-04
DistFromNuc =  1.1558115468E+00
Rho =  2.4895204868E-01
DelSqRho =  8.7388880077E-01
GradDelSqRho =  6.6613381478E-15  9.5084530527E-17 -2.4882439859E-16
HessDelSqRho_EigVals = -1.7143882186E+01 -3.6423827707E+00 -2.1899815647E-02
HessDelSqRho_EigVec1 =  9.9999991384E-01  3.9414357104E-05 -4.1324845512E-04
HessDelSqRho_EigVec2 =  3.8867411879E-04 -4.3855147657E-01  8.9870598715E-01
HessDelSqRho_EigVec3 =  1.4580880147E-04  8.9870607033E-01  4.3855145410E-01
</CP of DelSqRho>
<CP of DelSqRho>
CP# = 29      
Type = (3,-1)
Coords =  3.70715427276180E+00  5.27627732676301E-01  1.06431843010515E+00
DistFromNuc =  1.1868877530E+00
Rho =  2.4242528919E-01
DelSqRho =  7.3061148156E-01
GradDelSqRho = -8.4134088585E-17  1.2490009027E-15  7.4940054162E-16
HessDelSqRho_EigVals = -1.7429925390E+01 -1.2558558154E+00  2.6127203344E-01
HessDelSqRho_EigVec1 =  3.6836554692E-02  4.5035686019E-01  8.9208842987E-01
HessDelSqRho_EigVec2 = -7.0522109106E-01  6.4419871111E-01 -2.9609328486E-01
HessDelSqRho_EigVec3 =  7.0802985881E-01  6.1821251935E-01 -3.4133121736E-01
</CP of DelSqRho>
<CP of DelSqRho>
CP# = 30      
Type = (3,-1)
Coords =  3.71005004960333E+00 -5.16070699633593E-01 -1.06241220526230E+00
DistFromNuc =  1.1868851227E+00
Rho =  2.4242525167E-01
DelSqRho =  7.3065831114E-01
GradDelSqRho = -2.8015784137E-16  7.9103390505E-16  1.6930901126E-15
HessDelSqRho_EigVals = -1.7431515272E+01 -1.2554079546E+00  2.6116501278E-01
HessDelSqRho_EigVec1 = -3.9325725675E-02  4.5026875916E-01  8.9202664300E-01
HessDelSqRho_EigVec2 =  7.0308568548E-01  6.4680392790E-01 -2.9549145119E-01
HessDelSqRho_EigVec3 =  7.1001690556E-01 -6.1555074801E-01  3.4201355302E-01
</CP of DelSqRho>
<CP of DelSqRho>
CP# = 31      
Type = (3,-1)
Coords =  4.02355135556035E+00 -7.12541041499656E-01  1.83811873782975E+00
DistFromNuc =  2.0107855202E+00
Rho =  7.2364376638E-02
DelSqRho =  1.9282859815E-01
GradDelSqRho = -6.4184768611E-17 -2.2377932840E-16  6.0368376964E-16
HessDelSqRho_EigVals = -2.2377527511E+00 -2.5996479328E-02  4.6620519866E-01
HessDelSqRho_EigVec1 = -3.6039467900E-01 -2.6885488184E-01  8.9321482738E-01
HessDelSqRho_EigVec2 =  1.1294007892E-01  9.3794182414E-01  3.2788667722E-01
HessDelSqRho_EigVec3 =  9.2593747841E-01 -2.1904836688E-01  3.0766475106E-01
</CP of DelSqRho>
<CP of DelSqRho>
CP# = 32      
Type = (3,-1)
Coords =  4.02266284914034E+00  7.24760042999008E-01 -1.83613696962334E+00
DistFromNuc =  2.0107621141E+00
Rho =  7.2365315793E-02
DelSqRho =  1.9283636668E-01
GradDelSqRho =  4.7357950894E-16  1.2316536679E-16  1.3877787808E-17
HessDelSqRho_EigVals = -2.2377309254E+00 -2.6011029496E-02  4.6624464725E-01
HessDelSqRho_EigVec1 =  3.6049296482E-01 -2.6699245879E-01  8.9373365678E-01
HessDelSqRho_EigVec2 = -1.1714000846E-01  9.3761398092E-01  3.2735033406E-01
HessDelSqRho_EigVec3 =  9.2537724239E-01  2.2269946057E-01 -3.0672774495E-01
</CP of DelSqRho>
<CP of DelSqRho>
CP# = 33      
Type = (3,+1)
Coords =  4.71834922934125E+00  1.79310531826328E-01  1.66907845694680E+00
DistFromNuc =  1.9974081934E+00
Rho =  7.1182974764E-02
DelSqRho =  1.8503938456E-01
GradDelSqRho =  2.5196858489E-16  2.7235158573E-16  5.0567189325E-16
HessDelSqRho_EigVals = -1.7699344662E+00  2.4083250971E-02  5.9390171412E-01
HessDelSqRho_EigVec1 =  3.7860278510E-01  5.4579016183E-01  7.4751122424E-01
HessDelSqRho_EigVec2 =  8.1351927595E-01  1.8894100343E-01 -5.4998880433E-01
HessDelSqRho_EigVec3 =  4.4141399930E-01 -8.1634208300E-01  3.7247722715E-01
</CP of DelSqRho>
<CP of DelSqRho>
CP# = 34      
Type = (3,-1)
Coords =  2.04158876342238E+00 -1.95691090939726E-01  2.16938995124728E-01
DistFromNuc =  1.6191752084E+00
Rho =  1.1533122610E-01
DelSqRho =  2.5456734023E-01
GradDelSqRho = -8.7430063189E-16  5.5684623579E-16 -1.9081958236E-16
HessDelSqRho_EigVals = -1.9101068078E-01 -8.7778943479E-02  3.9398832824E+00
HessDelSqRho_EigVec1 = -9.8433103012E-03  7.2233282982E-01  6.9147551816E-01
HessDelSqRho_EigVec2 = -2.9887510459E-02 -6.9141259579E-01  7.2184164406E-01
HessDelSqRho_EigVec3 =  9.9950480037E-01 -1.3561170490E-02  2.8394518733E-02
</CP of DelSqRho>
<CP of DelSqRho>
CP# = 35      
Type = (3,-1)
Coords =  2.04111185706065E+00  2.00681479521089E-01 -2.14881531478467E-01
DistFromNuc =  1.6188323297E+00
Rho =  1.1542753178E-01
DelSqRho =  2.5451266185E-01
GradDelSqRho = -1.6098233857E-15  1.7347234760E-17  4.3368086899E-17
HessDelSqRho_EigVals = -1.9068293216E-01 -8.6208752877E-02  3.9442096644E+00
HessDelSqRho_EigVec1 =  7.3332997406E-03  7.2180773404E-01  6.9205477948E-01
HessDelSqRho_EigVec2 =  3.1654515658E-02 -6.9189411515E-01  7.2130473800E-01
HessDelSqRho_EigVec3 =  9.9947196777E-01  1.6617115005E-02 -2.7922341154E-02
</CP of DelSqRho>
<CP of DelSqRho>
CP# = 36      
Type = (3,+1)
Coords =  4.72052987754897E+00 -1.63982253738196E-01 -1.66623359716374E+00
DistFromNuc =  1.9973813985E+00
Rho =  7.1185095087E-02
DelSqRho =  1.8505193411E-01
GradDelSqRho =  3.5128150389E-17 -3.5561831258E-16 -3.1225022568E-17
HessDelSqRho_EigVals = -1.7701919953E+00  2.4084653667E-02  5.9391467260E-01
HessDelSqRho_EigVec1 = -3.8129363053E-01  5.4446011568E-01  7.4711334465E-01
HessDelSqRho_EigVec2 =  8.1370722264E-01 -1.8589192756E-01  5.5074925972E-01
HessDelSqRho_EigVec3 = -4.3874334540E-01 -8.1792870943E-01  3.7215172062E-01
</CP of DelSqRho>
<CP of DelSqRho>
CP# = 37      
Type = (3,+1)
Coords =  4.68096160746069E+00 -1.42299144206813E+00  9.48399497925862E-01
DistFromNuc =  2.0089286889E+00
Rho =  7.0429731561E-02
DelSqRho =  1.7978475274E-01
GradDelSqRho = -1.9242806133E-12  7.6352639489E-12 -4.8034538586E-12
HessDelSqRho_EigVals = -1.6835165571E+00  3.0922201963E-02  5.9433087383E-01
HessDelSqRho_EigVec1 = -3.5109738243E-01  9.3144518571E-01 -9.5605931180E-02
HessDelSqRho_EigVec2 =  8.0944825767E-01  2.5060604353E-01 -5.3102742783E-01
HessDelSqRho_EigVec3 =  4.7066351698E-01  2.6383039432E-01  8.4194380859E-01
</CP of DelSqRho>
<CP of DelSqRho>
CP# = 38      
Type = (3,-1)
Coords =  5.37289086617362E+00 -3.51613636028689E-01  9.32085618090598E-01
DistFromNuc =  2.0049639717E+00
Rho =  7.2434109682E-02
DelSqRho =  1.9258493789E-01
GradDelSqRho = -2.4147350786E-15 -6.9388939039E-17 -3.7686867516E-16
HessDelSqRho_EigVals = -2.2696976968E+00 -2.7307182274E-02  5.0958572061E-01
HessDelSqRho_EigVec1 =  9.9439006077E-01  1.0174402523E-01 -2.8923353471E-02
HessDelSqRho_EigVec2 = -7.6283614441E-02  8.7923312262E-01  4.7024453878E-01
HessDelSqRho_EigVec3 =  7.3274942608E-02 -4.6540011755E-01  8.8206208023E-01
</CP of DelSqRho>
<CP of DelSqRho>
CP# = 39      
Type = (3,-1)
Coords =  5.37237209489827E+00  3.68809429748846E-01 -9.28959063698063E-01
DistFromNuc =  2.0049507203E+00
Rho =  7.2435610336E-02
DelSqRho =  1.9258978531E-01
GradDelSqRho = -1.2836953722E-15  6.9388939039E-17 -3.0531133177E-16
HessDelSqRho_EigVals = -2.2697418235E+00 -2.7313656315E-02  5.0959077006E-01
HessDelSqRho_EigVec1 =  9.9468502771E-01 -9.8632131859E-02  2.9553311423E-02
HessDelSqRho_EigVec2 =  7.3207425812E-02  8.7929435043E-01  4.7061886714E-01
HessDelSqRho_EigVec3 = -7.2404201930E-02 -4.6595401905E-01  8.8184152980E-01
</CP of DelSqRho>
<CP of DelSqRho>
CP# = 40      
Type = (3,+1)
Coords =  4.67663281044685E+00  1.43817631654945E+00 -9.45620624792068E-01
DistFromNuc =  2.0089504703E+00
Rho =  7.0429175419E-02
DelSqRho =  1.7977322763E-01
GradDelSqRho = -9.3241386834E-17  4.8572257327E-17  8.9338259013E-17
HessDelSqRho_EigVals = -1.6833273356E+00  3.0938918701E-02  5.9433294327E-01
HessDelSqRho_EigVec1 =  3.4782489398E-01  9.3270091208E-01 -9.5324979620E-02
HessDelSqRho_EigVec2 =  8.0986784257E-01 -2.4766966977E-01  5.3176480915E-01
HessDelSqRho_EigVec3 = -4.7236841628E-01  2.6216167395E-01  8.4151015206E-01
</CP of DelSqRho>
<Path of -GradDelSqRho>
Starting CP# =      2
Ending CP# =      0
Number of Points =    400
  2.0465624150E+00  4.3836737448E-03 -1.1313070063E-03  1.2469054168E-01  2.5349722192E-01
  2.0463621176E+00  1.8120787767E-02  1.1323623823E-02  1.2462607752E-01  2.5346838761E-01
  2.0464611579E+00  3.6603118313E-02  2.8080971793E-02  1.2450704187E-01  2.5333828548E-01
  2.0463593352E+00  5.5121858148E-02  4.4875191764E-02  1.2423263503E-01  2.5310310584E-01
  2.0462268325E+00  7.3636900247E-02  6.1673274406E-02  1.2383628663E-01  2.5276304786E-01
  2.0460650708E+00  9.2146517586E-02  7.8477078290E-02  1.2331971769E-01  2.5231826823E-01
  2.0458758296E+00  1.1064903737E-01  9.5288410182E-02  1.2268514042E-01  2.5176900153E-01
  2.0456611862E+00  1.2914285194E-01  1.1210901320E-01  1.2193522626E-01  2.5111558322E-01
  2.0454234438E+00  1.4762642683E-01  1.2894055729E-01  1.2107306881E-01  2.5035847467E-01
  2.0451650527E+00  1.6609830580E-01  1.4578463229E-01  1.2010214287E-01  2.4949828836E-01
  2.0448885250E+00  1.8455711283E-01  1.6264274362E-01  1.1902626088E-01  2.4853581141E-01
  2.0445963458E+00  2.0300155137E-01  1.7951631055E-01  1.1784952807E-01  2.4747202565E-01
  2.0442908832E+00  2.2143040100E-01  1.9640666681E-01  1.1657629731E-01  2.4630812251E-01
  2.0439742965E+00  2.3984251220E-01  2.1331506329E-01  1.1521112485E-01  2.4504551161E-01
  2.0436484469E+00  2.5823679949E-01  2.3024267243E-01  1.1375872752E-01  2.4368582182E-01
  2.0433148087E+00  2.7661223347E-01  2.4719059383E-01  1.1222394237E-01  2.4223089430E-01
  2.0429743829E+00  2.9496783234E-01  2.6415986084E-01  1.1061168901E-01  2.4068276721E-01
  2.0426276145E+00  3.1330265316E-01  2.8115144738E-01  1.0892693515E-01  2.3904365243E-01
  2.0422743119E+00  3.3161578327E-01  2.9816627478E-01  1.0717466554E-01  2.3731590460E-01
  2.0419135705E+00  3.4990633215E-01  3.1520521806E-01  1.0535985454E-01  2.3550198360E-01
  2.0415437002E+00  3.6817342382E-01  3.3226911117E-01  1.0348744237E-01  2.3360441151E-01
  2.0411621581E+00  3.8641619005E-01  3.4935875083E-01  1.0156231512E-01  2.3162572550E-01
  2.0407654869E+00  4.0463376415E-01  3.6647489837E-01  9.9589288501E-02  2.2956842817E-01
  2.0403492614E+00  4.2282527554E-01  3.8361827924E-01  9.7573095481E-02  2.2743493709E-01
  2.0399080453E+00  4.4098984473E-01  4.0078957972E-01  9.5518377614E-02  2.2522753513E-01
  2.0394353605E+00  4.5912657880E-01  4.1798944043E-01  9.3429680191E-02  2.2294832329E-01
  2.0389236730E+00  4.7723456691E-01  4.3521844636E-01  9.1311451057E-02  2.2059917767E-01
  2.0383643999E+00  4.9531287587E-01  4.5247711323E-01  8.9168042994E-02  2.1818171214E-01
  2.0377479412E+00  5.1336054557E-01  4.6976587020E-01  8.7003719433E-02  2.1569724805E-01
  2.0370637425E+00  5.3137658409E-01  4.8708503929E-01  8.4822663123E-02  2.1314679242E-01
  2.0363003926E+00  5.4935996282E-01  5.0443481204E-01  8.2628987226E-02  2.1053102570E-01
  2.0354457619E+00  5.6730961179E-01  5.2181522463E-01  8.0426748055E-02  2.0785030036E-01
  2.0344871820E+00  5.8522441576E-01  5.3922613297E-01  7.8219958470E-02  2.0510465120E-01
  2.0334116721E+00  6.0310321206E-01  5.5666718993E-01  7.6012600685E-02  2.0229381827E-01
  2.0322062064E+00  6.2094479115E-01  5.7413782732E-01  7.3808637026E-02  1.9941728330E-01
  2.0308580213E+00  6.3874790118E-01  5.9163724538E-01  7.1612017073E-02  1.9647431990E-01
  2.0293549519E+00  6.5651125783E-01  6.0916441284E-01  6.9426679605E-02  1.9346405784E-01
  2.0276857856E+00  6.7423356037E-01  6.2671808017E-01  6.7256547941E-02  1.9038556113E-01
  2.0258406170E+00  6.9191351452E-01  6.4429680777E-01  6.5105517652E-02  1.8723791874E-01
  2.0238111843E+00  7.0954986173E-01  6.6189900999E-01  6.2977436183E-02  1.8402034635E-01
  2.0215911679E+00  7.2714141378E-01  6.7952301401E-01  6.0876074666E-02  1.8073229640E-01
  2.0191764315E+00  7.4468709049E-01  6.9716713121E-01  5.8805092980E-02  1.7737357271E-01
  2.0165651904E+00  7.6218595754E-01  7.1482973710E-01  5.6767999925E-02  1.7394444516E-01
  2.0137580960E+00  7.7963726078E-01  7.3250935447E-01  5.4768110933E-02  1.7044575934E-01
  2.0107582316E+00  7.9704045354E-01  7.5020473427E-01  5.2808506121E-02  1.6687903549E-01
  2.0075710232E+00  8.1439521366E-01  7.6791492847E-01  5.0891991500E-02  1.6324655142E-01
  2.0042040723E+00  8.3170144788E-01  7.8563935040E-01  4.9021065863E-02  1.5955140459E-01
  2.0006669276E+00  8.4895928261E-01  8.0337781926E-01  4.7197895291E-02  1.5579754957E-01
  1.9969708090E+00  8.6616904103E-01  8.2113058723E-01  4.5424296524E-02  1.5198980842E-01
  1.9931283063E+00  8.8333120798E-01  8.3889834934E-01  4.3701729610E-02  1.4813385323E-01
  1.9891530676E+00  9.0044638463E-01  8.5668223778E-01  4.2031299573E-02  1.4423616146E-01
  1.9850594931E+00  9.1751523598E-01  8.7448380324E-01  4.0413766214E-02  1.4030394644E-01
  1.9808624481E+00  9.3453843372E-01  8.9230498669E-01  3.8849560784E-02  1.3634506635E-01
  1.9765770030E+00  9.5151659760E-01  9.1014808499E-01  3.7338808016E-02  1.3236791599E-01
  1.9722182058E+00  9.6845023742E-01  9.2801571353E-01  3.5881351999E-02  1.2838130619E-01
  1.9678008907E+00  9.8533969775E-01  9.4591076891E-01  3.4476784401E-02  1.2439433573E-01
  1.9633395211E+00  1.0021851065E+00  9.6383639369E-01  3.3124473773E-02  1.2041626057E-01
  1.9588480682E+00  1.0189863284E+00  9.8179594493E-01  3.1823594833E-02  1.1645636467E-01
  1.9543399202E+00  1.0357429233E+00  9.9979296757E-01  3.0573156904E-02  1.1252383627E-01
  1.9498278192E+00  1.0524541099E+00  1.0178311730E+00  2.9372030859E-02  1.0862765256E-01
  1.9453238235E+00  1.0691187340E+00  1.0359144233E+00  2.8218974176E-02  1.0477647518E-01
  1.9408392900E+00  1.0857352410E+00  1.0540467201E+00  2.7112653823E-02  1.0097855810E-01
  1.9363848739E+00  1.1023016523E+00  1.0722321983E+00  2.6051666882E-02  9.7241668932E-02
  1.9319705435E+00  1.1188155445E+00  1.0904751242E+00  2.5034558881E-02  9.3573024011E-02
  1.9276056056E+00  1.1352740316E+00  1.1087798959E+00  2.4059839906E-02  8.9979237157E-02
  1.9232987402E+00  1.1516737486E+00  1.1271510465E+00  2.3125998618E-02  8.6466281677E-02
  1.9190580429E+00  1.1680108369E+00  1.1455932489E+00  2.2231514320E-02  8.3039464778E-02
  1.9148910716E+00  1.1842809314E+00  1.1641113203E+00  2.1374867246E-02  7.9703413437E-02
  1.9108048973E+00  1.2004791482E+00  1.1827102268E+00  2.0554547266E-02  7.6462070591E-02
  1.9068061569E+00  1.2166000732E+00  1.2013950865E+00  1.9769061161E-02  7.3318700461E-02
  1.9029011072E+00  1.2326377528E+00  1.2201711694E+00  1.9016938671E-02  7.0275901806E-02
  1.8990956788E+00  1.2485856848E+00  1.2390438948E+00  1.8296737460E-02  6.7335627934E-02
  1.8953955290E+00  1.2644368125E+00  1.2580188233E+00  1.7607047156E-02  6.4499212347E-02
  1.8918060915E+00  1.2801835208E+00  1.2771016442E+00  1.6946492607E-02  6.1767398975E-02
  1.8883326246E+00  1.2958176362E+00  1.2962981550E+00  1.6313736473E-02  5.9140376058E-02
  1.8849802537E+00  1.3113304313E+00  1.3156142355E+00  1.5707481264E-02  5.6617812821E-02
  1.8817540095E+00  1.3267126355E+00  1.3350558113E+00  1.5126470931E-02  5.4198898189E-02
  1.8786588596E+00  1.3419544534E+00  1.3546288103E+00  1.4569492079E-02  5.1882380889E-02
  1.8756997333E+00  1.3570455922E+00  1.3743391085E+00  1.4035374879E-02  4.9666610383E-02
  1.8728815380E+00  1.3719752999E+00  1.3941924661E+00  1.3522993746E-02  4.7549578129E-02
  1.8702091674E+00  1.3867324175E+00  1.4141944545E+00  1.3031267813E-02  4.5528958785E-02
  1.8676874994E+00  1.4013054448E+00  1.4343503738E+00  1.2559161256E-02  4.3602150982E-02
  1.8653213844E+00  1.4156826228E+00  1.4546651623E+00  1.2105683479E-02  4.1766317385E-02
  1.8631156239E+00  1.4298520344E+00  1.4751432999E+00  1.1669889182E-02  4.0018423759E-02
  1.8610749381E+00  1.4438017224E+00  1.4957887079E+00  1.1250878318E-02  3.8355276831E-02
  1.8592039251E+00  1.4575198263E+00  1.5166046473E+00  1.0847795930E-02  3.6773560699E-02
  1.8575070117E+00  1.4709947364E+00  1.5375936214E+00  1.0459831868E-02  3.5269871606E-02
  1.8559883968E+00  1.4842152629E+00  1.5587572842E+00  1.0086220360E-02  3.3840750870E-02
  1.8546519911E+00  1.4971708169E+00  1.5800963611E+00  9.7262394256E-03  3.2482715762E-02
  1.8535013549E+00  1.5098515982E+00  1.6016105861E+00  9.3792101199E-03  3.1192288151E-02
  1.8525396361E+00  1.5222487850E+00  1.6232986585E+00  9.0444955750E-03  2.9966020722E-02
  1.8517695132E+00  1.5343547180E+00  1.6451582236E+00  8.7214998476E-03  2.8800520594E-02
  1.8511931446E+00  1.5461630719E+00  1.6671858798E+00  8.4096665578E-03  2.7692470198E-02
  1.8508121288E+00  1.5576690063E+00  1.6893772126E+00  8.1084773301E-03  2.6638645305E-02
  1.8506274756E+00  1.5688692902E+00  1.7117268547E+00  7.8174500502E-03  2.5635930137E-02
  1.8506395922E+00  1.5797623929E+00  1.7342285714E+00  7.5361369646E-03  2.4681329557E-02
  1.8508482825E+00  1.5903485375E+00  1.7568753665E+00  7.2641226533E-03  2.3771978398E-02
  1.8512527621E+00  1.6006297132E+00  1.7796596049E+00  7.0010219169E-03  2.2905148050E-02
  1.8518516846E+00  1.6106096484E+00  1.8025731456E+00  6.7464776168E-03  2.2078250480E-02
  1.8526431802E+00  1.6202937428E+00  1.8256074799E+00  6.5001585123E-03  2.1288839930E-02
  1.8536249023E+00  1.6296889645E+00  1.8487538695E+00  6.2617571307E-03  2.0534612557E-02
  1.8547940799E+00  1.6388037157E+00  1.8720034786E+00  6.0309877051E-03  1.9813404326E-02
  1.8561475724E+00  1.6476476742E+00  1.8953474960E+00  5.8075842061E-03  1.9123187468E-02
  1.8576819248E+00  1.6562316157E+00  1.9187772445E+00  5.5912984865E-03  1.8462065816E-02
  1.8593934200E+00  1.6645672258E+00  1.9422842757E+00  5.3818985523E-03  1.7828269306E-02
  1.8612781262E+00  1.6726669064E+00  1.9658604477E+00  5.1791669650E-03  1.7220147923E-02
  1.8633319386E+00  1.6805435832E+00  1.9894979884E+00  4.9828993750E-03  1.6636165322E-02
  1.8655506144E+00  1.6882105199E+00  2.0131895422E+00  4.7929031844E-03  1.6074892312E-02
  1.8679298000E+00  1.6956811412E+00  2.0369282039E+00  4.6089963302E-03  1.5535000381E-02
  1.8704650524E+00  1.7029688706E+00  2.0607075401E+00  4.4310061807E-03  1.5015255358E-02
  1.8731518529E+00  1.7100869827E+00  2.0845215997E+00  4.2587685369E-03  1.4514511318E-02
  1.8759856169E+00  1.7170484726E+00  2.1083649167E+00  4.0921267284E-03  1.4031704772E-02
  1.8789616983E+00  1.7238659432E+00  2.1322325053E+00  3.9309307966E-03  1.3565849185E-02
  1.8820753913E+00  1.7305515096E+00  2.1561198503E+00  3.7750367578E-03  1.3116029824E-02
  1.8853219303E+00  1.7371167216E+00  2.1800228930E+00  3.6243059392E-03  1.2681398933E-02
  1.8886964893E+00  1.7435725021E+00  2.2039380143E+00  3.4786043830E-03  1.2261171235E-02
  1.8921941806E+00  1.7499291013E+00  2.2278620159E+00  3.3378023137E-03  1.1854619716E-02
  1.8958100552E+00  1.7561960659E+00  2.2517920992E+00  3.2017736647E-03  1.1461071685E-02
  1.8995391049E+00  1.7623822211E+00  2.2757258445E+00  3.0703956611E-03  1.1079905086E-02
  1.9033762659E+00  1.7684956643E+00  2.2996611884E+00  2.9435484543E-03  1.0710545018E-02
  1.9073164251E+00  1.7745437693E+00  2.3235964013E+00  2.8211148075E-03  1.0352460461E-02
  1.9113544284E+00  1.7805332004E+00  2.3475300645E+00  2.7029798268E-03  1.0005161181E-02
  1.9154850914E+00  1.7864699326E+00  2.3714610475E+00  2.5890307362E-03  9.6681947870E-03
  1.9197032125E+00  1.7923592800E+00  2.3953884852E+00  2.4791566925E-03  9.3411439410E-03
  1.9240035868E+00  1.7982059272E+00  2.4193117549E+00  2.3732486365E-03  9.0236237048E-03
  1.9283810225E+00  1.8040139670E+00  2.4432304537E+00  2.2711991781E-03  8.7152790117E-03
  1.9328303578E+00  1.8097869384E+00  2.4671443769E+00  2.1729025092E-03  8.4157822620E-03
  1.9373464777E+00  1.8155278688E+00  2.4910534956E+00  2.0782543439E-03  8.1248310388E-03
  1.9419243323E+00  1.8212393148E+00  2.5149579360E+00  1.9871518794E-03  7.8421459390E-03
  1.9465589538E+00  1.8269234054E+00  2.5388579589E+00  1.8994937761E-03  7.5674685211E-03
  1.9512454739E+00  1.8325818830E+00  2.5627539398E+00  1.8151801528E-03  7.3005593675E-03
  1.9559791390E+00  1.8382161441E+00  2.5866463508E+00  1.7341125936E-03  7.0411962609E-03
  1.9607553259E+00  1.8438272786E+00  2.6105357424E+00  1.6561941649E-03  6.7891724755E-03
  1.9655695554E+00  1.8494161066E+00  2.6344227273E+00  1.5813294386E-03  6.5442951808E-03
  1.9704175044E+00  1.8549832140E+00  2.6583079651E+00  1.5094245201E-03  6.3063839566E-03
  1.9752950166E+00  1.8605289850E+00  2.6821921481E+00  1.4403870792E-03  6.0752694191E-03
  1.9801981122E+00  1.8660536327E+00  2.7060759886E+00  1.3741263825E-03  5.8507919538E-03
  1.9851229951E+00  1.8715572271E+00  2.7299602074E+00  1.3105533248E-03  5.6328005529E-03
  1.9900660590E+00  1.8770397205E+00  2.7538455235E+00  1.2495804607E-03  5.4211517545E-03
  1.9950238925E+00  1.8825009705E+00  2.7777326452E+00  1.1911220330E-03  5.2157086781E-03
  1.9999932813E+00  1.8879407613E+00  2.8016222623E+00  1.1350939992E-03  5.0163401531E-03
  2.0049712106E+00  1.8933588214E+00  2.8255150394E+00  1.0814140555E-03  4.8229199349E-03
  2.0099548653E+00  1.8987548408E+00  2.8494116106E+00  1.0300016566E-03  4.6353260043E-03
  2.0149416291E+00  1.9041284849E+00  2.8733125749E+00  9.8077803282E-04  4.4534399445E-03
