 AIMInt (Version 19.02.13, Professional)
 Portions Copyright (c) 1997-2019 by Todd A. Keith
 AIMInt is a component of the AIMAll package ( http://aim.tkgristmill.com )

 TP:  64-bit Linux

 Licensed To:  Research Group of Fernando Cortes Guzman, UNAM, fercor@unam.mx

 AIMInt is a heavily modified and extended version of the PROAIMV program
 developed by members of R.F.W. Bader's research group

 Much of the Quantum Theory of Atoms in Molecules (QTAIM) is described in the book:
   "Atoms in Molecules - A Quantum Theory"
   R.F.W. Bader, Oxford University Press, Oxford, 1990

 For additional references see:  http://aim.tkgristmill.com/references.html

 Current Directory:  /home/scratch/M_H2O_4_cuadrado_plano/Opt

 Inp File:  Fe3_cuadrado_plano_cc-pvtz-def2-tzv_10_atomicfiles/o4.inp
 Wfx File:  Fe3_cuadrado_plano_cc-pvtz-def2-tzv_10.wfx
 Out File:  Fe3_cuadrado_plano_cc-pvtz-def2-tzv_10_atomicfiles/o4.int

 Wfx Title:   Fe3_cuadrado_plano_cc-pvtz-def2-tzv_10                                        
 Job Title:   Fe3_cuadrado_plano_cc-pvtz-def2-tzv_10                                        
 
<Atom>
O4      
</Atom>
<Nuclei of Molecule>
    13
Fe1       26.0          -2.1635071957E-05   4.5956422413E-05   1.8200324605E-04
O2         8.0           3.6336028085E+00   5.6727660433E-03   9.0142198484E-04
H3         1.0           4.7273242565E+00   6.6527123908E-01  -1.3764891726E+00
O4         8.0          -6.1069883189E-03   3.5906362337E+00   1.2181537423E-02
H5         1.0          -1.5252221084E+00   4.6829988490E+00   1.5151909543E-01
O6         8.0          -3.6334773261E+00  -5.9565496571E-03   8.9856849837E-04
H7         1.0          -4.7291836185E+00   6.5003999678E-01  -1.3766410499E+00
O8         8.0           6.0349565436E-03  -3.5905347588E+00  -1.4487524984E-02
H9         1.0          -1.5094383259E+00  -4.6879458550E+00  -1.5386699712E-01
H10        1.0           1.5093577337E+00   4.6881700487E+00   1.5063464691E-01
H11        1.0          -4.7263721701E+00  -6.6553982933E-01   1.3789687653E+00
H12        1.0           1.5251939183E+00  -4.6828088215E+00  -1.5410916552E-01
H13        1.0           4.7284752215E+00  -6.4992202458E-01   1.3792997698E+00
</Nuclei of Molecule>
<Total Number of CPs of DelSqRho>
    39
</Total Number of CPs of DelSqRho>
<Number of (3,+3) CPs of DelSqRho>
     5
</Number of (3,+3) CPs of DelSqRho>
<Number of (3,+1) CPs of DelSqRho>
    15
</Number of (3,+1) CPs of DelSqRho>
<Number of (3,-1) CPs of DelSqRho>
    15
</Number of (3,-1) CPs of DelSqRho>
<Number of (3,-3) CPs of DelSqRho>
     4
</Number of (3,-3) CPs of DelSqRho>
<Number of Degenerate CPs of DelSqRho>
     0
</Number of Degenerate CPs of DelSqRho>
<CP of DelSqRho>
CP# = 1       
Type = (3,+3)
Coords = -6.10698864877526E-03  3.59063644193708E+00  1.21816006829678E-02
DistFromNuc =  2.1763803158E-07
Rho =  2.9724014934E+02
DelSqRho = -3.3285682907E+06
GradDelSqRho = -4.2088736052E-08 -7.3525370681E-08  8.5804458649E-08
HessDelSqRho_EigVals =  1.3236904586E+11  1.3236906646E+11  1.3236907191E+11
HessDelSqRho_EigVec1 =  4.2845638995E-04 -7.6690755136E-02  9.9705483525E-01
HessDelSqRho_EigVec2 = -1.6361842064E-03  9.9705353840E-01  7.6691358490E-02
HessDelSqRho_EigVec3 =  9.9999856966E-01  1.6642242770E-03 -3.0171375732E-04
</CP of DelSqRho>
<CP of DelSqRho>
CP# = 2       
Type = (3,+1)
Coords = -3.29042685914231E-03  2.02545409983201E+00 -2.05694492182344E-02
DistFromNuc =  1.5655272825E+00
Rho =  1.3221852651E-01
DelSqRho =  2.6998786328E-01
GradDelSqRho = -1.2641797331E-16  3.5249581032E-15  1.3877787808E-17
HessDelSqRho_EigVals = -2.4821692716E-01  1.0803813250E-01  4.5362275984E+00
HessDelSqRho_EigVec1 =  1.4639295653E-04 -4.0480305937E-03  9.9999179598E-01
HessDelSqRho_EigVec2 =  9.9999859244E-01  1.6720089197E-03 -1.3962555271E-04
HessDelSqRho_EigVec3 = -1.6714299940E-03  9.9999040887E-01  4.0482696662E-03
</CP of DelSqRho>
<CP of DelSqRho>
CP# = 3       
Type = (3,+1)
Coords = -9.51340171843483E-01  4.26256038802972E+00  9.82303120877979E-02
DistFromNuc =  1.1629068028E+00
Rho =  4.0762236556E-01
DelSqRho = -9.4076223461E-01
GradDelSqRho = -2.2204460493E-15 -1.6653345369E-15  2.8796409701E-16
HessDelSqRho_EigVals = -3.0429735353E+01  1.4381867029E+01  1.5149028154E+01
HessDelSqRho_EigVec1 =  8.0653017745E-01 -5.8649951781E-01 -7.4346408572E-02
HessDelSqRho_EigVec2 =  2.8024758857E-02 -8.7686192106E-02  9.9575385744E-01
HessDelSqRho_EigVec3 =  5.9052831071E-01  8.0518907551E-01  5.4285052523E-02
</CP of DelSqRho>
<CP of DelSqRho>
CP# = 4       
Type = (3,+1)
Coords =  9.36880789200700E-01  4.26577862759692E+00  9.76831710049439E-02
DistFromNuc =  1.1629074468E+00
Rho =  4.0762262210E-01
DelSqRho = -9.4076651093E-01
GradDelSqRho =  5.3568260938E-15  1.7486012638E-15  5.1000870194E-16
HessDelSqRho_EigVals = -3.0429836522E+01  1.4381942823E+01  1.5149042762E+01
HessDelSqRho_EigVec1 =  8.0457047866E-01  5.8924436925E-01  7.3874340420E-02
HessDelSqRho_EigVec2 = -2.7146419506E-02 -8.7774574880E-02  9.9577040321E-01
HessDelSqRho_EigVec3 = -5.9323639198E-01  8.0317289379E-01  5.4624956887E-02
</CP of DelSqRho>
<CP of DelSqRho>
CP# = 5       
Type = (3,-1)
Coords = -6.38368457325686E-03  3.75909491162604E+00  1.37732186596188E-02
DistFromNuc =  1.6846642449E-01
Rho =  2.2395031409E+01
DelSqRho =  1.2609301280E+03
GradDelSqRho = -1.6553425297E-13  7.0372152550E-11  3.0286884112E-13
HessDelSqRho_EigVals = -4.1444309328E+05 -1.9707634545E+03  7.3107255212E+02
HessDelSqRho_EigVec1 = -1.6425854650E-03  9.9996229081E-01  8.5275361159E-03
HessDelSqRho_EigVec2 =  3.2660119168E-04 -8.5270107135E-03  9.9996359105E-01
HessDelSqRho_EigVec3 =  9.9999859762E-01  1.6453107637E-03 -3.1258253196E-04
</CP of DelSqRho>
<CP of DelSqRho>
CP# = 6       
Type = (3,-1)
Coords = -5.94096841979450E-03  3.42438630364344E+00 -5.73877177356043E-03
DistFromNuc =  1.6721305059E-01
Rho =  2.2673689152E+01
DelSqRho =  1.2885787143E+03
GradDelSqRho = -1.3211653993E-14  2.4911628316E-11 -1.0658141036E-14
HessDelSqRho_EigVals = -4.4471818017E+05 -3.0131894942E+03  2.7403968884E+01
HessDelSqRho_EigVec1 = -9.9501275536E-04  9.9417761784E-01  1.0774912587E-01
HessDelSqRho_EigVec2 =  4.6591706076E-04 -1.0774870662E-01  9.9417805203E-01
HessDelSqRho_EigVec3 =  9.9999939644E-01  1.0394219989E-03 -3.5599297612E-04
</CP of DelSqRho>
<CP of DelSqRho>
CP# = 7       
Type = (3,+1)
Coords = -6.08912838231526E-03  3.61083016837283E+00  1.79312264099295E-01
DistFromNuc =  1.6834629523E-01
Rho =  2.2552459541E+01
DelSqRho =  1.2350734408E+03
GradDelSqRho =  1.4988010832E-15  5.1159076975E-13  1.9689139208E-11
HessDelSqRho_EigVals = -4.1267116162E+05  2.4939883214E+03  2.9432461474E+03
HessDelSqRho_EigVec1 =  1.1128235303E-04  1.1693464451E-01  9.9313960576E-01
HessDelSqRho_EigVec2 = -1.6445965010E-03  9.9313829024E-01 -1.1693430534E-01
HessDelSqRho_EigVec3 =  9.9999864146E-01  1.6203011959E-03 -3.0282907302E-04
</CP of DelSqRho>
<CP of DelSqRho>
CP# = 8       
Type = (3,+1)
Coords = -6.23321640305310E-03  3.63623346261012E+00 -1.49579821071910E-01
DistFromNuc =  1.6806504788E-01
Rho =  2.2614122287E+01
DelSqRho =  1.2413911605E+03
GradDelSqRho = -1.6757428778E-14  1.7763568394E-12 -7.9580786405E-13
HessDelSqRho_EigVals = -4.1926517256E+05  2.2626533445E+03  2.7313350212E+03
HessDelSqRho_EigVec1 =  7.4600680203E-04 -2.6813131400E-01  9.6338208512E-01
HessDelSqRho_EigVec2 = -1.4928763090E-03  9.6338098104E-01  2.6813216274E-01
HessDelSqRho_EigVec3 =  9.9999860740E-01  1.6382387086E-03 -3.1840187843E-04
</CP of DelSqRho>
<CP of DelSqRho>
CP# = 9       
Type = (3,-3)
Coords =  3.82968005026799E-02  3.43035465525287E+00 -5.30057444031652E-03
DistFromNuc =  1.6723487999E-01
Rho =  2.2666215326E+01
DelSqRho =  1.2885923602E+03
GradDelSqRho = -2.2737367544E-13 -4.7890580390E-12  5.4711790654E-13
HessDelSqRho_EigVals = -4.4421007893E+05 -3.0348722958E+03 -5.3563131328E+01
HessDelSqRho_EigVec1 = -2.6457887714E-01  9.5861543996E-01  1.0514017327E-01
HessDelSqRho_EigVec2 =  8.8561480703E-03 -1.0660554771E-01  9.9426195031E-01
HessDelSqRho_EigVec3 =  9.6432338270E-01  2.6399184734E-01  1.9715935831E-02
</CP of DelSqRho>
<CP of DelSqRho>
CP# = 10      
Type = (3,-1)
Coords =  6.38689409493643E-01  3.29218345058313E+00 -3.42483318036241E-03
DistFromNuc =  7.1068981784E-01
Rho =  6.8560538498E-01
DelSqRho = -1.1239212627E+00
GradDelSqRho = -4.3520742565E-14  7.5495165675E-15  3.1918911958E-16
HessDelSqRho_EigVals = -1.5361387341E+01 -1.1494662411E+01  1.4883433992E+02
HessDelSqRho_EigVec1 =  4.3116583611E-01  8.9789575551E-01  8.8765049441E-02
HessDelSqRho_EigVec2 = -1.5875097335E-02 -9.0814798836E-02  9.9574125836E-01
HessDelSqRho_EigVec3 =  9.0213302958E-01 -4.3073876601E-01 -2.4902056155E-02
</CP of DelSqRho>
<CP of DelSqRho>
CP# = 11      
Type = (3,-1)
Coords = -6.49890423612595E-01  3.28999002511908E+00 -3.04272699305740E-03
DistFromNuc =  7.1068771800E-01
Rho =  6.8561170364E-01
DelSqRho = -1.1239602463E+00
GradDelSqRho = -8.4376949872E-15 -7.5495165675E-15 -9.1940344227E-16
HessDelSqRho_EigVals = -1.5361370281E+01 -1.1494938640E+01  1.4883716783E+02
HessDelSqRho_EigVec1 = -4.3417250734E-01  8.9643156552E-01  8.8908279773E-02
HessDelSqRho_EigVec2 =  1.6722718172E-02 -9.0658488463E-02  9.9574162772E-01
HessDelSqRho_EigVec3 =  9.0067451644E-01  4.3381042728E-01  2.4370650818E-02
</CP of DelSqRho>
<CP of DelSqRho>
CP# = 12      
Type = (3,-1)
Coords = -7.32342438298542E-03  4.31040890464195E+00  5.90923952973290E-02
DistFromNuc =  7.2130077370E-01
Rho =  6.7145240042E-01
DelSqRho = -1.0275159975E+00
GradDelSqRho =  5.4080004364E-16  3.2862601529E-14  2.8033131372E-15
HessDelSqRho_EigVals = -2.0061183561E+01 -6.1376075757E+00  1.3796775042E+02
HessDelSqRho_EigVec1 =  9.9999850658E-01  1.7064422440E-03 -2.7366115954E-04
HessDelSqRho_EigVec2 =  3.7741076516E-04 -6.1098067893E-02  9.9813169655E-01
HessDelSqRho_EigVec3 = -1.6865339239E-03  9.9813030921E-01  6.1098620678E-02
</CP of DelSqRho>
<CP of DelSqRho>
CP# = 13      
Type = (3,+1)
Coords = -4.96885184676569E-03  2.91193697622237E+00 -3.63887285783191E-02
DistFromNuc =  6.8043592512E-01
Rho =  8.0853573744E-01
DelSqRho = -3.0917240710E+00
GradDelSqRho = -4.3368086899E-16  2.2204460493E-14  3.6637359813E-15
HessDelSqRho_EigVals = -5.4681439380E+00  1.6762156302E+01  2.1324365660E+02
HessDelSqRho_EigVec1 =  4.1672365489E-04 -7.5770388994E-02  9.9712520502E-01
HessDelSqRho_EigVec2 =  9.9999852071E-01  1.6955881420E-03 -2.8907870736E-04
HessDelSqRho_EigVec3 = -1.6688100676E-03  9.9712385045E-01  7.5770983499E-02
</CP of DelSqRho>
<CP of DelSqRho>
CP# = 14      
Type = (3,+3)
Coords = -5.46505562170394E-03  3.31350088478718E+00  5.97493529140283E-01
DistFromNuc =  6.4760677988E-01
Rho =  9.1060288978E-01
DelSqRho = -3.8790822053E+00
GradDelSqRho = -1.4918621893E-16 -2.6645352591E-14  4.9737991503E-14
HessDelSqRho_EigVals =  8.1594137137E+00  1.7814309215E+01  2.9086048540E+02
HessDelSqRho_EigVec1 = -1.4117427842E-03  9.1620652428E-01  4.0070389548E-01
HessDelSqRho_EigVec2 =  9.9999855231E-01  1.6740891409E-03 -3.0464054391E-04
HessDelSqRho_EigVec3 =  9.4992769401E-04 -4.0070288531E-01  9.1620756128E-01
</CP of DelSqRho>
<CP of DelSqRho>
CP# = 15      
Type = (3,+3)
Coords = -6.05699790284506E-03  3.44889964299592E+00 -6.12493982608205E-01
DistFromNuc =  6.4055348642E-01
Rho =  9.3661378521E-01
DelSqRho = -4.1369545529E+00
GradDelSqRho =  8.6736173799E-17  8.8817841970E-16  2.4868995752E-14
HessDelSqRho_EigVals =  1.0444861016E+01  1.8928784195E+01  3.2162216753E+02
HessDelSqRho_EigVec1 = -1.7638540411E-03  9.8000696841E-01 -1.9895534849E-01
HessDelSqRho_EigVec2 =  9.9999844369E-01  1.7361172449E-03 -3.1386086643E-04
HessDelSqRho_EigVec3 = -3.7823975261E-05  1.9895559246E-01  9.8000850547E-01
</CP of DelSqRho>
<CP of DelSqRho>
CP# = 16      
Type = (3,+1)
Coords =  4.35800953092538E-01  3.79998585713991E+00  4.86970451020090E-01
DistFromNuc =  6.8156760926E-01
Rho =  8.0333055239E-01
DelSqRho = -2.7032082809E+00
GradDelSqRho = -1.7763568394E-15 -6.2172489379E-15 -1.4210854715E-14
HessDelSqRho_EigVals = -1.1734294594E+01  1.3536905867E+01  2.0283450371E+02
HessDelSqRho_EigVec1 =  5.4798515031E-01  5.4995200115E-01 -6.3028967267E-01
HessDelSqRho_EigVec2 =  5.8156699232E-01 -7.9206979067E-01 -1.8548660369E-01
HessDelSqRho_EigVec3 =  6.0124213798E-01  2.6491176482E-01  7.5387641452E-01
</CP of DelSqRho>
<CP of DelSqRho>
CP# = 17      
Type = (3,+1)
Coords = -4.48457692120097E-01  3.79847831799037E+00  4.87224450089505E-01
DistFromNuc =  6.8157042632E-01
Rho =  8.0332176573E-01
DelSqRho = -2.7031233420E+00
GradDelSqRho =  8.8817841970E-15 -7.1054273576E-15  2.6645352591E-15
HessDelSqRho_EigVals = -1.1734858488E+01  1.3536066202E+01  2.0282939119E+02
HessDelSqRho_EigVec1 = -5.5021901353E-01  5.4807717496E-01 -6.2997654515E-01
HessDelSqRho_EigVec2 =  5.7896588547E-01  7.9405058511E-01  1.8515445376E-01
HessDelSqRho_EigVec3 = -6.0171217423E-01  2.6285942739E-01  7.5421971654E-01
</CP of DelSqRho>
<CP of DelSqRho>
CP# = 18      
Type = (3,+1)
Coords =  4.64774725362722E-01  3.88993544613503E+00 -3.81802180141671E-01
DistFromNuc =  6.8303204650E-01
Rho =  8.0022015033E-01
DelSqRho = -2.7116512120E+00
GradDelSqRho = -5.0777160254E-12 -3.7170266864E-12 -7.2386541206E-14
HessDelSqRho_EigVals = -1.2475596161E+01  1.4074358486E+01  2.0231349187E+02
HessDelSqRho_EigVec1 = -5.1002086601E-01 -4.0237281607E-01 -7.6024656074E-01
HessDelSqRho_EigVec2 = -5.6860350768E-01  8.2090125565E-01 -5.3020557584E-02
HessDelSqRho_EigVec3 =  6.4542138738E-01  4.0523727044E-01 -6.4746736393E-01
</CP of DelSqRho>
<CP of DelSqRho>
CP# = 19      
Type = (3,+1)
Coords = -4.78245291315231E-01  3.88832572741558E+00 -3.81516956501518E-01
DistFromNuc =  6.8303156292E-01
Rho =  8.0022552272E-01
DelSqRho = -2.7117415651E+00
GradDelSqRho = -9.7699626167E-15  2.6645352591E-15 -1.6875389974E-14
HessDelSqRho_EigVals = -1.2474695906E+01  1.4075218900E+01  2.0231525019E+02
HessDelSqRho_EigVec1 = -5.1093209825E-01  4.0063418358E-01  7.6055285281E-01
HessDelSqRho_EigVec2 =  5.6576617050E-01  8.2283691760E-01 -5.3367099919E-02
HessDelSqRho_EigVec3 =  6.4719164959E-01 -4.0302811066E-01  6.4707906064E-01
</CP of DelSqRho>
<CP of DelSqRho>
CP# = 20      
Type = (3,+3)
Coords =  5.86427307266436E-01  3.98710971966580E+00  6.69698078706107E-02
DistFromNuc =  7.1504536297E-01
Rho =  7.7421072787E-01
DelSqRho = -3.2856978455E+00
GradDelSqRho = -2.1205259770E-13 -1.2256862192E-13  5.1902926401E-15
HessDelSqRho_EigVals =  1.1952851545E+01  2.4341410905E+01  1.5076472596E+02
HessDelSqRho_EigVec1 = -3.1811939279E-02 -9.5359242362E-02  9.9493447795E-01
HessDelSqRho_EigVec2 = -5.4241465920E-01  8.3774909279E-01  6.2950734911E-02
HessDelSqRho_EigVec3 =  8.3950839067E-01  5.3766446082E-01  7.8374674218E-02
</CP of DelSqRho>
<CP of DelSqRho>
CP# = 21      
Type = (3,+3)
Coords = -5.99960814697097E-01  3.98508721756116E+00  6.72940020840921E-02
DistFromNuc =  7.1504638279E-01
Rho =  7.7420801548E-01
DelSqRho = -3.2856644598E+00
GradDelSqRho =  6.2572169668E-13 -3.8813396941E-13 -1.2695400287E-13
HessDelSqRho_EigVals =  1.1952485649E+01  2.4341035862E+01  1.5076375202E+02
HessDelSqRho_EigVec1 =  3.2687928891E-02 -9.5209343476E-02  9.9492043914E-01
HessDelSqRho_EigVec2 =  5.3958444859E-01  8.3959967871E-01  6.2617907578E-02
HessDelSqRho_EigVec3 =  8.4129669091E-01 -5.3479674684E-01 -7.8818255695E-02
</CP of DelSqRho>
<CP of DelSqRho>
CP# = 22      
Type = (3,+1)
Coords = -3.97224687744436E-03  2.34846627498054E+00  4.14443939291470E-02
DistFromNuc =  1.2425164298E+00
Rho =  2.4220372795E-01
DelSqRho =  3.8448844836E-01
GradDelSqRho =  2.0255227617E-14 -7.1659900236E-12  9.6592699117E-13
HessDelSqRho_EigVals = -9.8434173964E+00  3.5976598600E-01  1.1316633275E+00
HessDelSqRho_EigVec1 = -1.7206115183E-03  9.9978776595E-01 -2.0529553115E-02
HessDelSqRho_EigVec2 =  1.8679052440E-04  2.0529904472E-02  9.9978922185E-01
HessDelSqRho_EigVec3 =  9.9999850230E-01  1.7164141250E-03 -2.2207487119E-04
</CP of DelSqRho>
<CP of DelSqRho>
CP# = 23      
Type = (3,-3)
Coords = -8.10594092293841E-03  4.73201271242189E+00 -1.73184131375005E-01
DistFromNuc =  1.1563324319E+00
Rho =  2.4737145433E-01
DelSqRho =  8.7486401912E-01
GradDelSqRho =  1.9971004017E-16 -1.0658141036E-14  8.6042284408E-16
HessDelSqRho_EigVals = -1.7483221870E+01 -3.1324594684E+00 -1.1443663681E-01
HessDelSqRho_EigVec1 = -1.7293874574E-03  9.8697159325E-01 -1.6088531112E-01
HessDelSqRho_EigVec2 =  9.9999850459E-01  1.7060045670E-03 -2.8347414328E-04
HessDelSqRho_EigVec3 =  5.3098513062E-06  1.6088556077E-01  9.8697306767E-01
</CP of DelSqRho>
<CP of DelSqRho>
CP# = 24      
Type = (3,-1)
Coords =  7.14366386446088E-01  3.57335120956870E+00  9.55767050260832E-01
DistFromNuc =  1.1873223134E+00
Rho =  2.4242562291E-01
DelSqRho =  7.2863101436E-01
GradDelSqRho = -1.4710455076E-15  2.0816681712E-17 -2.0261570199E-15
HessDelSqRho_EigVals = -1.7343465802E+01 -1.3331338169E+00  3.1203002776E-01
HessDelSqRho_EigVec1 =  5.9630158095E-01 -4.0750258619E-02  8.0172553968E-01
HessDelSqRho_EigVec2 =  5.4702163819E-01  7.5157036357E-01 -3.6865880698E-01
HessDelSqRho_EigVec3 = -5.8753021361E-01  6.5839304752E-01  4.7045386922E-01
</CP of DelSqRho>
<CP of DelSqRho>
CP# = 25      
Type = (3,-1)
Coords = -7.25993789070908E-01  3.57088452324127E+00  9.56166708633413E-01
DistFromNuc =  1.1873226770E+00
Rho =  2.4242556452E-01
DelSqRho =  7.2862353584E-01
GradDelSqRho =  4.1633363423E-16 -9.8879238131E-17 -5.2735593670E-16
HessDelSqRho_EigVals = -1.7343172528E+01 -1.3331977288E+00  3.1206432981E-01
HessDelSqRho_EigVec1 = -5.9571507426E-01 -4.2792695055E-02  8.0205507015E-01
HessDelSqRho_EigVec2 =  5.4977884474E-01 -7.4971229506E-01  3.6834046276E-01
HessDelSqRho_EigVec3 =  5.8554826631E-01  6.6037887601E-01  4.7014143398E-01
</CP of DelSqRho>
<CP of DelSqRho>
CP# = 26      
Type = (3,-1)
Coords =  7.24840834224302E-01  3.75936245502313E+00 -9.06557444986889E-01
DistFromNuc =  1.1861005753E+00
Rho =  2.4162879065E-01
DelSqRho =  7.3663167888E-01
GradDelSqRho =  8.3266726847E-17  2.2204460493E-16 -3.6082248300E-16
HessDelSqRho_EigVals = -1.7646885954E+01 -1.1529717234E+00  2.7375248991E-01
HessDelSqRho_EigVec1 = -6.0807313889E-01 -1.1950421756E-01  7.8483488693E-01
HessDelSqRho_EigVec2 =  5.4328178390E-01  6.5821735948E-01  5.2114759038E-01
HessDelSqRho_EigVec3 = -5.7887128192E-01  7.4328234855E-01 -3.3531983135E-01
</CP of DelSqRho>
<CP of DelSqRho>
CP# = 27      
Type = (3,-1)
Coords = -7.38122170384459E-01  3.75690025043997E+00 -9.06159672656236E-01
DistFromNuc =  1.1861030850E+00
Rho =  2.4162922195E-01
DelSqRho =  7.3662401686E-01
GradDelSqRho =  5.2191584388E-13 -3.3908986730E-13  1.0691447727E-12
HessDelSqRho_EigVals = -1.7646948431E+01 -1.1528254030E+00  2.7379110361E-01
HessDelSqRho_EigVec1 =  6.0889858303E-01 -1.1746009031E-01  7.8450343707E-01
HessDelSqRho_EigVec2 =  5.4523724713E-01 -6.5634856420E-01 -5.2146227727E-01
HessDelSqRho_EigVec3 =  5.7615871071E-01  7.4525813612E-01 -3.3560609443E-01
</CP of DelSqRho>
<CP of DelSqRho>
CP# = 28      
Type = (3,-3)
Coords =  1.05093693576022E+00  3.15283302243424E+00 -2.33827916041202E-02
DistFromNuc =  1.1446738971E+00
Rho =  2.4492635405E-01
DelSqRho =  8.4334676202E-01
GradDelSqRho = -1.8179902028E-15  2.1649348980E-15  1.1032841307E-15
HessDelSqRho_EigVals = -1.7759171373E+01 -1.8564681417E+00 -4.9052866463E-01
HessDelSqRho_EigVec1 =  9.0479416964E-01 -4.2437363828E-01 -3.5419284639E-02
HessDelSqRho_EigVec2 =  4.2579937068E-01  9.0028184209E-01  9.0484809428E-02
HessDelSqRho_EigVec3 = -6.5120289660E-03 -9.6951637121E-02  9.9526778986E-01
</CP of DelSqRho>
<CP of DelSqRho>
CP# = 29      
Type = (3,-3)
Coords = -1.06166963466513E+00  3.14922833926394E+00 -2.28138537432606E-02
DistFromNuc =  1.1446737994E+00
Rho =  2.4492650554E-01
DelSqRho =  8.4335854557E-01
GradDelSqRho =  3.6637359813E-15  1.9706458687E-15  1.1796119637E-15
HessDelSqRho_EigVals = -1.7759374678E+01 -1.8564228571E+00 -4.9060775373E-01
HessDelSqRho_EigVec1 =  9.0336171670E-01  4.2745498080E-01  3.4926325104E-02
HessDelSqRho_EigVec2 = -4.2881585606E-01  8.9882499404E-01  9.0722608417E-02
HessDelSqRho_EigVec3 =  7.3871768851E-03 -9.6932293282E-02  9.9526356315E-01
</CP of DelSqRho>
<CP of DelSqRho>
CP# = 30      
Type = (3,-1)
Coords =  1.96749562660685E+00  3.98413798910690E+00  1.41558894952630E-01
DistFromNuc =  2.0166034349E+00
Rho =  7.2492947734E-02
DelSqRho =  1.9222682939E-01
GradDelSqRho = -4.9474313535E-14  1.3086753903E-14  1.0798653638E-16
HessDelSqRho_EigVals = -2.2814689504E+00 -2.3097485776E-02  4.4950562489E-01
HessDelSqRho_EigVec1 =  9.3145488706E-01 -3.6234350930E-01  3.3150786511E-02
HessDelSqRho_EigVec2 = -5.7824984273E-02 -5.7461811825E-02  9.9667166679E-01
HessDelSqRho_EigVec3 =  3.5923260510E-01  9.3027163853E-01  7.4475593170E-02
</CP of DelSqRho>
<CP of DelSqRho>
CP# = 31      
Type = (3,-1)
Coords = -1.98096185314231E+00  3.97741175892790E+00  1.42746010914967E-01
DistFromNuc =  2.0166046032E+00
Rho =  7.2493144251E-02
DelSqRho =  1.9222858618E-01
GradDelSqRho =  3.8163916471E-17  4.2153780466E-16  8.2399365109E-18
HessDelSqRho_EigVals = -2.2815158121E+00 -2.3107579783E-02  4.4949482855E-01
HessDelSqRho_EigVec1 =  9.3019215283E-01  3.6551975180E-01 -3.3732326590E-02
HessDelSqRho_EigVec2 =  5.8635155360E-02 -5.7241987972E-02  9.9663698174E-01
HessDelSqRho_EigVec3 = -3.6235959676E-01  9.2904179984E-01  7.4678355458E-02
</CP of DelSqRho>
<CP of DelSqRho>
CP# = 32      
Type = (3,+1)
Coords =  1.42896393758348E+00  4.55524854148441E+00  1.01815997023833E+00
DistFromNuc =  2.0004744622E+00
Rho =  7.1235385704E-02
DelSqRho =  1.8396348851E-01
GradDelSqRho = -4.9090505966E-15 -5.1078932750E-15 -5.7141791299E-15
HessDelSqRho_EigVals = -1.7496136242E+00  2.5360077663E-02  5.9082158041E-01
HessDelSqRho_EigVec1 =  4.5420677672E-01  2.6913674251E-01  8.4927122747E-01
HessDelSqRho_EigVec2 = -5.9013392659E-01  8.0503545477E-01  6.0496820170E-02
HessDelSqRho_EigVec3 =  6.6741153172E-01  5.2866182990E-01 -5.2447928170E-01
</CP of DelSqRho>
<CP of DelSqRho>
CP# = 33      
Type = (3,+1)
Coords = -1.44389486988254E+00  4.55031200900567E+00  1.01899186903657E+00
DistFromNuc =  2.0004696024E+00
Rho =  7.1235650683E-02
DelSqRho =  1.8396453046E-01
GradDelSqRho =  7.2227922428E-13 -2.0634709219E-13 -5.4521664961E-13
HessDelSqRho_EigVals = -1.7496234515E+00  2.5362282285E-02  5.9082193989E-01
HessDelSqRho_EigVec1 = -4.5464720483E-01  2.6754709218E-01  8.4953779940E-01
HessDelSqRho_EigVec2 =  5.8742406975E-01  8.0703639736E-01  6.0209763476E-02
HessDelSqRho_EigVec3 =  6.6949897791E-01 -5.2641315220E-01  5.2408044399E-01
</CP of DelSqRho>
<CP of DelSqRho>
CP# = 34      
Type = (3,+1)
Coords =  1.52419774979798E+00  4.64451110880424E+00 -7.28787810744822E-01
DistFromNuc =  2.0003800686E+00
Rho =  7.1096794688E-02
DelSqRho =  1.8412778196E-01
GradDelSqRho =  4.3173797870E-14 -2.3619387696E-13 -1.8908095575E-13
HessDelSqRho_EigVals = -1.7604406737E+00  2.5462566119E-02  5.8969658356E-01
HessDelSqRho_EigVec1 = -5.4190943722E-01 -3.4918587728E-01  7.6446280809E-01
HessDelSqRho_EigVec2 = -5.9235627266E-01  8.0395177566E-01 -5.2683855719E-02
HessDelSqRho_EigVec3 =  5.9619477361E-01  4.8138421819E-01  6.4251149903E-01
</CP of DelSqRho>
<CP of DelSqRho>
CP# = 35      
Type = (3,+1)
Coords = -1.54041142029815E+00  4.63931441128255E+00 -7.27900565064160E-01
DistFromNuc =  2.0003843452E+00
Rho =  7.1096474678E-02
DelSqRho =  1.8412472921E-01
GradDelSqRho =  4.4235448637E-17  1.3357370765E-16 -2.4296970685E-16
HessDelSqRho_EigVals = -1.7603864786E+00  2.5472521289E-02  5.8970087463E-01
HessDelSqRho_EigVec1 =  5.4353344430E-01 -3.4736558271E-01  7.6413908870E-01
HessDelSqRho_EigVec2 =  5.8958434894E-01  8.0596654524E-01 -5.2992673520E-02
HessDelSqRho_EigVec3 =  5.9746271048E-01 -4.7932773747E-01 -6.4287108325E-01
</CP of DelSqRho>
<CP of DelSqRho>
CP# = 36      
Type = (3,-1)
Coords =  3.67492629059713E-01  2.01787274078475E+00 -8.44592190769546E-03
DistFromNuc =  1.6166592624E+00
Rho =  1.1589461847E-01
DelSqRho =  2.7338191699E-01
GradDelSqRho = -1.1745812656E-13  1.4502288259E-14 -2.2828960944E-15
HessDelSqRho_EigVals = -2.8611968030E-01 -1.6490924436E-01  3.9992915525E+00
HessDelSqRho_EigVec1 = -1.0019962589E-01 -1.5424164721E-03  9.9496615818E-01
HessDelSqRho_EigVec2 =  9.9443803242E-01 -3.2769842846E-02  1.0009563969E-01
HessDelSqRho_EigVec3 =  3.2450495478E-02  9.9946173431E-01  4.8173635954E-03
</CP of DelSqRho>
<CP of DelSqRho>
CP# = 37      
Type = (3,-1)
Coords = -3.74493663940844E-01  2.01660914748880E+00 -8.31829270177504E-03
DistFromNuc =  1.6166911436E+00
Rho =  1.1588493439E-01
DelSqRho =  2.7339312534E-01
GradDelSqRho =  3.0172392362E-13  3.8427594440E-14 -6.0177557382E-15
HessDelSqRho_EigVals = -2.8616572452E-01 -1.6508908164E-01  3.9989247693E+00
HessDelSqRho_EigVec1 =  1.0059698427E-01 -1.2066025917E-03  9.9492652536E-01
HessDelSqRho_EigVec2 =  9.9428145038E-01  3.6146571170E-02 -1.0048792381E-01
HessDelSqRho_EigVec3 = -3.5841933469E-02  9.9934577074E-01  4.8359386263E-03
</CP of DelSqRho>
<CP of DelSqRho>
CP# = 38      
Type = (3,-1)
Coords =  9.75542331485499E-01  5.33235052574392E+00  1.31886239771283E-01
DistFromNuc =  2.0028812441E+00
Rho =  7.2761976738E-02
DelSqRho =  1.9441138489E-01
GradDelSqRho = -4.7464983333E-13 -9.4081964441E-12 -9.6877757552E-13
HessDelSqRho_EigVals = -2.3195383585E+00 -2.5739917315E-02  5.0171919170E-01
HessDelSqRho_EigVec1 = -8.1264666479E-02  9.9640370247E-01  2.3994075959E-02
HessDelSqRho_EigVec2 = -5.9795057600E-02 -2.8904273450E-02  9.9779210964E-01
HessDelSqRho_EigVec3 =  9.9489728368E-01  7.9650515851E-02  6.1928912924E-02
</CP of DelSqRho>
<CP of DelSqRho>
CP# = 39      
Type = (3,-1)
Coords = -9.93609619138592E-01  5.32899051554844E+00  1.32573422866434E-01
DistFromNuc =  2.0028807406E+00
Rho =  7.2761970307E-02
DelSqRho =  1.9441250124E-01
GradDelSqRho =  3.8798456635E-13 -7.2873512780E-12 -7.3232088796E-13
HessDelSqRho_EigVals = -2.3195682114E+00 -2.5744409114E-02  5.0171062296E-01
HessDelSqRho_EigVec1 =  7.7895452235E-02  9.9667109386E-01  2.4063025314E-02
HessDelSqRho_EigVec2 =  6.0408293109E-02 -2.8810511990E-02  9.9775788272E-01
HessDelSqRho_EigVec3 =  9.9512970845E-01 -7.6267195209E-02 -6.2451407431E-02
</CP of DelSqRho>
<Path of -GradDelSqRho>
Starting CP# =      2
Ending CP# =      0
Number of Points =    400
 -3.2904268591E-03  2.0254540998E+00 -2.0569449218E-02  1.3221852651E-01  2.6998786328E-01
 -3.2869011879E-03  2.0253417499E+00  3.0547929739E-03  1.3235454581E-01  2.6991871211E-01
 -3.2830208726E-03  2.0251862007E+00  2.8054306392E-02  1.3236964247E-01  2.6969557168E-01
 -3.2789872598E-03  2.0249931182E+00  5.3053558128E-02  1.3225219660E-01  2.6931954743E-01
 -3.2748022039E-03  2.0247632074E+00  7.8052498384E-02  1.3200274343E-01  2.6879239228E-01
 -3.2704687562E-03  2.0244977011E+00  1.0305108608E-01  1.3162240835E-01  2.6811626066E-01
 -3.2659910944E-03  2.0241983284E+00  1.2804929134E-01  1.3111288834E-01  2.6729370006E-01
 -3.2613744058E-03  2.0238672658E+00  1.5304709722E-01  1.3047642487E-01  2.6632764434E-01
 -3.2566247372E-03  2.0235070758E+00  1.7804450062E-01  1.2971576961E-01  2.6522140777E-01
 -3.2517488193E-03  2.0231206330E+00  2.0304151219E-01  1.2883414406E-01  2.6397867844E-01
 -3.2467538703E-03  2.0227110425E+00  2.2803815541E-01  1.2783519484E-01  2.6260350941E-01
 -3.2416473851E-03  2.0222815502E+00  2.5303446478E-01  1.2672294581E-01  2.6110030613E-01
 -3.2364369169E-03  2.0218354498E+00  2.7803048344E-01  1.2550174856E-01  2.5947380872E-01
 -3.2311298542E-03  2.0213759863E+00  3.0302626015E-01  1.2417623267E-01  2.5772906784E-01
 -3.2257331990E-03  2.0209062598E+00  3.2802184619E-01  1.2275125666E-01  2.5587141334E-01
 -3.2202533503E-03  2.0204291289E+00  3.5301729204E-01  1.2123186075E-01  2.5390641511E-01
 -3.2146958926E-03  2.0199471161E+00  3.7801264424E-01  1.1962322199E-01  2.5183983611E-01
 -3.2090653954E-03  2.0194623145E+00  4.0300794250E-01  1.1793061251E-01  2.4967757784E-01
 -3.2033652207E-03  2.0189762977E+00  4.2800321716E-01  1.1615936100E-01  2.4742561897E-01
 -3.1975973432E-03  2.0184900312E+00  4.5299848695E-01  1.1431481788E-01  2.4508994833E-01
 -3.1917621803E-03  2.0180037867E+00  4.7799375714E-01  1.1240232411E-01  2.4267649350E-01
 -3.1858584361E-03  2.0175170584E+00  5.0298901791E-01  1.1042718385E-01  2.4019104682E-01
 -3.1798829570E-03  2.0170284824E+00  5.2798424259E-01  1.0839464075E-01  2.3763919051E-01
 -3.1738306039E-03  2.0165357591E+00  5.5297938581E-01  1.0630985815E-01  2.3502622284E-01
 -3.1676941404E-03  2.0160355801E+00  5.7797438083E-01  1.0417790288E-01  2.3235708727E-01
 -3.1614641425E-03  2.0155235609E+00  6.0296913588E-01  1.0200373295E-01  2.2963630644E-01
 -3.1551289338E-03  2.0149941817E+00  6.2796352891E-01  9.9792188969E-02  2.2686792266E-01
 -3.1486745518E-03  2.0144407403E+00  6.5295740009E-01  9.7547989393E-02  2.2405544661E-01
 -3.1420847522E-03  2.0138553199E+00  6.7795054174E-01  9.5275729657E-02  2.2120181549E-01
 -3.1353410614E-03  2.0132287780E+00  7.0294268496E-01  9.2979885157E-02  2.1830936183E-01
 -3.1284228842E-03  2.0125507616E+00  7.2793348277E-01  9.0664817982E-02  2.1537979407E-01
 -3.1213076787E-03  2.0118097560E+00  7.5292248961E-01  8.8334787197E-02  2.1241418943E-01
 -3.1139712069E-03  2.0109931733E+00  7.7790913758E-01  8.5993962214E-02  2.0941300003E-01
 -3.1063878704E-03  2.0100874873E+00  8.0289271030E-01  8.3646438597E-02  2.0637607249E-01
 -3.0985311360E-03  2.0090784208E+00  8.2787231603E-01  8.1296255286E-02  2.0330268169E-01
 -3.0903740542E-03  2.0079511889E+00  8.5284686240E-01  7.8947411905E-02  2.0019157903E-01
 -3.0818898654E-03  2.0066907974E+00  8.7781503599E-01  7.6603884507E-02  1.9704105549E-01
 -3.0730526817E-03  2.0052823943E+00  9.0277529061E-01  7.4269637827E-02  1.9384901961E-01
 -3.0638382237E-03  2.0037116635E+00  9.2772584831E-01  7.1948632042E-02  1.9061309059E-01
 -3.0542245828E-03  2.0019652473E+00  9.5266471701E-01  6.9644822112E-02  1.8733070571E-01
 -3.0441929697E-03  2.0000311774E+00  9.7758972763E-01  6.7362148190E-02  1.8399924121E-01
 -3.0337284065E-03  1.9978992894E+00  1.0024985919E+00  6.5104516205E-02  1.8061614453E-01
 -3.0228203158E-03  1.9955615954E+00  1.0273889797E+00  6.2875768686E-02  1.7717907500E-01
 -3.0114629663E-03  1.9930125879E+00  1.0522586120E+00  6.0679646892E-02  1.7368604883E-01
 -2.9996557408E-03  1.9902494539E+00  1.0771053638E+00  5.8519746401E-02  1.7013558313E-01
 -2.9874032071E-03  1.9872721833E+00  1.1019273676E+00  5.6399469137E-02  1.6652683311E-01
 -2.9747149898E-03  1.9840835655E+00  1.1267231104E+00  5.4321975326E-02  1.6285971582E-01
 -2.9616054541E-03  1.9806890771E+00  1.1514915139E+00  5.2290138951E-02  1.5913501416E-01
 -2.9480932317E-03  1.9770966726E+00  1.1762319924E+00  5.0306509892E-02  1.5535445562E-01
 -2.9342006264E-03  1.9733164966E+00  1.2009444843E+00  4.8373285181E-02  1.5152076124E-01
 -2.9199529430E-03  1.9693605415E+00  1.2256294549E+00  4.6492290845E-02  1.4763766232E-01
 -2.9053777841E-03  1.9652422742E+00  1.2502878735E+00  4.4664974767E-02  1.4370988404E-01
 -2.8905043527E-03  1.9609762543E+00  1.2749211674E+00  4.2892410092E-02  1.3974309724E-01
 -2.8753627947E-03  1.9565777646E+00  1.2995311598E+00  4.1175307939E-02  1.3574384147E-01
 -2.8599836026E-03  1.9520624673E+00  1.3241199953E+00  3.9514037760E-02  1.3171942339E-01
 -2.8443970960E-03  1.9474460980E+00  1.3486900613E+00  3.7908653423E-02  1.2767779611E-01
 -2.8286329850E-03  1.9427442008E+00  1.3732439081E+00  3.6358923151E-02  1.2362742503E-01
 -2.8127200168E-03  1.9379719089E+00  1.3977841736E+00  3.4864361539E-02  1.1957714603E-01
 -2.7966857002E-03  1.9331437683E+00  1.4223135152E+00  3.3424262202E-02  1.1553602160E-01
 -2.7805561033E-03  1.9282736018E+00  1.4468345492E+00  3.2037729838E-02  1.1151319965E-01
 -2.7643557118E-03  1.9233744096E+00  1.4713498018E+00  3.0703710829E-02  1.0751777918E-01
 -2.7481073420E-03  1.9184583018E+00  1.4958616685E+00  2.9421021776E-02  1.0355868614E-01
 -2.7318320973E-03  1.9135364575E+00  1.5203723841E+00  2.8188375573E-02  9.9644561734E-02
 -2.7155493611E-03  1.9086191063E+00  1.5448840015E+00  2.7004404854E-02  9.5783664853E-02
 -2.6992768175E-03  1.9037155285E+00  1.5693983775E+00  2.5867682756E-02  9.1983789429E-02
 -2.6830304952E-03  1.8988340693E+00  1.5939171669E+00  2.4776741082E-02  8.8252196917E-02
 -2.6668248275E-03  1.8939821648E+00  1.6184418212E+00  2.3730085989E-02  8.4595563583E-02
 -2.6506727257E-03  1.8891663770E+00  1.6429735923E+00  2.2726211392E-02  8.1019941895E-02
 -2.6345856615E-03  1.8843924349E+00  1.6675135403E+00  2.1763610297E-02  7.7530734997E-02
 -2.6185737552E-03  1.8796652809E+00  1.6920625433E+00  2.0840784279E-02  7.4132683082E-02
 -2.6026458692E-03  1.8749891209E+00  1.7166213103E+00  1.9956251312E-02  7.0829860340E-02
 -2.5868097030E-03  1.8703674761E+00  1.7411903940E+00  1.9108552184E-02  6.7625681121E-02
 -2.5710718894E-03  1.8658032361E+00  1.7657702063E+00  1.8296255651E-02  6.4522913999E-02
 -2.5554380912E-03  1.8612987130E+00  1.7903610320E+00  1.7517962546E-02  6.1523702399E-02
 -2.5399130957E-03  1.8568556951E+00  1.8149630445E+00  1.6772308970E-02  5.8629590615E-02
 -2.5245009086E-03  1.8524754996E+00  1.8395763195E+00  1.6057968717E-02  5.5841554076E-02
 -2.5092048448E-03  1.8481590246E+00  1.8642008491E+00  1.5373655056E-02  5.3160032863E-02
 -2.4940276165E-03  1.8439067996E+00  1.8888365548E+00  1.4718121971E-02  5.0584967568E-02
 -2.4789714179E-03  1.8397190343E+00  1.9134832999E+00  1.4090164946E-02  4.8115836725E-02
 -2.4640380064E-03  1.8355956652E+00  1.9381409001E+00  1.3488621377E-02  4.5751695112E-02
 -2.4492287793E-03  1.8315363998E+00  1.9628091347E+00  1.2912370677E-02  4.3491212350E-02
 -2.4345448468E-03  1.8275407594E+00  1.9874877550E+00  1.2360334120E-02  4.1332711305E-02
 -2.4199871001E-03  1.8236081183E+00  2.0121764931E+00  1.1831474475E-02  3.9274205882E-02
 -2.4055562744E-03  1.8197377413E+00  2.0368750689E+00  1.1324795466E-02  3.7313437871E-02
 -2.3912530077E-03  1.8159288183E+00  2.0615831968E+00  1.0839341092E-02  3.5447912566E-02
 -2.3770778943E-03  1.8121804963E+00  2.0863005909E+00  1.0374194822E-02  3.3674932953E-02
 -2.3630315325E-03  1.8084919084E+00  2.1110269700E+00  9.9284787081E-03  3.1991632286E-02
 -2.3491145674E-03  1.8048622010E+00  2.1357620613E+00  9.5013524078E-03  3.0395004928E-02
 -2.3353277286E-03  1.8012905577E+00  2.1605056037E+00  9.0920121520E-03  2.8881935369E-02
 -2.3216718610E-03  1.7977762205E+00  2.1852573506E+00  8.6996896612E-03  2.7449225358E-02
 -2.3081479511E-03  1.7943185090E+00  2.2100170715E+00  8.3236510224E-03  2.6093619128E-02
 -2.2947571468E-03  1.7909168361E+00  2.2347845538E+00  7.9631955386E-03  2.4811826687E-02
 -2.2815007706E-03  1.7875707217E+00  2.2595596034E+00  7.6176545558E-03  2.3600545205E-02
 -2.2683803272E-03  1.7842798037E+00  2.2843420453E+00  7.2863902774E-03  2.2456478505E-02
 -2.2553975045E-03  1.7810438458E+00  2.3091317237E+00  6.9687945714E-03  2.1376354714E-02
 -2.2425541676E-03  1.7778627431E+00  2.3339285011E+00  6.6642877762E-03  2.0356942113E-02
 -2.2298523461E-03  1.7747365245E+00  2.3587322576E+00  6.3723175109E-03  1.9395063254E-02
 -2.2172942154E-03  1.7716653520E+00  2.3835428901E+00  6.0923574942E-03  1.8487607409E-02
 -2.2048820694E-03  1.7686495177E+00  2.4083603100E+00  5.8239063769E-03  1.7631541422E-02
 -2.1926182885E-03  1.7656894370E+00  2.4331844416E+00  5.5664865918E-03  1.6823919050E-02
 -2.1805052993E-03  1.7627856391E+00  2.4580152197E+00  5.3196432238E-03  1.6061888864E-02
 -2.1685455289E-03  1.7599387542E+00  2.4828525872E+00  5.0829429048E-03  1.5342700801E-02
 -2.1567413538E-03  1.7571494973E+00  2.5076964924E+00  4.8559727350E-03  1.4663711452E-02
 -2.1450950435E-03  1.7544186496E+00  2.5325468856E+00  4.6383392335E-03  1.4022388160E-02
 -2.1336087003E-03  1.7517470362E+00  2.5574037167E+00  4.4296673204E-03  1.3416312032E-02
 -2.1222841969E-03  1.7491355019E+00  2.5822669316E+00  4.2295993322E-03  1.2843179928E-02
 -2.1111231124E-03  1.7465848846E+00  2.6071364694E+00  4.0377940724E-03  1.2300805522E-02
 -2.1001266692E-03  1.7440959861E+00  2.6320122596E+00  3.8539258973E-03  1.1787119517E-02
 -2.0892956721E-03  1.7416695433E+00  2.6568942195E+00  3.6776838402E-03  1.1300169084E-02
 -2.0786304516E-03  1.7393061974E+00  2.6817822516E+00  3.5087707726E-03  1.0838116603E-02
 -2.0681308137E-03  1.7370064646E+00  2.7066762424E+00  3.3469026052E-03  1.0399237787E-02
 -2.0577959972E-03  1.7347707069E+00  2.7315760604E+00  3.1918075272E-03  9.9819192527E-03
 -2.0476246408E-03  1.7325991062E+00  2.7564815558E+00  3.0432252855E-03  9.5846556018E-03
 -2.0376147611E-03  1.7304916398E+00  2.7813925603E+00  2.9009065041E-03  9.2060460908E-03
 -2.0277637426E-03  1.7284480612E+00  2.8063088872E+00  2.7646120422E-03  8.8447909380E-03
 -2.0180683402E-03  1.7264678840E+00  2.8312303333E+00  2.6341123928E-03  8.4996873325E-03
 -2.0085246935E-03  1.7245503710E+00  2.8561566793E+00  2.5091871192E-03  8.1696252004E-03
 -1.9991283546E-03  1.7226945294E+00  2.8810876932E+00  2.3896243312E-03  7.8535827791E-03
 -1.9898743255E-03  1.7208991098E+00  2.9060231315E+00  2.2752201973E-03  7.5506220512E-03
 -1.9807571069E-03  1.7191626126E+00  2.9309627428E+00  2.1657784946E-03  7.2598840819E-03
 -1.9717707542E-03  1.7174832975E+00  2.9559062702E+00  2.0611101925E-03  6.9805843054E-03
 -1.9629089413E-03  1.7158591992E+00  2.9808534540E+00  1.9610330708E-03  6.7120077986E-03
 -1.9541650281E-03  1.7142881466E+00  3.0058040350E+00  1.8653713685E-03  6.4535045800E-03
 -1.9455321305E-03  1.7127677854E+00  3.0307577566E+00  1.7739554631E-03  6.2044849668E-03
 -1.9370031926E-03  1.7112956035E+00  3.0557143675E+00  1.6866215771E-03  5.9644150200E-03
 -1.9285710558E-03  1.7098689584E+00  3.0806736233E+00  1.6032115102E-03  5.7328121062E-03
 -1.9202285273E-03  1.7084851050E+00  3.1056352886E+00  1.5235723954E-03  5.5092405969E-03
 -1.9119684435E-03  1.7071412250E+00  3.1305991384E+00  1.4475564757E-03  5.2933077287E-03
 -1.9037837288E-03  1.7058344544E+00  3.1555649586E+00  1.3750209011E-03  5.0846596389E-03
 -1.8956674495E-03  1.7045619114E+00  3.1805325471E+00  1.3058275428E-03  4.8829775916E-03
 -1.8876128606E-03  1.7033207215E+00  3.2055017143E+00  1.2398428225E-03  4.6879744059E-03
 -1.8796134469E-03  1.7021080426E+00  3.2304722827E+00  1.1769375564E-03  4.4993910917E-03
 -1.8716629578E-03  1.7009210857E+00  3.2554440872E+00  1.1169868114E-03  4.3169937013E-03
 -1.8637554357E-03  1.6997571355E+00  3.2804169748E+00  1.0598697719E-03  4.1405703970E-03
 -1.8558852382E-03  1.6986135669E+00  3.3053908043E+00  1.0054696166E-03  3.9699287366E-03
 -1.8480470559E-03  1.6974878604E+00  3.3303654454E+00  9.5367340366E-04  3.8048931746E-03
 -1.8402359238E-03  1.6963776139E+00  3.3553407788E+00  9.0437196279E-04  3.6453027743E-03
 -1.8324472289E-03  1.6952805535E+00  3.3803166949E+00  8.5745979455E-04  3.4910091283E-03
 -1.8246767140E-03  1.6941945410E+00  3.4052930939E+00  8.1283497447E-04  3.3418744771E-03
 -1.8169204773E-03  1.6931175799E+00  3.4302698849E+00  7.7039906229E-04  3.1977700215E-03
 -1.8091749695E-03  1.6920478203E+00  3.4552469855E+00  7.3005701514E-04  3.0585744167E-03
 -1.8014369883E-03  1.6909835606E+00  3.4802243210E+00  6.9171710426E-04  2.9241724414E-03
 -1.7937036706E-03  1.6899232490E+00  3.5052018244E+00  6.5529083458E-04  2.7944538297E-03
 -1.7859724832E-03  1.6888654836E+00  3.5301794358E+00  6.2069286677E-04  2.6693122560E-03
 -1.7782412121E-03  1.6878090107E+00  3.5551571020E+00  5.8784094136E-04  2.5486444623E-03
 -1.7705079506E-03  1.6867527231E+00  3.5801347759E+00  5.5665580447E-04  2.4323495167E-03
 -1.7627710872E-03  1.6856956566E+00  3.6051124169E+00  5.2706113497E-04  2.3203281927E-03
 -1.7550292921E-03  1.6846369869E+00  3.6300899900E+00  4.9898347272E-04  2.2124824579E-03
 -1.7472815043E-03  1.6835760254E+00  3.6550674659E+00  4.7235214765E-04  2.1087150624E-03
 -1.7395269176E-03  1.6825122143E+00  3.6800448205E+00  4.4709920970E-04  2.0089292165E-03
 -1.7317649677E-03  1.6814451220E+00  3.7050220352E+00  4.2315935915E-04  1.9130283485E-03
