 AIMInt (Version 19.02.13, Professional)
 Portions Copyright (c) 1997-2019 by Todd A. Keith
 AIMInt is a component of the AIMAll package ( http://aim.tkgristmill.com )

 TP:  64-bit Linux

 Licensed To:  Research Group of Fernando Cortes Guzman, UNAM, fercor@unam.mx

 AIMInt is a heavily modified and extended version of the PROAIMV program
 developed by members of R.F.W. Bader's research group

 Much of the Quantum Theory of Atoms in Molecules (QTAIM) is described in the book:
   "Atoms in Molecules - A Quantum Theory"
   R.F.W. Bader, Oxford University Press, Oxford, 1990

 For additional references see:  http://aim.tkgristmill.com/references.html

 Current Directory:  /home/scratch/M_H2O_4_cuadrado_plano/Opt

 Inp File:  Fe3_cuadrado_plano_cc-pvtz-def2-tzv_10_atomicfiles/o6.inp
 Wfx File:  Fe3_cuadrado_plano_cc-pvtz-def2-tzv_10.wfx
 Out File:  Fe3_cuadrado_plano_cc-pvtz-def2-tzv_10_atomicfiles/o6.int

 Wfx Title:   Fe3_cuadrado_plano_cc-pvtz-def2-tzv_10                                        
 Job Title:   Fe3_cuadrado_plano_cc-pvtz-def2-tzv_10                                        
 
<Atom>
O6      
</Atom>
<Nuclei of Molecule>
    13
Fe1       26.0          -2.1635071957E-05   4.5956422413E-05   1.8200324605E-04
O2         8.0           3.6336028085E+00   5.6727660433E-03   9.0142198484E-04
H3         1.0           4.7273242565E+00   6.6527123908E-01  -1.3764891726E+00
O4         8.0          -6.1069883189E-03   3.5906362337E+00   1.2181537423E-02
H5         1.0          -1.5252221084E+00   4.6829988490E+00   1.5151909543E-01
O6         8.0          -3.6334773261E+00  -5.9565496571E-03   8.9856849837E-04
H7         1.0          -4.7291836185E+00   6.5003999678E-01  -1.3766410499E+00
O8         8.0           6.0349565436E-03  -3.5905347588E+00  -1.4487524984E-02
H9         1.0          -1.5094383259E+00  -4.6879458550E+00  -1.5386699712E-01
H10        1.0           1.5093577337E+00   4.6881700487E+00   1.5063464691E-01
H11        1.0          -4.7263721701E+00  -6.6553982933E-01   1.3789687653E+00
H12        1.0           1.5251939183E+00  -4.6828088215E+00  -1.5410916552E-01
H13        1.0           4.7284752215E+00  -6.4992202458E-01   1.3792997698E+00
</Nuclei of Molecule>
<Total Number of CPs of DelSqRho>
    40
</Total Number of CPs of DelSqRho>
<Number of (3,+3) CPs of DelSqRho>
     5
</Number of (3,+3) CPs of DelSqRho>
<Number of (3,+1) CPs of DelSqRho>
    15
</Number of (3,+1) CPs of DelSqRho>
<Number of (3,-1) CPs of DelSqRho>
    15
</Number of (3,-1) CPs of DelSqRho>
<Number of (3,-3) CPs of DelSqRho>
     5
</Number of (3,-3) CPs of DelSqRho>
<Number of Degenerate CPs of DelSqRho>
     0
</Number of Degenerate CPs of DelSqRho>
<CP of DelSqRho>
CP# = 1       
Type = (3,+3)
Coords = -3.63347753405349E+00 -5.95654998300053E-03  8.98568550718667E-04
DistFromNuc =  2.0794775358E-07
Rho =  2.9719583639E+02
DelSqRho = -3.3281119675E+06
GradDelSqRho = -2.2785776309E-05  5.4933142479E-09  5.5316196068E-09
HessDelSqRho_EigVals =  1.3235119589E+11  1.3235121684E+11  1.3235122294E+11
HessDelSqRho_EigVec1 = -1.3930378194E-03  9.0329848930E-01  4.2901037129E-01
HessDelSqRho_EigVec2 =  9.9999863144E-01  1.6412234672E-03 -2.0857016882E-04
HessDelSqRho_EigVec3 =  8.9250300745E-04 -4.2900949362E-01  9.0329953937E-01
</CP of DelSqRho>
<CP of DelSqRho>
CP# = 2       
Type = (3,+1)
Coords = -2.04653671162593E+00 -2.53972782651704E-03 -2.38186065490030E-04
DistFromNuc =  1.5869447000E+00
Rho =  1.2471880179E-01
DelSqRho =  2.5355922881E-01
GradDelSqRho = -3.9293568399E-13  1.9992688061E-16 -2.3134163855E-15
HessDelSqRho_EigVals = -1.6818290237E-01  5.1324222013E-02  4.3077560092E+00
HessDelSqRho_EigVec1 = -1.1218150739E-03  7.4078276756E-01  6.7174372555E-01
HessDelSqRho_EigVec2 =  1.0972875533E-03 -6.7174283196E-01  7.4078361460E-01
HessDelSqRho_EigVec3 =  9.9999876874E-01  1.5681182544E-03 -5.9280475887E-05
</CP of DelSqRho>
<CP of DelSqRho>
CP# = 3       
Type = (3,+1)
Coords = -4.30722206278198E+00  4.03967727898693E-01 -8.53156763555401E-01
DistFromNuc =  1.1624888790E+00
Rho =  4.0589540156E-01
DelSqRho = -9.2284312089E-01
GradDelSqRho = -3.8580250106E-14  1.9553803021E-14 -4.6788961594E-14
HessDelSqRho_EigVals = -2.9965168685E+01  1.4119704874E+01  1.4935833779E+01
HessDelSqRho_EigVec1 =  5.8716830426E-01 -3.4650353123E-01  7.3155224374E-01
HessDelSqRho_EigVec2 = -6.9674666700E-03 -9.0587796048E-01 -4.2348149326E-01
HessDelSqRho_EigVec3 =  8.0943488737E-01  2.4355784440E-01 -5.3431707772E-01
</CP of DelSqRho>
<CP of DelSqRho>
CP# = 4       
Type = (3,+1)
Coords = -4.30546626252183E+00 -4.18083509009062E-01  8.55280497861552E-01
DistFromNuc =  1.1624913946E+00
Rho =  4.0589064634E-01
DelSqRho = -9.2280966222E-01
GradDelSqRho = -4.0467629248E-14 -2.4175106361E-14  5.5247473263E-14
HessDelSqRho_EigVals = -2.9964175446E+01  1.4119272312E+01  1.4935300957E+01
HessDelSqRho_EigVec1 = -5.8567989735E-01 -3.4842520198E-01  7.3183258773E-01
HessDelSqRho_EigVec2 = -9.7331258298E-03  9.0585049386E-01  4.2348571291E-01
HessDelSqRho_EigVec3 = -8.1048400608E-01  2.4090405020E-01 -5.3392969059E-01
</CP of DelSqRho>
<CP of DelSqRho>
CP# = 5       
Type = (3,-1)
Coords = -3.46625532502381E+00 -5.68482001235959E-03  8.66581500035347E-04
DistFromNuc =  1.6722222492E-01
Rho =  2.2668870979E+01
DelSqRho =  1.2883006940E+03
GradDelSqRho = -6.0837557214E-11 -5.5816462563E-14  1.8152146453E-14
HessDelSqRho_EigVals = -4.4440670556E+05 -3.1627188884E+03  9.0203437181E+01
HessDelSqRho_EigVec1 =  9.9999866170E-01  1.6247879132E-03 -1.9149956442E-04
HessDelSqRho_EigVec2 = -1.3939130306E-03  9.0742910274E-01  4.2020290396E-01
HessDelSqRho_EigVec3 =  8.5651287736E-04 -4.2020207467E-01  9.0743015314E-01
</CP of DelSqRho>
<CP of DelSqRho>
CP# = 6       
Type = (3,-1)
Coords = -3.80192920193121E+00 -6.23741250365788E-03  9.30034795422096E-04
DistFromNuc =  1.6845211291E-01
Rho =  2.2395145017E+01
DelSqRho =  1.2613346029E+03
GradDelSqRho =  2.7000623959E-12  8.6486373618E-14 -1.2101430968E-14
HessDelSqRho_EigVals = -4.1472180892E+05 -2.1538170030E+03  7.7031419036E+02
HessDelSqRho_EigVec1 =  9.9999859209E-01  1.6676358568E-03 -1.8656789853E-04
HessDelSqRho_EigVec2 = -1.4370319985E-03  9.0847406785E-01  4.1793875506E-01
HessDelSqRho_EigVec3 =  8.6646175159E-04 -4.1793789854E-01  9.0847518525E-01
</CP of DelSqRho>
<CP of DelSqRho>
CP# = 7       
Type = (3,+1)
Coords = -3.66389559001446E+00  1.44245934940665E-01  7.02188892424603E-02
DistFromNuc =  1.6820036869E-01
Rho =  2.2591671117E+01
DelSqRho =  1.2362511802E+03
GradDelSqRho = -8.3417717178E-12  2.7483793019E-11  2.0932588995E-11
HessDelSqRho_EigVals = -4.1566635614E+05  2.5515058286E+03  3.0521187502E+03
HessDelSqRho_EigVec1 = -1.7779196495E-01  8.9350519604E-01  4.1235722602E-01
HessDelSqRho_EigVec2 =  9.8404744082E-01  1.5871159645E-01  8.0381984141E-02
HessDelSqRho_EigVec3 = -6.3758468464E-03 -4.2007034388E-01  9.0746914811E-01
</CP of DelSqRho>
<CP of DelSqRho>
CP# = 8       
Type = (3,+1)
Coords = -3.66342943568104E+00 -1.56258363173174E-01 -6.84091456058564E-02
DistFromNuc =  1.6820024747E-01
Rho =  2.2591697432E+01
DelSqRho =  1.2362539772E+03
GradDelSqRho = -6.3877791945E-12 -1.4594547793E-11 -4.2064129957E-12
HessDelSqRho_EigVals = -4.1566922490E+05  2.5514057307E+03  3.0520278668E+03
HessDelSqRho_EigVec1 =  1.7501901226E-01  8.9408632142E-01  4.1228387695E-01
HessDelSqRho_EigVec2 =  9.8453164396E-01 -1.5548018852E-01 -8.0767276914E-02
HessDelSqRho_EigVec3 =  8.1109425937E-03 -4.2004233218E-01  9.0746826489E-01
</CP of DelSqRho>
<CP of DelSqRho>
CP# = 9       
Type = (3,-3)
Coords = -3.48499166812614E+00  2.65994286804203E-02 -6.89396077793377E-02
DistFromNuc =  1.6728793506E-01
Rho =  2.2646036908E+01
DelSqRho =  1.2884407891E+03
GradDelSqRho =  5.0150106290E-11  1.1169731806E-11 -3.3537617128E-11
HessDelSqRho_EigVals = -4.4290488933E+05 -3.2352396677E+03 -1.6595810280E+02
HessDelSqRho_EigVec1 =  8.8833988195E-01  1.9400901086E-01 -4.1618836823E-01
HessDelSqRho_EigVec2 = -1.5168615791E-03  9.0759507767E-01  4.1984386874E-01
HessDelSqRho_EigVec3 = -4.5918400808E-01  3.7233275265E-01 -8.0654718897E-01
</CP of DelSqRho>
<CP of DelSqRho>
CP# = 10      
Type = (3,-3)
Coords = -3.48485296752973E+00 -3.80245173253269E-02  7.06674480463218E-02
DistFromNuc =  1.6728792863E-01
Rho =  2.2646039324E+01
DelSqRho =  1.2884407170E+03
GradDelSqRho = -3.2954972085E-11  9.1873175734E-12 -2.1159962671E-11
HessDelSqRho_EigVals = -4.4290500815E+05 -3.2352277059E+03 -1.6592607731E+02
HessDelSqRho_EigVec1 =  8.8916641147E-01 -1.9108989544E-01  4.1577366989E-01
HessDelSqRho_EigVec2 = -1.2749124717E-03  9.0759003368E-01  4.1985557678E-01
HessDelSqRho_EigVec3 =  4.5758219733E-01  3.7385155158E-01 -8.0675495044E-01
</CP of DelSqRho>
<CP of DelSqRho>
CP# = 11      
Type = (3,+1)
Coords = -2.95151877657509E+00 -4.81914531605461E-03  7.44352244658819E-04
DistFromNuc =  6.8195951548E-01
Rho =  8.0167935130E-01
DelSqRho = -3.0198125935E+00
GradDelSqRho = -4.1744385726E-14 -7.7542139376E-16 -1.4571677198E-16
HessDelSqRho_EigVals = -5.5892883888E+00  1.6360993672E+01  2.0927256594E+02
HessDelSqRho_EigVec1 = -1.3991359310E-03  8.9883646387E-01  4.3828193397E-01
HessDelSqRho_EigVec2 =  9.3303266774E-04 -4.3828099880E-01  8.9883752455E-01
HessDelSqRho_EigVec3 =  9.9999858593E-01  1.6665272388E-03 -2.2542909045E-04
</CP of DelSqRho>
<CP of DelSqRho>
CP# = 12      
Type = (3,-1)
Coords = -4.35579181961899E+00 -7.15713212006096E-03  1.06551865770841E-03
DistFromNuc =  7.2231551057E-01
Rho =  6.6832855852E-01
DelSqRho = -9.9606847758E-01
GradDelSqRho =  1.9606538615E-13 -6.8581972783E-13 -3.1675443518E-13
HessDelSqRho_EigVals = -1.9494080461E+01 -6.6673110881E+00  1.3656722195E+02
HessDelSqRho_EigVec1 =  9.5602730841E-04 -4.5138369961E-01  8.9232944686E-01
HessDelSqRho_EigVec2 = -1.3807510846E-03  8.9232840821E-01  4.5138465352E-01
HessDelSqRho_EigVec3 =  9.9999858977E-01  1.6636209069E-03 -2.2984179351E-04
</CP of DelSqRho>
<CP of DelSqRho>
CP# = 13      
Type = (3,-1)
Coords = -3.33498687448006E+00  2.71423847859255E-01 -5.84496902725144E-01
DistFromNuc =  7.1324910962E-01
Rho =  6.7884221763E-01
DelSqRho = -1.0768834853E+00
GradDelSqRho = -1.7825740883E-12  1.3766765505E-13  5.4001247918E-12
HessDelSqRho_EigVals = -1.5100395072E+01 -1.1610022842E+01  1.4545558770E+02
HessDelSqRho_EigVec1 = -8.9993771689E-01  2.5741787705E-01 -3.5192064773E-01
HessDelSqRho_EigVec2 =  7.3369624813E-02  8.8501834115E-01  4.5973844084E-01
HessDelSqRho_EigVec3 = -4.2980112131E-01 -3.8791567693E-01  8.1534803839E-01
</CP of DelSqRho>
<CP of DelSqRho>
CP# = 14      
Type = (3,-1)
Coords = -3.33379666374862E+00 -2.82342839108607E-01  5.86154679815606E-01
DistFromNuc =  7.1324792059E-01
Rho =  6.7884645271E-01
DelSqRho = -1.0769221029E+00
GradDelSqRho = -5.2313708920E-13 -7.1587180628E-12 -6.0165206150E-12
HessDelSqRho_EigVals = -1.5100002829E+01 -1.1610117212E+01  1.4545703857E+02
HessDelSqRho_EigVec1 =  8.9891912567E-01  2.6034980145E-01 -3.5236683498E-01
HessDelSqRho_EigVec2 =  7.6038058818E-02 -8.8478555330E-01 -4.5975291003E-01
HessDelSqRho_EigVec3 =  4.3146566390E-01 -3.8648739378E-01  8.1514714949E-01
</CP of DelSqRho>
<CP of DelSqRho>
CP# = 15      
Type = (3,+1)
Coords = -3.90607648643774E+00  1.74167240274954E-01  6.03351019773024E-01
DistFromNuc =  6.8534942764E-01
Rho =  7.9486636459E-01
DelSqRho = -2.6591417721E+00
GradDelSqRho =  5.6399329651E-14  2.0916601784E-13  4.7073456244E-14
HessDelSqRho_EigVals = -1.2388474201E+01  1.3867654682E+01  1.9689823410E+02
HessDelSqRho_EigVec1 =  4.5275009706E-01  8.7660413275E-01 -1.6304154088E-01
HessDelSqRho_EigVec2 =  8.1585474644E-01 -3.3351382440E-01  4.7238708878E-01
HessDelSqRho_EigVec3 = -3.5971986645E-01  3.4689151529E-01  8.6618005882E-01
</CP of DelSqRho>
<CP of DelSqRho>
CP# = 16      
Type = (3,+1)
Coords = -3.90576952717032E+00 -1.86968315663852E-01 -6.01427084039628E-01
DistFromNuc =  6.8534990618E-01
Rho =  7.9486524006E-01
DelSqRho = -2.6591287051E+00
GradDelSqRho =  5.4622972812E-14 -6.1284310959E-14  4.7961634664E-14
HessDelSqRho_EigVals = -1.2389233857E+01  1.3867962311E+01  1.9689773482E+02
HessDelSqRho_EigVec1 = -4.5571044615E-01  8.7511134579E-01 -1.6281314979E-01
HessDelSqRho_EigVec2 =  8.1452787326E-01  3.3620373314E-01 -4.7276991603E-01
HessDelSqRho_EigVec3 =  3.5898792870E-01  3.4806203800E-01  8.6601413658E-01
</CP of DelSqRho>
<CP of DelSqRho>
CP# = 17      
Type = (3,+1)
Coords = -3.90557756799370E+00 -5.84832946683038E-01  2.43326263738729E-01
DistFromNuc =  6.8403772709E-01
Rho =  8.0233531581E-01
DelSqRho = -2.7659183579E+00
GradDelSqRho =  1.5987211555E-14  2.8421709430E-14 -8.6042284408E-15
HessDelSqRho_EigVals = -1.1425757774E+01  1.4945293242E+01  1.9973564709E+02
HessDelSqRho_EigVec1 =  4.5606282315E-01 -4.2901395943E-01 -7.7971387313E-01
HessDelSqRho_EigVec2 =  8.1466641329E-01 -1.5141003112E-01  5.5981571748E-01
HessDelSqRho_EigVec3 =  3.5822525931E-01  8.9051784097E-01 -2.8045077733E-01
</CP of DelSqRho>
<CP of DelSqRho>
CP# = 18      
Type = (3,+1)
Coords = -3.90759597195339E+00  5.72029464238023E-01 -2.41374965465865E-01
DistFromNuc =  6.8403605864E-01
Rho =  8.0233960802E-01
DelSqRho = -2.7659359231E+00
GradDelSqRho =  1.6875389974E-14 -4.0856207306E-14  1.0769163339E-14
HessDelSqRho_EigVals = -1.1425424574E+01  1.4945304339E+01  1.9973738298E+02
HessDelSqRho_EigVec1 =  4.5502027071E-01  4.3048325281E-01  7.7951313157E-01
HessDelSqRho_EigVec2 = -8.1389576802E-01 -1.5411346284E-01  5.6019882129E-01
HessDelSqRho_EigVec3 = -3.6128967884E-01  8.8934425821E-01 -2.8024374809E-01
</CP of DelSqRho>
<CP of DelSqRho>
CP# = 19      
Type = (3,+3)
Coords = -3.45698367349524E+00  5.52572597937998E-01  2.61947099589201E-01
DistFromNuc =  6.4128866644E-01
Rho =  9.3431451965E-01
DelSqRho = -4.0775084759E+00
GradDelSqRho =  7.5495165675E-15  0.0000000000E+00 -2.9531932455E-14
HessDelSqRho_EigVals =  1.0366860355E+01  1.8824726293E+01  3.1517747006E+02
HessDelSqRho_EigVec1 =  9.6630065837E-01 -2.4981234800E-01 -6.2103368905E-02
HessDelSqRho_EigVec2 = -4.7726377042E-02 -4.1093932553E-01  9.1041257882E-01
HessDelSqRho_EigVec3 =  2.5295302049E-01  8.7676830549E-01  4.0901357912E-01
</CP of DelSqRho>
<CP of DelSqRho>
CP# = 20      
Type = (3,+3)
Coords = -3.45526593749945E+00 -5.63900375552591E-01 -2.60227398656470E-01
DistFromNuc =  6.4128572618E-01
Rho =  9.3432753113E-01
DelSqRho = -4.0776598613E+00
GradDelSqRho = -2.0650148258E-14  3.9968028887E-14  2.7311486406E-14
HessDelSqRho_EigVals =  1.0368049569E+01  1.8825883191E+01  3.1519178554E+02
HessDelSqRho_EigVec1 =  9.6549984873E-01  2.5300104411E-01  6.1648307201E-02
HessDelSqRho_EigVec2 =  4.9509465726E-02 -4.1077134502E-01  9.1039316502E-01
HessDelSqRho_EigVec3 = -2.5565377937E-01  8.7593228836E-01  4.0912561800E-01
</CP of DelSqRho>
<CP of DelSqRho>
CP# = 21      
Type = (3,+3)
Coords = -4.03230048338229E+00 -2.76072380576256E-01  5.32059569033470E-01
DistFromNuc =  7.1704566199E-01
Rho =  7.6819686496E-01
DelSqRho = -3.2086640195E+00
GradDelSqRho = -1.6076029397E-13 -4.5297099405E-14  2.3891999490E-13
HessDelSqRho_EigVals =  1.1035998819E+01  2.3924408453E+01  1.4809684910E+02
HessDelSqRho_EigVec1 = -2.6630139159E-02  8.9374054643E-01  4.4779311222E-01
HessDelSqRho_EigVec2 =  8.3981062760E-01 -2.2297529883E-01  4.9497487399E-01
HessDelSqRho_EigVec3 = -5.4222591736E-01 -3.8924266438E-01  7.4463494597E-01
</CP of DelSqRho>
<CP of DelSqRho>
CP# = 22      
Type = (3,+3)
Coords = -4.03344121893884E+00  2.62859271578026E-01 -5.30064098595170E-01
DistFromNuc =  7.1704561582E-01
Rho =  7.6819911880E-01
DelSqRho = -3.2086965628E+00
GradDelSqRho = -2.0783375021E-13  6.1284310959E-14 -3.0153657349E-13
HessDelSqRho_EigVals =  1.1036334837E+01  2.3925000536E+01  1.4809663653E+02
HessDelSqRho_EigVec1 =  2.3906244140E-02  8.9380919417E-01  4.4780979881E-01
HessDelSqRho_EigVec2 =  8.3883430393E-01  2.2575170492E-01 -4.9537175764E-01
HessDelSqRho_EigVec3 =  5.4386165708E-01 -3.8748069905E-01  7.4436093787E-01
</CP of DelSqRho>
<CP of DelSqRho>
CP# = 23      
Type = (3,+1)
Coords = -2.39496068276479E+00 -3.86173113306810E-03  6.07508110938736E-04
DistFromNuc =  1.2385184491E+00
Rho =  2.4163344376E-01
DelSqRho =  3.8600186911E-01
GradDelSqRho =  8.0768725041E-15 -1.9147823518E-15 -7.6775066339E-16
HessDelSqRho_EigVals = -1.0199479774E+01  4.3522019715E-01  1.0565207472E+00
HessDelSqRho_EigVec1 =  9.9999853324E-01  1.6952548347E-03 -2.4419881178E-04
HessDelSqRho_EigVec2 = -1.3057683261E-03  8.4685583442E-01  5.3182091974E-01
HessDelSqRho_EigVec3 =  1.1083731739E-03 -5.3181982082E-01  8.4685680589E-01
</CP of DelSqRho>
<CP of DelSqRho>
CP# = 24      
Type = (3,-3)
Coords = -3.19562656589296E+00 -4.81729455202503E-01  9.45407652398369E-01
DistFromNuc =  1.1446268193E+00
Rho =  2.4514768718E-01
DelSqRho =  8.3273387896E-01
GradDelSqRho =  1.9706458687E-15 -2.7478019859E-15  2.9976021665E-15
HessDelSqRho_EigVals = -1.7559293405E+01 -1.8893832776E+00 -4.5267007396E-01
HessDelSqRho_EigVec1 =  4.2713283190E-01 -4.0425248231E-01  8.0878765721E-01
HessDelSqRho_EigVec2 =  9.0413619665E-01  2.0061159450E-01 -3.7721708081E-01
HessDelSqRho_EigVec3 = -9.7612402364E-03  8.9237599626E-01  4.5118710032E-01
</CP of DelSqRho>
<CP of DelSqRho>
CP# = 25      
Type = (3,-3)
Coords = -3.19765211997265E+00  4.71238638342513E-01 -9.43828260977483E-01
DistFromNuc =  1.1446255458E+00
Rho =  2.4514767798E-01
DelSqRho =  8.3274031945E-01
GradDelSqRho = -1.9012569297E-14 -2.2315482795E-14  2.7866597918E-14
HessDelSqRho_EigVals = -1.7559360669E+01 -1.8895261385E+00 -4.5266500003E-01
HessDelSqRho_EigVec1 = -4.2541246553E-01 -4.0564349799E-01  8.0899789042E-01
HessDelSqRho_EigVec2 =  9.0497202207E-01 -1.9765038671E-01  3.7677574751E-01
HessDelSqRho_EigVec3 =  7.0621137172E-03  8.9240555644E-01  4.5117895494E-01
</CP of DelSqRho>
<CP of DelSqRho>
CP# = 26      
Type = (3,-1)
Coords = -3.73207043966036E+00 -1.17302175743539E+00  2.07139110666453E-01
DistFromNuc =  1.1892421799E+00
Rho =  2.4278253300E-01
DelSqRho =  7.2297884686E-01
GradDelSqRho =  6.1409211050E-16  4.0523140399E-15 -1.8388068845E-16
HessDelSqRho_EigVals = -1.7510041136E+01 -1.0731493309E+00  2.8317142598E-01
HessDelSqRho_EigVec1 =  6.1373615203E-02  9.8504209260E-01 -1.6101352478E-01
HessDelSqRho_EigVec2 = -6.8850072449E-01  1.5857489019E-01  7.0768690576E-01
HessDelSqRho_EigVec3 =  7.2263409256E-01  6.7424624625E-02  6.8793450870E-01
</CP of DelSqRho>
<CP of DelSqRho>
CP# = 27      
Type = (3,-1)
Coords = -3.73599994238123E+00  1.16078108722951E+00 -2.05277071554404E-01
DistFromNuc =  1.1892417730E+00
Rho =  2.4278252927E-01
DelSqRho =  7.2297842326E-01
GradDelSqRho = -1.6949185111E-12 -1.1990894389E-12  4.0845417326E-12
HessDelSqRho_EigVals = -1.7510042763E+01 -1.0731683549E+00  2.8317959578E-01
HessDelSqRho_EigVec1 = -6.4683672254E-02  9.8483753139E-01 -1.6096912531E-01
HessDelSqRho_EigVec2 =  6.8832336674E-01  1.6082358307E-01  7.0735190529E-01
HessDelSqRho_EigVec3 =  7.2251433573E-01 -6.5044691462E-02 -6.8828934524E-01
</CP of DelSqRho>
<CP of DelSqRho>
CP# = 28      
Type = (3,-3)
Coords = -4.78928707076448E+00 -8.15599151696651E-03  1.02751436410930E-03
DistFromNuc =  1.1558118446E+00
Rho =  2.4895174913E-01
DelSqRho =  8.7388760221E-01
GradDelSqRho = -2.6112445539E-12 -9.5654148664E-13 -4.6522711356E-13
HessDelSqRho_EigVals = -1.7143860215E+01 -3.6423671604E+00 -2.1873802989E-02
HessDelSqRho_EigVec1 =  9.9999818740E-01  1.9005837732E-03 -1.1392556666E-04
HessDelSqRho_EigVec2 =  9.3612353082E-04 -4.3867747848E-01  8.9864408614E-01
HessDelSqRho_EigVec3 = -1.6579717877E-03  8.9864256390E-01  4.3867846252E-01
</CP of DelSqRho>
<CP of DelSqRho>
CP# = 29      
Type = (3,-1)
Coords = -3.70904540018601E+00  5.15593221439855E-01  1.06437123614737E+00
DistFromNuc =  1.1868861834E+00
Rho =  2.4242516281E-01
DelSqRho =  7.3063338853E-01
GradDelSqRho = -9.6277152917E-17 -1.5265566589E-15 -1.9984014443E-15
HessDelSqRho_EigVals = -1.7430547588E+01 -1.2556964641E+00  2.6123179269E-01
HessDelSqRho_EigVec1 = -3.8577289481E-02  4.5010115615E-01  8.9214390205E-01
HessDelSqRho_EigVec2 =  7.0304082602E-01  6.4668328442E-01 -2.9586200602E-01
HessDelSqRho_EigVec3 =  7.1010237972E-01 -6.1580003158E-01  3.4138677688E-01
</CP of DelSqRho>
<CP of DelSqRho>
CP# = 30      
Type = (3,-1)
Coords = -3.70787545557367E+00 -5.27774856910490E-01 -1.06252458684388E+00
DistFromNuc =  1.1868859401E+00
Rho =  2.4242537670E-01
DelSqRho =  7.3063940460E-01
GradDelSqRho =  4.8658993501E-16  2.3175905639E-15  4.3992587351E-15
HessDelSqRho_EigVals = -1.7430751602E+01 -1.2556668861E+00  2.6122397151E-01
HessDelSqRho_EigVec1 =  3.7556690506E-02  4.5024669074E-01  8.9211401316E-01
HessDelSqRho_EigVec2 = -7.0528448873E-01  6.4438838072E-01 -2.9552902524E-01
HessDelSqRho_EigVec3 =  7.0792886999E-01  6.1809508352E-01 -3.4175310206E-01
</CP of DelSqRho>
<CP of DelSqRho>
CP# = 31      
Type = (3,-1)
Coords = -4.02135629722812E+00 -7.25583085406296E-01  1.83799911059130E+00
DistFromNuc =  2.0107836405E+00
Rho =  7.2363460206E-02
DelSqRho =  1.9282867685E-01
GradDelSqRho =  3.4694469520E-17  4.6837533851E-17  1.3877787808E-16
HessDelSqRho_EigVals = -2.2376941892E+00 -2.5996451500E-02  4.6622707305E-01
HessDelSqRho_EigVec1 =  3.6109811408E-01 -2.6753853248E-01  8.9332596830E-01
HessDelSqRho_EigVec2 = -1.1642805348E-01  9.3753164505E-01  3.2783978234E-01
HessDelSqRho_EigVec3 =  9.2523113889E-01  2.2239053073E-01 -3.0739191835E-01
</CP of DelSqRho>
<CP of DelSqRho>
CP# = 32      
Type = (3,-1)
Coords = -4.02461112242079E+00  7.12222819261972E-01 -1.83606738458868E+00
DistFromNuc =  2.0107737728E+00
Rho =  7.2364741081E-02
DelSqRho =  1.9283317105E-01
GradDelSqRho = -2.4112656316E-16  1.3010426070E-16 -2.2204460493E-16
HessDelSqRho_EigVals = -2.2377269759E+00 -2.6008554725E-02  4.6623446788E-01
HessDelSqRho_EigVec1 = -3.5977491408E-01 -2.6855064504E-01  8.9355613268E-01
HessDelSqRho_EigVec2 =  1.1366118433E-01  9.3793654857E-01  3.2765250805E-01
HessDelSqRho_EigVec3 =  9.2609024742E-01 -2.1944380124E-01  3.0692225681E-01
</CP of DelSqRho>
<CP of DelSqRho>
CP# = 33      
Type = (3,+1)
Coords = -4.71912080724762E+00  1.63659096610305E-01  1.66889840316545E+00
DistFromNuc =  1.9974019836E+00
Rho =  7.1182853475E-02
DelSqRho =  1.8504366574E-01
GradDelSqRho =  3.9031278209E-17 -2.4980018054E-16 -3.0270924656E-16
HessDelSqRho_EigVals = -1.7700497696E+00  2.4081244951E-02  5.9389826752E-01
HessDelSqRho_EigVec1 = -3.8059041783E-01  5.4437809911E-01  7.4753155055E-01
HessDelSqRho_EigVec2 = -8.1405395657E-01  1.8627151348E-01 -5.5010824305E-01
HessDelSqRho_EigVec3 =  4.3871071295E-01  8.1789694245E-01 -3.7225999231E-01
</CP of DelSqRho>
<CP of DelSqRho>
CP# = 34      
Type = (3,-1)
Coords = -2.04093697998022E+00 -2.01734008905266E-01  2.16752697394330E-01
DistFromNuc =  1.6189831909E+00
Rho =  1.1538422535E-01
DelSqRho =  2.5461619601E-01
GradDelSqRho = -1.4571677198E-15  2.2551405188E-17  1.3183898417E-16
HessDelSqRho_EigVals = -1.9104386160E-01 -8.7421902628E-02  3.9424096202E+00
HessDelSqRho_EigVec1 =  7.5440933821E-03  7.2195011335E-01  6.9190398213E-01
HessDelSqRho_EigVec2 =  3.2080954638E-02 -6.9174223822E-01  7.2143155476E-01
HessDelSqRho_EigVec3 =  9.9945680197E-01  1.6754393247E-02 -2.8379416878E-02
</CP of DelSqRho>
<CP of DelSqRho>
CP# = 35      
Type = (3,-1)
Coords = -2.04170407835760E+00  1.94545733927848E-01 -2.14909534085130E-01
DistFromNuc =  1.6188009066E+00
Rho =  1.1543495397E-01
DelSqRho =  2.5458615999E-01
GradDelSqRho = -5.9674487574E-16  1.5265566589E-16  1.2663481375E-16
HessDelSqRho_EigVals = -1.9085192283E-01 -8.6560802901E-02  3.9447254737E+00
HessDelSqRho_EigVec1 = -9.6246394066E-03  7.2213378335E-01  6.9168646456E-01
HessDelSqRho_EigVec2 = -2.9470541605E-02 -6.9162287464E-01  7.2165731926E-01
HessDelSqRho_EigVec3 =  9.9951931122E-01 -1.3438683258E-02  2.7938294480E-02
</CP of DelSqRho>
<CP of DelSqRho>
CP# = 36      
Type = (3,+1)
Coords = -4.71941520317072E+00 -1.79142562571619E-01 -1.66653229280821E+00
DistFromNuc =  1.9973933376E+00
Rho =  7.1184162416E-02
DelSqRho =  1.8504688744E-01
GradDelSqRho = -6.0715321659E-18  3.2959746044E-17  1.5959455979E-16
HessDelSqRho_EigVals = -1.7700935813E+00  2.4086663811E-02  5.9390631941E-01
HessDelSqRho_EigVec1 =  3.7921616131E-01  5.4564453808E-01  7.4730659108E-01
HessDelSqRho_EigVec2 =  8.1317436133E-01  1.8885095782E-01 -5.5052953946E-01
HessDelSqRho_EigVec3 =  4.4152300176E-01 -8.1646025855E-01  3.7208881348E-01
</CP of DelSqRho>
<CP of DelSqRho>
CP# = 37      
Type = (3,-1)
Coords = -5.37169486022963E+00 -3.69149611607888E-01  9.31794313398971E-01
DistFromNuc =  2.0049629134E+00
Rho =  7.2433844061E-02
DelSqRho =  1.9258610281E-01
GradDelSqRho =  6.3143934526E-16 -5.2041704279E-18 -6.4184768611E-17
HessDelSqRho_EigVals = -2.2697583417E+00 -2.7308100471E-02  5.0956846137E-01
HessDelSqRho_EigVec1 =  9.9470819336E-01 -9.8564831042E-02  2.8992829294E-02
HessDelSqRho_EigVec2 =  7.3416538690E-02  8.7932159557E-01  4.7053537956E-01
HessDelSqRho_EigVec3 = -7.1872261101E-02 -4.6591684414E-01  8.8190468444E-01
</CP of DelSqRho>
<CP of DelSqRho>
CP# = 38      
Type = (3,-1)
Coords = -5.37331569179785E+00  3.51522206930624E-01 -9.29163311464390E-01
DistFromNuc =  2.0049547877E+00
Rho =  7.2435191554E-02
DelSqRho =  1.9258992662E-01
GradDelSqRho =  4.0245584643E-16 -1.3530843113E-16  1.4875253807E-16
HessDelSqRho_EigVals = -2.2697825421E+00 -2.7316956402E-02  5.0957421619E-01
HessDelSqRho_EigVec1 =  9.9436430968E-01  1.0184100764E-01 -2.9462328527E-02
HessDelSqRho_EigVec2 = -7.6089646628E-02  8.7906911294E-01  4.7058246923E-01
HessDelSqRho_EigVec3 =  7.3824015849E-02 -4.6568863400E-01  8.8186399793E-01
</CP of DelSqRho>
<CP of DelSqRho>
CP# = 39      
Type = (3,+1)
Coords = -4.68118234640751E+00  1.42307106785708E+00 -9.45702870426263E-01
DistFromNuc =  2.0089450031E+00
Rho =  7.0429140221E-02
DelSqRho =  1.7977651487E-01
GradDelSqRho =  4.6369158513E-15  1.0044048926E-14  1.0233784306E-15
HessDelSqRho_EigVals = -1.6833931073E+00  3.0937535417E-02  5.9433162617E-01
HessDelSqRho_EigVec1 = -3.5095731696E-01  9.3152963810E-01 -9.5296878309E-02
HessDelSqRho_EigVec2 =  8.0911761132E-01  2.5045438270E-01 -5.3160257075E-01
HessDelSqRho_EigVec3 =  4.7133602951E-01  2.6367619446E-01  8.4161583383E-01
</CP of DelSqRho>
<CP of DelSqRho>
CP# = 40      
Type = (3,+1)
Coords = -4.67611026504969E+00 -1.43838030872987E+00  9.47959292617543E-01
DistFromNuc =  2.0089413347E+00
Rho =  7.0428658187E-02
DelSqRho =  1.7977967654E-01
GradDelSqRho = -1.9645743365E-16 -3.7123082386E-16  1.5265566589E-16
HessDelSqRho_EigVals = -1.6834589184E+00  3.0925439664E-02  5.9432335689E-01
HessDelSqRho_EigVec1 =  3.4791529375E-01  9.3265902140E-01 -9.5404916908E-02
HessDelSqRho_EigVec2 =  8.1019392539E-01 -2.4789703903E-01  5.3116180332E-01
HessDelSqRho_EigVec3 = -4.7174225128E-01  2.6209579896E-01  8.4188184475E-01
</CP of DelSqRho>
<Path of -GradDelSqRho>
Starting CP# =      2
Ending CP# =      0
Number of Points =    400
 -2.0465367116E+00 -2.5397278265E-03 -2.3818606549E-04  1.2471880179E-01  2.5355922881E-01
 -2.0463801271E+00  1.1201576495E-02  1.2221953316E-02  1.2465290027E-01  2.5353035642E-01
 -2.0465366199E+00  2.9682054010E-02  2.8981617562E-02  1.2453166326E-01  2.5340013812E-01
 -2.0464929186E+00  4.8198671566E-02  4.5778429200E-02  1.2425512823E-01  2.5316476377E-01
 -2.0464185195E+00  6.6711134871E-02  6.2579711518E-02  1.2385663576E-01  2.5282442365E-01
 -2.0463148452E+00  8.5217720236E-02  7.9387313203E-02  1.2333791549E-01  2.5237926715E-01
 -2.0461836769E+00  1.0371675894E-01  9.6203028794E-02  1.2270118814E-01  2.5182952240E-01
 -2.0460270929E+00  1.2220664809E-01  1.1302858715E-01  1.2194913339E-01  2.5117551938E-01
 -2.0458473971E+00  1.4068585857E-01  1.2986564230E-01  1.2108485274E-01  2.5041771513E-01
 -2.0456470393E+00  1.5915293996E-01  1.4671576695E-01  1.2011182841E-01  2.4955671902E-01
 -2.0454285306E+00  1.7760652246E-01  1.6358044860E-01  1.1903387981E-01  2.4859331634E-01
 -2.0451943540E+00  1.9604531597E-01  1.8046108826E-01  1.1785511854E-01  2.4752848836E-01
 -2.0449468742E+00  2.1446810679E-01  1.9735900145E-01  1.1657990327E-01  2.4636342724E-01
 -2.0446882464E+00  2.3287375230E-01  2.1427542129E-01  1.1521279540E-01  2.4509954451E-01
 -2.0444203261E+00  2.5126117404E-01  2.3121150322E-01  1.1375851637E-01  2.4373847204E-01
 -2.0441445810E+00  2.6962934988E-01  2.4816833094E-01  1.1222190718E-01  2.4228205495E-01
 -2.0438620043E+00  2.8797730553E-01  2.6514692316E-01  1.1060789085E-01  2.4073233621E-01
 -2.0435730321E+00  3.0630410588E-01  2.8214824067E-01  1.0892143793E-01  2.3909153312E-01
 -2.0432774628E+00  3.2460884664E-01  2.9917319325E-01  1.0716753553E-01  2.3736200623E-01
 -2.0429743806E+00  3.4289064627E-01  3.1622264605E-01  1.0535115990E-01  2.3554622161E-01
 -2.0426620835E+00  3.6114863867E-01  3.3329742486E-01  1.0347725271E-01  2.3364670766E-01
 -2.0423380156E+00  3.7938196653E-01  3.5039831985E-01  1.0155070113E-01  2.3166600782E-01
 -2.0419987058E+00  3.9758977547E-01  3.6752608736E-01  9.9576321674E-02  2.2960663079E-01
 -2.0416397146E+00  4.1577120877E-01  3.8468144929E-01  9.7558847801E-02  2.2747099990E-01
 -2.0412555906E+00  4.3392540271E-01  4.0186508958E-01  9.5502921367E-02  2.2526140338E-01
 -2.0408398407E+00  4.5205148227E-01  4.1907764749E-01  9.3413087800E-02  2.2297994706E-01
 -2.0403849154E+00  4.7014855694E-01  4.3631970739E-01  9.1293794970E-02  2.2062851136E-01
 -2.0398822168E+00  4.8821571650E-01  4.5359178481E-01  8.9149395624E-02  2.1820871389E-01
 -2.0393221302E+00  5.0625202661E-01  4.7089430879E-01  8.6984153137E-02  2.1572187918E-01
 -2.0386940878E+00  5.2425652404E-01  4.8822760102E-01  8.4802250220E-02  2.1316901689E-01
 -2.0379866663E+00  5.4222821186E-01  5.0559185206E-01  8.2607800034E-02  2.1055080971E-01
 -2.0371877256E+00  5.6016605457E-01  5.2298709623E-01  8.0404858946E-02  2.0786761195E-01
 -2.0362845898E+00  5.7806897414E-01  5.4041318631E-01  7.8197439921E-02  2.0511946002E-01
 -2.0352642730E+00  5.9593584734E-01  5.5786977061E-01  7.5989525305E-02  2.0230609554E-01
 -2.0341137477E+00  6.1376550591E-01  5.7535627462E-01  7.3785077539E-02  1.9942700189E-01
 -2.0328202527E+00  6.3155674042E-01  5.9287189051E-01  7.1588046243E-02  1.9648145457E-01
 -2.0313716291E+00  6.4930830937E-01  6.1041557709E-01  6.9402370076E-02  1.9346858579E-01
 -2.0297566748E+00  6.6701895432E-01  6.2798607314E-01  6.7231971983E-02  1.9038746264E-01
 -2.0279654984E+00  6.8468742179E-01  6.4558192574E-01  6.5080746804E-02  1.8723717805E-01
 -2.0259898563E+00  7.0231249152E-01  6.6320153449E-01  6.2952540799E-02  1.8401695271E-01
 -2.0238234495E+00  7.1989301007E-01  6.8084321067E-01  6.0851123367E-02  1.8072624522E-01
 -2.0214621651E+00  7.3742792759E-01  6.9850524893E-01  5.8780152048E-02  1.7736486680E-01
 -2.0189042431E+00  7.5491633481E-01  7.1618600741E-01  5.6743132659E-02  1.7393309599E-01
 -2.0161503599E+00  7.7235749673E-01  7.3388399125E-01  5.4743377013E-02  1.7043178820E-01
 -2.0132036236E+00  7.8975087945E-01  7.5159793359E-01  5.2783961010E-02  1.6686247452E-01
 -2.0100694830E+00  8.0709616701E-01  7.6932686863E-01  5.0867685929E-02  1.6322744447E-01
 -2.0067555605E+00  8.2439326579E-01  7.8707019207E-01  4.8997045416E-02  1.5952980774E-01
 -2.0032714225E+00  8.4164229557E-01  8.0482770558E-01  4.7174200122E-02  1.5577353139E-01
 -1.9996283034E+00  8.5884356705E-01  8.2259964396E-01  4.5400961205E-02  1.5196344983E-01
 -1.9958388038E+00  8.7599754734E-01  8.4038668491E-01  4.3678783111E-02  1.4810524704E-01
 -1.9919165785E+00  8.9310481548E-01  8.5818994331E-01  4.2008765367E-02  1.4420541159E-01
 -1.9878760307E+00  9.1016601064E-01  8.7601095248E-01  4.0391662488E-02  1.4027116681E-01
 -1.9837320254E+00  9.2718177591E-01  8.9385163581E-01  3.8827900734E-02  1.3631037952E-01
 -1.9794996289E+00  9.4415270052E-01  9.1171427234E-01  3.7317600209E-02  1.3233145161E-01
 -1.9751938817E+00  9.6107926262E-01  9.2960145930E-01  3.5860600777E-02  1.2834319935E-01
 -1.9708296075E+00  9.7796177475E-01  9.4751607474E-01  3.4456490310E-02  1.2435472520E-01
 -1.9664212566E+00  9.9480033316E-01  9.6546124213E-01  3.3104634002E-02  1.2037528701E-01
 -1.9619827844E+00  1.0115947717E+00  9.8344029891E-01  3.1804203650E-02  1.1641416898E-01
 -1.9575275605E+00  1.0283446211E+00  1.0014567698E+00  3.0554206070E-02  1.1248055796E-01
 -1.9530683063E+00  1.0450490724E+00  1.0195143451E+00  2.9353510034E-02  1.0858342824E-01
 -1.9486170570E+00  1.0617069463E+00  1.0376168652E+00  2.8200871285E-02  1.0473143728E-01
 -1.9441851442E+00  1.0783166654E+00  1.0557683090E+00  2.7094955406E-02  1.0093283369E-01
 -1.9397831957E+00  1.0948762311E+00  1.0739727881E+00  2.6034358405E-02  9.7195378802E-02
 -1.9354211498E+00  1.1113832031E+00  1.0922345440E+00  2.5017625024E-02  9.3526281889E-02
 -1.9311082813E+00  1.1278346814E+00  1.1105579493E+00  2.4043264822E-02  8.9932149163E-02
 -1.9268532362E+00  1.1442272900E+00  1.1289475104E+00  2.3109766160E-02  8.6418945938E-02
 -1.9226640733E+00  1.1605571631E+00  1.1474078723E+00  2.2215608250E-02  8.2991971233E-02
 -1.9185483113E+00  1.1768199313E+00  1.1659438231E+00  2.1359271419E-02  7.9655843798E-02
 -1.9145129797E+00  1.1930107097E+00  1.1845602989E+00  2.0539245788E-02  7.6414498454E-02
 -1.9105646712E+00  1.2091240871E+00  1.2032623863E+00  1.9754038536E-02  7.3271191546E-02
 -1.9067095961E+00  1.2251541154E+00  1.2220553230E+00  1.9002179925E-02  7.0228514316E-02
 -1.9029536357E+00  1.2410943020E+00  1.2409444948E+00  1.8282228251E-02  6.7288413007E-02
 -1.8993023950E+00  1.2569376027E+00  1.2599354282E+00  1.7592773870E-02  6.4452214586E-02
 -1.8957612535E+00  1.2726764185E+00  1.2790337776E+00  1.6932442439E-02  6.1720657042E-02
 -1.8923354122E+00  1.2883025950E+00  1.2982453057E+00  1.6299897497E-02  5.9093923315E-02
 -1.8890299371E+00  1.3038074271E+00  1.3175758568E+00  1.5693842490E-02  5.6571677999E-02
 -1.8858497971E+00  1.3191816694E+00  1.3370313224E+00  1.5113022351E-02  5.4153106073E-02
 -1.8827998964E+00  1.3344155545E+00  1.3566175968E+00  1.4556224698E-02  5.1836953005E-02
 -1.8798850991E+00  1.3494988197E+00  1.3763405240E+00  1.4022280743E-02  4.9621565665E-02
 -1.8771102467E+00  1.3644207454E+00  1.3962058348E+00  1.3510065945E-02  4.7504933568E-02
 -1.8744801664E+00  1.3791702062E+00  1.4162190744E+00  1.3018500487E-02  4.5484730028E-02
 -1.8719996701E+00  1.3937357362E+00  1.4363855204E+00  1.2546549577E-02  4.3558352883E-02
 -1.8696735434E+00  1.4081056111E+00  1.4567100935E+00  1.2093223626E-02  4.1722964491E-02
 -1.8675065252E+00  1.4222679470E+00  1.4771972618E+00  1.1657578303E-02  3.9975530728E-02
 -1.8655032767E+00  1.4362108182E+00  1.4978509410E+00  1.1238714482E-02  3.8312858756E-02
 -1.8636683415E+00  1.4499223928E+00  1.5186743943E+00  1.0835778064E-02  3.6731633356E-02
 -1.8620060976E+00  1.4633910851E+00  1.5396701344E+00  1.0447959690E-02  3.5228451605E-02
 -1.8605207023E+00  1.4766057235E+00  1.5608398332E+00  1.0074494296E-02  3.3799855710E-02
 -1.8592160333E+00  1.4895557305E+00  1.5821842423E+00  9.7146605299E-03  3.2442363803E-02
 -1.8580956268E+00  1.5022313096E+00  1.6037031298E+00  9.3677799795E-03  3.1152498493E-02
 -1.8571626175E+00  1.5146236334E+00  1.6253952370E+00  9.0332162202E-03  2.9926813011E-02
 -1.8564196814E+00  1.5267250273E+00  1.6472582578E+00  8.7103736595E-03  2.8761914765E-02
 -1.8558689864E+00  1.5385291409E+00  1.6692888451E+00  8.3986961791E-03  2.7654486164E-02
 -1.8555121515E+00  1.5500310984E+00  1.6914826430E+00  8.0976655804E-03  2.6601302617E-02
 -1.8553502188E+00  1.5612276241E+00  1.7138343457E+00  7.8067998482E-03  2.5599247623E-02
 -1.8553836385E+00  1.5721171335E+00  1.7363377813E+00  7.5256512577E-03  2.4645324967E-02
 -1.8556122675E+00  1.5826997883E+00  1.7589860161E+00  7.2538043568E-03  2.3736668066E-02
 -1.8560353829E+00  1.5929775108E+00  1.7817714750E+00  6.9908738614E-03  2.2870546586E-02
 -1.8566517074E+00  1.6029539573E+00  1.8046860742E+00  6.7365025050E-03  2.2044370508E-02
 -1.8574594460E+00  1.6126344535E+00  1.8277213578E+00  6.4903588844E-03  2.1255691879E-02
 -1.8584563312E+00  1.6220258926E+00  1.8508686348E+00  6.2521353369E-03  2.0502204507E-02
 -1.8596396737E+00  1.6311366033E+00  1.8741191113E+00  6.0215458851E-03  1.9781741918E-02
 -1.8610064161E+00  1.6399761925E+00  1.8974640118E+00  5.7983242744E-03  1.9092273871E-02
 -1.8625531860E+00  1.6485553692E+00  1.9208946891E+00  5.5822221222E-03  1.8431901742E-02
 -1.8642763475E+00  1.6568857577E+00  1.9444027189E+00  5.3730071926E-03  1.7798853083E-02
 -1.8661720476E+00  1.6649797045E+00  1.9679799786E+00  5.1704618017E-03  1.7191475608E-02
 -1.8682362566E+00  1.6728500869E+00  1.9916187101E+00  4.9743813537E-03  1.6608230840E-02
 -1.8704648030E+00  1.6805101265E+00  2.0153115683E+00  4.7845730050E-03  1.6047687635E-02
 -1.8728533996E+00  1.6879732137E+00  2.0390516545E+00  4.6008544491E-03  1.5508515712E-02
 -1.8753976646E+00  1.6952527439E+00  2.0628325392E+00  4.4230528146E-03  1.4989479339E-02
 -1.8780931358E+00  1.7023619704E+00  2.0866482730E+00  4.2510036667E-03  1.4489431232E-02
 -1.8809352792E+00  1.7093138732E+00  2.1104933895E+00  4.0845501045E-03  1.4007306756E-02
 -1.8839194942E+00  1.7161210457E+00  2.1343629015E+00  3.9235419448E-03  1.3542118431E-02
 -1.8870411153E+00  1.7227955989E+00  2.1582522913E+00  3.7678349857E-03  1.3092950776E-02
 -1.8902954122E+00  1.7293490828E+00  2.1821574971E+00  3.6172903432E-03  1.2658955473E-02
 -1.8936775894E+00  1.7357924248E+00  2.2060748964E+00  3.4717738563E-03  1.2239346851E-02
 -1.8971827851E+00  1.7421358835E+00  2.2300012871E+00  3.3311555539E-03  1.1833397663E-02
 -1.9008060722E+00  1.7483890170E+00  2.2539338671E+00  3.1953091825E-03  1.1440435130E-02
 -1.9045424607E+00  1.7545606646E+00  2.2778702130E+00  3.0641117890E-03  1.1059837231E-02
 -1.9083869012E+00  1.7606589403E+00  2.3018082576E+00  2.9374433561E-03  1.0691029214E-02
 -1.9123342922E+00  1.7666912366E+00  2.3257462681E+00  2.8151864877E-03  1.0333480309E-02
 -1.9163794884E+00  1.7726642381E+00  2.3496828222E+00  2.6972261403E-03  9.9867006084E-03
 -1.9205173119E+00  1.7785839417E+00  2.3736167863E+00  2.5834493982E-03  9.6502381197E-03
 -1.9247425653E+00  1.7844556843E+00  2.3975472920E+00  2.4737452887E-03  9.3236759603E-03
 -1.9290500466E+00  1.7902841745E+00  2.4214737133E+00  2.3680046330E-03  9.0066296903E-03
 -1.9334345653E+00  1.7960735297E+00  2.4453956444E+00  2.2661199316E-03  8.6987447746E-03
 -1.9378909596E+00  1.8018273141E+00  2.4693128770E+00  2.1679852769E-03  8.3996941687E-03
 -1.9424141138E+00  1.8075485803E+00  2.4932253793E+00  2.0734962933E-03  8.1091760251E-03
 -1.9469989765E+00  1.8132399112E+00  2.5171332739E+00  1.9825500981E-03  7.8269115168E-03
 -1.9516405783E+00  1.8189034610E+00  2.5410368182E+00  1.8950452810E-03  7.5526427780E-03
 -1.9563340481E+00  1.8245409981E+00  2.5649363843E+00  1.8108818992E-03  7.2861309603E-03
 -1.9610746302E+00  1.8301539442E+00  2.5888324405E+00  1.7299614843E-03  7.0271544047E-03
 -1.9658576989E+00  1.8357434143E+00  2.6127255336E+00  1.6521870581E-03  6.7755069274E-03
 -1.9706787724E+00  1.8413102532E+00  2.6366162725E+00  1.5774631562E-03  6.5309962207E-03
 -1.9755335252E+00  1.8468550708E+00  2.6605053129E+00  1.5056958554E-03  6.2934423651E-03
 -1.9804177990E+00  1.8523782748E+00  2.6843933431E+00  1.4367928041E-03  6.0626764533E-03
 -1.9853276117E+00  1.8578801011E+00  2.7082810714E+00  1.3706632540E-03  5.8385393205E-03
 -1.9902591656E+00  1.8633606414E+00  2.7321692145E+00  1.3072180919E-03  5.6208803822E-03
 -1.9952088530E+00  1.8688198693E+00  2.7560584875E+00  1.2463698700E-03  5.4095565709E-03
 -2.0001732610E+00  1.8742576627E+00  2.7799495947E+00  1.1880328345E-03  5.2044313724E-03
 -2.0051491746E+00  1.8796738248E+00  2.8038432220E+00  1.1321229518E-03  5.0053739538E-03
 -2.0101335784E+00  1.8850681029E+00  2.8277400301E+00  1.0785579315E-03  4.8122583800E-03
 -2.0151236566E+00  1.8904402041E+00  2.8516406494E+00  1.0272572466E-03  4.6249629138E-03
 -2.0201167928E+00  1.8957898103E+00  2.8755456752E+00  9.7814214984E-04  4.4433693932E-03
