 AIMInt (Version 19.02.13, Professional)
 Portions Copyright (c) 1997-2019 by Todd A. Keith
 AIMInt is a component of the AIMAll package ( http://aim.tkgristmill.com )

 TP:  64-bit Linux

 Licensed To:  Research Group of Fernando Cortes Guzman, UNAM, fercor@unam.mx

 AIMInt is a heavily modified and extended version of the PROAIMV program
 developed by members of R.F.W. Bader's research group

 Much of the Quantum Theory of Atoms in Molecules (QTAIM) is described in the book:
   "Atoms in Molecules - A Quantum Theory"
   R.F.W. Bader, Oxford University Press, Oxford, 1990

 For additional references see:  http://aim.tkgristmill.com/references.html

 Current Directory:  /home/scratch/M_H2O_4_cuadrado_plano/Opt

 Inp File:  Fe3_cuadrado_plano_cc-pvtz-def2-tzv_10_atomicfiles/o8.inp
 Wfx File:  Fe3_cuadrado_plano_cc-pvtz-def2-tzv_10.wfx
 Out File:  Fe3_cuadrado_plano_cc-pvtz-def2-tzv_10_atomicfiles/o8.int

 Wfx Title:   Fe3_cuadrado_plano_cc-pvtz-def2-tzv_10                                        
 Job Title:   Fe3_cuadrado_plano_cc-pvtz-def2-tzv_10                                        
 
<Atom>
O8      
</Atom>
<Nuclei of Molecule>
    13
Fe1       26.0          -2.1635071957E-05   4.5956422413E-05   1.8200324605E-04
O2         8.0           3.6336028085E+00   5.6727660433E-03   9.0142198484E-04
H3         1.0           4.7273242565E+00   6.6527123908E-01  -1.3764891726E+00
O4         8.0          -6.1069883189E-03   3.5906362337E+00   1.2181537423E-02
H5         1.0          -1.5252221084E+00   4.6829988490E+00   1.5151909543E-01
O6         8.0          -3.6334773261E+00  -5.9565496571E-03   8.9856849837E-04
H7         1.0          -4.7291836185E+00   6.5003999678E-01  -1.3766410499E+00
O8         8.0           6.0349565436E-03  -3.5905347588E+00  -1.4487524984E-02
H9         1.0          -1.5094383259E+00  -4.6879458550E+00  -1.5386699712E-01
H10        1.0           1.5093577337E+00   4.6881700487E+00   1.5063464691E-01
H11        1.0          -4.7263721701E+00  -6.6553982933E-01   1.3789687653E+00
H12        1.0           1.5251939183E+00  -4.6828088215E+00  -1.5410916552E-01
H13        1.0           4.7284752215E+00  -6.4992202458E-01   1.3792997698E+00
</Nuclei of Molecule>
<Total Number of CPs of DelSqRho>
    39
</Total Number of CPs of DelSqRho>
<Number of (3,+3) CPs of DelSqRho>
     5
</Number of (3,+3) CPs of DelSqRho>
<Number of (3,+1) CPs of DelSqRho>
    15
</Number of (3,+1) CPs of DelSqRho>
<Number of (3,-1) CPs of DelSqRho>
    15
</Number of (3,-1) CPs of DelSqRho>
<Number of (3,-3) CPs of DelSqRho>
     4
</Number of (3,-3) CPs of DelSqRho>
<Number of Degenerate CPs of DelSqRho>
     0
</Number of Degenerate CPs of DelSqRho>
<CP of DelSqRho>
CP# = 1       
Type = (3,+3)
Coords =  6.03495688191370E-03 -3.59053496705018E+00 -1.44875882466416E-02
DistFromNuc =  2.1761306455E-07
Rho =  2.9724020703E+02
DelSqRho = -3.3285689140E+06
GradDelSqRho =  2.9171463467E-08 -1.1212290701E-05  1.0941221262E-07
HessDelSqRho_EigVals =  1.3236907041E+11  1.3236909100E+11  1.3236909645E+11
HessDelSqRho_EigVec1 =  2.1140503221E-04 -7.7378961099E-02  9.9700173104E-01
HessDelSqRho_EigVec2 = -1.6425727351E-03  9.9700038147E-01  7.7379204649E-02
HessDelSqRho_EigVec3 =  9.9999862863E-01  1.6540062135E-03 -8.3670325986E-05
</CP of DelSqRho>
<CP of DelSqRho>
CP# = 2       
Type = (3,+1)
Coords =  3.28032124745939E-03 -2.02537142279541E+00  1.88112967143051E-02
DistFromNuc =  1.5655199354E+00
Rho =  1.3222439134E-01
DelSqRho =  2.7000131841E-01
GradDelSqRho =  6.1907944049E-17 -3.3306690739E-16  1.3877787808E-16
HessDelSqRho_EigVals = -2.4828698879E-01  1.0806353006E-01  4.5361483189E+00
HessDelSqRho_EigVec1 =  4.3407648682E-05 -4.8308763258E-03  9.9998833031E-01
HessDelSqRho_EigVec2 =  9.9999860184E-01  1.6718459928E-03 -3.5331519072E-05
HessDelSqRho_EigVec3 = -1.6716558006E-03  9.9998693370E-01  4.8309421424E-03
</CP of DelSqRho>
<CP of DelSqRho>
CP# = 3       
Type = (3,+1)
Coords = -9.36956601142855E-01 -4.26560518697335E+00 -1.00556012231692E-01
DistFromNuc =  1.1629105491E+00
Rho =  4.0762091466E-01
DelSqRho = -9.4076182359E-01
GradDelSqRho = -5.6066262744E-15  8.6042284408E-16 -3.7123082386E-16
HessDelSqRho_EigVals = -3.0429581039E+01  1.4381829870E+01  1.5148921287E+01
HessDelSqRho_EigVec1 =  8.0457465300E-01  5.8917590707E-01  7.4373236269E-02
HessDelSqRho_EigVec2 = -2.7252298231E-02 -8.8474992066E-02  9.9570552274E-01
HessDelSqRho_EigVec3 = -5.9322587603E-01  8.0314626707E-01  5.5128338511E-02
</CP of DelSqRho>
<CP of DelSqRho>
CP# = 4       
Type = (3,+1)
Coords =  9.51293208102951E-01 -4.26240911598971E+00 -1.00706424951877E-01
DistFromNuc =  1.1629110081E+00
Rho =  4.0761996812E-01
DelSqRho = -9.4075534397E-01
GradDelSqRho = -8.1046280798E-15 -1.8318679906E-15  5.7592819402E-16
HessDelSqRho_EigVals = -3.0429409943E+01  1.4381731218E+01  1.5148872722E+01
HessDelSqRho_EigVec1 =  8.0655275399E-01 -5.8644872226E-01 -7.4502021355E-02
HessDelSqRho_EigVec2 =  2.7709263793E-02 -8.8384117473E-02  9.9570098146E-01
HessDelSqRho_EigVec3 =  5.9051236374E-01  8.0514976491E-01  5.5036391011E-02
</CP of DelSqRho>
<CP of DelSqRho>
CP# = 5       
Type = (3,-1)
Coords =  5.74777182414862E-03 -3.42429625945651E+00  3.53713493720275E-03
DistFromNuc =  1.6721306622E-01
Rho =  2.2673694476E+01
DelSqRho =  1.2885774113E+03
GradDelSqRho = -2.7811086767E-14  4.5474735089E-12 -2.2808421818E-12
HessDelSqRho_EigVals = -4.4471771745E+05 -3.0128442697E+03  2.7448465107E+01
HessDelSqRho_EigVec1 = -1.7170357662E-03  9.9410899584E-01  1.0837138079E-01
HessDelSqRho_EigVec2 =  2.6464330852E-04 -1.0837108502E-01  9.9411047570E-01
HessDelSqRho_EigVec3 =  9.9999849087E-01  1.7356030031E-03 -7.7007264692E-05
</CP of DelSqRho>
<CP of DelSqRho>
CP# = 6       
Type = (3,-1)
Coords =  6.31028116099411E-03 -3.75899202945879E+00 -1.62317250696804E-02
DistFromNuc =  1.6846652505E-01
Rho =  2.2395016424E+01
DelSqRho =  1.2609271627E+03
GradDelSqRho =  2.5535129566E-15 -2.8592239687E-11 -2.6290081223E-13
HessDelSqRho_EigVals = -4.1444075121E+05 -1.9703937383E+03  7.3115530747E+02
HessDelSqRho_EigVec1 = -1.6342990178E-03  9.9995414828E-01  9.4355926492E-03
HessDelSqRho_EigVec2 =  1.0063156999E-04 -9.4354407474E-03  9.9995548017E-01
HessDelSqRho_EigVec3 =  9.9999865947E-01  1.6351757776E-03 -8.5206624311E-05
</CP of DelSqRho>
<CP of DelSqRho>
CP# = 7       
Type = (3,+1)
Coords =  6.12384522149123E-03 -3.63625456328055E+00  1.47239705466346E-01
DistFromNuc =  1.6806547977E-01
Rho =  2.2614013132E+01
DelSqRho =  1.2413851664E+03
GradDelSqRho =  1.8596235662E-15  6.1817218011E-12 -8.1854523160E-12
HessDelSqRho_EigVals = -4.1925564351E+05  2.2625818328E+03  2.7313203236E+03
HessDelSqRho_EigVec1 =  5.2372495649E-04 -2.6886089026E-01  9.6317887612E-01
HessDelSqRho_EigVec2 = -1.5533254930E-03  9.6317762750E-01  2.6886138634E-01
HessDelSqRho_EigVec3 =  9.9999865645E-01  1.6369397204E-03 -8.6811686151E-05
</CP of DelSqRho>
<CP of DelSqRho>
CP# = 8       
Type = (3,+1)
Coords =  6.05403484331548E-03 -3.61061515388529E+00 -1.81631503820258E-01
DistFromNuc =  1.6834587102E-01
Rho =  2.2552539792E+01
DelSqRho =  1.2350863526E+03
GradDelSqRho = -6.7168492990E-15  2.3874235922E-12 -5.0164317145E-12
HessDelSqRho_EigVals = -4.1268160487E+05  2.4932471205E+03  2.9426143354E+03
HessDelSqRho_EigVec1 = -1.0830794596E-04  1.1625980455E-01  9.9321883093E-01
HessDelSqRho_EigVec2 = -1.6333908102E-03  9.9321749125E-01 -1.1625982585E-01
HessDelSqRho_EigVec3 =  9.9999866015E-01  1.6349063739E-03 -8.2324349973E-05
</CP of DelSqRho>
<CP of DelSqRho>
CP# = 9       
Type = (3,-3)
Coords = -3.83503611286108E-02 -3.43025797287287E+00  3.08518633817131E-03
DistFromNuc =  1.6723487892E-01
Rho =  2.2666226807E+01
DelSqRho =  1.2885909580E+03
GradDelSqRho = -1.8616219677E-12  2.6432189770E-12 -2.4868995752E-14
HessDelSqRho_EigVals = -4.4420999435E+05 -3.0345039890E+03 -5.3441262679E+01
HessDelSqRho_EigVec1 = -2.6446890028E-01  9.5858637407E-01  1.0568048180E-01
HessDelSqRho_EigVec2 =  8.6038623936E-03 -1.0723262727E-01  9.9419672963E-01
HessDelSqRho_EigVec3 =  9.6435583388E-01  2.6384337607E-01  2.0112149755E-02
</CP of DelSqRho>
<CP of DelSqRho>
CP# = 10      
Type = (3,-1)
Coords =  6.49815738676569E-01 -3.28991044107478E+00  1.10682169842732E-03
DistFromNuc =  7.1068407856E-01
Rho =  6.8562249666E-01
DelSqRho = -1.1240389058E+00
GradDelSqRho = -4.3520742565E-14 -1.1102230246E-14 -1.5543122345E-15
HessDelSqRho_EigVals = -1.5362270845E+01 -1.1494293973E+01  1.4884226683E+02
HessDelSqRho_EigVec1 = -4.3418280904E-01  8.9637666552E-01  8.9410076897E-02
HessDelSqRho_EigVec2 =  1.6472793141E-02 -9.1336562974E-02  9.9568382499E-01
HessDelSqRho_EigVec3 =  9.0067415607E-01  4.3378163375E-01  2.4890938093E-02
</CP of DelSqRho>
<CP of DelSqRho>
CP# = 11      
Type = (3,-1)
Coords = -6.38758964680774E-01 -3.29209007625870E+00  1.20935294358597E-03
DistFromNuc =  7.1068616237E-01
Rho =  6.8561685467E-01
DelSqRho = -1.1240064705E+00
GradDelSqRho =  1.7763568394E-14 -1.2878587086E-14 -1.3253287356E-15
HessDelSqRho_EigVals = -1.5362176193E+01 -1.1494082678E+01  1.4883956589E+02
HessDelSqRho_EigVec1 =  4.3115987562E-01  8.9784039067E-01  8.9352081827E-02
HessDelSqRho_EigVec2 = -1.6010232270E-02 -9.1401098387E-02  9.9568544816E-01
HessDelSqRho_EigVec3 =  9.0213349019E-01 -4.3073016157E-01 -2.5033853016E-02
</CP of DelSqRho>
<CP of DelSqRho>
CP# = 12      
Type = (3,+1)
Coords =  4.89359827617965E-03 -2.91187539314400E+00  3.45764816931523E-02
DistFromNuc =  6.8043156459E-01
Rho =  8.0855388405E-01
DelSqRho = -3.0919157321E+00
GradDelSqRho = -1.0581813203E-16  9.7699626167E-15 -1.2212453271E-15
HessDelSqRho_EigVals = -5.4669758845E+00  1.6763273024E+01  2.1325341742E+02
HessDelSqRho_EigVec1 =  2.0787421572E-04 -7.6484527151E-02  9.9707074668E-01
HessDelSqRho_EigVec2 =  9.9999857579E-01  1.6858662889E-03 -7.9163122558E-05
HessDelSqRho_EigVec3 = -1.6748732054E-03  9.9706934311E-01  7.6484768669E-02
</CP of DelSqRho>
<CP of DelSqRho>
CP# = 13      
Type = (3,-1)
Coords =  7.25087339657176E-03 -4.31026744676474E+00 -6.19494957008720E-02
DistFromNuc =  7.2129692859E-01
Rho =  6.7146240357E-01
DelSqRho = -1.0276256358E+00
GradDelSqRho =  4.0657581468E-16 -3.9079850467E-14  1.0269562978E-15
HessDelSqRho_EigVals = -2.0061312124E+01 -6.1363133666E+00  1.3797219898E+02
HessDelSqRho_EigVec1 =  9.9999856201E-01  1.6940851037E-03 -7.7835873126E-05
HessDelSqRho_EigVec2 =  1.8251219765E-04 -6.1877183435E-02  9.9808375443E-01
HessDelSqRho_EigVec3 = -1.6860225560E-03  9.9808233340E-01  6.1877403647E-02
</CP of DelSqRho>
<CP of DelSqRho>
CP# = 14      
Type = (3,+3)
Coords =  5.84899834335170E-03 -3.44914966061690E+00  6.10282548982664E-01
DistFromNuc =  6.4056804939E-01
Rho =  9.3654981266E-01
DelSqRho = -4.1362629803E+00
GradDelSqRho =  6.9388939039E-18 -1.3322676296E-14 -6.3948846218E-14
HessDelSqRho_EigVals =  1.0437300044E+01  1.8924325086E+01  3.2155541861E+02
HessDelSqRho_EigVec1 = -1.6792199513E-03  9.8012196041E-01 -1.9838881761E-01
HessDelSqRho_EigVec2 =  9.9999855840E-01  1.6957990948E-03 -8.6333481254E-05
HessDelSqRho_EigVec3 = -2.5181023643E-04  1.9838867658E-01  9.8012339509E-01
</CP of DelSqRho>
<CP of DelSqRho>
CP# = 15      
Type = (3,+3)
Coords =  5.52254753035251E-03 -3.31298602269111E+00 -5.99597568640020E-01
DistFromNuc =  6.4760120961E-01
Rho =  9.1062694251E-01
DelSqRho = -3.8793852306E+00
GradDelSqRho =  1.4051260155E-16 -2.1316282073E-14  1.2434497876E-14
HessDelSqRho_EigVals =  8.1614154090E+00  1.7816068444E+01  2.9088713452E+02
HessDelSqRho_EigVec1 = -1.5182352558E-03  9.1591908824E-01  4.0136008615E-01
HessDelSqRho_EigVec2 =  9.9999856914E-01  1.6900435009E-03 -7.4023352304E-05
HessDelSqRho_EigVec3 =  7.4611540647E-04 -4.0135939948E-01  9.1592034357E-01
</CP of DelSqRho>
<CP of DelSqRho>
CP# = 16      
Type = (3,+1)
Coords =  4.78022409186649E-01 -3.88846709481169E+00  3.79197426815063E-01
DistFromNuc =  6.8302538280E-01
Rho =  8.0023499204E-01
DelSqRho = -2.7117342868E+00
GradDelSqRho = -6.7945649107E-13  9.6900265589E-13  7.1547212599E-12
HessDelSqRho_EigVals = -1.2473249224E+01  1.4073135649E+01  2.0232355565E+02
HessDelSqRho_EigVec1 = -5.1118530516E-01  4.0018187985E-01  7.6062082987E-01
HessDelSqRho_EigVec2 =  5.6580425109E-01  8.2285571477E-01 -5.2668986247E-02
HessDelSqRho_EigVec3 =  6.4695837056E-01 -4.0343888720E-01  6.4705635849E-01
</CP of DelSqRho>
<CP of DelSqRho>
CP# = 17      
Type = (3,+1)
Coords = -4.64874340072313E-01 -3.89006590150758E+00  3.79275664223458E-01
DistFromNuc =  6.8302556339E-01
Rho =  8.0023353497E-01
DelSqRho = -2.7117100919E+00
GradDelSqRho =  6.4446226133E-12  4.6220804961E-12 -1.6453505225E-12
HessDelSqRho_EigVals = -1.2473436642E+01  1.4072971088E+01  2.0232268899E+02
HessDelSqRho_EigVec1 = -5.0995330693E-01 -4.0190979432E-01 -7.6053674597E-01
HessDelSqRho_EigVec2 = -5.6859912124E-01  8.2093321314E-01 -5.2570893991E-02
HessDelSqRho_EigVec3 =  6.4547863177E-01  4.0563182419E-01 -6.4716316268E-01
</CP of DelSqRho>
<CP of DelSqRho>
CP# = 18      
Type = (3,+1)
Coords =  4.48517657477365E-01 -3.79805784681351E+00 -4.89545624014654E-01
DistFromNuc =  6.8156949031E-01
Rho =  8.0332143476E-01
DelSqRho = -2.7031300038E+00
GradDelSqRho =  1.1546319456E-14 -1.0658141036E-14 -6.2172489379E-15
HessDelSqRho_EigVals = -1.1736078409E+01  1.3536112313E+01  2.0283434753E+02
HessDelSqRho_EigVec1 = -5.5003211934E-01  5.4850977308E-01 -6.2976320671E-01
HessDelSqRho_EigVec2 =  5.7892043527E-01  7.9391899185E-01  1.8585952764E-01
HessDelSqRho_EigVec3 = -6.0192673750E-01  2.6235407985E-01  7.5422446226E-01
</CP of DelSqRho>
<CP of DelSqRho>
CP# = 19      
Type = (3,+1)
Coords = -4.35813467507264E-01 -3.79955708798297E+00 -4.89478563429949E-01
DistFromNuc =  6.8156940257E-01
Rho =  8.0332095428E-01
DelSqRho = -2.7031178712E+00
GradDelSqRho =  8.8817841970E-16  1.7763568394E-15  3.5527136788E-15
HessDelSqRho_EigVals = -1.1736130760E+01  1.3536067910E+01  2.0283401924E+02
HessDelSqRho_EigVec1 =  5.4807658808E-01  5.5036702933E-01 -6.2984774876E-01
HessDelSqRho_EigVec2 =  5.8157874101E-01 -7.9195415228E-01 -1.8594297164E-01
HessDelSqRho_EigVec3 =  6.0114742086E-01  2.6439507128E-01  7.5413329371E-01
</CP of DelSqRho>
<CP of DelSqRho>
CP# = 20      
Type = (3,+3)
Coords =  5.99896840451430E-01 -3.98495586818723E+00 -6.96767510421122E-02
DistFromNuc =  7.1504251575E-01
Rho =  7.7421791359E-01
DelSqRho = -3.2857774907E+00
GradDelSqRho = -6.0329519158E-13  3.6859404418E-13  1.2856382625E-13
HessDelSqRho_EigVals =  1.1953484460E+01  2.4341439638E+01  1.5076899323E+02
HessDelSqRho_EigVec1 =  3.2370536765E-02 -9.5861794513E-02  9.9486816448E-01
HessDelSqRho_EigVec2 =  5.3958071752E-01  8.3954797788E-01  6.3339104149E-02
HessDelSqRho_EigVec3 =  8.4131135594E-01 -5.3476135723E-01 -7.8901794550E-02
</CP of DelSqRho>
<CP of DelSqRho>
CP# = 21      
Type = (3,+3)
Coords = -5.86495591814632E-01 -3.98696642777949E+00 -6.95840462020494E-02
DistFromNuc =  7.1504275783E-01
Rho =  7.7421746046E-01
DelSqRho = -3.2857772600E+00
GradDelSqRho =  2.0605739337E-13  1.3722356584E-13 -1.2656542481E-14
HessDelSqRho_EigVals =  1.1953682393E+01  2.4341530185E+01  1.5076834921E+02
HessDelSqRho_EigVec1 = -3.1889813703E-02 -9.5973124878E-02  9.9487295625E-01
HessDelSqRho_EigVec2 = -5.4241565918E-01  8.3771263107E-01  6.3425550203E-02
HessDelSqRho_EigVec3 =  8.3950479001E-01  5.3761204139E-01  7.8771825536E-02
</CP of DelSqRho>
<CP of DelSqRho>
CP# = 22      
Type = (3,+1)
Coords =  3.92153098543614E-03 -2.34832996690409E+00 -4.24003745880714E-02
DistFromNuc =  1.2425201563E+00
Rho =  2.4220349038E-01
DelSqRho =  3.8450651033E-01
GradDelSqRho = -1.9367537088E-14  6.1148308639E-12 -1.1145182000E-12
HessDelSqRho_EigVals = -9.8430823003E+00  3.5950348294E-01  1.1316094526E+00
HessDelSqRho_EigVec1 = -1.7033567664E-03  9.9980997213E-01 -1.9419531701E-02
HessDelSqRho_EigVec2 =  3.1905764183E-05  1.9419614200E-02  9.9981142100E-01
HessDelSqRho_EigVec3 =  9.9999854878E-01  1.7024159541E-03 -6.4978232446E-05
</CP of DelSqRho>
<CP of DelSqRho>
CP# = 23      
Type = (3,-3)
Coords =  7.98231759609033E-03 -4.73206324855250E+00  1.69980370204615E-01
DistFromNuc =  1.1563388298E+00
Rho =  2.4737259365E-01
DelSqRho =  8.7484704187E-01
GradDelSqRho =  8.5326710975E-17  2.2204460493E-16 -6.9388939039E-16
HessDelSqRho_EigVals = -1.7482738243E+01 -3.1330951626E+00 -1.1418196005E-01
HessDelSqRho_EigVec1 = -1.6846913439E-03  9.8709898718E-01 -1.6010231517E-01
HessDelSqRho_EigVec2 =  9.9999856206E-01  1.6940398795E-03 -7.8099258632E-05
HessDelSqRho_EigVec3 = -1.9412800760E-04  1.6010221652E-01  9.8710042173E-01
</CP of DelSqRho>
<CP of DelSqRho>
CP# = 24      
Type = (3,-1)
Coords =  7.37811516107853E-01 -3.75739749022287E+00  9.03931730218256E-01
DistFromNuc =  1.1861003468E+00
Rho =  2.4162865686E-01
DelSqRho =  7.3662785411E-01
GradDelSqRho = -7.8409501114E-14  5.1340875995E-14 -1.6223133947E-13
HessDelSqRho_EigVals = -1.7646887710E+01 -1.1530372083E+00  2.7378653989E-01
HessDelSqRho_EigVec1 =  6.0869000380E-01 -1.1796778837E-01  7.8458911551E-01
HessDelSqRho_EigVec2 =  5.4535856911E-01 -6.5603346926E-01 -5.2173184521E-01
HessDelSqRho_EigVec3 =  5.7626427130E-01  7.4545535622E-01 -3.3498627063E-01
</CP of DelSqRho>
<CP of DelSqRho>
CP# = 25      
Type = (3,-1)
Coords = -7.25042049312927E-01 -3.75985710158795E+00  9.04037967590840E-01
DistFromNuc =  1.1860997954E+00
Rho =  2.4162854438E-01
DelSqRho =  7.3662898792E-01
GradDelSqRho = -5.8286708793E-16 -1.4571677198E-16 -2.7755575616E-17
HessDelSqRho_EigVals = -1.7646832390E+01 -1.1530800529E+00  2.7376960506E-01
HessDelSqRho_EigVec1 = -6.0817660339E-01 -1.2001205855E-01  7.8467721063E-01
HessDelSqRho_EigVec2 =  5.4321110254E-01  6.5788243765E-01  5.2164393632E-01
HessDelSqRho_EigVec3 = -5.7882891873E-01  7.4349701010E-01 -3.3491682372E-01
</CP of DelSqRho>
<CP of DelSqRho>
CP# = 26      
Type = (3,-1)
Coords =  7.26149389911837E-01 -3.57019504933724E+00 -9.58283952585468E-01
DistFromNuc =  1.1873205960E+00
Rho =  2.4242472784E-01
DelSqRho =  7.2863491603E-01
GradDelSqRho =  1.2490009027E-15  1.8388068845E-16 -1.5543122345E-15
HessDelSqRho_EigVals = -1.7343494769E+01 -1.3330789831E+00  3.1206674056E-01
HessDelSqRho_EigVec1 = -5.9590959617E-01 -4.3289198986E-02  8.0188390584E-01
HessDelSqRho_EigVec2 =  5.4969420008E-01 -7.4993498218E-01  3.6801332707E-01
HessDelSqRho_EigVec3 =  5.8542979049E-01  6.6009360530E-01  4.7068927399E-01
</CP of DelSqRho>
<CP of DelSqRho>
CP# = 27      
Type = (3,-1)
Coords = -7.14299580885147E-01 -3.57262583344263E+00 -9.58164482246251E-01
DistFromNuc =  1.1873199969E+00
Rho =  2.4242467509E-01
DelSqRho =  7.2863618949E-01
GradDelSqRho =  2.3314683517E-15 -9.0205620751E-17  2.7478019859E-15
HessDelSqRho_EigVals = -1.7343503158E+01 -1.3330870561E+00  3.1204913950E-01
HessDelSqRho_EigVec1 =  5.9618549093E-01 -4.1278433185E-02  8.0178485354E-01
HessDelSqRho_EigVec2 =  5.4709306689E-01  7.5179277573E-01 -3.6809889774E-01
HessDelSqRho_EigVec3 = -5.8758151482E-01  6.5810615657E-01  4.7079108968E-01
</CP of DelSqRho>
<CP of DelSqRho>
CP# = 28      
Type = (3,-3)
Coords =  1.06159282675151E+00 -3.14915395270307E+00  2.10224341221933E-02
DistFromNuc =  1.1446747969E+00
Rho =  2.4492679480E-01
DelSqRho =  8.4336930066E-01
GradDelSqRho = -3.8163916471E-15 -2.1094237468E-15 -7.5980888248E-16
HessDelSqRho_EigVals = -1.7759576409E+01 -1.8565268578E+00 -4.9061500742E-01
HessDelSqRho_EigVec1 =  9.0335643159E-01  4.2742714107E-01  3.5400516709E-02
HessDelSqRho_EigVec2 = -4.2883060826E-01  8.9876738161E-01  9.1222273455E-02
HessDelSqRho_EigVec3 =  7.1740458352E-03 -9.7587052542E-02  9.9520113557E-01
</CP of DelSqRho>
<CP of DelSqRho>
CP# = 29      
Type = (3,-3)
Coords = -1.05100775703625E+00 -3.15273362234384E+00  2.11838855177295E-02
DistFromNuc =  1.1446753177E+00
Rho =  2.4492671053E-01
DelSqRho =  8.4335766057E-01
GradDelSqRho =  2.9837243787E-15 -6.8001160258E-16 -1.5161483180E-15
HessDelSqRho_EigVals = -1.7759361245E+01 -1.8565323399E+00 -4.9056761645E-01
HessDelSqRho_EigVec1 =  9.0479335619E-01 -4.2436532947E-01 -3.5539411001E-02
HessDelSqRho_EigVec2 =  4.2579832821E-01  9.0021452539E-01  9.1156963387E-02
HessDelSqRho_EigVec3 = -6.6907607936E-03 -9.7610836633E-02  9.9520216956E-01
</CP of DelSqRho>
<CP of DelSqRho>
CP# = 30      
Type = (3,-1)
Coords =  1.98092745837402E+00 -3.97724115030119E+00 -1.44623915514748E-01
DistFromNuc =  2.0166005324E+00
Rho =  7.2492955393E-02
DelSqRho =  1.9223587199E-01
GradDelSqRho =  9.9920072216E-16  3.7990444124E-16 -3.2959746044E-17
HessDelSqRho_EigVals = -2.2817315594E+00 -2.3124649639E-02  4.4944510020E-01
HessDelSqRho_EigVec1 =  9.3019648703E-01  3.6556560667E-01 -3.3110160663E-02
HessDelSqRho_EigVec2 =  5.8264174494E-02 -5.7989674753E-02  9.9661551442E-01
HessDelSqRho_EigVec3 = -3.6240830770E-01  9.2897738661E-01  7.5241170035E-02
</CP of DelSqRho>
<CP of DelSqRho>
CP# = 31      
Type = (3,-1)
Coords = -1.96755932275163E+00 -3.98392011637793E+00 -1.44315645045268E-01
DistFromNuc =  2.0166015371E+00
Rho =  7.2492844029E-02
DelSqRho =  1.9223242766E-01
GradDelSqRho =  7.8489298394E-14 -2.0320550798E-14 -4.6533957243E-16
HessDelSqRho_EigVals = -2.2816342901E+00 -2.3114231929E-02  4.4946641515E-01
HessDelSqRho_EigVec1 =  9.3143800689E-01 -3.6240350132E-01  3.2968796644E-02
HessDelSqRho_EigVec2 = -5.7912367717E-02 -5.8178946130E-02  9.9662498860E-01
HessDelSqRho_EigVec3 =  3.5926229553E-01  9.3020369407E-01  7.5177726457E-02
</CP of DelSqRho>
<CP of DelSqRho>
CP# = 32      
Type = (3,+1)
Coords =  1.53989017727090E+00 -4.64003594809950E+00  7.25364606857004E-01
DistFromNuc =  2.0003864030E+00
Rho =  7.1095480372E-02
DelSqRho =  1.8412260152E-01
GradDelSqRho = -5.5511151231E-17 -6.2450045135E-17 -1.0121027280E-16
HessDelSqRho_EigVals = -1.7603697194E+00  2.5482978856E-02  5.8971389741E-01
HessDelSqRho_EigVec1 =  5.4309077203E-01 -3.4818110771E-01  7.6408267195E-01
HessDelSqRho_EigVec2 =  5.8961149133E-01  8.0602503202E-01 -5.1787421679E-02
HessDelSqRho_EigVec3 =  5.9783835828E-01 -4.7863719453E-01 -6.4303633909E-01
</CP of DelSqRho>
<CP of DelSqRho>
CP# = 33      
Type = (3,+1)
Coords = -1.52419301975564E+00 -4.64514991753301E+00  7.25604640505893E-01
DistFromNuc =  2.0003867641E+00
Rho =  7.1095719959E-02
DelSqRho =  1.8412339687E-01
GradDelSqRho =  3.1610131179E-14 -3.0291958178E-14  6.2715240987E-14
HessDelSqRho_EigVals = -1.7603788569E+00  2.5476537373E-02  5.8970958991E-01
HessDelSqRho_EigVec1 = -5.4183653559E-01 -3.4994905612E-01  7.6416544466E-01
HessDelSqRho_EigVec2 = -5.9234266104E-01  8.0401894478E-01 -5.1804520583E-02
HessDelSqRho_EigVec3 =  5.9627455137E-01  4.8071737492E-01  6.4293659472E-01
</CP of DelSqRho>
<CP of DelSqRho>
CP# = 34      
Type = (3,+1)
Coords =  1.44406095522305E+00 -4.54961891443501E+00 -1.02151734164987E+00
DistFromNuc =  2.0004675059E+00
Rho =  7.1234868968E-02
DelSqRho =  1.8396527490E-01
GradDelSqRho = -1.2832720997E-12  2.4899873829E-13  7.4794857807E-13
HessDelSqRho_EigVals = -1.7496712948E+00  2.5368676860E-02  5.9082189525E-01
HessDelSqRho_EigVec1 = -4.5483579051E-01  2.6704470227E-01  8.4959492151E-01
HessDelSqRho_EigVec2 =  5.8740050397E-01  8.0700858607E-01  6.0809455966E-02
HessDelSqRho_EigVec3 =  6.6939155328E-01 -5.2671080204E-01  5.2391858089E-01
</CP of DelSqRho>
<CP of DelSqRho>
CP# = 35      
Type = (3,+1)
Coords = -1.42893392987624E+00 -4.55443118588414E+00 -1.02128516733682E+00
DistFromNuc =  2.0004683251E+00
Rho =  7.1235059746E-02
DelSqRho =  1.8396540574E-01
GradDelSqRho =  5.0315654421E-15  4.3741052447E-15  6.3924560090E-15
HessDelSqRho_EigVals = -1.7496647961E+00  2.5364248037E-02  5.9081959263E-01
HessDelSqRho_EigVec1 =  4.5410137534E-01  2.6853714089E-01  8.4951735996E-01
HessDelSqRho_EigVec2 = -5.9012792303E-01  8.0500330672E-01  6.0981231844E-02
HessDelSqRho_EigVec3 =  6.6748855824E-01  5.2901557646E-01 -5.2402437394E-01
</CP of DelSqRho>
<CP of DelSqRho>
CP# = 36      
Type = (3,-1)
Coords =  3.74386748160860E-01 -2.01652319566272E+00  6.80842923133199E-03
DistFromNuc =  1.6166783728E+00
Rho =  1.1589003086E-01
DelSqRho =  2.7340499331E-01
GradDelSqRho = -2.8360994109E-13 -3.4319769249E-14  5.4990734188E-15
HessDelSqRho_EigVals = -2.8620887420E-01 -1.6510938507E-01  3.9989992236E+00
HessDelSqRho_EigVec1 =  9.8791859474E-02 -2.0151198813E-03  9.9510607866E-01
HessDelSqRho_EigVec2 =  9.9446279012E-01  3.6207934854E-02 -9.8654673094E-02
HessDelSqRho_EigVec3 = -3.5831935076E-02  9.9934224605E-01  5.5810109515E-03
</CP of DelSqRho>
<CP of DelSqRho>
CP# = 37      
Type = (3,-1)
Coords = -3.67544654029007E-01 -2.01777934366052E+00  6.85203571065543E-03
DistFromNuc =  1.6166560235E+00
Rho =  1.1589682259E-01
DelSqRho =  2.7339729440E-01
GradDelSqRho =  1.0967962649E-13 -1.2601031329E-14  2.0834028946E-15
HessDelSqRho_EigVals = -2.8617337246E-01 -1.6498589587E-01  3.9992517331E+00
HessDelSqRho_EigVec1 = -9.8620595650E-02 -2.3486565714E-03  9.9512233516E-01
HessDelSqRho_EigVec2 =  9.9459569334E-01 -3.2847431550E-02  9.8490877865E-02
HessDelSqRho_EigVec3 =  3.2455891540E-02  9.9945761794E-01  5.5753969761E-03
</CP of DelSqRho>
<CP of DelSqRho>
CP# = 38      
Type = (3,-1)
Coords =  9.93552020757130E-01 -5.32880770386380E+00 -1.36030461293055E-01
DistFromNuc =  2.0028867838E+00
Rho =  7.2760821052E-02
DelSqRho =  1.9440856057E-01
GradDelSqRho = -3.2380391771E-13  6.1055049905E-12  6.0830116985E-13
HessDelSqRho_EigVals = -2.3194810893E+00 -2.5741969680E-02  5.0172763031E-01
HessDelSqRho_EigVec1 =  7.7892602429E-02  9.9664734023E-01  2.5036407492E-02
HessDelSqRho_EigVec2 =  5.9958368998E-02 -2.9750317983E-02  9.9775744175E-01
HessDelSqRho_EigVec3 =  9.9515714160E-01 -7.6216781572E-02 -6.2074678678E-02
</CP of DelSqRho>
<CP of DelSqRho>
CP# = 39      
Type = (3,-1)
Coords = -9.75611011293308E-01 -5.33214143999531E+00 -1.35847668417372E-01
DistFromNuc =  2.0028856489E+00
Rho =  7.2761156445E-02
DelSqRho =  1.9440904397E-01
GradDelSqRho =  3.9799196924E-13  7.9333900560E-12  8.1107516536E-13
HessDelSqRho_EigVals = -2.3194878152E+00 -2.5739809276E-02  5.0172934078E-01
HessDelSqRho_EigVec1 = -8.1261621837E-02  9.9637863549E-01  2.5023260230E-02
HessDelSqRho_EigVec2 = -5.9712730903E-02 -2.9928113638E-02  9.9776685542E-01
HessDelSqRho_EigVec3 =  9.9490247692E-01  7.9585945683E-02  6.1928496391E-02
</CP of DelSqRho>
<Path of -GradDelSqRho>
Starting CP# =      2
Ending CP# =      0
Number of Points =    400
  3.2803212475E-03 -2.0253714228E+00  1.8811296714E-02  1.3222439134E-01  2.7000131841E-01
  3.2812954506E-03 -2.0254690682E+00  4.2455449372E-02  1.3197348781E-01  2.6993183018E-01
  3.2822117618E-03 -2.0255367718E+00  6.7455355528E-02  1.3158100565E-01  2.6970695883E-01
  3.2830139685E-03 -2.0255692621E+00  9.2455332436E-02  1.3105951119E-01  2.6932642877E-01
  3.2837060874E-03 -2.0255683283E+00  1.1745533066E-01  1.3041130272E-01  2.6879067261E-01
  3.2842929605E-03 -2.0255361526E+00  1.4245530845E-01  1.2963919335E-01  2.6810062268E-01
  3.2847801123E-03 -2.0254752394E+00  1.6745523299E-01  1.2874647100E-01  2.6725772882E-01
  3.2851735824E-03 -2.0253883368E+00  1.9245508094E-01  1.2773685352E-01  2.6626397262E-01
  3.2854797436E-03 -2.0252783503E+00  2.1745483822E-01  1.2661444028E-01  2.6512187608E-01
  3.2857051105E-03 -2.0251482542E+00  2.4245449914E-01  1.2538366175E-01  2.6383450312E-01
  3.2858561458E-03 -2.0250009991E+00  2.6745406505E-01  1.2404922844E-01  2.6240545221E-01
  3.2859390648E-03 -2.0248394206E+00  2.9245354261E-01  1.2261608021E-01  2.6083883913E-01
  3.2859596431E-03 -2.0246661478E+00  3.1745294195E-01  1.2108933719E-01  2.5913926887E-01
  3.2859230296E-03 -2.0244835142E+00  3.4245227472E-01  1.1947425302E-01  2.5731179645E-01
  3.2858335653E-03 -2.0242934705E+00  3.6745155231E-01  1.1777617091E-01  2.5536187668E-01
  3.2856946091E-03 -2.0240975002E+00  3.9245078416E-01  1.1600048326E-01  2.5329530354E-01
  3.2855083727E-03 -2.0238965377E+00  4.1744997639E-01  1.1415259491E-01  2.5111814003E-01
  3.2852757616E-03 -2.0236908889E+00  4.4244913051E-01  1.1223789024E-01  2.4883664019E-01
  3.2849962266E-03 -2.0234801548E+00  4.6744824227E-01  1.1026170441E-01  2.4645716468E-01
  3.2846676228E-03 -2.0232631576E+00  4.9244730041E-01  1.0822929846E-01  2.4398609216E-01
  3.2842860794E-03 -2.0230378695E+00  5.1744628514E-01  1.0614583862E-01  2.4142972852E-01
  3.2838458810E-03 -2.0228013458E+00  5.4244516596E-01  1.0401637951E-01  2.3879421620E-01
  3.2833393635E-03 -2.0225496627E+00  5.6744389852E-01  1.0184585144E-01  2.3608544584E-01
  3.2827568278E-03 -2.0222778621E+00  5.9244242009E-01  9.9639051666E-02  2.3330897248E-01
  3.2820864762E-03 -2.0219799048E+00  6.1744064299E-01  9.7400639629E-02  2.3046993834E-01
  3.2813143777E-03 -2.0216486374E+00  6.4243844581E-01  9.5135136179E-02  2.2757300413E-01
  3.2804244704E-03 -2.0212757745E+00  6.6743566157E-01  9.2846926698E-02  2.2462229042E-01
  3.2793986075E-03 -2.0208519036E+00  6.9243206273E-01  9.0540268024E-02  2.2162133083E-01
  3.2782166590E-03 -2.0203665159E+00  7.1742734274E-01  8.8219298949E-02  2.1857303799E-01
  3.2768566773E-03 -2.0198080707E+00  7.4242109428E-01  8.5888053934E-02  2.1547968365E-01
  3.2752951363E-03 -2.0191640992E+00  7.6741278477E-01  8.3550479450E-02  2.1234289354E-01
  3.2735072533E-03 -2.0184213520E+00  7.9240173023E-01  8.1210452110E-02  2.0916365801E-01
  3.2714673983E-03 -2.0175659969E+00  8.1738706937E-01  7.8871797480E-02  2.0594235881E-01
  3.2691495909E-03 -2.0165838667E+00  8.4236774033E-01  7.6538308123E-02  2.0267881271E-01
  3.2665280817E-03 -2.0154607576E+00  8.6734246344E-01  7.4213759192E-02  1.9937233203E-01
  3.2635780046E-03 -2.0141827723E+00  8.9230973335E-01  7.1901919711E-02  1.9602180237E-01
  3.2602760786E-03 -2.0127366976E+00  9.1726782463E-01  6.9606557650E-02  1.9262577692E-01
  3.2566013311E-03 -2.0111104021E+00  9.4221481374E-01  6.7331437111E-02  1.8918258668E-01
  3.2525358056E-03 -2.0092932333E+00  9.6714861975E-01  6.5080306411E-02  1.8569046463E-01
  3.2480652110E-03 -2.0072763927E+00  9.9206706417E-01  6.2856876511E-02  1.8214768163E-01
  3.2431794731E-03 -2.0050532632E+00  1.0169679480E+00  6.0664790189E-02  1.7855268996E-01
  3.2378731470E-03 -2.0026196672E+00  1.0418491421E+00  5.8507583311E-02  1.7490427005E-01
  3.2321456623E-03 -1.9999740363E+00  1.0667086841E+00  5.6388640504E-02  1.7120167462E-01
  3.2260013841E-03 -1.9971174820E+00  1.0915448747E+00  5.4311148230E-02  1.6744476398E-01
  3.2194494875E-03 -1.9940537621E+00  1.1163563649E+00  5.2278048647E-02  1.6363412585E-01
  3.2125036585E-03 -1.9907891492E+00  1.1411422273E+00  5.0291997564E-02  1.5977117385E-01
  3.2051816485E-03 -1.9873322138E+00  1.1659020045E+00  4.8355329386E-02  1.5585821925E-01
  3.1975047164E-03 -1.9836935390E+00  1.1906357337E+00  4.6470031156E-02  1.5189851240E-01
  3.1894970003E-03 -1.9798853905E+00  1.2153439445E+00  4.4637726897E-02  1.4789625176E-01
  3.1811848566E-03 -1.9759213622E+00  1.2400276340E+00  4.2859672495E-02  1.4385656055E-01
  3.1725962050E-03 -1.9718160183E+00  1.2646882209E+00  4.1136760537E-02  1.3978543280E-01
  3.1637599059E-03 -1.9675845496E+00  1.2893274862E+00  3.9469533873E-02  1.3568965209E-01
  3.1547051954E-03 -1.9632424562E+00  1.3139475032E+00  3.7858206285E-02  1.3157668770E-01
  3.1454611877E-03 -1.9588052650E+00  1.3385505638E+00  3.6302688453E-02  1.2745457355E-01
  3.1360564541E-03 -1.9542882879E+00  1.3631391055E+00  3.4802617452E-02  1.2333177552E-01
  3.1265186787E-03 -1.9497064205E+00  1.3877156413E+00  3.3357388142E-02  1.1921705299E-01
  3.1168743870E-03 -1.9450739811E+00  1.4122826975E+00  3.1966185084E-02  1.1511931961E-01
  3.1071487406E-03 -1.9404045865E+00  1.4368427581E+00  3.0628013858E-02  1.1104750820E-01
  3.0973653925E-03 -1.9357110619E+00  1.4613982199E+00  2.9341730966E-02  1.0701044328E-01
  3.0875463913E-03 -1.9310053783E+00  1.4859513550E+00  2.8106071730E-02  1.0301672446E-01
  3.0777121293E-03 -1.9262986156E+00  1.5105042833E+00  2.6919675826E-02  9.9074622706E-02
  3.0678813244E-03 -1.9216009451E+00  1.5350589524E+00  2.5781110276E-02  9.5191990778E-02
  3.0580710309E-03 -1.9169216294E+00  1.5596171255E+00  2.4688889842E-02  9.1376188584E-02
  3.0482966713E-03 -1.9122690347E+00  1.5841803742E+00  2.3641494874E-02  8.7634023381E-02
  3.0385720860E-03 -1.9076506542E+00  1.6087500780E+00  2.2637386741E-02  8.3971704429E-02
  3.0289095961E-03 -1.9030731391E+00  1.6333274272E+00  2.1675021008E-02  8.0394811265E-02
  3.0193200747E-03 -1.8985423357E+00  1.6579134297E+00  2.0752858556E-02  7.6908274502E-02
  3.0098130266E-03 -1.8940633276E+00  1.6825089200E+00  1.9869374846E-02  7.3516367930E-02
  3.0003966713E-03 -1.8896404800E+00  1.7071145706E+00  1.9023067536E-02  7.0222710542E-02
  2.9910780299E-03 -1.8852774872E+00  1.7317309043E+00  1.8212462651E-02  6.7030277138E-02
  2.9818630130E-03 -1.8809774210E+00  1.7563583076E+00  1.7436119487E-02  6.3941416149E-02
  2.9727565093E-03 -1.8767427791E+00  1.7809970443E+00  1.6692634440E-02  6.0957873406E-02
  2.9637624740E-03 -1.8725755348E+00  1.8056472693E+00  1.5980643888E-02  5.8080820649E-02
  2.9548840149E-03 -1.8684771850E+00  1.8303090421E+00  1.5298826300E-02  5.5310887695E-02
  2.9461234781E-03 -1.8644487983E+00  1.8549823395E+00  1.4645903671E-02  5.2648197294E-02
  2.9374825302E-03 -1.8604910613E+00  1.8796670678E+00  1.4020642408E-02  5.0092401799E-02
  2.9289622382E-03 -1.8566043237E+00  1.9043630750E+00  1.3421853755E-02  4.7642720921E-02
  2.9205631459E-03 -1.8527886419E+00  1.9290701604E+00  1.2848393834E-02  4.5297979931E-02
  2.9122853473E-03 -1.8490438208E+00  1.9537880855E+00  1.2299163387E-02  4.3056647763E-02
  2.9041285559E-03 -1.8453694526E+00  1.9785165819E+00  1.1773107261E-02  4.0916874595E-02
  2.8960921696E-03 -1.8417649551E+00  2.0032553596E+00  1.1269213690E-02  3.8876528524E-02
  2.8881753324E-03 -1.8382296061E+00  2.0280041140E+00  1.0786513427E-02  3.6933231067E-02
  2.8803769911E-03 -1.8347625764E+00  2.0527625319E+00  1.0324078740E-02  3.5084391244E-02
  2.8726959474E-03 -1.8313629602E+00  2.0775302966E+00  9.8810223188E-03  3.3327238085E-02
  2.8651309067E-03 -1.8280298026E+00  2.1023070929E+00  9.4564961031E-03  3.1658851424E-02
  2.8576805204E-03 -1.8247621254E+00  2.1270926103E+00  9.0496900606E-03  3.0076190895E-02
  2.8503434258E-03 -1.8215589494E+00  2.1518865463E+00  8.6598309230E-03  2.8576123082E-02
  2.8431182798E-03 -1.8184193150E+00  2.1766886089E+00  8.2861808979E-03  2.7155446789E-02
  2.8360037883E-03 -1.8153423001E+00  2.2014985183E+00  7.9280363647E-03  2.5810916424E-02
  2.8289987318E-03 -1.8123270348E+00  2.2263160083E+00  7.5847265656E-03  2.4539263514E-02
  2.8221019855E-03 -1.8093727144E+00  2.2511408272E+00  7.2556122958E-03  2.3337216385E-02
  2.8153125348E-03 -1.8064786094E+00  2.2759727383E+00  6.9400846026E-03  2.2201518038E-02
  2.8086294867E-03 -1.8036440732E+00  2.3008115197E+00  6.6375634954E-03  2.1128942279E-02
  2.8020520762E-03 -1.8008685468E+00  2.3256569643E+00  6.3474966729E-03  2.0116308163E-02
  2.7955796681E-03 -1.7981515613E+00  2.3505088790E+00  6.0693582714E-03  1.9160492817E-02
  2.7892117540E-03 -1.7954927378E+00  2.3753670836E+00  5.8026476359E-03  1.8258442710E-02
  2.7829479449E-03 -1.7928917844E+00  2.4002314098E+00  5.5468881184E-03  1.7407183449E-02
  2.7767879594E-03 -1.7903484906E+00  2.4251017002E+00  5.3016259055E-03  1.6603828171E-02
  2.7707316073E-03 -1.7878627195E+00  2.4499778057E+00  5.0664288767E-03  1.5845584617E-02
  2.7647787687E-03 -1.7854343971E+00  2.4748595850E+00  4.8408854969E-03  1.5129760959E-02
  2.7589293697E-03 -1.7830634992E+00  2.4997469017E+00  4.6246037431E-03  1.4453770466E-02
  2.7531833539E-03 -1.7807500362E+00  2.5246396231E+00  4.4172100672E-03  1.3815135088E-02
  2.7475406514E-03 -1.7784940356E+00  2.5495376180E+00  4.2183483977E-03  1.3211488022E-02
  2.7420011445E-03 -1.7762955230E+00  2.5744407551E+00  4.0276791778E-03  1.2640575362E-02
  2.7365646323E-03 -1.7741545014E+00  2.5993489007E+00  3.8448784450E-03  1.2100256887E-02
  2.7312307942E-03 -1.7720709296E+00  2.6242619179E+00  3.6696369486E-03  1.1588506064E-02
  2.7259991524E-03 -1.7700447003E+00  2.6491796644E+00  3.5016593089E-03  1.1103409354E-02
  2.7208690372E-03 -1.7680756179E+00  2.6741019921E+00  3.3406632164E-03  1.0643164861E-02
  2.7158395525E-03 -1.7661633774E+00  2.6990287457E+00  3.1863786715E-03  1.0206080429E-02
  2.7109095460E-03 -1.7643075446E+00  2.7239597624E+00  3.0385472648E-03  9.7905712078E-03
  2.7060775826E-03 -1.7625075383E+00  2.7488948721E+00  2.8969214979E-03  9.3951567949E-03
  2.7013419234E-03 -1.7607626147E+00  2.7738338972E+00  2.7612641437E-03  9.0184579755E-03
  2.6967005110E-03 -1.7590718555E+00  2.7987766531E+00  2.6313476461E-03  8.6591931424E-03
  2.6921509605E-03 -1.7574341596E+00  2.8237229494E+00  2.5069535582E-03  8.3161744379E-03
  2.6876905586E-03 -1.7558482384E+00  2.8486725910E+00  2.3878720181E-03  7.9883036741E-03
  2.6833162690E-03 -1.7543126153E+00  2.8736253792E+00  2.2739012606E-03  7.6745680794E-03
  2.6790247452E-03 -1.7528256293E+00  2.8985811133E+00  2.1648471649E-03  7.3740359171E-03
  2.6748123499E-03 -1.7513854433E+00  2.9235395922E+00  2.0605228350E-03  7.0858520200E-03
  2.6706751805E-03 -1.7499900549E+00  2.9485006162E+00  1.9607482130E-03  6.8092332798E-03
  2.6666090994E-03 -1.7486373120E+00  2.9734639878E+00  1.8653497224E-03  6.5434641314E-03
  2.6626097693E-03 -1.7473249301E+00  2.9984295143E+00  1.7741599400E-03  6.2878920625E-03
  2.6586726908E-03 -1.7460505126E+00  3.0233970078E+00  1.6870172946E-03  6.0419231833E-03
  2.6547932430E-03 -1.7448115727E+00  3.0483662872E+00  1.6037657911E-03  5.8050178814E-03
  2.6509667248E-03 -1.7436055561E+00  3.0733371788E+00  1.5242547568E-03  5.5766865885E-03
  2.6471883958E-03 -1.7424298646E+00  3.0983095168E+00  1.4483386096E-03  5.3564856801E-03
  2.6434535166E-03 -1.7412818790E+00  3.1232831440E+00  1.3758766451E-03  5.1440135260E-03
  2.6397573880E-03 -1.7401589819E+00  3.1482579121E+00  1.3067328420E-03  4.9389067090E-03
  2.6360953865E-03 -1.7390585795E+00  3.1732336816E+00  1.2407756830E-03  4.7408364222E-03
  2.6324629981E-03 -1.7379781214E+00  3.1982103221E+00  1.1778779903E-03  4.5495050567E-03
  2.6288558477E-03 -1.7369151189E+00  3.2231877117E+00  1.1179167747E-03  4.3646429861E-03
  2.6252697261E-03 -1.7358671621E+00  3.2481657372E+00  1.0607730956E-03  4.1860055516E-03
  2.6217006125E-03 -1.7348319341E+00  3.2731442936E+00  1.0063319322E-03  4.0133702520E-03
  2.6181446933E-03 -1.7338072237E+00  3.2981232837E+00  9.5448206349E-04  3.8465341370E-03
  2.6145983784E-03 -1.7327909357E+00  3.3231026180E+00  9.0511595689E-04  3.6853114037E-03
  2.6110583126E-03 -1.7317810998E+00  3.3480822140E+00  8.5812966404E-04  3.5295311912E-03
  2.6075213849E-03 -1.7307758767E+00  3.3730619961E+00  8.1342272292E-04  3.3790355702E-03
  2.6039847346E-03 -1.7297735637E+00  3.3980418951E+00  7.7089806568E-04  3.2336777205E-03
  2.6004457545E-03 -1.7287725976E+00  3.4230218482E+00  7.3046193124E-04  3.0933202892E-03
  2.5969020918E-03 -1.7277715565E+00  3.4480017982E+00  6.9202378215E-04  2.9578339217E-03
  2.5933516477E-03 -1.7267691607E+00  3.4729816939E+00  6.5549622495E-04  2.8270959574E-03
  2.5897925736E-03 -1.7257642719E+00  3.4979614894E+00  6.2079493364E-04  2.7009892785E-03
  2.5862232676E-03 -1.7247558916E+00  3.5229411443E+00  5.8783857564E-04  2.5794013058E-03
  2.5826423682E-03 -1.7237431593E+00  3.5479206230E+00  5.5654873998E-04  2.4622231276E-03
  2.5790487480E-03 -1.7227253486E+00  3.5728998953E+00  5.2684986710E-04  2.3493487550E-03
  2.5754415062E-03 -1.7217018641E+00  3.5978789358E+00  4.9866918022E-04  2.2406744917E-03
  2.5718199603E-03 -1.7206722374E+00  3.6228577239E+00  4.7193661778E-04  2.1360984085E-03
  2.5681836373E-03 -1.7196361223E+00  3.6478362436E+00  4.4658476685E-04  2.0355199141E-03
  2.5645322652E-03 -1.7185932903E+00  3.6728144838E+00  4.2254879724E-04  1.9388394113E-03
  2.5608657633E-03 -1.7175436255E+00  3.6977924378E+00  3.9976639620E-04  1.8459580303E-03
  2.5571842330E-03 -1.7164871198E+00  3.7227701034E+00  3.7817770359E-04  1.7567774307E-03
  2.5534879487E-03 -1.7154238675E+00  3.7477474827E+00  3.5772524739E-04  1.6711996636E-03
