AIMSum (Version 16.05.18, Professional)
Copyright (c) 1997-2016 by Todd A. Keith
AIMSum is a component of the AIMAll package ( http://aim.tkgristmill.com )

TP:  64-bit Linux

Licensed To:  Research Group of Fernando Cortes Guzman, UNAM, fercor@unam.mx

Much of the Quantum Theory of Atoms in Molecules (QTAIM) is described in the book:
  "Atoms in Molecules - A Quantum Theory"
  R.F.W. Bader, Oxford University Press, Oxford, 1990

For additional references see:  http://aim.tkgristmill.com/references.html

Wfx File:  /home/david/David/max_int/Ni34_beta.wfx
Sum File:  /home/david/David/max_int/Ni34_beta.sum

SumViz File:  /home/david/David/max_int/Ni34_beta.sumviz

Wfx Title:   Ni[H2O]6 (3+)                                                                 
 
Total memory allocated for AIMSum =        1.189 Megabytes

Atomic units (a.u.) used throughout, except where stated otherwise

Model:  Unknown
 
Unrestricted, natural orbital wavefunction.
  Number of electrons (from MO Occs)                   =          41.0000000000
  Number of Alpha electrons (from MO Occs)             =           0.0000000000
  Number of Beta electrons (from MO Occs)              =          41.0000000000
  Number of electron pairs (N*(N-1)/2)                 =         820.0000000000
  Number of electron pairs (from Muller 2EDM)          =         820.0000000000
  Number of electron pairs (from Muller 2EDM, no SOSI) =         820.0000000000
 
Nuclear Charges and Cartesian Coordinates:
-------------------------------------------------------------------------------
Atom      Charge                X                  Y                  Z
-------------------------------------------------------------------------------
Ni1       28.0           0.0000000000E+00   0.0000000000E+00   0.0000000000E+00
O2         8.0          -3.7408145210E+00  -1.5693160195E-01  -5.2998614475E-02
H3         1.0          -4.7558343458E+00  -1.6788308211E+00   1.3520510698E-01
H4         1.0          -4.8752225731E+00   1.2804971887E+00  -2.2272735739E-01
O5         8.0          -2.1558325585E-02  -4.7555117006E-02   3.7414916065E+00
H6         1.0          -1.5065019491E+00  -2.8652029742E-01   4.8002493371E+00
H7         1.0           1.4343085705E+00   2.1756345469E-01   4.8332098966E+00
O8         8.0          -1.1917207999E-01   3.7418065517E+00   1.5765695677E-02
H9         1.0          -3.7478454891E-01   4.8181167227E+00  -1.4532239961E+00
H10        1.0          -1.4311006685E-02   4.8114314272E+00   1.5083473386E+00
O11        8.0           3.7408145210E+00   1.5693160195E-01   5.2998614475E-02
H12        1.0           4.7558343458E+00   1.6788308211E+00  -1.3520510698E-01
H13        1.0           4.8752225731E+00  -1.2804971887E+00   2.2272735739E-01
O14        8.0           2.1558325585E-02   4.7555117006E-02  -3.7414916065E+00
H15        1.0           1.5065019491E+00   2.8652029742E-01  -4.8002493371E+00
H16        1.0          -1.4343085705E+00  -2.1756345469E-01  -4.8332098966E+00
O17        8.0           1.1917207999E-01  -3.7418065517E+00  -1.5765695677E-02
H18        1.0           3.7478454891E-01  -4.8181167227E+00   1.4532239961E+00
H19        1.0           1.4311006685E-02  -4.8114314272E+00  -1.5083473386E+00
 
Some Atomic Properties:
----------------------
  q(A) = Net Charge of Atom A
  L(A) = Lagrangian of Atom A = -(1/4) Times Atomic Integral of the Laplacian of the Electron Density
  K(A) = Electronic Kinetic Energy of Atom A (Hamiltonian Form)
  K_Scaled(A) = K(A) * E(Mol)/K(Mol) = Approximation to Virial-Based Total Energy of Atom A.
  |Mu_Intra(A)| = Magnitude of Intraatomic Dipole Moment of Atom A
--------------------------------------------------------------------------------------------------
Atom A          q(A)              L(A)              K(A)          K_Scaled(A)      |Mu_Intra(A)|
--------------------------------------------------------------------------------------------------
Ni1       1.6308198320E+01 -1.9565388351E-03  7.3908342077E+02 -7.4017441530E+02  3.3138512021E-05
O2        3.4131212917E+00  2.0389511930E-05  3.7615176493E+01 -3.7670701960E+01  8.4156399866E-02
H3        8.5041864836E-01  8.0248026271E-06  1.4533565027E-01 -1.4555018681E-01  5.4659478439E-02
H4        8.5103679303E-01  8.0354713032E-06  1.4486468618E-01 -1.4507852751E-01  5.4472003788E-02
O5        3.4139354626E+00  3.3813774537E-05  3.7612855679E+01 -3.7668377720E+01  8.3552950379E-02
H6        8.5108782765E-01  9.3896853809E-06  1.4481108474E-01 -1.4502484694E-01  5.4436177410E-02
H7        8.5053313741E-01  7.5823273666E-06  1.4526615907E-01 -1.4548059303E-01  5.4610080096E-02
O8        3.4133185923E+00  2.0500420767E-05  3.7614385057E+01 -3.7669909356E+01  8.3952228342E-02
H9        8.5045121179E-01  7.4517724992E-06  1.4532021716E-01 -1.4553473092E-01  5.4642455567E-02
H10       8.5109386936E-01  8.7141237811E-06  1.4480252810E-01 -1.4501627767E-01  5.4444571428E-02
O11       3.4131170145E+00  1.6830819938E-05  3.7615176905E+01 -3.7670702373E+01  8.4152378002E-02
H12       8.5041823523E-01  7.5279771932E-06  1.4533553827E-01 -1.4555007464E-01  5.4660437855E-02
H13       8.5103704037E-01  8.4601682924E-06  1.4486486860E-01 -1.4507871020E-01  5.4471981928E-02
O14       3.4139420378E+00  3.9396521615E-05  3.7612855264E+01 -3.7668377304E+01  8.3556046396E-02
H15       8.5108612276E-01  7.9546391562E-06  1.4481121651E-01 -1.4502497891E-01  5.4436984400E-02
H16       8.5053384425E-01  8.7418927241E-06  1.4526659771E-01 -1.4548103231E-01  5.4609705075E-02
O17       3.4133207426E+00  2.3023197131E-05  3.7614385503E+01 -3.7669909802E+01  8.3954729923E-02
H18       8.5045270975E-01  9.2320456454E-06  1.4532053488E-01 -1.4553504911E-01  5.4641959530E-02
H19       8.5109300848E-01  7.8423713282E-06  1.4480246599E-01 -1.4501621547E-01  5.4444968971E-02
--------------------------------------------------------------------------------------------------
Total     4.6998195910E+01 -1.7036273119E-03  9.6650905722E+02 -9.6793576504E+02
 
Molecular charge q(Mol) from the wfx file:   4.7000000000E+01
Molecular energy E(Mol) from the wfx file:  -1.9656350055E+03
Molecular virial ratio (-V(Mol)/T(Mol)) from the wfx file:   2.0014761453E+00
Full molecular virial ratio ((-V(Mol)+W(Mol))/T(Mol)) from the wfx file:   2.0014761532E+00
Note.  K_Scaled(A) = (1+V(Mol)/T(Mol))*K(A) = (E(Mol)/T(Mol))*K(A)
       Only use K_Scaled(A) data with caution.
 
N_AIMInt(SumA)     =         41.001804
N_Analytic(Mol)    =         41.000000
 
G_AIMInt(SumA)     =        966.510761
G_Analytic(Mol)    =        966.509155
 
K_AIMInt(SumA)     =        966.509057
K_Analytic(Mol)    =        966.509155
 
L_AIMInt(SumA)     =         -0.001704
L_Analytic(Mol)    =          0.000000
 
VenT_AIMInt(SumA)  =      -2967.379112
VenT_Analytic(Mol) =      -2967.335871
 
Some Information About the Atomic Calculations:
----------------------------------------------
  Time(sec) = "Elapsed User Time", in Seconds, for Atom A by AIMInt and, if used, by TWOe
  NProc = Number of Processors Used for AIMInt Job
  BIM = Basin Integration Method
  OAQ = Angular Quadrature Outside of Beta Sphere
  ORQ = Multiple of Default for Radial Quadrature Outside of Beta Sphere
  IAQ = Multiple of Default for Angular Quadrature Inside of Beta Sphere
  IRQ = Multiple of Default for Radial Quadrature Inside of Beta Sphere
  MIR = Maximum Integration Radius
------------------------------------------------------------------------------------------------------
Atom A     Time(sec)   NProc      BIM              OAQ                 ORQ      IAQ      IRQ      MIR
------------------------------------------------------------------------------------------------------
Ni1          1017        8     Proaim(5)    4334      (Very High)      Auto     Auto     Auto    13.00
O2            448        8     Proaim(5)    4334      (Very High)      Auto     Auto     Auto    13.00
H3            118        8     Proaim(5)    2030      (Very High)      Auto     Auto     Auto    13.00
H4            117        8     Proaim(5)    2030      (Very High)      Auto     Auto     Auto    13.00
O5            461        8     Proaim(5)    4334      (Very High)      Auto     Auto     Auto    13.00
H6            118        8     Proaim(5)    2030      (Very High)      Auto     Auto     Auto    13.00
H7            119        8     Proaim(5)    2030      (Very High)      Auto     Auto     Auto    13.00
O8            464        8     Proaim(5)    4334      (Very High)      Auto     Auto     Auto    13.00
H9            119        8     Proaim(5)    2030      (Very High)      Auto     Auto     Auto    13.00
H10           123        8     Proaim(5)    2030      (Very High)      Auto     Auto     Auto    13.00
O11           451        8     Proaim(5)    4334      (Very High)      Auto     Auto     Auto    13.00
H12           121        8     Proaim(5)    2030      (Very High)      Auto     Auto     Auto    13.00
H13           116        8     Proaim(5)    2030      (Very High)      Auto     Auto     Auto    13.00
O14           457        8     Proaim(5)    4334      (Very High)      Auto     Auto     Auto    13.00
H15           120        8     Proaim(5)    2030      (Very High)      Auto     Auto     Auto    13.00
H16           120        8     Proaim(5)    2030      (Very High)      Auto     Auto     Auto    13.00
O17           469        8     Proaim(5)    4334      (Very High)      Auto     Auto     Auto    13.00
H18           120        8     Proaim(5)    2030      (Very High)      Auto     Auto     Auto    13.00
H19           122        8     Proaim(5)    2030      (Very High)      Auto     Auto     Auto    13.00
------------------------------------------------------------------------------------------------------
Total        5200
Note:  Total wall clock time is less than total of atomic times if more than one atom
       was calculated at a time
Note:  Total time does not include times for diatomic interaction energy calculations (2895 seconds)
 
Electron Density Critical Point Analysis of Molecular Structure:               
---------------------------------------------------------------                
  NACP = Nuclear Attractor Critical Point                                      
  NNACP = Non-Nuclear Attractor Critical Point                                 
  BCP = Bond Critical Point                                                    
  RCP = Ring Critical Point                                                    
  CCP = Cage Critical Point                                                    
  Rho = Electron Density                                                       
  GradRho = Gradient of Electron Density                                       
  HessRho_EigVals = Eigenvalues of the Hessian of Rho, Ascending Order         
  HessRho_EigVecs = Eigenvectors of the Hessian of Rho                         
  DelSqRho = Laplacian of Rho = Trace of Hessian of Rho                        
  Bond Ellipticity = (HessRho_EigVal(1) / HessRho_EigVal(2)) - 1               
  V = Virial Field = Potential Energy Density = Trace of Stress Tensor         
  G = Lagrangian Form of Kinetic Energy Density                                
  K = Hamiltonian Form of Kinetic Energy Density                               
  L = K - G = Lagrangian Density = (-1/4)DelSqRho                              
  Vnuc = Electrostatic Potential from Nuclei                                   
  Ven = Electron-nuclear attractive contribution to Virial Field V             
  Vrep = V - Ven = Repulsive contribution to Virial Field V                    
  DelSqV = Laplacian of V                                                      
  DelSqVen = Laplacian of Ven                                                  
  DelSqVrep = Laplacian of Vrep                                                
  DelSqG = Laplacian of G                                                      
  DelSqK = Laplacian of K                                                      
  Stress_EigVals = Eigenvalues of Stress Tensor, Ascending Order               
  Stress_EigVecs = Eigenvectors of Stress Tensor                               
  -DivStress = Ehrenfest Force Density = Minus Divergence of Stress Tensor     
  ESP = Total Electrostatic Potential                                          
  ESPe = Electrostatic Potential from Electrons                                
  ESPn = Electrostatic Potential from Nuclei                                   
  BP = Bond Path                                                               
  BPL = Bond Path Length                                                       
  GBL = Geometric Bond Length                                                  
  GBL_I = Distance Between Nuclear Attractors                                  
  GBL_II = Distance Between Nuclei                                             
  GBL_III = Sum of Distances Between BCP and Nuclear Attractors                
  GBL_IV = Sum of Distances Between BCP and Nuclei                             

CP# 1      Coords =  7.97245702882652E-24 -8.68219764431142E-24 -9.39029524838931E-24
           Type = (3,-3) NACP Ni1
           Rho =  7.2880212020E+03     Rho at Nucleus =  7.2880212020E+03
           GradRho = -1.3716123607E-18 -5.2437726139E-17  7.9115912212E-17
           HessRho_EigVals = -4.2242186661E+08 -4.2242186554E+08 -4.2242183803E+08
           HessRho_EigVec1 =  8.0999579948E-01  4.8419851198E-01  3.3084528986E-01
           HessRho_EigVec2 =  1.0363110321E-01 -6.7346750560E-01  7.3191673935E-01
           HessRho_EigVec3 = -5.7720654819E-01  5.5856362206E-01  5.9568387659E-01
           DelSqRho = -1.2672655702E+09
           Bond Ellipticity = NA
           V = -3.1708677007E+08
           G =  1.3518876120E+05
           K =  3.1695158131E+08
           L =  3.1681639254E+08
           Vnuc =  2.8000000152E+09
           Ven = -2.0406459476E+13
           Vrep =  2.0406142390E+13
           DelSqV =  6.5880079956E+14
           DelSqVen =  6.1219378097E+29
           DelSqVrep = -6.1219378097E+29
           DelSqG =  1.8391637097E+13
           DelSqK = -6.7719243665E+14
           Stress_EigVals = -1.0569559244E+08 -1.0569558902E+08 -1.0569558860E+08
           Stress_EigVec1 = -5.7405479721E-01  5.5264033540E-01  6.0419347024E-01
           Stress_EigVec2 = -1.4508734623E-01  6.5755814133E-01 -7.3930166559E-01
           Stress_EigVec3 =  8.0586025573E-01  5.1206049492E-01  2.9729328579E-01
           -DivStress = -1.6489856759E-09  1.7941724652E-09  1.9422658651E-09
           ESP =  -5.4327255372E+01     ESP at Nucleus =  -5.4327255372E+01
           ESPe = -6.9528953065E+01     ESPe at Nucleus = -6.9528953065E+01
           ESPn =  1.5201697693E+01     ESPn at Nucleus =  1.5201697693E+01

CP# 2      Coords = -3.74081808412753E+00 -1.56931752413359E-01 -5.29985476854880E-02
           Type = (3,-3) NACP O2
           Rho =  1.4761096776E+02     Rho at Nucleus =  1.4761096515E+02
           GradRho =  3.5108208007E-11 -2.3284776884E-12 -9.3725027739E-13
           HessRho_EigVals = -4.1057452879E+05 -4.1057298006E+05 -4.1055838456E+05
           HessRho_EigVec1 = -5.0205776191E-02  9.9215807279E-01 -1.1446282647E-01
           HessRho_EigVec2 =  9.9873328505E-01  4.9490557711E-02 -9.0835029690E-03
           HessRho_EigVec3 =  3.3474416807E-03  1.1477387901E-01  9.9338600319E-01
           DelSqRho = -1.2317058934E+06
           Bond Ellipticity = NA
           V = -3.0799459802E+05
           G =  3.4062334939E+01
           K =  3.0796053569E+05
           L =  3.0792647335E+05
           Vnuc =  2.2428174517E+06
           Ven = -3.3106445455E+08
           Vrep =  3.3075645996E+08
           DelSqV =  1.9590338915E+10
           DelSqVen =  2.7624914616E+12
           DelSqVrep = -2.7429011227E+12
           DelSqG =  8.5666372519E+08
           DelSqK = -2.0447002640E+10
           Stress_EigVals = -1.0266720959E+05 -1.0266379748E+05 -1.0266359096E+05
           Stress_EigVec1 =  3.8156195216E-03  1.1388838104E-01  9.9348622422E-01
           Stress_EigVec2 =  9.9844451374E-01  5.4828281616E-02 -1.0119907414E-02
           Stress_EigVec3 = -5.5623682355E-02  9.9197948376E-01 -1.1350202537E-01
           -DivStress =  2.2725556018E+04  9.5975257723E+02 -4.2574845861E+02
           ESP =  -1.8662617177E+00     ESP at Nucleus =  -1.8662565008E+00
           ESPe = -1.9068122272E+01     ESPe at Nucleus = -1.9068126847E+01
           ESPn =  1.7201860554E+01     ESPn at Nucleus =  1.7201870346E+01

CP# 3      Coords = -4.72527411130839E+00 -1.63352759451607E+00  1.29732988589041E-01
           Type = (3,-3) NACP H3
           Rho =  1.9198091909E-01     Rho at Nucleus =  1.8703257697E-01
           GradRho =  1.9398458534E-13  2.8846131213E-13 -3.4816618447E-14
           HessRho_EigVals = -3.7741003824E+00 -3.7618774313E+00 -2.8903164392E+00
           HessRho_EigVec1 =  8.3129848891E-01 -5.5224960752E-01  6.2953898446E-02
           HessRho_EigVec2 =  3.3430676205E-03  1.1822752819E-01  9.9298090388E-01
           HessRho_EigVec3 =  5.5581619825E-01  8.2525306578E-01 -1.0012857332E-01
           DelSqRho = -1.0426294253E+01
           Bond Ellipticity = NA
           V = -2.6326729393E+00
           G =  1.3049688019E-02
           K =  2.6196232513E+00
           L =  2.6065735632E+00
           Vnuc =  3.6128363326E+01
           Ven = -6.9359563966E+00
           Vrep =  4.3032834574E+00
           DelSqV =  6.2737432979E+02
           DelSqVen =  3.7668494691E+02
           DelSqVrep =  2.5068938288E+02
           DelSqG =  4.8311041842E+01
           DelSqK = -6.7568537163E+02
           Stress_EigVals = -9.5456044160E-01 -9.5181168169E-01 -7.2630081599E-01
           Stress_EigVec1 =  2.7798065190E-03  1.1840474240E-01  9.9296152476E-01
           Stress_EigVec2 =  8.3212859462E-01 -5.5095053931E-01  6.3368014390E-02
           Stress_EigVec3 =  5.5457576100E-01  8.2609552729E-01 -1.0005950779E-01
           -DivStress = -6.6521825427E+00 -9.8588859509E+00  1.1908207859E+00
           ESP =   9.0431296838E+00     ESP at Nucleus =   8.9269612457E+00
           ESPe = -8.8770753860E+00     ESPe at Nucleus = -8.7703881338E+00
           ESPn =  1.7920205070E+01     ESPn at Nucleus =  1.7697349379E+01

CP# 4      Coords = -4.84102722956739E+00  1.23771338424799E+00 -2.17818109264646E-01
           Type = (3,-3) NACP H4
           Rho =  1.9168761547E-01     Rho at Nucleus =  1.8673742193E-01
           GradRho =  3.3007450939E-15 -2.7573429651E-15  3.5561831258E-16
           HessRho_EigVals = -3.7668909273E+00 -3.7547841038E+00 -2.8830514387E+00
           HessRho_EigVec1 =  7.8376634570E-01  6.1689723890E-01 -7.1750344893E-02
           HessRho_EigVec2 =  3.5108489787E-04  1.1508950825E-01  9.9335506332E-01
           HessRho_EigVec3 = -6.2105570772E-01  7.7858345842E-01 -8.9986700008E-02
           DelSqRho = -1.0404726470E+01
           Bond Ellipticity = NA
           V = -2.6272709235E+00
           G =  1.3044653036E-02
           K =  2.6142262705E+00
           L =  2.6011816175E+00
           Vnuc =  3.6092532485E+01
           Ven = -6.9184914882E+00
           Vrep =  4.2912205647E+00
           DelSqV =  6.2589434694E+02
           DelSqVen =  3.7553292811E+02
           DelSqVrep =  2.5036141883E+02
           DelSqG =  4.8188651058E+01
           DelSqK = -6.7408299799E+02
           Stress_EigVals = -9.5278175501E-01 -9.5001974587E-01 -7.2446942266E-01
           Stress_EigVec1 = -1.9343535346E-04  1.1454906319E-01  9.9341757318E-01
           Stress_EigVec2 =  7.8465956083E-01  6.1586366579E-01 -7.0861264153E-02
           Stress_EigVec3 = -6.1992687971E-01  7.7948088962E-01 -9.0001147419E-02
           -DivStress = -7.4279102580E+00  9.2912102941E+00 -1.0667247390E+00
           ESP =   9.0371725610E+00     ESP at Nucleus =   8.9207279702E+00
           ESPe = -8.8701633743E+00     ESPe at Nucleus = -8.7632298203E+00
           ESPn =  1.7907335935E+01     ESPn at Nucleus =  1.7683957790E+01

CP# 5      Coords = -2.15583707902786E-02 -4.75550144760062E-02  3.74149516792938E+00
           Type = (3,-3) NACP O5
           Rho =  1.4761126239E+02     Rho at Nucleus =  1.4761125978E+02
           GradRho =  8.2517326305E-14  6.4342975392E-13  4.0605296903E-11
           HessRho_EigVals = -4.1057545983E+05 -4.1057391143E+05 -4.1055940884E+05
           HessRho_EigVec1 =  9.8658363752E-01  1.6324146288E-01  2.2250774290E-03
           HessRho_EigVec2 = -4.0963108818E-03  1.1127272772E-02  9.9992969955E-01
           HessRho_EigVec3 = -1.6320522789E-01  9.8652339486E-01 -1.1646673028E-02
           DelSqRho = -1.2317087801E+06
           Bond Ellipticity = NA
           V = -3.0799528627E+05
           G =  3.4045623797E+01
           K =  3.0796124065E+05
           L =  3.0792719502E+05
           Vnuc =  2.2451720158E+06
           Ven = -3.3141267552E+08
           Vrep =  3.3110468023E+08
           DelSqV =  1.9590383939E+10
           DelSqVen =  2.7653980897E+12
           DelSqVrep = -2.7458077058E+12
           DelSqG =  8.5666594275E+08
           DelSqK = -2.0447049882E+10
           Stress_EigVals = -1.0266742336E+05 -1.0266403485E+05 -1.0266382807E+05
           Stress_EigVec1 = -1.6230386152E-01  9.8666668866E-01 -1.2095537578E-02
           Stress_EigVec2 =  1.8756961951E-03  1.2566547637E-02  9.9991927856E-01
           Stress_EigVec3 =  9.8673904266E-01  1.6226807256E-01 -3.8902861611E-03
           -DivStress =  2.8820910750E+02 -6.5368260552E+02 -2.2714765202E+04
           ESP =  -1.8614071094E+00     ESP at Nucleus =  -1.8614018942E+00
           ESPe = -1.9070401683E+01     ESPe at Nucleus = -1.9070406257E+01
           ESPn =  1.7208994574E+01     ESPn at Nucleus =  1.7209004363E+01

CP# 6      Coords = -1.46227462487128E+00 -2.79544362802209E-01  4.76832713119706E+00
           Type = (3,-3) NACP H6
           Rho =  1.9161561760E-01     Rho at Nucleus =  1.8666718834E-01
           GradRho =  6.2168152570E-14  9.9373634321E-15 -4.3300432684E-14
           HessRho_EigVals = -3.7656494638E+00 -3.7535936614E+00 -2.8821748976E+00
           HessRho_EigVec1 =  5.7078688675E-01  1.0225971243E-01  8.1470564079E-01
           HessRho_EigVec2 = -1.6321297995E-01  9.8654530498E-01 -9.4807376996E-03
           HessRho_EigVec3 =  8.0471352238E-01  1.2755905466E-01 -5.7979723566E-01
           DelSqRho = -1.0401418023E+01
           Bond Ellipticity = NA
           V = -2.6263864060E+00
           G =  1.3015950179E-02
           K =  2.6133704559E+00
           L =  2.6003545057E+00
           Vnuc =  3.6106089489E+01
           Ven = -6.9184906366E+00
           Vrep =  4.2921042306E+00
           DelSqV =  6.2569669042E+02
           DelSqVen =  3.7555452995E+02
           DelSqVrep =  2.5014216047E+02
           DelSqG =  4.8175232908E+01
           DelSqK = -6.7387192333E+02
           Stress_EigVals = -9.5244491060E-01 -9.4969588947E-01 -7.2424560597E-01
           Stress_EigVec1 = -1.6276279719E-01  9.8662452990E-01 -8.9615204129E-03
           Stress_EigVec2 =  5.6973324698E-01  1.0139617209E-01  8.1555063827E-01
           Stress_EigVec3 =  8.0555092896E-01  1.2763562701E-01 -5.7861632156E-01
           -DivStress = -9.6016185279E+00 -1.5150918707E+00  6.9321254112E+00
           ESP =   9.0445389239E+00     ESP at Nucleus =   8.9281600515E+00
           ESPe = -8.8759659501E+00     ESPe at Nucleus = -8.7691070765E+00
           ESPn =  1.7920504874E+01     ESPn at Nucleus =  1.7697267128E+01

CP# 7      Coords =  1.39097336232615E+00  2.09807376710742E-01  4.80035082956600E+00
           Type = (3,-3) NACP H7
           Rho =  1.9196630834E-01     Rho at Nucleus =  1.8701594747E-01
           GradRho = -1.1428358260E-14 -2.0352643182E-15 -8.1532003371E-15
           HessRho_EigVals = -3.7738817986E+00 -3.7617042925E+00 -2.8897824884E+00
           HessRho_EigVec1 = -5.9085002883E-01 -8.9812555928E-02  8.0176676673E-01
           HessRho_EigVec2 = -1.6728937671E-01  9.8582407898E-01 -1.2851059996E-02
           HessRho_EigVec3 =  7.8924679782E-01  1.4172011184E-01  5.9749887198E-01
           DelSqRho = -1.0425368579E+01
           Bond Ellipticity = NA
           V = -2.6324175915E+00
           G =  1.3037723333E-02
           K =  2.6193798682E+00
           L =  2.6063421449E+00
           Vnuc =  3.6119726383E+01
           Ven = -6.9337705321E+00
           Vrep =  4.3013529406E+00
           DelSqV =  6.2728341822E+02
           DelSqVen =  3.7656146053E+02
           DelSqVrep =  2.5072195769E+02
           DelSqG =  4.8306272062E+01
           DelSqK = -6.7558969028E+02
           Stress_EigVals = -9.5449450113E-01 -9.5175710586E-01 -7.2616598455E-01
           Stress_EigVec1 = -1.6758729210E-01  9.8578255363E-01 -1.2134928193E-02
           Stress_EigVec2 = -5.8955589994E-01 -9.0346362765E-02  8.0265894101E-01
           Stress_EigVec3 =  7.9015083394E-01  1.4166965691E-01  5.9631482283E-01
           -DivStress =  9.4296627557E+00  1.6876480166E+00  7.1517481437E+00
           ESP =   9.0415957426E+00     ESP at Nucleus =   8.9252897781E+00
           ESPe = -8.8746820398E+00     ESPe at Nucleus = -8.7678911027E+00
           ESPn =  1.7916277782E+01     ESPn at Nucleus =  1.7693180881E+01

CP# 8      Coords = -1.19172484768869E-01  3.74181009550413E+00  1.57657374337811E-02
           Type = (3,-3) NACP O8
           Rho =  1.4761111551E+02     Rho at Nucleus =  1.4761111289E+02
           GradRho =  1.2700396290E-12 -3.9500291926E-11 -1.8970935933E-13
           HessRho_EigVals = -4.1057496665E+05 -4.1057342410E+05 -4.1055884597E+05
           HessRho_EigVec1 =  1.1458506074E-01  7.2417970559E-03  9.9338704453E-01
           HessRho_EigVec2 = -6.0979766667E-02  9.9813897290E-01 -2.4255360424E-04
           HessRho_EigVec3 =  9.9154008084E-01  6.0548717165E-02 -1.1481341793E-01
           DelSqRho = -1.2317072367E+06
           Bond Ellipticity = NA
           V = -3.0799492236E+05
           G =  3.4056589197E+01
           K =  3.0796086577E+05
           L =  3.0792680918E+05
           Vnuc =  2.2427688808E+06
           Ven = -3.3105761632E+08
           Vrep =  3.3074962140E+08
           DelSqV =  1.9590359901E+10
           DelSqVen =  2.7624346460E+12
           DelSqVrep = -2.7428442861E+12
           DelSqG =  8.5666470546E+08
           DelSqK = -2.0447024606E+10
           Stress_EigVals = -1.0266731416E+05 -1.0266390671E+05 -1.0266370149E+05
           Stress_EigVec1 =  9.9161597727E-01  6.1053431680E-02 -1.1388692680E-01
           Stress_EigVec2 = -6.2119140384E-02  9.9805171954E-01 -5.8290239773E-03
           Stress_EigVec3 =  1.1330916121E-01  1.2854711301E-02  9.9347661794E-01
           -DivStress =  2.5812771070E+03 -2.2601838154E+04 -2.6624985052E+02
           ESP =  -1.8647772961E+00     ESP at Nucleus =  -1.8647720927E+00
           ESPe = -1.9068635017E+01     ESPe at Nucleus = -1.9068639581E+01
           ESPn =  1.7203857721E+01     ESPn at Nucleus =  1.7203867488E+01

CP# 9      Coords = -3.67318694834674E-01  4.78571484488730E+00 -1.40950946865098E+00
           Type = (3,-3) NACP H9
           Rho =  1.9198045592E-01     Rho at Nucleus =  1.8703158271E-01
           GradRho =  4.1871887901E-15 -1.8141738112E-14  2.4634808082E-14
           HessRho_EigVals = -3.7741438348E+00 -3.7619398610E+00 -2.8902661991E+00
           HessRho_EigVec1 =  1.9744283339E-02  8.0530878593E-01  5.9252672731E-01
           HessRho_EigVec2 =  9.9044578016E-01  6.5146262998E-02 -1.2154472830E-01
           HessRho_EigVec3 =  1.3648193959E-01 -5.8926541025E-01  7.9632842248E-01
           DelSqRho = -1.0426349895E+01
           Bond Ellipticity = NA
           V = -2.6326813390E+00
           G =  1.3046932632E-02
           K =  2.6196344064E+00
           L =  2.6065874737E+00
           Vnuc =  3.6123428312E+01
           Ven = -6.9349922368E+00
           Vrep =  4.3023108978E+00
           DelSqV =  6.2737100499E+02
           DelSqVen =  3.7663550298E+02
           DelSqVrep =  2.5073550200E+02
           DelSqG =  4.8311635422E+01
           DelSqK = -6.7568264041E+02
           Stress_EigVals = -9.5456911257E-01 -9.5182370897E-01 -7.2628851747E-01
           Stress_EigVec1 =  9.9046919567E-01  6.4444209252E-02 -1.2172804249E-01
           Stress_EigVec2 =  2.0209309898E-02  8.0622564446E-01  5.9126288062E-01
           Stress_EigVec3 =  1.3624373831E-01 -5.8808770953E-01  7.9723929260E-01
           -DivStress = -1.6244915874E+00  7.0529855653E+00 -9.5131676026E+00
           ESP =   9.0413167757E+00     ESP at Nucleus =   8.9250826452E+00
           ESPe = -8.8749378490E+00     ESPe at Nucleus = -8.7681988160E+00
           ESPn =  1.7916254625E+01     ESPn at Nucleus =  1.7693281461E+01

CP# 10     Coords = -1.72889733730581E-02  4.77918578874099E+00  1.46390605531508E+00
           Type = (3,-3) NACP H10
           Rho =  1.9160346528E-01     Rho at Nucleus =  1.8665567719E-01
           GradRho = -5.8763757749E-15 -6.4676562717E-14 -8.7270468629E-14
           HessRho_EigVals = -3.7652625393E+00 -3.7531699199E+00 -2.8818704120E+00
           HessRho_EigVec1 = -1.1590200589E-01  8.0815601606E-01 -5.7745179776E-01
           HessRho_EigVec2 =  9.9174505343E-01  6.2054304588E-02 -1.1220968000E-01
           HessRho_EigVec3 =  5.4849558213E-02  5.8569029101E-01  8.0867694970E-01
           DelSqRho = -1.0400302871E+01
           Bond Ellipticity = NA
           V = -2.6261368640E+00
           G =  1.3030573114E-02
           K =  2.6131062909E+00
           L =  2.6000757178E+00
           Vnuc =  3.6100146478E+01
           Ven = -6.9169131622E+00
           Vrep =  4.2907762982E+00
           DelSqV =  6.2563354975E+02
           DelSqVen =  3.7545245706E+02
           DelSqVrep =  2.5018109269E+02
           DelSqG =  4.8168477456E+01
           DelSqK = -6.7380202720E+02
           Stress_EigVals = -9.5236157801E-01 -9.4960385335E-01 -7.2417143266E-01
           Stress_EigVec1 =  9.9186637115E-01  6.1197904879E-02 -1.1160608505E-01
           Stress_EigVec2 = -1.1477660048E-01  8.0906593970E-01 -5.7640145489E-01
           Stress_EigVec3 =  5.5022120667E-02  5.8452298642E-01  8.0950938511E-01
           -DivStress =  6.4725239708E-01  7.0016640519E+00  9.6471061472E+00
           ESP =   9.0410837395E+00     ESP at Nucleus =   8.9247051559E+00
           ESPe = -8.8732677317E+00     ESPe at Nucleus = -8.7663962951E+00
           ESPn =  1.7914351471E+01     ESPn at Nucleus =  1.7691101451E+01

CP# 11     Coords =  3.74081808412753E+00  1.56931752413359E-01  5.29985476854880E-02
           Type = (3,-3) NACP O11
           Rho =  1.4761096776E+02     Rho at Nucleus =  1.4761096515E+02
           GradRho = -3.5109117003E-11  2.3285670267E-12  9.3741681084E-13
           HessRho_EigVals = -4.1057452879E+05 -4.1057298006E+05 -4.1055838456E+05
           HessRho_EigVec1 = -5.0205776193E-02  9.9215807279E-01 -1.1446282647E-01
           HessRho_EigVec2 =  9.9873328505E-01  4.9490557713E-02 -9.0835029693E-03
           HessRho_EigVec3 =  3.3474416807E-03  1.1477387901E-01  9.9338600319E-01
           DelSqRho = -1.2317058934E+06
           Bond Ellipticity = NA
           V = -3.0799459802E+05
           G =  3.4062334939E+01
           K =  3.0796053569E+05
           L =  3.0792647335E+05
           Vnuc =  2.2428174517E+06
           Ven = -3.3106445455E+08
           Vrep =  3.3075645996E+08
           DelSqV =  1.9590338915E+10
           DelSqVen =  2.7624914575E+12
           DelSqVrep = -2.7429011227E+12
           DelSqG =  8.5666372519E+08
           DelSqK = -2.0447002640E+10
           Stress_EigVals = -1.0266720959E+05 -1.0266379748E+05 -1.0266359096E+05
           Stress_EigVec1 =  3.8156195217E-03  1.1388838104E-01  9.9348622422E-01
           Stress_EigVec2 =  9.9844451374E-01  5.4828281611E-02 -1.0119907414E-02
           Stress_EigVec3 = -5.5623682349E-02  9.9197948376E-01 -1.1350202537E-01
           -DivStress = -2.2725556018E+04 -9.5975257723E+02  4.2574845861E+02
           ESP =  -1.8662617177E+00     ESP at Nucleus =  -1.8662565008E+00
           ESPe = -1.9068122272E+01     ESPe at Nucleus = -1.9068126847E+01
           ESPn =  1.7201860554E+01     ESPn at Nucleus =  1.7201870346E+01

CP# 12     Coords =  4.72527411130839E+00  1.63352759451607E+00 -1.29732988589041E-01
           Type = (3,-3) NACP H12
           Rho =  1.9198091909E-01     Rho at Nucleus =  1.8703257697E-01
           GradRho = -1.9399933049E-13 -2.8847085311E-13  3.4919766731E-14
           HessRho_EigVals = -3.7741003824E+00 -3.7618774313E+00 -2.8903164392E+00
           HessRho_EigVec1 =  8.3129848891E-01 -5.5224960752E-01  6.2953898446E-02
           HessRho_EigVec2 =  3.3430676206E-03  1.1822752819E-01  9.9298090388E-01
           HessRho_EigVec3 =  5.5581619825E-01  8.2525306578E-01 -1.0012857332E-01
           DelSqRho = -1.0426294253E+01
           Bond Ellipticity = NA
           V = -2.6326729393E+00
           G =  1.3049688019E-02
           K =  2.6196232513E+00
           L =  2.6065735632E+00
           Vnuc =  3.6128363326E+01
           Ven = -6.9359563966E+00
           Vrep =  4.3032834574E+00
           DelSqV =  6.2737432979E+02
           DelSqVen =  3.7668494691E+02
           DelSqVrep =  2.5068938288E+02
           DelSqG =  4.8311041842E+01
           DelSqK = -6.7568537163E+02
           Stress_EigVals = -9.5456044160E-01 -9.5181168169E-01 -7.2630081599E-01
           Stress_EigVec1 =  2.7798065190E-03  1.1840474240E-01  9.9296152476E-01
           Stress_EigVec2 =  8.3212859462E-01 -5.5095053931E-01  6.3368014390E-02
           Stress_EigVec3 =  5.5457576100E-01  8.2609552729E-01 -1.0005950779E-01
           -DivStress =  6.6521825427E+00  9.8588859509E+00 -1.1908207859E+00
           ESP =   9.0431296838E+00     ESP at Nucleus =   8.9269612457E+00
           ESPe = -8.8770753860E+00     ESPe at Nucleus = -8.7703881338E+00
           ESPn =  1.7920205070E+01     ESPn at Nucleus =  1.7697349379E+01

CP# 13     Coords =  4.84102722956739E+00 -1.23771338424799E+00  2.17818109264646E-01
           Type = (3,-3) NACP H13
           Rho =  1.9168761547E-01     Rho at Nucleus =  1.8673742193E-01
           GradRho = -3.3176586478E-15  2.7404294112E-15 -3.5475095084E-16
           HessRho_EigVals = -3.7668909273E+00 -3.7547841038E+00 -2.8830514387E+00
           HessRho_EigVec1 =  7.8376634570E-01  6.1689723890E-01 -7.1750344893E-02
           HessRho_EigVec2 =  3.5108489787E-04  1.1508950825E-01  9.9335506332E-01
           HessRho_EigVec3 = -6.2105570772E-01  7.7858345842E-01 -8.9986700008E-02
           DelSqRho = -1.0404726470E+01
           Bond Ellipticity = NA
           V = -2.6272709235E+00
           G =  1.3044653036E-02
           K =  2.6142262705E+00
           L =  2.6011816175E+00
           Vnuc =  3.6092532485E+01
           Ven = -6.9184914882E+00
           Vrep =  4.2912205647E+00
           DelSqV =  6.2589434694E+02
           DelSqVen =  3.7553292811E+02
           DelSqVrep =  2.5036141883E+02
           DelSqG =  4.8188651058E+01
           DelSqK = -6.7408299799E+02
           Stress_EigVals = -9.5278175501E-01 -9.5001974587E-01 -7.2446942266E-01
           Stress_EigVec1 = -1.9343535346E-04  1.1454906319E-01  9.9341757318E-01
           Stress_EigVec2 =  7.8465956083E-01  6.1586366579E-01 -7.0861264153E-02
           Stress_EigVec3 = -6.1992687971E-01  7.7948088962E-01 -9.0001147419E-02
           -DivStress =  7.4279102580E+00 -9.2912102941E+00  1.0667247390E+00
           ESP =   9.0371725610E+00     ESP at Nucleus =   8.9207279702E+00
           ESPe = -8.8701633743E+00     ESPe at Nucleus = -8.7632298203E+00
           ESPn =  1.7907335935E+01     ESPn at Nucleus =  1.7683957790E+01

CP# 14     Coords =  2.15583707902786E-02  4.75550144760062E-02 -3.74149516792938E+00
           Type = (3,-3) NACP O14
           Rho =  1.4761126239E+02     Rho at Nucleus =  1.4761125978E+02
           GradRho = -8.2565898563E-14 -6.4298566471E-13 -4.0605963036E-11
           HessRho_EigVals = -4.1057545983E+05 -4.1057391143E+05 -4.1055940884E+05
           HessRho_EigVec1 =  9.8658363752E-01  1.6324146288E-01  2.2250774294E-03
           HessRho_EigVec2 = -4.0963108822E-03  1.1127272772E-02  9.9992969955E-01
           HessRho_EigVec3 = -1.6320522789E-01  9.8652339486E-01 -1.1646673028E-02
           DelSqRho = -1.2317087801E+06
           Bond Ellipticity = NA
           V = -3.0799528627E+05
           G =  3.4045623797E+01
           K =  3.0796124065E+05
           L =  3.0792719502E+05
           Vnuc =  2.2451720158E+06
           Ven = -3.3141267552E+08
           Vrep =  3.3110468023E+08
           DelSqV =  1.9590383939E+10
           DelSqVen =  2.7653980979E+12
           DelSqVrep = -2.7458077058E+12
           DelSqG =  8.5666594275E+08
           DelSqK = -2.0447049882E+10
           Stress_EigVals = -1.0266742336E+05 -1.0266403485E+05 -1.0266382807E+05
           Stress_EigVec1 = -1.6230386152E-01  9.8666668866E-01 -1.2095537578E-02
           Stress_EigVec2 =  1.8756961950E-03  1.2566547637E-02  9.9991927856E-01
           Stress_EigVec3 =  9.8673904265E-01  1.6226807257E-01 -3.8902861611E-03
           -DivStress = -2.8820910750E+02  6.5368260552E+02  2.2714765202E+04
           ESP =  -1.8614071094E+00     ESP at Nucleus =  -1.8614018942E+00
           ESPe = -1.9070401683E+01     ESPe at Nucleus = -1.9070406257E+01
           ESPn =  1.7208994574E+01     ESPn at Nucleus =  1.7209004363E+01

CP# 15     Coords =  1.46227462487128E+00  2.79544362802209E-01 -4.76832713119706E+00
           Type = (3,-3) NACP H15
           Rho =  1.9161561760E-01     Rho at Nucleus =  1.8666718834E-01
           GradRho = -6.2149070612E-14 -9.9390981556E-15  4.3310841025E-14
           HessRho_EigVals = -3.7656494638E+00 -3.7535936614E+00 -2.8821748976E+00
           HessRho_EigVec1 =  5.7078688675E-01  1.0225971243E-01  8.1470564079E-01
           HessRho_EigVec2 = -1.6321297995E-01  9.8654530498E-01 -9.4807376996E-03
           HessRho_EigVec3 =  8.0471352238E-01  1.2755905466E-01 -5.7979723566E-01
           DelSqRho = -1.0401418023E+01
           Bond Ellipticity = NA
           V = -2.6263864060E+00
           G =  1.3015950179E-02
           K =  2.6133704559E+00
           L =  2.6003545057E+00
           Vnuc =  3.6106089489E+01
           Ven = -6.9184906366E+00
           Vrep =  4.2921042306E+00
           DelSqV =  6.2569669042E+02
           DelSqVen =  3.7555452995E+02
           DelSqVrep =  2.5014216047E+02
           DelSqG =  4.8175232908E+01
           DelSqK = -6.7387192333E+02
           Stress_EigVals = -9.5244491060E-01 -9.4969588947E-01 -7.2424560597E-01
           Stress_EigVec1 = -1.6276279719E-01  9.8662452990E-01 -8.9615204129E-03
           Stress_EigVec2 =  5.6973324698E-01  1.0139617209E-01  8.1555063827E-01
           Stress_EigVec3 =  8.0555092896E-01  1.2763562701E-01 -5.7861632156E-01
           -DivStress =  9.6016185279E+00  1.5150918707E+00 -6.9321254112E+00
           ESP =   9.0445389239E+00     ESP at Nucleus =   8.9281600515E+00
           ESPe = -8.8759659501E+00     ESPe at Nucleus = -8.7691070765E+00
           ESPn =  1.7920504874E+01     ESPn at Nucleus =  1.7697267128E+01

CP# 16     Coords = -1.39097336232615E+00 -2.09807376710742E-01 -4.80035082956600E+00
           Type = (3,-3) NACP H16
           Rho =  1.9196630834E-01     Rho at Nucleus =  1.8701594747E-01
           GradRho =  1.1438766601E-14  2.0361316799E-15  8.1445267197E-15
           HessRho_EigVals = -3.7738817986E+00 -3.7617042925E+00 -2.8897824884E+00
           HessRho_EigVec1 = -5.9085002883E-01 -8.9812555928E-02  8.0176676673E-01
           HessRho_EigVec2 = -1.6728937671E-01  9.8582407898E-01 -1.2851059996E-02
           HessRho_EigVec3 =  7.8924679782E-01  1.4172011184E-01  5.9749887198E-01
           DelSqRho = -1.0425368579E+01
           Bond Ellipticity = NA
           V = -2.6324175915E+00
           G =  1.3037723333E-02
           K =  2.6193798682E+00
           L =  2.6063421449E+00
