AIMSum (Version 16.05.18, Professional)
Copyright (c) 1997-2016 by Todd A. Keith
AIMSum is a component of the AIMAll package ( http://aim.tkgristmill.com )

TP:  64-bit Linux

Licensed To:  Research Group of Fernando Cortes Guzman, UNAM, fercor@unam.mx

Much of the Quantum Theory of Atoms in Molecules (QTAIM) is described in the book:
  "Atoms in Molecules - A Quantum Theory"
  R.F.W. Bader, Oxford University Press, Oxford, 1990

For additional references see:  http://aim.tkgristmill.com/references.html

Wfx File:  /home/david/David/max_int/Ni34.wfx
Sum File:  /home/david/David/max_int/Ni34.sum

SumViz File:  /home/david/David/max_int/Ni34.sumviz

Wfx Title:   Ni[H2O]6 (3+)                                                                 
 
Total memory allocated for AIMSum =        1.189 Megabytes

Atomic units (a.u.) used throughout, except where stated otherwise

Model:  Unrestricted SCF
 
Unrestricted, single-determinant wavefunction.
  Number of electrons (from MO Occs)                   =          85.0000000000
  Number of Alpha electrons (from MO Occs)             =          44.0000000000
  Number of Beta electrons (from MO Occs)              =          41.0000000000
  Number of electron pairs (N*(N-1)/2)                 =        3570.0000000000
  Number of electron pairs (from Muller 2EDM)          =        3570.0000000000
 
Nuclear Charges and Cartesian Coordinates:
-------------------------------------------------------------------------------
Atom      Charge                X                  Y                  Z
-------------------------------------------------------------------------------
Ni1       28.0           0.0000000000E+00   0.0000000000E+00   0.0000000000E+00
O2         8.0          -3.7408145210E+00  -1.5693160195E-01  -5.2998614475E-02
H3         1.0          -4.7558343458E+00  -1.6788308211E+00   1.3520510698E-01
H4         1.0          -4.8752225731E+00   1.2804971887E+00  -2.2272735739E-01
O5         8.0          -2.1558325585E-02  -4.7555117006E-02   3.7414916065E+00
H6         1.0          -1.5065019491E+00  -2.8652029742E-01   4.8002493371E+00
H7         1.0           1.4343085705E+00   2.1756345469E-01   4.8332098966E+00
O8         8.0          -1.1917207999E-01   3.7418065517E+00   1.5765695677E-02
H9         1.0          -3.7478454891E-01   4.8181167227E+00  -1.4532239961E+00
H10        1.0          -1.4311006685E-02   4.8114314272E+00   1.5083473386E+00
O11        8.0           3.7408145210E+00   1.5693160195E-01   5.2998614475E-02
H12        1.0           4.7558343458E+00   1.6788308211E+00  -1.3520510698E-01
H13        1.0           4.8752225731E+00  -1.2804971887E+00   2.2272735739E-01
O14        8.0           2.1558325585E-02   4.7555117006E-02  -3.7414916065E+00
H15        1.0           1.5065019491E+00   2.8652029742E-01  -4.8002493371E+00
H16        1.0          -1.4343085705E+00  -2.1756345469E-01  -4.8332098966E+00
O17        8.0           1.1917207999E-01  -3.7418065517E+00  -1.5765695677E-02
H18        1.0           3.7478454891E-01  -4.8181167227E+00   1.4532239961E+00
H19        1.0           1.4311006685E-02  -4.8114314272E+00  -1.5083473386E+00
 
Some Atomic Properties:
----------------------
  q(A) = Net Charge of Atom A
  L(A) = Lagrangian of Atom A = -(1/4) Times Atomic Integral of the Laplacian of the Electron Density
  K(A) = Electronic Kinetic Energy of Atom A (Hamiltonian Form)
  K_Scaled(A) = K(A) * E(Mol)/K(Mol) = Approximation to Virial-Based Total Energy of Atom A.
  |Mu_Intra(A)| = Magnitude of Intraatomic Dipole Moment of Atom A
--------------------------------------------------------------------------------------------------
Atom A          q(A)              L(A)              K(A)          K_Scaled(A)      |Mu_Intra(A)|
--------------------------------------------------------------------------------------------------
Ni1       2.0292865880E+00  1.1458512112E-03  1.5057766103E+03 -1.5079993554E+03  4.4475135822E-06
O2       -1.2361392777E+00  2.0938349655E-06  7.5575377734E+01 -7.5686937973E+01  2.1513210664E-01
H3        6.9858661756E-01  1.5110122054E-05  2.9269916403E-01 -2.9313123053E-01  1.1012309260E-01
H4        6.9911125968E-01  1.4704600703E-05  2.9232773494E-01 -2.9275925316E-01  1.0994935679E-01
O5       -1.2355703621E+00  2.0144280205E-05  7.5575416567E+01 -7.5686976864E+01  2.1484708696E-01
H6        6.9930308364E-01  1.4438661331E-05  2.9215069292E-01 -2.9258194979E-01  1.0985703180E-01
H7        6.9885993321E-01  1.2841829946E-05  2.9252910027E-01 -2.9296091573E-01  1.1001739849E-01
O8       -1.2360078112E+00 -1.7259104030E-05  7.5575257706E+01 -7.5686817769E+01  2.1499799461E-01
H9        6.9865572439E-01  1.3361797920E-05  2.9266588566E-01 -2.9309790304E-01  1.1008985193E-01
H10       6.9923159921E-01  1.4166958766E-05  2.9219781827E-01 -2.9262914471E-01  1.0989451066E-01
O11      -1.2361379042E+00  3.6796767124E-06  7.5575378041E+01 -7.5686938281E+01  2.1513143228E-01
H12       6.9858664825E-01  1.4373124427E-05  2.9269841585E-01 -2.9313048125E-01  1.1012393838E-01
H13       6.9910992004E-01  1.4152972584E-05  2.9232836310E-01 -2.9275988224E-01  1.0994965991E-01
O14      -1.2355709618E+00  2.1211339748E-05  7.5575418055E+01 -7.5686978354E+01  2.1484626466E-01
H15       6.9930425945E-01  1.4688717643E-05  2.9214982954E-01 -2.9258108515E-01  1.0985729635E-01
H16       6.9886244309E-01  1.5814456606E-05  2.9252964835E-01 -2.9296146462E-01  1.1001612519E-01
O17      -1.2360063654E+00 -1.5326951372E-05  7.5575258124E+01 -7.5686818188E+01  2.1499768887E-01
H18       6.9865780269E-01  1.6355685286E-05  2.9266678216E-01 -2.9309880086E-01  1.1008877805E-01
H19       6.9923303132E-01  1.4692351867E-05  2.9219697613E-01 -2.9262830133E-01  1.0989448443E-01
--------------------------------------------------------------------------------------------------
Total     3.0013562281E+00  1.3350955666E-03  1.9627378569E+03 -1.9656351432E+03
 
Molecular charge q(Mol) from the wfx file:   3.0000000000E+00
Molecular energy E(Mol) from the wfx file:  -1.9656350055E+03
Molecular virial ratio (-V(Mol)/T(Mol)) from the wfx file:   2.0014761453E+00
Full molecular virial ratio ((-V(Mol)+W(Mol))/T(Mol)) from the wfx file:   2.0014761532E+00
Note.  K_Scaled(A) = (1+V(Mol)/T(Mol))*K(A) = (E(Mol)/T(Mol))*K(A)
       Only use K_Scaled(A) data with caution.
 
N_AIMInt(SumA)     =         84.998644
N_Analytic(Mol)    =         85.000000
 
G_AIMInt(SumA)     =       1962.736522
G_Analytic(Mol)    =       1962.737719
 
K_AIMInt(SumA)     =       1962.737857
K_Analytic(Mol)    =       1962.737719
 
L_AIMInt(SumA)     =          0.001335
L_Analytic(Mol)    =          0.000000
 
VenT_AIMInt(SumA)  =      -6095.357375
VenT_Analytic(Mol) =      -6095.388941
 
Some Information About the Atomic Calculations:
----------------------------------------------
  Time(sec) = "Elapsed User Time", in Seconds, for Atom A by AIMInt and, if used, by TWOe
  NProc = Number of Processors Used for AIMInt Job
  BIM = Basin Integration Method
  OAQ = Angular Quadrature Outside of Beta Sphere
  ORQ = Multiple of Default for Radial Quadrature Outside of Beta Sphere
  IAQ = Multiple of Default for Angular Quadrature Inside of Beta Sphere
  IRQ = Multiple of Default for Radial Quadrature Inside of Beta Sphere
  MIR = Maximum Integration Radius
------------------------------------------------------------------------------------------------------
Atom A     Time(sec)   NProc      BIM              OAQ                 ORQ      IAQ      IRQ      MIR
------------------------------------------------------------------------------------------------------
Ni1          3699        8     Proaim(5)    180*120   (Very High)      Auto     Auto     Auto    13.00
O2            890        8     Proaim(5)    4334      (Very High)      Auto     Auto     Auto    13.00
H3            202        8     Proaim(5)    2030      (Very High)      Auto     Auto     Auto    13.00
H4            236        8     Proaim(5)    2030      (Very High)      Auto     Auto     Auto    13.00
O5            765        8     Proaim(5)    4334      (Very High)      Auto     Auto     Auto    13.00
H6            152        8     Proaim(5)    2030      (Very High)      Auto     Auto     Auto    13.00
H7            200        8     Proaim(5)    2030      (Very High)      Auto     Auto     Auto    13.00
O8            765        8     Proaim(5)    4334      (Very High)      Auto     Auto     Auto    13.00
H9            179        8     Proaim(5)    2030      (Very High)      Auto     Auto     Auto    13.00
H10           233        8     Proaim(5)    2030      (Very High)      Auto     Auto     Auto    13.00
O11           603        8     Proaim(5)    4334      (Very High)      Auto     Auto     Auto    13.00
H12           184        8     Proaim(5)    2030      (Very High)      Auto     Auto     Auto    13.00
H13           204        8     Proaim(5)    2030      (Very High)      Auto     Auto     Auto    13.00
O14           600        8     Proaim(5)    4334      (Very High)      Auto     Auto     Auto    13.00
H15           216        8     Proaim(5)    2030      (Very High)      Auto     Auto     Auto    13.00
H16           186        8     Proaim(5)    2030      (Very High)      Auto     Auto     Auto    13.00
O17           627        8     Proaim(5)    4334      (Very High)      Auto     Auto     Auto    13.00
H18           248        8     Proaim(5)    2030      (Very High)      Auto     Auto     Auto    13.00
H19           174        8     Proaim(5)    2030      (Very High)      Auto     Auto     Auto    13.00
------------------------------------------------------------------------------------------------------
Total       10363
Note:  Total wall clock time is less than total of atomic times if more than one atom
       was calculated at a time
Note:  Total time does not include times for diatomic interaction energy calculations (8656 seconds)
 
Electron Density Critical Point Analysis of Molecular Structure:               
---------------------------------------------------------------                
  NACP = Nuclear Attractor Critical Point                                      
  NNACP = Non-Nuclear Attractor Critical Point                                 
  BCP = Bond Critical Point                                                    
  RCP = Ring Critical Point                                                    
  CCP = Cage Critical Point                                                    
  Rho = Electron Density                                                       
  GradRho = Gradient of Electron Density                                       
  HessRho_EigVals = Eigenvalues of the Hessian of Rho, Ascending Order         
  HessRho_EigVecs = Eigenvectors of the Hessian of Rho                         
  DelSqRho = Laplacian of Rho = Trace of Hessian of Rho                        
  Bond Ellipticity = (HessRho_EigVal(1) / HessRho_EigVal(2)) - 1               
  V = Virial Field = Potential Energy Density = Trace of Stress Tensor         
  G = Lagrangian Form of Kinetic Energy Density                                
  K = Hamiltonian Form of Kinetic Energy Density                               
  L = K - G = Lagrangian Density = (-1/4)DelSqRho                              
  Vnuc = Electrostatic Potential from Nuclei                                   
  Ven = Electron-nuclear attractive contribution to Virial Field V             
  Vrep = V - Ven = Repulsive contribution to Virial Field V                    
  DelSqV = Laplacian of V                                                      
  DelSqVen = Laplacian of Ven                                                  
  DelSqVrep = Laplacian of Vrep                                                
  DelSqG = Laplacian of G                                                      
  DelSqK = Laplacian of K                                                      
  Stress_EigVals = Eigenvalues of Stress Tensor, Ascending Order               
  Stress_EigVecs = Eigenvectors of Stress Tensor                               
  -DivStress = Ehrenfest Force Density = Minus Divergence of Stress Tensor     
  ESP = Total Electrostatic Potential                                          
  ESPe = Electrostatic Potential from Electrons                                
  ESPn = Electrostatic Potential from Nuclei                                   
  BP = Bond Path                                                               
  BPL = Bond Path Length                                                       
  GBL = Geometric Bond Length                                                  
  GBL_I = Distance Between Nuclear Attractors                                  
  GBL_II = Distance Between Nuclei                                             
  GBL_III = Sum of Distances Between BCP and Nuclear Attractors                
  GBL_IV = Sum of Distances Between BCP and Nuclei                             

CP# 1      Coords =  4.20118206852295E-24 -4.46002696008784E-24 -4.29296290328709E-24
           Type = (3,-3) NACP Ni1
           Rho =  1.4574417056E+04     Rho at Nucleus =  1.4574417056E+04
           GradRho =  8.5468737578E-18  9.3125130696E-18 -9.1343551996E-18
           HessRho_EigVals = -8.4473281404E+08 -8.4473278384E+08 -8.4473278294E+08
           HessRho_EigVec1 =  6.3069149259E-01 -5.5040777091E-01 -5.4706446320E-01
           HessRho_EigVec2 = -5.6164393019E-01 -8.1021273821E-01  1.6766458934E-01
           HessRho_EigVec3 =  5.3552248959E-01 -2.0151080507E-01  8.2012746484E-01
           DelSqRho = -2.5341983808E+09
           Bond Ellipticity = NA
           V = -6.3408991654E+08
           G =  2.7016066618E+05
           K =  6.3381975587E+08
           L =  6.3354959520E+08
           Vnuc =  2.8000000152E+09
           Ven = -4.0808367979E+13
           Vrep =  4.0807733889E+13
           DelSqV =  1.3174276743E+15
           DelSqVen =  1.2242510327E+30
           DelSqVrep = -1.2242510327E+30
           DelSqG =  3.6777596969E+13
           DelSqK = -1.3542052712E+15
           Stress_EigVals = -2.1136330885E+08 -2.1136330858E+08 -2.1136329911E+08
           Stress_EigVec1 =  4.2767790690E-01 -3.6746269668E-01  8.2587091879E-01
           Stress_EigVec2 = -6.6461322608E-01 -7.4709504228E-01  1.1758295743E-02
           Stress_EigVec3 =  6.1268333393E-01 -5.5391349897E-01 -5.6373661224E-01
           -DivStress = -1.7374263339E-09  1.8434413372E-09  1.7754848108E-09
           ESP =  -1.2786194325E+02     ESP at Nucleus =  -1.2786194325E+02
           ESPe = -1.4306364094E+02     ESPe at Nucleus = -1.4306364094E+02
           ESPn =  1.5201697693E+01     ESPn at Nucleus =  1.5201697693E+01

CP# 2      Coords = -3.74081960013791E+00 -1.56931796672881E-01 -5.29985062896481E-02
           Type = (3,-3) NACP O2
           Rho =  2.9538470649E+02     Rho at Nucleus =  2.9538469587E+02
           GradRho =  7.9050543889E-11 -3.9300229737E-12  6.9466654651E-13
           HessRho_EigVals = -8.2161446409E+05 -8.2160644407E+05 -8.2158049423E+05
           HessRho_EigVec1 = -3.9760501872E-02  9.9204090911E-01 -1.1947358343E-01
           HessRho_EigVec2 =  9.9920897501E-01  3.9562098223E-02 -4.0329453608E-03
           HessRho_EigVec3 = -7.2577886068E-04  1.1953942877E-01  9.9282918884E-01
           DelSqRho = -2.4648014024E+06
           Bond Ellipticity = NA
           V = -6.1634030440E+05
           G =  6.9976901477E+01
           K =  6.1627032750E+05
           L =  6.1620035060E+05
           Vnuc =  1.5735623012E+06
           Ven = -4.6480623848E+08
           Vrep =  4.6418989817E+08
           DelSqV =  3.9202812826E+10
           DelSqVen =  3.8785185894E+12
           DelSqVrep = -3.8393157766E+12
           DelSqG =  1.7143255196E+09
           DelSqK = -4.0917138346E+10
           Stress_EigVals = -2.0545136528E+05 -2.0544524854E+05 -2.0544369058E+05
           Stress_EigVec1 = -2.9784150268E-04  1.1931724735E-01  9.9285613549E-01
           Stress_EigVec2 =  9.9922474975E-01  3.9121912629E-02 -4.4017538583E-03
           Stress_EigVec3 = -3.9367636139E-02  9.9208511250E-01 -1.1923639876E-01
           -DivStress =  6.4826398390E+04  2.4855152730E+03 -1.3802769450E+03
           ESP =  -2.1794075351E+01     ESP at Nucleus =  -2.1794075439E+01
           ESPe = -3.8995931742E+01     ESPe at Nucleus = -3.8995945785E+01
           ESPn =  1.7201856390E+01     ESPn at Nucleus =  1.7201870346E+01

CP# 3      Coords = -4.72565254670914E+00 -1.63342597566260E+00  1.29667164601711E-01
           Type = (3,-3) NACP H3
           Rho =  3.8545324718E-01     Rho at Nucleus =  3.7555494117E-01
           GradRho =  1.3010426070E-16 -8.2365483791E-17 -1.4311468677E-17
           HessRho_EigVals = -7.5777852772E+00 -7.5549057212E+00 -5.8102727340E+00
           HessRho_EigVec1 =  8.3443234150E-01 -5.4730122564E-01  6.4684123762E-02
           HessRho_EigVec2 =  1.8807793355E-03  1.2019784696E-01  9.9274817565E-01
           HessRho_EigVec3 =  5.5110718570E-01  8.2825952816E-01 -1.0132632372E-01
           DelSqRho = -2.0942963732E+01
           Bond Ellipticity = NA
           V = -5.2891081281E+00
           G =  2.6683597508E-02
           K =  5.2624245306E+00
           L =  5.2357409331E+00
           Vnuc =  3.6166890440E+01
           Ven = -1.3940645360E+01
           Vrep =  8.6515372322E+00
           DelSqV =  1.2608663095E+03
           DelSqVen =  7.5744187480E+02
           DelSqVrep =  5.0342443471E+02
           DelSqG =  9.7091348597E+01
           DelSqK = -1.3579576581E+03
           Stress_EigVals = -1.9171399769E+00 -1.9118176632E+00 -1.4601504880E+00
           Stress_EigVec1 =  1.2662057393E-03  1.2044990095E-01  9.9271859965E-01
           Stress_EigVec2 =  8.3566297252E-01 -5.4537018710E-01  6.5105724614E-02
           Stress_EigVec3 =  5.4924110651E-01  8.2949573861E-01 -1.0134607313E-01
           -DivStress = -1.3196470272E+01 -1.9849442660E+01  2.4208552675E+00
           ESP =  -4.4299475867E-01     ESP at Nucleus =  -4.4668995125E-01
           ESPe = -1.8362225865E+01     ESPe at Nucleus = -1.8144039331E+01
           ESPn =  1.7919231106E+01     ESPn at Nucleus =  1.7697349379E+01

CP# 4      Coords = -4.84143957976908E+00  1.23760061975223E+00 -2.17726866909460E-01
           Type = (3,-3) NACP H4
           Rho =  3.8524531054E-01     Rho at Nucleus =  3.7534501341E-01
           GradRho =  1.5230872119E-15 -3.4737837606E-16 -9.0639301620E-17
           HessRho_EigVals = -7.5720625288E+00 -7.5494142567E+00 -5.8043533576E+00
           HessRho_EigVec1 =  7.8748530935E-01  6.1244869748E-01 -6.9090379260E-02
           HessRho_EigVec2 = -2.0663816031E-03  1.1472196230E-01  9.9339549095E-01
           HessRho_EigVec3 = -6.1632995840E-01  7.8214158841E-01 -9.1607412689E-02
           DelSqRho = -2.0925830143E+01
           Bond Ellipticity = NA
           V = -5.2847896842E+00
           G =  2.6666074243E-02
           K =  5.2581236100E+00
           L =  5.2314575358E+00
           Vnuc =  3.6144113885E+01
           Ven = -1.3924350378E+01
           Vrep =  8.6395606933E+00
           DelSqV =  1.2596651555E+03
           DelSqVen =  7.5634558782E+02
           DelSqVrep =  5.0331956769E+02
           DelSqG =  9.6987347786E+01
           DelSqK = -1.3566525033E+03
           Stress_EigVals = -1.9157385423E+00 -1.9103978512E+00 -1.4586532908E+00
           Stress_EigVec1 = -1.0205614368E-03  1.1551484906E-01  9.9330522907E-01
           Stress_EigVec2 =  7.8884562362E-01  6.1056963709E-01 -7.0194731695E-02
           Stress_EigVec3 = -6.1459054707E-01  7.8349284483E-01 -9.1746506970E-02
           -DivStress = -1.4758820144E+01  1.8737320435E+01 -2.1853062905E+00
           ESP =  -4.4306425000E-01     ESP at Nucleus =  -4.4676991509E-01
           ESPe = -1.8349236915E+01     ESPe at Nucleus = -1.8130727706E+01
           ESPn =  1.7906172665E+01     ESPn at Nucleus =  1.7683957790E+01

CP# 5      Coords = -2.15584057129906E-02 -4.75549753882670E-02  3.74149668496097E+00
           Type = (3,-3) NACP O5
           Rho =  2.9538577021E+02     Rho at Nucleus =  2.9538575961E+02
           GradRho =  8.3857920607E-13 -1.0287604102E-12 -8.5072837663E-11
           HessRho_EigVals = -8.2161753093E+05 -8.2160950881E+05 -8.2158364253E+05
           HessRho_EigVec1 =  9.8565483583E-01  1.6837623232E-01  1.1575361312E-02
           HessRho_EigVec2 = -1.2819777105E-02  6.3054941356E-03  9.9989794182E-01
           HessRho_EigVec3 = -1.6828605978E-01  9.8570263525E-01 -8.3735865552E-03
           DelSqRho = -2.4648106823E+06
           Bond Ellipticity = NA
           V = -6.1634261727E+05
           G =  6.9973348087E+01
           K =  6.1627264392E+05
           L =  6.1620267057E+05
           Vnuc =  1.5744781997E+06
           Ven = -4.6507845571E+08
           Vrep =  4.6446211310E+08
           DelSqV =  3.9202959823E+10
           DelSqVen =  3.8807906755E+12
           DelSqVrep = -3.8415877197E+12
           DelSqG =  1.7143322355E+09
           DelSqK = -4.0917292058E+10
           Stress_EigVals = -2.0545212247E+05 -2.0544602693E+05 -2.0544446787E+05
           Stress_EigVec1 = -1.6806853268E-01  9.8573536407E-01 -8.8747025215E-03
           Stress_EigVec2 = -1.2927651500E-02  6.7979953299E-03  9.9989332585E-01
           Stress_EigVec3 =  9.8569054178E-01  1.6816533317E-01  1.1600714158E-02
           -DivStress =  1.0224643310E+03 -1.8069536373E+03 -6.4817979168E+04
           ESP =  -2.1793460392E+01     ESP at Nucleus =  -2.1793460480E+01
           ESPe = -3.9002450796E+01     ESPe at Nucleus = -3.9002464843E+01
           ESPn =  1.7208990403E+01     ESPn at Nucleus =  1.7209004363E+01

CP# 6      Coords = -1.46218443861369E+00 -2.79447075877278E-01  4.76873956007743E+00
           Type = (3,-3) NACP H6
           Rho =  3.8506092455E-01     Rho at Nucleus =  3.7516351883E-01
           GradRho =  1.5785983631E-16 -9.4976110310E-17 -9.5930208222E-16
           HessRho_EigVals = -7.5685713261E+00 -7.5459852363E+00 -5.8015136778E+00
           HessRho_EigVec1 =  5.6624494700E-01  9.9738678995E-02  8.1818020992E-01
           HessRho_EigVec2 = -1.6317425194E-01  9.8656998690E-01 -7.3365152532E-03
           HessRho_EigVec3 =  8.0792377332E-01  1.2935167901E-01 -5.7491505428E-01
           DelSqRho = -2.0916070240E+01
           Bond Ellipticity = NA
           V = -5.2822529639E+00
           G =  2.6617701913E-02
           K =  5.2556352620E+00
           L =  5.2290175600E+00
           Vnuc =  3.6155708472E+01
           Ven = -1.3922150532E+01
           Vrep =  8.6398975684E+00
           DelSqV =  1.2590514907E+03
           DelSqVen =  7.5623533799E+02
           DelSqVrep =  5.0281615276E+02
           DelSqG =  9.6942562834E+01
           DelSqK = -1.3559940536E+03
           Stress_EigVals = -1.9148217077E+00 -1.9094979535E+00 -1.4579333027E+00
           Stress_EigVec1 = -1.6394806369E-01  9.8643271786E-01 -8.4572779382E-03
           Stress_EigVec2 =  5.6423158287E-01  1.0080252181E-01  8.1943979186E-01
           Stress_EigVec3 =  8.0917473595E-01  1.2957370387E-01 -5.7310287206E-01
           -DivStress = -1.9348881522E+01 -3.0893083068E+00  1.3759600620E+01
           ESP =  -4.4256119717E-01     ESP at Nucleus =  -4.4625821331E-01
           ESPe = -1.8361926968E+01     ESPe at Nucleus = -1.8143525341E+01
           ESPn =  1.7919365771E+01     ESPn at Nucleus =  1.7697267128E+01

CP# 7      Coords =  1.39085299454978E+00  2.09733549520089E-01  4.80072422020766E+00
           Type = (3,-3) NACP H7
           Rho =  3.8540727952E-01     Rho at Nucleus =  3.7550478577E-01
           GradRho = -1.0312931065E-15 -1.1839487724E-16  3.0028063369E-15
           HessRho_EigVals = -7.5769147023E+00 -7.5540843586E+00 -5.8087334599E+00
           HessRho_EigVec1 = -5.8602810277E-01 -9.0943746959E-02  8.0517097417E-01
           HessRho_EigVec2 = -1.6914953130E-01  9.8551978165E-01 -1.1798136762E-02
           HessRho_EigVec3 =  7.9243895590E-01  1.4310833260E-01  5.9292538006E-01
           DelSqRho = -2.0939732521E+01
           Bond Ellipticity = NA
           V = -5.2882767398E+00
           G =  2.6671804818E-02
           K =  5.2616049350E+00
           L =  5.2349331302E+00
           Vnuc =  3.6157493422E+01
           Ven = -1.3935361174E+01
           Vrep =  8.6470844341E+00
           DelSqV =  1.2605923393E+03
           DelSqVen =  7.5712824088E+02
           DelSqVrep =  5.0346409838E+02
           DelSqG =  9.7073929834E+01
           DelSqK = -1.3576662691E+03
           Stress_EigVals = -1.9169104969E+00 -1.9116015169E+00 -1.4597647260E+00
           Stress_EigVec1 = -1.6958328826E-01  9.8545492144E-01 -1.0959295341E-02
           Stress_EigVec2 = -5.8410474211E-01 -9.1547304142E-02  8.0649906469E-01
           Stress_EigVec3 =  7.9376517849E-01  1.4317013975E-01  5.9113378561E-01
           -DivStress =  1.8994262054E+01  3.4221856666E+00  1.4201352720E+01
           ESP =  -4.4246439160E-01     ESP at Nucleus =  -4.4616672249E-01
           ESPe = -1.8357776244E+01     ESPe at Nucleus = -1.8139347603E+01
           ESPn =  1.7915311853E+01     ESPn at Nucleus =  1.7693180881E+01

CP# 8      Coords = -1.19172586745270E-01  3.74181160973428E+00  1.57657648910680E-02
           Type = (3,-3) NACP O8
           Rho =  2.9538514523E+02     Rho at Nucleus =  2.9538513461E+02
           GradRho =  1.1951550860E-12 -1.7193935165E-10  1.4169498908E-12
           HessRho_EigVals = -8.2161570799E+05 -8.2160769585E+05 -8.2158175764E+05
           HessRho_EigVec1 =  1.2027809759E-01 -2.4877490247E-03  9.9273712046E-01
           HessRho_EigVec2 = -5.8459183606E-02  9.9824378991E-01  9.5843493806E-03
           HessRho_EigVec3 =  9.9101750897E-01  5.9187388908E-02 -1.1992143220E-01
           DelSqRho = -2.4648051615E+06
           Bond Ellipticity = NA
           V = -6.1634123993E+05
           G =  6.9974781310E+01
           K =  6.1627126515E+05
           L =  6.1620129037E+05
           Vnuc =  1.5736483845E+06
           Ven = -4.6483235659E+08
           Vrep =  4.6421601535E+08
           DelSqV =  3.9202872251E+10
           DelSqVen =  3.8787366707E+12
           DelSqVrep = -3.8395337985E+12
           DelSqG =  1.7143281895E+09
           DelSqK = -4.0917200441E+10
           Stress_EigVals = -2.0545167432E+05 -2.0544556106E+05 -2.0544400456E+05
           Stress_EigVec1 =  9.9099883329E-01  5.9982320004E-02 -1.1968054860E-01
           Stress_EigVec2 = -5.9219145731E-02  9.9819565270E-01  9.9263142849E-03
           Stress_EigVec3 =  1.2006000668E-01 -2.7495860266E-03  9.9276282896E-01
           -DivStress =  6.4669929890E+03 -6.4556154343E+04 -8.8323971642E+02
           ESP =  -2.1793790918E+01     ESP at Nucleus =  -2.1793791005E+01
           ESPe = -3.8997644470E+01     ESPe at Nucleus = -3.8997658493E+01
           ESPn =  1.7203853553E+01     ESPn at Nucleus =  1.7203867488E+01

CP# 9      Coords = -3.67264736677360E-01  4.78609276762394E+00 -1.40938937044290E+00
           Type = (3,-3) NACP H9
           Rho =  3.8545323289E-01     Rho at Nucleus =  3.7555382206E-01
           GradRho =  1.8713329497E-16  1.9862583800E-15 -3.7816971776E-16
           HessRho_EigVals = -7.5778685964E+00 -7.5550149614E+00 -5.8101488991E+00
           HessRho_EigVec1 =  1.9722958477E-02  8.0868842291E-01  5.8790648880E-01
           HessRho_EigVec2 =  9.9029654261E-01  6.5104937527E-02 -1.2277664598E-01
           HessRho_EigVec3 =  1.3756366743E-01 -5.8462328192E-01  7.9955728728E-01
           DelSqRho = -2.0943032457E+01
           Bond Ellipticity = NA
           V = -5.2891224217E+00
           G =  2.6682153737E-02
           K =  5.2624402680E+00
           L =  5.2357581142E+00
           Vnuc =  3.6161888191E+01
           Ven = -1.3938716711E+01
           Vrep =  8.6495942889E+00
           DelSqV =  1.2608569124E+03
           DelSqVen =  7.5733959808E+02
           DelSqVrep =  5.0351731434E+02
           DelSqG =  9.7092075182E+01
           DelSqK = -1.3579489876E+03
           Stress_EigVals = -1.9171599327E+00 -1.9118416269E+00 -1.4601208621E+00
           Stress_EigVec1 =  9.9030542931E-01  6.4162955816E-02 -1.2320012898E-01
           Stress_EigVec2 =  2.0417601937E-02  8.1005449699E-01  5.8599900464E-01
           Stress_EigVec3 =  1.3739824675E-01 -5.8283344705E-01  8.0089131272E-01
           -DivStress = -3.2867852022E+00  1.4001841694E+01 -1.9163064021E+01
           ESP =  -4.4274546493E-01     ESP at Nucleus =  -4.4644443426E-01
           ESPe = -1.8358025053E+01     ESPe at Nucleus = -1.8139725895E+01
           ESPn =  1.7915279589E+01     ESPn at Nucleus =  1.7693281461E+01

CP# 10     Coords = -1.73981091703435E-02  4.77959608283118E+00  1.46381282560626E+00
           Type = (3,-3) NACP H10
           Rho =  3.8507685182E-01     Rho at Nucleus =  3.7518102569E-01
           GradRho =  1.6046192153E-17 -1.0980799603E-15  6.0715321659E-16
           HessRho_EigVals = -7.5687532947E+00 -7.5461269683E+00 -5.8018905295E+00
           HessRho_EigVec1 = -1.1500681552E-01  8.1169204365E-01 -5.7265125396E-01
           HessRho_EigVec2 =  9.9174752252E-01  6.0939712581E-02 -1.1279717642E-01
           HessRho_EigVec3 =  5.6659367819E-02  5.8089790644E-01  8.1200205562E-01
           DelSqRho = -2.0916770793E+01
           Bond Ellipticity = NA
           V = -5.2824714628E+00
           G =  2.6639382303E-02
           K =  5.2558320805E+00
           L =  5.2291926982E+00
           Vnuc =  3.6151344337E+01
           Ven = -1.3921045867E+01
           Vrep =  8.6385744039E+00
           DelSqV =  1.2591241486E+03
           DelSqVen =  7.5616938335E+02
           DelSqVrep =  5.0295476524E+02
           DelSqG =  9.6945257194E+01
           DelSqK = -1.3560694058E+03
           Stress_EigVals = -1.9148871253E+00 -1.9095530324E+00 -1.4580313051E+00
           Stress_EigVec1 =  9.9164168038E-01  6.1622865945E-02 -1.1335519457E-01
           Stress_EigVec2 = -1.1576010276E-01  8.1291901908E-01 -5.7075587341E-01
           Stress_EigVec3 =  5.6976980902E-02  5.7910732236E-01  8.1325785138E-01
           -DivStress =  1.3494337484E+00  1.3902337206E+01  1.9444392660E+01
           ESP =  -4.4277984985E-01     ESP at Nucleus =  -4.4647714343E-01
           ESPe = -1.8355973761E+01     ESPe at Nucleus = -1.8137578594E+01
           ESPn =  1.7913193911E+01     ESPn at Nucleus =  1.7691101451E+01

CP# 11     Coords =  3.74081960013791E+00  1.56931796672881E-01  5.29985062896481E-02
           Type = (3,-3) NACP O11
           Rho =  2.9538470649E+02     Rho at Nucleus =  2.9538469587E+02
           GradRho = -7.9051432067E-11  3.9301339960E-12 -6.9477756881E-13
           HessRho_EigVals = -8.2161446409E+05 -8.2160644407E+05 -8.2158049423E+05
           HessRho_EigVec1 = -3.9760501875E-02  9.9204090911E-01 -1.1947358343E-01
           HessRho_EigVec2 =  9.9920897501E-01  3.9562098225E-02 -4.0329453612E-03
           HessRho_EigVec3 = -7.2577886067E-04  1.1953942877E-01  9.9282918884E-01
           DelSqRho = -2.4648014024E+06
           Bond Ellipticity = NA
           V = -6.1634030440E+05
           G =  6.9976901477E+01
           K =  6.1627032750E+05
           L =  6.1620035060E+05
           Vnuc =  1.5735623012E+06
           Ven = -4.6480623848E+08
           Vrep =  4.6418989817E+08
           DelSqV =  3.9202812826E+10
           DelSqVen =  3.8785185894E+12
           DelSqVrep = -3.8393157766E+12
           DelSqG =  1.7143255196E+09
           DelSqK = -4.0917138346E+10
           Stress_EigVals = -2.0545136528E+05 -2.0544524854E+05 -2.0544369058E+05
           Stress_EigVec1 = -2.9784150265E-04  1.1931724735E-01  9.9285613549E-01
           Stress_EigVec2 =  9.9922474975E-01  3.9121912626E-02 -4.4017538579E-03
           Stress_EigVec3 = -3.9367636136E-02  9.9208511250E-01 -1.1923639876E-01
           -DivStress = -6.4826398390E+04 -2.4855152730E+03  1.3802769450E+03
           ESP =  -2.1794075351E+01     ESP at Nucleus =  -2.1794075439E+01
           ESPe = -3.8995931742E+01     ESPe at Nucleus = -3.8995945785E+01
           ESPn =  1.7201856390E+01     ESPn at Nucleus =  1.7201870346E+01

CP# 12     Coords =  4.72565254670914E+00  1.63342597566260E+00 -1.29667164601711E-01
           Type = (3,-3) NACP H12
           Rho =  3.8545324718E-01     Rho at Nucleus =  3.7555494117E-01
           GradRho = -1.2143064332E-16  9.0097200534E-17  9.5409791179E-18
           HessRho_EigVals = -7.5777852772E+00 -7.5549057212E+00 -5.8102727340E+00
           HessRho_EigVec1 =  8.3443234150E-01 -5.4730122564E-01  6.4684123762E-02
           HessRho_EigVec2 =  1.8807793355E-03  1.2019784696E-01  9.9274817565E-01
           HessRho_EigVec3 =  5.5110718570E-01  8.2825952816E-01 -1.0132632372E-01
           DelSqRho = -2.0942963732E+01
           Bond Ellipticity = NA
           V = -5.2891081281E+00
           G =  2.6683597508E-02
           K =  5.2624245306E+00
           L =  5.2357409331E+00
           Vnuc =  3.6166890440E+01
           Ven = -1.3940645360E+01
           Vrep =  8.6515372322E+00
           DelSqV =  1.2608663095E+03
           DelSqVen =  7.5744187480E+02
           DelSqVrep =  5.0342443471E+02
           DelSqG =  9.7091348597E+01
           DelSqK = -1.3579576581E+03
           Stress_EigVals = -1.9171399769E+00 -1.9118176632E+00 -1.4601504880E+00
           Stress_EigVec1 =  1.2662057393E-03  1.2044990095E-01  9.9271859965E-01
           Stress_EigVec2 =  8.3566297252E-01 -5.4537018710E-01  6.5105724614E-02
           Stress_EigVec3 =  5.4924110651E-01  8.2949573861E-01 -1.0134607313E-01
           -DivStress =  1.3196470272E+01  1.9849442660E+01 -2.4208552675E+00
           ESP =  -4.4299475867E-01     ESP at Nucleus =  -4.4668995125E-01
           ESPe = -1.8362225865E+01     ESPe at Nucleus = -1.8144039331E+01
           ESPn =  1.7919231106E+01     ESPn at Nucleus =  1.7697349379E+01

CP# 13     Coords =  4.84143957976908E+00 -1.23760061975223E+00  2.17726866909460E-01
           Type = (3,-3) NACP H13
           Rho =  3.8524531054E-01     Rho at Nucleus =  3.7534501341E-01
           GradRho = -1.5369649997E-15  3.4390892911E-16  9.1506663358E-17
           HessRho_EigVals = -7.5720625288E+00 -7.5494142567E+00 -5.8043533576E+00
           HessRho_EigVec1 =  7.8748530935E-01  6.1244869748E-01 -6.9090379260E-02
           HessRho_EigVec2 = -2.0663816031E-03  1.1472196230E-01  9.9339549095E-01
           HessRho_EigVec3 = -6.1632995840E-01  7.8214158841E-01 -9.1607412689E-02
           DelSqRho = -2.0925830143E+01
           Bond Ellipticity = NA
           V = -5.2847896842E+00
           G =  2.6666074243E-02
           K =  5.2581236100E+00
           L =  5.2314575358E+00
           Vnuc =  3.6144113885E+01
           Ven = -1.3924350378E+01
           Vrep =  8.6395606933E+00
           DelSqV =  1.2596651555E+03
           DelSqVen =  7.5634558782E+02
           DelSqVrep =  5.0331956769E+02
           DelSqG =  9.6987347786E+01
           DelSqK = -1.3566525033E+03
           Stress_EigVals = -1.9157385423E+00 -1.9103978512E+00 -1.4586532908E+00
           Stress_EigVec1 = -1.0205614368E-03  1.1551484906E-01  9.9330522907E-01
           Stress_EigVec2 =  7.8884562362E-01  6.1056963709E-01 -7.0194731695E-02
           Stress_EigVec3 = -6.1459054707E-01  7.8349284483E-01 -9.1746506970E-02
           -DivStress =  1.4758820144E+01 -1.8737320435E+01  2.1853062905E+00
           ESP =  -4.4306425000E-01     ESP at Nucleus =  -4.4676991509E-01
           ESPe = -1.8349236915E+01     ESPe at Nucleus = -1.8130727706E+01
           ESPn =  1.7906172665E+01     ESPn at Nucleus =  1.7683957790E+01

CP# 14     Coords =  2.15584057129906E-02  4.75549753882670E-02 -3.74149668496097E+00
           Type = (3,-3) NACP O14
           Rho =  2.9538577021E+02     Rho at Nucleus =  2.9538575961E+02
           GradRho = -8.3872492285E-13  1.0294126662E-12  8.5071949485E-11
           HessRho_EigVals = -8.2161753093E+05 -8.2160950881E+05 -8.2158364253E+05
           HessRho_EigVec1 =  9.8565483583E-01  1.6837623232E-01  1.1575361312E-02
           HessRho_EigVec2 = -1.2819777104E-02  6.3054941355E-03  9.9989794182E-01
           HessRho_EigVec3 = -1.6828605978E-01  9.8570263525E-01 -8.3735865551E-03
           DelSqRho = -2.4648106823E+06
           Bond Ellipticity = NA
           V = -6.1634261727E+05
           G =  6.9973348087E+01
           K =  6.1627264392E+05
           L =  6.1620267057E+05
           Vnuc =  1.5744781997E+06
           Ven = -4.6507845571E+08
           Vrep =  4.6446211310E+08
           DelSqV =  3.9202959823E+10
           DelSqVen =  3.8807906836E+12
           DelSqVrep = -3.8415877238E+12
           DelSqG =  1.7143322355E+09
           DelSqK = -4.0917292058E+10
           Stress_EigVals = -2.0545212247E+05 -2.0544602693E+05 -2.0544446787E+05
           Stress_EigVec1 = -1.6806853268E-01  9.8573536407E-01 -8.8747025215E-03
           Stress_EigVec2 = -1.2927651501E-02  6.7979953298E-03  9.9989332585E-01
           Stress_EigVec3 =  9.8569054178E-01  1.6816533318E-01  1.1600714159E-02
           -DivStress = -1.0224643310E+03  1.8069536373E+03  6.4817979168E+04
           ESP =  -2.1793460392E+01     ESP at Nucleus =  -2.1793460480E+01
           ESPe = -3.9002450796E+01     ESPe at Nucleus = -3.9002464843E+01
           ESPn =  1.7208990403E+01     ESPn at Nucleus =  1.7209004363E+01

CP# 15     Coords =  1.46218443861369E+00  2.79447075877278E-01 -4.76873956007743E+00
           Type = (3,-3) NACP H15
           Rho =  3.8506092455E-01     Rho at Nucleus =  3.7516351883E-01
           GradRho = -1.7260498586E-16  1.0104764248E-16  9.6277152917E-16
           HessRho_EigVals = -7.5685713261E+00 -7.5459852363E+00 -5.8015136778E+00
           HessRho_EigVec1 =  5.6624494700E-01  9.9738678995E-02  8.1818020992E-01
           HessRho_EigVec2 = -1.6317425194E-01  9.8656998690E-01 -7.3365152532E-03
           HessRho_EigVec3 =  8.0792377332E-01  1.2935167901E-01 -5.7491505428E-01
           DelSqRho = -2.0916070240E+01
           Bond Ellipticity = NA
           V = -5.2822529639E+00
           G =  2.6617701913E-02
           K =  5.2556352620E+00
           L =  5.2290175600E+00
           Vnuc =  3.6155708472E+01
           Ven = -1.3922150532E+01
           Vrep =  8.6398975684E+00
           DelSqV =  1.2590514907E+03
           DelSqVen =  7.5623533799E+02
           DelSqVrep =  5.0281615276E+02
           DelSqG =  9.6942562834E+01
           DelSqK = -1.3559940536E+03
           Stress_EigVals = -1.9148217077E+00 -1.9094979535E+00 -1.4579333027E+00
           Stress_EigVec1 = -1.6394806369E-01  9.8643271786E-01 -8.4572779382E-03
           Stress_EigVec2 =  5.6423158287E-01  1.0080252181E-01  8.1943979186E-01
           Stress_EigVec3 =  8.0917473595E-01  1.2957370387E-01 -5.7310287206E-01
           -DivStress =  1.9348881522E+01  3.0893083068E+00 -1.3759600620E+01
           ESP =  -4.4256119717E-01     ESP at Nucleus =  -4.4625821331E-01
           ESPe = -1.8361926968E+01     ESPe at Nucleus = -1.8143525341E+01
           ESPn =  1.7919365771E+01     ESPn at Nucleus =  1.7697267128E+01

CP# 16     Coords = -1.39085299454978E+00 -2.09733549520089E-01 -4.80072422020766E+00
           Type = (3,-3) NACP H16
           Rho =  3.8540727952E-01     Rho at Nucleus =  3.7550478577E-01
           GradRho =  1.0156805952E-15  1.1492543028E-16 -3.0201535717E-15
           HessRho_EigVals = -7.5769147023E+00 -7.5540843586E+00 -5.8087334599E+00
           HessRho_EigVec1 = -5.8602810277E-01 -9.0943746959E-02  8.0517097417E-01
           HessRho_EigVec2 = -1.6914953130E-01  9.8551978165E-01 -1.1798136762E-02
           HessRho_EigVec3 =  7.9243895590E-01  1.4310833260E-01  5.9292538006E-01
           DelSqRho = -2.0939732521E+01
           Bond Ellipticity = NA
           V = -5.2882767398E+00
           G =  2.6671804818E-02
           K =  5.2616049350E+00
           L =  5.2349331302E+00
           Vnuc =  3.6157493422E+01
           Ven = -1.3935361174E+01
           Vrep =  8.6470844341E+00
