AIMSum (Version 16.05.18, Professional)
Copyright (c) 1997-2016 by Todd A. Keith
AIMSum is a component of the AIMAll package ( http://aim.tkgristmill.com )

TP:  64-bit Linux

Licensed To:  Research Group of Fernando Cortes Guzman, UNAM, fercor@unam.mx

Much of the Quantum Theory of Atoms in Molecules (QTAIM) is described in the book:
  "Atoms in Molecules - A Quantum Theory"
  R.F.W. Bader, Oxford University Press, Oxford, 1990

For additional references see:  http://aim.tkgristmill.com/references.html

Wfx File:  /home/david/David/max_int/Ni34_alpha.wfx
Sum File:  /home/david/David/max_int/Ni34_alpha.sum

SumViz File:  /home/david/David/max_int/Ni34_alpha.sumviz

Wfx Title:   Ni[H2O]6 (3+)                                                                 
 
Total memory allocated for AIMSum =        1.189 Megabytes

Atomic units (a.u.) used throughout, except where stated otherwise

Model:  Unknown
 
Unrestricted, natural orbital wavefunction.
  Number of electrons (from MO Occs)                   =          44.0000000000
  Number of Alpha electrons (from MO Occs)             =          44.0000000000
  Number of Beta electrons (from MO Occs)              =           0.0000000000
  Number of electron pairs (N*(N-1)/2)                 =         946.0000000000
  Number of electron pairs (from Muller 2EDM)          =         946.0000000000
  Number of electron pairs (from Muller 2EDM, no SOSI) =         946.0000000000
 
Nuclear Charges and Cartesian Coordinates:
-------------------------------------------------------------------------------
Atom      Charge                X                  Y                  Z
-------------------------------------------------------------------------------
Ni1       28.0           0.0000000000E+00   0.0000000000E+00   0.0000000000E+00
O2         8.0          -3.7408145210E+00  -1.5693160195E-01  -5.2998614475E-02
H3         1.0          -4.7558343458E+00  -1.6788308211E+00   1.3520510698E-01
H4         1.0          -4.8752225731E+00   1.2804971887E+00  -2.2272735739E-01
O5         8.0          -2.1558325585E-02  -4.7555117006E-02   3.7414916065E+00
H6         1.0          -1.5065019491E+00  -2.8652029742E-01   4.8002493371E+00
H7         1.0           1.4343085705E+00   2.1756345469E-01   4.8332098966E+00
O8         8.0          -1.1917207999E-01   3.7418065517E+00   1.5765695677E-02
H9         1.0          -3.7478454891E-01   4.8181167227E+00  -1.4532239961E+00
H10        1.0          -1.4311006685E-02   4.8114314272E+00   1.5083473386E+00
O11        8.0           3.7408145210E+00   1.5693160195E-01   5.2998614475E-02
H12        1.0           4.7558343458E+00   1.6788308211E+00  -1.3520510698E-01
H13        1.0           4.8752225731E+00  -1.2804971887E+00   2.2272735739E-01
O14        8.0           2.1558325585E-02   4.7555117006E-02  -3.7414916065E+00
H15        1.0           1.5065019491E+00   2.8652029742E-01  -4.8002493371E+00
H16        1.0          -1.4343085705E+00  -2.1756345469E-01  -4.8332098966E+00
O17        8.0           1.1917207999E-01  -3.7418065517E+00  -1.5765695677E-02
H18        1.0           3.7478454891E-01  -4.8181167227E+00   1.4532239961E+00
H19        1.0           1.4311006685E-02  -4.8114314272E+00  -1.5083473386E+00
 
Some Atomic Properties:
----------------------
  q(A) = Net Charge of Atom A
  L(A) = Lagrangian of Atom A = -(1/4) Times Atomic Integral of the Laplacian of the Electron Density
  K(A) = Electronic Kinetic Energy of Atom A (Hamiltonian Form)
  K_Scaled(A) = K(A) * E(Mol)/K(Mol) = Approximation to Virial-Based Total Energy of Atom A.
  |Mu_Intra(A)| = Magnitude of Intraatomic Dipole Moment of Atom A
--------------------------------------------------------------------------------------------------
Atom A          q(A)              L(A)              K(A)          K_Scaled(A)      |Mu_Intra(A)|
--------------------------------------------------------------------------------------------------
Ni1       1.3731261290E+01 -1.9489984534E-03  7.6668848863E+02 -7.6782023225E+02  1.2870859478E-05
O2        3.3482263483E+00  1.7760694987E-05  3.7960924429E+01 -3.8016960270E+01  1.2576774677E-01
H3        8.4818196071E-01  8.4978675427E-06  1.4735792240E-01 -1.4757544411E-01  5.5458587152E-02
H4        8.4808824522E-01  8.1370959937E-06  1.4745806634E-01 -1.4767573587E-01  5.5472421275E-02
O5        3.3479415876E+00  2.9703090034E-05  3.7963300505E+01 -3.8019339853E+01  1.2601046674E-01
H6        8.4823264567E-01  8.7869535206E-06  1.4733363338E-01 -1.4755111923E-01  5.5415180819E-02
H7        8.4834244574E-01  7.8664233505E-06  1.4725707765E-01 -1.4747445050E-01  5.5402282870E-02
O8        3.3481399429E+00  1.1989294253E-05  3.7961607532E+01 -3.8017644381E+01  1.2582269936E-01
H9        8.4821843566E-01  7.4899521508E-06  1.4734034775E-01 -1.4755784352E-01  5.5442865742E-02
H10       8.4815416459E-01  8.5362882193E-06  1.4738941555E-01 -1.4760698375E-01  5.5443633624E-02
O11       3.3482240210E+00  1.6633218293E-05  3.7960925491E+01 -3.8016961334E+01  1.2576717221E-01
H12       8.4818197831E-01  8.2352480540E-06  1.4735769960E-01 -1.4757522098E-01  5.5459462135E-02
H13       8.4808857367E-01  8.4477226807E-06  1.4745805911E-01 -1.4767572863E-01  5.5472525485E-02
O14       3.3479436418E+00  3.0788523722E-05  3.7963299689E+01 -3.8019339036E+01  1.2600843024E-01
H15       8.4823168881E-01  7.8587972642E-06  1.4733361237E-01 -1.4755109819E-01  5.5415720066E-02
H16       8.4834286235E-01  8.8384683838E-06  1.4725760462E-01 -1.4747497824E-01  5.5401902861E-02
O17       3.3481409545E+00  1.2521209149E-05  3.7961607186E+01 -3.8017644034E+01  1.2581878130E-01
H18       8.4821885110E-01  8.6173373121E-06  1.4734101196E-01 -1.4755850870E-01  5.5442526183E-02
H19       8.4815389653E-01  8.1692396972E-06  1.4738928205E-01 -1.4760685004E-01  5.5443883118E-02
--------------------------------------------------------------------------------------------------
Total     4.3998313534E+01 -1.7301210288E-03  9.9622842719E+02 -9.9769900512E+02
 
Molecular charge q(Mol) from the wfx file:   4.4000000000E+01
Molecular energy E(Mol) from the wfx file:  -1.9656350055E+03
Molecular virial ratio (-V(Mol)/T(Mol)) from the wfx file:   2.0014761453E+00
Full molecular virial ratio ((-V(Mol)+W(Mol))/T(Mol)) from the wfx file:   2.0014761532E+00
Note.  K_Scaled(A) = (1+V(Mol)/T(Mol))*K(A) = (E(Mol)/T(Mol))*K(A)
       Only use K_Scaled(A) data with caution.
 
N_AIMInt(SumA)     =         44.001686
N_Analytic(Mol)    =         44.000000
 
G_AIMInt(SumA)     =        996.230157
G_Analytic(Mol)    =        996.228564
 
K_AIMInt(SumA)     =        996.228427
K_Analytic(Mol)    =        996.228564
 
L_AIMInt(SumA)     =         -0.001730
L_Analytic(Mol)    =          0.000000
 
VenT_AIMInt(SumA)  =      -3128.092980
VenT_Analytic(Mol) =      -3128.053070
 
Some Information About the Atomic Calculations:
----------------------------------------------
  Time(sec) = "Elapsed User Time", in Seconds, for Atom A by AIMInt and, if used, by TWOe
  NProc = Number of Processors Used for AIMInt Job
  BIM = Basin Integration Method
  OAQ = Angular Quadrature Outside of Beta Sphere
  ORQ = Multiple of Default for Radial Quadrature Outside of Beta Sphere
  IAQ = Multiple of Default for Angular Quadrature Inside of Beta Sphere
  IRQ = Multiple of Default for Radial Quadrature Inside of Beta Sphere
  MIR = Maximum Integration Radius
------------------------------------------------------------------------------------------------------
Atom A     Time(sec)   NProc      BIM              OAQ                 ORQ      IAQ      IRQ      MIR
------------------------------------------------------------------------------------------------------
Ni1           885        8     Proaim(5)    4334      (Very High)      Auto     Auto     Auto    13.00
O2            441        8     Proaim(5)    4334      (Very High)      Auto     Auto     Auto    13.00
H3            124        8     Proaim(5)    2030      (Very High)      Auto     Auto     Auto    13.00
H4            133        8     Proaim(5)    2030      (Very High)      Auto     Auto     Auto    13.00
O5            440        8     Proaim(5)    4334      (Very High)      Auto     Auto     Auto    13.00
H6            118        8     Proaim(5)    2030      (Very High)      Auto     Auto     Auto    13.00
H7            118        8     Proaim(5)    2030      (Very High)      Auto     Auto     Auto    13.00
O8            450        8     Proaim(5)    4334      (Very High)      Auto     Auto     Auto    13.00
H9            111        8     Proaim(5)    2030      (Very High)      Auto     Auto     Auto    13.00
H10           126        8     Proaim(5)    2030      (Very High)      Auto     Auto     Auto    13.00
O11           443        8     Proaim(5)    4334      (Very High)      Auto     Auto     Auto    13.00
H12           124        8     Proaim(5)    2030      (Very High)      Auto     Auto     Auto    13.00
H13           123        8     Proaim(5)    2030      (Very High)      Auto     Auto     Auto    13.00
O14           459        8     Proaim(5)    4334      (Very High)      Auto     Auto     Auto    13.00
H15           120        8     Proaim(5)    2030      (Very High)      Auto     Auto     Auto    13.00
H16           118        8     Proaim(5)    2030      (Very High)      Auto     Auto     Auto    13.00
O17           446        8     Proaim(5)    4334      (Very High)      Auto     Auto     Auto    13.00
H18           132        8     Proaim(5)    2030      (Very High)      Auto     Auto     Auto    13.00
H19           126        8     Proaim(5)    2030      (Very High)      Auto     Auto     Auto    13.00
------------------------------------------------------------------------------------------------------
Total        5037
Note:  Total wall clock time is less than total of atomic times if more than one atom
       was calculated at a time
Note:  Total time does not include times for diatomic interaction energy calculations (2999 seconds)
 
Electron Density Critical Point Analysis of Molecular Structure:               
---------------------------------------------------------------                
  NACP = Nuclear Attractor Critical Point                                      
  NNACP = Non-Nuclear Attractor Critical Point                                 
  BCP = Bond Critical Point                                                    
  RCP = Ring Critical Point                                                    
  CCP = Cage Critical Point                                                    
  Rho = Electron Density                                                       
  GradRho = Gradient of Electron Density                                       
  HessRho_EigVals = Eigenvalues of the Hessian of Rho, Ascending Order         
  HessRho_EigVecs = Eigenvectors of the Hessian of Rho                         
  DelSqRho = Laplacian of Rho = Trace of Hessian of Rho                        
  Bond Ellipticity = (HessRho_EigVal(1) / HessRho_EigVal(2)) - 1               
  V = Virial Field = Potential Energy Density = Trace of Stress Tensor         
  G = Lagrangian Form of Kinetic Energy Density                                
  K = Hamiltonian Form of Kinetic Energy Density                               
  L = K - G = Lagrangian Density = (-1/4)DelSqRho                              
  Vnuc = Electrostatic Potential from Nuclei                                   
  Ven = Electron-nuclear attractive contribution to Virial Field V             
  Vrep = V - Ven = Repulsive contribution to Virial Field V                    
  DelSqV = Laplacian of V                                                      
  DelSqVen = Laplacian of Ven                                                  
  DelSqVrep = Laplacian of Vrep                                                
  DelSqG = Laplacian of G                                                      
  DelSqK = Laplacian of K                                                      
  Stress_EigVals = Eigenvalues of Stress Tensor, Ascending Order               
  Stress_EigVecs = Eigenvectors of Stress Tensor                               
  -DivStress = Ehrenfest Force Density = Minus Divergence of Stress Tensor     
  ESP = Total Electrostatic Potential                                          
  ESPe = Electrostatic Potential from Electrons                                
  ESPn = Electrostatic Potential from Nuclei                                   
  BP = Bond Path                                                               
  BPL = Bond Path Length                                                       
  GBL = Geometric Bond Length                                                  
  GBL_I = Distance Between Nuclear Attractors                                  
  GBL_II = Distance Between Nuclei                                             
  GBL_III = Sum of Distances Between BCP and Nuclear Attractors                
  GBL_IV = Sum of Distances Between BCP and Nuclei                             

CP# 1      Coords =  9.45988997968114E-25 -3.73743127286823E-25  4.93240550371580E-25
           Type = (3,-3) NACP Ni1
           Rho =  7.2863958544E+03     Rho at Nucleus =  7.2863958544E+03
           GradRho = -7.8010775207E-17  1.4763711971E-16  1.5283712602E-16
           HessRho_EigVals = -4.2231097594E+08 -4.2231091792E+08 -4.2231091679E+08
           HessRho_EigVec1 =  6.0539210193E-01 -5.5507501251E-01 -5.7043153262E-01
           HessRho_EigVec2 = -2.1876520175E-01 -8.0512823778E-01  5.5128060662E-01
           HessRho_EigVec3 =  7.6527262425E-01  2.0895035588E-01  6.0884937329E-01
           DelSqRho = -1.2669328106E+09
           Bond Ellipticity = NA
           V = -3.1700314647E+08
           G =  1.3497190498E+05
           K =  3.1686817456E+08
           L =  3.1673320266E+08
           Vnuc =  2.8000000152E+09
           Ven = -2.0401908503E+13
           Vrep =  2.0401591500E+13
           DelSqV =  6.5862687472E+14
           DelSqVen =  6.1205725177E+29
           DelSqVrep = -6.1205725177E+29
           DelSqG =  1.8385959872E+13
           DelSqK = -6.7701283460E+14
           Stress_EigVals = -1.0566772005E+08 -1.0566771975E+08 -1.0566770667E+08
           Stress_EigVec1 =  7.8722650115E-01  2.9140558890E-01  5.4346777149E-01
           Stress_EigVec2 = -1.3380105753E-01 -7.7959162900E-01  6.1182854543E-01
           Stress_EigVec3 =  6.0197318287E-01 -5.5436420768E-01 -5.7472481446E-01
           -DivStress = -1.9575845863E-10  7.7715975061E-11 -1.0182779873E-10
           ESP =  -5.8332990186E+01     ESP at Nucleus =  -5.8332990186E+01
           ESPe = -7.3534687878E+01     ESPe at Nucleus = -7.3534687878E+01
           ESPn =  1.5201697693E+01     ESPn at Nucleus =  1.5201697693E+01

CP# 2      Coords = -3.74082111444960E+00 -1.56931840882799E-01 -5.29984649400619E-02
           Type = (3,-3) NACP O2
           Rho =  1.4777373967E+02     Rho at Nucleus =  1.4777373072E+02
           GradRho = -4.2760139708E-12 -4.4331784337E-12  2.5313258434E-13
           HessRho_EigVals = -4.1103992594E+05 -4.1103343334E+05 -4.1102209806E+05
           HessRho_EigVec1 = -3.7324400183E-02  9.9158829207E-01 -1.2393364426E-01
           HessRho_EigVec2 =  9.9928546894E-01  3.7774420195E-02  1.2824771397E-03
           HessRho_EigVec3 = -5.9532108710E-03  1.2379722213E-01  9.9228967901E-01
           DelSqRho = -1.2330954573E+06
           Bond Ellipticity = NA
           V = -3.0834569210E+05
           G =  3.5913883851E+01
           K =  3.0830977822E+05
           L =  3.0827386434E+05
           Vnuc =  1.2122278920E+06
           Ven = -1.7913544894E+08
           Vrep =  1.7882710325E+08
           DelSqV =  1.9612472234E+10
           DelSqVen =  1.4947927091E+12
           DelSqVrep = -1.4751802369E+12
           DelSqG =  8.5766171459E+08
           DelSqK = -2.0470133949E+10
           Stress_EigVals = -1.0278415343E+05 -1.0278144191E+05 -1.0278009676E+05
           Stress_EigVec1 = -5.3486761215E-03  1.2410702739E-01  9.9225442172E-01
           Stress_EigVec2 =  9.9930062855E-01  3.7386480782E-02  7.1051375559E-04
           Stress_EigVec3 = -3.7008721118E-02  9.9156426761E-01 -1.2422019866E-01
           -DivStress =  4.2100884395E+04  1.5257638356E+03 -9.5453042120E+02
           ESP =  -2.7259569424E+00     ESP at Nucleus =  -2.7259485917E+00
           ESPe = -1.9927809174E+01     ESPe at Nucleus = -1.9927818938E+01
           ESPn =  1.7201852231E+01     ESPn at Nucleus =  1.7201870346E+01

CP# 3      Coords = -4.72602743934471E+00 -1.63332438634953E+00  1.29601800615037E-01
           Type = (3,-3) NACP H3
           Rho =  1.9347290895E-01     Rho at Nucleus =  1.8852236420E-01
           GradRho =  2.2933734515E-13  3.5039375915E-13 -4.3217165957E-14
           HessRho_EigVals = -3.8036733708E+00 -3.7929980352E+00 -2.9198494368E+00
           HessRho_EigVec1 =  8.3753076437E-01 -5.4226719327E-01  6.6996341945E-02
           HessRho_EigVec2 = -9.8605475562E-05  1.2246629330E-01  9.9247266828E-01
           HessRho_EigVec3 =  5.4639016189E-01  8.3123299869E-01 -1.0251581772E-01
           DelSqRho = -1.0516520843E+01
           Bond Ellipticity = NA
           V = -2.6563914892E+00
           G =  1.3630639264E-02
           K =  2.6427608500E+00
           L =  2.6291302107E+00
           Vnuc =  3.6204100194E+01
           Ven = -7.0045125806E+00
           Vrep =  4.3481210914E+00
           DelSqV =  6.3347201651E+02
           DelSqVen =  3.8074117429E+02
           DelSqVrep =  2.5273084222E+02
           DelSqG =  4.8778931385E+01
           DelSqK = -6.8225094789E+02
           Stress_EigVals = -9.6257197164E-01 -9.6000160243E-01 -7.3381791516E-01
           Stress_EigVec1 = -2.7427522827E-04  1.2247003268E-01  9.9247217385E-01
           Stress_EigVec2 =  8.3913990967E-01 -5.3979291203E-01  6.6841784197E-02
           Stress_EigVec3 =  5.4391556033E-01  8.3284134336E-01 -1.0262144033E-01
           -DivStress = -6.5442261663E+00 -9.9905715883E+00  1.2300387223E+00
           ESP =   8.4331481370E+00     ESP at Nucleus =   8.3236981826E+00
           ESPe = -9.4851205653E+00     ESPe at Nucleus = -9.3736511969E+00
           ESPn =  1.7918268702E+01     ESPn at Nucleus =  1.7697349379E+01

CP# 4      Coords = -4.84184696570420E+00  1.23748812826409E+00 -2.17636493658340E-01
           Type = (3,-3) NACP H4
           Rho =  1.9355838867E-01     Rho at Nucleus =  1.8860759148E-01
           GradRho =  5.4000840664E-15 -4.6999079975E-15  5.9761223747E-16
           HessRho_EigVals = -3.8051557736E+00 -3.7945936292E+00 -2.9211733667E+00
           HessRho_EigVec1 =  7.9115801931E-01  6.0798501721E-01 -6.6507197566E-02
           HessRho_EigVec2 =  4.4226585624E-03 -1.1442508513E-01 -9.9342203518E-01
           HessRho_EigVec3 = -6.1159580490E-01  7.8565967107E-01 -9.3217233849E-02
           DelSqRho = -1.0520922769E+01
           Bond Ellipticity = NA
           V = -2.6574658660E+00
           G =  1.3617586833E-02
           K =  2.6438482792E+00
           L =  2.6302306924E+00
           Vnuc =  3.6194089685E+01
           Ven = -7.0056696790E+00
           Vrep =  4.3482038129E+00
           DelSqV =  6.3374671065E+02
           DelSqVen =  3.8079522229E+02
           DelSqVrep =  2.5295148836E+02
           DelSqG =  4.8797049409E+01
           DelSqK = -6.8254376006E+02
           Stress_EigVals = -9.6294758355E-01 -9.6037236538E-01 -7.3414591710E-01
           Stress_EigVec1 = -2.0370270674E-03  1.1632632905E-01  9.9320895872E-01
           Stress_EigVec2 =  7.9296553706E-01  6.0531596767E-01 -6.9269302868E-02
           Stress_EigVec3 = -6.0926308567E-01  7.8743937192E-01 -9.3475815000E-02
           -DivStress = -7.3308324032E+00  9.4461279357E+00 -1.1185915575E+00
           ESP =   8.4259853485E+00     ESP at Nucleus =   8.3164599052E+00
           ESPe = -9.4790406806E+00     ESPe at Nucleus = -9.3674978852E+00
           ESPn =  1.7905026029E+01     ESPn at Nucleus =  1.7683957790E+01

CP# 5      Coords = -2.15584405964855E-02 -4.75549363443232E-02  3.74149820028827E+00
           Type = (3,-3) NACP O5
           Rho =  1.4777450877E+02     Rho at Nucleus =  1.4777449983E+02
           GradRho =  4.8342926884E-13  5.9724881291E-13  6.4159265140E-11
           HessRho_EigVals = -4.1104206173E+05 -4.1103556659E+05 -4.1102422218E+05
           HessRho_EigVec1 =  9.8484109343E-01  1.7291516287E-01  1.3724690722E-02
           HessRho_EigVec2 = -1.4229687966E-02  1.6811696060E-03  9.9989733955E-01
           HessRho_EigVec3 = -1.7287433779E-01  9.8493528727E-01 -4.1162137253E-03
           DelSqRho = -1.2331018505E+06
           Bond Ellipticity = NA
           V = -3.0834731671E+05
           G =  3.5927040961E+01
           K =  3.0831138967E+05
           L =  3.0827546263E+05
           Vnuc =  1.2126340649E+06
           Ven = -1.7919640327E+08
           Vrep =  1.7888805595E+08
           DelSqV =  1.9612574205E+10
           DelSqVen =  1.4953013084E+12
           DelSqVrep = -1.4756887342E+12
           DelSqG =  8.5766621277E+08
           DelSqK = -2.0470240418E+10
           Stress_EigVals = -1.0278469683E+05 -1.0278198294E+05 -1.0278063693E+05
           Stress_EigVec1 = -1.7318682528E-01  9.8487697583E-01 -4.8647746305E-03
           Stress_EigVec2 = -1.4453011228E-02  2.3974379027E-03  9.9989267562E-01
           Stress_EigVec3 =  9.8478293751E-01  1.7323854875E-01  1.3819233330E-02
           -DivStress =  7.3425630014E+02 -1.1532728076E+03 -4.2103256009E+04
           ESP =  -2.7230625779E+00     ESP at Nucleus =  -2.7230542222E+00
           ESPe = -1.9932048816E+01     ESPe at Nucleus = -1.9932058585E+01
           ESPn =  1.7208986238E+01     ESPn at Nucleus =  1.7209004363E+01

CP# 6      Coords = -1.46209425293974E+00 -2.79350653849747E-01  4.76914719305281E+00
           Type = (3,-3) NACP H6
           Rho =  1.9344598940E-01     Rho at Nucleus =  1.8849633049E-01
           GradRho =  7.6981823693E-14  1.2502802613E-14 -5.5749660463E-14
           HessRho_EigVals = -3.8029065970E+00 -3.7923557939E+00 -2.9192122491E+00
           HessRho_EigVec1 =  5.6167719210E-01  9.7349973276E-02  8.2160922255E-01
           HessRho_EigVec2 = -1.6323098492E-01  9.8657360982E-01 -5.3064074216E-03
           HessRho_EigVec3 =  8.1109455518E-01  1.3113159460E-01 -5.7002642698E-01
           DelSqRho = -1.0514474640E+01
           Bond Ellipticity = NA
           V = -2.6558146072E+00
           G =  1.3597973591E-02
           K =  2.6422166336E+00
           L =  2.6286186600E+00
           Vnuc =  3.6203749121E+01
           Ven = -7.0034700689E+00
           Vrep =  4.3476554618E+00
           DelSqV =  6.3333112300E+02
           DelSqVen =  3.8066340201E+02
           DelSqVrep =  2.5266772099E+02
           DelSqG =  4.8765705635E+01
           DelSqK = -6.8209682864E+02
           Stress_EigVals = -9.6236776501E-01 -9.5979651282E-01 -7.3365032935E-01
           Stress_EigVec1 = -1.6499875112E-01  9.8626311995E-01 -7.7762683194E-03
           Stress_EigVec2 =  5.5878167599E-01  9.9973547342E-02  8.2326686342E-01
           Stress_EigVec3 =  8.1273516640E-01  1.3149276806E-01 -5.6760126959E-01
           -DivStress = -9.7472766357E+00 -1.5742270276E+00  6.8273997701E+00
           ESP =   8.4323142634E+00     ESP at Nucleus =   8.3228488632E+00
           ESPe = -9.4859283940E+00     ESPe at Nucleus = -9.3744182647E+00
           ESPn =  1.7918242657E+01     ESPn at Nucleus =  1.7697267128E+01

CP# 7      Coords =  1.39073281921360E+00  2.09660197059731E-01  4.80109410903029E+00
           Type = (3,-3) NACP H7
           Rho =  1.9344155810E-01     Rho at Nucleus =  1.8848883830E-01
           GradRho = -1.8444555779E-14 -3.3118039561E-15 -1.1719281890E-14
           HessRho_EigVals = -3.8030212178E+00 -3.7923496662E+00 -2.9188432317E+00
           HessRho_EigVec1 = -5.8109845230E-01 -9.2609783016E-02  8.0854685506E-01
           HessRho_EigVec2 = -1.7131035543E-01  9.8516347367E-01 -1.0280674295E-02
           HessRho_EigVec3 =  7.9559873734E-01  1.4448653304E-01  5.8834198466E-01
           DelSqRho = -1.0514214116E+01
           Bond Ellipticity = NA
           V = -2.6558150755E+00
           G =  1.3630773283E-02
           K =  2.6421843022E+00
           L =  2.6285535289E+00
           Vnuc =  3.6193933845E+01
           Ven = -7.0014109565E+00
           Vrep =  4.3455958810E+00
           DelSqV =  6.3328877889E+02
           DelSqVen =  3.8055077013E+02
           DelSqVrep =  2.5273800876E+02
           DelSqG =  4.8766268653E+01
           DelSqK = -6.8205504754E+02
           Stress_EigVals = -9.6240837031E-01 -9.5983998432E-01 -7.3356672086E-01
           Stress_EigVec1 = -1.7153750032E-01  9.8512898881E-01 -9.7857748494E-03
           Stress_EigVec2 = -5.7866058866E-01 -9.2711469487E-02  8.1028174517E-01
           Stress_EigVec3 =  7.9732478271E-01  1.4465634735E-01  5.8595881429E-01
           -DivStress =  9.5646170356E+00  1.7345429673E+00  7.0495439657E+00
           ESP =   8.4312929648E+00     ESP at Nucleus =   8.3217243803E+00
           ESPe = -9.4830643636E+00     ESPe at Nucleus = -9.3714565005E+00
           ESPn =  1.7914357328E+01     ESPn at Nucleus =  1.7693180881E+01

CP# 8      Coords = -1.19172688607349E-01  3.74181312226637E+00  1.57657923175547E-02
           Type = (3,-3) NACP O8
           Rho =  1.4777403067E+02     Rho at Nucleus =  1.4777402172E+02
           GradRho =  2.6370659129E-12  4.6114586948E-11  5.1090617739E-13
           HessRho_EigVals = -4.1104073200E+05 -4.1103424062E+05 -4.1102290046E+05
           HessRho_EigVec1 =  1.2501068483E-01 -4.5906091154E-03  9.9214477522E-01
           HessRho_EigVec2 = -5.6377071678E-02  9.9834072412E-01  1.1722813704E-02
           HessRho_EigVec3 =  9.9055234817E-01  5.7399694077E-02 -1.2454445252E-01
           DelSqRho = -1.2330978731E+06
           Bond Ellipticity = NA
           V = -3.0834630329E+05
           G =  3.5917508808E+01
           K =  3.0831038578E+05
           L =  3.0827446827E+05
           Vnuc =  1.2122565024E+06
           Ven = -1.7914002957E+08
           Vrep =  1.7883168326E+08
           DelSqV =  1.9612510672E+10
           DelSqVen =  1.4948309105E+12
           DelSqVrep = -1.4752184003E+12
           DelSqG =  8.5766340415E+08
           DelSqK = -2.0470174076E+10
           Stress_EigVals = -1.0278435781E+05 -1.0278164528E+05 -1.0278030019E+05
           Stress_EigVec1 =  9.9044255128E-01  5.8637033777E-02 -1.2484090228E-01
           Stress_EigVec2 = -5.7573792270E-02  9.9826779269E-01  1.2110843068E-02
           Stress_EigVec3 =  1.2533479587E-01 -4.8075301318E-03  9.9210285586E-01
           -DivStress =  3.8857188650E+03 -4.1954358205E+04 -6.1699057986E+02
           ESP =  -2.7251597674E+00     ESP at Nucleus =  -2.7251514248E+00
           ESPe = -1.9929009157E+01     ESPe at Nucleus = -1.9929018913E+01
           ESPn =  1.7203849390E+01     ESPn at Nucleus =  1.7203867488E+01

CP# 9      Coords = -3.67211107713653E-01  4.78646711247010E+00 -1.40926946623904E+00
           Type = (3,-3) NACP H9
           Rho =  1.9347336647E-01     Rho at Nucleus =  1.8852223936E-01
           GradRho =  6.3410648260E-15 -2.5256076256E-14  3.6555814257E-14
           HessRho_EigVals = -3.8037128001E+00 -3.7930447019E+00 -2.9197743699E+00
           HessRho_EigVec1 =  2.0102786156E-02  8.1206169506E-01  5.8322524072E-01
           HessRho_EigVec2 =  9.9013933395E-01  6.4718516022E-02 -1.2424014267E-01
           HessRho_EigVec3 =  1.3863613294E-01 -5.7997182441E-01  8.0275320338E-01
           DelSqRho = -1.0516531872E+01
           Bond Ellipticity = NA
           V = -2.6563967727E+00
           G =  1.3631902376E-02
           K =  2.6427648704E+00
           L =  2.6291329680E+00
           Vnuc =  3.6199012907E+01
           Ven = -7.0035448903E+00
           Vrep =  4.3471481175E+00
           DelSqV =  6.3346566029E+02
           DelSqVen =  3.8068807297E+02
           DelSqVrep =  2.5277758732E+02
           DelSqG =  4.8779044305E+01
           DelSqK = -6.8224470460E+02
           Stress_EigVals = -9.6258314829E-01 -9.6001346401E-01 -7.3380016043E-01
           Stress_EigVec1 =  9.9014443214E-01  6.3961508833E-02 -1.2459104655E-01
           Stress_EigVec2 =  2.0505805762E-02  8.1382010378E-01  5.8075498328E-01
           Stress_EigVec3 =  1.3854066343E-01 -5.7758615294E-01  8.0448786225E-01
           -DivStress = -1.6622958601E+00  6.9487946980E+00 -9.6499141482E+00
           ESP =   8.4312589422E+00     ESP at Nucleus =   8.3217543818E+00
           ESPe = -9.4830572239E+00     ESPe at Nucleus = -9.3715270794E+00
           ESPn =  1.7914316166E+01     ESPn at Nucleus =  1.7693281461E+01

CP# 10     Coords = -1.75061499973570E-02  4.78000148607563E+00  1.46371964131381E+00
           Type = (3,-3) NACP H10
           Rho =  1.9347407221E-01     Rho at Nucleus =  1.8852534850E-01
           GradRho = -7.6974017438E-15 -7.7128367170E-14 -1.0785557831E-13
           HessRho_EigVals = -3.8034752274E+00 -3.7929209286E+00 -2.9198928435E+00
           HessRho_EigVec1 = -1.1438748215E-01  8.1517010961E-01 -5.6781440306E-01
           HessRho_EigVec2 =  9.9171471100E-01  6.0064839580E-02 -1.1355239773E-01
           HessRho_EigVec3 =  5.8458839474E-02  5.7609886950E-01  8.1528685543E-01
           DelSqRho = -1.0516289000E+01
           Bond Ellipticity = NA
           V = -2.6562822881E+00
           G =  1.3605019118E-02
           K =  2.6426772690E+00
           L =  2.6290722499E+00
           Vnuc =  3.6200950860E+01
           Ven = -7.0039453805E+00
           Vrep =  4.3476630924E+00
           DelSqV =  6.3346676855E+02
           DelSqVen =  3.8069966130E+02
           DelSqVrep =  2.5276710725E+02
           DelSqG =  4.8775149175E+01
           DelSqK = -6.8224191772E+02
           Stress_EigVals = -9.6251643628E-01 -9.5994354664E-01 -7.3382230521E-01
           Stress_EigVec1 =  9.9142972800E-01  6.1961346947E-02 -1.1501254685E-01
           Stress_EigVec2 = -1.1660186352E-01  8.1671627816E-01 -5.6513584775E-01
           Stress_EigVec3 =  5.8916040866E-02  5.7370315711E-01  8.1694160602E-01
           -DivStress =  7.0219432563E-01  6.9005965806E+00  9.7973007030E+00
           ESP =   8.4293796160E+00     ESP at Nucleus =   8.3199191517E+00
           ESPe = -9.4826732527E+00     ESPe at Nucleus = -9.3711822993E+00
           ESPn =  1.7912052869E+01     ESPn at Nucleus =  1.7691101451E+01

CP# 11     Coords =  3.74082111444960E+00  1.56931840882799E-01  5.29984649400619E-02
           Type = (3,-3) NACP O11
           Rho =  1.4777373967E+02     Rho at Nucleus =  1.4777373072E+02
           GradRho =  4.2742376140E-12  4.4333305473E-12 -2.5335636367E-13
           HessRho_EigVals = -4.1103992594E+05 -4.1103343334E+05 -4.1102209806E+05
           HessRho_EigVec1 = -3.7324400182E-02  9.9158829207E-01 -1.2393364425E-01
           HessRho_EigVec2 =  9.9928546894E-01  3.7774420194E-02  1.2824771400E-03
           HessRho_EigVec3 = -5.9532108711E-03  1.2379722213E-01  9.9228967901E-01
           DelSqRho = -1.2330954573E+06
           Bond Ellipticity = NA
           V = -3.0834569210E+05
           G =  3.5913883851E+01
           K =  3.0830977822E+05
           L =  3.0827386434E+05
           Vnuc =  1.2122278920E+06
           Ven = -1.7913544894E+08
           Vrep =  1.7882710325E+08
           DelSqV =  1.9612472234E+10
           DelSqVen =  1.4947927091E+12
           DelSqVrep = -1.4751802369E+12
           DelSqG =  8.5766171459E+08
           DelSqK = -2.0470133949E+10
           Stress_EigVals = -1.0278415343E+05 -1.0278144191E+05 -1.0278009676E+05
           Stress_EigVec1 = -5.3486761214E-03  1.2410702739E-01  9.9225442172E-01
           Stress_EigVec2 =  9.9930062855E-01  3.7386480783E-02  7.1051375534E-04
           Stress_EigVec3 = -3.7008721119E-02  9.9156426761E-01 -1.2422019866E-01
           -DivStress = -4.2100884395E+04 -1.5257638356E+03  9.5453042120E+02
           ESP =  -2.7259569424E+00     ESP at Nucleus =  -2.7259485917E+00
           ESPe = -1.9927809174E+01     ESPe at Nucleus = -1.9927818938E+01
           ESPn =  1.7201852231E+01     ESPn at Nucleus =  1.7201870346E+01

CP# 12     Coords =  4.72602743934471E+00  1.63332438634953E+00 -1.29601800615037E-01
           Type = (3,-3) NACP H12
           Rho =  1.9347290895E-01     Rho at Nucleus =  1.8852236420E-01
           GradRho = -2.2934958308E-13 -3.5038703709E-13  4.3216298595E-14
           HessRho_EigVals = -3.8036733708E+00 -3.7929980352E+00 -2.9198494368E+00
           HessRho_EigVec1 =  8.3753076437E-01 -5.4226719327E-01  6.6996341945E-02
           HessRho_EigVec2 = -9.8605475567E-05  1.2246629330E-01  9.9247266828E-01
           HessRho_EigVec3 =  5.4639016189E-01  8.3123299869E-01 -1.0251581772E-01
           DelSqRho = -1.0516520843E+01
           Bond Ellipticity = NA
           V = -2.6563914892E+00
           G =  1.3630639264E-02
           K =  2.6427608500E+00
           L =  2.6291302107E+00
           Vnuc =  3.6204100194E+01
           Ven = -7.0045125806E+00
           Vrep =  4.3481210914E+00
           DelSqV =  6.3347201651E+02
           DelSqVen =  3.8074117429E+02
           DelSqVrep =  2.5273084222E+02
           DelSqG =  4.8778931385E+01
           DelSqK = -6.8225094789E+02
           Stress_EigVals = -9.6257197164E-01 -9.6000160243E-01 -7.3381791516E-01
           Stress_EigVec1 = -2.7427522830E-04  1.2247003268E-01  9.9247217385E-01
           Stress_EigVec2 =  8.3913990967E-01 -5.3979291203E-01  6.6841784197E-02
           Stress_EigVec3 =  5.4391556033E-01  8.3284134336E-01 -1.0262144033E-01
           -DivStress =  6.5442261663E+00  9.9905715883E+00 -1.2300387223E+00
           ESP =   8.4331481370E+00     ESP at Nucleus =   8.3236981826E+00
           ESPe = -9.4851205653E+00     ESPe at Nucleus = -9.3736511969E+00
           ESPn =  1.7918268702E+01     ESPn at Nucleus =  1.7697349379E+01

CP# 13     Coords =  4.84184696570420E+00 -1.23748812826409E+00  2.17636493658340E-01
           Type = (3,-3) NACP H13
           Rho =  1.9355838867E-01     Rho at Nucleus =  1.8860759148E-01
           GradRho = -5.4122051079E-15  4.7025642928E-15 -5.9891328008E-16
           HessRho_EigVals = -3.8051557736E+00 -3.7945936292E+00 -2.9211733667E+00
           HessRho_EigVec1 =  7.9115801931E-01  6.0798501721E-01 -6.6507197566E-02
           HessRho_EigVec2 =  4.4226585624E-03 -1.1442508513E-01 -9.9342203518E-01
           HessRho_EigVec3 = -6.1159580490E-01  7.8565967107E-01 -9.3217233849E-02
           DelSqRho = -1.0520922769E+01
           Bond Ellipticity = NA
           V = -2.6574658660E+00
           G =  1.3617586833E-02
           K =  2.6438482792E+00
           L =  2.6302306924E+00
           Vnuc =  3.6194089685E+01
           Ven = -7.0056696790E+00
           Vrep =  4.3482038129E+00
           DelSqV =  6.3374671065E+02
           DelSqVen =  3.8079522229E+02
           DelSqVrep =  2.5295148836E+02
           DelSqG =  4.8797049409E+01
           DelSqK = -6.8254376006E+02
           Stress_EigVals = -9.6294758355E-01 -9.6037236538E-01 -7.3414591710E-01
           Stress_EigVec1 = -2.0370270674E-03  1.1632632905E-01  9.9320895872E-01
           Stress_EigVec2 =  7.9296553706E-01  6.0531596767E-01 -6.9269302868E-02
           Stress_EigVec3 = -6.0926308567E-01  7.8743937192E-01 -9.3475815000E-02
           -DivStress =  7.3308324032E+00 -9.4461279357E+00  1.1185915575E+00
           ESP =   8.4259853485E+00     ESP at Nucleus =   8.3164599052E+00
           ESPe = -9.4790406806E+00     ESPe at Nucleus = -9.3674978852E+00
           ESPn =  1.7905026029E+01     ESPn at Nucleus =  1.7683957790E+01

CP# 14     Coords =  2.15584405964855E-02  4.75549363443232E-02 -3.74149820028827E+00
           Type = (3,-3) NACP O14
           Rho =  1.4777450877E+02     Rho at Nucleus =  1.4777449983E+02
           GradRho = -4.8338633443E-13 -5.9674747782E-13 -6.4160236582E-11
           HessRho_EigVals = -4.1104206173E+05 -4.1103556659E+05 -4.1102422218E+05
           HessRho_EigVec1 =  9.8484109343E-01  1.7291516288E-01  1.3724690722E-02
           HessRho_EigVec2 = -1.4229687966E-02  1.6811696059E-03  9.9989733955E-01
           HessRho_EigVec3 = -1.7287433779E-01  9.8493528727E-01 -4.1162137252E-03
           DelSqRho = -1.2331018505E+06
           Bond Ellipticity = NA
           V = -3.0834731671E+05
           G =  3.5927040961E+01
           K =  3.0831138967E+05
           L =  3.0827546263E+05
           Vnuc =  1.2126340649E+06
           Ven = -1.7919640327E+08
           Vrep =  1.7888805595E+08
           DelSqV =  1.9612574205E+10
           DelSqVen =  1.4953013084E+12
           DelSqVrep = -1.4756887342E+12
           DelSqG =  8.5766621277E+08
           DelSqK = -2.0470240418E+10
           Stress_EigVals = -1.0278469683E+05 -1.0278198294E+05 -1.0278063693E+05
           Stress_EigVec1 = -1.7318682528E-01  9.8487697583E-01 -4.8647746305E-03
           Stress_EigVec2 = -1.4453011227E-02  2.3974379028E-03  9.9989267562E-01
           Stress_EigVec3 =  9.8478293751E-01  1.7323854875E-01  1.3819233330E-02
           -DivStress = -7.3425630014E+02  1.1532728076E+03  4.2103256009E+04
           ESP =  -2.7230625779E+00     ESP at Nucleus =  -2.7230542222E+00
           ESPe = -1.9932048816E+01     ESPe at Nucleus = -1.9932058585E+01
           ESPn =  1.7208986238E+01     ESPn at Nucleus =  1.7209004363E+01

CP# 15     Coords =  1.46209425293974E+00  2.79350653849747E-01 -4.76914719305281E+00
           Type = (3,-3) NACP H15
           Rho =  1.9344598940E-01     Rho at Nucleus =  1.8849633049E-01
           GradRho = -7.6968216956E-14 -1.2498791065E-14  5.5754657110E-14
           HessRho_EigVals = -3.8029065970E+00 -3.7923557939E+00 -2.9192122491E+00
           HessRho_EigVec1 =  5.6167719210E-01  9.7349973276E-02  8.2160922255E-01
           HessRho_EigVec2 = -1.6323098492E-01  9.8657360982E-01 -5.3064074216E-03
           HessRho_EigVec3 =  8.1109455518E-01  1.3113159460E-01 -5.7002642698E-01
           DelSqRho = -1.0514474640E+01
           Bond Ellipticity = NA
           V = -2.6558146072E+00
           G =  1.3597973591E-02
           K =  2.6422166336E+00
           L =  2.6286186600E+00
           Vnuc =  3.6203749121E+01
           Ven = -7.0034700689E+00
           Vrep =  4.3476554618E+00
           DelSqV =  6.3333112300E+02
           DelSqVen =  3.8066340201E+02
           DelSqVrep =  2.5266772099E+02
           DelSqG =  4.8765705635E+01
           DelSqK = -6.8209682864E+02
           Stress_EigVals = -9.6236776501E-01 -9.5979651282E-01 -7.3365032935E-01
           Stress_EigVec1 = -1.6499875112E-01  9.8626311995E-01 -7.7762683193E-03
           Stress_EigVec2 =  5.5878167599E-01  9.9973547342E-02  8.2326686342E-01
           Stress_EigVec3 =  8.1273516640E-01  1.3149276806E-01 -5.6760126959E-01
           -DivStress =  9.7472766357E+00  1.5742270276E+00 -6.8273997701E+00
           ESP =   8.4323142634E+00     ESP at Nucleus =   8.3228488632E+00
           ESPe = -9.4859283940E+00     ESPe at Nucleus = -9.3744182647E+00
           ESPn =  1.7918242657E+01     ESPn at Nucleus =  1.7697267128E+01

CP# 16     Coords = -1.39073281921360E+00 -2.09660197059731E-01 -4.80109410903029E+00
           Type = (3,-3) NACP H16
           Rho =  1.9344155810E-01     Rho at Nucleus =  1.8848883830E-01
           GradRho =  1.8441953693E-14  3.3153818232E-15  1.1710864076E-14
           HessRho_EigVals = -3.8030212178E+00 -3.7923496662E+00 -2.9188432317E+00
           HessRho_EigVec1 = -5.8109845230E-01 -9.2609783016E-02  8.0854685506E-01
           HessRho_EigVec2 = -1.7131035543E-01  9.8516347367E-01 -1.0280674295E-02
           HessRho_EigVec3 =  7.9559873734E-01  1.4448653304E-01  5.8834198466E-01
           DelSqRho = -1.0514214116E+01
           Bond Ellipticity = NA
           V = -2.6558150755E+00
           G =  1.3630773283E-02
           K =  2.6421843022E+00
           L =  2.6285535289E+00
