 AIMInt (Version 14.11.23, Professional)
 Portions Copyright (c) 1997-2014 by Todd A. Keith
 AIMInt is a component of the AIMAll package ( http://aim.tkgristmill.com )

 AIMInt is a heavily modified and extended version of the PROAIMV program
 developed by members of R.F.W. Bader's research group

 Much of the Quantum Theory of Atoms in Molecules (QTAIM) is described in the book:
   "Atoms in Molecules - A Quantum Theory"
   R.F.W. Bader, Oxford University Press, Oxford, 1990

 For additional references see:  http://aim.tkgristmill.com/references.html

 Inp File:  E:\Proyecto spin\estructuras hexahidratadas\estructuras hexahidratadas solas\nuevas\Mn26_atomicfiles\mn1.inp
 Wfx File:  E:\Proyecto spin\estructuras hexahidratadas\estructuras hexahidratadas solas\nuevas\Mn26.wfx
 Out File:  E:\Proyecto spin\estructuras hexahidratadas\estructuras hexahidratadas solas\nuevas\Mn26_atomicfiles\mn1.int

 Wfx Title:   Mn[H2O]6 (2+)                                                                 
 Job Title:   Mn[H2O]6 (2+)                                                                 
 
<Atom>
Mn1     
</Atom>
<Nuclei of Molecule>
    19
Mn1       25.0           0.0000000000E+00   0.0000000000E+00   0.0000000000E+00
O2         8.0          -3.1794051067E-02   4.1378301928E+00   3.4457303335E-04
O3         8.0          -6.6186907311E-03  -9.2081581706E-04   4.1381668441E+00
O4         8.0          -4.1381200101E+00  -4.3580675345E-02  -4.3210649741E-03
H5         1.0          -6.0034333957E-02   5.2222420022E+00   1.4646173199E+00
H6         1.0          -5.2390238641E-02   5.2228372026E+00  -1.4636192943E+00
H7         1.0           1.4549592587E+00   2.3286134682E-02   5.2262730269E+00
H8         1.0          -1.4729059718E+00  -2.5201745957E-02   5.2199674604E+00
H9         1.0          -5.2017427573E+00  -1.5234058816E+00  -8.2990782706E-03
H10        1.0          -5.2442060296E+00   1.4045219735E+00  -8.2730513093E-03
O11        8.0           3.1794051067E-02  -4.1378301928E+00  -3.4457303335E-04
O12        8.0           6.6186907311E-03   9.2081581706E-04  -4.1381668441E+00
O13        8.0           4.1381200101E+00   4.3580675345E-02   4.3210649741E-03
H14        1.0           6.0034333957E-02  -5.2222420022E+00  -1.4646173199E+00
H15        1.0           5.2390238641E-02  -5.2228372026E+00   1.4636192943E+00
H16        1.0          -1.4549592587E+00  -2.3286134682E-02  -5.2262730269E+00
H17        1.0           1.4729059718E+00   2.5201745957E-02  -5.2199674604E+00
H18        1.0           5.2017427573E+00   1.5234058816E+00   8.2990782706E-03
H19        1.0           5.2442060296E+00  -1.4045219735E+00   8.2730513093E-03
</Nuclei of Molecule>
<Total Number of CPs of DelSqRho>
   104
</Total Number of CPs of DelSqRho>
<Number of (3,+3) CPs of DelSqRho>
    12
</Number of (3,+3) CPs of DelSqRho>
<Number of (3,+1) CPs of DelSqRho>
    36
</Number of (3,+1) CPs of DelSqRho>
<Number of (3,-1) CPs of DelSqRho>
    40
</Number of (3,-1) CPs of DelSqRho>
<Number of (3,-3) CPs of DelSqRho>
    16
</Number of (3,-3) CPs of DelSqRho>
<Number of Degenerate CPs of DelSqRho>
     0
</Number of Degenerate CPs of DelSqRho>
<CP of DelSqRho>
CP# = 1       
Type = (3,+3)
Coords =  1.63366139783190E-01  1.52236210965497E-03  2.21488124895673E-04
DistFromNuc =  1.6337338299E-01
Rho =  9.3289598687E+01
DelSqRho = -5.4049703578E+03
GradDelSqRho =  0.0000000000E+00 -7.2759576142E-12 -1.4551915228E-11
HessDelSqRho_EigVals =  5.4806879553E+03  5.4816498365E+03  9.0291084126E+06
HessDelSqRho_EigVec1 = -6.9326047677E-03  6.3106079325E-01  7.7570240055E-01
HessDelSqRho_EigVec2 = -6.3732562283E-03  7.7567740288E-01 -6.3109741583E-01
HessDelSqRho_EigVec3 =  9.9995565932E-01  9.3188991095E-03  1.3555527304E-03
</CP of DelSqRho>
<CP of DelSqRho>
CP# = 2       
Type = (3,+3)
Coords = -1.63366139783190E-01 -1.52236210965185E-03 -2.21488124889666E-04
DistFromNuc =  1.6337338299E-01
Rho =  9.3289598687E+01
DelSqRho = -5.4049703578E+03
GradDelSqRho = -5.8207660913E-11  1.4551915228E-11  2.9103830457E-11
HessDelSqRho_EigVals =  5.4806879553E+03  5.4816498365E+03  9.0291084126E+06
HessDelSqRho_EigVec1 = -6.9326047603E-03  6.3106079236E-01  7.7570240127E-01
HessDelSqRho_EigVec2 = -6.3732562363E-03  7.7567740361E-01 -6.3109741493E-01
HessDelSqRho_EigVec3 =  9.9995565932E-01  9.3188991094E-03  1.3555527303E-03
</CP of DelSqRho>
<CP of DelSqRho>
CP# = 3       
Type = (3,+3)
Coords = -1.49516061926040E-03  1.63366481660284E-01  2.01266797406495E-05
DistFromNuc =  1.6337332475E-01
Rho =  9.3289669349E+01
DelSqRho = -5.4049729202E+03
GradDelSqRho =  1.8189894035E-11  2.9103830457E-11 -1.4551915228E-11
HessDelSqRho_EigVals =  5.4803389282E+03  5.4839487445E+03  9.0291250582E+06
HessDelSqRho_EigVec1 =  7.9518448872E-01  7.2025558164E-03  6.0632479092E-01
HessDelSqRho_EigVec2 = -6.0629851095E-01 -5.6464904113E-03  7.9521709788E-01
HessDelSqRho_EigVec3 = -9.1512026517E-03  9.9995811929E-01  1.2310272420E-04
</CP of DelSqRho>
<CP of DelSqRho>
CP# = 4       
Type = (3,+3)
Coords =  1.49516061925325E-03 -1.63366481660284E-01 -2.01266797405390E-05
DistFromNuc =  1.6337332475E-01
Rho =  9.3289669349E+01
DelSqRho = -5.4049729202E+03
GradDelSqRho = -2.5465851650E-11 -1.7462298274E-10 -7.2759576142E-11
HessDelSqRho_EigVals =  5.4803389282E+03  5.4839487445E+03  9.0291250582E+06
HessDelSqRho_EigVec1 =  7.9518448883E-01  7.2025558174E-03  6.0632479078E-01
HessDelSqRho_EigVec2 = -6.0629851082E-01 -5.6464904100E-03  7.9521709798E-01
HessDelSqRho_EigVec3 = -9.1512026517E-03  9.9995811929E-01  1.2310272420E-04
</CP of DelSqRho>
<CP of DelSqRho>
CP# = 5       
Type = (3,+3)
Coords = -2.24386692243354E-04 -2.12995360468583E-05  1.63373203142962E-01
DistFromNuc =  1.6337335862E-01
Rho =  9.3289630986E+01
DelSqRho = -5.4049732187E+03
GradDelSqRho = -1.4551915228E-11  1.4551915228E-11 -5.8207660913E-11
HessDelSqRho_EigVals =  5.4734263377E+03  5.4907415654E+03  9.0291156582E+06
HessDelSqRho_EigVec1 = -7.3720036258E-01  6.7567356819E-01 -9.2448286158E-04
HessDelSqRho_EigVec2 =  6.7567280438E-01  7.3720093070E-01  1.0243013753E-03
HessDelSqRho_EigVec3 = -1.3736229912E-03 -1.3046741760E-04  9.9999904807E-01
</CP of DelSqRho>
<CP of DelSqRho>
CP# = 6       
Type = (3,+3)
Coords =  2.24386692253616E-04  2.12995360475830E-05 -1.63373203142962E-01
DistFromNuc =  1.6337335862E-01
Rho =  9.3289630986E+01
DelSqRho = -5.4049732187E+03
GradDelSqRho =  5.8207660913E-11 -1.4551915228E-11 -8.7311491370E-11
HessDelSqRho_EigVals =  5.4734263377E+03  5.4907415654E+03  9.0291156582E+06
HessDelSqRho_EigVec1 = -7.3720036244E-01  6.7567356834E-01 -9.2448286141E-04
HessDelSqRho_EigVec2 =  6.7567280453E-01  7.3720093056E-01  1.0243013756E-03
HessDelSqRho_EigVec3 = -1.3736229912E-03 -1.3046741761E-04  9.9999904807E-01
</CP of DelSqRho>
<CP of DelSqRho>
CP# = 7       
Type = (3,+1)
Coords = -1.36120806508349E-03  1.15492820305845E-01  1.15527411994462E-01
DistFromNuc =  1.6336164590E-01
Rho =  9.3269614205E+01
DelSqRho = -5.3866818322E+03
GradDelSqRho =  2.9103830457E-11  2.9103830457E-11  1.4551915228E-11
HessDelSqRho_EigVals = -5.4830240860E+03  2.7400335891E+03  9.0333399926E+06
HessDelSqRho_EigVec1 = -5.0538984915E-03  7.0717369996E-01 -7.0702179330E-01
HessDelSqRho_EigVec2 =  9.9995251535E-01  9.4650858654E-03  2.3193079739E-03
HessDelSqRho_EigVec3 = -8.3321755835E-03  7.0697649907E-01  7.0718795565E-01
</CP of DelSqRho>
<CP of DelSqRho>
CP# = 8       
Type = (3,+1)
Coords =  1.11715252758355E-03 -1.15522824552781E-01  1.15500005810385E-01
DistFromNuc =  1.6336163064E-01
Rho =  9.3269630458E+01
DelSqRho = -5.3866814756E+03
GradDelSqRho = -1.4551915228E-11 -1.2505552149E-11  5.8207660913E-11
HessDelSqRho_EigVals = -5.4830634616E+03  2.7409138491E+03  9.0333433751E+06
HessDelSqRho_EigVec1 = -7.1458278080E-03  7.0698417858E-01  7.0719326099E-01
HessDelSqRho_EigVec2 =  9.9995108835E-01  9.8880221754E-03  2.1889781331E-04
HessDelSqRho_EigVec3 = -6.8379853562E-03  7.0716023521E-01 -7.0702025692E-01
</CP of DelSqRho>
<CP of DelSqRho>
CP# = 9       
Type = (3,+1)
Coords = -1.11715252757536E-03  1.15522824552788E-01 -1.15500005810379E-01
DistFromNuc =  1.6336163064E-01
Rho =  9.3269630458E+01
DelSqRho = -5.3866814756E+03
GradDelSqRho = -7.2759576142E-12 -3.0013325159E-11  2.9103830457E-11
HessDelSqRho_EigVals = -5.4830634616E+03  2.7409138491E+03  9.0333433751E+06
HessDelSqRho_EigVec1 = -7.1458278081E-03  7.0698417858E-01  7.0719326099E-01
HessDelSqRho_EigVec2 =  9.9995108835E-01  9.8880221754E-03  2.1889781336E-04
HessDelSqRho_EigVec3 = -6.8379853562E-03  7.0716023521E-01 -7.0702025692E-01
</CP of DelSqRho>
<CP of DelSqRho>
CP# = 10      
Type = (3,+1)
Coords =  1.36120806508999E-03 -1.15492820305843E-01 -1.15527411994464E-01
DistFromNuc =  1.6336164590E-01
Rho =  9.3269614205E+01
DelSqRho = -5.3866818322E+03
GradDelSqRho =  0.0000000000E+00 -2.9103830457E-11 -6.5483618528E-11
HessDelSqRho_EigVals = -5.4830240860E+03  2.7400335891E+03  9.0333399926E+06
HessDelSqRho_EigVec1 = -5.0538984915E-03  7.0717369996E-01 -7.0702179330E-01
HessDelSqRho_EigVec2 =  9.9995251535E-01  9.4650858654E-03  2.3193079739E-03
HessDelSqRho_EigVec3 = -8.3321755835E-03  7.0697649907E-01  7.0718795565E-01
</CP of DelSqRho>
<CP of DelSqRho>
CP# = 11      
Type = (3,+1)
Coords =  1.15355367060788E-01  8.89213972519485E-04  1.15669305131986E-01
DistFromNuc =  1.6336168327E-01
Rho =  9.3269579253E+01
DelSqRho = -5.3866842401E+03
GradDelSqRho = -6.0936145019E-11  2.5465851650E-11 -2.9103830457E-11
HessDelSqRho_EigVals = -5.4817796740E+03  2.7397114340E+03  9.0333295883E+06
HessDelSqRho_EigVec1 =  7.0802222775E-01  7.0726810012E-03 -7.0615472965E-01
HessDelSqRho_EigVec2 = -8.8518674190E-03  9.9996017153E-01  1.1400906680E-03
HessDelSqRho_EigVec3 =  7.0613466808E-01  5.4435785096E-03  7.0805663473E-01
</CP of DelSqRho>
<CP of DelSqRho>
CP# = 12      
Type = (3,+1)
Coords = -1.15670634400342E-01 -8.99730299773362E-04  1.15353915880287E-01
DistFromNuc =  1.6336165733E-01
Rho =  9.3269604705E+01
DelSqRho = -5.3866856352E+03
GradDelSqRho =  0.0000000000E+00 -4.3655745685E-11  7.2759576142E-11
HessDelSqRho_EigVals = -5.4815675184E+03  2.7433970989E+03  9.0333350193E+06
HessDelSqRho_EigVec1 =  7.0609357502E-01  6.8477476801E-03  7.0808542681E-01
HessDelSqRho_EigVec2 = -8.7355682903E-03  9.9996138393E-01 -9.5942463626E-04
HessDelSqRho_EigVec3 =  7.0806465323E-01  5.5080850299E-03 -7.0612612743E-01
</CP of DelSqRho>
<CP of DelSqRho>
CP# = 13      
Type = (3,+1)
Coords =  1.15670634400337E-01  8.99730299798364E-04 -1.15353915880291E-01
DistFromNuc =  1.6336165733E-01
Rho =  9.3269604705E+01
DelSqRho = -5.3866856352E+03
GradDelSqRho =  0.0000000000E+00  5.8207660913E-11  2.9103830457E-11
HessDelSqRho_EigVals = -5.4815675184E+03  2.7433970989E+03  9.0333350193E+06
HessDelSqRho_EigVec1 =  7.0609357502E-01  6.8477476802E-03  7.0808542681E-01
HessDelSqRho_EigVec2 = -8.7355682905E-03  9.9996138393E-01 -9.5942463622E-04
HessDelSqRho_EigVec3 =  7.0806465323E-01  5.5080850301E-03 -7.0612612743E-01
</CP of DelSqRho>
<CP of DelSqRho>
CP# = 14      
Type = (3,+1)
Coords = -1.15355367060787E-01 -8.89213972522295E-04 -1.15669305131987E-01
DistFromNuc =  1.6336168327E-01
Rho =  9.3269579253E+01
DelSqRho = -5.3866842401E+03
GradDelSqRho = -6.6393113229E-11  2.5465851650E-11 -1.4551915228E-10
HessDelSqRho_EigVals = -5.4817796740E+03  2.7397114340E+03  9.0333295883E+06
HessDelSqRho_EigVec1 =  7.0802222775E-01  7.0726810013E-03 -7.0615472965E-01
HessDelSqRho_EigVec2 = -8.8518674191E-03  9.9996017153E-01  1.1400906680E-03
HessDelSqRho_EigVec3 =  7.0613466808E-01  5.4435785096E-03  7.0805663473E-01
</CP of DelSqRho>
<CP of DelSqRho>
CP# = 15      
Type = (3,+1)
Coords =  1.14444239673960E-01  1.16573941044303E-01  2.17210809577778E-04
DistFromNuc =  1.6336160781E-01
Rho =  9.3269653924E+01
DelSqRho = -5.3866902423E+03
GradDelSqRho =  5.8207660913E-11  8.7311491370E-11  2.9103830457E-11
HessDelSqRho_EigVals = -5.4809641440E+03  2.7508903555E+03  9.0333464558E+06
HessDelSqRho_EigVec1 =  7.1359436567E-01 -7.0055864393E-01  8.1713584642E-04
HessDelSqRho_EigVec2 = -1.5144613796E-03 -3.7623724760E-04  9.9999878243E-01
HessDelSqRho_EigVec3 =  7.0055748351E-01  7.1359473433E-01  1.3294497904E-03
</CP of DelSqRho>
<CP of DelSqRho>
CP# = 16      
Type = (3,+1)
Coords = -1.16577872769939E-01  1.14440444470941E-01 -1.69209663123946E-04
DistFromNuc =  1.6336169803E-01
Rho =  9.3269567129E+01
DelSqRho = -5.3866780368E+03
GradDelSqRho =  4.3655745685E-11 -1.1641532183E-10  2.9103830457E-11
HessDelSqRho_EigVals = -5.4827914571E+03  2.7317847202E+03  9.0333278260E+06
HessDelSqRho_EigVec1 =  7.0053374468E-01  7.1361864401E-01  9.5051292533E-04
HessDelSqRho_EigVec2 = -1.4049950263E-03  4.7272364935E-05  9.9999901188E-01
HessDelSqRho_EigVec3 =  7.1361789394E-01 -7.0053438794E-01  1.0357465324E-03
</CP of DelSqRho>
<CP of DelSqRho>
CP# = 17      
Type = (3,+1)
Coords =  1.16577872769960E-01 -1.14440444470920E-01  1.69209663123881E-04
DistFromNuc =  1.6336169803E-01
Rho =  9.3269567129E+01
DelSqRho = -5.3866780368E+03
GradDelSqRho = -7.2759576142E-11 -1.4551915228E-11 -5.8207660913E-11
HessDelSqRho_EigVals = -5.4827914571E+03  2.7317847202E+03  9.0333278260E+06
HessDelSqRho_EigVec1 =  7.0053374468E-01  7.1361864401E-01  9.5051292553E-04
HessDelSqRho_EigVec2 = -1.4049950265E-03  4.7272364789E-05  9.9999901188E-01
HessDelSqRho_EigVec3 =  7.1361789394E-01 -7.0053438794E-01  1.0357465324E-03
</CP of DelSqRho>
<CP of DelSqRho>
CP# = 18      
Type = (3,+1)
Coords = -1.14444239673971E-01 -1.16573941044292E-01 -2.17210809556561E-04
DistFromNuc =  1.6336160781E-01
Rho =  9.3269653924E+01
DelSqRho = -5.3866902423E+03
GradDelSqRho =  0.0000000000E+00 -2.9103830457E-11  6.3664629124E-12
HessDelSqRho_EigVals = -5.4809641441E+03  2.7508903555E+03  9.0333464558E+06
HessDelSqRho_EigVec1 =  7.1359436567E-01 -7.0055864393E-01  8.1713584644E-04
HessDelSqRho_EigVec2 = -1.5144613795E-03 -3.7623724750E-04  9.9999878243E-01
HessDelSqRho_EigVec3 =  7.0055748351E-01  7.1359473433E-01  1.3294497902E-03
</CP of DelSqRho>
<CP of DelSqRho>
CP# = 19      
Type = (3,-1)
Coords =  9.32805466483824E-02  9.51318170232722E-02  9.45220770089597E-02
DistFromNuc =  1.6335772414E-01
Rho =  9.3262928035E+01
DelSqRho = -5.3805710073E+03
GradDelSqRho = -7.2759576142E-11 -1.2369127944E-10 -7.2759576142E-11
HessDelSqRho_EigVals = -3.6642805754E+03 -3.6553745098E+03  9.0347530329E+06
HessDelSqRho_EigVec1 =  3.8980826667E-01  4.2796283061E-01 -8.1541236859E-01
HessDelSqRho_EigVec2 =  7.2248573749E-01 -6.9116761127E-01 -1.7369290519E-02
HessDelSqRho_EigVec3 =  5.7102002974E-01  5.8235311345E-01  5.7861988982E-01
</CP of DelSqRho>
<CP of DelSqRho>
CP# = 20      
Type = (3,-1)
Coords = -9.53288344839931E-02  9.34723443033400E-02  9.41334330739146E-02
DistFromNuc =  1.6335779460E-01
Rho =  9.3262934514E+01
DelSqRho = -5.3806071079E+03
GradDelSqRho = -5.8207660913E-11  1.1641532183E-10  5.8207660913E-11
HessDelSqRho_EigVals = -3.6533408321E+03 -3.6452085024E+03  9.0347343037E+06
HessDelSqRho_EigVec1 = -6.1913613864E-01 -7.7266054963E-01  1.4023593287E-01
HessDelSqRho_EigVec2 =  5.2548089985E-01 -2.7493583113E-01  8.0515843947E-01
HessDelSqRho_EigVec3 =  5.8355827962E-01 -5.7219399141E-01 -5.7624106976E-01
</CP of DelSqRho>
<CP of DelSqRho>
CP# = 21      
Type = (3,-1)
Coords =  9.50873998694542E-02 -9.34725761593725E-02  9.43770995179869E-02
DistFromNuc =  1.6335780673E-01
Rho =  9.3262937036E+01
DelSqRho = -5.3806138461E+03
GradDelSqRho = -2.9103830457E-11  1.4551915228E-11 -1.1641532183E-10
HessDelSqRho_EigVals = -3.6505975479E+03 -3.6440597082E+03  9.0347311297E+06
HessDelSqRho_EigVec1 = -7.0206735711E-01 -7.1210754080E-01  2.0679497013E-03
HessDelSqRho_EigVec2 = -4.1022447678E-01  4.0681091931E-01  8.1622347098E-01
HessDelSqRho_EigVec3 =  5.8208015319E-01 -5.7219553150E-01  5.7773261030E-01
</CP of DelSqRho>
<CP of DelSqRho>
CP# = 22      
Type = (3,-1)
Coords = -9.35313789353766E-02 -9.51768005650813E-02  9.42284035445988E-02
DistFromNuc =  1.6335768805E-01
Rho =  9.3262941321E+01
DelSqRho = -5.3805583511E+03
GradDelSqRho =  3.6379788071E-11  6.5483618528E-11  1.4551915228E-11
HessDelSqRho_EigVals = -3.6670619831E+03 -3.6594313995E+03  9.0347620025E+06
HessDelSqRho_EigVec1 = -2.8902164479E-01 -5.1495616208E-01 -8.0702332059E-01
HessDelSqRho_EigVec2 =  7.6723304307E-01 -6.2877989768E-01  1.2644879553E-01
HessDelSqRho_EigVec3 =  5.7255562740E-01  5.8262851922E-01 -5.7682238352E-01
</CP of DelSqRho>
<CP of DelSqRho>
CP# = 23      
Type = (3,-1)
Coords =  9.35313789353586E-02  9.51768005650674E-02 -9.42284035446307E-02
DistFromNuc =  1.6335768805E-01
Rho =  9.3262941321E+01
DelSqRho = -5.3805583511E+03
GradDelSqRho =  2.9103830457E-11  5.0931703299E-11  5.8207660913E-11
HessDelSqRho_EigVals = -3.6670619830E+03 -3.6594313995E+03  9.0347620025E+06
HessDelSqRho_EigVec1 = -2.8902164447E-01 -5.1495616234E-01 -8.0702332054E-01
HessDelSqRho_EigVec2 =  7.6723304319E-01 -6.2877989747E-01  1.2644879587E-01
HessDelSqRho_EigVec3 =  5.7255562740E-01  5.8262851922E-01 -5.7682238352E-01
</CP of DelSqRho>
<CP of DelSqRho>
CP# = 24      
Type = (3,-1)
Coords = -9.50873998694375E-02  9.34725761593629E-02 -9.43770995180133E-02
DistFromNuc =  1.6335780673E-01
Rho =  9.3262937036E+01
DelSqRho = -5.3806138461E+03
GradDelSqRho =  0.0000000000E+00  4.3655745685E-11 -5.8207660913E-11
HessDelSqRho_EigVals = -3.6505975479E+03 -3.6440597082E+03  9.0347311297E+06
HessDelSqRho_EigVec1 = -7.0206735723E-01 -7.1210754068E-01  2.0679499441E-03
HessDelSqRho_EigVec2 = -4.1022447657E-01  4.0681091952E-01  8.1622347098E-01
HessDelSqRho_EigVec3 =  5.8208015319E-01 -5.7219553150E-01  5.7773261030E-01
</CP of DelSqRho>
<CP of DelSqRho>
CP# = 25      
Type = (3,-1)
Coords =  9.53288344839703E-02 -9.34723443033637E-02 -9.41334330739141E-02
DistFromNuc =  1.6335779460E-01
Rho =  9.3262934514E+01
DelSqRho = -5.3806071079E+03
GradDelSqRho = -2.9103830457E-11 -2.9103830457E-11  8.3673512563E-11
HessDelSqRho_EigVals = -3.6533408321E+03 -3.6452085024E+03  9.0347343037E+06
HessDelSqRho_EigVec1 = -6.1913613846E-01 -7.7266054973E-01  1.4023593315E-01
HessDelSqRho_EigVec2 =  5.2548090007E-01 -2.7493583086E-01  8.0515843942E-01
HessDelSqRho_EigVec3 =  5.8355827962E-01 -5.7219399141E-01 -5.7624106976E-01
</CP of DelSqRho>
<CP of DelSqRho>
CP# = 26      
Type = (3,-1)
Coords = -9.32805466483927E-02 -9.51318170232629E-02 -9.45220770089590E-02
DistFromNuc =  1.6335772414E-01
Rho =  9.3262928035E+01
DelSqRho = -5.3805710073E+03
GradDelSqRho =  1.4551915228E-11 -1.0913936421E-11 -1.4551915228E-11
HessDelSqRho_EigVals = -3.6642805754E+03 -3.6553745098E+03  9.0347530329E+06
HessDelSqRho_EigVec1 =  3.8980826671E-01  4.2796283057E-01 -8.1541236859E-01
HessDelSqRho_EigVec2 =  7.2248573747E-01 -6.9116761130E-01 -1.7369290474E-02
HessDelSqRho_EigVec3 =  5.7102002974E-01  5.8235311345E-01  5.7861988982E-01
</CP of DelSqRho>
<CP of DelSqRho>
CP# = 27      
Type = (3,+1)
Coords =  2.91678443083204E-01  2.72698199130252E-03  3.93013684854805E-04
DistFromNuc =  2.9169145522E-01
Rho =  2.2330824616E+01
DelSqRho =  1.5926441134E+03
GradDelSqRho =  7.5033312896E-12  3.8848924078E-12  5.5706550484E-12
HessDelSqRho_EigVals = -5.0396950204E+05  1.4395618258E+03  1.4398078595E+03
HessDelSqRho_EigVec1 =  9.9995537876E-01  9.3501932730E-03  1.3469901926E-03
HessDelSqRho_EigVec2 = -6.7127230261E-03  6.0296944823E-01  7.9773603645E-01
HessDelSqRho_EigVec3 = -6.6467921884E-03  7.9770948245E-01 -6.0300530824E-01
</CP of DelSqRho>
<CP of DelSqRho>
CP# = 28      
Type = (3,+1)
Coords = -2.91678443083204E-01 -2.72698199130185E-03 -3.93013684854821E-04
DistFromNuc =  2.9169145522E-01
Rho =  2.2330824616E+01
DelSqRho =  1.5926441134E+03
GradDelSqRho =  1.1368683772E-11 -1.6058265828E-12 -8.5265128291E-13
HessDelSqRho_EigVals = -5.0396950204E+05  1.4395618258E+03  1.4398078595E+03
HessDelSqRho_EigVec1 =  9.9995537876E-01  9.3501932730E-03  1.3469901926E-03
HessDelSqRho_EigVec2 = -6.7127230249E-03  6.0296944809E-01  7.9773603656E-01
HessDelSqRho_EigVec3 = -6.6467921896E-03  7.9770948255E-01 -6.0300530810E-01
</CP of DelSqRho>
<CP of DelSqRho>
CP# = 29      
Type = (3,+1)
Coords = -2.66182682733633E-03  2.91679145412911E-01  3.48339911615530E-05
DistFromNuc =  2.9169129299E-01
Rho =  2.2330882458E+01
DelSqRho =  1.5926458821E+03
GradDelSqRho = -7.9225515037E-13 -4.5474735089E-12  4.2632564146E-14
HessDelSqRho_EigVals = -5.0397183587E+05  1.4393377906E+03  1.4402702896E+03
HessDelSqRho_EigVec1 = -9.1241802951E-03  9.9995836669E-01  1.1921601217E-04
HessDelSqRho_EigVec2 =  8.0947190452E-01  7.3160789191E-03  5.8711303066E-01
HessDelSqRho_EigVec3 = -5.8708771501E-01 -5.4534271578E-03  8.0950495676E-01
</CP of DelSqRho>
<CP of DelSqRho>
CP# = 30      
Type = (3,+1)
Coords =  2.66182682733818E-03 -2.91679145412911E-01 -3.48339911628914E-05
DistFromNuc =  2.9169129299E-01
Rho =  2.2330882458E+01
DelSqRho =  1.5926458821E+03
GradDelSqRho =  2.7284841053E-12  1.1823431123E-11  1.3926637621E-12
HessDelSqRho_EigVals = -5.0397183587E+05  1.4393377906E+03  1.4402702896E+03
HessDelSqRho_EigVec1 = -9.1241802951E-03  9.9995836669E-01  1.1921601217E-04
HessDelSqRho_EigVec2 =  8.0947190454E-01  7.3160789192E-03  5.8711303065E-01
HessDelSqRho_EigVec3 = -5.8708771500E-01 -5.4534271577E-03  8.0950495677E-01
</CP of DelSqRho>
<CP of DelSqRho>
CP# = 31      
Type = (3,+1)
Coords = -4.03278513720303E-04 -3.91447809809265E-05  2.91691117834612E-01
DistFromNuc =  2.9169139924E-01
Rho =  2.2330847951E+01
DelSqRho =  1.5926439401E+03
GradDelSqRho = -1.2505552149E-12 -1.0942358131E-12 -1.2732925825E-11
HessDelSqRho_EigVals = -5.0397034023E+05  1.4376210318E+03  1.4420780705E+03
HessDelSqRho_EigVec1 = -1.3829253365E-03 -1.3440868799E-04  9.9999903473E-01
HessDelSqRho_EigVec2 =  7.4587576951E-01 -6.6608441595E-01  9.4196387634E-04
HessDelSqRho_EigVec3 =  6.6608364638E-01  7.4587635220E-01  1.0213971986E-03
</CP of DelSqRho>
<CP of DelSqRho>
CP# = 32      
Type = (3,+1)
Coords =  4.03278513720697E-04  3.91447809804433E-05 -2.91691117834612E-01
DistFromNuc =  2.9169139924E-01
Rho =  2.2330847951E+01
DelSqRho =  1.5926439401E+03
GradDelSqRho =  1.4210854715E-12 -2.6005864129E-12 -1.8189894035E-12
HessDelSqRho_EigVals = -5.0397034023E+05  1.4376210318E+03  1.4420780705E+03
HessDelSqRho_EigVec1 = -1.3829253365E-03 -1.3440868799E-04  9.9999903473E-01
HessDelSqRho_EigVec2 =  7.4587576950E-01 -6.6608441596E-01  9.4196387633E-04
HessDelSqRho_EigVec3 =  6.6608364639E-01  7.4587635219E-01  1.0213971986E-03
</CP of DelSqRho>
<CP of DelSqRho>
CP# = 33      
Type = (3,-1)
Coords =  3.77912958954930E-01  3.85328778090067E-01  3.83096680174750E-01
DistFromNuc =  6.6186066368E-01
Rho =  2.6367989546E+00
DelSqRho = -2.0744943048E+01
GradDelSqRho =  4.4053649617E-13  1.2647660697E-12  9.5212726592E-13
HessDelSqRho_EigVals = -2.9006166652E+01 -2.8887030176E+01  3.3141021379E+03
HessDelSqRho_EigVec1 =  4.2868903231E-01  3.8984920010E-01 -8.1501123597E-01
HessDelSqRho_EigVec2 =  7.0014361368E-01 -7.1349208997E-01  2.6980692665E-02
HessDelSqRho_EigVec3 =  5.7098566865E-01  5.8219123897E-01  5.7881666136E-01
</CP of DelSqRho>
<CP of DelSqRho>
CP# = 34      
Type = (3,-1)
Coords = -3.86285939498623E-01  3.78758338076311E-01  3.81288367696923E-01
DistFromNuc =  6.6185763202E-01
Rho =  2.6368477863E+00
DelSqRho = -2.0746961725E+01
GradDelSqRho = -1.8225421172E-12  1.2008172234E-12  1.2221335055E-12
HessDelSqRho_EigVals = -2.8935697993E+01 -2.8830734076E+01  3.3142025584E+03
HessDelSqRho_EigVec1 = -6.3581227057E-01 -7.6335670889E-01  1.1414592233E-01
HessDelSqRho_EigVec2 =  5.0508308354E-01 -2.9966443240E-01  8.0937772806E-01
HessDelSqRho_EigVec3 =  5.8363844571E-01 -5.7226546545E-01 -5.7608888354E-01
</CP of DelSqRho>
<CP of DelSqRho>
CP# = 35      
Type = (3,-1)
Coords =  3.85360926834525E-01 -3.78689659575291E-01  3.82290271942850E-01
DistFromNuc =  6.6185704969E-01
Rho =  2.6368573631E+00
DelSqRho = -2.0747341383E+01
GradDelSqRho =  6.6791017161E-13 -2.8421709430E-13  3.6948222260E-13
HessDelSqRho_EigVals = -2.8916077693E+01 -2.8827058885E+01  3.3142220717E+03
HessDelSqRho_EigVec1 = -7.4276662545E-01 -6.6323537146E-01  9.1741932426E-02
HessDelSqRho_EigVec2 =  3.3059548582E-01 -4.8244020488E-01 -8.1114614804E-01
HessDelSqRho_EigVec3 =  5.8224081348E-01 -5.7216281840E-01  5.7760310280E-01
</CP of DelSqRho>
<CP of DelSqRho>
CP# = 36      
Type = (3,-1)
Coords = -3.78929607037465E-01 -3.85551994043784E-01  3.81865868335960E-01
DistFromNuc =  6.6186065648E-01
Rho =  2.6368040459E+00
DelSqRho = -2.0744701513E+01
GradDelSqRho = -4.1211478674E-13 -6.9633188104E-13  5.2580162446E-13
HessDelSqRho_EigVals = -2.9009810295E+01 -2.8917840012E+01  3.3141134703E+03
HessDelSqRho_EigVec1 = -3.3658920643E-01 -4.7467508035E-01 -8.1325965977E-01
HessDelSqRho_EigVec2 = -7.4761396600E-01  6.5980642669E-01 -7.5689081994E-02
HessDelSqRho_EigVec3 =  5.7252167116E-01  5.8252815159E-01 -5.7695744094E-01
</CP of DelSqRho>
<CP of DelSqRho>
CP# = 37      
Type = (3,-1)
Coords =  3.78929607037465E-01  3.85551994043783E-01 -3.81865868335961E-01
DistFromNuc =  6.6186065648E-01
Rho =  2.6368040459E+00
DelSqRho = -2.0744701513E+01
GradDelSqRho =  4.1211478674E-13  7.9580786405E-13 -4.9027448767E-13
HessDelSqRho_EigVals = -2.9009810295E+01 -2.8917840012E+01  3.3141134703E+03
HessDelSqRho_EigVec1 = -3.3658920643E-01 -4.7467508035E-01 -8.1325965977E-01
HessDelSqRho_EigVec2 = -7.4761396600E-01  6.5980642669E-01 -7.5689081993E-02
HessDelSqRho_EigVec3 =  5.7252167116E-01  5.8252815159E-01 -5.7695744094E-01
</CP of DelSqRho>
<CP of DelSqRho>
CP# = 38      
Type = (3,-1)
Coords = -3.85360926834525E-01  3.78689659575293E-01 -3.82290271942849E-01
DistFromNuc =  6.6185704969E-01
Rho =  2.6368573631E+00
DelSqRho = -2.0747341383E+01
GradDelSqRho = -7.2475359048E-13  2.9842794902E-13 -4.6185277824E-13
HessDelSqRho_EigVals = -2.8916077693E+01 -2.8827058885E+01  3.3142220717E+03
HessDelSqRho_EigVec1 = -7.4276662545E-01 -6.6323537146E-01  9.1741932423E-02
HessDelSqRho_EigVec2 =  3.3059548582E-01 -4.8244020488E-01 -8.1114614804E-01
HessDelSqRho_EigVec3 =  5.8224081348E-01 -5.7216281840E-01  5.7760310280E-01
</CP of DelSqRho>
<CP of DelSqRho>
CP# = 39      
Type = (3,-1)
Coords =  3.86285939498624E-01 -3.78758338076312E-01 -3.81288367696922E-01
DistFromNuc =  6.6185763202E-01
Rho =  2.6368477863E+00
DelSqRho = -2.0746961725E+01
GradDelSqRho =  1.8900436771E-12 -1.1581846593E-12 -1.2931877791E-12
HessDelSqRho_EigVals = -2.8935697993E+01 -2.8830734076E+01  3.3142025584E+03
HessDelSqRho_EigVec1 = -6.3581227057E-01 -7.6335670889E-01  1.1414592233E-01
HessDelSqRho_EigVec2 =  5.0508308354E-01 -2.9966443240E-01  8.0937772806E-01
HessDelSqRho_EigVec3 =  5.8363844571E-01 -5.7226546545E-01 -5.7608888354E-01
</CP of DelSqRho>
<CP of DelSqRho>
CP# = 40      
Type = (3,-1)
Coords = -3.77912958954929E-01 -3.85328778090068E-01 -3.83096680174751E-01
DistFromNuc =  6.6186066368E-01
Rho =  2.6367989546E+00
DelSqRho = -2.0744943048E+01
GradDelSqRho = -4.7606363296E-13 -1.3038459201E-12 -9.6633812063E-13
HessDelSqRho_EigVals = -2.9006166652E+01 -2.8887030176E+01  3.3141021379E+03
HessDelSqRho_EigVec1 =  4.2868903230E-01  3.8984920010E-01 -8.1501123597E-01
HessDelSqRho_EigVec2 =  7.0014361368E-01 -7.1349208996E-01  2.6980692660E-02
HessDelSqRho_EigVec3 =  5.7098566865E-01  5.8219123897E-01  5.7881666136E-01
</CP of DelSqRho>
<CP of DelSqRho>
CP# = 41      
Type = (3,-1)
Coords = -2.42102893459947E-03  2.06145971539099E-01  2.06202560838229E-01
DistFromNuc =  2.9158449729E-01
Rho =  2.2296655690E+01
DelSqRho =  1.6079629848E+03
GradDelSqRho = -3.6379788071E-12  3.6379788071E-12  0.0000000000E+00
HessDelSqRho_EigVals = -5.0528673342E+05 -1.4416032509E+03  7.2036185017E+02
HessDelSqRho_EigVec1 = -8.3023313062E-03  7.0698560721E-01  7.0717920112E-01
HessDelSqRho_EigVec2 = -5.0393173214E-03  7.0716501360E-01 -7.0703058549E-01
HessDelSqRho_EigVec3 =  9.9995283718E-01  9.4337025619E-03  2.3083934146E-03
</CP of DelSqRho>
<CP of DelSqRho>
CP# = 42      
Type = (3,-1)
Coords =  1.97770021558845E-03 -2.06199568616891E-01  2.06153611102632E-01
DistFromNuc =  2.9158443848E-01
Rho =  2.2296679914E+01
DelSqRho =  1.6079628266E+03
GradDelSqRho =  1.5631940187E-12  5.6701310314E-12  4.5474735089E-13
HessDelSqRho_EigVals = -5.0528753080E+05 -1.4415930277E+03  7.2060480520E+02
HessDelSqRho_EigVec1 = -6.7813863409E-03  7.0716956906E-01 -7.0701146624E-01
HessDelSqRho_EigVec2 = -7.1395113719E-03  7.0697546321E-01  7.0720203747E-01
HessDelSqRho_EigVec3 =  9.9995151891E-01  9.8435266404E-03  2.5457143057E-04
</CP of DelSqRho>
<CP of DelSqRho>
CP# = 43      
Type = (3,-1)
Coords = -1.97770021558617E-03  2.06199568616884E-01 -2.06153611102639E-01
DistFromNuc =  2.9158443848E-01
Rho =  2.2296679914E+01
DelSqRho =  1.6079628266E+03
GradDelSqRho =  3.9221959014E-12 -4.9737991503E-13  2.5011104299E-12
HessDelSqRho_EigVals = -5.0528753080E+05 -1.4415930277E+03  7.2060480520E+02
HessDelSqRho_EigVec1 = -6.7813863409E-03  7.0716956906E-01 -7.0701146624E-01
HessDelSqRho_EigVec2 = -7.1395113719E-03  7.0697546321E-01  7.0720203747E-01
HessDelSqRho_EigVec3 =  9.9995151891E-01  9.8435266404E-03  2.5457143058E-04
</CP of DelSqRho>
<CP of DelSqRho>
CP# = 44      
Type = (3,-1)
Coords =  2.42102893460486E-03 -2.06145971539099E-01 -2.06202560838228E-01
DistFromNuc =  2.9158449729E-01
Rho =  2.2296655690E+01
DelSqRho =  1.6079629848E+03
GradDelSqRho =  3.5811353882E-12 -6.3664629124E-12  0.0000000000E+00
HessDelSqRho_EigVals = -5.0528673342E+05 -1.4416032509E+03  7.2036185017E+02
HessDelSqRho_EigVec1 = -8.3023313062E-03  7.0698560721E-01  7.0717920112E-01
HessDelSqRho_EigVec2 = -5.0393173214E-03  7.0716501360E-01 -7.0703058549E-01
HessDelSqRho_EigVec3 =  9.9995283718E-01  9.4337025619E-03  2.3083934147E-03
</CP of DelSqRho>
<CP of DelSqRho>
CP# = 45      
Type = (3,-1)
Coords =  2.05894433401645E-01  1.59898472602122E-03  2.06461903359733E-01
DistFromNuc =  2.9158462236E-01
Rho =  2.2296626909E+01
DelSqRho =  1.6079593225E+03
GradDelSqRho = -6.3096194935E-12 -3.2969182939E-12  4.5474735089E-12
HessDelSqRho_EigVals = -5.0528500391E+05 -1.4412904149E+03  7.2040794515E+02
HessDelSqRho_EigVec1 =  7.0612224100E-01  5.4845825023E-03  7.0806871144E-01
HessDelSqRho_EigVec2 =  7.0803412445E-01  7.0877816964E-03 -7.0614264987E-01
HessDelSqRho_EigVec3 = -8.8915340743E-03  9.9995984055E-01  1.1215687253E-03
</CP of DelSqRho>
<CP of DelSqRho>
CP# = 46      
Type = (3,-1)
Coords = -2.06457263072354E-01 -1.62081528901842E-03  2.05898783633398E-01
DistFromNuc =  2.9158452912E-01
Rho =  2.2296667578E+01
DelSqRho =  1.6079570901E+03
GradDelSqRho =  0.0000000000E+00 -8.5265128291E-13 -3.6379788071E-12
HessDelSqRho_EigVals = -5.0528626054E+05 -1.4411856878E+03  7.2139985444E+02
HessDelSqRho_EigVec1 =  7.0805270715E-01  5.5597447644E-03 -7.0613770126E-01
HessDelSqRho_EigVec2 =  7.0610499891E-01  6.8593306241E-03  7.0807392276E-01
HessDelSqRho_EigVec3 = -8.7803422440E-03  9.9996101865E-01 -9.3100404682E-04
</CP of DelSqRho>
<CP of DelSqRho>
CP# = 47      
Type = (3,-1)
Coords =  2.06457263072357E-01  1.62081528901393E-03 -2.05898783633394E-01
DistFromNuc =  2.9158452912E-01
Rho =  2.2296667578E+01
DelSqRho =  1.6079570901E+03
GradDelSqRho = -9.0949470177E-12  3.9790393203E-13 -7.2759576142E-12
HessDelSqRho_EigVals = -5.0528626054E+05 -1.4411856878E+03  7.2139985444E+02
HessDelSqRho_EigVec1 =  7.0805270715E-01  5.5597447644E-03 -7.0613770126E-01
HessDelSqRho_EigVec2 =  7.0610499891E-01  6.8593306241E-03  7.0807392276E-01
HessDelSqRho_EigVec3 = -8.7803422440E-03  9.9996101865E-01 -9.3100404683E-04
</CP of DelSqRho>
<CP of DelSqRho>
CP# = 48      
Type = (3,-1)
Coords = -2.05894433401642E-01 -1.59898472602371E-03 -2.06461903359735E-01
DistFromNuc =  2.9158462236E-01
Rho =  2.2296626909E+01
DelSqRho =  1.6079593225E+03
GradDelSqRho =  8.5265128291E-13  3.0695446185E-12 -3.1832314562E-12
HessDelSqRho_EigVals = -5.0528500391E+05 -1.4412904149E+03  7.2040794515E+02
HessDelSqRho_EigVec1 =  7.0612224100E-01  5.4845825023E-03  7.0806871144E-01
HessDelSqRho_EigVec2 =  7.0803412445E-01  7.0877816965E-03 -7.0614264987E-01
HessDelSqRho_EigVec3 = -8.8915340743E-03  9.9995984055E-01  1.1215687253E-03
</CP of DelSqRho>
<CP of DelSqRho>
CP# = 49      
Type = (3,-1)
Coords =  2.04264255748182E-01  2.08080306435525E-01  3.82454327460478E-04
DistFromNuc =  2.9158437265E-01
Rho =  2.2296732835E+01
DelSqRho =  1.6079528189E+03
GradDelSqRho = -5.1159076975E-13  9.7770680441E-12  0.0000000000E+00
HessDelSqRho_EigVals = -5.0528840208E+05 -1.4409661116E+03  7.2333711731E+02
HessDelSqRho_EigVec1 =  7.0053190303E-01  7.1361988027E-01  1.3112301315E-03
HessDelSqRho_EigVec2 =  7.1361950749E-01 -7.0053303536E-01  8.1541064323E-04
HessDelSqRho_EigVec3 = -1.5004532697E-03 -3.6449823101E-04  9.9999880789E-01
</CP of DelSqRho>
<CP of DelSqRho>
CP# = 50      
Type = (3,-1)
Coords = -2.08073677678991E-01  2.04271561667176E-01 -2.99844906938506E-04
DistFromNuc =  2.9158466379E-01
Rho =  2.2296594770E+01
DelSqRho =  1.6079665037E+03
GradDelSqRho = -6.8212102633E-12  1.2505552149E-11  1.1368683772E-12
HessDelSqRho_EigVals = -5.0528446497E+05 -1.4416064786E+03  7.1824850928E+02
HessDelSqRho_EigVec1 =  7.1359574172E-01 -7.0055696427E-01  1.0282088216E-03
HessDelSqRho_EigVec2 =  7.0055632818E-01  7.1359648101E-01  9.4516630968E-04
HessDelSqRho_EigVec3 = -1.3958690375E-03  4.5851542844E-05  9.9999902472E-01
</CP of DelSqRho>
<CP of DelSqRho>
CP# = 51      
Type = (3,-1)
Coords =  2.08073677678988E-01 -2.04271561667179E-01  2.99844906938542E-04
DistFromNuc =  2.9158466379E-01
Rho =  2.2296594770E+01
DelSqRho =  1.6079665037E+03
GradDelSqRho = -1.3642420527E-11  4.3200998334E-12 -3.7516656448E-12
HessDelSqRho_EigVals = -5.0528446497E+05 -1.4416064786E+03  7.1824850928E+02
HessDelSqRho_EigVec1 =  7.1359574172E-01 -7.0055696427E-01  1.0282088216E-03
HessDelSqRho_EigVec2 =  7.0055632818E-01  7.1359648101E-01  9.4516630969E-04
HessDelSqRho_EigVec3 = -1.3958690375E-03  4.5851542841E-05  9.9999902472E-01
</CP of DelSqRho>
<CP of DelSqRho>
CP# = 52      
Type = (3,-1)
Coords = -2.04264255748179E-01 -2.08080306435527E-01 -3.82454327459315E-04
DistFromNuc =  2.9158437265E-01
Rho =  2.2296732835E+01
DelSqRho =  1.6079528189E+03
GradDelSqRho = -1.1937117961E-12 -2.2737367544E-13 -1.2505552149E-12
HessDelSqRho_EigVals = -5.0528840208E+05 -1.4409661116E+03  7.2333711731E+02
HessDelSqRho_EigVec1 =  7.0053190303E-01  7.1361988027E-01  1.3112301315E-03
HessDelSqRho_EigVec2 =  7.1361950749E-01 -7.0053303536E-01  8.1541064321E-04
HessDelSqRho_EigVec3 = -1.5004532697E-03 -3.6449823102E-04  9.9999880789E-01
</CP of DelSqRho>
<CP of DelSqRho>
CP# = 53      
Type = (3,-3)
Coords =  1.66469112000840E-01  1.69788810251703E-01  1.68702361636393E-01
DistFromNuc =  2.9154878178E-01
Rho =  2.2285251482E+01
DelSqRho =  1.6130801855E+03
GradDelSqRho =  5.0022208598E-12  7.7307049651E-12  3.1832314562E-12
HessDelSqRho_EigVals = -5.0572701944E+05 -9.6383244384E+02 -9.6131169522E+02
HessDelSqRho_EigVec1 =  5.7098200698E-01  5.8236911712E-01  5.7864130437E-01
HessDelSqRho_EigVec2 =  3.7867783522E-01  4.3854430901E-01 -8.1503496008E-01
HessDelSqRho_EigVec3 =  7.2841104112E-01 -6.8448893377E-01 -2.9870633142E-02
</CP of DelSqRho>
<CP of DelSqRho>
CP# = 54      
Type = (3,-3)
Coords = -1.70128862567429E-01  1.66833905913652E-01  1.67998616089339E-01
DistFromNuc =  2.9154916746E-01
Rho =  2.2285266406E+01
DelSqRho =  1.6130516773E+03
GradDelSqRho = -1.8189894035E-12 -6.3664629124E-12 -6.3664629124E-12
HessDelSqRho_EigVals = -5.0572210634E+05 -9.6101759068E+02 -9.5870474776E+02
HessDelSqRho_EigVec1 =  5.8353365660E-01 -5.7223238424E-01 -5.7622788030E-01
HessDelSqRho_EigVec2 = -6.0718461762E-01 -7.7862359653E-01  1.5834182974E-01
HessDelSqRho_EigVec3 =  5.3927294734E-01 -2.5747891826E-01  8.0180377582E-01
</CP of DelSqRho>
<CP of DelSqRho>
CP# = 55      
Type = (3,-3)
Coords =  1.69700503537194E-01 -1.66830885909582E-01  1.68434414598028E-01
DistFromNuc =  2.9154923669E-01
Rho =  2.2285270026E+01
DelSqRho =  1.6130464623E+03
GradDelSqRho = -2.6147972676E-12 -3.8085090637E-12  6.7390537595E-12
HessDelSqRho_EigVals = -5.0572123030E+05 -9.6027682353E+02 -9.5845362314E+02
HessDelSqRho_EigVec1 =  5.8206396913E-01 -5.7222225819E-01  5.7772244466E-01
HessDelSqRho_EigVec2 = -6.9576848298E-01 -7.1819144689E-01 -1.0356818936E-02
HessDelSqRho_EigVec3 = -4.2084172075E-01  3.9593273777E-01  8.1616757669E-01
</CP of DelSqRho>
<CP of DelSqRho>
CP# = 56      
Type = (3,-3)
Coords = -1.66916697675313E-01 -1.69871181375174E-01  1.68176053976347E-01
DistFromNuc =  2.9154860205E-01
Rho =  2.2285270113E+01
DelSqRho =  1.6130897491E+03
GradDelSqRho = -8.6401996668E-12 -2.2737367544E-13  6.8212102633E-12
HessDelSqRho_EigVals = -5.0572935585E+05 -9.6451293777E+02 -9.6235707633E+02
HessDelSqRho_EigVec1 =  5.7251754300E-01  5.8265179898E-01 -5.7683667021E-01
HessDelSqRho_EigVec2 = -2.7408654322E-01 -5.2706474344E-01 -8.0441240856E-01
HessDelSqRho_EigVec3 =  7.7272260856E-01 -6.1864338465E-01  1.4205679443E-01
</CP of DelSqRho>
<CP of DelSqRho>
CP# = 57      
Type = (3,-3)
Coords =  1.66916697675307E-01  1.69871181375173E-01 -1.68176053976354E-01
DistFromNuc =  2.9154860205E-01
Rho =  2.2285270113E+01
DelSqRho =  1.6130897491E+03
GradDelSqRho =  2.5011104299E-12 -4.0927261580E-12  3.6379788071E-12
HessDelSqRho_EigVals = -5.0572935585E+05 -9.6451293777E+02 -9.6235707633E+02
HessDelSqRho_EigVec1 =  5.7251754300E-01  5.8265179898E-01 -5.7683667021E-01
HessDelSqRho_EigVec2 = -2.7408654325E-01 -5.2706474341E-01 -8.0441240857E-01
HessDelSqRho_EigVec3 =  7.7272260855E-01 -6.1864338467E-01  1.4205679440E-01
</CP of DelSqRho>
<CP of DelSqRho>
CP# = 58      
Type = (3,-3)
Coords = -1.69700503537189E-01  1.66830885909582E-01 -1.68434414598033E-01
DistFromNuc =  2.9154923669E-01
Rho =  2.2285270026E+01
DelSqRho =  1.6130464623E+03
GradDelSqRho = -1.1823431123E-11  4.6611603466E-12 -3.2608360456E-12
HessDelSqRho_EigVals = -5.0572123030E+05 -9.6027682353E+02 -9.5845362314E+02
HessDelSqRho_EigVec1 =  5.8206396913E-01 -5.7222225819E-01  5.7772244466E-01
HessDelSqRho_EigVec2 = -6.9576848299E-01 -7.1819144689E-01 -1.0356818929E-02
HessDelSqRho_EigVec3 = -4.2084172075E-01  3.9593273777E-01  8.1616757669E-01
</CP of DelSqRho>
<CP of DelSqRho>
CP# = 59      
Type = (3,-3)
Coords =  1.70128862567431E-01 -1.66833905913652E-01 -1.67998616089338E-01
DistFromNuc =  2.9154916746E-01
Rho =  2.2285266406E+01
DelSqRho =  1.6130516773E+03
GradDelSqRho = -2.7284841053E-12  3.6379788071E-12 -6.3664629124E-12
HessDelSqRho_EigVals = -5.0572210634E+05 -9.6101759068E+02 -9.5870474776E+02
HessDelSqRho_EigVec1 =  5.8353365660E-01 -5.7223238424E-01 -5.7622788030E-01
HessDelSqRho_EigVec2 = -6.0718461764E-01 -7.7862359652E-01  1.5834182972E-01
HessDelSqRho_EigVec3 =  5.3927294733E-01 -2.5747891828E-01  8.0180377582E-01
</CP of DelSqRho>
<CP of DelSqRho>
CP# = 60      
Type = (3,-3)
Coords = -1.66469112000834E-01 -1.69788810251713E-01 -1.68702361636389E-01
DistFromNuc =  2.9154878178E-01
Rho =  2.2285251482E+01
DelSqRho =  1.6130801855E+03
GradDelSqRho =  4.5474735089E-13  1.7507773009E-11 -1.8189894035E-12
HessDelSqRho_EigVals = -5.0572701944E+05 -9.6383244384E+02 -9.6131169522E+02
HessDelSqRho_EigVec1 =  5.7098200698E-01  5.8236911712E-01  5.7864130437E-01
HessDelSqRho_EigVec2 =  3.7867783520E-01  4.3854430903E-01 -8.1503496008E-01
