 AIMInt (Version 19.02.13, Professional)
 Portions Copyright (c) 1997-2019 by Todd A. Keith
 AIMInt is a component of the AIMAll package ( http://aim.tkgristmill.com )

 TP:  64-bit Linux

 Licensed To:  Research Group of Fernando Cortes Guzman, UNAM, fercor@unam.mx

 AIMInt is a heavily modified and extended version of the PROAIMV program
 developed by members of R.F.W. Bader's research group

 Much of the Quantum Theory of Atoms in Molecules (QTAIM) is described in the book:
   "Atoms in Molecules - A Quantum Theory"
   R.F.W. Bader, Oxford University Press, Oxford, 1990

 For additional references see:  http://aim.tkgristmill.com/references.html

 Current Directory:  /home/scratch/M_H2O_4_tetraedrico/Opt

 Inp File:  Ti2_tetraedrico_cc-pvtz-def2-tzv_2_atomicfiles/o2.inp
 Wfx File:  Ti2_tetraedrico_cc-pvtz-def2-tzv_2.wfx
 Out File:  Ti2_tetraedrico_cc-pvtz-def2-tzv_2_atomicfiles/o2.int

 Wfx Title:   Ti2_tetraedrico_cc-pvtz-def2-tzv_2                                            
 Job Title:   Ti2_tetraedrico_cc-pvtz-def2-tzv_2                                            
 
<Atom>
O2      
</Atom>
<Nuclei of Molecule>
    13
Ti1       22.0           1.1731847461E-05   3.5549506380E-05  -3.7890228143E-05
O2         8.0          -1.7923196555E+00  -2.4913497107E+00   2.1401846130E+00
H3         1.0          -3.4105429842E+00  -3.3018116561E+00   1.7365881305E+00
O4         8.0           1.7897514527E+00   2.4584493374E+00   2.1801084979E+00
H5         1.0           3.4067118741E+00   3.2781420361E+00   1.7905199316E+00
O6         8.0          -2.4736730089E+00   1.8075150194E+00  -2.1480385062E+00
H7         1.0          -3.2510418040E+00   1.2634599813E+00  -3.7429347079E+00
O8         8.0           2.4762874967E+00  -1.7744735630E+00  -2.1724053719E+00
H9         1.0           3.2903869975E+00  -3.3952207788E+00  -1.7869503170E+00
H10        1.0          -1.2369856731E+00  -3.2842523173E+00   3.7238506447E+00
H11        1.0           1.2333739413E+00   3.2229949314E+00   3.7770806961E+00
H12        1.0          -3.2904623038E+00   3.4211185373E+00  -1.7390508996E+00
H13        1.0           3.2579315724E+00  -1.2063414877E+00  -3.7570637555E+00
</Nuclei of Molecule>
<Total Number of CPs of DelSqRho>
    35
</Total Number of CPs of DelSqRho>
<Number of (3,+3) CPs of DelSqRho>
     5
</Number of (3,+3) CPs of DelSqRho>
<Number of (3,+1) CPs of DelSqRho>
    13
</Number of (3,+1) CPs of DelSqRho>
<Number of (3,-1) CPs of DelSqRho>
    11
</Number of (3,-1) CPs of DelSqRho>
<Number of (3,-3) CPs of DelSqRho>
     6
</Number of (3,-3) CPs of DelSqRho>
<Number of Degenerate CPs of DelSqRho>
     0
</Number of Degenerate CPs of DelSqRho>
<CP of DelSqRho>
CP# = 1       
Type = (3,+3)
Coords = -1.79231983164767E+00 -2.49135000677851E+00  2.14018480841993E+00
DistFromNuc =  3.9607274562E-07
Rho =  2.9731667515E+02
DelSqRho = -3.3295761562E+06
GradDelSqRho = -1.5503503619E-06  8.1441993416E-06 -2.8328456210E-05
HessDelSqRho_EigVals =  1.3240968552E+11  1.3240970227E+11  1.3240971154E+11
HessDelSqRho_EigVec1 = -4.7245666684E-01  7.1921070719E-01  5.0943169966E-01
HessDelSqRho_EigVec2 = -4.7623308932E-01 -6.9468690119E-01  5.3908455176E-01
HessDelSqRho_EigVec3 =  7.4161091051E-01  1.2085858344E-02  6.7072139480E-01
</CP of DelSqRho>
<CP of DelSqRho>
CP# = 2       
Type = (3,-1)
Coords = -1.04719671160710E+00 -1.40013764431728E+00  1.22870230633584E+00
DistFromNuc =  1.6052264546E+00
Rho =  1.1061043043E-01
DelSqRho =  3.5006477003E-01
GradDelSqRho = -8.0664641633E-16 -8.6042284408E-16  8.6042284408E-16
HessDelSqRho_EigVals = -4.3650358331E-01 -3.6572799662E-01  3.8285733762E+00
HessDelSqRho_EigVec1 =  4.8395352650E-01 -7.4506626550E-01 -4.5898283650E-01
HessDelSqRho_EigVec2 =  7.2870553764E-01  5.2703925246E-02  6.8279611575E-01
HessDelSqRho_EigVec3 =  4.8453815495E-01  6.6490492274E-01 -5.6844016406E-01
</CP of DelSqRho>
<CP of DelSqRho>
CP# = 3       
Type = (3,+1)
Coords = -2.79307529343035E+00 -2.99231781543515E+00  1.88779358776200E+00
DistFromNuc =  1.1472498064E+00
Rho =  4.1735353464E-01
DelSqRho = -9.8037903858E-01
GradDelSqRho =  2.5812685323E-15 -2.7061686225E-15 -9.4368957093E-16
HessDelSqRho_EigVals = -3.2013950990E+01  1.5059753034E+01  1.5959430923E+01
HessDelSqRho_EigVec1 =  8.7259443654E-01  4.3804119204E-01  2.1609919803E-01
HessDelSqRho_EigVec2 = -4.8153092280E-01  6.9729145199E-01  5.3095442495E-01
HessDelSqRho_EigVec3 =  8.1895785657E-02 -5.6736632351E-01  8.1938302108E-01
</CP of DelSqRho>
<CP of DelSqRho>
CP# = 4       
Type = (3,+1)
Coords = -1.44663367119421E+00 -2.98143940240595E+00  3.11914060116684E+00
DistFromNuc =  1.1480598993E+00
Rho =  4.1653340284E-01
DelSqRho = -9.7475099130E-01
GradDelSqRho =  1.2836953722E-15 -7.0846106759E-15  3.3445468617E-15
HessDelSqRho_EigVals = -3.1815888384E+01  1.4963800110E+01  1.5855878317E+01
HessDelSqRho_EigVec1 =  2.9755491473E-01 -4.2812558644E-01  8.5332851526E-01
HessDelSqRho_EigVec2 = -4.8783779752E-01  7.0013150003E-01  5.2137334605E-01
HessDelSqRho_EigVec3 =  8.2065544294E-01  5.7142310497E-01  5.2827435642E-04
</CP of DelSqRho>
<CP of DelSqRho>
CP# = 5       
Type = (3,+1)
Coords = -1.75006171171829E+00 -2.64842141630124E+00  2.09581732109289E+00
DistFromNuc =  1.6859926183E-01
Rho =  2.2496434465E+01
DelSqRho =  1.2312520709E+03
GradDelSqRho =  1.8598456109E-12 -2.8528290841E-11 -5.8886229226E-12
HessDelSqRho_EigVals = -4.0718480695E+05  1.9834288690E+03  3.4974111560E+03
HessDelSqRho_EigVec1 = -2.5402521501E-01  9.2965253572E-01  2.6686579582E-01
HessDelSqRho_EigVec2 = -6.2345733641E-01 -3.6833206996E-01  6.8966110222E-01
HessDelSqRho_EigVec3 =  7.3944042344E-01  8.8118715369E-03  6.7316432697E-01
</CP of DelSqRho>
<CP of DelSqRho>
CP# = 6       
Type = (3,+1)
Coords = -1.89885337847364E+00 -2.43121366390780E+00  2.25601889025488E+00
DistFromNuc =  1.6847361234E-01
Rho =  2.2522439261E+01
DelSqRho =  1.2344378495E+03
GradDelSqRho =  4.6185277824E-13  5.4001247918E-13  4.4906300900E-12
HessDelSqRho_EigVals = -4.1011168476E+05  1.8118984685E+03  3.3700757978E+03
HessDelSqRho_EigVec1 =  6.3100184084E-01 -3.6221700037E-01 -6.8602880515E-01
HessDelSqRho_EigVec2 = -2.3741913140E-01 -9.3204174556E-01  2.7373406908E-01
HessDelSqRho_EigVec3 =  7.3855861846E-01  9.8503384617E-03  6.7411730280E-01
</CP of DelSqRho>
<CP of DelSqRho>
CP# = 7       
Type = (3,-1)
Coords = -1.87654065427201E+00 -2.60402821149377E+00  2.23393455108344E+00
DistFromNuc =  1.6905227613E-01
Rho =  2.2290895746E+01
DelSqRho =  1.2442720798E+03
GradDelSqRho = -4.7344350662E-12 -1.1635137298E-12  1.2176926134E-12
HessDelSqRho_EigVals = -4.0076469646E+05 -1.3291899378E+03  1.9882661717E+03
HessDelSqRho_EigVec1 =  4.9849466905E-01  6.6601756943E-01 -5.5490869712E-01
HessDelSqRho_EigVec2 =  4.5387801319E-01 -7.4588359260E-01 -4.8749606710E-01
HessDelSqRho_EigVec3 =  7.3857823829E-01  8.8466663123E-03  6.7410972580E-01
</CP of DelSqRho>
<CP of DelSqRho>
CP# = 8       
Type = (3,-3)
Coords = -1.65204081110130E+00 -2.40148859966021E+00  2.15125189189205E+00
DistFromNuc =  1.6696004951E-01
Rho =  2.2715871245E+01
DelSqRho =  1.2986974196E+03
GradDelSqRho =  6.7853278551E-11 -4.1993075683E-12  6.3251626159E-12
HessDelSqRho_EigVals = -4.5167542306E+05 -3.6698253692E+03 -6.7342127564E+02
HessDelSqRho_EigVec1 =  8.3913238644E-01  5.4025826217E-01  6.3070184509E-02
HessDelSqRho_EigVec2 = -4.9092339678E-01  7.0232621321E-01  5.1549210347E-01
HessDelSqRho_EigVec3 =  2.3420302413E-01 -4.6352874819E-01  8.5457009255E-01
</CP of DelSqRho>
<CP of DelSqRho>
CP# = 9       
Type = (3,-1)
Coords = -1.71554570612590E+00 -2.37229766789653E+00  2.05229161320295E+00
DistFromNuc =  1.6671175007E-01
Rho =  2.2806102483E+01
DelSqRho =  1.2972572559E+03
GradDelSqRho = -9.3578478300E-12  2.4567015089E-12 -3.3040237213E-13
HessDelSqRho_EigVals = -4.5712601254E+05 -3.3188486515E+03  3.9128852900E+02
HessDelSqRho_EigVec1 =  4.6044268039E-01  7.1430653860E-01 -5.2702818425E-01
HessDelSqRho_EigVec2 =  4.8604730992E-01 -6.9967120103E-01 -5.2365849842E-01
HessDelSqRho_EigVec3 =  7.4279913206E-01  1.5045908587E-02  6.6934525474E-01
</CP of DelSqRho>
<CP of DelSqRho>
CP# = 10      
Type = (3,-3)
Coords = -1.81642190259953E+00 -2.40297144960620E+00  2.00059914816025E+00
DistFromNuc =  1.6696028672E-01
Rho =  2.2716478220E+01
DelSqRho =  1.2985757218E+03
GradDelSqRho = -3.4354741274E-12  5.2633453151E-12 -1.0119904914E-11
HessDelSqRho_EigVals = -4.5164910293E+05 -3.6611751526E+03 -6.5284009899E+02
HessDelSqRho_EigVec1 =  1.4108524553E-01 -5.3141351017E-01  8.3528117104E-01
HessDelSqRho_EigVec2 = -4.7777097094E-01  7.0241758664E-01  5.2758357945E-01
HessDelSqRho_EigVec3 =  8.6708122620E-01  4.7350735494E-01  1.5479319105E-01
</CP of DelSqRho>
<CP of DelSqRho>
CP# = 11      
Type = (3,-1)
Coords = -1.18195545745063E+00 -2.32756806390850E+00  2.47950911725326E+00
DistFromNuc =  7.1729352521E-01
Rho =  6.6925834837E-01
DelSqRho = -9.9706280430E-01
GradDelSqRho = -7.0221606308E-15 -2.3592239273E-15 -1.7208456882E-15
HessDelSqRho_EigVals = -1.5678214990E+01 -1.1708326943E+01  1.4304372271E+02
HessDelSqRho_EigVec1 =  1.8785353404E-01  6.5737272052E-01 -7.2977541481E-01
HessDelSqRho_EigVec2 = -4.7955099638E-01  7.0981033637E-01  5.1594585787E-01
HessDelSqRho_EigVec3 =  8.5717086489E-01  2.5304227453E-01  4.4858412331E-01
</CP of DelSqRho>
<CP of DelSqRho>
CP# = 12      
Type = (3,+1)
Coords = -2.48512067043062E+00 -2.43882877942111E+00  2.19228561955906E+00
DistFromNuc =  6.9673969990E-01
Rho =  7.6862626236E-01
DelSqRho = -2.4636843350E+00
GradDelSqRho = -3.8302694350E-15 -1.0824674490E-14 -3.6914915569E-15
HessDelSqRho_EigVals = -1.2686176824E+01  1.3293582109E+01  1.7798016290E+02
HessDelSqRho_EigVec1 =  2.0858101823E-01  8.6494900510E-01  4.5646158371E-01
HessDelSqRho_EigVec2 =  3.7371234634E-02 -4.7343522561E-01  8.8003549813E-01
HessDelSqRho_EigVec3 =  9.7729082143E-01 -1.6650016733E-01 -1.3107381364E-01
</CP of DelSqRho>
<CP of DelSqRho>
CP# = 13      
Type = (3,+3)
Coords = -1.95672227496371E+00 -1.90150717798800E+00  2.31166266927567E+00
DistFromNuc =  6.3588297550E-01
Rho =  9.6915674887E-01
DelSqRho = -4.5386017516E+00
GradDelSqRho = -1.1046719095E-13  3.4949820815E-13  1.1245171461E-13
HessDelSqRho_EigVals =  1.1213343168E+01  2.4475661826E+01  3.4771143028E+02
HessDelSqRho_EigVec1 =  6.2007394202E-01  3.8922886467E-01 -6.8118220569E-01
HessDelSqRho_EigVec2 =  7.3701203029E-01  8.6265858642E-03  6.7582456986E-01
HessDelSqRho_EigVec3 = -2.6892670683E-01  9.2110068555E-01  2.8151723469E-01
</CP of DelSqRho>
<CP of DelSqRho>
CP# = 14      
Type = (3,+3)
Coords = -1.38759291361205E+00 -2.71348313283787E+00  1.69836624709711E+00
DistFromNuc =  6.3902305218E-01
Rho =  9.5723163478E-01
DelSqRho = -4.4197941017E+00
GradDelSqRho = -3.9857006584E-14  5.4956039719E-15  8.1046280798E-15
HessDelSqRho_EigVals =  1.0014674837E+01  2.3661183284E+01  3.3237981380E+02
HessDelSqRho_EigVec1 =  2.4260138012E-01  9.3064703052E-01 -2.7393553063E-01
HessDelSqRho_EigVec2 =  7.3856656855E-01  5.9073417428E-03  6.7415467597E-01
HessDelSqRho_EigVec3 =  6.2901827810E-01 -3.6587047967E-01 -6.8591165460E-01
</CP of DelSqRho>
<CP of DelSqRho>
CP# = 15      
Type = (3,+1)
Coords = -1.78475666558201E+00 -2.43210316593426E+00  2.83421847693250E+00
DistFromNuc =  6.9659913596E-01
Rho =  7.6829585305E-01
DelSqRho = -2.4578616418E+00
GradDelSqRho =  3.7192471325E-15  9.8809849192E-15  6.6363581297E-14
HessDelSqRho_EigVals = -1.2703609914E+01  1.3240101059E+01  1.7807322937E+02
HessDelSqRho_EigVec1 = -4.8375523231E-01  8.5735137320E-01 -1.7586784268E-01
HessDelSqRho_EigVec2 =  8.7391512253E-01  4.8408894284E-01 -4.3934656310E-02
HessDelSqRho_EigVec3 = -4.7468240125E-02  1.7494718716E-01  9.8343288937E-01
</CP of DelSqRho>
<CP of DelSqRho>
CP# = 16      
Type = (3,-1)
Coords = -2.18595487272459E+00 -2.33763305005432E+00  1.56064808112198E+00
DistFromNuc =  7.1724478928E-01
Rho =  6.7006345252E-01
DelSqRho = -9.9705330581E-01
GradDelSqRho = -3.8302694350E-15  8.6874951677E-15 -1.3378187447E-14
HessDelSqRho_EigVals = -1.5728260918E+01 -1.1848953108E+01  1.4307321958E+02
HessDelSqRho_EigVec1 =  7.0533631995E-01  6.5938346547E-01 -2.6021937134E-01
HessDelSqRho_EigVec2 =  4.7619897050E-01 -7.1266866037E-01 -5.1510962039E-01
HessDelSqRho_EigVec3 =  5.2510495737E-01 -2.3940932728E-01  8.1666881767E-01
</CP of DelSqRho>
<CP of DelSqRho>
CP# = 17      
Type = (3,-1)
Coords = -2.13780672524377E+00 -3.00193880160880E+00  2.52234665744067E+00
DistFromNuc =  7.2533465609E-01
Rho =  6.6759708002E-01
DelSqRho = -1.0336508957E+00
GradDelSqRho = -1.9428902931E-15  1.1018963519E-14  2.3314683517E-15
HessDelSqRho_EigVals = -1.8492947502E+01 -5.3464806893E+00  1.3292182267E+02
HessDelSqRho_EigVec1 =  7.3859994520E-01  5.1781796876E-03  6.7412410386E-01
HessDelSqRho_EigVec2 = -4.7669328662E-01  7.1109532079E-01  5.1682391125E-01
HessDelSqRho_EigVec3 =  4.7669028881E-01  7.0307654719E-01 -5.2768336846E-01
</CP of DelSqRho>
<CP of DelSqRho>
CP# = 18      
Type = (3,+1)
Coords = -2.09083582125537E+00 -3.00552074898316E+00  1.77684646546996E+00
DistFromNuc =  6.9677712880E-01
Rho =  7.6741261730E-01
DelSqRho = -2.4381173308E+00
GradDelSqRho = -1.7486012638E-14 -1.9692580899E-14 -1.8110513089E-14
HessDelSqRho_EigVals = -1.2597508341E+01  1.2854437931E+01  1.7717329138E+02
HessDelSqRho_EigVec1 =  9.3358107985E-01 -1.7973066971E-01 -3.1003750371E-01
HessDelSqRho_EigVec2 =  1.3860254961E-01 -6.1672702663E-01  7.7487876979E-01
HessDelSqRho_EigVec3 =  3.3047798805E-01  7.6638414714E-01  5.5085355443E-01
</CP of DelSqRho>
<CP of DelSqRho>
CP# = 19      
Type = (3,+1)
Coords = -1.39975006014983E+00 -3.00014483354421E+00  2.40856222101116E+00
DistFromNuc =  6.9642652497E-01
Rho =  7.6799507949E-01
DelSqRho = -2.4431028966E+00
GradDelSqRho = -8.0491169285E-15  2.2482016249E-15  6.3837823916E-15
HessDelSqRho_EigVals = -1.2524518165E+01  1.2885053236E+01  1.7761777171E+02
HessDelSqRho_EigVec1 = -2.2549890415E-01  1.8602524319E-01  9.5631838481E-01
HessDelSqRho_EigVec2 =  7.7943155242E-01  6.2335880997E-01  6.2531984811E-02
HessDelSqRho_EigVec3 = -5.8449696263E-01  7.5948561733E-01 -2.8556067263E-01
</CP of DelSqRho>
<CP of DelSqRho>
CP# = 20      
Type = (3,+1)
Coords = -1.47839127930720E+00 -2.02393104838111E+00  1.79147325545301E+00
DistFromNuc =  6.6229211240E-01
Rho =  8.7280679861E-01
DelSqRho = -3.5738086161E+00
GradDelSqRho = -1.6320278462E-14 -5.6066262744E-15  4.6629367034E-15
HessDelSqRho_EigVals = -6.7453877292E+00  1.9640395245E+01  2.5908150305E+02
HessDelSqRho_EigVec1 =  4.8160780341E-01 -7.0658358177E-01 -5.1845305059E-01
HessDelSqRho_EigVec2 =  7.3792360825E-01  7.8085479834E-03  6.7483907338E-01
HessDelSqRho_EigVec3 =  4.7278184407E-01  7.0758650959E-01 -5.2516536384E-01
</CP of DelSqRho>
<CP of DelSqRho>
CP# = 21      
Type = (3,+3)
Coords = -1.56859329115167E+00 -2.80073027786034E+00  2.76315311581551E+00
DistFromNuc =  7.3065694889E-01
Rho =  7.3551482265E-01
DelSqRho = -2.8981376478E+00
GradDelSqRho = -1.0894063429E-14  1.0838552278E-14 -2.5007773630E-14
HessDelSqRho_EigVals =  1.0716213577E+01  2.2013632205E+01  1.3145866341E+02
HessDelSqRho_EigVec1 = -4.7665965580E-01  7.0742915976E-01  5.2186162578E-01
HessDelSqRho_EigVec2 =  8.2290092366E-01  5.6789316447E-01 -1.8205042632E-02
HessDelSqRho_EigVec3 =  3.0924042809E-01 -4.2076280452E-01  8.5283586930E-01
</CP of DelSqRho>
<CP of DelSqRho>
CP# = 22      
Type = (3,+3)
Coords = -2.43081927884808E+00 -2.80704065981131E+00  1.97619201947076E+00
DistFromNuc =  7.3091457440E-01
Rho =  7.3538866729E-01
DelSqRho = -2.8970411349E+00
GradDelSqRho =  4.8322457147E-14  6.2450045135E-15  9.7144514655E-15
HessDelSqRho_EigVals =  1.0723078333E+01  2.2020869017E+01  1.3125603027E+02
HessDelSqRho_EigVec1 = -4.8093681259E-01  7.0925304180E-01  5.1542206491E-01
HessDelSqRho_EigVec2 =  5.9825211305E-02 -5.5995726514E-01  8.2635876307E-01
HessDelSqRho_EigVec3 =  8.7471179619E-01  4.2826158351E-01  2.2687284919E-01
</CP of DelSqRho>
<CP of DelSqRho>
CP# = 23      
Type = (3,-3)
Coords = -2.12091709157308E+00 -3.54617067727613E+00  2.50879007221452E+00
DistFromNuc =  1.1646860225E+00
Rho =  2.5050776767E-01
DelSqRho =  8.4808773070E-01
GradDelSqRho =  2.1890302071E-13  1.1921141158E-12 -2.5126862396E-13
HessDelSqRho_EigVals = -1.7158500911E+01 -3.2320172550E+00 -1.4799739810E-01
HessDelSqRho_EigVec1 =  2.8140405513E-01  9.0613250541E-01 -3.1580950017E-01
HessDelSqRho_EigVec2 =  7.3835333423E-01  5.7420210695E-03  6.7438963740E-01
HessDelSqRho_EigVec3 =  6.1289975656E-01 -4.2295497613E-01 -6.6743012861E-01
</CP of DelSqRho>
<CP of DelSqRho>
CP# = 24      
Type = (3,-1)
Coords = -1.91958088757553E+00 -3.26822275620881E+00  1.24631685286524E+00
DistFromNuc =  1.1911031536E+00
Rho =  2.4452504421E-01
DelSqRho =  7.0816631006E-01
GradDelSqRho = -8.4307560932E-16 -7.5980888248E-16  6.9041994344E-16
HessDelSqRho_EigVals = -1.6884649427E+01 -1.2591011780E+00  3.1161054368E-01
HessDelSqRho_EigVec1 =  9.1046684803E-02  6.4323321626E-01  7.6023781193E-01
HessDelSqRho_EigVec2 =  9.5534743631E-01  1.5907849787E-01 -2.4900864935E-01
HessDelSqRho_EigVec3 =  2.8110812355E-01 -7.4896265662E-01  6.0002763425E-01
</CP of DelSqRho>
<CP of DelSqRho>
CP# = 25      
Type = (3,-3)
Coords = -2.50351122932738E+00 -2.97846399604407E+00  2.92233539752435E+00
DistFromNuc =  1.1639732091E+00
Rho =  2.5030176301E-01
DelSqRho =  8.5023410479E-01
GradDelSqRho =  1.2458784004E-14  2.7287200277E-15 -1.2691236950E-14
HessDelSqRho_EigVals = -1.7215969675E+01 -3.1338946666E+00 -1.7709370940E-01
HessDelSqRho_EigVec1 =  6.1125558220E-01  4.1704427017E-01 -6.7263711610E-01
HessDelSqRho_EigVec2 =  7.3808197376E-01  6.3751234654E-03  6.7468093037E-01
HessDelSqRho_EigVec3 = -2.8565996086E-01  9.0886381517E-01  3.0391602826E-01
</CP of DelSqRho>
<CP of DelSqRho>
CP# = 26      
Type = (3,+1)
Coords = -1.06491868861104E+00 -1.90237476647608E+00  1.34123175255490E+00
DistFromNuc =  1.2305808892E+00
Rho =  2.4214330820E-01
DelSqRho =  5.0239438617E-01
GradDelSqRho = -1.5588225155E-14 -1.0052722543E-14  1.7178966583E-14
HessDelSqRho_EigVals = -1.1916765950E+01  1.2182514217E-01  5.3680066357E-01
HessDelSqRho_EigVec1 =  5.9495081197E-01  4.7283776945E-01 -6.4996767236E-01
HessDelSqRho_EigVec2 = -3.1948698489E-01  8.8114945942E-01  3.4857380374E-01
HessDelSqRho_EigVec3 =  7.3753752299E-01  2.7194435026E-04  6.7530609966E-01
</CP of DelSqRho>
<CP of DelSqRho>
CP# = 27      
Type = (3,-3)
Coords = -2.39960355889392E+00 -2.19941454693847E+00  1.21957374986888E+00
DistFromNuc =  1.1408524183E+00
Rho =  2.4712642789E-01
DelSqRho =  8.3966138783E-01
GradDelSqRho =  1.7277845821E-15 -2.3522850334E-15  3.0322966360E-15
HessDelSqRho_EigVals = -1.7591057242E+01 -1.8224497476E+00 -5.2317406496E-01
HessDelSqRho_EigVec1 =  5.0455413780E-01 -2.7912259611E-01  8.1701633911E-01
HessDelSqRho_EigVec2 =  7.1638626010E-01  6.6351485697E-01 -2.1572844254E-01
HessDelSqRho_EigVec3 = -4.8188779645E-01  6.9414595794E-01  5.3473875931E-01
</CP of DelSqRho>
<CP of DelSqRho>
CP# = 28      
Type = (3,-1)
Coords = -8.86951742650696E-01 -3.26301548865562E+00  2.19123140183668E+00
DistFromNuc =  1.1906993345E+00
Rho =  2.4437800942E-01
DelSqRho =  7.1138858936E-01
GradDelSqRho = -1.5473733406E-15  1.0477729795E-15 -1.0581813203E-16
HessDelSqRho_EigVals = -1.6953223480E+01 -1.2579529588E+00  2.9749199493E-01
HessDelSqRho_EigVec1 =  7.6879214120E-01 -6.3898271677E-01  2.5685234994E-02
HessDelSqRho_EigVec2 = -1.5797288009E-01 -1.5083859129E-01  9.7585464519E-01
HessDelSqRho_EigVec3 =  6.1967992769E-01  7.5428695272E-01  2.1690546367E-01
</CP of DelSqRho>
<CP of DelSqRho>
CP# = 29      
Type = (3,-3)
Coords = -8.24366093917124E-01 -2.18551299790040E+00  2.66064852992604E+00
DistFromNuc =  1.1407685485E+00
Rho =  2.4659913868E-01
DelSqRho =  8.3758039153E-01
GradDelSqRho = -1.5265566589E-16  2.2239154962E-15  3.4694469520E-16
HessDelSqRho_EigVals = -1.7581517604E+01 -1.8061820833E+00 -4.9835236471E-01
HessDelSqRho_EigVec1 =  8.5578344938E-01  2.9177895409E-01  4.2719987093E-01
HessDelSqRho_EigVec2 = -1.4484267989E-01 -6.5760946350E-01  7.3930399133E-01
HessDelSqRho_EigVec3 = -4.9664402327E-01  6.9456089400E-01  5.2050924937E-01
</CP of DelSqRho>
<CP of DelSqRho>
CP# = 30      
Type = (3,-1)
Coords = -1.82521131142713E+00 -1.92681406737684E+00  3.18759099386310E+00
DistFromNuc =  1.1903119257E+00
Rho =  2.4422924546E-01
DelSqRho =  7.1815907657E-01
GradDelSqRho =  5.3602955408E-16 -1.5126788711E-15 -4.7357950894E-15
HessDelSqRho_EigVals = -1.7147578312E+01 -1.2243658411E+00  2.9185215795E-01
HessDelSqRho_EigVec1 = -2.6480342072E-02  4.9249379363E-01  8.6991301561E-01
HessDelSqRho_EigVec2 = -3.1647115587E-01  8.2132845340E-01 -4.7462151145E-01
HessDelSqRho_EigVec3 =  9.4823246041E-01  2.8787051754E-01 -1.3411102173E-01
</CP of DelSqRho>
<CP of DelSqRho>
CP# = 31      
Type = (3,-1)
Coords = -2.83866969153109E+00 -1.93526025730296E+00  2.25775532544318E+00
DistFromNuc =  1.1907588969E+00
Rho =  2.4448401627E-01
DelSqRho =  7.1572737033E-01
GradDelSqRho =  1.6826817717E-15  4.8225312632E-16  1.6718397500E-16
HessDelSqRho_EigVals = -1.7107645872E+01 -1.2279869732E+00  3.0180682320E-01
HessDelSqRho_EigVec1 =  8.6908058487E-01 -4.8509897767E-01 -9.6839655470E-02
HessDelSqRho_EigVec2 =  4.9243992292E-01  8.2985115903E-01  2.6239278985E-01
HessDelSqRho_EigVec3 = -4.6923973770E-02 -2.7572819174E-01  9.6008963382E-01
</CP of DelSqRho>
<CP of DelSqRho>
CP# = 32      
Type = (3,-1)
Coords = -2.32592717400859E+00 -3.34177197108315E+00  2.73141455940209E+00
DistFromNuc =  1.1651213904E+00
Rho =  2.5290350725E-01
DelSqRho =  8.4515241728E-01
GradDelSqRho =  2.2359544771E-13  2.8401239693E-13 -2.4747391636E-13
HessDelSqRho_EigVals = -1.6486112623E+01 -4.2752764529E+00  1.0000291205E-01
HessDelSqRho_EigVec1 =  4.5804910416E-01  7.2950463955E-01 -5.0795078408E-01
HessDelSqRho_EigVec2 =  7.3823999294E-01  6.1245534125E-03  6.7451034290E-01
HessDelSqRho_EigVec3 =  4.9516939628E-01 -6.8394844156E-01 -5.3574415375E-01
</CP of DelSqRho>
<CP of DelSqRho>
CP# = 33      
Type = (3,+1)
Coords = -3.76945889716357E+00 -2.73439234745096E+00  2.30389326150457E+00
DistFromNuc =  1.9987370577E+00
Rho =  7.5209255275E-02
DelSqRho =  1.8355731750E-01
GradDelSqRho =  1.4970281959E-12 -3.2248075738E-14 -4.3051261341E-13
HessDelSqRho_EigVals = -1.7140484377E+00  2.5485635608E-02  5.6485586059E-01
HessDelSqRho_EigVec1 =  8.9320420660E-01 -2.3508575609E-01 -3.8330266448E-01
HessDelSqRho_EigVec2 =  1.3463827712E-01 -6.7350524172E-01  7.2681718727E-01
HessDelSqRho_EigVec3 =  4.2902072170E-01  7.0080337946E-01  5.6992617389E-01
</CP of DelSqRho>
<CP of DelSqRho>
CP# = 34      
Type = (3,+1)
Coords = -9.04024980241827E-01 -3.93145557286801E+00  3.22269441578296E+00
DistFromNuc =  2.0086811089E+00
Rho =  7.4526302009E-02
DelSqRho =  1.7922596115E-01
GradDelSqRho = -2.1250362581E-16  2.6020852140E-16 -1.5547459153E-16
HessDelSqRho_EigVals = -1.6553516412E+00  2.6886655644E-02  5.6177272716E-01
HessDelSqRho_EigVec1 = -4.9187036433E-01  8.6393268752E-01 -1.0809188747E-01
HessDelSqRho_EigVec2 =  8.7056885951E-01  4.8613160963E-01 -7.6065228374E-02
HessDelSqRho_EigVec3 =  1.3168353932E-02  1.3151566279E-01  9.9122662641E-01
</CP of DelSqRho>
<CP of DelSqRho>
CP# = 35      
Type = (3,+1)
Coords = -2.93353436875238E+00 -3.91318817654445E+00  1.30611440534475E+00
DistFromNuc =  2.0049111591E+00
Rho =  7.4589878338E-02
DelSqRho =  1.7951403290E-01
GradDelSqRho =  2.0979621035E-13  2.8880196845E-13 -7.8562156780E-14
HessDelSqRho_EigVals = -1.6318431866E+00  2.9372294864E-02  5.7279935289E-01
HessDelSqRho_EigVec1 =  1.4771453918E-01  8.3752159604E-01  5.2605892358E-01
HessDelSqRho_EigVec2 =  5.3995746174E-02 -5.3792955502E-01  8.4125873144E-01
HessDelSqRho_EigVec3 =  9.8755499812E-01 -9.5861201736E-02 -1.2468261985E-01
</CP of DelSqRho>
<Path of -GradDelSqRho>
Starting CP# =      3
Ending CP# =     22
Number of Points =     17
 -2.7930752934E+00 -2.9923178154E+00  1.8877935878E+00  4.1735353464E-01 -9.8037903858E-01
 -2.7712608741E+00 -2.9813687148E+00  1.8932017569E+00  4.2869474234E-01 -9.9042174716E-01
 -2.7494473375E+00 -2.9704235950E+00  1.8986215318E+00  4.4109104539E-01 -1.0207324468E+00
 -2.7276346444E+00 -2.9594822944E+00  1.9040524018E+00  4.5455370720E-01 -1.0716107103E+00
 -2.7058227766E+00 -2.9485444423E+00  1.9094935234E+00  4.6908738901E-01 -1.1433009877E+00
 -2.6840117456E+00 -2.9376094446E+00  1.9149437299E+00  4.8468945854E-01 -1.2358539178E+00
 -2.6622016027E+00 -2.9266764667E+00  1.9204015364E+00  5.0134935135E-01 -1.3489586047E+00
 -2.6403924494E+00 -2.9157444044E+00  1.9258651293E+00  5.1904809259E-01 -1.4817511878E+00
 -2.6185844537E+00 -2.9048118360E+00  1.9313323288E+00  5.3775810663E-01 -1.6326071316E+00
 -2.5967778715E+00 -2.8938769387E+00  1.9368005088E+00  5.5744345806E-01 -1.7989266836E+00
 -2.5749730829E+00 -2.8829373453E+00  1.9422664475E+00  5.7806068036E-01 -1.9769241623E+00
 -2.5531706552E+00 -2.8719898878E+00  1.9477260540E+00  5.9956035631E-01 -2.1614309960E+00
 -2.5313714650E+00 -2.8610301032E+00  1.9531738416E+00  6.2188961714E-01 -2.3457176620E+00
 -2.5095769658E+00 -2.8500511715E+00  1.9586018024E+00  6.4499572590E-01 -2.5213269534E+00
 -2.4877898811E+00 -2.8390412097E+00  1.9639965583E+00  6.6883089720E-01 -2.6778832698E+00
 -2.4660165771E+00 -2.8279742653E+00  1.9693299240E+00  6.9335839150E-01 -2.8027882412E+00
 -2.4308192788E+00 -2.8070406598E+00  1.9761920195E+00  7.3538866729E-01 -2.8970411349E+00
</Path of -GradDelSqRho>
<Path of -GradDelSqRho>
Starting CP# =      3
Ending CP# =      0
Number of Points =     30
 -2.7930752934E+00 -2.9923178154E+00  1.8877935878E+00  4.1735353464E-01 -9.8037903858E-01
 -2.8148906133E+00 -3.0032707368E+00  1.8823968000E+00  4.0705021232E-01 -9.9035555768E-01
 -2.8367069210E+00 -3.0142274126E+00  1.8770116387E+00  3.9776217927E-01 -1.0202233401E+00
 -2.8585242681E+00 -3.0251874979E+00  1.8716376378E+00  3.8946186441E-01 -1.0700048744E+00
 -2.8803426942E+00 -3.0361505395E+00  1.8662740576E+00  3.8211697802E-01 -1.1398543378E+00
 -2.9021622187E+00 -3.0471160226E+00  1.8609199450E+00  3.7569062056E-01 -1.2299756734E+00
 -2.9239828331E+00 -3.0580834252E+00  1.8555742115E+00  3.7014130033E-01 -1.3404538634E+00
 -2.9458044909E+00 -3.0690522816E+00  1.8502357253E+00  3.6542297531E-01 -1.4709684372E+00
 -2.9676270977E+00 -3.0800222533E+00  1.8449034136E+00  3.6148532336E-01 -1.6203622461E+00
 -2.9894504962E+00 -3.0909932119E+00  1.8395763745E+00  3.5827456322E-01 -1.7860718428E+00
 -3.0112744448E+00 -3.1019653413E+00  1.8342540029E+00  3.5573528681E-01 -1.9635133461E+00
 -3.0330985857E+00 -3.1129392753E+00  1.8289361418E+00  3.5381387401E-01 -2.1456810191E+00
 -3.0549224002E+00 -3.1239162775E+00  1.8236232762E+00  3.5246405319E-01 -2.3234491435E+00
 -3.0767451911E+00 -3.1348983612E+00  1.8183167121E+00  3.5165489934E-01 -2.4873031547E+00
 -3.0985663298E+00 -3.1458876093E+00  1.8130181913E+00  3.5138086387E-01 -2.6313066663E+00
 -3.1203865936E+00 -3.1568819525E+00  1.8077266413E+00  3.5167220901E-01 -2.7598109455E+00
 -3.1422104697E+00 -3.1678671500E+00  1.8024310000E+00  3.5260258747E-01 -2.8965392917E+00
 -3.1640428541E+00 -3.1788261603E+00  1.7971162124E+00  3.5428887205E-01 -3.0942405731E+00
 -3.1858829383E+00 -3.1897599610E+00  1.7917811715E+00  3.5687732951E-01 -3.4414472874E+00
 -3.2077275587E+00 -3.2006782222E+00  1.7864328902E+00  3.6051095237E-01 -4.0616249594E+00
 -3.2295745922E+00 -3.2115878498E+00  1.7810768517E+00  3.6527598195E-01 -5.0998322877E+00
 -3.2514229607E+00 -3.2224924670E+00  1.7757160577E+00  3.7113140507E-01 -6.6934348190E+00
 -3.2732721292E+00 -3.2333939116E+00  1.7703520720E+00  3.7783317524E-01 -8.9269548658E+00
 -3.2951218205E+00 -3.2442931459E+00  1.7649857251E+00  3.8487349040E-01 -1.1777493476E+01
 -3.3169718841E+00 -3.2551906896E+00  1.7596174606E+00  3.9146154417E-01 -1.5066258746E+01
 -3.3388222342E+00 -3.2660868197E+00  1.7542474932E+00  3.9657115399E-01 -1.8440392018E+01
 -3.3606728197E+00 -3.2769816544E+00  1.7488758561E+00  3.9906794682E-01 -2.1409896850E+01
 -3.3825236071E+00 -3.2878751473E+00  1.7435023186E+00  3.9790352885E-01 -2.3448962637E+01
 -3.4043745361E+00 -3.2987662330E+00  1.7381244815E+00  3.9233336938E-01 -2.4139983632E+01
 -3.4032819985E+00 -3.2982220460E+00  1.7383941523E+00  3.9272281662E-01 -2.4141370080E+01
</Path of -GradDelSqRho>
<Path of -GradDelSqRho>
Starting CP# =      4
Ending CP# =      0
Number of Points =     30
 -1.4466336712E+00 -2.9814394024E+00  3.1191406012E+00  4.1653340284E-01 -9.7475099130E-01
 -1.4391997521E+00 -2.9921444997E+00  3.1404745584E+00  4.0624792131E-01 -9.8466404547E-01
 -1.4317758971E+00 -3.0028534543E+00  3.1618100841E+00  3.9697676461E-01 -1.0143364842E+00
 -1.4243616084E+00 -3.0135658706E+00  3.1831471985E+00  3.8869228950E-01 -1.0637866114E+00
 -1.4169561454E+00 -3.0242812488E+00  3.2044858906E+00  3.8136220693E-01 -1.1331696058E+00
 -1.4095585882E+00 -3.0349990331E+00  3.2258261166E+00  3.7494968910E-01 -1.2226976174E+00
 -1.4021679181E+00 -3.0457186697E+00  3.2471677984E+00  3.6941338124E-01 -1.3324745362E+00
 -1.3947831117E+00 -3.0564396734E+00  3.2685108233E+00  3.6470743116E-01 -1.4622146704E+00
 -1.3874032476E+00 -3.0671617033E+00  3.2898550421E+00  3.6078173617E-01 -1.6108178025E+00
 -1.3800276230E+00 -3.0778846510E+00  3.3112002653E+00  3.5758272459E-01 -1.7758046832E+00
 -1.3726558918E+00 -3.0886087525E+00  3.3325462538E+00  3.5505512598E-01 -1.9527017256E+00
 -1.3652882362E+00 -3.0993347377E+00  3.3538927029E+00  3.5314529764E-01 -2.1346234973E+00
 -1.3579255917E+00 -3.1100640313E+00  3.3752392183E+00  3.5180667404E-01 -2.3125325436E+00
 -1.3505698438E+00 -3.1207988989E+00  3.3965853089E+00  3.5100764872E-01 -2.4768934480E+00
 -1.3432233026E+00 -3.1315417591E+00  3.4179305489E+00  3.5074152114E-01 -2.6215289994E+00
 -1.3358845927E+00 -3.1422906855E+00  3.4392754292E+00  3.5103694204E-01 -2.7502066765E+00
 -1.3285395690E+00 -3.1530302716E+00  3.4606228378E+00  3.5196567586E-01 -2.8856360092E+00
 -1.3211688217E+00 -3.1637408575E+00  3.4819759467E+00  3.5364286310E-01 -3.0791403183E+00
 -1.3137711681E+00 -3.1744226938E+00  3.5033341537E+00  3.5621388765E-01 -3.4176076342E+00
 -1.3063561883E+00 -3.1850866264E+00  3.5246953005E+00  3.5982258286E-01 -4.0230474694E+00
 -1.2989312881E+00 -3.1957406179E+00  3.5460579621E+00  3.6455865218E-01 -5.0398588023E+00
 -1.2915004728E+00 -3.2063888712E+00  3.5674214281E+00  3.7038780079E-01 -6.6062632615E+00
 -1.2840658086E+00 -3.2170335197E+00  3.5887853516E+00  3.7707595802E-01 -8.8097951696E+00
 -1.2766283884E+00 -3.2276756815E+00  3.6101495547E+00  3.8412756670E-01 -1.1632962102E+01
 -1.2691888035E+00 -3.2383159636E+00  3.6315139403E+00  3.9076417070E-01 -1.4904194883E+01
 -1.2617473614E+00 -3.2489546961E+00  3.6528784508E+00  3.9596889981E-01 -1.8277981800E+01
 -1.2543041707E+00 -3.2595920364E+00  3.6742430454E+00  3.9861027401E-01 -2.1269186937E+01
 -1.2468591032E+00 -3.2702279830E+00  3.6956076800E+00  3.9763396653E-01 -2.3351786894E+01
 -1.2394109349E+00 -3.2808619791E+00  3.7169722046E+00  3.9228049886E-01 -2.4101749552E+01
 -1.2397818067E+00 -3.2803295534E+00  3.7159038053E+00  3.9265874373E-01 -2.4099984923E+01
</Path of -GradDelSqRho>
<Path of -GradDelSqRho>
Starting CP# =      4
Ending CP# =     21
Number of Points =     17
 -1.4466336712E+00 -2.9814394024E+00  3.1191406012E+00  4.1653340284E-01 -9.7475099130E-01
 -1.4540775164E+00 -2.9707382747E+00  3.0978081136E+00  4.2785594975E-01 -9.8473370167E-01
 -1.4615315369E+00 -2.9600413352E+00  3.0764770786E+00  4.4023298606E-01 -1.0148733208E+00
 -1.4689953125E+00 -2.9493484776E+00  3.0551474082E+00  4.5367605481E-01 -1.0654859180E+00
 -1.4764680972E+00 -2.9386593888E+00  3.0338190031E+00  4.6819015640E-01 -1.1368369358E+00
 -1.4839488213E+00 -2.9279735373E+00  3.0124917591E+00  4.8377304904E-01 -1.2290029768E+00
 -1.4914360905E+00 -2.9172901594E+00  2.9911655725E+00  5.0041459927E-01 -1.3417045480E+00
 -1.4989281689E+00 -2.9066082376E+00  2.9698403455E+00  5.1809628981E-01 -1.4741149976E+00
 -1.5064229354E+00 -2.8959264616E+00  2.9485159901E+00  5.3679101175E-01 -1.6246529989E+00
 -1.5139177971E+00 -2.8852431613E+00  2.9271924317E+00  5.5646328411E-01 -1.7907679786E+00
 -1.5214095299E+00 -2.8745561911E+00  2.9058696128E+00  5.7707005696E-01 -1.9687291547E+00
 -1.5288939899E+00 -2.8638627229E+00  2.8845474979E+00  5.9856226169E-01 -2.1534281976E+00
 -1.5363655586E+00 -2.8531588522E+00  2.8632260820E+00  6.2088727578E-01 -2.3382009422E+00
 -1.5438159600E+00 -2.8424387594E+00  2.8419054105E+00  6.4399246747E-01 -2.5146611932E+00
 -1.5512312838E+00 -2.8316926030E+00  2.8205856348E+00  6.6782997467E-01 -2.6725125653E+00
 -1.5585822368E+00 -2.8208996387E+00  2.7992672300E+00  6.9236277471E-01 -2.7992509533E+00
 -1.5685932912E+00 -2.8007302779E+00  2.7631531158E+00  7.3551482265E-01 -2.8981376478E+00
</Path of -GradDelSqRho>
<Path of -GradDelSqRho>
Starting CP# =      5
Ending CP# =      1
Number of Points =      7
 -1.7500617117E+00 -2.6484214163E+00  2.0958173211E+00  2.2496434465E+01  1.2312520709E+03
 -1.7563890769E+00 -2.6251664564E+00  2.1024634339E+00  3.2705631243E+01  9.8231477623E+02
 -1.7626799609E+00 -2.6018901945E+00  2.1090695126E+00  4.7915326943E+01 -7.8089429196E+02
 -1.7689546974E+00 -2.5786045510E+00  2.1156578716E+00  7.0506078021E+01 -6.3454653628E+03
 -1.7752178704E+00 -2.5553122100E+00  2.1222335415E+00  1.0402929597E+02 -2.0475827892E+04
 -1.7814617448E+00 -2.5320087207E+00  2.1287880348E+00  1.5432285260E+02 -7.4781026306E+04
 -1.7923198316E+00 -2.4913500068E+00  2.1401848084E+00  2.9731667515E+02 -3.3295761562E+06
</Path of -GradDelSqRho>
<Path of -GradDelSqRho>
Starting CP# =      5
Ending CP# =     14
Number of Points =     40
 -1.7500617117E+00 -2.6484214163E+00  2.0958173211E+00  2.2496434465E+01  1.2312520709E+03
 -1.7436918428E+00 -2.6716513856E+00  2.0891245619E+00  1.5595950473E+01  1.1498050621E+03
 -1.7373033220E+00 -2.6948703286E+00  2.0824113299E+00  1.0916353508E+01  9.8037470331E+02
 -1.7309102166E+00 -2.7180865530E+00  2.0756930626E+00  7.7524987236E+00  7.7250473978E+02
 -1.7245059757E+00 -2.7412961646E+00  2.0689625671E+00  5.6214245410E+00  5.7215685937E+02
 -1.7180795341E+00 -2.7644925515E+00  2.0622076936E+00  4.1868041106E+00  4.0818542292E+02
 -1.7116188983E+00 -2.7876684611E+00  2.0554152675E+00  3.2184296301E+00  2.8571613248E+02
 -1.7051120888E+00 -2.8108165116E+00  2.0485721239E+00  2.5617169130E+00  1.9759480992E+02
 -1.6985481064E+00 -2.8339297342E+00  2.0416661672E+00  2.1134903784E+00  1.3463481603E+02
 -1.6919164044E+00 -2.8570012260E+00  2.0346857920E+00  1.8045390423E+00  8.9656121999E+01
 -1.6852042358E+00 -2.8800224515E+00  2.0276169678E+00  1.5881129824E+00  5.7778303971E+01
 -1.6783929014E+00 -2.9029807049E+00  2.0204391114E+00  1.4326071635E+00  3.5630381660E+01
 -1.6714535018E+00 -2.9258559436E+00  2.0131204062E+00  1.3168255902E+00  2.0685924890E+01
 -1.6643413134E+00 -2.9486161172E+00  2.0056115968E+00  1.2267689398E+00  1.0943787659E+01
 -1.6569867039E+00 -2.9712088218E+00  1.9978359510E+00  1.1533697186E+00  4.8223071565E+00
 -1.6492787487E+00 -2.9935444611E+00  1.9896711291E+00  1.0908834841E+00  1.1199624053E+00
 -1.6410328741E+00 -3.0154579081E+00  1.9809133031E+00  1.0357814508E+00 -1.0286173718E+00
 -1.6319184740E+00 -3.0366048548E+00  1.9711966389E+00  9.8607542156E-01 -2.2141123606E+00
 -1.6212725701E+00 -3.0561018098E+00  1.9597847610E+00  9.4121845151E-01 -2.8217759128E+00
 -1.6077166201E+00 -3.0708762648E+00  1.9451298709E+00  9.0403061707E-01 -3.1006578916E+00
 -1.5912025924E+00 -3.0724805621E+00  1.9270673271E+00  8.8669795513E-01 -3.2349261764E+00
 -1.5759032954E+00 -3.0623982147E+00  1.9101731312E+00  8.8837636096E-01 -3.3418100943E+00
 -1.5618626274E+00 -3.0488022030E+00  1.8945961444E+00  8.9525743473E-01 -3.4449834716E+00
 -1.5484000255E+00 -3.0339898484E+00  1.8796209319E+00  9.0291910591E-01 -3.5454029843E+00
 -1.5353365198E+00 -3.0184264916E+00  1.8650584850E+00  9.1039800228E-01 -3.6425724493E+00
 -1.5226429109E+00 -3.0022162627E+00  1.8508794649E+00  9.1746922666E-01 -3.7359233239E+00
 -1.5103232257E+00 -2.9853928307E+00  1.8370902521E+00  9.2406163719E-01 -3.8249029991E+00
 -1.4983879617E+00 -2.9679769438E+00  1.8237043855E+00  9.3013675967E-01 -3.9089906283E+00
 -1.4868486703E+00 -2.9499871900E+00  1.8107367910E+00  9.3566566093E-01 -3.9877061201E+00
 -1.4757169725E+00 -2.9314418900E+00  1.7982027596E+00  9.4062513325E-01 -4.0606175916E+00
 -1.4650043823E+00 -2.9123594739E+00  1.7861177980E+00  9.4499725208E-01 -4.1273478372E+00
 -1.4547222509E+00 -2.8927586266E+00  1.7744976155E+00  9.4876939659E-01 -4.1875797714E+00
 -1.4448817192E+00 -2.8726583951E+00  1.7633581261E+00  9.5193427127E-01 -4.2410607427E+00
 -1.4354936666E+00 -2.8520782847E+00  1.7527154504E+00  9.5448986966E-01 -4.2876056382E+00
 -1.4265686558E+00 -2.8310383444E+00  1.7425859158E+00  9.5643937795E-01 -4.3270987388E+00
 -1.4181168812E+00 -2.8095592438E+00  1.7329860510E+00  9.5779102205E-01 -4.3594943167E+00
 -1.4101481289E+00 -2.7876623421E+00  1.7239325679E+00  9.5855786240E-01 -4.3848160075E+00
 -1.4026717735E+00 -2.7653697513E+00  1.7154423072E+00  9.5875754068E-01 -4.4031550191E+00
 -1.3956968800E+00 -2.7427043952E+00  1.7075320858E+00  9.5841198271E-01 -4.4146672681E+00
 -1.3875929136E+00 -2.7134831328E+00  1.6983662471E+00  9.5723163478E-01 -4.4197941017E+00
</Path of -GradDelSqRho>
<Path of -GradDelSqRho>
Starting CP# =      6
Ending CP# =      1
Number of Points =      7
 -1.8988533785E+00 -2.4312136639E+00  2.2560188903E+00  2.2522439261E+01  1.2344378495E+03
 -1.8830690241E+00 -2.4402328008E+00  2.2388576314E+00  3.2749101355E+01  9.8356849381E+02
 -1.8672701812E+00 -2.4491951825E+00  2.2216799676E+00  4.7987117497E+01 -7.9075001672E+02
 -1.8514649707E+00 -2.4581324854E+00  2.2044950929E+00  7.0621300424E+01 -6.3773772977E+03
 -1.8356551728E+00 -2.4670516613E+00  2.1873050229E+00  1.0421382812E+02 -2.0594369501E+04
 -1.8198377738E+00 -2.4759407189E+00  2.1701063456E+00  1.5461041269E+02 -7.5183538194E+04
 -1.7923198316E+00 -2.4913500068E+00  2.1401848084E+00  2.9731667515E+02 -3.3295761562E+06
</Path of -GradDelSqRho>
<Path of -GradDelSqRho>
Starting CP# =      6
Ending CP# =     13
Number of Points =     39
 -1.8988533785E+00 -2.4312136639E+00  2.2560188903E+00  2.2522439261E+01  1.2344378495E+03
 -1.9146206326E+00 -2.4221280307E+00  2.2731607882E+00  1.5611492457E+01  1.1525678533E+03
 -1.9303802475E+00 -2.4130128501E+00  2.2902940311E+00  1.0925662295E+01  9.8264641004E+02
 -1.9461379767E+00 -2.4038903778E+00  2.3074251274E+00  7.7582113752E+00  7.7431977650E+02
 -1.9618911956E+00 -2.3947505162E+00  2.3245511007E+00  5.6252323208E+00  5.7350351702E+02
 -1.9776353915E+00 -2.3855759937E+00  2.3416668317E+00  4.1897682149E+00  4.0910876131E+02
 -1.9933656082E+00 -2.3763480644E+00  2.3587666919E+00  3.2211798794E+00  2.8630504481E+02
 -2.0090767970E+00 -2.3670479938E+00  2.3758449412E+00  2.5645981939E+00  1.9793956269E+02
 -2.0247641848E+00 -2.3576585635E+00  2.3928961447E+00  2.1166669890E+00  1.3480731532E+02
 -2.0404230337E+00 -2.3481632449E+00  2.4099149019E+00  1.8080641770E+00  8.9709226635E+01
 -2.0560474743E+00 -2.3385420445E+00  2.4268945218E+00  1.5919736974E+00  5.7750965851E+01
 -2.0716287536E+00 -2.3287656173E+00  2.4438250334E+00  1.4367538826E+00  3.5551919762E+01
 -2.0871530314E+00 -2.3187885736E+00  2.4606906834E+00  1.3211920342E+00  2.0578320363E+01
 -2.1025980982E+00 -2.3085405791E+00  2.4774662153E+00  1.2312858663E+00  1.0822887808E+01
 -2.1179274507E+00 -2.2979119007E+00  2.4941101714E+00  1.1579747023E+00  4.6987881659E+00
 -2.1330782004E+00 -2.2867271850E+00  2.5105512644E+00  1.0955290277E+00  1.0003574734E+00
 -2.1479331508E+00 -2.2746933015E+00  2.5266570223E+00  1.0404455765E+00 -1.1408865946E+00
 -2.1622440048E+00 -2.2612819573E+00  2.5421479238E+00  9.9078706689E-01 -2.3178926217E+00
 -2.1753598062E+00 -2.2454294059E+00  2.5562953954E+00  9.4615281446E-01 -2.9178256260E+00
 -2.1849973402E+00 -2.2250034519E+00  2.5665660356E+00  9.0994118712E-01 -3.1926585304E+00
