 AIMInt (Version 19.02.13, Professional)
 Portions Copyright (c) 1997-2019 by Todd A. Keith
 AIMInt is a component of the AIMAll package ( http://aim.tkgristmill.com )

 TP:  64-bit Linux

 Licensed To:  Research Group of Fernando Cortes Guzman, UNAM, fercor@unam.mx

 AIMInt is a heavily modified and extended version of the PROAIMV program
 developed by members of R.F.W. Bader's research group

 Much of the Quantum Theory of Atoms in Molecules (QTAIM) is described in the book:
   "Atoms in Molecules - A Quantum Theory"
   R.F.W. Bader, Oxford University Press, Oxford, 1990

 For additional references see:  http://aim.tkgristmill.com/references.html

 Current Directory:  /home/scratch/M_H2O_4_tetraedrico/Opt

 Inp File:  Ti2_tetraedrico_cc-pvtz-def2-tzv_2_atomicfiles/o4.inp
 Wfx File:  Ti2_tetraedrico_cc-pvtz-def2-tzv_2.wfx
 Out File:  Ti2_tetraedrico_cc-pvtz-def2-tzv_2_atomicfiles/o4.int

 Wfx Title:   Ti2_tetraedrico_cc-pvtz-def2-tzv_2                                            
 Job Title:   Ti2_tetraedrico_cc-pvtz-def2-tzv_2                                            
 
<Atom>
O4      
</Atom>
<Nuclei of Molecule>
    13
Ti1       22.0           1.1731847461E-05   3.5549506380E-05  -3.7890228143E-05
O2         8.0          -1.7923196555E+00  -2.4913497107E+00   2.1401846130E+00
H3         1.0          -3.4105429842E+00  -3.3018116561E+00   1.7365881305E+00
O4         8.0           1.7897514527E+00   2.4584493374E+00   2.1801084979E+00
H5         1.0           3.4067118741E+00   3.2781420361E+00   1.7905199316E+00
O6         8.0          -2.4736730089E+00   1.8075150194E+00  -2.1480385062E+00
H7         1.0          -3.2510418040E+00   1.2634599813E+00  -3.7429347079E+00
O8         8.0           2.4762874967E+00  -1.7744735630E+00  -2.1724053719E+00
H9         1.0           3.2903869975E+00  -3.3952207788E+00  -1.7869503170E+00
H10        1.0          -1.2369856731E+00  -3.2842523173E+00   3.7238506447E+00
H11        1.0           1.2333739413E+00   3.2229949314E+00   3.7770806961E+00
H12        1.0          -3.2904623038E+00   3.4211185373E+00  -1.7390508996E+00
H13        1.0           3.2579315724E+00  -1.2063414877E+00  -3.7570637555E+00
</Nuclei of Molecule>
<Total Number of CPs of DelSqRho>
    34
</Total Number of CPs of DelSqRho>
<Number of (3,+3) CPs of DelSqRho>
     5
</Number of (3,+3) CPs of DelSqRho>
<Number of (3,+1) CPs of DelSqRho>
    13
</Number of (3,+1) CPs of DelSqRho>
<Number of (3,-1) CPs of DelSqRho>
    10
</Number of (3,-1) CPs of DelSqRho>
<Number of (3,-3) CPs of DelSqRho>
     6
</Number of (3,-3) CPs of DelSqRho>
<Number of Degenerate CPs of DelSqRho>
     0
</Number of Degenerate CPs of DelSqRho>
<CP of DelSqRho>
CP# = 1       
Type = (3,+3)
Coords =  1.78975162837895E+00  2.45844963014798E+00  2.18010869849839E+00
DistFromNuc =  3.9601876683E-07
Rho =  2.9731661344E+02
DelSqRho = -3.3295759192E+06
GradDelSqRho =  4.8617641824E-07 -6.2764178494E-06 -1.2184489435E-06
HessDelSqRho_EigVals =  1.3240967851E+11  1.3240969527E+11  1.3240970454E+11
HessDelSqRho_EigVec1 = -4.7360699876E-01  7.2712274146E-01 -4.9697980801E-01
HessDelSqRho_EigVec2 =  4.7506567132E-01  6.8605664396E-01  5.5103438115E-01
HessDelSqRho_EigVec3 =  7.4162592906E-01  2.4875693350E-02 -6.7035228143E-01
</CP of DelSqRho>
<CP of DelSqRho>
CP# = 2       
Type = (3,-1)
Coords =  1.04562896047385E+00  1.38132047096824E+00  1.25123300438608E+00
DistFromNuc =  1.6052210317E+00
Rho =  1.1061209957E-01
DelSqRho =  3.5003750210E-01
GradDelSqRho = -6.7307270868E-16 -6.1756155745E-16 -3.1918911958E-16
HessDelSqRho_EigVals = -4.3644407631E-01 -3.6558458895E-01  3.8285589155E+00
HessDelSqRho_EigVec1 =  4.8511652212E-01 -7.5182549151E-01  4.4656510195E-01
HessDelSqRho_EigVec2 = -7.2843490715E-01 -6.4913655880E-02  6.8203284623E-01
HessDelSqRho_EigVec3 =  4.8378150649E-01  6.5615901090E-01  5.7914661908E-01
</CP of DelSqRho>
<CP of DelSqRho>
CP# = 3       
Type = (3,+1)
Coords =  2.78973744022379E+00  2.96517612546082E+00  1.93637087305969E+00
DistFromNuc =  1.1472366987E+00
Rho =  4.1737417632E-01
DelSqRho = -9.8055431064E-01
GradDelSqRho =  1.1934897515E-15 -5.4123372450E-16  5.5164206536E-16
HessDelSqRho_EigVals = -3.2018811872E+01  1.5062257385E+01  1.5961980277E+01
HessDelSqRho_EigVec1 =  8.7193083603E-01  4.4300435329E-01 -2.0852760042E-01
HessDelSqRho_EigVec2 = -4.8259052325E-01  7.0560735271E-01 -5.1886862563E-01
HessDelSqRho_EigVec3 = -8.2722451842E-02  5.5305099834E-01  8.2903051162E-01
</CP of DelSqRho>
<CP of DelSqRho>
CP# = 4       
Type = (3,+1)
Coords =  1.44340820011832E+00  2.93102596400313E+00  3.16732437510454E+00
DistFromNuc =  1.1479884602E+00
Rho =  4.1663082495E-01
DelSqRho = -9.7545374069E-01
GradDelSqRho = -1.1830814106E-15  9.0205620751E-16  4.9266146718E-15
HessDelSqRho_EigVals = -3.1838329961E+01  1.4974536631E+01  1.5867136862E+01
HessDelSqRho_EigVec1 = -2.9814948808E-01  4.1288519018E-01  8.6060019898E-01
HessDelSqRho_EigVec2 = -4.8895258953E-01  7.0826855515E-01 -5.0919644438E-01
HessDelSqRho_EigVec3 =  8.1977573028E-01  5.7260935507E-01  9.2886242238E-03
</CP of DelSqRho>
<CP of DelSqRho>
CP# = 5       
Type = (3,+1)
Coords =  1.74724723397316E+00  2.61619697077245E+00  2.13845938551913E+00
DistFromNuc =  1.6859885236E-01
Rho =  2.2496532873E+01
DelSqRho =  1.2312599264E+03
GradDelSqRho = -2.4193980153E-12  1.5122125774E-11  3.2311930909E-12
HessDelSqRho_EigVals = -4.0719360957E+05  1.9831425178E+03  3.4970337251E+03
HessDelSqRho_EigVec1 = -2.5548333425E-01  9.3372300442E-01 -2.5077802326E-01
HessDelSqRho_EigVec2 =  6.2287572882E-01  3.5734424615E-01  6.9593887389E-01
HessDelSqRho_EigVec3 =  7.3942821989E-01  2.1597239924E-02 -6.7288889638E-01
</CP of DelSqRho>
<CP of DelSqRho>
CP# = 6       
Type = (3,+1)
Coords =  1.89637469045512E+00  2.39647469289209E+00  2.29488662395195E+00
DistFromNuc =  1.6847370598E-01
Rho =  2.2522435641E+01
DelSqRho =  1.2344326724E+03
GradDelSqRho =  9.3436369752E-12 -1.8260948309E-12  8.4696694103E-12
HessDelSqRho_EigVals = -4.1010872308E+05  1.8123363278E+03  3.3702450647E+03
HessDelSqRho_EigVec1 =  6.3154109858E-01 -3.7310396491E-01  6.7966850168E-01
HessDelSqRho_EigVec2 =  2.3601416756E-01  9.2751315146E-01  2.8985628607E-01
HessDelSqRho_EigVec3 = -7.3854800353E-01 -2.2644761694E-02  6.7382049632E-01
</CP of DelSqRho>
<CP of DelSqRho>
CP# = 7       
Type = (3,-3)
Coords =  1.81399234180434E+00  2.37254245449407E+00  2.03901229284152E+00
DistFromNuc =  1.6696033157E-01
Rho =  2.2716473403E+01
DelSqRho =  1.2985736885E+03
GradDelSqRho =  8.4532381095E-13 -2.2817303602E-12  1.3802292642E-11
HessDelSqRho_EigVals = -4.5164750485E+05 -3.6611010526E+03 -6.5294266760E+02
HessDelSqRho_EigVec1 = -1.4191860896E-01  5.1662808316E-01  8.4436634947E-01
HessDelSqRho_EigVec2 = -4.7886782644E-01  7.1071241051E-01 -5.1533821356E-01
HessDelSqRho_EigVec3 =  8.6633983704E-01  4.7747596090E-01 -1.4653325059E-01
</CP of DelSqRho>
<CP of DelSqRho>
CP# = 8       
Type = (3,-1)
Coords =  1.87377851554559E+00  2.56964958771672E+00  2.27577761352094E+00
DistFromNuc =  1.6905212999E-01
Rho =  2.2290935857E+01
DelSqRho =  1.2442744319E+03
GradDelSqRho =  1.0624390256E-11  5.2944315598E-12  3.8467007357E-12
HessDelSqRho_EigVals = -4.0076740501E+05 -1.3293156365E+03  1.9880562958E+03
HessDelSqRho_EigVec1 =  4.9734749304E-01  6.5727059825E-01  5.6625156233E-01
HessDelSqRho_EigVec2 =  4.5514658816E-01 -7.5334364489E-01  4.7467350461E-01
HessDelSqRho_EigVec3 = -7.3857095424E-01 -2.1649789101E-02  6.7382804348E-01
</CP of DelSqRho>
<CP of DelSqRho>
CP# = 9       
Type = (3,-3)
Coords =  1.64960736339757E+00  2.36820011457981E+00  2.18961609670487E+00
DistFromNuc =  1.6696012220E-01
Rho =  2.2715866984E+01
DelSqRho =  1.2986940686E+03
GradDelSqRho =  1.8686385772E-11  2.3009150141E-11 -6.6480154715E-13
HessDelSqRho_EigVals = -4.5167302215E+05 -3.6696750702E+03 -6.7332761073E+02
HessDelSqRho_EigVec1 =  8.3832243637E-01  5.4252421457E-01 -5.3693288958E-02
HessDelSqRho_EigVec2 = -4.9196942636E-01  7.1039285555E-01 -5.0329720277E-01
HessDelSqRho_EigVec3 = -2.3490759076E-01  4.4834079381E-01  8.6244359607E-01
</CP of DelSqRho>
<CP of DelSqRho>
CP# = 10      
Type = (3,+1)
Coords =  2.48262081399194E+00  2.40601768189689E+00  2.23129635258311E+00
DistFromNuc =  6.9673325371E-01
Rho =  7.6864589056E-01
DelSqRho = -2.4637200115E+00
GradDelSqRho =  3.1807889656E-14  1.9984014443E-15 -2.2482016249E-15
HessDelSqRho_EigVals = -1.2687277922E+01  1.3293565632E+01  1.7798727559E+02
HessDelSqRho_EigVec1 =  2.0734380147E-01  8.7297766918E-01 -4.4149579511E-01
HessDelSqRho_EigVec2 = -3.8010189052E-02  4.5815183421E-01  8.8806087761E-01
HessDelSqRho_EigVec3 =  9.7752942335E-01 -1.6735257966E-01  1.2817698920E-01
</CP of DelSqRho>
<CP of DelSqRho>
CP# = 11      
Type = (3,-1)
Coords =  1.17966325837237E+00  2.28790138305577E+00  2.51659800868016E+00
DistFromNuc =  7.1730007694E-01
Rho =  6.6926249858E-01
DelSqRho = -9.9691419538E-01
GradDelSqRho =  2.1316282073E-14 -1.1934897515E-15 -1.0547118734E-15
HessDelSqRho_EigVals = -1.5681969722E+01 -1.1708950631E+01  1.4303448925E+02
HessDelSqRho_EigVec1 =  1.8683631075E-01  6.4509095993E-01  7.4091149701E-01
HessDelSqRho_EigVec2 =  4.8071060081E-01 -7.1776507670E-01  5.0371679835E-01
HessDelSqRho_EigVec3 =  8.5674355046E-01  2.6205142261E-01 -4.4420664184E-01
</CP of DelSqRho>
<CP of DelSqRho>
CP# = 12      
Type = (3,+3)
Coords =  1.38466464948806E+00  2.68757893795407E+00  1.74221731257063E+00
DistFromNuc =  6.3901829566E-01
Rho =  9.5724290844E-01
DelSqRho = -4.4197308505E+00
GradDelSqRho =  2.8199664825E-14 -3.8996583740E-15  4.8294701571E-14
HessDelSqRho_EigVals =  1.0014316862E+01  2.3659737014E+01  3.3239701122E+02
HessDelSqRho_EigVec1 =  2.4126452199E-01  9.2613632031E-01  2.8993610785E-01
HessDelSqRho_EigVec2 = -7.3850455435E-01 -1.8614452292E-02  6.7399148761E-01
HessDelSqRho_EigVec3 =  6.2960499811E-01 -3.7672937020E-01  6.7946488356E-01
</CP of DelSqRho>
<CP of DelSqRho>
CP# = 13      
Type = (3,+3)
Coords =  1.95502332866742E+00  1.86596876776982E+00  2.34138121646567E+00
DistFromNuc =  6.3589064161E-01
Rho =  9.6913536873E-01
DelSqRho = -4.5383176019E+00
GradDelSqRho = -1.1685097334E-14 -3.3750779949E-14  1.0547118734E-15
HessDelSqRho_EigVals =  1.1211326108E+01  2.4475400613E+01  3.4766818472E+02
HessDelSqRho_EigVec1 =  6.1958413381E-01  3.7832679582E-01  6.8773856712E-01
HessDelSqRho_EigVec2 = -7.3692325943E-01 -2.1349694481E-02  6.7563917904E-01
HessDelSqRho_EigVec3 = -2.7029541403E-01  9.2542586203E-01 -2.6556988354E-01
</CP of DelSqRho>
<CP of DelSqRho>
CP# = 14      
Type = (3,+1)
Coords =  1.78238675631794E+00  2.38715203548080E+00  2.87300315573627E+00
DistFromNuc =  6.9659209788E-01
Rho =  7.6833220308E-01
DelSqRho = -2.4578892358E+00
GradDelSqRho =  7.3274719625E-15 -1.3322676296E-14  3.1530333899E-14
HessDelSqRho_EigVals = -1.2708946265E+01  1.3240331679E+01  1.7807905200E+02
HessDelSqRho_EigVec1 = -4.8501531872E-01  8.5344034002E-01  1.9078712388E-01
HessDelSqRho_EigVec2 =  8.7319313363E-01  4.8457015005E-01  5.2206523109E-02
HessDelSqRho_EigVec3 =  4.7894592414E-02 -1.9191497001E-01  9.8024219064E-01
</CP of DelSqRho>
<CP of DelSqRho>
CP# = 15      
Type = (3,-1)
Coords =  2.18356897719925E+00  2.31528482418195E+00  1.59800735868968E+00
DistFromNuc =  7.1723779652E-01
Rho =  6.7007655522E-01
DelSqRho = -9.9710768901E-01
GradDelSqRho =  4.9404924596E-15  1.6792123247E-15 -2.1649348980E-14
HessDelSqRho_EigVals = -1.5728160514E+01 -1.1848156810E+01  1.4307881650E+02
HessDelSqRho_EigVec1 =  7.0435373924E-01  6.5590129939E-01  2.7143930349E-01
HessDelSqRho_EigVec2 =  4.7732576144E-01 -7.2066423509E-01  5.0279536366E-01
HessDelSqRho_EigVec3 = -5.2540073038E-01  2.2458082224E-01  8.2068113589E-01
</CP of DelSqRho>
<CP of DelSqRho>
CP# = 16      
Type = (3,-1)
Coords =  2.13450276822672E+00  2.96289911810852E+00  2.57098844087560E+00
DistFromNuc =  7.2533453019E-01
Rho =  6.6761271956E-01
DelSqRho = -1.0336030004E+00
GradDelSqRho =  2.4147350786E-15 -5.0515147620E-15 -7.2164496601E-16
HessDelSqRho_EigVals = -1.8496868980E+01 -5.3463190882E+00  1.3292111918E+02
HessDelSqRho_EigVec1 =  7.3854751955E-01  1.7887368130E-02 -6.7396409655E-01
HessDelSqRho_EigVec2 =  4.7779094115E-01 -7.1917106386E-01  5.0448864950E-01
HessDelSqRho_EigVec3 =  4.7567150212E-01  6.9460278071E-01  5.3968842779E-01
</CP of DelSqRho>
<CP of DelSqRho>
CP# = 17      
Type = (3,+1)
Coords =  2.08746035128541E+00  2.97923559518044E+00  1.82565242464919E+00
DistFromNuc =  6.9676970552E-01
Rho =  7.6743506926E-01
DelSqRho = -2.4382495217E+00
GradDelSqRho =  1.6986412277E-14  2.6659230379E-14 -3.1454006066E-14
HessDelSqRho_EigVals = -1.2598271634E+01  1.2855102573E+01  1.7718513405E+02
HessDelSqRho_EigVec1 =  9.3387812022E-01 -1.8362806528E-01  3.0684261473E-01
HessDelSqRho_EigVec2 = -1.3945967749E-01  6.0310848063E-01  7.8537326090E-01
HessDelSqRho_EigVec3 =  3.2927595559E-01  7.7623507665E-01 -5.3762110342E-01
</CP of DelSqRho>
<CP of DelSqRho>
CP# = 18      
Type = (3,+1)
Coords =  1.39642040340208E+00  2.96195954590213E+00  2.45717507797611E+00
DistFromNuc =  6.9641778711E-01
Rho =  7.6803889688E-01
DelSqRho = -2.4433088858E+00
GradDelSqRho = -1.3017364964E-14  3.1419311597E-14  3.4416913763E-15
HessDelSqRho_EigVals = -1.2528541203E+01  1.2886989381E+01  1.7762934882E+02
HessDelSqRho_EigVec1 =  2.2579733936E-01 -2.0206380948E-01  9.5298781652E-01
HessDelSqRho_EigVec2 =  7.7848699786E-01  6.2551776019E-01 -5.1822059492E-02
HessDelSqRho_EigVec3 = -5.8563944173E-01  7.5358990743E-01  2.9854429439E-01
</CP of DelSqRho>
<CP of DelSqRho>
CP# = 19      
Type = (3,+1)
Coords =  1.47648510717622E+00  1.99663573836553E+00  1.82342069947139E+00
DistFromNuc =  6.6229433713E-01
Rho =  8.7280508740E-01
DelSqRho = -3.5737826934E+00
GradDelSqRho = -1.6875389974E-14  6.9944050551E-15 -2.6645352591E-14
HessDelSqRho_EigVals = -6.7440888812E+00  1.9640897095E+01  2.5907228987E+02
HessDelSqRho_EigVec1 =  4.8268972544E-01 -7.1469627222E-01  5.0618165459E-01
HessDelSqRho_EigVec2 = -7.3786333017E-01 -2.0525755657E-02  6.7463797651E-01
HessDelSqRho_EigVec3 =  4.7177148595E-01  6.9913370097E-01  5.3725574284E-01
</CP of DelSqRho>
<CP of DelSqRho>
CP# = 20      
Type = (3,+3)
Coords =  1.56559891044329E+00  2.75672042475028E+00  2.80832455318492E+00
DistFromNuc =  7.3066094452E-01
Rho =  7.3555814659E-01
DelSqRho = -2.8986491027E+00
GradDelSqRho =  2.2204460493E-15 -3.6359804056E-15 -8.6042284408E-15
HessDelSqRho_EigVals =  1.0722303717E+01  2.2020431221E+01  1.3145350794E+02
HessDelSqRho_EigVec1 = -4.7778435950E-01  7.1556364699E-01 -5.0959863905E-01
HessDelSqRho_EigVec2 =  8.2203218749E-01  5.6875622880E-01  2.7918361739E-02
HessDelSqRho_EigVec3 = -3.0981476490E-01  4.0556752742E-01  8.5995918052E-01
</CP of DelSqRho>
<CP of DelSqRho>
CP# = 21      
Type = (3,+3)
Coords =  2.42776862382654E+00  2.77786374133989E+00  2.02154897255801E+00
DistFromNuc =  7.3091216658E-01
Rho =  7.3540934672E-01
DelSqRho = -2.8972575186E+00
GradDelSqRho =  1.0880185641E-14 -2.9976021665E-15 -6.4392935428E-15
HessDelSqRho_EigVals =  1.0724787252E+01  2.2022722525E+01  1.3125852064E+02
HessDelSqRho_EigVec1 = -4.8202948409E-01  7.1728668574E-01 -5.0313754275E-01
HessDelSqRho_EigVec2 = -6.0598124868E-02  5.4558738182E-01  8.3586020127E-01
HessDelSqRho_EigVec3 =  8.7405688815E-01  4.3339845323E-01 -2.1952297604E-01
</CP of DelSqRho>
<CP of DelSqRho>
CP# = 22      
Type = (3,-3)
Coords =  2.39742104354599E+00  2.18323964777432E+00  1.25462291227998E+00
DistFromNuc =  1.1408445443E+00
Rho =  2.4712257937E-01
DelSqRho =  8.3968750860E-01
GradDelSqRho = -1.9990953337E-14  1.1830814106E-14  3.0319496913E-14
HessDelSqRho_EigVals = -1.7592322506E+01 -1.8221892737E+00 -5.2296940684E-01
HessDelSqRho_EigVec1 = -5.0492455696E-01  2.6432443451E-01  8.2169567670E-01
HessDelSqRho_EigVec2 =  7.1540358639E-01  6.6079412752E-01  2.2704367336E-01
HessDelSqRho_EigVec3 = -4.8295848720E-01  7.0248396021E-01 -5.2274983050E-01
</CP of DelSqRho>
<CP of DelSqRho>
CP# = 23      
Type = (3,-3)
Coords =  2.11682153258439E+00  3.50721879509626E+00  2.56687865512988E+00
DistFromNuc =  1.1646816592E+00
Rho =  2.5051497371E-01
DelSqRho =  8.4814584615E-01
GradDelSqRho = -2.1163626407E-16  2.6367796835E-15  6.4011296264E-16
HessDelSqRho_EigVals = -1.7159135825E+01 -3.2329634654E+00 -1.4801117053E-01
HessDelSqRho_EigVec1 =  2.8010615399E-01  9.0095233025E-01  3.3139921714E-01
HessDelSqRho_EigVec2 = -7.3828860078E-01 -1.8470208447E-02  6.7423200262E-01
HessDelSqRho_EigVec3 =  6.1357190651E-01 -4.3352479748E-01  6.5998921621E-01
</CP of DelSqRho>
<CP of DelSqRho>
CP# = 24      
Type = (3,-1)
Coords =  1.91574150321279E+00  3.25077970816567E+00  1.29974613350252E+00
DistFromNuc =  1.1910914331E+00
Rho =  2.4452206966E-01
DelSqRho =  7.0823798129E-01
GradDelSqRho = -7.5605927768E-13 -1.7253455609E-12  4.1688388852E-12
HessDelSqRho_EigVals = -1.6886509469E+01 -1.2588300206E+00  3.1141479135E-01
HessDelSqRho_EigVec1 = -8.9989871986E-02 -6.5635761069E-01  7.4906375552E-01
HessDelSqRho_EigVec2 =  9.5513303873E-01  1.5621665016E-01  2.5162916473E-01
HessDelSqRho_EigVec3 =  2.8217494799E-01 -7.3809961733E-01 -6.1285092284E-01
</CP of DelSqRho>
<CP of DelSqRho>
CP# = 25      
Type = (3,-3)
Coords =  2.50021828381163E+00  2.93316481137918E+00  2.97049583302711E+00
DistFromNuc =  1.1639716659E+00
Rho =  2.5031049337E-01
DelSqRho =  8.5028630341E-01
GradDelSqRho = -9.0205620751E-16  2.2811613709E-16  3.6776137691E-16
HessDelSqRho_EigVals = -1.7216367892E+01 -3.1352125980E+00 -1.7705913592E-01
HessDelSqRho_EigVec1 =  6.1065248766E-01  4.0637898055E-01  6.7967614603E-01
HessDelSqRho_EigVec2 = -7.3803764878E-01 -1.9071391853E-02  6.7448996360E-01
HessDelSqRho_EigVec3 = -2.8706091392E-01  9.1350555892E-01 -2.8827699444E-01
</CP of DelSqRho>
<CP of DelSqRho>
CP# = 26      
Type = (3,+1)
Coords =  1.06338297343526E+00  1.88129006260748E+00  1.37165374453984E+00
DistFromNuc =  1.2305783536E+00
Rho =  2.4214212372E-01
DelSqRho =  5.0238630143E-01
GradDelSqRho = -3.4694469520E-17 -5.9154070531E-16  3.2959746044E-16
HessDelSqRho_EigVals = -1.1915328615E+01  1.2166957288E-01  5.3688373837E-01
HessDelSqRho_EigVec1 = -5.9411715735E-01 -4.6322312871E-01 -6.5760864986E-01
HessDelSqRho_EigVec2 = -3.2142438716E-01  8.8614565604E-01 -3.3381467857E-01
HessDelSqRho_EigVec3 = -7.3736772826E-01 -1.3046429362E-02  6.7536554843E-01
</CP of DelSqRho>
<CP of DelSqRho>
CP# = 27      
Type = (3,-1)
Coords =  8.83165003598501E-01  3.22768344916246E+00  2.24448577925793E+00
DistFromNuc =  1.1906991823E+00
Rho =  2.4438302071E-01
DelSqRho =  7.1140359631E-01
GradDelSqRho =  2.6367796835E-15 -5.0133508456E-16 -3.1225022568E-17
HessDelSqRho_EigVals = -1.6953495055E+01 -1.2580904564E+00  2.9755853349E-01
HessDelSqRho_EigVec1 =  7.6980631048E-01 -6.3722073869E-01 -3.6714772589E-02
HessDelSqRho_EigVec2 =  1.5782799067E-01  1.3430078456E-01  9.7829117579E-01
HessDelSqRho_EigVec3 =  6.1845660292E-01  7.5888933940E-01 -2.0395686026E-01
</CP of DelSqRho>
<CP of DelSqRho>
CP# = 28      
Type = (3,-3)
Coords =  8.22293020277610E-01  2.14227305183131E+00  2.69529365306204E+00
DistFromNuc =  1.1407712330E+00
Rho =  2.4661192607E-01
DelSqRho =  8.3761425102E-01
GradDelSqRho =  3.4937330806E-15  3.9898639947E-16 -9.8358821088E-16
HessDelSqRho_EigVals = -1.7581298513E+01 -1.8073642829E+00 -4.9858502246E-01
HessDelSqRho_EigVec1 =  8.5531692369E-01  3.0036722406E-01 -4.2215221278E-01
HessDelSqRho_EigVec2 =  1.4389594519E-01  6.4502563432E-01  7.5049043167E-01
HessDelSqRho_EigVec3 = -4.9772172647E-01  7.0265315895E-01 -5.0847971564E-01
</CP of DelSqRho>
<CP of DelSqRho>
CP# = 29      
Type = (3,-1)
Coords =  1.82346160982914E+00  1.87603456151840E+00  3.21766016805742E+00
DistFromNuc =  1.1903179466E+00
Rho =  2.4423937921E-01
DelSqRho =  7.1813721660E-01
GradDelSqRho =  2.1684043450E-17 -9.8185348740E-16  1.0165479569E-15
HessDelSqRho_EigVals = -1.7146398618E+01 -1.2253693980E+00  2.9205372617E-01
HessDelSqRho_EigVec1 =  2.7203483337E-02 -5.0735631669E-01  8.6130687819E-01
HessDelSqRho_EigVec2 = -3.1764259047E-01  8.1258134419E-01  4.8868675426E-01
HessDelSqRho_EigVec3 =  9.4782021249E-01  2.8688172995E-01  1.3905293167E-01
</CP of DelSqRho>
<CP of DelSqRho>
CP# = 30      
Type = (3,-1)
Coords =  2.83693443797277E+00  1.90202104535879E+00  2.28824210804767E+00
DistFromNuc =  1.1907550237E+00
Rho =  2.4448557244E-01
DelSqRho =  7.1576587951E-01
GradDelSqRho =  7.0082828429E-16 -6.3837823916E-16 -7.3552275381E-16
HessDelSqRho_EigVals = -1.7108607774E+01 -1.2281909452E+00  3.0175986875E-01
HessDelSqRho_EigVec1 =  8.6980815543E-01 -4.8536682169E-01  8.8616144975E-02
HessDelSqRho_EigVec2 =  4.9119528360E-01  8.3493526930E-01 -2.4821420073E-01
HessDelSqRho_EigVec3 =  4.6486192839E-02  2.5942656855E-01  9.6464340013E-01
</CP of DelSqRho>
<CP of DelSqRho>
CP# = 31      
Type = (3,-1)
Coords =  2.32215679334367E+00  3.29928990897222E+00  2.78594077947683E+00
DistFromNuc =  1.1651184777E+00
Rho =  2.5291127842E-01
DelSqRho =  8.4521012316E-01
GradDelSqRho = -3.2404634531E-15 -4.6247727870E-15 -3.8233305411E-15
HessDelSqRho_EigVals = -1.6486826949E+01 -4.2762697186E+00  9.9990984194E-02
HessDelSqRho_EigVec1 =  4.5703727604E-01  7.2127717546E-01  5.2045764906E-01
HessDelSqRho_EigVec2 = -7.3818099488E-01 -1.8840137153E-02  6.7433957916E-01
HessDelSqRho_EigVec3 =  4.9619124045E-01 -6.9239026957E-01  5.2382245800E-01
</CP of DelSqRho>
<CP of DelSqRho>
CP# = 32      
Type = (3,+1)
Coords =  3.76646688817624E+00  2.70170121060621E+00  2.34810266957321E+00
DistFromNuc =  1.9986989339E+00
Rho =  7.5212432769E-02
DelSqRho =  1.8356982587E-01
GradDelSqRho = -3.2124797614E-12  1.8847445306E-13 -8.1775927176E-13
HessDelSqRho_EigVals = -1.7141952917E+00  2.5481617641E-02  5.6490901517E-01
HessDelSqRho_EigVec1 =  8.9353531477E-01 -2.4021481944E-01  3.7933030695E-01
HessDelSqRho_EigVec2 = -1.3571530402E-01  6.6083023747E-01  7.3816309410E-01
HessDelSqRho_EigVec3 =  4.2799065119E-01  7.1105572058E-01 -5.5787432700E-01
</CP of DelSqRho>
<CP of DelSqRho>
CP# = 33      
Type = (3,+1)
Coords =  8.99094437016621E-01  3.87805014894436E+00  3.28709298849468E+00
DistFromNuc =  2.0084698270E+00
Rho =  7.4544382296E-02
DelSqRho =  1.7928609208E-01
GradDelSqRho = -5.2041704279E-18  1.9081958236E-17 -6.8142106541E-17
HessDelSqRho_EigVals = -1.6555575406E+00  2.6914829670E-02  5.6208475382E-01
HessDelSqRho_EigVec1 = -4.9346407450E-01  8.6103854081E-01  1.2290581121E-01
HessDelSqRho_EigVec2 =  8.6967350590E-01  4.8639760740E-01  8.4174584399E-02
HessDelSqRho_EigVec3 = -1.2696468816E-02 -1.4842506112E-01  9.8884215167E-01
</CP of DelSqRho>
<CP of DelSqRho>
CP# = 34      
Type = (3,+1)
Coords =  2.92876703547374E+00  3.89612863742934E+00  1.37068995442968E+00
DistFromNuc =  2.0048532730E+00
Rho =  7.4593554314E-02
DelSqRho =  1.7953640295E-01
GradDelSqRho = -8.4300757564E-13 -1.1457406204E-12 -1.3899558587E-13
HessDelSqRho_EigVals = -1.6321349936E+00  2.9353464739E-02  5.7285046537E-01
HessDelSqRho_EigVec1 =  1.4638230017E-01  8.4670043508E-01 -5.1153748195E-01
HessDelSqRho_EigVec2 = -5.4728950036E-02  5.2324746287E-01  8.5042156289E-01
HessDelSqRho_EigVec3 =  9.8771299689E-01 -9.6490755200E-02  1.2293319298E-01
</CP of DelSqRho>
<Path of -GradDelSqRho>
Starting CP# =      3
Ending CP# =      0
Number of Points =     30
  2.7897374402E+00  2.9651761255E+00  1.9363708731E+00  4.1737417632E-01 -9.8055431064E-01
  2.8115361671E+00  2.9762530295E+00  1.9311634082E+00  4.0707033981E-01 -9.9053237042E-01
  2.8333358757E+00  2.9873334916E+00  1.9259676354E+00  3.9778183149E-01 -1.0204048347E+00
  2.8551366179E+00  2.9984171752E+00  1.9207830828E+00  3.8948107887E-01 -1.0701942132E+00
  2.8769384339E+00  3.0095036403E+00  1.9156090032E+00  3.8213578933E-01 -1.1400545855E+00
  2.8987413440E+00  3.0205923884E+00  1.9104444343E+00  3.7570905905E-01 -1.2301896207E+00
  2.9205453400E+00  3.0316829165E+00  1.9052882788E+00  3.7015939073E-01 -1.3406837560E+00
  2.9423503763E+00  3.0427747784E+00  1.9001393967E+00  3.6544073588E-01 -1.4712155674E+00
  2.9641563590E+00  3.0538676537E+00  1.8949967095E+00  3.6150276547E-01 -1.6206263831E+00
  2.9859631311E+00  3.0649614292E+00  1.8898593137E+00  3.5829169210E-01 -1.7863505399E+00
  3.0077704511E+00  3.0760562984E+00  1.8847266081E+00  3.5575210380E-01 -1.9638013001E+00
  3.0295779608E+00  3.0871528969E+00  1.8795984484E+00  3.5383038117E-01 -2.1459698877E+00
  3.0513851407E+00  3.0982524782E+00  1.8744753442E+00  3.5248026070E-01 -2.3237285100E+00
  3.0731912921E+00  3.1093570310E+00  1.8693586402E+00  3.5167083578E-01 -2.4875635523E+00
  3.0949957854E+00  3.1204686041E+00  1.8642501173E+00  3.5139658836E-01 -2.6315455071E+00
  3.1167994024E+00  3.1315851412E+00  1.8591486582E+00  3.5168782254E-01 -2.7600415817E+00
  3.1386066451E+00  3.1426925971E+00  1.8540429222E+00  3.5261823880E-01 -2.8968021255E+00
  3.1604224176E+00  3.1537742227E+00  1.8489175420E+00  3.5430475197E-01 -3.0946133021E+00
  3.1822459051E+00  3.1648310306E+00  1.8437714436E+00  3.5689364685E-01 -3.4420495903E+00
  3.2040739371E+00  3.1758725567E+00  1.8386118215E+00  3.6052788682E-01 -4.0626119762E+00
  3.2259043869E+00  3.1869055990E+00  1.8334442850E+00  3.6529361398E-01 -5.1013718098E+00
  3.2477361747E+00  3.1979337216E+00  1.8282719014E+00  3.7114963109E-01 -6.6956657180E+00
  3.2695687643E+00  3.2089587317E+00  1.8230962679E+00  3.7785162564E-01 -8.9299296464E+00
  3.2914018783E+00  3.2199815753E+00  1.8179182325E+00  3.8489147724E-01 -1.1781116606E+01
  3.3132353657E+00  3.2310027637E+00  1.8127382484E+00  3.9147806927E-01 -1.5070243285E+01
  3.3350691406E+00  3.2420225694E+00  1.8075565351E+00  3.9658500143E-01 -1.8444264004E+01
  3.3569031521E+00  3.2530411100E+00  1.8023731281E+00  3.9907786298E-01 -2.1413070033E+01
  3.3787373664E+00  3.2640583426E+00  1.7971877959E+00  3.9790846000E-01 -2.3450879396E+01
  3.4005717226E+00  3.2750731854E+00  1.7919979888E+00  3.9233269475E-01 -2.4140279862E+01
  3.3994800155E+00  3.2745228515E+00  1.7922583890E+00  3.9272242837E-01 -2.4141751405E+01
</Path of -GradDelSqRho>
<Path of -GradDelSqRho>
Starting CP# =      3
Ending CP# =     21
Number of Points =     17
  2.7897374402E+00  2.9651761255E+00  1.9363708731E+00  4.1737417632E-01 -9.8055431064E-01
  2.7679396079E+00  2.9541028493E+00  1.9415897856E+00  4.2871593712E-01 -9.9059851040E-01
  2.7461426520E+00  2.9430333570E+00  1.9468203726E+00  4.4111283077E-01 -1.0209135477E+00
  2.7243465335E+00  2.9319674949E+00  1.9520621192E+00  4.5457611798E-01 -1.0717987359E+00
  2.7025512350E+00  2.9209049062E+00  1.9573141745E+00  4.6911045607E-01 -1.1434981865E+00
  2.6807567688E+00  2.9098450162E+00  1.9625753596E+00  4.8471320786E-01 -1.2360621130E+00
  2.6589631870E+00  2.8987870149E+00  1.9678441731E+00  5.0137380312E-01 -1.3491791002E+00
  2.6371705930E+00  2.8877298285E+00  1.9731187793E+00  5.1907326068E-01 -1.4819846670E+00
  2.6153791563E+00  2.8766720714E+00  1.9783969698E+00  5.3778399830E-01 -1.6328535552E+00
  2.5935891354E+00  2.8656119645E+00  1.9836760818E+00  5.5747007409E-01 -1.7991851913E+00
  2.5718009133E+00  2.8545471942E+00  1.9889528450E+00  5.7808801564E-01 -1.9771929859E+00
  2.5500150614E+00  2.8434746595E+00  1.9942231030E+00  5.9958840087E-01 -2.1617073922E+00
  2.5282324622E+00  2.8323899872E+00  1.9994812748E+00  6.2191835779E-01 -2.3459978683E+00
  2.5064545778E+00  2.8212864863E+00  2.0047192052E+00  6.4502514833E-01 -2.5216061624E+00
  2.4846841474E+00  2.8101524868E+00  2.0099232540E+00  6.6886098819E-01 -2.6781555996E+00
  2.4629275723E+00  2.7989624781E+00  2.0150646499E+00  6.9338913960E-01 -2.8030466400E+00
  2.4277686238E+00  2.7778637413E+00  2.0215489726E+00  7.3540934672E-01 -2.8972575186E+00
</Path of -GradDelSqRho>
<Path of -GradDelSqRho>
Starting CP# =      4
Ending CP# =      0
Number of Points =     30
  1.4434082001E+00  2.9310259640E+00  3.1673243751E+00  4.1663082495E-01 -9.7545374069E-01
  1.4359594142E+00  2.9413500432E+00  3.1888401593E+00  4.0634408835E-01 -9.8537395790E-01
  1.4285206875E+00  2.9516779620E+00  3.2103575807E+00  3.9707184544E-01 -1.0150683625E+00
  1.4210915226E+00  2.9620093240E+00  3.2318766528E+00  3.8878645488E-01 -1.0645556653E+00
  1.4136711800E+00  2.9723436290E+00  3.2533973556E+00  3.8145562234E-01 -1.1339909374E+00
  1.4062587405E+00  2.9826803213E+00  3.2749196354E+00  3.7504250769E-01 -1.2235854737E+00
  1.3988531866E+00  2.9930188481E+00  3.2964434044E+00  3.6950573727E-01 -1.3334411645E+00
  1.3914534965E+00  3.0033587258E+00  3.3179685411E+00  3.6479943473E-01 -1.4632685882E+00
  1.3840587496E+00  3.0136996157E+00  3.3394948903E+00  3.6087347038E-01 -1.6119613531E+00
  1.3766682444E+00  3.0240414132E+00  3.3610222603E+00  3.5767424691E-01 -1.7770309994E+00
  1.3692816355E+00  3.0343843588E+00  3.3825504159E+00  3.5514647648E-01 -1.9539917869E+00
  1.3618991061E+00  3.0447291891E+00  3.4040790653E+00  3.5323651682E-01 -2.1359449259E+00
  1.3545215918E+00  3.0550773379E+00  3.4256078389E+00  3.5189783306E-01 -2.3138430254E+00
  1.3471509776E+00  3.0654310815E+00  3.4471362859E+00  3.5109889251E-01 -2.4781526925E+00
  1.3397895659E+00  3.0757928399E+00  3.4686640254E+00  3.5083312083E-01 -2.6227230621E+00
  1.3324359501E+00  3.0861606388E+00  3.4901915213E+00  3.5112934611E-01 -2.7513860991E+00
  1.3250759514E+00  3.0965189594E+00  3.5117213969E+00  3.5205954105E-01 -2.8869639124E+00
  1.3176902389E+00  3.1068481426E+00  3.5332564626E+00  3.5373903848E-01 -3.0809388689E+00
  1.3102777141E+00  3.1171485400E+00  3.5547961052E+00  3.5631332196E-01 -3.4203834496E+00
  1.3028479412E+00  3.1274310347E+00  3.5763383602E+00  3.5992613307E-01 -4.0274717866E+00
  1.2954082915E+00  3.1377035911E+00  3.5978819483E+00  3.6466679054E-01 -5.0466795791E+00
  1.2879627500E+00  3.1479704097E+00  3.6194262363E+00  3.7050024948E-01 -6.6161361863E+00
  1.2805133725E+00  3.1582336229E+00  3.6409709161E+00  3.7719132181E-01 -8.8230420280E+00
  1.2730612467E+00  3.1684943487E+00  3.6625158303E+00  3.8424307456E-01 -1.1649301366E+01
  1.2656069610E+00  3.1787531936E+00  3.6840608929E+00  3.9087565850E-01 -1.4922536361E+01
  1.2581508214E+00  3.1890104878E+00  3.7056060524E+00  3.9607114485E-01 -1.8296410744E+01
  1.2506929349E+00  3.1992663886E+00  3.7271512706E+00  3.9869770931E-01 -2.1285241154E+01
  1.2432331715E+00  3.2095208940E+00  3.7486965032E+00  3.9770166646E-01 -2.3363024450E+01
  1.2357702787E+00  3.2197734349E+00  3.7702415869E+00  3.9232518807E-01 -2.4106444800E+01
  1.2361430973E+00  3.2192606634E+00  3.7691642886E+00  3.9270462838E-01 -2.4105030185E+01
</Path of -GradDelSqRho>
<Path of -GradDelSqRho>
Starting CP# =      4
Ending CP# =     20
Number of Points =     17
  1.4434082001E+00  2.9310259640E+00  3.1673243751E+00  4.1663082495E-01 -9.7545374069E-01
  1.4508669072E+00  2.9207058385E+00  3.1458101313E+00  4.2795478687E-01 -9.8544328441E-01
  1.4583357847E+00  2.9103898863E+00  3.1242974144E+00  4.4033338245E-01 -1.0156025657E+00
  1.4658144131E+00  2.9000780028E+00  3.1027861344E+00  4.5377813288E-01 -1.0662461182E+00
  1.4733020471E+00  2.8897698767E+00  3.0812761863E+00  4.6829401109E-01 -1.1376374473E+00
  1.4807976186E+00  2.8794649784E+00  3.0597674561E+00  4.8387874313E-01 -1.2298507751E+00
  1.4882997345E+00  2.8691625459E+00  3.0382598264E+00  5.0052215976E-01 -1.3426037424E+00
  1.4958066611E+00  2.8588615631E+00  3.0167531807E+00  5.1820570571E-01 -1.4750663168E+00
  1.5033162795E+00  2.8485607211E+00  2.9952474074E+00  5.3690223365E-01 -1.6256532679E+00
  1.5108259994E+00  2.8382583510E+00  2.9737424016E+00  5.5657622585E-01 -1.7918096176E+00
  1.5183326004E+00  2.8279523085E+00  2.9522380666E+00  5.7718459984E-01 -1.9697997306E+00
  1.5258319431E+00  2.8176397668E+00  2.9307343150E+00  5.9867826168E-01 -2.1545100561E+00
  1.5333184144E+00  2.8073168234E+00  2.9092310699E+00  6.2100457405E-01 -2.3392709245E+00
  1.5407837454E+00  2.7969776616E+00  2.8877282684E+00  6.4411090477E-01 -2.5156903883E+00
  1.5482140332E+00  2.7866124442E+00  2.8662258771E+00  6.6794941009E-01 -2.6734659387E+00
  1.5555799769E+00  2.7762004250E+00  2.8447239771E+00  6.9248310932E-01 -2.8000864799E+00
  1.5655989104E+00  2.7567204248E+00  2.8083245532E+00  7.3555814659E-01 -2.8986491027E+00
</Path of -GradDelSqRho>
<Path of -GradDelSqRho>
Starting CP# =      5
Ending CP# =     12
Number of Points =     40
  1.7472472340E+00  2.6161969708E+00  2.1384593855E+00  2.2496532873E+01  1.2312599264E+03
  1.7408409298E+00  2.6395290376E+00  2.1321686259E+00  1.5596017758E+01  1.1498117189E+03
  1.7344159905E+00  2.6628504032E+00  2.1258572037E+00  1.0916402012E+01  9.8038013706E+02
  1.7279864705E+00  2.6861691303E+00  2.1195406990E+00  7.7525360250E+00  7.7250908909E+02
  1.7215458252E+00  2.7094814390E+00  2.1132118529E+00  5.6214554577E+00  5.7216002702E+02
  1.7150830002E+00  2.7327809109E+00  2.1068584023E+00  4.1868316391E+00  4.0818747693E+02
  1.7085860132E+00  2.7560605031E+00  2.1004670486E+00  3.2184555156E+00  2.8571729795E+02
  1.7020428963E+00  2.7793130432E+00  2.0940245007E+00  2.5617420743E+00  1.9759533841E+02
  1.6954426609E+00  2.8025317551E+00  2.0875185439E+00  2.1135152163E+00  1.3463491611E+02
  1.6887747708E+00  2.8257099206E+00  2.0809374554E+00  1.8045636492E+00  8.9655949143E+01
  1.6820264917E+00  2.8488392277E+00  2.0742670589E+00  1.5881372779E+00  5.7777971553E+01
  1.6751791434E+00  2.8719072984E+00  2.0674865549E+00  1.4326309816E+00  3.5629971986E+01
  1.6682038560E+00  2.8948945965E+00  2.0605637845E+00  1.3168487355E+00  2.0685495955E+01
  1.6610559535E+00  2.9177698560E+00  2.0534489453E+00  1.2267912222E+00  1.0943377468E+01
  1.6536658801E+00  2.9404818946E+00  2.0460644097E+00  1.1533909734E+00  4.8219375969E+00
  1.6459228408E+00  2.9629430634E+00  2.0382863054E+00  1.0909035829E+00  1.1196432676E+00
  1.6376424987E+00  2.9849914791E+00  2.0299079754E+00  1.0358003089E+00 -1.0288845268E+00
  1.6284947366E+00  3.0062886488E+00  2.0205576721E+00  9.8609302039E-01 -2.2143310056E+00
  1.6178178275E+00  3.0259627486E+00  2.0094838032E+00  9.4123496657E-01 -2.8219525635E+00
  1.6042377417E+00  3.0409655507E+00  1.9950855987E+00  9.0404734763E-01 -3.1008031303E+00
  1.5877203191E+00  3.0428525434E+00  1.9770535110E+00  8.8671845305E-01 -3.2350592347E+00
  1.5724363834E+00  3.0330379241E+00  1.9599885574E+00  8.8839893916E-01 -3.3419406626E+00
  1.5584164000E+00  3.0196904410E+00  1.9441797193E+00  8.9528033238E-01 -3.4451113330E+00
  1.5449763216E+00  3.0051175893E+00  1.9289514299E+00  9.0294175793E-01 -3.5455268361E+00
  1.5319365114E+00  2.9897874215E+00  1.9141228282E+00  9.1042020340E-01 -3.6426909227E+00
  1.5192676170E+00  2.9738044611E+00  1.8996664133E+00  9.1749087265E-01 -3.7360350759E+00
  1.5069736057E+00  2.9572022543E+00  1.8855891651E+00  9.2408265198E-01 -3.8250067426E+00
  1.4950649304E+00  2.9400013252E+00  1.8719049932E+00  9.3015707696E-01 -3.9090851552E+00
  1.4835531000E+00  2.9222200174E+00  1.8586291563E+00  9.3568522057E-01 -3.9877903221E+00
  1.4724496922E+00  2.9038764015E+00  1.8457772737E+00  9.4064388104E-01 -4.0606904795E+00
  1.4617661775E+00  2.8849886543E+00  1.8333651826E+00  9.4501514017E-01 -4.1274085579E+00
  1.4515138622E+00  2.8655752030E+00  1.8214089281E+00  9.4878638396E-01 -4.1876276222E+00
  1.4417038411E+00  2.8456548338E+00  1.8099247664E+00  9.5195032400E-01 -4.2410951825E+00
  1.4323469465E+00  2.8252467869E+00  1.7989291687E+00  9.5450496117E-01 -4.2876262961E+00
  1.4234536929E+00  2.8043708424E+00  1.7884388227E+00  9.5645348911E-01 -4.3271054190E+00
  1.4150342258E+00  2.7830473971E+00  1.7784706277E+00  9.5780414122E-01 -4.3594870003E+00
  1.4070982829E+00  2.7612975337E+00  1.7690416764E+00  9.5856998534E-01 -4.3847948508E+00
  1.3996551927E+00  2.7391430850E+00  1.7601692003E+00  9.5876867036E-01 -4.4031203486E+00
  1.3927139812E+00  2.7166066959E+00  1.7518704137E+00  9.5842212910E-01 -4.4146195730E+00
  1.3846646495E+00  2.6875789380E+00  1.7422173126E+00  9.5724290844E-01 -4.4197308505E+00
</Path of -GradDelSqRho>
<Path of -GradDelSqRho>
Starting CP# =      5
Ending CP# =      1
Number of Points =      7
  1.7472472340E+00  2.6161969708E+00  2.1384593855E+00  2.2496532873E+01  1.2312599264E+03
  1.7536110741E+00  2.5928406555E+00  2.1447030705E+00  3.2705781661E+01  9.8231663053E+02
  1.7599384678E+00  2.5694636756E+00  2.1509063572E+00  4.7915562349E+01 -7.8092741945E+02
  1.7662497292E+00  2.5460775964E+00  2.1570917641E+00  7.0506444916E+01 -6.3455675287E+03
  1.7725494380E+00  2.5226850214E+00  2.1632643672E+00  1.0402987583E+02 -2.0476205624E+04
  1.7788298661E+00  2.4992816353E+00  2.1694156032E+00  1.5432375308E+02 -7.4782318055E+04
  1.7897516284E+00  2.4584496301E+00  2.1801086985E+00  2.9731661344E+02 -3.3295759192E+06
</Path of -GradDelSqRho>
<Path of -GradDelSqRho>
Starting CP# =      6
Ending CP# =     13
Number of Points =     39
  1.8963746905E+00  2.3964746929E+00  2.2948866240E+00  2.2522435641E+01  1.2344326724E+03
  1.9121554735E+00  2.3871170366E+00  2.3118689928E+00  1.5611500075E+01  1.1525631830E+03
  1.9279286639E+00  2.3777299811E+00  2.3288421966E+00  1.0925676527E+01  9.8264251089E+02
  1.9436999799E+00  2.3683356704E+00  2.3458131279E+00  7.7582292220E+00  7.7431665461E+02
  1.9594668129E+00  2.3589240577E+00  2.3627786358E+00  5.6252518240E+00  5.7350111898E+02
  1.9752246771E+00  2.3494779586E+00  2.3797333031E+00  4.1897881263E+00  4.0910696689E+02
  1.9909686457E+00  2.3399787233E+00  2.3966711779E+00  3.2211994320E+00  2.8630371415E+02
  2.0066936991E+00  2.3304077150E+00  2.4135861966E+00  2.5646169344E+00  1.9793857817E+02
  2.0223950910E+00  2.3207478072E+00  2.4304726277E+00  2.1166846662E+00  1.3480659236E+02
  2.0380681089E+00  2.3109825626E+00  2.4473247857E+00  1.8080806706E+00  8.9708706473E+01
  2.0537069140E+00  2.3010921003E+00  2.4641356353E+00  1.5919889737E+00  5.7750605360E+01
  2.0693027984E+00  2.2910472428E+00  2.4808946997E+00  1.4367679645E+00  3.5551684581E+01
  2.0848419917E+00  2.2808028645E+00  2.4975854439E+00  1.3212049793E+00  2.0578181717E+01
  2.1003023920E+00  2.2702890537E+00  2.5141813999E+00  1.2312977500E+00  1.0822821463E+01
  2.1156476646E+00  2.2593967683E+00  2.5306392205E+00  1.1579856019E+00  4.6987741255E+00
  2.1308151896E+00  2.2479518382E+00  2.5468846013E+00  1.0955390076E+00  1.0003797393E+00
  2.1456882206E+00  2.2356633210E+00  2.5627800301E+00  1.0404546670E+00 -1.1408403679E+00
  2.1600192753E+00  2.2220075120E+00  2.5780369154E+00  9.9079522019E-01 -2.3178314435E+00
  2.1731590545E+00  2.2059325266E+00  2.5919084658E+00  9.4615977290E-01 -2.9177551127E+00
  2.1828277008E+00  2.1853468741E+00  2.6018249593E+00  9.0994607137E-01 -3.1925795646E+00
  2.1834093547E+00  2.1607930597E+00  2.6016438344E+00  8.9452989491E-01 -3.3301127352E+00
  2.1766264485E+00  2.1382423157E+00  2.5934488654E+00  8.9705187384E-01 -3.4428810511E+00
  2.1676139761E+00  2.1174727171E+00  2.5828631970E+00  9.0438447335E-01 -3.5518048931E+00
  2.1577927269E+00  2.0975387691E+00  2.5714139100E+00  9.1244245293E-01 -3.6576486275E+00
  2.1474639537E+00  2.0781871042E+00  2.5594235885E+00  9.2029463705E-01 -3.7598511909E+00
  2.1366974044E+00  2.0593752628E+00  2.5469680611E+00  9.2771246257E-01 -3.8577817272E+00
  2.1255155755E+00  2.0411096997E+00  2.5340730567E+00  9.3462034706E-01 -3.9508284117E+00
  2.1139318918E+00  2.0234069469E+00  2.5207547902E+00  9.4097662485E-01 -4.0384159264E+00
  2.1019581474E+00  2.0062854289E+00  2.5070278677E+00  9.4674984122E-01 -4.1200157211E+00
  2.0896058557E+00  1.9897639349E+00  2.4929067400E+00  9.5191469521E-01 -4.1951545563E+00
  2.0768865129E+00  1.9738613577E+00  2.4784060102E+00  9.5645155483E-01 -4.2634219150E+00
  2.0638116871E+00  1.9585966333E+00  2.4635405629E+00  9.6034648258E-01 -4.3244762271E+00
  2.0503930749E+00  1.9439887037E+00  2.4483256642E+00  9.6359126736E-01 -4.3780497850E+00
  2.0366425440E+00  1.9300564767E+00  2.4327770539E+00  9.6618339641E-01 -4.4239522552E+00
  2.0225721652E+00  1.9168187849E+00  2.4169110322E+00  9.6812596359E-01 -4.4620727322E+00
