 AIMInt (Version 19.02.13, Professional)
 Portions Copyright (c) 1997-2019 by Todd A. Keith
 AIMInt is a component of the AIMAll package ( http://aim.tkgristmill.com )

 TP:  64-bit Linux

 Licensed To:  Research Group of Fernando Cortes Guzman, UNAM, fercor@unam.mx

 AIMInt is a heavily modified and extended version of the PROAIMV program
 developed by members of R.F.W. Bader's research group

 Much of the Quantum Theory of Atoms in Molecules (QTAIM) is described in the book:
   "Atoms in Molecules - A Quantum Theory"
   R.F.W. Bader, Oxford University Press, Oxford, 1990

 For additional references see:  http://aim.tkgristmill.com/references.html

 Current Directory:  /home/scratch/M_H2O_4_tetraedrico/Opt

 Inp File:  Ti2_tetraedrico_cc-pvtz-def2-tzv_2_atomicfiles/o6.inp
 Wfx File:  Ti2_tetraedrico_cc-pvtz-def2-tzv_2.wfx
 Out File:  Ti2_tetraedrico_cc-pvtz-def2-tzv_2_atomicfiles/o6.int

 Wfx Title:   Ti2_tetraedrico_cc-pvtz-def2-tzv_2                                            
 Job Title:   Ti2_tetraedrico_cc-pvtz-def2-tzv_2                                            
 
<Atom>
O6      
</Atom>
<Nuclei of Molecule>
    13
Ti1       22.0           1.1731847461E-05   3.5549506380E-05  -3.7890228143E-05
O2         8.0          -1.7923196555E+00  -2.4913497107E+00   2.1401846130E+00
H3         1.0          -3.4105429842E+00  -3.3018116561E+00   1.7365881305E+00
O4         8.0           1.7897514527E+00   2.4584493374E+00   2.1801084979E+00
H5         1.0           3.4067118741E+00   3.2781420361E+00   1.7905199316E+00
O6         8.0          -2.4736730089E+00   1.8075150194E+00  -2.1480385062E+00
H7         1.0          -3.2510418040E+00   1.2634599813E+00  -3.7429347079E+00
O8         8.0           2.4762874967E+00  -1.7744735630E+00  -2.1724053719E+00
H9         1.0           3.2903869975E+00  -3.3952207788E+00  -1.7869503170E+00
H10        1.0          -1.2369856731E+00  -3.2842523173E+00   3.7238506447E+00
H11        1.0           1.2333739413E+00   3.2229949314E+00   3.7770806961E+00
H12        1.0          -3.2904623038E+00   3.4211185373E+00  -1.7390508996E+00
H13        1.0           3.2579315724E+00  -1.2063414877E+00  -3.7570637555E+00
</Nuclei of Molecule>
<Total Number of CPs of DelSqRho>
    35
</Total Number of CPs of DelSqRho>
<Number of (3,+3) CPs of DelSqRho>
     5
</Number of (3,+3) CPs of DelSqRho>
<Number of (3,+1) CPs of DelSqRho>
    13
</Number of (3,+1) CPs of DelSqRho>
<Number of (3,-1) CPs of DelSqRho>
    11
</Number of (3,-1) CPs of DelSqRho>
<Number of (3,-3) CPs of DelSqRho>
     6
</Number of (3,-3) CPs of DelSqRho>
<Number of Degenerate CPs of DelSqRho>
     0
</Number of Degenerate CPs of DelSqRho>
<CP of DelSqRho>
CP# = 1       
Type = (3,+3)
Coords = -2.47367330356135E+00  1.80751519655074E+00 -2.14803870283658E+00
DistFromNuc =  3.9603227222E-07
Rho =  2.9731667947E+02
DelSqRho = -3.3295770187E+06
GradDelSqRho = -2.5239844945E-05  1.2232238078E-05 -2.4487431801E-05
HessDelSqRho_EigVals =  1.3240972381E+11  1.3240974057E+11  1.3240974983E+11
HessDelSqRho_EigVec1 =  7.2312788704E-01  4.7755459120E-01 -4.9902672413E-01
HessDelSqRho_EigVec2 = -6.9043817152E-01  4.7934343264E-01 -5.4177947995E-01
HessDelSqRho_EigVec3 = -1.9524095147E-02  7.3632294953E-01  6.7634852236E-01
</CP of DelSqRho>
<CP of DelSqRho>
CP# = 2       
Type = (3,-1)
Coords = -1.38989566148510E+00  1.05593919887538E+00 -1.23299299097468E+00
DistFromNuc =  1.6052251704E+00
Rho =  1.1061380498E-01
DelSqRho =  3.5004807565E-01
GradDelSqRho = -1.0130785100E-15  7.4593109467E-16 -1.4988010832E-15
HessDelSqRho_EigVals = -4.3648946654E-01 -3.6563169729E-01  3.8284747776E+00
HessDelSqRho_EigVec1 = -7.4871658163E-01 -4.8832706507E-01  4.4828579937E-01
HessDelSqRho_EigVec2 = -5.9602232496E-02  7.2311190315E-01  6.8815459702E-01
HessDelSqRho_EigVec3 =  6.6020531222E-01 -4.8851392307E-01  5.7051125553E-01
</CP of DelSqRho>
<CP of DelSqRho>
CP# = 3       
Type = (3,+1)
Coords = -2.95419346951718E+00  1.46878510530347E+00 -3.13401483948146E+00
DistFromNuc =  1.1479491267E+00
Rho =  4.1669108834E-01
DelSqRho = -9.7591159503E-01
GradDelSqRho =  2.9004576518E-15  2.1649348980E-15  5.5511151231E-17
HessDelSqRho_EigVals = -3.1852476859E+01  1.4981368289E+01  1.5874201557E+01
HessDelSqRho_EigVec1 =  4.1982099197E-01  2.9153073315E-01  8.5951158592E-01
HessDelSqRho_EigVec2 =  7.0401137160E-01  4.9308343424E-01 -5.1111321205E-01
HessDelSqRho_EigVec3 = -5.7281613398E-01  8.1968198621E-01  1.7658251769E-03
</CP of DelSqRho>
<CP of DelSqRho>
CP# = 4       
Type = (3,+1)
Coords = -2.97859058325280E+00  2.80540595855760E+00 -1.89230630175491E+00
DistFromNuc =  1.1472258032E+00
Rho =  4.1738976613E-01
DelSqRho = -9.8066972133E-01
GradDelSqRho = -3.2751579226E-15  3.8857805862E-15  2.5673907444E-15
HessDelSqRho_EigVals = -3.2022318694E+01  1.5063957903E+01  1.5963798547E+01
HessDelSqRho_EigVec1 = -4.4145765957E-01  8.7014546181E-01  2.1900230616E-01
HessDelSqRho_EigVec2 =  7.0127907264E-01  4.8685095762E-01 -5.2075311554E-01
HessDelSqRho_EigVec3 =  5.5975244268E-01  7.6308717432E-02  8.2513888683E-01
</CP of DelSqRho>
<CP of DelSqRho>
CP# = 5       
Type = (3,+1)
Coords = -2.63107535176775E+00  1.76465705964344E+00 -2.10545295281157E+00
DistFromNuc =  1.6859961923E-01
Rho =  2.2496357769E+01
DelSqRho =  1.2312455889E+03
GradDelSqRho = -3.8369307731E-13  7.1764816312E-13 -3.5527136788E-13
HessDelSqRho_EigVals = -4.0717657208E+05  1.9834581712E+03  3.4973317896E+03
HessDelSqRho_EigVec1 =  9.3164081135E-01  2.5760840023E-01 -2.5628755481E-01
HessDelSqRho_EigVec2 = -3.6301585302E-01  6.2820874383E-01 -6.8816659657E-01
HessDelSqRho_EigVec3 = -1.6275413166E-02  7.3416053170E-01  6.7878083695E-01
</CP of DelSqRho>
<CP of DelSqRho>
CP# = 6       
Type = (3,+1)
Coords = -2.41267548793025E+00  1.91505558944410E+00 -2.26248278843536E+00
DistFromNuc =  1.6847304088E-01
Rho =  2.2522552483E+01
DelSqRho =  1.2344552221E+03
GradDelSqRho = -2.4868995752E-12  6.3593574851E-13 -7.6241235547E-12
HessDelSqRho_EigVals = -4.1012514109E+05  1.8106127733E+03  3.3690273597E+03
HessDelSqRho_EigVec1 =  3.6732016278E-01  6.3697722954E-01 -6.7774324568E-01
HessDelSqRho_EigVec2 =  9.2993271427E-01 -2.3792286060E-01  2.8038876462E-01
HessDelSqRho_EigVec3 =  1.7350646720E-02 -7.3324806270E-01 -6.7973982788E-01
</CP of DelSqRho>
<CP of DelSqRho>
CP# = 7       
Type = (3,-1)
Coords = -2.58557489015938E+00  1.89231315684331E+00 -2.24219699908860E+00
DistFromNuc =  1.6905199470E-01
Rho =  2.2290992794E+01
DelSqRho =  1.2442729997E+03
GradDelSqRho =  1.5063505998E-12  5.4747317790E-12 -3.6699532302E-12
HessDelSqRho_EigVals = -4.0076957243E+05 -1.3286263053E+03  1.9882122500E+03
HessDelSqRho_EigVec1 =  6.6141793760E-01 -5.0191491992E-01  5.5732192223E-01
HessDelSqRho_EigVec2 = -7.4983994581E-01 -4.5868865365E-01  4.7680685260E-01
HessDelSqRho_EigVec3 = -1.6320768919E-02  7.3327084504E-01  6.7974075965E-01
</CP of DelSqRho>
<CP of DelSqRho>
CP# = 8       
Type = (3,-3)
Coords = -2.38348063129065E+00  1.66747350495313E+00 -2.15941412259458E+00
DistFromNuc =  1.6696016117E-01
Rho =  2.2715856770E+01
DelSqRho =  1.2986947049E+03
GradDelSqRho =  2.1195489808E-11 -1.2271073047E-11  4.6185277824E-14
HessDelSqRho_EigVals = -4.5167216968E+05 -3.6693923390E+03 -6.7393839118E+02
HessDelSqRho_EigVec1 = -5.4221273589E-01  8.3773177139E-01  6.4890894863E-02
HessDelSqRho_EigVec2 =  7.0614880250E-01  4.9617517637E-01 -5.0513766745E-01
HessDelSqRho_EigVec3 =  4.5536712415E-01  2.2806944897E-01  8.6059578705E-01
</CP of DelSqRho>
<CP of DelSqRho>
CP# = 9       
Type = (3,-3)
Coords = -2.38661703903588E+00  1.83068492310292E+00 -2.00746759470646E+00
DistFromNuc =  1.6696037699E-01
Rho =  2.2716483476E+01
DelSqRho =  1.2985697490E+03
GradDelSqRho = -3.5527136788E-13 -1.3145040612E-12 -1.8104628907E-11
HessDelSqRho_EigVals = -4.5164582273E+05 -3.6604682716E+03 -6.5279752196E+02
HessDelSqRho_EigVec1 =  5.2350759206E-01  1.3551146595E-01  8.4117563187E-01
HessDelSqRho_EigVec2 =  7.0637409264E-01  4.8301705464E-01 -5.1742648383E-01
HessDelSqRho_EigVec3 = -4.7641939749E-01  8.6506136633E-01  1.5714130640E-01
</CP of DelSqRho>
<CP of DelSqRho>
CP# = 10      
Type = (3,-1)
Coords = -2.35529275963202E+00  1.73028607554743E+00 -2.05963812593623E+00
DistFromNuc =  1.6671178851E-01
Rho =  2.2806123712E+01
DelSqRho =  1.2972517703E+03
GradDelSqRho =  8.3701934273E-12  6.2776450704E-12  9.5141672318E-12
HessDelSqRho_EigVals = -4.5712401396E+05 -3.3181314365E+03  3.9144946004E+02
HessDelSqRho_EigVec1 =  7.1027972948E-01 -4.6317033804E-01  5.3007164030E-01
HessDelSqRho_EigVec2 = -7.0355576131E-01 -4.9131969902E-01  5.1343377770E-01
HessDelSqRho_EigVec3 = -2.2627342392E-02  7.3761656117E-01  6.7484058271E-01
</CP of DelSqRho>
<CP of DelSqRho>
CP# = 11      
Type = (3,-1)
Coords = -2.30578589943455E+00  1.20009025461978E+00 -2.49062335960518E+00
DistFromNuc =  7.1729722449E-01
Rho =  6.6927436433E-01
DelSqRho = -9.9690671889E-01
GradDelSqRho = -6.6613381478E-16  2.0650148258E-14 -5.3290705182E-15
HessDelSqRho_EigVals = -1.5684428479E+01 -1.1708606691E+01  1.4303667962E+02
HessDelSqRho_EigVec1 =  6.5096913084E-01 -1.9254984755E-01  7.3427770421E-01
HessDelSqRho_EigVec2 = -7.1371480504E-01 -4.8471293694E-01  5.0563281720E-01
HessDelSqRho_EigVec3 = -2.5855438067E-01  8.5321622405E-01  4.5295883617E-01
</CP of DelSqRho>
<CP of DelSqRho>
CP# = 12      
Type = (3,+3)
Coords = -1.88255668935139E+00  1.97418306748478E+00 -2.31279562944584E+00
DistFromNuc =  6.3587864501E-01
Rho =  9.6917478624E-01
DelSqRho = -4.5386684372E+00
GradDelSqRho =  8.9706020390E-14 -2.2204460493E-16 -1.5765166950E-14
HessDelSqRho_EigVals =  1.1213533516E+01  2.4476112352E+01  3.4773260536E+02
HessDelSqRho_EigVec1 = -3.8397628808E-01  6.2484764277E-01 -6.7979970102E-01
HessDelSqRho_EigVec2 = -1.6018078035E-02  7.3161891717E-01  6.8152562770E-01
HessDelSqRho_EigVec3 =  9.2320400311E-01  2.7257876542E-01 -2.7091545781E-01
</CP of DelSqRho>
<CP of DelSqRho>
CP# = 13      
Type = (3,+3)
Coords = -2.69903052365742E+00  1.39890659852395E+00 -1.71142894533343E+00
DistFromNuc =  6.3904206412E-01
Rho =  9.5716432368E-01
DelSqRho = -4.4190501879E+00
GradDelSqRho = -1.1768364061E-14  7.1054273576E-15 -4.6185277824E-14
HessDelSqRho_EigVals =  1.0007785558E+01  2.3657170125E+01  3.3228886690E+02
HessDelSqRho_EigVec1 =  9.2858954878E-01 -2.4315414557E-01  2.8035247705E-01
HessDelSqRho_EigVec2 = -1.3273591509E-02  7.3320125589E-01  6.7988214430E-01
HessDelSqRho_EigVec3 =  3.7087095015E-01  6.3505273786E-01 -6.7761549457E-01
</CP of DelSqRho>
<CP of DelSqRho>
CP# = 14      
Type = (3,+1)
Coords = -2.42177632783362E+00  2.50077803742743E+00 -2.19416110584147E+00
DistFromNuc =  6.9673106132E-01
Rho =  7.6865324231E-01
DelSqRho = -2.4637680794E+00
GradDelSqRho = -2.8044233602E-13  3.2296387786E-13  1.0336176359E-13
HessDelSqRho_EigVals = -1.2688544302E+01  1.3293455641E+01  1.7799362353E+02
HessDelSqRho_EigVec1 =  8.6942494274E-01 -2.0363909385E-01 -4.5014596344E-01
HessDelSqRho_EigVec2 =  4.6529088201E-01  3.1089928046E-02  8.8461167271E-01
HessDelSqRho_EigVec3 =  1.6614651383E-01  9.7855226525E-01 -1.2178177250E-01
</CP of DelSqRho>
<CP of DelSqRho>
CP# = 15      
Type = (3,-1)
Coords = -2.32590559155290E+00  2.19675402873107E+00 -1.56401482153456E+00
DistFromNuc =  7.1723488497E-01
Rho =  6.7009083382E-01
DelSqRho = -9.9716821055E-01
GradDelSqRho = -1.6958656701E-14 -1.5876189252E-14 -3.9301895072E-14
HessDelSqRho_EigVals = -1.5729508828E+01 -1.1847868327E+01  1.4308211430E+02
HessDelSqRho_EigVec1 =  6.5810425250E-01 -7.0637631579E-01  2.6063632387E-01
HessDelSqRho_EigVec2 =  7.1658699214E-01  4.8137201917E-01 -5.0476139101E-01
HessDelSqRho_EigVec3 =  2.3108845825E-01  5.1895421729E-01  8.2297305231E-01
</CP of DelSqRho>
<CP of DelSqRho>
CP# = 16      
Type = (3,+1)
Coords = -2.40795943308142E+00  1.80559290412834E+00 -2.84150765690380E+00
DistFromNuc =  6.9657837433E-01
Rho =  7.6837641232E-01
DelSqRho = -2.4581753352E+00
GradDelSqRho = -8.8817841970E-15 -6.9944050551E-15  1.4599432774E-14
HessDelSqRho_EigVals = -1.2712259548E+01  1.3241877183E+01  1.7810250941E+02
HessDelSqRho_EigVec1 =  8.5488808547E-01  4.8366697759E-01  1.8770353249E-01
HessDelSqRho_EigVec2 = -4.8508513215E-01  8.7348365674E-01 -4.1457399377E-02
HessDelSqRho_EigVec3 = -1.8400754300E-01 -5.5610756082E-02  9.8135043075E-01
</CP of DelSqRho>
<CP of DelSqRho>
CP# = 17      
Type = (3,+1)
Coords = -2.99164949259850E+00  2.10220404498689E+00 -1.78700587576173E+00
DistFromNuc =  6.9676812472E-01
Rho =  7.6743480373E-01
DelSqRho = -2.4380494157E+00
GradDelSqRho = -3.3723024373E-14  7.5495165675E-15  1.6819878823E-14
HessDelSqRho_EigVals = -1.2599103809E+01  1.2851862522E+01  1.7718160177E+02
HessDelSqRho_EigVec1 =  1.8084903711E-01  9.3634570926E-01 -3.0091583295E-01
HessDelSqRho_EigVec2 =  6.0942842163E-01  1.3345472974E-01  7.8152852413E-01
HessDelSqRho_EigVec3 =  7.7193952139E-01 -3.2472534218E-01 -5.4650052832E-01
</CP of DelSqRho>
<CP of DelSqRho>
CP# = 18      
Type = (3,-1)
Coords = -2.98130438897571E+00  2.15523921931232E+00 -2.53209561912738E+00
DistFromNuc =  7.2532861737E-01
Rho =  6.6763430234E-01
DelSqRho = -1.0337086247E+00
GradDelSqRho =  2.1982415888E-14 -1.5543122345E-14  1.6764367672E-14
HessDelSqRho_EigVals = -1.8498387272E+01 -5.3447758985E+00  1.3292653386E+02
HessDelSqRho_EigVec1 =  1.2531779518E-02 -7.3321619257E-01 -6.7988011403E-01
HessDelSqRho_EigVec2 =  7.1502011128E-01  4.8187609999E-01 -5.0649942223E-01
HessDelSqRho_EigVec3 =  6.9899155572E-01 -4.7978061570E-01  5.3030308865E-01
</CP of DelSqRho>
<CP of DelSqRho>
CP# = 19      
Type = (3,+1)
Coords = -2.97940115200186E+00  1.41622096406599E+00 -2.42391689708788E+00
DistFromNuc =  6.9640568567E-01
Rho =  7.6806987709E-01
DelSqRho = -2.4432581244E+00
GradDelSqRho =  1.2767564783E-14 -7.5495165675E-15  8.4376949872E-15
HessDelSqRho_EigVals = -1.2532146057E+01  1.2884294175E+01  1.7764106524E+02
HessDelSqRho_EigVec1 = -1.9409974090E-01 -2.3319086065E-01  9.5286269373E-01
HessDelSqRho_EigVec2 = -6.2518245823E-01  7.7792943106E-01  6.3029312398E-02
HessDelSqRho_EigVec3 =  7.5595779281E-01  5.8347906801E-01  2.9678273650E-01
</CP of DelSqRho>
<CP of DelSqRho>
CP# = 20      
Type = (3,+1)
Coords = -2.00896487472154E+00  1.49155880114519E+00 -1.79754615958241E+00
DistFromNuc =  6.6228911128E-01
Rho =  8.7282411330E-01
DelSqRho = -3.5739181251E+00
GradDelSqRho =  1.4210854715E-14  2.4424906542E-15 -1.3322676296E-15
HessDelSqRho_EigVals = -6.7437186485E+00  1.9642298686E+01  2.5908550603E+02
HessDelSqRho_EigVec1 = -7.1051502849E-01 -4.8679467941E-01  5.0813318567E-01
HessDelSqRho_EigVec2 = -1.5196136967E-02  7.3255234344E-01  6.8054106529E-01
HessDelSqRho_EigVec3 =  7.0351792565E-01 -4.7581299291E-01  5.2788684779E-01
</CP of DelSqRho>
<CP of DelSqRho>
CP# = 21      
Type = (3,+3)
Coords = -2.77699844701467E+00  1.58822307388163E+00 -2.77554400562895E+00
DistFromNuc =  7.3065616442E-01
Rho =  7.3560245668E-01
DelSqRho = -2.8991695397E+00
GradDelSqRho =  1.1768364061E-14  5.7731597281E-15  9.9920072216E-15
HessDelSqRho_EigVals =  1.0727708498E+01  2.2025192847E+01  1.3145835779E+02
HessDelSqRho_EigVec1 =  7.1138082256E-01  4.8186121738E-01 -5.1161224817E-01
HessDelSqRho_EigVec2 = -5.6903369191E-01  8.2214070095E-01 -1.6891575268E-02
HessDelSqRho_EigVec3 =  4.1247785730E-01  3.0314094911E-01  8.5905039561E-01
</CP of DelSqRho>
<CP of DelSqRho>
CP# = 22      
Type = (3,+3)
Coords = -2.79190745724546E+00  2.44418446130846E+00 -1.98186928593247E+00
DistFromNuc =  7.3091268428E-01
Rho =  7.3541698585E-01
DelSqRho = -2.8973466998E+00
GradDelSqRho = -1.2212453271E-14  4.2188474936E-15  8.8262730458E-15
HessDelSqRho_EigVals =  1.0726777867E+01  2.2023336289E+01  1.3125772396E+02
HessDelSqRho_EigVec1 =  7.1314084918E-01  4.8614654470E-01 -5.0506600192E-01
HessDelSqRho_EigVec2 =  5.5228373649E-01  5.4113981220E-02  8.3189804149E-01
HessDelSqRho_EigVec3 = -4.3175549056E-01  8.7220021446E-01  2.2989993967E-01
</CP of DelSqRho>
<CP of DelSqRho>
CP# = 23      
Type = (3,-3)
Coords = -2.19106258146705E+00  2.40794596609477E+00 -1.22006138995629E+00
DistFromNuc =  1.1408450831E+00
Rho =  2.4712625568E-01
DelSqRho =  8.3971043808E-01
GradDelSqRho = -3.6776137691E-16  8.8817841970E-16 -3.0808688933E-15
HessDelSqRho_EigVals = -1.7592788060E+01 -1.8223685796E+00 -5.2311870462E-01
HessDelSqRho_EigVec1 =  2.7089805107E-01  4.9850317542E-01  8.2347363651E-01
HessDelSqRho_EigVec2 = -6.6271697665E-01  7.1702751735E-01 -2.1605033725E-01
HessDelSqRho_EigVec3 =  6.9815503636E-01  4.8720234344E-01 -5.2460787428E-01
</CP of DelSqRho>
<CP of DelSqRho>
CP# = 24      
Type = (3,-3)
Coords = -3.52559656858391E+00  2.13738079938024E+00 -2.52371785929809E+00
DistFromNuc =  1.1646843282E+00
Rho =  2.5051905707E-01
DelSqRho =  8.4816816463E-01
GradDelSqRho = -4.4825254619E-15  1.6575282813E-15 -5.8980598183E-16
HessDelSqRho_EigVals = -1.7159611278E+01 -3.2335189082E+00 -1.4793053461E-01
HessDelSqRho_EigVec1 =  9.0365470418E-01 -2.8250722399E-01  3.2186618960E-01
HessDelSqRho_EigVec2 = -1.3120555072E-02  7.3294855479E-01  6.8015753106E-01
HessDelSqRho_EigVec3 =  4.2806077448E-01  6.1885061559E-01 -6.5862575787E-01
</CP of DelSqRho>
<CP of DelSqRho>
CP# = 25      
Type = (3,+1)
Coords = -1.89181228397652E+00  1.07423431813686E+00 -1.34923779774121E+00
DistFromNuc =  1.2305872834E+00
Rho =  2.4214745962E-01
DelSqRho =  5.0234330231E-01
GradDelSqRho = -3.8857805862E-16 -8.4654505628E-16  2.4286128664E-15
HessDelSqRho_EigVals = -1.1918133793E+01  1.2223951193E-01  5.3697496971E-01
HessDelSqRho_EigVec1 =  4.6704741690E-01 -5.9972882561E-01  6.4976306921E-01
HessDelSqRho_EigVec2 = -8.8419917833E-01 -3.2311966090E-01  3.3732106038E-01
HessDelSqRho_EigVec3 = -7.6500591928E-03  7.3206490182E-01  6.8119193780E-01
</CP of DelSqRho>
<CP of DelSqRho>
CP# = 26      
Type = (3,-3)
Coords = -2.95490877794103E+00  2.52405198658041E+00 -2.92893824107612E+00
DistFromNuc =  1.1639662738E+00
Rho =  2.5031175887E-01
DelSqRho =  8.5032240248E-01
GradDelSqRho =  6.9735883734E-16 -4.0106806765E-15  3.6498581935E-15
HessDelSqRho_EigVals = -1.7217185375E+01 -3.1349205094E+00 -1.7713651905E-01
HessDelSqRho_EigVec1 = -4.1197930385E-01  6.1588752394E-01 -6.7153228593E-01
HessDelSqRho_EigVec2 = -1.3697989467E-02  7.3271181789E-01  6.8040117358E-01
HessDelSqRho_EigVec3 =  9.1109023608E-01  2.8950984401E-01 -2.9342568384E-01
</CP of DelSqRho>
<CP of DelSqRho>
CP# = 27      
Type = (3,-1)
Coords = -3.25889135203348E+00  1.92643349217894E+00 -1.26034130463058E+00
DistFromNuc =  1.1910985564E+00
Rho =  2.4452662391E-01
DelSqRho =  7.0818698099E-01
GradDelSqRho = -2.2204460493E-16 -5.1000870194E-16  2.2204460493E-16
HessDelSqRho_EigVals = -1.6884724026E+01 -1.2596304273E+00  3.1163386556E-01
HessDelSqRho_EigVec1 = -6.5030665408E-01  8.3963812544E-02  7.5501743943E-01
HessDelSqRho_EigVec2 =  1.5836816304E-01 -9.5705278710E-01  2.4283633921E-01
HessDelSqRho_EigVec3 =  7.4298100958E-01  2.7748881218E-01  6.0908060100E-01
</CP of DelSqRho>
<CP of DelSqRho>
CP# = 28      
Type = (3,-1)
Coords = -3.24327418579446E+00  9.01301092488886E-01 -2.21332586460791E+00
DistFromNuc =  1.1907023524E+00
Rho =  2.4438921509E-01
DelSqRho =  7.1138851092E-01
GradDelSqRho = -9.0205620751E-16 -3.7470027081E-16 -3.3566899260E-16
HessDelSqRho_EigVals = -1.6952269912E+01 -1.2592429500E+00  2.9770351802E-01
HessDelSqRho_EigVec1 =  6.3738815987E-01  7.6962525234E-01  3.7593944006E-02
HessDelSqRho_EigVec2 =  1.4220929230E-01 -1.6544532850E-01  9.7591206595E-01
HessDelSqRho_EigVec3 =  7.5730631243E-01 -6.1668858773E-01 -2.1490075597E-01
</CP of DelSqRho>
<CP of DelSqRho>
CP# = 29      
Type = (3,-3)
Coords = -2.16147623663174E+00  8.44225012056304E-01 -2.67335373482650E+00
DistFromNuc =  1.1407675278E+00
Rho =  2.4661496115E-01
DelSqRho =  8.3765663684E-01
GradDelSqRho =  1.4155343564E-15 -3.2196467714E-15 -9.8532293435E-16
HessDelSqRho_EigVals = -1.7582095656E+01 -1.8076919214E+00 -4.9863084772E-01
HessDelSqRho_EigVec1 = -2.9712097372E-01  8.5189709359E-01  4.3126612307E-01
HessDelSqRho_EigVec2 =  6.5110105086E-01 -1.4960665796E-01  7.4410030874E-01
HessDelSqRho_EigVec3 =  6.9841717372E-01  5.0188563420E-01 -5.1021981698E-01
</CP of DelSqRho>
<CP of DelSqRho>
CP# = 30      
Type = (3,-1)
Coords = -1.89968036839123E+00  1.84951193862722E+00 -3.18996224535825E+00
DistFromNuc =  1.1903093593E+00
Rho =  2.4423788725E-01
DelSqRho =  7.1821108085E-01
GradDelSqRho = -2.4299867674E-12  2.8390224199E-13  3.6363967393E-12
HessDelSqRho_EigVals = -1.7148152379E+01 -1.2251334105E+00  2.9192761418E-01
HessDelSqRho_EigVec1 = -5.0037445597E-01 -3.4091711792E-02  8.6513765321E-01
HessDelSqRho_EigVec2 =  8.1644060539E-01  3.1401238893E-01  4.8458328228E-01
HessDelSqRho_EigVec3 = -2.8818421483E-01  9.4880660558E-01 -1.2928992046E-01
</CP of DelSqRho>
<CP of DelSqRho>
CP# = 31      
Type = (3,-1)
Coords = -1.91828236702805E+00  2.85562773888685E+00 -2.25236151649314E+00
DistFromNuc =  1.1907486419E+00
Rho =  2.4448283871E-01
DelSqRho =  7.1580203695E-01
GradDelSqRho = -1.9428902931E-16  9.4368957093E-16 -9.3935276224E-16
HessDelSqRho_EigVals = -1.7109446203E+01 -1.2278548147E+00  3.0169523568E-01
HessDelSqRho_EigVec1 =  4.8451823758E-01  8.7057953584E-01 -8.5634976673E-02
HessDelSqRho_EigVec2 =  8.3298403784E-01 -4.8904976248E-01 -2.5878161166E-01
HessDelSqRho_EigVec3 =  2.6716974036E-01 -5.4051841749E-02  9.6213238602E-01
</CP of DelSqRho>
<CP of DelSqRho>
CP# = 32      
Type = (3,-1)
Coords = -3.31967993624610E+00  2.34433315972871E+00 -2.74268270830739E+00
DistFromNuc =  1.1651193775E+00
Rho =  2.5291350619E-01
DelSqRho =  8.4523852331E-01
GradDelSqRho =  2.7729207819E-13 -2.0970725156E-13  2.3325785747E-13
HessDelSqRho_EigVals = -1.6487638756E+01 -4.2762309329E+00  9.9974632110E-02
HessDelSqRho_EigVec1 =  7.2570909016E-01 -4.6084393958E-01  5.1085142635E-01
HessDelSqRho_EigVec2 = -1.3477753722E-02  7.3284971781E-01  6.8025704058E-01
HessDelSqRho_EigVec3 =  6.8786965815E-01  5.0055384771E-01 -5.2562456082E-01
</CP of DelSqRho>
<CP of DelSqRho>
CP# = 33      
Type = (3,+1)
Coords = -2.71883317923754E+00  3.78535566237576E+00 -2.29863520957346E+00
DistFromNuc =  1.9986586715E+00
Rho =  7.5216095413E-02
DelSqRho =  1.8358921265E-01
GradDelSqRho = -9.4437478670E-14 -8.8364732198E-13  1.5651499194E-13
HessDelSqRho_EigVals = -1.7145298011E+00  2.5474638223E-02  5.6491553898E-01
HessDelSqRho_EigVec1 =  2.3684181534E-01  8.9650098097E-01 -3.7442214895E-01
HessDelSqRho_EigVec2 =  6.6701459741E-01  1.3016592867E-01  7.3358595805E-01
HessDelSqRho_EigVec3 =  7.0639753775E-01 -4.2348886895E-01 -5.6715050606E-01
</CP of DelSqRho>
<CP of DelSqRho>
CP# = 34      
Type = (3,+1)
Coords = -3.90503924116120E+00  2.93971029933811E+00 -1.31813244665002E+00
DistFromNuc =  2.0048489994E+00
Rho =  7.4594944557E-02
DelSqRho =  1.7953060378E-01
GradDelSqRho =  5.9251457907E-12 -2.8542706393E-12 -3.1866276111E-12
HessDelSqRho_EigVals = -1.6319409846E+00  2.9379527821E-02  5.7291883495E-01
HessDelSqRho_EigVec1 =  8.4261854663E-01 -1.4216954987E-01 -5.1940524061E-01
HessDelSqRho_EigVec2 =  5.2999160919E-01  4.8050121049E-02  8.4664046682E-01
HessDelSqRho_EigVec3 =  9.5409009388E-02  9.8867537896E-01 -1.1583659168E-01
</CP of DelSqRho>
<CP of DelSqRho>
CP# = 35      
Type = (3,+1)
Coords = -3.90208007457041E+00  9.25292576314129E-01 -3.25024413485545E+00
DistFromNuc =  2.0083626247E+00
Rho =  7.4554684492E-02
DelSqRho =  1.7931386752E-01
GradDelSqRho = -5.6985666186E-16 -1.7954387976E-16  1.5504091067E-16
HessDelSqRho_EigVals = -1.6556120459E+00  2.6935983045E-02  5.6228189989E-01
HessDelSqRho_EigVec1 =  8.6196511273E-01  4.9262461475E-01  1.1973776922E-01
HessDelSqRho_EigVec2 = -4.8714055133E-01  8.7022754435E-01 -7.3471792551E-02
HessDelSqRho_EigVec3 = -1.4039311837E-01  5.0009990388E-03  9.9008320980E-01
</CP of DelSqRho>
<Path of -GradDelSqRho>
Starting CP# =      3
Ending CP# =     21
Number of Points =     17
 -2.9541934695E+00  1.4687851053E+00 -3.1340148395E+00  4.1669108834E-01 -9.7591159503E-01
 -2.9436999517E+00  1.4760783444E+00 -3.1125277565E+00  4.2801606587E-01 -9.8590546291E-01
 -2.9332106127E+00  1.4833817564E+00 -3.0910420885E+00  4.4039577678E-01 -1.0160772623E+00
 -2.9227253477E+00  1.4906949226E+00 -3.0695577497E+00  4.5384173104E-01 -1.0667406894E+00
 -2.9122438449E+00  1.4980170988E+00 -3.0480746441E+00  4.6835888700E-01 -1.1381581903E+00
 -2.9017655737E+00  1.5053472184E+00 -3.0265926709E+00  4.8394495327E-01 -1.2304026838E+00
 -2.8912897712E+00  1.5126838905E+00 -3.0051117304E+00  5.0058974086E-01 -1.3431902411E+00
 -2.8808154199E+00  1.5200253836E+00 -2.9836317295E+00  5.1827467335E-01 -1.4756889769E+00
 -2.8703412088E+00  1.5273695822E+00 -2.9621525850E+00  5.3697258169E-01 -1.6263115220E+00
 -2.8598654666E+00  1.5347139004E+00 -2.9406742281E+00  5.5664792720E-01 -1.7925004849E+00
 -2.8493860457E+00  1.5420551236E+00 -2.9191966077E+00  5.7725760852E-01 -1.9705175750E+00
 -2.8389001149E+00  1.5493891210E+00 -2.8977196963E+00  5.9875251662E-01 -2.1552463929E+00
 -2.8284037647E+00  1.5567102933E+00 -2.8762434994E+00  6.2108000474E-01 -2.3400142818E+00
 -2.8178911672E+00  1.5640103934E+00 -2.8547680777E+00  6.4418743909E-01 -2.5164262000E+00
 -2.8073524632E+00  1.5712755590E+00 -2.8332936085E+00  6.6802698467E-01 -2.6741763851E+00
 -2.7967668492E+00  1.5784765760E+00 -2.8118206230E+00  6.9256168311E-01 -2.8007500748E+00
 -2.7769984470E+00  1.5882230739E+00 -2.7755440056E+00  7.3560245668E-01 -2.8991695397E+00
</Path of -GradDelSqRho>
<Path of -GradDelSqRho>
Starting CP# =      3
Ending CP# =      0
Number of Points =     30
 -2.9541934695E+00  1.4687851053E+00 -3.1340148395E+00  4.1669108834E-01 -9.7591159503E-01
 -2.9646909465E+00  1.4615017891E+00 -3.1555033544E+00  4.0640344329E-01 -9.8583631291E-01
 -2.9751922685E+00  1.4542285336E+00 -3.1769933981E+00  3.9713040252E-01 -1.0155444663E+00
 -2.9856970389E+00  1.4469648414E+00 -3.1984849911E+00  3.8884432390E-01 -1.0650549516E+00
 -2.9962047570E+00  1.4397099731E+00 -3.2199781234E+00  3.8151290801E-01 -1.1345227096E+00
 -3.0067148669E+00  1.4324630100E+00 -3.2414727532E+00  3.7509930539E-01 -1.2241584369E+00
 -3.0172268152E+00  1.4252229349E+00 -3.2629688052E+00  3.6956212918E-01 -1.3340627003E+00
 -3.0277401182E+00  1.4179887263E+00 -3.2844661698E+00  3.6485548673E-01 -1.4639436557E+00
 -3.0382544374E+00  1.4107594641E+00 -3.3059647014E+00  3.6092923049E-01 -1.6126909376E+00
 -3.0487696686E+00  1.4035344467E+00 -3.3274642138E+00  3.5772974652E-01 -1.7778101897E+00
 -3.0592860541E+00  1.3963133287E+00 -3.3489644716E+00  3.5520173580E-01 -1.9548079289E+00
 -3.0698043334E+00  1.3890962922E+00 -3.3704651736E+00  3.5329155659E-01 -2.1367769096E+00
 -3.0803259451E+00  1.3818842715E+00 -3.3919659280E+00  3.5195269399E-01 -2.3146635505E+00
 -3.0908531716E+00  1.3746791487E+00 -3.4134662465E+00  3.5115366290E-01 -2.4789360055E+00
 -3.1013884348E+00  1.3674832189E+00 -3.4349657073E+00  3.5088796990E-01 -2.6234605735E+00
 -3.1119297308E+00  1.3602950574E+00 -3.4564648098E+00  3.5118455618E-01 -2.7521107483E+00
 -3.1224614706E+00  1.3531004794E+00 -3.4779664477E+00  3.5211552652E-01 -2.8877807196E+00
 -3.1329639902E+00  1.3458802229E+00 -3.4994737676E+00  3.5379633456E-01 -3.0820541879E+00
 -3.1434376989E+00  1.3386332422E+00 -3.5209861503E+00  3.5637252437E-01 -3.4221204542E+00
 -3.1538935014E+00  1.3313690801E+00 -3.5425014499E+00  3.5998777473E-01 -4.0302567762E+00
 -3.1643393634E+00  1.3240950782E+00 -3.5640182539E+00  3.6473115406E-01 -5.0509846898E+00
 -3.1747794849E+00  1.3168152045E+00 -3.5855358583E+00  3.7056713468E-01 -6.6223705240E+00
 -3.1852159982E+00  1.3095315064E+00 -3.6070539189E+00  3.7725981394E-01 -8.8313971246E+00
 -3.1956500211E+00  1.3022450671E+00 -3.6285722591E+00  3.8431138438E-01 -1.1659580209E+01
 -3.2060821606E+00  1.2949564729E+00 -3.6500907827E+00  3.9094111828E-01 -1.4934025134E+01
 -3.2165127467E+00  1.2876660282E+00 -3.6716094325E+00  3.9613043004E-01 -1.8307873316E+01
 -3.2269419367E+00  1.2803738394E+00 -3.6931281681E+00  3.9874730158E-01 -2.1295101475E+01
 -3.2373697278E+00  1.2730797753E+00 -3.7146469459E+00  3.9773848643E-01 -2.3369733363E+01
 -3.2477955406E+00  1.2657825647E+00 -3.7361656155E+00  3.9234723725E-01 -2.4108925368E+01
 -3.2472741926E+00  1.2661472811E+00 -3.7350896609E+00  3.9272744125E-01 -2.4107736003E+01
</Path of -GradDelSqRho>
<Path of -GradDelSqRho>
Starting CP# =      4
Ending CP# =      0
Number of Points =     30
 -2.9785905833E+00  2.8054059586E+00 -1.8923063018E+00  4.1738976613E-01 -9.8066972133E-01
 -2.9896288605E+00  2.8271600983E+00 -1.8868369483E+00  4.0708573837E-01 -9.9064889995E-01
 -3.0006707782E+00  2.8489153163E+00 -1.8813792446E+00  3.9779706479E-01 -1.0205247929E+00
 -3.0117159953E+00  2.8706716613E+00 -1.8759327209E+00  3.8949617301E-01 -1.0703199690E+00
 -3.0227640656E+00  2.8924291678E+00 -1.8704966334E+00  3.8215076945E-01 -1.1401884850E+00
 -3.0338144827E+00  2.9141878485E+00 -1.8650700243E+00  3.7572394822E-01 -1.2303338685E+00
 -3.0448667353E+00  2.9359476868E+00 -1.8596518007E+00  3.7017420896E-01 -1.3408402347E+00
 -3.0559203686E+00  2.9577086278E+00 -1.8542408273E+00  3.6545549928E-01 -1.4713855653E+00
 -3.0669750551E+00  2.9794705686E+00 -1.8488360298E+00  3.6151748587E-01 -1.6208102131E+00
 -3.0780306762E+00  3.0012333440E+00 -1.8434365070E+00  3.5830637726E-01 -1.7865470692E+00
 -3.0890874241E+00  3.0229967062E+00 -1.8380416586E+00  3.5576675875E-01 -1.9640075024E+00
 -3.1001459375E+00  3.0447602932E+00 -1.8326513378E+00  3.5384501103E-01 -2.1461806783E+00
 -3.1112074810E+00  3.0665235858E+00 -1.8272660476E+00  3.5249487540E-01 -2.3239373155E+00
 -3.1222740628E+00  3.0882858905E+00 -1.8218871208E+00  3.5168545680E-01 -2.4877642212E+00
 -3.1333477532E+00  3.1100465870E+00 -1.8165163241E+00  3.5141125681E-01 -2.6317361406E+00
 -3.1444264724E+00  3.1318064557E+00 -1.8111525481E+00  3.5170260693E-01 -2.7602304820E+00
 -3.1554960220E+00  3.1535699451E+00 -1.8057845365E+00  3.5263323954E-01 -2.8970152185E+00
 -3.1665394767E+00  3.1753418740E+00 -1.8003970418E+00  3.5432009857E-01 -3.0949011999E+00
 -3.1775578602E+00  3.1971214110E+00 -1.7949889988E+00  3.5690948306E-01 -3.4424912581E+00
 -3.1885608036E+00  3.2189054192E+00 -1.7895675411E+00  3.6054434050E-01 -4.0633112659E+00
 -3.1995551731E+00  3.2406918008E+00 -1.7841382308E+00  3.6531075148E-01 -5.1024433868E+00
 -3.2105445688E+00  3.2624794925E+00 -1.7787041097E+00  3.7116740086E-01 -6.6972084901E+00
 -3.2215308164E+00  3.2842679668E+00 -1.7732667621E+00  3.7786980219E-01 -8.9319892120E+00
 -3.2325148721E+00  3.3060569508E+00 -1.7678270290E+00  3.8490962283E-01 -1.1783643946E+01
 -3.2434972521E+00  3.3278462961E+00 -1.7623853600E+00  3.9149553364E-01 -1.5073064151E+01
 -3.2544782319E+00  3.3496359179E+00 -1.7569419729E+00  3.9660097619E-01 -1.8447078374E+01
 -3.2654579297E+00  3.3714257651E+00 -1.7514969023E+00  3.9909149412E-01 -2.1415497082E+01
 -3.2764363012E+00  3.3932158021E+00 -1.7460499171E+00  3.9791900072E-01 -2.3452546572E+01
 -3.2874121955E+00  3.4150059447E+00 -1.7405983674E+00  3.9233965965E-01 -2.4140929956E+01
 -3.2868638628E+00  3.4139164582E+00 -1.7408719553E+00  3.9272957821E-01 -2.4142455620E+01
</Path of -GradDelSqRho>
<Path of -GradDelSqRho>
Starting CP# =      4
Ending CP# =     22
Number of Points =     17
 -2.9785905833E+00  2.8054059586E+00 -1.8923063018E+00  4.1738976613E-01 -9.8066972133E-01
 -2.9675560153E+00  2.7836528077E+00 -1.8977870611E+00  4.2873174291E-01 -9.9071498931E-01
 -2.9565253148E+00  2.7619006291E+00 -1.9032794523E+00  4.4112887504E-01 -1.0210331018E+00
 -2.9454983248E+00  2.7401493797E+00 -1.9087829632E+00  4.5459241996E-01 -1.0719231335E+00
 -2.9344746825E+00  2.7183990351E+00 -1.9142967470E+00  4.6912703093E-01 -1.1436288944E+00
 -2.9234538043E+00  2.6966495986E+00 -1.9198196310E+00  4.8473006595E-01 -1.2362002271E+00
 -2.9124348687E+00  2.6749011106E+00 -1.9253501216E+00  5.0139094944E-01 -1.3493252691E+00
 -2.9014167873E+00  2.6531536608E+00 -1.9308863934E+00  5.1909069456E-01 -1.4821390128E+00
 -2.8903981568E+00  2.6314074022E+00 -1.9364262508E+00  5.3780171335E-01 -1.6330155919E+00
 -2.8793771763E+00  2.6096625736E+00 -1.9419670466E+00  5.5748805850E-01 -1.7993537479E+00
 -2.8683515049E+00  2.5879195345E+00 -1.9475055313E+00  5.7810625289E-01 -1.9773661382E+00
 -2.8573180066E+00  2.5661788265E+00 -1.9530375757E+00  5.9960687092E-01 -2.1618824072E+00
 -2.8462722604E+00  2.5444412928E+00 -1.9585576373E+00  6.2193703877E-01 -2.3461711632E+00
 -2.8352075049E+00  2.5227083392E+00 -1.9640576201E+00  6.4504401896E-01 -2.5217732695E+00
 -2.8241119503E+00  2.5009826125E+00 -1.9695239875E+00  6.6888003099E-01 -2.6783111127E+00
 -2.8129598269E+00  2.4792703230E+00 -1.9749281931E+00  6.9340834539E-01 -2.8031840835E+00
 -2.7919074572E+00  2.4441844613E+00 -1.9818692859E+00  7.3541698585E-01 -2.8973466998E+00
</Path of -GradDelSqRho>
<Path of -GradDelSqRho>
Starting CP# =      5
Ending CP# =      1
Number of Points =      7
 -2.6310753518E+00  1.7646570596E+00 -2.1054529528E+00  2.2496357769E+01  1.2312455889E+03
 -2.6077708856E+00  1.7710738334E+00 -2.1118346763E+00  3.2705506322E+01  9.8231374218E+02
 -2.5844454317E+00  1.7774538576E+00 -2.1181764711E+00  4.7915122013E+01 -7.8086390822E+02
 -2.5611107354E+00  1.7838176152E+00 -2.1245005933E+00  7.0505748944E+01 -6.3453722435E+03
 -2.5377694413E+00  1.7901697244E+00 -2.1308120608E+00  1.0402876826E+02 -2.0475489354E+04
 -2.5144171655E+00  1.7965023930E+00 -2.1371024091E+00  1.5432203087E+02 -7.4779886506E+04
 -2.4736733036E+00  1.8075151966E+00 -2.1480387028E+00  2.9731667947E+02 -3.3295770187E+06
</Path of -GradDelSqRho>
<Path of -GradDelSqRho>
Starting CP# =      5
Ending CP# =     13
Number of Points =     40
 -2.6310753518E+00  1.7646570596E+00 -2.1054529528E+00  2.2496357769E+01  1.2312455889E+03
 -2.6543551940E+00  1.7581974701E+00 -2.0990247045E+00  1.5595901480E+01  1.1497997655E+03
 -2.6776241711E+00  1.7517190923E+00 -2.0925760365E+00  1.0916319865E+01  9.8037076421E+02
 -2.7008904693E+00  1.7452360963E+00 -2.0861223457E+00  7.7524728248E+00  7.7250203948E+02
 -2.7241502505E+00  1.7387418827E+00 -2.0796564573E+00  5.6214016203E+00  5.7215541978E+02
 -2.7473969983E+00  1.7322253052E+00 -2.0731662520E+00  4.1867813019E+00  4.0818511912E+02
 -2.7706235637E+00  1.7256742819E+00 -2.0666385875E+00  3.2184053743E+00  2.8571671879E+02
 -2.7938226686E+00  1.7190767457E+00 -2.0600603299E+00  2.5616905224E+00  1.9759602797E+02
 -2.8169874394E+00  1.7124216165E+00 -2.0534194104E+00  2.1134617215E+00  1.3463644629E+02
 -2.8401110648E+00  1.7056982707E+00 -2.0467042476E+00  1.8045083251E+00  8.9657989704E+01
 -2.8631851203E+00  1.6988938682E+00 -2.0399008381E+00  1.5880805975E+00  5.7780272519E+01
 -2.8861970630E+00  1.6919895744E+00 -2.0329886373E+00  1.4325735837E+00  3.5632347501E+01
 -2.9091271024E+00  1.6849562804E+00 -2.0259358840E+00  1.3167912948E+00  2.0687814745E+01
 -2.9319435797E+00  1.6777489410E+00 -2.0186934000E+00  1.2267343631E+00  1.0945555431E+01
 -2.9545947036E+00  1.6702974279E+00 -2.0111845518E+00  1.1533352133E+00  4.8239293294E+00
 -2.9769918616E+00  1.6624900380E+00 -2.0032871044E+00  1.0908492876E+00  1.1214324485E+00
 -2.9989715872E+00  1.6541409341E+00 -1.9947972670E+00  1.0357476269E+00 -1.0272943556E+00
 -3.0201926221E+00  1.6449173415E+00 -1.9853488524E+00  9.8604169233E-01 -2.2129235068E+00
 -3.0397779159E+00  1.6341522702E+00 -1.9742030639E+00  9.4118349414E-01 -2.8207010916E+00
 -3.0546701074E+00  1.6204603805E+00 -1.9597954144E+00  9.0398828256E-01 -3.0996593236E+00
 -3.0564246123E+00  1.6038022097E+00 -1.9418800252E+00  8.8663702441E-01 -3.2339323076E+00
 -3.0464772863E+00  1.5883847286E+00 -1.9250134551E+00  8.8830615704E-01 -3.3407893705E+00
 -3.0330032784E+00  1.5742425802E+00 -1.9094222817E+00  8.9518357526E-01 -3.4439369620E+00
 -3.0183077631E+00  1.5606854776E+00 -1.8944172417E+00  9.0284303665E-01 -3.5443347254E+00
 -3.0028579764E+00  1.5475320359E+00 -1.8798148732E+00  9.1032031772E-01 -3.6414869394E+00
 -2.9867583610E+00  1.5347526035E+00 -1.8655870019E+00  9.1739035375E-01 -3.7348253528E+00
 -2.9700425541E+00  1.5223511790E+00 -1.8517402925E+00  9.2398197272E-01 -3.8237975857E+00
 -2.9527312031E+00  1.5103383143E+00 -1.8382884052E+00  9.3005669598E-01 -3.9078829600E+00
 -2.9348427810E+00  1.4987256304E+00 -1.8252463609E+00  9.3558558807E-01 -3.9866014890E+00
 -2.9163954897E+00  1.4875248206E+00 -1.8126295430E+00  9.4054543638E-01 -4.0595213275E+00
 -2.8974076382E+00  1.4767474720E+00 -1.8004535530E+00  9.4491830806E-01 -4.1262652394E+00
 -2.8778977873E+00  1.4664050090E+00 -1.7887341991E+00  9.4869157069E-01 -4.1865160398E+00
 -2.8578848577E+00  1.4565086463E+00 -1.7774874997E+00  9.5185791403E-01 -4.2400209105E+00
 -2.8373882256E+00  1.4470693373E+00 -1.7667296868E+00  9.5441531403E-01 -4.2865945082E+00
 -2.8164278083E+00  1.4380977198E+00 -1.7564772061E+00  9.5636693667E-01 -4.3261208229E+00
 -2.7950241408E+00  1.4296040640E+00 -1.7467467134E+00  9.5772098533E-01 -4.3585537820E+00
 -2.7731984454E+00  1.4215982342E+00 -1.7375550552E+00  9.5849049587E-01 -4.3839166280E+00
 -2.7509726952E+00  1.4140896872E+00 -1.7289192132E+00  9.5869308362E-01 -4.4023001352E+00
 -2.7283696747E+00  1.4070875770E+00 -1.7208561475E+00  9.5835064665E-01 -4.4138597542E+00
 -2.6990305237E+00  1.3989065985E+00 -1.7114289453E+00  9.5716432368E-01 -4.4190501879E+00
</Path of -GradDelSqRho>
<Path of -GradDelSqRho>
Starting CP# =      6
Ending CP# =     12
Number of Points =     39
 -2.4126754879E+00  1.9150555894E+00 -2.2624827884E+00  2.2522552483E+01  1.2344552221E+03
 -2.4034623408E+00  1.9309722097E+00 -2.2794173335E+00  1.5611555614E+01  1.1525832720E+03
 -2.3942197085E+00  1.9468811721E+00 -2.2963430139E+00  1.0925694331E+01  9.8265953243E+02
 -2.3849697996E+00  1.9627882441E+00 -2.3132664957E+00  7.7582242035E+00  7.7433073857E+02
 -2.3757025393E+00  1.9786907949E+00 -2.3301847314E+00  5.6252336987E+00  5.7351225927E+02
 -2.3664006940E+00  1.9945843006E+00 -2.3470924801E+00  4.1897631408E+00  4.0911549822E+02
 -2.3570455598E+00  2.0104637923E+00 -2.3639839817E+00  3.2211714718E+00  2.8631019291E+02
 -2.3476184449E+00  2.0263242076E+00 -2.3808533651E+00  2.5645883393E+00  1.9794353354E+02
 -2.3381021714E+00  2.0421607592E+00 -2.3976950767E+00  2.1166567990E+00  1.3481042109E+02
 -2.3284802511E+00  2.0579686943E+00 -2.4145036031E+00  1.8080542823E+00  8.9711681801E+01
 -2.3187327408E+00  2.0737421241E+00 -2.4312721178E+00  1.5919644270E+00  5.7752919472E+01
 -2.3088303700E+00  2.0894722658E+00 -2.4479904524E+00  1.4367453746E+00  3.5553482870E+01
 -2.2987278676E+00  2.1051452309E+00 -2.4646425502E+00  1.3211843067E+00  2.0579580647E+01
 -2.2883550892E+00  2.1207387280E+00 -2.4812026911E+00  1.2312788666E+00  1.0823915624E+01
 -2.2776026151E+00  2.1362161104E+00 -2.4976287088E+00  1.1579683401E+00  4.6996390132E+00
 -2.2662956330E+00  2.1515142213E+00 -2.5138482211E+00  1.0955231984E+00  1.0010738586E+00
 -2.2541420251E+00  2.1665153132E+00 -2.5297270244E+00  1.0404401739E+00 -1.1402730317E+00
 -2.2406156514E+00  2.1809697866E+00 -2.5449827826E+00  9.9078197580E-01 -2.3173587717E+00
 -2.2246584172E+00  2.1942228229E+00 -2.5588825154E+00  9.4614779532E-01 -2.9173543679E+00
 -2.2041576087E+00  2.2039754914E+00 -2.5688922014E+00  9.0993479495E-01 -3.1922339203E+00
 -2.1796032458E+00  2.2045649456E+00 -2.5689105041E+00  8.9451588734E-01 -3.3298027352E+00
 -2.1569834662E+00  2.1977260130E+00 -2.5609560073E+00  8.9703657274E-01 -3.4425966440E+00
 -2.1361250524E+00  2.1886374998E+00 -2.5506127747E+00  9.0437046632E-01 -3.5515470816E+00
 -2.1160952720E+00  2.1787329859E+00 -2.5394050167E+00  9.1243090163E-01 -3.6574199452E+00
 -2.0966433080E+00  2.1683165431E+00 -2.5276552466E+00  9.2028605949E-01 -3.7596541558E+00
 -2.0777272718E+00  2.1574585965E+00 -2.5154391634E+00  9.2770714488E-01 -3.8576186571E+00
 -2.0593538128E+00  2.1461818635E+00 -2.5027822867E+00  9.3461849040E-01 -3.9507013653E+00
 -2.0415395915E+00  2.1344998979E+00 -2.4897005970E+00  9.4097838728E-01 -4.0383266621E+00
 -2.0243031511E+00  2.1224246049E+00 -2.4762084603E+00  9.4675534669E-01 -4.1199656620E+00
