 AIMInt (Version 19.02.13, Professional)
 Portions Copyright (c) 1997-2019 by Todd A. Keith
 AIMInt is a component of the AIMAll package ( http://aim.tkgristmill.com )

 TP:  64-bit Linux

 Licensed To:  Research Group of Fernando Cortes Guzman, UNAM, fercor@unam.mx

 AIMInt is a heavily modified and extended version of the PROAIMV program
 developed by members of R.F.W. Bader's research group

 Much of the Quantum Theory of Atoms in Molecules (QTAIM) is described in the book:
   "Atoms in Molecules - A Quantum Theory"
   R.F.W. Bader, Oxford University Press, Oxford, 1990

 For additional references see:  http://aim.tkgristmill.com/references.html

 Current Directory:  /home/scratch/M_H2O_4_tetraedrico/Opt

 Inp File:  Ti2_tetraedrico_cc-pvtz-def2-tzv_2_atomicfiles/o8.inp
 Wfx File:  Ti2_tetraedrico_cc-pvtz-def2-tzv_2.wfx
 Out File:  Ti2_tetraedrico_cc-pvtz-def2-tzv_2_atomicfiles/o8.int

 Wfx Title:   Ti2_tetraedrico_cc-pvtz-def2-tzv_2                                            
 Job Title:   Ti2_tetraedrico_cc-pvtz-def2-tzv_2                                            
 
<Atom>
O8      
</Atom>
<Nuclei of Molecule>
    13
Ti1       22.0           1.1731847461E-05   3.5549506380E-05  -3.7890228143E-05
O2         8.0          -1.7923196555E+00  -2.4913497107E+00   2.1401846130E+00
H3         1.0          -3.4105429842E+00  -3.3018116561E+00   1.7365881305E+00
O4         8.0           1.7897514527E+00   2.4584493374E+00   2.1801084979E+00
H5         1.0           3.4067118741E+00   3.2781420361E+00   1.7905199316E+00
O6         8.0          -2.4736730089E+00   1.8075150194E+00  -2.1480385062E+00
H7         1.0          -3.2510418040E+00   1.2634599813E+00  -3.7429347079E+00
O8         8.0           2.4762874967E+00  -1.7744735630E+00  -2.1724053719E+00
H9         1.0           3.2903869975E+00  -3.3952207788E+00  -1.7869503170E+00
H10        1.0          -1.2369856731E+00  -3.2842523173E+00   3.7238506447E+00
H11        1.0           1.2333739413E+00   3.2229949314E+00   3.7770806961E+00
H12        1.0          -3.2904623038E+00   3.4211185373E+00  -1.7390508996E+00
H13        1.0           3.2579315724E+00  -1.2063414877E+00  -3.7570637555E+00
</Nuclei of Molecule>
<Total Number of CPs of DelSqRho>
    35
</Total Number of CPs of DelSqRho>
<Number of (3,+3) CPs of DelSqRho>
     5
</Number of (3,+3) CPs of DelSqRho>
<Number of (3,+1) CPs of DelSqRho>
    13
</Number of (3,+1) CPs of DelSqRho>
<Number of (3,-1) CPs of DelSqRho>
    11
</Number of (3,-1) CPs of DelSqRho>
<Number of (3,-3) CPs of DelSqRho>
     6
</Number of (3,-3) CPs of DelSqRho>
<Number of Degenerate CPs of DelSqRho>
     0
</Number of Degenerate CPs of DelSqRho>
<CP of DelSqRho>
CP# = 1       
Type = (3,+3)
Coords =  2.47628779149291E+00 -1.77447373739429E+00 -2.17240557070501E+00
DistFromNuc =  3.9605134341E-07
Rho =  2.9731665764E+02
DelSqRho = -3.3295762023E+06
GradDelSqRho = -1.9766698642E-05  1.4037978872E-05  1.4910380742E-05
HessDelSqRho_EigVals =  1.3240968860E+11  1.3240970536E+11  1.3240971462E+11
HessDelSqRho_EigVec1 =  7.2249233481E-01  4.6889165697E-01  5.0808015131E-01
HessDelSqRho_EigVec2 = -6.9116857316E-01  4.7171689292E-01  5.4751180481E-01
HessDelSqRho_EigVec3 =  1.7053727035E-02 -7.4674211543E-01  6.6489501685E-01
</CP of DelSqRho>
<CP of DelSqRho>
CP# = 2       
Type = (3,-1)
Coords =  1.39149096301925E+00 -1.03699864603729E+00 -1.24714533319502E+00
DistFromNuc =  1.6052286167E+00
Rho =  1.1061074286E-01
DelSqRho =  3.5003950361E-01
GradDelSqRho = -2.0816681712E-17  3.4694469520E-17  2.0816681712E-16
HessDelSqRho_EigVals = -4.3642943004E-01 -3.6564030259E-01  3.8285733169E+00
HessDelSqRho_EigVec1 =  7.4823385835E-01  4.8070131297E-01  4.5724429021E-01
HessDelSqRho_EigVec2 =  5.8011237881E-02 -7.3397285529E-01  6.7669678880E-01
HessDelSqRho_EigVec3 =  6.6089393211E-01 -4.7980214193E-01 -5.7706941966E-01
</CP of DelSqRho>
<CP of DelSqRho>
CP# = 3       
Type = (3,+1)
Coords =  2.97953146233466E+00 -2.77682344959355E+00 -1.93123150781828E+00
DistFromNuc =  1.1472247456E+00
Rho =  4.1738704016E-01
DelSqRho = -9.8062201389E-01
GradDelSqRho = -2.5257573810E-15 -1.7486012638E-15 -1.1796119637E-15
HessDelSqRho_EigVals = -3.2021430113E+01  1.5063402866E+01  1.5963243379E+01
HessDelSqRho_EigVec1 = -4.4000737408E-01  8.7397118939E-01 -2.0631982665E-01
HessDelSqRho_EigVec2 =  7.0060663454E-01  4.7782819590E-01  5.2993448542E-01
HessDelSqRho_EigVec3 = -5.6173290307E-01 -8.8626041973E-02  8.2255794343E-01
</CP of DelSqRho>
<CP of DelSqRho>
CP# = 4       
Type = (3,+1)
Coords =  2.95942370754247E+00 -1.42087257701303E+00 -3.15196745787557E+00
DistFromNuc =  1.1480401281E+00
Rho =  4.1656167220E-01
DelSqRho = -9.7496865727E-01
GradDelSqRho =  3.9690473130E-15  8.0491169285E-16 -3.6637359813E-15
HessDelSqRho_EigVals = -3.1822593292E+01  1.4966977880E+01  1.5859340778E+01
HessDelSqRho_EigVec1 = -4.2207305008E-01 -3.0446108306E-01  8.5390736576E-01
HessDelSqRho_EigVec2 =  7.0339667228E-01  4.8423798324E-01  5.2033325573E-01
HessDelSqRho_EigVec3 = -5.7191560726E-01  8.2025424381E-01  9.7731101116E-03
</CP of DelSqRho>
<CP of DelSqRho>
CP# = 5       
Type = (3,+1)
Coords =  2.63363454286453E+00 -1.73246050399173E+00 -2.12878677048740E+00
DistFromNuc =  1.6859944386E-01
Rho =  2.2496405259E+01
DelSqRho =  1.2312461702E+03
GradDelSqRho =  5.2523319027E-11  1.0523137917E-11  1.0949463558E-11
HessDelSqRho_EigVals = -4.0718022726E+05  1.9837776891E+03  3.4976856028E+03
HessDelSqRho_EigVec1 =  9.3130839027E-01  2.5254200704E-01  2.6246374395E-01
HessDelSqRho_EigVec2 = -3.6396810183E-01  6.1785401099E-01  6.9698180891E-01
HessDelSqRho_EigVec3 = -1.3852907955E-02  7.4463343719E-01 -6.6732985933E-01
</CP of DelSqRho>
<CP of DelSqRho>
CP# = 6       
Type = (3,+1)
Coords =  2.41541721733283E+00 -1.88014447722639E+00 -2.28864527031415E+00
DistFromNuc =  1.6847328274E-01
Rho =  2.2522515574E+01
DelSqRho =  1.2344449121E+03
GradDelSqRho = -5.4143356465E-12 -1.4903633883E-12 -8.8675733423E-12
HessDelSqRho_EigVals = -4.1011905321E+05  1.8115498065E+03  3.3698215839E+03
HessDelSqRho_EigVec1 =  3.6656623505E-01  6.2589664339E-01  6.8839130377E-01
HessDelSqRho_EigVec2 = -9.3027255283E-01  2.3471255299E-01  2.8196275450E-01
HessDelSqRho_EigVec3 =  1.4905461234E-02 -7.4374956085E-01  6.6829216512E-01
</CP of DelSqRho>
<CP of DelSqRho>
CP# = 7       
Type = (3,-1)
Coords =  2.35779412160927E+00 -1.69847674508305E+00 -2.08309342947175E+00
DistFromNuc =  1.6671178521E-01
Rho =  2.2806101966E+01
DelSqRho =  1.2972552983E+03
GradDelSqRho =  1.7685408693E-11 -5.6132876125E-12 -1.3677947663E-11
HessDelSqRho_EigVals = -4.5712481319E+05 -3.3187483360E+03  3.9139357918E+02
HessDelSqRho_EigVec1 =  7.1095731958E-01 -4.5578260524E-01 -5.3553889354E-01
HessDelSqRho_EigVec2 =  7.0294618883E-01  4.8242735087E-01  5.2261889245E-01
HessDelSqRho_EigVec3 = -2.0158009351E-02  7.4801475112E-01 -6.6337590156E-01
</CP of DelSqRho>
<CP of DelSqRho>
CP# = 8       
Type = (3,-1)
Coords =  2.58833856106010E+00 -1.85791374419019E+00 -2.26759423371829E+00
DistFromNuc =  1.6905213480E-01
Rho =  2.2290936719E+01
DelSqRho =  1.2442736301E+03
GradDelSqRho =  2.1174173526E-12 -2.8421709430E-12  1.3926637621E-12
HessDelSqRho_EigVals = -4.0076737022E+05 -1.3291752748E+03  1.9882562962E+03
HessDelSqRho_EigVec1 =  6.6230225490E-01 -4.9387497273E-01 -5.6342100996E-01
HessDelSqRho_EigVec2 =  7.4910795253E-01  4.5043873858E-01  4.8573883748E-01
HessDelSqRho_EigVec3 = -1.3892393899E-02  7.4376908654E-01 -6.6829226189E-01
</CP of DelSqRho>
<CP of DelSqRho>
CP# = 9       
Type = (3,-1)
Coords =  2.32680045494330E+00 -2.17268485941470E+00 -1.59488858565912E+00
DistFromNuc =  7.1724769130E-01
Rho =  6.7006370085E-01
DelSqRho = -9.9700233096E-01
GradDelSqRho =  1.5417667143E-12  2.2563062529E-12 -7.0921046813E-13
HessDelSqRho_EigVals = -1.5729789843E+01 -1.1848687088E+01  1.4306954613E+02
HessDelSqRho_EigVec1 =  6.5789332447E-01 -7.0294039435E-01 -2.7027980984E-01
HessDelSqRho_EigVec2 =  7.1600846682E-01  4.7255652361E-01  5.1383091327E-01
HessDelSqRho_EigVec3 = -2.3347001747E-01 -5.3156856000E-01  8.1420305634E-01
</CP of DelSqRho>
<CP of DelSqRho>
CP# = 10      
Type = (3,-3)
Coords =  2.38888376184602E+00 -1.79972377422243E+00 -2.03240973280369E+00
DistFromNuc =  1.6696036955E-01
Rho =  2.2716463027E+01
DelSqRho =  1.2985736439E+03
GradDelSqRho = -2.7370106181E-11 -1.4495071810E-12  2.3483437417E-11
HessDelSqRho_EigVals = -4.5164682586E+05 -3.6611078347E+03 -6.5285933274E+02
HessDelSqRho_EigVec1 = -5.2558444625E-01 -1.4795676797E-01  8.3777669141E-01
HessDelSqRho_EigVec2 =  7.0573556473E-01  4.7409007802E-01  5.2647498573E-01
HessDelSqRho_EigVec3 = -4.7507715430E-01  8.6795587027E-01 -1.4475601793E-01
</CP of DelSqRho>
<CP of DelSqRho>
CP# = 11      
Type = (3,-3)
Coords =  2.38627735590691E+00 -1.63416745539264E+00 -2.18178899906647E+00
DistFromNuc =  1.6696012016E-01
Rho =  2.2715851087E+01
DelSqRho =  1.2986970459E+03
GradDelSqRho = -1.0921041849E-11  1.6498802324E-11 -1.0409451079E-12
HessDelSqRho_EigVals = -4.5167364455E+05 -3.6698847937E+03 -6.7371066303E+02
HessDelSqRho_EigVec1 = -5.4112904264E-01  8.3926895529E-01 -5.2980938993E-02
HessDelSqRho_EigVec2 =  7.0555391013E-01  4.8738969872E-01  5.1443654757E-01
HessDelSqRho_EigVec3 = -4.5757298774E-01 -2.4099564782E-01  8.5589021412E-01
</CP of DelSqRho>
<CP of DelSqRho>
CP# = 12      
Type = (3,+3)
Coords =  2.70119619681189E+00 -1.37304062757335E+00 -1.72897926506514E+00
DistFromNuc =  6.3902976245E-01
Rho =  9.5721424368E-01
DelSqRho = -4.4196173282E+00
GradDelSqRho =  7.5495165675E-15  3.4638958368E-14  3.7303493627E-14
HessDelSqRho_EigVals =  1.0013228496E+01  2.3661098748E+01  3.3234678396E+02
HessDelSqRho_EigVec1 =  9.2889551325E-01 -2.3982235160E-01 -2.8220270221E-01
HessDelSqRho_EigVec2 =  1.1010235323E-02 -7.4378574360E-01  6.6832742150E-01
HessDelSqRho_EigVec3 =  3.7017820057E-01  6.2391346138E-01  6.8825873953E-01
</CP of DelSqRho>
<CP of DelSqRho>
CP# = 13      
Type = (3,+3)
Coords =  1.88538956508458E+00 -1.93792494314289E+00 -2.34111501642939E+00
DistFromNuc =  6.3587708196E-01
Rho =  9.6917431736E-01
DelSqRho = -4.5386884652E+00
GradDelSqRho = -5.5955240441E-14 -1.1102230246E-14 -1.1768364061E-14
HessDelSqRho_EigVals =  1.1214106367E+01  2.4476028505E+01  3.4773887134E+02
HessDelSqRho_EigVec1 = -3.8492596776E-01  6.1449051096E-01  6.8864607113E-01
HessDelSqRho_EigVec2 = -1.3707014952E-02  7.4224949768E-01 -6.6998343333E-01
HessDelSqRho_EigVec3 =  9.2284566266E-01  2.6733330345E-01  2.7728827559E-01
</CP of DelSqRho>
<CP of DelSqRho>
CP# = 14      
Type = (3,-1)
Coords =  2.30982341517473E+00 -1.16158134063004E+00 -2.50581416567049E+00
DistFromNuc =  7.1729254171E-01
Rho =  6.6926159927E-01
DelSqRho = -9.9700577027E-01
GradDelSqRho = -3.0531133177E-15 -5.3290705182E-15  6.4948046941E-15
HessDelSqRho_EigVals = -1.5679375345E+01 -1.1708831311E+01  1.4304333768E+02
HessDelSqRho_EigVec1 =  6.5239997886E-01 -1.8176139185E-01 -7.3575611721E-01
HessDelSqRho_EigVec2 =  7.1310619652E-01  4.7594518300E-01  5.1473851154E-01
HessDelSqRho_EigVec3 = -2.5661999155E-01  8.6048764036E-01 -4.4012180215E-01
</CP of DelSqRho>
<CP of DelSqRho>
CP# = 15      
Type = (3,+1)
Coords =  2.42379941921276E+00 -2.46687777643530E+00 -2.22952653680082E+00
DistFromNuc =  6.9673626327E-01
Rho =  7.6864412787E-01
DelSqRho = -2.4638061916E+00
GradDelSqRho =  3.9968028887E-15 -2.6867397196E-14 -1.2545520178E-14
HessDelSqRho_EigVals = -1.2687180451E+01  1.3294857967E+01  1.7798570112E+02
HessDelSqRho_EigVec1 =  8.6817864683E-01 -2.1159692689E-01  4.4887924625E-01
HessDelSqRho_EigVec2 = -4.6735987981E-01 -4.4497104335E-02  8.8294662944E-01
HessDelSqRho_EigVec3 =  1.6685496675E-01  9.7634356055E-01  1.3752335015E-01
</CP of DelSqRho>
<CP of DelSqRho>
CP# = 16      
Type = (3,+1)
Coords =  2.41225379220889E+00 -1.76155003625848E+00 -2.86593023643966E+00
DistFromNuc =  6.9659462425E-01
Rho =  7.6831590398E-01
DelSqRho = -2.4580130491E+00
GradDelSqRho = -1.1768364061E-14 -2.2204460493E-15 -2.3203661215E-14
HessDelSqRho_EigVals = -1.2704773185E+01  1.3241506069E+01  1.7808108724E+02
HessDelSqRho_EigVec1 =  8.5583671155E-01  4.8565165363E-01 -1.7800560244E-01
HessDelSqRho_EigVec2 = -4.8428117439E-01  8.7324001638E-01  5.4070490372E-02
HessDelSqRho_EigVec3 =  1.8170103825E-01  3.9929251524E-02  9.8254281717E-01
</CP of DelSqRho>
<CP of DelSqRho>
CP# = 17      
Type = (3,+1)
Coords =  2.99313114762591E+00 -2.07543527571048E+00 -1.81492453187229E+00
DistFromNuc =  6.9677676704E-01
Rho =  7.6741718471E-01
DelSqRho = -2.4380156993E+00
GradDelSqRho =  1.6542323067E-14 -1.1102230246E-14  8.1601392310E-15
HessDelSqRho_EigVals = -1.2599666736E+01  1.2853535497E+01  1.7717059696E+02
HessDelSqRho_EigVec1 =  1.8127657951E-01  9.3128103025E-01  3.1599753864E-01
HessDelSqRho_EigVec2 = -6.1129209675E-01 -1.4500003007E-01  7.7800833140E-01
HessDelSqRho_EigVec3 =  7.7036405301E-01 -3.3420148711E-01  5.4299962417E-01
</CP of DelSqRho>
<CP of DelSqRho>
CP# = 18      
Type = (3,-1)
Coords =  2.98443887308389E+00 -2.11665930880836E+00 -2.56073473401985E+00
DistFromNuc =  7.2533344020E-01
Rho =  6.6760497053E-01
DelSqRho = -1.0336186721E+00
GradDelSqRho =  3.1086244690E-14 -2.2926105459E-14 -2.8865798640E-14
HessDelSqRho_EigVals = -1.8494504183E+01 -5.3466323504E+00  1.3292222858E+02
HessDelSqRho_EigVec1 = -1.0222735823E-02  7.4381832358E-01 -6.6830367138E-01
HessDelSqRho_EigVec2 =  7.1435238852E-01  4.7310102898E-01  5.1563173040E-01
HessDelSqRho_EigVec3 =  6.9971148389E-01 -4.7213315694E-01 -5.3618478291E-01
</CP of DelSqRho>
<CP of DelSqRho>
CP# = 19      
Type = (3,+1)
Coords =  2.98300892050055E+00 -1.37949863250256E+00 -2.44116623404552E+00
DistFromNuc =  6.9642242791E-01
Rho =  7.6801130469E-01
DelSqRho = -2.4431480491E+00
GradDelSqRho =  2.5535129566E-15  1.1546319456E-14 -1.0658141036E-14
HessDelSqRho_EigVals = -1.2525752494E+01  1.2885397226E+01  1.7762195029E+02
HessDelSqRho_EigVec1 =  1.9241944751E-01  2.1813713817E-01  9.5676065198E-01
HessDelSqRho_EigVec2 = -6.2421987544E-01  7.7950399122E-01 -5.2183089029E-02
HessDelSqRho_EigVec3 =  7.5718181656E-01  5.8718797384E-01 -2.8615726453E-01
</CP of DelSqRho>
<CP of DelSqRho>
CP# = 20      
Type = (3,+1)
Coords =  2.01110039413003E+00 -1.46356507976310E+00 -1.81804957643215E+00
DistFromNuc =  6.6229234867E-01
Rho =  8.7280730517E-01
DelSqRho = -3.5738010399E+00
GradDelSqRho = -1.7763568394E-14  2.8865798640E-15 -1.0880185641E-14
HessDelSqRho_EigVals = -6.7450422670E+00  1.9640969218E+01  2.5907929288E+02
HessDelSqRho_EigVec1 =  7.0985137882E-01  4.7801055938E-01  5.1731704506E-01
HessDelSqRho_EigVec2 = -1.2882398580E-02  7.4314674907E-01 -6.6900444927E-01
HessDelSqRho_EigVec3 =  7.0423367130E-01 -4.6822944639E-01 -5.3368166704E-01
</CP of DelSqRho>
<CP of DelSqRho>
CP# = 21      
Type = (3,+3)
Coords =  2.78124275071193E+00 -1.54571250006482E+00 -2.79572635441112E+00
DistFromNuc =  7.3065612848E-01
Rho =  7.3553363510E-01
DelSqRho = -2.8983524767E+00
GradDelSqRho =  6.2172489379E-15  4.6629367034E-15 -2.3092638912E-14
HessDelSqRho_EigVals =  1.0717905766E+01  2.2016085420E+01  1.3145974846E+02
HessDelSqRho_EigVec1 =  7.1074331273E-01  4.7301795125E-01  5.2067068403E-01
HessDelSqRho_EigVec2 = -5.6821530161E-01  8.2238536557E-01  2.8525103303E-02
HessDelSqRho_EigVec3 = -4.1469906490E-01 -3.1612707618E-01  8.5328093690E-01
</CP of DelSqRho>
<CP of DelSqRho>
CP# = 22      
Type = (3,+3)
Coords =  2.79344919100148E+00 -2.41404133179894E+00 -2.01555778065095E+00
DistFromNuc =  7.3091698445E-01
Rho =  7.3540064304E-01
DelSqRho = -2.8971869301E+00
GradDelSqRho = -1.1546319456E-14 -4.8849813084E-15  9.9920072216E-16
HessDelSqRho_EigVals =  1.0725092801E+01  2.2023020002E+01  1.3125300699E+02
HessDelSqRho_EigVec1 =  7.1254061446E-01  4.7732311544E-01  5.1424557967E-01
HessDelSqRho_EigVec2 = -5.5420668874E-01 -6.6581533676E-02  8.2971190514E-01
HessDelSqRho_EigVec3 = -4.3027993086E-01  8.7620177062E-01 -2.1709361635E-01
</CP of DelSqRho>
<CP of DelSqRho>
CP# = 23      
Type = (3,-3)
Coords =  2.19101061946331E+00 -2.38909685881276E+00 -1.25458048226850E+00
DistFromNuc =  1.1408537244E+00
Rho =  2.4713028408E-01
DelSqRho =  8.3967051789E-01
GradDelSqRho =  6.1445432076E-12  7.3711592385E-12 -1.0008771589E-11
HessDelSqRho_EigVals = -1.7590976721E+01 -1.8229024178E+00 -5.2316081254E-01
HessDelSqRho_EigVec1 = -2.7323217685E-01 -5.1107324194E-01  8.1495295503E-01
HessDelSqRho_EigVec2 =  6.6242631188E-01 -7.1427381309E-01 -2.2584131876E-01
HessDelSqRho_EigVec3 =  6.9752100962E-01  4.7813916521E-01  5.3371095157E-01
</CP of DelSqRho>
<CP of DelSqRho>
CP# = 24      
Type = (3,-3)
Coords =  3.52867413346411E+00 -2.09962339541132E+00 -2.55088128433025E+00
DistFromNuc =  1.1646819579E+00
Rho =  2.5051216676E-01
DelSqRho =  8.4812610609E-01
GradDelSqRho = -3.7470027081E-15  1.2698175844E-15  6.4184768611E-16
HessDelSqRho_EigVals = -1.7158844737E+01 -3.2329003268E+00 -1.4794945252E-01
HessDelSqRho_EigVec1 =  9.0405034633E-01 -2.7844962558E-01 -3.2428194110E-01
HessDelSqRho_EigVec2 =  1.0794449603E-02 -7.4356996281E-01  6.6857100615E-01
HessDelSqRho_EigVec3 =  4.2728965721E-01  6.0792229473E-01  6.6921897194E-01
</CP of DelSqRho>
<CP of DelSqRho>
CP# = 25      
Type = (3,+1)
Coords =  1.89286912673755E+00 -1.05356526661126E+00 -1.36353912319517E+00
DistFromNuc =  1.2305894419E+00
Rho =  2.4214530440E-01
DelSqRho =  5.0235945191E-01
GradDelSqRho =  2.5439546303E-13 -1.9526047446E-13 -2.1770085734E-13
HessDelSqRho_EigVals = -1.1916420268E+01  1.2197490364E-01  5.3688236403E-01
HessDelSqRho_EigVec1 = -4.6832634614E-01  5.8966063023E-01  6.5800514790E-01
HessDelSqRho_EigVec2 = -8.8353935920E-01 -3.1705265416E-01 -3.4472571015E-01
HessDelSqRho_EigVec3 = -5.3510990856E-03  7.4281757898E-01 -6.6947248644E-01
</CP of DelSqRho>
<CP of DelSqRho>
CP# = 26      
Type = (3,-3)
Coords =  2.95861055550077E+00 -2.47920142186787E+00 -2.96332217636551E+00
DistFromNuc =  1.1639700510E+00
Rho =  2.5030648221E-01
DelSqRho =  8.5026339166E-01
GradDelSqRho =  4.6490589156E-16  2.4980018054E-16 -2.7478019859E-15
HessDelSqRho_EigVals = -1.7215882627E+01 -3.1349901797E+00 -1.7693689768E-01
HessDelSqRho_EigVec1 = -4.1292490245E-01  6.0569891570E-01  6.8016310430E-01
HessDelSqRho_EigVec2 =  1.1437887807E-02 -7.4329647367E-01  6.6886435617E-01
HessDelSqRho_EigVec3 =  9.1069325223E-01  2.8397037830E-01  2.9999770763E-01
</CP of DelSqRho>
<CP of DelSqRho>
CP# = 27      
Type = (3,-1)
Coords =  3.25935474798420E+00 -1.90821711471110E+00 -1.28490794210331E+00
DistFromNuc =  1.1911059339E+00
Rho =  2.4452905492E-01
DelSqRho =  7.0815146565E-01
GradDelSqRho =  7.1470607210E-16 -1.1900203045E-15  5.6205040622E-16
HessDelSqRho_EigVals = -1.6883943831E+01 -1.2595363298E+00  3.1169362000E-01
HessDelSqRho_EigVec1 =  6.4849214237E-01 -9.6566191827E-02  7.5507146144E-01
HessDelSqRho_EigVec2 =  1.5787808514E-01 -9.5329071056E-01 -2.5750986658E-01
HessDelSqRho_EigVec3 =  7.4466935718E-01  2.8620236154E-01 -6.0295584974E-01
</CP of DelSqRho>
<CP of DelSqRho>
CP# = 28      
Type = (3,-1)
Coords =  3.24710232605777E+00 -8.68280684418298E-01 -2.22171214654595E+00
DistFromNuc =  1.1907023946E+00
Rho =  2.4438109524E-01
DelSqRho =  7.1137929285E-01
GradDelSqRho =  1.0130785100E-15  1.8318679906E-15 -5.9414279052E-16
HessDelSqRho_EigVals = -1.6952914299E+01 -1.2582510264E+00  2.9758087114E-01
HessDelSqRho_EigVec1 =  6.3838323280E-01  7.6934162095E-01 -2.4089797678E-02
HessDelSqRho_EigVec2 = -1.4417056130E-01  1.5025547337E-01  9.7807880152E-01
HessDelSqRho_EigVec3 =  7.5609635453E-01 -6.2091606760E-01  2.0683698816E-01
</CP of DelSqRho>
<CP of DelSqRho>
CP# = 29      
Type = (3,-3)
Coords =  2.16629605722175E+00 -8.02704922699757E-01 -2.68319910397871E+00
DistFromNuc =  1.1407625605E+00
Rho =  2.4660047564E-01
DelSqRho =  8.3761582551E-01
GradDelSqRho =  1.1241008124E-15  1.4155343564E-15 -1.2906342661E-15
HessDelSqRho_EigVals = -1.7582243870E+01 -1.8063387221E+00 -4.9842423630E-01
HessDelSqRho_EigVec1 = -2.9522717440E-01  8.5889225483E-01 -4.1850329758E-01
HessDelSqRho_EigVec2 = -6.5258560377E-01  1.3865612289E-01  7.4492047182E-01
HessDelSqRho_EigVec3 =  6.9783446837E-01  4.9302999318E-01  5.1956566532E-01
</CP of DelSqRho>
<CP of DelSqRho>
CP# = 30      
Type = (3,-1)
Coords =  1.90456013133426E+00 -1.79963915844264E+00 -3.21611560919199E+00
DistFromNuc =  1.1903094332E+00
Rho =  2.4422844358E-01
DelSqRho =  7.1818841069E-01
GradDelSqRho =  2.0231039066E-13 -2.8872737534E-14  3.0409702534E-13
HessDelSqRho_EigVals = -1.7148457113E+01 -1.2241196194E+00  2.9179963017E-01
HessDelSqRho_EigVec1 =  4.9846952471E-01  2.0080750790E-02  8.6667461967E-01
HessDelSqRho_EigVec2 =  8.1783622315E-01  3.2068860848E-01 -4.7781034783E-01
HessDelSqRho_EigVec3 = -2.8752746831E-01  9.4697179464E-01  1.4343073286E-01
</CP of DelSqRho>
<CP of DelSqRho>
CP# = 31      
Type = (3,-1)
Coords =  1.91997690093022E+00 -2.82020580777894E+00 -2.29431571014714E+00
DistFromNuc =  1.1907558680E+00
Rho =  2.4448468655E-01
DelSqRho =  7.1576055553E-01
GradDelSqRho = -5.2041704279E-16 -2.5257573810E-15 -6.2450045135E-16
HessDelSqRho_EigVals = -1.7108548895E+01 -1.2278248426E+00  3.0172206434E-01
HessDelSqRho_EigVec1 =  4.8527985340E-01  8.6858851467E-01  1.0028686885E-01
HessDelSqRho_EigVec2 =  8.3189534793E-01 -4.9397472521E-01  2.5286182185E-01
HessDelSqRho_EigVec3 = -2.6917205274E-01  3.9280568185E-02  9.6229072685E-01
</CP of DelSqRho>
<CP of DelSqRho>
CP# = 32      
Type = (3,-1)
Coords =  3.32286806280915E+00 -2.30298102187293E+00 -2.77363621561440E+00
DistFromNuc =  1.1651168682E+00
Rho =  2.5290623021E-01
DelSqRho =  8.4519317696E-01
GradDelSqRho = -1.2601031329E-14  1.0137723994E-14  1.0241807402E-14
HessDelSqRho_EigVals = -1.6486838049E+01 -4.2755224685E+00  9.9927571322E-02
HessDelSqRho_EigVec1 =  7.2620575685E-01 -4.5367021804E-01 -5.1653512173E-01
HessDelSqRho_EigVec2 =  1.1181191747E-02 -7.4345492031E-01  6.6869257691E-01
HessDelSqRho_EigVec3 =  6.8738648494E-01  4.9138387715E-01  5.3482866939E-01
</CP of DelSqRho>
<CP of DelSqRho>
CP# = 33      
Type = (3,+1)
Coords =  2.71946342507446E+00 -3.75002835148447E+00 -2.35330803814474E+00
DistFromNuc =  1.9986688143E+00
Rho =  7.5216131964E-02
DelSqRho =  1.8358219843E-01
GradDelSqRho = -1.1331473954E-13  2.0895681019E-12  7.1810526275E-13
HessDelSqRho_EigVals = -1.7142918740E+00  2.5479091059E-02  5.6493249930E-01
HessDelSqRho_EigVec1 =  2.3708464087E-01  8.9029518941E-01  3.8879988270E-01
HessDelSqRho_EigVec2 = -6.6863814539E-01 -1.4079932026E-01  7.3013600236E-01
HessDelSqRho_EigVec3 =  7.0477932971E-01 -4.3307046440E-01  5.6190396802E-01
</CP of DelSqRho>
<CP of DelSqRho>
CP# = 34      
Type = (3,+1)
Coords =  3.90433593502460E+00 -2.92117994514536E+00 -1.35682901795835E+00
DistFromNuc =  2.0048497845E+00
Rho =  7.4595951053E-02
DelSqRho =  1.7952849495E-01
GradDelSqRho = -4.0158848469E-16 -1.4723465502E-16 -2.5999168096E-16
HessDelSqRho_EigVals = -1.6318094219E+00  2.9380518723E-02  5.7291059227E-01
HessDelSqRho_EigVec1 =  8.4110242180E-01 -1.5128022424E-01  5.1928894635E-01
HessDelSqRho_EigVec2 = -5.3227645429E-01 -6.0990235200E-02  8.4437075235E-01
HessDelSqRho_EigVec3 =  9.6065041781E-02  9.8660756381E-01  1.3182193589E-01
</CP of DelSqRho>
<CP of DelSqRho>
CP# = 35      
Type = (3,+1)
Coords =  3.90830975784298E+00 -8.76766429682399E-01 -3.25776399513701E+00
DistFromNuc =  2.0086237066E+00
Rho =  7.4530681397E-02
DelSqRho =  1.7923899771E-01
GradDelSqRho =  3.2179120479E-16  7.8929918157E-17  1.6740081543E-16
HessDelSqRho_EigVals = -1.6553366504E+00  2.6906029029E-02  5.6187959042E-01
HessDelSqRho_EigVec1 =  8.6282287196E-01  4.9335213053E-01 -1.1018333319E-01
HessDelSqRho_EigVec2 = -4.8622530639E-01  8.6958340413E-01  8.6079351126E-02
HessDelSqRho_EigVec3 =  1.3828102922E-01 -2.0697308017E-02  9.9017674099E-01
</CP of DelSqRho>
<Path of -GradDelSqRho>
Starting CP# =      3
Ending CP# =     22
Number of Points =     17
  2.9795314623E+00 -2.7768234496E+00 -1.9312315078E+00  4.1738704016E-01 -9.8062201389E-01
  2.9685331667E+00 -2.7549745669E+00 -1.9363952086E+00  4.2872866819E-01 -9.9066699634E-01
  2.9575387695E+00 -2.7331264760E+00 -1.9415705484E+00  4.4112543848E-01 -1.0209842227E+00
  2.9465481123E+00 -2.7112791422E+00 -1.9467570163E+00  4.5458860681E-01 -1.0718727264E+00
  2.9355608302E+00 -2.6894325543E+00 -1.9519537673E+00  4.6912282490E-01 -1.1435762780E+00
  2.9245763369E+00 -2.6675867339E+00 -1.9571596325E+00  4.8472544942E-01 -1.2361446821E+00
  2.9135938075E+00 -2.6457417447E+00 -1.9623731236E+00  5.0138590363E-01 -1.3492660394E+00
  2.9026121499E+00 -2.6238977040E+00 -1.9675924226E+00  5.1908519974E-01 -1.4820753065E+00
  2.8916299564E+00 -2.6020547987E+00 -1.9728153443E+00  5.3779574903E-01 -1.6329465831E+00
  2.8806454208E+00 -2.5802133078E+00 -1.9780392559E+00  5.5748160371E-01 -1.7992785777E+00
  2.8696561963E+00 -2.5583736402E+00 -1.9832609278E+00  5.7809928640E-01 -1.9772839130E+00
  2.8586591398E+00 -2.5365364002E+00 -1.9884762595E+00  5.9959937157E-01 -2.1617921920E+00
  2.8476498210E+00 -2.5147025155E+00 -1.9936797525E+00  6.2192898592E-01 -2.3460719645E+00
  2.8366214654E+00 -2.4928735155E+00 -1.9988633831E+00  6.4503539312E-01 -2.5216640012E+00
  2.8255622615E+00 -2.4710522544E+00 -2.0040137500E+00  6.6887081511E-01 -2.6781905348E+00
  2.8144463937E+00 -2.4492453816E+00 -2.0091026204E+00  6.9339852847E-01 -2.8030506975E+00
  2.7934491910E+00 -2.4140413318E+00 -2.0155577807E+00  7.3540064304E-01 -2.8971869301E+00
</Path of -GradDelSqRho>
<Path of -GradDelSqRho>
Starting CP# =      3
Ending CP# =      0
Number of Points =     30
  2.9795314623E+00 -2.7768234496E+00 -1.9312315078E+00  4.1738704016E-01 -9.8062201389E-01
  2.9905334978E+00 -2.7986731437E+00 -1.9260792199E+00  4.0708334995E-01 -9.9060092333E-01
  3.0015392051E+00 -2.8205237344E+00 -1.9209385895E+00  3.9779500473E-01 -1.0204760466E+00
  3.0125482426E+00 -2.8423752770E+00 -1.9158091481E+00  3.8949443430E-01 -1.0702700214E+00
  3.0235601623E+00 -2.8642278170E+00 -1.9106901532E+00  3.8214934742E-01 -1.1401369986E+00
  3.0345744559E+00 -2.8860813817E+00 -1.9055806482E+00  3.7572284064E-01 -1.2302806411E+00
  3.0455906092E+00 -2.9079359709E+00 -1.9004795411E+00  3.7017341612E-01 -1.3407852643E+00
  3.0566081646E+00 -2.9297915473E+00 -1.8953856970E+00  3.6545502395E-01 -1.4713291471E+00
  3.0676267916E+00 -2.9516480247E+00 -1.8902980404E+00  3.6151733313E-01 -1.6207530697E+00
  3.0786463687E+00 -2.9735052525E+00 -1.8852156677E+00  3.5830655401E-01 -1.7864904989E+00
  3.0896670852E+00 -2.9953629932E+00 -1.8801379735E+00  3.5576727289E-01 -1.9639534951E+00
  3.1006895777E+00 -3.0172208886E+00 -1.8750648026E+00  3.5384587004E-01 -2.1461318910E+00
  3.1117151090E+00 -3.0390784145E+00 -1.8699966451E+00  3.5249608435E-01 -2.3238967376E+00
  3.1227456868E+00 -3.0609348602E+00 -1.8649348149E+00  3.5168701575E-01 -2.4877343176E+00
  3.1337833825E+00 -3.0827895814E+00 -1.8598810612E+00  3.5141315804E-01 -2.6317173071E+00
  3.1448261196E+00 -3.1046433707E+00 -1.8548342951E+00  3.5170483275E-01 -2.7602188327E+00
  3.1558597000E+00 -3.1265008261E+00 -1.8497833849E+00  3.5263576182E-01 -2.8970000832E+00
  3.1668671849E+00 -3.1483669775E+00 -1.8447132193E+00  3.5432288144E-01 -3.0948631579E+00
  3.1778495868E+00 -3.1702410155E+00 -1.8396227134E+00  3.5691249018E-01 -3.4424019276E+00
  3.1888165378E+00 -3.1921197090E+00 -1.8345189171E+00  3.6054754787E-01 -4.0631361912E+00
  3.1997749074E+00 -3.2140008849E+00 -1.8294073354E+00  3.6531416498E-01 -5.1021490462E+00
  3.2107282981E+00 -3.2358834383E+00 -1.8242909807E+00  3.7117107573E-01 -6.6967735961E+00
  3.2216785370E+00 -3.2577668200E+00 -1.8191714227E+00  3.7787385943E-01 -8.9314189728E+00
  3.2326265807E+00 -3.2796507454E+00 -1.8140494947E+00  3.8491425543E-01 -1.1782983735E+01
  3.2435729459E+00 -3.3015350600E+00 -1.8089256421E+00  3.9150099562E-01 -1.5072406559E+01
  3.2545179081E+00 -3.3234196759E+00 -1.8038000801E+00  3.9660754980E-01 -1.8446556525E+01
  3.2654615853E+00 -3.3453045419E+00 -1.7986728420E+00  3.9909943699E-01 -2.1415259808E+01
  3.2764039323E+00 -3.3671896259E+00 -1.7935436958E+00  3.9792848317E-01 -2.3452718666E+01
  3.2873438130E+00 -3.3890748850E+00 -1.7884100413E+00  3.9235070996E-01 -2.4141570389E+01
  3.2867972623E+00 -3.3879806267E+00 -1.7886676862E+00  3.9274055202E-01 -2.4143072609E+01
</Path of -GradDelSqRho>
<Path of -GradDelSqRho>
Starting CP# =      4
Ending CP# =     21
Number of Points =     17
  2.9594237075E+00 -1.4208725770E+00 -3.1519674579E+00  4.1656167220E-01 -9.7496865727E-01
  2.9488738898E+00 -1.4284890682E+00 -3.1306205518E+00  4.2788478148E-01 -9.8495341579E-01
  2.9383282535E+00 -1.4361157182E+00 -3.1092752068E+00  4.4026242506E-01 -1.0150989567E+00
  2.9277866929E+00 -1.4437521081E+00 -3.0879313309E+00  4.5370614045E-01 -1.0657209363E+00
  2.9172488952E+00 -1.4513974930E+00 -3.0665888169E+00  4.6822092083E-01 -1.1370842714E+00
  2.9067143288E+00 -1.4590508050E+00 -3.0452475489E+00  4.8380451580E-01 -1.2292649156E+00
  2.8961822302E+00 -1.4667106516E+00 -3.0239074072E+00  5.0044678212E-01 -1.3419825918E+00
  2.8856515811E+00 -1.4743752987E+00 -3.0025682739E+00  5.1812919202E-01 -1.4744097206E+00
  2.8751210700E+00 -1.4820426276E+00 -2.9812300358E+00  5.3682462578E-01 -1.6249639015E+00
  2.8645890252E+00 -1.4897100474E+00 -2.9598925874E+00  5.5649759197E-01 -1.7910933467E+00
  2.8540532985E+00 -1.4973743368E+00 -2.9385558321E+00  5.7710503116E-01 -1.9690659322E+00
  2.8435110577E+00 -1.5050313550E+00 -2.9172196839E+00  5.9859786707E-01 -2.1537718822E+00
  2.8329583923E+00 -1.5126754874E+00 -2.8958840692E+00  6.2092347219E-01 -2.3385455049E+00
  2.8223894722E+00 -1.5202984632E+00 -2.8745489321E+00  6.4402921349E-01 -2.5149990098E+00
  2.8117944364E+00 -1.5278863797E+00 -2.8532142543E+00  6.6786723243E-01 -2.6728343189E+00
  2.8011524914E+00 -1.5354099538E+00 -2.8318801545E+00  6.9240051579E-01 -2.7995454060E+00
  2.7812427507E+00 -1.5457125001E+00 -2.7957263544E+00  7.3553363510E-01 -2.8983524767E+00
</Path of -GradDelSqRho>
<Path of -GradDelSqRho>
Starting CP# =      4
Ending CP# =      0
Number of Points =     30
  2.9594237075E+00 -1.4208725770E+00 -3.1519674579E+00  4.1656167220E-01 -9.7496865727E-01
  2.9699774878E+00 -1.4132659953E+00 -3.1733159386E+00  4.0627567690E-01 -9.8488384525E-01
  2.9805351174E+00 -1.4056694602E+00 -3.1946660932E+00  3.9700405676E-01 -1.0145628031E+00
  2.9910962003E+00 -1.3980824740E+00 -3.2160179353E+00  3.8871916817E-01 -1.0640239186E+00
  3.0016602361E+00 -1.3905042968E+00 -3.2373714448E+00  3.8138871964E-01 -1.1334222973E+00
  3.0122266689E+00 -1.3829340094E+00 -3.2587265670E+00  3.7497587887E-01 -1.2229697854E+00
  3.0227949450E+00 -1.3753705943E+00 -3.2800832120E+00  3.6943928472E-01 -1.3327696142E+00
  3.0333645798E+00 -1.3678130302E+00 -3.3014412560E+00  3.6473307713E-01 -1.4625348981E+00
  3.0439352334E+00 -1.3602603970E+00 -3.3228005400E+00  3.6080714483E-01 -1.6111634720E+00
  3.0545067994E+00 -1.3527119944E+00 -3.3441608679E+00  3.5760790817E-01 -1.7761732091E+00
  3.0650795165E+00 -1.3451674784E+00 -3.3655219992E+00  3.5508009147E-01 -1.9530867561E+00
  3.0756541190E+00 -1.3376270337E+00 -3.3868836347E+00  3.5317005250E-01 -2.1350145827E+00
  3.0862320384E+00 -1.3300915984E+00 -3.4082453957E+00  3.5183123568E-01 -2.3129162601E+00
  3.0968155485E+00 -1.3225630608E+00 -3.4296068195E+00  3.5103205797E-01 -2.4772571862E+00
  3.1074070740E+00 -1.3150437309E+00 -3.4509675136E+00  3.5076585836E-01 -2.6218685806E+00
  3.1180046690E+00 -1.3075322200E+00 -3.4723279485E+00  3.5106134267E-01 -2.7505382023E+00
  3.1285928585E+00 -1.3000143563E+00 -3.4936908112E+00  3.5199033942E-01 -2.8860106757E+00
  3.1391519417E+00 -1.2924707394E+00 -3.5150589987E+00  3.5366804738E-01 -3.0796585248E+00
  3.1496822027E+00 -1.2849002188E+00 -3.5364318959E+00  3.5623987903E-01 -3.4184263019E+00
  3.1601945230E+00 -1.2773123824E+00 -3.5578074855E+00  3.5984963599E-01 -4.0243730809E+00
  3.1706968827E+00 -1.2697146324E+00 -3.5791844503E+00  3.6458689866E-01 -5.0419191994E+00
  3.1811934927E+00 -1.2621109714E+00 -3.6005621377E+00  3.7041713633E-01 -6.6092544181E+00
  3.1916864906E+00 -1.2545034641E+00 -3.6219402299E+00  3.7710593050E-01 -8.8138059449E+00
  3.2021769967E+00 -1.2468932026E+00 -3.6433185647E+00  3.8415729988E-01 -1.1637891339E+01
  3.2126656192E+00 -1.2392807778E+00 -3.6646970535E+00  3.9079236437E-01 -1.4909689718E+01
  3.2231526890E+00 -1.2316664969E+00 -3.6860756432E+00  3.9599394007E-01 -1.8283436114E+01
  3.2336383637E+00 -1.2240504685E+00 -3.7074542946E+00  3.9863046090E-01 -2.1273831519E+01
  3.2441226421E+00 -1.2164325642E+00 -3.7288329625E+00  3.9764782346E-01 -2.3354869256E+01
  3.2546049636E+00 -1.2088115537E+00 -3.7502114827E+00  3.9228708510E-01 -2.4102751413E+01
  3.2540804623E+00 -1.2091917783E+00 -3.7491424516E+00  3.9266570591E-01 -2.4101097334E+01
</Path of -GradDelSqRho>
<Path of -GradDelSqRho>
Starting CP# =      5
Ending CP# =     12
Number of Points =     40
  2.6336345429E+00 -1.7324605040E+00 -2.1287867705E+00  2.2496405259E+01  1.2312461702E+03
  2.6569060437E+00 -1.7261278887E+00 -2.1222038409E+00  1.5595937898E+01  1.1497998600E+03
  2.6801666494E+00 -1.7197767900E+00 -2.1156002236E+00  1.0916350817E+01  9.8037039749E+02
  2.7034245688E+00 -1.7134211480E+00 -2.1089915178E+00  7.7525016541E+00  7.7250129555E+02
  2.7266759534E+00 -1.7070544707E+00 -2.1023704549E+00  5.6214303424E+00  5.7215426443E+02
  2.7499142692E+00 -1.7006657927E+00 -2.0957247567E+00  4.1868110468E+00  4.0818357165E+02
  2.7731323478E+00 -1.6942432283E+00 -2.0890411089E+00  3.2184366576E+00  2.8571486231E+02
  2.7963228915E+00 -1.6877749065E+00 -2.0823062061E+00  2.5617234441E+00  1.9759396744E+02
  2.8194790091E+00 -1.6812499270E+00 -2.0755078218E+00  2.1134961157E+00  1.3463428352E+02
  2.8425938715E+00 -1.6746578385E+00 -2.0686342241E+00  1.8045438704E+00  8.9655814694E+01
  2.8656590331E+00 -1.6679860091E+00 -2.0616712277E+00  1.5881168990E+00  5.7778159568E+01
  2.8886619197E+00 -1.6612159088E+00 -2.0545980211E+00  1.4326102334E+00  3.5630352319E+01
  2.9115826918E+00 -1.6543188993E+00 -2.0473824320E+00  1.3168279144E+00  2.0685973210E+01
  2.9343896141E+00 -1.6472506626E+00 -2.0399746475E+00  1.2267706331E+00  1.0943884881E+01
  2.9570307735E+00 -1.6399421989E+00 -2.0322970496E+00  1.1533708930E+00  4.8224320026E+00
  2.9794173573E+00 -1.6322835954E+00 -2.0242258453E+00  1.0908842358E+00  1.1200998670E+00
  3.0013855469E+00 -1.6240919743E+00 -2.0155546787E+00  1.0357818443E+00 -1.0284773194E+00
  3.0225933930E+00 -1.6150398038E+00 -2.0059128563E+00  9.8607545751E-01 -2.2139758900E+00
  3.0421621968E+00 -1.6044704151E+00 -1.9945529410E+00  9.4121795247E-01 -2.8216459344E+00
  3.0570297627E+00 -1.5910192322E+00 -1.9798956261E+00  9.0402867112E-01 -3.1005329122E+00
  3.0587498281E+00 -1.5746442573E+00 -1.9617175483E+00  8.8669299536E-01 -3.2347981518E+00
  3.0487752380E+00 -1.5594820223E+00 -1.9446368763E+00  8.8836967005E-01 -3.3416750312E+00
  3.0352783764E+00 -1.5455705239E+00 -1.9288590659E+00  8.9524968315E-01 -3.4448412636E+00
  3.0205613441E+00 -1.5322332660E+00 -1.9136791124E+00  9.0291042211E-01 -3.5452538656E+00
  3.0050907149E+00 -1.5192924434E+00 -1.8989097909E+00  9.1038842623E-01 -3.6424167388E+00
  2.9889708089E+00 -1.5067190243E+00 -1.8845222407E+00  9.1745878992E-01 -3.7357614149E+00
  2.9722352541E+00 -1.4945169724E+00 -1.8705230967E+00  9.2405037562E-01 -3.8247353572E+00
  2.9549047118E+00 -1.4826966746E+00 -1.8569261142E+00  9.3012471514E-01 -3.9088177882E+00
  2.9369976742E+00 -1.4712695620E+00 -1.8437464293E+00  9.3565288128E-01 -3.9875286808E+00
  2.9185323634E+00 -1.4602471322E+00 -1.8309995422E+00  9.4061167190E-01 -4.0604362103E+00
  2.8995271100E+00 -1.4496407734E+00 -1.8187011691E+00  9.4498316749E-01 -4.1271632225E+00
  2.8800004971E+00 -1.4394617083E+00 -1.8068672303E+00  9.4875475176E-01 -4.1873926750E+00
  2.8599714691E+00 -1.4297209468E+00 -1.7955138522E+00  9.5191913311E-01 -4.2408719499E+00
  2.8394594266E+00 -1.4204292333E+00 -1.7846573705E+00  9.5447430837E-01 -4.2874159590E+00
  2.8184843124E+00 -1.4115969921E+00 -1.7743143306E+00  9.5642346635E-01 -4.3269089968E+00
  2.7970666879E+00 -1.4032342739E+00 -1.7645014836E+00  9.5777483490E-01 -4.3593053393E+00
  2.7752278029E+00 -1.3953507146E+00 -1.7552357691E+00  9.5854147569E-01 -4.3846286151E+00
  2.7529896583E+00 -1.3879555305E+00 -1.7465342636E+00  9.5874103092E-01 -4.4029700145E+00
  2.7303750667E+00 -1.3810576164E+00 -1.7384140334E+00  9.5839542624E-01 -4.4144854273E+00
  2.7011961968E+00 -1.3730406276E+00 -1.7289792651E+00  9.5721424368E-01 -4.4196173282E+00
</Path of -GradDelSqRho>
<Path of -GradDelSqRho>
Starting CP# =      5
Ending CP# =      1
Number of Points =      7
  2.6336345429E+00 -1.7324605040E+00 -2.1287867705E+00  2.2496405259E+01  1.2312461702E+03
  2.6103383500E+00 -1.7387509985E+00 -2.1353225642E+00  3.2705574451E+01  9.8231180489E+02
  2.5870211110E+00 -1.7450053404E+00 -2.1418179045E+00  4.7915225883E+01 -7.8088063562E+02
  2.5636946040E+00 -1.7512436800E+00 -2.1482953398E+00  7.0505909823E+01 -6.3454185079E+03
  2.5403614805E+00 -1.7574705603E+00 -2.1547599537E+00  1.0402902242E+02 -2.0475653936E+04
  2.5170173442E+00 -1.7636783159E+00 -2.1612031701E+00  1.5432242468E+02 -7.4780438034E+04
  2.4762877915E+00 -1.7744737374E+00 -2.1724055707E+00  2.9731665764E+02 -3.3295762023E+06
</Path of -GradDelSqRho>
<Path of -GradDelSqRho>
Starting CP# =      6
Ending CP# =      1
Number of Points =      7
  2.4154172173E+00 -1.8801444772E+00 -2.2886452703E+00  2.2522515574E+01  1.2344449121E+03
  2.4245451514E+00 -1.8644878558E+00 -2.2714246285E+00  3.2749221354E+01  9.8357060199E+02
  2.4336164341E+00 -1.8488169064E+00 -2.2541870814E+00  4.7987308722E+01 -7.9077658745E+02
  2.4426626837E+00 -1.8331396602E+00 -2.2369421024E+00  7.0621601568E+01 -6.3774605954E+03
  2.4516908388E+00 -1.8174578774E+00 -2.2196917685E+00  1.0421430640E+02 -2.0594679136E+04
  2.4606889301E+00 -1.8017685779E+00 -2.2024325624E+00  1.5461115633E+02 -7.5184590380E+04
  2.4762877915E+00 -1.7744737374E+00 -2.1724055707E+00  2.9731665764E+02 -3.3295762023E+06
</Path of -GradDelSqRho>
<Path of -GradDelSqRho>
Starting CP# =      6
Ending CP# =     13
Number of Points =     39
  2.4154172173E+00 -1.8801444772E+00 -2.2886452703E+00  2.2522515574E+01  1.2344449121E+03
  2.4062229082E+00 -1.8957841874E+00 -2.3058459634E+00  1.5611542651E+01  1.1525738874E+03
  2.3969991049E+00 -1.9114163425E+00 -2.3230377397E+00  1.0925696842E+01  9.8265133597E+02
  2.3877680230E+00 -1.9270466328E+00 -2.3402273046E+00  7.7582367392E+00  7.7432370205E+02
  2.3785195840E+00 -1.9426724629E+00 -2.3574115924E+00  5.6252526217E+00  5.7350638342E+02
  2.3692365483E+00 -1.9582893698E+00 -2.3745853306E+00  4.1897860202E+00  4.0911064781E+02
  2.3599002055E+00 -1.9738924520E+00 -2.3917427239E+00  3.2211966922E+00  2.8630615291E+02
  2.3504918573E+00 -1.9894767164E+00 -2.4088778647E+00  2.5646148135E+00  1.9794010891E+02
  2.3409943194E+00 -2.0050374424E+00 -2.4259851632E+00  2.1166837719E+00  1.3480747673E+02
  2.3313910974E+00 -2.0205699437E+00 -2.4430590688E+00  1.8080812122E+00  8.9709134955E+01
  2.3216622400E+00 -2.0360684147E+00 -2.4600927079E+00  1.5919909207E+00  5.7750717746E+01
  2.3117784649E+00 -2.0515241973E+00 -2.4770758404E+00  1.4367711506E+00  3.5551586439E+01
  2.3016944816E+00 -2.0669236005E+00 -2.4939922944E+00  1.3212091725E+00  2.0577953142E+01
  2.2913401146E+00 -2.0822446523E+00 -2.5108161586E+00  1.2313027012E+00  1.0822521516E+01
  2.2806058913E+00 -2.0974512357E+00 -2.5275049390E+00  1.1579910799E+00  4.6984441319E+00
  2.2693169049E+00 -2.1124811177E+00 -2.5439856565E+00  1.0955448268E+00  1.0000466921E+00
  2.2571808527E+00 -2.1272182981E+00 -2.5601229138E+00  1.0404607218E+00 -1.1411603871E+00
  2.2436711827E+00 -2.1414169411E+00 -2.5756316214E+00  9.9080156413E-01 -2.3181304222E+00
  2.2277286810E+00 -2.1544322828E+00 -2.5897707763E+00  9.4616691583E-01 -2.9180317799E+00
  2.2072371456E+00 -2.1640015636E+00 -2.5999742332E+00  9.0995637342E-01 -3.1928424558E+00
