 AIMInt (Version 19.02.13, Professional)
 Portions Copyright (c) 1997-2019 by Todd A. Keith
 AIMInt is a component of the AIMAll package ( http://aim.tkgristmill.com )

 TP:  64-bit Linux

 Licensed To:  Research Group of Fernando Cortes Guzman, UNAM, fercor@unam.mx

 AIMInt is a heavily modified and extended version of the PROAIMV program
 developed by members of R.F.W. Bader's research group

 Much of the Quantum Theory of Atoms in Molecules (QTAIM) is described in the book:
   "Atoms in Molecules - A Quantum Theory"
   R.F.W. Bader, Oxford University Press, Oxford, 1990

 For additional references see:  http://aim.tkgristmill.com/references.html

 Current Directory:  /home/scratch/M_H2O_4_tetraedrico/Opt

 Inp File:  Ti2_tetraedrico_cc-pvtz-def2-tzv_2_atomicfiles/ti1.inp
 Wfx File:  Ti2_tetraedrico_cc-pvtz-def2-tzv_2.wfx
 Out File:  Ti2_tetraedrico_cc-pvtz-def2-tzv_2_atomicfiles/ti1.int

 Wfx Title:   Ti2_tetraedrico_cc-pvtz-def2-tzv_2                                            
 Job Title:   Ti2_tetraedrico_cc-pvtz-def2-tzv_2                                            
 
<Atom>
Ti1     
</Atom>
<Nuclei of Molecule>
    13
Ti1       22.0           1.1731847461E-05   3.5549506380E-05  -3.7890228143E-05
O2         8.0          -1.7923196555E+00  -2.4913497107E+00   2.1401846130E+00
H3         1.0          -3.4105429842E+00  -3.3018116561E+00   1.7365881305E+00
O4         8.0           1.7897514527E+00   2.4584493374E+00   2.1801084979E+00
H5         1.0           3.4067118741E+00   3.2781420361E+00   1.7905199316E+00
O6         8.0          -2.4736730089E+00   1.8075150194E+00  -2.1480385062E+00
H7         1.0          -3.2510418040E+00   1.2634599813E+00  -3.7429347079E+00
O8         8.0           2.4762874967E+00  -1.7744735630E+00  -2.1724053719E+00
H9         1.0           3.2903869975E+00  -3.3952207788E+00  -1.7869503170E+00
H10        1.0          -1.2369856731E+00  -3.2842523173E+00   3.7238506447E+00
H11        1.0           1.2333739413E+00   3.2229949314E+00   3.7770806961E+00
H12        1.0          -3.2904623038E+00   3.4211185373E+00  -1.7390508996E+00
H13        1.0           3.2579315724E+00  -1.2063414877E+00  -3.7570637555E+00
</Nuclei of Molecule>
<Total Number of CPs of DelSqRho>
    99
</Total Number of CPs of DelSqRho>
<Number of (3,+3) CPs of DelSqRho>
    13
</Number of (3,+3) CPs of DelSqRho>
<Number of (3,+1) CPs of DelSqRho>
    32
</Number of (3,+1) CPs of DelSqRho>
<Number of (3,-1) CPs of DelSqRho>
    38
</Number of (3,-1) CPs of DelSqRho>
<Number of (3,-3) CPs of DelSqRho>
    16
</Number of (3,-3) CPs of DelSqRho>
<Number of Degenerate CPs of DelSqRho>
     0
</Number of Degenerate CPs of DelSqRho>
<CP of DelSqRho>
CP# = 1       
Type = (3,+3)
Coords =  1.17318474116639E-05  3.55495063635085E-05 -3.78902281428939E-05
DistFromNuc =  5.2334724591E-14
Rho =  7.0790956864E+03
DelSqRho = -3.1042186832E+09
GradDelSqRho =  6.7254472924E-06  7.3163586990E-05 -2.9889024404E-05
HessDelSqRho_EigVals =  2.2184864175E+16  2.2184864175E+16  2.2184864175E+16
HessDelSqRho_EigVec1 =  8.9136158862E-01  4.5319964524E-01  9.1978190597E-03
HessDelSqRho_EigVec2 = -4.5325797696E-01  8.9136140008E-01  5.6622224335E-03
HessDelSqRho_EigVec3 = -5.6324636766E-03 -9.2160724429E-03  9.9994166798E-01
</CP of DelSqRho>
<CP of DelSqRho>
CP# = 2       
Type = (3,-1)
Coords = -1.38290349878996E-01  7.04700145172000E-02  1.10213893674440E-01
DistFromNuc =  1.9037840089E-01
Rho =  5.8199249789E+01
DelSqRho = -2.6703618045E+03
GradDelSqRho =  2.4556356948E-11 -2.1998403099E-11  1.0913936421E-11
HessDelSqRho_EigVals = -1.1245220063E+04 -1.0869368691E+04  3.5756302184E+06
HessDelSqRho_EigVec1 = -4.8410872133E-02  8.1309140857E-01 -5.8011959867E-01
HessDelSqRho_EigVec2 =  6.8549005986E-01  4.4947590111E-01  5.7277813519E-01
HessDelSqRho_EigVec3 =  7.2647076011E-01 -3.6993752936E-01 -5.7912559871E-01
</CP of DelSqRho>
<CP of DelSqRho>
CP# = 3       
Type = (3,-1)
Coords =  1.38251770943457E-01 -7.20454254241552E-02  1.09222989408225E-01
DistFromNuc =  1.9037834744E-01
Rho =  5.8199315225E+01
DelSqRho = -2.6703706510E+03
GradDelSqRho = -9.0949470177E-12  2.7853275242E-12 -9.0949470177E-13
HessDelSqRho_EigVals = -1.1245363807E+04 -1.0868155116E+04  3.5756379484E+06
HessDelSqRho_EigVec1 = -4.9561865255E-02  8.0374981275E-01  5.9289953619E-01
HessDelSqRho_EigVec2 = -6.8575270502E-01 -4.5897576159E-01  5.6487563041E-01
HessDelSqRho_EigVec3 =  7.2614519834E-01 -3.7858617086E-01  5.7392130310E-01
</CP of DelSqRho>
<CP of DelSqRho>
CP# = 4       
Type = (3,+1)
Coords =  1.08297061508629E-01 -3.25608038243904E-01 -2.90165845252941E-03
DistFromNuc =  3.4318749982E-01
Rho =  1.3333651343E+01
DelSqRho =  6.9015252550E+02
GradDelSqRho =  1.5063505998E-12  6.4233063313E-12 -4.9737991503E-14
HessDelSqRho_EigVals = -1.5164155825E+05  3.0150773289E+03  3.1903310292E+03
HessDelSqRho_EigVec1 = -3.1552756454E-01  9.4888150305E-01  8.1393602950E-03
HessDelSqRho_EigVec2 =  6.7554192219E-01  2.3064233883E-01 -7.0031937208E-01
HessDelSqRho_EigVec3 =  6.6639737949E-01  2.1547158677E-01  7.1378324995E-01
</CP of DelSqRho>
<CP of DelSqRho>
CP# = 5       
Type = (3,-1)
Coords = -7.12124870517487E-02 -1.37391043680252E-01 -1.10875497932070E-01
DistFromNuc =  1.9037839466E-01
Rho =  5.8199258052E+01
DelSqRho = -2.6703626400E+03
GradDelSqRho =  8.5265128291E-13  2.5465851650E-11  3.6379788071E-11
HessDelSqRho_EigVals = -1.1244733312E+04 -1.0869300490E+04  3.5756303676E+06
HessDelSqRho_EigVec1 = -8.0836114233E-01 -5.3887339189E-02  5.8621533436E-01
HessDelSqRho_EigVec2 =  4.5454582855E-01 -6.8992530414E-01  5.6337479928E-01
HessDelSqRho_EigVec3 =  3.7408602395E-01  7.2187203117E-01  5.8220307222E-01
</CP of DelSqRho>
<CP of DelSqRho>
CP# = 6       
Type = (3,+3)
Coords =  1.80415262399178E-01  6.06694910202110E-02  2.59869570371179E-03
DistFromNuc =  1.9033880394E-01
Rho =  5.8416911961E+01
DelSqRho = -2.7587196857E+03
GradDelSqRho = -1.1823431123E-11  1.6854073692E-11 -4.8316906032E-13
HessDelSqRho_EigVals =  7.4169091790E+03  1.4120477331E+04  3.5858721993E+06
HessDelSqRho_EigVec1 = -2.3273815761E-01  6.6126141223E-01  7.1313834190E-01
HessDelSqRho_EigVec2 = -2.1798603933E-01  6.7914806164E-01 -7.0088515252E-01
HessDelSqRho_EigVec3 =  9.4779482835E-01  3.1857692174E-01  1.3917912393E-02
</CP of DelSqRho>
<CP of DelSqRho>
CP# = 7       
Type = (3,+3)
Coords = -4.12469045912772E-05 -1.39828101103100E-03  1.90293715867519E-01
DistFromNuc =  1.9033701415E-01
Rho =  5.8419761573E+01
DelSqRho = -2.7592408200E+03
GradDelSqRho = -7.8159700934E-13 -1.0800249584E-12  5.4058091337E-11
HessDelSqRho_EigVals =  7.4617614769E+03  1.4179959679E+04  3.5861582915E+06
HessDelSqRho_EigVec1 =  4.7671442467E-01  8.7903227422E-01  6.7541241165E-03
HessDelSqRho_EigVec2 =  8.7905817787E-01 -4.7670275848E-01 -3.3466362858E-03
HessDelSqRho_EigVec3 = -2.7790829217E-04 -7.5326578305E-03  9.9997159051E-01
</CP of DelSqRho>
<CP of DelSqRho>
CP# = 8       
Type = (3,+3)
Coords =  6.89872360652595E-05  1.49278557216159E-03 -1.90369329383297E-01
DistFromNuc =  1.9033702621E-01
Rho =  5.8419744199E+01
DelSqRho = -2.7592362577E+03
GradDelSqRho = -7.1054273576E-13 -8.2422957348E-13  2.9530156098E-11
HessDelSqRho_EigVals =  7.4605180014E+03  1.4179816957E+04  3.5861560284E+06
HessDelSqRho_EigVec1 =  8.7908135703E-01 -4.7665973930E-01 -3.3853583430E-03
HessDelSqRho_EigVec2 =  4.7667166620E-01  8.7905453300E-01  6.8739109632E-03
HessDelSqRho_EigVec3 = -3.0060201043E-04 -7.6564313797E-03  9.9997064392E-01
</CP of DelSqRho>
<CP of DelSqRho>
CP# = 9       
Type = (3,+1)
Coords =  1.96954298602930E-02  1.40394426499129E-01  1.26910742076238E-01
DistFromNuc =  1.9027353353E-01
Rho =  5.8352921605E+01
DelSqRho = -2.7181608364E+03
GradDelSqRho = -3.1832314562E-12  5.6843418861E-12  5.9117155615E-12
HessDelSqRho_EigVals = -7.5423168249E+03  2.8402469539E+03  3.5955543538E+06
HessDelSqRho_EigVec1 =  2.3346600913E-01 -6.7009410344E-01  7.0460450972E-01
HessDelSqRho_EigVec2 = -9.6677915926E-01 -8.2406714401E-02  2.4196526742E-01
HessDelSqRho_EigVec3 =  1.0407535634E-01  7.3768762085E-01  6.6707218069E-01
</CP of DelSqRho>
<CP of DelSqRho>
CP# = 10      
Type = (3,+1)
Coords = -1.96845024244235E-02 -1.42214657460394E-01  1.24785930382190E-01
DistFromNuc =  1.9027361672E-01
Rho =  5.8352878512E+01
DelSqRho = -2.7181467547E+03
GradDelSqRho =  4.5474735089E-12 -3.1832314562E-12 -6.2527760747E-12
HessDelSqRho_EigVals = -7.5504741816E+03  2.8450499876E+03  3.5955399630E+06
HessDelSqRho_EigVec1 = -2.3385316902E-01  6.5940692487E-01  7.1448947002E-01
HessDelSqRho_EigVec2 =  9.6667850328E-01  7.8977428097E-02  2.4350613370E-01
HessDelSqRho_EigVec3 =  1.0414109007E-01  7.4762629253E-01 -6.5590362103E-01
</CP of DelSqRho>
<CP of DelSqRho>
CP# = 11      
Type = (3,-1)
Coords =  7.13032959263703E-02  1.39140751409720E-01 -1.08717125103778E-01
DistFromNuc =  1.9037836116E-01
Rho =  5.8199293355E+01
DelSqRho = -2.6703670580E+03
GradDelSqRho =  2.3533175408E-11  5.0931703299E-11 -5.2750692703E-11
HessDelSqRho_EigVals = -1.1245644146E+04 -1.0869214930E+04  3.5756367472E+06
HessDelSqRho_EigVec1 =  8.0896545436E-01  4.3465328526E-02  5.8624709711E-01
HessDelSqRho_EigVec2 =  4.5317747038E-01 -6.8132489658E-01 -5.7482742248E-01
HessDelSqRho_EigVec3 =  3.7443968005E-01  7.3068950349E-01 -5.7086581216E-01
</CP of DelSqRho>
<CP of DelSqRho>
CP# = 12      
Type = (3,+1)
Coords =  1.41352819355464E-01 -1.86812836323197E-02 -1.26039542786463E-01
DistFromNuc =  1.9027359067E-01
Rho =  5.8352912291E+01
DelSqRho = -2.7181589616E+03
GradDelSqRho = -6.8212102633E-12 -3.6379788071E-12 -7.6170181273E-12
HessDelSqRho_EigVals = -7.5457043893E+03  2.8449736201E+03  3.5955451250E+06
HessDelSqRho_EigVec1 =  6.6458596276E-01  2.2815860119E-01  7.1152593122E-01
HessDelSqRho_EigVec2 = -8.0626227878E-02  9.6857817665E-01 -2.3527797836E-01
HessDelSqRho_EigVec3 =  7.4284918353E-01 -9.8994789893E-02 -6.6209902741E-01
</CP of DelSqRho>
<CP of DelSqRho>
CP# = 13      
Type = (3,+1)
Coords = -1.41262019331094E-01  2.07129231099060E-02 -1.25808268014352E-01
DistFromNuc =  1.9027352543E-01
Rho =  5.8352919570E+01
DelSqRho = -2.7181559806E+03
GradDelSqRho = -5.4569682106E-12 -1.2732925825E-11 -4.0927261580E-12
HessDelSqRho_EigVals = -7.5440974824E+03  2.8397311779E+03  3.5955542914E+06
HessDelSqRho_EigVec1 = -6.6497049866E-01 -2.3914850874E-01  7.0754662509E-01
HessDelSqRho_EigVec2 = -8.0714770997E-02  9.6481204021E-01  2.5024558500E-01
HessDelSqRho_EigVec3 =  7.4249536137E-01 -1.0929646763E-01  6.6087436061E-01
</CP of DelSqRho>
<CP of DelSqRho>
CP# = 14      
Type = (3,+1)
Coords =  1.04096448594750E-01  9.22207408743929E-02  1.29856091525838E-01
DistFromNuc =  1.9027397159E-01
Rho =  5.8357126045E+01
DelSqRho = -2.7200448382E+03
GradDelSqRho =  8.6401996668E-12 -2.2737367544E-12  1.1823431123E-11
HessDelSqRho_EigVals = -7.7384356045E+03  4.0416985596E+03  3.5955473514E+06
HessDelSqRho_EigVec1 =  6.7023647686E-01  2.3508302277E-01 -7.0393113122E-01
HessDelSqRho_EigVec2 = -5.0187576661E-01  8.4230992505E-01 -1.9655712925E-01
HessDelSqRho_EigVec3 =  5.4672093428E-01  4.8502573393E-01  6.8252930886E-01
</CP of DelSqRho>
<CP of DelSqRho>
CP# = 15      
Type = (3,+1)
Coords = -1.04168065977571E-01 -9.40675614750862E-02  1.28396528529384E-01
DistFromNuc =  1.9027408045E-01
Rho =  5.8357056168E+01
DelSqRho = -2.7200301690E+03
GradDelSqRho = -2.9103830457E-11 -2.3646862246E-11  3.2741809264E-11
HessDelSqRho_EigVals = -7.7434963970E+03  4.0445701727E+03  3.5955298000E+06
HessDelSqRho_EigVec1 =  6.6983473623E-01  2.2440467413E-01  7.0778808154E-01
HessDelSqRho_EigVec2 = -5.0186791727E-01  8.3935388236E-01  2.0883882251E-01
HessDelSqRho_EigVec3 = -5.4722026621E-01 -4.9510362794E-01  6.7484989283E-01
</CP of DelSqRho>
<CP of DelSqRho>
CP# = 16      
Type = (3,+1)
Coords = -9.30964424853006E-02  1.05148710839579E-01 -1.28436843012052E-01
DistFromNuc =  1.9027401265E-01
Rho =  5.8357110277E+01
DelSqRho = -2.7200449564E+03
GradDelSqRho =  1.1823431123E-11 -1.5916157281E-11 -9.0949470177E-13
HessDelSqRho_EigVals = -7.7385449990E+03  4.0443591498E+03  3.5955406448E+06
HessDelSqRho_EigVec1 = -2.2996579968E-01  6.6464006124E-01  7.1089332531E-01
HessDelSqRho_EigVec2 = -8.4091468128E-01 -5.0340052455E-01  1.9862127452E-01
HessDelSqRho_EigVec3 =  4.8987572892E-01 -5.5212453385E-01  6.7467048945E-01
</CP of DelSqRho>
<CP of DelSqRho>
CP# = 17      
Type = (3,-3)
Coords = -1.25455943972911E-01 -2.47695106335876E-01 -1.99299346125776E-01
DistFromNuc =  3.4178610757E-01
Rho =  1.3186657310E+01
DelSqRho =  7.5319049595E+02
GradDelSqRho =  2.8848035072E-12  3.3821834222E-12  7.8159700934E-12
HessDelSqRho_EigVals = -1.5738280754E+05 -2.2098535897E+03 -2.1889046432E+03
HessDelSqRho_EigVec1 =  3.6726579326E-01  7.2473483254E-01  5.8298821566E-01
HessDelSqRho_EigVec2 = -7.7250013789E-01 -1.1141998948E-01  6.2516327700E-01
HessDelSqRho_EigVec3 =  5.1803414372E-01 -6.7995956383E-01  5.1893700725E-01
</CP of DelSqRho>
<CP of DelSqRho>
CP# = 18      
Type = (3,+3)
Coords = -1.80393888716420E-01 -6.06280986075695E-02  1.57336815953106E-03
DistFromNuc =  1.9033880920E-01
Rho =  5.8416910253E+01
DelSqRho = -2.7587249849E+03
GradDelSqRho =  4.5474735089E-12  1.1567635738E-11  1.4210854715E-13
HessDelSqRho_EigVals =  7.4196895766E+03  1.4121021950E+04  3.5858718778E+06
HessDelSqRho_EigVec1 =  2.3232152891E-01 -6.7202682552E-01  7.0314056418E-01
HessDelSqRho_EigVec2 = -2.1838212021E-01  6.6842252249E-01  7.1099970535E-01
HessDelSqRho_EigVec3 =  9.4780586450E-01  3.1873386581E-01 -8.5302993856E-03
</CP of DelSqRho>
<CP of DelSqRho>
CP# = 19      
Type = (3,+3)
Coords = -6.06375705724132E-02  1.80451547400051E-01 -8.17942705848991E-04
DistFromNuc =  1.9033885221E-01
Rho =  5.8416855977E+01
DelSqRho = -2.7587113218E+03
GradDelSqRho = -4.9169557315E-12 -4.5474735089E-12 -1.1368683772E-13
HessDelSqRho_EigVals =  7.4158313767E+03  1.4120395589E+04  3.5858647057E+06
HessDelSqRho_EigVec1 =  6.6640960265E-01  2.2715758348E-01  7.1013919323E-01
HessDelSqRho_EigVec2 =  6.7405884810E-01  2.2351662483E-01 -7.0404899526E-01
HessDelSqRho_EigVec3 = -3.1865798405E-01  9.4786061775E-01 -4.1639539194E-03
</CP of DelSqRho>
<CP of DelSqRho>
CP# = 20      
Type = (3,+3)
Coords =  6.06679622450687E-02 -1.80346286863028E-01 -3.51225380263181E-03
DistFromNuc =  1.9033879368E-01
Rho =  5.8416953218E+01
DelSqRho = -2.7587352568E+03
GradDelSqRho =  1.0970779840E-11 -1.8189894035E-12 -1.5347723092E-12
HessDelSqRho_EigVals =  7.4212346460E+03  1.4121600277E+04  3.5858760544E+06
HessDelSqRho_EigVec1 = -6.6693244566E-01 -2.3793161389E-01  7.0610881600E-01
HessDelSqRho_EigVec2 =  6.7352411740E-01  2.1281566971E-01  7.0786633909E-01
HessDelSqRho_EigVec3 = -3.1869480104E-01  9.4768034581E-01  1.8319005168E-02
</CP of DelSqRho>
<CP of DelSqRho>
CP# = 21      
Type = (3,+1)
Coords = -1.08273214632456E-01  3.25685180135109E-01  1.96531285971970E-03
DistFromNuc =  3.4318701081E-01
Rho =  1.3333712240E+01
DelSqRho =  6.9015476396E+02
GradDelSqRho = -4.1211478674E-12  1.8758328224E-12  1.0658141036E-13
HessDelSqRho_EigVals = -1.5164256908E+05  3.0144775874E+03  3.1907890761E+03
HessDelSqRho_EigVec1 = -3.1552746927E-01  9.4889720572E-01  6.0422770641E-03
HessDelSqRho_EigVec2 =  6.7495520210E-01  2.1995138249E-01  7.0431304439E-01
HessDelSqRho_EigVec3 = -6.6699167258E-01 -2.2630837881E-01  7.0986380834E-01
</CP of DelSqRho>
<CP of DelSqRho>
CP# = 22      
Type = (3,-1)
Coords =  2.26509242261226E-01  8.39134669417210E-02  2.42837455243323E-01
DistFromNuc =  3.4252745977E-01
Rho =  1.3170741258E+01
DelSqRho =  7.3563470097E+02
GradDelSqRho = -2.5579538487E-12 -3.0411229091E-12 -8.0149220594E-12
HessDelSqRho_EigVals = -1.5512911631E+05 -3.1072744408E+03  1.5645870131E+03
HessDelSqRho_EigVec1 =  6.6224667043E-01  2.4195499227E-01  7.0914535127E-01
HessDelSqRho_EigVec2 =  6.7137300557E-01  2.2862037408E-01 -7.0497589458E-01
HessDelSqRho_EigVec3 = -3.3269751261E-01  9.4296898479E-01 -1.1038968849E-02
</CP of DelSqRho>
<CP of DelSqRho>
CP# = 23      
Type = (3,+1)
Coords = -3.25643018189633E-01 -1.08252307068140E-01 -5.18480619578875E-04
DistFromNuc =  3.4318727696E-01
Rho =  1.3333672298E+01
DelSqRho =  6.9015440402E+02
GradDelSqRho = -3.7232439354E-12 -2.4158453016E-12 -2.4868995752E-14
HessDelSqRho_EigVals = -1.5164205501E+05  3.0148904625E+03  3.1903212407E+03
HessDelSqRho_EigVec1 =  9.4891290988E-01  3.1553401070E-01  1.6054751210E-03
HessDelSqRho_EigVec2 = -2.2507714525E-01  6.8042825637E-01 -6.9739348048E-01
HessDelSqRho_EigVec3 = -2.2114377257E-01  6.6140432114E-01  7.1668665108E-01
</CP of DelSqRho>
<CP of DelSqRho>
CP# = 24      
Type = (3,+1)
Coords =  9.32159633746763E-02 -1.03093744181618E-01 -1.29966810339017E-01
DistFromNuc =  1.9027402417E-01
Rho =  5.8357085324E+01
DelSqRho = -2.7200340759E+03
GradDelSqRho =  1.7280399334E-11 -7.9580786405E-12 -3.6379788071E-12
HessDelSqRho_EigVals = -7.7411272864E+03  4.0399529244E+03  3.5955398556E+06
HessDelSqRho_EigVec1 = -2.2953717890E-01  6.7542340627E-01 -7.0079662226E-01
HessDelSqRho_EigVec2 = -8.4073757352E-01 -5.0036335448E-01 -2.0687398573E-01
HessDelSqRho_EigVec3 = -4.9038048083E-01  5.4170078065E-01  6.8270582850E-01
</CP of DelSqRho>
<CP of DelSqRho>
CP# = 25      
Type = (3,-3)
Coords =  2.50510059523587E-01 -1.23216564721553E-01 -1.98747680187488E-01
DistFromNuc =  3.4267488448E-01
Rho =  1.3068085833E+01
DelSqRho =  7.4907837218E+02
GradDelSqRho =  4.1495695768E-12 -2.6716406865E-12 -5.1159076975E-12
HessDelSqRho_EigVals = -1.5553263170E+05 -1.9844187733E+03 -1.9626886681E+03
HessDelSqRho_EigVec1 =  7.3110827075E-01 -3.5949679652E-01 -5.7986442357E-01
HessDelSqRho_EigVec2 =  6.8226135487E-01  3.8476881393E-01  6.2166904658E-01
HessDelSqRho_EigVec3 =  3.7428424370E-04  8.5012646890E-01 -5.2657843366E-01
</CP of DelSqRho>
<CP of DelSqRho>
CP# = 26      
Type = (3,-3)
Coords = -2.50384325687448E-01  1.26251883905860E-01 -1.97008197540447E-01
DistFromNuc =  3.4267484685E-01
Rho =  1.3068088671E+01
DelSqRho =  7.4907773805E+02
GradDelSqRho = -4.6895820560E-12  3.1263880373E-12  2.3305801733E-12
HessDelSqRho_EigVals = -1.5553272160E+05 -1.9850184622E+03 -1.9618283175E+03
HessDelSqRho_EigVec1 =  7.3081029645E-01 -3.6814693568E-01  5.7479052215E-01
HessDelSqRho_EigVec2 = -6.8257997763E-01 -3.9531943430E-01  6.1466016546E-01
HessDelSqRho_EigVec3 = -9.4060765543E-04  8.4154047949E-01  5.4019324009E-01
</CP of DelSqRho>
<CP of DelSqRho>
CP# = 27      
Type = (3,-3)
Coords =  1.24689848911967E-01  2.48964219972964E-01  1.99751948813406E-01
DistFromNuc =  3.4267491247E-01
Rho =  1.3068080009E+01
DelSqRho =  7.4907632306E+02
GradDelSqRho =  2.0463630790E-12 -6.1106675275E-12 -5.4001247918E-12
HessDelSqRho_EigVals = -1.5553258379E+05 -1.9845031777E+03 -1.9619927150E+03
HessDelSqRho_EigVec1 =  3.6365857792E-01  7.2652814706E-01  5.8301740131E-01
HessDelSqRho_EigVec2 =  3.7930400338E-01 -6.8712382624E-01  6.1966871829E-01
HessDelSqRho_EigVec3 = -8.5081191325E-01  4.2070105169E-03  5.2545350826E-01
</CP of DelSqRho>
<CP of DelSqRho>
CP# = 28      
Type = (3,-3)
Coords = -1.24779911455480E-01 -2.51909796573881E-01  1.95861426013540E-01
DistFromNuc =  3.4267470545E-01
Rho =  1.3068104970E+01
DelSqRho =  7.4908185627E+02
GradDelSqRho =  3.3821834222E-12 -4.8743231673E-12 -1.9326762413E-12
HessDelSqRho_EigVals = -1.5553304158E+05 -1.9853317797E+03 -1.9625231321E+03
HessDelSqRho_EigVec1 =  3.6398968258E-01  7.3533112121E-01 -5.7166393375E-01
HessDelSqRho_EigVec2 =  3.9394915057E-01 -6.7770754075E-01 -6.2089979544E-01
HessDelSqRho_EigVec3 =  8.4398790142E-01 -7.9459834236E-04  5.3636162322E-01
</CP of DelSqRho>
<CP of DelSqRho>
CP# = 29      
Type = (3,-1)
Coords =  6.42822478194807E-02  1.40690159508724E-01  1.10789337980566E-01
DistFromNuc =  1.9025533646E-01
Rho =  5.8358220535E+01
DelSqRho = -2.7170893926E+03
GradDelSqRho =  1.1368683772E-12  1.1368683772E-11  1.1823431123E-11
HessDelSqRho_EigVals = -3.9427994562E+03 -2.6820336039E+03  3.5986593837E+06
HessDelSqRho_EigVec1 =  4.4598013094E-01 -6.7080672412E-01  5.9255384707E-01
HessDelSqRho_EigVec2 = -8.2880117486E-01 -5.9559686927E-02  5.5636431971E-01
HessDelSqRho_EigVec3 =  3.3792060510E-01  7.3923675677E-01  5.8252783803E-01
</CP of DelSqRho>
<CP of DelSqRho>
CP# = 30      
Type = (3,-1)
Coords = -6.43333718494981E-02 -1.42268053336990E-01  1.08619853811680E-01
DistFromNuc =  1.9025538913E-01
Rho =  5.8358173299E+01
DelSqRho = -2.7170700636E+03
GradDelSqRho = -4.2064129957E-12 -1.7280399334E-11 -1.3187673176E-11
HessDelSqRho_EigVals = -3.9463666590E+03 -2.6871987814E+03  3.5986506536E+06
HessDelSqRho_EigVec1 =  4.4586535887E-01 -6.6186164113E-01 -6.0261368202E-01
HessDelSqRho_EigVec2 =  8.2870318968E-01  5.0773283846E-02  5.5738056754E-01
HessDelSqRho_EigVec3 =  3.3831214163E-01  7.4790456721E-01 -5.7112490155E-01
</CP of DelSqRho>
<CP of DelSqRho>
CP# = 31      
Type = (3,+1)
Coords =  3.25666295958974E-01  1.08316034532741E-01  1.30248062288167E-03
DistFromNuc =  3.4318705564E-01
Rho =  1.3333702731E+01
DelSqRho =  6.9015601186E+02
GradDelSqRho =  4.5758952183E-12  1.8189894035E-12  1.7763568394E-14
HessDelSqRho_EigVals = -1.5164268619E+05  3.0144910903E+03  3.1906252361E+03
HessDelSqRho_EigVec1 =  9.4891308445E-01  3.1551586732E-01  3.7007602714E-03
HessDelSqRho_EigVec2 = -2.2545455860E-01  6.6975516842E-01  7.0752968586E-01
HessDelSqRho_EigVec3 =  2.2075823917E-01 -6.7221852983E-01  7.0667393329E-01
</CP of DelSqRho>
<CP of DelSqRho>
CP# = 32      
Type = (3,+1)
Coords = -9.77094654140882E-05 -2.57334861459163E-03  3.43146419536309E-01
DistFromNuc =  3.4319424353E-01
Rho =  1.3333389038E+01
DelSqRho =  6.9008283073E+02
GradDelSqRho = -5.2402526762E-14 -4.7961634664E-14  2.1529444894E-12
HessDelSqRho_EigVals = -1.5162875043E+05  3.0181348873E+03  3.1940703142E+03
HessDelSqRho_EigVec1 = -3.1894156206E-04 -7.6027638115E-03  9.9997104771E-01
HessDelSqRho_EigVec2 =  4.8721276450E-01  8.7325686566E-01  6.7947548202E-03
HessDelSqRho_EigVec3 =  8.7328324179E-01 -4.8720082570E-01 -3.4256456656E-03
</CP of DelSqRho>
<CP of DelSqRho>
CP# = 33      
Type = (3,+1)
Coords =  1.20689921839678E-04  2.64741699564289E-03 -3.43222089541005E-01
DistFromNuc =  3.4319415552E-01
Rho =  1.3333399631E+01
DelSqRho =  6.9008325080E+02
GradDelSqRho =  3.6415315208E-14 -1.5987211555E-14  5.1585402616E-12
HessDelSqRho_EigVals = -1.5162893099E+05  3.0180010039E+03  3.1941692376E+03
HessDelSqRho_EigVec1 = -3.1722875904E-04 -7.6094799823E-03  9.9997099717E-01
HessDelSqRho_EigVec2 =  8.7351065176E-01 -4.8679296965E-01 -3.4272380576E-03
HessDelSqRho_EigVec3 =  4.8680493078E-01  8.7348423026E-01  6.8013865486E-03
</CP of DelSqRho>
<CP of DelSqRho>
CP# = 34      
Type = (3,-1)
Coords = -8.56385698995058E-02  2.28433715778952E-01 -2.40503038523489E-01
DistFromNuc =  3.4252763989E-01
Rho =  1.3170768462E+01
DelSqRho =  7.3562794677E+02
GradDelSqRho = -1.5916157281E-12  9.2148511044E-14 -4.0927261580E-12
HessDelSqRho_EigVals = -1.5512829065E+05 -3.1070808572E+03  1.5652150463E+03
HessDelSqRho_EigVec1 = -2.4713091872E-01  6.6779567924E-01 -7.0212195508E-01
HessDelSqRho_EigVec2 = -2.2348113445E-01  6.6578177767E-01  7.1189241257E-01
HessDelSqRho_EigVec3 =  9.4285868059E-01  3.3284163699E-01 -1.5295526401E-02
</CP of DelSqRho>
<CP of DelSqRho>
CP# = 35      
Type = (3,-1)
Coords = -3.06089836778815E-01  1.53424954021091E-01 -8.88413916339995E-03
DistFromNuc =  3.4249778956E-01
Rho =  1.3174519785E+01
DelSqRho =  7.3577923272E+02
GradDelSqRho = -4.4337866711E-12  2.9274360713E-12 -1.0880185641E-13
HessDelSqRho_EigVals = -1.5519182735E+05 -3.1113389322E+03  1.5571043082E+03
HessDelSqRho_EigVec1 =  8.9381165325E-01 -4.4786648320E-01  2.2723154339E-02
HessDelSqRho_EigVec2 =  4.4787158215E-01  8.9408306894E-01  5.1489548297E-03
HessDelSqRho_EigVec3 = -2.2622431859E-02  5.5748592564E-03  9.9972853641E-01
</CP of DelSqRho>
<CP of DelSqRho>
CP# = 36      
Type = (3,-1)
Coords = -2.32911313708572E-01 -6.50774945243325E-02 -2.42514372022648E-01
DistFromNuc =  3.4247291554E-01
Rho =  1.3177687441E+01
DelSqRho =  7.3596363049E+02
GradDelSqRho =  1.1226575225E-12  2.3590018827E-12  2.4868995752E-12
HessDelSqRho_EigVals = -1.5525153235E+05 -3.1226360213E+03  1.5454504718E+03
HessDelSqRho_EigVec1 =  6.7925472492E-01  1.9312910096E-01  7.0803542922E-01
HessDelSqRho_EigVec2 =  6.7069004161E-01  2.2834893672E-01 -7.0571356171E-01
HessDelSqRho_EigVec3 = -2.9797296313E-01  9.5423158272E-01  2.5577329442E-02
</CP of DelSqRho>
<CP of DelSqRho>
CP# = 37      
Type = (3,-3)
Coords =  1.25595876098980E-01  2.50778491678208E-01 -1.95420605596699E-01
DistFromNuc =  3.4178619896E-01
Rho =  1.3186639912E+01
DelSqRho =  7.5319571795E+02
GradDelSqRho =  1.7053025658E-12  5.9827698351E-12 -7.3043793236E-12
HessDelSqRho_EigVals = -1.5738289439E+05 -2.2102400115E+03 -2.1897026806E+03
HessDelSqRho_EigVec1 =  3.6760665272E-01  7.3354846948E-01 -5.7163973952E-01
HessDelSqRho_EigVec2 =  7.8143867507E-01  8.9610314299E-02  6.1751403926E-01
HessDelSqRho_EigVec3 =  5.0420129510E-01 -6.7370366965E-01 -5.4028179640E-01
</CP of DelSqRho>
<CP of DelSqRho>
CP# = 38      
Type = (3,-3)
Coords =  2.49207062678005E-01 -1.26967151449005E-01  1.96404917578299E-01
DistFromNuc =  3.4178615492E-01
Rho =  1.3186652552E+01
DelSqRho =  7.5319219079E+02
GradDelSqRho =  8.5265128291E-14  8.3844042820E-13  2.3021584639E-12
HessDelSqRho_EigVals = -1.5738292540E+05 -2.2096875519E+03 -2.1893845172E+03
HessDelSqRho_EigVec1 =  7.2902026379E-01 -3.7175656495E-01  5.7474038609E-01
HessDelSqRho_EigVec2 = -1.0104520947E-01  7.7201134592E-01  6.2752557511E-01
HessDelSqRho_EigVec3 = -6.7699285124E-01 -5.1555362300E-01  5.2524769508E-01
</CP of DelSqRho>
<CP of DelSqRho>
CP# = 39      
Type = (3,-3)
Coords = -2.49287322117061E-01  1.24083149328559E-01  1.98153828736993E-01
DistFromNuc =  3.4178616531E-01
Rho =  1.3186648191E+01
DelSqRho =  7.5319249297E+02
GradDelSqRho =  4.4337866711E-12 -5.1159076975E-13 -7.1054273576E-13
HessDelSqRho_EigVals = -1.5738271717E+05 -2.2103761974E+03 -2.1889235182E+03
HessDelSqRho_EigVec1 =  7.2932409209E-01 -3.6311083752E-01 -5.7985936948E-01
HessDelSqRho_EigVec2 = -9.3758016873E-02  7.8649823482E-01 -6.1043423961E-01
HessDelSqRho_EigVec3 =  6.7771365854E-01  4.9957086213E-01  5.3956755901E-01
</CP of DelSqRho>
<CP of DelSqRho>
CP# = 40      
Type = (3,-1)
Coords =  1.53328069186057E-01  3.06054301214659E-01  1.22666810371522E-02
DistFromNuc =  3.4249785133E-01
Rho =  1.3174524408E+01
DelSqRho =  7.3577774878E+02
GradDelSqRho =  2.7000623959E-13  4.0358827391E-12  7.3541173151E-13
HessDelSqRho_EigVals = -1.5519171208E+05 -3.1112193628E+03  1.5572549875E+03
HessDelSqRho_EigVec1 =  4.4767659747E-01  8.9359297565E-01  3.2821607747E-02
HessDelSqRho_EigVec2 =  8.9409489105E-01 -4.4787527424E-01 -1.4368465833E-03
HessDelSqRho_EigVec3 = -1.3416030557E-02 -2.9988874392E-02  9.9946019307E-01
</CP of DelSqRho>
<CP of DelSqRho>
CP# = 41      
Type = (3,-1)
Coords = -1.53311323617767E-01 -3.06134787926811E-01  7.48005335556172E-03
DistFromNuc =  3.4249781654E-01
Rho =  1.3174533136E+01
DelSqRho =  7.3577714547E+02
GradDelSqRho =  7.5459638538E-12  3.6379788071E-12 -2.8421709430E-13
HessDelSqRho_EigVals = -1.5519161653E+05 -3.1113627814E+03  1.5573524546E+03
HessDelSqRho_EigVec1 =  4.4769485563E-01  8.9398780473E-01 -1.8844660612E-02
HessDelSqRho_EigVec2 =  8.9409509383E-01 -4.4785088141E-01 -4.8529591660E-03
HessDelSqRho_EigVec3 =  1.2778084176E-02  1.4676273745E-02  9.9981064585E-01
</CP of DelSqRho>
<CP of DelSqRho>
CP# = 42      
Type = (3,-1)
Coords =  6.69065592612244E-02 -2.34782017606872E-01  2.40115234223544E-01
DistFromNuc =  3.4247296381E-01
Rho =  1.3177735028E+01
DelSqRho =  7.3595804009E+02
GradDelSqRho =  8.0433437688E-12 -1.7514878436E-12  3.6379788071E-12
HessDelSqRho_EigVals = -1.5525110274E+05 -3.1225665186E+03  1.5460624315E+03
HessDelSqRho_EigVec1 = -1.9833073737E-01  6.8478643682E-01 -7.0123637567E-01
HessDelSqRho_EigVec2 = -2.2319710716E-01  6.6509676410E-01  7.1262146034E-01
HessDelSqRho_EigVec3 =  9.5438355496E-01  2.9784867018E-01  2.0933220076E-02
</CP of DelSqRho>
<CP of DelSqRho>
CP# = 43      
Type = (3,-1)
Coords =  3.06120464149270E-01 -1.53201795818551E-01 -1.10185296883232E-02
DistFromNuc =  3.4249790428E-01
Rho =  1.3174509174E+01
DelSqRho =  7.3577881397E+02
GradDelSqRho = -8.2422957348E-12  4.3627323976E-12  5.2957638275E-14
HessDelSqRho_EigVals = -1.5519167083E+05 -3.1113464509E+03  1.5571434845E+03
HessDelSqRho_EigVec1 =  8.9383138536E-01 -4.4746736680E-01 -2.8955313910E-02
HessDelSqRho_EigVec2 =  4.4786046292E-01  8.9406245160E-01  8.5637838041E-03
HessDelSqRho_EigVec3 =  2.2055845152E-02 -2.0622519033E-02  9.9954402174E-01
</CP of DelSqRho>
<CP of DelSqRho>
CP# = 44      
Type = (3,-1)
Coords =  8.57834041617009E-02 -2.24694862579077E-01 -2.43891294067570E-01
DistFromNuc =  3.4252740102E-01
Rho =  1.3170757968E+01
DelSqRho =  7.3563366326E+02
GradDelSqRho = -2.2453150450E-12  3.0015989694E-12  3.1832314562E-12
HessDelSqRho_EigVals = -1.5512898651E+05 -3.1073834673E+03  1.5646809401E+03
HessDelSqRho_EigVec1 = -2.4748388096E-01  6.5708551108E-01  7.1203255529E-01
HessDelSqRho_EigVec2 = -2.2298875947E-01  6.7653793855E-01 -7.0183504533E-01
HessDelSqRho_EigVec3 =  9.4288267659E-01  3.3246811702E-01  2.0909551666E-02
</CP of DelSqRho>
<CP of DelSqRho>
CP# = 45      
Type = (3,-1)
Coords = -2.26639583030282E-01 -8.74886997479142E-02  2.41403104191688E-01
DistFromNuc =  3.4252746829E-01
Rho =  1.3170811228E+01
DelSqRho =  7.3562589540E+02
GradDelSqRho = -8.9528384706E-13 -2.1316282073E-12  4.6469494919E-12
HessDelSqRho_EigVals = -1.5512838803E+05 -3.1070500250E+03  1.5654438021E+03
HessDelSqRho_EigVec1 =  6.6269452904E-01  2.5260259099E-01 -7.0500205120E-01
HessDelSqRho_EigVec2 =  6.7096584634E-01  2.1786087949E-01  7.0876051684E-01
HessDelSqRho_EigVec3 = -3.3262710987E-01  9.4272401487E-01  2.5112498324E-02
</CP of DelSqRho>
<CP of DelSqRho>
CP# = 46      
Type = (3,-1)
Coords =  2.33084207028740E-01  6.88069454455381E-02 -2.41358424491279E-01
DistFromNuc =  3.4247318704E-01
Rho =  1.3177721809E+01
DelSqRho =  7.3595465164E+02
GradDelSqRho =  5.1301185522E-12  9.3791641120E-13 -4.3840486796E-12
HessDelSqRho_EigVals = -1.5525052279E+05 -3.1222605603E+03  1.5462719030E+03
HessDelSqRho_EigVec1 =  6.7969158077E-01  2.0381018546E-01 -7.0461391083E-01
HessDelSqRho_EigVec2 =  6.7027951082E-01  2.1756157871E-01  7.0950147064E-01
HessDelSqRho_EigVec3 = -2.9790054114E-01  9.5453044361E-01 -1.1264981942E-02
</CP of DelSqRho>
<CP of DelSqRho>
CP# = 47      
Type = (3,-1)
Coords = -6.69960259587942E-02  2.31194687054957E-01  2.43607852141586E-01
DistFromNuc =  3.4247311464E-01
Rho =  1.3177668642E+01
DelSqRho =  7.3596187019E+02
GradDelSqRho = -1.1368683772E-13 -1.1022294188E-12 -3.4106051316E-12
HessDelSqRho_EigVals = -1.5525101020E+05 -3.1225819196E+03  1.5455587980E+03
HessDelSqRho_EigVec1 = -1.9866153110E-01  6.7410527154E-01  7.1141807606E-01
HessDelSqRho_EigVec2 = -2.2270151711E-01  6.7584852320E-01 -7.0259007107E-01
HessDelSqRho_EigVec3 =  9.5443052672E-01  2.9801150409E-01 -1.5859164255E-02
</CP of DelSqRho>
<CP of DelSqRho>
CP# = 48      
Type = (3,+1)
Coords =  7.01713544616272E-01 -3.50908877899927E-01  5.90159245901619E-02
DistFromNuc =  7.8678763222E-01
Rho =  1.2385681584E+00
DelSqRho = -6.6875063274E+00
GradDelSqRho = -2.1316282073E-14  5.3290705182E-15 -6.2172489379E-15
HessDelSqRho_EigVals = -1.1431821323E+02  5.5760603408E+01  9.5819970031E+02
HessDelSqRho_EigVec1 =  4.4705184408E-01  8.9450623159E-01  1.8028714320E-03
HessDelSqRho_EigVec2 = -6.9962862494E-02  3.2956231850E-02  9.9700505749E-01
HessDelSqRho_EigVec3 =  8.9176782100E-01 -4.4583908356E-01  7.7315360704E-02
</CP of DelSqRho>
<CP of DelSqRho>
CP# = 49      
Type = (3,+1)
Coords = -7.01732086420116E-01  3.50041809966760E-01  6.38778994930779E-02
DistFromNuc =  7.8678713577E-01
Rho =  1.2385877505E+00
DelSqRho = -6.6877985541E+00
GradDelSqRho =  4.9737991503E-14 -5.5067062021E-14 -1.1546319456E-14
HessDelSqRho_EigVals = -1.1432072348E+02  5.5766273891E+01  9.5820891997E+02
HessDelSqRho_EigVec1 =  4.4703517526E-01  8.9443713817E-01  1.1906214805E-02
HessDelSqRho_EigVec2 =  6.9383961136E-02 -4.7941735539E-02  9.9643738184E-01
HessDelSqRho_EigVec3 =  8.9182140478E-01 -4.4461645928E-01 -8.3491233782E-02
</CP of DelSqRho>
<CP of DelSqRho>
CP# = 50      
Type = (3,+1)
Coords =  3.50517002212994E-01  7.02207306487530E-01 -5.60140377834508E-02
DistFromNuc =  7.8678615262E-01
Rho =  1.2385961140E+00
DelSqRho = -6.6879494329E+00
GradDelSqRho = -5.7287508071E-13 -3.0340174817E-12  2.6645352591E-14
HessDelSqRho_EigVals = -1.1432624667E+02  5.5776278737E+01  9.5821969518E+02
HessDelSqRho_EigVec1 =  8.9449849385E-01 -4.4699592551E-01 -8.1906704843E-03
HessDelSqRho_EigVec2 =  4.0120202667E-02  6.2012112283E-02  9.9726870364E-01
HessDelSqRho_EigVec3 =  4.4526712639E-01  8.9238396473E-01 -7.3403308160E-02
</CP of DelSqRho>
<CP of DelSqRho>
CP# = 51      
Type = (3,+1)
Coords = -3.50451888426300E-01 -7.01193336973143E-01 -6.70071521021952E-02
DistFromNuc =  7.8678560129E-01
Rho =  1.2385933746E+00
DelSqRho = -6.6880498334E+00
GradDelSqRho = -1.6875389974E-14 -3.9079850467E-14 -1.0103029524E-14
HessDelSqRho_EigVals = -1.1431135869E+02  5.5766752229E+01  9.5822745836E+02
HessDelSqRho_EigVec1 =  8.9449499498E-01 -4.4707385827E-01  1.9155153418E-03
HessDelSqRho_EigVec2 = -4.0768772784E-02 -7.7301045819E-02  9.9617390825E-01
HessDelSqRho_EigVec3 =  4.4521524133E-01  8.9115066827E-01  8.7372051138E-02
</CP of DelSqRho>
<CP of DelSqRho>
CP# = 52      
Type = (3,+3)
Coords = -2.25882286474658E-04 -5.70357591731366E-03  7.53524689487568E-01
DistFromNuc =  7.5358447142E-01
Rho =  1.5624760888E+00
DelSqRho = -1.6260295225E+01
GradDelSqRho =  5.4123372450E-16 -3.3306690739E-16  7.1054273576E-15
HessDelSqRho_EigVals =  1.3448328271E+02  1.5760455286E+02  1.4801548601E+03
HessDelSqRho_EigVec1 =  8.7325183773E-01 -4.8725703635E-01 -3.4363402895E-03
HessDelSqRho_EigVec2 =  4.8726905168E-01  8.7322538197E-01  6.8046710179E-03
HessDelSqRho_EigVec3 = -3.1492427162E-04 -7.6166137457E-03  9.9997094359E-01
</CP of DelSqRho>
<CP of DelSqRho>
CP# = 53      
Type = (3,+3)
Coords =  2.45752638687650E-04  5.75647173327599E-03 -7.53599914225176E-01
DistFromNuc =  7.5358377618E-01
Rho =  1.5624845949E+00
DelSqRho = -1.6260514816E+01
GradDelSqRho =  6.6613381478E-16 -7.7715611724E-16  1.7763568394E-13
HessDelSqRho_EigVals =  1.3449141460E+02  1.5760230808E+02  1.4801697316E+03
HessDelSqRho_EigVec1 =  4.8745902316E-01  8.7311953896E-01  6.7802226687E-03
HessDelSqRho_EigVec2 =  8.7314580933E-01 -4.8744705639E-01 -3.4297028885E-03
HessDelSqRho_EigVec3 = -3.1045897673E-04 -7.5919626293E-03  9.9997113244E-01
</CP of DelSqRho>
<CP of DelSqRho>
CP# = 54      
Type = (3,-1)
Coords =  2.98033553182906E-01  5.84696334749221E-01  4.71490729817263E-01
DistFromNuc =  8.0807455059E-01
Rho =  1.0740224682E+00
DelSqRho = -2.7381518897E+00
GradDelSqRho = -1.6653345369E-14 -1.0658141036E-14 -2.6645352591E-14
HessDelSqRho_EigVals = -7.6036486269E+01 -7.4321033978E+01  7.0379375567E+02
HessDelSqRho_EigVec1 =  7.8535551326E-01  9.3198974747E-02 -6.1198910848E-01
HessDelSqRho_EigVec2 =  4.9710129618E-01 -6.8411474822E-01  5.3373899296E-01
HessDelSqRho_EigVec3 =  3.6892684793E-01  7.2339543983E-01  5.8360262037E-01
</CP of DelSqRho>
<CP of DelSqRho>
CP# = 55      
Type = (3,-1)
Coords = -2.98292002743097E-01 -5.91757774125989E-01  4.62333934440861E-01
DistFromNuc =  8.0807930317E-01
Rho =  1.0740033034E+00
DelSqRho = -2.7371926593E+00
GradDelSqRho =  4.8849813084E-15  1.0658141036E-14 -2.3092638912E-14
HessDelSqRho_EigVals = -7.6048761399E+01 -7.4342723186E+01  7.0374166252E+02
HessDelSqRho_EigVec1 =  7.8867949018E-01  7.8794180633E-02  6.0973448227E-01
HessDelSqRho_EigVec2 = -4.9155040369E-01  6.7649658125E-01  5.4838907373E-01
HessDelSqRho_EigVec3 =  3.6927342499E-01  7.3221844599E-01 -5.7227029011E-01
</CP of DelSqRho>
<CP of DelSqRho>
CP# = 56      
Type = (3,-1)
Coords =  2.86083161612213E-01  5.86472465497069E-01 -4.54989943977854E-01
DistFromNuc =  7.9544106669E-01
Rho =  1.1707698339E+00
DelSqRho = -4.7199332898E+00
GradDelSqRho = -3.8191672047E-14 -7.9936057773E-14  6.2172489379E-14
HessDelSqRho_EigVals = -6.3937361929E+01 -6.1265371972E+01  8.5364265673E+02
HessDelSqRho_EigVec1 =  4.2239028637E-01 -6.7495383743E-01 -6.0499897795E-01
HessDelSqRho_EigVec2 =  8.3218453701E-01  2.4232733143E-02  5.5396901629E-01
HessDelSqRho_EigVec3 =  3.5924273458E-01  7.3746192578E-01 -5.7192181779E-01
</CP of DelSqRho>
<CP of DelSqRho>
CP# = 57      
Type = (3,-1)
Coords = -2.85795235137869E-01 -5.79399343261000E-01 -4.64024916540439E-01
DistFromNuc =  7.9543345285E-01
Rho =  1.1708105390E+00
DelSqRho = -4.7215690996E+00
GradDelSqRho =  3.8191672047E-14  7.1054273576E-15 -5.8619775700E-14
HessDelSqRho_EigVals = -6.3906334102E+01 -6.1245241620E+01  8.5373981960E+02
HessDelSqRho_EigVec1 =  4.1857680346E-01 -6.8422075864E-01  5.9718959557E-01
HessDelSqRho_EigVec2 = -8.3424989125E-01 -2.9810467865E-02  5.5058010766E-01
HessDelSqRho_EigVec3 =  3.5891583771E-01  7.2866541667E-01  5.8328906383E-01
</CP of DelSqRho>
<CP of DelSqRho>
CP# = 58      
Type = (3,-1)
Coords =  5.82852803443199E-01 -2.89347798312029E-01  4.57423390003622E-01
DistFromNuc =  7.9543526427E-01
Rho =  1.1707950629E+00
DelSqRho = -4.7210872357E+00
GradDelSqRho = -3.5527136788E-14  2.8421709430E-14 -6.0396132540E-14
HessDelSqRho_EigVals = -6.3926515504E+01 -6.1238540879E+01  8.5371593846E+02
HessDelSqRho_EigVec1 =  6.7968062070E-01  4.2681658873E-01 -5.9654157729E-01
HessDelSqRho_EigVec2 = -2.8668099154E-02  8.2810784879E-01  5.5983527119E-01
HessDelSqRho_EigVec3 =  7.3294774298E-01 -3.6340747152E-01  5.7508487695E-01
</CP of DelSqRho>
<CP of DelSqRho>
CP# = 59      
Type = (3,-1)
Coords = -5.83059804521855E-01  2.82542080822450E-01  4.61414383586105E-01
DistFromNuc =  7.9543733742E-01
Rho =  1.1707952334E+00
DelSqRho = -4.7208049848E+00
GradDelSqRho =  3.1974423109E-14  9.7699626167E-15 -2.1316282073E-14
HessDelSqRho_EigVals = -6.3901885277E+01 -6.1274996743E+01  8.5369085863E+02
HessDelSqRho_EigVec1 =  6.7941218418E-01  4.1697988600E-01  6.0376059713E-01
HessDelSqRho_EigVec2 =  2.7695113391E-02 -8.3682134002E-01  5.4677511426E-01
HessDelSqRho_EigVec3 =  7.3323397676E-01 -3.5476445644E-01 -5.8009491962E-01
</CP of DelSqRho>
<CP of DelSqRho>
CP# = 60      
Type = (3,-1)
Coords =  5.88384788310926E-01 -2.94635220781168E-01 -4.69053673666322E-01
DistFromNuc =  8.0807767049E-01
Rho =  1.0740045000E+00
DelSqRho = -2.7375934096E+00
GradDelSqRho =  3.5527136788E-15  1.0658141036E-14  1.4210854715E-14
HessDelSqRho_EigVals = -7.6052036039E+01 -7.4320478250E+01  7.0375914099E+02
HessDelSqRho_EigVec1 = -8.3419337097E-02  7.9328458195E-01 -6.0310926559E-01
HessDelSqRho_EigVec2 =  6.8049651608E-01  4.8748028164E-01  5.4707171981E-01
HessDelSqRho_EigVec3 =  7.2798743519E-01 -3.6477739384E-01 -5.8049267622E-01
</CP of DelSqRho>
<CP of DelSqRho>
CP# = 61      
Type = (3,-1)
Coords = -5.88112123326894E-01  3.01699914460563E-01 -4.64898047876115E-01
DistFromNuc =  8.0807550654E-01
Rho =  1.0740214819E+00
DelSqRho = -2.7379371041E+00
GradDelSqRho =  4.7961634664E-14 -3.5527136788E-15  7.1054273576E-15
HessDelSqRho_EigVals = -7.6034653193E+01 -7.4331979746E+01  7.0378302386E+02
HessDelSqRho_EigVec1 = -8.6286045856E-02  7.8230521982E-01  6.1688999128E-01
HessDelSqRho_EigVec2 = -6.8046747220E-01 -4.9854347246E-01  5.3704601790E-01
HessDelSqRho_EigVec3 =  7.2768038147E-01 -3.7343399566E-01  5.7535060034E-01
</CP of DelSqRho>
<CP of DelSqRho>
CP# = 62      
Type = (3,+1)
Coords =  2.32765910282440E-01 -5.10197554035309E-01  5.51448289198266E-01
DistFromNuc =  7.8654264578E-01
Rho =  1.2418042443E+00
DelSqRho = -6.7679948934E+00
GradDelSqRho = -3.6415315208E-14  7.8159700934E-14 -1.4210854715E-13
HessDelSqRho_EigVals = -1.1388650830E+02  5.6882680436E+01  9.6212956917E+02
HessDelSqRho_EigVec1 = -2.2450667015E-01  6.6632376502E-01  7.1106215989E-01
HessDelSqRho_EigVec2 = -9.2783059867E-01 -3.6921230911E-01  5.3034431940E-02
HessDelSqRho_EigVec3 =  2.9787100434E-01 -6.4783864578E-01  7.0112620391E-01
</CP of DelSqRho>
<CP of DelSqRho>
CP# = 63      
Type = (3,+1)
