 AIMInt (Version 14.11.23, Professional)
 Portions Copyright (c) 1997-2014 by Todd A. Keith
 AIMInt is a component of the AIMAll package ( http://aim.tkgristmill.com )

 AIMInt is a heavily modified and extended version of the PROAIMV program
 developed by members of R.F.W. Bader's research group

 Much of the Quantum Theory of Atoms in Molecules (QTAIM) is described in the book:
   "Atoms in Molecules - A Quantum Theory"
   R.F.W. Bader, Oxford University Press, Oxford, 1990

 For additional references see:  http://aim.tkgristmill.com/references.html

 Inp File:  E:\Proyecto spin\estructuras hexahidratadas\estructuras hexahidratadas solas\nuevas\V24_beta_atomicfiles\v1.inp
 Wfx File:  E:\Proyecto spin\estructuras hexahidratadas\estructuras hexahidratadas solas\nuevas\V24_beta.wfx
 Out File:  E:\Proyecto spin\estructuras hexahidratadas\estructuras hexahidratadas solas\nuevas\V24_beta_atomicfiles\v1.int

 Wfx Title:   V[H2O]6 (2+)                                                                  
 Job Title:   V[H2O]6 (2+)                                                                  
 
<Atom>
V1      
</Atom>
<Nuclei of Molecule>
    19
V1        23.0           0.0000000000E+00   0.0000000000E+00   0.0000000000E+00
O2         8.0          -4.0636198098E+00   1.8278378055E-02   2.8273973286E-02
O3         8.0           2.0121753445E-02   4.0546743400E+00  -2.9832919117E-01
H4         1.0          -5.1390912037E+00   1.4844546521E+00  -7.8156692312E-02
H5         1.0           4.2592685087E-02   5.2715718415E+00   1.0560905487E+00
H6         1.0           6.7987069189E-03   4.9890223568E+00  -1.8621237896E+00
O7         8.0           4.0636198098E+00  -1.8278378055E-02  -2.8273973286E-02
O8         8.0          -2.0121753445E-02  -4.0546743400E+00   2.9832919117E-01
O9         8.0          -3.8956586178E-02  -2.1513957999E-01  -4.0556338484E+00
O10        8.0           3.8956586178E-02   2.1513957999E-01   4.0556338484E+00
H11        1.0          -5.1489954877E+00  -1.4368876880E+00   1.7543556757E-01
H12        1.0           5.1390912037E+00  -1.4844546521E+00   7.8156692312E-02
H13        1.0           5.1489954877E+00   1.4368876880E+00  -1.7543556757E-01
H14        1.0          -4.2592685087E-02  -5.2715718415E+00  -1.0560905487E+00
H15        1.0          -6.7987069189E-03  -4.9890223568E+00   1.8621237896E+00
H16        1.0           1.4119588252E+00  -3.6660627601E-01  -5.1461143241E+00
H17        1.0          -1.5196905421E+00  -3.4806421001E-01  -5.1080785258E+00
H18        1.0          -1.4119588252E+00   3.6660627601E-01   5.1461143241E+00
H19        1.0           1.5196905421E+00   3.4806421001E-01   5.1080785258E+00
</Nuclei of Molecule>
<Total Number of CPs of DelSqRho>
   104
</Total Number of CPs of DelSqRho>
<Number of (3,+3) CPs of DelSqRho>
    12
</Number of (3,+3) CPs of DelSqRho>
<Number of (3,+1) CPs of DelSqRho>
    36
</Number of (3,+1) CPs of DelSqRho>
<Number of (3,-1) CPs of DelSqRho>
    40
</Number of (3,-1) CPs of DelSqRho>
<Number of (3,-3) CPs of DelSqRho>
    16
</Number of (3,-3) CPs of DelSqRho>
<Number of Degenerate CPs of DelSqRho>
     0
</Number of Degenerate CPs of DelSqRho>
<CP of DelSqRho>
CP# = 1       
Type = (3,+1)
Coords =  1.26267403329515E-01 -1.29131663530847E-01  1.08613366086477E-02
DistFromNuc =  1.8093206544E-01
Rho =  3.4198775293E+01
DelSqRho = -1.6680921715E+03
GradDelSqRho = -2.3646862246E-11  7.2759576142E-12 -3.4333424992E-11
HessDelSqRho_EigVals = -2.7224490638E+02  1.3190218764E+02  2.2033708334E+06
HessDelSqRho_EigVec1 =  7.1621720340E-01  6.9529026989E-01 -6.0036306910E-02
HessDelSqRho_EigVec2 =  1.1034640477E-03  8.4898634955E-02  9.9638898235E-01
HessDelSqRho_EigVec3 = -6.9787656496E-01  7.1369717834E-01 -6.0038635084E-02
</CP of DelSqRho>
<CP of DelSqRho>
CP# = 2       
Type = (3,+1)
Coords = -1.26267403329459E-01  1.29131663530882E-01 -1.08613366088895E-02
DistFromNuc =  1.8093206544E-01
Rho =  3.4198775293E+01
DelSqRho = -1.6680921715E+03
GradDelSqRho = -2.7284841053E-12 -2.1827872843E-11  4.5474735089E-12
HessDelSqRho_EigVals = -2.7224490638E+02  1.3190218764E+02  2.2033708334E+06
HessDelSqRho_EigVec1 =  7.1621720340E-01  6.9529026989E-01 -6.0036306910E-02
HessDelSqRho_EigVec2 =  1.1034640470E-03  8.4898634956E-02  9.9638898235E-01
HessDelSqRho_EigVec3 = -6.9787656496E-01  7.1369717834E-01 -6.0038635086E-02
</CP of DelSqRho>
<CP of DelSqRho>
CP# = 3       
Type = (3,+3)
Coords =  1.80928608896754E-01 -7.15137661374071E-04 -1.25620328368469E-03
DistFromNuc =  1.8093438309E-01
Rho =  3.4200597706E+01
DelSqRho = -1.6692479039E+03
GradDelSqRho =  0.0000000000E+00  9.0949470177E-13 -1.8189894035E-12
HessDelSqRho_EigVals =  2.7084238562E+02  2.7750409762E+02  2.2032132332E+06
HessDelSqRho_EigVec1 =  5.5542652270E-03 -2.8048096971E-01  9.5984351629E-01
HessDelSqRho_EigVec2 =  5.7399845282E-03  9.5985145151E-01  2.8045007330E-01
HessDelSqRho_EigVec3 =  9.9996810085E-01 -3.9517928429E-03 -6.9412259668E-03
</CP of DelSqRho>
<CP of DelSqRho>
CP# = 4       
Type = (3,+3)
Coords = -1.80928608896754E-01  7.15137661406427E-04  1.25620328368252E-03
DistFromNuc =  1.8093438309E-01
Rho =  3.4200597706E+01
DelSqRho = -1.6692479039E+03
GradDelSqRho =  0.0000000000E+00  1.8189894035E-12  0.0000000000E+00
HessDelSqRho_EigVals =  2.7084238562E+02  2.7750409762E+02  2.2032132332E+06
HessDelSqRho_EigVec1 =  5.5542652267E-03 -2.8048096975E-01  9.5984351628E-01
HessDelSqRho_EigVec2 =  5.7399845286E-03  9.5985145150E-01  2.8045007334E-01
HessDelSqRho_EigVec3 =  9.9996810085E-01 -3.9517928431E-03 -6.9412259668E-03
</CP of DelSqRho>
<CP of DelSqRho>
CP# = 5       
Type = (3,+3)
Coords =  9.29837253653148E-04  1.80336057634820E-01 -1.46849996886703E-02
DistFromNuc =  1.8093536829E-01
Rho =  3.4200012122E+01
DelSqRho = -1.6691699795E+03
GradDelSqRho = -3.6379788071E-12 -5.4569682106E-11 -4.6611603466E-12
HessDelSqRho_EigVals =  2.6520665391E+02  2.6720436068E+02  2.2031389518E+06
HessDelSqRho_EigVec1 =  2.0812986532E-01  7.8329873167E-02  9.7495968641E-01
HessDelSqRho_EigVec2 =  9.7808769765E-01 -2.1905293017E-02 -2.0703771118E-01
HessDelSqRho_EigVec3 =  5.1395399534E-03  9.9668680593E-01 -8.1172630989E-02
</CP of DelSqRho>
<CP of DelSqRho>
CP# = 6       
Type = (3,+3)
Coords = -9.29837253640750E-04 -1.80336057634821E-01  1.46849996886539E-02
DistFromNuc =  1.8093536829E-01
Rho =  3.4200012122E+01
DelSqRho = -1.6691699795E+03
GradDelSqRho =  0.0000000000E+00  1.0913936421E-11 -2.7739588404E-11
HessDelSqRho_EigVals =  2.6520665391E+02  2.6720436068E+02  2.2031389518E+06
HessDelSqRho_EigVec1 =  2.0812986533E-01  7.8329873167E-02  9.7495968641E-01
HessDelSqRho_EigVec2 =  9.7808769765E-01 -2.1905293017E-02 -2.0703771118E-01
HessDelSqRho_EigVec3 =  5.1395399534E-03  9.9668680593E-01 -8.1172630989E-02
</CP of DelSqRho>
<CP of DelSqRho>
CP# = 7       
Type = (3,+3)
Coords =  1.92670262285735E-03  9.87782403973586E-03  1.80654162706329E-01
DistFromNuc =  1.8093427009E-01
Rho =  3.4200751342E+01
DelSqRho = -1.6692832635E+03
GradDelSqRho =  1.8189894035E-12 -2.7057467378E-11 -4.0017766878E-11
HessDelSqRho_EigVals =  2.7589864700E+02  2.7915876483E+02  2.2032300772E+06
HessDelSqRho_EigVec1 =  9.9892884403E-01  4.4385044395E-02 -1.3081757989E-02
HessDelSqRho_EigVec2 = -4.5030395001E-02  9.9752227428E-01 -5.4051603447E-02
HessDelSqRho_EigVec3 =  1.0650262162E-02  5.4582782479E-02  9.9845244843E-01
</CP of DelSqRho>
<CP of DelSqRho>
CP# = 8       
Type = (3,+3)
Coords = -1.92670262286041E-03 -9.87782403986488E-03 -1.80654162706322E-01
DistFromNuc =  1.8093427009E-01
Rho =  3.4200751342E+01
DelSqRho = -1.6692832635E+03
GradDelSqRho = -3.6379788071E-12  1.2050804798E-11  7.2759576142E-12
HessDelSqRho_EigVals =  2.7589864700E+02  2.7915876483E+02  2.2032300772E+06
HessDelSqRho_EigVec1 =  9.9892884403E-01  4.4385044387E-02 -1.3081757989E-02
HessDelSqRho_EigVec2 = -4.5030394993E-02  9.9752227428E-01 -5.4051603447E-02
HessDelSqRho_EigVec3 =  1.0650262162E-02  5.4582782479E-02  9.9845244843E-01
</CP of DelSqRho>
<CP of DelSqRho>
CP# = 9       
Type = (3,+1)
Coords =  2.32200192383177E-03  1.37743997221818E-01  1.17294035039164E-01
DistFromNuc =  1.8093283593E-01
Rho =  3.4198380288E+01
DelSqRho = -1.6680511979E+03
GradDelSqRho =  7.2759576142E-12  2.5465851650E-11  2.0008883439E-11
HessDelSqRho_EigVals = -2.7947908190E+02  1.3014675863E+02  2.2033176798E+06
HessDelSqRho_EigVec1 =  3.8347464639E-03 -6.4836564293E-01  7.6131943873E-01
HessDelSqRho_EigVec2 =  9.9991027229E-01 -7.2856918394E-03 -1.1241266437E-02
HessDelSqRho_EigVec3 =  1.2835189763E-02  7.6129423468E-01  6.4827952779E-01
</CP of DelSqRho>
<CP of DelSqRho>
CP# = 10      
Type = (3,+1)
Coords = -2.32200192379733E-03 -1.37743997221861E-01 -1.17294035039114E-01
DistFromNuc =  1.8093283593E-01
Rho =  3.4198380288E+01
DelSqRho = -1.6680511979E+03
GradDelSqRho =  0.0000000000E+00  2.0008883439E-11 -1.2732925825E-11
HessDelSqRho_EigVals = -2.7947908190E+02  1.3014675863E+02  2.2033176798E+06
HessDelSqRho_EigVec1 =  3.8347464639E-03 -6.4836564293E-01  7.6131943873E-01
HessDelSqRho_EigVec2 =  9.9991027229E-01 -7.2856918393E-03 -1.1241266437E-02
HessDelSqRho_EigVec3 =  1.2835189763E-02  7.6129423468E-01  6.4827952779E-01
</CP of DelSqRho>
<CP of DelSqRho>
CP# = 11      
Type = (3,-1)
Coords =  1.03609968746895E-01  1.13610267767958E-01  9.53616333806603E-02
DistFromNuc =  1.8093136734E-01
Rho =  3.4198173048E+01
DelSqRho = -1.6677172419E+03
GradDelSqRho = -4.5019987738E-11 -5.0931703299E-11 -5.8207660913E-11
HessDelSqRho_EigVals = -1.9193861360E+02 -1.7514334337E+02  2.2034211269E+06
HessDelSqRho_EigVec1 =  1.5869839640E-01 -7.1566458095E-01  6.8017573211E-01
HessDelSqRho_EigVec2 = -8.0428928639E-01  3.0586210369E-01  5.0947729815E-01
HessDelSqRho_EigVec3 =  5.7265483739E-01  6.2791128441E-01  5.2706152973E-01
</CP of DelSqRho>
<CP of DelSqRho>
CP# = 12      
Type = (3,+1)
Coords = -1.27297809735286E-01  6.44640985946587E-03  1.28413197803322E-01
DistFromNuc =  1.8093158357E-01
Rho =  3.4199094492E+01
DelSqRho = -1.6681375317E+03
GradDelSqRho =  1.3642420527E-11  3.9108272176E-11 -2.1827872843E-11
HessDelSqRho_EigVals = -2.7466053728E+02  1.4029983538E+02  2.2034119647E+06
HessDelSqRho_EigVec1 =  7.1062624817E-01  3.7487163402E-02  7.0257031533E-01
HessDelSqRho_EigVec2 = -1.5795574323E-03  9.9866202706E-01 -5.1688109826E-02
HessDelSqRho_EigVec3 = -7.0356793589E-01  3.5621177398E-02  7.0973466261E-01
</CP of DelSqRho>
<CP of DelSqRho>
CP# = 13      
Type = (3,+1)
Coords =  1.27297809735257E-01 -6.44640985922570E-03 -1.28413197803363E-01
DistFromNuc =  1.8093158357E-01
Rho =  3.4199094492E+01
DelSqRho = -1.6681375317E+03
GradDelSqRho = -2.2737367544E-11  5.4569682106E-12  3.6379788071E-11
HessDelSqRho_EigVals = -2.7466053728E+02  1.4029983538E+02  2.2034119647E+06
HessDelSqRho_EigVec1 =  7.1062624817E-01  3.7487163401E-02  7.0257031533E-01
HessDelSqRho_EigVec2 = -1.5795574328E-03  9.9866202706E-01 -5.1688109825E-02
HessDelSqRho_EigVec3 = -7.0356793588E-01  3.5621177396E-02  7.0973466261E-01
</CP of DelSqRho>
<CP of DelSqRho>
CP# = 14      
Type = (3,-1)
Coords = -1.03609968746909E-01 -1.13610267767789E-01 -9.53616333808468E-02
DistFromNuc =  1.8093136734E-01
Rho =  3.4198173048E+01
DelSqRho = -1.6677172419E+03
GradDelSqRho = -4.0927261580E-12 -2.9103830457E-11 -1.4551915228E-11
HessDelSqRho_EigVals = -1.9193861360E+02 -1.7514334337E+02  2.2034211269E+06
HessDelSqRho_EigVec1 =  1.5869839637E-01 -7.1566458094E-01  6.8017573213E-01
HessDelSqRho_EigVec2 = -8.0428928639E-01  3.0586210372E-01  5.0947729812E-01
HessDelSqRho_EigVec3 =  5.7265483739E-01  6.2791128441E-01  5.2706152973E-01
</CP of DelSqRho>
<CP of DelSqRho>
CP# = 15      
Type = (3,-1)
Coords = -1.01146300246085E-01  1.14335644015095E-01  9.71237827304628E-02
DistFromNuc =  1.8093159679E-01
Rho =  3.4198046760E+01
DelSqRho = -1.6677028900E+03
GradDelSqRho = -3.6379788071E-12 -3.6379788071E-12 -7.2759576142E-12
HessDelSqRho_EigVals = -1.9166492348E+02 -1.7782159255E+02  2.2034041906E+06
HessDelSqRho_EigVec1 =  1.4575914185E-01  7.1223282702E-01 -6.8664304605E-01
HessDelSqRho_EigVec2 =  8.1623055945E-01  3.0561510209E-01  4.9027245812E-01
HessDelSqRho_EigVec3 = -5.5903662347E-01  6.3192073039E-01  5.3680000384E-01
</CP of DelSqRho>
<CP of DelSqRho>
CP# = 16      
Type = (3,-1)
Coords =  1.05957209803181E-01 -9.94414943508778E-02  1.07797142459023E-01
DistFromNuc =  1.8093027671E-01
Rho =  3.4198762834E+01
DelSqRho = -1.6677811416E+03
GradDelSqRho =  4.1836756282E-11 -2.9103830457E-11  2.5465851650E-11
HessDelSqRho_EigVals = -1.8616994689E+02 -1.7174608054E+02  2.2035019520E+06
HessDelSqRho_EigVec1 = -7.7490294747E-01 -5.9527295841E-01  2.1254535276E-01
HessDelSqRho_EigVec2 = -2.3784700033E-01  5.8615845947E-01  7.7449794372E-01
HessDelSqRho_EigVec3 =  5.8562293879E-01 -5.4960746481E-01  5.9579980546E-01
</CP of DelSqRho>
<CP of DelSqRho>
CP# = 17      
Type = (3,-1)
Coords = -1.05121538560573E-01 -9.78558084580926E-02  1.10043210042988E-01
DistFromNuc =  1.8093038770E-01
Rho =  3.4198710925E+01
DelSqRho = -1.6677763433E+03
GradDelSqRho = -1.8189894035E-11 -2.1827872843E-11 -7.2759576142E-12
HessDelSqRho_EigVals = -1.8586096162E+02 -1.7304985484E+02  2.2034946039E+06
HessDelSqRho_EigVec1 =  8.0309906783E-01 -5.0230281363E-01  3.2050549241E-01
HessDelSqRho_EigVec2 =  1.3216302922E-01  6.7466945092E-01  7.2619148005E-01
HessDelSqRho_EigVec3 =  5.8100328825E-01  5.4084472394E-01 -6.0821226857E-01
</CP of DelSqRho>
<CP of DelSqRho>
CP# = 18      
Type = (3,-1)
Coords =  1.05121538560496E-01  9.78558084580393E-02 -1.10043210043109E-01
DistFromNuc =  1.8093038770E-01
Rho =  3.4198710925E+01
DelSqRho = -1.6677763433E+03
GradDelSqRho =  1.6370904632E-11  1.0913936421E-11  2.1827872843E-11
HessDelSqRho_EigVals = -1.8586096162E+02 -1.7304985484E+02  2.2034946039E+06
HessDelSqRho_EigVec1 =  8.0309906784E-01 -5.0230281360E-01  3.2050549244E-01
HessDelSqRho_EigVec2 =  1.3216302919E-01  6.7466945094E-01  7.2619148004E-01
HessDelSqRho_EigVec3 =  5.8100328825E-01  5.4084472394E-01 -6.0821226857E-01
</CP of DelSqRho>
<CP of DelSqRho>
CP# = 19      
Type = (3,-1)
Coords = -1.05957209803312E-01  9.94414943508644E-02 -1.07797142458907E-01
DistFromNuc =  1.8093027671E-01
Rho =  3.4198762834E+01
DelSqRho = -1.6677811416E+03
GradDelSqRho =  9.0949470177E-12  7.2759576142E-12  3.6379788071E-12
HessDelSqRho_EigVals = -1.8616994689E+02 -1.7174608054E+02  2.2035019520E+06
HessDelSqRho_EigVec1 = -7.7490294747E-01 -5.9527295843E-01  2.1254535274E-01
HessDelSqRho_EigVec2 = -2.3784700035E-01  5.8615845945E-01  7.7449794373E-01
HessDelSqRho_EigVec3 =  5.8562293879E-01 -5.4960746481E-01  5.9579980546E-01
</CP of DelSqRho>
<CP of DelSqRho>
CP# = 20      
Type = (3,-1)
Coords =  1.01146300245981E-01 -1.14335644015144E-01 -9.71237827305137E-02
DistFromNuc =  1.8093159679E-01
Rho =  3.4198046760E+01
DelSqRho = -1.6677028900E+03
GradDelSqRho = -1.0913936421E-11 -7.2759576142E-12  3.2741809264E-11
HessDelSqRho_EigVals = -1.9166492348E+02 -1.7782159255E+02  2.2034041906E+06
HessDelSqRho_EigVec1 =  1.4575914183E-01  7.1223282701E-01 -6.8664304606E-01
HessDelSqRho_EigVec2 =  8.1623055946E-01  3.0561510210E-01  4.9027245810E-01
HessDelSqRho_EigVec3 = -5.5903662347E-01  6.3192073039E-01  5.3680000384E-01
</CP of DelSqRho>
<CP of DelSqRho>
CP# = 21      
Type = (3,+1)
Coords =  7.69079090362677E-04 -1.20775559228575E-01  1.34717342916471E-01
DistFromNuc =  1.8093117385E-01
Rho =  3.4199331856E+01
DelSqRho = -1.6681695543E+03
GradDelSqRho = -8.5265128291E-13  0.0000000000E+00 -3.6379788071E-12
HessDelSqRho_EigVals = -2.6499415019E+02  1.4031822972E+02  2.2034417891E+06
HessDelSqRho_EigVec1 =  1.0911524913E-02  7.4457651164E-01  6.6744794324E-01
HessDelSqRho_EigVec2 =  9.9993142936E-01 -5.2868865494E-03 -1.0449182185E-02
HessDelSqRho_EigVec3 =  4.2514940673E-03 -6.6751619242E-01  7.4458314355E-01
</CP of DelSqRho>
<CP of DelSqRho>
CP# = 22      
Type = (3,+1)
Coords = -7.69079090358375E-04  1.20775559228571E-01 -1.34717342916475E-01
DistFromNuc =  1.8093117385E-01
Rho =  3.4199331856E+01
DelSqRho = -1.6681695543E+03
GradDelSqRho =  3.5242919694E-12 -5.2750692703E-11  1.2732925825E-11
HessDelSqRho_EigVals = -2.6499415019E+02  1.4031822972E+02  2.2034417891E+06
HessDelSqRho_EigVec1 =  1.0911524913E-02  7.4457651164E-01  6.6744794324E-01
HessDelSqRho_EigVec2 =  9.9993142936E-01 -5.2868865494E-03 -1.0449182185E-02
HessDelSqRho_EigVec3 =  4.2514940673E-03 -6.6751619242E-01  7.4458314355E-01
</CP of DelSqRho>
<CP of DelSqRho>
CP# = 23      
Type = (3,+1)
Coords = -3.21049807891324E-01  1.61007668164418E-03  2.90249422461251E-03
DistFromNuc =  3.2106696493E-01
Rho =  8.0034238114E+00
DelSqRho =  4.8042198136E+02
GradDelSqRho =  3.6379788071E-12 -2.0605739337E-13 -2.5313084961E-13
HessDelSqRho_EigVals = -1.1685991581E+05  7.5525808154E+01  7.6698954944E+01
HessDelSqRho_EigVec1 =  9.9994656803E-01 -5.0147349850E-03 -9.0395529897E-03
HessDelSqRho_EigVec2 =  8.7807320984E-03  8.7350578829E-01  4.8673456480E-01
HessDelSqRho_EigVec3 =  5.4552570095E-03 -4.8678793151E-01  8.7350314820E-01
</CP of DelSqRho>
<CP of DelSqRho>
CP# = 24      
Type = (3,+1)
Coords =  3.21049807891324E-01 -1.61007668164005E-03 -2.90249422460922E-03
DistFromNuc =  3.2106696493E-01
Rho =  8.0034238114E+00
DelSqRho =  4.8042198136E+02
GradDelSqRho =  9.0949470177E-12  3.3040237213E-13  5.1070259133E-13
HessDelSqRho_EigVals = -1.1685991581E+05  7.5525808154E+01  7.6698954944E+01
HessDelSqRho_EigVec1 =  9.9994656803E-01 -5.0147349850E-03 -9.0395529897E-03
HessDelSqRho_EigVec2 =  8.7807320984E-03  8.7350578829E-01  4.8673456480E-01
HessDelSqRho_EigVec3 =  5.4552570095E-03 -4.8678793151E-01  8.7350314820E-01
</CP of DelSqRho>
<CP of DelSqRho>
CP# = 25      
Type = (3,+1)
Coords =  1.29566406432855E-01  5.56707733933330E-03  1.26165358723768E-01
DistFromNuc =  1.8093132335E-01
Rho =  3.4199233149E+01
DelSqRho = -1.6681531952E+03
GradDelSqRho =  1.0913936421E-11  7.7307049651E-12  0.0000000000E+00
HessDelSqRho_EigVals = -2.7275347315E+02  1.4153141646E+02  2.2034305560E+06
HessDelSqRho_EigVec1 = -6.9794058091E-01  4.3466600108E-02  7.1483536580E-01
HessDelSqRho_EigVec2 =  8.3199685790E-03  9.9858116849E-01 -5.2596844563E-02
HessDelSqRho_EigVec3 =  7.1610734086E-01  3.0762064466E-02  6.9731196157E-01
</CP of DelSqRho>
<CP of DelSqRho>
CP# = 26      
Type = (3,+1)
Coords = -1.29566406432927E-01 -5.56707733946181E-03 -1.26165358723688E-01
DistFromNuc =  1.8093132335E-01
Rho =  3.4199233149E+01
DelSqRho = -1.6681531952E+03
GradDelSqRho =  4.0017766878E-11 -2.6602720027E-11  4.3655745685E-11
HessDelSqRho_EigVals = -2.7275347315E+02  1.4153141646E+02  2.2034305560E+06
HessDelSqRho_EigVec1 = -6.9794058091E-01  4.3466600108E-02  7.1483536580E-01
HessDelSqRho_EigVec2 =  8.3199685781E-03  9.9858116849E-01 -5.2596844564E-02
HessDelSqRho_EigVec3 =  7.1610734087E-01  3.0762064467E-02  6.9731196157E-01
</CP of DelSqRho>
<CP of DelSqRho>
CP# = 27      
Type = (3,+1)
Coords =  1.27344606645948E-01  1.27947791391967E-01 -1.22106222847945E-02
DistFromNuc =  1.8093199126E-01
Rho =  3.4198826642E+01
DelSqRho = -1.6680999589E+03
GradDelSqRho =  1.4551915228E-11 -1.4551915228E-11 -1.8189894035E-12
HessDelSqRho_EigVals = -2.7131088634E+02  1.3274619755E+02  2.2033769409E+06
HessDelSqRho_EigVec1 =  7.1026118458E-01 -7.0218908925E-01  4.9593675140E-02
HessDelSqRho_EigVec2 =  1.2322983382E-02  8.2843721712E-02  9.9648635809E-01
HessDelSqRho_EigVec3 =  7.0383037286E-01  7.0715443908E-01 -6.7493744396E-02
</CP of DelSqRho>
<CP of DelSqRho>
CP# = 28      
Type = (3,+1)
Coords = -1.27344606646027E-01 -1.27947791391897E-01  1.22106222847018E-02
DistFromNuc =  1.8093199126E-01
Rho =  3.4198826642E+01
DelSqRho = -1.6680999589E+03
GradDelSqRho = -1.0913936421E-11 -5.8207660913E-11  3.6379788071E-12
HessDelSqRho_EigVals = -2.7131088634E+02  1.3274619755E+02  2.2033769409E+06
HessDelSqRho_EigVec1 =  7.1026118458E-01 -7.0218908925E-01  4.9593675140E-02
HessDelSqRho_EigVec2 =  1.2322983382E-02  8.2843721711E-02  9.9648635809E-01
HessDelSqRho_EigVec3 =  7.0383037286E-01  7.0715443908E-01 -6.7493744396E-02
</CP of DelSqRho>
<CP of DelSqRho>
CP# = 29      
Type = (3,+1)
Coords =  1.39528531156357E-03  3.20368466304083E-01 -2.11262063066767E-02
DistFromNuc =  3.2106731010E-01
Rho =  8.0033474210E+00
DelSqRho =  4.8041693206E+02
GradDelSqRho =  3.9790393203E-13 -1.1162626379E-11 -4.8938630925E-13
HessDelSqRho_EigVals = -1.1685716892E+05  7.6016547250E+01  7.6136908468E+01
HessDelSqRho_EigVec1 =  4.3457773014E-03  9.9782321202E-01 -6.5802369119E-02
HessDelSqRho_EigVec2 =  8.2570717765E-01 -4.0699244718E-02 -5.6262885480E-01
HessDelSqRho_EigVec3 =  5.6408223779E-01  5.1888428782E-02  8.2408665805E-01
</CP of DelSqRho>
<CP of DelSqRho>
CP# = 30      
Type = (3,+1)
Coords = -1.39528531155385E-03 -3.20368466304083E-01  2.11262063066761E-02
DistFromNuc =  3.2106731010E-01
Rho =  8.0033474210E+00
DelSqRho =  4.8041693206E+02
GradDelSqRho =  1.9184653866E-13  5.2740034562E-12 -3.1441516057E-13
HessDelSqRho_EigVals = -1.1685716892E+05  7.6016547250E+01  7.6136908468E+01
HessDelSqRho_EigVec1 =  4.3457773014E-03  9.9782321202E-01 -6.5802369119E-02
HessDelSqRho_EigVec2 =  8.2570717752E-01 -4.0699244730E-02 -5.6262885500E-01
HessDelSqRho_EigVec3 =  5.6408223799E-01  5.1888428772E-02  8.2408665791E-01
</CP of DelSqRho>
<CP of DelSqRho>
CP# = 31      
Type = (3,+1)
Coords =  2.75729278149176E-03  2.22439116243743E-02  3.20284487649228E-01
DistFromNuc =  3.2106782351E-01
Rho =  8.0033957091E+00
DelSqRho =  4.8041602761E+02
GradDelSqRho =  2.4158453016E-13  2.1316282073E-12 -4.6309622803E-12
HessDelSqRho_EigVals = -1.1685816105E+05  7.6119071233E+01  7.6595001791E+01
HessDelSqRho_EigVec1 =  8.5884516686E-03  6.9278212839E-02  9.9756040806E-01
HessDelSqRho_EigVec2 = -5.2703348643E-02  9.9624201109E-01 -6.8732906165E-02
HessDelSqRho_EigVec3 =  9.9857328000E-01  5.1984464736E-02 -1.2207370167E-02
</CP of DelSqRho>
<CP of DelSqRho>
CP# = 32      
Type = (3,+1)
Coords = -2.75729278149092E-03 -2.22439116243728E-02 -3.20284487649228E-01
DistFromNuc =  3.2106782351E-01
Rho =  8.0033957091E+00
DelSqRho =  4.8041602761E+02
GradDelSqRho = -1.9184653866E-13 -1.9211299218E-12  5.5422333389E-12
HessDelSqRho_EigVals = -1.1685816105E+05  7.6119071233E+01  7.6595001791E+01
HessDelSqRho_EigVec1 =  8.5884516686E-03  6.9278212839E-02  9.9756040806E-01
HessDelSqRho_EigVec2 = -5.2703348637E-02  9.9624201109E-01 -6.8732906165E-02
HessDelSqRho_EigVec3 =  9.9857328001E-01  5.1984464730E-02 -1.2207370167E-02
</CP of DelSqRho>
<CP of DelSqRho>
CP# = 33      
Type = (3,-1)
Coords =  2.68462943039667E-03  2.41851392656747E-01  2.11118559888051E-01
DistFromNuc =  3.2104571278E-01
Rho =  7.9999800740E+00
DelSqRho =  4.8139031629E+02
GradDelSqRho = -4.1922021410E-13  3.4425795548E-12  3.6592950892E-13
HessDelSqRho_EigVals = -1.1690938760E+05 -7.5855251236E+01  3.7984458569E+01
HessDelSqRho_EigVec1 =  8.3625467863E-03  7.5332495512E-01  6.5759530092E-01
HessDelSqRho_EigVec2 =  3.0981989317E-03 -6.5763465839E-01  7.5333064271E-01
HessDelSqRho_EigVec3 =  9.9996023370E-01 -4.2624016864E-03 -7.8334511704E-03
</CP of DelSqRho>
<CP of DelSqRho>
CP# = 34      
Type = (3,-1)
Coords =  8.79685207383300E-04 -2.11196543763643E-01  2.41795058518594E-01
DistFromNuc =  3.2104455184E-01
Rho =  8.0002052699E+00
DelSqRho =  4.8140418522E+02
GradDelSqRho = -5.1514348343E-14  3.2773783687E-12  3.5473846083E-12
HessDelSqRho_EigVals = -1.1691658465E+05 -7.6396248004E+01  3.8518718147E+01
HessDelSqRho_EigVec1 =  2.7404752917E-03 -6.5784282615E-01  7.5315025452E-01
HessDelSqRho_EigVec2 =  9.3859283230E-03  7.5313682806E-01  6.5779694631E-01
HessDelSqRho_EigVec3 =  9.9995219593E-01 -5.2663380271E-03 -8.2384184826E-03
</CP of DelSqRho>
<CP of DelSqRho>
CP# = 35      
Type = (3,-1)
Coords = -8.79685207382699E-04  2.11196543763644E-01 -2.41795058518592E-01
DistFromNuc =  3.2104455184E-01
Rho =  8.0002052699E+00
DelSqRho =  4.8140418522E+02
GradDelSqRho =  1.7763568394E-13  1.0537348771E-11 -1.0109246773E-11
HessDelSqRho_EigVals = -1.1691658465E+05 -7.6396248004E+01  3.8518718147E+01
HessDelSqRho_EigVec1 =  2.7404752917E-03 -6.5784282615E-01  7.5315025452E-01
HessDelSqRho_EigVec2 =  9.3859283230E-03  7.5313682806E-01  6.5779694631E-01
HessDelSqRho_EigVec3 =  9.9995219593E-01 -5.2663380271E-03 -8.2384184825E-03
</CP of DelSqRho>
<CP of DelSqRho>
CP# = 36      
Type = (3,-1)
Coords = -2.68462943040790E-03 -2.41851392656723E-01 -2.11118559888078E-01
DistFromNuc =  3.2104571278E-01
Rho =  7.9999800740E+00
DelSqRho =  4.8139031629E+02
GradDelSqRho = -4.8316906032E-13  2.6183499813E-12  4.1282532948E-12
HessDelSqRho_EigVals = -1.1690938760E+05 -7.5855251236E+01  3.7984458569E+01
HessDelSqRho_EigVec1 =  8.3625467864E-03  7.5332495512E-01  6.5759530092E-01
HessDelSqRho_EigVec2 =  3.0981989318E-03 -6.5763465839E-01  7.5333064271E-01
HessDelSqRho_EigVec3 =  9.9996023370E-01 -4.2624016864E-03 -7.8334511704E-03
</CP of DelSqRho>
<CP of DelSqRho>
CP# = 37      
Type = (3,-1)
Coords =  2.29205242384353E-01  1.61162345923961E-02  2.24220701962453E-01
DistFromNuc =  3.2104469991E-01
Rho =  8.0001343890E+00
DelSqRho =  4.8140589788E+02
GradDelSqRho =  6.8212102633E-13 -3.6948222260E-13 -3.8653524825E-12
HessDelSqRho_EigVals = -1.1691533579E+05 -7.6540044154E+01  3.7734623311E+01
HessDelSqRho_EigVec1 =  7.1393722865E-01  5.0197210680E-02  6.9840809960E-01
HessDelSqRho_EigVec2 = -7.0020965919E-01  5.0813331168E-02  7.1212670120E-01
HessDelSqRho_EigVec3 = -2.5833199508E-04  9.9744586089E-01 -7.1426100614E-02
</CP of DelSqRho>
<CP of DelSqRho>
CP# = 38      
Type = (3,-1)
Coords = -2.25118495220246E-01  1.85409999869881E-02  2.28139783619678E-01
DistFromNuc =  3.2104496015E-01
Rho =  8.0001041539E+00
DelSqRho =  4.8140281858E+02
GradDelSqRho =  4.5474735089E-12 -1.4992451725E-12 -9.5496943686E-12
HessDelSqRho_EigVals = -1.1691410258E+05 -7.6419183584E+01  3.7741760277E+01
HessDelSqRho_EigVec1 = -7.0120717173E-01  5.7749944664E-02  7.1061483674E-01
HessDelSqRho_EigVec2 =  7.1289821889E-01  4.3932457518E-02  6.9989004042E-01
HessDelSqRho_EigVec3 =  9.1995549777E-03  9.9736396720E-01 -7.1975586976E-02
</CP of DelSqRho>
<CP of DelSqRho>
CP# = 39      
Type = (3,-1)
Coords =  2.25118495220260E-01 -1.85409999869941E-02 -2.28139783619662E-01
DistFromNuc =  3.2104496015E-01
Rho =  8.0001041539E+00
DelSqRho =  4.8140281858E+02
GradDelSqRho =  2.7284841053E-12 -2.1600499167E-12  0.0000000000E+00
HessDelSqRho_EigVals = -1.1691410258E+05 -7.6419183584E+01  3.7741760277E+01
HessDelSqRho_EigVec1 = -7.0120717173E-01  5.7749944664E-02  7.1061483674E-01
HessDelSqRho_EigVec2 =  7.1289821889E-01  4.3932457518E-02  6.9989004042E-01
HessDelSqRho_EigVec3 =  9.1995549778E-03  9.9736396720E-01 -7.1975586976E-02
</CP of DelSqRho>
<CP of DelSqRho>
CP# = 40      
Type = (3,-1)
Coords = -2.29205242384366E-01 -1.61162345924264E-02 -2.24220701962437E-01
DistFromNuc =  3.2104469991E-01
Rho =  8.0001343890E+00
DelSqRho =  4.8140589788E+02
GradDelSqRho = -6.8212102633E-13  7.6738615462E-13 -2.0463630790E-12
HessDelSqRho_EigVals = -1.1691533579E+05 -7.6540044154E+01  3.7734623311E+01
HessDelSqRho_EigVec1 =  7.1393722865E-01  5.0197210680E-02  6.9840809960E-01
HessDelSqRho_EigVec2 = -7.0020965919E-01  5.0813331168E-02  7.1212670120E-01
HessDelSqRho_EigVec3 = -2.5833199518E-04  9.9744586089E-01 -7.1426100614E-02
</CP of DelSqRho>
<CP of DelSqRho>
CP# = 41      
Type = (3,-1)
Coords =  2.28153729021190E-01  2.25329692507022E-01 -1.55605822310493E-02
DistFromNuc =  3.2104474160E-01
Rho =  8.0001196046E+00
DelSqRho =  4.8139839218E+02
GradDelSqRho =  2.5011104299E-12 -6.8212102633E-13  2.4868995752E-12
HessDelSqRho_EigVals = -1.1691389482E+05 -7.5977552232E+01  3.8244610474E+01
HessDelSqRho_EigVec1 =  7.1066067789E-01  7.0186327573E-01 -4.8470022586E-02
HessDelSqRho_EigVec2 = -7.0351766978E-01  7.0943731782E-01 -4.1971185418E-02
HessDelSqRho_EigVec3 =  4.9284091342E-03  6.3926788424E-02  9.9794242144E-01
</CP of DelSqRho>
<CP of DelSqRho>
CP# = 42      
Type = (3,-1)
Coords = -2.26136706462161E-01  2.27614248707332E-01 -1.11210306442721E-02
DistFromNuc =  3.2104475318E-01
Rho =  8.0001051996E+00
DelSqRho =  4.8139812140E+02
GradDelSqRho =  1.1368683772E-12  2.2737367544E-12 -5.9685589804E-13
HessDelSqRho_EigVals = -1.1691358167E+05 -7.5964787117E+01  3.8197045331E+01
HessDelSqRho_EigVec1 = -7.0437803479E-01  7.0897918707E-01 -3.4642407702E-02
HessDelSqRho_EigVec2 =  7.0968225280E-01  7.0241830647E-01 -5.4402415366E-02
HessDelSqRho_EigVec3 =  1.4236718871E-02  6.2904968364E-02  9.9791797298E-01
</CP of DelSqRho>
<CP of DelSqRho>
CP# = 43      
Type = (3,-1)
Coords =  2.26136706462129E-01 -2.27614248707365E-01  1.11210306442443E-02
DistFromNuc =  3.2104475318E-01
Rho =  8.0001051996E+00
DelSqRho =  4.8139812140E+02
GradDelSqRho = -5.0022208598E-12  3.4106051316E-12 -1.5631940187E-12
HessDelSqRho_EigVals = -1.1691358167E+05 -7.5964787117E+01  3.8197045331E+01
HessDelSqRho_EigVec1 = -7.0437803479E-01  7.0897918707E-01 -3.4642407702E-02
HessDelSqRho_EigVec2 =  7.0968225280E-01  7.0241830647E-01 -5.4402415366E-02
HessDelSqRho_EigVec3 =  1.4236718871E-02  6.2904968364E-02  9.9791797298E-01
</CP of DelSqRho>
<CP of DelSqRho>
CP# = 44      
Type = (3,-1)
Coords = -2.28153729021213E-01 -2.25329692506998E-01  1.55605822310528E-02
DistFromNuc =  3.2104474160E-01
Rho =  8.0001196046E+00
DelSqRho =  4.8139839218E+02
GradDelSqRho = -4.0927261580E-12 -5.6843418861E-12 -9.5212726592E-13
HessDelSqRho_EigVals = -1.1691389482E+05 -7.5977552232E+01  3.8244610474E+01
HessDelSqRho_EigVec1 =  7.1066067789E-01  7.0186327573E-01 -4.8470022586E-02
HessDelSqRho_EigVec2 = -7.0351766978E-01  7.0943731782E-01 -4.1971185418E-02
HessDelSqRho_EigVec3 =  4.9284091341E-03  6.3926788424E-02  9.9794242144E-01
</CP of DelSqRho>
<CP of DelSqRho>
CP# = 45      
Type = (3,-3)
Coords =  1.88181504204179E-01  1.96014262463412E-01  1.70971921639733E-01
DistFromNuc =  3.2103779778E-01
Rho =  7.9989692745E+00
DelSqRho =  4.8171951825E+02
GradDelSqRho =  0.0000000000E+00 -5.6843418861E-13  0.0000000000E+00
HessDelSqRho_EigVals = -1.1693021536E+05 -5.0814855212E+01 -4.9989963117E+01
HessDelSqRho_EigVec1 =  5.8616846068E-01  6.1056389524E-01  5.3255822736E-01
HessDelSqRho_EigVec2 =  7.2651703063E-01 -1.0519533320E-01 -6.7904855944E-01
HessDelSqRho_EigVec3 =  3.5857989333E-01 -7.8494947080E-01  5.0524725471E-01
</CP of DelSqRho>
<CP of DelSqRho>
CP# = 46      
Type = (3,-3)
Coords = -1.83205569874278E-01  1.97967788264697E-01  1.74097306531713E-01
DistFromNuc =  3.2103800112E-01
Rho =  7.9989442226E+00
DelSqRho =  4.8171616524E+02
GradDelSqRho =  2.5011104299E-12 -3.1263880373E-12 -1.5347723092E-12
HessDelSqRho_EigVals = -1.1692914622E+05 -5.0588320595E+01 -4.9932347047E+01
HessDelSqRho_EigVec1 = -5.7066838316E-01  6.1664897876E-01  5.4229294063E-01
HessDelSqRho_EigVec2 =  7.4960335360E-01  1.2152821350E-01  6.5063484812E-01
HessDelSqRho_EigVec3 =  3.3530942237E-01  7.7780134374E-01 -5.3159445158E-01
</CP of DelSqRho>
<CP of DelSqRho>
CP# = 47      
Type = (3,-3)
Coords =  1.86574229141231E-01 -1.72831951023977E-01  1.95917861619111E-01
DistFromNuc =  3.2103681218E-01
Rho =  7.9990846027E+00
DelSqRho =  4.8173724365E+02
GradDelSqRho =  3.4106051316E-13 -1.0231815395E-12  1.7053025658E-12
HessDelSqRho_EigVals = -1.1693538343E+05 -5.1578975279E+01 -5.0933170820E+01
HessDelSqRho_EigVec1 =  5.8116180514E-01 -5.3835602272E-01  6.1026531037E-01
HessDelSqRho_EigVec2 = -6.3274779950E-01  1.7263867108E-01  7.5486827426E-01
HessDelSqRho_EigVec3 =  5.1174327400E-01  8.2484464116E-01  2.4031258700E-01
</CP of DelSqRho>
<CP of DelSqRho>
CP# = 48      
Type = (3,-3)
Coords = -1.84795081343381E-01 -1.71080997689605E-01  1.99115079847493E-01
DistFromNuc =  3.2103698367E-01
Rho =  7.9990732781E+00
DelSqRho =  4.8173531942E+02
GradDelSqRho =  2.8421709430E-12  1.5916157281E-12 -3.2969182939E-12
HessDelSqRho_EigVals = -1.1693474348E+05 -5.1451447332E+01 -5.0946409770E+01
HessDelSqRho_EigVec1 = -5.7561940177E-01 -5.3290216454E-01  6.2022382035E-01
HessDelSqRho_EigVec2 =  6.1706943259E-01  2.1460273576E-01  7.5708056452E-01
HessDelSqRho_EigVec3 = -5.3655160019E-01  8.1851142255E-01  2.0530813792E-01
</CP of DelSqRho>
<CP of DelSqRho>
CP# = 49      
Type = (3,-3)
Coords =  1.84795081343378E-01  1.71080997689641E-01 -1.99115079847465E-01
DistFromNuc =  3.2103698367E-01
Rho =  7.9990732781E+00
DelSqRho =  4.8173531942E+02
GradDelSqRho = -1.9326762413E-12 -1.5916157281E-12  2.2737367544E-13
HessDelSqRho_EigVals = -1.1693474348E+05 -5.1451447332E+01 -5.0946409770E+01
HessDelSqRho_EigVec1 = -5.7561940177E-01 -5.3290216454E-01  6.2022382035E-01
HessDelSqRho_EigVec2 =  6.1706943260E-01  2.1460273574E-01  7.5708056451E-01
HessDelSqRho_EigVec3 = -5.3655160017E-01  8.1851142255E-01  2.0530813794E-01
</CP of DelSqRho>
<CP of DelSqRho>
CP# = 50      
Type = (3,-3)
Coords = -1.86574229141251E-01  1.72831951024005E-01 -1.95917861619066E-01
DistFromNuc =  3.2103681218E-01
Rho =  7.9990846027E+00
DelSqRho =  4.8173724365E+02
GradDelSqRho =  2.6147972676E-12  4.5474735089E-13 -2.8421709430E-12
HessDelSqRho_EigVals = -1.1693538343E+05 -5.1578975279E+01 -5.0933170820E+01
HessDelSqRho_EigVec1 =  5.8116180514E-01 -5.3835602272E-01  6.1026531037E-01
HessDelSqRho_EigVec2 = -6.3274779951E-01  1.7263867106E-01  7.5486827425E-01
HessDelSqRho_EigVec3 =  5.1174327398E-01  8.2484464116E-01  2.4031258702E-01
</CP of DelSqRho>
<CP of DelSqRho>
CP# = 51      
Type = (3,-3)
Coords =  1.83205569874310E-01 -1.97967788264685E-01 -1.74097306531693E-01
DistFromNuc =  3.2103800112E-01
Rho =  7.9989442226E+00
DelSqRho =  4.8171616524E+02
GradDelSqRho =  1.0231815395E-12 -3.1263880373E-12  4.5474735089E-13
HessDelSqRho_EigVals = -1.1692914622E+05 -5.0588320595E+01 -4.9932347047E+01
HessDelSqRho_EigVec1 = -5.7066838316E-01  6.1664897876E-01  5.4229294063E-01
HessDelSqRho_EigVec2 =  7.4960335362E-01  1.2152821355E-01  6.5063484809E-01
HessDelSqRho_EigVec3 =  3.3530942232E-01  7.7780134373E-01 -5.3159445162E-01
</CP of DelSqRho>
<CP of DelSqRho>
CP# = 52      
Type = (3,-3)
Coords = -1.88181504204202E-01 -1.96014262463410E-01 -1.70971921639710E-01
DistFromNuc =  3.2103779778E-01
Rho =  7.9989692745E+00
DelSqRho =  4.8171951825E+02
GradDelSqRho =  8.4128259914E-12  4.6611603466E-12  5.6843418861E-12
HessDelSqRho_EigVals = -1.1693021536E+05 -5.0814855212E+01 -4.9989963117E+01
HessDelSqRho_EigVec1 =  5.8616846068E-01  6.1056389524E-01  5.3255822736E-01
HessDelSqRho_EigVec2 =  7.2651703064E-01 -1.0519533322E-01 -6.7904855943E-01
HessDelSqRho_EigVec3 =  3.5857989331E-01 -7.8494947080E-01  5.0524725473E-01
</CP of DelSqRho>
<CP of DelSqRho>
CP# = 53      
Type = (3,+3)
Coords =  7.39508605800155E-01 -3.51632870849954E-03 -6.04280768030133E-03
DistFromNuc =  7.3954165410E-01
Rho =  6.9692678935E-01
DelSqRho = -5.7827611045E+00
GradDelSqRho =  2.3803181648E-13 -1.0258460748E-13 -1.7874590696E-13
HessDelSqRho_EigVals =  4.5873615348E+00  4.5969529728E+00  7.9123815819E+02
HessDelSqRho_EigVec1 =  9.4540214524E-03  5.0511054090E-01  8.6300287540E-01
HessDelSqRho_EigVec2 = -2.5681283408E-05  8.6304156731E-01 -5.0513290572E-01
HessDelSqRho_EigVec3 =  9.9995530941E-01 -4.7533743056E-03 -8.1721853786E-03
</CP of DelSqRho>
<CP of DelSqRho>
CP# = 54      
Type = (3,+3)
Coords = -7.39508605800155E-01  3.51632870849913E-03  6.04280768030101E-03
DistFromNuc =  7.3954165410E-01
Rho =  6.9692678935E-01
DelSqRho = -5.7827611045E+00
GradDelSqRho = -2.6290081223E-13  1.0258460748E-13  1.7652546092E-13
HessDelSqRho_EigVals =  4.5873615348E+00  4.5969529728E+00  7.9123815819E+02
HessDelSqRho_EigVec1 =  9.4540214524E-03  5.0511054091E-01  8.6300287540E-01
HessDelSqRho_EigVec2 = -2.5681283424E-05  8.6304156731E-01 -5.0513290572E-01
HessDelSqRho_EigVec3 =  9.9995530941E-01 -4.7533743056E-03 -8.1721853786E-03
</CP of DelSqRho>
<CP of DelSqRho>
CP# = 55      
Type = (3,+3)
Coords =  3.42711685430106E-03  7.37738503006594E-01 -5.15586498364092E-02
DistFromNuc =  7.3954590008E-01
Rho =  6.9687138649E-01
DelSqRho = -5.7813490655E+00
GradDelSqRho =  1.7763568394E-15  1.5365486661E-13 -1.8651746814E-14
HessDelSqRho_EigVals =  4.5647920604E+00  4.5954645643E+00  7.9117334253E+02
HessDelSqRho_EigVec1 =  9.9998723646E-01 -4.4830472979E-03  2.3300672467E-03
HessDelSqRho_EigVec2 = -2.0117438526E-03  6.9745032999E-02  9.9756282171E-01
HessDelSqRho_EigVec3 =  4.6346319293E-03  9.9755477677E-01 -6.9735124062E-02
</CP of DelSqRho>
<CP of DelSqRho>
CP# = 56      
Type = (3,+3)
Coords = -3.42711685430058E-03 -7.37738503006594E-01  5.15586498364107E-02
DistFromNuc =  7.3954590008E-01
Rho =  6.9687138649E-01
DelSqRho = -5.7813490655E+00
GradDelSqRho = -4.4408920985E-16 -8.7041485131E-14  1.1490808305E-14
HessDelSqRho_EigVals =  4.5647920604E+00  4.5954645643E+00  7.9117334253E+02
HessDelSqRho_EigVec1 =  9.9998723646E-01 -4.4830472979E-03  2.3300672468E-03
HessDelSqRho_EigVec2 = -2.0117438527E-03  6.9745032999E-02  9.9756282171E-01
HessDelSqRho_EigVec3 =  4.6346319293E-03  9.9755477677E-01 -6.9735124062E-02
</CP of DelSqRho>
<CP of DelSqRho>
CP# = 57      
Type = (3,+3)
Coords =  6.84305403114998E-03  4.64592530155727E-02  7.38048068299207E-01
DistFromNuc =  7.3954056055E-01
Rho =  6.9689394151E-01
DelSqRho = -5.7819228589E+00
GradDelSqRho =  2.8865798640E-15 -1.8429702209E-14 -3.5527136788E-15
HessDelSqRho_EigVals =  4.5798964370E+00  4.6033351416E+00  7.9123560508E+02
HessDelSqRho_EigVec1 = -5.8758053574E-02  9.9633411199E-01 -6.2175786436E-02
HessDelSqRho_EigVec2 =  9.9822936222E-01  5.8064104136E-02 -1.2911243395E-02
HessDelSqRho_EigVec3 =  9.2537308839E-03  6.2824335171E-02  9.9798169892E-01
</CP of DelSqRho>
<CP of DelSqRho>
CP# = 58      
Type = (3,+3)
Coords = -6.84305403114972E-03 -4.64592530155727E-02 -7.38048068299207E-01
DistFromNuc =  7.3954056055E-01
Rho =  6.9689394151E-01
DelSqRho = -5.7819228589E+00
GradDelSqRho = -6.6613381478E-16 -1.0880185641E-14  0.0000000000E+00
HessDelSqRho_EigVals =  4.5798964370E+00  4.6033351416E+00  7.9123560508E+02
HessDelSqRho_EigVec1 = -5.8758053574E-02  9.9633411199E-01 -6.2175786436E-02
HessDelSqRho_EigVec2 =  9.9822936222E-01  5.8064104136E-02 -1.2911243395E-02
HessDelSqRho_EigVec3 =  9.2537308839E-03  6.2824335171E-02  9.9798169892E-01
</CP of DelSqRho>
<CP of DelSqRho>
CP# = 59      
Type = (3,+1)
Coords =  7.16231056631231E-03  5.57689663445908E-01  4.87455501556331E-01
DistFromNuc =  7.4073066995E-01
Rho =  6.8761237705E-01
DelSqRho = -5.4643614795E+00
GradDelSqRho = -3.9968028887E-15 -1.7763568394E-15  8.8817841970E-16
HessDelSqRho_EigVals = -4.5848129953E+00  2.2096820116E+00  7.7745870050E+02
HessDelSqRho_EigVec1 =  3.1712560968E-03 -6.5812594305E-01  7.5290117959E-01
HessDelSqRho_EigVec2 =  9.9994820879E-01 -5.1941730509E-03 -8.7521604026E-03
HessDelSqRho_EigVec3 =  9.6707228356E-03  7.5288994126E-01  6.5807538585E-01
</CP of DelSqRho>
<CP of DelSqRho>
CP# = 60      
Type = (3,+1)
Coords =  2.61947155351068E-03 -4.88325944076249E-01  5.56916040679058E-01
DistFromNuc =  7.4069195058E-01
Rho =  6.8800343563E-01
DelSqRho = -5.4727917969E+00
GradDelSqRho = -2.3758772727E-14  1.4388490399E-13 -1.2256862192E-13
HessDelSqRho_EigVals = -4.5264871018E+00  2.2790942002E+00  7.7800460590E+02
HessDelSqRho_EigVec1 =  9.9136936299E-03  7.5186472525E-01  6.5924286390E-01
HessDelSqRho_EigVec2 =  9.9994461063E-01 -5.1235977722E-03 -9.1937166364E-03
