 AIMInt (Version 19.02.13, Professional)
 Portions Copyright (c) 1997-2019 by Todd A. Keith
 AIMInt is a component of the AIMAll package ( http://aim.tkgristmill.com )

 TP:  64-bit Linux

 Licensed To:  Research Group of Fernando Cortes Guzman, UNAM, fercor@unam.mx

 AIMInt is a heavily modified and extended version of the PROAIMV program
 developed by members of R.F.W. Bader's research group

 Much of the Quantum Theory of Atoms in Molecules (QTAIM) is described in the book:
   "Atoms in Molecules - A Quantum Theory"
   R.F.W. Bader, Oxford University Press, Oxford, 1990

 For additional references see:  http://aim.tkgristmill.com/references.html

 Current Directory:  /home/scratch/M_H2O_4_cuadrado_plano/Opt

 Inp File:  Ti3_cuadrado_plano_cc-pvtz-def2-tzv_1_atomicfiles/o2.inp
 Wfx File:  Ti3_cuadrado_plano_cc-pvtz-def2-tzv_1.wfx
 Out File:  Ti3_cuadrado_plano_cc-pvtz-def2-tzv_1_atomicfiles/o2.int

 Wfx Title:   Ti3_cuadrado_plano_cc-pvtz-def2-tzv_1                                         
 Job Title:   Ti3_cuadrado_plano_cc-pvtz-def2-tzv_1                                         
 
<Atom>
O2      
</Atom>
<Nuclei of Molecule>
    13
Ti1       22.0          -1.0356641266E-05   1.3023848583E-05  -8.0073487347E-05
O2         8.0           3.7390992330E+00  -1.3806523120E-01  -5.8436123125E-05
H3         1.0           4.8384375333E+00  -1.2346614081E+00  -1.0588699286E+00
O4         8.0           1.3806323079E-01   3.7391194010E+00  -7.2703555428E-05
H5         1.0          -8.9793453013E-01   4.9159007607E+00   1.0358595534E+00
O6         8.0          -3.7391199463E+00   1.3808166019E-01  -5.8436123125E-05
H7         1.0          -4.9152102842E+00  -8.7392689527E-01   1.0604516934E+00
O8         8.0          -1.3808364170E-01  -3.7390997783E+00  -7.2703555428E-05
H9         1.0           8.9863531519E-01  -4.9163037360E+00   1.0347785166E+00
H10        1.0          -4.8374906488E+00   1.2340724654E+00  -1.0605262546E+00
H11        1.0           1.2595107474E+00   4.8361861143E+00  -1.0344803672E+00
H12        1.0          -1.2594707810E+00  -4.8364087544E+00  -1.0344811609E+00
H13        1.0           4.9140794878E+00   8.7456651579E-01   1.0611277996E+00
</Nuclei of Molecule>
<Total Number of CPs of DelSqRho>
    42
</Total Number of CPs of DelSqRho>
<Number of (3,+3) CPs of DelSqRho>
     5
</Number of (3,+3) CPs of DelSqRho>
<Number of (3,+1) CPs of DelSqRho>
    15
</Number of (3,+1) CPs of DelSqRho>
<Number of (3,-1) CPs of DelSqRho>
    16
</Number of (3,-1) CPs of DelSqRho>
<Number of (3,-3) CPs of DelSqRho>
     6
</Number of (3,-3) CPs of DelSqRho>
<Number of Degenerate CPs of DelSqRho>
     0
</Number of Degenerate CPs of DelSqRho>
<CP of DelSqRho>
CP# = 1       
Type = (3,+3)
Coords =  3.73909953120279E+00 -1.38065242268397E-01 -5.84355620470895E-05
DistFromNuc =  2.9839463014E-07
Rho =  2.9726806172E+02
DelSqRho = -3.3288954390E+06
GradDelSqRho = -2.4707649573E-05 -4.5127080739E-07 -1.5484147298E-10
HessDelSqRho_EigVals =  1.3238208101E+11  1.3238209855E+11  1.3238210588E+11
HessDelSqRho_EigVec1 =  2.6756743142E-02  7.1028036518E-01 -7.0341017873E-01
HessDelSqRho_EigVec2 =  9.9933875042E-01 -3.6336111940E-02  1.3224480216E-03
HessDelSqRho_EigVec3 =  2.4619882130E-02  7.0298043345E-01  7.1078292861E-01
</CP of DelSqRho>
<CP of DelSqRho>
CP# = 2       
Type = (3,-1)
Coords =  2.12975781537394E+00 -7.79316034788683E-02  3.04940504980530E-04
DistFromNuc =  1.6104645242E+00
Rho =  1.1967839427E-01
DelSqRho =  3.0530359712E-01
GradDelSqRho = -1.9428902931E-16 -2.5153490402E-17  1.0842021725E-19
HessDelSqRho_EigVals = -4.4918321715E-01 -1.3956813258E-01  3.5519965395E+00
HessDelSqRho_EigVec1 = -2.4101348170E-02 -6.5235094055E-01  7.5753374537E-01
HessDelSqRho_EigVec2 =  2.7917290219E-02  7.5701915523E-01  6.5279600452E-01
HessDelSqRho_EigVec3 =  9.9931964352E-01 -3.6881553209E-02  3.3311699443E-05
</CP of DelSqRho>
<CP of DelSqRho>
CP# = 3       
Type = (3,-1)
Coords =  3.90776561790471E+00 -1.44191190511211E-01  6.57338481282761E-05
DistFromNuc =  1.6877764126E-01
Rho =  2.2348189997E+01
DelSqRho =  1.2500847515E+03
GradDelSqRho = -5.8491878008E-11  1.7177370637E-12 -3.9079850467E-14
HessDelSqRho_EigVals = -4.0678696747E+05 -1.2478929387E+03  1.4745037826E+03
HessDelSqRho_EigVec1 =  9.9934094669E-01 -3.6292400727E-02  7.3069562965E-04
HessDelSqRho_EigVec2 =  2.6584034918E-02  7.1800974530E-01 -6.9552519346E-01
HessDelSqRho_EigVec3 =  2.4717632454E-02  6.9508623012E-01  7.1850133705E-01
</CP of DelSqRho>
<CP of DelSqRho>
CP# = 4       
Type = (3,-1)
Coords =  3.57222190665212E+00 -1.31762476345876E-01 -1.01313273677140E-04
DistFromNuc =  1.6699631317E-01
Rho =  2.2740968778E+01
DelSqRho =  1.2902842605E+03
GradDelSqRho = -2.0463630790E-11  1.0587086763E-12  1.7763568394E-15
HessDelSqRho_EigVals = -4.4968408909E+05 -2.7610466458E+03  3.2072126391E+02
HessDelSqRho_EigVec1 =  9.9928761148E-01 -3.7738571522E-02  2.6411913701E-04
HessDelSqRho_EigVec2 =  2.7242654591E-02  7.1648545902E-01 -6.9706988515E-01
HessDelSqRho_EigVec3 =  2.6117184195E-02  6.9658049587E-01  7.1700314188E-01
</CP of DelSqRho>
<CP of DelSqRho>
CP# = 5       
Type = (3,+1)
Coords =  3.79440636490071E+00 -2.53219018257040E-01  1.09616607632690E-01
DistFromNuc =  1.6836831274E-01
Rho =  2.2532296851E+01
DelSqRho =  1.2385544810E+03
GradDelSqRho =  1.5489831640E-12 -2.3590018827E-12  9.1233687272E-12
HessDelSqRho_EigVals = -4.1281120835E+05  1.7148761275E+03  2.8373283663E+03
HessDelSqRho_EigVec1 = -3.2444924833E-01  6.8487763679E-01 -6.5243797244E-01
HessDelSqRho_EigVec2 =  9.4551212024E-01  2.1498931413E-01 -2.4451262808E-01
HessDelSqRho_EigVec3 =  2.7194038675E-02  6.9621994903E-01  7.1731322784E-01
</CP of DelSqRho>
<CP of DelSqRho>
CP# = 6       
Type = (3,+1)
Coords =  3.80296276008198E+00 -2.72829438841254E-02 -1.09585542276294E-01
DistFromNuc =  1.6836701653E-01
Rho =  2.2532570011E+01
DelSqRho =  1.2385860292E+03
GradDelSqRho = -1.4779288904E-12 -4.2632564146E-12  5.4569682106E-12
HessDelSqRho_EigVals = -4.1284151257E+05  1.7133349854E+03  2.8360988684E+03
HessDelSqRho_EigVec1 =  3.7535169269E-01  6.5921180323E-01 -6.5157570955E-01
HessDelSqRho_EigVec2 =  9.2660796601E-01 -2.8398365905E-01  2.4647709572E-01
HessDelSqRho_EigVec3 = -2.2556243420E-02 -6.9627083802E-01 -7.1742465528E-01
</CP of DelSqRho>
<CP of DelSqRho>
CP# = 7       
Type = (3,-3)
Coords =  3.61836813894895E+00 -5.51008622417963E-02  8.05323140840445E-02
DistFromNuc =  1.6719435580E-01
Rho =  2.2668887381E+01
DelSqRho =  1.2914312231E+03
GradDelSqRho = -6.0254023992E-12  6.6791017161E-12  3.0127011996E-12
HessDelSqRho_EigVals = -4.4538024019E+05 -3.0376803024E+03 -5.3654074580E+02
HessDelSqRho_EigVec1 =  7.2422242941E-01 -4.9470356858E-01 -4.8038552432E-01
HessDelSqRho_EigVec2 = -2.7579780237E-02 -7.1687169901E-01  6.9665940234E-01
HessDelSqRho_EigVec3 =  6.8901467943E-01  4.9128743764E-01  5.3281837914E-01
</CP of DelSqRho>
<CP of DelSqRho>
CP# = 8       
Type = (3,-3)
Coords =  3.61284530990525E+00 -2.11967949584294E-01 -8.10044727152859E-02
DistFromNuc =  1.6719427539E-01
Rho =  2.2668844143E+01
DelSqRho =  1.2914445943E+03
GradDelSqRho = -1.3756107364E-11 -1.0416556506E-11 -1.7337242753E-12
HessDelSqRho_EigVals = -4.4538388205E+05 -3.0386348050E+03 -5.3864743160E+02
HessDelSqRho_EigVec1 =  7.5714292330E-01  4.4035039744E-01  4.8252059144E-01
HessDelSqRho_EigVec2 =  2.6844946528E-02  7.1704903297E-01 -6.9650558732E-01
HessDelSqRho_EigVec3 = -6.5269743567E-01  5.4030751596E-01  5.3108741810E-01
</CP of DelSqRho>
<CP of DelSqRho>
CP# = 9       
Type = (3,-1)
Coords =  4.45621227575515E+00 -1.64486599594867E-01  6.69994027733160E-04
DistFromNuc =  7.1759998285E-01
Rho =  6.8700031065E-01
DelSqRho = -1.2202759719E+00
GradDelSqRho =  4.9737991503E-14 -2.6645352591E-15 -1.1657341759E-15
HessDelSqRho_EigVals = -1.8785701612E+01 -4.0797812477E+00  1.4219889739E+02
HessDelSqRho_EigVec1 =  2.5748434077E-02  7.1767634746E-01  6.9590062397E-01
HessDelSqRho_EigVec2 = -2.6346074010E-02 -6.9540245016E-01  7.1813739402E-01
HessDelSqRho_EigVec3 =  9.9932122089E-01 -3.6825162691E-02  1.0024300204E-03
</CP of DelSqRho>
<CP of DelSqRho>
CP# = 10      
Type = (3,+1)
Coords =  3.07156045990448E+00 -1.13470480396983E-01 -6.07117639400359E-04
DistFromNuc =  6.6799192841E-01
Rho =  8.5666517857E-01
DelSqRho = -3.4496081763E+00
GradDelSqRho =  1.4210854715E-14  8.8817841970E-16  1.3877787808E-16
HessDelSqRho_EigVals = -5.8492446038E+00  1.8196318385E+01  2.4231141040E+02
HessDelSqRho_EigVec1 =  2.6651049939E-02  7.0716594910E-01 -7.0654514503E-01
HessDelSqRho_EigVec2 =  2.5409345745E-02  7.0608861240E-01  7.0766746187E-01
HessDelSqRho_EigVec3 =  9.9932181337E-01 -3.6812930741E-02  8.4937877049E-04
</CP of DelSqRho>
<CP of DelSqRho>
CP# = 11      
Type = (3,-1)
Coords =  3.50422721456071E+00  3.36831235254031E-01  4.75230317148864E-01
DistFromNuc =  7.1175200589E-01
Rho =  6.8662298978E-01
DelSqRho = -1.1517903434E+00
GradDelSqRho = -1.3322676296E-15  1.7763568394E-14  3.5527136788E-15
HessDelSqRho_EigVals = -1.5366599328E+01 -1.0906704896E+01  1.4909164762E+02
HessDelSqRho_EigVec1 =  9.3487883454E-01  2.7145100270E-01  2.2872673185E-01
HessDelSqRho_EigVec2 =  2.7837292153E-02 -6.9844186434E-01  7.1512519694E-01
HessDelSqRho_EigVec3 = -3.5387377678E-01  6.6218827781E-01  6.6051497700E-01
</CP of DelSqRho>
<CP of DelSqRho>
CP# = 12      
Type = (3,-1)
Coords =  3.47071337220330E+00 -5.94445149798937E-01 -4.75711531511659E-01
DistFromNuc =  7.1172991193E-01
Rho =  6.8664134381E-01
DelSqRho = -1.1518444324E+00
GradDelSqRho =  3.5527136788E-15 -1.1546319456E-14 -1.3322676296E-14
HessDelSqRho_EigVals = -1.5366260933E+01 -1.0907082917E+01  1.4911460173E+02
HessDelSqRho_EigVec1 =  9.1274229528E-01 -3.3959543269E-01 -2.2710447925E-01
HessDelSqRho_EigVec2 = -8.0427231391E-02 -6.9438616130E-01  7.1509392351E-01
HessDelSqRho_EigVec3 =  4.0054083793E-01  6.3443108459E-01  6.6110833912E-01
</CP of DelSqRho>
<CP of DelSqRho>
CP# = 13      
Type = (3,+3)
Coords =  3.42200290294846E+00 -5.33340272922404E-01  3.99993206113556E-01
DistFromNuc =  6.4562663948E-01
Rho =  9.2685994587E-01
DelSqRho = -4.1199647185E+00
GradDelSqRho = -3.9079850467E-14 -1.1723955140E-13  1.1368683772E-13
HessDelSqRho_EigVals =  8.2293396311E+00  2.0400722277E+01  3.0489482338E+02
HessDelSqRho_EigVec1 =  8.8183069029E-01 -3.6450975353E-01  2.9917766166E-01
HessDelSqRho_EigVec2 =  4.2434443195E-02  6.9319796193E-01  7.1949697956E-01
HessDelSqRho_EigVec3 =  4.6965301201E-01  6.2177908066E-01 -6.2675100571E-01
</CP of DelSqRho>
<CP of DelSqRho>
CP# = 14      
Type = (3,+1)
Coords =  4.01363293684584E+00 -1.52220263060802E-01 -6.30872546505171E-01
DistFromNuc =  6.8811013750E-01
Rho =  7.8153107747E-01
DelSqRho = -2.4759808158E+00
GradDelSqRho = -2.1316282073E-14 -8.8817841970E-16  4.6185277824E-14
HessDelSqRho_EigVals = -1.2747940849E+01  1.1295421910E+01  1.9064313698E+02
HessDelSqRho_EigVec1 = -4.8197253162E-01  8.6566673412E-01 -1.3536463421E-01
HessDelSqRho_EigVec2 =  7.9595072159E-01  4.9716483491E-01  3.4538323023E-01
HessDelSqRho_EigVec3 = -3.6628530896E-01 -5.8721651577E-02  9.2864785580E-01
</CP of DelSqRho>
<CP of DelSqRho>
CP# = 15      
Type = (3,+1)
Coords =  4.01268961269018E+00 -1.44191026995376E-01  6.31323918698204E-01
DistFromNuc =  6.8813726771E-01
Rho =  7.8145333460E-01
DelSqRho = -2.4751029210E+00
GradDelSqRho =  6.2172489379E-14 -7.6383344094E-14  1.7763568394E-13
HessDelSqRho_EigVals = -1.2749066670E+01  1.1288507999E+01  1.9058312131E+02
HessDelSqRho_EigVec1 =  5.4475762199E-01  8.2776975011E-01 -1.3429956847E-01
HessDelSqRho_EigVec2 =  7.5779222785E-01 -5.5450289100E-01 -3.4391493613E-01
HessDelSqRho_EigVec3 =  3.5915187972E-01 -8.5579113581E-02  9.2934715936E-01
</CP of DelSqRho>
<CP of DelSqRho>
CP# = 16      
Type = (3,+3)
Coords =  4.18008047493551E+00  2.63044623087695E-01  4.03873774844257E-01
DistFromNuc =  7.2007971919E-01
Rho =  7.5934562936E-01
DelSqRho = -3.1192768141E+00
GradDelSqRho =  1.3655743203E-14  5.3290705182E-15  1.5099033135E-14
HessDelSqRho_EigVals =  1.2046445355E+01  2.2400912138E+01  1.4355541791E+02
HessDelSqRho_EigVec1 = -4.0299181087E-03 -7.0043096069E-01  7.1370878450E-01
HessDelSqRho_EigVec2 = -7.9411175095E-01  4.3601112096E-01  4.2341566976E-01
HessDelSqRho_EigVec3 =  6.0775841151E-01  5.6505820205E-01  5.5797754573E-01
</CP of DelSqRho>
<CP of DelSqRho>
CP# = 17      
Type = (3,+3)
Coords =  3.45290165263552E+00  2.79529335755367E-01 -4.00680126968649E-01
DistFromNuc =  6.4559431266E-01
Rho =  9.2695964295E-01
DelSqRho = -4.1207776031E+00
GradDelSqRho = -6.3948846218E-14  5.6843418861E-14 -5.3290705182E-14
HessDelSqRho_EigVals =  8.2342730965E+00  2.0402521408E+01  3.0502712078E+02
HessDelSqRho_EigVec1 =  9.0695215645E-01  2.9822105095E-01 -2.9749284140E-01
HessDelSqRho_EigVec2 =  7.6014728469E-03  6.9453978469E-01  7.1941414019E-01
HessDelSqRho_EigVec3 = -4.2116505496E-01  6.5473558958E-01 -6.2764743624E-01
</CP of DelSqRho>
<CP of DelSqRho>
CP# = 18      
Type = (3,+3)
Coords =  4.15010719442878E+00 -5.70608585815451E-01 -4.03123935767608E-01
DistFromNuc =  7.2005770253E-01
Rho =  7.5940807069E-01
DelSqRho = -3.1199709192E+00
GradDelSqRho =  3.7747582837E-15 -4.4408920985E-15 -6.2172489379E-15
HessDelSqRho_EigVals =  1.2047391467E+01  2.2405456382E+01  1.4358549881E+02
HessDelSqRho_EigVec1 = -4.8882274151E-02 -6.9872832745E-01  7.1371510261E-01
HessDelSqRho_EigVec2 =  8.2327267533E-01  3.7641282824E-01  4.2489467494E-01
HessDelSqRho_EigVec3 = -5.6553746590E-01  6.0835195993E-01  5.5684402441E-01
</CP of DelSqRho>
<CP of DelSqRho>
CP# = 19      
Type = (3,+1)
Coords =  4.03533254673237E+00  4.81362660470245E-01  1.10559991340173E-02
DistFromNuc =  6.8670854065E-01
Rho =  7.8845546002E-01
DelSqRho = -2.5674993790E+00
GradDelSqRho =  1.1546319456E-14  2.4868995752E-14  3.5527136788E-15
HessDelSqRho_EigVals = -1.2006954918E+01  1.2135885217E+01  1.9345200635E+02
HessDelSqRho_EigVec1 =  5.1130922826E-01 -1.6286864305E-01  8.4382265803E-01
HessDelSqRho_EigVec2 =  7.6322748025E-01 -3.6526937376E-01 -5.3297476298E-01
HessDelSqRho_EigVec3 =  3.9502745029E-01  9.1654355581E-01 -6.2459777555E-02
</CP of DelSqRho>
<CP of DelSqRho>
CP# = 20      
Type = (3,+1)
Coords =  3.98882646518653E+00 -7.77652454377838E-01 -1.04409090503141E-02
DistFromNuc =  6.8669010644E-01
Rho =  7.8849622235E-01
DelSqRho = -2.5677347604E+00
GradDelSqRho = -2.7089441801E-14  3.9079850467E-14  4.4408920985E-15
HessDelSqRho_EigVals = -1.2005264404E+01  1.2136639461E+01  1.9347932359E+02
HessDelSqRho_EigVec1 = -5.2366228789E-01 -1.2444881406E-01  8.4278722162E-01
HessDelSqRho_EigVec2 =  7.8700323081E-01  3.0811819678E-01  5.3449891627E-01
HessDelSqRho_EigVec3 = -3.2619583524E-01  9.4317319167E-01 -6.3408261132E-02
</CP of DelSqRho>
<CP of DelSqRho>
CP# = 21      
Type = (3,-1)
Coords =  2.50360923189838E+00 -8.98505757129783E-02 -3.58393084855968E-03
DistFromNuc =  1.2364354512E+00
Rho =  2.4573497706E-01
DelSqRho =  4.5352280412E-01
GradDelSqRho = -3.5527136788E-15  5.2041704279E-18  1.2143064332E-17
HessDelSqRho_EigVals = -1.0915996294E+01 -2.8533513158E-02  7.3551384015E-01
HessDelSqRho_EigVec1 =  9.9922924452E-01 -3.9137022879E-02  3.0348534971E-03
HessDelSqRho_EigVec2 = -2.8605719273E-02 -6.7303925093E-01  7.3905336718E-01
HessDelSqRho_EigVec3 =  2.6881773016E-02  7.3857055191E-01  6.7364004492E-01
</CP of DelSqRho>
<CP of DelSqRho>
CP# = 22      
Type = (3,-1)
Coords =  3.86915203376506E+00  1.03491871445295E+00 -1.33340941920401E-01
DistFromNuc =  1.1876739006E+00
Rho =  2.4246178526E-01
DelSqRho =  7.2263349585E-01
GradDelSqRho =  5.1243731480E-15 -1.5945578191E-13  1.2406742300E-14
HessDelSqRho_EigVals = -1.7105381067E+01 -1.2655288105E+00  2.9217223526E-01
HessDelSqRho_EigVec1 =  8.6895195266E-02  9.8855003151E-01 -1.2336150223E-01
HessDelSqRho_EigVec2 =  7.1824763091E-01  2.3642269622E-02  6.9538578055E-01
HessDelSqRho_EigVec3 =  6.9034018117E-01 -1.4902978991E-01 -7.0796931853E-01
</CP of DelSqRho>
<CP of DelSqRho>
CP# = 23      
Type = (3,-1)
Coords =  3.78246474174482E+00 -1.31737394622176E+00  1.33833881933158E-01
DistFromNuc =  1.1876770460E+00
Rho =  2.4245960285E-01
DelSqRho =  7.2263145100E-01
GradDelSqRho = -2.8130969776E-13  1.1559364577E-12 -5.1689902358E-13
HessDelSqRho_EigVals = -1.7105915320E+01 -1.2656242856E+00  2.9231791862E-01
HessDelSqRho_EigVec1 = -1.3877404578E-02  9.9220294588E-01 -1.2385770801E-01
HessDelSqRho_EigVec2 = -7.1568613695E-01  7.6648210171E-02  6.9420343218E-01
HessDelSqRho_EigVec3 =  6.9828416209E-01  9.8276986464E-02  7.0904221518E-01
</CP of DelSqRho>
<CP of DelSqRho>
CP# = 24      
Type = (3,-1)
Coords =  3.79720275375143E+00 -2.29327631577555E-01  1.18039564369977E+00
DistFromNuc =  1.1854014845E+00
Rho =  2.4242419166E-01
DelSqRho =  7.2681285337E-01
GradDelSqRho =  1.5729023986E-12 -1.2682077610E-12  1.3058304438E-12
HessDelSqRho_EigVals = -1.7027489092E+01 -1.4104690371E+00  2.8730077268E-01
HessDelSqRho_EigVec1 =  2.2961225521E-02 -8.4668479656E-02  9.9614458322E-01
HessDelSqRho_EigVec2 =  7.5450546233E-01  6.5517549136E-01  3.8295989686E-02
HessDelSqRho_EigVec3 = -6.5589198000E-01  7.5071720646E-01  7.8926462601E-02
</CP of DelSqRho>
<CP of DelSqRho>
CP# = 25      
Type = (3,-1)
Coords =  3.80625831827449E+00 -5.10471800165830E-02 -1.18032695720111E+00
DistFromNuc =  1.1853760019E+00
Rho =  2.4240893871E-01
DelSqRho =  7.2701802887E-01
GradDelSqRho =  2.4112656316E-16  6.9388939039E-16 -7.5633943553E-16
HessDelSqRho_EigVals = -1.7033817161E+01 -1.4086916686E+00  2.8674895516E-01
HessDelSqRho_EigVec1 = -3.1239094880E-02 -8.2993221831E-02  9.9606036167E-01
HessDelSqRho_EigVec2 = -7.0417299241E-01  7.0906398005E-01  3.6995526260E-02
HessDelSqRho_EigVec3 =  7.0934090233E-01  7.0024309874E-01  8.0592102316E-02
</CP of DelSqRho>
<CP of DelSqRho>
CP# = 26      
Type = (3,-3)
Coords =  3.35091318737463E+00  6.42497385188698E-01  7.44463530282340E-01
DistFromNuc =  1.1464202382E+00
Rho =  2.4638875292E-01
DelSqRho =  8.2295429679E-01
GradDelSqRho =  2.3414603589E-13 -4.4442227676E-13 -1.9478862967E-13
HessDelSqRho_EigVals = -1.7501141771E+01 -1.7159390612E+00 -4.6084148336E-01
HessDelSqRho_EigVec1 = -3.7418809880E-01  6.6976956891E-01  6.4139846529E-01
HessDelSqRho_EigVec2 =  9.2709917490E-01  2.5400320501E-01  2.7562563696E-01
HessDelSqRho_EigVec3 =  2.1688398172E-02  6.9777582103E-01 -7.1598779108E-01
</CP of DelSqRho>
<CP of DelSqRho>
CP# = 27      
Type = (3,+1)
Coords =  4.41411328855091E+00 -8.19650413755712E-01 -6.55518157238233E-01
DistFromNuc =  1.1618217515E+00
Rho =  4.0488705253E-01
DelSqRho = -9.1469078805E-01
GradDelSqRho = -6.6613381478E-16 -2.9837243787E-15 -2.6367796835E-15
HessDelSqRho_EigVals = -2.9643950547E+01  1.4090752569E+01  1.4711794165E+01
HessDelSqRho_EigVec1 = -5.8684751814E-01  5.8156201542E-01  5.6337874709E-01
HessDelSqRho_EigVec2 = -3.4792047216E-02 -7.1325811363E-01  7.0003741099E-01
HessDelSqRho_EigVec3 =  8.0894963002E-01  3.9121411728E-01  4.3880748687E-01
</CP of DelSqRho>
<CP of DelSqRho>
CP# = 28      
Type = (3,+1)
Coords =  4.46114481756068E+00  4.91932748918334E-01  6.56857886631893E-01
DistFromNuc =  1.1618030540E+00
Rho =  4.0489432368E-01
DelSqRho = -9.1465101150E-01
GradDelSqRho =  5.5511151231E-16 -4.7184478547E-15 -5.9535709696E-15
HessDelSqRho_EigVals = -2.9644163393E+01  1.4090820643E+01  1.4711279489E+01
HessDelSqRho_EigVec1 =  6.2694307957E-01  5.3675529564E-01  5.6465576025E-01
HessDelSqRho_EigVec2 = -1.9482442609E-02 -7.1375782316E-01  7.0012156395E-01
HessDelSqRho_EigVec3 =  7.7882142332E-01 -4.4993724281E-01 -4.3702822348E-01
</CP of DelSqRho>
<CP of DelSqRho>
CP# = 29      
Type = (3,+1)
Coords =  2.51910726337804E+00 -2.42931698500957E-01  1.63553576990768E-01
DistFromNuc =  1.2353729286E+00
Rho =  2.4564485454E-01
DelSqRho =  4.5315671752E-01
GradDelSqRho =  1.8551826741E-13  8.3683060481E-15 -1.6646406475E-14
HessDelSqRho_EigVals = -1.1203486545E+01  5.3938252025E-02  7.3778827356E-01
HessDelSqRho_EigVec1 =  9.8614160423E-01  8.9427129498E-02 -1.3974092072E-01
HessDelSqRho_EigVec2 =  1.6342666952E-01 -6.6867724560E-01  7.2537057075E-01
HessDelSqRho_EigVec3 =  2.8573766000E-02  7.3815549157E-01  6.7402522962E-01
</CP of DelSqRho>
<CP of DelSqRho>
CP# = 30      
Type = (3,+1)
Coords =  2.52937915089574E+00  5.34498838681740E-02 -1.61609310127283E-01
DistFromNuc =  1.2353944315E+00
Rho =  2.4564626561E-01
DelSqRho =  4.5320744559E-01
GradDelSqRho =  3.8857805862E-15 -1.1865508576E-15  5.5164206536E-16
HessDelSqRho_EigVals = -1.1194964665E+01  5.1142673830E-02  7.3764207363E-01
HessDelSqRho_EigVec1 =  9.7751030879E-01 -1.5946652117E-01  1.3800009000E-01
HessDelSqRho_EigVec2 = -2.0937258134E-01 -6.5555387589E-01  7.2554271962E-01
HessDelSqRho_EigVec3 =  2.5233279582E-02  7.3811892296E-01  6.7419858882E-01
</CP of DelSqRho>
<CP of DelSqRho>
CP# = 31      
Type = (3,-3)
Coords =  4.75334333918206E+00 -5.57685801220740E-01  3.89389597909832E-01
DistFromNuc =  1.1646640292E+00
Rho =  2.4592252593E-01
DelSqRho =  8.4863504099E-01
GradDelSqRho = -1.5607515280E-12  1.0579315202E-12 -1.0005329898E-12
HessDelSqRho_EigVals = -1.7804221165E+01 -2.2433417652E+00 -2.3066455124E-01
HessDelSqRho_EigVec1 =  8.6781364295E-01 -3.6410533839E-01  3.3812243887E-01
HessDelSqRho_EigVec2 =  3.1277783669E-02  7.1915673028E-01  6.9414357127E-01
HessDelSqRho_EigVec3 =  4.9590440748E-01  5.9181154082E-01 -6.3548242997E-01
</CP of DelSqRho>
<CP of DelSqRho>
CP# = 32      
Type = (3,-3)
Coords =  4.78231364019975E+00  2.05649951253204E-01 -3.87362658066536E-01
DistFromNuc =  1.1646634648E+00
Rho =  2.4592028143E-01
DelSqRho =  8.4860830483E-01
GradDelSqRho = -1.4432899320E-15 -1.3322676296E-15 -2.7755575616E-16
HessDelSqRho_EigVals = -1.7803543895E+01 -2.2429220930E+00 -2.3038045641E-01
HessDelSqRho_EigVec1 =  8.9298822432E-01  2.9914541707E-01 -3.3627972087E-01
HessDelSqRho_EigVec2 =  2.0379072795E-02  7.1951506138E-01  6.9417776531E-01
HessDelSqRho_EigVec3 = -4.4961842112E-01  6.2674563892E-01 -6.3642217080E-01
</CP of DelSqRho>
<CP of DelSqRho>
CP# = 33      
Type = (3,-3)
Coords =  3.29583593577074E+00 -8.87848492870494E-01 -7.45405255952704E-01
DistFromNuc =  1.1463852633E+00
Rho =  2.4637330561E-01
DelSqRho =  8.2308305754E-01
GradDelSqRho =  1.0547118734E-15 -5.5511151231E-17 -2.2204460493E-16
HessDelSqRho_EigVals = -1.7505276392E+01 -1.7149206256E+00 -4.6057756622E-01
HessDelSqRho_EigVec1 =  4.2134878782E-01  6.4035639704E-01  6.4219069113E-01
HessDelSqRho_EigVec2 = -9.0635618783E-01  3.2182308692E-01  2.7376698398E-01
HessDelSqRho_EigVec3 = -3.1363351122E-02 -6.9740489351E-01  7.1599075044E-01
</CP of DelSqRho>
<CP of DelSqRho>
CP# = 34      
Type = (3,-1)
Coords =  4.90650484973806E+00 -1.81003393938756E-01  1.01197732202286E-03
DistFromNuc =  1.1681954912E+00
Rho =  2.5020476163E-01
DelSqRho =  8.3651082199E-01
GradDelSqRho = -1.0713652188E-13  8.3266726847E-16  2.7144085590E-15
HessDelSqRho_EigVals = -1.6534781678E+01 -3.9498356051E+00  1.7096064190E-01
HessDelSqRho_EigVec1 =  9.9932407961E-01 -3.6749946114E-02  9.0849636495E-04
HessDelSqRho_EigVec2 =  2.5454917655E-02  7.0959106283E-01  7.0415379763E-01
HessDelSqRho_EigVec3 = -2.6522275020E-02 -7.0365472002E-01  7.1004690262E-01
</CP of DelSqRho>
<CP of DelSqRho>
CP# = 35      
Type = (3,-1)
Coords =  5.52986477389693E+00  4.06824688040390E-01  7.36041422120583E-01
DistFromNuc =  2.0113650210E+00
Rho =  7.2654336212E-02
DelSqRho =  1.9148986183E-01
GradDelSqRho =  2.4980018054E-16 -6.9388939039E-18 -1.4745149546E-16
HessDelSqRho_EigVals = -2.2461011993E+00 -1.6500448898E-02  4.8382421210E-01
HessDelSqRho_EigVec1 =  9.8714030251E-01 -1.5985605808E-01 -2.5270841237E-04
HessDelSqRho_EigVec2 = -1.0730477379E-01 -6.6379664741E-01  7.4017544974E-01
HessDelSqRho_EigVec3 =  1.1848927668E-01  7.3062990055E-01  6.7241374148E-01
</CP of DelSqRho>
<CP of DelSqRho>
CP# = 36      
Type = (3,-1)
Coords =  4.22982427457011E+00  1.08400357475252E+00  1.52940500771389E+00
DistFromNuc =  2.0182967222E+00
Rho =  7.1604975731E-02
DelSqRho =  1.8549104698E-01
GradDelSqRho =  1.7465195956E-14 -1.1207701434E-13 -1.0835776720E-13
HessDelSqRho_EigVals = -2.0303175603E+00 -9.5438735810E-03  5.0083674901E-01
HessDelSqRho_EigVec1 = -2.7858623625E-01  5.3302774927E-01  7.9891872395E-01
HessDelSqRho_EigVec2 = -1.3063808945E-01  8.0308794455E-01 -5.8136343444E-01
HessDelSqRho_EigVec3 =  9.5148483885E-01  2.6632906682E-01  1.5409552106E-01
</CP of DelSqRho>
<CP of DelSqRho>
CP# = 37      
Type = (3,-1)
Coords =  4.14201783812049E+00 -1.39114142182291E+00 -1.52991645973474E+00
DistFromNuc =  2.0181696941E+00
Rho =  7.1601660012E-02
DelSqRho =  1.8553590993E-01
GradDelSqRho =  6.2897603792E-13  2.0807383594E-12  2.8408109198E-12
HessDelSqRho_EigVals = -2.0305421160E+00 -9.6127393904E-03  5.0095457837E-01
HessDelSqRho_EigVec1 =  3.1509051489E-01  5.0924686997E-01  8.0086552732E-01
HessDelSqRho_EigVec2 =  1.9274830411E-01  7.9192623307E-01 -5.7939704231E-01
HessDelSqRho_EigVec3 =  9.2928255052E-01 -3.3692798459E-01 -1.5137197397E-01
</CP of DelSqRho>
<CP of DelSqRho>
CP# = 38      
Type = (3,+1)
Coords =  4.61361097393877E+00 -1.87959234289203E+00 -5.00188327822747E-01
DistFromNuc =  2.0119188290E+00
Rho =  7.0745526918E-02
DelSqRho =  1.8051544272E-01
GradDelSqRho =  6.5919492087E-17  3.4694469520E-17 -1.7217130499E-16
HessDelSqRho_EigVals = -1.7198926532E+00  1.8950429784E-02  5.7413303593E-01
HessDelSqRho_EigVec1 = -1.8409187622E-01  9.7278224532E-01 -1.4072982732E-01
HessDelSqRho_EigVec2 =  7.7166457210E-01  2.3172074918E-01  5.9231687682E-01
HessDelSqRho_EigVec3 = -6.0880536240E-01 -4.4450319218E-04  7.9331950255E-01
</CP of DelSqRho>
<CP of DelSqRho>
CP# = 39      
Type = (3,-1)
Coords =  5.48629775303555E+00 -8.13090070195841E-01 -7.32988218012521E-01
DistFromNuc =  2.0113545851E+00
Rho =  7.2651265126E-02
DelSqRho =  1.9148807433E-01
GradDelSqRho = -3.9551695252E-15  8.6736173799E-17  9.3328123008E-16
HessDelSqRho_EigVals = -2.2461916000E+00 -1.6516667648E-02  4.8380438275E-01
HessDelSqRho_EigVec1 =  9.9619630525E-01  8.7118902185E-02  1.7939561694E-03
HessDelSqRho_EigVec2 =  5.7213180127E-02 -6.6947822101E-01  7.4062511678E-01
HessDelSqRho_EigVec3 = -6.5723461690E-02  7.3770536698E-01  6.7191607966E-01
</CP of DelSqRho>
<CP of DelSqRho>
CP# = 40      
Type = (3,+1)
Coords =  4.73755771003163E+00  1.53467148290567E+00  5.02809987975680E-01
DistFromNuc =  2.0119254700E+00
Rho =  7.0749666937E-02
DelSqRho =  1.8052386163E-01
GradDelSqRho = -2.0816681712E-17 -6.2450045135E-17  3.9248118644E-17
HessDelSqRho_EigVals = -1.7199110075E+00  1.8890789243E-02  5.7406779524E-01
HessDelSqRho_EigVec1 =  2.5465608844E-01  9.5690752607E-01 -1.3956454841E-01
HessDelSqRho_EigVec2 =  7.5338109404E-01 -2.8679872301E-01 -5.9174607698E-01
HessDelSqRho_EigVec3 =  6.0627320885E-01 -4.5546449140E-02  7.9395107985E-01
</CP of DelSqRho>
<CP of DelSqRho>
CP# = 41      
Type = (3,+1)
Coords =  4.61482604457813E+00 -6.93854007433494E-01 -1.71437275901799E+00
DistFromNuc =  2.0036646950E+00
Rho =  7.1257226592E-02
DelSqRho =  1.8389827958E-01
GradDelSqRho =  1.2143064332E-16 -3.0661237438E-16 -2.8449465006E-16
HessDelSqRho_EigVals = -1.7681318952E+00  1.2556817211E-02  5.7225473680E-01
HessDelSqRho_EigVec1 = -1.7759071936E-01 -1.2300294237E-01  9.7638712229E-01
HessDelSqRho_EigVec2 =  7.7396495110E-01  5.9533255805E-01  2.1577163806E-01
HessDelSqRho_EigVec3 = -6.0781558952E-01  7.9400845178E-01 -1.0525570970E-02
</CP of DelSqRho>
<CP of DelSqRho>
CP# = 42      
Type = (3,+1)
Coords =  4.64771380390375E+00  3.53645262971954E-01  1.71681485176710E+00
DistFromNuc =  2.0037498684E+00
Rho =  7.1259904374E-02
DelSqRho =  1.8386502432E-01
GradDelSqRho = -3.2474023470E-15 -2.8319360745E-16 -9.5687346935E-15
HessDelSqRho_EigVals = -1.7675500984E+00  1.2507845825E-02  5.7216974901E-01
HessDelSqRho_EigVec1 =  1.6407834847E-01 -1.3380811921E-01  9.7732987409E-01
HessDelSqRho_EigVec2 =  7.2732921336E-01 -6.5288741758E-01 -2.1149523718E-01
HessDelSqRho_EigVec3 =  6.6638615753E-01  7.4554235775E-01 -9.8021351288E-03
</CP of DelSqRho>
<Path of -GradDelSqRho>
Starting CP# =      5
Ending CP# =      1
Number of Points =      7
  3.7944063649E+00 -2.5321901826E-01  1.0961660763E-01  2.2532296851E+01  1.2385544810E+03
  3.7862672012E+00 -2.3610353829E-01  9.3312802553E-02  3.2774171890E+01  9.8598356779E+02
  3.7780845336E+00 -2.1899815760E-01  7.7020171715E-02  4.8036002403E+01 -7.9779505161E+02
  3.7698827064E+00 -2.0189724396E-01  6.0732483966E-02  7.0705603801E+01 -6.4027123361E+03
  3.7616669602E+00 -1.8479958211E-01  4.4448398902E-02  1.0435324910E+02 -2.0691524700E+04
  3.7534282517E+00 -1.6770729063E-01  2.8170277678E-02  1.5482954724E+02 -7.5510060656E+04
  3.7390995312E+00 -1.3806524227E-01 -5.8435562047E-05  2.9726806172E+02 -3.3288954390E+06
</Path of -GradDelSqRho>
<Path of -GradDelSqRho>
Starting CP# =      5
Ending CP# =     13
Number of Points =     40
  3.7944063649E+00 -2.5321901826E-01  1.0961660763E-01  2.2532296851E+01  1.2385544810E+03
  3.8024941256E+00 -2.7034636889E-01  1.2593352552E-01  1.5611831713E+01  1.1562677251E+03
  3.8105585766E+00 -2.8747910079E-01  1.4225633542E-01  1.0920029818E+01  9.8580573798E+02
  3.8186170351E+00 -3.0461324424E-01  1.5858062310E-01  7.7488769975E+00  7.7696249350E+02
  3.8266617415E+00 -3.2175058599E-01  1.7490833509E-01  5.6136779436E+00  5.7564238503E+02
  3.8346792198E+00 -3.3889422082E-01  1.9124282975E-01  4.1769493401E+00  4.1080967801E+02
  3.8426547330E+00 -3.5604751562E-01  2.0758772009E-01  3.2076962242E+00  2.8766475600E+02
  3.8505734358E+00 -3.7321382781E-01  2.2394655541E-01  2.5508194225E+00  1.9904568763E+02
  3.8584215378E+00 -3.9039622715E-01  2.4032251029E-01  2.1028201156E+00  1.3572247484E+02
  3.8661856323E+00 -4.0759763959E-01  2.5671853056E-01  1.7942878615E+00  9.0474042316E+01
  3.8738493591E+00 -4.2482157608E-01  2.7313809761E-01  1.5783487368E+00  5.8392593397E+01
  3.8813885956E+00 -4.4207313374E-01  2.8958625469E-01  1.4233195277E+00  3.6090879636E+01
  3.8887658267E+00 -4.5936006027E-01  3.0607065515E-01  1.3079548784E+00  2.1032065038E+01
  3.8959224161E+00 -4.7669402531E-01  3.2260276915E-01  1.2182243785E+00  1.1207037247E+01
  3.9027656871E+00 -4.9409240954E-01  3.3919955217E-01  1.1450394203E+00  5.0273091031E+00
  3.9091446653E+00 -5.1158090401E-01  3.5588584909E-01  1.0826353454E+00  1.2855181983E+00
  3.9147993301E+00 -5.2919685578E-01  3.7269746028E-01  1.0274494666E+00 -8.8840396342E-01
  3.9192363111E+00 -5.4699049336E-01  3.8968215612E-01  9.7741063377E-01 -2.0885191628E+00
  3.9213452875E+00 -5.6499517237E-01  4.0687138373E-01  9.3171666106E-01 -2.7017889553E+00
  3.9178714405E+00 -5.8280120719E-01  4.2387674220E-01  8.9231761342E-01 -2.9759459766E+00
  3.9016409635E+00 -5.9594649049E-01  4.3647205655E-01  8.7214379648E-01 -3.0939478515E+00
  3.8778429710E+00 -6.0121374562E-01  4.4164808435E-01  8.7303476584E-01 -3.1836136553E+00
  3.8531263528E+00 -6.0376475143E-01  4.4435057141E-01  8.7881224804E-01 -3.2704424118E+00
  3.8282472599E+00 -6.0532029340E-01  4.4622947727E-01  8.8508519575E-01 -3.3550762148E+00
  3.8032978769E+00 -6.0616009209E-01  4.4755681115E-01  8.9113266179E-01 -3.4370916334E+00
  3.7783129770E+00 -6.0632493606E-01  4.4837477967E-01  8.9682074996E-01 -3.5160357206E+00
  3.7533212252E+00 -6.0582026436E-01  4.4869033303E-01  9.0210671848E-01 -3.5914708748E+00
  3.7283505992E+00 -6.0464744126E-01  4.4850497753E-01  9.0696341579E-01 -3.6629836254E+00
  3.7034289505E+00 -6.0280821975E-01  4.4781888768E-01  9.1136888457E-01 -3.7301905469E+00
  3.6785840781E+00 -6.0030542371E-01  4.4663133610E-01  9.1530522877E-01 -3.7927434716E+00
  3.6538437551E+00 -5.9714318766E-01  4.4494062556E-01  9.1875861426E-01 -3.8503341413E+00
  3.6292357422E+00 -5.9332719081E-01  4.4274392513E-01  9.2171934797E-01 -3.9026982339E+00
  3.6047877869E+00 -5.8886494264E-01  4.4003704369E-01  9.2418191807E-01 -3.9496186931E+00
  3.5805276118E+00 -5.8376613731E-01  4.3681412908E-01  9.2614498695E-01 -3.9909283091E+00
  3.5564828910E+00 -5.7804309492E-01  4.3306727323E-01  9.2761133934E-01 -4.0265115236E+00
  3.5326812197E+00 -5.7171131455E-01  4.2878599834E-01  9.2858778913E-01 -4.0563054497E+00
  3.5091500824E+00 -5.6479017304E-01  4.2395659368E-01  9.2908504868E-01 -4.0803001203E+00
  3.4859168320E+00 -5.5730381439E-01  4.1856126657E-01  9.2911756414E-01 -4.0985379898E+00
  3.4630087005E+00 -5.4928228672E-01  4.1257706976E-01  9.2870332074E-01 -4.1111127188E+00
  3.4220029029E+00 -5.3334027292E-01  3.9999320611E-01  9.2685994587E-01 -4.1199647185E+00
</Path of -GradDelSqRho>
<Path of -GradDelSqRho>
Starting CP# =      6
Ending CP# =     17
Number of Points =     40
  3.8029627601E+00 -2.7282943884E-02 -1.0958554228E-01  2.2532570011E+01  1.2385860292E+03
  3.8123235421E+00 -1.0795535706E-02 -1.2588096968E-01  1.5611997630E+01  1.1562949132E+03
  3.8216614701E+00  5.6989465908E-03 -1.4218235456E-01  1.0920131882E+01  9.8582793378E+02
  3.8309935250E+00  2.2195276267E-02 -1.5848523320E-01  7.7489421563E+00  7.7698010357E+02
  3.8403121007E+00  3.8695802912E-02 -1.7479157338E-01  5.6137234047E+00  5.7565529362E+02
  3.8496039854E+00  5.5204599419E-02 -1.9110477064E-01  4.1769858379E+00  4.1081833492E+02
  3.8588547299E+00  7.1726102682E-02 -2.0742847823E-01  3.2077300678E+00  2.8767006326E+02
  3.8680497762E+00  8.8264748347E-02 -2.2376628546E-01  2.5508540028E+00  1.9904856811E+02
  3.8771755971E+00  1.0482460831E-01 -2.4012140334E-01  2.1028569818E+00  1.3572366778E+02
  3.8862190376E+00  1.2140958336E-01 -2.5649681233E-01  1.7943274398E+00  9.0474092918E+01
  3.8951640402E+00  1.3802437455E-01 -2.7289603543E-01  1.5783907957E+00  5.8391902638E+01
  3.9039869229E+00  1.5467583409E-01 -2.8932417700E-01  1.4233634818E+00  3.6089746585E+01
  3.9126508415E+00  1.7137443974E-01 -3.0578898515E-01  1.3079999899E+00  2.1030710224E+01
  3.9210981748E+00  1.8813612979E-01 -3.2230207722E-01  1.2182698908E+00  1.1205615819E+01
  3.9292377690E+00  2.0498503515E-01 -3.3888063935E-01  1.1450846462E+00  5.0259219665E+00
  3.9369209273E+00  2.2195785152E-01 -3.5554988835E-01  1.0826797272E+00  1.2842238556E+00
  3.9438910169E+00  2.3911089867E-01 -3.7234625744E-01  1.0274926365E+00 -8.8957767246E-01
  3.9496594877E+00  2.5653045590E-01 -3.8931869846E-01  9.7745254838E-01 -2.0895652066E+00
  3.9531206606E+00  2.7433116716E-01 -4.0650123175E-01  9.3175816365E-01 -2.7027152941E+00
  3.9509943919E+00  2.9234222985E-01 -4.2351220362E-01  8.9236416235E-01 -2.9767814097E+00
  3.9357899570E+00  3.0663494208E-01 -4.3613824925E-01  8.7221132240E-01 -3.0947692092E+00
  3.9124522808E+00  3.1362854727E-01 -4.4136619911E-01  8.7311274717E-01 -3.1844620177E+00
  3.8879952846E+00  3.1798355608E-01 -4.4412517100E-01  8.7889424800E-01 -3.2713179799E+00
  3.8633015443E+00  3.2135861733E-01 -4.4606100737E-01  8.8517006759E-01 -3.3559765176E+00
  3.8384840068E+00  3.2402566282E-01 -4.4744502538E-01  8.9122006367E-01 -3.4380138806E+00
  3.8135804222E+00  3.2602285803E-01 -4.4831919810E-01  8.9691044603E-01 -3.5169768868E+00
  3.7886197866E+00  3.2735360581E-01 -4.4869031055E-01  9.0219847398E-01 -3.5924277225E+00
  3.7636300984E+00  3.2801729707E-01 -4.4855971837E-01  9.0705698261E-01 -3.6639527305E+00
  3.7386392545E+00  3.2801371395E-01 -4.4792745297E-01  9.1146400075E-01 -3.7311683297E+00
  3.7136751745E+00  3.2734370273E-01 -4.4679265165E-01  9.1540162011E-01 -3.7937262341E+00
  3.6887658457E+00  3.2600940927E-01 -4.4515349092E-01  9.1885599654E-01 -3.8513181097E+00
  3.6639393536E+00  3.2401450947E-01 -4.4300702473E-01  9.2181742932E-01 -3.9036796061E+00
  3.6392239028E+00  3.2136449126E-01 -4.4034896103E-01  9.2428040158E-01 -3.9505936897E+00
  3.6146478314E+00  3.1806700532E-01 -4.3717336488E-01  9.2624357346E-01 -3.9918932272E+00
  3.5902396206E+00  3.1413230181E-01 -4.3347226923E-01  9.2770973022E-01 -4.0274627910E+00
  3.5660279052E+00  3.0957377745E-01 -4.2923516889E-01  9.2868568909E-01 -4.0572396779E+00
  3.5420414938E+00  3.0440866497E-01 -4.2444836817E-01  9.2918216833E-01 -4.0812141538E+00
  3.5183094131E+00  2.9865890780E-01 -4.1909414749E-01  9.2921362231E-01 -4.0994289487E+00
  3.4948610005E+00  2.9235227149E-01 -4.1314971409E-01  9.2879804600E-01 -4.1119780316E+00
  3.4529016526E+00  2.7952933576E-01 -4.0068012697E-01  9.2695964295E-01 -4.1207776031E+00
</Path of -GradDelSqRho>
<Path of -GradDelSqRho>
Starting CP# =      6
Ending CP# =      1
Number of Points =      7
  3.8029627601E+00 -2.7282943884E-02 -1.0958554228E-01  2.2532570011E+01  1.2385860292E+03
  3.7935515864E+00 -4.3754751649E-02 -9.3303372305E-02  3.2774624354E+01  9.8599509916E+02
  3.7840977710E+00 -6.0213304726E-02 -7.7032498870E-02  4.8036746110E+01 -7.9789831077E+02
  3.7746251775E+00 -7.6666001298E-02 -6.0766622406E-02  7.0706794979E+01 -6.4030428209E+03
  3.7651389414E+00 -9.3114436350E-02 -4.4504388241E-02  1.0435515621E+02 -2.0692759770E+04
  3.7556302001E+00 -1.0955583574E-01 -2.8248183213E-02  1.5483251898E+02 -7.5514228411E+04
  3.7390995312E+00 -1.3806524227E-01 -5.8435562047E-05  2.9726806172E+02 -3.3288954390E+06
</Path of -GradDelSqRho>
<Path of -GradDelSqRho>
Starting CP# =     10
Ending CP# =     17
Number of Points =     30
  3.0715604599E+00 -1.1347048040E-01 -6.0711763940E-04  8.5666517857E-01 -3.4496081763E+00
  3.0723828129E+00 -1.0799728159E-01 -6.0976520200E-03  8.5755868083E-01 -3.4497462068E+00
  3.0728366395E+00 -9.9479740880E-02 -1.4612399599E-02  8.5742259480E-01 -3.4507369102E+00
  3.0742500351E+00 -8.2942993737E-02 -3.1161922382E-02  8.5712618767E-01 -3.4550743930E+00
  3.0771995667E+00 -6.5421830274E-02 -4.8746618403E-02  8.5781000936E-01 -3.4631631133E+00
  3.0811645408E+00 -4.8017601577E-02 -6.6247603003E-02  8.5879435021E-01 -3.4747730187E+00
  3.0861369035E+00 -3.0758733108E-02 -8.3634954900E-02  8.6007247189E-01 -3.4897908984E+00
  3.0921065172E+00 -1.3673197756E-02 -1.0087912749E-01  8.6163556876E-01 -3.5080698217E+00
  3.0990611844E+00  3.2115841463E-03 -1.1795104805E-01  8.6347273964E-01 -3.5294301856E+00
  3.1069866980E+00  1.9868841703E-02 -1.3482221415E-01  8.6557098667E-01 -3.5536609664E+00
  3.1158669017E+00  3.6272547818E-02 -1.5146478723E-01  8.6791521845E-01 -3.5805211544E+00
  3.1256837633E+00  5.2397510049E-02 -1.6785168205E-01  8.7048825987E-01 -3.6097413546E+00
  3.1364174594E+00  6.8219456840E-02 -1.8395665069E-01  8.7327087090E-01 -3.6410255339E+00
  3.1480464725E+00  8.3715117939E-02 -1.9975435962E-01  8.7624177715E-01 -3.6740529045E+00
  3.1605477005E+00  9.8862297804E-02 -2.1522045802E-01  8.7937771463E-01 -3.7084799374E+00
  3.1738965764E+00  1.1363994091E-01 -2.3033163581E-01  8.8265349172E-01 -3.7439425039E+00
  3.1880671985E+00  1.2802818806E-01 -2.4506566954E-01  8.8604207064E-01 -3.7800581535E+00
  3.2030324684E+00  1.4200842323E-01 -2.5940145465E-01  8.8951467125E-01 -3.8164285377E+00
  3.2187642345E+00  1.5556331076E-01 -2.7331902235E-01  8.9304089903E-01 -3.8526419962E+00
  3.2352334396E+00  1.6867682366E-01 -2.8679953981E-01  8.9658889911E-01 -3.8882763231E+00
  3.2524102686E+00  1.8133426434E-01 -2.9982529175E-01  9.0012553755E-01 -3.9229017328E+00
  3.2702642944E+00  1.9352228045E-01 -3.1237964178E-01  9.0361661042E-01 -3.9560840392E+00
  3.2887646185E+00  2.0522888006E-01 -3.2444697045E-01  9.0702708049E-01 -3.9873880628E+00
  3.3078800049E+00  2.1644345297E-01 -3.3601258555E-01  9.1032134042E-01 -4.0163812672E+00
  3.3275790036E+00  2.2715680900E-01 -3.4706259631E-01  9.1346350079E-01 -4.0426376208E+00
  3.3478300635E+00  2.3736125216E-01 -3.5758373545E-01  9.1641770013E-01 -4.0657416668E+00
  3.3686016315E+00  2.4705072592E-01 -3.6756309649E-01  9.1914843366E-01 -4.0852927709E+00
  3.3898622393E+00  2.5622110403E-01 -3.7698771223E-01  9.2162089669E-01 -4.1009095044E+00
  3.4115805765E+00  2.6487081481E-01 -3.8584378298E-01  9.2380133858E-01 -4.1122341051E+00
  3.4529016526E+00  2.7952933576E-01 -4.0068012697E-01  9.2695964295E-01 -4.1207776031E+00
</Path of -GradDelSqRho>
<Path of -GradDelSqRho>
Starting CP# =     10
Ending CP# =     13
Number of Points =     30
  3.0715604599E+00 -1.1347048040E-01 -6.0711763940E-04  8.5666517857E-01 -3.4496081763E+00
