 AIMInt (Version 19.02.13, Professional)
 Portions Copyright (c) 1997-2019 by Todd A. Keith
 AIMInt is a component of the AIMAll package ( http://aim.tkgristmill.com )

 TP:  64-bit Linux

 Licensed To:  Research Group of Fernando Cortes Guzman, UNAM, fercor@unam.mx

 AIMInt is a heavily modified and extended version of the PROAIMV program
 developed by members of R.F.W. Bader's research group

 Much of the Quantum Theory of Atoms in Molecules (QTAIM) is described in the book:
   "Atoms in Molecules - A Quantum Theory"
   R.F.W. Bader, Oxford University Press, Oxford, 1990

 For additional references see:  http://aim.tkgristmill.com/references.html

 Current Directory:  /home/scratch/M_H2O_4_cuadrado_plano/Opt

 Inp File:  Ti3_cuadrado_plano_cc-pvtz-def2-tzv_1_atomicfiles/o4.inp
 Wfx File:  Ti3_cuadrado_plano_cc-pvtz-def2-tzv_1.wfx
 Out File:  Ti3_cuadrado_plano_cc-pvtz-def2-tzv_1_atomicfiles/o4.int

 Wfx Title:   Ti3_cuadrado_plano_cc-pvtz-def2-tzv_1                                         
 Job Title:   Ti3_cuadrado_plano_cc-pvtz-def2-tzv_1                                         
 
<Atom>
O4      
</Atom>
<Nuclei of Molecule>
    13
Ti1       22.0          -1.0356641266E-05   1.3023848583E-05  -8.0073487347E-05
O2         8.0           3.7390992330E+00  -1.3806523120E-01  -5.8436123125E-05
H3         1.0           4.8384375333E+00  -1.2346614081E+00  -1.0588699286E+00
O4         8.0           1.3806323079E-01   3.7391194010E+00  -7.2703555428E-05
H5         1.0          -8.9793453013E-01   4.9159007607E+00   1.0358595534E+00
O6         8.0          -3.7391199463E+00   1.3808166019E-01  -5.8436123125E-05
H7         1.0          -4.9152102842E+00  -8.7392689527E-01   1.0604516934E+00
O8         8.0          -1.3808364170E-01  -3.7390997783E+00  -7.2703555428E-05
H9         1.0           8.9863531519E-01  -4.9163037360E+00   1.0347785166E+00
H10        1.0          -4.8374906488E+00   1.2340724654E+00  -1.0605262546E+00
H11        1.0           1.2595107474E+00   4.8361861143E+00  -1.0344803672E+00
H12        1.0          -1.2594707810E+00  -4.8364087544E+00  -1.0344811609E+00
H13        1.0           4.9140794878E+00   8.7456651579E-01   1.0611277996E+00
</Nuclei of Molecule>
<Total Number of CPs of DelSqRho>
    42
</Total Number of CPs of DelSqRho>
<Number of (3,+3) CPs of DelSqRho>
     5
</Number of (3,+3) CPs of DelSqRho>
<Number of (3,+1) CPs of DelSqRho>
    15
</Number of (3,+1) CPs of DelSqRho>
<Number of (3,-1) CPs of DelSqRho>
    16
</Number of (3,-1) CPs of DelSqRho>
<Number of (3,-3) CPs of DelSqRho>
     6
</Number of (3,-3) CPs of DelSqRho>
<Number of Degenerate CPs of DelSqRho>
     0
</Number of Degenerate CPs of DelSqRho>
<CP of DelSqRho>
CP# = 1       
Type = (3,+3)
Coords =  1.38063242201118E-01  3.73911969910698E+00 -7.27031548561558E-05
DistFromNuc =  2.9836548284E-07
Rho =  2.9726863634E+02
DelSqRho = -3.3289020918E+06
GradDelSqRho = -1.4622601157E-06 -2.3871828489E-05 -9.6406438388E-11
HessDelSqRho_EigVals =  1.3238234512E+11  1.3238236265E+11  1.3238236998E+11
HessDelSqRho_EigVec1 =  6.9379503344E-01 -2.6281663660E-02  7.1969279955E-01
HessDelSqRho_EigVec2 =  3.7415607266E-02  9.9929970145E-01  4.2309184471E-04
HessDelSqRho_EigVec3 =  7.1919991929E-01 -2.6634204120E-02 -6.9429251420E-01
</CP of DelSqRho>
<CP of DelSqRho>
CP# = 2       
Type = (3,-1)
Coords =  7.84556961114058E-02  2.12975005655910E+00 -2.43076568535414E-04
DistFromNuc =  1.6104728417E+00
Rho =  1.1966614492E-01
DelSqRho =  3.0528291409E-01
GradDelSqRho =  3.6429192996E-17  6.1062266354E-16  7.8062556419E-18
HessDelSqRho_EigVals = -4.4980701898E-01 -1.3862676911E-01  3.5532116420E+00
HessDelSqRho_EigVec1 =  6.3598305587E-01 -2.3490214030E-02  7.7134542359E-01
HessDelSqRho_EigVec2 =  7.7082020534E-01 -2.8460034834E-02 -6.3641671683E-01
HessDelSqRho_EigVec3 =  3.6902082515E-02  9.9931888617E-01  6.6316782038E-06
</CP of DelSqRho>
<CP of DelSqRho>
CP# = 3       
Type = (3,+1)
Coords =  2.50694307749695E-01  3.79453064228357E+00  1.12140565957476E-01
DistFromNuc =  1.6836859273E-01
Rho =  2.2532157922E+01
DelSqRho =  1.2385714887E+03
GradDelSqRho =  1.1397105482E-11  7.5743855632E-12  5.8832938521E-12
HessDelSqRho_EigVals = -4.1280912610E+05  1.7136536150E+03  2.8345064309E+03
HessDelSqRho_EigVec1 =  6.6986541478E-01  3.2506903554E-01  6.6754059668E-01
HessDelSqRho_EigVec2 = -2.0874683557E-01  9.4525538596E-01 -2.5083264133E-01
HessDelSqRho_EigVec3 = -7.1253426916E-01  2.8677124147E-02  7.0105102370E-01
</CP of DelSqRho>
<CP of DelSqRho>
CP# = 4       
Type = (3,+1)
Coords =  2.99108299031808E-02  3.80295384760146E+00 -1.12213685858503E-01
DistFromNuc =  1.6836679693E-01
Rho =  2.2532533715E+01
DelSqRho =  1.2386157097E+03
GradDelSqRho = -7.7307049651E-12  5.8122395785E-12 -7.1054273576E-13
HessDelSqRho_EigVals = -4.1285126602E+05  1.7114912455E+03  2.8327808566E+03
HessDelSqRho_EigVec1 =  6.4357283145E-01 -3.7517944598E-01  6.6712397194E-01
HessDelSqRho_EigVec2 =  2.7906524395E-01  9.2664025060E-01  2.5191354786E-01
HessDelSqRho_EigVec3 = -7.1269670985E-01  2.4046398696E-02  7.0106003343E-01
</CP of DelSqRho>
<CP of DelSqRho>
CP# = 5       
Type = (3,-1)
Coords =  1.44297653939283E-01  3.90778182749509E+00 -7.50448729188994E-05
DistFromNuc =  1.6877761155E-01
Rho =  2.2348196974E+01
DelSqRho =  1.2500916927E+03
GradDelSqRho = -7.5495165675E-13 -2.0605739337E-11 -8.8817841970E-15
HessDelSqRho_EigVals = -4.0678904721E+05 -1.2465694467E+03  1.4727496903E+03
HessDelSqRho_EigVec1 =  3.6932820117E-02  9.9931775047E-01 -1.9993424010E-05
HessDelSqRho_EigVec2 =  7.0173566661E-01 -2.5920526780E-02  7.1196571582E-01
HessDelSqRho_EigVec3 =  7.1147945930E-01 -2.6308931811E-02 -7.0221422593E-01
</CP of DelSqRho>
<CP of DelSqRho>
CP# = 6       
Type = (3,-1)
Coords =  1.31770475690494E-01  3.57224171427363E+00 -1.79464374349563E-04
DistFromNuc =  1.6699632475E-01
Rho =  2.2740973481E+01
DelSqRho =  1.2902892121E+03
GradDelSqRho = -8.3133500084E-13 -7.1054273576E-12  1.8207657604E-14
HessDelSqRho_EigVals = -4.4968561916E+05 -2.7595942462E+03  3.1920700735E+02
HessDelSqRho_EigVec1 =  3.7684337677E-02  9.9928948662E-01  6.4236264539E-04
HessDelSqRho_EigVec2 =  7.0016594331E-01 -2.6862685586E-02  7.1347463021E-01
HessDelSqRho_EigVec3 =  7.1298495252E-01 -2.6437058441E-02 -7.0068076855E-01
</CP of DelSqRho>
<CP of DelSqRho>
CP# = 7       
Type = (3,-3)
Coords =  5.32560859256192E-02  3.61842943236928E+00  7.86381505503976E-02
DistFromNuc =  1.6719365686E-01
Rho =  2.2669143654E+01
DelSqRho =  1.2914326988E+03
GradDelSqRho = -4.9453774409E-12 -1.8687273950E-12  2.7284841053E-12
HessDelSqRho_EigVals = -4.4539655879E+05 -3.0352990313E+03 -5.3531758857E+02
HessDelSqRho_EigVec1 =  5.0569302467E-01  7.2397721416E-01 -4.6918179652E-01
HessDelSqRho_EigVec2 =  7.0052980085E-01 -2.7178983340E-02  7.1310539262E-01
HessDelSqRho_EigVec3 =  5.0352017132E-01 -6.8928825338E-01 -5.2091183595E-01
</CP of DelSqRho>
<CP of DelSqRho>
CP# = 8       
Type = (3,-3)
Coords =  2.13551362842743E-01  3.61250914270505E+00 -7.89720342557806E-02
DistFromNuc =  1.6719366005E-01
Rho =  2.2669138525E+01
DelSqRho =  1.2914335791E+03
GradDelSqRho =  3.0695446185E-12 -1.3905321339E-11 -2.8421709430E-12
HessDelSqRho_EigVals = -4.4539664948E+05 -3.0353634649E+03 -5.3546731693E+02
HessDelSqRho_EigVec1 = -4.4979484980E-01  7.5926689850E-01  4.7031730771E-01
HessDelSqRho_EigVec2 =  7.0077094829E-01 -2.6451903147E-02  7.1289576717E-01
HessDelSqRho_EigVec3 =  5.5371894597E-01  6.5024155024E-01 -5.2017425467E-01
</CP of DelSqRho>
<CP of DelSqRho>
CP# = 9       
Type = (3,-1)
Coords =  6.05067038747667E-01  3.46972140245363E+00 -4.64665338837548E-01
DistFromNuc =  7.1169807854E-01
Rho =  6.8674257446E-01
DelSqRho = -1.1523686025E+00
GradDelSqRho =  8.8817841970E-15 -1.7763568394E-15 -1.6875389974E-14
HessDelSqRho_EigVals = -1.5374842114E+01 -1.0907051523E+01  1.4915488963E+02
HessDelSqRho_EigVec1 =  3.4531695535E-01  9.1217869921E-01 -2.2064954354E-01
HessDelSqRho_EigVec2 =  6.7771738511E-01 -7.9738226851E-02  7.3098629337E-01
HessDelSqRho_EigVec3 =  6.4919592287E-01 -4.0195999290E-01 -6.4573432450E-01
</CP of DelSqRho>
<CP of DelSqRho>
CP# = 10      
Type = (3,-1)
Coords = -3.47699025799470E-01  3.50490901931187E+00  4.64354075006426E-01
DistFromNuc =  7.1169635762E-01
Rho =  6.8674776045E-01
DelSqRho = -1.1524182912E+00
GradDelSqRho =  1.5383250229E-12  7.0166095156E-13 -2.1334045641E-12
HessDelSqRho_EigVals = -1.5373449728E+01 -1.0907854160E+01  1.4915646459E+02
HessDelSqRho_EigVec1 = -2.7616213009E-01  9.3521136661E-01  2.2161718720E-01
HessDelSqRho_EigVec2 =  6.8186125071E-01  2.8138410317E-02  7.3094012384E-01
HessDelSqRho_EigVec3 =  6.7734755678E-01  3.5297015402E-01 -6.4545515545E-01
</CP of DelSqRho>
<CP of DelSqRho>
CP# = 11      
Type = (3,-1)
Coords =  1.64936122045702E-01  4.45622508448868E+00  3.26620264989243E-04
DistFromNuc =  7.1760913671E-01
Rho =  6.8696106565E-01
DelSqRho = -1.2194705874E+00
GradDelSqRho = -2.2898349883E-15 -2.6423307986E-14  8.6736173799E-16
HessDelSqRho_EigVals = -1.8804494609E+01 -4.0780283341E+00  1.4218310361E+02
HessDelSqRho_EigVec1 =  7.3351410086E-01 -2.7112186604E-02 -6.7913326614E-01
HessDelSqRho_EigVec2 =  6.7864222284E-01 -2.5826796212E-02  7.3401478866E-01
HessDelSqRho_EigVec3 =  3.7440582386E-02  9.9929870706E-01  5.4484461848E-04
</CP of DelSqRho>
<CP of DelSqRho>
CP# = 12      
Type = (3,+1)
Coords =  1.13131784266894E-01  3.07159954976337E+00 -3.67483030170912E-04
DistFromNuc =  6.6798534090E-01
Rho =  8.5664787806E-01
DelSqRho = -3.4495650358E+00
GradDelSqRho =  1.3877787808E-16 -1.4432899320E-14  1.3877787808E-16
HessDelSqRho_EigVals = -5.8475300233E+00  1.8198581750E+01  2.4233617353E+02
HessDelSqRho_EigVec1 =  6.9071054381E-01 -2.6138228787E-02  7.2265879755E-01
HessDelSqRho_EigVec2 =  7.2216658767E-01 -2.6671396291E-02 -6.9120478606E-01
HessDelSqRho_EigVec3 =  3.7341188009E-02  9.9930247153E-01  4.5394085495E-04
</CP of DelSqRho>
<CP of DelSqRho>
CP# = 13      
Type = (3,+1)
Coords =  1.30015862359948E-01  4.01306476900592E+00  6.31078366971034E-01
DistFromNuc =  6.8808611281E-01
Rho =  7.8156430108E-01
DelSqRho = -2.4757079705E+00
GradDelSqRho =  6.3149485641E-13  7.4606987255E-14  1.7568169142E-12
HessDelSqRho_EigVals = -1.2754205083E+01  1.1291013370E+01  1.9067252739E+02
HessDelSqRho_EigVec1 =  8.2397717287E-01 -5.4541346660E-01  1.5357659018E-01
HessDelSqRho_EigVec2 =  5.6293140300E-01  7.5707865151E-01 -3.3157224090E-01
HessDelSqRho_EigVec3 =  6.4574407543E-02  3.5966104303E-01  9.3084589488E-01
</CP of DelSqRho>
<CP of DelSqRho>
CP# = 14      
Type = (3,+3)
Coords =  5.23745099501071E-01  3.42200728667273E+00  4.09276581549655E-01
DistFromNuc =  6.4566046348E-01
Rho =  9.2671870776E-01
DelSqRho = -4.1189312605E+00
GradDelSqRho =  5.3290705182E-14 -2.1538326678E-14  3.0642155480E-14
HessDelSqRho_EigVals =  8.2230623637E+00  2.0392792480E+01  3.0477369367E+02
HessDelSqRho_EigVec1 =  3.5823959426E-01  8.8177373825E-01  3.0682155667E-01
HessDelSqRho_EigVec2 = -7.0962042891E-01  4.3601722929E-02  7.0323377097E-01
HessDelSqRho_EigVec3 =  6.0671512259E-01 -4.6965302543E-01  6.4134452187E-01
</CP of DelSqRho>
<CP of DelSqRho>
CP# = 15      
Type = (3,+1)
Coords = -4.81405576737068E-01  4.03533943018892E+00 -3.81679495878921E-03
DistFromNuc =  6.8665997949E-01
Rho =  7.8857680453E-01
DelSqRho = -2.5682867449E+00
GradDelSqRho =  3.8191672047E-14 -1.2434497876E-14 -5.3290705182E-15
HessDelSqRho_EigVals = -1.2014153129E+01  1.2139712409E+01  1.9354367699E+02
HessDelSqRho_EigVec1 =  1.4330298080E-01  5.1260833221E-01  8.4657956120E-01
HessDelSqRho_EigVec2 =  3.7755349015E-01  7.6240010206E-01 -5.2554680710E-01
HessDelSqRho_EigVec3 =  9.1483201615E-01 -3.9494149203E-01  8.4282857719E-02
</CP of DelSqRho>
<CP of DelSqRho>
CP# = 16      
Type = (3,+3)
Coords = -2.72016456017659E-01  4.18070849720884E+00  3.94000518489803E-01
DistFromNuc =  7.2004165421E-01
Rho =  7.5951966266E-01
DelSqRho = -3.1215369838E+00
GradDelSqRho = -1.3766765505E-14  2.8421709430E-14  1.1102230246E-14
HessDelSqRho_EigVals =  1.2063883252E+01  2.2422151444E+01  1.4360611047E+02
HessDelSqRho_EigVec1 =  6.8380266474E-01 -3.5560306564E-03  7.2965832439E-01
HessDelSqRho_EigVec2 =  4.4596553921E-01  7.9351091884E-01 -4.1407144253E-01
HessDelSqRho_EigVec3 = -5.7751939668E-01  6.0854562387E-01  5.4419074793E-01
</CP of DelSqRho>
<CP of DelSqRho>
CP# = 17      
Type = (3,+3)
Coords =  5.80126092050107E-01  4.14921131842053E+00 -3.93600266311261E-01
DistFromNuc =  7.2004089934E-01
Rho =  7.5952736182E-01
DelSqRho = -3.1216441586E+00
GradDelSqRho =  7.0432548682E-13  9.6811447747E-13 -1.1763923169E-12
HessDelSqRho_EigVals =  1.2064832836E+01  2.2423873405E+01  1.4360661844E+02
HessDelSqRho_EigVec1 = -6.8202137362E-01  4.8403228881E-02 -7.2972869846E-01
HessDelSqRho_EigVec2 = -3.8542130782E-01  8.2420491176E-01  4.1489357540E-01
HessDelSqRho_EigVec3 =  6.2152816621E-01  5.6421927552E-01 -5.4346973029E-01
</CP of DelSqRho>
<CP of DelSqRho>
CP# = 18      
Type = (3,+3)
Coords = -2.70311737872282E-01  3.45244886799020E+00 -4.09790283364361E-01
DistFromNuc =  6.4561490434E-01
Rho =  9.2686147290E-01
DelSqRho = -4.1201218948E+00
GradDelSqRho =  5.3290705182E-15  2.5091040357E-14 -1.7763568394E-15
HessDelSqRho_EigVals =  8.2301750464E+00  2.0395426428E+01  3.0496179392E+02
HessDelSqRho_EigVec1 = -2.9104211805E-01  9.0660147737E-01 -3.0556218147E-01
HessDelSqRho_EigVec2 = -7.1088830482E-01  8.8110202207E-03  7.0324973088E-01
HessDelSqRho_EigVec3 =  6.4025955954E-01  4.2189587240E-01  6.4192800941E-01
</CP of DelSqRho>
<CP of DelSqRho>
CP# = 19      
Type = (3,+1)
Coords =  1.66802638222933E-01  4.01248357814280E+00 -6.30863955038138E-01
DistFromNuc =  6.8807814226E-01
Rho =  7.8159337000E-01
DelSqRho = -2.4761580839E+00
GradDelSqRho = -2.6645352591E-15  1.5987211555E-14 -4.2632564146E-14
HessDelSqRho_EigVals = -1.2755091444E+01  1.1295797344E+01  1.9069838765E+02
HessDelSqRho_EigVec1 =  8.6254085757E-01  4.8186409469E-01  1.5437053887E-01
HessDelSqRho_EigVec2 = -5.0461872205E-01  7.9677178348E-01  3.3243746841E-01
HessDelSqRho_EigVec3 =  3.7191590188E-02 -3.6463916314E-01  9.3040586108E-01
</CP of DelSqRho>
<CP of DelSqRho>
CP# = 20      
Type = (3,+1)
Coords =  7.78005650275229E-01  3.98803805560885E+00  4.21419336306159E-03
DistFromNuc =  6.8666234378E-01
Rho =  7.8856240097E-01
DelSqRho = -2.5679214505E+00
GradDelSqRho = -2.3687718453E-12 -4.4382275632E-12  8.8373752760E-13
HessDelSqRho_EigVals = -1.2013336580E+01  1.2136447248E+01  1.9352546453E+02
HessDelSqRho_EigVec1 =  1.0419687086E-01 -5.2298804698E-01  8.4594711112E-01
HessDelSqRho_EigVec2 = -3.1950426519E-01  7.8788880632E-01  5.2644871868E-01
HessDelSqRho_EigVec3 =  9.4183864681E-01  3.2513801928E-01  8.5001363449E-02
</CP of DelSqRho>
<CP of DelSqRho>
CP# = 21      
Type = (3,-1)
Coords =  1.31405597522954E+00  3.78168137994747E+00  1.60696258209667E-01
DistFromNuc =  1.1876940330E+00
Rho =  2.4246014985E-01
DelSqRho =  7.2258891750E-01
GradDelSqRho = -4.6629367034E-14  7.7021722333E-16 -8.5001450323E-15
HessDelSqRho_EigVals = -1.7102405225E+01 -1.2678343125E+00  2.9341901665E-01
HessDelSqRho_EigVec1 =  9.8911627547E-01  1.3189760574E-02  1.4654359019E-01
HessDelSqRho_EigVec2 =  9.3140288073E-02  7.1488859785E-01 -6.9300734441E-01
HessDelSqRho_EigVec3 = -1.1390294266E-01  6.9911395557E-01  7.0587944918E-01
</CP of DelSqRho>
<CP of DelSqRho>
CP# = 22      
Type = (3,-1)
Coords = -1.03145521258615E+00  3.86965579307531E+00 -1.60570399446056E-01
DistFromNuc =  1.1876753131E+00
Rho =  2.4245177601E-01
DelSqRho =  7.2270812529E-01
GradDelSqRho =  3.2196467714E-15 -6.2450045135E-16  3.2612801348E-16
HessDelSqRho_EigVals = -1.7105707932E+01 -1.2667187785E+00  2.9303339898E-01
HessDelSqRho_EigVec1 =  9.8538071188E-01 -8.7265489718E-02  1.4632015230E-01
HessDelSqRho_EigVec2 = -3.9324499342E-02  7.1915727723E-01  6.9373366241E-01
HessDelSqRho_EigVec3 = -1.6576621011E-01 -6.8934573685E-01  7.0521203809E-01
</CP of DelSqRho>
<CP of DelSqRho>
CP# = 23      
Type = (3,-1)
Coords =  8.84350018614359E-02  2.50372822609008E+00 -4.69223103093950E-03
DistFromNuc =  1.2363962375E+00
Rho =  2.4573797675E-01
DelSqRho =  4.5358529818E-01
GradDelSqRho = -1.9255430583E-16  3.3306690739E-16  9.9746599869E-18
HessDelSqRho_EigVals = -1.0919591487E+01 -2.9472419296E-02  7.3695931641E-01
HessDelSqRho_EigVec1 =  4.0320138592E-02  9.9917876303E-01  4.0107264588E-03
HessDelSqRho_EigVec2 =  6.5638722066E-01 -2.9513333874E-02  7.5384665528E-01
HessDelSqRho_EigVec3 =  7.5334593845E-01 -2.7762612025E-02 -6.5703815292E-01
</CP of DelSqRho>
<CP of DelSqRho>
CP# = 24      
Type = (3,-1)
Coords =  2.02413689500490E-01  3.79861920978240E+00  1.18206210108685E+00
DistFromNuc =  1.1853792242E+00
Rho =  2.4241561835E-01
DelSqRho =  7.2697127029E-01
GradDelSqRho = -1.4398204851E-13 -6.6165822821E-14 -6.2616578589E-13
HessDelSqRho_EigVals = -1.7031598823E+01 -1.4106433433E+00  2.8772587311E-01
HessDelSqRho_EigVec1 =  6.1980105428E-02  2.4132899024E-02  9.9778558304E-01
HessDelSqRho_EigVec2 = -6.5553852025E-01  7.5482754389E-01  2.2463914173E-02
HessDelSqRho_EigVec3 =  7.5261392160E-01  6.5547920040E-01 -6.2604335666E-02
</CP of DelSqRho>
<CP of DelSqRho>
CP# = 25      
Type = (3,-1)
Coords =  7.84435772651356E-02  3.80456017179186E+00 -1.18212156477880E+00
DistFromNuc =  1.1853592316E+00
Rho =  2.4240695917E-01
DelSqRho =  7.2710444917E-01
GradDelSqRho = -5.5511151231E-16  7.6327832943E-17 -3.0669911055E-15
HessDelSqRho_EigVals = -1.7035339398E+01 -1.4092911273E+00  2.8730936735E-01
HessDelSqRho_EigVec1 =  5.9906518039E-02 -2.9793953366E-02  9.9775925425E-01
HessDelSqRho_EigVec2 =  7.1017393671E-01  7.0369401468E-01 -2.1626680987E-02
HessDelSqRho_EigVec3 = -7.0147287098E-01  7.0987819663E-01  6.3314747337E-02
</CP of DelSqRho>
<CP of DelSqRho>
CP# = 26      
Type = (3,+1)
Coords = -5.06465430025715E-01  4.46230565880097E+00  6.41218538201553E-01
DistFromNuc =  1.1617529922E+00
Rho =  4.0503459606E-01
DelSqRho = -9.1582309392E-01
GradDelSqRho = -6.4531713306E-15  6.2172489379E-15  7.1539996149E-15
HessDelSqRho_EigVals = -2.9675026504E+01  1.4105769157E+01  1.4727565507E+01
HessDelSqRho_EigVec1 = -5.4924022830E-01  6.2800187321E-01  5.5131553476E-01
HessDelSqRho_EigVec2 =  6.9739372158E-01 -1.9021394985E-02  7.1643574983E-01
HessDelSqRho_EigVec3 =  4.6040978348E-01  7.7797932735E-01 -4.2751724819E-01
</CP of DelSqRho>
<CP of DelSqRho>
CP# = 27      
Type = (3,+1)
Coords =  2.41861898748828E-01  2.52005288182225E+00  1.70429060878552E-01
DistFromNuc =  1.2353008513E+00
Rho =  2.4564264980E-01
DelSqRho =  4.5318336568E-01
GradDelSqRho =  4.3021142204E-16 -3.7192471325E-15  1.7624790516E-15
HessDelSqRho_EigVals = -1.1217308902E+01  5.6168103910E-02  7.3926646622E-01
HessDelSqRho_EigVec1 = -8.8460707492E-02  9.8540236837E-01 -1.4545403275E-01
HessDelSqRho_EigVec2 =  6.5220484987E-01  1.6767141859E-01  7.3926661577E-01
HessDelSqRho_EigVec3 =  7.5286355805E-01 -2.9469777734E-02 -6.5751653604E-01
</CP of DelSqRho>
<CP of DelSqRho>
CP# = 28      
Type = (3,+1)
Coords =  8.35090467330983E-01  4.41273734984864E+00 -6.40424507205924E-01
DistFromNuc =  1.1617480544E+00
Rho =  4.0504468423E-01
DelSqRho = -9.1589754401E-01
GradDelSqRho = -5.9535709696E-15 -1.1102230246E-16  6.1201044232E-15
HessDelSqRho_EigVals = -2.9677296034E+01  1.4106748050E+01  1.4728744558E+01
HessDelSqRho_EigVec1 =  5.9485856083E-01  5.8573824647E-01 -5.5050340528E-01
HessDelSqRho_EigVec2 = -6.9684365706E-01  3.4390500727E-02 -7.1639808143E-01
HessDelSqRho_EigVec3 = -4.0068966824E-01  8.0977033786E-01  4.2862546552E-01
</CP of DelSqRho>
<CP of DelSqRho>
CP# = 29      
Type = (3,+1)
Coords = -5.19709294772688E-02  2.52991644167938E+00 -1.66685681561668E-01
DistFromNuc =  1.2353318029E+00
Rho =  2.4564544600E-01
DelSqRho =  4.5325883109E-01
GradDelSqRho =  3.0531133177E-16 -1.1102230246E-16 -1.8041124150E-16
HessDelSqRho_EigVals = -1.1205087861E+01  5.2160520172E-02  7.3907359150E-01
HessDelSqRho_EigVec1 =  1.5813900608E-01  9.7711802988E-01  1.4224067786E-01
HessDelSqRho_EigVec2 =  6.3874847938E-01 -2.1108416493E-01  7.3989448937E-01
HessDelSqRho_EigVec3 =  7.5298900048E-01 -2.6150162463E-02 -6.5751329580E-01
</CP of DelSqRho>
<CP of DelSqRho>
CP# = 30      
Type = (3,-3)
Coords = -6.59546172553600E-01  3.35200890651314E+00  7.26686858677475E-01
DistFromNuc =  1.1463920606E+00
Rho =  2.4637873642E-01
DelSqRho =  8.2332224697E-01
GradDelSqRho = -3.3306690739E-16 -5.5511151231E-16  9.9920072216E-16
HessDelSqRho_EigVals = -1.7508046325E+01 -1.7155748261E+00 -4.6177646370E-01
HessDelSqRho_EigVec1 =  6.8447877357E-01  3.7326520677E-01 -6.2622830816E-01
HessDelSqRho_EigVec2 = -2.5983952601E-01  9.2748055673E-01  2.6881822411E-01
HessDelSqRho_EigVec3 =  6.8115506990E-01 -2.1281501583E-02  7.3182980839E-01
</CP of DelSqRho>
<CP of DelSqRho>
CP# = 31      
Type = (3,-3)
Coords =  5.49259045685978E-01  4.75354644591594E+00  3.97661297762751E-01
DistFromNuc =  1.1646186344E+00
Rho =  2.4592601221E-01
DelSqRho =  8.4889552541E-01
GradDelSqRho = -1.3026246748E-12 -1.9702017795E-12 -1.2874701305E-12
HessDelSqRho_EigVals = -1.7808203349E+01 -2.2454018472E+00 -2.3062111157E-01
HessDelSqRho_EigVec1 =  3.5679328744E-01  8.6800771119E-01  3.4534209613E-01
HessDelSqRho_EigVec2 = -7.3494949198E-01  3.2617314369E-02  6.7733695827E-01
HessDelSqRho_EigVec3 =  5.7666957114E-01 -4.9547827816E-01  6.4957946519E-01
</CP of DelSqRho>
<CP of DelSqRho>
CP# = 32      
Type = (3,-3)
Coords = -1.95902927451248E-01  4.78199954914574E+00 -3.96542017954521E-01
DistFromNuc =  1.1646116587E+00
Rho =  2.4592143559E-01
DelSqRho =  8.4888906917E-01
GradDelSqRho =  1.6098233857E-15 -3.4416913763E-15  1.3322676296E-15
HessDelSqRho_EigVals = -1.7808134729E+01 -2.2445424821E+00 -2.3044164422E-01
HessDelSqRho_EigVec1 = -2.9069974956E-01  8.9273966882E-01 -3.4425214499E-01
HessDelSqRho_EigVec2 = -7.3535342387E-01  2.1738686821E-02  6.7733505114E-01
HessDelSqRho_EigVec3 =  6.1216745880E-01  4.5004812323E-01  6.5015974127E-01
</CP of DelSqRho>
<CP of DelSqRho>
CP# = 33      
Type = (3,-3)
Coords =  9.04444910119531E-01  3.29422452169808E+00 -7.27354487225127E-01
DistFromNuc =  1.1463904766E+00
Rho =  2.4638023032E-01
DelSqRho =  8.2332831084E-01
GradDelSqRho = -4.9960036108E-16  9.9920072216E-16  1.8318679906E-15
HessDelSqRho_EigVals = -1.7508070895E+01 -1.7159730765E+00 -4.6167747309E-01
HessDelSqRho_EigVec1 =  6.5461433165E-01 -4.2274256831E-01 -6.2671269154E-01
HessDelSqRho_EigVec2 =  3.2870105441E-01  9.0572566331E-01 -2.6761285404E-01
HessDelSqRho_EigVec3 =  6.8076111348E-01 -3.0817912932E-02  7.3185692769E-01
</CP of DelSqRho>
<CP of DelSqRho>
CP# = 34      
Type = (3,-1)
Coords =  1.81870622337366E-01  4.90644417748525E+00  6.31616679747878E-04
DistFromNuc =  1.1681467021E+00
Rho =  2.5021173505E-01
DelSqRho =  8.3678299683E-01
GradDelSqRho =  1.7479073744E-14 -7.9669604247E-13  4.9512477451E-14
HessDelSqRho_EigVals = -1.6538869721E+01 -3.9520113819E+00  1.7093201354E-01
HessDelSqRho_EigVec1 =  3.7490549188E-02  9.9929680481E-01  5.9549887577E-04
HessDelSqRho_EigVec2 =  7.2565308377E-01 -2.6814560360E-02 -6.8753805813E-01
HessDelSqRho_EigVec3 =  6.8703861663E-01 -2.6208304983E-02  7.2614810060E-01
</CP of DelSqRho>
<CP of DelSqRho>
CP# = 35      
Type = (3,-1)
Coords = -1.12254039892073E+00  4.23182844509486E+00  1.49706893577092E+00
DistFromNuc =  2.0182459715E+00
Rho =  7.1626637306E-02
DelSqRho =  1.8557581192E-01
GradDelSqRho = -9.7144514655E-17  1.1102230246E-16  2.7755575616E-16
HessDelSqRho_EigVals = -2.0328293953E+00 -9.6076423419E-03  5.0052642069E-01
HessDelSqRho_EigVec1 = -5.5517531211E-01 -2.7809774611E-01  7.8386351901E-01
HessDelSqRho_EigVec2 =  7.8772276445E-01  1.2670135466E-01  6.0285953015E-01
HessDelSqRho_EigVec3 = -2.6697044629E-01  9.5215986595E-01  1.4872246124E-01
</CP of DelSqRho>
<CP of DelSqRho>
CP# = 36      
Type = (3,-1)
Coords =  1.42883197783109E+00  4.13858600830790E+00 -1.49915841483821E+00
DistFromNuc =  2.0181465503E+00
Rho =  7.1628960266E-02
DelSqRho =  1.8559342487E-01
GradDelSqRho = -9.6242458447E-14  2.4889812433E-14  1.5343282200E-13
HessDelSqRho_EigVals = -2.0320803875E+00 -9.6124385922E-03  5.0081709468E-01
HessDelSqRho_EigVec1 = -5.2965969797E-01  3.1703906732E-01  7.8673174217E-01
HessDelSqRho_EigVec2 =  7.7730854510E-01 -1.8980617014E-01  5.9980417095E-01
HessDelSqRho_EigVec3 =  3.3948789384E-01  9.2922540192E-01 -1.4590449741E-01
</CP of DelSqRho>
<CP of DelSqRho>
CP# = 37      
Type = (3,+1)
Coords = -1.54493984947633E+00  4.73939209494778E+00  4.62423224950390E-01
DistFromNuc =  2.0117025909E+00
Rho =  7.0774229439E-02
DelSqRho =  1.8060703107E-01
GradDelSqRho =  6.2311267257E-15 -2.2412627310E-15 -1.4289784633E-16
HessDelSqRho_EigVals = -1.7206747986E+00  1.8995620380E-02  5.7433404851E-01
HessDelSqRho_EigVec1 =  9.5313049025E-01 -2.5536616665E-01  1.6226641516E-01
HessDelSqRho_EigVec2 =  3.0131030358E-01  7.5245385924E-01 -5.8568360970E-01
HessDelSqRho_EigVec3 =  2.7465787967E-02  6.0712544886E-01  7.9413117294E-01
</CP of DelSqRho>
<CP of DelSqRho>
CP# = 38      
Type = (3,-1)
Coords = -4.23532432412104E-01  5.53110389182535E+00  7.19630442866342E-01
DistFromNuc =  2.0111118128E+00
Rho =  7.2686250491E-02
DelSqRho =  1.9159977252E-01
GradDelSqRho =  9.2946483843E-15 -2.1733725930E-12 -3.6935732250E-14
HessDelSqRho_EigVals = -2.2480637103E+00 -1.6588801265E-02  4.8373666497E-01
HessDelSqRho_EigVec1 =  1.5954913765E-01  9.8718970137E-01  7.5244697032E-04
HessDelSqRho_EigVec2 =  6.4736508728E-01 -1.0520222404E-01  7.5488471692E-01
HessDelSqRho_EigVec3 =  7.4529357736E-01 -1.1995409771E-01 -6.5585707131E-01
</CP of DelSqRho>
<CP of DelSqRho>
CP# = 39      
Type = (3,-1)
Coords =  8.31767068264714E-01  5.48477179751407E+00 -7.18392202399238E-01
DistFromNuc =  2.0110967670E+00
Rho =  7.2687320038E-02
DelSqRho =  1.9160684866E-01
GradDelSqRho =  6.9208527798E-14 -1.3052198211E-12  2.9267560597E-13
HessDelSqRho_EigVals = -2.2480773989E+00 -1.6588815217E-02  4.8375602999E-01
HessDelSqRho_EigVec1 = -8.5841314399E-02  9.9630873116E-01 -4.2538775813E-04
HessDelSqRho_EigVec2 =  6.5274837723E-01  5.6562931201E-02  7.5546025100E-01
HessDelSqRho_EigVec3 =  7.5269570529E-01  6.4572029753E-02 -6.5519434385E-01
</CP of DelSqRho>
<CP of DelSqRho>
CP# = 40      
Type = (3,+1)
Coords = -3.92430463303657E-01  4.65009488508090E+00  1.70375833803406E+00
DistFromNuc =  2.0035818202E+00
Rho =  7.1280088242E-02
DelSqRho =  1.8391996390E-01
GradDelSqRho =  7.7195194681E-17 -7.2858385991E-17  5.4123372450E-16
HessDelSqRho_EigVals = -1.7678664771E+00  1.2597371534E-02  5.7237002669E-01
HessDelSqRho_EigVec1 =  1.1134923691E-01  1.6530442017E-01  9.7993662862E-01
HessDelSqRho_EigVec2 =  6.5804800276E-01  7.2665337888E-01 -1.9735169884E-01
HessDelSqRho_EigVec3 =  7.4469737042E-01 -6.6682030236E-01  2.7865944302E-02
</CP of DelSqRho>
<CP of DelSqRho>
CP# = 41      
Type = (3,+1)
Coords =  1.89141391802604E+00  4.61099744416464E+00 -4.61205554181588E-01
DistFromNuc =  2.0117289729E+00
Rho =  7.0775444612E-02
DelSqRho =  1.8058467920E-01
GradDelSqRho = -9.9920072216E-16 -3.5735303605E-16  1.6154612370E-16
HessDelSqRho_EigVals = -1.7202529749E+00  1.9033421148E-02  5.7440451345E-01
HessDelSqRho_EigVec1 =  9.6956559158E-01  1.8307486945E-01  1.6256123706E-01
HessDelSqRho_EigVec2 = -2.4415882366E-01  7.7220063762E-01  5.8659410506E-01
HessDelSqRho_EigVec3 = -1.8139251706E-02 -6.0843222091E-01  7.9339851280E-01
</CP of DelSqRho>
<CP of DelSqRho>
CP# = 42      
Type = (3,+1)
Coords =  7.35338037852900E-01  4.61018411229561E+00 -1.70260244900438E+00
DistFromNuc =  2.0035215149E+00
Rho =  7.1283086990E-02
DelSqRho =  1.8395372721E-01
GradDelSqRho = -2.9678657535E-13 -5.9188765000E-14 -1.0992595723E-12
HessDelSqRho_EigVals = -1.7683888961E+00  1.2570819960E-02  5.7236779579E-01
HessDelSqRho_EigVec1 =  9.8843639139E-02 -1.7465343744E-01  9.7965611915E-01
HessDelSqRho_EigVec2 = -6.0140723630E-01  7.7385424636E-01  1.9864274845E-01
HessDelSqRho_EigVec3 =  7.9280468662E-01  6.0880685129E-01  2.8547271250E-02
</CP of DelSqRho>
<Path of -GradDelSqRho>
Starting CP# =      3
Ending CP# =     14
Number of Points =     40
  2.5069430775E-01  3.7945306423E+00  1.1214056596E-01  2.2532157922E+01  1.2385714887E+03
  2.6744619292E-01  3.8026339092E+00  1.2883521274E-01  1.5611686733E+01  1.1562845787E+03
  2.8420330180E-01  3.8107138773E+00  1.4553591365E-01  1.0919877914E+01  9.8582129173E+02
  3.0096178323E-01  3.8187878550E+00  1.6223813446E-01  7.7487186782E+00  7.7697636852E+02
  3.1772337191E-01  3.8268480857E+00  1.7894387563E-01  5.6135141054E+00  5.7565490198E+02
  3.3449107283E-01  3.8348810996E+00  1.9565658885E-01  4.1767810540E+00  4.1082123900E+02
  3.5126815635E-01  3.8428721660E+00  2.1237998859E-01  3.2075247292E+00  2.8767560892E+02
  3.6805788510E-01  3.8508064461E+00  2.2911772527E-01  2.5506461065E+00  1.9905591734E+02
  3.8486324404E-01  3.8586701555E+00  2.4587306579E-01  2.1026464520E+00  1.3573205568E+02
  4.0168708041E-01  3.8664498936E+00  2.6264904385E-01  1.7941153175E+00  9.0482896870E+01
  4.1853281207E-01  3.8741293078E+00  2.7944924622E-01  1.5781786772E+00  5.8400641707E+01
  4.3540540112E-01  3.8816842876E+00  2.9627886954E-01  1.4231531354E+00  3.6098071903E+01
  4.5231238978E-01  3.8890773368E+00  3.1314580128E-01  1.3077931022E+00  2.1038395739E+01
  4.6926513835E-01  3.8962498510E+00  3.3006186664E-01  1.2180679110E+00  1.1212543874E+01
  4.8628056675E-01  3.9031092095E+00  3.4704455621E-01  1.1448886979E+00  5.0320616768E+00
  5.0338368185E-01  3.9095045418E+00  3.6411952353E-01  1.0824905562E+00  1.2896057176E+00
  5.2061081976E-01  3.9151760428E+00  3.8132380025E-01  1.0273105308E+00 -8.8488574791E-01
  5.3801077975E-01  3.9196308612E+00  3.9870702669E-01  9.7727704760E-01 -2.0854761765E+00
  5.5561561094E-01  3.9217602547E+00  4.1630315135E-01  9.3158658352E-01 -2.6991309687E+00
  5.7302468894E-01  3.9183154435E+00  4.3372115775E-01  8.9218064498E-01 -2.9735687303E+00
  5.8588120071E-01  3.9021193241E+00  4.4665452259E-01  8.7196434758E-01 -3.0916676363E+00
  5.9102348129E-01  3.8783308313E+00  4.5199511938E-01  8.7283377337E-01 -3.1813318568E+00
  5.9350031545E-01  3.8536175188E+00  4.5479485978E-01  8.7860685767E-01 -3.2681596639E+00
  5.9499962258E-01  3.8287406087E+00  4.5674692529E-01  8.8487937687E-01 -3.3528007103E+00
  5.9579597060E-01  3.8037928654E+00  4.5813065262E-01  8.9092774347E-01 -3.4348321376E+00
  5.9592941861E-01  3.7788091436E+00  4.5898931292E-01  8.9661756226E-01 -3.5138011857E+00
  5.9540532159E-01  3.7538181210E+00  4.5932995340E-01  9.0190599510E-01 -3.5892703039E+00
  5.9422505463E-01  3.7288477773E+00  4.5915405757E-01  9.0676585904E-01 -3.6608259492E+00
  5.9239040541E-01  3.7039259626E+00  4.5846178435E-01  9.1117516940E-01 -3.7280845020E+00
  5.8990424934E-01  3.6790804717E+00  4.5725241833E-01  9.1511599735E-01 -3.7906974793E+00
  5.8677078997E-01  3.6543390714E+00  4.5552430901E-01  9.1857446982E-01 -3.8483561918E+00
  5.8299579505E-01  3.6297295129E+00  4.5327471400E-01  9.2154084911E-01 -3.9007957765E+00
  5.7858688493E-01  3.6052795326E+00  4.5049958157E-01  9.2400957376E-01 -3.9477985357E+00
  5.7355389051E-01  3.5810168389E+00  4.4719326124E-01  9.2597925227E-01 -3.9891965294E+00
  5.6790929913E-01  3.5569690896E+00  4.4334812377E-01  9.2745261187E-01 -4.0248733927E+00
  5.6166881301E-01  3.5331638609E+00  4.3895406678E-01  9.2843640608E-01 -4.0547653702E+00
  5.5485205385E-01  3.5096286160E+00  4.3399787739E-01  9.2894128457E-01 -4.0788615790E+00
  5.4748345774E-01  3.4863906831E+00  4.2846241800E-01  9.2898162910E-01 -4.0972035246E+00
  5.3959341393E-01  3.4634772652E+00  4.2232560245E-01  9.2857535909E-01 -4.1098839005E+00
  5.2374509950E-01  3.4220072867E+00  4.0927658155E-01  9.2671870776E-01 -4.1189312605E+00
</Path of -GradDelSqRho>
<Path of -GradDelSqRho>
Starting CP# =      3
Ending CP# =      1
Number of Points =      7
  2.5069430775E-01  3.7945306423E+00  1.1214056596E-01  2.2532157922E+01  1.2385714887E+03
  2.3395394193E-01  3.7863759975E+00  9.5459390317E-02  3.2774034498E+01  9.8600304994E+02
  2.1722337609E-01  3.7781778698E+00  7.8789693663E-02  4.8035856298E+01 -7.9775912908E+02
  2.0049714493E-01  3.7699605918E+00  6.2125074795E-02  7.0705431980E+01 -6.4026474271E+03
  1.8377406896E-01  3.7617294020E+00  4.5464156544E-02  1.0435301376E+02 -2.0691305430E+04
  1.6705620338E-01  3.7534752619E+00  2.8809363871E-02  1.5482919977E+02 -7.5509331916E+04
  1.3806324220E-01  3.7391196991E+00 -7.2703154856E-05  2.9726863634E+02 -3.3289020918E+06
</Path of -GradDelSqRho>
<Path of -GradDelSqRho>
Starting CP# =      4
Ending CP# =      1
Number of Points =      7
  2.9910829903E-02  3.8029538476E+00 -1.1221368586E-01  2.2532533715E+01  1.2386157097E+03
  4.5991799762E-02  3.7935469797E+00 -9.5542964701E-02  3.2774659135E+01  9.8601947036E+02
  6.2059728460E-02  3.7840974696E+00 -7.8883782726E-02  4.8036885115E+01 -7.9790203937E+02
  7.8121895186E-02  3.7746291813E+00 -6.2229704964E-02  7.0707081627E+01 -6.4031057275E+03
  9.4179869296E-02  3.7651472502E+00 -4.5579347542E-02  1.0435565623E+02 -2.0693017904E+04
  1.1023092203E-01  3.7556428144E+00 -2.8935147881E-02  1.5483331790E+02 -7.5515108940E+04
  1.3806324220E-01  3.7391196991E+00 -7.2703154856E-05  2.9726863634E+02 -3.3289020918E+06
</Path of -GradDelSqRho>
<Path of -GradDelSqRho>
Starting CP# =      4
Ending CP# =     18
Number of Points =     40
  2.9910829903E-02  3.8029538476E+00 -1.1221368586E-01  2.2532533715E+01  1.2386157097E+03
  1.3814509788E-02  3.8123103226E+00 -1.2889795019E-01  1.5611913743E+01  1.1563227243E+03
 -2.2887723436E-03  3.8216439418E+00 -1.4558830224E-01  1.0920016422E+01  9.8585245056E+02
 -1.8393873856E-02  3.8309716866E+00 -1.6228018280E-01  7.7488061340E+00  7.7700109469E+02
 -3.4503107247E-02  3.8402859507E+00 -1.7897560270E-01  5.6135744161E+00  5.7567303801E+02
 -5.0620481585E-02  3.8495735220E+00 -1.9567803228E-01  4.1768291227E+00  4.1083341787E+02
 -6.6750365306E-02  3.8588199503E+00 -2.1239120636E-01  3.2075693007E+00  2.8768309310E+02
 -8.2897127077E-02  3.8680106771E+00 -2.2911879571E-01  2.5506918646E+00  1.9905999805E+02
 -9.9064779229E-02  3.8771321752E+00 -2.4586408602E-01  2.1026955179E+00  1.3573376812E+02
 -1.1525716766E-01  3.8861712896E+00 -2.6263012906E-01  1.7941682514E+00  9.0483005265E+01
 -1.3147892881E-01  3.8951119642E+00 -2.7942053350E-01  1.5782351272E+00  5.8399708485E+01
 -1.4773682160E-01  3.9039305184E+00 -2.9624052820E-01  1.4232122613E+00  3.6096516575E+01
 -1.6404118295E-01  3.9125901122E+00 -3.1309805055E-01  1.3078538569E+00  2.1036527601E+01
 -1.8040774189E-01  3.9210331329E+00 -3.3000500338E-01  1.2181292279E+00  1.1210580521E+01
 -1.9686032483E-01  3.9291684460E+00 -3.4697899895E-01  1.1449496145E+00  5.0301446598E+00
 -2.1343519376E-01  3.9368474013E+00 -3.6404588664E-01  1.0825503010E+00  1.2878171320E+00
 -2.3018808056E-01  3.9438134843E+00 -3.8124302894E-01  1.0273686142E+00 -8.8650688078E-01
 -2.4720461747E-01  3.9495784861E+00 -3.9862067054E-01  9.7733346592E-01 -2.0869202282E+00
 -2.6459982794E-01  3.9530379343E+00 -4.1621399124E-01  9.3164265988E-01 -2.7004098226E+00
 -2.8221645647E-01  3.9509171947E+00 -4.3363435710E-01  8.9224442898E-01 -2.9747247003E+00
 -2.9624135112E-01  3.9357295165E+00 -4.4657740619E-01  8.7205815773E-01 -3.0928111212E+00
 -3.0314643954E-01  3.9123966432E+00 -4.5194092387E-01  8.7294216525E-01 -3.1825198711E+00
 -3.0746652383E-01  3.8879412500E+00 -4.5476797224E-01  8.7872110527E-01 -3.2693918189E+00
 -3.1082488676E-01  3.8632487297E+00 -4.5674787762E-01  8.8499801140E-01 -3.3540730267E+00
 -3.1348791415E-01  3.8384323113E+00 -4.5815941606E-01  8.9105029880E-01 -3.4361401687E+00
 -3.1549286720E-01  3.8135297809E+00 -4.5904576568E-01  8.9674368632E-01 -3.5151401457E+00
 -3.1684291365E-01  3.7885701385E+00 -4.5941394784E-01  9.0203533072E-01 -3.5906351233E+00
 -3.1753730719E-01  3.7635813850E+00 -4.5926543322E-01  9.0689803038E-01 -3.6622113330E+00
 -3.1757571821E-01  3.7385914219E+00 -4.5860037386E-01  9.1130978318E-01 -3.7294849917E+00
 -3.1695890043E-01  3.7136281766E+00 -4.5741805288E-01  9.1525264604E-01 -3.7921075193E+00
 -3.1568892834E-01  3.6887196476E+00 -4.5571682387E-01  9.1871273515E-01 -3.8497701967E+00
 -3.1376943154E-01  3.6638939348E+00 -4.5349395439E-01  9.2168030557E-01 -3.9022081995E+00
 -3.1120588238E-01  3.6391792610E+00 -4.5074540865E-01  9.2414979198E-01 -3.9492039351E+00
 -3.0800595407E-01  3.6146039862E+00 -4.4746555805E-01  9.2611980229E-01 -3.9905896327E+00
 -3.0417996782E-01  3.5901966171E+00 -4.4364680050E-01  9.2759306627E-01 -4.0262491556E+00
 -2.9974145356E-01  3.5659858181E+00 -4.3927906461E-01  9.2857634285E-01 -4.0561190299E+00
 -2.9470785815E-01  3.5420004305E+00 -4.3434916902E-01  9.2908028977E-01 -4.0801886998E+00
 -2.8910144556E-01  3.5182695168E+00 -4.2884000165E-01  9.2911929929E-01 -4.0985000359E+00
 -2.8295044470E-01  3.4948224537E+00 -4.2272948249E-01  9.2871130349E-01 -4.1111461260E+00
 -2.7031173787E-01  3.4524488680E+00 -4.0979028336E-01  9.2686147290E-01 -4.1201218948E+00
</Path of -GradDelSqRho>
<Path of -GradDelSqRho>
Starting CP# =     12
Ending CP# =     14
Number of Points =     30
  1.1313178427E-01  3.0715995498E+00 -3.6748303017E-04  8.5664787806E-01 -3.4495650358E+00
  1.1852098844E-01  3.0720115804E+00  5.2472526289E-03  8.5754074513E-01 -3.4497029041E+00
  1.2684258335E-01  3.0718296253E+00  1.3948573805E-02  8.5740454335E-01 -3.4506918060E+00
  1.4304644913E-01  3.0720048975E+00  3.0870567191E-02  8.5710521268E-01 -3.4550238439E+00
  1.6032753089E-01  3.0736390499E+00  4.8859625395E-02  8.5778652830E-01 -3.4631061555E+00
  1.7756914643E-01  3.0762944607E+00  6.6764601327E-02  8.5876805860E-01 -3.4747076377E+00
  1.9474305553E-01  3.0799652189E+00  8.4554917119E-02  8.6004304344E-01 -3.4897146774E+00
  2.1182130686E-01  3.0846433038E+00  1.0220037444E-01  8.6160265752E-01 -3.5079799161E+00
  2.2877633706E-01  3.0903186010E+00  1.1967125587E-01  8.6343598154E-01 -3.5293233017E+00
  2.4558106873E-01  3.0969789442E+00  1.3693842353E-01  8.6553000129E-01 -3.5535333473E+00
  2.6220900678E-01  3.1046101695E+00  1.5397341473E-01  8.6786961131E-01 -3.5803685743E+00
  2.7863433230E-01  3.1131961805E+00  1.7074853358E-01  8.7043762501E-01 -3.6095591219E+00
  2.9483199281E-01  3.1227190272E+00  1.8723693703E-01  8.7321479397E-01 -3.6408085051E+00
  3.1077778782E-01  3.1331589959E+00  2.0341271387E-01  8.7617983874E-01 -3.6737955098E+00
  3.2644844857E-01  3.1444947131E+00  2.1925095492E-01  8.7930949406E-01 -3.7081762174E+00
  3.4182171065E-01  3.1567032600E+00  2.3472781269E-01  8.8257857105E-01 -3.7435861595E+00
  3.5687637885E-01  3.1697602975E+00  2.4982054885E-01  8.8596003916E-01 -3.7796426073E+00
  3.7159238336E-01  3.1836402006E+00  2.6450756771E-01  8.8942513011E-01 -3.8159470075E+00
  3.8595082730E-01  3.1983161985E+00  2.7876843428E-01  8.9294346614E-01 -3.8520875795E+00
  3.9993402606E-01  3.2137605192E+00  2.9258387517E-01  8.9648321427E-01 -3.8876420916E+00
  4.1352553962E-01  3.2299445356E+00  3.0593576088E-01  9.0001126768E-01 -3.9221808351E+00
  4.2671020048E-01  3.2468389095E+00  3.1880706751E-01  9.0349345489E-01 -3.9552698111E+00
  4.3947414124E-01  3.2644137305E+00  3.3118181497E-01  9.0689477637E-01 -3.9864741417E+00
  4.5180482867E-01  3.2826386482E+00  3.4304497738E-01  9.1017966769E-01 -4.0153617098E+00
  4.6369111538E-01  3.3014829921E+00  3.5438235718E-01  9.1331228739E-01 -4.0415070207E+00
  4.7512332831E-01  3.3209158786E+00  3.6518040719E-01  9.1625682668E-01 -4.0644952705E+00
  4.8609343085E-01  3.3409062994E+00  3.7542596778E-01  9.1897783784E-01 -4.0839265886E+00
  4.9659533626E-01  3.3614231855E+00  3.8510584519E-01  9.2144057721E-01 -4.0994204136E+00
  5.0662557006E-01  3.3824354334E+00  3.9420603776E-01  9.2361135857E-01 -4.1106199444E+00
  5.2374509950E-01  3.4220072867E+00  4.0927658155E-01  9.2671870776E-01 -4.1189312605E+00
</Path of -GradDelSqRho>
<Path of -GradDelSqRho>
Starting CP# =     12
Ending CP# =     18
Number of Points =     30
  1.1313178427E-01  3.0715995498E+00 -3.6748303017E-04  8.5664787806E-01 -3.4495650358E+00
