 AIMInt (Version 19.02.13, Professional)
 Portions Copyright (c) 1997-2019 by Todd A. Keith
 AIMInt is a component of the AIMAll package ( http://aim.tkgristmill.com )

 TP:  64-bit Linux

 Licensed To:  Research Group of Fernando Cortes Guzman, UNAM, fercor@unam.mx

 AIMInt is a heavily modified and extended version of the PROAIMV program
 developed by members of R.F.W. Bader's research group

 Much of the Quantum Theory of Atoms in Molecules (QTAIM) is described in the book:
   "Atoms in Molecules - A Quantum Theory"
   R.F.W. Bader, Oxford University Press, Oxford, 1990

 For additional references see:  http://aim.tkgristmill.com/references.html

 Current Directory:  /home/scratch/M_H2O_4_cuadrado_plano/Opt

 Inp File:  Ti3_cuadrado_plano_cc-pvtz-def2-tzv_1_atomicfiles/o6.inp
 Wfx File:  Ti3_cuadrado_plano_cc-pvtz-def2-tzv_1.wfx
 Out File:  Ti3_cuadrado_plano_cc-pvtz-def2-tzv_1_atomicfiles/o6.int

 Wfx Title:   Ti3_cuadrado_plano_cc-pvtz-def2-tzv_1                                         
 Job Title:   Ti3_cuadrado_plano_cc-pvtz-def2-tzv_1                                         
 
<Atom>
O6      
</Atom>
<Nuclei of Molecule>
    13
Ti1       22.0          -1.0356641266E-05   1.3023848583E-05  -8.0073487347E-05
O2         8.0           3.7390992330E+00  -1.3806523120E-01  -5.8436123125E-05
H3         1.0           4.8384375333E+00  -1.2346614081E+00  -1.0588699286E+00
O4         8.0           1.3806323079E-01   3.7391194010E+00  -7.2703555428E-05
H5         1.0          -8.9793453013E-01   4.9159007607E+00   1.0358595534E+00
O6         8.0          -3.7391199463E+00   1.3808166019E-01  -5.8436123125E-05
H7         1.0          -4.9152102842E+00  -8.7392689527E-01   1.0604516934E+00
O8         8.0          -1.3808364170E-01  -3.7390997783E+00  -7.2703555428E-05
H9         1.0           8.9863531519E-01  -4.9163037360E+00   1.0347785166E+00
H10        1.0          -4.8374906488E+00   1.2340724654E+00  -1.0605262546E+00
H11        1.0           1.2595107474E+00   4.8361861143E+00  -1.0344803672E+00
H12        1.0          -1.2594707810E+00  -4.8364087544E+00  -1.0344811609E+00
H13        1.0           4.9140794878E+00   8.7456651579E-01   1.0611277996E+00
</Nuclei of Molecule>
<Total Number of CPs of DelSqRho>
    42
</Total Number of CPs of DelSqRho>
<Number of (3,+3) CPs of DelSqRho>
     5
</Number of (3,+3) CPs of DelSqRho>
<Number of (3,+1) CPs of DelSqRho>
    15
</Number of (3,+1) CPs of DelSqRho>
<Number of (3,-1) CPs of DelSqRho>
    16
</Number of (3,-1) CPs of DelSqRho>
<Number of (3,-3) CPs of DelSqRho>
     6
</Number of (3,-3) CPs of DelSqRho>
<Number of Degenerate CPs of DelSqRho>
     0
</Number of Degenerate CPs of DelSqRho>
<CP of DelSqRho>
CP# = 1       
Type = (3,+3)
Coords = -3.73912024448069E+00  1.38081671200297E-01 -5.84361065512267E-05
DistFromNuc =  2.9840780702E-07
Rho =  2.9726807706E+02
DelSqRho = -3.3288956167E+06
GradDelSqRho =  2.6592545510E-05  1.1344909581E-06 -4.1723069444E-10
HessDelSqRho_EigVals =  1.3238208807E+11  1.3238210561E+11  1.3238211294E+11
HessDelSqRho_EigVec1 =  2.6240139338E-02  7.1065820176E-01  7.0304791825E-01
HessDelSqRho_EigVec2 =  9.9931949595E-01 -3.6885564261E-02 -1.3162755111E-05
HessDelSqRho_EigVec3 = -2.5922964947E-02 -7.0256983668E-01  7.1114247832E-01
</CP of DelSqRho>
<CP of DelSqRho>
CP# = 2       
Type = (3,-1)
Coords = -2.12975110315832E+00  7.87176145655805E-02 -9.67983072654743E-05
DistFromNuc =  1.6104633385E+00
Rho =  1.1967789372E-01
DelSqRho =  3.0530634260E-01
GradDelSqRho = -7.3552275381E-16 -7.8062556419E-18  7.5894152074E-18
HessDelSqRho_EigVals = -4.4917330225E-01 -1.3960110838E-01  3.5519645351E+00
HessDelSqRho_EigVec1 =  2.4098086812E-02  6.5271393617E-01  7.5722110361E-01
HessDelSqRho_EigVec2 =  2.7931464079E-02  7.5670577709E-01 -6.5315863329E-01
HessDelSqRho_EigVec3 =  9.9931932610E-01 -3.6890167502E-02 -3.9056454396E-06
</CP of DelSqRho>
<CP of DelSqRho>
CP# = 3       
Type = (3,-1)
Coords = -3.57223788568354E+00  1.31906872982006E-01 -4.77767169300980E-05
DistFromNuc =  1.6699625822E-01
Rho =  2.2740972818E+01
DelSqRho =  1.2902875306E+03
GradDelSqRho =  8.4696694103E-12 -2.0641266474E-12 -9.7699626167E-15
HessDelSqRho_EigVals = -4.4968583722E+05 -2.7612964052E+03  3.2043140935E+02
HessDelSqRho_EigVec1 =  9.9931618446E-01 -3.6975119606E-02  6.3253874693E-05
HessDelSqRho_EigVec2 =  2.6480483193E-02  7.1687244735E-01  6.9670128336E-01
HessDelSqRho_EigVec3 = -2.5805958242E-02 -6.9622319321E-01  7.1736135786E-01
</CP of DelSqRho>
<CP of DelSqRho>
CP# = 4       
Type = (3,-1)
Coords = -3.90778283488623E+00  1.44305094979615E-01 -5.45847076679285E-05
DistFromNuc =  1.6877766781E-01
Rho =  2.2348177178E+01
DelSqRho =  1.2500860678E+03
GradDelSqRho =  5.5649707065E-11 -1.1648459974E-12 -1.4210854715E-14
HessDelSqRho_EigVals = -4.0678668956E+05 -1.2480604395E+03  1.4742935007E+03
HessDelSqRho_EigVec1 =  9.9931993871E-01 -3.6873562160E-02 -2.2675308397E-05
HessDelSqRho_EigVec2 =  2.6522707925E-02  7.1837127937E-01  6.9515412028E-01
HessDelSqRho_EigVec3 = -2.5616519374E-02 -6.9468197428E-01  7.1886072959E-01
</CP of DelSqRho>
<CP of DelSqRho>
CP# = 5       
Type = (3,+1)
Coords = -3.79452664710294E+00  2.53309364599009E-01  1.09487667553288E-01
DistFromNuc =  1.6836767858E-01
Rho =  2.2532434727E+01
DelSqRho =  1.2385693914E+03
GradDelSqRho = -4.4906300900E-12 -1.5745627024E-11 -7.2191141953E-12
HessDelSqRho_EigVals = -4.1282598044E+05  1.7143243978E+03  2.8366846515E+03
HessDelSqRho_EigVec1 = -3.2504160893E-01  6.8531871488E-01  6.5167953128E-01
HessDelSqRho_EigVec2 =  9.4528538503E-01  2.1504817985E-01  2.4533613920E-01
HessDelSqRho_EigVec3 = -2.7990950583E-02 -6.9576759006E-01  7.1772137164E-01
</CP of DelSqRho>
<CP of DelSqRho>
CP# = 6       
Type = (3,+1)
Coords = -3.80287618326589E+00  2.72507580507568E-02 -1.09599845617932E-01
DistFromNuc =  1.6836765431E-01
Rho =  2.2532439497E+01
DelSqRho =  1.2385699339E+03
GradDelSqRho =  2.7000623959E-13  8.2422957348E-13  4.7180037654E-12
HessDelSqRho_EigVals = -4.1282649990E+05  1.7142996270E+03  2.8366645000E+03
HessDelSqRho_EigVec1 =  3.7471283320E-01  6.5949964659E-01  6.5165213786E-01
HessDelSqRho_EigVec2 = -9.2684677644E-01  2.8416204335E-01  2.4537111917E-01
HessDelSqRho_EigVec3 = -2.3352636674E-02 -6.9592539059E-01  7.1773428586E-01
</CP of DelSqRho>
<CP of DelSqRho>
CP# = 7       
Type = (3,-3)
Coords = -3.61848315302772E+00  5.51620204706852E-02  8.07188962049963E-02
DistFromNuc =  1.6719413852E-01
Rho =  2.2668922604E+01
DelSqRho =  1.2914386081E+03
GradDelSqRho = -1.8943069335E-11  1.1368683772E-12 -1.0913936421E-11
HessDelSqRho_EigVals = -4.4538608291E+05 -3.0380979102E+03 -5.3706483570E+02
HessDelSqRho_EigVec1 =  7.2366066847E-01 -4.9443623382E-01  4.8150602032E-01
HessDelSqRho_EigVec2 =  2.6866984776E-02  7.1733053188E-01  6.9621481826E-01
HessDelSqRho_EigVec3 =  6.8963280233E-01  4.9088666586E-01 -5.3238790298E-01
</CP of DelSqRho>
<CP of DelSqRho>
CP# = 8       
Type = (3,-3)
Coords = -3.61271088546200E+00  2.11888629108405E-01 -8.08492819724258E-02
DistFromNuc =  1.6719413892E-01
Rho =  2.2668915751E+01
DelSqRho =  1.2914399889E+03
GradDelSqRho = -1.1318945781E-11 -2.1543655748E-11  1.0516032489E-11
HessDelSqRho_EigVals = -4.4538631652E+05 -3.0381967754E+03 -5.3728654416E+02
HessDelSqRho_EigVec1 =  7.5806803594E-01  4.3978026799E-01 -4.8158713518E-01
HessDelSqRho_EigVec2 =  2.6127304258E-02  7.1735998685E-01  6.9621262071E-01
HessDelSqRho_EigVec3 =  6.5165191388E-01 -5.4035910759E-01  5.3231740342E-01
</CP of DelSqRho>
<CP of DelSqRho>
CP# = 9       
Type = (3,+1)
Coords = -3.07158006319268E+00  1.13441451412750E-01 -8.26200530278138E-05
DistFromNuc =  6.6799448799E-01
Rho =  8.5665564663E-01
DelSqRho = -3.4495001589E+00
GradDelSqRho =  1.9761969838E-14  1.6653345369E-16 -3.0531133177E-16
HessDelSqRho_EigVals = -5.8500817347E+00  1.8194755860E+01  2.4230524775E+02
HessDelSqRho_EigVec1 =  2.6143096487E-02  7.0754249803E-01  7.0618705170E-01
HessDelSqRho_EigVec2 = -2.6022644931E-02 -7.0570742898E-01  7.0802531496E-01
HessDelSqRho_EigVec3 =  9.9931944865E-01 -3.6886829025E-02 -3.7250207319E-05
</CP of DelSqRho>
<CP of DelSqRho>
CP# = 10      
Type = (3,-1)
Coords = -4.45623563018584E+00  1.64558492932749E-01 -3.59192147953869E-05
DistFromNuc =  7.1760429715E-01
Rho =  6.8699544139E-01
DelSqRho = -1.2202404902E+00
GradDelSqRho =  1.3322676296E-14 -1.4988010832E-15  6.8001160258E-16
HessDelSqRho_EigVals = -1.8786954302E+01 -4.0794602309E+00  1.4219538253E+02
HessDelSqRho_EigVec1 =  2.6465118532E-02  7.1730409952E-01 -6.9625744255E-01
HessDelSqRho_EigVec2 =  2.5715252320E-02  6.9578240357E-01  7.1779215145E-01
HessDelSqRho_EigVec3 =  9.9931892972E-01 -3.6900890184E-02 -3.1692125983E-05
</CP of DelSqRho>
<CP of DelSqRho>
CP# = 11      
Type = (3,-1)
Coords = -3.47033190326154E+00  5.94178796004377E-01 -4.75767504578080E-01
DistFromNuc =  7.1173782194E-01
Rho =  6.8663646280E-01
DelSqRho = -1.1518781160E+00
GradDelSqRho =  1.7763568394E-15 -7.9936057773E-15  0.0000000000E+00
HessDelSqRho_EigVals = -1.5365351217E+01 -1.0906675103E+01  1.4910727130E+02
HessDelSqRho_EigVec1 =  9.1254413394E-01 -3.3952482068E-01  2.2800460467E-01
HessDelSqRho_EigVec2 =  7.9911421816E-02  6.9477696758E-01  7.1477208255E-01
HessDelSqRho_EigVec3 =  4.0109521098E-01  6.3404089889E-01 -6.6114655732E-01
</CP of DelSqRho>
<CP of DelSqRho>
CP# = 12      
Type = (3,-1)
Coords = -3.50466476768845E+00 -3.36582665960180E-01  4.75650446076838E-01
DistFromNuc =  7.1174039782E-01
Rho =  6.8663510230E-01
DelSqRho = -1.1518454303E+00
GradDelSqRho = -1.2434497876E-14  9.7699626167E-15 -2.0428103653E-14
HessDelSqRho_EigVals = -1.5365171402E+01 -1.0907366412E+01  1.4910309991E+02
HessDelSqRho_EigVec1 =  9.3508073968E-01  2.7131826311E-01 -2.2805791016E-01
HessDelSqRho_EigVec2 = -2.8435936370E-02  6.9879487651E-01  7.1475668453E-01
HessDelSqRho_EigVec3 = -3.5329224136E-01  6.6187016904E-01 -6.6114481888E-01
</CP of DelSqRho>
<CP of DelSqRho>
CP# = 13      
Type = (3,+3)
Coords = -3.42247312599152E+00  5.33605406478057E-01  4.00075477622837E-01
DistFromNuc =  6.4560931809E-01
Rho =  9.2691305921E-01
DelSqRho = -4.1203937631E+00
GradDelSqRho =  3.1086244690E-14  7.9047879353E-14  7.4162898045E-14
HessDelSqRho_EigVals =  8.2325371437E+00  2.0401326332E+01  3.0496550750E+02
HessDelSqRho_EigVec1 =  8.8216899642E-01 -3.6452813218E-01 -2.9815617151E-01
HessDelSqRho_EigVec2 = -4.3011411413E-02 -6.9283799472E-01  7.1980937168E-01
HessDelSqRho_EigVec3 =  4.6896468976E-01  6.2216939327E-01  6.2687906795E-01
</CP of DelSqRho>
<CP of DelSqRho>
CP# = 14      
Type = (3,+1)
Coords = -4.01306796034390E+00  1.51886957619395E-01 -6.31150557761730E-01
DistFromNuc =  6.8812452844E-01
Rho =  7.8148991873E-01
DelSqRho = -2.4755335869E+00
GradDelSqRho =  8.8817841970E-15  2.6645352591E-15 -1.7763568394E-15
HessDelSqRho_EigVals = -1.2748404148E+01  1.1292068204E+01  1.9061199246E+02
HessDelSqRho_EigVec1 = -4.8211340531E-01  8.6573153258E-01  1.3444544589E-01
HessDelSqRho_EigVec2 =  7.9626042558E-01  4.9699087343E-01 -3.4491942013E-01
HessDelSqRho_EigVec3 =  3.6542577778E-01  5.9236688233E-02  9.2895372097E-01
</CP of DelSqRho>
<CP of DelSqRho>
CP# = 15      
Type = (3,+1)
Coords = -4.01330444039414E+00  1.44517087673131E-01  6.31050114724583E-01
DistFromNuc =  6.8812539155E-01
Rho =  7.8148988615E-01
DelSqRho = -2.4755021009E+00
GradDelSqRho = -6.1284310959E-14  5.4178883602E-14  2.1582735599E-13
HessDelSqRho_EigVals = -1.2749325327E+01  1.1291906423E+01  1.9060982423E+02
HessDelSqRho_EigVec1 =  5.4464318396E-01  8.2782782832E-01  1.3440568743E-01
HessDelSqRho_EigVec2 =  7.5746663424E-01 -5.5434631940E-01  3.4488325008E-01
HessDelSqRho_EigVec3 = -3.6001125008E-01  8.6030487737E-02  9.2897290326E-01
</CP of DelSqRho>
<CP of DelSqRho>
CP# = 16      
Type = (3,+3)
Coords = -4.18049516522435E+00 -2.62797766578131E-01  4.03657428626096E-01
DistFromNuc =  7.2007145351E-01
Rho =  7.5937564746E-01
DelSqRho = -3.1196115106E+00
GradDelSqRho =  1.5987211555E-14  1.2878587086E-14 -6.6613381478E-15
HessDelSqRho_EigVals =  1.2047540964E+01  2.2403137366E+01  1.4356655464E+02
HessDelSqRho_EigVec1 =  3.4220240821E-03  7.0079208406E-01  7.1335737514E-01
HessDelSqRho_EigVec2 = -7.9371317870E-01  4.3583138341E-01 -4.2434702214E-01
HessDelSqRho_EigVec3 =  6.0828256568E-01  5.6474902404E-01 -5.5771933814E-01
</CP of DelSqRho>
<CP of DelSqRho>
CP# = 17      
Type = (3,+3)
Coords = -4.14975482156199E+00  5.70418317212116E-01 -4.03742355128139E-01
DistFromNuc =  7.2006714428E-01
Rho =  7.5937611407E-01
DelSqRho = -3.1195886236E+00
GradDelSqRho =  2.8421709430E-14 -1.9539925233E-14  2.7533531011E-14
HessDelSqRho_EigVals =  1.2046093535E+01  2.2402788171E+01  1.4357244033E+02
HessDelSqRho_EigVec1 =  4.8307315523E-02  6.9912296315E-01  7.1336770719E-01
HessDelSqRho_EigVec2 =  8.2366642224E-01  3.7612247679E-01 -4.2438839209E-01
HessDelSqRho_EigVec3 = -5.6501329909E-01  6.0807809108E-01 -5.5767464260E-01
</CP of DelSqRho>
<CP of DelSqRho>
CP# = 18      
Type = (3,+3)
Coords = -3.45252250637744E+00 -2.79720794488471E-01 -4.00200411824698E-01
DistFromNuc =  6.4560869295E-01
Rho =  9.2691712478E-01
DelSqRho = -4.1204463239E+00
GradDelSqRho = -1.7763568394E-14  3.5083047578E-14  5.3734794392E-14
HessDelSqRho_EigVals =  8.2335905910E+00  2.0401035180E+01  3.0496806504E+02
HessDelSqRho_EigVec1 =  9.0666295914E-01  2.9849135293E-01  2.9810265136E-01
HessDelSqRho_EigVec2 = -8.1528701511E-03 -6.9411570307E-01  7.1981728338E-01
HessDelSqRho_EigVec3 = -4.2177696622E-01  6.5506206040E-01  6.2689543609E-01
</CP of DelSqRho>
<CP of DelSqRho>
CP# = 19      
Type = (3,+1)
Coords = -4.03533608227086E+00 -4.81345996825981E-01  1.10304660034214E-02
DistFromNuc =  6.8670050623E-01
Rho =  7.8847611414E-01
DelSqRho = -2.5675947509E+00
GradDelSqRho =  2.8421709430E-14  4.7961634664E-14  3.5527136788E-15
HessDelSqRho_EigVals = -1.2007087759E+01  1.2135998586E+01  1.9346334520E+02
HessDelSqRho_EigVec1 = -5.1217641197E-01  1.6324488311E-01  8.4322383218E-01
HessDelSqRho_EigVec2 =  7.6269666946E-01 -3.6499059073E-01  5.3392476911E-01
HessDelSqRho_EigVec3 =  3.9492925115E-01  9.1658768092E-01  6.2433242506E-02
</CP of DelSqRho>
<CP of DelSqRho>
CP# = 20      
Type = (3,+1)
Coords = -3.98887153961206E+00  7.77656486308798E-01 -1.11283000368441E-02
DistFromNuc =  6.8669815673E-01
Rho =  7.8847948601E-01
DelSqRho = -2.5676901322E+00
GradDelSqRho = -1.6875389974E-14  5.3290705182E-15 -1.2434497876E-14
HessDelSqRho_EigVals = -1.2005161349E+01  1.2137513517E+01  1.9346838652E+02
HessDelSqRho_EigVec1 =  5.2283467285E-01  1.2503484798E-01  8.4321420272E-01
HessDelSqRho_EigVec2 =  7.8751393859E-01  3.0778660305E-01 -5.3393745280E-01
HessDelSqRho_EigVec3 = -3.2629082334E-01  9.4320395131E-01  6.2454822318E-02
</CP of DelSqRho>
<CP of DelSqRho>
CP# = 21      
Type = (3,-1)
Coords = -2.50352509476180E+00  9.25024064979317E-02 -1.55674852616422E-05
DistFromNuc =  1.2364352419E+00
Rho =  2.4573418968E-01
DelSqRho =  4.5352358378E-01
GradDelSqRho = -1.7680301667E-14  8.9685203708E-16  1.9385534844E-16
HessDelSqRho_EigVals = -1.0915746411E+01 -2.8550924186E-02  7.3546739218E-01
HessDelSqRho_EigVec1 =  9.9932018453E-01 -3.6866884483E-02  4.0152163438E-05
HessDelSqRho_EigVec2 =  2.4818652889E-02  6.7354328365E-01  7.3873099266E-01
HessDelSqRho_EigVec3 =  2.7261754390E-02  7.3822779539E-01 -6.7400038491E-01
</CP of DelSqRho>
<CP of DelSqRho>
CP# = 22      
Type = (3,-1)
Coords = -3.78247308081545E+00  1.31748346065737E+00  1.32999216383455E-01
DistFromNuc =  1.1876752250E+00
Rho =  2.4245955210E-01
DelSqRho =  7.2263859130E-01
GradDelSqRho =  3.2017444251E-13 -1.1325107518E-12 -5.6048221619E-13
HessDelSqRho_EigVals = -1.7106033201E+01 -1.2653444942E+00  2.9223644422E-01
HessDelSqRho_EigVec1 = -1.3876135615E-02  9.9228924021E-01  1.2316459162E-01
HessDelSqRho_EigVec2 =  7.1513469913E-01 -7.6241332224E-02  6.9481625007E-01
HessDelSqRho_EigVec3 =  6.9884892141E-01  9.7720637689E-02 -7.0856253218E-01
</CP of DelSqRho>
<CP of DelSqRho>
CP# = 23      
Type = (3,-1)
Coords = -3.86922799716963E+00 -1.03493901340000E+00 -1.32980780254619E-01
DistFromNuc =  1.1876758628E+00
Rho =  2.4246201083E-01
DelSqRho =  7.2263813805E-01
GradDelSqRho = -6.2380656196E-15  1.6214807275E-13  1.0783041127E-14
HessDelSqRho_EigVals = -1.7105610256E+01 -1.2657731506E+00  2.9219687481E-01
HessDelSqRho_EigVec1 =  8.6931158767E-02  9.8858602657E-01  1.2304731489E-01
HessDelSqRho_EigVec2 = -7.1882629349E-01 -2.3270498626E-02  6.9480014657E-01
HessDelSqRho_EigVec3 =  6.8973308854E-01 -1.4884942714E-01  7.0859869787E-01
</CP of DelSqRho>
<CP of DelSqRho>
CP# = 24      
Type = (3,-1)
Coords = -3.79840574287733E+00  2.30128225242222E-01  1.18026380664596E+00
DistFromNuc =  1.1853893759E+00
Rho =  2.4241772040E-01
DelSqRho =  7.2691120242E-01
GradDelSqRho = -2.1858643368E-12  1.7947171527E-12  3.1023239533E-12
HessDelSqRho_EigVals = -1.7030460271E+01 -1.4097196729E+00  2.8704797630E-01
HessDelSqRho_EigVec1 = -2.3954619727E-02  8.5332644530E-02  9.9606451396E-01
HessDelSqRho_EigVec2 =  7.5454608212E-01  6.5514710295E-01 -3.7980040305E-02
HessDelSqRho_EigVec3 = -6.5580971795E-01  7.5066677912E-01 -8.0081212323E-02
</CP of DelSqRho>
<CP of DelSqRho>
CP# = 25      
Type = (3,-1)
Coords = -3.80513279568346E+00  5.05951926688256E-02 -1.18036934588470E+00
DistFromNuc =  1.1853883001E+00
Rho =  2.4241592334E-01
DelSqRho =  7.2691779691E-01
GradDelSqRho =  2.4546337185E-16 -1.2490009027E-16  7.6327832943E-16
HessDelSqRho_EigVals = -1.7030848402E+01 -1.4094324397E+00  2.8698763929E-01
HessDelSqRho_EigVec1 =  3.0273238712E-02  8.3385085756E-02  9.9605745742E-01
HessDelSqRho_EigVec2 = -7.0416790962E-01  7.0901838336E-01 -3.7953749752E-02
HessDelSqRho_EigVec3 =  7.0938782488E-01  7.0024271473E-01 -8.0181384301E-02
</CP of DelSqRho>
<CP of DelSqRho>
CP# = 26      
Type = (3,-3)
Coords = -3.35164342258108E+00 -6.42031397217764E-01  7.45280830680253E-01
DistFromNuc =  1.1464052780E+00
Rho =  2.4638112376E-01
DelSqRho =  8.2300490763E-01
GradDelSqRho = -1.9195756096E-13  3.6642910928E-13 -1.6048273821E-13
HessDelSqRho_EigVals = -1.7502989292E+01 -1.7153342472E+00 -4.6070587099E-01
HessDelSqRho_EigVec1 = -3.7359138543E-01  6.6939330189E-01 -6.4213867982E-01
HessDelSqRho_EigVec2 = -9.2735719190E-01 -2.5391081779E-01  2.7484165486E-01
HessDelSqRho_EigVec3 =  2.0931205514E-02  6.9817039754E-01  7.1562558691E-01
</CP of DelSqRho>
<CP of DelSqRho>
CP# = 27      
Type = (3,+1)
Coords = -4.41352150700971E+00  8.19286183873472E-01 -6.56538699046411E-01
DistFromNuc =  1.1618190065E+00
Rho =  4.0488091877E-01
DelSqRho = -9.1459638984E-01
GradDelSqRho =  4.4408920985E-16  1.7486012638E-15 -5.5511151231E-16
HessDelSqRho_EigVals = -2.9641919497E+01  1.4089784141E+01  1.4710492445E+01
HessDelSqRho_EigVec1 = -5.8632888100E-01  5.8123225950E-01 -5.6425836619E-01
HessDelSqRho_EigVec2 =  3.4028504193E-02  7.1360955858E-01  6.9971669896E-01
HessDelSqRho_EigVec3 =  8.0935808157E-01  3.9106324094E-01 -4.3818835834E-01
</CP of DelSqRho>
<CP of DelSqRho>
CP# = 28      
Type = (3,+1)
Coords = -4.46185814304835E+00 -4.91541597523747E-01  6.56452252781340E-01
DistFromNuc =  1.1618012878E+00
Rho =  4.0490338426E-01
DelSqRho = -9.1475080015E-01
GradDelSqRho =  2.4424906542E-15  1.5820678101E-15 -1.1379786002E-15
HessDelSqRho_EigVals = -2.9647009834E+01  1.4092146404E+01  1.4712831475E+01
HessDelSqRho_EigVec1 =  6.2754775252E-01  5.3642810826E-01 -5.6429487236E-01
HessDelSqRho_EigVec2 = -1.8744616812E-02 -7.1415662165E-01 -6.9973492059E-01
HessDelSqRho_EigVec3 = -7.7835239939E-01  4.4969456793E-01 -4.3811224353E-01
</CP of DelSqRho>
<CP of DelSqRho>
CP# = 29      
Type = (3,+1)
Coords = -2.52978825292292E+00 -5.50122637281464E-02 -1.62548249282226E-01
DistFromNuc =  1.2353830772E+00
Rho =  2.4564487524E-01
DelSqRho =  4.5318330409E-01
GradDelSqRho =  1.1102230246E-15  7.8062556419E-16  4.0939474033E-16
HessDelSqRho_EigVals = -1.1199029077E+01  5.2543978650E-02  7.3766474910E-01
HessDelSqRho_EigVec1 =  9.7718934475E-01 -1.6074286210E-01 -1.3879018979E-01
HessDelSqRho_EigVec2 =  2.1082436109E-01  6.5555005603E-01  7.2512565311E-01
HessDelSqRho_EigVec3 =  2.5574856166E-02  7.3784541492E-01 -6.7448504091E-01
</CP of DelSqRho>
<CP of DelSqRho>
CP# = 30      
Type = (3,+1)
Coords = -2.51884257260050E+00  2.41475261934765E-01  1.62437037055908E-01
DistFromNuc =  1.2353832945E+00
Rho =  2.4564467719E-01
DelSqRho =  4.5318375034E-01
GradDelSqRho = -4.9032999883E-13 -5.5455640080E-14 -8.1493839454E-14
HessDelSqRho_EigVals = -1.1199038987E+01  5.2521469310E-02  7.3767447643E-01
HessDelSqRho_EigVec1 =  9.8638100610E-01  8.8241572910E-02  1.3880178533E-01
HessDelSqRho_EigVec2 = -1.6191565710E-01  6.6928982983E-01  7.2514442952E-01
HessDelSqRho_EigVec3 =  2.8910738236E-02  7.3774287424E-01 -6.7446246799E-01
</CP of DelSqRho>
<CP of DelSqRho>
CP# = 31      
Type = (3,-3)
Coords = -4.75368096765194E+00  5.58011517804018E-01  3.88231203786371E-01
DistFromNuc =  1.1646647569E+00
Rho =  2.4592278949E-01
DelSqRho =  8.4862912781E-01
GradDelSqRho =  1.7092993687E-12 -1.1576295478E-12 -1.0939582573E-12
HessDelSqRho_EigVals = -1.7804094513E+01 -2.2430717480E+00 -2.3071223524E-01
HessDelSqRho_EigVec1 =  8.6808853678E-01 -3.6437446145E-01 -3.3712541309E-01
HessDelSqRho_EigVec2 = -3.1984581524E-02 -7.1877224664E-01  6.9450949886E-01
HessDelSqRho_EigVec3 =  4.9537791519E-01  5.9211291938E-01  6.3561231253E-01
</CP of DelSqRho>
<CP of DelSqRho>
CP# = 32      
Type = (3,-3)
Coords = -3.29520880330671E+00  8.87543559906376E-01 -7.45368763738963E-01
DistFromNuc =  1.1464020789E+00
Rho =  2.4637881121E-01
DelSqRho =  8.2301776230E-01
GradDelSqRho = -5.5511151231E-17  5.5511151231E-16 -1.1102230246E-16
HessDelSqRho_EigVals = -1.7503491279E+01 -1.7151895689E+00 -4.6063279248E-01
HessDelSqRho_EigVec1 =  4.2189930948E-01  6.4006604382E-01 -6.4211870570E-01
HessDelSqRho_EigVec2 =  9.0612616847E-01 -3.2158359539E-01  2.7480785648E-01
HessDelSqRho_EigVec3 = -3.0599664537E-02 -6.9778180739E-01 -7.1565648869E-01
</CP of DelSqRho>
<CP of DelSqRho>
CP# = 33      
Type = (3,-3)
Coords = -4.78191946594901E+00 -2.05878781680496E-01 -3.88273798308924E-01
DistFromNuc =  1.1646676742E+00
Rho =  2.4592268748E-01
DelSqRho =  8.4861033065E-01
GradDelSqRho = -1.5543122345E-15 -1.6098233857E-15 -1.2212453271E-15
HessDelSqRho_EigVals = -1.7803546188E+01 -2.2430979717E+00 -2.3058163590E-01
HessDelSqRho_EigVec1 =  8.9262123664E-01  2.9935765530E-01  3.3706427001E-01
HessDelSqRho_EigVec2 = -2.1084429691E-02 -7.1914912214E-01  6.9453580682E-01
HessDelSqRho_EigVec3 = -4.5031408453E-01  6.2706421867E-01  6.3561599329E-01
</CP of DelSqRho>
<CP of DelSqRho>
CP# = 34      
Type = (3,-1)
Coords = -4.90652931401974E+00  1.81082376715616E-01 -1.28681409597140E-04
DistFromNuc =  1.1682010522E+00
Rho =  2.5020851043E-01
DelSqRho =  8.3649616008E-01
GradDelSqRho =  4.2743586448E-14  1.3877787808E-16  1.3856103764E-15
HessDelSqRho_EigVals = -1.6534023820E+01 -3.9506989751E+00  1.7108354098E-01
HessDelSqRho_EigVec1 =  9.9932217373E-01 -3.6812891226E-02  6.4294668915E-05
HessDelSqRho_EigVec2 =  2.6171070631E-02  7.0920902800E-01 -7.0451233464E-01
HessDelSqRho_EigVec3 =  2.5889537583E-02  7.0403648033E-01  7.0969174027E-01
</CP of DelSqRho>
<CP of DelSqRho>
CP# = 35      
Type = (3,-1)
Coords = -5.53058166254463E+00 -4.06044791062209E-01  7.34818321725405E-01
DistFromNuc =  2.0113310332E+00
Rho =  7.2656727372E-02
DelSqRho =  1.9150052899E-01
GradDelSqRho =  4.5796699766E-16 -4.7878367937E-16  1.1449174941E-16
HessDelSqRho_EigVals = -2.2463470198E+00 -1.6512799377E-02  4.8381978107E-01
HessDelSqRho_EigVec1 =  9.8708177215E-01 -1.6021394423E-01  1.0330405971E-03
HessDelSqRho_EigVec2 =  1.0698985665E-01  6.6393898678E-01  7.4009336736E-01
HessDelSqRho_EigVec3 =  1.1925915341E-01  7.3042214774E-01 -6.7250333859E-01
</CP of DelSqRho>
<CP of DelSqRho>
CP# = 36      
Type = (3,-1)
Coords = -4.23160102075527E+00 -1.08206278751309E+00  1.53027058745467E+00
DistFromNuc =  2.0182162923E+00
Rho =  7.1605363259E-02
DelSqRho =  1.8551769280E-01
GradDelSqRho = -4.6143644461E-16 -4.1633363423E-17  8.3266726847E-17
HessDelSqRho_EigVals = -2.0303967057E+00 -9.5708158646E-03  5.0092536467E-01
HessDelSqRho_EigVec1 =  2.7760347479E-01 -5.3159740275E-01  8.0021279181E-01
HessDelSqRho_EigVec2 = -1.3228535679E-01  8.0386508845E-01  5.7991508339E-01
HessDelSqRho_EigVec3 =  9.5154447881E-01  2.6684287691E-01 -1.5283318972E-01
</CP of DelSqRho>
<CP of DelSqRho>
CP# = 37      
Type = (3,-1)
Coords = -4.14036107584806E+00  1.39146125507348E+00 -1.53021961450313E+00
DistFromNuc =  2.0182537216E+00
Rho =  7.1600457839E-02
DelSqRho =  1.8550518727E-01
GradDelSqRho = -2.9837243787E-16  2.3592239273E-16 -2.3592239273E-16
HessDelSqRho_EigVals = -2.0303108027E+00 -9.5671093455E-03  5.0090312314E-01
HessDelSqRho_EigVec1 = -3.1604659334E-01 -5.0990327539E-01  8.0007074724E-01
HessDelSqRho_EigVec2 =  1.9098944482E-01  7.9183701001E-01  5.8010100978E-01
HessDelSqRho_EigVec3 =  9.2932103323E-01 -3.3614401576E-01  1.5287124601E-01
</CP of DelSqRho>
<CP of DelSqRho>
CP# = 38      
Type = (3,-1)
Coords = -5.48567819240109E+00  8.12925604754120E-01 -7.34754760729265E-01
DistFromNuc =  2.0113822973E+00
Rho =  7.2650877478E-02
DelSqRho =  1.9148317064E-01
GradDelSqRho =  9.8532293435E-16 -2.5326962749E-16  7.9797279895E-17
HessDelSqRho_EigVals = -2.2461724071E+00 -1.6505468200E-02  4.8378722065E-01
HessDelSqRho_EigVec1 =  9.9621717041E-01  8.6890440439E-02 -1.1835260687E-03
HessDelSqRho_EigVec2 = -5.7565138628E-02  6.7007665413E-01  7.4005643866E-01
HessDelSqRho_EigVec3 = -6.5096883093E-02  7.3718880142E-01 -6.7254372859E-01
</CP of DelSqRho>
<CP of DelSqRho>
CP# = 39      
Type = (3,+1)
Coords = -4.73855033567689E+00 -1.53418320908889E+00  5.02352647741033E-01
DistFromNuc =  2.0119015367E+00
Rho =  7.0749765913E-02
DelSqRho =  1.8052602079E-01
GradDelSqRho =  1.3183898417E-16 -2.0122792321E-16 -2.3093506274E-16
HessDelSqRho_EigVals = -1.7199013512E+00  1.8920034491E-02  5.7412691426E-01
HessDelSqRho_EigVec1 =  2.5493318198E-01  9.5682929352E-01  1.3959504211E-01
HessDelSqRho_EigVec2 =  7.5290138842E-01 -2.8700579135E-01  5.9225600465E-01
HessDelSqRho_EigVec3 = -6.0675248004E-01  4.5884406793E-02  7.9356540321E-01
</CP of DelSqRho>
<CP of DelSqRho>
CP# = 40      
Type = (3,+1)
Coords = -4.61264657038169E+00  1.87948085409370E+00 -5.02414520516420E-01
DistFromNuc =  2.0119347780E+00
Rho =  7.0746185276E-02
DelSqRho =  1.8051955065E-01
GradDelSqRho = -2.4286128664E-17  1.2490009027E-16  2.0252896582E-16
HessDelSqRho_EigVals = -1.7199904103E+00  1.8902762720E-02  5.7406804988E-01
HessDelSqRho_EigVec1 = -1.8372004283E-01  9.7300814767E-01  1.3964988518E-01
HessDelSqRho_EigVec2 =  7.7199592661E-01  2.3076859395E-01 -5.9225682380E-01
HessDelSqRho_EigVec3 =  6.0849752272E-01  1.0003065237E-03  7.9355514253E-01
</CP of DelSqRho>
<CP of DelSqRho>
CP# = 41      
Type = (3,+1)
Coords = -4.61198492130052E+00  6.93868653531170E-01 -1.71590920824552E+00
DistFromNuc =  2.0037306004E+00
Rho =  7.1255990879E-02
DelSqRho =  1.8387445448E-01
GradDelSqRho =  9.0205620751E-17 -7.8496237288E-17  1.1102230246E-16
HessDelSqRho_EigVals = -1.7677990533E+00  1.2527571945E-02  5.7219895157E-01
HessDelSqRho_EigVec1 =  1.7551680202E-01  1.2257776254E-01  9.7681551193E-01
HessDelSqRho_EigVec2 =  7.7364752670E-01  5.9643534383E-01 -2.1385599141E-01
HessDelSqRho_EigVec3 = -6.0882128464E-01  7.9324622455E-01  9.8524413462E-03
</CP of DelSqRho>
<CP of DelSqRho>
CP# = 42      
Type = (3,+1)
Coords = -4.65026556475899E+00 -3.51986827014577E-01  1.71586907271855E+00
DistFromNuc =  2.0036867709E+00
Rho =  7.1261609604E-02
DelSqRho =  1.8388895705E-01
GradDelSqRho =  1.1341622086E-14  9.2590865530E-16 -3.2668312500E-14
HessDelSqRho_EigVals = -1.7679114947E+00  1.2525467442E-02  5.7221825149E-01
HessDelSqRho_EigVec1 = -1.6575543526E-01  1.3504690690E-01  9.7687638349E-01
HessDelSqRho_EigVec2 =  7.2748140531E-01 -6.5203910854E-01  2.1357857072E-01
HessDelSqRho_EigVec3 =  6.6580473160E-01  7.4606121322E-01  9.8349126279E-03
</CP of DelSqRho>
<Path of -GradDelSqRho>
Starting CP# =      5
Ending CP# =     13
Number of Points =     40
 -3.7945266471E+00  2.5330936460E-01  1.0948766755E-01  2.2532434727E+01  1.2385693914E+03
 -3.8026292144E+00  2.7044773953E-01  1.2578565299E-01  1.5611917462E+01  1.1562805176E+03
 -3.8107084687E+00  2.8759149363E-01  1.4208955868E-01  1.0920084701E+01  9.8581612188E+02
 -3.8187817297E+00  3.0473665914E-01  1.5839494889E-01  7.7489141968E+00  7.7697066990E+02
 -3.8268412378E+00  3.2188502184E-01  1.7470377928E-01  5.6137058571E+00  5.7564829067E+02
 -3.8348735160E+00  3.3903967505E-01  1.9101942419E-01  4.1769731865E+00  4.1081352460E+02
 -3.8428638263E+00  3.5620398423E-01  2.0734551389E-01  3.2077190465E+00  2.8766697888E+02
 -3.8507973225E+00  3.7338130542E-01  2.2368561478E-01  2.5508428265E+00  1.9904673640E+02
 -3.8586602132E+00  3.9057470725E-01  2.4004291694E-01  2.1028447994E+00  1.3572271299E+02
 -3.8664390907E+00  4.0778711472E-01  2.5642038093E-01  1.7943139709E+00  9.0473740543E+01
 -3.8741175939E+00  4.2502203771E-01  2.7282150576E-01  1.5783760968E+00  5.8391952179E+01
 -3.8816715985E+00  4.4228457178E-01  2.8925136062E-01  1.4233477953E+00  3.6090048539E+01
 -3.8890635866E+00  4.5958246214E-01  3.0571763909E-01  1.3079836438E+00  2.1031153486E+01
 -3.8962349163E+00  4.7692737441E-01  3.2223187396E-01  1.2182532330E+00  1.1206120924E+01
 -3.9030929009E+00  4.9433668239E-01  3.3881111924E-01  1.1450679999E+00  5.0264357519E+00
 -3.9094865442E+00  5.1183606461E-01  3.5548037952E-01  1.0826633623E+00  1.2847139002E+00
 -3.9151557738E+00  5.2946284172E-01  3.7227572953E-01  1.0274767425E+00 -8.8912860452E-01
 -3.9196070754E+00  5.4726717409E-01  3.8924545972E-01  9.7743718016E-01 -2.0891639170E+00
 -3.9217296332E+00  5.6528217113E-01  4.0642217752E-01  9.3174301746E-01 -2.7023611557E+00
 -3.9182664672E+00  5.8309663577E-01  4.2342067267E-01  8.9234706025E-01 -2.9764644869E+00
 -3.9020408883E+00  5.9624184920E-01  4.3602250855E-01  8.7218558319E-01 -3.0944589301E+00
 -3.8782464500E+00  6.0150507881E-01  4.4121946055E-01  8.7308248381E-01 -3.1841409748E+00
 -3.8535321391E+00  6.0405204701E-01  4.4394678550E-01  8.7886213784E-01 -3.2709854689E+00
 -3.8286547401E+00  6.0560341654E-01  4.4585140125E-01  8.8513656334E-01 -3.3556329594E+00
 -3.8037066141E+00  6.0643891801E-01  4.4720481938E-01  8.9118526337E-01 -3.4376598285E+00
 -3.7787225612E+00  6.0659938113E-01  4.4804911400E-01  8.9687440026E-01 -3.5166130009E+00
 -3.7537312473E+00  6.0609028999E-01  4.4839115530E-01  9.0216123380E-01 -3.5920547708E+00
 -3.7287606457E+00  6.0491305343E-01  4.4823237726E-01  9.0701860673E-01 -3.6635715881E+00
 -3.7038386013E+00  6.0306946748E-01  4.4757288344E-01  9.1142455636E-01 -3.7307799742E+00
 -3.6789929050E+00  6.0056239717E-01  4.4641187623E-01  9.1536118271E-01 -3.7933317367E+00
 -3.6542513204E+00  5.9739601576E-01  4.4474758897E-01  9.1881464946E-01 -3.8509186228E+00
 -3.6296415970E+00  5.9357603832E-01  4.4257712243E-01  9.2177526301E-01 -3.9032763466E+00
 -3.6051914700E+00  5.8911000650E-01  4.3989621895E-01  9.2423751283E-01 -3.9501879191E+00
 -3.5809286481E+00  5.8400764176E-01  4.3669896252E-01  9.2620006433E-01 -3.9914862292E+00
 -3.5568807906E+00  5.7828128514E-01  4.3297738519E-01  9.2766570703E-01 -4.0270558470E+00
 -3.5330754768E+00  5.7194644803E-01  4.2872095538E-01  9.2864126134E-01 -4.0568340426E+00
 -3.5095401749E+00  5.6502250766E-01  4.2391591769E-01  9.2913744766E-01 -4.0808110318E+00
 -3.4863022209E+00  5.5753359171E-01  4.1854444864E-01  9.2916872172E-01 -4.0990294734E+00
 -3.4633888304E+00  5.4950970742E-01  4.1258359162E-01  9.2875307940E-01 -4.1115832495E+00
 -3.4224731260E+00  5.3360540648E-01  4.0007547762E-01  9.2691305921E-01 -4.1203937631E+00
</Path of -GradDelSqRho>
<Path of -GradDelSqRho>
Starting CP# =      5
Ending CP# =      1
Number of Points =      7
 -3.7945266471E+00  2.5330936460E-01  1.0948766755E-01  2.2532434727E+01  1.2385693914E+03
 -3.7863726724E+00  2.3618285420E-01  9.3202857484E-02  3.2774397252E+01  9.8598869916E+02
 -3.7781751914E+00  2.1906643749E-01  7.6929274576E-02  4.8036370248E+01 -7.9784608514E+02
 -3.7699585498E+00  2.0195448530E-01  6.0660658071E-02  7.0706190983E+01 -6.4028747004E+03
 -3.7617279880E+00  1.8484578319E-01  4.4395661430E-02  1.0435418767E+02 -2.0692130243E+04
 -3.7534744621E+00  1.6774244837E-01  2.8136656981E-02  1.5483100892E+02 -7.5512103853E+04
 -3.7391202445E+00  1.3808167120E-01 -5.8436106551E-05  2.9726807706E+02 -3.3288956167E+06
</Path of -GradDelSqRho>
<Path of -GradDelSqRho>
Starting CP# =      6
Ending CP# =      1
Number of Points =      7
 -3.8028761833E+00  2.7250758051E-02 -1.0959984562E-01  2.2532439497E+01  1.2385699339E+03
 -3.7934809799E+00  4.3729751053E-02 -9.3315723154E-02  3.2774405346E+01  9.8598888959E+02
 -3.7840431326E+00  6.0195472200E-02 -7.7042832130E-02  4.8036383695E+01 -7.9784794107E+02
 -3.7745865060E+00  7.6655329192E-02 -6.0774909387E-02  7.0706212659E+01 -6.4028806050E+03
 -3.7651162366E+00  9.3110919257E-02 -4.4510607850E-02  1.0435422260E+02 -2.0692152746E+04
 -3.7556234613E+00  1.0955946447E-01 -2.8252300644E-02  1.5483106374E+02 -7.5512180695E+04
 -3.7391202445E+00  1.3808167120E-01 -5.8436106551E-05  2.9726807706E+02 -3.3288956167E+06
</Path of -GradDelSqRho>
<Path of -GradDelSqRho>
Starting CP# =      6
Ending CP# =     18
Number of Points =     40
 -3.8028761833E+00  2.7250758051E-02 -1.0959984562E-01  2.2532439497E+01  1.2385699339E+03
 -3.8122209936E+00  1.0756145030E-02 -1.2589714859E-01  1.5611920204E+01  1.1562809884E+03
 -3.8215429505E+00 -5.7455502115E-03 -1.4220037427E-01  1.0920086192E+01  9.8581651733E+02
 -3.8308590344E+00 -2.2249094516E-02 -1.5850508522E-01  7.7489149210E+00  7.7697099878E+02
 -3.8401616384E+00 -3.8756840515E-02 -1.7481323792E-01  5.6137061305E+00  5.7564854991E+02
 -3.8494375501E+00 -5.5272866042E-02 -1.9112820812E-01  4.1769732141E+00  4.1081372022E+02
 -3.8586723194E+00 -7.1801613210E-02 -2.0745362769E-01  3.2077189583E+00  2.8766712433E+02
 -3.8678513880E+00 -8.8347522738E-02 -2.2379306462E-01  2.5508427035E+00  1.9904684518E+02
 -3.8769612280E+00 -1.0491467099E-01 -2.4014971051E-01  2.1028446913E+00  1.3572279528E+02
 -3.8859886836E+00 -1.2150696287E-01 -2.5652652733E-01  1.7943139074E+00  9.0473803337E+01
 -3.8949176966E+00 -1.3812910416E-01 -2.7292701586E-01  1.5783760952E+00  5.8392000373E+01
 -3.9037245834E+00 -1.5478795400E-01 -2.8935624787E-01  1.4233478647E+00  3.6090085745E+01
 -3.9123724985E+00 -1.7149400077E-01 -3.0582192100E-01  1.3079837889E+00  2.1031182437E+01
 -3.9208038183E+00 -1.8826319884E-01 -3.2233557438E-01  1.2182534555E+00  1.1206143648E+01
 -3.9289273869E+00 -2.0511970355E-01 -3.3891427194E-01  1.1450683013E+00  5.0264536858E+00
 -3.9365945085E+00 -2.2210024816E-01 -3.5558303433E-01  1.0826637452E+00  1.2847280076E+00
 -3.9435485633E+00 -2.3926121225E-01 -3.7237796354E-01  1.0274772135E+00 -8.8911771802E-01
 -3.9493010654E+00 -2.5668897774E-01 -3.8934740013E-01  9.7743775602E-01 -2.0891559200E+00
 -3.9527466350E+00 -2.7449839687E-01 -4.0652405881E-01  9.3174374338E-01 -2.7023559914E+00
 -3.9506067877E+00 -2.9251932257E-01 -4.2352302066E-01  8.9234806170E-01 -2.9764625664E+00
 -3.9353949489E+00 -3.0682404195E-01 -4.3612653813E-01  8.7218672120E-01 -3.0944608455E+00
 -3.9120534991E+00 -3.1382612318E-01 -4.4132583084E-01  8.7308352000E-01 -3.1841465153E+00
 -3.8875942817E+00 -3.1818719209E-01 -4.4405534612E-01  8.7886328564E-01 -3.2709948862E+00
 -3.8628989882E+00 -3.2156751295E-01 -4.4596196542E-01  8.8513791992E-01 -3.3556465759E+00
 -3.8380803716E+00 -3.2423928939E-01 -4.4731720682E-01  8.9118685463E-01 -3.4376778959E+00
 -3.8131761498E+00 -3.2624069476E-01 -4.4816313822E-01  8.9687622971E-01 -3.5166356804E+00
 -3.7882153138E+00 -3.2757509606E-01 -4.4850662110E-01  9.0216329755E-01 -3.5920821247E+00
 -3.7632258625E+00 -3.2824184241E-01 -4.4834908284E-01  9.0702089679E-01 -3.6636035753E+00
 -3.7382356949E+00 -3.2824067443E-01 -4.4769062401E-01  9.1142706139E-01 -3.7308164491E+00
 -3.7132727350E+00 -3.2757239833E-01 -4.4653044835E-01  9.1536388828E-01 -3.7933724516E+00
 -3.6883649758E+00 -3.2623912199E-01 -4.4486679556E-01  9.1881753835E-01 -3.8509632335E+00
 -3.6635405101E+00 -3.2424448612E-01 -4.4269677863E-01  9.2177831563E-01 -3.9033244215E+00
 -3.6388275515E+00 -3.2159394738E-01 -4.4001615894E-01  9.2424070761E-01 -3.9502389504E+00
 -3.6142544486E+00 -3.1829513051E-01 -4.3681904750E-01  9.2620337820E-01 -3.9915396467E+00
 -3.5898496942E+00 -3.1435826725E-01 -4.3309751288E-01  9.2766911590E-01 -4.0271110335E+00
 -3.5656419361E+00 -3.0979674651E-01 -4.2884107103E-01  9.2864474050E-01 -4.0568903502E+00
 -3.5416599968E+00 -3.0462780851E-01 -4.2403602707E-01  9.2914097216E-01 -4.0808677972E+00
 -3.5179329182E+00 -2.9887342681E-01 -4.1866463269E-01  9.2917226656E-01 -4.0990860335E+00
 -3.4944900546E+00 -2.9256143210E-01 -4.1270402240E-01  9.2875661962E-01 -4.1116389550E+00
 -3.4525225064E+00 -2.7972079449E-01 -4.0020041182E-01  9.2691712478E-01 -4.1204463239E+00
</Path of -GradDelSqRho>
<Path of -GradDelSqRho>
Starting CP# =      9
Ending CP# =     13
Number of Points =     30
 -3.0715800632E+00  1.1344145141E-01 -8.2620053028E-05  8.5665564663E-01 -3.4495001589E+00
 -3.0719921379E+00  1.1896369360E-01  5.4064238034E-03  8.5754895645E-01 -3.4496382580E+00
 -3.0718095439E+00  1.2749857641E-01  1.3920019092E-02  8.5741221178E-01 -3.4506296846E+00
 -3.0719867506E+00  1.4410458421E-01  3.0464193309E-02  8.5711554811E-01 -3.4549691925E+00
 -3.0736223050E+00  1.6180359051E-01  4.8042093555E-02  8.5779876959E-01 -3.4630599150E+00
 -3.0762792357E+00  1.7946066726E-01  6.5537264826E-02  8.5878252489E-01 -3.4746718888E+00
 -3.0799516289E+00  1.9704686108E-01  8.2919792055E-02  8.6006006562E-01 -3.4896917349E+00
 -3.0846314589E+00  2.1453351741E-01  1.0016013239E-01  8.6162257609E-01 -3.5079723552E+00
 -3.0903086052E+00  2.3189238203E-01  1.1722921432E-01  8.6345914552E-01 -3.5293339804E+00
 -3.0969708942E+00  2.4909570141E-01  1.3409853404E-01  8.6555676704E-01 -3.5535654225E+00
 -3.1046041539E+00  2.6611632132E-01  1.5074024902E-01  8.6790034089E-01 -3.5804255119E+00
 -3.1131922789E+00  2.8292778284E-01  1.6712726740E-01  8.7047268432E-01 -3.6096446986E+00
 -3.1227173094E+00  2.9950441463E-01  1.8323333209E-01  8.7325455049E-01 -3.6409268019E+00
 -3.1331595218E+00  3.1582142034E-01  1.9903309774E-01  8.7622465902E-01 -3.6739508958E+00
 -3.1444975319E+00  3.3185495986E-01  2.1450219915E-01  8.7935974085E-01 -3.7083733246E+00
 -3.1567084101E+00  3.4758222339E-01  2.2961730927E-01  8.8263460018E-01 -3.7438298470E+00
 -3.1697678068E+00  3.6298149720E-01  2.4435618519E-01  8.8602219605E-01 -3.7799379160E+00
 -3.1836500862E+00  3.7803222057E-01  2.5869770032E-01  8.8949374613E-01 -3.8162991053E+00
 -3.1983284674E+00  3.9271503357E-01  2.7262186137E-01  8.9301885469E-01 -3.8525016975E+00
 -3.2137751687E+00  4.0701181629E-01  2.8610980842E-01  8.9656566670E-01 -3.8881234524E+00
 -3.2299615536E+00  4.2090572049E-01  2.9914379650E-01  9.0010104914E-01 -3.9227345738E+00
 -3.2468582754E+00  4.3438119644E-01  3.1170715670E-01  9.0359080003E-01 -3.9559008916E+00
 -3.2644354162E+00  4.4742401871E-01  3.2378423402E-01  9.0699988516E-01 -3.9871872680E+00
 -3.2826626189E+00  4.6002131773E-01  3.3536029714E-01  9.1029270131E-01 -4.0161612362E+00
 -3.3015092074E+00  4.7216162788E-01  3.4642141186E-01  9.1343336425E-01 -4.0423968610E+00
 -3.3209442940E+00  4.8383497087E-01  3.5695426190E-01  9.1638601879E-01 -4.0654788093E+00
 -3.3409368675E+00  4.9503300988E-01  3.6694588391E-01  9.1911516746E-01 -4.0850065964E+00
 -3.3614558586E+00  5.0574934966E-01  3.7638324192E-01  9.2158601396E-01 -4.1005989681E+00
 -3.3824701665E+00  5.1598017200E-01  3.8525244678E-01  9.2376481707E-01 -4.1118983600E+00
 -3.4224731260E+00  5.3360540648E-01  4.0007547762E-01  9.2691305921E-01 -4.1203937631E+00
</Path of -GradDelSqRho>
<Path of -GradDelSqRho>
Starting CP# =      9
Ending CP# =     18
Number of Points =     30
 -3.0715800632E+00  1.1344145141E-01 -8.2620053028E-05  8.5665564663E-01 -3.4495001589E+00
