 AIMInt (Version 19.02.13, Professional)
 Portions Copyright (c) 1997-2019 by Todd A. Keith
 AIMInt is a component of the AIMAll package ( http://aim.tkgristmill.com )

 TP:  64-bit Linux

 Licensed To:  Research Group of Fernando Cortes Guzman, UNAM, fercor@unam.mx

 AIMInt is a heavily modified and extended version of the PROAIMV program
 developed by members of R.F.W. Bader's research group

 Much of the Quantum Theory of Atoms in Molecules (QTAIM) is described in the book:
   "Atoms in Molecules - A Quantum Theory"
   R.F.W. Bader, Oxford University Press, Oxford, 1990

 For additional references see:  http://aim.tkgristmill.com/references.html

 Current Directory:  /home/scratch/M_H2O_4_cuadrado_plano/Opt

 Inp File:  Ti3_cuadrado_plano_cc-pvtz-def2-tzv_1_atomicfiles/o8.inp
 Wfx File:  Ti3_cuadrado_plano_cc-pvtz-def2-tzv_1.wfx
 Out File:  Ti3_cuadrado_plano_cc-pvtz-def2-tzv_1_atomicfiles/o8.int

 Wfx Title:   Ti3_cuadrado_plano_cc-pvtz-def2-tzv_1                                         
 Job Title:   Ti3_cuadrado_plano_cc-pvtz-def2-tzv_1                                         
 
<Atom>
O8      
</Atom>
<Nuclei of Molecule>
    13
Ti1       22.0          -1.0356641266E-05   1.3023848583E-05  -8.0073487347E-05
O2         8.0           3.7390992330E+00  -1.3806523120E-01  -5.8436123125E-05
H3         1.0           4.8384375333E+00  -1.2346614081E+00  -1.0588699286E+00
O4         8.0           1.3806323079E-01   3.7391194010E+00  -7.2703555428E-05
H5         1.0          -8.9793453013E-01   4.9159007607E+00   1.0358595534E+00
O6         8.0          -3.7391199463E+00   1.3808166019E-01  -5.8436123125E-05
H7         1.0          -4.9152102842E+00  -8.7392689527E-01   1.0604516934E+00
O8         8.0          -1.3808364170E-01  -3.7390997783E+00  -7.2703555428E-05
H9         1.0           8.9863531519E-01  -4.9163037360E+00   1.0347785166E+00
H10        1.0          -4.8374906488E+00   1.2340724654E+00  -1.0605262546E+00
H11        1.0           1.2595107474E+00   4.8361861143E+00  -1.0344803672E+00
H12        1.0          -1.2594707810E+00  -4.8364087544E+00  -1.0344811609E+00
H13        1.0           4.9140794878E+00   8.7456651579E-01   1.0611277996E+00
</Nuclei of Molecule>
<Total Number of CPs of DelSqRho>
    42
</Total Number of CPs of DelSqRho>
<Number of (3,+3) CPs of DelSqRho>
     5
</Number of (3,+3) CPs of DelSqRho>
<Number of (3,+1) CPs of DelSqRho>
    15
</Number of (3,+1) CPs of DelSqRho>
<Number of (3,-1) CPs of DelSqRho>
    16
</Number of (3,-1) CPs of DelSqRho>
<Number of (3,-3) CPs of DelSqRho>
     6
</Number of (3,-3) CPs of DelSqRho>
<Number of Degenerate CPs of DelSqRho>
     0
</Number of Degenerate CPs of DelSqRho>
<CP of DelSqRho>
CP# = 1       
Type = (3,+3)
Coords = -1.38083652889329E-01 -3.73910007658476E+00 -7.27034260505855E-05
DistFromNuc =  2.9846344428E-07
Rho =  2.9726878514E+02
DelSqRho = -3.3289034011E+06
GradDelSqRho =  1.1004576663E-06 -2.0311410481E-05 -3.3151081880E-10
HessDelSqRho_EigVals =  1.3238239504E+11  1.3238241258E+11  1.3238241990E+11
HessDelSqRho_EigVec1 = -6.9351695217E-01  2.5851646795E-02  7.1997633948E-01
HessDelSqRho_EigVec2 =  3.7183712762E-02  9.9930844457E-01 -6.4215725820E-05
HessDelSqRho_EigVec3 =  7.1948009601E-01 -2.6726858708E-02  6.9399860696E-01
</CP of DelSqRho>
<CP of DelSqRho>
CP# = 2       
Type = (3,-1)
Coords = -7.87466957161125E-02 -2.12971358729576E+00 -2.60799277349390E-04
DistFromNuc =  1.6104796864E+00
Rho =  1.1965924020E-01
DelSqRho =  3.0530243778E-01
GradDelSqRho =  2.0816681712E-17  6.6613381478E-16 -3.2526065175E-18
HessDelSqRho_EigVals = -4.4988603393E-01 -1.3869671048E-01  3.5531641391E+00
HessDelSqRho_EigVec1 = -6.3565913676E-01  2.3471217309E-02  7.7161296244E-01
HessDelSqRho_EigVec2 =  7.7108757678E-01 -2.8469505477E-02  6.3609231735E-01
HessDelSqRho_EigVec3 =  3.6897300469E-02  9.9931906277E-01 -1.4628033797E-06
</CP of DelSqRho>
<CP of DelSqRho>
CP# = 3       
Type = (3,+1)
Coords = -2.99537994605890E-02 -3.80284836992270E+00 -1.12285334262438E-01
DistFromNuc =  1.6836751529E-01
Rho =  2.2532378882E+01
DelSqRho =  1.2385999132E+03
GradDelSqRho =  8.8107299234E-12 -2.2254198484E-11 -2.3788970793E-11
HessDelSqRho_EigVals = -4.1283504599E+05  1.7126718771E+03  2.8331447672E+03
HessDelSqRho_EigVec1 =  6.4343452711E-01 -3.7466667821E-01 -6.6754542134E-01
HessDelSqRho_EigVec2 =  2.7863880783E-01  9.2684634490E-01 -2.5162723963E-01
HessDelSqRho_EigVec3 =  7.1298837584E-01 -2.4098406434E-02  7.0076161619E-01
</CP of DelSqRho>
<CP of DelSqRho>
CP# = 4       
Type = (3,+1)
Coords = -2.50651551425348E-01 -3.79459941192789E+00  1.12159663216951E-01
DistFromNuc =  1.6836819112E-01
Rho =  2.2532237829E+01
DelSqRho =  1.2385832922E+03
GradDelSqRho =  3.9790393203E-12 -8.4838802650E-12 -2.1032064978E-12
HessDelSqRho_EigVals = -4.1281921694E+05  1.7134836735E+03  2.8337932342E+03
HessDelSqRho_EigVec1 =  6.6949320089E-01  3.2559343568E-01 -6.6765842210E-01
HessDelSqRho_EigVec2 = -2.0897997674E-01  9.4507319224E-01  2.5132455238E-01
HessDelSqRho_EigVec3 =  7.1281570078E-01 -2.8732837516E-02  7.0076258517E-01
</CP of DelSqRho>
<CP of DelSqRho>
CP# = 5       
Type = (3,-1)
Coords = -1.31870870511169E-01 -3.57221932542359E+00 -1.09844059536017E-04
DistFromNuc =  1.6699606423E-01
Rho =  2.2740999166E+01
DelSqRho =  1.2903031300E+03
GradDelSqRho = -4.2668091282E-12 -4.2632564146E-11  1.4654943925E-14
HessDelSqRho_EigVals = -4.4969387970E+05 -2.7604534081E+03  3.1817627545E+02
HessDelSqRho_EigVec1 =  3.7204228271E-02  9.9930765809E-01 -2.2331957321E-04
HessDelSqRho_EigVec2 = -6.9989660439E-01  2.6216661148E-02  7.1376286667E-01
HessDelSqRho_EigVec3 =  7.1327455342E-01 -2.6398696012E-02  7.0038740729E-01
</CP of DelSqRho>
<CP of DelSqRho>
CP# = 6       
Type = (3,-1)
Coords = -1.44322555137825E-01 -3.90776232440722E+00 -8.35724858325044E-05
DistFromNuc =  1.6877789727E-01
Rho =  2.2348103654E+01
DelSqRho =  1.2500930019E+03
GradDelSqRho =  4.1566750042E-13  1.1439738046E-11  5.3290705182E-15
HessDelSqRho_EigVals = -4.0678427616E+05 -1.2469288566E+03  1.4722163153E+03
HessDelSqRho_EigVec1 =  3.6962977648E-02  9.9931663343E-01  6.6649823486E-05
HessDelSqRho_EigVec2 = -7.0144410636E-01  2.5897688849E-02  7.1225379983E-01
HessDelSqRho_EigVec3 =  7.1176534331E-01 -2.6373772408E-02  7.0192201859E-01
</CP of DelSqRho>
<CP of DelSqRho>
CP# = 7       
Type = (3,-3)
Coords = -5.33818890460935E-02 -3.61830100096254E+00  7.85832339828807E-02
DistFromNuc =  1.6719296644E-01
Rho =  2.2669340643E+01
DelSqRho =  1.2914404956E+03
GradDelSqRho = -5.1159076975E-12 -1.0800249584E-11 -5.4569682106E-12
HessDelSqRho_EigVals = -4.4541334000E+05 -3.0352825939E+03 -5.3393581765E+02
HessDelSqRho_EigVec1 =  5.0506116777E-01  7.2462757625E-01  4.6885828620E-01
HessDelSqRho_EigVec2 = -7.0032524557E-01  2.6574826284E-02  7.1332904681E-01
HessDelSqRho_EigVec3 =  5.0443807075E-01 -6.8862809581E-01  5.2089689808E-01
</CP of DelSqRho>
<CP of DelSqRho>
CP# = 8       
Type = (3,-3)
Coords = -2.13560500901070E-01 -3.61236628555922E+00 -7.87832926872814E-02
DistFromNuc =  1.6719297625E-01
Rho =  2.2669339064E+01
DelSqRho =  1.2914402656E+03
GradDelSqRho =  1.2789769244E-12 -1.4438228391E-11  5.6559201767E-12
HessDelSqRho_EigVals = -4.4541313603E+05 -3.0352651234E+03 -5.3390448194E+02
HessDelSqRho_EigVec1 = -4.4973079625E-01  7.6000321815E-01 -4.6918793601E-01
HessDelSqRho_EigVec2 = -7.0043221248E-01  2.5845600613E-02  7.1325081188E-01
HessDelSqRho_EigVec3 =  5.5419935639E-01  6.4940519964E-01  5.2070717304E-01
</CP of DelSqRho>
<CP of DelSqRho>
CP# = 9       
Type = (3,-1)
Coords =  3.47826798949224E-01 -3.50496584840615E+00  4.64224790909823E-01
DistFromNuc =  7.1168800527E-01
Rho =  6.8675645454E-01
DelSqRho = -1.1526214346E+00
GradDelSqRho = -1.5734080705E-12 -7.0210504077E-13 -2.1453949728E-12
HessDelSqRho_EigVals = -1.5368755940E+01 -1.0908126478E+01  1.4916788611E+02
HessDelSqRho_EigVec1 = -2.7651769223E-01  9.3523842400E-01 -2.2105894273E-01
HessDelSqRho_EigVec2 = -6.8151517673E-01 -2.8659315184E-02  7.3124257776E-01
HessDelSqRho_EigVec3 =  6.7755075807E-01  3.5285653449E-01  6.4530398752E-01
</CP of DelSqRho>
<CP of DelSqRho>
CP# = 10      
Type = (3,-1)
Coords = -6.05328558677729E-01 -3.46968787254586E+00 -4.64400393127208E-01
DistFromNuc =  7.1168868947E-01
Rho =  6.8675511566E-01
DelSqRho = -1.1526308562E+00
GradDelSqRho = -1.7763568394E-15 -4.8849813084E-15  6.2172489379E-15
HessDelSqRho_EigVals = -1.5369478224E+01 -1.0907295031E+01  1.4916850130E+02
HessDelSqRho_EigVec1 =  3.4516318804E-01  9.1220605653E-01  2.2077700075E-01
HessDelSqRho_EigVec2 = -6.7744718562E-01  7.9346294552E-02  7.3127934214E-01
HessDelSqRho_EigVec3 =  6.4955960798E-01 -4.0197546689E-01  6.4535884568E-01
</CP of DelSqRho>
<CP of DelSqRho>
CP# = 11      
Type = (3,+1)
Coords = -1.13305289570455E-01 -3.07156959293343E+00 -1.58055121575882E-04
DistFromNuc =  6.6798991193E-01
Rho =  8.5662369877E-01
DelSqRho = -3.4493157841E+00
GradDelSqRho =  2.2204460493E-16  2.8421709430E-14 -5.2735593670E-16
HessDelSqRho_EigVals = -5.8507500442E+00  1.8193685050E+01  2.4232922833E+02
HessDelSqRho_EigVec1 = -6.9042336258E-01  2.5728829430E-02  7.2294785963E-01
HessDelSqRho_EigVec2 =  7.2245348062E-01 -2.6731879755E-02  6.9090257993E-01
HessDelSqRho_EigVec3 =  3.7101869884E-02  9.9931147994E-01 -1.3156806541E-04
</CP of DelSqRho>
<CP of DelSqRho>
CP# = 12      
Type = (3,-1)
Coords = -1.64744907340521E-01 -4.45622797693295E+00  3.26710138476374E-05
DistFromNuc =  7.1762363912E-01
Rho =  6.8693153422E-01
DelSqRho = -1.2193922067E+00
GradDelSqRho = -6.6613381478E-16  0.0000000000E+00 -3.1918911958E-16
HessDelSqRho_EigVals = -1.8806279853E+01 -4.0767511771E+00  1.4217227931E+02
HessDelSqRho_EigVec1 =  7.3379312649E-01 -2.7182296049E-02  6.7882896984E-01
HessDelSqRho_EigVec2 = -6.7835649581E-01  2.5323017373E-02  7.3429640431E-01
HessDelSqRho_EigVec3 =  3.7149860046E-02  9.9930969553E-01 -1.4256899442E-04
</CP of DelSqRho>
<CP of DelSqRho>
CP# = 13      
Type = (3,+1)
Coords = -1.29592192305959E-01 -4.01335560698262E+00  6.30939026256852E-01
DistFromNuc =  6.8808732543E-01
Rho =  7.8155703125E-01
DelSqRho = -2.4758229758E+00
GradDelSqRho = -6.0307314698E-13 -5.0626169923E-14  1.6004975123E-12
HessDelSqRho_EigVals = -1.2753602291E+01  1.1292754432E+01  1.9067699947E+02
HessDelSqRho_EigVec1 =  8.2405083352E-01 -5.4509641360E-01 -1.5430529364E-01
HessDelSqRho_EigVec2 =  5.6289679729E-01  7.5709058270E-01  3.3160374725E-01
HessDelSqRho_EigVec3 = -6.3932928687E-02 -3.6011629992E-01  9.3071415116E-01
</CP of DelSqRho>
<CP of DelSqRho>
CP# = 14      
Type = (3,+3)
Coords = -5.23737855438603E-01 -3.42239854865745E+00  4.09590769588637E-01
DistFromNuc =  6.4564154349E-01
Rho =  9.2677580372E-01
DelSqRho = -4.1195224058E+00
GradDelSqRho = -5.6843418861E-14  1.4210854715E-14  7.8159700934E-14
HessDelSqRho_EigVals =  8.2291154446E+00  2.0392683858E+01  3.0485573866E+02
HessDelSqRho_EigVec1 =  3.5773998999E-01  8.8210302339E-01 -3.0645775514E-01
HessDelSqRho_EigVec2 =  7.0990587889E-01 -4.3691374808E-02  7.0294004501E-01
HessDelSqRho_EigVec3 =  6.0667597832E-01 -4.6902592667E-01 -6.4184027408E-01
</CP of DelSqRho>
<CP of DelSqRho>
CP# = 15      
Type = (3,+1)
Coords =  4.81483518690221E-01 -4.03512080741146E+00 -4.20035107151814E-03
DistFromNuc =  6.8666509549E-01
Rho =  7.8855360357E-01
DelSqRho = -2.5681159462E+00
GradDelSqRho =  8.8817841970E-15  0.0000000000E+00  8.8817841970E-16
HessDelSqRho_EigVals = -1.2013277771E+01  1.2138583144E+01  1.9353274487E+02
HessDelSqRho_EigVec1 = -1.4283811364E-01 -5.1310417693E-01  8.4635771215E-01
HessDelSqRho_EigVec2 =  3.7748884572E-01  7.6224463336E-01  5.2581868573E-01
HessDelSqRho_EigVec3 =  9.1493138794E-01 -3.9459754502E-01 -8.4813517920E-02
</CP of DelSqRho>
<CP of DelSqRho>
CP# = 16      
Type = (3,+3)
Coords =  2.72283020856639E-01 -4.18076740987436E+00  3.93613605144604E-01
DistFromNuc =  7.2004166834E-01
Rho =  7.5949944889E-01
DelSqRho = -3.1213000739E+00
GradDelSqRho =  7.1054273576E-15 -3.8857805862E-15 -4.4408920985E-15
HessDelSqRho_EigVals =  1.2061730795E+01  2.2419061125E+01  1.4360643582E+02
HessDelSqRho_EigVec1 = -6.8349002970E-01  3.0507141750E-03  7.2995347279E-01
HessDelSqRho_EigVec2 =  4.4591164116E-01  7.9346782791E-01  4.1421204033E-01
HessDelSqRho_EigVec3 = -5.7793095399E-01  6.0860455077E-01 -5.4368769823E-01
</CP of DelSqRho>
<CP of DelSqRho>
CP# = 17      
Type = (3,+3)
Coords =  2.70039705763689E-01 -3.45212470767976E+00 -4.09842723508924E-01
DistFromNuc =  6.4562437003E-01
Rho =  9.2683155406E-01
DelSqRho = -4.1200054194E+00
GradDelSqRho = -8.8817841970E-14 -3.5527136788E-14  6.7501559897E-14
HessDelSqRho_EigVals =  8.2325198134E+00  2.0393409915E+01  3.0492685974E+02
HessDelSqRho_EigVec1 = -2.9120533258E-01  9.0638360199E-01  3.0605264305E-01
HessDelSqRho_EigVec2 =  7.1117490885E-01 -8.8754475620E-03  7.0295908520E-01
HessDelSqRho_EigVec3 =  6.3986694188E-01  4.2236239472E-01 -6.4201269787E-01
</CP of DelSqRho>
<CP of DelSqRho>
CP# = 18      
Type = (3,+3)
Coords = -5.80149466095013E-01 -4.14919794414570E+00 -3.93590789845397E-01
DistFromNuc =  7.2004109809E-01
Rho =  7.5949585251E-01
DelSqRho = -3.1212517846E+00
GradDelSqRho = -9.0594198809E-13 -1.2162493235E-12 -1.4868106746E-12
HessDelSqRho_EigVals =  1.2060996508E+01  2.2418993455E+01  1.4360717933E+02
HessDelSqRho_EigVec1 = -6.8176814861E-01  4.7929022415E-02  7.2999657558E-01
HessDelSqRho_EigVec2 =  3.8580262522E-01 -8.2425878479E-01  4.1443188833E-01
HessDelSqRho_EigVec3 =  6.2156940556E-01  5.6418105649E-01  5.4346224301E-01
</CP of DelSqRho>
<CP of DelSqRho>
CP# = 19      
Type = (3,+1)
Coords = -1.67006896703286E-01 -4.01220100124889E+00 -6.30978497880521E-01
DistFromNuc =  6.8808644366E-01
Rho =  7.8156070766E-01
DelSqRho = -2.4759466015E+00
GradDelSqRho = -5.3290705182E-15  7.1054273576E-15 -8.8817841970E-15
HessDelSqRho_EigVals = -1.2753516587E+01  1.1294263965E+01  1.9068314919E+02
HessDelSqRho_EigVec1 =  8.6226908518E-01  4.8228623168E-01 -1.5457042239E-01
HessDelSqRho_EigVec2 = -5.0510485995E-01  7.9671316306E-01 -3.3183914216E-01
HessDelSqRho_EigVec3 = -3.6893159259E-02  3.6420890509E-01  9.3058624977E-01
</CP of DelSqRho>
<CP of DelSqRho>
CP# = 20      
Type = (3,+1)
Coords = -7.77931414099171E-01 -3.98827354780092E+00  4.22739140296755E-03
DistFromNuc =  6.8666675327E-01
Rho =  7.8854521614E-01
DelSqRho = -2.5679988127E+00
GradDelSqRho = -2.5401902803E-13  3.2760461011E-12  1.0844658505E-12
HessDelSqRho_EigVals = -1.2011711963E+01  1.2138020799E+01  1.9352499039E+02
HessDelSqRho_EigVec1 = -1.0422783947E-01  5.2259242210E-01  8.4618775567E-01
HessDelSqRho_EigVec2 = -3.1989082346E-01  7.8799469647E-01 -5.2605533872E-01
HessDelSqRho_EigVec3 =  9.4170399731E-01  3.2551730936E-01 -8.5041535511E-02
</CP of DelSqRho>
<CP of DelSqRho>
CP# = 21      
Type = (3,-1)
Coords =  1.03141132201589E+00 -3.86926602882097E+00 -1.61071538391744E-01
DistFromNuc =  1.1876793960E+00
Rho =  2.4245197086E-01
DelSqRho =  7.2266727591E-01
GradDelSqRho = -2.6229018957E-15 -2.4286128664E-16  2.0816681712E-16
HessDelSqRho_EigVals = -1.7104807250E+01 -1.2669112239E+00  2.9313561453E-01
HessDelSqRho_EigVec1 =  9.8534802699E-01 -8.6950882236E-02 -1.4672699064E-01
HessDelSqRho_EigVec2 = -3.9755441574E-02  7.1949826825E-01 -6.9335542606E-01
HessDelSqRho_EigVec3 =  1.6585768167E-01  6.8902959737E-01  7.0549942833E-01
</CP of DelSqRho>
<CP of DelSqRho>
CP# = 22      
Type = (3,-1)
Coords = -1.31399846334205E+00 -3.78211292953352E+00  1.61095281818093E-01
DistFromNuc =  1.1876872141E+00
Rho =  2.4245430065E-01
DelSqRho =  7.2261566031E-01
GradDelSqRho =  5.5067062021E-14 -7.1470607210E-16 -8.6319840165E-15
HessDelSqRho_EigVals = -1.7103633634E+01 -1.2670694046E+00  2.9330830455E-01
HessDelSqRho_EigVec1 =  9.8906219554E-01  1.3578536102E-02 -1.4687272280E-01
HessDelSqRho_EigVec2 =  9.3123570489E-02  7.1471932818E-01  6.9318416207E-01
HessDelSqRho_EigVec3 =  1.1438519994E-01 -6.9927956161E-01  7.0563738616E-01
</CP of DelSqRho>
<CP of DelSqRho>
CP# = 23      
Type = (3,-1)
Coords = -9.09065803044670E-02 -2.50361205484477E+00 -1.76333817080523E-03
DistFromNuc =  1.2363892786E+00
Rho =  2.4573482667E-01
DelSqRho =  4.5361645103E-01
GradDelSqRho = -2.8189256485E-16 -5.6066262744E-15  4.2067044292E-17
HessDelSqRho_EigVals = -1.0919621509E+01 -2.9654284385E-02  7.3685817249E-01
HessDelSqRho_EigVec1 =  3.8229192757E-02  9.9926792049E-01 -1.4669349507E-03
HessDelSqRho_EigVec2 = -6.5619365269E-01  2.6211212490E-02  7.5413716426E-01
HessDelSqRho_EigVec3 =  7.5362352604E-01 -2.7867461614E-02  6.5671530025E-01
</CP of DelSqRho>
<CP of DelSqRho>
CP# = 24      
Type = (3,-1)
Coords = -2.01872964722947E-01 -3.79914575006121E+00  1.18205763777697E+00
DistFromNuc =  1.1853719840E+00
Rho =  2.4240991408E-01
DelSqRho =  7.2700675727E-01
GradDelSqRho =  3.8441472228E-15 -2.4806545706E-15 -4.7239989698E-14
HessDelSqRho_EigVals = -1.7032862074E+01 -1.4099883035E+00  2.8759042995E-01
HessDelSqRho_EigVec1 = -6.1501477085E-02 -2.4597130355E-02  9.9780386324E-01
HessDelSqRho_EigVec2 = -6.5567664509E-01  7.5472677872E-01 -2.1808864454E-02
HessDelSqRho_EigVec3 =  7.5253286001E-01  6.5557796689E-01  6.2544575597E-02
</CP of DelSqRho>
<CP of DelSqRho>
CP# = 25      
Type = (3,-1)
Coords = -7.89740461766639E-02 -3.80407008247100E+00 -1.18217940903261E+00
DistFromNuc =  1.1853654912E+00
Rho =  2.4240634037E-01
DelSqRho =  7.2704576323E-01
GradDelSqRho = -8.3266726847E-16  1.5612511284E-16 -4.5796699766E-16
HessDelSqRho_EigVals = -1.7034018737E+01 -1.4093929759E+00  2.8744454085E-01
HessDelSqRho_EigVec1 = -5.9460284228E-02  2.9397579903E-02  9.9779770339E-01
HessDelSqRho_EigVec2 =  7.0989740623E-01  7.0397493446E-01  2.1563030350E-02
HessDelSqRho_EigVec3 = -7.0179067194E-01  7.0961614549E-01 -6.2727815415E-02
</CP of DelSqRho>
<CP of DelSqRho>
CP# = 26      
Type = (3,+1)
Coords = -2.41044297566855E-01 -2.51986746279529E+00  1.69733823622801E-01
DistFromNuc =  1.2352985844E+00
Rho =  2.4563970930E-01
DelSqRho =  4.5323539027E-01
GradDelSqRho = -1.3877787808E-16 -3.8857805862E-16  2.4286128664E-16
HessDelSqRho_EigVals = -1.1215002532E+01  5.5166382451E-02  7.3912245178E-01
HessDelSqRho_EigVec1 = -8.7774049514E-02  9.8554787331E-01  1.4488307580E-01
HessDelSqRho_EigVec2 = -6.5198317818E-01 -1.6680188057E-01  7.3965875106E-01
HessDelSqRho_EigVec3 =  7.5313587858E-01 -2.9538484386E-02  6.5720151121E-01
</CP of DelSqRho>
<CP of DelSqRho>
CP# = 27      
Type = (3,+1)
Coords =  5.06892812579231E-01 -4.46251786889420E+00  6.40548608046324E-01
DistFromNuc =  1.1617762372E+00
Rho =  4.0500175181E-01
DelSqRho = -9.1556874581E-01
GradDelSqRho =  1.0165479569E-15 -3.1086244690E-15 -1.1241008124E-15
HessDelSqRho_EigVals = -2.9667353909E+01  1.4102157155E+01  1.4723666145E+01
HessDelSqRho_EigVec1 = -5.4959950683E-01  6.2821631191E-01 -5.5071285398E-01
HessDelSqRho_EigVec2 = -6.9712839032E-01  1.8401394417E-02  7.1671011999E-01
HessDelSqRho_EigVec3 =  4.6038287272E-01  7.7782109391E-01  4.2783402900E-01
</CP of DelSqRho>
<CP of DelSqRho>
CP# = 28      
Type = (3,+1)
Coords =  5.33134264556465E-02 -2.53035696297197E+00 -1.68299714040062E-01
DistFromNuc =  1.2353106324E+00
Rho =  2.4564079313E-01
DelSqRho =  4.5326412690E-01
GradDelSqRho = -8.7430063189E-16 -1.5543122345E-15  2.4980018054E-16
HessDelSqRho_EigVals = -1.1210312339E+01  5.3646862397E-02  7.3903618322E-01
HessDelSqRho_EigVec1 =  1.5924692680E-01  9.7674313627E-01 -1.4357319410E-01
HessDelSqRho_EigVec2 = -6.3813943270E-01  2.1280462272E-01  7.3992719708E-01
HessDelSqRho_EigVec3 =  7.5327185049E-01 -2.6211415559E-02  6.5718679305E-01
</CP of DelSqRho>
<CP of DelSqRho>
CP# = 29      
Type = (3,+1)
Coords = -8.35066948174655E-01 -4.41283163192889E+00 -6.40417218616677E-01
DistFromNuc =  1.1617837312E+00
Rho =  4.0499198846E-01
DelSqRho = -9.1549514231E-01
GradDelSqRho =  1.5126788711E-15  9.9920072216E-16  1.9290125053E-15
HessDelSqRho_EigVals = -2.9664963761E+01  1.4101018524E+01  1.4722580553E+01
HessDelSqRho_EigVec1 =  5.9478433905E-01  5.8584563153E-01  5.5046933251E-01
HessDelSqRho_EigVec2 = -6.9655470265E-01  3.3751691994E-02  7.1670940380E-01
HessDelSqRho_EigVec3 =  4.0130180193E-01 -8.0971953126E-01  4.2814850749E-01
</CP of DelSqRho>
<CP of DelSqRho>
CP# = 30      
Type = (3,-3)
Coords =  6.59701451208584E-01 -3.35214569728828E+00  7.26581630247502E-01
DistFromNuc =  1.1463947994E+00
Rho =  2.4637075158E-01
DelSqRho =  8.2329114992E-01
GradDelSqRho = -4.1477377088E-12 -3.8336556152E-12 -6.3489213886E-12
HessDelSqRho_EigVals = -1.7508052418E+01 -1.7146668072E+00 -4.6166417873E-01
HessDelSqRho_EigVec1 =  6.8462108817E-01  3.7313024143E-01  6.2615316701E-01
HessDelSqRho_EigVec2 = -2.6022906667E-01  9.2754855034E-01 -2.6820611406E-01
HessDelSqRho_EigVec3 = -6.8086327444E-01  2.0676307421E-02  7.3211863234E-01
</CP of DelSqRho>
<CP of DelSqRho>
CP# = 31      
Type = (3,-3)
Coords = -5.49101768560925E-01 -4.75358310533248E+00  3.97720304446086E-01
DistFromNuc =  1.1646250893E+00
Rho =  2.4592140475E-01
DelSqRho =  8.4885641820E-01
GradDelSqRho =  1.2806422589E-12  1.9355628211E-12 -1.2670975380E-12
HessDelSqRho_EigVals = -1.7808142010E+01 -2.2439247131E+00 -2.3103284060E-01
HessDelSqRho_EigVec1 =  3.5664389915E-01  8.6804834951E-01 -3.4539425606E-01
HessDelSqRho_EigVec2 =  7.3525433476E-01 -3.2707250730E-02  6.7700169791E-01
HessDelSqRho_EigVec3 =  5.7637330995E-01 -4.9540114924E-01 -6.4990115319E-01
</CP of DelSqRho>
<CP of DelSqRho>
CP# = 32      
Type = (3,-3)
Coords = -9.04971551120072E-01 -3.29421113189154E+00 -7.26832709037560E-01
DistFromNuc =  1.1463956904E+00
Rho =  2.4637148286E-01
DelSqRho =  8.2329088269E-01
GradDelSqRho = -8.8817841970E-16  4.9960036108E-16 -6.1062266354E-16
HessDelSqRho_EigVals = -1.7508028533E+01 -1.7148212559E+00 -4.6160853006E-01
HessDelSqRho_EigVec1 =  6.5506088945E-01 -4.2272944865E-01  6.2625477592E-01
HessDelSqRho_EigVec2 =  3.2842218892E-01  9.0575232810E-01  2.6786486512E-01
HessDelSqRho_EigVec3 = -6.8046608801E-01  3.0208167530E-02  7.3215665651E-01
</CP of DelSqRho>
<CP of DelSqRho>
CP# = 33      
Type = (3,-3)
Coords =  1.96415124262308E-01 -4.78145288331823E+00 -3.97509815100761E-01
DistFromNuc =  1.1646225472E+00
Rho =  2.4591919271E-01
DelSqRho =  8.4884976662E-01
GradDelSqRho =  1.0547118734E-15 -3.1086244690E-15 -2.2204460493E-15
HessDelSqRho_EigVals = -1.7808038710E+01 -2.2434974694E+00 -2.3093335805E-01
HessDelSqRho_EigVec1 = -2.9115642244E-01  8.9226742657E-01  3.4508952049E-01
HessDelSqRho_EigVec2 =  7.3564692048E-01 -2.1789800750E-02  6.7701463277E-01
HessDelSqRho_EigVec3 =  6.1159753602E-01  4.5098120146E-01 -6.5004954416E-01
</CP of DelSqRho>
<CP of DelSqRho>
CP# = 34      
Type = (3,-1)
Coords = -1.81485236906898E-01 -4.90646111902127E+00  9.90957436094933E-05
DistFromNuc =  1.1681678936E+00
Rho =  2.5021802092E-01
DelSqRho =  8.3668936033E-01
GradDelSqRho =  3.6460071073E-13  6.8833827527E-14 -3.8327500895E-13
HessDelSqRho_EigVals = -1.6535681391E+01 -3.9543427927E+00  1.7141069491E-01
HessDelSqRho_EigVec1 =  3.7151834916E-02  9.9930962228E-01 -1.4138488162E-04
HessDelSqRho_EigVec2 =  7.2593447784E-01 -2.6891197909E-02  6.8723794813E-01
HessDelSqRho_EigVec3 = -6.8675969235E-01  2.5634786957E-02  7.2643236619E-01
</CP of DelSqRho>
<CP of DelSqRho>
CP# = 35      
Type = (3,-1)
Coords =  1.12140584487113E+00 -4.23277588309179E+00  1.49779031069709E+00
DistFromNuc =  2.0183219448E+00
Rho =  7.1617626753E-02
DelSqRho =  1.8553831118E-01
GradDelSqRho =  9.7144514655E-17 -3.8163916471E-17  3.1918911958E-16
HessDelSqRho_EigVals = -2.0318474111E+00 -9.5670016049E-03  5.0057458793E-01
HessDelSqRho_EigVec1 =  5.5366718158E-01  2.7727493350E-01  7.8522051889E-01
HessDelSqRho_EigVec2 =  7.8836222539E-01  1.2917639711E-01 -6.0149684955E-01
HessDelSqRho_EigVec3 = -2.6821195652E-01  9.5206726111E-01 -1.4707235191E-01
</CP of DelSqRho>
<CP of DelSqRho>
CP# = 36      
Type = (3,-1)
Coords = -1.42981343395437E+00 -4.13862959574967E+00 -1.49854330563146E+00
DistFromNuc =  2.0183171397E+00
Rho =  7.1615757387E-02
DelSqRho =  1.8553356045E-01
GradDelSqRho =  1.0295930775E-13 -2.6957602817E-14  1.6468770792E-13
HessDelSqRho_EigVals = -2.0314707445E+00 -9.5592443140E-03  5.0066842201E-01
HessDelSqRho_EigVec1 =  5.3060130450E-01 -3.1705920865E-01  7.8608887149E-01
HessDelSqRho_EigVec2 =  7.7697801571E-01 -1.8872726099E-01 -6.0057238036E-01
HessDelSqRho_EigVec3 =  3.3877340327E-01  9.2943826001E-01  1.4620910393E-01
</CP of DelSqRho>
<CP of DelSqRho>
CP# = 37      
Type = (3,+1)
Coords =  1.54568460526149E+00 -4.73862315123091E+00  4.61743297144441E-01
DistFromNuc =  2.0118142312E+00
Rho =  7.0767097939E-02
DelSqRho =  1.8057097780E-01
GradDelSqRho =  2.4980018054E-16 -1.1796119637E-16 -2.4719809533E-17
HessDelSqRho_EigVals = -1.7203782100E+00  1.8982107182E-02  5.7419429337E-01
HessDelSqRho_EigVec1 =  9.5337882884E-01 -2.5445057530E-01 -1.6224584265E-01
HessDelSqRho_EigVec2 =  3.0053907754E-01  7.5194185100E-01  5.8673649587E-01
HessDelSqRho_EigVec3 = -2.7295999691E-02 -6.0814336915E-01  7.9335778244E-01
</CP of DelSqRho>
<CP of DelSqRho>
CP# = 38      
Type = (3,-1)
Coords =  4.24016685354843E-01 -5.53137747560099E+00  7.18714259789732E-01
DistFromNuc =  2.0111864211E+00
Rho =  7.2683196406E-02
DelSqRho =  1.9158530162E-01
GradDelSqRho =  2.6645352591E-15  1.4763884559E-13 -5.1417203828E-15
HessDelSqRho_EigVals = -2.2483179450E+00 -1.6588796014E-02  4.8350245494E-01
HessDelSqRho_EigVec1 =  1.5962343134E-01  9.8717784409E-01 -5.1410042614E-04
HessDelSqRho_EigVec2 = -6.4685668178E-01  1.0498798127E-01  7.5535022144E-01
HessDelSqRho_EigVec3 =  7.4571897750E-01 -1.2023904491E-01  6.5532112638E-01
</CP of DelSqRho>
<CP of DelSqRho>
CP# = 39      
Type = (3,-1)
Coords = -8.31513095288345E-01 -5.48491045626204E+00 -7.18596690391027E-01
DistFromNuc =  2.0112125820E+00
Rho =  7.2680095604E-02
DelSqRho =  1.9157747286E-01
GradDelSqRho = -8.9352136801E-14  1.7040188705E-12  3.7588335222E-13
HessDelSqRho_EigVals = -2.2481860087E+00 -1.6583938124E-02  4.8349856764E-01
HessDelSqRho_EigVec1 = -8.6153644331E-02  9.9628170351E-01  5.6287092065E-04
HessDelSqRho_EigVec2 = -6.5257761530E-01 -5.6858654245E-02  7.5558556726E-01
HessDelSqRho_EigVec3 =  7.5280808018E-01  6.4729133260E-02  6.5504971852E-01
</CP of DelSqRho>
<CP of DelSqRho>
CP# = 40      
Type = (3,+1)
Coords =  3.94210068257941E-01 -4.65007969629308E+00  1.70329791932385E+00
DistFromNuc =  2.0036697541E+00
Rho =  7.1273803132E-02
DelSqRho =  1.8390345521E-01
GradDelSqRho = -3.2959746044E-17  3.3306690739E-16 -1.0408340856E-15
HessDelSqRho_EigVals = -1.7679659043E+00  1.2547799043E-02  5.7217024142E-01
HessDelSqRho_EigVec1 = -1.1013640736E-01 -1.6502778099E-01  9.8012030041E-01
HessDelSqRho_EigVec2 =  6.5883162128E-01  7.2622502278E-01  1.9631126072E-01
HessDelSqRho_EigVec3 =  7.4418469924E-01 -6.6735526354E-01 -2.8741705567E-02
</CP of DelSqRho>
<CP of DelSqRho>
CP# = 41      
Type = (3,+1)
Coords = -1.89149628672122E+00 -4.61099435975127E+00 -4.61459195610087E-01
DistFromNuc =  2.0118482944E+00
Rho =  7.0765654546E-02
DelSqRho =  1.8055751588E-01
GradDelSqRho =  6.0715321659E-16  5.2041704279E-17  3.3198270522E-16
HessDelSqRho_EigVals = -1.7202455021E+00  1.8983833912E-02  5.7418209692E-01
HessDelSqRho_EigVec1 =  9.6962694371E-01  1.8292213921E-01 -1.6236711803E-01
HessDelSqRho_EigVec2 = -2.4392689991E-01  7.7199735593E-01 -5.8695804785E-01
HessDelSqRho_EigVec3 =  1.7979364067E-02  6.0873604577E-01  7.9316906713E-01
</CP of DelSqRho>
<CP of DelSqRho>
CP# = 42      
Type = (3,+1)
Coords = -7.36725638831350E-01 -4.60859651947155E+00 -1.70311105100786E+00
DistFromNuc =  2.0036807222E+00
Rho =  7.1271693658E-02
DelSqRho =  1.8390561768E-01
GradDelSqRho =  6.3011683545E-13  1.0618936286E-13 -2.3156476736E-12
HessDelSqRho_EigVals = -1.7680742771E+00  1.2531777131E-02  5.7214630794E-01
HessDelSqRho_EigVec1 = -9.7507609527E-02  1.7305562117E-01  9.8007347585E-01
HessDelSqRho_EigVec2 = -6.0308572260E-01  7.7309233526E-01 -1.9650916609E-01
HessDelSqRho_EigVec3 =  7.9169430798E-01  6.1022945942E-01 -2.8984988786E-02
</CP of DelSqRho>
<Path of -GradDelSqRho>
Starting CP# =      3
Ending CP# =     17
Number of Points =     40
 -2.9953799461E-02 -3.8028483699E+00 -1.1228533426E-01  2.2532378882E+01  1.2385999132E+03
 -1.3860946513E-02 -3.8121920198E+00 -1.2898012724E-01  1.5611814689E+01  1.1563092039E+03
  2.2388585431E-03 -3.8215128093E+00 -1.4568100012E-01  1.0919950897E+01  9.8584139253E+02
  1.8340480307E-02 -3.8308277234E+00 -1.6238339954E-01  7.7487604090E+00  7.7699224150E+02
  3.4446228350E-02 -3.8401291531E+00 -1.7908933405E-01  5.6135397395E+00  5.7566649912E+02
  5.0560106351E-02 -3.8494038825E+00 -1.9580226977E-01  4.1768000333E+00  4.1082901105E+02
  6.6686476804E-02 -3.8586374575E+00 -2.1252593686E-01  3.2075425899E+00  2.8768037580E+02
  8.2829702384E-02 -3.8678153158E+00 -2.2926400145E-01  2.5506658080E+00  1.9905849983E+02
  9.8993789855E-02 -3.8769239265E+00 -2.4601974483E-01  2.1026693212E+00  1.3573310846E+02
  1.1518257972E-01 -3.8859501318E+00 -2.6279621450E-01  1.7941416796E+00  9.0482904785E+01
  1.3140070183E-01 -3.8948778713E+00 -2.7959701388E-01  1.5782082670E+00  5.8399964263E+01
  1.4765490541E-01 -3.9036834591E+00 -2.9642736405E-01  1.4231853688E+00  3.6096979479E+01
  1.6395551231E-01 -3.9123300468E+00 -3.1329519020E-01  1.3078272601E+00  2.1037089227E+01
  1.8031822802E-01 -3.9207600094E+00 -3.3021237582E-01  1.2181032638E+00  1.1211165774E+01
  1.9676684177E-01 -3.9288821946E+00 -3.4719650199E-01  1.1449245927E+00  5.0307057369E+00
  2.1333755518E-01 -3.9365479282E+00 -3.6427336571E-01  1.0825264839E+00  1.2883273104E+00
  2.3008599681E-01 -3.9435006666E+00 -3.8148023543E-01  1.0273462082E+00 -8.8605938182E-01
  2.4709760639E-01 -3.9492521844E+00 -3.9886716738E-01  9.7731260976E-01 -2.0865375724E+00
  2.6448700155E-01 -3.9526981298E+00 -4.1646889149E-01  9.3162332931E-01 -2.7000883768E+00
  2.8209610814E-01 -3.9505651101E+00 -4.3389547348E-01  8.9222537608E-01 -2.9744551511E+00
  2.9611281639E-01 -3.9353706874E+00 -4.4683970512E-01  8.7203275905E-01 -3.0925674372E+00
  3.0300957642E-01 -3.9120341207E+00 -4.5219748482E-01  8.7291272647E-01 -3.1822840664E+00
  3.0732065142E-01 -3.8875761579E+00 -4.5501599418E-01  8.7869095920E-01 -3.2691631671E+00
  3.1066991039E-01 -3.8628816572E+00 -4.5698659255E-01  8.8496795855E-01 -3.3538522707E+00
  3.1332393573E-01 -3.8380637273E+00 -4.5838847829E-01  8.9102049213E-01 -3.4359279857E+00
  3.1532004482E-01 -3.8131601355E+00 -4.5926491411E-01  8.9671413647E-01 -3.5149370610E+00
  3.1666142718E-01 -3.7881998782E+00 -4.5962294203E-01  9.0200601684E-01 -3.5904414927E+00
  3.1734735135E-01 -3.7632109546E+00 -4.5946404272E-01  9.0686892149E-01 -3.6620273344E+00
  3.1737750131E-01 -3.7382212646E+00 -4.5878837690E-01  9.1128084219E-01 -3.7293106203E+00
  3.1675264405E-01 -3.7132587340E+00 -4.5759523663E-01  9.1522383104E-01 -3.7919425868E+00
  3.1547486719E-01 -3.6883513594E+00 -4.5588298496E-01  9.1868400038E-01 -3.8496143340E+00
  3.1354781341E-01 -3.6635272388E+00 -4.5364889964E-01  9.2165160238E-01 -3.9020608629E+00
  3.1097696813E-01 -3.6388145931E+00 -4.5088895585E-01  9.2412106995E-01 -3.9490644165E+00
  3.0777001793E-01 -3.6142417803E+00 -4.4759753681E-01  9.2609101022E-01 -3.9904570721E+00
  3.0393729800E-01 -3.5898373053E+00 -4.4376705313E-01  9.2756415328E-01 -4.0261225571E+00
  2.9949235354E-01 -3.5656298305E+00 -4.3938744678E-01  9.2854725943E-01 -4.0559972799E+00
  2.9445264902E-01 -3.5416481956E+00 -4.3444554988E-01  9.2905098877E-01 -4.0800705871E+00
  2.8884047051E-01 -3.5179214618E+00 -4.2892426277E-01  9.2908973691E-01 -4.0983842737E+00
  2.8268407719E-01 -3.4944790049E+00 -4.2280151387E-01  9.2868144021E-01 -4.1110313751E+00
  2.7003970576E-01 -3.4521247077E+00 -4.0984272351E-01  9.2683155406E-01 -4.1200054194E+00
</Path of -GradDelSqRho>
<Path of -GradDelSqRho>
Starting CP# =      3
Ending CP# =      1
Number of Points =      7
 -2.9953799461E-02 -3.8028483699E+00 -1.1228533426E-01  2.2532378882E+01  1.2385999132E+03
 -4.6031322739E-02 -3.7934543130E+00 -9.5604068116E-02  3.2774411188E+01  9.8601451622E+02
 -6.2095821813E-02 -3.7840176006E+00 -7.8934327705E-02  4.8036485641E+01 -7.9784469697E+02
 -7.8154566322E-02 -3.7745621038E+00 -6.2269685646E-02  7.0706448899E+01 -6.4029263159E+03
 -9.4209123799E-02 -3.7650929606E+00 -4.5608759468E-02  1.0435464776E+02 -2.0692346070E+04
 -1.1025676887E-01 -3.7556013056E+00 -2.8953983848E-02  1.5483174852E+02 -7.5512838853E+04
 -1.3808365289E-01 -3.7391000766E+00 -7.2703426051E-05  2.9726878514E+02 -3.3289034011E+06
</Path of -GradDelSqRho>
<Path of -GradDelSqRho>
Starting CP# =      4
Ending CP# =      1
Number of Points =      7
 -2.5065155143E-01 -3.7945994119E+00  1.1215966322E-01  2.2532237829E+01  1.2385832922E+03
 -2.3392050039E-01 -3.7864316476E+00  9.5475561296E-02  3.2774176476E+01  9.8600834347E+02
 -2.1719926398E-01 -3.7782203857E+00  7.8802968525E-02  4.8036098855E+01 -7.9779097198E+02
 -2.0048236870E-01 -3.7699899672E+00  6.2135466847E-02  7.0705828540E+01 -6.4027540266E+03
 -1.8376863339E-01 -3.7617456319E+00  4.5471675605E-02  1.0435365383E+02 -2.0691702004E+04
 -1.6706011628E-01 -3.7534783381E+00  2.8814026141E-02  1.5483019925E+02 -7.5510665494E+04
 -1.3808365289E-01 -3.7391000766E+00 -7.2703426051E-05  2.9726878514E+02 -3.3289034011E+06
</Path of -GradDelSqRho>
<Path of -GradDelSqRho>
Starting CP# =      4
Ending CP# =     14
Number of Points =     40
 -2.5065155143E-01 -3.7945994119E+00  1.1215966322E-01  2.2532237829E+01  1.2385832922E+03
 -2.6739413926E-01 -3.8027157805E+00  1.2885727193E-01  1.5611729675E+01  1.1562948631E+03
 -2.8414195890E-01 -3.8108088416E+00  1.4556095098E-01  1.0919899262E+01  9.8582967009E+02
 -3.0089115317E-01 -3.8188959102E+00  1.6226615394E-01  7.7487280745E+00  7.7698292799E+02
 -3.1764345932E-01 -3.8269692278E+00  1.7897488649E-01  5.6135177156E+00  5.7565965411E+02
 -3.3440188684E-01 -3.8350153202E+00  1.9569060946E-01  4.1767827116E+00  4.1082439745E+02
 -3.5116971101E-01 -3.8430194519E+00  2.1241704723E-01  3.2075266738E+00  2.8767752024E+02
 -3.6795019933E-01 -3.8509667798E+00  2.2915786004E-01  2.5506495251E+00  1.9905691846E+02
 -3.8474634122E-01 -3.8588435153E+00  2.4591632373E-01  2.1026518605E+00  1.3573241385E+02
 -4.0156098815E-01 -3.8666362542E+00  2.6269548051E-01  1.7941228157E+00  9.0482811367E+01
 -4.1839756310E-01 -3.8743286398E+00  2.7949892734E-01  1.5781881169E+00  5.8400262195E+01
 -4.3526103563E-01 -3.8818965550E+00  2.9633187576E-01  1.4231642333E+00  3.6097512400E+01
 -4.5215895954E-01 -3.8893024940E+00  3.1320223621E-01  1.3078055181E+00  2.1037741916E+01
 -4.6910271307E-01 -3.8964878363E+00  3.3012186916E-01  1.2180813022E+00  1.1211857191E+01
 -4.8610924411E-01 -3.9033599348E+00  3.4710831961E-01  1.1449027591E+00  5.0313831578E+00
 -5.0320360425E-01 -3.9097678736E+00  3.6418732656E-01  1.0825050534E+00  1.2889601486E+00
 -5.2042220452E-01 -3.9154517581E+00  3.8139606096E-01  1.0273253467E+00 -8.8548566743E-01
 -5.3781397924E-01 -3.9199185340E+00  3.9878440351E-01  9.7729229135E-01 -2.0860265346E+00
 -5.5541124226E-01 -3.9220588789E+00  4.1638674190E-01  9.3160300352E-01 -2.6996354136E+00
 -5.7281380774E-01 -3.9186219698E+00  4.3381261525E-01  8.9220191213E-01 -2.9740439373E+00
 -5.8566660403E-01 -3.9024295563E+00  4.4675471148E-01  8.7199808372E-01 -3.0921564500E+00
 -5.9081255756E-01 -3.8786442217E+00  4.5210623221E-01  8.7287281907E-01 -3.1818526974E+00
 -5.9329535203E-01 -3.8539327726E+00  4.5491713319E-01  8.7864878611E-01 -3.2687114848E+00
 -5.9480111660E-01 -3.8290571067E+00  4.5688005572E-01  8.8492395174E-01 -3.3533815622E+00
 -5.9560423320E-01 -3.8041101693E+00  4.5827436145E-01  8.9097479628E-01 -3.4354397606E+00
 -5.9574473989E-01 -3.7791268426E+00  4.5914333386E-01  8.9666687854E-01 -3.5144330199E+00
 -5.9522798025E-01 -3.7541358059E+00  4.5949401728E-01  9.0195733272E-01 -3.5899235112E+00
 -5.9405531629E-01 -3.7291650371E+00  4.5932788963E-01  9.0681895722E-01 -3.6614974426E+00
 -5.9222852101E-01 -3.7042423835E+00  4.5864510492E-01  9.1122975268E-01 -3.7287709797E+00
 -5.8975045387E-01 -3.6793956381E+00  4.5744494423E-01  9.1517177864E-01 -3.7913954630E+00
 -5.8662530135E-01 -3.6546525656E+00  4.5572575501E-01  9.1863115335E-01 -3.8490620676E+00
 -5.8285881340E-01 -3.6300409159E+00  4.5348479428E-01  9.2159813333E-01 -3.9015058381E+00
 -5.7845859220E-01 -3.6055884241E+00  4.5071801100E-01  9.2406715429E-01 -3.9485090287E+00
 -5.7343445093E-01 -3.5813227978E+00  4.4741975632E-01  9.2603682471E-01 -3.9899036962E+00
 -5.6779886073E-01 -3.5572716941E+00  4.4358240277E-01  9.2750987457E-01 -4.0255735158E+00
 -5.6156751106E-01 -3.5334626887E+00  4.3919584854E-01  9.2849306280E-01 -4.0554548147E+00
 -5.5476001741E-01 -3.5099232432E+00  4.3424687744E-01  9.2899704694E-01 -4.0795368315E+00
 -5.4740082161E-01 -3.4866806839E+00  4.2871833998E-01  9.2903621900E-01 -4.0978612306E+00
 -5.3952034073E-01 -3.4637622101E+00  4.2258812023E-01  9.2862851092E-01 -4.1105208966E+00
 -5.2373785544E-01 -3.4223985487E+00  4.0959076959E-01  9.2677580372E-01 -4.1195224058E+00
</Path of -GradDelSqRho>
<Path of -GradDelSqRho>
Starting CP# =     11
Ending CP# =     14
Number of Points =     30
 -1.1330528957E-01 -3.0715695929E+00 -1.5805512158E-04  8.5662369877E-01 -3.4493157841E+00
 -1.1869467578E-01 -3.0719848873E+00  5.4614015935E-03  8.5751692063E-01 -3.4494539028E+00
 -1.2702344036E-01 -3.0718072452E+00  1.4177325870E-02  8.5737994540E-01 -3.4504454868E+00
 -1.4322871210E-01 -3.0719940956E+00  3.1114435619E-02  8.5708282129E-01 -3.4547855399E+00
 -1.6050208281E-01 -3.0736397883E+00  4.9109846505E-02  8.5776536338E-01 -3.4628770311E+00
 -1.7773574656E-01 -3.0763067197E+00  6.7020764476E-02  8.5874826313E-01 -3.4744898319E+00
 -1.9490147554E-01 -3.0799889603E+00  8.4816601169E-02  8.6002476517E-01 -3.4895103543E+00
 -2.1197133117E-01 -3.0846784703E+00  1.0246714879E-01  8.6158604645E-01 -3.5077912538E+00
 -2.2891776326E-01 -3.0903651158E+00  1.1994268152E-01  8.6342118875E-01 -3.5291524816E+00
 -2.4571370790E-01 -3.0970367110E+00  1.3721405419E-01  8.6551717778E-01 -3.5533825432E+00
 -2.6233268385E-01 -3.1046790728E+00  1.5425279796E-01  8.6785890669E-01 -3.5802399413E+00
 -2.7874888631E-01 -3.1132760857E+00  1.7103121203E-01  8.7042918618E-01 -3.6094547842E+00
 -2.9493727723E-01 -3.1228097806E+00  1.8752244964E-01  8.7320876367E-01 -3.6407305438E+00
 -3.1087367082E-01 -3.1332604256E+00  2.0370059718E-01  8.7617635408E-01 -3.6737459484E+00
 -3.2653481317E-01 -3.1446066289E+00  2.1954074431E-01  8.7930868503E-01 -3.7081570069E+00
 -3.4189845495E-01 -3.1568254540E+00  2.3501904369E-01  8.8258055897E-01 -3.7435991619E+00
 -3.5694341611E-01 -3.1698925450E+00  2.5011275841E-01  8.8596493513E-01 -3.7796895773E+00
 -3.7164964211E-01 -3.1837822603E+00  2.6480029546E-01  8.8943303342E-01 -3.8160295733E+00
 -3.8599825134E-01 -3.1984678137E+00  2.7906122373E-01  8.9295446274E-01 -3.8522072216E+00
 -3.9997157442E-01 -3.2139214184E+00  2.9287627491E-01  8.9649737527E-01 -3.8878001216E+00
 -4.1355318643E-01 -3.2301144334E+00  3.0622732577E-01  9.0002864787E-01 -3.9223783728E+00
 -4.2672793479E-01 -3.2470175076E+00  3.1909735972E-01  9.0351409136E-01 -3.9555077621E+00
 -4.3948196678E-01 -3.2646007185E+00  3.3147040515E-01  9.0691868724E-01 -3.9867531748E+00
 -4.5180276345E-01 -3.2828337047E+00  3.4333144573E-01  9.1020685098E-01 -4.0156822349E+00
 -4.6367919118E-01 -3.3016857856E+00  3.5466629463E-01  9.1334271996E-01 -4.0418691689E+00
 -4.7510159001E-01 -3.3211260686E+00  3.6546141677E-01  9.1629046347E-01 -4.0648988752E+00
 -4.8606193531E-01 -3.3411235369E+00  3.7570366637E-01  9.1901461122E-01 -4.0843711696E+00
 -4.9655415052E-01 -3.3616471145E+00  3.8537986628E-01  9.2148039655E-01 -4.0999051645E+00
 -5.0657476749E-01 -3.3826656914E+00  3.9447603667E-01  9.2365411009E-01 -4.1111437235E+00
 -5.2373785544E-01 -3.4223985487E+00  4.0959076959E-01  9.2677580372E-01 -4.1195224058E+00
</Path of -GradDelSqRho>
<Path of -GradDelSqRho>
Starting CP# =     11
Ending CP# =     17
Number of Points =     30
 -1.1330528957E-01 -3.0715695929E+00 -1.5805512158E-04  8.5662369877E-01 -3.4493157841E+00
