 AIMInt (Version 19.02.13, Professional)
 Portions Copyright (c) 1997-2019 by Todd A. Keith
 AIMInt is a component of the AIMAll package ( http://aim.tkgristmill.com )

 TP:  64-bit Linux

 Licensed To:  Research Group of Fernando Cortes Guzman, UNAM, fercor@unam.mx

 AIMInt is a heavily modified and extended version of the PROAIMV program
 developed by members of R.F.W. Bader's research group

 Much of the Quantum Theory of Atoms in Molecules (QTAIM) is described in the book:
   "Atoms in Molecules - A Quantum Theory"
   R.F.W. Bader, Oxford University Press, Oxford, 1990

 For additional references see:  http://aim.tkgristmill.com/references.html

 Current Directory:  /home/scratch/M_H2O_4_cuadrado_plano/Opt

 Inp File:  Ti3_cuadrado_plano_cc-pvtz-def2-tzv_1_atomicfiles/ti1.inp
 Wfx File:  Ti3_cuadrado_plano_cc-pvtz-def2-tzv_1.wfx
 Out File:  Ti3_cuadrado_plano_cc-pvtz-def2-tzv_1_atomicfiles/ti1.int

 Wfx Title:   Ti3_cuadrado_plano_cc-pvtz-def2-tzv_1                                         
 Job Title:   Ti3_cuadrado_plano_cc-pvtz-def2-tzv_1                                         
 
<Atom>
Ti1     
</Atom>
<Nuclei of Molecule>
    13
Ti1       22.0          -1.0356641266E-05   1.3023848583E-05  -8.0073487347E-05
O2         8.0           3.7390992330E+00  -1.3806523120E-01  -5.8436123125E-05
H3         1.0           4.8384375333E+00  -1.2346614081E+00  -1.0588699286E+00
O4         8.0           1.3806323079E-01   3.7391194010E+00  -7.2703555428E-05
H5         1.0          -8.9793453013E-01   4.9159007607E+00   1.0358595534E+00
O6         8.0          -3.7391199463E+00   1.3808166019E-01  -5.8436123125E-05
H7         1.0          -4.9152102842E+00  -8.7392689527E-01   1.0604516934E+00
O8         8.0          -1.3808364170E-01  -3.7390997783E+00  -7.2703555428E-05
H9         1.0           8.9863531519E-01  -4.9163037360E+00   1.0347785166E+00
H10        1.0          -4.8374906488E+00   1.2340724654E+00  -1.0605262546E+00
H11        1.0           1.2595107474E+00   4.8361861143E+00  -1.0344803672E+00
H12        1.0          -1.2594707810E+00  -4.8364087544E+00  -1.0344811609E+00
H13        1.0           4.9140794878E+00   8.7456651579E-01   1.0611277996E+00
</Nuclei of Molecule>
<Total Number of CPs of DelSqRho>
   105
</Total Number of CPs of DelSqRho>
<Number of (3,+3) CPs of DelSqRho>
    13
</Number of (3,+3) CPs of DelSqRho>
<Number of (3,+1) CPs of DelSqRho>
    36
</Number of (3,+1) CPs of DelSqRho>
<Number of (3,-1) CPs of DelSqRho>
    40
</Number of (3,-1) CPs of DelSqRho>
<Number of (3,-3) CPs of DelSqRho>
    16
</Number of (3,-3) CPs of DelSqRho>
<Number of Degenerate CPs of DelSqRho>
     0
</Number of Degenerate CPs of DelSqRho>
<CP of DelSqRho>
CP# = 1       
Type = (3,+3)
Coords = -1.03566412737182E-05  1.30238486000016E-05 -8.00734873628826E-05
DistFromNuc =  2.4610563647E-14
Rho =  7.0808501251E+03
DelSqRho = -3.1049942932E+09
GradDelSqRho =  1.8635637502E-05  1.1770247966E-05  9.8481996247E-07
HessDelSqRho_EigVals =  2.2190411658E+16  2.2190411658E+16  2.2190411704E+16
HessDelSqRho_EigVec1 =  9.9927221150E-01 -3.8144857642E-02 -1.3099377100E-04
HessDelSqRho_EigVec2 =  3.8144844215E-02  9.9927221524E-01 -1.0351663496E-04
HessDelSqRho_EigVec3 =  1.3484706303E-04  9.8444559761E-05  9.9999998606E-01
</CP of DelSqRho>
<CP of DelSqRho>
CP# = 2       
Type = (3,-1)
Coords =  1.05014082256043E-01  9.55818645807385E-02 -1.26659283663923E-01
DistFromNuc =  1.9022574099E-01
Rho =  5.8447572296E+01
DelSqRho = -2.7182282107E+03
GradDelSqRho =  2.0008883439E-11 -7.2759576142E-12 -2.5465851650E-11
HessDelSqRho_EigVals = -8.9403244311E+03 -8.4866540600E+02  3.6053023628E+06
HessDelSqRho_EigVec1 =  4.9372333000E-01  4.4455107639E-01  7.4740324718E-01
HessDelSqRho_EigVec2 = -6.7130851900E-01  7.4117343225E-01  2.6106795366E-03
HessDelSqRho_EigVec3 = -5.5279484958E-01 -5.0302712036E-01  6.6436553979E-01
</CP of DelSqRho>
<CP of DelSqRho>
CP# = 3       
Type = (3,-1)
Coords = -9.77948973346581E-02  1.02999912095885E-01 -1.26641200371878E-01
DistFromNuc =  1.9022574586E-01
Rho =  5.8447560784E+01
DelSqRho = -2.7182215521E+03
GradDelSqRho = -2.1827872843E-11  0.0000000000E+00 -5.2750692703E-11
HessDelSqRho_EigVals = -8.9409715991E+03 -8.5078497423E+02  3.6053002925E+06
HessDelSqRho_EigVec1 = -4.5987722260E-01  4.7934813753E-01  7.4748799534E-01
HessDelSqRho_EigVec2 =  7.2360858381E-01  6.9020576947E-01  2.5716207843E-03
HessDelSqRho_EigVec3 =  5.1468782536E-01 -5.4207135955E-01  6.6427033923E-01
</CP of DelSqRho>
<CP of DelSqRho>
CP# = 4       
Type = (3,-1)
Coords =  9.78045315533693E-02 -1.02936240114871E-01 -1.26648316650321E-01
DistFromNuc =  1.9022571719E-01
Rho =  5.8447604317E+01
DelSqRho = -2.7182311564E+03
GradDelSqRho =  1.6370904632E-11  0.0000000000E+00 -2.8194335755E-11
HessDelSqRho_EigVals = -8.9407161083E+03 -8.4863646561E+02  3.6053055666E+06
HessDelSqRho_EigVec1 = -4.6036197786E-01  4.7893633595E-01 -7.4745356742E-01
HessDelSqRho_EigVec2 =  7.2318635526E-01  6.9064694999E-01 -2.8785483235E-03
HessDelSqRho_EigVec3 = -5.1484788521E-01  5.4187339535E-01  6.6430781909E-01
</CP of DelSqRho>
<CP of DelSqRho>
CP# = 5       
Type = (3,-1)
Coords = -1.05018460226638E-01 -9.56034209826293E-02 -1.26636825129364E-01
DistFromNuc =  1.9022570207E-01
Rho =  5.8447633547E+01
DelSqRho = -2.7182390959E+03
GradDelSqRho =  3.8198777474E-11  2.1827872843E-11  2.9103830457E-11
HessDelSqRho_EigVals = -8.9395983336E+03 -8.4780384556E+02  3.6053091807E+06
HessDelSqRho_EigVec1 =  4.9351152459E-01  4.4460987570E-01 -7.4750814947E-01
HessDelSqRho_EigVec2 = -6.7153507924E-01  7.4096808430E-01 -2.6335136532E-03
HessDelSqRho_EigVec3 =  5.5270879534E-01  5.0327761373E-01  6.6424741707E-01
</CP of DelSqRho>
<CP of DelSqRho>
CP# = 6       
Type = (3,-1)
Coords =  1.05274202396305E-01  9.53312103300893E-02  1.26472011883234E-01
DistFromNuc =  1.9022572212E-01
Rho =  5.8447608651E+01
DelSqRho = -2.7182282162E+03
GradDelSqRho =  3.0922819860E-11  2.1827872843E-11  5.4569682106E-11
HessDelSqRho_EigVals = -8.9407629156E+03 -8.5117358321E+02  3.6053050247E+06
HessDelSqRho_EigVec1 =  4.9495663309E-01  4.4296519180E-01 -7.4752910995E-01
HessDelSqRho_EigVec2 = -6.6926853139E-01  7.4301515539E-01 -2.8481139775E-03
HessDelSqRho_EigVec3 =  5.5416384243E-01  5.0170740249E-01  6.6422294302E-01
</CP of DelSqRho>
<CP of DelSqRho>
CP# = 7       
Type = (3,-1)
Coords = -9.77906537851140E-02  1.02993302393635E-01  1.26489650306581E-01
DistFromNuc =  1.9022570610E-01
Rho =  5.8447626060E+01
DelSqRho = -2.7182376984E+03
GradDelSqRho = -2.0918378141E-11  0.0000000000E+00 -2.7284841053E-12
HessDelSqRho_EigVals = -8.9389008096E+03 -8.4824028481E+02  3.6053079803E+06
HessDelSqRho_EigVec1 = -4.6026951562E-01  4.7903641454E-01 -7.4744637703E-01
HessDelSqRho_EigVec2 =  7.2337529884E-01  6.9044879136E-01 -2.9399901287E-03
HessDelSqRho_EigVec3 = -5.1466508530E-01  5.4203743419E-01  6.6431564028E-01
</CP of DelSqRho>
<CP of DelSqRho>
CP# = 8       
Type = (3,-1)
Coords =  9.76640616401107E-02 -1.03070375157398E-01  1.26487435721709E-01
DistFromNuc =  1.9022569102E-01
Rho =  5.8447655376E+01
DelSqRho = -2.7182454910E+03
GradDelSqRho = -5.0931703299E-11  1.4551915228E-11 -2.1373125492E-11
HessDelSqRho_EigVals = -8.9386784494E+03 -8.4643784641E+02  3.6053114747E+06
HessDelSqRho_EigVec1 = -4.5944848599E-01  4.7980585821E-01  7.4745797684E-01
HessDelSqRho_EigVec2 =  7.2429286635E-01  6.8948749219E-01  2.6156961426E-03
HessDelSqRho_EigVec3 =  5.1410789963E-01 -5.4258025816E-01  6.6430394474E-01
</CP of DelSqRho>
<CP of DelSqRho>
CP# = 9       
Type = (3,-1)
Coords = -1.05234755923021E-01 -9.53349073665172E-02  1.26499679323321E-01
DistFromNuc =  1.9022575013E-01
Rho =  5.8447569262E+01
DelSqRho = -2.7182239840E+03
GradDelSqRho = -3.9108272176E-11  7.2759576142E-12  5.0931703299E-11
HessDelSqRho_EigVals = -8.9417631584E+03 -8.4970512016E+02  3.6053008442E+06
HessDelSqRho_EigVec1 =  4.9491985480E-01  4.4322463936E-01  7.4739966309E-01
HessDelSqRho_EigVec2 = -6.6955743876E-01  7.4275460650E-01  2.9035707103E-03
HessDelSqRho_EigVec3 = -5.5384760858E-01 -5.0186403894E-01  6.6436835633E-01
</CP of DelSqRho>
<CP of DelSqRho>
CP# = 10      
Type = (3,+3)
Coords =  1.89976111626916E-01 -7.10562535463153E-03 -9.12281632662378E-05
DistFromNuc =  1.9011978702E-01
Rho =  5.8579972776E+01
DelSqRho = -2.7572545273E+03
GradDelSqRho =  0.0000000000E+00  7.2759576142E-12  4.8849813084E-15
HessDelSqRho_EigVals =  1.5274298045E+03  8.8137764428E+03  3.6183477311E+06
HessDelSqRho_EigVec1 =  3.7443357186E-02  9.9929866789E-01 -4.0909565365E-04
HessDelSqRho_EigVec2 =  7.3965230753E-05  4.0661128171E-04  9.9999991460E-01
HessDelSqRho_EigVec3 =  9.9929874889E-01 -3.7443384247E-02 -5.8688465105E-05
</CP of DelSqRho>
<CP of DelSqRho>
CP# = 11      
Type = (3,+3)
Coords = -1.90001053243204E-01  7.01783489484807E-03 -7.53008049428057E-05
DistFromNuc =  1.9011978381E-01
Rho =  5.8579972574E+01
DelSqRho = -2.7572564304E+03
GradDelSqRho =  0.0000000000E+00  6.3664629124E-12  4.4408920985E-15
HessDelSqRho_EigVals =  1.5280227065E+03  8.8143654845E+03  3.6183483415E+06
HessDelSqRho_EigVec1 =  3.6844074276E-02  9.9932097365E-01  3.2528524600E-04
HessDelSqRho_EigVec2 =  1.3050690088E-05 -3.2598742334E-04  9.9999994678E-01
HessDelSqRho_EigVec3 =  9.9932102651E-01 -3.6844068070E-02 -2.5052533164E-05
</CP of DelSqRho>
<CP of DelSqRho>
CP# = 12      
Type = (3,+3)
Coords =  7.05838002883735E-03  1.90001066281009E-01 -7.40923973334068E-05
DistFromNuc =  1.9011949753E-01
Rho =  5.8580255932E+01
DelSqRho = -2.7572268948E+03
GradDelSqRho =  0.0000000000E+00  2.9103830457E-11 -5.3290705182E-15
HessDelSqRho_EigVals =  1.5253538059E+03  8.7663040553E+03  3.6183942149E+06
HessDelSqRho_EigVec1 =  9.9930856640E-01 -3.7180428635E-02  6.9615198915E-05
HessDelSqRho_EigVec2 = -7.0743123239E-05 -2.9020922963E-05  9.9999999708E-01
HessDelSqRho_EigVec3 =  3.7180426506E-02  9.9930856840E-01  3.1631116567E-05
</CP of DelSqRho>
<CP of DelSqRho>
CP# = 13      
Type = (3,+3)
Coords = -7.05177398120724E-03 -1.89976053472135E-01 -6.74406189594620E-05
DistFromNuc =  1.9011951825E-01
Rho =  5.8580232653E+01
DelSqRho = -2.7572171269E+03
GradDelSqRho =  1.8189894035E-12  2.9103830457E-11 -8.8817841970E-15
HessDelSqRho_EigVals =  1.5227158642E+03  8.7648913168E+03  3.6183901875E+06
HessDelSqRho_EigVec1 =  9.9931388722E-01 -3.7036607103E-02 -2.1106142819E-04
HessDelSqRho_EigVec2 =  2.1337895504E-04  5.8621190352E-05  9.9999997552E-01
HessDelSqRho_EigVec3 =  3.7036593824E-02  9.9931390779E-01 -6.6483802126E-05
</CP of DelSqRho>
<CP of DelSqRho>
CP# = 14      
Type = (3,+3)
Coords =  7.91625094354916E-06  2.22238300680260E-05  1.90313257010972E-01
DistFromNuc =  1.9039333160E-01
Rho =  5.8494029582E+01
DelSqRho = -2.7691518526E+03
GradDelSqRho = -8.8817841970E-15 -8.8817841970E-16  0.0000000000E+00
HessDelSqRho_EigVals =  1.0059451133E+04  1.0105336441E+04  3.5868819634E+06
HessDelSqRho_EigVec1 =  9.9503986564E-03  9.9995049234E-01 -4.9335735913E-05
HessDelSqRho_EigVec2 =  9.9995048893E-01 -9.9504033452E-03 -9.5723296240E-05
HessDelSqRho_EigVec3 =  9.6209467676E-05  4.8380808290E-05  9.9999999420E-01
</CP of DelSqRho>
<CP of DelSqRho>
CP# = 15      
Type = (3,+3)
Coords = -2.48234248575643E-05 -1.93463339039247E-06 -1.90473408406174E-01
DistFromNuc =  1.9039333606E-01
Rho =  5.8494011735E+01
DelSqRho = -2.7691508972E+03
GradDelSqRho =  0.0000000000E+00 -3.5527136788E-15  7.2759576142E-11
HessDelSqRho_EigVals =  1.0061103386E+04  1.0104634515E+04  3.5868808898E+06
HessDelSqRho_EigVec1 =  4.6293435871E-02  9.9892788079E-01 -8.2347831648E-05
HessDelSqRho_EigVec2 =  9.9892788129E-01 -4.6293441855E-02 -7.2302972102E-05
HessDelSqRho_EigVec3 =  7.6037619253E-05  7.8912391994E-05  9.9999999400E-01
</CP of DelSqRho>
<CP of DelSqRho>
CP# = 16      
Type = (3,+1)
Coords =  5.18140596906768E-03  1.39055763964875E-01  1.29644825344011E-01
DistFromNuc =  1.9023245610E-01
Rho =  5.8449837519E+01
DelSqRho = -2.7203939282E+03
GradDelSqRho = -3.6379788071E-12 -7.2759576142E-12  0.0000000000E+00
HessDelSqRho_EigVals = -9.3688929101E+03  8.3719474375E+02  3.6045641192E+06
HessDelSqRho_EigVec1 = -2.5380315021E-02 -6.8042218306E-01  7.3238070183E-01
HessDelSqRho_EigVec2 =  9.9930429770E-01 -3.7295043238E-02 -1.8729138755E-05
HessDelSqRho_EigVec3 =  2.7326913663E-02  7.3187070754E-01  6.8089537172E-01
</CP of DelSqRho>
<CP of DelSqRho>
CP# = 17      
Type = (3,+1)
Coords = -5.11557179271792E-03 -1.39026913895426E-01  1.29651278192350E-01
DistFromNuc =  1.9023246599E-01
Rho =  5.8449804421E+01
DelSqRho = -2.7203854788E+03
GradDelSqRho = -1.8189894035E-12  9.0949470177E-13  0.0000000000E+00
HessDelSqRho_EigVals = -9.3689328520E+03  8.3465547114E+02  3.6045618364E+06
HessDelSqRho_EigVec1 =  2.5256737528E-02  6.8046091387E-01  7.3234898915E-01
HessDelSqRho_EigVec2 =  9.9931978227E-01 -3.6877269587E-02 -1.9938155990E-04
HessDelSqRho_EigVec3 =  2.6871359746E-02  7.3185586811E-01 -6.8092945181E-01
</CP of DelSqRho>
<CP of DelSqRho>
CP# = 18      
Type = (3,+1)
Coords =  5.10771921112562E-03  1.39049800394690E-01 -1.29814365457848E-01
DistFromNuc =  1.9023250628E-01
Rho =  5.8449745783E+01
DelSqRho = -2.7203740330E+03
GradDelSqRho = -2.7284841053E-12 -7.2759576142E-12  0.0000000000E+00
HessDelSqRho_EigVals = -9.3713318516E+03  8.3478825998E+02  3.6045546300E+06
HessDelSqRho_EigVec1 =  2.5129232712E-02  6.8048087140E-01  7.3233483143E-01
HessDelSqRho_EigVec2 =  9.9932114121E-01 -3.6840919496E-02 -5.8214504521E-05
HessDelSqRho_EigVec3 =  2.6940274712E-02  7.3183914237E-01 -6.8094470501E-01
</CP of DelSqRho>
<CP of DelSqRho>
CP# = 19      
Type = (3,+1)
Coords = -5.11686090917433E-03 -1.39041735834771E-01 -1.29795487143823E-01
DistFromNuc =  1.9023246599E-01
Rho =  5.8449802270E+01
DelSqRho = -2.7203821920E+03
GradDelSqRho =  9.0949470177E-13 -9.0949470177E-13  1.4551915228E-11
HessDelSqRho_EigVals = -9.3695141512E+03  8.3398599635E+02  3.6045607236E+06
HessDelSqRho_EigVec1 = -2.4881375547E-02 -6.8039087272E-01  7.3242690930E-01
HessDelSqRho_EigVec2 =  9.9932899080E-01 -3.6627343069E-02 -7.6772167076E-05
HessDelSqRho_EigVec3 =  2.6879086761E-02  7.3193353390E-01  6.8084566286E-01
</CP of DelSqRho>
<CP of DelSqRho>
CP# = 20      
Type = (3,+1)
Coords =  1.38995565925998E-01 -5.45569200036345E-03  1.29673131590846E-01
DistFromNuc =  1.9023261442E-01
Rho =  5.8449198167E+01
DelSqRho = -2.7201947820E+03
GradDelSqRho =  0.0000000000E+00  9.0949470177E-13 -1.4551915228E-11
HessDelSqRho_EigVals = -9.4163743956E+03  7.9461843110E+02  3.6045341786E+06
HessDelSqRho_EigVec1 = -6.8052606761E-01  2.6580864384E-02  7.3224157827E-01
HessDelSqRho_EigVec2 =  3.9180719817E-02  9.9923213088E-01  1.4072872627E-04
HessDelSqRho_EigVec3 =  7.3167557189E-01 -2.8785521683E-02  6.8104497006E-01
</CP of DelSqRho>
<CP of DelSqRho>
CP# = 21      
Type = (3,+1)
Coords = -1.39001232774590E-01  5.37996434319390E-03  1.29693533702167E-01
DistFromNuc =  1.9023263869E-01
Rho =  5.8449151411E+01
DelSqRho = -2.7201857954E+03
GradDelSqRho =  0.0000000000E+00  1.8189894035E-12  7.2759576142E-12
HessDelSqRho_EigVals = -9.4176207176E+03  7.9403103517E+02  3.6045298089E+06
HessDelSqRho_EigVec1 =  6.8065589725E-01 -2.5998456847E-02  7.3214180989E-01
HessDelSqRho_EigVec2 =  3.8391520613E-02  9.9926275222E-01 -2.0778128591E-04
HessDelSqRho_EigVec3 =  7.3159663797E-01 -2.8249464943E-02 -6.8115220549E-01
</CP of DelSqRho>
<CP of DelSqRho>
CP# = 22      
Type = (3,+1)
Coords =  1.38991569449086E-01 -5.07112978134857E-03 -1.29853209222867E-01
DistFromNuc =  1.9023262295E-01
Rho =  5.8449165159E+01
DelSqRho = -2.7201912844E+03
GradDelSqRho =  0.0000000000E+00 -5.4569682106E-12  0.0000000000E+00
HessDelSqRho_EigVals = -9.4166236792E+03  7.9530565737E+02  3.6045325758E+06
HessDelSqRho_EigVec1 =  6.8069616661E-01 -2.4854715753E-02  7.3214409229E-01
HessDelSqRho_EigVec2 =  3.6523038745E-02  9.9933281076E-01 -3.1359281139E-05
HessDelSqRho_EigVec3 =  7.3165483420E-01 -2.6761473192E-02 -6.8114978320E-01
</CP of DelSqRho>
<CP of DelSqRho>
CP# = 23      
Type = (3,+1)
Coords = -1.39034431803142E-01  4.89962550637797E-03 -1.29837066329026E-01
DistFromNuc =  1.9023261955E-01
Rho =  5.8449185938E+01
DelSqRho = -2.7201964852E+03
GradDelSqRho = -7.2759576142E-12 -2.7284841053E-12 -7.2759576142E-12
HessDelSqRho_EigVals = -9.4162748393E+03  7.9643340178E+02  3.6045336240E+06
HessDelSqRho_EigVec1 = -6.8063444157E-01  2.4208057146E-02  7.3222314012E-01
HessDelSqRho_EigVec2 =  3.5320922891E-02  9.9937599988E-01 -2.0801676331E-04
HessDelSqRho_EigVec3 =  7.3177126847E-01 -2.5721213698E-02  6.8106477651E-01
</CP of DelSqRho>
<CP of DelSqRho>
CP# = 24      
Type = (3,+1)
Coords = -1.29296956557114E-01  1.39402697048556E-01 -6.34131356103576E-05
DistFromNuc =  1.9011708548E-01
Rho =  5.8565381818E+01
DelSqRho = -2.7503398493E+03
GradDelSqRho = -2.9103830457E-11  0.0000000000E+00  2.6645352591E-15
HessDelSqRho_EigVals = -1.5270310421E+03  8.0266559986E+03  3.6185572401E+06
HessDelSqRho_EigVec1 =  7.3317906305E-01  6.8003561363E-01 -1.6032826799E-04
HessDelSqRho_EigVec2 =  1.7725008470E-04  4.4662681898E-05  9.9999998329E-01
HessDelSqRho_EigVec3 = -6.8003560943E-01  7.3317907922E-01  8.7790626845E-05
</CP of DelSqRho>
<CP of DelSqRho>
CP# = 25      
Type = (3,+1)
Coords =  1.29232511196003E-01 -1.39417156160189E-01 -7.05123912791907E-05
DistFromNuc =  1.9011705362E-01
Rho =  5.8565428709E+01
DelSqRho = -2.7503501861E+03
GradDelSqRho =  5.8207660913E-11 -3.6379788071E-12  2.6645352591E-15
HessDelSqRho_EigVals = -1.5246887315E+03  8.0267766153E+03  3.6185631633E+06
HessDelSqRho_EigVec1 =  7.3339208073E-01  6.7980588769E-01  1.0483493698E-04
HessDelSqRho_EigVec2 = -1.1113849726E-04 -3.4313975405E-05  9.9999999324E-01
HessDelSqRho_EigVec3 = -6.7980588669E-01  7.3339208742E-01 -5.0387006969E-05
</CP of DelSqRho>
<CP of DelSqRho>
CP# = 26      
Type = (3,+1)
Coords = -1.39231529020879E-01 -1.29455009414012E-01 -7.53231876474264E-05
DistFromNuc =  1.9011708629E-01
Rho =  5.8565402661E+01
DelSqRho = -2.7503471035E+03
GradDelSqRho =  0.0000000000E+00 -1.6370904632E-11  1.7763568394E-15
HessDelSqRho_EigVals = -1.5252354658E+03  8.0276411015E+03  3.6185583157E+06
HessDelSqRho_EigVec1 = -6.8099190960E-01  7.3229090031E-01 -2.3745377259E-04
HessDelSqRho_EigVec2 = -1.4353307666E-04  1.9078333733E-04  9.9999997150E-01
HessDelSqRho_EigVec3 =  7.3229092474E-01  6.8099192428E-01 -2.4813943278E-05
</CP of DelSqRho>
<CP of DelSqRho>
CP# = 27      
Type = (3,+1)
Coords =  1.44892811450805E-05  2.87203415010901E-05  3.43476915118945E-01
DistFromNuc =  3.4355698986E-01
Rho =  1.3331885053E+01
DelSqRho =  6.8594457435E+02
GradDelSqRho = -7.5980888248E-16 -8.0491169285E-16 -5.0590642786E-12
HessDelSqRho_EigVals = -1.5079023971E+05  3.2928098135E+03  3.3046933397E+03
HessDelSqRho_EigVec1 =  7.1881634966E-05  4.5716424658E-05  9.9999999637E-01
HessDelSqRho_EigVec2 =  2.8673549889E-02  9.9958882810E-01 -4.7758729168E-05
HessDelSqRho_EigVec3 =  9.9958882665E-01 -2.8673553218E-02 -7.0541227074E-05
</CP of DelSqRho>
<CP of DelSqRho>
CP# = 28      
Type = (3,+1)
Coords = -3.48141758701239E-05 -3.13913805542116E-06 -3.43637070254972E-01
DistFromNuc =  3.4355699802E-01
Rho =  1.3331883032E+01
DelSqRho =  6.8594426128E+02
GradDelSqRho = -3.3429509161E-13  3.1105673592E-13  2.6147972676E-12
HessDelSqRho_EigVals = -1.5079015727E+05  3.2928591813E+03  3.3046850588E+03
HessDelSqRho_EigVec1 =  7.1101888990E-05  4.6578554928E-05  9.9999999639E-01
HessDelSqRho_EigVec2 =  3.0755563617E-02  9.9952693457E-01 -4.8743299070E-05
HessDelSqRho_EigVec3 =  9.9952693323E-01 -3.0755566972E-02 -6.9635703435E-05
</CP of DelSqRho>
<CP of DelSqRho>
CP# = 29      
Type = (3,+1)
Coords =  1.27221249883601E-02  3.42175442334022E-01 -9.01016505047516E-05
DistFromNuc =  3.4239923600E-01
Rho =  1.3251187432E+01
DelSqRho =  7.2098770730E+02
GradDelSqRho = -7.9580786405E-13 -9.0949470177E-12  1.3877787808E-15
HessDelSqRho_EigVals = -1.5578148563E+05  4.4927343987E+02  2.1262302423E+03
HessDelSqRho_EigVec1 =  3.7185887530E-02  9.9930836525E-01 -3.0323752365E-05
HessDelSqRho_EigVec2 =  9.9930763174E-01 -3.7185823423E-02  1.2131313251E-03
HessDelSqRho_EigVec3 = -1.2111646676E-03  7.5414122176E-05  9.9999926370E-01
</CP of DelSqRho>
<CP of DelSqRho>
CP# = 30      
Type = (3,+1)
Coords =  1.39274031059144E-01  1.29413071992199E-01 -9.77985079356608E-05
DistFromNuc =  1.9011710452E-01
Rho =  5.8565379536E+01
DelSqRho = -2.7503410037E+03
GradDelSqRho =  0.0000000000E+00  1.3642420527E-11 -2.6645352591E-15
HessDelSqRho_EigVals = -1.5266977267E+03  8.0272743779E+03  3.6185549601E+06
HessDelSqRho_EigVec1 = -6.8063451426E-01  7.3262308541E-01  2.6966727602E-04
HessDelSqRho_EigVec2 =  2.5181525891E-04 -1.3413870048E-04  9.9999995930E-01
HessDelSqRho_EigVec3 =  7.3262309176E-01  6.8063455446E-01 -9.3186242692E-05
</CP of DelSqRho>
<CP of DelSqRho>
CP# = 31      
Type = (3,+1)
Coords =  3.42153561273927E-01 -1.26859006695035E-02 -9.93820822087597E-05
DistFromNuc =  3.4239948858E-01
Rho =  1.3251460247E+01
DelSqRho =  7.2089723397E+02
GradDelSqRho =  2.2168933356E-12 -1.8474111130E-13  4.7184478547E-16
HessDelSqRho_EigVals = -1.5577658589E+05  4.5232503561E+02  2.1412947016E+03
HessDelSqRho_EigVec1 =  9.9931203191E-01 -3.7087190506E-02 -5.6376750980E-05
HessDelSqRho_EigVec2 =  3.7087076698E-02  9.9931107449E-01 -1.3874943407E-03
HessDelSqRho_EigVec3 =  1.0779617854E-04  1.3844489399E-03  9.9999903584E-01
</CP of DelSqRho>
<CP of DelSqRho>
CP# = 32      
Type = (3,+1)
Coords = -3.42174961552004E-01  1.26947508618119E-02 -6.17996046698891E-05
DistFromNuc =  3.4239953766E-01
Rho =  1.3251452607E+01
DelSqRho =  7.2089695955E+02
GradDelSqRho =  8.5265128291E-12 -3.5527136788E-14  1.1102230246E-15
HessDelSqRho_EigVals = -1.5577645999E+05  4.5233885197E+02  2.1413104519E+03
HessDelSqRho_EigVec1 =  9.9931383475E-01 -3.7038584924E-02 -5.3964202588E-05
HessDelSqRho_EigVec2 =  3.7038623424E-02  9.9931305725E-01  1.2465901069E-03
HessDelSqRho_EigVec3 =  7.7551987296E-06 -1.2477334999E-03  9.9999922155E-01
</CP of DelSqRho>
<CP of DelSqRho>
CP# = 33      
Type = (3,+1)
Coords = -1.27387279412285E-02 -3.42149328975545E-01 -6.59256824975476E-05
DistFromNuc =  3.4239901771E-01
Rho =  1.3251217759E+01
DelSqRho =  7.2098883374E+02
GradDelSqRho = -2.8421709430E-14 -5.4569682106E-12 -2.7755575616E-16
HessDelSqRho_EigVals = -1.5578199428E+05  4.4920416931E+02  2.1261928399E+03
HessDelSqRho_EigVec1 =  3.7174271984E-02  9.9930879704E-01 -4.0806196197E-05
HessDelSqRho_EigVec2 =  9.9930781351E-01 -3.7174292650E-02 -1.4020780775E-03
HessDelSqRho_EigVec3 =  1.4026258985E-03 -1.1343281097E-05  9.9999901626E-01
</CP of DelSqRho>
<CP of DelSqRho>
CP# = 34      
Type = (3,-1)
Coords =  2.50456655587288E-01  2.33334107820232E-01 -1.09980802255113E-04
DistFromNuc =  3.4230462067E-01
Rho =  1.3227304180E+01
DelSqRho =  7.2754818273E+02
GradDelSqRho =  0.0000000000E+00 -4.5474735089E-13  7.5547207379E-16
HessDelSqRho_EigVals = -1.5627367526E+05 -4.5108461948E+02  1.9095935888E+03
HessDelSqRho_EigVec1 =  7.3171033335E-01  6.8161571320E-01 -8.7085476225E-05
HessDelSqRho_EigVec2 = -6.8161534399E-01  7.3171005905E-01  9.5515533607E-04
HessDelSqRho_EigVec3 =  7.1477020456E-04 -6.3953823253E-04  9.9999954005E-01
</CP of DelSqRho>
<CP of DelSqRho>
CP# = 35      
Type = (3,-1)
Coords = -2.32474095381376E-01  2.51275864826893E-01 -7.35202561965450E-05
DistFromNuc =  3.4230455026E-01
Rho =  1.3227288050E+01
DelSqRho =  7.2755136692E+02
GradDelSqRho =  9.0949470177E-13  1.1368683772E-12  5.5511151231E-16
HessDelSqRho_EigVals = -1.5627403104E+05 -4.5119938560E+02  1.9093153613E+03
HessDelSqRho_EigVec1 = -6.7911613545E-01  7.3403084012E-01  1.8044878980E-05
HessDelSqRho_EigVec2 =  7.3403048028E-01  6.7911582647E-01 -9.7378726188E-04
HessDelSqRho_EigVec3 =  7.2704444484E-04  6.4806915086E-04  9.9999952571E-01
</CP of DelSqRho>
<CP of DelSqRho>
CP# = 36      
Type = (3,-1)
Coords =  2.32445684722325E-01 -2.51257165303015E-01 -8.38602049982679E-05
DistFromNuc =  3.4230471679E-01
Rho =  1.3227267086E+01
DelSqRho =  7.2755078687E+02
GradDelSqRho =  4.0927261580E-12 -2.5011104299E-12  1.1657341759E-15
HessDelSqRho_EigVals = -1.5627373190E+05 -4.5114317025E+02  1.9093125503E+03
HessDelSqRho_EigVec1 = -6.7909262694E-01  7.3405258932E-01  1.2192479144E-05
HessDelSqRho_EigVec2 =  7.3405230996E-01  6.7909235381E-01  8.8387837946E-04
HessDelSqRho_EigVec3 = -6.4053339373E-04 -6.0918520808E-04  9.9999960931E-01
</CP of DelSqRho>
<CP of DelSqRho>
CP# = 37      
Type = (3,-1)
Coords = -2.50465325504035E-01 -2.33321138537786E-01 -5.03573894928004E-05
DistFromNuc =  3.4230472338E-01
Rho =  1.3227290398E+01
DelSqRho =  7.2754777324E+02
GradDelSqRho =  1.8189894035E-12 -1.3642420527E-12  2.7755575616E-15
HessDelSqRho_EigVals = -1.5627347750E+05 -4.5104600932E+02  1.9096003423E+03
HessDelSqRho_EigVec1 =  7.3167393067E-01  6.8165478909E-01 -8.7732767394E-05
HessDelSqRho_EigVec2 = -6.8165455706E-01  7.3167356201E-01 -9.2924989402E-04
HessDelSqRho_EigVec3 = -5.6923589410E-04  7.3971136323E-04  9.9999956440E-01
</CP of DelSqRho>
<CP of DelSqRho>
CP# = 38      
Type = (3,-3)
Coords =  2.01611587860785E-01  1.83881770642519E-01  2.06423955520632E-01
DistFromNuc =  3.4220321236E-01
Rho =  1.3145351330E+01
DelSqRho =  7.4792767312E+02
GradDelSqRho =  1.0231815395E-12 -1.3642420527E-12  1.7053025658E-12
HessDelSqRho_EigVals = -1.5708195162E+05 -2.4304134232E+03 -2.8696669185E+02
HessDelSqRho_EigVec1 =  5.8992256805E-01  5.3798941525E-01  6.0212851850E-01
HessDelSqRho_EigVec2 = -4.4745031464E-01 -4.0293437428E-01  7.9839345310E-01
HessDelSqRho_EigVec3 = -6.7214550481E-01  7.4041291122E-01 -3.0234522912E-03
</CP of DelSqRho>
<CP of DelSqRho>
CP# = 39      
Type = (3,-3)
Coords = -1.86271406041186E-01  1.99407583314600E-01  2.06442911132621E-01
DistFromNuc =  3.4220331975E-01
Rho =  1.3145337291E+01
DelSqRho =  7.4792503248E+02
GradDelSqRho =  2.1600499167E-12 -2.5011104299E-12 -1.4779288904E-12
HessDelSqRho_EigVals = -1.5708177356E+05 -2.4299294637E+03 -2.8675565866E+02
HessDelSqRho_EigVec1 = -5.4499448800E-01  5.8339999121E-01  6.0218390738E-01
HessDelSqRho_EigVec2 = -4.1334395199E-01  4.3792508110E-01 -7.9835355620E-01
HessDelSqRho_EigVec3 =  7.2947089415E-01  6.8400736370E-01 -2.4781026008E-03
</CP of DelSqRho>
<CP of DelSqRho>
CP# = 40      
Type = (3,-3)
Coords =  1.86210930056043E-01 -1.99427315822893E-01  2.06434819712976E-01
DistFromNuc =  3.4220347430E-01
Rho =  1.3145315918E+01
DelSqRho =  7.4792451290E+02
GradDelSqRho = -1.7621459847E-12 -5.6843418861E-13 -1.4779288904E-12
HessDelSqRho_EigVals = -1.5708147242E+05 -2.4299164084E+03 -2.8672386101E+02
HessDelSqRho_EigVec1 =  5.4487680890E-01 -5.8353445376E-01  6.0216011525E-01
HessDelSqRho_EigVec2 = -4.1302471244E-01  4.3819227385E-01  7.9837216763E-01
HessDelSqRho_EigVec3 =  7.2973957686E-01  6.8372148746E-01  2.2533421022E-03
</CP of DelSqRho>
<CP of DelSqRho>
CP# = 41      
Type = (3,-3)
Coords = -2.01597061308983E-01 -1.83841734855242E-01  2.06470741036428E-01
DistFromNuc =  3.4220317178E-01
Rho =  1.3145349661E+01
DelSqRho =  7.4792703888E+02
GradDelSqRho =  2.2737367544E-12  2.2737367544E-12 -6.8212102633E-13
HessDelSqRho_EigVals = -1.5708197725E+05 -2.4304037902E+03 -2.8673972760E+02
HessDelSqRho_EigVec1 =  5.8981915364E-01  5.3794904839E-01 -6.0226587761E-01
HessDelSqRho_EigVec2 =  4.4755982419E-01  4.0301827897E-01  7.9828971595E-01
HessDelSqRho_EigVec3 = -6.7216335051E-01  7.4039657492E-01  3.0564813135E-03
</CP of DelSqRho>
<CP of DelSqRho>
CP# = 42      
Type = (3,-3)
Coords =  2.00488897861873E-01  1.85056716857887E-01 -2.06627729965691E-01
DistFromNuc =  3.4220323461E-01
Rho =  1.3145342879E+01
DelSqRho =  7.4792609406E+02
GradDelSqRho =  1.0231815395E-12 -5.6843418861E-12  6.0254023992E-12
HessDelSqRho_EigVals = -1.5708188785E+05 -2.4302052188E+03 -2.8670457300E+02
HessDelSqRho_EigVec1 =  5.8665280698E-01  5.4141105914E-01 -6.0225621549E-01
HessDelSqRho_EigVec2 =  4.4459080062E-01  4.0627227961E-01  7.9829935164E-01
HessDelSqRho_EigVec3 = -6.7688810306E-01  7.3608212848E-01  2.3656030162E-03
</CP of DelSqRho>
<CP of DelSqRho>
CP# = 43      
Type = (3,-3)
Coords = -1.87396316676218E-01  1.98357376664989E-01 -2.06596311601644E-01
DistFromNuc =  3.4220306386E-01
Rho =  1.3145365132E+01
DelSqRho =  7.4792669777E+02
GradDelSqRho = -4.1495695768E-12  2.5011104299E-12 -3.8653524825E-12
HessDelSqRho_EigVals = -1.5708220930E+05 -2.4301437767E+03 -2.8682656581E+02
HessDelSqRho_EigVec1 =  5.4826808876E-01 -5.8034461121E-01  6.0216462457E-01
HessDelSqRho_EigVec2 = -4.1617852776E-01  4.3520819426E-01  7.9836662047E-01
HessDelSqRho_EigVec3 =  7.2539474487E-01  6.8832692806E-01  2.9162010094E-03
</CP of DelSqRho>
<CP of DelSqRho>
CP# = 44      
Type = (3,-3)
Coords =  1.87400410259668E-01 -1.98298710798347E-01 -2.06605363390757E-01
DistFromNuc =  3.4220320720E-01
Rho =  1.3145348509E+01
DelSqRho =  7.4792616663E+02
GradDelSqRho =  3.6379788071E-12 -2.2737367544E-12 -4.0927261580E-12
HessDelSqRho_EigVals = -1.5708196716E+05 -2.4301472647E+03 -2.8676363452E+02
HessDelSqRho_EigVec1 = -5.4834056905E-01  5.8024872341E-01  6.0219103224E-01
HessDelSqRho_EigVec2 = -4.1646233075E-01  4.3497472336E-01 -7.9834586308E-01
HessDelSqRho_EigVec3 =  7.2517704556E-01  6.8855530571E-01 -3.1374484302E-03
</CP of DelSqRho>
<CP of DelSqRho>
CP# = 45      
Type = (3,-3)
Coords = -2.00526226926181E-01 -1.85064094627724E-01 -2.06581920582274E-01
DistFromNuc =  3.4220339986E-01
Rho =  1.3145327907E+01
DelSqRho =  7.4792625199E+02
GradDelSqRho =  6.8212102633E-13  1.3642420527E-12  2.8421709430E-12
HessDelSqRho_EigVals = -1.5708162686E+05 -2.4302238484E+03 -2.8686873736E+02
HessDelSqRho_EigVec1 =  5.8670030422E-01  5.4150890366E-01  6.0212196463E-01
HessDelSqRho_EigVec2 = -4.4444567852E-01 -4.0623189309E-01  7.9840070634E-01
HessDelSqRho_EigVec3 = -6.7694223673E-01  7.3603244242E-01 -2.3349168476E-03
</CP of DelSqRho>
<CP of DelSqRho>
CP# = 46      
Type = (3,-1)
Coords =  1.06877658437623E-02  2.67111485618870E-01  2.13656753458956E-01
DistFromNuc =  3.4225643792E-01
Rho =  1.3153949196E+01
DelSqRho =  7.4529814873E+02
GradDelSqRho =  5.5422333389E-13  5.9117155615E-12 -1.8189894035E-12
HessDelSqRho_EigVals = -1.5682707492E+05 -2.5966186451E+03  2.7894027636E+02
HessDelSqRho_EigVec1 =  3.1311904157E-02  7.8147165458E-01  6.2315456971E-01
HessDelSqRho_EigVec2 = -2.4635315157E-02 -6.2266747070E-01  7.8209866524E-01
HessDelSqRho_EigVec3 =  9.9920601775E-01 -3.9840607664E-02 -2.4510366705E-04
</CP of DelSqRho>
<CP of DelSqRho>
CP# = 47      
Type = (3,-1)
Coords = -1.07109264731914E-02 -2.67066911030142E-01  2.13679517367704E-01
DistFromNuc =  3.4225627312E-01
Rho =  1.3153952611E+01
DelSqRho =  7.4530051863E+02
GradDelSqRho =  1.4210854715E-14  1.3642420527E-12 -5.9117155615E-12
HessDelSqRho_EigVals = -1.5682751692E+05 -2.5966703497E+03  2.7873877210E+02
HessDelSqRho_EigVec1 =  3.1320076455E-02  7.8141847731E-01 -6.2322084057E-01
HessDelSqRho_EigVec2 =  2.4805755370E-02  6.2272699080E-01  7.8204588704E-01
HessDelSqRho_EigVec3 =  9.9920154489E-01 -3.9953200686E-02  1.2018137218E-04
</CP of DelSqRho>
<CP of DelSqRho>
CP# = 48      
Type = (3,-1)
Coords =  9.10661460794843E-03  2.67151173068865E-01 -2.13840065607847E-01
DistFromNuc =  3.4225610903E-01
Rho =  1.3153971679E+01
DelSqRho =  7.4530117513E+02
GradDelSqRho = -4.2632564146E-13 -3.6379788071E-12  2.7284841053E-12
HessDelSqRho_EigVals = -1.5682779590E+05 -2.5967501615E+03  2.7874352857E+02
HessDelSqRho_EigVec1 =  2.6662467697E-02  7.8158962233E-01 -6.2322289357E-01
HessDelSqRho_EigVec2 =  2.1634906986E-02  6.2284733095E-01  7.8204420152E-01
HessDelSqRho_EigVec3 =  9.9941034796E-01 -3.4334597595E-02 -3.0297193941E-04
</CP of DelSqRho>
<CP of DelSqRho>
CP# = 49      
Type = (3,-1)
Coords = -9.11402552334052E-03 -2.67145967688386E-01 -2.13814671616367E-01
DistFromNuc =  3.4225616427E-01
Rho =  1.3153984461E+01
DelSqRho =  7.4529946741E+02
GradDelSqRho =  1.2789769244E-13  3.1832314562E-12  0.0000000000E+00
HessDelSqRho_EigVals = -1.5682767918E+05 -2.5966367887E+03  2.7884764511E+02
HessDelSqRho_EigVec1 =  2.6623327256E-02  7.8165092831E-01  6.2314767489E-01
HessDelSqRho_EigVec2 = -2.1444910649E-02 -6.2277859119E-01  7.8210417603E-01
HessDelSqRho_EigVec3 =  9.9941548630E-01 -3.4185561636E-02  1.8199607541E-04
</CP of DelSqRho>
<CP of DelSqRho>
CP# = 50      
Type = (3,-1)
Coords =  2.66906930666769E-01 -1.07735417640776E-02  2.13874832246988E-01
DistFromNuc =  3.4225413065E-01
Rho =  1.3153444468E+01
DelSqRho =  7.4543217791E+02
GradDelSqRho = -2.5579538487E-12 -1.7585932710E-13 -2.2737367544E-13
HessDelSqRho_EigVals = -1.5683714660E+05 -2.6115519747E+03  2.7104222636E+02
HessDelSqRho_EigVec1 =  7.8095148974E-01 -3.1569536683E-02  6.2379334320E-01
HessDelSqRho_EigVec2 = -6.2329652024E-01  2.4892553094E-02  7.8158928387E-01
HessDelSqRho_EigVec3 =  4.0202220484E-02  9.9919153577E-01  2.3730593853E-04
</CP of DelSqRho>
<CP of DelSqRho>
CP# = 51      
Type = (3,-1)
Coords = -2.66900428837715E-01  1.07653867430007E-02  2.13910279334857E-01
DistFromNuc =  3.4225399201E-01
Rho =  1.3153443969E+01
DelSqRho =  7.4543448080E+02
GradDelSqRho =  4.9453774409E-12 -1.5454304503E-13 -3.9790393203E-13
HessDelSqRho_EigVals = -1.5683750161E+05 -2.6116586717E+03  2.7087773155E+02
HessDelSqRho_EigVec1 =  7.8087214955E-01 -3.1470168633E-02 -6.2389767954E-01
HessDelSqRho_EigVec2 =  6.2340781451E-01 -2.4720651639E-02  7.8150597322E-01
HessDelSqRho_EigVec3 =  4.0017281959E-02  9.9919893808E-01 -3.1508066578E-04
</CP of DelSqRho>
<CP of DelSqRho>
CP# = 52      
Type = (3,-1)
Coords =  2.66941676153699E-01 -9.08824155374365E-03 -2.14069892389837E-01
DistFromNuc =  3.4225409192E-01
Rho =  1.3153429382E+01
DelSqRho =  7.4543405689E+02
GradDelSqRho =  2.0463630790E-12 -1.6520118606E-13 -5.7980287238E-12
HessDelSqRho_EigVals = -1.5683729404E+05 -2.6116296300E+03  2.7090170863E+02
HessDelSqRho_EigVec1 =  7.8105417664E-01 -2.6617425483E-02 -6.2389573312E-01
HessDelSqRho_EigVec2 =  6.2352624331E-01 -2.1469498376E-02  7.8150757165E-01
HessDelSqRho_EigVec3 =  3.4196447981E-02  9.9941511561E-01  1.7217805923E-04
</CP of DelSqRho>
<CP of DelSqRho>
CP# = 53      
Type = (3,-1)
Coords = -2.66990440350029E-01  9.10983509177364E-03 -2.14035254273945E-01
DistFromNuc =  3.4225419860E-01
Rho =  1.3153432571E+01
DelSqRho =  7.4543183678E+02
GradDelSqRho = -7.0485839387E-12  3.1974423109E-14 -3.0127011996E-12
HessDelSqRho_EigVals = -1.5683696222E+05 -2.6115534921E+03  2.7108012222E+02
HessDelSqRho_EigVec1 =  7.8113552651E-01 -2.6606034021E-02  6.2379436370E-01
HessDelSqRho_EigVec2 = -6.2342154403E-01  2.1565097522E-02  7.8158846269E-01
HessDelSqRho_EigVec3 =  3.4247155515E-02  9.9941336069E-01 -2.5848899732E-04
</CP of DelSqRho>
<CP of DelSqRho>
CP# = 54      
Type = (3,+3)
Coords =  7.63366052219770E-01 -2.82894823363887E-02 -1.20166393948977E-04
DistFromNuc =  7.6390089349E-01
Rho =  1.4014787080E+00
DelSqRho = -1.2263685025E+01
GradDelSqRho =  6.7817973459E-13 -2.3181456754E-13  1.9498291870E-15
HessDelSqRho_EigVals =  2.1378823526E+01  1.0411257425E+02  1.3182294700E+03
HessDelSqRho_EigVec1 =  3.7043014035E-02  9.9922445872E-01 -1.3352760623E-02
HessDelSqRho_EigVec2 =  5.4812617600E-04  1.3341612903E-02  9.9991084649E-01
HessDelSqRho_EigVec3 =  9.9931352171E-01 -3.7047030518E-02 -5.3487527489E-05
</CP of DelSqRho>
<CP of DelSqRho>
CP# = 55      
Type = (3,+3)
Coords = -7.63384086324211E-01  2.84024722466870E-02 -2.75609576975449E-05
DistFromNuc =  7.6390144306E-01
Rho =  1.4014748910E+00
DelSqRho = -1.2263528813E+01
GradDelSqRho = -7.0726757784E-13  2.5957014316E-13  2.2343238371E-15
HessDelSqRho_EigVals =  2.1375622924E+01  1.0411060472E+02  1.3182189382E+03
HessDelSqRho_EigVec1 =  3.7160392657E-02  9.9922203990E-01  1.3206823978E-02
HessDelSqRho_EigVec2 = -4.2232367404E-04 -1.3200247681E-02  9.9991278375E-01
HessDelSqRho_EigVec3 =  9.9930922484E-01 -3.7162729221E-02 -6.8531263910E-05
</CP of DelSqRho>
<CP of DelSqRho>
CP# = 56      
Type = (3,+3)
Coords =  2.84086091551453E-02  7.63460871684684E-01 -1.15535127897808E-04
DistFromNuc =  7.6397660647E-01
Rho =  1.4007889517E+00
DelSqRho = -1.2239573215E+01
GradDelSqRho =  2.3514523662E-13  4.2454928462E-13  2.0539125956E-15
HessDelSqRho_EigVals =  2.1219668954E+01  1.0336585779E+02  1.3168929404E+03
HessDelSqRho_EigVec1 =  9.9921927069E-01 -3.7192504705E-02  1.3325414585E-02
HessDelSqRho_EigVec2 = -1.3314388582E-02  5.4413635822E-04  9.9991121154E-01
HessDelSqRho_EigVec3 =  3.7196453283E-02  9.9930797130E-01 -4.8516075041E-05
</CP of DelSqRho>
<CP of DelSqRho>
CP# = 57      
Type = (3,+3)
Coords = -2.84383990758479E-02 -7.63432244163102E-01 -5.49995399012364E-05
DistFromNuc =  7.6397436572E-01
Rho =  1.4008095935E+00
DelSqRho = -1.2240174252E+01
GradDelSqRho = -2.2981616610E-13 -3.9968028887E-13  2.1163626407E-15
HessDelSqRho_EigVals =  2.1229922803E+01  1.0337128786E+02  1.3169353841E+03
HessDelSqRho_EigVec1 =  9.9921611855E-01 -3.7206537104E-02 -1.3521169699E-02
HessDelSqRho_EigVec2 =  1.3512971288E-02 -4.7182383995E-04  9.9990858432E-01
HessDelSqRho_EigVec3 =  3.7209515453E-02  9.9930748570E-01 -3.1316881622E-05
</CP of DelSqRho>
<CP of DelSqRho>
CP# = 58      
Type = (3,+3)
Coords =  3.87701762102199E-05  4.84703668601166E-05  7.53329641779427E-01
DistFromNuc =  7.5340971770E-01
Rho =  1.5732791531E+00
DelSqRho = -1.6332606633E+01
GradDelSqRho =  1.8306970523E-14  1.4408613191E-14 -6.6826544298E-12
HessDelSqRho_EigVals =  1.4178943096E+02  1.4232914690E+02  1.4787625647E+03
HessDelSqRho_EigVec1 =  3.5702948900E-02  9.9936244527E-01 -4.9276548063E-05
HessDelSqRho_EigVec2 =  9.9936244437E-01 -3.5702951989E-02 -6.3312600198E-05
HessDelSqRho_EigVec3 =  6.5031553180E-05  4.6984684993E-05  9.9999999678E-01
</CP of DelSqRho>
<CP of DelSqRho>
CP# = 59      
Type = (3,+3)
Coords = -6.32011871155429E-05 -1.64829636097642E-05 -7.53489546991921E-01
DistFromNuc =  7.5340947594E-01
Rho =  1.5732808979E+00
DelSqRho = -1.6332487384E+01
GradDelSqRho = -1.9731178497E-14 -1.1739741124E-14  6.4019900492E-12
HessDelSqRho_EigVals =  1.4178167742E+02  1.4233039482E+02  1.4787641235E+03
HessDelSqRho_EigVec1 =  2.3332799386E-02  9.9972775233E-01 -4.1095458636E-05
HessDelSqRho_EigVec2 =  9.9972775073E-01 -2.3332802186E-02 -6.9027566395E-05
HessDelSqRho_EigVec3 =  6.9967646008E-05  3.9473664069E-05  9.9999999677E-01
</CP of DelSqRho>
<CP of DelSqRho>
CP# = 60      
Type = (3,+1)
Coords =  4.36637804036680E-02  5.88206944838804E-01  5.24421875823268E-01
DistFromNuc =  7.8929196991E-01
Rho =  1.1944186038E+00
DelSqRho = -5.9023817453E+00
GradDelSqRho = -6.1617377867E-15 -3.1086244690E-14 -3.5527136788E-14
HessDelSqRho_EigVals = -9.7458931353E+01  1.0061666456E+01  9.3056887178E+02
HessDelSqRho_EigVec1 = -4.6269642072E-02 -6.6029274211E-01  7.4958162661E-01
HessDelSqRho_EigVec2 =  9.9743638696E-01 -7.1543996795E-02 -1.4527533381E-03
HessDelSqRho_EigVec3 =  5.4587307976E-02  7.4759277100E-01  6.6191032215E-01
</CP of DelSqRho>
<CP of DelSqRho>
CP# = 61      
Type = (3,+1)
Coords = -4.37705579643988E-02 -5.88119156560310E-01  5.24484231046180E-01
DistFromNuc =  7.8929216799E-01
Rho =  1.1944135358E+00
DelSqRho = -5.9023637411E+00
GradDelSqRho =  1.6653345369E-15  1.0658141036E-14 -3.5527136788E-15
HessDelSqRho_EigVals = -9.7460765988E+01  1.0062786973E+01  9.3056774867E+02
HessDelSqRho_EigVec1 =  4.6502982303E-02  6.6035503689E-01  7.4951230669E-01
HessDelSqRho_EigVec2 =  9.9741943549E-01 -7.1781775005E-02  1.3588547061E-03
HessDelSqRho_EigVec3 =  5.4698650313E-02  7.4751495104E-01 -6.6198901473E-01
</CP of DelSqRho>
<CP of DelSqRho>
CP# = 62      
Type = (3,+1)
Coords = -2.89236568132038E-05  5.89780113188149E-01 -5.24630852071122E-01
DistFromNuc =  7.8929002231E-01
Rho =  1.1944330441E+00
DelSqRho = -5.9026535910E+00
GradDelSqRho = -5.6898930012E-16 -1.4210854715E-14 -1.2434497876E-14
HessDelSqRho_EigVals = -9.7455138957E+01  1.0057584749E+01  9.3059688841E+02
HessDelSqRho_EigVec1 =  2.8269766163E-03  6.6196850965E-01  7.4952631738E-01
HessDelSqRho_EigVec2 =  9.9999560527E-01 -2.5407875274E-03 -1.5276886658E-03
HessDelSqRho_EigVec3 =  8.9310532933E-04  7.4952734215E-01 -6.6197278322E-01
</CP of DelSqRho>
<CP of DelSqRho>
CP# = 63      
Type = (3,+1)
