 AIMInt (Version 14.11.23, Professional)
 Portions Copyright (c) 1997-2014 by Todd A. Keith
 AIMInt is a component of the AIMAll package ( http://aim.tkgristmill.com )

 AIMInt is a heavily modified and extended version of the PROAIMV program
 developed by members of R.F.W. Bader's research group

 Much of the Quantum Theory of Atoms in Molecules (QTAIM) is described in the book:
   "Atoms in Molecules - A Quantum Theory"
   R.F.W. Bader, Oxford University Press, Oxford, 1990

 For additional references see:  http://aim.tkgristmill.com/references.html

 Inp File:  E:\Proyecto spin\estructuras hexahidratadas\estructuras hexahidratadas solas\nuevas\Fe25_atomicfiles\fe1.inp
 Wfx File:  E:\Proyecto spin\estructuras hexahidratadas\estructuras hexahidratadas solas\nuevas\Fe25.wfx
 Out File:  E:\Proyecto spin\estructuras hexahidratadas\estructuras hexahidratadas solas\nuevas\Fe25_atomicfiles\fe1.int

 Wfx Title:   Fe[H2O]6 (2+)                                                                 
 Job Title:   Fe[H2O]6 (2+)                                                                 
 
<Atom>
Fe1     
</Atom>
<Nuclei of Molecule>
    19
Fe1       26.0          -2.2228517678E-05  -4.1649904590E-05  -1.7846457076E-05
O2         8.0          -5.2716282294E-02  -2.2203895103E-02  -4.0526425246E+00
O3         8.0           1.4466812968E-01   4.0469206893E+00  -1.3451258372E-01
O4         8.0          -4.0541269605E+00   4.9684677962E-02  -3.7373358904E-02
H5         1.0          -4.0378604486E-03   5.1941244015E+00   1.2725601661E+00
H6         1.0          -5.1227503921E+00   1.5157426223E+00   1.2740385075E-01
H7         1.0           1.3730779728E+00  -2.8195470145E-01  -5.1561394698E+00
H8         1.0          -1.5142853657E+00   2.3419002691E-01  -5.1095594896E+00
H9         1.0           4.1864794274E-01   5.0550199365E+00  -1.6272048625E+00
H10        1.0          -5.1455924241E+00  -1.3921947142E+00  -2.5732120894E-01
O11        8.0           5.2684786318E-02   2.2169831388E-02   4.0526166289E+00
O12        8.0          -1.4456690587E-01  -4.0470054477E+00   1.3451519906E-01
O13        8.0           4.0540909454E+00  -4.9780831505E-02   3.7373800453E-02
H14        1.0           4.1547054181E-03  -5.1942077262E+00  -1.2725571698E+00
H15        1.0           5.1227234020E+00  -1.5158462971E+00  -1.2727781813E-01
H16        1.0          -1.3731185119E+00   2.8185393843E-01   5.1561171225E+00
H17        1.0           1.5142628718E+00  -2.3418592964E-01   5.1095301458E+00
H18        1.0          -4.1863063350E-01  -5.0551054386E+00   1.6271919190E+00
H19        1.0           5.1455424590E+00   1.3921251068E+00   2.5721435182E-01
</Nuclei of Molecule>
<Total Number of CPs of DelSqRho>
    82
</Total Number of CPs of DelSqRho>
<Number of (3,+3) CPs of DelSqRho>
    11
</Number of (3,+3) CPs of DelSqRho>
<Number of (3,+1) CPs of DelSqRho>
    30
</Number of (3,+1) CPs of DelSqRho>
<Number of (3,-1) CPs of DelSqRho>
    29
</Number of (3,-1) CPs of DelSqRho>
<Number of (3,-3) CPs of DelSqRho>
    12
</Number of (3,-3) CPs of DelSqRho>
<Number of Degenerate CPs of DelSqRho>
     0
</Number of Degenerate CPs of DelSqRho>
<CP of DelSqRho>
CP# = 1       
Type = (3,+3)
Coords = -2.22285176970440E-05 -4.16499045880387E-05 -1.78464570756966E-05
DistFromNuc =  1.9168342510E-14
Rho =  1.1598814933E+04
DelSqRho = -1.7406531749E+09
GradDelSqRho = -4.2110862353E-08 -2.1626635958E-06 -7.1022032699E-07
HessDelSqRho_EigVals =  1.1345970735E+15  1.1345970748E+15  1.1345970748E+15
HessDelSqRho_EigVec1 = -5.6141180633E-01  6.0043218712E-01  5.6947166074E-01
HessDelSqRho_EigVec2 =  1.7409524224E-01  7.5844762403E-01 -6.2805099174E-01
HessDelSqRho_EigVec3 =  8.0901645864E-01  2.5345293502E-01  5.3033383768E-01
</CP of DelSqRho>
<CP of DelSqRho>
CP# = 2       
Type = (3,+1)
Coords = -7.53515588279642E-03  1.56037187015079E-01  8.32700771663801E-03
DistFromNuc =  1.5648221625E-01
Rho =  1.0694008827E+02
DelSqRho = -6.6630703859E+03
GradDelSqRho = -8.9130480774E-11  8.7311491370E-11  1.8189894035E-12
HessDelSqRho_EigVals = -4.8606574314E+04  7.7519965718E+03  1.2223201646E+07
HessDelSqRho_EigVec1 =  7.0353447359E-01  7.1343837477E-02 -7.0707093090E-01
HessDelSqRho_EigVec2 =  7.0905286199E-01 -3.5698370582E-03  7.0514629345E-01
HessDelSqRho_EigVec3 = -4.7783714546E-02  9.9744539355E-01  5.3098055584E-02
</CP of DelSqRho>
<CP of DelSqRho>
CP# = 3       
Type = (3,+1)
Coords =  7.48852573707711E-03 -1.56120434044327E-01 -8.36566021071328E-03
DistFromNuc =  1.5648221714E-01
Rho =  1.0694008692E+02
DelSqRho = -6.6630695786E+03
GradDelSqRho = -1.4188117348E-10  4.3655745685E-11 -9.0949470177E-12
HessDelSqRho_EigVals = -4.8606981136E+04  7.7519441039E+03  1.2223200847E+07
HessDelSqRho_EigVec1 =  7.0354718597E-01  7.1347353585E-02 -7.0705792708E-01
HessDelSqRho_EigVec2 =  7.0904118788E-01 -3.5943020222E-03  7.0515790776E-01
HessDelSqRho_EigVec3 = -4.7769770841E-02  9.9744505419E-01  5.3116973411E-02
</CP of DelSqRho>
<CP of DelSqRho>
CP# = 4       
Type = (3,+1)
Coords =  1.06402365909578E-01  1.14049682688980E-01 -1.23493296430711E-02
DistFromNuc =  1.5650907945E-01
Rho =  1.0699393345E+02
DelSqRho = -6.7621359578E+03
GradDelSqRho =  7.2759576142E-12  5.0931703299E-11  8.7311491370E-11
HessDelSqRho_EigVals = -6.1853731074E+02  4.4053298898E+04  1.2215468118E+07
HessDelSqRho_EigVec1 =  5.2185288901E-01 -4.0567252183E-01  7.5039947179E-01
HessDelSqRho_EigVec2 =  5.1505539524E-01 -5.5138599855E-01 -6.5627084381E-01
HessDelSqRho_EigVec3 =  6.7999081028E-01  7.2897413235E-01 -7.8798555231E-02
</CP of DelSqRho>
<CP of DelSqRho>
CP# = 5       
Type = (3,+1)
Coords = -1.06451209351009E-01 -1.14129647969689E-01  1.23066174881367E-02
DistFromNuc =  1.5650907857E-01
Rho =  1.0699393694E+02
DelSqRho = -6.7621374301E+03
GradDelSqRho = -1.0913936421E-10 -6.5483618528E-11  7.2759576142E-11
HessDelSqRho_EigVals = -6.1840766388E+02  4.4053843788E+04  1.2215469099E+07
HessDelSqRho_EigVec1 =  5.2181349733E-01 -4.0571326978E-01  7.5040483522E-01
HessDelSqRho_EigVec2 =  5.1505832973E-01 -5.5138414700E-01 -6.5627009639E-01
HessDelSqRho_EigVec3 =  6.8001881664E-01  7.2895285524E-01 -7.8753691037E-02
</CP of DelSqRho>
<CP of DelSqRho>
CP# = 6       
Type = (3,+3)
Coords = -8.81423322933275E-02  9.39123766822578E-02  8.90605156971774E-02
DistFromNuc =  1.5661247206E-01
Rho =  1.0720684428E+02
DelSqRho = -6.8682960094E+03
GradDelSqRho = -2.1827872843E-11  1.6007106751E-10  8.7311491370E-11
HessDelSqRho_EigVals =  6.0675961777E+04  6.1386959968E+04  1.2151186760E+07
HessDelSqRho_EigVec1 =  4.2485075821E-01  8.0005741413E-01 -4.2356813779E-01
HessDelSqRho_EigVec2 =  7.0916294722E-01 -3.3213783387E-03  7.0503679530E-01
HessDelSqRho_EigVec3 = -5.6266308527E-01  5.9991424600E-01  5.6878216386E-01
</CP of DelSqRho>
<CP of DelSqRho>
CP# = 7       
Type = (3,-3)
Coords = -1.89837112400208E-01 -7.08251959017058E-02  1.90363931652879E-01
DistFromNuc =  2.7800219777E-01
Rho =  2.5874109850E+01
DelSqRho =  2.0928337203E+03
GradDelSqRho =  8.1001871877E-12  4.3200998334E-12  9.5923269328E-12
HessDelSqRho_EigVals = -7.1370604680E+05 -1.3896553959E+04 -1.8981459004E+03
HessDelSqRho_EigVec1 =  6.8285802969E-01  2.5419144448E-01 -6.8490263603E-01
HessDelSqRho_EigVec2 = -1.7668036138E-01  9.6714641715E-01  1.8278910718E-01
HessDelSqRho_EigVec3 =  7.0886455772E-01 -3.8101643378E-03  7.0533433311E-01
</CP of DelSqRho>
<CP of DelSqRho>
CP# = 8       
Type = (3,-3)
Coords =  1.89792461948559E-01  7.07419461374263E-02 -1.90399802633486E-01
DistFromNuc =  2.7800220039E-01
Rho =  2.5874108912E+01
DelSqRho =  2.0928337197E+03
GradDelSqRho = -6.8212102633E-13  1.2505552149E-12 -6.6506800067E-12
HessDelSqRho_EigVals = -7.1370602677E+05 -1.3896544373E+04 -1.8981456067E+03
HessDelSqRho_EigVec1 =  6.8285728790E-01  2.5419167228E-01 -6.8490329106E-01
HessDelSqRho_EigVec2 = -1.7668119117E-01  9.6714636187E-01  1.8278859757E-01
HessDelSqRho_EigVec3 =  7.0886506547E-01 -3.8089966984E-03  7.0533382912E-01
</CP of DelSqRho>
<CP of DelSqRho>
CP# = 9       
Type = (3,+3)
Coords =  8.80980621096631E-02 -9.39952857308379E-02 -8.90964360352273E-02
DistFromNuc =  1.5661247213E-01
Rho =  1.0720684331E+02
DelSqRho = -6.8682955021E+03
GradDelSqRho = -2.1827872843E-10  2.1827872843E-11  6.5483618528E-11
HessDelSqRho_EigVals =  6.0675872833E+04  6.1386796231E+04  1.2151186559E+07
HessDelSqRho_EigVec1 =  4.2516006460E-01  8.0005777848E-01 -4.2325697934E-01
HessDelSqRho_EigVec2 =  7.0897659128E-01 -3.6724958307E-03  7.0522245128E-01
HessDelSqRho_EigVec3 = -5.6266429821E-01  5.9991171340E-01  5.6878363518E-01
</CP of DelSqRho>
<CP of DelSqRho>
CP# = 10      
Type = (3,+1)
Coords = -1.15880604149612E-02  1.30871538074219E-02  1.55482976878317E-01
DistFromNuc =  1.5648207569E-01
Rho =  1.0693979112E+02
DelSqRho = -6.6618748170E+03
GradDelSqRho = -2.9103830457E-11 -6.5483618528E-11 -1.4551915228E-10
HessDelSqRho_EigVals = -4.9301808668E+04  7.3827838014E+03  1.2223173854E+07
HessDelSqRho_EigVec1 = -6.8549970777E-01  7.1949839554E-01 -1.1141009587E-01
HessDelSqRho_EigVec2 =  7.2433353707E-01  6.8943614044E-01 -4.3284327314E-03
HessDelSqRho_EigVec3 = -7.3695846100E-02  8.3665208182E-02  9.9376509056E-01
</CP of DelSqRho>
<CP of DelSqRho>
CP# = 11      
Type = (3,+1)
Coords =  1.15432027650338E-02 -1.31704756943610E-02 -1.55518698075523E-01
DistFromNuc =  1.5648207604E-01
Rho =  1.0693978967E+02
DelSqRho = -6.6618742863E+03
GradDelSqRho = -8.7311491370E-11  5.0931703299E-11 -8.7311491370E-11
HessDelSqRho_EigVals = -4.9301739351E+04  7.3824791325E+03  1.2223173495E+07
HessDelSqRho_EigVec1 = -6.8550280156E-01  7.1949570490E-01 -1.1140843630E-01
HessDelSqRho_EigVec2 =  7.2433086817E-01  6.8943892937E-01 -4.3308292463E-03
HessDelSqRho_EigVec3 = -7.3693300006E-02  8.3665364970E-02  9.9376526617E-01
</CP of DelSqRho>
<CP of DelSqRho>
CP# = 12      
Type = (3,+1)
Coords = -1.20821970510484E-02 -1.14457181853070E-01  1.06089160719762E-01
DistFromNuc =  1.5650895746E-01
Rho =  1.0699420703E+02
DelSqRho = -6.7621612360E+03
GradDelSqRho = -1.4551915228E-11 -1.4551915228E-10  1.1277734302E-10
HessDelSqRho_EigVals = -6.0284770517E+02  4.4061724206E+04  1.2215501903E+07
HessDelSqRho_EigVec1 =  7.5529914495E-01  4.0107216139E-01  5.1832839300E-01
HessDelSqRho_EigVec2 = -6.5083373187E-01  5.5200855333E-01  5.2125042974E-01
HessDelSqRho_EigVec3 =  7.7062669892E-02  7.3104560624E-01 -6.7796287989E-01
</CP of DelSqRho>
<CP of DelSqRho>
CP# = 13      
Type = (3,+1)
Coords =  1.20425502511447E-02  1.14376751970119E-01 -1.06121213179378E-01
DistFromNuc =  1.5650895822E-01
Rho =  1.0699420470E+02
DelSqRho = -6.7621603338E+03
GradDelSqRho = -4.3655745685E-11 -4.3655745685E-11  6.1845639721E-11
HessDelSqRho_EigVals = -6.0268109054E+02  4.4061157818E+04  1.2215501171E+07
HessDelSqRho_EigVec1 =  7.5529962202E-01  4.0103781179E-01  5.1835427507E-01
HessDelSqRho_EigVec2 = -6.5082953982E-01  5.5200922050E-01  5.2125495737E-01
HessDelSqRho_EigVec3 =  7.7093391835E-02  7.3106394659E-01 -6.7793961010E-01
</CP of DelSqRho>
<CP of DelSqRho>
CP# = 14      
Type = (3,-1)
Coords =  1.07326876397915E-01  3.68779180007898E-02 -1.07701558458773E-01
DistFromNuc =  1.5646937928E-01
Rho =  1.0691354184E+02
DelSqRho = -6.6393265781E+03
GradDelSqRho =  8.0035533756E-11  4.7293724492E-11  0.0000000000E+00
HessDelSqRho_EigVals = -5.2818652638E+04 -7.2204912706E+03  1.2229874874E+07
HessDelSqRho_EigVec1 = -1.6400578355E-01  9.7168100579E-01  1.7011209821E-01
HessDelSqRho_EigVec2 =  7.0885945222E-01 -3.8383998880E-03  7.0533931103E-01
HessDelSqRho_EigVec3 =  6.8601776942E-01  2.3626529513E-01 -6.8815574571E-01
</CP of DelSqRho>
<CP of DelSqRho>
CP# = 15      
Type = (3,-3)
Coords =  1.86048792668719E-01 -1.90330527622424E-01  8.02956795173823E-02
DistFromNuc =  2.7799738194E-01
Rho =  2.5875647732E+01
DelSqRho =  2.0935997348E+03
GradDelSqRho = -1.8189894035E-12 -1.0913936421E-11  1.8189894035E-12
HessDelSqRho_EigVals = -7.1380580580E+05 -1.4083658778E+04 -1.9736883659E+03
HessDelSqRho_EigVec1 = -6.6940770020E-01  6.8459528042E-01 -2.8848333218E-01
HessDelSqRho_EigVec2 = -1.8178720370E-01  2.2556758768E-01  9.5711685596E-01
HessDelSqRho_EigVec3 = -7.2031017172E-01 -6.9314397164E-01  2.6546018413E-02
</CP of DelSqRho>
<CP of DelSqRho>
CP# = 16      
Type = (3,-1)
Coords = -1.07373400321617E-01 -3.69608248576985E-02  1.07663941975898E-01
DistFromNuc =  1.5646938080E-01
Rho =  1.0691353967E+02
DelSqRho = -6.6393255993E+03
GradDelSqRho = -1.1641532183E-10  5.0931703299E-11  1.0186340660E-10
HessDelSqRho_EigVals = -5.2819137518E+04 -7.2205349829E+03  1.2229873669E+07
HessDelSqRho_EigVec1 = -1.6399119926E-01  9.7168152286E-01  1.7012320444E-01
HessDelSqRho_EigVec2 =  7.0885007191E-01 -3.8603119817E-03  7.0534861844E-01
HessDelSqRho_EigVec3 =  6.8603094837E-01  2.3626281154E-01 -6.8814346017E-01
</CP of DelSqRho>
<CP of DelSqRho>
CP# = 17      
Type = (3,-1)
Coords =  2.76728144366022E-01 -2.09202858531118E-02 -1.77469932988496E-02
DistFromNuc =  2.7810251523E-01
Rho =  2.5922526251E+01
DelSqRho =  2.0733899178E+03
GradDelSqRho =  5.4569682106E-12 -4.4337866711E-12  3.9790393203E-12
HessDelSqRho_EigVals = -7.1189582798E+05 -1.2889045745E+04  1.9399398775E+03
HessDelSqRho_EigVec1 =  9.9509294764E-01 -7.5405216299E-02 -6.4063085443E-02
HessDelSqRho_EigVec2 =  9.8744194787E-02  7.1563674953E-01  6.9145761021E-01
HessDelSqRho_EigVec3 = -6.2936124274E-03 -6.9439044929E-01  7.1957090990E-01
</CP of DelSqRho>
<CP of DelSqRho>
CP# = 18      
Type = (3,-1)
Coords = -2.76772592862887E-01  2.08371734669926E-02  1.77111148370668E-02
DistFromNuc =  2.7810250898E-01
Rho =  2.5922528300E+01
DelSqRho =  2.0733899498E+03
GradDelSqRho =  1.0913936421E-11 -2.1600499167E-12 -6.9348971010E-12
HessDelSqRho_EigVals = -7.1189588634E+05 -1.2889056572E+04  1.9399337635E+03
HessDelSqRho_EigVec1 =  9.9509293878E-01 -7.5405872861E-02 -6.4062450167E-02
HessDelSqRho_EigVec2 =  9.8744223784E-02  7.1563649160E-01  6.9145787302E-01
HessDelSqRho_EigVec3 = -6.2945573811E-03 -6.9439064382E-01  7.1957071391E-01
</CP of DelSqRho>
<CP of DelSqRho>
CP# = 19      
Type = (3,-1)
Coords = -9.18153759044061E-03  2.77712430562291E-01  1.05839498492867E-02
DistFromNuc =  2.7810720998E-01
Rho =  2.5921698345E+01
DelSqRho =  2.0725621405E+03
GradDelSqRho = -1.8189894035E-12  5.5706550484E-12  4.5474735089E-13
HessDelSqRho_EigVals = -7.1180117657E+05 -1.2693457298E+04  2.0165518221E+03
HessDelSqRho_EigVec1 = -3.3257805466E-02  9.9870715056E-01  3.8444060731E-02
HessDelSqRho_EigVec2 = -7.0435039709E-01 -5.0710596584E-02  7.0803880792E-01
HessDelSqRho_EigVec3 =  7.0907294159E-01 -3.5302725057E-03  7.0512630122E-01
</CP of DelSqRho>
<CP of DelSqRho>
CP# = 20      
Type = (3,-1)
Coords =  9.13673743617813E-03 -2.77795719914328E-01 -1.06201212373220E-02
DistFromNuc =  2.7810720648E-01
Rho =  2.5921699526E+01
DelSqRho =  2.0725621937E+03
GradDelSqRho =  5.6274984672E-12 -8.5265128291E-13 -1.8758328224E-12
HessDelSqRho_EigVals = -7.1180122285E+05 -1.2693467633E+04  2.0165518245E+03
HessDelSqRho_EigVec1 = -3.3256674856E-02  9.9870712191E-01  3.8445783011E-02
HessDelSqRho_EigVec2 = -7.0435151088E-01 -5.0711014965E-02  7.0803766996E-01
HessDelSqRho_EigVec3 =  7.0907188824E-01 -3.5323667749E-03  7.0512734998E-01
</CP of DelSqRho>
<CP of DelSqRho>
CP# = 21      
Type = (3,-1)
Coords = -1.62231615218062E-02  1.94332947014398E-02  2.76928044700164E-01
DistFromNuc =  2.7810208616E-01
Rho =  2.5922720704E+01
DelSqRho =  2.0734028604E+03
GradDelSqRho =  1.0118128557E-11 -4.8316906032E-12  1.8189894035E-12
HessDelSqRho_EigVals = -7.1190488657E+05 -1.2888030119E+04  1.9368143601E+03
HessDelSqRho_EigVec1 = -5.8566276446E-02  7.0357123981E-02  9.9580111788E-01
HessDelSqRho_EigVec2 = -6.8806357223E-01  7.1988015868E-01 -9.1329500767E-02
HessDelSqRho_EigVec3 =  7.2328314776E-01  6.9052330318E-01 -6.2494736763E-03
</CP of DelSqRho>
<CP of DelSqRho>
CP# = 22      
Type = (3,-1)
Coords =  1.61785841857563E-02 -1.95166819871319E-02 -2.76963735687059E-01
DistFromNuc =  2.7810208336E-01
Rho =  2.5922721537E+01
DelSqRho =  2.0734029029E+03
GradDelSqRho =  2.7284841053E-12 -1.9895196601E-12 -1.2732925825E-11
HessDelSqRho_EigVals = -7.1190492262E+05 -1.2888030132E+04  1.9368094387E+03
HessDelSqRho_EigVec1 = -5.8565834911E-02  7.0357412682E-02  9.9580112345E-01
HessDelSqRho_EigVec2 = -6.8806400661E-01  7.1987975616E-01 -9.1329400985E-02
HessDelSqRho_EigVec3 =  7.2328277028E-01  6.9052369341E-01 -6.2500443097E-03
</CP of DelSqRho>
<CP of DelSqRho>
CP# = 23      
Type = (3,-3)
Coords =  8.22543910237495E-02  1.88872283873419E-01  1.86596235067156E-01
DistFromNuc =  2.7799771927E-01
Rho =  2.5875451600E+01
DelSqRho =  2.0935921129E+03
GradDelSqRho = -4.0927261580E-12  8.1854523160E-12  9.0949470177E-13
HessDelSqRho_EigVals = -7.1379876284E+05 -1.4084889254E+04 -1.9705305906E+03
HessDelSqRho_EigVec1 =  2.9554344770E-01  6.7964947257E-01  6.7136477786E-01
HessDelSqRho_EigVec2 =  9.5496636361E-01 -2.2954792180E-01 -1.8800796783E-01
HessDelSqRho_EigVec3 = -2.6330873351E-02 -6.9669530358E-01  7.1688376957E-01
</CP of DelSqRho>
<CP of DelSqRho>
CP# = 24      
Type = (3,-1)
Coords = -2.45224326463629E-02 -2.05374310520272E-01  1.86596129946894E-01
DistFromNuc =  2.7854360109E-01
Rho =  2.5948610276E+01
DelSqRho =  1.9981634412E+03
GradDelSqRho =  2.5011104299E-12 -1.3642420527E-12 -7.2759576142E-12
HessDelSqRho_EigVals = -7.0345987218E+05 -1.6101897700E+02  1.1119266980E+04
HessDelSqRho_EigVec1 =  8.7951797163E-02  7.3716664365E-01 -6.6996255184E-01
HessDelSqRho_EigVec2 =  7.5211310619E-01  3.9184635329E-01  5.2988896092E-01
HessDelSqRho_EigVec3 =  6.5313884961E-01 -5.5049230231E-01 -5.1996910316E-01
</CP of DelSqRho>
<CP of DelSqRho>
CP# = 25      
Type = (3,-1)
Coords =  2.44795832048118E-02  2.05291903008731E-01 -1.86630623517231E-01
DistFromNuc =  2.7854359675E-01
Rho =  2.5948611544E+01
DelSqRho =  1.9981635045E+03
GradDelSqRho = -2.9558577808E-12 -9.5496943686E-12  1.4097167877E-11
HessDelSqRho_EigVals = -7.0345992583E+05 -1.6101303372E+02  1.1119253958E+04
HessDelSqRho_EigVec1 =  8.7957607198E-02  7.3716984251E-01 -6.6995826932E-01
HessDelSqRho_EigVec2 =  7.5211298052E-01  3.9184005602E-01  5.2989379600E-01
HessDelSqRho_EigVec3 =  6.5313821192E-01 -5.5049250113E-01 -5.1996969366E-01
</CP of DelSqRho>
<CP of DelSqRho>
CP# = 26      
Type = (3,-3)
Coords = -8.22987866189362E-02 -1.88955483011402E-01 -1.86632065144527E-01
DistFromNuc =  2.7799772475E-01
Rho =  2.5875450007E+01
DelSqRho =  2.0935920326E+03
GradDelSqRho =  4.5474735089E-13  3.6379788071E-12  1.1823431123E-11
HessDelSqRho_EigVals = -7.1379869295E+05 -1.4084886435E+04 -1.9705242607E+03
HessDelSqRho_EigVec1 =  2.9554317423E-01  6.7964909214E-01  6.7136528338E-01
HessDelSqRho_EigVec2 =  9.5496643910E-01 -2.2954784429E-01 -1.8800767905E-01
HessDelSqRho_EigVec3 = -2.6331205143E-02 -6.9669570025E-01  7.1688337189E-01
</CP of DelSqRho>
<CP of DelSqRho>
CP# = 27      
Type = (3,-1)
Coords =  1.96332544806398E-01 -2.73411714150269E-03  1.97537851711849E-01
DistFromNuc =  2.7855107299E-01
Rho =  2.5955345539E+01
DelSqRho =  1.9966571538E+03
GradDelSqRho =  1.8189894035E-12  5.6843418861E-14  7.2759576142E-12
HessDelSqRho_EigVals = -7.0333816632E+05 -9.6981738805E+01  1.1359167946E+04
HessDelSqRho_EigVec1 =  7.0491349041E-01 -9.6675191271E-03  7.0922740367E-01
HessDelSqRho_EigVec2 =  4.9360078941E-01  7.2475322052E-01 -4.8071928403E-01
HessDelSqRho_EigVec3 = -5.0936748202E-01  6.8894071473E-01  5.1566021744E-01
</CP of DelSqRho>
<CP of DelSqRho>
CP# = 28      
Type = (3,-1)
Coords = -1.96375128814942E-01  2.65356420688912E-03 -1.97575368623186E-01
DistFromNuc =  2.7855107287E-01
Rho =  2.5955345648E+01
DelSqRho =  1.9966571219E+03
GradDelSqRho =  0.0000000000E+00 -3.9790393203E-13  1.0913936421E-11
HessDelSqRho_EigVals = -7.0333815637E+05 -9.6981178233E+01  1.1359165894E+04
HessDelSqRho_EigVec1 =  7.0490676223E-01 -9.6774007332E-03  7.0923395610E-01
HessDelSqRho_EigVec2 =  4.9361009865E-01  7.2475349515E-01 -4.8070931109E-01
HessDelSqRho_EigVec3 = -5.0936777192E-01  6.8894028709E-01  5.1566050241E-01
</CP of DelSqRho>
<CP of DelSqRho>
CP# = 29      
Type = (3,-1)
Coords =  1.87269659474845E-01  2.04639169128482E-01 -2.48020348587083E-02
DistFromNuc =  2.7854397316E-01
Rho =  2.5948225394E+01
DelSqRho =  1.9981865334E+03
GradDelSqRho =  9.0949470177E-13  1.2050804798E-11  1.3642420527E-12
HessDelSqRho_EigVals = -7.0345147289E+05 -1.6557220380E+02  1.1117260903E+04
HessDelSqRho_EigVec1 =  6.7239379788E-01  7.3482669797E-01 -8.8973617036E-02
HessDelSqRho_EigVec2 =  5.3287474522E-01 -3.9712622724E-01  7.4721835198E-01
HessDelSqRho_EigVec3 = -5.1374223739E-01  5.4983677904E-01  6.5859580164E-01
</CP of DelSqRho>
<CP of DelSqRho>
CP# = 30      
Type = (3,-3)
Coords = -1.86093451877603E-01  1.90247027411698E-01 -8.03314085873558E-02
DistFromNuc =  2.7799739053E-01
Rho =  2.5875645119E+01
DelSqRho =  2.0935995851E+03
GradDelSqRho = -5.4569682106E-12  5.4569682106E-12  1.3642420527E-12
HessDelSqRho_EigVals = -7.1380568687E+05 -1.4083648751E+04 -1.9736804235E+03
HessDelSqRho_EigVec1 = -6.6940843363E-01  6.8459449822E-01 -2.8848348654E-01
HessDelSqRho_EigVec2 = -1.8178647232E-01  2.2556854507E-01  9.5711676924E-01
HessDelSqRho_EigVec3 = -7.2030967471E-01 -6.9314443263E-01  2.6547467630E-02
</CP of DelSqRho>
<CP of DelSqRho>
CP# = 31      
Type = (3,-1)
Coords = -1.87314255096046E-01 -2.04722384578373E-01  2.47660841968968E-02
DistFromNuc =  2.7854398142E-01
Rho =  2.5948222979E+01
DelSqRho =  1.9981863902E+03
GradDelSqRho =  7.7307049651E-12 -2.7284841053E-12  1.5916157281E-12
HessDelSqRho_EigVals = -7.0345136194E+05 -1.6556764334E+02  1.1117270345E+04
HessDelSqRho_EigVec1 =  6.7239430441E-01  7.3482634380E-01 -8.8972714098E-02
HessDelSqRho_EigVec2 =  5.3287385463E-01 -3.9712685254E-01  7.4721865478E-01
HessDelSqRho_EigVec3 = -5.1374249820E-01  5.4983680074E-01  6.5859558008E-01
</CP of DelSqRho>
<CP of DelSqRho>
CP# = 32      
Type = (3,+1)
Coords = -1.57004354609258E-01  1.67330709199765E-01  1.58668357844497E-01
DistFromNuc =  2.7899499268E-01
Rho =  2.6493495433E+01
DelSqRho =  1.8878853723E+03
GradDelSqRho = -3.9790393203E-12 -3.9221959014E-12 -2.1600499167E-12
HessDelSqRho_EigVals = -6.9631970702E+05  1.6554796640E+04  1.6735291396E+04
HessDelSqRho_EigVec1 = -5.6266980392E-01  5.9991198263E-01  5.6877790468E-01
HessDelSqRho_EigVec2 =  4.2507085857E-01  8.0005805445E-01 -4.2334604604E-01
HessDelSqRho_EigVec3 =  7.0902570966E-01 -3.5668755632E-03  7.0517361015E-01
</CP of DelSqRho>
<CP of DelSqRho>
CP# = 33      
Type = (3,+1)
Coords =  1.56959905557840E-01 -1.67413964156139E-01 -1.58704083559093E-01
DistFromNuc =  2.7899498892E-01
Rho =  2.6493496501E+01
DelSqRho =  1.8878854565E+03
GradDelSqRho = -4.6611603466E-12  4.5474735089E-12 -5.4001247918E-12
HessDelSqRho_EigVals = -6.9631976458E+05  1.6554794760E+04  1.6735288149E+04
HessDelSqRho_EigVec1 = -5.6266981742E-01  5.9991188397E-01  5.6877799538E-01
HessDelSqRho_EigVec2 =  4.2509212916E-01  8.0005802056E-01 -4.2332475177E-01
HessDelSqRho_EigVec3 =  7.0901294649E-01 -3.5909882890E-03  7.0518632042E-01
</CP of DelSqRho>
<CP of DelSqRho>
CP# = 34      
Type = (3,-1)
Coords =  4.34575247590587E-02  1.06741541514839E-01  1.05762703303511E-01
DistFromNuc =  1.5646936960E-01
Rho =  1.0691343231E+02
DelSqRho = -6.6382249696E+03
GradDelSqRho =  3.6379788071E-11  0.0000000000E+00  1.6007106751E-10
HessDelSqRho_EigVals = -5.3502437804E+04 -7.5521759097E+03  1.2229786471E+07
HessDelSqRho_EigVec1 =  9.6011685482E-01 -2.1813349407E-01 -1.7490970203E-01
HessDelSqRho_EigVec2 = -2.8099025274E-02 -6.9768393279E-01  7.1585443682E-01
HessDelSqRho_EigVec3 =  2.7818351834E-01  6.8238911824E-01  6.7598744177E-01
</CP of DelSqRho>
<CP of DelSqRho>
CP# = 35      
Type = (3,+1)
Coords = -1.11029005925838E-01 -2.29449570597620E-01  1.12398097394772E-01
DistFromNuc =  2.7854594440E-01
Rho =  2.5948785605E+01
DelSqRho =  1.9977926155E+03
GradDelSqRho = -1.0231815395E-12  1.0743406165E-11  2.2737367544E-13
HessDelSqRho_EigVals = -7.0341450597E+05  1.2433122265E+02  1.0937152279E+04
HessDelSqRho_EigVec1 =  3.9851075354E-01  8.2360058637E-01 -4.0357310793E-01
HessDelSqRho_EigVec2 =  7.1003748782E-01  1.4854260704E-03  7.0416231041E-01
HessDelSqRho_EigVec3 =  5.8054796977E-01 -5.6716828864E-01 -5.8419533305E-01
</CP of DelSqRho>
<CP of DelSqRho>
CP# = 36      
Type = (3,+1)
Coords =  1.10981967601036E-01  2.29366267270154E-01 -1.12436328909169E-01
DistFromNuc =  2.7854593735E-01
Rho =  2.5948787681E+01
DelSqRho =  1.9977927304E+03
GradDelSqRho = -2.3874235922E-12 -5.1159076975E-13  5.1727511163E-12
HessDelSqRho_EigVals = -7.0341459771E+05  1.2432927892E+02  1.0937141768E+04
HessDelSqRho_EigVec1 =  3.9850151316E-01  8.2360059337E-01 -4.0358221791E-01
HessDelSqRho_EigVec2 =  7.1004051356E-01  1.4982088395E-03  7.0415923233E-01
HessDelSqRho_EigVec3 =  5.8055061202E-01 -5.6716824486E-01 -5.8419274980E-01
</CP of DelSqRho>
<CP of DelSqRho>
CP# = 37      
Type = (3,+1)
Coords =  1.32555531740094E-01 -7.88374406954671E-02  2.31942708051274E-01
DistFromNuc =  2.7855221774E-01
Rho =  2.5955654412E+01
DelSqRho =  1.9964172442E+03
GradDelSqRho =  0.0000000000E+00 -2.7284841053E-12 -1.8189894035E-12
HessDelSqRho_EigVals = -7.0331645951E+05  1.3637640418E+02  1.1194513139E+04
HessDelSqRho_EigVec1 =  4.7594520240E-01 -2.8286657698E-01  8.3274405668E-01
HessDelSqRho_EigVec2 =  6.8821775418E-01  7.0931650137E-01 -1.5240217754E-01
HessDelSqRho_EigVec3 =  5.4756961854E-01 -6.4564432973E-01 -5.3226958615E-01
</CP of DelSqRho>
<CP of DelSqRho>
CP# = 38      
Type = (3,+1)
Coords = -1.32601669614460E-01  7.87524623431563E-02 -2.31978007990302E-01
DistFromNuc =  2.7855221569E-01
Rho =  2.5955655086E+01
DelSqRho =  1.9964172502E+03
GradDelSqRho =  7.2759576142E-12 -1.8189894035E-12  1.2732925825E-11
HessDelSqRho_EigVals = -7.0331647645E+05  1.3637032588E+02  1.1194513971E+04
HessDelSqRho_EigVec1 =  4.7595121569E-01 -2.8286054451E-01  8.3274266892E-01
HessDelSqRho_EigVec2 =  6.8821481080E-01  7.0931757024E-01 -1.5241049420E-01
HessDelSqRho_EigVec3 =  5.4756809118E-01 -6.4564579833E-01 -5.3226937599E-01
</CP of DelSqRho>
<CP of DelSqRho>
CP# = 39      
Type = (3,+1)
Coords =  6.31115665124718E-01 -4.71208060444944E-02 -4.09139835927682E-02
DistFromNuc =  6.3421130687E-01
Rho =  3.1400202436E+00
DelSqRho = -2.1939983398E+01
GradDelSqRho =  1.7053025658E-13 -5.6843418861E-14 -2.8421709430E-14
HessDelSqRho_EigVals = -4.0755379366E+02  5.4121908040E+01  4.3731942193E+03
HessDelSqRho_EigVec1 =  9.9303303441E-02  7.1628118321E-01  6.9070986710E-01
HessDelSqRho_EigVec2 = -5.1446490156E-03 -6.9376200237E-01  7.2018595977E-01
HessDelSqRho_EigVec3 =  9.9504391185E-01 -7.5070304735E-02 -6.5207843353E-02
</CP of DelSqRho>
<CP of DelSqRho>
CP# = 40      
Type = (3,+1)
Coords = -6.31160066103538E-01  4.70359612717227E-02  4.08797476384355E-02
DistFromNuc =  6.3421123036E-01
Rho =  3.1400216519E+00
DelSqRho = -2.1940033037E+01
GradDelSqRho =  5.6843418861E-14 -1.2434497876E-14  0.0000000000E+00
HessDelSqRho_EigVals = -4.0755306179E+02  5.4122787273E+01  4.3731992718E+03
HessDelSqRho_EigVec1 =  9.9303156945E-02  7.1628203452E-01  6.9070900533E-01
HessDelSqRho_EigVec2 = -5.1411529515E-03 -6.9376139000E-01  7.2018657464E-01
HessDelSqRho_EigVec3 =  9.9504394454E-01 -7.5067841092E-02 -6.5210180698E-02
</CP of DelSqRho>
<CP of DelSqRho>
CP# = 41      
Type = (3,+1)
Coords = -2.09228566818666E-02  6.33191460194142E-01  2.40989902747504E-02
DistFromNuc =  6.3403677322E-01
Rho =  3.1422717942E+00
DelSqRho = -2.2082613348E+01
GradDelSqRho =  7.8159700934E-14 -5.6843418861E-14 -1.4210854715E-14
HessDelSqRho_EigVals = -4.0210100445E+02  5.6725387962E+01  4.3844133588E+03
HessDelSqRho_EigVec1 =  7.0421811457E-01  5.1329642271E-02 -7.0812577621E-01
HessDelSqRho_EigVec2 =  7.0918062144E-01 -3.4301866107E-03  7.0501849621E-01
HessDelSqRho_EigVec3 = -3.3759343649E-02  9.9867587417E-01  3.8817587152E-02
</CP of DelSqRho>
<CP of DelSqRho>
CP# = 42      
Type = (3,+1)
Coords =  2.08807049656586E-02 -6.33274761995569E-01 -2.41314994233002E-02
DistFromNuc =  6.3403673012E-01
Rho =  3.1422724694E+00
DelSqRho = -2.2082639319E+01
GradDelSqRho =  1.4210854715E-14  1.2789769244E-13 -4.2632564146E-14
HessDelSqRho_EigVals = -4.0210030965E+02  5.6725505356E+01  4.3844163253E+03
HessDelSqRho_EigVec1 =  7.0421490516E-01  5.1328768425E-02 -7.0812903124E-01
HessDelSqRho_EigVec2 =  7.0918362725E-01 -3.4237109242E-03  7.0501550411E-01
HessDelSqRho_EigVec3 = -3.3763148446E-02  9.9867594130E-01  3.8812550438E-02
</CP of DelSqRho>
<CP of DelSqRho>
CP# = 43      
Type = (3,+1)
Coords = -3.77136828527795E-02  4.36309101556319E-02  6.31558390739450E-01
DistFromNuc =  6.3420539388E-01
Rho =  3.1401951886E+00
DelSqRho = -2.1942459857E+01
GradDelSqRho = -1.4210854715E-14  4.3076653355E-14  4.8638870709E-13
HessDelSqRho_EigVals = -4.0758069044E+02  5.4103041668E+01  4.3735677257E+03
HessDelSqRho_EigVec1 = -6.8704559378E-01  7.2077183475E-01 -9.1958220343E-02
HessDelSqRho_EigVec2 =  7.2412082819E-01  6.8965816129E-01 -4.5438689860E-03
HessDelSqRho_EigVec3 = -6.0144644372E-02  6.9710707839E-02  9.9575249885E-01
</CP of DelSqRho>
<CP of DelSqRho>
CP# = 44      
Type = (3,+1)
Coords =  3.76696828911236E-02 -4.37140021167297E-02 -6.31594035729516E-01
DistFromNuc =  6.3420535900E-01
Rho =  3.1401960327E+00
DelSqRho = -2.1942479129E+01
GradDelSqRho =  8.5265128291E-14 -7.1054273576E-14 -4.0567549320E-13
HessDelSqRho_EigVals = -4.0758095829E+02  5.4103667365E+01  4.3735699705E+03
HessDelSqRho_EigVec1 = -6.8704468150E-01  7.2077267660E-01 -9.1958437820E-02
HessDelSqRho_EigVec2 =  7.2412163419E-01  6.8965732094E-01 -4.5429695570E-03
HessDelSqRho_EigVec3 = -6.0145361537E-02  6.9710317344E-02  9.9575248287E-01
</CP of DelSqRho>
<CP of DelSqRho>
CP# = 45      
Type = (3,-1)
Coords =  1.87370158114287E-01  4.33506414303033E-01  4.29469063804808E-01
DistFromNuc =  6.3838768521E-01
Rho =  3.0526290394E+00
DelSqRho = -1.9042317493E+01
GradDelSqRho =  3.5527136788E-14 -1.3500311979E-13 -1.2789769244E-13
HessDelSqRho_EigVals = -4.2492674528E+02 -5.3203601378E+01  4.1331966699E+03
HessDelSqRho_EigVec1 =  9.5607334055E-01 -2.2767964002E-01 -1.8462326238E-01
HessDelSqRho_EigVec2 = -2.7814509530E-02 -6.9746241174E-01  7.1608137615E-01
HessDelSqRho_EigVec3 =  2.9180493579E-01  6.7949110791E-01  6.7315801542E-01
</CP of DelSqRho>
<CP of DelSqRho>
CP# = 46      
Type = (3,+1)
Coords = -6.62241073770053E-02 -4.62225890464304E-01  4.07921876434737E-01
DistFromNuc =  6.2000949872E-01
Rho =  3.4000969899E+00
DelSqRho = -3.5023647724E+01
GradDelSqRho =  4.7215564791E-12 -2.3590018827E-12  7.8159700934E-12
HessDelSqRho_EigVals = -4.3609557400E+00  3.9701629057E+02  5.3337416806E+03
HessDelSqRho_EigVec1 =  7.5850082101E-01  3.6672653699E-01  5.3869114676E-01
HessDelSqRho_EigVec2 = -6.4290338131E-01  5.5624964407E-01  5.2655633675E-01
HessDelSqRho_EigVec3 =  1.0654457674E-01  7.4571977346E-01 -6.5768554236E-01
</CP of DelSqRho>
<CP of DelSqRho>
CP# = 47      
Type = (3,+1)
Coords =  6.61694227209191E-02  4.62137326180010E-01 -4.07965123199729E-01
DistFromNuc =  6.2000945253E-01
Rho =  3.4000983136E+00
DelSqRho = -3.5023685855E+01
GradDelSqRho = -4.4373393848E-12  2.0392576516E-12 -7.1196382123E-12
HessDelSqRho_EigVals = -4.3614439665E+00  3.9701803537E+02  5.3337453420E+03
HessDelSqRho_EigVec1 =  7.5850135026E-01  3.6674465851E-01  5.3867806443E-01
HessDelSqRho_EigVec2 = -6.4290546932E-01  5.5624912103E-01  5.2655433990E-01
HessDelSqRho_EigVec3 =  1.0652820829E-01  7.4571125163E-01 -6.5769785619E-01
</CP of DelSqRho>
<CP of DelSqRho>
CP# = 48      
Type = (3,-1)
Coords = -1.87415074693216E-01 -4.33590562345900E-01 -4.29503813631235E-01
DistFromNuc =  6.3838776169E-01
Rho =  3.0526275270E+00
DelSqRho = -1.9042279033E+01
GradDelSqRho =  3.5527136788E-14  9.7699626167E-14  2.8421709430E-14
HessDelSqRho_EigVals = -4.2492686383E+02 -5.3204276282E+01  4.1331919670E+03
HessDelSqRho_EigVec1 =  9.5607318091E-01 -2.2767961611E-01 -1.8462411858E-01
HessDelSqRho_EigVec2 = -2.7813339281E-02 -6.9746122130E-01  7.1608258109E-01
HessDelSqRho_EigVec3 =  2.9180557039E-01  6.7949233784E-01  6.7315649882E-01
</CP of DelSqRho>
<CP of DelSqRho>
CP# = 49      
Type = (3,+1)
Coords =  4.39817451424894E-01 -1.61216195800772E-03  4.36577415922229E-01
DistFromNuc =  6.1973932721E-01
Rho =  3.4091025686E+00
DelSqRho = -3.5276485177E+01
GradDelSqRho =  1.8474111130E-13 -5.6843418861E-14  2.2737367544E-13
HessDelSqRho_EigVals = -2.4899598171E+00  4.0674597544E+02  5.3510119355E+03
HessDelSqRho_EigVec1 =  4.8067502995E-01  7.3280361860E-01 -4.8161226329E-01
HessDelSqRho_EigVec2 = -5.1501902178E-01  6.8043544981E-01  5.2130893514E-01
HessDelSqRho_EigVec3 =  7.0972313108E-01 -2.5407112923E-03  7.0447613302E-01
</CP of DelSqRho>
<CP of DelSqRho>
CP# = 50      
Type = (3,-1)
Coords = -4.36289506448915E-01 -1.60928352498496E-01  4.37149122625937E-01
DistFromNuc =  6.3822302350E-01
Rho =  3.0543829816E+00
DelSqRho = -1.9171402922E+01
GradDelSqRho =  9.2370555649E-14 -3.5527136788E-14  0.0000000000E+00
HessDelSqRho_EigVals = -4.1985181648E+02 -5.0993170856E+01  4.1434380513E+03
HessDelSqRho_EigVec1 = -1.7366978377E-01  9.6815426956E-01  1.8032225745E-01
HessDelSqRho_EigVec2 =  7.0861823861E-01 -4.3030492241E-03  7.0557896488E-01
HessDelSqRho_EigVec3 =  6.8388522291E-01  2.5031738672E-01 -6.8530446357E-01
</CP of DelSqRho>
<CP of DelSqRho>
CP# = 51      
Type = (3,-1)
Coords =  4.36246975892542E-01  1.60844633233926E-01 -4.37183094663861E-01
DistFromNuc =  6.3822305588E-01
Rho =  3.0543826145E+00
DelSqRho = -1.9171381513E+01
GradDelSqRho =  3.4106051316E-13  3.5527136788E-14 -1.3500311979E-13
HessDelSqRho_EigVals = -4.1985261539E+02 -5.0993203743E+01  4.1434359416E+03
HessDelSqRho_EigVec1 = -1.7366643425E-01  9.6815440623E-01  1.8032474960E-01
HessDelSqRho_EigVec2 =  7.0861623898E-01 -4.3080435279E-03  7.0558094264E-01
HessDelSqRho_EigVec3 =  6.8388814544E-01  2.5031677224E-01 -6.8530177154E-01
</CP of DelSqRho>
<CP of DelSqRho>
CP# = 52      
Type = (3,+1)
Coords = -4.39875187988583E-01  1.50881652683939E-03 -4.36599804399832E-01
DistFromNuc =  6.1973932899E-01
Rho =  3.4091025438E+00
DelSqRho = -3.5276491082E+01
GradDelSqRho = -2.9842794902E-13 -2.1316282073E-14 -2.8421709430E-13
HessDelSqRho_EigVals = -2.4897835225E+00  4.0674642660E+02  5.3510118201E+03
HessDelSqRho_EigVec1 =  4.8064450576E-01  7.3280248100E-01 -4.8164445697E-01
HessDelSqRho_EigVec2 = -5.1501786930E-01  6.8043679456E-01  5.2130831847E-01
HessDelSqRho_EigVec3 =  7.0974463956E-01 -2.5084770948E-03  7.0445457921E-01
</CP of DelSqRho>
<CP of DelSqRho>
CP# = 53      
Type = (3,+1)
Coords =  4.12222962912148E-01  4.58801107790552E-01 -6.28409970646487E-02
DistFromNuc =  6.2002380793E-01
Rho =  3.3996712579E+00
DelSqRho = -3.5011967177E+01
GradDelSqRho =  1.4566126083E-13 -1.1368683772E-13 -1.4210854715E-14
HessDelSqRho_EigVals = -4.7419344768E+00  3.9695760672E+02  5.3326936451E+03
HessDelSqRho_EigVec1 =  5.3660108598E-01 -3.7876321817E-01  7.5405417517E-01
HessDelSqRho_EigVec2 =  5.1993594298E-01 -5.5541544537E-01 -6.4898405084E-01
HessDelSqRho_EigVec3 =  6.6462462317E-01  7.4030541509E-01 -1.0110392015E-01
</CP of DelSqRho>
<CP of DelSqRho>
CP# = 54      
Type = (3,-1)
Coords = -4.28241458262054E-01  4.36680223089128E-01 -1.82867520064052E-01
DistFromNuc =  6.3838210048E-01
Rho =  3.0528074124E+00
DelSqRho = -1.9044490282E+01
GradDelSqRho = -4.2632564146E-14  9.2370555649E-14 -1.0658141036E-13
HessDelSqRho_EigVals = -4.2495538775E+02 -5.3232907448E+01  4.1335173219E+03
HessDelSqRho_EigVec1 = -1.7851601279E-01  2.2350547133E-01  9.5821570508E-01
HessDelSqRho_EigVec2 = -7.1950563180E-01 -6.9392933077E-01  2.7815997413E-02
HessDelSqRho_EigVec3 = -6.7115101057E-01  6.8447599533E-01 -2.8469094264E-01
</CP of DelSqRho>
<CP of DelSqRho>
CP# = 55      
Type = (3,-1)
Coords =  4.28198814998928E-01 -4.36761505628992E-01  1.82831988150647E-01
DistFromNuc =  6.3838198323E-01
Rho =  3.0528095652E+00
DelSqRho = -1.9044550652E+01
GradDelSqRho =  8.5265128291E-14 -1.0658141036E-13  6.3948846218E-14
HessDelSqRho_EigVals = -4.2495488323E+02 -5.3232052722E+01  4.1335247257E+03
HessDelSqRho_EigVec1 = -1.7851288929E-01  2.2350900466E-01  9.5821546282E-01
HessDelSqRho_EigVec2 = -7.1950368449E-01 -6.9393112167E-01  2.7821689135E-02
HessDelSqRho_EigVec3 = -6.7115392896E-01  6.8447302592E-01 -2.8469120187E-01
</CP of DelSqRho>
<CP of DelSqRho>
CP# = 56      
Type = (3,+1)
Coords = -4.12265561767986E-01 -4.58885751730280E-01  6.28085797668151E-02
DistFromNuc =  6.2002389907E-01
Rho =  3.3996690098E+00
DelSqRho = -3.5011904425E+01
GradDelSqRho =  2.2071233730E-13  1.8474111130E-13 -2.8421709430E-14
HessDelSqRho_EigVals = -4.7423039572E+00  3.9695615193E+02  5.3326864464E+03
HessDelSqRho_EigVec1 =  5.3660582314E-01 -3.7875898750E-01  7.5405292915E-01
HessDelSqRho_EigVec2 =  5.1993496000E-01 -5.5541564009E-01 -6.4898467170E-01
HessDelSqRho_EigVec3 =  6.6462156747E-01  7.4030743352E-01 -1.0110922772E-01
</CP of DelSqRho>
<CP of DelSqRho>
CP# = 57      
Type = (3,+3)
Coords = -3.37321520147766E-01  3.59596495437606E-01  3.40942987286043E-01
DistFromNuc =  5.9947034778E-01
Rho =  4.1191451539E+00
DelSqRho = -5.5633631724E+01
GradDelSqRho = -2.9842794902E-13  2.8421709430E-13  2.8421709430E-13
HessDelSqRho_EigVals =  7.1379077372E+02  7.2164022511E+02  6.7951837878E+03
HessDelSqRho_EigVec1 =  4.2356149028E-01  8.0005713374E-01 -4.2485791354E-01
HessDelSqRho_EigVec2 =  7.0993279170E-01 -1.8583572276E-03  7.0426697905E-01
HessDelSqRho_EigVec3 = -5.6266428287E-01  5.9992093584E-01  5.6877392303E-01
</CP of DelSqRho>
<CP of DelSqRho>
CP# = 58      
Type = (3,+3)
Coords =  3.37276844016673E-01 -3.59680157325839E-01 -3.40978452075756E-01
DistFromNuc =  5.9947031197E-01
Rho =  4.1191463009E+00
DelSqRho = -5.5633665445E+01
GradDelSqRho = -2.8421709430E-14 -1.9184653866E-13  2.8421709430E-14
HessDelSqRho_EigVals =  7.1379133938E+02  7.2164090717E+02  6.7951875313E+03
HessDelSqRho_EigVec1 =  4.2347596467E-01  8.0005685205E-01 -4.2494369137E-01
HessDelSqRho_EigVec2 =  7.0998405583E-01 -1.7614104574E-03  7.0421554789E-01
HessDelSqRho_EigVec3 = -5.6266397415E-01  5.9992160398E-01  5.6877352371E-01
</CP of DelSqRho>
<CP of DelSqRho>
CP# = 59      
Type = (3,+3)
Coords =  3.04987234656399E-01 -1.67589884421624E-01  5.12733177136674E-01
DistFromNuc =  6.1969088723E-01
Rho =  3.4098333898E+00
DelSqRho = -3.5306355201E+01
GradDelSqRho = -1.9362289549E-13  7.1054273576E-14 -1.8474111130E-13
HessDelSqRho_EigVals =  3.7770333931E+00  4.0226031802E+02  5.3544803529E+03
HessDelSqRho_EigVec1 =  6.7824039802E-01  7.1497069588E-01 -1.6972585697E-01
HessDelSqRho_EigVec2 =  5.4623686948E-01 -6.4503043841E-01 -5.3437909386E-01
HessDelSqRho_EigVec3 =  4.9154373653E-01 -2.6972696853E-01  8.2802905597E-01
</CP of DelSqRho>
<CP of DelSqRho>
CP# = 60      
Type = (3,+3)
Coords = -3.05024215575295E-01  1.67514153280009E-01 -5.12770820342893E-01
DistFromNuc =  6.1969086771E-01
Rho =  3.4098338766E+00
DelSqRho = -3.5306373291E+01
GradDelSqRho = -2.7888802379E-13  7.1054273576E-14 -2.7000623959E-13
HessDelSqRho_EigVals =  3.7774432202E+00  4.0226075823E+02  5.3544818980E+03
HessDelSqRho_EigVec1 =  6.7824730976E-01  7.1496796431E-01 -1.6970974287E-01
HessDelSqRho_EigVec2 =  5.4623919114E-01 -6.4502837091E-01 -5.3437921628E-01
