 AIMExt (Version 19.02.13, Professional)
 Portions Copyright (c) 1997-2019 by Todd A. Keith
 AIMExt is a component of the AIMAll package ( http://aim.tkgristmill.com )

 TP:  64-bit Linux

 Licensed To:  Research Group of Fernando Cortes Guzman, UNAM, fercor@unam.mx

 AIMExt is a heavily modified and extended version of the EXTREME program
 developed by members of R.F.W. Bader's research group

 Much of the Quantum Theory of Atoms in Molecules (QTAIM) is described in the book:
   "Atoms in Molecules - A Quantum Theory"
   R.F.W. Bader, Oxford University Press, Oxford, 1990

 For additional references see:  http://aim.tkgristmill.com/references.html

 Wfx File:  /home/scratch/M_H2O_4_cuadrado_plano/Opt/Mn4_cuadrado_plano_cc-pvtz-def2-tzv_5.wfx
 ExtOut File:  /home/scratch/M_H2O_4_cuadrado_plano/Opt/Mn4_cuadrado_plano_cc-pvtz-def2-tzv_5.extout
 Mgp File:  /home/scratch/M_H2O_4_cuadrado_plano/Opt/Mn4_cuadrado_plano_cc-pvtz-def2-tzv_5.mgp

 MgpViz File:  /home/scratch/M_H2O_4_cuadrado_plano/Opt/Mn4_cuadrado_plano_cc-pvtz-def2-tzv_5.mgpviz

 Wfx Title:   Mn4_cuadrado_plano_cc-pvtz-def2-tzv_5                                         
 Job Title:  Auto                                                                           

 The nuclear coordinates:
      Mn1          -8.2444077252E-04 -2.7075205548E-08  6.0363221374E-05
      O2            3.4584025307E+00 -7.6601552524E-06 -5.9044609246E-05
      H3            4.6113391862E+00 -1.4208010876E-04 -1.5420600078E+00
      O4           -3.4579956583E+00  7.5884710137E-06  2.0499617002E-05
      H5           -4.6111615871E+00 -1.4680348848E-04  1.5420112080E+00
      O6            7.2500156215E-04  3.4581989294E+00 -4.2882217920E-05
      H7            1.5401619406E+00  4.6349545792E+00  5.1582952270E-04
      O8            7.0974256899E-04 -3.4581990004E+00 -4.4635356437E-05
      H9           -1.5374717571E+00 -4.6366589217E+00 -6.9083901389E-04
      H10           1.5401427810E+00 -4.6349594388E+00  5.2768686989E-04
      H11          -4.6112826758E+00  1.6520471885E-04 -1.5418732078E+00
      H12          -1.5374524434E+00  4.6366641684E+00 -6.7454040465E-04
      H13           4.6116026429E+00  1.2511039799E-04  1.5417432906E+00

 Number of primitives read from wavefunction =    689
 Number of unique primitives to be used =    689

 Using MO basis.

 Number of processors used for this job =    1

 Total memory allocated for AIMExt =       18.076 Megabytes
 
Model:  Unrestricted SCF
 
 Unrestricted, single-determinant wavefunction.
 First Beta MO of unrestricted wavefunction =     33
   Number of electrons (from MO Occs)                   =          61.0000000000
   Number of Alpha electrons (from MO Occs)             =          32.0000000000
   Number of Beta electrons (from MO Occs)              =          29.0000000000
   Number of electron pairs (N*(N-1)/2)                 =        1830.0000000000
   Number of electron pairs (from Muller 2EDM)          =        1830.0000000000

 Analyzing Rho, the electron density

 New critical point found: CP# 1     

 Number of Newton-Raphson Iterations:     1

 Coordinates of critical point and distance from molecular origin:
          X =  -8.2444074745E-04
          Y =  -2.7075205493E-08
          Z =   6.0363222619E-05
          R =   8.2664760656E-04

 Vectors and distances from nuclei to critical point:
 Nucleus           X                 Y                 Z                Dist  
 Mn1        2.5063675527E-11  5.4681786862E-17  1.2446014136E-12  2.5094558446E-11
 O2        -3.4592269715E+00  7.6330800469E-06  1.1940783186E-04  3.4592269735E+00
 H3        -4.6121636269E+00  1.4205303355E-04  1.5421203711E+00  4.8631459551E+00
 O4         3.4571712176E+00 -7.6155462192E-06  3.9863605617E-05  3.4571712178E+00
 H5         4.6103371464E+00  1.4677641327E-04 -1.5419508448E+00  4.8613599982E+00
 O6        -1.5494423096E-03 -3.4581989565E+00  1.0324544054E-04  3.4581993051E+00
 H7        -1.5409863813E+00 -4.6349546063E+00 -4.5546630008E-04  4.8844081972E+00
 O8        -1.5341833164E-03  3.4581989734E+00  1.0499857906E-04  3.4581993153E+00
 H9         1.5366473164E+00  4.6366588946E+00  7.5120223651E-04  4.8846587644E+00
 H10       -1.5409672217E+00  4.6349594117E+00 -4.6732364728E-04  4.8844067137E+00
 H11        4.6104582351E+00 -1.6523179406E-04  1.5419335710E+00  4.8614693563E+00
 H12        1.5366280026E+00 -4.6366641955E+00  7.3490362727E-04  4.8846577178E+00
 H13       -4.6124270836E+00 -1.2513747319E-04 -1.5416829274E+00  4.8632571252E+00

 Angles of vectors with respect to YZ/XZ/XY planes:
 Nucleus        YZ Angle          XZ Angle          XY Angle
 Mn1        8.7157165534E+01  1.2484961804E-04  2.8428344630E+00
 O2         8.9998018190E+01  1.2643058834E-04  1.9777726868E-03
 H3         7.1512155833E+01  1.6736165274E-03  1.8487844086E+01
 O4         8.9999327392E+01  1.2621419873E-04  6.6066083817E-04
 H5         7.1507224511E+01  1.7299002681E-03  1.8492775402E+01
 O6         2.5671310435E-02  8.9974271761E+01  1.7105804044E-03
 H7         1.8390452049E+01  7.1609547119E+01  5.3427755020E-03
 O8         2.5418497858E-02  8.9974522042E+01  1.7396263958E-03
 H9         1.8335848194E+01  7.1664149538E+01  8.8114072725E-03
 H10        1.8390220990E+01  7.1609778134E+01  5.4818679682E-03
 H11        7.1507870222E+01  1.9473710353E-03  1.8492129668E+01
 H12        1.8335613599E+01  7.1664384229E+01  8.6202307261E-03
 H13        7.1518027805E+01  1.4742895983E-03  1.8481972132E+01

 The Hessian:
  -1.9961335004E+09  1.6570821666E-04 -5.2935365093E-02
   1.6570821666E-04 -1.9961334595E+09  4.3080787652E-04
  -5.2935365093E-02  4.3080787652E-04 -1.9961342538E+09

 Eigenvalues of the Hessian: 
  -1.9961342538E+09 -1.9961335004E+09 -1.9961334595E+09

 Eigenvectors of the Hessian:
   7.0263522079E-05  9.9999999752E-01  4.0511347622E-06
  -5.4240231908E-07 -4.0510966611E-06  9.9999999999E-01
   9.9999999753E-01 -7.0263524275E-05  5.4211767342E-07

 The stress tensor:
  -4.9914484315E+08  1.4885923430E-05  7.0385360017E-03
   1.4885923430E-05 -4.9914482806E+08 -7.5621692438E-05
   7.0385360017E-03 -7.5621692438E-05 -4.9914466865E+08

 Eigenvalues of the stress tensor:
  -4.9914484315E+08 -4.9914482806E+08 -4.9914466865E+08

 Eigenvectors of the stress tensor:
   9.9999999919E-01  9.8715060466E-07  4.0337317139E-05
  -9.8713147007E-07  1.0000000000E+00 -4.7438452330E-07
  -4.0337317607E-05  4.7434470468E-07  9.9999999919E-01

 Minus divergence of the stress tensor: 
  -3.4631412586E+05 -7.5980557054E-01 -1.7193524477E+04

 Values: 
 Rho(r)                   1.0483948128E+04
 |Grad(Rho(r))|           5.9255421860E-11
 Grad(Rho(r))x            5.9122595708E-11
 Grad(Rho(r))y            2.7233921905E-15
 Grad(Rho(r))z           -3.9653107187E-12
 DelSq(Rho(r))           -5.9884012137E+09
 G(r)                     1.6701821330E+05
 K(r)                     1.4972673216E+09
 L(r)                     1.4971003034E+09
 Vnuc(r)                  2.5000000109E+09
 V(r)                    -1.4974343399E+09
 Ven(r)                  -2.6209870434E+13
 Vrep(r)                  2.6208373000E+13
 DelSq(V(r))              4.1593062366E+16
 DelSq(Ven(r))            7.8629115801E+29
 DelSq(Vrep(r))          -7.8629115801E+29
 DelSq(G(r))              2.8510595892E+14
 DelSq(K(r))             -4.1878168324E+16

 New critical point found: CP# 2     

 Number of Newton-Raphson Iterations:     2

 Coordinates of critical point and distance from molecular origin:
          X =   3.4584046585E+00
          Y =  -7.6601489941E-06
          Z =  -5.9044877100E-05
          R =   3.4584046591E+00

 Vectors and distances from nuclei to critical point:
 Nucleus           X                 Y                 Z                Dist  
 Mn1        3.4592290993E+00 -7.6330737885E-06 -1.1940809847E-04  3.4592291014E+00
 O2         2.1278424644E-06  6.2582885041E-12 -2.6785352069E-10  2.1278424813E-06
 H3        -1.1529345276E+00  1.3441995976E-04  1.5420009630E+00  1.9253636054E+00
 O4         6.9164003169E+00 -1.5248620008E-05 -7.9544494101E-05  6.9164003173E+00
 H5         8.0695662456E+00  1.3914333948E-04 -1.5420702529E+00  8.2155876282E+00
 O6         3.4576796570E+00 -3.4582065895E+00 -1.6162659180E-05  4.8902700771E+00
 H7         1.9182427180E+00 -4.6349622393E+00 -5.7487439980E-04  5.0162267109E+00
 O8         3.4576949160E+00  3.4581913403E+00 -1.4409520662E-05  4.8902700823E+00
 H9         4.9958764157E+00  4.6366512616E+00  6.3179413679E-04  6.8159604225E+00
 H10        1.9182618776E+00  4.6349517786E+00 -5.8673174699E-04  5.0162243735E+00
 H11        8.0696873344E+00 -1.7286486785E-04  1.5418141629E+00  8.2156585018E+00
 H12        4.9958571019E+00 -4.6366718285E+00  6.1549552755E-04  6.8159602557E+00
 H13       -1.1531979843E+00 -1.3277054698E-04 -1.5418023355E+00  1.9253623166E+00

 Angles of vectors with respect to YZ/XZ/XY planes:
 Nucleus        YZ Angle          XZ Angle          XY Angle
 Mn1        8.9998018187E+01  1.2643058834E-04  1.9777758196E-03
 O2         8.9992785620E+01  1.6851597279E-04  7.2124118474E-03
 H3         3.6784998056E+01  4.0001256142E-03  5.3215001653E+01
 O4         8.9999329051E+01  1.2632099726E-04  6.5895011087E-04
 H5         7.9181379163E+01  9.7039065317E-04  1.0818620792E+01
 O6         4.4995634542E+01  4.5004365458E+01  1.8936653282E-04
 H7         2.2482888722E+01  6.7517110213E+01  6.5662655479E-03
 O8         4.4995887292E+01  4.5004112707E+01  1.6882496852E-04
 H9         4.7135737339E+01  4.2864262167E+01  5.3109371757E-03
 H10        2.2483136616E+01  6.7516862275E+01  6.7017043297E-03
 H11        7.9183291869E+01  1.2055549931E-03  1.0816708062E+01
 H12        4.7135500187E+01  4.2864499344E+01  5.1739292312E-03
 H13        3.6794816567E+01  3.9510443448E-03  5.3205183149E+01

 The Hessian:
  -1.1092894031E+06  3.6482248444E-05 -3.0672326970E-04
   3.6482248444E-05 -1.1092668594E+06 -2.0733419536E-03
  -3.0672326970E-04 -2.0733419536E-03 -1.1092924632E+06

 Eigenvalues of the Hessian: 
  -1.1092924632E+06 -1.1092894031E+06 -1.1092668594E+06

 Eigenvectors of the Hessian:
   1.0022989198E-04  9.9999999498E-01  1.6193936753E-06
   8.0977618102E-05 -1.6275100561E-06  9.9999999672E-01
   9.9999999170E-01 -1.0022976051E-04 -8.0977780820E-05

 The stress tensor:
  -2.7736440279E+05 -8.4429844088E-06  5.0712542757E-05
  -8.4429844088E-06 -2.7736966461E+05  4.6991821430E-04
   5.0712542757E-05  4.6991821430E-04 -2.7736380156E+05

 Eigenvalues of the stress tensor:
  -2.7736966461E+05 -2.7736440279E+05 -2.7736380156E+05

 Eigenvectors of the stress tensor:
   1.6053476029E-06  9.9999999644E-01  8.4346705623E-05
   9.9999999679E-01 -1.6121079058E-06  8.0148978712E-05
  -8.0149114403E-05 -8.4346576685E-05  9.9999999323E-01

 Minus divergence of the stress tensor: 
  -6.4783941959E+04 -1.9067137227E-01  8.1602813353E+00

 Values: 
 Rho(r)                   2.9719570756E+02
 |Grad(Rho(r))|           2.7742252976E-11
 Grad(Rho(r))x           -2.7742252939E-11
 Grad(Rho(r))y           -2.7787932274E-16
 Grad(Rho(r))z           -1.3972655498E-15
 DelSq(Rho(r))           -3.3278487257E+06
 G(r)                     6.7843761849E+01
 K(r)                     8.3203002519E+05
 L(r)                     8.3196218142E+05
 Vnuc(r)                  3.7596904247E+06
 V(r)                    -8.3209786895E+05
 Ven(r)                  -1.1173638559E+09
 Vrep(r)                  1.1165317581E+09
 DelSq(V(r))              9.3042982643E+10
 DelSq(Ven(r))            1.2511681118E+13
 DelSq(Vrep(r))          -1.2418638136E+13
 DelSq(G(r))              3.1058311753E+09
 DelSq(K(r))             -9.6148813818E+10

 New critical point found: CP# 3     

 Number of Newton-Raphson Iterations:     7

 Coordinates of critical point and distance from molecular origin:
          X =   4.5763242306E+00
          Y =  -1.3830641275E-04
          Z =  -1.4973667245E+00
          R =   4.8150649622E+00

 Vectors and distances from nuclei to critical point:
 Nucleus           X                 Y                 Z                Dist  
 Mn1        4.5771486714E+00 -1.3827933755E-04 -1.4974270877E+00  4.8158673011E+00
 O2         1.1179216999E+00 -1.3064625750E-04 -1.4973076799E+00  1.8686035514E+00
 H3        -3.5014955547E-02  3.7736960038E-06  4.4693283370E-02  5.6776198398E-02
 O4         8.0343198889E+00 -1.4589488377E-04 -1.4973872241E+00  8.1726656972E+00
 H5         9.1874858177E+00  8.4970757227E-06 -3.0393779325E+00  9.6771748908E+00
 O6         4.5755992291E+00 -3.4583372358E+00 -1.4973238423E+00  5.9277469101E+00
 H7         3.0361622900E+00 -4.6350928856E+00 -1.4978825540E+00  5.7398623377E+00
 O8         4.5756144881E+00  3.4580606940E+00 -1.4973220891E+00  5.9275969115E+00
 H9         6.1137959878E+00  4.6365206153E+00 -1.4966758855E+00  7.8176635577E+00
 H10        3.0361814497E+00  4.6348211324E+00 -1.4978944113E+00  5.7396561214E+00
 H11        9.1876069065E+00 -3.0351113161E-04  4.4506483289E-02  9.1877147097E+00
 H12        6.1137766740E+00 -4.6368024748E+00 -1.4966921841E+00  7.8178187433E+00
 H13       -3.5278412259E-02 -2.6341681074E-04 -3.0391100151E+00  3.0393147779E+00

 Angles of vectors with respect to YZ/XZ/XY planes:
 Nucleus        YZ Angle          XZ Angle          XY Angle
 Mn1        7.1884345510E+01  1.6451495963E-03  1.8115654410E+01
 O2         3.6745799303E+01  4.0059215069E-03  5.3254200405E+01
 H3         3.8076926254E+01  3.8082305287E-03  5.1923073485E+01
 O4         7.9442688991E+01  1.0228194029E-03  1.0557310958E+01
 H5         7.1694898659E+01  5.0307484655E-05  1.8305101341E+01
 O6         5.0524380129E+01  3.5691104966E+01  1.4631170280E+01
 H7         3.1935268492E+01  5.3854995848E+01  1.5127116298E+01
 O8         5.0526372535E+01  3.5688855288E+01  1.4631531274E+01
 H9         5.1448564877E+01  3.6376068886E+01  1.1037298642E+01
 H10        3.1936776963E+01  5.3853214981E+01  1.5127795396E+01
 H11        8.9722444264E+01  1.8927345302E-03  2.7754928261E-01
 H12        5.1446910588E+01  3.6377796773E+01  1.1037198499E+01
 H13        6.6506751338E-01  4.9658139583E-03  8.9334913946E+01

 The Hessian:
  -5.9559091350E+00 -6.4968520952E-05 -7.6637546289E-01
  -6.4968520952E-05 -6.5457336311E+00  8.3384464040E-05
  -7.6637546289E-01  8.3384464040E-05 -5.5656641820E+00

 Eigenvalues of the Hessian: 
  -6.5516116271E+00 -6.5457336382E+00 -4.9699616828E+00

 Eigenvectors of the Hessian:
   7.8953556745E-01  2.4847228623E-05 -6.1370480454E-01
   2.0672323998E-05  9.9999999754E-01  6.7082355092E-05
   6.1370480470E-01 -6.5650609852E-05  7.8953556499E-01

 The stress tensor:
  -1.4994047591E+00 -1.6475254908E-05 -1.9442591493E-01
  -1.6475254908E-05 -1.6555562256E+00  2.1741290415E-05
  -1.9442591493E-01  2.1741290415E-05 -1.3996687191E+00

 Eigenvalues of the stress tensor:
  -1.6555562275E+00 -1.6502560850E+00 -1.2488173914E+00

 Eigenvectors of the stress tensor:
  -5.2224184466E-06  7.9007800519E-01 -6.1300631782E-01
   9.9999999603E-01  5.8642177667E-05  6.7062076083E-05
  -8.8932296696E-05  6.1300631504E-01  7.9007800236E-01

 Minus divergence of the stress tensor: 
   1.3141657283E+01 -1.4164749826E-03 -1.6773450913E+01

 Values: 
 Rho(r)                   3.3451777321E-01
 |Grad(Rho(r))|           4.2767360291E-13
 Grad(Rho(r))x           -2.6435364314E-13
 Grad(Rho(r))y            2.8523834499E-17
 Grad(Rho(r))z            3.3618724124E-13
 DelSq(Rho(r))           -1.8067306948E+01
 G(r)                     1.8901483442E-02
 K(r)                     4.5357282205E+00
 L(r)                     4.5168267370E+00
 Vnuc(r)                  3.1909010318E+01
 V(r)                    -4.5546297039E+00
 Ven(r)                  -1.0674131077E+01
 Vrep(r)                  6.1195013730E+00
 DelSq(V(r))              1.0753205902E+03
 DelSq(Ven(r))            5.7650988382E+02
 DelSq(Vrep(r))           4.9881070636E+02
 DelSq(G(r))              8.3213774617E+01
 DelSq(K(r))             -1.1585343648E+03

 New critical point found: CP# 4     

 Number of Newton-Raphson Iterations:     2

 Coordinates of critical point and distance from molecular origin:
          X =  -3.4579977861E+00
          Y =   7.5884699476E-06
          Z =   2.0499766640E-05
          R =   3.4579977862E+00

 Vectors and distances from nuclei to critical point:
 Nucleus           X                 Y                 Z                Dist  
 Mn1       -3.4571733453E+00  7.6155451532E-06 -3.9863454734E-05  3.4571733456E+00
 O2        -6.9164003168E+00  1.5248625200E-05  7.9544375887E-05  6.9164003173E+00
 H3        -8.0693369723E+00  1.4966857870E-04  1.5420805076E+00  8.2153643551E+00
 O4        -2.1277926123E-06 -1.0660952161E-12  1.4963874139E-10  2.1277926176E-06
 H5         1.1531638010E+00  1.5439195842E-04 -1.5419907083E+00  1.9254926954E+00
 O6        -3.4587227877E+00 -3.4581913409E+00  6.3381984560E-05  4.8909969001E+00
 H7        -4.9981597267E+00 -4.6349469907E+00 -4.9532975606E-04  6.8164752259E+00
 O8        -3.4587075287E+00  3.4582065889E+00  6.5135123078E-05  4.8909968907E+00
 H9        -1.9205260290E+00  4.6366665102E+00  7.1133878053E-04  5.0186748311E+00
 H10       -4.9981405671E+00  4.6349670273E+00 -5.0718710325E-04  6.8164748022E+00
 H11        1.1532848897E+00 -1.5761624890E-04  1.5418937075E+00  1.9254875401E+00
 H12       -1.9205453428E+00 -4.6366565799E+00  6.9504017129E-04  5.0186730454E+00
 H13       -8.0696004290E+00 -1.1752192804E-04 -1.5417227908E+00  8.2155559922E+00

 Angles of vectors with respect to YZ/XZ/XY planes:
 Nucleus        YZ Angle          XZ Angle          XY Angle
 Mn1        8.9999327395E+01  1.2621419873E-04  6.6065807983E-04
 O2         8.9999329052E+01  1.2631811200E-04  6.5894900467E-04
 H3         7.9181008776E+01  1.0438223471E-03  1.0818991173E+01
 O4         8.9995970526E+01  2.8712700945E-05  4.0293720384E-03
 H5         3.6790644691E+01  4.5941528184E-03  5.3209354925E+01
 O6         4.5004402198E+01  4.4995597793E+01  7.4249057264E-04
 H7         4.7159293214E+01  4.2840706482E+01  4.1634867790E-03
 O8         4.5004149495E+01  4.4995850495E+01  7.6302768658E-04
 H9         2.2499534367E+01  6.7500464005E+01  8.1210102881E-03
 H10        4.7159060210E+01  4.2840939472E+01  4.2631538572E-03
 H11        3.6795258861E+01  4.6901086829E-03  5.3204740739E+01
 H12        2.2499781474E+01  6.7500216972E+01  7.9349397551E-03
 H13        7.9183804075E+01  8.1960535795E-04  1.0816195893E+01

 The Hessian:
  -1.1092889865E+06  4.2294827223E-05 -1.9485325307E-04
   4.2294827223E-05 -1.1092664614E+06  2.4499545458E-03
  -1.9485325307E-04  2.4499545458E-03 -1.1092920507E+06

 Eigenvalues of the Hessian: 
  -1.1092920507E+06 -1.1092889865E+06 -1.1092664614E+06

 Eigenvectors of the Hessian:
   6.3592161081E-05  9.9999999798E-01  1.8768465673E-06
  -9.5741547856E-05 -1.8707581505E-06  9.9999999542E-01
   9.9999999339E-01 -6.3592340481E-05  9.5741428697E-05

 The stress tensor:
  -2.7736430340E+05 -9.8238031162E-06  2.8920305011E-05
  -9.8238031162E-06 -2.7736956025E+05 -5.5612531093E-04
   2.8920305011E-05 -5.5612531093E-04 -2.7736370085E+05

 Eigenvalues of the stress tensor:
  -2.7736956025E+05 -2.7736430340E+05 -2.7736370085E+05

 Eigenvectors of the stress tensor:
   1.8682427265E-06  9.9999999885E-01  4.7997839077E-05
   9.9999999549E-01 -1.8636871589E-06 -9.4911799633E-05
   9.4911710071E-05 -4.7998016179E-05  9.9999999434E-01

 Minus divergence of the stress tensor: 
   6.4782062152E+04  3.2543458550E-02 -4.5619891402E+00

 Values: 
 Rho(r)                   2.9719569124E+02
 |Grad(Rho(r))|           1.5313084214E-11
 Grad(Rho(r))x            1.5313084134E-11
 Grad(Rho(r))y           -2.4335256575E-17
 Grad(Rho(r))z           -1.5634737428E-15
 DelSq(Rho(r))           -3.3278474987E+06
 G(r)                     6.7844910920E+01
 K(r)                     8.3202971959E+05
 L(r)                     8.3196187468E+05
 Vnuc(r)                  3.7597785343E+06
 V(r)                    -8.3209756450E+05
 Ven(r)                  -1.1173899804E+09
 Vrep(r)                  1.1165578828E+09
 DelSq(V(r))              9.3042947003E+10
 DelSq(Ven(r))            1.2511969608E+13
 DelSq(Vrep(r))          -1.2418926661E+13
 DelSq(G(r))              3.1058290413E+09
 DelSq(K(r))             -9.6148776044E+10

 New critical point found: CP# 5     

 Number of Newton-Raphson Iterations:     7

 Coordinates of critical point and distance from molecular origin:
          X =  -4.5761373433E+00
          Y =  -1.4247137535E-04
          Z =   1.4973191542E+00
          R =   4.8148725481E+00

 Vectors and distances from nuclei to critical point:
 Nucleus           X                 Y                 Z                Dist  
 Mn1       -4.5753129025E+00 -1.4244430014E-04  1.4972587910E+00  4.8140702179E+00
 O2        -8.0345398740E+00 -1.3481122010E-04  1.4973781988E+00  8.1728803047E+00
 H3        -9.1874765294E+00 -3.9126659248E-07  3.0393791620E+00  9.6771664587E+00
 O4        -1.1181416849E+00 -1.5005984636E-04  1.4972986546E+00  1.8687279393E+00
 H5         3.5024243841E-02  4.3321131264E-06 -4.4692053853E-02  5.6780959423E-02
 O6        -4.5768623448E+00 -3.4583414008E+00  1.4973620364E+00  5.9287340331E+00
 H7        -6.1162992838E+00 -4.6350970506E+00  1.4968033247E+00  7.8188018130E+00
 O8        -4.5768470858E+00  3.4580565291E+00  1.4973637895E+00  5.9285565295E+00
 H9        -3.0386655861E+00  4.6365164503E+00  1.4980099932E+00  5.7423694829E+00
 H10       -6.1162801242E+00  4.6348169674E+00  1.4967914673E+00  7.8186185209E+00
 H11        3.5145332580E-02 -3.0767609420E-04  3.0391923619E+00  3.0393955817E+00
 H12       -3.0386848999E+00 -4.6368066398E+00  1.4979936946E+00  5.7426097590E+00
 H13       -9.1877399861E+00 -2.6758177334E-04 -4.4424136398E-02  9.1878473882E+00

 Angles of vectors with respect to YZ/XZ/XY planes:
 Nucleus        YZ Angle          XZ Angle          XY Angle
 Mn1        7.1879455649E+01  1.6953341394E-03  1.8120544266E+01
 O2         7.9443033759E+01  9.4509079133E-04  1.0556966198E+01
 H3         7.1694874475E+01  2.4148365395E-06  1.8305125525E+01
 O4         3.6751369420E+01  4.6008814582E-03  5.3248630195E+01
 H5         3.8085069248E+01  4.3713913556E-03  5.1914930408E+01
 O6         5.0531998920E+01  3.5684302134E+01  1.4629061340E+01
 H7         5.1467536364E+01  3.6356970544E+01  1.1036623133E+01
 O8         5.0533850349E+01  3.5682144626E+01  1.4629526625E+01
 H9         3.1949109134E+01  5.3844830040E+01  1.5121671133E+01
 H10        5.1468997658E+01  3.6355410691E+01  1.1036796584E+01
 H11        6.6254097223E-01  5.8000155502E-03  8.9337433639E+01
 H12        3.1947841198E+01  5.3846456701E+01  1.5120854869E+01
 H13        8.9722963224E+01  1.6686505199E-03  2.7703175011E-01

 The Hessian:
  -5.9538497448E+00  7.4611300529E-05 -7.6629121603E-01
   7.4611300529E-05 -6.5438068849E+00 -9.5712839131E-05
  -7.6629121603E-01 -9.5712839131E-05 -5.5640947841E+00

 Eigenvalues of the Hessian: 
  -6.5496551719E+00 -6.5438068942E+00 -4.9682893477E+00

 Eigenvectors of the Hessian:
   7.8945148735E-01 -2.6732309201E-05 -6.1381295882E-01
  -2.6028337458E-05  9.9999999669E-01 -7.7027404118E-05
   6.1381295885E-01  7.6785929576E-05  7.8945148404E-01

 The stress tensor:
  -1.4988838686E+00  1.8897729308E-05 -1.9440345031E-01
   1.8897729308E-05 -1.6550613605E+00 -2.4970377723E-05
  -1.9440345031E-01 -2.4970377723E-05 -1.3992729874E+00

 Eigenvalues of the stress tensor:
  -1.6550613629E+00 -1.6497604735E+00 -1.2483963800E+00

 Eigenvectors of the stress tensor:
   9.5134929818E-06  7.8999394117E-01 -6.1311464900E-01
   9.9999999446E-01 -7.1801684899E-05 -7.6999307036E-05
   1.0485165087E-04  6.1311464487E-01  7.8999393748E-01

 Minus divergence of the stress tensor: 
  -1.3141062965E+01 -1.6255109564E-03  1.6767809298E+01

 Values: 
 Rho(r)                   3.3442266499E-01
 |Grad(Rho(r))|           4.2746423368E-13
 Grad(Rho(r))x            2.6298494632E-13
 Grad(Rho(r))y            3.2598062975E-17
 Grad(Rho(r))z           -3.3699345398E-13
 DelSq(Rho(r))           -1.8061751414E+01
 G(r)                     1.8890181474E-02
 K(r)                     4.5343280349E+00
 L(r)                     4.5154378535E+00
 Vnuc(r)                  3.1908509893E+01
 V(r)                    -4.5532182164E+00
 Ven(r)                  -1.0670928914E+01
 Vrep(r)                  6.1177106977E+00
 DelSq(V(r))              1.0749674910E+03
 DelSq(Ven(r))            5.7632357367E+02
 DelSq(Vrep(r))           4.9864391732E+02
 DelSq(G(r))              8.3186414988E+01
 DelSq(K(r))             -1.1581539060E+03

 New critical point found: CP# 6     

 Number of Newton-Raphson Iterations:     2

 Coordinates of critical point and distance from molecular origin:
          X =   7.2500248288E-04
          Y =   3.4582015808E+00
          Z =  -4.2882409427E-05
          R =   3.4582016571E+00

 Vectors and distances from nuclei to critical point:
 Nucleus           X                 Y                 Z                Dist  
 Mn1        1.5494432554E-03  3.4582016079E+00 -1.0324563080E-04  3.4582019565E+00
 O2        -3.4576775282E+00  3.4582092410E+00  1.6162199820E-05  4.8902704469E+00
 H3        -4.6106141837E+00  3.4583436609E+00  1.5420171254E+00  5.9662149511E+00
 O4         3.4587206608E+00  3.4581939923E+00 -6.3382026428E-05  4.8909972707E+00
 H5         4.6118865896E+00  3.4583483843E+00 -1.5420540904E+00  5.9672105946E+00
 O6         9.2072926366E-10  2.6514190616E-06 -1.9150665197E-10  2.6514192284E-06
 H7        -1.5394369381E+00 -1.1767529984E+00 -5.5871193213E-04  1.9376826411E+00
 O8         1.5259913894E-05  6.9164005813E+00  1.7529470107E-06  6.9164005813E+00
 H9         1.5381967596E+00  8.0948605025E+00  6.4795660446E-04  8.2397097186E+00
 H10       -1.5394177785E+00  8.0931610196E+00 -5.7056927932E-04  8.2382681864E+00
 H11        4.6120076783E+00  3.4580363761E+00  1.5418303253E+00  5.9670655397E+00
 H12        1.5381774458E+00 -1.1784625876E+00  6.3165799522E-04  1.9377214259E+00
 H13       -4.6108776404E+00  3.4580764704E+00 -1.5417861730E+00  5.9662039936E+00

 Angles of vectors with respect to YZ/XZ/XY planes:
 Nucleus        YZ Angle          XZ Angle          XY Angle
 Mn1        2.5671306431E-02  8.9974271765E+01  1.7105823219E-03
 O2         4.4995594940E+01  4.5004405060E+01  1.8936075878E-04
 H3         5.0604835507E+01  3.5426249409E+01  1.4978596324E+01
 O4         4.5004362617E+01  4.4995637374E+01  7.4249106351E-04
 H5         5.0612445724E+01  3.5419504860E+01  1.4976405998E+01
 O6         1.9896477091E-02  8.9979677702E+01  4.1383583512E-03
 H7         5.2605526812E+01  3.7394468251E+01  1.6520680652E-02
 O8         1.2641617389E-04  8.9999872755E+01  1.4514151986E-05
 H9         1.0759150692E+01  7.9240848342E+01  4.5056415625E-03
 H10        1.0769699895E+01  7.9230299356E+01  3.9682138978E-03
 H11        5.0615974528E+01  3.5416819173E+01  1.4974554454E+01
 H12        5.2542748429E+01  3.7457245266E+01  1.8677265685E-02
 H13        5.0608950293E+01  3.5423175405E+01  1.4976328554E+01

 The Hessian:
  -1.1102667275E+06 -9.6432442899E-05 -4.2321445325E-03
  -9.6432442899E-05 -1.1102634261E+06 -5.7317986248E-04
  -4.2321445325E-03 -5.7317986248E-04 -1.1102600548E+06

 Eigenvalues of the Hessian: 
  -1.1102667275E+06 -1.1102634261E+06 -1.1102600548E+06

 Eigenvectors of the Hessian:
   9.9999979844E-01 -2.9426847373E-05 -6.3423961009E-04
   2.9319032199E-05  9.9999998512E-01 -1.6999986108E-04
   6.3424460321E-04  1.6998123152E-04  9.9999978442E-01

 The stress tensor:
  -2.7760984829E+05  7.0427688131E-05  8.2581169724E-04
   7.0427688131E-05 -2.7761048562E+05  1.5567410943E-04
   8.2581169724E-04  1.5567410943E-04 -2.7761091621E+05

 Eigenvalues of the stress tensor:
  -2.7761091621E+05 -2.7761048562E+05 -2.7760984829E+05

 Eigenvectors of the stress tensor:
  -7.7326599813E-04 -1.1097139900E-04  9.9999969487E-01
  -3.6141557087E-04  9.9999992856E-01  1.1069195447E-04
   9.9999963572E-01  3.6132986627E-04  7.7330604968E-04

 Minus divergence of the stress tensor: 
  -2.8039898874E+01 -8.0801245820E+04  5.8361562502E+00

 Values: 
 Rho(r)                   2.9747342474E+02
 |Grad(Rho(r))|           9.8596690962E-11
 Grad(Rho(r))x           -3.0081406116E-14
 Grad(Rho(r))y            9.8596686371E-11
 Grad(Rho(r))z            7.2186180644E-16
 DelSq(Rho(r))           -3.3307902084E+06
 G(r)                     6.6849006597E+01
 K(r)                     8.3276440111E+05
 L(r)                     8.3269755210E+05
 Vnuc(r)                  3.0172656141E+06
 V(r)                    -8.3283125011E+05
 Ven(r)                  -8.9755633559E+08
 Vrep(r)                  8.9672350434E+08
 DelSq(V(r))              9.3124397814E+10
 DelSq(Ven(r))            1.0049878753E+13
 DelSq(Vrep(r))          -9.9567543555E+12
 DelSq(G(r))              3.1084074582E+09
 DelSq(K(r))             -9.6232805272E+10

 New critical point found: CP# 7     

 Number of Newton-Raphson Iterations:     7

 Coordinates of critical point and distance from molecular origin:
          X =   1.4945206555E+00
          Y =   4.5982707786E+00
          Z =   4.9899370250E-04
          R =   4.8350477136E+00

 Vectors and distances from nuclei to critical point:
 Nucleus           X                 Y                 Z                Dist  
 Mn1        1.4953450963E+00  4.5982708057E+00  4.3863048113E-04  4.8353026329E+00
 O2        -1.9638818752E+00  4.5982784388E+00  5.5803831175E-04  5.0000996922E+00
 H3        -3.1168185307E+00  4.5984128588E+00  1.5425590015E+00  5.7653661502E+00
 O4         4.9525163138E+00  4.5982631902E+00  4.7849408550E-04  6.7580649918E+00
 H5         6.1056822426E+00  4.5984175821E+00 -1.5415122143E+00  7.7975034347E+00
 O6         1.4937956539E+00  1.1400718492E+00  5.4187592042E-04  1.8791459685E+00
 H7        -4.5641285095E-02 -3.6683800546E-02 -1.6835820199E-05  5.8556198741E-02
 O8         1.4938109129E+00  8.0564697791E+00  5.4362905894E-04  8.1937889063E+00
 H9         3.0319924126E+00  9.2349297003E+00  1.1898327164E-03  9.7199231466E+00
 H10       -4.5622125471E-02  9.2332302174E+00 -2.8693167392E-05  9.2333429281E+00
 H11        6.1058033313E+00  4.5981055739E+00  1.5423722015E+00  7.7975843181E+00
 H12        3.0319730988E+00 -3.8393389758E-02  1.1735341071E-03  3.0322164009E+00
 H13       -3.1170819874E+00  4.5981456682E+00 -1.5412442969E+00  5.7649438579E+00

 Angles of vectors with respect to YZ/XZ/XY planes:
 Nucleus        YZ Angle          XZ Angle          XY Angle
 Mn1        1.8014383691E+01  7.1985615507E+01  5.1975393354E-03
 O2         2.3126876339E+01  6.6873122673E+01  6.3945205598E-03
 H3         3.2725220347E+01  5.2900815090E+01  1.5518893403E+01
 O4         4.7124214769E+01  4.2875784943E+01  4.0567369033E-03
 H5         5.1538879637E+01  3.6137813052E+01  1.1402087031E+01
 O6         5.2648953507E+01  3.7351041554E+01  1.6521975523E-02
 H7         5.1209708157E+01  3.8790286993E+01  1.6473430236E-02
 O8         1.0504348717E+01  7.9495650579E+01  3.8013734459E-03
 H9         1.8175932122E+01  7.1824066430E+01  7.0136761470E-03
 H10        2.8310070344E-01  8.9716899241E+01  1.7805019021E-04
 H11        5.1539561934E+01  3.6134540352E+01  1.1408413556E+01
 H12        8.9274172705E+01  7.2548845019E-01  2.2174721153E-02
 H13        3.2731030015E+01  5.2901962319E+01  1.5506498412E+01

 The Hessian:
  -5.3743041985E+00  7.8771746544E-01  3.6606641457E-04
   7.8771746544E-01 -5.7358233381E+00  2.8936220928E-04
   3.6606641457E-04  2.8936220928E-04 -6.3646227595E+00

 Eigenvalues of the Hessian: 
  -6.3646228962E+00 -6.3632548496E+00 -4.7468725502E+00

 Eigenvectors of the Hessian:
  -1.0151718002E-03 -6.2303234037E-01  7.8219541821E-01
   8.1155685615E-04  7.8219505038E-01  6.2303310067E-01
   9.9999915540E-01 -1.2672816889E-03  2.8843618999E-04

 The stress tensor:
  -1.3520424939E+00  1.9957717767E-01  9.4069044807E-05
   1.9957717767E-01 -1.4441971870E+00  7.3396050066E-05
   9.4069044807E-05  7.3396050066E-05 -1.6065536121E+00

 Eigenvalues of the stress tensor:
  -1.6065536469E+00 -1.6029470153E+00 -1.1932926308E+00

 Eigenvectors of the stress tensor:
  -4.1901973449E-04 -6.2251207038E-01  7.8261008596E-01
   6.3014015749E-05  7.8261013668E-01  6.2251214446E-01
   9.9999991023E-01 -3.1016027777E-04  2.8870210627E-04

 Minus divergence of the stress tensor: 
   1.6545633932E+01  1.3296163232E+01  6.1051682958E-03

 Values: 
 Rho(r)                   3.2712303803E-01
 |Grad(Rho(r))|           2.3131106286E-12
 Grad(Rho(r))x           -1.8061515825E-12
 Grad(Rho(r))y           -1.4450940444E-12
 Grad(Rho(r))z           -6.6635065521E-16
 DelSq(Rho(r))           -1.7474750296E+01
 G(r)                     1.7052859496E-02
 K(r)                     4.3857404335E+00
 L(r)                     4.3686875740E+00
 Vnuc(r)                  3.1409638910E+01
 V(r)                    -4.4027932930E+00
 Ven(r)                  -1.0274816504E+01
 Vrep(r)                  5.8720232108E+00
 DelSq(V(r))              1.0311830625E+03
 DelSq(Ven(r))            5.4887559684E+02
 DelSq(Vrep(r))           4.8230746570E+02
 DelSq(G(r))              7.9700155605E+01
 DelSq(K(r))             -1.1108832181E+03

 New critical point found: CP# 8     

 Number of Newton-Raphson Iterations:     2

 Coordinates of critical point and distance from molecular origin:
          X =   7.0974348306E-04
          Y =  -3.4582016519E+00
          Z =  -4.4635541666E-05
          R =   3.4582017250E+00

 Vectors and distances from nuclei to critical point:
 Nucleus           X                 Y                 Z                Dist  
 Mn1        1.5341842556E-03 -3.4582016248E+00 -1.0499876304E-04  3.4582019667E+00
 O2        -3.4576927872E+00 -3.4581939917E+00  1.4409067581E-05  4.8902704522E+00
 H3        -4.6106294427E+00 -3.4580595717E+00  1.5420153723E+00  5.9660616212E+00
 O4         3.4587054018E+00 -3.4582092403E+00 -6.5135158667E-05  4.8909972614E+00
 H5         4.6118713306E+00 -3.4580548484E+00 -1.5420558436E+00  5.9670291376E+00
 O6        -1.5258079097E-05 -6.9164005813E+00 -1.7533237457E-06  6.9164005813E+00
 H7        -1.5394521971E+00 -8.0931562310E+00 -5.6046506437E-04  8.2382699131E+00
 O8         9.1406843704E-10 -2.6514182174E-06 -1.8522837069E-10  2.6514183815E-06
 H9         1.5381815006E+00  1.1784572699E+00  6.4620347222E-04  1.9377214153E+00
 H10       -1.5394330375E+00  1.1767577869E+00 -5.7232241156E-04  1.9376824543E+00
 H11        4.6119924193E+00 -3.4583668566E+00  1.5418285722E+00  5.9672448196E+00
 H12        1.5381621868E+00 -8.0948658203E+00  6.2990486298E-04  8.2397084874E+00
 H13       -4.6108928994E+00 -3.4583267622E+00 -1.5417879261E+00  5.9663613144E+00

 Angles of vectors with respect to YZ/XZ/XY planes:
 Nucleus        YZ Angle          XZ Angle          XY Angle
 Mn1        2.5418493930E-02  8.9974522046E+01  1.7396284909E-03
 O2         4.4995847690E+01  4.5004152309E+01  1.6881849190E-04
 H3         5.0606859433E+01  3.5423948771E+01  1.4978972868E+01
 O4         4.5004109914E+01  4.4995890076E+01  7.6302864189E-04
 H5         5.0614336991E+01  3.5417285376E+01  1.4976889520E+01
 O6         1.2640175780E-04  8.9999872770E+01  1.4539241291E-05
 H7         1.0769941279E+01  7.9230057999E+01  3.8979400252E-03
 O8         1.9752546435E-02  8.9979845978E+01  4.0026891771E-03
 H9         5.2542945976E+01  3.7457047425E+01  1.9107355714E-02
 H10        5.2605344121E+01  3.7394650699E+01  1.6923133675E-02
 H11        5.0613646830E+01  3.5419488799E+01  1.4974076603E+01
 H12        1.0758907611E+01  7.9241091476E+01  4.3801173440E-03
 H13        5.0607341394E+01  3.5425050428E+01  1.4975941840E+01

 The Hessian:
  -1.1102667276E+06  1.0263110430E-04 -4.2376922894E-03
   1.0263110430E-04 -1.1102634261E+06  5.5057653576E-04
  -4.2376922894E-03  5.5057653576E-04 -1.1102600548E+06

 Eigenvalues of the Hessian: 
  -1.1102667276E+06 -1.1102634261E+06 -1.1102600548E+06

 Eigenvectors of the Hessian:
   9.9999979785E-01  3.1296020504E-05 -6.3507100802E-04
  -3.1192322903E-05  9.9999998618E-01  1.6329429712E-04
   6.3507610971E-04 -1.6327445477E-04  9.9999978501E-01

 The stress tensor:
  -2.7760984830E+05 -7.1662518966E-05  8.2318032334E-04
  -7.1662518966E-05 -2.7761048564E+05 -1.5048335665E-04
   8.2318032334E-04 -1.5048335665E-04 -2.7761091622E+05

 Eigenvalues of the stress tensor:
  -2.7761091622E+05 -2.7761048564E+05 -2.7760984830E+05

 Eigenvectors of the stress tensor:
  -7.7080261323E-04  1.1289161900E-04  9.9999969656E-01
   3.4935980688E-04  9.9999993263E-01 -1.1262235811E-04
   9.9999964191E-01 -3.4927289126E-04  7.7084200110E-04

 Minus divergence of the stress tensor: 
  -2.7836899729E+01  8.0801220043E+04  5.6449522425E+00

 Values: 
 Rho(r)                   2.9747342473E+02
 |Grad(Rho(r))|           9.8028703498E-11
 Grad(Rho(r))x           -3.7525755073E-14
 Grad(Rho(r))y           -9.8028696272E-11
 Grad(Rho(r))z           -2.9265327141E-15
 DelSq(Rho(r))           -3.3307902085E+06
 G(r)                     6.6849007269E+01
 K(r)                     8.3276440114E+05
 L(r)                     8.3269755214E+05
 Vnuc(r)                  3.0172665779E+06
 V(r)                    -8.3283125015E+05
 Ven(r)                  -8.9755662226E+08
 Vrep(r)                  8.9672379101E+08
 DelSq(V(r))              9.3124397818E+10
 DelSq(Ven(r))            1.0049881833E+13
 DelSq(Vrep(r))          -9.9567574357E+12
 DelSq(G(r))              3.1084074587E+09
 DelSq(K(r))             -9.6232805277E+10

 New critical point found: CP# 9     

 Number of Newton-Raphson Iterations:     7

 Coordinates of critical point and distance from molecular origin:
          X =  -1.4918715977E+00
          Y =  -4.5999253248E+00
          Z =  -6.7145325514E-04
          R =   4.8358033778E+00

 Vectors and distances from nuclei to critical point:
 Nucleus           X                 Y                 Z                Dist  
 Mn1       -1.4910471569E+00 -4.5999252977E+00 -7.3181647652E-04  4.8355490799E+00
 O2        -4.9502741284E+00 -4.5999176646E+00 -6.1240864590E-04  6.7575481384E+00
 H3        -6.1032107839E+00 -4.5997832447E+00  1.5413885546E+00  7.7963495590E+00
 O4         1.9661240606E+00 -4.5999329132E+00 -6.9195287215E-04  5.0025020846E+00
 H5         3.1192899894E+00 -4.5997785213E+00 -1.5426826613E+00  5.7678247439E+00
 O6        -1.4925965993E+00 -8.0581242542E+00 -6.2857103722E-04  8.1951944150E+00
 H7        -3.0320335383E+00 -9.2348799040E+00 -1.1872827778E-03  9.7198886633E+00
 O8        -1.4925813403E+00 -1.1417263243E+00 -6.2681789871E-04  1.8791855816E+00
 H9         4.5600159415E-02  3.6733596929E-02  1.9385758745E-05  5.8555375994E-02
 H10       -3.0320143787E+00  3.5034114005E-02 -1.1991401250E-03  3.0322170139E+00
 H11        3.1194110781E+00 -4.6000905295E+00  1.5412017545E+00  5.7677431637E+00
 H12        4.5580845642E-02 -9.2365894932E+00  3.0871495035E-06  9.2367019590E+00
 H13       -6.1034742406E+00 -4.6000504352E+00 -1.5424147438E+00  7.7969163811E+00

 Angles of vectors with respect to YZ/XZ/XY planes:
 Nucleus        YZ Angle          XZ Angle          XY Angle
 Mn1        1.7959891662E+01  7.2040106101E+01  8.6711963521E-03
 O2         4.7100999277E+01  4.2899000251E+01  5.1924796342E-03
 H3         5.1520357405E+01  3.6156434816E+01  1.1402870121E+01
 O4         2.3143050462E+01  6.6856948021E+01  7.9252299305E-03
 H5         3.2738709760E+01  5.2891012664E+01  1.5513386608E+01
 O6         1.0493892456E+01  7.9506106603E+01  4.3945837841E-03
 H7         1.8176254013E+01  7.1823744544E+01  6.9986699455E-03
 O8         5.2586390121E+01  3.7413603274E+01  1.9111481653E-02
 H9         5.1146518756E+01  3.8853474817E+01  1.8968748136E-02
 H10        8.9337604439E+01  6.6200787262E-01  2.2658559606E-02
 H11        3.2740660869E+01  5.2897221495E+01  1.5498344810E+01
 H12        2.8274168563E-01  8.9717258314E+01  1.9167170821E-05
 H13        5.1518228515E+01  3.6155822935E+01  1.1409722930E+01

 The Hessian:
  -5.3758410099E+00  7.8805751062E-01  4.2020189541E-04
   7.8805751062E-01 -5.7338720190E+00  3.3435342136E-04
