 AIMInt (Version 19.02.13, Professional)
 Portions Copyright (c) 1997-2019 by Todd A. Keith
 AIMInt is a component of the AIMAll package ( http://aim.tkgristmill.com )

 TP:  64-bit Linux

 Licensed To:  Research Group of Fernando Cortes Guzman, UNAM, fercor@unam.mx

 AIMInt is a heavily modified and extended version of the PROAIMV program
 developed by members of R.F.W. Bader's research group

 Much of the Quantum Theory of Atoms in Molecules (QTAIM) is described in the book:
   "Atoms in Molecules - A Quantum Theory"
   R.F.W. Bader, Oxford University Press, Oxford, 1990

 For additional references see:  http://aim.tkgristmill.com/references.html

 Current Directory:  /home/scratch/M_H2O_4_tetraedrico/Opt

 Inp File:  Co2_tetraedrico_cc-pvtz-def2-tzv_2_atomicfiles/co1.inp
 Wfx File:  Co2_tetraedrico_cc-pvtz-def2-tzv_2.wfx
 Out File:  Co2_tetraedrico_cc-pvtz-def2-tzv_2_atomicfiles/co1.int

 Wfx Title:   Co2_tetraedrico_cc-pvtz-def2-tzv_2                                            
 Job Title:   Co2_tetraedrico_cc-pvtz-def2-tzv_2                                            
 
<Atom>
Co1     
</Atom>
<Nuclei of Molecule>
    13
Co1       27.0          -1.1790565725E-03   1.3704013181E-04  -1.2342000779E-03
O2         8.0           1.4148503452E+00  -2.7671609835E+00   1.4704041064E+00
H3         1.0           2.7805705315E+00  -3.7898954201E+00   7.4410335821E-01
O4         8.0           1.6851375251E+00   2.8234188876E+00   1.0058472339E+00
H5         1.0           1.5676816542E+00   4.5457523970E+00   3.2873666344E-01
O6         8.0          -3.3003014011E+00   2.3794414088E-01   9.4112273551E-01
H7         1.0          -4.5378628170E+00  -1.1279128260E+00   1.1456068586E+00
O8         8.0           1.9559789078E-01  -2.9365504811E-01  -3.4223103502E+00
H9         1.0           1.6123489741E+00   1.7373322129E-01  -4.5248827564E+00
H10        1.0           2.8442496062E+00   2.9167851738E+00   2.4505360765E+00
H11        1.0           1.0979234412E+00  -3.4625562687E+00   3.1604651947E+00
H12        1.0          -4.2144221789E+00   1.8144440969E+00   1.2839884645E+00
H13        1.0          -1.0809295636E+00  -1.0784264326E+00  -4.5157402624E+00
</Nuclei of Molecule>
<Total Number of CPs of DelSqRho>
    88
</Total Number of CPs of DelSqRho>
<Number of (3,+3) CPs of DelSqRho>
     7
</Number of (3,+3) CPs of DelSqRho>
<Number of (3,+1) CPs of DelSqRho>
    29
</Number of (3,+1) CPs of DelSqRho>
<Number of (3,-1) CPs of DelSqRho>
    36
</Number of (3,-1) CPs of DelSqRho>
<Number of (3,-3) CPs of DelSqRho>
    16
</Number of (3,-3) CPs of DelSqRho>
<Number of Degenerate CPs of DelSqRho>
     0
</Number of Degenerate CPs of DelSqRho>
<CP of DelSqRho>
CP# = 1       
Type = (3,+3)
Coords = -1.17905657101890E-03  1.37040130272398E-04 -1.23420008488856E-03
DistFromNuc =  7.3001951902E-12
Rho =  1.3269046808E+04
DelSqRho = -8.8938674803E+09
GradDelSqRho = -9.1518595582E-03  7.5599586125E-04  5.3082918748E-03
HessDelSqRho_EigVals =  9.8548960562E+16  9.8548960565E+16  9.8548960581E+16
HessDelSqRho_EigVec1 =  9.5899620398E-01  2.7755599618E-01  5.7349365646E-02
HessDelSqRho_EigVec2 = -2.6710568780E-01  9.5276087456E-01 -1.4457270647E-01
HessDelSqRho_EigVec3 = -9.4767253332E-02  1.2332633494E-01  9.8783084726E-01
</CP of DelSqRho>
<CP of DelSqRho>
CP# = 2       
Type = (3,+1)
Coords =  1.96811830967491E-01  3.56383223450432E-02  1.78596662788466E-01
DistFromNuc =  2.6981451374E-01
Rho =  2.9386049197E+01
DelSqRho =  2.3117471021E+03
GradDelSqRho = -1.8758328224E-11 -2.2737367544E-13 -9.0949470177E-12
HessDelSqRho_EigVals = -8.6483760126E+05  2.6076596733E+04  2.8441484995E+04
HessDelSqRho_EigVec1 =  7.3420269201E-01  1.3241609628E-01  6.6589217182E-01
HessDelSqRho_EigVec2 = -6.7836723195E-01  1.8301551080E-01  7.1156392644E-01
HessDelSqRho_EigVec3 =  2.7646078571E-02  9.7415157971E-01 -2.2419722141E-01
</CP of DelSqRho>
<CP of DelSqRho>
CP# = 3       
Type = (3,-3)
Coords =  3.70993683476752E-02 -3.89108214241682E-02 -2.63899477941677E-01
DistFromNuc =  2.6829651787E-01
Rho =  2.8847676890E+01
DelSqRho =  2.6328747288E+03
GradDelSqRho = -4.0358827391E-12  4.2064129957E-12  6.8212102633E-12
HessDelSqRho_EigVals = -9.0808631248E+05 -1.7043586429E+04 -1.5987939816E+04
HessDelSqRho_EigVec1 = -1.4196250409E-01  1.4501844605E-01  9.7919165526E-01
HessDelSqRho_EigVec2 =  5.4850635685E-01  8.3498056952E-01 -4.4138702072E-02
HessDelSqRho_EigVec3 = -8.2400693197E-01  5.3082680681E-01 -1.9807947203E-01
</CP of DelSqRho>
<CP of DelSqRho>
CP# = 4       
Type = (3,-1)
Coords =  2.34357212993468E-01 -1.18684311810391E-01  5.00138966793379E-02
DistFromNuc =  2.6874191221E-01
Rho =  2.8992092212E+01
DelSqRho =  2.5513153507E+03
GradDelSqRho =  0.0000000000E+00 -8.1854523160E-12 -9.9760200101E-12
HessDelSqRho_EigVals = -8.9629823888E+05 -2.6972951124E+04  1.5292874194E+04
HessDelSqRho_EigVec1 =  8.7580039294E-01 -4.4314613623E-01  1.9129865049E-01
HessDelSqRho_EigVec2 =  1.6707864115E-01  6.5016345717E-01  7.4119646966E-01
HessDelSqRho_EigVec3 = -4.5283374367E-01 -6.1717824079E-01  6.4345366554E-01
</CP of DelSqRho>
<CP of DelSqRho>
CP# = 5       
Type = (3,+1)
Coords =  1.23484495221672E-01  1.72889857575542E-01 -1.66762795893340E-01
DistFromNuc =  2.6978556876E-01
Rho =  2.9398036782E+01
DelSqRho =  2.3103787709E+03
GradDelSqRho = -5.0590642786E-12 -2.1032064978E-12  2.5011104299E-12
HessDelSqRho_EigVals = -8.6503043095E+05  2.6912233896E+04  2.8148496266E+04
HessDelSqRho_EigVec1 =  4.6229259495E-01  6.4035778016E-01 -6.1337384200E-01
HessDelSqRho_EigVec2 =  4.9444573614E-02  6.7203573891E-01  7.3886615822E-01
HessDelSqRho_EigVec3 =  8.8534783605E-01 -3.7190036169E-01  2.7901492824E-01
</CP of DelSqRho>
<CP of DelSqRho>
CP# = 6       
Type = (3,+1)
Coords = -1.99424864493414E-01 -3.62208228723092E-02 -1.80572186785607E-01
DistFromNuc =  2.6978770920E-01
Rho =  2.9395732651E+01
DelSqRho =  2.3118400388E+03
GradDelSqRho =  1.3642420527E-12  1.4210854715E-12  5.0590642786E-12
HessDelSqRho_EigVals = -8.6509138507E+05  2.6337058295E+04  2.8168745802E+04
HessDelSqRho_EigVec1 =  7.3467563298E-01  1.3392365542E-01  6.6506854445E-01
HessDelSqRho_EigVec2 = -6.7731151988E-01  2.0077276777E-01  7.0777072612E-01
HessDelSqRho_EigVec3 =  3.8740409586E-02  9.7044049289E-01 -2.3821089485E-01
</CP of DelSqRho>
<CP of DelSqRho>
CP# = 7       
Type = (3,+1)
Coords = -1.26044335352792E-01 -1.72585188984326E-01  1.64247254201399E-01
DistFromNuc =  2.6983035038E-01
Rho =  2.9382089086E+01
DelSqRho =  2.3100519655E+03
GradDelSqRho = -1.3642420527E-12 -2.5011104299E-12  2.8990143619E-12
HessDelSqRho_EigVals = -8.6455052947E+05  2.6677210236E+04  2.8413710358E+04
HessDelSqRho_EigVec1 =  4.6263909015E-01  6.4029083465E-01 -6.1318245191E-01
HessDelSqRho_EigVec2 =  2.0003157676E-01  5.9842691453E-01  7.7580448327E-01
HessDelSqRho_EigVec3 =  8.6368538286E-01 -4.8157333297E-01  1.4877729802E-01
</CP of DelSqRho>
<CP of DelSqRho>
CP# = 8       
Type = (3,+1)
Coords = -3.22309170843492E-03 -1.50285177274562E-01  1.18620855158945E-02
DistFromNuc =  1.5100508026E-01
Rho =  1.2099428949E+02
DelSqRho = -8.6186596118E+03
GradDelSqRho = -4.4565240387E-11 -8.7311491370E-11 -7.2759576142E-12
HessDelSqRho_EigVals = -1.0152873745E+05  4.2303107822E+04  1.8566736962E+07
HessDelSqRho_EigVec1 =  7.0490637835E-01 -7.1225689914E-02 -7.0571516836E-01
HessDelSqRho_EigVec2 =  7.0916093824E-01  5.1044507695E-02  7.0319643195E-01
HessDelSqRho_EigVec3 =  1.4062767669E-02  9.9615328104E-01 -8.6492076140E-02
</CP of DelSqRho>
<CP of DelSqRho>
CP# = 9       
Type = (3,-1)
Coords =  4.29963120266002E-02 -8.52405973027527E-02  2.49782088720518E-01
DistFromNuc =  2.6879356653E-01
Rho =  2.8885515178E+01
DelSqRho =  2.5675388610E+03
GradDelSqRho =  2.1600499167E-12 -7.7307049651E-12  3.7516656448E-12
HessDelSqRho_EigVals = -8.9708970506E+05 -2.7911123653E+04  1.2412032948E+04
HessDelSqRho_EigVec1 =  1.6465789749E-01 -3.1873049994E-01  9.3343379262E-01
HessDelSqRho_EigVec2 =  8.3796768330E-01  5.4439033630E-01  3.8069981431E-02
HessDelSqRho_EigVec3 = -5.2028640050E-01  7.7591882961E-01  3.5672402682E-01
</CP of DelSqRho>
<CP of DelSqRho>
CP# = 10      
Type = (3,-1)
Coords =  1.55833023198724E-02 -1.79839415393074E-02 -1.50200376737530E-01
DistFromNuc =  1.5099757760E-01
Rho =  1.2086633749E+02
DelSqRho = -8.5386727174E+03
GradDelSqRho =  2.9103830457E-11 -3.6379788071E-12  2.9103830457E-11
HessDelSqRho_EigVals = -7.2327978573E+04 -5.5813472459E+04  1.8575127610E+07
HessDelSqRho_EigVec1 = -8.6914282340E-01 -4.9310434497E-01 -3.7932275216E-02
HessDelSqRho_EigVec2 = -4.8189034604E-01  8.6163075227E-01 -1.5929262735E-01
HessDelSqRho_EigVec3 = -1.1123150150E-01  1.2016884665E-01  9.8650240819E-01
</CP of DelSqRho>
<CP of DelSqRho>
CP# = 11      
Type = (3,-1)
Coords =  6.36991040387905E-02 -1.13089473836999E-01  7.47397502878647E-02
DistFromNuc =  1.5100152424E-01
Rho =  1.2084151603E+02
DelSqRho = -8.5080192599E+03
GradDelSqRho =  2.9103830457E-11  0.0000000000E+00 -4.3655745685E-11
HessDelSqRho_EigVals = -8.2169123731E+04 -7.0251071882E+04  1.8567879269E+07
HessDelSqRho_EigVec1 = -7.4610430436E-01  1.9292110604E-02  6.6554953346E-01
HessDelSqRho_EigVec2 =  5.0859323251E-01  6.6163633894E-01  5.5097212165E-01
HessDelSqRho_EigVec3 = -4.2972234159E-01  7.4957666017E-01 -5.0346155729E-01
</CP of DelSqRho>
<CP of DelSqRho>
CP# = 12      
Type = (3,+1)
Coords = -2.52691230588090E-02 -9.81258768802188E-02 -1.13304369174929E-01
DistFromNuc =  1.5098230017E-01
Rho =  1.2104045881E+02
DelSqRho = -8.6440454197E+03
GradDelSqRho =  2.9103830457E-11  8.7311491370E-11  0.0000000000E+00
HessDelSqRho_EigVals = -9.4599433713E+04  4.6128360925E+04  1.8595537802E+07
HessDelSqRho_EigVec1 =  8.9414770198E-01 -4.1397224836E-01  1.7066594457E-01
HessDelSqRho_EigVec2 =  4.1829583579E-01  6.3623377043E-01 -6.4825549217E-01
HessDelSqRho_EigVec3 =  1.5977634621E-01  6.5102501254E-01  7.4204983137E-01
</CP of DelSqRho>
<CP of DelSqRho>
CP# = 13      
Type = (3,+1)
Coords =  1.05506243686390E-01 -1.13204343666008E-02 -1.07436749384334E-01
DistFromNuc =  1.5097022386E-01
Rho =  1.2106600772E+02
DelSqRho = -8.6548038816E+03
GradDelSqRho = -5.8207660913E-11  4.9112713896E-11  5.8207660913E-11
HessDelSqRho_EigVals = -9.2512523408E+04  4.8133393313E+04  1.8609776887E+07
HessDelSqRho_EigVec1 = -4.3049684529E-02  9.8774314958E-01 -1.5003397992E-01
HessDelSqRho_EigVec2 =  7.0597529032E-01  1.3633522324E-01  6.9499035702E-01
HessDelSqRho_EigVec3 =  7.0692688032E-01 -7.6001166909E-02 -7.0319144514E-01
</CP of DelSqRho>
<CP of DelSqRho>
CP# = 14      
Type = (3,+1)
Coords = -1.38542542158533E-01  2.07835100603574E-01  1.02692502481477E-01
DistFromNuc =  2.6982952211E-01
Rho =  2.9378554361E+01
DelSqRho =  2.3119131087E+03
GradDelSqRho = -1.3642420527E-12 -4.8885340220E-12 -8.0717654782E-12
HessDelSqRho_EigVals = -8.6468815165E+05  2.6140380076E+04  2.8322599437E+04
HessDelSqRho_EigVec1 = -5.0962418132E-01  7.6905938187E-01  3.8578603004E-01
HessDelSqRho_EigVec2 =  2.4261532584E-01 -3.0173723296E-01  9.2200458020E-01
HessDelSqRho_EigVec3 =  8.2548228175E-01  5.6347343274E-01 -3.2813002202E-02
</CP of DelSqRho>
<CP of DelSqRho>
CP# = 15      
Type = (3,+1)
Coords = -8.63810218133313E-02  1.92725693305973E-02  1.21937415799040E-01
DistFromNuc =  1.5098606001E-01
Rho =  1.2100887089E+02
DelSqRho = -8.6237450840E+03
GradDelSqRho =  4.3655745685E-11 -2.5465851650E-11  2.9103830457E-11
HessDelSqRho_EigVals = -9.7639321874E+04  3.3592704737E+04  1.8590572102E+07
HessDelSqRho_EigVec1 = -2.8778915749E-02  9.8455958346E-01 -1.7266789114E-01
HessDelSqRho_EigVec2 =  8.2536761100E-01  1.2084733521E-01  5.5151085963E-01
HessDelSqRho_EigVec3 = -5.6386175675E-01  1.2664260024E-01  8.1610144656E-01
</CP of DelSqRho>
<CP of DelSqRho>
CP# = 16      
Type = (3,+1)
Coords =  1.36652147065382E-01 -2.06732174891702E-01 -1.06038727070693E-01
DistFromNuc =  2.6977083182E-01
Rho =  2.9398881430E+01
DelSqRho =  2.3124439031E+03
GradDelSqRho = -5.6843418861E-13  1.1937117961E-11 -2.0463630790E-12
HessDelSqRho_EigVals = -8.6534161832E+05  2.6355440287E+04  2.8073250683E+04
HessDelSqRho_EigVec1 = -5.1046067423E-01  7.6761550043E-01  3.8755173019E-01
HessDelSqRho_EigVec2 =  2.8781650808E-01 -2.7217883139E-01  9.1819406523E-01
HessDelSqRho_EigVec3 =  8.1030337389E-01  5.8024574729E-01 -8.1995823103E-02
</CP of DelSqRho>
<CP of DelSqRho>
CP# = 17      
Type = (3,+1)
Coords =  1.72015766372942E-02 -4.07884479132936E-02  1.42906212489995E-01
DistFromNuc =  1.5096092801E-01
Rho =  1.2110199344E+02
DelSqRho = -8.6683951026E+03
GradDelSqRho =  1.4551915228E-11  7.2759576142E-11  2.9103830457E-11
HessDelSqRho_EigVals = -8.9762626832E+04  5.0727087772E+04  1.8621275523E+07
HessDelSqRho_EigVec1 =  8.4030438095E-01  5.4015156320E-01  4.6095944892E-02
HessDelSqRho_EigVec2 = -5.2828468799E-01  7.9681739899E-01  2.9325299847E-01
HessDelSqRho_EigVec3 =  1.2167101462E-01 -2.7077356120E-01  9.5492295121E-01
</CP of DelSqRho>
<CP of DelSqRho>
CP# = 18      
Type = (3,-1)
Coords = -2.66671801725926E-01  4.40214131721839E-01 -3.29801065065710E-01
DistFromNuc =  6.1000854833E-01
Rho =  3.5290140391E+00
DelSqRho = -1.5616457550E+01
GradDelSqRho = -4.9737991503E-14 -1.8474111130E-13  2.4158453016E-13
HessDelSqRho_EigVals = -6.2045972125E+02 -5.3412982347E+02  5.6734182665E+03
HessDelSqRho_EigVec1 =  8.8213705280E-01  4.6096230822E-01 -9.6684903088E-02
HessDelSqRho_EigVec2 = -1.7905783256E-01  5.1808673822E-01  8.3637576739E-01
HessDelSqRho_EigVec3 = -4.3562887035E-01  7.2048586529E-01 -5.3956242015E-01
</CP of DelSqRho>
<CP of DelSqRho>
CP# = 19      
Type = (3,-3)
Coords = -4.09250015777504E-02  4.02331492752491E-02  2.61302046355220E-01
DistFromNuc =  2.6853811425E-01
Rho =  2.8759893333E+01
DelSqRho =  2.6299585282E+03
GradDelSqRho =  5.6843418861E-13 -6.8212102633E-13 -1.5802470443E-11
HessDelSqRho_EigVals = -9.0518058222E+05 -1.6759089754E+04 -1.5698388098E+04
HessDelSqRho_EigVec1 = -1.4873636939E-01  1.4983628385E-01  9.7745924747E-01
HessDelSqRho_EigVec2 =  2.4011752947E-01  9.6434359069E-01 -1.1128796490E-01
HessDelSqRho_EigVec3 = -9.5928153556E-01  2.1815253180E-01 -1.7941128283E-01
</CP of DelSqRho>
<CP of DelSqRho>
CP# = 20      
Type = (3,-1)
Coords = -3.03811596717491E-02  2.63238087416829E-02  1.44536832003244E-01
DistFromNuc =  1.5095596533E-01
Rho =  1.2100621346E+02
DelSqRho = -8.5999589835E+03
GradDelSqRho = -5.8207660913E-11  4.7293724492E-11  2.9103830457E-11
HessDelSqRho_EigVals = -5.9732082368E+04 -3.7957535580E+04  1.8625593561E+07
HessDelSqRho_EigVec1 =  2.1116290414E-01 -9.5387475593E-01  2.1338504615E-01
HessDelSqRho_EigVec2 =  9.5817555955E-01  2.4514651295E-01  1.4765765900E-01
HessDelSqRho_EigVec3 = -1.9315751342E-01  1.7328051590E-01  9.6574532762E-01
</CP of DelSqRho>
<CP of DelSqRho>
CP# = 21      
Type = (3,-1)
Coords = -4.68459197168310E-02  8.70537297064168E-02 -2.51208935242509E-01
DistFromNuc =  2.6856533942E-01
Rho =  2.8968316664E+01
DelSqRho =  2.5706943054E+03
GradDelSqRho =  4.0927261580E-12 -4.5474735089E-13  4.4337866711E-12
HessDelSqRho_EigVals = -8.9989529852E+05 -2.8243930177E+04  1.2095924970E+04
HessDelSqRho_EigVec1 =  1.6986039808E-01 -3.2273140026E-01  9.3112399199E-01
HessDelSqRho_EigVec2 =  8.3720445125E-01  5.4567687934E-01  3.6406732391E-02
HessDelSqRho_EigVec3 = -5.1984242995E-01  7.7335708870E-01  3.6288105680E-01
</CP of DelSqRho>
<CP of DelSqRho>
CP# = 22      
Type = (3,-3)
Coords =  2.59943666175401E-01 -5.95205078676399E-04 -6.35350025529754E-02
DistFromNuc =  2.6845298007E-01
Rho =  2.8772174714E+01
DelSqRho =  2.6456347601E+03
GradDelSqRho =  7.0485839387E-12  3.1548097468E-12 -1.9895196601E-12
HessDelSqRho_EigVals = -9.0728643461E+05 -2.0494344850E+04 -1.7320056971E+04
HessDelSqRho_EigVec1 =  9.7282240585E-01 -2.0004167820E-03 -2.3154387273E-01
HessDelSqRho_EigVec2 = -5.1113769418E-02  9.7344023304E-01 -2.2316248626E-01
HessDelSqRho_EigVec3 =  2.2584053941E-01  2.2893254690E-01  9.4688222062E-01
</CP of DelSqRho>
<CP of DelSqRho>
CP# = 23      
Type = (3,-1)
Coords =  8.15351497307774E-03 -2.64942873508812E-01  4.09803826691129E-02
DistFromNuc =  2.6858244266E-01
Rho =  2.9047416987E+01
DelSqRho =  2.5545833415E+03
GradDelSqRho = -1.7053025658E-13 -9.3507424026E-12  3.8085090637E-12
HessDelSqRho_EigVals = -8.9845446450E+05 -2.7502998216E+04  1.5133159649E+04
HessDelSqRho_EigVec1 = -3.6081793868E-02  9.8683672840E-01 -1.5764319089E-01
HessDelSqRho_EigVec2 = -7.0404546039E-01  8.6850728723E-02  7.0482404941E-01
HessDelSqRho_EigVec3 =  7.0923768502E-01  1.3641928897E-01  6.9164418869E-01
</CP of DelSqRho>
<CP of DelSqRho>
CP# = 24      
Type = (3,-1)
Coords =  2.25953271491038E-01  1.43244381475665E-01  7.48338610002997E-03
DistFromNuc =  2.6859784420E-01
Rho =  2.9035309407E+01
DelSqRho =  2.5554880371E+03
GradDelSqRho =  6.8212102633E-12  8.7538865046E-12  1.4210854715E-12
HessDelSqRho_EigVals = -8.9835685560E+05 -2.7569457540E+04  1.5010157075E+04
HessDelSqRho_EigVec1 =  8.4498430719E-01  5.3376262543E-01  3.3150871689E-02
HessDelSqRho_EigVec2 = -2.0056526985E-01  3.7375303646E-01 -9.0558392226E-01
HessDelSqRho_EigVec3 = -4.9575709085E-01  7.5855528963E-01  4.2286969559E-01
</CP of DelSqRho>
<CP of DelSqRho>
CP# = 25      
Type = (3,-1)
Coords = -1.47514574779206E-01  4.36625732568917E-03  3.57730121381119E-02
DistFromNuc =  1.5100166861E-01
Rho =  1.2083588232E+02
DelSqRho = -8.5056136127E+03
GradDelSqRho =  2.9103830457E-11  4.5474735089E-11  7.2759576142E-11
HessDelSqRho_EigVals = -8.7437711425E+04 -6.6642735216E+04  1.8567707622E+07
HessDelSqRho_EigVec1 =  2.9026234724E-02  9.9957772944E-01  1.3566516633E-03
HessDelSqRho_EigVec2 =  2.4486080463E-01 -8.4262484743E-03  9.6952162673E-01
HessDelSqRho_EigVec3 =  9.6912365777E-01 -2.7809371490E-02 -2.4500198939E-01
</CP of DelSqRho>
<CP of DelSqRho>
CP# = 26      
Type = (3,-3)
Coords = -2.61831894649713E-01  1.94568331453556E-03  6.17177215493443E-02
DistFromNuc =  2.6815316076E-01
Rho =  2.8881638011E+01
DelSqRho =  2.6501914975E+03
GradDelSqRho = -1.1596057448E-11  3.4106051316E-13  5.6843418861E-14
HessDelSqRho_EigVals = -9.1119666152E+05 -2.1147788700E+04 -1.7562461833E+04
HessDelSqRho_EigVec1 =  9.7195460916E-01 -7.4084759477E-03 -2.3505180751E-01
HessDelSqRho_EigVec2 = -3.2717245212E-02  9.8552382248E-01 -1.6635016438E-01
HessDelSqRho_EigVec3 =  2.3288155701E-01  1.6937505663E-01  9.5764203677E-01
</CP of DelSqRho>
<CP of DelSqRho>
CP# = 27      
Type = (3,-1)
Coords = -1.76331907842339E-01  2.71430357952962E-02  2.00596458276422E-01
DistFromNuc =  2.6859534576E-01
Rho =  2.8950973211E+01
DelSqRho =  2.5713929966E+03
GradDelSqRho =  1.4779288904E-12 -1.9326762413E-12 -2.5011104299E-12
HessDelSqRho_EigVals = -8.9975928165E+05 -2.8209200225E+04  1.2044397311E+04
HessDelSqRho_EigVec1 = -6.5320278738E-01  1.0081254936E-01  7.5044183548E-01
HessDelSqRho_EigVec2 = -3.0096111594E-02  9.8685704332E-01 -1.5876838515E-01
HessDelSqRho_EigVec3 =  7.5658465661E-01  1.2629333296E-01  6.4158370571E-01
</CP of DelSqRho>
<CP of DelSqRho>
CP# = 28      
Type = (3,-1)
Coords =  1.76247527359449E-01 -2.60458480273044E-02 -2.01384330905928E-01
DistFromNuc =  2.6874860221E-01
Rho =  2.8894319204E+01
DelSqRho =  2.5689250716E+03
GradDelSqRho = -2.8421709430E-13 -1.3642420527E-12  4.0927261580E-12
HessDelSqRho_EigVals = -8.9759331658E+05 -2.8022088879E+04  1.2233931080E+04
HessDelSqRho_EigVec1 = -6.5938095036E-01  9.7105804359E-02  7.4551138493E-01
HessDelSqRho_EigVec2 = -3.1802457583E-02  9.8713309996E-01 -1.5670624319E-01
HessDelSqRho_EigVec3 =  7.5113605026E-01  1.2703820576E-01  6.4780855836E-01
</CP of DelSqRho>
<CP of DelSqRho>
CP# = 29      
Type = (3,-3)
Coords = -1.03803203369300E-01 -2.35877981662513E-01 -7.75452997777252E-02
DistFromNuc =  2.6843656598E-01
Rho =  2.8773706843E+01
DelSqRho =  2.6481236613E+03
GradDelSqRho =  1.5916157281E-12 -7.9580786405E-12  5.4569682106E-12
HessDelSqRho_EigVals = -9.0766806588E+05 -2.0429548789E+04 -1.8192072339E+04
HessDelSqRho_EigVec1 =  3.8133780350E-01  8.7974069475E-01  2.8396793765E-01
HessDelSqRho_EigVec2 =  8.8688786039E-01 -4.3481833159E-01  1.5608632742E-01
HessDelSqRho_EigVec3 = -2.6078995900E-01 -1.9232609938E-01  9.4604400996E-01
</CP of DelSqRho>
<CP of DelSqRho>
CP# = 30      
Type = (3,-3)
Coords =  1.16153759979655E-01 -1.91833631610574E-01  1.44700101476836E-01
DistFromNuc =  2.6817261049E-01
Rho =  2.8878384660E+01
DelSqRho =  2.6499933512E+03
GradDelSqRho = -6.9348971010E-12  4.0927261580E-12 -3.3537617128E-12
HessDelSqRho_EigVals = -9.1092766821E+05 -2.0916357005E+04 -1.7908882102E+04
HessDelSqRho_EigVec1 = -4.3733251556E-01  7.1675908725E-01 -5.4313596979E-01
HessDelSqRho_EigVec2 =  8.5531485529E-01  5.1808445853E-01 -4.9992152716E-03
HessDelSqRho_EigVec3 = -2.7780707184E-01  4.6673858279E-01  8.3962987451E-01
</CP of DelSqRho>
<CP of DelSqRho>
CP# = 31      
Type = (3,-3)
Coords = -1.18857119108334E-01  1.90827985576728E-01 -1.49053029143863E-01
DistFromNuc =  2.6844286041E-01
Rho =  2.8780198820E+01
DelSqRho =  2.6458664378E+03
GradDelSqRho = -8.4128259914E-12  1.3642420527E-12  1.1823431123E-11
HessDelSqRho_EigVals = -9.0741253882E+05 -2.0842383468E+04 -1.7192872550E+04
HessDelSqRho_EigVec1 = -4.3865160298E-01  7.0954267376E-01 -5.5148342252E-01
HessDelSqRho_EigVec2 =  8.3143461628E-01  5.5331605528E-01  5.0574912980E-02
HessDelSqRho_EigVec3 =  3.4102969088E-01 -4.3633764114E-01 -8.3265131530E-01
</CP of DelSqRho>
<CP of DelSqRho>
CP# = 32      
Type = (3,-1)
Coords = -1.20159780524700E-02  2.65049347685379E-01 -4.57958104709735E-02
DistFromNuc =  2.6885257425E-01
Rho =  2.8949420424E+01
DelSqRho =  2.5505869459E+03
GradDelSqRho =  3.8085090637E-12  2.8421709430E-13 -2.0179413696E-12
HessDelSqRho_EigVals = -8.9494385519E+05 -2.7138168372E+04  1.5462871938E+04
HessDelSqRho_EigVec1 = -3.8983905902E-02  9.8547281000E-01 -1.6529850523E-01
HessDelSqRho_EigVec2 = -7.0412459765E-01  9.0283996253E-02  7.0431338977E-01
HessDelSqRho_EigVec3 =  7.0900550496E-01  1.4384763040E-01  6.9037602302E-01
</CP of DelSqRho>
<CP of DelSqRho>
CP# = 33      
Type = (3,-1)
Coords =  3.40552644556640E-02  1.62109468892377E-01  2.10232805580874E-01
DistFromNuc =  2.6869093684E-01
Rho =  2.8938343584E+01
DelSqRho =  2.5647529925E+03
GradDelSqRho = -2.0463630790E-12  2.2737367544E-13  7.2759576142E-12
HessDelSqRho_EigVals = -8.9807648811E+05 -2.7495002334E+04  1.2933483984E+04
HessDelSqRho_EigVec1 =  1.3177958218E-01  6.0366875933E-01  7.8626851058E-01
HessDelSqRho_EigVec2 =  8.7172177245E-01 -4.4820821440E-01  1.9801653464E-01
HessDelSqRho_EigVec3 =  4.7194840095E-01  6.5931284346E-01 -5.8529589208E-01
</CP of DelSqRho>
<CP of DelSqRho>
CP# = 34      
Type = (3,-1)
Coords = -3.75501983841582E-02 -1.63503395180390E-01 -2.11237350107395E-01
DistFromNuc =  2.6870499632E-01
Rho =  2.8932530685E+01
DelSqRho =  2.5643326395E+03
GradDelSqRho =  0.0000000000E+00  3.0695446185E-12 -2.8421709430E-12
HessDelSqRho_EigVals = -8.9772450728E+05 -2.7500844070E+04  1.2945205814E+04
HessDelSqRho_EigVec1 =  1.3486310654E-01  6.0835676654E-01  7.8212146570E-01
HessDelSqRho_EigVec2 =  8.7461589217E-01 -4.4405349515E-01  1.9458554573E-01
HessDelSqRho_EigVec3 =  4.6568120389E-01  6.5781345232E-01 -5.9196492995E-01
</CP of DelSqRho>
<CP of DelSqRho>
CP# = 35      
Type = (3,-3)
Coords =  1.02912190601343E-01  2.35132589257434E-01  7.52402603399353E-02
DistFromNuc =  2.6815338697E-01
Rho =  2.8876983787E+01
DelSqRho =  2.6524322885E+03
GradDelSqRho =  3.9790393203E-12 -2.2737367544E-12  7.1622707765E-12
HessDelSqRho_EigVals = -9.1135655295E+05 -2.0908704086E+04 -1.8556969312E+04
HessDelSqRho_EigVec1 =  3.8923260514E-01  8.7585434508E-01  2.8526679671E-01
HessDelSqRho_EigVec2 =  8.3230334833E-01 -4.6709524491E-01  2.9848478780E-01
HessDelSqRho_EigVec3 = -3.9467596260E-01 -1.2124849852E-01  9.1078520308E-01
</CP of DelSqRho>
<CP of DelSqRho>
CP# = 36      
Type = (3,-1)
Coords = -2.27021831241140E-01 -1.45334856677579E-01 -1.10126487891026E-02
DistFromNuc =  2.6881713057E-01
Rho =  2.8955624773E+01
DelSqRho =  2.5522414192E+03
GradDelSqRho =  3.1832314562E-12  5.1727511163E-12  1.7053025658E-13
HessDelSqRho_EigVals = -8.9550446256E+05 -2.7286353744E+04  1.5297619771E+04
HessDelSqRho_EigVec1 =  8.4077649069E-01  5.4020468052E-01  3.5690276675E-02
HessDelSqRho_EigVec2 = -2.0069887570E-01  3.7223788338E-01 -9.0617819411E-01
HessDelSqRho_EigVec3 = -5.0280697488E-01  7.5473032358E-01  4.2138733332E-01
</CP of DelSqRho>
<CP of DelSqRho>
CP# = 37      
Type = (3,-1)
Coords = -2.35437096050438E-01  1.20472147733645E-01 -5.45345587824203E-02
DistFromNuc =  2.6869740494E-01
Rho =  2.9008917199E+01
DelSqRho =  2.5519416788E+03
GradDelSqRho = -1.0459189070E-11  3.6379788071E-12  2.4442670110E-12
HessDelSqRho_EigVals = -8.9688546754E+05 -2.7058516739E+04  1.5252604438E+04
HessDelSqRho_EigVec1 =  8.7250115077E-01 -4.4681155036E-01  1.9774018402E-01
HessDelSqRho_EigVec2 =  1.6814282600E-01  6.5454254969E-01  7.3709025276E-01
HessDelSqRho_EigVec3 = -4.5876980281E-01 -6.0986350040E-01  6.4621728459E-01
</CP of DelSqRho>
<CP of DelSqRho>
CP# = 38      
Type = (3,-1)
Coords =  5.91056063389960E-01 -7.07779315116293E-03 -1.47486922322761E-01
DistFromNuc =  6.1006913534E-01
Rho =  3.5265161904E+00
DelSqRho = -1.5580854250E+01
GradDelSqRho =  2.2737367544E-13  4.6185277824E-14  3.5527136788E-15
HessDelSqRho_EigVals = -6.4575342766E+02 -5.0939417274E+02  5.6680844396E+03
HessDelSqRho_EigVec1 = -1.7076839904E-02  9.9327763862E-01 -1.1448979939E-01
HessDelSqRho_EigVec2 =  2.3814725280E-01  1.1525170418E-01  9.6436659558E-01
HessDelSqRho_EigVec3 =  9.7107891931E-01 -1.0797097236E-02 -2.3851447580E-01
</CP of DelSqRho>
<CP of DelSqRho>
CP# = 39      
Type = (3,-1)
Coords = -5.91915960189906E-01 -2.04431370671628E-03  1.35907718689995E-01
DistFromNuc =  6.0645094895E-01
Rho =  3.6040020351E+00
DelSqRho = -1.7803586820E+01
GradDelSqRho = -2.8421709430E-13 -6.3948846218E-14 -9.9475983006E-14
HessDelSqRho_EigVals = -6.0371457531E+02 -5.1962393447E+02  6.0499934306E+03
HessDelSqRho_EigVec1 = -7.6232224054E-02  9.4546365614E-01 -3.1668142184E-01
HessDelSqRho_EigVec2 =  2.1253145098E-01  3.2571446808E-01  9.2127111516E-01
HessDelSqRho_EigVec3 =  9.7417607770E-01  2.9257839820E-03 -2.2577070100E-01
</CP of DelSqRho>
<CP of DelSqRho>
CP# = 40      
Type = (3,-1)
Coords =  2.25912069110851E-01  5.36483589219533E-01  1.69684665153747E-01
DistFromNuc =  6.0700186044E-01
Rho =  3.5922020379E+00
DelSqRho = -1.7308875196E+01
GradDelSqRho =  1.4210854715E-13 -1.1368683772E-13 -2.4868995752E-14
HessDelSqRho_EigVals = -6.0877847014E+02 -5.3367854849E+02  5.9896235543E+03
HessDelSqRho_EigVec1 =  9.2342364753E-01 -3.8239840973E-01 -3.2561072196E-02
HessDelSqRho_EigVec2 = -7.8758164796E-02 -2.7185469971E-01  9.5911009468E-01
HessDelSqRho_EigVec3 =  3.7561405547E-01  8.8310049172E-01  2.8115405537E-01
</CP of DelSqRho>
<CP of DelSqRho>
CP# = 41      
Type = (3,-1)
Coords = -2.41863725229236E-01 -5.32637534030127E-01 -1.76846485279931E-01
DistFromNuc =  6.1042405860E-01
Rho =  3.5192680710E+00
DelSqRho = -1.5231700500E+01
GradDelSqRho =  1.4210854715E-13  2.5579538487E-13 -2.1316282073E-14
HessDelSqRho_EigVals = -6.3175254392E+02 -5.3991942152E+02  5.6310532366E+03
HessDelSqRho_EigVec1 =  7.8273445032E-01 -4.8171948231E-01  3.9404710461E-01
HessDelSqRho_EigVec2 = -4.8240353371E-01 -6.9582862676E-02  8.7318099836E-01
HessDelSqRho_EigVec3 =  3.9320937292E-01  8.7355856449E-01  2.8684808429E-01
</CP of DelSqRho>
<CP of DelSqRho>
CP# = 42      
Type = (3,-1)
Coords = -8.44990790808279E-02  8.57328989614199E-02  5.94573301447522E-01
DistFromNuc =  6.0766393350E-01
Rho =  3.5632771671E+00
DelSqRho = -1.8295214978E+01
GradDelSqRho = -1.3500311979E-13  9.9475983006E-14  5.4001247918E-13
HessDelSqRho_EigVals = -5.1861041700E+02 -4.6988223786E+02  5.9290719745E+03
HessDelSqRho_EigVec1 =  7.4082530258E-01  6.7165485008E-01  7.5916683623E-03
HessDelSqRho_EigVec2 = -6.5728960045E-01  7.2721641787E-01 -1.9780460743E-01
HessDelSqRho_EigVec3 = -1.3837720982E-01  1.4154873349E-01  9.8021207086E-01
</CP of DelSqRho>
<CP of DelSqRho>
CP# = 43      
Type = (3,-1)
Coords =  9.40983196395833E-02 -9.38147354334325E-02 -5.90993255864827E-01
DistFromNuc =  6.0474826038E-01
Rho =  3.6288416609E+00
DelSqRho = -2.0204008573E+01
GradDelSqRho = -3.1974423109E-14  1.5631940187E-13 -2.8421709430E-14
HessDelSqRho_EigVals = -5.0205650239E+02 -4.4640710815E+02  6.2508518077E+03
HessDelSqRho_EigVec1 =  3.8556014837E-02 -9.8589398495E-01  1.6286953109E-01
HessDelSqRho_EigVec2 =  9.8681691844E-01  6.3204947113E-02  1.4898826850E-01
HessDelSqRho_EigVec3 = -1.5718079784E-01  1.5497801489E-01  9.7533379501E-01
</CP of DelSqRho>
<CP of DelSqRho>
CP# = 44      
Type = (3,+1)
Coords =  8.27044114277257E-02  3.68889158006554E-01  4.59180191214940E-01
DistFromNuc =  5.9581538445E-01
Rho =  3.8762943168E+00
DelSqRho = -2.9721279174E+01
GradDelSqRho =  7.1054273576E-14  9.5212726592E-13  1.1013412404E-12
HessDelSqRho_EigVals = -9.4613224822E+02  4.2417102771E+02  7.2746492274E+03
HessDelSqRho_EigVec1 =  8.7862673645E-01 -4.3775576118E-01  1.9074839855E-01
HessDelSqRho_EigVec2 =  4.5593479829E-01  6.5037053590E-01 -6.0757026403E-01
HessDelSqRho_EigVec3 =  1.4191024521E-01  6.2079631087E-01  7.7102102612E-01
</CP of DelSqRho>
<CP of DelSqRho>
CP# = 45      
Type = (3,-1)
Coords =  2.65725539786135E-01 -4.26077566251233E-01  3.38304913655873E-01
DistFromNuc =  6.0678147962E-01
Rho =  3.5986784310E+00
DelSqRho = -1.7581991334E+01
GradDelSqRho =  2.8421709430E-14 -2.5579538487E-13  3.1974423109E-13
HessDelSqRho_EigVals = -6.3535883559E+02 -4.9101798353E+02  6.0128431121E+03
HessDelSqRho_EigVec1 =  8.0958616465E-01  5.7963629430E-01  9.2693086770E-02
HessDelSqRho_EigVec2 = -3.8866425325E-01  4.1097925590E-01  8.2464304366E-01
HessDelSqRho_EigVec3 = -4.3989810212E-01  7.0364608827E-01 -5.5800702702E-01
</CP of DelSqRho>
<CP of DelSqRho>
CP# = 46      
Type = (3,+1)
Coords = -7.43141451425763E-02 -3.53137472515179E-01 -4.75738647146998E-01
DistFromNuc =  5.9607557638E-01
Rho =  3.8703122225E+00
DelSqRho = -2.9444533077E+01
GradDelSqRho = -1.4210854715E-13  3.1974423109E-13  2.4158453016E-13
HessDelSqRho_EigVals = -9.4573576100E+02  4.1139964012E+02  7.2369802161E+03
HessDelSqRho_EigVec1 =  8.6708635589E-01 -4.5412071869E-01  2.0478189444E-01
HessDelSqRho_EigVec2 =  4.8296043381E-01  6.6555842053E-01 -5.6901775740E-01
HessDelSqRho_EigVec3 =  1.2210843872E-01  5.9228908627E-01  7.9641896479E-01
</CP of DelSqRho>
<CP of DelSqRho>
CP# = 47      
Type = (3,+1)
Coords =  1.05563452489974E-01 -1.98302259581173E-01  5.52415102838528E-01
DistFromNuc =  5.9774548893E-01
Rho =  3.8238292666E+00
DelSqRho = -2.7830322051E+01
GradDelSqRho = -4.2632564146E-14 -8.5265128291E-14  6.2527760747E-13
HessDelSqRho_EigVals = -9.6243300142E+02  3.7061300532E+02  7.0321716195E+03
HessDelSqRho_EigVec1 =  8.3549724095E-01  5.4833334271E-01  3.5705820811E-02
HessDelSqRho_EigVec2 = -5.1919174769E-01  7.6647347317E-01  3.7809832592E-01
HessDelSqRho_EigVec3 =  1.7995635444E-01 -3.3443827563E-01  9.2507661861E-01
</CP of DelSqRho>
<CP of DelSqRho>
CP# = 48      
Type = (3,+1)
Coords = -4.02577972456885E-01  5.51471091246132E-02  4.35669246409100E-01
DistFromNuc =  5.9584546563E-01
Rho =  3.8721223428E+00
DelSqRho = -2.9470308764E+01
GradDelSqRho =  1.4210854715E-14  1.4210854715E-14  2.8421709430E-14
HessDelSqRho_EigVals = -9.5831905264E+02  4.0978370836E+02  7.2768489842E+03
HessDelSqRho_EigVec1 = -3.3976601686E-02  9.8716833888E-01 -1.5602647613E-01
HessDelSqRho_EigVec2 =  7.3658908642E-01  1.3024980970E-01  6.6368027306E-01
HessDelSqRho_EigVec3 = -6.7548657153E-01  9.2377799226E-02  7.3156287078E-01
</CP of DelSqRho>
<CP of DelSqRho>
CP# = 49      
Type = (3,+1)
Coords =  3.80811679246157E-01 -6.30123569673436E-02 -4.56398759271656E-01
DistFromNuc =  5.9756133120E-01
Rho =  3.8277066963E+00
DelSqRho = -2.7917708691E+01
GradDelSqRho = -1.7763568394E-13  3.5527136788E-14  1.5631940187E-13
HessDelSqRho_EigVals = -9.6242322175E+02  3.6661610389E+02  7.0528134143E+03
HessDelSqRho_EigVec1 = -2.9900445280E-02  9.8640490695E-01 -1.6158998395E-01
HessDelSqRho_EigVec2 =  7.6922257726E-01  1.2593981478E-01  6.2644695681E-01
HessDelSqRho_EigVec3 = -6.3828096479E-01  1.0556762096E-01  7.6253058128E-01
</CP of DelSqRho>
<CP of DelSqRho>
CP# = 50      
Type = (3,+1)
Coords = -9.28803385949069E-02  1.82340711017123E-01 -5.60713635491471E-01
DistFromNuc =  5.9550360323E-01
Rho =  3.8840776595E+00
DelSqRho = -2.9765728238E+01
GradDelSqRho =  1.9895196601E-13  5.6843418861E-14  4.2632564146E-14
HessDelSqRho_EigVals = -9.5562083666E+02  4.1204868566E+02  7.3157777117E+03
HessDelSqRho_EigVec1 =  8.3830235666E-01  5.4377861395E-01  3.9420525356E-02
HessDelSqRho_EigVec2 = -5.2297137548E-01  7.8157275904E-01  3.4006611526E-01
HessDelSqRho_EigVec3 =  1.5411067204E-01 -3.0569403221E-01  9.3957493551E-01
</CP of DelSqRho>
<CP of DelSqRho>
CP# = 51      
Type = (3,+1)
Coords = -5.08114103134702E-01 -3.11058747012754E-01 -1.79317750832145E-02
DistFromNuc =  5.9506702848E-01
Rho =  3.9183571662E+00
DelSqRho = -3.0732217155E+01
GradDelSqRho =  1.2505552149E-12  4.6895820560E-13 -3.5527136788E-15
HessDelSqRho_EigVals = -9.7113602823E+02  4.9071857901E+02  7.3517791617E+03
HessDelSqRho_EigVec1 =  1.9994897218E-01 -3.7420404045E-01  9.0553395554E-01
HessDelSqRho_EigVec2 = -4.8204722304E-01  7.6704108526E-01  4.2341285795E-01
HessDelSqRho_EigVec3 =  8.5302455023E-01  5.2117109439E-01  2.7014941933E-02
</CP of DelSqRho>
<CP of DelSqRho>
CP# = 52      
Type = (3,+1)
Coords = -1.84887249702773E-02  5.88687090529828E-01 -8.84214684093273E-02
DistFromNuc =  5.9522466868E-01
Rho =  3.9148981281E+00
DelSqRho = -3.0616177460E+01
GradDelSqRho =  0.0000000000E+00 -4.2632564146E-13  2.3092638912E-14
HessDelSqRho_EigVals = -9.7057535386E+02  4.8948558662E+02  7.3289371996E+03
HessDelSqRho_EigVec1 =  7.0391572122E-01 -8.4283472554E-02 -7.0526516551E-01
HessDelSqRho_EigVec2 =  7.0976727898E-01  1.2131671413E-01  6.9391113593E-01
HessDelSqRho_EigVec3 = -2.7075212288E-02  9.8902909519E-01 -1.4521839330E-01
</CP of DelSqRho>
<CP of DelSqRho>
CP# = 53      
Type = (3,+1)
Coords =  5.13880433077792E-01 -2.68690140051824E-01  1.22093291652072E-01
DistFromNuc =  5.9393939161E-01
Rho =  3.9517087113E+00
DelSqRho = -3.1836248695E+01
GradDelSqRho =  2.0179413696E-12 -1.0729195310E-12  6.0040861172E-13
HessDelSqRho_EigVals = -9.5965896931E+02  5.1562987775E+02  7.4972729350E+03
HessDelSqRho_EigVec1 =  1.6985866903E-01  6.6058242858E-01  7.3128577697E-01
HessDelSqRho_EigVec2 =  4.7001779992E-01  5.9792229033E-01 -6.4928591737E-01
HessDelSqRho_EigVec3 =  8.6615893479E-01 -4.5400417375E-01  2.0892321533E-01
</CP of DelSqRho>
<CP of DelSqRho>
CP# = 54      
Type = (3,+1)
Coords = -5.24391846182135E-01  2.58477360234398E-01 -1.09497048523085E-01
DistFromNuc =  5.9347467390E-01
Rho =  3.9633847262E+00
DelSqRho = -3.2289239163E+01
GradDelSqRho =  1.7053025658E-13 -5.6843418861E-14 -3.9079850467E-14
HessDelSqRho_EigVals = -9.5380660965E+02  5.2516617593E+02  7.5602433885E+03
HessDelSqRho_EigVec1 =  1.6281706985E-01  6.4408668216E-01  7.4742420861E-01
HessDelSqRho_EigVec2 =  4.4082129304E-01  6.3023362508E-01 -6.3912609509E-01
HessDelSqRho_EigVec3 =  8.8270447454E-01 -4.3354114416E-01  1.8131433190E-01
</CP of DelSqRho>
<CP of DelSqRho>
CP# = 55      
Type = (3,+1)
Coords =  4.93386336444354E-01  3.26264782940509E-01  2.24421651270087E-02
DistFromNuc =  5.9288683816E-01
Rho =  3.9793214861E+00
DelSqRho = -3.2763545335E+01
GradDelSqRho =  8.5265128291E-14  4.4053649617E-13  1.1013412404E-13
HessDelSqRho_EigVals = -9.6529844748E+02  5.4219904419E+02  7.6423429024E+03
HessDelSqRho_EigVec1 =  2.0007066738E-01 -3.6927765503E-01  9.0752726766E-01
HessDelSqRho_EigVec2 = -5.1572947541E-01  7.4786049498E-01  4.1800453136E-01
HessDelSqRho_EigVec3 =  8.3306352474E-01  5.5166900723E-01  4.0822422968E-02
</CP of DelSqRho>
<CP of DelSqRho>
CP# = 56      
Type = (3,+1)
Coords =  2.59086204434471E-02 -5.82516875772042E-01  1.03090468691157E-01
DistFromNuc =  5.9253942019E-01
Rho =  3.9902546710E+00
DelSqRho = -3.3115124023E+01
GradDelSqRho = -1.2079226508E-13 -9.3791641120E-13  4.6895820560E-13
HessDelSqRho_EigVals = -9.6092161874E+02  5.5052112553E+02  7.6870134140E+03
HessDelSqRho_EigVec1 =  7.0389078578E-01 -9.2796145488E-02 -7.0422058836E-01
HessDelSqRho_EigVec2 =  7.0872353454E-01  1.5794103390E-01  6.8757950914E-01
HessDelSqRho_EigVec3 = -4.7420599655E-02  9.8307858546E-01 -1.7694005068E-01
</CP of DelSqRho>
<CP of DelSqRho>
CP# = 57      
Type = (3,+3)
Coords = -2.92611303966670E-01  4.31258407301596E-01  2.19887424208493E-01
DistFromNuc =  5.6541414979E-01
Rho =  4.8960589127E+00
DelSqRho = -7.6895386796E+01
GradDelSqRho =  7.8159700934E-14  1.9895196601E-13 -1.4921397451E-13
HessDelSqRho_EigVals =  1.2469829802E+03  1.2884989655E+03  1.1843358399E+04
HessDelSqRho_EigVec1 =  4.6995226851E-01 -1.3100491759E-01  8.7291613394E-01
HessDelSqRho_EigVec2 =  7.1652893386E-01  6.3414962769E-01 -2.9058653901E-01
HessDelSqRho_EigVec3 = -5.1549117575E-01  7.6203147000E-01  3.9188887003E-01
</CP of DelSqRho>
<CP of DelSqRho>
CP# = 58      
Type = (3,+3)
Coords = -2.62148384182534E-01 -3.62787933990131E-01  3.44580771812929E-01
DistFromNuc =  5.6516150044E-01
Rho =  4.9052137117E+00
DelSqRho = -7.7393048168E+01
GradDelSqRho =  1.7763568394E-13  3.3395508581E-13 -3.9790393203E-13
HessDelSqRho_EigVals =  1.2636671241E+03  1.3095160647E+03  1.1890891180E+04
HessDelSqRho_EigVec1 =  4.3170911096E-01 -7.6534860012E-01 -4.7735601369E-01
HessDelSqRho_EigVec2 =  7.7498744443E-01  4.3928985069E-02  6.3044801947E-01
HessDelSqRho_EigVec3 =  4.6154274395E-01  6.4211507112E-01 -6.1210009880E-01
</CP of DelSqRho>
<CP of DelSqRho>
CP# = 59      
Type = (3,+3)
Coords =  2.61183432593593E-01  3.62200151761705E-01 -3.46377543023089E-01
DistFromNuc =  5.6484307529E-01
Rho =  4.9187552636E+00
DelSqRho = -7.7962637004E+01
GradDelSqRho =  8.5265128291E-14  3.9435121835E-13 -3.5882408156E-13
HessDelSqRho_EigVals =  1.2455088973E+03  1.3618285549E+03  1.1956792063E+04
HessDelSqRho_EigVec1 = -3.0268963336E-01 -5.3364221565E-01 -7.8968662869E-01
HessDelSqRho_EigVec2 =  8.3224322036E-01 -5.5178671651E-01  5.3876169587E-02
HessDelSqRho_EigVec3 =  4.6448919043E-01  6.4090358492E-01 -6.1114023499E-01
</CP of DelSqRho>
<CP of DelSqRho>
CP# = 60      
Type = (3,+3)
Coords =  2.85354183925132E-01 -4.37745769505819E-01 -2.14249099827318E-01
DistFromNuc =  5.6499380563E-01
Rho =  4.9155131395E+00
DelSqRho = -7.7629853285E+01
GradDelSqRho = -1.0658141036E-12  8.2422957348E-13  1.2789769244E-13
HessDelSqRho_EigVals =  1.2262425021E+03  1.3492767524E+03  1.1929622372E+04
HessDelSqRho_EigVec1 = -1.9782337981E-01  3.2077541749E-01 -9.2626618309E-01
HessDelSqRho_EigVec2 =  8.3917308033E-01  5.4378837138E-01  9.0966150064E-03
HessDelSqRho_EigVec3 = -5.0661074964E-01  7.7549812294E-01  3.7676014872E-01
</CP of DelSqRho>
<CP of DelSqRho>
CP# = 61      
Type = (3,+3)
Coords =  4.16115811362944E-01  7.97970352430132E-02  3.71640797115579E-01
DistFromNuc =  5.6525789261E-01
Rho =  4.9041731462E+00
DelSqRho = -7.7139866272E+01
GradDelSqRho = -5.4001247918E-13 -7.1054273576E-14 -1.2789769244E-13
HessDelSqRho_EigVals =  1.2512893246E+03  1.2947926327E+03  1.1872983168E+04
HessDelSqRho_EigVec1 = -6.7007908339E-01  2.6558176363E-01  6.9315247156E-01
HessDelSqRho_EigVec2 =  7.7269223440E-02  9.5368656937E-01 -2.9070843557E-01
HessDelSqRho_EigVec3 =  7.3825706168E-01  1.4123828884E-01  6.5956671888E-01
</CP of DelSqRho>
<CP of DelSqRho>
CP# = 62      
Type = (3,+3)
Coords = -4.15686366017853E-01 -7.15614179030741E-02 -3.78528000778825E-01
DistFromNuc =  5.6507308422E-01
Rho =  4.9117782239E+00
DelSqRho = -7.7483961535E+01
GradDelSqRho = -2.5579538487E-13 -1.4210854715E-14  2.8421709430E-14
HessDelSqRho_EigVals =  1.2138308341E+03  1.3546950032E+03  1.1911114578E+04
HessDelSqRho_EigVec1 = -6.7950730279E-01  1.7011366682E-01  7.1367441163E-01
HessDelSqRho_EigVec2 =  2.3610426095E-02  9.7731396976E-01 -2.1047553846E-01
HessDelSqRho_EigVec3 =  7.3328873797E-01  1.2616950849E-01  6.6810843573E-01
</CP of DelSqRho>
<CP of DelSqRho>
CP# = 63      
Type = (3,-1)
