 AIMInt (Version 19.02.13, Professional)
 Portions Copyright (c) 1997-2019 by Todd A. Keith
 AIMInt is a component of the AIMAll package ( http://aim.tkgristmill.com )

 TP:  64-bit Linux

 Licensed To:  Research Group of Fernando Cortes Guzman, UNAM, fercor@unam.mx

 AIMInt is a heavily modified and extended version of the PROAIMV program
 developed by members of R.F.W. Bader's research group

 Much of the Quantum Theory of Atoms in Molecules (QTAIM) is described in the book:
   "Atoms in Molecules - A Quantum Theory"
   R.F.W. Bader, Oxford University Press, Oxford, 1990

 For additional references see:  http://aim.tkgristmill.com/references.html

 Current Directory:  /home/scratch/M_H2O_4_tetraedrico/Opt

 Inp File:  Co2_tetraedrico_cc-pvtz-def2-tzv_2_atomicfiles/o2.inp
 Wfx File:  Co2_tetraedrico_cc-pvtz-def2-tzv_2.wfx
 Out File:  Co2_tetraedrico_cc-pvtz-def2-tzv_2_atomicfiles/o2.int

 Wfx Title:   Co2_tetraedrico_cc-pvtz-def2-tzv_2                                            
 Job Title:   Co2_tetraedrico_cc-pvtz-def2-tzv_2                                            
 
<Atom>
O2      
</Atom>
<Nuclei of Molecule>
    13
Co1       27.0          -1.1790565725E-03   1.3704013181E-04  -1.2342000779E-03
O2         8.0           1.4148503452E+00  -2.7671609835E+00   1.4704041064E+00
H3         1.0           2.7805705315E+00  -3.7898954201E+00   7.4410335821E-01
O4         8.0           1.6851375251E+00   2.8234188876E+00   1.0058472339E+00
H5         1.0           1.5676816542E+00   4.5457523970E+00   3.2873666344E-01
O6         8.0          -3.3003014011E+00   2.3794414088E-01   9.4112273551E-01
H7         1.0          -4.5378628170E+00  -1.1279128260E+00   1.1456068586E+00
O8         8.0           1.9559789078E-01  -2.9365504811E-01  -3.4223103502E+00
H9         1.0           1.6123489741E+00   1.7373322129E-01  -4.5248827564E+00
H10        1.0           2.8442496062E+00   2.9167851738E+00   2.4505360765E+00
H11        1.0           1.0979234412E+00  -3.4625562687E+00   3.1604651947E+00
H12        1.0          -4.2144221789E+00   1.8144440969E+00   1.2839884645E+00
H13        1.0          -1.0809295636E+00  -1.0784264326E+00  -4.5157402624E+00
</Nuclei of Molecule>
<Total Number of CPs of DelSqRho>
    33
</Total Number of CPs of DelSqRho>
<Number of (3,+3) CPs of DelSqRho>
     5
</Number of (3,+3) CPs of DelSqRho>
<Number of (3,+1) CPs of DelSqRho>
    14
</Number of (3,+1) CPs of DelSqRho>
<Number of (3,-1) CPs of DelSqRho>
    10
</Number of (3,-1) CPs of DelSqRho>
<Number of (3,-3) CPs of DelSqRho>
     4
</Number of (3,-3) CPs of DelSqRho>
<Number of Degenerate CPs of DelSqRho>
     0
</Number of Degenerate CPs of DelSqRho>
<CP of DelSqRho>
CP# = 1       
Type = (3,+3)
Coords =  1.41485052293607E+00 -2.76716122419176E+00  1.47040426309175E+00
DistFromNuc =  3.3777003757E-07
Rho =  2.9725731709E+02
DelSqRho = -3.3289266651E+06
GradDelSqRho = -5.3348094298E-06 -2.6796670227E-05 -1.1674273082E-05
HessDelSqRho_EigVals =  1.3238408956E+11  1.3238410922E+11  1.3238411646E+11
HessDelSqRho_EigVec1 =  6.9014412282E-01  6.0280388791E-01  4.0041049245E-01
HessDelSqRho_EigVec2 =  4.4528152955E-01 -7.8988795010E-01  4.2166501602E-01
HessDelSqRho_EigVec3 = -5.7046073412E-01  1.1271423608E-01  8.1355396367E-01
</CP of DelSqRho>
<CP of DelSqRho>
CP# = 2       
Type = (3,-1)
Coords =  7.94172525374269E-01 -1.61731541642550E+00  7.96890034694160E-01
DistFromNuc =  1.4700363903E+00
Rho =  1.5587443603E-01
DelSqRho =  4.5095840915E-01
GradDelSqRho =  4.1633363423E-16 -9.7144514655E-16  6.8695049649E-16
HessDelSqRho_EigVals = -6.0419756463E-01 -4.8314530257E-01  4.8879621155E+00
HessDelSqRho_EigVec1 =  6.7308863122E-01  5.7722097367E-01  4.6235012931E-01
HessDelSqRho_EigVec2 = -6.1356724633E-01  8.6806614014E-02  7.8485657670E-01
HessDelSqRho_EigVec3 = -4.1290062818E-01  8.1196093460E-01 -4.1259242835E-01
</CP of DelSqRho>
<CP of DelSqRho>
CP# = 3       
Type = (3,+1)
Coords =  1.21884391974690E+00 -3.19652945802432E+00  2.51728746258028E+00
DistFromNuc =  1.1483643007E+00
Rho =  4.1744129807E-01
DelSqRho = -9.7975334793E-01
GradDelSqRho =  4.4408920985E-16 -4.9960036108E-16 -5.5302984414E-15
HessDelSqRho_EigVals = -3.2180272759E+01  1.5066707898E+01  1.6022769792E+01
HessDelSqRho_EigVec1 = -1.6914876746E-01 -3.7719995404E-01  9.1055416596E-01
HessDelSqRho_EigVec2 =  6.8100537362E-01  6.2312522301E-01  3.8463832044E-01
HessDelSqRho_EigVec3 =  7.1247482452E-01 -6.8515337781E-01 -1.5147433218E-01
</CP of DelSqRho>
<CP of DelSqRho>
CP# = 4       
Type = (3,+1)
Coords =  1.32752698727009E+00 -2.90465749800506E+00  1.42816043759887E+00
DistFromNuc =  1.6827117365E-01
Rho =  2.2583678325E+01
DelSqRho =  1.2347450467E+03
GradDelSqRho =  6.0751403907E-12  1.5916157281E-11  1.3358203432E-12
HessDelSqRho_EigVals = -4.1402389689E+05  2.3051131765E+03  3.4504109776E+03
HessDelSqRho_EigVec1 =  5.2214508877E-01  8.1426077460E-01  2.5366098878E-01
HessDelSqRho_EigVec2 = -6.3251879617E-01  5.6923245951E-01 -5.2525648928E-01
HessDelSqRho_EigVec3 = -5.7208782434E-01  1.1381475296E-01  8.1225717802E-01
</CP of DelSqRho>
<CP of DelSqRho>
CP# = 5       
Type = (3,-3)
Coords =  1.29443771871515E+00 -2.65458908379676E+00  1.49740478021737E+00
DistFromNuc =  1.6703493528E-01
Rho =  2.2699030975E+01
DelSqRho =  1.2964597915E+03
GradDelSqRho =  7.3185901783E-13  1.4622969502E-11  2.1742607714E-12
HessDelSqRho_EigVals = -4.4960369798E+05 -3.7564104901E+03 -4.8484399454E+02
HessDelSqRho_EigVec1 =  7.2064922317E-01 -6.7491088800E-01 -1.5861901022E-01
HessDelSqRho_EigVec2 =  6.7193045672E-01  6.2354626523E-01  3.9962421906E-01
HessDelSqRho_EigVec3 = -1.7080444513E-01 -3.9456982701E-01  9.0285131286E-01
</CP of DelSqRho>
<CP of DelSqRho>
CP# = 6       
Type = (3,+1)
Coords =  1.54772380330097E+00 -2.70754583376127E+00  1.55511522445942E+00
DistFromNuc =  1.6847936220E-01
Rho =  2.2538712669E+01
DelSqRho =  1.2299090329E+03
GradDelSqRho =  3.1867841699E-12  3.9221959014E-12  2.5721647035E-12
HessDelSqRho_EigVals = -4.0919010837E+05  2.5108611667E+03  3.6222654610E+03
HessDelSqRho_EigVec1 =  7.8755002446E-01  3.5823401890E-01  5.0143129806E-01
HessDelSqRho_EigVec2 = -2.3344550218E-01  9.2646530019E-01 -2.9523760778E-01
HessDelSqRho_EigVec3 = -5.7032285285E-01  1.1545750404E-01  8.1326589027E-01
</CP of DelSqRho>
<CP of DelSqRho>
CP# = 7       
Type = (3,-1)
Coords =  1.33935101495445E+00 -2.63879030875727E+00  1.39516195956744E+00
DistFromNuc =  1.6685490600E-01
Rho =  2.2763859521E+01
DelSqRho =  1.2955887109E+03
GradDelSqRho =  6.5924155024E-11 -6.2186700234E-11  1.7671197838E-11
HessDelSqRho_EigVals = -4.5359005437E+05 -3.5166220773E+03  2.6709213516E+02
HessDelSqRho_EigVec1 = -4.5284929075E-01  7.6911177683E-01 -4.5099289863E-01
HessDelSqRho_EigVec2 =  6.7713930662E-01  6.2574476950E-01  3.8720258634E-01
HessDelSqRho_EigVec3 = -5.8000851657E-01  1.3004060207E-01  8.0416389033E-01
</CP of DelSqRho>
<CP of DelSqRho>
CP# = 8       
Type = (3,-1)
Coords =  1.48445634131407E+00 -2.90514004248662E+00  1.53839399574485E+00
DistFromNuc =  1.6883672726E-01
Rho =  2.2326708794E+01
DelSqRho =  1.2509130703E+03
GradDelSqRho =  1.7053025658E-13  2.7000623959E-12  7.5743855632E-12
HessDelSqRho_EigVals = -4.0573413693E+05 -1.8362877108E+03  1.5704567175E+03
HessDelSqRho_EigVec1 = -4.1165767681E-01  8.1770535253E-01 -4.0236291276E-01
HessDelSqRho_EigVec2 =  7.1075960100E-01  5.6440627846E-01  4.1984085368E-01
HessDelSqRho_EigVec3 =  5.7040226744E-01 -1.1315259287E-01 -8.1353410747E-01
</CP of DelSqRho>
<CP of DelSqRho>
CP# = 9       
Type = (3,-1)
Coords =  1.74355800000454E+00 -3.33951873696653E+00  1.77606734525755E+00
DistFromNuc =  7.2737345009E-01
Rho =  6.6236405975E-01
DelSqRho = -9.4957163816E-01
GradDelSqRho =  1.1990408666E-14 -1.2434497876E-14  7.1054273576E-15
HessDelSqRho_EigVals = -1.9113730230E+01 -6.5693452770E+00  1.3076596969E+02
HessDelSqRho_EigVec1 = -5.6766041515E-01  1.1015407364E-01  8.1586011861E-01
HessDelSqRho_EigVec2 =  6.8929857510E-01  6.0545768871E-01  3.9785482471E-01
HessDelSqRho_EigVec3 = -4.5014345207E-01  7.8821765220E-01 -4.1962340893E-01
</CP of DelSqRho>
<CP of DelSqRho>
CP# = 10      
Type = (3,-1)
Coords =  9.19672956758757E-01 -2.49611280234443E+00  1.91352783652716E+00
DistFromNuc =  7.1765340014E-01
Rho =  6.6787047799E-01
DelSqRho = -9.5551581082E-01
GradDelSqRho =  1.4654943925E-14  2.7755575616E-15 -6.6613381478E-15
HessDelSqRho_EigVals = -1.5592075099E+01 -1.2109565991E+01  1.4130064652E+02
HessDelSqRho_EigVec1 = -2.1344885957E-01  6.8182212647E-01 -6.9968433754E-01
HessDelSqRho_EigVec2 =  6.8368960454E-01  6.1583957185E-01  3.9154839598E-01
HessDelSqRho_EigVec3 =  6.9785966282E-01 -3.9479134945E-01 -5.9760495430E-01
</CP of DelSqRho>
<CP of DelSqRho>
CP# = 11      
Type = (3,+1)
Coords =  1.11033412762672E+00 -2.24263305715439E+00  1.18551674567035E+00
DistFromNuc =  6.7008990484E-01
Rho =  8.4808159223E-01
DelSqRho = -3.3684750738E+00
GradDelSqRho = -6.2172489379E-15  1.1546319456E-14 -2.4424906542E-14
HessDelSqRho_EigVals = -6.7519311018E+00  1.8855726138E+01  2.3763115389E+02
HessDelSqRho_EigVec1 =  6.8284323998E-01  6.1524488903E-01  3.9395283491E-01
HessDelSqRho_EigVec2 = -5.6992535178E-01  1.1124046496E-01  8.1413183967E-01
HessDelSqRho_EigVec3 = -4.5706695682E-01  7.8044813119E-01 -4.2660345932E-01
</CP of DelSqRho>
<CP of DelSqRho>
CP# = 12      
Type = (3,-1)
Coords =  1.68541796776889E+00 -2.64518142325273E+00  8.17076454827527E-01
DistFromNuc =  7.1758126495E-01
Rho =  6.6901431865E-01
DelSqRho = -9.6259538527E-01
GradDelSqRho =  7.6494366397E-13  7.6086359435E-13  5.8886229226E-13
HessDelSqRho_EigVals = -1.5598795804E+01 -1.2155629598E+01  1.4140353673E+02
HessDelSqRho_EigVec1 = -6.4170479076E-01  7.6127507860E-01 -9.3140840716E-02
HessDelSqRho_EigVec2 =  6.7844718382E-01  6.2008638903E-01  3.9395721710E-01
HessDelSqRho_EigVec3 = -3.5766517901E-01 -1.8961309249E-01  9.1439733972E-01
</CP of DelSqRho>
<CP of DelSqRho>
CP# = 13      
Type = (3,+1)
Coords =  1.57240187642469E+00 -3.30569608834254E+00  1.05987498762427E+00
DistFromNuc =  6.9525297660E-01
Rho =  7.7532956155E-01
DelSqRho = -2.5349197194E+00
GradDelSqRho =  3.7747582837E-15  4.8849813084E-15  1.8207657604E-14
HessDelSqRho_EigVals = -1.2672536679E+01  1.4396661759E+01  1.8074764809E+02
HessDelSqRho_EigVec1 =  9.9227133117E-01  6.8678097183E-02  1.0334855737E-01
HessDelSqRho_EigVec2 = -4.0047442427E-02 -6.1105975953E-01  7.9057078914E-01
HessDelSqRho_EigVec3 = -1.1744704210E-01  7.8859957472E-01  6.0358669887E-01
</CP of DelSqRho>
<CP of DelSqRho>
CP# = 14      
Type = (3,+1)
Coords =  1.02313321265260E+00 -3.19986898366808E+00  1.84763963848150E+00
DistFromNuc =  6.9497134616E-01
Rho =  7.7600546862E-01
DelSqRho = -2.5428161175E+00
GradDelSqRho =  1.7763568394E-14  2.3425705820E-14  1.0214051827E-14
HessDelSqRho_EigVals = -1.2638787899E+01  1.4507089565E+01  1.8117138713E+02
HessDelSqRho_EigVec1 =  4.5419260744E-01  1.7352891325E-01  8.7384025520E-01
HessDelSqRho_EigVec2 =  6.4369613342E-01 -7.4202737423E-01 -1.8721822485E-01
HessDelSqRho_EigVec3 =  6.1592561497E-01  6.4752072720E-01 -4.4872323839E-01
</CP of DelSqRho>
<CP of DelSqRho>
CP# = 15      
Type = (3,+1)
Coords =  1.56874610694073E+00 -2.70928910846138E+00  2.14472888265110E+00
DistFromNuc =  6.9407994015E-01
Rho =  7.7769499523E-01
DelSqRho = -2.5407377777E+00
GradDelSqRho =  6.9388939039E-15 -4.6629367034E-15 -1.4210854715E-14
HessDelSqRho_EigVals = -1.2205596582E+01  1.4103266757E+01  1.8137192399E+02
HessDelSqRho_EigVec1 =  5.7723479093E-01  7.5610594266E-01 -3.0838903939E-01
HessDelSqRho_EigVec2 =  7.6363788659E-01 -6.3360425421E-01 -1.2410812709E-01
HessDelSqRho_EigVec3 =  2.8923549974E-01  1.6385802550E-01  9.4312956330E-01
</CP of DelSqRho>
<CP of DelSqRho>
CP# = 16      
Type = (3,+1)
Coords =  2.10170419927256E+00 -2.81313138937002E+00  1.37831360975454E+00
DistFromNuc =  6.9452296916E-01
Rho =  7.7675246417E-01
DelSqRho = -2.5328482805E+00
GradDelSqRho = -2.8865798640E-14  4.6629367034E-15 -6.2172489379E-15
HessDelSqRho_EigVals = -1.2231604785E+01  1.4015107155E+01  1.8071813208E+02
HessDelSqRho_EigVec1 =  1.4940440085E-02  8.6626632818E-01  4.9935902107E-01
HessDelSqRho_EigVec2 =  7.7856392835E-02 -4.9890636616E-01  8.6315167838E-01
HessDelSqRho_EigVec3 =  9.9685262970E-01  2.5982426175E-02 -7.4898252218E-02
</CP of DelSqRho>
<CP of DelSqRho>
CP# = 17      
Type = (3,+3)
Coords =  9.12276853229134E-01 -2.97871990958404E+00  1.14742257665102E+00
DistFromNuc =  6.3376207092E-01
Rho =  9.7703521891E-01
DelSqRho = -4.5667015487E+00
GradDelSqRho = -8.6153306711E-14 -4.4853010195E-14 -4.2632564146E-14
HessDelSqRho_EigVals =  1.2654871402E+01  2.4589283808E+01  3.5463578288E+02
HessDelSqRho_EigVec1 = -2.2803438016E-01  9.2914056924E-01 -2.9102942130E-01
HessDelSqRho_EigVec2 = -5.7067836525E-01  1.1463424165E-01  8.1313294982E-01
HessDelSqRho_EigVec3 =  7.8887674887E-01  3.5150646259E-01  5.0409987290E-01
</CP of DelSqRho>
<CP of DelSqRho>
CP# = 18      
Type = (3,+3)
Coords =  1.72288941345838E+00 -2.22591934050275E+00  1.61082075764099E+00
DistFromNuc =  6.3839440762E-01
Rho =  9.5724158161E-01
DelSqRho = -4.3475652030E+00
GradDelSqRho = -3.3750779949E-14 -4.6185277824E-14 -1.7319479184E-14
HessDelSqRho_EigVals =  1.0443302237E+01  2.3006336094E+01  3.3074284519E+02
HessDelSqRho_EigVec1 =  6.5440922860E-01 -5.3796358549E-01  5.3136027535E-01
HessDelSqRho_EigVec2 = -5.6912980590E-01  1.1223222980E-01  8.1455214114E-01
HessDelSqRho_EigVec3 =  4.9783513894E-01  8.3546340870E-01  2.3272530406E-01
</CP of DelSqRho>
<CP of DelSqRho>
CP# = 19      
Type = (3,+3)
Coords =  1.95339141271271E+00 -3.16065692694630E+00  1.17679741719555E+00
DistFromNuc =  7.2874579029E-01
Rho =  7.4169779461E-01
DelSqRho = -2.9487002101E+00
GradDelSqRho =  1.0214051827E-14 -1.9040324872E-14 -1.0658141036E-14
HessDelSqRho_EigVals =  1.0387983948E+01  2.2761976821E+01  1.3390016847E+02
HessDelSqRho_EigVec1 =  6.7183969881E-01  6.2164781395E-01  4.0272250311E-01
HessDelSqRho_EigVec2 =  4.1431760363E-02 -5.7439661610E-01  8.1752794243E-01
HessDelSqRho_EigVec3 =  7.3953690127E-01 -5.3256222437E-01 -4.1165841282E-01
</CP of DelSqRho>
<CP of DelSqRho>
CP# = 20      
Type = (3,+3)
Coords =  1.28471541283185E+00 -3.03082693601335E+00  2.13682179383020E+00
DistFromNuc =  7.2840055551E-01
Rho =  7.4255976095E-01
DelSqRho = -2.9580250072E+00
GradDelSqRho =  3.9968028887E-15  1.4183099140E-14 -1.1102230246E-14
HessDelSqRho_EigVals =  1.0386802886E+01  2.2869463548E+01  1.3421788431E+02
HessDelSqRho_EigVec1 =  6.8978462083E-01  6.1792523757E-01  3.7731363299E-01
HessDelSqRho_EigVec2 =  6.9988372494E-01 -7.0251364623E-01 -1.2898584582E-01
HessDelSqRho_EigVec3 = -1.8536436666E-01 -3.5304812368E-01  9.1705892610E-01
</CP of DelSqRho>
<CP of DelSqRho>
CP# = 21      
Type = (3,-3)
Coords =  6.03516174971434E-01 -2.35128350524961E+00  2.15394113450711E+00
DistFromNuc =  1.1394911502E+00
Rho =  2.4670762648E-01
DelSqRho =  8.4858099697E-01
GradDelSqRho = -1.9984014443E-15  2.5673907444E-16  1.8249290967E-15
HessDelSqRho_EigVals = -1.7675595597E+01 -1.9087447170E+00 -4.9642904646E-01
HessDelSqRho_EigVec1 =  7.1937349550E-01 -3.9574687249E-01 -5.7086442076E-01
HessDelSqRho_EigVec2 =  2.0669250085E-01 -6.6265182920E-01  7.1984079028E-01
HessDelSqRho_EigVec3 =  6.6315909409E-01  6.3582778028E-01  3.9489625189E-01
</CP of DelSqRho>
<CP of DelSqRho>
CP# = 22      
Type = (3,-3)
Coords =  1.81248123485000E+00 -2.58537666512983E+00  4.17455069645328E-01
DistFromNuc =  1.1401129491E+00
Rho =  2.4710445182E-01
DelSqRho =  8.4762269990E-01
GradDelSqRho =  1.1116975396E-14  5.1347814889E-15  9.7519214926E-14
HessDelSqRho_EigVals = -1.7627214821E+01 -1.9051874579E+00 -5.0811005658E-01
HessDelSqRho_EigVec1 = -3.2414711491E-01 -1.9291897262E-01  9.2612683683E-01
HessDelSqRho_EigVec2 = -6.6002299233E-01  7.4746123661E-01 -7.5308361800E-02
HessDelSqRho_EigVec3 =  6.7771549893E-01  6.3567599433E-01  3.6961836094E-01
</CP of DelSqRho>
<CP of DelSqRho>
CP# = 23      
Type = (3,+1)
Coords =  2.26137414627949E+00 -3.39875311757037E+00  1.02045595451211E+00
DistFromNuc =  1.1480263538E+00
Rho =  4.1746470758E-01
DelSqRho = -9.7892857663E-01
GradDelSqRho =  2.6575963652E-15  8.3266726847E-17 -1.9428902931E-15
HessDelSqRho_EigVals = -3.2200366715E+01  1.5080596783E+01  1.6015563086E+01
HessDelSqRho_EigVec1 =  7.3615965857E-01 -5.5360706006E-01 -3.8934326776E-01
HessDelSqRho_EigVec2 =  6.7605583736E-01  6.2859770447E-01  3.8446512288E-01
HessDelSqRho_EigVec3 =  3.1897677991E-02 -5.4624550249E-01  8.3701755606E-01
</CP of DelSqRho>
<CP of DelSqRho>
CP# = 24      
Type = (3,+1)
Coords =  1.09797457267803E+00 -1.61332794165450E+00  1.11086482362186E+00
DistFromNuc =  1.2494036335E+00
Rho =  2.3809684789E-01
DelSqRho =  4.8833584288E-01
GradDelSqRho = -9.9659863695E-16  1.6653345369E-15 -1.7069679004E-15
HessDelSqRho_EigVals = -9.2301523729E+00  1.9930449141E-01  4.9202579883E-01
HessDelSqRho_EigVec1 = -2.2904025569E-01  9.3824945916E-01 -2.5928461900E-01
HessDelSqRho_EigVec2 =  8.2941978452E-01  3.2753066701E-01  4.5253340563E-01
HessDelSqRho_EigVec3 = -5.0951288729E-01  1.1140742589E-01  8.5322037197E-01
</CP of DelSqRho>
<CP of DelSqRho>
CP# = 25      
Type = (3,-3)
Coords =  1.73641645529994E+00 -3.82050813674496E+00  1.83636330737425E+00
DistFromNuc =  1.1605477695E+00
Rho =  2.5161829641E-01
DelSqRho =  8.6086915878E-01
GradDelSqRho = -1.0130785100E-15  2.3869795029E-15 -7.2164496601E-16
HessDelSqRho_EigVals = -1.7024559260E+01 -3.5835756930E+00 -1.1605005243E-01
HessDelSqRho_EigVec1 = -2.7852277404E-01  9.0682088214E-01 -3.1638734497E-01
HessDelSqRho_EigVec2 = -5.6878746453E-01  1.0970021882E-01  8.1513599000E-01
HessDelSqRho_EigVec3 =  7.7389009849E-01  4.0699109291E-01  4.8523434107E-01
</CP of DelSqRho>
<CP of DelSqRho>
CP# = 26      
Type = (3,-1)
Coords =  4.57056733257021E-01 -3.43031237746358E+00  1.71236321462376E+00
DistFromNuc =  1.1898246024E+00
Rho =  2.4500947417E-01
DelSqRho =  7.2689019344E-01
GradDelSqRho =  0.0000000000E+00  5.5511151231E-16 -2.8969882049E-16
HessDelSqRho_EigVals = -1.7546260005E+01 -1.1571990323E+00  2.8155819305E-01
HessDelSqRho_EigVec1 =  8.1478242909E-01  5.4845407433E-01 -1.8795670140E-01
HessDelSqRho_EigVec2 = -3.2356041454E-01  1.6115039656E-01 -9.3238361624E-01
HessDelSqRho_EigVec3 = -4.8108029620E-01  8.2050513590E-01  3.0876053920E-01
</CP of DelSqRho>
<CP of DelSqRho>
CP# = 27      
Type = (3,-1)
Coords =  2.52147670993948E+00 -2.34880801341472E+00  1.34180987430911E+00
DistFromNuc =  1.1900326026E+00
Rho =  2.4519075892E-01
DelSqRho =  7.1824312953E-01
GradDelSqRho = -1.3461454174E-15 -3.1918911958E-16  3.6429192996E-17
HessDelSqRho_EigVals = -1.7288208052E+01 -1.1936782486E+00  2.9115041054E-01
HessDelSqRho_EigVec1 =  9.2215383463E-01  3.7087509084E-01 -1.0992712252E-01
HessDelSqRho_EigVec2 = -3.1921770577E-01  8.9011717563E-01  3.2525600681E-01
HessDelSqRho_EigVec3 =  2.1847737090E-01 -2.6484539007E-01  9.3921486241E-01
</CP of DelSqRho>
<CP of DelSqRho>
CP# = 28      
Type = (3,-1)
Coords =  1.74945610073242E+00 -2.20103796901756E+00  2.46171515253003E+00
DistFromNuc =  1.1896023997E+00
Rho =  2.4510867264E-01
DelSqRho =  7.2152439382E-01
GradDelSqRho =  1.0521097882E-15  4.1112946381E-15  6.2762295361E-15
HessDelSqRho_EigVals = -1.7379682167E+01 -1.1966513402E+00  2.8090086466E-01
HessDelSqRho_EigVec1 =  2.7939779603E-01  4.9462486900E-01  8.2297212015E-01
HessDelSqRho_EigVec2 =  3.0288888926E-01  7.6794094731E-01 -5.6438021069E-01
HessDelSqRho_EigVec3 =  9.1115047733E-01 -4.0695569835E-01 -6.4744630985E-02
</CP of DelSqRho>
<CP of DelSqRho>
CP# = 29      
Type = (3,-1)
Coords =  1.22148829546861E+00 -3.57221937602906E+00  6.15833223254091E-01
DistFromNuc =  1.1898736453E+00
Rho =  2.4518357323E-01
DelSqRho =  7.2588144342E-01
GradDelSqRho = -2.1510571102E-16 -2.0886070651E-15 -2.8449465006E-15
HessDelSqRho_EigVals = -1.7507776390E+01 -1.1734621143E+00  2.8516915387E-01
HessDelSqRho_EigVec1 =  1.7911450175E-01  6.6637598377E-01  7.2378245593E-01
HessDelSqRho_EigVec2 =  9.5813683413E-01 -2.8517745199E-01  2.5448535409E-02
HessDelSqRho_EigVec3 =  2.2336472940E-01  6.8892442919E-01 -6.8955879266E-01
</CP of DelSqRho>
<CP of DelSqRho>
CP# = 30      
Type = (3,+1)
Coords =  2.18637089257643E+00 -4.42777327018180E+00  6.68780361127871E-01
DistFromNuc =  1.9988691179E+00
Rho =  7.5032402721E-02
DelSqRho =  1.8326536298E-01
GradDelSqRho = -7.3608653894E-13  4.7989650448E-12  1.9476772625E-12
HessDelSqRho_EigVals = -1.7462818986E+00  2.6205404305E-02  5.7664758763E-01
HessDelSqRho_EigVec1 =  7.6448428681E-02  9.4573431261E-01  3.1581996089E-01
HessDelSqRho_EigVec2 =  2.7949893790E-01 -3.2437405928E-01  9.0369342887E-01
HessDelSqRho_EigVec3 =  9.5709768648E-01  1.9185400992E-02 -2.8912962305E-01
</CP of DelSqRho>
<CP of DelSqRho>
CP# = 31      
Type = (3,+1)
Coords =  1.84281221103666E+00 -3.05781240535717E+00  3.40592837618328E+00
DistFromNuc =  2.0034679450E+00
Rho =  7.4579781498E-02
DelSqRho =  1.8023232202E-01
GradDelSqRho =  3.6868598452E-13  7.9146324911E-14  2.7417824955E-13
HessDelSqRho_EigVals = -1.6706837171E+00  2.9363702647E-02  5.8127479599E-01
HessDelSqRho_EigVec1 =  5.6480781938E-01  1.1649020684E-01  8.1695909254E-01
HessDelSqRho_EigVec2 =  4.9935876910E-01 -8.3640797088E-01 -2.2597018825E-01
HessDelSqRho_EigVec3 =  6.5698778291E-01  5.3558541612E-01 -5.3058016844E-01
</CP of DelSqRho>
<CP of DelSqRho>
CP# = 32      
Type = (3,+1)
Coords =  7.21157873777466E-01 -4.13941836547992E+00  2.75021901270572E+00
DistFromNuc =  2.0005563630E+00
Rho =  7.4896354208E-02
DelSqRho =  1.8227303712E-01
GradDelSqRho =  3.5041414215E-16  6.6960326173E-16  1.3877787808E-16
HessDelSqRho_EigVals = -1.7291012667E+00  2.7839605872E-02  5.7834772296E-01
HessDelSqRho_EigVec1 =  4.5199901437E-01  8.6718752629E-01 -2.0900403165E-01
HessDelSqRho_EigVec2 =  8.8738860920E-01 -4.6097726723E-01  6.4354771711E-03
HessDelSqRho_EigVec3 =  9.0765341820E-02  1.8837662630E-01  9.7789360331E-01
</CP of DelSqRho>
<CP of DelSqRho>
CP# = 33      
Type = (3,+1)
Coords =  3.32791561068924E+00 -3.31803430893273E+00  1.25405208035961E+00
DistFromNuc =  2.0025204943E+00
Rho =  7.4544977130E-02
DelSqRho =  1.8019382557E-01
GradDelSqRho = -2.3175905639E-15  3.1311758741E-16 -2.8622937354E-16
HessDelSqRho_EigVals = -1.6548528853E+00  2.9422755325E-02  5.8370024606E-01
HessDelSqRho_EigVec1 =  9.7669364441E-01  5.9883064874E-02  2.0611536457E-01
HessDelSqRho_EigVec2 = -1.0879211973E-01 -6.8968097616E-01  7.1589414428E-01
HessDelSqRho_EigVec3 = -1.8502378132E-01  7.2163298821E-01  6.6709222052E-01
</CP of DelSqRho>
<Path of -GradDelSqRho>
Starting CP# =      3
Ending CP# =      0
Number of Points =     29
  1.2188439197E+00 -3.1965294580E+00  2.5172874626E+00  4.1744129807E-01 -9.7975334793E-01
  1.2146151167E+00 -3.2059606941E+00  2.5400507886E+00  4.0703103961E-01 -9.8977655552E-01
  1.2103860011E+00 -3.2153944569E+00  2.5628130095E+00  3.9764265212E-01 -1.0197646018E+00
  1.2061562903E+00 -3.2248305737E+00  2.5855741440E+00  3.8924780365E-01 -1.0697126840E+00
  1.2019256463E+00 -3.2342687469E+00  2.6083342525E+00  3.8181347326E-01 -1.1397496305E+00
  1.1976937311E+00 -3.2437086049E+00  2.6310934259E+00  3.7530206621E-01 -1.2300540550E+00
  1.1934602672E+00 -3.2531497605E+00  2.6538517730E+00  3.6967143823E-01 -1.3406832254E+00
  1.1892251046E+00 -3.2625918773E+00  2.6766094053E+00  3.6487494642E-01 -1.4712837484E+00
  1.1849882963E+00 -3.2720347456E+00  2.6993664195E+00  3.6086173291E-01 -1.6206576339E+00
  1.1807501916E+00 -3.2814783705E+00  2.7221228783E+00  3.5757756674E-01 -1.7861915589E+00
  1.1765115584E+00 -3.2909230846E+00  2.7448787866E+00  3.5496670625E-01 -1.9632461170E+00
  1.1722737581E+00 -3.3003696997E+00  2.7676340609E+00  3.5297535327E-01 -2.1447666623E+00
  1.1680389768E+00 -3.3098197076E+00  2.7903884885E+00  3.5155725746E-01 -2.3216111133E+00
  1.1638103380E+00 -3.3192754048E+00  2.8131416948E+00  3.5068174917E-01 -2.4843229574E+00
  1.1595907486E+00 -3.3287390855E+00  2.8358932618E+00  3.5034377070E-01 -2.6271511812E+00
  1.1553764961E+00 -3.3382082030E+00  2.8586435560E+00  3.5057424527E-01 -2.7548069128E+00
  1.1511462532E+00 -3.3476666013E+00  2.8813953388E+00  3.5144749910E-01 -2.8915598755E+00
  1.1468767600E+00 -3.3570957899E+00  2.9041519113E+00  3.5308083186E-01 -3.0908342351E+00
  1.1425714036E+00 -3.3664974622E+00  2.9269131142E+00  3.5562031427E-01 -3.4418119227E+00
  1.1382446540E+00 -3.3758823845E+00  2.9496771744E+00  3.5920769715E-01 -4.0683270680E+00
  1.1339063462E+00 -3.3852580992E+00  2.9724428295E+00  3.6392660421E-01 -5.1152053711E+00
  1.1295615365E+00 -3.3946285481E+00  2.9952094127E+00  3.6973194756E-01 -6.7186641202E+00
  1.1252127632E+00 -3.4039957333E+00  3.0179765823E+00  3.7637448796E-01 -8.9609717127E+00
  1.1208613505E+00 -3.4133607083E+00  3.0407441568E+00  3.8334099806E-01 -1.1815967482E+01
  1.1165080185E+00 -3.4227240474E+00  3.0635120373E+00  3.8983644034E-01 -1.5101157836E+01
  1.1121531674E+00 -3.4320860646E+00  3.0862801709E+00  3.9483333001E-01 -1.8460656271E+01
  1.1077970097E+00 -3.4414469102E+00  3.1090485362E+00  3.9720045553E-01 -2.1403551817E+01
  1.1034396146E+00 -3.4508065814E+00  3.1318171475E+00  3.9589769550E-01 -2.3406390380E+01
  1.0995166429E+00 -3.4592287840E+00  3.1523092630E+00  3.9097304506E-01 -2.4060169274E+01
</Path of -GradDelSqRho>
<Path of -GradDelSqRho>
Starting CP# =      3
Ending CP# =     20
Number of Points =     17
  1.2188439197E+00 -3.1965294580E+00  2.5172874626E+00  4.1744129807E-01 -9.7975334793E-01
  1.2230725900E+00 -3.1871006687E+00  2.4945230983E+00  4.2889680779E-01 -9.8985371589E-01
  1.2273011485E+00 -3.1776742206E+00  2.4717577438E+00  4.4141557364E-01 -1.0203619232E+00
  1.2315294287E+00 -3.1682496850E+00  2.4489915457E+00  4.5500965491E-01 -1.0716187653E+00
  1.2357570259E+00 -3.1588263662E+00  2.4262247171E+00  4.6968449204E-01 -1.1439163659E+00
  1.2399832510E+00 -3.1494032654E+00  2.4034575435E+00  4.8543819401E-01 -1.2373599088E+00
  1.2442070759E+00 -3.1399790313E+00  2.3806903936E+00  5.0226087306E-01 -1.3516999847E+00
  1.2484270587E+00 -3.1305518857E+00  2.3579237367E+00  5.2013413426E-01 -1.4861408745E+00
  1.2526412342E+00 -3.1211195035E+00  2.3351581732E+00  5.3903084650E-01 -1.6391322606E+00
  1.2568469409E+00 -3.1116788177E+00  2.3123944858E+00  5.5891533798E-01 -1.8081539843E+00
  1.2610405363E+00 -3.1022256889E+00  2.2896337284E+00  5.7974417062E-01 -1.9895048314E+00
  1.2652168981E+00 -3.0927543194E+00  2.2668773867E+00  6.0146765427E-01 -2.1781057957E+00
  1.2693684774E+00 -3.0832561333E+00  2.2441276904E+00  6.2403225825E-01 -2.3673238107E+00
  1.2734832983E+00 -3.0737173999E+00  2.2213882880E+00  6.4738405949E-01 -2.5488097615E+00
  1.2775400088E+00 -3.0641133440E+00  2.1986659614E+00  6.7147328730E-01 -2.7123179403E+00
  1.2814922395E+00 -3.0543895377E+00  2.1759762459E+00  6.9625956269E-01 -2.8454224053E+00
  1.2847154128E+00 -3.0308269360E+00  2.1368217938E+00  7.4255976095E-01 -2.9580250072E+00
</Path of -GradDelSqRho>
<Path of -GradDelSqRho>
Starting CP# =      4
Ending CP# =      1
Number of Points =      7
  1.3275269873E+00 -2.9046574980E+00  1.4281604376E+00  2.2583678325E+01  1.2347450467E+03
  1.3405585253E+00 -2.8842812280E+00  1.4344839038E+00  3.2831938909E+01  9.8107491351E+02
  1.3535556632E+00 -2.8638742979E+00  1.4407792591E+00  4.8107223192E+01 -8.0983198772E+02
  1.3665376407E+00 -2.8434539038E+00  1.4470622321E+00  7.0801222198E+01 -6.4290242955E+03
  1.3795084897E+00 -2.8230236474E+00  1.4533361171E+00  1.0449373142E+02 -2.0781963955E+04
  1.3924609790E+00 -2.8025771496E+00  1.4595950078E+00  1.5504295134E+02 -7.5815723583E+04
  1.4148505229E+00 -2.7671612242E+00  1.4704042631E+00  2.9725731709E+02 -3.3289266651E+06
</Path of -GradDelSqRho>
<Path of -GradDelSqRho>
Starting CP# =      4
Ending CP# =     17
Number of Points =     34
  1.3275269873E+00 -2.9046574980E+00  1.4281604376E+00  2.2583678325E+01  1.2347450467E+03
  1.3144547718E+00 -2.9249973343E+00  1.4218037093E+00  1.5660793164E+01  1.1523980383E+03
  1.3013641189E+00 -2.9453205930E+00  1.4154318998E+00  1.0968515405E+01  9.8213815407E+02
  1.2882688777E+00 -2.9656397194E+00  1.4090563408E+00  7.7978312518E+00  7.7358626770E+02
  1.2751630149E+00 -2.9859492668E+00  1.4026720951E+00  5.6635460788E+00  5.7247039285E+02
  1.2620360063E+00 -3.0062396998E+00  1.3962705464E+00  4.2278618097E+00  4.0775533693E+02
  1.2488764116E+00 -3.0265005645E+00  1.3898423178E+00  3.2595558992E+00  2.8469326599E+02
  1.2356727803E+00 -3.0467212539E+00  1.3833780060E+00  2.6033676295E+00  1.9616493700E+02
  1.2224145363E+00 -3.0668917710E+00  1.3768689002E+00  2.1556963316E+00  1.3296511955E+02
  1.2090914282E+00 -3.0870021909E+00  1.3703065260E+00  1.8470837495E+00  8.7881826319E+01
  1.1956909334E+00 -3.1070401808E+00  1.3636805050E+00  1.6306546947E+00  5.6003757150E+01
  1.1821945568E+00 -3.1269873099E+00  1.3569754810E+00  1.4747612780E+00  3.3931650652E+01
  1.1685735108E+00 -3.1468144085E+00  1.3501674884E+00  1.3582185695E+00  1.9113010404E+01
  1.1547827745E+00 -3.1664746120E+00  1.3432188821E+00  1.2670709623E+00  9.5237395717E+00
  1.1407511410E+00 -3.1858906719E+00  1.3360697025E+00  1.1923119004E+00  3.5637666097E+00
  1.1263625479E+00 -3.2049285620E+00  1.3286211267E+00  1.1282664804E+00  1.8469759280E-02
  1.1114174183E+00 -3.2233343257E+00  1.3207000469E+00  1.0714884722E+00 -1.9856136955E+00
  1.0955420549E+00 -3.2405483975E+00  1.3119709417E+00  1.0201385412E+00 -3.0434789030E+00
  1.0779674543E+00 -3.2549625476E+00  1.3016815013E+00  9.7427512054E-01 -3.5435443750E+00
  1.0579498721E+00 -3.2603467029E+00  1.2884715827E+00  9.4101604402E-01 -3.7470178555E+00
  1.0404843052E+00 -3.2494516107E+00  1.2748319768E+00  9.3475181803E-01 -3.8580220487E+00
  1.0266172993E+00 -3.2324637836E+00  1.2628608552E+00  9.4010115458E-01 -3.9572969657E+00
  1.0139202679E+00 -3.2141641051E+00  1.2515116954E+00  9.4683206556E-01 -4.0505027013E+00
  1.0018447028E+00 -3.1952492030E+00  1.2404957968E+00  9.5318160439E-01 -4.1372257518E+00
  9.9032083330E-01 -3.1758254730E+00  1.2297782165E+00  9.5887723637E-01 -4.2169260043E+00
  9.7935170486E-01 -3.1559212927E+00  1.2193643117E+00  9.6386472834E-01 -4.2891238874E+00
  9.6894925295E-01 -3.1355563089E+00  1.2092646235E+00  9.6812173158E-01 -4.3534163761E+00
  9.5912619770E-01 -3.1147496004E+00  1.1994904070E+00  9.7163497542E-01 -4.4094840483E+00
  9.4989515765E-01 -3.0935205134E+00  1.1900532420E+00  9.7439808279E-01 -4.4570958668E+00
  9.4126846126E-01 -3.0718887876E+00  1.1809651025E+00  9.7641135229E-01 -4.4961121132E+00
  9.3325795757E-01 -3.0498746091E+00  1.1722385428E+00  9.7768161385E-01 -4.5264854815E+00
  9.2587471196E-01 -3.0274986222E+00  1.1638870616E+00  9.7822202145E-01 -4.5482603552E+00
  9.1912838959E-01 -3.0047818684E+00  1.1559259196E+00  9.7805177883E-01 -4.5615703460E+00
  9.1227685323E-01 -2.9787199096E+00  1.1474225767E+00  9.7703521891E-01 -4.5667015487E+00
</Path of -GradDelSqRho>
<Path of -GradDelSqRho>
Starting CP# =      6
Ending CP# =     18
Number of Points =     35
  1.5477238033E+00 -2.7075458338E+00  1.5551152245E+00  2.2538712669E+01  1.2299090329E+03
  1.5674060874E+00 -2.6985647673E+00  1.5676431103E+00  1.5632801248E+01  1.1482539457E+03
  1.5870820246E+00 -2.6895590273E+00  1.5801632595E+00  1.0950548043E+01  9.7877803460E+02
  1.6067563832E+00 -2.6805471767E+00  1.5926814925E+00  7.7855768477E+00  7.7094320605E+02
  1.6264269777E+00 -2.6715207703E+00  1.6051951512E+00  5.6542542512E+00  5.7056582139E+02
  1.6460900516E+00 -2.6624653751E+00  1.6176996788E+00  4.2198197017E+00  4.0652147732E+02
  1.6657414711E+00 -2.6533653138E+00  1.6301900883E+00  3.2517611328E+00  2.8398930106E+02
  1.6853770082E+00 -2.6442048791E+00  1.6426613219E+00  2.5952876276E+00  1.9584524114E+02
  1.7049926345E+00 -2.6349695446E+00  1.6551086168E+00  2.1470960177E+00  1.3291191482E+02
  1.7245843015E+00 -2.6256452112E+00  1.6675272510E+00  1.8379098449E+00  8.8007258750E+01
  1.7441469374E+00 -2.6162146395E+00  1.6799113638E+00  1.6209601588E+00  5.6242500313E+01
  1.7636729207E+00 -2.6066523454E+00  1.6922522038E+00  1.4646554574E+00  3.4234666983E+01
  1.7831500962E+00 -2.5969186068E+00  1.7045359363E+00  1.3478336410E+00  1.9444161314E+01
  1.8025587034E+00 -2.5869511558E+00  1.7167403743E+00  1.2565391657E+00  9.8578309917E+00
  1.8218656214E+00 -2.5766511316E+00  1.7288290565E+00  1.1817497946E+00  3.8847700605E+00
  1.8410120851E+00 -2.5658563662E+00  1.7407390417E+00  1.1177620594E+00  3.1755770765E-01
  1.8598834741E+00 -2.5542846786E+00  1.7523520988E+00  1.0610827199E+00 -1.7120095343E+00
  1.8782177873E+00 -2.5413932807E+00  1.7634116280E+00  1.0097713351E+00 -2.7951815063E+00
  1.8952219463E+00 -2.5259565451E+00  1.7731969962E+00  9.6351462958E-01 -3.3169227939E+00
  1.9072522687E+00 -2.5051518127E+00  1.7787767657E+00  9.2751301574E-01 -3.5307832296E+00
  1.9060340383E+00 -2.4809587875E+00  1.7746279529E+00  9.1780508499E-01 -3.6363146833E+00
  1.8977915807E+00 -2.4590684314E+00  1.7658678712E+00  9.2221104513E-01 -3.7282770337E+00
  1.8879915416E+00 -2.4382274386E+00  1.7561469782E+00  9.2847137478E-01 -3.8150939447E+00
  1.8775076036E+00 -2.4179245625E+00  1.7460068740E+00  9.3445919609E-01 -3.8965040706E+00
  1.8664608017E+00 -2.3980993754E+00  1.7355246511E+00  9.3986539590E-01 -3.9720483556E+00
  1.8548733661E+00 -2.3787628263E+00  1.7247183382E+00  9.4463414773E-01 -4.0413132603E+00
  1.8427562744E+00 -2.3599347214E+00  1.7135996385E+00  9.4874437151E-01 -4.1039464416E+00
  1.8301194394E+00 -2.3416358205E+00  1.7021800434E+00  9.5218373267E-01 -4.1596626345E+00
  1.8169727044E+00 -2.3238870273E+00  1.6904715110E+00  9.5494615452E-01 -4.2082475513E+00
  1.8033259421E+00 -2.3067093007E+00  1.6784866435E+00  9.5703157166E-01 -4.2495602985E+00
  1.7891890608E+00 -2.2901236168E+00  1.6662388483E+00  9.5844578624E-01 -4.2835343311E+00
  1.7745719723E+00 -2.2741509267E+00  1.6537425295E+00  9.5920026820E-01 -4.3101769758E+00
  1.7594845091E+00 -2.2588121081E+00  1.6410133353E+00  9.5931189559E-01 -4.3295675861E+00
  1.7439362579E+00 -2.2441278998E+00  1.6280685168E+00  9.5880263876E-01 -4.3418544378E+00
  1.7228894135E+00 -2.2259193405E+00  1.6108207576E+00  9.5724158161E-01 -4.3475652030E+00
</Path of -GradDelSqRho>
<Path of -GradDelSqRho>
Starting CP# =      6
Ending CP# =      1
Number of Points =      7
  1.5477238033E+00 -2.7075458338E+00  1.5551152245E+00  2.2538712669E+01  1.2299090329E+03
  1.5280273376E+00 -2.7164714193E+00  1.5425699944E+00  3.2758445050E+01  9.7944129432E+02
  1.5083188760E+00 -2.7253497080E+00  1.5300100410E+00  4.7987232907E+01 -7.9307093030E+02
  1.4886051472E+00 -2.7342071122E+00  1.5174436066E+00  7.0609632247E+01 -6.3758340223E+03
  1.4688876277E+00 -2.7430494316E+00  1.5048724988E+00  1.0418738353E+02 -2.0583650041E+04
  1.4491638313E+00 -2.7518666887E+00  1.4922936354E+00  1.5456575479E+02 -7.5146477585E+04
  1.4148505229E+00 -2.7671612242E+00  1.4704042631E+00  2.9725731709E+02 -3.3289266651E+06
</Path of -GradDelSqRho>
<Path of -GradDelSqRho>
Starting CP# =     11
Ending CP# =     18
Number of Points =     33
  1.1103341276E+00 -2.2426330572E+00  1.1855167457E+00  8.4808159223E-01 -3.3684750738E+00
  1.1168282043E+00 -2.2375451990E+00  1.1893674630E+00  8.4889858286E-01 -3.3687148503E+00
  1.1285838681E+00 -2.2270193965E+00  1.1961571443E+00  8.4823288153E-01 -3.3707928442E+00
  1.1463006830E+00 -2.2128676869E+00  1.2066209334E+00  8.4845977759E-01 -3.3772522138E+00
  1.1645012929E+00 -2.1996693452E+00  1.2175502279E+00  8.4927115807E-01 -3.3877813973E+00
  1.1830882570E+00 -2.1873682502E+00  1.2288690622E+00  8.5048567025E-01 -3.4022726427E+00
  1.2020281195E+00 -2.1759845243E+00  1.2405567032E+00  8.5209497904E-01 -3.4206006858E+00
  1.2212868069E+00 -2.1655360478E+00  1.2525917077E+00  8.5408879205E-01 -3.4426204395E+00
  1.2408297659E+00 -2.1560384042E+00  1.2649520121E+00  8.5645483128E-01 -3.4681670287E+00
  1.2606221042E+00 -2.1475048411E+00  1.2776150259E+00  8.5917879557E-01 -3.4970556413E+00
  1.2806287316E+00 -2.1399462460E+00  1.2905577276E+00  8.6224431609E-01 -3.5290812213E+00
  1.3008145020E+00 -2.1333711376E+00  1.3037567618E+00  8.6563290656E-01 -3.5640180398E+00
  1.3211443517E+00 -2.1277856720E+00  1.3171885375E+00  8.6932391126E-01 -3.6016191844E+00
  1.3415834366E+00 -2.1231936645E+00  1.3308293257E+00  8.7329445385E-01 -3.6416160157E+00
  1.3620972641E+00 -2.1195966262E+00  1.3446553563E+00  8.7751939081E-01 -3.6837176416E+00
  1.3826518192E+00 -2.1169938149E+00  1.3586429128E+00  8.8197127398E-01 -3.7276104680E+00
  1.4032136840E+00 -2.1153823015E+00  1.3727684243E+00  8.8662032716E-01 -3.7729578835E+00
  1.4237501494E+00 -2.1147570507E+00  1.3870085536E+00  8.9143444224E-01 -3.8194001405E+00
  1.4442293162E+00 -2.1151110162E+00  1.4013402813E+00  8.9637920059E-01 -3.8665544985E+00
  1.4646201858E+00 -2.1164352495E+00  1.4157409838E+00  9.0141792568E-01 -3.9140156933E+00
  1.4848927375E+00 -2.1187190215E+00  1.4301885046E+00  9.0651177251E-01 -3.9613567990E+00
  1.5050179926E+00 -2.1219499562E+00  1.4446612188E+00  9.1161985893E-01 -4.0081305462E+00
  1.5249680631E+00 -2.1261141731E+00  1.4591380885E+00  9.1669944326E-01 -4.0538711583E+00
  1.5447161841E+00 -2.1311964364E+00  1.4735987100E+00  9.2170615100E-01 -4.0980967572E+00
  1.5642367308E+00 -2.1371803082E+00  1.4880233513E+00  9.2659425212E-01 -4.1403123847E+00
  1.5835052178E+00 -2.1440483013E+00  1.5023929821E+00  9.3131698878E-01 -4.1800136656E+00
  1.6024982835E+00 -2.1517820286E+00  1.5166892952E+00  9.3582695103E-01 -4.2166911267E+00
  1.6211936582E+00 -2.1603623452E+00  1.5308947234E+00  9.4007649672E-01 -4.2498351575E+00
  1.6395701159E+00 -2.1697694790E+00  1.5449924557E+00  9.4401820965E-01 -4.2789415796E+00
  1.6576074084E+00 -2.1799831479E+00  1.5589664596E+00  9.4760538884E-01 -4.3035177591E+00
  1.6752861726E+00 -2.1909826574E+00  1.5728015264E+00  9.5079256061E-01 -4.3230891733E+00
  1.6925877873E+00 -2.2027469757E+00  1.5864833805E+00  9.5353600423E-01 -4.3372063103E+00
  1.7228894135E+00 -2.2259193405E+00  1.6108207576E+00  9.5724158161E-01 -4.3475652030E+00
</Path of -GradDelSqRho>
<Path of -GradDelSqRho>
Starting CP# =     11
Ending CP# =     17
Number of Points =     34
  1.1103341276E+00 -2.2426330572E+00  1.1855167457E+00  8.4808159223E-01 -3.3684750738E+00
  1.1044114148E+00 -2.2487324658E+00  1.1822037986E+00  8.4907286614E-01 -3.3687169842E+00
  1.0926039151E+00 -2.2594309174E+00  1.1753983620E+00  8.4872249163E-01 -3.3708431615E+00
  1.0762840454E+00 -2.2759703196E+00  1.1662289908E+00  8.4945494220E-01 -3.3774608433E+00
  1.0605448997E+00 -2.2933591690E+00  1.1575794124E+00  8.5075837016E-01 -3.3883564467E+00
  1.0453755234E+00 -2.3114787567E+00  1.1494259550E+00  8.5247351329E-01 -3.4035197588E+00
  1.0308014664E+00 -2.3302957226E+00  1.1417821756E+00  8.5459459737E-01 -3.4229167823E+00
  1.0168467558E+00 -2.3497753397E+00  1.1346603948E+00  8.5711367099E-01 -3.4464865205E+00
  1.0035338179E+00 -2.3698816577E+00  1.1280716597E+00  8.6002052148E-01 -3.4741395637E+00
  9.9088340756E-01 -2.3905776496E+00  1.1220257128E+00  8.6330258201E-01 -3.5057566734E+00
  9.7891454581E-01 -2.4118253627E+00  1.1165309671E+00  8.6694483263E-01 -3.5411874013E+00
  9.6764446572E-01 -2.4335860727E+00  1.1115944877E+00  8.7092969835E-01 -3.5802487801E+00
  9.5708856731E-01 -2.4558204415E+00  1.1072219807E+00  8.7523694866E-01 -3.6227241227E+00
  9.4726038284E-01 -2.4784886768E+00  1.1034177891E+00  8.7984360309E-01 -3.6683619672E+00
  9.3817155364E-01 -2.5015506948E+00  1.1001848984E+00  8.8472384850E-01 -3.7168752075E+00
  9.2983181995E-01 -2.5249662831E+00  1.0975249510E+00  8.8984897403E-01 -3.7679404559E+00
  9.2224902542E-01 -2.5486952633E+00  1.0954382715E+00  8.9518733047E-01 -3.8211976856E+00
  9.1542913753E-01 -2.5726976515E+00  1.0939239031E+00  9.0070432101E-01 -3.8762502126E+00
  9.0937628507E-01 -2.5969338143E+00  1.0929796561E+00  9.0636243016E-01 -3.9326650813E+00
  9.0409281310E-01 -2.6213646161E+00  1.0926021679E+00  9.1212129776E-01 -3.9899739252E+00
