 AIMInt (Version 19.02.13, Professional)
 Portions Copyright (c) 1997-2019 by Todd A. Keith
 AIMInt is a component of the AIMAll package ( http://aim.tkgristmill.com )

 TP:  64-bit Linux

 Licensed To:  Research Group of Fernando Cortes Guzman, UNAM, fercor@unam.mx

 AIMInt is a heavily modified and extended version of the PROAIMV program
 developed by members of R.F.W. Bader's research group

 Much of the Quantum Theory of Atoms in Molecules (QTAIM) is described in the book:
   "Atoms in Molecules - A Quantum Theory"
   R.F.W. Bader, Oxford University Press, Oxford, 1990

 For additional references see:  http://aim.tkgristmill.com/references.html

 Current Directory:  /home/scratch/M_H2O_4_tetraedrico/Opt

 Inp File:  Co2_tetraedrico_cc-pvtz-def2-tzv_2_atomicfiles/o4.inp
 Wfx File:  Co2_tetraedrico_cc-pvtz-def2-tzv_2.wfx
 Out File:  Co2_tetraedrico_cc-pvtz-def2-tzv_2_atomicfiles/o4.int

 Wfx Title:   Co2_tetraedrico_cc-pvtz-def2-tzv_2                                            
 Job Title:   Co2_tetraedrico_cc-pvtz-def2-tzv_2                                            
 
<Atom>
O4      
</Atom>
<Nuclei of Molecule>
    13
Co1       27.0          -1.1790565725E-03   1.3704013181E-04  -1.2342000779E-03
O2         8.0           1.4148503452E+00  -2.7671609835E+00   1.4704041064E+00
H3         1.0           2.7805705315E+00  -3.7898954201E+00   7.4410335821E-01
O4         8.0           1.6851375251E+00   2.8234188876E+00   1.0058472339E+00
H5         1.0           1.5676816542E+00   4.5457523970E+00   3.2873666344E-01
O6         8.0          -3.3003014011E+00   2.3794414088E-01   9.4112273551E-01
H7         1.0          -4.5378628170E+00  -1.1279128260E+00   1.1456068586E+00
O8         8.0           1.9559789078E-01  -2.9365504811E-01  -3.4223103502E+00
H9         1.0           1.6123489741E+00   1.7373322129E-01  -4.5248827564E+00
H10        1.0           2.8442496062E+00   2.9167851738E+00   2.4505360765E+00
H11        1.0           1.0979234412E+00  -3.4625562687E+00   3.1604651947E+00
H12        1.0          -4.2144221789E+00   1.8144440969E+00   1.2839884645E+00
H13        1.0          -1.0809295636E+00  -1.0784264326E+00  -4.5157402624E+00
</Nuclei of Molecule>
<Total Number of CPs of DelSqRho>
    34
</Total Number of CPs of DelSqRho>
<Number of (3,+3) CPs of DelSqRho>
     5
</Number of (3,+3) CPs of DelSqRho>
<Number of (3,+1) CPs of DelSqRho>
    14
</Number of (3,+1) CPs of DelSqRho>
<Number of (3,-1) CPs of DelSqRho>
    10
</Number of (3,-1) CPs of DelSqRho>
<Number of (3,-3) CPs of DelSqRho>
     5
</Number of (3,-3) CPs of DelSqRho>
<Number of Degenerate CPs of DelSqRho>
     0
</Number of Degenerate CPs of DelSqRho>
<CP of DelSqRho>
CP# = 1       
Type = (3,+3)
Coords =  1.68513766624282E+00  2.82341916489133E+00  1.00584735948153E+00
DistFromNuc =  3.3549771236E-07
Rho =  2.9725696426E+02
DelSqRho = -3.3289247926E+06
GradDelSqRho = -5.1215283747E-07 -8.5094526412E-06 -2.2844451451E-06
HessDelSqRho_EigVals =  1.3238402476E+11  1.3238404442E+11  1.3238405166E+11
HessDelSqRho_EigVec1 =  7.6140392843E-01 -2.0497599581E-01 -6.1501942970E-01
HessDelSqRho_EigVec2 =  4.8340860687E-01  8.1163864497E-01  3.2796162703E-01
HessDelSqRho_EigVec3 = -4.3194927547E-01  5.4701695690E-01 -7.1707201332E-01
</CP of DelSqRho>
<CP of DelSqRho>
CP# = 2       
Type = (3,-1)
Coords =  1.00743623110740E+00  1.58877404070488E+00  5.84868557974995E-01
DistFromNuc =  1.4699829889E+00
Rho =  1.5578736130E-01
DelSqRho =  4.4980328833E-01
GradDelSqRho =  2.6367796835E-16  6.8001160258E-16  5.8286708793E-16
HessDelSqRho_EigVals = -5.9611671608E-01 -4.8775812885E-01  4.9054171338E+00
HessDelSqRho_EigVec1 = -7.8778081280E-01  2.8711687241E-01  5.4494521978E-01
HessDelSqRho_EigVec2 =  3.5553433163E-01 -5.1049946756E-01  7.8293398997E-01
HessDelSqRho_EigVec3 =  5.0298780306E-01  8.1052710948E-01  3.0008178015E-01
</CP of DelSqRho>
<CP of DelSqRho>
CP# = 3       
Type = (3,+1)
Coords =  2.40209883073066E+00  2.88077012121271E+00  1.90099150852464E+00
DistFromNuc =  1.1483056867E+00
Rho =  4.1734063262E-01
DelSqRho = -9.7832252826E-01
GradDelSqRho =  2.6262603203E-12 -3.3369834673E-13  2.1449231280E-12
HessDelSqRho_EigVals = -3.2208577925E+01  1.5073395040E+01  1.6022252039E+01
HessDelSqRho_EigVec1 =  6.2558637055E-01  5.3214980317E-02  7.7833788219E-01
HessDelSqRho_EigVec2 =  7.7190753555E-01 -1.8690416023E-01 -6.0763935969E-01
HessDelSqRho_EigVec3 =  1.1313907168E-01  9.8093577810E-01 -1.5800173955E-01
</CP of DelSqRho>
<CP of DelSqRho>
CP# = 4       
Type = (3,+1)
Coords =  1.58550690494405E+00  2.89584119531908E+00  1.12074352608403E+00
DistFromNuc =  1.6844111460E-01
Rho =  2.2546456346E+01
DelSqRho =  1.2308767538E+03
GradDelSqRho = -1.1368683772E-11  5.4365401070E-12 -5.4285465012E-12
HessDelSqRho_EigVals = -4.1008386532E+05  2.4639981098E+03  3.5791103842E+03
HessDelSqRho_EigVec1 =  5.9472591455E-01 -4.2652326104E-01 -6.8145358929E-01
HessDelSqRho_EigVec2 = -6.7610864236E-01 -7.2396654047E-01 -1.3692900354E-01
HessDelSqRho_EigVec3 = -4.3494619240E-01  5.4217188794E-01 -7.1893772584E-01
</CP of DelSqRho>
<CP of DelSqRho>
CP# = 5       
Type = (3,+1)
Coords =  1.83202081757343E+00  2.83238961981845E+00  9.24166600134036E-01
DistFromNuc =  1.6830597603E-01
Rho =  2.2575720998E+01
DelSqRho =  1.2340094725E+03
GradDelSqRho = -1.4040324459E-11  1.1652900866E-12  1.1652900866E-11
HessDelSqRho_EigVals = -4.1322316424E+05  2.3315433156E+03  3.4678976317E+03
HessDelSqRho_EigVec1 =  8.7158222187E-01  4.9155363727E-02 -4.8777882359E-01
HessDelSqRho_EigVec2 =  2.2906474698E-01  8.3884214207E-01  4.9383519759E-01
HessDelSqRho_EigVec3 =  4.3344408200E-01 -5.4215091156E-01  7.1986013703E-01
</CP of DelSqRho>
<CP of DelSqRho>
CP# = 6       
Type = (3,-3)
Coords =  1.57955589860975E+00  2.77198356197945E+00  8.87066828575645E-01
DistFromNuc =  1.6703849042E-01
Rho =  2.2698596651E+01
DelSqRho =  1.2962911895E+03
GradDelSqRho =  6.9917405199E-12 -1.3926637621E-12  9.3791641120E-12
HessDelSqRho_EigVals = -4.4950047114E+05 -3.7399830845E+03 -4.7685771663E+02
HessDelSqRho_EigVec1 =  6.3170429359E-01  3.1091130898E-01  7.1012945539E-01
HessDelSqRho_EigVec2 =  7.7366863315E-01 -1.9512495059E-01 -6.0279606812E-01
HessDelSqRho_EigVec3 = -4.8852139693E-02  9.3019374950E-01 -3.6380359652E-01
</CP of DelSqRho>
<CP of DelSqRho>
CP# = 7       
Type = (3,-1)
Coords =  1.60816673479641E+00  2.68600675636977E+00  9.50754418897376E-01
DistFromNuc =  1.6685866668E-01
Rho =  2.2763133265E+01
DelSqRho =  1.2954612337E+03
GradDelSqRho = -5.4569682106E-12 -7.7875483839E-12 -5.1727511163E-12
HessDelSqRho_EigVals = -4.5348679472E+05 -3.5033773756E+03  2.6853338275E+02
HessDelSqRho_EigVec1 =  4.6111760684E-01  8.2353550872E-01  3.3039342994E-01
HessDelSqRho_EigVec2 = -7.7155640123E-01  1.8821887495E-01  6.0767950010E-01
HessDelSqRho_EigVec3 =  4.3825936658E-01 -5.3512888261E-01  7.2219513056E-01
</CP of DelSqRho>
<CP of DelSqRho>
CP# = 8       
Type = (3,-1)
Coords =  1.77010083578492E+00  2.95982741887131E+00  1.05761812720799E+00
DistFromNuc =  1.6883801985E-01
Rho =  2.2326347427E+01
DelSqRho =  1.2508852399E+03
GradDelSqRho =  2.7284841053E-12  5.5138116295E-12  5.8122395785E-12
HessDelSqRho_EigVals = -4.0570442507E+05 -1.8309042903E+03  1.5656739531E+03
HessDelSqRho_EigVec1 =  5.0362200964E-01  8.0781214026E-01  3.0627506829E-01
HessDelSqRho_EigVec2 = -7.4723179603E-01  2.2937403323E-01  6.2372445509E-01
HessDelSqRho_EigVec3 =  4.3360063931E-01 -5.4297983289E-01  7.1914072800E-01
</CP of DelSqRho>
<CP of DelSqRho>
CP# = 9       
Type = (3,-3)
Coords =  1.66798242287406E+00  2.65969838122751E+00  1.03418061940111E+00
DistFromNuc =  1.6703736850E-01
Rho =  2.2699462899E+01
DelSqRho =  1.2961944811E+03
GradDelSqRho =  1.2363443602E-12 -1.7053025658E-13 -2.4584778657E-12
HessDelSqRho_EigVals = -4.4950325212E+05 -3.7314102886E+03 -4.5605058971E+02
HessDelSqRho_EigVec1 =  1.0446433076E-01  9.8040204541E-01 -1.6703003606E-01
HessDelSqRho_EigVec2 = -7.6680776818E-01  1.8635110412E-01  6.1423050449E-01
HessDelSqRho_EigVec3 =  6.3331907460E-01  6.3914750583E-02  7.7124694774E-01
</CP of DelSqRho>
<CP of DelSqRho>
CP# = 10      
Type = (3,-1)
Coords =  1.27561844735880E+00  2.98909011082392E+00  4.40256477393224E-01
DistFromNuc =  7.1766686781E-01
Rho =  6.6792193596E-01
DelSqRho = -9.5886880683E-01
GradDelSqRho =  1.5099033135E-14 -1.5987211555E-14  3.2862601529E-14
HessDelSqRho_EigVals = -1.5590191110E+01 -1.2001586135E+01  1.4127510588E+02
HessDelSqRho_EigVec1 =  2.7908764764E-01  9.5923435275E-01  4.4492037841E-02
HessDelSqRho_EigVec2 =  7.6761658604E-01 -1.9501919900E-01 -6.1051804957E-01
HessDelSqRho_EigVec3 =  5.7695308454E-01 -2.0454087249E-01  7.9075164857E-01
</CP of DelSqRho>
<CP of DelSqRho>
CP# = 11      
Type = (3,-1)
Coords =  2.03518338267662E+00  3.41299956353813E+00  1.24821451892907E+00
DistFromNuc =  7.2724093439E-01
Rho =  6.6267463407E-01
DelSqRho = -9.5170249002E-01
GradDelSqRho = -2.8421709430E-14 -6.9277916737E-14 -4.2188474936E-14
HessDelSqRho_EigVals = -1.9141972128E+01 -6.5415396660E+00  1.3088707926E+02
HessDelSqRho_EigVec1 =  4.3189604204E-01 -5.4997712537E-01  7.1483632423E-01
HessDelSqRho_EigVec2 = -7.6206725024E-01  2.0139512094E-01  6.1538078567E-01
HessDelSqRho_EigVec3 =  4.8240990348E-01  8.1053387766E-01  3.3213780001E-01
</CP of DelSqRho>
<CP of DelSqRho>
CP# = 12      
Type = (3,-1)
Coords =  1.85478489294640E+00  2.25196253980884E+00  1.40494407099580E+00
DistFromNuc =  7.1737080523E-01
Rho =  6.6958829340E-01
DelSqRho = -9.6366508493E-01
GradDelSqRho = -2.2204460493E-15  7.1054273576E-15  1.7763568394E-15
HessDelSqRho_EigVals = -1.5673156380E+01 -1.2214250179E+01  1.4162956767E+02
HessDelSqRho_EigVec1 =  6.0548845456E-01  5.4806461843E-01  5.7706923798E-01
HessDelSqRho_EigVec2 = -7.6446640420E-01  1.9889806175E-01  6.1321340322E-01
HessDelSqRho_EigVec3 = -2.2130261692E-01  8.1244368116E-01 -5.3940746814E-01
</CP of DelSqRho>
<CP of DelSqRho>
CP# = 13      
Type = (3,+1)
Coords =  2.34099460008273E+00  2.73995724396525E+00  1.21983274705892E+00
DistFromNuc =  6.9491305106E-01
Rho =  7.7638107403E-01
DelSqRho = -2.5440458351E+00
GradDelSqRho = -4.0696335191E-12  8.7441165419E-13 -1.4566126083E-13
HessDelSqRho_EigVals = -1.2565458979E+01  1.4409322865E+01  1.8113172323E+02
HessDelSqRho_EigVec1 = -1.6295303254E-01  2.5067983222E-01  9.5425674265E-01
HessDelSqRho_EigVec2 =  1.9008484027E-01  9.5704124851E-01 -2.1895159773E-01
HessDelSqRho_EigVec3 =  9.6814981417E-01 -1.4571091367E-01  2.0360320958E-01
</CP of DelSqRho>
<CP of DelSqRho>
CP# = 14      
Type = (3,+1)
Coords =  1.72777900541988E+00  2.89582815637709E+00  1.69517319885577E+00
DistFromNuc =  6.9442903450E-01
Rho =  7.7687174861E-01
DelSqRho = -2.5338936400E+00
GradDelSqRho =  1.5543122345E-14  2.8865798640E-15  3.5527136788E-15
HessDelSqRho_EigVals = -1.2341106601E+01  1.4045183968E+01  1.8104379802E+02
HessDelSqRho_EigVec1 =  9.9768176332E-01 -4.3655933035E-02  5.2204009902E-02
HessDelSqRho_EigVec2 =  4.9268051000E-02  9.9253592408E-01 -1.1155760202E-01
HessDelSqRho_EigVec3 = -4.6944204005E-02  1.1387097492E-01  9.9238583363E-01
</CP of DelSqRho>
<CP of DelSqRho>
CP# = 15      
Type = (3,+1)
Coords =  1.92877983429580E+00  3.26760835606027E+00  5.30641362435878E-01
DistFromNuc =  6.9461246677E-01
Rho =  7.7644379325E-01
DelSqRho = -2.5399266743E+00
GradDelSqRho = -3.1086244690E-15 -5.3290705182E-15 -3.5527136788E-15
HessDelSqRho_EigVals = -1.2622519508E+01  1.4390812797E+01  1.8148533685E+02
HessDelSqRho_EigVec1 =  5.7393944284E-01 -7.7365221689E-01 -2.6843204585E-01
HessDelSqRho_EigVec2 =  7.0408329080E-01  2.9881803487E-01  6.4418514548E-01
HessDelSqRho_EigVec3 = -4.1816292945E-01 -5.5872178169E-01  7.1621905525E-01
</CP of DelSqRho>
<CP of DelSqRho>
CP# = 16      
Type = (3,+1)
Coords =  1.32116712273114E+00  3.41406057462464E+00  1.02106588410296E+00
DistFromNuc =  6.9394788247E-01
Rho =  7.7794022753E-01
DelSqRho = -2.5432535263E+00
GradDelSqRho =  3.1583624605E-12 -4.2845726966E-12 -4.2321701699E-13
HessDelSqRho_EigVals = -1.2270782411E+01  1.4143204701E+01  1.8175698510E+02
HessDelSqRho_EigVec1 = -5.7170888369E-01 -4.9676572465E-01  6.5297225602E-01
HessDelSqRho_EigVec2 =  5.7233188558E-01  3.2877441069E-01  7.5122806100E-01
HessDelSqRho_EigVec3 = -5.8786492076E-01  8.0320059867E-01  9.6351612557E-02
</CP of DelSqRho>
<CP of DelSqRho>
CP# = 17      
Type = (3,+3)
Coords =  2.04980139098321E+00  2.53843952179391E+00  5.71541331387271E-01
DistFromNuc =  6.3467676102E-01
Rho =  9.7261784260E-01
DelSqRho = -4.5160305381E+00
GradDelSqRho =  3.3928415633E-13 -2.2026824809E-13 -3.5527136788E-13
HessDelSqRho_EigVals =  1.2214504907E+01  2.4185999229E+01  3.4965800619E+02
HessDelSqRho_EigVec1 =  6.8477427464E-01  7.1644426398E-01  1.3338594151E-01
HessDelSqRho_EigVec2 =  4.3078418918E-01 -5.4557853942E-01  7.1886649642E-01
HessDelSqRho_EigVec3 = -5.8780028508E-01  4.3480072900E-01  6.8223100994E-01
</CP of DelSqRho>
<CP of DelSqRho>
CP# = 18      
Type = (3,+3)
Coords =  1.12193167453516E+00  2.75993511527660E+00  1.29831438744023E+00
DistFromNuc =  6.3778370581E-01
Rho =  9.5972895856E-01
DelSqRho = -4.3752335756E+00
GradDelSqRho = -2.1316282073E-14  1.7763568394E-15  2.8421709430E-14
HessDelSqRho_EigVals =  1.0663175715E+01  2.3201255662E+01  3.3385784869E+02
HessDelSqRho_EigVec1 =  1.9903651537E-01  8.3422978947E-01  5.1424228133E-01
HessDelSqRho_EigVec2 =  4.3340153670E-01 -5.4556752530E-01  7.1729992564E-01
HessDelSqRho_EigVec3 =  8.7894685479E-01  8.0104517289E-02 -4.7014433185E-01
</CP of DelSqRho>
<CP of DelSqRho>
CP# = 19      
Type = (3,+1)
Coords =  1.36893833031950E+00  2.27753805979572E+00  7.79991519693478E-01
DistFromNuc =  6.7005866358E-01
Rho =  8.4820696051E-01
DelSqRho = -3.3716299606E+00
GradDelSqRho =  7.1054273576E-15  1.0658141036E-14  6.6613381478E-15
HessDelSqRho_EigVals = -6.6809709152E+00  1.8878424048E+01  2.3771131810E+02
HessDelSqRho_EigVec1 =  7.7038190177E-01 -1.9077961897E-01 -6.0837066203E-01
HessDelSqRho_EigVec2 =  4.3138918610E-01 -5.4664492801E-01  7.1769261721E-01
HessDelSqRho_EigVec3 =  4.6948386079E-01  8.1534192807E-01  3.3882509468E-01
</CP of DelSqRho>
<CP of DelSqRho>
CP# = 20      
Type = (3,+3)
Coords =  2.13818629357146E+00  2.84954037982641E+00  1.57570379962158E+00
DistFromNuc =  7.2847239096E-01
Rho =  7.4239960767E-01
DelSqRho = -2.9562620807E+00
GradDelSqRho = -2.2648549702E-14 -7.7715611724E-15 -2.7533531011E-14
HessDelSqRho_EigVals =  1.0416421761E+01  2.2830393931E+01  1.3425228494E+02
HessDelSqRho_EigVec1 =  7.7167989068E-01 -1.9860182483E-01 -6.0420812763E-01
HessDelSqRho_EigVec2 =  1.4077821534E-01  9.7976867489E-01 -1.4224921015E-01
HessDelSqRho_EigVec3 =  6.2023514929E-01  2.4711513042E-02  7.8402659439E-01
</CP of DelSqRho>
<CP of DelSqRho>
CP# = 21      
Type = (3,+3)
Coords =  1.62957521669729E+00  3.49675430061332E+00  7.33891254705404E-01
DistFromNuc =  7.2830474608E-01
Rho =  7.4298503269E-01
DelSqRho = -2.9634456548E+00
GradDelSqRho = -3.1086244690E-15  1.4210854715E-14 -9.5479180118E-15
HessDelSqRho_EigVals =  1.0451139772E+01  2.2895743930E+01  1.3429138634E+02
HessDelSqRho_EigVec1 =  7.6433015274E-01 -1.8459097177E-01 -6.1783945386E-01
HessDelSqRho_EigVec2 =  6.3923366031E-01  3.4280977970E-01  6.8837619255E-01
HessDelSqRho_EigVec3 = -8.4733376740E-02  9.2109045597E-01 -3.8001661383E-01
</CP of DelSqRho>
<CP of DelSqRho>
CP# = 22      
Type = (3,-3)
Coords =  1.96449103914990E+00  1.90422844657212E+00  1.61950526374426E+00
DistFromNuc =  1.1399673812E+00
Rho =  2.4723746120E-01
DelSqRho =  8.4967871309E-01
GradDelSqRho = -1.5167728185E-12  2.5781321522E-12 -1.8508805599E-13
HessDelSqRho_EigVals = -1.7652272877E+01 -1.9216878453E+00 -5.2608730933E-01
HessDelSqRho_EigVec1 = -2.1843278378E-01  8.2893100412E-01 -5.1493738394E-01
HessDelSqRho_EigVec2 =  5.9818983924E-01  5.3065236296E-01  6.0048062909E-01
HessDelSqRho_EigVec3 =  7.7100975039E-01 -1.7686565550E-01 -6.1176997695E-01
</CP of DelSqRho>
<CP of DelSqRho>
CP# = 23      
Type = (3,-3)
Coords =  2.43148337709985E+00  3.68635852823351E+00  1.21927740541792E+00
DistFromNuc =  1.1607107272E+00
Rho =  2.5176927171E-01
DelSqRho =  8.6063901824E-01
GradDelSqRho = -1.4889478539E-12 -1.3254466968E-12 -1.2185044640E-13
HessDelSqRho_EigVals = -1.6994341887E+01 -3.6467087180E+00 -9.8949871895E-02
HessDelSqRho_EigVec1 =  6.4158077951E-01  7.4433293986E-01  1.8531750591E-01
HessDelSqRho_EigVec2 =  4.3090220532E-01 -5.4961090803E-01  7.1571722015E-01
HessDelSqRho_EigVec3 = -6.3458442528E-01  3.7933669003E-01  6.7335450009E-01
</CP of DelSqRho>
<CP of DelSqRho>
CP# = 24      
Type = (3,-3)
Coords =  1.05146417168368E+00  3.07273512612157E+00  9.17873032462406E-02
DistFromNuc =  1.1398272073E+00
Rho =  2.4659552529E-01
DelSqRho =  8.4660155103E-01
GradDelSqRho =  5.1693371805E-13 -9.4570185016E-14  4.7807591219E-13
HessDelSqRho_EigVals = -1.7636015951E+01 -1.9102691288E+00 -4.7570476651E-01
HessDelSqRho_EigVec1 =  5.6926356752E-01 -1.7797015474E-01  8.0266158169E-01
HessDelSqRho_EigVec2 =  2.5623561822E-01  9.6606870055E-01  3.2474201538E-02
HessDelSqRho_EigVec3 =  7.8120566988E-01 -1.8718410679E-01 -5.9555000757E-01
</CP of DelSqRho>
<CP of DelSqRho>
CP# = 25      
Type = (3,+1)
Coords =  1.61091431733500E+00  3.88969473891563E+00  5.86419381208027E-01
DistFromNuc =  1.1482042498E+00
Rho =  4.1786539204E-01
DelSqRho = -9.8352090304E-01
GradDelSqRho =  4.5102810375E-16  2.3814283878E-14 -1.4932499681E-14
HessDelSqRho_EigVals = -3.2245893732E+01  1.5110676763E+01  1.6055924051E+01
HessDelSqRho_EigVec1 = -6.1108313962E-02  9.2964912448E-01 -3.6334319771E-01
HessDelSqRho_EigVec2 = -7.7066038932E-01  1.8739107443E-01  6.0907072624E-01
HessDelSqRho_EigVec3 =  6.3430933960E-01  3.1723349537E-01  7.0499260359E-01
</CP of DelSqRho>
<CP of DelSqRho>
CP# = 26      
Type = (3,-1)
Coords =  2.79607336362878E+00  2.39858501986970E+00  9.59448357862849E-01
DistFromNuc =  1.1903004277E+00
Rho =  2.4514445792E-01
DelSqRho =  7.2226334700E-01
GradDelSqRho =  3.6637359813E-15 -2.8865798640E-15 -7.5113526510E-16
HessDelSqRho_EigVals = -1.7420387554E+01 -1.1707747573E+00  2.9512250064E-01
HessDelSqRho_EigVec1 =  9.2750997447E-01 -3.6987674499E-01 -5.4004081000E-02
HessDelSqRho_EigVec2 =  1.9055013707E-01  3.4356100247E-01  9.1959582581E-01
HessDelSqRho_EigVec3 =  3.2158341455E-01  8.6322478596E-01 -3.8913632109E-01
</CP of DelSqRho>
<CP of DelSqRho>
CP# = 27      
Type = (3,+1)
Coords =  8.66732592515070E-01  1.90836132365648E+00  7.66989101667812E-01
DistFromNuc =  1.2506678961E+00
Rho =  2.3763912574E-01
DelSqRho =  4.8992726120E-01
GradDelSqRho =  2.1316282073E-14  1.7708057243E-14  2.4980018054E-16
HessDelSqRho_EigVals = -8.9662569130E+00  1.5702171641E-01  4.8519305269E-01
HessDelSqRho_EigVec1 =  6.8381215526E-01  7.0807583568E-01  1.7615205718E-01
HessDelSqRho_EigVec2 =  5.6375713418E-01 -3.5944291597E-01 -7.4362536524E-01
HessDelSqRho_EigVec3 =  4.6322654283E-01 -6.0780704264E-01  6.4497423896E-01
</CP of DelSqRho>
<CP of DelSqRho>
CP# = 28      
Type = (3,-1)
Coords =  1.30587296212078E+00  2.74296062207794E+00  2.13094827793116E+00
DistFromNuc =  1.1900283612E+00
Rho =  2.4511253880E-01
DelSqRho =  7.1876797846E-01
GradDelSqRho = -8.6042284408E-16 -5.3429483060E-16  3.8025138593E-15
HessDelSqRho_EigVals = -1.7303714239E+01 -1.1867668348E+00  2.9540959968E-01
HessDelSqRho_EigVec1 = -3.3481094396E-01 -7.8986167999E-02  9.3896901816E-01
HessDelSqRho_EigVec2 =  9.2164743472E-01  1.7996161297E-01  3.4377292495E-01
HessDelSqRho_EigVec3 = -1.9613168504E-01  9.8049732438E-01  1.2544281599E-02
</CP of DelSqRho>
<CP of DelSqRho>
CP# = 29      
Type = (3,-1)
Coords =  2.22338347914383E+00  3.14253975563230E+00 -5.52532925386779E-03
DistFromNuc =  1.1892944534E+00
Rho =  2.4493306869E-01
DelSqRho =  7.2845639064E-01
GradDelSqRho = -3.8857805862E-16  6.0368376964E-16 -1.1934897515E-15
HessDelSqRho_EigVals = -1.7582781290E+01 -1.1648749184E+00  2.7429896229E-01
HessDelSqRho_EigVec1 = -4.5185576631E-01 -2.4871869796E-01  8.5671779235E-01
HessDelSqRho_EigVec2 =  2.9337411708E-01 -9.4836145153E-01 -1.2059098090E-01
HessDelSqRho_EigVec3 =  8.4247136086E-01  1.9684909584E-01  5.0149021884E-01
</CP of DelSqRho>
<CP of DelSqRho>
CP# = 30      
Type = (3,-1)
Coords =  7.16449527292251E-01  3.49648760238840E+00  1.15761421810252E+00
DistFromNuc =  1.1892901872E+00
Rho =  2.4504081374E-01
DelSqRho =  7.2424705914E-01
GradDelSqRho = -2.7755575616E-17  3.8857805862E-16  3.6776137691E-16
HessDelSqRho_EigVals = -1.7450732088E+01 -1.1847906121E+00  2.7391845003E-01
HessDelSqRho_EigVec1 =  8.2629989690E-01 -5.4834032125E-01 -1.2865213744E-01
HessDelSqRho_EigVec2 =  4.4712988834E-01  7.7752943144E-01 -4.4217965376E-01
HessDelSqRho_EigVec3 =  3.4249575667E-01  3.0784878646E-01  8.8765183565E-01
</CP of DelSqRho>
<CP of DelSqRho>
CP# = 31      
Type = (3,+1)
Coords =  2.17516755220732E+00  3.28654403135233E+00  2.89082852024558E+00
DistFromNuc =  2.0019412519E+00
Rho =  7.4630539783E-02
DelSqRho =  1.8050442286E-01
GradDelSqRho = -3.6093740843E-14  4.0236911025E-14  6.6920427533E-14
HessDelSqRho_EigVals = -1.6721289876E+00  3.0136173461E-02  5.8235531124E-01
HessDelSqRho_EigVec1 = -1.9674663662E-01  3.7266502824E-01  9.0686908521E-01
HessDelSqRho_EigVec2 =  3.3406265853E-01  8.9508257086E-01 -2.9534612154E-01
HessDelSqRho_EigVec3 =  9.2178788295E-01 -2.4484274149E-01  3.0059795539E-01
</CP of DelSqRho>
<CP of DelSqRho>
CP# = 32      
Type = (3,+1)
Coords =  2.37441782642924E+00  4.41424210128728E+00  9.52742840999657E-03
DistFromNuc =  1.9996197103E+00
Rho =  7.4926591260E-02
DelSqRho =  1.8268984659E-01
GradDelSqRho = -5.7245874707E-17 -1.1752751550E-16  3.5019730171E-16
HessDelSqRho_EigVals = -1.7258787884E+00  2.6803457280E-02  5.7973570313E-01
HessDelSqRho_EigVec1 =  7.0299487299E-01  4.8055937051E-01 -5.2427178063E-01
HessDelSqRho_EigVec2 =  3.6689460030E-01  3.8644803781E-01  8.4619517036E-01
HessDelSqRho_EigVec3 = -6.0925081930E-01  7.8722335172E-01 -9.5356351090E-02
</CP of DelSqRho>
<CP of DelSqRho>
CP# = 33      
Type = (3,+1)
Coords =  1.03665604722218E+00  4.71794082363407E+00  1.01286745056506E+00
DistFromNuc =  2.0024462232E+00
Rho =  7.4593581444E-02
DelSqRho =  1.8078884311E-01
GradDelSqRho =  5.8980598183E-17  1.5265566589E-16  3.5561831258E-17
HessDelSqRho_EigVals = -1.6731681258E+00  2.8662482204E-02  5.8295820196E-01
HessDelSqRho_EigVec1 = -5.1771138701E-01  7.6490762857E-01  3.8326392931E-01
HessDelSqRho_EigVec2 =  8.0423703677E-01  2.8228093093E-01  5.2299164881E-01
HessDelSqRho_EigVec3 = -2.9185220310E-01 -5.7899377871E-01  7.6130709688E-01
</CP of DelSqRho>
<CP of DelSqRho>
CP# = 34      
Type = (3,+1)
Coords =  3.48395554666863E+00  3.01364519167939E+00  1.85907861447547E+00
DistFromNuc =  1.9999840275E+00
Rho =  7.4929671561E-02
DelSqRho =  1.8223800066E-01
GradDelSqRho = -4.7878367937E-16  1.1904539854E-16 -9.6277152917E-17
HessDelSqRho_EigVals = -1.7261201565E+00  2.8645289148E-02  5.7876538639E-01
HessDelSqRho_EigVec1 =  9.9102264176E-01  1.2672640964E-01 -4.2597425121E-02
HessDelSqRho_EigVec2 = -1.2340365145E-01  9.8965135178E-01  7.3223908147E-02
HessDelSqRho_EigVec3 =  5.1436002332E-02 -6.7309873089E-02  9.9640539875E-01
</CP of DelSqRho>
<Path of -GradDelSqRho>
Starting CP# =      3
Ending CP# =      0
Number of Points =     29
  2.4020988307E+00  2.8807701212E+00  1.9009915085E+00  4.1734063262E-01 -9.7832252826E-01
  2.4177394004E+00  2.8821009725E+00  1.9204491912E+00  4.0692194285E-01 -9.8835475572E-01
  2.4333818699E+00  2.8834326703E+00  1.9399052887E+00  3.9752532115E-01 -1.0183703753E+00
  2.4490262188E+00  2.8847648784E+00  1.9593598400E+00  3.8912247772E-01 -1.0683648661E+00
  2.4646723753E+00  2.8860971514E+00  1.9788129332E+00  3.8168042067E-01 -1.1384664838E+00
  2.4803202239E+00  2.8874290107E+00  1.9982646936E+00  3.7516157183E-01 -1.2288520025E+00
  2.4959696173E+00  2.8887600296E+00  2.0177152688E+00  3.6952379224E-01 -1.3395749213E+00
  2.5116203901E+00  2.8900899276E+00  2.0371648107E+00  3.6472043565E-01 -1.4702752052E+00
  2.5272723754E+00  2.8914186788E+00  2.0566134554E+00  3.6070063671E-01 -1.6197442581E+00
  2.5429254221E+00  2.8927466441E+00  2.0760612994E+00  3.5741016040E-01 -1.7853534076E+00
  2.5585794156E+00  2.8940747437E+00  2.0955083721E+00  3.5479327615E-01 -1.9624436951E+00
  2.5742343028E+00  2.8954047019E+00  2.1149545984E+00  3.5279622832E-01 -2.1439402248E+00
  2.5898901234E+00  2.8967393714E+00  2.1343997504E+00  3.5137286045E-01 -2.3206884461E+00
  2.6055470440E+00  2.8980829063E+00  2.1538434059E+00  3.5049266788E-01 -2.4832420943E+00
  2.6212053231E+00  2.8994392462E+00  2.1732850782E+00  3.5015084083E-01 -2.6259038386E+00
  2.6368648847E+00  2.9008035201E+00  2.1927251627E+00  3.5037862614E-01 -2.7535037463E+00
  2.6525242832E+00  2.9021471802E+00  2.2121668106E+00  3.5125071093E-01 -2.8905091796E+00
  2.6681813488E+00  2.9034388866E+00  2.2316138547E+00  3.5288470754E-01 -3.0906131096E+00
  2.6838357081E+00  2.9046828183E+00  2.2510661951E+00  3.5542681277E-01 -3.4432969826E+00
  2.6994882117E+00  2.9058980925E+00  2.2705218422E+00  3.5901855511E-01 -4.0726457819E+00
  2.7151395967E+00  2.9070977987E+00  2.2899793560E+00  3.6374283042E-01 -5.1235739194E+00
  2.7307902871E+00  2.9082887073E+00  2.3094379690E+00  3.6955321434E-01 -6.7320952237E+00
  2.7464405121E+00  2.9094742364E+00  2.3288972850E+00  3.7619854294E-01 -8.9798706077E+00
  2.7620903966E+00  2.9106561781E+00  2.3483570930E+00  3.8316328351E-01 -1.1839692636E+01
  2.7777400093E+00  2.9118355117E+00  2.3678172779E+00  3.8965013695E-01 -1.5127699724E+01
  2.7933893842E+00  2.9130127824E+00  2.3872777788E+00  3.9463000066E-01 -1.8486643204E+01
  2.8090385281E+00  2.9141882780E+00  2.4067385729E+00  3.9697132014E-01 -2.1424754128E+01
  2.8246874063E+00  2.9153620834E+00  2.4261996826E+00  3.9563533641E-01 -2.3418712601E+01
  2.8387709505E+00  2.9164166721E+00  2.4437151508E+00  3.9067694660E-01 -2.4062075006E+01
</Path of -GradDelSqRho>
<Path of -GradDelSqRho>
Starting CP# =      3
Ending CP# =     20
Number of Points =     17
  2.4020988307E+00  2.8807701212E+00  1.9009915085E+00  4.1734063262E-01 -9.7832252826E-01
  2.3864600613E+00  2.8794402407E+00  1.8815323126E+00  4.2880471540E-01 -9.8843152609E-01
  2.3708230628E+00  2.8781112917E+00  1.8620716299E+00  4.4133212737E-01 -1.0189646092E+00
  2.3551876815E+00  2.8767829092E+00  1.8426096091E+00  4.5493484612E-01 -1.0702607260E+00
  2.3395537050E+00  2.8754543784E+00  1.8231464699E+00  4.6961821746E-01 -1.1426097274E+00
  2.3239208621E+00  2.8741245736E+00  1.8036825073E+00  4.8538024313E-01 -1.2361140912E+00
  2.3082888199E+00  2.8727918813E+00  1.7842180991E+00  5.0221091577E-01 -1.3505212389E+00
  2.2926571760E+00  2.8714540923E+00  1.7647537208E+00  5.2009170872E-01 -1.4850317635E+00
  2.2770254412E+00  2.8701082373E+00  1.7452899715E+00  5.3899534741E-01 -1.6380910533E+00
  2.2613930088E+00  2.8687503243E+00  1.7258276204E+00  5.5888600518E-01 -1.8071739179E+00
  2.2457590987E+00  2.8673749021E+00  1.7063676864E+00  5.7972007836E-01 -1.9885731797E+00
  2.2301226572E+00  2.8659742881E+00  1.6869115845E+00  6.0144770124E-01 -2.1772026604E+00
  2.2144821657E+00  2.8645370980E+00  1.6674614086E+00  6.2401515929E-01 -2.3664205169E+00
  2.1988352376E+00  2.8630451271E+00  1.6480205427E+00  6.4736833995E-01 -2.5478666902E+00
  2.1831776360E+00  2.8614656146E+00  1.6285952100E+00  6.7145728297E-01 -2.7112815467E+00
  2.1675002691E+00  2.8597267367E+00  1.6091995368E+00  6.9624142936E-01 -2.8442210501E+00
  2.1381862936E+00  2.8495403798E+00  1.5757037996E+00  7.4239960767E-01 -2.9562620807E+00
</Path of -GradDelSqRho>
<Path of -GradDelSqRho>
Starting CP# =      4
Ending CP# =      1
Number of Points =      7
  1.5855069049E+00  2.8958411953E+00  1.1207435261E+00  2.2546456346E+01  1.2308767538E+03
  1.6003527340E+00  2.8851544140E+00  1.1037025844E+00  3.2771510040E+01  9.7981943876E+02
  1.6151636880E+00  2.8744306706E+00  1.0866545092E+00  4.8008917044E+01 -7.9607652034E+02
  1.6299592387E+00  2.8636906375E+00  1.0696033112E+00  7.0644529907E+01 -6.3855439483E+03
  1.6447436271E+00  2.8529388138E+00  1.0525498633E+00  1.0424337684E+02 -2.0619855593E+04
  1.6595094893E+00  2.8421674385E+00  1.0354927018E+00  1.5465309973E+02 -7.5269105268E+04
  1.6851376662E+00  2.8234191649E+00  1.0058473595E+00  2.9725696426E+02 -3.3289247926E+06
</Path of -GradDelSqRho>
<Path of -GradDelSqRho>
Starting CP# =      4
Ending CP# =     18
Number of Points =     35
  1.5855069049E+00  2.8958411953E+00  1.1207435261E+00  2.2546456346E+01  1.2308767538E+03
  1.5706201387E+00  2.9064844628E+00  1.1377759901E+00  1.5637350096E+01  1.1490925685E+03
  1.5557151123E+00  2.9171082815E+00  1.1548046324E+00  1.0953186283E+01  9.7946731099E+02
  1.5408055587E+00  2.9277272801E+00  1.1718323179E+00  7.7871049462E+00  7.7149437625E+02
  1.5258852836E+00  2.9383348438E+00  1.1888577383E+00  5.6551853109E+00  5.7097575077E+02
  1.5109436682E+00  2.9489196085E+00  1.2058786299E+00  4.2204757586E+00  4.0680403884E+02
  1.4959691929E+00  2.9594691825E+00  1.2228924862E+00  3.2523336858E+00  2.8417153337E+02
  1.4809503463E+00  2.9699710779E+00  1.2398967204E+00  2.5958821665E+00  1.9595446324E+02
  1.4658765240E+00  2.9804136451E+00  1.2568888365E+00  2.1477636972E+00  1.3296975207E+02
  1.4507374830E+00  2.9907854599E+00  1.2738662911E+00  1.8386684935E+00  8.8029482738E+01
  1.4355207430E+00  3.0010724515E+00  1.2908258683E+00  1.6218077590E+00  5.6240648928E+01
  1.4202079008E+00  3.0112537148E+00  1.3077627076E+00  1.4655788870E+00  3.4217389966E+01
  1.4047703722E+00  3.0212964304E+00  1.3246689969E+00  1.3488145001E+00  1.9417943232E+01
  1.3891636075E+00  3.0311485475E+00  1.3415318839E+00  1.2575577246E+00  9.8273627322E+00
  1.3733175168E+00  3.0407259321E+00  1.3583294612E+00  1.1827876969E+00  3.8532342218E+00
  1.3571187554E+00  3.0498867767E+00  1.3750219739E+00  1.1188043645E+00  2.8692901794E-01
  1.3403746648E+00  3.0583737390E+00  1.3915295680E+00  1.0621202986E+00 -1.7406611408E+00
  1.3227302115E+00  3.0656563046E+00  1.4076626159E+00  1.0108069112E+00 -2.8214383069E+00
  1.3034617084E+00  3.0703657684E+00  1.4228172599E+00  9.6459138375E-01 -3.3409107201E+00
  1.2816431683E+00  3.0678678461E+00  1.4340366991E+00  9.2888930137E-01 -3.5535796486E+00
  1.2621772605E+00  3.0528438898E+00  1.4343563172E+00  9.1961539611E-01 -3.6597989472E+00
  1.2472371020E+00  3.0336147279E+00  1.4287939222E+00  9.2414838634E-01 -3.7527467770E+00
  1.2337476754E+00  3.0137329784E+00  1.4218920198E+00  9.3048064996E-01 -3.8404811692E+00
  1.2209711759E+00  2.9935962642E+00  1.4143943350E+00  9.3653136645E-01 -3.9227231314E+00
  1.2088128314E+00  2.9732672556E+00  1.4064035337E+00  9.4199519276E-01 -3.9990039336E+00
  1.1972725482E+00  2.9527714095E+00  1.3979365799E+00  9.4681615197E-01 -4.0689013589E+00
  1.1863614607E+00  2.9321306901E+00  1.3890003746E+00  9.5097278317E-01 -4.1320554679E+00
  1.1760915908E+00  2.9113672428E+00  1.3796006127E+00  9.5445240264E-01 -4.1881746452E+00
  1.1664747350E+00  2.8905038397E+00  1.3697425953E+00  9.5724863025E-01 -4.2370396439E+00
  1.1575222609E+00  2.8695640595E+00  1.3594312300E+00  9.5936114718E-01 -4.2785061235E+00
  1.1492449490E+00  2.8485724739E+00  1.3486709217E+00  9.6079555652E-01 -4.3125056997E+00
  1.1416528013E+00  2.8275548783E+00  1.3374653859E+00  9.6156318793E-01 -4.3390455308E+00
  1.1347547866E+00  2.8065386041E+00  1.3258173449E+00  9.6168084173E-01 -4.3582065055E+00
  1.1285584569E+00  2.7855529967E+00  1.3137280062E+00  9.6117047677E-01 -4.3701401327E+00
  1.1219316745E+00  2.7599351153E+00  1.2983143874E+00  9.5972895856E-01 -4.3752335756E+00
</Path of -GradDelSqRho>
<Path of -GradDelSqRho>
Starting CP# =      5
Ending CP# =     17
Number of Points =     34
  1.8320208176E+00  2.8323896198E+00  9.2416660013E-01  2.2575720998E+01  1.2340094725E+03
  1.8538037036E+00  2.8335944146E+00  9.1195782834E-01  1.5655607659E+01  1.1517758651E+03
  1.8755799627E+00  2.8347753497E+00  8.9973490227E-01  1.0964949080E+01  9.8164128487E+02
  1.8973545658E+00  2.8359503432E+00  8.8750845380E-01  7.7951726164E+00  7.7320241547E+02
  1.9191253116E+00  2.8371115187E+00  8.7527382049E-01  5.6613436217E+00  5.7220384440E+02
  1.9408883456E+00  2.8382451652E+00  8.6302290014E-01  4.2258365635E+00  4.0759610867E+02
  1.9626394090E+00  2.8393363328E+00  8.5074689515E-01  3.2575472203E+00  2.8461899008E+02
  1.9843741256E+00  2.8403699799E+00  8.3843701424E-01  2.6012933056E+00  1.9615192470E+02
  2.0060882968E+00  2.8413321057E+00  8.2608515773E-01  2.1535238624E+00  1.3299382767E+02
  2.0277776686E+00  2.8422090134E+00  8.1368349803E-01  1.8448108474E+00  8.7937395774E+01
  2.0494368810E+00  2.8429838612E+00  8.0122249363E-01  1.6282963547E+00  5.6075005719E+01
  2.0710578466E+00  2.8436316615E+00  7.8868807061E-01  1.4723411255E+00  3.4010203226E+01
  2.0926275986E+00  2.8441132679E+00  7.7605836403E-01  1.3557629969E+00  1.9192816152E+01
  2.1141248797E+00  2.8443668032E+00  7.6329928681E-01  1.2646051524E+00  9.6007516042E+00
  2.1355136203E+00  2.8442927557E+00  7.5035719102E-01  1.1898570523E+00  3.6356050779E+00
  2.1567286875E+00  2.8437246600E+00  7.3714529961E-01  1.1258373760E+00  8.4039354346E-02
  2.1776397935E+00  2.8423639020E+00  7.2351621235E-01  1.0690894808E+00 -1.9264942179E+00
  2.1979378715E+00  2.8396068205E+00  7.0919983244E-01  1.0177509377E+00 -2.9903491604E+00
  2.2166342364E+00  2.8339638717E+00  6.9366681348E-01  9.7179197883E-01 -3.4952959727E+00
  2.2290762655E+00  2.8213252210E+00  6.7661998067E-01  9.3789741108E-01 -3.7008804705E+00
  2.2270613386E+00  2.8011308588E+00  6.6259253956E-01  9.3092870834E-01 -3.8106080011E+00
  2.2183796371E+00  2.7802109035E+00  6.5205147949E-01  9.3607989213E-01 -3.9082662862E+00
  2.2081340385E+00  2.7594620662E+00  6.4259593324E-01  9.4270429908E-01 -4.0000264142E+00
  2.1971437088E+00  2.7388456351E+00  6.3370110475E-01  9.4896943398E-01 -4.0855040522E+00
  2.1855263252E+00  2.7183669999E+00  6.2529817770E-01  9.5459595788E-01 -4.1641755232E+00
  2.1733039123E+00  2.6980455606E+00  6.1738620953E-01  9.5952944625E-01 -4.2355750504E+00
  2.1604874148E+00  2.6779031139E+00  6.0997227371E-01  9.6374784441E-01 -4.2993106872E+00
  2.1470867605E+00  2.6579620976E+00  6.0306393686E-01  9.6723809567E-01 -4.3550711506E+00
  2.1331118434E+00  2.6382454775E+00  5.9666840278E-01  9.6999391234E-01 -4.4026304355E+00
  2.1185726063E+00  2.6187768478E+00  5.9079228822E-01  9.7201555498E-01 -4.4418506492E+00
  2.1034790131E+00  2.5995805892E+00  5.8544139043E-01  9.7330968931E-01 -4.4726830738E+00
  2.0878409392E+00  2.5806821115E+00  5.8062034835E-01  9.7388918115E-01 -4.4951674805E+00
  2.0716679004E+00  2.5621082929E+00  5.7633205051E-01  9.7377282577E-01 -4.5094297681E+00
  2.0498013910E+00  2.5384395218E+00  5.7154133139E-01  9.7261784260E-01 -4.5160305381E+00
</Path of -GradDelSqRho>
<Path of -GradDelSqRho>
Starting CP# =      5
Ending CP# =      1
Number of Points =      7
  1.8320208176E+00  2.8323896198E+00  9.2416660013E-01  2.2575720998E+01  1.2340094725E+03
  1.8102233837E+00  2.8311321024E+00  9.3634404340E-01  3.2819284218E+01  9.8087257379E+02
  1.7884137527E+00  2.8298300196E+00  9.4849494727E-01  4.8086867046E+01 -8.0696762048E+02
  1.7665987832E+00  2.8285083156E+00  9.6063414780E-01  7.0768953284E+01 -6.4200892805E+03
  1.7447799233E+00  2.8271722586E+00  9.7276478006E-01  1.0444229015E+02 -2.0748627559E+04
  1.7229546632E+00  2.8258125083E+00  9.8488125933E-01  1.5496290904E+02 -7.5703593390E+04
  1.6851376662E+00  2.8234191649E+00  1.0058473595E+00  2.9725696426E+02 -3.3289247926E+06
</Path of -GradDelSqRho>
<Path of -GradDelSqRho>
Starting CP# =     13
Ending CP# =     20
Number of Points =     18
  2.3409946001E+00  2.7399572440E+00  1.2198327471E+00  7.7638107403E-01 -2.5440458351E+00
  2.3368560554E+00  2.7457687871E+00  1.2417590019E+00  7.7218734021E-01 -2.5473165037E+00
  2.3315083121E+00  2.7521345234E+00  1.2653345910E+00  7.6805191248E-01 -2.5578843507E+00
  2.3252703812E+00  2.7585604492E+00  1.2886739281E+00  7.6432673349E-01 -2.5750837080E+00
  2.3181475190E+00  2.7650384038E+00  1.3117440217E+00  7.6099021002E-01 -2.5981054212E+00
  2.3101444097E+00  2.7715595622E+00  1.3345113670E+00  7.5801800202E-01 -2.6260336382E+00
  2.3012649099E+00  2.7781143084E+00  1.3569416067E+00  7.5538386638E-01 -2.6578621157E+00
  2.2915118271E+00  2.7846920449E+00  1.3789991391E+00  7.5306059832E-01 -2.6925135392E+00
  2.2808867412E+00  2.7912809188E+00  1.4006466751E+00  7.5102107581E-01 -2.7288615374E+00
  2.2693898934E+00  2.7978674365E+00  1.4218447572E+00  7.4923940086E-01 -2.7657550024E+00
  2.2570201776E+00  2.8044359204E+00  1.4425512704E+00  7.4769211085E-01 -2.8020442715E+00
  2.2437752958E+00  2.8109677386E+00  1.4627210072E+00  7.4635939959E-01 -2.8366086805E+00
  2.2296521603E+00  2.8174401934E+00  1.4823054034E+00  7.4522623663E-01 -2.8683849321E+00
  2.2146476425E+00  2.8238248737E+00  1.5012526453E+00  7.4428320451E-01 -2.8963956195E+00
  2.1987597528E+00  2.8300850937E+00  1.5195084648E+00  7.4352679468E-01 -2.9197770783E+00
  2.1819892231E+00  2.8361715747E+00  1.5370180741E+00  7.4295885142E-01 -2.9378055390E+00
  2.1643411174E+00  2.8420140120E+00  1.5537298610E+00  7.4258491685E-01 -2.9499203383E+00
  2.1381862936E+00  2.8495403798E+00  1.5757037996E+00  7.4239960767E-01 -2.9562620807E+00
</Path of -GradDelSqRho>
<Path of -GradDelSqRho>
Starting CP# =     13
Ending CP# =     17
Number of Points =     32
  2.3409946001E+00  2.7399572440E+00  1.2198327471E+00  7.7638107403E-01 -2.5440458351E+00
  2.3443746614E+00  2.7342003045E+00  1.1977225350E+00  7.8095442364E-01 -2.5474595691E+00
  2.3471618762E+00  2.7280466279E+00  1.1736540238E+00  7.8633770763E-01 -2.5590989178E+00
  2.3490387423E+00  2.7219793938E+00  1.1494756150E+00  7.9217573212E-01 -2.5792924556E+00
  2.3500015084E+00  2.7160040095E+00  1.1252207775E+00  7.9846735866E-01 -2.6082059752E+00
  2.3500476951E+00  2.7101251788E+00  1.1009233209E+00  8.0520518755E-01 -2.6458666495E+00
  2.3491764025E+00  2.7043467996E+00  1.0766173473E+00  8.1237514244E-01 -2.6921664797E+00
  2.3473885792E+00  2.6986718386E+00  1.0523371540E+00  8.1995611672E-01 -2.7468672686E+00
  2.3446872416E+00  2.6931021867E+00  1.0281170944E+00  8.2791969508E-01 -2.8096066792E+00
  2.3410776262E+00  2.6876384976E+00  1.0039914081E+00  8.3622996876E-01 -2.8799050035E+00
  2.3365672616E+00  2.6822800116E+00  9.7999403720E-01  8.4484346646E-01 -2.9571723699E+00
  2.3311659511E+00  2.6770243658E+00  9.5615844658E-01  8.5370922581E-01 -3.0407162440E+00
  2.3248856589E+00  2.6718673885E+00  9.3251746953E-01  8.6276903085E-01 -3.1297492058E+00
  2.3177403015E+00  2.6668028748E+00  9.0910320262E-01  8.7195783864E-01 -3.2233971123E+00
  2.3097454500E+00  2.6618223334E+00  8.8594697255E-01  8.8120441302E-01 -3.3207078566E+00
  2.3009179570E+00  2.6569146920E+00  8.6307939821E-01  8.9043217426E-01 -3.4206610013E+00
  2.2912755289E+00  2.6520659365E+00  8.4053056924E-01  8.9956026160E-01 -3.5221785894E+00
  2.2808362674E+00  2.6472586511E+00  8.1833036277E-01  9.0850479137E-01 -3.6241374158E+00
  2.2696182085E+00  2.6424714109E+00  7.9650892152E-01  9.1718027892E-01 -3.7253829819E+00
  2.2576388877E+00  2.6376779564E+00  7.7509732533E-01  9.2550117994E-01 -3.8247452684E+00
  2.2449149605E+00  2.6328460513E+00  7.5412850570E-01  9.3338349896E-01 -3.9210563566E+00
  2.2314619077E+00  2.6279358787E+00  7.3363848899E-01  9.4074641063E-01 -4.0131698390E+00
  2.2172938650E+00  2.6228977586E+00  7.1366811773E-01  9.4751384584E-01 -4.0999818973E+00
  2.2024236407E+00  2.6176688581E+00  6.9426551435E-01  9.5361600827E-01 -4.1804539275E+00
  2.1868630553E+00  2.6121683679E+00  6.7548975810E-01  9.5899080835E-01 -4.2536366819E+00
  2.1706238998E+00  2.6062903045E+00  6.5741662950E-01  9.6358523049E-01 -4.3186961238E+00
  2.1537202019E+00  2.5998925533E+00  6.4014801651E-01  9.6735668923E-01 -4.3749416049E+00
  2.1361734467E+00  2.5927799207E+00  6.2382805391E-01  9.7027449103E-01 -4.4218576285E+00
