 AIMInt (Version 19.02.13, Professional)
 Portions Copyright (c) 1997-2019 by Todd A. Keith
 AIMInt is a component of the AIMAll package ( http://aim.tkgristmill.com )

 TP:  64-bit Linux

 Licensed To:  Research Group of Fernando Cortes Guzman, UNAM, fercor@unam.mx

 AIMInt is a heavily modified and extended version of the PROAIMV program
 developed by members of R.F.W. Bader's research group

 Much of the Quantum Theory of Atoms in Molecules (QTAIM) is described in the book:
   "Atoms in Molecules - A Quantum Theory"
   R.F.W. Bader, Oxford University Press, Oxford, 1990

 For additional references see:  http://aim.tkgristmill.com/references.html

 Current Directory:  /home/scratch/M_H2O_4_tetraedrico/Opt

 Inp File:  Co2_tetraedrico_cc-pvtz-def2-tzv_2_atomicfiles/o6.inp
 Wfx File:  Co2_tetraedrico_cc-pvtz-def2-tzv_2.wfx
 Out File:  Co2_tetraedrico_cc-pvtz-def2-tzv_2_atomicfiles/o6.int

 Wfx Title:   Co2_tetraedrico_cc-pvtz-def2-tzv_2                                            
 Job Title:   Co2_tetraedrico_cc-pvtz-def2-tzv_2                                            
 
<Atom>
O6      
</Atom>
<Nuclei of Molecule>
    13
Co1       27.0          -1.1790565725E-03   1.3704013181E-04  -1.2342000779E-03
O2         8.0           1.4148503452E+00  -2.7671609835E+00   1.4704041064E+00
H3         1.0           2.7805705315E+00  -3.7898954201E+00   7.4410335821E-01
O4         8.0           1.6851375251E+00   2.8234188876E+00   1.0058472339E+00
H5         1.0           1.5676816542E+00   4.5457523970E+00   3.2873666344E-01
O6         8.0          -3.3003014011E+00   2.3794414088E-01   9.4112273551E-01
H7         1.0          -4.5378628170E+00  -1.1279128260E+00   1.1456068586E+00
O8         8.0           1.9559789078E-01  -2.9365504811E-01  -3.4223103502E+00
H9         1.0           1.6123489741E+00   1.7373322129E-01  -4.5248827564E+00
H10        1.0           2.8442496062E+00   2.9167851738E+00   2.4505360765E+00
H11        1.0           1.0979234412E+00  -3.4625562687E+00   3.1604651947E+00
H12        1.0          -4.2144221789E+00   1.8144440969E+00   1.2839884645E+00
H13        1.0          -1.0809295636E+00  -1.0784264326E+00  -4.5157402624E+00
</Nuclei of Molecule>
<Total Number of CPs of DelSqRho>
    35
</Total Number of CPs of DelSqRho>
<Number of (3,+3) CPs of DelSqRho>
     5
</Number of (3,+3) CPs of DelSqRho>
<Number of (3,+1) CPs of DelSqRho>
    14
</Number of (3,+1) CPs of DelSqRho>
<Number of (3,-1) CPs of DelSqRho>
    10
</Number of (3,-1) CPs of DelSqRho>
<Number of (3,-3) CPs of DelSqRho>
     6
</Number of (3,-3) CPs of DelSqRho>
<Number of Degenerate CPs of DelSqRho>
     0
</Number of Degenerate CPs of DelSqRho>
<CP of DelSqRho>
CP# = 1       
Type = (3,+3)
Coords = -3.30030172820859E+00  2.37944172321754E-01  9.41122801898789E-01
DistFromNuc =  3.3524350239E-07
Rho =  2.9725615282E+02
DelSqRho = -3.3289103073E+06
GradDelSqRho = -4.2500205382E-06 -5.1323865335E-07 -1.3676144590E-06
HessDelSqRho_EigVals =  1.3238342618E+11  1.3238344592E+11  1.3238345313E+11
HessDelSqRho_EigVec1 =  2.5491097733E-01 -7.2537917521E-02  9.6423993080E-01
HessDelSqRho_EigVec2 =  9.6120391317E-01 -8.9676798158E-02 -2.6085457475E-01
HessDelSqRho_EigVec3 =  1.0539179728E-01  9.9332588932E-01  4.6864129912E-02
</CP of DelSqRho>
<CP of DelSqRho>
CP# = 2       
Type = (3,-1)
Coords = -1.88329812005808E+00  1.65972028251624E-01  5.59843679963718E-01
DistFromNuc =  1.4691671116E+00
Rho =  1.5603191799E-01
DelSqRho =  4.4843792932E-01
GradDelSqRho =  3.2529534622E-14 -9.6797569960E-16 -8.9893370525E-15
HessDelSqRho_EigVals = -5.8706955682E-01 -4.8216860295E-01  4.8967834574E+00
HessDelSqRho_EigVec1 =  2.7693317606E-01 -1.7718567549E-02  9.6072580290E-01
HessDelSqRho_EigVec2 =  8.3296225003E-02  9.9650891608E-01 -5.6319686479E-03
HessDelSqRho_EigVec3 =  9.5727203808E-01 -8.1584511609E-02 -2.7744226889E-01
</CP of DelSqRho>
<CP of DelSqRho>
CP# = 3       
Type = (3,+1)
Coords = -4.06607530965625E+00 -6.08383546856517E-01  1.06679573498269E+00
DistFromNuc =  1.1482482035E+00
Rho =  4.1777032170E-01
DelSqRho = -9.8263484123E-01
GradDelSqRho = -1.1413647805E-12 -1.6911749778E-12  5.5193349890E-13
HessDelSqRho_EigVals = -3.2238193237E+01  1.5102781356E+01  1.6051365280E+01
HessDelSqRho_EigVec1 =  6.6934587369E-01  7.3457262281E-01 -1.1126168793E-01
HessDelSqRho_EigVec2 =  2.3530367229E-01 -6.7554104708E-02  9.6957136135E-01
HessDelSqRho_EigVec3 =  7.0470439418E-01 -6.7515887372E-01 -2.1806469695E-01
</CP of DelSqRho>
<CP of DelSqRho>
CP# = 4       
Type = (3,+1)
Coords = -3.86584528438149E+00  1.21467530058304E+00  1.15224493226462E+00
DistFromNuc =  1.1482230725E+00
Rho =  4.1757430021E-01
DelSqRho = -9.8058620683E-01
GradDelSqRho =  1.5543122345E-15  1.9428902931E-15  2.0469737017E-15
HessDelSqRho_EigVals = -3.2243353136E+01  1.5102937311E+01  1.6038650364E+01
HessDelSqRho_EigVec1 = -4.9540276239E-01  8.4856140454E-01  1.8579463326E-01
HessDelSqRho_EigVec2 = -2.2978697150E-01  7.8250592871E-02 -9.7009009501E-01
HessDelSqRho_EigVec3 =  8.3771955376E-01  5.2327849893E-01 -1.5622279541E-01
</CP of DelSqRho>
<CP of DelSqRho>
CP# = 5       
Type = (3,-1)
Coords = -3.46135195753740E+00  2.52420066270946E-01  9.89701714917556E-01
DistFromNuc =  1.6883942484E-01
Rho =  2.2326035258E+01
DelSqRho =  1.2508568647E+03
GradDelSqRho = -2.3590018827E-11  2.5046631436E-12  9.7486463346E-12
HessDelSqRho_EigVals = -4.0567340937E+05 -1.8296751027E+03  1.5652027860E+03
HessDelSqRho_EigVec1 =  9.5373793934E-01 -8.5689377205E-02 -2.8816882846E-01
HessDelSqRho_EigVec2 =  2.8222271370E-01 -7.5139672931E-02  9.5640178242E-01
HessDelSqRho_EigVec3 =  1.0360638461E-01  9.9348445392E-01  4.7480068254E-02
</CP of DelSqRho>
<CP of DelSqRho>
CP# = 6       
Type = (3,+1)
Coords = -3.30820802848832E+00  2.30796575085280E-01  1.10910153523739E+00
DistFromNuc =  1.6831660528E-01
Rho =  2.2573213573E+01
DelSqRho =  1.2337919096E+03
GradDelSqRho = -1.0231815395E-12 -3.0553337638E-12  2.4442670110E-11
HessDelSqRho_EigVals = -4.1297902756E+05  2.3381245029E+03  3.4736075009E+03
HessDelSqRho_EigVec1 = -4.2068360145E-02 -4.2996113773E-02  9.9818915406E-01
HessDelSqRho_EigVec2 =  9.9380612587E-01 -1.0465388838E-01  3.7375765278E-02
HessDelSqRho_EigVec3 =  1.0285736366E-01  9.9357883323E-01  4.7132418723E-02
</CP of DelSqRho>
<CP of DelSqRho>
CP# = 7       
Type = (3,+1)
Coords = -3.38858686452193E+00  2.54024068737638E-01  7.98587370165226E-01
DistFromNuc =  1.6843164044E-01
Rho =  2.2548429249E+01
DelSqRho =  1.2311094772E+03
GradDelSqRho =  2.0161650127E-12 -3.3750779949E-12  6.3664629124E-12
HessDelSqRho_EigVals = -4.1030628862E+05  2.4534664494E+03  3.5687172814E+03
HessDelSqRho_EigVec1 =  5.2011594149E-01 -9.5157057142E-02  8.4877826426E-01
HessDelSqRho_EigVec2 =  8.4784539973E-01 -6.2482507519E-02 -5.2654925164E-01
HessDelSqRho_EigVec3 =  1.0313867151E-01  9.9349940651E-01  4.8180324925E-02
</CP of DelSqRho>
<CP of DelSqRho>
CP# = 8       
Type = (3,-3)
Coords = -3.16202854322289E+00  3.27532391677586E-01  9.13623049284382E-01
DistFromNuc =  1.6703793178E-01
Rho =  2.2699249753E+01
DelSqRho =  1.2961944943E+03
GradDelSqRho = -3.9449332689E-11 -4.0245140553E-11  1.1198153516E-11
HessDelSqRho_EigVals = -4.4949206205E+05 -3.7305985657E+03 -4.5946824805E+02
HessDelSqRho_EigVec1 =  8.2943380627E-01  5.3367971019E-01 -1.6500159981E-01
HessDelSqRho_EigVec2 =  2.4286432035E-01 -7.8518195166E-02  9.6687735258E-01
HessDelSqRho_EigVec3 = -5.0304719750E-01  8.4203376414E-01  1.9473740558E-01
</CP of DelSqRho>
<CP of DelSqRho>
CP# = 9       
Type = (3,-3)
Coords = -3.18398276238876E+00  1.23927535361629E-01  9.04080006665188E-01
DistFromNuc =  1.6703884521E-01
Rho =  2.2698641715E+01
DelSqRho =  1.2962544654E+03
GradDelSqRho = -1.6427748051E-11  2.1600499167E-11  3.9364067561E-12
HessDelSqRho_EigVals = -4.4948661454E+05 -3.7360912428E+03 -4.7249962510E+02
HessDelSqRho_EigVec1 =  6.9853623191E-01 -6.8029868334E-01 -2.2190275833E-01
HessDelSqRho_EigVec2 =  2.4435351190E-01 -6.4687677272E-02  9.6752615760E-01
HessDelSqRho_EigVec3 =  6.7256114513E-01  7.3007479470E-01 -1.2104668608E-01
</CP of DelSqRho>
<CP of DelSqRho>
CP# = 10      
Type = (3,+1)
Coords = -2.65665293076427E+00  1.76825031170807E-01  7.65270317026760E-01
DistFromNuc =  6.7003206792E-01
Rho =  8.4848664328E-01
DelSqRho = -3.3774832298E+00
GradDelSqRho = -1.2434497876E-14  1.7763568394E-15  5.7731597281E-15
HessDelSqRho_EigVals = -6.5856605354E+00  1.8904151557E+01  2.3785321515E+02
HessDelSqRho_EigVec1 =  2.5517645258E-01 -7.1869440064E-02  9.6421976833E-01
HessDelSqRho_EigVec2 =  1.0673145496E-01  9.9323312462E-01  4.5785987713E-02
HessDelSqRho_EigVec3 =  9.6098562662E-01 -9.1229072848E-02 -2.6112043524E-01
</CP of DelSqRho>
<CP of DelSqRho>
CP# = 11      
Type = (3,-1)
Coords = -3.99971948772306E+00  3.06139609499527E-01  1.12823265539141E+00
DistFromNuc =  7.2721826430E-01
Rho =  6.6283392094E-01
DelSqRho = -9.5313026813E-01
GradDelSqRho = -1.4566126083E-13  1.0769163339E-14  2.3092638912E-13
HessDelSqRho_EigVals = -1.9156819934E+01 -6.5378898652E+00  1.3092526377E+02
HessDelSqRho_EigVec1 =  1.0924371238E-01  9.9289960734E-01  4.7076332162E-02
HessDelSqRho_EigVec2 =  2.5190721904E-01 -7.3467644348E-02  9.6495868214E-01
HessDelSqRho_EigVec3 =  9.6156568382E-01 -9.3556800811E-02 -2.5814445708E-01
</CP of DelSqRho>
<CP of DelSqRho>
CP# = 12      
Type = (3,-1)
Coords = -2.98729552977463E+00  8.82610111723924E-01  9.08423780491690E-01
DistFromNuc =  7.1738142652E-01
Rho =  6.6950654313E-01
DelSqRho = -9.6573404600E-01
GradDelSqRho = -6.6613381478E-15 -5.3290705182E-14  1.2524703497E-14
HessDelSqRho_EigVals = -1.5666662184E+01 -1.2126720332E+01  1.4163184689E+02
HessDelSqRho_EigVec1 =  8.5576858810E-01 -4.5834624340E-01 -2.3995592258E-01
HessDelSqRho_EigVec2 = -2.3591016811E-01  6.7072726626E-02 -9.6945739562E-01
HessDelSqRho_EigVec3 =  4.6044165342E-01  8.8623922871E-01 -5.0729806769E-02
</CP of DelSqRho>
<CP of DelSqRho>
CP# = 13      
Type = (3,-1)
Coords = -3.13261760139899E+00 -4.53359348801676E-01  8.46591757237792E-01
DistFromNuc =  7.1760328691E-01
Rho =  6.6823986504E-01
DelSqRho = -9.6027878306E-01
GradDelSqRho = -2.3314683517E-15 -1.3322676296E-14  5.9952043330E-15
HessDelSqRho_EigVals = -1.5624434979E+01 -1.2023354604E+01  1.4137077802E+02
HessDelSqRho_EigVec1 =  9.3581657388E-01  2.8380531546E-01 -2.0904995326E-01
HessDelSqRho_EigVec2 =  2.3842599386E-01 -7.2845123244E-02  9.6842482076E-01
HessDelSqRho_EigVec3 = -2.5961584215E-01  9.5611094070E-01  1.3583623806E-01
</CP of DelSqRho>
<CP of DelSqRho>
CP# = 14      
Type = (3,+3)
Coords = -3.24074979870255E+00  2.62056258793378E-01  3.06880628239752E-01
DistFromNuc =  6.3748791221E-01
Rho =  9.6030030083E-01
DelSqRho = -4.3763063084E+00
GradDelSqRho = -8.8817841970E-16  1.7763568394E-15 -4.2632564146E-14
HessDelSqRho_EigVals =  1.0796138357E+01  2.3094187785E+01  3.3513728365E+02
HessDelSqRho_EigVec1 =  9.9170737401E-01 -1.0989974469E-01  6.6622296916E-02
HessDelSqRho_EigVec2 =  1.0686729278E-01  9.9313803998E-01  4.7499634467E-02
HessDelSqRho_EigVec3 = -7.1385335079E-02 -3.9985993254E-02  9.9664700585E-01
</CP of DelSqRho>
<CP of DelSqRho>
CP# = 15      
Type = (3,+1)
Coords = -3.75178237531159E+00 -1.72359364284312E-01  6.10036683140149E-01
DistFromNuc =  6.9411959379E-01
Rho =  7.7758945448E-01
DelSqRho = -2.5425564814E+00
GradDelSqRho = -7.1054273576E-15 -3.5527136788E-15 -5.3290705182E-15
HessDelSqRho_EigVals = -1.2305709302E+01  1.4157714506E+01  1.8157709056E+02
HessDelSqRho_EigVec1 = -3.0726651285E-01 -4.9947585096E-01  8.1000689157E-01
HessDelSqRho_EigVec2 = -7.1889318776E-01  6.7954505165E-01  1.4632534767E-01
HessDelSqRho_EigVec3 =  6.2352215251E-01  5.3734755707E-01  5.6787122505E-01
</CP of DelSqRho>
<CP of DelSqRho>
CP# = 16      
Type = (3,+1)
Coords = -3.55997678280073E+00 -2.35408959793536E-01  1.37800985530712E+00
DistFromNuc =  6.9452488596E-01
Rho =  7.7668009676E-01
DelSqRho = -2.5416262095E+00
GradDelSqRho = -8.8817841970E-16  1.7763568394E-15  1.0658141036E-14
HessDelSqRho_EigVals = -1.2554801260E+01  1.4377126911E+01  1.8158005654E+02
HessDelSqRho_EigVec1 =  6.6957283974E-01  3.8161185502E-01  6.3721629325E-01
HessDelSqRho_EigVec2 =  6.7762026815E-01 -6.6515648395E-01 -3.1368395568E-01
HessDelSqRho_EigVec3 =  3.0414303292E-01  6.4182493249E-01 -7.0395864336E-01
</CP of DelSqRho>
<CP of DelSqRho>
CP# = 17      
Type = (3,+1)
Coords = -3.64816308888801E+00  7.65990189247306E-01  6.54280672688103E-01
DistFromNuc =  6.9434771694E-01
Rho =  7.7716746245E-01
DelSqRho = -2.5385902512E+00
GradDelSqRho =  4.4408920985E-15  1.7763568394E-15  2.2204460493E-15
HessDelSqRho_EigVals = -1.2349984792E+01  1.4097574883E+01  1.8126091329E+02
HessDelSqRho_EigVec1 = -2.0111744949E-01  4.7561462080E-01  8.5635419307E-01
HessDelSqRho_EigVec2 = -8.5076428543E-01 -5.1813362757E-01  8.7964052966E-02
HessDelSqRho_EigVec3 = -4.8554289424E-01  7.1086445716E-01 -5.0884164668E-01
</CP of DelSqRho>
<CP of DelSqRho>
CP# = 18      
Type = (3,+3)
Coords = -2.95016685197407E+00  1.76423667205797E-01  1.46732031011067E+00
DistFromNuc =  6.3502980930E-01
Rho =  9.7131060717E-01
DelSqRho = -4.5024282637E+00
GradDelSqRho = -6.0396132540E-14  6.2172489379E-15 -9.2370555649E-14
HessDelSqRho_EigVals =  1.1903714969E+01  2.4190889375E+01  3.4789281031E+02
HessDelSqRho_EigVec1 =  8.3875122852E-01 -6.2599766689E-02 -5.4090447019E-01
HessDelSqRho_EigVec2 =  1.0441694557E-01  9.9342511509E-01  4.6942967467E-02
HessDelSqRho_EigVec3 =  5.3440946674E-01 -9.5853064255E-02  8.3977301215E-01
</CP of DelSqRho>
<CP of DelSqRho>
CP# = 19      
Type = (3,+3)
Coords = -3.77884739393220E+00 -3.05785697494460E-01  1.01716693650739E+00
DistFromNuc =  7.2830702652E-01
Rho =  7.4296149506E-01
DelSqRho = -2.9629545592E+00
GradDelSqRho = -1.7763568394E-14 -3.1086244690E-14 -4.4408920985E-16
HessDelSqRho_EigVals =  1.0438956892E+01  2.2893477224E+01  1.3431553718E+02
HessDelSqRho_EigVec1 =  2.4189944612E-01 -7.8895124406E-02  9.6708852610E-01
HessDelSqRho_EigVec2 =  7.2107595743E-01 -6.5229644057E-01 -2.3357828931E-01
HessDelSqRho_EigVec3 =  6.4925659148E-01  7.5384674369E-01 -1.0090077031E-01
</CP of DelSqRho>
<CP of DelSqRho>
CP# = 20      
Type = (3,+1)
Coords = -3.45537313497062E+00  7.14942231056363E-01  1.42170874537415E+00
DistFromNuc =  6.9464907224E-01
Rho =  7.7659143217E-01
DelSqRho = -2.5403666218E+00
GradDelSqRho =  1.0702549957E-13 -2.4868995752E-13 -2.0516921495E-13
HessDelSqRho_EigVals = -1.2579539244E+01  1.4320866461E+01  1.8143418865E+02
HessDelSqRho_EigVec1 =  5.6639957055E-01 -5.7269187715E-01  5.9263440697E-01
HessDelSqRho_EigVec2 =  8.0757684466E-01  5.2909313023E-01 -2.6053809608E-01
HessDelSqRho_EigVec3 = -1.6435074215E-01  6.2616649015E-01  7.6217082085E-01
</CP of DelSqRho>
<CP of DelSqRho>
CP# = 21      
Type = (3,+3)
Coords = -3.65034020004528E+00  8.63123696195902E-01  1.07225473540814E+00
DistFromNuc =  7.2840389795E-01
Rho =  7.4267619571E-01
DelSqRho = -2.9597400735E+00
GradDelSqRho =  5.3290705182E-15 -2.6645352591E-14 -2.8865798640E-15
HessDelSqRho_EigVals =  1.0451598030E+01  2.2843681746E+01  1.3430985904E+02
HessDelSqRho_EigVec1 =  2.4366063716E-01 -6.5942448279E-02  9.6761618807E-01
HessDelSqRho_EigVec2 =  8.4779422501E-01  4.9903132151E-01 -1.7947894638E-01
HessDelSqRho_EigVec3 = -4.7103550391E-01  8.6407137070E-01  1.7749991660E-01
</CP of DelSqRho>
<CP of DelSqRho>
CP# = 22      
Type = (3,-3)
Coords = -2.78621404265816E+00  1.25520400854313E+00  9.12768394330623E-01
DistFromNuc =  1.1401348250E+00
Rho =  2.4712512572E-01
DelSqRho =  8.4820549224E-01
GradDelSqRho =  8.3266726847E-17  5.5511151231E-17  4.3888503942E-16
HessDelSqRho_EigVals = -1.7635496124E+01 -1.9207041768E+00 -5.0712343974E-01
HessDelSqRho_EigVec1 =  4.8610139761E-01  8.7308199303E-01 -3.7858482435E-02
HessDelSqRho_EigVec2 =  8.4555087382E-01 -4.8083465397E-01 -2.3203826264E-01
HessDelSqRho_EigVec3 =  2.2079209911E-01 -8.0782850866E-02  9.7196963943E-01
</CP of DelSqRho>
<CP of DelSqRho>
CP# = 23      
Type = (3,-3)
Coords = -3.01834876743767E+00 -8.59331676613148E-01  8.15310047746424E-01
DistFromNuc =  1.1398861082E+00
Rho =  2.4669999643E-01
DelSqRho =  8.4713318249E-01
GradDelSqRho = -4.1078251911E-15  6.9944050551E-15  5.4817261841E-16
HessDelSqRho_EigVals = -1.7639835867E+01 -1.9174614367E+00 -4.8385210406E-01
HessDelSqRho_EigVec1 = -2.8677127974E-01  9.5022310314E-01  1.2181250907E-01
HessDelSqRho_EigVec2 =  9.3094818181E-01  3.0641463737E-01 -1.9860904507E-01
HessDelSqRho_EigVec3 =  2.2604803891E-01 -5.6445763820E-02  9.7247938788E-01
</CP of DelSqRho>
<CP of DelSqRho>
CP# = 24      
Type = (3,-1)
Coords = -3.30115200956970E+00 -4.76954226079711E-01  1.89171921361484E+00
DistFromNuc =  1.1894175309E+00
Rho =  2.4497409061E-01
DelSqRho =  7.2761464336E-01
GradDelSqRho =  1.2212453271E-15  3.6082248300E-15 -3.8302694350E-15
HessDelSqRho_EigVals = -1.7560298753E+01 -1.1652814848E+00  2.7739953158E-01
HessDelSqRho_EigVec1 =  1.9364321391E-02 -5.9710777865E-01  8.0192725589E-01
HessDelSqRho_EigVec2 =  8.2955304717E-01  4.5731250768E-01  3.2047934761E-01
HessDelSqRho_EigVec3 =  5.5809207572E-01 -6.5903533364E-01 -5.0418812364E-01
</CP of DelSqRho>
<CP of DelSqRho>
CP# = 25      
Type = (3,-1)
Coords = -3.58930619410578E+00  1.00241008751765E+00  7.64087070737518E-02
DistFromNuc =  1.1898160803E+00
Rho =  2.4498901016E-01
DelSqRho =  7.1975393343E-01
GradDelSqRho =  1.4475920462E-13 -4.0215053509E-13  5.0526249851E-13
HessDelSqRho_EigVals = -1.7342364842E+01 -1.1683834192E+00  2.8965814856E-01
HessDelSqRho_EigVec1 =  2.2639584767E-01 -6.3616225780E-01  7.3759236839E-01
HessDelSqRho_EigVec2 = -4.9900722318E-01  5.7457880288E-01  6.4873029103E-01
HessDelSqRho_EigVec3 =  8.3650266668E-01  5.1493376374E-01  1.8736730663E-01
</CP of DelSqRho>
<CP of DelSqRho>
CP# = 26      
Type = (3,-3)
Coords = -4.32717558194099E+00  3.25785913920454E-01  1.47549663308690E+00
DistFromNuc =  1.1609230047E+00
Rho =  2.5196634765E-01
DelSqRho =  8.5980192160E-01
GradDelSqRho =  1.1449174941E-15 -2.8449465006E-16  1.6653345369E-16
HessDelSqRho_EigVals = -1.6939041957E+01 -3.7265982067E+00 -7.9102867290E-02
HessDelSqRho_EigVec1 =  8.8556248182E-01 -7.5744101713E-02 -4.5830330770E-01
HessDelSqRho_EigVec2 =  1.0887512669E-01  9.9297821731E-01  4.6265178444E-02
HessDelSqRho_EigVec3 =  4.5158088709E-01 -9.0868536935E-02  8.8759090318E-01
</CP of DelSqRho>
<CP of DelSqRho>
CP# = 27      
Type = (3,+1)
Coords = -2.17067137567246E+00  1.18817826551543E-01  4.12222631385437E-01
DistFromNuc =  1.2529925751E+00
Rho =  2.3687712291E-01
DelSqRho =  4.9150043210E-01
GradDelSqRho =  4.9960036108E-16  4.0766001685E-17  2.0816681712E-17
HessDelSqRho_EigVals = -8.5104688848E+00  1.1404728844E-01  4.5695446103E-01
HessDelSqRho_EigVec1 =  8.8488531108E-01 -1.0646327934E-01 -4.5347938916E-01
HessDelSqRho_EigVec2 =  4.3828070468E-01 -1.3942037764E-01  8.8795944851E-01
HessDelSqRho_EigVec3 =  1.5775934250E-01  9.8449353906E-01  7.6710243148E-02
</CP of DelSqRho>
<CP of DelSqRho>
CP# = 28      
Type = (3,-1)
Coords = -3.15365617777636E+00  8.51262376945024E-01  1.95002468069965E+00
DistFromNuc =  1.1897677148E+00
Rho =  2.4510810680E-01
DelSqRho =  7.2539070638E-01
GradDelSqRho =  3.9329650647E-14  1.1532441668E-13  1.8124668433E-12
HessDelSqRho_EigVals = -1.7491932466E+01 -1.1757909474E+00  2.8554687757E-01
HessDelSqRho_EigVec1 =  1.4184395299E-01  5.0683632570E-01  8.5029243908E-01
HessDelSqRho_EigVec2 = -7.1147603121E-01  6.4942556969E-01 -2.6841811869E-01
HessDelSqRho_EigVec3 =  6.8824570468E-01  5.6688920291E-01 -4.5271898746E-01
</CP of DelSqRho>
<CP of DelSqRho>
CP# = 29      
Type = (3,-1)
Coords = -4.43716545624816E+00  3.53279880674584E-01  1.14629874865600E+00
DistFromNuc =  1.1609734748E+00
Rho =  2.5316414845E-01
DelSqRho =  8.5870763492E-01
GradDelSqRho =  1.0824674490E-15  2.6888213878E-17 -7.3378803034E-16
HessDelSqRho_EigVals = -1.6675262470E+01 -4.1913894920E+00  2.2803878478E-02
HessDelSqRho_EigVec1 =  9.7890573110E-01 -9.9130468896E-02 -1.7865251119E-01
HessDelSqRho_EigVec2 =  1.0908643465E-01  9.9293137429E-01  4.6770030247E-02
HessDelSqRho_EigVec3 =  1.7275334842E-01 -6.5272016140E-02  9.8280000230E-01
</CP of DelSqRho>
<CP of DelSqRho>
CP# = 30      
Type = (3,-3)
Coords = -4.45220983919930E+00  3.60774252822465E-01  1.02251612574709E+00
DistFromNuc =  1.1612946095E+00
Rho =  2.5250140190E-01
DelSqRho =  8.5877619021E-01
GradDelSqRho =  2.9559688031E-15 -9.9746599869E-17  1.5265566589E-16
HessDelSqRho_EigVals = -1.6833966642E+01 -3.9300358196E+00 -2.9502645644E-02
HessDelSqRho_EigVec1 =  9.9170804143E-01 -1.0555363703E-01 -7.3304776597E-02
HessDelSqRho_EigVec2 =  1.0915155734E-01  9.9291644934E-01  4.6934658473E-02
HessDelSqRho_EigVec3 =  6.7831394593E-02 -5.4546808756E-02  9.9620457114E-01
</CP of DelSqRho>
<CP of DelSqRho>
CP# = 31      
Type = (3,-1)
Coords = -3.74310662270828E+00 -3.56715673645569E-01  1.11156949815272E-02
DistFromNuc =  1.1893737237E+00
Rho =  2.4493203161E-01
DelSqRho =  7.2299146940E-01
GradDelSqRho =  1.7569279365E-14  4.3937076200E-14  6.1756155745E-14
HessDelSqRho_EigVals = -1.7430224280E+01 -1.1704895733E+00  2.7777161860E-01
HessDelSqRho_EigVec1 =  3.5432206890E-01  4.9629266001E-01  7.9255880988E-01
HessDelSqRho_EigVec2 =  6.1599505279E-01  5.1380152014E-01 -5.9712485532E-01
HessDelSqRho_EigVec3 =  7.0356660412E-01 -6.9978682006E-01  1.2366260569E-01
</CP of DelSqRho>
<CP of DelSqRho>
CP# = 32      
Type = (3,+1)
Coords = -4.22564856267324E+00  1.55995841953260E+00  2.12191384232291E+00
DistFromNuc =  1.9995641426E+00
Rho =  7.4989223106E-02
DelSqRho =  1.8262539153E-01
GradDelSqRho = -8.4567769454E-16  1.8457457784E-15  2.1197453515E-14
HessDelSqRho_EigVals = -1.7363951160E+00  2.7311783848E-02  5.7874228828E-01
HessDelSqRho_EigVec1 = -3.3193874879E-01  3.0886646793E-01  8.9130139237E-01
HessDelSqRho_EigVec2 =  8.8198621444E-01  4.3672068798E-01  1.7713090707E-01
HessDelSqRho_EigVec3 = -3.3453995964E-01  8.4491215264E-01 -4.1738048555E-01
</CP of DelSqRho>
<CP of DelSqRho>
CP# = 33      
Type = (3,+1)
Coords = -4.54908491635738E+00  1.72907302898731E+00  4.71157867898353E-01
DistFromNuc =  2.0009479268E+00
Rho =  7.4647561926E-02
DelSqRho =  1.8092925713E-01
GradDelSqRho =  4.0505793164E-16 -2.7408630920E-16  5.5771359753E-16
HessDelSqRho_EigVals = -1.6698217510E+00  2.8944263115E-02  5.8349973222E-01
HessDelSqRho_EigVec1 =  6.2954007070E-01 -4.7686637556E-01  6.1341483455E-01
HessDelSqRho_EigVec2 = -7.6741065347E-01 -5.0508002874E-01  3.9493677153E-01
HessDelSqRho_EigVec3 = -1.2149151545E-01  7.1936960210E-01  6.8392045389E-01
</CP of DelSqRho>
<CP of DelSqRho>
CP# = 34      
Type = (3,+1)
Coords = -4.48199224457462E+00 -9.73644763500592E-01  2.00777403854496E+00
DistFromNuc =  2.0005214133E+00
Rho =  7.4870772944E-02
DelSqRho =  1.8213297648E-01
GradDelSqRho =  9.1072982489E-17 -1.2836953722E-16 -8.1878948066E-16
HessDelSqRho_EigVals = -1.7205472512E+00  2.7923189758E-02  5.8031650650E-01
HessDelSqRho_EigVec1 = -3.8377063873E-01 -3.2993437834E-01  8.6247516071E-01
HessDelSqRho_EigVec2 = -7.6251477477E-01  6.4003956630E-01 -9.4448778871E-02
HessDelSqRho_EigVec3 =  5.2085632866E-01  6.9389672111E-01  4.9720823136E-01
</CP of DelSqRho>
<CP of DelSqRho>
CP# = 35      
Type = (3,+1)
Coords = -4.84189488555936E+00 -8.93891019578214E-01  3.50613621104194E-01
DistFromNuc =  2.0015649667E+00
Rho =  7.4645274064E-02
DelSqRho =  1.8103085846E-01
GradDelSqRho =  5.3091211982E-14 -4.4441880731E-14 -4.5409596222E-13
HessDelSqRho_EigVals = -1.6757480042E+00  2.8753958311E-02  5.8239821573E-01
HessDelSqRho_EigVec1 =  7.1513261405E-01  2.6639881593E-01  6.4623294190E-01
HessDelSqRho_EigVec2 = -6.4074153974E-01  6.1932317674E-01  4.5375002150E-01
HessDelSqRho_EigVec3 =  2.7934857004E-01  7.3855972922E-01 -6.1359098982E-01
</CP of DelSqRho>
<Path of -GradDelSqRho>
Starting CP# =      3
Ending CP# =     19
Number of Points =     17
 -4.0660753097E+00 -6.0838354686E-01  1.0667957350E+00  4.1777032170E-01 -9.8263484123E-01
 -4.0493422963E+00 -5.9001848936E-01  1.0640152804E+00  4.2922979016E-01 -9.9275313923E-01
 -4.0326105079E+00 -5.7165199148E-01  1.0612369697E+00  4.4175291134E-01 -1.0233142463E+00
 -4.0158796465E+00 -5.5328436165E-01  1.0584605602E+00  4.5535173125E-01 -1.0746571404E+00
 -3.9991491601E+00 -5.3491615580E-01  1.0556857016E+00  4.7003166484E-01 -1.1470714418E+00
 -3.9824182024E+00 -5.1654821529E-01  1.0529119289E+00  4.8579078475E-01 -1.2406590667E+00
 -3.9656855805E+00 -4.9818171615E-01  1.0501386505E+00  5.0261915798E-01 -1.3551664911E+00
 -3.9489496815E+00 -4.7981824051E-01  1.0473651251E+00  5.2049833782E-01 -1.4897929720E+00
 -3.9322083586E+00 -4.6145988767E-01  1.0445904210E+00  5.3940113792E-01 -1.6429822433E+00
 -3.9154587501E+00 -4.4310945308E-01  1.0418133457E+00  5.5929183152E-01 -1.8122073298E+00
 -3.8986969758E+00 -4.2477072912E-01  1.0390323223E+00  5.8012693040E-01 -1.9937594787E+00
 -3.8819176041E+00 -4.0644903748E-01  1.0362451689E+00  6.0185670425E-01 -2.1825516662E+00
 -3.8651126385E+00 -3.8815224614E-01  1.0334486721E+00  6.2442759812E-01 -2.3719426443E+00
 -3.8482693783E+00 -3.6989293305E-01  1.0306376789E+00  6.4778568686E-01 -2.5535752655E+00
 -3.8313651424E+00 -3.5169377391E-01  1.0278028373E+00  6.7188122629E-01 -2.7171960695E+00
 -3.8143507031E+00 -3.3360472754E-01  1.0249234285E+00  6.9667389777E-01 -2.8503712468E+00
 -3.7788473939E+00 -3.0578569749E-01  1.0171669365E+00  7.4296149506E-01 -2.9629545592E+00
</Path of -GradDelSqRho>
<Path of -GradDelSqRho>
Starting CP# =      3
Ending CP# =      0
Number of Points =     29
 -4.0660753097E+00 -6.0838354686E-01  1.0667957350E+00  4.1777032170E-01 -9.8263484123E-01
 -4.0828095859E+00 -6.2674711970E-01  1.0695783936E+00  4.0735650097E-01 -9.9267626514E-01
 -4.0995450765E+00 -6.4510923335E-01  1.0723633777E+00  3.9796493354E-01 -1.0227191889E+00
 -4.1162815506E+00 -6.6347010431E-01  1.0751506441E+00  3.8956725872E-01 -1.0727585283E+00
 -4.1330186858E+00 -6.8183004408E-01  1.0779400735E+00  3.8213041209E-01 -1.1429217181E+00
 -4.1497561217E+00 -7.0018940795E-01  1.0807314883E+00  3.7561674119E-01 -1.2333842727E+00
 -4.1664935193E+00 -7.1854853726E-01  1.0835246748E+00  3.6998403122E-01 -1.3441976864E+00
 -4.1832306274E+00 -7.3690769491E-01  1.0863194098E+00  3.6518555909E-01 -1.4749987304E+00
 -4.1999673579E+00 -7.5526699188E-01  1.0891154905E+00  3.6117038306E-01 -1.6245738830E+00
 -4.2167038759E+00 -7.7362629998E-01  1.0919127697E+00  3.5788419487E-01 -1.7902873327E+00
 -4.2334407160E+00 -7.9198513934E-01  1.0947111976E+00  3.5527119820E-01 -1.9674707070E+00
 -4.2501789438E+00 -8.1034252304E-01  1.0975108753E+00  3.5327758562E-01 -2.1490383958E+00
 -4.2669203675E+00 -8.2869675219E-01  1.1003121254E+00  3.5185717126E-01 -2.3258266585E+00
 -4.2836676505E+00 -8.4704530270E-01  1.1031155513E+00  3.5097945277E-01 -2.4883869549E+00
 -4.3004233214E+00 -8.6538575463E-01  1.1059218482E+00  3.5063966202E-01 -2.6310346037E+00
 -4.3171841800E+00 -8.8372111331E-01  1.1087304491E+00  3.5086912800E-01 -2.7586365341E+00
 -4.3339316470E+00 -9.0206904119E-01  1.1115368300E+00  3.5174264709E-01 -2.8957283686E+00
 -4.3506453481E+00 -9.2044892267E-01  1.1143353895E+00  3.5337793783E-01 -3.0961022829E+00
 -4.3673279745E+00 -9.3885820065E-01  1.1171261530E+00  3.5592125713E-01 -3.4493560554E+00
 -4.3839919303E+00 -9.5728512854E-01  1.1199119880E+00  3.5951408281E-01 -4.0796775164E+00
 -4.4006457186E+00 -9.7572167053E-01  1.1226950162E+00  3.6423908047E-01 -5.1320234144E+00
 -4.4172937407E+00 -9.9416367075E-01  1.1254763799E+00  3.7004937086E-01 -6.7423341712E+00
 -4.4339382191E+00 -1.0126090311E+00  1.1282566714E+00  3.7669311526E-01 -8.9920369380E+00
 -4.4505803178E+00 -1.0310566525E+00  1.1310362067E+00  3.8365396612E-01 -1.1853524842E+01
 -4.4672206710E+00 -1.0495059363E+00  1.1338151581E+00  3.9013383327E-01 -1.5142434626E+01
 -4.4838596282E+00 -1.0679565535E+00  1.1365936159E+00  3.9510307047E-01 -1.8501055437E+01
 -4.5004973658E+00 -1.0864083400E+00  1.1393716118E+00  3.9743004688E-01 -2.1437381517E+01
 -4.5171339121E+00 -1.1048612762E+00  1.1421491062E+00  3.9607652257E-01 -2.3428230220E+01
 -4.5321054120E+00 -1.1214702868E+00  1.1446480968E+00  3.9110049375E-01 -2.4068093271E+01
</Path of -GradDelSqRho>
<Path of -GradDelSqRho>
Starting CP# =      4
Ending CP# =      0
Number of Points =     29
 -3.8658452844E+00  1.2146753006E+00  1.1522449323E+00  4.1757430021E-01 -9.8058620683E-01
 -3.8782308930E+00  1.2358886743E+00  1.1568913799E+00  4.0715425006E-01 -9.9062936602E-01
 -3.8906175047E+00  1.2571007397E+00  1.1615411252E+00  3.9775650625E-01 -1.0206779080E+00
 -3.9030048385E+00  1.2783116687E+00  1.1661941297E+00  3.8935275351E-01 -1.0707271599E+00
 -3.9153925138E+00  1.2995217108E+00  1.1708502664E+00  3.8190996640E-01 -1.1409046097E+00
 -3.9277801154E+00  1.3207311526E+00  1.1755093335E+00  3.7539052533E-01 -1.2313853045E+00
 -3.9401672645E+00  1.3419402711E+00  1.1801710746E+00  3.6975224292E-01 -1.3422194847E+00
 -3.9525536991E+00  1.3631492820E+00  1.1848352031E+00  3.6494841922E-01 -1.4730414997E+00
 -3.9649393657E+00  1.3843582796E+00  1.1895014309E+00  3.6092813332E-01 -1.6226337984E+00
 -3.9773245290E+00  1.4055671657E+00  1.1941695013E+00  3.5763709872E-01 -1.7883546308E+00
 -3.9897099160E+00  1.4267755571E+00  1.1988392256E+00  3.5501954668E-01 -1.9655280500E+00
 -4.0020969182E+00  1.4479826570E+00  1.2035105302E+00  3.5302171010E-01 -2.1470607820E+00
 -4.0144878577E+00  1.4691870861E+00  1.2081835166E+00  3.5159746435E-01 -2.3237850080E+00
 -4.0268861263E+00  1.4903867845E+00  1.2128585259E+00  3.5071639732E-01 -2.4862581058E+00
 -4.0392949238E+00  1.5115797637E+00  1.2175360642E+00  3.5037386456E-01 -2.6288201183E+00
 -4.0517101642E+00  1.5327684499E+00  1.2222159551E+00  3.5060134829E-01 -2.7563906594E+00
 -4.0641083322E+00  1.5539672375E+00  1.2268953464E+00  3.5147381138E-01 -2.8935914519E+00
 -4.0764638307E+00  1.5751919305E+00  1.2315701534E+00  3.5310911598E-01 -3.0943308272E+00
 -4.0887802066E+00  1.5964404784E+00  1.2362398410E+00  3.5565357930E-01 -3.4483358435E+00
 -4.1010731255E+00  1.6177033644E+00  1.2409060805E+00  3.5924858737E-01 -4.0799039328E+00
 -4.1133532901E+00  1.6389740727E+00  1.2455702540E+00  3.6397649567E-01 -5.1340352203E+00
 -4.1256262356E+00  1.6602492289E+00  1.2502331431E+00  3.6978985128E-01 -6.7465934089E+00
 -4.1378947570E+00  1.6815271264E+00  1.2548951661E+00  3.7643598286E-01 -8.9987599872E+00
 -4.1501603195E+00  1.7028068698E+00  1.2595565498E+00  3.8339753318E-01 -1.1862492043E+01
 -4.1624237227E+00  1.7240879706E+00  1.2642174180E+00  3.8987539962E-01 -1.5152838852E+01
 -4.1746854095E+00  1.7453701598E+00  1.2688778319E+00  3.9483917484E-01 -1.8511479142E+01
 -4.1869456086E+00  1.7666533032E+00  1.2735378025E+00  3.9715699648E-01 -2.1445985013E+01
 -4.1992043723E+00  1.7879373841E+00  1.2781972673E+00  3.9579112746E-01 -2.3433163315E+01
 -4.2102356381E+00  1.8070941710E+00  1.2823899617E+00  3.9080229172E-01 -2.4068557854E+01
</Path of -GradDelSqRho>
<Path of -GradDelSqRho>
Starting CP# =      4
Ending CP# =     21
Number of Points =     17
 -3.8658452844E+00  1.2146753006E+00  1.1522449323E+00  4.1757430021E-01 -9.8058620683E-01
 -3.8534607653E+00  1.1934606056E+00  1.1476016144E+00  4.2903999903E-01 -9.9070597701E-01
 -3.8410772961E+00  1.1722446224E+00  1.1429613830E+00  4.4156929249E-01 -1.0212708757E+00
 -3.8286945468E+00  1.1510276000E+00  1.1383239829E+00  4.5517416059E-01 -1.0726188099E+00
 -3.8163118872E+00  1.1298099836E+00  1.1336890615E+00  4.6985994493E-01 -1.1450381618E+00
 -3.8039283358E+00  1.1085924442E+00  1.1290561709E+00  4.8562463724E-01 -1.2386294450E+00
 -3.7915424956E+00  1.0873759168E+00  1.1244247644E+00  5.0245821558E-01 -1.3531375543E+00
 -3.7791524634E+00  1.0661616567E+00  1.1197941847E+00  5.2034213571E-01 -1.4877599446E+00
 -3.7667556906E+00  1.0449513277E+00  1.1151636383E+00  5.3924910448E-01 -1.6409382432E+00
 -3.7543487622E+00  1.0237471447E+00  1.1105321449E+00  5.5914327811E-01 -1.8101429206E+00
 -3.7419270268E+00  1.0025521143E+00  1.1058984486E+00  5.7998104025E-01 -1.9916619998E+00
 -3.7294839456E+00  9.8137046257E-01  1.1012608542E+00  6.0171252035E-01 -2.1804042354E+00
 -3.7170098521E+00  9.6020845366E-01  1.0966169114E+00  6.2428401025E-01 -2.3697227077E+00
 -3.7044893287E+00  9.3907613728E-01  1.0919627413E+00  6.4764141800E-01 -2.5512525409E+00
 -3.6918947144E+00  9.1799171662E-01  1.0872913619E+00  6.7173481799E-01 -2.7147297114E+00
 -3.6791656270E+00  8.9699555895E-01  1.0825873939E+00  6.9652368613E-01 -2.8477060709E+00
 -3.6503402000E+00  8.6312369620E-01  1.0722547354E+00  7.4267619571E-01 -2.9597400735E+00
</Path of -GradDelSqRho>
<Path of -GradDelSqRho>
Starting CP# =      6
Ending CP# =     18
Number of Points =     34
 -3.3082080285E+00  2.3079657509E-01  1.1091015352E+00  2.2573213573E+01  1.2337919096E+03
 -3.3092312513E+00  2.2971858966E-01  1.1340573106E+00  1.5653946504E+01  1.1515927798E+03
 -3.3102262928E+00  2.2863755186E-01  1.1590140981E+00  1.0963780064E+01  9.8149616839E+02
 -3.3112143349E+00  2.2755575095E-01  1.1839711307E+00  7.7942772888E+00  7.7309162580E+02
 -3.3121860514E+00  2.2647217747E-01  1.2089287264E+00  5.6605834643E+00  5.7212882613E+02
 -3.3131252307E+00  2.2538507717E-01  1.2338874125E+00  4.2251260897E+00  4.0755387539E+02
 -3.3140142063E+00  2.2429254001E-01  1.2588476968E+00  3.2568373024E+00  2.8460271459E+02
 -3.3148352159E+00  2.2319264953E-01  1.2838099821E+00  2.6005589154E+00  1.9615435012E+02
 -3.3155717441E+00  2.2208362957E-01  1.3087744946E+00  2.1527552480E+00  1.3300895636E+02
 -3.3162076552E+00  2.2096375152E-01  1.3337412822E+00  1.8440075441E+00  8.7960660776E+01
 -3.3167231275E+00  2.1983089749E-01  1.3587102519E+00  1.6274632126E+00  5.6102964441E+01
 -3.3170887626E+00  2.1868193288E-01  1.3836811106E+00  1.4714856457E+00  3.4040272072E+01
 -3.3172585230E+00  2.1751196467E-01  1.4086530558E+00  1.3548935147E+00  1.9223124145E+01
 -3.3171596883E+00  2.1631330562E-01  1.4336239388E+00  1.2637295825E+00  9.6300443984E+00
 -3.3166754255E+00  2.1507371042E-01  1.4585881278E+00  1.1889819713E+00  3.6631440457E+00
 -3.3156105693E+00  2.1377299425E-01  1.4835306791E+00  1.1249671324E+00  1.0948665592E-01
 -3.3136157131E+00  2.1237578245E-01  1.5084093598E+00  1.0682246133E+00 -1.9031862328E+00
 -3.3099865236E+00  2.1081334394E-01  1.5330866698E+00  1.0168831908E+00 -2.9690149861E+00
 -3.3029919107E+00  2.0892933956E-01  1.5569667855E+00  9.7087994866E-01 -3.4755341727E+00
 -3.2878547427E+00  2.0639894641E-01  1.5761999059E+00  9.3674733473E-01 -3.6816785790E+00
 -3.2638941640E+00  2.0360687282E-01  1.5813266587E+00  9.2954062637E-01 -3.7907868898E+00
 -3.2391625196E+00  2.0110630991E-01  1.5788357098E+00  9.3463957018E-01 -3.8877985821E+00
 -3.2146692112E+00  1.9873265415E-01  1.5744383468E+00  9.4124259550E-01 -3.9790669976E+00
 -3.1903518944E+00  1.9643225774E-01  1.5691168185E+00  9.4749731098E-01 -4.0642229233E+00
 -3.1662138713E+00  1.9419859701E-01  1.5630083201E+00  9.5312320406E-01 -4.1427529638E+00
 -3.1422768317E+00  1.9203251636E-01  1.5561327392E+00  9.5806588585E-01 -4.2141991018E+00
 -3.1185653279E+00  1.8993558775E-01  1.5484963412E+00  9.6230330760E-01 -4.2781744252E+00
 -3.0951044380E+00  1.8790919832E-01  1.5401042580E+00  9.6582231665E-01 -4.3343697948E+00
 -3.0719195365E+00  1.8595436767E-01  1.5309617665E+00  9.6861641837E-01 -4.3825583575E+00
 -3.0490363090E+00  1.8407159926E-01  1.5210744683E+00  9.7068555556E-01 -4.4225983455E+00
 -3.0264807863E+00  1.8226066634E-01  1.5104483752E+00  9.7203596826E-01 -4.4544341718E+00
 -3.0042793921E+00  1.8052026706E-01  1.4990899725E+00  9.7267999287E-01 -4.4780958449E+00
 -2.9824590169E+00  1.7884739423E-01  1.4870062589E+00  9.7263579693E-01 -4.4936967741E+00
 -2.9501668520E+00  1.7642366721E-01  1.4673203101E+00  9.7131060717E-01 -4.5024282637E+00
</Path of -GradDelSqRho>
<Path of -GradDelSqRho>
Starting CP# =      6
Ending CP# =      1
Number of Points =      7
 -3.3082080285E+00  2.3079657509E-01  1.1091015352E+00  2.2573213573E+01  1.2337919096E+03
 -3.3071224340E+00  2.3186781023E-01  1.0841481078E+00  3.2815338381E+01  9.8081800407E+02
 -3.3059840824E+00  2.3293333289E-01  1.0591967810E+00  4.8080557155E+01 -8.0608222933E+02
 -3.3048224975E+00  2.3399633849E-01  1.0342464158E+00  7.0758978274E+01 -6.4173371940E+03
 -3.3036439285E+00  2.3505750448E-01  1.0092967698E+00  1.0442640585E+02 -2.0738399057E+04
 -3.3024373087E+00  2.3611563419E-01  9.8434833499E-01  1.5493818155E+02 -7.5669119161E+04
 -3.3003017282E+00  2.3794417232E-01  9.4112280190E-01  2.9725615282E+02 -3.3289103073E+06
</Path of -GradDelSqRho>
<Path of -GradDelSqRho>
Starting CP# =      7
Ending CP# =      1
Number of Points =      7
 -3.3885868645E+00  2.5402406874E-01  7.9858737017E-01  2.2548429249E+01  1.2311094772E+03
 -3.3755560245E+00  2.5164298499E-01  8.1978942844E-01  3.2774783124E+01  9.7990581734E+02
 -3.3624816213E+00  2.4925854398E-01  8.4096427953E-01  4.8014299718E+01 -7.9682762308E+02
 -3.3493880238E+00  2.4687262637E-01  8.6212710278E-01  7.0653145597E+01 -6.3879490962E+03
 -3.3362805266E+00  2.4448564202E-01  8.8328119842E-01  1.0425714959E+02 -2.0628810527E+04
 -3.3231499947E+00  2.4209689541E-01  9.0442080560E-01  1.5467451041E+02 -7.5299308908E+04
 -3.3003017282E+00  2.3794417232E-01  9.4112280190E-01  2.9725615282E+02 -3.3289103073E+06
</Path of -GradDelSqRho>
<Path of -GradDelSqRho>
Starting CP# =      7
Ending CP# =     14
Number of Points =     35
 -3.3885868645E+00  2.5402406874E-01  7.9858737017E-01  2.2548429249E+01  1.2311094772E+03
 -3.4015663857E+00  2.5640118524E-01  7.7735340851E-01  1.5638545834E+01  1.1492930798E+03
 -3.4145229347E+00  2.5877651590E-01  7.5610521710E-01  1.0953920754E+01  9.7963042415E+02
 -3.4274737766E+00  2.6115139498E-01  7.3485349635E-01  7.7875748644E+00  7.7162284132E+02
 -3.4404111184E+00  2.6352521690E-01  7.1359343729E-01  5.6555164841E+00  5.7106868828E+02
 -3.4533215551E+00  2.6589693711E-01  6.9231679671E-01  4.2207466562E+00  4.0686477103E+02
 -3.4661904657E+00  2.6826541107E-01  6.7101465613E-01  3.2525902486E+00  2.8420673304E+02
 -3.4790031133E+00  2.7062947833E-01  6.4967814312E-01  2.5961487603E+00  1.9597100417E+02
 -3.4917457465E+00  2.7298804722E-01  6.2829913977E-01  2.1480509801E+00  1.3297321015E+02
 -3.5044048745E+00  2.7534003636E-01  6.0686986802E-01  1.8389787135E+00  8.8024042644E+01
 -3.5169638756E+00  2.7768410423E-01  5.8538090671E-01  1.6221382237E+00  5.6229446020E+01
 -3.5293980495E+00  2.8001824919E-01  5.6381841951E-01  1.4659242576E+00  3.4202799151E+01
 -3.5416686112E+00  2.8233931179E-01  5.4216104199E-01  1.3491683374E+00  1.9401736246E+01
 -3.5537140309E+00  2.8464223889E-01  5.2037580376E-01  1.2579135329E+00  9.8107985231E+00
 -3.5654348075E+00  2.8691875946E-01  4.9841164648E-01  1.1831396314E+00  3.8371406307E+00
 -3.5766631097E+00  2.8915467566E-01  4.7618808908E-01  1.1191477729E+00  2.7179298910E-01
 -3.5870939981E+00  2.9132351802E-01  4.5357425566E-01  1.0624524243E+00 -1.7546036693E+00
 -3.5960975064E+00  2.9336840245E-01  4.3034950564E-01  1.0111289145E+00 -2.8341302209E+00
 -3.6020420923E+00  2.9513174552E-01  4.0617012177E-01  9.6491887398E-01 -3.3524514498E+00
 -3.5993757552E+00  2.9599446828E-01  3.8167376296E-01  9.2932492733E-01 -3.5644028919E+00
 -3.5817577125E+00  2.9493033175E-01  3.6454225025E-01  9.2023131088E-01 -3.6706513266E+00
 -3.5591192386E+00  2.9302879051E-01  3.5415878245E-01  9.2481049651E-01 -3.7636904057E+00
 -3.5356963146E+00  2.9096656978E-01  3.4567348945E-01  9.3115111863E-01 -3.8513963063E+00
 -3.5119687672E+00  2.8884027420E-01  3.3809561953E-01  9.3719870453E-01 -3.9334791086E+00
 -3.4880112708E+00  2.8666294225E-01  3.3129528465E-01  9.4265260213E-01 -4.0094671981E+00
 -3.4638529709E+00  2.8443679372E-01  3.2526469068E-01  9.4745770118E-01 -4.0789379924E+00
 -3.4395184894E+00  2.8216258376E-01  3.2001036302E-01  9.5159280410E-01 -4.1415335498E+00
 -3.4150323276E+00  2.7984061094E-01  3.1554013939E-01  9.5504547368E-01 -4.1969666162E+00
