 AIMInt (Version 19.02.13, Professional)
 Portions Copyright (c) 1997-2019 by Todd A. Keith
 AIMInt is a component of the AIMAll package ( http://aim.tkgristmill.com )

 TP:  64-bit Linux

 Licensed To:  Research Group of Fernando Cortes Guzman, UNAM, fercor@unam.mx

 AIMInt is a heavily modified and extended version of the PROAIMV program
 developed by members of R.F.W. Bader's research group

 Much of the Quantum Theory of Atoms in Molecules (QTAIM) is described in the book:
   "Atoms in Molecules - A Quantum Theory"
   R.F.W. Bader, Oxford University Press, Oxford, 1990

 For additional references see:  http://aim.tkgristmill.com/references.html

 Current Directory:  /home/scratch/M_H2O_4_tetraedrico/Opt

 Inp File:  Co2_tetraedrico_cc-pvtz-def2-tzv_2_atomicfiles/o8.inp
 Wfx File:  Co2_tetraedrico_cc-pvtz-def2-tzv_2.wfx
 Out File:  Co2_tetraedrico_cc-pvtz-def2-tzv_2_atomicfiles/o8.int

 Wfx Title:   Co2_tetraedrico_cc-pvtz-def2-tzv_2                                            
 Job Title:   Co2_tetraedrico_cc-pvtz-def2-tzv_2                                            
 
<Atom>
O8      
</Atom>
<Nuclei of Molecule>
    13
Co1       27.0          -1.1790565725E-03   1.3704013181E-04  -1.2342000779E-03
O2         8.0           1.4148503452E+00  -2.7671609835E+00   1.4704041064E+00
H3         1.0           2.7805705315E+00  -3.7898954201E+00   7.4410335821E-01
O4         8.0           1.6851375251E+00   2.8234188876E+00   1.0058472339E+00
H5         1.0           1.5676816542E+00   4.5457523970E+00   3.2873666344E-01
O6         8.0          -3.3003014011E+00   2.3794414088E-01   9.4112273551E-01
H7         1.0          -4.5378628170E+00  -1.1279128260E+00   1.1456068586E+00
O8         8.0           1.9559789078E-01  -2.9365504811E-01  -3.4223103502E+00
H9         1.0           1.6123489741E+00   1.7373322129E-01  -4.5248827564E+00
H10        1.0           2.8442496062E+00   2.9167851738E+00   2.4505360765E+00
H11        1.0           1.0979234412E+00  -3.4625562687E+00   3.1604651947E+00
H12        1.0          -4.2144221789E+00   1.8144440969E+00   1.2839884645E+00
H13        1.0          -1.0809295636E+00  -1.0784264326E+00  -4.5157402624E+00
</Nuclei of Molecule>
<Total Number of CPs of DelSqRho>
    34
</Total Number of CPs of DelSqRho>
<Number of (3,+3) CPs of DelSqRho>
     5
</Number of (3,+3) CPs of DelSqRho>
<Number of (3,+1) CPs of DelSqRho>
    14
</Number of (3,+1) CPs of DelSqRho>
<Number of (3,-1) CPs of DelSqRho>
    10
</Number of (3,-1) CPs of DelSqRho>
<Number of (3,-3) CPs of DelSqRho>
     5
</Number of (3,-3) CPs of DelSqRho>
<Number of Degenerate CPs of DelSqRho>
     0
</Number of Degenerate CPs of DelSqRho>
<CP of DelSqRho>
CP# = 1       
Type = (3,+3)
Coords =  1.95597923678929E-01 -2.93655118696995E-01 -3.42231067167973E+00
DistFromNuc =  3.3079003609E-07
Rho =  2.9725460850E+02
DelSqRho = -3.3288885661E+06
GradDelSqRho =  4.0377830146E-07  6.0397837842E-09  8.2914611994E-06
HessDelSqRho_EigVals =  1.3238254432E+11  1.3238256418E+11  1.3238257140E+11
HessDelSqRho_EigVec1 = -4.1919802217E-01  8.9905530029E-01 -1.2638269353E-01
HessDelSqRho_EigVec2 = -5.3112765531E-02  1.1468096402E-01  9.9198150720E-01
HessDelSqRho_EigVec3 =  9.0633992097E-01  4.2254922022E-01 -3.2271993417E-04
</CP of DelSqRho>
<CP of DelSqRho>
CP# = 2       
Type = (3,-1)
Coords =  6.90017121524023E-02 -1.38872154703754E-01 -1.96381927706078E+00
DistFromNuc =  1.4721346905E+00
Rho =  1.5613047114E-01
DelSqRho =  4.4048329811E-01
GradDelSqRho = -1.8360313270E-14  1.0833348107E-14  1.8605950114E-13
HessDelSqRho_EigVals = -5.6035505560E-01 -4.3438504248E-01  4.8965907498E+00
HessDelSqRho_EigVec1 = -4.7907631857E-01  8.7275853329E-01 -9.3693241757E-02
HessDelSqRho_EigVec2 =  8.7664545054E-01  4.8113645210E-01 -6.8447720309E-04
HessDelSqRho_EigVec3 = -4.4481850605E-02  8.2463670951E-02  9.9560087783E-01
</CP of DelSqRho>
<CP of DelSqRho>
CP# = 3       
Type = (3,+1)
Coords = -5.94712851407526E-01 -7.80905549849107E-01 -4.09829569182094E+00
DistFromNuc =  1.1484599700E+00
Rho =  4.1711784815E-01
DelSqRho = -9.7803780739E-01
GradDelSqRho = -2.8153590570E-12 -4.4686476741E-13 -1.8215845499E-12
HessDelSqRho_EigVals = -3.2144156045E+01  1.5058177014E+01  1.5993900058E+01
HessDelSqRho_EigVec1 =  6.8658701925E-01  4.2211204429E-01  5.9196257235E-01
HessDelSqRho_EigVec2 = -4.1419123575E-01  8.9624924559E-01 -1.5869124111E-01
HessDelSqRho_EigVec3 = -5.9753149308E-01 -1.3623036315E-01  7.9018820728E-01
</CP of DelSqRho>
<CP of DelSqRho>
CP# = 4       
Type = (3,-1)
Coords =  1.84110885181824E-01 -2.71142563231071E-01 -3.25736243725386E+00
DistFromNuc =  1.6687293745E-01
Rho =  2.2758790049E+01
DelSqRho =  1.2953525983E+03
GradDelSqRho =  1.9015899966E-12 -2.3447910280E-12  1.2043699371E-12
HessDelSqRho_EigVals = -4.5315351597E+05 -3.5263331400E+03  2.5832080570E+02
HessDelSqRho_EigVec1 = -6.8969364419E-02  1.3527067687E-01  9.8840531704E-01
HessDelSqRho_EigVec2 = -4.1769711872E-01  8.9582481011E-01 -1.5174658678E-01
HessDelSqRho_EigVec3 =  9.0596486896E-01  4.2331991870E-01  5.2822958092E-03
</CP of DelSqRho>
<CP of DelSqRho>
CP# = 5       
Type = (3,-1)
Coords =  2.01628425075683E-01 -3.06262122700581E-01 -3.59054694852585E+00
DistFromNuc =  1.6881604987E-01
Rho =  2.2330019469E+01
DelSqRho =  1.2515843354E+03
GradDelSqRho = -6.7057470687E-13  7.2830630415E-14 -8.3133500084E-12
HessDelSqRho_EigVals = -4.0622880100E+05 -1.8814417029E+03  1.5284437421E+03
HessDelSqRho_EigVec1 = -3.5407826972E-02  7.3983544738E-02  9.9663068430E-01
HessDelSqRho_EigVec2 = -4.2131699915E-01  9.0319730003E-01 -8.2015995040E-02
HessDelSqRho_EigVec3 =  9.0622197723E-01  4.2280145733E-01  8.0972866597E-04
</CP of DelSqRho>
<CP of DelSqRho>
CP# = 6       
Type = (3,+1)
Coords =  1.30888358207042E-01 -1.54910780624724E-01 -3.49214001076131E+00
DistFromNuc =  1.6826608946E-01
Rho =  2.2585888004E+01
DelSqRho =  1.2345778371E+03
GradDelSqRho =  9.6989083431E-12  1.6875389974E-12 -1.0231815395E-12
HessDelSqRho_EigVals = -4.1409801903E+05  2.3536944620E+03  3.4602787043E+03
HessDelSqRho_EigVec1 = -3.8542279894E-01  8.2639466690E-01 -4.1051324044E-01
HessDelSqRho_EigVec2 = -1.7470054587E-01  3.7148655591E-01  9.1185385784E-01
HessDelSqRho_EigVec3 =  9.0605131495E-01  4.2316615331E-01  1.1922112665E-03
</CP of DelSqRho>
<CP of DelSqRho>
CP# = 7       
Type = (3,+1)
Coords =  2.65952307066388E-01 -4.44510492632671E-01 -3.44822552798143E+00
DistFromNuc =  1.6845980373E-01
Rho =  2.2544023663E+01
DelSqRho =  1.2300882747E+03
GradDelSqRho = -2.0179413696E-12  6.8567374001E-13  7.8443918028E-12
HessDelSqRho_EigVals = -4.0959648330E+05  2.5420772171E+03  3.6182268688E+03
HessDelSqRho_EigVec1 = -4.1793473879E-01  8.9613692715E-01  1.4922855596E-01
HessDelSqRho_EigVec2 =  6.1804924160E-02 -1.3583530628E-01  9.8880176017E-01
HessDelSqRho_EigVec3 =  9.0637227753E-01  4.2247766493E-01  1.3846184295E-03
</CP of DelSqRho>
<CP of DelSqRho>
CP# = 8       
Type = (3,-3)
Coords =  2.79209501620368E-01 -2.31902079351698E-01 -3.29154242194461E+00
DistFromNuc =  1.6704664521E-01
Rho =  2.2696645875E+01
DelSqRho =  1.2961104173E+03
GradDelSqRho =  1.7037926625E-11  1.2176926134E-11  7.4891204349E-12
HessDelSqRho_EigVals = -4.4929325632E+05 -3.7513380448E+03 -4.5455880654E+02
HessDelSqRho_EigVec1 =  4.9803671872E-01  3.6924148439E-01  7.8461465256E-01
HessDelSqRho_EigVec2 = -4.2839585419E-01  8.9145533956E-01 -1.4759529016E-01
HessDelSqRho_EigVec3 =  7.5394722555E-01  2.6261779029E-01 -6.0215901331E-01
</CP of DelSqRho>
<CP of DelSqRho>
CP# = 9       
Type = (3,-3)
Coords =  9.50001114869993E-02 -3.17754291846678E-01 -3.29114793016421E+00
DistFromNuc =  1.6704570385E-01
Rho =  2.2697202561E+01
DelSqRho =  1.2960658092E+03
GradDelSqRho =  1.1592504734E-11  6.0040861172E-13 -6.2243543653E-12
HessDelSqRho_EigVals = -4.4930326568E+05 -3.7470751377E+03 -4.4466198239E+02
HessDelSqRho_EigVec1 = -6.0028395371E-01 -1.4263921728E-01  7.8696456630E-01
HessDelSqRho_EigVec2 = -4.0768631713E-01  9.0110578738E-01 -1.4764899858E-01
HessDelSqRho_EigVec3 =  6.8807778756E-01  4.0946601038E-01  5.9907140193E-01
</CP of DelSqRho>
<CP of DelSqRho>
CP# = 10      
Type = (3,-1)
Coords =  7.90945137114413E-01  2.05226479061485E-02 -3.17356813477913E+00
DistFromNuc =  7.1764800433E-01
Rho =  6.6808387064E-01
DelSqRho = -9.5546349922E-01
GradDelSqRho =  6.0129679014E-13  2.5313084961E-14  2.0072832285E-13
HessDelSqRho_EigVals = -1.5604966603E+01 -1.2160120770E+01  1.4124308718E+02
HessDelSqRho_EigVec1 = -3.9855037476E-01 -3.1417351006E-02  9.1660817629E-01
HessDelSqRho_EigVec2 = -4.1424329754E-01  8.9783018512E-01 -1.4934339334E-01
HessDelSqRho_EigVec3 =  8.1826651479E-01  4.3921965888E-01  3.7084498383E-01
</CP of DelSqRho>
<CP of DelSqRho>
CP# = 11      
Type = (3,-1)
Coords = -4.26463118442534E-01 -5.47162451605652E-01 -3.17018078359191E+00
DistFromNuc =  7.1749231436E-01
Rho =  6.6912892626E-01
DelSqRho = -9.6223317244E-01
GradDelSqRho = -1.0658141036E-14  1.9984014443E-15  1.4210854715E-14
HessDelSqRho_EigVals = -1.5620671891E+01 -1.2180766614E+01  1.4144006330E+02
HessDelSqRho_EigVec1 =  2.8464368365E-01  2.8740075097E-01  9.1453746872E-01
HessDelSqRho_EigVec2 = -4.2230147860E-01  8.9403866525E-01 -1.4952032037E-01
HessDelSqRho_EigVec3 =  8.6060411022E-01  3.4365051051E-01 -3.7585222109E-01
</CP of DelSqRho>
<CP of DelSqRho>
CP# = 12      
Type = (3,+1)
Coords = -4.58388501149294E-02 -8.94721690570054E-01 -3.67181330961727E+00
DistFromNuc =  6.9413581906E-01
Rho =  7.7793904584E-01
DelSqRho = -2.5471180880E+00
GradDelSqRho =  1.9206858326E-13 -1.4461765119E-12  4.1966430331E-14
HessDelSqRho_EigVals = -1.2210758324E+01  1.4166966989E+01  1.8147602405E+02
HessDelSqRho_EigVec1 =  7.3327990185E-01 -3.9774131335E-01  5.5145483333E-01
HessDelSqRho_EigVec2 = -6.2530699781E-01 -7.5996189632E-02  7.7666964512E-01
HessDelSqRho_EigVec3 =  2.6700513860E-01  9.1434480740E-01  3.0443690503E-01
</CP of DelSqRho>
<CP of DelSqRho>
CP# = 13      
Type = (3,+1)
Coords =  1.58884525619580E-01 -2.12528202452066E-01 -2.75734001677266E+00
DistFromNuc =  6.7090608925E-01
Rho =  8.4547566509E-01
DelSqRho = -3.3505761247E+00
GradDelSqRho = -3.2751579226E-15  1.6653345369E-15  7.1054273576E-14
HessDelSqRho_EigVals = -6.6911741143E+00  1.8801063466E+01  2.3557538572E+02
HessDelSqRho_EigVec1 = -4.1926767639E-01  8.9763594310E-01 -1.3588351331E-01
HessDelSqRho_EigVec2 =  9.0613001611E-01  4.2299634347E-01 -1.5771204681E-03
HessDelSqRho_EigVec3 = -5.6062549248E-02  1.2378936574E-01  9.9072356563E-01
</CP of DelSqRho>
<CP of DelSqRho>
CP# = 14      
Type = (3,-1)
Coords =  2.33707326933848E-01 -3.81193097863160E-01 -4.14342221388799E+00
DistFromNuc =  7.2740467365E-01
Rho =  6.6161645431E-01
DelSqRho = -9.4128419391E-01
GradDelSqRho = -3.4139358007E-15  8.1601392310E-15  3.1530333899E-14
HessDelSqRho_EigVals = -1.9097410034E+01 -6.6903621017E+00  1.3070427817E+02
HessDelSqRho_EigVec1 =  9.0709940734E-01  4.2090532437E-01 -3.0615545959E-03
HessDelSqRho_EigVec2 = -4.1773413398E-01  8.9932478382E-01 -1.2927925784E-01
HessDelSqRho_EigVec3 = -5.1660996032E-02  1.1854805403E-01  9.9160349958E-01
</CP of DelSqRho>
<CP of DelSqRho>
CP# = 15      
Type = (3,+1)
Coords =  8.09008341969832E-01 -4.97089503846257E-01 -3.67521444524467E+00
DistFromNuc =  6.9398734910E-01
Rho =  7.7839844604E-01
DelSqRho = -2.5535773813E+00
GradDelSqRho = -6.6613381478E-15 -2.6645352591E-15 -6.7723604502E-15
HessDelSqRho_EigVals = -1.2145910571E+01  1.4254291923E+01  1.8170201687E+02
HessDelSqRho_EigVec1 =  1.6538939943E-01  8.1592789427E-01 -5.5399279590E-01
HessDelSqRho_EigVec2 =  4.6595505954E-01  4.3043328885E-01  7.7305437476E-01
HessDelSqRho_EigVec3 =  8.6921356929E-01 -3.8599074496E-01 -3.0899662742E-01
</CP of DelSqRho>
<CP of DelSqRho>
CP# = 16      
Type = (3,+1)
Coords =  4.90334739247711E-01  2.15544437771550E-01 -3.79194965780393E+00
DistFromNuc =  6.9482885951E-01
Rho =  7.7645051454E-01
DelSqRho = -2.5487279396E+00
GradDelSqRho =  2.6645352591E-15  1.9761969838E-14 -1.5321077740E-14
HessDelSqRho_EigVals = -1.2613514944E+01  1.4567147266E+01  1.8144788745E+02
HessDelSqRho_EigVec1 =  7.7415155454E-01 -5.3877583784E-01 -3.3227995299E-01
HessDelSqRho_EigVec2 =  5.3416806707E-01  2.7438596425E-01  7.9961041686E-01
HessDelSqRho_EigVec3 =  3.3963781699E-01  7.9651298745E-01 -5.0021316865E-01
</CP of DelSqRho>
<CP of DelSqRho>
CP# = 17      
Type = (3,+3)
Coords = -6.79822491439298E-02  2.71473171821444E-01 -3.30867871002639E+00
DistFromNuc =  6.3384268140E-01
Rho =  9.7645959961E-01
DelSqRho = -4.5572771320E+00
GradDelSqRho = -5.7731597281E-15  3.5527136788E-15  2.9753977060E-14
HessDelSqRho_EigVals =  1.2635172446E+01  2.4493694817E+01  3.5396171094E+02
HessDelSqRho_EigVec1 =  6.7177599295E-02 -1.4545721903E-01  9.8708123657E-01
HessDelSqRho_EigVec2 =  9.0633580181E-01  4.2255777206E-01  5.8618790629E-04
HessDelSqRho_EigVec3 = -4.1718411343E-01  8.9458768531E-01  1.6021950193E-01
</CP of DelSqRho>
<CP of DelSqRho>
CP# = 18      
Type = (3,+3)
Coords =  4.34403644844920E-01 -8.05579118628785E-01 -3.12552637999924E+00
DistFromNuc =  6.3810278726E-01
Rho =  9.5794137033E-01
DelSqRho = -4.3481162284E+00
GradDelSqRho =  1.0880185641E-14 -2.4868995752E-14  2.8421709430E-14
HessDelSqRho_EigVals =  1.0602902546E+01  2.2898073187E+01  3.3175461802E+02
HessDelSqRho_EigVec1 = -1.8710281036E-01  4.0306992838E-01  8.9583880871E-01
HessDelSqRho_EigVec2 =  9.0637616181E-01  4.2247087842E-01 -7.8114453410E-04
HessDelSqRho_EigVec3 = -3.7878066431E-01  8.1182078670E-01 -4.4437846328E-01
</CP of DelSqRho>
<CP of DelSqRho>
CP# = 19      
Type = (3,+1)
Coords = -3.86247162023783E-01 -1.92586937412036E-01 -3.78845291110056E+00
DistFromNuc =  6.9485164127E-01
Rho =  7.7651930229E-01
DelSqRho = -2.5481528019E+00
GradDelSqRho =  3.7747582837E-15 -5.1070259133E-15  4.9960036108E-16
HessDelSqRho_EigVals = -1.2625356959E+01  1.4514805308E+01  1.8144308379E+02
HessDelSqRho_EigVec1 =  8.7276818860E-02  9.3980597721E-01  3.3037476007E-01
HessDelSqRho_EigVec2 = -5.4858020355E-01 -2.3148351977E-01  8.0341467522E-01
HessDelSqRho_EigVec3 =  8.3153022625E-01 -2.5135653020E-01  4.9535580905E-01
</CP of DelSqRho>
<CP of DelSqRho>
CP# = 20      
Type = (3,+3)
Coords =  7.58758367812351E-01 -1.09493263793978E-01 -3.84558956005032E+00
DistFromNuc =  7.2816933140E-01
Rho =  7.4305636845E-01
DelSqRho = -2.9625875011E+00
GradDelSqRho = -1.1102230246E-14 -3.5527136788E-15  1.8873791419E-14
HessDelSqRho_EigVals =  1.0328221248E+01  2.2911114606E+01  1.3452738190E+02
HessDelSqRho_EigVec1 = -4.0351337674E-01  9.0295233492E-01 -1.4783110516E-01
HessDelSqRho_EigVec2 =  4.7855142219E-01  3.4598163160E-01  8.0702245750E-01
HessDelSqRho_EigVec3 =  7.7984965930E-01  2.5489957132E-01 -5.7171734050E-01
</CP of DelSqRho>
<CP of DelSqRho>
CP# = 21      
Type = (3,+3)
Coords = -3.10972766254089E-01 -6.06135384651560E-01 -3.84194908839163E+00
DistFromNuc =  7.2825439366E-01
Rho =  7.4281322131E-01
DelSqRho = -2.9598306439E+00
GradDelSqRho =  4.2188474936E-15  8.4376949872E-15  2.8865798640E-15
HessDelSqRho_EigVals =  1.0354023373E+01  2.2858089386E+01  1.3448429413E+02
HessDelSqRho_EigVec1 = -4.3021699912E-01  8.9076247577E-01 -1.4647711572E-01
HessDelSqRho_EigVec2 = -5.6802479721E-01 -1.4100743009E-01  8.1084199103E-01
HessDelSqRho_EigVec3 =  7.0161325773E-01  4.3204064209E-01  5.6663896809E-01
</CP of DelSqRho>
<CP of DelSqRho>
CP# = 22      
Type = (3,-3)
Coords =  1.12365601679277E+00  2.34769263244473E-01 -3.02468053315145E+00
DistFromNuc =  1.1395760657E+00
Rho =  2.4678678083E-01
DelSqRho =  8.4865348354E-01
GradDelSqRho = -2.7755575616E-16  1.9428902931E-16 -1.4571677198E-15
HessDelSqRho_EigVals = -1.7669904152E+01 -1.9181699528E+00 -5.0024024449E-01
HessDelSqRho_EigVec1 =  7.9861409084E-01  4.5975776961E-01  3.8837910243E-01
HessDelSqRho_EigVec2 = -4.2152492424E-01 -3.3311562174E-02  9.0620476608E-01
HessDelSqRho_EigVec3 = -4.2957219668E-01  8.8741936710E-01 -1.6719627606E-01
</CP of DelSqRho>
<CP of DelSqRho>
CP# = 23      
Type = (3,-3)
Coords = -8.04157458840243E-01 -6.62795083980308E-01 -3.01753555374162E+00
DistFromNuc =  1.1400077899E+00
Rho =  2.4707423715E-01
DelSqRho =  8.4800690141E-01
GradDelSqRho =  1.9428902931E-15 -3.3306690739E-16  1.2490009027E-16
HessDelSqRho_EigVals = -1.7640540839E+01 -1.9183190232E+00 -5.0360932492E-01
HessDelSqRho_EigVec1 =  8.6366510445E-01  3.1466039007E-01 -3.9379109471E-01
HessDelSqRho_EigVec2 =  3.0066743371E-01  3.0544657259E-01  9.0349404292E-01
HessDelSqRho_EigVec3 = -4.0457592817E-01  8.9871643482E-01 -1.6919541405E-01
</CP of DelSqRho>
<CP of DelSqRho>
CP# = 24      
Type = (3,+1)
Coords =  1.07366039245792E+00 -5.05378455899739E-03 -4.10410760031210E+00
DistFromNuc =  1.1485346910E+00
Rho =  4.1720640619E-01
DelSqRho = -9.7892939724E-01
GradDelSqRho =  7.7685080591E-13 -1.1943224187E-13 -4.0746572783E-13
HessDelSqRho_EigVals = -3.2144278259E+01  1.5049681002E+01  1.6006291961E+01
HessDelSqRho_EigVec1 =  7.6201649803E-01  2.5140615277E-01 -5.9676276952E-01
HessDelSqRho_EigVec2 = -4.1691133386E-01  8.9562530013E-01 -1.5504922275E-01
HessDelSqRho_EigVec3 =  4.9549550597E-01  3.6694722798E-01  7.8729532924E-01
</CP of DelSqRho>
<CP of DelSqRho>
CP# = 25      
Type = (3,-1)
Coords = -1.73158968451488E-02 -1.46423227927883E+00 -3.40775717906502E+00
DistFromNuc =  1.1898718964E+00
Rho =  2.4509077982E-01
DelSqRho =  7.1996211398E-01
GradDelSqRho =  1.2108369862E-15  3.0531133177E-16  0.0000000000E+00
HessDelSqRho_EigVals = -1.7342780239E+01 -1.1850551409E+00  2.8654976329E-01
HessDelSqRho_EigVec1 =  1.7313599134E-01  9.8436539947E-01 -3.2383465282E-02
HessDelSqRho_EigVec2 =  6.4807751270E-01 -8.9105645370E-02  7.5634365304E-01
HessDelSqRho_EigVec3 =  7.4163297259E-01 -1.5193730380E-01 -6.5337247393E-01
</CP of DelSqRho>
<CP of DelSqRho>
CP# = 26      
Type = (3,+1)
Coords =  2.53866998827811E-01 -3.85413997382621E-01 -2.17502255657534E+00
DistFromNuc =  1.2520151093E+00
Rho =  2.3771792438E-01
DelSqRho =  4.8237190000E-01
GradDelSqRho = -2.3592239273E-16  6.0368376964E-16  1.4432899320E-15
HessDelSqRho_EigVals = -8.7485108073E+00  1.7994142182E-01  5.1640641894E-01
HessDelSqRho_EigVec1 =  6.9106513777E-02 -1.0123301887E-01  9.9245965442E-01
HessDelSqRho_EigVec2 = -3.9084529971E-01  9.1256136733E-01  1.2029838964E-01
HessDelSqRho_EigVec3 =  9.1785850841E-01  3.9621159340E-01 -2.3497485104E-02
</CP of DelSqRho>
<CP of DelSqRho>
CP# = 27      
Type = (3,-3)
Coords =  1.52820126694980E-01 -2.10528649934142E-01 -4.57840496723049E+00
DistFromNuc =  1.1598683972E+00
Rho =  2.5159297977E-01
DelSqRho =  8.6233131510E-01
GradDelSqRho = -3.0010716134E-16 -4.1633363423E-17 -2.8310687128E-15
HessDelSqRho_EigVals = -1.6996138816E+01 -3.6597684577E+00 -9.6789945625E-02
HessDelSqRho_EigVec1 =  3.5847403702E-02 -6.9765156058E-02  9.9691914750E-01
HessDelSqRho_EigVec2 =  9.0656480424E-01  4.2205553643E-01 -3.0626597579E-03
HessDelSqRho_EigVec3 = -4.2054157864E-01  9.0388160019E-01  7.8376230243E-02
</CP of DelSqRho>
<CP of DelSqRho>
CP# = 28      
Type = (3,-1)
Coords =  4.08363818069903E-01  8.34313056984679E-01 -3.73550405587555E+00
DistFromNuc =  1.1898200214E+00
Rho =  2.4498148526E-01
DelSqRho =  7.2714123062E-01
GradDelSqRho =  7.0776717820E-16 -3.3029134983E-15  3.8163916471E-16
HessDelSqRho_EigVals = -1.7554861955E+01 -1.1572229346E+00  2.8085506509E-01
HessDelSqRho_EigVec1 =  1.6934965018E-01  9.5427198220E-01 -2.4634463658E-01
HessDelSqRho_EigVec2 = -7.4864945766E-01  2.8712030900E-01  5.9756666382E-01
HessDelSqRho_EigVec3 =  6.4097167295E-01  8.3228073094E-02  7.6303892582E-01
</CP of DelSqRho>
<CP of DelSqRho>
CP# = 29      
Type = (3,-1)
Coords = -8.08407594642168E-01  2.66333990567438E-01 -3.72924254612586E+00
DistFromNuc =  1.1898832342E+00
Rho =  2.4510931967E-01
DelSqRho =  7.2677620700E-01
GradDelSqRho =  2.8671509611E-14 -1.8894608100E-14  7.3899220077E-15
HessDelSqRho_EigVals = -1.7537101067E+01 -1.1662500505E+00  2.8204557049E-01
HessDelSqRho_EigVec1 =  8.4224935148E-01 -4.8207699101E-01  2.4128366019E-01
HessDelSqRho_EigVec2 =  2.6413129756E-01  7.5919981850E-01  5.9485316948E-01
HessDelSqRho_EigVec3 = -4.6994753706E-01 -4.3728412998E-01  7.6676717593E-01
</CP of DelSqRho>
<CP of DelSqRho>
CP# = 30      
Type = (3,-1)
Coords =  1.22595881083685E+00 -8.88599506893538E-01 -3.41502609036694E+00
DistFromNuc =  1.1898132606E+00
Rho =  2.4506938383E-01
DelSqRho =  7.2078733237E-01
GradDelSqRho = -2.4105717422E-13  7.2653688621E-14 -8.6269533184E-14
HessDelSqRho_EigVals = -1.7375507918E+01 -1.1837642822E+00  2.8328524180E-01
HessDelSqRho_EigVec1 =  8.6268876680E-01 -5.0502714485E-01  2.6752095311E-02
HessDelSqRho_EigVec2 =  3.4609830916E-01  5.5098129885E-01 -7.5936524065E-01
HessDelSqRho_EigVec3 =  3.6876015516E-01  6.6435471796E-01  6.5011441815E-01
</CP of DelSqRho>
<CP of DelSqRho>
CP# = 31      
Type = (3,+1)
Coords =  1.09198542550777E+00  8.10204284856077E-01 -4.82843768348827E+00
DistFromNuc =  1.9998025195E+00
Rho =  7.4796384846E-02
DelSqRho =  1.8250331161E-01
GradDelSqRho = -2.1250362581E-17 -5.5511151231E-16  4.6490589156E-16
HessDelSqRho_EigVals = -1.7337471535E+00  2.7462281400E-02  5.8032794678E-01
HessDelSqRho_EigVec1 =  9.8143975154E-03  7.4533489446E-01 -6.6661801108E-01
HessDelSqRho_EigVec2 =  3.0859556218E-01  6.3185234323E-01  7.1100731034E-01
HessDelSqRho_EigVec3 =  9.5114271095E-01 -2.1269346827E-01 -2.2380579070E-01
</CP of DelSqRho>
<CP of DelSqRho>
CP# = 32      
Type = (3,+1)
Coords = -1.21904141171737E+00 -2.75255156946167E-01 -4.83447225484872E+00
DistFromNuc =  1.9989357561E+00
Rho =  7.4868509525E-02
DelSqRho =  1.8311974687E-01
GradDelSqRho =  1.4407771851E-12  1.3052284947E-12  5.9061887325E-12
HessDelSqRho_EigVals = -1.7479419444E+00  2.5965038302E-02  5.7945080095E-01
HessDelSqRho_EigVec1 =  5.6514321370E-01 -4.7112209235E-01  6.7724229203E-01
HessDelSqRho_EigVec2 =  6.8104120350E-01 -1.9688866396E-01 -7.0527847914E-01
HessDelSqRho_EigVec3 =  4.6561360284E-01  8.5981325188E-01  2.0958326448E-01
</CP of DelSqRho>
<CP of DelSqRho>
CP# = 33      
Type = (3,+1)
Coords = -5.68923119218938E-01 -1.79889163664168E+00 -4.49762053472449E+00
DistFromNuc =  2.0016297248E+00
Rho =  7.4441896530E-02
DelSqRho =  1.8058687235E-01
GradDelSqRho =  1.1947907941E-15  6.2415350666E-15  3.6672054282E-15
HessDelSqRho_EigVals = -1.6632992487E+00  2.8686235233E-02  5.8544103610E-01
HessDelSqRho_EigVec1 = -1.3409290984E-02  9.2707591548E-01  3.7463373826E-01
HessDelSqRho_EigVec2 = -4.6423811631E-01 -3.3761083047E-01  8.1884180311E-01
HessDelSqRho_EigVec3 =  8.8560892175E-01 -1.6293917295E-01  4.3491109854E-01
</CP of DelSqRho>
<CP of DelSqRho>
CP# = 34      
Type = (3,+1)
Coords =  1.82878490776967E+00 -6.82779236283714E-01 -4.51389325864265E+00
DistFromNuc =  2.0025660320E+00
Rho =  7.4448448021E-02
DelSqRho =  1.8035650095E-01
GradDelSqRho = -4.3237982639E-16  5.3798111799E-16  1.2056328158E-16
HessDelSqRho_EigVals = -1.6661325915E+00  2.9623523690E-02  5.8393876879E-01
HessDelSqRho_EigVec1 =  6.9338061781E-01 -6.0972921859E-01 -3.8399687348E-01
HessDelSqRho_EigVec2 =  5.6496679112E-01  1.2924977755E-01  8.1492761638E-01
HessDelSqRho_EigVec3 = -4.4725366827E-01 -7.8200049552E-01  4.3409605069E-01
</CP of DelSqRho>
<Path of -GradDelSqRho>
Starting CP# =      3
Ending CP# =     21
Number of Points =     17
 -5.9471285141E-01 -7.8090554985E-01 -4.0982956918E+00  4.1711784815E-01 -9.7803780739E-01
 -5.7754818912E-01 -7.7035119795E-01 -4.0834977182E+00  4.2859274646E-01 -9.8812795930E-01
 -5.6038358415E-01 -7.5979378575E-01 -4.0687018613E+00  4.4113062575E-01 -1.0186099540E+00
 -5.4321920933E-01 -7.4923361458E-01 -4.0539077063E+00  4.5474363417E-01 -1.0698316500E+00
 -5.2605543899E-01 -7.3867107746E-01 -4.0391145390E+00  4.6943729962E-01 -1.1420928911E+00
 -5.0889288744E-01 -7.2810665728E-01 -4.0243213024E+00  4.8520981308E-01 -1.2355073558E+00
 -4.9173245629E-01 -7.1754093047E-01 -4.0095265392E+00  5.0205135840E-01 -1.3498349652E+00
 -4.7457539969E-01 -7.0697458090E-01 -3.9947283075E+00  5.1994359607E-01 -1.4842901391E+00
 -4.5742342167E-01 -6.9640843037E-01 -3.9799240478E+00  5.3885942743E-01 -1.6373333593E+00
 -4.4027882987E-01 -6.8584349595E-01 -3.9651103678E+00  5.5876318227E-01 -1.8064556375E+00
 -4.2314479063E-01 -6.7528109336E-01 -3.9502826804E+00  5.7961138450E-01 -1.9879668574E+00
 -4.0602577824E-01 -6.6472302683E-01 -3.9354345638E+00  6.0135425654E-01 -2.1767984573E+00
 -3.8892843011E-01 -6.5417195910E-01 -3.9205565435E+00  6.2393812055E-01 -2.3663264965E+00
 -3.7186336211E-01 -6.4363220936E-01 -3.9056335169E+00  6.4730883535E-01 -2.5482090372E+00
 -3.5484967755E-01 -6.3311176120E-01 -3.8906383983E+00  6.7141632853E-01 -2.7122052394E+00
 -3.3792929988E-01 -6.2262873302E-01 -3.8755121791E+00  6.9621981355E-01 -2.8458920897E+00
 -3.1097276625E-01 -6.0613538465E-01 -3.8419490884E+00  7.4281322131E-01 -2.9598306439E+00
</Path of -GradDelSqRho>
<Path of -GradDelSqRho>
Starting CP# =      3
Ending CP# =      0
Number of Points =     29
 -5.9471285141E-01 -7.8090554985E-01 -4.0982956918E+00  4.1711784815E-01 -9.7803780739E-01
 -6.1187755984E-01 -7.9145675024E-01 -4.1130958592E+00  4.0668783925E-01 -9.8804869035E-01
 -6.2904243477E-01 -8.0200457995E-01 -4.1278982359E+00  3.9727925789E-01 -1.0179957218E+00
 -6.4620768771E-01 -8.1254902667E-01 -4.1427025843E+00  3.8886369845E-01 -1.0678682768E+00
 -6.6337358144E-01 -8.2309017105E-01 -4.1575085415E+00  3.8140807662E-01 -1.1377897329E+00
 -6.8054038433E-01 -8.3362817624E-01 -4.1723156791E+00  3.7487474683E-01 -1.2279338526E+00
 -6.9770832063E-01 -8.4416327220E-01 -4.1871235728E+00  3.6922152844E-01 -1.3383541611E+00
 -7.1487751547E-01 -8.5469573582E-01 -4.2019318798E+00  3.6440175778E-01 -1.4686955130E+00
 -7.3204793217E-01 -8.6522586821E-01 -4.2167404281E+00  3.6036457174E-01 -1.6177614564E+00
 -7.4921929599E-01 -8.7575397012E-01 -4.2315493218E+00  3.5705574712E-01 -1.7829450725E+00
 -7.6639099317E-01 -8.8628031558E-01 -4.2463590776E+00  3.5441955683E-01 -1.9596195666E+00
 -7.8356192772E-01 -8.9680512226E-01 -4.2611708112E+00  3.5240221281E-01 -2.1407491257E+00
 -8.0073033099E-01 -9.0732851304E-01 -4.2759864844E+00  3.5095745262E-01 -2.3172136290E+00
 -8.1789366499E-01 -9.1785046173E-01 -4.2908090534E+00  3.5005454889E-01 -2.4795732450E+00
 -8.3504954734E-01 -9.2837074878E-01 -4.3056414249E+00  3.4968831480E-01 -2.6220728567E+00
 -8.5220094565E-01 -9.3888916987E-01 -4.3204803047E+00  3.4988945339E-01 -2.7493761932E+00
 -8.6936517520E-01 -9.4940645931E-01 -4.3353051393E+00  3.5073197756E-01 -2.8856364109E+00
 -8.8656121947E-01 -9.5992442042E-01 -4.3500925772E+00  3.5233280272E-01 -3.0840709146E+00
 -9.0378638063E-01 -9.7044392569E-01 -4.3648449913E+00  3.5483761068E-01 -3.4335607474E+00
 -9.2102890772E-01 -9.8096472955E-01 -4.3795761797E+00  3.5838789230E-01 -4.0575719770E+00
 -9.3828081032E-01 -9.9148642482E-01 -4.3942957509E+00  3.6306732228E-01 -5.1005643122E+00
 -9.5553798039E-01 -1.0020087337E+00 -4.4090087076E+00  3.6883137385E-01 -6.6985059736E+00
 -9.7279835476E-01 -1.0125314915E+00 -4.4237175839E+00  3.7543204779E-01 -8.9336804394E+00
 -9.9006085647E-01 -1.0230546036E+00 -4.4384237100E+00  3.8235810378E-01 -1.1780346278E+01
 -1.0073248992E+00 -1.0335780178E+00 -4.4531278108E+00  3.8881713220E-01 -1.5056897948E+01
 -1.0245901576E+00 -1.0441017125E+00 -4.4678302835E+00  3.9378459479E-01 -1.8408719140E+01
 -1.0418564600E+00 -1.0546256978E+00 -4.4825313221E+00  3.9613203416E-01 -2.1346278272E+01
 -1.0591237556E+00 -1.0651500436E+00 -4.4972309360E+00  3.9482130830E-01 -2.3347208656E+01
 -1.0746654173E+00 -1.0746226602E+00 -4.5104587961E+00  3.8990014485E-01 -2.4002567376E+01
</Path of -GradDelSqRho>
<Path of -GradDelSqRho>
Starting CP# =      6
Ending CP# =     17
Number of Points =     33
  1.3088835821E-01 -1.5491078062E-01 -3.4921400108E+00  2.2585888004E+01  1.2345778371E+03
  1.2124783984E-01 -1.3424025980E-01 -3.5023766966E+00  1.5662866289E+01  1.1522250319E+03
  1.1160242079E-01 -1.1355917818E-01 -3.5125874139E+00  1.0970558719E+01  9.8197039912E+02
  1.0195578842E-01 -9.2875468866E-02 -3.5227916603E+00  7.7998988785E+00  7.7342846852E+02
  9.2306344873E-02 -7.2185687685E-02 -3.5329809265E+00  5.6656633124E+00  5.7231910827E+02
  8.2651308714E-02 -5.1483837307E-02 -3.5431403322E+00  4.2300354622E+00  4.0760726608E+02
  7.2987673605E-02 -3.0763430651E-02 -3.5532536210E+00  3.2617796344E+00  2.8454756538E+02
  6.3312457464E-02 -1.0018028015E-02 -3.5633043906E+00  2.6056259918E+00  1.9602268280E+02
  5.3622942492E-02  1.0758245578E-02 -3.5732773058E+00  2.1579682970E+00  1.3282842255E+02
  4.3916536579E-02  3.1571000886E-02 -3.5831572801E+00  1.8493457918E+00  8.7753097158E+01
  3.4190110942E-02  5.2427017363E-02 -3.5929256848E+00  1.6328832313E+00  5.5885129493E+01
  2.4439083025E-02  7.3336229926E-02 -3.6025548002E+00  1.4769344150E+00  3.3824596788E+01
  1.4656405702E-02  9.4313924882E-02 -3.6120010263E+00  1.3603171307E+00  1.9018185774E+01
  4.8312785911E-03  1.1538354829E-01 -3.6211950065E+00  1.2690788246E+00  9.4410333638E+00
 -5.0528278596E-03  1.3658102348E-01 -3.6300241030E+00  1.1942156757E+00  3.4924838874E+00
 -1.5021418021E-02  1.5796186829E-01 -3.6382970728E+00  1.1300545364E+00 -4.2439677443E-02
 -2.5114160430E-02  1.7961266581E-01 -3.6456628439E+00  1.0731491561E+00 -2.0373421808E+00
 -3.5390114839E-02  2.0166315529E-01 -3.6513841317E+00  1.0216578097E+00 -3.0871955489E+00
 -4.5885170801E-02  2.2419780498E-01 -3.6535069386E+00  9.7564741135E-01 -3.5803214395E+00
 -5.5708386503E-02  2.4532465279E-01 -3.6457486340E+00  9.4252501595E-01 -3.7784289118E+00
 -6.1222811866E-02  2.5723513687E-01 -3.6248184699E+00  9.3678368392E-01 -3.8867210890E+00
 -6.4088369529E-02  2.6345179210E-01 -3.6007888034E+00  9.4216670832E-01 -3.9837555676E+00
 -6.6240076204E-02  2.6812020392E-01 -3.5763249371E+00  9.4872599516E-01 -4.0745319179E+00
 -6.8019916911E-02  2.7197354953E-01 -3.5516890300E+00  9.5484729421E-01 -4.1586223240E+00
 -6.9471218819E-02  2.7510452482E-01 -3.5269294191E+00  9.6029450586E-01 -4.2355100085E+00
 -7.0596697424E-02  2.7751889093E-01 -3.5020727942E+00  9.6502142635E-01 -4.3047437465E+00
 -7.1394515345E-02  2.7921291106E-01 -3.4771440738E+00  9.6900866171E-01 -4.3659515882E+00
 -7.1862348564E-02  2.8018218466E-01 -3.4521683155E+00  9.7224528039E-01 -4.4188471442E+00
 -7.1997714044E-02  2.8042251698E-01 -3.4271709109E+00  9.7472721034E-01 -4.4632336902E+00
 -7.1797926625E-02  2.7993009050E-01 -3.4021776456E+00  9.7645705189E-01 -4.4990064097E+00
 -7.1259959931E-02  2.7870161416E-01 -3.3772147438E+00  9.7744391149E-01 -4.5261527883E+00
 -7.0380147238E-02  2.7673453309E-01 -3.3523089050E+00  9.7770316940E-01 -4.5447512042E+00
 -6.7982249144E-02  2.7147317182E-01 -3.3086787100E+00  9.7645959961E-01 -4.5572771320E+00
</Path of -GradDelSqRho>
<Path of -GradDelSqRho>
Starting CP# =      6
Ending CP# =      1
Number of Points =      7
  1.3088835821E-01 -1.5491078062E-01 -3.4921400108E+00  2.2585888004E+01  1.2345778371E+03
  1.4051803432E-01 -1.7555796198E-01 -3.4818461852E+00  3.2834492568E+01  9.8084652485E+02
  1.5013851398E-01 -1.9618535316E-01 -3.4715041837E+00  4.8110481401E+01 -8.1044112805E+02
  1.5975493206E-01 -2.1680400497E-01 -3.4611409947E+00  7.0805728133E+01 -6.4303782864E+03
  1.6936836256E-01 -2.3741623079E-01 -3.4507622648E+00  1.0450048353E+02 -2.0786641579E+04
  1.7897685642E-01 -2.5801784512E-01 -3.4403579242E+00  1.5505325562E+02 -7.5831246817E+04
  1.9559792368E-01 -2.9365511870E-01 -3.4223106717E+00  2.9725460850E+02 -3.3288885661E+06
</Path of -GradDelSqRho>
<Path of -GradDelSqRho>
Starting CP# =      7
Ending CP# =      1
Number of Points =      7
  2.6595230707E-01 -4.4451049263E-01 -3.4482255280E+00  2.2544023663E+01  1.2300882747E+03
  2.5550600119E-01 -4.2211143179E-01 -3.4444630273E+00  3.2766093703E+01  9.7933888648E+02
  2.4506294116E-01 -3.9971924200E-01 -3.4406509103E+00  4.7998822717E+01 -7.9482524075E+02
  2.3462132610E-01 -3.7733011301E-01 -3.4368169092E+00  7.0627441538E+01 -6.3808575083E+03
  2.2418076047E-01 -3.5494321069E-01 -3.4329670863E+00  1.0421539088E+02 -2.0601947476E+04
  2.1374194153E-01 -3.3256002436E-01 -3.4290910056E+00  1.5460915827E+02 -7.5208290891E+04
  1.9559792368E-01 -2.9365511870E-01 -3.4223106717E+00  2.9725460850E+02 -3.3288885661E+06
</Path of -GradDelSqRho>
<Path of -GradDelSqRho>
Starting CP# =      7
Ending CP# =     18
Number of Points =     34
  2.6595230707E-01 -4.4451049263E-01 -3.4482255280E+00  2.2544023663E+01  1.2300882747E+03
  2.7640238201E-01 -4.6691751827E-01 -3.4519297052E+00  1.5636781548E+01  1.1483797941E+03
  2.8685412748E-01 -4.8932805476E-01 -3.4556078658E+00  1.0953785801E+01  9.7885485960E+02
  2.9730629307E-01 -5.1173945400E-01 -3.4592795700E+00  7.7884255475E+00  7.7097994189E+02
  3.0775944194E-01 -5.3415290024E-01 -3.4629359429E+00  5.6569308839E+00  5.7055751764E+02
  3.1821453077E-01 -5.5657040091E-01 -3.4665617744E+00  4.2224512208E+00  4.0646967202E+02
  3.2867257874E-01 -5.7899408616E-01 -3.4701405047E+00  3.2544124053E+00  2.8390301071E+02
  3.3913457268E-01 -6.0142600905E-01 -3.4736554842E+00  2.5979821030E+00  1.9573562305E+02
  3.4960137738E-01 -6.2386795650E-01 -3.4770912313E+00  2.1498311363E+00  1.3278913176E+02
  3.6007377681E-01 -6.4632153316E-01 -3.4804326164E+00  1.8406680082E+00  8.7879647451E+01
  3.7055268031E-01 -6.6878858700E-01 -3.4836610466E+00  1.6237163013E+00  5.6116557698E+01
  3.8103938003E-01 -6.9127173404E-01 -3.4867489428E+00  1.4673821626E+00  3.4115134863E+01
  3.9153577179E-01 -7.1377479425E-01 -3.4896531199E+00  1.3505044500E+00  1.9334123273E+01
  4.0204452328E-01 -7.3630309295E-01 -3.4923053769E+00  1.2591304899E+00  9.7588989225E+00
  4.1256911274E-01 -7.5886344083E-01 -3.4945961861E+00  1.1842417421E+00  3.7973793124E+00
  4.2311330697E-01 -7.8146281804E-01 -3.4963427128E+00  1.1201384682E+00  2.4131739944E-01
  4.3367819133E-01 -8.0410159054E-01 -3.4972179626E+00  1.0633308455E+00 -1.7779833366E+00
  4.4424718272E-01 -8.2674034167E-01 -3.4965631245E+00  1.0118831017E+00 -2.8520058711E+00
  4.5468969426E-01 -8.4909008241E-01 -3.4927465876E+00  9.6550850796E-01 -3.3658377773E+00
  4.6383585377E-01 -8.6861921469E-01 -3.4808116128E+00  9.2973462190E-01 -3.5737956685E+00
  4.6754692308E-01 -8.7645867238E-01 -3.4577981424E+00  9.2081409512E-01 -3.6770441126E+00
  4.6782269228E-01 -8.7695260054E-01 -3.4328242291E+00  9.2536232168E-01 -3.7675030791E+00
  4.6725421889E-01 -8.7566296290E-01 -3.4078661042E+00  9.3150528938E-01 -3.8525657345E+00
  4.6628078970E-01 -8.7353069951E-01 -3.3829773755E+00  9.3730726243E-01 -3.9319332995E+00
  4.6495846785E-01 -8.7067511103E-01 -3.3581772888E+00  9.4250083246E-01 -4.0051601018E+00
  4.6329423014E-01 -8.6710987060E-01 -3.3334899087E+00  9.4703854762E-01 -4.0718523749E+00
  4.6129002990E-01 -8.6283731592E-01 -3.3089404584E+00  9.5090209700E-01 -4.1316815982E+00
  4.5894770041E-01 -8.5785881317E-01 -3.2845545071E+00  9.5408130199E-01 -4.1843897764E+00
  4.5626948372E-01 -8.5217570171E-01 -3.2603579061E+00  9.5657227458E-01 -4.2297928104E+00
  4.5325819657E-01 -8.4578939286E-01 -3.2363768154E+00  9.5837720913E-01 -4.2677823356E+00
  4.4991740658E-01 -8.3870138765E-01 -3.2126377310E+00  9.5950421638E-01 -4.2983260554E+00
  4.4625166692E-01 -8.3091325435E-01 -3.1891675070E+00  9.5996709758E-01 -4.3214666132E+00
  4.4226686508E-01 -8.2242654480E-01 -3.1659933754E+00  9.5978505838E-01 -4.3373190931E+00
  4.3440364484E-01 -8.0557911863E-01 -3.1255263800E+00  9.5794137033E-01 -4.3481162284E+00
</Path of -GradDelSqRho>
<Path of -GradDelSqRho>
Starting CP# =     12
Ending CP# =     18
Number of Points =     32
 -4.5838850115E-02 -8.9472169057E-01 -3.6718133096E+00  7.7793904584E-01 -2.5471180880E+00
 -2.9032223473E-02 -9.0344789692E-01 -3.6591016484E+00  7.8241514699E-01 -2.5503475585E+00
 -1.0440443780E-02 -9.1220779617E-01 -3.6448699852E+00  7.8772684354E-01 -2.5615226548E+00
  8.3036478404E-03 -9.2011493346E-01 -3.6303418583E+00  7.9346437395E-01 -2.5809289454E+00
  2.7172558227E-02 -9.2715871963E-01 -3.6155337702E+00  7.9962376333E-01 -2.6086843407E+00
  4.6138117367E-02 -9.3332994856E-01 -3.6004621534E+00  8.0619481397E-01 -2.6447706102E+00
  6.5171464872E-02 -9.3862110865E-01 -3.5851433585E+00  8.1316073466E-01 -2.6890375889E+00
  8.4243065731E-02 -9.4302667220E-01 -3.5695935877E+00  8.2049784009E-01 -2.7412088812E+00
  1.0332275028E-01 -9.4654334604E-01 -3.5538287770E+00  8.2817533493E-01 -2.8008886432E+00
  1.2237976806E-01 -9.4917026739E-01 -3.5378644286E+00  8.3615520155E-01 -2.8675690955E+00
  1.4138284153E-01 -9.5090913086E-01 -3.5217153971E+00  8.4439221339E-01 -2.9406385244E+00
  1.6030020193E-01 -9.5176423521E-01 -3.5053956335E+00  8.5283409702E-01 -3.0193896431E+00
  1.7909958623E-01 -9.5174244414E-01 -3.4889178925E+00  8.6142186579E-01 -3.1030283062E+00
  1.9774817097E-01 -9.5085306092E-01 -3.4722934079E+00  8.7009034378E-01 -3.1906826808E+00
  2.1621241577E-01 -9.4910762502E-01 -3.4555315387E+00  8.7876889225E-01 -3.2814130578E+00
  2.3445778592E-01 -9.4651964625E-01 -3.4386393855E+00  8.8738234093E-01 -3.3742225400E+00
  2.5244831868E-01 -9.4310430095E-01 -3.4216213704E+00  8.9585211425E-01 -3.4680688517E+00
  2.7014599002E-01 -9.3887812164E-01 -3.4044787652E+00  9.0409752918E-01 -3.5618774856E+00
  2.8750982433E-01 -9.3385871902E-01 -3.3872091433E+00  9.1203722888E-01 -3.6545563456E+00
  3.0449466572E-01 -9.2806458152E-01 -3.3698057144E+00  9.1959070660E-01 -3.7450119614E+00
  3.2104948750E-01 -9.2151500626E-01 -3.3522564881E+00  9.2667986979E-01 -3.8321672753E+00
  3.3711504710E-01 -9.1423022991E-01 -3.3345431898E+00  9.3323059666E-01 -3.9149809386E+00
  3.5262057672E-01 -9.0623185776E-01 -3.3166398342E+00  9.3917424683E-01 -3.9924680373E+00
  3.6747900593E-01 -8.9754375068E-01 -3.2985108435E+00  9.4444910522E-01 -4.0637222153E+00
  3.8157988501E-01 -8.8819365552E-01 -3.2801086045E+00  9.4900176377E-01 -4.1279393060E+00
  3.9477862958E-01 -8.7821612255E-01 -3.2613704482E+00  9.5278848107E-01 -4.1844428345E+00
  4.0687981586E-01 -8.6765778005E-01 -3.2422153876E+00  9.5577661381E-01 -4.2327121113E+00
  4.1761097367E-01 -8.5658710795E-01 -3.2225420626E+00  9.5794630401E-01 -4.2724139277E+00
  4.2658232257E-01 -8.4511290142E-01 -3.2022326109E+00  9.5929276993E-01 -4.3034383069E+00
  4.3323147590E-01 -8.3341860011E-01 -3.1811758878E+00  9.5982982365E-01 -4.3259345568E+00
  4.3677885106E-01 -8.2181811991E-01 -3.1593415209E+00  9.5959538701E-01 -4.3403276469E+00
  4.3440364484E-01 -8.0557911863E-01 -3.1255263800E+00  9.5794137033E-01 -4.3481162284E+00
</Path of -GradDelSqRho>
<Path of -GradDelSqRho>
Starting CP# =     12
Ending CP# =     21
Number of Points =     18
 -4.5838850115E-02 -8.9472169057E-01 -3.6718133096E+00  7.7793904584E-01 -2.5471180880E+00
 -6.2452125440E-02 -8.8532122186E-01 -3.6842355553E+00  7.7381302097E-01 -2.5502243483E+00
 -8.0470480017E-02 -8.7422119448E-01 -3.6975418848E+00  7.6967322842E-01 -2.5604539234E+00
 -9.8236320495E-02 -8.6231593758E-01 -3.7104867480E+00  7.6592578385E-01 -2.5772001096E+00
 -1.1572398955E-01 -8.4961846206E-01 -3.7230519620E+00  7.6255171852E-01 -2.5997041387E+00
 -1.3290770113E-01 -8.3614158882E-01 -3.7352183922E+00  7.5952915233E-01 -2.6270975289E+00
 -1.4976129243E-01 -8.2189780087E-01 -3.7469656339E+00  7.5683410361E-01 -2.6584174533E+00
 -1.6625795699E-01 -8.0689915276E-01 -3.7582716285E+00  7.5444139476E-01 -2.6926251954E+00
 -1.8236996842E-01 -7.9115725137E-01 -3.7691122080E+00  7.5232566068E-01 -2.7286273956E+00
 -1.9806841613E-01 -7.7468333249E-01 -3.7794605541E+00  7.5046245725E-01 -2.7652997116E+00
 -2.1332299508E-01 -7.5748847268E-01 -3.7892865610E+00  7.4882944899E-01 -2.8015124583E+00
 -2.2810192778E-01 -7.3958399671E-01 -3.7985560870E+00  7.4740762516E-01 -2.8361577501E+00
 -2.4237215875E-01 -7.2098216647E-01 -3.8072300811E+00  7.4618244684E-01 -2.8681776106E+00
 -2.5610006440E-01 -7.0169726442E-01 -3.8152635440E+00  7.4514476191E-01 -2.8965924238E+00
 -2.6925308891E-01 -6.8174720530E-01 -3.8226041992E+00  7.4429124690E-01 -2.9205289585E+00
 -2.8180301273E-01 -6.6115582610E-01 -3.8291904503E+00  7.4362407159E-01 -2.9392470001E+00
