 AIMInt (Version 19.02.13, Professional)
 Portions Copyright (c) 1997-2019 by Todd A. Keith
 AIMInt is a component of the AIMAll package ( http://aim.tkgristmill.com )

 TP:  64-bit Linux

 Licensed To:  Research Group of Fernando Cortes Guzman, UNAM, fercor@unam.mx

 AIMInt is a heavily modified and extended version of the PROAIMV program
 developed by members of R.F.W. Bader's research group

 Much of the Quantum Theory of Atoms in Molecules (QTAIM) is described in the book:
   "Atoms in Molecules - A Quantum Theory"
   R.F.W. Bader, Oxford University Press, Oxford, 1990

 For additional references see:  http://aim.tkgristmill.com/references.html

 Current Directory:  /home/scratch/M_H2O_4_tetraedrico/Opt

 Inp File:  Mn4_tetraedrico_cc-pvtz-def2-tzv_1_atomicfiles/mn1.inp
 Wfx File:  Mn4_tetraedrico_cc-pvtz-def2-tzv_1.wfx
 Out File:  Mn4_tetraedrico_cc-pvtz-def2-tzv_1_atomicfiles/mn1.int

 Wfx Title:   Mn4_tetraedrico_cc-pvtz-def2-tzv_1                                            
 Job Title:   Mn4_tetraedrico_cc-pvtz-def2-tzv_1                                            
 
<Atom>
Mn1     
</Atom>
<Nuclei of Molecule>
    13
Mn1       25.0          -2.7991199411E-05   4.0458458872E-05  -1.1700893488E-05
O2         8.0          -1.9976235081E+00   2.7746029689E+00   5.2013997142E-01
H3         1.0          -2.8458300237E+00   3.2423980048E+00   2.1932852914E+00
O4         8.0           1.9990500125E+00   5.2242600547E-01  -2.7730864029E+00
H5         1.0           2.8468278880E+00  -8.6626766712E-01  -3.8175145094E+00
O6         8.0          -1.9956148067E+00  -2.7752676463E+00  -5.2388295895E-01
H7         1.0          -2.8396745785E+00  -3.2449832065E+00  -2.1986079010E+00
O8         8.0           1.9940753549E+00  -5.2159843601E-01   2.7767827380E+00
H9         1.0           2.8394044678E+00   8.6720770870E-01   3.8231223781E+00
H10        1.0           2.8460053493E+00   2.1962776273E+00  -3.2410288539E+00
H11        1.0           2.8398271216E+00  -2.1954856268E+00   3.2464995096E+00
H12        1.0          -2.8420058990E+00  -3.8219234354E+00   8.6400844695E-01
H13        1.0          -2.8429509659E+00   3.8204619970E+00  -8.6909862024E-01
</Nuclei of Molecule>
<Total Number of CPs of DelSqRho>
    88
</Total Number of CPs of DelSqRho>
<Number of (3,+3) CPs of DelSqRho>
     8
</Number of (3,+3) CPs of DelSqRho>
<Number of (3,+1) CPs of DelSqRho>
    28
</Number of (3,+1) CPs of DelSqRho>
<Number of (3,-1) CPs of DelSqRho>
    36
</Number of (3,-1) CPs of DelSqRho>
<Number of (3,-3) CPs of DelSqRho>
    16
</Number of (3,-3) CPs of DelSqRho>
<Number of Degenerate CPs of DelSqRho>
     0
</Number of Degenerate CPs of DelSqRho>
<CP of DelSqRho>
CP# = 1       
Type = (3,+3)
Coords = -2.79911994218670E-05  4.04584588967492E-05 -1.17008934801561E-05
DistFromNuc =  2.7844943509E-14
Rho =  1.0484146308E+04
DelSqRho = -5.9885248272E+09
GradDelSqRho =  5.1519473800E-05  3.1937247627E-05 -2.2811577765E-06
HessDelSqRho_EigVals =  5.6218858287E+16  5.6218858287E+16  5.6218858287E+16
HessDelSqRho_EigVec1 =  9.9820273493E-01  5.2566251481E-02  2.8776538792E-02
HessDelSqRho_EigVec2 = -7.2948510725E-05 -4.7912336919E-01  8.7774756723E-01
HessDelSqRho_EigVec3 = -5.9927411575E-02  8.7617212139E-01  4.7825842286E-01
</CP of DelSqRho>
<CP of DelSqRho>
CP# = 2       
Type = (3,-1)
Coords = -9.38616227823052E-03  2.88390841201097E-01  5.42186969626537E-02
DistFromNuc =  2.9355485798E-01
Rho =  2.1418694375E+01
DelSqRho =  1.6833041633E+03
GradDelSqRho =  8.6686213763E-13 -3.4106051316E-12  1.6200374375E-12
HessDelSqRho_EigVals = -4.7840210593E+05 -2.6163796790E+04  5.9886236368E+03
HessDelSqRho_EigVec1 = -2.6756186798E-02  9.8241766956E-01  1.8476912350E-01
HessDelSqRho_EigVec2 = -9.2630014738E-04 -1.8485958313E-01  9.8276450714E-01
HessDelSqRho_EigVec3 =  9.9964155998E-01  2.6123879065E-02  5.8561511697E-03
</CP of DelSqRho>
<CP of DelSqRho>
CP# = 3       
Type = (3,+1)
Coords =  2.95046563957791E-01  1.24579335196158E-04  2.79917564369561E-04
DistFromNuc =  2.9507471125E-01
Rho =  2.1748624401E+01
DelSqRho =  1.4738446359E+03
GradDelSqRho = -7.4464878708E-12 -4.9960036108E-15  1.5432100042E-14
HessDelSqRho_EigVals = -4.5612563639E+05  1.5180917022E+04  1.5893165622E+04
HessDelSqRho_EigVec1 =  9.9999947054E-01  2.8453464756E-04  9.8891704982E-04
HessDelSqRho_EigVec2 = -9.1969221435E-04 -1.8397017458E-01  9.8293139589E-01
HessDelSqRho_EigVec3 = -4.6160928061E-04  9.8293178497E-01  1.8396981549E-01
</CP of DelSqRho>
<CP of DelSqRho>
CP# = 4       
Type = (3,+1)
Coords = -1.17092227219244E-01  1.09551914933922E-01 -3.65703371944986E-02
DistFromNuc =  1.6441815089E-01
Rho =  9.2575082717E+01
DelSqRho = -5.6847036653E+03
GradDelSqRho = -2.9103830457E-11  5.8207660913E-11 -2.9103830457E-11
HessDelSqRho_EigVals = -5.1955984986E+04  3.7684882617E+04  1.0186457248E+07
HessDelSqRho_EigVec1 =  6.8079033955E-01  5.7812540562E-01 -4.4977275257E-01
HessDelSqRho_EigVec2 =  1.7203133377E-01  4.7066856798E-01  8.6537640326E-01
HessDelSqRho_EigVec3 =  7.1198998152E-01 -6.6651490193E-01  2.2097092959E-01
</CP of DelSqRho>
<CP of DelSqRho>
CP# = 5       
Type = (3,-3)
Coords = -1.54846026456470E-01 -4.59228154073884E-02  2.44033933164475E-01
DistFromNuc =  2.9264230400E-01
Rho =  2.1477164525E+01
DelSqRho =  1.7257353368E+03
GradDelSqRho = -7.4749095802E-12 -4.2206238504E-12  1.2164491636E-11
HessDelSqRho_EigVals = -4.8700200798E+05 -1.9489264692E+04 -9.3418378893E+03
HessDelSqRho_EigVec1 = -5.2953393735E-01 -1.5700610372E-01  8.3363234857E-01
HessDelSqRho_EigVec2 = -3.5439135532E-04  9.8276324666E-01  1.8486826507E-01
HessDelSqRho_EigVec3 =  8.4828867940E-01 -9.7598588195E-02  5.2046213309E-01
</CP of DelSqRho>
<CP of DelSqRho>
CP# = 6       
Type = (3,+3)
Coords =  1.64443449515124E-01  8.94295221012399E-05  1.47794258544138E-04
DistFromNuc =  1.6447152534E-01
Rho =  9.2771162778E+01
DelSqRho = -5.8426986491E+03
GradDelSqRho = -8.7311491370E-11 -1.4210854715E-14 -2.8421709430E-14
HessDelSqRho_EigVals =  4.0066208596E+04  7.3305716370E+04  1.0157039997E+07
HessDelSqRho_EigVec1 = -8.9786470923E-04 -1.8473001328E-01  9.8278889698E-01
HessDelSqRho_EigVec2 = -4.7191067835E-04  9.8278926197E-01  1.8472965075E-01
HessDelSqRho_EigVec3 =  9.9999948557E-01  2.9792634090E-04  9.6958786081E-04
</CP of DelSqRho>
<CP of DelSqRho>
CP# = 7       
Type = (3,-3)
Coords =  1.53280849211819E-01 -4.62512713031633E-02  2.46404005867442E-01
DistFromNuc =  2.9388301300E-01
Rho =  2.1161803208E+01
DelSqRho =  1.7131365225E+03
GradDelSqRho =  2.0797585876E-11 -6.9491079557E-12  4.0472514229E-11
HessDelSqRho_EigVals = -4.7858245606E+05 -1.8598834081E+04 -8.1438026202E+03
HessDelSqRho_EigVec1 =  5.2087732924E-01 -1.5760784727E-01  8.3895564505E-01
HessDelSqRho_EigVec2 = -2.4483039078E-04  9.8278006925E-01  1.8477899108E-01
HessDelSqRho_EigVec3 =  8.5363150594E-01  9.6452589213E-02 -5.1186927051E-01
</CP of DelSqRho>
<CP of DelSqRho>
CP# = 8       
Type = (3,-3)
Coords = -1.53694534036128E-01  2.46256987318615E-01  4.61552866390321E-02
DistFromNuc =  2.9388326970E-01
Rho =  2.1161728820E+01
DelSqRho =  1.7131267055E+03
GradDelSqRho =  7.2759576142E-12 -3.4106051316E-12 -1.0818013152E-12
HessDelSqRho_EigVals = -4.7858013307E+05 -1.8595674666E+04 -8.1442216921E+03
HessDelSqRho_EigVec1 = -5.2209391852E-01  8.3827877851E-01  1.5718342705E-01
HessDelSqRho_EigVec2 = -9.7455983127E-04 -1.8488174383E-01  9.8276029175E-01
HessDelSqRho_EigVec3 = -8.5288744303E-01 -5.1293998703E-01 -9.7342586925E-02
</CP of DelSqRho>
<CP of DelSqRho>
CP# = 9       
Type = (3,-1)
Coords = -8.76321578706867E-02 -2.57421116478153E-02  1.36875796393118E-01
DistFromNuc =  1.6455217365E-01
Rho =  9.2121598107E+01
DelSqRho = -5.4704818848E+03
GradDelSqRho = -2.1827872843E-11  2.0918378141E-11  0.0000000000E+00
HessDelSqRho_EigVals = -8.2799205232E+04 -5.1331320630E+04  1.0103489453E+07
HessDelSqRho_EigVec1 = -4.2448344939E-04  9.8277010204E-01  1.8483167031E-01
HessDelSqRho_EigVec2 =  8.4646486747E-01 -9.8059487559E-02  5.2333695172E-01
HessDelSqRho_EigVec3 = -5.3244440831E-01 -1.5667566319E-01  8.3183873955E-01
</CP of DelSqRho>
<CP of DelSqRho>
CP# = 10      
Type = (3,-3)
Coords =  1.53740518902378E-01  4.63934422783366E-02 -2.46129354554353E-01
DistFromNuc =  2.9388306050E-01
Rho =  2.1161797423E+01
DelSqRho =  1.7131369346E+03
GradDelSqRho = -1.6981971385E-12 -3.5242919694E-12  5.6843418861E-13
HessDelSqRho_EigVals = -4.7858205217E+05 -1.8599437550E+04 -8.1436932801E+03
HessDelSqRho_EigVec1 = -5.2244115025E-01 -1.5781558405E-01  8.3794360547E-01
HessDelSqRho_EigVec2 = -3.5836664507E-04  9.8276347298E-01  1.8486705427E-01
HessDelSqRho_EigVec3 =  8.5267527001E-01 -9.6281865436E-02  5.1349263509E-01
</CP of DelSqRho>
<CP of DelSqRho>
CP# = 11      
Type = (3,-1)
Coords = -8.73711086437857E-02  2.57844178601442E-02 -1.37073153880745E-01
DistFromNuc =  1.6455216044E-01
Rho =  9.2121612474E+01
DelSqRho = -5.4704860734E+03
GradDelSqRho =  1.4551915228E-11 -8.1854523160E-12 -1.4551915228E-11
HessDelSqRho_EigVals = -8.2799928838E+04 -5.1327750942E+04  1.0103494835E+07
HessDelSqRho_EigVec1 = -4.0857113410E-04  9.8276637868E-01  1.8485150258E-01
HessDelSqRho_EigVec2 =  8.4746048327E-01  9.8470256453E-02 -5.2164579734E-01
HessDelSqRho_EigVec3 =  5.3085832607E-01 -1.5644121429E-01  8.3289590233E-01
</CP of DelSqRho>
<CP of DelSqRho>
CP# = 12      
Type = (3,-3)
Coords = -1.53462788802801E-01 -2.46262360012227E-01 -4.64852483217038E-02
DistFromNuc =  2.9388281017E-01
Rho =  2.1161744198E+01
DelSqRho =  1.7131640120E+03
GradDelSqRho =  4.7748471843E-12  3.7516656448E-12 -3.7925218521E-12
HessDelSqRho_EigVals = -4.7858559123E+05 -1.8601454507E+04 -8.1474566279E+03
HessDelSqRho_EigVec1 =  5.2130771241E-01  8.3857206006E-01  1.5822505829E-01
HessDelSqRho_EigVec2 =  8.9670155462E-04  1.8487390581E-01 -9.8276184037E-01
HessDelSqRho_EigVec3 =  8.5336830554E-01 -5.1246320750E-01 -9.5624244051E-02
</CP of DelSqRho>
<CP of DelSqRho>
CP# = 13      
Type = (3,+1)
Coords = -3.09024752940842E-04  1.66804304042296E-01  2.44019498213781E-01
DistFromNuc =  2.9556976387E-01
Rho =  2.2036538988E+01
DelSqRho =  1.4021278766E+03
GradDelSqRho =  1.3544720900E-14 -3.1761260288E-12 -1.0231815395E-12
HessDelSqRho_EigVals = -4.4785986762E+05  1.8720807999E+04  2.5697016378E+04
HessDelSqRho_EigVec1 = -9.5070349909E-04  5.6421180627E-01  8.2562953788E-01
HessDelSqRho_EigVec2 =  9.9881476227E-01 -3.9642556091E-02  2.8240722742E-02
HessDelSqRho_EigVec3 =  4.8663814454E-02  8.2467781916E-01 -5.6350539284E-01
</CP of DelSqRho>
<CP of DelSqRho>
CP# = 14      
Type = (3,+1)
Coords = -1.17194299546584E-01  8.88271731976451E-02  7.36246417634874E-02
DistFromNuc =  1.6441817261E-01
Rho =  9.2575045783E+01
DelSqRho = -5.6846963826E+03
GradDelSqRho =  2.9103830457E-11  0.0000000000E+00 -1.4551915228E-11
HessDelSqRho_EigVals = -5.1955305396E+04  3.7683453797E+04  1.0186445795E+07
HessDelSqRho_EigVec1 =  6.7977940797E-01  3.7494816276E-01  6.3032835232E-01
HessDelSqRho_EigVec2 = -1.7346276837E-01 -7.5286246450E-01  6.3490847966E-01
HessDelSqRho_EigVec3 =  7.1260832474E-01 -5.4093621139E-01 -4.4674085409E-01
</CP of DelSqRho>
<CP of DelSqRho>
CP# = 15      
Type = (3,+1)
Coords =  1.16974106822045E-01 -7.36828532966503E-02  8.89193037202905E-02
DistFromNuc =  1.6441819005E-01
Rho =  9.2574985623E+01
DelSqRho = -5.6846551850E+03
GradDelSqRho =  0.0000000000E+00  5.0931703299E-11  0.0000000000E+00
HessDelSqRho_EigVals = -5.1970760052E+04  3.7675182575E+04  1.0186432010E+07
HessDelSqRho_EigVec1 = -6.8069598622E-01 -6.2987075171E-01  3.7405321879E-01
HessDelSqRho_EigVec2 = -1.7396985588E-01  6.3499009517E-01  7.5267660271E-01
HessDelSqRho_EigVec3 =  7.1160906655E-01 -4.4726995782E-01  5.4181373297E-01
</CP of DelSqRho>
<CP of DelSqRho>
CP# = 16      
Type = (3,+1)
Coords = -1.34306256508779E-04 -2.43991944344522E-01  1.66750988429416E-01
DistFromNuc =  2.9556999082E-01
Rho =  2.2036592272E+01
DelSqRho =  1.4021119706E+03
GradDelSqRho =  8.8817841970E-15  4.7748471843E-12  2.6716406865E-12
HessDelSqRho_EigVals = -4.4785749902E+05  1.8722953342E+04  2.5697393576E+04
HessDelSqRho_EigVec1 =  3.5922458897E-04  8.2563295599E-01 -5.6420749104E-01
HessDelSqRho_EigVec2 =  9.9880283983E-01  2.7302446819E-02  4.0588958452E-02
HessDelSqRho_EigVec3 = -4.8915826766E-02  5.6354662486E-01  8.2463473339E-01
</CP of DelSqRho>
<CP of DelSqRho>
CP# = 17      
Type = (3,+1)
Coords =  7.70548590112181E-05  2.44072622701714E-01 -1.66774377911106E-01
DistFromNuc =  2.9556978646E-01
Rho =  2.2036642685E+01
DelSqRho =  1.4021131760E+03
GradDelSqRho = -7.1997963147E-14 -1.8189894035E-12 -5.3432813729E-12
HessDelSqRho_EigVals = -4.4785863995E+05  1.8722543456E+04  2.5697694329E+04
HessDelSqRho_EigVec1 =  3.5644272487E-04  8.2563302876E-01 -5.6420738632E-01
HessDelSqRho_EigVec2 =  9.9887857660E-01 -2.7005845426E-02 -3.8887961207E-02
HessDelSqRho_EigVec3 =  4.7344082656E-02  5.6356080962E-01  8.2471677059E-01
</CP of DelSqRho>
<CP of DelSqRho>
CP# = 18      
Type = (3,+1)
Coords =  2.53795927607567E-04 -1.66723741968618E-01 -2.44042785864618E-01
DistFromNuc =  2.9556987056E-01
Rho =  2.2036513084E+01
DelSqRho =  1.4021275940E+03
GradDelSqRho =  5.2402526762E-14 -3.5740299609E-12  1.7053025658E-12
HessDelSqRho_EigVals = -4.4785939501E+05  1.8721139105E+04  2.5696720517E+04
HessDelSqRho_EigVec1 = -9.5246911521E-04  5.6421194795E-01  8.2562943903E-01
HessDelSqRho_EigVec2 =  9.9886691850E-01  3.9821272763E-02 -2.6060417626E-02
HessDelSqRho_EigVec3 = -4.7581214086E-02  8.2466911184E-01 -5.6361057836E-01
</CP of DelSqRho>
<CP of DelSqRho>
CP# = 19      
Type = (3,+1)
Coords = -1.17009259682609E-01 -8.87883523810757E-02 -7.38911715938990E-02
DistFromNuc =  1.6441821980E-01
Rho =  9.2574967526E+01
DelSqRho = -5.6846673068E+03
GradDelSqRho = -2.9103830457E-11 -2.1827872843E-11 -7.2759576142E-11
HessDelSqRho_EigVals = -5.1968819782E+04  3.7693319986E+04  1.0186412878E+07
HessDelSqRho_EigVec1 = -6.8121102375E-01  3.7465522729E-01  6.2895548475E-01
HessDelSqRho_EigVec2 =  1.7245807587E-01 -7.5282414269E-01  6.3522753581E-01
HessDelSqRho_EigVec3 =  7.1148419040E-01  5.4119245268E-01  4.4821978533E-01
</CP of DelSqRho>
<CP of DelSqRho>
CP# = 20      
Type = (3,-1)
Coords =  8.73810095664457E-02  1.37040055368228E-01  2.58376775812197E-02
DistFromNuc =  1.6455215992E-01
Rho =  9.2121552425E+01
DelSqRho = -5.4704519277E+03
GradDelSqRho =  2.9103830457E-11 -2.9103830457E-11 -2.9103830457E-11
HessDelSqRho_EigVals = -8.2810217666E+04 -5.1340490935E+04  1.0103493907E+07
HessDelSqRho_EigVec1 = -8.5354619684E-04 -1.8488488138E-01  9.8275981404E-01
HessDelSqRho_EigVec2 =  8.4720915207E-01 -5.2223388683E-01 -9.7511128052E-02
HessDelSqRho_EigVec3 =  5.3125881085E-01  8.3251987849E-01  1.5708191434E-01
</CP of DelSqRho>
<CP of DelSqRho>
CP# = 21      
Type = (3,-1)
Coords =  8.75170552419015E-02 -1.36905352623844E-01 -2.56850355655199E-02
DistFromNuc =  1.6455215113E-01
Rho =  9.2121650691E+01
DelSqRho = -5.4705047276E+03
GradDelSqRho =  1.4551915228E-11  2.9103830457E-11  3.6379788071E-11
HessDelSqRho_EigVals = -8.2787927788E+04 -5.1332380750E+04  1.0103502293E+07
HessDelSqRho_EigVec1 = -1.0734214337E-03 -1.8492373655E-01  9.8275228793E-01
HessDelSqRho_EigVec2 =  8.4669007878E-01  5.2274057176E-01  9.9288494418E-02
HessDelSqRho_EigVec3 = -5.3208529227E-01  8.3219319049E-01  1.5601197213E-01
</CP of DelSqRho>
<CP of DelSqRho>
CP# = 22      
Type = (3,-3)
Coords =  1.54454350790089E-01  2.44275574898368E-01  4.60728845361791E-02
DistFromNuc =  2.9264205970E-01
Rho =  2.1477113103E+01
DelSqRho =  1.7257623741E+03
GradDelSqRho =  2.2737367544E-13  8.4128259914E-12 -7.1054273576E-13
HessDelSqRho_EigVals = -4.8700549316E+05 -1.9491836259E+04 -9.3451795717E+03
HessDelSqRho_EigVec1 =  5.2838634923E-01  8.3428213357E-01  1.5742041658E-01
HessDelSqRho_EigVec2 =  8.8066336057E-04  1.8487906097E-01 -9.8276088508E-01
HessDelSqRho_EigVec3 =  8.4900358679E-01 -5.1941607063E-01 -9.6952850366E-02
</CP of DelSqRho>
<CP of DelSqRho>
CP# = 23      
Type = (3,-3)
Coords = -1.54387921355613E-01  4.59410904533239E-02 -2.44359094104300E-01
DistFromNuc =  2.9264228099E-01
Rho =  2.1477165253E+01
DelSqRho =  1.7257348031E+03
GradDelSqRho =  8.7396756498E-13  4.6185277824E-12 -3.2969182939E-12
HessDelSqRho_EigVals = -4.8700231855E+05 -1.9488902312E+04 -9.3416711863E+03
HessDelSqRho_EigVec1 =  5.2796837750E-01 -1.5679029242E-01  8.3466532009E-01
HessDelSqRho_EigVec2 = -2.7273625744E-04  9.8277881002E-01  1.8478564931E-01
HessDelSqRho_EigVec3 =  8.4926398604E-01  9.7788622947E-02 -5.1883337137E-01
</CP of DelSqRho>
<CP of DelSqRho>
CP# = 24      
Type = (3,-3)
Coords =  1.54687967831804E-01 -2.44105331529045E-01 -4.57869953166540E-02
DistFromNuc =  2.9264239667E-01
Rho =  2.1477128326E+01
DelSqRho =  1.7257273731E+03
GradDelSqRho = -1.7053025658E-13 -9.0949470177E-13 -1.4885870314E-12
HessDelSqRho_EigVals = -4.8700128465E+05 -1.9485681233E+04 -9.3424232810E+03
HessDelSqRho_EigVec1 = -5.2918468722E-01  8.3397512577E-01  1.5636194041E-01
HessDelSqRho_EigVec2 = -9.9905777559E-04 -1.8489125613E-01  9.8275847760E-01
HessDelSqRho_EigVec3 = -8.4850608053E-01 -5.1990452297E-01 -9.8674810880E-02
</CP of DelSqRho>
<CP of DelSqRho>
CP# = 25      
Type = (3,+1)
Coords = -2.95102449865390E-01 -4.21767376301770E-05 -3.03701644890311E-04
DistFromNuc =  2.9507461472E-01
Rho =  2.1748647792E+01
DelSqRho =  1.4738450425E+03
GradDelSqRho =  6.2527760747E-12 -5.3290705182E-15 -8.4376949872E-15
HessDelSqRho_EigVals = -4.5612612852E+05  1.5182324139E+04  1.5891709584E+04
HessDelSqRho_EigVec1 =  9.9999947075E-01  2.8171017665E-04  9.8951091940E-04
HessDelSqRho_EigVec2 = -4.6037187831E-04  9.8264486196E-01  1.8549626226E-01
HessDelSqRho_EigVec3 = -9.2008163599E-04 -1.8549661963E-01  9.8264447159E-01
</CP of DelSqRho>
<CP of DelSqRho>
CP# = 26      
Type = (3,-1)
Coords = -2.17783971511848E-01  1.15309776877287E-01  1.60314726330634E-01
DistFromNuc =  2.9395449647E-01
Rho =  2.1475315824E+01
DelSqRho =  1.6268955462E+03
GradDelSqRho = -1.9895196601E-12  1.8758328224E-12  3.6379788071E-12
HessDelSqRho_EigVals = -4.7264836260E+05 -1.7206414434E+04  1.1794125456E+04
HessDelSqRho_EigVec1 =  7.4072635079E-01 -3.8804931602E-01 -5.4839967321E-01
HessDelSqRho_EigVec2 =  6.7173089633E-01  4.1553383780E-01  6.1327745154E-01
HessDelSqRho_EigVec3 =  1.0103274738E-02  8.2264777273E-01 -5.6846157817E-01
</CP of DelSqRho>
<CP of DelSqRho>
CP# = 27      
Type = (3,-1)
Coords =  8.89567202008403E-03 -5.41935637290187E-02  2.88351642029110E-01
DistFromNuc =  2.9355472824E-01
Rho =  2.1418733643E+01
DelSqRho =  1.6833111422E+03
GradDelSqRho =  1.5987211555E-13 -3.0695446185E-12  1.9326762413E-12
HessDelSqRho_EigVals = -4.7840334613E+05 -2.6164527017E+04  5.9872135733E+03
HessDelSqRho_EigVec1 =  2.5276850409E-02 -1.8477772950E-01  9.8245522621E-01
HessDelSqRho_EigVec2 = -3.8963045926E-04  9.8276733581E-01  1.8484645480E-01
HessDelSqRho_EigVec3 =  9.9968041344E-01  5.0551306676E-03 -2.4769267903E-02
</CP of DelSqRho>
<CP of DelSqRho>
CP# = 28      
Type = (3,-1)
Coords = -9.05246342773075E-03 -2.88316826507116E-01 -5.42608004999088E-02
DistFromNuc =  2.9355464517E-01
Rho =  2.1418755273E+01
DelSqRho =  1.6833067909E+03
GradDelSqRho =  8.1001871877E-13  6.1390892370E-12  3.6592950892E-12
HessDelSqRho_EigVals = -4.7840381941E+05 -2.6164769382E+04  5.9892057866E+03
HessDelSqRho_EigVec1 =  2.5620383517E-02  9.8243786578E-01  1.8482271460E-01
HessDelSqRho_EigVec2 = -9.2876123811E-04 -1.8485993119E-01  9.8276443935E-01
HessDelSqRho_EigVec3 =  9.9967131266E-01 -2.5350458016E-02 -3.8237321255E-03
</CP of DelSqRho>
<CP of DelSqRho>
CP# = 29      
Type = (3,-1)
Coords =  2.17347925074797E-01  1.07756751325080E-01  1.65983024133776E-01
DistFromNuc =  2.9395465205E-01
Rho =  2.1475374587E+01
DelSqRho =  1.6268753289E+03
GradDelSqRho =  1.9895196601E-13 -3.4106051316E-13 -7.9580786405E-13
HessDelSqRho_EigVals = -4.7264627954E+05 -1.7205346872E+04  1.1797618850E+04
HessDelSqRho_EigVec1 =  7.3943283355E-01  3.7070439465E-01  5.6197627748E-01
HessDelSqRho_EigVec2 = -6.7315406594E-01  4.1967636440E-01  6.0888040917E-01
HessDelSqRho_EigVec3 =  1.0133517520E-02  8.2852278240E-01 -5.5986365382E-01
</CP of DelSqRho>
<CP of DelSqRho>
CP# = 30      
Type = (3,-1)
Coords =  2.17731177276229E-01 -1.07575809638656E-01 -1.65568131713488E-01
DistFromNuc =  2.9395450056E-01
Rho =  2.1475321897E+01
DelSqRho =  1.6268949798E+03
GradDelSqRho =  3.9790393203E-13  4.4906300900E-12 -6.0822458181E-12
HessDelSqRho_EigVals = -4.7264843923E+05 -1.7206449435E+04  1.1794309058E+04
HessDelSqRho_EigVec1 =  7.4073406539E-01 -3.7036449124E-01 -5.6048477945E-01
HessDelSqRho_EigVec2 =  6.7173181970E-01  4.2007128717E-01  6.1017741362E-01
HessDelSqRho_EigVec3 = -9.4555153777E-03  8.2847465702E-01 -5.5994672595E-01
</CP of DelSqRho>
<CP of DelSqRho>
CP# = 31      
Type = (3,-1)
Coords = -2.17533351400927E-01  1.65757268433556E-01 -1.07894211035099E-01
DistFromNuc =  2.9395455230E-01
Rho =  2.1475273171E+01
DelSqRho =  1.6269048099E+03
GradDelSqRho =  1.1368683772E-12  9.0949470177E-13  7.3896444519E-13
HessDelSqRho_EigVals = -4.7264864430E+05 -1.7207776685E+04  1.1792974289E+04
HessDelSqRho_EigVec1 =  7.3986681377E-01 -5.6103040404E-01  3.7127076862E-01
HessDelSqRho_EigVec2 =  6.7269590400E-01  6.0973264644E-01 -4.1917337774E-01
HessDelSqRho_EigVec3 =  8.7931011793E-03  5.5988479672E-01  8.2852380519E-01
</CP of DelSqRho>
<CP of DelSqRho>
CP# = 32      
Type = (3,-1)
Coords = -2.17660760810185E-01 -1.65778190663547E-01  1.07455884821728E-01
DistFromNuc =  2.9395429710E-01
Rho =  2.1475467930E+01
DelSqRho =  1.6268840251E+03
GradDelSqRho = -6.8212102633E-13 -1.9326762413E-12 -2.6147972676E-12
HessDelSqRho_EigVals = -4.7264882014E+05 -1.7207016533E+04  1.1796842879E+04
HessDelSqRho_EigVec1 =  7.4031133199E-01  5.6137696420E-01 -3.6985812928E-01
HessDelSqRho_EigVec2 = -6.7217903107E-01  6.0936535000E-01 -4.2053444615E-01
HessDelSqRho_EigVec3 = -1.0699622323E-02  5.5993729495E-01  8.2846589779E-01
</CP of DelSqRho>
<CP of DelSqRho>
CP# = 33      
Type = (3,-1)
Coords =  9.43474982312413E-03  5.42783866732234E-02 -2.88357009259258E-01
DistFromNuc =  2.9355461703E-01
Rho =  2.1418762070E+01
DelSqRho =  1.6833123971E+03
GradDelSqRho = -1.0276224316E-12 -5.5422333389E-13  1.1596057448E-11
HessDelSqRho_EigVals = -4.7840412030E+05 -2.6164630590E+04  5.9870993465E+03
HessDelSqRho_EigVec1 = -2.7113099707E-02 -1.8478910982E-01  9.8240412495E-01
HessDelSqRho_EigVec2 = -3.9578304112E-04  9.8276732409E-01  1.8484650406E-01
HessDelSqRho_EigVec3 =  9.9963229399E-01 -4.6229428028E-03  2.6719004842E-02
</CP of DelSqRho>
<CP of DelSqRho>
CP# = 34      
Type = (3,-1)
Coords = -2.17407010736486E-01 -1.15325203596818E-01 -1.60779335585223E-01
DistFromNuc =  2.9395425916E-01
Rho =  2.1475469872E+01
DelSqRho =  1.6268802778E+03
GradDelSqRho = -2.0179413696E-12 -3.6095570977E-12 -6.0822458181E-12
HessDelSqRho_EigVals = -4.7264908504E+05 -1.7205888357E+04  1.1797440431E+04
HessDelSqRho_EigVec1 =  7.3944086958E-01  3.8837807091E-01  5.4989969487E-01
HessDelSqRho_EigVec2 = -6.7315606207E-01  4.1514893859E-01  6.1197408024E-01
HessDelSqRho_EigVec3 = -9.3870380766E-03  8.2268695919E-01 -5.6841714497E-01
</CP of DelSqRho>
<CP of DelSqRho>
CP# = 35      
Type = (3,-1)
Coords =  2.17467837020367E-01 -1.60446221856197E-01  1.15524622347496E-01
DistFromNuc =  2.9395416622E-01
Rho =  2.1475369593E+01
DelSqRho =  1.6269101294E+03
GradDelSqRho =  8.4128259914E-12 -2.9558577808E-12  3.2116531656E-12
HessDelSqRho_EigVals = -4.7265157859E+05 -1.7208282471E+04  1.1792730518E+04
HessDelSqRho_EigVec1 =  7.3984524086E-01 -5.4894461802E-01  3.8895864295E-01
HessDelSqRho_EigVec2 =  6.7269114633E-01  6.1283193528E-01 -4.1463675761E-01
HessDelSqRho_EigVec3 = -1.0753661376E-02  5.6841606720E-01  8.2267097513E-01
</CP of DelSqRho>
<CP of DelSqRho>
CP# = 36      
Type = (3,-1)
Coords =  2.17612748389113E-01  1.60631920947974E-01 -1.15129818113807E-01
DistFromNuc =  2.9395457177E-01
Rho =  2.1475395971E+01
DelSqRho =  1.6268824920E+03
GradDelSqRho = -3.0695446185E-12 -2.2737367544E-13  8.1001871877E-12
HessDelSqRho_EigVals = -4.7264711892E+05 -1.7206730803E+04  1.1796720024E+04
HessDelSqRho_EigVec1 =  7.4032684833E-01  5.4930135717E-01 -3.8753603272E-01
HessDelSqRho_EigVec2 = -6.7218897808E-01  6.1245801644E-01 -4.1600138923E-01
HessDelSqRho_EigVec3 =  8.8394222122E-03  5.6847444719E-01  8.2265343098E-01
</CP of DelSqRho>
<CP of DelSqRho>
CP# = 37      
Type = (3,+3)
Coords =  6.23570141821670E-01  2.13682154514566E-04  6.08484202150393E-04
DistFromNuc =  6.2359846548E-01
Rho =  3.2282718569E+00
DelSqRho = -4.8365316561E+01
GradDelSqRho = -1.7408297026E-13  5.5511151231E-16  1.3877787808E-17
HessDelSqRho_EigVals =  6.8288042337E+02  8.0253094396E+02  6.0143606571E+03
HessDelSqRho_EigVec1 = -4.5740506552E-04  9.8274481064E-01  1.8496601834E-01
HessDelSqRho_EigVec2 = -9.2619081554E-04 -1.8496637469E-01  9.8274441357E-01
HessDelSqRho_EigVec3 =  9.9999946648E-01  2.7819844551E-04  9.9481377436E-04
</CP of DelSqRho>
<CP of DelSqRho>
CP# = 38      
Type = (3,+3)
Coords = -6.23625456029454E-01 -1.43820290448297E-04 -6.28224899756691E-04
DistFromNuc =  6.2359779682E-01
Rho =  3.2282918880E+00
DelSqRho = -4.8366021077E+01
GradDelSqRho =  1.9895196601E-13 -1.0408340856E-16  1.0521097882E-15
HessDelSqRho_EigVals =  6.8282386240E+02  8.0261882389E+02  6.0144241309E+03
HessDelSqRho_EigVec1 = -9.1719747380E-04 -1.8452688052E-01  9.8282703927E-01
HessDelSqRho_EigVec2 = -4.7413098521E-04  9.8282742244E-01  1.8452650999E-01
HessDelSqRho_EigVec3 =  9.9999946697E-01  2.9674150361E-04  9.8893674070E-04
</CP of DelSqRho>
<CP of DelSqRho>
CP# = 39      
Type = (3,-1)
Coords = -3.65873258379661E-01  5.82694303809255E-01  1.09231368912119E-01
DistFromNuc =  6.9660771695E-01
Rho =  1.9770508217E+00
DelSqRho = -1.9777130280E-01
GradDelSqRho = -5.6843418861E-14  2.0783375021E-13 -1.2434497876E-14
HessDelSqRho_EigVals = -5.1070577199E+02 -2.5199150315E+02  1.8335683222E+03
HessDelSqRho_EigVec1 = -1.0167472584E-03 -1.8489575806E-01  9.8275761248E-01
HessDelSqRho_EigVec2 =  8.5327289534E-01  5.1231248696E-01  9.7269120384E-02
HessDelSqRho_EigVec3 = -5.2146364428E-01  8.3865933152E-01  1.5724564650E-01
</CP of DelSqRho>
<CP of DelSqRho>
CP# = 40      
Type = (3,-1)
Coords = -3.65316330084598E-01 -5.82837702737659E-01 -1.09987264962126E-01
DistFromNuc =  6.9661836469E-01
Rho =  1.9769418817E+00
DelSqRho = -1.9345417218E-01
GradDelSqRho =  1.7763568394E-13  1.7585932710E-13  3.5527136788E-15
HessDelSqRho_EigVals = -5.1081454727E+02 -2.5203114576E+02  1.8331894100E+03
HessDelSqRho_EigVec1 = -8.5932547738E-04 -1.8488343360E-01  9.8276008137E-01
HessDelSqRho_EigVec2 =  8.5376349764E-01 -5.1182018191E-01 -9.5540522729E-02
HessDelSqRho_EigVec3 =  5.2066030352E-01  8.3896258401E-01  1.5828654705E-01
</CP of DelSqRho>
<CP of DelSqRho>
CP# = 41      
Type = (3,-1)
Coords =  3.64963318127184E-01 -1.09498830693333E-01  5.83121302665236E-01
DistFromNuc =  6.9660721471E-01
Rho =  1.9770801396E+00
DelSqRho = -1.9736106169E-01
GradDelSqRho = -8.5265128291E-14 -2.8421709430E-14 -9.9475983006E-14
HessDelSqRho_EigVals = -5.1078946028E+02 -2.5196729693E+02  1.8335803535E+03
HessDelSqRho_EigVec1 = -3.0173662045E-04  9.8277611956E-01  1.8479991282E-01
HessDelSqRho_EigVec2 =  8.5402201064E-01  9.6392972911E-02 -5.1122871605E-01
HessDelSqRho_EigVec3 =  5.2023678676E-01 -1.5766893668E-01  8.3934152293E-01
</CP of DelSqRho>
<CP of DelSqRho>
CP# = 42      
Type = (3,-1)
Coords =  3.66062275537081E-01  1.09727007270016E-01 -5.82429800476309E-01
DistFromNuc =  6.9660897576E-01
Rho =  1.9770639060E+00
DelSqRho = -1.9691223301E-01
GradDelSqRho =  1.4210854715E-14  7.1054273576E-15  7.1054273576E-15
HessDelSqRho_EigVals = -5.1078646468E+02 -2.5197426486E+02  1.8335187817E+03
HessDelSqRho_EigVec1 = -3.4330610399E-04  9.8276361292E-01  1.8486633889E-01
HessDelSqRho_EigVec2 =  8.5305892102E-01 -9.6178132745E-02  5.1287449152E-01
HessDelSqRho_EigVec3 = -5.2181448754E-01 -1.5787795253E-01  8.3832224872E-01
</CP of DelSqRho>
<CP of DelSqRho>
CP# = 43      
Type = (3,-1)
Coords = -3.44206303950703E-01 -1.07949993655633E-01  5.73422572394748E-01
DistFromNuc =  6.7745665138E-01
Rho =  2.2359952305E+00
DelSqRho = -6.4318729116E+00
GradDelSqRho =  7.4606987255E-14  6.3948846218E-14 -1.9184653866E-13
HessDelSqRho_EigVals = -5.3664444575E+02 -1.8823366874E+02  2.6218641025E+03
HessDelSqRho_EigVec1 = -3.5217362790E-04  9.8276376777E-01  1.8486549904E-01
HessDelSqRho_EigVec2 =  8.6139095065E-01 -9.3602910899E-02  4.9924355299E-01
HessDelSqRho_EigVec3 = -5.0794242401E-01 -1.5941728837E-01  8.4651085171E-01
</CP of DelSqRho>
<CP of DelSqRho>
CP# = 44      
Type = (3,-1)
Coords = -3.43140988597371E-01  1.07899749585313E-01 -5.74107366644707E-01
DistFromNuc =  6.7745552555E-01
Rho =  2.2360039074E+00
DelSqRho = -6.4323399828E+00
GradDelSqRho =  1.5276668819E-13 -3.7303493627E-14  3.9079850467E-14
HessDelSqRho_EigVals = -5.3662058360E+02 -1.8824150110E+02  2.6219167125E+03
HessDelSqRho_EigVec1 = -2.1523820588E-04  9.8278171658E-01  1.8477026611E-01
HessDelSqRho_EigVec2 =  8.6231632750E-01  9.3744518521E-02 -4.9761683711E-01
HessDelSqRho_EigVec3 =  5.0636992900E-01 -1.5922331115E-01  8.4748889797E-01
</CP of DelSqRho>
<CP of DelSqRho>
CP# = 45      
Type = (3,-1)
Coords =  3.43396064981729E-01  5.73884051245541E-01  1.08250706057922E-01
DistFromNuc =  6.7746387365E-01
Rho =  2.2358767784E+00
DelSqRho = -6.4282383768E+00
GradDelSqRho = -1.8474111130E-13 -2.5579538487E-13 -1.0658141036E-13
HessDelSqRho_EigVals = -5.3664291736E+02 -1.8835040939E+02  2.6215401042E+03
HessDelSqRho_EigVec1 = -9.0779471464E-04 -1.8486576238E-01  9.8276336206E-01
HessDelSqRho_EigVec2 =  8.6204950928E-01 -4.9823241334E-01 -9.2925270185E-02
HessDelSqRho_EigVec3 =  5.0682326254E-01  8.4710631694E-01  1.5981573250E-01
</CP of DelSqRho>
<CP of DelSqRho>
CP# = 46      
Type = (3,-1)
Coords =  3.43919345241275E-01 -5.73606658512317E-01 -1.07589185397199E-01
DistFromNuc =  6.7745383623E-01
Rho =  2.2359983544E+00
DelSqRho = -6.4333280269E+00
GradDelSqRho = -2.1316282073E-14  1.0302869669E-13 -2.6645352591E-14
HessDelSqRho_EigVals = -5.3653494395E+02 -1.8826602402E+02  2.6220013320E+03
HessDelSqRho_EigVec1 = -9.4338761339E-04 -1.8486458889E-01  9.8276354928E-01
HessDelSqRho_EigVec2 =  8.6158999390E-01  4.9870486463E-01  9.4636887147E-02
HessDelSqRho_EigVec3 = -5.0760397204E-01  8.4682851970E-01  1.5880700802E-01
</CP of DelSqRho>
<CP of DelSqRho>
CP# = 47      
Type = (3,+1)
Coords =  4.84622355189584E-01  2.79041253553960E-01  3.45266027793579E-01
DistFromNuc =  6.5722455207E-01
Rho =  2.5444068401E+00
DelSqRho = -1.8603364979E+01
GradDelSqRho = -7.2830630415E-14 -1.4210854715E-14  5.8619775700E-14
HessDelSqRho_EigVals = -6.0148472157E+02  4.0808970408E+02  3.6427146320E+03
HessDelSqRho_EigVec1 =  6.7434194945E-01 -4.1066938296E-01 -6.1368851473E-01
HessDelSqRho_EigVec2 =  4.8189891950E-02 -8.0483750112E-01  5.9153557045E-01
HessDelSqRho_EigVec3 =  7.3684507838E-01  4.2847083296E-01  5.2294557630E-01
</CP of DelSqRho>
<CP of DelSqRho>
CP# = 48      
Type = (3,+1)
Coords = -4.85272905923916E-01 -3.44844169497864E-01  2.78437692708097E-01
DistFromNuc =  6.5722302049E-01
Rho =  2.5444537975E+00
DelSqRho = -1.8603930327E+01
GradDelSqRho =  8.7485574340E-14  4.0856207306E-14 -3.3750779949E-14
HessDelSqRho_EigVals = -6.0149755378E+02  4.0807787764E+02  3.6428071600E+03
HessDelSqRho_EigVec1 = -6.7338288379E-01  6.1417326157E-01 -4.1151755319E-01
HessDelSqRho_EigVec2 =  4.7682921334E-02  5.9155817214E-01  8.0485108435E-01
HessDelSqRho_EigVec3 =  7.3775458713E-01  5.2235058509E-01 -4.2763072320E-01
</CP of DelSqRho>
<CP of DelSqRho>
CP# = 49      
Type = (3,+1)
Coords = -4.84909814112251E-01  3.44688307475056E-01 -2.79409804021871E-01
DistFromNuc =  6.5723346085E-01
Rho =  2.5442416940E+00
DelSqRho = -1.8597466464E+01
GradDelSqRho = -1.3322676296E-14 -1.2434497876E-14 -5.6843418861E-14
HessDelSqRho_EigVals = -6.0152361449E+02  4.0787751429E+02  3.6422019083E+03
HessDelSqRho_EigVec1 =  6.7387245390E-01  6.1455684779E-01 -4.1014119119E-01
HessDelSqRho_EigVec2 = -4.9603220767E-02  5.9148731961E-01  8.0478709683E-01
HessDelSqRho_EigVec3 =  7.3718073521E-01 -5.2197953176E-01  4.2907101051E-01
</CP of DelSqRho>
<CP of DelSqRho>
CP# = 50      
Type = (3,+1)
Coords =  4.85448503644758E-01 -2.78754177858791E-01 -3.44302791023277E-01
DistFromNuc =  6.5722920738E-01
Rho =  2.5443057360E+00
DelSqRho = -1.8600417739E+01
GradDelSqRho = -1.4210854715E-14  7.9936057773E-14  3.9079850467E-14
HessDelSqRho_EigVals = -6.0146339155E+02  4.0795389997E+02  3.6424591945E+03
HessDelSqRho_EigVec1 = -6.7291754096E-01 -4.1104330582E-01 -6.1500031204E-01
HessDelSqRho_EigVec2 = -4.8980195748E-02 -8.0481501325E-01  5.9150125517E-01
HessDelSqRho_EigVec3 =  7.3809411561E-01 -4.2815440577E-01 -5.2144115806E-01
</CP of DelSqRho>
<CP of DelSqRho>
CP# = 51      
Type = (3,+1)
Coords =  7.98245396223291E-02  6.56780444466943E-01  1.23596646779308E-01
DistFromNuc =  6.7302515519E-01
Rho =  2.3196759556E+00
DelSqRho = -8.8101939221E+00
GradDelSqRho = -1.7763568394E-14 -6.3948846218E-14  2.1316282073E-14
HessDelSqRho_EigVals = -7.8983806657E+02  1.5906685196E+02  2.8051839399E+03
HessDelSqRho_EigVec1 = -9.2783687724E-04 -1.8485671266E-01  9.8276504563E-01
HessDelSqRho_EigVec2 =  9.9253489695E-01 -1.2002585004E-01 -2.1639631658E-02
HessDelSqRho_EigVec3 =  1.2195744116E-01  9.7540852524E-01  1.8358810266E-01
</CP of DelSqRho>
<CP of DelSqRho>
CP# = 52      
Type = (3,+1)
Coords =  8.05812360156481E-02 -6.56635494762497E-01 -1.23456274533732E-01
DistFromNuc =  6.7302282117E-01
Rho =  2.3197020144E+00
DelSqRho = -8.8115655199E+00
GradDelSqRho =  1.7763568394E-15 -5.6843418861E-14  3.5527136788E-15
HessDelSqRho_EigVals = -7.8974256525E+02  1.5902135404E+02  2.8053085022E+03
HessDelSqRho_EigVec1 = -9.2396558497E-04 -1.8485605745E-01  9.8276517252E-01
HessDelSqRho_EigVec2 =  9.9239651214E-01  1.2078783178E-01  2.3652957232E-02
HessDelSqRho_EigVec3 = -1.2307846676E-01  9.7531458398E-01  1.8333890286E-01
</CP of DelSqRho>
<CP of DelSqRho>
CP# = 53      
Type = (3,+1)
Coords = -8.08930285599494E-02 -1.23494745705969E-01  6.56619071368815E-01
DistFromNuc =  6.7302605597E-01
Rho =  2.3196762399E+00
DelSqRho = -8.8097236672E+00
GradDelSqRho =  9.7699626167E-15  6.2172489379E-14 -2.4868995752E-14
HessDelSqRho_EigVals = -7.8977790900E+02  1.5897452770E+02  2.8051442105E+03
HessDelSqRho_EigVec1 = -3.9478714939E-04  9.8276782952E-01  1.8484381897E-01
HessDelSqRho_EigVec2 =  9.9234967622E-01 -2.2435500537E-02  1.2140332953E-01
HessDelSqRho_EigVec3 = -1.2345835026E-01 -1.8347763238E-01  9.7524048017E-01
</CP of DelSqRho>
<CP of DelSqRho>
CP# = 54      
Type = (3,+1)
Coords = -7.96710191585319E-02  1.23541070999876E-01 -6.56796611252933E-01
DistFromNuc =  6.7302439159E-01
Rho =  2.3196985048E+00
DelSqRho = -8.8103602285E+00
GradDelSqRho =  1.2434497876E-14 -8.8817841970E-14  3.7658764995E-13
HessDelSqRho_EigVals = -7.8977825759E+02  1.5898465758E+02  2.8052258240E+03
HessDelSqRho_EigVec1 = -3.7527658541E-04  9.8276802875E-01  1.8484280034E-01
HessDelSqRho_EigVec2 =  9.9257388915E-01  2.2850841868E-02 -1.1947766987E-01
HessDelSqRho_EigVec3 =  1.2164264770E-01 -1.8342530005E-01  9.7547845982E-01
</CP of DelSqRho>
<CP of DelSqRho>
CP# = 55      
Type = (3,+1)
Coords = -4.85528210525248E-01  2.19793474788834E-01  3.84629178152738E-01
DistFromNuc =  6.5722937928E-01
Rho =  2.5443211593E+00
DelSqRho = -1.8600890999E+01
GradDelSqRho = -2.2026824809E-13  1.2256862192E-13  2.6556534749E-13
HessDelSqRho_EigVals = -6.0147057200E+02  4.0796975354E+02  3.6424680919E+03
HessDelSqRho_EigVec1 =  6.7292215087E-01  4.2331172418E-01  6.0661599306E-01
HessDelSqRho_EigVec2 =  4.8339045676E-02 -8.4348113097E-01  5.3497936255E-01
HessDelSqRho_EigVec3 =  7.3813218026E-01 -3.3067622512E-01 -5.8805962164E-01
</CP of DelSqRho>
<CP of DelSqRho>
CP# = 56      
Type = (3,+1)
Coords =  4.84921891916218E-01 -3.84954434988594E-01  2.20337143839538E-01
DistFromNuc =  6.5722984601E-01
Rho =  2.5443153211E+00
DelSqRho = -1.8600212935E+01
GradDelSqRho = -2.8954616482E-13  2.7089441801E-13 -7.4606987255E-14
HessDelSqRho_EigVals = -6.0148973212E+02  4.0793250095E+02  3.6424490186E+03
HessDelSqRho_EigVec1 = -6.7388783455E-01 -6.0617508489E-01  4.2240614686E-01
HessDelSqRho_EigVec2 =  4.7628738571E-02  5.3488908617E-01  8.4357878634E-01
HessDelSqRho_EigVec3 =  7.3729688030E-01 -5.8859615354E-01  3.3158389335E-01
</CP of DelSqRho>
<CP of DelSqRho>
CP# = 57      
Type = (3,+1)
Coords =  4.85159224747011E-01  3.85257409021163E-01 -2.19436294902501E-01
DistFromNuc =  6.5722590178E-01
Rho =  2.5444107704E+00
DelSqRho = -1.8602938957E+01
GradDelSqRho = -1.2434497876E-13 -1.3278267375E-13  1.5276668819E-13
HessDelSqRho_EigVals = -6.0151028724E+02  4.0807151573E+02  3.6426530934E+03
HessDelSqRho_EigVec1 =  6.7335918290E-01 -6.0581133872E-01  4.2376884346E-01
HessDelSqRho_EigVec2 = -4.9547162334E-02  5.3492415372E-01  8.4344604360E-01
HessDelSqRho_EigVec3 =  7.3765336677E-01  5.8893868242E-01 -3.3017985832E-01
</CP of DelSqRho>
<CP of DelSqRho>
CP# = 58      
Type = (3,+1)
Coords = -4.84648009912529E-01 -2.19941214833298E-01 -3.85615815671650E-01
DistFromNuc =  6.5722068779E-01
Rho =  2.5444886844E+00
DelSqRho = -1.8606148400E+01
GradDelSqRho =  7.8159700934E-14  1.4210854715E-14 -6.2172489379E-15
HessDelSqRho_EigVals = -6.0144763799E+02  4.0813252545E+02  3.6429730576E+03
HessDelSqRho_EigVec1 = -6.7433841098E-01  4.2290245679E-01  6.0532736557E-01
HessDelSqRho_EigVec2 = -4.8930458316E-02 -8.4354686196E-01  5.3482193478E-01
HessDelSqRho_EigVec3 =  7.3679950985E-01  3.3103202823E-01  5.8952886152E-01
</CP of DelSqRho>
<CP of DelSqRho>
CP# = 59      
Type = (3,+3)
Coords = -6.07949046463567E-04  3.44404916337705E-01  5.03903559174085E-01
DistFromNuc =  6.1034236747E-01
Rho =  3.6725498353E+00
DelSqRho = -6.3678232812E+01
GradDelSqRho =  4.1633363423E-16 -1.9184653866E-13 -1.7053025658E-13
HessDelSqRho_EigVals =  9.8843193375E+02  1.3981570972E+03  7.2006361979E+03
HessDelSqRho_EigVec1 =  9.8370748444E-01  1.4895371415E-01 -1.0065970441E-01
HessDelSqRho_EigVec2 = -1.7977397732E-01  8.1208077150E-01 -5.5516316308E-01
HessDelSqRho_EigVec3 = -9.4980468491E-04  5.6421415403E-01  8.2562793452E-01
</CP of DelSqRho>
<CP of DelSqRho>
CP# = 60      
Type = (3,+3)
Coords =  5.47855463774946E-04 -3.44321843237165E-01 -5.03929159174954E-01
DistFromNuc =  6.1034296194E-01
Rho =  3.6725255951E+00
DelSqRho = -6.3677355379E+01
GradDelSqRho = -6.5503158453E-15 -1.6697754290E-13 -3.0908609006E-13
HessDelSqRho_EigVals =  9.8835111398E+02  1.3981936374E+03  7.2005674135E+03
HessDelSqRho_EigVec1 =  9.8352463196E-01 -1.4872720517E-01  1.0275950942E-01
HessDelSqRho_EigVec2 =  1.8077170067E-01  8.1212553277E-01 -5.5477356755E-01
HessDelSqRho_EigVec3 = -9.4369913266E-04  5.6420948012E-01  8.2563113554E-01
</CP of DelSqRho>
<CP of DelSqRho>
CP# = 61      
Type = (3,+3)
Coords = -2.43938009640804E-04 -5.03875563417833E-01  3.44348315555716E-01
DistFromNuc =  6.1034025319E-01
Rho =  3.6726348828E+00
DelSqRho = -6.3680509528E+01
GradDelSqRho =  5.3151927304E-15 -8.7041485131E-13  6.1106675275E-13
HessDelSqRho_EigVals =  9.8846153898E+02  1.3982604156E+03  7.2008196574E+03
HessDelSqRho_EigVec1 =  9.8376104447E-01 -1.0155367114E-01 -1.4799006472E-01
HessDelSqRho_EigVec2 =  1.7948281775E-01  5.5499488413E-01  8.1226017797E-01
HessDelSqRho_EigVec3 =  3.5427417550E-04  8.2563159488E-01 -5.6420948594E-01
</CP of DelSqRho>
<CP of DelSqRho>
CP# = 62      
Type = (3,+3)
Coords =  1.95394662692831E-04  5.03956407671393E-01 -3.44369609760199E-01
DistFromNuc =  6.1033900676E-01
Rho =  3.6726762448E+00
DelSqRho = -6.3682072030E+01
GradDelSqRho = -1.8596235662E-15  3.1974423109E-14 -7.4606987255E-14
HessDelSqRho_EigVals =  9.8856122819E+02  1.3982382919E+03  7.2009638437E+03
HessDelSqRho_EigVec1 =  9.8346224085E-01  1.0188811354E-01  1.4973587791E-01
HessDelSqRho_EigVec2 = -1.8111291215E-01  5.5493112390E-01  8.1194184569E-01
HessDelSqRho_EigVec3 =  3.6587605464E-04  8.2563324791E-01 -5.6420705959E-01
</CP of DelSqRho>
<CP of DelSqRho>
CP# = 63      
Type = (3,-1)
