 AIMInt (Version 19.02.13, Professional)
 Portions Copyright (c) 1997-2019 by Todd A. Keith
 AIMInt is a component of the AIMAll package ( http://aim.tkgristmill.com )

 TP:  64-bit Linux

 Licensed To:  Research Group of Fernando Cortes Guzman, UNAM, fercor@unam.mx

 AIMInt is a heavily modified and extended version of the PROAIMV program
 developed by members of R.F.W. Bader's research group

 Much of the Quantum Theory of Atoms in Molecules (QTAIM) is described in the book:
   "Atoms in Molecules - A Quantum Theory"
   R.F.W. Bader, Oxford University Press, Oxford, 1990

 For additional references see:  http://aim.tkgristmill.com/references.html

 Current Directory:  /home/scratch/M_H2O_4_tetraedrico/Opt

 Inp File:  Mn4_tetraedrico_cc-pvtz-def2-tzv_1_atomicfiles/o2.inp
 Wfx File:  Mn4_tetraedrico_cc-pvtz-def2-tzv_1.wfx
 Out File:  Mn4_tetraedrico_cc-pvtz-def2-tzv_1_atomicfiles/o2.int

 Wfx Title:   Mn4_tetraedrico_cc-pvtz-def2-tzv_1                                            
 Job Title:   Mn4_tetraedrico_cc-pvtz-def2-tzv_1                                            
 
<Atom>
O2      
</Atom>
<Nuclei of Molecule>
    13
Mn1       25.0          -2.7991199411E-05   4.0458458872E-05  -1.1700893488E-05
O2         8.0          -1.9976235081E+00   2.7746029689E+00   5.2013997142E-01
H3         1.0          -2.8458300237E+00   3.2423980048E+00   2.1932852914E+00
O4         8.0           1.9990500125E+00   5.2242600547E-01  -2.7730864029E+00
H5         1.0           2.8468278880E+00  -8.6626766712E-01  -3.8175145094E+00
O6         8.0          -1.9956148067E+00  -2.7752676463E+00  -5.2388295895E-01
H7         1.0          -2.8396745785E+00  -3.2449832065E+00  -2.1986079010E+00
O8         8.0           1.9940753549E+00  -5.2159843601E-01   2.7767827380E+00
H9         1.0           2.8394044678E+00   8.6720770870E-01   3.8231223781E+00
H10        1.0           2.8460053493E+00   2.1962776273E+00  -3.2410288539E+00
H11        1.0           2.8398271216E+00  -2.1954856268E+00   3.2464995096E+00
H12        1.0          -2.8420058990E+00  -3.8219234354E+00   8.6400844695E-01
H13        1.0          -2.8429509659E+00   3.8204619970E+00  -8.6909862024E-01
</Nuclei of Molecule>
<Total Number of CPs of DelSqRho>
    35
</Total Number of CPs of DelSqRho>
<Number of (3,+3) CPs of DelSqRho>
     5
</Number of (3,+3) CPs of DelSqRho>
<Number of (3,+1) CPs of DelSqRho>
    13
</Number of (3,+1) CPs of DelSqRho>
<Number of (3,-1) CPs of DelSqRho>
    12
</Number of (3,-1) CPs of DelSqRho>
<Number of (3,-3) CPs of DelSqRho>
     5
</Number of (3,-3) CPs of DelSqRho>
<Number of Degenerate CPs of DelSqRho>
     0
</Number of Degenerate CPs of DelSqRho>
<CP of DelSqRho>
CP# = 1       
Type = (3,+3)
Coords = -1.99762369063736E+00  2.77460297533209E+00  5.20139972577677E-01
DistFromNuc =  1.8261034990E-07
Rho =  2.9728782449E+02
DelSqRho = -3.3287678805E+06
GradDelSqRho =  1.1129867971E-05  6.9433003773E-06  4.6484198037E-06
HessDelSqRho_EigVals =  1.3237525765E+11  1.3237527813E+11  1.3237528129E+11
HessDelSqRho_EigVec1 =  7.7125610687E-01  6.2534210505E-01  1.1879086358E-01
HessDelSqRho_EigVec2 = -6.3652493761E-01  7.5774910271E-01  1.4370908512E-01
HessDelSqRho_EigVec3 = -1.4632847986E-04 -1.8644985654E-01  9.8246446734E-01
</CP of DelSqRho>
<CP of DelSqRho>
CP# = 2       
Type = (3,+1)
Coords = -9.30769878537341E-01  1.73946431749877E+00  3.25716617204375E-01
DistFromNuc =  1.4991628115E+00
Rho =  1.5655231670E-01
DelSqRho =  3.0956589949E-01
GradDelSqRho =  5.4123372450E-16  1.3877787808E-16 -7.9797279895E-17
HessDelSqRho_EigVals = -5.0173982438E-01  1.2428958909E-01  4.8704735402E+00
HessDelSqRho_EigVec1 =  8.3039219018E-01  5.4748437120E-01  1.0348755374E-01
HessDelSqRho_EigVec2 = -7.5675195336E-04 -1.8462635868E-01  9.8280849356E-01
HessDelSqRho_EigVec3 = -5.5717882032E-01  8.1619481190E-01  1.5289797648E-01
</CP of DelSqRho>
<CP of DelSqRho>
CP# = 3       
Type = (3,+1)
Coords = -2.51361617036432E+00  3.40707905923025E+00 -3.42200092275948E-01
DistFromNuc =  1.1873941291E+00
Rho =  3.8026743019E-01
DelSqRho = -7.7428979725E-01
GradDelSqRho = -2.7755575616E-17 -7.6327832943E-16  1.5612511284E-15
HessDelSqRho_EigVals = -2.4619933135E+01  1.2002189569E+01  1.2402331860E+01
HessDelSqRho_EigVec1 =  4.3857092642E-01 -5.4568996395E-01  7.1405742468E-01
HessDelSqRho_EigVec2 =  7.2793256635E-01  6.8166114662E-01  7.3839420621E-02
HessDelSqRho_EigVec3 = -5.2703863364E-01  4.8740183056E-01  6.9618225647E-01
</CP of DelSqRho>
<CP of DelSqRho>
CP# = 4       
Type = (3,+1)
Coords = -1.86964291084723E+00  2.88103653144608E+00  5.40395513448562E-01
DistFromNuc =  1.6768250806E-01
Rho =  2.2675840440E+01
DelSqRho =  1.2547658877E+03
GradDelSqRho =  4.1069370127E-12  1.1993961380E-11  2.9292124282E-12
HessDelSqRho_EigVals = -4.2943953027E+05  1.7323917666E+03  1.7784150846E+03
HessDelSqRho_EigVec1 =  7.6445027151E-01  6.3331562740E-01  1.2052841358E-01
HessDelSqRho_EigVec2 = -7.0170024546E-03 -1.7877275979E-01  9.8386536784E-01
HessDelSqRho_EigVec3 = -6.4464450984E-01  7.5296189575E-01  1.3221890745E-01
</CP of DelSqRho>
<CP of DelSqRho>
CP# = 5       
Type = (3,+1)
Coords = -2.14778636501256E+00  2.69934766544569E+00  5.05803961042314E-01
DistFromNuc =  1.6857569656E-01
Rho =  2.2478264272E+01
DelSqRho =  1.2349719094E+03
GradDelSqRho = -7.7413631061E-12 -1.0151879337E-11 -2.6267876763E-12
HessDelSqRho_EigVals = -4.0839296104E+05  2.3512676775E+03  2.4464579131E+03
HessDelSqRho_EigVec1 =  8.9013886939E-01  4.4763962022E-01  8.5273463654E-02
HessDelSqRho_EigVec2 = -2.6235873905E-03 -1.8209322940E-01  9.8327776981E-01
HessDelSqRho_EigVec3 = -4.5568180783E-01  8.7547748470E-01  1.6091383968E-01
</CP of DelSqRho>
<CP of DelSqRho>
CP# = 6       
Type = (3,-3)
Coords = -1.88710419453500E+00  2.65089976618335E+00  4.96911263218580E-01
DistFromNuc =  1.6750096693E-01
Rho =  2.2605058627E+01
DelSqRho =  1.2832074586E+03
GradDelSqRho = -1.0025758002E-11  9.3720586847E-12 -2.1249668691E-12
HessDelSqRho_EigVals = -4.3792130288E+05 -2.3727154717E+03 -2.0188081164E+02
HessDelSqRho_EigVec1 = -6.6125547187E-01  7.3727519256E-01  1.3844309789E-01
HessDelSqRho_EigVec2 =  7.5016005269E-01  6.4963879876E-01  1.2340715740E-01
HessDelSqRho_EigVec3 = -1.0470279245E-03 -1.8545813970E-01  9.8265160772E-01
</CP of DelSqRho>
<CP of DelSqRho>
CP# = 7       
Type = (3,+3)
Coords = -1.38330243510404E+00  2.95994154282378E+00  5.55714883682337E-01
DistFromNuc =  6.4265569488E-01
Rho =  9.2742826836E-01
DelSqRho = -4.1567649306E+00
GradDelSqRho = -7.9936057773E-15 -2.0428103653E-14 -2.3384072456E-15
HessDelSqRho_EigVals =  1.0663051185E+01  1.7636180316E+01  3.1974842263E+02
HessDelSqRho_EigVec1 = -3.1880945573E-01  9.3144573692E-01  1.7541200103E-01
HessDelSqRho_EigVec2 = -9.6665717547E-04 -1.8538855780E-01  9.8266481987E-01
HessDelSqRho_EigVec3 =  9.4781833518E-01  3.1311327312E-01  6.0004013917E-02
</CP of DelSqRho>
<CP of DelSqRho>
CP# = 8       
Type = (3,-1)
Coords = -2.36160321615165E+00  3.37782946421452E+00  6.33600921624662E-01
DistFromNuc =  7.1360830975E-01
Rho =  6.8173389866E-01
DelSqRho = -1.1712383302E+00
GradDelSqRho = -6.5208949351E-13  2.9268809598E-12  5.4971999175E-13
HessDelSqRho_EigVals = -1.8834930525E+01 -6.2427578412E+00  1.4781152648E+02
HessDelSqRho_EigVec1 = -9.3563891776E-04 -1.8540740453E-01  9.8266129410E-01
HessDelSqRho_EigVec2 =  8.6804267878E-01  4.8773007539E-01  9.2850855578E-02
HessDelSqRho_EigVec3 = -4.9648870319E-01  8.5307881694E-01  1.6048520085E-01
</CP of DelSqRho>
<CP of DelSqRho>
CP# = 9       
Type = (3,-1)
Coords = -1.81664477489521E+00  2.38432069985560E+00  1.07739103961636E+00
DistFromNuc =  7.0399027294E-01
Rho =  7.0660595915E-01
DelSqRho = -1.3913336817E+00
GradDelSqRho = -1.0130785100E-13 -2.1341262091E-13 -3.2474023470E-14
HessDelSqRho_EigVals = -1.4443200019E+01 -9.5967631724E+00  1.5872857622E+02
HessDelSqRho_EigVec1 = -6.8551518730E-01  4.7251390258E-01  5.5389488158E-01
HessDelSqRho_EigVec2 =  6.7869242695E-01  6.9010687714E-01  2.5125502527E-01
HessDelSqRho_EigVec3 =  2.6352517446E-01 -5.4816339717E-01  7.9377035245E-01
</CP of DelSqRho>
<CP of DelSqRho>
CP# = 10      
Type = (3,-1)
Coords = -1.81537734395675E+00  2.61415230253920E+00 -1.40620313616685E-01
DistFromNuc =  7.0396181358E-01
Rho =  7.0665588131E-01
DelSqRho = -1.3916958120E+00
GradDelSqRho =  1.1102230246E-15 -9.7144514655E-16  4.4408920985E-16
HessDelSqRho_EigVals = -1.4440231287E+01 -9.5981945298E+00  1.5876292094E+02
HessDelSqRho_EigVec1 =  6.8488446817E-01 -6.4178549861E-01  3.4502846119E-01
HessDelSqRho_EigVec2 =  6.7862315499E-01  7.3424857325E-01  1.8698828718E-02
HessDelSqRho_EigVec3 = -2.6533729247E-01  2.2133776553E-01  9.3840594349E-01
</CP of DelSqRho>
<CP of DelSqRho>
CP# = 11      
Type = (3,+1)
Coords = -1.81205356107528E+00  3.28603959784162E+00  1.17924782123283E-01
DistFromNuc =  6.7659492254E-01
Rho =  8.0525881668E-01
DelSqRho = -2.7231753620E+00
GradDelSqRho =  6.9944050551E-15  2.5535129566E-15 -1.9984014443E-15
HessDelSqRho_EigVals = -1.2789420348E+01  1.2528622559E+01  2.1735186571E+02
HessDelSqRho_EigVec1 =  8.6907461804E-01 -1.3653591700E-02  4.9449255577E-01
HessDelSqRho_EigVec2 = -3.6649080308E-01  6.5362922849E-01  6.6215808001E-01
HessDelSqRho_EigVec3 =  3.3225562379E-01  7.5669175435E-01 -5.6304865630E-01
</CP of DelSqRho>
<CP of DelSqRho>
CP# = 12      
Type = (3,+1)
Coords = -2.52732060070188E+00  2.46058520539035E+00  7.85753323441603E-01
DistFromNuc =  6.7062405147E-01
Rho =  8.1472113067E-01
DelSqRho = -2.6880096318E+00
GradDelSqRho =  2.3290258611E-12  3.2474023470E-13 -4.4511061503E-12
HessDelSqRho_EigVals = -7.0964239901E+00  8.7414964633E+00  2.2013688023E+02
HessDelSqRho_EigVec1 = -1.0467084567E-02  6.0682780387E-01  7.9476440320E-01
HessDelSqRho_EigVec2 = -6.0218868612E-01  6.3069280952E-01 -4.8948479683E-01
HessDelSqRho_EigVec3 =  7.9828517865E-01  4.8372161050E-01 -3.5882332294E-01
</CP of DelSqRho>
<CP of DelSqRho>
CP# = 13      
Type = (3,+1)
Coords = -2.52662160023723E+00  2.57906398396768E+00  1.57316551740891E-01
DistFromNuc =  6.7060816422E-01
Rho =  8.1476464904E-01
DelSqRho = -2.6885902392E+00
GradDelSqRho =  7.5495165675E-15 -4.0939474033E-15  4.4408920985E-16
HessDelSqRho_EigVals = -7.0887878249E+00  8.7446596244E+00  2.2017836992E+02
HessDelSqRho_EigVec1 = -9.3420092192E-03  8.5477362647E-01 -5.1891692434E-01
HessDelSqRho_EigVec2 = -6.0349181498E-01  4.0895659577E-01  6.8450867929E-01
HessDelSqRho_EigVec3 =  7.9731446501E-01  3.1955680289E-01  5.1202841095E-01
</CP of DelSqRho>
<CP of DelSqRho>
CP# = 14      
Type = (3,+3)
Coords = -2.22269765226598E+00  2.15358774913891E+00  4.02675646223882E-01
DistFromNuc =  6.7090695419E-01
Rho =  8.1639123718E-01
DelSqRho = -3.0243736149E+00
GradDelSqRho = -2.6999236180E-14 -2.9309887850E-14 -1.0158540675E-14
HessDelSqRho_EigVals =  1.8109127675E+00  1.0894614859E+01  2.2387557938E+02
HessDelSqRho_EigVec1 =  9.2680809805E-01 -3.6924059718E-01 -6.8469926118E-02
HessDelSqRho_EigVec2 = -1.2752830228E-03 -1.8541976037E-01  9.8265858065E-01
HessDelSqRho_EigVec3 =  3.7553311844E-01  9.1064861163E-01  1.7231942172E-01
</CP of DelSqRho>
<CP of DelSqRho>
CP# = 15      
Type = (3,+1)
Coords = -1.81298996003691E+00  3.10427888607246E+00  1.08139066125789E+00
DistFromNuc =  6.7659300492E-01
Rho =  8.0527750665E-01
DelSqRho = -2.7231805073E+00
GradDelSqRho = -1.2101430968E-14 -1.6459056340E-14 -2.8199664825E-14
HessDelSqRho_EigVals = -1.2791816430E+01  1.2530228998E+01  2.1734865707E+02
HessDelSqRho_EigVec1 =  8.7000019868E-01  1.6714622978E-01 -4.6385535694E-01
HessDelSqRho_EigVec2 = -3.6549687532E-01  8.5006751437E-01 -3.7920608532E-01
HessDelSqRho_EigVec3 =  3.3092550283E-01  4.9944705314E-01  8.0065033110E-01
</CP of DelSqRho>
<CP of DelSqRho>
CP# = 16      
Type = (3,+1)
Coords = -1.74273733872995E+00  2.14682136289661E+00  4.01948544905860E-01
DistFromNuc =  6.8778333613E-01
Rho =  7.8386315137E-01
DelSqRho = -2.9440884652E+00
GradDelSqRho = -5.3290705182E-15 -2.4424906542E-15  2.6402491304E-15
HessDelSqRho_EigVals = -2.1860929468E+00  1.4131949407E+01  1.9962945623E+02
HessDelSqRho_EigVec1 =  9.3189021438E-01  3.5626953660E-01  6.8210304481E-02
HessDelSqRho_EigVec2 = -1.0238025675E-03 -1.8545762485E-01  9.8265172936E-01
HessDelSqRho_EigVec3 = -3.6273899731E-01  9.1579336462E-01  1.7246139612E-01
</CP of DelSqRho>
<CP of DelSqRho>
CP# = 17      
Type = (3,+3)
Coords = -2.30149261291784E+00  3.11440084169993E+00 -1.23612423327782E-02
DistFromNuc =  7.0096830875E-01
Rho =  8.0100481293E-01
DelSqRho = -3.5369852442E+00
GradDelSqRho =  3.3306690739E-15  6.7446048746E-15 -9.4091401337E-15
HessDelSqRho_EigVals =  1.3348447657E+01  2.4133365339E+01  1.7141478589E+02
HessDelSqRho_EigVec1 =  7.3784641807E-01  6.7488953261E-01 -1.0333543480E-02
HessDelSqRho_EigVec2 = -5.1808993320E-01  5.7609989569E-01  6.3221177725E-01
HessDelSqRho_EigVec3 =  4.3262626418E-01 -4.6112149046E-01  7.7472671735E-01
</CP of DelSqRho>
<CP of DelSqRho>
CP# = 18      
Type = (3,+3)
Coords = -2.30259063989468E+00  2.89715946758735E+00  1.13929172071583E+00
DistFromNuc =  7.0098069551E-01
Rho =  8.0101030043E-01
DelSqRho = -3.5371608038E+00
GradDelSqRho =  3.3861802251E-15 -6.3837823916E-16  1.3877787808E-15
HessDelSqRho_EigVals =  1.3355359679E+01  2.4139974477E+01  1.7138660444E+02
HessDelSqRho_EigVec1 =  7.3770864492E-01  6.2433989566E-01  2.5687672120E-01
HessDelSqRho_EigVec2 =  5.1696885525E-01 -7.6711826290E-01  3.7983255974E-01
HessDelSqRho_EigVec3 = -4.3419944486E-01  1.4740849844E-01  8.8867405536E-01
</CP of DelSqRho>
<CP of DelSqRho>
CP# = 19      
Type = (3,-3)
Coords = -3.12625225134412E+00  3.07069152328574E+00  5.74969943459135E-01
DistFromNuc =  1.1681085557E+00
Rho =  2.4124286447E-01
DelSqRho =  8.4301205413E-01
GradDelSqRho =  1.3397564308E-12 -1.6666355795E-13 -3.0073166180E-14
HessDelSqRho_EigVals = -1.8096886118E+01 -1.9356225298E+00 -9.8033045962E-02
HessDelSqRho_EigVec1 =  9.6681960058E-01 -2.5119454390E-01 -4.6488289433E-02
HessDelSqRho_EigVec2 = -9.0610359324E-04 -1.8534952831E-01  9.8267224003E-01
HessDelSqRho_EigVec3 =  2.5545848766E-01  9.5002465940E-01  1.7942716521E-01
</CP of DelSqRho>
<CP of DelSqRho>
CP# = 20      
Type = (3,-3)
Coords = -2.33369363098646E+00  3.85650662588914E+00  7.24032093706480E-01
DistFromNuc =  1.1510997559E+00
Rho =  2.3895938223E-01
DelSqRho =  8.7031806197E-01
GradDelSqRho =  1.2836953722E-16 -2.4286128664E-16  1.3704315460E-16
HessDelSqRho_EigVals = -1.8128315971E+01 -1.7475440715E+00 -2.4993622765E-01
HessDelSqRho_EigVec1 = -2.8503051711E-01  9.4194152653E-01  1.7749299963E-01
HessDelSqRho_EigVec2 = -1.0487081922E-03 -1.8548066461E-01  9.8264735448E-01
HessDelSqRho_EigVec3 =  9.5851786865E-01  2.7989834522E-01  5.3855471543E-02
</CP of DelSqRho>
<CP of DelSqRho>
CP# = 21      
Type = (3,+1)
Coords = -1.43135275299470E+00  1.67550061686766E+00  3.13660681155824E-01
DistFromNuc =  1.2535239310E+00
Rho =  2.4463162404E-01
DelSqRho =  3.3039921807E-01
GradDelSqRho =  1.8977874827E-15  5.3047843895E-15  1.8440110550E-15
HessDelSqRho_EigVals = -8.1330845186E+00  6.7588156527E-01  1.3045393080E+00
HessDelSqRho_EigVec1 = -4.2578002538E-01  8.8926871636E-01  1.6707040457E-01
HessDelSqRho_EigVec2 =  9.0482604800E-01  4.1823579624E-01  7.9803769325E-02
HessDelSqRho_EigVec3 = -1.0921718269E-03 -1.8514850483E-01  9.8270994618E-01
</CP of DelSqRho>
<CP of DelSqRho>
CP# = 22      
Type = (3,+1)
Coords = -2.51541649379819E+00  3.04943070783407E+00  1.55267442218544E+00
DistFromNuc =  1.1873362010E+00
Rho =  3.8035453565E-01
DelSqRho = -7.7484538493E-01
GradDelSqRho =  1.5473733406E-14 -6.7367986190E-14  2.7400304248E-13
HessDelSqRho_EigVals = -2.4638254141E+01  1.2010306547E+01  1.2410250799E+01
HessDelSqRho_EigVec1 = -4.4009297981E-01  2.4802561779E-01  8.6301880747E-01
HessDelSqRho_EigVec2 =  7.2775294607E-01  6.6152533597E-01  1.8099690425E-01
HessDelSqRho_EigVec3 =  5.2601693757E-01 -7.0771994658E-01  4.7163403038E-01
</CP of DelSqRho>
<CP of DelSqRho>
CP# = 23      
Type = (3,-1)
Coords = -2.58945383595152E+00  1.98943287905894E+00  1.17932938825039E+00
DistFromNuc =  1.1837592213E+00
Rho =  2.3821663754E-01
DelSqRho =  7.2133424152E-01
GradDelSqRho =  2.3505503099E-16  1.2281842210E-15 -6.9735883734E-16
HessDelSqRho_EigVals = -1.6814636064E+01 -1.3616307131E+00  3.0629303403E-01
HessDelSqRho_EigVec1 =  4.8240961418E-01  6.9115530727E-01 -5.3813130868E-01
HessDelSqRho_EigVec2 = -2.6710792063E-01  7.0115471171E-01  6.6108655181E-01
HessDelSqRho_EigVec3 =  8.3422678145E-01 -1.7517537351E-01  5.2285683091E-01
</CP of DelSqRho>
<CP of DelSqRho>
CP# = 24      
Type = (3,-1)
Coords = -1.37768151316980E+00  3.50577791235390E+00 -1.71298986960055E-01
DistFromNuc =  1.1819613819E+00
Rho =  2.3852614807E-01
DelSqRho =  7.5156585156E-01
GradDelSqRho = -1.8353374376E-15 -2.3800406090E-15  3.3202607330E-15
HessDelSqRho_EigVals = -1.7757530173E+01 -1.1335184142E+00  2.2657594356E-01
HessDelSqRho_EigVec1 =  5.4561662565E-01  6.0688032368E-01 -5.7792626740E-01
HessDelSqRho_EigVec2 =  8.3192403144E-01 -3.0910937722E-01  4.6081861814E-01
HessDelSqRho_EigVec3 =  1.0101932354E-01 -7.3222104972E-01 -6.7353354083E-01
</CP of DelSqRho>
<CP of DelSqRho>
CP# = 25      
Type = (3,-3)
Coords = -1.64990909721417E+00  2.29251200529767E+00  1.51107708797155E+00
DistFromNuc =  1.1555402969E+00
Rho =  2.4324483353E-01
DelSqRho =  8.0689213964E-01
GradDelSqRho = -2.7556082416E-13 -4.2047094972E-12  4.7740006393E-12
HessDelSqRho_EigVals = -1.7422263524E+01 -1.5207770576E+00 -3.6529961278E-01
HessDelSqRho_EigVec1 =  3.2239316437E-01 -4.4467404822E-01  8.3566000168E-01
HessDelSqRho_EigVec2 = -6.7746930679E-01  5.0818010646E-01  5.3177844799E-01
HessDelSqRho_EigVec3 =  6.6113386385E-01  7.3757573864E-01  1.3741922660E-01
</CP of DelSqRho>
<CP of DelSqRho>
CP# = 26      
Type = (3,-3)
Coords = -1.64787910386345E+00  2.68649286009738E+00 -5.77644338983124E-01
DistFromNuc =  1.1555150072E+00
Rho =  2.4323297554E-01
DelSqRho =  8.0695495767E-01
GradDelSqRho = -2.1222607005E-14  5.7558124933E-15  4.7614689969E-14
HessDelSqRho_EigVals = -1.7425542120E+01 -1.5194349923E+00 -3.6537504112E-01
HessDelSqRho_EigVec1 = -3.2411892564E-01  1.0980367517E-01  9.3962230442E-01
HessDelSqRho_EigVec2 =  6.7659216342E-01 -6.6728843442E-01  3.1136664831E-01
HessDelSqRho_EigVec3 =  6.6118829877E-01  7.3666091128E-01  1.4198850432E-01
</CP of DelSqRho>
<CP of DelSqRho>
CP# = 27      
Type = (3,-1)
Coords = -2.58818530172504E+00  2.28380276532006E+00 -3.80765051766526E-01
DistFromNuc =  1.1837558585E+00
Rho =  2.3820711384E-01
DelSqRho =  7.2136538886E-01
GradDelSqRho = -2.9056618223E-17 -9.2807705965E-16  3.4694469520E-17
HessDelSqRho_EigVals = -1.6817252946E+01 -1.3603544213E+00  3.0620572167E-01
HessDelSqRho_EigVec1 =  4.8137689663E-01  4.4738749537E-01  7.5373782735E-01
HessDelSqRho_EigVec2 =  2.6603787880E-01 -8.9393583605E-01  3.6069733581E-01
HessDelSqRho_EigVec3 = -8.3516473252E-01 -2.6891448622E-02  5.4934207881E-01
</CP of DelSqRho>
<CP of DelSqRho>
CP# = 28      
Type = (3,-1)
Coords = -1.37928476668557E+00  3.20307494634532E+00  1.43179520970996E+00
DistFromNuc =  1.1819671350E+00
Rho =  2.3853733298E-01
DelSqRho =  7.5155874061E-01
GradDelSqRho = -3.7157776855E-13 -3.9300854238E-13 -4.4365899843E-13
HessDelSqRho_EigVals = -1.7756499225E+01 -1.1343983796E+00  2.2657595461E-01
HessDelSqRho_EigVec1 =  5.4429165625E-01  3.5414571109E-01  7.6047840749E-01
HessDelSqRho_EigVec2 =  8.3293290390E-01 -1.2024734211E-01 -5.4015123282E-01
HessDelSqRho_EigVec3 = -9.9846735205E-02  9.2742729744E-01 -3.6042924054E-01
</CP of DelSqRho>
<CP of DelSqRho>
CP# = 29      
Type = (3,-1)
Coords = -3.00902687344977E+00  3.34729588743486E+00  6.27263060317728E-01
DistFromNuc =  1.1672143344E+00
Rho =  2.4360710309E-01
DelSqRho =  8.4145592408E-01
GradDelSqRho =  2.0469737017E-15 -6.6266436782E-16 -1.9428902931E-16
HessDelSqRho_EigVals = -1.7186766129E+01 -2.9478911676E+00  9.6311619895E-02
HessDelSqRho_EigVec1 =  8.6169213143E-01 -4.9878197785E-01 -9.3290992049E-02
HessDelSqRho_EigVec2 = -9.3598524057E-04 -1.8541148312E-01  9.8266052422E-01
HessDelSqRho_EigVec3 =  5.0743058102E-01  8.4666352260E-01  1.6023446865E-01
</CP of DelSqRho>
<CP of DelSqRho>
CP# = 30      
Type = (3,-1)
Coords = -3.07995923989166E+00  3.93208021007255E+00  1.79673265776573E+00
DistFromNuc =  2.0349184472E+00
Rho =  6.5467228328E-02
DelSqRho =  1.8438188830E-01
GradDelSqRho =  2.3849412029E-13  4.9225814397E-13 -2.4413717575E-13
HessDelSqRho_EigVals = -2.3343121948E+00 -1.2304088690E-02  4.4663738111E-01
HessDelSqRho_EigVec1 = -4.9817969326E-01  8.6268453073E-01  8.7134342568E-02
HessDelSqRho_EigVec2 =  8.4494658632E-01  4.6045120021E-01  2.7212122021E-01
HessDelSqRho_EigVec3 = -1.9463365454E-01 -2.0918913132E-01  9.5830978700E-01
</CP of DelSqRho>
<CP of DelSqRho>
CP# = 31      
Type = (3,-1)
Coords = -9.75961576474855E-01  1.62602677629105E+00  6.76886155297826E-01
DistFromNuc =  1.5451827526E+00
Rho =  1.3998378687E-01
DelSqRho =  3.1347243125E-01
GradDelSqRho = -6.9735883734E-16  1.1622647289E-15  1.3877787808E-16
HessDelSqRho_EigVals = -5.1250024611E-01 -1.8120619661E-01  4.8225575720E+00
HessDelSqRho_EigVec1 =  7.6499895084E-01  4.3207881493E-01  4.7758193317E-01
HessDelSqRho_EigVec2 = -2.9251209019E-01 -4.2754536381E-01  8.5536053157E-01
HessDelSqRho_EigVec3 = -5.7377110619E-01  7.9404839876E-01  2.0068347747E-01
</CP of DelSqRho>
<CP of DelSqRho>
CP# = 32      
Type = (3,-1)
Coords = -9.74986494061297E-01  1.76134797565760E+00 -4.09039381848574E-02
DistFromNuc =  1.5450703584E+00
Rho =  1.4002761499E-01
DelSqRho =  3.1341899597E-01
GradDelSqRho = -1.2212453271E-15 -1.3836154444E-14  1.1430613400E-13
HessDelSqRho_EigVals = -5.1233506380E-01 -1.8041829652E-01  4.8224592069E+00
HessDelSqRho_EigVec1 = -7.6620156877E-01 -5.7593801449E-01  2.8500975329E-01
HessDelSqRho_EigVec2 =  2.8963471027E-01  8.6400224140E-02  9.5322963439E-01
HessDelSqRho_EigVec3 = -5.7362608955E-01  8.1291475859E-01  1.0061165268E-01
</CP of DelSqRho>
<CP of DelSqRho>
CP# = 33      
Type = (3,-1)
Coords = -3.07791695151802E+00  4.31830520884450E+00 -2.48900897561648E-01
DistFromNuc =  2.0350612737E+00
Rho =  6.5449741504E-02
DelSqRho =  1.8432694791E-01
GradDelSqRho = -3.3740371608E-16  2.9403562918E-16  4.3368086899E-18
HessDelSqRho_EigVals = -2.3339538835E+00 -1.2333803991E-02  4.4640676976E-01
HessDelSqRho_EigVec1 = -4.9817261901E-01  8.3535832248E-01  2.3238010829E-01
HessDelSqRho_EigVec2 =  8.4535886969E-01  5.2753515939E-01 -8.4113239429E-02
HessDelSqRho_EigVec3 =  1.9285337205E-01 -1.5454167290E-01  9.6898113925E-01
</CP of DelSqRho>
<CP of DelSqRho>
CP# = 34      
Type = (3,+1)
Coords = -3.00831497715641E+00  2.38537215820573E+00  2.26291128999143E+00
DistFromNuc =  2.0518893095E+00
Rho =  6.4228648804E-02
DelSqRho =  1.7076121627E-01
GradDelSqRho =  4.1850203858E-17 -4.8181944545E-16 -1.2988742026E-16
HessDelSqRho_EigVals = -1.7768298382E+00  1.1726742762E-02  5.2557243051E-01
HessDelSqRho_EigVec1 = -4.4091709309E-01 -6.2965663048E-01  6.3962852088E-01
HessDelSqRho_EigVec2 =  8.5851188396E-01 -8.7982868536E-02  5.0518942975E-01
HessDelSqRho_EigVec3 =  2.6181952203E-01 -7.7187534132E-01 -5.7936085072E-01
</CP of DelSqRho>
<CP of DelSqRho>
CP# = 35      
Type = (3,+1)
Coords = -3.00667204742790E+00  3.04767327145576E+00 -1.24563439721616E+00
DistFromNuc =  2.0520003571E+00
Rho =  6.4208753986E-02
DelSqRho =  1.7071928866E-01
GradDelSqRho =  1.2841290531E-15  4.3931872029E-16  2.6951097604E-15
HessDelSqRho_EigVals = -1.7762591439E+00  1.1717208583E-02  5.2544185015E-01
HessDelSqRho_EigVec1 =  4.4108621468E-01  3.5315254253E-01  8.2506135101E-01
HessDelSqRho_EigVec2 =  8.5905663012E-01  9.9926671662E-02 -5.0203223655E-01
HessDelSqRho_EigVec3 = -2.5973959549E-01  9.3021392270E-01 -2.5930175576E-01
</CP of DelSqRho>
<Path of -GradDelSqRho>
Starting CP# =      2
Ending CP# =      0
Number of Points =    400
 -9.3076987854E-01  1.7394643175E+00  3.2571661720E-01  1.5655231670E-01  3.0956589949E-01
 -9.1000864583E-01  1.7531493295E+00  3.2830340541E-01  1.5457718548E-01  3.0940819027E-01
 -8.8924741872E-01  1.7668343565E+00  3.3089019560E-01  1.5248119960E-01  3.0893239173E-01
 -8.6849018822E-01  1.7805252334E+00  3.3347810262E-01  1.5027279552E-01  3.0813674224E-01
 -8.4774046209E-01  1.7942270846E+00  3.3606810605E-01  1.4796032117E-01  3.0702246094E-01
 -8.2700125427E-01  1.8079442960E+00  3.3866104499E-01  1.4555199658E-01  3.0559367821E-01
 -8.0627507531E-01  1.8216804991E+00  3.4125761513E-01  1.4305588218E-01  3.0385730474E-01
 -7.8556392460E-01  1.8354385607E+00  3.4385836682E-01  1.4047985374E-01  3.0182284497E-01
 -7.6486928283E-01  1.8492205760E+00  3.4646370382E-01  1.3783158254E-01  2.9950216217E-01
 -7.4419210342E-01  1.8630278617E+00  3.4907388204E-01  1.3511851954E-01  2.9690920314E-01
 -7.2353280177E-01  1.8768609484E+00  3.5168900807E-01  1.3234788300E-01  2.9405969115E-01
 -7.0289124207E-01  1.8907195696E+00  3.5430903708E-01  1.2952664872E-01  2.9097079591E-01
 -6.8226672111E-01  1.9046026471E+00  3.5693377010E-01  1.2666154249E-01  2.8766078953E-01
 -6.6165794923E-01  1.9185082718E+00  3.5956285035E-01  1.2375903462E-01  2.8414869711E-01
 -6.4106302875E-01  1.9324336804E+00  3.6219575871E-01  1.2082533632E-01  2.8045394994E-01
 -6.2047943059E-01  1.9463752263E+00  3.6483180843E-01  1.1786639797E-01  2.7659604923E-01
 -5.9990397012E-01  1.9603283488E+00  3.6747013898E-01  1.1488790940E-01  2.7259424681E-01
 -5.7933278381E-01  1.9742875379E+00  3.7010970963E-01  1.1189530224E-01  2.6846724884E-01
 -5.5876130877E-01  1.9882462991E+00  3.7274929264E-01  1.0889375479E-01  2.6423294764E-01
 -5.3818426787E-01  2.0021971200E+00  3.7538746700E-01  1.0588819944E-01  2.5990818542E-01
 -5.1759566347E-01  2.0161314416E+00  3.7802261299E-01  1.0288333305E-01  2.5550855309E-01
 -4.9698878394E-01  2.0300396384E+00  3.8065290849E-01  9.9883630413E-02  2.5104822635E-01
 -4.7635622711E-01  2.0439110132E+00  3.8327632805E-01  9.6893361022E-02  2.4653984025E-01
 -4.5568994557E-01  2.0577338122E+00  3.8589064578E-01  9.3916609021E-02  2.4199440292E-01
 -4.3498131861E-01  2.0714952668E+00  3.8849344345E-01  9.0957296152E-02  2.3742124846E-01
 -4.1422125541E-01  2.0851816710E+00  3.9108212520E-01  8.8019207125E-02  2.3282802839E-01
 -3.9340033287E-01  2.0987785009E+00  3.9365394029E-01  8.5106016490E-02  2.2822074091E-01
 -3.7250896989E-01  2.1122705839E+00  3.9620601533E-01  8.2221315657E-02  2.2360379676E-01
 -3.5153763725E-01  2.1256423237E+00  3.9873539687E-01  7.9368638280E-02  2.1898012032E-01
 -3.3047709857E-01  2.1388779818E+00  4.0123910491E-01  7.6551481830E-02  2.1435128413E-01
 -3.0931867404E-01  2.1519620156E+00  4.0371419693E-01  7.3773322926E-02  2.0971767485E-01
 -2.8805451408E-01  2.1648794655E+00  4.0615784110E-01  7.1037624002E-02  2.0507868781E-01
 -2.6667786645E-01  2.1776163748E+00  4.0856739589E-01  6.8347829225E-02  2.0043294652E-01
 -2.4518331795E-01  2.1901602258E+00  4.1094049235E-01  6.5707348264E-02  1.9577854220E-01
 -2.2356699135E-01  2.2025003622E+00  4.1327511409E-01  6.3119527626E-02  1.9111328706E-01
 -2.0182668063E-01  2.2146283718E+00  4.1556966938E-01  6.0587610589E-02  1.8643497344E-01
 -1.7996191225E-01  2.2265383982E+00  4.1782305003E-01  5.8114688180E-02  1.8174162951E-01
 -1.5797392744E-01  2.2382273580E+00  4.2003467222E-01  5.5703644849E-02  1.7703176132E-01
 -1.3586558804E-01  2.2496950449E+00  4.2220449607E-01  5.3357103288E-02  1.7230457069E-01
 -1.1364121615E-01  2.2609441145E+00  4.2433302255E-01  5.1077373001E-02  1.6756013899E-01
 -9.1306383564E-02  2.2719799533E+00  4.2642126862E-01  4.8866406822E-02  1.6279956848E-01
 -6.8867670090E-02  2.2828104459E+00  4.2847072310E-01  4.6725768568E-02  1.5802507538E-01
 -4.6332410405E-02  2.2934456631E+00  4.3048328766E-01  4.4656613698E-02  1.5324003159E-01
 -2.3708446875E-02  2.3038974961E+00  4.3246120769E-01  4.2659683477E-02  1.4844895544E-01
 -1.0039020971E-03  2.3141792650E+00  4.3440699823E-01  4.0735311872E-02  1.4365745465E-01
  2.1773019605E-02  2.3243053243E+00  4.3632336965E-01  3.8883443487E-02  1.3887212758E-01
  4.4614196954E-02  2.3342906884E+00  4.3821315671E-01  3.7103660249E-02  1.3410043019E-01
  6.7511721761E-02  2.3441506892E+00  4.4007925412E-01  3.5395214364E-02  1.2935051784E-01
  9.0457996048E-02  2.3539006775E+00  4.4192456007E-01  3.3757065134E-02  1.2463107088E-01
  1.1344579986E-01  2.3635557704E+00  4.4375192869E-01  3.2187917496E-02  1.1995111283E-01
  1.3646833431E-01  2.3731306483E+00  4.4556413165E-01  3.0686260532E-02  1.1531982912E-01
  1.5951924459E-01  2.3826393954E+00  4.4736382822E-01  2.9250404628E-02  1.1074639308E-01
  1.8259262748E-01  2.3920953832E+00  4.4915354321E-01  2.7878516330E-02  1.0623980450E-01
  2.0568302724E-01  2.4015111895E+00  4.5093565179E-01  2.6568650333E-02  1.0180874485E-01
  2.2878542337E-01  2.4108985487E+00  4.5271237007E-01  2.5318778264E-02  9.7461451555E-02
  2.5189521270E-01  2.4202683269E+00  4.5448575052E-01  2.4126814203E-02  9.3205612924E-02
  2.7500818802E-01  2.4296305186E+00  4.5625768126E-01  2.2990636966E-02  8.9048283984E-02
  2.9812051473E-01  2.4389942588E+00  4.5802988848E-01  2.1908109342E-02  8.4995822813E-02
  3.2122870658E-01  2.4483678487E+00  4.5980394114E-01  2.0877094505E-02  8.1053846267E-02
  3.4432960117E-01  2.4577587896E+00  4.6158125755E-01  1.9895469852E-02  7.7227203528E-02
  3.6742033588E-01  2.4671738248E+00  4.6336311314E-01  1.8961138553E-02  7.3519965640E-02
  3.9049832425E-01  2.4766189853E+00  4.6515064921E-01  1.8072039071E-02  6.9935429001E-02
  4.1356123318E-01  2.4860996400E+00  4.6694488226E-01  1.7226152911E-02  6.6476130769E-02
  4.3660696086E-01  2.4956205463E+00  4.6874671367E-01  1.6421510825E-02  6.3143874122E-02
  4.5963361545E-01  2.5051859027E+00  4.7055693952E-01  1.5656197698E-02  5.9939761473E-02
  4.8263949448E-01  2.5147994009E+00  4.7237626052E-01  1.4928356291E-02  5.6864233832E-02
  5.0562306491E-01  2.5244642781E+00  4.7420529174E-01  1.4236190019E-02  5.3917114710E-02
  5.2858294366E-01  2.5341833676E+00  4.7604457228E-01  1.3577964900E-02  5.1097657128E-02
  5.5151787876E-01  2.5439591489E+00  4.7789457466E-01  1.2952010807E-02  4.8404592496E-02
  5.7442673084E-01  2.5537937963E+00  4.7975571397E-01  1.2356722131E-02  4.5836180297E-02
  5.9730845495E-01  2.5636892256E+00  4.8162835668E-01  1.1790557951E-02  4.3390257693E-02
  6.2016208282E-01  2.5736471392E+00  4.8351282923E-01  1.1252041779E-02  4.1064288340E-02
  6.4298670524E-01  2.5836690701E+00  4.8540942617E-01  1.0739760967E-02  3.8855409815E-02
  6.6578145483E-01  2.5937564230E+00  4.8731841806E-01  1.0252365812E-02  3.6760479233E-02
  6.8854548890E-01  2.6039105146E+00  4.8924005898E-01  9.7885684291E-03  3.4776116686E-02
  7.1127797266E-01  2.6141326116E+00  4.9117459371E-01  9.3471414232E-03  3.2898746288E-02
  7.3397806248E-01  2.6244239668E+00  4.9312226455E-01  8.9269163945E-03  3.1124634651E-02
  7.5664488951E-01  2.6347858533E+00  4.9508331779E-01  8.5267823167E-03  2.9449926703E-02
  7.7927754343E-01  2.6452195973E+00  4.9705800982E-01  8.1456838082E-03  2.7870678800E-02
  8.0187505645E-01  2.6557266086E+00  4.9904661290E-01  7.7826193231E-03  2.6382889152E-02
  8.2443638763E-01  2.6663084087E+00  5.0104942048E-01  7.4366392804E-03  2.4982525590E-02
  8.4696040749E-01  2.6769666575E+00  5.0306675218E-01  7.1068441499E-03  2.3665550738E-02
  8.6944588306E-01  2.6877031773E+00  5.0509895832E-01  6.7923825110E-03  2.2427944693E-02
  8.9189146347E-01  2.6985199743E+00  5.0714642391E-01  6.4924490972E-03  2.1265725299E-02
  9.1429566609E-01  2.7094192575E+00  5.0920957220E-01  6.2062828390E-03  2.0174966129E-02
  9.3665686360E-01  2.7204034542E+00  5.1128886760E-01  5.9331649159E-03  1.9151812308E-02
  9.5897327206E-01  2.7314752223E+00  5.1338481790E-01  5.6724168277E-03  1.8192494285E-02
  9.8124294029E-01  2.7426374587E+00  5.1549797578E-01  5.4233984922E-03  1.7293339688E-02
  1.0034637409E+00  2.7538933027E+00  5.1762893944E-01  5.1855063779E-03  1.6450783390E-02
  1.0256333635E+00  2.7652461346E+00  5.1977835222E-01  4.9581716777E-03  1.5661375909E-02
  1.0477493100E+00  2.7766995685E+00  5.2194690120E-01  4.7408585289E-03  1.4921790257E-02
  1.0698088936E+00  2.7882574388E+00  5.2413531446E-01  4.5330622835E-03  1.4228827378E-02
  1.0918092406E+00  2.7999237794E+00  5.2634435714E-01  4.3343078338E-03  1.3579420271E-02
  1.1137472970E+00  2.8117027953E+00  5.2857482596E-01  4.1441479944E-03  1.2970636924E-02
  1.1356198396E+00  2.8235988262E+00  5.3082754219E-01  3.9621619435E-03  1.2399682161E-02
  1.1574234923E+00  2.8356163021E+00  5.3310334321E-01  3.7879537242E-03  1.1863898512E-02
  1.1791547487E+00  2.8477596900E+00  5.3540307230E-01  3.6211508056E-03  1.1360766193E-02
  1.2008100005E+00  2.8600334334E+00  5.3772756714E-01  3.4614027044E-03  1.0887902304E-02
  1.2223855725E+00  2.8724418842E+00  5.4007764688E-01  3.3083796642E-03  1.0443059322E-02
  1.2438777642E+00  2.8849892291E+00  5.4245409814E-01  3.1617713927E-03  1.0024122969E-02
  1.2652828967E+00  2.8976794116E+00  5.4485766031E-01  3.0212858543E-03  9.6291095516E-03
  1.2865973658E+00  2.9105160522E+00  5.4728901040E-01  2.8866481158E-03  9.2561628080E-03
  1.3078176985E+00  2.9235023696E+00  5.4974874819E-01  2.7575992443E-03  8.9035503628E-03
  1.3289406126E+00  2.9366411045E+00  5.5223738198E-01  2.6338952545E-03  8.5696598246E-03
  1.3499630768E+00  2.9499344512E+00  5.5475531564E-01  2.5153061054E-03  8.2529945907E-03
  1.3708823697E+00  2.9633839973E+00  5.5730283754E-01  2.4016147445E-03  7.9521694064E-03
  1.3916961354E+00  2.9769906772E+00  5.5988011172E-01  2.2926161998E-03  7.6659057227E-03
  1.4124024326E+00  2.9907547387E+00  5.6248717194E-01  2.1881167194E-03  7.3930268952E-03
  1.4329997762E+00  3.0046757264E+00  5.6512391872E-01  2.0879329584E-03  7.1324532619E-03
  1.4534871687E+00  3.0187524818E+00  5.6779011955E-01  1.9918912145E-03  6.8831971351E-03
  1.4738641207E+00  3.0329831599E+00  5.7048541236E-01  1.8998267120E-03  6.6443577430E-03
  1.4941306585E+00  3.0473652622E+00  5.7320931188E-01  1.8115829337E-03  6.4151161515E-03
  1.5142873204E+00  3.0618956837E+00  5.7596121874E-01  1.7270110015E-03  6.1947301990E-03
  1.5343351399E+00  3.0765707710E+00  5.7874043077E-01  1.6459691042E-03  5.9825294719E-03
  1.5542756192E+00  3.0913863911E+00  5.8154615602E-01  1.5683219702E-03  5.7779103510E-03
  1.5741106924E+00  3.1063380054E+00  5.8437752690E-01  1.4939403858E-03  5.5803311539E-03
  1.5938426815E+00  3.1214207466E+00  5.8723361493E-01  1.4227007535E-03  5.3893073981E-03
  1.6134742464E+00  3.1366294977E+00  5.9011344554E-01  1.3544846908E-03  5.2044072081E-03
  1.6330083323E+00  3.1519589671E+00  5.9301601242E-01  1.2891786649E-03  5.0252468845E-03
  1.6524481146E+00  3.1674037608E+00  5.9594029118E-01  1.2266736607E-03  4.8514866533E-03
  1.6717969447E+00  3.1829584491E+00  5.9888525178E-01  1.1668648807E-03  4.6828266077E-03
  1.6910582980E+00  3.1986176255E+00  6.0184986979E-01  1.1096514723E-03  4.5190028549E-03
  1.7102357241E+00  3.2143759595E+00  6.0483313613E-01  1.0549362815E-03  4.3597838745E-03
  1.7293328020E+00  3.2302282403E+00  6.0783406539E-01  1.0026256304E-03  4.2049670931E-03
  1.7483531000E+00  3.2461694140E+00  6.1085170271E-01  9.5262911536E-04  4.0543756784E-03
  1.7673001399E+00  3.2621946130E+00  6.1388512920E-01  9.0485942630E-04  3.9078555525E-03
  1.7861773674E+00  3.2782991784E+00  6.1693346613E-01  8.5923218261E-04  3.7652726212E-03
  1.8049881268E+00  3.2944786765E+00  6.1999587794E-01  8.1566578623E-04  3.6265102168E-03
  1.8237356412E+00  3.3107289095E+00  6.2307157416E-01  7.7408128944E-04  3.4914667475E-03
  1.8424229967E+00  3.3270459219E+00  6.2615981053E-01  7.3440227611E-04  3.3600535480E-03
  1.8610531311E+00  3.3434260020E+00  6.2925988923E-01  6.9655475530E-04  3.2321929222E-03
  1.8796288258E+00  3.3598656809E+00  6.3237115860E-01  6.6046706577E-04  3.1078163715E-03
  1.8981527015E+00  3.3763617286E+00  6.3549301225E-01  6.2606979048E-04  2.9868629968E-03
  1.9166272160E+00  3.3929111468E+00  6.3862488785E-01  5.9329567974E-04  2.8692780686E-03
  1.9350546647E+00  3.4095111618E+00  6.4176626549E-01  5.6207958220E-04  2.7550117520E-03
  1.9534371824E+00  3.4261592148E+00  6.4491666596E-01  5.3235838256E-04  2.6440179792E-03
  1.9717767478E+00  3.4428529518E+00  6.4807564872E-01  5.0407094519E-04  2.5362534597E-03
  1.9900751874E+00  3.4595902128E+00  6.5124280989E-01  4.7715806279E-04  2.4316768171E-03
  2.0083341822E+00  3.4763690210E+00  6.5441778012E-01  4.5156240939E-04  2.3302478447E-03
  2.0265552737E+00  3.4931875716E+00  6.5760022243E-01  4.2722849681E-04  2.2319268704E-03
  2.0447398707E+00  3.5100442204E+00  6.6078983015E-01  4.0410263425E-04  2.1366742207E-03
  2.0628892568E+00  3.5269374733E+00  6.6398632481E-01  3.8213289014E-04  2.0444497771E-03
  2.0810045975E+00  3.5438659758E+00  6.6718945413E-01  3.6126905598E-04  1.9552126150E-03
  2.0990869477E+00  3.5608285024E+00  6.7039899011E-01  3.4146261165E-04  1.8689207183E-03
  2.1171372585E+00  3.5778239470E+00  6.7361472713E-01  3.2266669173E-04  1.7855307609E-03
  2.1351563850E+00  3.5948513139E+00  6.7683648021E-01  3.0483605269E-04  1.7049979496E-03
  2.1531450925E+00  3.6119097085E+00  6.8006408335E-01  2.8792704057E-04  1.6272759198E-03
  2.1711040636E+00  3.6289983290E+00  6.8329738790E-01  2.7189755886E-04  1.5523166789E-03
  2.1890339043E+00  3.6461164588E+00  6.8653626111E-01  2.5670703661E-04  1.4800705911E-03
  2.2069351503E+00  3.6632634592E+00  6.8978058473E-01  2.4231639638E-04  1.4104863977E-03
  2.2248082724E+00  3.6804387619E+00  6.9303025373E-01  2.2868802217E-04  1.3435112683E-03
  2.2426536824E+00  3.6976418634E+00  6.9628517502E-01  2.1578572700E-04  1.2790908774E-03
  2.2604717379E+00  3.7148723184E+00  6.9954526640E-01  2.0357472036E-04  1.2171695029E-03
  2.2782627473E+00  3.7321297343E+00  7.0281045545E-01  1.9202157524E-04  1.1576901418E-03
  2.2960269741E+00  3.7494137663E+00  7.0608067859E-01  1.8109419500E-04  1.1005946399E-03
  2.3137646416E+00  3.7667241127E+00  7.0935588017E-01  1.7076177982E-04  1.0458238314E-03
  2.3314759362E+00  3.7840605098E+00  7.1263601165E-01  1.6099479300E-04  9.9331768714E-04
  2.3491610115E+00  3.8014227288E+00  7.1592103081E-01  1.5176492700E-04  9.4301546638E-04
  2.3668199916E+00  3.8188105711E+00  7.1921090106E-01  1.4304506925E-04  8.9485587231E-04
  2.3844529743E+00  3.8362238658E+00  7.2250559081E-01  1.3480926797E-04  8.4877720735E-04
  2.4020600339E+00  3.8536624655E+00  7.2580507285E-01  1.2703269779E-04  8.0471752735E-04
  2.4196412238E+00  3.8711262445E+00  7.2910932381E-01  1.1969162547E-04  7.6261479294E-04
  2.4371965795E+00  3.8886150952E+00  7.3241832367E-01  1.1276337557E-04  7.2240701662E-04
  2.4547261202E+00  3.9061289262E+00  7.3573205532E-01  1.0622629640E-04  6.8403240466E-04
  2.4722298512E+00  3.9236676601E+00  7.3905050414E-01  1.0005972601E-04  6.4742949268E-04
  2.4897077661E+00  3.9412312313E+00  7.4237365761E-01  9.4243958494E-05  6.1253727440E-04
  2.5071598480E+00  3.9588195843E+00  7.4570150501E-01  8.8760210642E-05  5.7929532279E-04
  2.5245860713E+00  3.9764326722E+00  7.4903403706E-01  8.3590588890E-05  5.4764390334E-04
  2.5419864031E+00  3.9940704550E+00  7.5237124574E-01  7.8718056741E-05  5.1752407903E-04
  2.5593608049E+00  4.0117328984E+00  7.5571312394E-01  7.4126402649E-05  4.8887780690E-04
  2.5767092328E+00  4.0294199727E+00  7.5905966535E-01  6.9800208426E-05  4.6164802613E-04
  2.5940316397E+00  4.0471316519E+00  7.6241086419E-01  6.5724818214E-05  4.3577873763E-04
  2.6113279751E+00  4.0648679124E+00  7.6576671509E-01  6.1886308077E-05  4.1121507516E-04
  2.6285981867E+00  4.0826287327E+00  7.6912721293E-01  5.8271456216E-05  3.8790336826E-04
  2.6458422207E+00  4.1004140923E+00  7.7249235271E-01  5.4867713875E-05  3.6579119715E-04
  2.6630600225E+00  4.1182239715E+00  7.7586212949E-01  5.1663176944E-05  3.4482743978E-04
  2.6802515370E+00  4.1360583508E+00  7.7923653825E-01  4.8646558279E-05  3.2496231147E-04
