 AIMInt (Version 19.02.13, Professional)
 Portions Copyright (c) 1997-2019 by Todd A. Keith
 AIMInt is a component of the AIMAll package ( http://aim.tkgristmill.com )

 TP:  64-bit Linux

 Licensed To:  Research Group of Fernando Cortes Guzman, UNAM, fercor@unam.mx

 AIMInt is a heavily modified and extended version of the PROAIMV program
 developed by members of R.F.W. Bader's research group

 Much of the Quantum Theory of Atoms in Molecules (QTAIM) is described in the book:
   "Atoms in Molecules - A Quantum Theory"
   R.F.W. Bader, Oxford University Press, Oxford, 1990

 For additional references see:  http://aim.tkgristmill.com/references.html

 Current Directory:  /home/scratch/M_H2O_4_tetraedrico/Opt

 Inp File:  Mn4_tetraedrico_cc-pvtz-def2-tzv_1_atomicfiles/o4.inp
 Wfx File:  Mn4_tetraedrico_cc-pvtz-def2-tzv_1.wfx
 Out File:  Mn4_tetraedrico_cc-pvtz-def2-tzv_1_atomicfiles/o4.int

 Wfx Title:   Mn4_tetraedrico_cc-pvtz-def2-tzv_1                                            
 Job Title:   Mn4_tetraedrico_cc-pvtz-def2-tzv_1                                            
 
<Atom>
O4      
</Atom>
<Nuclei of Molecule>
    13
Mn1       25.0          -2.7991199411E-05   4.0458458872E-05  -1.1700893488E-05
O2         8.0          -1.9976235081E+00   2.7746029689E+00   5.2013997142E-01
H3         1.0          -2.8458300237E+00   3.2423980048E+00   2.1932852914E+00
O4         8.0           1.9990500125E+00   5.2242600547E-01  -2.7730864029E+00
H5         1.0           2.8468278880E+00  -8.6626766712E-01  -3.8175145094E+00
O6         8.0          -1.9956148067E+00  -2.7752676463E+00  -5.2388295895E-01
H7         1.0          -2.8396745785E+00  -3.2449832065E+00  -2.1986079010E+00
O8         8.0           1.9940753549E+00  -5.2159843601E-01   2.7767827380E+00
H9         1.0           2.8394044678E+00   8.6720770870E-01   3.8231223781E+00
H10        1.0           2.8460053493E+00   2.1962776273E+00  -3.2410288539E+00
H11        1.0           2.8398271216E+00  -2.1954856268E+00   3.2464995096E+00
H12        1.0          -2.8420058990E+00  -3.8219234354E+00   8.6400844695E-01
H13        1.0          -2.8429509659E+00   3.8204619970E+00  -8.6909862024E-01
</Nuclei of Molecule>
<Total Number of CPs of DelSqRho>
    36
</Total Number of CPs of DelSqRho>
<Number of (3,+3) CPs of DelSqRho>
     5
</Number of (3,+3) CPs of DelSqRho>
<Number of (3,+1) CPs of DelSqRho>
    13
</Number of (3,+1) CPs of DelSqRho>
<Number of (3,-1) CPs of DelSqRho>
    13
</Number of (3,-1) CPs of DelSqRho>
<Number of (3,-3) CPs of DelSqRho>
     5
</Number of (3,-3) CPs of DelSqRho>
<Number of Degenerate CPs of DelSqRho>
     0
</Number of Degenerate CPs of DelSqRho>
<CP of DelSqRho>
CP# = 1       
Type = (3,+3)
Coords =  1.99905019506394E+00  5.22426006714356E-01 -2.77308640917325E+00
DistFromNuc =  1.8269818893E-07
Rho =  2.9728786913E+02
DelSqRho = -3.3287683734E+06
GradDelSqRho = -1.1873399899E-05  4.6317498175E-06 -1.8994204538E-05
HessDelSqRho_EigVals =  1.3237527710E+11  1.3237529758E+11  1.3237530073E+11
HessDelSqRho_EigVec1 =  7.7085172948E-01 -1.1764091877E-01  6.2605768535E-01
HessDelSqRho_EigVec2 = -6.3701449693E-01 -1.4293838605E-01  7.5748343116E-01
HessDelSqRho_EigVec3 = -3.7662832031E-04  9.8271523445E-01  1.8512327279E-01
</CP of DelSqRho>
<CP of DelSqRho>
CP# = 2       
Type = (3,+1)
Coords =  9.31665973332989E-01  3.27348382130717E-01 -1.73862991783427E+00
DistFromNuc =  1.4991544902E+00
Rho =  1.5655252796E-01
DelSqRho =  3.0957901894E-01
GradDelSqRho =  1.6861512186E-13 -1.8041124150E-14 -9.6103680569E-14
HessDelSqRho_EigVals = -5.0171952608E-01  1.2423073751E-01  4.8705035508E+00
HessDelSqRho_EigVec1 = -8.3010309388E-01  1.0280334718E-01 -5.4805138932E-01
HessDelSqRho_EigVec2 = -3.3885195829E-04  9.8276480225E-01  1.8486002444E-01
HessDelSqRho_EigVec3 = -5.5760984452E-01 -1.5363858651E-01  8.1576126779E-01
</CP of DelSqRho>
<CP of DelSqRho>
CP# = 3       
Type = (3,+1)
Coords =  2.51655579832475E+00 -3.39598157891451E-01 -3.40470027609186E+00
DistFromNuc =  1.1873643002E+00
Rho =  3.8031264406E-01
DelSqRho = -7.7457493511E-01
GradDelSqRho =  2.2828960944E-15 -5.4053983511E-15 -3.9378222905E-15
HessDelSqRho_EigVals = -2.4629488276E+01  1.2006410307E+01  1.2406417900E+01
HessDelSqRho_EigVec1 = -4.3986098848E-01  7.1381088104E-01  5.4497370296E-01
HessDelSqRho_EigVec2 =  7.2735305897E-01 -7.2781302576E-02  6.8239314885E-01
HessDelSqRho_EigVec3 =  5.2676355077E-01  6.9654641490E-01 -4.8717887215E-01
</CP of DelSqRho>
<CP of DelSqRho>
CP# = 4       
Type = (3,+1)
Coords =  2.14916673287218E+00  5.08278027420923E-01 -2.69770298177261E+00
DistFromNuc =  1.6857596270E-01
Rho =  2.2478199457E+01
DelSqRho =  1.2349679240E+03
GradDelSqRho =  1.2050804798E-11  1.5720758029E-12  1.1748824136E-11
HessDelSqRho_EigVals = -4.0838726510E+05  2.3512836548E+03  2.4464961511E+03
HessDelSqRho_EigVec1 =  8.8986288023E-01 -8.4156581179E-02  4.4839906806E-01
HessDelSqRho_EigVec2 = -2.5113967170E-04  9.8274920683E-01  1.8494305448E-01
HessDelSqRho_EigVec3 = -4.5622800366E-01 -1.6468656994E-01  8.7449090467E-01
</CP of DelSqRho>
<CP of DelSqRho>
CP# = 5       
Type = (3,+1)
Coords =  1.87114574439646E+00  5.42452590000413E-01 -2.87965461732885E+00
DistFromNuc =  1.6768228951E-01
Rho =  2.2675881455E+01
DelSqRho =  1.2547729109E+03
GradDelSqRho =  1.3544720900E-11 -4.1051606559E-12 -5.1345594443E-12
HessDelSqRho_EigVals = -4.2944525637E+05  1.7320191485E+03  1.7780483261E+03
HessDelSqRho_EigVec1 =  7.6399758749E-01 -1.1916453430E-01  6.3411946829E-01
HessDelSqRho_EigVec2 = -1.9815433886E-04  9.8275373286E-01  1.8491906684E-01
HessDelSqRho_EigVec3 = -6.4521906903E-01 -1.4140337447E-01  7.5079786804E-01
</CP of DelSqRho>
<CP of DelSqRho>
CP# = 6       
Type = (3,-3)
Coords =  1.88843981719328E+00  4.99117076730930E-01 -2.64947976841923E+00
DistFromNuc =  1.6750081056E-01
Rho =  2.2605098302E+01
DelSqRho =  1.2832105599E+03
GradDelSqRho =  7.8301809481E-12  1.2718714970E-12 -1.0077272350E-11
HessDelSqRho_EigVals = -4.3792512946E+05 -2.3726299458E+03 -2.0201211792E+02
HessDelSqRho_EigVec1 = -6.6179846419E-01 -1.3892233771E-01  7.3669761564E-01
HessDelSqRho_EigVec2 =  7.4968173251E-01 -1.2223763637E-01  6.5041160829E-01
HessDelSqRho_EigVec3 = -3.0452584008E-04  9.8273014828E-01  1.8504421883E-01
</CP of DelSqRho>
<CP of DelSqRho>
CP# = 7       
Type = (3,-1)
Coords =  2.06120397739337E+00  5.51433518123449E-01 -2.92656560311155E+00
DistFromNuc =  1.6810834618E-01
Rho =  2.2469307423E+01
DelSqRho =  1.2697546811E+03
GradDelSqRho = -3.1015190416E-11 -1.3628209672E-11  3.3104186059E-11
HessDelSqRho_EigVals = -4.2308194514E+05 -1.8354838157E+03  2.7367940133E+01
HessDelSqRho_EigVec1 = -3.6740574105E-01 -1.7272293490E-01  9.1388172605E-01
HessDelSqRho_EigVec2 =  9.3006055720E-01 -6.7578981069E-02  3.6113770402E-01
HessDelSqRho_EigVec3 = -6.1756827892E-04  9.8264941311E-01  1.8547169470E-01
</CP of DelSqRho>
<CP of DelSqRho>
CP# = 8       
Type = (3,+3)
Coords =  1.38485377139226E+00  5.57247634716084E-01 -2.95896790452469E+00
DistFromNuc =  6.4265192841E-01
Rho =  9.2743994365E-01
DelSqRho = -4.1568954874E+00
GradDelSqRho = -8.8817841970E-15  2.2724877535E-16  3.5943470422E-15
HessDelSqRho_EigVals =  1.0663516721E+01  1.7636105393E+01  3.1976839055E+02
HessDelSqRho_EigVec1 = -3.1941541852E-01 -1.7534081599E-01  9.3125151740E-01
HessDelSqRho_EigVec2 = -2.5551097694E-04  9.8274804769E-01  1.8494920785E-01
HessDelSqRho_EigVec3 =  9.4761475565E-01 -5.8837683646E-02  3.1394968046E-01
</CP of DelSqRho>
<CP of DelSqRho>
CP# = 9       
Type = (3,-1)
Coords =  1.81712138084863E+00  1.07963306264363E+00 -2.38321430539509E+00
DistFromNuc =  7.0397299945E-01
Rho =  7.0663956923E-01
DelSqRho = -1.3916325518E+00
GradDelSqRho =  3.0364599723E-14  4.0856207306E-14  2.4813484600E-14
HessDelSqRho_EigVals = -1.4440637386E+01 -9.5966711078E+00  1.5875104637E+02
HessDelSqRho_EigVec1 =  6.8543412470E-01  5.5440513288E-01 -4.7203284773E-01
HessDelSqRho_EigVec2 =  6.7824634480E-01 -2.5030482422E-01  6.9089028850E-01
HessDelSqRho_EigVec3 = -2.6488102322E-01  7.9371433376E-01  5.4759072301E-01
</CP of DelSqRho>
<CP of DelSqRho>
CP# = 10      
Type = (3,-1)
Coords =  1.81744282044049E+00 -1.38490874911396E-01 -2.61250545135160E+00
DistFromNuc =  7.0397339222E-01
Rho =  7.0663527243E-01
DelSqRho = -1.3915532528E+00
GradDelSqRho =  8.7291285311E-15  2.8199664825E-14 -1.1407541578E-14
HessDelSqRho_EigVals = -1.4441111326E+01 -9.5975559587E+00  1.5874888626E+02
HessDelSqRho_EigVec1 =  6.8566745092E-01 -3.4448878020E-01 -6.4123913407E-01
HessDelSqRho_EigVec2 =  6.7818887264E-01 -1.7679240245E-02  7.3467496044E-01
HessDelSqRho_EigVec3 =  2.6442390167E-01  9.3862395280E-01 -2.2150637789E-01
</CP of DelSqRho>
<CP of DelSqRho>
CP# = 11      
Type = (3,-1)
Coords =  2.36341263959754E+00  6.36029038259569E-01 -3.37605502244413E+00
DistFromNuc =  7.1360838651E-01
Rho =  6.8173935936E-01
DelSqRho = -1.1713034779E+00
GradDelSqRho =  9.8143021487E-13  6.9674821468E-13 -3.6874947540E-12
HessDelSqRho_EigVals = -1.8835198843E+01 -6.2424041902E+00  1.4781271564E+02
HessDelSqRho_EigVec1 = -2.6721299263E-04  9.8273984377E-01  1.8499277840E-01
HessDelSqRho_EigVec2 =  8.6773691280E-01 -9.1717937085E-02  4.8848794271E-01
HessDelSqRho_EigVec3 = -4.9702372052E-01 -1.6065559275E-01  8.5273512990E-01
</CP of DelSqRho>
<CP of DelSqRho>
CP# = 12      
Type = (3,+1)
Coords =  1.81437839480860E+00  1.19794684206740E-01 -3.28451826814859E+00
DistFromNuc =  6.7659303873E-01
Rho =  8.0527009431E-01
DelSqRho = -2.7232131551E+00
GradDelSqRho = -1.7430501487E-14 -1.2101430968E-14 -6.4670491184E-15
HessDelSqRho_EigVals = -1.2790608357E+01  1.2529537932E+01  2.1735379842E+02
HessDelSqRho_EigVec1 =  8.6963911715E-01 -4.9352474212E-01 -1.2693889663E-02
HessDelSqRho_EigVec2 =  3.6632167264E-01  6.6230532171E-01 -6.5357485646E-01
HessDelSqRho_EigVec3 =  3.3096259317E-01  5.6372421427E-01  7.5675542428E-01
</CP of DelSqRho>
<CP of DelSqRho>
CP# = 13      
Type = (3,+1)
Coords =  2.52813407915867E+00  7.88743727982705E-01 -2.45863652259896E+00
DistFromNuc =  6.7062195471E-01
Rho =  8.1472176084E-01
DelSqRho = -2.6880748009E+00
GradDelSqRho =  1.3100631691E-14  1.7763568394E-14  1.9262369477E-14
HessDelSqRho_EigVals = -7.0931747563E+00  8.7410899702E+00  2.2014141005E+02
HessDelSqRho_EigVec1 =  1.0305298989E-02  7.9444182278E-01 -6.0725282299E-01
HessDelSqRho_EigVec2 = -6.0337159046E-01  4.8921123693E-01  6.2977383995E-01
HessDelSqRho_EigVec3 =  7.9739358201E-01  3.5990909390E-01  4.8438509421E-01
</CP of DelSqRho>
<CP of DelSqRho>
CP# = 14      
Type = (3,+1)
Coords =  2.52830295806137E+00  1.60283072310267E-01 -2.57693084697162E+00
DistFromNuc =  6.7062149276E-01
Rho =  8.1472325480E-01
DelSqRho = -2.6880874143E+00
GradDelSqRho =  3.3306690739E-15  2.4424906542E-15  1.9706458687E-15
HessDelSqRho_EigVals = -7.0933013080E+00  8.7412114543E+00  2.2014248007E+02
HessDelSqRho_EigVec1 = -1.0671966090E-02  5.1927079390E-01  8.5454312457E-01
HessDelSqRho_EigVec2 =  6.0305562834E-01  6.8502724046E-01 -4.0873168333E-01
HessDelSqRho_EigVec3 =  7.9762774416E-01 -5.1097507027E-01  3.2045976238E-01
</CP of DelSqRho>
<CP of DelSqRho>
CP# = 15      
Type = (3,+1)
Coords =  1.81412170707865E+00  1.08336032446916E+00 -3.10313781721517E+00
DistFromNuc =  6.7659420962E-01
Rho =  8.0526486383E-01
DelSqRho = -2.7231557089E+00
GradDelSqRho =  1.0214051827E-14 -4.6074255522E-14  9.5201624362E-15
HessDelSqRho_EigVals = -1.2790459256E+01  1.2528733547E+01  2.1735097930E+02
HessDelSqRho_EigVec1 =  8.6938137719E-01  4.6481153683E-01  1.6770884360E-01
HessDelSqRho_EigVec2 = -3.6660553164E-01  3.7914686467E-01  8.4961640708E-01
HessDelSqRho_EigVec3 = -3.3132522566E-01  8.0012367184E-01 -5.0002570394E-01
</CP of DelSqRho>
<CP of DelSqRho>
CP# = 16      
Type = (3,+3)
Coords =  2.22342748843229E+00  4.05517317735277E-01 -2.15169543769396E+00
DistFromNuc =  6.7092445519E-01
Rho =  8.1635194837E-01
DelSqRho = -3.0243293547E+00
GradDelSqRho =  5.7343019222E-13 -2.1099788583E-13  1.0893508318E-12
HessDelSqRho_EigVals =  1.8100041556E+00  1.0898165360E+01  2.2384532210E+02
HessDelSqRho_EigVec1 =  9.2722552364E-01  6.9504471011E-02 -3.6799722393E-01
HessDelSqRho_EigVec2 =  2.4996828905E-04 -9.8274172167E-01 -1.8498282623E-01
HessDelSqRho_EigVec3 =  3.7450335890E-01 -1.7142881028E-01  9.1124058139E-01
</CP of DelSqRho>
<CP of DelSqRho>
CP# = 17      
Type = (3,+1)
Coords =  1.74376427690201E+00  4.04224979202446E-01 -2.14547126266327E+00
DistFromNuc =  6.8778125418E-01
Rho =  7.8387208088E-01
DelSqRho = -2.9441766848E+00
GradDelSqRho = -2.2482016249E-15 -3.5249581032E-15 -2.3425705820E-14
HessDelSqRho_EigVals = -2.1855553119E+00  1.4131838467E+01  1.9963415671E+02
HessDelSqRho_EigVec1 = -9.3166029425E-01  6.6981644540E-02 -3.5710300392E-01
HessDelSqRho_EigVec2 = -2.4921665412E-04  9.8274176309E-01  1.8498260722E-01
HessDelSqRho_EigVec3 = -3.6333047492E-01 -1.7242994629E-01  9.1556478723E-01
</CP of DelSqRho>
<CP of DelSqRho>
CP# = 18      
Type = (3,+3)
Coords =  2.30379097519853E+00 -9.87598782914234E-03 -3.11243017056594E+00
DistFromNuc =  7.0097550535E-01
Rho =  8.0100516494E-01
DelSqRho = -3.5370551097E+00
GradDelSqRho = -4.2188474936E-15  1.1324274851E-14  1.9484414082E-14
HessDelSqRho_EigVals =  1.3352700129E+01  2.4136047797E+01  1.7139888185E+02
HessDelSqRho_EigVec1 =  7.3732538735E-01  1.1422924717E-02  6.7544118171E-01
HessDelSqRho_EigVec2 =  5.1781314590E-01  6.3257197469E-01 -5.7595333384E-01
HessDelSqRho_EigVec3 = -4.3384423368E-01  7.7441733815E-01  4.6049643569E-01
</CP of DelSqRho>
<CP of DelSqRho>
CP# = 19      
Type = (3,+3)
Coords =  2.30348244144742E+00  1.14183791919077E+00 -2.89562982366489E+00
DistFromNuc =  7.0097582886E-01
Rho =  8.0100017909E-01
DelSqRho = -3.5369768308E+00
GradDelSqRho = -9.1038288019E-15  1.4654943925E-14 -5.5094817597E-15
HessDelSqRho_EigVals =  1.3352185519E+01  2.4135088284E+01  1.7139807416E+02
HessDelSqRho_EigVec1 =  7.3739197040E-01 -2.5584803541E-01  6.2513587705E-01
HessDelSqRho_EigVec2 = -5.1808968324E-01  3.7959497018E-01  7.6647944444E-01
HessDelSqRho_EigVec3 =  4.3340069464E-01  8.8907223632E-01 -1.4735805539E-01
</CP of DelSqRho>
<CP of DelSqRho>
CP# = 20      
Type = (3,-3)
Coords =  3.12797535965872E+00  5.78226279387557E-01 -3.06787590117588E+00
DistFromNuc =  1.1681125624E+00
Rho =  2.4124309029E-01
DelSqRho =  8.4300477033E-01
GradDelSqRho = -9.8559528594E-13 -2.3410960670E-14  1.2227024948E-13
HessDelSqRho_EigVals = -1.8097580582E+01 -1.9348965863E+00 -9.8302503842E-02
HessDelSqRho_EigVec1 =  9.6707398477E-01  4.7335126762E-02 -2.5005458157E-01
HessDelSqRho_EigVec2 = -2.6959729557E-04  9.8274049535E-01  1.8498931353E-01
HessDelSqRho_EigVec3 =  2.5449525596E-01 -1.7883093854E-01  9.5039552825E-01
</CP of DelSqRho>
<CP of DelSqRho>
CP# = 21      
Type = (3,+1)
Coords =  2.51604354995386E+00  1.55537456609601E+00 -3.04799167706074E+00
DistFromNuc =  1.1873659741E+00
Rho =  3.8030741773E-01
DelSqRho = -7.7453061646E-01
GradDelSqRho = -1.5758228056E-14  2.2501445152E-13  5.2589876898E-14
HessDelSqRho_EigVals = -2.4628099621E+01  1.2005812882E+01  1.2405745685E+01
HessDelSqRho_EigVec1 =  4.3943365884E-01  8.6333557664E-01 -2.4809220380E-01
HessDelSqRho_EigVec2 =  7.2736905228E-01 -1.7992288231E-01  6.6224015146E-01
HessDelSqRho_EigVec3 =  5.2709801865E-01 -4.7146520394E-01 -7.0702775066E-01
</CP of DelSqRho>
<CP of DelSqRho>
CP# = 22      
Type = (3,+1)
Coords =  1.43219396124760E+00  3.15480487657762E-01 -1.67437075787616E+00
DistFromNuc =  1.2535263454E+00
Rho =  2.4463018809E-01
DelSqRho =  3.3041253954E-01
GradDelSqRho = -3.0878077872E-15  1.7451318168E-15 -5.5441762292E-15
HessDelSqRho_EigVals = -8.1329059726E+00  6.7583349586E-01  1.3044095724E+00
HessDelSqRho_EigVec1 = -4.2625481241E-01 -1.6743085415E-01  8.8897342141E-01
HessDelSqRho_EigVec2 =  9.0460310954E-01 -7.8653766314E-02  4.1893531631E-01
HessDelSqRho_EigVec3 = -2.2159009639E-04  9.8274131597E-01  1.8498501770E-01
</CP of DelSqRho>
<CP of DelSqRho>
CP# = 23      
Type = (3,-3)
Coords =  2.33575179076509E+00  7.26145106449832E-01 -3.85483017522641E+00
DistFromNuc =  1.1511034483E+00
Rho =  2.3896013209E-01
DelSqRho =  8.7031097767E-01
GradDelSqRho =  5.6898930012E-16 -3.3480163086E-16  1.1796119637E-15
HessDelSqRho_EigVals = -1.8128210824E+01 -1.7474482607E+00 -2.5002129451E-01
HessDelSqRho_EigVec1 = -2.8557565223E-01 -1.7736322835E-01  9.4180084523E-01
HessDelSqRho_EigVec2 =  2.7114405015E-04 -9.8274020483E-01 -1.8499085460E-01
HessDelSqRho_EigVec3 =  9.5835613074E-01 -5.2573520263E-02  2.8069476596E-01
</CP of DelSqRho>
<CP of DelSqRho>
CP# = 24      
Type = (3,-1)
Coords =  2.58964302975386E+00  1.18250592431045E+00 -1.98773234780052E+00
DistFromNuc =  1.1837595208E+00
Rho =  2.3821281772E-01
DelSqRho =  7.2133328061E-01
GradDelSqRho =  2.3592239273E-16  1.0651202142E-15  7.1470607210E-16
HessDelSqRho_EigVals = -1.6815518932E+01 -1.3610595401E+00  3.0627848663E-01
HessDelSqRho_EigVec1 =  4.8136918299E-01  5.3887875132E-01  6.9129834445E-01
HessDelSqRho_EigVec2 =  2.6696194101E-01  6.6108048484E-01 -7.0121602564E-01
HessDelSqRho_EigVec3 =  8.3487426102E-01 -5.2209413321E-01 -1.7436365546E-01
</CP of DelSqRho>
<CP of DelSqRho>
CP# = 25      
Type = (3,-1)
Coords =  1.38053484522458E+00 -1.70111296164299E-01 -3.50443124505321E+00
DistFromNuc =  1.1819620148E+00
Rho =  2.3853014300E-01
DelSqRho =  7.5157320357E-01
GradDelSqRho = -1.2836953722E-15 -4.3368086899E-16  8.3266726847E-17
HessDelSqRho_EigVals = -1.7757414254E+01 -1.1337516921E+00  2.2654356542E-01
HessDelSqRho_EigVec1 =  5.4443460737E-01  5.7887139343E-01  6.0704107618E-01
HessDelSqRho_EigVec2 = -8.3272106836E-01  4.5999172076E-01  3.0819350926E-01
HessDelSqRho_EigVec3 = -1.0082946306E-01 -6.7328710570E-01  7.3247381706E-01
</CP of DelSqRho>
<CP of DelSqRho>
CP# = 26      
Type = (3,-3)
Coords =  1.64984207150311E+00  1.51318469025056E+00 -2.29173044736469E+00
DistFromNuc =  1.1555312689E+00
Rho =  2.4323710369E-01
DelSqRho =  8.0691317203E-01
GradDelSqRho =  8.1550738384E-13 -3.0556807085E-13  4.3299391850E-13
HessDelSqRho_EigVals = -1.7423921676E+01 -1.5198501395E+00 -3.6524347309E-01
HessDelSqRho_EigVec1 = -3.2368276159E-01  8.3550775370E-01  4.4402281852E-01
HessDelSqRho_EigVec2 =  6.7735523951E-01  5.3228154734E-01 -5.0780531100E-01
HessDelSqRho_EigVec3 = -6.6062042760E-01  1.3639335717E-01 -7.3822591580E-01
</CP of DelSqRho>
<CP of DelSqRho>
CP# = 27      
Type = (3,-1)
Coords =  2.59009030528738E+00 -3.77700903724954E-01 -2.28142606120249E+00
DistFromNuc =  1.1837596766E+00
Rho =  2.3821231616E-01
DelSqRho =  7.2133486189E-01
GradDelSqRho = -1.6132928327E-15  1.5334955528E-15 -2.1510571102E-16
HessDelSqRho_EigVals = -1.6815606040E+01 -1.3610751450E+00  3.0630376027E-01
HessDelSqRho_EigVec1 = -4.8173974989E-01  7.5308199393E-01 -4.4810079647E-01
HessDelSqRho_EigVec2 = -2.6723337614E-01  3.6074223491E-01  8.9356105702E-01
HessDelSqRho_EigVec3 =  8.3457362530E-01  5.5021136881E-01  2.7464769723E-02
</CP of DelSqRho>
<CP of DelSqRho>
CP# = 28      
Type = (3,-3)
Coords =  1.65042900257289E+00 -5.75721180215254E-01 -2.68490675534335E+00
DistFromNuc =  1.1555256381E+00
Rho =  2.4323777761E-01
DelSqRho =  8.0692800237E-01
GradDelSqRho =  3.2768926461E-14  6.7515437685E-14 -7.8027861949E-15
HessDelSqRho_EigVals = -1.7424292687E+01 -1.5198899051E+00 -3.6534179982E-01
HessDelSqRho_EigVec1 =  3.2318823451E-01  9.3993733630E-01 -1.0985066639E-01
HessDelSqRho_EigVec2 = -6.7756434858E-01  3.1087162734E-01  6.6653235844E-01
HessDelSqRho_EigVec3 =  6.6064810497E-01 -1.4098452095E-01  7.3733808138E-01
</CP of DelSqRho>
<CP of DelSqRho>
CP# = 29      
Type = (3,-1)
Coords =  1.38009935941977E+00  1.43315583504129E+00 -3.20262278817202E+00
DistFromNuc =  1.1819603376E+00
Rho =  2.3853030020E-01
DelSqRho =  7.5157876700E-01
GradDelSqRho =  3.3503408381E-13 -3.9936109975E-13  3.5002903354E-13
HessDelSqRho_EigVals = -1.7757530163E+01 -1.1337372399E+00  2.2649996488E-01
HessDelSqRho_EigVec1 = -5.4479708047E-01  7.5968770504E-01 -3.5506440532E-01
HessDelSqRho_EigVec2 =  8.3245088698E-01  5.4099977143E-01 -1.1976964586E-01
HessDelSqRho_EigVec3 =  1.0110223473E-01 -3.6082383254E-01 -9.2713779990E-01
</CP of DelSqRho>
<CP of DelSqRho>
CP# = 30      
Type = (3,-1)
Coords =  3.01068137107410E+00  6.30402473764595E-01 -3.34522784176604E+00
DistFromNuc =  1.1672200947E+00
Rho =  2.4361270324E-01
DelSqRho =  8.4143714255E-01
GradDelSqRho =  5.6205040622E-16 -5.2995802191E-16  1.1778772402E-15
HessDelSqRho_EigVals = -1.7185247643E+01 -2.9495788072E+00  9.6573082795E-02
HessDelSqRho_EigVec1 =  8.6188306702E-01  9.4038708548E-02 -4.9831144887E-01
HessDelSqRho_EigVec2 = -2.6995713376E-04  9.8274024621E-01  1.8499063651E-01
HessDelSqRho_EigVec3 =  5.0710699651E-01 -1.5930577444E-01  8.4703256391E-01
</CP of DelSqRho>
<CP of DelSqRho>
CP# = 31      
Type = (3,-1)
Coords =  9.76237334350058E-01  6.77749183844604E-01 -1.62544420384124E+00
DistFromNuc =  1.5451063657E+00
Rho =  1.4001010865E-01
DelSqRho =  3.1345941393E-01
GradDelSqRho =  8.0317696938E-16 -4.1633363423E-17 -1.4571677198E-15
HessDelSqRho_EigVals = -5.1238576962E-01 -1.8081193182E-01  4.8227273301E+00
HessDelSqRho_EigVec1 = -7.6543861759E-01  4.7610096616E-01 -4.3293370477E-01
HessDelSqRho_EigVec2 =  2.9069478371E-01  8.5603567876E-01  4.2743357310E-01
HessDelSqRho_EigVec3 = -5.7410823495E-01 -2.0132259363E-01  7.9364283394E-01
</CP of DelSqRho>
<CP of DelSqRho>
CP# = 32      
Type = (3,-1)
Coords =  9.76409514000007E-01 -3.98951036082505E-02 -1.76051758388413E+00
DistFromNuc =  1.5450871276E+00
Rho =  1.4001731112E-01
DelSqRho =  3.1345060603E-01
GradDelSqRho =  1.3287981826E-15  8.9719898178E-14  1.1990408666E-14
HessDelSqRho_EigVals = -5.1240732793E-01 -1.8068685345E-01  4.8226966901E+00
HessDelSqRho_EigVec1 =  7.6530056395E-01  2.8634789329E-01  5.7647196881E-01
HessDelSqRho_EigVec2 = -2.9101236022E-01  9.5276226599E-01 -8.6924511498E-02
HessDelSqRho_EigVec3 = -5.7413139003E-01 -1.0123709057E-01  8.1248027575E-01
</CP of DelSqRho>
<CP of DelSqRho>
CP# = 33      
Type = (3,-1)
Coords =  3.08094673809571E+00  1.79967993761231E+00 -3.93039329381495E+00
DistFromNuc =  2.0350030398E+00
Rho =  6.5458199086E-02
DelSqRho =  1.8435249672E-01
GradDelSqRho =  1.7707493458E-12 -1.3231243358E-12 -2.1205021246E-12
HessDelSqRho_EigVals = -2.3341513731E+00 -1.2316445687E-02  4.4649416600E-01
HessDelSqRho_EigVec1 = -4.9864377925E-01 -8.7249986848E-02  8.6240467369E-01
HessDelSqRho_EigVec2 =  8.4491571296E-01 -2.7111128018E-01  4.6110314654E-01
HessDelSqRho_EigVec3 =  1.9357639164E-01  9.5858547535E-01  2.0890683819E-01
</CP of DelSqRho>
<CP of DelSqRho>
CP# = 34      
Type = (3,-1)
Coords =  3.08157399792322E+00 -2.46039149446639E-01 -4.31542042502307E+00
DistFromNuc =  2.0349916730E+00
Rho =  6.5459712066E-02
DelSqRho =  1.8435822146E-01
GradDelSqRho = -1.4484941024E-16 -1.0018028074E-16  2.3071822230E-16
HessDelSqRho_EigVals = -2.3342851211E+00 -1.2324429794E-02  4.4647657727E-01
HessDelSqRho_EigVec1 = -4.9868380385E-01 -2.3257139631E-01  8.3500000563E-01
HessDelSqRho_EigVec2 =  8.4477988686E-01  8.5273806979E-02  5.2827579974E-01
HessDelSqRho_EigVec3 = -1.9406546969E-01  9.6883379558E-01  1.5394697143E-01
</CP of DelSqRho>
<CP of DelSqRho>
CP# = 35      
Type = (3,+1)
Coords =  3.00817898793442E+00  2.26622974804756E+00 -2.38396219707445E+00
DistFromNuc =  2.0519772000E+00
Rho =  6.4217807166E-02
DelSqRho =  1.7073107581E-01
GradDelSqRho = -2.1434676950E-16 -2.1749095580E-16 -1.5894403849E-16
HessDelSqRho_EigVals = -1.7765158793E+00  1.1725614990E-02  5.2547640887E-01
HessDelSqRho_EigVec1 =  4.4020008662E-01  6.4015013081E-01  6.2962821868E-01
HessDelSqRho_EigVec2 = -8.5897474006E-01  5.0445873574E-01  8.7657172382E-02
HessDelSqRho_EigVec3 = -2.6150770482E-01 -5.7942143035E-01  7.7193557139E-01
</CP of DelSqRho>
<CP of DelSqRho>
CP# = 36      
Type = (3,+1)
Coords =  3.00943369808496E+00 -1.24278387000280E+00 -3.04449130483809E+00
DistFromNuc =  2.0519507103E+00
Rho =  6.4219103671E-02
DelSqRho =  1.7073699779E-01
GradDelSqRho = -1.2266229699E-14  3.4254500278E-14 -4.0809369772E-15
HessDelSqRho_EigVals = -1.7764837587E+00  1.1727054168E-02  5.2550715726E-01
HessDelSqRho_EigVec1 = -4.4089364568E-01  8.2486634013E-01 -3.5384786860E-01
HessDelSqRho_EigVec2 =  8.5862084364E-01  5.0246662951E-01  1.0147676135E-01
HessDelSqRho_EigVec3 = -2.6150151064E-01  2.5908069620E-01  9.2978177697E-01
</CP of DelSqRho>
<Path of -GradDelSqRho>
Starting CP# =      2
Ending CP# =      0
Number of Points =    400
  9.3166597333E-01  3.2734838213E-01 -1.7386299178E+00  1.5655252796E-01  3.0957901894E-01
  9.1091196402E-01  3.2991804456E-01 -1.7523291055E+00  1.5457741090E-01  3.0942131574E-01
  8.9015795486E-01  3.3248765868E-01 -1.7660283093E+00  1.5248143659E-01  3.0894553388E-01
  8.6940794050E-01  3.3505832846E-01 -1.7797333650E+00  1.5027304196E-01  3.0814990954E-01
  8.4866543193E-01  3.3763102359E-01 -1.7934493978E+00  1.4796057539E-01  3.0703565950E-01
  8.2793344588E-01  3.4020657424E-01 -1.8071807945E+00  1.4555225729E-01  3.0560691176E-01
  8.0721449523E-01  3.4278566807E-01 -1.8209311875E+00  1.4305614843E-01  3.0387057456E-01
  7.8651058126E-01  3.4536884828E-01 -1.8347034444E+00  1.4048012488E-01  3.0183614996E-01
  7.6582318614E-01  3.4795651238E-01 -1.8484996613E+00  1.3783185814E-01  2.9951549896E-01
  7.4515326429E-01  3.5054891090E-01 -1.8623211560E+00  1.3511879937E-01  2.9692256621E-01
  7.2450123170E-01  3.5314614592E-01 -1.8761684603E+00  1.3234816697E-01  2.9407307299E-01
  7.0386695273E-01  3.5574816904E-01 -1.8900413089E+00  1.2952693684E-01  2.9098418727E-01
  6.8324972387E-01  3.5835477865E-01 -1.9039386248E+00  1.2666183483E-01  2.8767417961E-01
  6.6264825478E-01  3.6096561629E-01 -1.9178585005E+00  1.2375933131E-01  2.8416207380E-01
  6.4206064663E-01  3.6358016224E-01 -1.9317981741E+00  1.2082563752E-01  2.8046730009E-01
  6.2148436878E-01  3.6619773016E-01 -1.9457540009E+00  1.1786670384E-01  2.7660935888E-01
  6.0091623457E-01  3.6881746114E-01 -1.9597214221E+00  1.1488822007E-01  2.7260750145E-01
  5.8035237800E-01  3.7143831715E-01 -1.9736949297E+00  1.1189561786E-01  2.6848043366E-01
  5.5978823327E-01  3.7405907446E-01 -1.9876680317E+00  1.0889407548E-01  2.6424604773E-01
  5.3921851980E-01  3.7667831730E-01 -2.0016332183E+00  1.0588852532E-01  2.5992118600E-01
  5.1863723611E-01  3.7929443245E-01 -2.0155819332E+00  1.0288366421E-01  2.5552143970E-01
  4.9803766619E-01  3.8190560561E-01 -2.0295045540E+00  9.9883966972E-02  2.5106098502E-01
  4.7741240301E-01  3.8450982038E-01 -2.0433903869E+00  9.6893703085E-02  2.4655245765E-01
  4.5675339384E-01  3.8710486115E-01 -2.0572276816E+00  9.3916956710E-02  2.4200686651E-01
  4.3605201216E-01  3.8968832107E-01 -2.0710036734E+00  9.0957649605E-02  2.3743354656E-01
  4.1529916093E-01  3.9225761666E-01 -2.0847046604E+00  8.8019566498E-02  2.3284015030E-01
  3.9448541040E-01  3.9481001037E-01 -2.0983161227E+00  8.5106381953E-02  2.2823267698E-01
  3.7360117251E-01  3.9734264262E-01 -2.1118228922E+00  8.2221687390E-02  2.2361553844E-01
  3.5263691081E-01  3.9985257410E-01 -2.1252093765E+00  7.9369016458E-02  2.1899166017E-01
  3.3158338156E-01  4.0233683904E-01 -2.1384598415E+00  7.6551866609E-02  2.1436261587E-01
  3.1043189756E-01  4.0479250892E-01 -2.1515587484E+00  7.3773714419E-02  2.0972879334E-01
  2.8917460199E-01  4.0721676534E-01 -2.1644911408E+00  7.1038022258E-02  2.0508958905E-01
  2.6780473570E-01  4.0960697934E-01 -2.1772430650E+00  6.8348234202E-02  2.0044362760E-01
  2.4631687910E-01  4.1196079339E-01 -2.1898020052E+00  6.5707759811E-02  1.9578900126E-01
  2.2470714930E-01  4.1427620109E-01 -2.2021573063E+00  6.3119945462E-02  1.9112352322E-01
  2.0297333555E-01  4.1655161912E-01 -2.2143005565E+00  6.0588034291E-02  1.8644498671E-01
  1.8111496069E-01  4.1878594595E-01 -2.2262258986E+00  5.8115117182E-02  1.8175142070E-01
  1.5913326361E-01  4.2097860265E-01 -2.2379302474E+00  5.5704078447E-02  1.7704133193E-01
  1.3703110514E-01  4.2312955243E-01 -2.2494133940E+00  5.3357540650E-02  1.7231392277E-01
  1.1481280781E-01  4.2523929765E-01 -2.2606779907E+00  5.1077813191E-02  1.6756927501E-01
  9.2483945233E-02  4.2730885509E-01 -2.2717294197E+00  4.8866848824E-02  1.6280849124E-01
  7.0051100370E-02  4.2933971203E-01 -2.2825755614E+00  4.6726211312E-02  1.5803378783E-01
  4.7521612268E-02  4.3133376738E-01 -2.2932264815E+00  4.4657056090E-02  1.5324853678E-01
  2.4903328718E-02  4.3329326283E-01 -2.3036940665E+00  4.2660124422E-02  1.4845725638E-01
  2.2043786175E-03  4.3522070892E-01 -2.3139916313E+00  4.0735750299E-02  1.4366555426E-01
 -2.0567026728E-02  4.3711881094E-01 -2.3241335259E+00  3.8883878366E-02  1.3888002860E-01
 -4.3402758574E-02  4.3899039821E-01 -2.3341347601E+00  3.7104090604E-02  1.3410813517E-01
 -6.6294900966E-02  4.4083835970E-01 -2.3440106618E+00  3.5395639282E-02  1.2935802910E-01
 -8.9235848020E-02  4.4266558771E-01 -2.3537765778E+00  3.3757483773E-02  1.2463839052E-01
 -1.1221837189E-01  4.4447493049E-01 -2.3634476220E+00  3.2188329085E-02  1.1995824273E-01
 -1.3523566594E-01  4.4626915380E-01 -2.3730384716E+00  3.0686664373E-02  1.1532677094E-01
 -1.5828136783E-01  4.4805091109E-01 -2.3825632082E+00  2.9250800092E-02  1.1075314831E-01
 -1.8134956712E-01  4.4982272148E-01 -2.3920352013E+00  2.7878902856E-02  1.0624637450E-01
 -2.0443480125E-01  4.5158695456E-01 -2.4014670266E+00  2.6569027424E-02  1.0181513086E-01
 -2.2753204325E-01  4.5334582098E-01 -2.4108704169E+00  2.5319145485E-02  9.7467654752E-02
 -2.5063668393E-01  4.5510136790E-01 -2.4202562369E+00  2.4127171172E-02  9.3211634442E-02
 -2.7374451052E-01  4.5685547826E-01 -2.4296344802E+00  2.2990983356E-02  8.9054124957E-02
 -2.9685168330E-01  4.5860987318E-01 -2.4390142809E+00  2.1908444875E-02  8.5001484410E-02
 -3.1995471129E-01  4.6036611667E-01 -2.4484039394E+00  2.0877418950E-02  8.1059329714E-02
 -3.4305042786E-01  4.6212562215E-01 -2.4578109566E+00  1.9895783021E-02  7.7232510137E-02
 -3.6613596650E-01  4.6388966026E-01 -2.4672420753E+00  1.8961440302E-02  7.3525096828E-02
 -3.8920873730E-01  4.6565936757E-01 -2.4767033265E+00  1.8072329293E-02  6.9940386314E-02
 -4.1226640407E-01  4.6743575588E-01 -2.4862000787E+00  1.7226431536E-02  6.6480915888E-02
 -4.3530686223E-01  4.6921972189E-01 -2.4957370892E+00  1.6421777819E-02  6.3148488881E-02
 -4.5832821752E-01  4.7101205705E-01 -2.5053185566E+00  1.5656453060E-02  5.9944207865E-02
 -4.8132876535E-01  4.7281345739E-01 -2.5149481725E+00  1.4928600053E-02  5.6868514014E-02
 -5.0430697080E-01  4.7462453331E-01 -2.5246291742E+00  1.4236422241E-02  5.3921231005E-02
 -5.2726144920E-01  4.7644581920E-01 -2.5343643950E+00  1.3578185671E-02  5.1101612030E-02
 -5.5019094719E-01  4.7827778284E-01 -2.5441563146E+00  1.2952220241E-02  4.8408388662E-02
 -5.7309432420E-01  4.8012083450E-01 -2.5540071072E+00  1.2356920369E-02  4.5839820548E-02
 -5.9597053430E-01  4.8197533579E-01 -2.5639186886E+00  1.1790745154E-02  4.3393745006E-02
 -6.1881860834E-01  4.8384160819E-01 -2.5738927613E+00  1.1252218131E-02  4.1067625840E-02
 -6.4163763641E-01  4.8571994121E-01 -2.5839308582E+00  1.0739926667E-02  3.8858600771E-02
 -6.6442675050E-01  4.8761060029E-01 -2.5940343841E+00  1.0252521079E-02  3.6763527042E-02
 -6.8718510741E-01  4.8951383425E-01 -2.6042046555E+00  9.7887134963E-03  3.4779024867E-02
 -7.0991187188E-01  4.9142988253E-01 -2.6144429388E+00  9.3472765363E-03  3.2901518469E-02
 -7.3260619990E-01  4.9335898196E-01 -2.6247504865E+00  8.9270418108E-03  3.1127274556E-02
 -7.5526722225E-01  4.9530137325E-01 -2.6351285717E+00  8.5268983030E-03  2.9452438138E-02
 -7.7789402826E-01  4.9725730709E-01 -2.6455785200E+00  8.1457906394E-03  2.7873065640E-02
 -8.0048564979E-01  4.9922704992E-01 -2.6561017406E+00  7.7827172806E-03  2.6385155330E-02
 -8.2304104555E-01  5.0121088929E-01 -2.6666997545E+00  7.4367286503E-03  2.4984675079E-02
 -8.4555908567E-01  5.0320913879E-01 -2.6773742209E+00  7.1069252221E-03  2.3667587541E-02
 -8.6803853679E-01  5.0522214266E-01 -2.6881269613E+00  6.7924555778E-03  2.2429872827E-02
 -8.9047804756E-01  5.0725027976E-01 -2.6989599807E+00  6.4925144521E-03  2.1267548783E-02
 -9.1287613483E-01  5.0929396719E-01 -2.7098754870E+00  6.2063407755E-03  2.0176688971E-02
 -9.3523117071E-01  5.1135366318E-01 -2.7208759062E+00  5.9332157270E-03  1.9153438493E-02
 -9.5754137064E-01  5.1342986944E-01 -2.7319638948E+00  5.6724608046E-03  1.8194027762E-02
 -9.7980478271E-01  5.1552313265E-01 -2.7431423479E+00  5.4234359240E-03  1.7294784362E-02
 -1.0020192788E+00  5.1763404521E-01 -2.7544144028E+00  5.1855375507E-03  1.6452143110E-02
 -1.0241825476E+00  5.1976324490E-01 -2.7657834379E+00  4.9581968742E-03  1.5662654458E-02
 -1.0462920902E+00  5.2191141356E-01 -2.7772530648E+00  4.7408780277E-03  1.4922991346E-02
 -1.0683452187E+00  5.2407927450E-01 -2.7888271155E+00  4.5330763588E-03  1.4229954635E-02
 -1.0903390585E+00  5.2626758858E-01 -2.8005096208E+00  4.3343167550E-03  1.3580477237E-02
 -1.1122705546E+00  5.2847714889E-01 -2.8123047829E+00  4.1441520259E-03  1.2971627046E-02
 -1.1341364827E+00  5.3070877386E-01 -2.8242169381E+00  3.9621613443E-03  1.2400608789E-02
 -1.1559334655E+00  5.3296329885E-01 -2.8362505130E+00  3.7879487477E-03  1.1864764890E-02
 -1.1776579957E+00  5.3524156616E-01 -2.8484099708E+00  3.6211416995E-03  1.1361575462E-02
 -1.1993064639E+00  5.3754441358E-01 -2.8606997512E+00  3.4613897103E-03  1.0888657493E-02
 -1.2208751940E+00  5.3987266157E-01 -2.8731242021E+00  3.3083630174E-03  1.0443763350E-02
 -1.2423604845E+00  5.4222709935E-01 -2.8856875060E+00  3.1617513224E-03  1.0024778644E-02
 -1.2637586556E+00  5.4460847024E-01 -2.8983936023E+00  3.0212625832E-03  9.6297195652E-03
 -1.2850661026E+00  5.4701745661E-01 -2.9112461074E+00  2.8866218600E-03  9.2567297409E-03
 -1.3062793518E+00  5.4945466497E-01 -2.9242482359E+00  2.7575702133E-03  8.9040766820E-03
 -1.3273951206E+00  5.5192061168E-01 -2.9374027246E+00  2.6338636510E-03  8.5701478846E-03
 -1.3484103773E+00  5.5441571000E-01 -2.9507117638E+00  2.5152721255E-03  8.2534466353E-03
 -1.3693224006E+00  5.5694025882E-01 -2.9641769378E+00  2.4015785774E-03  7.9525875696E-03
 -1.3901288346E+00  5.5949443376E-01 -2.9777991777E+00  2.2925780281E-03  7.6662920311E-03
 -1.4108277383E+00  5.6207828101E-01 -2.9915787284E+00  2.1880767187E-03  7.3933832705E-03
 -1.4314176269E+00  5.6469171416E-01 -3.0055151321E+00  2.0878912977E-03  7.1327815228E-03
 -1.4518975038E+00  5.6733451420E-01 -3.0196072282E+00  1.9918480564E-03  6.8834990007E-03
 -1.4722668802E+00  5.7000633274E-01 -3.0338531703E+00  1.8997822122E-03  6.6446348358E-03
 -1.4925257836E+00  5.7270669815E-01 -3.0482504587E+00  1.8115372418E-03  6.4153700007E-03
 -1.5126747533E+00  5.7543502445E-01 -3.0627959876E+00  1.7269642607E-03  6.1949622440E-03
 -1.5327148243E+00  5.7819062237E-01 -3.0774861038E+00  1.6459214513E-03  5.9827410660E-03
 -1.5526475001E+00  5.8097271221E-01 -3.0923166743E+00  1.5682735362E-03  5.7781027655E-03
 -1.5724747165E+00  5.8378043780E-01 -3.1072831611E+00  1.4938912955E-03  5.5805055817E-03
 -1.5921987971E+00  5.8661288114E-01 -3.1223806981E+00  1.4226511259E-03  5.3894649581E-03
 -1.6118224038E+00  5.8946907710E-01 -3.1376041695E+00  1.3544346393E-03  5.2045489491E-03
 -1.6313484835E+00  5.9234802775E-01 -3.1529482853E+00  1.2891282970E-03  5.0253737894E-03
 -1.6507802136E+00  5.9524871593E-01 -3.1684076536E+00  1.2266230786E-03  4.8515996428E-03
 -1.6701209477E+00  5.9817011774E-01 -3.1839768465E+00  1.1668141811E-03  4.6829265450E-03
 -1.6893741629E+00  6.0111121376E-01 -3.1996504598E+00  1.1096007465E-03  4.5190905490E-03
 -1.7085434110E+00  6.0407099890E-01 -3.2154231653E+00  1.0548856158E-03  4.3598600842E-03
 -1.7276322730E+00  6.0704849075E-01 -3.2312897547E+00  1.0025751057E-03  4.2050325306E-03
 -1.7466443191E+00  6.1004273652E-01 -3.2472451764E+00  9.5257880792E-04  4.0544310130E-03
 -1.7655830733E+00  6.1305281854E-01 -3.2632845654E+00  9.0480940728E-04  3.9079014136E-03
 -1.7844519830E+00  6.1607785857E-01 -3.2794032652E+00  8.5918251850E-04  3.7653096014E-03
 -1.8032543945E+00  6.1911702084E-01 -3.2955968444E+00  8.1561653893E-04  3.6265388750E-03
 -1.8219935327E+00  6.2216951413E-01 -3.3118611078E+00  7.7403251637E-04  3.4914876115E-03
 -1.8406724854E+00  6.2523459284E-01 -3.3281921019E+00  7.3435403035E-04  3.3600671168E-03
 -1.8592941921E+00  6.2831155745E-01 -3.3445861175E+00  6.9650708572E-04  3.2321996687E-03
 -1.8778614359E+00  6.3139975420E-01 -3.3610396878E+00  6.6042001721E-04  3.1078167440E-03
 -1.8963768389E+00  6.3449857432E-01 -3.3775495846E+00  6.2602340383E-04  2.9868574214E-03
 -1.9148428605E+00  6.3760745284E-01 -3.3941128118E+00  5.9324999216E-04  2.8692669505E-03
 -1.9332617972E+00  6.4072586706E-01 -3.4107265976E+00  5.6203462719E-04  2.7549954771E-03
 -1.9516357855E+00  6.4385333483E-01 -3.4273883848E+00  5.3231419017E-04  2.6439969156E-03
 -1.9699668048E+00  6.4698941259E-01 -3.4440958211E+00  5.0402754214E-04  2.5362279588E-03
 -1.9882566832E+00  6.5013369336E-01 -3.4608467482E+00  4.7711547262E-04  2.4316472147E-03
 -2.0065071026E+00  6.5328580469E-01 -3.4776391906E+00  4.5152065258E-04  2.3302144618E-03
 -2.0247196053E+00  6.5644540652E-01 -3.4944713448E+00  4.2718759097E-04  2.2318900140E-03
 -2.0428956013E+00  6.5961218910E-01 -3.5113415680E+00  4.0406259423E-04  2.1366341848E-03
 -2.0610363749E+00  6.6278587095E-01 -3.5282483674E+00  3.8209372817E-04  2.0444068428E-03
 -2.0791430925E+00  6.6596619686E-01 -3.5451903894E+00  3.6123078183E-04  1.9551670516E-03
 -2.0972168095E+00  6.6915293596E-01 -3.5621664096E+00  3.4142523273E-04  1.8688727833E-03
 -2.1152584780E+00  6.7234587987E-01 -3.5791753230E+00  3.2263021325E-04  1.7854807007E-03
 -2.1332689534E+00  6.7554484095E-01 -3.5962161346E+00  3.0480047779E-04  1.7049459997E-03
 -2.1512490018E+00  6.7874965066E-01 -3.6132879505E+00  2.8789237041E-04  1.6272223050E-03
 -2.1691993061E+00  6.8196015793E-01 -3.6303899700E+00  2.7186379279E-04  1.5522616139E-03
 -2.1871204730E+00  6.8517622771E-01 -3.6475214769E+00  2.5667417225E-04  1.4800142804E-03
 -2.2050130383E+00  6.8839773959E-01 -3.6646818333E+00  2.4228442977E-04  1.4104290359E-03
 -2.2228774736E+00  6.9162458648E-01 -3.6818704714E+00  2.2865694784E-04  1.3434530405E-03
 -2.2407141907E+00  6.9485667341E-01 -3.6990868882E+00  2.1575553813E-04  1.2790319591E-03
 -2.2585235477E+00  6.9809391638E-01 -3.7163306388E+00  2.0354540883E-04  1.2171100605E-03
 -2.2763058532E+00  7.0133624135E-01 -3.7336013312E+00  1.9199313179E-04  1.1576303325E-03
 -2.2940613711E+00  7.0458358322E-01 -3.7508986211E+00  1.8106660927E-04  1.1005346119E-03
 -2.3117903247E+00  7.0783588497E-01 -3.7682222068E+00  1.7073504049E-04  1.0457637243E-03
 -2.3294929007E+00  7.1109309681E-01 -3.7855718252E+00  1.6096888785E-04  9.9325763178E-04
 -2.3471692528E+00  7.1435517541E-01 -3.8029472477E+00  1.5173984301E-04  9.4295558542E-04
 -2.3648195053E+00  7.1762208318E-01 -3.8203482760E+00  1.4302079269E-04  8.9479628017E-04
 -2.3824437561E+00  7.2089378768E-01 -3.8377747393E+00  1.3478578446E-04  8.4871801047E-04
 -2.4000420796E+00  7.2417026094E-01 -3.8552264906E+00  1.2700999240E-04  8.0465882440E-04
 -2.4176145294E+00  7.2745147898E-01 -3.8727034041E+00  1.1966968275E-04  7.6255667501E-04
 -2.4351611408E+00  7.3073742128E-01 -3.8902053726E+00  1.1274217968E-04  7.2234956750E-04
 -2.4526819333E+00  7.3402807034E-01 -3.9077323047E+00  1.0620583112E-04  6.8397570102E-04
 -2.4701769123E+00  7.3732341124E-01 -3.9252841232E+00  1.0003997482E-04  6.4737360433E-04
 -2.4876460711E+00  7.4062343131E-01 -3.9428607625E+00  9.4224904643E-05  6.1248226452E-04
 -2.5050893929E+00  7.4392811976E-01 -3.9604621673E+00  8.8741837194E-05  5.7924124820E-04
 -2.5225068523E+00  7.4723746737E-01 -3.9780882905E+00  8.3572878772E-05  5.4759081473E-04
 -2.5398984163E+00  7.5055146624E-01 -3.9957390923E+00  7.8700992795E-05  5.1747202122E-04
 -2.5572640462E+00  7.5387010951E-01 -4.0134145384E+00  7.4109967674E-05  4.8882681910E-04
 -2.5746036984E+00  7.5719339119E-01 -4.0311145992E+00  6.9784385222E-05  4.6159814223E-04
