 AIMInt (Version 19.02.13, Professional)
 Portions Copyright (c) 1997-2019 by Todd A. Keith
 AIMInt is a component of the AIMAll package ( http://aim.tkgristmill.com )

 TP:  64-bit Linux

 Licensed To:  Research Group of Fernando Cortes Guzman, UNAM, fercor@unam.mx

 AIMInt is a heavily modified and extended version of the PROAIMV program
 developed by members of R.F.W. Bader's research group

 Much of the Quantum Theory of Atoms in Molecules (QTAIM) is described in the book:
   "Atoms in Molecules - A Quantum Theory"
   R.F.W. Bader, Oxford University Press, Oxford, 1990

 For additional references see:  http://aim.tkgristmill.com/references.html

 Current Directory:  /home/scratch/M_H2O_4_tetraedrico/Opt

 Inp File:  Mn4_tetraedrico_cc-pvtz-def2-tzv_1_atomicfiles/o6.inp
 Wfx File:  Mn4_tetraedrico_cc-pvtz-def2-tzv_1.wfx
 Out File:  Mn4_tetraedrico_cc-pvtz-def2-tzv_1_atomicfiles/o6.int

 Wfx Title:   Mn4_tetraedrico_cc-pvtz-def2-tzv_1                                            
 Job Title:   Mn4_tetraedrico_cc-pvtz-def2-tzv_1                                            
 
<Atom>
O6      
</Atom>
<Nuclei of Molecule>
    13
Mn1       25.0          -2.7991199411E-05   4.0458458872E-05  -1.1700893488E-05
O2         8.0          -1.9976235081E+00   2.7746029689E+00   5.2013997142E-01
H3         1.0          -2.8458300237E+00   3.2423980048E+00   2.1932852914E+00
O4         8.0           1.9990500125E+00   5.2242600547E-01  -2.7730864029E+00
H5         1.0           2.8468278880E+00  -8.6626766712E-01  -3.8175145094E+00
O6         8.0          -1.9956148067E+00  -2.7752676463E+00  -5.2388295895E-01
H7         1.0          -2.8396745785E+00  -3.2449832065E+00  -2.1986079010E+00
O8         8.0           1.9940753549E+00  -5.2159843601E-01   2.7767827380E+00
H9         1.0           2.8394044678E+00   8.6720770870E-01   3.8231223781E+00
H10        1.0           2.8460053493E+00   2.1962776273E+00  -3.2410288539E+00
H11        1.0           2.8398271216E+00  -2.1954856268E+00   3.2464995096E+00
H12        1.0          -2.8420058990E+00  -3.8219234354E+00   8.6400844695E-01
H13        1.0          -2.8429509659E+00   3.8204619970E+00  -8.6909862024E-01
</Nuclei of Molecule>
<Total Number of CPs of DelSqRho>
    35
</Total Number of CPs of DelSqRho>
<Number of (3,+3) CPs of DelSqRho>
     5
</Number of (3,+3) CPs of DelSqRho>
<Number of (3,+1) CPs of DelSqRho>
    13
</Number of (3,+1) CPs of DelSqRho>
<Number of (3,-1) CPs of DelSqRho>
    12
</Number of (3,-1) CPs of DelSqRho>
<Number of (3,-3) CPs of DelSqRho>
     5
</Number of (3,-3) CPs of DelSqRho>
<Number of Degenerate CPs of DelSqRho>
     0
</Number of Degenerate CPs of DelSqRho>
<CP of DelSqRho>
CP# = 1       
Type = (3,+3)
Coords = -1.99561498861234E+00 -2.77526765328945E+00 -5.23882960433440E-01
DistFromNuc =  1.8209349036E-07
Rho =  2.9728744176E+02
DelSqRho = -3.3287637770E+06
GradDelSqRho = -3.7042261738E-06  3.5133123220E-06 -5.1485907022E-06
HessDelSqRho_EigVals =  1.3237509635E+11  1.3237511685E+11  1.3237512000E+11
HessDelSqRho_EigVec1 =  7.7206651040E-01 -6.2466101619E-01 -1.1709790083E-01
HessDelSqRho_EigVec2 =  6.3554102183E-01  7.5857054696E-01  1.4373007634E-01
HessDelSqRho_EigVec3 = -9.5555686227E-04 -1.8538969803E-01  9.8266461561E-01
</CP of DelSqRho>
<CP of DelSqRho>
CP# = 2       
Type = (3,+1)
Coords = -9.30037173417548E-01 -1.73927577339958E+00 -3.28049027997822E-01
DistFromNuc =  1.4990282791E+00
Rho =  1.5660467096E-01
DelSqRho =  3.0951177335E-01
GradDelSqRho = -1.5487611194E-14 -5.0272286334E-15 -7.5148220979E-15
HessDelSqRho_EigVals = -5.0074933667E-01  1.2486135941E-01  4.8705649010E+00
HessDelSqRho_EigVec1 =  8.3079047375E-01 -5.4709542547E-01 -1.0234150750E-01
HessDelSqRho_EigVec2 = -7.4857660593E-04 -1.8497204798E-01  9.8274349710E-01
HessDelSqRho_EigVec3 =  5.5658478991E-01  8.1637732507E-01  1.5408255821E-01
</CP of DelSqRho>
<CP of DelSqRho>
CP# = 3       
Type = (3,+1)
Coords = -2.51085023226658E+00 -3.05127666362529E+00 -1.55738543223923E+00
DistFromNuc =  1.1873398350E+00
Rho =  3.8033880423E-01
DelSqRho = -7.7474004029E-01
GradDelSqRho = -2.5535129566E-15 -7.4419637119E-16 -6.7862382380E-15
HessDelSqRho_EigVals = -2.4635344429E+01  1.2008776152E+01  1.2409141738E+01
HessDelSqRho_EigVec1 =  4.3794661506E-01  2.4901910292E-01  8.6382420013E-01
HessDelSqRho_EigVec2 = -7.2898083406E-01  6.6068247672E-01  1.7912456149E-01
HessDelSqRho_EigVec3 =  5.2610807438E-01  7.0815828127E-01 -4.7087380766E-01
</CP of DelSqRho>
<CP of DelSqRho>
CP# = 4       
Type = (3,+1)
Coords = -2.51228200994098E+00 -3.40824774032778E+00  3.37644212280778E-01
DistFromNuc =  1.1873659357E+00
Rho =  3.8029765101E-01
DelSqRho = -7.7446527232E-01
GradDelSqRho = -3.1710745141E-15 -1.6653345369E-16  9.9920072216E-16
HessDelSqRho_EigVals = -2.4626326836E+01  1.2004771245E+01  1.2405159042E+01
HessDelSqRho_EigVec1 = -4.3912761208E-01 -5.4612050767E-01  7.1338582227E-01
HessDelSqRho_EigVec2 =  7.2891009887E-01 -6.8076362328E-01 -7.2463487213E-02
HessDelSqRho_EigVec3 =  5.2522091359E-01  4.8817341214E-01  6.9701485752E-01
</CP of DelSqRho>
<CP of DelSqRho>
CP# = 5       
Type = (3,-3)
Coords = -1.88529296519220E+00 -2.65140880930408E+00 -5.00543893264665E-01
DistFromNuc =  1.6750114084E-01
Rho =  2.2604991098E+01
DelSqRho =  1.2832054602E+03
GradDelSqRho =  8.3772988546E-12  6.8567374001E-12  2.8357316495E-12
HessDelSqRho_EigVals = -4.3791676103E+05 -2.3738015157E+03 -2.0188479964E+02
HessDelSqRho_EigVec1 =  6.6007106229E-01  7.3821120348E-01  1.3910575753E-01
HessDelSqRho_EigVec2 =  7.5120301143E-01 -6.4877288603E-01 -1.2160500802E-01
HessDelSqRho_EigVec3 = -4.7786446019E-04 -1.8476461079E-01  9.8278268719E-01
</CP of DelSqRho>
<CP of DelSqRho>
CP# = 6       
Type = (3,+1)
Coords = -2.14584961662037E+00 -2.70010555906053E+00 -5.09839521194897E-01
DistFromNuc =  1.6857359111E-01
Rho =  2.2478745944E+01
DelSqRho =  1.2350101248E+03
GradDelSqRho =  6.0822458181E-12 -1.4132695014E-11 -1.6697754290E-12
HessDelSqRho_EigVals = -4.0843898674E+05  2.3504066996E+03  2.4452300369E+03
HessDelSqRho_EigVec1 =  8.9057688518E-01 -4.4709515380E-01 -8.3538823524E-02
HessDelSqRho_EigVec2 =  5.4003268810E-06 -1.8365893780E-01  9.8299002769E-01
HessDelSqRho_EigVec3 =  4.5483272921E-01  8.7542864816E-01  1.6355999030E-01
</CP of DelSqRho>
<CP of DelSqRho>
CP# = 7       
Type = (3,+1)
Coords = -1.86754430877848E+00 -2.88165342219010E+00 -5.43836691165231E-01
DistFromNuc =  1.6768463609E-01
Rho =  2.2675381929E+01
DelSqRho =  1.2547106334E+03
GradDelSqRho =  4.3955949991E-12  1.3411494137E-13 -1.0336176359E-13
HessDelSqRho_EigVals = -4.2938584368E+05  1.7345131395E+03  1.7803286781E+03
HessDelSqRho_EigVec1 =  7.6497586825E-01 -6.3302117808E-01 -1.1872703608E-01
HessDelSqRho_EigVec2 =  1.6892878299E-03 -1.8236919351E-01  9.8322867308E-01
HessDelSqRho_EigVec3 =  6.4405672678E-01  7.5234677201E-01  1.3843867717E-01
</CP of DelSqRho>
<CP of DelSqRho>
CP# = 8       
Type = (3,+3)
Coords = -1.38101447677674E+00 -2.96005823249437E+00 -5.58224695554379E-01
DistFromNuc =  6.4269781479E-01
Rho =  9.2725196342E-01
DelSqRho = -4.1546310506E+00
GradDelSqRho = -5.6843418861E-14  1.5314138846E-14  8.8817841970E-16
HessDelSqRho_EigVals =  1.0648637991E+01  1.7624280452E+01  3.1953742459E+02
HessDelSqRho_EigVec1 =  3.1763664467E-01  9.3178202282E-01  1.7575330414E-01
HessDelSqRho_EigVec2 = -7.4592318272E-04 -1.8510663075E-01  9.8271815840E-01
HessDelSqRho_EigVec3 =  9.4821221547E-01 -3.1227839695E-01 -5.8101611286E-02
</CP of DelSqRho>
<CP of DelSqRho>
CP# = 9       
Type = (3,-1)
Coords = -1.81376959029127E+00 -2.38511979678969E+00 -1.08094134329468E+00
DistFromNuc =  7.0398655578E-01
Rho =  7.0660787326E-01
DelSqRho = -1.3911953458E+00
GradDelSqRho = -9.2009733166E-14  2.5401902803E-13 -1.4599432774E-14
HessDelSqRho_EigVals = -1.4441688330E+01 -9.6007657947E+00  1.5872804951E+02
HessDelSqRho_EigVec1 =  6.8382854294E-01  4.7347762210E-01  5.5515535234E-01
HessDelSqRho_EigVec2 =  6.7992142690E-01 -6.8957160667E-01 -2.4939497294E-01
HessDelSqRho_EigVec3 = -2.6473642951E-01 -5.4800542027E-01  7.9347632746E-01
</CP of DelSqRho>
<CP of DelSqRho>
CP# = 10      
Type = (3,-1)
Coords = -2.35906464648095E+00 -3.37873724555893E+00 -6.37809157077452E-01
DistFromNuc =  7.1361791035E-01
Rho =  6.8174183973E-01
DelSqRho = -1.1713027012E+00
GradDelSqRho = -5.7611554416E-13 -2.6830759836E-12 -5.0738580004E-13
HessDelSqRho_EigVals = -1.8843551644E+01 -6.2345228016E+00  1.4780177266E+02
HessDelSqRho_EigVec1 = -7.3804228706E-04 -1.8508727729E-01  9.8272180961E-01
HessDelSqRho_EigVec2 =  8.6845487354E-01 -4.8732060539E-01 -9.1130456982E-02
HessDelSqRho_EigVec3 =  4.9576767535E-01  8.5338228676E-01  1.6109961120E-01
</CP of DelSqRho>
<CP of DelSqRho>
CP# = 11      
Type = (3,-1)
Coords = -1.81465857854403E+00 -2.61457228806142E+00  1.37189310676947E-01
DistFromNuc =  7.0397776976E-01
Rho =  7.0662537796E-01
DelSqRho = -1.3913228251E+00
GradDelSqRho = -3.1641356202E-15 -2.6645352591E-15 -2.0983215165E-14
HessDelSqRho_EigVals = -1.4440520501E+01 -9.6016392830E+00  1.5873822676E+02
HessDelSqRho_EigVec1 =  6.8459780967E-01  6.4269676535E-01 -3.4389926840E-01
HessDelSqRho_EigVec2 = -6.7963634828E-01  7.3333911601E-01  1.7554914817E-02
HessDelSqRho_EigVec3 =  2.6347727245E-01  2.2170838672E-01  9.3884243522E-01
</CP of DelSqRho>
<CP of DelSqRho>
CP# = 12      
Type = (3,+1)
Coords = -1.81012048090693E+00 -3.28649898624091E+00 -1.21374271539421E-01
DistFromNuc =  6.7659357913E-01
Rho =  8.0527843271E-01
DelSqRho = -2.7232160168E+00
GradDelSqRho = -2.8310687128E-15 -2.2204460493E-15  1.4432899320E-15
HessDelSqRho_EigVals = -1.2782866775E+01  1.2528871357E+01  2.1733645319E+02
HessDelSqRho_EigVec1 =  8.6985731325E-01  1.4639202807E-02 -4.9308614696E-01
HessDelSqRho_EigVec2 =  3.6469116767E-01  6.5401382944E-01  6.6277165232E-01
HessDelSqRho_EigVec3 = -3.3218760785E-01  7.5634093148E-01 -5.6355992454E-01
</CP of DelSqRho>
<CP of DelSqRho>
CP# = 13      
Type = (3,+1)
Coords = -2.52543952795188E+00 -2.58087763113396E+00 -1.61638394710006E-01
DistFromNuc =  6.7061377677E-01
Rho =  8.1480405015E-01
DelSqRho = -2.6893964420E+00
GradDelSqRho = -9.1038288019E-15  5.5511151231E-15 -1.9984014443E-15
HessDelSqRho_EigVals = -7.1060372303E+00  8.7658826164E+00  2.2020120772E+02
HessDelSqRho_EigVec1 =  8.3513019263E-03  8.5484958038E-01 -5.1880868409E-01
HessDelSqRho_EigVec2 =  6.0188827943E-01  4.1001939165E-01  6.8528431877E-01
HessDelSqRho_EigVec3 =  7.9853663337E-01 -3.1798788247E-01 -5.1109974737E-01
</CP of DelSqRho>
<CP of DelSqRho>
CP# = 14      
Type = (3,+1)
Coords = -2.52500255693245E+00 -2.46228845669986E+00 -7.91311772500557E-01
DistFromNuc =  6.7061578683E-01
Rho =  8.1479805651E-01
DelSqRho = -2.6892425908E+00
GradDelSqRho =  1.4511725155E-12 -1.4721557307E-13  2.9076741015E-12
HessDelSqRho_EigVals = -7.1084171715E+00  8.7649347565E+00  2.2019408714E+02
HessDelSqRho_EigVec1 =  7.3558527506E-03  6.0747756819E-01  7.9430277324E-01
HessDelSqRho_EigVec2 =  6.0270058702E-01  6.3114177680E-01 -4.8827457437E-01
HessDelSqRho_EigVec3 =  7.9793351467E-01 -4.8231842358E-01  3.6148450098E-01
</CP of DelSqRho>
<CP of DelSqRho>
CP# = 15      
Type = (3,+3)
Coords = -2.22316553923212E+00 -2.15515774139008E+00 -4.07219730722462E-01
DistFromNuc =  6.7076518903E-01
Rho =  8.1679541100E-01
DelSqRho = -3.0265504588E+00
GradDelSqRho = -1.0130785100E-14 -4.8849813084E-15  3.9968028887E-15
HessDelSqRho_EigVals =  1.8316575859E+00  1.0886951353E+01  2.2415658290E+02
HessDelSqRho_EigVec1 =  9.2531206187E-01  3.7254475380E-01  7.0767185661E-02
HessDelSqRho_EigVec2 = -6.2762410751E-04 -1.8511428059E-01  9.8271680011E-01
HessDelSqRho_EigVec3 = -3.7920600501E-01  9.0936412374E-01  1.7105465859E-01
</CP of DelSqRho>
<CP of DelSqRho>
CP# = 16      
Type = (3,+1)
Coords = -1.80938340154375E+00 -3.10510786000479E+00 -1.08450421884468E+00
DistFromNuc =  6.7658916626E-01
Rho =  8.0529600570E-01
DelSqRho = -2.7232897257E+00
GradDelSqRho =  1.5210055437E-14 -1.2712053632E-14 -2.4424906542E-14
HessDelSqRho_EigVals = -1.2784021682E+01  1.2529760709E+01  2.1734347236E+02
HessDelSqRho_EigVec1 =  8.6912535090E-01 -1.6596708652E-01  4.6591420950E-01
HessDelSqRho_EigVec2 =  3.6548576716E-01  8.5019582496E-01 -3.7892903455E-01
HessDelSqRho_EigVec3 = -3.3322856784E-01  4.9962184241E-01  7.9958535264E-01
</CP of DelSqRho>
<CP of DelSqRho>
CP# = 17      
Type = (3,+1)
Coords = -1.74028715944243E+00 -2.14770971147546E+00 -4.05485646615251E-01
DistFromNuc =  6.8777837455E-01
Rho =  7.8392113272E-01
DelSqRho = -2.9444057322E+00
GradDelSqRho = -6.3005156647E-15  6.5725203058E-14  1.0449974219E-14
HessDelSqRho_EigVals = -2.2047771999E+00  1.4138225100E+01  1.9964713906E+02
HessDelSqRho_EigVec1 =  9.3160418884E-01 -3.5731374902E-01 -6.6637227608E-02
HessDelSqRho_EigVec2 = -7.1126853999E-04 -1.8512580486E-01  9.8271457223E-01
HessDelSqRho_EigVec3 =  3.6347369842E-01  9.1545361496E-01  1.7271812130E-01
</CP of DelSqRho>
<CP of DelSqRho>
CP# = 18      
Type = (3,+3)
Coords = -2.29993456150730E+00 -3.11542451418880E+00  8.15206573068692E-03
DistFromNuc =  7.0098393383E-01
Rho =  8.0097722983E-01
DelSqRho = -3.5366604315E+00
GradDelSqRho = -1.6542323067E-14 -1.1990408666E-14  2.0317081351E-14
HessDelSqRho_EigVals =  1.3344705978E+01  2.4134443795E+01  1.7138799439E+02
HessDelSqRho_EigVec1 =  7.3859623957E-01 -6.7405111605E-01  1.1431878342E-02
HessDelSqRho_EigVec2 =  5.1646793631E-01  5.7665949611E-01  6.3302819551E-01
HessDelSqRho_EigVec3 = -4.3328566288E-01 -4.6164804613E-01  7.7404432421E-01
</CP of DelSqRho>
<CP of DelSqRho>
CP# = 19      
Type = (3,+3)
Coords = -2.29906548307847E+00 -2.89850108269487E+00 -1.14364960114858E+00
DistFromNuc =  7.0098465294E-01
Rho =  8.0099577119E-01
DelSqRho = -3.5369112598E+00
GradDelSqRho = -4.4408920985E-16 -1.8138268665E-14 -2.7755575616E-14
HessDelSqRho_EigVals =  1.3348330662E+01  2.4138422794E+01  1.7138372339E+02
HessDelSqRho_EigVec1 = -7.3883873687E-01  6.2386209531E-01  2.5478109610E-01
HessDelSqRho_EigVec2 =  5.1717410589E-01  7.6732472942E-01 -3.7913546894E-01
HessDelSqRho_EigVec3 =  4.3202808369E-01  1.4835378540E-01  8.8957455520E-01
</CP of DelSqRho>
<CP of DelSqRho>
CP# = 20      
Type = (3,-3)
Coords = -3.12353993532063E+00 -3.07347545469207E+00 -5.80917842596814E-01
DistFromNuc =  1.1680736153E+00
Rho =  2.4124179409E-01
DelSqRho =  8.4308423531E-01
GradDelSqRho =  1.5702335265E-12  1.9671764218E-13  3.8443640632E-14
HessDelSqRho_EigVals = -1.8095745451E+01 -1.9367662573E+00 -9.7917371709E-02
HessDelSqRho_EigVec1 =  9.6623883726E-01  2.5306198966E-01  4.8395648230E-02
HessDelSqRho_EigVec2 = -7.5507037266E-04 -1.8505419040E-01  9.8272802773E-01
HessDelSqRho_EigVec3 = -2.5764692749E-01  9.4958652897E-01  1.7861546615E-01
</CP of DelSqRho>
<CP of DelSqRho>
CP# = 21      
Type = (3,+1)
Coords = -1.42982678372272E+00 -1.67606496496417E+00 -3.16523167811114E-01
DistFromNuc =  1.2535392712E+00
Rho =  2.4462830678E-01
DelSqRho =  3.3049623754E-01
GradDelSqRho = -1.0408340856E-16 -5.9327542878E-15 -2.0981480442E-15
HessDelSqRho_EigVals = -8.1308773742E+00  6.7437571488E-01  1.3040137397E+00
HessDelSqRho_EigVec1 =  4.2540735271E-01  8.8932276954E-01  1.6773072420E-01
HessDelSqRho_EigVec2 =  9.0500174055E-01 -4.1817192818E-01 -7.8128663642E-02
HessDelSqRho_EigVec3 = -6.5868082187E-04 -1.8503310531E-01  9.8273206729E-01
</CP of DelSqRho>
<CP of DelSqRho>
CP# = 22      
Type = (3,-3)
Coords = -2.32994921583004E+00 -3.85768751353590E+00 -7.28036695176565E-01
DistFromNuc =  1.1511259767E+00
Rho =  2.3896858530E-01
DelSqRho =  8.7029486239E-01
GradDelSqRho = -6.2016364266E-16 -2.5673907444E-16 -4.3715031595E-16
HessDelSqRho_EigVals = -1.8127921530E+01 -1.7488928615E+00 -2.4960603019E-01
HessDelSqRho_EigVec1 =  2.8354719684E-01  9.4234724004E-01  1.7771512696E-01
HessDelSqRho_EigVec2 = -6.8992462387E-04 -1.8512050699E-01  9.8271558545E-01
HessDelSqRho_EigVec3 =  9.5895803410E-01 -2.7876885959E-01 -5.1840252270E-02
</CP of DelSqRho>
<CP of DelSqRho>
CP# = 23      
Type = (3,-1)
Coords = -1.37604125234963E+00 -3.50544312887981E+00  1.68968949785122E-01
DistFromNuc =  1.1819777460E+00
Rho =  2.3853590707E-01
DelSqRho =  7.5147637938E-01
GradDelSqRho =  9.5756735874E-16 -1.0876716194E-15  8.8123952580E-16
HessDelSqRho_EigVals = -1.7754921630E+01 -1.1346397505E+00  2.2683757480E-01
HessDelSqRho_EigVec1 = -5.4532010155E-01  6.0598455779E-01 -5.7914480277E-01
HessDelSqRho_EigVec2 = -8.3238968135E-01 -3.1008224894E-01  4.5932169259E-01
HessDelSqRho_EigVec3 =  9.8759329865E-02  7.3255150988E-01  6.7350937643E-01
</CP of DelSqRho>
<CP of DelSqRho>
CP# = 24      
Type = (3,-1)
Coords = -2.58712968691993E+00 -1.99110462843819E+00 -1.18453682745308E+00
DistFromNuc =  1.1837504070E+00
Rho =  2.3821431875E-01
DelSqRho =  7.2143959194E-01
GradDelSqRho = -3.4694469520E-17  2.1579960041E-15 -5.3429483060E-16
HessDelSqRho_EigVals = -1.6818643578E+01 -1.3603724387E+00  3.0597380306E-01
HessDelSqRho_EigVec1 = -4.8222051493E-01  6.9032116145E-01 -5.3937006687E-01
HessDelSqRho_EigVec2 =  2.6483341432E-01  7.0174871712E-01  6.6137130318E-01
HessDelSqRho_EigVec3 =  8.3506085864E-01  1.7608359399E-01 -5.2121773789E-01
</CP of DelSqRho>
<CP of DelSqRho>
CP# = 25      
Type = (3,-1)
Coords = -2.58836955536246E+00 -2.28501258870994E+00  3.75873584342837E-01
DistFromNuc =  1.1837525294E+00
Rho =  2.3821100849E-01
DelSqRho =  7.2142681180E-01
GradDelSqRho =  8.0881482067E-16  7.9103390505E-16  2.3245294578E-16
HessDelSqRho_EigVals = -1.6818996928E+01 -1.3598858010E+00  3.0599655135E-01
HessDelSqRho_EigVec1 = -4.8325373474E-01  4.4692627854E-01  7.5280988929E-01
HessDelSqRho_EigVec2 = -2.6558013852E-01 -8.9419936947E-01  3.6038129483E-01
HessDelSqRho_EigVec3 = -8.3422599928E-01  2.5775748023E-02 -5.5081992786E-01
</CP of DelSqRho>
<CP of DelSqRho>
CP# = 26      
Type = (3,-3)
Coords = -1.64818609942640E+00 -2.68633538386802E+00  5.74572838311344E-01
DistFromNuc =  1.1555175431E+00
Rho =  2.4323975600E-01
DelSqRho =  8.0692626514E-01
GradDelSqRho = -3.9607206404E-14 -1.0077008672E-14 -8.2989171091E-14
HessDelSqRho_EigVals = -1.7423656994E+01 -1.5202794843E+00 -3.6548339709E-01
HessDelSqRho_EigVec1 =  3.2211044881E-01  1.1054302799E-01  9.4022608862E-01
HessDelSqRho_EigVec2 =  6.7619854019E-01  6.6822044629E-01 -3.1022083975E-01
HessDelSqRho_EigVec3 = -6.6257104752E-01  7.3570488249E-01  1.4049175371E-01
</CP of DelSqRho>
<CP of DelSqRho>
CP# = 27      
Type = (3,-3)
Coords = -1.64660466005509E+00 -2.29296831032300E+00 -1.51424444413638E+00
DistFromNuc =  1.1555243845E+00
Rho =  2.4324219208E-01
DelSqRho =  8.0691875010E-01
GradDelSqRho = -2.5176388752E-13 -1.8630930132E-13  4.2507664055E-13
HessDelSqRho_EigVals = -1.7422889367E+01 -1.5207315009E+00 -3.6537809086E-01
HessDelSqRho_EigVec1 = -3.2345758964E-01 -4.4488834555E-01  8.3513444887E-01
HessDelSqRho_EigVec2 =  6.7558730559E-01  5.0938404615E-01  5.3301940496E-01
HessDelSqRho_EigVec3 =  6.6253828586E-01 -7.3661540408E-01 -1.3579678289E-01
</CP of DelSqRho>
<CP of DelSqRho>
CP# = 28      
Type = (3,-1)
Coords = -1.37485527245298E+00 -3.20349491795486E+00 -1.43401995133407E+00
DistFromNuc =  1.1819773012E+00
Rho =  2.3853934868E-01
DelSqRho =  7.5149522195E-01
GradDelSqRho = -4.3576947606E-13  4.6385811858E-13  5.1282242342E-13
HessDelSqRho_EigVals = -1.7755142813E+01 -1.1349110344E+00  2.2679333500E-01
HessDelSqRho_EigVec1 = -5.4631791069E-01  3.5389645840E-01  7.5914032773E-01
HessDelSqRho_EigVec2 =  8.3164266603E-01  1.2148863022E-01  5.4185882735E-01
HessDelSqRho_EigVec3 =  9.9535001391E-02  9.2736066849E-01 -3.6068680879E-01
</CP of DelSqRho>
<CP of DelSqRho>
CP# = 29      
Type = (3,-1)
Coords = -3.00571356476233E+00 -3.34982003601052E+00 -6.32871789261876E-01
DistFromNuc =  1.1671711592E+00
Rho =  2.4360880237E-01
DelSqRho =  8.4153074605E-01
GradDelSqRho = -2.7755575616E-16  1.1258355359E-15 -1.6393136848E-16
HessDelSqRho_EigVals = -1.7186417601E+01 -2.9486191844E+00  9.6172782631E-02
HessDelSqRho_EigVec1 =  8.6058870738E-01  5.0038249045E-01  9.4891727656E-02
HessDelSqRho_EigVec2 = -7.4021383069E-04 -1.8508866221E-01  9.8272154714E-01
HessDelSqRho_EigVec3 = -5.0930003811E-01  8.4578930613E-01  1.5891482252E-01
</CP of DelSqRho>
<CP of DelSqRho>
CP# = 30      
Type = (3,-1)
Coords = -9.75090170569671E-01 -1.76124628420085E+00  3.98582600665285E-02
DistFromNuc =  1.5451582500E+00
Rho =  1.3999516727E-01
DelSqRho =  3.1341701245E-01
GradDelSqRho = -1.4571677198E-16  9.9503738582E-15 -7.1346574482E-14
HessDelSqRho_EigVals = -5.1169765197E-01 -1.8142850858E-01  4.8225404001E+00
HessDelSqRho_EigVec1 =  7.6553006110E-01 -5.7557677534E-01  2.8753278289E-01
HessDelSqRho_EigVec2 =  2.9229396534E-01 -8.7000964004E-02 -9.5236288782E-01
HessDelSqRho_EigVec3 =  5.7317358922E-01  8.1310651698E-01  1.0163576473E-01
</CP of DelSqRho>
<CP of DelSqRho>
CP# = 31      
Type = (3,-1)
Coords = -9.74568556604341E-01 -1.62593213998053E+00 -6.78920551386862E-01
DistFromNuc =  1.5451680186E+00
Rho =  1.3999066839E-01
DelSqRho =  3.1341974959E-01
GradDelSqRho =  1.0859368960E-15  7.0429773125E-16 -1.0408340856E-17
HessDelSqRho_EigVals = -5.1166311948E-01 -1.8146400115E-01  4.8227107870E+00
HessDelSqRho_EigVec1 =  7.6606140119E-01 -4.3180066399E-01 -4.7612825602E-01
HessDelSqRho_EigVec2 =  2.9103828873E-01 -4.2744536969E-01  8.5591306242E-01
HessDelSqRho_EigVec3 =  5.7310264709E-01  7.9425351274E-01  2.0177887252E-01
</CP of DelSqRho>
<CP of DelSqRho>
CP# = 32      
Type = (3,-1)
Coords = -3.07482889232774E+00 -3.93417136748188E+00 -1.80185364338990E+00
DistFromNuc =  2.0349373327E+00
Rho =  6.5465635321E-02
DelSqRho =  1.8437595916E-01
GradDelSqRho = -1.0820337681E-16 -9.0639301620E-17 -8.5868812061E-17
HessDelSqRho_EigVals = -2.3345420886E+00 -1.2330625611E-02  4.4655941194E-01
HessDelSqRho_EigVec1 =  4.9799746990E-01  8.6276879331E-01  8.7341452155E-02
HessDelSqRho_EigVec2 =  8.4557463917E-01 -4.6077997581E-01 -2.6960219489E-01
HessDelSqRho_EigVec3 =  1.9235916815E-01 -2.0811492782E-01  9.5900267322E-01
</CP of DelSqRho>
<CP of DelSqRho>
CP# = 33      
Type = (3,-1)
Coords = -3.07631912676399E+00 -4.31951251063632E+00  2.43378819258779E-01
DistFromNuc =  2.0350195736E+00
Rho =  6.5457445082E-02
DelSqRho =  1.8434712009E-01
GradDelSqRho =  1.3314002678E-16  9.0205620751E-17 -3.5117308367E-16
HessDelSqRho_EigVals = -2.3343336752E+00 -1.2338695940E-02  4.4642622930E-01
HessDelSqRho_EigVec1 =  4.9780322985E-01  8.3533333898E-01  2.3325984899E-01
HessDelSqRho_EigVec2 =  8.4535036619E-01 -5.2744378859E-01  8.4769146876E-02
HessDelSqRho_EigVec3 = -1.9384195298E-01 -1.5498794366E-01  9.6871256552E-01
</CP of DelSqRho>
<CP of DelSqRho>
CP# = 34      
Type = (3,+1)
Coords = -3.00320534941254E+00 -2.38824423345124E+00 -2.26892113848294E+00
DistFromNuc =  2.0518733080E+00
Rho =  6.4225104358E-02
DelSqRho =  1.7077473266E-01
GradDelSqRho =  9.3458227268E-17  3.0813025742E-16 -1.3162214374E-16
HessDelSqRho_EigVals = -1.7771338489E+00  1.1685590567E-02  5.2550264009E-01
HessDelSqRho_EigVec1 =  4.4045986797E-01 -6.2882897424E-01  6.4075676029E-01
HessDelSqRho_EigVec2 = -8.5943541294E-01 -8.8999532565E-02  5.0343803411E-01
HessDelSqRho_EigVec3 =  2.5954937043E-01  7.7243330091E-01  5.7963861151E-01
</CP of DelSqRho>
<CP of DelSqRho>
CP# = 35      
Type = (3,+1)
Coords = -3.00635079452891E+00 -3.04939956489424E+00  1.24070231059250E+00
DistFromNuc =  2.0519494924E+00
Rho =  6.4216471473E-02
DelSqRho =  1.7074824854E-01
GradDelSqRho = -3.6212352561E-16 -1.7607443281E-16  5.1022554237E-16
HessDelSqRho_EigVals = -1.7768388533E+00  1.1684698517E-02  5.2541416920E-01
HessDelSqRho_EigVec1 = -4.4201128912E-01  3.5273844804E-01  8.2474335861E-01
HessDelSqRho_EigVec2 =  8.5855906176E-01 -9.9942892452E-02  5.0287946440E-01
HessDelSqRho_EigVec3 =  2.5981215861E-01  9.3036928449E-01 -2.5867090427E-01
</CP of DelSqRho>
<Path of -GradDelSqRho>
Starting CP# =      2
Ending CP# =      0
Number of Points =    400
 -9.3003717342E-01 -1.7392757734E+00 -3.2804902800E-01  1.5660467096E-01  3.0951177335E-01
 -9.0926591813E-01 -1.7529509648E+00 -3.3060712992E-01  1.5463317144E-01  3.0935436808E-01
 -8.8849454291E-01 -1.7666259955E+00 -3.3316515758E-01  1.5254058881E-01  3.0887945649E-01
 -8.6772705039E-01 -1.7803067283E+00 -3.3572421918E-01  1.5033536102E-01  3.0808523448E-01
 -8.4696696072E-01 -1.7939983162E+00 -3.3828528875E-01  1.4802583866E-01  3.0697287317E-01
 -8.2621730106E-01 -1.8077051736E+00 -3.4084920077E-01  1.4562024524E-01  3.0554645101E-01
 -8.0548059590E-01 -1.8214309605E+00 -3.4341664711E-01  1.4312664535E-01  3.0381282441E-01
 -7.8475885920E-01 -1.8351785715E+00 -3.4598817505E-01  1.4055291948E-01  3.0178144267E-01
 -7.6405358691E-01 -1.8489501287E+00 -3.4856418595E-01  1.3790674394E-01  2.9946411451E-01
 -7.4336574827E-01 -1.8627469758E+00 -3.5114493402E-01  1.3519557511E-01  2.9687473404E-01
 -7.2269577528E-01 -1.8765696692E+00 -3.5373052478E-01  1.3242663687E-01  2.9402897474E-01
 -7.0204354943E-01 -1.8904179679E+00 -3.5632091308E-01  1.2960691081E-01  2.9094396045E-01
 -6.8140838565E-01 -1.9042908185E+00 -3.5891590030E-01  1.2674312872E-01  2.8763792199E-01
 -6.6078901331E-01 -1.9181863368E+00 -3.6151513082E-01  1.2384176700E-01  2.8412984835E-01
 -6.4018355473E-01 -1.9321017832E+00 -3.6411808751E-01  1.2090904302E-01  2.8043914023E-01
 -6.1958950176E-01 -1.9460335357E+00 -3.6672408646E-01  1.1795091339E-01  2.7658527396E-01
 -5.9900369169E-01 -1.9599770570E+00 -3.6933227095E-01  1.1497307414E-01  2.7258748217E-01
 -5.7842228383E-01 -1.9739268608E+00 -3.7194160498E-01  1.1198096306E-01  2.6846445743E-01
 -5.5784073896E-01 -1.9878764759E+00 -3.7455086657E-01  1.0897976450E-01  2.6423408367E-01
 -5.3725380415E-01 -2.0018184129E+00 -3.7715864146E-01  1.0597441670E-01  2.5991319960E-01
 -5.1665550633E-01 -2.0157441349E+00 -3.7976331763E-01  1.0296962210E-01  2.5551739697E-01
 -4.9603915831E-01 -2.0296440378E+00 -3.8236308161E-01  9.9969860770E-02  2.5106085603E-01
 -4.7539738172E-01 -2.0435074442E+00 -3.8495591736E-01  9.6979407005E-02  2.4655621947E-01
 -4.5472215165E-01 -2.0573226179E+00 -3.8753960909E-01  9.4002349268E-02  2.4201450543E-01
 -4.3400486781E-01 -2.0710768054E+00 -3.9011174907E-01  9.1042613048E-02  2.3744505959E-01
 -4.1323645680E-01 -2.0847563115E+00 -3.9266975212E-01  8.8103986184E-02  2.3285554588E-01
 -3.9240750897E-01 -2.0983466188E+00 -3.9521087801E-01  8.5190145729E-02  2.2825197496E-01
 -3.7150845174E-01 -2.1118325550E+00 -3.9773226334E-01  8.2304685002E-02  2.2363876923E-01
 -3.5052975852E-01 -2.1251985165E+00 -4.0023096368E-01  7.9451139062E-02  2.1901886314E-01
 -3.2946218894E-01 -2.1384287497E+00 -4.0270400673E-01  7.6633006420E-02  2.1439383697E-01
 -3.0829705211E-01 -2.1515076876E+00 -4.0514845592E-01  7.3853764585E-02  2.0976408197E-01
 -2.8702648008E-01 -2.1644203358E+00 -4.0756148332E-01  7.1116877000E-02  2.0512899429E-01
 -2.6564369538E-01 -2.1771526934E+00 -4.0994044900E-01  6.8425789257E-02  2.0048719384E-01
 -2.4414325345E-01 -2.1896921886E+00 -4.1228298323E-01  6.5783913188E-02  1.9583676337E-01
 -2.2252124088E-01 -2.2020281029E+00 -4.1458706645E-01  6.3194598497E-02  1.9117550149E-01
 -2.0077541218E-01 -2.2141519552E+00 -4.1685110170E-01  6.0661092940E-02  1.8650118171E-01
 -1.7890525300E-01 -2.2260578162E+00 -4.1907397373E-01  5.8186493448E-02  1.8181180837E-01
 -1.5691196413E-01 -2.2377425285E+00 -4.2125509039E-01  5.5773691846E-02  1.7710585915E-01
 -1.3479836914E-01 -2.2492058135E+00 -4.2339440270E-01  5.3425319588E-02  1.7238250369E-01
 -1.1256875532E-01 -2.2604502591E+00 -4.2549240230E-01  5.1143696133E-02  1.6764178834E-01
 -9.0228664140E-02 -2.2714811911E+00 -4.2755009711E-01  4.8930785178E-02  1.6288477873E-01
 -6.7784650026E-02 -2.2823064429E+00 -4.2956896767E-01  4.6788161969E-02  1.5811365403E-01
 -4.5244027347E-02 -2.2929360438E+00 -4.3155090837E-01  4.4716993598E-02  1.5333175006E-01
 -2.2614622966E-02 -2.3033818549E+00 -4.3349815858E-01  4.2718032823E-02  1.4854355121E-01
  9.5451700194E-05 -2.3136571761E+00 -4.3541322862E-01  4.0791624655E-02  1.4375463459E-01
  2.2877999815E-02 -2.3237763526E+00 -4.3729882542E-01  3.8937724047E-02  1.3897157214E-01
  4.5724904578E-02 -2.3337543979E+00 -4.3915778152E-01  3.7155922403E-02  1.3420179834E-01
  6.8628259918E-02 -2.3436066510E+00 -4.4099299041E-01  3.5445480417E-02  1.2945345244E-01
  9.1580468206E-02 -2.3533484760E+00 -4.4280734992E-01  3.3805364838E-02  1.2473520429E-01
  1.1457430857E-01 -2.3629950088E+00 -4.4460371452E-01  3.2234287000E-02  1.2005607250E-01
  1.3760298033E-01 -2.3725609516E+00 -4.4638485664E-01  3.0730741364E-02  1.1542524298E-01
  1.6066012633E-01 -2.3820604138E+00 -4.4815343666E-01  2.9293042734E-02  1.1085189460E-01
  1.8373984069E-01 -2.3915067935E+00 -4.4991198063E-01  2.7919361196E-02  1.0634503729E-01
  2.0683666481E-01 -2.4009126958E+00 -4.5166286501E-01  2.6607754177E-02  1.0191336662E-01
  2.2994557529E-01 -2.4102898828E+00 -4.5340830706E-01  2.5356195332E-02  9.7565137585E-02
  2.5306196606E-01 -2.4196492477E+00 -4.5515036026E-01  2.4162600137E-02  9.3308058835E-02
  2.7618162709E-01 -2.4290008116E+00 -4.5689091348E-01  2.3024848262E-02  8.9149207925E-02
  2.9930072102E-01 -2.4383537351E+00 -4.5863169337E-01  2.1940802884E-02  8.5094967055E-02
  3.2241575894E-01 -2.4477163434E+00 -4.6037426900E-01  2.0908327167E-02  8.1150978242E-02
  3.4552357593E-01 -2.4570961605E+00 -4.6212005842E-01  1.9925298160E-02  7.7322116376E-02
  3.6862130693E-01 -2.4664999510E+00 -4.6387033642E-01  1.8989618405E-02  7.3612478308E-02
  3.9170636321E-01 -2.4759337656E+00 -4.6562624324E-01  1.8099225504E-02  7.0025385965E-02
  4.1477640953E-01 -2.4854029912E+00 -4.6738879392E-01  1.7252099909E-02  6.6563401424E-02
  4.3782934208E-01 -2.4949124016E+00 -4.6915888796E-01  1.6446271163E-02  6.3228351910E-02
  4.6086326721E-01 -2.5044662102E+00 -4.7093731916E-01  1.5679822822E-02  6.0021362795E-02
  4.8387648082E-01 -2.5140681220E+00 -4.7272478550E-01  1.4950896218E-02  5.6942896795E-02
  5.0686744843E-01 -2.5237213861E+00 -4.7452189894E-01  1.4257693264E-02  5.3992797750E-02
  5.2983478581E-01 -2.5334288461E+00 -4.7632919504E-01  1.3598478420E-02  5.1170337559E-02
  5.5277724005E-01 -2.5431929907E+00 -4.7814714240E-01  1.2971579966E-02  4.8474265003E-02
  5.7569367110E-01 -2.5530160017E+00 -4.7997615176E-01  1.2375390675E-02  4.5902855412E-02
  5.9858303369E-01 -2.5628998014E+00 -4.8181658489E-01  1.1808367997E-02  4.3453960281E-02
  6.2144435948E-01 -2.5728460975E+00 -4.8366876310E-01  1.1269033815E-02  4.1125056101E-02
  6.4427673961E-01 -2.5828564270E+00 -4.8553297547E-01  1.0755973857E-02  3.8913291835E-02
  6.6707930735E-01 -2.5929321979E+00 -4.8740948670E-01  1.0267836816E-02  3.6815534583E-02
  6.8985122110E-01 -2.6030747288E+00 -4.8929854468E-01  9.8033332215E-03  3.4828413087E-02
  7.1259164751E-01 -2.6132852875E+00 -4.9120038760E-01  9.3612341216E-03  3.2948358843E-02
  7.3529974487E-01 -2.6235651272E+00 -4.9311525088E-01  8.9403695916E-03  3.1171644654E-02
  7.5797464667E-01 -2.6339155204E+00 -4.9504337359E-01  8.5396271158E-03  2.9494420522E-02
  7.8061544534E-01 -2.6443377923E+00 -4.9698500462E-01  8.1579498625E-03  2.7912746843E-02
  8.0322117636E-01 -2.6548333507E+00 -4.9894040843E-01  7.7943348768E-03  2.6422624910E-02
  8.2579080248E-01 -2.6654037145E+00 -5.0090987044E-01  7.4478312127E-03  2.5020024757E-02
  8.4832319843E-01 -2.6760505409E+00 -5.0289370204E-01  7.1175380204E-03  2.3700910412E-02
  8.7081713591E-01 -2.6867756486E+00 -5.0489224511E-01  6.8026026059E-03  2.2461262647E-02
  8.9327126916E-01 -2.6975810400E+00 -5.0690587614E-01  6.5022184768E-03  2.1297099326E-02
  9.1568412114E-01 -2.7084689201E+00 -5.0893500981E-01  6.2156233854E-03  2.0204493456E-02
  9.3805407059E-01 -2.7194417120E+00 -5.1098010195E-01  5.9420973815E-03  1.9179589075E-02
  9.6037934000E-01 -2.7305020693E+00 -5.1304165190E-01  5.6809608827E-03  1.8218615086E-02
  9.8265798502E-01 -2.7416528845E+00 -5.1512020411E-01  5.4315727724E-03  1.7317897173E-02
  1.0048878854E+00 -2.7528972927E+00 -5.1721634885E-01  5.1933285319E-03  1.6473867919E-02
  1.0270667382E+00 -2.7642386706E+00 -5.1933072199E-01  4.9656584131E-03  1.5683075257E-02
  1.0491920529E+00 -2.7756806287E+00 -5.2146400375E-01  4.7480256577E-03  1.4942189371E-02
  1.0712611502E+00 -2.7872269986E+00 -5.2361691613E-01  4.5399247664E-03  1.4248008174E-02
  1.0932711643E+00 -2.7988818121E+00 -5.2579021911E-01  4.3408798235E-03  1.3597461474E-02
  1.1152190486E+00 -2.8106492731E+00 -5.2798470537E-01  4.1504428773E-03  1.2987613945E-02
  1.1371015868E+00 -2.8225337211E+00 -5.3020119350E-01  3.9681923805E-03  1.2415667010E-02
  1.1589154095E+00 -2.8345395875E+00 -5.3244051965E-01  3.7937316896E-03  1.1878959735E-02
  1.1806570163E+00 -2.8466713418E+00 -5.3470352762E-01  3.6266876248E-03  1.1374968848E-02
  1.2023228037E+00 -2.8589334318E+00 -5.3699105744E-01  3.4667090903E-03  1.0901307953E-02
  1.2239091004E+00 -2.8713302152E+00 -5.3930393263E-01  3.3134657519E-03  1.0455726048E-02
  1.2454122084E+00 -2.8838658865E+00 -5.4164294633E-01  3.1666467731E-03  1.0036105421E-02
  1.2668284497E+00 -2.8965443984E+00 -5.4400884663E-01  3.0259596061E-03  9.6404589902E-03
  1.2881542195E+00 -2.9093693828E+00 -5.4640232148E-01  2.8911288362E-03  9.2669271843E-03
  1.3093860422E+00 -2.9223440708E+00 -5.4882398379E-01  2.7618950782E-03  8.9137743997E-03
  1.3305206312E+00 -2.9354712174E+00 -5.5127435706E-01  2.6380139228E-03  8.5793851134E-03
  1.3515549487E+00 -2.9487530319E+00 -5.5375386231E-01  2.5192549316E-03  8.2622596973E-03
  1.3724862652E+00 -2.9621911183E+00 -5.5626280671E-01  2.4054006802E-03  7.9610099854E-03
  1.3933122146E+00 -2.9757864273E+00 -5.5880137454E-01  2.2962458489E-03  7.6743546388E-03
  1.4140308442E+00 -2.9895392232E+00 -5.6136962083E-01  2.1915963609E-03  7.4011143499E-03
  1.4346406558E+00 -3.0034490668E+00 -5.6396746805E-01  2.0912685679E-03  7.1402069238E-03
  1.4551406380E+00 -3.0175148149E+00 -5.6659470597E-01  1.9950884846E-03  6.8906422745E-03
  1.4755302865E+00 -3.0317346369E+00 -5.6925099462E-01  1.9028910709E-03  6.6515173672E-03
  1.4958096127E+00 -3.0461060467E+00 -5.7193587036E-01  1.8145195630E-03  6.4220111417E-03
  1.5159791397E+00 -3.0606259500E+00 -5.7464875460E-01  1.7298248526E-03  6.2013794465E-03
  1.5360398863E+00 -3.0752907026E+00 -5.7738896474E-01  1.6486649129E-03  5.9889500139E-03
  1.5559933404E+00 -3.0900961779E+00 -5.8015572695E-01  1.5709042713E-03  5.7841175037E-03
  1.5758414231E+00 -3.1050378418E+00 -5.8294819007E-01  1.4964135252E-03  5.5863386432E-03
  1.5955864440E+00 -3.1201108296E+00 -5.8576544024E-01  1.4250689004E-03  5.3951274868E-03
  1.6152310524E+00 -3.1353100244E+00 -5.8860651559E-01  1.3567518481E-03  5.2100508187E-03
  1.6347781839E+00 -3.1506301330E+00 -5.9147042058E-01  1.2913486792E-03  5.0307237172E-03
  1.6542310059E+00 -3.1660657585E+00 -5.9435613960E-01  1.2287502316E-03  4.8568052989E-03
  1.6735928632E+00 -3.1816114661E+00 -5.9726264956E-01  1.1688515684E-03  4.6879946554E-03
  1.6928672259E+00 -3.1972618436E+00 -6.0018893114E-01  1.1115517060E-03  4.5240269937E-03
  1.7120576396E+00 -3.2130115531E+00 -6.0313397873E-01  1.0567533657E-03  4.3646699883E-03
  1.7311676806E+00 -3.2288553763E+00 -6.0609680885E-01  1.0043627515E-03  4.2097203506E-03
  1.7502009155E+00 -3.2447882509E+00 -6.0907646717E-01  9.5428934785E-04  4.0590006164E-03
  1.7691608655E+00 -3.2608053004E+00 -6.1207203412E-01  9.0644573755E-04  3.9123561529E-03
  1.7880509762E+00 -3.2769018570E+00 -6.1508262919E-01  8.6074743815E-04  3.7696523824E-03
  1.8068745929E+00 -3.2930734780E+00 -6.1810741415E-01  8.1711275420E-04  3.6307722190E-03
  1.8256349400E+00 -3.3093159565E+00 -6.2114559506E-01  7.7546264468E-04  3.4956137127E-03
  1.8443351055E+00 -3.3256253282E+00 -6.2419642356E-01  7.3572060395E-04  3.3640878941E-03
  1.8629780294E+00 -3.3419978730E+00 -6.2725919721E-01  6.9781255500E-04  3.2361168125E-03
  1.8815664958E+00 -3.3584301137E+00 -6.3033325931E-01  6.6166675375E-04  3.1116317584E-03
  1.9001031279E+00 -3.3749188123E+00 -6.3341799817E-01  6.2721370317E-04  2.9905716621E-03
  1.9185903865E+00 -3.3914609634E+00 -6.3651284590E-01  5.9438607629E-04  2.8728816581E-03
  1.9370305698E+00 -3.4080537860E+00 -6.3961727693E-01  5.6311864694E-04  2.7585118067E-03
  1.9554258157E+00 -3.4246947149E+00 -6.4273080631E-01  5.3334822729E-04  2.6474159630E-03
  1.9737781056E+00 -3.4413813898E+00 -6.4585298778E-01  5.0501361129E-04  2.5395507825E-03
  1.9920892691E+00 -3.4581116452E+00 -6.4898341175E-01  4.7805552320E-04  2.4348748555E-03
  2.0103609899E+00 -3.4748834989E+00 -6.5212170327E-01  4.5241657046E-04  2.3333479596E-03
  2.0285948122E+00 -3.4916951413E+00 -6.5526751989E-01  4.2804120005E-04  2.2349304211E-03
  2.0467921474E+00 -3.5085449237E+00 -6.5842054960E-01  4.0487565798E-04  2.1395825774E-03
  2.0649542817E+00 -3.5254313480E+00 -6.6158050877E-01  3.8286795107E-04  2.0472643304E-03
  2.0830823828E+00 -3.5423530559E+00 -6.6474714018E-01  3.6196781076E-04  1.9579347840E-03
  2.1011775078E+00 -3.5593088186E+00 -6.6792021105E-01  3.4212665827E-04  1.8715519560E-03
  2.1192406101E+00 -3.5762975270E+00 -6.7109951125E-01  3.2329757099E-04  1.7880725587E-03
  2.1372725465E+00 -3.5933181825E+00 -6.7428485147E-01  3.0543524959E-04  1.7074518399E-03
  2.1552740842E+00 -3.6103698880E+00 -6.7747606163E-01  2.8849598563E-04  1.6296434773E-03
  2.1732459076E+00 -3.6274518396E+00 -6.8067298924E-01  2.7243762951E-04  1.5545995211E-03
  2.1911886242E+00 -3.6445633187E+00 -6.8387549794E-01  2.5721955845E-04  1.4822703774E-03
  2.2091027711E+00 -3.6617036846E+00 -6.8708346612E-01  2.4280264455E-04  1.4126048282E-03
  2.2269888206E+00 -3.6788723676E+00 -6.9029678559E-01  2.2914922258E-04  1.3455500812E-03
  2.2448471857E+00 -3.6960688628E+00 -6.9351536036E-01  2.1622305767E-04  1.2810518463E-03
  2.2626782251E+00 -3.7132927235E+00 -6.9673910554E-01  2.0398931267E-04  1.2190544338E-03
  2.2804822481E+00 -3.7305435562E+00 -6.9996794626E-01  1.9241451523E-04  1.1595008691E-03
  2.2982595195E+00 -3.7478210151E+00 -7.0320181671E-01  1.8146652459E-04  1.1023330225E-03
  2.3160102630E+00 -3.7651247975E+00 -7.0644065920E-01  1.7111449812E-04  1.0474917489E-03
  2.3337346661E+00 -3.7824546392E+00 -7.0968442339E-01  1.6132885753E-04  9.9491703507E-04
  2.3514328830E+00 -3.7998103106E+00 -7.1293306544E-01  1.5208125494E-04  9.4454815234E-04
  2.3691050385E+00 -3.8171916127E+00 -7.1618654737E-01  1.4334453869E-04  8.9632381140E-04
  2.3867512308E+00 -3.8345983741E+00 -7.1944483635E-01  1.3509271913E-04  8.5018231792E-04
  2.4043715347E+00 -3.8520304471E+00 -7.2270790415E-01  1.2730093424E-04  8.0606172682E-04
  2.4219660042E+00 -3.8694877054E+00 -7.2597572655E-01  1.1994541531E-04  7.6389999368E-04
  2.4395346750E+00 -3.8869700414E+00 -7.2924828287E-01  1.1300345266E-04  7.2363512205E-04
  2.4570775666E+00 -3.9044773635E+00 -7.3252555549E-01  1.0645336150E-04  6.8520530545E-04
  2.4745946849E+00 -3.9220095940E+00 -7.3580752945E-01  1.0027444796E-04  6.4854906322E-04
  2.4920860234E+00 -3.9395666672E+00 -7.3909419206E-01  9.4446975357E-05  6.1360536943E-04
  2.5095515654E+00 -3.9571485275E+00 -7.4238553256E-01  8.8952130823E-05  5.8031377427E-04
  2.5269912856E+00 -3.9747551278E+00 -7.4568154181E-01  8.3771992238E-05  5.4861451752E-04
  2.5444051513E+00 -3.9923864281E+00 -7.4898221204E-01  7.8889495634E-05  5.1844863381E-04
  2.5617931237E+00 -4.0100423941E+00 -7.5228753657E-01  7.4288403055E-05  4.8975804940E-04
  2.5791551594E+00 -4.0277229962E+00 -7.5559750958E-01  6.9953270939E-05  4.6248567049E-04
  2.5964912109E+00 -4.0454282080E+00 -7.5891212598E-01  6.5869419073E-05  4.3657546302E-04
  2.6138012281E+00 -4.0631580062E+00 -7.6223138116E-01  6.2022900153E-05  4.1197252410E-04
  2.6310851584E+00 -4.0809123690E+00 -7.6555527091E-01  5.8400469978E-05  3.8862314508E-04
  2.6483429481E+00 -4.0986912762E+00 -7.6888379124E-01  5.4989558331E-05  3.6647486672E-04
  2.6655745424E+00 -4.1164947078E+00 -7.7221693830E-01  5.1778240551E-05  3.4547652641E-04
  2.6827798863E+00 -4.1343226444E+00 -7.7555470831E-01  4.8755209833E-05  3.2557829804E-04
