 AIMInt (Version 19.02.13, Professional)
 Portions Copyright (c) 1997-2019 by Todd A. Keith
 AIMInt is a component of the AIMAll package ( http://aim.tkgristmill.com )

 TP:  64-bit Linux

 Licensed To:  Research Group of Fernando Cortes Guzman, UNAM, fercor@unam.mx

 AIMInt is a heavily modified and extended version of the PROAIMV program
 developed by members of R.F.W. Bader's research group

 Much of the Quantum Theory of Atoms in Molecules (QTAIM) is described in the book:
   "Atoms in Molecules - A Quantum Theory"
   R.F.W. Bader, Oxford University Press, Oxford, 1990

 For additional references see:  http://aim.tkgristmill.com/references.html

 Current Directory:  /home/scratch/M_H2O_4_tetraedrico/Opt

 Inp File:  Mn4_tetraedrico_cc-pvtz-def2-tzv_1_atomicfiles/o8.inp
 Wfx File:  Mn4_tetraedrico_cc-pvtz-def2-tzv_1.wfx
 Out File:  Mn4_tetraedrico_cc-pvtz-def2-tzv_1_atomicfiles/o8.int

 Wfx Title:   Mn4_tetraedrico_cc-pvtz-def2-tzv_1                                            
 Job Title:   Mn4_tetraedrico_cc-pvtz-def2-tzv_1                                            
 
<Atom>
O8      
</Atom>
<Nuclei of Molecule>
    13
Mn1       25.0          -2.7991199411E-05   4.0458458872E-05  -1.1700893488E-05
O2         8.0          -1.9976235081E+00   2.7746029689E+00   5.2013997142E-01
H3         1.0          -2.8458300237E+00   3.2423980048E+00   2.1932852914E+00
O4         8.0           1.9990500125E+00   5.2242600547E-01  -2.7730864029E+00
H5         1.0           2.8468278880E+00  -8.6626766712E-01  -3.8175145094E+00
O6         8.0          -1.9956148067E+00  -2.7752676463E+00  -5.2388295895E-01
H7         1.0          -2.8396745785E+00  -3.2449832065E+00  -2.1986079010E+00
O8         8.0           1.9940753549E+00  -5.2159843601E-01   2.7767827380E+00
H9         1.0           2.8394044678E+00   8.6720770870E-01   3.8231223781E+00
H10        1.0           2.8460053493E+00   2.1962776273E+00  -3.2410288539E+00
H11        1.0           2.8398271216E+00  -2.1954856268E+00   3.2464995096E+00
H12        1.0          -2.8420058990E+00  -3.8219234354E+00   8.6400844695E-01
H13        1.0          -2.8429509659E+00   3.8204619970E+00  -8.6909862024E-01
</Nuclei of Molecule>
<Total Number of CPs of DelSqRho>
    35
</Total Number of CPs of DelSqRho>
<Number of (3,+3) CPs of DelSqRho>
     5
</Number of (3,+3) CPs of DelSqRho>
<Number of (3,+1) CPs of DelSqRho>
    13
</Number of (3,+1) CPs of DelSqRho>
<Number of (3,-1) CPs of DelSqRho>
    12
</Number of (3,-1) CPs of DelSqRho>
<Number of (3,-3) CPs of DelSqRho>
     5
</Number of (3,-3) CPs of DelSqRho>
<Number of Degenerate CPs of DelSqRho>
     0
</Number of Degenerate CPs of DelSqRho>
<CP of DelSqRho>
CP# = 1       
Type = (3,+3)
Coords =  1.99407553720503E+00 -5.21598437321274E-01  2.77678274479570E+00
DistFromNuc =  1.8246550626E-07
Rho =  2.9728768089E+02
DelSqRho = -3.3287663357E+06
GradDelSqRho =  5.7641581748E-06 -3.9897796569E-06 -1.0572347037E-05
HessDelSqRho_EigVals =  1.3237519690E+11  1.3237521739E+11  1.3237522054E+11
HessDelSqRho_EigVec1 =  7.7211726304E-01  1.1768832538E-01 -6.2448730186E-01
HessDelSqRho_EigVec2 =  6.3548002649E-01 -1.4339637741E-01  7.5868479284E-01
HessDelSqRho_EigVec3 =  2.6087406215E-04  9.8264283288E-01  1.8550739858E-01
</CP of DelSqRho>
<CP of DelSqRho>
CP# = 2       
Type = (3,+1)
Coords =  9.28729462030663E-01 -3.26426410504562E-01  1.74030998886368E+00
DistFromNuc =  1.4991096526E+00
Rho =  1.5657274415E-01
DelSqRho =  3.0954550522E-01
GradDelSqRho =  9.5062846484E-16  7.9797279895E-17  1.2767564783E-15
HessDelSqRho_EigVals = -5.0130930179E-01  1.2449009125E-01  4.8705394607E+00
HessDelSqRho_EigVec1 =  8.3108347278E-01  1.0263141916E-01 -5.4659587729E-01
HessDelSqRho_EigVec2 =  2.2737376394E-05 -9.8283129935E-01 -1.8450646736E-01
HessDelSqRho_EigVec3 =  5.5614769689E-01 -1.5332784749E-01  8.1681718299E-01
</CP of DelSqRho>
<CP of DelSqRho>
CP# = 3       
Type = (3,+1)
Coords =  2.51009079908669E+00  3.40481057933117E-01  3.40956179378178E+00
DistFromNuc =  1.1873762361E+00
Rho =  3.8029055188E-01
DelSqRho = -7.7443218208E-01
GradDelSqRho =  1.2975731600E-15  8.1878948066E-16  5.3429483060E-16
HessDelSqRho_EigVals = -2.4624768193E+01  1.2004239688E+01  1.2404462934E+01
HessDelSqRho_EigVec1 =  4.3857450381E-01  7.1385542045E-01  5.4595131954E-01
HessDelSqRho_EigVec2 = -7.2882027361E-01 -7.2911405986E-02  6.8081196792E-01
HessDelSqRho_EigVec3 =  5.2580739191E-01 -6.9648716110E-01  4.8829521915E-01
</CP of DelSqRho>
<CP of DelSqRho>
CP# = 4       
Type = (3,+1)
Coords =  1.86596868549086E+00 -5.41653404286624E-01  2.88310354452712E+00
DistFromNuc =  1.6768313688E-01
Rho =  2.2675707113E+01
DelSqRho =  1.2547487962E+03
GradDelSqRho = -4.6336268156E-12  1.2773115898E-13  1.2134293570E-11
HessDelSqRho_EigVals = -4.2942348796E+05  1.7331866387E+03  1.7789195195E+03
HessDelSqRho_EigVec1 =  7.6519778559E-01  1.1933227087E-01 -6.3263904247E-01
HessDelSqRho_EigVec2 = -2.5794041661E-03  9.8323154104E-01  1.8234331187E-01
HessDelSqRho_EigVec3 =  6.4379010213E-01 -1.3789686668E-01  7.5267440408E-01
</CP of DelSqRho>
<CP of DelSqRho>
CP# = 5       
Type = (3,+1)
Coords =  2.14433161414973E+00 -5.07446074159218E-01  2.70168061353081E+00
DistFromNuc =  1.6857509276E-01
Rho =  2.2478405099E+01
DelSqRho =  1.2349819611E+03
GradDelSqRho =  5.2580162446E-13 -7.1498362786E-14  4.3183234766E-12
HessDelSqRho_EigVals = -4.0840596671E+05  2.3512141572E+03  2.4460633845E+03
HessDelSqRho_EigVec1 =  8.9069726626E-01  8.4183822351E-02 -4.4673422068E-01
HessDelSqRho_EigVec2 = -7.9710458526E-04  9.8299167627E-01  1.8364838415E-01
HessDelSqRho_EigVec3 =  4.5459624338E-01 -1.6321901982E-01  8.7561510213E-01
</CP of DelSqRho>
<CP of DelSqRho>
CP# = 6       
Type = (3,-3)
Coords =  1.88373138307351E+00 -4.98267046424279E-01  2.65294236491838E+00
DistFromNuc =  1.6750099658E-01
Rho =  2.2605048368E+01
DelSqRho =  1.2832060364E+03
GradDelSqRho = -1.5118573060E-11  4.5652370773E-13 -1.5019985256E-11
HessDelSqRho_EigVals = -4.3792022676E+05 -2.3730209908E+03 -2.0168026202E+02
HessDelSqRho_EigVec1 =  6.6020832777E-01 -1.3905711476E-01  7.3809761060E-01
HessDelSqRho_EigVec2 =  7.5108252585E-01  1.2230760637E-01 -6.4878030857E-01
HessDelSqRho_EigVec3 = -5.7434195646E-05  9.8270238031E-01  1.8519186927E-01
</CP of DelSqRho>
<CP of DelSqRho>
CP# = 7       
Type = (3,+3)
Coords =  1.37949688029367E+00 -5.56457332781076E-01  2.96144198205081E+00
DistFromNuc =  6.4266700593E-01
Rho =  9.2737743027E-01
DelSqRho = -4.1561006351E+00
GradDelSqRho = -5.4400928207E-14 -2.3869795029E-15  1.4821477379E-14
HessDelSqRho_EigVals =  1.0657984943E+01  1.7632558283E+01  3.1968968945E+02
HessDelSqRho_EigVec1 =  3.1757684430E-01 -1.7529265899E-01  9.3188917349E-01
HessDelSqRho_EigVec2 = -1.7581349350E-04  9.8275348873E-01  1.8492038686E-01
HessDelSqRho_EigVec3 =  9.4823252267E-01  5.8890271597E-02 -3.1206893287E-01
</CP of DelSqRho>
<CP of DelSqRho>
CP# = 8       
Type = (3,-1)
Coords =  1.81268206360154E+00  1.39299563995274E-01  2.61588102527418E+00
DistFromNuc =  7.0397375923E-01
Rho =  7.0663076907E-01
DelSqRho = -1.3914434826E+00
GradDelSqRho = -6.6890937234E-15  1.1102230246E-15 -4.5796699766E-15
HessDelSqRho_EigVals = -1.4441188544E+01 -9.5993211359E+00  1.5874618978E+02
HessDelSqRho_EigVec1 =  6.8428590408E-01  3.4456000892E-01  6.4267503587E-01
HessDelSqRho_EigVec2 = -6.7969966654E-01 -1.7842090648E-02  7.3327349816E-01
HessDelSqRho_EigVec3 = -2.6412338932E-01  9.3859472620E-01 -2.2198823204E-01
</CP of DelSqRho>
<CP of DelSqRho>
CP# = 9       
Type = (3,-1)
Coords =  1.81291184669303E+00 -1.07884551268870E+00  2.38658753611882E+00
DistFromNuc =  7.0398637539E-01
Rho =  7.0661149895E-01
DelSqRho = -1.3913108823E+00
GradDelSqRho =  2.1427304375E-14 -4.7739590059E-14 -2.3758772727E-14
HessDelSqRho_EigVals = -1.4442374903E+01 -9.5986521266E+00  1.5873171698E+02
HessDelSqRho_EigVec1 =  6.8437406186E-01 -5.5441736804E-01  4.7355414207E-01
HessDelSqRho_EigVec2 = -6.7973948785E-01 -2.5015953857E-01  6.8947402701E-01
HessDelSqRho_EigVec3 =  2.6379228972E-01  7.9375159041E-01  5.4806207733E-01
</CP of DelSqRho>
<CP of DelSqRho>
CP# = 10      
Type = (3,-1)
Coords =  2.35734064769857E+00 -6.35171950168073E-01  3.38042027659228E+00
DistFromNuc =  7.1360976317E-01
Rho =  6.8174211859E-01
DelSqRho = -1.1713122574E+00
GradDelSqRho =  3.4261482540E-13 -3.9648839767E-13  2.1167512188E-12
HessDelSqRho_EigVals = -1.8837405923E+01 -6.2398115281E+00  1.4781019821E+02
HessDelSqRho_EigVec1 = -1.5548072894E-04  9.8273890454E-01  1.8499789545E-01
HessDelSqRho_EigVec2 =  8.6861324358E-01  9.1797455754E-02 -4.8691299037E-01
HessDelSqRho_EigVec3 =  4.9549067489E-01 -1.6061591644E-01  8.5363430020E-01
</CP of DelSqRho>
<CP of DelSqRho>
CP# = 11      
Type = (3,+1)
Coords =  1.80827528598708E+00 -1.19060630209046E-01  3.28787870520379E+00
DistFromNuc =  6.7659252020E-01
Rho =  8.0527526413E-01
DelSqRho = -2.7232815394E+00
GradDelSqRho =  6.6613381478E-15 -2.4424906542E-15 -3.3306690739E-16
HessDelSqRho_EigVals = -1.2787078039E+01  1.2529816881E+01  2.1735082556E+02
HessDelSqRho_EigVec1 =  8.6951733929E-01  4.9368825539E-01  1.4543147900E-02
HessDelSqRho_EigVec2 = -3.6510117941E-01  6.6231399562E-01 -6.5424865304E-01
HessDelSqRho_EigVec3 = -3.3262700651E-01  5.6357082758E-01  7.5613966755E-01
</CP of DelSqRho>
<CP of DelSqRho>
CP# = 12      
Type = (3,+3)
Coords =  2.22050037906235E+00 -4.04725423708637E-01  2.15619590909908E+00
DistFromNuc =  6.7086183733E-01
Rho =  8.1652783797E-01
DelSqRho = -3.0251892587E+00
GradDelSqRho =  8.2156503822E-15  1.2240208846E-14 -4.8849813084E-14
HessDelSqRho_EigVals =  1.8182456330E+00  1.0893992815E+01  2.2396573081E+02
HessDelSqRho_EigVec1 = -9.2599910500E-01  6.9589216625E-02 -3.7105659739E-01
HessDelSqRho_EigVec2 = -2.7164176715E-04  9.8274138855E-01  1.8498456540E-01
HessDelSqRho_EigVec3 = -3.7752560674E-01 -1.7139633647E-01  9.0999874291E-01
</CP of DelSqRho>
<CP of DelSqRho>
CP# = 13      
Type = (3,+1)
Coords =  2.52368057665486E+00 -1.59244097121964E-01  2.58199380151362E+00
DistFromNuc =  6.7061545436E-01
Rho =  8.1476394980E-01
DelSqRho = -2.6886972022E+00
GradDelSqRho =  1.4765966228E-14  1.2545520178E-14 -1.3600232052E-14
HessDelSqRho_EigVals = -7.0970590819E+00  8.7514098585E+00  2.2017252926E+02
HessDelSqRho_EigVec1 =  8.4503752615E-03  5.1914999223E-01  8.5464137316E-01
HessDelSqRho_EigVec2 = -6.0229964297E-01  6.8488762386E-01 -4.1007814226E-01
HessDelSqRho_EigVec3 =  7.9822536369E-01  5.1128487974E-01 -3.1847141240E-01
</CP of DelSqRho>
<CP of DelSqRho>
CP# = 14      
Type = (3,+1)
Coords =  2.52381083332053E+00 -7.88175882159216E-01  2.46365030870661E+00
DistFromNuc =  6.7062294190E-01
Rho =  8.1474601160E-01
DelSqRho = -2.6884709142E+00
GradDelSqRho = -1.7408297026E-12  3.9833691901E-12  9.0066842873E-15
HessDelSqRho_EigVals = -7.1000682686E+00  8.7503617712E+00  2.2015330630E+02
HessDelSqRho_EigVec1 = -8.5890898257E-03  7.9437251733E-01 -6.0737017645E-01
HessDelSqRho_EigVec2 =  6.0205715374E-01  4.8907235433E-01  6.3113819077E-01
HessDelSqRho_EigVec3 =  7.9840679554E-01 -3.6025065709E-01 -4.8245834318E-01
</CP of DelSqRho>
<CP of DelSqRho>
CP# = 15      
Type = (3,+1)
Coords =  1.80842813130351E+00 -1.08246810943328E+00  3.10654215189174E+00
DistFromNuc =  6.7659511766E-01
Rho =  8.0527308875E-01
DelSqRho = -2.7231704220E+00
GradDelSqRho = -2.4646951147E-14 -3.6637359813E-14  2.9642954757E-14
HessDelSqRho_EigVals = -1.2788840289E+01  1.2529488564E+01  2.1734152364E+02
HessDelSqRho_EigVec1 =  8.6966817564E-01 -4.6492671871E-01 -1.6589276808E-01
HessDelSqRho_EigVec2 =  3.6494125993E-01  3.7924473760E-01  8.5028895430E-01
HessDelSqRho_EigVec3 =  3.3240809418E-01  8.0001035945E-01 -4.9948802157E-01
</CP of DelSqRho>
<CP of DelSqRho>
CP# = 16      
Type = (3,+1)
Coords =  1.73958297863011E+00 -4.03448164491791E-01  2.14883699093242E+00
DistFromNuc =  6.8778028285E-01
Rho =  7.8389146561E-01
DelSqRho = -2.9442705403E+00
GradDelSqRho =  5.9622445869E-14  1.0619283231E-13 -5.4001247918E-13
HessDelSqRho_EigVals = -2.1928170544E+00  1.4135046843E+01  1.9963804189E+02
HessDelSqRho_EigVec1 =  9.3209871351E-01  6.7178946049E-02 -3.5591990318E-01
HessDelSqRho_EigVec2 =  1.8736128964E-04 -9.8273875024E-01 -1.8499868560E-01
HessDelSqRho_EigVec3 =  3.6220429755E-01 -1.7237035124E-01  9.1602211155E-01
</CP of DelSqRho>
<CP of DelSqRho>
CP# = 17      
Type = (3,+3)
Coords =  2.29800805381258E+00  1.07316147189631E-02  3.11680862240728E+00
DistFromNuc =  7.0097644073E-01
Rho =  8.0099419271E-01
DelSqRho = -3.5368855737E+00
GradDelSqRho = -2.5535129566E-15  8.3266726847E-15  1.0824674490E-14
HessDelSqRho_EigVals =  1.3348145535E+01  2.4134901462E+01  1.7139981186E+02
HessDelSqRho_EigVec1 = -7.3870637684E-01  1.1196377407E-02  6.7393436620E-01
HessDelSqRho_EigVec2 =  5.1676587919E-01 -6.3252846715E-01  5.7694086729E-01
HessDelSqRho_EigVec3 =  4.3274231931E-01  7.7445618299E-01  4.6146690640E-01
</CP of DelSqRho>
<CP of DelSqRho>
CP# = 18      
Type = (3,+3)
Coords =  2.29818801028173E+00 -1.14103923740880E+00  2.90002148289611E+00
DistFromNuc =  7.0098445194E-01
Rho =  8.0099134105E-01
DelSqRho = -3.5369070221E+00
GradDelSqRho =  9.9364960704E-15 -3.3528735344E-14  2.6090241079E-15
HessDelSqRho_EigVals =  1.3351212595E+01  2.4137450255E+01  1.7138292934E+02
HessDelSqRho_EigVec1 =  7.3869655483E-01  2.5567756287E-01 -6.2366367837E-01
HessDelSqRho_EigVec2 =  5.1656296710E-01  3.7964886441E-01  7.6748253450E-01
HessDelSqRho_EigVec3 = -4.3300127124E-01  8.8909826431E-01 -1.4837174769E-01
</CP of DelSqRho>
<CP of DelSqRho>
CP# = 19      
Type = (3,-3)
Coords =  3.12216419999136E+00 -5.77524330025154E-01  3.07466671143325E+00
DistFromNuc =  1.1680954626E+00
Rho =  2.4124359088E-01
DelSqRho =  8.4303859977E-01
GradDelSqRho = -1.5985043150E-12  3.7324310309E-14 -2.0033627535E-13
HessDelSqRho_EigVals = -1.8096275946E+01 -1.9363368729E+00 -9.7962633420E-02
HessDelSqRho_EigVec1 =  9.6636736688E-01 -4.7441740404E-02  2.5275164392E-01
HessDelSqRho_EigVec2 = -1.3103589122E-04  9.8274541727E-01  1.8496331440E-01
HessDelSqRho_EigVec3 = -2.5716550131E-01 -1.7877563064E-01  9.4968688462E-01
</CP of DelSqRho>
<CP of DelSqRho>
CP# = 20      
Type = (3,+1)
Coords =  2.51036361143183E+00 -1.55458133695347E+00  3.05278688770362E+00
DistFromNuc =  1.1873438963E+00
Rho =  3.8033595275E-01
DelSqRho = -7.7471762991E-01
GradDelSqRho = -1.4755557887E-14 -1.7798262864E-13 -4.4979645009E-14
HessDelSqRho_EigVals = -2.4634355238E+01  1.2008450352E+01  1.2408598730E+01
HessDelSqRho_EigVec1 = -4.3881191980E-01  8.6338577412E-01 -2.4901627273E-01
HessDelSqRho_EigVec2 = -7.2876702866E-01 -1.7982659615E-01  6.6072763924E-01
HessDelSqRho_EigVec3 =  5.2568309558E-01  4.7141001300E-01  7.0811713908E-01
</CP of DelSqRho>
<CP of DelSqRho>
CP# = 21      
Type = (3,-3)
Coords =  2.32861401533138E+00 -7.25339125423499E-01  3.85920092216730E+00
DistFromNuc =  1.1511105548E+00
Rho =  2.3896306307E-01
DelSqRho =  8.7030357068E-01
GradDelSqRho = -1.3201245652E-15  1.0364972769E-15 -6.1686766806E-15
HessDelSqRho_EigVals = -1.8128061268E+01 -1.7480575224E+00 -2.4978004764E-01
HessDelSqRho_EigVec1 =  2.8370653186E-01 -1.7736602622E-01  9.4236505481E-01
HessDelSqRho_EigVec2 = -2.0639714842E-04  9.8273358991E-01  1.8502607562E-01
HessDelSqRho_EigVec3 = -9.5891113310E-01 -5.2687607678E-02  2.7877133069E-01
</CP of DelSqRho>
<CP of DelSqRho>
CP# = 22      
Type = (3,+1)
Coords =  1.42904546974033E+00 -3.14841451561904E-01  1.67708417187292E+00
DistFromNuc =  1.2535326713E+00
Rho =  2.4463025164E-01
DelSqRho =  3.3044011664E-01
GradDelSqRho = -1.2698175844E-15 -7.3031858339E-16  2.5604518505E-15
HessDelSqRho_EigVals = -8.1320220486E+00  6.7527927012E-01  1.3042792321E+00
HessDelSqRho_EigVec1 =  4.2478512827E-01 -1.6727768112E-01  8.8970544125E-01
HessDelSqRho_EigVec2 =  9.0529418280E-01  7.8700462382E-02 -4.1743104796E-01
HessDelSqRho_EigVec3 = -1.9333188044E-04  9.8276366163E-01  1.8486629764E-01
</CP of DelSqRho>
<CP of DelSqRho>
CP# = 23      
Type = (3,-1)
Coords =  1.37389920503721E+00  1.70792585014658E-01  3.50686548763245E+00
DistFromNuc =  1.1819664141E+00
Rho =  2.3853031479E-01
DelSqRho =  7.5154718533E-01
GradDelSqRho = -2.3488155865E-15  3.5353664440E-15  2.1128931937E-15
HessDelSqRho_EigVals = -1.7756949242E+01 -1.1338478403E+00  2.2661149813E-01
HessDelSqRho_EigVec1 = -5.4581337448E-01  5.7874491982E-01  6.0592250166E-01
HessDelSqRho_EigVec2 = -8.3199300657E-01 -4.6009790667E-01 -3.0999605369E-01
HessDelSqRho_EigVec3 =  9.9375033378E-02 -6.7332327604E-01  7.3263931691E-01
</CP of DelSqRho>
<CP of DelSqRho>
CP# = 24      
Type = (3,-1)
Coords =  2.58629179752223E+00 -1.18172374309756E+00  1.99268793284304E+00
DistFromNuc =  1.1837611243E+00
Rho =  2.3821593677E-01
DelSqRho =  7.2134946313E-01
GradDelSqRho =  1.5421691701E-15 -1.8943180358E-15 -1.0616507673E-15
HessDelSqRho_EigVals = -1.6815851273E+01 -1.3610326901E+00  3.0624009160E-01
HessDelSqRho_EigVec1 = -4.8279694531E-01  5.3892393985E-01  6.9026668517E-01
HessDelSqRho_EigVec2 = -2.6543537071E-01  6.6108253371E-01 -7.0179337957E-01
HessDelSqRho_EigVec3 =  8.3453650224E-01  5.2204489336E-01  1.7611915212E-01
</CP of DelSqRho>
<CP of DelSqRho>
CP# = 25      
Type = (3,-3)
Coords =  1.64558950950696E+00  5.76517603537372E-01  2.68779141978008E+00
DistFromNuc =  1.1555174925E+00
Rho =  2.4323700065E-01
DelSqRho =  8.0693822033E-01
GradDelSqRho =  2.6770252681E-14 -6.1547988928E-14  7.2355316183E-15
HessDelSqRho_EigVals = -1.7424476177E+01 -1.5199658466E+00 -3.6535388119E-01
HessDelSqRho_EigVec1 = -3.2300270601E-01  9.3991373150E-01 -1.1059579216E-01
HessDelSqRho_EigVec2 =  6.7602868811E-01  3.1092661148E-01  6.6806425973E-01
HessDelSqRho_EigVec3 =  6.6230994615E-01  1.4102063539E-01 -7.3583878372E-01
</CP of DelSqRho>
<CP of DelSqRho>
CP# = 26      
Type = (3,-1)
Coords =  2.58612859144774E+00  3.78546434750161E-01  2.28638467653881E+00
DistFromNuc =  1.1837559216E+00
Rho =  2.3821095453E-01
DelSqRho =  7.2137728134E-01
GradDelSqRho =  2.4372864837E-15  3.5596525727E-15 -1.4814538485E-15
HessDelSqRho_EigVals = -1.6817247058E+01 -1.3605051881E+00  3.0614633616E-01
HessDelSqRho_EigVec1 =  4.8266808520E-01  7.5310635263E-01 -4.4705966175E-01
HessDelSqRho_EigVec2 =  2.6525324880E-01  3.6077676474E-01  8.9413692465E-01
HessDelSqRho_EigVec3 =  8.3466893649E-01 -5.5015538501E-01 -2.5628476504E-02
</CP of DelSqRho>
<CP of DelSqRho>
CP# = 27      
Type = (3,-3)
Coords =  1.64594631125942E+00 -1.51234525630185E+00  2.29462211443184E+00
DistFromNuc =  1.1555310294E+00
Rho =  2.4324309276E-01
DelSqRho =  8.0690981989E-01
GradDelSqRho =  9.0301377487E-13  6.4252769771E-13 -2.0673046608E-13
HessDelSqRho_EigVals = -1.7422831656E+01 -1.5206181282E+00 -3.6537986884E-01
HessDelSqRho_EigVec1 =  3.2269996031E-01  8.3549214330E-01  4.4476692109E-01
HessDelSqRho_EigVec2 = -6.7619507298E-01  5.3230672199E-01 -5.0932286126E-01
HessDelSqRho_EigVec3 = -6.6228767080E-01 -1.3639073355E-01  7.3673102887E-01
</CP of DelSqRho>
<CP of DelSqRho>
CP# = 28      
Type = (3,-1)
Coords =  1.37418383094176E+00 -1.43233462589139E+00  3.20497241506870E+00
DistFromNuc =  1.1819696733E+00
Rho =  2.3853612736E-01
DelSqRho =  7.5153565273E-01
GradDelSqRho =  4.1786712979E-13  4.9517334677E-13 -4.4691333967E-13
HessDelSqRho_EigVals = -1.7756126027E+01 -1.1343774870E+00  2.2664184815E-01
HessDelSqRho_EigVec1 =  5.4558300488E-01  7.5968062757E-01 -3.5387077992E-01
HessDelSqRho_EigVec2 = -8.3217599946E-01  5.4102386267E-01 -1.2155774734E-01
HessDelSqRho_EigVec3 =  9.9107470453E-02  3.6080261102E-01  9.2736141023E-01
</CP of DelSqRho>
<CP of DelSqRho>
CP# = 29      
Type = (3,-1)
Coords =  3.00451066470456E+00 -6.29552543204154E-01  3.35099404882282E+00
DistFromNuc =  1.1671984553E+00
Rho =  2.4360723802E-01
DelSqRho =  8.4148508729E-01
GradDelSqRho =  1.1171619185E-15  4.0766001685E-17  8.3613671542E-16
HessDelSqRho_EigVals = -1.7186854986E+01 -2.9479861790E+00  9.6225693738E-02
HessDelSqRho_EigVec1 =  8.6086200242E-01 -9.4007650194E-02  5.0007916822E-01
HessDelSqRho_EigVec2 = -1.4324384041E-04  9.8274083514E-01  1.8498764940E-01
HessDelSqRho_EigVec3 = -5.0883847365E-01 -1.5932047154E-01  8.4599077719E-01
</CP of DelSqRho>
<CP of DelSqRho>
CP# = 30      
Type = (3,-1)
Coords =  3.07378363055208E+00 -1.79876321376087E+00  3.93613413033917E+00
DistFromNuc =  2.0349485205E+00
Rho =  6.5464169488E-02
DelSqRho =  1.8437040815E-01
GradDelSqRho =  5.8768701711E-13  4.9899450891E-13  7.5957426113E-13
HessDelSqRho_EigVals = -2.3342743533E+00 -1.2316130863E-02  4.4657916753E-01
HessDelSqRho_EigVec1 =  4.9725603512E-01 -8.7157204616E-02  8.6321495424E-01
HessDelSqRho_EigVec2 =  8.4570377012E-01  2.7082687392E-01 -4.5982381144E-01
HessDelSqRho_EigVec3 = -1.9370484956E-01  9.5867430655E-01  2.0837947407E-01
</CP of DelSqRho>
<CP of DelSqRho>
CP# = 31      
Type = (3,-1)
Coords =  9.73342174099244E-01  4.05302924570120E-02  1.76217915164157E+00
DistFromNuc =  1.5450907323E+00
Rho =  1.4001971324E-01
DelSqRho =  3.1341385341E-01
GradDelSqRho =  1.4675760607E-15 -9.7365691898E-14 -1.2156942120E-14
HessDelSqRho_EigVals = -5.1200360284E-01 -1.8072619086E-01  4.8226336460E+00
HessDelSqRho_EigVec1 =  7.6640282731E-01 -2.8629126737E-01 -5.7503392640E-01
HessDelSqRho_EigVec2 =  2.9099512018E-01  9.5280311920E-01 -8.6533554676E-02
HessDelSqRho_EigVec3 =  5.7266791975E-01 -1.0101250556E-01  8.1354036618E-01
</CP of DelSqRho>
<CP of DelSqRho>
CP# = 32      
Type = (3,-1)
Coords =  9.73682149652524E-01 -6.77616992131274E-01  1.62699194859978E+00
DistFromNuc =  1.5451740816E+00
Rho =  1.3998721508E-01
DelSqRho =  3.1345527081E-01
GradDelSqRho =  7.5286998857E-16  2.4286128664E-16  9.6450625264E-16
HessDelSqRho_EigVals = -5.1217990429E-01 -1.8134112514E-01  4.8226305410E+00
HessDelSqRho_EigVec1 =  7.6592870471E-01  4.7677330480E-01 -4.3132404887E-01
HessDelSqRho_EigVec2 =  2.9214471375E-01 -8.5570966611E-01 -4.2709768619E-01
HessDelSqRho_EigVec3 =  5.7271693316E-01 -2.0111733678E-01  7.9469939683E-01
</CP of DelSqRho>
<CP of DelSqRho>
CP# = 33      
Type = (3,-1)
Coords =  3.07355887412972E+00  2.46937599106565E-01  4.32125877365217E+00
DistFromNuc =  2.0350278942E+00
Rho =  6.5454789529E-02
DelSqRho =  1.8434115464E-01
GradDelSqRho = -2.0556473190E-16  2.0599841277E-17 -1.9168694410E-16
HessDelSqRho_EigVals = -2.3340953592E+00 -1.2328674600E-02  4.4645335293E-01
HessDelSqRho_EigVec1 =  4.9732546632E-01 -2.3257286683E-01  8.3580933362E-01
HessDelSqRho_EigVec2 =  8.4573322855E-01 -8.4794964184E-02 -5.2682551208E-01
HessDelSqRho_EigVec3 =  1.9339774217E-01  9.6887546964E-01  1.5452390643E-01
</CP of DelSqRho>
<CP of DelSqRho>
CP# = 34      
Type = (3,+1)
Coords =  3.00373288791499E+00 -2.26548229157723E+00  2.38977313739549E+00
DistFromNuc =  2.0519053747E+00
Rho =  6.4224730550E-02
DelSqRho =  1.7075516759E-01
GradDelSqRho =  2.1033522146E-16 -4.1806835771E-16 -7.2424705122E-17
HessDelSqRho_EigVals = -1.7767364101E+00  1.1719192796E-02  5.2554002014E-01
HessDelSqRho_EigVec1 = -4.4138934775E-01  6.4021342031E-01  6.2873064196E-01
HessDelSqRho_EigVec2 =  8.5885663678E-01  5.0435826784E-01  8.9375696441E-02
HessDelSqRho_EigVec3 = -2.5988597721E-01  5.7943896495E-01 -7.7246991187E-01
</CP of DelSqRho>
<CP of DelSqRho>
CP# = 35      
Type = (3,+1)
Coords =  3.00399428696826E+00  1.24354425226449E+00  3.05044078901976E+00
DistFromNuc =  2.0519633740E+00
Rho =  6.4214417977E-02
DelSqRho =  1.7073399171E-01
GradDelSqRho = -1.7152078369E-16 -8.9771939882E-17  1.0668549377E-16
HessDelSqRho_EigVals = -1.7764943645E+00  1.1713483241E-02  5.2546619375E-01
HessDelSqRho_EigVec1 =  4.4188237349E-01  8.2473538057E-01 -3.5291857423E-01
HessDelSqRho_EigVec2 =  8.5881487606E-01 -5.0259012234E-01 -9.9197669225E-02
HessDelSqRho_EigVec3 =  2.5918521688E-01  2.5925802006E-01  9.3038072980E-01
</CP of DelSqRho>
<Path of -GradDelSqRho>
Starting CP# =      2
Ending CP# =      0
Number of Points =    400
  9.2872946203E-01 -3.2642641050E-01  1.7403099889E+00  1.5657274415E-01  3.0954550522E-01
  9.4950355563E-01 -3.2385981232E-01  1.7266407029E+00  1.5841715869E-01  3.0939000794E-01
  9.7026833650E-01 -3.2129065804E-01  1.7129577469E+00  1.6012372513E-01  3.0892911361E-01
  9.9101854474E-01 -3.1871748735E-01  1.6992534567E+00  1.6168409288E-01  3.0817328119E-01
  1.0117485991E+00 -3.1613875873E-01  1.6855197441E+00  1.6309010209E-01  3.0713554980E-01
  1.0324526761E+00 -3.1355287726E-01  1.6717482448E+00  1.6433389192E-01  3.0583127516E-01
  1.0531248176E+00 -3.1095822894E-01  1.6579305009E+00  1.6540802679E-01  3.0427781101E-01
  1.0737590672E+00 -3.0835322223E-01  1.6440581814E+00  1.6630563947E-01  3.0249414549E-01
  1.0943496353E+00 -3.0573633637E-01  1.6301233383E+00  1.6702058823E-01  3.0050050491E-01
  1.1148910925E+00 -3.0310617533E-01  1.6161186924E+00  1.6754762281E-01  2.9831793928E-01
  1.1353785848E+00 -3.0046152501E-01  1.6020379366E+00  1.6788255156E-01  2.9596790539E-01
  1.1558080622E+00 -2.9780141062E-01  1.5878760386E+00  1.6802239933E-01  2.9347186353E-01
  1.1761765052E+00 -2.9512515006E-01  1.5736295231E+00  1.6796554387E-01  2.9085090327E-01
  1.1964821326E+00 -2.9243239871E-01  1.5592967073E+00  1.6771181777E-01  2.8812541161E-01
  1.2167245680E+00 -2.8972318100E-01  1.5448778658E+00  1.6726256388E-01  2.8531479394E-01
  1.2369049479E+00 -2.8699790493E-01  1.5303753056E+00  1.6662063537E-01  2.8243725410E-01
  1.2570259521E+00 -2.8425735722E-01  1.5157933371E+00  1.6579033629E-01  2.7950963570E-01
  1.2770917509E+00 -2.8150267840E-01  1.5011381396E+00  1.6477730478E-01  2.7654732241E-01
  1.2971078666E+00 -2.7873531982E-01  1.4864175303E+00  1.6358834722E-01  2.7356419175E-01
  1.3170809613E+00 -2.7595698599E-01  1.4716406567E+00  1.6223123676E-01  2.7057261409E-01
  1.3370185690E+00 -2.7316956744E-01  1.4568176385E+00  1.6071449279E-01  2.6758348753E-01
  1.3569287958E+00 -2.7037506951E-01  1.4419591887E+00  1.5904715830E-01  2.6460629883E-01
  1.3768200133E+00 -2.6757554256E-01  1.4270762434E+00  1.5723859040E-01  2.6164920176E-01
  1.3967005684E+00 -2.6477301771E-01  1.4121796205E+00  1.5529827503E-01  2.5871910493E-01
  1.4165785250E+00 -2.6196945126E-01  1.3972797260E+00  1.5323567314E-01  2.5582176305E-01
  1.4364614503E+00 -2.5916667918E-01  1.3823863136E+00  1.5106010038E-01  2.5296186705E-01
  1.4563562480E+00 -2.5636638184E-01  1.3675082993E+00  1.4878063947E-01  2.5014312951E-01
  1.4762690377E+00 -2.5357005840E-01  1.3526536273E+00  1.4640608131E-01  2.4736836336E-01
  1.4962050754E+00 -2.5077900917E-01  1.3378291780E+00  1.4394489001E-01  2.4463955244E-01
  1.5161687071E+00 -2.4799432450E-01  1.3230407115E+00  1.4140518643E-01  2.4195791317E-01
  1.5361633485E+00 -2.4521687834E-01  1.3082928348E+00  1.3879474499E-01  2.3932394733E-01
  1.5561914828E+00 -2.4244732502E-01  1.2935889872E+00  1.3612099963E-01  2.3673748597E-01
  1.5762546696E+00 -2.3968609794E-01  1.2789314340E+00  1.3339105522E-01  2.3419772529E-01
  1.5963535600E+00 -2.3693340907E-01  1.2643212661E+00  1.3061170192E-01  2.3170325504E-01
  1.6164879137E+00 -2.3418924865E-01  1.2497583990E+00  1.2778943060E-01  2.2925208071E-01
  1.6366566142E+00 -2.3145338460E-01  1.2352415709E+00  1.2493044826E-01  2.2684164062E-01
  1.6568576824E+00 -2.2872536140E-01  1.2207683370E+00  1.2204069285E-01  2.2446881942E-01
  1.6770882847E+00 -2.2600449851E-01  1.2063350612E+00  1.1912584726E-01  2.2212995930E-01
  1.6973447380E+00 -2.2328988859E-01  1.1919369066E+00  1.1619135266E-01  2.1982087072E-01
  1.7176225117E+00 -2.2058039596E-01  1.1775678266E+00  1.1324242164E-01  2.1753684392E-01
  1.7379162273E+00 -2.1787465599E-01  1.1632205608E+00  1.1028405143E-01  2.1527266304E-01
  1.7582196598E+00 -2.1517107645E-01  1.1488866403E+00  1.0732103802E-01  2.1302262407E-01
  1.7785257426E+00 -2.1246784178E-01  1.1345564093E+00  1.0435799147E-01  2.1078055815E-01
  1.7988265813E+00 -2.0976292177E-01  1.1202190688E+00  1.0139935303E-01  2.0853986138E-01
  1.8191134807E+00 -2.0705408605E-01  1.1058627517E+00  9.8449414178E-02  2.0629353228E-01
  1.8393769908E+00 -2.0433892582E-01  1.0914746362E+00  9.5512337517E-02  2.0403421794E-01
  1.8596069793E+00 -2.0161488425E-01  1.0770411058E+00  9.2592179133E-02  2.0175426976E-01
  1.8797927342E+00 -1.9887929656E-01  1.0625479602E+00  8.9692911400E-02  1.9944580971E-01
  1.8999231045E+00 -1.9612944024E-01  1.0479806818E+00  8.6818444840E-02  1.9710080788E-01
  1.9199866814E+00 -1.9336259513E-01  1.0333247540E+00  8.3972647094E-02  1.9471117217E-01
  1.9399720218E+00 -1.9057611191E-01  1.0185660258E+00  8.1159356760E-02  1.9226885073E-01
  1.9598679113E+00 -1.8776748663E-01  1.0036911085E+00  7.8382389723E-02  1.8976594756E-01
  1.9796636594E+00 -1.8493443738E-01  9.8868778493E-01  7.5645535814E-02  1.8719485114E-01
  1.9993494164E+00 -1.8207497889E-01  9.7354540741E-01  7.2952544276E-02  1.8454837533E-01
  2.0189164932E+00 -1.7918748968E-01  9.5825525737E-01  7.0307097476E-02  1.8181991046E-01
  2.0383576660E+00 -1.7627076704E-01  9.4281084001E-01  6.7712773608E-02  1.7900358161E-01
  2.0576674442E+00 -1.7332406568E-01  9.2720809204E-01  6.5173000447E-02  1.7609440909E-01
  2.0768422805E+00 -1.7034711718E-01  9.1144548779E-01  6.2691003469E-02  1.7308846527E-01
  2.0958807095E+00 -1.6734012943E-01  8.9552403816E-01  6.0269752421E-02  1.6998302025E-01
  2.1147834036E+00 -1.6430376681E-01  8.7944718725E-01  5.7911910724E-02  1.6677666878E-01
  2.1335531446E+00 -1.6123911390E-01  8.6322062067E-01  5.5619791716E-02  1.6346943062E-01
  2.1521947167E+00 -1.5814762642E-01  8.4685200561E-01  5.3395324943E-02  1.6006281755E-01
  2.1707147335E+00 -1.5503107385E-01  8.3035068669E-01  5.1240034460E-02  1.5655986220E-01
  2.1891214129E+00 -1.5189147843E-01  8.1372736134E-01  4.9155029871E-02  1.5296510566E-01
  2.2074243208E+00 -1.4873105431E-01  7.9699375632E-01  4.7141009626E-02  1.4928454362E-01
  2.2256340996E+00 -1.4555215018E-01  7.8016232237E-01  4.5198275182E-02  1.4552553313E-01
  2.2437621975E+00 -1.4235719773E-01  7.6324595932E-01  4.3326754023E-02  1.4169666429E-01
  2.2618206124E+00 -1.3914866711E-01  7.4625777875E-01  4.1526029304E-02  1.3780760290E-01
  2.2798216585E+00 -1.3592903009E-01  7.2921090732E-01  3.9795373847E-02  1.3386891106E-01
  2.2977777616E+00 -1.3270073082E-01  7.1211833040E-01  3.8133786450E-02  1.2989185342E-01
  2.3157012867E+00 -1.2946616361E-01  6.9499277335E-01  3.6540028781E-02  1.2588819659E-01
  2.3336043967E+00 -1.2622765711E-01  6.7784661659E-01  3.5012661501E-02  1.2187000869E-01
  2.3514989429E+00 -1.2298746393E-01  6.6069183996E-01  3.3550078607E-02  1.1784946535E-01
  2.3693963834E+00 -1.1974775495E-01  6.4353999173E-01  3.2150539330E-02  1.1383866722E-01
  2.3873077268E+00 -1.1651061741E-01  6.2640217814E-01  3.0812197191E-02  1.0984947308E-01
  2.4052434987E+00 -1.1327805617E-01  6.0928906965E-01  2.9533126013E-02  1.0589335124E-01
  2.4232137274E+00 -1.1005199750E-01  5.9221092098E-01  2.8311342898E-02  1.0198125126E-01
  2.4412279451E+00 -1.0683429503E-01  5.7517760235E-01  2.7144828230E-02  9.8123496493E-02
  2.4592952039E+00 -1.0362673741E-01  5.5819864011E-01  2.6031542890E-02  9.4329697597E-02
  2.4774241026E+00 -1.0043105747E-01  5.4128326535E-01  2.4969442908E-02  9.0608686273E-02
  2.4956228227E+00 -9.7248942679E-02  5.2444046967E-01  2.3956491765E-02  8.6968467959E-02
  2.5138991730E+00 -9.4082046890E-02  5.0767906732E-01  2.2990670616E-02  8.3416191932E-02
  2.5322606390E+00 -9.0932003131E-02  4.9100776355E-01  2.2069986668E-02  7.9958136968E-02
  2.5507144384E+00 -8.7800437576E-02  4.7443522887E-01  2.1192479936E-02  7.6599710629E-02
  2.5692675794E+00 -8.4688984588E-02  4.5797017917E-01  2.0356228611E-02  7.3345460180E-02
  2.5879269215E+00 -8.1599302851E-02  4.4162146167E-01  1.9559353224E-02  7.0199093228E-02
  2.6066992368E+00 -7.8533092575E-02  4.2539814654E-01  1.8800019792E-02  6.7163506251E-02
  2.6255912710E+00 -7.5492113723E-02  4.0930962403E-01  1.8076442108E-02  6.4240819338E-02
  2.6446098020E+00 -7.2478205193E-02  3.9336570658E-01  1.7386883324E-02  6.1432415624E-02
  2.6637616945E+00 -6.9493304800E-02  3.7757673531E-01  1.6729656953E-02  5.8738984108E-02
  2.6830539480E+00 -6.6539469873E-02  3.6195368959E-01  1.6103127414E-02  5.6160564683E-02
  2.7024937356E+00 -6.3618898132E-02  3.4650829825E-01  1.5505710232E-02  5.3696594452E-02
  2.7220884309E+00 -6.0733948428E-02  3.3125314983E-01  1.4935871988E-02  5.1345954529E-02
  2.7418456197E+00 -5.7887160742E-02  3.1620179896E-01  1.4392130110E-02  4.9107016718E-02
  2.7617730915E+00 -5.5081274636E-02  3.0136886436E-01  1.3873052617E-02  4.6977689614E-02
  2.7818788080E+00 -5.2319245157E-02  2.8677011315E-01  1.3377257873E-02  4.4955463824E-02
  2.8021708433E+00 -4.9604254863E-02  2.7242252442E-01  1.2903414456E-02  4.3037456108E-02
  2.8226572913E+00 -4.6939720396E-02  2.5834432370E-01  1.2450241212E-02  4.1220452396E-02
  2.8433461380E+00 -4.4329291704E-02  2.4455497799E-01  1.2016507557E-02  3.9500949710E-02
  2.8642450937E+00 -4.1776841739E-02  2.3107514011E-01  1.1601034091E-02  3.7875197131E-02
  2.8853613865E+00 -3.9286444291E-02  2.1792652956E-01  1.1202693557E-02  3.6339235997E-02
  2.9067015187E+00 -3.6862337581E-02  2.0513173753E-01  1.0820412142E-02  3.4888939564E-02
  2.9282709914E+00 -3.4508871475E-02  1.9271394457E-01  1.0453171102E-02  3.3520052371E-02
  2.9500740091E+00 -3.2230436768E-02  1.8069654273E-01  1.0100008624E-02  3.2228229493E-02
  2.9721131803E+00 -3.0031376035E-02  1.6910265955E-01  9.7600217877E-03  3.1009075794E-02
  2.9943892349E+00 -2.7915877048E-02  1.5795458948E-01  9.4323684648E-03  2.9858185128E-02
  3.0169007841E+00 -2.5887851760E-02  1.4727314849E-01  9.1162689054E-03  2.8771179261E-02
  3.0396441493E+00 -2.3950806079E-02  1.3707698021E-01  8.8110067809E-03  2.7743746056E-02
  3.0626132853E+00 -2.2107707901E-02  1.2738185305E-01  8.5159294314E-03  2.6771676236E-02
  3.0857998161E+00 -2.0360862614E-02  1.1819999777E-01  8.2304471186E-03  2.5850897846E-02
  3.1091931928E+00 -1.8711806151E-02  1.0953953892E-01  7.9540311594E-03  2.4977507411E-02
  3.1327809693E+00 -1.7161225202E-02  1.0140407150E-01  7.6862109223E-03  2.4147796793E-02
  3.1565491769E+00 -1.5708912342E-02  9.3792423790E-02  7.4265697839E-03  2.3358274847E-02
  3.1804827709E+00 -1.4353760637E-02  8.6698630735E-02  7.1747402484E-03  2.2605683241E-02
  3.2045661084E+00 -1.3093798363E-02  8.0112120979E-02  6.9303985121E-03  2.1887006135E-02
  3.2287834221E+00 -1.1926260442E-02  7.4018099266E-02  6.6932587863E-03  2.1199473804E-02
  3.2531192521E+00 -1.0847689758E-02  6.8398087756E-02  6.4630676841E-03  2.0540560658E-02
  3.2775588108E+00 -9.8540592903E-03  6.3230577813E-02  6.2395989265E-03  1.9907978393E-02
  3.3020882641E+00 -8.9409051235E-03  5.8491739319E-02  6.0226485534E-03  1.9299665229E-02
  3.3266949241E+00 -8.1034608590E-03  5.4156137083E-02  5.8120307458E-03  1.8713772247E-02
  3.3513673586E+00 -7.3367854435E-03  5.0197411827E-02  5.6075742956E-03  1.8148647831E-02
  3.3760954265E+00 -6.6358784571E-03  4.6588894105E-02  5.4091197013E-03  1.7602821106E-02
  3.4008702554E+00 -5.9957791116E-03  4.3304131268E-02  5.2165168314E-03  1.7074985128E-02
  3.4256841754E+00 -5.4116472342E-03  4.0317318347E-02  5.0296230797E-03  1.6563980391E-02
  3.4505306253E+00 -4.8788261577E-03  3.7603632507E-02  4.8483019260E-03  1.6068779078E-02
  3.4754040422E+00 -4.3928886407E-03  3.5139477100E-02  4.6724218254E-03  1.5588470314E-02
  3.5002997459E+00 -3.9496676906E-03  3.2902645322E-02  4.5018553542E-03  1.5122246576E-02
  3.5252138239E+00 -3.5452745476E-03  3.0872415523E-02  4.3364785549E-03  1.4669391315E-02
  3.5501430228E+00 -3.1761061788E-03  2.9029590701E-02  4.1761704332E-03  1.4229267783E-02
  3.5750846497E+00 -2.8388445315E-03  2.7356494154E-02  4.0208125706E-03  1.3801309015E-02
  3.6000364830E+00 -2.5304495742E-03  2.5836932093E-02  3.8702888258E-03  1.3385008906E-02
  3.6249966953E+00 -2.2481478740E-03  2.4456132527E-02  3.7244851036E-03  1.2979914270E-02
  3.6499637865E+00 -1.9894181639E-03  2.3200668162E-02  3.5832891761E-03  1.2585617819E-02
  3.6749365272E+00 -1.7519750695E-03  2.2058369522E-02  3.4465905469E-03  1.2201751956E-02
  3.6999139107E+00 -1.5337519086E-03  2.1018233167E-02  3.3142803467E-03  1.1827983305E-02
  3.7248951129E+00 -1.3328832547E-03  2.0070328672E-02  3.1862512566E-03  1.1464007900E-02
  3.7498794599E+00 -1.1476877708E-03  1.9205707068E-02  3.0623974535E-03  1.1109546965E-02
  3.7748663997E+00 -9.7665166784E-04  1.8416312619E-02  2.9426145726E-03  1.0764343221E-02
  3.7998554806E+00 -8.1841302646E-04  1.7694899213E-02  2.8267996847E-03  1.0428157670E-02
  3.8248463323E+00 -6.7174712334E-04  1.7034952111E-02  2.7148512857E-03  1.0100766796E-02
  3.8498386508E+00 -5.3555283890E-04  1.6430615461E-02  2.6066692955E-03  9.7819601473E-03
  3.8748321868E+00 -4.0884016845E-04  1.5876625701E-02  2.5021550643E-03  9.4715382565E-03
  3.8998267350E+00 -2.9071882367E-04  1.5368250766E-02  2.4012113844E-03  9.1693108662E-03
  3.9248221264E+00 -1.8038788588E-04  1.4901234912E-02  2.3037425068E-03  8.8750954200E-03
  3.9498182215E+00 -7.7126455797E-05  1.4471748840E-02  2.2096541601E-03  8.5887157967E-03
  3.9748149050E+00  1.9714764906E-05  1.4076344798E-02  2.1188535712E-03  8.3100012565E-03
  3.9998120815E+00  1.1072103034E-04  1.3711916266E-02  2.0312494870E-03  8.0387855760E-03
  4.0248096719E+00  1.9642031667E-04  1.3375661863E-02  1.9467521950E-03  7.7749063472E-03
  4.0498076105E+00  2.7728936835E-04  1.3065053090E-02  1.8652735447E-03  7.5182044226E-03
  4.0748058424E+00  3.5375909209E-04  1.2777805543E-02  1.7867269655E-03  7.2685234839E-03
  4.0998043220E+00  4.2621936250E-04  1.2511853276E-02  1.7110274841E-03  7.0257097189E-03
  4.1248030112E+00  4.9502329927E-04  1.2265325973E-02  1.6380917394E-03  6.7896115888E-03
  4.1498018780E+00  5.6049107093E-04  1.2036528645E-02  1.5678379944E-03  6.5600796733E-03
  4.1748008956E+00  6.2291327575E-04  1.1823923585E-02  1.5001861458E-03  6.3369665775E-03
  4.1998000415E+00  6.8255394575E-04  1.1626114335E-02  1.4350577306E-03  6.1201268913E-03
  4.2247992968E+00  7.3965321528E-04  1.1441831438E-02  1.3723759304E-03  5.9094171881E-03
  4.2497986455E+00  7.9442969182E-04  1.1269919785E-02  1.3120655720E-03  5.7046960552E-03
  4.2747980740E+00  8.4708256253E-04  1.1109327364E-02  1.2540531258E-03  5.5058241464E-03
  4.2997975710E+00  8.9779346678E-04  1.0959095272E-02  1.1982667020E-03  5.3126642497E-03
  4.3247971268E+00  9.4672816171E-04  1.0818348818E-02  1.1446360429E-03  5.1250813641E-03
  4.3497967331E+00  9.9403800466E-04  1.0686289615E-02  1.0930925146E-03  4.9429427790E-03
  4.3747963830E+00  1.0398612741E-03  1.0562188527E-02  1.0435690951E-03  4.7661181542E-03
  4.3997960705E+00  1.0843243483E-03  1.0445379388E-02  9.9600036106E-04  4.5944795934E-03
  4.4247957905E+00  1.1275427578E-03  1.0335253382E-02  9.5032247258E-04  4.4279017111E-03
  4.4497955387E+00  1.1696221280E-03  1.0231254019E-02  9.0647315637E-04  4.2662616896E-03
  4.4747953114E+00  1.2106590244E-03  1.0132872636E-02  8.6439168742E-04  4.1094393242E-03
  4.4997951054E+00  1.2507417118E-03  1.0039644348E-02  8.2401886941E-04  3.9573170556E-03
  4.5247949180E+00  1.2899508386E-03  9.9511444084E-03  7.8529701407E-04  3.8097799899E-03
  4.5497947468E+00  1.3283600559E-03  9.8669849166E-03  7.4816991958E-04  3.6667159046E-03
  4.5747945898E+00  1.3660365771E-03  9.7868118444E-03  7.1258284817E-04  3.5280152411E-03
  4.5997944453E+00  1.4030416877E-03  9.7103023288E-03  6.7848250314E-04  3.3935710852E-03
  4.6247943118E+00  1.4394312095E-03  9.6371622095E-03  6.4581700542E-04  3.2632791347E-03
  4.6497941880E+00  1.4752559263E-03  9.5671237763E-03  6.1453586965E-04  3.1370376567E-03
  4.6747940728E+00  1.5105619732E-03  9.4999437046E-03  5.8458998016E-04  3.0147474339E-03
  4.6997939652E+00  1.5453911965E-03  9.4354011559E-03  5.5593156664E-04  2.8963117025E-03
  4.7247938644E+00  1.5797814854E-03  9.3732960256E-03  5.2851417989E-04  2.7816360822E-03
  4.7497937697E+00  1.6137670792E-03  9.3134473209E-03  5.0229266745E-04  2.6706284995E-03
