 AIMInt (Version 14.11.23, Professional)
 Portions Copyright (c) 1997-2014 by Todd A. Keith
 AIMInt is a component of the AIMAll package ( http://aim.tkgristmill.com )

 AIMInt is a heavily modified and extended version of the PROAIMV program
 developed by members of R.F.W. Bader's research group

 Much of the Quantum Theory of Atoms in Molecules (QTAIM) is described in the book:
   "Atoms in Molecules - A Quantum Theory"
   R.F.W. Bader, Oxford University Press, Oxford, 1990

 For additional references see:  http://aim.tkgristmill.com/references.html

 Inp File:  E:\Proyecto spin\estructuras hexahidratadas\estructuras hexahidratadas solas\nuevas\Ni23_alpha_atomicfiles\ni1.inp
 Wfx File:  E:\Proyecto spin\estructuras hexahidratadas\estructuras hexahidratadas solas\nuevas\Ni23_alpha.wfx
 Out File:  E:\Proyecto spin\estructuras hexahidratadas\estructuras hexahidratadas solas\nuevas\Ni23_alpha_atomicfiles\ni1.int

 Wfx Title:   Ni[H2O]6 (2+)                                                                 
 Job Title:   Ni[H2O]6 (2+)                                                                 
 
<Atom>
Ni1     
</Atom>
<Nuclei of Molecule>
    19
Ni1       28.0           0.0000000000E+00   0.0000000000E+00   0.0000000000E+00
O2         8.0          -3.9214370762E+00   2.3808692006E-02   2.1353113559E-02
H3         1.0          -5.0036284683E+00  -1.4411347422E+00   1.5908824041E-02
H4         1.0          -4.9805167560E+00   1.5047711243E+00   7.2209196531E-02
O5         8.0           3.1716204243E-02  -3.3294667576E-02   3.9214947566E+00
H6         1.0          -1.4304780954E+00  -6.0645056125E-02   5.0070295418E+00
H7         1.0           1.5157699755E+00  -8.1729232401E-02   4.9763872796E+00
O8         8.0           1.5803806651E-02   3.9209930903E+00   5.1101642237E-02
H9         1.0           1.5748508240E-02   5.0177812945E+00  -1.4028581362E+00
H10        1.0           5.0209233756E-02   4.9652838866E+00   1.5430783458E+00
O11        8.0           3.9214370762E+00  -2.3808692006E-02  -2.1353113559E-02
H12        1.0           5.0036284683E+00   1.4411347422E+00  -1.5908824041E-02
H13        1.0           4.9805167560E+00  -1.5047711243E+00  -7.2209196531E-02
O14        8.0          -3.1716204243E-02   3.3294667576E-02  -3.9214947566E+00
H15        1.0           1.4304780954E+00   6.0645056125E-02  -5.0070295418E+00
H16        1.0          -1.5157699755E+00   8.1729232401E-02  -4.9763872796E+00
O17        8.0          -1.5803806651E-02  -3.9209930903E+00  -5.1101642237E-02
H18        1.0          -1.5748508240E-02  -5.0177812945E+00   1.4028581362E+00
H19        1.0          -5.0209233756E-02  -4.9652838866E+00  -1.5430783458E+00
</Nuclei of Molecule>
<Total Number of CPs of DelSqRho>
   104
</Total Number of CPs of DelSqRho>
<Number of (3,+3) CPs of DelSqRho>
    13
</Number of (3,+3) CPs of DelSqRho>
<Number of (3,+1) CPs of DelSqRho>
    35
</Number of (3,+1) CPs of DelSqRho>
<Number of (3,-1) CPs of DelSqRho>
    40
</Number of (3,-1) CPs of DelSqRho>
<Number of (3,-3) CPs of DelSqRho>
    16
</Number of (3,-3) CPs of DelSqRho>
<Number of Degenerate CPs of DelSqRho>
     0
</Number of Degenerate CPs of DelSqRho>
<CP of DelSqRho>
CP# = 1       
Type = (3,+3)
Coords =  3.14643428117667E-27 -2.58864796882191E-26 -5.54339201304423E-27
DistFromNuc =  2.6659690065E-26
Rho =  7.2853361888E+03
DelSqRho = -1.2667376097E+09
GradDelSqRho =  1.3733936909E-13 -2.0114344143E-13 -3.6628925847E-14
HessDelSqRho_EigVals =  9.2705436246E+14  9.2705436248E+14  9.2705436255E+14
HessDelSqRho_EigVec1 = -2.6010898308E-02  7.7809934272E-01  6.2760245859E-01
HessDelSqRho_EigVec2 =  8.6906018745E-01 -2.9265851651E-01  3.9885509062E-01
HessDelSqRho_EigVec3 =  4.9402208834E-01  5.5579888951E-01 -6.6860284972E-01
</CP of DelSqRho>
<CP of DelSqRho>
CP# = 2       
Type = (3,-1)
Coords =  1.82056477736752E-01  1.80134683939321E-01  2.17611846966804E-04
DistFromNuc =  2.5611152414E-01
Rho =  1.7448310429E+01
DelSqRho =  1.5741725581E+03
GradDelSqRho =  1.4324541553E-11  2.0918378141E-11  8.3559825725E-12
HessDelSqRho_EigVals = -6.6915893059E+05 -2.7940283897E+03  1.3942758259E+03
HessDelSqRho_EigVec1 =  7.1084820423E-01  7.0334493762E-01  8.5397687117E-04
HessDelSqRho_EigVec2 = -7.0329120882E-01  7.1077777485E-01  1.3282709812E-02
HessDelSqRho_EigVec3 =  8.7353389236E-03 -1.0042584843E-02  9.9991141625E-01
</CP of DelSqRho>
<CP of DelSqRho>
CP# = 3       
Type = (3,-1)
Coords = -1.82056477736751E-01 -1.80134683939323E-01 -2.17611846962787E-04
DistFromNuc =  2.5611152414E-01
Rho =  1.7448310429E+01
DelSqRho =  1.5741725581E+03
GradDelSqRho = -5.6843418861E-12 -8.2991391537E-12  8.8107299234E-13
HessDelSqRho_EigVals = -6.6915893059E+05 -2.7940283897E+03  1.3942758259E+03
HessDelSqRho_EigVec1 =  7.1084820423E-01  7.0334493762E-01  8.5397687116E-04
HessDelSqRho_EigVec2 = -7.0329120882E-01  7.1077777485E-01  1.3282709812E-02
HessDelSqRho_EigVec3 =  8.7353389236E-03 -1.0042584843E-02  9.9991141625E-01
</CP of DelSqRho>
<CP of DelSqRho>
CP# = 4       
Type = (3,+3)
Coords =  1.43291353706598E-01 -7.36585277463445E-04 -1.04131640881647E-03
DistFromNuc =  1.4329703048E-01
Rho =  7.0091886433E+01
DelSqRho = -5.1929356015E+03
GradDelSqRho = -1.1641532183E-10 -2.9103830457E-11 -4.3655745685E-11
HessDelSqRho_EigVals =  1.0847140804E+04  1.0898438985E+04  1.2016150629E+07
HessDelSqRho_EigVec1 =  1.6501109117E-03 -6.9517978588E-01  7.1883401591E-01
HessDelSqRho_EigVec2 =  8.7467587282E-03  7.1881753008E-01  6.9514376402E-01
HessDelSqRho_EigVec3 =  9.9996038489E-01 -5.1404033926E-03 -7.2666985097E-03
</CP of DelSqRho>
<CP of DelSqRho>
CP# = 5       
Type = (3,+3)
Coords = -1.43291353706598E-01  7.36585277466378E-04  1.04131640881306E-03
DistFromNuc =  1.4329703048E-01
Rho =  7.0091886433E+01
DelSqRho = -5.1929356015E+03
GradDelSqRho = -1.1641532183E-10 -2.9103830457E-11  2.9103830457E-11
HessDelSqRho_EigVals =  1.0847140804E+04  1.0898438985E+04  1.2016150629E+07
HessDelSqRho_EigVec1 =  1.6501109119E-03 -6.9517978586E-01  7.1883401594E-01
HessDelSqRho_EigVec2 =  8.7467587281E-03  7.1881753011E-01  6.9514376400E-01
HessDelSqRho_EigVec3 =  9.9996038489E-01 -5.1404033926E-03 -7.2666985097E-03
</CP of DelSqRho>
<CP of DelSqRho>
CP# = 6       
Type = (3,+3)
Coords =  7.86609848164070E-04  1.43285984357001E-01  1.59407903534508E-03
DistFromNuc =  1.4329701028E-01
Rho =  7.0091895105E+01
DelSqRho = -5.1929312461E+03
GradDelSqRho = -5.8207660913E-11 -1.0550138541E-10  4.3655745685E-11
HessDelSqRho_EigVals =  1.0857640233E+04  1.0889123324E+04  1.2016156839E+07
HessDelSqRho_EigVec1 =  7.0163149489E-01  4.0754158298E-03 -7.1252834074E-01
HessDelSqRho_EigVec2 =  7.1251885147E-01 -1.1716532448E-02  7.0155513623E-01
HessDelSqRho_EigVec3 =  5.4892325169E-03  9.9992305397E-01  1.1124498783E-02
</CP of DelSqRho>
<CP of DelSqRho>
CP# = 7       
Type = (3,+3)
Coords =  9.99549569909902E-04 -1.64734357093598E-03  1.43284093529499E-01
DistFromNuc =  1.4329704916E-01
Rho =  7.0091880040E+01
DelSqRho = -5.1929433059E+03
GradDelSqRho =  6.5483618528E-11  1.4551915228E-11  2.2555468604E-10
HessDelSqRho_EigVals =  1.0863761160E+04  1.0884792326E+04  1.2016145036E+07
HessDelSqRho_EigVec1 =  7.5795804668E-01  6.5229955355E-01  2.2117654726E-03
HessDelSqRho_EigVec2 = -6.5226600538E-01  7.5787409176E-01  1.3263455717E-02
HessDelSqRho_EigVec3 =  6.9755064941E-03 -1.1495802417E-02  9.9990959033E-01
</CP of DelSqRho>
<CP of DelSqRho>
CP# = 8       
Type = (3,+3)
Coords = -9.99549569907648E-04  1.64734357093158E-03 -1.43284093529499E-01
DistFromNuc =  1.4329704916E-01
Rho =  7.0091880040E+01
DelSqRho = -5.1929433059E+03
GradDelSqRho =  7.2759576142E-12  5.8207660913E-11  1.6007106751E-10
HessDelSqRho_EigVals =  1.0863761160E+04  1.0884792326E+04  1.2016145036E+07
HessDelSqRho_EigVec1 =  7.5795804666E-01  6.5229955358E-01  2.2117654731E-03
HessDelSqRho_EigVec2 = -6.5226600541E-01  7.5787409174E-01  1.3263455717E-02
HessDelSqRho_EigVec3 =  6.9755064941E-03 -1.1495802417E-02  9.9990959033E-01
</CP of DelSqRho>
<CP of DelSqRho>
CP# = 9       
Type = (3,+1)
Coords =  1.21359470107045E-03  1.00165362074535E-01  1.02445433176842E-01
DistFromNuc =  1.4328167835E-01
Rho =  7.0067970889E+01
DelSqRho = -5.1650077842E+03
GradDelSqRho = -7.2759576142E-12  1.4551915228E-10  1.2369127944E-10
HessDelSqRho_EigVals = -1.0879400946E+04  5.4584769628E+03  1.2025298014E+07
HessDelSqRho_EigVec1 = -1.6171428521E-03  7.1502738716E-01 -6.9909457190E-01
HessDelSqRho_EigVec2 =  9.9996282133E-01 -4.7650811763E-03 -7.1867905630E-03
HessDelSqRho_EigVec3 =  8.4699944634E-03  6.9908020256E-01  7.1499309758E-01
</CP of DelSqRho>
<CP of DelSqRho>
CP# = 10      
Type = (3,+1)
Coords = -9.41440655700211E-05 -1.02459203237594E-01  1.00158655579391E-01
DistFromNuc =  1.4328172765E-01
Rho =  7.0068018722E+01
DelSqRho = -5.1650451674E+03
GradDelSqRho = -1.4551915228E-11 -9.0949470177E-11  3.6379788071E-11
HessDelSqRho_EigVals = -1.0872033073E+04  5.4144678199E+03  1.2025331126E+07
HessDelSqRho_EigVec1 =  8.9305888821E-03  6.9900091350E-01  7.1506500929E-01
HessDelSqRho_EigVec2 =  9.9995990575E-01 -6.7124759375E-03 -5.9270191516E-03
HessDelSqRho_EigVec3 =  6.5686486732E-04  7.1508927106E-01 -6.9903283395E-01
</CP of DelSqRho>
<CP of DelSqRho>
CP# = 11      
Type = (3,+1)
Coords =  9.41440655827556E-05  1.02459203237601E-01 -1.00158655579384E-01
DistFromNuc =  1.4328172765E-01
Rho =  7.0068018722E+01
DelSqRho = -5.1650451674E+03
GradDelSqRho = -7.2759576142E-11  3.2741809264E-11 -1.4551915228E-11
HessDelSqRho_EigVals = -1.0872033073E+04  5.4144678199E+03  1.2025331126E+07
HessDelSqRho_EigVec1 =  8.9305888820E-03  6.9900091350E-01  7.1506500929E-01
HessDelSqRho_EigVec2 =  9.9995990575E-01 -6.7124759375E-03 -5.9270191514E-03
HessDelSqRho_EigVec3 =  6.5686486741E-04  7.1508927106E-01 -6.9903283395E-01
</CP of DelSqRho>
<CP of DelSqRho>
CP# = 12      
Type = (3,+1)
Coords = -1.21359470107792E-03 -1.00165362074537E-01 -1.02445433176840E-01
DistFromNuc =  1.4328167835E-01
Rho =  7.0067970889E+01
DelSqRho = -5.1650077842E+03
GradDelSqRho = -6.5483618528E-11 -1.1641532183E-10 -5.8207660913E-11
HessDelSqRho_EigVals = -1.0879400946E+04  5.4584769629E+03  1.2025298014E+07
HessDelSqRho_EigVec1 = -1.6171428520E-03  7.1502738716E-01 -6.9909457190E-01
HessDelSqRho_EigVec2 =  9.9996282133E-01 -4.7650811764E-03 -7.1867905630E-03
HessDelSqRho_EigVec3 =  8.4699944634E-03  6.9908020256E-01  7.1499309758E-01
</CP of DelSqRho>
<CP of DelSqRho>
CP# = 13      
Type = (3,+1)
Coords =  1.02032589962427E-01 -1.82690642941153E-03  1.00576629358567E-01
DistFromNuc =  1.4328169937E-01
Rho =  7.0067981876E+01
DelSqRho = -5.1650220017E+03
GradDelSqRho =  1.7462298274E-10 -2.9103830457E-11  1.1641532183E-10
HessDelSqRho_EigVals = -1.0875803259E+04  5.4528021167E+03  1.2025299320E+07
HessDelSqRho_EigVec1 = -7.0203616043E-01 -3.7140194157E-03  7.1213161390E-01
HessDelSqRho_EigVec2 =  6.4729093567E-03  9.9991181274E-01  1.1596042300E-02
HessDelSqRho_EigVec3 =  7.1211188089E-01 -1.2750404399E-02  7.0195020927E-01
</CP of DelSqRho>
<CP of DelSqRho>
CP# = 14      
Type = (3,+1)
Coords =  1.00598002515811E-01  9.79973583811112E-04 -1.02023216977994E-01
DistFromNuc =  1.4328173387E-01
Rho =  7.0068010029E+01
DelSqRho = -5.1650481430E+03
GradDelSqRho = -4.3655745685E-11 -7.2759576142E-12  5.8207660913E-11
HessDelSqRho_EigVals = -1.0870576157E+04  5.4262991676E+03  1.2025319497E+07
HessDelSqRho_EigVec1 =  7.1207115771E-01 -1.1435661621E-02  7.0201416795E-01
HessDelSqRho_EigVec2 =  3.3414676145E-03  9.9991122120E-01  1.2899004147E-02
HessDelSqRho_EigVec3 = -7.0209935262E-01 -6.8392512092E-03  7.1204615278E-01
</CP of DelSqRho>
<CP of DelSqRho>
CP# = 15      
Type = (3,+1)
Coords =  1.01848714131085E-01  1.00779405766560E-01  5.09488739968274E-06
DistFromNuc =  1.4328171280E-01
Rho =  7.0068010032E+01
DelSqRho = -5.1650398194E+03
GradDelSqRho = -1.6007106751E-10 -2.1100277081E-10 -1.8189894035E-11
HessDelSqRho_EigVals = -1.0871840171E+04  5.4285234429E+03  1.2025323733E+07
HessDelSqRho_EigVec1 = -7.0330439531E-01  7.1076588206E-01  1.3220757579E-02
HessDelSqRho_EigVec2 =  9.2735802605E-03 -9.4228669583E-03  9.9991260132E-01
HessDelSqRho_EigVec3 =  7.1082833950E-01  7.0336553120E-01  3.5799294509E-05
</CP of DelSqRho>
<CP of DelSqRho>
CP# = 16      
Type = (3,+1)
Coords = -1.00767340611489E-01  1.01845191482651E-01  1.77170546038215E-03
DistFromNuc =  1.4328167678E-01
Rho =  7.0067989495E+01
DelSqRho = -5.1650094772E+03
GradDelSqRho = -1.1641532183E-10  5.8207660913E-11 -7.2759576142E-11
HessDelSqRho_EigVals = -1.0877952793E+04  5.4435949363E+03  1.2025309788E+07
HessDelSqRho_EigVec1 =  7.1088529800E-01  7.0329863267E-01  3.6230334915E-03
HessDelSqRho_EigVec2 =  6.1211845698E-03 -1.1338274337E-02  9.9991698387E-01
HessDelSqRho_EigVec3 = -7.0328132649E-01  7.1080410580E-01  1.2365233269E-02
</CP of DelSqRho>
<CP of DelSqRho>
CP# = 17      
Type = (3,-1)
Coords = -8.17393948908526E-02  8.21691136526299E-02  8.42322972682195E-02
DistFromNuc =  1.4327655711E-01
Rho =  7.0059987320E+01
DelSqRho = -5.1556709621E+03
GradDelSqRho =  1.2732925825E-11 -1.4551915228E-11  5.8207660913E-11
HessDelSqRho_EigVals = -7.2715111728E+03 -7.2611954700E+03  1.2028375924E+07
HessDelSqRho_EigVec1 = -8.1624685535E-01 -3.1666293382E-01 -4.8318284063E-01
HessDelSqRho_EigVec2 = -9.0939400946E-02 -7.5552761683E-01  6.4877426394E-01
HessDelSqRho_EigVec3 = -5.7050074189E-01  5.7350031085E-01  5.8789990386E-01
</CP of DelSqRho>
<CP of DelSqRho>
CP# = 18      
Type = (3,-1)
Coords = -8.25437702147490E-02 -8.32289421784764E-02  8.23873817765301E-02
DistFromNuc =  1.4327669557E-01
Rho =  7.0060160221E+01
DelSqRho = -5.1558650683E+03
GradDelSqRho =  1.4551915228E-10 -5.8207660913E-11 -1.4551915228E-11
HessDelSqRho_EigVals = -7.2131183235E+03 -7.2046018137E+03  1.2028358128E+07
HessDelSqRho_EigVec1 = -2.8881034134E-02 -6.8859796894E-01 -7.2456795612E-01
HessDelSqRho_EigVec2 =  8.1685864288E-01 -4.3404131150E-01  3.7993433309E-01
HessDelSqRho_EigVec3 =  5.7611443605E-01  5.8089670087E-01 -5.7502276433E-01
</CP of DelSqRho>
<CP of DelSqRho>
CP# = 19      
Type = (3,-1)
Coords =  8.25437702147302E-02  8.32289421784813E-02 -8.23873817765438E-02
DistFromNuc =  1.4327669557E-01
Rho =  7.0060160221E+01
DelSqRho = -5.1558650683E+03
GradDelSqRho =  5.8207660913E-11 -5.0931703299E-11  0.0000000000E+00
HessDelSqRho_EigVals = -7.2131183235E+03 -7.2046018137E+03  1.2028358128E+07
HessDelSqRho_EigVec1 = -2.8881033726E-02 -6.8859796916E-01 -7.2456795593E-01
HessDelSqRho_EigVec2 =  8.1685864289E-01 -4.3404131116E-01  3.7993433345E-01
HessDelSqRho_EigVec3 =  5.7611443605E-01  5.8089670087E-01 -5.7502276433E-01
</CP of DelSqRho>
<CP of DelSqRho>
CP# = 20      
Type = (3,-1)
Coords =  8.17393948908414E-02 -8.21691136526351E-02 -8.42322972682253E-02
DistFromNuc =  1.4327655711E-01
Rho =  7.0059987320E+01
DelSqRho = -5.1556709621E+03
GradDelSqRho =  7.8216544352E-11 -4.3655745685E-11 -1.1641532183E-10
HessDelSqRho_EigVals = -7.2715111728E+03 -7.2611954700E+03  1.2028375924E+07
HessDelSqRho_EigVec1 = -8.1624685533E-01 -3.1666293372E-01 -4.8318284072E-01
HessDelSqRho_EigVec2 = -9.0939401053E-02 -7.5552761688E-01  6.4877426388E-01
HessDelSqRho_EigVec3 = -5.7050074189E-01  5.7350031085E-01  5.8789990386E-01
</CP of DelSqRho>
<CP of DelSqRho>
CP# = 21      
Type = (3,-1)
Coords = -8.37828027224352E-02 -8.13620778505592E-02 -8.29989300262771E-02
DistFromNuc =  1.4327654424E-01
Rho =  7.0059960603E+01
DelSqRho = -5.1556484593E+03
GradDelSqRho =  1.0186340660E-10 -5.8207660913E-11  5.2750692703E-11
HessDelSqRho_EigVals = -7.2798690235E+03 -7.2692389618E+03  1.2028380064E+07
HessDelSqRho_EigVec1 =  7.1168467623E-01 -7.0184070169E-01 -3.0406431437E-02
HessDelSqRho_EigVec2 =  3.8930374965E-01  4.3005365677E-01 -8.1455290977E-01
HessDelSqRho_EigVec3 =  5.8476278278E-01  5.6786748609E-01  5.7929181430E-01
</CP of DelSqRho>
<CP of DelSqRho>
CP# = 22      
Type = (3,+3)
Coords = -7.86609848155861E-04 -1.43285984357001E-01 -1.59407903533634E-03
DistFromNuc =  1.4329701028E-01
Rho =  7.0091895105E+01
DelSqRho = -5.1929312461E+03
GradDelSqRho = -7.2759576142E-11  1.4915713109E-10  7.2759576142E-12
HessDelSqRho_EigVals =  1.0857640233E+04  1.0889123324E+04  1.2016156839E+07
HessDelSqRho_EigVec1 =  7.0163149493E-01  4.0754158293E-03 -7.1252834071E-01
HessDelSqRho_EigVec2 =  7.1251885144E-01 -1.1716532448E-02  7.0155513626E-01
HessDelSqRho_EigVec3 =  5.4892325168E-03  9.9992305397E-01  1.1124498783E-02
</CP of DelSqRho>
<CP of DelSqRho>
CP# = 23      
Type = (3,+1)
Coords = -1.02032589962430E-01  1.82690642940399E-03 -1.00576629358564E-01
DistFromNuc =  1.4328169937E-01
Rho =  7.0067981876E+01
DelSqRho = -5.1650220017E+03
GradDelSqRho =  8.7311491370E-11  7.2759576142E-11  5.8207660913E-11
HessDelSqRho_EigVals = -1.0875803259E+04  5.4528021167E+03  1.2025299320E+07
HessDelSqRho_EigVec1 = -7.0203616043E-01 -3.7140194156E-03  7.1213161390E-01
HessDelSqRho_EigVec2 =  6.4729093567E-03  9.9991181274E-01  1.1596042300E-02
HessDelSqRho_EigVec3 =  7.1211188089E-01 -1.2750404399E-02  7.0195020927E-01
</CP of DelSqRho>
<CP of DelSqRho>
CP# = 24      
Type = (3,+1)
Coords = -1.01848714131088E-01 -1.00779405766557E-01 -5.09488739584933E-06
DistFromNuc =  1.4328171280E-01
Rho =  7.0068010032E+01
DelSqRho = -5.1650398194E+03
GradDelSqRho = -1.0186340660E-10  5.4569682106E-11 -9.4587448984E-11
HessDelSqRho_EigVals = -1.0871840171E+04  5.4285234430E+03  1.2025323733E+07
HessDelSqRho_EigVec1 = -7.0330439531E-01  7.1076588206E-01  1.3220757579E-02
HessDelSqRho_EigVec2 =  9.2735802605E-03 -9.4228669583E-03  9.9991260132E-01
HessDelSqRho_EigVec3 =  7.1082833950E-01  7.0336553120E-01  3.5799294483E-05
</CP of DelSqRho>
<CP of DelSqRho>
CP# = 25      
Type = (3,-1)
Coords =  8.37828027224320E-02  8.13620778505504E-02  8.29989300262889E-02
DistFromNuc =  1.4327654424E-01
Rho =  7.0059960603E+01
DelSqRho = -5.1556484593E+03
GradDelSqRho = -5.8207660913E-11  8.7311491370E-11 -6.3664629124E-11
HessDelSqRho_EigVals = -7.2798690235E+03 -7.2692389618E+03  1.2028380064E+07
HessDelSqRho_EigVec1 =  7.1168467619E-01 -7.0184070173E-01 -3.0406431360E-02
HessDelSqRho_EigVec2 =  3.8930374972E-01  4.3005365670E-01 -8.1455290977E-01
HessDelSqRho_EigVec3 =  5.8476278278E-01  5.6786748609E-01  5.7929181430E-01
</CP of DelSqRho>
<CP of DelSqRho>
CP# = 26      
Type = (3,+1)
Coords =  2.56248639429315E-01 -1.36772309535648E-03 -1.80530720001149E-03
DistFromNuc =  2.5625864865E-01
Rho =  1.7487228483E+01
DelSqRho =  1.5512682484E+03
GradDelSqRho =  1.2732925825E-11  3.4106051316E-13 -4.7748471843E-12
HessDelSqRho_EigVals = -6.6667155948E+05  2.7829227747E+03  2.7941119031E+03
HessDelSqRho_EigVec1 =  9.9996094586E-01 -5.3393849363E-03 -7.0425651195E-03
HessDelSqRho_EigVec2 =  1.2904878802E-03 -7.0011290218E-01  7.1403099291E-01
HessDelSqRho_EigVec3 =  8.7430770322E-03  7.1401219539E-01  7.0007866946E-01
</CP of DelSqRho>
<CP of DelSqRho>
CP# = 27      
Type = (3,+1)
Coords = -2.56248639429315E-01  1.36772309535952E-03  1.80530720000775E-03
DistFromNuc =  2.5625864865E-01
Rho =  1.7487228483E+01
DelSqRho =  1.5512682484E+03
GradDelSqRho =  7.2759576142E-12 -1.3642420527E-12  2.1600499167E-12
HessDelSqRho_EigVals = -6.6667155948E+05  2.7829227747E+03  2.7941119031E+03
HessDelSqRho_EigVec1 =  9.9996094586E-01 -5.3393849363E-03 -7.0425651194E-03
HessDelSqRho_EigVec2 =  1.2904878803E-03 -7.0011290217E-01  7.1403099293E-01
HessDelSqRho_EigVec3 =  8.7430770322E-03  7.1401219541E-01  7.0007866945E-01
</CP of DelSqRho>
<CP of DelSqRho>
CP# = 28      
Type = (3,+1)
Coords =  1.35827639400429E-03  2.56238060079652E-01  2.94165358488928E-03
DistFromNuc =  2.5625854459E-01
Rho =  1.7487257251E+01
DelSqRho =  1.5512683556E+03
GradDelSqRho = -3.4106051316E-12 -5.9117155615E-12 -1.7053025658E-13
HessDelSqRho_EigVals = -6.6667331119E+05  2.7854248461E+03  2.7922342670E+03
HessDelSqRho_EigVec1 =  5.2984130531E-03  9.9992003124E-01  1.1482941540E-02
HessDelSqRho_EigVec2 = -7.0439505900E-01 -4.4187048677E-03  7.0979438988E-01
HessDelSqRho_EigVec3 =  7.0978836823E-01 -1.1849311144E-02  7.0431531728E-01
</CP of DelSqRho>
<CP of DelSqRho>
CP# = 29      
Type = (3,+1)
Coords = -1.35827639400770E-03 -2.56238060079652E-01 -2.94165358488660E-03
DistFromNuc =  2.5625854459E-01
Rho =  1.7487257251E+01
DelSqRho =  1.5512683556E+03
GradDelSqRho = -1.8189894035E-12 -1.5916157281E-11 -2.7853275242E-12
HessDelSqRho_EigVals = -6.6667331119E+05  2.7854248461E+03  2.7922342670E+03
HessDelSqRho_EigVec1 =  5.2984130532E-03  9.9992003124E-01  1.1482941540E-02
HessDelSqRho_EigVec2 = -7.0439505901E-01 -4.4187048675E-03  7.0979438986E-01
HessDelSqRho_EigVec3 =  7.0978836822E-01 -1.1849311144E-02  7.0431531729E-01
</CP of DelSqRho>
<CP of DelSqRho>
CP# = 30      
Type = (3,+1)
Coords =  1.84640040963341E-03 -2.85737208009896E-03  2.56236177032410E-01
DistFromNuc =  2.5625876022E-01
Rho =  1.7487202416E+01
DelSqRho =  1.5512654443E+03
GradDelSqRho =  4.5474735089E-13  1.6484591470E-12 -3.8440362005E-12
HessDelSqRho_EigVals = -6.6666966240E+05  2.7865785854E+03  2.7908933628E+03
HessDelSqRho_EigVec1 =  7.2076346400E-03 -1.1146792488E-02  9.9991189563E-01
HessDelSqRho_EigVec2 =  7.6444128159E-01  6.4469117887E-01  1.6765730414E-03
HessDelSqRho_EigVec3 = -6.4465306717E-01  7.6436184684E-01  1.3167766808E-02
</CP of DelSqRho>
<CP of DelSqRho>
CP# = 31      
Type = (3,+1)
Coords = -1.84640040963157E-03  2.85737208009963E-03 -2.56236177032410E-01
DistFromNuc =  2.5625876022E-01
Rho =  1.7487202416E+01
DelSqRho =  1.5512654443E+03
GradDelSqRho = -1.4779288904E-12 -2.2737367544E-12 -5.8193450059E-12
HessDelSqRho_EigVals = -6.6666966240E+05  2.7865785854E+03  2.7908933628E+03
HessDelSqRho_EigVec1 =  7.2076346400E-03 -1.1146792488E-02  9.9991189563E-01
HessDelSqRho_EigVec2 =  7.6444128157E-01  6.4469117889E-01  1.6765730417E-03
HessDelSqRho_EigVec3 = -6.4465306719E-01  7.6436184683E-01  1.3167766808E-02
</CP of DelSqRho>
<CP of DelSqRho>
CP# = 32      
Type = (3,-1)
Coords =  2.18195653551616E-03  1.79034049084278E-01  1.83125318230660E-01
DistFromNuc =  2.5611097954E-01
Rho =  1.7448552222E+01
DelSqRho =  1.5741507746E+03
GradDelSqRho = -4.5474735089E-13  2.9558577808E-12 -1.6200374375E-12
HessDelSqRho_EigVals = -6.6916749713E+05 -2.7929321622E+03  1.4033140912E+03
HessDelSqRho_EigVec1 =  8.5198244798E-03  6.9904933093E-01  7.1502268881E-01
HessDelSqRho_EigVec2 = -1.8140004438E-03  7.1505826906E-01 -6.9906250168E-01
HessDelSqRho_EigVec3 =  9.9996206028E-01 -4.6588383398E-03 -7.3602467417E-03
</CP of DelSqRho>
<CP of DelSqRho>
CP# = 33      
Type = (3,-1)
Coords = -1.66018348872372E-05 -1.83137065573856E-01  1.79036352655128E-01
DistFromNuc =  2.5611169562E-01
Rho =  1.7448225174E+01
DelSqRho =  1.5741842370E+03
GradDelSqRho =  7.2759576142E-12 -5.2295945352E-12 -8.1854523160E-12
HessDelSqRho_EigVals = -6.6915630240E+05 -2.7949362176E+03  1.3900515880E+03
HessDelSqRho_EigVec1 =  6.1678710849E-05  7.1506771193E-01 -6.9905519349E-01
HessDelSqRho_EigVec2 =  8.9488166435E-03  6.9902680895E-01  7.1503946678E-01
HessDelSqRho_EigVec3 =  9.9995995664E-01 -6.2998194627E-03 -6.3558947693E-03
</CP of DelSqRho>
<CP of DelSqRho>
CP# = 34      
Type = (3,-1)
Coords =  1.66018348892378E-05  1.83137065573857E-01 -1.79036352655126E-01
DistFromNuc =  2.5611169562E-01
Rho =  1.7448225174E+01
DelSqRho =  1.5741842370E+03
GradDelSqRho =  5.4569682106E-12  2.9558577808E-12  1.3642420527E-12
HessDelSqRho_EigVals = -6.6915630240E+05 -2.7949362176E+03  1.3900515880E+03
HessDelSqRho_EigVec1 =  6.1678710857E-05  7.1506771193E-01 -6.9905519349E-01
HessDelSqRho_EigVec2 =  8.9488166435E-03  6.9902680895E-01  7.1503946678E-01
HessDelSqRho_EigVec3 =  9.9995995664E-01 -6.2998194627E-03 -6.3558947693E-03
</CP of DelSqRho>
<CP of DelSqRho>
CP# = 35      
Type = (3,-1)
Coords = -2.18195653551650E-03 -1.79034049084278E-01 -1.83125318230660E-01
DistFromNuc =  2.5611097954E-01
Rho =  1.7448552222E+01
DelSqRho =  1.5741507746E+03
GradDelSqRho =  3.1832314562E-12 -5.6843418861E-13  4.1779912863E-12
HessDelSqRho_EigVals = -6.6916749713E+05 -2.7929321622E+03  1.4033140912E+03
HessDelSqRho_EigVec1 =  8.5198244798E-03  6.9904933093E-01  7.1502268881E-01
HessDelSqRho_EigVec2 = -1.8140004438E-03  7.1505826906E-01 -6.9906250168E-01
HessDelSqRho_EigVec3 =  9.9996206028E-01 -4.6588383398E-03 -7.3602467417E-03
</CP of DelSqRho>
<CP of DelSqRho>
CP# = 36      
Type = (3,-1)
Coords =  1.82377421079274E-01 -3.20944420720082E-03  1.79780740857112E-01
DistFromNuc =  2.5611118491E-01
Rho =  1.7448489784E+01
DelSqRho =  1.5741522646E+03
GradDelSqRho =  3.6379788071E-12 -4.5474735089E-13 -1.7280399334E-11
HessDelSqRho_EigVals = -6.6916419634E+05 -2.7927034049E+03  1.4013465467E+03
HessDelSqRho_EigVec1 =  7.1210273467E-01 -1.2530341730E-02  7.0196345049E-01
HessDelSqRho_EigVec2 = -7.0204523733E-01 -3.4596406899E-03  7.1212394682E-01
HessDelSqRho_EigVec3 =  6.4946150916E-03  9.9991550714E-01  1.1260486330E-02
</CP of DelSqRho>
<CP of DelSqRho>
CP# = 37      
Type = (3,-1)
Coords = -1.79811635989068E-01 -1.55581746539738E-03  1.82369239118800E-01
DistFromNuc =  2.5611166389E-01
Rho =  1.7448275228E+01
DelSqRho =  1.5741722453E+03
GradDelSqRho =  2.7284841053E-12  5.4569682106E-12 -3.6379788071E-12
HessDelSqRho_EigVals = -6.6915664968E+05 -2.7938836703E+03  1.3932842627E+03
HessDelSqRho_EigVec1 = -7.0208320716E-01 -6.0707158486E-03  7.1206903923E-01
HessDelSqRho_EigVec2 =  7.1208461232E-01 -1.1364719046E-02  7.0200167240E-01
HessDelSqRho_EigVec3 =  3.8308118941E-03  9.9991699134E-01  1.2301841738E-02
</CP of DelSqRho>
<CP of DelSqRho>
CP# = 38      
Type = (3,-1)
Coords =  1.79811635989065E-01  1.55581746540059E-03 -1.82369239118803E-01
DistFromNuc =  2.5611166389E-01
Rho =  1.7448275228E+01
DelSqRho =  1.5741722453E+03
GradDelSqRho = -1.2278178474E-11 -4.0927261580E-12  7.5033312896E-12
HessDelSqRho_EigVals = -6.6915664968E+05 -2.7938836703E+03  1.3932842627E+03
HessDelSqRho_EigVec1 = -7.0208320716E-01 -6.0707158486E-03  7.1206903923E-01
HessDelSqRho_EigVec2 =  7.1208461232E-01 -1.1364719046E-02  7.0200167240E-01
HessDelSqRho_EigVec3 =  3.8308118941E-03  9.9991699134E-01  1.2301841738E-02
</CP of DelSqRho>
<CP of DelSqRho>
CP# = 39      
Type = (3,-1)
Coords = -1.82377421079278E-01  3.20944420719425E-03 -1.79780740857108E-01
DistFromNuc =  2.5611118491E-01
Rho =  1.7448489784E+01
DelSqRho =  1.5741522646E+03
GradDelSqRho =  9.0949470177E-13 -3.1832314562E-12  4.5474735089E-12
HessDelSqRho_EigVals = -6.6916419634E+05 -2.7927034049E+03  1.4013465467E+03
HessDelSqRho_EigVec1 =  7.1210273467E-01 -1.2530341730E-02  7.0196345049E-01
HessDelSqRho_EigVec2 = -7.0204523733E-01 -3.4596406898E-03  7.1212394682E-01
HessDelSqRho_EigVec3 =  6.4946150916E-03  9.9991550714E-01  1.1260486330E-02
</CP of DelSqRho>
<CP of DelSqRho>
CP# = 40      
Type = (3,-1)
Coords = -1.80120602814001E-01  1.82041540213190E-01  3.21280062776609E-03
DistFromNuc =  2.5611106186E-01
Rho =  1.7448497956E+01
DelSqRho =  1.5741620616E+03
GradDelSqRho =  7.2759576142E-12  1.0913936421E-11  3.5811353882E-12
HessDelSqRho_EigVals = -6.6916638732E+05 -2.7934397684E+03  1.3992126684E+03
HessDelSqRho_EigVec1 = -7.0329074870E-01  7.1079162420E-01  1.2545507484E-02
HessDelSqRho_EigVec2 =  7.1087654553E-01  7.0330602536E-01  3.8950887904E-03
HessDelSqRho_EigVec3 =  6.0547345168E-03 -1.1657686934E-02  9.9991371554E-01
</CP of DelSqRho>
<CP of DelSqRho>
CP# = 41      
Type = (3,-1)
Coords =  1.80120602814000E-01 -1.82041540213192E-01 -3.21280062776291E-03
DistFromNuc =  2.5611106186E-01
Rho =  1.7448497956E+01
DelSqRho =  1.5741620616E+03
GradDelSqRho =  1.0913936421E-11 -3.6379788071E-12  4.5474735089E-13
HessDelSqRho_EigVals = -6.6916638732E+05 -2.7934397684E+03  1.3992126684E+03
HessDelSqRho_EigVec1 = -7.0329074870E-01  7.1079162420E-01  1.2545507484E-02
HessDelSqRho_EigVec2 =  7.1087654553E-01  7.0330602536E-01  3.8950887904E-03
HessDelSqRho_EigVec3 =  6.0547345168E-03 -1.1657686934E-02  9.9991371554E-01
</CP of DelSqRho>
<CP of DelSqRho>
CP# = 42      
Type = (3,-3)
Coords =  1.49784632052517E-01  1.45422171242501E-01  1.48271942793981E-01
DistFromNuc =  2.5606173652E-01
Rho =  1.7435480724E+01
DelSqRho =  1.5818428079E+03
GradDelSqRho =  2.5011104299E-12 -5.4569682106E-12 -1.3642420527E-12
HessDelSqRho_EigVals = -6.7000116897E+05 -1.8723949629E+03 -1.8653037746E+03
HessDelSqRho_EigVec1 =  5.8495378865E-01  5.6791826989E-01  5.7904913770E-01
HessDelSqRho_EigVec2 =  7.3595919220E-01 -6.7171120845E-01 -8.4664749858E-02
HessDelSqRho_EigVec3 =  3.4087113777E-01  4.7568150182E-01 -8.1088468740E-01
</CP of DelSqRho>
<CP of DelSqRho>
CP# = 43      
Type = (3,-3)
Coords = -1.46137222523309E-01  1.46769313620912E-01  1.50566825013647E-01
DistFromNuc =  2.5606188319E-01
Rho =  1.7435496652E+01
DelSqRho =  1.5818283973E+03
GradDelSqRho = -9.0949470177E-13  3.6379788071E-12 -1.0459189070E-11
HessDelSqRho_EigVals = -6.6999877729E+05 -1.8705874909E+03 -1.8632635751E+03
HessDelSqRho_EigVec1 = -5.7070912563E-01  5.7318154697E-01  5.8800851026E-01
HessDelSqRho_EigVec2 = -7.8340667166E-01 -1.6544665075E-01 -5.9908379426E-01
HessDelSqRho_EigVec3 = -2.4609973733E-01 -8.0255237833E-01  5.4345616136E-01
</CP of DelSqRho>
<CP of DelSqRho>
CP# = 44      
Type = (3,-3)
Coords =  1.47882506731185E-01 -1.50417894571195E-01  1.45165789217975E-01
DistFromNuc =  2.5606226814E-01
Rho =  1.7435479288E+01
DelSqRho =  1.5818024687E+03
GradDelSqRho =  2.2737367544E-11 -4.5474735089E-12 -1.8189894035E-12
HessDelSqRho_EigVals = -6.6999245133E+05 -1.8682269286E+03 -1.8589800360E+03
HessDelSqRho_EigVec1 = -5.7752778063E-01  5.8742623138E-01 -5.6691453085E-01
HessDelSqRho_EigVec2 = -9.0709141850E-02 -7.3630688146E-01 -6.7054010164E-01
HessDelSqRho_EigVec3 = -8.1131591515E-01 -3.3583120613E-01  4.7852260846E-01
</CP of DelSqRho>
<CP of DelSqRho>
CP# = 45      
Type = (3,-3)
Coords = -1.47500761694366E-01 -1.48745258442485E-01  1.47264620279500E-01
DistFromNuc =  2.5606345892E-01
Rho =  1.7435357967E+01
DelSqRho =  1.5817351490E+03
GradDelSqRho = -1.5347723092E-12 -8.4128259914E-12  1.1368683772E-12
HessDelSqRho_EigVals = -6.6997279503E+05 -1.8569124467E+03 -1.8533585241E+03
HessDelSqRho_EigVec1 =  5.7603259056E-01  5.8089241601E-01 -5.7510908151E-01
HessDelSqRho_EigVec2 = -8.1206800340E-02 -6.5941340302E-01 -7.4738170936E-01
HessDelSqRho_EigVec3 =  8.1338300338E-01 -4.7721899054E-01  3.3267119635E-01
</CP of DelSqRho>
<CP of DelSqRho>
CP# = 46      
Type = (3,-3)
Coords =  1.47500761694363E-01  1.48745258442489E-01 -1.47264620279499E-01
DistFromNuc =  2.5606345892E-01
Rho =  1.7435357967E+01
DelSqRho =  1.5817351490E+03
GradDelSqRho = -8.6686213763E-12  1.0118128557E-11 -7.2759576142E-12
HessDelSqRho_EigVals = -6.6997279503E+05 -1.8569124467E+03 -1.8533585241E+03
HessDelSqRho_EigVec1 =  5.7603259056E-01  5.8089241601E-01 -5.7510908151E-01
HessDelSqRho_EigVec2 = -8.1206800290E-02 -6.5941340305E-01 -7.4738170934E-01
HessDelSqRho_EigVec3 =  8.1338300339E-01 -4.7721899050E-01  3.3267119639E-01
</CP of DelSqRho>
<CP of DelSqRho>
CP# = 47      
Type = (3,-3)
Coords = -1.47882506731192E-01  1.50417894571192E-01 -1.45165789217970E-01
DistFromNuc =  2.5606226814E-01
Rho =  1.7435479288E+01
DelSqRho =  1.5818024687E+03
GradDelSqRho = -2.7284841053E-12  7.2759576142E-12 -9.0949470177E-12
HessDelSqRho_EigVals = -6.6999245133E+05 -1.8682269286E+03 -1.8589800360E+03
HessDelSqRho_EigVec1 = -5.7752778063E-01  5.8742623138E-01 -5.6691453085E-01
HessDelSqRho_EigVec2 = -9.0709141835E-02 -7.3630688145E-01 -6.7054010165E-01
HessDelSqRho_EigVec3 = -8.1131591516E-01 -3.3583120614E-01  4.7852260845E-01
</CP of DelSqRho>
<CP of DelSqRho>
CP# = 48      
Type = (3,-3)
Coords =  1.46137222523309E-01 -1.46769313620917E-01 -1.50566825013643E-01
DistFromNuc =  2.5606188319E-01
Rho =  1.7435496652E+01
DelSqRho =  1.5818283973E+03
GradDelSqRho = -1.3642420527E-12 -9.0949470177E-13 -5.0022208598E-12
HessDelSqRho_EigVals = -6.6999877729E+05 -1.8705874909E+03 -1.8632635751E+03
HessDelSqRho_EigVec1 = -5.7070912563E-01  5.7318154697E-01  5.8800851026E-01
HessDelSqRho_EigVec2 = -7.8340667167E-01 -1.6544665077E-01 -5.9908379425E-01
HessDelSqRho_EigVec3 = -2.4609973731E-01 -8.0255237833E-01  5.4345616137E-01
</CP of DelSqRho>
<CP of DelSqRho>
CP# = 49      
Type = (3,-3)
Coords = -1.49784632052514E-01 -1.45422171242498E-01 -1.48271942793988E-01
DistFromNuc =  2.5606173652E-01
Rho =  1.7435480724E+01
DelSqRho =  1.5818428079E+03
GradDelSqRho = -3.8653524825E-12  3.8653524825E-12  4.0927261580E-12
HessDelSqRho_EigVals = -6.7000116897E+05 -1.8723949629E+03 -1.8653037746E+03
HessDelSqRho_EigVec1 =  5.8495378865E-01  5.6791826989E-01  5.7904913770E-01
HessDelSqRho_EigVec2 =  7.3595919220E-01 -6.7171120844E-01 -8.4664749869E-02
HessDelSqRho_EigVec3 =  3.4087113776E-01  4.7568150182E-01 -8.1088468740E-01
</CP of DelSqRho>
<CP of DelSqRho>
CP# = 50      
Type = (3,+1)
Coords =  1.00767340611486E-01 -1.01845191482654E-01 -1.77170546039161E-03
DistFromNuc =  1.4328167678E-01
Rho =  7.0067989495E+01
DelSqRho = -5.1650094772E+03
GradDelSqRho =  0.0000000000E+00  5.8207660913E-11  0.0000000000E+00
HessDelSqRho_EigVals = -1.0877952793E+04  5.4435949363E+03  1.2025309788E+07
HessDelSqRho_EigVec1 =  7.1088529800E-01  7.0329863267E-01  3.6230334913E-03
HessDelSqRho_EigVec2 =  6.1211845700E-03 -1.1338274337E-02  9.9991698387E-01
HessDelSqRho_EigVec3 = -7.0328132649E-01  7.1080410580E-01  1.2365233269E-02
</CP of DelSqRho>
<CP of DelSqRho>
CP# = 51      
Type = (3,-1)
Coords =  8.27921329464743E-02 -8.41436843266875E-02  8.12002736858108E-02
DistFromNuc =  1.4327659033E-01
Rho =  7.0060036846E+01
DelSqRho = -5.1557210327E+03
GradDelSqRho = -2.9103830457E-11  0.0000000000E+00  1.1641532183E-10
HessDelSqRho_EigVals = -7.2590580160E+03 -7.2424584547E+03  1.2028370587E+07
HessDelSqRho_EigVec1 = -1.8806323791E-01 -7.7153606065E-01 -6.0775350732E-01
HessDelSqRho_EigVec2 =  7.9418098154E-01  2.4460687103E-01 -5.5627695190E-01
HessDelSqRho_EigVec3 = -5.7784841188E-01  5.8728152172E-01 -5.6673770576E-01
</CP of DelSqRho>
<CP of DelSqRho>
CP# = 52      
Type = (3,-1)
Coords = -8.27921329464814E-02  8.41436843266818E-02 -8.12002736858094E-02
DistFromNuc =  1.4327659033E-01
Rho =  7.0060036846E+01
DelSqRho = -5.1557210327E+03
GradDelSqRho =  5.8207660913E-11  1.7462298274E-10 -1.1641532183E-10
HessDelSqRho_EigVals = -7.2590580160E+03 -7.2424584547E+03  1.2028370587E+07
HessDelSqRho_EigVec1 = -1.8806323759E-01 -7.7153606055E-01 -6.0775350755E-01
HessDelSqRho_EigVec2 =  7.9418098161E-01  2.4460687134E-01 -5.5627695165E-01
HessDelSqRho_EigVec3 = -5.7784841188E-01  5.8728152172E-01 -5.6673770576E-01
</CP of DelSqRho>
<CP of DelSqRho>
CP# = 53      
Type = (3,+3)
Coords =  5.61875723655615E-01 -3.14244122404046E-03 -3.83489558787820E-03
DistFromNuc =  5.6189759761E-01
Rho =  2.8138312370E+00
DelSqRho = -2.7821522343E+01
GradDelSqRho =  1.1368683772E-12  1.4210854715E-14  4.6185277824E-14
HessDelSqRho_EigVals =  9.7696796676E+01  9.7985268166E+01  4.9361455538E+03
HessDelSqRho_EigVec1 =  3.2982223762E-04  7.9629782365E-01 -6.0490467618E-01
HessDelSqRho_EigVec2 =  8.8136845074E-03  6.0487889901E-01  7.9626869617E-01
HessDelSqRho_EigVec3 =  9.9996110433E-01 -5.5940660960E-03 -6.8188152796E-03
</CP of DelSqRho>
<CP of DelSqRho>
CP# = 54      
Type = (3,+3)
Coords = -5.61875723655615E-01  3.14244122404008E-03  3.83489558787868E-03
DistFromNuc =  5.6189759761E-01
Rho =  2.8138312370E+00
DelSqRho = -2.7821522343E+01
GradDelSqRho = -1.2079226508E-12 -5.6843418861E-14  4.9737991503E-14
HessDelSqRho_EigVals =  9.7696796676E+01  9.7985268166E+01  4.9361455538E+03
HessDelSqRho_EigVec1 =  3.2982223760E-04  7.9629782365E-01 -6.0490467618E-01
HessDelSqRho_EigVec2 =  8.8136845074E-03  6.0487889901E-01  7.9626869617E-01
HessDelSqRho_EigVec3 =  9.9996110433E-01 -5.5940660960E-03 -6.8188152796E-03
</CP of DelSqRho>
<CP of DelSqRho>
CP# = 55      
Type = (3,+3)
Coords =  2.86797765970131E-03  5.61848128132114E-01  6.70973436557706E-03
DistFromNuc =  5.6189551067E-01
Rho =  2.8138715122E+00
DelSqRho = -2.7822752216E+01
GradDelSqRho =  0.0000000000E+00 -4.1211478674E-13  4.4408920985E-14
HessDelSqRho_EigVals =  9.7774573840E+01  9.7953331018E+01  4.9363113665E+03
HessDelSqRho_EigVec1 = -5.6737707649E-01 -6.9418770190E-03  8.2342884538E-01
HessDelSqRho_EigVec2 =  8.2344231692E-01 -1.0975416040E-02  5.6729383123E-01
HessDelSqRho_EigVec3 =  5.0993901473E-03  9.9991567174E-01  1.1943434762E-02
</CP of DelSqRho>
<CP of DelSqRho>
CP# = 56      
Type = (3,+3)
Coords = -2.86797765970140E-03 -5.61848128132114E-01 -6.70973436557694E-03
DistFromNuc =  5.6189551067E-01
Rho =  2.8138715122E+00
DelSqRho = -2.7822752216E+01
GradDelSqRho =  0.0000000000E+00 -3.1263880373E-13  2.6645352591E-14
HessDelSqRho_EigVals =  9.7774573840E+01  9.7953331018E+01  4.9363113665E+03
HessDelSqRho_EigVec1 = -5.6737707649E-01 -6.9418770191E-03  8.2342884539E-01
HessDelSqRho_EigVec2 =  8.2344231692E-01 -1.0975416040E-02  5.6729383123E-01
HessDelSqRho_EigVec3 =  5.0993901473E-03  9.9991567174E-01  1.1943434762E-02
</CP of DelSqRho>
<CP of DelSqRho>
CP# = 57      
Type = (3,+3)
Coords =  4.21554095252755E-03 -6.07768576336131E-03  5.61850108772622E-01
DistFromNuc =  5.6189879318E-01
Rho =  2.8138031144E+00
DelSqRho = -2.7820841638E+01
GradDelSqRho = -2.1316282073E-14  2.4868995752E-14  2.8421709430E-14
HessDelSqRho_EigVals =  9.7773630504E+01  9.7899240222E+01  4.9360487089E+03
HessDelSqRho_EigVec1 =  9.1063625067E-01  4.1320214174E-01 -2.3683403024E-03
HessDelSqRho_EigVec2 = -4.1314078638E-01  9.1057520853E-01  1.2941415554E-02
HessDelSqRho_EigVec3 =  7.5039725890E-03 -1.0806464164E-02  9.9991345162E-01
</CP of DelSqRho>
<CP of DelSqRho>
CP# = 58      
Type = (3,+3)
Coords = -4.21554095252799E-03  6.07768576336137E-03 -5.61850108772622E-01
DistFromNuc =  5.6189879318E-01
Rho =  2.8138031144E+00
DelSqRho = -2.7820841638E+01
GradDelSqRho = -1.4210854715E-14 -1.7763568394E-14 -8.5265128291E-14
HessDelSqRho_EigVals =  9.7773630504E+01  9.7899240222E+01  4.9360487089E+03
HessDelSqRho_EigVec1 =  9.1063625066E-01  4.1320214174E-01 -2.3683403023E-03
HessDelSqRho_EigVec2 = -4.1314078638E-01  9.1057520853E-01  1.2941415554E-02
HessDelSqRho_EigVec3 =  7.5039725890E-03 -1.0806464164E-02  9.9991345162E-01
</CP of DelSqRho>
<CP of DelSqRho>
CP# = 59      
Type = (3,+1)
Coords =  4.90460536236886E-03  3.96300075176045E-01  4.05546371862662E-01
DistFromNuc =  5.6704996647E-01
Rho =  2.7227571090E+00
DelSqRho = -2.4031771057E+01
GradDelSqRho =  2.4584778657E-12 -2.8421709430E-14 -1.2789769244E-13
HessDelSqRho_EigVals = -9.2838116426E+01  4.6794690219E+01  4.5738868829E+03
HessDelSqRho_EigVec1 = -2.0089151614E-03  7.1523227528E-01 -6.9888393647E-01
HessDelSqRho_EigVec2 =  9.9996059258E-01 -4.6067640797E-03 -7.5888743078E-03
HessDelSqRho_EigVec3 =  8.6474012524E-03  6.9887164067E-01  7.1519483522E-01
</CP of DelSqRho>
<CP of DelSqRho>
CP# = 60      
Type = (3,+1)
Coords =  4.19373149794595E-04 -4.05459645009243E-01  3.96459066350007E-01
DistFromNuc =  5.6707802893E-01
Rho =  2.7222107095E+00
DelSqRho = -2.4014406110E+01
GradDelSqRho =  7.8159700934E-14 -8.5265128291E-14  2.1316282073E-13
HessDelSqRho_EigVals = -9.3029874879E+01  4.6299733731E+01  4.5718290839E+03
HessDelSqRho_EigVec1 =  8.9959227187E-03  6.9910603835E-01  7.1496141191E-01
HessDelSqRho_EigVec2 =  9.9995926118E-01 -5.7593934765E-03 -6.9502065369E-03
