AIMSum (Version 19.02.13, Professional)
Copyright (c) 1997-2019 by Todd A. Keith
AIMSum is a component of the AIMAll package ( http://aim.tkgristmill.com )

TP:  64-bit Linux

Licensed To:  Research Group of Fernando Cortes Guzman, UNAM, fercor@unam.mx

Much of the Quantum Theory of Atoms in Molecules (QTAIM) is described in the book:
  "Atoms in Molecules - A Quantum Theory"
  R.F.W. Bader, Oxford University Press, Oxford, 1990

For additional references see:  http://aim.tkgristmill.com/references.html

Wfx File:  /home/scratch/M_H2O_4_tetraedrico/Opt/Cu2_tetraedrico_cc-pvtz-def2-tzv_1.wfx
Sum File:  /home/scratch/M_H2O_4_tetraedrico/Opt/Cu2_tetraedrico_cc-pvtz-def2-tzv_1.sum

SumViz File:  /home/scratch/M_H2O_4_tetraedrico/Opt/Cu2_tetraedrico_cc-pvtz-def2-tzv_1.sumviz

Wfx Title:   Cu2_tetraedrico_cc-pvtz-def2-tzv_1                                            
 
Total memory allocated for AIMSum =        0.985 Megabytes

Atomic units (a.u.) used throughout, except where stated otherwise

Model:  Unrestricted SCF
 
Unrestricted, single-determinant wavefunction.
  Number of electrons (from MO Occs)                   =          67.0000000000
  Number of Alpha electrons (from MO Occs)             =          34.0000000000
  Number of Beta electrons (from MO Occs)              =          33.0000000000
  Number of electron pairs (N*(N-1)/2)                 =        2211.0000000000
  Number of electron pairs (from Muller 2EDM)          =        2211.0000000000
 
Nuclear Charges and Cartesian Coordinates:
-------------------------------------------------------------------------------
Atom      Charge                X                  Y                  Z
-------------------------------------------------------------------------------
Cu1       29.0          -1.9554166519E-03   1.3405400532E-02  -1.0789577590E-03
O2         8.0           1.1047066851E+00  -2.4631969353E+00  -2.1460453538E+00
H3         1.0           4.1588566072E-01  -4.1723165403E+00  -2.3346623396E+00
O4         8.0           2.3160365156E+00   2.5780414348E+00   9.2175134063E-02
H5         1.0           1.9596249982E+00   4.3855137759E+00   3.0163043221E-01
O6         8.0          -3.9450705877E-01  -1.3015804187E+00   3.1731699946E+00
H7         1.0          -1.9823702586E+00  -2.0190716033E+00   3.8068413141E+00
O8         8.0          -3.0340572983E+00   1.2403563686E+00  -1.1236164185E+00
H9         1.0          -3.9147075832E+00   2.7976679039E+00  -6.3989968645E-01
H10        1.0          -4.2276708124E+00   3.1941705188E-01  -2.2016175507E+00
H11        1.0           4.1655029412E+00   2.4611460861E+00   9.0649047930E-02
H12        1.0           9.8691723736E-01  -2.1153889299E+00   4.1040289810E+00
H13        1.0           2.7160941507E+00  -2.4746879549E+00  -3.0611472746E+00
 
Some Atomic Properties:
----------------------
  q(A) = Net Charge of Atom A
  L(A) = Lagrangian of Atom A = -(1/4) Times Atomic Integral of the Laplacian of the Electron Density
  K(A) = Electronic Kinetic Energy of Atom A (Hamiltonian Form)
  K_Scaled(A) = K(A) * E(Mol)/K(Mol) = Approximation to Virial-Based Total Energy of Atom A.
  |Mu_Intra(A)| = Magnitude of Intraatomic Dipole Moment of Atom A
--------------------------------------------------------------------------------------------------
Atom A          q(A)              L(A)              K(A)          K_Scaled(A)      |Mu_Intra(A)|
--------------------------------------------------------------------------------------------------
Cu1       1.3061169650E+00 -2.1244586279E-04  1.6382786670E+03 -1.6414789636E+03  7.5128699197E-02
O2       -1.1381242777E+00  1.0000934181E-05  7.5363943267E+01 -7.5511163014E+01  2.8015528021E-01
H3        6.5027739447E-01  8.0203010859E-06  3.2811551969E-01 -3.2875647718E-01  1.2461745027E-01
O4       -1.1368710983E+00 -1.2914169866E-07  7.5366775054E+01 -7.5514000333E+01  2.7128933497E-01
H5        6.5038988775E-01  8.3378543333E-06  3.2794141446E-01 -3.2858203185E-01  1.2430456612E-01
O6       -1.1134539071E+00 -3.3322030429E-05  7.5343372349E+01 -7.5490551912E+01  2.8962055407E-01
H7        6.6002107030E-01  1.0981237854E-05  3.2125953786E-01 -3.2188710253E-01  1.2131704406E-01
O8       -1.1391619476E+00 -1.4766285207E-05  7.5365129460E+01 -7.5512351525E+01  2.7342647625E-01
H9        6.5048333169E-01  7.8585860318E-06  3.2797375814E-01 -3.2861443871E-01  1.2427221808E-01
H10       6.5109322380E-01  1.6272431886E-05  3.2753894913E-01 -3.2817878032E-01  1.2420799487E-01
H11       6.4850693692E-01  2.6157998904E-05  3.2928548009E-01 -3.2992872304E-01  1.2501679319E-01
H12       6.6057096591E-01  9.1326455994E-06  3.2098748485E-01 -3.2161451808E-01  1.2097382720E-01
H13       6.4999706934E-01  1.6617888093E-05  3.2829388986E-01 -3.2893519579E-01  1.2435755952E-01
--------------------------------------------------------------------------------------------------
Total     1.9998456145E+00 -1.4728344216E-04  1.9423292832E+03 -1.9461235277E+03
 
1st Largest |L(A)| = 2.1244586279E-04, atom Cu1     
2nd Largest |L(A)| = 3.3322030429E-05, atom O6      
 
Molecular charge q(Mol) from the wfx file:   2.0000000000E+00
Molecular energy E(Mol) from the wfx file:  -1.9461235548E+03
Molecular virial ratio (-V(Mol)/T(Mol)) from the wfx file:   2.0019534507E+00
Full molecular virial ratio ((-V(Mol)+W(Mol))/T(Mol)) from the wfx file:   2.0019534975E+00
Note.  K_Scaled(A) = (1+V(Mol)/T(Mol))*K(A) = (E(Mol)/T(Mol))*K(A)
       Only use K_Scaled(A) data with caution.
 
N_AIMInt(SumA)     =         67.000154
N_Analytic(Mol)    =         67.000000
 
G_AIMInt(SumA)     =       1942.329430
G_Analytic(Mol)    =       1942.329310
 
K_AIMInt(SumA)     =       1942.329283
K_Analytic(Mol)    =       1942.329310
 
L_AIMInt(SumA)     =         -0.000147
L_Analytic(Mol)    =          0.000000
 
VenT_AIMInt(SumA)  =      -5521.843098
VenT_Analytic(Mol) =      -5521.840654
 
Some Information About the Atomic Calculations:
----------------------------------------------
  Time(sec) = "Elapsed User Time", in Seconds, for Atom A by AIMInt and, if used, by TWOe
  NProc = Number of Processors Used for AIMInt Job
  BIM = Basin Integration Method
  OAQ = Angular Quadrature Outside of Beta Sphere
  ORQ = Multiple of Default for Radial Quadrature Outside of Beta Sphere
  IAQ = Multiple of Default for Angular Quadrature Inside of Beta Sphere
  IRQ = Multiple of Default for Radial Quadrature Inside of Beta Sphere
  MIR = Maximum Integration Radius
------------------------------------------------------------------------------------------------------
Atom A     Time(sec)   NProc      BIM          OAQ                     ORQ      IAQ      IRQ      MIR
------------------------------------------------------------------------------------------------------
Cu1           277        1     Proaim(5)    4500(GS4)                  1.00     1.00     1.00    13.00
O2            178        1     Proaim(5)    4500(GS4)                  1.00     1.00     1.00    13.00
H3             58        1     Proaim(5)    1800(GS4)                  1.00     1.00     1.00    13.00
O4            181        1     Proaim(5)    4500(GS4)                  1.00     1.00     1.00    13.00
H5             55        1     Proaim(5)    1800(GS4)                  1.00     1.00     1.00    13.00
O6            174        1     Proaim(5)    4500(GS4)                  1.00     1.00     1.00    13.00
H7             60        1     Proaim(5)    1800(GS4)                  1.00     1.00     1.00    13.00
O8            177        1     Proaim(5)    4500(GS4)                  1.00     1.00     1.00    13.00
H9             56        1     Proaim(5)    1800(GS4)                  1.00     1.00     1.00    13.00
H10            56        1     Proaim(5)    1800(GS4)                  1.00     1.00     1.00    13.00
H11            56        1     Proaim(5)    1800(GS4)                  1.00     1.00     1.00    13.00
H12            58        1     Proaim(5)    1800(GS4)                  1.00     1.00     1.00    13.00
H13            58        1     Proaim(5)    1800(GS4)                  1.00     1.00     1.00    13.00
------------------------------------------------------------------------------------------------------
Total        1444
Note:  Total wall clock time is less than total of atomic times if more than one atom
       was calculated at a time
 
Electron Density Critical Point Analysis of Molecular Structure:               
---------------------------------------------------------------                
  NACP = Nuclear Attractor Critical Point                                      
  NNACP = Non-Nuclear Attractor Critical Point                                 
  BCP = Bond Critical Point                                                    
  RCP = Ring Critical Point                                                    
  CCP = Cage Critical Point                                                    
  Rho = Electron Density                                                       
  GradRho = Gradient of Electron Density                                       
  HessRho_EigVals = Eigenvalues of the Hessian of Rho, Ascending Order         
  HessRho_EigVecs = Eigenvectors of the Hessian of Rho                         
  DelSqRho = Laplacian of Rho = Trace of Hessian of Rho                        
  Bond Ellipticity = (HessRho_EigVal(1) / HessRho_EigVal(2)) - 1               
  V = Virial Field = Potential Energy Density = Trace of Stress Tensor         
  G = Lagrangian Form of Kinetic Energy Density                                
  K = Hamiltonian Form of Kinetic Energy Density                               
  L = K - G = Lagrangian Density = (-1/4)DelSqRho                              
  Vnuc = Electrostatic Potential from Nuclei                                   
  Ven = Electron-nuclear attractive contribution to Virial Field V             
  Vrep = V - Ven = Repulsive contribution to Virial Field V                    
  DelSqV = Laplacian of V                                                      
  DelSqVen = Laplacian of Ven                                                  
  DelSqVrep = Laplacian of Vrep                                                
  DelSqG = Laplacian of G                                                      
  DelSqK = Laplacian of K                                                      
  Stress_EigVals = Eigenvalues of Stress Tensor, Ascending Order               
  Stress_EigVecs = Eigenvectors of Stress Tensor                               
  -DivStress = Ehrenfest Force Density = Minus Divergence of Stress Tensor     
  ESP = Total Electrostatic Potential                                          
  ESPe = Electrostatic Potential from Electrons                                
  ESPn = Electrostatic Potential from Nuclei                                   
  BP = Bond Path                                                               
  BPL = Bond Path Length                                                       
  GBL = Geometric Bond Length                                                  
  GBL_I = Distance Between Nuclear Attractors                                  
  GBL_II = Distance Between Nuclei                                             
  GBL_III = Sum of Distances Between BCP and Nuclear Attractors                
  GBL_IV = Sum of Distances Between BCP and Nuclei                             

CP# 1      Coords = -1.95541660151924E-03  1.34054011389717E-02 -1.07895829859625E-03
           Type = (3,-3) NACP Cu1
           Rho =  1.6510644436E+04     Rho at Nucleus =  1.6510644436E+04
           GradRho = -5.0241055760E-10  1.8728876228E-09 -3.3370639585E-10
           HessRho_EigVals = -4.2699863911E+09 -4.2699863367E+09 -4.2699862627E+09
           HessRho_EigVec1 =  5.1873695240E-01  4.7990365088E-01  7.0753406991E-01
           HessRho_EigVec2 = -8.5438632493E-01  3.2061359231E-01  4.0893878783E-01
           HessRho_EigVec3 =  3.0593822572E-02  8.1663909427E-01 -5.7633723437E-01
           DelSqRho = -1.2809958991E+10
           Bond Ellipticity = NA
           V = -3.2032561171E+09
           G =  3.8318474403E+05
           K =  3.2028729324E+09
           L =  3.2024897476E+09
           Vnuc =  2.9000000109E+09
           Ven = -4.7880869045E+13
           Vrep =  4.7877665788E+13
           DelSqV =  1.2197118138E+17
           DelSqVen =  1.4269136897E+30
           DelSqVrep = -1.4269136897E+30
           DelSqG =  8.2841376761E+14
           DelSqK = -1.2279959515E+17
           Stress_EigVals = -1.0677520552E+09 -1.0677520389E+09 -1.0677520230E+09
           Stress_EigVec1 =  5.7443224307E-02  7.7189615065E-01 -6.3314817269E-01
           Stress_EigVec2 = -7.8650899518E-01  4.2560211091E-01  4.4751138946E-01
           Stress_EigVec3 =  6.1490151771E-01  4.7227023598E-01  6.3155122336E-01
           -DivStress = -2.0421247582E+06 -2.4582225108E+07  2.1855305495E+07
           ESP =  -1.3485249964E+02     ESP at Nucleus =  -1.3485249964E+02
           ESPe = -1.4577557891E+02     ESPe at Nucleus = -1.4577557891E+02
           ESPn =  1.0923079271E+01     ESPn at Nucleus =  1.0923079271E+01

CP# 2      Coords =  1.10470891341781E+00 -2.46320054541519E+00 -2.14604669848114E+00
           Type = (3,-3) NACP O2
           Rho =  2.9728827826E+02     Rho at Nucleus =  2.9728826727E+02
           GradRho =  1.1453354931E-10  1.2832618301E-10  1.8236923083E-10
           HessRho_EigVals = -1.1097884117E+06 -1.1097788498E+06 -1.1097530706E+06
           HessRho_EigVec1 =  7.8444909531E-01  5.6691415504E-01 -2.5149146641E-01
           HessRho_EigVec2 =  3.4405503874E-01 -7.3517780795E-01 -5.8407167456E-01
           HessRho_EigVec3 =  5.1600944486E-01 -3.7164759049E-01  7.7175923791E-01
           DelSqRho = -3.3293203321E+06
           Bond Ellipticity = NA
           V = -8.3246662788E+05
           G =  6.8272431455E+01
           K =  8.3239835545E+05
           L =  8.3233008302E+05
           Vnuc =  1.7975915886E+06
           Ven = -5.3440290839E+08
           Vrep =  5.3357044176E+08
           DelSqV =  9.3084649470E+10
           DelSqVen =  5.9847582310E+12
           DelSqVrep = -5.8916735816E+12
           DelSqG =  3.1076206920E+09
           DelSqK = -9.6192270162E+10
           Stress_EigVals = -2.7749377457E+05 -2.7748744036E+05 -2.7748541294E+05
           Stress_EigVec1 =  5.1270724897E-01 -3.6425787791E-01  7.7746220180E-01
           Stress_EigVec2 =  3.4743155400E-01 -7.4005836271E-01 -5.7585148699E-01
           Stress_EigVec3 =  7.8512584478E-01  5.6535813266E-01 -2.5287860664E-01
           -DivStress = -6.7898310496E+04  1.0999747242E+05  4.0970280124E+04
           ESP =  -2.1914521440E+01     ESP at Nucleus =  -2.1914521536E+01
           ESPe = -3.6536656524E+01     ESPe at Nucleus = -3.6536668045E+01
           ESPn =  1.4622135084E+01     ESPn at Nucleus =  1.4622146510E+01

CP# 3      Coords =  4.35585795916889E-01 -4.12447321474464E+00 -2.32926134166925E+00
           Type = (3,-3) NACP H3
           Rho =  3.9894194460E-01     Rho at Nucleus =  3.8957033436E-01
           GradRho =  1.3288502243E-12  3.2405380462E-12  3.6610298126E-13
           HessRho_EigVals = -7.8719862471E+00 -7.8576335057E+00 -6.1952424307E+00
           HessRho_EigVec1 = -7.3743994148E-01  2.3018881360E-01  6.3497672618E-01
           HessRho_EigVec2 =  5.6061589007E-01 -3.1571126319E-01  7.6553002691E-01
           HessRho_EigVec3 =  3.7668575299E-01  9.2051046077E-01  1.0377058883E-01
           DelSqRho = -2.1924862183E+01
           Bond Ellipticity = NA
           V = -5.5353868611E+00
           G =  2.7085657612E-02
           K =  5.5083012035E+00
           L =  5.4812155459E+00
           Vnuc =  3.4494264673E+01
           Ven = -1.3761209026E+01
           Vrep =  8.2258221651E+00
           DelSqV =  1.3299487334E+03
           DelSqVen =  7.5628199907E+02
           DelSqVrep =  5.7366673432E+02
           DelSqG =  1.0252734140E+02
           DelSqK = -1.4324760748E+03
           Stress_EigVals = -1.9915499929E+00 -1.9853393187E+00 -1.5584975495E+00
           Stress_EigVec1 =  5.0654565194E-01 -2.9954424814E-01  8.0850772780E-01
           Stress_EigVec2 = -7.7407772469E-01  2.5501790922E-01  5.7945624695E-01
           Stress_EigVec3 =  3.7975673615E-01  9.1936886470E-01  1.0269231696E-01
           -DivStress = -8.9847569469E+00 -2.1812978900E+01 -2.4662749882E+00
           ESP =  -6.0127567476E-01     ESP at Nucleus =  -6.0400666464E-01
           ESPe = -1.5872766749E+01     ESPe at Nucleus = -1.5671254844E+01
           ESPn =  1.5271491074E+01     ESPn at Nucleus =  1.5067248179E+01

CP# 4      Coords =  2.31603952610813E+00  2.57804477839852E+00  9.21757895948650E-02
           Type = (3,-3) NACP O4
           Rho =  2.9731813445E+02     Rho at Nucleus =  2.9731812298E+02
           GradRho =  1.1842038461E-10  1.8111689926E-10 -2.7129409830E-12
           HessRho_EigVals = -1.1099022155E+06 -1.1098917700E+06 -1.1098684957E+06
           HessRho_EigVec1 =  7.5329391695E-01 -6.5371100084E-01 -7.2181729392E-02
           HessRho_EigVec2 =  6.5757052994E-01  7.5065295431E-01  6.4196108415E-02
           HessRho_EigVec3 =  1.2217726134E-02 -9.5823116010E-02  9.9532339348E-01
           DelSqRho = -3.3296624813E+06
           Bond Ellipticity = NA
           V = -8.3255203910E+05
           G =  6.8209394134E+01
           K =  8.3248382971E+05
           L =  8.3241562031E+05
           Vnuc =  1.7595289272E+06
           Ven = -5.2313985814E+08
           Vrep =  5.2230730610E+08
           DelSqV =  9.3094169256E+10
           DelSqVen =  5.8586374513E+12
           DelSqVrep = -5.7655432820E+12
           DelSqG =  3.1079470487E+09
           DelSqK = -9.6202116305E+10
           Stress_EigVals = -2.7752192710E+05 -2.7751616778E+05 -2.7751394422E+05
           Stress_EigVec1 =  1.0101828103E-02 -9.8104940144E-02  9.9512480312E-01
           Stress_EigVec2 =  6.5699842696E-01  7.5087695759E-01  6.7356228682E-02
           Stress_EigVec3 =  7.5382426337E-01 -6.5311500923E-01 -7.2040021303E-02
           -DivStress = -9.1741595230E+04 -1.0189528234E+05 -1.9980885143E+04
           ESP =  -2.1916207016E+01     ESP at Nucleus =  -2.1916207112E+01
           ESPe = -3.6524765273E+01     ESPe at Nucleus = -3.6524777918E+01
           ESPn =  1.4608558257E+01     ESPn at Nucleus =  1.4608570805E+01

CP# 5      Coords =  1.96998171065089E+00  4.33493507820144E+00  2.95908099877651E-01
           Type = (3,-3) NACP H5
           Rho =  3.9824598135E-01     Rho at Nucleus =  3.8891063024E-01
           GradRho =  1.4108932772E-11 -6.9295498159E-11 -7.8503523127E-12
           HessRho_EigVals = -7.8614506454E+00 -7.8498287605E+00 -6.1918940207E+00
           HessRho_EigVec1 =  9.8020071501E-01  1.9366066579E-01  4.1256573069E-02
           HessRho_EigVec2 = -1.8757373699E-02 -1.1660517427E-01  9.9300120557E-01
           HessRho_EigVec3 = -1.9711600449E-01  9.7411435666E-01  1.1066390972E-01
           DelSqRho = -2.1903173427E+01
           Bond Ellipticity = NA
           V = -5.5297363532E+00
           G =  2.6971498289E-02
           K =  5.5027648549E+00
           L =  5.4757933566E+00
           Vnuc =  3.4520570843E+01
           Ven = -1.3747678612E+01
           Vrep =  8.2179422590E+00
           DelSqV =  1.3291102836E+03
           DelSqVen =  7.5611005002E+02
           DelSqVrep =  5.7300023359E+02
           DelSqG =  1.0249270034E+02
           DelSqK = -1.4316029840E+03
           Stress_EigVals = -1.9890934555E+00 -1.9828678725E+00 -1.5577750252E+00
           Stress_EigVec1 =  1.6429265808E-02 -1.0945856688E-01  9.9385557369E-01
           Stress_EigVec2 =  9.7959878228E-01  2.0087573730E-01  5.9299174875E-03
           Stress_EigVec3 = -2.0029055140E-01  9.7348228556E-01  1.1052571971E-01
           -DivStress = -4.7165704875E+00  2.3040177584E+01  2.6072479062E+00
           ESP =  -6.0335400739E-01     ESP at Nucleus =  -6.0605350146E-01
           ESPe = -1.5872537762E+01     ESPe at Nucleus = -1.5672021056E+01
           ESPn =  1.5269183754E+01     ESPn at Nucleus =  1.5065967555E+01

CP# 6      Coords = -3.94507351840228E-01 -1.30158469254796E+00  3.17317155383308E+00
           Type = (3,-3) NACP O6
           Rho =  2.9728586635E+02     Rho at Nucleus =  2.9728585482E+02
           GradRho =  9.7054586590E-12  2.9121594025E-11  4.7785775337E-11
           HessRho_EigVals = -1.1097577747E+06 -1.1097499000E+06 -1.1097226807E+06
           HessRho_EigVec1 =  9.9421317082E-01 -3.2395599804E-02  1.0242409910E-01
           HessRho_EigVec2 = -1.0456893895E-01 -5.1024610840E-01  8.5364761223E-01
           HessRho_EigVec3 = -2.4607071554E-02  8.5941807869E-01  5.1068097483E-01
           DelSqRho = -3.3292303554E+06
           Bond Ellipticity = NA
           V = -8.3244387059E+05
           G =  6.8140866640E+01
           K =  8.3237572972E+05
           L =  8.3230758886E+05
           Vnuc =  1.7548642352E+06
           Ven = -5.2169633449E+08
           Vrep =  5.2086389062E+08
           DelSqV =  9.3082029281E+10
           DelSqVen =  5.8423472845E+12
           DelSqVrep = -5.7492652552E+12
           DelSqG =  3.1074753738E+09
           DelSqK = -9.6189504655E+10
           Stress_EigVals = -2.7748621005E+05 -2.7747965532E+05 -2.7747800522E+05
           Stress_EigVec1 = -2.6404852011E-02  8.5104007158E-01  5.2443644073E-01
           Stress_EigVec2 = -1.0453582904E-01 -5.2409374728E-01  8.4522068391E-01
           Stress_EigVec3 =  9.9417053076E-01 -3.2504471036E-02  1.0280279727E-01
           -DivStress =  8.9290346592E+03  1.3021162731E+05 -4.7496746676E+04
           ESP =  -2.1900906579E+01     ESP at Nucleus =  -2.1900906696E+01
           ESPe = -3.6512109646E+01     ESPe at Nucleus = -3.6512118028E+01
           ESPn =  1.4611203067E+01     ESPn at Nucleus =  1.4611211332E+01

CP# 7      Coords = -1.93705969362786E+00 -1.99959146463590E+00  3.78859603275208E+00
           Type = (3,-3) NACP H7
           Rho =  3.9573368206E-01     Rho at Nucleus =  3.8626363980E-01
           GradRho =  2.9962837766E-13  1.2999670784E-13 -1.2022674523E-13
           HessRho_EigVals = -7.8004689943E+00 -7.7831460266E+00 -6.1099589184E+00
           HessRho_EigVec1 =  4.9895788134E-01 -4.7479613127E-01  7.2498942501E-01
           HessRho_EigVec2 = -1.0724255830E-01  7.9630739694E-01  5.9530963646E-01
           HessRho_EigVec3 =  8.5996515414E-01  3.7478415563E-01 -3.4640549989E-01
           DelSqRho = -2.1693573939E+01
           Bond Ellipticity = NA
           V = -5.4761563539E+00
           G =  2.6381434542E-02
           K =  5.4497749194E+00
           L =  5.4233934848E+00
           Vnuc =  3.4390853814E+01
           Ven = -1.3609619209E+01
           Vrep =  8.1334628550E+00
           DelSqV =  1.3129031306E+03
           DelSqVen =  7.4606053004E+02
           DelSqVrep =  5.6684260052E+02
           DelSqG =  1.0122156443E+02
           DelSqK = -1.4141246950E+03
           Stress_EigVals = -1.9724827016E+00 -1.9668894689E+00 -1.5367841835E+00
           Stress_EigVec1 = -1.1424601751E-01  8.0572502372E-01  5.8116695849E-01
           Stress_EigVec2 = -4.9429066301E-01  4.6134618552E-01 -7.3677434644E-01
           Stress_EigVec3 =  8.6175668721E-01  3.7143893612E-01 -3.4555539178E-01
           -DivStress = -2.0437464389E+01 -8.7811003400E+00  8.2357956236E+00
           ESP =  -5.9017617415E-01     ESP at Nucleus =  -5.9293400291E-01
           ESPe = -1.5964994949E+01     ESPe at Nucleus = -1.5762448664E+01
           ESPn =  1.5374818775E+01     ESPn at Nucleus =  1.5169514661E+01

CP# 8      Coords = -3.03406165162824E+00  1.24035730287103E+00 -1.12361702052859E+00
           Type = (3,-3) NACP O8
           Rho =  2.9730416061E+02     Rho at Nucleus =  2.9730414941E+02
           GradRho =  1.8678103508E-10 -6.5360328261E-11 -3.5172975643E-11
           HessRho_EigVals = -1.1098500041E+06 -1.1098399054E+06 -1.1098158000E+06
           HessRho_EigVec1 =  1.1254604197E-01  8.3873834494E-01  5.3277704264E-01
           HessRho_EigVec2 =  8.8492908098E-01 -3.2846886756E-01  3.3016469325E-01
           HessRho_EigVec3 = -4.5192246023E-01 -4.3431116929E-01  7.7919182373E-01
           DelSqRho = -3.3295057095E+06
           Bond Ellipticity = NA
           V = -8.3251289126E+05
           G =  6.8231945280E+01
           K =  8.3244465932E+05
           L =  8.3237642737E+05
           Vnuc =  1.7805915656E+06
           Ven = -5.2937728081E+08
           Vrep =  5.2854476792E+08
           DelSqV =  9.3089812718E+10
           DelSqVen =  5.9284897915E+12
           DelSqVrep = -5.8353999788E+12
           DelSqG =  3.1078005023E+09
           DelSqK = -9.6197613220E+10
           Stress_EigVals = -2.7750897280E+05 -2.7750303433E+05 -2.7750088413E+05
           Stress_EigVec1 = -4.4520114860E-01 -4.3700909332E-01  7.8154909612E-01
           Stress_EigVec2 =  8.8813053579E-01 -3.2673039035E-01  3.2322036357E-01
           Stress_EigVec3 =  1.1410560322E-01  8.3801569459E-01  5.3358186526E-01
           -DivStress =  1.3265382030E+05 -2.8466364118E+04  1.8343350828E+04
           ESP =  -2.1915747534E+01     ESP at Nucleus =  -2.1915747629E+01
           ESPe = -3.6525782653E+01     ESPe at Nucleus = -3.6525794800E+01
           ESPn =  1.4610035120E+01     ESPn at Nucleus =  1.4610047171E+01

CP# 9      Coords = -3.89036987487225E+00  2.75378670174343E+00 -6.53487067861957E-01
           Type = (3,-3) NACP H9
           Rho =  3.9857155824E-01     Rho at Nucleus =  3.8921862040E-01
           GradRho =  1.4748618993E-14 -3.0767055570E-14 -9.3731446216E-15
           HessRho_EigVals = -7.8660745439E+00 -7.8530196126E+00 -6.1925074632E+00
           HessRho_EigVec1 =  7.6753358926E-01  2.4472629337E-01  5.9245356838E-01
           HessRho_EigVec2 =  4.3566000595E-01  4.7881666481E-01 -7.6219089520E-01
           HessRho_EigVec3 = -4.7020479429E-01  8.4311543862E-01  2.6089041491E-01
           DelSqRho = -2.1911601620E+01
           Bond Ellipticity = NA
           V = -5.5318663478E+00
           G =  2.6982971419E-02
           K =  5.5048833764E+00
           L =  5.4779004049E+00
           Vnuc =  3.4427589812E+01
           Ven = -1.3721858118E+01
           Vrep =  8.1899917700E+00
           DelSqV =  1.3293422416E+03
           DelSqVen =  7.5436363269E+02
           DelSqVrep =  5.7497860888E+02
           DelSqG =  1.0249145765E+02
           DelSqK = -1.4318336992E+03
           Stress_EigVals = -1.9900538844E+00 -1.9839644791E+00 -1.5578479843E+00
           Stress_EigVec1 =  4.0060919482E-01  4.6660603337E-01 -7.8853730581E-01
           Stress_EigVec2 =  7.8803326612E-01  2.6360863044E-01  5.5633987944E-01
           Stress_EigVec3 = -4.6745678358E-01  8.4426849970E-01  2.6209703528E-01
           -DivStress = -1.1090453701E+01  1.9997242553E+01  6.1887109594E+00
           ESP =  -6.0326430991E-01     ESP at Nucleus =  -6.0599008453E-01
           ESPe = -1.5794751829E+01     ESPe at Nucleus = -1.5593254351E+01
           ESPn =  1.5191487519E+01     ESPn at Nucleus =  1.4987264266E+01

CP# 10     Coords = -4.19460452038120E+00  3.45342361989227E-01 -2.17100327733827E+00
           Type = (3,-3) NACP H10
           Rho =  3.9832288254E-01     Rho at Nucleus =  3.8897109089E-01
           GradRho =  3.4629417389E-14  2.4504703822E-14  2.7615063014E-14
           HessRho_EigVals = -7.8641104988E+00 -7.8505050849E+00 -6.1911150239E+00
           HessRho_EigVec1 = -6.6589392135E-01  7.3973324905E-01  9.6850429871E-02
           HessRho_EigVec2 = -3.8620703622E-01 -4.5286712609E-01  8.0358913089E-01
           HessRho_EigVec3 =  6.3830197453E-01  4.9770080004E-01  5.8725165215E-01
           DelSqRho = -2.1905730608E+01
           Bond Ellipticity = NA
           V = -5.5304088169E+00
           G =  2.6988082502E-02
           K =  5.5034207344E+00
           L =  5.4764326519E+00
           Vnuc =  3.4563187541E+01
           Ven = -1.3767308491E+01
           Vrep =  8.2368996739E+00
           DelSqV =  1.3290885242E+03
           DelSqVen =  7.5713187520E+02
           DelSqVrep =  5.7195664901E+02
           DelSqG =  1.0250305339E+02
           DelSqK = -1.4315915776E+03
           Stress_EigVals = -1.9894581710E+00 -1.9834842492E+00 -1.5574663968E+00
           Stress_EigVec1 =  4.1939592533E-01  4.1594978913E-01 -8.0690323505E-01
           Stress_EigVec2 = -6.4792598519E-01  7.5972486300E-01  5.4863924863E-02
           Stress_EigVec3 =  6.3584508768E-01  4.9980386699E-01  5.8813018883E-01
           -DivStress = -1.5065090776E+01 -1.1810164777E+01 -1.3949573582E+01
           ESP =  -6.0232958776E-01     ESP at Nucleus =  -6.0504331518E-01
           ESPe = -1.5930248367E+01     ESPe at Nucleus = -1.5729852562E+01
           ESPn =  1.5327918779E+01     ESPn at Nucleus =  1.5124809247E+01

CP# 11     Coords =  4.11372506749458E+00  2.46470002380750E+00  9.08119049990723E-02
           Type = (3,-3) NACP H11
           Rho =  3.9911942106E-01     Rho at Nucleus =  3.8978198756E-01
           GradRho = -5.4675752996E-09  3.7082796556E-10  1.6260555402E-11
           HessRho_EigVals = -7.8759533910E+00 -7.8639677830E+00 -6.2051833474E+00
           HessRho_EigVec1 =  6.6564572664E-02  9.9195482608E-01  1.0767906335E-01
           HessRho_EigVec2 = -4.5240376649E-03 -1.0761725684E-01  9.9418210561E-01
           HessRho_EigVec3 =  9.9777186308E-01 -6.6664451148E-02 -2.6758557178E-03
           DelSqRho = -2.1945104521E+01
           Bond Ellipticity = NA
           V = -5.5405072930E+00
           G =  2.7115581346E-02
           K =  5.5133917117E+00
           L =  5.4862761304E+00
           Vnuc =  3.4485562911E+01
           Ven = -1.3763857904E+01
           Vrep =  8.2233506106E+00
           DelSqV =  1.3317806481E+03
           DelSqVen =  7.5678928658E+02
           DelSqVrep =  5.7499136156E+02
           DelSqG =  1.0266043543E+02
           DelSqK = -1.4344410836E+03
           Stress_EigVals = -1.9927509245E+00 -1.9866250026E+00 -1.5611313660E+00
           Stress_EigVec1 = -4.1249465437E-03 -1.0220057730E-01  9.9475525976E-01
           Stress_EigVec2 =  6.9733806244E-02  9.9231266534E-01  1.0223879139E-01
           Stress_EigVec3 =  9.9755710668E-01 -6.9789800094E-02 -3.0335985562E-03
           -DivStress =  2.3629712944E+01 -1.6209262940E+00 -7.4038562310E-02
           ESP =  -6.0267366774E-01     ESP at Nucleus =  -6.0538489873E-01
           ESPe = -1.5820396684E+01     ESPe at Nucleus = -1.5619425365E+01
           ESPn =  1.5217723017E+01     ESPn at Nucleus =  1.5014040466E+01

CP# 12     Coords =  9.47471379967287E-01 -2.09302844215544E+00  4.07719761973981E+00
           Type = (3,-3) NACP H12
           Rho =  3.9578711244E-01     Rho at Nucleus =  3.8628894750E-01
           GradRho = -4.6648351848E-11  2.6584883600E-11 -3.1743552231E-11
           HessRho_EigVals = -7.7953270385E+00 -7.7798160608E+00 -6.1022028948E+00
           HessRho_EigVec1 = -6.6285448120E-01 -4.2768970584E-01  6.1457745831E-01
           HessRho_EigVec2 =  4.5797994141E-02  7.9611055754E-01  6.0341571400E-01
           HessRho_EigVec3 =  7.4734629221E-01 -4.2812322489E-01  5.0811811996E-01
           DelSqRho = -2.1677345994E+01
           Bond Ellipticity = NA
           V = -5.4720992202E+00
           G =  2.6381360820E-02
           K =  5.4457178593E+00
           L =  5.4193364985E+00
           Vnuc =  3.4390471573E+01
           Ven = -1.3611305439E+01
           Vrep =  8.1392062192E+00
           DelSqV =  1.3112538954E+03
           DelSqVen =  7.4549415123E+02
           DelSqVrep =  5.6575974414E+02
           DelSqG =  1.0106152838E+02
           DelSqK = -1.4123154237E+03
           Stress_EigVals = -1.9716548057E+00 -1.9656278909E+00 -1.5348165236E+00
           Stress_EigVec1 =  4.2915924958E-02  7.9651715192E-01  6.0309091361E-01
           Stress_EigVec2 = -6.6054857038E-01 -4.3026299490E-01  6.1526363568E-01
           Stress_EigVec3 =  7.4955574146E-01 -4.2477544881E-01  5.0767313159E-01
           -DivStress =  1.7775361877E+01 -1.0069308658E+01  1.2097081457E+01
           ESP =  -5.8988310565E-01     ESP at Nucleus =  -5.9264318664E-01
           ESPe = -1.6000234838E+01     ESPe at Nucleus = -1.5797204790E+01
           ESPn =  1.5410351732E+01     ESPn at Nucleus =  1.5204561603E+01

CP# 13     Coords =  2.67118760718381E+00 -2.47482667310883E+00 -3.03520134263701E+00
           Type = (3,-3) NACP H13
           Rho =  3.9835428457E-01     Rho at Nucleus =  3.8903791399E-01
           GradRho = -1.4540972593E-13  8.3960616237E-16  8.2254082018E-14
           HessRho_EigVals = -7.8695015135E+00 -7.8547209955E+00 -6.2009134141E+00
           HessRho_EigVec1 =  1.6951502764E-01  9.4061597876E-01  2.9411942456E-01
           HessRho_EigVec2 =  4.6937170313E-01 -3.3947247967E-01  8.1513719081E-01
           HessRho_EigVec3 =  8.6657651694E-01 -1.2666820098E-04 -4.9904421071E-01
           DelSqRho = -2.1925135923E+01
           Bond Ellipticity = NA
           V = -5.5353321730E+00
           G =  2.7024096108E-02
           K =  5.5083080769E+00
           L =  5.4812839807E+00
           Vnuc =  3.4589511972E+01
           Ven = -1.3778880295E+01
           Vrep =  8.2435481225E+00
           DelSqV =  1.3309936501E+03
           DelSqVen =  7.5837975151E+02
           DelSqVrep =  5.7261389856E+02
           DelSqG =  1.0266845300E+02
           DelSqK = -1.4336621031E+03
           Stress_EigVals = -1.9907614378E+00 -1.9846810919E+00 -1.5598896433E+00
           Stress_EigVec1 =  4.6773460172E-01 -3.5415403636E-01  8.0981433729E-01
           Stress_EigVec2 =  1.7406875101E-01  9.3518126228E-01  3.0844136654E-01
           Stress_EigVec3 =  8.6655894911E-01  3.3053294857E-03 -4.9906378602E-01
           -DivStress =  2.0479056572E+01  6.3327142839E-02 -1.1836311982E+01
           ESP =  -6.0065852429E-01     ESP at Nucleus =  -6.0338387284E-01
           ESPe = -1.5908736205E+01     ESPe at Nucleus = -1.5708534080E+01
           ESPn =  1.5308077681E+01     ESPn at Nucleus =  1.5105150207E+01

CP# 14     Coords =  5.47772349009344E-01 -1.20314691689023E+00 -1.07336214582689E+00
           Type = (3,-1) BCP Cu1 O2
           Rho =  1.1740177218E-01
           GradRho =  4.5970172113E-17 -1.0234868508E-16 -1.2836953722E-16
           HessRho_EigVals = -1.8751948826E-01 -1.7803566774E-01  1.0385236112E+00
           HessRho_EigVec1 =  7.6730240250E-01  5.7485656281E-01 -2.8423046162E-01
           HessRho_EigVec2 =  5.5310702913E-01 -3.6894626362E-01  7.4696135702E-01
           HessRho_EigVec3 = -3.2452987142E-01  7.3035511003E-01  6.0105056010E-01
           DelSqRho =  6.7296845522E-01
           Bond Ellipticity =  5.3269216455E-02
           V = -2.4019755938E-01
           G =  2.0421983659E-01
           K =  3.5977722788E-02
           L = -1.6824211380E-01
           Vnuc =  2.8758133289E+01
           Ven = -3.3762558128E+00
           Vrep =  3.1360582534E+00
           DelSqV = -2.8138157668E+00
           DelSqVen = -1.9353316534E+01
           DelSqVrep =  1.6539500767E+01
           DelSqG =  2.4013767562E+00
           DelSqK =  4.1243901063E-01
           Stress_EigVals = -1.1600215484E-01 -1.1146511385E-01 -1.2730290684E-02
           Stress_EigVec1 =  8.9642062158E-01  1.8014191699E-02  4.4283807210E-01
           Stress_EigVec2 = -3.0238426664E-01 -7.0563904401E-01  6.4080987418E-01
           Stress_EigVec3 = -3.2402750577E-01  7.0834245140E-01  6.2710218230E-01
           -DivStress = -2.8070918830E-02  6.2240468467E-02  5.5603070631E-02
           ESP =   8.8268612877E-01
           ESPe = -2.7875447160E+01
           ESPn =  2.8758133289E+01
           BPL =  3.4610637523E+00 =  1.7150000000E+00 +  1.7460637523E+00                
           GBL_I =  3.4584998539E+00                                                      
           GBL_II =  3.4581990946E+00                                                     
           GBL_III =  3.4586169886E+00 =  1.7126027753E+00 +  1.7460142133E+00            
           GBL_IV =  3.4583159412E+00 =  1.7123058701E+00 +  1.7460100711E+00             
             70 sample points along path from BCP to atom Cu1
             5.4777234901E-01  -1.2031469169E+00  -1.0733621458E+00   1.1740177218E-01    
             5.3965680133E-01  -1.1848858962E+00  -1.0583397292E+00   1.1773201814E-01    
             5.3153687106E-01  -1.1666210400E+00  -1.0433243452E+00   1.1874788381E-01    
             5.2341283278E-01  -1.1483530245E+00  -1.0283150279E+00   1.2049255090E-01    
             5.1528512956E-01  -1.1300827114E+00  -1.0133104921E+00   1.2301716222E-01    
             5.0715422278E-01  -1.1118110102E+00  -9.9830938243E-01   1.2638175289E-01    
             4.9902059153E-01  -1.0935388764E+00  -9.8331027688E-01   1.3065635545E-01    
             4.9088472973E-01  -1.0752673061E+00  -9.6831169463E-01   1.3592230146E-01    
             4.8274714245E-01  -1.0569973291E+00  -9.5331210751E-01   1.4227374311E-01    
             4.7460834172E-01  -1.0387300002E+00  -9.3830995386E-01   1.4981941901E-01    
             4.6646884169E-01  -1.0204663879E+00  -9.2330365505E-01   1.5868468771E-01    
             4.5832915348E-01  -1.0022075624E+00  -9.0829163453E-01   1.6901385142E-01    
             4.5018977956E-01  -9.8395458062E-01  -8.9327233894E-01   1.8097278961E-01    
             4.4205120795E-01  -9.6570847132E-01  -8.7824426070E-01   1.9475191843E-01    
             4.3391390635E-01  -9.4747021862E-01  -8.6320596141E-01   2.1056948629E-01    
             4.2577831650E-01  -9.2924074596E-01  -8.4815609481E-01   2.2867520883E-01    
             4.1764484895E-01  -9.1102090064E-01  -8.3309342843E-01   2.4935423799E-01    
             4.0951387845E-01  -8.9281143996E-01  -8.1801686273E-01   2.7293144947E-01    
             4.0138574033E-01  -8.7461301964E-01  -8.0292544669E-01   2.9977602183E-01    
             3.9326072785E-01  -8.5642618516E-01  -7.8781838907E-01   3.3030626848E-01    
             3.8513909072E-01  -8.3825136643E-01  -7.7269506474E-01   3.6499467188E-01    
             3.7702103490E-01  -8.2008887610E-01  -7.5755501595E-01   4.0437305798E-01    
             3.6890672344E-01  -8.0193891132E-01  -7.4239794863E-01   4.4903783862E-01    
             3.6079627835E-01  -7.8380155868E-01  -7.2722372441E-01   4.9965524001E-01    
             3.5268978327E-01  -7.6567680167E-01  -7.1203234914E-01   5.5696642378E-01    
             3.4458728657E-01  -7.4756452979E-01  -6.9682395945E-01   6.2179239060E-01    
             3.3648880467E-01  -7.2946454809E-01  -6.8159880865E-01   6.9503852410E-01    
             3.2839432505E-01  -7.1137658579E-01  -6.6635725410E-01   7.7769857368E-01    
             3.2030380866E-01  -6.9330030237E-01  -6.5109974808E-01   8.7085776741E-01    
             3.1221719128E-01  -6.7523528928E-01  -6.3582683444E-01   9.7569456546E-01    
             3.0413438338E-01  -6.5718106522E-01  -6.2053915369E-01   1.0934802793E+00    
             2.9605526815E-01  -6.3913706300E-01  -6.0523745913E-01   1.2255753610E+00    
             2.8797969728E-01  -6.2110260537E-01  -5.8992264695E-01   1.3734205842E+00    
             2.7990748421E-01  -6.0307686759E-01  -5.7459580330E-01   1.5385205850E+00    
             2.7183839447E-01  -5.8505882400E-01  -5.5925827145E-01   1.7224163401E+00    
             2.6377213302E-01  -5.6704717545E-01  -5.4391174305E-01   1.9266422066E+00    
             2.5570832792E-01  -5.4904025410E-01  -5.2855837772E-01   2.1526623362E+00    
             2.4764651022E-01  -5.3103590058E-01  -5.1320095773E-01   2.4017809057E+00    
             2.3958608897E-01  -5.1303130660E-01  -4.9784308665E-01   2.6750212067E+00    
             2.3152632041E-01  -4.9502281305E-01  -4.8248944591E-01   2.9729709474E+00    
             2.2346626965E-01  -4.7700564955E-01  -4.6714612900E-01   3.2955961483E+00    
             2.1540476285E-01  -4.5897359662E-01  -4.5182108079E-01   3.6420349721E+00    
