AIMSum (Version 19.02.13, Professional)
Copyright (c) 1997-2019 by Todd A. Keith
AIMSum is a component of the AIMAll package ( http://aim.tkgristmill.com )

TP:  64-bit Linux

Licensed To:  Research Group of Fernando Cortes Guzman, UNAM, fercor@unam.mx

Much of the Quantum Theory of Atoms in Molecules (QTAIM) is described in the book:
  "Atoms in Molecules - A Quantum Theory"
  R.F.W. Bader, Oxford University Press, Oxford, 1990

For additional references see:  http://aim.tkgristmill.com/references.html

Wfx File:  /home/scratch/M_H2O_4_cuadrado_plano/Opt/Fe3_cuadrado_plano_cc-pvtz-def2-tzv_10.wfx
Sum File:  /home/scratch/M_H2O_4_cuadrado_plano/Opt/Fe3_cuadrado_plano_cc-pvtz-def2-tzv_10.sum

SumViz File:  /home/scratch/M_H2O_4_cuadrado_plano/Opt/Fe3_cuadrado_plano_cc-pvtz-def2-tzv_10.sumviz

Wfx Title:   Fe3_cuadrado_plano_cc-pvtz-def2-tzv_10                                        
 
Total memory allocated for AIMSum =        0.958 Megabytes

Atomic units (a.u.) used throughout, except where stated otherwise

Model:  Unrestricted SCF
 
Unrestricted, single-determinant wavefunction.
  Number of electrons (from MO Occs)                   =          63.0000000000
  Number of Alpha electrons (from MO Occs)             =          33.0000000000
  Number of Beta electrons (from MO Occs)              =          30.0000000000
  Number of electron pairs (N*(N-1)/2)                 =        1953.0000000000
  Number of electron pairs (from Muller 2EDM)          =        1953.0000000000
 
Nuclear Charges and Cartesian Coordinates:
-------------------------------------------------------------------------------
Atom      Charge                X                  Y                  Z
-------------------------------------------------------------------------------
Fe1       26.0          -2.1635071957E-05   4.5956422413E-05   1.8200324605E-04
O2         8.0           3.6336028085E+00   5.6727660433E-03   9.0142198484E-04
H3         1.0           4.7273242565E+00   6.6527123908E-01  -1.3764891726E+00
O4         8.0          -6.1069883189E-03   3.5906362337E+00   1.2181537423E-02
H5         1.0          -1.5252221084E+00   4.6829988490E+00   1.5151909543E-01
O6         8.0          -3.6334773261E+00  -5.9565496571E-03   8.9856849837E-04
H7         1.0          -4.7291836185E+00   6.5003999678E-01  -1.3766410499E+00
O8         8.0           6.0349565436E-03  -3.5905347588E+00  -1.4487524984E-02
H9         1.0          -1.5094383259E+00  -4.6879458550E+00  -1.5386699712E-01
H10        1.0           1.5093577337E+00   4.6881700487E+00   1.5063464691E-01
H11        1.0          -4.7263721701E+00  -6.6553982933E-01   1.3789687653E+00
H12        1.0           1.5251939183E+00  -4.6828088215E+00  -1.5410916552E-01
H13        1.0           4.7284752215E+00  -6.4992202458E-01   1.3792997698E+00
 
Some Atomic Properties:
----------------------
  q(A) = Net Charge of Atom A
  L(A) = Lagrangian of Atom A = -(1/4) Times Atomic Integral of the Laplacian of the Electron Density
  K(A) = Electronic Kinetic Energy of Atom A (Hamiltonian Form)
  K_Scaled(A) = K(A) * E(Mol)/K(Mol) = Approximation to Virial-Based Total Energy of Atom A.
  |Mu_Intra(A)| = Magnitude of Intraatomic Dipole Moment of Atom A
--------------------------------------------------------------------------------------------------
Atom A          q(A)              L(A)              K(A)          K_Scaled(A)      |Mu_Intra(A)|
--------------------------------------------------------------------------------------------------
Fe1       1.7366417460E+00  1.1812962834E-04  1.2615813025E+03 -1.2646069835E+03  3.3597114496E-04
O2       -1.1145662263E+00 -1.2791655696E-05  7.5275953328E+01 -7.5456489466E+01  2.0944857937E-01
H3        7.1269274743E-01  2.0670077745E-05  2.8258681117E-01 -2.8326454595E-01  1.0016872632E-01
O4       -1.1021734317E+00 -7.9906697225E-05  7.5282864208E+01 -7.5463416922E+01  1.9977358730E-01
H5        7.1151354254E-01  1.3650937987E-05  2.8337014765E-01 -2.8404976112E-01  1.0145328743E-01
O6       -1.1145731363E+00 -2.7217919527E-05  7.5275988219E+01 -7.5456524441E+01  2.0950711128E-01
H7        7.1269679071E-01  2.4210571442E-05  2.8258627506E-01 -2.8326400855E-01  1.0016869095E-01
O8       -1.1021395728E+00 -5.1017509948E-05  7.5282882805E+01 -7.5463435563E+01  1.9976922686E-01
H9        7.1152388416E-01  1.4950112665E-05  2.8336238061E-01 -2.8404197546E-01  1.0145066687E-01
H10       7.1152306519E-01  2.7629553937E-05  2.8337165774E-01 -2.8405127483E-01  1.0144968124E-01
H11       7.1270340682E-01  2.1642291434E-05  2.8257880079E-01 -2.8325651636E-01  1.0016487663E-01
H12       7.1154319567E-01  3.4205857187E-05  2.8336039081E-01 -2.8403998089E-01  1.0144418559E-01
H13       7.1269557346E-01  1.9429676965E-05  2.8258290339E-01 -2.8326062880E-01  1.0016667739E-01
--------------------------------------------------------------------------------------------------
Total     3.0000815849E+00  1.2358492531E-04  1.5649627904E+03 -1.5687160786E+03
 
1st Largest |L(A)| = 1.1812962834E-04, atom Fe1     
2nd Largest |L(A)| = 7.9906697225E-05, atom O4      
 
Molecular charge q(Mol) from the wfx file:   3.0000000000E+00
Molecular energy E(Mol) from the wfx file:  -1.5687160464E+03
Molecular virial ratio (-V(Mol)/T(Mol)) from the wfx file:   2.0023983242E+00
Full molecular virial ratio ((-V(Mol)+W(Mol))/T(Mol)) from the wfx file:   2.0023983030E+00
Note.  K_Scaled(A) = (1+V(Mol)/T(Mol))*K(A) = (E(Mol)/T(Mol))*K(A)
       Only use K_Scaled(A) data with caution.
 
N_AIMInt(SumA)     =         62.999918
N_Analytic(Mol)    =         63.000000
 
G_AIMInt(SumA)     =       1564.962667
G_Analytic(Mol)    =       1564.962758
 
K_AIMInt(SumA)     =       1564.962790
K_Analytic(Mol)    =       1564.962758
 
L_AIMInt(SumA)     =          0.000124
L_Analytic(Mol)    =          0.000000
 
VenT_AIMInt(SumA)  =      -4501.078103
VenT_Analytic(Mol) =      -4501.079994
 
Some Information About the Atomic Calculations:
----------------------------------------------
  Time(sec) = "Elapsed User Time", in Seconds, for Atom A by AIMInt and, if used, by TWOe
  NProc = Number of Processors Used for AIMInt Job
  BIM = Basin Integration Method
  OAQ = Angular Quadrature Outside of Beta Sphere
  ORQ = Multiple of Default for Radial Quadrature Outside of Beta Sphere
  IAQ = Multiple of Default for Angular Quadrature Inside of Beta Sphere
  IRQ = Multiple of Default for Radial Quadrature Inside of Beta Sphere
  MIR = Maximum Integration Radius
------------------------------------------------------------------------------------------------------
Atom A     Time(sec)   NProc      BIM          OAQ                     ORQ      IAQ      IRQ      MIR
------------------------------------------------------------------------------------------------------
Fe1           538        1     Proaim(5)    4500(GS4)                  1.00     1.00     1.00    13.00
O2            242        1     Proaim(5)    4500(GS4)                  1.00     1.00     1.00    13.00
H3             95        1     Proaim(5)    1800(GS4)                  1.00     1.00     1.00    13.00
O4            283        1     Proaim(5)    4500(GS4)                  1.00     1.00     1.00    13.00
H5            140        1     Proaim(5)    1800(GS4)                  1.00     1.00     1.00    13.00
O6            255        1     Proaim(5)    4500(GS4)                  1.00     1.00     1.00    13.00
H7             83        1     Proaim(5)    1800(GS4)                  1.00     1.00     1.00    13.00
O8            250        1     Proaim(5)    4500(GS4)                  1.00     1.00     1.00    13.00
H9            114        1     Proaim(5)    1800(GS4)                  1.00     1.00     1.00    13.00
H10            76        1     Proaim(5)    1800(GS4)                  1.00     1.00     1.00    13.00
H11            91        1     Proaim(5)    1800(GS4)                  1.00     1.00     1.00    13.00
H12           113        1     Proaim(5)    1800(GS4)                  1.00     1.00     1.00    13.00
H13           125        1     Proaim(5)    1800(GS4)                  1.00     1.00     1.00    13.00
------------------------------------------------------------------------------------------------------
Total        2405
Note:  Total wall clock time is less than total of atomic times if more than one atom
       was calculated at a time
 
Electron Density Critical Point Analysis of Molecular Structure:               
---------------------------------------------------------------                
  NACP = Nuclear Attractor Critical Point                                      
  NNACP = Non-Nuclear Attractor Critical Point                                 
  BCP = Bond Critical Point                                                    
  RCP = Ring Critical Point                                                    
  CCP = Cage Critical Point                                                    
  Rho = Electron Density                                                       
  GradRho = Gradient of Electron Density                                       
  HessRho_EigVals = Eigenvalues of the Hessian of Rho, Ascending Order         
  HessRho_EigVecs = Eigenvectors of the Hessian of Rho                         
  DelSqRho = Laplacian of Rho = Trace of Hessian of Rho                        
  Bond Ellipticity = (HessRho_EigVal(1) / HessRho_EigVal(2)) - 1               
  V = Virial Field = Potential Energy Density = Trace of Stress Tensor         
  G = Lagrangian Form of Kinetic Energy Density                                
  K = Hamiltonian Form of Kinetic Energy Density                               
  L = K - G = Lagrangian Density = (-1/4)DelSqRho                              
  Vnuc = Electrostatic Potential from Nuclei                                   
  Ven = Electron-nuclear attractive contribution to Virial Field V             
  Vrep = V - Ven = Repulsive contribution to Virial Field V                    
  DelSqV = Laplacian of V                                                      
  DelSqVen = Laplacian of Ven                                                  
  DelSqVrep = Laplacian of Vrep                                                
  DelSqG = Laplacian of G                                                      
  DelSqK = Laplacian of K                                                      
  Stress_EigVals = Eigenvalues of Stress Tensor, Ascending Order               
  Stress_EigVecs = Eigenvectors of Stress Tensor                               
  -DivStress = Ehrenfest Force Density = Minus Divergence of Stress Tensor     
  ESP = Total Electrostatic Potential                                          
  ESPe = Electrostatic Potential from Electrons                                
  ESPn = Electrostatic Potential from Nuclei                                   
  BP = Bond Path                                                               
  BPL = Bond Path Length                                                       
  GBL = Geometric Bond Length                                                  
  GBL_I = Distance Between Nuclear Attractors                                  
  GBL_II = Distance Between Nuclei                                             
  GBL_III = Sum of Distances Between BCP and Nuclear Attractors                
  GBL_IV = Sum of Distances Between BCP and Nuclei                             

CP# 1      Coords = -2.16350702373126E-05  4.59564220379795E-05  1.82003249979976E-04
           Type = (3,-3) NACP Fe1
           Rho =  1.1821613845E+04     Rho at Nucleus =  1.1821613845E+04
           GradRho = -5.5306714070E-13 -7.5985606696E-12  3.6925323910E-12
           HessRho_EigVals = -2.4436716472E+09 -2.4436709377E+09 -2.4436708374E+09
           HessRho_EigVec1 =  7.8832531479E-05 -6.2634447739E-02  9.9803653227E-01
           HessRho_EigVec2 =  9.9999774308E-01  2.1238831853E-03  5.4302518058E-05
           HessRho_EigVec3 = -2.1231142175E-03  9.9803427550E-01  6.2634473810E-02
           DelSqRho = -7.3310134224E+09
           Bond Ellipticity = NA
           V = -1.8331694428E+09
           G =  2.0804360486E+05
           K =  1.8329613992E+09
           L =  1.8327533556E+09
           Vnuc =  2.6000000105E+09
           Ven = -3.0736196122E+13
           Vrep =  3.0734362953E+13
           DelSqV =  5.5485807730E+16
           DelSqVen =  9.2208570869E+29
           DelSqVrep = -9.2208570869E+29
           DelSqG =  3.7893279715E+14
           DelSqK = -5.5864740527E+16
           Stress_EigVals = -6.1105653951E+08 -6.1105651988E+08 -6.1105638343E+08
           Stress_EigVec1 = -1.8743977830E-03  9.9671840565E-01  8.0925314099E-02
           Stress_EigVec2 =  9.9999823614E-01  1.8779441032E-03  3.2289332451E-05
           Stress_EigVec3 =  1.1978984445E-04 -8.0925231881E-02  9.9672016760E-01
           -DivStress = -3.1701088529E+04  6.9087250691E+03 -7.2499276475E+04
           ESP =  -1.1496495541E+02     ESP at Nucleus =  -1.1496495541E+02
           ESPe = -1.2544132800E+02     ESPe at Nucleus = -1.2544132800E+02
           ESPn =  1.0476372585E+01     ESPn at Nucleus =  1.0476372585E+01

CP# 2      Coords =  3.63360542158110E+00  5.67277268798400E-03  9.01424097473660E-04
           Type = (3,-3) NACP O2
           Rho =  2.9719585594E+02     Rho at Nucleus =  2.9719585215E+02
           GradRho = -7.3644423892E-11 -2.5068922632E-13 -4.0440741034E-14
           HessRho_EigVals = -1.1093822615E+06 -1.1093776790E+06 -1.1093518883E+06
           HessRho_EigVec1 =  3.9638768297E-04 -4.1903199354E-01  9.0797138241E-01
           HessRho_EigVec2 =  9.9999864152E-01  1.6188063769E-03  3.1052137134E-04
           HessRho_EigVec3 = -1.5999482532E-03  9.0797002586E-01  4.1903206596E-01
           DelSqRho = -3.3281118288E+06
           Bond Ellipticity = NA
           V = -8.3216398200E+05
           G =  6.8012400421E+01
           K =  8.3209596960E+05
           L =  8.3202795720E+05
           Vnuc =  3.0615130718E+06
           Ven = -9.0986899784E+08
           Vrep =  9.0903683386E+08
           DelSqV =  9.3050741559E+10
           DelSqVen =  1.0189057982E+13
           DelSqVrep = -1.0096007241E+13
           DelSqG =  3.1063259447E+09
           DelSqK = -9.6157067503E+10
           Stress_EigVals = -2.7739239629E+05 -2.7738624092E+05 -2.7738534479E+05
           Stress_EigVec1 = -1.6077872410E-03  9.0863821842E-01  4.1758113350E-01
           Stress_EigVec2 =  9.9999862153E-01  1.6340614055E-03  2.9458797491E-04
           Stress_EigVec3 =  4.1467932121E-04 -4.1758103151E-01  9.0863959311E-01
           -DivStress = -7.9590734463E+04 -2.0238714479E+02 -6.4350590599E+01
           ESP =  -2.1673265794E+01     ESP at Nucleus =  -2.1673265843E+01
           ESPe = -3.5037596481E+01     ESPe at Nucleus = -3.5037602580E+01
           ESPn =  1.3364330687E+01     ESPn at Nucleus =  1.3364336737E+01

CP# 3      Coords =  4.69489515128224E+00  6.46341427120965E-01 -1.33612498001465E+00
           Type = (3,-3) NACP H3
           Rho =  3.7042056218E-01     Rho at Nucleus =  3.6078605835E-01
           GradRho = -1.1129569488E-10 -6.5079930594E-11  1.3853603334E-10
           HessRho_EigVals = -7.2728896083E+00 -7.2594524558E+00 -5.5857737950E+00
           HessRho_EigVec1 = -8.0885895992E-01  2.2356640226E-01 -5.4384303502E-01
           HessRho_EigVec2 = -2.3829954963E-02  9.1167539717E-01  4.1021957954E-01
           HessRho_EigVec3 = -5.8751963048E-01 -3.4476953748E-01  7.3208923625E-01
           DelSqRho = -2.0118115859E+01
           Bond Ellipticity = NA
           V = -5.0754336143E+00
           G =  2.2952324739E-02
           K =  5.0524812895E+00
           L =  5.0295289648E+00
           Vnuc =  3.2531006169E+01
           Ven = -1.2050153594E+01
           Vrep =  6.9747199795E+00
           DelSqV =  1.2053538250E+03
           DelSqVen =  6.5446255125E+02
           DelSqVrep =  5.5089127376E+02
           DelSqG =  9.3125879125E+01
           DelSqK = -1.2984797041E+03
           Stress_EigVals = -1.8384570863E+00 -1.8328815722E+00 -1.4040949557E+00
           Stress_EigVec1 =  1.6944641805E-02  8.9935802336E-01  4.3688445260E-01
           Stress_EigVec2 =  8.1008393911E-01 -2.6846663514E-01  5.2123859931E-01
           Stress_EigVec3 = -5.8606901531E-01 -3.4508087694E-01  7.3310456121E-01
           -DivStress =  1.3557870845E+01  7.9137665880E+00 -1.6872389407E+01
           ESP =  -3.7103337210E-01     ESP at Nucleus =  -3.7371715662E-01
           ESPe = -1.4762903619E+01     ESPe at Nucleus = -1.4561901245E+01
           ESPn =  1.4391870247E+01     ESPn at Nucleus =  1.4188184089E+01

CP# 4      Coords = -6.10699247535415E-03  3.59063885454778E+00  1.21823323205594E-02
           Type = (3,-3) NACP O4
           Rho =  2.9724015287E+02     Rho at Nucleus =  2.9724014871E+02
           GradRho =  6.3002120881E-14 -2.2005819389E-10 -4.4964032497E-14
           HessRho_EigVals = -1.1095334215E+06 -1.1095293328E+06 -1.1095051157E+06
           HessRho_EigVec1 =  9.9999862553E-01  1.6284429713E-03 -3.1162446065E-04
           HessRho_EigVec2 = -1.6042616808E-03  9.9780829886E-01  6.6151531179E-02
           HessRho_EigVec3 =  4.1866546895E-04 -6.6150940328E-02  9.9780953985E-01
           DelSqRho = -3.3285678700E+06
           Bond Ellipticity = NA
           V = -8.3227774533E+05
           G =  6.7888912704E+01
           K =  8.3220985641E+05
           L =  8.3214196750E+05
           Vnuc =  2.9210555657E+06
           Ven = -8.6825500290E+08
           Vrep =  8.6742272516E+08
           DelSqV =  9.3063346817E+10
           DelSqVen =  9.7229317243E+12
           DelSqVrep = -9.6298683775E+12
           DelSqG =  3.1067120293E+09
           DelSqK = -9.6170058846E+10
           Stress_EigVals = -2.7743000951E+05 -2.7742426065E+05 -2.7742347517E+05
           Stress_EigVec1 =  4.2363339887E-04 -6.8456648078E-02  9.9765400208E-01
           Stress_EigVec2 = -1.5875794624E-03  9.9765278831E-01  6.8457238925E-02
           Stress_EigVec3 =  9.9999865006E-01  1.6128557771E-03 -3.1395867305E-04
           -DivStress =  1.2660124233E+02 -7.9831881353E+04 -2.4213750348E+04
           ESP =  -2.1673725594E+01     ESP at Nucleus =  -2.1673725647E+01
           ESPe = -3.5120868660E+01     ESPe at Nucleus = -3.5120874878E+01
           ESPn =  1.3447143066E+01     ESPn at Nucleus =  1.3447149231E+01

CP# 5      Coords = -1.48086126940543E+00  4.65038229386517E+00  1.47467267063090E-01
           Type = (3,-3) NACP H5
           Rho =  3.7203521290E-01     Rho at Nucleus =  3.6234312039E-01
           GradRho =  1.5116120161E-13 -1.0757367219E-13 -1.3881907776E-14
           HessRho_EigVals = -7.2995271456E+00 -7.2879128198E+00 -5.6001198322E+00
           HessRho_EigVec1 =  5.9172482986E-01  8.0598874808E-01  1.5616135557E-02
           HessRho_EigVec2 =  5.0204716855E-02 -5.6178361618E-02  9.9715769971E-01
           HessRho_EigVec3 =  8.0457517494E-01 -5.8925896654E-01 -7.3706568356E-02
           DelSqRho = -2.0187559798E+01
           Bond Ellipticity = NA
           V = -5.0927588750E+00
           G =  2.2934462787E-02
           K =  5.0698244122E+00
           L =  5.0468899494E+00
           Vnuc =  3.2643243315E+01
           Ven = -1.2144435976E+01
           Vrep =  7.0516771014E+00
           DelSqV =  1.2089429018E+03
           DelSqVen =  6.5898742640E+02
           DelSqVrep =  5.4995547536E+02
           DelSqG =  9.3372514772E+01
           DelSqK = -1.3023154165E+03
           Stress_EigVals = -1.8452531212E+00 -1.8395824230E+00 -1.4079233308E+00
           Stress_EigVec1 =  1.3911951677E-02 -1.0431986721E-01  9.9444649072E-01
           Stress_EigVec2 =  5.9246219160E-01  8.0201995538E-01  7.5845518653E-02
           Stress_EigVec3 =  8.0547812455E-01 -5.8811678813E-01 -7.2963240016E-02
           -DivStress = -1.8604325231E+01  1.3681895584E+01  1.6956848378E+00
           ESP =  -3.7322731791E-01     ESP at Nucleus =  -3.7593364254E-01
           ESPe = -1.4903800722E+01     ESPe at Nucleus = -1.4704265994E+01
           ESPn =  1.4530573404E+01     ESPn at Nucleus =  1.4328332351E+01

CP# 6      Coords = -3.63347993913542E+00 -5.95655374144310E-03  8.98569156764018E-04
           Type = (3,-3) NACP O6
           Rho =  2.9719583960E+02     Rho at Nucleus =  2.9719583581E+02
           GradRho =  3.4561020712E-11 -1.2299433390E-13 -4.6402335099E-14
           HessRho_EigVals = -1.1093821799E+06 -1.1093775974E+06 -1.1093518075E+06
           HessRho_EigVec1 =  8.6773132935E-04 -4.1915798380E-01  9.0791289872E-01
           HessRho_EigVec2 =  9.9999862610E-01  1.6460418217E-03 -1.9581015558E-04
           HessRho_EigVec3 = -1.4123872117E-03  9.0791182125E-01  4.1915883624E-01
           DelSqRho = -3.3281115847E+06
           Bond Ellipticity = NA
           V = -8.3216392111E+05
           G =  6.8012461098E+01
           K =  8.3209590865E+05
           L =  8.3202789619E+05
           Vnuc =  3.0615900595E+06
           Ven = -9.0989182824E+08
           Vrep =  9.0905966432E+08
           DelSqV =  9.3050734684E+10
           DelSqVen =  1.0189313311E+13
           DelSqVrep = -1.0096262576E+13
           DelSqG =  3.1063256591E+09
           DelSqK = -9.6157060343E+10
           Stress_EigVals = -2.7739237583E+05 -2.7738622071E+05 -2.7738532457E+05
           Stress_EigVec1 = -1.4136172117E-03  9.0858018314E-01  4.1770809484E-01
           Stress_EigVec2 =  9.9999862957E-01  1.6443315552E-03 -1.9245926066E-04
           Stress_EigVec3 =  8.6171527151E-04 -4.1770725033E-01  9.0858126244E-01
           -DivStress =  7.9588885888E+04  1.2441839589E+02 -2.0052356306E+01
           ESP =  -2.1673248073E+01     ESP at Nucleus =  -2.1673248122E+01
           ESPe = -3.5038004746E+01     ESPe at Nucleus = -3.5038010846E+01
           ESPn =  1.3364756673E+01     ESPn at Nucleus =  1.3364762724E+01

CP# 7      Coords = -4.69669759031088E+00  6.31216480830187E-01 -1.33627287304150E+00
           Type = (3,-3) NACP H7
           Rho =  3.7041812127E-01     Rho at Nucleus =  3.6078367163E-01
           GradRho =  1.1170959990E-10 -6.4839471357E-11  1.3881739334E-10
           HessRho_EigVals = -7.2728392299E+00 -7.2594025958E+00 -5.5857347616E+00
           HessRho_EigVec1 =  8.0819286310E-01  2.2638240233E-01 -5.4366837681E-01
           HessRho_EigVec2 = -2.0643256861E-02 -9.1170768368E-01 -4.1032055208E-01
           HessRho_EigVec3 =  5.8855598882E-01 -3.4284122773E-01  7.3216237311E-01
           DelSqRho = -2.0117976587E+01
           Bond Ellipticity = NA
           V = -5.0753978493E+00
           G =  2.2951851233E-02
           K =  5.0524459981E+00
           L =  5.0294941468E+00
           Vnuc =  3.2531410120E+01
           Ven = -1.2050223819E+01
           Vrep =  6.9748259698E+00
           DelSqV =  1.2053451734E+03
           DelSqVen =  6.5446614728E+02
           DelSqVrep =  5.5087902612E+02
           DelSqG =  9.3125196122E+01
           DelSqK = -1.2984703695E+03
           Stress_EigVals = -1.8384440935E+00 -1.8328686270E+00 -1.4040851288E+00
           Stress_EigVec1 = -2.0008547535E-02  8.9927604727E-01  4.3692361900E-01
           Stress_EigVec2 =  8.0926263241E-01  2.7119035004E-01 -5.2110439054E-01
           Stress_EigVec3 =  5.8710616571E-01 -3.4315941610E-01  7.3317662628E-01
           -DivStress = -1.3581572164E+01  7.8692774920E+00 -1.6873933454E+01
           ESP =  -3.7101596906E-01     ESP at Nucleus =  -3.7369972242E-01
           ESPe = -1.4763301497E+01     ESPe at Nucleus = -1.4562296590E+01
           ESPn =  1.4392285528E+01     ESPn at Nucleus =  1.4188596867E+01

CP# 8      Coords =  6.03496080282423E-03 -3.59053737935109E+00 -1.44883199563832E-02
           Type = (3,-3) NACP O8
           Rho =  2.9724021056E+02     Rho at Nucleus =  2.9724020640E+02
           GradRho =  4.2080054719E-13  1.0750200730E-10  5.8897331456E-13
           HessRho_EigVals = -1.1095336285E+06 -1.1095295390E+06 -1.1095053259E+06
           HessRho_EigVec1 =  9.9999865044E-01  1.6407342110E-03 -8.4275523383E-05
           HessRho_EigVec2 = -1.6314211278E-03  9.9775859214E-01  6.6896414513E-02
           HessRho_EigVec3 =  1.9384586345E-04 -6.6896186744E-02  9.9775992234E-01
           DelSqRho = -3.3285684934E+06
           Bond Ellipticity = NA
           V = -8.3227790096E+05
           G =  6.7888804111E+01
           K =  8.3221001216E+05
           L =  8.3214212335E+05
           Vnuc =  2.9213759257E+06
           Ven = -8.6835039527E+08
           Vrep =  8.6751811737E+08
           DelSqV =  9.3063364111E+10
           DelSqVen =  9.7239999775E+12
           DelSqVrep = -9.6309366134E+12
           DelSqG =  3.1067125883E+09
           DelSqK = -9.6170076699E+10
           Stress_EigVals = -2.7743006080E+05 -2.7742431289E+05 -2.7742352726E+05
           Stress_EigVec1 =  1.9758073088E-04 -6.9198716676E-02  9.9760287618E-01
           Stress_EigVec2 = -1.6263106820E-03  9.9760155415E-01  6.9198947073E-02
           Stress_EigVec3 =  9.9999865804E-01  1.6360845925E-03 -8.4568232080E-05
           -DivStress = -1.2973728733E+02  7.9821638418E+04  2.4215968015E+04
           ESP =  -2.1673722825E+01     ESP at Nucleus =  -2.1673722878E+01
           ESPe = -3.5121020448E+01     ESPe at Nucleus = -3.5121026667E+01
           ESPn =  1.3447297623E+01     ESPn at Nucleus =  1.3447303789E+01

CP# 9      Coords = -1.46518563331663E+00 -4.65518197226377E+00 -1.49813119777808E-01
           Type = (3,-3) NACP H9
           Rho =  3.7203115705E-01     Rho at Nucleus =  3.6233900187E-01
           GradRho =  1.2562260260E-13  9.5789695620E-14  1.1596409596E-14
           HessRho_EigVals = -7.2994333486E+00 -7.2878188540E+00 -5.6000180043E+00
           HessRho_EigVec1 = -5.9444774705E-01  8.0396269689E-01  1.6608974845E-02
           HessRho_EigVec2 = -4.9452877507E-02 -5.7165104198E-02  9.9713918977E-01
           HessRho_EigVec3 =  8.0261216595E-01  5.9192578325E-01  7.3739936170E-02
           DelSqRho = -2.0187270207E+01
           Bond Ellipticity = NA
           V = -5.0926851541E+00
           G =  2.2933801206E-02
           K =  5.0697513529E+00
           L =  5.0468175517E+00
           Vnuc =  3.2643027448E+01
           Ven = -1.2144223271E+01
           Vrep =  7.0515381168E+00
           DelSqV =  1.2089224139E+03
           DelSqVen =  6.5897361546E+02
           DelSqVrep =  5.4994879841E+02
           DelSqG =  9.3370885097E+01
           DelSqK = -1.3022932990E+03
           Stress_EigVals = -1.8452286470E+00 -1.8395587179E+00 -1.4078977892E+00
           Stress_EigVec1 = -1.3168412710E-02 -1.0495503441E-01  9.9438977954E-01
           Stress_EigVec2 = -5.9513353509E-01  7.9997225978E-01  7.6553634811E-02
           Stress_EigVec3 =  8.0351892842E-01  5.9078661489E-01  7.2996625526E-02
           -DivStress = -1.8558687345E+01 -1.3743483139E+01 -1.6965272566E+00
           ESP =  -3.7322716098E-01     ESP at Nucleus =  -3.7593350767E-01
           ESPe = -1.4903779966E+01     ESPe at Nucleus = -1.4704241858E+01
           ESPn =  1.4530552805E+01     ESPn at Nucleus =  1.4328308350E+01

CP# 10     Coords =  1.46510598259565E+00  4.65540256794443E+00  1.46608985750172E-01
           Type = (3,-3) NACP H10
           Rho =  3.7203589246E-01     Rho at Nucleus =  3.6234380532E-01
           GradRho = -1.2670073324E-13 -9.1090329724E-14 -1.1533742711E-14
           HessRho_EigVals = -7.2995437025E+00 -7.2879315754E+00 -5.6001372418E+00
           HessRho_EigVec1 = -5.9445713570E-01  8.0396933993E-01  1.5937824956E-02
           HessRho_EigVec2 = -4.9441965274E-02 -5.6325691320E-02  9.9718749920E-01
           HessRho_EigVec3 =  8.0260588453E-01  5.9199722715E-01  7.3233033314E-02
           DelSqRho = -2.0187612520E+01
           Bond Ellipticity = NA
           V = -5.0927718655E+00
           G =  2.2934367767E-02
           K =  5.0698374977E+00
           L =  5.0469031299E+00
           Vnuc =  3.2643119327E+01
           Ven = -1.2144412031E+01
           Vrep =  7.0516401660E+00
           DelSqV =  1.2089465120E+03
           DelSqVen =  6.5898664441E+02
           DelSqVrep =  5.4995986760E+02
           DelSqG =  9.3372814783E+01
           DelSqK = -1.3023193268E+03
           Stress_EigVals = -1.8452576265E+00 -1.8395864598E+00 -1.4079277791E+00
           Stress_EigVec1 = -1.2969905017E-02 -1.0436580523E-01  9.9445440331E-01
           Stress_EigVec2 = -5.9514662186E-01  7.9999668143E-01  7.6195854160E-02
           Stress_EigVec3 =  8.0351246415E-01  5.9085792574E-01  7.2488837394E-02
           -DivStress =  1.8558611661E+01  1.3745225881E+01  1.6847142438E+00
           ESP =  -3.7323032316E-01     ESP at Nucleus =  -3.7593665956E-01
           ESPe = -1.4903650633E+01     ESPe at Nucleus = -1.4704115081E+01
           ESPn =  1.4530420310E+01     ESPn at Nucleus =  1.4328178421E+01

CP# 11     Coords = -4.69396710207179E+00 -6.46609606546160E-01  1.33858497776694E+00
           Type = (3,-3) NACP H11
           Rho =  3.7041113974E-01     Rho at Nucleus =  3.6077677327E-01
           GradRho =  1.1228081832E-10  6.5705566205E-11 -1.3993503925E-10
           HessRho_EigVals = -7.2726951665E+00 -7.2592627111E+00 -5.5856121355E+00
           HessRho_EigVec1 = -8.0919121092E-01  2.2378866438E-01 -5.4325704585E-01
           HessRho_EigVec2 = -2.3387102097E-02  9.1162037014E-01  4.1036732837E-01
           HessRho_EigVec3 = -5.8707974554E-01 -3.4477084336E-01  7.3244142287E-01
           DelSqRho = -2.0117570013E+01
           Bond Ellipticity = NA
           V = -5.0752947161E+00
           G =  2.2951106388E-02
           K =  5.0523436097E+00
           L =  5.0293925033E+00
           Vnuc =  3.2531116685E+01
           Ven = -1.2049888008E+01
           Vrep =  6.9745932924E+00
           DelSqV =  1.2053192829E+03
           DelSqVen =  6.5444701764E+02
           DelSqVrep =  5.5087226522E+02
           DelSqG =  9.3123199380E+01
           DelSqK = -1.2984424822E+03
           Stress_EigVals = -1.8384084718E+00 -1.8328322368E+00 -1.4040540074E+00
           Stress_EigVec1 =  1.7194034436E-02  8.9936020795E-01  4.3687021131E-01
           Stress_EigVec2 =  8.1039714463E-01 -2.6845472776E-01  5.2075764720E-01
           Stress_EigVec3 = -5.8562857952E-01 -3.4508444690E-01  7.3345476436E-01
           -DivStress = -1.3547454936E+01 -7.9137281670E+00  1.6880118478E+01
           ESP =  -3.7101319616E-01     ESP at Nucleus =  -3.7369691228E-01
           ESPe = -1.4763111458E+01     ESPe at Nucleus = -1.4562103515E+01
           ESPn =  1.4392098261E+01     ESPn at Nucleus =  1.4188406603E+01

CP# 12     Coords =  1.48083094144331E+00 -4.65019496900315E+00 -1.50048166376789E-01
           Type = (3,-3) NACP H12
           Rho =  3.7202902571E-01     Rho at Nucleus =  3.6233686454E-01
           GradRho = -1.5009781612E-13  1.1038392422E-13  1.3925167443E-14
           HessRho_EigVals = -7.2993915875E+00 -7.2877752080E+00 -5.5999750394E+00
           HessRho_EigVec1 =  5.9172401744E-01  8.0597118638E-01  1.6526763579E-02
           HessRho_EigVec2 =  4.9798381722E-02 -5.7007307504E-02  9.9713102854E-01
           HessRho_EigVec3 =  8.0460102434E-01 -5.8920337204E-01 -7.3868653816E-02
           DelSqRho = -2.0187141835E+01
           Bond Ellipticity = NA
           V = -5.0926527811E+00
           G =  2.2933661203E-02
           K =  5.0697191199E+00
           L =  5.0467854587E+00
           Vnuc =  3.2643090320E+01
           Ven = -1.2144177088E+01
           Vrep =  7.0515243067E+00
           DelSqV =  1.2089138337E+03
           DelSqVen =  6.5897069422E+02
           DelSqVrep =  5.4994313953E+02
           DelSqG =  9.3370253204E+01
           DelSqK = -1.3022840870E+03
           Stress_EigVals = -1.8452176713E+00 -1.8395482038E+00 -1.4078869059E+00
           Stress_EigVec1 =  1.3683668484E-02 -1.0490908406E-01  9.9438767153E-01
           Stress_EigVec2 =  5.9243245530E-01  8.0198378066E-01  7.6457841060E-02
           Stress_EigVec3 =  8.0550390634E-01 -5.8806130602E-01 -7.3125626437E-02
           -DivStress =  1.8604831354E+01 -1.3680479202E+01 -1.6995038265E+00
           ESP =  -3.7322553480E-01     ESP at Nucleus =  -3.7593186357E-01
           ESPe = -1.4903906768E+01     ESPe at Nucleus = -1.4704370047E+01
           ESPn =  1.4530681233E+01     ESPn at Nucleus =  1.4328438183E+01

CP# 13     Coords =  4.69601384358813E+00 -6.31109380902809E-01  1.33890685038392E+00
           Type = (3,-3) NACP H13
           Rho =  3.7041496609E-01     Rho at Nucleus =  3.6078062512E-01
           GradRho = -1.1296364018E-10  6.5580320471E-11 -1.4057015968E-10
           HessRho_EigVals = -7.2727781530E+00 -7.2593458527E+00 -5.5856971009E+00
           HessRho_EigVec1 =  8.0852781700E-01  2.2643988359E-01 -5.4314615736E-01
           HessRho_EigVec2 = -2.0210710498E-02 -9.1176895050E-01 -4.1020593376E-01
           HessRho_EigVec3 =  5.8811078575E-01 -3.4264027789E-01  7.3261404822E-01
           DelSqRho = -2.0117821107E+01
           Bond Ellipticity = NA
           V = -5.0753588442E+00
           G =  2.2951783802E-02
           K =  5.0524070604E+00
           L =  5.0294552766E+00
           Vnuc =  3.2531184554E+01
           Ven = -1.2050037624E+01
           Vrep =  6.9746787794E+00
           DelSqV =  1.2053365565E+03
           DelSqVen =  6.5445655137E+02
           DelSqVrep =  5.5088000512E+02
           DelSqG =  9.3124541119E+01
           DelSqK = -1.2984610976E+03
           Stress_EigVals = -1.8384300009E+00 -1.8328534188E+00 -1.4040754245E+00
           Stress_EigVec1 = -2.0259733407E-02  8.9939925505E-01  4.3665835984E-01
           Stress_EigVec2 =  8.0957966867E-01  2.7103319829E-01 -5.2069354278E-01
           Stress_EigVec3 =  5.8666029632E-01 -3.4296061792E-01  7.3362641125E-01
           -DivStress =  1.3571168109E+01 -7.8646791079E+00  1.6884145805E+01
           ESP =  -3.7102936136E-01     ESP at Nucleus =  -3.7371309981E-01
           ESPe = -1.4763053709E+01     ESPe at Nucleus = -1.4562051587E+01
           ESPn =  1.4392024347E+01     ESPn at Nucleus =  1.4188338488E+01

CP# 14     Coords =  1.74175438452488E+00  2.62048828213825E-03  7.34633208864025E-04
           Type = (3,-1) BCP O2 Fe1
           Rho =  9.5187417998E-02
           GradRho = -6.1839856152E-14 -8.7278274885E-17 -2.3750803841E-17
           HessRho_EigVals = -1.2786297400E-01 -8.7346571324E-02  7.3336004001E-01
           HessRho_EigVec1 = -1.1048496393E-03  6.3810347760E-01  7.6994982381E-01
           HessRho_EigVec2 = -1.2837138161E-03  7.6994875430E-01 -6.3810443332E-01
           HessRho_EigVec3 =  9.9999856569E-01  1.6934046795E-03  3.1535353201E-05
           DelSqRho =  5.1815049469E-01
           Bond Ellipticity =  4.6385796328E-01
           V = -1.6814235360E-01
           G =  1.4883998864E-01
           K =  1.9302364964E-02
           L = -1.2953762367E-01
           Vnuc =  2.6327118933E+01
           Ven = -2.5060104745E+00
           Vrep =  2.3378681209E+00
           DelSqV = -2.1754068389E+00
           DelSqVen = -1.3641409699E+01
           DelSqVrep =  1.1466002860E+01
           DelSqG =  2.1989827472E+00
           DelSqK = -2.3575908355E-02
           Stress_EigVals = -9.5452108038E-02 -8.8365714744E-02  1.5675469181E-02
           Stress_EigVec1 =  8.6465847789E-04 -6.8742408945E-01  7.2625572191E-01
           Stress_EigVec2 = -1.2717906850E-03  7.2625465012E-01  6.8742458912E-01
           Stress_EigVec3 =  9.9999881746E-01  1.5180327610E-03  2.4629731330E-04
           -DivStress = -6.5460820394E-02 -9.3017799507E-05 -2.6508404703E-05
           ESP =   1.1812162659E+00
           ESPe = -2.5145902667E+01
           ESPn =  2.6327118933E+01
           BPL =  3.6336330371E+00 =  1.8918535098E+00 +  1.7417795273E+00                
           GBL_I =  3.6336314845E+00                                                      
           GBL_II =  3.6336288714E+00                                                     
           GBL_III =  3.6336315166E+00 =  1.8918535067E+00 +  1.7417780100E+00            
           GBL_IV =  3.6336289035E+00 =  1.8918508936E+00 +  1.7417780100E+00             

CP# 15     Coords =  4.53124336587388E+00  5.50215200408314E-01 -1.13235846543408E+00
           Type = (3,-1) BCP O2 H3
           Rho =  3.3184178394E-01
           GradRho =  1.3877787808E-17 -1.9418060909E-16  2.7061686225E-16
           HessRho_EigVals = -1.7920514207E+00 -1.7627678110E+00  9.4211810845E-01
           HessRho_EigVec1 = -8.0914073148E-01  2.4042937484E-01 -5.3617626988E-01
           HessRho_EigVec2 = -9.7097833676E-03  9.0686681023E-01  4.2130548134E-01
           HessRho_EigVec3 = -5.8753467708E-01 -3.4610158077E-01  7.3144835704E-01
           DelSqRho = -2.6127011233E+00
           Bond Ellipticity =  1.6612289837E-02
           V = -7.5401703751E-01
           G =  5.0420878350E-02
           K =  7.0359615916E-01
           L =  6.5317528081E-01
           Vnuc =  1.8570679040E+01
           Ven = -6.1625272616E+00
           Vrep =  5.4085102241E+00
           DelSqV =  4.4393660691E+00
           DelSqVen =  4.8519633988E+01
           DelSqVrep = -4.4080267919E+01
           DelSqG =  5.8788021188E+00
           DelSqK = -1.0318168188E+01
           Stress_EigVals = -4.9102297726E-01 -4.8083393362E-01  2.1783987337E-01
           Stress_EigVec1 =  7.8885669343E-03  9.0146762486E-01  4.3277464326E-01
           Stress_EigVec2 =  8.1024229140E-01 -2.5940211637E-01  5.2556443110E-01
           Stress_EigVec3 = -5.8604197779E-01 -3.4650636842E-01  7.3245350495E-01
           -DivStress =  5.7659140184E-01  3.3851182466E-01 -7.1541854306E-01
           ESP =   2.7359082230E+00
           ESPe = -1.5834770817E+01
           ESPn =  1.8570679040E+01
           BPL =  1.8233833091E+00 =  1.5449179307E+00 +  2.7846537838E-01                
           GBL_I =  1.8233024489E+00                                                      
           GBL_II =  1.8784306220E+00                                                     
           GBL_III =  1.8233143102E+00 =  1.5448489609E+00 +  2.7846534933E-01            
           GBL_IV =  1.8784451590E+00 =  1.5448504800E+00 +  3.3359467905E-01             

CP# 16     Coords = -2.97741561259487E-03  1.73925674954726E+00  4.82618776708988E-02
           Type = (3,-1) BCP O4 Fe1
           Rho =  1.0360932662E-01
           GradRho =  2.1315414711E-16 -1.2671461103E-13 -1.0078743395E-15
           HessRho_EigVals = -1.4757347411E-01 -1.4264486934E-01  8.0250218472E-01
           HessRho_EigVec1 = -1.2309145309E-03  1.5801352294E-02  9.9987439317E-01
           HessRho_EigVec2 =  9.9999783213E-01  1.6986990895E-03  1.2042213781E-03
           HessRho_EigVec3 = -1.6794573950E-03  9.9987370787E-01 -1.5803408992E-02
           DelSqRho =  5.1228384127E-01
           Bond Ellipticity =  3.4551574051E-02
           V = -1.7835535867E-01
           G =  1.5321315950E-01
           K =  2.5142199178E-02
           L = -1.2807096032E-01
           Vnuc =  2.6403865586E+01
           Ven = -2.7356867337E+00
           Vrep =  2.5573313750E+00
           DelSqV = -2.1782869503E+00
           DelSqVen = -1.3526273687E+01
           DelSqVrep =  1.1347986737E+01
           DelSqG =  2.2024959843E+00
           DelSqK = -2.4209033960E-02
           Stress_EigVals = -9.7543501746E-02 -9.5500995216E-02  1.4689138289E-02
           Stress_EigVec1 =  4.5662165104E-04 -1.1317050764E-02  9.9993585587E-01
           Stress_EigVec2 =  9.9999844658E-01  1.7075059637E-03 -4.3732506188E-04
           Stress_EigVec3 = -1.7024472073E-03  9.9993450225E-01  1.1317812868E-02
           -DivStress =  1.1994141415E-04 -7.0463369386E-02 -3.4741620251E-03
           ESP =   1.1917123434E+00
           ESPe = -2.5212153243E+01
           ESPn =  2.6403865586E+01
           BPL =  3.5957777205E+00 =  1.8517777205E+00 +  1.7440000000E+00                
           GBL_I =  3.5912894772E+00                                                      
