 AIMInt (Version 19.02.13, Professional)
 Portions Copyright (c) 1997-2019 by Todd A. Keith
 AIMInt is a component of the AIMAll package ( http://aim.tkgristmill.com )

 TP:  64-bit Linux

 Licensed To:  Research Group of Fernando Cortes Guzman, UNAM, fercor@unam.mx

 AIMInt is a heavily modified and extended version of the PROAIMV program
 developed by members of R.F.W. Bader's research group

 Much of the Quantum Theory of Atoms in Molecules (QTAIM) is described in the book:
   "Atoms in Molecules - A Quantum Theory"
   R.F.W. Bader, Oxford University Press, Oxford, 1990

 For additional references see:  http://aim.tkgristmill.com/references.html

 Current Directory:  /home/scratch/M_H2O_4_tetraedrico/Opt

 Inp File:  Cu2_tetraedrico_cc-pvtz-def2-tzv_1_atomicfiles/cu1.inp
 Wfx File:  Cu2_tetraedrico_cc-pvtz-def2-tzv_1.wfx
 Out File:  Cu2_tetraedrico_cc-pvtz-def2-tzv_1_atomicfiles/cu1.int

 Wfx Title:   Cu2_tetraedrico_cc-pvtz-def2-tzv_1                                            
 Job Title:   Cu2_tetraedrico_cc-pvtz-def2-tzv_1                                            
 
<Atom>
Cu1     
</Atom>
<Nuclei of Molecule>
    13
Cu1       29.0          -1.9554166519E-03   1.3405400532E-02  -1.0789577590E-03
O2         8.0           1.1047066851E+00  -2.4631969353E+00  -2.1460453538E+00
H3         1.0           4.1588566072E-01  -4.1723165403E+00  -2.3346623396E+00
O4         8.0           2.3160365156E+00   2.5780414348E+00   9.2175134063E-02
H5         1.0           1.9596249982E+00   4.3855137759E+00   3.0163043221E-01
O6         8.0          -3.9450705877E-01  -1.3015804187E+00   3.1731699946E+00
H7         1.0          -1.9823702586E+00  -2.0190716033E+00   3.8068413141E+00
O8         8.0          -3.0340572983E+00   1.2403563686E+00  -1.1236164185E+00
H9         1.0          -3.9147075832E+00   2.7976679039E+00  -6.3989968645E-01
H10        1.0          -4.2276708124E+00   3.1941705188E-01  -2.2016175507E+00
H11        1.0           4.1655029412E+00   2.4611460861E+00   9.0649047930E-02
H12        1.0           9.8691723736E-01  -2.1153889299E+00   4.1040289810E+00
H13        1.0           2.7160941507E+00  -2.4746879549E+00  -3.0611472746E+00
</Nuclei of Molecule>
<Total Number of CPs of DelSqRho>
    52
</Total Number of CPs of DelSqRho>
<Number of (3,+3) CPs of DelSqRho>
     8
</Number of (3,+3) CPs of DelSqRho>
<Number of (3,+1) CPs of DelSqRho>
    18
</Number of (3,+1) CPs of DelSqRho>
<Number of (3,-1) CPs of DelSqRho>
    18
</Number of (3,-1) CPs of DelSqRho>
<Number of (3,-3) CPs of DelSqRho>
     8
</Number of (3,-3) CPs of DelSqRho>
<Number of Degenerate CPs of DelSqRho>
     0
</Number of Degenerate CPs of DelSqRho>
<CP of DelSqRho>
CP# = 1       
Type = (3,+3)
Coords = -1.95541665104932E-03  1.34054005423493E-02 -1.07895776826007E-03
DistFromNuc =  1.3979829687E-11
Rho =  1.6510644436E+04
DelSqRho = -1.2809958991E+10
GradDelSqRho =  2.6792960241E-02  1.0633751750E-02  1.1222738773E-02
HessDelSqRho_EigVals =  1.6483734522E+17  1.6483734523E+17  1.6483734523E+17
HessDelSqRho_EigVec1 =  1.3871596385E-01  9.3816556590E-01 -3.1718015752E-01
HessDelSqRho_EigVec2 =  9.6065390814E-01 -4.9650984642E-02  2.7327431000E-01
HessDelSqRho_EigVec3 = -2.4062824056E-01  3.4260786721E-01  9.0813980156E-01
</CP of DelSqRho>
<CP of DelSqRho>
CP# = 2       
Type = (3,-1)
Coords = -1.35514449919888E-01  5.36422431275018E-02 -6.51059753942470E-03
DistFromNuc =  1.3959413161E-01
Rho =  1.5493032100E+02
DelSqRho = -1.2626075287E+04
GradDelSqRho =  0.0000000000E+00  2.9103830457E-11  5.8207660913E-11
HessDelSqRho_EigVals = -1.3480766712E+05 -5.8834570767E+04  3.2282466571E+07
HessDelSqRho_EigVec1 = -2.2269850147E-01 -6.4134538404E-01  7.3422168029E-01
HessDelSqRho_EigVec2 =  1.8709214040E-01  7.1101962533E-01  6.7782565856E-01
HessDelSqRho_EigVec3 =  9.5676638133E-01 -2.8831786412E-01  3.8352324444E-02
</CP of DelSqRho>
<CP of DelSqRho>
CP# = 3       
Type = (3,-1)
Coords =  1.63469485546063E-01  1.92577130986215E-01 -4.24063862826894E-02
DistFromNuc =  2.4733754994E-01
Rho =  3.8699385406E+01
DelSqRho =  3.7239163270E+03
GradDelSqRho =  0.0000000000E+00 -1.6370904632E-11 -1.5916157281E-12
HessDelSqRho_EigVals = -1.6196389925E+06 -2.0344485966E+03  2.8029562040E+04
HessDelSqRho_EigVec1 =  6.6902808139E-01  7.2466782202E-01 -1.6509989112E-01
HessDelSqRho_EigVec2 =  6.7275387198E-01 -6.8487245723E-01 -2.7991417445E-01
HessDelSqRho_EigVec3 =  3.1591716327E-01 -7.6198852071E-02  9.4572198922E-01
</CP of DelSqRho>
<CP of DelSqRho>
CP# = 4       
Type = (3,-1)
Coords =  2.26224923760437E-01  7.39744916433094E-02  7.26947059761148E-02
DistFromNuc =  2.4734072857E-01
Rho =  3.8468007696E+01
DelSqRho =  3.8457753481E+03
GradDelSqRho =  1.6370904632E-11  3.9790393203E-12 -1.4324541553E-11
HessDelSqRho_EigVals = -1.6293700771E+06 -2.2495474985E+04  1.5139975624E+03
HessDelSqRho_EigVec1 =  9.2141069370E-01  2.4932470854E-01  2.9805959681E-01
HessDelSqRho_EigVec2 = -1.2337968995E-01 -5.3963304083E-01  8.3281068278E-01
HessDelSqRho_EigVec3 = -3.6848308733E-01  8.0413516958E-01  4.6646204926E-01
</CP of DelSqRho>
<CP of DelSqRho>
CP# = 5       
Type = (3,-3)
Coords = -3.54200836939365E-02 -1.12277781374738E-01  2.08464349223865E-01
DistFromNuc =  2.4662632393E-01
Rho =  3.7764041067E+01
DelSqRho =  4.1008820236E+03
GradDelSqRho =  4.5474735089E-13  1.1141310097E-11 -1.5688783606E-11
HessDelSqRho_EigVals = -1.6672370469E+06 -4.9015888593E+04 -3.9273252778E+04
HessDelSqRho_EigVec1 = -1.3555144737E-01 -5.0902047454E-01  8.5001409495E-01
HessDelSqRho_EigVec2 =  5.9172959474E-01 -7.2970700819E-01 -3.4261314758E-01
HessDelSqRho_EigVec3 =  7.9465834912E-01  4.5653678789E-01  4.0011532023E-01
</CP of DelSqRho>
<CP of DelSqRho>
CP# = 6       
Type = (3,-3)
Coords = -1.70347039010796E-01  1.79112263187245E-01  7.20488446195851E-02
DistFromNuc =  2.4730988313E-01
Rho =  3.8161267413E+01
DelSqRho =  3.9173494648E+03
GradDelSqRho =  1.8189894035E-11 -1.0913936421E-11 -4.1836756282E-11
HessDelSqRho_EigVals = -1.6359182759E+06 -3.6452361859E+04 -3.3616180709E+03
HessDelSqRho_EigVec1 =  6.8369897559E-01 -6.6818615947E-01 -2.9339898955E-01
HessDelSqRho_EigVec2 = -1.0811892633E-01 -4.9035617024E-01  8.6478964152E-01
HessDelSqRho_EigVec3 =  7.2171047418E-01  5.5953380827E-01  4.0749958142E-01
</CP of DelSqRho>
<CP of DelSqRho>
CP# = 7       
Type = (3,-3)
Coords =  1.32043636391186E-01 -1.73355669301388E-01 -9.12102987761027E-02
DistFromNuc =  2.4689897135E-01
Rho =  3.8372414882E+01
DelSqRho =  3.9277773702E+03
GradDelSqRho =  3.6379788071E-12  1.0913936421E-11  1.8189894035E-11
HessDelSqRho_EigVals = -1.6465774518E+06 -3.7500631024E+04 -4.7606283192E+03
HessDelSqRho_EigVec1 = -5.4041026263E-01  7.5737983442E-01  3.6651403038E-01
HessDelSqRho_EigVec2 =  1.0029196572E-01  4.9047632739E-01 -8.6566419233E-01
HessDelSqRho_EigVec3 =  8.3540305821E-01  4.3105540095E-01  3.4101755329E-01
</CP of DelSqRho>
<CP of DelSqRho>
CP# = 8       
Type = (3,+1)
Coords =  1.36141290879092E-01 -4.56105340277408E-03 -9.05748164706239E-03
DistFromNuc =  1.3948889182E-01
Rho =  1.5543925507E+02
DelSqRho = -1.2910237318E+04
GradDelSqRho =  5.8207660913E-11  5.8207660913E-11  2.9103830457E-11
HessDelSqRho_EigVals = -8.2757228057E+04  6.8822175888E+04  3.2529587425E+07
HessDelSqRho_EigVec1 = -9.5942030682E-03 -4.6234819606E-01  8.8664654562E-01
HessDelSqRho_EigVec2 =  1.4104045154E-01  8.7719736794E-01  4.5894702168E-01
HessDelSqRho_EigVec3 =  9.8995734368E-01 -1.2945626007E-01 -5.6793788661E-02
</CP of DelSqRho>
<CP of DelSqRho>
CP# = 9       
Type = (3,+1)
Coords = -1.09798010059140E-01  2.19908412651569E-01 -8.56332864742218E-02
DistFromNuc =  2.4783654588E-01
Rho =  3.8460157253E+01
DelSqRho =  3.6766035448E+03
GradDelSqRho =  3.6379788071E-12  7.2759576142E-12 -5.9117155615E-12
HessDelSqRho_EigVals = -1.6041953003E+06  3.1765482742E+03  4.1197820996E+04
HessDelSqRho_EigVec1 = -4.3706875807E-01  8.3183165491E-01 -3.4209209083E-01
HessDelSqRho_EigVec2 =  7.1994780690E-01  5.5153656851E-01  4.2128680128E-01
HessDelSqRho_EigVec3 = -5.3911599500E-01  6.2157151524E-02  8.3993477869E-01
</CP of DelSqRho>
<CP of DelSqRho>
CP# = 10      
Type = (3,+3)
Coords = -3.50759480791647E-02  1.45718431090534E-01 -3.04522479390695E-02
DistFromNuc =  1.3952239187E-01
Rho =  1.5544632555E+02
DelSqRho = -1.3058349604E+04
GradDelSqRho =  2.9103830457E-11 -5.8207660913E-11  0.0000000000E+00
HessDelSqRho_EigVals =  5.9998053142E+04  1.2417548349E+05  3.2455851005E+07
HessDelSqRho_EigVec1 =  7.8170833097E-01  3.1493489084E-01  5.3828254646E-01
HessDelSqRho_EigVec2 = -5.7671226428E-01  3.6555998172E-02  8.1612904814E-01
HessDelSqRho_EigVec3 = -2.3735005691E-01  9.4840902227E-01 -2.1020294232E-01
</CP of DelSqRho>
<CP of DelSqRho>
CP# = 11      
Type = (3,-3)
Coords =  3.18183188751178E-02  1.39938739690193E-01 -2.10419888821477E-01
DistFromNuc =  2.4693111701E-01
Rho =  3.7596670713E+01
DelSqRho =  4.0935037452E+03
GradDelSqRho =  2.5011104299E-12  1.5177192836E-11 -2.3874235922E-12
HessDelSqRho_EigVals = -1.6590885068E+06 -4.8286469673E+04 -3.7869261329E+04
HessDelSqRho_EigVec1 = -1.3690911574E-01 -5.1310242635E-01  8.4733806365E-01
HessDelSqRho_EigVec2 =  5.8396907030E-01 -7.3275312659E-01 -3.4936081693E-01
HessDelSqRho_EigVec3 =  8.0014749825E-01  4.4698854074E-01  3.9995652951E-01
</CP of DelSqRho>
<CP of DelSqRho>
CP# = 12      
Type = (3,+3)
Coords =  9.83191330907179E-02 -5.45029637122118E-02  6.81484067356888E-02
DistFromNuc =  1.3949537360E-01
Rho =  1.5564486160E+02
DelSqRho = -1.3123816084E+04
GradDelSqRho =  7.2759576142E-12 -2.9103830457E-11 -5.8207660913E-11
HessDelSqRho_EigVals =  6.1692967266E+04  1.3803631110E+05  3.2523857681E+07
HessDelSqRho_EigVec1 =  3.4311582649E-01  8.6948865944E-01  3.5533223991E-01
HessDelSqRho_EigVec2 =  6.0410970884E-01  8.5400069225E-02 -7.9231198897E-01
HessDelSqRho_EigVec3 =  7.1925168703E-01 -4.8651443893E-01  4.9596442556E-01
</CP of DelSqRho>
<CP of DelSqRho>
CP# = 13      
Type = (3,+1)
Coords =  8.08453407198891E-02  1.18025402343111E-01 -4.21074280806674E-02
DistFromNuc =  1.3958741196E-01
Rho =  1.5508545222E+02
DelSqRho = -1.2828432993E+04
GradDelSqRho =  5.8207660913E-11 -5.8207660913E-11  2.9103830457E-11
HessDelSqRho_EigVals = -6.9229659870E+04  8.5955031567E+04  3.2302435398E+07
HessDelSqRho_EigVec1 = -7.0737169225E-01  6.5954038765E-01  2.5422778381E-01
HessDelSqRho_EigVec2 =  3.8510634900E-01  5.8006276972E-02  9.2104743189E-01
HessDelSqRho_EigVec3 =  5.9272117303E-01  7.4942761418E-01 -2.9502518901E-01
</CP of DelSqRho>
<CP of DelSqRho>
CP# = 14      
Type = (3,-1)
Coords = -2.12133475778584E-01 -8.85246279092651E-02  8.18665941785006E-02
DistFromNuc =  2.4788003514E-01
Rho =  3.8421974763E+01
DelSqRho =  3.7092745839E+03
GradDelSqRho = -1.3642420527E-12 -7.9580786405E-12 -1.1368683772E-12
HessDelSqRho_EigVals = -1.6059094547E+06 -1.0785772880E+03  3.0604129390E+04
HessDelSqRho_EigVec1 =  8.4870142455E-01  4.0856560176E-01 -3.3582739766E-01
HessDelSqRho_EigVec2 = -1.7449566063E-01  8.1575132745E-01  5.5145356666E-01
HessDelSqRho_EigVec3 =  4.9925660374E-01 -4.0941900399E-01  7.6362223828E-01
</CP of DelSqRho>
<CP of DelSqRho>
CP# = 15      
Type = (3,+1)
Coords = -8.80911241704265E-02  8.86732844147822E-02  2.18952441689709E-01
DistFromNuc =  2.4798877232E-01
Rho =  3.8415447449E+01
DelSqRho =  3.6701397948E+03
GradDelSqRho = -1.8189894035E-12 -3.6379788071E-12 -3.6379788071E-12
HessDelSqRho_EigVals = -1.5999583445E+06  3.9677119486E+03  4.0747129579E+04
HessDelSqRho_EigVec1 = -3.4728841664E-01  3.0126730070E-01  8.8804772912E-01
HessDelSqRho_EigVec2 =  9.1936219814E-01  2.9603666679E-01  2.5910507629E-01
HessDelSqRho_EigVec3 =  1.8483480275E-01 -9.0642170398E-01  3.7978387307E-01
</CP of DelSqRho>
<CP of DelSqRho>
CP# = 16      
Type = (3,-1)
Coords = -1.46322376752049E-01  1.07818392358229E-02 -2.02262063348596E-01
DistFromNuc =  2.4763550678E-01
Rho =  3.8513437294E+01
DelSqRho =  3.7308505391E+03
GradDelSqRho =  6.3664629124E-12  4.0927261580E-12 -8.5265128291E-13
HessDelSqRho_EigVals = -1.6130597011E+06 -4.3174049258E+03  2.6528625216E+04
HessDelSqRho_EigVec1 =  5.8440439519E-01  9.1243012140E-03  8.1141127057E-01
HessDelSqRho_EigVec2 =  5.1698160858E-01 -7.7492014593E-01 -3.6363275956E-01
HessDelSqRho_EigVec3 =  6.2546104537E-01  6.3199328680E-01 -4.5758383512E-01
</CP of DelSqRho>
<CP of DelSqRho>
CP# = 17      
Type = (3,+3)
Coords =  3.20465366610897E-01  4.23841393572191E-01 -6.63689416949396E-02
DistFromNuc =  5.2599966527E-01
Rho =  6.5194920693E+00
DelSqRho = -8.8756216248E+01
GradDelSqRho = -1.2789769244E-12 -1.0231815395E-12  4.1211478674E-13
HessDelSqRho_EigVals =  1.5927059376E+02  1.2442254829E+03  2.0181552060E+04
HessDelSqRho_EigVec1 = -7.5356046778E-01  6.2516918395E-01  2.0324889383E-01
HessDelSqRho_EigVec2 =  2.3418277200E-01 -3.3603887441E-02  9.7161165496E-01
HessDelSqRho_EigVec3 =  6.1425161839E-01  7.7976552257E-01 -1.2108129133E-01
</CP of DelSqRho>
<CP of DelSqRho>
CP# = 18      
Type = (3,+1)
Coords =  1.33025102256172E-01 -1.68260044261263E-01  1.00245434651249E-01
DistFromNuc =  2.4796916505E-01
Rho =  3.8410036152E+01
DelSqRho =  3.6739807656E+03
GradDelSqRho = -1.8189894035E-12  3.6379788071E-12  3.6379788071E-12
HessDelSqRho_EigVals = -1.6011270194E+06  3.4875085982E+03  4.0616951495E+04
HessDelSqRho_EigVec1 = -5.4226926022E-01  7.3450024264E-01 -4.0798706228E-01
HessDelSqRho_EigVec2 = -5.9957398840E-01 -6.7845521634E-01 -4.2451095610E-01
HessDelSqRho_EigVec3 = -5.8860435086E-01  1.4419188027E-02  8.0829264822E-01
</CP of DelSqRho>
<CP of DelSqRho>
CP# = 19      
Type = (3,-1)
Coords = -1.79029885355977E-01 -1.16650042262036E-01 -1.15381215334184E-01
DistFromNuc =  2.4765861938E-01
Rho =  3.8325896433E+01
DelSqRho =  3.8358020125E+03
GradDelSqRho =  4.0927261580E-12 -1.5688783606E-11 -1.2221335055E-11
HessDelSqRho_EigVals = -1.6210210310E+06 -2.1509394852E+04  2.3270000028E+03
HessDelSqRho_EigVec1 =  7.1542623420E-01  5.2321398164E-01  4.6304690133E-01
HessDelSqRho_EigVec2 = -1.7685557831E-01 -5.0554310538E-01  8.4448106730E-01
HessDelSqRho_EigVec3 = -6.7593447008E-01  6.8605633735E-01  2.6914548881E-01
</CP of DelSqRho>
<CP of DelSqRho>
CP# = 20      
Type = (3,-1)
Coords =  1.30994193363510E-01  3.08145045876564E-02  2.07192353240745E-01
DistFromNuc =  2.4770065541E-01
Rho =  3.8486687947E+01
DelSqRho =  3.7296217064E+03
GradDelSqRho = -1.1368683772E-11  4.0927261580E-12 -9.6633812063E-12
HessDelSqRho_EigVals = -1.6115686197E+06 -5.3990694216E+03  2.7534890270E+04
HessDelSqRho_EigVec1 =  5.3591392298E-01  7.1913288411E-02  8.4120434265E-01
HessDelSqRho_EigVec2 =  6.2074628930E-01 -7.0890174235E-01 -3.3486170879E-01
HessDelSqRho_EigVec3 =  5.7225021754E-01  7.0163152626E-01 -4.2455022069E-01
</CP of DelSqRho>
<CP of DelSqRho>
CP# = 21      
Type = (3,+1)
Coords =  9.04933697936005E-02 -5.67618931834470E-02 -2.19962080636638E-01
DistFromNuc =  2.4774997216E-01
Rho =  3.8526199370E+01
DelSqRho =  3.6754002223E+03
GradDelSqRho =  0.0000000000E+00  0.0000000000E+00  3.6379788071E-12
HessDelSqRho_EigVals = -1.6059076413E+06  2.7861529421E+03  4.1501952502E+04
HessDelSqRho_EigVec1 = -3.7310188577E-01  2.8587022634E-01  8.8265123153E-01
HessDelSqRho_EigVec2 =  9.0669226023E-01  3.1407459160E-01  2.8154270752E-01
HessDelSqRho_EigVec3 = -1.9673364755E-01  9.0533715521E-01 -3.7637814405E-01
</CP of DelSqRho>
<CP of DelSqRho>
CP# = 22      
Type = (3,-1)
Coords =  4.81322843632506E-01 -2.27918077675341E-01 -6.83053151199504E-02
DistFromNuc =  5.4434757382E-01
Rho =  5.6550482606E+00
DelSqRho = -4.5400664010E+01
GradDelSqRho =  6.5369931690E-13 -9.3791641120E-13 -2.6290081223E-13
HessDelSqRho_EigVals = -1.1787872328E+03 -1.5840394752E+02  1.4416969612E+04
HessDelSqRho_EigVec1 = -1.4534571078E-01 -5.2579990122E-01  8.3809849554E-01
HessDelSqRho_EigVec2 =  4.3842084941E-01  7.2515658464E-01  5.3097559883E-01
HessDelSqRho_EigVec3 =  8.8693956004E-01 -4.4461488012E-01 -1.2512324009E-01
</CP of DelSqRho>
<CP of DelSqRho>
CP# = 23      
Type = (3,+1)
Coords = -5.35611602783276E-01  3.16499123717032E-02 -5.43018889902000E-02
DistFromNuc =  5.3661389063E-01
Rho =  6.0352531748E+00
DelSqRho = -6.0357154413E+01
GradDelSqRho = -7.6738615462E-13 -2.9842794902E-13 -5.6843418861E-14
HessDelSqRho_EigVals = -9.2057407531E+02  2.1566695786E+02  1.6687344844E+04
HessDelSqRho_EigVec1 = -1.0471727652E-01 -5.1422689644E-01  8.5123732941E-01
HessDelSqRho_EigVec2 = -2.1043723587E-02  8.5689736852E-01  5.1505733809E-01
HessDelSqRho_EigVec3 =  9.9427936401E-01 -3.6022198631E-02  1.0055320736E-01
</CP of DelSqRho>
<CP of DelSqRho>
CP# = 24      
Type = (3,+1)
Coords =  3.52609716880134E-01  3.11349724517386E-01  2.67278628681395E-01
DistFromNuc =  5.3525979516E-01
Rho =  6.1295686163E+00
DelSqRho = -6.3457171036E+01
GradDelSqRho = -3.6948222260E-13 -8.6686213763E-13 -7.8159700934E-13
HessDelSqRho_EigVals = -7.9847903620E+02  2.3220124078E+02  1.7091005285E+04
HessDelSqRho_EigVec1 = -2.0680665717E-01 -5.0427282862E-01  8.3841512442E-01
HessDelSqRho_EigVec2 = -7.1958209303E-01  6.5901127891E-01  2.1887381220E-01
HessDelSqRho_EigVec3 =  6.6289713979E-01  5.5804394861E-01  4.9915361711E-01
</CP of DelSqRho>
<CP of DelSqRho>
CP# = 25      
Type = (3,+1)
Coords =  1.00077029024916E-02 -4.55469191554951E-01 -2.66130650022373E-01
DistFromNuc =  5.3873824712E-01
Rho =  5.9167243625E+00
DelSqRho = -5.5694107534E+01
GradDelSqRho = -6.5369931690E-13 -1.4210854715E-12 -7.5317529991E-13
HessDelSqRho_EigVals = -1.0721889101E+03  1.2279969952E+02  1.6059596631E+04
HessDelSqRho_EigVec1 = -1.1598361561E-01 -4.9230709430E-01  8.6265956542E-01
HessDelSqRho_EigVec2 =  9.9295291362E-01 -3.6189045898E-02  1.1284885594E-01
HessDelSqRho_EigVec3 = -2.4337465756E-02  8.6966894728E-01  4.9303510007E-01
</CP of DelSqRho>
<CP of DelSqRho>
CP# = 26      
Type = (3,-1)
Coords = -7.90976991737189E-02 -2.73957792416375E-01  4.69903526956120E-01
DistFromNuc =  5.5709338295E-01
Rho =  4.9816899767E+00
DelSqRho = -2.2396021124E+01
GradDelSqRho = -9.9475983006E-14  3.5527136788E-15  3.0908609006E-13
HessDelSqRho_EigVals = -1.3819617922E+03 -1.0338116820E+03  1.1359949184E+04
HessDelSqRho_EigVec1 =  5.8007946978E-01 -7.3440643699E-01 -3.5235634528E-01
HessDelSqRho_EigVec2 =  8.0273711043E-01  4.4197523872E-01  4.0033863153E-01
HessDelSqRho_EigVec3 = -1.3827848815E-01 -5.1507773556E-01  8.4591606324E-01
</CP of DelSqRho>
<CP of DelSqRho>
CP# = 27      
Type = (3,-1)
Coords =  7.32905549430486E-02  2.96250169222825E-01 -4.79588889576235E-01
DistFromNuc =  5.6092323384E-01
Rho =  4.8741004317E+00
DelSqRho = -1.7737964504E+01
GradDelSqRho = -3.5527136788E-13 -3.9790393203E-13  1.3358203432E-12
HessDelSqRho_EigVals = -1.3948297706E+03 -1.1425932174E+03  1.0485921140E+04
HessDelSqRho_EigVec1 =  6.0412510882E-01 -7.2376574048E-01 -3.3346065105E-01
HessDelSqRho_EigVec2 =  7.8549784340E-01  4.7034467363E-01  4.0220520385E-01
HessDelSqRho_EigVec3 = -1.3426090610E-01 -5.0491488480E-01  8.5266345541E-01
</CP of DelSqRho>
<CP of DelSqRho>
CP# = 28      
Type = (3,+3)
Coords = -3.19678040895395E-01  9.23810943074651E-02  4.12106421647141E-01
DistFromNuc =  5.2716883815E-01
Rho =  6.3879547034E+00
DelSqRho = -8.8252054487E+01
GradDelSqRho = -1.9895196601E-13  2.6290081223E-13  2.2737367544E-13
HessDelSqRho_EigVals =  5.9071900529E+01  1.6918111924E+03  1.9734589119E+04
HessDelSqRho_EigVec1 =  7.3463734004E-01  4.8704730263E-01  4.7232711506E-01
HessDelSqRho_EigVec2 =  3.1078674749E-01 -8.6041747033E-01  4.0384820706E-01
HessDelSqRho_EigVec3 = -6.0309168142E-01  1.4988896478E-01  7.8346264878E-01
</CP of DelSqRho>
<CP of DelSqRho>
CP# = 29      
Type = (3,-1)
Coords = -2.42482018591501E-01  4.50849334540063E-01  2.22458413313114E-01
DistFromNuc =  5.4697275792E-01
Rho =  5.5405001801E+00
DelSqRho = -4.0667096895E+01
GradDelSqRho =  2.8421709430E-14 -6.1106675275E-13 -1.5276668819E-13
HessDelSqRho_EigVals = -1.2827939367E+03 -2.6779763708E+02  1.3708613359E+04
HessDelSqRho_EigVec1 =  1.0689686103E-01  4.9804074087E-01 -8.6053964553E-01
HessDelSqRho_EigVec2 =  8.9129431036E-01  3.3557498565E-01  3.0493258488E-01
HessDelSqRho_EigVec3 = -4.4064442969E-01  7.9959042605E-01  4.0802896606E-01
</CP of DelSqRho>
<CP of DelSqRho>
CP# = 30      
Type = (3,-1)
Coords = -3.29488992741631E-01 -3.38249356981396E-01 -2.49235659083926E-01
DistFromNuc =  5.4085216128E-01
Rho =  5.8638142479E+00
DelSqRho = -5.2649812597E+01
GradDelSqRho = -3.1121771826E-12 -2.1955770535E-12 -1.6200374375E-12
HessDelSqRho_EigVals = -8.4342927327E+02 -1.2203004871E+02  1.5342982561E+04
HessDelSqRho_EigVec1 = -1.2914267481E-01 -4.9012079237E-01  8.6203467357E-01
HessDelSqRho_EigVec2 =  7.8559019774E-01 -5.8104939467E-01 -2.1267261736E-01
HessDelSqRho_EigVec3 =  6.0511999700E-01  6.4974087900E-01  4.6007236322E-01
</CP of DelSqRho>
<CP of DelSqRho>
CP# = 31      
Type = (3,+3)
Coords =  1.56059084156438E-01 -4.68476497641487E-01  1.39304433775342E-01
DistFromNuc =  5.2619981269E-01
Rho =  6.4381324149E+00
DelSqRho = -9.0769553910E+01
GradDelSqRho = -2.4868995752E-13  5.6843418861E-13 -2.5579538487E-13
HessDelSqRho_EigVals =  2.4295037961E+02  1.6461359057E+03  2.0104403392E+04
HessDelSqRho_EigVec1 =  8.2096753936E-01  3.8990966198E-01  4.1711240070E-01
HessDelSqRho_EigVec2 = -4.8544519916E-01  9.2058189781E-02  8.6940683705E-01
HessDelSqRho_EigVec3 = -3.0059151341E-01  9.1624000414E-01 -2.6485655905E-01
</CP of DelSqRho>
<CP of DelSqRho>
CP# = 32      
Type = (3,+3)
Coords = -3.35584326686857E-01  3.34883190574821E-01 -2.48417276560174E-01
DistFromNuc =  5.2519754669E-01
Rho =  6.5213617286E+00
DelSqRho = -9.2414664494E+01
GradDelSqRho =  7.1054273576E-14 -2.8421709430E-13  4.5474735089E-13
HessDelSqRho_EigVals =  2.4431971859E+02  1.6338024269E+03  2.0452900176E+04
HessDelSqRho_EigVec1 =  4.5580022803E-01  7.9093551461E-01  4.0824889940E-01
HessDelSqRho_EigVec2 =  6.2058342418E-01  4.6402516757E-02 -7.8276626145E-01
HessDelSqRho_EigVec3 =  6.3806141222E-01 -6.1013754037E-01  4.6969119224E-01
</CP of DelSqRho>
<CP of DelSqRho>
CP# = 33      
Type = (3,+3)
Coords =  1.77328864630398E-01 -1.56105842570356E-01 -4.65119518384860E-01
DistFromNuc =  5.2555737742E-01
Rho =  6.4960731851E+00
DelSqRho = -9.1882258734E+01
GradDelSqRho = -2.2382096176E-13  2.4158453016E-13  8.5265128291E-14
HessDelSqRho_EigVals =  2.4683995427E+02  1.6633624892E+03  2.0303319772E+04
HessDelSqRho_EigVec1 = -9.2263335353E-01 -2.9610387149E-01 -2.4712383988E-01
HessDelSqRho_EigVec2 = -1.8053991233E-01  8.9779882167E-01 -4.0169965879E-01
HessDelSqRho_EigVec3 = -3.4081231640E-01  3.2600578691E-01  8.8179770463E-01
</CP of DelSqRho>
<CP of DelSqRho>
CP# = 34      
Type = (3,+1)
Coords =  3.39855087090599E-01 -6.62793542234072E-02  3.97356009397365E-01
DistFromNuc =  5.3097504994E-01
Rho =  6.2407363414E+00
DelSqRho = -7.7464350825E+01
GradDelSqRho = -5.6843418861E-13  4.8316906032E-13 -9.9475983006E-13
HessDelSqRho_EigVals = -1.8580573822E+02  1.0677798110E+03  1.8409936280E+04
HessDelSqRho_EigVec1 = -2.5472857110E-01  8.8351882163E-01  3.9307486168E-01
HessDelSqRho_EigVec2 =  7.2135889158E-01  4.4432382050E-01 -5.3124165130E-01
HessDelSqRho_EigVec3 =  6.4401452204E-01 -1.4822561979E-01  7.5051612976E-01
</CP of DelSqRho>
<CP of DelSqRho>
CP# = 35      
Type = (3,+1)
Coords = -1.27012780221772E-04  5.32554728892587E-01 -9.88881727940966E-02
DistFromNuc =  5.2828591761E-01
Rho =  6.3574943616E+00
DelSqRho = -8.4938835818E+01
GradDelSqRho = -5.6843418861E-14  8.5265128291E-14 -5.0448534239E-13
HessDelSqRho_EigVals = -1.6146043608E+02  1.6149859047E+03  1.9337476403E+04
HessDelSqRho_EigVec1 =  9.6131718334E-01  4.5589815578E-02  2.7164469758E-01
HessDelSqRho_EigVec2 = -2.7539290438E-01  1.7803515705E-01  9.4470219174E-01
HessDelSqRho_EigVec3 =  5.2935076974E-03  9.8296747229E-01 -1.8370336743E-01
</CP of DelSqRho>
<CP of DelSqRho>
CP# = 36      
Type = (3,+1)
Coords =  4.43786574303522E-01  1.19970859487245E-01 -2.64825940199202E-01
DistFromNuc =  5.2877650316E-01
Rho =  6.3451446118E+00
DelSqRho = -8.3357700449E+01
GradDelSqRho =  8.3844042820E-13  2.2737367544E-13 -7.1054273576E-14
HessDelSqRho_EigVals = -1.7505509223E+02  1.4678742209E+03  1.9169659504E+04
HessDelSqRho_EigVec1 =  1.5685612857E-01  7.9241153160E-01  5.8947444349E-01
HessDelSqRho_EigVec2 =  5.1309495245E-01 -5.7537578179E-01  6.3692721680E-01
HessDelSqRho_EigVec3 =  8.4387779014E-01  2.0255042415E-01 -4.9683357473E-01
</CP of DelSqRho>
<CP of DelSqRho>
CP# = 37      
Type = (3,+1)
Coords = -2.56335554807643E-01 -4.85854216486470E-02 -4.62154612411573E-01
DistFromNuc =  5.3022907883E-01
Rho =  6.3035903964E+00
DelSqRho = -7.8966274217E+01
GradDelSqRho =  1.7053025658E-13  3.9790393203E-13  5.6843418861E-14
HessDelSqRho_EigVals = -3.0162732512E+02  1.1855786402E+03  1.8672290183E+04
HessDelSqRho_EigVec1 = -7.0032252927E-01  6.4749524735E-01  3.0049668827E-01
HessDelSqRho_EigVec2 =  5.2703484167E-01  7.5293620173E-01 -3.9410829957E-01
HessDelSqRho_EigVec3 =  4.8143808601E-01  1.1763069663E-01  8.6855074034E-01
</CP of DelSqRho>
<CP of DelSqRho>
CP# = 38      
Type = (3,+1)
Coords = -3.43306048577856E-01 -3.82381084516995E-01  9.88117909223415E-02
DistFromNuc =  5.3211404542E-01
Rho =  6.1795689491E+00
DelSqRho = -7.4918600216E+01
GradDelSqRho = -3.4106051316E-13  3.9790393203E-13 -5.0803805607E-13
HessDelSqRho_EigVals = -2.5292385354E+02  1.0479537448E+03  1.7998299877E+04
HessDelSqRho_EigVec1 = -6.9881164803E-01  6.6782405579E-01  2.5626804538E-01
HessDelSqRho_EigVec2 =  3.1540036364E-01 -3.3882103855E-02  9.4835363323E-01
HessDelSqRho_EigVec3 =  6.4201627020E-01  7.4354760005E-01 -1.8695474121E-01
</CP of DelSqRho>
<CP of DelSqRho>
CP# = 39      
Type = (3,-1)
Coords =  8.21851936925751E-01  1.12542370736670E-01  1.78893336869056E-01
DistFromNuc =  8.4904459335E-01
Rho =  1.8332431759E+00
DelSqRho =  1.5117497689E+01
GradDelSqRho = -1.1368683772E-13 -3.0531133177E-14 -3.9523939677E-14
HessDelSqRho_EigVals = -6.7422022493E+02 -3.7191523382E+01  3.8188327428E+00
HessDelSqRho_EigVec1 =  9.7253333258E-01  9.2528579236E-02  2.1358225358E-01
HessDelSqRho_EigVec2 = -1.3939684063E-01 -5.0331811447E-01  8.5278332328E-01
HessDelSqRho_EigVec3 = -1.8640664646E-01  8.5913289873E-01  4.7659545160E-01
</CP of DelSqRho>
<CP of DelSqRho>
CP# = 40      
Type = (3,-1)
Coords = -7.15275914915424E-01 -4.24854038959620E-01  2.59833400853737E-01
DistFromNuc =  8.7691090107E-01
Rho =  1.6853511657E+00
DelSqRho =  1.2648474361E+01
GradDelSqRho =  2.1067592115E-12  1.2319034681E-12 -9.7610808325E-13
HessDelSqRho_EigVals = -5.4581315224E+02 -1.4988306383E+00  3.5636242470E+01
HessDelSqRho_EigVec1 =  8.0927362247E-01  5.1186599007E-01 -2.8821764724E-01
HessDelSqRho_EigVec2 = -3.2105504370E-01  7.9628215165E-01  5.1269717561E-01
HessDelSqRho_EigVec3 =  4.9193481569E-01 -3.2237857121E-01  8.0874729919E-01
</CP of DelSqRho>
<CP of DelSqRho>
CP# = 41      
Type = (3,+1)
Coords = -2.60914930339662E-01  8.24330483281819E-01 -2.48686527020538E-01
DistFromNuc =  8.8654894277E-01
Rho =  1.6306586720E+00
DelSqRho =  1.2092715984E+01
GradDelSqRho =  2.7089441801E-12 -2.3092638912E-12  1.7186252421E-12
HessDelSqRho_EigVals = -5.1319808915E+02  6.6418140188E+00  4.3036988050E+01
HessDelSqRho_EigVec1 = -2.8507134742E-01  9.1912867032E-01 -2.7191324771E-01
HessDelSqRho_EigVec2 =  8.3512758501E-01  3.7740140763E-01  4.0016258481E-01
HessDelSqRho_EigVec3 =  4.7042134692E-01 -1.1300736665E-01 -8.7517603454E-01
</CP of DelSqRho>
<CP of DelSqRho>
CP# = 42      
Type = (3,-1)
Coords =  4.44267106383119E-01  8.57749240447850E-02  7.49706726163711E-01
DistFromNuc =  8.7637379649E-01
Rho =  1.6901374564E+00
DelSqRho =  1.2980462554E+01
GradDelSqRho = -3.5527136788E-14  3.7303493627E-14  0.0000000000E+00
HessDelSqRho_EigVals = -5.5687964994E+02 -6.7435993128E+00  3.3459128727E+01
HessDelSqRho_EigVec1 =  5.1575318692E-01  7.6669599581E-02  8.5329972617E-01
HessDelSqRho_EigVec2 =  6.4182422263E-01 -6.9432013898E-01 -3.2554755698E-01
HessDelSqRho_EigVec3 =  5.6750358363E-01  7.1557062342E-01 -4.0730623057E-01
</CP of DelSqRho>
<CP of DelSqRho>
CP# = 43      
Type = (3,-1)
Coords = -5.62223280025605E-01  1.57244313494267E-01 -6.62670729250448E-01
DistFromNuc =  8.7880224381E-01
Rho =  1.6766535370E+00
DelSqRho =  1.3079197426E+01
GradDelSqRho =  1.0302869669E-13 -1.6875389974E-14  8.5265128291E-14
HessDelSqRho_EigVals = -5.5560629981E+02 -4.6811701511E+00  3.1947702892E+01
HessDelSqRho_EigVec1 =  6.2618036766E-01 -1.5157792441E-01  7.6480211819E-01
HessDelSqRho_EigVec2 =  2.6551494459E-01 -8.8083251608E-01 -3.9196414736E-01
HessDelSqRho_EigVec3 =  7.3307568597E-01  4.4850664594E-01 -5.1131382457E-01
</CP of DelSqRho>
<CP of DelSqRho>
CP# = 44      
Type = (3,-3)
Coords = -5.70018483754710E-01  5.78313516969997E-01  2.44900605930803E-01
DistFromNuc =  8.3804699986E-01
Rho =  1.8500571006E+00
DelSqRho =  1.6180934948E+01
GradDelSqRho =  2.9309887850E-14  3.7303493627E-14  2.8421709430E-14
HessDelSqRho_EigVals = -7.2680833211E+02 -6.2410021173E+01 -3.9150940250E+00
HessDelSqRho_EigVec1 = -6.6268652507E-01  6.8305473455E-01  3.0705504247E-01
HessDelSqRho_EigVec2 = -1.2924959878E-01 -5.0817278307E-01  8.5150159352E-01
HessDelSqRho_EigVec3 =  7.3765921041E-01  5.2459189105E-01  4.2504380613E-01
</CP of DelSqRho>
<CP of DelSqRho>
CP# = 45      
Type = (3,+1)
Coords = -3.70772547805820E-01  2.61484978367370E-01  7.66392790398900E-01
DistFromNuc =  8.8689482882E-01
Rho =  1.6282318918E+00
DelSqRho =  1.2092031637E+01
GradDelSqRho =  3.5527136788E-15 -2.3092638912E-14  3.9079850467E-14
HessDelSqRho_EigVals = -5.1197775671E+02  3.8639069392E+00  4.3119973357E+01
HessDelSqRho_EigVec1 = -4.1616547174E-01  2.9393368329E-01  8.6047038877E-01
HessDelSqRho_EigVec2 =  8.8040772810E-01  3.6686322679E-01  3.0048894343E-01
HessDelSqRho_EigVec3 = -2.2735112146E-01  8.8261790297E-01 -4.1145729416E-01
</CP of DelSqRho>
<CP of DelSqRho>
CP# = 46      
Type = (3,+1)
Coords =  4.87174699722320E-01 -6.22522823325171E-01  3.75968766337820E-01
DistFromNuc =  8.8646374031E-01
Rho =  1.6293011819E+00
DelSqRho =  1.2073307309E+01
GradDelSqRho =  8.5265128291E-14 -2.4868995752E-14  6.2172489379E-14
HessDelSqRho_EigVals = -5.1303976958E+02  4.2738575235E+00  4.3420028959E+01
HessDelSqRho_EigVec1 = -5.6394359819E-01  7.0630435179E-01 -4.2790393864E-01
HessDelSqRho_EigVec2 = -5.7212000824E-01 -7.0782042391E-01 -4.1432951098E-01
HessDelSqRho_EigVec3 = -5.9552188392E-01  1.1153929638E-02  8.0326164830E-01
</CP of DelSqRho>
<CP of DelSqRho>
CP# = 47      
Type = (3,-1)
Coords =  5.62344107038514E-01  6.65593756552080E-01 -1.80451182530042E-01
DistFromNuc =  8.8088478201E-01
Rho =  1.6664056610E+00
DelSqRho =  1.3333486307E+01
GradDelSqRho =  1.4210854715E-14  2.4868995752E-14  3.5527136788E-15
HessDelSqRho_EigVals = -5.5915017295E+02 -7.9141806691E+00  2.9653557643E+01
HessDelSqRho_EigVec1 =  6.3777526043E-01  7.3908118190E-01 -2.1679880936E-01
HessDelSqRho_EigVec2 =  6.9101464599E-01 -6.7338149330E-01 -2.6278531829E-01
HessDelSqRho_EigVec3 =  3.4020798963E-01 -1.7786822309E-02  9.4018197853E-01
</CP of DelSqRho>
<CP of DelSqRho>
CP# = 48      
Type = (3,-3)
Coords =  4.33135125991201E-01 -6.32390891212971E-01 -3.24862210310006E-01
DistFromNuc =  8.4332213617E-01
Rho =  1.8230049560E+00
DelSqRho =  1.6444911279E+01
GradDelSqRho = -8.8817841970E-15  1.7230661342E-13 -1.5987211555E-14
HessDelSqRho_EigVals = -7.2547009609E+02 -6.0804016872E+01 -6.9306902076E+00
HessDelSqRho_EigVec1 = -5.2725303110E-01  7.6252002598E-01  3.7492326038E-01
HessDelSqRho_EigVec2 =  1.2566012380E-01  5.0635852878E-01 -8.5311814752E-01
HessDelSqRho_EigVec3 =  8.4036526254E-01  4.0269622585E-01  3.6279742998E-01
</CP of DelSqRho>
<CP of DelSqRho>
CP# = 49      
Type = (3,+1)
Coords =  5.62500423743856E-01 -9.18878587117412E-02 -6.76596026744361E-01
DistFromNuc =  8.8657790221E-01
Rho =  1.6295159690E+00
DelSqRho =  1.2216138734E+01
GradDelSqRho = -9.6989083431E-13  1.8474111130E-13  1.3056222770E-12
HessDelSqRho_EigVals = -5.1667933168E+02  2.8636109066E+00  4.3443996926E+01
HessDelSqRho_EigVec1 = -6.4208269173E-01  1.0583722511E-01  7.5929460604E-01
HessDelSqRho_EigVec2 =  6.8303414930E-01  5.2872817250E-01  5.0389569407E-01
HessDelSqRho_EigVec3 = -3.4812952744E-01  8.4216684890E-01 -4.1177764721E-01
</CP of DelSqRho>
<CP of DelSqRho>
CP# = 50      
Type = (3,-3)
Coords =  1.08286351853451E-01  4.26577692015130E-01 -6.87920641756571E-01
DistFromNuc =  8.0908348695E-01
Rho =  1.8912005179E+00
DelSqRho =  1.9204697462E+01
GradDelSqRho =  4.4408920985E-14  9.7699626167E-14 -3.1974423109E-14
HessDelSqRho_EigVals = -8.5095211440E+02 -1.0305650346E+02 -7.9198240893E+01
HessDelSqRho_EigVec1 = -1.3549466865E-01 -5.0651282075E-01  8.5151979260E-01
HessDelSqRho_EigVec2 = -5.8180547119E-01  7.3633420376E-01  3.4541907021E-01
HessDelSqRho_EigVec3 =  8.0196233606E-01  4.4861643169E-01  3.9446128929E-01
</CP of DelSqRho>
<CP of DelSqRho>
CP# = 51      
Type = (3,-3)
Coords = -1.12140570849974E-01 -4.00340300020446E-01  6.91339094037700E-01
DistFromNuc =  8.1410627770E-01
Rho =  1.8581760052E+00
DelSqRho =  1.9292532786E+01
GradDelSqRho = -7.1054273576E-15  6.3948846218E-14  7.1054273576E-15
HessDelSqRho_EigVals = -8.5082371404E+02 -9.7969034453E+01 -7.6110145208E+01
HessDelSqRho_EigVec1 = -1.3620294672E-01 -5.1241922894E-01  8.4786513734E-01
HessDelSqRho_EigVec2 = -6.1523202629E-01  7.1455443621E-01  3.3301878555E-01
HessDelSqRho_EigVec3 =  7.7649102451E-01  4.7627564656E-01  4.1258114033E-01
</CP of DelSqRho>
<CP of DelSqRho>
CP# = 52      
Type = (3,-1)
Coords = -5.92037320861922E-01 -4.52449435703258E-01 -3.93585442080880E-01
DistFromNuc =  8.4810301400E-01
Rho =  1.8462398183E+00
DelSqRho =  1.4903328133E+01
GradDelSqRho = -2.4868995752E-14  2.8421709430E-14  2.4868995752E-14
HessDelSqRho_EigVals = -6.6914597247E+02 -3.4912221012E+01  4.4381533134E+00
HessDelSqRho_EigVec1 =  6.9432108354E-01  5.5755056556E-01  4.5503362492E-01
HessDelSqRho_EigVec2 =  1.6001835512E-01  4.9685074787E-01 -8.5295572005E-01
HessDelSqRho_EigVec3 = -7.0164974096E-01  6.6503887193E-01  2.5575562522E-01
</CP of DelSqRho>
<Path of -GradDelSqRho>
Starting CP# =      8
Ending CP# =     12
Number of Points =     34
  1.3614129088E-01 -4.5610534028E-03 -9.0574816471E-03  1.5543925507E+02 -1.2910237318E+04
  1.3503876926E-01 -5.4652788412E-03 -6.9975361314E-03  1.5718576229E+02 -1.2891208146E+04
  1.3503197078E-01 -5.7077464494E-03 -6.5368704186E-03  1.5717377519E+02 -1.2891606530E+04
  1.3502282387E-01 -5.9940485175E-03 -5.9938436288E-03  1.5715729400E+02 -1.2892155273E+04
  1.3501032552E-01 -6.3259357729E-03 -5.3654700092E-03  1.5713567590E+02 -1.2892881471E+04
  1.3499312503E-01 -6.7036260525E-03 -4.6516543243E-03  1.5710864134E+02 -1.2893804520E+04
  1.3496952610E-01 -7.1263339587E-03 -3.8541603195E-03  1.5707631028E+02 -1.2894935359E+04
  1.3493751202E-01 -7.5930303272E-03 -2.9751673111E-03  1.5703912711E+02 -1.2896278944E+04
  1.3489475438E-01 -8.1031245501E-03 -2.0159920697E-03  1.5699773881E+02 -1.2897838310E+04
  1.3483857621E-01 -8.6569149709E-03 -9.7625789684E-04  1.5695289320E+02 -1.2899618472E+04
  1.3476586073E-01 -9.2558197213E-03  1.4652092786E-04  1.5690538733E+02 -1.2901629383E+04
  1.3467290845E-01 -9.9024705230E-03  1.3570983760E-03  1.5685606394E+02 -1.2903888065E+04
  1.3455524732E-01 -1.0600741929E-02  2.6625359094E-03  1.5680584164E+02 -1.2906420329E+04
  1.3440740057E-01 -1.1355749025E-02  4.0721819069E-03  1.5675576326E+02 -1.2909262510E+04
  1.3422262203E-01 -1.2173805655E-02  5.5975734173E-03  1.5670704649E+02 -1.2912463448E+04
  1.3399262487E-01 -1.3062299178E-02  7.2521737173E-03  1.5666111518E+02 -1.2916086705E+04
  1.3370735859E-01 -1.4029409084E-02  9.0508042982E-03  1.5661957842E+02 -1.2920212744E+04
  1.3335492623E-01 -1.5083587114E-02  1.1008611925E-02  1.5658411326E+02 -1.2924940291E+04
  1.3292175525E-01 -1.6232749700E-02  1.3139477602E-02  1.5655621735E+02 -1.2930385563E+04
  1.3239310324E-01 -1.7483225682E-02  1.5453958066E-02  1.5653685537E+02 -1.2936677477E+04
  1.3175387833E-01 -1.8838618302E-02  1.7957083784E-02  1.5652612970E+02 -1.2943946810E+04
  1.3098965577E-01 -2.0298783561E-02  2.0646425305E-02  1.5652317846E+02 -1.2952307984E+04
  1.3008780304E-01 -2.1859043367E-02  2.3510664707E-02  1.5652642107E+02 -1.2961834114E+04
  1.2903877520E-01 -2.3509647667E-02  2.6528676432E-02  1.5653404003E+02 -1.2972528823E+04
  1.2783769556E-01 -2.5235524234E-02  2.9669147284E-02  1.5654442243E+02 -1.2984301306E+04
  1.2648613777E-01 -2.7016470493E-02  3.2891003253E-02  1.5655635585E+02 -1.2996952395E+04
  1.2499370645E-01 -2.8827976893E-02  3.6145018578E-02  1.5656898674E+02 -1.3010178225E+04
  1.2337884172E-01 -3.0642748987E-02  3.9376776106E-02  1.5658168387E+02 -1.3023594535E+04
  1.2166837846E-01 -3.2432781192E-02  4.2530733908E-02  1.5659393135E+02 -1.3036779245E+04
  1.1989572473E-01 -3.4171638010E-02  4.5554749698E-02  1.5660529078E+02 -1.3049325005E+04
  1.1809793664E-01 -3.5836507917E-02  4.8404210708E-02  1.5661541242E+02 -1.3060889252E+04
  1.1631229015E-01 -3.7409653449E-02  5.1045005936E-02  1.5662406088E+02 -1.3071229716E+04
  1.1457305786E-01 -3.8879061644E-02  5.3454916710E-02  1.5663113002E+02 -1.3080218554E+04
  9.8319133091E-02 -5.4502963712E-02  6.8148406736E-02  1.5564486160E+02 -1.3123816084E+04
</Path of -GradDelSqRho>
<Path of -GradDelSqRho>
Starting CP# =      8
Ending CP# =      0
Number of Points =    400
  1.3614129088E-01 -4.5610534028E-03 -9.0574816471E-03  1.5543925507E+02 -1.2910237318E+04
  1.3507907617E-01 -3.3830039694E-03 -1.0989916394E-02  1.5718315749E+02 -1.2891097435E+04
  1.3508220792E-01 -3.1465929664E-03 -1.1447687604E-02  1.5716965429E+02 -1.2891488558E+04
  1.3508472150E-01 -2.8701441644E-03 -1.1983969949E-02  1.5715165548E+02 -1.2892019907E+04
  1.3508570104E-01 -2.5531633592E-03 -1.2600096182E-02  1.5712868701E+02 -1.2892712152E+04
  1.3508388671E-01 -2.1966644261E-03 -1.3294475334E-02  1.5710065028E+02 -1.2893577326E+04
  1.3507773063E-01 -1.8026117780E-03 -1.4063655827E-02  1.5706782070E+02 -1.2894618685E+04
  1.3506547965E-01 -1.3732373526E-03 -1.4903654375E-02  1.5703075005E+02 -1.2895833261E+04
  1.3504523995E-01 -9.1049622613E-04 -1.5811032903E-02  1.5699013893E+02 -1.2897215410E+04
  1.3501499976E-01 -4.1576498019E-04 -1.6783511659E-02  1.5694673586E+02 -1.2898759802E+04
  1.3497261207E-01  1.1025113058E-04 -1.7820178075E-02  1.5690128195E+02 -1.2900463304E+04
  1.3491575080E-01  6.6748217490E-04 -1.8921445077E-02  1.5685449399E+02 -1.2902325874E+04
  1.3484185461E-01  1.2563935592E-03 -2.0088886040E-02  1.5680707013E+02 -1.2904350822E+04
  1.3474806950E-01  1.8778561514E-03 -2.1325014620E-02  1.5675970501E+02 -1.2906544726E+04
  1.3463119970E-01  2.5329962086E-03 -2.2633030030E-02  1.5671310437E+02 -1.2908917150E+04
  1.3448767741E-01  3.2230208788E-03 -2.4016520430E-02  1.5666799244E+02 -1.2911480209E+04
  1.3431356424E-01  3.9490099143E-03 -2.5479105871E-02  1.5662510616E+02 -1.2914247934E+04
  1.3410460015E-01  4.7116664374E-03 -2.7024004652E-02  1.5658517167E+02 -1.2917235334E+04
  1.3385631543E-01  5.5110287782E-03 -2.8653522295E-02  1.5654886077E+02 -1.2920457073E+04
  1.3356421609E-01  6.3461608398E-03 -3.0368489548E-02  1.5651673000E+02 -1.2923925661E+04
  1.3322404019E-01  7.2148566828E-03 -3.2167708881E-02  1.5648915295E+02 -1.2927649183E+04
  1.3283206520E-01  8.1134087382E-03 -3.4047494906E-02  1.5646626381E+02 -1.2931628703E+04
  1.3238542998E-01  9.0364895181E-03 -3.6001397091E-02  1.5644793279E+02 -1.2935855657E+04
  1.3188242828E-01  9.9771799767E-03 -3.8020165345E-02  1.5643378667E+02 -1.2940309688E+04
  1.3132273755E-01  1.0927149570E-02 -4.0091970429E-02  1.5642327218E+02 -1.2944957426E+04
  1.3070756086E-01  1.1876966258E-02 -4.2202844395E-02  1.5641574363E+02 -1.2949752648E+04
  1.3003967336E-01  1.2816499100E-02 -4.4337279345E-02  1.5641054972E+02 -1.2954638012E+04
  1.2932337137E-01  1.3735372238E-02 -4.6478917243E-02  1.5640709885E+02 -1.2959548280E+04
  1.2856432560E-01  1.4623431181E-02 -4.8611268468E-02  1.5640489504E+02 -1.2964414622E+04
  1.2776934534E-01  1.5471185335E-02 -5.0718403077E-02  1.5640354730E+02 -1.2969169371E+04
