 AIMInt (Version 19.02.13, Professional)
 Portions Copyright (c) 1997-2019 by Todd A. Keith
 AIMInt is a component of the AIMAll package ( http://aim.tkgristmill.com )

 TP:  64-bit Linux

 Licensed To:  Research Group of Fernando Cortes Guzman, UNAM, fercor@unam.mx

 AIMInt is a heavily modified and extended version of the PROAIMV program
 developed by members of R.F.W. Bader's research group

 Much of the Quantum Theory of Atoms in Molecules (QTAIM) is described in the book:
   "Atoms in Molecules - A Quantum Theory"
   R.F.W. Bader, Oxford University Press, Oxford, 1990

 For additional references see:  http://aim.tkgristmill.com/references.html

 Current Directory:  /home/scratch/M_H2O_4_tetraedrico/Opt

 Inp File:  Cu2_tetraedrico_cc-pvtz-def2-tzv_1_atomicfiles/o2.inp
 Wfx File:  Cu2_tetraedrico_cc-pvtz-def2-tzv_1.wfx
 Out File:  Cu2_tetraedrico_cc-pvtz-def2-tzv_1_atomicfiles/o2.int

 Wfx Title:   Cu2_tetraedrico_cc-pvtz-def2-tzv_1                                            
 Job Title:   Cu2_tetraedrico_cc-pvtz-def2-tzv_1                                            
 
<Atom>
O2      
</Atom>
<Nuclei of Molecule>
    13
Cu1       29.0          -1.9554166519E-03   1.3405400532E-02  -1.0789577590E-03
O2         8.0           1.1047066851E+00  -2.4631969353E+00  -2.1460453538E+00
H3         1.0           4.1588566072E-01  -4.1723165403E+00  -2.3346623396E+00
O4         8.0           2.3160365156E+00   2.5780414348E+00   9.2175134063E-02
H5         1.0           1.9596249982E+00   4.3855137759E+00   3.0163043221E-01
O6         8.0          -3.9450705877E-01  -1.3015804187E+00   3.1731699946E+00
H7         1.0          -1.9823702586E+00  -2.0190716033E+00   3.8068413141E+00
O8         8.0          -3.0340572983E+00   1.2403563686E+00  -1.1236164185E+00
H9         1.0          -3.9147075832E+00   2.7976679039E+00  -6.3989968645E-01
H10        1.0          -4.2276708124E+00   3.1941705188E-01  -2.2016175507E+00
H11        1.0           4.1655029412E+00   2.4611460861E+00   9.0649047930E-02
H12        1.0           9.8691723736E-01  -2.1153889299E+00   4.1040289810E+00
H13        1.0           2.7160941507E+00  -2.4746879549E+00  -3.0611472746E+00
</Nuclei of Molecule>
<Total Number of CPs of DelSqRho>
    34
</Total Number of CPs of DelSqRho>
<Number of (3,+3) CPs of DelSqRho>
     5
</Number of (3,+3) CPs of DelSqRho>
<Number of (3,+1) CPs of DelSqRho>
    14
</Number of (3,+1) CPs of DelSqRho>
<Number of (3,-1) CPs of DelSqRho>
    10
</Number of (3,-1) CPs of DelSqRho>
<Number of (3,-3) CPs of DelSqRho>
     5
</Number of (3,-3) CPs of DelSqRho>
<Number of Degenerate CPs of DelSqRho>
     0
</Number of Degenerate CPs of DelSqRho>
<CP of DelSqRho>
CP# = 1       
Type = (3,+3)
Coords =  1.10470686262780E+00 -2.46319722263671E+00 -2.14604546081479E+00
DistFromNuc =  3.5428906149E-07
Rho =  2.9728826895E+02
DelSqRho = -3.3293214428E+06
GradDelSqRho = -8.7526109382E-06 -1.7643026695E-05  1.1249553381E-05
HessDelSqRho_EigVals =  1.3239992780E+11  1.3239994709E+11  1.3239995452E+11
HessDelSqRho_EigVec1 =  5.0603002592E-01 -3.5520140447E-01  7.8598064552E-01
HessDelSqRho_EigVec2 =  3.6245138252E-01 -7.3932759085E-01 -5.6747132854E-01
HessDelSqRho_EigVec3 =  7.8266379000E-01  5.7203730269E-01 -2.4537871983E-01
</CP of DelSqRho>
<CP of DelSqRho>
CP# = 2       
Type = (3,-1)
Coords =  6.01451967124372E-01 -1.35704092646313E+00 -1.30342481895956E+00
DistFromNuc =  1.4788021480E+00
Rho =  1.5036457409E-01
DelSqRho =  4.4288251519E-01
GradDelSqRho = -6.1062266354E-16  5.1347814889E-16  6.9388939039E-16
HessDelSqRho_EigVals = -6.8510125684E-01 -5.9293404019E-01  4.6843288442E+00
HessDelSqRho_EigVec1 =  6.2910676057E-01 -3.4171103338E-01  6.9818210624E-01
HessDelSqRho_EigVec2 =  7.0996050576E-01  6.1832324818E-01 -3.3709411300E-01
HessDelSqRho_EigVec3 = -3.1651345006E-01  7.0774990669E-01  6.3159267373E-01
</CP of DelSqRho>
<CP of DelSqRho>
CP# = 3       
Type = (3,+1)
Coords =  6.77965450958412E-01 -3.52225525195921E+00 -2.26031433681024E+00
DistFromNuc =  1.1475059910E+00
Rho =  4.1906125921E-01
DelSqRho = -9.9203126372E-01
GradDelSqRho = -3.9274139496E-15 -4.8849813084E-15 -9.4368957093E-16
HessDelSqRho_EigVals = -3.2521112202E+01  1.5250825967E+01  1.6192453105E+01
HessDelSqRho_EigVec1 =  3.7036580885E-01  9.2291033084E-01  1.0519357809E-01
HessDelSqRho_EigVec2 =  5.3414409185E-01 -3.0425453842E-01  7.8874537399E-01
HessDelSqRho_EigVec3 =  7.5994687760E-01 -2.3593579018E-01 -6.0565257874E-01
</CP of DelSqRho>
<CP of DelSqRho>
CP# = 4       
Type = (3,+1)
Coords =  2.10447610829797E+00 -2.47040272629241E+00 -2.70952081313974E+00
DistFromNuc =  1.1476477753E+00
Rho =  4.1813658169E-01
DelSqRho = -9.8349134494E-01
GradDelSqRho = -7.8825834748E-15 -6.6613381478E-16  3.1086244690E-15
HessDelSqRho_EigVals = -3.2375949800E+01  1.5159847980E+01  1.6105604266E+01
HessDelSqRho_EigVec1 =  8.6790273592E-01 -8.3885076132E-03 -4.9666334062E-01
HessDelSqRho_EigVec2 =  4.6412190614E-01 -3.4262037457E-01  8.1682442126E-01
HessDelSqRho_EigVec3 =  1.7701891768E-01  9.3943648634E-01  2.9346787033E-01
</CP of DelSqRho>
<CP of DelSqRho>
CP# = 5       
Type = (3,+1)
Coords =  1.20399224875668E+00 -2.55560288643275E+00 -2.04576667202377E+00
DistFromNuc =  1.6867808685E-01
Rho =  2.2497151167E+01
DelSqRho =  1.2254049731E+03
GradDelSqRho = -1.0984990695E-11  1.7674750552E-11 -1.1880274542E-11
HessDelSqRho_EigVals = -4.0467934236E+05  2.7235705560E+03  3.7793690169E+03
HessDelSqRho_EigVec1 =  5.8767896847E-01 -5.4509409159E-01  5.9791793863E-01
HessDelSqRho_EigVec2 = -2.0180190665E-01  6.1689119315E-01  7.6073730439E-01
HessDelSqRho_EigVec3 = -7.8352372044E-01 -5.6773029435E-01  2.5253295306E-01
</CP of DelSqRho>
<CP of DelSqRho>
CP# = 6       
Type = (3,-1)
Coords =  1.04328784474090E+00 -2.33346157782146E+00 -2.06101140985757E+00
DistFromNuc =  1.6683617282E-01
Rho =  2.2769197496E+01
DelSqRho =  1.2960820805E+03
GradDelSqRho =  6.9633188104E-12 -1.2704504115E-11 -1.7109869077E-11
HessDelSqRho_EigVals = -4.5411187861E+05 -3.5155172934E+03  2.4604089109E+02
HessDelSqRho_EigVec1 = -3.6887758813E-01  7.7789722877E-01  5.0872903047E-01
HessDelSqRho_EigVec2 =  4.8512685628E-01 -3.0573060515E-01  8.1925620559E-01
HessDelSqRho_EigVec3 =  7.9283116633E-01  5.4900336842E-01 -2.6460166886E-01
</CP of DelSqRho>
<CP of DelSqRho>
CP# = 7       
Type = (3,+1)
Coords =  1.04230175351398E+00 -2.44501129335807E+00 -2.30103641441685E+00
DistFromNuc =  1.6806939613E-01
Rho =  2.2627042749E+01
DelSqRho =  1.2397781472E+03
GradDelSqRho = -1.0572875908E-11  2.2666313271E-12 -2.2822632673E-11
HessDelSqRho_EigVals = -4.1887351252E+05  2.1105467788E+03  3.2722165388E+03
HessDelSqRho_EigVec1 =  3.7397430312E-01 -1.1252285017E-01  9.2058776268E-01
HessDelSqRho_EigVec2 =  4.9376977550E-01 -8.1608213748E-01 -3.0033540199E-01
HessDelSqRho_EigVec3 =  7.8506982455E-01  5.6687613557E-01 -2.4963336618E-01
</CP of DelSqRho>
<CP of DelSqRho>
CP# = 8       
Type = (3,-3)
Coords =  1.12795273417584E+00 -2.30377080619977E+00 -2.10208035030942E+00
DistFromNuc =  1.6700296696E-01
Rho =  2.2710332181E+01
DelSqRho =  1.2966498126E+03
GradDelSqRho =  1.6910917111E-12 -8.5833562480E-12 -9.5212726592E-12
HessDelSqRho_EigVals = -4.5037043205E+05 -3.7182403666E+03 -4.0782927152E+02
HessDelSqRho_EigVec1 =  1.3594114884E-01  9.5494058755E-01  2.6383418715E-01
HessDelSqRho_EigVec2 =  5.1599806313E-01 -2.9558053045E-01  8.0397646039E-01
HessDelSqRho_EigVec3 =  8.4573400245E-01  2.6844445895E-02 -5.3292905046E-01
</CP of DelSqRho>
<CP of DelSqRho>
CP# = 9       
Type = (3,-1)
Coords =  1.15061309472904E+00 -2.57718541401928E+00 -2.26173993323616E+00
DistFromNuc =  1.6877798265E-01
Rho =  2.2341888826E+01
DelSqRho =  1.2520250630E+03
GradDelSqRho = -2.9203306440E-12  3.3679725675E-12  5.6843418861E-12
HessDelSqRho_EigVals = -4.0705442770E+05 -1.8077887312E+03  1.5541606410E+03
HessDelSqRho_EigVec1 = -2.7060448883E-01  6.7425525733E-01  6.8713394516E-01
HessDelSqRho_EigVec2 =  5.5920987122E-01 -4.7090184038E-01  6.8230182226E-01
HessDelSqRho_EigVec3 =  7.8361823011E-01  5.6888602082E-01 -2.4962204382E-01
</CP of DelSqRho>
<CP of DelSqRho>
CP# = 10      
Type = (3,-3)
Coords =  9.72863068264490E-01 -2.41876664311106E+00 -2.05366322123447E+00
DistFromNuc =  1.6700673217E-01
Rho =  2.2708000944E+01
DelSqRho =  1.2968675544E+03
GradDelSqRho =  1.3841372493E-11  5.8548721427E-12 -3.4390268411E-12
HessDelSqRho_EigVals = -4.5032279472E+05 -3.7391842056E+03 -4.5774199679E+02
HessDelSqRho_EigVec1 =  7.8879947560E-01 -2.6927019404E-01 -5.5252959187E-01
HessDelSqRho_EigVec2 =  4.6019851824E-01 -3.3716673653E-01  8.2130135491E-01
HessDelSqRho_EigVec3 =  4.0744657453E-01  9.0211537753E-01  1.4203920066E-01
</CP of DelSqRho>
<CP of DelSqRho>
CP# = 11      
Type = (3,-1)
Coords =  1.54371459140512E+00 -1.89650225783487E+00 -2.16127964723539E+00
DistFromNuc =  7.1700968122E-01
Rho =  6.6937882916E-01
DelSqRho = -9.7398354763E-01
GradDelSqRho =  1.2878587086E-14  2.9976021665E-14 -1.7763568394E-15
HessDelSqRho_EigVals = -1.5421187001E+01 -1.2146659707E+01  1.4212076316E+02
HessDelSqRho_EigVec1 =  6.8540766909E-01 -5.0980682150E-01 -5.1991665862E-01
HessDelSqRho_EigVec2 =  4.2336743629E-01 -3.0191484082E-01  8.5417061691E-01
HessDelSqRho_EigVec3 =  5.9243256245E-01  8.0557087438E-01 -8.9008597133E-03
</CP of DelSqRho>
<CP of DelSqRho>
CP# = 12      
Type = (3,-1)
Coords =  4.94667335184951E-01 -2.66838615372994E+00 -1.82915488817747E+00
DistFromNuc =  7.1740517912E-01
Rho =  6.6770514191E-01
DelSqRho = -9.6518299221E-01
GradDelSqRho = -5.7731597281E-15 -8.4376949872E-15  1.5543122345E-15
HessDelSqRho_EigVals = -1.5407704927E+01 -1.1992651891E+01  1.4162541764E+02
HessDelSqRho_EigVec1 = -9.9248888297E-02  9.3145655046E-01  3.5005478539E-01
HessDelSqRho_EigVec2 =  5.0987888749E-01 -2.5449297928E-01  8.2174013142E-01
HessDelSqRho_EigVec3 =  8.5450171344E-01  2.6004233905E-01 -4.4967188442E-01
</CP of DelSqRho>
<CP of DelSqRho>
CP# = 13      
Type = (3,-1)
Coords =  1.36315064011946E+00 -2.99333032156341E+00 -2.57134995151612E+00
DistFromNuc =  7.2713044629E-01
Rho =  6.6274866536E-01
DelSqRho = -9.5080507701E-01
GradDelSqRho = -6.2172489379E-15  8.8817841970E-15  1.7763568394E-14
HessDelSqRho_EigVals = -1.9037984962E+01 -6.8098561002E+00  1.3122260406E+02
HessDelSqRho_EigVec1 =  7.8033624558E-01  5.7560953437E-01 -2.4443610163E-01
HessDelSqRho_EigVec2 =  5.1816911050E-01 -3.7631183785E-01  7.6804308058E-01
HessDelSqRho_EigVec3 = -3.5010872135E-01  7.2599109130E-01  5.9191284713E-01
</CP of DelSqRho>
<CP of DelSqRho>
CP# = 14      
Type = (3,+1)
Coords =  6.56243372464653E-01 -2.86610312056209E+00 -2.49384373612234E+00
DistFromNuc =  6.9600032443E-01
Rho =  7.7253661163E-01
DelSqRho = -2.5090351432E+00
GradDelSqRho = -2.9309887850E-14 -2.7533531011E-14 -2.4646951147E-14
HessDelSqRho_EigVals = -1.3453107003E+01  1.4305688205E+01  1.8037800043E+02
HessDelSqRho_EigVec1 = -2.0467596147E-01  8.4495695632E-01 -4.9412092928E-01
HessDelSqRho_EigVec2 = -7.1366785074E-01  2.1667244549E-01  6.6613155621E-01
HessDelSqRho_EigVec3 =  6.6991488236E-01  4.8897933834E-01  5.5867097389E-01
</CP of DelSqRho>
<CP of DelSqRho>
CP# = 15      
Type = (3,+3)
Coords =  1.31957373363306E+00 -2.49164020430720E+00 -1.54063506321466E+00
DistFromNuc =  6.4303848104E-01
Rho =  9.3467100943E-01
DelSqRho = -4.1028665963E+00
GradDelSqRho =  1.9184653866E-13 -1.1513012765E-13  2.9842794902E-13
HessDelSqRho_EigVals =  8.7871669868E+00  2.1242484274E+01  3.0841695170E+02
HessDelSqRho_EigVec1 = -5.2145970275E-01  8.1560798269E-01  2.5072574054E-01
HessDelSqRho_EigVec2 =  7.7954999187E-01  5.7485425677E-01 -2.4868533056E-01
HessDelSqRho_EigVec3 =  3.4696050002E-01 -6.5773870446E-02  9.3557052615E-01
</CP of DelSqRho>
<CP of DelSqRho>
CP# = 16      
Type = (3,+3)
Coords =  7.33194904986868E-01 -2.11502919474895E+00 -2.51619170321109E+00
DistFromNuc =  6.2948399366E-01
Rho =  9.9630039131E-01
DelSqRho = -4.7968908108E+00
GradDelSqRho = -2.4868995752E-14  2.4868995752E-14 -2.4868995752E-14
HessDelSqRho_EigVals =  1.4634922420E+01  2.6015737916E+01  3.8021112840E+02
HessDelSqRho_EigVec1 = -2.0603214238E-01  6.1685154467E-01  7.5963473337E-01
HessDelSqRho_EigVec2 = -7.8295527762E-01 -5.6956591441E-01  2.5015135895E-01
HessDelSqRho_EigVec3 =  5.8696830370E-01 -5.4322080315E-01  6.0031605798E-01
</CP of DelSqRho>
<CP of DelSqRho>
CP# = 17      
Type = (3,+1)
Coords =  1.08495101046767E+00 -3.09218412173555E+00 -1.85811307758434E+00
DistFromNuc =  6.9204057908E-01
Rho =  7.8265763336E-01
DelSqRho = -2.5702967734E+00
GradDelSqRho =  8.8817841970E-15  3.1974423109E-14 -5.7731597281E-15
HessDelSqRho_EigVals = -1.1575753299E+01  1.3921147164E+01  1.8354199917E+02
HessDelSqRho_EigVec1 =  5.8413132523E-01  4.1789087004E-01  6.9581449800E-01
HessDelSqRho_EigVec2 = -8.1076498532E-01  2.6018549624E-01  5.2436976087E-01
HessDelSqRho_EigVec3 = -3.8088495140E-02  8.7044283459E-01 -4.9079378384E-01
</CP of DelSqRho>
<CP of DelSqRho>
CP# = 18      
Type = (3,+1)
Coords =  1.43233255011180E+00 -2.29424753729831E+00 -2.73678904781932E+00
DistFromNuc =  6.9631940838E-01
Rho =  7.7113497542E-01
DelSqRho = -2.4947486074E+00
GradDelSqRho =  1.9451107391E-13 -1.9095836024E-13  3.7303493627E-13
HessDelSqRho_EigVals = -1.3484798256E+01  1.4167482536E+01  1.7996272633E+02
HessDelSqRho_EigVec1 =  9.0223140853E-01 -3.3231827898E-01  2.7485095401E-01
HessDelSqRho_EigVec2 = -2.1700426236E-01 -9.0061165840E-01 -3.7657375225E-01
HessDelSqRho_EigVec3 = -3.7267631476E-01 -2.8011283837E-01  8.8467460809E-01
</CP of DelSqRho>
<CP of DelSqRho>
CP# = 19      
Type = (3,+1)
Coords =  1.78571187493066E+00 -2.57353006617095E+00 -2.08165222385978E+00
DistFromNuc =  6.9288378790E-01
Rho =  7.8132980201E-01
DelSqRho = -2.5688357263E+00
GradDelSqRho =  2.3092638912E-14 -8.4376949872E-15  1.7763568394E-15
HessDelSqRho_EigVals = -1.1471083614E+01  1.3902361265E+01  1.8236609551E+02
HessDelSqRho_EigVec1 = -2.2930102143E-01 -1.8417304609E-01  9.5577263545E-01
HessDelSqRho_EigVec2 =  1.4077062481E-01  9.6533754119E-01  2.1978867749E-01
HessDelSqRho_EigVec3 =  9.6312235607E-01 -1.8494247931E-01  1.9542672945E-01
</CP of DelSqRho>
<CP of DelSqRho>
CP# = 20      
Type = (3,+1)
Coords =  8.74211129984403E-01 -1.97687849136217E+00 -1.74576916978282E+00
DistFromNuc =  6.7071219861E-01
Rho =  8.4331174949E-01
DelSqRho = -3.3280726944E+00
GradDelSqRho =  3.4638958368E-14 -7.8159700934E-14 -6.3060667799E-14
HessDelSqRho_EigVals = -6.6456148675E+00  1.8449944167E+01  2.3553528796E+02
HessDelSqRho_EigVec1 =  5.1952038736E-01 -3.7672141030E-01  7.6692864475E-01
HessDelSqRho_EigVec2 =  7.8099310867E-01  5.7346731066E-01 -2.4735603450E-01
HessDelSqRho_EigVec3 = -3.4662419321E-01  7.2747248925E-01  5.9214478471E-01
</CP of DelSqRho>
<CP of DelSqRho>
CP# = 21      
Type = (3,+3)
Coords =  1.74876626131375E+00 -2.46253633925753E+00 -2.48653351601574E+00
DistFromNuc =  7.2852272626E-01
Rho =  7.4229338421E-01
DelSqRho = -2.9566304986E+00
GradDelSqRho = -9.7699626167E-15  3.5527136788E-15  3.5527136788E-15
HessDelSqRho_EigVals =  1.0461882519E+01  2.2747611028E+01  1.3421124116E+02
HessDelSqRho_EigVec1 =  4.2588049770E-01 -3.4919978266E-01  8.3467677185E-01
HessDelSqRho_EigVec2 =  1.5123234002E-01  9.3701534284E-01  3.1485080057E-01
HessDelSqRho_EigVec3 =  8.9205077266E-01  7.8586942778E-03 -4.5186686083E-01
</CP of DelSqRho>
<CP of DelSqRho>
CP# = 22      
Type = (3,+3)
Coords =  8.33640281405532E-01 -3.13692341273654E+00 -2.19973437327632E+00
DistFromNuc =  7.2819425459E-01
Rho =  7.4369027304E-01
DelSqRho = -2.9727574015E+00
GradDelSqRho =  3.1974423109E-14 -1.5099033135E-14  2.6645352591E-14
HessDelSqRho_EigVals =  1.0568083768E+01  2.2911819499E+01  1.3444531673E+02
HessDelSqRho_EigVec1 =  5.4240918637E-01 -2.6704483685E-01  7.9654210790E-01
HessDelSqRho_EigVec2 =  7.5243421241E-01 -2.6730493928E-01 -6.0198905757E-01
HessDelSqRho_EigVec3 =  3.7367770945E-01  9.2586992853E-01  5.5945016867E-02
</CP of DelSqRho>
<CP of DelSqRho>
CP# = 23      
Type = (3,-3)
Coords =  1.13519162849084E-01 -2.76731877596222E+00 -1.67279833765755E+00
DistFromNuc =  1.1396953701E+00
Rho =  2.4625702601E-01
DelSqRho =  8.4447071924E-01
GradDelSqRho =  1.2126355475E-11 -1.7033700839E-12  1.9744206270E-12
HessDelSqRho_EigVals = -1.7652996178E+01 -1.8388665369E+00 -4.7502048683E-01
HessDelSqRho_EigVec1 =  8.7135697387E-01  2.2906538405E-01 -4.3389638616E-01
HessDelSqRho_EigVec2 = -5.3810876041E-02  9.2361116086E-01  3.7953499595E-01
HessDelSqRho_EigVec3 =  4.8768987452E-01 -3.0736212090E-01  8.1712123514E-01
</CP of DelSqRho>
<CP of DelSqRho>
CP# = 24      
Type = (3,-3)
Coords =  1.77251385366671E+00 -1.54120409773242E+00 -2.20477067711766E+00
DistFromNuc =  1.1399499421E+00
Rho =  2.4664978853E-01
DelSqRho =  8.4614273064E-01
GradDelSqRho =  1.4988010832E-15 -1.1102230246E-15 -9.5756735874E-16
HessDelSqRho_EigVals = -1.7677743924E+01 -1.8532700602E+00 -5.1272116785E-01
HessDelSqRho_EigVec1 =  5.5985237838E-01  8.2822532771E-01 -2.4660108484E-02
HessDelSqRho_EigVec2 =  6.7569158081E-01 -4.7356609166E-01 -5.6495667484E-01
HessDelSqRho_EigVec3 =  4.7958961836E-01 -2.9962971041E-01  8.2475198369E-01
</CP of DelSqRho>
<CP of DelSqRho>
CP# = 25      
Type = (3,+1)
Coords =  8.94272457143983E-01 -1.74243961851543E+00 -1.15281275144138E+00
DistFromNuc =  1.2451042834E+00
Rho =  2.3793206236E-01
DelSqRho =  4.7444820259E-01
GradDelSqRho =  2.2204460493E-16 -2.2204460493E-15 -1.9428902931E-15
HessDelSqRho_EigVals = -9.7766516971E+00  3.4903952432E-01  5.2812216117E-01
HessDelSqRho_EigVec1 = -1.4421493245E-01  5.5501672274E-01  8.1924263240E-01
HessDelSqRho_EigVec2 = -7.4182935871E-01  4.8727736357E-01 -4.6070595123E-01
HessDelSqRho_EigVec3 =  6.5489789724E-01  6.7417891426E-01 -3.4145502743E-01
</CP of DelSqRho>
<CP of DelSqRho>
CP# = 26      
Type = (3,-1)
Coords =  1.11775480026326E+00 -3.25779519056039E+00 -1.26159434232412E+00
DistFromNuc =  1.1890375235E+00
Rho =  2.4504559945E-01
DelSqRho =  7.2217536661E-01
GradDelSqRho =  2.2204460493E-16  4.1633363423E-16 -1.5959455979E-15
HessDelSqRho_EigVals = -1.7403495744E+01 -1.2622359324E+00  2.7479804969E-01
HessDelSqRho_EigVec1 =  1.1764781803E-02 -6.4916144021E-01  7.6055967186E-01
HessDelSqRho_EigVec2 =  3.7935827785E-01  7.0664589627E-01  5.9727621275E-01
HessDelSqRho_EigVec3 =  9.2517505745E-01 -2.8149778300E-01 -2.5457830079E-01
</CP of DelSqRho>
<CP of DelSqRho>
CP# = 27      
Type = (3,-3)
Coords =  1.37213141959361E+00 -3.19221442968109E+00 -3.00556951690419E+00
DistFromNuc =  1.1583454936E+00
Rho =  2.5112738294E-01
DelSqRho =  8.6767867456E-01
GradDelSqRho = -1.8457457784E-15  3.7192471325E-15  5.7731597281E-15
HessDelSqRho_EigVals = -1.7256785274E+01 -3.3101783906E+00 -2.3703430828E-01
HessDelSqRho_EigVec1 = -2.2959175233E-01  6.2776440797E-01  7.4377380658E-01
HessDelSqRho_EigVec2 =  7.8112061812E-01  5.7474035085E-01 -2.4397563210E-01
HessDelSqRho_EigVec3 =  5.8063603679E-01 -5.2496226264E-01  6.2231536667E-01
</CP of DelSqRho>
<CP of DelSqRho>
CP# = 28      
Type = (3,-1)
Coords =  1.72482391113722E-01 -2.68486250302001E+00 -2.85004764342875E+00
DistFromNuc =  1.1890319516E+00
Rho =  2.4506833901E-01
DelSqRho =  7.2914381665E-01
GradDelSqRho =  5.1292303738E-14  8.3683060481E-15  3.7803093988E-14
HessDelSqRho_EigVals = -1.7646181982E+01 -1.0714864076E+00  2.5924299484E-01
HessDelSqRho_EigVec1 =  7.8956521015E-01  1.6977407502E-01  5.8971479749E-01
HessDelSqRho_EigVec2 = -7.2176565389E-02  9.7999095413E-01 -1.8549467168E-01
HessDelSqRho_EigVec3 = -6.0940735336E-01  1.0389655079E-01  7.8602047327E-01
</CP of DelSqRho>
<CP of DelSqRho>
CP# = 29      
Type = (3,-1)
Coords =  2.15744642278193E+00 -2.48197075282091E+00 -1.59021077057228E+00
DistFromNuc =  1.1906155952E+00
Rho =  2.4519123728E-01
DelSqRho =  7.1259474072E-01
GradDelSqRho = -7.8986817087E-13  1.2461906507E-13 -4.9585335837E-13
HessDelSqRho_EigVals = -1.7161244946E+01 -1.2513422090E+00  3.0138097840E-01
HessDelSqRho_EigVec1 =  8.7331367454E-01 -5.3798440611E-03  4.8712861046E-01
HessDelSqRho_EigVec2 = -4.8506966295E-01  8.2892591780E-02  8.7053790286E-01
HessDelSqRho_EigVec3 =  4.5062711218E-02  9.9654396567E-01 -6.9781634775E-02
</CP of DelSqRho>
<CP of DelSqRho>
CP# = 30      
Type = (3,-1)
Coords =  1.24702945169761E+00 -1.89636915983035E+00 -3.18122259367601E+00
DistFromNuc =  1.1887562470E+00
Rho =  2.4512620665E-01
DelSqRho =  7.3016883751E-01
GradDelSqRho =  5.7107096829E-15  1.0019762797E-14  5.6898930012E-16
HessDelSqRho_EigVals = -1.7631882732E+01 -1.1207525947E+00  2.6120334424E-01
HessDelSqRho_EigVec1 = -1.0643201033E-01 -4.8850310254E-01  8.6604673430E-01
HessDelSqRho_EigVec2 =  9.3195250206E-01 -3.5262719348E-01 -8.4371774450E-02
HessDelSqRho_EigVec3 =  3.4660750293E-01  7.9813456336E-01  4.9279250977E-01
</CP of DelSqRho>
<CP of DelSqRho>
CP# = 31      
Type = (3,+1)
Coords =  2.23360224587794E+00 -2.41096447050275E+00 -3.78738024678114E+00
DistFromNuc =  1.9927653270E+00
Rho =  7.5415459352E-02
DelSqRho =  1.8528150899E-01
GradDelSqRho = -1.4752608857E-13 -1.1252283827E-13 -1.4568554696E-13
HessDelSqRho_EigVals = -1.7623790000E+00  2.5156140643E-02  5.7806387945E-01
HessDelSqRho_EigVec1 = -1.0591881088E-01 -5.0845120035E-02  9.9307400493E-01
HessDelSqRho_EigVec2 =  5.9855216107E-03  9.9864117174E-01  5.1768558360E-02
HessDelSqRho_EigVec3 =  9.9435676647E-01 -1.1427330060E-02  1.0547055084E-01
</CP of DelSqRho>
<CP of DelSqRho>
CP# = 32      
Type = (3,+1)
Coords =  3.04586484913920E+00 -2.92232793357618E+00 -2.37078655219066E+00
DistFromNuc =  2.0073377637E+00
Rho =  7.4489517263E-02
DelSqRho =  1.7820196819E-01
GradDelSqRho =  4.7531423242E-16 -4.6035224244E-16  2.4286128664E-16
HessDelSqRho_EigVals = -1.6237595177E+00  3.3046956278E-02  5.8617344135E-01
HessDelSqRho_EigVec1 =  8.6703315992E-01 -4.0707413701E-01  2.8730497136E-01
HessDelSqRho_EigVec2 =  2.4891118842E-01  8.5339893060E-01  4.5798852117E-01
HessDelSqRho_EigVec3 = -4.3162103733E-01 -3.2557781285E-01  8.4125047870E-01
</CP of DelSqRho>
<CP of DelSqRho>
CP# = 33      
Type = (3,+1)
Coords =  1.03244306842404E+00 -4.42609733988289E+00 -1.75379069046668E+00
DistFromNuc =  2.0030136668E+00
Rho =  7.4795756335E-02
DelSqRho =  1.8052784681E-01
GradDelSqRho =  1.9364193408E-12  4.3911888015E-12 -2.7326014715E-12
HessDelSqRho_EigVals = -1.6580707520E+00  2.9656653363E-02  5.8922476020E-01
HessDelSqRho_EigVec1 = -3.1382493789E-01  8.3481242717E-01 -4.5232965832E-01
HessDelSqRho_EigVec2 = -6.1401074258E-01  1.8494197539E-01  7.6732475115E-01
HessDelSqRho_EigVec3 =  7.2422697848E-01  5.1854091177E-01  4.5454439439E-01
</CP of DelSqRho>
<CP of DelSqRho>
CP# = 34      
Type = (3,+1)
Coords =  9.62151750936398E-02 -3.89067947081216E+00 -3.10419977239110E+00
DistFromNuc =  1.9931937700E+00
Rho =  7.5245216661E-02
DelSqRho =  1.8446030601E-01
GradDelSqRho = -2.3916892772E-12  9.1010532444E-14 -2.9271845364E-12
HessDelSqRho_EigVals = -1.7177545349E+00  2.7435574534E-02  5.8512096843E-01
HessDelSqRho_EigVec1 =  5.3138094261E-01  3.3933120020E-01  7.7620141098E-01
HessDelSqRho_EigVec2 =  8.4261066046E-01 -3.0626613988E-01 -4.4295409067E-01
HessDelSqRho_EigVec3 =  8.7416066693E-02  8.8941294579E-01 -4.4866807681E-01
</CP of DelSqRho>
<Path of -GradDelSqRho>
Starting CP# =      3
Ending CP# =     22
Number of Points =     17
  6.7796545096E-01 -3.5222552520E+00 -2.2603143368E+00  4.1906125921E-01 -9.9203126372E-01
  6.8722613825E-01 -3.4991830259E+00 -2.2576852578E+00  4.3052329247E-01 -1.0022354114E+00
  6.9649008677E-01 -3.4761119793E+00 -2.2550573187E+00  4.4305040914E-01 -1.0330425024E+00
  7.0575722351E-01 -3.4530421806E+00 -2.2524296652E+00  4.5665436215E-01 -1.0847711501E+00
  7.1502721039E-01 -3.4299736249E+00 -2.2498011523E+00  4.7134020912E-01 -1.1576863713E+00
  7.2429941543E-01 -3.4069062281E+00 -2.2471702934E+00  4.8710561272E-01 -1.2518608929E+00
  7.3357288056E-01 -3.3838398231E+00 -2.2445351838E+00  5.0394019153E-01 -1.3670070987E+00
  7.4284627725E-01 -3.3607741566E+00 -2.2418933783E+00  5.2182502947E-01 -1.5022850862E+00
  7.5211783842E-01 -3.3377088857E+00 -2.2392416960E+00  5.4073247083E-01 -1.6560944603E+00
  7.6138524870E-01 -3.3146435740E+00 -2.2365758983E+00  5.6062634416E-01 -1.8258595917E+00
  7.7064546174E-01 -3.2915776876E+00 -2.2338901421E+00  5.8146276920E-01 -2.0078193780E+00
  7.7989438165E-01 -3.2685105944E+00 -2.2311759973E+00  6.0319170615E-01 -2.1968319222E+00
  7.8912626655E-01 -3.2454415773E+00 -2.2284205468E+00  6.2575940018E-01 -2.3861999081E+00
  7.9833248422E-01 -3.2223698976E+00 -2.2256022920E+00  6.4911184451E-01 -2.5675099963E+00
  8.0749846607E-01 -3.1992950595E+00 -2.2226808366E+00  6.7319925640E-01 -2.7304525713E+00
  8.1659412310E-01 -3.1762181336E+00 -2.2195635853E+00  6.9798078012E-01 -2.8625368712E+00
  8.3364028141E-01 -3.1369234127E+00 -2.1997343733E+00  7.4369027304E-01 -2.9727574015E+00
</Path of -GradDelSqRho>
<Path of -GradDelSqRho>
Starting CP# =      3
Ending CP# =      0
Number of Points =     29
  6.7796545096E-01 -3.5222552520E+00 -2.2603143368E+00  4.1906125921E-01 -9.9203126372E-01
  6.6870776538E-01 -3.5453284918E+00 -2.2629450894E+00  4.0864652391E-01 -1.0021633283E+00
  6.5945284041E-01 -3.5684025989E+00 -2.2655779481E+00  3.9925583125E-01 -1.0324856571E+00
  6.5020017367E-01 -3.5914773495E+00 -2.2682131033E+00  3.9086087340E-01 -1.0830007129E+00
  6.4094916747E-01 -3.6145525003E+00 -2.2708505825E+00  3.8342854962E-01 -1.1538371374E+00
  6.3169919489E-01 -3.6376278112E+00 -2.2734902867E+00  3.7692108188E-01 -1.2451621920E+00
  6.2244967574E-01 -3.6607030702E+00 -2.2761320314E+00  3.7129604618E-01 -1.3570044417E+00
  6.1320016256E-01 -3.6837781237E+00 -2.2787755914E+00  3.6650644143E-01 -1.4889554688E+00
  6.0395043902E-01 -3.7068529099E+00 -2.2814207493E+00  3.6250100928E-01 -1.6397251941E+00
  5.9470063774E-01 -3.7299274996E+00 -2.2840673477E+00  3.5922513991E-01 -1.8065625421E+00
  5.8545139211E-01 -3.7530021511E+00 -2.2867153495E+00  3.5662283626E-01 -1.9846469363E+00
  5.7620404632E-01 -3.7760773849E+00 -2.2893649114E+00  3.5464031429E-01 -2.1667267477E+00
  5.6696092647E-01 -3.7991540820E+00 -2.2920164742E+00  3.5323179124E-01 -2.3435184033E+00
  5.5772545275E-01 -3.8222335198E+00 -2.2946708231E+00  3.5236771005E-01 -2.5056090540E+00
  5.4850068536E-01 -3.8453168247E+00 -2.2973287707E+00  3.5204490409E-01 -2.6476615855E+00
  5.3928162459E-01 -3.8684021209E+00 -2.2999892249E+00  3.5229693944E-01 -2.7753746510E+00
  5.3004328204E-01 -3.8914801437E+00 -2.3026458692E+00  3.5320122610E-01 -2.9147202300E+00
  5.2076075789E-01 -3.9145416573E+00 -2.3052918324E+00  3.5487787462E-01 -3.1215040178E+00
  5.1143914577E-01 -3.9375885449E+00 -2.3079278184E+00  3.5747433931E-01 -3.4876425617E+00
  5.0209435731E-01 -3.9606267450E+00 -2.3105576923E+00  3.6113086289E-01 -4.1393747717E+00
  4.9273691621E-01 -3.9836601992E+00 -2.3131841493E+00  3.6592518071E-01 -5.2225856237E+00
  4.8337221690E-01 -4.0066909307E+00 -2.3158086125E+00  3.7180089954E-01 -6.8720083860E+00
  4.7400297236E-01 -4.0297199574E+00 -2.3184318139E+00  3.7849208577E-01 -9.1648318106E+00
  4.6463059562E-01 -4.0527478092E+00 -2.3210541408E+00  3.8546510824E-01 -1.2065863913E+01
  4.5525584455E-01 -4.0757747704E+00 -2.3236758003E+00  3.9190443775E-01 -1.5380661396E+01
  4.4587911659E-01 -4.0988009912E+00 -2.3262968928E+00  3.9676721301E-01 -1.8741349835E+01
  4.3650056965E-01 -4.1218265341E+00 -2.3289174330E+00  3.9891747849E-01 -2.1649320713E+01
  4.2712009507E-01 -4.1448513679E+00 -2.3315373046E+00  3.9732481828E-01 -2.3581863075E+01
  4.1914419022E-01 -4.1644215904E+00 -2.3337630241E+00  3.9248648579E-01 -2.4151565715E+01
</Path of -GradDelSqRho>
<Path of -GradDelSqRho>
Starting CP# =      4
Ending CP# =      0
Number of Points =     29
  2.1044761083E+00 -2.4704027263E+00 -2.7095208131E+00  4.1813658169E-01 -9.8349134494E-01
  2.1261727063E+00 -2.4706129830E+00 -2.7219390830E+00  4.0773039375E-01 -9.9357780082E-01
  2.1478671336E+00 -2.4708241698E+00 -2.7343611288E+00  3.9834732796E-01 -1.0237628746E+00
  2.1695592218E+00 -2.4710358783E+00 -2.7467872500E+00  3.8995919359E-01 -1.0740499213E+00
  2.1912489018E+00 -2.4712476050E+00 -2.7592175739E+00  3.8253303911E-01 -1.1445713387E+00
  2.2129361950E+00 -2.4714588261E+00 -2.7716520701E+00  3.7603126734E-01 -1.2355026524E+00
  2.2346212025E+00 -2.4716690818E+00 -2.7840905684E+00  3.7041166334E-01 -1.3468878104E+00
  2.2563040931E+00 -2.4718780705E+00 -2.7965327779E+00  3.6562745549E-01 -1.4783445566E+00
  2.2779850921E+00 -2.4720857580E+00 -2.8089783051E+00  3.6162761981E-01 -1.6286239788E+00
  2.2996644724E+00 -2.4722925104E+00 -2.8214266674E+00  3.5835775901E-01 -1.7950342741E+00
  2.3213425508E+00 -2.4724992695E+00 -2.8338772965E+00  3.5576202469E-01 -1.9728305763E+00
  2.3430196917E+00 -2.4727077994E+00 -2.8463295284E+00  3.5378665837E-01 -2.1548410323E+00
  2.3646963144E+00 -2.4729210106E+00 -2.8587825827E+00  3.5238570652E-01 -2.3318355481E+00
  2.3863728757E+00 -2.4731431064E+00 -2.8712355885E+00  3.5152917114E-01 -2.4943747028E+00
  2.4080496749E+00 -2.4733779177E+00 -2.8836879468E+00  3.5121312760E-01 -2.6369398715E+00
  2.4297260677E+00 -2.4736198827E+00 -2.8961408760E+00  3.5147008879E-01 -2.7648137912E+00
  2.4513995010E+00 -2.4738394006E+00 -2.9085993646E+00  3.5237625924E-01 -2.9032683563E+00
  2.4730678102E+00 -2.4740057149E+00 -2.9210675817E+00  3.5405070057E-01 -3.1071524097E+00
  2.4947319600E+00 -2.4741242229E+00 -2.9335435766E+00  3.5664045126E-01 -3.4673184930E+00
  2.5163938044E+00 -2.4742142855E+00 -2.9460238149E+00  3.6028655966E-01 -4.1091284567E+00
  2.5380544833E+00 -2.4742888890E+00 -2.9585061790E+00  3.6506936167E-01 -5.1781990237E+00
  2.5597145519E+00 -2.4743547089E+00 -2.9709896518E+00  3.7093721425E-01 -6.8100820498E+00
  2.5813742778E+00 -2.4744151041E+00 -2.9834737466E+00  3.7763097168E-01 -9.0842608452E+00
  2.6030337974E+00 -2.4744718273E+00 -2.9959582167E+00  3.8462502594E-01 -1.1969383149E+01
  2.6246931862E+00 -2.4745258256E+00 -3.0084429258E+00  3.9111152872E-01 -1.5275866997E+01
  2.6463524942E+00 -2.4745776103E+00 -3.0209277843E+00  3.9605280096E-01 -1.8640454078E+01
  2.6680117692E+00 -2.4746274185E+00 -3.0334127083E+00  3.9831340033E-01 -2.1567116737E+01
  2.6896710926E+00 -2.4746752250E+00 -3.0458975562E+00  3.9685741069E-01 -2.3532089159E+01
  2.7080819657E+00 -2.4747131742E+00 -3.0565089091E+00  3.9214767166E-01 -2.4136405569E+01
</Path of -GradDelSqRho>
<Path of -GradDelSqRho>
Starting CP# =      4
Ending CP# =     21
Number of Points =     17
  2.1044761083E+00 -2.4704027263E+00 -2.7095208131E+00  4.1813658169E-01 -9.8349134494E-01
  2.0827776719E+00 -2.4701936050E+00 -2.6971057366E+00  4.2958906136E-01 -9.9365049387E-01
  2.0610777067E+00 -2.4699856890E+00 -2.6846933122E+00  4.4210556141E-01 -1.0243244841E+00
  2.0393767090E+00 -2.4697787411E+00 -2.6722826767E+00  4.5569780466E-01 -1.0758357245E+00
  2.0176753002E+00 -2.4695722017E+00 -2.6598727534E+00  4.7037084176E-01 -1.1484543071E+00
  1.9959742423E+00 -2.4693651353E+00 -2.6474622253E+00  4.8612234731E-01 -1.2422593819E+00
  1.9742744684E+00 -2.4691561667E+00 -2.6350494841E+00  5.0294196551E-01 -1.3569711751E+00
  1.9525771347E+00 -2.4689433926E+00 -2.6226325427E+00  5.2081081315E-01 -1.4917590494E+00
  1.9308837093E+00 -2.4687242488E+00 -2.6102088856E+00  5.3970126685E-01 -1.6450331567E+00
  1.9091961221E+00 -2.4684953011E+00 -2.5977752169E+00  5.5957717739E-01 -1.8142293321E+00
  1.8875170255E+00 -2.4682518981E+00 -2.5853270256E+00  5.8039466544E-01 -1.9955981962E+00
  1.8658502674E+00 -2.4679875630E+00 -2.5728577995E+00  6.0210365711E-01 -2.1840088333E+00
  1.8442018192E+00 -2.4676928414E+00 -2.5603574973E+00  6.2465031138E-01 -2.3727728362E+00
  1.8225818030E+00 -2.4673528689E+00 -2.5478092441E+00  6.4798045765E-01 -2.5534821697E+00
  1.8010096934E+00 -2.4669413551E+00 -2.5351809901E+00  6.7204401705E-01 -2.7158275755E+00
  1.7795315657E+00 -2.4664015273E+00 -2.5223985663E+00  6.9679949870E-01 -2.8473136760E+00
  1.7487662613E+00 -2.4625363393E+00 -2.4865335160E+00  7.4229338421E-01 -2.9566304986E+00
</Path of -GradDelSqRho>
<Path of -GradDelSqRho>
Starting CP# =      5
Ending CP# =     15
Number of Points =     36
  1.2039922488E+00 -2.5556028864E+00 -2.0457666720E+00  2.2497151167E+01  1.2254049731E+03
  1.2186789046E+00 -2.5692147214E+00 -2.0307993775E+00  1.5606864931E+01  1.1443916330E+03
  1.2333604262E+00 -2.5828115907E+00 -2.0158134487E+00  1.0933837758E+01  9.7563546629E+02
  1.2480406960E+00 -2.5964048046E+00 -2.0008229781E+00  7.7741234911E+00  7.6845971540E+02
  1.2627178777E+00 -2.6099890174E+00 -1.9858213294E+00  5.6455240169E+00  5.6876764023E+02
  1.2773888845E+00 -2.6235552641E+00 -1.9707974020E+00  4.2122341785E+00  4.0535011009E+02
  1.2920503503E+00 -2.6370938139E+00 -1.9557392197E+00  3.2443980438E+00  2.8331540477E+02
  1.3066988690E+00 -2.6505948976E+00 -1.9406348743E+00  2.5876593870E+00  1.9553320225E+02
  1.3213312428E+00 -2.6640494480E+00 -1.9254734710E+00  2.1389903651E+00  1.3285135261E+02
  1.3359443092E+00 -2.6774486210E+00 -1.9102445620E+00  1.8292824683E+00  8.8115555902E+01
  1.3505341449E+00 -2.6907815496E+00 -1.8949354612E+00  1.6118644296E+00  5.6458128562E+01
  1.3650948825E+00 -2.7040320946E+00 -1.8795274717E+00  1.4551959969E+00  3.4511412179E+01
  1.3796172290E+00 -2.7171749414E+00 -1.8639915847E+00  1.3381349858E+00  1.9747950560E+01
  1.3940862513E+00 -2.7301700281E+00 -1.8482827071E+00  1.2467243947E+00  1.0164895054E+01
  1.4084773419E+00 -2.7429528305E+00 -1.8323301760E+00  1.1719255698E+00  4.1799761473E+00
  1.4227478610E+00 -2.7554151724E+00 -1.8160203129E+00  1.1080061432E+00  5.9257182257E-01
  1.4368173082E+00 -2.7673622945E+00 -1.7991610161E+00  1.0514262314E+00 -1.4605423388E+00
  1.4505098986E+00 -2.7783973248E+00 -1.7813993400E+00  1.0001498451E+00 -2.5670755106E+00
  1.4633270409E+00 -2.7875087069E+00 -1.7619976196E+00  9.5354475808E-01 -3.1088596871E+00
  1.4730587113E+00 -2.7910077174E+00 -1.7395024714E+00  9.1511970820E-01 -3.3328921124E+00
  1.4728962143E+00 -2.7809565314E+00 -1.7172406710E+00  9.0154236719E-01 -3.4319317825E+00
  1.4663830121E+00 -2.7642673387E+00 -1.6998482570E+00  9.0483999484E-01 -3.5146364629E+00
  1.4585845313E+00 -2.7465000898E+00 -1.6840880268E+00  9.1041563323E-01 -3.5929276282E+00
  1.4502763212E+00 -2.7283321700E+00 -1.6690600028E+00  9.1578255190E-01 -3.6666665369E+00
  1.4415520896E+00 -2.7098526072E+00 -1.6546606942E+00  9.2062219639E-01 -3.7354599836E+00
  1.4324262911E+00 -2.6910884108E+00 -1.6408921943E+00  9.2488370069E-01 -3.7989496762E+00
  1.4229051174E+00 -2.6720609224E+00 -1.6277678447E+00  9.2854884286E-01 -3.8568266239E+00
  1.4129938223E+00 -2.6527914402E+00 -1.6153019100E+00  9.3160719095E-01 -3.9088363166E+00
  1.4026973625E+00 -2.6333017673E+00 -1.6035086346E+00  9.3405398093E-01 -3.9547822936E+00
  1.3920204726E+00 -2.6136143354E+00 -1.5924021380E+00  9.3588991987E-01 -3.9945285141E+00
  1.3809677156E+00 -2.5937522831E+00 -1.5819963701E+00  9.3712105518E-01 -4.0280005321E+00
  1.3695435655E+00 -2.5737394990E+00 -1.5723050804E+00  9.3775858689E-01 -4.0551854876E+00
  1.3577525687E+00 -2.5536006002E+00 -1.5633418132E+00  9.3781862193E-01 -4.0761309544E+00
  1.3455996857E+00 -2.5333607716E+00 -1.5551199592E+00  9.3732187494E-01 -4.0909427223E+00
  1.3330910892E+00 -2.5130452619E+00 -1.5476529499E+00  9.3629332110E-01 -4.0997816161E+00
  1.3195737336E+00 -2.4916402043E+00 -1.5406350632E+00  9.3467100943E-01 -4.1028665963E+00
</Path of -GradDelSqRho>
<Path of -GradDelSqRho>
Starting CP# =      5
Ending CP# =      1
Number of Points =      7
  1.2039922488E+00 -2.5556028864E+00 -2.0457666720E+00  2.2497151167E+01  1.2254049731E+03
  1.1892938501E+00 -2.5419567382E+00 -2.0606911281E+00  3.2690601750E+01  9.7793806549E+02
  1.1745854090E+00 -2.5282811377E+00 -2.0755786940E+00  4.7876532730E+01 -7.7728688686E+02
  1.1598725421E+00 -2.5145925208E+00 -2.0904499180E+00  7.0433006984E+01 -6.3259241572E+03
  1.1451565316E+00 -2.5008946442E+00 -2.1053094995E+00  1.0390512002E+02 -2.0398939281E+04
  1.1304352640E+00 -2.4871812672E+00 -2.1201495650E+00  1.5412631261E+02 -7.4519234807E+04
  1.1047068626E+00 -2.4631972226E+00 -2.1460454608E+00  2.9728826895E+02 -3.3293214428E+06
</Path of -GradDelSqRho>
<Path of -GradDelSqRho>
Starting CP# =      7
Ending CP# =      1
Number of Points =      7
  1.0423017535E+00 -2.4450112934E+00 -2.3010364144E+00  2.2627042749E+01  1.2397781472E+03
  1.0516326591E+00 -2.4477944754E+00 -2.2780106108E+00  3.2904132167E+01  9.8292153698E+02
  1.0609349372E+00 -2.4505313298E+00 -2.2549676699E+00  4.8226341787E+01 -8.2619653578E+02
  1.0702246289E+00 -2.4532478374E+00 -2.2319172426E+00  7.0992581624E+01 -6.4815619218E+03
  1.0795049338E+00 -2.4559491819E+00 -2.2088612542E+00  1.0480069145E+02 -2.0979336192E+04
  1.0887698576E+00 -2.4586256984E+00 -2.1857961852E+00  1.5552182464E+02 -7.6477273053E+04
  1.1047068626E+00 -2.4631972226E+00 -2.1460454608E+00  2.9728826895E+02 -3.3293214428E+06
</Path of -GradDelSqRho>
<Path of -GradDelSqRho>
Starting CP# =      7
Ending CP# =     16
Number of Points =     33
  1.0423017535E+00 -2.4450112934E+00 -2.3010364144E+00  2.2627042749E+01  1.2397781472E+03
  1.0329367124E+00 -2.4421727873E+00 -2.3240416008E+00  1.5686993039E+01  1.1567278397E+03
  1.0235559113E+00 -2.4393087048E+00 -2.3470372003E+00  1.0984591051E+01  9.8565115009E+02
  1.0141711710E+00 -2.4364382219E+00 -2.3700303942E+00  7.8081575449E+00  7.7634674068E+02
  1.0047775495E+00 -2.4335533116E+00 -2.3930181542E+00  5.6709119338E+00  5.7446480942E+02
  9.9536624340E-01 -2.4306396586E+00 -2.4159950508E+00  4.2340016587E+00  4.0905991438E+02
  9.8592765845E-01 -2.4276816252E+00 -2.4389550770E+00  3.2654835726E+00  2.8545484021E+02
  9.7645217326E-01 -2.4246634721E+00 -2.4618920636E+00  2.6096214887E+00  1.9653299541E+02
  9.6693087252E-01 -2.4215705368E+00 -2.4848000913E+00  2.1625141544E+00  1.3305991730E+02
  9.5735507981E-01 -2.4183884587E+00 -2.5076731623E+00  1.8545199063E+00  8.7792847736E+01
  9.4771416844E-01 -2.4150995671E+00 -2.5305037175E+00  1.6386565845E+00  5.5797416339E+01
  9.3799241933E-01 -2.4116776307E+00 -2.5532803517E+00  1.4832197310E+00  3.3657715648E+01
  9.2816531216E-01 -2.4080815220E+00 -2.5759847736E+00  1.3670017873E+00  1.8808124392E+01
  9.1819435608E-01 -2.4042461380E+00 -2.5985869766E+00  1.2760476295E+00  9.2134703018E+00
  9.0801831366E-01 -2.4000665277E+00 -2.6210359552E+00  1.2013674160E+00  3.2644457002E+00
  8.9753647680E-01 -2.3953664528E+00 -2.6432392416E+00  1.1373168767E+00 -2.6081521847E-01
  8.8657333656E-01 -2.3898279439E+00 -2.6650103104E+00  1.0805018295E+00 -2.2410827838E+00
  8.7479400519E-01 -2.3828038839E+00 -2.6858990165E+00  1.0292009556E+00 -3.2752063448E+00
  8.6150204627E-01 -2.3727141103E+00 -2.7044235010E+00  9.8393160018E-01 -3.7554512753E+00
  8.4624634798E-01 -2.3561793706E+00 -2.7141397818E+00  9.5380902612E-01 -3.9516559534E+00
  8.3307207382E-01 -2.3359236971E+00 -2.7086414299E+00  9.5048298343E-01 -4.0692570575E+00
  8.2221727358E-01 -2.3163664958E+00 -2.6975024167E+00  9.5674191679E-01 -4.1761279236E+00
  8.1215308379E-01 -2.2972403010E+00 -2.6849403221E+00  9.6402051127E-01 -4.2761090598E+00
  8.0254576005E-01 -2.2783826850E+00 -2.6716349292E+00  9.7082445627E-01 -4.3686683225E+00
  7.9335340113E-01 -2.2597810322E+00 -2.6576912285E+00  9.7690864991E-01 -4.4531953708E+00
  7.8458000967E-01 -2.2414502465E+00 -2.6431324599E+00  9.8221917366E-01 -4.5291523900E+00
  7.7623523376E-01 -2.2234091521E+00 -2.6279722778E+00  9.8673175561E-01 -4.5960903497E+00
  7.6832905985E-01 -2.2056772670E+00 -2.6122236366E+00  9.9043148559E-01 -4.6536569125E+00
  7.6087113582E-01 -2.1882745444E+00 -2.5958996936E+00  9.9331085992E-01 -4.7016018479E+00
  7.5387048722E-01 -2.1712214905E+00 -2.5790138955E+00  9.9536958561E-01 -4.7397803319E+00
  7.4733509378E-01 -2.1545394369E+00 -2.5615799354E+00  9.9661443997E-01 -4.7681541311E+00
  7.4127102074E-01 -2.1382511428E+00 -2.5436115456E+00  9.9705906318E-01 -4.7867906953E+00
  7.3319490499E-01 -2.1150291947E+00 -2.5161917032E+00  9.9630039131E-01 -4.7968908108E+00
</Path of -GradDelSqRho>
<Path of -GradDelSqRho>
