 AIMInt (Version 19.02.13, Professional)
 Portions Copyright (c) 1997-2019 by Todd A. Keith
 AIMInt is a component of the AIMAll package ( http://aim.tkgristmill.com )

 TP:  64-bit Linux

 Licensed To:  Research Group of Fernando Cortes Guzman, UNAM, fercor@unam.mx

 AIMInt is a heavily modified and extended version of the PROAIMV program
 developed by members of R.F.W. Bader's research group

 Much of the Quantum Theory of Atoms in Molecules (QTAIM) is described in the book:
   "Atoms in Molecules - A Quantum Theory"
   R.F.W. Bader, Oxford University Press, Oxford, 1990

 For additional references see:  http://aim.tkgristmill.com/references.html

 Current Directory:  /home/scratch/M_H2O_4_tetraedrico/Opt

 Inp File:  Cu2_tetraedrico_cc-pvtz-def2-tzv_1_atomicfiles/o4.inp
 Wfx File:  Cu2_tetraedrico_cc-pvtz-def2-tzv_1.wfx
 Out File:  Cu2_tetraedrico_cc-pvtz-def2-tzv_1_atomicfiles/o4.int

 Wfx Title:   Cu2_tetraedrico_cc-pvtz-def2-tzv_1                                            
 Job Title:   Cu2_tetraedrico_cc-pvtz-def2-tzv_1                                            
 
<Atom>
O4      
</Atom>
<Nuclei of Molecule>
    13
Cu1       29.0          -1.9554166519E-03   1.3405400532E-02  -1.0789577590E-03
O2         8.0           1.1047066851E+00  -2.4631969353E+00  -2.1460453538E+00
H3         1.0           4.1588566072E-01  -4.1723165403E+00  -2.3346623396E+00
O4         8.0           2.3160365156E+00   2.5780414348E+00   9.2175134063E-02
H5         1.0           1.9596249982E+00   4.3855137759E+00   3.0163043221E-01
O6         8.0          -3.9450705877E-01  -1.3015804187E+00   3.1731699946E+00
H7         1.0          -1.9823702586E+00  -2.0190716033E+00   3.8068413141E+00
O8         8.0          -3.0340572983E+00   1.2403563686E+00  -1.1236164185E+00
H9         1.0          -3.9147075832E+00   2.7976679039E+00  -6.3989968645E-01
H10        1.0          -4.2276708124E+00   3.1941705188E-01  -2.2016175507E+00
H11        1.0           4.1655029412E+00   2.4611460861E+00   9.0649047930E-02
H12        1.0           9.8691723736E-01  -2.1153889299E+00   4.1040289810E+00
H13        1.0           2.7160941507E+00  -2.4746879549E+00  -3.0611472746E+00
</Nuclei of Molecule>
<Total Number of CPs of DelSqRho>
    38
</Total Number of CPs of DelSqRho>
<Number of (3,+3) CPs of DelSqRho>
     5
</Number of (3,+3) CPs of DelSqRho>
<Number of (3,+1) CPs of DelSqRho>
    15
</Number of (3,+1) CPs of DelSqRho>
<Number of (3,-1) CPs of DelSqRho>
    12
</Number of (3,-1) CPs of DelSqRho>
<Number of (3,-3) CPs of DelSqRho>
     6
</Number of (3,-3) CPs of DelSqRho>
<Number of Degenerate CPs of DelSqRho>
     0
</Number of Degenerate CPs of DelSqRho>
<CP of DelSqRho>
CP# = 1       
Type = (3,+3)
Coords =  2.31603675548336E+00  2.57804170122713E+00  9.21751865202267E-02
DistFromNuc =  3.6232829898E-07
Rho =  2.9731812474E+02
DelSqRho = -3.3296636405E+06
GradDelSqRho = -1.4352579456E-05  2.7157861041E-05 -2.7456553653E-07
HessDelSqRho_EigVals =  1.3241349552E+11  1.3241351401E+11  1.3241352151E+11
HessDelSqRho_EigVec1 =  8.9687565338E-03 -1.0032712312E-01  9.9491408160E-01
HessDelSqRho_EigVec2 =  6.5681395663E-01  7.5081595175E-01  6.9791353093E-02
HessDelSqRho_EigVec3 =  7.5399932877E-01 -6.5284751279E-01 -7.2630140166E-02
</CP of DelSqRho>
<CP of DelSqRho>
CP# = 2       
Type = (3,-1)
Coords =  1.33082577381732E+00  1.48857529881558E+00  4.04365919702608E-02
DistFromNuc =  1.4697801005E+00
Rho =  1.5269349288E-01
DelSqRho =  4.7251685541E-01
GradDelSqRho =  1.2871648192E-15  1.7208456882E-15  2.7755575616E-17
HessDelSqRho_EigVals = -8.3751139483E-01 -7.1008903851E-01  4.6452325762E+00
HessDelSqRho_EigVec1 =  6.1483205269E-02 -8.9938992202E-02  9.9404768153E-01
HessDelSqRho_EigVec2 =  7.4122158882E-01 -6.6286699528E-01 -1.0582014381E-01
HessDelSqRho_EigVec3 =  6.6843875691E-01  7.4331576349E-01  2.5909535161E-02
</CP of DelSqRho>
<CP of DelSqRho>
CP# = 3       
Type = (3,+1)
Coords =  2.35509095254820E+00  2.60470060640589E+00  2.53903428497237E-01
DistFromNuc =  1.6849926319E-01
Rho =  2.2524938798E+01
DelSqRho =  1.2321253980E+03
GradDelSqRho =  5.8335558606E-12  1.1830536550E-12 -2.1316282073E-12
HessDelSqRho_EigVals = -4.0922480352E+05  2.2044490527E+03  3.4267788961E+03
HessDelSqRho_EigVec1 =  2.2866218712E-01  1.5453134704E-01  9.6116266415E-01
HessDelSqRho_EigVec2 =  6.1775515200E-01  7.4003521406E-01 -2.6594445683E-01
HessDelSqRho_EigVec3 = -7.5239097307E-01  6.5457462885E-01  7.3755534808E-02
</CP of DelSqRho>
<CP of DelSqRho>
CP# = 4       
Type = (3,+1)
Coords =  2.35379190991903E+00  2.63789593968429E+00 -6.05824433622551E-02
DistFromNuc =  1.6835352392E-01
Rho =  2.2555740531E+01
DelSqRho =  1.2356490293E+03
GradDelSqRho =  4.9027448767E-12  1.0658141036E-13  6.5369931690E-12
HessDelSqRho_EigVals = -4.1262204771E+05  2.0393653389E+03  3.2957974592E+03
HessDelSqRho_EigVec1 = -2.2098182384E-01 -3.5204384526E-01  9.0952304234E-01
HessDelSqRho_EigVec2 =  6.2065515777E-01  6.6859916299E-01  4.0958800566E-01
HessDelSqRho_EigVec3 =  7.5229928131E-01 -6.5501167185E-01 -7.0749565864E-02
</CP of DelSqRho>
<CP of DelSqRho>
CP# = 5       
Type = (3,-1)
Coords =  2.42736802376035E+00  2.70501648200020E+00  9.60740460760108E-02
DistFromNuc =  1.6891586319E-01
Rho =  2.2315710845E+01
DelSqRho =  1.2485692153E+03
GradDelSqRho =  8.6970430857E-12  7.9438677858E-12 -7.6738615462E-13
HessDelSqRho_EigVals = -4.0396557984E+05 -1.5569688207E+03  1.6816299457E+03
HessDelSqRho_EigVec1 =  6.5905101192E-01  7.5176406446E-01  2.2417740363E-02
HessDelSqRho_EigVec2 =  3.9658246290E-02 -6.4501875213E-02  9.9712924518E-01
HessDelSqRho_EigVec3 =  7.5105192044E-01 -6.5626998978E-01 -7.2323670550E-02
</CP of DelSqRho>
<CP of DelSqRho>
CP# = 6       
Type = (3,-1)
Coords =  2.20964880330548E+00  2.45043497205677E+00  7.73725826937354E-02
DistFromNuc =  1.6679589379E-01
Rho =  2.2783817476E+01
DelSqRho =  1.2962257440E+03
GradDelSqRho = -2.2737367544E-12  1.8758328224E-12 -2.0996537842E-12
HessDelSqRho_EigVals = -4.5505669689E+05 -3.3505500452E+03  2.6847529931E+02
HessDelSqRho_EigVec1 =  6.3797607244E-01  7.6489248810E-01  8.9028156482E-02
HessDelSqRho_EigVec2 = -2.7117486140E-03 -1.1338026515E-01  9.9354796658E-01
HessDelSqRho_EigVec3 =  7.7005141219E-01 -6.3410125148E-01 -7.0259700107E-02
</CP of DelSqRho>
<CP of DelSqRho>
CP# = 7       
Type = (3,-3)
Coords =  2.15212055335431E+00  2.54651548141227E+00  8.76470965255346E-02
DistFromNuc =  1.6698153056E-01
Rho =  2.2717072609E+01
DelSqRho =  1.2971067602E+03
GradDelSqRho =  5.5706550484E-12  2.8990143619E-12 -9.9475983006E-14
HessDelSqRho_EigVals = -4.5093873558E+05 -3.5954166102E+03 -4.9734820546E+02
HessDelSqRho_EigVec1 =  9.8100165241E-01  1.9200141826E-01  2.7770728506E-02
HessDelSqRho_EigVec2 = -7.7065862864E-03 -1.0446680316E-01  9.9449851461E-01
HessDelSqRho_EigVec3 = -1.9384624449E-01  9.7581870367E-01  1.0100243103E-01
</CP of DelSqRho>
<CP of DelSqRho>
CP# = 8       
Type = (3,-3)
Coords =  2.30247675475641E+00  2.41273578271261E+00  7.28977244846828E-02
DistFromNuc =  1.6697737642E-01
Rho =  2.2719631417E+01
DelSqRho =  1.2968666829E+03
GradDelSqRho = -1.1368683772E-12  4.5474735089E-12 -4.3485215429E-12
HessDelSqRho_EigVals = -4.5099812483E+05 -3.5735104202E+03 -4.4506279357E+02
HessDelSqRho_EigVec1 =  8.4475335446E-02  9.8968371909E-01  1.1571540032E-01
HessDelSqRho_EigVec2 =  5.8269676570E-03 -1.1661917328E-01  9.9315961198E-01
HessDelSqRho_EigVec3 =  9.9640853276E-01 -8.3223221479E-02 -1.5618298804E-02
</CP of DelSqRho>
<CP of DelSqRho>
CP# = 9       
Type = (3,-1)
Coords =  2.79513953554380E+00  3.12052480327440E+00  1.39181766507804E-01
DistFromNuc =  7.2528444923E-01
Rho =  6.7030414238E-01
DelSqRho = -1.0386907161E+00
GradDelSqRho =  1.3322676296E-15 -2.6645352591E-15  1.5543122345E-15
HessDelSqRho_EigVals = -1.9280130392E+01 -5.6733792503E+00  1.3358014346E+02
HessDelSqRho_EigVec1 =  7.5100838132E-01 -6.5635642976E-01 -7.1990612552E-02
HessDelSqRho_EigVec2 =  1.2794555527E-02 -9.4542256766E-02  9.9543862746E-01
HessDelSqRho_EigVec3 =  6.6016869854E-01  7.4850384020E-01  6.2604238435E-02
</CP of DelSqRho>
<CP of DelSqRho>
CP# = 10      
Type = (3,-1)
Coords =  1.65103562013427E+00  2.84072757348809E+00  1.24535628005786E-01
DistFromNuc =  7.1573556573E-01
Rho =  6.7331849384E-01
DelSqRho = -1.0152227547E+00
GradDelSqRho = -8.4376949872E-15 -1.4654943925E-14 -1.1102230246E-15
HessDelSqRho_EigVals = -1.5547278158E+01 -1.1675249928E+01  1.4400987589E+02
HessDelSqRho_EigVec1 =  3.4268219767E-01  9.3179463457E-01  1.1969824719E-01
HessDelSqRho_EigVec2 = -3.1590424016E-03 -1.2626927517E-01  9.9199097304E-01
HessDelSqRho_EigVec3 =  9.3944607714E-01 -3.4031577855E-01 -4.0326653953E-02
</CP of DelSqRho>
<CP of DelSqRho>
CP# = 11      
Type = (3,-1)
Coords =  2.66412578942060E+00  1.95605046296599E+00  2.68749435044914E-02
DistFromNuc =  7.1575346763E-01
Rho =  6.7283852718E-01
DelSqRho = -1.0144201859E+00
GradDelSqRho = -7.1942451996E-14  8.9750429311E-13 -7.2220007752E-14
HessDelSqRho_EigVals = -1.5440312898E+01 -1.1651555602E+01  1.4399067827E+02
HessDelSqRho_EigVec1 =  8.8768468006E-01  4.5618659466E-01  6.2527591060E-02
HessDelSqRho_EigVec2 =  1.2016124957E-02  1.1279913848E-01 -9.9354515101E-01
HessDelSqRho_EigVec3 = -4.6029503749E-01  8.8270614885E-01  9.4648472027E-02
</CP of DelSqRho>
<CP of DelSqRho>
CP# = 12      
Type = (3,+1)
Coords =  2.17368921584179E+00  3.06403735197643E+00  5.64870839847822E-01
DistFromNuc =  6.9274527466E-01
Rho =  7.7804258105E-01
DelSqRho = -2.5115219461E+00
GradDelSqRho =  1.5987211555E-14 -2.3980817332E-14 -1.6431300764E-14
HessDelSqRho_EigVals = -1.2472774274E+01  1.3118233931E+01  1.8331250965E+02
HessDelSqRho_EigVec1 = -5.6284857507E-02  7.6056608695E-01 -6.4681623526E-01
HessDelSqRho_EigVec2 =  9.7906232735E-01  1.6898052484E-01  1.1350128361E-01
HessDelSqRho_EigVec3 = -1.9562457405E-01  6.2688500508E-01  7.5415264796E-01
</CP of DelSqRho>
<CP of DelSqRho>
CP# = 13      
Type = (3,+1)
Coords =  2.87449483380719E+00  2.54457939831956E+00 -3.17997512825697E-01
DistFromNuc =  6.9371247739E-01
Rho =  7.7546027997E-01
DelSqRho = -2.4999223873E+00
GradDelSqRho =  8.8817841970E-16 -7.1054273576E-15  5.1486592767E-15
HessDelSqRho_EigVals = -1.2820115196E+01  1.3360103485E+01  1.8265608077E+02
HessDelSqRho_EigVec1 =  6.7197259310E-01 -4.0885110600E-02  7.3944657809E-01
HessDelSqRho_EigVec2 =  5.7660067941E-02  9.9833234588E-01  2.8006661538E-03
HessDelSqRho_EigVec3 =  7.3832794251E-01 -4.0754569034E-02 -6.7320941349E-01
</CP of DelSqRho>
<CP of DelSqRho>
CP# = 14      
Type = (3,+1)
Coords =  1.87540093601639E+00  2.07896245091834E+00  5.33174900142056E-02
DistFromNuc =  6.6689539108E-01
Rho =  8.5829557273E-01
DelSqRho = -3.4552054398E+00
GradDelSqRho = -1.2612133560E-13 -1.5809575871E-13  1.9095836024E-14
HessDelSqRho_EigVals = -6.5755691303E+00  1.8910863305E+01  2.4566869387E+02
HessDelSqRho_EigVec1 =  1.5827213405E-02 -9.2668343402E-02  9.9557123173E-01
HessDelSqRho_EigVec2 =  7.5075158760E-01 -6.5653360987E-01 -7.3045690040E-02
HessDelSqRho_EigVec3 =  6.6039499774E-01  7.4858279251E-01  5.9179808378E-02
</CP of DelSqRho>
<CP of DelSqRho>
CP# = 15      
Type = (3,+3)
Coords =  2.15066582163177E+00  2.32679746363530E+00  6.56987281617881E-01
DistFromNuc =  6.3990918222E-01
Rho =  9.4894533334E-01
DelSqRho = -4.2904086109E+00
GradDelSqRho = -1.9539925233E-14 -1.0658141036E-14  1.2434497876E-13
HessDelSqRho_EigVals =  9.6444533565E+00  2.2462078810E+01  3.2609985365E+02
HessDelSqRho_EigVec1 =  6.1328948451E-01  6.5312996225E-01  4.4418156265E-01
HessDelSqRho_EigVec2 =  7.5111951759E-01 -6.5620747116E-01 -7.2188815531E-02
HessDelSqRho_EigVec3 = -2.4432658160E-01 -3.7790608253E-01  8.9302380389E-01
</CP of DelSqRho>
<CP of DelSqRho>
CP# = 16      
Type = (3,+1)
Coords =  2.86560058974102E+00  2.46075451725020E+00  4.97838078802353E-01
DistFromNuc =  6.9306516094E-01
Rho =  7.7709192545E-01
DelSqRho = -2.5051857319E+00
GradDelSqRho =  2.6645352591E-15 -4.8849813084E-15  3.7303493627E-14
HessDelSqRho_EigVals = -1.2442541302E+01  1.3082768236E+01  1.8282459061E+02
HessDelSqRho_EigVec1 =  6.8608266728E-01  1.1177853956E-01 -7.1888533978E-01
HessDelSqRho_EigVec2 =  5.2880022220E-02  9.7785103098E-01  2.0251188720E-01
HessDelSqRho_EigVec3 =  7.2559925365E-01 -1.7695456847E-01  6.6497579189E-01
</CP of DelSqRho>
<CP of DelSqRho>
CP# = 17      
Type = (3,+3)
Coords =  2.15368866978752E+00  2.45913231341102E+00 -5.11748827757273E-01
DistFromNuc =  6.3656920586E-01
Rho =  9.6387023684E-01
DelSqRho = -4.4532975145E+00
GradDelSqRho =  3.5527136788E-15 -3.5527136788E-15 -1.4210854715E-14
HessDelSqRho_EigVals =  1.0922859981E+01  2.3731690885E+01  3.4251498058E+02
HessDelSqRho_EigVec1 =  6.1589592642E-01  7.3346842453E-01 -2.8756960554E-01
HessDelSqRho_EigVec2 = -7.4975942369E-01  6.5778668665E-01  7.1954718053E-02
HessDelSqRho_EigVec3 =  2.4193597170E-01  1.7129140399E-01  9.5505300404E-01
</CP of DelSqRho>
<CP of DelSqRho>
CP# = 18      
Type = (3,+1)
Coords =  2.16697154678747E+00  3.16169435085531E+00 -2.50966331495853E-01
DistFromNuc =  6.9326557449E-01
Rho =  7.7648604855E-01
DelSqRho = -2.5045394783E+00
GradDelSqRho =  7.9936057773E-15 -4.4408920985E-14  3.0198066270E-14
HessDelSqRho_EigVals = -1.2881668900E+01  1.3368535279E+01  1.8335551797E+02
HessDelSqRho_EigVec1 = -4.6802445354E-02  5.8787961084E-01  8.0759339662E-01
HessDelSqRho_EigVec2 = -9.7703342233E-01 -1.9519457096E-01  8.5467953734E-02
HessDelSqRho_EigVec3 = -2.0788271395E-01  7.8504563092E-01 -5.8351361134E-01
</CP of DelSqRho>
<CP of DelSqRho>
CP# = 19      
Type = (3,+3)
Coords =  3.04181226009090E+00  2.52041581100468E+00  9.31912500608777E-02
DistFromNuc =  7.2806055810E-01
Rho =  7.4381843740E-01
DelSqRho = -2.9774432360E+00
GradDelSqRho = -2.4424906542E-14 -4.8849813084E-15 -1.1102230246E-16
HessDelSqRho_EigVals =  1.1041302877E+01  2.2577670503E+01  1.3454614328E+02
HessDelSqRho_EigVec1 = -1.1271476675E-02 -1.0075958917E-01  9.9484695255E-01
HessDelSqRho_EigVec2 =  8.9816206996E-02  9.9078655268E-01  1.0136595084E-01
HessDelSqRho_EigVec3 =  9.9589457413E-01 -9.0495923770E-02  2.1177834008E-03
</CP of DelSqRho>
<CP of DelSqRho>
CP# = 20      
Type = (3,+3)
Coords =  2.16586633133297E+00  3.28486344904849E+00  1.77373347589401E-01
DistFromNuc =  7.2760372436E-01
Rho =  7.4484231473E-01
DelSqRho = -2.9872557633E+00
GradDelSqRho = -7.5495165675E-15  5.5955240441E-14  9.4924068605E-15
HessDelSqRho_EigVals =  1.1099132887E+01  2.2659458406E+01  1.3508460466E+02
HessDelSqRho_EigVec1 =  9.1903692643E-03 -1.1955195494E-01  9.9278540843E-01
HessDelSqRho_EigVec2 =  9.7612528455E-01  2.1653886485E-01  1.7039626749E-02
HessDelSqRho_EigVec3 = -2.1701374607E-01  9.6892633883E-01  1.1868775817E-01
</CP of DelSqRho>
<CP of DelSqRho>
CP# = 21      
Type = (3,+1)
Coords =  1.55257279041257E+00  1.67336256924876E+00  4.63541190477480E-01
DistFromNuc =  1.2406584773E+00
Rho =  2.3914322171E-01
DelSqRho =  5.0902054826E-01
GradDelSqRho = -5.5511151231E-17  8.0491169285E-16  2.7755575616E-16
HessDelSqRho_EigVals = -1.0637894341E+01  2.5641452392E-01  4.0109467668E-01
HessDelSqRho_EigVec1 =  6.0365952727E-01  7.2099881988E-01 -3.4022915346E-01
HessDelSqRho_EigVec2 =  2.4243846097E-01  2.4053179181E-01  9.3987661412E-01
HessDelSqRho_EigVec3 = -7.5948585752E-01  6.4985010492E-01  2.9598536513E-02
</CP of DelSqRho>
<CP of DelSqRho>
CP# = 22      
Type = (3,+1)
Coords =  2.09467309504408E+00  3.69753745218269E+00  2.23062418002611E-01
DistFromNuc =  1.1486533759E+00
Rho =  4.1825318020E-01
DelSqRho = -9.8655092751E-01
GradDelSqRho = -2.5535129566E-13  1.1133316491E-12  4.8311354917E-13
HessDelSqRho_EigVals = -3.2398871613E+01  1.5223573046E+01  1.6075366858E+01
HessDelSqRho_EigVec1 = -1.8950182531E-01  9.7542360643E-01  1.1241817567E-01
HessDelSqRho_EigVec2 = -1.6539004259E-03 -1.1480968145E-01  9.9338612919E-01
HessDelSqRho_EigVec3 =  9.8187897565E-01  1.8806255625E-01  2.3369897715E-02
</CP of DelSqRho>
<CP of DelSqRho>
CP# = 23      
Type = (3,-1)
Coords =  1.90197099608148E+00  3.25114984852914E+00 -7.93554838263691E-01
DistFromNuc =  1.1870310758E+00
Rho =  2.4473866530E-01
DelSqRho =  7.3236993038E-01
GradDelSqRho =  1.3669620991E-15 -5.6309124030E-15  7.2095107662E-15
HessDelSqRho_EigVals = -1.7595390695E+01 -1.2298470403E+00  2.6261193631E-01
HessDelSqRho_EigVec1 =  3.5732350743E-01 -5.4847746386E-01  7.5597115201E-01
HessDelSqRho_EigVec2 =  5.8026515081E-02  8.2088086911E-01  5.6814392743E-01
HessDelSqRho_EigVec3 =  9.3217639671E-01  1.5914480942E-01 -3.2514626716E-01
</CP of DelSqRho>
<CP of DelSqRho>
CP# = 24      
Type = (3,+1)
Coords =  1.53298951840316E+00  1.75676203770397E+00 -4.03524047947879E-01
DistFromNuc =  1.2382972692E+00
Rho =  2.3957050993E-01
DelSqRho =  5.1068702433E-01
GradDelSqRho =  9.7144514655E-16 -9.0205620751E-16  8.3266726847E-17
HessDelSqRho_EigVals = -1.1044723764E+01  2.1463622820E-01  4.5272569201E-01
HessDelSqRho_EigVec1 =  6.2480715338E-01  6.4849895976E-01  4.3481619137E-01
HessDelSqRho_EigVec2 =  2.2807236126E-01  3.8102089803E-01 -8.9599446053E-01
HessDelSqRho_EigVec3 =  7.4672553132E-01 -6.5899330380E-01 -9.0159893648E-02
</CP of DelSqRho>
<CP of DelSqRho>
CP# = 25      
Type = (3,+1)
Coords =  3.46167710966913E+00  2.50439185798347E+00  9.18603319072128E-02
DistFromNuc =  1.1480055444E+00
Rho =  4.1876545657E-01
DelSqRho = -9.8981692704E-01
GradDelSqRho =  8.9438456641E-12 -1.2415624084E-12  2.2032237146E-12
HessDelSqRho_EigVals = -3.2474503852E+01  1.5260323502E+01  1.6123400373E+01
HessDelSqRho_EigVec1 =  9.9819492590E-01 -6.0049779743E-02 -9.5596375596E-04
HessDelSqRho_EigVec2 = -5.3734711823E-03 -1.0515312048E-01  9.9444152521E-01
HessDelSqRho_EigVec3 =  5.9816517128E-02  9.9264134772E-01  1.0528598707E-01
</CP of DelSqRho>
<CP of DelSqRho>
CP# = 26      
Type = (3,-3)
Coords =  2.85501829392161E+00  1.58106345887523E+00 -4.01377957432122E-02
DistFromNuc =  1.1410403819E+00
Rho =  2.4636768380E-01
DelSqRho =  8.4154928588E-01
GradDelSqRho =  3.8857805862E-16  7.7715611724E-16  2.4980018054E-16
HessDelSqRho_EigVals = -1.7662661810E+01 -1.7970483762E+00 -4.7520119619E-01
HessDelSqRho_EigVec1 = -4.3587753141E-01  8.9249326822E-01  1.1604543850E-01
HessDelSqRho_EigVec2 =  8.9997951563E-01  4.3123744183E-01  6.3805487328E-02
HessDelSqRho_EigVec3 = -6.9028298796E-03 -1.3224989584E-01  9.9119237083E-01
</CP of DelSqRho>
<CP of DelSqRho>
CP# = 27      
Type = (3,-1)
Coords =  1.48641782272722E+00  1.63802331691828E+00  1.54278713985189E-02
DistFromNuc =  1.2561016598E+00
Rho =  2.3345136185E-01
DelSqRho =  5.1841425899E-01
GradDelSqRho = -3.0281332997E-14 -3.5707548030E-13 -8.2794882061E-14
HessDelSqRho_EigVals = -7.8521395512E+00 -2.0428826857E-01  2.1329897076E-01
HessDelSqRho_EigVec1 =  6.5614344724E-01  7.5112395788E-01  7.2722599931E-02
HessDelSqRho_EigVec2 =  1.9635132937E-02 -1.1332809350E-01  9.9336358136E-01
HessDelSqRho_EigVec3 =  7.5438069845E-01 -6.5036108672E-01 -8.9107904701E-02
</CP of DelSqRho>
<CP of DelSqRho>
CP# = 28      
Type = (3,-3)
Coords =  3.03487677198122E+00  3.34616356537241E+00  5.94793593357915E-01
DistFromNuc =  1.1659194815E+00
Rho =  2.5113622931E-01
DelSqRho =  8.4988101635E-01
GradDelSqRho = -7.9342088455E-13 -8.2859413775E-13 -7.5550676826E-13
HessDelSqRho_EigVals = -1.7164915156E+01 -3.2691475584E+00 -1.3917049465E-01
HessDelSqRho_EigVec1 = -6.1668779022E-01 -6.5888491122E-01 -4.3077470115E-01
HessDelSqRho_EigVec2 =  7.5138068076E-01 -6.5587699772E-01 -7.2473694810E-02
HessDelSqRho_EigVec3 = -2.3478339371E-01 -3.6836943091E-01  8.9954472952E-01
</CP of DelSqRho>
<CP of DelSqRho>
CP# = 29      
Type = (3,-1)
Coords =  2.92355564770345E+00  2.10815411600204E+00  9.97958333773303E-01
DistFromNuc =  1.1875675952E+00
Rho =  2.4449226321E-01
DelSqRho =  7.2441156402E-01
GradDelSqRho =  1.9012569297E-15 -1.5022705302E-15  2.4216739725E-15
HessDelSqRho_EigVals = -1.7384686123E+01 -1.2227405976E+00  2.7750480312E-01
HessDelSqRho_EigVec1 =  4.9267302669E-01 -4.0893955670E-01  7.6814173675E-01
HessDelSqRho_EigVec2 =  8.7021395644E-01  2.3251472011E-01 -4.3435535560E-01
HessDelSqRho_EigVec3 = -9.7917435350E-04  8.8244282755E-01  4.7041864049E-01
</CP of DelSqRho>
<CP of DelSqRho>
CP# = 30      
Type = (3,-3)
Coords =  3.03721574635621E+00  3.43835524876231E+00 -2.16567167721644E-01
DistFromNuc =  1.1642856824E+00
Rho =  2.5108018038E-01
DelSqRho =  8.5221813974E-01
GradDelSqRho = -1.4271916982E-13 -1.7658097207E-13  1.0630385461E-13
HessDelSqRho_EigVals = -1.7171253197E+01 -3.2226378864E+00 -1.6826975903E-01
HessDelSqRho_EigVec1 =  6.1921689331E-01  7.3855464671E-01 -2.6665984487E-01
HessDelSqRho_EigVec2 =  7.5115455095E-01 -6.5609182862E-01 -7.2872168936E-02
HessDelSqRho_EigVec3 =  2.2877342422E-01  1.5517907797E-01  9.6103182784E-01
</CP of DelSqRho>
<CP of DelSqRho>
CP# = 31      
Type = (3,-1)
Coords =  1.87188288134551E+00  3.02656721339164E+00  1.09834263961378E+00
DistFromNuc =  1.1877798088E+00
Rho =  2.4457524915E-01
DelSqRho =  7.2350496788E-01
GradDelSqRho =  3.3209546224E-14 -2.3766405510E-13 -7.3119635347E-13
HessDelSqRho_EigVals = -1.7352495348E+01 -1.2265832880E+00  2.8061091510E-01
HessDelSqRho_EigVec1 = -3.8383690484E-01  3.5657610160E-01  8.5177621137E-01
HessDelSqRho_EigVec2 =  7.1103651865E-02  9.3110832358E-01 -3.5774510543E-01
HessDelSqRho_EigVec3 = -9.2065927529E-01 -7.6751374788E-02 -3.8274759998E-01
</CP of DelSqRho>
<CP of DelSqRho>
CP# = 32      
Type = (3,-3)
Coords =  1.25029573997741E+00  2.98587444153277E+00  1.13907726380850E-01
DistFromNuc =  1.1413165502E+00
Rho =  2.4664714395E-01
DelSqRho =  8.4155067799E-01
GradDelSqRho =  8.8817841970E-16  1.6098233857E-15  2.0209528495E-16
HessDelSqRho_EigVals = -1.7628245169E+01 -1.8338347043E+00 -4.7693192469E-01
HessDelSqRho_EigVec1 =  9.4786996911E-01 -3.1821096966E-01 -1.6861211310E-02
HessDelSqRho_EigVec2 =  3.1775508194E-01  9.3988284634E-01  1.2510772577E-01
HessDelSqRho_EigVec3 = -2.3963087450E-02 -1.2394359174E-01  9.9199987727E-01
</CP of DelSqRho>
<CP of DelSqRho>
CP# = 33      
Type = (3,-1)
Coords =  2.93359393328935E+00  2.34924665803240E+00 -8.95563559716098E-01
DistFromNuc =  1.1871612953E+00
Rho =  2.4465797325E-01
DelSqRho =  7.3076881842E-01
GradDelSqRho = -1.1397133237E-15 -1.2490009027E-16  2.1961599206E-15
HessDelSqRho_EigVals = -1.7588840931E+01 -1.1999123668E+00  2.6604484381E-01
HessDelSqRho_EigVec1 = -5.0243251736E-01  2.0278153562E-01  8.4050057365E-01
HessDelSqRho_EigVec2 =  8.6461423013E-01  1.1564567477E-01  4.8894612277E-01
HessDelSqRho_EigVec3 =  1.9489896208E-03  9.7237118773E-01 -2.3343194880E-01
</CP of DelSqRho>
<CP of DelSqRho>
CP# = 34      
Type = (3,-1)
Coords =  3.08441237447756E+00  3.44185458992594E+00  2.41527334733151E-01
DistFromNuc =  1.1657103874E+00
Rho =  2.5422833600E-01
DelSqRho =  8.4702019602E-01
GradDelSqRho = -2.7755575616E-16 -6.9388939039E-16  7.4940054162E-16
HessDelSqRho_EigVals = -1.6445135500E+01 -4.4262776752E+00  9.6368547310E-02
HessDelSqRho_EigVec1 =  6.5936586389E-01  7.4117147971E-01  1.2610113084E-01
HessDelSqRho_EigVec2 =  7.5125570798E-01 -6.5604517059E-01 -7.2246767245E-02
HessDelSqRho_EigVec3 = -2.9180794511E-02 -1.4237124642E-01  9.8938309538E-01
</CP of DelSqRho>
<CP of DelSqRho>
CP# = 35      
Type = (3,+1)
Coords =  4.11302207691875E+00  2.54382567793800E+00  9.68030092655484E-01
DistFromNuc =  1.9993623318E+00
Rho =  7.4976308733E-02
DelSqRho =  1.8208661874E-01
GradDelSqRho = -2.7250944556E-12  2.6447247170E-13 -2.0922495507E-12
HessDelSqRho_EigVals = -1.6812469379E+00  2.5996904184E-02  5.8539186235E-01
HessDelSqRho_EigVec1 =  6.0357906007E-01  3.7401299080E-02  7.9642542719E-01
HessDelSqRho_EigVec2 = -8.4195435155E-02 -9.9032400591E-01  1.1031542056E-01
HessDelSqRho_EigVec3 =  7.9284515950E-01 -1.3363946326E-01 -5.9458981400E-01
</CP of DelSqRho>
<CP of DelSqRho>
CP# = 36      
Type = (3,+1)
Coords =  2.17541291163372E+00  4.27154611791501E+00  1.14937247696562E+00
DistFromNuc =  2.0013493777E+00
Rho =  7.4793351521E-02
DelSqRho =  1.8168981974E-01
GradDelSqRho =  5.2128440453E-16 -2.0651882982E-14 -2.0133200662E-14
HessDelSqRho_EigVals = -1.6845091178E+00  2.4705432875E-02  5.8522373243E-01
HessDelSqRho_EigVec1 =  7.3936822413E-02  5.3307520724E-01  8.4283104458E-01
HessDelSqRho_EigVec2 =  9.4308811164E-01  2.3738905398E-01 -2.3287604157E-01
HessDelSqRho_EigVec3 =  3.2421930846E-01 -8.1208205280E-01  4.8518509823E-01
</CP of DelSqRho>
<CP of DelSqRho>
CP# = 37      
Type = (3,+1)
Coords =  2.21886110982953E+00  4.47396861012571E+00 -5.31358213278044E-01
DistFromNuc =  1.9981933713E+00
Rho =  7.5159898296E-02
DelSqRho =  1.8336425564E-01
GradDelSqRho = -1.7976072020E-16 -1.0408340856E-15  4.9266146718E-16
HessDelSqRho_EigVals = -1.7351973191E+00  2.3387691527E-02  5.8173871480E-01
HessDelSqRho_EigVec1 = -1.1908098440E-01 -7.0939748964E-01  6.9467612659E-01
HessDelSqRho_EigVec2 =  9.2623544174E-01  1.7264896566E-01  3.3508243930E-01
HessDelSqRho_EigVec3 =  3.5764175599E-01 -6.8333559570E-01 -6.3650988839E-01
</CP of DelSqRho>
<CP of DelSqRho>
CP# = 38      
Type = (3,+1)
Coords =  4.12220507373586E+00  2.73369282219167E+00 -7.44932768414499E-01
DistFromNuc =  1.9968029084E+00
Rho =  7.5226576912E-02
DelSqRho =  1.8307813224E-01
GradDelSqRho =  2.4873506033E-13  3.3251006115E-13 -6.5205479904E-13
HessDelSqRho_EigVals = -1.7075210792E+00  2.5546588353E-02  5.8370963421E-01
HessDelSqRho_EigVec1 = -6.0672306478E-01 -2.1253311723E-01  7.6597440998E-01
HessDelSqRho_EigVec2 =  8.1999453793E-02  9.4172084768E-01  3.2624827145E-01
HessDelSqRho_EigVec3 = -7.9067263279E-01  2.6075183437E-01 -5.5393615934E-01
</CP of DelSqRho>
<Path of -GradDelSqRho>
Starting CP# =      3
Ending CP# =     15
Number of Points =     38
  2.3550909525E+00  2.6047006064E+00  2.5390342850E-01  2.2524938798E+01  1.2321253980E+03
  2.3607896388E+00  2.6085427668E+00  2.7794012009E-01  1.5617422058E+01  1.1504149511E+03
  2.3664708842E+00  2.6123643013E+00  3.0198423201E-01  1.0933808004E+01  9.8075152701E+02
  2.3721478509E+00  2.6161807639E+00  3.2603016003E-01  7.7677436831E+00  7.7269147374E+02
  2.3778145470E+00  2.6199850734E+00  3.5008043520E-01  5.6355675205E+00  5.7212377021E+02
  2.3834607498E+00  2.6237651486E+00  3.7413934790E-01  4.2004921504E+00  4.0793774344E+02
  2.3890753609E+00  2.6275078777E+00  3.9821148583E-01  3.2319931260E+00  2.8529910235E+02
  2.3946472634E+00  2.6312001360E+00  4.2230133098E-01  2.5752762033E+00  1.9706544133E+02
  2.4001661877E+00  2.6348298111E+00  4.4641286806E-01  2.1270353361E+00  1.3404504894E+02
  2.4056221926E+00  2.6383851902E+00  4.7054977549E-01  1.8179856076E+00  8.9048147711E+01
  2.4110031504E+00  2.6418519944E+00  4.9471638710E-01  1.6013417576E+00  5.7184422855E+01
  2.4162911380E+00  2.6452091343E+00  5.1891895900E-01  1.4454889172E+00  3.5073579723E+01
  2.4214581976E+00  2.6484237458E+00  5.4316692166E-01  1.3292371265E+00  2.0180587237E+01
  2.4264604489E+00  2.6514443339E+00  5.6747423936E-01  1.2386015431E+00  1.0496849201E+01
  2.4312280752E+00  2.6541891781E+00  5.9186110429E-01  1.1645316813E+00  4.4348960122E+00
  2.4356460966E+00  2.6565242195E+00  6.1635581910E-01  1.1012977884E+00  7.8926207888E-01
  2.4395129330E+00  2.6582158381E+00  6.4099498088E-01  1.0453793237E+00 -1.3076320433E+00
  2.4424349021E+00  2.6588121362E+00  6.6581024869E-01  9.9478838143E-01 -2.4472995143E+00
  2.4434853399E+00  2.6572674595E+00  6.9071230359E-01  9.4900729387E-01 -3.0149915578E+00
  2.4398847981E+00  2.6505704199E+00  7.1429904630E-01  9.1155429623E-01 -3.2608177279E+00
  2.4275468817E+00  2.6349487891E+00  7.2855735604E-01  8.9715143271E-01 -3.3762005942E+00
  2.4116087425E+00  2.6162944816E+00  7.3310985487E-01  9.0030626788E-01 -3.4721543939E+00
  2.3952452325E+00  2.5974722841E+00  7.3477296718E-01  9.0683526977E-01 -3.5642574653E+00
  2.3787856332E+00  2.5786642497E+00  7.3529240114E-01  9.1351449473E-01 -3.6526093820E+00
  2.3622786294E+00  2.5598932563E+00  7.3495698646E-01  9.1979065200E-01 -3.7367195588E+00
  2.3457451705E+00  2.5411776121E+00  7.3381025258E-01  9.2555489327E-01 -3.8161006979E+00
  2.3292031810E+00  2.5225362571E+00  7.3185879293E-01  9.3076959215E-01 -3.8903018133E+00
  2.3126703300E+00  2.5039883874E+00  7.2910435219E-01  9.3541094273E-01 -3.9589172556E+00
  2.2961643383E+00  2.4855533308E+00  7.2554819827E-01  9.3946135817E-01 -4.0215930903E+00
  2.2797030359E+00  2.4672505615E+00  7.2119169812E-01  9.4290869059E-01 -4.0780323302E+00
  2.2633043913E+00  2.4490997378E+00  7.1603645456E-01  9.4574618310E-01 -4.1279990861E+00
  2.2469865272E+00  2.4311207419E+00  7.1008439912E-01  9.4797243082E-01 -4.1713215687E+00
  2.2307677223E+00  2.4133337200E+00  7.0333787733E-01  9.4959128464E-01 -4.2078939009E+00
  2.2146663938E+00  2.3957591302E+00  6.9579972971E-01  9.5061169682E-01 -4.2376767280E+00
  2.1987010518E+00  2.3784178069E+00  6.8747336992E-01  9.5104751208E-01 -4.2606966540E+00
  2.1828902047E+00  2.3613310611E+00  6.7836286330E-01  9.5091720842E-01 -4.2770445584E+00
  2.1672521596E+00  2.3445208669E+00  6.6847301306E-01  9.5024359211E-01 -4.2868728810E+00
  2.1506658216E+00  2.3267974636E+00  6.5698728162E-01  9.4894533334E-01 -4.2904086109E+00
</Path of -GradDelSqRho>
<Path of -GradDelSqRho>
Starting CP# =      3
Ending CP# =      1
Number of Points =      7
  2.3550909525E+00  2.6047006064E+00  2.5390342850E-01  2.2524938798E+01  1.2321253980E+03
  2.3493529314E+00  2.6008119446E+00  2.2988358225E-01  3.2746354911E+01  9.8175775697E+02
  2.3435813607E+00  2.5968836148E+00  2.0587822697E-01  4.7976586870E+01 -7.8992021387E+02
  2.3377949817E+00  2.5929377734E+00  1.8187930743E-01  7.0599787761E+01 -6.3713968456E+03
  2.3319979203E+00  2.5889792994E+00  1.5788504779E-01  1.0417632556E+02 -2.0569886825E+04
  2.3261830776E+00  2.5849997980E+00  1.3389856948E-01  1.5455091783E+02 -7.5101167283E+04
  2.3160367555E+00  2.5780417012E+00  9.2175186520E-02  2.9731812474E+02 -3.3296636405E+06
</Path of -GradDelSqRho>
<Path of -GradDelSqRho>
Starting CP# =      4
Ending CP# =      1
Number of Points =      7
  2.3537919099E+00  2.6378959397E+00 -6.0582443362E-02  2.2555740531E+01  1.2356490293E+03
  2.3482447265E+00  2.6290707879E+00 -3.7859217317E-02  3.2797269093E+01  9.8303570424E+02
  2.3426622670E+00  2.6202081630E+00 -1.5159219479E-02  4.8060208444E+01 -8.0153892591E+02
  2.3370642665E+00  2.6113290353E+00  7.5305020991E-03  7.0733684286E+01 -6.4085743609E+03
  2.3314549322E+00  2.6024378755E+00  3.0212710359E-02  1.0439064842E+02 -2.0708357027E+04
  2.3258268336E+00  2.5935268003E+00  5.2882452506E-02  1.5488487127E+02 -7.5569315344E+04
  2.3160367555E+00  2.5780417012E+00  9.2175186520E-02  2.9731812474E+02 -3.3296636405E+06
</Path of -GradDelSqRho>
<Path of -GradDelSqRho>
Starting CP# =      4
Ending CP# =     17
Number of Points =     37
  2.3537919099E+00  2.6378959397E+00 -6.0582443362E-02  2.2555740531E+01  1.2356490293E+03
  2.3592974671E+00  2.6466768486E+00 -8.3332920556E-02  1.5636222564E+01  1.1534498984E+03
  2.3647843000E+00  2.6554378398E+00 -1.0609560253E-01  1.0945494297E+01  9.8322624416E+02
  2.3702665129E+00  2.6641939049E+00 -1.2886129291E-01  7.7753532904E+00  7.7465008623E+02
  2.3757378677E+00  2.6729384068E+00 -1.5163403776E-01  5.6410414990E+00  5.7355225704E+02
  2.3811875620E+00  2.6816598454E+00 -1.7442081420E-01  4.2050421888E+00  4.0888609708E+02
  2.3866038410E+00  2.6903456937E+00 -1.9722913792E-01  3.2363316472E+00  2.8586840578E+02
  2.3919749096E+00  2.6989833615E+00 -2.2006642695E-01  2.5797858676E+00  1.9735937338E+02
  2.3972898430E+00  2.7075611588E+00 -2.4293938219E-01  2.1318901808E+00  1.3414693097E+02
  2.4025380333E+00  2.7160677015E+00 -2.6585431457E-01  1.8232321181E+00  8.9019732455E+01
  2.4077065157E+00  2.7244890468E+00 -2.8881876784E-01  1.6069516067E+00  5.7071404590E+01
  2.4127761131E+00  2.7328045473E+00 -3.1184373330E-01  1.4513936695E+00  3.4910233064E+01
  2.4177168725E+00  2.7409819054E+00 -3.3494600840E-01  1.3353516270E+00  1.9992292548E+01
  2.4224816711E+00  2.7489701897E+00 -3.5815107519E-01  1.2448399074E+00  1.0301501940E+01
  2.4269952565E+00  2.7566877782E+00 -3.8149733120E-01  1.1708185418E+00  4.2441208113E+00
  2.4311330033E+00  2.7639988129E+00 -4.0504270163E-01  1.1075776562E+00  6.0972644723E-01
  2.4346745912E+00  2.7706613488E+00 -4.2887447563E-01  1.0516295221E+00 -1.4729179047E+00
  2.4371844124E+00  2.7761916578E+00 -4.5311795150E-01  1.0010530856E+00 -2.5979485554E+00
  2.4376213313E+00  2.7794111747E+00 -4.7787084613E-01  9.5554227904E-01 -3.1529014057E+00
  2.4329318370E+00  2.7767077721E+00 -5.0200696832E-01  9.1960030353E-01 -3.3921179977E+00
  2.4198190391E+00  2.7634904587E+00 -5.1802659888E-01  9.0781197336E-01 -3.5116732338E+00
  2.4037768558E+00  2.7460233443E+00 -5.2581924980E-01  9.1187412146E-01 -3.6143232887E+00
  2.3873898152E+00  2.7278789983E+00 -5.3102182714E-01  9.1891216662E-01 -3.7127497114E+00
  2.3709222059E+00  2.7095231217E+00 -5.3512193784E-01  9.2603752318E-01 -3.8069112699E+00
  2.3544163956E+00  2.6910330289E+00 -5.3838062154E-01  9.3272104116E-01 -3.8962578731E+00
  2.3378920704E+00  2.6724356690E+00 -5.4083641980E-01  9.3885102000E-01 -3.9802484991E+00
  2.3213664331E+00  2.6537512372E+00 -5.4249216704E-01  9.4438687673E-01 -4.0583848297E+00
  2.3048565039E+00  2.6349991789E+00 -5.4334571709E-01  9.4930264330E-01 -4.1302212816E+00
  2.2883793817E+00  2.6161989721E+00 -5.4339437998E-01  9.5357907299E-01 -4.1953721336E+00
  2.2719523030E+00  2.5973702561E+00 -5.4263553148E-01  9.5720278617E-01 -4.2535173233E+00
  2.2555926819E+00  2.5785328844E+00 -5.4106675428E-01  9.6016621295E-01 -4.3044069799E+00
  2.2393181455E+00  2.5597069603E+00 -5.3868592833E-01  9.6246755266E-01 -4.3478646260E+00
  2.2231465675E+00  2.5409128617E+00 -5.3549131097E-01  9.6411067553E-01 -4.3837890037E+00
  2.2070961049E+00  2.5221712524E+00 -5.3148161019E-01  9.6510496397E-01 -4.4121545192E+00
  2.1911852476E+00  2.5035030755E+00 -5.2665605311E-01  9.6546509636E-01 -4.4330103386E+00
  2.1754328989E+00  2.4849295123E+00 -5.2101445315E-01  9.6521077709E-01 -4.4464782061E+00
  2.1536886698E+00  2.4591323134E+00 -5.1174882776E-01  9.6387023684E-01 -4.4532975145E+00
</Path of -GradDelSqRho>
<Path of -GradDelSqRho>
Starting CP# =     12
Ending CP# =     20
Number of Points =     19
  2.1736892158E+00  3.0640373520E+00  5.6487083985E-01  7.7804258105E-01 -2.5115219461E+00
  2.1724441733E+00  3.0812062897E+00  5.4977214666E-01  7.7412628401E-01 -2.5147406217E+00
  2.1711862702E+00  3.0993699758E+00  5.3264237879E-01  7.7022934201E-01 -2.5253205401E+00
  2.1700379532E+00  3.1169037232E+00  5.1486093657E-01  7.6671354773E-01 -2.5427298939E+00
  2.1690025670E+00  3.1337831616E+00  4.9645053740E-01  7.6356045110E-01 -2.5662815870E+00
  2.1680829195E+00  3.1499834049E+00  4.7743380795E-01  7.6074835145E-01 -2.5951699924E+00
  2.1672812963E+00  3.1654786576E+00  4.5783321565E-01  7.5825301764E-01 -2.6284835530E+00
  2.1665994421E+00  3.1802417773E+00  4.3767105593E-01  7.5604849772E-01 -2.6652207113E+00
  2.1660384951E+00  3.1942437949E+00  4.1696950228E-01  7.5410802886E-01 -2.7043089452E+00
  2.1655988589E+00  3.2074533937E+00  3.9575072974E-01  7.5240505273E-01 -2.7446265852E+00
  2.1652799744E+00  3.2198363610E+00  3.7403712853E-01  7.5091433124E-01 -2.7850270102E+00
  2.1650799378E+00  3.2313550384E+00  3.5185163097E-01  7.4961313747E-01 -2.8243647648E+00
  2.1649948725E+00  3.2419678300E+00  3.2921818201E-01  7.4848246430E-01 -2.8615230932E+00
  2.1650178930E+00  3.2516288681E+00  3.0616238379E-01  7.4750814283E-01 -2.8954423226E+00
  2.1651373760E+00  3.2602879869E+00  2.8271233305E-01  7.4668169299E-01 -2.9251484284E+00
  2.1653339879E+00  3.2678911838E+00  2.5889963046E-01  7.4600064578E-01 -2.9497809642E+00
  2.1655752559E+00  3.2743816508E+00  2.3476046311E-01  7.4546801386E-01 -2.9686193439E+00
  2.1658043005E+00  3.2797008803E+00  2.1033655132E-01  7.4509063279E-01 -2.9811062670E+00
  2.1658663313E+00  3.2848634490E+00  1.7737334759E-01  7.4484231473E-01 -2.9872557633E+00
</Path of -GradDelSqRho>
<Path of -GradDelSqRho>
Starting CP# =     12
Ending CP# =     15
Number of Points =     33
  2.1736892158E+00  3.0640373520E+00  5.6487083985E-01  7.7804258105E-01 -2.5115219461E+00
  2.1750214595E+00  3.0463709131E+00  5.7939663288E-01  7.8229758977E-01 -2.5148389636E+00
  2.1765680915E+00  3.0265571196E+00  5.9456079956E-01  7.8733377904E-01 -2.5261940961E+00
  2.1782060063E+00  3.0062077178E+00  6.0898817953E-01  7.9278092042E-01 -2.5457909160E+00
  2.1799285959E+00  2.9853487268E+00  6.2265804360E-01  7.9863391320E-01 -2.5736720696E+00
  2.1817283388E+00  2.9640070430E+00  6.3555080581E-01  8.0488152477E-01 -2.6097508760E+00
  2.1835967093E+00  2.9422104938E+00  6.4764830311E-01  8.1150609601E-01 -2.6538173474E+00
  2.1855240765E+00  2.9199878287E+00  6.5893405890E-01  8.1848332071E-01 -2.7055453329E+00
  2.1874995930E+00  2.8973686505E+00  6.6939351380E-01  8.2578211370E-01 -2.7645003801E+00
  2.1895110713E+00  2.8743832926E+00  6.7901420592E-01  8.3336458544E-01 -2.8301479972E+00
  2.1915448434E+00  2.8510626499E+00  6.8778588406E-01  8.4118614246E-01 -2.9018621082E+00
  2.1935855944E+00  2.8274379779E+00  6.9570053949E-01  8.4919573321E-01 -2.9789336161E+00
  2.1956161627E+00  2.8035406750E+00  7.0275234603E-01  8.5733625710E-01 -3.0605791032E+00
  2.1976172891E+00  2.7794020683E+00  7.0893750305E-01  8.6554514979E-01 -3.1459497959E+00
  2.1995672999E+00  2.7550532239E+00  7.1425398169E-01  8.7375515091E-01 -3.2341409943E+00
  2.2014416969E+00  2.7305248048E+00  7.1870118117E-01  8.8189525125E-01 -3.3242022033E+00
  2.2032126233E+00  2.7058470003E+00  7.2227950685E-01  8.8989180559E-01 -3.4151482028E+00
  2.2048481615E+00  2.6810495517E+00  7.2498988589E-01  8.9766978637E-01 -3.5059712644E+00
  2.2063114057E+00  2.6561619048E+00  7.2683323747E-01  9.0515414415E-01 -3.5956546608E+00
  2.2075592279E+00  2.6312135251E+00  7.2780991340E-01  9.1227123432E-01 -3.6831875427E+00
  2.2085406300E+00  2.6062344341E+00  7.2791912040E-01  9.1895026797E-01 -3.7675811861E+00
  2.2091945260E+00  2.5812560534E+00  7.2715833056E-01  9.2512474913E-01 -3.8478865524E+00
  2.2094467425E+00  2.5563125107E+00  7.2552268213E-01  9.3073387092E-01 -3.9232130787E+00
  2.2092059410E+00  2.5314426660E+00  7.2300437809E-01  9.3572385919E-01 -3.9927486249E+00
  2.2083580720E+00  2.5066933092E+00  7.1959211661E-01  9.4004927440E-01 -4.0557805584E+00
  2.2067588973E+00  2.4821243094E+00  7.1527066690E-01  9.4367430981E-01 -4.1117180237E+00
  2.2042242023E+00  2.4578170387E+00  7.1002090173E-01  9.4657415853E-01 -4.1601154357E+00
  2.2005179797E+00  2.4338881980E+00  7.0382104934E-01  9.4873656150E-01 -4.2006968792E+00
  2.1953412424E+00  2.4105119400E+00  6.9665086896E-01  9.5016367623E-01 -4.2333796671E+00
  2.1883309231E+00  2.3879520396E+00  6.8850204689E-01  9.5087433827E-01 -4.2582911728E+00
  2.1790940630E+00  2.3665957574E+00  6.7939919386E-01  9.5090631546E-01 -4.2757636218E+00
  2.1673273764E+00  2.3469434846E+00  6.6942943665E-01  9.5031650983E-01 -4.2862778059E+00
  2.1506658216E+00  2.3267974636E+00  6.5698728162E-01  9.4894533334E-01 -4.2904086109E+00
</Path of -GradDelSqRho>
<Path of -GradDelSqRho>
Starting CP# =     13
Ending CP# =     19
Number of Points =     19
  2.8744948338E+00  2.5445793983E+00 -3.1799751283E-01  7.7546027997E-01 -2.4999223873E+00
  2.8897760623E+00  2.5436187169E+00 -3.0059789194E-01  7.7145553625E-01 -2.5033064379E+00
  2.9055832537E+00  2.5425540019E+00 -2.8126064558E-01  7.6754195243E-01 -2.5142251835E+00
  2.9206688079E+00  2.5414628911E+00 -2.6135674175E-01  7.6403269444E-01 -2.5320922666E+00
  2.9350109521E+00  2.5403481772E+00 -2.4091194329E-01  7.6090671044E-01 -2.5561744010E+00
  2.9485873968E+00  2.5392120794E+00 -2.1995202365E-01  7.5813983267E-01 -2.5856227467E+00
  2.9613749279E+00  2.5380561976E+00 -1.9850276348E-01  7.5570553119E-01 -2.6194863687E+00
  2.9733489692E+00  2.5368814346E+00 -1.7659001357E-01  7.5357575961E-01 -2.6567289553E+00
  2.9844831158E+00  2.5356878734E+00 -1.5423983234E-01  7.5172190266E-01 -2.6962485513E+00
