 AIMInt (Version 19.02.13, Professional)
 Portions Copyright (c) 1997-2019 by Todd A. Keith
 AIMInt is a component of the AIMAll package ( http://aim.tkgristmill.com )

 TP:  64-bit Linux

 Licensed To:  Research Group of Fernando Cortes Guzman, UNAM, fercor@unam.mx

 AIMInt is a heavily modified and extended version of the PROAIMV program
 developed by members of R.F.W. Bader's research group

 Much of the Quantum Theory of Atoms in Molecules (QTAIM) is described in the book:
   "Atoms in Molecules - A Quantum Theory"
   R.F.W. Bader, Oxford University Press, Oxford, 1990

 For additional references see:  http://aim.tkgristmill.com/references.html

 Current Directory:  /home/scratch/M_H2O_4_tetraedrico/Opt

 Inp File:  Cu2_tetraedrico_cc-pvtz-def2-tzv_1_atomicfiles/o6.inp
 Wfx File:  Cu2_tetraedrico_cc-pvtz-def2-tzv_1.wfx
 Out File:  Cu2_tetraedrico_cc-pvtz-def2-tzv_1_atomicfiles/o6.int

 Wfx Title:   Cu2_tetraedrico_cc-pvtz-def2-tzv_1                                            
 Job Title:   Cu2_tetraedrico_cc-pvtz-def2-tzv_1                                            
 
<Atom>
O6      
</Atom>
<Nuclei of Molecule>
    13
Cu1       29.0          -1.9554166519E-03   1.3405400532E-02  -1.0789577590E-03
O2         8.0           1.1047066851E+00  -2.4631969353E+00  -2.1460453538E+00
H3         1.0           4.1588566072E-01  -4.1723165403E+00  -2.3346623396E+00
O4         8.0           2.3160365156E+00   2.5780414348E+00   9.2175134063E-02
H5         1.0           1.9596249982E+00   4.3855137759E+00   3.0163043221E-01
O6         8.0          -3.9450705877E-01  -1.3015804187E+00   3.1731699946E+00
H7         1.0          -1.9823702586E+00  -2.0190716033E+00   3.8068413141E+00
O8         8.0          -3.0340572983E+00   1.2403563686E+00  -1.1236164185E+00
H9         1.0          -3.9147075832E+00   2.7976679039E+00  -6.3989968645E-01
H10        1.0          -4.2276708124E+00   3.1941705188E-01  -2.2016175507E+00
H11        1.0           4.1655029412E+00   2.4611460861E+00   9.0649047930E-02
H12        1.0           9.8691723736E-01  -2.1153889299E+00   4.1040289810E+00
H13        1.0           2.7160941507E+00  -2.4746879549E+00  -3.0611472746E+00
</Nuclei of Molecule>
<Total Number of CPs of DelSqRho>
    34
</Total Number of CPs of DelSqRho>
<Number of (3,+3) CPs of DelSqRho>
     5
</Number of (3,+3) CPs of DelSqRho>
<Number of (3,+1) CPs of DelSqRho>
    14
</Number of (3,+1) CPs of DelSqRho>
<Number of (3,-1) CPs of DelSqRho>
    10
</Number of (3,-1) CPs of DelSqRho>
<Number of (3,-3) CPs of DelSqRho>
     5
</Number of (3,-3) CPs of DelSqRho>
<Number of Degenerate CPs of DelSqRho>
     0
</Number of Degenerate CPs of DelSqRho>
<CP of DelSqRho>
CP# = 1       
Type = (3,+3)
Coords = -3.94507082069061E-01 -1.30158075869280E+00  3.17317011814723E+00
DistFromNuc =  3.6246538426E-07
Rho =  2.9728585658E+02
DelSqRho = -3.3292315211E+06
GradDelSqRho = -2.1870155251E-06  8.0506288214E-06  2.9221337172E-06
HessDelSqRho_EigVals =  1.3239605082E+11  1.3239607058E+11  1.3239607785E+11
HessDelSqRho_EigVec1 = -2.7224032010E-02  8.4052158623E-01  5.4109362883E-01
HessDelSqRho_EigVec2 = -1.0247891381E-01 -5.4078901915E-01  8.3489239366E-01
HessDelSqRho_EigVec3 =  9.9436257185E-01 -3.2721550103E-02  1.0085819676E-01
</CP of DelSqRho>
<CP of DelSqRho>
CP# = 2       
Type = (3,-1)
Coords = -2.16846078127506E-01 -5.32229935712186E-01  1.88782865107981E+00
DistFromNuc =  1.5084979149E+00
Rho =  1.4340369352E-01
DelSqRho =  3.7360012471E-01
GradDelSqRho = -1.2490009027E-16  0.0000000000E+00 -5.5511151231E-17
HessDelSqRho_EigVals = -4.9078985828E-01 -3.0873803541E-01  4.6051952411E+00
HessDelSqRho_EigVec1 =  8.6339513241E-02  9.2570981277E-01  3.6824832790E-01
HessDelSqRho_EigVec2 =  9.9015267654E-01 -1.2061692903E-01  7.1057959214E-02
HessDelSqRho_EigVec3 = -1.1019603255E-01 -3.5848695789E-01  9.2700805575E-01
</CP of DelSqRho>
<CP of DelSqRho>
CP# = 3       
Type = (3,+1)
Coords =  4.62426185397870E-01 -1.80956002238451E+00  3.74578315735753E+00
DistFromNuc =  1.1490272829E+00
Rho =  4.1859252738E-01
DelSqRho = -9.9681392460E-01
GradDelSqRho =  1.3601897386E-12  1.3555823131E-13  1.4900303213E-12
HessDelSqRho_EigVals = -3.2453904559E+01  1.5248569821E+01  1.6206152625E+01
HessDelSqRho_EigVec1 =  7.4306940066E-01 -4.3733464134E-01  5.0654346042E-01
HessDelSqRho_EigVec2 =  4.1546039086E-02  7.8560940038E-01  6.1732632916E-01
HessDelSqRho_EigVec3 = -6.6792349296E-01 -4.3767143101E-01  6.0193182839E-01
</CP of DelSqRho>
<CP of DelSqRho>
CP# = 4       
Type = (3,+1)
Coords = -4.03699736385553E-01 -1.19039496068690E+00  3.29835634456340E+00
DistFromNuc =  1.6768522179E-01
Rho =  2.2714615018E+01
DelSqRho =  1.2476732463E+03
GradDelSqRho =  7.3896444519E-13 -3.3537617128E-12 -4.4337866711E-12
HessDelSqRho_EigVals = -4.2800134810E+05  2.0148660169E+03  2.9882997438E+03
HessDelSqRho_EigVec1 = -5.4366605645E-02  6.6681825133E-01  7.4323461429E-01
HessDelSqRho_EigVec2 =  9.2265507221E-02  7.4450579974E-01 -6.6120964174E-01
HessDelSqRho_EigVec3 =  9.9424913798E-01 -3.2627194831E-02  1.0200057740E-01
</CP of DelSqRho>
<CP of DelSqRho>
CP# = 5       
Type = (3,-1)
Coords = -4.12470243951010E-01 -1.34944786000876E+00  3.33371850015016E+00
DistFromNuc =  1.6849270186E-01
Rho =  2.2404548089E+01
DelSqRho =  1.2580435699E+03
GradDelSqRho =  5.2731152778E-12  7.5104367170E-12 -8.8562046585E-11
HessDelSqRho_EigVals = -4.1347205316E+05 -1.9221794676E+03  1.3027924237E+03
HessDelSqRho_EigVec1 = -1.0660986906E-01 -2.7989014512E-01  9.5409425241E-01
HessDelSqRho_EigVec2 =  2.0916013055E-03  9.5949761812E-01  2.8170897398E-01
HessDelSqRho_EigVec3 =  9.9429872826E-01 -3.2028541611E-02  1.0170649683E-01
</CP of DelSqRho>
<CP of DelSqRho>
CP# = 6       
Type = (3,-1)
Coords = -3.77082494941706E-01 -1.19365137182144E+00  3.04704132626054E+00
DistFromNuc =  1.6691535452E-01
Rho =  2.2747837160E+01
DelSqRho =  1.2947723527E+03
GradDelSqRho = -2.1742607714E-12 -1.5234036255E-11  1.9156232156E-11
HessDelSqRho_EigVals = -4.5218701399E+05 -3.4553080707E+03  2.0888927593E+02
HessDelSqRho_EigVec1 = -1.0424922248E-01 -6.4853369575E-01  7.5401335870E-01
HessDelSqRho_EigVec2 = -4.2539324948E-02  7.6035815738E-01  6.4810946478E-01
HessDelSqRho_EigVec3 =  9.9364103450E-01 -3.5489688507E-02  1.0685493234E-01
</CP of DelSqRho>
<CP of DelSqRho>
CP# = 7       
Type = (3,-3)
Coords = -2.85109424672088E-01 -1.21388215750824E+00  3.08234366779234E+00
DistFromNuc =  1.6705762184E-01
Rho =  2.2697477029E+01
DelSqRho =  1.2952893304E+03
GradDelSqRho = -4.1779912863E-12 -4.4337866711E-12  9.3223206932E-12
HessDelSqRho_EigVals = -4.4899061221E+05 -3.6310177060E+03 -3.6150946038E+02
HessDelSqRho_EigVec1 =  6.5257627574E-01  5.2794827802E-01 -5.4352076324E-01
HessDelSqRho_EigVec2 =  1.1145880868E-01 -7.7638817663E-01 -6.2032115324E-01
HessDelSqRho_EigVec3 = -7.4948057901E-01  3.4422669118E-01 -5.6549699094E-01
</CP of DelSqRho>
<CP of DelSqRho>
CP# = 8       
Type = (3,-3)
Coords = -4.78272662535295E-01 -1.20797060232590E+00  3.06303735181431E+00
DistFromNuc =  1.6705889116E-01
Rho =  2.2696824645E+01
DelSqRho =  1.2953314737E+03
GradDelSqRho = -1.2931877791E-12  4.4906300900E-12 -9.6633812063E-12
HessDelSqRho_EigVals = -4.4896877088E+05 -3.6354660000E+03 -3.7175704929E+02
HessDelSqRho_EigVec1 =  4.9903001658E-01 -5.6319292525E-01  6.5862187293E-01
HessDelSqRho_EigVec2 =  3.3510385828E-02  7.7199300473E-01  6.3474707931E-01
HessDelSqRho_EigVec3 = -8.6593654305E-01 -2.9468717244E-01  4.0412049417E-01
</CP of DelSqRho>
<CP of DelSqRho>
CP# = 9       
Type = (3,+1)
Coords = -3.93704490106639E-01 -1.46044620653105E+00  3.11569505525617E+00
DistFromNuc =  1.6894481736E-01
Rho =  2.2441567103E+01
DelSqRho =  1.2187129918E+03
GradDelSqRho = -2.6290081223E-13  2.1401547201E-11  1.1709744285E-11
HessDelSqRho_EigVals = -3.9861400411E+05  3.1533058510E+03  3.9766681558E+03
HessDelSqRho_EigVec1 = -5.1295585223E-03  9.3911934157E-01  3.4355283425E-01
HessDelSqRho_EigVec2 = -1.0689526476E-01 -3.4210377364E-01  9.3356221562E-01
HessDelSqRho_EigVec3 =  9.9425705429E-01 -3.1935409158E-02  1.0214225199E-01
</CP of DelSqRho>
<CP of DelSqRho>
CP# = 10      
Type = (3,-1)
Coords =  2.93490684805413E-01 -1.19211000462411E+00  3.00449315372155E+00
DistFromNuc =  7.1678207524E-01
Rho =  6.6876416923E-01
DelSqRho = -9.6881307967E-01
GradDelSqRho = -9.3258734069E-15 -4.4408920985E-15  1.5099033135E-14
HessDelSqRho_EigVals = -1.5597258965E+01 -1.2154940760E+01  1.4212090499E+02
HessDelSqRho_EigVec1 = -2.9977221629E-01  6.6196712494E-01 -6.8697608681E-01
HessDelSqRho_EigVec2 =  4.4055772173E-02  7.2892992674E-01  6.8316926954E-01
HessDelSqRho_EigVec3 =  9.5299302583E-01  1.7452990407E-01 -2.4767641250E-01
</CP of DelSqRho>
<CP of DelSqRho>
CP# = 11      
Type = (3,-1)
Coords = -1.02685894420113E+00 -1.15096741465450E+00  2.87091367257930E+00
DistFromNuc =  7.1687660600E-01
Rho =  6.6802667976E-01
DelSqRho = -9.5732429997E-01
GradDelSqRho = -7.5495165675E-14  2.3092638912E-14 -2.0428103653E-14
HessDelSqRho_EigVals = -1.5665061885E+01 -1.2313403015E+01  1.4192840654E+02
HessDelSqRho_EigVec1 =  4.7186455774E-01  6.3341274299E-01 -6.1329612437E-01
HessDelSqRho_EigVec2 = -1.3182048892E-01  7.3847217733E-01  6.6127316747E-01
HessDelSqRho_EigVec3 =  8.7176097518E-01 -2.3118637574E-01  4.3195562482E-01
</CP of DelSqRho>
<CP of DelSqRho>
CP# = 12      
Type = (3,+3)
Coords = -3.98597606574666E-01 -7.17325748012730E-01  3.39089275349122E+00
DistFromNuc =  6.2351700261E-01
Rho =  1.0232546687E+00
DelSqRho = -5.1364492118E+00
GradDelSqRho = -3.0531133177E-15  7.1054273576E-14  5.3290705182E-14
HessDelSqRho_EigVals =  1.8387593621E+01  2.7904730155E+01  4.1989092187E+02
HessDelSqRho_EigVec1 = -1.0680361518E-01 -3.5753206730E-01  9.2777357617E-01
HessDelSqRho_EigVec2 =  9.9425223790E-01 -3.1414365267E-02  1.0235050113E-01
HessDelSqRho_EigVec3 = -7.4481682508E-03  9.3337235791E-01  3.5883222582E-01
</CP of DelSqRho>
<CP of DelSqRho>
CP# = 13      
Type = (3,-1)
Coords = -4.67668171546961E-01 -1.68553958979262E+00  3.78566368272170E+00
DistFromNuc =  7.2658496504E-01
Rho =  6.5864325701E-01
DelSqRho = -8.9525789263E-01
GradDelSqRho =  9.4368957093E-16 -1.1990408666E-14 -1.7763568394E-15
HessDelSqRho_EigVals = -1.8563984586E+01 -7.9970903357E+00  1.3139526793E+02
HessDelSqRho_EigVec1 =  9.9463494121E-01 -3.4018757574E-02  9.7693694063E-02
HessDelSqRho_EigVec2 = -2.1449001655E-02  8.5603984524E-01  5.1646463934E-01
HessDelSqRho_EigVec3 = -1.0119918011E-01 -5.1578920839E-01  8.5071747276E-01
</CP of DelSqRho>
<CP of DelSqRho>
CP# = 14      
Type = (3,+3)
Coords = -3.50407882023679E-01 -1.64690820591318E+00  2.62237628905274E+00
DistFromNuc =  6.5159015041E-01
Rho =  8.9998174102E-01
DelSqRho = -3.7499882320E+00
GradDelSqRho =  1.4432899320E-15  1.2434497876E-14  3.0198066270E-14
HessDelSqRho_EigVals =  6.0277792374E+00  1.8675629451E+01  2.7378303145E+02
HessDelSqRho_EigVec1 =  8.3076768594E-02  8.2912466654E-01 -5.5285670644E-01
HessDelSqRho_EigVec2 =  9.9439617722E-01 -3.2574265390E-02  1.0057415155E-01
HessDelSqRho_EigVec3 = -6.5379608785E-02  5.5811397095E-01  8.2718456355E-01
</CP of DelSqRho>
<CP of DelSqRho>
CP# = 15      
Type = (3,+1)
Coords = -3.24971811415812E-01 -9.56722697441023E-01  2.59647823046363E+00
DistFromNuc =  6.7552600943E-01
Rho =  8.2526478958E-01
DelSqRho = -3.2107558737E+00
GradDelSqRho =  4.6629367034E-15  3.0198066270E-14 -5.3290705182E-14
HessDelSqRho_EigVals = -6.1408194147E+00  1.8108596433E+01  2.2428432242E+02
HessDelSqRho_EigVec1 = -2.6079233836E-02  8.5072773523E-01  5.2495923087E-01
HessDelSqRho_EigVec2 =  9.9439011687E-01 -3.1772979992E-02  1.0088990645E-01
HessDelSqRho_EigVec3 = -1.0250936076E-01 -5.2464540240E-01  8.4512663708E-01
</CP of DelSqRho>
<CP of DelSqRho>
CP# = 16      
Type = (3,+1)
Coords =  7.98853918427289E-02 -1.23327750494256E+00  3.67735196226659E+00
DistFromNuc =  6.9563851367E-01
Rho =  7.7272345026E-01
DelSqRho = -2.5248170444E+00
GradDelSqRho =  5.0626169923E-14  8.8817841970E-16  4.3520742565E-14
HessDelSqRho_EigVals = -1.4464879538E+01  1.4779240614E+01  1.8272503597E+02
HessDelSqRho_EigVec1 = -4.0298318266E-01  9.0919122390E-01  1.0476580011E-01
HessDelSqRho_EigVec2 =  6.5207071702E-01  3.6555551792E-01 -6.6420850892E-01
HessDelSqRho_EigVec3 =  6.4219026347E-01  1.9935014848E-01  7.4016969933E-01
</CP of DelSqRho>
<CP of DelSqRho>
CP# = 17      
Type = (3,+1)
Coords =  1.12526651610852E-02 -1.85727721642412E+00  3.16352839844011E+00
DistFromNuc =  6.8813722826E-01
Rho =  7.9259274961E-01
DelSqRho = -2.6366176286E+00
GradDelSqRho = -2.3092638912E-14  5.2402526762E-14 -1.7763568394E-15
HessDelSqRho_EigVals = -1.0536590319E+01  1.3793282437E+01  1.8814232516E+02
HessDelSqRho_EigVec1 =  5.0308175731E-01  2.2820928967E-01  8.3356419403E-01
HessDelSqRho_EigVec2 =  6.7715043198E-01  4.9522407796E-01 -5.4426133895E-01
HessDelSqRho_EigVec3 = -5.3700655297E-01  8.3825630491E-01  9.4606180322E-02
</CP of DelSqRho>
<CP of DelSqRho>
CP# = 18      
Type = (3,+1)
Coords = -8.24704381078254E-01 -1.83083509332424E+00  3.08031407861449E+00
DistFromNuc =  6.8833310821E-01
Rho =  7.9215102997E-01
DelSqRho = -2.6342955297E+00
GradDelSqRho = -1.9539925233E-14 -1.7319479184E-14  1.9671764218E-15
HessDelSqRho_EigVals = -1.0572199515E+01  1.3820365605E+01  1.8776320771E+02
HessDelSqRho_EigVec1 = -6.4209117103E-01  2.6520739187E-01  7.1929407573E-01
HessDelSqRho_EigVec2 =  5.2397792463E-01 -5.3307641741E-01  6.6428658551E-01
HessDelSqRho_EigVec3 =  5.5961242176E-01  8.0342676859E-01  2.0332084232E-01
</CP of DelSqRho>
<CP of DelSqRho>
CP# = 19      
Type = (3,+1)
Coords = -9.54157598073855E-01 -1.20124932778638E+00  3.57367797150633E+00
DistFromNuc =  6.9547228089E-01
Rho =  7.7358827788E-01
DelSqRho = -2.5383003082E+00
GradDelSqRho = -6.6613381478E-15  1.5987211555E-14 -8.8817841970E-16
HessDelSqRho_EigVals = -1.4361871151E+01  1.4942001767E+01  1.8308201245E+02
HessDelSqRho_EigVec1 =  4.2910746926E-01  8.8346793134E-01  1.8801913231E-01
HessDelSqRho_EigVec2 =  4.8393396985E-01 -4.0062710991E-01  7.7801403049E-01
HessDelSqRho_EigVec3 =  7.6267600765E-01 -2.4286278656E-01 -5.9945222850E-01
</CP of DelSqRho>
<CP of DelSqRho>
CP# = 20      
Type = (3,+3)
Coords = -1.01723942711193E+00 -1.60146368456363E+00  3.39410433399362E+00
DistFromNuc =  7.2562907744E-01
Rho =  7.4953325654E-01
DelSqRho = -3.0368242732E+00
GradDelSqRho =  1.0436096431E-14 -3.5527136788E-15 -7.1054273576E-15
HessDelSqRho_EigVals =  1.0687666353E+01  2.3490187244E+01  1.3751029188E+02
HessDelSqRho_EigVec1 = -1.7852239238E-01  7.6826497839E-01  6.1473464064E-01
HessDelSqRho_EigVec2 =  4.7809423985E-01 -4.7832856832E-01  7.3663266188E-01
HessDelSqRho_EigVec3 =  8.5997421661E-01  4.2540651583E-01 -2.8191070049E-01
</CP of DelSqRho>
<CP of DelSqRho>
CP# = 21      
Type = (3,+3)
Coords =  1.52099373886365E-01 -1.64040455999295E+00  3.50943825330355E+00
DistFromNuc =  7.2571119098E-01
Rho =  7.4938369981E-01
DelSqRho = -3.0344245678E+00
GradDelSqRho = -5.5511151231E-15  1.7763568394E-15 -1.1546319456E-14
HessDelSqRho_EigVals =  1.0709592560E+01  2.3403976383E+01  1.3736846049E+02
HessDelSqRho_EigVec1 =  1.0461162927E-01  7.5635307809E-01  6.4574486315E-01
HessDelSqRho_EigVec2 =  6.4334626870E-01  4.4368102061E-01 -6.2390121854E-01
HessDelSqRho_EigVec3 =  7.5839434700E-01 -4.8070487122E-01  4.4018273617E-01
</CP of DelSqRho>
<CP of DelSqRho>
CP# = 22      
Type = (3,-3)
Coords =  6.96717954908671E-01 -1.04755551939666E+00  2.96641610728926E+00
DistFromNuc =  1.1393190290E+00
Rho =  2.4602418428E-01
DelSqRho =  8.5204787082E-01
GradDelSqRho = -1.5754064719E-13 -6.6280314570E-14  2.8699265187E-14
HessDelSqRho_EigVals = -1.7827460098E+01 -1.8451855551E+00 -5.0655318759E-01
HessDelSqRho_EigVec1 =  9.4591658235E-01  2.4251922587E-01 -2.1546750178E-01
HessDelSqRho_EigVec2 =  3.2109117786E-01 -6.0514360687E-01  7.2849273886E-01
HessDelSqRho_EigVec3 = -4.6284713891E-02  7.5827807574E-01  6.5028615633E-01
</CP of DelSqRho>
<CP of DelSqRho>
CP# = 23      
Type = (3,+1)
Coords = -1.37840199066513E+00 -1.75050242590321E+00  3.56204133646250E+00
DistFromNuc =  1.1492611218E+00
Rho =  4.1833264128E-01
DelSqRho = -9.9409572401E-01
GradDelSqRho = -3.7281566723E-12 -1.1619594176E-12  7.7482464889E-13
HessDelSqRho_EigVals = -3.2463862768E+01  1.5215345971E+01  1.6210576653E+01
HessDelSqRho_EigVec1 =  8.5531406751E-01  3.8539508914E-01 -3.4627802585E-01
HessDelSqRho_EigVec2 = -1.1155802253E-01  7.8966193188E-01  6.0331487712E-01
HessDelSqRho_EigVec3 =  5.0595716571E-01 -4.7739360973E-01  7.1840287295E-01
</CP of DelSqRho>
<CP of DelSqRho>
CP# = 24      
Type = (3,-3)
Coords = -5.13684141076319E-01 -1.76665791832182E+00  4.21996624825084E+00
DistFromNuc =  1.1516434579E+00
Rho =  2.4963482434E-01
DelSqRho =  8.8559350887E-01
GradDelSqRho =  1.4432899320E-15  3.1086244690E-15 -8.5487172896E-15
HessDelSqRho_EigVals = -1.7563123850E+01 -3.0831322682E+00 -3.4385110826E-01
HessDelSqRho_EigVec1 = -1.0350633552E-01 -3.9698460125E-01  9.1197021052E-01
HessDelSqRho_EigVec2 = -9.9458851281E-01  3.3058769899E-02 -9.8492679568E-02
HessDelSqRho_EigVec3 = -8.9514637800E-03  9.1722971174E-01  3.9825811629E-01
</CP of DelSqRho>
<CP of DelSqRho>
CP# = 25      
Type = (3,+1)
Coords = -2.67119276667668E-01 -1.01372363452886E+00  1.95841561708163E+00
DistFromNuc =  1.2548774335E+00
Rho =  2.3674834850E-01
DelSqRho =  4.0664764877E-01
GradDelSqRho = -3.7470027081E-16 -7.1470607210E-16  4.3298697960E-15
HessDelSqRho_EigVals = -8.4919609214E+00  5.6445619090E-01  7.8966049876E-01
HessDelSqRho_EigVec1 = -9.7604769031E-02 -2.0448350522E-01  9.7399168639E-01
HessDelSqRho_EigVec2 =  4.0585851093E-02  9.7703260815E-01  2.0918908026E-01
HessDelSqRho_EigVec3 =  9.9439735406E-01 -5.9948133412E-02  8.7063904960E-02
</CP of DelSqRho>
<CP of DelSqRho>
CP# = 26      
Type = (3,-1)
Coords =  2.22270573337881E-01 -7.12942065182338E-01  4.00223158382923E+00
DistFromNuc =  1.1892236448E+00
Rho =  2.4408689946E-01
DelSqRho =  7.3652844974E-01
GradDelSqRho = -7.4176775833E-15 -5.5094817597E-15 -5.3464177530E-15
HessDelSqRho_EigVals = -1.7814110122E+01 -9.7873348920E-01  2.4848915221E-01
HessDelSqRho_EigVec1 =  5.1453282086E-01  5.0661209780E-01  6.9180933690E-01
HessDelSqRho_EigVec2 =  5.3257963957E-01 -8.2112701474E-01  2.0520563636E-01
HessDelSqRho_EigVec3 =  6.7202299349E-01  2.6285853236E-01 -6.9230808762E-01
</CP of DelSqRho>
<CP of DelSqRho>
CP# = 27      
Type = (3,-1)
Coords = -1.12638095848626E+00 -6.70895497347571E-01  3.86746663655771E+00
DistFromNuc =  1.1897271545E+00
Rho =  2.4412859086E-01
DelSqRho =  7.3438174199E-01
GradDelSqRho =  1.3773704399E-15  2.0469737017E-16 -4.1633363423E-17
HessDelSqRho_EigVals = -1.7763195043E+01 -9.8239955114E-01  2.5575760316E-01
HessDelSqRho_EigVec1 =  6.0888421444E-01 -5.4190114993E-01 -5.7931265921E-01
HessDelSqRho_EigVec2 = -6.0945511379E-01 -7.8703081662E-01  9.5639730082E-02
HessDelSqRho_EigVec3 =  5.0776419496E-01 -2.9483154072E-01  8.0947506751E-01
</CP of DelSqRho>
<CP of DelSqRho>
CP# = 28      
Type = (3,-1)
Coords =  2.81494322325456E-01 -2.16005264566791E+00  2.69934878852587E+00
DistFromNuc =  1.1909907502E+00
Rho =  2.4479572654E-01
DelSqRho =  7.1171053487E-01
GradDelSqRho = -4.4061976290E-16  7.0776717820E-16  1.2073675393E-15
HessDelSqRho_EigVals = -1.7053236077E+01 -1.3281342797E+00  2.9693261405E-01
HessDelSqRho_EigVec1 = -5.6088924350E-01  7.1209338367E-01  4.2228695155E-01
HessDelSqRho_EigVec2 =  4.7527371274E-01 -1.4069375329E-01  8.6851607110E-01
HessDelSqRho_EigVec3 =  6.7787768403E-01  6.8784320940E-01 -2.5952565342E-01
</CP of DelSqRho>
<CP of DelSqRho>
CP# = 29      
Type = (3,-3)
Coords = -1.40526751201974E+00 -9.86151947004902E-01  2.75464688685561E+00
DistFromNuc =  1.1385488160E+00
Rho =  2.4611805330E-01
DelSqRho =  8.5601663994E-01
GradDelSqRho =  5.6732396558E-13 -1.1163292513E-13  4.5075054800E-13
HessDelSqRho_EigVals = -1.7896476248E+01 -1.8732172493E+00 -5.3996529591E-01
HessDelSqRho_EigVec1 =  8.6746702843E-01 -2.9636181357E-01  3.9958807545E-01
HessDelSqRho_EigVec2 = -4.9587732589E-01 -5.7979086593E-01  6.4648915648E-01
HessDelSqRho_EigVec3 = -4.0082817413E-02  7.5895469380E-01  6.4990856319E-01
</CP of DelSqRho>
<CP of DelSqRho>
CP# = 30      
Type = (3,-1)
Coords = -1.01726150482300E+00 -2.11964842405114E+00  2.57102336348986E+00
DistFromNuc =  1.1914860162E+00
Rho =  2.4478254830E-01
DelSqRho =  7.0751618605E-01
GradDelSqRho =  1.4224732503E-15  1.9706458687E-15  4.3368086899E-17
HessDelSqRho_EigVals = -1.6968663897E+01 -1.3216676451E+00  3.1483097847E-01
HessDelSqRho_EigVec1 =  5.1070246897E-01  6.7842704597E-01  5.2812851797E-01
HessDelSqRho_EigVec2 = -6.4133203410E-01 -1.0850329799E-01  7.5955266859E-01
HessDelSqRho_EigVec3 =  5.7260475917E-01 -7.2661115985E-01  3.7968409520E-01
</CP of DelSqRho>
<CP of DelSqRho>
CP# = 31      
Type = (3,+1)
Coords =  8.00781415794854E-01 -2.84934604020614E+00  3.63503270269529E+00
DistFromNuc =  2.0093805308E+00
Rho =  7.3866097967E-02
DelSqRho =  1.7767688282E-01
GradDelSqRho = -2.1337098755E-16 -2.7755575616E-17 -4.4755865680E-16
HessDelSqRho_EigVals = -1.6090275321E+00  3.3822190178E-02  5.9411972434E-01
HessDelSqRho_EigVec1 = -3.3054690058E-01  9.4086946653E-01  7.4184860130E-02
HessDelSqRho_EigVec2 = -6.3337611772E-01 -2.7941717916E-01  7.2163753609E-01
HessDelSqRho_EigVec3 =  6.9969524797E-01  1.9154813219E-01  6.8828473253E-01
</CP of DelSqRho>
<CP of DelSqRho>
CP# = 32      
Type = (3,+1)
Coords = -1.75441584281853E+00 -2.76900004584297E+00  3.38300233932797E+00
DistFromNuc =  2.0116415873E+00
Rho =  7.3778554137E-02
DelSqRho =  1.7615701916E-01
GradDelSqRho =  6.9735883734E-16  5.8286708793E-16 -3.3653635434E-16
HessDelSqRho_EigVals = -1.5925858539E+00  3.8277082887E-02  5.9169581782E-01
HessDelSqRho_EigVec1 =  3.7109081936E-01  9.1804077990E-01  1.3961636806E-01
HessDelSqRho_EigVec2 =  4.5693607590E-01 -3.1141719684E-01  8.3320390784E-01
HessDelSqRho_EigVec3 =  8.0839410335E-01 -2.4539856550E-01 -5.3505001423E-01
</CP of DelSqRho>
<CP of DelSqRho>
CP# = 33      
Type = (3,+1)
Coords = -1.88563386374837E+00 -1.46966918389571E+00  4.47632101120818E+00
DistFromNuc =  1.9874394465E+00
Rho =  7.5178885106E-02
DelSqRho =  1.8781735401E-01
GradDelSqRho =  4.1286418728E-16 -3.4347524824E-16 -7.5980888248E-16
HessDelSqRho_EigVals = -1.8182717252E+00  2.5621118124E-02  5.8596276715E-01
HessDelSqRho_EigVec1 = -4.4957753320E-01  2.7066670122E-01  8.5124589778E-01
HessDelSqRho_EigVec2 =  4.9109517891E-01 -7.2113389382E-01  4.8866290266E-01
HessDelSqRho_EigVec3 =  7.4612704474E-01  6.3773461881E-01  1.9128248503E-01
</CP of DelSqRho>
<CP of DelSqRho>
CP# = 34      
Type = (3,+1)
Coords =  8.15856178224490E-01 -1.53197821037138E+00  4.73080771747434E+00
DistFromNuc =  1.9860255747E+00
Rho =  7.5133692661E-02
DelSqRho =  1.8850779731E-01
GradDelSqRho = -9.1229107602E-15 -2.0435042547E-15 -1.3374718000E-14
HessDelSqRho_EigVals = -1.8112882770E+00  2.3557016433E-02  5.8899751678E-01
HessDelSqRho_EigVec1 =  3.1000117710E-01  2.6741262848E-01  9.1235396438E-01
HessDelSqRho_EigVec2 =  6.3310530548E-01  6.5785024296E-01 -4.0793471292E-01
HessDelSqRho_EigVec3 = -7.0927917097E-01  7.0407637652E-01  3.4633995834E-02
</CP of DelSqRho>
<Path of -GradDelSqRho>
Starting CP# =      3
Ending CP# =      0
Number of Points =     29
  4.6242618540E-01 -1.8095600224E+00  3.7457831574E+00  4.1859252738E-01 -9.9681392460E-01
  4.8100185617E-01 -1.8204929804E+00  3.7584486571E+00  4.0811665577E-01 -1.0069191207E+00
  4.9957540878E-01 -1.8314245293E+00  3.7711184786E+00  3.9866414290E-01 -1.0371389543E+00
  5.1814707484E-01 -1.8423538495E+00  3.7837929876E+00  3.9020602059E-01 -1.0874460820E+00
  5.3671718951E-01 -1.8532802105E+00  3.7964723202E+00  3.8270860604E-01 -1.1579427120E+00
  5.5528614071E-01 -1.8642030232E+00  3.8091564130E+00  3.7613362248E-01 -1.2487727532E+00
  5.7385431009E-01 -1.8751218991E+00  3.8218450391E+00  3.7043823429E-01 -1.3599451242E+00
  5.9242200547E-01 -1.8860367190E+00  3.8345378477E+00  3.6557511816E-01 -1.4910373456E+00
  6.1098938275E-01 -1.8969477183E+00  3.8472344061E+00  3.6149278224E-01 -1.6407542569E+00
  6.2955635198E-01 -1.9078555990E+00  3.8599342403E+00  3.5813646557E-01 -1.8063534718E+00
  6.4812245629E-01 -1.9187616920E+00  3.8726368742E+00  3.5545008622E-01 -1.9830420244E+00
  6.6668670469E-01 -1.9296681982E+00  3.8853418654E+00  3.5337981080E-01 -2.1636176755E+00
  6.8524735412E-01 -1.9405785106E+00  3.8980488466E+00  3.5187979223E-01 -2.3388637356E+00
  7.0380180122E-01 -1.9514973154E+00  3.9107575908E+00  3.5092032160E-01 -2.4994334208E+00
  7.2234764422E-01 -1.9624286243E+00  3.9234681444E+00  3.5049790239E-01 -2.6400152951E+00
  7.4088852123E-01 -1.9733657083E+00  3.9361809752E+00  3.5064550112E-01 -2.7662285816E+00
  7.5944339270E-01 -1.9842759317E+00  3.9488964582E+00  3.5143960920E-01 -2.9037759176E+00
  7.7803143350E-01 -1.9951275679E+00  3.9616136245E+00  3.5299913662E-01 -3.1079186160E+00
  7.9664898593E-01 -2.0059281948E+00  3.9743310543E+00  3.5547020013E-01 -3.4697011427E+00
  8.1528405665E-01 -2.0166989359E+00  3.9870481776E+00  3.5899189893E-01 -4.1141850372E+00
  8.3392868836E-01 -2.0274535441E+00  3.9997649420E+00  3.6364154808E-01 -5.1859188487E+00
  8.5257879186E-01 -2.0381990053E+00  4.0124814154E+00  3.6936372365E-01 -6.8184462528E+00
  8.7123230337E-01 -2.0489388112E+00  4.0251976679E+00  3.7589553357E-01 -9.0883750513E+00
  8.8988814308E-01 -2.0596747755E+00  4.0379137487E+00  3.8270894857E-01 -1.1961077606E+01
  9.0854572859E-01 -2.0704078785E+00  4.0506296837E+00  3.8899663089E-01 -1.5244243066E+01
  9.2720475230E-01 -2.0811386581E+00  4.0633454693E+00  3.9372584031E-01 -1.8573737574E+01
  9.4586508991E-01 -2.0918673910E+00  4.0760610538E+00  3.9577126138E-01 -2.1455735224E+01
  9.6452682141E-01 -2.1025941468E+00  4.0887762608E+00  3.9411169644E-01 -2.3372187644E+01
  9.8039114266E-01 -2.1117099539E+00  4.0995831044E+00  3.8925081173E-01 -2.3938398038E+01
</Path of -GradDelSqRho>
<Path of -GradDelSqRho>
Starting CP# =      3
Ending CP# =     21
Number of Points =     18
  4.6242618540E-01 -1.8095600224E+00  3.7457831574E+00  4.1859252738E-01 -9.9681392460E-01
  4.4384838514E-01 -1.7986265220E+00  3.7331212497E+00  4.3011574568E-01 -1.0070033973E+00
  4.2526847252E-01 -1.7876933117E+00  3.7204621913E+00  4.4270489241E-01 -1.0377939136E+00
  4.0668675037E-01 -1.7767612415E+00  3.7078048045E+00  4.5637257001E-01 -1.0895507642E+00
  3.8810376297E-01 -1.7658311254E+00  3.6951475875E+00  4.7112472405E-01 -1.1625941721E+00
  3.6952032803E-01 -1.7549037427E+00  3.6824886676E+00  4.8695992393E-01 -1.2570619620E+00
  3.5093757857E-01 -1.7439798592E+00  3.6698257222E+00  5.0386868828E-01 -1.3727425806E+00
  3.3235702561E-01 -1.7330602771E+00  3.6571558457E+00  5.2183296194E-01 -1.5088838069E+00
  3.1378065714E-01 -1.7221459258E+00  3.6444753311E+00  5.4082587099E-01 -1.6639846854E+00
  2.9521109964E-01 -1.7112380194E+00  3.6317793052E+00  5.6081189832E-01 -1.8355804002E+00
  2.7665189006E-01 -1.7003383348E+00  3.6190611081E+00  5.8174763352E-01 -2.0200312622E+00
  2.5810795664E-01 -1.6894497219E+00  3.6063111873E+00  6.0358325510E-01 -2.2123266071E+00
  2.3958653222E-01 -1.6785771132E+00  3.5935149822E+00  6.2626489399E-01 -2.4059102159E+00
  2.2109908057E-01 -1.6677297300E+00  3.5806484542E+00  6.4973798695E-01 -2.5925222676E+00
  2.0266602969E-01 -1.6569266664E+00  3.5676671636E+00  6.7395155263E-01 -2.7620275950E+00
  1.8433153700E-01 -1.6462147409E+00  3.5544728267E+00  6.9886229035E-01 -2.9021528910E+00
  1.6623560762E-01 -1.6357575260E+00  3.5407582222E+00  7.2442634438E-01 -2.9979963177E+00
  1.5209937389E-01 -1.6404045600E+00  3.5094382533E+00  7.4938369981E-01 -3.0344245678E+00
</Path of -GradDelSqRho>
<Path of -GradDelSqRho>
Starting CP# =      4
Ending CP# =     12
Number of Points =     30
 -4.0369973639E-01 -1.1903949607E+00  3.2983563446E+00  2.2714615018E+01  1.2476732463E+03
 -4.0505615952E-01 -1.1737019067E+00  3.3169171040E+00  1.5744285172E+01  1.1633246072E+03
 -4.0640975650E-01 -1.1569855387E+00  3.3354570827E+00  1.1024406362E+01  9.9081847061E+02
 -4.0776264045E-01 -1.1402632215E+00  3.3539917476E+00  7.8383674252E+00  7.8024920468E+02
 -4.0911399387E-01 -1.1235282255E+00  3.3725150761E+00  5.6964763975E+00  5.7706836527E+02
 -4.1046229454E-01 -1.1067680379E+00  3.3910158341E+00  4.2579533104E+00  4.1047870273E+02
 -4.1180586878E-01 -1.0899689451E+00  3.4094816124E+00  3.2895346722E+00  2.8593828879E+02
 -4.1314302106E-01 -1.0731171421E+00  3.4278997616E+00  2.6346093699E+00  1.9634627042E+02
 -4.1447215474E-01 -1.0561997575E+00  3.4462582668E+00  2.1887230071E+00  1.3242357539E+02
 -4.1579168348E-01 -1.0392041580E+00  3.4645450740E+00  1.8819003178E+00  8.6876091239E+01
 -4.1709963182E-01 -1.0221147641E+00  3.4827450798E+00  1.6669711858E+00  5.4728319904E+01
 -4.1839303958E-01 -1.0049084238E+00  3.5008355796E+00  1.5121399254E+00  3.2532173389E+01
 -4.1966720556E-01 -9.8754880752E-01  3.5187803606E+00  1.3961720047E+00  1.7694900634E+01
 -4.2091453420E-01 -9.6997834131E-01  3.5365205031E+00  1.3051267660E+00  8.1578161044E+00
 -4.2212238170E-01 -9.5210405439E-01  3.5539569015E+00  1.2300540505E+00  2.2921468880E+00
 -4.2326841867E-01 -9.3376950800E-01  3.5709119081E+00  1.1653654113E+00 -1.1387678206E+00
 -4.2430892130E-01 -9.1469225198E-01  3.5870300291E+00  1.1077453789E+00 -3.0239262881E+00
 -4.2514126214E-01 -8.9430471291E-01  3.6014477163E+00  1.0556592680E+00 -3.9689546026E+00
 -4.2543674699E-01 -8.7142839973E-01  3.6112090060E+00  1.0107627253E+00 -4.3733713874E+00
 -4.2424799400E-01 -8.4767004925E-01  3.6063168631E+00  9.8834844352E-01 -4.5304229194E+00
 -4.2199298324E-01 -8.2993718612E-01  3.5889506785E+00  9.9073000148E-01 -4.6406722434E+00
 -4.1957674254E-01 -8.1472054990E-01  3.5692674200E+00  9.9748698456E-01 -4.7404253500E+00
 -4.1711698682E-01 -8.0036838822E-01  3.5489473404E+00  1.0039478299E+00 -4.8300188668E+00
 -4.1462572267E-01 -7.8668463386E-01  3.5281748400E+00  1.0095522398E+00 -4.9088462097E+00
 -4.1210547844E-01 -7.7366641569E-01  3.5069823234E+00  1.0142296045E+00 -4.9763958390E+00
 -4.0955795579E-01 -7.6132843002E-01  3.4853899132E+00  1.0179604277E+00 -5.0322824920E+00
 -4.0698467345E-01 -7.4968634108E-01  3.4634174898E+00  1.0207361682E+00 -5.0762545388E+00
 -4.0438689645E-01 -7.3875568799E-01  3.4410854679E+00  1.0225567323E+00 -5.1081976703E+00
 -4.0176536912E-01 -7.2855180546E-01  3.4184149017E+00  1.0234302614E+00 -5.1281357013E+00
 -3.9859760657E-01 -7.1732574801E-01  3.3908927535E+00  1.0232546687E+00 -5.1364492118E+00
</Path of -GradDelSqRho>
<Path of -GradDelSqRho>
Starting CP# =      4
Ending CP# =      1
Number of Points =      7
 -4.0369973639E-01 -1.1903949607E+00  3.2983563446E+00  2.2714615018E+01  1.2476732463E+03
 -4.0233741299E-01 -1.2070393446E+00  3.2797523626E+00  3.3043399129E+01  9.8478364072E+02
 -4.0097023443E-01 -1.2236435768E+00  3.2611128835E+00  4.8450698704E+01 -8.5863956818E+02
 -3.9960093553E-01 -1.2402302365E+00  3.2424579183E+00  7.1348897047E+01 -6.5813801044E+03
 -3.9823000984E-01 -1.2568034035E+00  3.2237910861E+00  1.0537002717E+02 -2.1357449204E+04
 -3.9685646092E-01 -1.2733548094E+00  3.2051051476E+00  1.5640817991E+02 -7.7728429066E+04
 -3.9450708207E-01 -1.3015807587E+00  3.1731701181E+00  2.9728585658E+02 -3.3292315211E+06
</Path of -GradDelSqRho>
<Path of -GradDelSqRho>
Starting CP# =      9
Ending CP# =      1
Number of Points =      7
 -3.9370449011E-01 -1.4604462065E+00  3.1156950553E+00  2.2441567103E+01  1.2187129918E+03
 -3.9383012789E-01 -1.4369598143E+00  3.1242608819E+00  3.2598023121E+01  9.7527708356E+02
 -3.9395166489E-01 -1.4134602008E+00  3.1327904385E+00  4.7724064440E+01 -7.5657529341E+02
 -3.9407138166E-01 -1.3899547363E+00  3.1413038866E+00  7.0188765807E+01 -6.2585440195E+03
 -3.9418982892E-01 -1.3664451978E+00  3.1498060943E+00  1.0351458522E+02 -2.0151572184E+04
 -3.9430613250E-01 -1.3429287893E+00  3.1582893124E+00  1.5351775943E+02 -7.3669742324E+04
 -3.9450708207E-01 -1.3015807587E+00  3.1731701181E+00  2.9728585658E+02 -3.3292315211E+06
</Path of -GradDelSqRho>
<Path of -GradDelSqRho>
Starting CP# =      9
Ending CP# =     14
Number of Points =     36
 -3.9370449011E-01 -1.4604462065E+00  3.1156950553E+00  2.2441567103E+01  1.2187129918E+03
 -3.9357413415E-01 -1.4839173271E+00  3.1070875357E+00  1.5573531854E+01  1.1385710386E+03
 -3.9344176877E-01 -1.5073819303E+00  3.0984622894E+00  1.0913852312E+01  9.7082320322E+02
 -3.9330890791E-01 -1.5308449310E+00  3.0898326925E+00  7.7619252374E+00  7.6459486676E+02
 -3.9317479646E-01 -1.5543038684E+00  3.0811920765E+00  5.6375375211E+00  5.6588385308E+02
 -3.9303819997E-01 -1.5777547084E+00  3.0725295497E+00  4.2062084356E+00  4.0335653891E+02
 -3.9289778625E-01 -1.6011930663E+00  3.0638333717E+00  3.2389895783E+00  2.8202617035E+02
 -3.9275222763E-01 -1.6246145206E+00  3.0550918589E+00  2.5821241042E+00  1.9475859956E+02
 -3.9260030532E-01 -1.6480149401E+00  3.0462943066E+00  2.1329638246E+00  1.3244027939E+02
 -3.9244084485E-01 -1.6713902596E+00  3.0374304184E+00  1.8226336976E+00  8.7957219612E+01
 -3.9227241404E-01 -1.6947354459E+00  3.0284876459E+00  1.6046014979E+00  5.6471168282E+01
 -3.9209289628E-01 -1.7180429836E+00  3.0194474413E+00  1.4474041848E+00  3.4634745104E+01
 -3.9189899762E-01 -1.7413010079E+00  3.0102809449E+00  1.3299350658E+00  1.9935810081E+01
 -3.9168557367E-01 -1.7644905649E+00  3.0009431215E+00  1.2382437834E+00  1.0384235828E+01
 -3.9144450379E-01 -1.7875807150E+00  2.9913630078E+00  1.1632775532E+00  4.4084512254E+00
 -3.9116257068E-01 -1.8105186169E+00  2.9814254962E+00  1.0992721725E+00  8.1641023585E-01
 -3.9081699122E-01 -1.8332066748E+00  2.9709334462E+00  1.0426320502E+00 -1.2486519254E+00
 -3.9036426387E-01 -1.8554386322E+00  2.9595151254E+00  9.9120697515E-01 -2.3697033214E+00
 -3.8970410853E-01 -1.8766554230E+00  2.9463363711E+00  9.4401598858E-01 -2.9244753178E+00
 -3.8851738694E-01 -1.8943686224E+00  2.9289531872E+00  9.0281448456E-01 -3.1526241818E+00
 -3.8620827857E-01 -1.8966031112E+00  2.9050288095E+00  8.8451514624E-01 -3.2368258008E+00
 -3.8365461862E-01 -1.8862167982E+00  2.8824717768E+00  8.8654934997E-01 -3.3013787747E+00
 -3.8114391411E-01 -1.8737946784E+00  2.8609243873E+00  8.9071238415E-01 -3.3620370996E+00
 -3.7865939544E-01 -1.8605957188E+00  2.8398398093E+00  8.9455826482E-01 -3.4187534728E+00
 -3.7620037871E-01 -1.8467209273E+00  2.8191905900E+00  8.9789355214E-01 -3.4713053999E+00
 -3.7376804005E-01 -1.8321883153E+00  2.7989956992E+00  9.0069811679E-01 -3.5195044530E+00
 -3.7136349106E-01 -1.8170111422E+00  2.7792772332E+00  9.0296684973E-01 -3.5632020278E+00
 -3.6898764320E-01 -1.8012026954E+00  2.7600576018E+00  9.0469988213E-01 -3.6022910749E+00
 -3.6664121474E-01 -1.7847765988E+00  2.7413593946E+00  9.0590202665E-01 -3.6367068285E+00
 -3.6432476480E-01 -1.7677469117E+00  2.7232053727E+00  9.0658259749E-01 -3.6664266626E+00
 -3.6203876066E-01 -1.7501282150E+00  2.7056184545E+00  9.0675518907E-01 -3.6914691166E+00
 -3.5978369767E-01 -1.7319356922E+00  2.6886216902E+00  9.0643740526E-01 -3.7118921590E+00
 -3.5756030185E-01 -1.7131852038E+00  2.6722382223E+00  9.0565054556E-01 -3.7277907763E+00
 -3.5536986234E-01 -1.6938933542E+00  2.6564912254E+00  9.0441925571E-01 -3.7392939950E+00
 -3.5321477146E-01 -1.6740775493E+00  2.6414038181E+00  9.0277115029E-01 -3.7465614588E+00
 -3.5040788202E-01 -1.6469082059E+00  2.6223762891E+00  8.9998174102E-01 -3.7499882320E+00
</Path of -GradDelSqRho>
<Path of -GradDelSqRho>
Starting CP# =     15
Ending CP# =     12
Number of Points =     38
 -3.2497181142E-01 -9.5672269744E-01  2.5964782305E+00  8.2526478958E-01 -3.2107558737E+00
 -3.2526651343E-01 -9.4958596053E-01  2.6016286876E+00  8.2653286639E-01 -3.2109579662E+00
 -3.2570012585E-01 -9.3568655468E-01  2.6102672010E+00  8.2681861650E-01 -3.2127407591E+00
 -3.2649987464E-01 -9.1524968563E-01  2.6245437819E+00  8.2832548097E-01 -3.2188004881E+00
 -3.2742525477E-01 -8.9548411752E-01  2.6398203558E+00  8.3051553526E-01 -3.2291845517E+00
 -3.2845677630E-01 -8.7637954744E-01  2.6559094621E+00  8.3315365228E-01 -3.2441004399E+00
 -3.2959231455E-01 -8.5796872405E-01  2.6727813454E+00  8.3624226934E-01 -3.2637378860E+00
 -3.3082951415E-01 -8.4028267179E-01  2.6904046715E+00  8.3978160476E-01 -3.2882590966E+00
 -3.3216580089E-01 -8.2335059167E-01  2.7087466516E+00  8.4376945634E-01 -3.3177946030E+00
 -3.3359839403E-01 -8.0719976688E-01  2.7277731687E+00  8.4820098728E-01 -3.3524391351E+00
 -3.3512431898E-01 -7.9185547320E-01  2.7474489074E+00  8.5306850286E-01 -3.3922475627E+00
 -3.3674042055E-01 -7.7734089454E-01  2.7677374870E+00  8.5836122198E-01 -3.4372309456E+00
 -3.3844337671E-01 -7.6367704473E-01  2.7886016006E+00  8.6406504842E-01 -3.4873527314E+00
 -3.4022971323E-01 -7.5088269750E-01  2.8100031589E+00  8.7016234746E-01 -3.5425251400E+00
 -3.4209581913E-01 -7.3897432698E-01  2.8319034422E+00  8.7663173442E-01 -3.6026057792E+00
 -3.4403796320E-01 -7.2796606193E-01  2.8542632575E+00  8.8344788270E-01 -3.6673945404E+00
 -3.4605231153E-01 -7.1786965704E-01  2.8770431036E+00  8.9058135963E-01 -3.7366308357E+00
 -3.4813494612E-01 -7.0869448484E-01  2.9002033394E+00  8.9799849964E-01 -3.8099912515E+00
 -3.5028188437E-01 -7.0044755161E-01  2.9237043566E+00  9.0566132471E-01 -3.8870877094E+00
 -3.5248909931E-01 -6.9313354006E-01  2.9475067505E+00  9.1352752234E-01 -3.9674662416E+00
 -3.5475254010E-01 -6.8675488053E-01  2.9715714877E+00  9.2155049151E-01 -4.0506065063E+00
 -3.5706815265E-01 -6.8131185130E-01  2.9958600650E+00  9.2967946578E-01 -4.1359221803E+00
 -3.5943189955E-01 -6.7680270685E-01  3.0203346547E+00  9.3785972184E-01 -4.2227623753E+00
 -3.6183977914E-01 -6.7322383106E-01  3.0449582333E+00  9.4603287890E-01 -4.3104142250E+00
 -3.6428784292E-01 -6.7056991069E-01  3.0696946878E+00  9.5413729202E-01 -4.3981067797E+00
 -3.6677221114E-01 -6.6883412281E-01  3.0945088987E+00  9.6210853826E-01 -4.4850163256E+00
 -3.6928908620E-01 -6.6800832860E-01  3.1193667969E+00  9.6987999147E-01 -4.5702732139E+00
 -3.7183476372E-01 -6.6808326554E-01  3.1442353944E+00  9.7738347692E-01 -4.6529702383E+00
 -3.7440564154E-01 -6.6904873004E-01  3.1690827922E+00  9.8454999419E-01 -4.7321725493E+00
 -3.7699822717E-01 -6.7089374345E-01  3.1938781656E+00  9.9131049357E-01 -4.8069290306E+00
 -3.7960914455E-01 -6.7360669592E-01  3.2185917335E+00  9.9759668952E-01 -4.8762849984E+00
 -3.8223514180E-01 -6.7717546456E-01  3.2431947154E+00  1.0033418937E+00 -4.9392960203E+00
 -3.8487310263E-01 -6.8158750447E-01  3.2676592799E+00  1.0084818507E+00 -4.9950425887E+00
 -3.8752006686E-01 -6.8682991332E-01  3.2919584910E+00  1.0129555595E+00 -5.0426453302E+00
 -3.9017327173E-01 -6.9288947186E-01  3.3160662529E+00  1.0167060667E+00 -5.0812803891E+00
 -3.9283024589E-01 -6.9975266345E-01  3.3399572544E+00  1.0196812175E+00 -5.1101945898E+00
 -3.9548907332E-01 -7.0740567407E-01  3.3636069010E+00  1.0218343542E+00 -5.1287199700E+00
 -3.9859760657E-01 -7.1732574801E-01  3.3908927535E+00  1.0232546687E+00 -5.1364492118E+00
</Path of -GradDelSqRho>
<Path of -GradDelSqRho>
Starting CP# =     15
Ending CP# =     14
Number of Points =     31
 -3.2497181142E-01 -9.5672269744E-01  2.5964782305E+00  8.2526478958E-01 -3.2107558737E+00
 -3.2481111424E-01 -9.6444370650E-01  2.5924610934E+00  8.2577003907E-01 -3.2109487345E+00
 -3.2441608875E-01 -9.7771821950E-01  2.5843753456E+00  8.2475455316E-01 -3.2125155782E+00
 -3.2390719462E-01 -9.9948641690E-01  2.5724617470E+00  8.2393401814E-01 -3.2178219310E+00
 -3.2353169164E-01 -1.0219978133E+00  2.5615987906E+00  8.2386719877E-01 -3.2264662965E+00
 -3.2326962953E-01 -1.0449453423E+00  2.5516866591E+00  8.2419691714E-01 -3.2381565855E+00
 -3.2312124922E-01 -1.0682875984E+00  2.5427409564E+00  8.2490940177E-01 -3.2526169918E+00
 -3.2308649720E-01 -1.0919825283E+00  2.5347748937E+00  8.2598961172E-01 -3.2695714456E+00
 -3.2316502584E-01 -1.1159876077E+00  2.5277992433E+00  8.2742127202E-01 -3.2887454859E+00
 -3.2335619681E-01 -1.1402600246E+00  2.5218223138E+00  8.2918689416E-01 -3.3098676640E+00
