 AIMInt (Version 19.02.13, Professional)
 Portions Copyright (c) 1997-2019 by Todd A. Keith
 AIMInt is a component of the AIMAll package ( http://aim.tkgristmill.com )

 TP:  64-bit Linux

 Licensed To:  Research Group of Fernando Cortes Guzman, UNAM, fercor@unam.mx

 AIMInt is a heavily modified and extended version of the PROAIMV program
 developed by members of R.F.W. Bader's research group

 Much of the Quantum Theory of Atoms in Molecules (QTAIM) is described in the book:
   "Atoms in Molecules - A Quantum Theory"
   R.F.W. Bader, Oxford University Press, Oxford, 1990

 For additional references see:  http://aim.tkgristmill.com/references.html

 Current Directory:  /home/scratch/M_H2O_4_tetraedrico/Opt

 Inp File:  Cu2_tetraedrico_cc-pvtz-def2-tzv_1_atomicfiles/o8.inp
 Wfx File:  Cu2_tetraedrico_cc-pvtz-def2-tzv_1.wfx
 Out File:  Cu2_tetraedrico_cc-pvtz-def2-tzv_1_atomicfiles/o8.int

 Wfx Title:   Cu2_tetraedrico_cc-pvtz-def2-tzv_1                                            
 Job Title:   Cu2_tetraedrico_cc-pvtz-def2-tzv_1                                            
 
<Atom>
O8      
</Atom>
<Nuclei of Molecule>
    13
Cu1       29.0          -1.9554166519E-03   1.3405400532E-02  -1.0789577590E-03
O2         8.0           1.1047066851E+00  -2.4631969353E+00  -2.1460453538E+00
H3         1.0           4.1588566072E-01  -4.1723165403E+00  -2.3346623396E+00
O4         8.0           2.3160365156E+00   2.5780414348E+00   9.2175134063E-02
H5         1.0           1.9596249982E+00   4.3855137759E+00   3.0163043221E-01
O6         8.0          -3.9450705877E-01  -1.3015804187E+00   3.1731699946E+00
H7         1.0          -1.9823702586E+00  -2.0190716033E+00   3.8068413141E+00
O8         8.0          -3.0340572983E+00   1.2403563686E+00  -1.1236164185E+00
H9         1.0          -3.9147075832E+00   2.7976679039E+00  -6.3989968645E-01
H10        1.0          -4.2276708124E+00   3.1941705188E-01  -2.2016175507E+00
H11        1.0           4.1655029412E+00   2.4611460861E+00   9.0649047930E-02
H12        1.0           9.8691723736E-01  -2.1153889299E+00   4.1040289810E+00
H13        1.0           2.7160941507E+00  -2.4746879549E+00  -3.0611472746E+00
</Nuclei of Molecule>
<Total Number of CPs of DelSqRho>
    33
</Total Number of CPs of DelSqRho>
<Number of (3,+3) CPs of DelSqRho>
     5
</Number of (3,+3) CPs of DelSqRho>
<Number of (3,+1) CPs of DelSqRho>
    14
</Number of (3,+1) CPs of DelSqRho>
<Number of (3,-1) CPs of DelSqRho>
     9
</Number of (3,-1) CPs of DelSqRho>
<Number of (3,-3) CPs of DelSqRho>
     5
</Number of (3,-3) CPs of DelSqRho>
<Number of Degenerate CPs of DelSqRho>
     0
</Number of Degenerate CPs of DelSqRho>
<CP of DelSqRho>
CP# = 1       
Type = (3,+3)
Coords = -3.03405764506894E+00  1.24035644295263E+00 -1.12361646626770E+00
DistFromNuc =  3.5781002838E-07
Rho =  2.9730415112E+02
DelSqRho = -3.3295068415E+06
GradDelSqRho =  1.9154464098E-05  7.1558001764E-06 -5.7279612520E-07
HessDelSqRho_EigVals =  1.3240729367E+11  1.3240731240E+11  1.3240731992E+11
HessDelSqRho_EigVec1 = -4.3010775950E-01 -4.4008709768E-01  7.8824530552E-01
HessDelSqRho_EigVec2 =  8.9653732541E-01 -3.1070362397E-01  3.1572786097E-01
HessDelSqRho_EigVec3 =  1.0596291502E-01  8.4248834087E-01  5.2819054908E-01
</CP of DelSqRho>
<CP of DelSqRho>
CP# = 2       
Type = (3,-1)
Coords = -1.71790001505752E+00  7.27641698134230E-01 -7.03698902945190E-01
DistFromNuc =  1.4735932436E+00
Rho =  1.5171738801E-01
DelSqRho =  4.6065854129E-01
GradDelSqRho = -3.5735303605E-16  3.9204750557E-16 -3.1918911958E-16
HessDelSqRho_EigVals = -7.7643253994E-01 -6.7510917459E-01  4.6643189145E+00
HessDelSqRho_EigVec1 = -4.3840247461E-01 -2.6508655226E-01  8.5879705988E-01
HessDelSqRho_EigVec2 =  2.1160873068E-01  8.9821176198E-01  3.8527571392E-01
HessDelSqRho_EigVec3 =  8.7351303102E-01 -3.5063478215E-01  3.3768363033E-01
</CP of DelSqRho>
<CP of DelSqRho>
CP# = 3       
Type = (3,+1)
Coords = -3.57979834516688E+00  2.20463790865075E+00 -8.22328516859246E-01
DistFromNuc =  1.1482362903E+00
Rho =  4.1866987446E-01
DelSqRho = -9.9004684766E-01
GradDelSqRho = -1.6098233857E-15 -5.1798842993E-15 -1.7763568394E-15
HessDelSqRho_EigVals = -3.2486051231E+01  1.5248955842E+01  1.6142907253E+01
HessDelSqRho_EigVec1 = -4.7677340981E-01  8.4015890059E-01  2.5849591380E-01
HessDelSqRho_EigVec2 =  4.1564939328E-01  4.7459306982E-01 -7.7588465634E-01
HessDelSqRho_EigVec3 =  7.7454676913E-01  2.6247750348E-01  5.7548489346E-01
</CP of DelSqRho>
<CP of DelSqRho>
CP# = 4       
Type = (3,+1)
Coords = -3.77435799251215E+00  6.68029780003336E-01 -1.78899367786488E+00
DistFromNuc =  1.1481854115E+00
Rho =  4.1847287874E-01
DelSqRho = -9.8782910089E-01
GradDelSqRho = -7.1292971526E-13 -6.6348315730E-13 -2.2386259513E-12
HessDelSqRho_EigVals = -3.2444623783E+01  1.5222421733E+01  1.6119653937E+01
HessDelSqRho_EigVec1 =  6.4509954577E-01  4.9387237345E-01  5.8304086889E-01
HessDelSqRho_EigVec2 = -3.9550196850E-01 -4.3705524968E-01  8.0781241736E-01
HessDelSqRho_EigVec3 = -6.5377730839E-01  7.5171323487E-01  8.6616647157E-02
</CP of DelSqRho>
<CP of DelSqRho>
CP# = 5       
Type = (3,+1)
Coords = -3.01600600228425E+00  1.32807856368487E+00 -1.26596550137942E+00
DistFromNuc =  1.6817935127E-01
Rho =  2.2596071777E+01
DelSqRho =  1.2389121637E+03
GradDelSqRho =  2.7853275242E-12  1.0516032489E-12 -1.9326762413E-12
HessDelSqRho_EigVals = -4.1655909423E+05  1.9809464894E+03  3.2155288669E+03
HessDelSqRho_EigVec1 = -1.1261903328E-01 -5.2080521240E-01  8.4621444332E-01
HessDelSqRho_EigVec2 =  9.8723243519E-01 -1.5519455662E-01  3.5871555593E-02
HessDelSqRho_EigVec3 =  1.1264578221E-01  8.3945016548E-01  5.3163365904E-01
</CP of DelSqRho>
<CP of DelSqRho>
CP# = 6       
Type = (3,-3)
Coords = -2.92316603439828E+00  1.11676543096108E+00 -1.14143317481694E+00
DistFromNuc =  1.6700008713E-01
Rho =  2.2712499539E+01
DelSqRho =  1.2965748025E+03
GradDelSqRho =  9.8339114629E-12 -1.5063505998E-11 -2.6645352591E-12
HessDelSqRho_EigVals = -4.5043130461E+05 -3.6132568036E+03 -4.5227915477E+02
HessDelSqRho_EigVec1 = -6.6643013960E-01  7.3807009137E-01  1.0546757446E-01
HessDelSqRho_EigVec2 =  4.0283759074E-01  4.7549128600E-01 -7.8206771601E-01
HessDelSqRho_EigVec3 =  6.2736970322E-01  4.7870719356E-01  6.1420410151E-01
</CP of DelSqRho>
<CP of DelSqRho>
CP# = 7       
Type = (3,+1)
Coords = -3.15049315948797E+00  1.18628029340582E+00 -1.01429320326751E+00
DistFromNuc =  1.6862116433E-01
Rho =  2.2502925275E+01
DelSqRho =  1.2282529164E+03
GradDelSqRho =  3.2827074392E-12  2.4300561563E-12  3.0127011996E-12
HessDelSqRho_EigVals = -4.0624482042E+05  2.4631184308E+03  3.6022671790E+03
HessDelSqRho_EigVec1 =  6.8717459519E-01  3.2272188850E-01 -6.5087760632E-01
HessDelSqRho_EigVec2 =  7.1790579862E-01 -4.3898582706E-01  5.4028021244E-01
HessDelSqRho_EigVec3 =  1.1136579385E-01  8.3853564404E-01  5.3334382309E-01
</CP of DelSqRho>
<CP of DelSqRho>
CP# = 8       
Type = (3,-3)
Coords = -2.90191913182743E+00  1.28831777183002E+00 -1.03345623389330E+00
DistFromNuc =  1.6700194648E-01
Rho =  2.2711081906E+01
DelSqRho =  1.2967427465E+03
GradDelSqRho =  1.7053025658E-12 -9.2370555649E-13  1.0658141036E-11
HessDelSqRho_EigVals = -4.5041818928E+05 -3.6287612172E+03 -4.8820626212E+02
HessDelSqRho_EigVec1 =  7.9311991126E-01  2.8483050808E-01  5.3836083441E-01
HessDelSqRho_EigVec2 = -3.9706959168E-01 -4.2844653442E-01  8.1164604755E-01
HessDelSqRho_EigVec3 = -4.6184038987E-01  8.5749935791E-01  2.2671194382E-01
</CP of DelSqRho>
<CP of DelSqRho>
CP# = 9       
Type = (3,-1)
Coords = -3.17376002579618E+00  1.30356608556250E+00 -1.19429092124049E+00
DistFromNuc =  1.6884077029E-01
Rho =  2.2331432560E+01
DelSqRho =  1.2501466449E+03
GradDelSqRho =  5.6843418861E-14  4.2348347051E-12 -5.0022208598E-12
HessDelSqRho_EigVals = -4.0559703544E+05 -1.6333787354E+03  1.6280502290E+03
HessDelSqRho_EigVec1 =  8.2636866874E-01 -3.7514726526E-01  4.1997541916E-01
HessDelSqRho_EigVec2 = -5.5214532316E-01 -3.9319223955E-01  7.3521112945E-01
HessDelSqRho_EigVec3 =  1.1068136899E-01  8.3944290582E-01  5.3205755557E-01
</CP of DelSqRho>
<CP of DelSqRho>
CP# = 10      
Type = (3,+3)
Coords = -3.05816990405643E+00  8.98680575236567E-01 -5.79666269929360E-01
DistFromNuc =  6.4281064837E-01
Rho =  9.3532109884E-01
DelSqRho = -4.1283900527E+00
GradDelSqRho = -1.4210854715E-14 -2.4868995752E-14  6.0396132540E-14
HessDelSqRho_EigVals =  8.6214996148E+00  2.1364608529E+01  3.1127299728E+02
HessDelSqRho_EigVec1 =  9.9269028209E-01 -1.2065970855E-01 -2.6904605808E-03
HessDelSqRho_EigVec2 =  1.0359452578E-01  8.4043097432E-01  5.3192476125E-01
HessDelSqRho_EigVec3 = -6.1920740254E-02 -5.2831525829E-01  8.4678734626E-01
</CP of DelSqRho>
<CP of DelSqRho>
CP# = 11      
Type = (3,-1)
Coords = -3.67755421817779E+00  1.47310509975136E+00 -1.36508129222192E+00
DistFromNuc =  7.2564836038E-01
Rho =  6.6795149660E-01
DelSqRho = -1.0073983747E+00
GradDelSqRho =  8.8817841970E-16 -8.8817841970E-15  1.2878587086E-14
HessDelSqRho_EigVals = -1.9137583405E+01 -6.1555948705E+00  1.3296318257E+02
HessDelSqRho_EigVec1 =  1.0721126493E-01  8.4269124128E-01  5.2761464777E-01
HessDelSqRho_EigVec2 = -4.5593859760E-01 -4.2991281465E-01  7.7929132359E-01
HessDelSqRho_EigVec3 =  8.8353027107E-01 -3.2410869113E-01  3.3812396609E-01
</CP of DelSqRho>
<CP of DelSqRho>
CP# = 12      
Type = (3,-1)
Coords = -2.74565084759823E+00  1.72569149284838E+00 -6.82721955332375E-01
DistFromNuc =  7.1632143012E-01
Rho =  6.7087588710E-01
DelSqRho = -9.9252960419E-01
GradDelSqRho = -1.5099033135E-14 -1.7763568394E-14 -2.0428103653E-14
HessDelSqRho_EigVals = -1.5530610645E+01 -1.1767128773E+01  1.4306977155E+02
HessDelSqRho_EigVec1 =  8.2217330238E-01 -5.6772863769E-01  4.1415634719E-02
HessDelSqRho_EigVec2 = -3.7661939823E-01 -4.8797006269E-01  7.8742812167E-01
HessDelSqRho_EigVec3 =  4.2683590493E-01  6.6300031061E-01  6.1501357579E-01
</CP of DelSqRho>
<CP of DelSqRho>
CP# = 13      
Type = (3,-1)
Coords = -2.89016795890851E+00  5.94495209155953E-01 -1.39759320223705E+00
DistFromNuc =  7.1617320348E-01
Rho =  6.7212075108E-01
DelSqRho = -1.0008361828E+00
GradDelSqRho = -1.2212453271E-15 -9.7699626167E-15 -1.7763568394E-15
HessDelSqRho_EigVals = -1.5554307399E+01 -1.1813818330E+01  1.4334462469E+02
HessDelSqRho_EigVec1 =  9.1184043985E-01  6.3302805781E-02  4.0563501701E-01
HessDelSqRho_EigVec2 = -3.4135770252E-01 -4.3201388893E-01  8.3476878158E-01
HessDelSqRho_EigVec3 = -2.2808316724E-01  8.9964257044E-01  3.7231883416E-01
</CP of DelSqRho>
<CP of DelSqRho>
CP# = 14      
Type = (3,+1)
Coords = -3.21111670570635E+00  1.10016247857209E+00 -1.78065250982556E+00
DistFromNuc =  6.9476671328E-01
Rho =  7.7324884347E-01
DelSqRho = -2.4863133089E+00
GradDelSqRho =  3.5527136788E-15  8.8817841970E-16 -1.5987211555E-14
HessDelSqRho_EigVals = -1.3407242790E+01  1.3583149264E+01  1.8174272848E+02
HessDelSqRho_EigVec1 =  7.7744144734E-01  5.8862324693E-01 -2.2160205128E-01
HessDelSqRho_EigVec2 = -6.0441918329E-01  7.9665440598E-01 -4.3827280569E-03
HessDelSqRho_EigVec3 =  1.7396047491E-01  1.3734784529E-01  9.7512733659E-01
</CP of DelSqRho>
<CP of DelSqRho>
CP# = 15      
Type = (3,+1)
Coords = -3.53371922536424E+00  7.61228191594491E-01 -1.11459596603330E+00
DistFromNuc =  6.9232017154E-01
Rho =  7.8082965941E-01
DelSqRho = -2.5471318831E+00
GradDelSqRho =  2.3092638912E-14  8.8817841970E-15 -1.1546319456E-14
HessDelSqRho_EigVals = -1.1805598030E+01  1.3399759458E+01  1.8338619879E+02
HessDelSqRho_EigVec1 =  1.9298946823E-01 -3.2023179093E-02  9.8067812311E-01
HessDelSqRho_EigVec2 = -6.7794229686E-01  7.1818351407E-01  1.5686517220E-01
HessDelSqRho_EigVec3 =  7.0933018213E-01  6.9511650543E-01 -1.1689198688E-01
</CP of DelSqRho>
<CP of DelSqRho>
CP# = 16      
Type = (3,+1)
Coords = -3.43885862200294E+00  1.51774957674245E+00 -6.35940115950251E-01
DistFromNuc =  6.9183761070E-01
Rho =  7.8089996890E-01
DelSqRho = -2.5367937350E+00
GradDelSqRho = -3.8857805862E-12  2.7124968938E-12  4.6558312761E-12
HessDelSqRho_EigVals = -1.1966356374E+01  1.3315888671E+01  1.8402589480E+02
HessDelSqRho_EigVec1 = -8.3274744218E-02  8.9782513504E-01 -4.3240645677E-01
HessDelSqRho_EigVec2 =  8.0762483055E-01  3.1500077465E-01  4.9851443816E-01
HessDelSqRho_EigVec3 = -5.8378716161E-01  3.0770852905E-01  7.5133748149E-01
</CP of DelSqRho>
<CP of DelSqRho>
CP# = 17      
Type = (3,+1)
Coords = -2.44956480223243E+00  1.01637111149527E+00 -8.88829386383135E-01
DistFromNuc =  6.6852511087E-01
Rho =  8.5203065207E-01
DelSqRho = -3.4051500069E+00
GradDelSqRho =  4.2632564146E-14 -2.5757174171E-14  3.2862601529E-14
HessDelSqRho_EigVals = -6.4575892046E+00  1.8761639918E+01  2.4116328104E+02
HessDelSqRho_EigVec1 = -4.7038117963E-01 -4.2562032041E-01  7.7303873687E-01
HessDelSqRho_EigVec2 =  1.0964463309E-01  8.4102482967E-01  5.2976909150E-01
HessDelSqRho_EigVec3 =  8.7562526248E-01 -3.3395295886E-01  3.4893526761E-01
</CP of DelSqRho>
<CP of DelSqRho>
CP# = 18      
Type = (3,+1)
Coords = -3.10783049428134E+00  1.91570413497482E+00 -1.26699889775783E+00
DistFromNuc =  6.9433106318E-01
Rho =  7.7493978462E-01
DelSqRho = -2.5073562333E+00
GradDelSqRho = -4.8849813084E-15 -1.0658141036E-14 -6.6058269965E-15
HessDelSqRho_EigVals = -1.3266043537E+01  1.3806633042E+01  1.8246055408E+02
HessDelSqRho_EigVec1 =  6.7863269074E-01 -1.8696116415E-01 -7.1028388279E-01
HessDelSqRho_EigVec2 =  7.3362270851E-01  2.1919604651E-01  6.4323464984E-01
HessDelSqRho_EigVec3 = -3.5431520059E-02  9.5760044710E-01 -2.8591255847E-01
</CP of DelSqRho>
<CP of DelSqRho>
CP# = 19      
Type = (3,+3)
Coords = -3.50161681701811E+00  8.64681181654746E-01 -1.53608773771631E+00
DistFromNuc =  7.2792605313E-01
Rho =  7.4415535673E-01
DelSqRho = -2.9791331196E+00
GradDelSqRho = -2.6645352591E-14 -1.7763568394E-14 -1.1102230246E-14
HessDelSqRho_EigVals =  1.0889017912E+01  2.2702228906E+01  1.3479273567E+02
HessDelSqRho_EigVec1 =  3.8418245824E-01  4.1026711172E-01 -8.2709415173E-01
HessDelSqRho_EigVec2 =  6.6629630167E-01 -7.4333140438E-01 -5.9225515179E-02
HessDelSqRho_EigVec3 =  6.3910333841E-01  5.2833637042E-01  5.5893434546E-01
</CP of DelSqRho>
<CP of DelSqRho>
CP# = 20      
Type = (3,+3)
Coords = -2.58537197430900E+00  1.43546325104519E+00 -1.52484609528590E+00
DistFromNuc =  6.3274834580E-01
Rho =  9.8200958467E-01
DelSqRho = -4.6516042706E+00
GradDelSqRho =  1.2789769244E-13  4.2632564146E-14 -6.3948846218E-14
HessDelSqRho_EigVals =  1.2794450937E+01  2.5103717133E+01  3.6266963551E+02
HessDelSqRho_EigVec1 = -7.0918855172E-01  4.4479272167E-01 -5.4700185818E-01
HessDelSqRho_EigVec2 =  1.1333565419E-01  8.3770342066E-01  5.3423591091E-01
HessDelSqRho_EigVec3 =  6.9584957253E-01  3.1687917849E-01 -6.4450054976E-01
</CP of DelSqRho>
<CP of DelSqRho>
CP# = 21      
Type = (3,+3)
Coords = -3.37556048514477E+00  1.84973260528121E+00 -9.20050879594509E-01
DistFromNuc =  7.2760068238E-01
Rho =  7.4498825855E-01
DelSqRho = -2.9884558688E+00
GradDelSqRho = -1.7985612999E-14  2.7533531011E-14  7.9936057773E-15
HessDelSqRho_EigVals =  1.0946685365E+01  2.2815374710E+01  1.3506069841E+02
HessDelSqRho_EigVec1 =  4.0349246344E-01  4.9274827055E-01 -7.7096885398E-01
HessDelSqRho_EigVec2 =  7.8868076890E-01  2.3987820946E-01  5.6607516232E-01
HessDelSqRho_EigVec3 = -4.6387118548E-01  8.3645537030E-01  2.9183203523E-01
</CP of DelSqRho>
<CP of DelSqRho>
CP# = 22      
Type = (3,-3)
Coords = -2.54650853972507E+00  2.02896023613131E+00 -4.59730709963831E-01
DistFromNuc =  1.1403263067E+00
Rho =  2.4640817237E-01
DelSqRho =  8.4444793046E-01
GradDelSqRho = -1.0547118734E-15 -1.8873791419E-15 -1.4710455076E-15
HessDelSqRho_EigVals = -1.7695412656E+01 -1.8490047534E+00 -4.7692628121E-01
HessDelSqRho_EigVec1 =  4.6032756197E-01  6.6492758214E-01  5.8819201474E-01
HessDelSqRho_EigVec2 = -8.0311077202E-01  5.9425736952E-01 -4.3258139471E-02
HessDelSqRho_EigVec3 = -3.7830096954E-01 -4.5247042917E-01  8.0756354993E-01
</CP of DelSqRho>
<CP of DelSqRho>
CP# = 23      
Type = (3,-3)
Coords = -2.77155959038173E+00  2.33400228991163E-01 -1.59126062479241E+00
DistFromNuc =  1.1408579305E+00
Rho =  2.4670343427E-01
DelSqRho =  8.4460732699E-01
GradDelSqRho = -5.9660609786E-14  2.3414603589E-13  3.6276537330E-14
HessDelSqRho_EigVals = -1.7664474191E+01 -1.8362713036E+00 -4.9514887111E-01
HessDelSqRho_EigVec1 = -2.6481327212E-01  8.8268866272E-01  3.8824561249E-01
HessDelSqRho_EigVec2 =  8.9144734116E-01  7.0568605141E-02  4.4759547575E-01
HessDelSqRho_EigVec3 =  3.6768950060E-01  4.6462974149E-01 -8.0555796469E-01
</CP of DelSqRho>
<CP of DelSqRho>
CP# = 24      
Type = (3,-1)
Coords = -2.88257807221572E+00  1.13780684360354E+00 -2.29707025450380E+00
DistFromNuc =  1.1876263159E+00
Rho =  2.4496968771E-01
DelSqRho =  7.3216930398E-01
GradDelSqRho =  1.7347234760E-17 -7.0776717820E-16 -5.4400928207E-15
HessDelSqRho_EigVals = -1.7606279135E+01 -1.1928757976E+00  2.6682693254E-01
HessDelSqRho_EigVec1 = -1.4727888505E-01  8.3375592465E-02  9.8557467530E-01
HessDelSqRho_EigVec2 =  8.7525601584E-01  4.7509805708E-01  9.0602113056E-02
HessDelSqRho_EigVec3 = -4.6069060849E-01  8.7597394181E-01 -1.4294690101E-01
</CP of DelSqRho>
<CP of DelSqRho>
CP# = 25      
Type = (3,+1)
Coords = -2.17114400747267E+00  7.06539201907168E-01 -4.07407366532020E-01
DistFromNuc =  1.2419885350E+00
Rho =  2.3872934628E-01
DelSqRho =  4.8858685346E-01
GradDelSqRho = -1.1168843628E-12  1.2045919817E-12 -1.4885592758E-12
HessDelSqRho_EigVals = -1.0334464625E+01  3.2613202299E-01  4.8220748080E-01
HessDelSqRho_EigVec1 =  6.6609838489E-01 -4.3197435550E-01  6.0803873054E-01
HessDelSqRho_EigVec2 = -7.4303554479E-01 -4.5524139409E-01  4.9056442215E-01
HessDelSqRho_EigVec3 = -6.4893149261E-02  7.7855855868E-01  6.2420785792E-01
</CP of DelSqRho>
<CP of DelSqRho>
CP# = 26      
Type = (3,-3)
Coords = -3.88496237546262E+00  1.73474277135066E+00 -1.73969496002703E+00
DistFromNuc =  1.1610383865E+00
Rho =  2.5086630564E-01
DelSqRho =  8.6084704837E-01
GradDelSqRho = -1.7381929229E-15  1.7381929229E-15 -8.2919782152E-16
HessDelSqRho_EigVals = -1.7264956456E+01 -3.2041433878E+00 -2.1176863670E-01
HessDelSqRho_EigVec1 =  7.3108878200E-01 -4.2682543074E-01  5.3228680663E-01
HessDelSqRho_EigVec2 =  1.0785006034E-01  8.4264341922E-01  5.2756083302E-01
HessDelSqRho_EigVec3 = -6.7370435454E-01 -3.2828664262E-01  6.6208029947E-01
</CP of DelSqRho>
<CP of DelSqRho>
CP# = 27      
Type = (3,-1)
Coords = -3.60491438295847E+00  2.65722428054364E-01 -7.51445347205221E-01
DistFromNuc =  1.1892436401E+00
Rho =  2.4466772317E-01
DelSqRho =  7.1599586678E-01
GradDelSqRho = -6.3837823916E-16  1.2767564783E-15 -1.6653345369E-16
HessDelSqRho_EigVals = -1.7226853049E+01 -1.2157453334E+00  2.9451912678E-01
HessDelSqRho_EigVec1 =  4.6152785788E-01  8.2377073525E-01 -3.2923215538E-01
HessDelSqRho_EigVec2 =  5.2883647170E-01  4.2492348747E-02  8.4765935758E-01
HessDelSqRho_EigVec3 =  7.1226681980E-01 -5.6532837894E-01 -4.1602860643E-01
</CP of DelSqRho>
<CP of DelSqRho>
CP# = 28      
Type = (3,-1)
Coords = -2.73723952010645E+00  2.29790757628616E+00 -1.57581376948773E+00
DistFromNuc =  1.1878542817E+00
Rho =  2.4495925219E-01
DelSqRho =  7.3218274332E-01
GradDelSqRho = -8.1716577949E-13 -3.1376845566E-12  1.8860191187E-12
HessDelSqRho_EigVals = -1.7650497878E+01 -1.1615516072E+00  2.6290218165E-01
HessDelSqRho_EigVec1 =  2.6796404099E-01  8.8333647660E-01 -3.8459321606E-01
HessDelSqRho_EigVec2 = -7.5622821195E-01  4.4017962011E-01  4.8410824563E-01
HessDelSqRho_EigVec3 =  5.9692056773E-01  1.6111663833E-01  7.8595627402E-01
</CP of DelSqRho>
<CP of DelSqRho>
CP# = 29      
Type = (3,-1)
Coords = -3.46234115976991E+00  1.41817210872939E+00 -3.00889051082611E-02
DistFromNuc =  1.1877911962E+00
Rho =  2.4457724495E-01
DelSqRho =  7.2404997191E-01
GradDelSqRho = -1.6653345369E-16  3.8163916471E-16  2.3869795029E-15
HessDelSqRho_EigVals = -1.7393592880E+01 -1.2656511379E+00  2.7094088047E-01
HessDelSqRho_EigVec1 = -3.4276261185E-01  1.3343793516E-01  9.2989682728E-01
HessDelSqRho_EigVec2 =  4.1007581997E-01 -8.6931973479E-01  2.7590038162E-01
HessDelSqRho_EigVec3 =  8.4519324050E-01  4.7589653935E-01  2.4325063216E-01
</CP of DelSqRho>
<CP of DelSqRho>
CP# = 30      
Type = (3,+1)
Coords = -4.39875934605528E+00  2.29150890875397E+00 -1.02534433600281E-01
DistFromNuc =  2.0024838979E+00
Rho =  7.4811701902E-02
DelSqRho =  1.8098265281E-01
GradDelSqRho =  3.2179120479E-16 -3.4000580129E-16 -1.2143064332E-16
HessDelSqRho_EigVals = -1.6740827998E+00  2.7401191329E-02  5.8666776833E-01
HessDelSqRho_EigVec1 =  7.5092315967E-01 -9.0905791231E-02 -6.5410285537E-01
HessDelSqRho_EigVec2 =  6.6035317524E-01  1.1376366231E-01  7.4228802569E-01
HessDelSqRho_EigVec3 = -6.9348560569E-03  9.8934016711E-01 -1.4545769664E-01
</CP of DelSqRho>
<CP of DelSqRho>
CP# = 31      
Type = (3,+1)
Coords = -4.64329679109361E+00  9.08958944742010E-02 -1.45276844512147E+00
DistFromNuc =  2.0048072684E+00
Rho =  7.4570609555E-02
DelSqRho =  1.7916815186E-01
GradDelSqRho =  1.2490009027E-16 -1.9081958236E-17 -4.3888503942E-16
HessDelSqRho_EigVals = -1.6347618727E+00  3.1326073241E-02  5.8970235995E-01
HessDelSqRho_EigVec1 =  7.9859410395E-01  5.2951461428E-01 -2.8611489021E-01
HessDelSqRho_EigVec2 = -5.7288771720E-01  8.1449564767E-01 -9.1632436381E-02
HessDelSqRho_EigVec3 =  1.8451861860E-01  2.3708882973E-01  9.5380384053E-01
</CP of DelSqRho>
<CP of DelSqRho>
CP# = 32      
Type = (3,+1)
Coords = -3.69161834133382E+00  3.09874765121337E+00 -1.43450917598108E+00
DistFromNuc =  1.9956600389E+00
Rho =  7.5143444890E-02
DelSqRho =  1.8396897221E-01
GradDelSqRho = -1.0833521580E-13 -3.9221403902E-13 -5.3223571383E-13
HessDelSqRho_EigVals = -1.7256990648E+00  2.5153176521E-02  5.8258678813E-01
HessDelSqRho_EigVec1 = -1.0464600057E-01  8.1840756163E-01 -5.6502944846E-01
HessDelSqRho_EigVec2 =  8.6515047510E-01  3.5511468436E-01  3.5413022518E-01
HessDelSqRho_EigVec3 =  4.9047310834E-01 -4.5177718403E-01 -7.4520702223E-01
</CP of DelSqRho>
<CP of DelSqRho>
CP# = 33      
Type = (3,+1)
Coords = -4.03849842004706E+00  9.12721674595657E-01 -2.81512770386765E+00
DistFromNuc =  1.9943562591E+00
Rho =  7.5339365549E-02
DelSqRho =  1.8506596139E-01
GradDelSqRho =  1.2394599236E-14 -2.0747292773E-15  1.3662682097E-14
HessDelSqRho_EigVals = -1.7664268410E+00  2.3978740330E-02  5.8023225488E-01
HessDelSqRho_EigVec1 =  2.3793891616E-01 -2.3766113861E-01  9.4175488073E-01
HessDelSqRho_EigVec2 =  7.6874199138E-01 -5.4654428397E-01 -3.3215221865E-01
HessDelSqRho_EigVec3 =  5.9365042143E-01  8.0299846131E-01  5.2655942410E-02
</CP of DelSqRho>
<Path of -GradDelSqRho>
Starting CP# =      3
Ending CP# =      0
Number of Points =     29
 -3.5797983452E+00  2.2046379087E+00 -8.2232851686E-01  4.1866987446E-01 -9.9004684766E-01
 -3.5917182826E+00  2.2256417565E+00 -8.1586682459E-01  4.0825341280E-01 -1.0001664055E+00
 -3.6036392802E+00  2.2466454788E+00 -8.0940668022E-01  3.9886160418E-01 -1.0304459141E+00
 -3.6155609635E+00  2.2676492961E+00 -8.0294811023E-01  3.9046596911E-01 -1.0808818386E+00
 -3.6274828814E+00  2.2886534364E+00 -7.9649102387E-01  3.8303327251E-01 -1.1515994270E+00
 -3.6394045675E+00  2.3096581117E+00 -7.9003525021E-01  3.7652563855E-01 -1.2427654317E+00
 -3.6513256082E+00  2.3306634924E+00 -7.8358057969E-01  3.7090057952E-01 -1.3544115049E+00
 -3.6632457199E+00  2.3516696770E+00 -7.7712680979E-01  3.6611106058E-01 -1.4861371038E+00
 -3.6751648358E+00  2.3726766587E+00 -7.7067379559E-01  3.6210581234E-01 -1.6366663276E+00
 -3.6870832110E+00  2.3936842838E+00 -7.6422150723E-01  3.5883022514E-01 -1.8032698105E+00
 -3.6990015596E+00  2.4146921944E+00 -7.5777009987E-01  3.5622829578E-01 -1.9811558108E+00
 -3.7109212464E+00  2.4356997490E+00 -7.5132000549E-01  3.5424620350E-01 -2.1631043650E+00
 -3.7228445348E+00  2.4567059162E+00 -7.4487205011E-01  3.5283806787E-01 -2.3398553680E+00
 -3.7347746837E+00  2.4777092383E+00 -7.3842751769E-01  3.5197414165E-01 -2.5019911812E+00
 -3.7467145824E+00  2.4987084450E+00 -7.3198763223E-01  3.5165095261E-01 -2.6441129471E+00
 -3.7586595736E+00  2.5197056404E+00 -7.2555063233E-01  3.5190164700E-01 -2.7717689242E+00
 -3.7705862708E+00  2.5407111855E+00 -7.1910696601E-01  3.5280314565E-01 -2.9106696849E+00
 -3.7824712107E+00  2.5617352716E+00 -7.1264664172E-01  3.5447510912E-01 -3.1162530441E+00
 -3.7943191683E+00  2.5827755787E+00 -7.0617120477E-01  3.5706475911E-01 -3.4800102920E+00
 -3.8061452442E+00  2.6038254024E+00 -6.9968669855E-01  3.6071254773E-01 -4.1278018929E+00
 -3.8179594395E+00  2.6248803642E+00 -6.9319721730E-01  3.6549709194E-01 -5.2053372412E+00
 -3.8297668763E+00  2.6459382386E+00 -6.8670488679E-01  3.7136371638E-01 -6.8475618887E+00
 -3.8415701282E+00  2.6669979138E+00 -6.8021078747E-01  3.7804904435E-01 -9.1324282483E+00
 -3.8533705361E+00  2.6880588126E+00 -6.7371548804E-01  3.8502259115E-01 -1.2026116626E+01
 -3.8651688229E+00  2.7091206245E+00 -6.6721929645E-01  3.9147201623E-01 -1.5336009661E+01
 -3.8769653748E+00  2.7301831830E+00 -6.6072237452E-01  3.9635689766E-01 -1.8696076198E+01
 -3.8887603629E+00  2.7512464107E+00 -6.5422478306E-01  3.9854212614E-01 -2.1608912137E+01
 -3.9005537398E+00  2.7723103156E+00 -6.4772646260E-01  3.9699594759E-01 -2.3551742588E+01
 -3.9105761207E+00  2.7902154214E+00 -6.4220182981E-01  3.9220357383E-01 -2.4133308111E+01
</Path of -GradDelSqRho>
<Path of -GradDelSqRho>
Starting CP# =      3
Ending CP# =     21
Number of Points =     17
 -3.5797983452E+00  2.2046379087E+00 -8.2232851686E-01  4.1866987446E-01 -9.9004684766E-01
 -3.5678796638E+00  2.1836337574E+00 -8.2879153961E-01  4.3013445359E-01 -1.0002418284E+00
 -3.5559623488E+00  2.1626291486E+00 -8.3525559494E-01  4.4266518027E-01 -1.0310296085E+00
 -3.5440462497E+00  2.1416239964E+00 -8.4172012621E-01  4.5627408559E-01 -1.0827435894E+00
 -3.5321309557E+00  2.1206182890E+00 -8.4818433725E-01  4.7096653456E-01 -1.1556672551E+00
 -3.5202157549E+00  2.0996120990E+00 -8.5464715170E-01  4.8674052058E-01 -1.2498958920E+00
 -3.5082995865E+00  2.0786055930E+00 -8.6110715466E-01  5.0358600826E-01 -1.3651688922E+00
 -3.4963809757E+00  2.0575990419E+00 -8.6756250322E-01  5.2148443249E-01 -1.5006780708E+00
 -3.4844579374E+00  2.0365928329E+00 -8.7401078435E-01  5.4040848054E-01 -1.6548596015E+00
 -3.4725278236E+00  2.0155874874E+00 -8.8044878324E-01  5.6032230049E-01 -1.8251793025E+00
 -3.4605870741E+00  1.9945836884E+00 -8.8687209130E-01  5.8118229050E-01 -2.0079223590E+00
 -3.4486307809E+00  1.9735823237E+00 -8.9327440752E-01  6.0293862936E-01 -2.1979980155E+00
 -3.4366518737E+00  1.9525845639E+00 -8.9964619622E-01  6.2553770517E-01 -2.3887652641E+00
 -3.4246394193E+00  1.9315920174E+00 -9.0597181989E-01  6.4892557873E-01 -2.5718733022E+00
 -3.4125744841E+00  1.9106071062E+00 -9.1222239420E-01  6.7305253315E-01 -2.7370837922E+00
 -3.4004173565E+00  1.8896342919E+00 -9.1833309910E-01  6.9787826554E-01 -2.8719902501E+00
 -3.3755604851E+00  1.8497326053E+00 -9.2005087959E-01  7.4498825855E-01 -2.9884558688E+00
</Path of -GradDelSqRho>
<Path of -GradDelSqRho>
Starting CP# =      4
Ending CP# =     19
Number of Points =     17
 -3.7743579925E+00  6.6802978000E-01 -1.7889936779E+00  4.1847287874E-01 -9.8782910089E-01
 -3.7582303645E+00  6.8037802937E-01 -1.7744190303E+00  4.2993496285E-01 -9.9801069713E-01
 -3.7421025522E+00  6.9272903106E-01 -1.7598469191E+00  4.4246199739E-01 -1.0287564451E+00
 -3.7259745967E+00  7.0508221957E-01 -1.7452768201E+00  4.5606589286E-01 -1.0803966321E+00
 -3.7098463491E+00  7.1743670790E-01 -1.7307081466E+00  4.7075189234E-01 -1.1532112207E+00
 -3.6937174340E+00  7.2979124170E-01 -1.7161402507E+00  4.8651786641E-01 -1.2472915762E+00
 -3.6775872091E+00  7.4214413547E-01 -1.7015724142E+00  5.0335365654E-01 -1.3623727871E+00
 -3.6614547157E+00  7.5449317461E-01 -1.6870038218E+00  5.2124057465E-01 -1.4976419937E+00
 -3.6453186093E+00  7.6683545885E-01 -1.6724335066E+00  5.4015118583E-01 -1.6515302981E+00
 -3.6291770551E+00  7.7916714523E-01 -1.6578602530E+00  5.6004951719E-01 -1.8214979546E+00
 -3.6130275590E+00  7.9148301207E-01 -1.6432824219E+00  5.8089184751E-01 -2.0038238783E+00
 -3.5968666799E+00  8.0377568121E-01 -1.6286976289E+00  6.0262823780E-01 -2.1934099562E+00
 -3.5806894955E+00  8.1603412423E-01 -1.6141021129E+00  6.2520495908E-01 -2.3836061295E+00
 -3.5644885010E+00  8.2824047085E-01 -1.5994893642E+00  6.4856795117E-01 -2.5660499845E+00
 -3.5482509639E+00  8.4036204185E-01 -1.5848466665E+00  6.7266735083E-01 -2.7304879138E+00
 -3.5319508901E+00  8.5232593274E-01 -1.5701440285E+00  6.9746255817E-01 -2.8644935853E+00
 -3.5016168170E+00  8.6468118165E-01 -1.5360877377E+00  7.4415535673E-01 -2.9791331196E+00
</Path of -GradDelSqRho>
<Path of -GradDelSqRho>
Starting CP# =      4
Ending CP# =      0
Number of Points =     29
 -3.7743579925E+00  6.6802978000E-01 -1.7889936779E+00  4.1847287874E-01 -9.8782910089E-01
 -3.7904852615E+00  6.5568445997E-01 -1.8035712039E+00  4.0805783392E-01 -9.9793612322E-01
 -3.8066118605E+00  6.4334221468E-01 -1.8181520744E+00  3.9866648113E-01 -1.0281795770E+00
 -3.8227374176E+00  6.3100288624E-01 -1.8327365656E+00  3.9027045610E-01 -1.0785581197E+00
 -3.8388615395E+00  6.1866616259E-01 -1.8473248465E+00  3.8283663709E-01 -1.1491991879E+00
 -3.8549838645E+00  6.0633163525E-01 -1.8619169700E+00  3.7632725963E-01 -1.2402720463E+00
 -3.8711041196E+00  5.9399886516E-01 -1.8765128651E+00  3.7069994507E-01 -1.3518116776E+00
 -3.8872221850E+00  5.8166745632E-01 -1.8911123282E+00  3.6590776435E-01 -1.4834223628E+00
 -3.9033381679E+00  5.6933713832E-01 -1.9057150113E+00  3.6189954849E-01 -1.6338353020E+00
 -3.9194524957E+00  5.5700786163E-01 -1.9203203998E+00  3.5862077892E-01 -1.8003311276E+00
 -3.9355660414E+00  5.4467991566E-01 -1.9349277744E+00  3.5601552783E-01 -1.9781308586E+00
 -3.9516803047E+00  5.3235408631E-01 -1.9495361436E+00  3.5403002467E-01 -2.1600281834E+00
 -3.9677976492E+00  5.2003185876E-01 -1.9641441520E+00  3.5261840214E-01 -2.3367727014E+00
 -3.9839213866E+00  5.0771552572E-01 -1.9787500763E+00  3.5175087645E-01 -2.4989437551E+00
 -4.0000544054E+00  4.9540726443E-01 -1.9933525553E+00  3.5142388015E-01 -2.6411142482E+00
 -4.0161920569E+00  4.8310394919E-01 -2.0079540837E+00  3.5167040748E-01 -2.7687652684E+00
 -4.0323111352E+00  4.7078862245E-01 -2.0225659922E+00  3.5256719511E-01 -2.9074919059E+00
 -4.0483884467E+00  4.5844353775E-01 -2.0371987861E+00  3.5423374014E-01 -3.1125714292E+00
 -4.0644289050E+00  4.4607148543E-01 -2.0518492433E+00  3.5681719545E-01 -3.4753131387E+00
 -4.0804476447E+00  4.3368325752E-01 -2.0665097941E+00  3.6045813836E-01 -4.1214219196E+00
 -4.0964546580E+00  4.2128614989E-01 -2.0811756469E+00  3.6523560689E-01 -5.1965484747E+00
 -4.1124550497E+00  4.0888394059E-01 -2.0958444119E+00  3.7109570827E-01 -6.8357582628E+00
 -4.1284513797E+00  3.9647854348E-01 -2.1105149110E+00  3.7777619919E-01 -9.1173703405E+00
 -4.1444449815E+00  3.8407096163E-01 -2.1251865372E+00  3.8474795388E-01 -1.2008193127E+01
 -4.1604365757E+00  3.7166173526E-01 -2.1398589609E+00  3.9119996051E-01 -1.5316413731E+01
 -4.1764265545E+00  3.5925114610E-01 -2.1545319923E+00  3.9609274093E-01 -1.8676772285E+01
 -4.1924151086E+00  3.4683929809E-01 -2.1692055115E+00  3.9829138416E-01 -2.1592307171E+01
 -4.2084022477E+00  3.3442608425E-01 -2.1838794172E+00  3.9676336127E-01 -2.3540094836E+01
 -4.2219897151E+00  3.2387290271E-01 -2.1963523313E+00  3.9198888660E-01 -2.4127057337E+01
</Path of -GradDelSqRho>
<Path of -GradDelSqRho>
Starting CP# =      5
Ending CP# =      1
Number of Points =      7
 -3.0160060023E+00  1.3280785637E+00 -1.2659655014E+00  2.2596071777E+01  1.2389121637E+03
 -3.0187849564E+00  1.3150529167E+00 -1.2448087184E+00  3.2860267882E+01  9.8365910540E+02
 -3.0215071696E+00  1.3020187440E+00 -1.2236498014E+00  4.8160579085E+01 -8.1611617743E+02
 -3.0242044249E+00  1.2889808436E+00 -1.2024899821E+00  7.0892081014E+01 -6.4531157817E+03
 -3.0268832339E+00  1.2759401975E+00 -1.1813295130E+00  1.0464287181E+02 -2.0874308092E+04
 -3.0295317050E+00  1.2628950468E+00 -1.1601680006E+00  1.5527735234E+02 -7.6126742839E+04
 -3.0340576451E+00  1.2403564430E+00 -1.1236164663E+00  2.9730415112E+02 -3.3295068415E+06
</Path of -GradDelSqRho>
<Path of -GradDelSqRho>
Starting CP# =      5
Ending CP# =     20
Number of Points =     35
 -3.0160060023E+00  1.3280785637E+00 -1.2659655014E+00  2.2596071777E+01  1.2389121637E+03
 -3.0131596278E+00  1.3410939986E+00 -1.2871196103E+00  1.5663272752E+01  1.1561635578E+03
 -3.0102824075E+00  1.3541047368E+00 -1.3082724419E+00  1.0964848514E+01  9.8535391484E+02
 -3.0073974944E+00  1.3671143081E+00 -1.3294249435E+00  7.7904385989E+00  7.7625939096E+02
 -3.0044949836E+00  1.3801211946E+00 -1.3505766876E+00  5.6540197880E+00  5.7461674020E+02
 -3.0015574130E+00  1.3931227057E+00 -1.3717268936E+00  4.2172375120E+00  4.0944701020E+02
 -2.9985657399E+00  1.4061158699E+00 -1.3928746413E+00  3.2484928890E+00  2.8603020249E+02
 -2.9955008329E+00  1.4190976388E+00 -1.4140188944E+00  2.5922804098E+00  1.9723596943E+02
 -2.9923449336E+00  1.4320650955E+00 -1.4351585378E+00  2.1448444263E+00  1.3383394747E+02
 -2.9890807453E+00  1.4450152968E+00 -1.4562923064E+00  1.8366277183E+00  8.8590720785E+01
 -2.9856870855E+00  1.4579445465E+00 -1.4774184947E+00  1.6206896189E+00  5.6581906654E+01
 -2.9821326098E+00  1.4708472783E+00 -1.4985344221E+00  1.4653374526E+00  3.4401535725E+01
 -2.9783683597E+00  1.4837145818E+00 -1.5196355567E+00  1.3493556202E+00  1.9493621181E+01
 -2.9743173001E+00  1.4965318848E+00 -1.5407138820E+00  1.2587686662E+00  9.8316544286E+00
 -2.9698563907E+00  1.5092745470E+00 -1.5617544083E+00  1.1845593581E+00  3.8133056527E+00
 -2.9647819195E+00  1.5218982996E+00 -1.5827267844E+00  1.1210508106E+00  2.2165498926E-01
 -2.9587343039E+00  1.5343152948E+00 -1.6035620412E+00  1.0648046642E+00 -1.8190201549E+00
 -2.9510066647E+00  1.5463201815E+00 -1.6240729636E+00  1.0140023863E+00 -2.9058375337E+00
 -2.9399555778E+00  1.5572784951E+00 -1.6435762879E+00  9.6871135453E-01 -3.4290933146E+00
 -2.9217306695E+00  1.5644673270E+00 -1.6585181365E+00  9.3538038150E-01 -3.6502040358E+00
 -2.8972618135E+00  1.5632834713E+00 -1.6614495086E+00  9.2782896926E-01 -3.7712913790E+00
 -2.8731782926E+00  1.5578671796E+00 -1.6576411283E+00  9.3316912036E-01 -3.8792319816E+00
 -2.8497105445E+00  1.5513529498E+00 -1.6520116320E+00  9.4057657770E-01 -3.9819391970E+00
 -2.8266014447E+00  1.5443364902E+00 -1.6455559637E+00  9.4783036584E-01 -4.0790909144E+00
 -2.8038116717E+00  1.5369199144E+00 -1.6384449551E+00  9.5452330361E-01 -4.1700746603E+00
 -2.7813542706E+00  1.5291237710E+00 -1.6307098346E+00  9.6056610202E-01 -4.2543127159E+00
 -2.7592513379E+00  1.5209566592E+00 -1.6223608606E+00  9.6592317115E-01 -4.3312883339E+00
 -2.7375263222E+00  1.5124258949E+00 -1.6134056290E+00  9.7057127724E-01 -4.4005556530E+00
 -2.7162029228E+00  1.5035389880E+00 -1.6038514915E+00  9.7449420526E-01 -4.4617469087E+00
 -2.6953049534E+00  1.4943039366E+00 -1.5937058398E+00  9.7768223610E-01 -4.5145779858E+00
 -2.6748563072E+00  1.4847294370E+00 -1.5829761231E+00  9.8013207976E-01 -4.5588523301E+00
 -2.6548809152E+00  1.4748251634E+00 -1.5716697769E+00  9.8184678213E-01 -4.5944631623E+00
 -2.6354026819E+00  1.4646022082E+00 -1.5597940316E+00  9.8283556778E-01 -4.6213939848E+00
 -2.6164453673E+00  1.4540738948E+00 -1.5473554695E+00  9.8311361882E-01 -4.6397174157E+00
 -2.5853719743E+00  1.4354632510E+00 -1.5248460953E+00  9.8200958467E-01 -4.6516042706E+00
</Path of -GradDelSqRho>
<Path of -GradDelSqRho>
Starting CP# =      7
Ending CP# =      1
Number of Points =      7
 -3.1504931595E+00  1.1862802934E+00 -1.0142932033E+00  2.2502925275E+01  1.2282529164E+03
 -3.1332907667E+00  1.1943344186E+00 -1.0305476917E+00  3.2706200095E+01  9.7981651136E+02
 -3.1160523312E+00  1.2023667037E+00 -1.0467747875E+00  4.7907371640E+01 -7.8083353088E+02
 -3.0987979791E+00  1.2103893196E+00 -1.0629897484E+00  7.0486418299E+01 -6.3403259925E+03
 -3.0815322577E+00  1.2184050175E+00 -1.0791960247E+00  1.0399323391E+02 -2.0453789319E+04
 -3.0642475424E+00  1.2264091414E+00 -1.0953877693E+00  1.5426482678E+02 -7.4706485161E+04
 -3.0340576451E+00  1.2403564430E+00 -1.1236164663E+00  2.9730415112E+02 -3.3295068415E+06
</Path of -GradDelSqRho>
<Path of -GradDelSqRho>
Starting CP# =      7
Ending CP# =     10
Number of Points =     37
 -3.1504931595E+00  1.1862802934E+00 -1.0142932033E+00  2.2502925275E+01  1.2282529164E+03
 -3.1676534551E+00  1.1782007480E+00 -9.9800685936E-01  1.5606434912E+01  1.1469877847E+03
 -3.1847952791E+00  1.1701100783E+00 -9.8170658546E-01  1.0929491316E+01  9.7787734695E+02
 -3.2019325794E+00  1.1620166860E+00 -9.6540290690E-01  7.7673478555E+00  7.7034679853E+02
 -3.2190588442E+00  1.1539166570E+00 -9.4909093147E-01  5.6373100811E+00  5.7031097843E+02
 -3.2361630883E+00  1.1458034046E+00 -9.3276243356E-01  4.2032378683E+00  4.0659745897E+02
 -3.2532333834E+00  1.1376698137E+00 -9.1640855121E-01  3.2350486006E+00  2.8433100634E+02
 -3.2702577600E+00  1.1295088041E+00 -9.0002050373E-01  2.5782386987E+00  1.9637276940E+02
 -3.2872251259E+00  1.1213138957E+00 -8.8359030714E-01  2.1296865791E+00  1.3355355178E+02
 -3.3041246931E+00  1.1130788790E+00 -8.6711037149E-01  1.8202225729E+00  8.8705025973E+01
 -3.3209432448E+00  1.1047962272E+00 -8.5057154552E-01  1.6031329488E+00  5.6951468476E+01
 -3.3376611858E+00  1.0964548644E+00 -8.3396040063E-01  1.4468461180E+00  3.4921715666E+01
 -3.3542478344E+00  1.0880376317E+00 -8.1725621559E-01  1.3301961615E+00  2.0087034391E+01
 -3.3706547588E+00  1.0795179093E+00 -8.0042706046E-01  1.2392084446E+00  1.0443904659E+01
 -3.3868042430E+00  1.0708541063E+00 -7.8342357037E-01  1.1648320739E+00  4.4092514440E+00
 -3.4025666826E+00  1.0619796121E+00 -7.6616794140E-01  1.1013273745E+00  7.8135352447E-01
 -3.4177105357E+00  1.0527826317E+00 -7.4853286672E-01  1.0451516132E+00 -1.3043126745E+00
 -3.4317697593E+00  1.0430599795E+00 -7.3029707291E-01  9.9426840304E-01 -2.4368031112E+00
 -3.4435834735E+00  1.0323940331E+00 -7.1104961147E-01  9.4802443185E-01 -2.9991604269E+00
 -3.4490928755E+00  1.0199436133E+00 -6.9032823927E-01  9.0950452240E-01 -3.2385437090E+00
 -3.4388354251E+00  1.0070771265E+00 -6.7228899341E-01  8.9420497649E-01 -3.3446835448E+00
 -3.4195142559E+00  9.9682280623E-01 -6.6027253616E-01  8.9706725692E-01 -3.4315663796E+00
 -3.3985662435E+00  9.8760276229E-01 -6.5022218468E-01  9.0297241794E-01 -3.5145096468E+00
 -3.3770647655E+00  9.7882308745E-01 -6.4097341776E-01  9.0887376837E-01 -3.5935346571E+00
 -3.3551582795E+00  9.7040247911E-01 -6.3236271012E-01  9.1432764111E-01 -3.6682186605E+00
 -3.3328835796E+00  9.6234005344E-01 -6.2437640975E-01  9.1925755781E-01 -3.7381570052E+00
 -3.3102646253E+00  9.5464530737E-01 -6.1701980177E-01  9.2363695782E-01 -3.8029852106E+00
 -3.2873242094E+00  9.4732890337E-01 -6.1030018925E-01  9.2744910020E-01 -3.8623855948E+00
 -3.2640852215E+00  9.4040162392E-01 -6.0422503260E-01  9.3068283695E-01 -3.9160920084E+00
 -3.2405708408E+00  9.3387422699E-01 -5.9880176498E-01  9.3333226603E-01 -3.9638934965E+00
 -3.2168046338E+00  9.2775735923E-01 -5.9403777034E-01  9.3539666960E-01 -4.0056369020E+00
 -3.1928106413E+00  9.2206143679E-01 -5.8994039409E-01  9.3688041287E-01 -4.0412283754E+00
 -3.1686134632E+00  9.1679646775E-01 -5.8651699060E-01  9.3779278491E-01 -4.0706337935E+00
 -3.1442383468E+00  9.1197177851E-01 -5.8377503140E-01  9.3814778502E-01 -4.0938781123E+00
 -3.1197112875E+00  9.0759557179E-01 -5.8172231916E-01  9.3796385936E-01 -4.1110437170E+00
 -3.0950591623E+00  9.0367415278E-01 -5.8036740995E-01  9.3726359324E-01 -4.1222678544E+00
 -3.0581699041E+00  8.9868057524E-01 -5.7966626993E-01  9.3532109884E-01 -4.1283900527E+00
</Path of -GradDelSqRho>
<Path of -GradDelSqRho>
Starting CP# =     14
Ending CP# =     20
Number of Points =     33
 -3.2111167057E+00  1.1001624786E+00 -1.7806525098E+00  7.7324884347E-01 -2.4863133089E+00
 -3.1926759164E+00  1.1140915489E+00 -1.7854834227E+00  7.7780164372E-01 -2.4901127494E+00
