 AIMExt (Version 19.02.13, Professional)
 Portions Copyright (c) 1997-2019 by Todd A. Keith
 AIMExt is a component of the AIMAll package ( http://aim.tkgristmill.com )

 TP:  64-bit Linux

 Licensed To:  Research Group of Fernando Cortes Guzman, UNAM, fercor@unam.mx

 AIMExt is a heavily modified and extended version of the EXTREME program
 developed by members of R.F.W. Bader's research group

 Much of the Quantum Theory of Atoms in Molecules (QTAIM) is described in the book:
   "Atoms in Molecules - A Quantum Theory"
   R.F.W. Bader, Oxford University Press, Oxford, 1990

 For additional references see:  http://aim.tkgristmill.com/references.html

 Wfx File:  /home/scratch/M_H2O_4_cuadrado_plano/Opt/Mn2_cuadrado_plano_cc-pvtz-def2-tzv_2.wfx
 ExtOut File:  /home/scratch/M_H2O_4_cuadrado_plano/Opt/Mn2_cuadrado_plano_cc-pvtz-def2-tzv_2.extout
 Mgp File:  /home/scratch/M_H2O_4_cuadrado_plano/Opt/Mn2_cuadrado_plano_cc-pvtz-def2-tzv_2.mgp

 MgpViz File:  /home/scratch/M_H2O_4_cuadrado_plano/Opt/Mn2_cuadrado_plano_cc-pvtz-def2-tzv_2.mgpviz

 Wfx Title:   Mn2_cuadrado_plano_cc-pvtz-def2-tzv_2                                         
 Job Title:  Auto                                                                           
 
Nuclear Charges and Cartesian Coordinates:
-------------------------------------------------------------------------------
Atom      Charge                X                  Y                  Z
-------------------------------------------------------------------------------
Mn1       25.0           9.9765953693E-06   1.1429092687E-04  -9.1898544751E-05
O2         8.0          -3.4581872594E+00  -6.0571978682E-03   5.6766210123E-05
H3         1.0          -4.5792040210E+00   9.6486992061E-01   1.1160219484E+00
O4         8.0           3.4582007876E+00   6.0842026356E-03  -2.0312782493E-04
H5         1.0           4.5789403829E+00  -9.6709374973E-01  -1.1144768351E+00
O6         8.0           6.0760753622E-03  -3.4581300560E+00   1.0724137949E-02
H7         1.0           1.4861211253E+00  -4.5579351874E+00   2.0524024395E-01
O8         8.0          -6.0660432387E-03   3.4582242783E+00  -1.0872767236E-02
H9         1.0          -1.4863968576E+00   4.5576769380E+00  -2.0517437042E-01
H10        1.0           1.4698746044E+00   4.5635646655E+00  -2.0489380279E-01
H11        1.0           4.5749400382E+00   9.8040788744E-01   1.1170691024E+00
H12        1.0          -1.4700156370E+00  -4.5629622202E+00   2.0660024205E-01
H13        1.0          -4.5746975321E+00  -9.8235534413E-01  -1.1157291377E+00

Total number of electron density critical points found =     25

Electron Density Critical Point Analysis of Molecular Structure:
---------------------------------------------------------------
  NACP = Nuclear Attractor Critical Point
  NNACP = Non-Nuclear Attractor Critical Point
  BCP = Bond Critical Point
  RCP = Ring Critical Point
  CCP = Cage Critical Point
  Rho = Electron Density
  GradRho = Gradient of Electron Density
  HessRho_EigVals = Eigenvalues of the Hessian of Rho, Ascending Order
  HessRho_EigVecs = Eigenvectors of the Hessian of Rho
  DelSqRho = Laplacian of Rho = Trace of Hessian of Rho
  Bond Ellipticity = (HessRho_EigVal(1) / HessRho_EigVal(2)) - 1
  V = Virial Field = Potential Energy Density = Trace of Stress Tensor
  G = Lagrangian Form of Kinetic Energy Density
  K = Hamiltonian Form of Kinetic Energy Density
  L = K - G = Lagrangian Density = (-1/4)DelSqRho
  Vnuc = Electrostatic Potential from Nuclei
  Ven = Electron-nuclear attractive contribution to Virial Field V
  Vrep = V - Ven = Repulsive contribution to Virial Field V
  DelSqV = Laplacian of V
  DelSqVen = Laplacian of Ven
  DelSqVrep = Laplacian of Vrep
  DelSqG = Laplacian of G
  DelSqK = Laplacian of K
  Stress_EigVals = Eigenvalues of Stress Tensor, Ascending Order
  Stress_EigVecs = Eigenvectors of Stress Tensor
  -DivStress = Ehrenfest Force Density = Minus Divergence of Stress Tensor
  ESP = Total Electrostatic Potential
  ESPe = Electrostatic Potential from Electrons
  ESPn = Electrostatic Potential from Nuclei
  BP = Bond Path
  BPL = Bond Path Length
  GBL = Geometric Bond Length
  GBL_I = Distance Between Nuclear Attractors
  GBL_II = Distance Between Nuclei
  GBL_III = Sum of Distances Between BCP and Nuclear Attractors
  GBL_IV = Sum of Distances Between BCP and Nuclei

CP# 1      Coords =  9.97659450617144E-06  1.14290924577480E-04 -9.18985473636305E-05
           Type = (3,-3) NACP Mn1
           Rho =  1.0482509018E+04     Rho at Nucleus =  1.0482509018E+04
           GradRho =  4.9270787103E-13  1.2113036268E-11 -1.3441955882E-11
           HessRho_EigVals = -1.9958538490E+09 -1.9958531032E+09 -1.9958530675E+09
           HessRho_EigVec1 = -5.6451605862E-05  6.5136161630E-02  9.9787638376E-01
           HessRho_EigVec2 =  9.9999633194E-01  2.7058612995E-03 -1.2005296659E-04
           HessRho_EigVec3 = -2.7079348779E-03  9.9787271671E-01 -6.5136075457E-02
           DelSqRho = -5.9875600197E+09
           Bond Ellipticity = NA
           V = -1.4972233543E+09
           G =  1.6667471634E+05
           K =  1.4970566796E+09
           L =  1.4968900049E+09
           Vnuc =  2.5000000109E+09
           Ven = -2.6206272659E+13
           Vrep =  2.6204775435E+13
           DelSqV =  4.1587211974E+16
           DelSqVen =  7.8618807552E+29
           DelSqVrep = -7.8618807552E+29
           DelSqG =  2.8506485506E+14
           DelSqK = -4.1872276829E+16
           Stress_EigVals = -4.9907449934E+08 -4.9907449358E+08 -4.9907436142E+08
           Stress_EigVec1 = -2.5486340741E-03  9.9667576482E-01 -8.1430487416E-02
           Stress_EigVec2 =  9.9999674643E-01  2.5489409787E-03 -1.0018462080E-04
           Stress_EigVec3 = -1.0770992272E-04  8.1430477809E-02  9.9667901838E-01
           -DivStress =  1.1919924580E+04  3.1663475337E+04  3.6081510199E+04
           ESP =  -1.0908732018E+02     ESP at Nucleus =  -1.0908732018E+02
           ESPe = -1.2000578706E+02     ESPe at Nucleus = -1.2000578706E+02
           ESPn =  1.0918466879E+01     ESPn at Nucleus =  1.0918466879E+01

CP# 2      Coords = -3.45819171471920E+00 -6.05721000081250E-03  5.67672622239913E-05
           Type = (3,-3) NACP O2
           Rho =  2.9723615521E+02     Rho at Nucleus =  2.9723614420E+02
           GradRho =  1.1066747518E-10  5.5237064922E-14 -5.3616507935E-16
           HessRho_EigVals = -1.1095579170E+06 -1.1095469574E+06 -1.1095224486E+06
           HessRho_EigVec1 = -1.5257590657E-03  6.5531122258E-01  7.5535744758E-01
           HessRho_EigVec2 =  9.9999732905E-01  2.3112080103E-03  1.4820061242E-05
           HessRho_EigVec3 = -1.7360764311E-03  7.5535545267E-01 -6.5531299862E-01
           DelSqRho = -3.3286273230E+06
           Bond Ellipticity = NA
           V = -8.3229352824E+05
           G =  6.8348748210E+01
           K =  8.3222517950E+05
           L =  8.3215683075E+05
           Vnuc =  1.7956323889E+06
           Ven = -5.3372686745E+08
           Vrep =  5.3289457392E+08
           DelSqV =  9.3065211993E+10
           DelSqVen =  5.9769910190E+12
           DelSqVrep = -5.8839258070E+12
           DelSqG =  3.1068705224E+09
           DelSqK = -9.6172082516E+10
           Stress_EigVals = -2.7743599740E+05 -2.7742995135E+05 -2.7742757950E+05
           Stress_EigVec1 = -1.7601451616E-03  7.5537440246E-01 -6.5529109105E-01
           Stress_EigVec2 =  9.9999734756E-01  2.3030183971E-03 -3.1282810959E-05
           Stress_EigVec3 = -1.4855172035E-03  6.5528940799E-01  7.5537645252E-01
           -DivStress =  1.3567946124E+05  3.6949340676E+02 -3.2048461312E+01
           ESP =  -2.1905950290E+01     ESP at Nucleus =  -2.1905950379E+01
           ESPe = -3.5585122918E+01     ESPe at Nucleus = -3.5585134033E+01
           ESPn =  1.3679172628E+01     ESPn at Nucleus =  1.3679183654E+01

CP# 3      Coords = -4.54812827102552E+00  9.38193726308259E-01  1.08472912777955E+00
           Type = (3,-3) NACP H3
           Rho =  3.9844900718E-01     Rho at Nucleus =  3.8923756863E-01
           GradRho =  1.2004286454E-15 -8.0664641633E-17  2.4329496751E-16
           HessRho_EigVals = -7.8724610941E+00 -7.8550816796E+00 -6.2173866509E+00
           HessRho_EigVec1 =  7.9665410937E-01  3.7968055266E-01  4.7030299591E-01
           HessRho_EigVec2 =  1.4232220549E-02  7.6608750589E-01 -6.4257869340E-01
           HessRho_EigVec3 =  6.0426788259E-01 -5.1860641265E-01 -6.0490306234E-01
           DelSqRho = -2.1944929425E+01
           Bond Ellipticity = NA
           V = -5.5396256054E+00
           G =  2.6696624624E-02
           K =  5.5129289808E+00
           L =  5.4862323562E+00
           Vnuc =  3.3992934831E+01
           Ven = -1.3544451135E+01
           Vrep =  8.0048255292E+00
           DelSqV =  1.3335711420E+03
           DelSqVen =  7.4597255581E+02
           DelSqVrep =  5.8759858617E+02
           DelSqG =  1.0279715042E+02
           DelSqK = -1.4363682924E+03
           Stress_EigVals = -1.9905726001E+00 -1.9849185495E+00 -1.5641344558E+00
           Stress_EigVec1 = -2.8311401834E-02  7.4537292576E-01 -6.6604629424E-01
           Stress_EigVec2 =  7.9827087150E-01  4.1789583818E-01  4.3373573076E-01
           Stress_EigVec3 =  6.0163284505E-01 -5.1940568920E-01 -6.0684071204E-01
           -DivStress = -1.4183765935E+01  1.2178357624E+01  1.4285962392E+01
           ESP =  -5.9338642071E-01     ESP at Nucleus =  -5.9606377015E-01
           ESPe = -1.5184611414E+01     ESPe at Nucleus = -1.4991175419E+01
           ESPn =  1.4591224994E+01     ESPn at Nucleus =  1.4395111648E+01

CP# 4      Coords =  3.45820524275203E+00  6.08420055220914E-03 -2.03117622905059E-04
           Type = (3,-3) NACP O4
           Rho =  2.9723613982E+02     Rho at Nucleus =  2.9723612880E+02
           GradRho =  1.7426859955E-10  3.3115654316E-13 -1.0230098019E-14
           HessRho_EigVals = -1.1095578622E+06 -1.1095469019E+06 -1.1095223926E+06
           HessRho_EigVec1 = -1.4271706944E-03  6.5539664432E-01  7.5528352411E-01
           HessRho_EigVec2 =  9.9999898149E-01  9.2438142013E-04  1.0874495918E-03
           HessRho_EigVec3 =  1.4540756701E-05  7.5528430682E-01 -6.5539729604E-01
           DelSqRho = -3.3286271566E+06
           Bond Ellipticity = NA
           V = -8.3229348685E+05
           G =  6.8348848713E+01
           K =  8.3222513801E+05
           L =  8.3215678916E+05
           Vnuc =  1.7956673105E+06
           Ven = -5.3373721976E+08
           Vrep =  5.3290492628E+08
           DelSqV =  9.3065207389E+10
           DelSqVen =  5.9771069727E+12
           DelSqVrep = -5.8840417653E+12
           DelSqG =  3.1068703733E+09
           DelSqK = -9.6172077763E+10
           Stress_EigVals = -2.7743598374E+05 -2.7742993756E+05 -2.7742756556E+05
           Stress_EigVec1 =  1.1175446312E-04  7.5530341098E-01 -6.5537527026E-01
           Stress_EigVec2 =  9.9999898602E-01  8.4601185920E-04  1.1455268864E-03
           Stress_EigVec3 = -1.4196756156E-03  6.5537473374E-01  7.5530255057E-01
           -DivStress = -1.3567694730E+05  6.3535933116E+01 -3.1076201613E+02
           ESP =  -2.1905959070E+01     ESP at Nucleus =  -2.1905959159E+01
           ESPe = -3.5585114940E+01     ESPe at Nucleus = -3.5585126055E+01
           ESPn =  1.3679155870E+01     ESPn at Nucleus =  1.3679166895E+01

CP# 5      Coords =  4.54787304244876E+00 -9.40358313518757E-01 -1.08322928779664E+00
           Type = (3,-3) NACP H5
           Rho =  3.9846141522E-01     Rho at Nucleus =  3.8925026021E-01
           GradRho = -5.6885625654E-09  4.8939049746E-09  5.7090461599E-09
           HessRho_EigVals = -7.8727404337E+00 -7.8553578177E+00 -6.2176922067E+00
           HessRho_EigVec1 =  7.9672131838E-01  3.7840041127E-01  4.7121998004E-01
           HessRho_EigVec2 = -1.6370527252E-02 -7.6591874397E-01  6.4272893468E-01
           HessRho_EigVec3 =  6.0412510846E-01 -5.1978996372E-01 -6.0402917722E-01
           DelSqRho = -2.1945790458E+01
           Bond Ellipticity = NA
           V = -5.5398426491E+00
           G =  2.6697517309E-02
           K =  5.5131451318E+00
           L =  5.4864476145E+00
           Vnuc =  3.3994138999E+01
           Ven = -1.3545352735E+01
           Vrep =  8.0055100858E+00
           DelSqV =  1.3336327287E+03
           DelSqVen =  7.4602825830E+02
           DelSqVrep =  5.8760447044E+02
           DelSqG =  1.0280187580E+02
           DelSqK = -1.4364346046E+03
           Stress_EigVals = -1.9906417302E+00 -1.9849883948E+00 -1.5642125241E+00
           Stress_EigVec1 = -2.6579687222E-02  7.4507359450E-01 -6.6645244317E-01
           Stress_EigVec2 =  7.9843872622E-01  4.1697059155E-01  4.3431685007E-01
           Stress_EigVec3 =  6.0148908611E-01 -5.2057743378E-01 -6.0597855964E-01
           -DivStress =  1.4180483821E+01 -1.2205843601E+01 -1.4265896104E+01
           ESP =  -5.9339977202E-01     ESP at Nucleus =  -5.9607701331E-01
           ESPe = -1.5185135812E+01     ESPe at Nucleus = -1.4991714668E+01
           ESPn =  1.4591736040E+01     ESPn at Nucleus =  1.4395637655E+01

CP# 6      Coords =  6.07608337681604E-03 -3.45813440691572E+00  1.07252640460178E-02
           Type = (3,-3) NACP O6
           Rho =  2.9727197551E+02     Rho at Nucleus =  2.9727196431E+02
           GradRho = -2.7365956723E-13  4.2311043558E-11  4.2610359685E-13
           HessRho_EigVals = -1.1096893064E+06 -1.1096787980E+06 -1.1096550395E+06
           HessRho_EigVec1 =  9.9999852657E-01  1.6523053810E-03 -4.6555040627E-04
           HessRho_EigVec2 = -1.7005331153E-03  9.9055397007E-01 -1.3711287528E-01
           HessRho_EigVec3 =  2.3460046156E-04  1.3711346494E-01  9.9055532036E-01
           DelSqRho = -3.3290231440E+06
           Bond Ellipticity = NA
           V = -8.3239225385E+05
           G =  6.8233924848E+01
           K =  8.3232401992E+05
           L =  8.3225578600E+05
           Vnuc =  1.7800447361E+06
           Ven = -5.2915741520E+08
           Vrep =  5.2832502294E+08
           DelSqV =  9.3076199746E+10
           DelSqVen =  5.9258101105E+12
           DelSqVrep = -5.8327339107E+12
           DelSqG =  3.1072335798E+09
           DelSqK = -9.6183433326E+10
           Stress_EigVals = -2.7746874559E+05 -2.7746288488E+05 -2.7746062338E+05
           Stress_EigVec1 =  2.2230482288E-04  1.4407298388E-01  9.8956703962E-01
           Stress_EigVec2 = -1.6946432015E-03  9.8956569742E-01 -1.4407240776E-01
           Stress_EigVec3 =  9.9999853938E-01  1.6449350650E-03 -4.6413752974E-04
           -DivStress = -2.4410860549E+02  1.3251364867E+05 -3.4311471304E+04
           ESP =  -2.1909834494E+01     ESP at Nucleus =  -2.1909834590E+01
           ESPe = -3.5575719405E+01     ESPe at Nucleus = -3.5575730241E+01
           ESPn =  1.3665884911E+01     ESPn at Nucleus =  1.3665895650E+01

CP# 7      Coords =  1.44497406628245E+00 -4.52731981886813E+00  1.99880910851987E-01
           Type = (3,-3) NACP H7
           Rho =  3.9980627411E-01     Rho at Nucleus =  3.9056204690E-01
           GradRho = -1.8434466046E-09  1.3727691085E-09 -2.4079516679E-10
           HessRho_EigVals = -7.8957022078E+00 -7.8801950679E+00 -6.2325376599E+00
           HessRho_EigVec1 =  6.0111784938E-01  7.9755417418E-01 -5.0642575016E-02
           HessRho_EigVec2 = -5.3079671947E-02  1.0307537221E-01  9.9325626908E-01
           HessRho_EigVec3 =  7.9739568570E-01 -5.9437598109E-01  1.0429436000E-01
           DelSqRho = -2.2008434936E+01
           Bond Ellipticity = NA
           V = -5.5555396302E+00
           G =  2.6715448137E-02
           K =  5.5288241820E+00
           L =  5.5021087339E+00
           Vnuc =  3.4061604556E+01
           Ven = -1.3618043208E+01
           Vrep =  8.0625035778E+00
           DelSqV =  1.3372157151E+03
           DelSqVen =  7.4964260940E+02
           DelSqVrep =  5.8757310572E+02
           DelSqG =  1.0304783686E+02
           DelSqK = -1.4402635520E+03
           Stress_EigVals = -1.9966571663E+00 -1.9907414979E+00 -1.5681409660E+00
           Stress_EigVec1 = -3.6174845604E-03  1.6728685671E-01  9.8590162865E-01
           Stress_EigVec2 =  6.0097146059E-01  7.8836799826E-01 -1.3156444377E-01
           Stress_EigVec3 =  7.9926229572E-01 -5.9202280943E-01  1.0338653568E-01
           -DivStress =  1.8837751176E+01 -1.4014561111E+01  2.4497748566E+00
           ESP =  -5.9803645034E-01     ESP at Nucleus =  -6.0073346576E-01
           ESPe = -1.5267205220E+01     ESPe at Nucleus = -1.5075681052E+01
           ESPn =  1.4669168770E+01     ESPn at Nucleus =  1.4474947586E+01

CP# 8      Coords = -6.06605218345025E-03  3.45822862968381E+00 -1.08738862321954E-02
           Type = (3,-3) NACP O8
           Rho =  2.9727181591E+02     Rho at Nucleus =  2.9727180471E+02
           GradRho = -3.0395065805E-13  9.0010665588E-11  4.6657122610E-13
           HessRho_EigVals = -1.1096887219E+06 -1.1096782128E+06 -1.1096544557E+06
           HessRho_EigVec1 =  9.9999805550E-01  1.9689823997E-03  1.1004130743E-04
           HessRho_EigVec2 = -1.9355581080E-03  9.9064751662E-01 -1.3643222283E-01
           HessRho_EigVec3 = -3.7764479343E-04  1.3643174455E-01  9.9064940138E-01
           DelSqRho = -3.3290213903E+06
           Bond Ellipticity = NA
           V = -8.3239181654E+05
           G =  6.8234475336E+01
           K =  8.3232358206E+05
           L =  8.3225534759E+05
           Vnuc =  1.7805771307E+06
           Ven = -5.2931539701E+08
           Vrep =  5.2848300519E+08
           DelSqV =  9.3076151126E+10
           DelSqVen =  5.9275793572E+12
           DelSqVrep = -5.8345032061E+12
           DelSqG =  3.1072319770E+09
           DelSqK = -9.6183383103E+10
           Stress_EigVals = -2.7746859959E+05 -2.7746273932E+05 -2.7746047762E+05
           Stress_EigVec1 = -3.9170460391E-04  1.4334491986E-01  9.8967271384E-01
           Stress_EigVec2 = -1.8922510091E-03  9.8967091169E-01 -1.4334540778E-01
           Stress_EigVec3 =  9.9999813298E-01  1.9288582476E-03  1.1641408320E-04
           -DivStress =  2.7243312239E+02 -1.3252699798E+05  3.4095136618E+04
           ESP =  -2.1909855684E+01     ESP at Nucleus =  -2.1909855780E+01
           ESPe = -3.5575835794E+01     ESPe at Nucleus = -3.5575846632E+01
           ESPn =  1.3665980111E+01     ESPn at Nucleus =  1.3665990852E+01

CP# 9      Coords = -1.44523975271080E+00  4.52707170924663E+00 -1.99819378671714E-01
           Type = (3,-3) NACP H9
           Rho =  3.9980390606E-01     Rho at Nucleus =  3.9055926977E-01
           GradRho =  1.9068705582E-09 -1.4191882947E-09  2.4880897342E-10
           HessRho_EigVals = -7.8956235839E+00 -7.8801070559E+00 -6.2323945634E+00
           HessRho_EigVec1 =  6.0086388682E-01  7.9778991656E-01 -4.9938347610E-02
           HessRho_EigVec2 = -5.3456689697E-02  1.0243806328E-01  9.9330198103E-01
           HessRho_EigVec3 =  7.9756189217E-01 -5.9416975035E-01  1.0419854087E-01
           DelSqRho = -2.2008125203E+01
           Bond Ellipticity = NA
           V = -5.5554609648E+00
           G =  2.6714832018E-02
           K =  5.5287461328E+00
           L =  5.5020313008E+00
           Vnuc =  3.4061452390E+01
           Ven = -1.3617901712E+01
           Vrep =  8.0624407468E+00
           DelSqV =  1.3371884051E+03
           DelSqVen =  7.4962871058E+02
           DelSqVrep =  5.8755969451E+02
           DelSqG =  1.0304564889E+02
           DelSqK = -1.4402340540E+03
           Stress_EigVals = -1.9966353177E+00 -1.9907211777E+00 -1.5681044694E+00
           Stress_EigVec1 = -4.1462682958E-03  1.6650709629E-01  9.8603153872E-01
           Stress_EigVec2 =  6.0074559998E-01  7.8869100778E-01 -1.3065687261E-01
           Stress_EigVec3 =  7.9942950444E-01 -5.9181236987E-01  1.0329852998E-01
           -DivStress = -1.8842071312E+01  1.4009704922E+01 -2.4477743475E+00
           ESP =  -5.9806425224E-01     ESP at Nucleus =  -6.0076141884E-01
           ESPe = -1.5267662573E+01     ESPe at Nucleus = -1.5076136090E+01
           ESPn =  1.4669598321E+01     ESPn at Nucleus =  1.4475374671E+01

CP# 10     Coords =  1.42883664055798E+00  4.53279280715935E+00 -1.99546507477398E-01
           Type = (3,-3) NACP H10
           Rho =  3.9980506278E-01     Rho at Nucleus =  3.9055934998E-01
           GradRho = -1.2533723347E-09 -9.4063169059E-10  1.6378636338E-10
           HessRho_EigVals = -7.8955916827E+00 -7.8800706704E+00 -6.2321936156E+00
           HessRho_EigVec1 = -6.0403657893E-01  7.9538995457E-01 -4.9946285986E-02
           HessRho_EigVec2 =  5.2919814212E-02  1.0256357506E-01  9.9331777712E-01
           HessRho_EigVec3 =  7.9519765126E-01  5.9735712371E-01 -1.0404403962E-01
           DelSqRho = -2.2007855969E+01
           Bond Ellipticity = NA
           V = -5.5553956730E+00
           G =  2.6715840400E-02
           K =  5.5286798326E+00
           L =  5.5019639922E+00
           Vnuc =  3.4059297053E+01
           Ven = -1.3617079396E+01
           Vrep =  8.0616837235E+00
           DelSqV =  1.3371549429E+03
           DelSqVen =  7.4957210511E+02
           DelSqVrep =  5.8758283775E+02
           DelSqG =  1.0304312861E+02
           DelSqK = -1.4401980715E+03
           Stress_EigVals = -1.9966280312E+00 -1.9907142313E+00 -1.5680534105E+00
           Stress_EigVec1 =  3.2573224245E-03  1.6656064476E-01  9.8602583205E-01
           Stress_EigVec2 = -6.0387424902E-01  7.8627048419E-01 -1.3082284609E-01
           Stress_EigVec3 =  7.9707294598E-01  5.9500947666E-01 -1.0314282075E-01
           -DivStress =  1.8787295235E+01  1.4085811741E+01 -2.4442175394E+00
           ESP =  -5.9806216678E-01     ESP at Nucleus =  -6.0076052781E-01
           ESPe = -1.5266788690E+01     ESPe at Nucleus = -1.5075235582E+01
           ESPn =  1.4668726523E+01     ESPn at Nucleus =  1.4474475054E+01

CP# 11     Coords =  4.54398262049385E+00  9.53635629639978E-01  1.08574103882499E+00
           Type = (3,-3) NACP H11
           Rho =  3.9846065058E-01     Rho at Nucleus =  3.8924894995E-01
           GradRho = -2.8033131372E-15 -1.2826111701E-16  4.4582393333E-16
           HessRho_EigVals = -7.8726731018E+00 -7.8553010819E+00 -6.2175623703E+00
           HessRho_EigVec1 = -7.9836412046E-01  3.7746070091E-01  4.6918882172E-01
           HessRho_EigVec2 = -1.5607813348E-02  7.6592428518E-01 -6.4274130530E-01
           HessRho_EigVec3 =  6.0197269650E-01  5.2046460844E-01  6.0559513211E-01
           DelSqRho = -2.1945536554E+01
           Bond Ellipticity = NA
           V = -5.5397803836E+00
           G =  2.6698122556E-02
           K =  5.5130822611E+00
           L =  5.4863841385E+00
           Vnuc =  3.3994031796E+01
           Ven = -1.3545284025E+01
           Vrep =  8.0055036418E+00
           DelSqV =  1.3336071992E+03
           DelSqVen =  7.4601726740E+02
           DelSqVrep =  5.8758993178E+02
           DelSqG =  1.0279986212E+02
           DelSqK = -1.4364070613E+03
           Stress_EigVals = -1.9906292209E+00 -1.9849728311E+00 -1.5641783315E+00
           Stress_EigVec1 =  2.6525734185E-02  7.4558347028E-01 -6.6588412977E-01
           Stress_EigVec2 = -8.0006228901E-01  4.1519957715E-01  4.3302383866E-01
           Stress_EigVec3 =  5.9933022545E-01  5.2126250583E-01  6.0752669149E-01
           -DivStress =  1.4130120218E+01  1.2222553207E+01  1.4302416345E+01
           ESP =  -5.9339693082E-01     ESP at Nucleus =  -5.9607455398E-01
           ESPe = -1.5185722025E+01     ESPe at Nucleus = -1.4992291048E+01
           ESPn =  1.4592325094E+01     ESPn at Nucleus =  1.4396216494E+01

CP# 12     Coords = -1.42897644521207E+00 -4.53220634521972E+00  2.01202400048653E-01
           Type = (3,-3) NACP H12
           Rho =  3.9981214702E-01     Rho at Nucleus =  3.9056727670E-01
           GradRho =  1.2586529319E-09  9.4407722265E-10 -1.6602570794E-10
           HessRho_EigVals = -7.8957874546E+00 -7.8802728157E+00 -6.2325184577E+00
           HessRho_EigVec1 = -6.0387657239E-01  7.9549856058E-01 -5.0151026207E-02
           HessRho_EigVec2 =  5.3611131504E-02  1.0331214455E-01  9.9320312493E-01
           HessRho_EigVec3 =  7.9527286631E-01  5.9708344551E-01 -1.0503536168E-01
           DelSqRho = -2.2008578728E+01
           Bond Ellipticity = NA
           V = -5.5555785937E+00
           G =  2.6716955853E-02
           K =  5.5288616379E+00
           L =  5.5021446820E+00
           Vnuc =  3.4061200617E+01
           Ven = -1.3618081749E+01
           Vrep =  8.0625031553E+00
           DelSqV =  1.3372158374E+03
           DelSqVen =  7.4963861653E+02
           DelSqVrep =  5.8757722082E+02
           DelSqG =  1.0304784203E+02
           DelSqK = -1.4402636794E+03
           Stress_EigVals = -1.9966783230E+00 -1.9907637690E+00 -1.5681365017E+00
           Stress_EigVec1 =  3.9635976521E-03  1.6730534566E-01  9.8589716056E-01
           Stress_EigVec2 = -6.0377029440E-01  7.8631916879E-01 -1.3100990953E-01
           Stress_EigVec3 =  7.9714849400E-01  5.9473614831E-01 -1.0413065061E-01
           -DivStress = -1.8788489308E+01 -1.4078974376E+01  2.4674227444E+00
           ESP =  -5.9804124320E-01     ESP at Nucleus =  -6.0073913703E-01
           ESPe = -1.5267433594E+01     ESPe at Nucleus = -1.5075902087E+01
           ESPn =  1.4669392350E+01     ESPn at Nucleus =  1.4475162950E+01

CP# 13     Coords = -4.54374724303030E+00 -9.55531910566813E-01 -1.08444096858611E+00
           Type = (3,-3) NACP H13
           Rho =  3.9846677679E-01     Rho at Nucleus =  3.8925552717E-01
           GradRho = -9.0552565446E-16 -9.8662397696E-18  5.1564655323E-16
           HessRho_EigVals = -7.8728267653E+00 -7.8554500970E+00 -6.2177734151E+00
           HessRho_EigVec1 = -7.9840853317E-01  3.7610499724E-01  4.7020085624E-01
           HessRho_EigVec2 = -1.7728132775E-02  7.6589162225E-01 -6.4272524167E-01
           HessRho_EigVec3 =  6.0185507181E-01  5.2149310065E-01  6.0482676736E-01
           DelSqRho = -2.1946050277E+01
           Bond Ellipticity = NA
           V = -5.5399092288E+00
           G =  2.6698329712E-02
           K =  5.5132108991E+00
           L =  5.4865125693E+00
           Vnuc =  3.3995174374E+01
           Ven = -1.3545947559E+01
           Vrep =  8.0060383306E+00
           DelSqV =  1.3336479936E+03
           DelSqVen =  7.4605980600E+02
           DelSqVrep =  5.8758818762E+02
           DelSqG =  1.0280293859E+02
           DelSqK = -1.4364509322E+03
           Stress_EigVals = -1.9906656644E+00 -1.9850110298E+00 -1.5642325345E+00
           Stress_EigVec1 =  2.4786566435E-02  7.4543739533E-01 -6.6611464161E-01
           Stress_EigVec2 = -8.0020603283E-01  4.1418413010E-01  4.3373011354E-01
           Stress_EigVec3 =  5.9921275950E-01  5.2227827450E-01  6.0676970330E-01
           -DivStress = -1.4127200830E+01 -1.2246166135E+01 -1.4284578649E+01
           ESP =  -5.9339573474E-01     ESP at Nucleus =  -5.9607316173E-01
           ESPe = -1.5186145598E+01     ESPe at Nucleus = -1.4992729247E+01
           ESPn =  1.4592749863E+01     ESPn at Nucleus =  1.4396656086E+01

CP# 14     Coords = -1.68736854217980E+00 -3.09862876436713E-03 -4.93378394675973E-05
           Type = (3,-1) BCP Mn1 O2
           Rho =  1.1291031492E-01
           GradRho =  1.0977330156E-13  2.9274922330E-14  1.4903720890E-14
           HessRho_EigVals = -1.6038955000E-01 -7.1755229421E-02  1.0422286908E+00
           HessRho_EigVec1 =  7.5497364995E-04 -3.9002612229E-01  9.2080348280E-01
           HessRho_EigVec2 = -1.4790922508E-03  9.2080230246E-01  3.9002683505E-01
           HessRho_EigVec3 =  9.9999862115E-01  1.6564132792E-03 -1.1829686008E-04
           DelSqRho =  8.1008391136E-01
           Bond Ellipticity =  1.2352315126E+00
           V = -2.4326031194E-01
           G =  2.2289064489E-01
           K =  2.0369667052E-02
           L = -2.0252097784E-01
           Vnuc =  2.6770705862E+01
           Ven = -3.0226888296E+00
           Vrep =  2.7794285176E+00
           DelSqV = -2.9825333775E+00
           DelSqVen = -2.1686518115E+01
           DelSqVrep =  1.8703984737E+01
           DelSqG =  2.7313115242E+00
           DelSqK =  2.5122185335E-01
           Stress_EigVals = -1.2789760055E-01 -1.1331360627E-01 -2.0491051217E-03
           Stress_EigVec1 = -1.5184133142E-03  8.5828646499E-01  5.1316862574E-01
           Stress_EigVec2 =  9.7198399770E-04 -5.1316770818E-01  8.5828780635E-01
           Stress_EigVec3 =  9.9999837483E-01  1.8020273249E-03 -5.5040028892E-05
           -DivStress =  9.5887862955E-02  1.8820854442E-04 -2.3456967398E-06
           ESP =   9.9494594072E-01
           ESPe = -2.5775759921E+01
           ESPn =  2.6770705862E+01
           BPL =  3.4588256535E+00 =  1.6880000000E+00 +  1.7708256535E+00
           GBL_I =  3.4588249017E+00
           GBL_II =  3.4582027460E+00
           GBL_III =  3.4588249258E+00 =  1.6879992786E+00 +  1.7708256472E+00
           GBL_IV =  3.4582027701E+00 =  1.6873815782E+00 +  1.7708211919E+00
             69 sample points along path from BCP to atom Mn1     
            -1.6873685422E+00  -3.0986287644E-03  -4.9337839468E-05   1.1291031492E-01
            -1.6623685767E+00  -3.0571909162E-03  -5.2290067132E-05   1.1324255581E-01
            -1.6373686113E+00  -3.0156950867E-03  -5.5230226611E-05   1.1426775743E-01
            -1.6123686460E+00  -2.9741357273E-03  -5.8155540726E-05   1.1603405093E-01
            -1.5873686808E+00  -2.9325093510E-03  -6.1063703741E-05   1.1859723777E-01
            -1.5623687158E+00  -2.8908127835E-03  -6.3952559159E-05   1.2202141444E-01
            -1.5373687508E+00  -2.8490431881E-03  -6.6820107159E-05   1.2637966903E-01
            -1.5123687860E+00  -2.8071980764E-03  -6.9664510689E-05   1.3175485160E-01
            -1.4873688213E+00  -2.7652753166E-03  -7.2484100555E-05   1.3824041876E-01
            -1.4623688568E+00  -2.7232731415E-03  -7.5277380388E-05   1.4594135150E-01
            -1.4373688923E+00  -2.6811901608E-03  -7.8043032594E-05   1.5497514167E-01
            -1.4123689281E+00  -2.6390253796E-03  -8.0779926446E-05   1.6547283952E-01
            -1.3873689639E+00  -2.5967782267E-03  -8.3487129592E-05   1.7758014867E-01
            -1.3623689999E+00  -2.5544485965E-03  -8.6163924232E-05   1.9145854810E-01
            -1.3373690360E+00  -2.5120369071E-03  -8.8809829233E-05   2.0728641154E-01
            -1.3123690722E+00  -2.4695441779E-03  -9.1424629369E-05   2.2526008252E-01
            -1.2873691086E+00  -2.4269721298E-03  -9.4008412828E-05   2.4559484866E-01
            -1.2623691451E+00  -2.3843233108E-03  -9.6561618039E-05   2.6852574059E-01
            -1.2373691818E+00  -2.3416012494E-03  -9.9085090882E-05   2.9430805864E-01
            -1.2123692185E+00  -2.2988106399E-03  -1.0158015336E-04   3.2321750437E-01
            -1.1873692554E+00  -2.2559575612E-03  -1.0404868508E-04   3.5554976389E-01
            -1.1623692923E+00  -2.2130497365E-03  -1.0649321930E-04   3.9161935536E-01
            -1.1373693293E+00  -2.1700968379E-03  -1.0891705608E-04   4.3175751469E-01
            -1.1123693664E+00  -2.1271108484E-03  -1.1132439633E-04   4.7630885276E-01
            -1.0873694035E+00  -2.0841064954E-03  -1.1372050239E-04   5.2562647407E-01
            -1.0623694406E+00  -2.0411017779E-03  -1.1611189352E-04   5.8006520574E-01
            -1.0373694777E+00  -1.9981186209E-03  -1.1850658860E-04   6.3997254807E-01
            -1.0123695146E+00  -1.9551837045E-03  -1.2091441416E-04   7.0567693291E-01
            -9.8736955149E-01  -1.9123295373E-03  -1.2334740354E-04   7.7747287185E-01
            -9.6236958814E-01  -1.8695958749E-03  -1.2582032521E-04   8.5560261041E-01
            -9.3736962450E-01  -1.8270316295E-03  -1.2835139501E-04   9.4023400100E-01
            -9.1236966048E-01  -1.7846974843E-03  -1.3096325257E-04   1.0314345050E+00
            -8.8736969595E-01  -1.7426695271E-03  -1.3368432005E-04   1.1291415875E+00
            -8.6236973077E-01  -1.7010443698E-03  -1.3655071894E-04   1.2331303581E+00
            -8.3736976474E-01  -1.6599464549E-03  -1.3960900863E-04   1.3429802412E+00
            -8.1236979762E-01  -1.6195386021E-03  -1.4292014476E-04   1.4580438884E+00
            -7.8736982909E-01  -1.5800373852E-03  -1.4656525829E-04   1.5774236442E+00
            -7.6236985877E-01  -1.5417356889E-03  -1.5065414691E-04   1.6999639091E+00
            -7.3736988615E-01  -1.5050357441E-03  -1.5533773741E-04   1.8242720038E+00
            -7.1236991063E-01  -1.4704966035E-03  -1.6082604744E-04   1.9487860589E+00
            -6.8736993148E-01  -1.4388984056E-03  -1.6741261222E-04   2.0719166333E+00
            -6.6236994805E-01  -1.4113151450E-03  -1.7550242365E-04   2.1923001313E+00
            -6.3736996000E-01  -1.3891486095E-03  -1.8562584872E-04   2.3092180723E+00
            -6.1236996797E-01  -1.3739669840E-03  -1.9837990463E-04   2.4232588561E+00
            -5.8736997411E-01  -1.3667904223E-03  -2.1416171805E-04   2.5373301604E+00
            -5.6236998093E-01  -1.3664619472E-03  -2.3255470628E-04   2.6581719218E+00
            -5.3736998828E-01  -1.3679179583E-03  -2.5166839494E-04   2.7985701661E+00
            -5.1236999459E-01  -1.3631624705E-03  -2.6849115688E-04   2.9805223383E+00
            -4.8737000406E-01  -1.3456103176E-03  -2.8052427541E-04   3.2396377434E+00
            -4.6237002636E-01  -1.3131476644E-03  -2.8694872541E-04   3.6310485275E+00
            -4.3737006876E-01  -1.2672735534E-03  -2.8831329986E-04   4.2370381497E+00
            -4.1237013275E-01  -1.2108405345E-03  -2.8568487895E-04   5.1764590420E+00
            -3.8737021596E-01  -1.1466138793E-03  -2.8010267279E-04   6.6157823098E+00
            -3.6237031471E-01  -1.0767862617E-03  -2.7239266048E-04   8.7811189762E+00
            -3.3737042544E-01  -1.0029596435E-03  -2.6315922464E-04   1.1969224916E+01
            -3.1237054522E-01  -9.2626667577E-04  -2.5283017253E-04   1.6552480115E+01
            -2.8737067179E-01  -8.4750019025E-04  -2.4170521557E-04   2.2967953102E+01
            -2.6237080345E-01  -7.6721502751E-04  -2.2999417896E-04   3.1676413946E+01
            -2.3737093897E-01  -6.8580082882E-04  -2.1784428708E-04   4.3078250274E+01
            -2.1237107745E-01  -6.0353318401E-04  -2.0535924035E-04   5.7381783974E+01
            -1.8737121823E-01  -5.2060775342E-04  -1.9261172811E-04   7.4456857103E+01
            -1.6237136090E-01  -4.3714995423E-04  -1.7964651914E-04   9.3940326018E+01
            -1.3737150539E-01  -3.5318047637E-04  -1.6646877386E-04   1.1676552495E+02
            -1.1237165199E-01  -2.6862225689E-04  -1.5305872004E-04   1.5197598845E+02
            -8.7371800259E-02  -1.8359675423E-04  -1.3948708374E-04   2.4212235225E+02
            -6.2371949143E-02  -9.8398350435E-05  -1.2587099862E-04   5.5223183441E+02
            -3.7372098146E-02  -1.3165076313E-05  -1.1225386537E-04   1.6758432711E+03
            -1.2372247163E-02   7.2072887041E-05  -9.8640431694E-05   5.6924485011E+03
             9.9765945062E-06   1.1429092458E-04  -9.1898547364E-05   1.0482509018E+04
             72 sample points along path from BCP to atom O2      
            -1.6873685422E+00  -3.0986287644E-03  -4.9337839468E-05   1.1291031492E-01
            -1.7123685078E+00  -3.1400129009E-03  -4.6376043655E-05   1.1323001835E-01
            -1.7373684734E+00  -3.1813469495E-03  -4.3407071548E-05   1.1416727463E-01
            -1.7623684391E+00  -3.2226338739E-03  -4.0433417735E-05   1.1569388964E-01
            -1.7873684049E+00  -3.2638784703E-03  -3.7457905915E-05   1.1778749736E-01
            -1.8123683708E+00  -3.3050856644E-03  -3.4483403174E-05   1.2043124481E-01
            -1.8373683367E+00  -3.3462604737E-03  -3.1512790327E-05   1.2361352690E-01
            -1.8623683027E+00  -3.3874079576E-03  -2.8548931138E-05   1.2732776661E-01
            -1.8873682687E+00  -3.4285331646E-03  -2.5594640094E-05   1.3157223540E-01
            -1.9123682347E+00  -3.4696410779E-03  -2.2652649273E-05   1.3634990848E-01
            -1.9373682008E+00  -3.5107365636E-03  -1.9725574953E-05   1.4166834874E-01
            -1.9623681668E+00  -3.5518243211E-03  -1.6815884675E-05   1.4753961245E-01
            -1.9873681329E+00  -3.5929088372E-03  -1.3925865446E-05   1.5398016886E-01
            -2.0123680990E+00  -3.6339943463E-03  -1.1057593782E-05   1.6101082474E-01
            -2.0373680650E+00  -3.6750847950E-03  -8.2129081746E-06   1.6865664371E-01
            -2.0623680311E+00  -3.7161838152E-03  -5.3933845368E-06   1.7694684859E-01
            -2.0873679971E+00  -3.7572947028E-03  -2.6003150074E-06   1.8591469377E-01
            -2.1123679632E+00  -3.7984204037E-03   1.6530961052E-07   1.9559729271E-01
            -2.1373679292E+00  -3.8395635073E-03   2.9028136892E-06   2.0603538449E-01
            -2.1623678951E+00  -3.8807262462E-03   5.6118469690E-06   2.1727302173E-01
            -2.1873678611E+00  -3.9219105018E-03   8.2923913572E-06   2.2935716136E-01
            -2.2123678270E+00  -3.9631178161E-03   1.0944764744E-05   2.4233713942E-01
            -2.2373677928E+00  -4.0043494075E-03   1.3569622391E-05   2.5626401169E-01
            -2.2623677586E+00  -4.0456061916E-03   1.6167956545E-05   2.7118974414E-01
            -2.2873677244E+00  -4.0868888044E-03   1.8741095016E-05   2.8716624100E-01
            -2.3123676902E+00  -4.1281976290E-03   2.1290699459E-05   3.0424420466E-01
            -2.3373676559E+00  -4.1695328249E-03   2.3818764109E-05   3.2247183058E-01
            -2.3623676215E+00  -4.2108943589E-03   2.6327615597E-05   3.4189335285E-01
            -2.3873675871E+00  -4.2522820391E-03   2.8819914397E-05   3.6254747157E-01
            -2.4123675527E+00  -4.2936955510E-03   3.1298658179E-05   3.8446571220E-01
            -2.4373675183E+00  -4.3351344979E-03   3.3767187113E-05   4.0767078854E-01
            -2.4623674837E+00  -4.3765984456E-03   3.6229190666E-05   4.3217506468E-01
            -2.4873674492E+00  -4.4180869744E-03   3.8688714857E-05   4.5797923444E-01
            -2.5123674146E+00  -4.4595997397E-03   4.1150168023E-05   4.8507135871E-01
            -2.5373673800E+00  -4.5011365460E-03   4.3618321879E-05   5.1342641845E-01
            -2.5623673453E+00  -4.5426974364E-03   4.6098302808E-05   5.4300655167E-01
            -2.5873673106E+00  -4.5842828048E-03   4.8595565799E-05   5.7376214405E-01
            -2.6123672758E+00  -4.6258935340E-03   5.1115839818E-05   6.0563393494E-01
            -2.6373672410E+00  -4.6675311684E-03   5.3665028445E-05   6.3855628471E-01
            -2.6623672062E+00  -4.7091981240E-03   5.6249042543E-05   6.7246173536E-01
            -2.6873671713E+00  -4.7508979427E-03   5.8873531344E-05   7.0728700468E-01
            -2.7123671363E+00  -4.7926355901E-03   6.1543462138E-05   7.4298062815E-01
            -2.7373671012E+00  -4.8344177903E-03   6.4262471768E-05   7.7951268209E-01
            -2.7623670661E+00  -4.8762533779E-03   6.7031866667E-05   8.1688752468E-01
            -2.7873670308E+00  -4.9181536226E-03   6.9849070270E-05   8.5516149907E-01
            -2.8123669954E+00  -4.9601324278E-03   7.2705199271E-05   8.9446938706E-01
            -2.8373669598E+00  -5.0022062099E-03   7.5581319609E-05   9.3506654200E-01
            -2.8623669241E+00  -5.0443930791E-03   7.8442926549E-05   9.7739864621E-01
            -2.8873668881E+00  -5.0867107012E-03   8.1232701259E-05   1.0222185698E+00
            -2.9123668519E+00  -5.1291720970E-03   8.3863338603E-05   1.0707803869E+00
            -2.9373668155E+00  -5.1717792296E-03   8.6215683887E-05   1.1251543447E+00
            -2.9623667789E+00  -5.2145163036E-03   8.8150586421E-05   1.1887227846E+00
            -2.9873667421E+00  -5.2573475083E-03   8.9539285318E-05   1.2669340560E+00
            -3.0123667054E+00  -5.3002236116E-03   9.0302197486E-05   1.3684082198E+00
            -3.0373666686E+00  -5.3430954414E-03   9.0432140521E-05   1.5065091137E+00
            -3.0623666319E+00  -5.3859258997E-03   8.9986756671E-05   1.7015424157E+00
