AIMSum (Version 16.05.18, Professional)
Copyright (c) 1997-2016 by Todd A. Keith
AIMSum is a component of the AIMAll package ( http://aim.tkgristmill.com )

TP:  64-bit Linux

Licensed To:  Research Group of Fernando Cortes Guzman, UNAM, fercor@unam.mx

Much of the Quantum Theory of Atoms in Molecules (QTAIM) is described in the book:
  "Atoms in Molecules - A Quantum Theory"
  R.F.W. Bader, Oxford University Press, Oxford, 1990

For additional references see:  http://aim.tkgristmill.com/references.html

Wfx File:  /home/davit_gabo/David/max_int2/Fe25_alpha.wfx
Sum File:  /home/davit_gabo/David/max_int2/Fe25_alpha.sum

SumViz File:  /home/davit_gabo/David/max_int2/Fe25_alpha.sumviz

Wfx Title:   Fe[H2O]6 (2+)                                                                 
 
Total memory allocated for AIMSum =        1.183 Megabytes

Atomic units (a.u.) used throughout, except where stated otherwise

Model:  Unknown
 
Unrestricted, natural orbital wavefunction.
  Number of electrons (from MO Occs)                   =          44.0000000000
  Number of Alpha electrons (from MO Occs)             =          44.0000000000
  Number of Beta electrons (from MO Occs)              =           0.0000000000
  Number of electron pairs (N*(N-1)/2)                 =         946.0000000000
  Number of electron pairs (from Muller 2EDM)          =         946.0000000000
  Number of electron pairs (from Muller 2EDM, no SOSI) =         946.0000000000
 
Nuclear Charges and Cartesian Coordinates:
-------------------------------------------------------------------------------
Atom      Charge                X                  Y                  Z
-------------------------------------------------------------------------------
Fe1       26.0          -2.2228517678E-05  -4.1649904590E-05  -1.7846457076E-05
O2         8.0          -5.2716282294E-02  -2.2203895103E-02  -4.0526425246E+00
O3         8.0           1.4466812968E-01   4.0469206893E+00  -1.3451258372E-01
O4         8.0          -4.0541269605E+00   4.9684677962E-02  -3.7373358904E-02
H5         1.0          -4.0378604486E-03   5.1941244015E+00   1.2725601661E+00
H6         1.0          -5.1227503921E+00   1.5157426223E+00   1.2740385075E-01
H7         1.0           1.3730779728E+00  -2.8195470145E-01  -5.1561394698E+00
H8         1.0          -1.5142853657E+00   2.3419002691E-01  -5.1095594896E+00
H9         1.0           4.1864794274E-01   5.0550199365E+00  -1.6272048625E+00
H10        1.0          -5.1455924241E+00  -1.3921947142E+00  -2.5732120894E-01
O11        8.0           5.2684786318E-02   2.2169831388E-02   4.0526166289E+00
O12        8.0          -1.4456690587E-01  -4.0470054477E+00   1.3451519906E-01
O13        8.0           4.0540909454E+00  -4.9780831505E-02   3.7373800453E-02
H14        1.0           4.1547054181E-03  -5.1942077262E+00  -1.2725571698E+00
H15        1.0           5.1227234020E+00  -1.5158462971E+00  -1.2727781813E-01
H16        1.0          -1.3731185119E+00   2.8185393843E-01   5.1561171225E+00
H17        1.0           1.5142628718E+00  -2.3418592964E-01   5.1095301458E+00
H18        1.0          -4.1863063350E-01  -5.0551054386E+00   1.6271919190E+00
H19        1.0           5.1455424590E+00   1.3921251068E+00   2.5721435182E-01
 
Some Atomic Properties:
----------------------
  q(A) = Net Charge of Atom A
  L(A) = Lagrangian of Atom A = -(1/4) Times Atomic Integral of the Laplacian of the Electron Density
  K(A) = Electronic Kinetic Energy of Atom A (Hamiltonian Form)
  K_Scaled(A) = K(A) * E(Mol)/K(Mol) = Approximation to Virial-Based Total Energy of Atom A.
  |Mu_Intra(A)| = Magnitude of Intraatomic Dipole Moment of Atom A
--------------------------------------------------------------------------------------------------
Atom A          q(A)              L(A)              K(A)          K_Scaled(A)      |Mu_Intra(A)|
--------------------------------------------------------------------------------------------------
Fe1       1.1824377701E+01 -3.9676309298E-04  6.4605384551E+02 -6.4706715515E+02  1.5064505884E-05
O2        3.3803478398E+00  5.9223948320E-06  3.7835490725E+01 -3.7894834180E+01  1.4586924323E-01
O3        3.3803015729E+00  3.1269281994E-05  3.7835748190E+01 -3.7895092049E+01  1.4586208459E-01
O4        3.3804159380E+00  2.7817309309E-06  3.7835043876E+01 -3.7894386630E+01  1.4577132384E-01
H5        8.2442473702E-01  1.1015108077E-05  1.6395356815E-01 -1.6421072277E-01  6.5641961773E-02
H6        8.2432088765E-01  9.9100863077E-06  1.6400364709E-01 -1.6426088026E-01  6.5683751928E-02
H7        8.2437280603E-01  1.0361012394E-05  1.6398079276E-01 -1.6423799008E-01  6.5667020941E-02
H8        8.2451932852E-01  1.1031202792E-05  1.6381564094E-01 -1.6407257923E-01  6.5660221337E-02
H9        8.2455408326E-01  8.4810907395E-06  1.6377200773E-01 -1.6402887758E-01  6.5651246994E-02
H10       8.2447584885E-01  1.1402621214E-05  1.6385033968E-01 -1.6410733239E-01  6.5679506518E-02
O11       3.3803440566E+00  2.5321992219E-06  3.7835490237E+01 -3.7894833692E+01  1.4586614590E-01
O12       3.3802980598E+00  2.6669289697E-05  3.7835747015E+01 -3.7895090872E+01  1.4585192979E-01
O13       3.3804125090E+00 -9.9750550696E-07  3.7835043045E+01 -3.7894385798E+01  1.4576682920E-01
H14       8.2442318799E-01  1.0036389907E-05  1.6395366765E-01 -1.6421082242E-01  6.5642257244E-02
H15       8.2432099930E-01  1.0034398308E-05  1.6400343343E-01 -1.6426066626E-01  6.5684079265E-02
H16       8.2437282369E-01  1.0451047966E-05  1.6398069875E-01 -1.6423789593E-01  6.5667790556E-02
H17       8.2451910987E-01  1.0902849221E-05  1.6381568211E-01 -1.6407262046E-01  6.5660741752E-02
H18       8.2455744885E-01  1.1829524694E-05  1.6377223418E-01 -1.6402910438E-01  6.5649876690E-02
H19       8.2447384087E-01  9.8083968106E-06  1.6385038581E-01 -1.6410737859E-01  6.5680124516E-02
--------------------------------------------------------------------------------------------------
Total     4.1999832779E+01 -2.0332197338E-04  8.7503316070E+02 -8.7640561524E+02
 
Molecular charge q(Mol) from the wfx file:   4.2000000000E+01
Molecular energy E(Mol) from the wfx file:  -1.7218061536E+03
Molecular virial ratio (-V(Mol)/T(Mol)) from the wfx file:   2.0015684600E+00
Full molecular virial ratio ((-V(Mol)+W(Mol))/T(Mol)) from the wfx file:   2.0015684586E+00
Note.  K_Scaled(A) = (1+V(Mol)/T(Mol))*K(A) = (E(Mol)/T(Mol))*K(A)
       Only use K_Scaled(A) data with caution.
 
N_AIMInt(SumA)     =         44.000167
N_Analytic(Mol)    =         44.000000
 
G_AIMInt(SumA)     =        875.033364
G_Analytic(Mol)    =        875.033204
 
K_AIMInt(SumA)     =        875.033161
K_Analytic(Mol)    =        875.033204
 
L_AIMInt(SumA)     =         -0.000203
L_Analytic(Mol)    =          0.000000
 
VenT_AIMInt(SumA)  =      -2781.194557
VenT_Analytic(Mol) =      -2781.191454
 
Some Information About the Atomic Calculations:
----------------------------------------------
  Time(sec) = "Elapsed User Time", in Seconds, for Atom A by AIMInt and, if used, by TWOe
  NProc = Number of Processors Used for AIMInt Job
  BIM = Basin Integration Method
  OAQ = Angular Quadrature Outside of Beta Sphere
  ORQ = Multiple of Default for Radial Quadrature Outside of Beta Sphere
  IAQ = Multiple of Default for Angular Quadrature Inside of Beta Sphere
  IRQ = Multiple of Default for Radial Quadrature Inside of Beta Sphere
  MIR = Maximum Integration Radius
------------------------------------------------------------------------------------------------------
Atom A     Time(sec)   NProc      BIM              OAQ                 ORQ      IAQ      IRQ      MIR
------------------------------------------------------------------------------------------------------
Fe1          1577        8     Proaim(5)    4334      (Very High)      Auto     Auto     Auto    13.00
O2            783        8     Proaim(5)    4334      (Very High)      Auto     Auto     Auto    13.00
O3            672        8     Proaim(5)    4334      (Very High)      Auto     Auto     Auto    13.00
O4            644        8     Proaim(5)    4334      (Very High)      Auto     Auto     Auto    13.00
H5            192        8     Proaim(5)    2030      (Very High)      Auto     Auto     Auto    13.00
H6            176        8     Proaim(5)    2030      (Very High)      Auto     Auto     Auto    13.00
H7            176        8     Proaim(5)    2030      (Very High)      Auto     Auto     Auto    13.00
H8            314        8     Proaim(5)    2030      (Very High)      Auto     Auto     Auto    13.00
H9            200        8     Proaim(5)    2030      (Very High)      Auto     Auto     Auto    13.00
H10           183        8     Proaim(5)    2030      (Very High)      Auto     Auto     Auto    13.00
O11           735        8     Proaim(5)    4334      (Very High)      Auto     Auto     Auto    13.00
O12           634        8     Proaim(5)    4334      (Very High)      Auto     Auto     Auto    13.00
O13           631        8     Proaim(5)    4334      (Very High)      Auto     Auto     Auto    13.00
H14           144        8     Proaim(5)    2030      (Very High)      Auto     Auto     Auto    13.00
H15           146        8     Proaim(5)    2030      (Very High)      Auto     Auto     Auto    13.00
H16           150        8     Proaim(5)    2030      (Very High)      Auto     Auto     Auto    13.00
H17           151        8     Proaim(5)    2030      (Very High)      Auto     Auto     Auto    13.00
H18           185        8     Proaim(5)    2030      (Very High)      Auto     Auto     Auto    13.00
H19           158        8     Proaim(5)    2030      (Very High)      Auto     Auto     Auto    13.00
------------------------------------------------------------------------------------------------------
Total        7851
Note:  Total wall clock time is less than total of atomic times if more than one atom
       was calculated at a time
Note:  Total time does not include times for diatomic interaction energy calculations (3631 seconds)
 
Electron Density Critical Point Analysis of Molecular Structure:               
---------------------------------------------------------------                
  NACP = Nuclear Attractor Critical Point                                      
  NNACP = Non-Nuclear Attractor Critical Point                                 
  BCP = Bond Critical Point                                                    
  RCP = Ring Critical Point                                                    
  CCP = Cage Critical Point                                                    
  Rho = Electron Density                                                       
  GradRho = Gradient of Electron Density                                       
  HessRho_EigVals = Eigenvalues of the Hessian of Rho, Ascending Order         
  HessRho_EigVecs = Eigenvectors of the Hessian of Rho                         
  DelSqRho = Laplacian of Rho = Trace of Hessian of Rho                        
  Bond Ellipticity = (HessRho_EigVal(1) / HessRho_EigVal(2)) - 1               
  V = Virial Field = Potential Energy Density = Trace of Stress Tensor         
  G = Lagrangian Form of Kinetic Energy Density                                
  K = Hamiltonian Form of Kinetic Energy Density                               
  L = K - G = Lagrangian Density = (-1/4)DelSqRho                              
  Vnuc = Electrostatic Potential from Nuclei                                   
  Ven = Electron-nuclear attractive contribution to Virial Field V             
  Vrep = V - Ven = Repulsive contribution to Virial Field V                    
  DelSqV = Laplacian of V                                                      
  DelSqVen = Laplacian of Ven                                                  
  DelSqVrep = Laplacian of Vrep                                                
  DelSqG = Laplacian of G                                                      
  DelSqK = Laplacian of K                                                      
  Stress_EigVals = Eigenvalues of Stress Tensor, Ascending Order               
  Stress_EigVecs = Eigenvectors of Stress Tensor                               
  -DivStress = Ehrenfest Force Density = Minus Divergence of Stress Tensor     
  ESP = Total Electrostatic Potential                                          
  ESPe = Electrostatic Potential from Electrons                                
  ESPn = Electrostatic Potential from Nuclei                                   
  BP = Bond Path                                                               
  BPL = Bond Path Length                                                       
  GBL = Geometric Bond Length                                                  
  GBL_I = Distance Between Nuclear Attractors                                  
  GBL_II = Distance Between Nuclei                                             
  GBL_III = Sum of Distances Between BCP and Nuclear Attractors                
  GBL_IV = Sum of Distances Between BCP and Nuclei                             

CP# 1      Coords = -2.22285179201104E-05 -4.16499045419996E-05 -1.78464570553290E-05
           Type = (3,-3) NACP Fe1
           Rho =  5.7986307222E+03     Rho at Nucleus =  5.7986307222E+03
           GradRho =  3.6381765689E-13 -2.3118345584E-13  1.1256917881E-13
           HessRho_EigVals = -2.9006310057E+08 -2.9006309987E+08 -2.9006303614E+08
           HessRho_EigVec1 =  7.7997512936E-01  6.1463374734E-01  1.1774614306E-01
           HessRho_EigVec2 =  2.7872599114E-01 -5.0964220978E-01  8.1398810794E-01
           HessRho_EigVec3 = -5.6031296562E-01  6.0207156936E-01  5.6882264892E-01
           DelSqRho = -8.7018923658E+08
           Bond Ellipticity = NA
           V = -2.1772740946E+08
           G =  9.0050156794E+04
           K =  2.1763735930E+08
           L =  2.1754730914E+08
           Vnuc =  2.6000000141E+09
           Ven = -1.5076439960E+13
           Vrep =  1.5076222232E+13
           DelSqV =  4.0360977128E+14
           DelSqVen =  4.5229319606E+29
           DelSqVrep = -4.5229319606E+29
           DelSqG =  1.0898012764E+13
           DelSqK = -4.1450778404E+14
           Stress_EigVals = -7.2575813444E+07 -7.2575798099E+07 -7.2575797914E+07
           Stress_EigVec1 = -5.6119282454E-01  6.0136580092E-01  5.6870184383E-01
           Stress_EigVec2 =  6.3806629068E-01 -1.2331789045E-01  7.6004217422E-01
           Stress_EigVec3 =  5.2719448250E-01  7.8939969051E-01 -3.1450613068E-01
           -DivStress =  3.2141142031E+01 -6.4127334395E+00 -2.7866084025E+00
           ESP =  -5.3155204908E+01     ESP at Nucleus =  -5.3155204908E+01
           ESPe = -6.7245584942E+01     ESPe at Nucleus = -6.7245584942E+01
           ESPn =  1.4090380035E+01     ESPn at Nucleus =  1.4090380035E+01

CP# 2      Coords = -5.27163954081142E-02 -2.22038802978073E-02 -4.05265051248127E+00
           Type = (3,-3) NACP O2
           Rho =  1.4779289395E+02     Rho at Nucleus =  1.4779288083E+02
           GradRho = -8.0074835651E-14  6.9477756881E-13  4.6333603620E-11
           HessRho_EigVals = -4.1109112715E+05 -4.1108377810E+05 -4.1107304496E+05
           HessRho_EigVec1 =  9.8384118630E-01 -1.7836340248E-01 -1.5588995968E-02
           HessRho_EigVec2 =  1.6429687877E-02  3.2371746353E-03  9.9985978320E-01
           HessRho_EigVec3 =  1.7828792863E-01  9.8395935757E-01 -6.1153207649E-03
           DelSqRho = -1.2332479502E+06
           Bond Ellipticity = NA
           V = -3.0838225836E+05
           G =  3.5135401027E+01
           K =  3.0834712296E+05
           L =  3.0831198755E+05
           Vnuc =  1.0014290242E+06
           Ven = -1.4800409357E+08
           Vrep =  1.4769571132E+08
           DelSqV =  1.9614820681E+10
           DelSqVen =  1.2350102927E+12
           DelSqVrep = -1.2153954710E+12
           DelSqG =  8.5775874539E+08
           DelSqK = -2.0472579426E+10
           Stress_EigVals = -1.0279635093E+05 -1.0279368459E+05 -1.0279222284E+05
           Stress_EigVec1 =  1.7850900119E-01  9.8392186059E-01 -5.6840782997E-03
           Stress_EigVec2 =  1.6244936362E-02  2.8289219315E-03  9.9986404038E-01
           Stress_EigVec3 =  9.8380416676E-01 -1.7857706866E-01 -1.5478759982E-02
           -DivStress =  7.2232666131E+02 -9.4458422001E+01  5.1006907588E+04
           ESP =  -3.7580088138E+00     ESP at Nucleus =  -3.7580012180E+00
           ESPe = -1.9266980582E+01     ESPe at Nucleus = -1.9266990285E+01
           ESPn =  1.5508971768E+01     ESPn at Nucleus =  1.5508989067E+01

CP# 3      Coords =  1.44668663019673E-01  4.04692865177466E+00 -1.34512874043936E-01
           Type = (3,-3) NACP O3
           Rho =  1.4779289437E+02     Rho at Nucleus =  1.4779288127E+02
           GradRho =  7.3496764230E-13  5.1560724440E-11 -4.4157967213E-12
           HessRho_EigVals = -4.1109116018E+05 -4.1108381532E+05 -4.1107307913E+05
           HessRho_EigVec1 = -1.4639176572E-01  4.7088699014E-02  9.8810531086E-01
           HessRho_EigVec2 =  5.3085682162E-02  9.9780105224E-01 -3.9685898100E-02
           HessRho_EigVec3 =  9.8780127621E-01 -4.6644555778E-02  1.4856959358E-01
           DelSqRho = -1.2332480546E+06
           Bond Ellipticity = NA
           V = -3.0838228701E+05
           G =  3.5136673724E+01
           K =  3.0834715033E+05
           L =  3.0831201366E+05
           Vnuc =  1.0018151625E+06
           Ven = -1.4806116250E+08
           Vrep =  1.4775278021E+08
           DelSqV =  1.9614822539E+10
           DelSqVen =  1.2354865981E+12
           DelSqVrep = -1.2158717756E+12
           DelSqG =  8.5775889357E+08
           DelSqK = -2.0472581433E+10
           Stress_EigVals = -1.0279636049E+05 -1.0279369377E+05 -1.0279223274E+05
           Stress_EigVec1 =  9.8771992225E-01 -4.7605651581E-02  1.4880543381E-01
           Stress_EigVec2 =  5.4008960304E-02  9.9776722375E-01 -3.9288667820E-02
           Stress_EigVec3 = -1.4660282194E-01  4.6843026692E-02  9.8808569641E-01
           -DivStress = -3.4054433630E+03 -5.0844835914E+04  1.8539037090E+03
           ESP =  -3.7568328173E+00     ESP at Nucleus =  -3.7568252263E+00
           ESPe = -1.9268537068E+01     ESPe at Nucleus = -1.9268546766E+01
           ESPn =  1.5511704251E+01     ESPn at Nucleus =  1.5511721540E+01

CP# 4      Coords = -4.05413494593094E+00  4.96847901931550E-02 -3.73736201287424E-02
           Type = (3,-3) NACP O4
           Rho =  1.4779290908E+02     Rho at Nucleus =  1.4779289595E+02
           GradRho = -1.3047773972E-10 -2.6833396616E-13 -1.1844969450E-12
           HessRho_EigVals = -4.1109118837E+05 -4.1108383950E+05 -4.1107310561E+05
           HessRho_EigVec1 =  8.1067685525E-03  9.9100017539E-01  1.3361486702E-01
           HessRho_EigVec2 =  9.9970699066E-01 -1.1079695347E-02  2.1521458673E-02
           HessRho_EigVec3 = -2.2808181340E-02 -1.3340124713E-01  9.9079962360E-01
           DelSqRho = -1.2332481335E+06
           Bond Ellipticity = NA
           V = -3.0838229894E+05
           G =  3.5132784728E+01
           K =  3.0834716615E+05
           L =  3.0831203337E+05
           Vnuc =  1.0012078380E+06
           Ven = -1.4797141896E+08
           Vrep =  1.4766303666E+08
           DelSqV =  1.9614823462E+10
           DelSqVen =  1.2347376952E+12
           DelSqVrep = -1.2151228718E+12
           DelSqG =  8.5775889890E+08
           DelSqK = -2.0472582360E+10
           Stress_EigVals = -1.0279636457E+05 -1.0279369799E+05 -1.0279223638E+05
           Stress_EigVec1 = -2.3625862749E-02 -1.3356830764E-01  9.9075795521E-01
           Stress_EigVec2 =  9.9968764291E-01 -1.1236403945E-02  2.2323974759E-02
           Stress_EigVec3 =  8.1507810679E-03  9.9097590809E-01  1.3379205637E-01
           -DivStress =  5.0991080862E+04 -7.1659817193E+02  1.6678980330E+03
           ESP =  -3.7597391089E+00     ESP at Nucleus =  -3.7597315186E+00
           ESPe = -1.9264862456E+01     ESPe at Nucleus = -1.9264872152E+01
           ESPn =  1.5505123347E+01     ESPn at Nucleus =  1.5505140633E+01

CP# 5      Coords =  3.63152376531513E-04  5.16173515812051E+00  1.23148279040421E+00
           Type = (3,-3) NACP H5
           Rho =  2.0344008176E-01     Rho at Nucleus =  1.9860242908E-01
           GradRho =  8.9585121236E-11 -6.6225813004E-10 -8.3704168951E-10
           HessRho_EigVals = -4.0074611500E+00 -3.9961541917E+00 -3.1303798224E+00
           HessRho_EigVec1 =  1.2645260912E-01  7.8309333360E-01 -6.0891261156E-01
           HessRho_EigVec2 =  9.8845340782E-01 -4.7810776820E-02  1.4378452695E-01
           HessRho_EigVec3 = -8.3484119557E-02  6.2006367454E-01  7.8009707171E-01
           DelSqRho = -1.1133995164E+01
           Bond Ellipticity = NA
           V = -2.8138272603E+00
           G =  1.5164234662E-02
           K =  2.7986630257E+00
           L =  2.7834987910E+00
           Vnuc =  3.5801691693E+01
           Ven = -7.2834990851E+00
           Vrep =  4.4696718248E+00
           DelSqV =  6.7628175224E+02
           DelSqVen =  3.9861586295E+02
           DelSqVrep =  2.7766588929E+02
           DelSqG =  5.1933186862E+01
           DelSqK = -7.2821493910E+02
           Stress_EigVals = -1.0147246022E+00 -1.0120241352E+00 -7.8707852292E-01
           Stress_EigVec1 =  9.8842777669E-01 -4.7860853456E-02  1.4394397859E-01
           Stress_EigVec2 =  1.2620295187E-01  7.8594381037E-01 -6.0528104371E-01
           Stress_EigVec3 = -8.4162611681E-02  6.1644275131E-01  7.8288887407E-01
           -DivStress = -1.0243146228E+00  7.5272709905E+00  9.5516605982E+00
           ESP =   7.6677553063E+00     ESP at Nucleus =   7.5679038793E+00
           ESPe = -9.0847027795E+00     ESPe at Nucleus = -8.9825382435E+00
           ESPn =  1.6752458086E+01     ESPn at Nucleus =  1.6550442123E+01

CP# 6      Coords = -5.09267031309203E+00  1.47300427900857E+00  1.22573933017747E-01
           Type = (3,-3) NACP H6
           Rho =  2.0343847066E-01     Rho at Nucleus =  1.9860258257E-01
           GradRho =  1.2559397966E-15 -1.7881746431E-15 -1.2945373939E-16
           HessRho_EigVals = -4.0074038175E+00 -3.9960986752E+00 -3.1306258596E+00
           HessRho_EigVec1 =  8.1685718905E-01  5.6925988075E-01  9.3206871360E-02
           HessRho_EigVec2 = -2.3412699658E-02 -1.2872989688E-01  9.9140327776E-01
           HessRho_EigVec3 = -5.7636462261E-01  8.1201711917E-01  9.1826031093E-02
           DelSqRho = -1.1134128352E+01
           Bond Ellipticity = NA
           V = -2.8138510687E+00
           G =  1.5159490323E-02
           K =  2.7986915784E+00
           L =  2.7835320881E+00
           Vnuc =  3.5814573890E+01
           Ven = -7.2860621396E+00
           Vrep =  4.4722110709E+00
           DelSqV =  6.7631282001E+02
           DelSqVen =  3.9876406258E+02
           DelSqVrep =  2.7754875743E+02
           DelSqG =  5.1934373541E+01
           DelSqK = -7.2824719355E+02
           Stress_EigVals = -1.0147061376E+00 -1.0120066808E+00 -7.8713825026E-01
           Stress_EigVec1 = -2.3436226372E-02 -1.2884270169E-01  9.9138806807E-01
           Stress_EigVec2 =  8.1951450657E-01  5.6548399420E-01  9.2864556303E-02
           Stress_EigVec3 = -5.7257900486E-01  8.1463329819E-01  9.2335652201E-02
           -DivStress = -6.9904494353E+00  9.9377608195E+00  1.1238607153E+00
           ESP =   7.6720082029E+00     ESP at Nucleus =   7.5723038682E+00
           ESPe = -9.0896067142E+00     ESPe at Nucleus = -8.9876023844E+00
           ESPn =  1.6761614917E+01     ESPn at Nucleus =  1.6559906253E+01

CP# 7      Coords =  1.33147560818284E+00 -2.74386932150081E-01 -5.12503470432419E+00
           Type = (3,-3) NACP H7
           Rho =  2.0345215896E-01     Rho at Nucleus =  1.9861467853E-01
           GradRho = -3.8387114226E-09  6.9848883101E-10  2.8798284851E-09
           HessRho_EigVals = -4.0076449837E+00 -3.9963366798E+00 -3.1305907641E+00
           HessRho_EigVec1 =  5.8752473156E-01 -9.8749710307E-02  8.0315825621E-01
           HessRho_EigVec2 =  1.7443881221E-01  9.8464628884E-01 -6.5411523783E-03
           HessRho_EigVec3 =  7.9018085943E-01 -1.4394506102E-01 -5.9572982870E-01
           DelSqRho = -1.1134572428E+01
           Bond Ellipticity = NA
           V = -2.8139693104E+00
           G =  1.5163101746E-02
           K =  2.7988062086E+00
           L =  2.7836431069E+00
           Vnuc =  3.5813033223E+01
           Ven = -7.2862389280E+00
           Vrep =  4.4722696176E+00
           DelSqV =  6.7632003800E+02
           DelSqVen =  3.9876281576E+02
           DelSqVrep =  2.7755722225E+02
           DelSqG =  5.1935437434E+01
           DelSqK = -7.2825547544E+02
           Stress_EigVals = -1.0147693048E+00 -1.0120694218E+00 -7.8713058377E-01
           Stress_EigVec1 =  1.7460521809E-01  9.8461780351E-01 -6.3873953702E-03
           Stress_EigVec2 =  5.8382270674E-01 -9.8302953865E-02  8.0590792052E-01
           Stress_EigVec3 =  7.9288338671E-01 -1.4444483467E-01 -5.9200643985E-01
           -DivStress =  9.6741027755E+00 -1.7602921327E+00 -7.2289563310E+00
           ESP =   7.6726769588E+00     ESP at Nucleus =   7.5729257680E+00
           ESPe = -9.0902637697E+00     ESPe at Nucleus = -8.9882095855E+00
           ESPn =  1.6762940728E+01     ESPn at Nucleus =  1.6561135354E+01

CP# 8      Coords = -1.47163709763835E+00  2.26709163866333E-01 -5.07982730199106E+00
           Type = (3,-3) NACP H8
           Rho =  2.0333341956E-01     Rho at Nucleus =  1.9849509748E-01
           GradRho =  1.2858637766E-15 -1.2620113288E-16  2.2967738822E-15
           HessRho_EigVals = -4.0039319211E+00 -3.9926661498E+00 -3.1269194710E+00
           HessRho_EigVec1 = -5.5976678308E-01  1.0478837920E-01  8.2199789789E-01
           HessRho_EigVec2 =  1.7647149671E-01  9.8429146307E-01 -5.3034503741E-03
           HessRho_EigVec3 =  8.0964125352E-01 -1.4209050398E-01  5.6946582801E-01
           DelSqRho = -1.1123517542E+01
           Bond Ellipticity = NA
           V = -2.8111550627E+00
           G =  1.5137838614E-02
           K =  2.7960172241E+00
           L =  2.7808793855E+00
           Vnuc =  3.5844831846E+01
           Ven = -7.2884522329E+00
           Vrep =  4.4772971702E+00
           DelSqV =  6.7553836801E+02
           DelSqVen =  3.9872061582E+02
           DelSqVrep =  2.7681775218E+02
           DelSqG =  5.1864147481E+01
           DelSqK = -7.2740251549E+02
           Stress_EigVals = -1.0138259358E+00 -1.0111213172E+00 -7.8620780962E-01
           Stress_EigVec1 =  1.7632188298E-01  9.8431865656E-01 -5.2322020940E-03
           Stress_EigVec2 = -5.5601814959E-01  1.0398345086E-01  8.2464007862E-01
           Stress_EigVec3 =  8.1225267676E-01 -1.4249289212E-01  5.6563359588E-01
           -DivStress = -9.9071014774E+00  1.7375512361E+00 -6.9030576835E+00
           ESP =   7.6926853309E+00     ESP at Nucleus =   7.5932374026E+00
           ESPe = -9.1134741950E+00     ESPe at Nucleus = -9.0117333609E+00
           ESPn =  1.6806159526E+01     ESPn at Nucleus =  1.6604970763E+01

CP# 9      Coords =  4.10726142833729E-01  5.02671311571789E+00 -1.58367087999050E+00
           Type = (3,-3) NACP H9
           Rho =  2.0329022409E-01     Rho at Nucleus =  1.9845237912E-01
           GradRho = -1.6386496110E-15 -5.5487705359E-15  9.7744925489E-15
           HessRho_EigVals = -4.0029864908E+00 -3.9917222830E+00 -3.1261087626E+00
           HessRho_EigVec1 = -3.9797859965E-02  8.3870996197E-01  5.4312220543E-01
           HessRho_EigVec2 =  9.8777141332E-01 -4.8979326621E-02  1.4801574443E-01
           HessRho_EigVec3 = -1.5074403928E-01 -5.4237129833E-01  8.2650445212E-01
           DelSqRho = -1.1120817536E+01
           Bond Ellipticity = NA
           V = -2.8104622536E+00
           G =  1.5128934776E-02
           K =  2.7953333189E+00
           L =  2.7802043841E+00
           Vnuc =  3.5858932138E+01
           Ven = -7.2897703501E+00
           Vrep =  4.4793080965E+00
           DelSqV =  6.7536263324E+02
           DelSqVen =  3.9878064136E+02
           DelSqVrep =  2.7658199188E+02
           DelSqG =  5.1850080288E+01
           DelSqK = -7.2721271353E+02
           Stress_EigVals = -1.0135828643E+00 -1.0108777397E+00 -7.8600164966E-01
           Stress_EigVec1 =  9.8779506837E-01 -4.8987136425E-02  1.4785521080E-01
           Stress_EigVec2 = -3.9002988223E-02  8.4122033008E-01  5.3928389848E-01
           Stress_EigVec3 = -1.5079678314E-01 -5.3846877042E-01  8.2904264877E-01
           -DivStress =  1.8390819809E+00  6.5704235046E+00 -1.0110301398E+01
           ESP =   7.6999279798E+00     ESP at Nucleus =   7.6005774379E+00
           ESPe = -9.1217035553E+00     ESPe at Nucleus = -9.0200568258E+00
           ESPn =  1.6821631535E+01     ESPn at Nucleus =  1.6620634264E+01

CP# 10     Coords = -5.11484791578218E+00 -1.35009300102302E+00 -2.50942518139512E-01
           Type = (3,-3) NACP H10
           Rho =  2.0335931117E-01     Rho at Nucleus =  1.9852100668E-01
           GradRho =  1.5408681275E-15 -2.0166160408E-16  7.2858385991E-17
           HessRho_EigVals = -4.0044315205E+00 -3.9931635726E+00 -3.1273832410E+00
           HessRho_EigVec1 =  8.0798219255E-01 -5.8633352232E-01 -5.8118646956E-02
           HessRho_EigVec2 = -2.4696301010E-02 -1.3225308940E-01  9.9090827682E-01
           HessRho_EigVec3 =  5.8868911086E-01  7.9920092652E-01  1.2133841030E-01
           DelSqRho = -1.1124978334E+01
           Bond Ellipticity = NA
           V = -2.8115325387E+00
           G =  1.5143977604E-02
           K =  2.7963885611E+00
           L =  2.7812445835E+00
           Vnuc =  3.5842106922E+01
           Ven = -7.2888261744E+00
           Vrep =  4.4772936357E+00
           DelSqV =  6.7563635102E+02
           DelSqVen =  3.9874266295E+02
           DelSqVrep =  2.7689368807E+02
           DelSqG =  5.1871152801E+01
           DelSqK = -7.2750750382E+02
           Stress_EigVals = -1.0139562976E+00 -1.0112500405E+00 -7.8632620066E-01
           Stress_EigVec1 = -2.4825808948E-02 -1.3201834155E-01  9.9093634342E-01
           Stress_EigVec2 =  8.1070799009E-01 -5.8263873240E-01 -5.7311973547E-02
           Stress_EigVec3 =  5.8492412672E-01  8.0193719517E-01  1.2149280219E-01
           -DivStress = -7.1391366486E+00 -9.7815613167E+00 -1.4814970357E+00
           ESP =   7.6907888586E+00     ESP at Nucleus =   7.5913364945E+00
           ESPe = -9.1113540063E+00     ESPe at Nucleus = -9.0096156152E+00
           ESPn =  1.6802142865E+01     ESPn at Nucleus =  1.6600952110E+01

CP# 11     Coords =  5.26848994033639E-02  2.21698164207951E-02  4.05262461684274E+00
           Type = (3,-3) NACP O11
           Rho =  1.4779289529E+02     Rho at Nucleus =  1.4779288218E+02
           GradRho =  8.8205831528E-13  2.5934809855E-13  1.7254953022E-10
           HessRho_EigVals = -4.1109113102E+05 -4.1108378195E+05 -4.1107304884E+05
           HessRho_EigVec1 =  9.8384768222E-01 -1.7832737914E-01 -1.5591152364E-02
           HessRho_EigVec2 =  1.6430138407E-02  3.2288203044E-03  9.9985980281E-01
           HessRho_EigVec3 =  1.7825203711E-01  9.8396591433E-01 -6.1066108938E-03
           DelSqRho = -1.2332479618E+06
           Bond Ellipticity = NA
           V = -3.0838226124E+05
           G =  3.5135394155E+01
           K =  3.0834712585E+05
           L =  3.0831199045E+05
           Vnuc =  1.0014247173E+06
           Ven = -1.4800345839E+08
           Vrep =  1.4769507612E+08
           DelSqV =  1.9614820864E+10
           DelSqVen =  1.2350049905E+12
           DelSqVrep = -1.2153901696E+12
           DelSqG =  8.5775875369E+08
           DelSqK = -2.0472579618E+10
           Stress_EigVals = -1.0279635189E+05 -1.0279368556E+05 -1.0279222380E+05
           Stress_EigVec1 =  1.7847310740E-01  9.8392842686E-01 -5.6745698651E-03
           Stress_EigVec2 =  1.6245761189E-02  2.8196836960E-03  9.9986405307E-01
           Stress_EigVec3 =  9.8381066531E-01 -1.7854103224E-01 -1.5481428539E-02
           -DivStress = -7.2214164064E+02  9.5490336450E+01 -5.1007128059E+04
           ESP =  -3.7580052659E+00     ESP at Nucleus =  -3.7579976700E+00
           ESPe = -1.9266982627E+01     ESPe at Nucleus = -1.9266992329E+01
           ESPn =  1.5508977361E+01     ESPn at Nucleus =  1.5508994659E+01

CP# 12     Coords = -1.44567439637561E-01 -4.04701341015074E+00  1.34515489278454E-01
           Type = (3,-3) NACP O12
           Rho =  1.4779289461E+02     Rho at Nucleus =  1.4779288150E+02
           GradRho =  7.2863763634E-13  8.8051985841E-11 -2.5846282579E-12
           HessRho_EigVals = -4.1109116096E+05 -4.1108381612E+05 -4.1107307990E+05
           HessRho_EigVec1 = -1.4642592803E-01  4.7087487286E-02  9.8810030672E-01
           HessRho_EigVec2 =  5.3102510395E-02  9.9780037092E-01 -3.9680513858E-02
           HessRho_EigVec3 =  9.8779530824E-01 -4.6660350742E-02  1.4860430909E-01
           DelSqRho = -1.2332480570E+06
           Bond Ellipticity = NA
           V = -3.0838228759E+05
           G =  3.5136673988E+01
           K =  3.0834715092E+05
           L =  3.0831201424E+05
           Vnuc =  1.0018144520E+06
           Ven = -1.4806105773E+08
           Vrep =  1.4775267544E+08
           DelSqV =  1.9614822577E+10
           DelSqVen =  1.2354857272E+12
           DelSqVrep = -1.2158709047E+12
           DelSqG =  8.5775889545E+08
           DelSqK = -2.0472581472E+10
           Stress_EigVals = -1.0279636069E+05 -1.0279369396E+05 -1.0279223294E+05
           Stress_EigVec1 =  9.8771380173E-01 -4.7623725869E-02  1.4884027209E-01
           Stress_EigVec2 =  5.4028119432E-02  9.9776639013E-01 -3.9283495773E-02
           Stress_EigVec3 = -1.4663699456E-01  4.6842410953E-02  9.8808065479E-01
           -DivStress =  3.4081580263E+03  5.0844715292E+04 -1.8532213454E+03
           ESP =  -3.7568378815E+00     ESP at Nucleus =  -3.7568302905E+00
           ESPe = -1.9268532204E+01     ESPe at Nucleus = -1.9268541902E+01
           ESPn =  1.5511694323E+01     ESPn at Nucleus =  1.5511711611E+01

CP# 13     Coords =  4.05409893081826E+00 -4.97809436508555E-02  3.73740617326474E-02
           Type = (3,-3) NACP O13
           Rho =  1.4779291137E+02     Rho at Nucleus =  1.4779289824E+02
           GradRho =  9.2204577307E-11 -1.3112358421E-12  4.4675374511E-13
           HessRho_EigVals = -4.1109119501E+05 -4.1108384608E+05 -4.1107311228E+05
           HessRho_EigVec1 =  8.0987372293E-03  9.9101103971E-01  1.3353475068E-01
           HessRho_EigVec2 =  9.9970685970E-01 -1.1071143493E-02  2.1531940160E-02
           HessRho_EigVec3 = -2.2816772791E-02 -1.3332122473E-01  9.9081019672E-01
           DelSqRho = -1.2332481534E+06
           Bond Ellipticity = NA
           V = -3.0838230390E+05
           G =  3.5132776996E+01
           K =  3.0834717112E+05
           L =  3.0831203834E+05
           Vnuc =  1.0012032153E+06
           Ven = -1.4797073807E+08
           Vrep =  1.4766235576E+08
           DelSqV =  1.9614823776E+10
           DelSqVen =  1.2347320172E+12
           DelSqVrep = -1.2151171924E+12
           DelSqG =  8.5775891324E+08
           DelSqK = -2.0472582690E+10
           Stress_EigVals = -1.0279636621E+05 -1.0279369965E+05 -1.0279223803E+05
           Stress_EigVec1 = -2.3634258417E-02 -1.3348819669E-01  9.9076855177E-01
           Stress_EigVec2 =  9.9968750723E-01 -1.1228086065E-02  2.2334233239E-02
           Stress_EigVec3 =  8.1430780497E-03  9.9098679680E-01  1.3371185008E-01
           -DivStress = -5.0991313475E+04  7.1605620729E+02 -1.6682467495E+03
           ESP =  -3.7597189283E+00     ESP at Nucleus =  -3.7597113379E+00
           ESPe = -1.9264882706E+01     ESPe at Nucleus = -1.9264892402E+01
           ESPn =  1.5505163778E+01     ESPn at Nucleus =  1.5505181064E+01

CP# 14     Coords = -2.46832250518110E-04 -5.16181853013318E+00 -1.23147985695995E+00
           Type = (3,-3) NACP H14
           Rho =  2.0344014749E-01     Rho at Nucleus =  1.9860249902E-01
           GradRho = -8.9575270378E-11  6.6210484069E-10  8.3684998611E-10
           HessRho_EigVals = -4.0074624018E+00 -3.9961554696E+00 -3.1303817326E+00
           HessRho_EigVec1 =  1.2648973653E-01  7.8309236587E-01 -6.0890614472E-01
           HessRho_EigVec2 =  9.8844782803E-01 -4.7834226747E-02  1.4381508269E-01
           HessRho_EigVec3 = -8.3493938756E-02  6.2006308814E-01  7.8009648693E-01
           DelSqRho = -1.1133999604E+01
           Bond Ellipticity = NA
           V = -2.8138283880E+00
           G =  1.5164243494E-02
           K =  2.7986641445E+00
           L =  2.7834999010E+00
           Vnuc =  3.5801699342E+01
           Ven = -7.2835029944E+00
           Vrep =  4.4696746064E+00
           DelSqV =  6.7628210371E+02
           DelSqVen =  3.9861610706E+02
           DelSqVrep =  2.7766599665E+02
           DelSqG =  5.1933210238E+01
           DelSqK = -7.2821531395E+02
           Stress_EigVals = -1.0147249242E+00 -1.0120244591E+00 -7.8707900469E-01
           Stress_EigVec1 =  9.8842221687E-01 -4.7883914428E-02  1.4397448364E-01
           Stress_EigVec2 =  1.2623969906E-01  7.8594284245E-01 -6.0527463749E-01
           Stress_EigVec3 = -8.4172795964E-02  6.1644219449E-01  7.8288821761E-01
           -DivStress =  1.0244379721E+00 -7.5272631035E+00 -9.5516496441E+00
           ESP =   7.6677524471E+00     ESP at Nucleus =   7.5679011025E+00
           ESPe = -9.0847008029E+00     ESPe at Nucleus = -8.9825363487E+00
           ESPn =  1.6752453250E+01     ESPn at Nucleus =  1.6550437451E+01

CP# 15     Coords =  5.09264309811242E+00 -1.47310772701584E+00 -1.22451554507669E-01
           Type = (3,-3) NACP H15
           Rho =  2.0343850085E-01     Rho at Nucleus =  1.9860261578E-01
           GradRho = -1.3756357164E-15  1.5431449521E-15  1.3595895243E-16
           HessRho_EigVals = -4.0074045858E+00 -3.9960994261E+00 -3.1306269196E+00
           HessRho_EigVec1 =  8.1685369524E-01  5.6927125452E-01  9.3168016751E-02
           HessRho_EigVec2 = -2.3420088748E-02 -1.2865085015E-01  9.9141336394E-01
           HessRho_EigVec3 = -5.7636927400E-01  8.1202167307E-01  9.1756539040E-02
           DelSqRho = -1.1134130932E+01
           Bond Ellipticity = NA
           V = -2.8138517194E+00
           G =  1.5159493265E-02
           K =  2.7986922262E+00
           L =  2.7835327329E+00
           Vnuc =  3.5814602223E+01
           Ven = -7.2860689847E+00
           Vrep =  4.4722172653E+00
           DelSqV =  6.7631303889E+02
           DelSqVen =  3.9876447041E+02
           DelSqVrep =  2.7754856848E+02
           DelSqG =  5.1934389143E+01
           DelSqK = -7.2824742803E+02
           Stress_EigVals = -1.0147063276E+00 -1.0120068708E+00 -7.8713852102E-01
           Stress_EigVec1 = -2.3443148807E-02 -1.2876332788E-01  9.9139821675E-01
           Stress_EigVec2 =  8.1951108652E-01  5.6549537114E-01  9.2825450645E-02
           Stress_EigVec3 = -5.7258361647E-01  8.1463795063E-01  9.2265982598E-02
           -DivStress =  6.9905034091E+00 -9.9378161432E+00 -1.1230113078E+00
           ESP =   7.6720183951E+00     ESP at Nucleus =   7.5723139645E+00
           ESPe = -9.0896166804E+00     ESPe at Nucleus = -8.9876122668E+00
           ESPn =  1.6761635075E+01     ESPn at Nucleus =  1.6559926231E+01

CP# 16     Coords = -1.33151592396457E+00  2.74288091705629E-01  5.12501227790410E+00
           Type = (3,-3) NACP H16
           Rho =  2.0345237888E-01     Rho at Nucleus =  1.9861490223E-01
           GradRho =  3.8407266085E-09 -6.9867396547E-10 -2.8813317426E-09
           HessRho_EigVals = -4.0076493163E+00 -3.9963410135E+00 -3.1305954826E+00
           HessRho_EigVec1 =  5.8752888433E-01 -9.8736740367E-02  8.0315681295E-01
           HessRho_EigVec2 =  1.7440177248E-01  9.8465292369E-01 -6.5300557104E-03
           HessRho_EigVec3 =  7.9018594763E-01 -1.4390856811E-01 -5.9573189623E-01
           DelSqRho = -1.1134585812E+01
           Bond Ellipticity = NA
           V = -2.8139727180E+00
           G =  1.5163132456E-02
           K =  2.7988095856E+00
           L =  2.7836464531E+00
