AIMSum (Version 16.05.18, Professional)
Copyright (c) 1997-2016 by Todd A. Keith
AIMSum is a component of the AIMAll package ( http://aim.tkgristmill.com )

TP:  64-bit Linux

Licensed To:  Research Group of Fernando Cortes Guzman, UNAM, fercor@unam.mx

Much of the Quantum Theory of Atoms in Molecules (QTAIM) is described in the book:
  "Atoms in Molecules - A Quantum Theory"
  R.F.W. Bader, Oxford University Press, Oxford, 1990

For additional references see:  http://aim.tkgristmill.com/references.html

Wfx File:  /home/davit_gabo/David/max_int2/Fe25.wfx
Sum File:  /home/davit_gabo/David/max_int2/Fe25.sum

SumViz File:  /home/davit_gabo/David/max_int2/Fe25.sumviz

Wfx Title:   Fe[H2O]6 (2+)                                                                 
 
Total memory allocated for AIMSum =        1.183 Megabytes

Atomic units (a.u.) used throughout, except where stated otherwise

Model:  Unrestricted SCF
 
Unrestricted, single-determinant wavefunction.
  Number of electrons (from MO Occs)                   =          84.0000000000
  Number of Alpha electrons (from MO Occs)             =          44.0000000000
  Number of Beta electrons (from MO Occs)              =          40.0000000000
  Number of electron pairs (N*(N-1)/2)                 =        3486.0000000000
  Number of electron pairs (from Muller 2EDM)          =        3486.0000000000
 
Nuclear Charges and Cartesian Coordinates:
-------------------------------------------------------------------------------
Atom      Charge                X                  Y                  Z
-------------------------------------------------------------------------------
Fe1       26.0          -2.2228517678E-05  -4.1649904590E-05  -1.7846457076E-05
O2         8.0          -5.2716282294E-02  -2.2203895103E-02  -4.0526425246E+00
O3         8.0           1.4466812968E-01   4.0469206893E+00  -1.3451258372E-01
O4         8.0          -4.0541269605E+00   4.9684677962E-02  -3.7373358904E-02
H5         1.0          -4.0378604486E-03   5.1941244015E+00   1.2725601661E+00
H6         1.0          -5.1227503921E+00   1.5157426223E+00   1.2740385075E-01
H7         1.0           1.3730779728E+00  -2.8195470145E-01  -5.1561394698E+00
H8         1.0          -1.5142853657E+00   2.3419002691E-01  -5.1095594896E+00
H9         1.0           4.1864794274E-01   5.0550199365E+00  -1.6272048625E+00
H10        1.0          -5.1455924241E+00  -1.3921947142E+00  -2.5732120894E-01
O11        8.0           5.2684786318E-02   2.2169831388E-02   4.0526166289E+00
O12        8.0          -1.4456690587E-01  -4.0470054477E+00   1.3451519906E-01
O13        8.0           4.0540909454E+00  -4.9780831505E-02   3.7373800453E-02
H14        1.0           4.1547054181E-03  -5.1942077262E+00  -1.2725571698E+00
H15        1.0           5.1227234020E+00  -1.5158462971E+00  -1.2727781813E-01
H16        1.0          -1.3731185119E+00   2.8185393843E-01   5.1561171225E+00
H17        1.0           1.5142628718E+00  -2.3418592964E-01   5.1095301458E+00
H18        1.0          -4.1863063350E-01  -5.0551054386E+00   1.6271919190E+00
H19        1.0           5.1455424590E+00   1.3921251068E+00   2.5721435182E-01
 
Some Atomic Properties:
----------------------
  q(A) = Net Charge of Atom A
  L(A) = Lagrangian of Atom A = -(1/4) Times Atomic Integral of the Laplacian of the Electron Density
  K(A) = Electronic Kinetic Energy of Atom A (Hamiltonian Form)
  K_Scaled(A) = K(A) * E(Mol)/K(Mol) = Approximation to Virial-Based Total Energy of Atom A.
  |Mu_Intra(A)| = Magnitude of Intraatomic Dipole Moment of Atom A
--------------------------------------------------------------------------------------------------
Atom A          q(A)              L(A)              K(A)          K_Scaled(A)      |Mu_Intra(A)|
--------------------------------------------------------------------------------------------------
Fe1       1.6158653560E+00 -7.8002828509E-04  1.2618991057E+03 -1.2638783440E+03  2.3411494427E-05
O2       -1.2385175490E+00 -2.5537765554E-05  7.5549556598E+01 -7.5668053058E+01  2.4016824305E-01
O3       -1.2386013748E+00  4.6146608592E-05  7.5549722923E+01 -7.5668219644E+01  2.4001688568E-01
O4       -1.2384785829E+00 -2.0396999320E-05  7.5549451752E+01 -7.5667948048E+01  2.4022700319E-01
H5        6.5120561711E-01  1.8020059275E-05  3.2619911802E-01 -3.2671074830E-01  1.3027147546E-01
H6        6.5095463298E-01  1.5676767281E-05  3.2633385871E-01 -3.2684570033E-01  1.3037123333E-01
H7        6.5102451684E-01  1.7573669699E-05  3.2631652873E-01 -3.2682834316E-01  1.3034494468E-01
H8        6.5142345833E-01  1.6650164676E-05  3.2590024134E-01 -3.2641140284E-01  1.3031458037E-01
H9        6.5145982973E-01  1.4775813674E-05  3.2583933945E-01 -3.2635040543E-01  1.3030690801E-01
H10       6.5133706552E-01  1.6003481326E-05  3.2596822039E-01 -3.2647948851E-01  1.3035349595E-01
O11      -1.2385234091E+00 -3.1401759464E-05  7.5549555903E+01 -7.5668052362E+01  2.4017458972E-01
O12      -1.2385966529E+00  4.8233151872E-05  7.5549720694E+01 -7.5668217412E+01  2.4001623230E-01
O13      -1.2384838980E+00 -2.4972955676E-05  7.5549452491E+01 -7.5667948788E+01  2.4022909080E-01
H14       6.5120327805E-01  1.6723529667E-05  3.2619963633E-01 -3.2671126742E-01  1.3027211646E-01
H15       6.5095613688E-01  1.6709695459E-05  3.2633326211E-01 -3.2684510279E-01  1.3037150911E-01
H16       6.5102430825E-01  1.7790810786E-05  3.2631664339E-01 -3.2682845800E-01  1.3034596670E-01
H17       6.5142416787E-01  1.7195281027E-05  3.2589994721E-01 -3.2641110825E-01  1.3031494002E-01
H18       6.5146086384E-01  1.6533281881E-05  3.2584006400E-01 -3.2635113112E-01  1.3030615032E-01
H19       6.5133609296E-01  1.5476864397E-05  3.2596842411E-01 -3.2647969256E-01  1.3035378135E-01
--------------------------------------------------------------------------------------------------
Total     1.9994738577E+00 -5.8882858549E-04  1.7191096813E+03 -1.7218060362E+03
 
Molecular charge q(Mol) from the wfx file:   2.0000000000E+00
Molecular energy E(Mol) from the wfx file:  -1.7218061536E+03
Molecular virial ratio (-V(Mol)/T(Mol)) from the wfx file:   2.0015684600E+00
Full molecular virial ratio ((-V(Mol)+W(Mol))/T(Mol)) from the wfx file:   2.0015684586E+00
Note.  K_Scaled(A) = (1+V(Mol)/T(Mol))*K(A) = (E(Mol)/T(Mol))*K(A)
       Only use K_Scaled(A) data with caution.
 
N_AIMInt(SumA)     =         84.000526
N_Analytic(Mol)    =         84.000000
 
G_AIMInt(SumA)     =       1719.110270
G_Analytic(Mol)    =       1719.109799
 
K_AIMInt(SumA)     =       1719.109681
K_Analytic(Mol)    =       1719.109799
 
L_AIMInt(SumA)     =         -0.000589
L_Analytic(Mol)    =          0.000000
 
VenT_AIMInt(SumA)  =      -5374.369177
VenT_Analytic(Mol) =      -5374.358646
 
Some Information About the Atomic Calculations:
----------------------------------------------
  Time(sec) = "Elapsed User Time", in Seconds, for Atom A by AIMInt and, if used, by TWOe
  NProc = Number of Processors Used for AIMInt Job
  BIM = Basin Integration Method
  OAQ = Angular Quadrature Outside of Beta Sphere
  ORQ = Multiple of Default for Radial Quadrature Outside of Beta Sphere
  IAQ = Multiple of Default for Angular Quadrature Inside of Beta Sphere
  IRQ = Multiple of Default for Radial Quadrature Inside of Beta Sphere
  MIR = Maximum Integration Radius
------------------------------------------------------------------------------------------------------
Atom A     Time(sec)   NProc      BIM              OAQ                 ORQ      IAQ      IRQ      MIR
------------------------------------------------------------------------------------------------------
Fe1          1795        8     Proaim(5)    4334      (Very High)      Auto     Auto     Auto    13.00
O2            963        8     Proaim(5)    4334      (Very High)      Auto     Auto     Auto    13.00
O3            858        8     Proaim(5)    4334      (Very High)      Auto     Auto     Auto    13.00
O4            782        8     Proaim(5)    4334      (Very High)      Auto     Auto     Auto    13.00
H5            233        8     Proaim(5)    2030      (Very High)      Auto     Auto     Auto    13.00
H6            227        8     Proaim(5)    2030      (Very High)      Auto     Auto     Auto    13.00
H7            174        8     Proaim(5)    2030      (Very High)      Auto     Auto     Auto    13.00
H8            171        8     Proaim(5)    2030      (Very High)      Auto     Auto     Auto    13.00
H9            181        8     Proaim(5)    2030      (Very High)      Auto     Auto     Auto    13.00
H10           205        8     Proaim(5)    2030      (Very High)      Auto     Auto     Auto    13.00
O11           910        8     Proaim(5)    4334      (Very High)      Auto     Auto     Auto    13.00
O12           704        8     Proaim(5)    4334      (Very High)      Auto     Auto     Auto    13.00
O13           782        8     Proaim(5)    4334      (Very High)      Auto     Auto     Auto    13.00
H14           208        8     Proaim(5)    2030      (Very High)      Auto     Auto     Auto    13.00
H15           191        8     Proaim(5)    2030      (Very High)      Auto     Auto     Auto    13.00
H16           204        8     Proaim(5)    2030      (Very High)      Auto     Auto     Auto    13.00
H17           183        8     Proaim(5)    2030      (Very High)      Auto     Auto     Auto    13.00
H18           191        8     Proaim(5)    2030      (Very High)      Auto     Auto     Auto    13.00
H19           263        8     Proaim(5)    2030      (Very High)      Auto     Auto     Auto    13.00
------------------------------------------------------------------------------------------------------
Total        9225
Note:  Total wall clock time is less than total of atomic times if more than one atom
       was calculated at a time
Note:  Total time does not include times for diatomic interaction energy calculations (9472 seconds)
 
Electron Density Critical Point Analysis of Molecular Structure:               
---------------------------------------------------------------                
  NACP = Nuclear Attractor Critical Point                                      
  NNACP = Non-Nuclear Attractor Critical Point                                 
  BCP = Bond Critical Point                                                    
  RCP = Ring Critical Point                                                    
  CCP = Cage Critical Point                                                    
  Rho = Electron Density                                                       
  GradRho = Gradient of Electron Density                                       
  HessRho_EigVals = Eigenvalues of the Hessian of Rho, Ascending Order         
  HessRho_EigVecs = Eigenvectors of the Hessian of Rho                         
  DelSqRho = Laplacian of Rho = Trace of Hessian of Rho                        
  Bond Ellipticity = (HessRho_EigVal(1) / HessRho_EigVal(2)) - 1               
  V = Virial Field = Potential Energy Density = Trace of Stress Tensor         
  G = Lagrangian Form of Kinetic Energy Density                                
  K = Hamiltonian Form of Kinetic Energy Density                               
  L = K - G = Lagrangian Density = (-1/4)DelSqRho                              
  Vnuc = Electrostatic Potential from Nuclei                                   
  Ven = Electron-nuclear attractive contribution to Virial Field V             
  Vrep = V - Ven = Repulsive contribution to Virial Field V                    
  DelSqV = Laplacian of V                                                      
  DelSqVen = Laplacian of Ven                                                  
  DelSqVrep = Laplacian of Vrep                                                
  DelSqG = Laplacian of G                                                      
  DelSqK = Laplacian of K                                                      
  Stress_EigVals = Eigenvalues of Stress Tensor, Ascending Order               
  Stress_EigVecs = Eigenvectors of Stress Tensor                               
  -DivStress = Ehrenfest Force Density = Minus Divergence of Stress Tensor     
  ESP = Total Electrostatic Potential                                          
  ESPe = Electrostatic Potential from Electrons                                
  ESPn = Electrostatic Potential from Nuclei                                   
  BP = Bond Path                                                               
  BPL = Bond Path Length                                                       
  GBL = Geometric Bond Length                                                  
  GBL_I = Distance Between Nuclear Attractors                                  
  GBL_II = Distance Between Nuclei                                             
  GBL_III = Sum of Distances Between BCP and Nuclear Attractors                
  GBL_IV = Sum of Distances Between BCP and Nuclei                             

CP# 1      Coords = -2.22285179467473E-05 -4.16499045604356E-05 -1.78464570696774E-05
           Type = (3,-3) NACP Fe1
           Rho =  1.1598814933E+04     Rho at Nucleus =  1.1598814933E+04
           GradRho =  4.5752218656E-13 -1.0553255157E-12 -4.9213398361E-13
           HessRho_EigVals = -5.8021773389E+08 -5.8021773269E+08 -5.8021770828E+08
           HessRho_EigVec1 =  8.2855786707E-01  4.3892289172E-01  3.4761840579E-01
           HessRho_EigVec2 =  4.0277588894E-02 -6.6597058765E-01  7.4488985241E-01
           HessRho_EigVec3 = -5.5845284201E-01  6.0318311607E-01  5.6947392542E-01
           DelSqRho = -1.7406531749E+09
           Bond Ellipticity = NA
           V = -4.3552387120E+08
           G =  1.8028874101E+05
           K =  4.3534358246E+08
           L =  4.3516329372E+08
           Vnuc =  2.6000000141E+09
           Ven = -3.0156918988E+13
           Vrep =  3.0156483464E+13
           DelSqV =  8.0734766285E+14
           DelSqVen =  9.0470756408E+29
           DelSqVrep = -9.0470756408E+29
           DelSqG =  2.1800071457E+13
           DelSqK = -8.2914773431E+14
           Stress_EigVals = -1.4517462616E+08 -1.4517462261E+08 -1.4517462242E+08
           Stress_EigVec1 =  5.5571444078E-01 -6.0567524349E-01 -5.6950764677E-01
           Stress_EigVec2 = -3.0374003232E-01  4.8975448486E-01 -8.1724080742E-01
           Stress_EigVec3 =  7.7390144920E-01  6.2713478932E-01  8.8195821643E-02
           -DivStress =  7.1386793933E+01 -7.9301946477E+00 -1.7502956019E+00
           ESP =  -1.1537605706E+02     ESP at Nucleus =  -1.1537605706E+02
           ESPe = -1.2946643710E+02     ESPe at Nucleus = -1.2946643710E+02
           ESPn =  1.4090380035E+01     ESPn at Nucleus =  1.4090380035E+01

CP# 2      Coords = -1.97314581592361E+00  1.45988095749175E-02 -3.07570749147989E-02
           Type = (3,-1) BCP Fe1 O4
           Rho =  5.1221869550E-02
           GradRho =  3.2282119686E-17 -1.7889335846E-18  1.1926223897E-18
           HessRho_EigVals = -6.8476255984E-02 -5.1728032753E-02  4.1978364638E-01
           HessRho_EigVec1 =  1.6675747972E-02  8.0706168294E-01 -5.9023161501E-01
           HessRho_EigVec2 =  2.9225689541E-03  5.9027183243E-01  8.0719924581E-01
           HessRho_EigVec3 =  9.9985667874E-01 -1.5185643780E-02  7.4845308940E-03
           DelSqRho =  2.9957935764E-01
           Bond Ellipticity =  3.2377460229E-01
           V = -7.1388488767E-02
           G =  7.3141664089E-02
           K = -1.7531753219E-03
           L = -7.4894839411E-02
           Vnuc =  2.7710614691E+01
           Ven = -1.4193894909E+00
           Vrep =  1.3480010021E+00
           DelSqV = -9.2556075158E-01
           DelSqVen = -8.3015281490E+00
           DelSqVrep =  7.3759673974E+00
           DelSqG =  8.6058135546E-01
           DelSqK =  6.4979396118E-02
           Stress_EigVals = -3.9522025128E-02 -3.4759621648E-02  2.8931580095E-03
           Stress_EigVec1 =  2.4068012530E-03  6.0808234641E-01  7.9387030886E-01
           Stress_EigVec2 =  1.5900093391E-02  7.9374898017E-01 -6.0803761685E-01
           Stress_EigVec3 =  9.9987068881E-01 -1.4086037749E-02  7.7581700572E-03
           -DivStress =  2.4861977054E-02 -4.3169337197E-04  1.4002980277E-04
           ESP =   6.6650875800E-01
           ESPe = -2.7044105933E+01
           ESPn =  2.7710614691E+01
           BPL =  4.0549864191E+00 =  1.9736855529E+00 +  2.0813008663E+00                
           GBL_I =  4.0545891398E+00                                                      
           GBL_II =  4.0545817688E+00                                                     
           GBL_III =  4.0547121120E+00 =  1.9734173239E+00 +  2.0812947880E+00            
           GBL_IV =  4.0547047422E+00 =  1.9734173239E+00 +  2.0812874183E+00             

CP# 3      Coords = -8.33617396742537E-02 -1.96903751158533E+00  7.38567560858087E-02
           Type = (3,-1) BCP Fe1 O12
           Rho =  5.1426019594E-02
           GradRho = -5.9089018400E-18 -1.0839311219E-16  8.3483567281E-18
           HessRho_EigVals = -6.8789934588E-02 -5.2418508734E-02  4.2189236365E-01
           HessRho_EigVec1 =  5.8161155966E-01  4.6012307957E-03  8.1345363872E-01
           HessRho_EigVec2 =  8.1275339693E-01 -4.5153272229E-02 -5.8085548787E-01
           HessRho_EigVec3 =  3.4057443436E-02  9.9896947435E-01 -3.0001331044E-02
           DelSqRho =  3.0068392033E-01
           Bond Ellipticity =  3.1232147289E-01
           V = -7.1703138371E-02
           G =  7.3437059227E-02
           K = -1.7339208560E-03
           L = -7.5170980083E-02
           Vnuc =  2.7722195540E+01
           Ven = -1.4256421710E+00
           Vrep =  1.3539390327E+00
           DelSqV = -9.3109252117E-01
           DelSqVen = -8.3356184352E+00
           DelSqVrep =  7.4045259140E+00
           DelSqG =  8.6446535688E-01
           DelSqK =  6.6627164291E-02
           Stress_EigVals = -3.9629660727E-02 -3.4950744176E-02  2.8772665327E-03
           Stress_EigVec1 =  7.9895988965E-01 -4.6219019607E-02 -5.9960561785E-01
           Stress_EigVec2 =  6.0041138723E-01  4.6128266052E-03  7.9967799014E-01
           Stress_EigVec3 =  3.4194455959E-02  9.9892067956E-01 -3.1435889114E-02
           -DivStress =  7.9549965336E-04  2.5073300344E-02 -6.9699160916E-04
           ESP =   6.6785377505E-01
           ESPe = -2.7054341765E+01
           ESPn =  2.7722195540E+01
           BPL =  4.0521777950E+00 =  1.9724070372E+00 +  2.0797707578E+00                
           GBL_I =  4.0517857721E+00                                                      
           GBL_II =  4.0517784101E+00                                                     
           GBL_III =  4.0519041590E+00 =  1.9721429041E+00 +  2.0797612548E+00            
           GBL_IV =  4.0518967988E+00 =  1.9721429041E+00 +  2.0797538947E+00             

CP# 4      Coords =  1.97310482902678E+00 -1.46878907144092E-02  3.07393173909216E-02
           Type = (3,-1) BCP O13 Fe1
           Rho =  5.1221297003E-02
           GradRho =  1.0988389018E-16 -2.2768245622E-18  2.4936649967E-18
           HessRho_EigVals = -6.8475761058E-02 -5.1727132931E-02  4.1977708083E-01
           HessRho_EigVec1 =  1.6684110118E-02  8.0706993409E-01 -5.9022009619E-01
           HessRho_EigVec2 =  2.9179724854E-03  5.9026044410E-01  8.0720759013E-01
           HessRho_EigVec3 =  9.9985655266E-01 -1.5189786323E-02  7.4929623864E-03
           DelSqRho =  2.9957418684E-01
           Bond Ellipticity =  3.2378806203E-01
           V = -7.1387160470E-02
           G =  7.3140353590E-02
           K = -1.7531931198E-03
           L = -7.4893546710E-02
           Vnuc =  2.7710638018E+01
           Ven = -1.4193748201E+00
           Vrep =  1.3479876596E+00
           DelSqV = -9.2554081119E-01
           DelSqVen = -8.3013918511E+00
           DelSqVrep =  7.3758510399E+00
           DelSqG =  8.6056780774E-01
           DelSqK =  6.4973003449E-02
           Stress_EigVals = -3.9521457969E-02 -3.4758917841E-02  2.8932153398E-03
           Stress_EigVec1 =  2.4014659154E-03  6.0807535412E-01  7.9387568087E-01
           Stress_EigVec2 =  1.5908051179E-02  7.9375428108E-01 -6.0803048868E-01
           Stress_EigVec3 =  9.9987057506E-01 -1.4089179455E-02  7.7671200027E-03
           -DivStress = -2.4861463058E-02  4.3178132796E-04 -1.4027217404E-04
           ESP =   6.6650491999E-01
           ESPe = -2.7044133098E+01
           ESPn =  2.7710638018E+01
           BPL =  4.0549954216E+00 =  2.0813060162E+00 +  1.9736894054E+00                
           GBL_I =  4.0545980715E+00                                                      
           GBL_II =  4.0545907004E+00                                                     
           GBL_III =  4.0547210521E+00 =  2.0812999362E+00 +  1.9734211159E+00            
           GBL_IV =  4.0547136824E+00 =  2.0812925665E+00 +  1.9734211159E+00             

CP# 5      Coords =  8.33862548581359E-02  1.96895299282412E+00 -7.38808536165891E-02
           Type = (3,-1) BCP O3 Fe1
           Rho =  5.1425888999E-02
           GradRho =  2.1141942363E-18  6.5865281978E-17 -2.0057740191E-18
           HessRho_EigVals = -6.8789842629E-02 -5.2418964562E-02  4.2189062151E-01
           HessRho_EigVec1 =  5.8158194416E-01  4.5743887485E-03  8.1347496408E-01
           HessRho_EigVec2 =  8.1277325340E-01 -4.5171926145E-02 -5.8082625254E-01
           HessRho_EigVec3 =  3.4089305924E-02  9.9896875429E-01 -2.9989117454E-02
           DelSqRho =  3.0068181432E-01
           Bond Ellipticity =  3.1230830680E-01
           V = -7.1702646757E-02
           G =  7.3436550168E-02
           K = -1.7339034113E-03
           L = -7.5170453580E-02
           Vnuc =  2.7722199554E+01
           Ven = -1.4256387570E+00
           Vrep =  1.3539361103E+00
           DelSqV = -9.3108523148E-01
           DelSqVen = -8.3355612587E+00
           DelSqVrep =  7.4044760272E+00
           DelSqG =  8.6446020163E-01
           DelSqK =  6.6625029845E-02
           Stress_EigVals = -3.9629464949E-02 -3.4950456108E-02  2.8772742996E-03
           Stress_EigVec1 =  7.9897254210E-01 -4.6241566127E-02 -5.9958701998E-01
           Stress_EigVec2 =  6.0039255420E-01  4.5857162534E-03  7.9969228586E-01
           Stress_EigVec3 =  3.4229487775E-02  9.9891976093E-01 -3.1426953370E-02
           -DivStress = -7.9645180497E-04 -2.5073110489E-02  6.9678543146E-04
           ESP =   6.6785349428E-01
           ESPe = -2.7054346059E+01
           ESPn =  2.7722199554E+01
           BPL =  4.0521805492E+00 =  2.0797719758E+00 +  1.9724085734E+00                
           GBL_I =  4.0517882432E+00                                                      
           GBL_II =  4.0517808811E+00                                                     
           GBL_III =  4.0519066640E+00 =  2.0797624954E+00 +  1.9721441687E+00            
           GBL_IV =  4.0518993039E+00 =  2.0797551352E+00 +  1.9721441687E+00             

CP# 6      Coords = -5.27163830967787E-02 -2.22038748397215E-02 -4.05264989396196E+00
           Type = (3,-3) NACP O2
           Rho =  2.9549488179E+02     Rho at Nucleus =  2.9549485946E+02
           GradRho =  7.7678992795E-14 -5.4883615014E-14 -4.2180814180E-11
           HessRho_EigVals = -8.2192130415E+05 -8.2190798660E+05 -8.2188574992E+05
           HessRho_EigVec1 =  9.8419116570E-01 -1.7644550310E-01 -1.5321024338E-02
           HessRho_EigVec2 =  1.6196967715E-02  3.5251292726E-03  9.9986260641E-01
           HessRho_EigVec3 =  1.7636725203E-01  9.8430409828E-01 -6.3272832052E-03
           DelSqRho = -2.4657150407E+06
           Bond Ellipticity = NA
           V = -6.1656818484E+05
           G =  6.9712334603E+01
           K =  6.1649847250E+05
           L =  6.1642876017E+05
           Vnuc =  1.0854837583E+06
           Ven = -3.2075489484E+08
           Vrep =  3.2013832666E+08
           DelSqV =  3.9217231494E+10
           DelSqVen =  2.6764936315E+12
           DelSqVrep = -2.6372764000E+12
           DelSqG =  1.7149559138E+09
           DelSqK = -4.0932187407E+10
           Stress_EigVals = -2.0552724191E+05 -2.0552179838E+05 -2.0551914455E+05
           Stress_EigVec1 =  1.7638554688E-01  9.8430335946E-01 -5.9190713710E-03
           Stress_EigVec2 =  1.6047092929E-02  3.1370459053E-03  9.9986631594E-01
           Stress_EigVec3 =  9.8419034219E-01 -1.7645695083E-01 -1.5241877922E-02
           -DivStress =  1.2869956244E+03 -2.5856594556E+02  9.4085034591E+04
           ESP =  -2.2017759746E+01     ESP at Nucleus =  -2.2017759940E+01
           ESPe = -3.7526732854E+01     ESPe at Nucleus = -3.7526749007E+01
           ESPn =  1.5508973108E+01     ESPn at Nucleus =  1.5508989067E+01

CP# 7      Coords =  1.44668640640043E-01  4.04692803303082E+00 -1.34512847069042E-01
           Type = (3,-3) NACP O3
           Rho =  2.9549480151E+02     Rho at Nucleus =  2.9549477921E+02
           GradRho = -7.0860225240E-12  3.4242077205E-10  1.4476948286E-12
           HessRho_EigVals = -8.2192113477E+05 -8.2190782857E+05 -8.2188558597E+05
           HessRho_EigVec1 = -1.4446686829E-01  4.6768693710E-02  9.8840377036E-01
           HessRho_EigVec2 =  5.2192089105E-02  9.9785211002E-01 -3.9587275174E-02
           HessRho_EigVec3 =  9.8813223295E-01 -4.5867807985E-02  1.4659752518E-01
           DelSqRho = -2.4657145493E+06
           Bond Ellipticity = NA
           V = -6.1656806297E+05
           G =  6.9712823441E+01
           K =  6.1649835015E+05
           L =  6.1642863733E+05
           Vnuc =  1.0860532059E+06
           Ven = -3.2092307650E+08
           Vrep =  3.2030650843E+08
           DelSqV =  3.9217223974E+10
           DelSqVen =  2.6778971965E+12
           DelSqVrep = -2.6386799726E+12
           DelSqG =  1.7149556959E+09
           DelSqK = -4.0932179669E+10
           Stress_EigVals = -2.0552720100E+05 -2.0552175686E+05 -2.0551910512E+05
           Stress_EigVec1 =  9.8808146446E-01 -4.6849295297E-02  1.4662933922E-01
           Stress_EigVec2 =  5.3122106987E-02  9.9781994433E-01 -3.9158657275E-02
           Stress_EigVec3 = -1.4447512360E-01  4.6481202872E-02  9.8841612514E-01
           -DivStress = -6.5230258826E+03 -9.3758087547E+04  3.3622260027E+03
           ESP =  -2.2017635594E+01     ESP at Nucleus =  -2.2017635788E+01
           ESPe = -3.7529341188E+01     ESPe at Nucleus = -3.7529357328E+01
           ESPn =  1.5511705594E+01     ESPn at Nucleus =  1.5511721540E+01

CP# 8      Coords = -4.05413432869458E+00  4.96847858713202E-02 -3.73736162788019E-02
           Type = (3,-3) NACP O4
           Rho =  2.9549519604E+02     Rho at Nucleus =  2.9549517370E+02
           GradRho =  6.5746425014E-11  1.9154936697E-12  5.4703247140E-13
           HessRho_EigVals = -8.2192222812E+05 -8.2190890772E+05 -8.2188665966E+05
           HessRho_EigVec1 =  8.3543585619E-03  9.9125702809E-01  1.3168032864E-01
           HessRho_EigVec2 =  9.9972105908E-01 -1.1188727123E-02  2.0799433256E-02
           HessRho_EigVec3 = -2.2090919660E-02 -1.3146983169E-01  9.9107400058E-01
           DelSqRho = -2.4657177955E+06
           Bond Ellipticity = NA
           V = -6.1656887178E+05
           G =  6.9711451530E+01
           K =  6.1649916033E+05
           L =  6.1642944887E+05
           Vnuc =  1.0849878259E+06
           Ven = -3.2060869030E+08
           Vrep =  3.1999212143E+08
           DelSqV =  3.9217275134E+10
           DelSqVen =  2.6752737925E+12
           DelSqVrep = -2.6360565174E+12
           DelSqG =  1.7149579178E+09
           DelSqK = -4.0932233052E+10
           Stress_EigVals = -2.0552747312E+05 -2.0552202640E+05 -2.0551937226E+05
           Stress_EigVec1 = -2.2914778012E-02 -1.3143241552E-01  9.9106025705E-01
           Stress_EigVec2 =  9.9970246638E-01 -1.1302169041E-02  2.1615727767E-02
           Stress_EigVec3 =  8.3601232414E-03  9.9126070291E-01  1.3165229666E-01
           -DivStress =  9.4069864827E+04 -1.3775880097E+03  3.2856117857E+03
           ESP =  -2.2017934415E+01     ESP at Nucleus =  -2.2017934609E+01
           ESPe = -3.7523059098E+01     ESPe at Nucleus = -3.7523075243E+01
           ESPn =  1.5505124683E+01     ESPn at Nucleus =  1.5505140633E+01

CP# 9      Coords =  3.23464028121152E-04  5.16155059680554E+00  1.23145535849480E+00
           Type = (3,-3) NACP H5
           Rho =  4.0610475308E-01     Rho at Nucleus =  3.9640585423E-01
           GradRho =  1.2034644115E-17  3.4634838400E-16  2.0654729012E-16
           HessRho_EigVals = -7.9980659921E+00 -7.9747787869E+00 -6.2405514850E+00
           HessRho_EigVec1 =  1.2878218441E-01  7.8180960479E-01 -6.1007285699E-01
           HessRho_EigVec2 =  9.8821712400E-01 -4.9860481254E-02  1.4470953058E-01
           HessRho_EigVec3 = -8.2716774665E-02  6.2152045362E-01  7.7901878086E-01
           DelSqRho = -2.2213396264E+01
           Bond Ellipticity = NA
           V = -5.6133766884E+00
           G =  3.0013811194E-02
           K =  5.5833628772E+00
           L =  5.5533490660E+00
           Vnuc =  3.5754511396E+01
           Ven = -1.4520077022E+01
           Vrep =  8.9067003333E+00
           DelSqV =  1.3485212658E+03
           DelSqVen =  7.9422912986E+02
           DelSqVrep =  5.5429213590E+02
           DelSqG =  1.0355755195E+02
           DelSqK = -1.4520788177E+03
           Stress_EigVals = -2.0249458901E+00 -2.0194933450E+00 -1.5689374532E+00
           Stress_EigVec1 =  9.8863668410E-01 -4.7213230676E-02  1.4271796560E-01
           Stress_EigVec2 =  1.2514644499E-01  7.8447812405E-01 -6.0739809038E-01
           Stress_EigVec3 = -8.3281895768E-02  6.1835668003E-01  7.8147241928E-01
           -DivStress = -2.0250226755E+00  1.5103176488E+01  1.9067928203E+01
           ESP =  -6.6000998959E-01     ESP at Nucleus =  -6.6367062138E-01
           ESPe = -1.7413135751E+01     ESPe at Nucleus = -1.7214112744E+01
           ESPn =  1.6753125761E+01     ESPn at Nucleus =  1.6550442123E+01

CP# 10     Coords = -5.09248956977192E+00  1.47296907586456E+00  1.22609130516971E-01
           Type = (3,-3) NACP H6
           Rho =  4.0611797057E-01     Rho at Nucleus =  3.9642313804E-01
           GradRho = -2.2809987406E-15 -6.3744311479E-16  1.5287250632E-17
           HessRho_EigVals = -7.9983592762E+00 -7.9750697363E+00 -6.2414978954E+00
           HessRho_EigVec1 =  8.1571912973E-01  5.7046262513E-01  9.5784626731E-02
           HessRho_EigVec2 = -2.5707802469E-02 -1.2967304540E-01  9.9122349154E-01
           HessRho_EigVec3 = -5.7787663933E-01  8.1102237615E-01  9.1111443259E-02
           DelSqRho = -2.2214926908E+01
           Bond Ellipticity = NA
           V = -5.6137493747E+00
           G =  3.0008823840E-02
           K =  5.5837405508E+00
           L =  5.5537317270E+00
           Vnuc =  3.5768445938E+01
           Ven = -1.4526208675E+01
           Vrep =  8.9124593001E+00
           DelSqV =  1.3486768875E+03
           DelSqVen =  7.9459341211E+02
           DelSqVrep =  5.5408347543E+02
           DelSqG =  1.0356737314E+02
           DelSqK = -1.4522442607E+03
           Stress_EigVals = -2.0250136919E+00 -2.0195622394E+00 -1.5691734433E+00
           Stress_EigVec1 = -2.2848980142E-02 -1.2772009450E-01  9.9154702439E-01
           Stress_EigVec2 =  8.1814125022E-01  5.6761516435E-01  9.1966949995E-02
           Stress_EigVec3 = -5.7456315475E-01  8.1332687319E-01  9.1523650172E-02
           -DivStress = -1.4031271114E+01  1.9843004126E+01  2.2258546120E+00
           ESP =  -6.6031058324E-01     ESP at Nucleus =  -6.6396526067E-01
           ESPe = -1.7422579993E+01     ESPe at Nucleus = -1.7223871513E+01
           ESPn =  1.6762269410E+01     ESPn at Nucleus =  1.6559906253E+01

CP# 11     Coords =  1.33144521613191E+00 -2.74417090046783E-01 -5.12485328251016E+00
           Type = (3,-3) NACP H7
           Rho =  4.0616294994E-01     Rho at Nucleus =  3.9646498281E-01
           GradRho =  2.9507917377E-16  1.4224732503E-16  2.5546513689E-16
           HessRho_EigVals = -7.9992898914E+00 -7.9759983198E+00 -6.2418709764E+00
           HessRho_EigVec1 =  5.8850608238E-01 -1.0179005997E-01  8.0205945833E-01
           HessRho_EigVec2 =  1.7565594931E-01  9.8444369376E-01 -3.9498467638E-03
           HessRho_EigVec3 =  7.8918032063E-01 -1.4321102440E-01 -5.9723113115E-01
           DelSqRho = -2.2217159188E+01
           Bond Ellipticity = NA
           V = -5.6143170257E+00
           G =  3.0013614417E-02
           K =  5.5843034113E+00
           L =  5.5542897969E+00
           Vnuc =  3.5767553072E+01
           Ven = -1.4527454868E+01
           Vrep =  8.9131378422E+00
           DelSqV =  1.3487818116E+03
           DelSqVen =  7.9465342035E+02
           DelSqVrep =  5.5412839123E+02
           DelSqG =  1.0357725942E+02
           DelSqK = -1.4523590710E+03
           Stress_EigVals = -2.0252491349E+00 -2.0197987931E+00 -1.5692690977E+00
           Stress_EigVec1 =  1.7362029037E-01  9.8478978904E-01 -6.7131342274E-03
           Stress_EigVec2 =  5.8590430314E-01 -9.7812200568E-02  8.0445566750E-01
           Stress_EigVec3 =  7.9156310066E-01 -1.4360308081E-01 -5.9397475775E-01
           -DivStress =  1.9315884705E+01 -3.4981517670E+00 -1.4508298749E+01
           ESP =  -6.6019118323E-01     ESP at Nucleus =  -6.6385038336E-01
           ESPe = -1.7423779971E+01     ESPe at Nucleus = -1.7224985737E+01
           ESPn =  1.6763588788E+01     ESPn at Nucleus =  1.6561135354E+01

CP# 12     Coords = -1.47159668696933E+00  2.26747441913560E-01 -5.07964022756155E+00
           Type = (3,-3) NACP H8
           Rho =  4.0588475641E-01     Rho at Nucleus =  3.9618456261E-01
           GradRho =  3.0890275147E-16  9.7252934872E-17  1.5226399785E-15
           HessRho_EigVals = -7.9907413540E+00 -7.9674975602E+00 -6.2332941764E+00
           HessRho_EigVec1 = -5.6108438992E-01  1.0637420996E-01  8.2089514242E-01
           HessRho_EigVec2 =  1.7668021979E-01  9.8424495423E-01 -6.7801181871E-03
           HessRho_EigVec3 =  8.0868313159E-01 -1.4123171571E-01  5.7103869847E-01
           DelSqRho = -2.2191533091E+01
           Bond Ellipticity = NA
           V = -5.6078202974E+00
           G =  2.9968512356E-02
           K =  5.5778517850E+00
           L =  5.5478832727E+00
           Vnuc =  3.5797263134E+01
           Ven = -1.4529563427E+01
           Vrep =  8.9217431298E+00
           DelSqV =  1.3469746596E+03
           DelSqVen =  7.9439614939E+02
           DelSqVrep =  5.5257851025E+02
           DelSqG =  1.0341341596E+02
           DelSqK = -1.4503880756E+03
           Stress_EigVals = -2.0230908022E+00 -2.0176204205E+00 -1.5671090746E+00
           Stress_EigVec1 =  1.7545415143E-01  9.8447353673E-01 -5.2627200442E-03
           Stress_EigVec2 = -5.5813332860E-01  1.0387197150E-01  8.2322402847E-01
           Stress_EigVec3 =  8.1098891993E-01 -1.4150077389E-01  5.6769226059E-01
           -DivStress = -1.9782323898E+01  3.4484272131E+00 -1.3858508660E+01
           ESP =  -6.6047919830E-01     ESP at Nucleus =  -6.6413943342E-01
           ESPe = -1.7467318843E+01     ESPe at Nucleus = -1.7269110197E+01
           ESPn =  1.6806839645E+01     ESPn at Nucleus =  1.6604970763E+01

CP# 13     Coords =  4.10756993727887E-01  5.02652743114625E+00 -1.58362798958438E+00
           Type = (3,-3) NACP H9
           Rho =  4.0581067941E-01     Rho at Nucleus =  3.9611185670E-01
           GradRho = -1.5785983631E-16 -7.0854644851E-16  5.7045297305E-16
           HessRho_EigVals = -7.9891588819E+00 -7.9659220007E+00 -6.2320277612E+00
           HessRho_EigVec1 = -4.2020781150E-02  8.3777248579E-01  5.4440014328E-01
           HessRho_EigVec2 =  9.8779550765E-01 -4.6958364729E-02  1.4850908067E-01
           HessRho_EigVec3 = -1.4998096216E-01 -5.4399648348E-01  8.2557467073E-01
           DelSqRho = -2.2187108644E+01
           Bond Ellipticity = NA
           V = -5.6066787636E+00
           G =  2.9950801335E-02
           K =  5.5767279623E+00
           L =  5.5467771610E+00
           Vnuc =  3.5812191395E+01
           Ven = -1.4532969722E+01
           Vrep =  8.9262909579E+00
           DelSqV =  1.3466945937E+03
           DelSqVen =  7.9456898127E+02
           DelSqVrep =  5.5212561248E+02
           DelSqG =  1.0339099238E+02
           DelSqK = -1.4500855861E+03
           Stress_EigVals = -2.0226817350E+00 -2.0172094578E+00 -1.5667875708E+00
           Stress_EigVec1 =  9.8790921020E-01 -4.8493613548E-02  1.4725407245E-01
           Stress_EigVec2 = -3.9460118867E-02  8.3988749215E-01  5.4132420928E-01
           Stress_EigVec3 = -1.4992762063E-01 -5.4058983525E-01  8.2781902527E-01
           -DivStress =  3.6546291055E+00  1.3194843302E+01 -2.0189736227E+01
           ESP =  -6.6037088444E-01     ESP at Nucleus =  -6.6402689549E-01
           ESPe = -1.7482673591E+01     ESPe at Nucleus = -1.7284661159E+01
           ESPn =  1.6822302707E+01     ESPn at Nucleus =  1.6620634264E+01

CP# 14     Coords = -5.11465888512690E+00 -1.35005838752301E+00 -2.50979222590022E-01
           Type = (3,-3) NACP H10
           Rho =  4.0593641144E-01     Rho at Nucleus =  3.9623607827E-01
           GradRho = -2.1468016167E-15 -1.8795999913E-16 -5.1282762759E-17
           HessRho_EigVals = -7.9916775196E+00 -7.9684277889E+00 -6.2341466242E+00
           HessRho_EigVec1 =  8.0689689635E-01 -5.8762767026E-01 -6.0092593640E-02
           HessRho_EigVec2 = -2.2869784265E-02 -1.3273468066E-01  9.9088772195E-01
           HessRho_EigVec3 =  5.9024941477E-01  7.9816992282E-01  1.2054211991E-01
           DelSqRho = -2.2194251933E+01
           Bond Ellipticity = NA
           V = -5.6085273972E+00
           G =  2.9982207042E-02
           K =  5.5785451902E+00
           L =  5.5485629831E+00
           Vnuc =  3.5794286369E+01
           Ven = -1.4530204159E+01
           Vrep =  8.9216767618E+00
           DelSqV =  1.3471537931E+03
           DelSqVen =  7.9442740943E+02
           DelSqVrep =  5.5272638362E+02
           DelSqG =  1.0342567217E+02
           DelSqK = -1.4505794652E+03
           Stress_EigVals = -2.0233378369E+00 -2.0178626122E+00 -1.5673269481E+00
           Stress_EigVec1 = -2.4508350302E-02 -1.3129662004E-01  9.9104012953E-01
           Stress_EigVec2 =  8.0924236859E-01 -5.8465957831E-01 -5.7445333806E-02
           Stress_EigVec3 =  5.8696348238E-01  8.0058377142E-01  1.2057982954E-01
           -DivStress = -1.4330246543E+01 -1.9528984130E+01 -2.9383404146E+00
           ESP =  -6.6062441434E-01     ESP at Nucleus =  -6.6428692058E-01
           ESPe = -1.7463449780E+01     ESPe at Nucleus = -1.7265239030E+01
           ESPn =  1.6802825365E+01     ESPn at Nucleus =  1.6600952110E+01

CP# 15     Coords =  5.26848870901822E-02  2.21698109481018E-02  4.05262399831935E+00
           Type = (3,-3) NACP O11
           Rho =  2.9549488417E+02     Rho at Nucleus =  2.9549486185E+02
           GradRho =  1.6872507623E-12  1.2735828017E-12 -1.3178332038E-10
           HessRho_EigVals = -8.2192131098E+05 -8.2190799339E+05 -8.2188575672E+05
           HessRho_EigVec1 =  9.8419759844E-01 -1.7640940843E-01 -1.5323440758E-02
           HessRho_EigVec2 =  1.6197984339E-02  3.5184164310E-03  9.9986261359E-01
           HessRho_EigVec3 =  1.7633125793E-01  9.8431059192E-01 -6.3202938369E-03
           DelSqRho = -2.4657150611E+06
           Bond Ellipticity = NA
           V = -6.1656818993E+05
           G =  6.9712327992E+01
           K =  6.1649847760E+05
           L =  6.1642876527E+05
           Vnuc =  1.0854792734E+06
           Ven = -3.2075357215E+08
           Vrep =  3.2013700396E+08
           DelSqV =  3.9217231817E+10
           DelSqVen =  2.6764825989E+12
           DelSqVrep = -2.6372653650E+12
           DelSqG =  1.7149559283E+09
           DelSqK = -4.0932187745E+10
           Stress_EigVals = -2.0552724361E+05 -2.0552180008E+05 -2.0551914624E+05
           Stress_EigVec1 =  1.7634954582E-01  9.8430985768E-01 -5.9111565337E-03
           Stress_EigVec2 =  1.6048451837E-02  3.1293287410E-03  9.9986631831E-01
