AIMSum (Version 16.05.18, Professional)
Copyright (c) 1997-2016 by Todd A. Keith
AIMSum is a component of the AIMAll package ( http://aim.tkgristmill.com )

TP:  64-bit Linux

Licensed To:  Research Group of Fernando Cortes Guzman, UNAM, fercor@unam.mx

Much of the Quantum Theory of Atoms in Molecules (QTAIM) is described in the book:
  "Atoms in Molecules - A Quantum Theory"
  R.F.W. Bader, Oxford University Press, Oxford, 1990

For additional references see:  http://aim.tkgristmill.com/references.html

Wfx File:  /home/davit_gabo/David/max_int2/Fe25_beta.wfx
Sum File:  /home/davit_gabo/David/max_int2/Fe25_beta.sum

SumViz File:  /home/davit_gabo/David/max_int2/Fe25_beta.sumviz

Wfx Title:   Fe[H2O]6 (2+)                                                                 
 
Total memory allocated for AIMSum =        1.183 Megabytes

Atomic units (a.u.) used throughout, except where stated otherwise

Model:  Unknown
 
Unrestricted, natural orbital wavefunction.
  Number of electrons (from MO Occs)                   =          40.0000000000
  Number of Alpha electrons (from MO Occs)             =           0.0000000000
  Number of Beta electrons (from MO Occs)              =          40.0000000000
  Number of electron pairs (N*(N-1)/2)                 =         780.0000000000
  Number of electron pairs (from Muller 2EDM)          =         780.0000000000
  Number of electron pairs (from Muller 2EDM, no SOSI) =         780.0000000000
 
Nuclear Charges and Cartesian Coordinates:
-------------------------------------------------------------------------------
Atom      Charge                X                  Y                  Z
-------------------------------------------------------------------------------
Fe1       26.0          -2.2228517678E-05  -4.1649904590E-05  -1.7846457076E-05
O2         8.0          -5.2716282294E-02  -2.2203895103E-02  -4.0526425246E+00
O3         8.0           1.4466812968E-01   4.0469206893E+00  -1.3451258372E-01
O4         8.0          -4.0541269605E+00   4.9684677962E-02  -3.7373358904E-02
H5         1.0          -4.0378604486E-03   5.1941244015E+00   1.2725601661E+00
H6         1.0          -5.1227503921E+00   1.5157426223E+00   1.2740385075E-01
H7         1.0           1.3730779728E+00  -2.8195470145E-01  -5.1561394698E+00
H8         1.0          -1.5142853657E+00   2.3419002691E-01  -5.1095594896E+00
H9         1.0           4.1864794274E-01   5.0550199365E+00  -1.6272048625E+00
H10        1.0          -5.1455924241E+00  -1.3921947142E+00  -2.5732120894E-01
O11        8.0           5.2684786318E-02   2.2169831388E-02   4.0526166289E+00
O12        8.0          -1.4456690587E-01  -4.0470054477E+00   1.3451519906E-01
O13        8.0           4.0540909454E+00  -4.9780831505E-02   3.7373800453E-02
H14        1.0           4.1547054181E-03  -5.1942077262E+00  -1.2725571698E+00
H15        1.0           5.1227234020E+00  -1.5158462971E+00  -1.2727781813E-01
H16        1.0          -1.3731185119E+00   2.8185393843E-01   5.1561171225E+00
H17        1.0           1.5142628718E+00  -2.3418592964E-01   5.1095301458E+00
H18        1.0          -4.1863063350E-01  -5.0551054386E+00   1.6271919190E+00
H19        1.0           5.1455424590E+00   1.3921251068E+00   2.5721435182E-01
 
Some Atomic Properties:
----------------------
  q(A) = Net Charge of Atom A
  L(A) = Lagrangian of Atom A = -(1/4) Times Atomic Integral of the Laplacian of the Electron Density
  K(A) = Electronic Kinetic Energy of Atom A (Hamiltonian Form)
  K_Scaled(A) = K(A) * E(Mol)/K(Mol) = Approximation to Virial-Based Total Energy of Atom A.
  |Mu_Intra(A)| = Magnitude of Intraatomic Dipole Moment of Atom A
--------------------------------------------------------------------------------------------------
Atom A          q(A)              L(A)              K(A)          K_Scaled(A)      |Mu_Intra(A)|
--------------------------------------------------------------------------------------------------
Fe1       1.5798002691E+01 -5.6031392381E-04  6.1584894552E+02 -6.1681487998E+02  2.9627723966E-05
O2        3.3800716817E+00  1.7830586586E-05  3.7713463929E+01 -3.7772615990E+01  9.0281036450E-02
O3        3.3800115212E+00  6.8794559493E-05  3.7713366992E+01 -3.7772518901E+01  9.0136614242E-02
O4        3.3800404733E+00  2.0099877281E-05  3.7713802069E+01 -3.7772954660E+01  9.0493312483E-02
H5        8.2678507527E-01  1.0525378642E-05  1.6224586633E-01 -1.6250034249E-01  6.4628609285E-02
H6        8.2663851598E-01  9.4660654069E-06  1.6233016976E-01 -1.6258477815E-01  6.4686541456E-02
H7        8.2665510550E-01  9.9294304155E-06  1.6233595471E-01 -1.6259057216E-01  6.4677101811E-02
H8        8.2691060418E-01  1.0491150306E-05  1.6208403766E-01 -1.6233826000E-01  6.4652694647E-02
H9        8.2690898315E-01  8.4254177871E-06  1.6206709613E-01 -1.6232129190E-01  6.4655504810E-02
H10       8.2686918626E-01  1.0991328183E-05  1.6211764627E-01 -1.6237192132E-01  6.4672166168E-02
O11       3.3800767074E+00  2.6639614915E-05  3.7713465844E+01 -3.7772617908E+01  9.0297868885E-02
O12       3.3800160000E+00  7.3633188534E-05  3.7713366176E+01 -3.7772518084E+01  9.0140911505E-02
O13       3.3800418196E+00  2.0474560363E-05  3.7713803267E+01 -3.7772955861E+01  9.0496562330E-02
H14       8.2678354461E-01  9.5193682609E-06  1.6224593108E-01 -1.6250040734E-01  6.4628881591E-02
H15       8.2663885064E-01  9.7107846855E-06  1.6232990969E-01 -1.6258451766E-01  6.4686712616E-02
H16       8.2665541598E-01  1.0293386456E-05  1.6233589453E-01 -1.6259051190E-01  6.4677709263E-02
H17       8.2691051211E-01  1.0527797011E-05  1.6208412262E-01 -1.6233834509E-01  6.4653273471E-02
H18       8.2691187274E-01  1.1505646422E-05  1.6206749521E-01 -1.6232169160E-01  6.4654147668E-02
H19       8.2686746416E-01  9.5624453237E-06  1.6211760003E-01 -1.6237187501E-01  6.4672754059E-02
--------------------------------------------------------------------------------------------------
Total     4.5999796025E+01 -2.1189333774E-04  8.4407657552E+02 -8.4540047590E+02
 
Molecular charge q(Mol) from the wfx file:   4.6000000000E+01
Molecular energy E(Mol) from the wfx file:  -1.7218061536E+03
Molecular virial ratio (-V(Mol)/T(Mol)) from the wfx file:   2.0015684600E+00
Full molecular virial ratio ((-V(Mol)+W(Mol))/T(Mol)) from the wfx file:   2.0015684586E+00
Note.  K_Scaled(A) = (1+V(Mol)/T(Mol))*K(A) = (E(Mol)/T(Mol))*K(A)
       Only use K_Scaled(A) data with caution.
 
N_AIMInt(SumA)     =         40.000204
N_Analytic(Mol)    =         40.000000
 
G_AIMInt(SumA)     =        844.076787
G_Analytic(Mol)    =        844.076594
 
K_AIMInt(SumA)     =        844.076576
K_Analytic(Mol)    =        844.076594
 
L_AIMInt(SumA)     =         -0.000212
L_Analytic(Mol)    =          0.000000
 
VenT_AIMInt(SumA)  =      -2593.171677
VenT_Analytic(Mol) =      -2593.167191
 
Some Information About the Atomic Calculations:
----------------------------------------------
  Time(sec) = "Elapsed User Time", in Seconds, for Atom A by AIMInt and, if used, by TWOe
  NProc = Number of Processors Used for AIMInt Job
  BIM = Basin Integration Method
  OAQ = Angular Quadrature Outside of Beta Sphere
  ORQ = Multiple of Default for Radial Quadrature Outside of Beta Sphere
  IAQ = Multiple of Default for Angular Quadrature Inside of Beta Sphere
  IRQ = Multiple of Default for Radial Quadrature Inside of Beta Sphere
  MIR = Maximum Integration Radius
------------------------------------------------------------------------------------------------------
Atom A     Time(sec)   NProc      BIM              OAQ                 ORQ      IAQ      IRQ      MIR
------------------------------------------------------------------------------------------------------
Fe1          2422        8     Proaim(5)    4334      (Very High)      Auto     Auto     Auto    13.00
O2           1254        8     Proaim(5)    4334      (Very High)      Auto     Auto     Auto    13.00
O3            929        8     Proaim(5)    4334      (Very High)      Auto     Auto     Auto    13.00
O4            921        8     Proaim(5)    4334      (Very High)      Auto     Auto     Auto    13.00
H5            157        8     Proaim(5)    2030      (Very High)      Auto     Auto     Auto    13.00
H6            151        8     Proaim(5)    2030      (Very High)      Auto     Auto     Auto    13.00
H7            208        8     Proaim(5)    2030      (Very High)      Auto     Auto     Auto    13.00
H8            155        8     Proaim(5)    2030      (Very High)      Auto     Auto     Auto    13.00
H9            146        8     Proaim(5)    2030      (Very High)      Auto     Auto     Auto    13.00
H10           156        8     Proaim(5)    2030      (Very High)      Auto     Auto     Auto    13.00
O11           749        8     Proaim(5)    4334      (Very High)      Auto     Auto     Auto    13.00
O12           740        8     Proaim(5)    4334      (Very High)      Auto     Auto     Auto    13.00
O13           712        8     Proaim(5)    4334      (Very High)      Auto     Auto     Auto    13.00
H14           158        8     Proaim(5)    2030      (Very High)      Auto     Auto     Auto    13.00
H15           143        8     Proaim(5)    2030      (Very High)      Auto     Auto     Auto    13.00
H16           132        8     Proaim(5)    2030      (Very High)      Auto     Auto     Auto    13.00
H17           141        8     Proaim(5)    2030      (Very High)      Auto     Auto     Auto    13.00
H18           141        8     Proaim(5)    2030      (Very High)      Auto     Auto     Auto    13.00
H19           147        8     Proaim(5)    2030      (Very High)      Auto     Auto     Auto    13.00
------------------------------------------------------------------------------------------------------
Total        9562
Note:  Total wall clock time is less than total of atomic times if more than one atom
       was calculated at a time
Note:  Total time does not include times for diatomic interaction energy calculations (3122 seconds)
 
Electron Density Critical Point Analysis of Molecular Structure:               
---------------------------------------------------------------                
  NACP = Nuclear Attractor Critical Point                                      
  NNACP = Non-Nuclear Attractor Critical Point                                 
  BCP = Bond Critical Point                                                    
  RCP = Ring Critical Point                                                    
  CCP = Cage Critical Point                                                    
  Rho = Electron Density                                                       
  GradRho = Gradient of Electron Density                                       
  HessRho_EigVals = Eigenvalues of the Hessian of Rho, Ascending Order         
  HessRho_EigVecs = Eigenvectors of the Hessian of Rho                         
  DelSqRho = Laplacian of Rho = Trace of Hessian of Rho                        
  Bond Ellipticity = (HessRho_EigVal(1) / HessRho_EigVal(2)) - 1               
  V = Virial Field = Potential Energy Density = Trace of Stress Tensor         
  G = Lagrangian Form of Kinetic Energy Density                                
  K = Hamiltonian Form of Kinetic Energy Density                               
  L = K - G = Lagrangian Density = (-1/4)DelSqRho                              
  Vnuc = Electrostatic Potential from Nuclei                                   
  Ven = Electron-nuclear attractive contribution to Virial Field V             
  Vrep = V - Ven = Repulsive contribution to Virial Field V                    
  DelSqV = Laplacian of V                                                      
  DelSqVen = Laplacian of Ven                                                  
  DelSqVrep = Laplacian of Vrep                                                
  DelSqG = Laplacian of G                                                      
  DelSqK = Laplacian of K                                                      
  Stress_EigVals = Eigenvalues of Stress Tensor, Ascending Order               
  Stress_EigVecs = Eigenvectors of Stress Tensor                               
  -DivStress = Ehrenfest Force Density = Minus Divergence of Stress Tensor     
  ESP = Total Electrostatic Potential                                          
  ESPe = Electrostatic Potential from Electrons                                
  ESPn = Electrostatic Potential from Nuclei                                   
  BP = Bond Path                                                               
  BPL = Bond Path Length                                                       
  GBL = Geometric Bond Length                                                  
  GBL_I = Distance Between Nuclear Attractors                                  
  GBL_II = Distance Between Nuclei                                             
  GBL_III = Sum of Distances Between BCP and Nuclear Attractors                
  GBL_IV = Sum of Distances Between BCP and Nuclei                             

CP# 1      Coords = -2.22285179733757E-05 -4.16499045788658E-05 -1.78464570840212E-05
           Type = (3,-3) NACP Fe1
           Rho =  5.8001842103E+03     Rho at Nucleus =  5.8001842103E+03
           GradRho = -5.3804032983E-14 -3.6479680394E-14 -3.9032255205E-13
           HessRho_EigVals = -2.9015467215E+08 -2.9015463344E+08 -2.9015463271E+08
           HessRho_EigVec1 = -5.6154048291E-01  6.0134556054E-01  5.6837998106E-01
           HessRho_EigVec2 =  8.0498948511E-01  2.3806412455E-01  5.4343113775E-01
           HessRho_EigVec3 =  1.9147901954E-01  7.6269849182E-01 -6.1775949661E-01
           DelSqRho = -8.7046393829E+08
           Bond Ellipticity = NA
           V = -2.1779646174E+08
           G =  9.0238584211E+04
           K =  2.1770622316E+08
           L =  2.1761598457E+08
           Vnuc =  2.6000000141E+09
           Ven = -1.5080479028E+13
           Vrep =  1.5080261232E+13
           DelSqV =  4.0373789157E+14
           DelSqVen =  4.5241436801E+29
           DelSqVrep = -4.5241436801E+29
           DelSqG =  1.0902058693E+13
           DelSqK = -4.1463995027E+14
           Stress_EigVals = -7.2598824600E+07 -7.2598824421E+07 -7.2598812720E+07
           Stress_EigVec1 =  1.2955710955E-01  7.4331159960E-01 -6.5627952983E-01
           Stress_EigVec2 =  8.1628377057E-01  2.9579848688E-01  4.9616938747E-01
           Stress_EigVec3 = -5.6293495297E-01  5.9999260084E-01  5.6843039826E-01
           -DivStress =  3.9245647860E+01 -1.5174638048E+00  1.0363105777E+00
           ESP =  -4.8130472121E+01     ESP at Nucleus =  -4.8130472121E+01
           ESPe = -6.2220852156E+01     ESPe at Nucleus = -6.2220852156E+01
           ESPn =  1.4090380035E+01     ESPn at Nucleus =  1.4090380035E+01

CP# 2      Coords = -5.27163707776639E-02 -2.22038693781877E-02 -4.05264927505174E+00
           Type = (3,-3) NACP O2
           Rho =  1.4770198799E+02     Rho at Nucleus =  1.4770197863E+02
           GradRho =  7.2026773109E-13  4.9600644772E-13 -1.0755828513E-10
           HessRho_EigVals = -4.1083017542E+05 -4.1082420333E+05 -4.1081270310E+05
           HessRho_EigVec1 =  9.8455023687E-01 -1.7445965694E-01 -1.4988635158E-02
           HessRho_EigVec2 =  1.5896068977E-02  3.8051528775E-03  9.9986640898E-01
           HessRho_EigVec3 =  1.7437931665E-01  9.8465697017E-01 -6.5195869073E-03
           DelSqRho = -1.2324670818E+06
           Bond Ellipticity = NA
           V = -3.0818592410E+05
           G =  3.4576820174E+01
           K =  3.0815134728E+05
           L =  3.0811677046E+05
           Vnuc =  1.1850088759E+06
           Ven = -1.7502816677E+08
           Vrep =  1.7471998084E+08
           DelSqV =  1.9602410533E+10
           DelSqVen =  1.4604844268E+12
           DelSqVrep = -1.4408820162E+12
           DelSqG =  8.5719715504E+08
           DelSqK = -2.0459607688E+10
           Stress_EigVals = -1.0273089059E+05 -1.0272811227E+05 -1.0272692124E+05
           Stress_EigVec1 =  1.7417664906E-01  9.8469525670E-01 -6.1438053799E-03
           Stress_EigVec2 =  1.5785343773E-02  3.4463100019E-03  9.9986946441E-01
           Stress_EigVec3 =  9.8458789239E-01 -1.7425089489E-01 -1.4943486410E-02
           -DivStress =  5.6466890110E+02 -1.6410754424E+02  4.3078123267E+04
           ESP =  -2.7507776769E+00     ESP at Nucleus =  -2.7507696555E+00
           ESPe = -1.8259752125E+01     ESPe at Nucleus = -1.8259758722E+01
           ESPn =  1.5508974448E+01     ESPn at Nucleus =  1.5508989067E+01

CP# 3      Coords =  1.44668618246247E-01  4.04692741389558E+00 -1.34512820077090E-01
           Type = (3,-3) NACP O3
           Rho =  1.4770190730E+02     Rho at Nucleus =  1.4770189795E+02
           GradRho = -3.7518555970E-12  1.4123757091E-10 -5.6884993677E-12
           HessRho_EigVals = -4.1082997300E+05 -4.1082400808E+05 -4.1081250495E+05
           HessRho_EigVec1 = -1.4247620117E-01  4.6386755926E-02  9.8871067607E-01
           HessRho_EigVec2 =  5.1353342207E-02  9.9790233462E-01 -3.9417823497E-02
           HessRho_EigVec3 =  9.8846515687E-01 -4.5157495942E-02  1.4455944872E-01
           DelSqRho = -1.2324664860E+06
           Bond Ellipticity = NA
           V = -3.0818577358E+05
           G =  3.4576035917E+01
           K =  3.0815119754E+05
           L =  3.0811662151E+05
           Vnuc =  1.1858165090E+06
           Ven = -1.7514736008E+08
           Vrep =  1.7483917431E+08
           DelSqV =  1.9602401154E+10
           DelSqVen =  1.4614791096E+12
           DelSqVrep = -1.4418767090E+12
           DelSqG =  8.5719678891E+08
           DelSqK = -2.0459597943E+10
           Stress_EigVals = -1.0273084011E+05 -1.0272806156E+05 -1.0272687190E+05
           Stress_EigVec1 =  9.8844853173E-01 -4.6124987465E-02  1.4436753669E-01
           Stress_EigVec2 =  5.2253880380E-02  9.9787389115E-01 -3.8951628229E-02
           Stress_EigVec3 = -1.4226395222E-01  4.6045443725E-02  9.8875719214E-01
           -DivStress = -3.1175823162E+03 -4.2913247921E+04  1.5083221658E+03
           ESP =  -2.7490970355E+00     ESP at Nucleus =  -2.7490890225E+00
           ESPe = -1.8260803973E+01     ESPe at Nucleus = -1.8260810562E+01
           ESPn =  1.5511706937E+01     ESPn at Nucleus =  1.5511721540E+01

CP# 4      Coords = -4.05413371106932E+00  4.96847815467600E-02 -3.73736124264299E-02
           Type = (3,-3) NACP O4
           Rho =  1.4770228712E+02     Rho at Nucleus =  1.4770227774E+02
           GradRho =  1.3536157386E-10 -2.4103071969E-13 -1.3542916788E-12
           HessRho_EigVals = -4.1083103818E+05 -4.1082506309E+05 -4.1081355219E+05
           HessRho_EigVec1 =  8.6540925273E-03  9.9151813752E-01  1.2967995086E-01
           HessRho_EigVec2 =  9.9973299591E-01 -1.1357681356E-02  2.0123120022E-02
           HessRho_EigVec3 = -2.1425302045E-02 -1.2947117844E-01  9.9135168855E-01
           DelSqRho = -1.2324696535E+06
           Bond Ellipticity = NA
           V = -3.0818657047E+05
           G =  3.4578553916E+01
           K =  3.0815199192E+05
           L =  3.0811741336E+05
           Vnuc =  1.1841298314E+06
           Ven = -1.7489868435E+08
           Vrep =  1.7459049778E+08
           DelSqV =  1.9602451394E+10
           DelSqVen =  1.4594040817E+12
           DelSqVrep = -1.4398016303E+12
           DelSqG =  8.5719900566E+08
           DelSqK = -2.0459650400E+10
           Stress_EigVals = -1.0273110816E+05 -1.0272832690E+05 -1.0272713541E+05
           Stress_EigVec1 = -2.2225667201E-02 -1.2921174427E-01  9.9136791599E-01
           Stress_EigVec2 =  9.9971584747E-01 -1.1418760903E-02  2.0924536061E-02
           Stress_EigVec3 =  8.6164973968E-03  9.9155127807E-01  1.2942881801E-01
           -DivStress =  4.3078780257E+04 -6.6098979411E+02  1.6177136844E+03
           ESP =  -2.7530704758E+00     ESP at Nucleus =  -2.7530624573E+00
           ESPe = -1.8258196496E+01     ESPe at Nucleus = -1.8258203091E+01
           ESPn =  1.5505126020E+01     ESPn at Nucleus =  1.5505140633E+01

CP# 5      Coords =  2.83611653455482E-04  5.16136509702767E+00  1.23142764496454E+00
           Type = (3,-3) NACP H5
           Rho =  2.0266480200E-01     Rho at Nucleus =  1.9780342514E-01
           GradRho =  1.0955263975E-10 -8.3226267187E-10 -1.0424912801E-09
           HessRho_EigVals = -3.9905986610E+00 -3.9786169774E+00 -3.1101489476E+00
           HessRho_EigVec1 =  1.3102466268E-01  7.8052344722E-01 -6.1124110309E-01
           HessRho_EigVec2 =  9.8798624727E-01 -5.1838257886E-02  1.4558835881E-01
           HessRho_EigVec3 = -8.1949453760E-02  6.2297346922E-01  7.7793852178E-01
           DelSqRho = -1.1079364586E+01
           Bond Ellipticity = NA
           V = -2.7995387986E+00
           G =  1.4848826046E-02
           K =  2.7846899725E+00
           L =  2.7698411465E+00
           Vnuc =  3.5707162482E+01
           Ven = -7.2365850142E+00
           Vrep =  4.4370462156E+00
           DelSqV =  6.7223478280E+02
           DelSqVen =  3.9561267242E+02
           DelSqVrep =  2.7662211039E+02
           DelSqG =  5.1624066660E+01
           DelSqK = -7.2385884946E+02
           Stress_EigVals = -1.0102193864E+00 -1.0074679650E+00 -7.8185144718E-01
           Stress_EigVec1 =  9.8884691954E-01 -4.6552467857E-02  1.4147309796E-01
           Stress_EigVec2 =  1.2406444178E-01  7.8300763893E-01 -6.0951378300E-01
           Stress_EigVec3 = -8.2400145615E-02  6.2026760766E-01  7.8005019767E-01
           -DivStress = -1.0007122913E+00  7.5758771577E+00  9.5162622425E+00
           ESP =   8.4253886885E+00     ESP at Nucleus =   8.3188676221E+00
           ESPe = -8.3284085312E+00     ESPe at Nucleus = -8.2315745007E+00
           ESPn =  1.6753797220E+01     ESPn at Nucleus =  1.6550442123E+01

CP# 6      Coords = -5.09230793604877E+00  1.47293355876725E+00  1.22644467294617E-01
           Type = (3,-3) NACP H6
           Rho =  2.0267962628E-01     Rho at Nucleus =  1.9782055546E-01
           GradRho =  2.0354405010E-15 -1.8191557202E-15 -2.3071822230E-16
           HessRho_EigVals = -3.9909495183E+00 -3.9789636761E+00 -3.1108500495E+00
           HessRho_EigVec1 =  8.1457574241E-01  5.7167392293E-01  9.8261313499E-02
           HessRho_EigVec2 = -2.7916672842E-02 -1.3056618745E-01  9.9104648230E-01
           HessRho_EigVec3 = -5.7938503541E-01  8.1002555302E-01  9.0396815199E-02
           DelSqRho = -1.1080763244E+01
           Bond Ellipticity = NA
           V = -2.7998880268E+00
           G =  1.4848607926E-02
           K =  2.7850394189E+00
           L =  2.7701908110E+00
           Vnuc =  3.5722153200E+01
           Ven = -7.2401526605E+00
           Vrep =  4.4402646337E+00
           DelSqV =  6.7235949105E+02
           DelSqVen =  3.9582872218E+02
           DelSqVrep =  2.7653076888E+02
           DelSqG =  5.1632709466E+01
           DelSqK = -7.2399220052E+02
           Stress_EigVals = -1.0103057163E+00 -1.0075543679E+00 -7.8202794258E-01
           Stress_EigVec1 = -2.2244524877E-02 -1.2657818478E-01  9.9170718675E-01
           Stress_EigVec2 =  8.1676278770E-01  5.6974565485E-01  9.1040855740E-02
           Stress_EigVec3 = -5.7654464679E-01  8.1201468701E-01  9.0710629668E-02
           -DivStress = -7.0407946598E+00  9.9052370863E+00  1.1019974262E+00
           ESP =   8.4299783142E+00     ESP at Nucleus =   8.3236371237E+00
           ESPe = -8.3329492190E+00     ESPe at Nucleus = -8.2362691288E+00
           ESPn =  1.6762927533E+01     ESPn at Nucleus =  1.6559906253E+01

CP# 7      Coords =  1.33141454314993E+00 -2.74447352283949E-01 -5.12467098803858E+00
           Type = (3,-3) NACP H7
           Rho =  2.0271091614E-01     Rho at Nucleus =  1.9785030429E-01
           GradRho = -4.5410280126E-09  8.1894674462E-10  3.4381054681E-09
           HessRho_EigVals = -3.9916391397E+00 -3.9796543499E+00 -3.1112585974E+00
           HessRho_EigVec1 =  5.8950323859E-01 -1.0470957450E-01  8.0095058318E-01
           HessRho_EigVec2 =  1.7680951858E-01  9.8424400443E-01 -1.4607803997E-03
           HessRho_EigVec3 =  7.8817785165E-01 -1.4247682179E-01 -5.9872867764E-01
           DelSqRho = -1.1082552087E+01
           Bond Ellipticity = NA
           V = -2.8003376037E+00
           G =  1.4849790990E-02
           K =  2.7854878127E+00
           L =  2.7706380218E+00
           Vnuc =  3.5721911629E+01
           Ven = -7.2412214326E+00
           Vrep =  4.4408838289E+00
           DelSqV =  6.7245727032E+02
           DelSqVen =  3.9588995036E+02
           DelSqVrep =  2.7656731995E+02
           DelSqG =  5.1641535789E+01
           DelSqK = -7.2409880611E+02
           Stress_EigVals = -1.0104780253E+00 -1.0077282184E+00 -7.8213136011E-01
           Stress_EigVec1 =  1.7261169718E-01  9.8496462397E-01 -7.0633937264E-03
           Stress_EigVec2 =  5.8798836436E-01 -9.7284488988E-02  8.0299776561E-01
           Stress_EigVec3 =  7.9023723360E-01 -1.4276000048E-01 -5.9594017896E-01
           -DivStress =  9.6417761268E+00 -1.7378623117E+00 -7.2793151463E+00
           ESP =   8.4307481120E+00     ESP at Nucleus =   8.3243592022E+00
           ESPe = -8.3334922383E+00     ESPe at Nucleus = -8.2367761513E+00
           ESPn =  1.6764240350E+01     ESPn at Nucleus =  1.6561135354E+01

CP# 8      Coords = -1.47155591783805E+00  2.26785869430705E-01 -5.07945219338845E+00
           Type = (3,-3) NACP H8
           Rho =  2.0255147393E-01     Rho at Nucleus =  1.9768946512E-01
           GradRho =  1.2407474137E-15 -2.9956506026E-16  2.6016921907E-15
           HessRho_EigVals = -3.9868028133E+00 -3.9748235443E+00 -3.1063509055E+00
           HessRho_EigVec1 = -5.6240532675E-01  1.0792351449E-01  8.1978824306E-01
           HessRho_EigVec2 =  1.7687364043E-01  9.8419919155E-01 -8.2259757019E-03
           HessRho_EigVec3 =  8.0772270227E-01 -1.4037259838E-01  5.7260769281E-01
           DelSqRho = -1.1067977263E+01
           Bond Ellipticity = NA
           V = -2.7966540886E+00
           G =  1.4829886413E-02
           K =  2.7818242022E+00
           L =  2.7669943158E+00
           Vnuc =  3.5749511439E+01
           Ven = -7.2411162341E+00
           Vrep =  4.4444621455E+00
           DelSqV =  6.7143133090E+02
           DelSqVen =  3.9567477978E+02
           DelSqVrep =  2.7575655112E+02
           DelSqG =  5.1548958668E+01
           DelSqK = -7.2298028957E+02
           Stress_EigVals = -1.0092628866E+00 -1.0064977705E+00 -7.8089343160E-01
           Stress_EigVec1 =  1.7455656717E-01  9.8463312674E-01 -5.2545770859E-03
           Stress_EigVec2 = -5.6025449761E-01  1.0370799468E-01  8.2180262213E-01
           Stress_EigVec3 =  8.0971902705E-01 -1.4050714416E-01  5.6974804929E-01
           -DivStress = -9.8752155128E+00  1.7108794474E+00 -6.9554223102E+00
           ESP =   8.4537041961E+00     ESP at Nucleus =   8.3475939275E+00
           ESPe = -8.3538194993E+00     ESPe at Nucleus = -8.2573768360E+00
           ESPn =  1.6807523695E+01     ESPn at Nucleus =  1.6604970763E+01

CP# 9      Coords =  4.10787956992471E-01  5.02634081588659E+00 -1.58358473345516E+00
           Type = (3,-3) NACP H9
           Rho =  2.0252058959E-01     Rho at Nucleus =  1.9765947758E-01
           GradRho = -2.1996293675E-15 -8.3285022759E-15  1.2064988223E-14
           HessRho_EigVals = -3.9861659660E+00 -3.9741919966E+00 -3.1058957124E+00
           HessRho_EigVec1 = -4.4171701171E-02  8.3682502571E-01  5.4568556620E-01
           HessRho_EigVec2 =  9.8781729825E-01 -4.4999943706E-02  1.4896976316E-01
           HessRho_EigVec3 = -1.4921744565E-01 -5.4561788956E-01  8.2464251194E-01
           DelSqRho = -1.1066253675E+01
           Bond Ellipticity = NA
           V = -2.7962056089E+00
           G =  1.4821095060E-02
           K =  2.7813845138E+00
           L =  2.7665634188E+00
           Vnuc =  3.5765269779E+01
           Ven = -7.2432035226E+00
           Vrep =  4.4469979137E+00
           DelSqV =  6.7132710756E+02
           DelSqVen =  3.9578754813E+02
           DelSqVrep =  2.7553955943E+02
           DelSqG =  5.1540607709E+01
           DelSqK = -7.2286771527E+02
           Stress_EigVals = -1.0090969400E+00 -1.0063304219E+00 -7.8077824696E-01
           Stress_EigVec1 =  9.8802532288E-01 -4.8054195387E-02  1.4661771947E-01
           Stress_EigVec2 = -3.9849571021E-02  8.3854547389E-01  5.4337234003E-01
           Stress_EigVec3 = -1.4905694565E-01 -5.4270828492E-01  8.2658922351E-01
           -DivStress =  1.8155494911E+00  6.6243918516E+00 -1.0079427618E+01
           ESP =   8.4620326368E+00     ESP at Nucleus =   8.3560299304E+00
           ESPe = -8.3609450585E+00     ESPe at Nucleus = -8.2646043334E+00
           ESPn =  1.6822977695E+01     ESPn at Nucleus =  1.6620634264E+01

CP# 10     Coords = -5.11446887810134E+00 -1.35002344296732E+00 -2.51016074449274E-01
           Type = (3,-3) NACP H10
           Rho =  2.0257723795E-01     Rho at Nucleus =  1.9771507159E-01
           GradRho =  1.4613283457E-15  2.4231918555E-16  1.2685165418E-16
           HessRho_EigVals = -3.9872393665E+00 -3.9752562907E+00 -3.1067394750E+00
           HessRho_EigVec1 =  8.0580452978E-01 -5.8892645260E-01 -6.2005590127E-02
           HessRho_EigVec2 = -2.1094372453E-02 -1.3318674914E-01  9.9086644776E-01
           HessRho_EigVec3 =  5.9180578506E-01  7.9713670301E-01  1.1974551970E-01
           DelSqRho = -1.1069235132E+01
           Bond Ellipticity = NA
           V = -2.7969836616E+00
           G =  1.4837439289E-02
           K =  2.7821462223E+00
           L =  2.7673087831E+00
           Vnuc =  3.5746283234E+01
           Ven = -7.2413833244E+00
           Vrep =  4.4443996628E+00
           DelSqV =  6.7151245956E+02
           DelSqVen =  3.9568401422E+02
           DelSqVrep =  2.7582844534E+02
           DelSqG =  5.1554209406E+01
           DelSqK = -7.2306666897E+02
           Stress_EigVals = -1.0093795542E+00 -1.0066112276E+00 -7.8099287989E-01
           Stress_EigVec1 = -2.4237504020E-02 -1.3053935460E-01  9.9114682076E-01
           Stress_EigVec2 =  8.0776961389E-01 -5.8668569788E-01 -5.7516456590E-02
           Stress_EigVec3 =  5.8899982536E-01  7.9922422937E-01  1.1966552102E-01
           -DivStress = -7.1910808355E+00 -9.7474166283E+00 -1.4568466703E+00
           ESP =   8.4514412364E+00     ESP at Nucleus =   8.3453286946E+00
           ESPe = -8.3520705855E+00     ESPe at Nucleus = -8.2556234151E+00
           ESPn =  1.6803511822E+01     ESPn at Nucleus =  1.6600952110E+01

CP# 11     Coords =  5.26848747692200E-02  2.21698054719512E-02  4.05262337940504E+00
           Type = (3,-3) NACP O11
           Rho =  1.4770198903E+02     Rho at Nucleus =  1.4770197967E+02
           GradRho =  4.8201728524E-13  4.9620117043E-13 -7.6037981345E-11
           HessRho_EigVals = -4.1083017838E+05 -4.1082420628E+05 -4.1081270602E+05
           HessRho_EigVec1 =  9.8455660288E-01 -1.7442349288E-01 -1.4991359495E-02
           HessRho_EigVec2 =  1.5897671339E-02  3.7999502095E-03  9.9986640329E-01
           HessRho_EigVec3 =  1.7434322405E-01  9.8466339706E-01 -6.5141934329E-03
           DelSqRho = -1.2324670907E+06
           Bond Ellipticity = NA
           V = -3.0818592631E+05
           G =  3.4576820434E+01
           K =  3.0815134949E+05
           L =  3.0811677267E+05
           Vnuc =  1.1850042063E+06
           Ven = -1.7502747829E+08
           Vrep =  1.7471929236E+08
           DelSqV =  1.9602410673E+10
           DelSqVen =  1.4604786852E+12
           DelSqVrep = -1.4408762745E+12
           DelSqG =  8.5719716129E+08
           DelSqK = -2.0459607834E+10
           Stress_EigVals = -1.0273089133E+05 -1.0272811300E+05 -1.0272692197E+05
           Stress_EigVec1 =  1.7414054388E-01  9.8470168220E-01 -6.1374309966E-03
           Stress_EigVec2 =  1.5787267035E-02  3.4400535540E-03  9.9986945559E-01
           Stress_EigVec3 =  9.8459424799E-01 -1.7421470407E-01 -1.4946695610E-02
           -DivStress = -5.6446043229E+02  1.6532531294E+02 -4.3078291318E+04
           ESP =  -2.7507769676E+00     ESP at Nucleus =  -2.7507689462E+00
           ESPe = -1.8259757009E+01     ESPe at Nucleus = -1.8259763606E+01
           ESPn =  1.5508980041E+01     ESPn at Nucleus =  1.5508994659E+01

CP# 12     Coords = -1.44567394942760E-01 -4.04701217227285E+00  1.34515435305210E-01
           Type = (3,-3) NACP O12
           Rho =  1.4770190766E+02     Rho at Nucleus =  1.4770189831E+02
           GradRho = -1.2318267066E-12  1.8086230309E-10 -5.0085950334E-12
           HessRho_EigVals = -4.1082997417E+05 -4.1082400925E+05 -4.1081250612E+05
           HessRho_EigVec1 = -1.4251038537E-01  4.6385762030E-02  9.8870579605E-01
           HessRho_EigVec2 =  5.1362000739E-02  9.9790204091E-01 -3.9413977582E-02
           HessRho_EigVec3 =  9.8845977912E-01 -4.5165006693E-02  1.4459386996E-01
           DelSqRho = -1.2324664895E+06
           Bond Ellipticity = NA
           V = -3.0818577445E+05
           G =  3.4576030948E+01
           K =  3.0815119842E+05
           L =  3.0811662239E+05
           Vnuc =  1.1858138962E+06
           Ven = -1.7514697459E+08
           Vrep =  1.7483878882E+08
           DelSqV =  1.9602401209E+10
           DelSqVen =  1.4614758851E+12
           DelSqVrep = -1.4418734838E+12
           DelSqG =  8.5719679167E+08
           DelSqK = -2.0459598001E+10
           Stress_EigVals = -1.0273084040E+05 -1.0272806185E+05 -1.0272687219E+05
           Stress_EigVec1 =  9.8844300517E-01 -4.6135191504E-02  1.4440211094E-01
           Stress_EigVec2 =  5.2265285071E-02  9.9787343550E-01 -3.8947999864E-02
           Stress_EigVec3 = -1.4229815711E-01  4.6045095524E-02  9.8875228630E-01
           -DivStress =  3.1207970289E+03  4.2913134974E+04 -1.5075994066E+03
           ESP =  -2.7491015711E+00     ESP at Nucleus =  -2.7490935582E+00
           ESPe = -1.8260798580E+01     ESPe at Nucleus = -1.8260805169E+01
           ESPn =  1.5511697009E+01     ESPn at Nucleus =  1.5511711611E+01

CP# 13     Coords =  4.05409769594200E+00 -4.97809350111204E-02  3.73740540173031E-02
           Type = (3,-3) NACP O13
           Rho =  1.4770228896E+02     Rho at Nucleus =  1.4770227959E+02
           GradRho =  1.4351946737E-10 -4.5942367749E-13  1.3728089845E-12
           HessRho_EigVals = -4.1083104347E+05 -4.1082506835E+05 -4.1081355747E+05
           HessRho_EigVec1 =  8.6457941606E-03  9.9152869183E-01  1.2959978209E-01
           HessRho_EigVec2 =  9.9973288846E-01 -1.1348909755E-02  2.0133404792E-02
           HessRho_EigVec3 = -2.1433664747E-02 -1.2939109522E-01  9.9136196341E-01
           DelSqRho = -1.2324696693E+06
           Bond Ellipticity = NA
           V = -3.0818657443E+05
           G =  3.4578554693E+01
           K =  3.0815199588E+05
           L =  3.0811741732E+05
           Vnuc =  1.1841259712E+06
           Ven = -1.7489811636E+08
           Vrep =  1.7458992979E+08
           DelSqV =  1.9602451645E+10
           DelSqVen =  1.4593993467E+12
           DelSqVrep = -1.4397968945E+12
           DelSqG =  8.5719901699E+08
           DelSqK = -2.0459650662E+10
           Stress_EigVals = -1.0273110948E+05 -1.0272832822E+05 -1.0272713673E+05
           Stress_EigVec1 = -2.2233861285E-02 -1.2913156095E-01  9.9137817980E-01
           Stress_EigVec2 =  9.9971573197E-01 -1.1410449882E-02  2.0934585940E-02
           Stress_EigVec3 =  8.6087552739E-03  9.9156181935E-01  1.2934855134E-01
           -DivStress = -4.3078919034E+04  6.6049067396E+02 -1.6179790272E+03
           ESP =  -2.7530526563E+00     ESP at Nucleus =  -2.7530446378E+00
           ESPe = -1.8258219107E+01     ESPe at Nucleus = -1.8258225702E+01
           ESPn =  1.5505166450E+01     ESPn at Nucleus =  1.5505181064E+01

CP# 14     Coords = -1.67307251449082E-04 -5.16144846713079E+00 -1.23142471194419E+00
           Type = (3,-3) NACP H14
           Rho =  2.0266486076E-01     Rho at Nucleus =  1.9780348809E-01
           GradRho = -1.0954226426E-10  8.3207951599E-10  1.0422627136E-09
           HessRho_EigVals = -3.9905997690E+00 -3.9786181027E+00 -3.1101507099E+00
           HessRho_EigVec1 =  1.3105586140E-01  7.8052266859E-01 -6.1123540883E-01
           HessRho_EigVec2 =  9.8798128082E-01 -5.1856812571E-02  1.4561545158E-01
           HessRho_EigVec3 = -8.1959440820E-02  6.2297290054E-01  7.7793792506E-01
           DelSqRho = -1.1079368582E+01
           Bond Ellipticity = NA
           V = -2.7995398101E+00
           G =  1.4848832369E-02
           K =  2.7846909778E+00
           L =  2.7698421454E+00
           Vnuc =  3.5707169603E+01
           Ven = -7.2365885556E+00
           Vrep =  4.4370487454E+00
           DelSqV =  6.7223510393E+02
           DelSqVen =  3.9561289399E+02
           DelSqVrep =  2.7662220994E+02
           DelSqG =  5.1624087631E+01
           DelSqK = -7.2385919156E+02
           Stress_EigVals = -1.0102196677E+00 -1.0074682513E+00 -7.8185189120E-01
           Stress_EigVec1 =  9.8884194709E-01 -4.6572002980E-02  1.4150142127E-01
           Stress_EigVec2 =  1.2409714134E-01  7.8300689827E-01 -6.0950807770E-01
           Stress_EigVec3 = -8.2410576955E-02  6.2026707619E-01  7.8004951830E-01
           -DivStress =  1.0008386641E+00 -7.5758694781E+00 -9.5162508795E+00
           ESP =   8.4253870046E+00     ESP at Nucleus =   8.3188660220E+00
           ESPe = -8.3284053825E+00     ESPe at Nucleus = -8.2315714292E+00
           ESPn =  1.6753792387E+01     ESPn at Nucleus =  1.6550437451E+01

CP# 15     Coords =  5.09228070457457E+00 -1.47303700282849E+00 -1.22522098670732E-01
           Type = (3,-3) NACP H15
           Rho =  2.0267959057E-01     Rho at Nucleus =  1.9782052164E-01
           GradRho = -4.7557173043E-16  2.1785958454E-15  2.3603081295E-16
           HessRho_EigVals = -3.9909486120E+00 -3.9789627359E+00 -3.1108493390E+00
           HessRho_EigVec1 =  8.1457213909E-01  5.7168581407E-01  9.8221994568E-02
           HessRho_EigVec2 = -2.7923850601E-02 -1.3048701574E-01  9.9105670740E-01
           HessRho_EigVec3 = -5.7938975551E-01  8.1002991841E-01  9.0327418268E-02
           DelSqRho = -1.1080760687E+01
           Bond Ellipticity = NA
           V = -2.7998874032E+00
           G =  1.4848615758E-02
           K =  2.7850387875E+00
           L =  2.7701901717E+00
           Vnuc =  3.5722174820E+01
           Ven = -7.2401557670E+00
           Vrep =  4.4402683638E+00
           DelSqV =  6.7235935012E+02
           DelSqVen =  3.9582887040E+02
           DelSqVrep =  2.7653047973E+02
           DelSqG =  5.1632695144E+01
           DelSqK = -7.2399204527E+02
           Stress_EigVals = -1.0103054976E+00 -1.0075541395E+00 -7.8202776610E-01
           Stress_EigVec1 = -2.2251455301E-02 -1.2649872335E-01  9.9171717023E-01
           Stress_EigVec2 =  8.1675928933E-01  5.6975697923E-01  9.1001362100E-02
           Stress_EigVec3 = -5.7654933529E-01  8.1201912392E-01  9.0641085427E-02
           -DivStress =  7.0408489986E+00 -9.9052884692E+00 -1.1011493954E+00
           ESP =   8.4299861156E+00     ESP at Nucleus =   8.3236448081E+00
           ESPe = -8.3329616574E+00     ESPe at Nucleus = -8.2362814232E+00
           ESPn =  1.6762947773E+01     ESPn at Nucleus =  1.6559926231E+01

CP# 16     Coords = -1.33145485509272E+00  2.74348510680687E-01  5.12464854991579E+00
           Type = (3,-3) NACP H16
           Rho =  2.0271108162E-01     Rho at Nucleus =  1.9785047285E-01
           GradRho =  4.5433659287E-09 -8.1915386659E-10 -3.4398639520E-09
           HessRho_EigVals = -3.9916421516E+00 -3.9796573379E+00 -3.1112619226E+00
           HessRho_EigVec1 =  5.8950811066E-01 -1.0469412268E-01  8.0094901719E-01
           HessRho_EigVec2 =  1.7677112665E-01  9.8425091384E-01 -1.4516866146E-03
           HessRho_EigVec3 =  7.8818281905E-01 -1.4244044119E-01 -5.9873079465E-01
           DelSqRho = -1.1082561412E+01
           Bond Ellipticity = NA
           V = -2.8003400064E+00
           G =  1.4849826693E-02
           K =  2.7854901797E+00
           L =  2.7706403530E+00
