 AIMInt (Version 19.02.13, Professional)
 Portions Copyright (c) 1997-2019 by Todd A. Keith
 AIMInt is a component of the AIMAll package ( http://aim.tkgristmill.com )

 TP:  64-bit Linux

 Licensed To:  Research Group of Fernando Cortes Guzman, UNAM, fercor@unam.mx

 AIMInt is a heavily modified and extended version of the PROAIMV program
 developed by members of R.F.W. Bader's research group

 Much of the Quantum Theory of Atoms in Molecules (QTAIM) is described in the book:
   "Atoms in Molecules - A Quantum Theory"
   R.F.W. Bader, Oxford University Press, Oxford, 1990

 For additional references see:  http://aim.tkgristmill.com/references.html

 Current Directory:  /home/scratch/M_H2O_4_tetraedrico/Opt

 Inp File:  Fe3_tetraedrico_cc-pvtz-def2-tzv_1_atomicfiles/fe1.inp
 Wfx File:  Fe3_tetraedrico_cc-pvtz-def2-tzv_1.wfx
 Out File:  Fe3_tetraedrico_cc-pvtz-def2-tzv_1_atomicfiles/fe1.int

 Wfx Title:   Fe3_tetraedrico_cc-pvtz-def2-tzv_1                                            
 Job Title:   Fe3_tetraedrico_cc-pvtz-def2-tzv_1                                            
 
<Atom>
Fe1     
</Atom>
<Nuclei of Molecule>
    13
Fe1       26.0          -1.4383133817E-02  -1.8641573357E-03  -2.0320033271E-03
O2         8.0           1.5916466642E+00  -1.6478117374E+00  -2.5594373073E+00
H3         1.0           1.5568835511E+00  -3.5141823315E+00  -2.8104637647E+00
O4         8.0           6.9565869367E-01  -1.5533608824E+00   2.9841855895E+00
H5         1.0          -3.1786802677E-01  -1.2341473125E+00   4.5413947750E+00
O6         8.0           1.0643362457E+00   3.2617322302E+00   1.1671165944E-01
H7         1.0           6.7223129424E-01   4.5585794029E+00  -1.1940147640E+00
O8         8.0          -3.4091737987E+00  -6.8014860274E-02  -5.4958793600E-01
H9         1.0          -4.3669653413E+00  -1.4059370549E+00  -1.4700242702E+00
H10        1.0          -4.7055729660E+00   1.1963880004E+00  -2.4521615137E-02
H11        1.0           2.5955237519E+00   3.8452070597E+00   1.0446654375E+00
H12        1.0           2.3128417530E+00  -2.3593102479E+00   3.5146937736E+00
H13        1.0           3.0871450239E+00  -9.7848742674E-01  -3.4838735303E+00
</Nuclei of Molecule>
<Total Number of CPs of DelSqRho>
    74
</Total Number of CPs of DelSqRho>
<Number of (3,+3) CPs of DelSqRho>
     9
</Number of (3,+3) CPs of DelSqRho>
<Number of (3,+1) CPs of DelSqRho>
    23
</Number of (3,+1) CPs of DelSqRho>
<Number of (3,-1) CPs of DelSqRho>
    30
</Number of (3,-1) CPs of DelSqRho>
<Number of (3,-3) CPs of DelSqRho>
    12
</Number of (3,-3) CPs of DelSqRho>
<Number of Degenerate CPs of DelSqRho>
     0
</Number of Degenerate CPs of DelSqRho>
<CP of DelSqRho>
CP# = 1       
Type = (3,+3)
Coords = -1.43831338478430E-02 -1.86415733789805E-03 -2.03200332264249E-03
DistFromNuc =  3.1556000082E-11
Rho =  1.1822174689E+04
DelSqRho = -7.3313813592E+09
GradDelSqRho =  2.8649657965E-02 -1.4252737164E-03  1.0353093385E-02
HessDelSqRho_EigVals =  7.4995330344E+16  7.4995330349E+16  7.4995330354E+16
HessDelSqRho_EigVec1 =  5.0984967385E-02 -6.4299691679E-01  7.6416980973E-01
HessDelSqRho_EigVec2 =  2.9248797761E-02  7.6579811519E-01  6.4241556223E-01
HessDelSqRho_EigVec3 =  9.9827102579E-01  1.0402488268E-02 -5.7851078707E-02
</CP of DelSqRho>
<CP of DelSqRho>
CP# = 2       
Type = (3,-3)
Coords =  1.13110849428972E-01  2.45830150038918E-01 -2.98772030458378E-02
DistFromNuc =  2.7996882115E-01
Rho =  2.4536559893E+01
DelSqRho =  2.2529325652E+03
GradDelSqRho =  2.2737367544E-13  6.3664629124E-12  2.9842794902E-13
HessDelSqRho_EigVals = -6.7785775491E+05 -3.5568841459E+04 -2.5306272847E+04
HessDelSqRho_EigVec1 =  4.5606796544E-01  8.8444865415E-01 -9.8755197749E-02
HessDelSqRho_EigVec2 =  1.4458248697E-01 -1.8312976568E-01 -9.7239878310E-01
HessDelSqRho_EigVec3 =  8.7812181123E-01 -4.2920166251E-01  2.1139540566E-01
</CP of DelSqRho>
<CP of DelSqRho>
CP# = 3       
Type = (3,-1)
Coords =  5.99789049615878E-02  1.36179570185777E-01 -1.52135610389345E-02
DistFromNuc =  1.5735163483E-01
Rho =  1.0599292177E+02
DelSqRho = -6.8677413033E+03
GradDelSqRho =  2.1827872843E-11 -1.4551915228E-11  2.1827872843E-11
HessDelSqRho_EigVals = -1.1053924229E+05 -7.6767940563E+04  1.3904790479E+07
HessDelSqRho_EigVec1 = -6.3763835479E-02  1.2917477663E-01  9.8956962886E-01
HessDelSqRho_EigVec2 =  8.7909263428E-01 -4.6207767880E-01  1.1696306725E-01
HessDelSqRho_EigVec3 =  4.7236671521E-01  8.7738138562E-01 -8.4092749585E-02
</CP of DelSqRho>
<CP of DelSqRho>
CP# = 4       
Type = (3,+3)
Coords =  6.05838138100444E-02  8.24479812010382E-02  1.07845729955810E-01
DistFromNuc =  1.5748554287E-01
Rho =  1.0657024125E+02
DelSqRho = -7.3226594859E+03
GradDelSqRho =  5.8207660913E-11 -7.2759576142E-12 -8.0035533756E-11
HessDelSqRho_EigVals =  8.6613579728E+04  1.1629010283E+05  1.3805340959E+07
HessDelSqRho_EigVec1 =  8.7902440925E-01 -2.7417836094E-01 -3.9005424538E-01
HessDelSqRho_EigVec2 =  1.7411961729E-02 -7.9910005619E-01  6.0094585762E-01
HessDelSqRho_EigVec3 =  4.7645871965E-01  5.3503768708E-01  6.9765447169E-01
</CP of DelSqRho>
<CP of DelSqRho>
CP# = 5       
Type = (3,-1)
Coords = -8.32580200906181E-02 -1.42378988966816E-01  1.54167089382040E-02
DistFromNuc =  1.5745674145E-01
Rho =  1.0564149020E+02
DelSqRho = -6.7378475508E+03
GradDelSqRho =  7.2759576142E-12  4.3655745685E-11 -6.1845639721E-11
HessDelSqRho_EigVals = -1.3963720614E+05 -1.0084790339E+05  1.3811776423E+07
HessDelSqRho_EigVec1 = -2.0131968282E-01  2.1721781241E-01  9.5513706204E-01
HessDelSqRho_EigVec2 = -8.7630798352E-01  3.9575305985E-01 -2.7470681397E-01
HessDelSqRho_EigVec3 =  4.3766962806E-01  8.9229812148E-01 -1.1067682270E-01
</CP of DelSqRho>
<CP of DelSqRho>
CP# = 6       
Type = (3,-1)
Coords =  7.89624022272999E-02 -8.08120175031469E-02 -1.01100796934263E-01
DistFromNuc =  1.5735558329E-01
Rho =  1.0600404299E+02
DelSqRho = -6.8746848899E+03
GradDelSqRho = -2.9103830457E-11  0.0000000000E+00 -5.8207660913E-11
HessDelSqRho_EigVals = -1.1711160227E+05 -6.5243916615E+04  1.3902522143E+07
HessDelSqRho_EigVec1 =  8.6827138331E-02  8.1719801312E-01 -5.6977930411E-01
HessDelSqRho_EigVec2 =  8.0054782944E-01  2.8318004220E-01  5.2814035680E-01
HessDelSqRho_EigVec3 =  5.9294537761E-01 -5.0199250098E-01 -6.2961838293E-01
</CP of DelSqRho>
<CP of DelSqRho>
CP# = 7       
Type = (3,+1)
Coords = -1.74711277808826E-01 -9.43293780950774E-02  2.11246027849010E-01
DistFromNuc =  2.8238705599E-01
Rho =  2.5542089641E+01
DelSqRho =  1.7703155668E+03
GradDelSqRho = -8.1854523160E-12 -4.0358827391E-12  4.5474735089E-13
HessDelSqRho_EigVals = -6.2239127737E+05  2.4377680060E+04  3.7725289401E+04
HessDelSqRho_EigVec1 = -5.6851690643E-01 -3.2777971830E-01  7.5455217406E-01
HessDelSqRho_EigVec2 =  8.1621269499E-01 -1.1003083809E-01  5.6717726613E-01
HessDelSqRho_EigVec3 = -1.0288519643E-01  9.3832492823E-01  3.3009235892E-01
</CP of DelSqRho>
<CP of DelSqRho>
CP# = 8       
Type = (3,-1)
Coords = -7.87587016998782E-02  4.47282967442450E-02 -1.37947047576468E-01
DistFromNuc =  1.5744195683E-01
Rho =  1.0570092661E+02
DelSqRho = -6.7613586371E+03
GradDelSqRho =  0.0000000000E+00  2.9103830457E-11  5.8207660913E-11
HessDelSqRho_EigVals = -1.3502574180E+05 -9.2880739694E+04  1.3823123205E+07
HessDelSqRho_EigVec1 =  2.4966677808E-02 -9.4190418907E-01 -3.3495247964E-01
HessDelSqRho_EigVec2 =  9.1212251656E-01  1.5859657196E-01 -3.7799423560E-01
HessDelSqRho_EigVec3 =  4.0915666899E-01 -2.9608043836E-01  8.6309164880E-01
</CP of DelSqRho>
<CP of DelSqRho>
CP# = 9       
Type = (3,-1)
Coords = -7.84010507027757E-03  2.16460601731592E-01 -1.78687002450591E-01
DistFromNuc =  2.8091902812E-01
Rho =  2.5013984434E+01
DelSqRho =  2.0342842239E+03
GradDelSqRho = -9.6633812063E-13  4.5474735089E-13  4.2064129957E-12
HessDelSqRho_EigVals = -6.5394386018E+05 -3.0190717608E+04  2.6446637637E+04
HessDelSqRho_EigVec1 =  2.2319347008E-02  7.7534072198E-01 -6.3114864460E-01
HessDelSqRho_EigVec2 = -7.7494797979E-01  4.1226885152E-01  4.7905116917E-01
HessDelSqRho_EigVec3 =  6.3163080622E-01  4.7841525780E-01  6.1005029771E-01
</CP of DelSqRho>
<CP of DelSqRho>
CP# = 10      
Type = (3,-1)
Coords = -9.97609289753775E-02  8.28271289054027E-02  9.96138086400011E-02
DistFromNuc =  1.5746063940E-01
Rho =  1.0564462416E+02
DelSqRho = -6.7451920536E+03
GradDelSqRho = -2.9103830457E-11 -1.4551915228E-11  0.0000000000E+00
HessDelSqRho_EigVals = -1.4182174641E+05 -9.1829561355E+04  1.3809475347E+07
HessDelSqRho_EigVec1 =  2.5919303158E-02  7.7876850864E-01 -6.2677571720E-01
HessDelSqRho_EigVec2 =  8.3960770845E-01  3.2334214788E-01  4.3647308200E-01
HessDelSqRho_EigVec3 = -5.4257449777E-01  5.3755880177E-01  6.4547923980E-01
</CP of DelSqRho>
<CP of DelSqRho>
CP# = 11      
Type = (3,+1)
Coords = -7.09938410572571E-03 -1.19368675713536E-01  1.02492073760550E-01
DistFromNuc =  1.5743458178E-01
Rho =  1.0613199037E+02
DelSqRho = -7.0399780712E+03
GradDelSqRho =  2.1827872843E-11  2.9103830457E-11  0.0000000000E+00
HessDelSqRho_EigVals = -1.0731723021E+05  8.8148007424E+04  1.3837880427E+07
HessDelSqRho_EigVec1 =  7.6863498332E-01 -3.9819376566E-01 -5.0064157579E-01
HessDelSqRho_EigVec2 =  6.3798354053E-01  5.3427476046E-01  5.5455160477E-01
HessDelSqRho_EigVec3 = -4.6661166225E-02  7.4564884853E-01 -6.6470334003E-01
</CP of DelSqRho>
<CP of DelSqRho>
CP# = 12      
Type = (3,-3)
Coords =  1.44992946094444E-01 -1.47212292329557E-01 -1.80582447404102E-01
DistFromNuc =  2.8001263592E-01
Rho =  2.4548022695E+01
DelSqRho =  2.2458675546E+03
GradDelSqRho =  5.4569682106E-12 -7.2759576142E-12 -3.6379788071E-12
HessDelSqRho_EigVals = -6.7692827220E+05 -3.6818073790E+04 -2.2292529360E+04
HessDelSqRho_EigVec1 = -5.7010396910E-01  5.1820261572E-01  6.3753236268E-01
HessDelSqRho_EigVec2 =  6.2258213081E-02  8.0100855817E-01 -5.9540675563E-01
HessDelSqRho_EigVec3 = -8.1921021680E-01 -2.9975212893E-01 -4.8892052717E-01
</CP of DelSqRho>
<CP of DelSqRho>
CP# = 13      
Type = (3,-1)
Coords =  2.60201079920045E-01  5.57693720345404E-02  1.00763276258353E-02
DistFromNuc =  2.8082864138E-01
Rho =  2.5143312187E+01
DelSqRho =  2.0272210800E+03
GradDelSqRho = -1.8189894035E-12  1.8189894035E-12 -1.1937117961E-12
HessDelSqRho_EigVals = -6.5425407971E+05 -1.1604075808E+04  8.0271212933E+03
HessDelSqRho_EigVec1 =  9.7790816730E-01  2.0451243487E-01  4.3246737518E-02
HessDelSqRho_EigVec2 = -6.5823924421E-02  1.0491288391E-01  9.9230060857E-01
HessDelSqRho_EigVec3 = -1.9840067363E-01  9.7322553952E-01 -1.1605697708E-01
</CP of DelSqRho>
<CP of DelSqRho>
CP# = 14      
Type = (3,-1)
Coords = -3.99323569198684E-01  3.42526645463979E-01  4.22266690060387E-01
DistFromNuc =  6.6844113058E-01
Rho =  2.3903192606E+00
DelSqRho =  3.8873031509E+00
GradDelSqRho = -1.7763568394E-13  1.4566126083E-13  1.1013412404E-13
HessDelSqRho_EigVals = -8.4248978804E+02 -4.9268021506E+02  2.3578779358E+03
HessDelSqRho_EigVec1 =  6.6622283995E-02  8.0271320589E-01 -5.9263224715E-01
HessDelSqRho_EigVec2 =  8.1516943266E-01  2.9871954139E-01  4.9625137949E-01
HessDelSqRho_EigVec3 =  5.7537836884E-01 -5.1615709302E-01 -6.3444589052E-01
</CP of DelSqRho>
<CP of DelSqRho>
CP# = 15      
Type = (3,-3)
Coords = -1.40743641875528E-01 -2.49289284822085E-01  2.62749301426311E-02
DistFromNuc =  2.7926233937E-01
Rho =  2.4746978513E+01
DelSqRho =  2.2622973771E+03
GradDelSqRho = -5.6843418861E-12  2.2737367544E-12 -1.9895196601E-12
HessDelSqRho_EigVals = -6.8461198069E+05 -3.6509192051E+04 -2.6072590199E+04
HessDelSqRho_EigVec1 =  4.5175014939E-01  8.8628743461E-01 -1.0206069651E-01
HessDelSqRho_EigVec2 =  1.5423018403E-01 -1.9026079928E-01 -9.6954312879E-01
HessDelSqRho_EigVec3 =  8.7871204206E-01 -4.2225041327E-01  2.2264261864E-01
</CP of DelSqRho>
<CP of DelSqRho>
CP# = 16      
Type = (3,+3)
Coords =  7.21009934685450E-02 -1.31169164537164E-01  2.24837587295813E-02
DistFromNuc =  1.5748114728E-01
Rho =  1.0658749275E+02
DelSqRho = -7.3358458066E+03
GradDelSqRho =  5.4569682106E-11  2.5465851650E-11 -2.9103830457E-11
HessDelSqRho_EigVals =  9.5766625257E+04  1.1733548590E+05  1.3808364252E+07
HessDelSqRho_EigVec1 =  7.7966415993E-01  5.7076683795E-01  2.5758302432E-01
HessDelSqRho_EigVec2 =  3.0019158473E-01  2.0321148416E-02 -9.5366244730E-01
HessDelSqRho_EigVec3 = -5.4955328238E-01  8.2086068710E-01 -1.5549573049E-01
</CP of DelSqRho>
<CP of DelSqRho>
CP# = 17      
Type = (3,+1)
Coords =  1.11647808467141E-01  1.54004147269772E-01  1.96692604542422E-01
DistFromNuc =  2.8225909475E-01
Rho =  2.5586719941E+01
DelSqRho =  1.7782484531E+03
GradDelSqRho = -5.2295945352E-12  6.3664629124E-12  2.2737367544E-12
HessDelSqRho_EigVals = -6.2404853605E+05  2.3472194493E+04  3.5945031937E+04
HessDelSqRho_EigVec1 =  4.4533365497E-01  5.5290298932E-01  7.0425579171E-01
HessDelSqRho_EigVec2 =  8.9461814279E-01 -3.0688513301E-01 -3.2477668285E-01
HessDelSqRho_EigVec3 = -3.6555633503E-02 -7.7467399565E-01  6.3130332339E-01
</CP of DelSqRho>
<CP of DelSqRho>
CP# = 18      
Type = (3,-1)
Coords = -2.89575762548000E-01 -5.70486005408567E-02 -1.44479900444100E-02
DistFromNuc =  2.8094565739E-01
Rho =  2.5093854713E+01
DelSqRho =  2.0253214064E+03
GradDelSqRho = -5.4569682106E-12 -1.3642420527E-12 -1.7053025658E-13
HessDelSqRho_EigVals = -6.5278087527E+05 -1.0908401996E+04  7.9514115502E+03
HessDelSqRho_EigVec1 =  9.7938666995E-01  1.9711455455E-01  4.4131656453E-02
HessDelSqRho_EigVec2 = -6.5170146403E-02  1.0155300992E-01  9.9269322461E-01
HessDelSqRho_EigVec3 = -1.9119258023E-01  9.7510657805E-01 -1.1230564859E-01
</CP of DelSqRho>
<CP of DelSqRho>
CP# = 19      
Type = (3,+1)
Coords =  1.34125724608713E-01 -2.37348206605465E-01  4.47814174748956E-02
DistFromNuc =  2.8231031660E-01
Rho =  2.5584789650E+01
DelSqRho =  1.7696259718E+03
GradDelSqRho = -4.5474735089E-12  8.1854523160E-12 -2.1600499167E-12
HessDelSqRho_EigVals = -6.2314422953E+05  2.6188975514E+04  3.5922213460E+04
HessDelSqRho_EigVec1 = -5.2495161732E-01  8.3466926444E-01 -1.6659237219E-01
HessDelSqRho_EigVec2 =  8.3486557932E-01  5.4304274562E-01  9.0022446649E-02
HessDelSqRho_EigVec3 = -1.6560574852E-01  9.1824808354E-02  9.8190780658E-01
</CP of DelSqRho>
<CP of DelSqRho>
CP# = 20      
Type = (3,+1)
Coords = -1.62025868386458E-01  2.34191959092504E-01 -4.93159234302041E-02
DistFromNuc =  2.8241217444E-01
Rho =  2.5548226737E+01
DelSqRho =  1.7685004334E+03
GradDelSqRho =  5.4569682106E-12 -9.0949470177E-13  5.5706550484E-12
HessDelSqRho_EigVals = -6.2208996892E+05  2.5990489531E+04  3.6357203344E+04
HessDelSqRho_EigVec1 = -5.2383159847E-01  8.3533848685E-01 -1.6676351168E-01
HessDelSqRho_EigVec2 =  8.3793129276E-01  5.4052904052E-01  7.5495065931E-02
HessDelSqRho_EigVec3 = -1.5320445510E-01  1.0018966386E-01  9.8310244949E-01
</CP of DelSqRho>
<CP of DelSqRho>
CP# = 21      
Type = (3,-3)
Coords = -1.33305213067724E-01  8.22675143437435E-02 -2.40400301303224E-01
DistFromNuc =  2.7935648300E-01
Rho =  2.4741122847E+01
DelSqRho =  2.2526381125E+03
GradDelSqRho = -3.4106051316E-12 -2.0463630790E-12 -8.5265128291E-12
HessDelSqRho_EigVals = -6.8328867421E+05 -3.5705585812E+04 -2.4014360717E+04
HessDelSqRho_EigVec1 =  4.2492795192E-01 -3.0082038933E-01  8.5378178069E-01
HessDelSqRho_EigVec2 =  6.3473180004E-02 -9.3094565322E-01 -3.5959886843E-01
HessDelSqRho_EigVec3 =  9.0299910913E-01  2.0699585533E-01 -3.7649080305E-01
</CP of DelSqRho>
<CP of DelSqRho>
CP# = 22      
Type = (3,-1)
Coords =  2.62240202379318E-01 -1.85465570838915E-02  4.30885437689451E-02
DistFromNuc =  2.8077506364E-01
Rho =  2.5133300392E+01
DelSqRho =  2.0342930879E+03
GradDelSqRho = -5.4569682106E-12  4.5474735089E-13  6.8212102633E-12
HessDelSqRho_EigVals = -6.5525928636E+05 -9.4966383229E+03  4.2145823188E+03
HessDelSqRho_EigVec1 =  9.8527261659E-01 -5.9188931411E-02  1.6041989087E-01
HessDelSqRho_EigVec2 =  4.2365443568E-02  9.9342732482E-01  1.0633588055E-01
HessDelSqRho_EigVec3 = -1.6565941018E-01 -9.7973571432E-02  9.8130430506E-01
</CP of DelSqRho>
<CP of DelSqRho>
CP# = 23      
Type = (3,-1)
Coords =  4.58351089309938E-03 -2.61775229992748E-01 -1.07247463366824E-01
DistFromNuc =  2.8104055283E-01
Rho =  2.5065380956E+01
DelSqRho =  2.0156624856E+03
GradDelSqRho =  6.8212102633E-13  7.2759576142E-12  4.5474735089E-13
HessDelSqRho_EigVals = -6.5130412468E+05 -2.7988529105E+04  2.8173520526E+04
HessDelSqRho_EigVec1 = -6.5962248237E-02  9.2601098355E-01  3.7168890237E-01
HessDelSqRho_EigVec2 =  6.7759256726E-01 -2.3187256821E-01  6.9792795108E-01
HessDelSqRho_EigVec3 =  7.3247340880E-01  2.9789053434E-01 -6.1216332376E-01
</CP of DelSqRho>
<CP of DelSqRho>
CP# = 24      
Type = (3,-1)
Coords = -3.56034886445597E-02  4.06096100167243E-02  2.74837346580187E-01
DistFromNuc =  2.8091094904E-01
Rho =  2.5050633999E+01
DelSqRho =  2.0275404279E+03
GradDelSqRho =  1.5916157281E-12  4.2064129957E-12 -3.1832314562E-12
HessDelSqRho_EigVals = -6.5335012519E+05 -2.8867906322E+04  2.6581739409E+04
HessDelSqRho_EigVec1 = -7.6765203137E-02  1.5400565229E-01  9.8508342928E-01
HessDelSqRho_EigVec2 =  7.0119298458E-01  7.1073154706E-01 -5.6471819494E-02
HessDelSqRho_EigVec3 =  7.0882684907E-01 -6.8639851914E-01  1.6254713455E-01
</CP of DelSqRho>
<CP of DelSqRho>
CP# = 25      
Type = (3,-1)
Coords =  9.65814002228058E-03 -4.56779078003925E-02 -2.78391329363100E-01
DistFromNuc =  2.8084177870E-01
Rho =  2.5074852393E+01
DelSqRho =  2.0283374165E+03
GradDelSqRho =  2.2737367544E-12 -1.1937117961E-12 -7.2759576142E-12
HessDelSqRho_EigVals = -6.5403773397E+05 -2.8988230701E+04  2.6486116425E+04
HessDelSqRho_EigVec1 = -8.4325811506E-02  1.5312829475E-01  9.8460189054E-01
HessDelSqRho_EigVec2 =  6.9959103365E-01  7.1272617793E-01 -5.0929175637E-02
HessDelSqRho_EigVec3 =  7.0955024004E-01 -6.8452401028E-01  1.6722839534E-01
</CP of DelSqRho>
<CP of DelSqRho>
CP# = 26      
Type = (3,-3)
Coords =  1.05751162461640E-01 -8.63442553490929E-02  2.36316849775936E-01
DistFromNuc =  2.7996305449E-01
Rho =  2.4557427283E+01
DelSqRho =  2.2446483357E+03
GradDelSqRho =  5.6843418861E-13 -2.0463630790E-12 -2.8990143619E-12
HessDelSqRho_EigVals = -6.7745324622E+05 -3.4890630527E+04 -2.3308541155E+04
HessDelSqRho_EigVec1 =  4.2984316108E-01 -3.0214719226E-01  8.5084777198E-01
HessDelSqRho_EigVec2 =  6.9266681387E-02 -9.2853420938E-01 -3.6472777363E-01
HessDelSqRho_EigVec3 =  9.0024273600E-01  2.1571114068E-01 -3.7819534643E-01
</CP of DelSqRho>
<CP of DelSqRho>
CP# = 27      
Type = (3,-1)
Coords = -1.83316551405689E-02 -2.18996448767091E-01  1.75878501350099E-01
DistFromNuc =  2.8073861594E-01
Rho =  2.5066487176E+01
DelSqRho =  2.0362885318E+03
GradDelSqRho =  2.2737367544E-13  7.3896444519E-12  8.5265128291E-13
HessDelSqRho_EigVals = -6.5557216085E+05 -3.0360293436E+04  2.6375165921E+04
HessDelSqRho_EigVec1 =  1.4999280463E-02  7.7528093352E-01 -6.3143843382E-01
HessDelSqRho_EigVec2 = -7.7427182297E-01  4.0859123069E-01  4.8327668096E-01
HessDelSqRho_EigVec3 =  6.3267540315E-01  4.8165618477E-01  6.0640675617E-01
</CP of DelSqRho>
<CP of DelSqRho>
CP# = 28      
Type = (3,-3)
Coords = -1.72232647704011E-01  1.43895469955096E-01  1.76437323150465E-01
DistFromNuc =  2.7930921660E-01
Rho =  2.4755958571E+01
DelSqRho =  2.2551966858E+03
GradDelSqRho =  4.5474735089E-12  1.8189894035E-12 -3.6379788071E-12
HessDelSqRho_EigVals = -6.8362661906E+05 -3.7665859792E+04 -2.3095453724E+04
HessDelSqRho_EigVec1 = -5.6417864424E-01  5.2273320764E-01  6.3910284854E-01
HessDelSqRho_EigVec2 =  5.8618477086E-02  7.9746364315E-01 -6.0051279087E-01
HessDelSqRho_EigVec3 =  8.2356926334E-01  3.0133325652E-01  4.8055378158E-01
</CP of DelSqRho>
<CP of DelSqRho>
CP# = 29      
Type = (3,+1)
Coords =  1.46667753287539E-01  9.07145717141244E-02 -2.14627611246302E-01
DistFromNuc =  2.8232091991E-01
Rho =  2.5571641632E+01
DelSqRho =  1.7710454485E+03
GradDelSqRho = -7.5033312896E-12 -8.9528384706E-13  5.9117155615E-12
HessDelSqRho_EigVals = -6.2319515795E+05  2.4597074575E+04  3.7225819817E+04
HessDelSqRho_EigVec1 = -5.6960938305E-01 -3.2763327794E-01  7.5379147378E-01
HessDelSqRho_EigVec2 =  8.1568533602E-01 -1.1263020474E-01  5.6742565115E-01
HessDelSqRho_EigVec3 = -1.0100783804E-01  9.3806762665E-01  3.3140088184E-01
</CP of DelSqRho>
<CP of DelSqRho>
CP# = 30      
Type = (3,+1)
Coords = -1.39278306634848E-01 -1.58354248996836E-01 -2.01133726361653E-01
DistFromNuc =  2.8236403648E-01
Rho =  2.5550072080E+01
DelSqRho =  1.7770766628E+03
GradDelSqRho = -2.0463630790E-12 -3.1832314562E-12 -5.0022208598E-12
HessDelSqRho_EigVals = -6.2299233086E+05  2.3270611450E+04  3.6379576338E+04
HessDelSqRho_EigVec1 =  4.4351032140E-01  5.5352356955E-01  7.0491861428E-01
HessDelSqRho_EigVec2 =  8.9529637544E-01 -3.1024471991E-01 -3.1967579498E-01
HessDelSqRho_EigVec3 = -4.1749190914E-02 -7.7289059492E-01  6.3316438098E-01
</CP of DelSqRho>
<CP of DelSqRho>
CP# = 31      
Type = (3,-1)
Coords = -2.91443057666554E-01  1.52500614133861E-02 -4.51681819270146E-02
DistFromNuc =  2.8091961091E-01
Rho =  2.5075729905E+01
DelSqRho =  2.0320298806E+03
GradDelSqRho =  9.0949470177E-12  1.5916157281E-12 -9.0949470177E-13
HessDelSqRho_EigVals = -6.5351971472E+05 -9.0381536476E+03  4.4235207095E+03
HessDelSqRho_EigVec1 =  9.8619759858E-01 -6.1141250465E-02  1.5387021822E-01
HessDelSqRho_EigVec2 =  4.9614440409E-02  9.9574369346E-01  7.7671772442E-02
HessDelSqRho_EigVec3 = -1.5796424869E-01 -6.8965530687E-02  9.8503352822E-01
</CP of DelSqRho>
<CP of DelSqRho>
CP# = 32      
Type = (3,+1)
Coords =  5.94230722827490E-01  1.09051349830816E-01  2.46776163401329E-02
DistFromNuc =  6.1921440553E-01
Rho =  3.3144667729E+00
DelSqRho = -2.9256111922E+01
GradDelSqRho =  4.2632564146E-13  4.2632564146E-14 -2.5757174171E-14
HessDelSqRho_EigVals = -3.4722893018E+02  2.8405278781E+02  5.7009466675E+03
HessDelSqRho_EigVec1 = -5.8911914059E-02  8.5931396629E-02  9.9455778186E-01
HessDelSqRho_EigVec2 = -1.7522865038E-01  9.7992907331E-01 -9.5046995543E-02
HessDelSqRho_EigVec3 =  9.8276360660E-01  1.7987441828E-01  4.2671854694E-02
</CP of DelSqRho>
<CP of DelSqRho>
CP# = 33      
Type = (3,+1)
Coords = -6.26112858447845E-01  3.42786314052139E-02 -1.08193169364885E-01
DistFromNuc =  6.2192423200E-01
Rho =  3.2694533618E+00
DelSqRho = -2.6185553156E+01
GradDelSqRho = -8.2422957348E-13  5.9507954120E-14 -1.4210854715E-13
HessDelSqRho_EigVals = -3.5797964477E+02  1.4258589027E+02  5.4320889621E+03
HessDelSqRho_EigVec1 =  3.4764756072E-02  9.8986052640E-01  1.3772272876E-01
HessDelSqRho_EigVec2 = -1.7785608502E-01 -1.2947840413E-01  9.7550118190E-01
HessDelSqRho_EigVec3 =  9.8344223255E-01 -5.8407885993E-02  1.7155143280E-01
</CP of DelSqRho>
<CP of DelSqRho>
CP# = 34      
Type = (3,-1)
Coords =  2.93914442952232E-01  6.06477323853730E-01 -7.26888550411136E-02
DistFromNuc =  6.8565234942E-01
Rho =  2.1506528606E+00
DelSqRho =  8.4571286585E+00
GradDelSqRho = -1.9539925233E-13 -2.8776980798E-13  3.9079850467E-14
HessDelSqRho_EigVals = -7.3480531539E+02 -5.2190700311E+02  1.6129233965E+03
HessDelSqRho_EigVec1 = -1.5593137612E-01  1.9027851853E-01  9.6926750246E-01
HessDelSqRho_EigVec2 =  8.7880450149E-01 -4.2129487246E-01  2.2408319571E-01
HessDelSqRho_EigVec3 =  4.5098564733E-01  8.8673824538E-01 -1.0152452941E-01
</CP of DelSqRho>
<CP of DelSqRho>
CP# = 35      
Type = (3,-1)
Coords = -3.23374295273354E-01 -5.93325407937262E-01  6.28881330047156E-02
DistFromNuc =  6.7045997116E-01
Rho =  2.3602497799E+00
DelSqRho =  4.7211007076E+00
GradDelSqRho =  0.0000000000E+00  4.2632564146E-14  7.4606987255E-14
HessDelSqRho_EigVals = -7.9502232488E+02 -5.5339154255E+02  2.2599594847E+03
HessDelSqRho_EigVec1 = -1.3003798620E-01  1.7670693473E-01  9.7563557815E-01
HessDelSqRho_EigVec2 =  8.7795343278E-01 -4.3673220044E-01  1.9611923663E-01
HessDelSqRho_EigVec3 =  4.6074710202E-01  8.8206555557E-01 -9.8348684088E-02
</CP of DelSqRho>
<CP of DelSqRho>
CP# = 36      
Type = (3,-1)
Coords =  2.73586210091752E-01 -2.05861874559606E-01  5.79496239102656E-01
DistFromNuc =  6.8023268696E-01
Rho =  2.2120904450E+00
DelSqRho =  7.0001620481E+00
GradDelSqRho = -1.4210854715E-14 -4.7961634664E-14  5.6843418861E-14
HessDelSqRho_EigVals = -7.5414940990E+02 -5.0357923615E+02  1.8257881333E+03
HessDelSqRho_EigVec1 = -5.6160078429E-02  9.3257958995E-01  3.5656886292E-01
HessDelSqRho_EigVec2 =  9.0327012324E-01  1.9961488949E-01 -3.7981176964E-01
HessDelSqRho_EigVec3 =  4.2538115855E-01 -3.0074774198E-01  8.5358166899E-01
</CP of DelSqRho>
<CP of DelSqRho>
CP# = 37      
Type = (3,-1)
Coords = -3.05438615262629E-01  1.99274355757993E-01 -5.68534311264982E-01
DistFromNuc =  6.6790333105E-01
Rho =  2.3849071667E+00
DelSqRho =  3.6173690267E+00
GradDelSqRho =  1.7053025658E-13  4.2632564146E-14  1.4210854715E-14
HessDelSqRho_EigVals = -7.9905540064E+02 -5.1871480519E+02  2.3840135162E+03
HessDelSqRho_EigVec1 = -7.2472909939E-02  9.2795741756E-01  3.6557175563E-01
HessDelSqRho_EigVec2 =  8.9704526573E-01  2.2086105025E-01 -3.8279261711E-01
HessDelSqRho_EigVec3 =  4.3595581033E-01 -3.0019231781E-01  8.4842625123E-01
</CP of DelSqRho>
<CP of DelSqRho>
CP# = 38      
Type = (3,-1)
Coords =  3.68171066942699E-01 -3.60484143475207E-01 -4.39573511352111E-01
DistFromNuc =  6.8293380515E-01
Rho =  2.1814039427E+00
DelSqRho =  7.6632750949E+00
GradDelSqRho = -7.4606987255E-14 -1.0302869669E-13 -4.9737991503E-14
HessDelSqRho_EigVals = -7.7584739067E+02 -4.7641634888E+02  1.7174084210E+03
HessDelSqRho_EigVec1 =  5.3677100161E-02  7.9585282146E-01 -6.0310617265E-01
HessDelSqRho_EigVec2 =  8.2550268719E-01  3.0446163254E-01  4.7523512891E-01
HessDelSqRho_EigVec3 =  5.6183990812E-01 -5.2337500980E-01 -6.4063602518E-01
</CP of DelSqRho>
<CP of DelSqRho>
CP# = 39      
Type = (3,+1)
Coords = -3.67035000817595E-02 -4.86691271738917E-01  3.84337758554653E-01
DistFromNuc =  6.2035241799E-01
Rho =  3.2650892021E+00
DelSqRho = -2.7668432162E+01
GradDelSqRho = -7.6383344094E-14 -1.9895196601E-13 -1.9895196601E-13
HessDelSqRho_EigVals = -1.0984534406E+03  9.5020006367E+02  5.6052827640E+03
HessDelSqRho_EigVec1 =  7.7568123974E-01 -4.1441193492E-01 -4.7600563287E-01
HessDelSqRho_EigVec2 =  6.3003854660E-01  4.6422121816E-01  6.2253521219E-01
HessDelSqRho_EigVec3 =  3.7014107099E-02  7.8279078227E-01 -6.2118318318E-01
</CP of DelSqRho>
<CP of DelSqRho>
CP# = 40      
Type = (3,+1)
Coords = -1.43924571953862E-02  4.75601462616106E-01 -4.00798106135376E-01
DistFromNuc =  6.2208345346E-01
Rho =  3.2202782453E+00
DelSqRho = -2.6505409487E+01
GradDelSqRho = -2.1316282073E-14 -3.1263880373E-13  3.4106051316E-13
HessDelSqRho_EigVals = -1.0970276393E+03  9.2153882735E+02  5.4452949230E+03
HessDelSqRho_EigVec1 =  7.7300803945E-01 -4.0706177094E-01 -4.8657916682E-01
HessDelSqRho_EigVec2 =  6.3439576290E-01  4.9692825640E-01  5.9211850503E-01
HessDelSqRho_EigVec3 = -7.6612970133E-04  7.6639612645E-01 -6.4236779995E-01
</CP of DelSqRho>
<CP of DelSqRho>
CP# = 41      
Type = (3,+1)
Coords =  5.98020571577493E-01 -4.31935964309131E-02  8.76697634411421E-02
DistFromNuc =  6.2031671578E-01
Rho =  3.2876107319E+00
DelSqRho = -2.8201945770E+01
GradDelSqRho =  1.9895196601E-13 -7.1054273576E-15  7.9936057773E-14
HessDelSqRho_EigVals = -3.0530268867E+02  1.8898896090E+02  5.6031077381E+03
HessDelSqRho_EigVec1 =  6.3031986889E-02  9.9744855261E-01  3.3516466368E-02
HessDelSqRho_EigVec2 = -1.4672683651E-01 -2.3956634823E-02  9.8888690713E-01
HessDelSqRho_EigVec3 =  9.8716675596E-01 -6.7249271646E-02  1.4484243642E-01
</CP of DelSqRho>
<CP of DelSqRho>
CP# = 42      
Type = (3,+1)
Coords = -6.19869330680887E-01 -1.35117421574943E-01 -2.87605189534627E-02
DistFromNuc =  6.2055167438E-01
Rho =  3.3046454358E+00
DelSqRho = -2.7481297889E+01
GradDelSqRho = -7.8159700934E-13 -2.5579538487E-13 -2.6645352591E-14
HessDelSqRho_EigVals = -4.4580309592E+02  2.8782464369E+02  5.5541273549E+03
HessDelSqRho_EigVec1 = -6.8095673791E-02  1.0831357841E-01  9.9178180460E-01
HessDelSqRho_EigVec2 = -2.0925120291E-01  9.7042780995E-01 -1.2034865913E-01
HessDelSqRho_EigVec3 =  9.7548803852E-01  2.1572675867E-01  4.3417189012E-02
</CP of DelSqRho>
<CP of DelSqRho>
CP# = 43      
Type = (3,+3)
Coords =  2.38931030199374E-01  3.22467176038611E-01  4.09269409483836E-01
DistFromNuc =  5.8183136017E-01
Rho =  4.4025004949E+00
DelSqRho = -7.8842395982E+01
GradDelSqRho = -4.8316906032E-13 -1.9895196601E-13 -3.5527136788E-13
HessDelSqRho_EigVals =  1.2111755505E+03  1.9439052890E+03  1.0031676613E+04
HessDelSqRho_EigVec1 =  8.9900624559E-01 -3.0936203778E-01 -3.0997241807E-01
HessDelSqRho_EigVec2 =  4.5744778355E-02  7.7026749352E-01 -6.3607814275E-01
HessDelSqRho_EigVec3 =  4.3554010795E-01  5.5765860346E-01  7.0662698530E-01
</CP of DelSqRho>
<CP of DelSqRho>
CP# = 44      
Type = (3,+3)
Coords = -2.77753275673274E-01 -3.21727780022005E-01 -4.11572607706809E-01
DistFromNuc =  5.8258053124E-01
Rho =  4.3915591102E+00
DelSqRho = -7.7783827989E+01
GradDelSqRho =  5.6843418861E-14  0.0000000000E+00  1.9895196601E-13
HessDelSqRho_EigVals =  1.2501214235E+03  1.8298031942E+03  9.9022577304E+03
HessDelSqRho_EigVec1 =  8.9092925542E-01 -3.0515572860E-01 -3.3634066531E-01
HessDelSqRho_EigVec2 =  2.9970819447E-02  7.7849963441E-01 -6.2692907829E-01
HessDelSqRho_EigVec3 =  4.5315208465E-01  5.4846905157E-01  7.0273386687E-01
</CP of DelSqRho>
<CP of DelSqRho>
CP# = 45      
Type = (3,+1)
Coords = -7.58139080030425E-02  9.87585864293481E-02  6.07124736202251E-01
DistFromNuc =  6.2045999863E-01
Rho =  3.2730440975E+00
DelSqRho = -2.7895478179E+01
GradDelSqRho =  4.2632564146E-14  3.5527136788E-14  2.6290081223E-13
HessDelSqRho_EigVals = -1.0620182963E+03  9.3734999192E+02  5.5852279732E+03
HessDelSqRho_EigVec1 =  6.9723347911E-01  7.1520324898E-01 -4.8474614619E-02
HessDelSqRho_EigVec2 = -7.0981742172E-01  6.7937372208E-01 -1.8603917216E-01
HessDelSqRho_EigVec3 = -1.0012344101E-01  1.6412086522E-01  9.8134583005E-01
</CP of DelSqRho>
<CP of DelSqRho>
CP# = 46      
Type = (3,+1)
Coords =  2.26703711174267E-02 -9.11987160161801E-02 -6.14131963020047E-01
DistFromNuc =  6.1969346153E-01
Rho =  3.2807351406E+00
DelSqRho = -2.8402724997E+01
GradDelSqRho = -7.8159700934E-14  2.2026824809E-13  2.4158453016E-13
HessDelSqRho_EigVals = -1.0625651934E+03  9.5815694198E+02  5.6588789979E+03
HessDelSqRho_EigVec1 =  7.0278683688E-01  7.0883894050E-01 -6.0315987445E-02
HessDelSqRho_EigVec2 = -7.0894759764E-01  6.9080720200E-01 -1.4205179854E-01
HessDelSqRho_EigVec3 = -5.9025127851E-02  1.4259300857E-01  9.8801987237E-01
</CP of DelSqRho>
<CP of DelSqRho>
CP# = 47      
Type = (3,+1)
Coords = -6.46461905468740E-02  5.66855581232796E-01  2.32515738005185E-01
DistFromNuc =  6.1723671219E-01
Rho =  3.3545344428E+00
DelSqRho = -3.0699421345E+01
GradDelSqRho =  0.0000000000E+00  3.5171865420E-13  1.4210854715E-13
HessDelSqRho_EigVals = -1.0495791113E+03  1.0414184658E+03  5.8830319013E+03
HessDelSqRho_EigVec1 =  6.7758380908E-01 -2.2909871630E-01  6.9885188692E-01
HessDelSqRho_EigVec2 = -7.3084080602E-01 -3.1592144436E-01  6.0503335218E-01
HessDelSqRho_EigVec3 = -8.2169933204E-02  9.2071027972E-01  3.8149794612E-01
</CP of DelSqRho>
<CP of DelSqRho>
CP# = 48      
Type = (3,+1)
Coords =  1.18390367163973E-02 -5.77916742720350E-01 -2.27451232481966E-01
DistFromNuc =  6.1914296590E-01
Rho =  3.3081845190E+00
DelSqRho = -2.9260411524E+01
GradDelSqRho =  9.2370555649E-14 -3.5527136788E-14  4.2632564146E-14
HessDelSqRho_EigVals = -1.0555033672E+03  1.0041957944E+03  5.6966976588E+03
HessDelSqRho_EigVec1 =  6.7698020885E-01 -2.4051631894E-01  6.9559305427E-01
HessDelSqRho_EigVec2 = -7.3483933747E-01 -2.7396354704E-01  6.2044751833E-01
HessDelSqRho_EigVec3 = -4.1339387236E-02  9.3117982969E-01  3.6220875176E-01
</CP of DelSqRho>
<CP of DelSqRho>
CP# = 49      
Type = (3,+3)
Coords = -3.47970511127967E-01 -1.93299798042268E-01  4.34187624466538E-01
DistFromNuc =  5.8156315780E-01
Rho =  4.4160703336E+00
DelSqRho = -7.9573611113E+01
GradDelSqRho =  1.0373923942E-12  6.6791017161E-13 -4.7606363296E-13
HessDelSqRho_EigVals =  1.3170464393E+03  1.9134389342E+03  1.0060272523E+04
HessDelSqRho_EigVec1 = -8.1281975538E-01  1.1951158283E-01 -5.7012369433E-01
HessDelSqRho_EigVec2 = -9.8238608764E-02  9.3658525329E-01  3.3638852399E-01
HessDelSqRho_EigVec3 = -5.7417176961E-01 -3.2943139633E-01  7.4953434484E-01
</CP of DelSqRho>
<CP of DelSqRho>
CP# = 50      
Type = (3,+3)
Coords =  3.11825463602282E-01  1.88139564730775E-01 -4.43686596884231E-01
DistFromNuc =  5.8100967586E-01
Rho =  4.4084944536E+00
DelSqRho = -8.0587942303E+01
GradDelSqRho = -2.1316282073E-13  6.6791017161E-13 -2.0605739337E-13
HessDelSqRho_EigVals =  1.2864450485E+03  2.0411884029E+03  1.0166749371E+04
HessDelSqRho_EigVec1 = -8.2087940512E-01  1.0762350427E-01 -5.6086913231E-01
HessDelSqRho_EigVec2 = -1.0143719010E-01  9.3899138772E-01  3.2864216139E-01
HessDelSqRho_EigVec3 = -5.6202090594E-01 -3.2666857074E-01  7.5988166591E-01
</CP of DelSqRho>
<CP of DelSqRho>
CP# = 51      
Type = (3,+3)
Coords = -3.22621978089113E-01  4.81767182230523E-01 -9.75900163657776E-02
DistFromNuc =  5.8141361489E-01
Rho =  4.4199860621E+00
DelSqRho = -7.9880130008E+01
GradDelSqRho =  4.3343106881E-12 -7.2759576142E-12  1.4779288904E-12
HessDelSqRho_EigVals =  1.4056918151E+03  1.8523421546E+03  1.0080901876E+04
HessDelSqRho_EigVec1 = -8.2657097015E-01 -5.5079131896E-01 -1.1579876626E-01
HessDelSqRho_EigVec2 = -1.8647383600E-01  7.3872394127E-02  9.7967871156E-01
HessDelSqRho_EigVec3 = -5.3104419759E-01  8.3136742319E-01 -1.6376894656E-01
</CP of DelSqRho>
<CP of DelSqRho>
CP# = 52      
Type = (3,+3)
Coords =  2.85676825064941E-01 -4.89047547295168E-01  9.70093586870188E-02
DistFromNuc =  5.8068306826E-01
Rho =  4.4290513920E+00
DelSqRho = -8.1036059230E+01
GradDelSqRho = -1.6342482922E-13  4.5474735089E-13  1.1368683772E-13
HessDelSqRho_EigVals =  1.3753035748E+03  1.9697054226E+03  1.0212380317E+04
HessDelSqRho_EigVec1 =  8.4529453091E-01  5.3170712908E-01  5.2580270973E-02
HessDelSqRho_EigVec2 = -1.3489908268E-01  1.1716091051E-01  9.8390830799E-01
HessDelSqRho_EigVec3 = -5.1699070930E-01  8.3878534199E-01 -1.7076228086E-01
</CP of DelSqRho>
<CP of DelSqRho>
CP# = 53      
Type = (3,-3)
Coords = -4.00567271852934E-01  2.64126963067023E-01 -7.55685207908337E-01
DistFromNuc =  8.8762752176E-01
Rho =  1.1269306155E+00
DelSqRho =  1.1770050348E+01
GradDelSqRho = -8.7929663550E-14  2.6401103526E-13 -2.7000623959E-13
HessDelSqRho_EigVals = -3.5856290164E+02 -1.1632432173E+02 -7.3512021563E+01
HessDelSqRho_EigVec1 =  4.3758223476E-01 -3.0298649806E-01  8.4659374544E-01
HessDelSqRho_EigVec2 = -5.7865056062E-02  9.3007890539E-01  3.6277384834E-01
HessDelSqRho_EigVec3 = -8.9731456196E-01 -2.0773158581E-01  3.8945367522E-01
</CP of DelSqRho>
<CP of DelSqRho>
CP# = 54      
Type = (3,-1)
Coords = -7.75278849843139E-02  9.19121336019443E-01  3.70333015600325E-01
DistFromNuc =  9.9541812616E-01
Rho =  9.4593633342E-01
DelSqRho =  6.6023884696E+00
GradDelSqRho = -1.7763568394E-15 -1.9984014443E-14  1.7763568394E-15
HessDelSqRho_EigVals = -2.4396546143E+02 -4.1853535488E+01  3.4939035524E+01
HessDelSqRho_EigVec1 = -6.0183444193E-02  9.2951962029E-01  3.6382857027E-01
HessDelSqRho_EigVec2 =  6.7717442747E-01 -2.2976623361E-01  6.9902952204E-01
HessDelSqRho_EigVec3 =  7.3335717616E-01  2.8844540800E-01 -6.1561879339E-01
</CP of DelSqRho>
<CP of DelSqRho>
CP# = 55      
Type = (3,-1)
Coords =  4.78793127850944E-02 -9.22242527635087E-01 -3.71605816164187E-01
DistFromNuc =  9.9375940746E-01
Rho =  9.4763510364E-01
DelSqRho =  6.4965202748E+00
GradDelSqRho =  5.1070259133E-14  3.7969627442E-14 -7.9936057773E-14
HessDelSqRho_EigVals = -2.4239300876E+02 -4.1968088638E+01  3.6339086390E+01
HessDelSqRho_EigVec1 = -6.7686733503E-02  9.2124880711E-01  3.8303934719E-01
HessDelSqRho_EigVec2 =  6.8011931066E-01 -2.3828922128E-01  6.9329356718E-01
HessDelSqRho_EigVec3 =  7.2997001950E-01  3.0743923369E-01 -6.1043008462E-01
</CP of DelSqRho>
<CP of DelSqRho>
CP# = 56      
Type = (3,+1)
Coords =  4.77144832671986E-01  6.05159031456397E-01  7.82613044958186E-01
DistFromNuc =  1.1071335716E+00
Rho =  7.7879677060E-01
DelSqRho =  3.3704135521E+00
GradDelSqRho =  9.7699626167E-15 -4.8849813084E-15 -8.8817841970E-15
HessDelSqRho_EigVals = -1.0995689305E+02  1.4100474257E+01  2.0564712984E+01
HessDelSqRho_EigVec1 =  4.4860350840E-01  5.4102487924E-01  7.1136978590E-01
HessDelSqRho_EigVec2 =  8.9372805843E-01 -2.7356506699E-01 -3.5554509096E-01
HessDelSqRho_EigVec3 = -2.2471832358E-03 -7.9526991278E-01  6.0625136371E-01
</CP of DelSqRho>
<CP of DelSqRho>
CP# = 57      
Type = (3,-1)
Coords =  9.64044388443071E-01 -8.09661431660448E-02  1.36967359831210E-01
DistFromNuc =  9.9141230749E-01
Rho =  9.4988916016E-01
DelSqRho =  6.5820983387E+00
GradDelSqRho = -3.4638958368E-14 -5.1070259133E-15  2.2204460493E-15
HessDelSqRho_EigVals = -2.4449176192E+02 -1.1622824064E+01  8.8967635065E+00
HessDelSqRho_EigVec1 =  9.8709105919E-01 -7.7642056098E-02  1.4008194743E-01
HessDelSqRho_EigVec2 =  7.7537370829E-02  9.9697008574E-01  6.2132333434E-03
HessDelSqRho_EigVec3 = -1.4013991936E-01  4.7285588227E-03  9.9012041880E-01
</CP of DelSqRho>
<CP of DelSqRho>
CP# = 58      
Type = (3,+1)
Coords = -6.49407449539531E-01 -3.63537140562750E-01  8.35953133832018E-01
DistFromNuc =  1.1118823312E+00
Rho =  7.6820517832E-01
DelSqRho =  3.2332028666E+00
GradDelSqRho =  3.5527136788E-15 -1.4654943925E-14  3.5527136788E-14
HessDelSqRho_EigVals = -1.0461804212E+02  1.4627437147E+01  2.1941485959E+01
HessDelSqRho_EigVec1 = -5.7440603654E-01 -3.2270815478E-01  7.5227465198E-01
HessDelSqRho_EigVec2 =  8.1093885981E-01 -9.9139610088E-02  5.7667105300E-01
HessDelSqRho_EigVec3 = -1.1151623575E-01  9.4129208248E-01  3.1864297359E-01
</CP of DelSqRho>
<CP of DelSqRho>
CP# = 59      
Type = (3,+1)
Coords =  6.14296147873526E-01  3.68926956566029E-01 -8.41560341738441E-01
DistFromNuc =  1.1124439403E+00
Rho =  7.6359960626E-01
DelSqRho =  3.2633275577E+00
GradDelSqRho = -1.6875389974E-14  5.7731597281E-15  1.6875389974E-14
HessDelSqRho_EigVals = -1.0549343092E+02  1.4580180505E+01  2.0553134437E+01
HessDelSqRho_EigVec1 = -5.6780127943E-01 -3.3903899594E-01  7.5010283716E-01
HessDelSqRho_EigVec2 =  8.1993257612E-01 -1.5225913665E-01  5.5184030835E-01
HessDelSqRho_EigVec3 = -7.2885373681E-02  9.2836938475E-01  3.6444204994E-01
</CP of DelSqRho>
<CP of DelSqRho>
CP# = 60      
Type = (3,-1)
Coords = -9.88977562245837E-01  5.79580716117300E-02 -1.34541097122635E-01
DistFromNuc =  9.8537894180E-01
Rho =  9.6942742866E-01
DelSqRho =  6.9429913646E+00
GradDelSqRho = -3.0198066270E-14  1.0658141036E-14 -1.9984014443E-14
HessDelSqRho_EigVals = -2.5377281991E+02 -1.2687673998E+01  5.4211080926E+00
HessDelSqRho_EigVec1 =  9.8942921754E-01 -6.0271751871E-02  1.3189821608E-01
HessDelSqRho_EigVec2 =  6.1677948321E-02  9.9807429369E-01 -6.5981026501E-03
HessDelSqRho_EigVec3 = -1.3124653965E-01  1.4663566897E-02  9.9124130545E-01
</CP of DelSqRho>
<CP of DelSqRho>
CP# = 61      
Type = (3,+1)
Coords = -4.98333253629398E-01 -6.18905373599600E-01 -7.84772147483173E-01
DistFromNuc =  1.1079845280E+00
Rho =  7.7844468420E-01
DelSqRho =  3.2669812235E+00
GradDelSqRho =  8.8817841970E-16 -3.9968028887E-15  1.5099033135E-14
HessDelSqRho_EigVals = -1.0731287299E+02  1.5110356222E+01  2.1553010220E+01
HessDelSqRho_EigVec1 =  4.3303340066E-01  5.5912842890E-01  7.0700599284E-01
HessDelSqRho_EigVec2 =  8.9860188106E-01 -3.2929610381E-01 -2.8996333454E-01
HessDelSqRho_EigVec3 = -7.0687575128E-02 -7.6088072391E-01  6.4503006962E-01
</CP of DelSqRho>
<CP of DelSqRho>
CP# = 62      
Type = (3,-1)
Coords = -9.41274519579724E-02  1.46818918087469E-01  9.73338868182732E-01
DistFromNuc =  9.8985562088E-01
Rho =  9.5141099441E-01
DelSqRho =  6.6858681766E+00
GradDelSqRho = -3.9968028887E-15 -1.1546319456E-14  4.2188474936E-14
HessDelSqRho_EigVals = -2.4850298561E+02 -4.3940195528E+01  3.5297796964E+01
HessDelSqRho_EigVec1 = -7.3061141616E-02  1.4016032359E-01  9.8742956877E-01
HessDelSqRho_EigVec2 =  7.0078472294E-01  7.1167647547E-01 -4.9166720080E-02
HessDelSqRho_EigVec3 =  7.0962161867E-01 -6.8838338007E-01  1.5021810929E-01
</CP of DelSqRho>
<CP of DelSqRho>
CP# = 63      
Type = (3,-1)
