 AIMInt (Version 19.02.13, Professional)
 Portions Copyright (c) 1997-2019 by Todd A. Keith
 AIMInt is a component of the AIMAll package ( http://aim.tkgristmill.com )

 TP:  64-bit Linux

 Licensed To:  Research Group of Fernando Cortes Guzman, UNAM, fercor@unam.mx

 AIMInt is a heavily modified and extended version of the PROAIMV program
 developed by members of R.F.W. Bader's research group

 Much of the Quantum Theory of Atoms in Molecules (QTAIM) is described in the book:
   "Atoms in Molecules - A Quantum Theory"
   R.F.W. Bader, Oxford University Press, Oxford, 1990

 For additional references see:  http://aim.tkgristmill.com/references.html

 Current Directory:  /home/scratch/M_H2O_4_tetraedrico/Opt

 Inp File:  Fe3_tetraedrico_cc-pvtz-def2-tzv_1_atomicfiles/o2.inp
 Wfx File:  Fe3_tetraedrico_cc-pvtz-def2-tzv_1.wfx
 Out File:  Fe3_tetraedrico_cc-pvtz-def2-tzv_1_atomicfiles/o2.int

 Wfx Title:   Fe3_tetraedrico_cc-pvtz-def2-tzv_1                                            
 Job Title:   Fe3_tetraedrico_cc-pvtz-def2-tzv_1                                            
 
<Atom>
O2      
</Atom>
<Nuclei of Molecule>
    13
Fe1       26.0          -1.4383133817E-02  -1.8641573357E-03  -2.0320033271E-03
O2         8.0           1.5916466642E+00  -1.6478117374E+00  -2.5594373073E+00
H3         1.0           1.5568835511E+00  -3.5141823315E+00  -2.8104637647E+00
O4         8.0           6.9565869367E-01  -1.5533608824E+00   2.9841855895E+00
H5         1.0          -3.1786802677E-01  -1.2341473125E+00   4.5413947750E+00
O6         8.0           1.0643362457E+00   3.2617322302E+00   1.1671165944E-01
H7         1.0           6.7223129424E-01   4.5585794029E+00  -1.1940147640E+00
O8         8.0          -3.4091737987E+00  -6.8014860274E-02  -5.4958793600E-01
H9         1.0          -4.3669653413E+00  -1.4059370549E+00  -1.4700242702E+00
H10        1.0          -4.7055729660E+00   1.1963880004E+00  -2.4521615137E-02
H11        1.0           2.5955237519E+00   3.8452070597E+00   1.0446654375E+00
H12        1.0           2.3128417530E+00  -2.3593102479E+00   3.5146937736E+00
H13        1.0           3.0871450239E+00  -9.7848742674E-01  -3.4838735303E+00
</Nuclei of Molecule>
<Total Number of CPs of DelSqRho>
    36
</Total Number of CPs of DelSqRho>
<Number of (3,+3) CPs of DelSqRho>
     5
</Number of (3,+3) CPs of DelSqRho>
<Number of (3,+1) CPs of DelSqRho>
    14
</Number of (3,+1) CPs of DelSqRho>
<Number of (3,-1) CPs of DelSqRho>
    13
</Number of (3,-1) CPs of DelSqRho>
<Number of (3,-3) CPs of DelSqRho>
     4
</Number of (3,-3) CPs of DelSqRho>
<Number of Degenerate CPs of DelSqRho>
     0
</Number of Degenerate CPs of DelSqRho>
<CP of DelSqRho>
CP# = 1       
Type = (3,+3)
Coords =  1.59164690142082E+00 -1.64781187871945E+00 -2.55943729037969E+00
DistFromNuc =  2.7662789854E-07
Rho =  2.9721365782E+02
DelSqRho = -3.3282303780E+06
GradDelSqRho = -7.5858406490E-06 -1.9228136807E-06  1.5459092538E-05
HessDelSqRho_EigVals =  1.3235549840E+11  1.3235552005E+11  1.3235552489E+11
HessDelSqRho_EigVec1 =  6.7126575509E-01 -2.1847963979E-01  7.0828591194E-01
HessDelSqRho_EigVec2 = -5.3538172610E-01  5.1793789091E-01  6.6716320981E-01
HessDelSqRho_EigVec3 =  5.1260968915E-01  8.2704714990E-01 -2.3070396276E-01
</CP of DelSqRho>
<CP of DelSqRho>
CP# = 2       
Type = (3,-1)
Coords =  7.28646238186808E-01 -7.20593023792759E-01 -1.70759797143896E+00
DistFromNuc =  1.5264778192E+00
Rho =  1.4316352037E-01
DelSqRho =  3.4945325615E-01
GradDelSqRho = -2.6020852140E-16  4.1633363423E-17  5.6378512969E-16
HessDelSqRho_EigVals = -6.4103193345E-01 -1.2426640718E-01  4.8662637194E+00
HessDelSqRho_EigVec1 =  5.9603110165E-01 -4.8188899440E-01  6.4228492349E-01
HessDelSqRho_EigVec2 = -6.5906190757E-01 -7.5052307440E-01  4.8502750235E-02
HessDelSqRho_EigVec3 = -4.5867671389E-01  4.5221467454E-01  7.6492977473E-01
</CP of DelSqRho>
<CP of DelSqRho>
CP# = 3       
Type = (3,+1)
Coords =  2.51993279533937E+00 -1.22966397196479E+00 -3.12377647234563E+00
DistFromNuc =  1.1640624503E+00
Rho =  4.0480681854E-01
DelSqRho = -9.1736457615E-01
GradDelSqRho =  4.1078251911E-15 -2.0539125956E-15  9.4368957093E-16
HessDelSqRho_EigVals = -2.9741233986E+01  1.4059406085E+01  1.4835096629E+01
HessDelSqRho_EigVec1 =  7.9328310973E-01  3.5215480910E-01 -4.9667786164E-01
HessDelSqRho_EigVec2 =  5.9311662232E-01 -2.6270136732E-01  7.6105233981E-01
HessDelSqRho_EigVec3 = -1.3753028807E-01  8.9831786247E-01  4.1726542851E-01
</CP of DelSqRho>
<CP of DelSqRho>
CP# = 4       
Type = (3,+1)
Coords =  1.48936545436251E+00 -1.62029252904572E+00 -2.68927676455599E+00
DistFromNuc =  1.6756204037E-01
Rho =  2.2736560606E+01
DelSqRho =  1.2502687229E+03
GradDelSqRho =  7.4464878708E-12 -1.1723955140E-13  7.4464878708E-12
HessDelSqRho_EigVals = -4.3097092297E+05  2.2021828029E+03  2.5922770597E+03
HessDelSqRho_EigVec1 =  6.1231169946E-01 -1.6591075229E-01  7.7301229290E-01
HessDelSqRho_EigVec2 =  6.1817884907E-01 -5.0906096835E-01 -5.9892557223E-01
HessDelSqRho_EigVec3 =  4.9287857863E-01  8.4458898452E-01 -2.0914146876E-01
</CP of DelSqRho>
<CP of DelSqRho>
CP# = 5       
Type = (3,+1)
Coords =  1.72081304688240E+00 -1.70119491080405E+00 -2.46473855341848E+00
DistFromNuc =  1.6882408479E-01
Rho =  2.2458145628E+01
DelSqRho =  1.2221658372E+03
GradDelSqRho = -2.1174173526E-12 -1.8118839762E-13  1.9610979507E-12
HessDelSqRho_EigVals = -4.0140844891E+05  3.1767337879E+03  3.4989011907E+03
HessDelSqRho_EigVec1 =  7.6420325340E-01 -3.1516400128E-01  5.6272998835E-01
HessDelSqRho_EigVec2 = -4.1085920321E-01  4.3467759804E-01  8.0140507915E-01
HessDelSqRho_EigVec3 =  4.9718015108E-01  8.4363916342E-01 -2.0269400416E-01
</CP of DelSqRho>
<CP of DelSqRho>
CP# = 6       
Type = (3,-3)
Coords =  1.53004506899964E+00 -1.51348474616586E+00 -2.48108247217624E+00
DistFromNuc =  1.6726618696E-01
Rho =  2.2653263778E+01
DelSqRho =  1.2889939888E+03
GradDelSqRho = -3.4106051316E-12  1.2107648217E-11 -2.1600499167E-12
HessDelSqRho_EigVals = -4.4353522199E+05 -3.1999359031E+03 -1.3495312165E+02
HessDelSqRho_EigVec1 = -3.7081675579E-01  8.0274414790E-01  4.6700831539E-01
HessDelSqRho_EigVec2 =  6.5178111746E-01 -1.3326788583E-01  7.4660635246E-01
HessDelSqRho_EigVec3 =  6.6157109108E-01  5.8124134713E-01 -4.7379551267E-01
</CP of DelSqRho>
<CP of DelSqRho>
CP# = 7       
Type = (3,-1)
Coords =  1.64689672433193E+00 -1.71750131398457E+00 -2.70222186676200E+00
DistFromNuc =  1.6821604157E-01
Rho =  2.2449702432E+01
DelSqRho =  1.2662744882E+03
GradDelSqRho = -2.1174173526E-12 -6.1959326558E-12 -7.0485839387E-12
HessDelSqRho_EigVals = -4.2015747491E+05 -2.2338163386E+03  5.9176462122E+02
HessDelSqRho_EigVec1 = -3.2550212596E-01  4.1292313874E-01  8.5061321850E-01
HessDelSqRho_EigVec2 = -8.0175203972E-01  3.5635702417E-01 -4.7979510015E-01
HessDelSqRho_EigVec3 =  5.0124049397E-01  8.3815520807E-01 -2.1506699976E-01
</CP of DelSqRho>
<CP of DelSqRho>
CP# = 8       
Type = (3,-1)
Coords =  1.94472855783194E+00 -2.00229970513119E+00 -3.08127125708602E+00
DistFromNuc =  7.2293790465E-01
Rho =  6.6332199045E-01
DelSqRho = -9.3987994730E-01
GradDelSqRho =  6.1106675275E-13 -1.0820233598E-12 -2.6840751843E-12
HessDelSqRho_EigVals = -1.8665618055E+01 -8.0824885730E+00  1.3542704450E+02
HessDelSqRho_EigVec1 =  5.0230502145E-01  8.3462103472E-01 -2.2604732653E-01
HessDelSqRho_EigVec2 =  7.2095310089E-01 -2.5990996098E-01  6.4239663643E-01
HessDelSqRho_EigVec3 = -4.7740579358E-01  4.8564857725E-01  7.3227670157E-01
</CP of DelSqRho>
<CP of DelSqRho>
CP# = 9       
Type = (3,-1)
Coords =  1.12451146223121E+00 -2.04164850214167E+00 -2.19084777539027E+00
DistFromNuc =  7.1356915378E-01
Rho =  6.8033405009E-01
DelSqRho = -1.0959612972E+00
GradDelSqRho =  1.2434497876E-14  1.5543122345E-15 -1.0658141036E-14
HessDelSqRho_EigVals = -1.5074269509E+01 -1.1330402449E+01  1.4545095401E+02
HessDelSqRho_EigVec1 = -4.0877575316E-01  8.3994095967E-01  3.5693356231E-01
HessDelSqRho_EigVec2 = -6.2556842934E-01  2.6889924051E-02 -7.7970576001E-01
HessDelSqRho_EigVec3 =  6.6450472070E-01  5.4201117724E-01 -5.1444859792E-01
</CP of DelSqRho>
<CP of DelSqRho>
CP# = 10      
Type = (3,-1)
Coords =  1.77409907859141E+00 -9.63075034960093E-01 -2.47363285871249E+00
DistFromNuc =  7.1380364149E-01
Rho =  6.7814899475E-01
DelSqRho = -1.0572462086E+00
GradDelSqRho =  5.3290705182E-15 -6.6613381478E-15 -4.4408920985E-16
HessDelSqRho_EigVals = -1.5258754290E+01 -1.1872099435E+01  1.4480813674E+02
HessDelSqRho_EigVec1 =  8.3358783767E-01 -1.4352187216E-01 -5.3341615002E-01
HessDelSqRho_EigVec2 =  4.9652646357E-01 -2.2847525427E-01  8.3741299797E-01
HessDelSqRho_EigVec3 =  2.4205947174E-01  9.6291252479E-01  1.1919178554E-01
</CP of DelSqRho>
<CP of DelSqRho>
CP# = 11      
Type = (3,+3)
Coords =  1.58682651906782E+00 -2.36180776215950E+00 -2.60837986792535E+00
DistFromNuc =  7.1568773315E-01
Rho =  7.7027912092E-01
DelSqRho = -3.2206521515E+00
GradDelSqRho = -4.4408920985E-15  2.5313084961E-14  4.4408920985E-16
HessDelSqRho_EigVals =  1.1208505880E+01  2.3927472391E+01  1.4947897383E+02
HessDelSqRho_EigVec1 =  6.9607212940E-01 -2.5625464861E-02  7.1751440838E-01
HessDelSqRho_EigVec2 =  7.1797185078E-01  2.4997358427E-02 -6.9562314047E-01
HessDelSqRho_EigVec3 = -1.1029849980E-04  9.9935902839E-01  3.5798326943E-02
</CP of DelSqRho>
<CP of DelSqRho>
CP# = 12      
Type = (3,+1)
Coords =  2.25238360717340E+00 -1.55275976000100E+00 -2.43760101943144E+00
DistFromNuc =  6.7856633225E-01
Rho =  8.1352442909E-01
DelSqRho = -2.7711016226E+00
GradDelSqRho =  2.9309887850E-13 -1.3944401189E-13  4.8716586321E-13
HessDelSqRho_EigVals = -9.2118722087E+00  1.3249280636E+01  2.0460349394E+02
HessDelSqRho_EigVec1 = -1.9270027179E-01 -3.9271834319E-01  8.9924351995E-01
HessDelSqRho_EigVec2 = -1.8994511895E-01  9.1401488581E-01  3.5846567522E-01
HessDelSqRho_EigVec3 =  9.6269800926E-01  1.0173048433E-01  2.5072584932E-01
</CP of DelSqRho>
<CP of DelSqRho>
CP# = 13      
Type = (3,+1)
Coords =  1.25779084243284E+00 -2.15592783540518E+00 -2.88188497442154E+00
DistFromNuc =  6.8819632140E-01
Rho =  7.8735728851E-01
DelSqRho = -2.6193577797E+00
GradDelSqRho =  2.1094237468E-15  2.2204460493E-14  5.3290705182E-15
HessDelSqRho_EigVals = -1.4357527815E+01  1.4575742064E+01  1.9527715417E+02
HessDelSqRho_EigVec1 =  5.4491337028E-01 -7.3946670734E-01  3.9529534228E-01
HessDelSqRho_EigVec2 = -6.4054525218E-01 -6.2891322266E-02  7.6534074862E-01
HessDelSqRho_EigVec3 =  5.4108335661E-01  6.7024896145E-01  5.0793221091E-01
</CP of DelSqRho>
<CP of DelSqRho>
CP# = 14      
Type = (3,+1)
Coords =  1.28600652330577E+00 -1.32865989115725E+00 -2.03522659332408E+00
DistFromNuc =  6.8561699904E-01
Rho =  7.9477573202E-01
DelSqRho = -2.9924857877E+00
GradDelSqRho =  2.6645352591E-14 -3.5527136788E-14 -2.8421709430E-14
HessDelSqRho_EigVals = -4.5770913507E+00  1.6367116520E+01  2.0355047256E+02
HessDelSqRho_EigVec1 = -7.3863281024E-01  2.8125970150E-01 -6.1262921245E-01
HessDelSqRho_EigVec2 =  5.0039724012E-01  8.3771342666E-01 -2.1872086519E-01
HessDelSqRho_EigVec3 = -4.5169035158E-01  4.6811237444E-01  7.5950420090E-01
</CP of DelSqRho>
<CP of DelSqRho>
CP# = 15      
Type = (3,+1)
Coords =  1.86344947223959E+00 -2.19676777239839E+00 -2.26736639651048E+00
DistFromNuc =  6.7862722590E-01
Rho =  8.1253452118E-01
DelSqRho = -2.7565898422E+00
GradDelSqRho = -8.4376949872E-15  1.0214051827E-14 -9.1038288019E-15
HessDelSqRho_EigVals = -9.1832736617E+00  1.3072863947E+01  2.0449470608E+02
HessDelSqRho_EigVec1 =  4.4155467346E-01  6.4939873175E-01  6.1912095551E-01
HessDelSqRho_EigVec2 = -7.8012818903E-01 -6.2977541917E-02  6.2244183495E-01
HessDelSqRho_EigVec3 = -4.4320365413E-01  7.5783581099E-01 -4.7880622860E-01
</CP of DelSqRho>
<CP of DelSqRho>
CP# = 16      
Type = (3,+3)
Coords =  1.09866548596551E+00 -1.43295299271876E+00 -2.88335004348312E+00
DistFromNuc =  6.2778514073E-01
Rho =  1.0013715868E+00
DelSqRho = -4.8938382862E+00
GradDelSqRho = -1.7763568394E-14  2.2204460493E-14 -7.1054273576E-15
HessDelSqRho_EigVals =  1.7195484734E+01  2.4595246654E+01  3.9294707848E+02
HessDelSqRho_EigVec1 = -3.7449948438E-01  4.2908272279E-01  8.2197211218E-01
HessDelSqRho_EigVec2 =  5.0220162447E-01  8.3906505121E-01 -2.0919696034E-01
HessDelSqRho_EigVec3 =  7.7945087374E-01 -3.3445157623E-01  5.2971546945E-01
</CP of DelSqRho>
<CP of DelSqRho>
CP# = 17      
Type = (3,+3)
Coords =  1.89825176838955E+00 -1.67661090011000E+00 -1.97984198487363E+00
DistFromNuc =  6.5632828637E-01
Rho =  8.7357610764E-01
DelSqRho = -3.4023787754E+00
GradDelSqRho =  2.1316282073E-14 -6.6613381478E-16  6.3948846218E-14
HessDelSqRho_EigVals =  4.6295606412E+00  1.3958875478E+01  2.5478906293E+02
HessDelSqRho_EigVec1 = -7.1524679159E-01  5.3872975609E-01  4.4518791205E-01
HessDelSqRho_EigVec2 =  4.9629729439E-01  8.4003039172E-01 -2.1917558387E-01
HessDelSqRho_EigVec3 =  4.9204778499E-01 -6.4180923089E-02  8.6819916287E-01
</CP of DelSqRho>
<CP of DelSqRho>
CP# = 18      
Type = (3,+1)
Coords =  1.78353179594354E+00 -1.28811801531588E+00 -3.11298568651888E+00
DistFromNuc =  6.8747020707E-01
Rho =  7.9042917900E-01
DelSqRho = -2.6539070132E+00
GradDelSqRho = -2.7533531011E-14 -3.5305092183E-14  5.7731597281E-14
HessDelSqRho_EigVals = -1.4335653567E+01  1.4983918680E+01  1.9672910353E+02
HessDelSqRho_EigVec1 =  9.7876881363E-01 -2.5484090273E-02  2.0337691757E-01
HessDelSqRho_EigVec2 = -8.6486053137E-02  8.4823581306E-01  5.2250949088E-01
HessDelSqRho_EigVec3 = -1.8582726407E-01 -5.2900526140E-01  8.2802274204E-01
</CP of DelSqRho>
<CP of DelSqRho>
CP# = 19      
Type = (3,+3)
Coords =  2.17764823761789E+00 -1.38212607934790E+00 -2.87170661892864E+00
DistFromNuc =  7.1519146801E-01
Rho =  7.7245859664E-01
DelSqRho = -3.2464468403E+00
GradDelSqRho =  1.7763568394E-15 -7.3274719625E-15  8.8817841970E-15
HessDelSqRho_EigVals =  1.1281204980E+01  2.4295044726E+01  1.5019916598E+02
HessDelSqRho_EigVec1 =  5.2934105382E-01 -3.0676953008E-01  7.9100600766E-01
HessDelSqRho_EigVec2 = -1.7438521074E-01  8.7309175748E-01  4.5530273588E-01
HessDelSqRho_EigVec3 =  8.3029383173E-01  3.7895017936E-01 -4.0866724184E-01
</CP of DelSqRho>
<CP of DelSqRho>
CP# = 20      
Type = (3,+1)
Coords =  1.15884820666771E+00 -1.11957824651954E+00 -1.50947431296416E+00
DistFromNuc =  1.2525044572E+00
Rho =  2.4290596121E-01
DelSqRho =  3.4505832258E-01
GradDelSqRho = -1.5813739207E-14  7.5495165675E-15  8.5736973077E-14
HessDelSqRho_EigVals = -8.3624036694E+00  8.4692011901E-01  1.2489007590E+00
HessDelSqRho_EigVec1 = -3.2758893516E-01  4.1191193578E-01  8.5030232666E-01
HessDelSqRho_EigVec2 = -8.5057174860E-01  2.6325296515E-01 -4.5522036073E-01
HessDelSqRho_EigVec3 =  4.1135530876E-01  8.7236829006E-01 -2.6412189696E-01
</CP of DelSqRho>
<CP of DelSqRho>
CP# = 21      
Type = (3,-1)
Coords =  1.85165389341976E+00 -2.41590362000963E+00 -1.69148881281324E+00
DistFromNuc =  1.1878145851E+00
Rho =  2.4237134582E-01
DelSqRho =  7.2208012969E-01
GradDelSqRho = -5.5511151231E-17  1.5543122345E-15 -2.8865798640E-15
HessDelSqRho_EigVals = -1.7082596531E+01 -1.3833633593E+00  2.6540776998E-01
HessDelSqRho_EigVec1 =  2.1038265330E-01 -6.2367548199E-01  7.5283997792E-01
HessDelSqRho_EigVec2 =  7.1295255671E-02  7.7781232450E-01  6.2443972838E-01
HessDelSqRho_EigVec3 =  9.7501596177E-01  7.7697368175E-02 -2.0810332354E-01
</CP of DelSqRho>
<CP of DelSqRho>
CP# = 22      
Type = (3,-1)
Coords =  1.47639359030634E+00 -9.02115408439165E-01 -3.47591323706761E+00
DistFromNuc =  1.1871286434E+00
Rho =  2.4251078145E-01
DelSqRho =  7.4224112554E-01
GradDelSqRho = -3.4000580129E-16  1.3183898417E-15 -1.8596235662E-15
HessDelSqRho_EigVals = -1.7765487267E+01 -1.0647211478E+00  2.6782352450E-01
HessDelSqRho_EigVec1 =  1.1257465415E-01 -6.3418478639E-01  7.6494222263E-01
HessDelSqRho_EigVec2 =  9.8813403061E-01 -9.5029847569E-03 -1.5329980701E-01
HessDelSqRho_EigVec3 =  1.0448963964E-01  7.7312311439E-01  6.2558977390E-01
</CP of DelSqRho>
<CP of DelSqRho>
CP# = 23      
Type = (3,+1)
Coords =  1.56878766010916E+00 -2.80273004453318E+00 -2.70493473204829E+00
DistFromNuc =  1.1642715881E+00
Rho =  4.0395033441E-01
DelSqRho = -9.1150249483E-01
GradDelSqRho =  9.4368957093E-16 -2.6645352591E-15  1.8873791419E-15
HessDelSqRho_EigVals = -2.9405265846E+01  1.3954224560E+01  1.4666162689E+01
HessDelSqRho_EigVec1 =  1.7143539417E-02  9.8999391950E-01  1.4006476502E-01
HessDelSqRho_EigVec2 =  6.9460483584E-01 -1.1255469850E-01  7.1053188660E-01
HessDelSqRho_EigVec3 =  7.1918719475E-01  8.5108631712E-02 -6.8958414985E-01
</CP of DelSqRho>
<CP of DelSqRho>
CP# = 24      
Type = (3,-3)
Coords =  2.01614436891189E+00 -2.15497432772149E+00 -3.49896856065373E+00
DistFromNuc =  1.1489696124E+00
Rho =  2.4538305711E-01
DelSqRho =  8.8577746333E-01
GradDelSqRho =  1.6514567491E-15 -2.5812685323E-15 -3.2196467714E-15
HessDelSqRho_EigVals = -1.7782599512E+01 -2.5144487574E+00 -3.0334883067E-01
HessDelSqRho_EigVec1 = -3.6344172681E-01  4.3968144233E-01  8.2133448758E-01
HessDelSqRho_EigVec2 =  5.0419400015E-01  8.3418084770E-01 -2.2345183721E-01
HessDelSqRho_EigVec3 =  7.8338912517E-01 -3.3290019917E-01  5.2486087296E-01
</CP of DelSqRho>
<CP of DelSqRho>
CP# = 25      
Type = (3,-3)
Coords =  7.79449325778070E-01 -2.30054916460130E+00 -2.08095718958775E+00
DistFromNuc =  1.1465922939E+00
Rho =  2.4550549381E-01
DelSqRho =  8.2765299569E-01
GradDelSqRho = -7.7715611724E-16 -1.6653345369E-16 -1.6653345369E-16
HessDelSqRho_EigVals = -1.7477085608E+01 -1.7696436815E+00 -4.1718919433E-01
HessDelSqRho_EigVec1 =  7.1940723390E-01  5.3528564700E-01 -4.4263134540E-01
HessDelSqRho_EigVec2 = -3.5675968161E-01  8.3153623203E-01  4.2575817597E-01
HessDelSqRho_EigVec3 =  5.9596624182E-01 -1.4838049383E-01  7.8918151757E-01
</CP of DelSqRho>
<CP of DelSqRho>
CP# = 26      
Type = (3,-3)
Coords =  1.85793642375004E+00 -5.35854271453219E-01 -2.53372886278978E+00
DistFromNuc =  1.1436872677E+00
Rho =  2.4582586982E-01
DelSqRho =  8.4129310558E-01
GradDelSqRho =  1.3322676296E-15  1.4432899320E-15 -4.2327252814E-16
HessDelSqRho_EigVals = -1.7715941384E+01 -1.7913902807E+00 -5.2092020618E-01
HessDelSqRho_EigVec1 =  2.0293934618E-01  9.7761651906E-01  5.5511831401E-02
HessDelSqRho_EigVec2 =  7.8027749181E-01 -1.2720294773E-01 -6.1236136870E-01
HessDelSqRho_EigVec3 =  5.9159332108E-01 -1.6758684836E-01  7.8862664849E-01
</CP of DelSqRho>
<CP of DelSqRho>
CP# = 27      
Type = (3,-1)
Coords =  2.56889264729399E+00 -1.25750553187071E+00 -2.00476920099703E+00
DistFromNuc =  1.1895399757E+00
Rho =  2.4226909599E-01
DelSqRho =  7.1241514709E-01
GradDelSqRho =  1.1934897515E-15  2.7061686225E-16  3.6082248300E-16
HessDelSqRho_EigVals = -1.6908696961E+01 -1.3524188249E+00  3.1610935199E-01
HessDelSqRho_EigVec1 =  8.0318575527E-01  3.3377168549E-01  4.9344615156E-01
HessDelSqRho_EigVec2 = -4.7880934973E-01 -1.3114409710E-01  8.6806844915E-01
HessDelSqRho_EigVec3 = -3.5444921941E-01  9.3348684391E-01 -5.4479933006E-02
</CP of DelSqRho>
<CP of DelSqRho>
CP# = 28      
Type = (3,-1)
Coords =  6.98229461370152E-01 -2.17538581792970E+00 -3.13375194445414E+00
DistFromNuc =  1.1859030362E+00
Rho =  2.4245336463E-01
DelSqRho =  7.4727090022E-01
GradDelSqRho =  5.4345417055E-14  2.4986956948E-14  1.5829004774E-13
HessDelSqRho_EigVals = -1.7894939728E+01 -1.0394650607E+00  2.3980455229E-01
HessDelSqRho_EigVec1 =  7.6388207900E-01  4.3292277530E-01  4.7860426243E-01
HessDelSqRho_EigVec2 = -4.5103678285E-01  8.8855654120E-01 -8.3863541522E-02
HessDelSqRho_EigVec3 = -4.6157338517E-01 -1.5180627034E-01  8.7401651380E-01
</CP of DelSqRho>
<CP of DelSqRho>
CP# = 29      
Type = (3,-1)
Coords =  2.73933424261764E+00 -2.14967501708867E-01 -3.37976036871831E+00
DistFromNuc =  2.0107608775E+00
Rho =  7.1877732342E-02
DelSqRho =  1.9272623836E-01
GradDelSqRho =  3.1745439610E-16 -1.9428902931E-16 -9.7144514655E-17
HessDelSqRho_EigVals = -2.2083456137E+00 -2.1803260712E-02  4.7419078806E-01
HessDelSqRho_EigVec1 =  1.2784537472E-01  9.7320574626E-01 -1.9111811952E-01
HessDelSqRho_EigVec2 =  5.2307595051E-01  9.7557827525E-02  8.4668413254E-01
HessDelSqRho_EigVec3 =  8.4264293159E-01 -2.0821394222E-01 -4.9658820375E-01
</CP of DelSqRho>
<CP of DelSqRho>
CP# = 30      
Type = (3,-1)
Coords =  7.26107700590305E-01 -3.46435381663947E+00 -2.61915377288560E+00
DistFromNuc =  2.0130943543E+00
Rho =  7.1340655512E-02
DelSqRho =  1.8875188687E-01
GradDelSqRho =  2.5604518505E-15  2.4910629115E-15 -2.2724877535E-16
HessDelSqRho_EigVals = -2.0781670279E+00 -1.1146460314E-02  5.0139671193E-01
HessDelSqRho_EigVec1 =  8.2133077746E-01  5.6080607333E-01 -1.0446196497E-01
HessDelSqRho_EigVec2 =  2.3987642125E-01 -1.7338686333E-01  9.5519437716E-01
HessDelSqRho_EigVec3 = -5.1756647547E-01  8.0958850273E-01  2.7693212114E-01
</CP of DelSqRho>
<CP of DelSqRho>
CP# = 31      
Type = (3,-1)
Coords =  2.99743199070387E+00 -1.64020957721057E+00 -3.98852144912018E+00
DistFromNuc =  2.0046375387E+00
Rho =  7.2069466795E-02
DelSqRho =  1.9296256061E-01
GradDelSqRho = -9.1767565769E-13 -1.3312961844E-13  2.5248553248E-12
HessDelSqRho_EigVals = -2.3035223157E+00 -2.3840649916E-02  4.9792655813E-01
HessDelSqRho_EigVec1 = -3.6455752814E-01  4.7249713828E-01  8.0239906716E-01
HessDelSqRho_EigVec2 = -6.2876771124E-01  5.1068392400E-01 -5.8638988316E-01
HessDelSqRho_EigVec3 =  6.8683984594E-01  7.1829547130E-01 -1.1091727521E-01
</CP of DelSqRho>
<CP of DelSqRho>
CP# = 32      
Type = (3,-1)
Coords =  1.90603120377547E+00 -3.35873516363633E+00 -3.55793766936994E+00
DistFromNuc =  2.0057665822E+00
Rho =  7.1730472438E-02
DelSqRho =  1.9192121483E-01
GradDelSqRho = -9.6138375039E-15  1.2462253451E-14  1.6112111645E-14
HessDelSqRho_EigVals = -2.2608220751E+00 -2.0972730380E-02  5.0239767703E-01
HessDelSqRho_EigVec1 = -3.4524080223E-01  4.1752311058E-01  8.4052557404E-01
HessDelSqRho_EigVec2 =  8.9876584964E-01 -1.1079440253E-01  4.2419871273E-01
HessDelSqRho_EigVec3 =  2.7023829483E-01  9.0188638559E-01 -3.3700476481E-01
</CP of DelSqRho>
<CP of DelSqRho>
CP# = 33      
Type = (3,+1)
Coords =  2.51120852474745E+00 -8.16124596416786E-01 -4.11743794957342E+00
DistFromNuc =  1.9911462822E+00
Rho =  7.1390470237E-02
DelSqRho =  1.8838289853E-01
GradDelSqRho = -2.2464669014E-15  2.3227947343E-15 -5.9015292653E-15
HessDelSqRho_EigVals = -1.8575771368E+00  1.9771434693E-02  5.8424651796E-01
HessDelSqRho_EigVec1 =  3.6758282966E-02 -3.7563359180E-01  9.2603900206E-01
HessDelSqRho_EigVec2 = -1.7322822356E-01  9.1024145051E-01  3.7610169414E-01
HessDelSqRho_EigVec3 =  9.8419551472E-01  1.7424094378E-01  3.1611427014E-02
</CP of DelSqRho>
<CP of DelSqRho>
CP# = 34      
Type = (3,+1)
Coords =  8.83487343018437E-01 -3.34163357358299E+00 -3.34194885908579E+00
DistFromNuc =  1.9957069839E+00
Rho =  7.0964344523E-02
DelSqRho =  1.8747394649E-01
GradDelSqRho = -1.3808398869E-15  3.2005648132E-16  1.0061396161E-16
HessDelSqRho_EigVals = -1.8317015308E+00  1.2218327115E-02  5.8003911915E-01
HessDelSqRho_EigVec1 =  6.4427475744E-01  4.7950265326E-01  5.9580805839E-01
HessDelSqRho_EigVec2 = -6.3018141625E-01 -1.0856906075E-01  7.6881996700E-01
HessDelSqRho_EigVec3 = -4.3333753534E-01  8.7079846381E-01 -2.3222535585E-01
</CP of DelSqRho>
<CP of DelSqRho>
CP# = 35      
Type = (3,+1)
Coords =  2.11688220028392E+00 -3.54474279200359E+00 -2.11964249086331E+00
DistFromNuc =  2.0168389313E+00
Rho =  6.9916386126E-02
DelSqRho =  1.7863111092E-01
GradDelSqRho = -5.1221180075E-13  2.0859668159E-12 -1.0160448871E-12
HessDelSqRho_EigVals = -1.6780563931E+00  2.1094112318E-02  5.8500211393E-01
HessDelSqRho_EigVec1 = -4.9355281248E-01  6.9211281761E-01 -5.2667396840E-01
HessDelSqRho_EigVec2 = -7.7239735725E-01 -7.0469291309E-02  6.3121818850E-01
HessDelSqRho_EigVec3 =  3.9975985766E-01  7.1834109355E-01  5.6936642816E-01
</CP of DelSqRho>
<CP of DelSqRho>
CP# = 36      
Type = (3,+1)
Coords =  3.54715056676311E+00 -1.20250312336620E+00 -2.75554899583353E+00
DistFromNuc =  2.0151315265E+00
Rho =  7.0154942078E-02
DelSqRho =  1.7774800860E-01
GradDelSqRho = -1.3530843113E-16 -1.7347234760E-17 -3.5041414215E-16
HessDelSqRho_EigVals = -1.6612491202E+00  2.9146006250E-02  5.9056652940E-01
HessDelSqRho_EigVec1 =  9.4735627294E-01  3.4569469076E-02  3.1830966672E-01
HessDelSqRho_EigVec2 = -1.6463848423E-01  9.0524945319E-01  3.9168558437E-01
HessDelSqRho_EigVec3 = -2.7460928905E-01 -4.2347181642E-01  8.6328521305E-01
</CP of DelSqRho>
<Path of -GradDelSqRho>
Starting CP# =      3
Ending CP# =      0
Number of Points =     30
  2.5199327953E+00 -1.2296639720E+00 -3.1237764723E+00  4.0480681854E-01 -9.1736457615E-01
  2.5397637468E+00 -1.2208643208E+00 -3.1361982068E+00  3.9404530076E-01 -9.2658073753E-01
  2.5595919624E+00 -1.2120735457E+00 -3.1486305889E+00  3.8429096816E-01 -9.5398620723E-01
  2.5794168970E+00 -1.2032916291E+00 -3.1610744584E+00  3.7551149061E-01 -9.9937416503E-01
  2.5992381181E+00 -1.1945182588E+00 -3.1735302663E+00  3.6767092589E-01 -1.0627298115E+00
  2.6190553275E+00 -1.1857528761E+00 -3.1859980752E+00  3.6072985444E-01 -1.1441640059E+00
  2.6388683816E+00 -1.1769947416E+00 -3.1984775764E+00  3.5464538529E-01 -1.2437782499E+00
  2.6586773097E+00 -1.1682430138E+00 -3.2109681174E+00  3.4937112384E-01 -1.3614346810E+00
  2.6784823353E+00 -1.1594968375E+00 -3.2234687314E+00  3.4485726115E-01 -1.4964026861E+00
  2.6982839042E+00 -1.1507554379E+00 -3.2359781596E+00  3.4105104226E-01 -1.6468714135E+00
  2.7180827309E+00 -1.1420182236E+00 -3.2484948502E+00  3.3789799265E-01 -1.8093759399E+00
  2.7378798746E+00 -1.1332849042E+00 -3.2610169199E+00  3.3534440025E-01 -1.9783071066E+00
  2.7576768589E+00 -1.1245556372E+00 -3.2735420670E+00  3.3334159808E-01 -2.1458689875E+00
  2.7774757861E+00 -1.1158311972E+00 -3.2860675060E+00  3.3185245307E-01 -2.3030770028E+00
  2.7972790370E+00 -1.1071129592E+00 -3.2985904280E+00  3.3085999127E-01 -2.4425419909E+00
  2.8170867082E+00 -1.0984014988E+00 -3.3111110755E+00  3.3037715159E-01 -2.5636705044E+00
  2.8368890859E+00 -1.0896913563E+00 -3.3236410076E+00  3.3045527128E-01 -2.6803224085E+00
  2.8566674097E+00 -1.0809694100E+00 -3.3362006791E+00  3.3118732174E-01 -2.8298207859E+00
  2.8764172109E+00 -1.0722299840E+00 -3.3487930441E+00  3.3270066078E-01 -3.0806984673E+00
  2.8961484466E+00 -1.0634779216E+00 -3.3614057243E+00  3.3513405420E-01 -3.5351915626E+00
  2.9158697961E+00 -1.0547185628E+00 -3.3740287983E+00  3.3859571331E-01 -4.3218973076E+00
  2.9355858352E+00 -1.0459549811E+00 -3.3866572358E+00  3.4310346042E-01 -5.5747204633E+00
  2.9552987914E+00 -1.0371887608E+00 -3.3992886545E+00  3.4851482712E-01 -7.3966614513E+00
  2.9750097812E+00 -1.0284207286E+00 -3.4119218841E+00  3.5446281508E-01 -9.8117334828E+00
  2.9947193918E+00 -1.0196513257E+00 -3.4245563143E+00  3.6031997227E-01 -1.2715762580E+01
  3.0144279437E+00 -1.0108807780E+00 -3.4371916011E+00  3.6521564809E-01 -1.5845561493E+01
  3.0341356156E+00 -1.0021091643E+00 -3.4498275206E+00  3.6812424659E-01 -1.8790548714E+01
  3.0538425029E+00 -9.9333640031E-01 -3.4624638652E+00  3.6802331390E-01 -2.1063185862E+01
  3.0735486374E+00 -9.8456195975E-01 -3.4751002198E+00  3.6409265005E-01 -2.2220831609E+01
  3.0794602779E+00 -9.8192784383E-01 -3.4788901995E+00  3.6208949299E-01 -2.2304731788E+01
</Path of -GradDelSqRho>
<Path of -GradDelSqRho>
Starting CP# =      3
Ending CP# =     19
Number of Points =     19
  2.5199327953E+00 -1.2296639720E+00 -3.1237764723E+00  4.0480681854E-01 -9.1736457615E-01
  2.5000998011E+00 -1.2384719127E+00 -3.1113638777E+00  4.1660393152E-01 -9.2675233744E-01
  2.4802653733E+00 -1.2472878006E+00 -3.0989592178E+00  4.2946063955E-01 -9.5534174303E-01
  2.4604302523E+00 -1.2561106525E+00 -3.0865606189E+00  4.4339586808E-01 -1.0038531755E+00
  2.4405952100E+00 -1.2649391400E+00 -3.0741659063E+00  4.5842267010E-01 -1.0730353699E+00
  2.4207610467E+00 -1.2737715812E+00 -3.0617726037E+00  4.7454734736E-01 -1.1635384276E+00
  2.4009286042E+00 -1.2826059173E+00 -3.0493778980E+00  4.9176856857E-01 -1.2757561363E+00
  2.3810987974E+00 -1.2914396573E+00 -3.0369785515E+00  5.1007658259E-01 -1.4096414070E+00
  2.3612726750E+00 -1.3002697755E+00 -3.0245707366E+00  5.2945264494E-01 -1.5645011146E+00
  2.3414515223E+00 -1.3090925364E+00 -3.0121497557E+00  5.4986879385E-01 -1.7387793112E+00
  2.3216370345E+00 -1.3179032043E+00 -2.9997095735E+00  5.7128812557E-01 -1.9298401513E+00
  2.3018316157E+00 -1.3266955578E+00 -2.9872420248E+00  5.9366572572E-01 -2.1337630841E+00
  2.2820389242E+00 -1.3354610406E+00 -2.9747354109E+00  6.1695041007E-01 -2.3451615408E+00
  2.2622649408E+00 -1.3441871720E+00 -2.9621718293E+00  6.4108740494E-01 -2.5570299009E+00
  2.2425202965E+00 -1.3528542426E+00 -2.9495215569E+00  6.6602201738E-01 -2.7606073779E+00
  2.2228261734E+00 -1.3614273363E+00 -2.9367294041E+00  6.9170402258E-01 -2.9452141861E+00
  2.2032333034E+00 -1.3698320851E+00 -2.9236732976E+00  7.1809065226E-01 -3.0979570094E+00
  2.1839182491E+00 -1.3778425259E+00 -2.9099761558E+00  7.4512716545E-01 -3.2031452178E+00
  2.1776482376E+00 -1.3821260793E+00 -2.8717066189E+00  7.7245859664E-01 -3.2464468403E+00
</Path of -GradDelSqRho>
<Path of -GradDelSqRho>
Starting CP# =      4
Ending CP# =      1
Number of Points =      7
  1.4893654544E+00 -1.6202925290E+00 -2.6892767646E+00  2.2736560606E+01  1.2502687229E+03
  1.5046599917E+00 -1.6244286069E+00 -2.6699384651E+00  3.3080406530E+01  9.8544454364E+02
  1.5199341927E+00 -1.6285467605E+00 -2.6505802743E+00  4.8512410081E+01 -8.6873824348E+02
  1.5351995135E+00 -1.6326570928E+00 -2.6312134175E+00  7.1448643603E+01 -6.6119341730E+03
  1.5504579652E+00 -1.6367613779E+00 -2.6118398668E+00  1.0553113937E+02 -2.1475570556E+04
  1.5657054329E+00 -1.6408559969E+00 -2.5924556255E+00  1.5665933848E+02 -7.8112473147E+04
  1.5916469014E+00 -1.6478118787E+00 -2.5594372904E+00  2.9721365782E+02 -3.3282303780E+06
</Path of -GradDelSqRho>
<Path of -GradDelSqRho>
Starting CP# =      4
Ending CP# =     16
Number of Points =     27
  1.4893654544E+00 -1.6202925290E+00 -2.6892767646E+00  2.2736560606E+01  1.2502687229E+03
  1.4740460641E+00 -1.6161345222E+00 -2.7085906754E+00  1.5757390794E+01  1.1654936336E+03
  1.4587145074E+00 -1.6119657674E+00 -2.7278926143E+00  1.1032401797E+01  9.9251817463E+02
  1.4433796726E+00 -1.6077941106E+00 -2.7471913220E+00  7.8435476273E+00  7.8154523586E+02
  1.4280381078E+00 -1.6036164989E+00 -2.7664833911E+00  5.7002797797E+00  5.7795834926E+02
  1.4126832846E+00 -1.5994271529E+00 -2.7857623620E+00  4.2612527512E+00  4.1100141084E+02
  1.3973079445E+00 -1.5952196310E+00 -2.8050210104E+00  3.2928162542E+00  2.8617255691E+02
  1.3819046545E+00 -1.5909873112E+00 -2.8242518684E+00  2.6381038084E+00  1.9637449611E+02
  1.3664663224E+00 -1.5867238379E+00 -2.8434477104E+00  2.1925012641E+00  1.3231303314E+02
  1.3509858037E+00 -1.5824227645E+00 -2.8626011386E+00  1.8859381678E+00  8.6677302922E+01
  1.3354541508E+00 -1.5780759769E+00 -2.8817027730E+00  1.6711901155E+00  5.4478994795E+01
  1.3198579893E+00 -1.5736713052E+00 -2.9007384588E+00  1.5164321035E+00  3.2260648111E+01
  1.3041761824E+00 -1.5691894264E+00 -2.9196855244E+00  1.4004147485E+00  1.7422038240E+01
  1.2883748197E+00 -1.5645991064E+00 -2.9385068132E+00  1.3091888486E+00  7.8981460144E+00
  1.2723981397E+00 -1.5598483798E+00 -2.9571391707E+00  1.2337932426E+00  2.0549744787E+00
  1.2561498568E+00 -1.5548458459E+00 -2.9754677624E+00  1.1686120240E+00 -1.3480431419E+00
  1.2394490662E+00 -1.5494143564E+00 -2.9932577110E+00  1.1102523252E+00 -3.2022954139E+00
  1.2219035099E+00 -1.5431453490E+00 -3.0099122568E+00  1.0569372104E+00 -4.1138986936E+00
  1.2024953716E+00 -1.5347456525E+00 -3.0230428184E+00  1.0095018987E+00 -4.4794267687E+00
  1.1827250940E+00 -1.5216822421E+00 -3.0201409292E+00  9.8659176034E-01 -4.5938363058E+00
  1.1688459699E+00 -1.5086227620E+00 -3.0040138937E+00  9.8928175787E-01 -4.6694610282E+00
  1.1563189529E+00 -1.4960216366E+00 -2.9864293868E+00  9.9355901524E-01 -4.7344140705E+00
  1.1443622336E+00 -1.4836530025E+00 -2.9682909762E+00  9.9701177650E-01 -4.7885075025E+00
  1.1329555159E+00 -1.4715275452E+00 -2.9496413612E+00  9.9954711439E-01 -4.8314885124E+00
  1.1221050372E+00 -1.4596694306E+00 -2.9304945676E+00  1.0011618007E+00 -4.8632304566E+00
  1.1118133270E+00 -1.4481098748E+00 -2.9108628589E+00  1.0018620791E+00 -4.8837350013E+00
  1.0986654860E+00 -1.4329529927E+00 -2.8833500435E+00  1.0013715868E+00 -4.8938382862E+00
</Path of -GradDelSqRho>
<Path of -GradDelSqRho>
Starting CP# =      5
Ending CP# =     17
Number of Points =     33
  1.7208130469E+00 -1.7011949108E+00 -2.4647385534E+00  2.2458145628E+01  1.2221658372E+03
  1.7399130475E+00 -1.7090680866E+00 -2.4506600935E+00  1.5580576919E+01  1.1416127165E+03
  1.7590081151E+00 -1.7169355181E+00 -2.4365717326E+00  1.0915091443E+01  9.7337316490E+02
  1.7781018853E+00 -1.7248014451E+00 -2.4224807734E+00  7.7597041368E+00  7.6668538575E+02
  1.7971925732E+00 -1.7326637887E+00 -2.4083836397E+00  5.6333696717E+00  5.6751067718E+02
  1.8162772077E+00 -1.7405190924E+00 -2.3942743911E+00  4.2010515891E+00  4.0456914261E+02
  1.8353525596E+00 -1.7483636042E+00 -2.3801465985E+00  3.2334216877E+00  2.8291292079E+02
  1.8544153900E+00 -1.7561935682E+00 -2.3659938583E+00  2.5764739760E+00  1.9540581213E+02
  1.8734626981E+00 -1.7640055116E+00 -2.3518102958E+00  2.1274040594E+00  1.3291388681E+02
  1.8924915499E+00 -1.7717960460E+00 -2.3375902337E+00  1.8172410673E+00  8.8303366591E+01
  1.9114983159E+00 -1.7795609862E+00 -2.3233267053E+00  1.5993937623E+00  5.6722650040E+01
  1.9304775758E+00 -1.7872940911E+00 -2.3090093631E+00  1.4423622839E+00  3.4816319022E+01
  1.9494208016E+00 -1.7949855684E+00 -2.2946220598E+00  1.3250168118E+00  2.0067001644E+01
  1.9683144734E+00 -1.8026199629E+00 -2.2801395364E+00  1.2333920909E+00  1.0480513037E+01
  1.9871367907E+00 -1.8101725298E+00 -2.2655218929E+00  1.1584239840E+00  4.4818031188E+00
  2.0058511787E+00 -1.8176022208E+00 -2.2507042342E+00  1.0943346188E+00  8.7587950474E-01
  2.0243917467E+00 -1.8248364067E+00 -2.2355750614E+00  1.0375014936E+00 -1.1963283520E+00
  2.0426237978E+00 -1.8317309223E+00 -2.2199230060E+00  9.8570401806E-01 -2.3193132978E+00
  2.0601959894E+00 -1.8379286481E+00 -2.2032658681E+00  9.3772124978E-01 -2.8711496321E+00
  2.0755024774E+00 -1.8419788969E+00 -2.1840417114E+00  8.9407819913E-01 -3.0884222656E+00
  2.0760969913E+00 -1.8358369236E+00 -2.1613408756E+00  8.7369369257E-01 -3.1489823652E+00
  2.0648363496E+00 -1.8234603177E+00 -2.1427851794E+00  8.7534472643E-01 -3.1907932123E+00
  2.0525724629E+00 -1.8107100029E+00 -2.1251225278E+00  8.7755450380E-01 -3.2288104525E+00
  2.0397411022E+00 -1.7977761970E+00 -2.1080047110E+00  8.7928048326E-01 -3.2629916613E+00
  2.0263517479E+00 -1.7846878769E+00 -2.0914406689E+00  8.8050698611E-01 -3.2932999347E+00
  2.0124066722E+00 -1.7714735154E+00 -2.0754450023E+00  8.8123882299E-01 -3.3197320893E+00
  1.9979077560E+00 -1.7581628942E+00 -2.0600322190E+00  8.8148523790E-01 -3.3423178683E+00
  1.9828572878E+00 -1.7447861761E+00 -2.0452169898E+00  8.8125957166E-01 -3.3611184007E+00
  1.9672591463E+00 -1.7313722085E+00 -2.0310146419E+00  8.8057901437E-01 -3.3762240613E+00
  1.9511206219E+00 -1.7179456961E+00 -2.0174419086E+00  8.7946429860E-01 -3.3877518068E+00
  1.9344551228E+00 -1.7045227230E+00 -2.0045180357E+00  8.7793933231E-01 -3.3958421042E+00
  1.9172860489E+00 -1.6911040531E+00 -1.9922663681E+00  8.7603077437E-01 -3.4006556188E+00
  1.8982517684E+00 -1.6766109001E+00 -1.9798419849E+00  8.7357610764E-01 -3.4023787754E+00
</Path of -GradDelSqRho>
<Path of -GradDelSqRho>
Starting CP# =      5
Ending CP# =      1
Number of Points =      7
  1.7208130469E+00 -1.7011949108E+00 -2.4647385534E+00  2.2458145628E+01  1.2221658372E+03
  1.7017018051E+00 -1.6933086182E+00 -2.4787943972E+00  3.2630244238E+01  9.7690959892E+02
  1.6825809117E+00 -1.6854110458E+00 -2.4928307700E+00  4.7781288813E+01 -7.6529531901E+02
  1.6634557563E+00 -1.6775084871E+00 -2.5068585279E+00  7.0283710467E+01 -6.2873761052E+03
  1.6443276172E+00 -1.6696024347E+00 -2.5208802474E+00  1.0366899934E+02 -2.0258336993E+04
  1.6251944916E+00 -1.6616905373E+00 -2.5348918632E+00  1.5375915615E+02 -7.4034360872E+04
  1.5916469014E+00 -1.6478118787E+00 -2.5594372904E+00  2.9721365782E+02 -3.3282303780E+06
</Path of -GradDelSqRho>
<Path of -GradDelSqRho>
Starting CP# =     12
Ending CP# =     17
Number of Points =     26
  2.2523836072E+00 -1.5527597600E+00 -2.4376010194E+00  8.1352442909E-01 -2.7711016226E+00
  2.2488023560E+00 -1.5593774910E+00 -2.4225731364E+00  8.1626016356E-01 -2.7723980575E+00
  2.2431382486E+00 -1.5691700740E+00 -2.4003265617E+00  8.1988092857E-01 -2.7790795098E+00
  2.2364658995E+00 -1.5789746539E+00 -2.3783200809E+00  8.2389971769E-01 -2.7913093782E+00
  2.2289499830E+00 -1.5887411199E+00 -2.3565700829E+00  8.2805284757E-01 -2.8088191532E+00
  2.2205994980E+00 -1.5984473860E+00 -2.3350993319E+00  8.3231325217E-01 -2.8312477419E+00
  2.2114247535E+00 -1.6080697134E+00 -2.3139292977E+00  8.3664910228E-01 -2.8581484929E+00
  2.2014373374E+00 -1.6175824328E+00 -2.2930799500E+00  8.4102405935E-01 -2.8890003054E+00
  2.1906500234E+00 -1.6269575651E+00 -2.2725695505E+00  8.4539764381E-01 -2.9232190796E+00
  2.1790766204E+00 -1.6361643022E+00 -2.2524144490E+00  8.4972571846E-01 -2.9601693499E+00
  2.1667317724E+00 -1.6451682946E+00 -2.2326288855E+00  8.5396108323E-01 -2.9991760236E+00
  2.1536307229E+00 -1.6539306676E+00 -2.2132247987E+00  8.5805417227E-01 -3.0395362080E+00
  2.1397890610E+00 -1.6624066560E+00 -2.1942116354E+00  8.6195383844E-01 -3.0805311665E+00
  2.1252224790E+00 -1.6705436904E+00 -2.1755961572E+00  8.6560820510E-01 -3.1214384910E+00
  2.1099465902E+00 -1.6782786864E+00 -2.1573822410E+00  8.6896556060E-01 -3.1615446262E+00
  2.0939768890E+00 -1.6855341459E+00 -2.1395706838E+00  8.7197526777E-01 -3.2001579395E+00
  2.0773290193E+00 -1.6922124609E+00 -2.1221590605E+00  8.7458866202E-01 -3.2366226339E+00
  2.0600196844E+00 -1.6981874489E+00 -2.1051417744E+00  8.7675991842E-01 -3.2703339688E+00
  2.0420689094E+00 -1.7032916043E+00 -2.0885106680E+00  8.7844689060E-01 -3.3007555358E+00
  2.0235052063E+00 -1.7072968454E+00 -2.0722570994E+00  8.7961198633E-01 -3.3274397794E+00
  2.0043770166E+00 -1.7098862031E+00 -2.0563776604E+00  8.8022331421E-01 -3.3500534560E+00
  1.9847773791E+00 -1.7106166288E+00 -2.0408884388E+00  8.8025679383E-01 -3.3684096685E+00
  1.9648929540E+00 -1.7088891813E+00 -2.0258569217E+00  8.7970100480E-01 -3.3825047245E+00
  1.9450771792E+00 -1.7039992697E+00 -2.0114573648E+00  8.7856798192E-01 -3.3925432910E+00
  1.9258559596E+00 -1.6954435433E+00 -1.9980026790E+00  8.7690931463E-01 -3.3989015518E+00
  1.8982517684E+00 -1.6766109001E+00 -1.9798419849E+00  8.7357610764E-01 -3.4023787754E+00
</Path of -GradDelSqRho>
<Path of -GradDelSqRho>
Starting CP# =     12
Ending CP# =     19
Number of Points =     20
  2.2523836072E+00 -1.5527597600E+00 -2.4376010194E+00  8.1352442909E-01 -2.7711016226E+00
  2.2553361094E+00 -1.5460988921E+00 -2.4529695446E+00  8.1127088084E-01 -2.7724328076E+00
  2.2592570260E+00 -1.5363063236E+00 -2.4756049146E+00  8.0764186502E-01 -2.7792009731E+00
  2.2621864394E+00 -1.5265617566E+00 -2.4984390369E+00  8.0439904661E-01 -2.7915888338E+00
  2.2642426800E+00 -1.5168762042E+00 -2.5213932739E+00  8.0135316653E-01 -2.8093487937E+00
  2.2654221875E+00 -1.5072648670E+00 -2.5444403069E+00  7.9850180243E-01 -2.8321080843E+00
  2.2657213862E+00 -1.4977422098E+00 -2.5675522911E+00  7.9583889657E-01 -2.8593688498E+00
  2.2651363824E+00 -1.4883220410E+00 -2.5907007653E+00  7.9335526098E-01 -2.8905136986E+00
  2.2636626515E+00 -1.4790175759E+00 -2.6138564940E+00  7.9103916696E-01 -2.9248148016E+00
  2.2612947241E+00 -1.4698414805E+00 -2.6369892334E+00  7.8887702334E-01 -2.9614465703E+00
  2.2580258750E+00 -1.4608058809E+00 -2.6600674119E+00  7.8685414739E-01 -2.9995018066E+00
  2.2538478265E+00 -1.4519223163E+00 -2.6830577094E+00  7.8495562913E-01 -3.0380110842E+00
  2.2487504792E+00 -1.4432015961E+00 -2.7059245182E+00  7.8316728307E-01 -3.0759650044E+00
