 AIMInt (Version 19.02.13, Professional)
 Portions Copyright (c) 1997-2019 by Todd A. Keith
 AIMInt is a component of the AIMAll package ( http://aim.tkgristmill.com )

 TP:  64-bit Linux

 Licensed To:  Research Group of Fernando Cortes Guzman, UNAM, fercor@unam.mx

 AIMInt is a heavily modified and extended version of the PROAIMV program
 developed by members of R.F.W. Bader's research group

 Much of the Quantum Theory of Atoms in Molecules (QTAIM) is described in the book:
   "Atoms in Molecules - A Quantum Theory"
   R.F.W. Bader, Oxford University Press, Oxford, 1990

 For additional references see:  http://aim.tkgristmill.com/references.html

 Current Directory:  /home/scratch/M_H2O_4_tetraedrico/Opt

 Inp File:  Fe3_tetraedrico_cc-pvtz-def2-tzv_1_atomicfiles/o4.inp
 Wfx File:  Fe3_tetraedrico_cc-pvtz-def2-tzv_1.wfx
 Out File:  Fe3_tetraedrico_cc-pvtz-def2-tzv_1_atomicfiles/o4.int

 Wfx Title:   Fe3_tetraedrico_cc-pvtz-def2-tzv_1                                            
 Job Title:   Fe3_tetraedrico_cc-pvtz-def2-tzv_1                                            
 
<Atom>
O4      
</Atom>
<Nuclei of Molecule>
    13
Fe1       26.0          -1.4383133817E-02  -1.8641573357E-03  -2.0320033271E-03
O2         8.0           1.5916466642E+00  -1.6478117374E+00  -2.5594373073E+00
H3         1.0           1.5568835511E+00  -3.5141823315E+00  -2.8104637647E+00
O4         8.0           6.9565869367E-01  -1.5533608824E+00   2.9841855895E+00
H5         1.0          -3.1786802677E-01  -1.2341473125E+00   4.5413947750E+00
O6         8.0           1.0643362457E+00   3.2617322302E+00   1.1671165944E-01
H7         1.0           6.7223129424E-01   4.5585794029E+00  -1.1940147640E+00
O8         8.0          -3.4091737987E+00  -6.8014860274E-02  -5.4958793600E-01
H9         1.0          -4.3669653413E+00  -1.4059370549E+00  -1.4700242702E+00
H10        1.0          -4.7055729660E+00   1.1963880004E+00  -2.4521615137E-02
H11        1.0           2.5955237519E+00   3.8452070597E+00   1.0446654375E+00
H12        1.0           2.3128417530E+00  -2.3593102479E+00   3.5146937736E+00
H13        1.0           3.0871450239E+00  -9.7848742674E-01  -3.4838735303E+00
</Nuclei of Molecule>
<Total Number of CPs of DelSqRho>
    36
</Total Number of CPs of DelSqRho>
<Number of (3,+3) CPs of DelSqRho>
     5
</Number of (3,+3) CPs of DelSqRho>
<Number of (3,+1) CPs of DelSqRho>
    14
</Number of (3,+1) CPs of DelSqRho>
<Number of (3,-1) CPs of DelSqRho>
    13
</Number of (3,-1) CPs of DelSqRho>
<Number of (3,-3) CPs of DelSqRho>
     4
</Number of (3,-3) CPs of DelSqRho>
<Number of Degenerate CPs of DelSqRho>
     0
</Number of Degenerate CPs of DelSqRho>
<CP of DelSqRho>
CP# = 1       
Type = (3,+3)
Coords =  6.95658813200972E-01 -1.55336080493778E+00  2.98418581318389E+00
DistFromNuc =  2.6519857754E-07
Rho =  2.9723015357E+02
DelSqRho = -3.3284126528E+06
GradDelSqRho =  3.7743338908E-06 -3.7032841647E-06 -7.2328475653E-07
HessDelSqRho_EigVals =  1.3236268958E+11  1.3236271046E+11  1.3236271543E+11
HessDelSqRho_EigVec1 =  4.5991535383E-01  8.5679193228E-01  2.3320688690E-01
HessDelSqRho_EigVec2 =  2.1254276954E-01 -3.6121785165E-01  9.0793569969E-01
HessDelSqRho_EigVec3 =  8.6215047320E-01 -3.6800713096E-01 -3.4823456625E-01
</CP of DelSqRho>
<CP of DelSqRho>
CP# = 2       
Type = (3,-1)
Coords =  6.16967038907275E-02 -1.00670333929378E+00  1.71282319054650E+00
DistFromNuc =  1.5222038705E+00
Rho =  1.4467185117E-01
DelSqRho =  3.7430827733E-01
GradDelSqRho =  3.3306690739E-16  1.1830814106E-15 -4.4408920985E-16
HessDelSqRho_EigVals = -7.3093604511E-01 -2.5305450727E-01  4.9601811987E+00
HessDelSqRho_EigVec1 =  7.7053366252E-01  6.1380766114E-01  1.7180811982E-01
HessDelSqRho_EigVec2 = -6.1721587000E-01  6.5122476664E-01  4.4153241458E-01
HessDelSqRho_EigVec3 =  1.5913027597E-01 -4.4625828668E-01  8.8064243416E-01
</CP of DelSqRho>
<CP of DelSqRho>
CP# = 3       
Type = (3,+1)
Coords =  6.77378876949709E-02 -1.34697449750367E+00  3.94344213391576E+00
DistFromNuc =  1.1649261764E+00
Rho =  4.0283131977E-01
DelSqRho = -9.0385502570E-01
GradDelSqRho = -2.0761170560E-14  9.2426066800E-15  3.1030733538E-14
HessDelSqRho_EigVals = -2.9208613098E+01  1.3891837454E+01  1.4529990954E+01
HessDelSqRho_EigVec1 = -5.3565822349E-01  1.6373509091E-01  8.2840876843E-01
HessDelSqRho_EigVec2 =  4.8579501186E-01  8.6217770269E-01  1.4371087444E-01
HessDelSqRho_EigVec3 =  6.9070505576E-01 -4.7941675918E-01  5.4137426699E-01
</CP of DelSqRho>
<CP of DelSqRho>
CP# = 4       
Type = (3,+1)
Coords =  1.70059079593578E+00 -2.04689709810311E+00  3.30932912481776E+00
DistFromNuc =  1.1658408318E+00
Rho =  4.0470997406E-01
DelSqRho = -9.2233654678E-01
GradDelSqRho =  2.1521673332E-13 -9.8171470952E-14  6.2894134345E-14
HessDelSqRho_EigVals = -2.9703306528E+01  1.4096421648E+01  1.4817832787E+01
HessDelSqRho_EigVec1 =  8.5603449595E-01 -4.3124156709E-01  2.8501868809E-01
HessDelSqRho_EigVec2 =  3.8531535364E-01  8.9988804500E-01  2.0428799454E-01
HessDelSqRho_EigVec3 = -3.4458238492E-01 -6.5055493843E-02  9.3649920594E-01
</CP of DelSqRho>
<CP of DelSqRho>
CP# = 5       
Type = (3,+1)
Coords =  7.79365879073855E-01 -1.42564245700014E+00  3.05597190736316E+00
DistFromNuc =  1.6873696839E-01
Rho =  2.2468462383E+01
DelSqRho =  1.2260481178E+03
GradDelSqRho =  2.9505287102E-12  3.0127011996E-12 -3.5527136788E-12
HessDelSqRho_EigVals = -4.0369993916E+05  2.8472496427E+03  3.2641006805E+03
HessDelSqRho_EigVec1 =  4.9586791987E-01  7.5820780589E-01  4.2336264495E-01
HessDelSqRho_EigVec2 =  1.8406192800E-01 -5.6821037880E-01  8.0203377241E-01
HessDelSqRho_EigVec3 = -8.4866731568E-01  3.1977787372E-01  4.2131448916E-01
</CP of DelSqRho>
<CP of DelSqRho>
CP# = 6       
Type = (3,-3)
Coords =  7.35218519169115E-01 -1.54735449558519E+00  2.82174910536315E+00
DistFromNuc =  1.6729216313E-01
Rho =  2.2645916696E+01
DelSqRho =  1.2888229659E+03
GradDelSqRho =  5.5422333389E-12 -1.1688428003E-12  1.5916157281E-11
HessDelSqRho_EigVals = -4.4290927280E+05 -3.0737464844E+03 -3.0842824745E+02
HessDelSqRho_EigVec1 = -2.3392228208E-01 -3.4817351227E-02  9.7163167816E-01
HessDelSqRho_EigVec2 =  5.0431660304E-01  8.5005788417E-01  1.5187612540E-01
HessDelSqRho_EigVec3 =  8.3123109293E-01 -5.2553719718E-01  1.8128851187E-01
</CP of DelSqRho>
<CP of DelSqRho>
CP# = 7       
Type = (3,+1)
Coords =  6.23994253130725E-01 -1.70398920583848E+00  2.96729576140429E+00
DistFromNuc =  1.6766022236E-01
Rho =  2.2705430301E+01
DelSqRho =  1.2501743979E+03
GradDelSqRho = -1.6456169760E-11 -7.3896444519E-12 -4.1637804316E-12
HessDelSqRho_EigVals = -4.2893505587E+05  1.9838715740E+03  2.4752658259E+03
HessDelSqRho_EigVec1 =  4.2831284247E-01  8.9763837396E-01  1.0389157119E-01
HessDelSqRho_EigVec2 = -3.3615400257E-01  2.6499738320E-01 -9.0375708764E-01
HessDelSqRho_EigVec3 =  8.3877803711E-01 -3.5216719962E-01 -4.1524651471E-01
</CP of DelSqRho>
<CP of DelSqRho>
CP# = 8       
Type = (3,-1)
Coords =  7.13785639198138E-01 -1.65476135773489E+00  3.11726588020181E+00
DistFromNuc =  1.6828846170E-01
Rho =  2.2439562701E+01
DelSqRho =  1.2636266824E+03
GradDelSqRho = -2.1493917757E-13  1.0004441720E-11 -1.6825651983E-11
HessDelSqRho_EigVals = -4.1833422137E+05 -1.9535779090E+03  7.0766342241E+02
HessDelSqRho_EigVec1 =  1.0619428293E-01 -6.0499130653E-01  7.8911868138E-01
HessDelSqRho_EigVec2 =  5.1383762499E-01  7.1281933539E-01  4.7734630012E-01
HessDelSqRho_EigVec3 =  8.5128941578E-01 -3.5478742102E-01 -3.8656463427E-01
</CP of DelSqRho>
<CP of DelSqRho>
CP# = 9       
Type = (3,-1)
Coords =  1.20337959302698E+00 -1.66620670655461E+00  2.49711919227887E+00
DistFromNuc =  7.1256464055E-01
Rho =  6.8073847200E-01
DelSqRho = -1.0844358218E+00
GradDelSqRho =  3.6415315208E-14 -1.2101430968E-14 -2.5757174171E-14
HessDelSqRho_EigVals = -1.5481383297E+01 -1.1375084462E+01  1.4646216755E+02
HessDelSqRho_EigVec1 =  6.1865708361E-01 -3.4208438567E-01  7.0727765833E-01
HessDelSqRho_EigVec2 =  3.5201074305E-01  9.2550745134E-01  1.3972971869E-01
HessDelSqRho_EigVec3 =  7.0239009793E-01 -1.6252455380E-01 -6.9298911949E-01
</CP of DelSqRho>
<CP of DelSqRho>
CP# = 10      
Type = (3,-1)
Coords =  8.78327369555822E-02 -1.18660154572314E+00  2.94126959812574E+00
DistFromNuc =  7.1120080637E-01
Rho =  6.8847015868E-01
DelSqRho = -1.1564702678E+00
GradDelSqRho =  3.1086244690E-14 -2.8865798640E-14 -9.4715901788E-15
HessDelSqRho_EigVals = -1.5143325637E+01 -1.1273130392E+01  1.4854841474E+02
HessDelSqRho_EigVec1 = -9.8896574884E-02 -1.9526492933E-02  9.9490611796E-01
HessDelSqRho_EigVec2 =  5.0491417359E-01  8.6055911700E-01  6.7079679872E-02
HessDelSqRho_EigVec3 =  8.5748536126E-01 -5.0897615093E-01  7.5247146114E-02
</CP of DelSqRho>
<CP of DelSqRho>
CP# = 11      
Type = (3,-1)
Coords =  8.10767914774902E-01 -1.85427318919331E+00  3.62853388400534E+00
DistFromNuc =  7.2040479860E-01
Rho =  6.7169454441E-01
DelSqRho = -1.0292596842E+00
GradDelSqRho = -8.8784535279E-13  2.1038726317E-14 -2.4056312498E-12
HessDelSqRho_EigVals = -1.8843412570E+01 -7.0903555953E+00  1.3856020908E+02
HessDelSqRho_EigVec1 =  8.6628872783E-01 -3.7338528745E-01 -3.3185428601E-01
HessDelSqRho_EigVec2 =  4.7490164756E-01  8.2164004954E-01  3.1523967730E-01
HessDelSqRho_EigVec3 =  1.5495891447E-01 -4.3068672619E-01  8.8909880143E-01
</CP of DelSqRho>
<CP of DelSqRho>
CP# = 12      
Type = (3,+1)
Coords =  6.32787013669280E-01 -1.04983236394086E+00  3.43669834744030E+00
DistFromNuc =  6.7989823734E-01
Rho =  8.0556193955E-01
DelSqRho = -2.6757916581E+00
GradDelSqRho =  7.1054273576E-15 -3.5527136788E-15  1.4210854715E-14
HessDelSqRho_EigVals = -9.6246109195E+00  1.1808863015E+01  2.0235165722E+02
HessDelSqRho_EigVec1 =  6.9185187971E-01  4.7213269962E-01 -5.4628901735E-01
HessDelSqRho_EigVec2 =  7.2131880155E-01 -4.1814697734E-01  5.5213430600E-01
HessDelSqRho_EigVec3 = -3.2251559085E-02  7.7604369676E-01  6.2985396534E-01
</CP of DelSqRho>
<CP of DelSqRho>
CP# = 13      
Type = (3,+1)
Coords =  5.87672244720882E-01 -1.24133842370647E+00  2.38730573418745E+00
DistFromNuc =  6.8211776806E-01
Rho =  8.0757883093E-01
DelSqRho = -3.0965294672E+00
GradDelSqRho =  2.4424906542E-15 -3.1974423109E-14  4.7961634664E-14
HessDelSqRho_EigVals = -4.6486744983E+00  1.6779246275E+01  2.1049626665E+02
HessDelSqRho_EigVec1 =  4.7998487141E-01  8.1359442870E-01  3.2814421952E-01
HessDelSqRho_EigVec2 = -8.6192086375E-01  3.6767125023E-01  3.4915652133E-01
HessDelSqRho_EigVec3 =  1.6342260505E-01 -4.5042419712E-01  8.7773065049E-01
</CP of DelSqRho>
<CP of DelSqRho>
CP# = 14      
Type = (3,+1)
Coords =  1.46005803522840E-01 -1.77533651539616E+00  3.33102120034515E+00
DistFromNuc =  6.8679430856E-01
Rho =  7.8927300180E-01
DelSqRho = -2.6153856843E+00
GradDelSqRho =  7.2830630415E-14  3.5693670242E-14 -3.3750779949E-14
HessDelSqRho_EigVals = -1.3949832228E+01  1.3853993136E+01  1.9733906420E+02
HessDelSqRho_EigVec1 =  6.3653341031E-02  6.8629265057E-01  7.2453478174E-01
HessDelSqRho_EigVec2 = -5.8321626121E-01  6.1471048557E-01 -5.3102712886E-01
HessDelSqRho_EigVec3 =  8.0981914329E-01  3.8875881559E-01 -4.3938540994E-01
</CP of DelSqRho>
<CP of DelSqRho>
CP# = 15      
Type = (3,+1)
Coords =  1.30382161737621E+00 -1.32635382826535E+00  3.17698544631234E+00
DistFromNuc =  6.7717510969E-01
Rho =  8.1255848986E-01
DelSqRho = -2.7222222778E+00
GradDelSqRho =  5.5067062021E-13  1.2945200467E-13  1.0302869669E-13
HessDelSqRho_EigVals = -9.5008192288E+00  1.2247798190E+01  2.0706357937E+02
HessDelSqRho_EigVec1 = -3.7852662518E-01  9.1458949752E-01 -1.4228016395E-01
HessDelSqRho_EigVec2 = -3.1648089371E-01  1.6564569342E-02  9.4845424716E-01
HessDelSqRho_EigVec3 =  8.6980310297E-01  4.0404413876E-01  2.8317997102E-01
</CP of DelSqRho>
<CP of DelSqRho>
CP# = 16      
Type = (3,+3)
Coords =  9.04910833630613E-01 -9.40236372887837E-01  2.86271429279495E+00
DistFromNuc =  6.5913837555E-01
Rho =  8.6593823561E-01
DelSqRho = -3.4209985969E+00
GradDelSqRho =  3.6504133050E-13  7.8870243669E-13  1.2256862192E-13
HessDelSqRho_EigVals =  3.9163899531E+00  1.4891655386E+01  2.5086106606E+02
HessDelSqRho_EigVec1 =  3.7845207272E-01  1.1903342072E-02  9.2554434745E-01
HessDelSqRho_EigVec2 =  8.6368052513E-01 -3.6417418267E-01 -3.4847254583E-01
HessDelSqRho_EigVec3 =  3.3291136834E-01  9.3125478529E-01 -1.4810315899E-01
</CP of DelSqRho>
<CP of DelSqRho>
CP# = 17      
Type = (3,+3)
Coords =  3.76820537471380E-01 -2.00392476156860E+00  2.67623121665125E+00
DistFromNuc =  6.3206129041E-01
Rho =  9.8109665875E-01
DelSqRho = -4.6770520883E+00
GradDelSqRho =  3.2969182939E-12  4.6682657739E-12  2.5188739983E-12
HessDelSqRho_EigVals =  1.4753036470E+01  2.3253096391E+01  3.6858797182E+02
HessDelSqRho_EigVec1 =  9.3420610449E-02 -5.8769929200E-01  8.0366792379E-01
HessDelSqRho_EigVec2 = -8.5928241252E-01  3.6012854556E-01  3.6323706613E-01
HessDelSqRho_EigVec3 =  5.0289792710E-01  7.2451154087E-01  4.7135623689E-01
</CP of DelSqRho>
<CP of DelSqRho>
CP# = 18      
Type = (3,+1)
Coords =  1.01644637047801E+00 -2.15841099914120E+00  2.99099096745696E+00
DistFromNuc =  6.8486253407E-01
Rho =  7.9449104767E-01
DelSqRho = -2.6587458428E+00
GradDelSqRho =  5.3290705182E-15  2.1316282073E-14  1.5543122345E-15
HessDelSqRho_EigVals = -1.4112857951E+01  1.4415418055E+01  2.0061451870E+02
HessDelSqRho_EigVec1 =  8.3906313921E-01  3.4711422284E-01  4.1890901723E-01
HessDelSqRho_EigVec2 = -3.7520296834E-01 -1.8836385648E-01  9.0760222021E-01
HessDelSqRho_EigVec3 = -3.9394895731E-01  9.1871147477E-01  2.7810881969E-02
</CP of DelSqRho>
<CP of DelSqRho>
CP# = 19      
Type = (3,+3)
Coords =  1.32560684723344E+00 -1.83058194646061E+00  3.17217929771041E+00
DistFromNuc =  7.1346186226E-01
Rho =  7.7736674457E-01
DelSqRho = -3.3073229456E+00
GradDelSqRho =  2.1316282073E-14 -3.5527136788E-15 -5.5511151231E-16
HessDelSqRho_EigVals =  1.2103468293E+01  2.4504242223E+01  1.5228305769E+02
HessDelSqRho_EigVec1 =  3.2160518081E-01  9.2348830160E-01  2.0913982041E-01
HessDelSqRho_EigVec2 = -3.1150805007E-01 -1.0538858587E-01  9.4438126872E-01
HessDelSqRho_EigVec3 =  8.9416600384E-01 -3.6886664633E-01  2.5378052488E-01
</CP of DelSqRho>
<CP of DelSqRho>
CP# = 20      
Type = (3,+3)
Coords =  3.08753743507642E-01 -1.39546540890584E+00  3.56532619421822E+00
DistFromNuc =  7.1578685618E-01
Rho =  7.6957534621E-01
DelSqRho = -3.2170599071E+00
GradDelSqRho = -8.4376949872E-15 -2.8838043065E-14  5.7731597281E-14
HessDelSqRho_EigVals =  1.1682146204E+01  2.3464379819E+01  1.4944522859E+02
HessDelSqRho_EigVec1 =  5.5141316282E-01  8.2552235581E-01  1.2023462031E-01
HessDelSqRho_EigVec2 =  6.3448447280E-01 -5.0858089569E-01  5.8204374949E-01
HessDelSqRho_EigVec3 = -5.4163915816E-01  2.4465958512E-01  8.0421931695E-01
</CP of DelSqRho>
<CP of DelSqRho>
CP# = 21      
Type = (3,-3)
Coords =  1.48670984811998E+00 -1.86246334919129E+00  2.21787247867534E+00
DistFromNuc =  1.1439152275E+00
Rho =  2.4531936478E-01
DelSqRho =  8.4167729599E-01
GradDelSqRho = -9.9920072216E-16  3.6082248300E-16  0.0000000000E+00
HessDelSqRho_EigVals = -1.7811342973E+01 -1.7867728602E+00 -4.8375705600E-01
HessDelSqRho_EigVec1 =  6.6934057760E-01 -2.4530966953E-01 -7.0128906822E-01
HessDelSqRho_EigVec2 =  6.0135044973E-01 -3.7543856034E-01  7.0528258452E-01
HessDelSqRho_EigVec3 =  4.3630359589E-01  8.9379474906E-01  1.0377918273E-01
</CP of DelSqRho>
<CP of DelSqRho>
CP# = 22      
Type = (3,-3)
Coords = -3.46213597283440E-01 -1.07475964541549E+00  2.92817963105003E+00
DistFromNuc =  1.1479083944E+00
Rho =  2.4617608021E-01
DelSqRho =  8.3003431299E-01
GradDelSqRho =  2.0086710073E-12  9.0755181148E-12  2.3120845516E-12
HessDelSqRho_EigVals = -1.7544168313E+01 -1.7220135493E+00 -4.7083402576E-01
HessDelSqRho_EigVec1 =  8.9978371399E-01 -4.2772242902E-01  8.6271616178E-02
HessDelSqRho_EigVec2 = -1.1839126775E-01 -4.9018022854E-02  9.9175639204E-01
HessDelSqRho_EigVec3 =  4.1996758895E-01  9.0258005581E-01  9.4744219272E-02
</CP of DelSqRho>
<CP of DelSqRho>
CP# = 23      
Type = (3,-3)
Coords =  7.69224050334645E-01 -2.22296515046072E+00  3.91914288874396E+00
DistFromNuc =  1.1523571013E+00
Rho =  2.4486279905E-01
DelSqRho =  8.7781512658E-01
GradDelSqRho = -1.8257964585E-16  1.1102230246E-16 -1.1102230246E-15
HessDelSqRho_EigVals = -1.7811148461E+01 -2.3887771054E+00 -2.6647281110E-01
HessDelSqRho_EigVec1 =  6.0065641767E-02 -5.8508908358E-01  8.0874154274E-01
HessDelSqRho_EigVec2 = -8.6279853594E-01  3.7699970744E-01  3.3682325777E-01
HessDelSqRho_EigVec3 =  5.0196693623E-01  7.1801252417E-01  4.8216927533E-01
</CP of DelSqRho>
<CP of DelSqRho>
CP# = 24      
Type = (3,+1)
Coords =  6.24017929827445E-01 -8.13741065805504E-01  1.97677976827089E+00
DistFromNuc =  1.2518132292E+00
Rho =  2.4310084011E-01
DelSqRho =  3.5869526773E-01
GradDelSqRho =  2.6367796835E-16 -2.7755575616E-17  8.3266726847E-16
HessDelSqRho_EigVals = -8.7547683872E+00  7.9324491169E-01  1.1687723163E+00
HessDelSqRho_EigVec1 =  3.2815201300E-02 -6.0528711221E-01  7.9533054408E-01
HessDelSqRho_EigVec2 =  4.3983828348E-01  7.2330630733E-01  5.3232534240E-01
HessDelSqRho_EigVec3 =  8.9747726820E-01 -3.3234845804E-01 -2.8996388653E-01
</CP of DelSqRho>
<CP of DelSqRho>
CP# = 25      
Type = (3,-1)
Coords =  4.60980169917785E-01 -4.61185464317461E-01  3.38688069447991E+00
DistFromNuc =  1.1874697895E+00
Rho =  2.4201602412E-01
DelSqRho =  7.1581429209E-01
GradDelSqRho =  6.1201044232E-14  8.9928064995E-14  1.0103723413E-13
HessDelSqRho_EigVals = -1.6823013486E+01 -1.4051936064E+00  3.0754485552E-01
HessDelSqRho_EigVec1 = -1.9387688244E-01  9.3086710480E-01  3.0967432515E-01
HessDelSqRho_EigVec2 = -4.4627724787E-01 -3.6479751280E-01  8.1716546225E-01
HessDelSqRho_EigVec3 =  8.7364087158E-01  2.0228886691E-02  4.8615061416E-01
</CP of DelSqRho>
<CP of DelSqRho>
CP# = 26      
Type = (3,-1)
Coords =  9.62525320568124E-01 -2.66983333728537E+00  2.68870242556992E+00
DistFromNuc =  1.1853433424E+00
Rho =  2.4178810374E-01
DelSqRho =  7.4883365284E-01
GradDelSqRho = -1.5265566589E-16 -3.5804692544E-15 -1.9428902931E-16
HessDelSqRho_EigVals = -1.7872127348E+01 -1.1230879662E+00  2.6336520678E-01
HessDelSqRho_EigVec1 = -2.1197753882E-01  9.4059064442E-01  2.6524472223E-01
HessDelSqRho_EigVec2 =  8.4339210936E-01  3.8953832891E-02  5.3588464128E-01
HessDelSqRho_EigVec3 =  4.9371578149E-01  3.3730081313E-01 -8.0154406527E-01
</CP of DelSqRho>
<CP of DelSqRho>
CP# = 27      
Type = (3,-1)
Coords =  1.74185262091743E+00 -9.98191482043859E-01  2.91551177899310E+00
DistFromNuc =  1.1863603537E+00
Rho =  2.4180631804E-01
DelSqRho =  7.2312280727E-01
GradDelSqRho =  5.6066262744E-15  4.1910919180E-15 -1.1449174941E-15
HessDelSqRho_EigVals = -1.7073073991E+01 -1.3999006616E+00  2.9336424034E-01
HessDelSqRho_EigVec1 =  8.6891732947E-01  4.8803802912E-01 -8.2471550756E-02
HessDelSqRho_EigVec2 = -4.6835951350E-01  7.5684376483E-01 -4.5588033709E-01
HessDelSqRho_EigVec3 = -1.6006886226E-01  4.3474866045E-01  8.8621191685E-01
</CP of DelSqRho>
<CP of DelSqRho>
CP# = 28      
Type = (3,-1)
Coords = -3.48722817955535E-01 -2.07911271634262E+00  3.17827429917872E+00
DistFromNuc =  1.1852502521E+00
Rho =  2.4253411855E-01
DelSqRho =  7.4728017767E-01
GradDelSqRho = -2.9420910153E-15 -6.6613381478E-16  8.3960616237E-16
HessDelSqRho_EigVals = -1.7779400227E+01 -1.1829759756E+00  2.5797106046E-01
HessDelSqRho_EigVec1 =  8.8333867440E-01  4.4614814907E-01 -1.4375192310E-01
HessDelSqRho_EigVec2 = -6.9615281186E-02  4.2814851675E-01  9.0102306310E-01
HessDelSqRho_EigVec3 = -4.6353694453E-01  7.8590118761E-01 -4.0925887208E-01
</CP of DelSqRho>
<CP of DelSqRho>
CP# = 29      
Type = (3,-1)
Coords = -9.98346697836951E-01 -1.41970316017201E+00  4.05317285125927E+00
DistFromNuc =  2.0075488584E+00
Rho =  7.1219798410E-02
DelSqRho =  1.9034553098E-01
GradDelSqRho =  2.7662594437E-13  2.0850508820E-14 -7.3389645056E-14
HessDelSqRho_EigVals = -2.0387624158E+00 -1.5105871592E-02  5.1728521839E-01
HessDelSqRho_EigVec1 =  9.9635162900E-01  7.5338740928E-02 -4.0093708949E-02
HessDelSqRho_EigVec2 = -8.1805004527E-02  9.7695789741E-01 -1.9713246288E-01
HessDelSqRho_EigVec3 =  2.4318154045E-02  1.9969311656E-01  9.7955667860E-01
</CP of DelSqRho>
<CP of DelSqRho>
CP# = 30      
Type = (3,-1)
Coords =  1.89277237232156E+00 -2.61520177382077E+00  4.19635601412958E+00
DistFromNuc =  2.0074721360E+00
Rho =  7.1782615242E-02
DelSqRho =  1.9135767749E-01
GradDelSqRho = -2.5198224583E-13 -3.2334811911E-14 -2.7539168862E-13
HessDelSqRho_EigVals = -2.2501507912E+00 -1.9961966473E-02  5.0956483635E-01
HessDelSqRho_EigVec1 =  7.6360541162E-02 -5.1234054007E-01  8.5538075660E-01
HessDelSqRho_EigVec2 =  2.8859004656E-01  8.3252263182E-01  4.7288672273E-01
HessDelSqRho_EigVec3 =  9.5440287761E-01 -2.1074448631E-01 -2.1142825901E-01
</CP of DelSqRho>
<CP of DelSqRho>
CP# = 31      
Type = (3,+1)
Coords =  2.59330663086941E+00 -1.52859238491219E+00  3.65839228467751E+00
DistFromNuc =  2.0140098907E+00
Rho =  6.9971635296E-02
DelSqRho =  1.7883811198E-01
GradDelSqRho = -3.5735303605E-16 -5.4817261841E-16  7.4593109467E-17
HessDelSqRho_EigVals = -1.6882889541E+00  2.5981523269E-02  5.9129456869E-01
HessDelSqRho_EigVec1 =  8.2683770542E-01  4.6095064317E-01  3.2227924764E-01
HessDelSqRho_EigVec2 = -3.3371175561E-01 -5.9181779624E-02  9.4081559358E-01
HessDelSqRho_EigVec3 = -4.5274261238E-01  8.8545018015E-01 -1.0489092152E-01
</CP of DelSqRho>
<CP of DelSqRho>
CP# = 32      
Type = (3,-1)
Coords =  6.26147088211645E-02 -1.91280793362737E+00  4.85651984673366E+00
DistFromNuc =  2.0088759146E+00
Rho =  7.1298703976E-02
DelSqRho =  1.9086489407E-01
GradDelSqRho = -4.2230352245E-14 -1.2036916602E-12 -1.5154544286E-13
HessDelSqRho_EigVals = -2.2503172609E+00 -1.4303564316E-02  5.0291416555E-01
HessDelSqRho_EigVec1 =  7.4021514196E-02 -5.9315964516E-01  8.0167477869E-01
HessDelSqRho_EigVec2 =  7.0650522665E-01  5.9853936603E-01  3.7762546527E-01
HessDelSqRho_EigVec3 =  7.0382610078E-01 -5.3843501248E-01 -4.6337517972E-01
</CP of DelSqRho>
<CP of DelSqRho>
CP# = 33      
Type = (3,+1)
Coords = -6.50217647896475E-01 -2.02249027017262E+00  4.37812918066625E+00
DistFromNuc =  1.9936259039E+00
Rho =  7.0913271573E-02
DelSqRho =  1.8873979798E-01
GradDelSqRho =  2.3118312820E-12  1.8989341349E-12 -2.1551423840E-12
HessDelSqRho_EigVals = -1.8726255707E+00  1.1871436118E-02  5.7992267969E-01
HessDelSqRho_EigVec1 =  6.5675281387E-01  6.5177094277E-01 -3.7930249094E-01
HessDelSqRho_EigVec2 = -7.2322651422E-01  4.0192499014E-01 -5.6160458637E-01
HessDelSqRho_EigVec3 = -2.1358640079E-01  6.4315701074E-01  7.3534339525E-01
</CP of DelSqRho>
<CP of DelSqRho>
CP# = 34      
Type = (3,-1)
Coords =  2.40421200929782E+00 -2.57342924433543E+00  2.70135683426618E+00
DistFromNuc =  2.0098970123E+00
Rho =  7.1666090988E-02
DelSqRho =  1.9305629940E-01
GradDelSqRho = -1.4701781459E-16  1.4745149546E-16 -4.9764879717E-16
HessDelSqRho_EigVals = -2.2098585778E+00 -2.1861672019E-02  4.7827935252E-01
HessDelSqRho_EigVec1 =  6.0521530479E-01 -4.7001135770E-01 -6.4249806107E-01
HessDelSqRho_EigVec2 =  5.0676890611E-01  8.4990636304E-01 -1.4437607095E-01
HessDelSqRho_EigVec3 = -6.1392158347E-01  2.3821943180E-01 -7.5256348015E-01
</CP of DelSqRho>
<CP of DelSqRho>
CP# = 35      
Type = (3,+1)
Coords =  4.07107702873874E-02 -4.17877356549120E-01  4.51820117861733E+00
DistFromNuc =  2.0177917255E+00
Rho =  6.9605466698E-02
DelSqRho =  1.7747595860E-01
GradDelSqRho =  2.5271451598E-14 -1.1510237208E-13 -1.3362227991E-13
HessDelSqRho_EigVals = -1.6601560554E+00  2.1137014094E-02  5.8222048642E-01
HessDelSqRho_EigVec1 = -4.1151271627E-02  8.4225453567E-01  5.3750708831E-01
HessDelSqRho_EigVec2 =  7.7091684489E-01 -3.1545656885E-01  5.5333025530E-01
HessDelSqRho_EigVec3 =  6.3560505906E-01  4.3714351227E-01 -6.3632677028E-01
</CP of DelSqRho>
<CP of DelSqRho>
CP# = 36      
Type = (3,+1)
Coords =  1.86854479264321E+00 -3.10322239306435E+00  3.42962653127588E+00
DistFromNuc =  1.9940286197E+00
Rho =  7.1094481121E-02
DelSqRho =  1.8789546167E-01
GradDelSqRho = -3.2346087614E-14  6.1568805609E-14  1.2611439670E-15
HessDelSqRho_EigVals = -1.8724801412E+00  1.8758457781E-02  5.8629455740E-01
HessDelSqRho_EigVec1 = -1.2488714454E-01  9.8627314550E-01 -1.0802075534E-01
HessDelSqRho_EigVec2 = -2.7026027130E-01  7.0940065147E-02  9.6017024163E-01
HessDelSqRho_EigVec3 =  9.5465312385E-01  1.4910663840E-01  2.5769094571E-01
</CP of DelSqRho>
<Path of -GradDelSqRho>
Starting CP# =      3
Ending CP# =      0
Number of Points =     30
  6.7737887695E-02 -1.3469744975E+00  3.9434421339E+00  4.0283131977E-01 -9.0385502570E-01
  5.4348921787E-02 -1.3428886392E+00  3.9641554467E+00  3.9210074106E-01 -9.1290170774E-01
  4.0965054091E-02 -1.3388191311E+00  3.9848752720E+00  3.8237183276E-01 -9.3978822383E-01
  2.7586062682E-02 -1.3347667977E+00  4.0056016116E+00  3.7361227367E-01 -9.8429645555E-01
  1.4211560086E-02 -1.3307319502E+00  4.0263342587E+00  3.6578627458E-01 -1.0464087233E+00
  8.4103601228E-04 -1.3267143922E+00  4.0470728287E+00  3.5885471593E-01 -1.1262466698E+00
 -1.2526088945E-02 -1.3227134530E+00  4.0678168021E+00  3.5277514907E-01 -1.2239451436E+00
 -2.5890401115E-02 -1.3187280407E+00  4.0885655762E+00  3.4750174533E-01 -1.3394357590E+00
 -3.9252424676E-02 -1.3147567031E+00  4.1093185227E+00  3.4298534212E-01 -1.4721114073E+00
 -5.2612545593E-02 -1.3107976856E+00  4.1300750479E+00  3.3917382859E-01 -1.6203570909E+00
 -6.5970924918E-02 -1.3068489687E+00  4.1508346560E+00  3.3601323202E-01 -1.7809841660E+00
 -7.9327391698E-02 -1.3029082692E+00  4.1715970180E+00  3.3344998631E-01 -1.9487176566E+00
 -9.2681301025E-02 -1.2989729959E+00  4.1923620542E+00  3.3143492559E-01 -2.1160708344E+00
 -1.0603136996E-01 -1.2950402227E+00  4.2131300332E+00  3.2992943807E-01 -2.2741687769E+00
 -1.1937573318E-01 -1.2911070926E+00  4.2339016112E+00  3.2891379303E-01 -2.4152524032E+00
 -1.3271353761E-01 -1.2871733981E+00  4.2546772945E+00  3.2839678339E-01 -2.5375252712E+00
 -1.4605101359E-01 -1.2832489342E+00  4.2754549335E+00  3.2842449238E-01 -2.6524874589E+00
 -1.5940438016E-01 -1.2793530802E+00  4.2962277467E+00  3.2908441475E-01 -2.7938271881E+00
 -1.7278141968E-01 -1.2754900151E+00  4.3169914514E+00  3.3049984736E-01 -3.0254633133E+00
 -1.8617554729E-01 -1.2716475213E+00  4.3377479577E+00  3.3280925376E-01 -3.4449159640E+00
 -1.9957924627E-01 -1.2678152503E+00  4.3585001754E+00  3.3612699074E-01 -4.1774650764E+00
 -2.1298824849E-01 -1.2639879869E+00  4.3792498914E+00  3.4048582532E-01 -5.3570773105E+00
 -2.2640040849E-01 -1.2601633203E+00  4.3999980452E+00  3.4576807659E-01 -7.0922585179E+00
 -2.3981463048E-01 -1.2563400955E+00  4.4207451318E+00  3.5164002248E-01 -9.4193719249E+00
 -2.5323033390E-01 -1.2525177205E+00  4.4414914170E+00  3.5751137564E-01 -1.2253053791E+01
 -2.6664720917E-01 -1.2486958586E+00  4.4622370390E+00  3.6254464763E-01 -1.5352070484E+01
 -2.8006511112E-01 -1.2448742735E+00  4.4829820479E+00  3.6573358270E-01 -1.8324438141E+01
 -2.9348403542E-01 -1.2410527062E+00  4.5037263988E+00  3.6605244987E-01 -2.0689877924E+01
 -3.0690425009E-01 -1.2372305866E+00  4.5244698131E+00  3.6265115652E-01 -2.1995901056E+01
 -3.1294432042E-01 -1.2355095549E+00  4.5338035208E+00  3.5976059334E-01 -2.2151877813E+01
</Path of -GradDelSqRho>
<Path of -GradDelSqRho>
Starting CP# =      3
Ending CP# =     20
Number of Points =     19
  6.7737887695E-02 -1.3469744975E+00  3.9434421339E+00  4.0283131977E-01 -9.0385502570E-01
  8.1131808696E-02 -1.3510749078E+00  3.9227349010E+00  4.1459210724E-01 -9.1307973736E-01
  9.4530672061E-02 -1.3551886532E+00  3.9020335112E+00  4.2740736051E-01 -9.4119494113E-01
  1.0793406736E-01 -1.3593135730E+00  3.8813372792E+00  4.4129638004E-01 -9.8894656291E-01
  1.2134135088E-01 -1.3634471472E+00  3.8606452926E+00  4.5627269982E-01 -1.0571133558E+00
  1.3475163843E-01 -1.3675865209E+00  3.8399564123E+00  4.7234319457E-01 -1.1463805456E+00
  1.4816379124E-01 -1.3717284911E+00  3.8192692607E+00  4.8950718116E-01 -1.2571829014E+00
  1.6157638674E-01 -1.3758694379E+00  3.7985821913E+00  5.0775561137E-01 -1.3895208498E+00
  1.7498766509E-01 -1.3800051736E+00  3.7778932257E+00  5.2707047383E-01 -1.5427557088E+00
  1.8839543828E-01 -1.3841306753E+00  3.7571999458E+00  5.4742454038E-01 -1.7153927979E+00
  2.0179694045E-01 -1.3882396285E+00  3.7364993130E+00  5.6878160649E-01 -1.9048635575E+00
  2.1518857916E-01 -1.3923236506E+00  3.7157873678E+00  5.9109738303E-01 -2.1073190810E+00
  2.2856550560E-01 -1.3963709117E+00  3.6950587091E+00  6.1432119505E-01 -2.3174462468E+00
  2.4192081688E-01 -1.4003635098E+00  3.6743055328E+00  6.3839862462E-01 -2.5283114184E+00
  2.5524391048E-01 -1.4042719417E+00  3.6535156766E+00  6.6327517005E-01 -2.7312208889E+00
  2.6851652618E-01 -1.4080416264E+00  3.6326680473E+00  6.8890073803E-01 -2.9155543423E+00
  2.8170069810E-01 -1.4115517288E+00  3.6117194695E+00  7.1523334243E-01 -3.0684684448E+00
  2.9468236649E-01 -1.4144249531E+00  3.5905509251E+00  7.4222590458E-01 -3.1742985601E+00
  3.0875374351E-01 -1.3954654089E+00  3.5653261942E+00  7.6957534621E-01 -3.2170599071E+00
</Path of -GradDelSqRho>
<Path of -GradDelSqRho>
Starting CP# =      4
Ending CP# =      0
Number of Points =     30
  1.7005907959E+00 -2.0468970981E+00  3.3093291248E+00  4.0470997406E-01 -9.2233654678E-01
  1.7219890141E+00 -2.0576812605E+00  3.3164578058E+00  3.9392588390E-01 -9.3153752072E-01
  1.7433814217E+00 -2.0684724810E+00  3.3235932417E+00  3.8414966526E-01 -9.5888558303E-01
  1.7647676595E+00 -2.0792714878E+00  3.3307353893E+00  3.7534846951E-01 -1.0041590364E+00
  1.7861475768E+00 -2.0900787562E+00  3.3378839607E+00  3.6748590783E-01 -1.0673313593E+00
  1.8075212246E+00 -2.1008944929E+00  3.3450384703E+00  3.6052218434E-01 -1.1485042545E+00
  1.8288888392E+00 -2.1117186294E+00  3.3521982962E+00  3.5441409964E-01 -1.2477724902E+00
  1.8502508197E+00 -2.1225508212E+00  3.3593627501E+00  3.4911501554E-01 -1.3649943340E+00
  1.8716077029E+00 -2.1333904474E+00  3.3665311554E+00  3.4457494008E-01 -1.4994393013E+00
  1.8929601406E+00 -2.1442366007E+00  3.3737029305E+00  3.4074098948E-01 -1.6493024637E+00
  1.9143088856E+00 -2.1550880556E+00  3.3808776785E+00  3.3755860455E-01 -1.8111326801E+00
  1.9356547928E+00 -2.1659431972E+00  3.3880552928E+00  3.3497401688E-01 -1.9793437084E+00
  1.9569988367E+00 -2.1767998984E+00  3.3952360886E+00  3.3293850780E-01 -2.1461701746E+00
  1.9783421183E+00 -2.1876554094E+00  3.4024209481E+00  3.3141486472E-01 -2.3026585221E+00
  1.9996856733E+00 -2.1985067755E+00  3.4096112549E+00  3.3038596696E-01 -2.4414351155E+00
  2.0210293461E+00 -2.2093540297E+00  3.4168074138E+00  3.2986450019E-01 -2.5618799488E+00
  2.0423689352E+00 -2.2202092489E+00  3.4240036706E+00  3.2990141456E-01 -2.6777487547E+00
  2.0636973594E+00 -2.2310949103E+00  3.4311870220E+00  3.3058916211E-01 -2.8261455849E+00
  2.0850139907E+00 -2.2420154164E+00  3.4383524719E+00  3.3205450720E-01 -3.0752434130E+00
  2.1063234760E+00 -2.2529580902E+00  3.4455053524E+00  3.3443568314E-01 -3.5267817081E+00
  2.1276293957E+00 -2.2639123370E+00  3.4526511380E+00  3.3784064460E-01 -4.3087777585E+00
  2.1489335283E+00 -2.2748726812E+00  3.4597929017E+00  3.4228751584E-01 -5.5545916941E+00
  2.1702367020E+00 -2.2858364928E+00  3.4669322030E+00  3.4763499221E-01 -7.3669025950E+00
  2.1915393186E+00 -2.2968024659E+00  3.4740698467E+00  3.5351833969E-01 -9.7698601516E+00
  2.2128415870E+00 -2.3077699168E+00  3.4812062594E+00  3.5931353172E-01 -1.2660097501E+01
  2.2341436283E+00 -2.3187384669E+00  3.4883416601E+00  3.6415427515E-01 -1.5775980446E+01
  2.2554455320E+00 -2.3297078905E+00  3.4954761289E+00  3.6701969074E-01 -1.8709042710E+01
  2.2767474042E+00 -2.3406780261E+00  3.5026095969E+00  3.6689154978E-01 -2.0973940586E+01
  2.2980495104E+00 -2.3516486591E+00  3.5097416010E+00  3.6295246523E-01 -2.2129646287E+01
  2.3044415824E+00 -2.3549390896E+00  3.5118780776E+00  3.6095061205E-01 -2.2214200510E+01
</Path of -GradDelSqRho>
<Path of -GradDelSqRho>
Starting CP# =      4
Ending CP# =     19
Number of Points =     19
  1.7005907959E+00 -2.0468970981E+00  3.3093291248E+00  4.0470997406E-01 -9.2233654678E-01
  1.6791874975E+00 -2.0361188503E+00  3.3022067530E+00  4.1653093689E-01 -9.3171622412E-01
  1.6577796837E+00 -2.0253455999E+00  3.2950903928E+00  4.2941343484E-01 -9.6029844152E-01
  1.6363682954E+00 -2.0145760334E+00  3.2879792126E+00  4.4337712449E-01 -1.0088342583E+00
  1.6149544490E+00 -2.0038086936E+00  3.2808720632E+00  4.5843585233E-01 -1.0781109438E+00
  1.5935394374E+00 -1.9930419878E+00  3.2737674643E+00  4.7459676591E-01 -1.1688263015E+00
  1.5721247481E+00 -1.9822741726E+00  3.2666635754E+00  4.9185941723E-01 -1.2814321604E+00
  1.5507121069E+00 -1.9715033046E+00  3.2595581410E+00  5.1021495558E-01 -1.4159507489E+00
  1.5293035613E+00 -1.9607271441E+00  3.2524483919E+00  5.2964552732E-01 -1.5717701631E+00
  1.5079016212E+00 -1.9499429882E+00  3.2453308839E+00  5.5012401863E-01 -1.7474278751E+00
  1.4865094935E+00 -1.9391473919E+00  3.2382012327E+00  5.7161429084E-01 -1.9403936750E+00
  1.4651314765E+00 -1.9283356965E+00  3.2310536777E+00  5.9407206645E-01 -2.1468647887E+00
  1.4437736563E+00 -1.9175011949E+00  3.2238803310E+00  6.1744662320E-01 -2.3615848017E+00
  1.4224452196E+00 -1.9066335561E+00  3.2166697963E+00  6.4168343872E-01 -2.5776919372E+00
  1.4011611957E+00 -1.8957155462E+00  3.2094043689E+00  6.6672787897E-01 -2.7865866700E+00
  1.3799490551E+00 -1.8847152136E+00  3.2020535089E+00  6.9252983911E-01 -2.9777759409E+00
  1.3588684824E+00 -1.8735629395E+00  3.1945550814E+00  7.1904825837E-01 -3.1385911117E+00
  1.3380991142E+00 -1.8620540326E+00  3.1867378990E+00  7.4624540957E-01 -3.2535931980E+00
  1.3256068472E+00 -1.8305819465E+00  3.1721792977E+00  7.7736674457E-01 -3.3073229456E+00
</Path of -GradDelSqRho>
<Path of -GradDelSqRho>
Starting CP# =      5
Ending CP# =     16
Number of Points =     37
  7.7936587907E-01 -1.4256424570E+00  3.0559719074E+00  2.2468462383E+01  1.2260481178E+03
  7.9176134930E-01 -1.4066798595E+00  3.0665441426E+00  1.5581893249E+01  1.1451336010E+03
  8.0415561714E-01 -1.3877100441E+00  3.0771048351E+00  1.0910766169E+01  9.7639991903E+02
  8.1654956693E-01 -1.3687383325E+00  3.0876624943E+00  7.7519060312E+00  7.6922084812E+02
  8.2894277163E-01 -1.3497621652E+00  3.0982130175E+00  5.6235330594E+00  5.6956585596E+02
  8.4133451136E-01 -1.3307772559E+00  3.1087495238E+00  4.1901159878E+00  4.0620810317E+02
  8.5372399700E-01 -1.3117789640E+00  3.1192645358E+00  3.2219912134E+00  2.8422610332E+02
  8.6611042763E-01 -1.2927626721E+00  3.1297505672E+00  2.5649344192E+00  1.9647357506E+02
  8.7849304815E-01 -1.2737241546E+00  3.1402007051E+00  2.1160029247E+00  1.3379331803E+02
  8.9087110620E-01 -1.2546593481E+00  3.1506082306E+00  1.8061371202E+00  8.9031779789E+01
  9.0324365983E-01 -1.2355632947E+00  3.1609648853E+00  1.5886860650E+00  5.7325534812E+01
  9.1560929189E-01 -1.2164286648E+00  3.1712584028E+00  1.4321076628E+00  3.5313449164E+01
  9.2796574840E-01 -1.1972440833E+00  3.1814696113E+00  1.3152415639E+00  2.0475497655E+01
  9.4030939301E-01 -1.1779918971E+00  3.1915684117E+00  1.2241009019E+00  1.0815793506E+01
  9.5263421097E-01 -1.1586445520E+00  3.2015069683E+00  1.1496073239E+00  4.7575993516E+00
  9.6492975115E-01 -1.1391580339E+00  3.2112067454E+00  1.0859751860E+00  1.1040521590E+00
  9.7717628469E-01 -1.1194588154E+00  3.2205308156E+00  1.0295803226E+00 -1.0058736144E+00
  9.8933097451E-01 -1.0994139026E+00  3.2292133728E+00  9.7820764308E-01 -2.1585692346E+00
  1.0012734315E+00 -1.0787465131E+00  3.2366213843E+00  9.3065232695E-01 -2.7338664085E+00
  1.0124075344E+00 -1.0567816955E+00  3.2404306684E+00  8.8737300464E-01 -2.9698012317E+00
  1.0170165431E+00 -1.0364386571E+00  3.2292151361E+00  8.6441031459E-01 -3.0406058476E+00
  1.0137950583E+00 -1.0244351819E+00  3.2075597672E+00  8.6568599531E-01 -3.0879041684E+00
  1.0095168633E+00 -1.0139141657E+00  3.1852901843E+00  8.6847878278E-01 -3.1321799852E+00
  1.0047104343E+00 -1.0040401336E+00  3.1628325625E+00  8.7090046703E-01 -3.1734111039E+00
  9.9939685189E-01 -9.9480009802E-01  3.1402199372E+00  8.7289191505E-01 -3.2115048268E+00
  9.9358748943E-01 -9.8620780001E-01  3.1174742363E+00  8.7445065915E-01 -3.2463917923E+00
  9.8729880357E-01 -9.7827954297E-01  3.0946151391E+00  8.7557897005E-01 -3.2780263761E+00
  9.8055308469E-01 -9.7103379204E-01  3.0716600203E+00  8.7628263060E-01 -3.3063863005E+00
  9.7337866974E-01 -9.6449120707E-01  3.0486238457E+00  8.7657077373E-01 -3.3314719906E+00
  9.6580976114E-01 -9.5867452954E-01  3.0255192884E+00  8.7645570644E-01 -3.3533057385E+00
  9.5788564450E-01 -9.5360822153E-01  3.0023571861E+00  8.7595271094E-01 -3.3719307019E+00
  9.4964901423E-01 -9.4931772275E-01  2.9791474754E+00  8.7507982804E-01 -3.3874097308E+00
  9.4114302855E-01 -9.4582815132E-01  2.9559007349E+00  8.7385762352E-01 -3.3998239811E+00
  9.3240666408E-01 -9.4316225635E-01  2.9326304245E+00  8.7230893294E-01 -3.4092712706E+00
  9.2346805884E-01 -9.4133749739E-01  2.9093557862E+00  8.7045857645E-01 -3.4158641727E+00
  9.1433620966E-01 -9.4036243750E-01  2.8861050848E+00  8.6833303931E-01 -3.4197279460E+00
  9.0491083363E-01 -9.4023637289E-01  2.8627142928E+00  8.6593823561E-01 -3.4209985969E+00
</Path of -GradDelSqRho>
<Path of -GradDelSqRho>
Starting CP# =      5
Ending CP# =      1
Number of Points =      7
  7.7936587907E-01 -1.4256424570E+00  3.0559719074E+00  2.2468462383E+01  1.2260481178E+03
  7.6696770433E-01 -1.4445886902E+00  3.0453735389E+00  3.2654916794E+01  9.7935276509E+02
  7.5456722631E-01 -1.4635208702E+00  3.0347527727E+00  4.7828387353E+01 -7.7097394938E+02
  7.4216573592E-01 -1.4824468341E+00  3.0241221131E+00  7.0364210208E+01 -6.3093092520E+03
  7.2976353297E-01 -1.5013684099E+00  3.0134844763E+00  1.0380115521E+02 -2.0340919441E+04
  7.1736014065E-01 -1.5202826585E+00  3.0028352016E+00  1.5396667511E+02 -7.4317471035E+04
  6.9565881320E-01 -1.5533608049E+00  2.9841858132E+00  2.9723015357E+02 -3.3284126528E+06
</Path of -GradDelSqRho>
<Path of -GradDelSqRho>
Starting CP# =      7
Ending CP# =      1
Number of Points =      7
  6.2399425313E-01 -1.7039892058E+00  2.9672957614E+00  2.2705430301E+01  1.2501743979E+03
  6.3469599447E-01 -1.6815428205E+00  2.9698710925E+00  3.3038571948E+01  9.8678119329E+02
  6.4538838719E-01 -1.6590881347E+00  2.9724127011E+00  4.8451907348E+01 -8.5909412156E+02
  6.5607669145E-01 -1.6366298396E+00  2.9749395825E+00  7.1357976442E+01 -6.5860999658E+03
  6.6676185681E-01 -1.6141687837E+00  2.9774551686E+00  1.0538981361E+02 -2.1378955523E+04
  6.7744198002E-01 -1.5917033070E+00  2.9799526294E+00  1.5644094210E+02 -7.7796084121E+04
  6.9565881320E-01 -1.5533608049E+00  2.9841858132E+00  2.9723015357E+02 -3.3284126528E+06
</Path of -GradDelSqRho>
<Path of -GradDelSqRho>
Starting CP# =      7
Ending CP# =     17
Number of Points =     29
  6.2399425313E-01 -1.7039892058E+00  2.9672957614E+00  2.2705430301E+01  1.2501743979E+03
  6.1328113795E-01 -1.7264254114E+00  2.9646793284E+00  1.5732036408E+01  1.1656531790E+03
  6.0256249056E-01 -1.7488566364E+00  2.9620429032E+00  1.1010020845E+01  9.9286629224E+02
  5.9184233913E-01 -1.7712865077E+00  2.9594010812E+00  7.8225059567E+00  7.8201570258E+02
  5.8111908517E-01 -1.7937135758E+00  2.9567480807E+00  5.6796037260E+00  5.7858231446E+02
  5.7038973624E-01 -1.8161351124E+00  2.9540730671E+00  4.2403995391E+00  4.1178780134E+02
  5.5965096865E-01 -1.8385480459E+00  2.9513639850E+00  3.2715423074E+00  2.8709080145E+02
  5.4889938530E-01 -1.8609491689E+00  2.9486084664E+00  2.6163677515E+00  1.9737698556E+02
  5.3813175774E-01 -1.8833353352E+00  2.9457946850E+00  2.1703895936E+00  1.3335117996E+02
  5.2734485467E-01 -1.9057032772E+00  2.9429107066E+00  1.8636099422E+00  8.7707960483E+01
  5.1653465676E-01 -1.9280488141E+00  2.9399415733E+00  1.6488368102E+00  5.5467030131E+01
  5.0569519669E-01 -1.9503655985E+00  2.9368649167E+00  1.4942493552E+00  3.3180383707E+01
  4.9481713016E-01 -1.9726433781E+00  2.9336453585E+00  1.3785837767E+00  1.8257707537E+01
