 AIMInt (Version 19.02.13, Professional)
 Portions Copyright (c) 1997-2019 by Todd A. Keith
 AIMInt is a component of the AIMAll package ( http://aim.tkgristmill.com )

 TP:  64-bit Linux

 Licensed To:  Research Group of Fernando Cortes Guzman, UNAM, fercor@unam.mx

 AIMInt is a heavily modified and extended version of the PROAIMV program
 developed by members of R.F.W. Bader's research group

 Much of the Quantum Theory of Atoms in Molecules (QTAIM) is described in the book:
   "Atoms in Molecules - A Quantum Theory"
   R.F.W. Bader, Oxford University Press, Oxford, 1990

 For additional references see:  http://aim.tkgristmill.com/references.html

 Current Directory:  /home/scratch/M_H2O_4_tetraedrico/Opt

 Inp File:  Fe3_tetraedrico_cc-pvtz-def2-tzv_1_atomicfiles/o6.inp
 Wfx File:  Fe3_tetraedrico_cc-pvtz-def2-tzv_1.wfx
 Out File:  Fe3_tetraedrico_cc-pvtz-def2-tzv_1_atomicfiles/o6.int

 Wfx Title:   Fe3_tetraedrico_cc-pvtz-def2-tzv_1                                            
 Job Title:   Fe3_tetraedrico_cc-pvtz-def2-tzv_1                                            
 
<Atom>
O6      
</Atom>
<Nuclei of Molecule>
    13
Fe1       26.0          -1.4383133817E-02  -1.8641573357E-03  -2.0320033271E-03
O2         8.0           1.5916466642E+00  -1.6478117374E+00  -2.5594373073E+00
H3         1.0           1.5568835511E+00  -3.5141823315E+00  -2.8104637647E+00
O4         8.0           6.9565869367E-01  -1.5533608824E+00   2.9841855895E+00
H5         1.0          -3.1786802677E-01  -1.2341473125E+00   4.5413947750E+00
O6         8.0           1.0643362457E+00   3.2617322302E+00   1.1671165944E-01
H7         1.0           6.7223129424E-01   4.5585794029E+00  -1.1940147640E+00
O8         8.0          -3.4091737987E+00  -6.8014860274E-02  -5.4958793600E-01
H9         1.0          -4.3669653413E+00  -1.4059370549E+00  -1.4700242702E+00
H10        1.0          -4.7055729660E+00   1.1963880004E+00  -2.4521615137E-02
H11        1.0           2.5955237519E+00   3.8452070597E+00   1.0446654375E+00
H12        1.0           2.3128417530E+00  -2.3593102479E+00   3.5146937736E+00
H13        1.0           3.0871450239E+00  -9.7848742674E-01  -3.4838735303E+00
</Nuclei of Molecule>
<Total Number of CPs of DelSqRho>
    37
</Total Number of CPs of DelSqRho>
<Number of (3,+3) CPs of DelSqRho>
     5
</Number of (3,+3) CPs of DelSqRho>
<Number of (3,+1) CPs of DelSqRho>
    14
</Number of (3,+1) CPs of DelSqRho>
<Number of (3,-1) CPs of DelSqRho>
    13
</Number of (3,-1) CPs of DelSqRho>
<Number of (3,-3) CPs of DelSqRho>
     5
</Number of (3,-3) CPs of DelSqRho>
<Number of Degenerate CPs of DelSqRho>
     0
</Number of Degenerate CPs of DelSqRho>
<CP of DelSqRho>
CP# = 1       
Type = (3,+3)
Coords =  1.06433646331792E+00  3.26173234693609E+00  1.16711508554880E-01
DistFromNuc =  2.8941065643E-07
Rho =  2.9724653027E+02
DelSqRho = -3.3285947674E+06
GradDelSqRho = -3.3963333408E-06  2.9063273359E-05  6.5069980337E-07
HessDelSqRho_EigVals =  1.3236988108E+11  1.3236990169E+11  1.3236990667E+11
HessDelSqRho_EigVec1 =  6.6788339052E-01 -3.1201360054E-01 -6.7570651155E-01
HessDelSqRho_EigVec2 =  3.8062868324E-01  9.2336702471E-01 -5.0151203115E-02
HessDelSqRho_EigVec3 = -6.3957296860E-01  2.2369812417E-01 -7.3546282508E-01
</CP of DelSqRho>
<CP of DelSqRho>
CP# = 2       
Type = (3,-1)
Coords =  4.15212679340535E-01  1.91111623189008E+00  3.58648336000833E-01
DistFromNuc =  1.5179124925E+00
Rho =  1.4593299309E-01
DelSqRho =  3.6889166568E-01
GradDelSqRho = -4.0592529338E-16  5.2735593670E-16  1.3877787808E-17
HessDelSqRho_EigVals = -7.5953475780E-01 -1.5853867238E-01  4.8633114360E+00
HessDelSqRho_EigVec1 = -6.3977783177E-01  1.5531035413E-01  7.5270380620E-01
HessDelSqRho_EigVec2 =  7.0628737014E-01 -2.6736989520E-01  6.5549331798E-01
HessDelSqRho_EigVec3 =  3.0305523713E-01  9.5099528550E-01  6.1363590259E-02
</CP of DelSqRho>
<CP of DelSqRho>
CP# = 3       
Type = (3,+1)
Coords =  8.22455842751227E-01  4.05736109553919E+00 -7.00416989491524E-01
DistFromNuc =  1.1658604760E+00
Rho =  4.0373626249E-01
DelSqRho = -9.1348175188E-01
GradDelSqRho = -4.0800696155E-15  8.4723894567E-15 -1.3045120539E-14
HessDelSqRho_EigVals = -2.9408594501E+01  1.3984986168E+01  1.4656321259E+01
HessDelSqRho_EigVec1 = -2.0743919424E-01  6.9256104727E-01 -6.9088940974E-01
HessDelSqRho_EigVec2 = -6.9829853675E-01  3.8977309736E-01  6.0037995149E-01
HessDelSqRho_EigVec3 =  6.8508987313E-01  6.0698939725E-01  4.0276014867E-01
</CP of DelSqRho>
<CP of DelSqRho>
CP# = 4       
Type = (3,+1)
Coords =  2.01644364908479E+00  3.61500454278645E+00  6.88469572870590E-01
DistFromNuc =  1.1654256502E+00
Rho =  4.0459453164E-01
DelSqRho = -9.1976497502E-01
GradDelSqRho =  1.2490009027E-15 -2.4702462298E-15 -6.9388939039E-16
HessDelSqRho_EigVals = -2.9665339155E+01  1.4083367279E+01  1.4777398796E+01
HessDelSqRho_EigVec1 =  8.1043876763E-01  3.1565027859E-01  4.9351180892E-01
HessDelSqRho_EigVec2 = -5.8338510714E-01  3.5807871356E-01  7.2900030978E-01
HessDelSqRho_EigVec3 = -5.3393077212E-02  8.7871755219E-01 -4.7434654293E-01
</CP of DelSqRho>
<CP of DelSqRho>
CP# = 5       
Type = (3,+1)
Coords =  1.18896306094432E+00  3.24540338245487E+00  3.95944561545763E-03
DistFromNuc =  1.6885359361E-01
Rho =  2.2442989141E+01
DelSqRho =  1.2236533089E+03
GradDelSqRho = -2.8350655157E-12 -1.2789769244E-12 -6.9348971010E-12
HessDelSqRho_EigVals = -4.0114159392E+05  2.9585740923E+03  3.3232202848E+03
HessDelSqRho_EigVec1 =  7.3755797502E-01 -9.8898781330E-02 -6.6800244351E-01
HessDelSqRho_EigVec2 =  2.3299710348E-01  9.6573947885E-01  1.1427864528E-01
HessDelSqRho_EigVec3 =  6.3381431291E-01 -2.3992976065E-01  7.3533198400E-01
</CP of DelSqRho>
<CP of DelSqRho>
CP# = 6       
Type = (3,-1)
Coords =  1.08775459797020E+00  3.42504525249795E+00  1.49484589756539E-01
DistFromNuc =  1.6820709686E-01
Rho =  2.2458858919E+01
DelSqRho =  1.2652487634E+03
GradDelSqRho = -1.5205614545E-12 -1.0970779840E-11  9.9475983006E-13
HessDelSqRho_EigVals = -4.2022027034E+05 -1.9451764523E+03  6.5365753858E+02
HessDelSqRho_EigVec1 =  1.3621162239E-01  9.7080978326E-01  1.9742025897E-01
HessDelSqRho_EigVec2 = -7.6142402313E-01 -2.4896008738E-02  6.4777592248E-01
HessDelSqRho_EigVec3 =  6.3378217940E-01 -2.3855513718E-01  7.3580676512E-01
</CP of DelSqRho>
<CP of DelSqRho>
CP# = 7       
Type = (3,-3)
Coords =  9.54325656819989E-01  3.13873850564133E+00  8.94818774178733E-02
DistFromNuc =  1.6724606714E-01
Rho =  2.2664348660E+01
DelSqRho =  1.2884316695E+03
GradDelSqRho =  2.2282620193E-11 -4.5474735089E-13  3.4674485505E-12
HessDelSqRho_EigVals = -4.4392410077E+05 -2.9569488017E+03 -9.0413120927E+01
HessDelSqRho_EigVec1 =  6.5886513688E-01  7.3504185751E-01  1.6003186907E-01
HessDelSqRho_EigVec2 =  5.9368801633E-01 -3.7743052643E-01 -7.1069032425E-01
HessDelSqRho_EigVec3 =  4.6198622346E-01 -5.6325808066E-01  6.8506135776E-01
</CP of DelSqRho>
<CP of DelSqRho>
CP# = 8       
Type = (3,+1)
Coords =  9.61252921139377E-01  3.33235761146211E+00  2.28311308682984E-01
DistFromNuc =  1.6753685560E-01
Rho =  2.2732889183E+01
DelSqRho =  1.2531248289E+03
GradDelSqRho =  6.0822458181E-12  2.0747847884E-12  2.9558577808E-12
HessDelSqRho_EigVals = -4.3201178710E+05  1.9113165348E+03  2.3641758135E+03
HessDelSqRho_EigVec1 =  6.1684201257E-01 -4.1862437240E-01 -6.6652799368E-01
HessDelSqRho_EigVec2 =  4.6831373641E-01  8.7582506626E-01 -1.1667346570E-01
HessDelSqRho_EigVec3 =  6.3260428059E-01 -2.4017511975E-01  7.3629324052E-01
</CP of DelSqRho>
<CP of DelSqRho>
CP# = 9       
Type = (3,-3)
Coords =  1.03525709298209E+00  3.11072730298143E+00  1.82476897728662E-01
DistFromNuc =  1.6725176154E-01
Rho =  2.2662143660E+01
DelSqRho =  1.2884746850E+03
GradDelSqRho = -4.3529624350E-12  9.6065377875E-12 -2.9274360713E-12
HessDelSqRho_EigVals = -4.4379623834E+05 -2.9661982549E+03 -1.1892771927E+02
HessDelSqRho_EigVec1 =  1.7663921174E-01  9.0194371957E-01 -3.9407628146E-01
HessDelSqRho_EigVec2 = -6.6968309553E-01  4.0354489173E-01  6.2343890792E-01
HessDelSqRho_EigVec3 =  7.2133427787E-01  1.5378246678E-01  6.7529831369E-01
</CP of DelSqRho>
<CP of DelSqRho>
CP# = 10      
Type = (3,+1)
Coords =  1.73007089926467E+00  3.19770891395135E+00  1.14512844282950E-02
DistFromNuc =  6.7703866992E-01
Rho =  8.1188908645E-01
DelSqRho = -2.6983536517E+00
GradDelSqRho = -1.0658141036E-14  1.0436096431E-14  6.2172489379E-15
HessDelSqRho_EigVals = -8.8572478294E+00  1.1414336645E+01  2.0608028238E+02
HessDelSqRho_EigVec1 =  2.5044460884E-01  5.1928395396E-01  8.1708119123E-01
HessDelSqRho_EigVec2 = -1.3044168899E-02  8.4571131722E-01 -5.3348122514E-01
HessDelSqRho_EigVec3 =  9.6804305047E-01 -1.2294935169E-01 -2.1857746764E-01
</CP of DelSqRho>
<CP of DelSqRho>
CP# = 11      
Type = (3,-1)
Coords =  5.60586388561690E-01  3.12924697119069E+00 -3.68140277758535E-01
DistFromNuc =  7.1161623323E-01
Rho =  6.8538415552E-01
DelSqRho = -1.1342940909E+00
GradDelSqRho =  1.6875389974E-14 -5.3290705182E-15  1.0658141036E-14
HessDelSqRho_EigVals = -1.5337873286E+01 -1.1114167036E+01  1.4800959108E+02
HessDelSqRho_EigVec1 =  2.1314624428E-01  8.5441045371E-01 -4.7386860534E-01
HessDelSqRho_EigVec2 = -6.6344425364E-01  4.8261872601E-01  5.7176996040E-01
HessDelSqRho_EigVec3 =  7.1722409389E-01  1.9251478354E-01  6.6972207464E-01
</CP of DelSqRho>
<CP of DelSqRho>
CP# = 12      
Type = (3,-1)
Coords =  1.29757430738324E+00  3.94309998121262E+00  1.32342490938791E-01
DistFromNuc =  7.2035153114E-01
Rho =  6.7011206196E-01
DelSqRho = -1.0091580238E+00
GradDelSqRho = -2.0650148258E-14  5.9285909515E-14  3.3417713041E-14
HessDelSqRho_EigVals = -1.8502160619E+01 -7.6161698493E+00  1.3842272643E+02
HessDelSqRho_EigVec1 =  6.3274790047E-01 -2.3375192695E-01  7.3823446892E-01
HessDelSqRho_EigVec2 =  7.0882487642E-01 -2.0898910528E-01 -6.7371421868E-01
HessDelSqRho_EigVec3 =  3.1176495797E-01  9.4957021358E-01  3.3451763148E-02
</CP of DelSqRho>
<CP of DelSqRho>
CP# = 13      
Type = (3,-1)
Coords =  1.37755455748435E+00  2.82318641618427E+00  5.81506695447176E-01
DistFromNuc =  7.1166183497E-01
Rho =  6.8427197356E-01
DelSqRho = -1.1173042857E+00
GradDelSqRho =  2.2204460493E-16 -8.8817841970E-16 -7.9936057773E-15
HessDelSqRho_EigVals = -1.5369519887E+01 -1.1318095060E+01  1.4777989311E+02
HessDelSqRho_EigVec1 =  7.4279734033E-01  6.5520834927E-01  1.3767399987E-01
HessDelSqRho_EigVec2 = -5.1705946811E-01  4.3076181921E-01  7.3965786790E-01
HessDelSqRho_EigVec3 = -4.2532530801E-01  6.2060154218E-01 -6.5875041420E-01
</CP of DelSqRho>
<CP of DelSqRho>
CP# = 14      
Type = (3,+3)
Coords =  5.91302328848259E-01  3.28360608868393E+00  5.31916082802418E-01
DistFromNuc =  6.2978906416E-01
Rho =  9.9240917002E-01
DelSqRho = -4.8231115597E+00
GradDelSqRho = -3.9079850467E-14 -3.9968028887E-15  5.6843418861E-14
HessDelSqRho_EigVals =  1.6063682191E+01  2.4147784928E+01  3.8293155325E+02
HessDelSqRho_EigVec1 =  1.9835868759E-01  9.6890337640E-01  1.4791916120E-01
HessDelSqRho_EigVec2 =  6.3359718967E-01 -2.4190358192E-01  7.3487227346E-01
HessDelSqRho_EigVec3 =  7.4780240191E-01 -5.2047134877E-02 -6.6187813338E-01
</CP of DelSqRho>
<CP of DelSqRho>
CP# = 15      
Type = (3,+3)
Coords =  1.33075344948942E+00  2.78791635598763E+00 -2.64255273735841E-01
DistFromNuc =  6.6378868123E-01
Rho =  8.4905998926E-01
DelSqRho = -3.2800628631E+00
GradDelSqRho =  8.8817841970E-15 -1.0658141036E-14 -5.3290705182E-15
HessDelSqRho_EigVals =  2.7569118979E+00  1.4234848561E+01  2.3824128761E+02
HessDelSqRho_EigVec1 =  6.4659851305E-01  6.8763987571E-01 -3.3024500641E-01
HessDelSqRho_EigVec2 =  6.3110369086E-01 -2.3902873773E-01  7.3795216235E-01
HessDelSqRho_EigVec3 = -4.2850728618E-01  6.8557761331E-01  5.8852768993E-01
</CP of DelSqRho>
<CP of DelSqRho>
CP# = 16      
Type = (3,+1)
Coords =  6.13369291787594E-01  3.75590936817715E+00 -3.67570008876854E-02
DistFromNuc =  6.8639264775E-01
Rho =  7.8934474488E-01
DelSqRho = -2.6119200136E+00
GradDelSqRho =  5.4178883602E-14  1.5987211555E-14 -7.6383344094E-14
HessDelSqRho_EigVals = -1.4561130591E+01  1.4034784720E+01  1.9847781804E+02
HessDelSqRho_EigVec1 = -4.2131623181E-01 -2.3939046350E-01  8.7474844315E-01
HessDelSqRho_EigVec2 =  5.7819407403E-01  6.7219107858E-01  4.6244001410E-01
HessDelSqRho_EigVec3 = -6.9870182880E-01  7.0060785028E-01 -1.4479086491E-01
</CP of DelSqRho>
<CP of DelSqRho>
CP# = 17      
Type = (3,+1)
Coords =  1.26605400394169E+00  3.51386437435469E+00  7.22015476120735E-01
DistFromNuc =  6.8604182278E-01
Rho =  7.9075899777E-01
DelSqRho = -2.6273918944E+00
GradDelSqRho = -6.2172489379E-15 -6.2172489379E-15 -3.5527136788E-15
HessDelSqRho_EigVals = -1.4567841143E+01  1.4199726238E+01  1.9920457443E+02
HessDelSqRho_EigVec1 =  9.7113237754E-01  3.7088594108E-02 -2.3564027982E-01
HessDelSqRho_EigVec2 = -1.1969916657E-01  9.3023399787E-01 -3.4689597682E-01
HessDelSqRho_EigVec3 =  2.0633471547E-01  3.6508785984E-01  9.0781982782E-01
</CP of DelSqRho>
<CP of DelSqRho>
CP# = 18      
Type = (3,+1)
Coords =  1.27418277247831E+00  3.36733986171734E+00 -5.18151771438001E-01
DistFromNuc =  6.7693434874E-01
Rho =  8.1190887621E-01
DelSqRho = -2.6957049647E+00
GradDelSqRho = -4.4408920985E-15 -1.5099033135E-14  2.1316282073E-14
HessDelSqRho_EigVals = -8.8387589074E+00  1.1378241989E+01  2.0629334535E+02
HessDelSqRho_EigVec1 = -5.6019412601E-01  8.1904975757E-01 -1.2385489820E-01
HessDelSqRho_EigVec2 =  7.4731374429E-01  5.6420577774E-01  3.5099003969E-01
HessDelSqRho_EigVec3 = -3.5735795608E-01 -1.0406409080E-01  9.2815190364E-01
</CP of DelSqRho>
<CP of DelSqRho>
CP# = 19      
Type = (3,+1)
Coords =  8.72363958162737E-01  2.60780513836121E+00  6.95035159156502E-02
DistFromNuc =  6.8315635798E-01
Rho =  8.0303291764E-01
DelSqRho = -3.0731074460E+00
GradDelSqRho =  2.3092638912E-14  4.8849813084E-14  7.9936057773E-15
HessDelSqRho_EigVals = -3.9846132428E+00  1.6641843751E+01  2.0846475759E+02
HessDelSqRho_EigVec1 =  7.1925943009E-01 -1.7236865192E-01 -6.7301925683E-01
HessDelSqRho_EigVec2 =  6.3246285575E-01 -2.3843019079E-01  7.3698153316E-01
HessDelSqRho_EigVec3 =  2.8750062318E-01  9.5574059867E-01  6.2476393310E-02
</CP of DelSqRho>
<CP of DelSqRho>
CP# = 20      
Type = (3,+3)
Coords =  9.25832745076209E-01  3.72401745974474E+00 -4.09508125103657E-01
DistFromNuc =  7.1400148092E-01
Rho =  7.7479102415E-01
DelSqRho = -3.2765084885E+00
GradDelSqRho = -4.9404924596E-15  9.7699626167E-15 -1.6875389974E-14
HessDelSqRho_EigVals =  1.2085419292E+01  2.4052205898E+01  1.5157648739E+02
HessDelSqRho_EigVec1 =  7.2994533445E-01 -4.2688423721E-01 -5.3380675973E-01
HessDelSqRho_EigVec2 =  6.5750904997E-01  6.5188985203E-01  3.7778495210E-01
HessDelSqRho_EigVec3 =  1.8671276850E-01 -6.2674513867E-01  7.5652420532E-01
</CP of DelSqRho>
<CP of DelSqRho>
CP# = 21      
Type = (3,+3)
Coords =  1.66537487888790E+00  3.45037876156082E+00  4.52685932456545E-01
DistFromNuc =  7.1394233978E-01
Rho =  7.7556833989E-01
DelSqRho = -3.2880586269E+00
GradDelSqRho = -1.2434497876E-14  6.2172489379E-15  1.3322676296E-15
HessDelSqRho_EigVals =  1.2139217265E+01  2.4189065115E+01  1.5172865098E+02
HessDelSqRho_EigVec1 = -5.1835731860E-01  3.4660525765E-01  7.8177393511E-01
HessDelSqRho_EigVec2 = -2.9694986829E-02  9.0633328242E-01 -4.2151890696E-01
HessDelSqRho_EigVec3 =  8.5464840608E-01  2.4171217706E-01  4.5951205148E-01
</CP of DelSqRho>
<CP of DelSqRho>
CP# = 22      
Type = (3,-3)
Coords =  1.29339835867150E+00  4.37771525579162E+00  2.75445258617460E-01
DistFromNuc =  1.1502538505E+00
Rho =  2.4459917942E-01
DelSqRho =  8.8225302482E-01
GradDelSqRho = -2.9186722483E-16 -1.5321077740E-14 -5.3013149426E-15
HessDelSqRho_EigVals = -1.7880884634E+01 -2.3153428194E+00 -3.0899496937E-01
HessDelSqRho_EigVec1 =  1.9213624692E-01  9.7082834727E-01  1.4344330849E-01
HessDelSqRho_EigVec2 =  6.3491136390E-01 -2.3442536225E-01  7.3616051885E-01
HessDelSqRho_EigVec3 =  7.4831224940E-01 -5.0369332590E-02 -6.6143155937E-01
</CP of DelSqRho>
<CP of DelSqRho>
CP# = 23      
Type = (3,+1)
Coords =  8.56939928449887E-01  2.04752862944511E+00 -1.05065022580423E-01
DistFromNuc =  1.2515943885E+00
Rho =  2.4315931209E-01
DelSqRho =  3.4763551324E-01
GradDelSqRho =  3.6689401517E-16  8.8817841970E-16  1.8041124150E-16
HessDelSqRho_EigVals = -8.7134968866E+00  9.0500781615E-01  1.2212945911E+00
HessDelSqRho_EigVec1 =  1.4617319213E-01  9.6961757114E-01  1.9615086960E-01
HessDelSqRho_EigVec2 = -7.9750655955E-01 -1.8205287567E-03  6.0330752784E-01
HessDelSqRho_EigVec3 =  5.8533467809E-01 -2.4461899235E-01  7.7301026074E-01
</CP of DelSqRho>
<CP of DelSqRho>
CP# = 24      
Type = (3,-1)
Coords =  1.03496210599299E+00  3.53215984851521E+00  1.27037555435100E+00
DistFromNuc =  1.1852992530E+00
Rho =  2.4204802610E-01
DelSqRho =  7.4881683934E-01
GradDelSqRho = -4.1199682554E-16 -1.5959455979E-16 -2.6922908347E-15
HessDelSqRho_EigVals = -1.7834637444E+01 -1.1352155863E+00  2.6357834402E-01
HessDelSqRho_EigVec1 = -4.0658904220E-02  2.1730400221E-01  9.7525679907E-01
HessDelSqRho_EigVec2 =  9.5916288324E-01  2.8193137240E-01 -2.2831221265E-02
HessDelSqRho_EigVec3 = -2.7991680356E-01  9.3450183086E-01 -2.1989295397E-01
</CP of DelSqRho>
<CP of DelSqRho>
CP# = 25      
Type = (3,-1)
Coords =  1.20105672952965E+00  3.06794428230730E+00 -1.04614502220485E+00
DistFromNuc =  1.1867948102E+00
Rho =  2.4186889565E-01
DelSqRho =  7.1940581128E-01
GradDelSqRho =  1.1126863320E-13  7.0402017549E-14  7.7271522514E-14
HessDelSqRho_EigVals = -1.6888849782E+01 -1.4598894098E+00  2.9430206206E-01
HessDelSqRho_EigVec1 = -1.1271044282E-01  1.9760804154E-01  9.7377996385E-01
HessDelSqRho_EigVec2 = -2.3242466604E-01  9.4759269236E-01 -2.1919594885E-01
HessDelSqRho_EigVec3 =  9.6606165988E-01  2.5103615536E-01  6.0874608906E-02
</CP of DelSqRho>
<CP of DelSqRho>
CP# = 26      
Type = (3,-3)
Coords =  1.69313084772074E-01  3.14378288513335E+00 -5.90170362177537E-01
DistFromNuc =  1.1465865423E+00
Rho =  2.4567797837E-01
DelSqRho =  8.3426796830E-01
GradDelSqRho = -6.5572547392E-16  1.2490009027E-15 -2.3453461395E-15
HessDelSqRho_EigVals = -1.7667366588E+01 -1.7453136946E+00 -4.6366396683E-01
HessDelSqRho_EigVec1 =  7.8302218273E-01  1.4419840850E-01  6.0504799838E-01
HessDelSqRho_EigVec2 = -1.7989973928E-01 -8.7867547425E-01  4.4222787650E-01
HessDelSqRho_EigVec3 = -5.9540939291E-01  4.5512221428E-01  6.6208113166E-01
</CP of DelSqRho>
<CP of DelSqRho>
CP# = 27      
Type = (3,-1)
Coords =  6.08846968312362E-02  3.89155440304492E+00  1.40164716615880E-01
DistFromNuc =  1.1849645675E+00
Rho =  2.4208030898E-01
DelSqRho =  7.4932058276E-01
GradDelSqRho =  6.3837823916E-16  4.7184478547E-16 -4.6490589156E-16
HessDelSqRho_EigVals = -1.7851289855E+01 -1.1224016819E+00  2.5527045721E-01
HessDelSqRho_EigVec1 =  8.5480623462E-01 -5.1806961009E-01 -3.0169195543E-02
HessDelSqRho_EigVec2 =  2.9217422982E-01  5.2849916593E-01 -7.9707142154E-01
HessDelSqRho_EigVec3 =  4.2888287525E-01  6.7252695910E-01  6.0313097135E-01
</CP of DelSqRho>
<CP of DelSqRho>
CP# = 28      
Type = (3,-3)
Coords =  1.51502484599594E+00  2.63878734741852E+00  9.65333213429223E-01
DistFromNuc =  1.1451371461E+00
Rho =  2.4564413915E-01
DelSqRho =  8.4035477266E-01
GradDelSqRho = -8.6042284408E-16 -1.1379786002E-15 -4.5796699766E-16
HessDelSqRho_EigVals = -1.7793654570E+01 -1.7314096506E+00 -5.0136994827E-01
HessDelSqRho_EigVec1 =  3.6999576833E-01 -5.7730936335E-01  7.2788531405E-01
HessDelSqRho_EigVec2 =  7.1269733379E-01  6.7897156796E-01  1.7623881613E-01
HessDelSqRho_EigVec3 = -5.9595775171E-01  4.5355430644E-01  6.6266345099E-01
</CP of DelSqRho>
<CP of DelSqRho>
CP# = 29      
Type = (3,-1)
Coords =  2.12223090847485E+00  2.73315439209749E+00  1.06177841428047E-02
DistFromNuc =  1.1873464359E+00
Rho =  2.4174635996E-01
DelSqRho =  7.1575889962E-01
GradDelSqRho = -4.1633363423E-15  2.7755575616E-15  7.6327832943E-16
HessDelSqRho_EigVals = -1.6850290562E+01 -1.4235280016E+00  3.1299751685E-01
HessDelSqRho_EigVec1 =  8.7480194050E-01 -4.7407794808E-01 -9.9858219747E-02
HessDelSqRho_EigVec2 =  4.4157205332E-01  6.9539888588E-01  5.6695194791E-01
HessDelSqRho_EigVec3 = -1.9933812136E-01 -5.4006526333E-01  8.1767586776E-01
</CP of DelSqRho>
<CP of DelSqRho>
CP# = 30      
Type = (3,-1)
Coords =  2.32388850774702E+00  3.34849422435034E+00  1.67816447396205E+00
DistFromNuc =  2.0080175389E+00
Rho =  7.1681989297E-02
DelSqRho =  1.9283212543E-01
GradDelSqRho = -5.5853759118E-14  3.7685132792E-14 -1.3996789838E-13
HessDelSqRho_EigVals = -2.1568280282E+00 -2.0368851608E-02  4.9124740142E-01
HessDelSqRho_EigVec1 =  2.2382424335E-01 -3.0299951785E-01  9.2633363335E-01
HessDelSqRho_EigVec2 = -5.5973775621E-01  7.3811038834E-01  3.7667850868E-01
HessDelSqRho_EigVec3 =  7.9786988435E-01  6.0281369163E-01  4.3932710776E-03
</CP of DelSqRho>
<CP of DelSqRho>
CP# = 31      
Type = (3,+1)
Coords =  3.05451710201592E+00  3.43655709845832E+00  3.98743074903237E-01
DistFromNuc =  2.0176534130E+00
Rho =  6.9865742557E-02
DelSqRho =  1.7725013951E-01
GradDelSqRho = -2.6006974352E-13  1.4801528059E-14 -5.7939764098E-16
HessDelSqRho_EigVals = -1.6580534038E+00  2.6746023390E-02  5.8856589149E-01
HessDelSqRho_EigVec1 =  9.5747968137E-01 -1.5255941790E-01 -2.4486380657E-01
HessDelSqRho_EigVec2 = -1.3052178679E-03  8.4644660924E-01 -5.3247200312E-01
HessDelSqRho_EigVec3 =  2.8849775764E-01  5.1015072450E-01  8.1025630644E-01
</CP of DelSqRho>
<CP of DelSqRho>
CP# = 32      
Type = (3,-1)
Coords =  9.74396810597519E-01  5.11826547481615E+00 -6.42885624002456E-01
DistFromNuc =  2.0079324748E+00
Rho =  7.1445576091E-02
DelSqRho =  1.9097943217E-01
GradDelSqRho = -2.2768245622E-16 -1.1379786002E-15 -3.5214886562E-16
HessDelSqRho_EigVals = -2.2300918545E+00 -1.7643842488E-02  5.0834485639E-01
HessDelSqRho_EigVec1 =  1.8286208252E-01  9.7134880464E-01  1.5179907278E-01
HessDelSqRho_EigVec2 =  9.0093451252E-01 -1.0375610265E-01 -4.2136881151E-01
HessDelSqRho_EigVec3 =  3.9354601119E-01 -2.1381340202E-01  8.9409471880E-01
</CP of DelSqRho>
<CP of DelSqRho>
CP# = 33      
Type = (3,-1)
Coords =  2.32276079034600E+00  4.62268054181640E+00  8.84173619049493E-01
DistFromNuc =  2.0061930368E+00
Rho =  7.1769219329E-02
DelSqRho =  1.9218712088E-01
GradDelSqRho = -6.9584095430E-14 -2.3439583607E-13 -1.0046043858E-13
HessDelSqRho_EigVals = -2.2675813033E+00 -1.9103510987E-02  5.0459990129E-01
HessDelSqRho_EigVec1 =  1.9401188526E-01  9.7293051886E-01  1.2556111600E-01
HessDelSqRho_EigVec2 = -5.4640931972E-01  8.7388627601E-04  8.3751781572E-01
HessDelSqRho_EigVec3 =  8.1473691687E-01 -2.3109617434E-01  5.3178784727E-01
</CP of DelSqRho>
<CP of DelSqRho>
CP# = 34      
Type = (3,-1)
Coords = -1.19457062517421E-01  4.24700470910259E+00 -1.17623432512749E+00
DistFromNuc =  2.0109295794E+00
Rho =  7.1410458777E-02
DelSqRho =  1.9128808651E-01
GradDelSqRho =  2.9837243787E-16  5.2041704279E-16 -3.6602665343E-16
HessDelSqRho_EigVals = -2.1323020233E+00 -1.7109781909E-02  4.9313862426E-01
HessDelSqRho_EigVec1 =  9.0684782466E-01 -1.1275093058E-01  4.0609635627E-01
HessDelSqRho_EigVec2 = -2.5645179759E-01  6.1701701833E-01  7.4399091030E-01
HessDelSqRho_EigVec3 =  3.3445403037E-01  7.7883067912E-01 -5.3062536202E-01
</CP of DelSqRho>
<CP of DelSqRho>
CP# = 35      
Type = (3,+1)
Coords =  2.02069694204121E+00  4.21846892536273E+00  1.57832378724025E+00
DistFromNuc =  1.9915523838E+00
Rho =  7.1291053687E-02
DelSqRho =  1.8941726689E-01
GradDelSqRho = -1.9602375279E-16 -8.5001450323E-16 -1.1015494072E-15
HessDelSqRho_EigVals = -1.8974938199E+00  1.6360657801E-02  5.8013112424E-01
HessDelSqRho_EigVec1 = -3.4356537391E-02  5.6552107741E-01  8.2401792417E-01
HessDelSqRho_EigVec2 =  3.7307876970E-02  8.2465571989E-01 -5.6440328310E-01
HessDelSqRho_EigVec3 =  9.9871304720E-01 -1.1351416836E-02  4.9430705855E-02
</CP of DelSqRho>
<CP of DelSqRho>
CP# = 36      
Type = (3,+1)
Coords =  1.26691531314518E+00  4.12546220799062E+00 -1.69624594643716E+00
DistFromNuc =  2.0183862449E+00
Rho =  6.9700167608E-02
DelSqRho =  1.7780459874E-01
GradDelSqRho = -1.5479518709E-12 -3.8746705497E-12  1.5630309547E-12
HessDelSqRho_EigVals = -1.6713733016E+00  2.3312396860E-02  5.8568084341E-01
HessDelSqRho_EigVec1 = -3.9432696971E-01 -7.7634629672E-02  9.1568504697E-01
HessDelSqRho_EigVec2 =  7.2401575239E-01  5.8741287990E-01  3.6158995951E-01
HessDelSqRho_EigVec3 = -5.6595709312E-01  8.0555507124E-01 -1.7542404609E-01
</CP of DelSqRho>
<CP of DelSqRho>
CP# = 37      
Type = (3,+1)
Coords =  1.48153507170745E-01  4.88933729103243E+00 -5.82107691884379E-01
DistFromNuc =  1.9942009754E+00
Rho =  7.0953794912E-02
DelSqRho =  1.8843731879E-01
GradDelSqRho =  5.0419737829E-15 -8.0387085877E-15  6.4791921828E-16
HessDelSqRho_EigVals = -1.8739986521E+00  1.4539772760E-02  5.7980266919E-01
HessDelSqRho_EigVec1 = -6.2900837098E-01  7.6415470260E-01  1.4288477778E-01
HessDelSqRho_EigVec2 =  7.5911286353E-01  5.6411950783E-01  3.2483355939E-01
HessDelSqRho_EigVec3 = -1.6761900146E-01 -3.1278870085E-01  9.3491555714E-01
</CP of DelSqRho>
<Path of -GradDelSqRho>
Starting CP# =      3
Ending CP# =      0
Number of Points =     30
  8.2245584275E-01  4.0573610955E+00 -7.0041698949E-01  4.0373626249E-01 -9.1348175188E-01
  8.1727120576E-01  4.0746800229E+00 -7.1768471309E-01  3.9299245886E-01 -9.2259002922E-01
  8.1208900683E-01  4.0920096028E+00 -7.3494247811E-01  3.8325310254E-01 -9.4965824757E-01
  8.0690865906E-01  4.1093503357E+00 -7.5218959264E-01  3.7448553918E-01 -9.9446420498E-01
  8.0172951637E-01  4.1267023563E+00 -7.6942571288E-01  3.6665364036E-01 -1.0569854956E+00
  7.9655092565E-01  4.1440654535E+00 -7.8665084086E-01  3.5971793754E-01 -1.1373360475E+00
  7.9137228602E-01  4.1614391083E+00 -8.0386530555E-01  3.5363562193E-01 -1.2356365572E+00
  7.8619311383E-01  4.1788225447E+00 -8.2106973229E-01  3.4836049667E-01 -1.3517931590E+00
  7.8101311446E-01  4.1962147874E+00 -8.3826500746E-01  3.4384303433E-01 -1.4851557162E+00
  7.7583226476E-01  4.2136147178E+00 -8.5545224715E-01  3.4003078731E-01 -1.6340423952E+00
  7.7065091560E-01  4.2310211212E+00 -8.7263278078E-01  3.3686951825E-01 -1.7951711512E+00
  7.6546993222E-01  4.2484327172E+00 -8.8980816239E-01  3.3430553721E-01 -1.9631545569E+00
  7.6029089351E-01  4.2658481738E+00 -9.0698021610E-01  3.3228978915E-01 -2.1304020878E+00
  7.5511631133E-01  4.2832661393E+00 -9.2415106848E-01  3.3078411661E-01 -2.2880020077E+00
  7.4994940574E-01  4.3006854811E+00 -9.4132283630E-01  3.2976968264E-01 -2.4283189162E+00
  7.4479111469E-01  4.3181064155E+00 -9.5849557850E-01  3.2925664547E-01 -2.5499583638E+00
  7.3962988119E-01  4.3355331674E+00 -9.7566153144E-01  3.2929282554E-01 -2.6652079028E+00
  7.3443912531E-01  4.3529724895E+00 -9.9280579829E-01  3.2996752812E-01 -2.8089658663E+00
  7.2920878217E-01  4.3704242165E+00 -1.0099253949E+00  3.3140538205E-01 -3.0466805073E+00
  7.2395117674E-01  4.3878829701E+00 -1.0270294723E+00  3.3374491291E-01 -3.4774201881E+00
  7.1867867998E-01  4.4053449230E+00 -1.0441256989E+00  3.3709837339E-01 -4.2275213975E+00
  7.1339806954E-01  4.4228083039E+00 -1.0612179627E+00  3.4149349031E-01 -5.4308476976E+00
  7.0811269557E-01  4.4402723442E+00 -1.0783080802E+00  3.4680428968E-01 -7.1939560917E+00
  7.0282425153E-01  4.4577366961E+00 -1.0953969295E+00  3.5268600616E-01 -9.5489675832E+00
  6.9753363022E-01  4.4752011879E+00 -1.1124849619E+00  3.5853615797E-01 -1.2404151039E+01
  6.9224131254E-01  4.4926657181E+00 -1.1295724298E+00  3.6350660419E-01 -1.5510941078E+01
  6.8694754289E-01  4.5101301968E+00 -1.1466595005E+00  3.6658528564E-01 -1.8471277784E+01
  6.8165238932E-01  4.5275944844E+00 -1.1637463378E+00  3.6674842623E-01 -2.0802749103E+01
  6.7635563845E-01  4.5450581871E+00 -1.1808332777E+00  3.6315688267E-01 -2.2056572288E+01
  6.7423603875E-01  4.5520429129E+00 -1.1876685467E+00  3.6054867505E-01 -2.2185271545E+01
</Path of -GradDelSqRho>
<Path of -GradDelSqRho>
Starting CP# =      3
Ending CP# =     20
Number of Points =     19
  8.2245584275E-01  4.0573610955E+00 -7.0041698949E-01  4.0373626249E-01 -9.1348175188E-01
  8.2764329792E-01  4.0400516432E+00 -6.8314061387E-01  4.1551338329E-01 -9.2277004068E-01
  8.3283400925E-01  4.0227508072E+00 -6.6585658718E-01  4.2834841172E-01 -9.5108123562E-01
  8.3802816793E-01  4.0054570444E+00 -6.4856651836E-01  4.4226098729E-01 -9.9917161958E-01
  8.4322578944E-01  3.9881684963E+00 -6.3127227570E-01  4.5726499033E-01 -1.0678341924E+00
  8.4842670566E-01  3.9708829912E+00 -6.1397598171E-01  4.7336764938E-01 -1.1577729651E+00
  8.5363056153E-01  3.9535980217E+00 -5.9668003677E-01  4.9056864083E-01 -1.2694465714E+00
  8.5883681319E-01  3.9363106772E+00 -5.7938718680E-01  5.0885927790E-01 -1.4028848380E+00
  8.6404472474E-01  3.9190175158E+00 -5.6210065402E-01  5.2822190640E-01 -1.5574844325E+00
  8.6925336238E-01  3.9017143426E+00 -5.4482436203E-01  5.4862964262E-01 -1.7317924293E+00
  8.7446158594E-01  3.8843958414E+00 -5.2756331147E-01  5.7004660286E-01 -1.9232890644E+00
  8.7966804047E-01  3.8670549567E+00 -5.1032421541E-01  5.9242878184E-01 -2.1281823032E+00
  8.8487115582E-01  3.8496818143E+00 -4.9311662201E-01  6.1572573536E-01 -2.3412257579E+00
  8.9006917427E-01  3.8322617049E+00 -4.7595504089E-01  6.3988320378E-01 -2.5555655115E+00
  8.9526026221E-01  3.8147709395E+00 -4.5886339176E-01  6.6484674850E-01 -2.7626060745E+00
  9.0044288343E-01  3.7971670725E+00 -4.4188573772E-01  6.9056622280E-01 -2.9518536798E+00
  9.0561716187E-01  3.7793605189E+00 -4.2511851255E-01  7.1699953082E-01 -3.1106374858E+00
  9.1079184602E-01  3.7610962601E+00 -4.0885387558E-01  7.4410134841E-01 -3.2235403556E+00
  9.2583274508E-01  3.7240174597E+00 -4.0950812510E-01  7.7479102415E-01 -3.2765084885E+00
</Path of -GradDelSqRho>
<Path of -GradDelSqRho>
Starting CP# =      4
Ending CP# =      0
Number of Points =     30
  2.0164436491E+00  3.6150045428E+00  6.8846957287E-01  4.0459453164E-01 -9.1976497502E-01
  2.0367017286E+00  3.6229022105E+00  7.0080801036E-01  3.9383618401E-01 -9.2895500699E-01
  2.0569533474E+00  3.6308136997E+00  7.1314819896E-01  3.8408471363E-01 -9.5627375567E-01
  2.0771979267E+00  3.6387394999E+00  7.2549075457E-01  3.7530747633E-01 -1.0015046513E+00
  2.0974351050E+00  3.6466796372E+00  7.3783623185E-01  3.6746828113E-01 -1.0646266603E+00
  2.1176647514E+00  3.6546337084E+00  7.5018508354E-01  3.6052752302E-01 -1.1457482026E+00
  2.1378869688E+00  3.6626009384E+00  7.6253761965E-01  3.5444218557E-01 -1.2449731646E+00
  2.1581020923E+00  3.6705802548E+00  7.7489396528E-01  3.4916580273E-01 -1.3621728574E+00
  2.1783106860E+00  3.6785703696E+00  7.8725401364E-01  3.4464853832E-01 -1.4966354906E+00
  2.1985135469E+00  3.6865698612E+00  7.9961736811E-01  3.4083763780E-01 -1.6465818002E+00
  2.2187117264E+00  3.6945772464E+00  8.1198326157E-01  3.3767862858E-01 -1.8085927926E+00
  2.2389065820E+00  3.7025910373E+00  8.2435043422E-01  3.3511776322E-01 -1.9771161635E+00
  2.2590998712E+00  3.7106097851E+00  8.3671695171E-01  3.3310624983E-01 -2.1444102285E+00
  2.2792938335E+00  3.7186321534E+00  8.4908002128E-01  3.3160667963E-01 -2.3015128610E+00
  2.2994908559E+00  3.7266572039E+00  8.6143634939E-01  3.3060159523E-01 -2.4409779667E+00
  2.3196909537E+00  3.7346854511E+00  8.7378557172E-01  3.3010321660E-01 -2.5620144546E+00
  2.3398845872E+00  3.7427207337E+00  8.8614078670E-01  3.3016196350E-01 -2.6780853189E+00
  2.3600537080E+00  3.7507675935E+00  8.9852845701E-01  3.3086983162E-01 -2.8258908150E+00
  2.3801945320E+00  3.7588241176E+00  9.1095582523E-01  3.3235341343E-01 -3.0731552788E+00
  2.4003172764E+00  3.7668853986E+00  9.2340937329E-01  3.3475131436E-01 -3.5212571466E+00
  2.4204306001E+00  3.7749485122E+00  9.3587694718E-01  3.3817266046E-01 -4.2981304620E+00
  2.4405389884E+00  3.7830122385E+00  9.4835208379E-01  3.4263769820E-01 -5.5375447810E+00
  2.4606445926E+00  3.7910760934E+00  9.6083162392E-01  3.4800813154E-01 -7.3432584969E+00
  2.4807484785E+00  3.7991398747E+00  9.7331397963E-01  3.5392273832E-01 -9.7412138497E+00
  2.5008512032E+00  3.8072034847E+00  9.8579831591E-01  3.5976075892E-01 -1.2630337565E+01
  2.5209530758E+00  3.8152668529E+00  9.9828418030E-01  3.6465788320E-01 -1.5751229947E+01
  2.5410542831E+00  3.8233298853E+00  1.0107713327E+00  3.6759284788E-01 -1.8696741228E+01
  2.5611549647E+00  3.8313923837E+00  1.0232596760E+00  3.6754394874E-01 -2.0981058122E+01
  2.5812553220E+00  3.8394537070E+00  1.0357492998E+00  3.6368729010E-01 -2.2160497935E+01
  2.5882905650E+00  3.8422740918E+00  1.0401211741E+00  3.6134210731E-01 -2.2255280998E+01
</Path of -GradDelSqRho>
<Path of -GradDelSqRho>
Starting CP# =      4
Ending CP# =     21
Number of Points =     19
  2.0164436491E+00  3.6150045428E+00  6.8846957287E-01  4.0459453164E-01 -9.1976497502E-01
  1.9961800610E+00  3.6071193222E+00  6.7613221995E-01  4.1638854640E-01 -9.2913179449E-01
  1.9759116917E+00  3.5992455931E+00  6.6379538127E-01  4.2924267342E-01 -9.5767109414E-01
  1.9556396223E+00  3.5913814984E+00  6.5145847695E-01  4.4317634616E-01 -1.0061263965E+00
  1.9353650538E+00  3.5835247551E+00  6.3912099531E-01  4.5820318377E-01 -1.0752757824E+00
  1.9150892983E+00  3.5756726568E+00  6.2678250716E-01  4.7433010494E-01 -1.1658059131E+00
  1.8948137886E+00  3.5678220443E+00  6.1444266968E-01  4.9155643497E-01 -1.2781553008E+00
  1.8745401162E+00  3.5599692233E+00  6.0210121880E-01  5.0987310376E-01 -1.4123305504E+00
  1.8542701088E+00  3.5521098056E+00  5.8975794763E-01  5.2926205228E-01 -1.5677017797E+00
  1.8340059655E+00  3.5442384346E+00  5.7741266548E-01  5.4969598345E-01 -1.7427861383E+00
  1.8137504866E+00  3.5363483277E+00  5.6506512583E-01  5.7113860687E-01 -1.9350307700E+00
  1.7935074654E+00  3.5284305085E+00  5.5271489823E-01  5.9354553499E-01 -2.1406078766E+00
  1.7732823890E+00  3.5204724628E+00  5.4036113122E-01  6.1686598596E-01 -2.3542333883E+00
  1.7530837809E+00  3.5124556248E+00  5.2800208470E-01  6.4104542983E-01 -2.5690146226E+00
  1.7329260462E+00  3.5043501913E+00  5.1563412375E-01  6.6602925095E-01 -2.7763167196E+00
  1.7128364364E+00  3.4961028112E+00  5.0324926064E-01  6.9176725221E-01 -2.9656051196E+00
  1.6928763672E+00  3.4876004273E+00  4.9082783591E-01  7.1821747612E-01 -3.1241627851E+00
  1.6732394945E+00  3.4785156344E+00  4.7830745229E-01  7.4533510747E-01 -3.2365099243E+00
  1.6653748789E+00  3.4503787616E+00  4.5268593246E-01  7.7556833989E-01 -3.2880586269E+00
</Path of -GradDelSqRho>
<Path of -GradDelSqRho>
Starting CP# =      5
Ending CP# =     15
Number of Points =     38
  1.1889630609E+00  3.2454033825E+00  3.9594456155E-03  2.2442989141E+01  1.2236533089E+03
  1.2073990594E+00  3.2429184836E+00 -1.2742027089E-02  1.5565462156E+01  1.1430968935E+03
  1.2258321995E+00  3.2404215671E+00 -2.9444863842E-02  1.0899690492E+01  9.7475377465E+02
  1.2442645915E+00  3.2379215208E+00 -4.6148057840E-02  7.7439059947E+00  7.6793132576E+02
  1.2626951966E+00  3.2354139881E+00 -6.2852101237E-02  5.6171576208E+00  5.6865302802E+02
  1.2811222891E+00  3.2328917537E+00 -7.9557805790E-02  4.1844652677E+00  4.0564240927E+02
  1.2995439948E+00  3.2303470275E+00 -9.6266039260E-02  3.2165438279E+00  2.8393548560E+02
  1.3179584365E+00  3.2277720782E+00 -1.1297764812E-01  2.5594194880E+00  1.9638102449E+02
  1.3363638801E+00  3.2251598569E+00 -1.2969338318E-01  2.1103075908E+00  1.3383557810E+02
  1.3547586391E+00  3.2225036101E+00 -1.4641393918E-01  1.8002439800E+00  8.9161312008E+01
  1.3731406358E+00  3.2197951004E+00 -1.6314014246E-01  1.5826321757E+00  5.7507036692E+01
  1.3915067720E+00  3.2170221182E+00 -1.7987319792E-01  1.4259576128E+00  3.5520711113E+01
  1.4098521772E+00  3.2141656489E+00 -1.9661493828E-01  1.3090696166E+00  2.0689600571E+01
  1.4281691418E+00  3.2111960498E+00 -2.1336810860E-01  1.2179792872E+00  1.1023972781E+01
  1.4464452623E+00  3.2080667262E+00 -2.3013675485E-01  1.1435987693E+00  4.9521641606E+00
  1.4646597952E+00  3.2047023728E+00 -2.4692676857E-01  1.0801279501E+00  1.2812056753E+00
  1.4827755564E+00  3.2009746190E+00 -2.6374653072E-01  1.0239232417E+00 -8.4719184021E-01
  1.5007172688E+00  3.1966425072E+00 -2.8060686963E-01  9.7273894824E-01 -2.0176422084E+00
  1.5182932723E+00  3.1911629846E+00 -2.9751284695E-01  9.2529264578E-01 -2.6087745535E+00
  1.5346936938E+00  3.1827489144E+00 -3.1432554234E-01  8.8156899659E-01 -2.8568418451E+00
  1.5417369031E+00  3.1637546087E+00 -3.2637028805E-01  8.5499381866E-01 -2.9275782127E+00
  1.5351126700E+00  3.1397593027E+00 -3.2816095632E-01  8.5564198756E-01 -2.9687732741E+00
  1.5270323745E+00  3.1161061787E+00 -3.2857643837E-01  8.5800985281E-01 -3.0073361203E+00
  1.5183728252E+00  3.0926555152E+00 -3.2842366687E-01  8.6002035947E-01 -3.0433049339E+00
  1.5091551572E+00  3.0694287056E+00 -3.2772040831E-01  8.6163259606E-01 -3.0766357320E+00
  1.4993847980E+00  3.0464521765E+00 -3.2646999611E-01  8.6284732500E-01 -3.1073029994E+00
  1.4890670337E+00  3.0237526330E+00 -3.2467600576E-01  8.6366909437E-01 -3.1352994439E+00
  1.4782074454E+00  3.0013569520E+00 -3.2234228216E-01  8.6410561878E-01 -3.1606351665E+00
  1.4668122009E+00  2.9792921196E+00 -3.1947270722E-01  8.6416762537E-01 -3.1833365575E+00
  1.4548883966E+00  2.9575851411E+00 -3.1607090843E-01  8.6386866638E-01 -3.2034449723E+00
  1.4424444348E+00  2.9362629278E+00 -3.1213992877E-01  8.6322489856E-01 -3.2210152444E+00
  1.4294903990E+00  2.9153521713E+00 -3.0768189743E-01  8.6225483492E-01 -3.2361140971E+00
  1.4160383693E+00  2.8948792281E+00 -3.0269776916E-01  8.6097907488E-01 -3.2488185170E+00
  1.4021025918E+00  2.8748700480E+00 -2.9718723179E-01  8.5942001957E-01 -3.2592141485E+00
  1.3876993951E+00  2.8553501889E+00 -2.9114890820E-01  8.5760157946E-01 -3.2673937634E+00
  1.3728467500E+00  2.8363449629E+00 -2.8458097695E-01  8.5554888150E-01 -3.2734558499E+00
  1.3575634345E+00  2.8178797287E+00 -2.7748225794E-01  8.5328798204E-01 -3.2775033530E+00
  1.3307534495E+00  2.7879163560E+00 -2.6425527374E-01  8.4905998926E-01 -3.2800628631E+00
</Path of -GradDelSqRho>
<Path of -GradDelSqRho>
Starting CP# =      5
Ending CP# =      1
Number of Points =      7
  1.1889630609E+00  3.2454033825E+00  3.9594456155E-03  2.2442989141E+01  1.2236533089E+03
  1.1705205293E+00  3.2478607217E+00  2.0657781651E-02  3.2614234772E+01  9.7868021632E+02
  1.1520723842E+00  3.2502942975E+00  3.7353398651E-02  4.7762853570E+01 -7.6162619544E+02
  1.1336217608E+00  3.2527173562E+00  5.4047807334E-02  7.0260351581E+01 -6.2800753042E+03
  1.1151694073E+00  3.2551330592E+00  7.0741369356E-02  1.0363573986E+02 -2.0234012835E+04
  1.0967141598E+00  3.2575364372E+00  8.7433511506E-02  1.5370923590E+02 -7.3951014080E+04
  1.0643364633E+00  3.2617323469E+00  1.1671150855E-01  2.9724653027E+02 -3.3285947674E+06
</Path of -GradDelSqRho>
<Path of -GradDelSqRho>
Starting CP# =      8
Ending CP# =      1
Number of Points =      7
  9.6125292114E-01  3.3323576115E+00  2.2831130868E-01  2.2732889183E+01  1.2531248289E+03
  9.7666315160E-01  3.3218715934E+00  2.1165093536E-01  3.3083491408E+01  9.8772649935E+02
  9.9205678024E-01  3.3113543133E+00  1.9499491638E-01  4.8525432646E+01 -8.6944329631E+02
  1.0074431575E+00  3.3008234041E+00  1.7834080755E-01  7.1475730689E+01 -6.6186511367E+03
  1.0228239137E+00  3.2902819416E+00  1.6168818396E-01  1.0557869888E+02 -2.1503956233E+04
  1.0381956885E+00  3.2797236310E+00  1.4503794057E-01  1.5673534481E+02 -7.8206108788E+04
  1.0643364633E+00  3.2617323469E+00  1.1671150855E-01  2.9724653027E+02 -3.3285947674E+06
</Path of -GradDelSqRho>
<Path of -GradDelSqRho>
Starting CP# =      8
Ending CP# =     14
Number of Points =     28
  9.6125292114E-01  3.3323576115E+00  2.2831130868E-01  2.2732889183E+01  1.2531248289E+03
  9.4582239750E-01  3.3428053152E+00  2.4497697112E-01  1.5749222076E+01  1.1681563025E+03
  9.3038191514E-01  3.3532341759E+00  2.6164521525E-01  1.1021261524E+01  9.9485544479E+02
  9.1493873762E-01  3.3636579319E+00  2.7831415566E-01  7.8304785581E+00  7.8354298581E+02
  8.9949005750E-01  3.3740712573E+00  2.9498451597E-01  5.6860036539E+00  5.7964409404E+02
