 AIMInt (Version 19.02.13, Professional)
 Portions Copyright (c) 1997-2019 by Todd A. Keith
 AIMInt is a component of the AIMAll package ( http://aim.tkgristmill.com )

 TP:  64-bit Linux

 Licensed To:  Research Group of Fernando Cortes Guzman, UNAM, fercor@unam.mx

 AIMInt is a heavily modified and extended version of the PROAIMV program
 developed by members of R.F.W. Bader's research group

 Much of the Quantum Theory of Atoms in Molecules (QTAIM) is described in the book:
   "Atoms in Molecules - A Quantum Theory"
   R.F.W. Bader, Oxford University Press, Oxford, 1990

 For additional references see:  http://aim.tkgristmill.com/references.html

 Current Directory:  /home/scratch/M_H2O_4_tetraedrico/Opt

 Inp File:  Fe3_tetraedrico_cc-pvtz-def2-tzv_1_atomicfiles/o8.inp
 Wfx File:  Fe3_tetraedrico_cc-pvtz-def2-tzv_1.wfx
 Out File:  Fe3_tetraedrico_cc-pvtz-def2-tzv_1_atomicfiles/o8.int

 Wfx Title:   Fe3_tetraedrico_cc-pvtz-def2-tzv_1                                            
 Job Title:   Fe3_tetraedrico_cc-pvtz-def2-tzv_1                                            
 
<Atom>
O8      
</Atom>
<Nuclei of Molecule>
    13
Fe1       26.0          -1.4383133817E-02  -1.8641573357E-03  -2.0320033271E-03
O2         8.0           1.5916466642E+00  -1.6478117374E+00  -2.5594373073E+00
H3         1.0           1.5568835511E+00  -3.5141823315E+00  -2.8104637647E+00
O4         8.0           6.9565869367E-01  -1.5533608824E+00   2.9841855895E+00
H5         1.0          -3.1786802677E-01  -1.2341473125E+00   4.5413947750E+00
O6         8.0           1.0643362457E+00   3.2617322302E+00   1.1671165944E-01
H7         1.0           6.7223129424E-01   4.5585794029E+00  -1.1940147640E+00
O8         8.0          -3.4091737987E+00  -6.8014860274E-02  -5.4958793600E-01
H9         1.0          -4.3669653413E+00  -1.4059370549E+00  -1.4700242702E+00
H10        1.0          -4.7055729660E+00   1.1963880004E+00  -2.4521615137E-02
H11        1.0           2.5955237519E+00   3.8452070597E+00   1.0446654375E+00
H12        1.0           2.3128417530E+00  -2.3593102479E+00   3.5146937736E+00
H13        1.0           3.0871450239E+00  -9.7848742674E-01  -3.4838735303E+00
</Nuclei of Molecule>
<Total Number of CPs of DelSqRho>
    42
</Total Number of CPs of DelSqRho>
<Number of (3,+3) CPs of DelSqRho>
     5
</Number of (3,+3) CPs of DelSqRho>
<Number of (3,+1) CPs of DelSqRho>
    15
</Number of (3,+1) CPs of DelSqRho>
<Number of (3,-1) CPs of DelSqRho>
    16
</Number of (3,-1) CPs of DelSqRho>
<Number of (3,-3) CPs of DelSqRho>
     6
</Number of (3,-3) CPs of DelSqRho>
<Number of Degenerate CPs of DelSqRho>
     0
</Number of Degenerate CPs of DelSqRho>
<CP of DelSqRho>
CP# = 1       
Type = (3,+3)
Coords = -3.40917406491848E+00 -6.80148693858555E-02 -5.49587980124037E-01
DistFromNuc =  2.7003726872E-07
Rho =  2.9726975237E+02
DelSqRho = -3.3288692287E+06
GradDelSqRho = -2.0690822566E-05  7.3628689279E-07 -4.5820270316E-06
HessDelSqRho_EigVals =  1.3238082460E+11  1.3238084386E+11  1.3238084921E+11
HessDelSqRho_EigVec1 = -1.3325073199E-01 -4.9396669965E-01  8.5920960310E-01
HessDelSqRho_EigVec2 =  9.8562432557E-01  2.4811258488E-02  1.6711998772E-01
HessDelSqRho_EigVec3 =  1.0386978034E-01 -8.6912674628E-01 -4.8355947684E-01
</CP of DelSqRho>
<CP of DelSqRho>
CP# = 2       
Type = (3,-1)
Coords = -1.96320010115806E+00 -8.13332187877395E-02 -3.45045800513418E-01
DistFromNuc =  1.4604296620E+00
Rho =  1.6557340647E-01
DelSqRho =  4.3906497536E-01
GradDelSqRho =  8.8262730458E-15 -2.1163626407E-15 -4.8572257327E-17
HessDelSqRho_EigVals = -7.7189522080E-01 -3.7835108966E-01  4.7573695200E+00
HessDelSqRho_EigVec1 = -1.3365030784E-01 -4.6636955485E-01  8.7443526548E-01
HessDelSqRho_EigVec2 = -1.1050442702E-01  8.8386185750E-01  4.5450741299E-01
HessDelSqRho_EigVec3 =  9.8484839789E-01  3.5883912316E-02  1.6966430978E-01
</CP of DelSqRho>
<CP of DelSqRho>
CP# = 3       
Type = (3,+1)
Coords = -3.99744819326208E+00 -8.97340289743136E-01 -1.11834918211639E+00
DistFromNuc =  1.1650479760E+00
Rho =  4.0229192324E-01
DelSqRho = -8.9616313036E-01
GradDelSqRho =  1.6653345369E-16  1.7624790516E-15  1.4615045285E-15
HessDelSqRho_EigVals = -2.9225368577E+01  1.3913094758E+01  1.4437455559E+01
HessDelSqRho_EigVec1 =  5.1104116886E-01  7.0785282005E-01  4.8762824864E-01
HessDelSqRho_EigVec2 = -7.9059389537E-02 -5.2618933656E-01  8.4668435383E-01
HessDelSqRho_EigVec3 = -8.5591269219E-01  4.7124215349E-01  2.1294200176E-01
</CP of DelSqRho>
<CP of DelSqRho>
CP# = 4       
Type = (3,+1)
Coords = -4.20778733936015E+00  7.15379609369871E-01 -2.23227245298103E-01
DistFromNuc =  1.1653333355E+00
Rho =  4.0251371813E-01
DelSqRho = -8.9855939193E-01
GradDelSqRho = -1.5979995105E-12  1.6280865545E-12  6.9277916737E-13
HessDelSqRho_EigVals = -2.9252727973E+01  1.3915594794E+01  1.4466683040E+01
HessDelSqRho_EigVec1 =  6.8995726021E-01 -6.6871346142E-01 -2.7709436225E-01
HessDelSqRho_EigVec2 = -9.9758177600E-02 -4.6699775137E-01  8.7861334284E-01
HessDelSqRho_EigVec3 =  7.1694301383E-01  5.7856322621E-01  3.8891812531E-01
</CP of DelSqRho>
<CP of DelSqRho>
CP# = 5       
Type = (3,-1)
Coords = -3.57560080755139E+00 -7.28713529343902E-02 -5.76617124920821E-01
DistFromNuc =  1.6867753810E-01
Rho =  2.2365447215E+01
DelSqRho =  1.2534854341E+03
GradDelSqRho =  1.3358203432E-11  3.4638958368E-13 -4.2632564146E-14
HessDelSqRho_EigVals = -4.0924565502E+05 -1.3785871332E+03  1.1832261268E+03
HessDelSqRho_EigVec1 =  9.8666039833E-01  2.8760888727E-02  1.6023130043E-01
HessDelSqRho_EigVec2 = -1.2543996683E-01 -4.9302983875E-01  8.6092182736E-01
HessDelSqRho_EigVec3 = -1.0375968910E-01  8.6953688213E-01  4.8284525216E-01
</CP of DelSqRho>
<CP of DelSqRho>
CP# = 6       
Type = (3,+1)
Coords = -3.44038978056511E+00  9.23465499721806E-03 -6.95819352275101E-01
DistFromNuc =  1.6830196743E-01
Rho =  2.2547659489E+01
DelSqRho =  1.2399135051E+03
GradDelSqRho =  8.0433437688E-12  2.1032064978E-12 -1.7763568394E-14
HessDelSqRho_EigVals = -4.1435281635E+05  1.8235206570E+03  2.6795983608E+03
HessDelSqRho_EigVec1 =  1.8166672351E-01 -4.5971160506E-01  8.6928846866E-01
HessDelSqRho_EigVec2 =  9.7815265686E-01  1.7533276995E-01 -1.1169511925E-01
HessDelSqRho_EigVec3 = -1.0106721255E-01  8.7058811154E-01  4.8152025772E-01
</CP of DelSqRho>
<CP of DelSqRho>
CP# = 7       
Type = (3,-1)
Coords = -3.24387707973700E+00 -6.74300360127996E-02 -5.25260153350524E-01
DistFromNuc =  1.6707838974E-01
Rho =  2.2718827674E+01
DelSqRho =  1.2894027992E+03
GradDelSqRho =  5.5138116295E-11  2.1316282073E-13  5.1159076975E-12
HessDelSqRho_EigVals = -4.4775736487E+05 -2.7296770591E+03  1.8124722394E+02
HessDelSqRho_EigVec1 =  9.8932412018E-01  3.6412986601E-03  1.4568639668E-01
HessDelSqRho_EigVec2 = -1.2497963244E-01 -4.9295768360E-01  8.6103008871E-01
HessDelSqRho_EigVec3 = -7.4952496348E-02  8.7004566726E-01  4.8723983844E-01
</CP of DelSqRho>
<CP of DelSqRho>
CP# = 8       
Type = (3,+1)
Coords = -3.48040821121549E+00 -1.48617587709427E-01 -4.20148214895784E-01
DistFromNuc =  1.6830265180E-01
Rho =  2.2547501062E+01
DelSqRho =  1.2398778226E+03
GradDelSqRho =  1.8189894035E-12  2.2204460493E-12 -3.5427660805E-11
HessDelSqRho_EigVals = -4.1433146203E+05  1.8262964691E+03  2.6812256622E+03
HessDelSqRho_EigVec1 = -4.1973871064E-01 -4.7937641700E-01  7.7072541519E-01
HessDelSqRho_EigVec2 =  9.0193079408E-01 -1.2515759529E-01  4.1334781847E-01
HessDelSqRho_EigVec3 =  1.0168705660E-01 -8.6863906611E-01 -4.8489784012E-01
</CP of DelSqRho>
<CP of DelSqRho>
CP# = 9       
Type = (3,-3)
Coords = -3.28462029195638E+00  2.00467366971497E-02 -4.81109325181762E-01
DistFromNuc =  1.6720568482E-01
Rho =  2.2673147097E+01
DelSqRho =  1.2899377027E+03
GradDelSqRho = -2.5011104299E-12 -7.4464878708E-12 -1.4352963262E-12
HessDelSqRho_EigVals = -4.4494123620E+05 -2.8911769481E+03 -3.4494416438E+02
HessDelSqRho_EigVec1 =  7.4650147726E-01  5.2498123670E-01  4.0881566207E-01
HessDelSqRho_EigVec2 = -1.2506087996E-01 -4.9275490633E-01  8.6113435571E-01
HessDelSqRho_EigVec3 = -6.5352530230E-01  6.9396491510E-01  3.0218765008E-01
</CP of DelSqRho>
<CP of DelSqRho>
CP# = 10      
Type = (3,-3)
Coords = -3.26228270139695E+00 -1.44631839040183E-01 -5.72147144880165E-01
DistFromNuc =  1.6720069915E-01
Rho =  2.2675685172E+01
DelSqRho =  1.2897647268E+03
GradDelSqRho =  1.3017142919E-11 -2.0243362542E-11 -3.5385028241E-12
HessDelSqRho_EigVals = -4.4502117440E+05 -2.8736176502E+03 -3.0004273847E+02
HessDelSqRho_EigVec1 =  8.7962594449E-01 -4.5647307632E-01 -1.3375547982E-01
HessDelSqRho_EigVec2 = -1.2503313846E-01 -4.9319580305E-01  8.6088594723E-01
HessDelSqRho_EigVec3 =  4.5893889797E-01  7.4053374700E-01  4.9090208543E-01
</CP of DelSqRho>
<CP of DelSqRho>
CP# = 11      
Type = (3,+1)
Coords = -2.74658575804264E+00 -4.09354215495665E-02 -4.44640877250141E-01
DistFromNuc =  6.7139414111E-01
Rho =  8.4837576640E-01
DelSqRho = -3.3993383591E+00
GradDelSqRho = -3.1974423109E-14  2.2204460493E-16  5.3290705182E-15
HessDelSqRho_EigVals = -5.4618976981E+00  1.7727051657E+01  2.3470007636E+02
HessDelSqRho_EigVec1 = -1.1591190604E-01 -4.9047036344E-01  8.6371479819E-01
HessDelSqRho_EigVec2 = -1.1106445477E-01  8.7052294596E-01  4.7943142101E-01
HessDelSqRho_EigVec3 =  9.8703045390E-01  4.0356203312E-02  1.5537779742E-01
</CP of DelSqRho>
<CP of DelSqRho>
CP# = 12      
Type = (3,-1)
Coords = -4.11749734259116E+00 -1.00708513466424E-01 -6.58810642611482E-01
DistFromNuc =  7.1744039298E-01
Rho =  6.8852035018E-01
DelSqRho = -1.2324582245E+00
GradDelSqRho = -1.1546319456E-13 -6.5336624999E-14  1.0191847366E-13
HessDelSqRho_EigVals = -1.9327088583E+01 -4.2528369772E+00  1.4295648265E+02
HessDelSqRho_EigVec1 = -1.1409659315E-01  8.6808413161E-01  4.8312721708E-01
HessDelSqRho_EigVec2 = -1.0816163885E-01 -4.9426643214E-01  8.6255536283E-01
HessDelSqRho_EigVec3 =  9.8756418896E-01  4.6158796733E-02  1.5028751835E-01
</CP of DelSqRho>
<CP of DelSqRho>
CP# = 13      
Type = (3,-1)
Coords = -3.22302480420566E+00  5.18275586059175E-01 -1.95180528500078E-01
DistFromNuc =  7.0992432420E-01
Rho =  6.9204828842E-01
DelSqRho = -1.1990843761E+00
GradDelSqRho = -1.3322676296E-15 -1.7541523789E-14 -5.1209037011E-15
HessDelSqRho_EigVals = -1.5223904134E+01 -1.0559449261E+01  1.5098079211E+02
HessDelSqRho_EigVec1 =  9.5143382496E-01 -3.0627770998E-01 -3.1106929875E-02
HessDelSqRho_EigVec2 = -1.2665508422E-01 -4.8152653514E-01  8.6723162165E-01
HessDelSqRho_EigVec3 =  2.8059252726E-01  8.2117364810E-01  4.9693226230E-01
</CP of DelSqRho>
<CP of DelSqRho>
CP# = 14      
Type = (3,-1)
Coords = -3.07505147771575E+00 -6.28465787140680E-01 -8.28422864955400E-01
DistFromNuc =  7.0957162034E-01
Rho =  6.9369850011E-01
DelSqRho = -1.2100455703E+00
GradDelSqRho = -1.4210854715E-14  1.9539925233E-14  1.2989609388E-14
HessDelSqRho_EigVals = -1.5150256268E+01 -1.0662239108E+01  1.5144368891E+02
HessDelSqRho_EigVec1 =  8.6426223668E-01  3.7157036955E-01  3.3909622045E-01
HessDelSqRho_EigVec2 = -1.2097536433E-01 -5.0078489582E-01  8.5707610476E-01
HessDelSqRho_EigVec3 = -4.8827835041E-01  7.8176080011E-01  3.8785861332E-01
</CP of DelSqRho>
<CP of DelSqRho>
CP# = 15      
Type = (3,+1)
Coords = -3.55967109775584E+00 -2.38685082132888E-01 -1.19447354359088E+00
DistFromNuc =  6.8385320686E-01
Rho =  7.9274686552E-01
DelSqRho = -2.5685134872E+00
GradDelSqRho = -1.5543122345E-14 -1.6653345369E-15 -7.2164496601E-15
HessDelSqRho_EigVals = -1.2124961859E+01  1.1600955226E+01  1.9854298233E+02
HessDelSqRho_EigVec1 =  5.4217869153E-01  8.0179881961E-01 -2.5131836247E-01
HessDelSqRho_EigVec2 =  8.2049516053E-01 -5.6968357213E-01 -4.7416444318E-02
HessDelSqRho_EigVec3 =  1.8119039156E-01  1.8049731442E-01  9.6674234494E-01
</CP of DelSqRho>
<CP of DelSqRho>
CP# = 16      
Type = (3,+1)
Coords = -3.66936837682823E+00 -6.88695524369053E-01 -4.23994606778878E-01
DistFromNuc =  6.8463084186E-01
Rho =  7.9008815600E-01
DelSqRho = -2.5469114876E+00
GradDelSqRho = -1.0653700144E-12 -3.1661340216E-12  1.8446355554E-12
HessDelSqRho_EigVals = -1.2175690220E+01  1.1391894160E+01  1.9709148361E+02
HessDelSqRho_EigVec1 =  3.7143851996E-01  1.2096125860E-01  9.2054429541E-01
HessDelSqRho_EigVec2 =  8.5695523758E-01 -4.2621367274E-01 -2.8977512996E-01
HessDelSqRho_EigVec3 =  3.5729700064E-01  8.9649890077E-01 -2.6197055989E-01
</CP of DelSqRho>
<CP of DelSqRho>
CP# = 17      
Type = (3,+1)
Coords = -3.65997887015925E+00  5.27806502601065E-01 -7.71795949436649E-01
DistFromNuc =  6.8358077912E-01
Rho =  7.9317712805E-01
DelSqRho = -2.5715376579E+00
GradDelSqRho =  4.8849813084E-15 -1.1796119637E-15  1.7319479184E-14
HessDelSqRho_EigVals = -1.2091840235E+01  1.1706127461E+01  1.9890822198E+02
HessDelSqRho_EigVec1 =  6.5681133847E-01 -9.6330858662E-02 -7.4787648133E-01
HessDelSqRho_EigVec2 =  6.8351253741E-01  4.9491276565E-01  5.3653701233E-01
HessDelSqRho_EigVec3 = -3.1844854664E-01  8.6358654463E-01 -3.9090766567E-01
</CP of DelSqRho>
<CP of DelSqRho>
CP# = 18      
Type = (3,+1)
Coords = -3.77146860353507E+00  8.82406185305841E-02  9.31010865514281E-03
DistFromNuc =  6.8413472695E-01
Rho =  7.9129197023E-01
DelSqRho = -2.5553235394E+00
GradDelSqRho = -9.1038288019E-15  1.5543122345E-15  7.3274719625E-15
HessDelSqRho_EigVals = -1.2126538824E+01  1.1465913618E+01  1.9788351657E+02
HessDelSqRho_EigVec1 = -4.8669266159E-01  7.6127298190E-01 -4.2847835439E-01
HessDelSqRho_EigVec2 =  7.1858082431E-01  6.2779581537E-01  2.9918892549E-01
HessDelSqRho_EigVec3 = -4.9676136332E-01  1.6228327464E-01  8.5257978318E-01
</CP of DelSqRho>
<CP of DelSqRho>
CP# = 19      
Type = (3,+3)
Coords = -3.17349270364410E+00 -3.37954149663525E-01 -9.99382752903218E-03
DistFromNuc =  6.4774578378E-01
Rho =  9.1737961989E-01
DelSqRho = -4.0135558421E+00
GradDelSqRho = -5.4400928207E-15  1.5987211555E-14 -4.7961634664E-14
HessDelSqRho_EigVals =  7.4526153811E+00  1.9144163274E+01  2.9652877240E+02
HessDelSqRho_EigVec1 =  9.3475700931E-01  2.5890939219E-01 -2.4330076075E-01
HessDelSqRho_EigVec2 = -1.1442300434E-01  8.6769462106E-01  4.8374933660E-01
HessDelSqRho_EigVec3 =  3.3635800811E-01 -4.2434887913E-01  8.4070881948E-01
</CP of DelSqRho>
<CP of DelSqRho>
CP# = 20      
Type = (3,+3)
Coords = -3.03496040581343E+00  2.22508428665137E-01 -9.91304264577107E-01
DistFromNuc =  6.4772892458E-01
Rho =  9.1684782242E-01
DelSqRho = -4.0120406102E+00
GradDelSqRho = -9.9920072216E-15  2.4868995752E-14 -1.4210854715E-14
HessDelSqRho_EigVals =  7.5874280698E+00  1.9605571334E+01  2.9623277817E+02
HessDelSqRho_EigVec1 = -8.2531536445E-01  1.9028248467E-01 -5.3164567639E-01
HessDelSqRho_EigVec2 = -1.0884501073E-01  8.7024683497E-01  4.8044064135E-01
HessDelSqRho_EigVec3 = -5.5408240618E-01 -4.5438202237E-01  6.9751678468E-01
</CP of DelSqRho>
<CP of DelSqRho>
CP# = 21      
Type = (3,+3)
Coords = -3.88878635460033E+00  4.22884822150914E-01 -3.44261960969836E-01
DistFromNuc =  7.1635847035E-01
Rho =  7.6846297327E-01
DelSqRho = -3.2066191280E+00
GradDelSqRho = -2.4367174944E-12  3.4179326036E-12 -3.4172664698E-13
HessDelSqRho_EigVals =  1.2414480663E+01  2.2859821207E+01  1.4837799623E+02
HessDelSqRho_EigVec1 = -1.2656498809E-01 -4.8331874180E-01  8.6624724970E-01
HessDelSqRho_EigVec2 = -7.4063864953E-01 -5.3487761380E-01 -4.0664521278E-01
HessDelSqRho_EigVec3 = -6.5987551448E-01  6.9304323969E-01  2.9026776139E-01
</CP of DelSqRho>
<CP of DelSqRho>
CP# = 22      
Type = (3,+3)
Coords = -3.75701799799906E+00 -5.84692671111241E-01 -9.04150619957156E-01
DistFromNuc =  7.1670513049E-01
Rho =  7.6735916146E-01
DelSqRho = -3.1938519150E+00
GradDelSqRho = -1.7319479184E-14 -1.7208456882E-14 -9.4368957093E-15
HessDelSqRho_EigVals =  1.2381164692E+01  2.2688806582E+01  1.4802354667E+02
HessDelSqRho_EigVec1 = -1.2436609307E-01 -5.0559538415E-01  8.5376014338E-01
HessDelSqRho_EigVec2 = -8.7199506066E-01  4.6625692320E-01  1.4909425125E-01
HessDelSqRho_EigVec3 =  4.7345294284E-01  7.2593235849E-01  4.9886322958E-01
</CP of DelSqRho>
<CP of DelSqRho>
CP# = 23      
Type = (3,+1)
Coords = -2.21361020154270E+00  2.03482323896869E-01 -7.68968176915680E-01
DistFromNuc =  1.2454761041E+00
Rho =  2.4203304596E-01
DelSqRho =  4.6521301520E-01
GradDelSqRho = -3.4416913763E-15 -1.7347234760E-16 -1.0408340856E-15
HessDelSqRho_EigVals = -1.0368256447E+01  2.5208391422E-01  6.8302977975E-01
HessDelSqRho_EigVec1 =  9.4914490085E-01  2.3487047247E-01 -2.0966596851E-01
HessDelSqRho_EigVec2 =  2.8847906814E-01 -3.8203174223E-01  8.7797014481E-01
HessDelSqRho_EigVec3 = -1.2611020749E-01  8.9380512926E-01  4.3035869513E-01
</CP of DelSqRho>
<CP of DelSqRho>
CP# = 24      
Type = (3,-1)
Coords = -3.44825211936674E+00  1.03148982245013E+00 -9.85454785352875E-01
DistFromNuc =  1.1833924002E+00
Rho =  2.4213491013E-01
DelSqRho =  7.4187967866E-01
GradDelSqRho =  0.0000000000E+00 -5.5511151231E-15  8.3266726847E-17
HessDelSqRho_EigVals = -1.7501600776E+01 -1.3641274530E+00  2.6674209888E-01
HessDelSqRho_EigVec1 = -5.5803879185E-03  9.2698172538E-01 -3.7506498113E-01
HessDelSqRho_EigVec2 = -8.3656977716E-01  2.0115134490E-01  5.0959704119E-01
HessDelSqRho_EigVec3 =  5.4783196988E-01  3.1661177686E-01  7.7436239290E-01
</CP of DelSqRho>
<CP of DelSqRho>
CP# = 25      
Type = (3,-1)
Coords = -3.27334351117716E+00 -2.82061706609380E-01 -1.70583006001713E+00
DistFromNuc =  1.1837067917E+00
Rho =  2.4236896843E-01
DelSqRho =  7.4048362793E-01
GradDelSqRho =  3.3931191190E-15 -5.0272286334E-15  1.6320278462E-14
HessDelSqRho_EigVals = -1.7443737652E+01 -1.3912534488E+00  2.7117448362E-01
HessDelSqRho_EigVec1 = -1.4021801756E-01  1.6851268201E-01  9.7567534741E-01
HessDelSqRho_EigVec2 =  7.2332133063E-01  6.9034249453E-01 -1.5280474457E-02
HessDelSqRho_EigVec3 =  6.7612510692E-01 -7.0358419272E-01  2.1868727340E-01
</CP of DelSqRho>
<CP of DelSqRho>
CP# = 26      
Type = (3,-3)
Coords = -3.12042066083019E+00  9.06653907353891E-01 -1.48740458371909E-02
DistFromNuc =  1.1485976343E+00
Rho =  2.4585051821E-01
DelSqRho =  8.2082856716E-01
GradDelSqRho = -9.7144514655E-16 -6.1062266354E-16  8.3266726847E-17
HessDelSqRho_EigVals = -1.7447602946E+01 -1.7085751896E+00 -4.0743786361E-01
HessDelSqRho_EigVec1 =  2.9057674638E-01  8.3497167346E-01  4.6731943999E-01
HessDelSqRho_EigVec2 =  9.5295328414E-01 -2.9657269564E-01 -6.2647222162E-02
HessDelSqRho_EigVec3 = -8.6285530116E-02 -4.6353742107E-01  8.8186612735E-01
</CP of DelSqRho>
<CP of DelSqRho>
CP# = 27      
Type = (3,+1)
Coords = -2.30713066282492E+00 -2.22250042058684E-01  1.83604284010925E-02
DistFromNuc =  1.2493409900E+00
Rho =  2.4144481622E-01
DelSqRho =  4.6531610092E-01
GradDelSqRho =  4.1600056733E-12 -8.5129819860E-14  2.3687718453E-12
HessDelSqRho_EigVals = -9.7905681970E+00  2.4820764279E-01  5.8411817545E-01
HessDelSqRho_EigVec1 =  8.6277491305E-01 -1.3652026465E-01  4.8680762808E-01
HessDelSqRho_EigVec2 = -4.7679834516E-01 -5.3997887993E-01  6.9360373938E-01
HessDelSqRho_EigVec3 = -1.6817487169E-01  8.3053297741E-01  5.3097286745E-01
</CP of DelSqRho>
<CP of DelSqRho>
CP# = 28      
Type = (3,-3)
Coords = -4.31197005657867E+00  1.95466575411794E-01 -1.23814621510849E+00
DistFromNuc =  1.1655797073E+00
Rho =  2.4454420676E-01
DelSqRho =  8.4776934077E-01
GradDelSqRho =  4.9658749335E-12 -2.3877150257E-12  5.4713733544E-12
HessDelSqRho_EigVals = -1.7959658091E+01 -1.9544079747E+00 -2.3120213698E-01
HessDelSqRho_EigVec1 =  7.7076119914E-01 -2.2881464375E-01  5.9461839250E-01
HessDelSqRho_EigVec2 = -1.1193356520E-01  8.7013766274E-01  4.7992845806E-01
HessDelSqRho_EigVec3 =  6.2721451743E-01  4.3646799045E-01 -6.4505630951E-01
</CP of DelSqRho>
<CP of DelSqRho>
CP# = 29      
Type = (3,-3)
Coords = -4.46608723182378E+00 -4.03736662080698E-01 -1.95416503693509E-01
DistFromNuc =  1.1641359615E+00
Rho =  2.4418647483E-01
DelSqRho =  8.5118938107E-01
GradDelSqRho = -2.6090241079E-15  3.0531133177E-16  9.7144514655E-16
HessDelSqRho_EigVals = -1.8040260804E+01 -1.9203068240E+00 -2.4118176658E-01
HessDelSqRho_EigVec1 =  9.0542786447E-01  2.9097526246E-01 -3.0908539091E-01
HessDelSqRho_EigVec2 = -1.1320033692E-01  8.6725150125E-01  4.8483040056E-01
HessDelSqRho_EigVec3 =  4.0912842233E-01 -4.0399038382E-01  8.1817217248E-01
</CP of DelSqRho>
<CP of DelSqRho>
CP# = 30      
Type = (3,-3)
Coords = -2.87467827076716E+00 -9.57598707262281E-01 -1.04254771771378E+00
DistFromNuc =  1.1489361325E+00
Rho =  2.4615412604E-01
DelSqRho =  8.2102213772E-01
GradDelSqRho = -1.0269562978E-15  1.5265566589E-15 -1.6653345369E-16
HessDelSqRho_EigVals = -1.7441022427E+01 -1.6775372178E+00 -4.2925184479E-01
HessDelSqRho_EigVec1 = -4.9906855712E-01  7.6192666338E-01  4.1279333198E-01
HessDelSqRho_EigVec2 =  8.6324731325E-01  3.9550012193E-01  3.1366180789E-01
HessDelSqRho_EigVec3 =  7.5727481586E-02  5.1288148064E-01 -8.5511282024E-01
</CP of DelSqRho>
<CP of DelSqRho>
CP# = 31      
Type = (3,-1)
Coords = -3.62875513321689E+00  1.90639306813509E-01  5.83964558823179E-01
DistFromNuc =  1.1832409726E+00
Rho =  2.4213965965E-01
DelSqRho =  7.3459709328E-01
GradDelSqRho =  1.8526846723E-15 -5.2041704279E-16 -1.1823875212E-14
HessDelSqRho_EigVals = -1.7272686628E+01 -1.3359015332E+00  2.6939418114E-01
HessDelSqRho_EigVec1 = -1.5906979938E-01  2.1145098092E-01  9.6435744493E-01
HessDelSqRho_EigVec2 = -7.4875615890E-01  6.1081132985E-01 -2.5743685408E-01
HessDelSqRho_EigVec3 =  6.4347572871E-01  7.6301900500E-01 -6.1163588570E-02
</CP of DelSqRho>
<CP of DelSqRho>
CP# = 32      
Type = (3,-1)
Coords = -3.44395303186245E+00 -1.19460668238092E+00 -1.87988758800119E-01
DistFromNuc =  1.1837114064E+00
Rho =  2.4214176488E-01
DelSqRho =  7.3154650419E-01
GradDelSqRho =  5.5511151231E-17 -2.7755575616E-16 -1.0824674490E-15
HessDelSqRho_EigVals = -1.7187134825E+01 -1.3320524252E+00  2.8298817591E-01
HessDelSqRho_EigVec1 =  4.8274903558E-03  9.4838780531E-01 -3.1707612032E-01
HessDelSqRho_EigVec2 =  6.3692933258E-01  2.4152577906E-01  7.3211086821E-01
HessDelSqRho_EigVec3 =  7.7090707653E-01 -2.0548933984E-01 -6.0289004849E-01
</CP of DelSqRho>
<CP of DelSqRho>
CP# = 33      
Type = (3,-1)
Coords = -2.16385031679010E+00  1.17728976890811E-02 -3.49902758937967E-01
DistFromNuc =  1.2637526778E+00
Rho =  2.3840331287E-01
DelSqRho =  4.7479587905E-01
GradDelSqRho = -2.7682856008E-12  6.2538862977E-13 -2.3264445925E-12
HessDelSqRho_EigVals = -7.2752374457E+00 -2.1293800142E-01  5.0685164234E-01
HessDelSqRho_EigVec1 =  9.8370555118E-01  8.3948858635E-02  1.5898420587E-01
HessDelSqRho_EigVec2 = -1.0317876598E-01 -4.6056763004E-01  8.8160739584E-01
HessDelSqRho_EigVec3 = -1.4723291356E-01  8.8364588342E-01  4.4440119473E-01
</CP of DelSqRho>
<CP of DelSqRho>
CP# = 34      
Type = (3,-1)
Coords = -4.55759460084523E+00 -9.75311150722014E-02 -7.66684369074950E-01
DistFromNuc =  1.1691331872E+00
Rho =  2.5028625457E-01
DelSqRho =  8.3260258215E-01
GradDelSqRho = -3.5527136788E-15 -1.5785983631E-16  1.5265566589E-16
HessDelSqRho_EigVals = -1.6395585566E+01 -3.9815097979E+00  1.9379032860E-01
HessDelSqRho_EigVec1 =  9.8242757264E-01  2.5859554993E-02  1.8484411792E-01
HessDelSqRho_EigVec2 = -1.1361081773E-01  8.6860026843E-01  4.8231333776E-01
HessDelSqRho_EigVec3 = -1.4808324216E-01 -4.9483821306E-01  8.5627477850E-01
</CP of DelSqRho>
<CP of DelSqRho>
CP# = 35      
Type = (3,-1)
Coords = -5.27933496020303E+00  6.59614629786055E-01 -3.26052470382110E-01
DistFromNuc =  2.0191373280E+00
Rho =  7.1641284158E-02
DelSqRho =  1.8698036279E-01
GradDelSqRho = -4.4408920985E-16 -2.6194324487E-16 -2.0990154059E-16
HessDelSqRho_EigVals = -2.1859338734E+00 -9.9786799875E-03  5.0550742540E-01
HessDelSqRho_EigVec1 =  9.8012358565E-01  1.4189116836E-01  1.3865299563E-01
HessDelSqRho_EigVec2 = -6.1469101280E-02 -4.4730263398E-01  8.9226784276E-01
HessDelSqRho_EigVec3 = -1.8862477685E-01  8.8305563244E-01  4.2968993889E-01
</CP of DelSqRho>
<CP of DelSqRho>
CP# = 36      
Type = (3,-1)
Coords = -5.06263095477106E+00 -9.85954425638373E-01 -1.25555438450009E+00
DistFromNuc =  2.0186436632E+00
Rho =  7.1617174046E-02
DelSqRho =  1.8732336623E-01
GradDelSqRho = -1.5265566589E-16  2.7321894747E-16  8.2399365109E-17
HessDelSqRho_EigVals = -2.2010155676E+00 -8.3361430136E-03  5.0403099194E-01
HessDelSqRho_EigVec1 =  9.9737043263E-01 -5.9004700889E-03  7.2231603641E-02
HessDelSqRho_EigVec2 = -6.4548583222E-02 -5.2547200530E-01  8.4835879912E-01
HessDelSqRho_EigVec3 = -3.2949969892E-02  8.5079043019E-01  5.2447110825E-01
</CP of DelSqRho>
<CP of DelSqRho>
CP# = 37      
Type = (3,-1)
Coords = -3.63993346726557E+00 -1.55961893290373E+00 -1.88685236355840E+00
DistFromNuc =  2.0165338786E+00
Rho =  7.1296321582E-02
DelSqRho =  1.8774594251E-01
GradDelSqRho = -4.1286418728E-16  6.2103100440E-16  9.0205620751E-16
HessDelSqRho_EigVals = -2.0806844262E+00 -1.2528554885E-02  4.9133736616E-01
HessDelSqRho_EigVec1 = -4.0162288654E-01  5.8636825412E-01  7.0347091451E-01
HessDelSqRho_EigVec2 = -2.1861246533E-01  6.8455390082E-01 -6.9540962524E-01
HessDelSqRho_EigVec3 =  8.8932988649E-01  4.3307993193E-01  1.4674510402E-01
</CP of DelSqRho>
<CP of DelSqRho>
CP# = 38      
Type = (3,+1)
Coords = -4.71676111272329E+00  7.48421661676844E-01  7.34213819827448E-01
DistFromNuc =  2.0061156812E+00
Rho =  7.0487876102E-02
DelSqRho =  1.8206093428E-01
GradDelSqRho =  4.1633363423E-17  3.8250652645E-16 -2.2724877535E-16
HessDelSqRho_EigVals = -1.7456889216E+00  1.5726936758E-02  5.8032589362E-01
HessDelSqRho_EigVec1 = -4.6637401951E-01  2.3976088451E-02  8.8426264260E-01
HessDelSqRho_EigVec2 =  7.2057571669E-01  5.9012190543E-01  3.6404226849E-01
HessDelSqRho_EigVec3 = -5.1309444593E-01  8.0695804346E-01 -2.9249411216E-01
</CP of DelSqRho>
<CP of DelSqRho>
CP# = 39      
Type = (3,-1)
Coords = -4.05703172120475E+00  1.72438492571329E+00  1.15254542694743E-01
DistFromNuc =  2.0185223313E+00
Rho =  7.1371628037E-02
DelSqRho =  1.8824899815E-01
GradDelSqRho = -6.9562411387E-16 -1.9845236565E-15 -6.2623517483E-16
HessDelSqRho_EigVals = -2.1381382736E+00 -1.3089090174E-02  4.7377408297E-01
HessDelSqRho_EigVec1 =  2.2630976936E-01  9.2400368182E-01  3.0822245906E-01
HessDelSqRho_EigVec2 =  3.4731183567E-02 -3.2388567515E-01  9.4545852068E-01
HessDelSqRho_EigVec3 =  9.7343599337E-01 -2.0326156895E-01 -1.0539023393E-01
</CP of DelSqRho>
<CP of DelSqRho>
CP# = 40      
Type = (3,+1)
Coords = -4.64921507969245E+00  1.47996641349473E+00 -8.50611813564838E-01
DistFromNuc =  2.0061315454E+00
Rho =  7.0621569071E-02
DelSqRho =  1.8332153507E-01
GradDelSqRho = -2.7081880575E-12  8.5095125391E-13 -8.0866615487E-12
HessDelSqRho_EigVals = -1.8007796459E+00  1.4509702460E-02  5.8213567634E-01
HessDelSqRho_EigVec1 = -3.9806256163E-01  6.9708603084E-01 -5.9633653471E-01
HessDelSqRho_EigVec2 =  7.3850088871E-01  6.2914352500E-01  2.4247651911E-01
HessDelSqRho_EigVec3 =  5.4420826381E-01 -3.4387423653E-01 -7.6523713648E-01
</CP of DelSqRho>
<CP of DelSqRho>
CP# = 41      
Type = (3,+1)
Coords = -4.30411803985104E+00 -1.85608246561690E+00 -7.13547753193855E-01
DistFromNuc =  2.0062387141E+00
Rho =  7.0427484712E-02
DelSqRho =  1.8193369495E-01
GradDelSqRho =  4.0691356534E-12  7.9386852994E-12 -1.5307911189E-12
HessDelSqRho_EigVals = -1.7355790851E+00  1.3927054546E-02  5.7839779369E-01
HessDelSqRho_EigVec1 =  2.8074862950E-01  8.8267175484E-01 -3.7692277755E-01
HessDelSqRho_EigVec2 =  8.5553346318E-01 -4.0814801250E-01 -3.1855563607E-01
HessDelSqRho_EigVec3 =  4.3502034483E-01  2.3303599098E-01  8.6974221841E-01
</CP of DelSqRho>
<CP of DelSqRho>
CP# = 42      
Type = (3,+1)
Coords = -4.34780962898681E+00 -8.45287231941885E-01 -2.14020251705146E+00
DistFromNuc =  2.0038074526E+00
Rho =  7.0768276068E-02
DelSqRho =  1.8443854088E-01
GradDelSqRho =  8.7399271848E-13  5.2210904870E-13 -9.7050492642E-13
HessDelSqRho_EigVals = -1.8170675310E+00  1.2155897699E-02  5.8208818326E-01
HessDelSqRho_EigVec1 =  3.1665808677E-01 -7.2537295972E-02  9.4576212484E-01
HessDelSqRho_EigVec2 =  8.6984774355E-01 -3.7542350577E-01 -3.2003452058E-01
HessDelSqRho_EigVec3 =  3.7827577128E-01  9.2401056921E-01 -5.5784485842E-02
</CP of DelSqRho>
<Path of -GradDelSqRho>
Starting CP# =      3
Ending CP# =     22
Number of Points =     19
 -3.9974481933E+00 -8.9734028974E-01 -1.1183491821E+00  4.0229192324E-01 -8.9616313036E-01
 -3.9846754901E+00 -8.7964095953E-01 -1.1061593602E+00  4.1402965611E-01 -9.0539150686E-01
 -3.9719092039E+00 -8.6193570720E-01 -1.0939714166E+00  4.2682264534E-01 -9.3351120918E-01
 -3.9591483924E+00 -8.4422515407E-01 -1.0817854413E+00  4.4068999949E-01 -9.8125775688E-01
 -3.9463918008E+00 -8.2651011790E-01 -1.0696015642E+00  4.5564506649E-01 -1.0493982839E+00
 -3.9336378486E+00 -8.0879160871E-01 -1.0574199742E+00  4.7169454667E-01 -1.1386048045E+00
 -3.9208845998E+00 -7.9107083448E-01 -1.0452409430E+00  4.8883760154E-01 -1.2492969905E+00
 -3.9081297022E+00 -7.7334922460E-01 -1.0330648544E+00  5.0706505609E-01 -1.3814581369E+00
 -3.8953702817E+00 -7.5562848002E-01 -1.0208922460E+00  5.2635881229E-01 -1.5344304613E+00
 -3.8826027641E+00 -7.3791066289E-01 -1.0087238675E+00  5.4669161005E-01 -1.7066985510E+00
 -3.8698225849E+00 -7.2019834786E-01 -9.9656077205E-01  5.6802728554E-01 -1.8956721296E+00
 -3.8570237056E+00 -7.0249487751E-01 -9.8440446634E-01  5.9032168599E-01 -2.0974805258E+00
 -3.8441977692E+00 -6.8480481014E-01 -9.7225717224E-01  6.1352440107E-01 -2.3067899189E+00
 -3.8313325187E+00 -6.6713476313E-01 -9.6012232508E-01  6.3758146121E-01 -2.5166480343E+00
 -3.8184085088E+00 -6.4949517687E-01 -9.4800562698E-01  6.6243912103E-01 -2.7183447821E+00
 -3.8053911710E+00 -6.3190461465E-01 -9.3591764071E-01  6.8804872632E-01 -2.9012432898E+00
 -3.7922067675E+00 -6.1440302588E-01 -9.2388187070E-01  7.1437200474E-01 -3.0524719978E+00
 -3.7786320484E+00 -5.9711497278E-01 -9.1197382771E-01  7.4137950355E-01 -3.1562696336E+00
 -3.7570179980E+00 -5.8469267111E-01 -9.0415061996E-01  7.6735916146E-01 -3.1938519150E+00
</Path of -GradDelSqRho>
<Path of -GradDelSqRho>
Starting CP# =      3
Ending CP# =      0
Number of Points =     30
 -3.9974481933E+00 -8.9734028974E-01 -1.1183491821E+00  4.0229192324E-01 -8.9616313036E-01
 -4.0102277017E+00 -9.1503350105E-01 -1.1305407541E+00  3.9158538305E-01 -9.0521658719E-01
 -4.0230145862E+00 -9.3272017164E-01 -1.1427340827E+00  3.8188168754E-01 -9.3212952565E-01
 -4.0358089020E+00 -9.5040029662E-01 -1.1549291086E+00  3.7314870014E-01 -9.7669298755E-01
 -4.0486104432E+00 -9.6807406701E-01 -1.1671257628E+00  3.6535080726E-01 -1.0388986570E+00
 -4.0614187825E+00 -9.8574184528E-01 -1.1793239614E+00  3.5844905263E-01 -1.1188778285E+00
 -4.0742333240E+00 -1.0034041292E+00 -1.1915236027E+00  3.5240113508E-01 -1.2167751123E+00
 -4.0870533645E+00 -1.0210615073E+00 -1.2037245680E+00  3.4716135404E-01 -1.3325314144E+00
 -4.0998781596E+00 -1.0387146095E+00 -1.2159267239E+00  3.4268065244E-01 -1.4655473179E+00
 -4.1127069902E+00 -1.0563640560E+00 -1.2281299261E+00  3.3890700044E-01 -1.6142121314E+00
 -4.1255392282E+00 -1.0740104056E+00 -1.2403340244E+00  3.3578648237E-01 -1.7753357949E+00
 -4.1383744024E+00 -1.0916541041E+00 -1.2525388678E+00  3.3326557054E-01 -1.9436338686E+00
 -4.1512122713E+00 -1.1092954263E+00 -1.2647443122E+00  3.3129513091E-01 -2.1116011388E+00
 -4.1640529041E+00 -1.1269344067E+00 -1.2769502337E+00  3.2983659817E-01 -2.2703378734E+00
 -4.1768967105E+00 -1.1445707874E+00 -1.2891565727E+00  3.2887033365E-01 -2.4120633500E+00
 -4.1897440028E+00 -1.1622042498E+00 -1.3013634593E+00  3.2840530582E-01 -2.5349819730E+00
 -4.2025929798E+00 -1.1798357650E+00 -1.3135713855E+00  3.2848789130E-01 -2.6506474710E+00
 -4.2154381650E+00 -1.1974690134E+00 -1.3257807984E+00  3.2920600764E-01 -2.7928923916E+00
 -4.2282761293E+00 -1.2151067793E+00 -1.3379912809E+00  3.3068348607E-01 -3.0259065518E+00
 -4.2411083843E+00 -1.2327484408E+00 -1.3502021370E+00  3.3305935658E-01 -3.4476280929E+00
 -4.2539372278E+00 -1.2503925690E+00 -1.3624130139E+00  3.3644840241E-01 -4.1838869712E+00
 -4.2667640651E+00 -1.2680382231E+00 -1.3746237933E+00  3.4088342789E-01 -5.3692577267E+00
 -4.2795896317E+00 -1.2856848919E+00 -1.3868344412E+00  3.4624609398E-01 -7.1127599737E+00
 -4.2924143109E+00 -1.3033323029E+00 -1.3990449486E+00  3.5220102109E-01 -9.4509475742E+00
 -4.3052383030E+00 -1.3209803125E+00 -1.4112553123E+00  3.5815506914E-01 -1.2298062855E+01
 -4.3180617012E+00 -1.3386288553E+00 -1.4234655292E+00  3.6326674409E-01 -1.5411705203E+01
 -4.3308845147E+00 -1.3562779295E+00 -1.4356755920E+00  3.6652501707E-01 -1.8397979026E+01
 -4.3437066391E+00 -1.3739276227E+00 -1.4478854836E+00  3.6689935291E-01 -2.0774296630E+01
 -4.3565276430E+00 -1.3915782846E+00 -1.4600951517E+00  3.6353577005E-01 -2.2086089156E+01
 -4.3622959563E+00 -1.3995220201E+00 -1.4655893420E+00  3.6065574252E-01 -2.2242636828E+01
</Path of -GradDelSqRho>
<Path of -GradDelSqRho>
Starting CP# =      4
Ending CP# =     21
Number of Points =     19
 -4.2077873394E+00  7.1537960937E-01 -2.2322724530E-01  4.0251371813E-01 -8.9855939193E-01
 -4.1905407517E+00  6.9866026491E-01 -2.3015680009E-01  4.1425173372E-01 -9.0779659455E-01
 -4.1732986676E+00  6.8193807499E-01 -2.3709069501E-01  4.2704561426E-01 -9.3594412942E-01
 -4.1560603775E+00  6.6521359530E-01 -2.4402849950E-01  4.4091456955E-01 -9.8374021092E-01
 -4.1388249231E+00  6.4848757236E-01 -2.5096962803E-01  4.5587205606E-01 -1.0519557289E+00
 -4.1215910836E+00  6.3176095816E-01 -2.5791334128E-01  4.7192489007E-01 -1.1412677253E+00
 -4.1043573487E+00  6.1503493620E-01 -2.6485874044E-01  4.8907235591E-01 -1.2521023679E+00
 -4.0871218675E+00  5.9831096670E-01 -2.7180474874E-01  5.0730540705E-01 -1.3844511010E+00
 -4.0698823619E+00  5.8159086183E-01 -2.7875007345E-01  5.2660607781E-01 -1.5376661203E+00
 -4.0526359837E+00  5.6487690744E-01 -2.8569313871E-01  5.4694724153E-01 -1.7102440019E+00
 -4.0353790826E+00  5.4817206028E-01 -2.9263197295E-01  5.6829286540E-01 -1.8996086832E+00
 -4.0181068216E+00  5.3148027562E-01 -2.9956401978E-01  5.9059892090E-01 -2.1019062252E+00
 -4.0008125087E+00  5.1480707940E-01 -3.0648580834E-01  6.1381511013E-01 -2.3118225116E+00
 -3.9834863491E+00  4.9816064372E-01 -3.1339233705E-01  6.3788755944E-01 -2.5224286941E+00
 -3.9661128659E+00  4.8155403253E-01 -3.2027579548E-01  6.6276260147E-01 -2.7250431262E+00
 -3.9486647163E+00  4.6501065134E-01 -3.2712248315E-01  6.8839165889E-01 -2.9090646469E+00
 -3.9310841493E+00  4.4858090556E-01 -3.3390345889E-01  7.1473665502E-01 -3.0616683759E+00
 -3.9131997424E+00  4.3241994983E-01 -3.4053138800E-01  7.4176960213E-01 -3.1671544891E+00
 -3.8887863546E+00  4.2288482215E-01 -3.4426196097E-01  7.6846297327E-01 -3.2066191280E+00
</Path of -GradDelSqRho>
<Path of -GradDelSqRho>
Starting CP# =      4
Ending CP# =      0
Number of Points =     30
 -4.2077873394E+00  7.1537960937E-01 -2.2322724530E-01  4.0251371813E-01 -8.9855939193E-01
 -4.2250387264E+00  7.3209584711E-01 -2.1630214346E-01  3.9180740961E-01 -9.0762117252E-01
 -4.2422953184E+00  7.4880866818E-01 -2.0938176484E-01  3.8210437178E-01 -9.3455832756E-01
 -4.2595571432E+00  7.6551802472E-01 -2.0246607240E-01  3.7337238487E-01 -9.7916097508E-01
 -4.2768240348E+00  7.8222401068E-01 -1.9555488697E-01  3.6557575603E-01 -1.0414198894E+00
 -4.2940956660E+00  7.9892683688E-01 -1.8864790876E-01  3.5867545262E-01 -1.1214650541E+00
 -4.3113715912E+00  8.1562679999E-01 -1.8174474721E-01  3.5262909933E-01 -1.2194387982E+00
 -4.3286512942E+00  8.3232424739E-01 -1.7484495654E-01  3.4739092380E-01 -1.3352780079E+00
 -4.3459342403E+00  8.4901954000E-01 -1.6794807474E-01  3.4291180084E-01 -1.4683765582E+00
 -4.3632199279E+00  8.6571301474E-01 -1.6105366388E-01  3.3913963966E-01 -1.6171134407E+00
 -4.3805079417E+00  8.8240494702E-01 -1.5416135104E-01  3.3602047728E-01 -1.7782843246E+00
 -4.3977980064E+00  8.9909551182E-01 -1.4727087144E-01  3.3350076244E-01 -1.9465878178E+00
 -4.4150900491E+00  9.1578473993E-01 -1.4038211817E-01  3.3153137523E-01 -2.1145034646E+00
 -4.4323842681E+00  9.3247247068E-01 -1.3349520063E-01  3.3007381796E-01 -2.2731270582E+00
 -4.4496811368E+00  9.4915835607E-01 -1.2661046674E-01  3.2910858661E-01 -2.4146984856E+00
 -4.4669809180E+00  9.6584223299E-01 -1.1972818378E-01  3.2864485431E-01 -2.5374855871E+00
 -4.4842816500E+00  9.8252560318E-01 -1.1284706233E-01  3.2872925449E-01 -2.6531639594E+00
 -4.5015779114E+00  9.9921244768E-01 -1.0596312798E-01  3.2944996464E-01 -2.7957505924E+00
 -4.5188667179E+00  1.0159048361E+00 -9.9073909457E-02  3.3093099285E-01 -3.0296640535E+00
 -4.5361498972E+00  1.0326013288E+00 -9.2180518459E-02  3.3331134148E-01 -3.4530663588E+00
 -4.5534298179E+00  1.0493001620E+00 -8.5284627561E-02  3.3670542613E-01 -4.1919249843E+00
 -4.5707078755E+00  1.0660003133E+00 -7.8387260671E-02  3.4114523342E-01 -5.3807614396E+00
 -4.5879847862E+00  1.0827012636E+00 -7.1488955267E-02  3.4651112321E-01 -7.1282490310E+00
 -4.6052609193E+00  1.0994027469E+00 -6.4589992957E-02  3.5246603106E-01 -9.4702436948E+00
 -4.6225364682E+00  1.1161046245E+00 -5.7690522655E-02  3.5841501940E-01 -1.2319984097E+01
 -4.6398115271E+00  1.1328068292E+00 -5.0790616652E-02  3.6351511751E-01 -1.5433964598E+01
 -4.6570861171E+00  1.1495093447E+00 -4.3890289600E-02  3.6675464992E-01 -1.8417444746E+01
 -4.6743601703E+00  1.1662122175E+00 -3.6989483208E-02  3.6710368402E-01 -2.0787663604E+01
 -4.6916333735E+00  1.1829156633E+00 -3.0087936507E-02  3.6371022097E-01 -2.2090808157E+01
 -4.6994054759E+00  1.1904327890E+00 -2.6981532670E-02  3.6081604825E-01 -2.2243036501E+01
</Path of -GradDelSqRho>
<Path of -GradDelSqRho>
Starting CP# =      6
Ending CP# =      1
Number of Points =      7
 -3.4403897806E+00  9.2346549972E-03 -6.9581935228E-01  2.2547659489E+01  1.2399135051E+03
 -3.4358217687E+00 -2.2531851851E-03 -6.7409005072E-01  3.2798580969E+01  9.8631892055E+02
 -3.4312127752E+00 -1.3733302218E-02 -6.5236531771E-01  4.8075252837E+01 -8.0334569322E+02
 -3.4265857470E+00 -2.5210009287E-02 -6.3064261540E-01  7.0767808604E+01 -6.4199459996E+03
 -3.4219455437E+00 -3.6684220456E-02 -6.0892140571E-01  1.0445230820E+02 -2.0755349020E+04
 -3.4172836282E+00 -4.8154312054E-02 -5.8720266902E-01  1.5498342259E+02 -7.5724310232E+04
 -3.4091740649E+00 -6.8014869386E-02 -5.4958798012E-01  2.9726975237E+02 -3.3288692287E+06
</Path of -GradDelSqRho>
<Path of -GradDelSqRho>
Starting CP# =      6
Ending CP# =     20
Number of Points =     39
 -3.4403897806E+00  9.2346549972E-03 -6.9581935228E-01  2.2547659489E+01  1.2399135051E+03
 -3.4449092384E+00  2.0731603864E-02 -7.1755399094E-01  1.5621862972E+01  1.1574071041E+03
 -3.4494065303E+00  3.2232696611E-02 -7.3929103827E-01  1.0926960137E+01  9.8669894311E+02
 -3.4538981019E+00  4.3734858118E-02 -7.6102870284E-01  7.7540810242E+00  7.7763201951E+02
 -3.4583766963E+00  5.5239440268E-02 -7.8276776329E-01  5.6180177218E+00  5.7608089117E+02
 -3.4628296319E+00  6.6748797275E-02 -8.0450956575E-01  4.1809454368E+00  4.1103791035E+02
 -3.4672430534E+00  7.8265480668E-02 -8.2625554297E-01  3.2116348997E+00  2.8772761849E+02
 -3.4716030295E+00  8.9792022624E-02 -8.4800707452E-01  2.5548318274E+00  1.9899103912E+02
 -3.4758966413E+00  1.0133072538E-01 -8.6976535525E-01  2.1069399760E+00  1.3559047023E+02
 -3.4801113370E+00  1.1288377299E-01 -8.9153144804E-01  1.7984911281E+00  9.0295734781E+01
 -3.4842317836E+00  1.2445378806E-01 -9.1330656544E-01  1.5825798358E+00  5.8191509686E+01
 -3.4882353443E+00  1.3604459766E-01 -9.3509241259E-01  1.4275084740E+00  3.5884487495E+01
 -3.4920867845E+00  1.4766205825E-01 -9.5689145770E-01  1.3120281541E+00  2.0832685686E+01
 -3.4957309912E+00  1.5931507410E-01 -9.7870709140E-01  1.2221112212E+00  1.1022586095E+01
 -3.4990807579E+00  1.7101711217E-01 -1.0005435447E+00  1.1486743602E+00  4.8621372588E+00
 -3.5019937313E+00  1.8278863082E-01 -1.0224049611E+00  1.0859572220E+00  1.1413567480E+00
 -3.5042237838E+00  1.9466099762E-01 -1.0442912798E+00  1.0303961203E+00 -1.0115197811E+00
 -3.5053002221E+00  2.0668205598E-01 -1.0661805530E+00  9.7990589009E-01 -2.1914464876E+00
 -3.5041448096E+00  2.1891225761E-01 -1.0879342949E+00  9.3364276137E-01 -2.7856131315E+00
 -3.4974564418E+00  2.3117915926E-01 -1.1084866565E+00  8.9361431254E-01 -3.0416937150E+00
