 AIMExt (Version 19.02.13, Professional)
 Portions Copyright (c) 1997-2019 by Todd A. Keith
 AIMExt is a component of the AIMAll package ( http://aim.tkgristmill.com )

 TP:  64-bit Linux

 Licensed To:  Research Group of Fernando Cortes Guzman, UNAM, fercor@unam.mx

 AIMExt is a heavily modified and extended version of the EXTREME program
 developed by members of R.F.W. Bader's research group

 Much of the Quantum Theory of Atoms in Molecules (QTAIM) is described in the book:
   "Atoms in Molecules - A Quantum Theory"
   R.F.W. Bader, Oxford University Press, Oxford, 1990

 For additional references see:  http://aim.tkgristmill.com/references.html

 Wfx File:  /home/scratch/M_H2O_4_cuadrado_plano/Opt/Co2_cuadrado_plano_cc-pvtz-def2-tzv_1.wfx
 ExtOut File:  /home/scratch/M_H2O_4_cuadrado_plano/Opt/Co2_cuadrado_plano_cc-pvtz-def2-tzv_1.extout
 Mgp File:  /home/scratch/M_H2O_4_cuadrado_plano/Opt/Co2_cuadrado_plano_cc-pvtz-def2-tzv_1.mgp

 MgpViz File:  /home/scratch/M_H2O_4_cuadrado_plano/Opt/Co2_cuadrado_plano_cc-pvtz-def2-tzv_1.mgpviz

 Wfx Title:   Co2_cuadrado_plano_cc-pvtz-def2-tzv_1                                         
 Job Title:  Auto                                                                           
 
Nuclear Charges and Cartesian Coordinates:
-------------------------------------------------------------------------------
Atom      Charge                X                  Y                  Z
-------------------------------------------------------------------------------
Co1       27.0           3.6802301122E-04   1.6904982741E-04  -3.2847191437E-04
O2         8.0           2.3226702891E-01  -3.4312489273E+00  -1.5604221749E-03
H3         1.0           1.3592556797E+00  -4.4398278083E+00   1.0645301820E+00
O4         8.0          -3.4311550984E+00  -2.3172411666E-01   3.1242870360E-04
H5         1.0          -4.5802404718E+00   7.2472662705E-01  -1.0901613873E+00
O6         8.0          -2.3168168839E-01   3.4316902251E+00   9.0495233256E-04
H7         1.0           7.6231948637E-01   4.5836161021E+00  -1.0521152287E+00
O8         8.0           3.4317843374E+00   2.3222509197E-01  -9.7504171074E-04
H9         1.0           4.5807022563E+00  -7.4046208393E-01  -1.0771284753E+00
H10        1.0          -1.3778662195E+00   4.4373633980E+00   1.0489955938E+00
H11        1.0           4.4421319501E+00   1.3374178090E+00   1.0862015424E+00
H12        1.0          -7.6500522209E-01  -4.5819268052E+00  -1.0528624642E+00
H13        1.0          -4.4409507162E+00  -1.3330097690E+00   1.0919536419E+00

Total number of electron density critical points found =     25

Electron Density Critical Point Analysis of Molecular Structure:
---------------------------------------------------------------
  NACP = Nuclear Attractor Critical Point
  NNACP = Non-Nuclear Attractor Critical Point
  BCP = Bond Critical Point
  RCP = Ring Critical Point
  CCP = Cage Critical Point
  Rho = Electron Density
  GradRho = Gradient of Electron Density
  HessRho_EigVals = Eigenvalues of the Hessian of Rho, Ascending Order
  HessRho_EigVecs = Eigenvectors of the Hessian of Rho
  DelSqRho = Laplacian of Rho = Trace of Hessian of Rho
  Bond Ellipticity = (HessRho_EigVal(1) / HessRho_EigVal(2)) - 1
  V = Virial Field = Potential Energy Density = Trace of Stress Tensor
  G = Lagrangian Form of Kinetic Energy Density
  K = Hamiltonian Form of Kinetic Energy Density
  L = K - G = Lagrangian Density = (-1/4)DelSqRho
  Vnuc = Electrostatic Potential from Nuclei
  Ven = Electron-nuclear attractive contribution to Virial Field V
  Vrep = V - Ven = Repulsive contribution to Virial Field V
  DelSqV = Laplacian of V
  DelSqVen = Laplacian of Ven
  DelSqVrep = Laplacian of Vrep
  DelSqG = Laplacian of G
  DelSqK = Laplacian of K
  Stress_EigVals = Eigenvalues of Stress Tensor, Ascending Order
  Stress_EigVecs = Eigenvectors of Stress Tensor
  -DivStress = Ehrenfest Force Density = Minus Divergence of Stress Tensor
  ESP = Total Electrostatic Potential
  ESPe = Electrostatic Potential from Electrons
  ESPn = Electrostatic Potential from Nuclei
  BP = Bond Path
  BPL = Bond Path Length
  GBL = Geometric Bond Length
  GBL_I = Distance Between Nuclear Attractors
  GBL_II = Distance Between Nuclei
  GBL_III = Sum of Distances Between BCP and Nuclear Attractors
  GBL_IV = Sum of Distances Between BCP and Nuclei

CP# 1      Coords =  3.68023008373664E-04  1.69049827715719E-04 -3.28471925343564E-04
           Type = (3,-3) NACP Co1
           Rho =  1.3269197284E+04     Rho at Nucleus =  1.3269197284E+04
           GradRho = -7.1326278217E-13  3.9870415997E-12 -6.7320357622E-11
           HessRho_EigVals = -2.9646534634E+09 -2.9646524481E+09 -2.9646524480E+09
           HessRho_EigVec1 =  5.2763233952E-05 -9.6640423049E-05  9.9999999394E-01
           HessRho_EigVec2 =  9.6942141126E-01  2.4540196952E-01 -2.7434058736E-05
           HessRho_EigVec3 = -2.4540196538E-01  9.6942140683E-01  1.0663349683E-04
           DelSqRho = -8.8939583595E+09
           Bond Ellipticity = NA
           V = -2.2240037024E+09
           G =  2.5705629108E+05
           K =  2.2237466462E+09
           L =  2.2234895899E+09
           Vnuc =  2.7000000110E+09
           Ven = -3.5826832814E+13
           Vrep =  3.5824608810E+13
           DelSqV =  7.2918697191E+16
           DelSqVen =  1.0748035978E+30
           DelSqVrep = -1.0748035978E+30
           DelSqG =  4.9688759286E+14
           DelSqK = -7.3415584784E+16
           Stress_EigVals = -7.4133462599E+08 -7.4133462572E+08 -7.4133445074E+08
           Stress_EigVec1 = -8.1876505788E-02  9.9664237997E-01 -4.5193310029E-04
           Stress_EigVec2 =  9.9664244343E-01  8.1876621039E-02  2.4266392930E-04
           Stress_EigVec3 = -2.7885191122E-04  4.3054723473E-04  9.9999986844E-01
           -DivStress =  6.8855660660E+04 -7.4979052614E+03  2.6574479772E+05
           ESP =  -1.2170256345E+02     ESP at Nucleus =  -1.2170256345E+02
           ESPe = -1.3268614101E+02     ESPe at Nucleus = -1.3268614101E+02
           ESPn =  1.0983577555E+01     ESPn at Nucleus =  1.0983577555E+01

CP# 2      Coords =  2.32267225006878E-01 -3.43125266897532E+00 -1.56036501439756E-03
           Type = (3,-3) NACP O2
           Rho =  2.9718030895E+02     Rho at Nucleus =  2.9718030116E+02
           GradRho =  5.1974340630E-12 -2.2939397604E-10  2.4400620413E-14
           HessRho_EigVals = -1.1093710435E+06 -1.1093623637E+06 -1.1093333708E+06
           HessRho_EigVec1 =  7.0032486893E-01  4.7049742535E-02  7.1227199839E-01
           HessRho_EigVec2 = -6.3134608054E-02  9.9799760244E-01 -3.8479599662E-03
           HessRho_EigVec3 =  7.1102679220E-01  4.2274191387E-02 -7.0189300717E-01
           DelSqRho = -3.3280667779E+06
           Bond Ellipticity = NA
           V = -8.3215373992E+05
           G =  6.8522726171E+01
           K =  8.3208521720E+05
           L =  8.3201669447E+05
           Vnuc =  2.1348914615E+06
           Ven = -6.3444770410E+08
           Vrep =  6.3361555036E+08
           DelSqV =  9.3049756968E+10
           DelSqVen =  7.1050613146E+12
           DelSqVrep = -7.0120115576E+12
           DelSqG =  3.1064097778E+09
           DelSqK = -9.6156166746E+10
           Stress_EigVals = -2.7738991876E+05 -2.7738283903E+05 -2.7738098214E+05
           Stress_EigVec1 =  7.1091133659E-01  4.1837448651E-02 -7.0203610975E-01
           Stress_EigVec2 = -6.2800837674E-02  9.9801758148E-01 -4.1184749494E-03
           Stress_EigVec3 =  7.0047207389E-01  4.7016326301E-02  7.1212943961E-01
           -DivStress = -5.9699491338E+03  1.1392834032E+05 -1.7411606691E+03
           ESP =  -2.1909265487E+01     ESP at Nucleus =  -2.1909265558E+01
           ESPe = -3.6232377214E+01     ESPe at Nucleus = -3.6232387345E+01
           ESPn =  1.4323111727E+01     ESPn at Nucleus =  1.4323121787E+01

CP# 3      Coords =  1.32744142323640E+00 -4.41150592683252E+00  1.03428720943201E+00
           Type = (3,-3) NACP H3
           Rho =  3.9831856986E-01     Rho at Nucleus =  3.8888802682E-01
           GradRho =  2.5283594662E-16 -1.6497491307E-15 -3.0661237438E-16
           HessRho_EigVals = -7.8661035002E+00 -7.8440895752E+00 -6.1758854627E+00
           HessRho_EigVec1 =  3.7963609278E-01  8.3905711482E-01  3.8969166675E-01
           HessRho_EigVec2 = -6.9674621142E-01 -1.7801692536E-02  7.1709679724E-01
           HessRho_EigVec3 =  6.0862234098E-01 -5.4375201868E-01  5.7785170091E-01
           DelSqRho = -2.1886078538E+01
           Bond Ellipticity = NA
           V = -5.5249427161E+00
           G =  2.6711540805E-02
           K =  5.4982311753E+00
           L =  5.4715196345E+00
           Vnuc =  3.4257033801E+01
           Ven = -1.3645212711E+01
           Vrep =  8.1202699952E+00
           DelSqV =  1.3266698065E+03
           DelSqVen =  7.4975213226E+02
           DelSqVrep =  5.7691767427E+02
           DelSqG =  1.0234198872E+02
           DelSqK = -1.4290117953E+03
           Stress_EigVals = -1.9888111568E+00 -1.9830078808E+00 -1.5531236785E+00
           Stress_EigVec1 = -7.1398863649E-01 -5.7035767096E-02  6.9783031479E-01
           Stress_EigVec2 = -3.4468989448E-01 -8.3889715280E-01 -4.2123680237E-01
           Stress_EigVec3 =  6.0943342836E-01 -5.4129334773E-01  5.7930338174E-01
           -DivStress =  1.4484574158E+01 -1.2895233108E+01  1.3771069330E+01
           ESP =  -5.9604843459E-01     ESP at Nucleus =  -5.9883863073E-01
           ESPe = -1.5710296739E+01     ESPe at Nucleus = -1.5509783712E+01
           ESPn =  1.5114248304E+01     ESPn at Nucleus =  1.4910945081E+01

CP# 4      Coords = -3.43115883659561E+00 -2.31724364846882E-01  3.12432880228124E-04
           Type = (3,-3) NACP O4
           Rho =  2.9717870884E+02     Rho at Nucleus =  2.9717870106E+02
           GradRho = -1.3149879796E-10 -9.1323433191E-12  1.7878927505E-14
           HessRho_EigVals = -1.1093654823E+06 -1.1093567793E+06 -1.1093277623E+06
           HessRho_EigVec1 =  4.5769109404E-02 -6.7801321953E-01  7.3362337938E-01
           HessRho_EigVec2 =  9.9775026217E-01  6.7039768835E-02 -2.8937382475E-04
           HessRho_EigVec3 = -4.8985742487E-02  7.3198616349E-01  6.7955621805E-01
           DelSqRho = -3.3280500240E+06
           Bond Ellipticity = NA
           V = -8.3214956203E+05
           G =  6.8528012336E+01
           K =  8.3208103402E+05
           L =  8.3201250601E+05
           Vnuc =  2.1353971622E+06
           Ven = -6.3459457153E+08
           Vrep =  6.3376242196E+08
           DelSqV =  9.3049293564E+10
           DelSqVen =  7.1067086193E+12
           DelSqVrep = -7.0136593257E+12
           DelSqG =  3.1063952918E+09
           DelSqK = -9.6155688856E+10
           Stress_EigVals = -2.7738853173E+05 -2.7738144668E+05 -2.7737958362E+05
           Stress_EigVec1 = -4.8940370278E-02  7.3186098135E-01  6.7969430198E-01
           Stress_EigVec2 =  9.9775103910E-01  6.7028012790E-02 -3.3085744355E-04
           Stress_EigVec3 =  4.5800700019E-02 -6.7814950379E-01  7.3349543038E-01
           -DivStress =  1.1381988464E+05  7.5567944575E+03 -1.2719336923E+02
           ESP =  -2.1908881327E+01     ESP at Nucleus =  -2.1908881399E+01
           ESPe = -3.6232666063E+01     ESPe at Nucleus = -3.6232676193E+01
           ESPn =  1.4323784735E+01     ESPn at Nucleus =  1.4323794795E+01

CP# 5      Coords = -4.54795702002270E+00  6.97726461776894E-01 -1.05921141076774E+00
           Type = (3,-3) NACP H5
           Rho =  3.9821853700E-01     Rho at Nucleus =  3.8878937505E-01
           GradRho =  2.1701932786E-15 -2.5158911413E-16 -4.5067573805E-16
           HessRho_EigVals = -7.8642177192E+00 -7.8422461793E+00 -6.1744386631E+00
           HessRho_EigVec1 = -7.8179556506E-01 -4.7358592747E-01  4.0560086755E-01
           HessRho_EigVec2 = -7.0578827399E-02  7.1351746252E-01  6.9707349670E-01
           HessRho_EigVec3 =  6.1952750026E-01 -5.1634213461E-01  5.9124992723E-01
           DelSqRho = -2.1880902562E+01
           Bond Ellipticity = NA
           V = -5.5236393593E+00
           G =  2.6706859435E-02
           K =  5.4969324998E+00
           L =  5.4702256404E+00
           Vnuc =  3.4253966428E+01
           Ven = -1.3640564397E+01
           Vrep =  8.1169250379E+00
           DelSqV =  1.3263518544E+03
           DelSqVen =  7.4950770176E+02
           DelSqVrep =  5.7684415267E+02
           DelSqG =  1.0231922832E+02
           DelSqK = -1.4286710827E+03
           Stress_EigVals = -1.9883513310E+00 -1.9825370945E+00 -1.5527509338E+00
           Stress_EigVec1 = -3.2543445884E-02  7.3598394105E-01  6.7621635786E-01
           Stress_EigVec2 = -7.8613780333E-01 -4.3664818032E-01  4.3740795694E-01
           Stress_EigVec3 =  6.1719387416E-01 -5.1736447997E-01  5.9279483514E-01
           -DivStress = -1.4695455532E+01  1.2289578988E+01 -1.4089830236E+01
           ESP =  -5.9563325543E-01     ESP at Nucleus =  -5.9842237395E-01
           ESPe = -1.5707578597E+01     ESPe at Nucleus = -1.5506986720E+01
           ESPn =  1.5111945341E+01     ESPn at Nucleus =  1.4908564346E+01

CP# 6      Coords = -2.31681962957279E-01  3.43169396086929E+00  9.04932641716305E-04
           Type = (3,-3) NACP O6
           Rho =  2.9718043243E+02     Rho at Nucleus =  2.9718042465E+02
           GradRho = -1.1882477641E-11 -6.4537482997E-11 -3.9794556539E-14
           HessRho_EigVals = -1.1093714350E+06 -1.1093627624E+06 -1.1093337769E+06
           HessRho_EigVec1 = -7.0577352897E-01 -4.7931515192E-02  7.0681418750E-01
           HessRho_EigVec2 = -6.9056547935E-02  9.9761189570E-01 -1.3033606526E-03
           HessRho_EigVec3 =  7.0506376945E-01  4.9730025268E-02  7.0739805315E-01
           DelSqRho = -3.3280679743E+06
           Bond Ellipticity = NA
           V = -8.3215403724E+05
           G =  6.8521837094E+01
           K =  8.3208551540E+05
           L =  8.3201699357E+05
           Vnuc =  2.1356762466E+06
           Ven = -6.3468119049E+08
           Vrep =  6.3384903646E+08
           DelSqV =  9.3049789852E+10
           DelSqVen =  7.1076757012E+12
           DelSqVrep = -7.0146259114E+12
           DelSqG =  3.1064107099E+09
           DelSqK = -9.6156200562E+10
           Stress_EigVals = -2.7739001605E+05 -2.7738293820E+05 -2.7738108299E+05
           Stress_EigVec1 =  7.0490510468E-01  4.9875242459E-02  7.0754593744E-01
           Stress_EigVec2 = -6.9129776205E-02  9.9760662164E-01 -1.4499977267E-03
           Stress_EigVec3 =  7.0592483129E-01  4.7890381511E-02 -7.0666586441E-01
           -DivStress =  8.3601902267E+03 -1.1374759487E+05  5.9980688303E+02
           ESP =  -2.1909359893E+01     ESP at Nucleus =  -2.1909359964E+01
           ESPe = -3.6231797506E+01     ESPe at Nucleus = -3.6231807635E+01
           ESPn =  1.4322437613E+01     ESPn at Nucleus =  1.4322447671E+01

CP# 7      Coords =  7.34241926068092E-01  4.55124637424340E+00 -1.02222736549411E+00
           Type = (3,-3) NACP H7
           Rho =  3.9831614939E-01     Rho at Nucleus =  3.8888411962E-01
           GradRho =  4.8084366350E-16 -1.2661041920E-15 -4.6056908287E-16
           HessRho_EigVals = -7.8660161476E+00 -7.8440062995E+00 -6.1755306854E+00
           HessRho_EigVec1 =  4.8944858985E-01 -7.8051255307E-01 -3.8889617175E-01
           HessRho_EigVec2 =  6.8718950514E-01  7.0670605566E-02  7.2303267529E-01
           HessRho_EigVec3 =  5.3685255138E-01  6.2113269115E-01 -5.7094966334E-01
           DelSqRho = -2.1885553132E+01
           Bond Ellipticity = NA
           V = -5.5248029379E+00
           G =  2.6707327391E-02
           K =  5.4980956105E+00
           L =  5.4713882831E+00
           Vnuc =  3.4255961894E+01
           Ven = -1.3644702836E+01
           Vrep =  8.1198998977E+00
           DelSqV =  1.3266124419E+03
           DelSqVen =  7.4971067414E+02
           DelSqVrep =  5.7690176778E+02
           DelSqG =  1.0233799099E+02
           DelSqK = -1.4289504329E+03
           Stress_EigVals = -1.9887839240E+00 -1.9829822390E+00 -1.5530367749E+00
           Stress_EigVec1 = -7.0914455543E-01 -3.4915720290E-02 -7.0419804884E-01
           Stress_EigVec2 =  4.5574901323E-01 -7.8476708950E-01 -4.2003982213E-01
           Stress_EigVec3 =  5.3796546028E-01  6.1880651880E-01 -5.7242611387E-01
           -DivStress =  1.2782815368E+01  1.4737807843E+01 -1.3609126990E+01
           ESP =  -5.9619108504E-01     ESP at Nucleus =  -5.9898207413E-01
           ESPe = -1.5711190248E+01     ESPe at Nucleus = -1.5510706164E+01
           ESPn =  1.5114999163E+01     ESPn at Nucleus =  1.4911724090E+01

CP# 8      Coords =  3.43178807593788E+00  2.32225297845381E-01 -9.74998626261038E-04
           Type = (3,-3) NACP O8
           Rho =  2.9717871187E+02     Rho at Nucleus =  2.9717870410E+02
           GradRho = -3.5001326490E-11 -4.7357690686E-13  3.3219954565E-16
           HessRho_EigVals = -1.1093652622E+06 -1.1093565692E+06 -1.1093275607E+06
           HessRho_EigVec1 = -4.5693659326E-02  6.8478118122E-01  7.2731480347E-01
           HessRho_EigVec2 =  9.9796469013E-01  6.3711246441E-02  2.7118875699E-03
           HessRho_EigVec3 = -4.4481083111E-02  7.2595840854E-01 -6.8629863931E-01
           DelSqRho = -3.3280493922E+06
           Bond Ellipticity = NA
           V = -8.3214940165E+05
           G =  6.8526804492E+01
           K =  8.3208087484E+05
           L =  8.3201234804E+05
           Vnuc =  2.1364960143E+06
           Ven = -6.3492113344E+08
           Vrep =  6.3408898404E+08
           DelSqV =  9.3049274786E+10
           DelSqVen =  7.1103642092E+12
           DelSqVrep = -7.0173149344E+12
           DelSqG =  3.1063940604E+09
           DelSqK = -9.6155668846E+10
           Stress_EigVals = -2.7738847592E+05 -2.7738139323E+05 -2.7737953250E+05
           Stress_EigVec1 = -4.4132978481E-02  7.2584807489E-01 -6.8643779936E-01
           Stress_EigVec2 =  9.9797892217E-01  6.3476911555E-02  2.9584789141E-03
           Stress_EigVec3 = -4.5720357702E-02  6.8491988866E-01  7.2718250461E-01
           -DivStress = -1.1383174738E+05 -6.2678186520E+03 -1.3123808840E+03
           ESP =  -2.1909041660E+01     ESP at Nucleus =  -2.1909041731E+01
           ESPe = -3.6232167672E+01     ESPe at Nucleus = -3.6232177796E+01
           ESPn =  1.4323126012E+01     ESPn at Nucleus =  1.4323136065E+01

CP# 9      Coords =  4.54842449253606E+00 -7.13007988169773E-01 -1.04656793393587E+00
           Type = (3,-3) NACP H9
           Rho =  3.9823029733E-01     Rho at Nucleus =  3.8879975804E-01
           GradRho = -2.1174197378E-15  7.9309388917E-17  4.0738896631E-17
           HessRho_EigVals = -7.8643682613E+00 -7.8424194650E+00 -6.1743256774E+00
           HessRho_EigVec1 =  7.8237521808E-01  4.7444206787E-01  4.0347706547E-01
           HessRho_EigVec2 = -6.5096395609E-02  7.0658186773E-01 -7.0463077103E-01
           HessRho_EigVec3 =  6.1939605860E-01 -5.2502075048E-01 -5.8369661140E-01
           DelSqRho = -2.1881113404E+01
           Bond Ellipticity = NA
           V = -5.5236834615E+00
           G =  2.6702555312E-02
           K =  5.4969809062E+00
           L =  5.4702783509E+00
           Vnuc =  3.4254817580E+01
           Ven = -1.3641306190E+01
           Vrep =  8.1176227284E+00
           DelSqV =  1.3263430541E+03
           DelSqVen =  7.4953354809E+02
           DelSqVrep =  5.7680950603E+02
           DelSqG =  1.0231837304E+02
           DelSqK = -1.4286614272E+03
           Stress_EigVals = -1.9883879387E+00 -1.9825713327E+00 -1.5527241901E+00
           Stress_EigVec1 = -2.6955084104E-02  7.2918474421E-01 -6.8378580875E-01
           Stress_EigVec2 =  7.8645241009E-01  4.3771446675E-01  4.3577362503E-01
           Stress_EigVec3 =  6.1706241995E-01 -5.2601868256E-01 -5.8526772975E-01
           -DivStress =  1.4693015343E+01 -1.2496195238E+01 -1.3912758233E+01
           ESP =  -5.9584105146E-01     ESP at Nucleus =  -5.9863041626E-01
           ESPe = -1.5710029194E+01     ESPe at Nucleus = -1.5509487736E+01
           ESPn =  1.5114188143E+01     ESPn at Nucleus =  1.4910857320E+01

CP# 10     Coords = -1.34552402555549E+00  4.40912301586856E+00  1.01923624673458E+00
           Type = (3,-3) NACP H10
           Rho =  3.9836301579E-01     Rho at Nucleus =  3.8893086883E-01
           GradRho =  4.8854149892E-16  1.7908851485E-15 -4.0982842120E-16
           HessRho_EigVals = -7.8668750332E+00 -7.8448767929E+00 -6.1763106530E+00
           HessRho_EigVec1 = -3.7745978729E-01 -8.3983122986E-01  3.9013794271E-01
           HessRho_EigVec2 =  6.8893873018E-01  2.6837590409E-02  7.2432255922E-01
           HessRho_EigVec3 =  6.1877906803E-01 -5.4218377797E-01 -5.6846214990E-01
           DelSqRho = -2.1888062479E+01
           Bond Ellipticity = NA
           V = -5.5254410700E+00
           G =  2.6712725116E-02
           K =  5.4987283449E+00
           L =  5.4720156198E+00
           Vnuc =  3.4259074889E+01
           Ven = -1.3647548391E+01
           Vrep =  8.1221073211E+00
           DelSqV =  1.3267757004E+03
           DelSqVen =  7.4986477165E+02
           DelSqVrep =  5.7691092878E+02
           DelSqG =  1.0234937507E+02
           DelSqK = -1.4291250755E+03
           Stress_EigVals = -1.9890062463E+00 -1.9832010839E+00 -1.5532337399E+00
           Stress_EigVec1 =  7.0627736566E-01  6.6386167474E-02  7.0481569188E-01
           Stress_EigVec2 = -3.4257382184E-01 -8.3921455599E-01  4.2232938047E-01
           Stress_EigVec3 =  6.1952841690E-01 -5.3973308754E-01 -5.6997608272E-01
           -DivStress = -1.4726060632E+01  1.2859349482E+01  1.3552280397E+01
           ESP =  -5.9617686030E-01     ESP at Nucleus =  -5.9896871983E-01
           ESPe = -1.5713315517E+01     ESPe at Nucleus = -1.5512866528E+01
           ESPn =  1.5117138657E+01     ESPn at Nucleus =  1.4913897808E+01

CP# 11     Coords =  4.41375943895832E+00  1.30622243777419E+00  1.05535302100514E+00
           Type = (3,-3) NACP H11
           Rho =  3.9821789463E-01     Rho at Nucleus =  3.8878689288E-01
           GradRho =  2.1172672719E-15 -9.0430592702E-16 -4.6016250706E-16
           HessRho_EigVals = -7.8640573504E+00 -7.8420761485E+00 -6.1739872963E+00
           HessRho_EigVec1 =  8.3842878976E-01 -3.7071619265E-01 -3.9950803372E-01
           HessRho_EigVec2 = -1.9932122521E-02  7.1167993923E-01 -7.0222102972E-01
           HessRho_EigVec3 = -5.4464655970E-01 -5.9672537117E-01 -5.8930378957E-01
           DelSqRho = -2.1880120795E+01
           Bond Ellipticity = NA
           V = -5.5234417416E+00
           G =  2.6705771416E-02
           K =  5.4967359702E+00
           L =  5.4700301988E+00
           Vnuc =  3.4250787892E+01
           Ven = -1.3639276644E+01
           Vrep =  8.1158349020E+00
           DelSqV =  1.3262702180E+03
           DelSqVen =  7.4941137641E+02
           DelSqVrep =  5.7685884164E+02
           DelSqG =  1.0231256928E+02
           DelSqK = -1.4285827873E+03
           Stress_EigVals = -1.9883092409E+00 -1.9824967600E+00 -1.5526357408E+00
           Stress_EigVec1 =  5.9752993948E-02 -7.2874868120E-01  6.8216928937E-01
           Stress_EigVec2 =  8.3812439776E-01 -3.3456831272E-01 -4.3082657533E-01
           Stress_EigVec3 =  5.4219652673E-01  5.9748590257E-01  5.9079059118E-01
           -DivStress =  1.2914801206E+01  1.4198845871E+01  1.4042952278E+01
           ESP =  -5.9579412980E-01     ESP at Nucleus =  -5.9858366811E-01
           ESPe = -1.5706842201E+01     ESPe at Nucleus = -1.5506231092E+01
           ESPn =  1.5111048071E+01     ESPn at Nucleus =  1.4907647424E+01

CP# 12     Coords = -7.36857041876096E-01 -4.54959678217332E+00 -1.02300468637907E+00
           Type = (3,-3) NACP H12
           Rho =  3.9832147634E-01     Rho at Nucleus =  3.8889049864E-01
           GradRho = -2.6779793660E-16  2.8011447328E-15 -3.4520997172E-16
           HessRho_EigVals = -7.8661810151E+00 -7.8441984167E+00 -6.1758470714E+00
           HessRho_EigVec1 =  4.8233909544E-01 -7.8177628937E-01  3.9518961320E-01
           HessRho_EigVec2 = -6.9104499130E-01 -6.2338342278E-02  7.2011856737E-01
           HessRho_EigVec3 =  5.3833615614E-01  6.2043514122E-01  5.7031080872E-01
           DelSqRho = -2.1886226503E+01
           Bond Ellipticity = NA
           V = -5.5249720925E+00
           G =  2.6707733330E-02
           K =  5.4982643591E+00
           L =  5.4715566258E+00
           Vnuc =  3.4259053241E+01
           Ven = -1.3646116665E+01
           Vrep =  8.1211445722E+00
           DelSqV =  1.3266737387E+03
           DelSqVen =  7.4980139901E+02
           DelSqVrep =  5.7687233969E+02
           DelSqG =  1.0234264188E+02
           DelSqK = -1.4290163806E+03
           Stress_EigVals = -1.9888313922E+00 -1.9830240718E+00 -1.5531166284E+00
           Stress_EigVec1 = -7.1392145684E-01 -2.4474919646E-02  6.9979792210E-01
           Stress_EigVec2 = -4.4654448435E-01  7.8571504288E-01 -4.2807697309E-01
           Stress_EigVec3 =  5.3936460485E-01  6.1810423854E-01  5.7186796844E-01
           -DivStress = -1.2815168602E+01 -1.4720231047E+01 -1.3596095930E+01
           ESP =  -5.9608215740E-01     ESP at Nucleus =  -5.9887284931E-01
           ESPe = -1.5712785027E+01     ESPe at Nucleus = -1.5512327757E+01
           ESPn =  1.5116702870E+01     ESPn at Nucleus =  1.4913454908E+01

CP# 13     Coords = -4.41259481727351E+00 -1.30193885707317E+00  1.06097168274197E+00
           Type = (3,-3) NACP H13
           Rho =  3.9822912592E-01     Rho at Nucleus =  3.8879914218E-01
           GradRho = -2.8665763339E-15 -3.4661943454E-16 -8.3597408509E-16
           HessRho_EigVals = -7.8643559256E+00 -7.8423925009E+00 -6.1744438658E+00
           HessRho_EigVec1 =  8.3849368398E-01 -3.6517257096E-01  4.0444694998E-01
           HessRho_EigVec2 = -2.4293952819E-02  7.1643513628E-01  6.9723059267E-01
           HessRho_EigVec3 = -5.4436949381E-01 -5.9444906335E-01  5.9185485154E-01
           DelSqRho = -2.1881192292E+01
           Bond Ellipticity = NA
           V = -5.5237165108E+00
           G =  2.6709218865E-02
           K =  5.4970072919E+00
           L =  5.4702980731E+00
           Vnuc =  3.4253138698E+01
           Ven = -1.3640597484E+01
           Vrep =  8.1168809731E+00
           DelSqV =  1.3263583369E+03
           DelSqVen =  7.4949951447E+02
           DelSqVrep =  5.7685882247E+02
           DelSqG =  1.0231946177E+02
           DelSqK = -1.4286777987E+03
           Stress_EigVals = -1.9883918421E+00 -1.9825739232E+00 -1.5527507455E+00
           Stress_EigVec1 =  6.6149310080E-02 -7.3406857105E-01 -6.7584584172E-01
           Stress_EigVec2 =  8.3782197513E-01 -3.2700301117E-01  4.3717658751E-01
           Stress_EigVec3 = -5.4192121822E-01 -5.9515742764E-01  5.9338775650E-01
           -DivStress = -1.2907908292E+01 -1.4142806607E+01  1.4104527958E+01
           ESP =  -5.9561234711E-01     ESP at Nucleus =  -5.9840218074E-01
           ESPe = -1.5707463354E+01     ESPe at Nucleus = -1.5506854282E+01
           ESPn =  1.5111851007E+01     ESPn at Nucleus =  1.4908452102E+01

CP# 14     Coords =  1.10497088998880E-01 -1.63541751789077E+00 -1.33673954672598E-03
           Type = (3,-1) BCP Co1 O2
           Rho =  1.1073722267E-01
           GradRho = -6.5052130349E-18  3.9898639947E-17  2.6020852140E-18
           HessRho_EigVals = -9.5186263643E-02 -8.4710203078E-02  9.7837449963E-01
           HessRho_EigVec1 =  2.6677132977E-01  1.8377052378E-02  9.6358463124E-01
           HessRho_EigVec2 =  9.6140368553E-01  6.4795378737E-02 -2.6740327663E-01
           HessRho_EigVec3 = -6.7349915147E-02  9.9772934348E-01 -3.8221653613E-04
           DelSqRho =  7.9847803291E-01
           Bond Ellipticity =  1.2366940680E-01
           V = -2.4614479513E-01
           G =  2.2288215168E-01
           K =  2.3262643450E-02
           L = -1.9961950823E-01
           Vnuc =  2.8420274679E+01
           Ven = -3.1471822854E+00
           Vrep =  2.9010374903E+00
           DelSqV = -3.5737328711E+00
           DelSqVen = -2.2692965020E+01
           DelSqVrep =  1.9119232149E+01
           DelSqG =  3.5747264560E+00
           DelSqK = -9.9358488820E-04
           Stress_EigVals = -1.3066959801E-01 -1.2652322017E-01  1.1048023051E-02
           Stress_EigVec1 = -9.8063358364E-02 -6.7488819628E-03  9.9515728925E-01
           Stress_EigVec2 =  9.9291647234E-01  6.6745288758E-02  9.8295195127E-02
           Stress_EigVec3 = -6.7085443300E-02  9.9774722201E-01  1.5580890020E-04
           -DivStress = -6.3816578816E-03  9.4977044655E-02  7.4612720122E-05
           ESP =   1.0144395416E+00
           ESPe = -2.7405835137E+01
           ESPn =  2.8420274679E+01
           BPL =  3.4399594003E+00 =  1.6400000000E+00 +  1.7999594003E+00
           GBL_I =  3.4399511416E+00
           GBL_II =  3.4392452661E+00
           GBL_III =  3.4399513415E+00 =  1.6399924793E+00 +  1.7999588623E+00
           GBL_IV =  3.4392454649E+00 =  1.6392903490E+00 +  1.7999551159E+00
             67 sample points along path from BCP to atom Co1     
             1.1049708900E-01  -1.6354175179E+00  -1.3367395467E-03   1.1073722267E-01
             1.0881342283E-01  -1.6104742788E+00  -1.3462750592E-03   1.1105025938E-01
             1.0712991947E-01  -1.5855310287E+00  -1.3557459621E-03   1.1202128025E-01
             1.0544658056E-01  -1.5605877674E+00  -1.3651120910E-03   1.1370466822E-01
             1.0376340219E-01  -1.5356444952E+00  -1.3743361855E-03   1.1616420991E-01
             1.0208038009E-01  -1.5107012125E+00  -1.3833828267E-03   1.1947408229E-01
             1.0039750963E-01  -1.4857579194E+00  -1.3922188073E-03   1.2371995928E-01
             9.8714785831E-02  -1.4608146164E+00  -1.4008134138E-03   1.2900024700E-01
             9.7032203431E-02  -1.4358713037E+00  -1.4091386282E-03   1.3542745674E-01
             9.5349756913E-02  -1.4109279818E+00  -1.4171692539E-03   1.4312972459E-01
             9.3667440560E-02  -1.3859846510E+00  -1.4248829719E-03   1.5225248565E-01
             9.1985248499E-02  -1.3610413117E+00  -1.4322603429E-03   1.6296030905E-01
             9.0303174747E-02  -1.3360979643E+00  -1.4392847718E-03   1.7543889707E-01
             8.8621213245E-02  -1.3111546092E+00  -1.4459424570E-03   1.8989724649E-01
             8.6939357891E-02  -1.2862112469E+00  -1.4522223513E-03   2.0656996264E-01
             8.5257602561E-02  -1.2612678778E+00  -1.4581161608E-03   2.2571970543E-01
             8.3575941109E-02  -1.2363245022E+00  -1.4636184123E-03   2.4763973051E-01
             8.1894367365E-02  -1.2113811206E+00  -1.4687266185E-03   2.7265646648E-01
             8.0212875102E-02  -1.1864377335E+00  -1.4734415705E-03   3.0113203880E-01
             7.8531457990E-02  -1.1614943413E+00  -1.4777677845E-03   3.3346661152E-01
             7.6850109527E-02  -1.1365509443E+00  -1.4817141303E-03   3.7010036623E-01
             7.5168822940E-02  -1.1116075431E+00  -1.4852946649E-03   4.1151487289E-01
             7.3487591058E-02  -1.0866641382E+00  -1.4885296962E-03   4.5823352716E-01
             7.1806406162E-02  -1.0617207301E+00  -1.4914471053E-03   5.1082063218E-01
             7.0125259780E-02  -1.0367773193E+00  -1.4940839614E-03   5.6987858983E-01
             6.8444142456E-02  -1.0118339066E+00  -1.4964884795E-03   6.3604253766E-01
             6.6763043447E-02  -9.8689049260E-01  -1.4987223974E-03   7.0997162691E-01
             6.5081950364E-02  -9.6194707821E-01  -1.5008638906E-03   7.9233599133E-01
             6.3400848700E-02  -9.3700366440E-01  -1.5030112061E-03   8.8379831936E-01
             6.1719721239E-02  -9.1206025234E-01  -1.5052872981E-03   9.8498883651E-01
             6.0038547269E-02  -8.8711684344E-01  -1.5078458875E-03   1.0964724710E+00
             5.8357301525E-02  -8.6217343943E-01  -1.5108795862E-03   1.2187070753E+00
             5.6675952730E-02  -8.3723004247E-01  -1.5146310494E-03   1.3519919115E+00
             5.4994461548E-02  -8.1228665528E-01  -1.5194086041E-03   1.4964063287E+00
             5.3312777644E-02  -7.8734328140E-01  -1.5256085522E-03   1.6517398874E+00
             5.1630835391E-02  -7.6239992550E-01  -1.5337474924E-03   1.8174174301E+00
             4.9948547494E-02  -7.3745659391E-01  -1.5445097684E-03   1.9924261819E+00
             4.8265795408E-02  -7.1251329542E-01  -1.5588177737E-03   2.1752574437E+00
             4.6582414763E-02  -6.8757004260E-01  -1.5779364531E-03   2.3638835527E+00
             4.4898173260E-02  -6.6262685384E-01  -1.6036270770E-03   2.5558024964E+00
             4.3212737884E-02  -6.3768375677E-01  -1.6383645168E-03   2.7481992908E+00
             4.1525630105E-02  -6.1274079348E-01  -1.6856084125E-03   2.9382971467E+00
             3.9836179553E-02  -5.8779802748E-01  -1.7500117235E-03   3.1240061067E+00
             3.8143531340E-02  -5.6285554759E-01  -1.8371022083E-03   3.3050277901E+00
             3.6446880288E-02  -5.3791344865E-01  -1.9511672547E-03   3.4846495477E+00
             3.4746241489E-02  -5.1297174321E-01  -2.0894687813E-03   3.6725664656E+00
             3.3043660873E-02  -4.8803020844E-01  -2.2345781910E-03   3.8892045799E+00
             3.1343290502E-02  -4.6308840064E-01  -2.3563900682E-03   4.1721634698E+00
             2.9649039414E-02  -4.3814598970E-01  -2.4298300021E-03   4.5854982708E+00
             2.7962352751E-02  -4.1320296434E-01  -2.4482226654E-03   5.2325395289E+00
             2.6282500093E-02  -3.8825948640E-01  -2.4189801359E-03   6.2727397368E+00
             2.4607946151E-02  -3.6331571894E-01  -2.3537403652E-03   7.9425997519E+00
             2.2937222207E-02  -3.3837177400E-01  -2.2628857654E-03   1.0579869907E+01
             2.1269193463E-02  -3.1342771975E-01  -2.1541709028E-03   1.4648020971E+01
             1.9603052025E-02  -2.8848359653E-01  -2.0330076270E-03   2.0752260276E+01
             1.7938239977E-02  -2.6353942854E-01  -1.9030863050E-03   2.9627301068E+01
             1.6274375688E-02  -2.3859523063E-01  -1.7669100797E-03   4.2064947329E+01
             1.4611198685E-02  -2.1365101216E-01  -1.6261764702E-03   5.8749283089E+01
             1.2948530664E-02  -1.8870677919E-01  -1.4820390785E-03   7.9989374839E+01
             1.1286250263E-02  -1.6376253571E-01  -1.3352712254E-03   1.0545846163E+02
             9.6242904741E-03  -1.3881828410E-01  -1.1862722977E-03   1.3480469045E+02
             7.9626631164E-03  -1.1387402457E-01  -1.0349101779E-03   1.7294636859E+02
             6.3013668210E-03  -8.8929757015E-02  -8.8125281563E-04   2.5404736991E+02
             4.6402306526E-03  -6.3985485029E-02  -7.2658624794E-04   5.3728077819E+02
             2.9791278666E-03  -3.9041211709E-02  -5.7177649736E-04   1.6722946912E+03
             1.3180289141E-03  -1.4096938001E-02  -4.1698812091E-04   6.1887118180E+03
             3.2136995951E-04   8.6962631424E-04  -3.2412517741E-04   1.2862624692E+04
             73 sample points along path from BCP to atom O2      
             1.1049708900E-01  -1.6354175179E+00  -1.3367395467E-03   1.1073722267E-01
             1.1218091948E-01  -1.6603607459E+00  -1.3271768069E-03   1.1103631527E-01
             1.1386491797E-01  -1.6853039626E+00  -1.3176242757E-03   1.1190943815E-01
             1.1554909165E-01  -1.7102471674E+00  -1.3081218183E-03   1.1332557119E-01
             1.1723344191E-01  -1.7351903604E+00  -1.2987089626E-03   1.1526018470E-01
             1.1891796969E-01  -1.7601335414E+00  -1.2894241057E-03   1.1769473217E-01
             1.2060267538E-01  -1.7850767105E+00  -1.2803040057E-03   1.2061621790E-01
             1.2228755883E-01  -1.8100198676E+00  -1.2713833120E-03   1.2401683269E-01
             1.2397261933E-01  -1.8349630129E+00  -1.2626941450E-03   1.2789365116E-01
             1.2565785555E-01  -1.8599061464E+00  -1.2542657361E-03   1.3224838396E-01
             1.2734326556E-01  -1.8848492682E+00  -1.2461241319E-03   1.3708717768E-01
             1.2902884679E-01  -1.9097923786E+00  -1.2382919650E-03   1.4242045511E-01
             1.3071459597E-01  -1.9347354777E+00  -1.2307882923E-03   1.4826278765E-01
             1.3240050912E-01  -1.9596785658E+00  -1.2236284964E-03   1.5463279092E-01
             1.3408658151E-01  -1.9846216433E+00  -1.2168242483E-03   1.6155303385E-01
             1.3577280763E-01  -2.0095647105E+00  -1.2103835254E-03   1.6904995020E-01
             1.3745918116E-01  -2.0345077678E+00  -1.2043106783E-03   1.7715374055E-01
             1.3914569494E-01  -2.0594508157E+00  -1.1986065400E-03   1.8589825106E-01
             1.4083234092E-01  -2.0843938547E+00  -1.1932685703E-03   1.9532081428E-01
             1.4251911020E-01  -2.1093368855E+00  -1.1882910272E-03   2.0546203578E-01
             1.4420599296E-01  -2.1342799087E+00  -1.1836651573E-03   2.1636550912E-01
             1.4589297846E-01  -2.1592229250E+00  -1.1793793972E-03   2.2807744085E-01
             1.4758005503E-01  -2.1841659352E+00  -1.1754195772E-03   2.4064616704E-01
             1.4926721006E-01  -2.2091089401E+00  -1.1717691194E-03   2.5412154339E-01
             1.5095442993E-01  -2.2340519407E+00  -1.1684092208E-03   2.6855419280E-01
             1.5264170002E-01  -2.2589949379E+00  -1.1653190146E-03   2.8399459810E-01
             1.5432900459E-01  -2.2839379328E+00  -1.1624757005E-03   3.0049203334E-01
             1.5601632674E-01  -2.3088809265E+00  -1.1598546377E-03   3.1809333553E-01
             1.5770364828E-01  -2.3338239203E+00  -1.1574293903E-03   3.3684153033E-01
             1.5939094955E-01  -2.3587669155E+00  -1.1551717213E-03   3.5677433984E-01
             1.6107820920E-01  -2.3837099136E+00  -1.1530515236E-03   3.7792261877E-01
             1.6276540397E-01  -2.4086529160E+00  -1.1510366841E-03   4.0030878574E-01
             1.6445250829E-01  -2.4335959245E+00  -1.1490928712E-03   4.2394533944E-01
             1.6613949389E-01  -2.4585389411E+00  -1.1471832400E-03   4.4883357209E-01
             1.6782632927E-01  -2.4834819678E+00  -1.1452680494E-03   4.7496261483E-01
             1.6951297911E-01  -2.5084250071E+00  -1.1433041908E-03   5.0230896778E-01
             1.7119940349E-01  -2.5333680616E+00  -1.1412446301E-03   5.3083667941E-01
             1.7288555713E-01  -2.5583111344E+00  -1.1390377815E-03   5.6049834475E-01
             1.7457138843E-01  -2.5832542290E+00  -1.1366268464E-03   5.9123708680E-01
             1.7625683859E-01  -2.6081973493E+00  -1.1339491852E-03   6.2298967403E-01
             1.7794184071E-01  -2.6331404999E+00  -1.1309358417E-03   6.5569091577E-01
             1.7962631924E-01  -2.6580836857E+00  -1.1275114289E-03   6.8927948491E-01
             1.8131018998E-01  -2.6830269125E+00  -1.1235947329E-03   7.2370538270E-01
             1.8299336130E-01  -2.7079701864E+00  -1.1191006528E-03   7.5893945469E-01
             1.8467573761E-01  -2.7329135139E+00  -1.1139445507E-03   7.9498581689E-01
             1.8635722682E-01  -2.7578569010E+00  -1.1080508768E-03   8.3189896043E-01
             1.8803775496E-01  -2.7828003526E+00  -1.1013692230E-03   8.6980898064E-01
             1.8971729290E-01  -2.8077438707E+00  -1.0939027518E-03   9.0896125728E-01
             1.9139590165E-01  -2.8326874512E+00  -1.0857555095E-03   9.4978155362E-01
             1.9307380214E-01  -2.8576310792E+00  -1.0772036177E-03   9.9298453287E-01
             1.9475146494E-01  -2.8825747232E+00  -1.0687840499E-03   1.0397536715E+00
             1.9642968739E-01  -2.9075183299E+00  -1.0613652627E-03   1.0920336872E+00
             1.9810958438E-01  -2.9324618244E+00  -1.0561230282E-03   1.1529923598E+00
             1.9979241179E-01  -2.9574051218E+00  -1.0543429623E-03   1.2277255415E+00
             2.0147923911E-01  -2.9823481489E+00  -1.0570770651E-03   1.3242958572E+00
             2.0317064519E-01  -3.0072908649E+00  -1.0648409374E-03   1.4552150568E+00
             2.0486663108E-01  -3.0322332679E+00  -1.0775458584E-03   1.6395189818E+00
             2.0656676463E-01  -3.0571753859E+00  -1.0946673365E-03   1.9056862836E+00
