AIMSum (Version 16.05.18, Professional)
Copyright (c) 1997-2016 by Todd A. Keith
AIMSum is a component of the AIMAll package ( http://aim.tkgristmill.com )

TP:  64-bit Linux

Licensed To:  Research Group of Fernando Cortes Guzman, UNAM, fercor@unam.mx

Much of the Quantum Theory of Atoms in Molecules (QTAIM) is described in the book:
  "Atoms in Molecules - A Quantum Theory"
  R.F.W. Bader, Oxford University Press, Oxford, 1990

For additional references see:  http://aim.tkgristmill.com/references.html

Wfx File:  /home/lillian/David/max_int/Zn21_alpha.wfx
Sum File:  /home/lillian/David/max_int/Zn21_alpha.sum

SumViz File:  /home/lillian/David/max_int/Zn21_alpha.sumviz

Wfx Title:   Zn[H2O]6 (2+)                                                                 
 
Total memory allocated for AIMSum =        1.205 Megabytes

Atomic units (a.u.) used throughout, except where stated otherwise

Model:  Unknown
 
Unrestricted, natural orbital wavefunction.
  Number of electrons (from MO Occs)                   =          44.0000000000
  Number of Alpha electrons (from MO Occs)             =          44.0000000000
  Number of Beta electrons (from MO Occs)              =           0.0000000000
  Number of electron pairs (N*(N-1)/2)                 =         946.0000000000
  Number of electron pairs (from Muller 2EDM)          =         946.0000000000
  Number of electron pairs (from Muller 2EDM, no SOSI) =         946.0000000000
 
Nuclear Charges and Cartesian Coordinates:
-------------------------------------------------------------------------------
Atom      Charge                X                  Y                  Z
-------------------------------------------------------------------------------
Zn1       30.0           4.3786175017E-04   5.4328857548E-04  -4.2856341372E-04
O2         8.0           1.9144733046E+00  -2.5022014791E+00  -2.4230098531E+00
H3         1.0           3.5384247760E+00  -3.2660003535E+00  -2.1109363731E+00
H4         1.0           1.3269397908E+00  -3.0965131788E+00  -4.0419073687E+00
O5         8.0          -1.9178578137E+00   2.5011709693E+00   2.4228856001E+00
H6         1.0          -3.5419137472E+00   3.2632593688E+00   2.1068074169E+00
H7         1.0          -1.3335243313E+00   3.0983144325E+00   4.0414342205E+00
O8         8.0           1.7745744228E+00   3.0812248802E+00  -1.7784040769E+00
H9         1.0           1.5464255100E+00   4.8402217052E+00  -1.3617782535E+00
H10        1.0           2.9507666855E+00   2.9898105756E+00  -3.1673688458E+00
O11        8.0          -3.0061209094E+00   2.2320324837E-01  -2.5929728282E+00
H12        1.0          -4.4688795056E+00  -8.6225426333E-01  -2.6328464663E+00
H13        1.0          -3.1655312162E+00   1.4180865882E+00  -3.9594934421E+00
O14        8.0          -1.7720823088E+00  -3.0821089949E+00   1.7798891020E+00
H15        1.0          -1.5436567958E+00  -4.8401081535E+00   1.3590379065E+00
H16        1.0          -2.9488124250E+00  -2.9948077410E+00   3.1683203434E+00
O17        8.0           3.0059484688E+00  -2.2292915840E-01   2.5938868868E+00
H18        1.0           4.4680610641E+00   8.6330894455E-01   2.6324878979E+00
H19        1.0           3.1670830280E+00  -1.4164923046E+00   3.9609012208E+00
 
Some Atomic Properties:
----------------------
  q(A) = Net Charge of Atom A
  L(A) = Lagrangian of Atom A = -(1/4) Times Atomic Integral of the Laplacian of the Electron Density
  K(A) = Electronic Kinetic Energy of Atom A (Hamiltonian Form)
  K_Scaled(A) = K(A) * E(Mol)/K(Mol) = Approximation to Virial-Based Total Energy of Atom A.
  |Mu_Intra(A)| = Magnitude of Intraatomic Dipole Moment of Atom A
--------------------------------------------------------------------------------------------------
Atom A          q(A)              L(A)              K(A)          K_Scaled(A)      |Mu_Intra(A)|
--------------------------------------------------------------------------------------------------
Zn1       1.5768166319E+01  1.7825118657E-04  8.8852406468E+02 -8.8979238494E+02  1.5309338647E-04
O2        3.3856071251E+00 -1.3287342463E-05  3.7773998461E+01 -3.7827918810E+01  1.2930483252E-01
H3        8.2658064657E-01  1.0363657929E-05  1.6234184435E-01 -1.6257357859E-01  6.4907987173E-02
H4        8.2653048586E-01  1.0180664802E-05  1.6235088683E-01 -1.6258263398E-01  6.4904529003E-02
O5        3.3855681172E+00 -4.0253743417E-05  3.7774048304E+01 -3.7827968724E+01  1.2923854450E-01
H6        8.2651821089E-01  1.0915033842E-05  1.6237446603E-01 -1.6260624683E-01  6.4930573893E-02
H7        8.2658564282E-01  9.9216124160E-06  1.6235047236E-01 -1.6258221892E-01  6.4904000003E-02
O8        3.3857766709E+00  7.3687557924E-06  3.7773335873E+01 -3.7827255276E+01  1.2907246264E-01
H9        8.2649221247E-01  1.0381901096E-05  1.6236073884E-01 -1.6259250006E-01  6.4911285708E-02
H10       8.2645262239E-01  1.0256826037E-05  1.6235099140E-01 -1.6258273870E-01  6.4906470048E-02
O11       3.3857158707E+00 -2.4174336907E-05  3.7773417074E+01 -3.7827336593E+01  1.2905437422E-01
H12       8.2651646862E-01  9.7128205188E-06  1.6233813280E-01 -1.6256986174E-01  6.4913219902E-02
H13       8.2643287887E-01  9.7735512113E-06  1.6237773035E-01 -1.6260951581E-01  6.4915543422E-02
O14       3.3857958018E+00  7.9540690814E-06  3.7773318686E+01 -3.7827238064E+01  1.2909283631E-01
H15       8.2639113500E-01  1.0411701189E-05  1.6242079763E-01 -1.6265264458E-01  6.4949456758E-02
H16       8.2646523379E-01  1.0077440144E-05  1.6236529772E-01 -1.6259706544E-01  6.4914770673E-02
O17       3.3857035360E+00 -2.3655487035E-05  3.7773568223E+01 -3.7827487958E+01  1.2905761394E-01
H18       8.2646441521E-01  1.0984770193E-05  1.6237955611E-01 -1.6261134419E-01  6.4937307159E-02
H19       8.2648790072E-01  1.0713169599E-05  1.6237230358E-01 -1.6260408130E-01  6.4912124782E-02
--------------------------------------------------------------------------------------------------
Total     4.6000251294E+01  2.1589625060E-04  1.1171141345E+03 -1.1187087548E+03
 
Molecular charge q(Mol) from the wfx file:   4.6000000000E+01
Molecular energy E(Mol) from the wfx file:  -2.2374174864E+03
Molecular virial ratio (-V(Mol)/T(Mol)) from the wfx file:   2.0014274462E+00
Full molecular virial ratio ((-V(Mol)+W(Mol))/T(Mol)) from the wfx file:   2.0014274910E+00
Note.  K_Scaled(A) = (1+V(Mol)/T(Mol))*K(A) = (E(Mol)/T(Mol))*K(A)
       Only use K_Scaled(A) data with caution.
 
N_AIMInt(SumA)     =         43.999749
N_Analytic(Mol)    =         44.000000
 
G_AIMInt(SumA)     =       1117.113919
G_Analytic(Mol)    =       1117.114123
 
K_AIMInt(SumA)     =       1117.114135
K_Analytic(Mol)    =       1117.114123
 
L_AIMInt(SumA)     =          0.000216
L_Analytic(Mol)    =          0.000000
 
VenT_AIMInt(SumA)  =      -3381.290739
VenT_Analytic(Mol) =      -3381.297178
 
Some Information About the Atomic Calculations:
----------------------------------------------
  Time(sec) = "Elapsed User Time", in Seconds, for Atom A by AIMInt and, if used, by TWOe
  NProc = Number of Processors Used for AIMInt Job
  BIM = Basin Integration Method
  OAQ = Angular Quadrature Outside of Beta Sphere
  ORQ = Multiple of Default for Radial Quadrature Outside of Beta Sphere
  IAQ = Multiple of Default for Angular Quadrature Inside of Beta Sphere
  IRQ = Multiple of Default for Radial Quadrature Inside of Beta Sphere
  MIR = Maximum Integration Radius
------------------------------------------------------------------------------------------------------
Atom A     Time(sec)   NProc      BIM              OAQ                 ORQ      IAQ      IRQ      MIR
------------------------------------------------------------------------------------------------------
Zn1          1818        8     Proaim(5)    4334      (Very High)      Auto     Auto     Auto    13.00
O2            978        8     Proaim(5)    4334      (Very High)      Auto     Auto     Auto    13.00
H3            241        8     Proaim(5)    2030      (Very High)      Auto     Auto     Auto    13.00
H4            185        8     Proaim(5)    2030      (Very High)      Auto     Auto     Auto    13.00
O5            959        8     Proaim(5)    4334      (Very High)      Auto     Auto     Auto    13.00
H6            194        8     Proaim(5)    2030      (Very High)      Auto     Auto     Auto    13.00
H7            235        8     Proaim(5)    2030      (Very High)      Auto     Auto     Auto    13.00
O8           1007        8     Proaim(5)    4334      (Very High)      Auto     Auto     Auto    13.00
H9            324        8     Proaim(5)    2030      (Very High)      Auto     Auto     Auto    13.00
H10           254        8     Proaim(5)    2030      (Very High)      Auto     Auto     Auto    13.00
O11          1062        8     Proaim(5)    4334      (Very High)      Auto     Auto     Auto    13.00
H12           182        8     Proaim(5)    2030      (Very High)      Auto     Auto     Auto    13.00
H13           195        8     Proaim(5)    2030      (Very High)      Auto     Auto     Auto    13.00
O14           947        8     Proaim(5)    4334      (Very High)      Auto     Auto     Auto    13.00
H15           200        8     Proaim(5)    2030      (Very High)      Auto     Auto     Auto    13.00
H16           208        8     Proaim(5)    2030      (Very High)      Auto     Auto     Auto    13.00
O17           803        8     Proaim(5)    4334      (Very High)      Auto     Auto     Auto    13.00
H18           205        8     Proaim(5)    2030      (Very High)      Auto     Auto     Auto    13.00
H19           153        8     Proaim(5)    2030      (Very High)      Auto     Auto     Auto    13.00
------------------------------------------------------------------------------------------------------
Total       10150
Note:  Total wall clock time is less than total of atomic times if more than one atom
       was calculated at a time
Note:  Total time does not include times for diatomic interaction energy calculations (3870 seconds)
 
Electron Density Critical Point Analysis of Molecular Structure:               
---------------------------------------------------------------                
  NACP = Nuclear Attractor Critical Point                                      
  NNACP = Non-Nuclear Attractor Critical Point                                 
  BCP = Bond Critical Point                                                    
  RCP = Ring Critical Point                                                    
  CCP = Cage Critical Point                                                    
  Rho = Electron Density                                                       
  GradRho = Gradient of Electron Density                                       
  HessRho_EigVals = Eigenvalues of the Hessian of Rho, Ascending Order         
  HessRho_EigVecs = Eigenvectors of the Hessian of Rho                         
  DelSqRho = Laplacian of Rho = Trace of Hessian of Rho                        
  Bond Ellipticity = (HessRho_EigVal(1) / HessRho_EigVal(2)) - 1               
  V = Virial Field = Potential Energy Density = Trace of Stress Tensor         
  G = Lagrangian Form of Kinetic Energy Density                                
  K = Hamiltonian Form of Kinetic Energy Density                               
  L = K - G = Lagrangian Density = (-1/4)DelSqRho                              
  Vnuc = Electrostatic Potential from Nuclei                                   
  Ven = Electron-nuclear attractive contribution to Virial Field V             
  Vrep = V - Ven = Repulsive contribution to Virial Field V                    
  DelSqV = Laplacian of V                                                      
  DelSqVen = Laplacian of Ven                                                  
  DelSqVrep = Laplacian of Vrep                                                
  DelSqG = Laplacian of G                                                      
  DelSqK = Laplacian of K                                                      
  Stress_EigVals = Eigenvalues of Stress Tensor, Ascending Order               
  Stress_EigVecs = Eigenvectors of Stress Tensor                               
  -DivStress = Ehrenfest Force Density = Minus Divergence of Stress Tensor     
  ESP = Total Electrostatic Potential                                          
  ESPe = Electrostatic Potential from Electrons                                
  ESPn = Electrostatic Potential from Nuclei                                   
  BP = Bond Path                                                               
  BPL = Bond Path Length                                                       
  GBL = Geometric Bond Length                                                  
  GBL_I = Distance Between Nuclear Attractors                                  
  GBL_II = Distance Between Nuclei                                             
  GBL_III = Sum of Distances Between BCP and Nuclear Attractors                
  GBL_IV = Sum of Distances Between BCP and Nuclei                             

CP# 1      Coords =  4.37861738827589E-04  5.43288569333199E-04 -4.28563398592775E-04
           Type = (3,-3) NACP Zn1
           Rho =  8.9779499666E+03     Rho at Nucleus =  8.9779499666E+03
           GradRho = -4.5099495190E-12  1.2688368168E-11 -1.2166450573E-11
           HessRho_EigVals = -5.7427316555E+08 -5.7427316493E+08 -5.7427316446E+08
           HessRho_EigVec1 =  3.2831929430E-01 -5.5568067200E-02  9.4293087281E-01
           HessRho_EigVec2 =  5.4769518149E-01  8.2452055192E-01 -1.4211209528E-01
           HessRho_EigVec3 =  7.6956898922E-01 -5.6309683835E-01 -3.0114036839E-01
           DelSqRho = -1.7228194949E+09
           Bond Ellipticity = NA
           V = -4.3110488085E+08
           G =  2.0000355619E+05
           K =  4.3090487729E+08
           L =  4.3070487374E+08
           Vnuc =  3.0000000144E+09
           Ven = -2.6933850029E+13
           Vrep =  2.6933418924E+13
           DelSqV =  9.8043223393E+14
           DelSqVen =  8.0801230473E+29
           DelSqVrep = -8.0801230473E+29
           DelSqG =  2.7594912358E+13
           DelSqK = -1.0080271463E+15
           Stress_EigVals = -1.4370162699E+08 -1.4370162695E+08 -1.4370162691E+08
           Stress_EigVec1 = -6.2585171701E-01  7.0116631757E-01  3.4157784387E-01
           Stress_EigVec2 =  5.5352039309E-01  7.0784402446E-01 -4.3883027638E-01
           Stress_EigVec3 =  5.4947684460E-01  8.5572379540E-02  8.3111525381E-01
           -DivStress =  3.6583631614E+03  1.9836971330E+03 -4.8809005886E+03
           ESP =  -6.3673295432E+01     ESP at Nucleus =  -6.3673295432E+01
           ESPe = -7.8027585283E+01     ESPe at Nucleus = -7.8027585283E+01
           ESPn =  1.4354289851E+01     ESPn at Nucleus =  1.4354289851E+01

CP# 2      Coords =  1.91447678623818E+00 -2.50220605388887E+00 -2.42301424795961E+00
           Type = (3,-3) NACP O2
           Rho =  1.4774541258E+02     Rho at Nucleus =  1.4774540182E+02
           GradRho = -4.1606552405E-11 -2.3833302519E-11 -5.4966961104E-11
           HessRho_EigVals = -4.1095584912E+05 -4.1094937753E+05 -4.1093796833E+05
           HessRho_EigVec1 =  7.5196976703E-01 -5.7620582007E-02  6.5667445360E-01
           HessRho_EigVec2 = -4.8224327829E-01  6.3108101528E-01  6.0760033961E-01
           HessRho_EigVec3 =  4.4942506608E-01  7.7357392710E-01 -4.4676670567E-01
           DelSqRho = -1.2328431950E+06
           Bond Ellipticity = NA
           V = -3.0828052880E+05
           G =  3.4865025830E+01
           K =  3.0824566377E+05
           L =  3.0821079875E+05
           Vnuc =  1.1055408337E+06
           Ven = -1.6333858660E+08
           Vrep =  1.6303030607E+08
           DelSqV =  1.9608392790E+10
           DelSqVen =  1.3629584946E+12
           DelSqVrep = -1.3433501018E+12
           DelSqG =  8.5746986654E+08
           DelSqK = -2.0465862656E+10
           Stress_EigVals = -1.0276246565E+05 -1.0275967175E+05 -1.0275839140E+05
           Stress_EigVec1 =  4.4945027228E-01  7.7352437746E-01 -4.4682713684E-01
           Stress_EigVec2 = -4.8229448771E-01  6.3114968845E-01  6.0748835206E-01
           Stress_EigVec3 =  7.5192185755E-01 -5.7533540184E-02  6.5673694269E-01
           -DivStress = -2.2225051938E+04  2.9202712790E+04  2.8054643820E+04
           ESP =  -2.6104000508E+00     ESP at Nucleus =  -2.6103910291E+00
           ESPe = -1.9404236284E+01     ESPe at Nucleus = -1.9404245493E+01
           ESPn =  1.6793836233E+01     ESPn at Nucleus =  1.6793854464E+01

CP# 3      Coords =  3.49133727632525E+00 -3.24423499317159E+00 -2.12063490972772E+00
           Type = (3,-3) NACP H3
           Rho =  2.0274322374E-01     Rho at Nucleus =  1.9787981762E-01
           GradRho = -1.1258261034E-12  5.2109315127E-13 -2.2906784976E-13
           HessRho_EigVals = -3.9905149746E+00 -3.9786475566E+00 -3.1098083157E+00
           HessRho_EigVec1 =  4.5354393703E-02  4.7984303274E-01  8.7618128427E-01
           HessRho_EigVec2 =  4.4958115341E-01  7.7343694939E-01 -4.4684681023E-01
           HessRho_EigVec3 =  8.9208730821E-01 -4.1418105853E-01  1.8064962020E-01
           DelSqRho = -1.1078970847E+01
           Bond Ellipticity = NA
           V = -2.7996765173E+00
           G =  1.4966902803E-02
           K =  2.7847096145E+00
           L =  2.7697427117E+00
           Vnuc =  3.6698640459E+01
           Ven = -7.4404006736E+00
           Vrep =  4.6407241563E+00
           DelSqV =  6.7217130193E+02
           DelSqVen =  4.0658316777E+02
           DelSqVrep =  2.6558813416E+02
           DelSqG =  5.1605668056E+01
           DelSqK = -7.2377696998E+02
           Stress_EigVals = -1.0103029896E+00 -1.0075426938E+00 -7.8183083388E-01
           Stress_EigVec1 = -4.4957448646E-01 -7.7344565553E-01  4.4683844851E-01
           Stress_EigVec2 =  4.1687525225E-02  4.8153024455E-01  8.7543747568E-01
           Stress_EigVec3 =  8.9226953964E-01 -4.1220194265E-01  1.8424067713E-01
           -DivStress =  1.0892162496E+01 -5.0334443607E+00  2.2455994182E+00
           ESP =   8.5462336113E+00     ESP at Nucleus =   8.4389809745E+00
           ESPe = -9.2034442217E+00     ESPe at Nucleus = -9.0998657304E+00
           ESPn =  1.7749677833E+01     ESPn at Nucleus =  1.7538846705E+01

CP# 4      Coords =  1.34456260053521E+00 -3.07970156515095E+00 -3.99510879880892E+00
           Type = (3,-3) NACP H4
           Rho =  2.0268038361E-01     Rho at Nucleus =  1.9782074156E-01
           GradRho =  3.2136554702E-13  3.0962472169E-13  8.5814461006E-13
           HessRho_EigVals = -3.9896264062E+00 -3.9777699456E+00 -3.1095865398E+00
           HessRho_EigVec1 = -8.2974468672E-01  5.4675784737E-01  1.1215886590E-01
           HessRho_EigVec2 =  4.4927690848E-01  7.7351058221E-01 -4.4702532222E-01
           HessRho_EigVec3 =  3.3117067257E-01  3.2052649741E-01  8.8746197107E-01
           DelSqRho = -1.1076982892E+01
           Bond Ellipticity = NA
           V = -2.7991433669E+00
           G =  1.4948822022E-02
           K =  2.7841945449E+00
           L =  2.7692457229E+00
           Vnuc =  3.6693294347E+01
           Ven = -7.4370109742E+00
           Vrep =  4.6378676072E+00
           DelSqV =  6.7209643763E+02
           DelSqVen =  4.0645099372E+02
           DelSqVrep =  2.6564544391E+02
           DelSqG =  5.1601882863E+01
           DelSqK = -7.2369832049E+02
           Stress_EigVals = -1.0100653479E+00 -1.0073075982E+00 -7.8177042078E-01
           Stress_EigVec1 =  4.4929345110E-01  7.7350603978E-01 -4.4701655586E-01
           Stress_EigVec2 = -8.2837645134E-01  5.4807595658E-01  1.1578083040E-01
           Stress_EigVec3 =  3.3455619807E-01  3.1827841937E-01  8.8700112632E-01
           -DivStress = -4.0778620032E+00 -3.8866070073E+00 -1.0823053229E+01
           ESP =   8.5406530115E+00     ESP at Nucleus =   8.4333889647E+00
           ESPe = -9.1978068387E+00     ESPe at Nucleus = -9.0942003873E+00
           ESPn =  1.7738459850E+01     ESPn at Nucleus =  1.7527589352E+01

CP# 5      Coords = -1.91786130499609E+00  2.50117555459407E+00  2.42288997720179E+00
           Type = (3,-3) NACP O5
           Rho =  1.4774539210E+02     Rho at Nucleus =  1.4774538134E+02
           GradRho =  2.8289891263E-11  3.6303040435E-11 -6.3840797232E-11
           HessRho_EigVals = -4.1095578162E+05 -4.1094930837E+05 -4.1093790055E+05
           HessRho_EigVec1 =  7.5109256338E-01 -5.6254706804E-02  6.5779584157E-01
           HessRho_EigVec2 = -4.8368829561E-01  6.3124938292E-01  6.0627539060E-01
           HessRho_EigVec3 =  4.4933906342E-01  7.7353708672E-01 -4.4691697390E-01
           DelSqRho = -1.2328429905E+06
           Bond Ellipticity = NA
           V = -3.0828047863E+05
           G =  3.4865497126E+01
           K =  3.0824561313E+05
           L =  3.0821074764E+05
           Vnuc =  1.1054595115E+06
           Ven = -1.6332654897E+08
           Vrep =  1.6301826849E+08
           DelSqV =  1.9608389552E+10
           DelSqVen =  1.3628580100E+12
           DelSqVrep = -1.3432496205E+12
           DelSqG =  8.5746970340E+08
           DelSqK = -2.0465859256E+10
           Stress_EigVals = -1.0276244881E+05 -1.0275965521E+05 -1.0275837461E+05
           Stress_EigVec1 =  4.4939958376E-01  7.7344212548E-01 -4.4702046111E-01
           Stress_EigVec2 = -4.8348516520E-01  6.3135681501E-01  6.0632554554E-01
           Stress_EigVec3 =  7.5118713325E-01 -5.6354686298E-02  6.5767928368E-01
           -DivStress =  2.2286570672E+04 -2.9270268382E+04 -2.7940773747E+04
           ESP =  -2.6120253570E+00     ESP at Nucleus =  -2.6120163394E+00
           ESPe = -1.9402767496E+01     ESPe at Nucleus = -1.9402776701E+01
           ESPn =  1.6790742139E+01     ESPn at Nucleus =  1.6790760362E+01

CP# 6      Coords = -3.49483322956254E+00  3.24155088803920E+00  2.11661982555702E+00
           Type = (3,-3) NACP H6
           Rho =  2.0274125754E-01     Rho at Nucleus =  1.9787930882E-01
           GradRho =  1.1154270866E-12 -5.1459552765E-13  2.3102375048E-13
           HessRho_EigVals = -3.9905035308E+00 -3.9786374483E+00 -3.1100235065E+00
           HessRho_EigVec1 =  4.3334275216E-02  4.8104497672E-01  8.7562427500E-01
           HessRho_EigVec2 =  4.4974601451E-01  7.7322518778E-01 -4.4704734806E-01
           HessRho_EigVec3 =  8.9210462560E-01 -4.1318100071E-01  1.8284090799E-01
           DelSqRho = -1.1079164486E+01
           Bond Ellipticity = NA
           V = -2.7997206340E+00
           G =  1.4964756298E-02
           K =  2.7847558777E+00
           L =  2.7697911214E+00
           Vnuc =  3.6703600426E+01
           Ven = -7.4413341067E+00
           Vrep =  4.6416134728E+00
           DelSqV =  6.7220450257E+02
           DelSqVen =  4.0664522633E+02
           DelSqVrep =  2.6555927624E+02
           DelSqG =  5.1607582752E+01
           DelSqK = -7.2381208532E+02
           Stress_EigVals = -1.0102980786E+00 -1.0075380433E+00 -7.8188451204E-01
           Stress_EigVec1 = -4.4973197360E-01 -7.7323399654E-01  4.4704623757E-01
           Stress_EigVec2 =  3.9665192465E-02  4.8273551038E-01  8.7486747541E-01
           Stress_EigVec3 =  8.9228236810E-01 -4.1118805140E-01  1.8643111852E-01
           -DivStress = -1.0890770169E+01  5.0203671137E+00 -2.2719676930E+00
           ESP =   8.5470973139E+00     ESP at Nucleus =   8.4399115462E+00
           ESPe = -9.2044490489E+00     ESPe at Nucleus = -9.1009334546E+00
           ESPn =  1.7751546363E+01     ESPn at Nucleus =  1.7540845001E+01

CP# 7      Coords = -1.35106519425941E+00  3.08141147854730E+00  3.99461385040505E+00
           Type = (3,-3) NACP H7
           Rho =  2.0277167502E-01     Rho at Nucleus =  1.9790659844E-01
           GradRho = -3.2828666001E-13 -3.1823588903E-13 -8.8107320918E-13
           HessRho_EigVals = -3.9911942591E+00 -3.9793244272E+00 -3.1102341850E+00
           HessRho_EigVec1 =  8.3046247347E-01 -5.4608758970E-01 -1.1009279961E-01
           HessRho_EigVec2 = -4.4919239366E-01 -7.7331575105E-01  4.4744713950E-01
           HessRho_EigVec3 =  3.2948182594E-01  3.2213521004E-01  8.8750810296E-01
           DelSqRho = -1.1080752871E+01
           Bond Ellipticity = NA
           V = -2.8001237351E+00
           G =  1.4967758636E-02
           K =  2.7851559765E+00
           L =  2.7701882178E+00
           Vnuc =  3.6681454980E+01
           Ven = -7.4379600686E+00
           Vrep =  4.6378363335E+00
           DelSqV =  6.7226768579E+02
           DelSqVen =  4.0645813760E+02
           DelSqVrep =  2.6580954819E+02
           DelSqG =  5.1615118988E+01
           DelSqK = -7.2388280478E+02
           Stress_EigVals = -1.0104745386E+00 -1.0077130896E+00 -7.8193610690E-01
           Stress_EigVec1 =  4.4921738225E-01  7.7331003242E-01 -4.4743193587E-01
           Stress_EigVec2 = -8.2909810168E-01  5.4741757296E-01  1.1371164673E-01
           Stress_EigVec3 =  3.3286646162E-01  3.1988372039E-01  8.8705936902E-01
           -DivStress =  4.0602458019E+00  3.9089841253E+00  1.0831656314E+01
           ESP =   8.5384602979E+00     ESP at Nucleus =   8.4311004522E+00
           ESPe = -9.1957791449E+00     ESPe at Nucleus = -9.0920934662E+00
           ESPn =  1.7734239443E+01     ESPn at Nucleus =  1.7523193918E+01

CP# 8      Coords =  1.77457759512175E+00  3.08123049385001E+00 -1.77840736490648E+00
           Type = (3,-3) NACP O8
           Rho =  1.4774530579E+02     Rho at Nucleus =  1.4774529503E+02
           GradRho =  2.2419344159E-11 -1.1648738614E-11  2.2870117258E-11
           HessRho_EigVals = -4.1095538763E+05 -4.1094890559E+05 -4.1093749274E+05
           HessRho_EigVec1 = -4.7732381420E-01  6.2883215613E-01  6.1378505668E-01
           HessRho_EigVec2 = -4.4214530643E-01 -7.7550253173E-01  4.5066989170E-01
           HessRho_EigVec3 =  7.5938758510E-01 -5.6266710317E-02  6.4820101273E-01
           DelSqRho = -1.2328417860E+06
           Bond Ellipticity = NA
           V = -3.0828017224E+05
           G =  3.4862872639E+01
           K =  3.0824530936E+05
           L =  3.0821044649E+05
           Vnuc =  1.1053041413E+06
           Ven = -1.6330349834E+08
           Vrep =  1.6299521817E+08
           DelSqV =  1.9608369776E+10
           DelSqVen =  1.3626651292E+12
           DelSqVrep = -1.3430567594E+12
           DelSqG =  8.5746851686E+08
           DelSqK = -2.0465838293E+10
           Stress_EigVals = -1.0276234846E+05 -1.0275955333E+05 -1.0275827045E+05
           Stress_EigVec1 =  7.5949525385E-01 -5.6075287675E-02  6.4809144531E-01
           Stress_EigVec2 = -4.4190070094E-01 -7.7559299909E-01  4.5075411288E-01
           Stress_EigVec3 = -4.7737902120E-01  6.2873767334E-01  6.1383891066E-01
           -DivStress = -2.0250205198E+04 -3.5834558563E+04  2.0988970804E+04
           ESP =  -2.6115588351E+00     ESP at Nucleus =  -2.6115498123E+00
           ESPe = -1.9402999490E+01     ESPe at Nucleus = -1.9403008700E+01
           ESPn =  1.6791440655E+01     ESPn at Nucleus =  1.6791458887E+01

CP# 9      Coords =  1.55351797004305E+00  4.78951308445975E+00 -1.37440835574507E+00
           Type = (3,-3) NACP H9
           Rho =  2.0262980818E-01     Rho at Nucleus =  1.9777486503E-01
           GradRho =  1.2118524717E-11 -8.7349303165E-11 -2.1637443790E-11
           HessRho_EigVals = -3.9886122732E+00 -3.9767541849E+00 -3.1092244767E+00
           HessRho_EigVec1 =  6.3703065591E-01  2.6540839242E-01 -7.2370596838E-01
           HessRho_EigVec2 =  7.5943470336E-01 -5.5196450985E-02  6.4823782914E-01
           HessRho_EigVec3 = -1.3210175913E-01  9.6255479690E-01  2.3672217514E-01
           DelSqRho = -1.1074590935E+01
           Bond Ellipticity = NA
           V = -2.7985476100E+00
           G =  1.4949938132E-02
           K =  2.7835976718E+00
           L =  2.7686477337E+00
           Vnuc =  3.6703802992E+01
           Ven = -7.4372845597E+00
           Vrep =  4.6387369497E+00
           DelSqV =  6.7200664086E+02
           DelSqVen =  4.0647960395E+02
           DelSqVrep =  2.6552703692E+02
           DelSqG =  5.1591751336E+01
           DelSqK = -7.2359839220E+02
           Stress_EigVals = -1.0098109133E+00 -1.0070529274E+00 -7.8168376930E-01
           Stress_EigVec1 =  7.5946942299E-01 -5.5215287982E-02  6.4819554728E-01
           Stress_EigVec2 = -6.3644279642E-01 -2.6938917476E-01  7.2275171353E-01
           Stress_EigVec3 = -1.3470991957E-01  9.6144721358E-01  2.3973421341E-01
           -DivStress = -1.6414254340E+00  1.1724728402E+01  2.9222301984E+00
           ESP =   8.5423036595E+00     ESP at Nucleus =   8.4351688505E+00
           ESPe = -9.1994649714E+00     ESPe at Nucleus = -9.0959861681E+00
           ESPn =  1.7741768631E+01     ESPn at Nucleus =  1.7531155019E+01

CP# 10     Coords =  2.91681148684753E+00  2.99319356997283E+00 -3.12718966539060E+00
           Type = (3,-3) NACP H10
           Rho =  2.0253406854E-01     Rho at Nucleus =  1.9768514742E-01
           GradRho = -3.2078912877E-11  3.1131391275E-12  3.7948835480E-11
           HessRho_EigVals = -3.9868512105E+00 -3.9749989203E+00 -3.1084162084E+00
           HessRho_EigVec1 =  8.1642264565E-02  9.9660820829E-01 -1.0325686385E-02
           HessRho_EigVec2 =  7.6021861481E-01 -5.5570778511E-02  6.4728629390E-01
           HessRho_EigVec3 = -6.4451702719E-01  6.0695697857E-02  7.6217703582E-01
           DelSqRho = -1.1070266339E+01
           Bond Ellipticity = NA
           V = -2.7974339972E+00
           G =  1.4933706178E-02
           K =  2.7825002910E+00
           L =  2.7675665848E+00
           Vnuc =  3.6710266568E+01
           Ven = -7.4350796454E+00
           Vrep =  4.6376456482E+00
           DelSqV =  6.7180621887E+02
           DelSqVen =  4.0639242833E+02
           DelSqVrep =  2.6541379054E+02
           DelSqG =  5.1574589431E+01
           DelSqK = -7.2338080830E+02
           Stress_EigVals = -1.0093547722E+00 -1.0066001623E+00 -7.8147906268E-01
           Stress_EigVec1 =  7.6020342043E-01 -5.5679402697E-02  6.4729480430E-01
           Stress_EigVec2 =  8.4375299262E-02  9.9634409065E-01 -1.3388871953E-02
           Stress_EigVec3 = -6.4418286879E-01  6.4793959078E-02  7.6212215191E-01
           -DivStress =  7.8484667347E+00 -7.8457306844E-01 -9.2870621929E+00
           ESP =   8.5414169473E+00     ESP at Nucleus =   8.4343359574E+00
           ESPe = -9.1985602016E+00     ESPe at Nucleus = -9.0951230230E+00
           ESPn =  1.7739977149E+01     ESPn at Nucleus =  1.7529458980E+01

CP# 11     Coords = -3.00612636056063E+00  2.23203606721050E-01 -2.59297757563608E+00
           Type = (3,-3) NACP O11
           Rho =  1.4774542487E+02     Rho at Nucleus =  1.4774541411E+02
           GradRho =  7.8155194122E-11  1.1055774352E-12 -7.4719357437E-11
           HessRho_EigVals = -4.1095587542E+05 -4.1094938323E+05 -4.1093797958E+05
           HessRho_EigVec1 =  4.4258535784E-01  7.7501155477E-01 -4.5108235500E-01
           HessRho_EigVec2 =  7.5559477783E-01 -5.1418906369E-02  6.5301809147E-01
           HessRho_EigVec3 = -4.8290240499E-01  6.2985171750E-01  6.0835193862E-01
           DelSqRho = -1.2328432382E+06
           Bond Ellipticity = NA
           V = -3.0828053669E+05
           G =  3.4863564981E+01
           K =  3.0824567312E+05
           L =  3.0821080956E+05
           Vnuc =  1.1053682051E+06
           Ven = -1.6331309510E+08
           Vrep =  1.6300481456E+08
           DelSqV =  1.9608393301E+10
           DelSqVen =  1.3627457176E+12
           DelSqVrep = -1.3431373247E+12
           DelSqG =  8.5746984859E+08
           DelSqK = -2.0465863149E+10
           Stress_EigVals = -1.0276246916E+05 -1.0275967624E+05 -1.0275839129E+05
           Stress_EigVec1 = -4.8302545893E-01  6.2985652298E-01  6.0824926345E-01
           Stress_EigVec2 =  7.5559933514E-01 -5.1174404236E-02  6.5303202455E-01
           Stress_EigVec3 =  4.4244327406E-01  7.7502383241E-01 -4.5120062990E-01
           -DivStress =  3.4797424063E+04 -2.2875312470E+03  3.0304929523E+04
           ESP =  -2.6128121761E+00     ESP at Nucleus =  -2.6128031580E+00
           ESPe = -1.9401870490E+01     ESPe at Nucleus = -1.9401879696E+01
           ESPn =  1.6789058314E+01     ESPn at Nucleus =  1.6789076538E+01

CP# 12     Coords = -4.42678097873160E+00 -8.30489976228226E-01 -2.63228831241647E+00
           Type = (3,-3) NACP H12
           Rho =  2.0262268032E-01     Rho at Nucleus =  1.9776768475E-01
           GradRho =  3.2406802936E-16 -1.9732479539E-17  1.8539857150E-17
           HessRho_EigVals = -3.9881962154E+00 -3.9763306434E+00 -3.1087725532E+00
           HessRho_EigVec1 =  3.5691131728E-01 -4.9256693089E-01  7.9372043579E-01
           HessRho_EigVec2 = -4.8341119434E-01  6.2967028085E-01  6.0813563832E-01
           HessRho_EigVec3 =  7.9932967466E-01  6.0074383559E-01  1.3375918961E-02
           DelSqRho = -1.1073299412E+01
           Bond Ellipticity = NA
           V = -2.7982333064E+00
           G =  1.4954226707E-02
           K =  2.7832790797E+00
           L =  2.7683248530E+00
           Vnuc =  3.6708495564E+01
           Ven = -7.4379737618E+00
           Vrep =  4.6397404554E+00
           DelSqV =  6.7191658544E+02
           DelSqVen =  4.0648416235E+02
           DelSqVrep =  2.6543242309E+02
           DelSqG =  5.1582021570E+01
           DelSqK = -7.2349860701E+02
           Stress_EigVals = -1.0097106930E+00 -1.0069520328E+00 -7.8157058064E-01
           Stress_EigVec1 = -4.8341990855E-01  6.2974812742E-01  6.0804809681E-01
           Stress_EigVec2 = -3.6014174561E-01  4.9002263314E-01 -7.9383609270E-01
           Stress_EigVec3 =  7.9787412233E-01  6.0273967434E-01  1.0088106595E-02
           -DivStress = -9.7323581472E+00 -7.3454233135E+00 -1.2689625432E-01
           ESP =   8.5452573746E+00     ESP at Nucleus =   8.4381362807E+00
           ESPe = -9.2025016588E+00     ESPe at Nucleus = -9.0990401890E+00
           ESPn =  1.7747759033E+01     ESPn at Nucleus =  1.7537176470E+01

CP# 13     Coords = -3.16155744394246E+00  1.38322165002270E+00 -3.92015510044368E+00
           Type = (3,-3) NACP H13
           Rho =  2.0257063786E-01     Rho at Nucleus =  1.9772065459E-01
           GradRho =  2.4484897616E-12 -2.1066413479E-11  2.3806708883E-11
           HessRho_EigVals = -3.9876046492E+00 -3.9757545398E+00 -3.1089783296E+00
           HessRho_EigVec1 =  8.7199262066E-01  4.0863214367E-01  2.6953411783E-01
           HessRho_EigVec2 = -4.8320594026E-01  6.3037585203E-01  6.0756753079E-01
           HessRho_EigVec3 =  7.8363823353E-02 -6.6003489024E-01  7.4713657042E-01
           DelSqRho = -1.1072337519E+01
           Bond Ellipticity = NA
           V = -2.7979674523E+00
           G =  1.4941536320E-02
           K =  2.7830259160E+00
           L =  2.7680843796E+00
           Vnuc =  3.6703098208E+01
           Ven = -7.4349700157E+00
           Vrep =  4.6370025634E+00
           DelSqV =  6.7193095945E+02
           DelSqVen =  4.0638909136E+02
           DelSqVrep =  2.6554186809E+02
           DelSqG =  5.1584751652E+01
           DelSqK = -7.2351571110E+02
           Stress_EigVals = -1.0095515851E+00 -1.0067949348E+00 -7.8162093237E-01
           Stress_EigVec1 = -4.8323939325E-01  6.3035199199E-01  6.0756567958E-01
           Stress_EigVec2 =  8.7228884797E-01  4.0593597174E-01  2.7263189938E-01
           Stress_EigVec3 =  7.4778703681E-02 -6.6171924034E-01  7.4601326559E-01
           -DivStress = -9.1633237796E-01  8.0615226629E+00 -9.0937292056E+00
           ESP =   8.5379625518E+00     ESP at Nucleus =   8.4308318943E+00
           ESPe = -9.1951643613E+00     ESPe at Nucleus = -9.0916806416E+00
           ESPn =  1.7733126913E+01     ESPn at Nucleus =  1.7522512536E+01

CP# 14     Coords = -1.77208548886804E+00 -3.08211462267720E+00  1.77989236871793E+00
           Type = (3,-3) NACP O14
           Rho =  1.4774554059E+02     Rho at Nucleus =  1.4774552982E+02
           GradRho = -1.5078412477E-11 -1.8288365614E-13  4.0283238550E-11
           HessRho_EigVals = -4.1095603989E+05 -4.1094955924E+05 -4.1093814650E+05
           HessRho_EigVec1 = -4.7763592713E-01  6.2728291047E-01  6.1512606134E-01
           HessRho_EigVec2 = -4.4184589233E-01 -7.7667613294E-01  4.4893918513E-01
           HessRho_EigVec3 =  7.5936560927E-01 -5.7361439553E-02  6.4813080216E-01
           DelSqRho = -1.2328437456E+06
           Bond Ellipticity = NA
           V = -3.0828066123E+05
           G =  3.4862409699E+01
           K =  3.0824579882E+05
           L =  3.0821093641E+05
           Vnuc =  1.1045897225E+06
           Ven = -1.6319820569E+08
           Vrep =  1.6288992503E+08
           DelSqV =  1.9608400731E+10
           DelSqVen =  1.3617865316E+12
           DelSqVrep = -1.3421781309E+12
           DelSqG =  8.5746987803E+08
           DelSqK = -2.0465870610E+10
           Stress_EigVals = -1.0276251143E+05 -1.0275971612E+05 -1.0275843368E+05
           Stress_EigVec1 =  7.5943825098E-01 -5.7234541298E-02  6.4805690354E-01
           Stress_EigVec2 = -4.4178040474E-01 -7.7660812154E-01  4.4912125262E-01
           Stress_EigVec3 = -4.7758100563E-01  6.2737869970E-01  6.1507101234E-01
           -DivStress =  2.0299615756E+04  3.5924515296E+04 -2.0852951022E+04
           ESP =  -2.6130485097E+00     ESP at Nucleus =  -2.6130394875E+00
           ESPe = -1.9401732274E+01     ESPe at Nucleus = -1.9401741483E+01
           ESPn =  1.6788683764E+01     ESPn at Nucleus =  1.6788701996E+01

CP# 15     Coords = -1.55075737548006E+00 -4.78944187842776E+00  1.37178482297728E+00
           Type = (3,-3) NACP H15
           Rho =  2.0264447056E-01     Rho at Nucleus =  1.9779111504E-01
           GradRho = -9.5162911839E-12  6.8465998956E-11  1.7131255615E-11
           HessRho_EigVals = -3.9889007320E+00 -3.9770438524E+00 -3.1097398753E+00
           HessRho_EigVec1 =  6.3705771739E-01  2.6723233797E-01 -7.2301061005E-01
           HessRho_EigVec2 =  7.5938149180E-01 -5.6620081069E-02  6.4817738030E-01
           HessRho_EigVec3 = -1.3227703740E-01  9.6196727801E-01  2.3900155107E-01
           DelSqRho = -1.1075684460E+01
           Bond Ellipticity = NA
           V = -2.7988226405E+00
           G =  1.4950762765E-02
           K =  2.7838718777E+00
           L =  2.7689211149E+00
           Vnuc =  3.6710517782E+01
           Ven = -7.4391834398E+00
           Vrep =  4.6403607994E+00
           DelSqV =  6.7210076478E+02
           DelSqVen =  4.0659411136E+02
           DelSqVrep =  2.6550665343E+02
           DelSqG =  5.1597778534E+01
           DelSqK = -7.2369854332E+02
           Stress_EigVals = -1.0098830259E+00 -1.0071253737E+00 -7.8181424081E-01
           Stress_EigVec1 =  7.5940701398E-01 -5.6632451240E-02  6.4814639749E-01
           Stress_EigVec2 = -6.3647837207E-01 -2.7121090359E-01  7.2203873003E-01
           Stress_EigVec3 = -1.3489354695E-01  9.6085243989E-01  2.4200479283E-01
           -DivStress =  1.6434819267E+00 -1.1716119355E+01 -2.9495043533E+00
           ESP =   8.5434810449E+00     ESP at Nucleus =   8.4364157293E+00
           ESPe = -9.2008654439E+00     ESPe at Nucleus = -9.0974533057E+00
           ESPn =  1.7744346489E+01     ESPn at Nucleus =  1.7533869035E+01

CP# 16     Coords = -2.91483131343356E+00 -2.99807099622270E+00  3.12813929099394E+00
           Type = (3,-3) NACP H16
           Rho =  2.0259682403E-01     Rho at Nucleus =  1.9774480060E-01
           GradRho =  3.2238929300E-11 -3.0123236669E-12 -3.8110794577E-11
           HessRho_EigVals = -3.9879673309E+00 -3.9761067803E+00 -3.1089929439E+00
           HessRho_EigVec1 =  8.1044943199E-02  9.9667979440E-01 -7.8169443278E-03
           HessRho_EigVec2 =  7.5997136323E-01 -5.6718862394E-02  6.4747702486E-01
           HessRho_EigVec3 = -6.4488389982E-01  5.8415392539E-02  7.6204487904E-01
           DelSqRho = -1.1073067055E+01
           Bond Ellipticity = NA
           V = -2.7981606142E+00
           G =  1.4946925216E-02
           K =  2.7832136890E+00
           L =  2.7682667637E+00
