AIMSum (Version 16.05.18, Professional)
Copyright (c) 1997-2016 by Todd A. Keith
AIMSum is a component of the AIMAll package ( http://aim.tkgristmill.com )

TP:  64-bit Linux

Licensed To:  Research Group of Fernando Cortes Guzman, UNAM, fercor@unam.mx

Much of the Quantum Theory of Atoms in Molecules (QTAIM) is described in the book:
  "Atoms in Molecules - A Quantum Theory"
  R.F.W. Bader, Oxford University Press, Oxford, 1990

For additional references see:  http://aim.tkgristmill.com/references.html

Wfx File:  /home/lillian/David/max_int/Zn21.wfx
Sum File:  /home/lillian/David/max_int/Zn21.sum

SumViz File:  /home/lillian/David/max_int/Zn21.sumviz

Wfx Title:   Zn[H2O]6 (2+)                                                                 
 
Total memory allocated for AIMSum =        1.205 Megabytes

Atomic units (a.u.) used throughout, except where stated otherwise

Model:  Unrestricted SCF
 
Unrestricted, single-determinant wavefunction.
  Number of electrons (from MO Occs)                   =          88.0000000000
  Number of Alpha electrons (from MO Occs)             =          44.0000000000
  Number of Beta electrons (from MO Occs)              =          44.0000000000
  Number of electron pairs (N*(N-1)/2)                 =        3828.0000000000
  Number of electron pairs (from Muller 2EDM)          =        3828.0000000000
 
Nuclear Charges and Cartesian Coordinates:
-------------------------------------------------------------------------------
Atom      Charge                X                  Y                  Z
-------------------------------------------------------------------------------
Zn1       30.0           4.3786175017E-04   5.4328857548E-04  -4.2856341372E-04
O2         8.0           1.9144733046E+00  -2.5022014791E+00  -2.4230098531E+00
H3         1.0           3.5384247760E+00  -3.2660003535E+00  -2.1109363731E+00
H4         1.0           1.3269397908E+00  -3.0965131788E+00  -4.0419073687E+00
O5         8.0          -1.9178578137E+00   2.5011709693E+00   2.4228856001E+00
H6         1.0          -3.5419137472E+00   3.2632593688E+00   2.1068074169E+00
H7         1.0          -1.3335243313E+00   3.0983144325E+00   4.0414342205E+00
O8         8.0           1.7745744228E+00   3.0812248802E+00  -1.7784040769E+00
H9         1.0           1.5464255100E+00   4.8402217052E+00  -1.3617782535E+00
H10        1.0           2.9507666855E+00   2.9898105756E+00  -3.1673688458E+00
O11        8.0          -3.0061209094E+00   2.2320324837E-01  -2.5929728282E+00
H12        1.0          -4.4688795056E+00  -8.6225426333E-01  -2.6328464663E+00
H13        1.0          -3.1655312162E+00   1.4180865882E+00  -3.9594934421E+00
O14        8.0          -1.7720823088E+00  -3.0821089949E+00   1.7798891020E+00
H15        1.0          -1.5436567958E+00  -4.8401081535E+00   1.3590379065E+00
H16        1.0          -2.9488124250E+00  -2.9948077410E+00   3.1683203434E+00
O17        8.0           3.0059484688E+00  -2.2292915840E-01   2.5938868868E+00
H18        1.0           4.4680610641E+00   8.6330894455E-01   2.6324878979E+00
H19        1.0           3.1670830280E+00  -1.4164923046E+00   3.9609012208E+00
 
Some Atomic Properties:
----------------------
  q(A) = Net Charge of Atom A
  L(A) = Lagrangian of Atom A = -(1/4) Times Atomic Integral of the Laplacian of the Electron Density
  K(A) = Electronic Kinetic Energy of Atom A (Hamiltonian Form)
  K_Scaled(A) = K(A) * E(Mol)/K(Mol) = Approximation to Virial-Based Total Energy of Atom A.
  |Mu_Intra(A)| = Magnitude of Intraatomic Dipole Moment of Atom A
--------------------------------------------------------------------------------------------------
Atom A          q(A)              L(A)              K(A)          K_Scaled(A)      |Mu_Intra(A)|
--------------------------------------------------------------------------------------------------
Zn1       1.5364267530E+00  4.5455349987E-04  1.7770481418E+03 -1.7795847824E+03  2.9932908432E-04
O2       -1.2287898966E+00 -3.8999007523E-05  7.5547987999E+01 -7.5655828684E+01  2.5856396935E-01
H3        6.5315405980E-01  1.5414660706E-05  3.2468472854E-01 -3.2514819851E-01  1.2981709749E-01
H4        6.5305598988E-01  1.7233819892E-05  3.2470283751E-01 -3.2516633332E-01  1.2980953230E-01
O5       -1.2288676281E+00 -9.1488829903E-05  7.5548089189E+01 -7.5655930018E+01  2.5843574987E-01
H6        6.5303020584E-01  1.7607807236E-05  3.2475027542E-01 -3.2521383895E-01  1.2986231097E-01
H7        6.5316460070E-01  1.5241919807E-05  3.2470228903E-01 -3.2516578406E-01  1.2980905045E-01
O8       -1.2284528169E+00  4.2544473653E-07  7.5546662820E+01 -7.5654501613E+01  2.5809940143E-01
H9        6.5297906255E-01  1.7210996979E-05  3.2472243360E-01 -3.2518595739E-01  1.2982303389E-01
H10       6.5289976154E-01  1.6767860027E-05  3.2470289865E-01 -3.2516639456E-01  1.2981356296E-01
O11      -1.2285673216E+00 -5.7057087877E-05  7.5546824470E+01 -7.5654663494E+01  2.5806870201E-01
H12       6.5302504605E-01  1.3687245162E-05  3.2467775450E-01 -3.2514121451E-01  1.2982804689E-01
H13       6.5285877975E-01  1.4921969722E-05  3.2475685002E-01 -3.2522042294E-01  1.2983199463E-01
O14      -1.2284102724E+00  5.7672276897E-06  7.5546629007E+01 -7.5654467752E+01  2.5814337060E-01
H15       6.5277550132E-01  1.5923102713E-05  3.2484289719E-01 -3.2530659294E-01  1.2990045996E-01
H16       6.5292320485E-01  1.5035165332E-05  3.2473192748E-01 -3.2519546482E-01  1.2983063857E-01
O17      -1.2285966944E+00 -5.8609270362E-05  7.5547128707E+01 -7.5654968165E+01  2.5807378149E-01
H18       6.5292294961E-01  1.7701309024E-05  3.2476019431E-01 -3.2522377200E-01  1.2987581664E-01
H19       6.5297043434E-01  1.7861339403E-05  3.2474560450E-01 -3.2520916136E-01  1.2982486512E-01
--------------------------------------------------------------------------------------------------
Total     2.0005017192E+00  4.0919917263E-04  2.2342282447E+03 -2.2374174853E+03
 
Molecular charge q(Mol) from the wfx file:   2.0000000000E+00
Molecular energy E(Mol) from the wfx file:  -2.2374174864E+03
Molecular virial ratio (-V(Mol)/T(Mol)) from the wfx file:   2.0014274462E+00
Full molecular virial ratio ((-V(Mol)+W(Mol))/T(Mol)) from the wfx file:   2.0014274910E+00
Note.  K_Scaled(A) = (1+V(Mol)/T(Mol))*K(A) = (E(Mol)/T(Mol))*K(A)
       Only use K_Scaled(A) data with caution.
 
N_AIMInt(SumA)     =         87.999498
N_Analytic(Mol)    =         88.000000
 
G_AIMInt(SumA)     =       2234.227835
G_Analytic(Mol)    =       2234.228246
 
K_AIMInt(SumA)     =       2234.228245
K_Analytic(Mol)    =       2234.228246
 
L_AIMInt(SumA)     =          0.000409
L_Analytic(Mol)    =          0.000000
 
VenT_AIMInt(SumA)  =      -6762.581535
VenT_Analytic(Mol) =      -6762.594356
 
Some Information About the Atomic Calculations:
----------------------------------------------
  Time(sec) = "Elapsed User Time", in Seconds, for Atom A by AIMInt and, if used, by TWOe
  NProc = Number of Processors Used for AIMInt Job
  BIM = Basin Integration Method
  OAQ = Angular Quadrature Outside of Beta Sphere
  ORQ = Multiple of Default for Radial Quadrature Outside of Beta Sphere
  IAQ = Multiple of Default for Angular Quadrature Inside of Beta Sphere
  IRQ = Multiple of Default for Radial Quadrature Inside of Beta Sphere
  MIR = Maximum Integration Radius
------------------------------------------------------------------------------------------------------
Atom A     Time(sec)   NProc      BIM              OAQ                 ORQ      IAQ      IRQ      MIR
------------------------------------------------------------------------------------------------------
Zn1           977        8     Proaim(5)    4334      (Very High)      Auto     Auto     Auto    13.00
O2            579        8     Proaim(5)    4334      (Very High)      Auto     Auto     Auto    13.00
H3            165        8     Proaim(5)    2030      (Very High)      Auto     Auto     Auto    13.00
H4            170        8     Proaim(5)    2030      (Very High)      Auto     Auto     Auto    13.00
O5            600        8     Proaim(5)    4334      (Very High)      Auto     Auto     Auto    13.00
H6            170        8     Proaim(5)    2030      (Very High)      Auto     Auto     Auto    13.00
H7            177        8     Proaim(5)    2030      (Very High)      Auto     Auto     Auto    13.00
O8            609        8     Proaim(5)    4334      (Very High)      Auto     Auto     Auto    13.00
H9            176        8     Proaim(5)    2030      (Very High)      Auto     Auto     Auto    13.00
H10           179        8     Proaim(5)    2030      (Very High)      Auto     Auto     Auto    13.00
O11           591        8     Proaim(5)    4334      (Very High)      Auto     Auto     Auto    13.00
H12           170        8     Proaim(5)    2030      (Very High)      Auto     Auto     Auto    13.00
H13           178        8     Proaim(5)    2030      (Very High)      Auto     Auto     Auto    13.00
O14           597        8     Proaim(5)    4334      (Very High)      Auto     Auto     Auto    13.00
H15           175        8     Proaim(5)    2030      (Very High)      Auto     Auto     Auto    13.00
H16           174        8     Proaim(5)    2030      (Very High)      Auto     Auto     Auto    13.00
O17           599        8     Proaim(5)    4334      (Very High)      Auto     Auto     Auto    13.00
H18           171        8     Proaim(5)    2030      (Very High)      Auto     Auto     Auto    13.00
H19           165        8     Proaim(5)    2030      (Very High)      Auto     Auto     Auto    13.00
------------------------------------------------------------------------------------------------------
Total        6622
Note:  Total wall clock time is less than total of atomic times if more than one atom
       was calculated at a time
Note:  Total time does not include times for diatomic interaction energy calculations (6042 seconds)
 
Electron Density Critical Point Analysis of Molecular Structure:               
---------------------------------------------------------------                
  NACP = Nuclear Attractor Critical Point                                      
  NNACP = Non-Nuclear Attractor Critical Point                                 
  BCP = Bond Critical Point                                                    
  RCP = Ring Critical Point                                                    
  CCP = Cage Critical Point                                                    
  Rho = Electron Density                                                       
  GradRho = Gradient of Electron Density                                       
  HessRho_EigVals = Eigenvalues of the Hessian of Rho, Ascending Order         
  HessRho_EigVecs = Eigenvectors of the Hessian of Rho                         
  DelSqRho = Laplacian of Rho = Trace of Hessian of Rho                        
  Bond Ellipticity = (HessRho_EigVal(1) / HessRho_EigVal(2)) - 1               
  V = Virial Field = Potential Energy Density = Trace of Stress Tensor         
  G = Lagrangian Form of Kinetic Energy Density                                
  K = Hamiltonian Form of Kinetic Energy Density                               
  L = K - G = Lagrangian Density = (-1/4)DelSqRho                              
  Vnuc = Electrostatic Potential from Nuclei                                   
  Ven = Electron-nuclear attractive contribution to Virial Field V             
  Vrep = V - Ven = Repulsive contribution to Virial Field V                    
  DelSqV = Laplacian of V                                                      
  DelSqVen = Laplacian of Ven                                                  
  DelSqVrep = Laplacian of Vrep                                                
  DelSqG = Laplacian of G                                                      
  DelSqK = Laplacian of K                                                      
  Stress_EigVals = Eigenvalues of Stress Tensor, Ascending Order               
  Stress_EigVecs = Eigenvectors of Stress Tensor                               
  -DivStress = Ehrenfest Force Density = Minus Divergence of Stress Tensor     
  ESP = Total Electrostatic Potential                                          
  ESPe = Electrostatic Potential from Electrons                                
  ESPn = Electrostatic Potential from Nuclei                                   
  BP = Bond Path                                                               
  BPL = Bond Path Length                                                       
  GBL = Geometric Bond Length                                                  
  GBL_I = Distance Between Nuclear Attractors                                  
  GBL_II = Distance Between Nuclei                                             
  GBL_III = Sum of Distances Between BCP and Nuclear Attractors                
  GBL_IV = Sum of Distances Between BCP and Nuclei                             

CP# 1      Coords =  4.37861738827589E-04  5.43288569333199E-04 -4.28563398592775E-04
           Type = (3,-3) NACP Zn1
           Rho =  1.7955899933E+04     Rho at Nucleus =  1.7955899933E+04
           GradRho = -9.0199599397E-12  2.5376539222E-11 -2.4332874718E-11
           HessRho_EigVals = -1.1485463311E+09 -1.1485463299E+09 -1.1485463289E+09
           HessRho_EigVec1 =  3.2831935688E-01 -5.5568051842E-02  9.4293085193E-01
           HessRho_EigVec2 =  5.4769551736E-01  8.2452029695E-01 -1.4211228018E-01
           HessRho_EigVec3 =  7.6956872348E-01 -5.6309721321E-01 -3.0114034653E-01
           DelSqRho = -3.4456389899E+09
           Bond Ellipticity = NA
           V = -8.6220976170E+08
           G =  4.0000711238E+05
           K =  8.6180975458E+08
           L =  8.6140974747E+08
           Vnuc =  3.0000000144E+09
           Ven = -5.3867700057E+13
           Vrep =  5.3866837847E+13
           DelSqV =  1.9608644679E+15
           DelSqVen =  1.6160246095E+30
           DelSqVrep = -1.6160246095E+30
           DelSqG =  5.5189824716E+13
           DelSqK = -2.0160542926E+15
           Stress_EigVals = -2.8740325397E+08 -2.8740325389E+08 -2.8740325383E+08
           Stress_EigVec1 = -6.2585191108E-01  7.0116627278E-01  3.4157758021E-01
           Stress_EigVec2 =  5.5352078123E-01  7.0784410362E-01 -4.3882965911E-01
           Stress_EigVec3 =  5.4947623255E-01  8.5572091743E-02  8.3111568808E-01
           -DivStress =  7.3167263228E+03  3.9673942660E+03 -9.7618011772E+03
           ESP =  -1.4170088072E+02     ESP at Nucleus =  -1.4170088072E+02
           ESPe = -1.5605517057E+02     ESPe at Nucleus = -1.5605517057E+02
           ESPn =  1.4354289851E+01     ESPn at Nucleus =  1.4354289851E+01

CP# 2      Coords =  1.91447678623818E+00 -2.50220605388887E+00 -2.42301424795961E+00
           Type = (3,-3) NACP O2
           Rho =  2.9549082517E+02     Rho at Nucleus =  2.9549080365E+02
           GradRho = -8.3214104878E-11 -4.7668682369E-11 -1.0993337967E-10
           HessRho_EigVals = -8.2191169825E+05 -8.2189875506E+05 -8.2187593665E+05
           HessRho_EigVec1 =  7.5196976704E-01 -5.7620582012E-02  6.5667445358E-01
           HessRho_EigVec2 = -4.8224327827E-01  6.3108101529E-01  6.0760033962E-01
           HessRho_EigVec3 =  4.4942506608E-01  7.7357392709E-01 -4.4676670568E-01
           DelSqRho = -2.4656863900E+06
           Bond Ellipticity = NA
           V = -6.1656105759E+05
           G =  6.9730051660E+01
           K =  6.1649132754E+05
           L =  6.1642159749E+05
           Vnuc =  1.1055408337E+06
           Ven = -3.2667717320E+08
           Vrep =  3.2606061215E+08
           DelSqV =  3.9216785580E+10
           DelSqVen =  2.7259169892E+12
           DelSqVrep = -2.6867002037E+12
           DelSqG =  1.7149397331E+09
           DelSqK = -4.0931725313E+10
           Stress_EigVals = -2.0552493131E+05 -2.0551934349E+05 -2.0551678279E+05
           Stress_EigVec1 =  4.4945027228E-01  7.7352437747E-01 -4.4682713683E-01
           Stress_EigVec2 = -4.8229448773E-01  6.3114968844E-01  6.0748835206E-01
           Stress_EigVec3 =  7.5192185754E-01 -5.7533540179E-02  6.5673694270E-01
           -DivStress = -4.4450103876E+04  5.8405425580E+04  5.6109287641E+04
           ESP =  -2.2014636335E+01     ESP at Nucleus =  -2.2014636522E+01
           ESPe = -3.8808472568E+01     ESPe at Nucleus = -3.8808490986E+01
           ESPn =  1.6793836233E+01     ESPn at Nucleus =  1.6793854464E+01

CP# 3      Coords =  3.49133727632525E+00 -3.24423499317159E+00 -2.12063490972772E+00
           Type = (3,-3) NACP H3
           Rho =  4.0548644748E-01     Rho at Nucleus =  3.9575963524E-01
           GradRho = -2.2516384373E-12  1.0422045171E-12 -4.5813092903E-13
           HessRho_EigVals = -7.9810299491E+00 -7.9572951132E+00 -6.2196166313E+00
           HessRho_EigVec1 =  4.5354393704E-02  4.7984303274E-01  8.7618128427E-01
           HessRho_EigVec2 =  4.4958115341E-01  7.7343694939E-01 -4.4684681023E-01
           HessRho_EigVec3 =  8.9208730821E-01 -4.1418105853E-01  1.8064962020E-01
           DelSqRho = -2.2157941694E+01
           Bond Ellipticity = NA
           V = -5.5993530346E+00
           G =  2.9933805607E-02
           K =  5.5694192290E+00
           L =  5.5394854234E+00
           Vnuc =  3.6698640459E+01
           Ven = -1.4880801347E+01
           Vrep =  9.2814483127E+00
           DelSqV =  1.3443426039E+03
           DelSqVen =  8.1316633553E+02
           DelSqVrep =  5.3117626832E+02
           DelSqG =  1.0321133611E+02
           DelSqK = -1.4475539400E+03
           Stress_EigVals = -2.0206059792E+00 -2.0150853877E+00 -1.5636616678E+00
           Stress_EigVec1 = -4.4957448646E-01 -7.7344565553E-01  4.4683844851E-01
           Stress_EigVec2 =  4.1687525225E-02  4.8153024455E-01  8.7543747568E-01
           Stress_EigVec3 =  8.9226953964E-01 -4.1220194265E-01  1.8424067713E-01
           -DivStress =  2.1784324993E+01 -1.0066888721E+01  4.4911988363E+00
           ESP =  -6.5721061048E-01     ESP at Nucleus =  -6.6088475596E-01
           ESPe = -1.8406888443E+01     ESPe at Nucleus = -1.8199731461E+01
           ESPn =  1.7749677833E+01     ESPn at Nucleus =  1.7538846705E+01

CP# 4      Coords =  1.34456260053521E+00 -3.07970156515095E+00 -3.99510879880892E+00
           Type = (3,-3) NACP H4
           Rho =  4.0536076722E-01     Rho at Nucleus =  3.9564148312E-01
           GradRho =  6.4275635595E-13  6.1924315502E-13  1.7162835823E-12
           HessRho_EigVals = -7.9792528124E+00 -7.9555398911E+00 -6.2191730796E+00
           HessRho_EigVec1 = -8.2974468672E-01  5.4675784737E-01  1.1215886590E-01
           HessRho_EigVec2 =  4.4927690848E-01  7.7351058221E-01 -4.4702532222E-01
           HessRho_EigVec3 =  3.3117067257E-01  3.2052649741E-01  8.8746197107E-01
           DelSqRho = -2.2153965783E+01
           Bond Ellipticity = NA
           V = -5.5982867339E+00
           G =  2.9897644044E-02
           K =  5.5683890898E+00
           L =  5.5384914458E+00
           Vnuc =  3.6693294347E+01
           Ven = -1.4874021948E+01
           Vrep =  9.2757352144E+00
           DelSqV =  1.3441928753E+03
           DelSqVen =  8.1290198744E+02
           DelSqVrep =  5.3129088782E+02
           DelSqG =  1.0320376573E+02
           DelSqK = -1.4473966410E+03
           Stress_EigVals = -2.0201306959E+00 -2.0146151964E+00 -1.5635408416E+00
           Stress_EigVec1 =  4.4929345110E-01  7.7350603978E-01 -4.4701655586E-01
           Stress_EigVec2 = -8.2837645134E-01  5.4807595658E-01  1.1578083040E-01
           Stress_EigVec3 =  3.3455619807E-01  3.1827841937E-01  8.8700112632E-01
           -DivStress = -8.1557240064E+00 -7.7732140146E+00 -2.1646106458E+01
           ESP =  -6.5715382723E-01     ESP at Nucleus =  -6.6081142260E-01
           ESPe = -1.8395613677E+01     ESPe at Nucleus = -1.8188400775E+01
           ESPn =  1.7738459850E+01     ESPn at Nucleus =  1.7527589352E+01

CP# 5      Coords = -1.91786130499609E+00  2.50117555459407E+00  2.42288997720179E+00
           Type = (3,-3) NACP O5
           Rho =  2.9549078420E+02     Rho at Nucleus =  2.9549076268E+02
           GradRho =  5.6576044197E-11  7.2608394991E-11 -1.2767884319E-10
           HessRho_EigVals = -8.2191156324E+05 -8.2189861675E+05 -8.2187580110E+05
           HessRho_EigVec1 =  7.5109256336E-01 -5.6254706793E-02  6.5779584160E-01
           HessRho_EigVec2 = -4.8368829564E-01  6.3124938292E-01  6.0627539058E-01
           HessRho_EigVec3 =  4.4933906343E-01  7.7353708671E-01 -4.4691697389E-01
           DelSqRho = -2.4656859811E+06
           Bond Ellipticity = NA
           V = -6.1656095726E+05
           G =  6.9730994251E+01
           K =  6.1649122627E+05
           L =  6.1642149527E+05
           Vnuc =  1.1054595115E+06
           Ven = -3.2665309794E+08
           Vrep =  3.2603653699E+08
           DelSqV =  3.9216779104E+10
           DelSqVen =  2.7257160201E+12
           DelSqVrep = -2.6864992407E+12
           DelSqG =  1.7149394068E+09
           DelSqK = -4.0931718511E+10
           Stress_EigVals = -2.0552489763E+05 -2.0551931042E+05 -2.0551674921E+05
           Stress_EigVec1 =  4.4939958375E-01  7.7344212549E-01 -4.4702046111E-01
           Stress_EigVec2 = -4.8348516518E-01  6.3135681501E-01  6.0632554556E-01
           Stress_EigVec3 =  7.5118713326E-01 -5.6354686308E-02  6.5767928366E-01
           -DivStress =  4.4573141344E+04 -5.8540536763E+04 -5.5881547494E+04
           ESP =  -2.2014792853E+01     ESP at Nucleus =  -2.2014793041E+01
           ESPe = -3.8805534992E+01     ESPe at Nucleus = -3.8805553402E+01
           ESPn =  1.6790742139E+01     ESPn at Nucleus =  1.6790760362E+01

CP# 6      Coords = -3.49483322956254E+00  3.24155088803920E+00  2.11661982555702E+00
           Type = (3,-3) NACP H6
           Rho =  4.0548251509E-01     Rho at Nucleus =  3.9575861763E-01
           GradRho =  2.2308602448E-12 -1.0291984279E-12  4.6205942718E-13
           HessRho_EigVals = -7.9810070616E+00 -7.9572748965E+00 -6.2200470129E+00
           HessRho_EigVec1 =  4.3334275216E-02  4.8104497672E-01  8.7562427500E-01
           HessRho_EigVec2 =  4.4974601451E-01  7.7322518778E-01 -4.4704734806E-01
           HessRho_EigVec3 =  8.9210462560E-01 -4.1318100071E-01  1.8284090799E-01
           DelSqRho = -2.2158328971E+01
           Bond Ellipticity = NA
           V = -5.5994412680E+00
           G =  2.9929512595E-02
           K =  5.5695117554E+00
           L =  5.5395822428E+00
           Vnuc =  3.6703600426E+01
           Ven = -1.4882668213E+01
           Vrep =  9.2832269455E+00
           DelSqV =  1.3444090051E+03
           DelSqVen =  8.1329045266E+02
           DelSqVrep =  5.3111855248E+02
           DelSqG =  1.0321516550E+02
           DelSqK = -1.4476241706E+03
           Stress_EigVals = -2.0205961573E+00 -2.0150760866E+00 -1.5637690241E+00
           Stress_EigVec1 = -4.4973197360E-01 -7.7323399654E-01  4.4704623757E-01
           Stress_EigVec2 =  3.9665192465E-02  4.8273551038E-01  8.7486747541E-01
           Stress_EigVec3 =  8.9228236810E-01 -4.1118805140E-01  1.8643111852E-01
           -DivStress = -2.1781540338E+01  1.0040734227E+01 -4.5439353860E+00
           ESP =  -6.5735173495E-01     ESP at Nucleus =  -6.6102190839E-01
           ESPe = -1.8408898098E+01     ESPe at Nucleus = -1.8201866909E+01
           ESPn =  1.7751546363E+01     ESPn at Nucleus =  1.7540845001E+01

CP# 7      Coords = -1.35106519425941E+00  3.08141147854730E+00  3.99461385040505E+00
           Type = (3,-3) NACP H7
           Rho =  4.0554335004E-01     Rho at Nucleus =  3.9581319688E-01
           GradRho = -6.5658004207E-13 -6.3647199490E-13 -1.7621898949E-12
           HessRho_EigVals = -7.9823885182E+00 -7.9586488545E+00 -6.2204683701E+00
           HessRho_EigVec1 =  8.3046247347E-01 -5.4608758970E-01 -1.1009279961E-01
           HessRho_EigVec2 = -4.4919239366E-01 -7.7331575105E-01  4.4744713950E-01
           HessRho_EigVec3 =  3.2948182594E-01  3.2213521004E-01  8.8750810296E-01
           DelSqRho = -2.2161505743E+01
           Bond Ellipticity = NA
           V = -5.6002474702E+00
           G =  2.9935517272E-02
           K =  5.5703119530E+00
           L =  5.5403764357E+00
           Vnuc =  3.6681454980E+01
           Ven = -1.4875920137E+01
           Vrep =  9.2756726669E+00
           DelSqV =  1.3445353716E+03
           DelSqVen =  8.1291627520E+02
           DelSqVrep =  5.3161909639E+02
           DelSqG =  1.0323023798E+02
           DelSqK = -1.4477656096E+03
           Stress_EigVals = -2.0209490773E+00 -2.0154261791E+00 -1.5638722138E+00
           Stress_EigVec1 =  4.4921738225E-01  7.7331003242E-01 -4.4743193587E-01
           Stress_EigVec2 = -8.2909810168E-01  5.4741757296E-01  1.1371164673E-01
           Stress_EigVec3 =  3.3286646162E-01  3.1988372039E-01  8.8705936902E-01
           -DivStress =  8.1204916038E+00  7.8179682506E+00  2.1663312628E+01
           ESP =  -6.5731884698E-01     ESP at Nucleus =  -6.6099301397E-01
           ESPe = -1.8391558290E+01     ESPe at Nucleus = -1.8184186932E+01
           ESPn =  1.7734239443E+01     ESPn at Nucleus =  1.7523193918E+01

CP# 8      Coords =  1.77457759512175E+00  3.08123049385001E+00 -1.77840736490648E+00
           Type = (3,-3) NACP O8
           Rho =  2.9549061158E+02     Rho at Nucleus =  2.9549059005E+02
           GradRho =  4.4838303209E-11 -2.3295422015E-11  4.5740711566E-11
           HessRho_EigVals = -8.2191077526E+05 -8.2189781119E+05 -8.2187498548E+05
           HessRho_EigVec1 = -4.7732381421E-01  6.2883215613E-01  6.1378505668E-01
           HessRho_EigVec2 = -4.4214530643E-01 -7.7550253173E-01  4.5066989169E-01
           HessRho_EigVec3 =  7.5938758509E-01 -5.6266710318E-02  6.4820101274E-01
           DelSqRho = -2.4656835719E+06
           Bond Ellipticity = NA
           V = -6.1656034447E+05
           G =  6.9725745278E+01
           K =  6.1649061873E+05
           L =  6.1642089298E+05
           Vnuc =  1.1053041413E+06
           Ven = -3.2660699668E+08
           Vrep =  3.2599043634E+08
           DelSqV =  3.9216739553E+10
           DelSqVen =  2.7253302584E+12
           DelSqVrep = -2.6861135189E+12
           DelSqG =  1.7149370337E+09
           DelSqK = -4.0931676586E+10
           Stress_EigVals = -2.0552469692E+05 -2.0551910666E+05 -2.0551654089E+05
           Stress_EigVec1 =  7.5949525386E-01 -5.6075287674E-02  6.4809144531E-01
           Stress_EigVec2 = -4.4190070094E-01 -7.7559299908E-01  4.5075411289E-01
           Stress_EigVec3 = -4.7737902119E-01  6.2873767335E-01  6.1383891065E-01
           -DivStress = -4.0500410395E+04 -7.1669117127E+04  4.1977941607E+04
           ESP =  -2.2014558325E+01     ESP at Nucleus =  -2.2014558512E+01
           ESPe = -3.8805998979E+01     ESPe at Nucleus = -3.8806017399E+01
           ESPn =  1.6791440655E+01     ESPn at Nucleus =  1.6791458887E+01

CP# 9      Coords =  1.55351797004305E+00  4.78951308445975E+00 -1.37440835574507E+00
           Type = (3,-3) NACP H9
           Rho =  4.0525961636E-01     Rho at Nucleus =  3.9554973006E-01
           GradRho =  2.4237043904E-11 -1.7469860804E-10 -4.3274881291E-11
           HessRho_EigVals = -7.9772245464E+00 -7.9535083699E+00 -6.2184489534E+00
           HessRho_EigVec1 =  6.3703065591E-01  2.6540839242E-01 -7.2370596838E-01
           HessRho_EigVec2 =  7.5943470336E-01 -5.5196450985E-02  6.4823782914E-01
           HessRho_EigVec3 = -1.3210175913E-01  9.6255479690E-01  2.3672217514E-01
           DelSqRho = -2.2149181870E+01
           Bond Ellipticity = NA
           V = -5.5970952199E+00
           G =  2.9899876263E-02
           K =  5.5671953437E+00
           L =  5.5372954674E+00
           Vnuc =  3.6703802992E+01
           Ven = -1.4874569119E+01
           Vrep =  9.2774738994E+00
           DelSqV =  1.3440132817E+03
           DelSqVen =  8.1295920790E+02
           DelSqVrep =  5.3105407383E+02
           DelSqG =  1.0318350267E+02
           DelSqK = -1.4471967844E+03
           Stress_EigVals = -2.0196218265E+00 -2.0141058548E+00 -1.5633675386E+00
           Stress_EigVec1 =  7.5946942299E-01 -5.5215287982E-02  6.4819554728E-01
           Stress_EigVec2 = -6.3644279642E-01 -2.6938917476E-01  7.2275171352E-01
           Stress_EigVec3 = -1.3470991957E-01  9.6144721358E-01  2.3973421341E-01
           -DivStress = -3.2828508679E+00  2.3449456804E+01  5.8444603968E+00
           ESP =  -6.5716131187E-01     ESP at Nucleus =  -6.6081731761E-01
           ESPe = -1.8398929943E+01     ESPe at Nucleus = -1.8191972336E+01
           ESPn =  1.7741768631E+01     ESPn at Nucleus =  1.7531155019E+01

CP# 10     Coords =  2.91681148684753E+00  2.99319356997283E+00 -3.12718966539060E+00
           Type = (3,-3) NACP H10
           Rho =  4.0506813709E-01     Rho at Nucleus =  3.9537029483E-01
           GradRho = -6.4157828247E-11  6.2262877417E-12  7.5897686139E-11
           HessRho_EigVals = -7.9737024211E+00 -7.9499978406E+00 -6.2168324169E+00
           HessRho_EigVec1 =  8.1642264565E-02  9.9660820829E-01 -1.0325686385E-02
           HessRho_EigVec2 =  7.6021861481E-01 -5.5570778511E-02  6.4728629390E-01
           HessRho_EigVec3 = -6.4451702719E-01  6.0695697857E-02  7.6217703582E-01
           DelSqRho = -2.2140532679E+01
           Bond Ellipticity = NA
           V = -5.5948679944E+00
           G =  2.9867412356E-02
           K =  5.5650005820E+00
           L =  5.5351331696E+00
           Vnuc =  3.6710266568E+01
           Ven = -1.4870159291E+01
           Vrep =  9.2752912964E+00
           DelSqV =  1.3436124377E+03
           DelSqVen =  8.1278485666E+02
           DelSqVrep =  5.3082758107E+02
           DelSqG =  1.0314917886E+02
           DelSqK = -1.4467616166E+03
           Stress_EigVals = -2.0187095443E+00 -2.0132003247E+00 -1.5629581254E+00
           Stress_EigVec1 =  7.6020342043E-01 -5.5679402697E-02  6.4729480430E-01
           Stress_EigVec2 =  8.4375299262E-02  9.9634409065E-01 -1.3388871953E-02
           Stress_EigVec3 = -6.4418286879E-01  6.4793959078E-02  7.6212215191E-01
           -DivStress =  1.5696933469E+01 -1.5691461369E+00 -1.8574124386E+01
           ESP =  -6.5714325425E-01     ESP at Nucleus =  -6.6078706557E-01
           ESPe = -1.8397120403E+01     ESPe at Nucleus = -1.8190246046E+01
           ESPn =  1.7739977149E+01     ESPn at Nucleus =  1.7529458980E+01

CP# 11     Coords = -3.00612636056063E+00  2.23203606721050E-01 -2.59297757563608E+00
           Type = (3,-3) NACP O11
           Rho =  2.9549084975E+02     Rho at Nucleus =  2.9549082822E+02
           GradRho =  1.5631455852E-10  2.2111392578E-12 -1.4943891610E-10
           HessRho_EigVals = -8.2191175084E+05 -8.2189876645E+05 -8.2187595917E+05
           HessRho_EigVec1 =  4.4258535783E-01  7.7501155477E-01 -4.5108235502E-01
           HessRho_EigVec2 =  7.5559477783E-01 -5.1418906342E-02  6.5301809148E-01
           HessRho_EigVec3 = -4.8290240500E-01  6.2985171750E-01  6.0835193860E-01
           DelSqRho = -2.4656864765E+06
           Bond Ellipticity = NA
           V = -6.1656107338E+05
           G =  6.9727129961E+01
           K =  6.1649134625E+05
           L =  6.1642161912E+05
           Vnuc =  1.1053682051E+06
           Ven = -3.2662619020E+08
           Vrep =  3.2600962913E+08
           DelSqV =  3.9216786602E+10
           DelSqVen =  2.7254914360E+12
           DelSqVrep = -2.6862746494E+12
           DelSqG =  1.7149396972E+09
           DelSqK = -4.0931726299E+10
           Stress_EigVals = -2.0552493832E+05 -2.0551935248E+05 -2.0551678257E+05
           Stress_EigVec1 = -4.8302545894E-01  6.2985652298E-01  6.0824926344E-01
           Stress_EigVec2 =  7.5559933514E-01 -5.1174404216E-02  6.5303202455E-01
           Stress_EigVec3 =  4.4244327405E-01  7.7502383242E-01 -4.5120062992E-01
           -DivStress =  6.9594848127E+04 -4.5750624939E+03  6.0609859045E+04
           ESP =  -2.2014682666E+01     ESP at Nucleus =  -2.2014682854E+01
           ESPe = -3.8803740981E+01     ESPe at Nucleus = -3.8803759392E+01
           ESPn =  1.6789058314E+01     ESPn at Nucleus =  1.6789076538E+01

CP# 12     Coords = -4.42678097873160E+00 -8.30489976228226E-01 -2.63228831241647E+00
           Type = (3,-3) NACP H12
           Rho =  4.0524536064E-01     Rho at Nucleus =  3.9553536949E-01
           GradRho =  6.5041288327E-16 -5.2150124497E-17  4.4560709289E-17
           HessRho_EigVals = -7.9763924307E+00 -7.9526612867E+00 -6.2175451065E+00
           HessRho_EigVec1 =  3.5691131728E-01 -4.9256693089E-01  7.9372043579E-01
           HessRho_EigVec2 = -4.8341119434E-01  6.2967028085E-01  6.0813563832E-01
           HessRho_EigVec3 =  7.9932967466E-01  6.0074383559E-01  1.3375918961E-02
           DelSqRho = -2.2146598824E+01
           Bond Ellipticity = NA
           V = -5.5964666128E+00
           G =  2.9908453414E-02
           K =  5.5665581594E+00
           L =  5.5366497060E+00
           Vnuc =  3.6708495564E+01
           Ven = -1.4875947524E+01
           Vrep =  9.2794809108E+00
           DelSqV =  1.3438331709E+03
           DelSqVen =  8.1296832470E+02
           DelSqVrep =  5.3086484619E+02
           DelSqG =  1.0316404314E+02
           DelSqK = -1.4469972140E+03
           Stress_EigVals = -2.0194213859E+00 -2.0139040656E+00 -1.5631411613E+00
           Stress_EigVec1 = -4.8341990855E-01  6.2974812742E-01  6.0804809681E-01
           Stress_EigVec2 = -3.6014174561E-01  4.9002263314E-01 -7.9383609270E-01
           Stress_EigVec3 =  7.9787412233E-01  6.0273967434E-01  1.0088106595E-02
           -DivStress = -1.9464716294E+01 -1.4690846627E+01 -2.5379250864E-01
           ESP =  -6.5724428421E-01     ESP at Nucleus =  -6.6090390832E-01
           ESPe = -1.8405003318E+01     ESPe at Nucleus = -1.8198080378E+01
           ESPn =  1.7747759033E+01     ESPn at Nucleus =  1.7537176470E+01

CP# 13     Coords = -3.16155744394246E+00  1.38322165002270E+00 -3.92015510044368E+00
           Type = (3,-3) NACP H13
           Rho =  4.0514127573E-01     Rho at Nucleus =  3.9544130918E-01
           GradRho =  4.8969932926E-12 -4.2132831078E-11  4.7613394564E-11
           HessRho_EigVals = -7.9752092984E+00 -7.9515090797E+00 -6.2179566591E+00
           HessRho_EigVec1 =  8.7199262066E-01  4.0863214367E-01  2.6953411783E-01
           HessRho_EigVec2 = -4.8320594026E-01  6.3037585203E-01  6.0756753079E-01
           HessRho_EigVec3 =  7.8363823353E-02 -6.6003489024E-01  7.4713657042E-01
           DelSqRho = -2.2144675037E+01
           Bond Ellipticity = NA
           V = -5.5959349046E+00
           G =  2.9883072640E-02
           K =  5.5660518319E+00
           L =  5.5361687593E+00
           Vnuc =  3.6703098208E+01
           Ven = -1.4869940031E+01
           Vrep =  9.2740051268E+00
           DelSqV =  1.3438619189E+03
           DelSqVen =  8.1277818273E+02
           DelSqVrep =  5.3108373618E+02
           DelSqG =  1.0316950330E+02
           DelSqK = -1.4470314222E+03
           Stress_EigVals = -2.0191031702E+00 -2.0135898696E+00 -1.5632418647E+00
           Stress_EigVec1 = -4.8323939325E-01  6.3035199199E-01  6.0756567958E-01
           Stress_EigVec2 =  8.7228884797E-01  4.0593597174E-01  2.7263189938E-01
           Stress_EigVec3 =  7.4778703681E-02 -6.6171924034E-01  7.4601326559E-01
           -DivStress = -1.8326647559E+00  1.6123045326E+01 -1.8187458411E+01
           ESP =  -6.5720180946E-01     ESP at Nucleus =  -6.6084874729E-01
           ESPe = -1.8390328723E+01     ESPe at Nucleus = -1.8183361283E+01
           ESPn =  1.7733126913E+01     ESPn at Nucleus =  1.7522512536E+01

CP# 14     Coords = -1.77208548886804E+00 -3.08211462267720E+00  1.77989236871793E+00
           Type = (3,-3) NACP O14
           Rho =  2.9549108119E+02     Rho at Nucleus =  2.9549105963E+02
           GradRho = -3.0155320949E-11 -3.6507168816E-13  8.0565523003E-11
           HessRho_EigVals = -8.2191207977E+05 -8.2189911848E+05 -8.2187629300E+05
           HessRho_EigVec1 = -4.7763592713E-01  6.2728291047E-01  6.1512606134E-01
           HessRho_EigVec2 = -4.4184589233E-01 -7.7667613294E-01  4.4893918513E-01
           HessRho_EigVec3 =  7.5936560927E-01 -5.7361439554E-02  6.4813080216E-01
           DelSqRho = -2.4656874913E+06
           Bond Ellipticity = NA
           V = -6.1656132245E+05
           G =  6.9724819399E+01
           K =  6.1649159763E+05
           L =  6.1642187281E+05
           Vnuc =  1.1045897225E+06
           Ven = -3.2639641138E+08
           Vrep =  3.2577985006E+08
           DelSqV =  3.9216801463E+10
           DelSqVen =  2.7235730621E+12
           DelSqVrep = -2.6843562607E+12
           DelSqG =  1.7149397561E+09
           DelSqK = -4.0931741219E+10
           Stress_EigVals = -2.0552502287E+05 -2.0551943223E+05 -2.0551686735E+05
           Stress_EigVec1 =  7.5943825098E-01 -5.7234541298E-02  6.4805690354E-01
           Stress_EigVec2 = -4.4178040473E-01 -7.7660812155E-01  4.4912125260E-01
           Stress_EigVec3 = -4.7758100564E-01  6.2737869969E-01  6.1507101235E-01
           -DivStress =  4.0599231512E+04  7.1849030592E+04 -4.1705902043E+04
           ESP =  -2.2014780783E+01     ESP at Nucleus =  -2.2014780971E+01
           ESPe = -3.8803464547E+01     ESPe at Nucleus = -3.8803482967E+01
           ESPn =  1.6788683764E+01     ESPn at Nucleus =  1.6788701996E+01

CP# 15     Coords = -1.55075737548006E+00 -4.78944187842776E+00  1.37178482297728E+00
           Type = (3,-3) NACP H15
           Rho =  4.0528894111E-01     Rho at Nucleus =  3.9558223007E-01
           GradRho = -1.9032588006E-11  1.3693197834E-10  3.4262497570E-11
           HessRho_EigVals = -7.9778014640E+00 -7.9540877047E+00 -6.2194797507E+00
           HessRho_EigVec1 =  6.3705771739E-01  2.6723233797E-01 -7.2301061005E-01
           HessRho_EigVec2 =  7.5938149180E-01 -5.6620081069E-02  6.4817738030E-01
           HessRho_EigVec3 = -1.3227703740E-01  9.6196727801E-01  2.3900155107E-01
           DelSqRho = -2.2151368919E+01
           Bond Ellipticity = NA
           V = -5.5976452809E+00
           G =  2.9901525530E-02
           K =  5.5677437554E+00
           L =  5.5378422299E+00
           Vnuc =  3.6710517782E+01
           Ven = -1.4878366880E+01
           Vrep =  9.2807215987E+00
           DelSqV =  1.3442015296E+03
           DelSqVen =  8.1318822271E+02
           DelSqVrep =  5.3101330685E+02
           DelSqG =  1.0319555707E+02
           DelSqK = -1.4473970866E+03
           Stress_EigVals = -2.0197660519E+00 -2.0142507474E+00 -1.5636284816E+00
           Stress_EigVec1 =  7.5940701398E-01 -5.6632451241E-02  6.4814639750E-01
           Stress_EigVec2 = -6.3647837207E-01 -2.7121090359E-01  7.2203873003E-01
           Stress_EigVec3 = -1.3489354695E-01  9.6085243989E-01  2.4200479283E-01
           -DivStress =  3.2869638534E+00 -2.3432238711E+01 -5.8990087067E+00
           ESP =  -6.5738439902E-01     ESP at Nucleus =  -6.6103757640E-01
           ESPe = -1.8401730888E+01     ESPe at Nucleus = -1.8194906611E+01
           ESPn =  1.7744346489E+01     ESPn at Nucleus =  1.7533869035E+01

CP# 16     Coords = -2.91483131343356E+00 -2.99807099622270E+00  3.12813929099394E+00
           Type = (3,-3) NACP H16
           Rho =  4.0519364807E-01     Rho at Nucleus =  3.9548960119E-01
           GradRho =  6.4477845372E-11 -6.0246362478E-12 -7.6221573107E-11
           HessRho_EigVals = -7.9759346617E+00 -7.9522135605E+00 -6.2179858877E+00
           HessRho_EigVec1 =  8.1044943199E-02  9.9667979440E-01 -7.8169443278E-03
           HessRho_EigVec2 =  7.5997136323E-01 -5.6718862394E-02  6.4747702486E-01
           HessRho_EigVec3 = -6.4488389982E-01  5.8415392539E-02  7.6204487904E-01
           DelSqRho = -2.2146134110E+01
           Bond Ellipticity = NA
           V = -5.5963212284E+00
           G =  2.9893850433E-02
           K =  5.5664273779E+00
           L =  5.5365335275E+00
           Vnuc =  3.6701427510E+01
           Ven = -1.4871185302E+01
           Vrep =  9.2748640737E+00
