AIMSum (Version 19.02.13, Professional)
Copyright (c) 1997-2019 by Todd A. Keith
AIMSum is a component of the AIMAll package ( http://aim.tkgristmill.com )

TP:  64-bit Linux

Licensed To:  Research Group of Fernando Cortes Guzman, UNAM, fercor@unam.mx

Much of the Quantum Theory of Atoms in Molecules (QTAIM) is described in the book:
  "Atoms in Molecules - A Quantum Theory"
  R.F.W. Bader, Oxford University Press, Oxford, 1990

For additional references see:  http://aim.tkgristmill.com/references.html

Wfx File:  /home/scratch/M_H2O_4_cuadrado_plano/Opt/Ti3_cuadrado_plano_cc-pvtz-def2-tzv_1.wfx
Sum File:  /home/scratch/M_H2O_4_cuadrado_plano/Opt/Ti3_cuadrado_plano_cc-pvtz-def2-tzv_1.sum

SumViz File:  /home/scratch/M_H2O_4_cuadrado_plano/Opt/Ti3_cuadrado_plano_cc-pvtz-def2-tzv_1.sumviz

Wfx Title:   Ti3_cuadrado_plano_cc-pvtz-def2-tzv_1                                         
 
Total memory allocated for AIMSum =        0.933 Megabytes

Atomic units (a.u.) used throughout, except where stated otherwise

Model:  Unrestricted SCF
 
Unrestricted, single-determinant wavefunction.
  Number of electrons (from MO Occs)                   =          59.0000000000
  Number of Alpha electrons (from MO Occs)             =          30.0000000000
  Number of Beta electrons (from MO Occs)              =          29.0000000000
  Number of electron pairs (N*(N-1)/2)                 =        1711.0000000000
  Number of electron pairs (from Muller 2EDM)          =        1711.0000000000
 
Nuclear Charges and Cartesian Coordinates:
-------------------------------------------------------------------------------
Atom      Charge                X                  Y                  Z
-------------------------------------------------------------------------------
Ti1       22.0          -1.0356641266E-05   1.3023848583E-05  -8.0073487347E-05
O2         8.0           3.7390992330E+00  -1.3806523120E-01  -5.8436123125E-05
H3         1.0           4.8384375333E+00  -1.2346614081E+00  -1.0588699286E+00
O4         8.0           1.3806323079E-01   3.7391194010E+00  -7.2703555428E-05
H5         1.0          -8.9793453013E-01   4.9159007607E+00   1.0358595534E+00
O6         8.0          -3.7391199463E+00   1.3808166019E-01  -5.8436123125E-05
H7         1.0          -4.9152102842E+00  -8.7392689527E-01   1.0604516934E+00
O8         8.0          -1.3808364170E-01  -3.7390997783E+00  -7.2703555428E-05
H9         1.0           8.9863531519E-01  -4.9163037360E+00   1.0347785166E+00
H10        1.0          -4.8374906488E+00   1.2340724654E+00  -1.0605262546E+00
H11        1.0           1.2595107474E+00   4.8361861143E+00  -1.0344803672E+00
H12        1.0          -1.2594707810E+00  -4.8364087544E+00  -1.0344811609E+00
H13        1.0           4.9140794878E+00   8.7456651579E-01   1.0611277996E+00
 
Some Atomic Properties:
----------------------
  q(A) = Net Charge of Atom A
  L(A) = Lagrangian of Atom A = -(1/4) Times Atomic Integral of the Laplacian of the Electron Density
  K(A) = Electronic Kinetic Energy of Atom A (Hamiltonian Form)
  K_Scaled(A) = K(A) * E(Mol)/K(Mol) = Approximation to Virial-Based Total Energy of Atom A.
  |Mu_Intra(A)| = Magnitude of Intraatomic Dipole Moment of Atom A
--------------------------------------------------------------------------------------------------
Atom A          q(A)              L(A)              K(A)          K_Scaled(A)      |Mu_Intra(A)|
--------------------------------------------------------------------------------------------------
Ti1       2.0783830570E+00 -7.7341948280E-05  8.4818908951E+02 -8.5019061414E+02  7.6445707700E-04
O2       -1.1783251307E+00 -1.9376097167E-06  7.5324344531E+01 -7.5502092079E+01  1.5561300303E-01
H3        7.0447522036E-01  1.0423056331E-05  2.8753568500E-01 -2.8821420087E-01  1.0341156805E-01
O4       -1.1783278708E+00  1.1688870714E-05  7.5324476307E+01 -7.5502224166E+01  1.5505615498E-01
H5        7.0432167133E-01  1.2925300620E-05  2.8767936222E-01 -2.8835821713E-01  1.0349593115E-01
O6       -1.1783251735E+00 -7.7863863036E-06  7.5324355521E+01 -7.5502103095E+01  1.5566314761E-01
H7        7.0441037604E-01  1.2734562422E-05  2.8758966471E-01 -2.8826830796E-01  1.0343366373E-01
O8       -1.1782695895E+00 -1.2654478931E-05  7.5324308324E+01 -7.5502055787E+01  1.5515716557E-01
H9        7.0428254263E-01  1.1268390705E-05  2.8769622520E-01 -2.8837511990E-01  1.0349883959E-01
H10       7.0442101665E-01  1.4201979150E-05  2.8757735670E-01 -2.8825597090E-01  1.0342586024E-01
H11       7.0431482416E-01  1.1701589336E-05  2.8768526898E-01 -2.8836413783E-01  1.0349682966E-01
H12       7.0427797492E-01  1.3428368123E-05  2.8769902306E-01 -2.8837792437E-01  1.0350086816E-01
H13       7.0435647932E-01  1.2189460333E-05  2.8762437899E-01 -2.8830310415E-01  1.0344604727E-01
--------------------------------------------------------------------------------------------------
Total     2.9999953979E+00  1.0841154503E-05  1.1517876612E+03 -1.1545056063E+03
 
1st Largest |L(A)| = 7.7341948280E-05, atom Ti1     
2nd Largest |L(A)| = 1.4201979150E-05, atom H10     
 
Molecular charge q(Mol) from the wfx file:   3.0000000000E+00
Molecular energy E(Mol) from the wfx file:  -1.1545055987E+03
Molecular virial ratio (-V(Mol)/T(Mol)) from the wfx file:   2.0023597623E+00
Full molecular virial ratio ((-V(Mol)+W(Mol))/T(Mol)) from the wfx file:   2.0023602094E+00
Note.  K_Scaled(A) = (1+V(Mol)/T(Mol))*K(A) = (E(Mol)/T(Mol))*K(A)
       Only use K_Scaled(A) data with caution.
 
N_AIMInt(SumA)     =         59.000005
N_Analytic(Mol)    =         59.000000
 
G_AIMInt(SumA)     =       1151.787650
G_Analytic(Mol)    =       1151.787654
 
K_AIMInt(SumA)     =       1151.787661
K_Analytic(Mol)    =       1151.787654
 
L_AIMInt(SumA)     =          0.000011
L_Analytic(Mol)    =          0.000000
 
VenT_AIMInt(SumA)  =      -3404.341275
VenT_Analytic(Mol) =      -3404.341008
 
Some Information About the Atomic Calculations:
----------------------------------------------
  Time(sec) = "Elapsed User Time", in Seconds, for Atom A by AIMInt and, if used, by TWOe
  NProc = Number of Processors Used for AIMInt Job
  BIM = Basin Integration Method
  OAQ = Angular Quadrature Outside of Beta Sphere
  ORQ = Multiple of Default for Radial Quadrature Outside of Beta Sphere
  IAQ = Multiple of Default for Angular Quadrature Inside of Beta Sphere
  IRQ = Multiple of Default for Radial Quadrature Inside of Beta Sphere
  MIR = Maximum Integration Radius
------------------------------------------------------------------------------------------------------
Atom A     Time(sec)   NProc      BIM          OAQ                     ORQ      IAQ      IRQ      MIR
------------------------------------------------------------------------------------------------------
Ti1           415        1     Proaim(5)    4500(GS4)                  1.00     1.00     1.00    13.00
O2            268        1     Proaim(5)    4500(GS4)                  1.00     1.00     1.00    13.00
H3             87        1     Proaim(5)    1800(GS4)                  1.00     1.00     1.00    13.00
O4            224        1     Proaim(5)    4500(GS4)                  1.00     1.00     1.00    13.00
H5             86        1     Proaim(5)    1800(GS4)                  1.00     1.00     1.00    13.00
O6            235        1     Proaim(5)    4500(GS4)                  1.00     1.00     1.00    13.00
H7             95        1     Proaim(5)    1800(GS4)                  1.00     1.00     1.00    13.00
O8            239        1     Proaim(5)    4500(GS4)                  1.00     1.00     1.00    13.00
H9            117        1     Proaim(5)    1800(GS4)                  1.00     1.00     1.00    13.00
H10            96        1     Proaim(5)    1800(GS4)                  1.00     1.00     1.00    13.00
H11           126        1     Proaim(5)    1800(GS4)                  1.00     1.00     1.00    13.00
H12           105        1     Proaim(5)    1800(GS4)                  1.00     1.00     1.00    13.00
H13            91        1     Proaim(5)    1800(GS4)                  1.00     1.00     1.00    13.00
------------------------------------------------------------------------------------------------------
Total        2184
Note:  Total wall clock time is less than total of atomic times if more than one atom
       was calculated at a time
 
Electron Density Critical Point Analysis of Molecular Structure:               
---------------------------------------------------------------                
  NACP = Nuclear Attractor Critical Point                                      
  NNACP = Non-Nuclear Attractor Critical Point                                 
  BCP = Bond Critical Point                                                    
  RCP = Ring Critical Point                                                    
  CCP = Cage Critical Point                                                    
  Rho = Electron Density                                                       
  GradRho = Gradient of Electron Density                                       
  HessRho_EigVals = Eigenvalues of the Hessian of Rho, Ascending Order         
  HessRho_EigVecs = Eigenvectors of the Hessian of Rho                         
  DelSqRho = Laplacian of Rho = Trace of Hessian of Rho                        
  Bond Ellipticity = (HessRho_EigVal(1) / HessRho_EigVal(2)) - 1               
  V = Virial Field = Potential Energy Density = Trace of Stress Tensor         
  G = Lagrangian Form of Kinetic Energy Density                                
  K = Hamiltonian Form of Kinetic Energy Density                               
  L = K - G = Lagrangian Density = (-1/4)DelSqRho                              
  Vnuc = Electrostatic Potential from Nuclei                                   
  Ven = Electron-nuclear attractive contribution to Virial Field V             
  Vrep = V - Ven = Repulsive contribution to Virial Field V                    
  DelSqV = Laplacian of V                                                      
  DelSqVen = Laplacian of Ven                                                  
  DelSqVrep = Laplacian of Vrep                                                
  DelSqG = Laplacian of G                                                      
  DelSqK = Laplacian of K                                                      
  Stress_EigVals = Eigenvalues of Stress Tensor, Ascending Order               
  Stress_EigVecs = Eigenvectors of Stress Tensor                               
  -DivStress = Ehrenfest Force Density = Minus Divergence of Stress Tensor     
  ESP = Total Electrostatic Potential                                          
  ESPe = Electrostatic Potential from Electrons                                
  ESPn = Electrostatic Potential from Nuclei                                   
  BP = Bond Path                                                               
  BPL = Bond Path Length                                                       
  GBL = Geometric Bond Length                                                  
  GBL_I = Distance Between Nuclear Attractors                                  
  GBL_II = Distance Between Nuclei                                             
  GBL_III = Sum of Distances Between BCP and Nuclear Attractors                
  GBL_IV = Sum of Distances Between BCP and Nuclei                             

CP# 1      Coords = -1.03566417113274E-05  1.30238495441301E-05 -8.00734882798122E-05
           Type = (3,-3) NACP Ti1
           Rho =  7.0808501251E+03     Rho at Nucleus =  7.0808501251E+03
           GradRho =  8.4782658324E-13  2.9577859259E-13  4.9616769027E-12
           HessRho_EigVals = -1.0349984413E+09 -1.0349979261E+09 -1.0349979258E+09
           HessRho_EigVec1 =  5.4896342978E-05  1.1724106892E-05  9.9999999842E-01
           HessRho_EigVec2 =  9.9930390074E-01  3.7305641874E-02 -5.5295505094E-05
           HessRho_EigVec3 = -3.7305642463E-02  9.9930390220E-01 -9.6680024384E-06
           DelSqRho = -3.1049942932E+09
           Bond Ellipticity = NA
           V = -7.7640888941E+08
           G =  8.0158052439E+04
           K =  7.7632873136E+08
           L =  7.7624857330E+08
           Vnuc =  2.2000000101E+09
           Ven = -1.5577870347E+13
           Vrep =  1.5577093938E+13
           DelSqV =  1.6415838502E+16
           DelSqVen =  4.6733609895E+29
           DelSqVrep = -4.6733609895E+29
           DelSqG =  1.1348512649E+14
           DelSqK = -1.6529323629E+16
           Stress_EigVals = -2.5880299622E+08 -2.5880299607E+08 -2.5880289712E+08
           Stress_EigVec1 = -4.8403032681E-04  9.9999988241E-01  2.9791463227E-05
           Stress_EigVec2 =  9.9999988271E-01  4.8403084479E-04 -1.7382209542E-05
           Stress_EigVec3 =  1.7396627485E-05 -2.9783046216E-05  9.9999999941E-01
           -DivStress =  2.4262914839E+03 -5.2347400693E+03  5.0769016692E+03
           ESP =  -9.0813936605E+01     ESP at Nucleus =  -9.0813936605E+01
           ESPe = -1.0093380075E+02     ESPe at Nucleus = -1.0093380075E+02
           ESPn =  1.0119864150E+01     ESPn at Nucleus =  1.0119864150E+01

CP# 2      Coords =  3.73910300676412E+00 -1.38065371220890E-01 -5.84290864519287E-05
           Type = (3,-3) NACP O2
           Rho =  2.9726806843E+02     Rho at Nucleus =  2.9726806052E+02
           GradRho = -7.4008355000E-11 -7.2014616492E-12  2.9143354396E-15
           HessRho_EigVals = -1.1096442246E+06 -1.1096347652E+06 -1.1096156485E+06
           HessRho_EigVec1 =  2.4959735599E-02  6.9591313272E-01  7.1769208113E-01
           HessRho_EigVec2 =  9.9932317488E-01 -3.6774639776E-02  9.0444435067E-04
           HessRho_EigVec3 =  2.7022282455E-02  7.1718375440E-01 -6.9636000651E-01
           DelSqRho = -3.3288946384E+06
           Bond Ellipticity = NA
           V = -8.3235954633E+05
           G =  6.7943367191E+01
           K =  8.3229160296E+05
           L =  8.3222365959E+05
           Vnuc =  2.1184577019E+06
           Ven = -6.2974982909E+08
           Vrep =  6.2891746955E+08
           DelSqV =  9.3072461901E+10
           DelSqVen =  7.0521224970E+12
           DelSqVrep = -6.9590500351E+12
           DelSqG =  3.1070307710E+09
           DelSqK = -9.6179492672E+10
           Stress_EigVals = -2.7745693667E+05 -2.7745232977E+05 -2.7745027989E+05
           Stress_EigVec1 =  2.7095214805E-02  7.1815622391E-01 -6.9535421722E-01
           Stress_EigVec2 =  9.9931898114E-01 -3.6889951783E-02  8.3987982676E-04
           Stress_EigVec3 =  2.5048418620E-02  6.9490342460E-01  7.1866668714E-01
           -DivStress = -1.1492649743E+05  4.2642613975E+03 -2.1439020283E+02
           ESP =  -2.1699908339E+01     ESP at Nucleus =  -2.1699908425E+01
           ESPe = -3.3607191014E+01     ESPe at Nucleus = -3.3607198123E+01
           ESPn =  1.1907282676E+01     ESPn at Nucleus =  1.1907289698E+01

CP# 3      Coords =  4.80599956747044E+00 -1.20314843228445E+00 -1.02812016440106E+00
           Type = (3,-3) NACP H3
           Rho =  3.7154490796E-01     Rho at Nucleus =  3.6203345625E-01
           GradRho = -1.0318135235E-14  1.1646933418E-14  1.1386724896E-14
           HessRho_EigVals = -7.2809357482E+00 -7.2743393573E+00 -5.6166654185E+00
           HessRho_EigVec1 =  8.0458202268E-01  3.7574667816E-01  4.5985019585E-01
           HessRho_EigVec2 = -5.4287539121E-02 -7.2458282441E-01  6.8704628204E-01
           HessRho_EigVec3 =  5.9135491193E-01 -5.7774922278E-01 -5.6258795198E-01
           DelSqRho = -2.0171940524E+01
           Bond Ellipticity = NA
           V = -5.0896053378E+00
           G =  2.3310103396E-02
           K =  5.0662952344E+00
           L =  5.0429851310E+00
           Vnuc =  3.1628998040E+01
           Ven = -1.1751593166E+01
           Vrep =  6.6619878279E+00
           DelSqV =  1.2103692478E+03
           DelSqVen =  6.3801826730E+02
           DelSqVrep =  5.7235098051E+02
           DelSqG =  9.3313940904E+01
           DelSqK = -1.3036831887E+03
           Stress_EigVals = -1.8416994394E+00 -1.8357926791E+00 -1.4121132193E+00
           Stress_EigVec1 = -1.5035552652E-02 -7.0555859476E-01  7.0849206172E-01
           Stress_EigVec2 =  8.0774516991E-01  4.0906627558E-01  4.2451445519E-01
           Stress_EigVec3 =  5.8934003142E-01 -5.7866385022E-01 -5.6376100948E-01
           -DivStress =  1.3591175705E+01 -1.3207582273E+01 -1.2887649844E+01
           ESP =  -3.8824159985E-01     ESP at Nucleus =  -3.9087833690E-01
           ESPe = -1.3731875736E+01     ESPe at Nucleus = -1.3543521304E+01
           ESPn =  1.3343634137E+01     ESPn at Nucleus =  1.3152642968E+01

CP# 4      Coords =  1.38063375158118E-01  3.73912317431280E+00 -7.26985214757640E-05
           Type = (3,-3) NACP O4
           Rho =  2.9726864305E+02     Rho at Nucleus =  2.9726863514E+02
           GradRho =  1.4362039336E-11 -1.3333273374E-10 -6.6613381478E-15
           HessRho_EigVals = -1.1096464270E+06 -1.1096369837E+06 -1.1096178805E+06
           HessRho_EigVec1 =  7.1229304373E-01 -2.6352026172E-02 -7.0138733277E-01
           HessRho_EigVec2 =  3.7402092371E-02  9.9930020068E-01  4.3865231258E-04
           HessRho_EigVec3 =  7.0088494301E-01 -2.6545802799E-02  7.1278020246E-01
           DelSqRho = -3.3289012912E+06
           Bond Ellipticity = NA
           V = -8.3236120753E+05
           G =  6.7942358172E+01
           K =  8.3229326517E+05
           L =  8.3222532281E+05
           Vnuc =  2.1185904225E+06
           Ven = -6.2979050009E+08
           Vrep =  6.2895813888E+08
           DelSqV =  9.3072647195E+10
           DelSqVen =  7.0525783818E+12
           DelSqVrep = -6.9595057346E+12
           DelSqG =  3.1070371681E+09
           DelSqK = -9.6179684363E+10
           Stress_EigVals = -2.7745748672E+05 -2.7745288318E+05 -2.7745083763E+05
           Stress_EigVec1 =  7.0188416518E-01 -2.6632583927E-02  7.1179303463E-01
           Stress_EigVec2 =  3.7437400535E-02  9.9929886252E-01  4.7372225804E-04
           Stress_EigVec3 =  7.1130658630E-01 -2.6315182784E-02 -7.0238910259E-01
           -DivStress = -4.3966122586E+03 -1.1491441641E+05 -1.5335650490E+02
           ESP =  -2.1700188953E+01     ESP at Nucleus =  -2.1700189039E+01
           ESPe = -3.3607136825E+01     ESPe at Nucleus = -3.3607143933E+01
           ESPn =  1.1906947872E+01     ESPn at Nucleus =  1.1906954894E+01

CP# 5      Coords = -8.68214279137713E-01  4.88123025211975E+00  1.00576617856645E+00
           Type = (3,-3) NACP H5
           Rho =  3.7172048963E-01     Rho at Nucleus =  3.6220463121E-01
           GradRho =  9.1884486131E-13 -1.0716046106E-12 -9.2860441558E-13
           HessRho_EigVals = -7.2841530632E+00 -7.2775443885E+00 -5.6190196951E+00
           HessRho_EigVec1 =  4.4586449664E-01  7.7475102736E-01 -4.4829197656E-01
           HessRho_EigVec2 =  7.0998867918E-01 -1.1178623379E-03  7.0421220226E-01
           HessRho_EigVec3 = -5.4508799846E-01  6.3226544742E-01  5.5056287374E-01
           DelSqRho = -2.0180717147E+01
           Bond Ellipticity = NA
           V = -5.0918330907E+00
           G =  2.3326902021E-02
           K =  5.0685061887E+00
           L =  5.0451792867E+00
           Vnuc =  3.1632370986E+01
           Ven = -1.1758400431E+01
           Vrep =  6.6665673402E+00
           DelSqV =  1.2108822138E+03
           DelSqVen =  6.3836393155E+02
           DelSqVrep =  5.7251828222E+02
           DelSqG =  9.3351473242E+01
           DelSqK = -1.3042336870E+03
           Stress_EigVals = -1.8425144030E+00 -1.8366058657E+00 -1.4127128220E+00
           Stress_EigVec1 =  6.8836668511E-01 -3.7554326468E-02  7.2439007406E-01
           Stress_EigVec2 =  4.7731497348E-01  7.7542820818E-01 -4.1337816832E-01
           Stress_EigVec3 = -5.4618835847E-01  6.3031798842E-01  5.5170418754E-01
           -DivStress = -1.2461909586E+01  1.4533055586E+01  1.2617939302E+01
           ESP =  -3.8860282476E-01     ESP at Nucleus =  -3.9124257617E-01
           ESPe = -1.3735950492E+01     ESPe at Nucleus = -1.3547639241E+01
           ESPn =  1.3347347667E+01     ESPn at Nucleus =  1.3156396665E+01

CP# 6      Coords = -3.73912372023307E+00  1.38081799474493E-01 -5.84359075726327E-05
           Type = (3,-3) NACP O6
           Rho =  2.9726808377E+02     Rho at Nucleus =  2.9726807586E+02
           GradRho =  1.7997903168E-10 -1.4754059086E-11  2.0816681712E-15
           HessRho_EigVals = -1.1096442829E+06 -1.1096348259E+06 -1.1096157072E+06
           HessRho_EigVec1 = -2.5668350924E-02 -6.9551695033E-01  7.1805104802E-01
           HessRho_EigVec2 =  9.9931919411E-01 -3.6893740899E-02 -1.3016340068E-05
           HessRho_EigVec3 =  2.6500642403E-02  7.1756186053E-01  6.9599043978E-01
           DelSqRho = -3.3288948160E+06
           Bond Ellipticity = NA
           V = -8.3235959074E+05
           G =  6.7943369504E+01
           K =  8.3229164737E+05
           L =  8.3222370400E+05
           Vnuc =  2.1183606683E+06
           Ven = -6.2972101659E+08
           Vrep =  6.2888865700E+08
           DelSqV =  9.3072466852E+10
           DelSqVen =  7.0517998633E+12
           DelSqVrep = -6.9587273964E+12
           DelSqG =  3.1070309422E+09
           DelSqK = -9.6179497794E+10
           Stress_EigVals = -2.7745695162E+05 -2.7745234423E+05 -2.7745029489E+05
           Stress_EigVec1 =  2.6538354775E-02  7.1853557533E-01  6.9498369961E-01
           Stress_EigVec2 =  9.9931901847E-01 -3.6898498722E-02 -1.0645770814E-05
           Stress_EigVec3 = -2.5636205787E-02 -6.9451071106E-01  7.1902549132E-01
           -DivStress =  1.1493279674E+05 -4.2417836371E+03 -6.5558425816E+00
           ESP =  -2.1699915315E+01     ESP at Nucleus =  -2.1699915401E+01
           ESPe = -3.3607177885E+01     ESPe at Nucleus = -3.3607184995E+01
           ESPn =  1.1907262571E+01     ESPn at Nucleus =  1.1907269593E+01

CP# 7      Coords = -4.88056933456692E+00 -8.44908666466612E-01  1.02965501576348E+00
           Type = (3,-3) NACP H7
           Rho =  3.7157881672E-01     Rho at Nucleus =  3.6206745353E-01
           GradRho =  1.0236984871E-12  8.5998569377E-13 -9.1130575308E-13
           HessRho_EigVals = -7.2816231625E+00 -7.2750391446E+00 -5.6173611143E+00
           HessRho_EigVec1 = -7.7514513779E-01  4.3431870546E-01 -4.5882161833E-01
           HessRho_EigVec2 =  5.0638647162E-04  7.2665956999E-01  6.8699753487E-01
           HessRho_EigVec3 =  6.3178299988E-01  5.3229045777E-01 -5.6348656562E-01
           DelSqRho = -2.0174023421E+01
           Bond Ellipticity = NA
           V = -5.0901357060E+00
           G =  2.3314925322E-02
           K =  5.0668207807E+00
           L =  5.0435058554E+00
           Vnuc =  3.1631234522E+01
           Ven = -1.1753496695E+01
           Vrep =  6.6633609891E+00
           DelSqV =  1.2105094279E+03
           DelSqVen =  6.3812926609E+02
           DelSqVrep =  5.7238016178E+02
           DelSqG =  9.3324534606E+01
           DelSqK = -1.3038339625E+03
           Stress_EigVals = -1.8418785483E+00 -1.8359677799E+00 -1.4122893778E+00
           Stress_EigVec1 =  3.7536952255E-02  7.0521931360E-01  7.0799484246E-01
           Stress_EigVec2 = -7.7581779799E-01  4.6711853746E-01 -4.2415447219E-01
           Stress_EigVec3 =  6.2983944108E-01  5.3335353349E-01 -5.6465590122E-01
           -DivStress = -1.4515995316E+01 -1.2163570876E+01  1.2908635232E+01
           ESP =  -3.8825137978E-01     ESP at Nucleus =  -3.9088908176E-01
           ESPe = -1.3733055261E+01     ESPe at Nucleus = -1.3544714787E+01
           ESPn =  1.3344803881E+01     ESPn at Nucleus =  1.3153825706E+01

CP# 8      Coords = -1.38083783226907E-01 -3.73910355299743E+00 -7.27019247662683E-05
           Type = (3,-3) NACP O8
           Rho =  2.9726879186E+02     Rho at Nucleus =  2.9726878394E+02
           GradRho = -1.4624634836E-11 -1.9558843434E-10  1.3600232052E-15
           HessRho_EigVals = -1.1096468602E+06 -1.1096374243E+06 -1.1096183155E+06
           HessRho_EigVec1 =  7.1257952217E-01 -2.6400184718E-02  7.0109446926E-01
           HessRho_EigVec2 =  3.7132995908E-02  9.9931032626E-01 -1.1159020655E-04
           HessRho_EigVec3 = -7.0060799681E-01  2.6113254954E-02  7.1306839273E-01
           DelSqRho = -3.3289026000E+06
           Bond Ellipticity = NA
           V = -8.3236153259E+05
           G =  6.7941291502E+01
           K =  8.3229359130E+05
           L =  8.3222565001E+05
           Vnuc =  2.1179162264E+06
           Ven = -6.2959039787E+08
           Vrep =  6.2875803633E+08
           DelSqV =  9.3072682848E+10
           DelSqVen =  7.0503367475E+12
           DelSqVrep = -6.9572640647E+12
           DelSqG =  3.1070380452E+09
           DelSqK = -9.6179720893E+10
           Stress_EigVals = -2.7745759550E+05 -2.7745299049E+05 -2.7745094660E+05
           Stress_EigVec1 = -7.0160829382E-01  2.6169044541E-02  7.1208214635E-01
           Stress_EigVec2 =  3.7138730323E-02  9.9931011064E-01 -1.3221730039E-04
           Stress_EigVec3 =  7.1159434845E-01 -2.6353062046E-02  7.0209614681E-01
           -DivStress =  4.3100166618E+03  1.1495452464E+05 -4.9670165780E+01
           ESP =  -2.1700195637E+01     ESP at Nucleus =  -2.1700195724E+01
           ESPe = -3.3607073754E+01     ESPe at Nucleus = -3.3607080865E+01
           ESPn =  1.1906878117E+01     ESPn at Nucleus =  1.1906885141E+01

CP# 9      Coords =  8.68899541183510E-01 -4.88162388299879E+00  1.00472057040565E+00
           Type = (3,-3) NACP H9
           Rho =  3.7169997682E-01     Rho at Nucleus =  3.6218610147E-01
           GradRho = -9.3005464441E-13  1.0793935190E-12 -9.3842295046E-13
           HessRho_EigVals = -7.2838645195E+00 -7.2772649828E+00 -5.6190485170E+00
           HessRho_EigVec1 =  4.4555188375E-01  7.7456774245E-01  4.4891906982E-01
           HessRho_EigVec2 = -7.0992222338E-01  1.8388902007E-04  7.0428006002E-01
           HessRho_EigVec3 = -5.4543006485E-01  6.3249093159E-01 -5.4996478598E-01
           DelSqRho = -2.0180178019E+01
           Bond Ellipticity = NA
           V = -5.0916917189E+00
           G =  2.3323607012E-02
           K =  5.0683681118E+00
           L =  5.0450445048E+00
           Vnuc =  3.1633567696E+01
           Ven = -1.1758196379E+01
           Vrep =  6.6665046606E+00
           DelSqV =  1.2108763786E+03
           DelSqVen =  6.3837102750E+02
           DelSqVrep =  5.7250535109E+02
           DelSqG =  9.3351132031E+01
           DelSqK = -1.3042275106E+03
           Stress_EigVals = -1.8424396867E+00 -1.8365314367E+00 -1.4127205954E+00
           Stress_EigVec1 = -6.8798145464E-01  3.7157299897E-02  7.2477641597E-01
           Stress_EigVec2 =  4.7748361667E-01  7.7526070765E-01  4.1349755862E-01
           Stress_EigVec3 = -5.4652622434E-01  6.3054751625E-01 -5.5110699131E-01
           -DivStress =  1.2468101516E+01 -1.4536621130E+01  1.2602786401E+01
           ESP =  -3.8861082454E-01     ESP at Nucleus =  -3.9124841509E-01
           ESPe = -1.3735442890E+01     ESPe at Nucleus = -1.3547155658E+01
           ESPn =  1.3346832066E+01     ESPn at Nucleus =  1.3155907243E+01

CP# 10     Coords = -4.80508229610916E+00  1.20257927178672E+00 -1.02973224083539E+00
           Type = (3,-3) NACP H10
           Rho =  3.7155489329E-01     Rho at Nucleus =  3.6204434369E-01
           GradRho =  1.2059797605E-14 -1.0172418463E-14  1.1369377662E-14
           HessRho_EigVals = -7.2812018371E+00 -7.2746199448E+00 -5.6170846588E+00
           HessRho_EigVec1 =  8.0502732422E-01  3.7594860573E-01 -4.5890484102E-01
           HessRho_EigVec2 =  5.3157035393E-02  7.2473475960E-01  6.8697442298E-01
           HessRho_EigVec3 =  5.9085136612E-01 -5.7742720241E-01  5.6344697095E-01
           DelSqRho = -2.0172906441E+01
           Bond Ellipticity = NA
           V = -5.0898483890E+00
           G =  2.3310889427E-02
           K =  5.0665374996E+00
           L =  5.0432266102E+00
           Vnuc =  3.1631233430E+01
           Ven = -1.1752739562E+01
           Vrep =  6.6628911728E+00
           DelSqV =  1.2104472114E+03
           DelSqVen =  6.3809391259E+02
           DelSqVrep =  5.7235329881E+02
           DelSqG =  9.3320040563E+01
           DelSqK = -1.3037672520E+03
           Stress_EigVals = -1.8417698230E+00 -1.8358597866E+00 -1.4122187794E+00
           Stress_EigVec1 =  1.4606098075E-02  7.0606411946E-01  7.0799726067E-01
           Stress_EigVec2 =  8.0812128802E-01  4.0864671302E-01 -4.2420260229E-01
           Stress_EigVec3 =  5.8883499026E-01 -5.7834360302E-01  5.6461671167E-01
           -DivStress = -1.3579424596E+01  1.3199941966E+01 -1.2906810162E+01
           ESP =  -3.8824945706E-01     ESP at Nucleus =  -3.9088577782E-01
           ESPe = -1.3732763357E+01     ESPe at Nucleus = -1.3544430167E+01
           ESPn =  1.3344513900E+01     ESPn at Nucleus =  1.3153544389E+01

CP# 11     Coords =  1.22727225063941E+00  4.80380419018353E+00 -1.00442896324956E+00
           Type = (3,-3) NACP H11
           Rho =  3.7173135074E-01     Rho at Nucleus =  3.6221510394E-01
           GradRho = -1.0699774400E-14 -1.1785711296E-14  9.1801566349E-15
           HessRho_EigVals = -7.2843493551E+00 -7.2777362103E+00 -5.6191463810E+00
           HessRho_EigVec1 = -3.8574019157E-01  8.0538323900E-01  4.5006926461E-01
           HessRho_EigVec2 =  7.0845669391E-01 -5.3924092308E-02  7.0369120012E-01
           HessRho_EigVec3 = -5.9101067457E-01 -5.9029656158E-01  5.4977845714E-01
           DelSqRho = -2.0181231946E+01
           Bond Ellipticity = NA
           V = -5.0919642435E+00
           G =  2.3328128434E-02
           K =  5.0686361150E+00
           L =  5.0453079866E+00
           Vnuc =  3.1632446015E+01
           Ven = -1.1758771884E+01
           Vrep =  6.6668076406E+00
           DelSqV =  1.2109103386E+03
           DelSqVen =  6.3838173005E+02
           DelSqVrep =  5.7252860851E+02
           DelSqG =  9.3353571961E+01
           DelSqK = -1.3042639105E+03
           Stress_EigVals = -1.8425635131E+00 -1.8366558022E+00 -1.4127449282E+00
           Stress_EigVec1 =  6.8892192218E-01 -1.4548784150E-02  7.2468953215E-01
           Stress_EigVec2 = -4.1830049547E-01  8.0853095603E-01  4.1388692735E-01
           Stress_EigVec3 =  5.9195547182E-01  5.8827376792E-01 -5.5092893675E-01
           -DivStress =  1.3517788328E+01  1.3573787752E+01 -1.2600689979E+01
           ESP =  -3.8860694030E-01     ESP at Nucleus =  -3.9124708274E-01
           ESPe = -1.3736175964E+01     ESPe at Nucleus = -1.3547865451E+01
           ESPn =  1.3347569023E+01     ESPn at Nucleus =  1.3156618368E+01

CP# 12     Coords = -1.22724016280926E+00 -4.80402397899775E+00 -1.00443641715343E+00
           Type = (3,-3) NACP H12
           Rho =  3.7169277598E-01     Rho at Nucleus =  3.6217936828E-01
           GradRho =  1.0796918914E-14  1.1532441668E-14  8.9130092196E-15
           HessRho_EigVals = -7.2837557851E+00 -7.2771575757E+00 -5.6190212900E+00
           HessRho_EigVec1 =  3.8659974952E-01 -8.0535548485E-01  4.4938088154E-01
           HessRho_EigVec2 = -7.0804887975E-01  5.3030909985E-02  7.0416937342E-01
           HessRho_EigVec3 = -5.9093774422E-01 -5.9041533314E-01 -5.4972931233E-01
           DelSqRho = -2.0179934651E+01
           Bond Ellipticity = NA
           V = -5.0916275436E+00
           G =  2.3321940445E-02
           K =  5.0683056031E+00
           L =  5.0449836627E+00
           Vnuc =  3.1634094338E+01
           Ven = -1.1758164340E+01
           Vrep =  6.6665367966E+00
           DelSqV =  1.2108670130E+03
           DelSqVen =  6.3837395648E+02
           DelSqVrep =  5.7249305656E+02
           DelSqG =  9.3350559812E+01
           DelSqK = -1.3042175729E+03
           Stress_EigVals = -1.8424111257E+00 -1.8365032309E+00 -1.4127131870E+00
           Stress_EigVec1 =  6.8874177498E-01 -1.4180135989E-02 -7.2486805085E-01
           Stress_EigVec2 =  4.1869813688E-01 -8.0844839987E-01  4.1364605030E-01
           Stress_EigVec3 =  5.9188397307E-01  5.8839621727E-01  5.5087498938E-01
           -DivStress = -1.3513666068E+01 -1.3574154342E+01 -1.2597113165E+01
           ESP =  -3.8861073138E-01     ESP at Nucleus =  -3.9124755078E-01
           ESPe = -1.3735616175E+01     ESPe at Nucleus = -1.3547338427E+01
           ESPn =  1.3347005444E+01     ESPn at Nucleus =  1.3156090876E+01

CP# 13     Coords =  4.87947313564752E+00  8.45532112493074E-01  1.03031464352410E+00
           Type = (3,-3) NACP H13
           Rho =  3.7158546914E-01     Rho at Nucleus =  3.6207510427E-01
           GradRho = -9.7693381163E-13 -8.1885540015E-13 -8.6809726074E-13
           HessRho_EigVals = -7.2818169350E+00 -7.2752417448E+00 -5.6177197942E+00
           HessRho_EigVec1 = -7.7562554455E-01  4.3481748292E-01  4.5753554089E-01
           HessRho_EigVec2 = -1.4708818047E-03 -7.2611701172E-01  6.8756957597E-01
           HessRho_EigVec3 =  6.3119161206E-01  5.3262354608E-01  5.6383446775E-01
           DelSqRho = -2.0174778474E+01
           Bond Ellipticity = NA
           V = -5.0903236432E+00
           G =  2.3314512363E-02
           K =  5.0670091309E+00
           L =  5.0436946185E+00
           Vnuc =  3.1633710785E+01
           Ven = -1.1754627263E+01
           Vrep =  6.6643036195E+00
           DelSqV =  1.2105743980E+03
           DelSqVen =  6.3820310740E+02
           DelSqVrep =  5.7237129059E+02
           DelSqG =  9.3329495260E+01
           DelSqK = -1.3039038933E+03
           Stress_EigVals = -1.8419286292E+00 -1.8360157377E+00 -1.4123792763E+00
           Stress_EigVec1 = -3.8028007270E-02 -7.0495003267E-01  7.0823676980E-01
           Stress_EigVec2 = -7.7627670481E-01  4.6713977755E-01  4.2329056899E-01
           Stress_EigVec3 =  6.2924426754E-01  5.3369080906E-01  5.6500068327E-01
           -DivStress =  1.4502041558E+01  1.2170826799E+01  1.2916025449E+01
           ESP =  -3.8824579505E-01     ESP at Nucleus =  -3.9088241158E-01
           ESPe = -1.3734175701E+01     ESPe at Nucleus = -1.3545862594E+01
           ESPn =  1.3345929905E+01     ESPn at Nucleus =  1.3154980183E+01

CP# 14     Coords =  1.88967614182826E+00 -6.98867628662707E-02 -8.76674112359410E-05
           Type = (3,-1) BCP O2 Ti1
           Rho =  9.8992456898E-02
           GradRho = -3.0531133177E-16  1.0408340856E-17  0.0000000000E+00
           HessRho_EigVals = -1.9911815846E-01 -1.6342212890E-01  7.7183692017E-01
           HessRho_EigVec1 =  2.0348020725E-02  5.5052877654E-01  8.3456816633E-01
           HessRho_EigVec2 =  3.0824992359E-02  8.3399870749E-01 -5.5090468844E-01
           HessRho_EigVec3 =  9.9931765615E-01 -3.6935377368E-02 -1.7765469013E-07
           DelSqRho =  4.0929663282E-01
           Bond Ellipticity =  2.1842837198E-01
           V = -1.4545299488E-01
           G =  1.2388857654E-01
           K =  2.1564418336E-02
           L = -1.0232415821E-01
           Vnuc =  2.2820828558E+01
           Ven = -2.2590898874E+00
           Vrep =  2.1136368925E+00
           DelSqV = -1.1714127278E+00
           DelSqVen = -9.3404882869E+00
           DelSqVrep =  8.1690755592E+00
           DelSqG =  9.7634170299E-01
           DelSqK =  1.9507102477E-01
           Stress_EigVals = -7.4392588638E-02 -6.7107984886E-02 -3.9524213550E-03
           Stress_EigVec1 = -2.1973393639E-02 -5.9508342011E-01  8.0336348752E-01
           Stress_EigVec2 =  2.9648585480E-02  8.0281620217E-01  5.9548896456E-01
           Stress_EigVec3 =  9.9931883368E-01 -3.6903504457E-02 -2.7852184961E-06
           -DivStress = -7.3104948939E-02  2.7111485502E-03  2.8450817363E-06
           ESP =   1.1169107661E+00
           ESPe = -2.1703917792E+01
           ESPn =  2.2820828558E+01
           BPL =  3.7416619993E+00 =  1.8506831407E+00 +  1.8909788587E+00                
           GBL_I =  3.7416619821E+00                                                      
           GBL_II =  3.7416582057E+00                                                     
           GBL_III =  3.7416619896E+00 =  1.8506831312E+00 +  1.8909788584E+00            
           GBL_IV =  3.7416582132E+00 =  1.8506793549E+00 +  1.8909788584E+00             
             75 sample points along path from BCP to atom O2
             1.8896761418E+00  -6.9886762866E-02  -8.7667411236E-05   9.8992456898E-02    
             1.9146590840E+00  -7.0810125681E-02  -8.7676256990E-05   9.9230779565E-02    
             1.9396420279E+00  -7.1733444201E-02  -8.7694160804E-05   9.9935300830E-02    
             1.9646249734E+00  -7.2656715758E-02  -8.7721674800E-05   1.0109268202E-01    
             1.9896079208E+00  -7.3579939140E-02  -8.7759019374E-05   1.0269261585E-01    
             2.0145908700E+00  -7.4503113164E-02  -8.7806364331E-05   1.0472775014E-01    
             2.0395738210E+00  -7.5426236709E-02  -8.7863819791E-05   1.0719363562E-01    
             2.0645567740E+00  -7.6349308735E-02  -8.7931430323E-05   1.1008869696E-01    
             2.0895397289E+00  -7.7272328294E-02  -8.8009170014E-05   1.1341422609E-01    
             2.1145226857E+00  -7.8195294539E-02  -8.8096938328E-05   1.1717439639E-01    
             2.1395056446E+00  -7.9118206736E-02  -8.8194556892E-05   1.2137629574E-01    
             2.1644886054E+00  -8.0041064278E-02  -8.8301767437E-05   1.2602997586E-01    
             2.1894715684E+00  -8.0963866697E-02  -8.8418231165E-05   1.3114851490E-01    
             2.2144545333E+00  -8.1886613677E-02  -8.8543529783E-05   1.3674808906E-01    
             2.2394375003E+00  -8.2809305069E-02  -8.8677168450E-05   1.4284804837E-01    
             2.2644204694E+00  -8.3731940904E-02  -8.8818580819E-05   1.4947099063E-01    
             2.2894034405E+00  -8.4654521406E-02  -8.8967136303E-05   1.5664282620E-01    
             2.3143864136E+00  -8.5577047006E-02  -8.9122149624E-05   1.6439282499E-01    
             2.3393693888E+00  -8.6499518353E-02  -8.9282892585E-05   1.7275363569E-01    
             2.3643523659E+00  -8.7421936323E-02  -8.9448607939E-05   1.8176126535E-01    
             2.3893353449E+00  -8.8344302030E-02  -8.9618525123E-05   1.9145500619E-01    
             2.4143183258E+00  -8.9266616832E-02  -8.9791877535E-05   2.0187729451E-01    
             2.4393013085E+00  -9.0188882333E-02  -8.9967920963E-05   2.1307348551E-01    
             2.4642842930E+00  -9.1111100391E-02  -9.0145952732E-05   2.2509152650E-01    
             2.4892672792E+00  -9.2033273118E-02  -9.0325331097E-05   2.3798151063E-01    
             2.5142502669E+00  -9.2955402877E-02  -9.0505494391E-05   2.5179509377E-01    
             2.5392332562E+00  -9.3877492292E-02  -9.0685979448E-05   2.6658475879E-01    
             2.5642162468E+00  -9.4799544237E-02  -9.0866438817E-05   2.8240291524E-01    
             2.5891992387E+00  -9.5721561848E-02  -9.1046656275E-05   2.9930082810E-01    
             2.6141822317E+00  -9.6643548520E-02  -9.1226560132E-05   3.1732737791E-01    
             2.6391652257E+00  -9.7565507914E-02  -9.1406233736E-05   3.3652766616E-01    
             2.6641482206E+00  -9.8487443964E-02  -9.1585922468E-05   3.5694149488E-01    
             2.6891312162E+00  -9.9409360886E-02  -9.1766036303E-05   3.7860176765E-01    
             2.7141142124E+00  -1.0033126319E-01  -9.1947146688E-05   4.0153288029E-01    
             2.7390972089E+00  -1.0125315571E-01  -9.2129976001E-05   4.2574919261E-01    
             2.7640802055E+00  -1.0217504357E-01  -9.2315377209E-05   4.5125369600E-01    
             2.7890632022E+00  -1.0309693227E-01  -9.2504300415E-05   4.7803701380E-01    
             2.8140461986E+00  -1.0401882762E-01  -9.2697741809E-05   5.0607688942E-01    
             2.8390291945E+00  -1.0494073579E-01  -9.2896668961E-05   5.3533832924E-01    
             2.8640121897E+00  -1.0586266324E-01  -9.3101914520E-05   5.6577457017E-01    
             2.8889951840E+00  -1.0678461672E-01  -9.3314028070E-05   5.9732903592E-01    
             2.9139781770E+00  -1.0770660308E-01  -9.3533073379E-05   6.2993843119E-01    
