 AIMInt (Version 19.02.13, Professional)
 Portions Copyright (c) 1997-2019 by Todd A. Keith
 AIMInt is a component of the AIMAll package ( http://aim.tkgristmill.com )

 TP:  64-bit Linux

 Licensed To:  Research Group of Fernando Cortes Guzman, UNAM, fercor@unam.mx

 AIMInt is a heavily modified and extended version of the PROAIMV program
 developed by members of R.F.W. Bader's research group

 Much of the Quantum Theory of Atoms in Molecules (QTAIM) is described in the book:
   "Atoms in Molecules - A Quantum Theory"
   R.F.W. Bader, Oxford University Press, Oxford, 1990

 For additional references see:  http://aim.tkgristmill.com/references.html

 Current Directory:  /home/scratch/M_H2O_4_tetraedrico/Opt

 Inp File:  Fe2_tetraedrico_cc-pvtz-def2-tzv_1_atomicfiles/fe1.inp
 Wfx File:  Fe2_tetraedrico_cc-pvtz-def2-tzv_1.wfx
 Out File:  Fe2_tetraedrico_cc-pvtz-def2-tzv_1_atomicfiles/fe1.int

 Wfx Title:   Fe2_tetraedrico_cc-pvtz-def2-tzv_1                                            
 Job Title:   Fe2_tetraedrico_cc-pvtz-def2-tzv_1                                            
 
<Atom>
Fe1     
</Atom>
<Nuclei of Molecule>
    13
Fe1       26.0           1.9844332830E-05   2.0406473638E-02  -5.8673133205E-05
O2         8.0          -2.8044523550E+00   2.0065127523E+00  -1.3831381491E-01
H3         1.0          -3.1241240148E+00   3.1682634408E+00   1.2819819533E+00
O4         8.0           1.3688475233E-01  -1.9667645830E+00  -2.8038447318E+00
H5         1.0           1.6701006157E+00  -2.9216501916E+00  -3.2229376489E+00
O6         8.0           2.8051943603E+00   2.0056641084E+00   1.3612204068E-01
H7         1.0           4.4042302916E+00   2.0315068272E+00   1.0965891427E+00
O8         8.0          -1.3754853312E-01  -1.9637856650E+00   2.8058019080E+00
H9         1.0          -1.6721052487E+00  -2.9149028350E+00   3.2285570009E+00
H10        1.0           3.1270909209E+00   3.1651083807E+00  -1.2855340091E+00
H11        1.0           1.2661930107E+00  -2.8708922646E+00   3.6106162180E+00
H12        1.0          -1.2675472719E+00  -2.8720689762E+00  -3.6094826411E+00
H13        1.0          -4.4049800530E+00   2.0310544030E+00  -1.0963877300E+00
</Nuclei of Molecule>
<Total Number of CPs of DelSqRho>
    85
</Total Number of CPs of DelSqRho>
<Number of (3,+3) CPs of DelSqRho>
     9
</Number of (3,+3) CPs of DelSqRho>
<Number of (3,+1) CPs of DelSqRho>
    28
</Number of (3,+1) CPs of DelSqRho>
<Number of (3,-1) CPs of DelSqRho>
    36
</Number of (3,-1) CPs of DelSqRho>
<Number of (3,-3) CPs of DelSqRho>
    12
</Number of (3,-3) CPs of DelSqRho>
<Number of Degenerate CPs of DelSqRho>
     0
</Number of Degenerate CPs of DelSqRho>
<CP of DelSqRho>
CP# = 1       
Type = (3,+3)
Coords =  1.98443328875706E-05  2.04064737121440E-02 -5.86731332650379E-05
DistFromNuc =  7.3664097444E-11
Rho =  1.1820962192E+04
DelSqRho = -7.3306137241E+09
GradDelSqRho =  6.7915068939E-05 -7.8781373799E-02 -1.1615691619E-04
HessDelSqRho_EigVals =  7.4987470884E+16  7.4987470891E+16  7.4987470901E+16
HessDelSqRho_EigVec1 =  8.3517227513E-01  3.8984144370E-03  5.4997461143E-01
HessDelSqRho_EigVec2 = -1.2329619738E-03  9.9998563690E-01 -5.2159185666E-03
HessDelSqRho_EigVec3 = -5.4998704590E-01  3.6780927938E-03  8.3516508606E-01
</CP of DelSqRho>
<CP of DelSqRho>
CP# = 2       
Type = (3,-1)
Coords =  2.05894227860782E-01  1.69486875727434E-01  1.19776059633049E-01
DistFromNuc =  2.8101528652E-01
Rho =  2.5314641215E+01
DelSqRho =  1.9507587054E+03
GradDelSqRho =  3.6379788071E-12  9.0949470177E-12 -2.2737367544E-13
HessDelSqRho_EigVals = -6.4575563418E+05 -2.0926003625E+04  3.7330942433E+04
HessDelSqRho_EigVec1 =  7.3236063523E-01  5.3073822724E-01  4.2657336310E-01
HessDelSqRho_EigVec2 =  9.2214008971E-02 -6.9800374788E-01  7.1013192049E-01
HessDelSqRho_EigVec3 = -6.7464396277E-01  4.8073662446E-01  5.6013196784E-01
</CP of DelSqRho>
<CP of DelSqRho>
CP# = 3       
Type = (3,-3)
Coords =  1.35692725825039E-02  2.13776479108328E-01  2.00797296718765E-01
DistFromNuc =  2.7913915284E-01
Rho =  2.4567755912E+01
DelSqRho =  2.3204580095E+03
GradDelSqRho =  2.2168933356E-12 -4.4337866711E-12  1.3642420527E-12
HessDelSqRho_EigVals = -6.8837600065E+05 -4.0424623550E+04 -3.8918535662E+04
HessDelSqRho_EigVec1 =  4.9686206233E-02  6.9230301162E-01  7.1989431239E-01
HessDelSqRho_EigVec2 = -4.5284099419E-01  6.5805540928E-01 -6.0157968076E-01
HessDelSqRho_EigVec3 =  8.9020577110E-01  2.9610744405E-01 -3.4619946084E-01
</CP of DelSqRho>
<CP of DelSqRho>
CP# = 4       
Type = (3,-3)
Coords = -1.33475911819060E-02  2.13538851352034E-01 -2.01155243785212E-01
DistFromNuc =  2.7913909504E-01
Rho =  2.4567745253E+01
DelSqRho =  2.3204613788E+03
GradDelSqRho = -1.9326762413E-12  5.5706550484E-12 -6.5938365879E-12
HessDelSqRho_EigVals = -6.8837651267E+05 -4.0424951213E+04 -3.8918719483E+04
HessDelSqRho_EigVec1 =  4.9033006974E-02 -6.9145178467E-01  7.2075668134E-01
HessDelSqRho_EigVec2 =  4.5362395938E-01  6.5832290346E-01  6.0069647765E-01
HessDelSqRho_EigVec3 =  8.8984328266E-01 -2.9749854496E-01 -3.4593864780E-01
</CP of DelSqRho>
<CP of DelSqRho>
CP# = 5       
Type = (3,-1)
Coords =  1.57100890089893E-01  2.62115744346200E-02 -8.46242826972052E-03
DistFromNuc =  1.5741276070E-01
Rho =  1.0565326334E+02
DelSqRho = -6.7268399165E+03
GradDelSqRho =  0.0000000000E+00 -7.2759576142E-12 -2.9103830457E-11
HessDelSqRho_EigVals = -1.4447969350E+05 -1.2066307160E+05  1.3844863962E+07
HessDelSqRho_EigVec1 =  5.9399586690E-02 -1.9887774558E-01  9.7822253675E-01
HessDelSqRho_EigVec2 = -2.4785004620E-02  9.7935692213E-01  2.0061336603E-01
HessDelSqRho_EigVec3 =  9.9792654672E-01  3.6161601120E-02 -5.3244210553E-02
</CP of DelSqRho>
<CP of DelSqRho>
CP# = 6       
Type = (3,-1)
Coords = -1.57055744848320E-01  2.63682944894212E-02  8.33656974388053E-03
DistFromNuc =  1.5741271908E-01
Rho =  1.0565349843E+02
DelSqRho = -6.7269036473E+03
GradDelSqRho =  0.0000000000E+00  1.4551915228E-11  4.3655745685E-11
HessDelSqRho_EigVals = -1.4446356490E+05 -1.2066691226E+05  1.3844905880E+07
HessDelSqRho_EigVec1 =  5.9582708178E-02  2.0022007137E-01  9.7793753579E-01
HessDelSqRho_EigVec2 =  2.5686788689E-02  9.7904612634E-01 -2.0201205752E-01
HessDelSqRho_EigVec3 =  9.9789282479E-01 -3.7156500304E-02 -5.3191208973E-02
</CP of DelSqRho>
<CP of DelSqRho>
CP# = 7       
Type = (3,-1)
Coords =  9.69922439744184E-03  1.28860120755252E-01  1.13693407695360E-01
DistFromNuc =  1.5746561486E-01
Rho =  1.0545863990E+02
DelSqRho = -6.6760167380E+03
GradDelSqRho =  4.3655745685E-11 -3.2741809264E-11  5.0931703299E-11
HessDelSqRho_EigVals = -1.4605460961E+05 -1.3320133967E+05  1.3803994835E+07
HessDelSqRho_EigVec1 =  2.6861315421E-01 -7.0835460475E-01  6.5274859427E-01
HessDelSqRho_EigVec2 =  9.6129858600E-01  1.5404083605E-01 -2.2842164824E-01
HessDelSqRho_EigVec3 =  6.1253587167E-02  6.8884336011E-01  7.2231767478E-01
</CP of DelSqRho>
<CP of DelSqRho>
CP# = 8       
Type = (3,-3)
Coords = -1.28479922266047E-02 -1.73672612652833E-01 -2.00785836475384E-01
DistFromNuc =  2.7950611274E-01
Rho =  2.4472163449E+01
DelSqRho =  2.3162850155E+03
GradDelSqRho =  2.9388047551E-11  6.2073013396E-11 -4.7975845519E-11
HessDelSqRho_EigVals = -6.8535582127E+05 -4.0002196818E+04 -3.8782307189E+04
HessDelSqRho_EigVec1 =  4.5044967832E-02  6.9503198456E-01  7.1756636718E-01
HessDelSqRho_EigVec2 = -5.5009403350E-01  6.1684303524E-01 -5.6293980512E-01
HessDelSqRho_EigVec3 =  8.3388698585E-01  3.6937137182E-01 -4.1011862248E-01
</CP of DelSqRho>
<CP of DelSqRho>
CP# = 9       
Type = (3,-1)
Coords =  4.38720102047902E-03 -9.03995591199531E-02  1.11654072453373E-01
DistFromNuc =  1.5740644277E-01
Rho =  1.0574710663E+02
DelSqRho = -6.7480520567E+03
GradDelSqRho =  2.9103830457E-11 -5.0931703299E-11  2.1827872843E-11
HessDelSqRho_EigVals = -1.3787734074E+05 -1.2959169661E+05  1.3858549924E+07
HessDelSqRho_EigVec1 =  9.8385668234E-01  1.4510284121E-01  1.0474346800E-01
HessDelSqRho_EigVec2 = -1.7672114728E-01  6.9550388115E-01  6.9645099426E-01
HessDelSqRho_EigVec3 =  2.8207529515E-02 -7.0371835046E-01  7.0991888164E-01
</CP of DelSqRho>
<CP of DelSqRho>
CP# = 10      
Type = (3,-1)
Coords = -9.55665738215889E-03  1.28725750761943E-01 -1.13947434994213E-01
DistFromNuc =  1.5746563200E-01
Rho =  1.0545854910E+02
DelSqRho = -6.6760006235E+03
GradDelSqRho = -4.3655745685E-11 -4.7293724492E-11 -3.6379788071E-11
HessDelSqRho_EigVals = -1.4604839741E+05 -1.3320736121E+05  1.3803982179E+07
HessDelSqRho_EigVec1 = -2.6867629027E-01 -7.0901984815E-01 -6.5199992789E-01
HessDelSqRho_EigVec2 =  9.6132238130E-01 -1.5479176891E-01 -2.2781305384E-01
HessDelSqRho_EigVec3 =  6.0599754677E-02 -6.8799008946E-01  7.2318552705E-01
</CP of DelSqRho>
<CP of DelSqRho>
CP# = 11      
Type = (3,-1)
Coords = -4.45143556181201E-03 -9.05325790686319E-02 -1.11635178402419E-01
DistFromNuc =  1.5740642391E-01
Rho =  1.0574713912E+02
DelSqRho = -6.7480698586E+03
GradDelSqRho = -4.3655745685E-11 -2.3646862246E-11 -2.9103830457E-11
HessDelSqRho_EigVals = -1.3786779380E+05 -1.2958983641E+05  1.3858563276E+07
HessDelSqRho_EigVec1 =  9.8397957262E-01 -1.4487695754E-01  1.0389835339E-01
HessDelSqRho_EigVec2 =  1.7592850373E-01  6.9469479594E-01 -6.9745845902E-01
HessDelSqRho_EigVec3 =  2.8868014147E-02  7.0456355828E-01  7.0905347478E-01
</CP of DelSqRho>
<CP of DelSqRho>
CP# = 12      
Type = (3,-3)
Coords =  2.78981537341053E-01  2.08982385645272E-02 -1.44686051122497E-02
DistFromNuc =  2.7933405474E-01
Rho =  2.4527311692E+01
DelSqRho =  2.3149408037E+03
GradDelSqRho =  7.2759576142E-12  1.0658141036E-13  1.5916157281E-12
HessDelSqRho_EigVals = -6.8693276421E+05 -4.1956735290E+04 -3.5738943774E+04
HessDelSqRho_EigVec1 =  9.9866813270E-01  3.8334310570E-03 -5.1451584454E-02
HessDelSqRho_EigVec2 =  5.1506183297E-02 -1.5851457058E-02  9.9854686640E-01
HessDelSqRho_EigVec3 = -3.0122779880E-03  9.9986700921E-01  1.6027790423E-02
</CP of DelSqRho>
<CP of DelSqRho>
CP# = 13      
Type = (3,-3)
Coords = -2.78941628850113E-01  2.11772384379403E-02  1.43503592489169E-02
DistFromNuc =  2.7933441931E-01
Rho =  2.4527214320E+01
DelSqRho =  2.3149354544E+03
GradDelSqRho =  5.4569682106E-12 -7.1054273576E-14  4.5474735089E-12
HessDelSqRho_EigVals = -6.8692927595E+05 -4.1956159521E+04 -3.5738897948E+04
HessDelSqRho_EigVec1 =  9.9866414099E-01 -4.8300875865E-03 -5.1445152857E-02
HessDelSqRho_EigVec2 =  5.1520337826E-02  1.7003992818E-02  9.9852717490E-01
HessDelSqRho_EigVec3 =  3.9482007026E-03  9.9984375503E-01 -1.7230125625E-02
</CP of DelSqRho>
<CP of DelSqRho>
CP# = 14      
Type = (3,-1)
Coords = -2.05715358447945E-01  1.69531244857109E-01 -1.20077984704241E-01
DistFromNuc =  2.8101566897E-01
Rho =  2.5314475083E+01
DelSqRho =  1.9507530702E+03
GradDelSqRho =  4.5474735089E-13  7.5033312896E-12 -6.1959326558E-12
HessDelSqRho_EigVals = -6.4575117125E+05 -2.0925030437E+04  3.7331116417E+04
HessDelSqRho_EigVec1 =  7.3186369677E-01 -5.3089271247E-01  4.2723349259E-01
HessDelSqRho_EigVec2 =  9.2866284724E-02  6.9879859964E-01  7.0926466872E-01
HessDelSqRho_EigVec3 =  6.7509361018E-01  4.7940947528E-01 -5.6072736023E-01
</CP of DelSqRho>
<CP of DelSqRho>
CP# = 15      
Type = (3,+1)
Coords = -1.49686887440767E-01  2.59026224627673E-01  1.23385929035080E-02
DistFromNuc =  2.8196663509E-01
Rho =  2.5548966589E+01
DelSqRho =  1.8201666361E+03
GradDelSqRho =  3.6379788071E-12  3.6379788071E-12 -2.7853275242E-12
HessDelSqRho_EigVals = -6.2787908612E+05  1.9594886807E+04  2.7487565254E+04
HessDelSqRho_EigVec1 = -5.3211792473E-01  8.4557140234E-01  4.3122125694E-02
HessDelSqRho_EigVec2 =  8.2759742302E-01  5.3020550580E-01 -1.8429494574E-01
HessDelSqRho_EigVec3 =  1.7869812418E-01  6.2378883967E-02  9.8192456699E-01
</CP of DelSqRho>
<CP of DelSqRho>
CP# = 16      
Type = (3,+1)
Coords =  1.51242397625185E-01 -2.17549709457515E-01 -1.18593283692326E-02
DistFromNuc =  2.8218905217E-01
Rho =  2.5503725730E+01
DelSqRho =  1.8184866094E+03
GradDelSqRho =  4.5474735089E-12 -3.1832314562E-12  8.2422957348E-13
HessDelSqRho_EigVals = -6.2666800518E+05  2.0013649428E+04  2.6911269695E+04
HessDelSqRho_EigVec1 = -5.3469461896E-01  8.4397340805E-01  4.2550569508E-02
HessDelSqRho_EigVec2 =  8.2800144615E-01  5.3330764443E-01 -1.7319515458E-01
HessDelSqRho_EigVec3 =  1.6886464886E-01  5.7374584099E-02  9.8396793010E-01
</CP of DelSqRho>
<CP of DelSqRho>
CP# = 17      
Type = (3,-3)
Coords =  1.27051448923120E-02 -1.73434944432556E-01  2.00909532798310E-01
DistFromNuc =  2.7950605003E-01
Rho =  2.4472163718E+01
DelSqRho =  2.3162886210E+03
GradDelSqRho = -3.8085090637E-12  5.6843418861E-12 -5.3432813729E-12
HessDelSqRho_EigVals = -6.8535653385E+05 -4.0003177317E+04 -3.8782134858E+04
HessDelSqRho_EigVec1 =  4.4390154354E-02 -6.9418239808E-01  7.1842905871E-01
HessDelSqRho_EigVec2 =  5.5095914516E-01  6.1689673892E-01  5.6203419280E-01
HessDelSqRho_EigVec3 =  8.3335078722E-01 -3.7087627547E-01 -4.0985028209E-01
</CP of DelSqRho>
<CP of DelSqRho>
CP# = 18      
Type = (3,-1)
Coords =  1.50117164915366E-04  3.02067923335508E-01 -2.33517007061867E-04
DistFromNuc =  2.8166153409E-01
Rho =  2.5366886877E+01
DelSqRho =  1.8979799596E+03
GradDelSqRho = -3.5527136788E-15 -2.8308022593E-11  0.0000000000E+00
HessDelSqRho_EigVals = -6.3581379288E+05 -1.3815347978E+04  4.0696204548E+04
HessDelSqRho_EigVec1 =  4.6498289016E-04  9.9999969924E-01 -6.2073025732E-04
HessDelSqRho_EigVec2 =  9.9727712374E-01 -5.0949166941E-04 -7.3743331101E-02
HessDelSqRho_EigVec3 =  7.3743625179E-02  5.8475069841E-04  9.9727706071E-01
</CP of DelSqRho>
<CP of DelSqRho>
CP# = 19      
Type = (3,-1)
Coords = -1.07984899099270E-04 -2.61159010250091E-01  1.15741839071742E-04
DistFromNuc =  2.8156556693E-01
Rho =  2.5420662790E+01
DelSqRho =  1.9000568161E+03
GradDelSqRho =  4.0856207306E-14  2.5011104299E-12  4.3520742565E-14
HessDelSqRho_EigVals = -6.3754206641E+05 -1.4243594829E+04  4.0374931770E+04
HessDelSqRho_EigVec1 =  4.5355598195E-04  9.9999970500E-01 -6.1990951849E-04
HessDelSqRho_EigVec2 =  9.9749934725E-01 -4.9623339130E-04 -7.0673941390E-02
HessDelSqRho_EigVec3 =  7.0674228161E-02  5.8630475116E-04  9.9749927806E-01
</CP of DelSqRho>
<CP of DelSqRho>
CP# = 20      
Type = (3,-1)
Coords =  1.39612487580925E-02  1.99773202842810E-02  2.80904117279658E-01
DistFromNuc =  2.8130879212E-01
Rho =  2.5141374036E+01
DelSqRho =  1.9598259377E+03
GradDelSqRho =  2.2737367544E-12  6.5725203058E-14 -8.1854523160E-12
HessDelSqRho_EigVals = -6.4391980253E+05 -2.3219543954E+04  3.7573015405E+04
HessDelSqRho_EigVec1 =  4.9696764971E-02  2.2409509443E-04  9.9876432722E-01
HessDelSqRho_EigVec2 =  9.9876277479E-01 -1.7885233315E-03 -4.9696286430E-02
HessDelSqRho_EigVec3 =  1.7751766079E-03  9.9999837548E-01 -3.1270166198E-04
</CP of DelSqRho>
<CP of DelSqRho>
CP# = 21      
Type = (3,-1)
Coords = -1.39230784548336E-02  1.96401873723420E-02 -2.81020480956289E-01
DistFromNuc =  2.8130860233E-01
Rho =  2.5141425574E+01
DelSqRho =  1.9598279156E+03
GradDelSqRho = -1.8189894035E-12 -1.0125233985E-13 -8.6401996668E-12
HessDelSqRho_EigVals = -6.4392140399E+05 -2.3219599615E+04  3.7572954298E+04
HessDelSqRho_EigVec1 =  4.9702857911E-02  9.7390788063E-04  9.9876357434E-01
HessDelSqRho_EigVec2 =  9.9876370523E-01  7.8143862758E-04 -4.9703626416E-02
HessDelSqRho_EigVec3 = -8.2887919027E-04  9.9999922043E-01 -9.3386411033E-04
</CP of DelSqRho>
<CP of DelSqRho>
CP# = 22      
Type = (3,+1)
Coords =  1.80887576787954E-01  1.93161400271997E-02  2.16613575994849E-01
DistFromNuc =  2.8224313812E-01
Rho =  2.5461896728E+01
DelSqRho =  1.7931935055E+03
GradDelSqRho = -7.2759576142E-12  4.4408920985E-14  7.9580786405E-13
HessDelSqRho_EigVals = -6.2452252952E+05  2.7114979929E+04  2.9467731891E+04
HessDelSqRho_EigVec1 =  6.4092839911E-01 -1.0570193479E-03  7.6759994133E-01
HessDelSqRho_EigVec2 = -7.1174586251E-02  9.9560912009E-01  6.0800150200E-02
HessDelSqRho_EigVec3 =  7.6429376910E-01  9.3602151163E-02 -6.3803892656E-01
</CP of DelSqRho>
<CP of DelSqRho>
CP# = 23      
Type = (3,+1)
Coords = -1.57766827492518E-01  2.02448089915150E-02  2.33986233436526E-01
DistFromNuc =  2.8226526218E-01
Rho =  2.5499022678E+01
DelSqRho =  1.7955599064E+03
GradDelSqRho =  1.8189894035E-12 -3.0198066270E-14 -3.6379788071E-12
HessDelSqRho_EigVals = -6.2396306987E+05  2.4809231027E+04  2.9287748711E+04
HessDelSqRho_EigVec1 = -5.5904866350E-01  3.5078139747E-04  8.2913477119E-01
HessDelSqRho_EigVec2 =  7.3290274079E-03  9.9996293319E-01  4.5185833621E-03
HessDelSqRho_EigVec3 =  8.2910245277E-01 -8.6028594524E-03  5.5903051224E-01
</CP of DelSqRho>
<CP of DelSqRho>
CP# = 24      
Type = (3,+1)
Coords =  1.57805893486152E-01  1.98036283529455E-02 -2.34103315994630E-01
DistFromNuc =  2.8226529291E-01
Rho =  2.5498997502E+01
DelSqRho =  1.7955601044E+03
GradDelSqRho =  1.8189894035E-12 -1.3500311979E-13 -3.6379788071E-12
HessDelSqRho_EigVals = -6.2396260429E+05  2.4809339505E+04  2.9287909093E+04
HessDelSqRho_EigVec1 = -5.5904790418E-01  1.2108242498E-03  8.2913447325E-01
HessDelSqRho_EigVec2 = -6.4164791275E-03  9.9996267113E-01 -5.7866346345E-03
HessDelSqRho_EigVec3 =  8.2911052920E-01  8.5551300061E-03  5.5901926633E-01
</CP of DelSqRho>
<CP of DelSqRho>
CP# = 25      
Type = (3,+1)
Coords = -1.80849237682300E-01  1.92186594298779E-02 -2.16728855290765E-01
DistFromNuc =  2.8224280959E-01
Rho =  2.5462001601E+01
DelSqRho =  1.7931964851E+03
GradDelSqRho =  2.7284841053E-12  9.7699626167E-14  6.8212102633E-12
HessDelSqRho_EigVals = -6.2452547252E+05  2.7114820656E+04  2.9467506215E+04
HessDelSqRho_EigVec1 =  6.4093004841E-01  1.4030668394E-03  7.6759800967E-01
HessDelSqRho_EigVec2 =  7.1883588783E-02  9.9549406296E-01 -6.1841088888E-02
HessDelSqRho_EigVec3 =  7.6422602855E-01 -9.4813511773E-02 -6.3794120048E-01
</CP of DelSqRho>
<CP of DelSqRho>
CP# = 26      
Type = (3,+1)
Coords =  1.49948555276969E-01  2.58870494659993E-01 -1.27526541868969E-02
DistFromNuc =  2.8196603491E-01
Rho =  2.5549242290E+01
DelSqRho =  1.8201638155E+03
GradDelSqRho =  1.8189894035E-12  1.8189894035E-12 -2.5011104299E-12
HessDelSqRho_EigVals = -6.2788464942E+05  1.9595232343E+04  2.7488661799E+04
HessDelSqRho_EigVec1 =  5.3290741519E-01  8.4501975288E-01 -4.4173567576E-02
HessDelSqRho_EigVec2 =  8.2709865281E-01 -5.3120599999E-01 -1.8365185568E-01
HessDelSqRho_EigVec3 =  1.7865470984E-01 -6.1333537473E-02  9.8199831560E-01
</CP of DelSqRho>
<CP of DelSqRho>
CP# = 27      
Type = (3,+1)
Coords = -1.51425854501640E-01 -2.17393107497264E-01  1.20377502034444E-02
DistFromNuc =  2.8218923428E-01
Rho =  2.5503784896E+01
DelSqRho =  1.8184749462E+03
GradDelSqRho = -7.7307049651E-12  5.0022208598E-12 -1.9895196601E-12
HessDelSqRho_EigVals = -6.2666680220E+05  2.0014489768E+04  2.6912413098E+04
HessDelSqRho_EigVec1 =  5.3548532639E-01  8.4341833294E-01 -4.3600239361E-02
HessDelSqRho_EigVec2 =  8.2749562452E-01 -5.3429662393E-01 -1.7256334796E-01
HessDelSqRho_EigVec3 =  1.6883855196E-01 -5.6326133409E-02  9.8403298221E-01
</CP of DelSqRho>
<CP of DelSqRho>
CP# = 28      
Type = (3,-1)
Coords = -1.90278682927373E-01  1.68808679296801E-01  1.44571907476150E-01
DistFromNuc =  2.8134453783E-01
Rho =  2.5309050350E+01
DelSqRho =  1.9322704764E+03
GradDelSqRho = -9.0949470177E-12  0.0000000000E+00 -1.8189894035E-12
HessDelSqRho_EigVals = -6.4130831020E+05 -1.8844169613E+04  3.8333045589E+04
HessDelSqRho_EigVec1 =  6.7661281373E-01 -5.2764431671E-01 -5.1360157256E-01
HessDelSqRho_EigVec2 = -1.5647307843E-02 -7.0765250729E-01  7.0638735173E-01
HessDelSqRho_EigVec3 = -7.3617271211E-01 -4.6991425172E-01 -4.8706296715E-01
</CP of DelSqRho>
<CP of DelSqRho>
CP# = 29      
Type = (3,-1)
Coords =  2.06036096153892E-01 -1.29229928876686E-01  1.20350988884542E-01
DistFromNuc =  2.8165978712E-01
Rho =  2.5132561264E+01
DelSqRho =  1.9441726328E+03
GradDelSqRho =  5.4569682106E-12  3.1832314562E-12 -2.2737367544E-13
HessDelSqRho_EigVals = -6.4031866143E+05 -2.0321389767E+04  3.7365597079E+04
HessDelSqRho_EigVec1 =  7.3170649490E-01 -5.3107874785E-01  4.2727154001E-01
HessDelSqRho_EigVec2 =  9.0918972682E-02  6.9728998556E-01  7.1099958962E-01
HessDelSqRho_EigVec3 =  6.7552893774E-01  4.8139592812E-01 -5.5849674543E-01
</CP of DelSqRho>
<CP of DelSqRho>
CP# = 30      
Type = (3,-1)
Coords = -1.90684955058370E-01 -1.27551547584818E-01  1.44915271556070E-01
DistFromNuc =  2.8156232204E-01
Rho =  2.5256354826E+01
DelSqRho =  1.9304228613E+03
GradDelSqRho = -3.6379788071E-12  9.0949470177E-13  6.3664629124E-12
HessDelSqRho_EigVals = -6.3978282406E+05 -1.8753241398E+04  3.8234623800E+04
HessDelSqRho_EigVec1 =  6.7711205878E-01  5.2558483793E-01 -5.1505323803E-01
HessDelSqRho_EigVec2 =  1.1694933519E-02 -7.0751215862E-01 -7.0660439705E-01
HessDelSqRho_EigVec3 = -7.3578698574E-01  4.7242684465E-01 -4.8521169407E-01
</CP of DelSqRho>
<CP of DelSqRho>
CP# = 31      
Type = (3,-1)
Coords =  1.90457037109039E-01  1.68448843864669E-01 -1.44874504483169E-01
DistFromNuc =  2.8134408255E-01
Rho =  2.5309232657E+01
DelSqRho =  1.9322735150E+03
GradDelSqRho =  1.8189894035E-12  7.2759576142E-12 -5.4569682106E-12
HessDelSqRho_EigVals = -6.4131293898E+05 -1.8844660155E+04  3.8333520035E+04
HessDelSqRho_EigVec1 =  6.7710781079E-01  5.2636796735E-01 -5.1425847151E-01
HessDelSqRho_EigVec2 =  1.4984499052E-02 -7.0854829273E-01 -7.0550321165E-01
HessDelSqRho_EigVec3 = -7.3573125349E-01  4.6999582957E-01 -4.8765094364E-01
</CP of DelSqRho>
<CP of DelSqRho>
CP# = 32      
Type = (3,-1)
Coords =  1.90584961870854E-01 -1.27913704748374E-01 -1.44846115636695E-01
DistFromNuc =  2.8156232498E-01
Rho =  2.5256281681E+01
DelSqRho =  1.9304254072E+03
GradDelSqRho =  5.4569682106E-12 -5.4569682106E-12 -9.0949470177E-13
HessDelSqRho_EigVals = -6.3978206367E+05 -1.8752815045E+04  3.8234232157E+04
HessDelSqRho_EigVec1 =  6.7661688367E-01 -5.2687110532E-01 -5.1438937695E-01
HessDelSqRho_EigVec2 = -1.2365950094E-02 -7.0661250784E-01  7.0749264805E-01
HessDelSqRho_EigVec3 = -7.3623140113E-01 -4.7234055737E-01 -4.8462121481E-01
</CP of DelSqRho>
<CP of DelSqRho>
CP# = 33      
Type = (3,-1)
Coords = -2.06137269436075E-01 -1.29183061951225E-01 -1.20285286962569E-01
DistFromNuc =  2.8165976530E-01
Rho =  2.5132632918E+01
DelSqRho =  1.9441737703E+03
GradDelSqRho = -6.8212102633E-12  4.5474735089E-13 -5.7980287238E-12
HessDelSqRho_EigVals = -6.4031989170E+05 -2.0322124089E+04  3.7365315417E+04
HessDelSqRho_EigVec1 =  7.3220618494E-01  5.3091063081E-01  4.2662396185E-01
HessDelSqRho_EigVec2 =  9.0254262080E-02 -6.9650125120E-01  7.1185685025E-01
HessDelSqRho_EigVec3 = -6.7507649264E-01  4.8272135769E-01  5.5789947116E-01
</CP of DelSqRho>
<CP of DelSqRho>
CP# = 34      
Type = (3,-1)
Coords =  7.10402634029252E-01  1.49335770084713E-02 -3.78745739883109E-02
DistFromNuc =  7.1140965895E-01
Rho =  1.9006629826E+00
DelSqRho =  1.4359950467E+01
GradDelSqRho =  4.9737991503E-14  7.9936057773E-15  2.1316282073E-14
HessDelSqRho_EigVals = -6.7062853427E+02 -5.7102123320E+02  8.0941883688E+02
HessDelSqRho_EigVec1 =  5.2346684728E-02  3.7136305760E-02  9.9793823426E-01
HessDelSqRho_EigVec2 = -1.1887805755E-03  9.9930992274E-01 -3.7124993157E-02
HessDelSqRho_EigVec3 =  9.9862826487E-01 -7.5704072393E-04 -5.2354708390E-02
</CP of DelSqRho>
<CP of DelSqRho>
CP# = 35      
Type = (3,-1)
Coords = -7.10382378732416E-01  1.56543368445872E-02  3.77666000199402E-02
DistFromNuc =  7.1142438293E-01
Rho =  1.9005015166E+00
DelSqRho =  1.4361302828E+01
GradDelSqRho = -4.9737991503E-14 -1.5987211555E-14  1.0658141036E-14
HessDelSqRho_EigVals = -6.7055891697E+02 -5.7094523302E+02  8.0905371419E+02
HessDelSqRho_EigVec1 =  5.2315071560E-02 -3.5984808184E-02  9.9798207743E-01
HessDelSqRho_EigVec2 =  2.1324534270E-03  9.9935230607E-01  3.5922430271E-02
HessDelSqRho_EigVec3 =  9.9862835226E-01 -2.4886579086E-04 -5.2357923333E-02
</CP of DelSqRho>
<CP of DelSqRho>
CP# = 36      
Type = (3,+1)
Coords =  2.80362146755653E-04  6.21453592358310E-01 -4.29920427012186E-04
DistFromNuc =  6.0104728983E-01
Rho =  3.8915764729E+00
DelSqRho = -4.9919077452E+01
GradDelSqRho =  1.6875389974E-14 -2.8421709430E-13 -3.3306690739E-16
HessDelSqRho_EigVals = -6.5392804671E+02  1.7247123529E+03  7.4712517410E+03
HessDelSqRho_EigVec1 =  9.9783121342E-01 -4.7736568031E-04 -6.5822804926E-02
HessDelSqRho_EigVec2 =  6.5823080908E-02  5.8749360140E-04  9.9783113645E-01
HessDelSqRho_EigVec3 =  4.3765986257E-04  9.9999971349E-01 -6.1764113296E-04
</CP of DelSqRho>
<CP of DelSqRho>
CP# = 37      
Type = (3,+1)
Coords = -2.54069023772328E-04 -5.79276125674704E-01  3.14641280281730E-04
DistFromNuc =  5.9968277807E-01
Rho =  3.8559115572E+00
DelSqRho = -5.1209488999E+01
GradDelSqRho = -1.2434497876E-14 -3.9790393203E-13 -8.8817841970E-16
HessDelSqRho_EigVals = -6.2115248520E+02  1.8144262616E+03  7.6611293038E+03
HessDelSqRho_EigVec1 =  9.9698948694E-01 -5.0447646929E-04 -7.7535207676E-02
HessDelSqRho_EigVec2 =  7.7535498598E-02  5.8520357284E-04  9.9698942020E-01
HessDelSqRho_EigVec3 =  4.5758382207E-04  9.9999970152E-01 -6.2255664442E-04
</CP of DelSqRho>
<CP of DelSqRho>
CP# = 38      
Type = (3,+1)
Coords =  2.78983570682625E-02  2.56190279507182E-02  6.09601965070283E-01
DistFromNuc =  6.1031997835E-01
Rho =  3.5185296850E+00
DelSqRho = -3.9068851084E+01
GradDelSqRho = -1.2860823517E-12 -2.3980817332E-14  2.6432189770E-12
HessDelSqRho_EigVals = -9.5624024688E+02  1.4989598579E+03  6.5411467871E+03
HessDelSqRho_EigVec1 =  9.9895994018E-01  4.6949384992E-03 -4.5354111812E-02
HessDelSqRho_EigVec2 = -5.1258653210E-03  9.9994277731E-01 -9.3897610440E-03
HessDelSqRho_EigVec3 =  4.5307432177E-02  9.6124741998E-03  9.9892684263E-01
</CP of DelSqRho>
<CP of DelSqRho>
CP# = 39      
Type = (3,+1)
Coords = -2.78411525011873E-02  2.48853897307985E-02 -6.09724382395846E-01
DistFromNuc =  6.1031841926E-01
Rho =  3.5185860295E+00
DelSqRho = -3.9070169491E+01
GradDelSqRho =  1.8474111130E-12  2.2204460493E-14 -3.4106051316E-12
HessDelSqRho_EigVals = -9.5624283597E+02  1.4989949641E+03  6.5413111015E+03
HessDelSqRho_EigVec1 =  9.9895605205E-01 -5.6867282438E-03 -4.5326230659E-02
HessDelSqRho_EigVec2 =  6.0619232703E-03  9.9994845872E-01  8.1445068343E-03
HessDelSqRho_EigVec3 =  4.5277578890E-02 -8.4107685255E-03  9.9893903709E-01
</CP of DelSqRho>
<CP of DelSqRho>
CP# = 40      
Type = (3,-1)
Coords =  3.05136608353996E-02  5.13611320152997E-01  5.08108563445237E-01
DistFromNuc =  7.0881226979E-01
Rho =  1.9480912157E+00
DelSqRho =  1.4169921347E+01
GradDelSqRho =  7.8159700934E-14 -6.3948846218E-14 -9.9475983006E-14
HessDelSqRho_EigVals = -6.5194686080E+02 -6.3107386611E+02  8.7808880573E+02
HessDelSqRho_EigVec1 =  6.9770751176E-01 -5.3726707775E-01  4.7386529225E-01
HessDelSqRho_EigVec2 =  7.1482665354E-01  4.7855003020E-01 -5.0991442810E-01
HessDelSqRho_EigVec3 =  4.7191984767E-02  6.9450266793E-01  7.1794077807E-01
</CP of DelSqRho>
<CP of DelSqRho>
CP# = 41      
Type = (3,-1)
Coords =  3.59950017693762E-02 -4.81121476213534E-01  5.23483029739425E-01
DistFromNuc =  7.2589283719E-01
Rho =  1.7729693871E+00
DelSqRho =  1.5462420158E+01
GradDelSqRho = -6.3948846218E-14  8.1712414612E-14  3.5527136788E-14
HessDelSqRho_EigVals = -5.7040508035E+02 -5.4654836747E+02  4.9469187195E+02
HessDelSqRho_EigVec1 = -4.9092736913E-01 -6.4329414049E-01 -5.8750571661E-01
HessDelSqRho_EigVec2 =  8.6993786325E-01 -3.2568141999E-01 -3.7032381338E-01
HessDelSqRho_EigVec3 =  4.6887443192E-02 -6.9289556319E-01  7.1951185271E-01
</CP of DelSqRho>
<CP of DelSqRho>
CP# = 42      
Type = (3,-1)
Coords = -3.00163308351492E-02  5.13009250705325E-01 -5.08838327360651E-01
DistFromNuc =  7.0881337766E-01
Rho =  1.9480870740E+00
DelSqRho =  1.4170136962E+01
GradDelSqRho =  1.0658141036E-14 -3.5527136788E-13  2.9842794902E-13
HessDelSqRho_EigVals = -6.5196871304E+02 -6.3105119557E+02  8.7806023251E+02
HessDelSqRho_EigVec1 =  6.9833382920E-01  5.3711973354E-01  4.7310913628E-01
HessDelSqRho_EigVec2 = -7.1425752581E-01  4.7994695724E-01  5.0939876821E-01
HessDelSqRho_EigVec3 =  4.6540840244E-02 -6.9365215352E-01  7.1880500840E-01
</CP of DelSqRho>
<CP of DelSqRho>
CP# = 43      
Type = (3,-1)
Coords = -3.64217320729478E-02 -4.81739637580727E-01 -5.22973043862634E-01
DistFromNuc =  7.2589127603E-01
Rho =  1.7729910753E+00
DelSqRho =  1.5462236265E+01
GradDelSqRho =  0.0000000000E+00  2.2737367544E-13  3.5527136788E-14
HessDelSqRho_EigVals = -5.7041366569E+02 -5.4654788852E+02  4.9472280786E+02
HessDelSqRho_EigVec1 =  4.9021276740E-01 -6.4306284002E-01  5.8835501737E-01
HessDelSqRho_EigVec2 =  8.7030558006E-01  3.2432273237E-01 -3.7065207755E-01
HessDelSqRho_EigVec3 =  4.7535670811E-02  6.9374703535E-01  7.1864832216E-01
</CP of DelSqRho>
<CP of DelSqRho>
CP# = 44      
Type = (3,+1)
Coords =  4.47596689355107E-01 -3.03089970202642E-01  2.59531416966315E-01
DistFromNuc =  6.1021471324E-01
Rho =  3.5308141544E+00
DelSqRho = -3.9586930360E+01
GradDelSqRho = -2.9132252166E-13 -1.4210854715E-14  3.5527136788E-14
HessDelSqRho_EigVals = -8.8306568592E+02  1.4788524811E+03  6.5282584304E+03
HessDelSqRho_EigVec1 =  9.6017704295E-02  7.0019110055E-01  7.0746945034E-01
HessDelSqRho_EigVec2 =  6.7283250558E-01  4.7812828130E-01 -5.6452614294E-01
HessDelSqRho_EigVec3 =  7.3353733368E-01 -5.3021294716E-01  4.2520255264E-01
</CP of DelSqRho>
<CP of DelSqRho>
CP# = 45      
Type = (3,+1)
Coords = -4.47857815382277E-01 -3.02995434493777E-01 -2.59245269031998E-01
DistFromNuc =  6.1021380167E-01
Rho =  3.5308493399E+00
DelSqRho = -3.9587280624E+01
GradDelSqRho = -1.1013412404E-13  0.0000000000E+00  3.9079850467E-14
HessDelSqRho_EigVals = -8.8311491659E+02  1.4788708340E+03  6.5283427969E+03
HessDelSqRho_EigVec1 =  9.5362704456E-02 -6.9939595484E-01  7.0834402161E-01
HessDelSqRho_EigVec2 = -6.7238725753E-01  4.7946088816E-01  5.6392608792E-01
HessDelSqRho_EigVec3 =  7.3403087844E-01  5.3005901094E-01  4.2454224103E-01
</CP of DelSqRho>
<CP of DelSqRho>
CP# = 46      
Type = (3,+3)
Coords =  3.75727705927876E-01  3.05138698758338E-02  4.48504736508339E-01
DistFromNuc =  5.8520738990E-01
Rho =  4.2736159805E+00
DelSqRho = -7.4602242179E+01
GradDelSqRho =  5.6843418861E-14  1.0658141036E-14 -1.4210854715E-13
HessDelSqRho_EigVals =  1.3873728272E+03  1.5489643311E+03  9.5465583861E+03
HessDelSqRho_EigVec1 =  2.3738145112E-01  9.4571011797E-01 -2.2199644012E-01
HessDelSqRho_EigVec2 =  7.2864501138E-01 -3.2447981855E-01 -6.0314947960E-01
HessDelSqRho_EigVec3 =  6.4243793011E-01  1.8580099935E-02  7.6611244986E-01
</CP of DelSqRho>
<CP of DelSqRho>
CP# = 47      
Type = (3,+3)
Coords = -3.75672755099879E-01  3.03065954414456E-02 -4.48636635773526E-01
DistFromNuc =  5.8520520354E-01
Rho =  4.2736798254E+00
DelSqRho = -7.4605617932E+01
GradDelSqRho =  4.9737991503E-14 -5.3290705182E-15 -1.7053025658E-13
HessDelSqRho_EigVals =  1.3875068664E+03  1.5490353814E+03  9.5469117488E+03
HessDelSqRho_EigVec1 = -2.3654676425E-01  9.4618657662E-01  2.2085422919E-01
HessDelSqRho_EigVec2 =  7.2893847710E-01  3.2310800475E-01 -6.0353120372E-01
HessDelSqRho_EigVec3 =  6.4241289287E-01 -1.8225792120E-02  7.6614195524E-01
</CP of DelSqRho>
<CP of DelSqRho>
CP# = 48      
Type = (3,+1)
Coords =  4.42510572069792E-01  3.44018186627461E-01  2.55949144096656E-01
DistFromNuc =  6.0503106317E-01
Rho =  3.7055303881E+00
DelSqRho = -4.4391752644E+01
GradDelSqRho = -2.9842794902E-13 -3.1263880373E-13 -2.0605739337E-13
HessDelSqRho_EigVals = -8.4037219629E+02  1.5857305710E+03  7.1082144604E+03
HessDelSqRho_EigVec1 =  9.1936184887E-02 -6.9052042771E-01  7.1744635815E-01
HessDelSqRho_EigVec2 = -6.7601188950E-01  4.8573858300E-01  5.5413532123E-01
HessDelSqRho_EigVec3 =  7.3113313641E-01  5.3594735554E-01  4.2214306690E-01
</CP of DelSqRho>
<CP of DelSqRho>
CP# = 49      
Type = (3,+1)
Coords = -4.10163603737903E-01  3.37822504702630E-01  3.11029552205779E-01
DistFromNuc =  6.0479689301E-01
Rho =  3.7391375166E+00
DelSqRho = -4.5178647224E+01
GradDelSqRho = -3.9790393203E-13  2.7000623959E-13  7.1054273576E-14
HessDelSqRho_EigVals = -7.9597151652E+02  1.6021977379E+03  7.0984041754E+03
HessDelSqRho_EigVec1 = -7.4533347184E-03 -7.0378071219E-01  7.1037817882E-01
HessDelSqRho_EigVec2 =  7.3443329485E-01  4.7826510166E-01  4.8152905204E-01
HessDelSqRho_EigVec3 =  6.7863995109E-01 -5.2531438366E-01 -5.1331531742E-01
</CP of DelSqRho>
<CP of DelSqRho>
CP# = 50      
Type = (3,+1)
Coords = -4.10082538939721E-01 -2.97410931660718E-01  3.13626728202137E-01
DistFromNuc =  6.0629233781E-01
Rho =  3.6611353959E+00
DelSqRho = -4.3720385305E+01
GradDelSqRho = -3.2684965845E-13 -2.7711166695E-13  3.9790393203E-13
HessDelSqRho_EigVals = -8.0613802152E+02  1.5887425826E+03  6.9329923644E+03
HessDelSqRho_EigVec1 = -1.4401086675E-02  7.1216987287E-01  7.0185944525E-01
HessDelSqRho_EigVec2 = -7.3640578974E-01  4.6727278948E-01 -4.8924702661E-01
HessDelSqRho_EigVec3 =  6.7638681354E-01  5.2389904790E-01 -5.1771678172E-01
</CP of DelSqRho>
<CP of DelSqRho>
CP# = 51      
Type = (3,+1)
Coords =  4.10500939041426E-01  3.37031211847687E-01 -3.11551407419815E-01
DistFromNuc =  6.0479225977E-01
Rho =  3.7393389018E+00
DelSqRho = -4.5183170936E+01
GradDelSqRho = -3.8369307731E-13 -3.9790393203E-13  3.4106051316E-13
HessDelSqRho_EigVals = -7.9597925302E+02  1.6023072096E+03  7.0989258962E+03
HessDelSqRho_EigVec1 = -6.7711440257E-03  7.0468542689E-01  7.0948756207E-01
HessDelSqRho_EigVec2 = -7.3397924805E-01  4.7835979480E-01 -4.8212692327E-01
HessDelSqRho_EigVec3 =  6.7913814135E-01  5.2401369815E-01 -5.1398543668E-01
</CP of DelSqRho>
<CP of DelSqRho>
CP# = 52      
Type = (3,+1)
Coords = -4.42166057164856E-01  3.44134864288735E-01 -2.56453970786325E-01
DistFromNuc =  6.0503470236E-01
Rho =  3.7053746241E+00
DelSqRho = -4.4388514732E+01
GradDelSqRho = -1.5631940187E-13  1.1368683772E-13 -4.9737991503E-14
HessDelSqRho_EigVals = -8.4035351198E+02  1.5856606244E+03  7.1078017142E+03
HessDelSqRho_EigVec1 =  9.2611309926E-02  6.9130725017E-01  7.1660130557E-01
HessDelSqRho_EigVec2 =  6.7647031991E-01  4.8441107910E-01 -5.5473760710E-01
HessDelSqRho_EigVec3 =  7.3062374144E-01 -5.3613449088E-01  4.2278689210E-01
</CP of DelSqRho>
<CP of DelSqRho>
CP# = 53      
Type = (3,+1)
Coords =  4.09827256400403E-01 -2.98186051642470E-01 -3.13345862922411E-01
DistFromNuc =  6.0629380290E-01
Rho =  3.6610992789E+00
DelSqRho = -4.3719109618E+01
GradDelSqRho = -5.1159076975E-13  4.1211478674E-13  3.9790393203E-13
HessDelSqRho_EigVals = -8.0612021970E+02  1.5886813364E+03  6.9328380484E+03
HessDelSqRho_EigVec1 = -1.5070231756E-02 -7.1128114931E-01  7.0274605282E-01
HessDelSqRho_EigVec2 =  7.3684031715E-01  4.6719302556E-01  4.8866862381E-01
HessDelSqRho_EigVec3 =  6.7589883499E-01 -5.2517597385E-01 -5.1705992047E-01
</CP of DelSqRho>
<CP of DelSqRho>
CP# = 54      
Type = (3,+3)
Coords =  3.21106632028942E-01  5.12694777011200E-01 -2.28969640316951E-02
DistFromNuc =  5.8818881866E-01
Rho =  4.2678371831E+00
DelSqRho = -6.8249619239E+01
GradDelSqRho = -2.8421709430E-14 -1.9895196601E-13 -2.1316282073E-13
HessDelSqRho_EigVals =  1.0277124523E+03  1.2877845117E+03  9.0804726492E+03
HessDelSqRho_EigVec1 =  8.2694665556E-01 -5.4604386039E-01 -1.3414667862E-01
HessDelSqRho_EigVec2 =  1.3303178683E-01 -4.1802231067E-02  9.9022983048E-01
HessDelSqRho_EigVec3 =  5.4631654976E-01  8.3671301891E-01 -3.8072975259E-02
</CP of DelSqRho>
<CP of DelSqRho>
CP# = 55      
Type = (3,+3)
Coords = -3.20601380423039E-01  5.13034266186868E-01  2.21670091376016E-02
DistFromNuc =  5.8819562452E-01
Rho =  4.2675600068E+00
DelSqRho = -6.8241727594E+01
GradDelSqRho = -7.3896444519E-13  5.6843418861E-13  2.8421709430E-14
HessDelSqRho_EigVals =  1.0275175400E+03  1.2876572167E+03  9.0795104540E+03
HessDelSqRho_EigVec1 =  8.2748062414E-01  5.4509167284E-01 -1.3472521992E-01
HessDelSqRho_EigVec2 =  1.3298850118E-01  4.2851987611E-02  9.9019077238E-01
HessDelSqRho_EigVec3 = -5.4551798800E-01  8.3728058341E-01  3.7031735121E-02
</CP of DelSqRho>
<CP of DelSqRho>
CP# = 56      
Type = (3,+3)
Coords =  3.10795600835871E-01 -4.79544052006384E-01 -2.74574311182463E-02
DistFromNuc =  5.8930704294E-01
Rho =  4.1765426023E+00
DelSqRho = -6.7292993767E+01
GradDelSqRho =  3.9790393203E-13 -5.1159076975E-13 -1.1368683772E-13
HessDelSqRho_EigVals =  9.6274636104E+02  1.3851254783E+03  8.9426451073E+03
HessDelSqRho_EigVec1 = -8.2941139964E-01 -5.2341850299E-01  1.9521731702E-01
HessDelSqRho_EigVec2 =  1.9043750164E-01  6.3603077569E-02  9.7963677273E-01
HessDelSqRho_EigVec3 = -5.2517643522E-01  8.4969860495E-01  4.6925394436E-02
</CP of DelSqRho>
<CP of DelSqRho>
CP# = 57      
Type = (3,+3)
Coords = -3.11222174397371E-01 -4.79217409347704E-01  2.79647970891724E-02
DistFromNuc =  5.8930546710E-01
Rho =  4.1766069411E+00
DelSqRho = -6.7294745651E+01
GradDelSqRho =  1.4210854715E-13  3.4106051316E-13 -7.1054273576E-14
HessDelSqRho_EigVals =  9.6279040997E+02  1.3851715479E+03  8.9428399845E+03
HessDelSqRho_EigVec1 = -8.2891295866E-01  5.2443523747E-01  1.9460469846E-01
HessDelSqRho_EigVec2 =  1.9041416156E-01 -6.2579441832E-02  9.7970723205E-01
HessDelSqRho_EigVec3 =  5.2597124830E-01  8.4914751083E-01 -4.7986985757E-02
</CP of DelSqRho>
<CP of DelSqRho>
CP# = 58      
Type = (3,+3)
Coords = -3.27590989558207E-01  2.44263671760247E-02  4.85961248782532E-01
DistFromNuc =  5.8614024135E-01
Rho =  4.2743481395E+00
DelSqRho = -7.2545647176E+01
GradDelSqRho =  8.5265128291E-13  1.7763568394E-15 -7.2475359048E-13
HessDelSqRho_EigVals =  1.2605347553E+03  1.4867548330E+03  9.3738520184E+03
HessDelSqRho_EigVec1 = -4.5242360511E-02  9.9821989868E-01 -3.8860811908E-02
HessDelSqRho_EigVec2 =  8.2753808366E-01  5.9240261443E-02  5.5827530083E-01
HessDelSqRho_EigVec3 = -5.5958363888E-01  6.9011093913E-03  8.2874515129E-01
</CP of DelSqRho>
<CP of DelSqRho>
CP# = 59      
Type = (3,+3)
Coords =  3.27637606864951E-01  2.35186936534279E-02 -4.86081092936959E-01
DistFromNuc =  5.8614066297E-01
Rho =  4.2743693192E+00
DelSqRho = -7.2544524376E+01
GradDelSqRho = -1.4210854715E-13  4.4408920985E-15  3.2684965845E-13
HessDelSqRho_EigVals =  1.2604655936E+03  1.4866985713E+03  9.3737685484E+03
HessDelSqRho_EigVec1 =  4.6354566661E-02  9.9821157224E-01  3.7747996020E-02
HessDelSqRho_EigVec2 =  8.2746953525E-01 -5.9539880422E-02  5.5834502852E-01
HessDelSqRho_EigVec3 = -5.5959397994E-01 -5.3534748790E-03  8.2874961111E-01
</CP of DelSqRho>
<CP of DelSqRho>
CP# = 60      
Type = (3,-3)
Coords =  3.69197690475265E-02  5.91970208596303E-01  5.89653221993570E-01
DistFromNuc =  8.2207470878E-01
Rho =  1.3262344023E+00
DelSqRho =  1.5339539620E+01
GradDelSqRho =  1.4210854715E-14 -7.1054273576E-15 -2.8421709430E-14
HessDelSqRho_EigVals = -3.2394100392E+02 -2.4152124477E+02 -2.3298051300E+02
HessDelSqRho_EigVec1 = -1.3728974376E-03 -7.0920421660E-01 -7.0500176901E-01
HessDelSqRho_EigVec2 =  6.0055992873E-01 -5.6429011281E-01  5.6648428097E-01
HessDelSqRho_EigVec3 =  7.9957856847E-01  4.2261808733E-01 -4.2669434622E-01
</CP of DelSqRho>
<CP of DelSqRho>
CP# = 61      
Type = (3,-3)
Coords =  3.92350430318447E-02 -5.33202027189267E-01  5.77281926812194E-01
DistFromNuc =  8.0083854324E-01
Rho =  1.3789591602E+00
DelSqRho =  1.5798131507E+01
GradDelSqRho = -8.8817841970E-15 -6.7501559897E-14  1.0658141036E-13
HessDelSqRho_EigVals = -2.9350098552E+02 -2.8205011250E+02 -2.5395110206E+02
HessDelSqRho_EigVec1 =  5.5535113296E-01  5.7736788700E-01  5.9852438729E-01
HessDelSqRho_EigVec2 = -8.3154313271E-01  3.9505634307E-01  3.9046959452E-01
HessDelSqRho_EigVec3 = -1.1006250958E-02 -7.1454657571E-01  6.9950128919E-01
</CP of DelSqRho>
<CP of DelSqRho>
CP# = 62      
Type = (3,-3)
Coords = -3.63469316169511E-02  5.91269866419508E-01 -5.90479163226659E-01
DistFromNuc =  8.2207293517E-01
Rho =  1.3262430436E+00
DelSqRho =  1.5339671025E+01
GradDelSqRho = -1.2434497876E-14  7.1054273576E-15  5.3290705182E-14
HessDelSqRho_EigVals = -3.2393812681E+02 -2.4153103935E+02 -2.3298217564E+02
HessDelSqRho_EigVec1 =  7.7558122642E-04 -7.0835783934E-01  7.0585307956E-01
HessDelSqRho_EigVec2 =  6.0136332660E-01  5.6428990575E-01  5.6563155118E-01
HessDelSqRho_EigVec3 =  7.9897531119E-01 -4.2403546280E-01 -4.2641807934E-01
</CP of DelSqRho>
<CP of DelSqRho>
CP# = 63      
Type = (3,-3)
