 AIMInt (Version 19.02.13, Professional)
 Portions Copyright (c) 1997-2019 by Todd A. Keith
 AIMInt is a component of the AIMAll package ( http://aim.tkgristmill.com )

 TP:  64-bit Linux

 Licensed To:  Research Group of Fernando Cortes Guzman, UNAM, fercor@unam.mx

 AIMInt is a heavily modified and extended version of the PROAIMV program
 developed by members of R.F.W. Bader's research group

 Much of the Quantum Theory of Atoms in Molecules (QTAIM) is described in the book:
   "Atoms in Molecules - A Quantum Theory"
   R.F.W. Bader, Oxford University Press, Oxford, 1990

 For additional references see:  http://aim.tkgristmill.com/references.html

 Current Directory:  /home/scratch/M_H2O_4_tetraedrico/Opt

 Inp File:  Fe2_tetraedrico_cc-pvtz-def2-tzv_1_atomicfiles/o2.inp
 Wfx File:  Fe2_tetraedrico_cc-pvtz-def2-tzv_1.wfx
 Out File:  Fe2_tetraedrico_cc-pvtz-def2-tzv_1_atomicfiles/o2.int

 Wfx Title:   Fe2_tetraedrico_cc-pvtz-def2-tzv_1                                            
 Job Title:   Fe2_tetraedrico_cc-pvtz-def2-tzv_1                                            
 
<Atom>
O2      
</Atom>
<Nuclei of Molecule>
    13
Fe1       26.0           1.9844332830E-05   2.0406473638E-02  -5.8673133205E-05
O2         8.0          -2.8044523550E+00   2.0065127523E+00  -1.3831381491E-01
H3         1.0          -3.1241240148E+00   3.1682634408E+00   1.2819819533E+00
O4         8.0           1.3688475233E-01  -1.9667645830E+00  -2.8038447318E+00
H5         1.0           1.6701006157E+00  -2.9216501916E+00  -3.2229376489E+00
O6         8.0           2.8051943603E+00   2.0056641084E+00   1.3612204068E-01
H7         1.0           4.4042302916E+00   2.0315068272E+00   1.0965891427E+00
O8         8.0          -1.3754853312E-01  -1.9637856650E+00   2.8058019080E+00
H9         1.0          -1.6721052487E+00  -2.9149028350E+00   3.2285570009E+00
H10        1.0           3.1270909209E+00   3.1651083807E+00  -1.2855340091E+00
H11        1.0           1.2661930107E+00  -2.8708922646E+00   3.6106162180E+00
H12        1.0          -1.2675472719E+00  -2.8720689762E+00  -3.6094826411E+00
H13        1.0          -4.4049800530E+00   2.0310544030E+00  -1.0963877300E+00
</Nuclei of Molecule>
<Total Number of CPs of DelSqRho>
    33
</Total Number of CPs of DelSqRho>
<Number of (3,+3) CPs of DelSqRho>
     5
</Number of (3,+3) CPs of DelSqRho>
<Number of (3,+1) CPs of DelSqRho>
    12
</Number of (3,+1) CPs of DelSqRho>
<Number of (3,-1) CPs of DelSqRho>
    11
</Number of (3,-1) CPs of DelSqRho>
<Number of (3,-3) CPs of DelSqRho>
     5
</Number of (3,-3) CPs of DelSqRho>
<Number of Degenerate CPs of DelSqRho>
     0
</Number of Degenerate CPs of DelSqRho>
<CP of DelSqRho>
CP# = 1       
Type = (3,+3)
Coords = -2.80445270557967E+00  2.00651289394897E+00 -1.38313681433913E-01
DistFromNuc =  4.0102291302E-07
Rho =  2.9739523777E+02
DelSqRho = -3.3304248173E+06
GradDelSqRho = -9.7565098258E-06  3.3868836908E-06  6.7135260906E-08
HessDelSqRho_EigVals =  1.3244308289E+11  1.3244309952E+11  1.3244310720E+11
HessDelSqRho_EigVec1 =  4.3191591124E-01  7.0188283139E-01 -5.6640015592E-01
HessDelSqRho_EigVec2 =  7.9721395238E-01 -5.9078747810E-01 -1.2417757384E-01
HessDelSqRho_EigVec3 =  4.2178022683E-01  3.9790783697E-01  8.1472129807E-01
</CP of DelSqRho>
<CP of DelSqRho>
CP# = 2       
Type = (3,-1)
Coords = -1.52521494402941E+00  1.27104044108347E+00 -9.55848897547833E-02
DistFromNuc =  1.4762092112E+00
Rho =  1.5603500928E-01
DelSqRho =  5.2914609885E-01
GradDelSqRho =  6.8201000403E-13 -5.0465187584E-13  8.2302220594E-14
HessDelSqRho_EigVals = -1.0775832851E+00 -7.5590096171E-01  5.1531727674E+00
HessDelSqRho_EigVec1 =  5.7173766378E-01  7.2477478503E-01 -3.8447048625E-01
HessDelSqRho_EigVec2 =  2.2023505552E-01  3.1583729700E-01  9.2289941063E-01
HessDelSqRho_EigVec3 =  7.9032434110E-01 -6.1233023182E-01  2.0955263298E-02
</CP of DelSqRho>
<CP of DelSqRho>
CP# = 3       
Type = (3,+1)
Coords = -2.99982563772521E+00  2.72100336585297E+00  7.42546875949691E-01
DistFromNuc =  1.1509053450E+00
Rho =  4.1373446017E-01
DelSqRho = -9.5246171152E-01
GradDelSqRho = -3.8857805862E-15 -3.2959746044E-16  1.6930901126E-15
HessDelSqRho_EigVals = -3.1251303592E+01  1.4796591617E+01  1.5410241696E+01
HessDelSqRho_EigVec1 = -1.7459047222E-01  6.2589170872E-01  7.6011692256E-01
HessDelSqRho_EigVec2 =  4.1399859781E-01  7.4708339943E-01 -5.2006879863E-01
HessDelSqRho_EigVec3 =  8.9337748350E-01 -2.2388828297E-01  3.8955193328E-01
</CP of DelSqRho>
<CP of DelSqRho>
CP# = 4       
Type = (3,+1)
Coords = -3.79707338065729E+00  2.02047274014181E+00 -7.28573874820514E-01
DistFromNuc =  1.1549451590E+00
Rho =  4.1282934568E-01
DelSqRho = -9.5304748128E-01
GradDelSqRho = -5.1000870194E-15  6.1756155745E-16 -3.9968028887E-15
HessDelSqRho_EigVals = -3.1353188824E+01  1.4737388623E+01  1.5506300847E+01
HessDelSqRho_EigVec1 =  8.5828527593E-01 -1.5790327391E-02  5.1292986917E-01
HessDelSqRho_EigVec2 = -3.7553033648E-01 -7.0054267695E-01  6.0680880361E-01
HessDelSqRho_EigVec3 = -3.4974755397E-01  7.1343578781E-01  6.0719521175E-01
</CP of DelSqRho>
<CP of DelSqRho>
CP# = 5       
Type = (3,+1)
Coords = -2.92072128073687E+00  1.93337684159844E+00 -4.01454409378115E-02
DistFromNuc =  1.6883232564E-01
Rho =  2.2441470019E+01
DelSqRho =  1.2278429629E+03
GradDelSqRho =  2.7569058147E-12  5.6488147493E-13 -1.5461409930E-11
HessDelSqRho_EigVals = -4.0233474386E+05  2.1719421066E+03  3.4303923386E+03
HessDelSqRho_EigVec1 =  6.8600878233E-01  4.3707093685E-01 -5.8168801494E-01
HessDelSqRho_EigVec2 =  5.9590846254E-01 -7.9622271687E-01  1.0451071434E-01
HessDelSqRho_EigVec3 =  4.1747461580E-01  4.1832807855E-01  8.0667004646E-01
</CP of DelSqRho>
<CP of DelSqRho>
CP# = 6       
Type = (3,+1)
Coords = -2.80367772343520E+00  2.15814468524524E+00 -2.11187188452255E-01
DistFromNuc =  1.6823605951E-01
Rho =  2.2562111628E+01
DelSqRho =  1.2433913855E+03
GradDelSqRho =  1.2079226508E-13 -5.0874859880E-12 -4.7890580390E-12
HessDelSqRho_EigVals = -4.1630520855E+05  1.3066851196E+03  2.8012597242E+03
HessDelSqRho_EigVec1 =  9.9000328113E-03  9.0007285182E-01 -4.3562696286E-01
HessDelSqRho_EigVec2 =  9.1152391256E-01 -1.8723911015E-01 -3.6614979511E-01
HessDelSqRho_EigVec3 =  4.1112789516E-01  3.9345949862E-01  8.2229160081E-01
</CP of DelSqRho>
<CP of DelSqRho>
CP# = 7       
Type = (3,-1)
Coords = -2.91541782959551E+00  2.13377045427606E+00 -1.42031476676678E-01
DistFromNuc =  1.6888362942E-01
Rho =  2.2335144907E+01
DelSqRho =  1.2474014738E+03
GradDelSqRho = -1.3727685655E-11  9.3578478300E-12 -2.0250467969E-12
HessDelSqRho_EigVals = -4.0450252585E+05 -1.1069376127E+03  1.8059208704E+03
HessDelSqRho_EigVec1 = -6.5508884290E-01  7.5516558805E-01 -2.4156625177E-02
HessDelSqRho_EigVec2 =  6.2493889701E-01  5.2359726834E-01 -5.7904859519E-01
HessDelSqRho_EigVec3 =  4.2462922994E-01  3.9442468890E-01  8.1493507831E-01
</CP of DelSqRho>
<CP of DelSqRho>
CP# = 8       
Type = (3,-3)
Coords = -2.74108030867637E+00  1.89829578551257E+00 -2.48476632279636E-01
DistFromNuc =  1.6692146200E-01
Rho =  2.2731276367E+01
DelSqRho =  1.2991641534E+03
GradDelSqRho =  1.1937117961E-12 -1.4210854715E-12  8.9812601800E-12
HessDelSqRho_EigVals = -4.5272790920E+05 -3.4532858117E+03 -6.6452599132E+02
HessDelSqRho_EigVec1 = -3.8308742389E-01  6.4744862519E-01  6.5882797709E-01
HessDelSqRho_EigVec2 = -3.8821723785E-01 -7.6004060827E-01  5.2117717719E-01
HessDelSqRho_EigVec3 =  8.3817146330E-01 -5.6111955285E-02  5.4251271560E-01
</CP of DelSqRho>
<CP of DelSqRho>
CP# = 9       
Type = (3,+3)
Coords = -2.73422771945180E+00  1.41453278886541E+00  1.18295425577400E-01
DistFromNuc =  6.4901469846E-01
Rho =  9.1882286733E-01
DelSqRho = -4.1074814169E+00
GradDelSqRho =  3.7192471325E-15 -3.7303493627E-14 -7.9936057773E-15
HessDelSqRho_EigVals =  7.5763113378E+00  2.1613681581E+01  2.9419599310E+02
HessDelSqRho_EigVec1 =  9.0224426191E-01 -1.0324091004E-01 -4.1868437558E-01
HessDelSqRho_EigVec2 =  4.2296037351E-01  4.0104868030E-01  8.1256659941E-01
HessDelSqRho_EigVec3 = -8.4022701096E-02  9.1022045161E-01 -4.0551068441E-01
</CP of DelSqRho>
<CP of DelSqRho>
CP# = 10      
Type = (3,-1)
Coords = -2.33391882288323E+00  2.13018822793673E+00  3.83665644543074E-01
DistFromNuc =  7.1355447177E-01
Rho =  6.8350218453E-01
DelSqRho = -1.1245375105E+00
GradDelSqRho = -1.3598011606E-12 -6.3504757009E-14 -2.5304203177E-12
HessDelSqRho_EigVals = -1.5144898785E+01 -1.1320756467E+01  1.4801225626E+02
HessDelSqRho_EigVec1 = -6.1939553553E-01  6.4148107398E-01  4.5260490750E-01
HessDelSqRho_EigVec2 =  3.8785343907E-01  7.5127252717E-01 -5.3400308962E-01
HessDelSqRho_EigVec3 =  6.8258250810E-01  1.5521475976E-01  7.1413548994E-01
</CP of DelSqRho>
<CP of DelSqRho>
CP# = 11      
Type = (3,-1)
Coords = -3.36054258051360E+00  2.45905853414416E+00 -4.33029529532809E-02
DistFromNuc =  7.2322962296E-01
Rho =  6.7365351774E-01
DelSqRho = -1.1039476327E+00
GradDelSqRho = -2.3092638912E-14  2.5757174171E-14  9.9920072216E-16
HessDelSqRho_EigVals = -1.8660315357E+01 -5.0612172807E+00  1.3603958275E+02
HessDelSqRho_EigVec1 =  4.4169324826E-01  3.7917899890E-01  8.1309923210E-01
HessDelSqRho_EigVec2 =  4.6914232451E-01  6.7489697665E-01 -5.6957839694E-01
HessDelSqRho_EigVec3 =  7.6473037981E-01 -6.3303819608E-01 -1.2020852091E-01
</CP of DelSqRho>
<CP of DelSqRho>
CP# = 12      
Type = (3,-1)
Coords = -2.91370290003970E+00  1.59466559553876E+00 -7.09925943331613E-01
DistFromNuc =  7.1294753487E-01
Rho =  6.7718177933E-01
DelSqRho = -1.0526820541E+00
GradDelSqRho = -1.2656542481E-14  2.2648549702E-14 -8.8817841970E-15
HessDelSqRho_EigVals = -1.5590153804E+01 -1.1633547378E+01  1.4806757264E+02
HessDelSqRho_EigVec1 =  9.1928978188E-01 -3.7205117118E-01  1.2839089907E-01
HessDelSqRho_EigVec2 =  3.7322373820E-01  7.2049822543E-01 -5.8445388903E-01
HessDelSqRho_EigVec3 =  1.2494133897E-01  5.8520101946E-01  8.0120498540E-01
</CP of DelSqRho>
<CP of DelSqRho>
CP# = 13      
Type = (3,+1)
Coords = -2.68524616078823E+00  2.64931713144770E+00  9.99539357511793E-02
DistFromNuc =  6.9582979788E-01
Rho =  7.6580649324E-01
DelSqRho = -2.4055946934E+00
GradDelSqRho = -8.8817841970E-15 -2.9309887850E-14 -1.4654943925E-14
HessDelSqRho_EigVals = -1.3727331534E+01  1.2222446277E+01  1.8091623479E+02
HessDelSqRho_EigVec1 = -5.0221894941E-01 -1.1318678387E-01  8.5730092663E-01
HessDelSqRho_EigVec2 = -8.3621536934E-01  3.1610278959E-01 -4.4813266172E-01
HessDelSqRho_EigVec3 =  2.2027251969E-01  9.4194892557E-01  2.5340133917E-01
</CP of DelSqRho>
<CP of DelSqRho>
CP# = 14      
Type = (3,+1)
Coords = -3.01933449638466E+00  2.00733831733090E+00  5.20268020553136E-01
DistFromNuc =  6.9275179557E-01
Rho =  7.7264036763E-01
DelSqRho = -2.4171495020E+00
GradDelSqRho = -1.4210854715E-14 -6.4392935428E-15  5.3290705182E-14
HessDelSqRho_EigVals = -1.2033792205E+01  1.1052533199E+01  1.8187826533E+02
HessDelSqRho_EigVec1 =  5.8929717769E-02  9.9120546005E-01  1.1848638880E-01
HessDelSqRho_EigVec2 =  9.4336236206E-01 -9.4114446974E-02  3.1813507307E-01
HessDelSqRho_EigVec3 = -3.2648850242E-01 -9.3027989545E-02  9.4061206188E-01
</CP of DelSqRho>
<CP of DelSqRho>
CP# = 15      
Type = (3,+1)
Coords = -2.27316702879564E+00  1.61902014022761E+00 -2.26143334725044E-01
DistFromNuc =  6.6342192212E-01
Rho =  8.7183184482E-01
DelSqRho = -3.5508105451E+00
GradDelSqRho =  1.0444978216E-12 -7.2652994731E-13 -2.1671553441E-13
HessDelSqRho_EigVals = -7.4030860965E+00  1.8997320331E+01  2.5681077519E+02
HessDelSqRho_EigVec1 = -4.1242442567E-01 -7.1173856546E-01  5.6862492695E-01
HessDelSqRho_EigVec2 =  4.2682603558E-01  4.0046398668E-01  8.1083175241E-01
HessDelSqRho_EigVec3 =  8.0481403347E-01 -5.7711074310E-01 -1.3862742056E-01
</CP of DelSqRho>
<CP of DelSqRho>
CP# = 16      
Type = (3,+1)
Coords = -3.40038526992521E+00  1.66330309130772E+00 -1.73139190193523E-01
DistFromNuc =  6.8857949235E-01
Rho =  7.8200295109E-01
DelSqRho = -2.4879947208E+00
GradDelSqRho = -1.9539925233E-14 -7.9936057773E-15 -3.1086244690E-15
HessDelSqRho_EigVals = -1.2019425244E+01  1.1783248407E+01  1.8826423878E+02
HessDelSqRho_EigVec1 =  3.9848032279E-01 -5.8271099067E-01  7.0828054731E-01
HessDelSqRho_EigVec2 = -3.7747865260E-01  5.9960913744E-01  7.0567609364E-01
HessDelSqRho_EigVec3 =  8.3589670365E-01  5.4855882424E-01 -1.8971483021E-02
</CP of DelSqRho>
<CP of DelSqRho>
CP# = 17      
Type = (3,+3)
Coords = -2.36790950912724E+00  2.28450579276480E+00 -5.02540150285400E-01
DistFromNuc =  6.3285907609E-01
Rho =  9.8403911519E-01
DelSqRho = -4.7497033594E+00
GradDelSqRho =  3.7303493627E-14  1.9539925233E-14 -4.0856207306E-14
HessDelSqRho_EigVals =  1.3299094508E+01  2.5189150919E+01  3.6780436414E+02
HessDelSqRho_EigVec1 = -6.0168874427E-01  7.9413633564E-01 -8.5546101233E-02
HessDelSqRho_EigVec2 =  4.2006636567E-01  4.0571297904E-01  8.1175194922E-01
HessDelSqRho_EigVec3 =  6.7934888198E-01  4.5248697115E-01 -5.7770289725E-01
</CP of DelSqRho>
<CP of DelSqRho>
CP# = 18      
Type = (3,+1)
Coords = -3.10981243457482E+00  2.27575384378763E+00 -6.97572468400151E-01
DistFromNuc =  6.9174112577E-01
Rho =  7.7676537195E-01
DelSqRho = -2.5058264001E+00
GradDelSqRho = -4.3076653355E-14  6.3504757009E-14 -8.4376949872E-14
HessDelSqRho_EigVals = -1.3694661775E+01  1.3160093815E+01  1.8735491966E+02
HessDelSqRho_EigVec1 =  8.8313861264E-01  4.4631800125E-01 -1.4445218111E-01
HessDelSqRho_EigVec2 = -3.0501555978E-01  7.8026555305E-01  5.4603221060E-01
HessDelSqRho_EigVec3 =  3.5641506583E-01 -4.3816196604E-01  8.2521657300E-01
</CP of DelSqRho>
<CP of DelSqRho>
CP# = 19      
Type = (3,+3)
Coords = -3.42626743272216E+00  2.00209568993832E+00 -5.09222919883131E-01
DistFromNuc =  7.2404907673E-01
Rho =  7.5037402054E-01
DelSqRho = -3.0526517837E+00
GradDelSqRho =  2.1316282073E-14 -3.4416913763E-15  1.7763568394E-15
HessDelSqRho_EigVals =  1.1814168516E+01  2.2722963394E+01  1.3904829037E+02
HessDelSqRho_EigVec1 =  3.5385484771E-01  7.0517094707E-01 -6.1442711705E-01
HessDelSqRho_EigVec2 = -3.7447390370E-01  7.0879468129E-01  5.9781217386E-01
HessDelSqRho_EigVec3 =  8.5706244942E-01  1.8548185316E-02  5.1487855133E-01
</CP of DelSqRho>
<CP of DelSqRho>
CP# = 20      
Type = (3,+3)
Coords = -2.92091186090957E+00  2.44820145760769E+00  4.29186365101467E-01
DistFromNuc =  7.2849720882E-01
Rho =  7.3897687977E-01
DelSqRho = -2.9282913828E+00
GradDelSqRho =  6.9111383283E-15 -1.9539925233E-14 -1.8651746814E-14
HessDelSqRho_EigVals =  1.1482326628E+01  2.1456657202E+01  1.3406738639E+02
HessDelSqRho_EigVec1 =  4.0892250515E-01  7.6347602156E-01 -4.9988673646E-01
HessDelSqRho_EigVec2 = -8.9968893052E-01  2.4557636325E-01 -3.6090452769E-01
HessDelSqRho_EigVec3 = -1.5278158619E-01  5.9732454689E-01  7.8731262698E-01
</CP of DelSqRho>
<CP of DelSqRho>
CP# = 21      
Type = (3,-3)
Coords = -1.99625358309587E+00  2.21226136310270E+00  6.48505313519194E-01
DistFromNuc =  1.1465609825E+00
Rho =  2.4753163503E-01
DelSqRho =  8.2913432694E-01
GradDelSqRho = -4.6115888885E-14 -1.2677359162E-14 -2.7266383595E-14
HessDelSqRho_EigVals = -1.7378102996E+01 -1.5873209047E+00 -5.0610423589E-01
HessDelSqRho_EigVec1 =  7.2211889880E-01  1.5838597201E-01  6.7339303521E-01
HessDelSqRho_EigVec2 = -5.9361513378E-01  6.4169914335E-01  4.8563698621E-01
HessDelSqRho_EigVec3 =  3.5519764772E-01  7.5042394238E-01 -5.5740338872E-01
</CP of DelSqRho>
<CP of DelSqRho>
CP# = 22      
Type = (3,-3)
Coords = -2.94584447514312E+00  1.38434244390815E+00 -1.08223457539675E+00
DistFromNuc =  1.1393305167E+00
Rho =  2.4556065614E-01
DelSqRho =  8.5333767242E-01
GradDelSqRho =  7.8062556419E-16  1.1639994524E-15  2.1441182163E-15
HessDelSqRho_EigVals = -1.8029708778E+01 -1.7392926714E+00 -5.1803616171E-01
HessDelSqRho_EigVec1 =  8.5813768661E-02  5.6447104309E-01  8.2098016944E-01
HessDelSqRho_EigVec2 =  9.2550253262E-01 -3.5026285268E-01  1.4408676601E-01
HessDelSqRho_EigVec3 =  3.6889166325E-01  7.4745459765E-01 -5.5247675538E-01
</CP of DelSqRho>
<CP of DelSqRho>
CP# = 23      
Type = (3,+1)
Coords = -1.72093005832181E+00  2.00076747874468E+00 -7.10762078075770E-01
DistFromNuc =  1.2254593382E+00
Rho =  2.4231008889E-01
DelSqRho =  5.5609939748E-01
GradDelSqRho = -9.1593399532E-16  2.6367796835E-16  6.5225602697E-16
HessDelSqRho_EigVals = -1.3867563683E+01  2.1663021661E-01  4.3464925870E-01
HessDelSqRho_EigVec1 =  8.7977068602E-01  2.6303975869E-03 -4.7539101909E-01
HessDelSqRho_EigVec2 = -7.9038489492E-02  9.8687660130E-01 -1.4081012389E-01
HessDelSqRho_EigVec3 =  4.6878188659E-01  1.6145480736E-01  8.6843300719E-01
</CP of DelSqRho>
<CP of DelSqRho>
CP# = 24      
Type = (3,+1)
Coords = -2.26530105922929E+00  9.16193478501315E-01  9.86864540775187E-02
DistFromNuc =  1.2392132044E+00
Rho =  2.4192596083E-01
DelSqRho =  4.7120131109E-01
GradDelSqRho = -8.6042284408E-16  2.8865798640E-15  6.5919492087E-17
HessDelSqRho_EigVals = -1.1751900526E+01  5.0531985181E-01  6.6609888566E-01
HessDelSqRho_EigVec1 = -4.1198489906E-01  8.9062071331E-01 -1.9251801986E-01
HessDelSqRho_EigVec2 = -5.7137767394E-01 -8.7928946169E-02  8.1596326764E-01
HessDelSqRho_EigVec3 =  7.0978588086E-01  4.4616504284E-01  5.4510618955E-01
</CP of DelSqRho>
<CP of DelSqRho>
CP# = 25      
Type = (3,-1)
Coords = -2.89868313904065E+00  2.51415628807530E+00 -1.20639249992054E+00
DistFromNuc =  1.1863277277E+00
Rho =  2.4343390730E-01
DelSqRho =  7.3938127019E-01
GradDelSqRho =  6.5919492087E-16  3.3410774147E-15 -7.3482886442E-15
HessDelSqRho_EigVals = -1.7624344440E+01 -1.2206907544E+00  2.7682354333E-01
HessDelSqRho_EigVec1 =  5.8609956639E-02 -4.2542936170E-01  9.0309176233E-01
HessDelSqRho_EigVec2 =  9.8250048375E-01  1.8479803523E-01  2.3291320214E-02
HessDelSqRho_EigVec3 = -1.7679839480E-01  8.8592299010E-01  4.2881555850E-01
</CP of DelSqRho>
<CP of DelSqRho>
CP# = 26      
Type = (3,-3)
Coords = -3.84658815428343E+00  2.10327405930426E+00  3.85503644591853E-01
DistFromNuc =  1.1703822049E+00
Rho =  2.4803160765E-01
DelSqRho =  8.3453818344E-01
GradDelSqRho =  2.1926904736E-15 -2.7755575616E-16 -1.5820678101E-15
HessDelSqRho_EigVals = -1.7596170790E+01 -2.3738969494E+00 -2.1881167838E-01
HessDelSqRho_EigVec1 =  8.8963668497E-01 -7.8041252384E-02 -4.4995125479E-01
HessDelSqRho_EigVec2 =  4.4188698447E-01  3.9576855650E-01  8.0504853434E-01
HessDelSqRho_EigVec3 = -1.1524956275E-01  9.1502831247E-01 -3.8657564030E-01
</CP of DelSqRho>
<CP of DelSqRho>
CP# = 27      
Type = (3,-1)
Coords = -3.57253249837466E+00  1.10224654799849E+00 -1.51321849468408E-01
DistFromNuc =  1.1865132464E+00
Rho =  2.4361315169E-01
DelSqRho =  7.2716809407E-01
GradDelSqRho =  4.9869830487E-14  6.0420418668E-14 -6.6496287643E-15
HessDelSqRho_EigVals = -1.7168745877E+01 -1.4710621536E+00  3.0226075529E-01
HessDelSqRho_EigVec1 =  6.2632229310E-01  7.7955516341E-01  3.7593045159E-03
HessDelSqRho_EigVec2 =  6.5676066710E-01 -5.3025054310E-01  5.3619006676E-01
HessDelSqRho_EigVec3 = -4.1998310837E-01  3.3335882881E-01  8.4408890523E-01
</CP of DelSqRho>
<CP of DelSqRho>
CP# = 28      
Type = (3,-1)
Coords = -1.78932222925344E+00  1.45020347601597E+00 -5.65795194938653E-01
DistFromNuc =  1.2339811641E+00
Rho =  2.4057214388E-01
DelSqRho =  5.7167502373E-01
GradDelSqRho = -6.6613381478E-16  2.2759572005E-15  1.1934897515E-15
HessDelSqRho_EigVals = -1.1383906175E+01 -3.0639056160E-01  4.3905198658E-01
HessDelSqRho_EigVec1 =  8.0126348994E-01 -4.4124560604E-01 -4.0407812964E-01
HessDelSqRho_EigVec2 =  2.7912527648E-01  8.7304274371E-01 -3.9985678396E-01
HessDelSqRho_EigVec3 =  5.2921252794E-01  2.0760222253E-01  8.2270007747E-01
</CP of DelSqRho>
<CP of DelSqRho>
CP# = 29      
Type = (3,-1)
Coords = -2.88832987354031E+00  1.65816845327162E+00  9.94828539949354E-01
DistFromNuc =  1.1884404845E+00
Rho =  2.4468735390E-01
DelSqRho =  7.1454459637E-01
GradDelSqRho = -4.5102810375E-17  3.7816971776E-16  1.8457457784E-15
HessDelSqRho_EigVals = -1.6730198790E+01 -1.5139553450E+00  3.1873413134E-01
HessDelSqRho_EigVec1 = -5.6952623637E-02 -3.1298808687E-01  9.4804791869E-01
HessDelSqRho_EigVec2 = -2.2149601440E-01  9.2988601893E-01  2.9368606949E-01
HessDelSqRho_EigVec3 =  9.7349674589E-01  1.9326264326E-01  1.2228506226E-01
</CP of DelSqRho>
<CP of DelSqRho>
CP# = 30      
Type = (3,-3)
Coords = -3.44444797655146E+00  2.97051142528005E+00 -2.44064660651603E-01
DistFromNuc =  1.1619255908E+00
Rho =  2.4732597582E-01
DelSqRho =  8.5593728730E-01
GradDelSqRho =  2.8516772277E-13 -5.7215343574E-13  1.1936979183E-13
HessDelSqRho_EigVals = -1.7662437743E+01 -2.3149919388E+00 -3.2722137036E-01
HessDelSqRho_EigVec1 = -5.4629167565E-01  8.3226978291E-01 -9.4299594749E-02
HessDelSqRho_EigVec2 =  4.2864868032E-01  3.7451729781E-01  8.2219042959E-01
HessDelSqRho_EigVec3 = -7.1960107976E-01 -4.0873439063E-01  5.6134702629E-01
</CP of DelSqRho>
<CP of DelSqRho>
CP# = 31      
Type = (3,-1)
Coords = -2.22127451118458E+00  3.02984571000684E+00  4.84983751784703E-03
DistFromNuc =  1.1865085635E+00
Rho =  2.4452445127E-01
DelSqRho =  7.2999908791E-01
GradDelSqRho = -4.0280973002E-13 -4.8873405323E-13 -9.8808981830E-14
HessDelSqRho_EigVals = -1.7287011776E+01 -1.2995688070E+00  2.9565703535E-01
HessDelSqRho_EigVec1 =  5.0748352685E-01  8.5440541564E-01  1.1158788331E-01
HessDelSqRho_EigVec2 =  5.4586819270E-01 -2.1858541909E-01 -8.0885618670E-01
HessDelSqRho_EigVec3 =  6.6669962215E-01 -4.7139346652E-01  5.7732123947E-01
</CP of DelSqRho>
<CP of DelSqRho>
CP# = 32      
Type = (3,-1)
Coords = -3.81609593237867E+00  2.50842738721495E+00  1.72450408327204E-01
DistFromNuc =  1.1712879368E+00
Rho =  2.5305722548E-01
DelSqRho =  8.2649751354E-01
GradDelSqRho = -2.6645352591E-15  1.3322676296E-15  1.4294121442E-15
HessDelSqRho_EigVals = -1.6241636911E+01 -4.3172009381E+00  2.0184880810E-01
HessDelSqRho_EigVec1 =  8.6165130588E-01 -4.3358259532E-01 -2.6374828929E-01
HessDelSqRho_EigVec2 =  4.4237375206E-01  3.8698064516E-01  8.0904353638E-01
HessDelSqRho_EigVec3 =  2.4872171309E-01  8.1378873997E-01 -5.2524793777E-01
</CP of DelSqRho>
<CP of DelSqRho>
CP# = 33      
Type = (3,+1)
Coords = -3.62507768218173E+00  2.52634559377142E+00  1.62492499550869E+00
DistFromNuc =  2.0131227517E+00
Rho =  7.3858916620E-02
DelSqRho =  1.7984675215E-01
GradDelSqRho =  3.7114408769E-15 -1.4580350816E-15 -4.0393036138E-15
HessDelSqRho_EigVals = -1.6767707641E+00  1.1410582212E-02  5.6442994224E-01
HessDelSqRho_EigVec1 = -5.6864156077E-01 -1.7070517151E-01  8.0467789816E-01
HessDelSqRho_EigVec2 =  7.8640630139E-01 -3.9973927710E-01  4.7092848659E-01
HessDelSqRho_EigVec3 =  2.4127143323E-01  9.0059327932E-01  3.6155198899E-01
</CP of DelSqRho>
<Path of -GradDelSqRho>
Starting CP# =      3
Ending CP# =      0
Number of Points =     30
 -2.9998256377E+00  2.7210033659E+00  7.4254687595E-01  4.1373446017E-01 -9.5246171152E-01
 -3.0041943875E+00  2.7366534846E+00  7.6154655482E-01  4.0343547027E-01 -9.6218955656E-01
 -3.0085711866E+00  2.7523096887E+00  7.8053936633E-01  3.9414894373E-01 -9.9127594506E-01
 -3.0129555051E+00  2.7679721986E+00  7.9952524330E-01  3.8584669381E-01 -1.0397048270E+00
 -3.0173465729E+00  2.7836410510E+00  8.1850432592E-01  3.7849612460E-01 -1.1076149202E+00
 -3.0217434621E+00  2.7993161072E+00  8.3747693698E-01  3.7206034043E-01 -1.1952266538E+00
 -3.0261451872E+00  2.8149970677E+00  8.5644354673E-01  3.6649814667E-01 -1.3026890640E+00
 -3.0305508183E+00  2.8306834923E+00  8.7540473057E-01  3.6176404547E-01 -1.4298168225E+00
 -3.0349596102E+00  2.8463748195E+00  8.9436112268E-01  3.5780841174E-01 -1.5756883122E+00
 -3.0393711481E+00  2.8620703831E+00  9.1331336830E-01  3.5457814623E-01 -1.7381014919E+00
 -3.0437855256E+00  2.8777694191E+00  9.3226207633E-01  3.5201823719E-01 -1.9129590562E+00
 -3.0482035772E+00  2.8934710582E+00  9.5120777104E-01  3.5007478196E-01 -2.0938014460E+00
 -3.0526271923E+00  2.9091743043E+00  9.7015083534E-01  3.4870004313E-01 -2.2719273211E+00
 -3.0570596055E+00  2.9248780497E+00  9.8909142888E-01  3.4785990529E-01 -2.4377829164E+00
 -3.0615047387E+00  2.9405813910E+00  1.0080293762E+00  3.4754349691E-01 -2.5844258073E+00
 -3.0659615885E+00  2.9562851496E+00  1.0269642237E+00  3.4777362845E-01 -2.7136588988E+00
 -3.0704099025E+00  2.9719947183E+00  1.0458962569E+00  3.4861513942E-01 -2.8446779149E+00
 -3.0748170508E+00  2.9877165936E+00  1.0648276978E+00  3.5017658267E-01 -3.0237402578E+00
 -3.0791780781E+00  3.0034496408E+00  1.0837605405E+00  3.5259947010E-01 -3.3317191878E+00
 -3.0835090554E+00  3.0191890149E+00  1.1026950249E+00  3.5602964944E-01 -3.8850400735E+00
 -3.0878232830E+00  3.0349314947E+00  1.1216307519E+00  3.6056809215E-01 -4.8250894924E+00
 -3.0921279656E+00  3.0506755275E+00  1.1405673602E+00  3.6620357658E-01 -6.2922720653E+00
 -3.0964267715E+00  3.0664203900E+00  1.1595046137E+00  3.7273733031E-01 -8.3839575138E+00
 -3.1007216206E+00  3.0821657291E+00  1.1784423688E+00  3.7971826783E-01 -1.1101293904E+01
 -3.1050135540E+00  3.0979113606E+00  1.1973805418E+00  3.8641424746E-01 -1.4298480754E+01
 -3.1093031385E+00  3.1136571763E+00  1.2163190938E+00  3.9184545204E-01 -1.7657198743E+01
 -3.1135906445E+00  3.1294030944E+00  1.2352580313E+00  3.9489578331E-01 -2.0711668107E+01
 -3.1178760731E+00  3.1451490111E+00  1.2541974401E+00  3.9449519113E-01 -2.2937745960E+01
 -3.1221587155E+00  3.1608946058E+00  1.2731377469E+00  3.8983552350E-01 -2.3890902090E+01
 -3.1225861549E+00  3.1624688940E+00  1.2750321896E+00  3.8911688879E-01 -2.3905041013E+01
</Path of -GradDelSqRho>
<Path of -GradDelSqRho>
Starting CP# =      3
Ending CP# =     20
Number of Points =     18
 -2.9998256377E+00  2.7210033659E+00  7.4254687595E-01  4.1373446017E-01 -9.5246171152E-01
 -2.9954648832E+00  2.7053587446E+00  7.2354083394E-01  4.2506942317E-01 -9.6227792007E-01
 -2.9911122857E+00  2.6897192466E+00  7.0452870651E-01  4.3745876010E-01 -9.9196249036E-01
 -2.9867673478E+00  2.6740841257E+00  6.8551122768E-01  4.5091517504E-01 -1.0419093411E+00
 -2.9824291646E+00  2.6584524733E+00  6.6648935591E-01  4.6544498266E-01 -1.1124778221E+00
 -2.9780964001E+00  2.6428232180E+00  6.4746427963E-01  4.8104736962E-01 -1.2038561128E+00
 -2.9737672517E+00  2.6271951096E+00  6.2843743803E-01  4.9771369584E-01 -1.3158954275E+00
 -2.9694393893E+00  2.6115666782E+00  6.0941056918E-01  5.1542694164E-01 -1.4479199343E+00
 -2.9651098472E+00  2.5959361536E+00  5.9038580213E-01  5.3416142550E-01 -1.5985194734E+00
 -2.9607748377E+00  2.5803013211E+00  5.7136582061E-01  5.5388293408E-01 -1.7653343027E+00
 -2.9564294317E+00  2.5646592686E+00  5.5235415027E-01  5.7454941817E-01 -1.9448425610E+00
 -2.9520669923E+00  2.5490059276E+00  5.3335567762E-01  5.9611241441E-01 -2.1321608431E+00
 -2.9476781059E+00  2.5333351921E+00  5.1437764966E-01  6.1851935000E-01 -2.3208643809E+00
 -2.9432483557E+00  2.5176370463E+00  4.9543180354E-01  6.4171686552E-01 -2.5028222867E+00
 -2.9387529311E+00  2.5018929694E+00  4.7653963842E-01  6.6565519872E-01 -2.6680188918E+00
 -2.9341401774E+00  2.4860617588E+00  4.5774894596E-01  6.9029313817E-01 -2.8042847166E+00
 -2.9292545768E+00  2.4700126266E+00  4.3921486769E-01  7.1559747979E-01 -2.8967849028E+00
 -2.9209118609E+00  2.4482014576E+00  4.2918636510E-01  7.3897687977E-01 -2.9282913828E+00
</Path of -GradDelSqRho>
<Path of -GradDelSqRho>
Starting CP# =      4
Ending CP# =     19
Number of Points =     18
 -3.7970733807E+00  2.0204727401E+00 -7.2857387482E-01  4.1282934568E-01 -9.5304748128E-01
 -3.7756149205E+00  2.0200785077E+00 -7.1575283479E-01  4.2422910240E-01 -9.6290280474E-01
 -3.7541539120E+00  2.0196851356E+00 -7.0293603457E-01  4.3669316951E-01 -9.9273910839E-01
 -3.7326906145E+00  2.0192920992E+00 -6.9012305752E-01  4.5023567632E-01 -1.0430152453E+00
 -3.7112251967E+00  2.0188986117E+00 -6.7731364669E-01  4.6486447348E-01 -1.1141757825E+00
 -3.6897577064E+00  2.0185035835E+00 -6.6450775689E-01  4.8058036842E-01 -1.2065172291E+00
 -3.6682880417E+00  2.0181055664E+00 -6.5170560566E-01  4.9737638768E-01 -1.3200245949E+00
 -3.6468159210E+00  2.0177026691E+00 -6.3890772686E-01  5.1523717003E-01 -1.4541830293E+00
 -3.6253408489E+00  2.0172924267E+00 -6.2611503490E-01  5.3413861383E-01 -1.6077715470E+00
 -3.6038620703E+00  2.0168715891E+00 -6.1332891160E-01  5.5404791872E-01 -1.7786481575E+00
 -3.5823785042E+00  2.0164357737E+00 -6.0055133689E-01  5.7492417477E-01 -1.9635374317E+00
 -3.5608886365E+00  2.0159788619E+00 -5.8778510231E-01  5.9671965918E-01 -2.1578316864E+00
 -3.5393903350E+00  2.0154918851E+00 -5.7503419070E-01  6.1938200003E-01 -2.3554138120E+00
 -3.5178804958E+00  2.0149607674E+00 -5.6230452374E-01  6.4285735396E-01 -2.5485000866E+00
 -3.4963542712E+00  2.0143611029E+00 -5.4960565430E-01  6.6709469687E-01 -2.7274792549E+00
 -3.4748030450E+00  2.0136434246E+00 -5.3695547330E-01  6.9205109223E-01 -2.8806800209E+00
 -3.4532073069E+00  2.0126747702E+00 -5.2439874454E-01  7.1769592223E-01 -2.9939209947E+00
 -3.4262674327E+00  2.0020956899E+00 -5.0922291988E-01  7.5037402054E-01 -3.0526517837E+00
</Path of -GradDelSqRho>
<Path of -GradDelSqRho>
Starting CP# =      4
Ending CP# =      0
Number of Points =     30
 -3.7970733807E+00  2.0204727401E+00 -7.2857387482E-01  4.1282934568E-01 -9.5304748128E-01
 -3.8185290790E+00  2.0208680855E+00 -7.4139950183E-01  4.0247420001E-01 -9.6280104461E-01
 -3.8399815846E+00  2.0212646884E+00 -7.5423042950E-01  3.9313898641E-01 -9.9194404307E-01
 -3.8614305694E+00  2.0216624964E+00 -7.6706720464E-01  3.8479448057E-01 -1.0404368906E+00
 -3.8828757535E+00  2.0220613370E+00 -7.7991029623E-01  3.7740717408E-01 -1.1084015116E+00
 -3.9043169418E+00  2.0224609655E+00 -7.9276003292E-01  3.7093937599E-01 -1.1960441619E+00
 -3.9257540614E+00  2.0228611175E+00 -8.0561654021E-01  3.6534920605E-01 -1.3034974271E+00
 -3.9471872001E+00  2.0232615696E+00 -8.1847967347E-01  3.6059058688E-01 -1.4305514108E+00
 -3.9686166534E+00  2.0236622076E+00 -8.3134893978E-01  3.5661342437E-01 -1.5762455012E+00
 -3.9900429839E+00  2.0240631069E+00 -8.4422339667E-01  3.5336427864E-01 -1.7383193979E+00
 -4.0114671073E+00  2.0244646345E+00 -8.5710150643E-01  3.5078796219E-01 -1.9125993083E+00
 -4.0328904240E+00  2.0248675885E+00 -8.6998091356E-01  3.4883061955E-01 -2.0925453018E+00
 -4.0543150045E+00  2.0252733887E+00 -8.8285812895E-01  3.4744485892E-01 -2.2694088856E+00
 -4.0757437131E+00  2.0256842386E+00 -8.9572831294E-01  3.4659728464E-01 -2.4336896945E+00
 -4.0971794649E+00  2.0261026200E+00 -9.0858651945E-01  3.4627815628E-01 -2.5786947446E+00
 -4.1186205132E+00  2.0265274934E+00 -9.2143567996E-01  3.4651176442E-01 -2.7067752392E+00
 -4.1400501854E+00  2.0269453671E+00 -9.3430402487E-01  3.4736456286E-01 -2.8380399175E+00
 -4.1614453651E+00  2.0273363002E+00 -9.4723046562E-01  3.4894648742E-01 -3.0199928985E+00
 -4.1828055792E+00  2.0276986141E+00 -9.6021544451E-01  3.5139961393E-01 -3.3349004120E+00
 -4.2041441649E+00  2.0280427501E+00 -9.7323643677E-01  3.5486872213E-01 -3.9003482742E+00
 -4.2254711186E+00  2.0283768896E+00 -9.8627673484E-01  3.5945129303E-01 -4.8581022870E+00
 -4.2467916553E+00  2.0287053995E+00 -9.9932766528E-01  3.6512970168E-01 -6.3475326606E+00
 -4.2681083739E+00  2.0290304939E+00 -1.0123849169E+00  3.7169597868E-01 -8.4630147631E+00
 -4.2894226155E+00  2.0293533331E+00 -1.0254462674E+00  3.7868808300E-01 -1.1200567944E+01
 -4.3107351065E+00  2.0296745525E+00 -1.0385105142E+00  3.8536326288E-01 -1.4407706204E+01
 -4.3320462569E+00  2.0299945126E+00 -1.0515769786E+00  3.9073440974E-01 -1.7759486706E+01
 -4.3533563067E+00  2.0303134198E+00 -1.0646452638E+00  3.9368458348E-01 -2.0786066525E+01
 -4.3746654029E+00  2.0306313834E+00 -1.0777151268E+00  3.9315146354E-01 -2.2964285696E+01
 -4.3959736693E+00  2.0309484138E+00 -1.0907863652E+00  3.8834310920E-01 -2.3856711879E+01
 -4.3981044696E+00  2.0309800518E+00 -1.0920935336E+00  3.8760953414E-01 -2.3864500467E+01
</Path of -GradDelSqRho>
<Path of -GradDelSqRho>
Starting CP# =      5
Ending CP# =      1
Number of Points =      7
 -2.9207212807E+00  1.9333768416E+00 -4.0145440938E-02  2.2441470019E+01  1.2278429629E+03
 -2.9035528222E+00  1.9442770073E+00 -5.4686075636E-02  3.2623018981E+01  9.8223799098E+02
 -2.8863556711E+00  1.9551352180E+00 -6.9224203185E-02  4.7786863719E+01 -7.6149182600E+02
 -2.8691458054E+00  1.9659747880E+00 -8.3761198500E-02  7.0306178568E+01 -6.2877925320E+03
 -2.8519269962E+00  1.9768012295E+00 -9.8297385021E-02  1.0371312739E+02 -2.0265109770E+04
 -2.8346931374E+00  1.9876055645E+00 -1.1283218557E-01  1.5383172106E+02 -7.4060717978E+04
 -2.8044527056E+00  2.0065128939E+00 -1.3831368143E-01  2.9739523777E+02 -3.3304248173E+06
</Path of -GradDelSqRho>
<Path of -GradDelSqRho>
Starting CP# =      5
Ending CP# =      9
Number of Points =     44
 -2.9207212807E+00  1.9333768416E+00 -4.0145440938E-02  2.2441470019E+01  1.2278429629E+03
 -2.9378565798E+00  1.9224283610E+00 -2.5601985328E-02  1.5557117796E+01  1.1470455177E+03
 -2.9549776478E+00  1.9114592069E+00 -1.1057340881E-02  1.0886893590E+01  9.7824746322E+02
 -2.9720952554E+00  1.9004850408E+00  3.4875958519E-03  7.7282967973E+00  7.7092053517E+02
 -2.9892041438E+00  1.8894982495E+00  1.8033258765E-02  5.5998846286E+00  5.7117382811E+02
 -3.0062956166E+00  1.8784862779E+00  3.2580351736E-02  4.1663336050E+00  4.0777678828E+02
 -3.0233602462E+00  1.8674356087E+00  4.7129608469E-02  3.1981282880E+00  2.8576740210E+02
 -3.0403885903E+00  1.8563328508E+00  6.1681716274E-02  2.5411455020E+00  1.9797244354E+02
 -3.0573719520E+00  1.8451658698E+00  7.6237242872E-02  2.0925009192E+00  1.3522399928E+02
 -3.0743019714E+00  1.8339232266E+00  9.0796658357E-02  1.7831574935E+00  9.0367706974E+01
 -3.0911685258E+00  1.8225912505E+00  1.0536046481E-01  1.5664602112E+00  5.8544975732E+01
 -3.1079567201E+00  1.8111499780E+00  1.1992933317E-01  1.4108454964E+00  3.6402558487E+01
 -3.1246434067E+00  1.7995687167E+00  1.3450416126E-01  1.2951225225E+00  2.1429238132E+01
 -3.1411924480E+00  1.7878004002E+00  1.4908599409E-01  1.2052726005E+00  1.1637064763E+01
 -3.1575468050E+00  1.7757727359E+00  1.6367564671E-01  1.1321915589E+00  5.4552120618E+00
 -3.1736136549E+00  1.7633726847E+00  1.7827250013E-01  1.0700822980E+00  1.6902984452E+00
 -3.1892331836E+00  1.7504167261E+00  1.9287073526E-01  1.0153369936E+00 -5.1748561624E-01
 -3.2041019966E+00  1.7365861326E+00  2.0744640784E-01  9.6581642729E-01 -1.7551885771E+00
 -3.2175355049E+00  1.7212599071E+00  2.2190216967E-01  9.2054939676E-01 -2.4049717481E+00
 -3.2274559027E+00  1.7030533030E+00  2.3571899719E-01  8.8057642797E-01 -2.7093403768E+00
 -3.2267165263E+00  1.6806734993E+00  2.4554935616E-01  8.5558747361E-01 -2.8387561794E+00
 -3.2132391318E+00  1.6599129681E+00  2.4766838364E-01  8.5366083829E-01 -2.9264125830E+00
 -3.1962320796E+00  1.6416221496E+00  2.4681961360E-01  8.5905605875E-01 -3.0113280727E+00
 -3.1782825612E+00  1.6243062956E+00  2.4512387946E-01  8.6550829362E-01 -3.0954874802E+00
 -3.1597860598E+00  1.6076296020E+00  2.4295529505E-01  8.7191152077E-01 -3.1785973900E+00
 -3.1408220588E+00  1.5915465053E+00  2.4037821415E-01  8.7805683109E-01 -3.2602673544E+00
 -3.1214220221E+00  1.5760629312E+00  2.3740513614E-01  8.8388624801E-01 -3.3400977411E+00
 -3.1016106148E+00  1.5611927114E+00  2.3403962181E-01  8.8936801618E-01 -3.4176902058E+00
 -3.0814119714E+00  1.5469503104E+00  2.3028316914E-01  8.9447673143E-01 -3.4926531398E+00
 -3.0608506182E+00  1.5333497153E+00  2.2613627580E-01  8.9919054855E-01 -3.5646065509E+00
 -3.0399516302E+00  1.5204042888E+00  2.2159861707E-01  9.0349097026E-01 -3.6331868080E+00
 -3.0187406932E+00  1.5081267502E+00  2.1666909509E-01  9.0736296037E-01 -3.6980512300E+00
 -2.9972441583E+00  1.4965291638E+00  2.1134586620E-01  9.1079505692E-01 -3.7588824383E+00
 -2.9754890999E+00  1.4856229181E+00  2.0562636056E-01  9.1377944424E-01 -3.8153923968E+00
 -2.9535033745E+00  1.4754186992E+00  1.9950729738E-01  9.1631198156E-01 -3.8673260641E+00
 -2.9313156798E+00  1.4659264593E+00  1.9298469945E-01  9.1839219034E-01 -3.9144646005E+00
 -2.9089556116E+00  1.4571553856E+00  1.8605391421E-01  9.2002320311E-01 -3.9566280786E+00
 -2.8864537117E+00  1.4491138765E+00  1.7870965295E-01  9.2121167669E-01 -3.9936776594E+00
 -2.8638414994E+00  1.4418095328E+00  1.7094606874E-01  9.2196767257E-01 -4.0255172098E+00
 -2.8411514700E+00  1.4352491818E+00  1.6275690788E-01  9.2230450710E-01 -4.0520943451E+00
 -2.8184170276E+00  1.4294389621E+00  1.5413579745E-01  9.2223857409E-01 -4.0734008946E+00
 -2.7956722904E+00  1.4243845272E+00  1.4507678803E-01  9.2178914257E-01 -4.0894727988E+00
 -2.7729516288E+00  1.4200914892E+00  1.3557540480E-01  9.2097813242E-01 -4.1003894562E+00
 -2.7342277195E+00  1.4145327889E+00  1.1829542558E-01  9.1882286733E-01 -4.1074814169E+00
</Path of -GradDelSqRho>
<Path of -GradDelSqRho>
Starting CP# =      6
Ending CP# =     17
Number of Points =     40
 -2.8036777234E+00  2.1581446852E+00 -2.1118718845E-01  2.2562111628E+01  1.2433913855E+03
 -2.8033993847E+00  2.1806392141E+00 -2.2209215740E-01  1.5627716817E+01  1.1605665196E+03
 -2.8030903121E+00  2.2031264512E+00 -2.3301134378E-01  1.0927613812E+01  9.8939453879E+02
 -2.8027734965E+00  2.2256118518E+00 -2.4393408965E-01  7.7517265573E+00  7.7985190502E+02
 -2.8024389557E+00  2.2480930250E+00 -2.5486500274E-01  5.6141071713E+00  5.7783918871E+02
 -2.8020691661E+00  2.2705657415E+00 -2.6581215129E-01  4.1764298414E+00  4.1239903043E+02
 -2.8016450029E+00  2.2930253013E+00 -2.7678428979E-01  3.2071248800E+00  2.8877668720E+02
 -2.8011472638E+00  2.3154668490E+00 -2.8779012773E-01  2.5507137784E+00  1.9980264005E+02
 -2.8005582024E+00  2.3378857076E+00 -2.9883760414E-01  2.1034540607E+00  1.3621892866E+02
 -2.7998606980E+00  2.3602771447E+00 -3.0993425091E-01  1.7957806178E+00  9.0778810424E+01
 -2.7990340018E+00  2.3826352307E+00 -3.2108908992E-01  1.5807232507E+00  5.8556853030E+01
 -2.7980476452E+00  2.4049510646E+00 -3.3231527617E-01  1.4265426339E+00  3.6154132550E+01
 -2.7968544282E+00  2.4272104373E+00 -3.4363298718E-01  1.3119666025E+00  2.1025105923E+01
 -2.7953809802E+00  2.4493902044E+00 -3.5507306901E-01  1.2229608871E+00  1.1153301752E+01
 -2.7935122416E+00  2.4714515291E+00 -3.6668264101E-01  1.1504535809E+00  4.9438038318E+00
 -2.7910628645E+00  2.4933256907E+00 -3.7853457555E-01  1.0887208212E+00  1.1837922116E+00
 -2.7877190591E+00  2.5148803758E+00 -3.9074441498E-01  1.0342817378E+00 -1.0013093742E+00
 -2.7829034343E+00  2.5358246427E+00 -4.0350158173E-01  9.8524573027E-01 -2.2094727348E+00
 -2.7754080614E+00  2.5553675157E+00 -4.1711371017E-01  9.4130626453E-01 -2.8320530884E+00
 -2.7625069682E+00  2.5706863313E+00 -4.3177248962E-01  9.0591840760E-01 -3.1246573984E+00
 -2.7422485167E+00  2.5746650869E+00 -4.4514806978E-01  8.9056505133E-01 -3.2763946847E+00
 -2.7200606158E+00  2.5685247612E+00 -4.5470413532E-01  8.9303554320E-01 -3.4011849518E+00
 -2.6982833762E+00  2.5588769026E+00 -4.6226945906E-01  9.0094552633E-01 -3.5225415247E+00
 -2.6768315877E+00  2.5479120127E+00 -4.6893857773E-01  9.0993903754E-01 -3.6417117707E+00
 -2.6556186615E+00  2.5361630190E+00 -4.7501356034E-01  9.1889371009E-01 -3.7581075370E+00
 -2.6346316458E+00  2.5237670245E+00 -4.8056572301E-01  9.2749808343E-01 -3.8709943198E+00
 -2.6138825788E+00  2.5107670429E+00 -4.8560763871E-01  9.3564276903E-01 -3.9796308241E+00
 -2.5933903031E+00  2.4971844674E+00 -4.9013809921E-01  9.4326895000E-01 -4.0832943278E+00
 -2.5731753823E+00  2.4830358973E+00 -4.9415305583E-01  9.5033246406E-01 -4.1812940873E+00
 -2.5532588922E+00  2.4683368185E+00 -4.9764811100E-01  9.5679615435E-01 -4.2729825858E+00
 -2.5336622055E+00  2.4531023887E+00 -5.0061910002E-01  9.6262859387E-01 -4.3577658740E+00
 -2.5144070022E+00  2.4373476310E+00 -5.0306230792E-01  9.6780406068E-01 -4.4351130295E+00
 -2.4955153327E+00  2.4210874981E+00 -5.0497465759E-01  9.7230267989E-01 -4.5045645532E+00
 -2.4770097092E+00  2.4043368790E+00 -5.0635394697E-01  9.7611053277E-01 -4.5657395151E+00
 -2.4589132394E+00  2.3871105419E+00 -5.0719917593E-01  9.7921970361E-01 -4.6183412953E+00
 -2.4412498333E+00  2.3694229856E+00 -5.0751102290E-01  9.8162826295E-01 -4.6621618048E+00
