 AIMInt (Version 19.02.13, Professional)
 Portions Copyright (c) 1997-2019 by Todd A. Keith
 AIMInt is a component of the AIMAll package ( http://aim.tkgristmill.com )

 TP:  64-bit Linux

 Licensed To:  Research Group of Fernando Cortes Guzman, UNAM, fercor@unam.mx

 AIMInt is a heavily modified and extended version of the PROAIMV program
 developed by members of R.F.W. Bader's research group

 Much of the Quantum Theory of Atoms in Molecules (QTAIM) is described in the book:
   "Atoms in Molecules - A Quantum Theory"
   R.F.W. Bader, Oxford University Press, Oxford, 1990

 For additional references see:  http://aim.tkgristmill.com/references.html

 Current Directory:  /home/scratch/M_H2O_4_tetraedrico/Opt

 Inp File:  Fe2_tetraedrico_cc-pvtz-def2-tzv_1_atomicfiles/o4.inp
 Wfx File:  Fe2_tetraedrico_cc-pvtz-def2-tzv_1.wfx
 Out File:  Fe2_tetraedrico_cc-pvtz-def2-tzv_1_atomicfiles/o4.int

 Wfx Title:   Fe2_tetraedrico_cc-pvtz-def2-tzv_1                                            
 Job Title:   Fe2_tetraedrico_cc-pvtz-def2-tzv_1                                            
 
<Atom>
O4      
</Atom>
<Nuclei of Molecule>
    13
Fe1       26.0           1.9844332830E-05   2.0406473638E-02  -5.8673133205E-05
O2         8.0          -2.8044523550E+00   2.0065127523E+00  -1.3831381491E-01
H3         1.0          -3.1241240148E+00   3.1682634408E+00   1.2819819533E+00
O4         8.0           1.3688475233E-01  -1.9667645830E+00  -2.8038447318E+00
H5         1.0           1.6701006157E+00  -2.9216501916E+00  -3.2229376489E+00
O6         8.0           2.8051943603E+00   2.0056641084E+00   1.3612204068E-01
H7         1.0           4.4042302916E+00   2.0315068272E+00   1.0965891427E+00
O8         8.0          -1.3754853312E-01  -1.9637856650E+00   2.8058019080E+00
H9         1.0          -1.6721052487E+00  -2.9149028350E+00   3.2285570009E+00
H10        1.0           3.1270909209E+00   3.1651083807E+00  -1.2855340091E+00
H11        1.0           1.2661930107E+00  -2.8708922646E+00   3.6106162180E+00
H12        1.0          -1.2675472719E+00  -2.8720689762E+00  -3.6094826411E+00
H13        1.0          -4.4049800530E+00   2.0310544030E+00  -1.0963877300E+00
</Nuclei of Molecule>
<Total Number of CPs of DelSqRho>
    33
</Total Number of CPs of DelSqRho>
<Number of (3,+3) CPs of DelSqRho>
     5
</Number of (3,+3) CPs of DelSqRho>
<Number of (3,+1) CPs of DelSqRho>
    14
</Number of (3,+1) CPs of DelSqRho>
<Number of (3,-1) CPs of DelSqRho>
    10
</Number of (3,-1) CPs of DelSqRho>
<Number of (3,-3) CPs of DelSqRho>
     4
</Number of (3,-3) CPs of DelSqRho>
<Number of Degenerate CPs of DelSqRho>
     0
</Number of Degenerate CPs of DelSqRho>
<CP of DelSqRho>
CP# = 1       
Type = (3,+3)
Coords =  1.36884757270874E-01 -1.96676494081153E+00 -2.80384480906214E+00
DistFromNuc =  3.6606859893E-07
Rho =  2.9726280669E+02
DelSqRho = -3.3289493189E+06
GradDelSqRho =  8.0740551311E-07 -9.3738672149E-06 -1.7059712263E-05
HessDelSqRho_EigVals =  1.3238478472E+11  1.3238480426E+11  1.3238481123E+11
HessDelSqRho_EigVec1 = -1.0707254669E-01 -6.8812307801E-01  7.1765040184E-01
HessDelSqRho_EigVec2 = -7.6556307463E-02  7.2536299444E-01  6.8409623452E-01
HessDelSqRho_EigVec3 =  9.9129945099E-01 -1.8307261198E-02  1.3034662502E-01
</CP of DelSqRho>
<CP of DelSqRho>
CP# = 2       
Type = (3,-1)
Coords =  1.99664405926114E-01 -9.26560926830729E-01 -1.73267656521738E+00
DistFromNuc =  1.4944451052E+00
Rho =  1.4806440915E-01
DelSqRho =  4.0591805384E-01
GradDelSqRho = -8.0315615270E-13 -1.3721246361E-12 -1.2936041127E-12
HessDelSqRho_EigVals = -5.8998787414E-01 -3.4420302001E-01  5.2118038838E+00
HessDelSqRho_EigVec1 =  3.9374163154E-01  7.8630049780E-01 -4.7612924165E-01
HessDelSqRho_EigVec2 = -9.1610400965E-01  2.9304329712E-01 -2.7364040185E-01
HessDelSqRho_EigVec3 = -7.5637101361E-02  5.4392752567E-01  8.3571638474E-01
</CP of DelSqRho>
<CP of DelSqRho>
CP# = 3       
Type = (3,+1)
Coords =  1.08672961671706E+00 -2.55997476063720E+00 -3.05734488770323E+00
DistFromNuc =  1.1482011628E+00
Rho =  4.1891667309E-01
DelSqRho = -9.9540026731E-01
GradDelSqRho =  5.7454041524E-15  1.1102230246E-16  9.8532293435E-16
HessDelSqRho_EigVals = -3.2331075144E+01  1.5219236044E+01  1.6165756504E+01
HessDelSqRho_EigVec1 =  8.2526316520E-01 -5.1540774044E-01 -2.3085833156E-01
HessDelSqRho_EigVec2 = -1.7392455782E-01 -6.2086274264E-01  7.6438190912E-01
HessDelSqRho_EigVec3 =  5.3729968951E-01  5.9066430050E-01  6.0201721550E-01
</CP of DelSqRho>
<CP of DelSqRho>
CP# = 4       
Type = (3,+1)
Coords = -7.34463396461331E-01 -2.52978267905698E+00 -3.29795951755019E+00
DistFromNuc =  1.1490806736E+00
Rho =  4.1857496734E-01
DelSqRho = -9.9358633282E-01
GradDelSqRho =  7.2164496601E-16 -1.3045120539E-15  1.1657341759E-15
HessDelSqRho_EigVals = -3.2339057301E+01  1.5186831238E+01  1.6165805288E+01
HessDelSqRho_EigVec1 =  7.5459735733E-01  4.8849994412E-01  4.3812171016E-01
HessDelSqRho_EigVec2 = -4.3185199004E-02 -6.2925877191E-01  7.7599512664E-01
HessDelSqRho_EigVec3 = -6.5476550528E-01  6.0448424510E-01  4.5374103906E-01
</CP of DelSqRho>
<CP of DelSqRho>
CP# = 5       
Type = (3,+1)
Coords =  1.22568409462956E-01 -2.10839827187545E+00 -2.71299171373573E+00
DistFromNuc =  1.6887667210E-01
Rho =  2.2451676349E+01
DelSqRho =  1.2209858009E+03
GradDelSqRho =  3.7658764995E-13  2.5558222205E-11 -1.2228440482E-11
HessDelSqRho_EigVals = -4.0022071774E+05  2.9124628912E+03  3.8919434635E+03
HessDelSqRho_EigVec1 =  8.5193584200E-02  8.3648595677E-01 -5.4132550035E-01
HessDelSqRho_EigVec2 = -8.6678438468E-02  5.4746308452E-01  8.3232867270E-01
HessDelSqRho_EigVec3 =  9.9258697428E-01 -2.3987813785E-02  1.1914563892E-01
</CP of DelSqRho>
<CP of DelSqRho>
CP# = 6       
Type = (3,-1)
Coords =  1.52609269272829E-01 -2.05902788108814E+00 -2.94412842847934E+00
DistFromNuc =  1.6863953321E-01
Rho =  2.2374979857E+01
DelSqRho =  1.2540448433E+03
GradDelSqRho =  3.5171865420E-12 -2.0293100533E-11 -3.0865976441E-11
HessDelSqRho_EigVals = -4.0996748287E+05 -1.7580909265E+03  1.4848533554E+03
HessDelSqRho_EigVec1 = -9.3525210990E-02  5.4384792768E-01  8.3395591398E-01
HessDelSqRho_EigVec2 =  8.6926640909E-02  8.3888902620E-01 -5.3731644384E-01
HessDelSqRho_EigVec3 =  9.9181489907E-01 -2.2240352489E-02  1.2573214669E-01
</CP of DelSqRho>
<CP of DelSqRho>
CP# = 7       
Type = (3,+1)
Coords =  1.57893987520346E-01 -1.89923341727235E+00 -2.95607418473863E+00
DistFromNuc =  1.6785604743E-01
Rho =  2.2671824945E+01
DelSqRho =  1.2447396487E+03
GradDelSqRho =  1.0231815395E-12 -1.7848833522E-11 -2.8421709430E-11
HessDelSqRho_EigVals = -4.2398368685E+05  1.9268780878E+03  3.0560603038E+03
HessDelSqRho_EigVec1 = -1.2494283960E-01 -4.0726212598E-01  9.0472473580E-01
HessDelSqRho_EigVec2 = -2.6852795571E-02  9.1292422626E-01  4.0724474764E-01
HessDelSqRho_EigVec3 =  9.9180049113E-01 -2.6587926804E-02  1.2499947178E-01
</CP of DelSqRho>
<CP of DelSqRho>
CP# = 8       
Type = (3,-3)
Coords =  2.25409459332509E-01 -1.85645667411346E+00 -2.71501577264498E+00
DistFromNuc =  1.6701809034E-01
Rho =  2.2706629183E+01
DelSqRho =  1.2959432392E+03
GradDelSqRho =  4.9453774409E-12 -7.2759576142E-12 -7.2759576142E-12
HessDelSqRho_EigVals = -4.4992580656E+05 -3.6366006397E+03 -3.7279609505E+02
HessDelSqRho_EigVec1 =  5.2768367754E-01  6.6307024937E-01  5.3093105094E-01
HessDelSqRho_EigVec2 = -5.5914225587E-02 -5.9656655303E-01  8.0061348176E-01
HessDelSqRho_EigVec3 = -8.4759868796E-01  4.5215726489E-01  2.7772337310E-01
</CP of DelSqRho>
<CP of DelSqRho>
CP# = 9       
Type = (3,-1)
Coords =  1.37385805097069E-01 -1.83157905406499E+00 -2.70603232293095E+00
DistFromNuc =  1.6686115671E-01
Rho =  2.2761559563E+01
DelSqRho =  1.2954870653E+03
GradDelSqRho = -8.3932860662E-14 -2.1316282073E-11 -9.5496943686E-12
HessDelSqRho_EigVals = -4.5346511568E+05 -3.4506430047E+03  2.3780400327E+02
HessDelSqRho_EigVec1 =  2.8679295089E-03  8.1137324593E-01  5.8452136896E-01
HessDelSqRho_EigVec2 = -1.0887523474E-01 -5.8079564683E-01  8.0673576832E-01
HessDelSqRho_EigVec3 =  9.9405128552E-01 -6.5953562572E-02  8.6672771638E-02
</CP of DelSqRho>
<CP of DelSqRho>
CP# = 10      
Type = (3,-1)
Coords =  7.81018304632267E-01 -1.79719821268890E+00 -2.53797298579146E+00
DistFromNuc =  7.1718099003E-01
Rho =  6.6959734054E-01
DelSqRho = -9.6504332388E-01
GradDelSqRho = -7.1054273576E-15 -6.2172489379E-15 -2.1316282073E-14
HessDelSqRho_EigVals = -1.5717472259E+01 -1.2255188796E+01  1.4186291777E+02
HessDelSqRho_EigVec1 = -4.3672223855E-01  7.3886182306E-01  5.1318309868E-01
HessDelSqRho_EigVec2 = -1.4500137096E-01 -6.2081568800E-01  7.7043006428E-01
HessDelSqRho_EigVec3 =  8.8783348032E-01  2.6205168946E-01  3.7825999429E-01
</CP of DelSqRho>
<CP of DelSqRho>
CP# = 11      
Type = (3,-1)
Coords = -5.46992113995550E-01 -1.77243905248805E+00 -2.70783253761244E+00
DistFromNuc =  7.1740387617E-01
Rho =  6.6680386512E-01
DelSqRho = -9.3865453439E-01
GradDelSqRho =  3.5527136788E-15  3.9968028887E-15 -3.8857805862E-15
HessDelSqRho_EigVals = -1.5756020682E+01 -1.2370092207E+01  1.4127738514E+02
HessDelSqRho_EigVec1 =  3.1802740946E-01  7.1772582741E-01  6.1945799172E-01
HessDelSqRho_EigVec2 = -8.0241212681E-02 -6.3065969685E-01  7.7190005477E-01
HessDelSqRho_EigVec3 =  9.4467979476E-01 -2.9519143524E-01 -1.4297587888E-01
</CP of DelSqRho>
<CP of DelSqRho>
CP# = 12      
Type = (3,+3)
Coords =  5.43802259952219E-02 -2.11189237968062E+00 -2.17576528226365E+00
DistFromNuc =  6.4988681256E-01
Rho =  9.1245994737E-01
DelSqRho = -3.9439453749E+00
GradDelSqRho = -1.6764367672E-13 -3.9879211045E-13  1.2398970739E-12
HessDelSqRho_EigVals =  6.5169950364E+00  2.0812245525E+01  2.8420625501E+02
HessDelSqRho_EigVec1 = -1.0569274660E-02  9.6647905092E-01  2.5652784364E-01
HessDelSqRho_EigVec2 = -9.9189921054E-01  2.2343330695E-02 -1.2504691803E-01
HessDelSqRho_EigVec3 = -1.2658691310E-01 -2.5577142081E-01  9.5841365481E-01
</CP of DelSqRho>
<CP of DelSqRho>
CP# = 13      
Type = (3,-1)
Coords =  1.95048675330810E-01 -2.49477773845351E+00 -3.30030016320793E+00
DistFromNuc =  7.2708247788E-01
Rho =  6.5993247289E-01
DelSqRho = -9.1238241184E-01
GradDelSqRho = -3.2196467714E-15 -8.8817841970E-16  1.7652546092E-14
HessDelSqRho_EigVals = -1.8912403961E+01 -7.2543939500E+00  1.3071462477E+02
HessDelSqRho_EigVec1 =  9.9102086585E-01 -1.6671008883E-02  1.3266393980E-01
HessDelSqRho_EigVec2 = -1.0662590489E-01 -6.9720315903E-01  7.0889962015E-01
HessDelSqRho_EigVec3 = -8.0675646050E-02  7.1667972798E-01  6.9272043974E-01
</CP of DelSqRho>
<CP of DelSqRho>
CP# = 14      
Type = (3,+1)
Coords =  9.30182875211501E-02 -1.45599134593341E+00 -2.37100127599994E+00
DistFromNuc =  6.7094487380E-01
Rho =  8.4260989332E-01
DelSqRho = -3.3249537732E+00
GradDelSqRho = -2.8865798640E-15 -5.0626169923E-14 -1.0658141036E-14
HessDelSqRho_EigVals = -7.1897095417E+00  1.8794720694E+01  2.3598194664E+02
HessDelSqRho_EigVec1 = -1.0929050795E-01 -6.3382047847E-01  7.6572004411E-01
HessDelSqRho_EigVec2 =  9.9197810159E-01 -2.0317575771E-02  1.2476634996E-01
HessDelSqRho_EigVec3 = -6.3521892615E-02  7.7321329347E-01  6.3095655315E-01
</CP of DelSqRho>
<CP of DelSqRho>
CP# = 15      
Type = (3,+1)
Coords =  5.34409757283684E-01 -2.48636922150089E+00 -2.58112427283851E+00
DistFromNuc =  6.9110021901E-01
Rho =  7.8372968337E-01
DelSqRho = -2.5494346692E+00
GradDelSqRho = -3.5527136788E-15 -1.9539925233E-14  1.3322676296E-15
HessDelSqRho_EigVals = -1.1264803618E+01  1.3257110769E+01  1.8336379813E+02
HessDelSqRho_EigVec1 = -6.5438178669E-01 -4.1249368344E-02  7.5503838767E-01
HessDelSqRho_EigVec2 =  5.6107291254E-01  6.4291596899E-01  5.2139835407E-01
HessDelSqRho_EigVec3 = -5.0693358939E-01  7.6482517377E-01 -3.9756859724E-01
</CP of DelSqRho>
<CP of DelSqRho>
CP# = 16      
Type = (3,+1)
Coords = -3.08768645895744E-01 -1.98375896057765E+00 -3.33769549185710E+00
DistFromNuc =  6.9562374474E-01
Rho =  7.7365655262E-01
DelSqRho = -2.5382954366E+00
GradDelSqRho =  7.9936057773E-15 -1.3322676296E-15  0.0000000000E+00
HessDelSqRho_EigVals = -1.3949234927E+01  1.5097946339E+01  1.8209521101E+02
HessDelSqRho_EigVec1 =  4.7994680081E-01  8.3025412744E-01 -2.8342397968E-01
HessDelSqRho_EigVec2 =  6.4843119853E-01 -5.5332441591E-01 -5.2284708235E-01
HessDelSqRho_EigVec3 =  5.9092135616E-01 -6.7157833654E-02  8.0392896217E-01
</CP of DelSqRho>
<CP of DelSqRho>
CP# = 17      
Type = (3,+1)
Coords =  7.06063462602819E-01 -2.00128347695723E+00 -3.20362215332590E+00
DistFromNuc =  6.9640357914E-01
Rho =  7.7128263731E-01
DelSqRho = -2.5119878891E+00
GradDelSqRho = -1.7763568394E-15 -5.7731597281E-15 -1.1546319456E-14
HessDelSqRho_EigVals = -1.4020102781E+01  1.4827935766E+01  1.8091613994E+02
HessDelSqRho_EigVec1 = -3.6164522033E-01  8.4470905832E-01 -3.9456221487E-01
HessDelSqRho_EigVec2 =  5.0833989980E-01  5.3342061113E-01  6.7605694870E-01
HessDelSqRho_EigVec3 =  7.8153904630E-01  4.3921047394E-02 -6.2230833251E-01
</CP of DelSqRho>
<CP of DelSqRho>
CP# = 18      
Type = (3,+1)
Coords = -3.18060933530856E-01 -2.47362387209886E+00 -2.69167224378127E+00
DistFromNuc =  6.9026414007E-01
Rho =  7.8536997375E-01
DelSqRho = -2.5616067230E+00
GradDelSqRho =  3.8102854205E-12  5.7722715496E-12 -4.4947795486E-12
HessDelSqRho_EigVals = -1.1278079102E+01  1.3429367488E+01  1.8459623416E+02
HessDelSqRho_EigVec1 =  4.3885137880E-01 -5.8321444513E-02  8.9666497447E-01
HessDelSqRho_EigVec2 =  6.5670602609E-01 -6.6028919300E-01 -3.6435611276E-01
HessDelSqRho_EigVec3 =  6.1330796719E-01  7.4874347458E-01 -2.5146877869E-01
</CP of DelSqRho>
<CP of DelSqRho>
CP# = 19      
Type = (3,+3)
Coords =  1.91607450778314E-01 -1.44923320291276E+00 -3.15131604540502E+00
DistFromNuc =  6.2575523723E-01
Rho =  1.0137985688E+00
DelSqRho = -5.0302478479E+00
GradDelSqRho = -2.9110047706E-13  9.4182439625E-12 -1.6058265828E-12
HessDelSqRho_EigVals =  1.7578596274E+01  2.7432963582E+01  4.0492343595E+02
HessDelSqRho_EigVec1 = -8.6619053967E-02  5.7121257944E-01  8.1621892197E-01
HessDelSqRho_EigVec2 =  9.9231111437E-01 -2.3236314626E-02  1.2156778348E-01
HessDelSqRho_EigVec3 =  8.8406966855E-02  8.2047319443E-01 -5.6480788365E-01
</CP of DelSqRho>
<CP of DelSqRho>
CP# = 20      
Type = (3,+3)
Coords = -4.22246474375265E-01 -2.32660544594653E+00 -3.09791560157184E+00
DistFromNuc =  7.2704253780E-01
Rho =  7.4597965175E-01
DelSqRho = -3.0051375359E+00
GradDelSqRho = -1.8651746814E-14  5.5511151231E-15  4.4408920985E-16
HessDelSqRho_EigVals =  1.0835910456E+01  2.3382340157E+01  1.3565791603E+02
HessDelSqRho_EigVec1 = -6.5752496352E-03 -6.0986801787E-01  7.9247572005E-01
HessDelSqRho_EigVec2 = -6.2995891304E-01  6.1799001621E-01  4.7036167760E-01
HessDelSqRho_EigVec3 =  7.7660062708E-01  4.9613439776E-01  3.8825523226E-01
</CP of DelSqRho>
<CP of DelSqRho>
CP# = 21      
Type = (3,+3)
Coords =  7.41738705836532E-01 -2.34704430787054E+00 -2.94339757710543E+00
DistFromNuc =  7.2796701219E-01
Rho =  7.4381819903E-01
DelSqRho = -2.9814449542E+00
GradDelSqRho = -6.1972649235E-12  7.0161654264E-12  1.4457324227E-12
HessDelSqRho_EigVals =  1.0795637470E+01  2.3112278187E+01  1.3465170779E+02
HessDelSqRho_EigVec1 = -2.1931962692E-01 -6.0241882723E-01  7.6745713746E-01
HessDelSqRho_EigVec2 =  5.0668514102E-01  6.0188829464E-01  6.1725249991E-01
HessDelSqRho_EigVec3 =  8.3376799478E-01 -5.2423471592E-01 -1.7323075220E-01
</CP of DelSqRho>
<CP of DelSqRho>
CP# = 22      
Type = (3,-3)
Coords =  1.16442587073647E+00 -1.63548016288500E+00 -2.43858501959091E+00
DistFromNuc =  1.1397389062E+00
Rho =  2.4691043526E-01
DelSqRho =  8.5479545267E-01
GradDelSqRho = -1.3211653993E-14 -6.5572547392E-15 -6.4705185654E-15
HessDelSqRho_EigVals = -1.7760090623E+01 -1.8460747058E+00 -5.4473900124E-01
HessDelSqRho_EigVec1 =  8.8371150604E-01  3.1733095539E-01  3.4402767163E-01
HessDelSqRho_EigVec2 = -4.5723569620E-01  7.4231405681E-01  4.8980134665E-01
HessDelSqRho_EigVec3 = -9.9947447300E-02 -5.9014481766E-01  8.0108651341E-01
</CP of DelSqRho>
<CP of DelSqRho>
CP# = 23      
Type = (3,-3)
Coords =  2.49496563182384E-01 -2.64176697100307E+00 -3.73360300121120E+00
DistFromNuc =  1.1544522871E+00
Rho =  2.5021110483E-01
DelSqRho =  8.7935275996E-01
GradDelSqRho =  3.1918911958E-16 -1.1102230246E-15 -2.4980018054E-15
HessDelSqRho_EigVals = -1.7423614570E+01 -3.1428057477E+00 -3.0003990675E-01
HessDelSqRho_EigVec1 = -9.8002501343E-02  5.8037347877E-01  8.0843189872E-01
HessDelSqRho_EigVec2 = -9.9082240918E-01  1.9087305164E-02 -1.3381565022E-01
HessDelSqRho_EigVec3 =  9.3093840788E-02  8.1412670999E-01 -5.7317644481E-01
</CP of DelSqRho>
<CP of DelSqRho>
CP# = 24      
Type = (3,+1)
Coords = -4.03202488277632E-03 -1.42323369401162E+00 -1.68344547937161E+00
DistFromNuc =  1.2532269747E+00
Rho =  2.4001749088E-01
DelSqRho =  4.1666850581E-01
GradDelSqRho =  1.9186041644E-15  5.7523430463E-15  1.0741407763E-14
HessDelSqRho_EigVals = -8.7698952956E+00  6.6420970409E-01  8.4128135870E-01
HessDelSqRho_EigVec1 = -1.2844438120E-01  4.1018593780E-01  9.0291169965E-01
HessDelSqRho_EigVec2 =  1.2696944858E-03  9.1052051539E-01 -4.1346194375E-01
HessDelSqRho_EigVec3 =  9.9171590126E-01  5.1960441510E-02  1.1747205500E-01
</CP of DelSqRho>
<CP of DelSqRho>
CP# = 25      
Type = (3,-1)
Coords =  6.90487409692128E-01 -2.66548476850299E+00 -2.01379964805698E+00
DistFromNuc =  1.1911578544E+00
Rho =  2.4487465212E-01
DelSqRho =  7.1333762021E-01
GradDelSqRho =  9.0205620751E-17 -1.6237011735E-15  2.8171909250E-15
HessDelSqRho_EigVals = -1.6958590011E+01 -1.3143025647E+00  2.9180014184E-01
HessDelSqRho_EigVec1 =  4.5553511191E-01 -5.7464202439E-01  6.7990757138E-01
HessDelSqRho_EigVec2 = -6.3655529378E-01  3.2365275543E-01  7.0003303626E-01
HessDelSqRho_EigVec3 =  6.2232236002E-01  7.5168839136E-01  2.1835622849E-01
</CP of DelSqRho>
<CP of DelSqRho>
CP# = 26      
Type = (3,-1)
Coords = -6.23751008612359E-01 -2.64820632371213E+00 -2.19121227111830E+00
DistFromNuc =  1.1909022372E+00
Rho =  2.4465613212E-01
DelSqRho =  7.1292069252E-01
GradDelSqRho = -2.8588242884E-15 -1.9012569297E-15  2.2759572005E-15
HessDelSqRho_EigVals = -1.6970881340E+01 -1.3308516634E+00  3.0021670779E-01
HessDelSqRho_EigVec1 =  6.3359175208E-01  5.5940929085E-01 -5.3443684098E-01
HessDelSqRho_EigVec2 = -4.4134593104E-01 -3.0601617196E-01 -8.4354482493E-01
HessDelSqRho_EigVec3 = -6.3543312855E-01  7.7033456875E-01  5.3003691747E-02
</CP of DelSqRho>
<CP of DelSqRho>
CP# = 27      
Type = (3,-1)
Coords = -4.20178509882550E-01 -1.53035405882181E+00 -3.76065387782079E+00
DistFromNuc =  1.1900661182E+00
Rho =  2.4432554620E-01
DelSqRho =  7.3168563589E-01
GradDelSqRho =  2.4702462298E-15  4.1633363423E-16  7.9103390505E-16
HessDelSqRho_EigVals = -1.7675381163E+01 -1.0417621393E+00  2.8460736193E-01
HessDelSqRho_EigVec1 =  4.6358889032E-01 -3.8089497595E-01  8.0000272379E-01
HessDelSqRho_EigVec2 = -5.7121180542E-01 -8.1869483286E-01 -5.8786426919E-02
HessDelSqRho_EigVec3 =  6.7734955091E-01 -4.2971826578E-01 -5.9710953596E-01
</CP of DelSqRho>
<CP of DelSqRho>
CP# = 28      
Type = (3,-3)
Coords = -9.37010156372713E-01 -1.60151493964710E+00 -2.71618332436481E+00
DistFromNuc =  1.1376915660E+00
Rho =  2.4638467925E-01
DelSqRho =  8.5923832783E-01
GradDelSqRho =  2.8957218567E-13 -1.2185044640E-13 -5.9010088482E-14
HessDelSqRho_EigVals = -1.7915780074E+01 -1.8709596109E+00 -5.5735475991E-01
HessDelSqRho_EigVec1 =  9.3089393918E-01 -3.4908971154E-01 -1.0757716902E-01
HessDelSqRho_EigVec2 =  3.4090175806E-01  7.2441576124E-01  5.9917259301E-01
HessDelSqRho_EigVec3 = -1.3123439087E-01 -5.9443938140E-01  7.9335953797E-01
</CP of DelSqRho>
<CP of DelSqRho>
CP# = 29      
Type = (3,-1)
Coords =  9.49959434016796E-01 -1.54999576045751E+00 -3.56585509658919E+00
DistFromNuc =  1.1897253824E+00
Rho =  2.4458988097E-01
DelSqRho =  7.3188279937E-01
GradDelSqRho = -6.7459926534E-13 -3.9258873930E-13  9.5209951034E-13
HessDelSqRho_EigVals = -1.7639337559E+01 -1.0828193077E+00  2.8606753586E-01
HessDelSqRho_EigVec1 =  6.7888234604E-01  3.6515924540E-01 -6.3700666067E-01
HessDelSqRho_EigVec2 = -5.3330903218E-01  8.4154160596E-01 -8.5960465570E-02
HessDelSqRho_EigVec3 =  5.0467834948E-01  3.9807844822E-01  7.6605046350E-01
</CP of DelSqRho>
<CP of DelSqRho>
CP# = 30      
Type = (3,+1)
Coords = -1.01365622355480E+00 -2.48800091451410E+00 -4.34677026841140E+00
DistFromNuc =  1.9940037768E+00
Rho =  7.5726893569E-02
DelSqRho =  1.8644502566E-01
GradDelSqRho =  9.7144514655E-17  1.5352302762E-16 -3.7470027081E-16
HessDelSqRho_EigVals = -1.8269926950E+00  2.3500483584E-02  5.5818478492E-01
HessDelSqRho_EigVec1 =  2.3532930740E-01 -5.1532103367E-02  9.7054858683E-01
HessDelSqRho_EigVec2 =  5.7340491557E-01 -7.9892520922E-01 -1.8145333525E-01
HessDelSqRho_EigVec3 =  7.8474640482E-01  5.9921861819E-01 -1.5846175477E-01
</CP of DelSqRho>
<CP of DelSqRho>
CP# = 31      
Type = (3,+1)
Coords =  1.38642028079424E+00 -3.53633135006999E+00 -2.64274737533159E+00
DistFromNuc =  2.0126676902E+00
Rho =  7.3970594027E-02
DelSqRho =  1.7734725168E-01
GradDelSqRho =  2.4719809533E-16 -2.3592239273E-16 -9.5409791179E-17
HessDelSqRho_EigVals = -1.6053562233E+00  3.0420476683E-02  5.8361585329E-01
HessDelSqRho_EigVec1 = -2.9912476788E-01  8.8591314589E-01 -3.5451695470E-01
HessDelSqRho_EigVec2 =  4.7240038800E-01  4.6029070319E-01  7.5164509044E-01
HessDelSqRho_EigVec3 =  8.2907312504E-01  5.7361716251E-02 -5.5619006360E-01
</CP of DelSqRho>
<CP of DelSqRho>
CP# = 32      
Type = (3,+1)
Coords = -1.12905798289698E+00 -3.51914188405958E+00 -3.01603354769223E+00
DistFromNuc =  2.0143262862E+00
Rho =  7.4059354842E-02
DelSqRho =  1.7664531728E-01
GradDelSqRho = -5.2041704279E-18  4.8572257327E-17  4.8572257327E-17
HessDelSqRho_EigVals = -1.6165853432E+00  3.2088412637E-02  5.7950402348E-01
HessDelSqRho_EigVec1 =  3.7596839965E-01  8.9731428148E-01 -2.3124628151E-01
HessDelSqRho_EigVec2 = -6.2426753747E-01  4.2969802522E-01  6.5241830813E-01
HessDelSqRho_EigVec3 =  6.8479033589E-01 -1.0092912050E-01  7.2171705571E-01
</CP of DelSqRho>
<CP of DelSqRho>
CP# = 33      
Type = (3,+1)
Coords =  1.62563805659399E+00 -2.53253741010570E+00 -3.99962728642738E+00
DistFromNuc =  1.9915775684E+00
Rho =  7.5679564533E-02
DelSqRho =  1.8783633295E-01
GradDelSqRho = -2.3631877705E-13 -1.6990749085E-14  1.8563622861E-13
HessDelSqRho_EigVals = -1.8314538493E+00  2.1746260264E-02  5.6269392469E-01
HessDelSqRho_EigVec1 = -4.7639939749E-01 -3.9936464167E-02  8.7832152023E-01
HessDelSqRho_EigVec2 =  5.3134923798E-01  7.8283040588E-01  3.2379707059E-01
HessDelSqRho_EigVec3 = -7.0050810228E-01  6.2095219982E-01 -3.5171972390E-01
</CP of DelSqRho>
<Path of -GradDelSqRho>
Starting CP# =      3
Ending CP# =      0
Number of Points =     29
  1.0867296167E+00 -2.5599747606E+00 -3.0573448877E+00  4.1891667309E-01 -9.9540026731E-01
  1.1073600466E+00 -2.5728594321E+00 -3.0631216164E+00  4.0854085441E-01 -1.0054720048E+00
  1.1279882390E+00 -2.5857426451E+00 -3.0689095770E+00  3.9918681404E-01 -1.0356110155E+00
  1.1486144937E+00 -2.5986238142E+00 -3.0747089813E+00  3.9082626925E-01 -1.0858197996E+00
  1.1692391935E+00 -2.6115023786E+00 -3.0805196893E+00  3.8342621438E-01 -1.1562328648E+00
  1.1898627563E+00 -2.6243778629E+00 -3.0863412483E+00  3.7694903266E-01 -1.2470316148E+00
  1.2104855793E+00 -2.6372499425E+00 -3.0921729486E+00  3.7135251886E-01 -1.3582711282E+00
  1.2311079740E+00 -2.6501185173E+00 -3.0980138913E+00  3.6658993176E-01 -1.4895877225E+00
  1.2517300914E+00 -2.6629837983E+00 -3.1038630634E+00  3.6261028474E-01 -1.6397609750E+00
  1.2723518308E+00 -2.6758464182E+00 -3.1097194162E+00  3.5935920335E-01 -1.8061388862E+00
  1.2929727201E+00 -2.6887075867E+00 -3.1155819470E+00  3.5678081596E-01 -1.9840252313E+00
  1.3135917480E+00 -2.7015693188E+00 -3.1214497857E+00  3.5482125238E-01 -2.1662948806E+00
  1.3342071400E+00 -2.7144347417E+00 -3.1273223068E+00  3.5343430936E-01 -2.3437383848E+00
  1.3548162191E+00 -2.7273082290E+00 -3.1331993100E+00  3.5258955560E-01 -2.5068701146E+00
  1.3754163522E+00 -2.7401937533E+00 -3.1390812956E+00  3.5228242887E-01 -2.6500041335E+00
  1.3960105520E+00 -2.7530859672E+00 -3.1449693981E+00  3.5254463520E-01 -2.7780812104E+00
  1.4166173692E+00 -2.7659553632E+00 -3.1508632517E+00  3.5345153244E-01 -2.9158307309E+00
  1.4372574350E+00 -2.7787705825E+00 -3.1567587965E+00  3.5512155331E-01 -3.1173955105E+00
  1.4579283437E+00 -2.7915368598E+00 -3.1626524817E+00  3.5770169295E-01 -3.4728880483E+00
  1.4786178821E+00 -2.8042740706E+00 -3.1685436964E+00  3.6133396758E-01 -4.1071264548E+00
  1.4993176292E+00 -2.8169956039E+00 -3.1744329274E+00  3.6610107913E-01 -5.1656915487E+00
  1.5200232051E+00 -2.8297083309E+00 -3.1803206855E+00  3.7195534211E-01 -6.7849448421E+00
  1.5407323861E+00 -2.8424157024E+00 -3.1862073255E+00  3.7864298150E-01 -9.0462863112E+00
  1.5614440003E+00 -2.8551195215E+00 -3.1920930723E+00  3.8564446859E-01 -1.1921407716E+01
  1.5821574036E+00 -2.8678207747E+00 -3.1979780608E+00  3.9215746365E-01 -1.5224472069E+01
  1.6028722343E+00 -2.8805200203E+00 -3.2038623577E+00  3.9714753481E-01 -1.8595667263E+01
  1.6235882968E+00 -2.8932175778E+00 -3.2097459611E+00  3.9947857093E-01 -2.1540696552E+01
  1.6443055213E+00 -2.9059136190E+00 -3.2156287450E+00  3.9810911967E-01 -2.3534537162E+01
  1.6629522091E+00 -2.9173387805E+00 -3.2209218267E+00  3.9310066724E-01 -2.4171534455E+01
</Path of -GradDelSqRho>
<Path of -GradDelSqRho>
Starting CP# =      3
Ending CP# =     21
Number of Points =     18
  1.0867296167E+00 -2.5599747606E+00 -3.0573448877E+00  4.1891667309E-01 -9.9540026731E-01
  1.0660968550E+00 -2.5470892101E+00 -3.0515784571E+00  4.3033757083E-01 -1.0055463106E+00
  1.0454616584E+00 -2.5342032142E+00 -3.0458217423E+00  4.4282144982E-01 -1.0361855883E+00
  1.0248241839E+00 -2.5213171290E+00 -3.0400733994E+00  4.5638024673E-01 -1.0876496541E+00
  1.0041847945E+00 -2.5084311501E+00 -3.0343316965E+00  4.7101926613E-01 -1.1602210160E+00
  9.8354408378E-01 -2.4955452816E+00 -3.0285944975E+00  4.8673647431E-01 -1.2539949115E+00
  9.6290290466E-01 -2.4826593095E+00 -3.0228592165E+00  5.0352184124E-01 -1.3687117430E+00
  9.4226241331E-01 -2.4697727772E+00 -3.0171227193E+00  5.2135683789E-01 -1.5035655411E+00
  9.2162413792E-01 -2.4568849592E+00 -3.0113811402E+00  5.4021421585E-01 -1.6569959863E+00
  9.0099009194E-01 -2.4439948297E+00 -3.0056295585E+00  5.6005821186E-01 -1.8264736294E+00
  8.8036296589E-01 -2.4311010206E+00 -2.9998614293E+00  5.8084533124E-01 -2.0082893060E+00
  8.5974646772E-01 -2.4182017622E+00 -2.9940675501E+00  6.0252586911E-01 -2.1973581873E+00
  8.3914597289E-01 -2.4052947982E+00 -2.9882340558E+00  6.2504632178E-01 -2.3870444581E+00
  8.1856990740E-01 -2.3923772616E+00 -2.9823381102E+00  6.4835280906E-01 -2.5690004986E+00
  7.9803320170E-01 -2.3794455127E+00 -2.9763371295E+00  6.7239549078E-01 -2.7329881534E+00
  7.7756840320E-01 -2.3664951823E+00 -2.9701344547E+00  6.9713313286E-01 -2.8665998315E+00
  7.5728426232E-01 -2.3535262510E+00 -2.9634052760E+00  7.2252739629E-01 -2.9547270124E+00
  7.4173870584E-01 -2.3470443079E+00 -2.9433975771E+00  7.4381819903E-01 -2.9814449542E+00
</Path of -GradDelSqRho>
<Path of -GradDelSqRho>
Starting CP# =      4
Ending CP# =     20
Number of Points =     18
 -7.3446339646E-01 -2.5297826791E+00 -3.2979595176E+00  4.1857496734E-01 -9.9358633282E-01
 -7.1559685223E-01 -2.5175693588E+00 -3.2870101654E+00  4.3000516540E-01 -1.0037366562E+00
 -6.9672712740E-01 -2.5053546544E+00 -3.2760678405E+00  4.4250051002E-01 -1.0343971572E+00
 -6.7785463892E-01 -2.4931389579E+00 -3.2651313907E+00  4.5607324943E-01 -1.0859150358E+00
 -6.5898007434E-01 -2.4809224993E+00 -3.2541993757E+00  4.7072902792E-01 -1.1585930260E+00
 -6.4010442308E-01 -2.4687053100E+00 -3.2432700539E+00  4.8646617351E-01 -1.2525517190E+00
 -6.2122901983E-01 -2.4564871898E+00 -3.2323413445E+00  5.0327503072E-01 -1.3675624469E+00
 -6.0235561260E-01 -2.4442676757E+00 -3.2214107465E+00  5.2113744577E-01 -1.5028560622E+00
 -5.8348647343E-01 -2.4320460076E+00 -3.2104751893E+00  5.4002653030E-01 -1.6569151269E+00
 -5.6462458215E-01 -2.4198210856E+00 -3.1995307698E+00  5.5990684635E-01 -1.8272591808E+00
 -5.4577393863E-01 -2.4075914098E+00 -3.1885722924E+00  5.8073516633E-01 -2.0102341634E+00
 -5.2694011801E-01 -2.3953549917E+00 -3.1775924391E+00  6.0246196695E-01 -2.2008166201E+00
 -5.0813132978E-01 -2.3831092104E+00 -3.1665801684E+00  6.2503381079E-01 -2.3924390406E+00
 -4.8936065857E-01 -2.3708505631E+00 -3.1555173057E+00  6.4839674087E-01 -2.5768308710E+00
 -4.7065158622E-01 -2.3585741816E+00 -3.1443701313E+00  6.7250069674E-01 -2.7438439459E+00
 -4.5205527510E-01 -2.3462727939E+00 -3.1330632012E+00  6.9730428311E-01 -2.8811816594E+00
 -4.3373560974E-01 -2.3339353645E+00 -3.1213533807E+00  7.2277196208E-01 -2.9738766320E+00
 -4.2224647438E-01 -2.3266054459E+00 -3.0979156016E+00  7.4597965175E-01 -3.0051375359E+00
</Path of -GradDelSqRho>
<Path of -GradDelSqRho>
Starting CP# =      4
Ending CP# =      0
Number of Points =     29
 -7.3446339646E-01 -2.5297826791E+00 -3.2979595176E+00  4.1857496734E-01 -9.9358633282E-01
 -7.5332669966E-01 -2.5419941819E+00 -3.3089164781E+00  4.0819173429E-01 -1.0036590570E+00
 -7.7218668302E-01 -2.5542032322E+00 -3.3198818832E+00  3.9883191953E-01 -1.0337959819E+00
 -7.9104355790E-01 -2.5664092332E+00 -3.3308560256E+00  3.9046702857E-01 -1.0839939677E+00
 -8.0989767040E-01 -2.5786116290E+00 -3.3418389201E+00  3.8306387707E-01 -1.1543839454E+00
 -8.2874944801E-01 -2.5908099673E+00 -3.3528303265E+00  3.7658470095E-01 -1.2451451531E+00
 -8.4759933649E-01 -2.6030039674E+00 -3.3638297838E+00  3.7098717693E-01 -1.3563312206E+00
 -8.6644772719E-01 -2.6151935945E+00 -3.3748366522E+00  3.6622447302E-01 -1.4875769895E+00
 -8.8529487308E-01 -2.6273791488E+00 -3.3858501600E+00  3.6224553788E-01 -1.6376598072E+00
 -9.0414078846E-01 -2.6395613792E+00 -3.3968694492E+00  3.5899595815E-01 -1.8039242077E+00
 -9.2298512081E-01 -2.6517416432E+00 -3.4078936183E+00  3.5641985085E-01 -1.9816695087E+00
 -9.4182697472E-01 -2.6639221454E+00 -3.4189217598E+00  3.5446336552E-01 -2.1637668734E+00
 -9.6066467708E-01 -2.6761062563E+00 -3.4299530066E+00  3.5308035463E-01 -2.3410080303E+00
 -9.7949562086E-01 -2.6882986392E+00 -3.4409866524E+00  3.5224048259E-01 -2.5039204895E+00
 -9.9831717126E-01 -2.7005034607E+00 -3.4520225732E+00  3.5193932175E-01 -2.6468528450E+00
 -1.0171322060E+00 -2.7127148638E+00 -3.4630623240E+00  3.5220873854E-01 -2.7748109937E+00
 -1.0359590516E+00 -2.7249013986E+00 -3.4741094055E+00  3.5312424899E-01 -2.9126243010E+00
 -1.0548183614E+00 -2.7370301591E+00 -3.4851646838E+00  3.5480440240E-01 -3.1145639507E+00
 -1.0737080911E+00 -2.7491071274E+00 -3.4962247363E+00  3.5739620723E-01 -3.4708767705E+00
 -1.0926163300E+00 -2.7611534641E+00 -3.5072865724E+00  3.6104150570E-01 -4.1064806262E+00
 -1.1115347824E+00 -2.7731833228E+00 -3.5183488797E+00  3.6582256380E-01 -5.1669661204E+00
 -1.1304591051E+00 -2.7852039446E+00 -3.5294111876E+00  3.7169096124E-01 -6.7885531728E+00
 -1.1493870821E+00 -2.7972189589E+00 -3.5404733354E+00  3.7839191922E-01 -9.0522988055E+00
 -1.1683175409E+00 -2.8092302591E+00 -3.5515352701E+00  3.8540476146E-01 -1.1929342391E+01
 -1.1872498353E+00 -2.8212388797E+00 -3.5625969725E+00  3.9192608845E-01 -1.5233159493E+01
 -1.2061836024E+00 -2.8332454058E+00 -3.5736584276E+00  3.9692080662E-01 -1.8603299562E+01
 -1.2251186482E+00 -2.8452501731E+00 -3.5847196032E+00  3.9925284810E-01 -2.1545143054E+01
 -1.2440549099E+00 -2.8572533657E+00 -3.5957804060E+00  3.9788168693E-01 -2.3533902271E+01
 -1.2610988148E+00 -2.8680549360E+00 -3.6057343692E+00  3.9287080111E-01 -2.4165405723E+01
</Path of -GradDelSqRho>
<Path of -GradDelSqRho>
Starting CP# =      5
Ending CP# =      1
Number of Points =      7
  1.2256840946E-01 -2.1083982719E+00 -2.7129917137E+00  2.2451676349E+01  1.2209858009E+03
  1.2469536777E-01 -2.0874710241E+00 -2.7265019353E+00  3.2617547210E+01  9.7650691361E+02
  1.2681778557E-01 -2.0665200367E+00 -2.7399760361E+00  4.7758532097E+01 -7.6129540331E+02
  1.2893818702E-01 -2.0455585355E+00 -2.7534340953E+00  7.0245711887E+01 -6.2749495438E+03
  1.3105717607E-01 -2.0245896724E+00 -2.7668809025E+00  1.0360685795E+02 -2.0212692653E+04
  1.3317379263E-01 -2.0036084305E+00 -2.7803087617E+00  1.5366194147E+02 -7.3880071062E+04
  1.3688475727E-01 -1.9667649408E+00 -2.8038448091E+00  2.9726280669E+02 -3.3289493189E+06
</Path of -GradDelSqRho>
<Path of -GradDelSqRho>
Starting CP# =      5
Ending CP# =     12
Number of Points =     38
  1.2256840946E-01 -2.1083982719E+00 -2.7129917137E+00  2.2451676349E+01  1.2209858009E+03
  1.2043621947E-01 -2.1292980740E+00 -2.6994398912E+00  1.5577845163E+01  1.1406046862E+03
  1.1830179072E-01 -2.1501861124E+00 -2.6858702906E+00  1.0914584819E+01  9.7256178093E+02
  1.1616681145E-01 -2.1710712624E+00 -2.6722963314E+00  7.7604833365E+00  7.6605011870E+02
  1.1403045128E-01 -2.1919491288E+00 -2.6587113902E+00  5.6348460061E+00  5.6705179300E+02
  1.1189134528E-01 -2.2128124670E+00 -2.6451045811E+00  4.2028693238E+00  4.0426702024E+02
  1.0974802244E-01 -2.2336533994E+00 -2.6314641445E+00  3.2353838170E+00  2.8273187084E+02
  1.0759902199E-01 -2.2544639900E+00 -2.6177783562E+00  2.5784871473E+00  1.9531020790E+02
  1.0544301169E-01 -2.2752368464E+00 -2.6040364641E+00  2.1294385847E+00  1.3287579381E+02
  1.0327871940E-01 -2.2959647376E+00 -2.5902281431E+00  1.8193044174E+00  8.8302712028E+01
  1.0110460454E-01 -2.3166387726E+00 -2.5763408620E+00  1.6015145941E+00  5.6745015357E+01
  9.8918398832E-02 -2.3372457478E+00 -2.5623561708E+00  1.4445815292E+00  3.4851049825E+01
  9.6716588463E-02 -2.3577649424E+00 -2.5482454637E+00  1.3273832422E+00  2.0106146730E+01
  9.4493728015E-02 -2.3781635263E+00 -2.5339643008E+00  1.2359612890E+00  1.0518262942E+01
  9.2241328101E-02 -2.3983885453E+00 -2.5194431185E+00  1.1612611640E+00  4.5140705262E+00
  8.9945841537E-02 -2.4183511067E+00 -2.5045702346E+00  1.0975238361E+00  8.9985686541E-01
  8.7584658920E-02 -2.4378911083E+00 -2.4891575584E+00  1.0411692190E+00 -1.1826771888E+00
  8.5117001041E-02 -2.4566828734E+00 -2.4728607995E+00  9.9008533822E-01 -2.3179058072E+00
  8.2459385905E-02 -2.4738995803E+00 -2.4549543320E+00  9.4340069027E-01 -2.8850135985E+00
  7.9431636502E-02 -2.4863999458E+00 -2.4337017648E+00  9.0319910847E-01 -3.1257798306E+00
  7.6314202511E-02 -2.4832344155E+00 -2.4098305319E+00  8.8488704738E-01 -3.2228626446E+00
  7.3954865354E-02 -2.4681911105E+00 -2.3900658618E+00  8.8681471800E-01 -3.2983827399E+00
  7.1887568765E-02 -2.4509810278E+00 -2.3720549463E+00  8.9184569803E-01 -3.3704434476E+00
  6.9950872195E-02 -2.4330422694E+00 -2.3547520813E+00  8.9680353489E-01 -3.4391571856E+00
  6.8127054238E-02 -2.4145384010E+00 -2.3380420263E+00  9.0131730697E-01 -3.5042326084E+00
  6.6415977283E-02 -2.3955016830E+00 -2.3219292559E+00  9.0533562062E-01 -3.5653953662E+00
  6.4818895895E-02 -2.3759520708E+00 -2.3064306247E+00  9.0884269754E-01 -3.6224020684E+00
  6.3336743710E-02 -2.3559087223E+00 -2.2915641307E+00  9.1182985406E-01 -3.6750437676E+00
  6.1969945711E-02 -2.3353910179E+00 -2.2773479258E+00  9.1429307985E-01 -3.7231481972E+00
  6.0718365323E-02 -2.3144187103E+00 -2.2638002264E+00  9.1623280783E-01 -3.7665812585E+00
  5.9581266600E-02 -2.2930120094E+00 -2.2509392825E+00  9.1765378447E-01 -3.8052477883E+00
  5.8557290103E-02 -2.2711916598E+00 -2.2387833428E+00  9.1856489717E-01 -3.8390916276E+00
  5.7644453767E-02 -2.2489790108E+00 -2.2273506145E+00  9.1897895682E-01 -3.8680950322E+00
  5.6840197318E-02 -2.2263960832E+00 -2.2166592123E+00  9.1891244142E-01 -3.8922774797E+00
  5.6141499956E-02 -2.2034656325E+00 -2.2067270967E+00  9.1838520721E-01 -3.9116939468E+00
  5.5545120523E-02 -2.1802112106E+00 -2.1975719922E+00  9.1742017415E-01 -3.9264327369E+00
  5.5048046903E-02 -2.1566572284E+00 -2.1892112746E+00  9.1604299251E-01 -3.9366129504E+00
  5.4380225995E-02 -2.1118923797E+00 -2.1757652823E+00  9.1245994737E-01 -3.9439453749E+00
</Path of -GradDelSqRho>
<Path of -GradDelSqRho>
Starting CP# =      7
Ending CP# =      1
Number of Points =      7
  1.5789398752E-01 -1.8992334173E+00 -2.9560741847E+00  2.2671824945E+01  1.2447396487E+03
  1.5476888306E-01 -1.9093806445E+00 -2.9334408681E+00  3.2977576445E+01  9.8453010806E+02
  1.5164142484E-01 -1.9194748943E+00 -2.9107841915E+00  4.8346640714E+01 -8.4357559253E+02
  1.4851294128E-01 -1.9295459356E+00 -2.8881173280E+00  7.1185087289E+01 -6.5360601701E+03
  1.4538368637E-01 -1.9395994204E+00 -2.8654427800E+00  1.0510919642E+02 -2.1186307513E+04
  1.4225319034E-01 -1.9496244532E+00 -2.8427558085E+00  1.5600220709E+02 -7.7163588812E+04
  1.3688475727E-01 -1.9667649408E+00 -2.8038448091E+00  2.9726280669E+02 -3.3289493189E+06
</Path of -GradDelSqRho>
<Path of -GradDelSqRho>
Starting CP# =      7
Ending CP# =     19
Number of Points =     32
  1.5789398752E-01 -1.8992334173E+00 -2.9560741847E+00  2.2671824945E+01  1.2447396487E+03
  1.6101622972E-01 -1.8890223138E+00 -2.9786791546E+00  1.5714844209E+01  1.1609532761E+03
  1.6413710774E-01 -1.8787809751E+00 -3.0012706373E+00  1.1002559307E+01  9.8904392368E+02
  1.6725763415E-01 -1.8685318774E+00 -3.0238586497E+00  7.8206026063E+00  7.7899211019E+02
  1.7037739732E-01 -1.8582659682E+00 -3.0464391307E+00  5.6806053622E+00  5.7634858980E+02
  1.7349564035E-01 -1.8479666985E+00 -3.0690046226E+00  4.2426616278E+00  4.1025288672E+02
  1.7661152104E-01 -1.8376159063E+00 -3.0915468500E+00  3.2741063908E+00  2.8610109176E+02
  1.7972417047E-01 -1.8271952545E+00 -3.1140573099E+00  2.6187252270E+00  1.9678190924E+02
  1.8283275007E-01 -1.8166875894E+00 -3.1365278415E+00  2.1723135286E+00  1.3303301723E+02
  1.8593640387E-01 -1.8060760273E+00 -3.1589501694E+00  1.8650441783E+00  8.7581505767E+01
  1.8903404666E-01 -1.7953397311E+00 -3.1813138591E+00  1.6498269133E+00  5.5470162058E+01
  1.9212403413E-01 -1.7844477502E+00 -3.2036031738E+00  1.4949004951E+00  3.3266364398E+01
  1.9520371581E-01 -1.7733515410E+00 -3.2257928993E+00  1.3790353799E+00  1.8391045989E+01
  1.9826871122E-01 -1.7619742096E+00 -3.2478417210E+00  1.2882783034E+00  8.7974740275E+00
  2.0131149337E-01 -1.7501916944E+00 -3.2696794905E+00  1.2136581580E+00  2.8665687837E+00
  2.0431819945E-01 -1.7377955788E+00 -3.2911790777E+00  1.1495642875E+00 -6.3127568772E-01
  2.0726019051E-01 -1.7244103763E+00 -3.3120834603E+00  1.0926609126E+00 -2.5805606999E+00
  2.1006567925E-01 -1.7092792657E+00 -3.3317671051E+00  1.0413697474E+00 -3.5844156593E+00
  2.1248456899E-01 -1.6906701329E+00 -3.3481431940E+00  9.9683390874E-01 -4.0398854288E+00
  2.1349591515E-01 -1.6667860195E+00 -3.3532371205E+00  9.7049935385E-01 -4.2278516108E+00
  2.1258475500E-01 -1.6438396000E+00 -3.3437331190E+00  9.6990047893E-01 -4.3513741703E+00
  2.1107348766E-01 -1.6231533100E+00 -3.3297916874E+00  9.7677724925E-01 -4.4641057771E+00
  2.0941079155E-01 -1.6033241520E+00 -3.3146603295E+00  9.8421422788E-01 -4.5682246022E+00
  2.0766947389E-01 -1.5840397921E+00 -3.2988480822E+00  9.9102089045E-01 -4.6630565750E+00
  2.0586199684E-01 -1.5652701177E+00 -3.2824352559E+00  9.9700041002E-01 -4.7479219711E+00
  2.0399256208E-01 -1.5470295537E+00 -3.2654430393E+00  1.0021069152E+00 -4.8222441384E+00
  2.0206467242E-01 -1.5293379393E+00 -3.2478863322E+00  1.0063189620E+00 -4.8855651548E+00
  2.0008206294E-01 -1.5122156635E+00 -3.2297798601E+00  1.0096246165E+00 -4.9375541768E+00
  1.9804886519E-01 -1.4956831947E+00 -3.2111387663E+00  1.0120201652E+00 -4.9780127222E+00
  1.9596975115E-01 -1.4797610221E+00 -3.1919787080E+00  1.0135099513E+00 -5.0068771360E+00
  1.9385021359E-01 -1.4644696336E+00 -3.1723158903E+00  1.0141061983E+00 -5.0242182469E+00
  1.9160745078E-01 -1.4492332029E+00 -3.1513160454E+00  1.0137985688E+00 -5.0302478479E+00
</Path of -GradDelSqRho>
<Path of -GradDelSqRho>
Starting CP# =     14
Ending CP# =     12
Number of Points =     30
  9.3018287521E-02 -1.4559913459E+00 -2.3710012760E+00  8.4260989332E-01 -3.3249537732E+00
  9.1985593420E-02 -1.4627067583E+00 -2.3638840009E+00  8.4301212805E-01 -3.3252620920E+00
