 AIMInt (Version 19.02.13, Professional)
 Portions Copyright (c) 1997-2019 by Todd A. Keith
 AIMInt is a component of the AIMAll package ( http://aim.tkgristmill.com )

 TP:  64-bit Linux

 Licensed To:  Research Group of Fernando Cortes Guzman, UNAM, fercor@unam.mx

 AIMInt is a heavily modified and extended version of the PROAIMV program
 developed by members of R.F.W. Bader's research group

 Much of the Quantum Theory of Atoms in Molecules (QTAIM) is described in the book:
   "Atoms in Molecules - A Quantum Theory"
   R.F.W. Bader, Oxford University Press, Oxford, 1990

 For additional references see:  http://aim.tkgristmill.com/references.html

 Current Directory:  /home/scratch/M_H2O_4_tetraedrico/Opt

 Inp File:  Fe2_tetraedrico_cc-pvtz-def2-tzv_1_atomicfiles/o6.inp
 Wfx File:  Fe2_tetraedrico_cc-pvtz-def2-tzv_1.wfx
 Out File:  Fe2_tetraedrico_cc-pvtz-def2-tzv_1_atomicfiles/o6.int

 Wfx Title:   Fe2_tetraedrico_cc-pvtz-def2-tzv_1                                            
 Job Title:   Fe2_tetraedrico_cc-pvtz-def2-tzv_1                                            
 
<Atom>
O6      
</Atom>
<Nuclei of Molecule>
    13
Fe1       26.0           1.9844332830E-05   2.0406473638E-02  -5.8673133205E-05
O2         8.0          -2.8044523550E+00   2.0065127523E+00  -1.3831381491E-01
H3         1.0          -3.1241240148E+00   3.1682634408E+00   1.2819819533E+00
O4         8.0           1.3688475233E-01  -1.9667645830E+00  -2.8038447318E+00
H5         1.0           1.6701006157E+00  -2.9216501916E+00  -3.2229376489E+00
O6         8.0           2.8051943603E+00   2.0056641084E+00   1.3612204068E-01
H7         1.0           4.4042302916E+00   2.0315068272E+00   1.0965891427E+00
O8         8.0          -1.3754853312E-01  -1.9637856650E+00   2.8058019080E+00
H9         1.0          -1.6721052487E+00  -2.9149028350E+00   3.2285570009E+00
H10        1.0           3.1270909209E+00   3.1651083807E+00  -1.2855340091E+00
H11        1.0           1.2661930107E+00  -2.8708922646E+00   3.6106162180E+00
H12        1.0          -1.2675472719E+00  -2.8720689762E+00  -3.6094826411E+00
H13        1.0          -4.4049800530E+00   2.0310544030E+00  -1.0963877300E+00
</Nuclei of Molecule>
<Total Number of CPs of DelSqRho>
    33
</Total Number of CPs of DelSqRho>
<Number of (3,+3) CPs of DelSqRho>
     5
</Number of (3,+3) CPs of DelSqRho>
<Number of (3,+1) CPs of DelSqRho>
    12
</Number of (3,+1) CPs of DelSqRho>
<Number of (3,-1) CPs of DelSqRho>
    11
</Number of (3,-1) CPs of DelSqRho>
<Number of (3,-3) CPs of DelSqRho>
     5
</Number of (3,-3) CPs of DelSqRho>
<Number of Degenerate CPs of DelSqRho>
     0
</Number of Degenerate CPs of DelSqRho>
<CP of DelSqRho>
CP# = 1       
Type = (3,+3)
Coords =  2.80519471112716E+00  2.00566424993818E+00  1.36121907672158E-01
DistFromNuc =  4.0096522122E-07
Rho =  2.9739520815E+02
DelSqRho = -3.3304245296E+06
GradDelSqRho = -2.6758752938E-05 -2.0647608835E-05 -1.1632564565E-06
HessDelSqRho_EigVals =  1.3244307179E+11  1.3244308842E+11  1.3244309610E+11
HessDelSqRho_EigVec1 = -4.3249553295E-01  7.0296323393E-01  5.6461518375E-01
HessDelSqRho_EigVec2 =  7.9767348782E-01  5.9023682576E-01 -1.2384464605E-01
HessDelSqRho_EigVec3 =  4.2031490672E-01 -3.9681630670E-01  8.1600992514E-01
</CP of DelSqRho>
<CP of DelSqRho>
CP# = 2       
Type = (3,-1)
Coords =  1.52585363485947E+00  1.27044521303654E+00  9.40362846989911E-02
DistFromNuc =  1.4761540322E+00
Rho =  1.5605776116E-01
DelSqRho =  5.2928385097E-01
GradDelSqRho = -6.7598704412E-13 -5.0040527277E-13 -8.0775663935E-14
HessDelSqRho_EigVals = -1.0780900190E+00 -7.5633962843E-01  5.1519837390E+00
HessDelSqRho_EigVec1 = -5.7146256187E-01  7.2548042129E-01  3.8354751818E-01
HessDelSqRho_EigVec2 =  2.1999322511E-01 -3.1484048686E-01  9.2329759490E-01
HessDelSqRho_EigVec3 =  7.9059061548E-01  6.1200786446E-01  2.0318773567E-02
</CP of DelSqRho>
<CP of DelSqRho>
CP# = 3       
Type = (3,+1)
Coords =  3.79690657350074E+00  2.02043147878744E+00  7.27862902099001E-01
DistFromNuc =  1.1549322214E+00
Rho =  4.1284317199E-01
DelSqRho = -9.5313704334E-01
GradDelSqRho = -2.8102520311E-15 -3.0253577421E-15 -1.4710455076E-15
HessDelSqRho_EigVals = -3.1356769134E+01  1.4739129548E+01  1.5507851572E+01
HessDelSqRho_EigVec1 =  8.5749724947E-01  1.6482695598E-02  5.1422445284E-01
HessDelSqRho_EigVec2 = -3.7634275031E-01  7.0159839439E-01  6.0508332259E-01
HessDelSqRho_EigVec3 =  3.5080564625E-01  7.1238192968E-01 -6.0782183642E-01
</CP of DelSqRho>
<CP of DelSqRho>
CP# = 4       
Type = (3,+1)
Coords =  2.92160986050123E+00  1.93236699909484E+00  3.82490563917585E-02
DistFromNuc =  1.6883173861E-01
Rho =  2.2441575123E+01
DelSqRho =  1.2278613174E+03
GradDelSqRho =  6.1106675275E-12 -6.2527760747E-13 -7.8159700934E-12
HessDelSqRho_EigVals = -4.0234860590E+05  2.1704915270E+03  3.4294827820E+03
HessDelSqRho_EigVec1 =  6.8687853310E-01 -4.3802783566E-01 -5.7993921747E-01
HessDelSqRho_EigVec2 =  5.9578987148E-01  7.9635688591E-01  1.0416400201E-01
HessDelSqRho_EigVec3 = -4.1621185689E-01  4.1706992874E-01 -8.0797299752E-01
</CP of DelSqRho>
<CP of DelSqRho>
CP# = 5       
Type = (3,-1)
Coords =  2.91623059426441E+00  2.13286306328201E+00  1.39760622174536E-01
DistFromNuc =  1.6888415747E-01
Rho =  2.2335026857E+01
DelSqRho =  1.2473908481E+03
GradDelSqRho =  3.0979663279E-12 -4.5474735089E-13 -4.9737991503E-14
HessDelSqRho_EigVals = -4.0449091970E+05 -1.1066967240E+03  1.8062099625E+03
HessDelSqRho_EigVec1 =  6.5550721118E-01  7.5481759468E-01  2.3678996147E-02
HessDelSqRho_EigVec2 =  6.2538372150E-01 -5.2499252934E-01 -5.7730238612E-01
HessDelSqRho_EigVec3 =  4.2332670241E-01 -3.9323433586E-01  8.1618702521E-01
</CP of DelSqRho>
<CP of DelSqRho>
CP# = 6       
Type = (3,+1)
Coords =  2.80436244425311E+00  2.15741440811483E+00  2.08749718114368E-01
DistFromNuc =  1.6823681250E-01
Rho =  2.2561933190E+01
DelSqRho =  1.2433774157E+03
GradDelSqRho = -2.2026824809E-13  1.8758328224E-12  2.4158453016E-12
HessDelSqRho_EigVals = -4.1628801790E+05  1.3067933754E+03  2.8015923129E+03
HessDelSqRho_EigVec1 = -1.0243459107E-02  9.0077858214E-01  4.3415782556E-01
HessDelSqRho_EigVec2 =  9.1209487971E-01  1.8637563993E-01 -3.6516715523E-01
HessDelSqRho_EigVec3 =  4.0985119490E-01 -3.9225255486E-01  8.2350466377E-01
</CP of DelSqRho>
<CP of DelSqRho>
CP# = 7       
Type = (3,-3)
Coords =  2.74164567298385E+00  1.89762242860231E+00  2.46355354443859E-01
DistFromNuc =  1.6692160945E-01
Rho =  2.2731259715E+01
DelSqRho =  1.2991581589E+03
GradDelSqRho =  5.6843418861E-14 -7.9012352217E-12 -7.1054273576E-12
HessDelSqRho_EigVals = -4.5272359598E+05 -3.4527427199E+03 -6.6425286874E+02
HessDelSqRho_EigVec1 =  3.8414310010E-01  6.4640143833E-01 -6.5924142707E-01
HessDelSqRho_EigVec2 = -3.8885859318E-01  7.6088033492E-01  5.1947099096E-01
HessDelSqRho_EigVec3 =  8.3739063355E-01  5.6800497013E-02  5.4364568460E-01
</CP of DelSqRho>
<CP of DelSqRho>
CP# = 8       
Type = (3,+3)
Coords =  2.73522039470620E+00  1.41327798579451E+00 -1.19589130921800E-01
DistFromNuc =  6.4900375761E-01
Rho =  9.1885877582E-01
DelSqRho = -4.1077401433E+00
GradDelSqRho =  1.1990408666E-14 -4.2632564146E-14  3.5527136788E-15
HessDelSqRho_EigVals =  7.5761533258E+00  2.1614866620E+01  2.9423835528E+02
HessDelSqRho_EigVec1 =  9.0284123717E-01  1.0237630093E-01 -4.1760842122E-01
HessDelSqRho_EigVec2 =  4.2176192798E-01 -3.9977429889E-01  8.1381655553E-01
HessDelSqRho_EigVec3 =  8.3633585213E-02  9.1087847870E-01  4.0411114866E-01
</CP of DelSqRho>
<CP of DelSqRho>
CP# = 9       
Type = (3,-1)
Coords =  3.36150248614935E+00  2.45795201677882E+00  4.12132144870598E-02
DistFromNuc =  7.2322248872E-01
Rho =  6.7367862997E-01
DelSqRho = -1.1041666886E+00
GradDelSqRho =  4.4408920985E-14  3.8191672047E-14 -3.7747582837E-15
HessDelSqRho_EigVals = -1.8660389639E+01 -5.0590388455E+00  1.3604656843E+02
HessDelSqRho_EigVec1 =  4.4041773969E-01 -3.7794629411E-01  8.1436405455E-01
HessDelSqRho_EigVec2 = -4.6986314683E-01  6.7589960780E-01  5.6779251794E-01
HessDelSqRho_EigVec3 =  7.6502342305E-01  6.3270555470E-01 -1.2009514244E-01
</CP of DelSqRho>
<CP of DelSqRho>
CP# = 10      
Type = (3,-1)
Coords =  2.33542068914870E+00  2.12858702341001E+00 -3.86708534858837E-01
DistFromNuc =  7.1354688417E-01
Rho =  6.8351712727E-01
DelSqRho = -1.1246549182E+00
GradDelSqRho =  1.2922996007E-12  1.8673951274E-13  3.1654678878E-12
HessDelSqRho_EigVals = -1.5145145878E+01 -1.1319247060E+01  1.4802126913E+02
HessDelSqRho_EigVec1 =  6.2015202638E-01  6.4063224167E-01 -4.5277123927E-01
HessDelSqRho_EigVec2 =  3.8846520754E-01 -7.5220886712E-01 -5.3223735566E-01
HessDelSqRho_EigVec3 =  6.8154695122E-01 -1.5418220120E-01  7.1534718992E-01
</CP of DelSqRho>
<CP of DelSqRho>
CP# = 11      
Type = (3,-1)
Coords =  2.91357148914850E+00  1.59477301465746E+00  7.08592898715864E-01
DistFromNuc =  7.1295159461E-01
Rho =  6.7719292856E-01
DelSqRho = -1.0527696969E+00
GradDelSqRho = -2.1760371283E-14  5.5067062021E-14 -9.1482377229E-14
HessDelSqRho_EigVals = -1.5591925404E+01 -1.1631921902E+01  1.4806471737E+02
HessDelSqRho_EigVec1 =  9.1920958713E-01  3.7203989061E-01  1.2899633606E-01
HessDelSqRho_EigVec2 = -3.7382972686E-01  7.2158639488E-01  5.8272155447E-01
HessDelSqRho_EigVec3 =  1.2371366229E-01 -5.8386590457E-01  8.0236870281E-01
</CP of DelSqRho>
<CP of DelSqRho>
CP# = 12      
Type = (3,+1)
Coords =  2.68639523922862E+00  2.64812402692374E+00 -1.03247954591198E-01
DistFromNuc =  6.9582035953E-01
Rho =  7.6582643063E-01
DelSqRho = -2.4056044519E+00
GradDelSqRho = -5.1070259133E-15  1.5987211555E-14 -7.1054273576E-15
HessDelSqRho_EigVals = -1.3727805033E+01  1.2220032313E+01  1.8092719172E+02
HessDelSqRho_EigVec1 = -5.0343414972E-01  1.1450721110E-01  8.5641237468E-01
HessDelSqRho_EigVec2 = -8.3560953467E-01 -3.1666454483E-01 -4.4886553846E-01
HessDelSqRho_EigVec3 = -2.1979709384E-01  9.4160058658E-01 -2.5510306326E-01
</CP of DelSqRho>
<CP of DelSqRho>
CP# = 13      
Type = (3,+1)
Coords =  3.02104044916141E+00  2.00537948037490E+00 -5.22131173531965E-01
DistFromNuc =  6.9273870189E-01
Rho =  7.7266927338E-01
DelSqRho = -2.4173410892E+00
GradDelSqRho = -1.7763568394E-15  3.2196467714E-15  0.0000000000E+00
HessDelSqRho_EigVals = -1.2034428069E+01  1.1052549766E+01  1.8190245943E+02
HessDelSqRho_EigVec1 = -5.8590479617E-02  9.9102099216E-01 -1.2018547664E-01
HessDelSqRho_EigVec2 =  9.4291283428E-01  9.4476229671E-02  3.1935815157E-01
HessDelSqRho_EigVec3 = -3.2784530292E-01  9.4613081152E-02  9.3998182016E-01
</CP of DelSqRho>
<CP of DelSqRho>
CP# = 14      
Type = (3,+1)
Coords =  3.40103021989221E+00  1.66243212209962E+00  1.72408617397820E-01
DistFromNuc =  6.8858208195E-01
Rho =  7.8199913405E-01
DelSqRho = -2.4879406334E+00
GradDelSqRho = -1.5987211555E-14 -1.7763568394E-14 -4.0245584643E-15
HessDelSqRho_EigVals = -1.2020497101E+01  1.1782101494E+01  1.8826223591E+02
HessDelSqRho_EigVec1 =  3.9749905126E-01  5.8381992349E-01  7.0791864023E-01
HessDelSqRho_EigVec2 =  3.7861700404E-01  5.9839855815E-01 -7.0609371180E-01
HessDelSqRho_EigVec3 =  8.3584907041E-01 -5.4870161521E-01 -1.6818708805E-02
</CP of DelSqRho>
<CP of DelSqRho>
CP# = 15      
Type = (3,+1)
Coords =  2.27372228488507E+00  1.61842065100295E+00  2.23862448077423E-01
DistFromNuc =  6.6341423061E-01
Rho =  8.7187093518E-01
DelSqRho = -3.5511265266E+00
GradDelSqRho = -1.1031175973E-12 -6.9899641630E-13  2.3758772727E-13
HessDelSqRho_EigVals = -7.4017426016E+00  1.8998660335E+01  2.5683199906E+02
HessDelSqRho_EigVec1 = -4.1309417710E-01  7.1275148237E-01  5.6686729066E-01
HessDelSqRho_EigVec2 = -4.2561905726E-01  3.9919523700E-01 -8.1209086982E-01
HessDelSqRho_EigVec3 =  8.0510969373E-01  5.7673953144E-01 -1.3845538606E-01
</CP of DelSqRho>
<CP of DelSqRho>
CP# = 16      
Type = (3,+3)
Coords =  2.36808286631031E+00  2.28421747337164E+00  4.99270273308489E-01
DistFromNuc =  6.3287840398E-01
Rho =  9.8397240590E-01
DelSqRho = -4.7490115469E+00
GradDelSqRho = -4.9737991503E-14  3.9079850467E-14  2.6645352591E-14
HessDelSqRho_EigVals =  1.3292012009E+01  2.5185586055E+01  3.6769941478E+02
HessDelSqRho_EigVec1 =  6.0150473083E-01  7.9431995020E-01  8.5134455494E-02
HessDelSqRho_EigVec2 =  4.1890787271E-01 -4.0436032084E-01  8.1302455382E-01
HessDelSqRho_EigVec3 =  6.8022661884E-01 -4.5337462176E-01 -5.7597152653E-01
</CP of DelSqRho>
<CP of DelSqRho>
CP# = 17      
Type = (3,+1)
Coords =  3.10969795498737E+00  2.27583162896819E+00  6.95401463798651E-01
DistFromNuc =  6.9174157129E-01
Rho =  7.7675720407E-01
DelSqRho = -2.5055162625E+00
GradDelSqRho =  7.9936057773E-14  7.1054273576E-14  1.5454304503E-13
HessDelSqRho_EigVals = -1.3695831156E+01  1.3155694230E+01  1.8734768059E+02
HessDelSqRho_EigVec1 =  8.8333098668E-01 -4.4661838198E-01 -1.4233196706E-01
HessDelSqRho_EigVec2 =  3.0590765886E-01  7.7931690074E-01 -5.4688725755E-01
HessDelSqRho_EigVec3 =  3.5517160954E-01  4.3954202199E-01  8.2501875050E-01
</CP of DelSqRho>
<CP of DelSqRho>
CP# = 18      
Type = (3,+3)
Coords =  3.42645993889814E+00  2.00176922212041E+00  5.07964347835345E-01
DistFromNuc =  7.2405303025E-01
Rho =  7.5037237062E-01
DelSqRho = -3.0526321790E+00
GradDelSqRho =  8.8817841970E-15 -5.5511151231E-16  6.2172489379E-15
HessDelSqRho_EigVals =  1.1816038500E+01  2.2722700642E+01  1.3904295000E+02
HessDelSqRho_EigVec1 = -3.5463884259E-01  7.0627119929E-01  6.1270897201E-01
HessDelSqRho_EigVec2 = -3.7546375671E-01 -7.0771730823E-01  5.9846735836E-01
HessDelSqRho_EigVec3 =  8.5630500333E-01 -1.7810241106E-02  5.1616328482E-01
</CP of DelSqRho>
<CP of DelSqRho>
CP# = 19      
Type = (3,+3)
Coords =  2.92255203980413E+00  2.44642977955492E+00 -4.31898226343666E-01
DistFromNuc =  7.2848762896E-01
Rho =  7.3900691618E-01
DelSqRho = -2.9286010507E+00
GradDelSqRho =  6.6613381478E-15 -1.5099033135E-14  1.7763568394E-15
HessDelSqRho_EigVals =  1.1484364262E+01  2.1457869839E+01  1.3407868801E+02
HessDelSqRho_EigVec1 =  4.0950745323E-01 -7.6434533367E-01 -4.9807615547E-01
HessDelSqRho_EigVec2 =  8.9920892181E-01  2.4598659235E-01  3.6182027490E-01
HessDelSqRho_EigVec3 = -1.5403558253E-01 -5.9604262204E-01  7.8803948634E-01
</CP of DelSqRho>
<CP of DelSqRho>
CP# = 20      
Type = (3,+1)
Coords =  1.72112320205926E+00  2.00185007728707E+00  7.07588520012032E-01
DistFromNuc =  1.2254789921E+00
Rho =  2.4231527028E-01
DelSqRho =  5.5601875033E-01
GradDelSqRho = -2.4980018054E-16 -2.3592239273E-16 -2.0816681712E-16
HessDelSqRho_EigVals = -1.3867443882E+01  2.1734996119E-01  4.3467302440E-01
HessDelSqRho_EigVec1 =  8.8020164141E-01 -4.2286300218E-03 -4.7458106700E-01
HessDelSqRho_EigVec2 =  7.9454725142E-02  9.8716047392E-01  1.3856819760E-01
HessDelSqRho_EigVec3 =  4.6790171737E-01 -1.5967566321E-01  8.6923625411E-01
</CP of DelSqRho>
<CP of DelSqRho>
CP# = 21      
Type = (3,+1)
Coords =  2.26618275140198E+00  9.15045117087520E-01 -9.97051846605758E-02
DistFromNuc =  1.2391923898E+00
Rho =  2.4192518327E-01
DelSqRho =  4.7127921482E-01
GradDelSqRho =  7.4940054162E-16  9.1593399532E-16  1.1657341759E-15
HessDelSqRho_EigVals = -1.1754957010E+01  5.0530497598E-01  6.6568758635E-01
HessDelSqRho_EigVec1 =  4.1190295477E-01  8.9086669433E-01  1.9155283552E-01
HessDelSqRho_EigVec2 = -5.7243569204E-01  8.9419722974E-02  8.1505919516E-01
HessDelSqRho_EigVec3 =  7.0898048939E-01 -4.4537697076E-01  5.4679614079E-01
</CP of DelSqRho>
<CP of DelSqRho>
CP# = 22      
Type = (3,-1)
Coords =  2.89795834130388E+00  2.51470015828752E+00  1.20366342096933E+00
DistFromNuc =  1.1863251893E+00
Rho =  2.4344114964E-01
DelSqRho =  7.3935143087E-01
GradDelSqRho =  5.6205040622E-16 -3.1988300897E-15 -7.5217609918E-15
HessDelSqRho_EigVals = -1.7622701057E+01 -1.2219716663E+00  2.7698807949E-01
HessDelSqRho_EigVec1 =  5.7350287658E-02  4.2660301105E-01  9.0261886501E-01
HessDelSqRho_EigVec2 =  9.8246041090E-01 -1.8479891298E-01  2.4917920963E-02
HessDelSqRho_EigVec3 =  1.7743304520E-01  8.8535825106E-01 -4.2971884034E-01
</CP of DelSqRho>
<CP of DelSqRho>
CP# = 23      
Type = (3,+1)
Coords =  3.00195363633434E+00  2.71873942946172E+00 -7.45576621423336E-01
DistFromNuc =  1.1509053640E+00
Rho =  4.1373982145E-01
DelSqRho = -9.5252473540E-01
GradDelSqRho =  8.0491169285E-16  5.3776427755E-16  7.0776717820E-16
HessDelSqRho_EigVals = -3.1253874960E+01  1.4797737088E+01  1.5411286925E+01
HessDelSqRho_EigVec1 = -1.7577939628E-01 -6.2466082156E-01  7.6085508598E-01
HessDelSqRho_EigVec2 = -4.1493826021E-01  7.4789144276E-01  5.1815502513E-01
HessDelSqRho_EigVec3 =  8.9270815167E-01  2.2462690815E-01  3.9065958081E-01
</CP of DelSqRho>
<CP of DelSqRho>
CP# = 24      
Type = (3,-3)
Coords =  2.94518758711058E+00  1.38494269353882E+00  1.08122339656735E+00
DistFromNuc =  1.1393461947E+00
Rho =  2.4556914826E-01
DelSqRho =  8.5329282631E-01
GradDelSqRho =  9.7838404045E-16  1.4016565686E-15 -8.6042284408E-16
HessDelSqRho_EigVals = -1.8028138079E+01 -1.7399417503E+00 -5.1803959281E-01
HessDelSqRho_EigVec1 =  8.4585735729E-02 -5.6319081410E-01  8.2198622873E-01
HessDelSqRho_EigVec2 =  9.2534758697E-01  3.5036440737E-01  1.4483309477E-01
HessDelSqRho_EigVec3 = -3.6956338645E-01  7.4837215940E-01  5.5078309200E-01
</CP of DelSqRho>
<CP of DelSqRho>
CP# = 25      
Type = (3,-3)
Coords =  3.84810506695895E+00  2.10129355518742E+00 -3.86357724644837E-01
DistFromNuc =  1.1703814926E+00
Rho =  2.4802711379E-01
DelSqRho =  8.3453428995E-01
GradDelSqRho = -8.3266726847E-17  6.9388939039E-16  2.4286128664E-15
HessDelSqRho_EigVals = -1.7596809148E+01 -2.3726048044E+00 -2.1884320965E-01
HessDelSqRho_EigVec1 =  8.9030402372E-01  7.7064244051E-02 -4.4879822598E-01
HessDelSqRho_EigVec2 =  4.4061870294E-01 -3.9458792124E-01  8.0632222531E-01
HessDelSqRho_EigVec3 =  1.1495174629E-01  9.1562081382E-01  3.8525916125E-01
</CP of DelSqRho>
<CP of DelSqRho>
CP# = 26      
Type = (3,-3)
Coords =  1.99818561149672E+00  2.21021972368105E+00 -6.52220803021131E-01
DistFromNuc =  1.1465559558E+00
Rho =  2.4752739065E-01
DelSqRho =  8.2913824051E-01
GradDelSqRho = -4.6490589156E-16 -4.5449755071E-16 -9.1419927184E-16
HessDelSqRho_EigVals = -1.7379024017E+01 -1.5871595231E+00 -5.0592347142E-01
HessDelSqRho_EigVec1 =  7.2111028386E-01 -1.5736277105E-01  6.7471246972E-01
HessDelSqRho_EigVec2 = -5.9434962092E-01 -6.4094554959E-01  4.8573380629E-01
HessDelSqRho_EigVec3 = -3.5601753697E-01  7.5128274354E-01  5.5572093053E-01
</CP of DelSqRho>
<CP of DelSqRho>
CP# = 27      
Type = (3,-1)
Coords =  3.57305909476270E+00  1.10126308800445E+00  1.51831824052298E-01
DistFromNuc =  1.1865092723E+00
Rho =  2.4361336349E-01
DelSqRho =  7.2718275888E-01
GradDelSqRho = -4.2646441933E-14  4.9113491052E-14  6.7394007042E-15
HessDelSqRho_EigVals = -1.7168947844E+01 -1.4709276010E+00  3.0221960832E-01
HessDelSqRho_EigVec1 = -6.2614869537E-01  7.7968030331E-01 -6.0362169262E-03
HessDelSqRho_EigVec2 =  6.5608264803E-01  5.3104091607E-01  5.3623791773E-01
HessDelSqRho_EigVec3 = -4.2129962051E-01 -3.3180441541E-01  8.4404529480E-01
</CP of DelSqRho>
<CP of DelSqRho>
CP# = 28      
Type = (3,-1)
Coords =  1.78982035577057E+00  1.44951972403087E+00  5.63349190120185E-01
DistFromNuc =  1.2340194418E+00
Rho =  2.4056788975E-01
DelSqRho =  5.7174335364E-01
GradDelSqRho =  2.5812685323E-15  2.2898349883E-16 -5.2735593670E-16
HessDelSqRho_EigVals = -1.1377028768E+01 -3.0757922975E-01  4.3895987569E-01
HessDelSqRho_EigVec1 =  8.0138610305E-01  4.4106684167E-01 -4.0403014123E-01
HessDelSqRho_EigVec2 = -2.7981226160E-01  8.7344074768E-01  3.9850515498E-01
HessDelSqRho_EigVec3 =  5.2866379874E-01 -2.0630390562E-01  8.2337918751E-01
</CP of DelSqRho>
<CP of DelSqRho>
CP# = 29      
Type = (3,-1)
Coords =  2.89064168265917E+00  1.65548696473313E+00 -9.96316329913416E-01
DistFromNuc =  1.1884199342E+00
Rho =  2.4468381420E-01
DelSqRho =  7.1464720834E-01
GradDelSqRho = -9.0205620751E-17  7.3205330686E-16  1.8457457784E-15
HessDelSqRho_EigVals = -1.6732949481E+01 -1.5138131942E+00  3.1845759085E-01
HessDelSqRho_EigVec1 = -5.8251512239E-02  3.1453523616E-01  9.4745677819E-01
HessDelSqRho_EigVec2 =  2.2207414591E-01  9.2937091459E-01 -2.9487756244E-01
HessDelSqRho_EigVec3 =  9.7328815622E-01 -1.9322859087E-01  1.2398740513E-01
</CP of DelSqRho>
<CP of DelSqRho>
CP# = 30      
Type = (3,-3)
Coords =  3.44501731802949E+00  2.96982898949540E+00  2.41429753014894E-01
DistFromNuc =  1.1619281602E+00
Rho =  2.4732339205E-01
DelSqRho =  8.5594029064E-01
GradDelSqRho = -5.9750468462E-13 -1.1853712456E-12 -2.5016100302E-13
HessDelSqRho_EigVals = -1.7663716699E+01 -2.3139002763E+00 -3.2726503053E-01
HessDelSqRho_EigVec1 =  5.4613385026E-01  8.3241781148E-01  9.3906361466E-02
HessDelSqRho_EigVec2 =  4.2739415075E-01 -3.7329427196E-01  8.2339882586E-01
HessDelSqRho_EigVec3 = -7.2046655544E-01  4.0955094146E-01  5.5963914164E-01
</CP of DelSqRho>
<CP of DelSqRho>
CP# = 31      
Type = (3,-1)
Coords =  2.22235883523823E+00  3.02883666726466E+00 -9.54242709294546E-03
DistFromNuc =  1.1865064145E+00
Rho =  2.4452549642E-01
DelSqRho =  7.2999514647E-01
GradDelSqRho = -1.3947176747E-15  6.2450045135E-16 -2.0816681712E-17
HessDelSqRho_EigVals = -1.7286610247E+01 -1.3000271233E+00  2.9572754105E-01
HessDelSqRho_EigVec1 = -5.0721438294E-01  8.5428654661E-01 -1.1370165356E-01
HessDelSqRho_EigVec2 =  5.4707127177E-01  2.1721589170E-01 -8.0841219684E-01
HessDelSqRho_EigVec3 =  6.6591785781E-01  4.7224120179E-01  5.7753065198E-01
</CP of DelSqRho>
<CP of DelSqRho>
CP# = 32      
Type = (3,-1)
Coords =  3.81735628100794E+00  2.50700772095261E+00 -1.73886953448105E-01
DistFromNuc =  1.1712910603E+00
Rho =  2.5305740141E-01
DelSqRho =  8.2648245674E-01
GradDelSqRho = -2.9976021665E-15 -1.1657341759E-15  1.9845236565E-15
HessDelSqRho_EigVals = -1.6241660412E+01 -4.3168663342E+00  2.0192363488E-01
HessDelSqRho_EigVec1 =  8.6209204035E-01  4.3309088824E-01 -2.6311517723E-01
HessDelSqRho_EigVec2 =  4.4110607138E-01 -3.8575358767E-01  8.1032067936E-01
HessDelSqRho_EigVec3 = -2.4944487920E-01  8.1463270995E-01  5.2359411773E-01
</CP of DelSqRho>
<CP of DelSqRho>
CP# = 33      
Type = (3,+1)
Coords =  3.63033827191816E+00  2.52356825650222E+00 -1.62555109914250E+00
DistFromNuc =  2.0131019430E+00
Rho =  7.3862024054E-02
DelSqRho =  1.7986582841E-01
GradDelSqRho =  1.0473705236E-12 -6.5441575769E-13  2.0250077656E-13
HessDelSqRho_EigVals = -1.6776217630E+00  1.1375823177E-02  5.6446146956E-01
HessDelSqRho_EigVec1 = -5.7157842009E-01  1.7136687081E-01  8.0245342873E-01
HessDelSqRho_EigVec2 =  7.8404654692E-01  4.0249522084E-01  4.7251307861E-01
HessDelSqRho_EigVec3 = -2.4201058231E-01  8.9923911881E-01 -3.6441718573E-01
</CP of DelSqRho>
<Path of -GradDelSqRho>
Starting CP# =      3
Ending CP# =      0
Number of Points =     30
  3.7969065735E+00  2.0204314788E+00  7.2786290210E-01  4.1284317199E-01 -9.5313704334E-01
  3.8183425621E+00  2.0208441333E+00  7.4072089992E-01  4.0248785888E-01 -9.6289175258E-01
  3.8397753383E+00  2.0212580451E+00  7.5358421111E-01  3.9315250373E-01 -9.9203827646E-01
  3.8612045734E+00  2.0216731620E+00  7.6645338192E-01  3.8480788314E-01 -1.0405371103E+00
  3.8826299871E+00  2.0220893120E+00  7.7932888050E-01  3.7742048841E-01 -1.1085101787E+00
  3.9040513845E+00  2.0225062506E+00  7.9221103439E-01  3.7095262709E-01 -1.1961636223E+00
  3.9254686933E+00  2.0229237141E+00  8.0509996782E-01  3.6536241635E-01 -1.3036297364E+00
  3.9468820027E+00  2.0233414794E+00  8.1799553474E-01  3.6060377528E-01 -1.4306980688E+00
  3.9682916102E+00  2.0237594325E+00  8.3089724076E-01  3.5662660570E-01 -1.5764070726E+00
  3.9896980810E+00  2.0241776485E+00  8.4380414204E-01  3.5337746376E-01 -1.7384950323E+00
  4.0111023346E+00  2.0245964936E+00  8.5671469951E-01  3.5080115908E-01 -1.9127862555E+00
  4.0325057765E+00  2.0250167646E+00  8.6962655648E-01  3.4884383599E-01 -2.0927386663E+00
  4.0539104835E+00  2.0254398785E+00  8.8253622291E-01  3.4745810706E-01 -2.2696020597E+00
  4.0753193287E+00  2.0258680346E+00  8.9543885891E-01  3.4661058763E-01 -2.4338760859E+00
  4.0967352338E+00  2.0263037092E+00  9.0832952112E-01  3.4629155663E-01 -2.5788714289E+00
  4.1181564396E+00  2.0267458594E+00  9.2121115302E-01  3.4652533233E-01 -2.7069488386E+00
  4.1395662165E+00  2.0271810114E+00  9.3411200031E-01  3.4737840196E-01 -2.8382342105E+00
  4.1609413977E+00  2.0275892703E+00  9.4707094968E-01  3.4896073337E-01 -3.0202564662E+00
  4.1822815306E+00  2.0279689754E+00  9.6008840901E-01  3.5141442111E-01 -3.3353113405E+00
  4.2035999901E+00  2.0283305472E+00  9.7314185540E-01  3.5488423477E-01 -3.9010120893E+00
  4.2249067942E+00  2.0286821474E+00  9.8621459224E-01  3.5946760006E-01 -4.8591393731E+00
  4.2462071689E+00  2.0290281313E+00  9.9929795284E-01  3.6514677898E-01 -6.3490527872E+00
  4.2675037180E+00  2.0293707078E+00  1.0123876294E+00  3.7171362918E-01 -8.4650795027E+00
  4.2887977857E+00  2.0297110341E+00  1.0254814012E+00  3.7870589166E-01 -1.1203147301E+01
  4.3100900995E+00  2.0300497441E+00  1.0385780666E+00  3.8538058772E-01 -1.4410643260E+01
  4.3313810706E+00  2.0303871974E+00  1.0516769472E+00  3.9075042751E-01 -1.7762490070E+01
  4.3526709395E+00  2.0307235998E+00  1.0647776464E+00  3.9369839674E-01 -2.0788748365E+01
  4.3739598536E+00  2.0310590603E+00  1.0778799210E+00  3.9316225484E-01 -2.2966247715E+01
  4.3952479381E+00  2.0313935886E+00  1.0909835675E+00  3.8835030490E-01 -2.3857656393E+01
  4.3973767049E+00  2.0314269933E+00  1.0922940011E+00  3.8761635214E-01 -2.3865333773E+01
</Path of -GradDelSqRho>
<Path of -GradDelSqRho>
Starting CP# =      3
Ending CP# =     18
Number of Points =     18
  3.7969065735E+00  2.0204314788E+00  7.2786290210E-01  4.1284317199E-01 -9.5313704334E-01
  3.7754678053E+00  2.0200199371E+00  7.1500950371E-01  4.2424311997E-01 -9.6299345351E-01
  3.7540264716E+00  2.0196092561E+00  7.0216035791E-01  4.3670739893E-01 -9.9283286800E-01
  3.7325828334E+00  2.0191989120E+00  6.8931504760E-01  4.5025013394E-01 -1.0431138664E+00
  3.7111370610E+00  2.0187881193E+00  6.7647331509E-01  4.6487917044E-01 -1.1142806699E+00
  3.6896892037E+00  2.0183757902E+00  6.6363511421E-01  4.8059530990E-01 -1.2066293608E+00
  3.6682391610E+00  2.0179604791E+00  6.5080066128E-01  4.9739157227E-01 -1.3201444323E+00
  3.6467866527E+00  2.0175402982E+00  6.3797048877E-01  5.1525258945E-01 -1.4543104211E+00
  3.6253311841E+00  2.0171127866E+00  6.2514550947E-01  5.3415425284E-01 -1.6079056307E+00
  3.6038720013E+00  2.0166747003E+00  6.1232710338E-01  5.5406375555E-01 -1.7787872643E+00
  3.5824080237E+00  2.0162216642E+00  5.9951724830E-01  5.7494018196E-01 -1.9636789995E+00
  3.5609377378E+00  2.0157475701E+00  5.8671873321E-01  5.9673580502E-01 -2.1579721874E+00
  3.5394590124E+00  2.0152434646E+00  5.7393553762E-01  6.1939825067E-01 -2.3555486956E+00
  3.5179687447E+00  2.0146952942E+00  5.6117357869E-01  6.4287367654E-01 -2.5486237316E+00
  3.4964620903E+00  2.0140786898E+00  5.4844240254E-01  6.6711106385E-01 -2.7275849039E+00
  3.4749304403E+00  2.0133442509E+00  5.3575988923E-01  6.9206748850E-01 -2.8807596350E+00
  3.4533543021E+00  2.0123591530E+00  5.2317078665E-01  7.1771236119E-01 -2.9939648896E+00
  3.4264599389E+00  2.0017692221E+00  5.0796434784E-01  7.5037237062E-01 -3.0526321790E+00
</Path of -GradDelSqRho>
<Path of -GradDelSqRho>
Starting CP# =      4
Ending CP# =      8
Number of Points =     44
  2.9216098605E+00  1.9323669991E+00  3.8249056392E-02  2.2441575123E+01  1.2278613174E+03
  2.9387668983E+00  1.9213945920E+00  2.3749327387E-02  1.5557171113E+01  1.1470618217E+03
  2.9559096996E+00  1.9104015067E+00  9.2484159228E-03  1.0886915068E+01  9.7826125766E+02
  2.9730490394E+00  1.8994034085E+00 -5.2527861601E-03  7.7282990445E+00  7.7093192423E+02
  2.9901796575E+00  1.8883926832E+00 -1.9754710381E-02  5.5998758541E+00  5.7118277740E+02
  3.0072928551E+00  1.8773567741E+00 -3.4258056732E-02  4.1663190759E+00  4.0778355804E+02
  3.0243792016E+00  1.8662821620E+00 -4.8763554745E-02  3.1981112626E+00  2.8577245147E+02
  3.0414292523E+00  1.8551554542E+00 -6.3271887622E-02  2.5411279186E+00  1.9797621707E+02
  3.0584343079E+00  1.8439645152E+00 -7.7783619400E-02  2.0924838807E+00  1.3522683464E+02
  3.0753860068E+00  1.8326979051E+00 -9.2299216722E-02  1.7831415801E+00  9.0369839836E+01
  3.0922742242E+00  1.8213419530E+00 -1.0681917758E-01  1.5664456744E+00  5.8546573701E+01
  3.1090840620E+00  1.8098766950E+00 -1.2134416703E-01  1.4108323807E+00  3.6403748636E+01
  3.1257923684E+00  1.7982714387E+00 -1.3587507414E-01  1.2951107453E+00  2.1430121403E+01
  3.1423629986E+00  1.7864791186E+00 -1.5041293120E-01  1.2052620080E+00  1.1637721829E+01
  3.1587389031E+00  1.7744274461E+00 -1.6495853547E-01  1.1321819648E+00  5.4557060051E+00
  3.1748272420E+00  1.7620033940E+00 -1.7951124468E-01  1.0700735096E+00  1.6906770655E+00
  3.1904681699E+00  1.7490234731E+00 -1.9406521434E-01  1.0153288280E+00 -5.1718714701E-01
  3.2053582266E+00  1.7351690417E+00 -2.0859649413E-01  9.6580871700E-01 -1.7549449323E+00
  3.2188126432E+00  1.7198193727E+00 -2.2300787074E-01  9.2054197310E-01 -2.4047648357E+00
  3.2287528646E+00  1.7015908636E+00 -2.3678152717E-01  8.8056893728E-01 -2.7091567253E+00
  3.2280274285E+00  1.6791963586E+00 -2.4657949447E-01  8.5557858059E-01 -2.8385831088E+00
  3.2145515518E+00  1.6584338406E+00 -2.4868821173E-01  8.5365147705E-01 -2.9262431977E+00
  3.1975412300E+00  1.6401461412E+00 -2.4783782986E-01  8.5904761106E-01 -3.0111631161E+00
  3.1795872234E+00  1.6228348378E+00 -2.4614315277E-01  8.6550122653E-01 -3.0953285896E+00
  3.1610856401E+00  1.6061634369E+00 -2.4397722700E-01  8.7190608724E-01 -3.1784462867E+00
  3.1421160793E+00  1.5900862453E+00 -2.4140422206E-01  8.7805322912E-01 -3.2601257882E+00
  3.1227100326E+00  1.5746091578E+00 -2.3843659721E-01  8.8388465408E-01 -3.3399674683E+00
  3.1028921759E+00  1.5597459931E+00 -2.3507789588E-01  8.8936859116E-01 -3.4175729674E+00
  3.0826866493E+00  1.5455112078E+00 -2.3132960272E-01  8.9447962045E-01 -3.4925506404E+00
  3.0621179813E+00  1.5319187841E+00 -2.2719220329E-01  8.9919587972E-01 -3.5645204370E+00
  3.0412112465E+00  1.5189820821E+00 -2.2266536176E-01  9.0349885336E-01 -3.6331186469E+00
  3.0199921271E+00  1.5067138213E+00 -2.1774797007E-01  9.0737348585E-01 -3.6980024889E+00
  2.9984869683E+00  1.4951260686E+00 -2.1243817530E-01  9.1080829507E-01 -3.7588544656E+00
  2.9767228354E+00  1.4842302181E+00 -2.0673339940E-01  9.1379544469E-01 -3.8153864037E+00
  2.9547275733E+00  1.4740369641E+00 -2.0063035444E-01  9.1633077303E-01 -3.8673431090E+00
  2.9325298652E+00  1.4645562699E+00 -1.9412505729E-01  9.1841378061E-01 -3.9145055752E+00
  2.9101592893E+00  1.4557973372E+00 -1.8721285080E-01  9.2004757923E-01 -3.9566936966E+00
  2.8876463669E+00  1.4477685813E+00 -1.7988844313E-01  9.2123880546E-01 -3.9937684471E+00
  2.8650225937E+00  1.4404776234E+00 -1.7214598577E-01  9.2199750117E-01 -4.0256335001E+00
  2.8423204387E+00  1.4339313136E+00 -1.6397922497E-01  9.2233696389E-01 -4.0522362738E+00
  2.8195732770E+00  1.4281358153E+00 -1.5538178904E-01  9.2227356962E-01 -4.0735683995E+00
  2.7968151969E+00  1.4230968072E+00 -1.4634773003E-01  9.2182657069E-01 -4.0896656214E+00
  2.7740805411E+00  1.4188199232E+00 -1.3687257218E-01  9.2101787158E-01 -4.1006071464E+00
  2.7352203947E+00  1.4132779858E+00 -1.1958913092E-01  9.1885877582E-01 -4.1077401433E+00
</Path of -GradDelSqRho>
<Path of -GradDelSqRho>
Starting CP# =      4
Ending CP# =      1
Number of Points =      7
  2.9216098605E+00  1.9323669991E+00  3.8249056392E-02  2.2441575123E+01  1.2278613174E+03
  2.9044196525E+00  1.9432910830E+00  5.2745979394E-02  3.2623208521E+01  9.8224729308E+02
  2.8872007433E+00  1.9541732058E+00  6.7240408331E-02  4.7787187909E+01 -7.6153451164E+02
  2.8699691159E+00  1.9650366851E+00  8.1733710890E-02  7.0306706673E+01 -6.2879385949E+03
  2.8527285419E+00  1.9758870335E+00  9.6226208748E-02  1.0371397729E+02 -2.0265651377E+04
  2.8354729136E+00  1.9867152715E+00  1.1071732756E-01  1.5383304686E+02 -7.4062579503E+04
  2.8051947111E+00  2.0056642499E+00  1.3612190767E-01  2.9739520815E+02 -3.3304245296E+06
</Path of -GradDelSqRho>
<Path of -GradDelSqRho>
Starting CP# =      6
Ending CP# =     16
Number of Points =     40
  2.8043624443E+00  2.1574144081E+00  2.0874971811E-01  2.2561933190E+01  1.2433774157E+03
  2.8040755043E+00  2.1799266166E+00  2.1961791881E-01  1.5627597190E+01  1.1605549608E+03
  2.8037578164E+00  2.2024315697E+00  2.3050029677E-01  1.0927528108E+01  9.8938558156E+02
  2.8034323824E+00  2.2249346953E+00  2.4138622427E-01  7.7516595069E+00  7.7984525918E+02
  2.8030892137E+00  2.2474336141E+00  2.5228029676E-01  5.6140491576E+00  5.7783495411E+02
  2.8027107775E+00  2.2699241171E+00  2.6319056042E-01  4.1763749924E+00  4.1239700961E+02
  2.8022779389E+00  2.2924015265E+00  2.7412574586E-01  3.2070698908E+00  2.8877641211E+02
  2.8017714860E+00  2.3148610092E+00  2.8509453887E-01  2.5506570461E+00  1.9980360542E+02
  2.8011736635E+00  2.3372979085E+00  2.9610485704E-01  2.1033950588E+00  1.3622071062E+02
  2.8004673430E+00  2.3597075118E+00  3.0716421198E-01  1.7957194668E+00  9.0781081950E+01
  2.7996317668E+00  2.3820839132E+00  3.1828160135E-01  1.5806604306E+00  5.8559366517E+01
  2.7986364534E+00  2.4044182465E+00  3.2947014479E-01  1.4264787899E+00  3.6156704108E+01
  2.7974341840E+00  2.4266963573E+00  3.4074996561E-01  1.3119024136E+00  2.1027606173E+01
  2.7959515607E+00  2.4488951856E+00  3.5215182709E-01  1.2228969781E+00  1.1155648605E+01
  2.7940734857E+00  2.4709760286E+00  3.6372272230E-01  1.1503904626E+00  4.9459540668E+00
  2.7916145624E+00  2.4928703841E+00  3.7553532910E-01  1.0886588390E+00  1.1857318580E+00
  2.7882609473E+00  2.5144463191E+00  3.8770488478E-01  1.0342209886E+00 -9.9957421034E-01
  2.7834352328E+00  2.5354136327E+00  4.0042033037E-01  9.8518581960E-01 -2.2079226916E+00
  2.7759296837E+00  2.5549830981E+00  4.1398866337E-01  9.4124529155E-01 -2.8306571233E+00
  2.7630187828E+00  2.5703367421E+00  4.2860277874E-01  9.0584815102E-01 -3.1233594847E+00
  2.7427466016E+00  2.5743563644E+00  4.4194491988E-01  8.9047359061E-01 -3.2751028865E+00
  2.7205422365E+00  2.5682446829E+00  4.5148069495E-01  8.9293337097E-01 -3.3998618567E+00
  2.6987500376E+00  2.5586184841E+00  4.5903047047E-01  9.0083939582E-01 -3.5211891200E+00
  2.6772843181E+00  2.5476727326E+00  4.6568618198E-01  9.0983108863E-01 -3.6403365682E+00
  2.6560581598E+00  2.5359415144E+00  4.7174928336E-01  9.1878491424E-01 -3.7567168165E+00
  2.6350585303E+00  2.5235622079E+00  4.7729097430E-01  9.2738911116E-01 -3.8695957787E+00
  2.6142974673E+00  2.5105778780E+00  4.8232383144E-01  9.3553420992E-01 -3.9782324561E+00
  2.5937938342E+00  2.4970099126E+00  4.8684667709E-01  9.4316136845E-01 -4.0819043151E+00
  2.5735682204E+00  2.4828748915E+00  4.9085549968E-01  9.5022641016E-01 -4.1799206895E+00
  2.5536417285E+00  2.4681882773E+00  4.9434594143E-01  9.5669216246E-01 -4.2716340249E+00
  2.5340357576E+00  2.4529652026E+00  4.9731387962E-01  9.6252717834E-01 -4.3564502178E+00
  2.5147720135E+00  2.4372206649E+00  4.9975564319E-01  9.6770571123E-01 -4.4338380760E+00
  2.4958725721E+00  2.4209695906E+00  5.0166820082E-01  9.7220785736E-01 -4.5033377186E+00
  2.4773599697E+00  2.4042268419E+00  5.0304939777E-01  9.7601966527E-01 -4.5645677301E+00
  2.4592573363E+00  2.3870071618E+00  5.0389828227E-01  9.7913318314E-01 -4.6172309086E+00
  2.4415886007E+00  2.3693250261E+00  5.0421558076E-01  9.8154644264E-01 -4.6611184997E+00
  2.4243788329E+00  2.3511943456E+00  5.0400444109E-01  9.8326338075E-01 -4.6961128461E+00
  2.4076548625E+00  2.3326278813E+00  5.0327171398E-01  9.8429370152E-01 -4.7221884347E+00
  2.3914465641E+00  2.3136360006E+00  5.0203052970E-01  9.8465267852E-01 -4.7394113715E+00
  2.3680828663E+00  2.2842174734E+00  4.9927027331E-01  9.8397240590E-01 -4.7490115469E+00
</Path of -GradDelSqRho>
<Path of -GradDelSqRho>
Starting CP# =      6
Ending CP# =      1
Number of Points =      7
  2.8043624443E+00  2.1574144081E+00  2.0874971811E-01  2.2561933190E+01  1.2433774157E+03
  2.8045819504E+00  2.1348864121E+00  1.9791271520E-01  3.2826758609E+01  9.8858409680E+02
  2.8047445334E+00  2.1123452365E+00  1.8710212750E-01  4.8125424220E+01 -8.0791285967E+02
  2.8048820502E+00  2.0897983037E+00  1.7630319734E-01  7.0851239669E+01 -6.4389493435E+03
  2.8050011299E+00  2.0672471592E+00  1.6551284977E-01  1.0458733686E+02 -2.0827261741E+04
  2.8050898417E+00  2.0446891135E+00  1.5473664163E-01  1.5519479261E+02 -7.5969373915E+04
  2.8051947111E+00  2.0056642499E+00  1.3612190767E-01  2.9739520815E+02 -3.3304245296E+06
</Path of -GradDelSqRho>
<Path of -GradDelSqRho>
Starting CP# =     12
Ending CP# =     16
Number of Points =     34
  2.6863952392E+00  2.6481240269E+00 -1.0324795459E-01  7.6582643063E-01 -2.4056044519E+00
  2.6744722931E+00  2.6504495782E+00 -8.2753670163E-02  7.7021998239E-01 -2.4095634651E+00
  2.6621246244E+00  2.6520167441E+00 -6.1074015197E-02  7.7530597983E-01 -2.4224654754E+00
  2.6499594184E+00  2.6526847638E+00 -3.9245376187E-02  7.8088739794E-01 -2.4445901769E+00
  2.6379917525E+00  2.6524495543E+00 -1.7298913284E-02  7.8696684645E-01 -2.4760737109E+00
  2.6262360464E+00  2.6513084284E+00  4.7335280159E-03  7.9354075272E-01 -2.5169217849E+00
  2.6147059116E+00  2.6492603854E+00  2.6819463867E-02  8.0059898236E-01 -2.5670147787E+00
  2.6034139753E+00  2.6463063616E+00  4.8925863373E-02  8.0812451291E-01 -2.6261137807E+00
  2.5923716858E+00  2.6424494269E+00  7.1019278388E-02  8.1609317157E-01 -2.6938670880E+00
  2.5815891086E+00  2.6376949134E+00  9.3066002079E-02  8.2447345122E-01 -2.7698167919E+00
  2.5710747200E+00  2.6320504658E+00  1.1503224316E-01  8.3322642281E-01 -2.8534051930E+00
  2.5608352058E+00  2.6255260048E+00  1.3688429968E-01  8.4230576472E-01 -2.9439809231E+00
  2.5508752725E+00  2.6181335994E+00  1.5858871369E-01  8.5165793052E-01 -3.0408047980E+00
  2.5411974752E+00  2.6098872476E+00  1.8011238663E-01  8.6122247616E-01 -3.1430555525E+00
  2.5318020622E+00  2.6008025742E+00  2.0142263450E-01  8.7093256407E-01 -3.2498357253E+00
  2.5226868322E+00  2.5908964542E+00  2.2248716228E-01  8.8071565575E-01 -3.3601780390E+00
  2.5138469950E+00  2.5801865803E+00  2.4327393801E-01  8.9049439568E-01 -3.4730526582E+00
  2.5052750161E+00  2.5686909936E+00  2.6375094790E-01  9.0018767816E-01 -3.5873757062E+00
  2.4969604189E+00  2.5564275993E+00  2.8388581350E-01  9.0971187675E-01 -3.7020193687E+00
  2.4888895067E+00  2.5434136886E+00  3.0364524896E-01  9.1898220406E-01 -3.8158238321E+00
  2.4810449543E+00  2.5296654852E+00  3.2299432774E-01  9.2791416026E-01 -3.9276111931E+00
  2.4734052008E+00  2.5151977297E+00  3.4189551079E-01  9.3642502369E-01 -4.0362013622E+00
  2.4659435544E+00  2.5000233118E+00  3.6030735671E-01  9.4443533781E-01 -4.1404298740E+00
  2.4586268812E+00  2.4841529557E+00  3.7818277998E-01  9.5187035543E-01 -4.2391674438E+00
  2.4514136936E+00  2.4675949744E+00  3.9546663151E-01  9.5866141484E-01 -4.3313410730E+00
  2.4442513580E+00  2.4503551341E+00  4.1209221687E-01  9.6474724086E-01 -4.4159565509E+00
  2.4370719774E+00  2.4324367427E+00  4.2797608790E-01  9.7007518767E-01 -4.4921223335E+00
  2.4297862320E+00  2.4138412657E+00  4.4300992916E-01  9.7460247082E-01 -4.5590750511E+00
  2.4222739975E+00  2.3945702265E+00  4.5704738154E-01  9.7829747805E-01 -4.6162073567E+00
  2.4143698281E+00  2.3746303324E+00  4.6988171721E-01  9.8114131504E-01 -4.6630994977E+00
  2.4058404685E+00  2.3540469261E+00  4.8120643738E-01  9.8312985835E-01 -4.6995567105E+00
  2.3963516331E+00  2.3328997348E+00  4.9054355695E-01  9.8427679244E-01 -4.7256539676E+00
  2.3854291149E+00  2.3114200104E+00  4.9711368865E-01  9.8461839119E-01 -4.7417812425E+00
  2.3680828663E+00  2.2842174734E+00  4.9927027331E-01  9.8397240590E-01 -4.7490115469E+00
</Path of -GradDelSqRho>
<Path of -GradDelSqRho>
Starting CP# =     12
Ending CP# =     19
Number of Points =     19
  2.6863952392E+00  2.6481240269E+00 -1.0324795459E-01  7.6582643063E-01 -2.4056044519E+00
  2.6984469403E+00  2.6449977615E+00 -1.2353775684E-01  7.6186244985E-01 -2.4094226330E+00
