 AIMInt (Version 19.02.13, Professional)
 Portions Copyright (c) 1997-2019 by Todd A. Keith
 AIMInt is a component of the AIMAll package ( http://aim.tkgristmill.com )

 TP:  64-bit Linux

 Licensed To:  Research Group of Fernando Cortes Guzman, UNAM, fercor@unam.mx

 AIMInt is a heavily modified and extended version of the PROAIMV program
 developed by members of R.F.W. Bader's research group

 Much of the Quantum Theory of Atoms in Molecules (QTAIM) is described in the book:
   "Atoms in Molecules - A Quantum Theory"
   R.F.W. Bader, Oxford University Press, Oxford, 1990

 For additional references see:  http://aim.tkgristmill.com/references.html

 Current Directory:  /home/scratch/M_H2O_4_tetraedrico/Opt

 Inp File:  Fe2_tetraedrico_cc-pvtz-def2-tzv_1_atomicfiles/o8.inp
 Wfx File:  Fe2_tetraedrico_cc-pvtz-def2-tzv_1.wfx
 Out File:  Fe2_tetraedrico_cc-pvtz-def2-tzv_1_atomicfiles/o8.int

 Wfx Title:   Fe2_tetraedrico_cc-pvtz-def2-tzv_1                                            
 Job Title:   Fe2_tetraedrico_cc-pvtz-def2-tzv_1                                            
 
<Atom>
O8      
</Atom>
<Nuclei of Molecule>
    13
Fe1       26.0           1.9844332830E-05   2.0406473638E-02  -5.8673133205E-05
O2         8.0          -2.8044523550E+00   2.0065127523E+00  -1.3831381491E-01
H3         1.0          -3.1241240148E+00   3.1682634408E+00   1.2819819533E+00
O4         8.0           1.3688475233E-01  -1.9667645830E+00  -2.8038447318E+00
H5         1.0           1.6701006157E+00  -2.9216501916E+00  -3.2229376489E+00
O6         8.0           2.8051943603E+00   2.0056641084E+00   1.3612204068E-01
H7         1.0           4.4042302916E+00   2.0315068272E+00   1.0965891427E+00
O8         8.0          -1.3754853312E-01  -1.9637856650E+00   2.8058019080E+00
H9         1.0          -1.6721052487E+00  -2.9149028350E+00   3.2285570009E+00
H10        1.0           3.1270909209E+00   3.1651083807E+00  -1.2855340091E+00
H11        1.0           1.2661930107E+00  -2.8708922646E+00   3.6106162180E+00
H12        1.0          -1.2675472719E+00  -2.8720689762E+00  -3.6094826411E+00
H13        1.0          -4.4049800530E+00   2.0310544030E+00  -1.0963877300E+00
</Nuclei of Molecule>
<Total Number of CPs of DelSqRho>
    33
</Total Number of CPs of DelSqRho>
<Number of (3,+3) CPs of DelSqRho>
     5
</Number of (3,+3) CPs of DelSqRho>
<Number of (3,+1) CPs of DelSqRho>
    14
</Number of (3,+1) CPs of DelSqRho>
<Number of (3,-1) CPs of DelSqRho>
    10
</Number of (3,-1) CPs of DelSqRho>
<Number of (3,-3) CPs of DelSqRho>
     4
</Number of (3,-3) CPs of DelSqRho>
<Number of Degenerate CPs of DelSqRho>
     0
</Number of Degenerate CPs of DelSqRho>
<CP of DelSqRho>
CP# = 1       
Type = (3,+3)
Coords = -1.37548538664593E-01 -1.96378602248168E+00  2.80580198583103E+00
DistFromNuc =  3.6590901786E-07
Rho =  2.9726253212E+02
DelSqRho = -3.3289462337E+06
GradDelSqRho = -1.5756870653E-06  2.5618533073E-08  2.4579943783E-05
HessDelSqRho_EigVals =  1.3238466270E+11  1.3238468225E+11  1.3238468921E+11
HessDelSqRho_EigVec1 = -1.0455357468E-01  6.8918095811E-01  7.1700638561E-01
HessDelSqRho_EigVec2 =  7.6876019160E-02  7.2440122255E-01 -6.8507878850E-01
HessDelSqRho_EigVec3 =  9.9154355815E-01  1.6506839638E-02  1.2872022586E-01
</CP of DelSqRho>
<CP of DelSqRho>
CP# = 2       
Type = (3,-1)
Coords = -1.99384812560513E-01 -9.24624685365113E-01  1.73364303520422E+00
DistFromNuc =  1.4943908175E+00
Rho =  1.4807517850E-01
DelSqRho =  4.0582996444E-01
GradDelSqRho =  8.3759388314E-13 -1.4439421880E-12  1.3603146387E-12
HessDelSqRho_EigVals = -5.8926311266E-01 -3.4383483296E-01  5.2119157508E+00
HessDelSqRho_EigVec1 =  3.9163353521E-01 -7.8753682688E-01 -4.7582446386E-01
HessDelSqRho_EigVec2 =  9.1700054392E-01  2.9150903097E-01  2.7227281780E-01
HessDelSqRho_EigVec3 = -7.5717742603E-02 -5.4296245835E-01  8.3633641095E-01
</CP of DelSqRho>
<CP of DelSqRho>
CP# = 3       
Type = (3,+1)
Coords = -1.08823944199260E+00 -2.55466814431216E+00  3.06156390681374E+00
DistFromNuc =  1.1482027298E+00
Rho =  4.1891210612E-01
DelSqRho = -9.9535521162E-01
GradDelSqRho = -3.4139358007E-15 -7.2858385991E-16  2.3574892039E-15
HessDelSqRho_EigVals = -3.2330404242E+01  1.5218421308E+01  1.6165585609E+01
HessDelSqRho_EigVec1 =  8.2597553552E-01  5.1337180514E-01 -2.3283858017E-01
HessDelSqRho_EigVec2 = -1.7142576458E-01  6.2224176765E-01  7.6382484237E-01
HessDelSqRho_EigVec3 = -5.3700802784E-01  5.9098610159E-01 -6.0196163147E-01
</CP of DelSqRho>
<CP of DelSqRho>
CP# = 4       
Type = (3,+1)
Coords =  7.33361875299679E-01 -2.52791259579706E+00  3.29940902463332E+00
DistFromNuc =  1.1490744620E+00
Rho =  4.1857386051E-01
DelSqRho = -9.9355088749E-01
GradDelSqRho =  1.5820678101E-15 -1.2351231149E-15 -2.9698465909E-15
HessDelSqRho_EigVals = -3.2338016922E+01  1.5186176553E+01  1.6165465456E+01
HessDelSqRho_EigVec1 =  7.5422662832E-01 -4.8946917105E-01  4.3767810515E-01
HessDelSqRho_EigVec2 = -4.0838390604E-02  6.3030930557E-01  7.7526924689E-01
HessDelSqRho_EigVec3 =  6.5534297813E-01  6.0260277953E-01 -4.5540692914E-01
</CP of DelSqRho>
<CP of DelSqRho>
CP# = 5       
Type = (3,+1)
Coords = -1.23661221468697E-01 -2.10554666892622E+00  2.71508240852453E+00
DistFromNuc =  1.6887589301E-01
Rho =  2.2451880753E+01
DelSqRho =  1.2209925815E+03
GradDelSqRho = -5.8619775700E-13  3.0723867894E-11  1.3955059330E-11
HessDelSqRho_EigVals = -4.0023600287E+05  2.9129829123E+03  3.8921248236E+03
HessDelSqRho_EigVec1 = -8.2652363822E-02  8.3724790340E-01  5.4054096516E-01
HessDelSqRho_EigVec2 = -8.6527523793E-02 -5.4637744436E-01  8.3305742655E-01
HessDelSqRho_EigVec3 =  9.9281497490E-01  2.2082494280E-02  1.1760437520E-01
</CP of DelSqRho>
<CP of DelSqRho>
CP# = 6       
Type = (3,-1)
Coords = -1.53230624548123E-01 -2.05592209210625E+00  2.94617412359719E+00
DistFromNuc =  1.6863987699E-01
Rho =  2.2374846648E+01
DelSqRho =  1.2540464861E+03
GradDelSqRho = -3.2542857298E-12  2.1600499167E-12 -3.0055957723E-12
HessDelSqRho_EigVals = -4.0996082134E+05 -1.7597782200E+03  1.4843117854E+03
HessDelSqRho_EigVec1 = -9.3263439209E-02 -5.4309729597E-01  8.3447424047E-01
HessDelSqRho_EigVec2 = -8.4411465339E-02  8.3942271202E-01  5.3688380034E-01
HessDelSqRho_EigVec3 =  9.9205677026E-01  2.0367563751E-02  1.2413108765E-01
</CP of DelSqRho>
<CP of DelSqRho>
CP# = 7       
Type = (3,+1)
Coords = -1.58176177713021E-01 -1.89598852347764E+00  2.95796578548649E+00
DistFromNuc =  1.6785647959E-01
Rho =  2.2671780359E+01
DelSqRho =  1.2447156958E+03
GradDelSqRho = -7.1125327850E-12  1.9028334464E-11  6.9974248618E-11
HessDelSqRho_EigVals = -4.2397064837E+05  1.9290153120E+03  3.0574510047E+03
HessDelSqRho_EigVec1 = -1.2266279431E-01  4.0884013622E-01  9.0432493160E-01
HessDelSqRho_EigVec2 =  2.8116419704E-02  9.1227180773E-01 -4.0861915737E-01
HessDelSqRho_EigVec3 =  9.9205005208E-01  2.4695988326E-02  1.2339692997E-01
</CP of DelSqRho>
<CP of DelSqRho>
CP# = 8       
Type = (3,-1)
Coords = -1.37848982402082E-01 -1.82872819642432E+00  2.70781163533061E+00
DistFromNuc =  1.6686133051E-01
Rho =  2.2761487561E+01
DelSqRho =  1.2954867224E+03
GradDelSqRho =  6.0396132540E-14 -5.5422333389E-12  5.9401372710E-12
HessDelSqRho_EigVals = -4.5346092238E+05 -3.4516752264E+03  2.3764864104E+02
HessDelSqRho_EigVec1 = -1.6631400138E-03  8.1060519971E-01 -5.8559067972E-01
HessDelSqRho_EigVec2 = -1.0646571165E-01  5.8211966540E-01  8.0610281441E-01
HessDelSqRho_EigVec3 =  9.9431498340E-01  6.3685990297E-02  8.5333512945E-02
</CP of DelSqRho>
<CP of DelSqRho>
CP# = 9       
Type = (3,-3)
Coords = -2.25972244374322E-01 -1.85341271795099E+00  2.71695295131188E+00
DistFromNuc =  1.6701819437E-01
Rho =  2.2706577016E+01
DelSqRho =  1.2959434287E+03
GradDelSqRho = -1.6765255850E-11  2.0889956431E-11 -5.7696070144E-12
HessDelSqRho_EigVals = -4.4992322894E+05 -3.6376090480E+03 -3.7283201548E+02
HessDelSqRho_EigVec1 = -5.2707264464E-01  6.6345353461E-01 -5.3105916307E-01
HessDelSqRho_EigVec2 = -5.3523002404E-02  5.9775105239E-01  7.9989309759E-01
HessDelSqRho_EigVec3 = -8.4813307652E-01 -4.5002565124E-01  2.7954820289E-01
</CP of DelSqRho>
<CP of DelSqRho>
CP# = 10      
Type = (3,-1)
Coords =  5.46590257903084E-01 -1.77096379681022E+00  2.70855862984534E+00
DistFromNuc =  7.1741369751E-01
Rho =  6.6678331722E-01
DelSqRho = -9.3849494151E-01
GradDelSqRho =  3.5527136788E-15 -5.5511151231E-16  3.3306690739E-15
HessDelSqRho_EigVals = -1.5755016981E+01 -1.2370547858E+01  1.4126464912E+02
HessDelSqRho_EigVec1 = -3.1743408565E-01  7.1737440235E-01 -6.2016898352E-01
HessDelSqRho_EigVec2 = -7.7959022982E-02  6.3203744194E-01  7.7100652573E-01
HessDelSqRho_EigVec3 =  9.4507036352E-01  2.9309151956E-01 -1.4470441996E-01
</CP of DelSqRho>
<CP of DelSqRho>
CP# = 11      
Type = (3,-1)
Coords = -7.81724118979804E-01 -1.79316953891713E+00  2.54069377270850E+00
DistFromNuc =  7.1718503280E-01
Rho =  6.6957716652E-01
DelSqRho = -9.6481536607E-01
GradDelSqRho = -3.5527136788E-15 -1.0214051827E-14 -1.0436096431E-14
HessDelSqRho_EigVals = -1.5716808968E+01 -1.2257108408E+01  1.4185448574E+02
HessDelSqRho_EigVec1 =  4.3748265266E-01  7.3741092621E-01 -5.1462030132E-01
HessDelSqRho_EigVec2 = -1.4260200342E-01  6.2194281620E-01  7.6996870196E-01
HessDelSqRho_EigVec3 =  8.8784773314E-01 -2.6346206423E-01  3.7724546846E-01
</CP of DelSqRho>
<CP of DelSqRho>
CP# = 12      
Type = (3,+3)
Coords = -5.62902688909037E-02 -2.11025432933384E+00  2.17790545307127E+00
DistFromNuc =  6.4985377833E-01
Rho =  9.1257045742E-01
DelSqRho = -3.9445604976E+00
GradDelSqRho =  1.8163248683E-13 -4.4675374511E-13 -1.3722356584E-12
HessDelSqRho_EigVals =  6.5233470916E+00  2.0813499853E+01  2.8430483977E+02
HessDelSqRho_EigVec1 =  1.2395084534E-02  9.6597999320E-01 -2.5831959781E-01
HessDelSqRho_EigVec2 = -9.9212856991E-01 -2.0312766369E-02 -1.2356493151E-01
HessDelSqRho_EigVec3 = -1.2460843734E-01  2.5781785093E-01  9.5812457076E-01
</CP of DelSqRho>
<CP of DelSqRho>
CP# = 13      
Type = (3,-1)
Coords = -1.96042564661061E-01 -2.49111338840246E+00  3.30296586101728E+00
DistFromNuc =  7.2709564420E-01
Rho =  6.5990328728E-01
DelSqRho = -9.1206760721E-01
GradDelSqRho = -2.5535129566E-15  1.4210854715E-14  2.6645352591E-15
HessDelSqRho_EigVals = -1.8914585462E+01 -7.2558656677E+00  1.3070049356E+02
HessDelSqRho_EigVec1 =  9.9124276967E-01  1.4857486277E-02  1.3121366804E-01
HessDelSqRho_EigVec2 = -1.0421868715E-01  6.9822619879E-01  7.0825040810E-01
HessDelSqRho_EigVec3 =  8.1093999945E-02  7.1572301236E-01 -6.9366009886E-01
</CP of DelSqRho>
<CP of DelSqRho>
CP# = 14      
Type = (3,+1)
Coords =  3.08864832976748E-01 -1.98106202909214E+00  3.33901725565872E+00
DistFromNuc =  6.9563062986E-01
Rho =  7.7365681068E-01
DelSqRho = -2.5384655899E+00
GradDelSqRho = -3.4194869158E-14  1.0658141036E-14 -4.1744385726E-14
HessDelSqRho_EigVals = -1.3944566722E+01  1.5102419632E+01  1.8208175860E+02
HessDelSqRho_EigVec1 = -4.7784132330E-01  8.3156734685E-01  2.8313144896E-01
HessDelSqRho_EigVec2 =  6.4878271553E-01  5.5137775155E-01 -5.2446502564E-01
HessDelSqRho_EigVec3 =  5.9224037161E-01  6.6920271570E-02  8.0297759588E-01
</CP of DelSqRho>
<CP of DelSqRho>
CP# = 15      
Type = (3,+1)
Coords = -9.32626562215367E-02 -1.45358693735940E+00  2.37230452464684E+00
DistFromNuc =  6.7095749636E-01
Rho =  8.4256747405E-01
DelSqRho = -3.3246154865E+00
GradDelSqRho = -1.1102230246E-15 -3.5527136788E-14  3.4638958368E-14
HessDelSqRho_EigVals = -7.1888914527E+00  1.8793500881E+01  2.3594966578E+02
HessDelSqRho_EigVec1 = -1.0688231327E-01  6.3492430440E-01  7.6514527954E-01
HessDelSqRho_EigVec2 =  9.9219767496E-01  1.8431023780E-02  1.2330478968E-01
HessDelSqRho_EigVec3 =  6.4186796976E-02  7.7235446852E-01 -6.3194036906E-01
</CP of DelSqRho>
<CP of DelSqRho>
CP# = 16      
Type = (3,+1)
Coords = -5.36609474162461E-01 -2.48281797589482E+00  2.58448508527118E+00
DistFromNuc =  6.9110441355E-01
Rho =  7.8374290577E-01
DelSqRho = -2.5498910359E+00
GradDelSqRho = -2.7533531011E-14 -1.4210854715E-14 -1.5987211555E-14
HessDelSqRho_EigVals = -1.1263117891E+01  1.3266280121E+01  1.8336474693E+02
HessDelSqRho_EigVec1 = -6.5307721527E-01  4.3795577837E-02  7.5602387413E-01
HessDelSqRho_EigVec2 =  5.6045812272E-01 -6.4343848777E-01  5.2141500279E-01
HessDelSqRho_EigVec3 =  5.0929052963E-01  7.6424397925E-01  3.9566942846E-01
</CP of DelSqRho>
<CP of DelSqRho>
CP# = 17      
Type = (3,+1)
Coords = -7.06185991035991E-01 -1.99662108852549E+00  3.20649730680996E+00
DistFromNuc =  6.9640758629E-01
Rho =  7.7128200883E-01
DelSqRho = -2.5120363642E+00
GradDelSqRho = -3.1086244690E-14 -2.2204460493E-16  2.2204460493E-14
HessDelSqRho_EigVals = -1.4018849011E+01  1.4830318106E+01  1.8090740475E+02
HessDelSqRho_EigVec1 =  3.6403234254E-01  8.4442709048E-01  3.9296735545E-01
HessDelSqRho_EigVec2 =  5.0825202578E-01 -5.3366280852E-01  6.7593186424E-01
HessDelSqRho_EigVec3 =  7.8048724004E-01 -4.6334605466E-02 -6.2345230167E-01
</CP of DelSqRho>
<CP of DelSqRho>
CP# = 18      
Type = (3,+1)
Coords =  3.16281251402884E-01 -2.47170151591285E+00  2.69378263462547E+00
DistFromNuc =  6.9028132130E-01
Rho =  7.8534033565E-01
DelSqRho = -2.5615616719E+00
GradDelSqRho =  2.7666757774E-13  7.0521366524E-13  2.5703883466E-12
HessDelSqRho_EigVals = -1.1279739582E+01  1.3433604671E+01  1.8457433138E+02
HessDelSqRho_EigVec1 =  4.4021612311E-01  5.8816544994E-02  8.9596338038E-01
HessDelSqRho_EigVec2 =  6.5746434969E-01  6.5847855088E-01 -3.6626032671E-01
HessDelSqRho_EigVec3 = -6.1151483534E-01  7.5029768230E-01  2.5120309331E-01
</CP of DelSqRho>
<CP of DelSqRho>
CP# = 19      
Type = (3,+3)
Coords = -1.90684319778716E-01 -1.44575455160610E+00  3.15278134540382E+00
DistFromNuc =  6.2575904010E-01
Rho =  1.0137798583E+00
DelSqRho = -5.0298639296E+00
GradDelSqRho =  2.8865798640E-15 -3.3750779949E-14 -2.6645352591E-14
HessDelSqRho_EigVals =  1.7578648484E+01  2.7431360194E+01  4.0488223901E+02
HessDelSqRho_EigVec1 = -8.6458904281E-02 -5.7012809790E-01  8.1699376366E-01
HessDelSqRho_EigVec2 =  9.9254810556E-01  2.1387226942E-02  1.1996184675E-01
HessDelSqRho_EigVec3 = -8.5866850539E-02  8.2127738220E-01  5.6403044729E-01
</CP of DelSqRho>
<CP of DelSqRho>
CP# = 20      
Type = (3,+3)
Coords =  4.21290144520114E-01 -2.32433752436883E+00  3.09958297375371E+00
DistFromNuc =  7.2705269791E-01
Rho =  7.4595472768E-01
DelSqRho = -3.0048324637E+00
GradDelSqRho =  7.1054273576E-15 -4.8849813084E-15  1.0214051827E-14
HessDelSqRho_EigVals =  1.0832021002E+01  2.3381756645E+01  1.3564595719E+02
HessDelSqRho_EigVec1 = -4.3069923875E-03  6.1095779950E-01  7.9165144922E-01
HessDelSqRho_EigVec2 =  6.3050964314E-01  6.1612622888E-01 -4.7206573695E-01
HessDelSqRho_EigVec3 =  7.7616946586E-01 -4.9711068920E-01  3.8786843511E-01
</CP of DelSqRho>
<CP of DelSqRho>
CP# = 21      
Type = (3,+3)
Coords = -7.42985878124901E-01 -2.34261810895711E+00  2.94675485056504E+00
DistFromNuc =  7.2796712244E-01
Rho =  7.4381765742E-01
DelSqRho = -2.9813951932E+00
GradDelSqRho = -9.7699626167E-15 -3.1086244690E-15  7.2164496601E-15
HessDelSqRho_EigVals =  1.0791914818E+01  2.3113516901E+01  1.3465260245E+02
HessDelSqRho_EigVec1 = -2.1688282193E-01  6.0379408827E-01  7.6706879778E-01
HessDelSqRho_EigVec2 = -5.0635167314E-01  6.0222074250E-01 -6.1720187979E-01
HessDelSqRho_EigVec3 =  8.3460758723E-01  5.2226705456E-01 -1.7512081277E-01
</CP of DelSqRho>
<CP of DelSqRho>
CP# = 22      
Type = (3,-1)
Coords = -9.48571481096819E-01 -1.54433265153647E+00  3.56853651813145E+00
DistFromNuc =  1.1897323809E+00
Rho =  2.4459160618E-01
DelSqRho =  7.3185430479E-01
GradDelSqRho = -6.9388939039E-16 -7.6327832943E-16 -8.3266726847E-16
HessDelSqRho_EigVals = -1.7638822004E+01 -1.0829372954E+00  2.8612825762E-01
HessDelSqRho_EigVec1 =  6.7712902931E-01 -3.6740300943E-01 -6.3758239180E-01
HessDelSqRho_EigVec2 =  5.3518994993E-01  8.4054206410E-01  8.4028304538E-02
HessDelSqRho_EigVec3 =  5.0504256768E-01 -3.9812569263E-01  7.6578583018E-01
</CP of DelSqRho>
<CP of DelSqRho>
CP# = 23      
Type = (3,-3)
Coords = -1.16493863400205E+00 -1.63093678204016E+00  2.44157620374993E+00
DistFromNuc =  1.1397276701E+00
Rho =  2.4690861022E-01
DelSqRho =  8.5481684138E-01
GradDelSqRho =  2.6506574713E-15 -2.2690183066E-15  1.5196177650E-15
HessDelSqRho_EigVals = -1.7760359896E+01 -1.8464150766E+00 -5.4475690989E-01
HessDelSqRho_EigVec1 =  8.8355933646E-01 -3.1866440184E-01  3.4318493259E-01
HessDelSqRho_EigVec2 =  4.5803733928E-01  7.4072278896E-01 -4.9145859005E-01
HessDelSqRho_EigVec3 = -9.7594542770E-02  5.9142433913E-01  8.0043273066E-01
</CP of DelSqRho>
<CP of DelSqRho>
CP# = 24      
Type = (3,-3)
Coords = -2.50138606417841E-01 -2.63751084017373E+00  3.73648719571820E+00
DistFromNuc =  1.1544510562E+00
Rho =  2.5021739709E-01
DelSqRho =  8.7936292978E-01
GradDelSqRho = -3.1918911958E-16 -4.3853809473E-15  3.9968028887E-15
HessDelSqRho_EigVals = -1.7422715015E+01 -3.1445589941E+00 -2.9981717214E-01
HessDelSqRho_EigVec1 = -9.7970671185E-02 -5.7927590946E-01  8.0922257031E-01
HessDelSqRho_EigVec2 =  9.9105778473E-01  1.7226770793E-02  1.3231668715E-01
HessDelSqRho_EigVec3 =  9.0588161025E-02 -8.1494948253E-01 -5.7240818128E-01
</CP of DelSqRho>
<CP of DelSqRho>
CP# = 25      
Type = (3,+1)
Coords =  2.94388605263601E-03 -1.42129078702424E+00  1.68484423171537E+00
DistFromNuc =  1.2532297971E+00
Rho =  2.4001107403E-01
DelSqRho =  4.1669334894E-01
GradDelSqRho = -7.3899220077E-16  5.8147930915E-15 -7.5495165675E-15
HessDelSqRho_EigVals = -8.7671976451E+00  6.6387226676E-01  8.4108226102E-01
HessDelSqRho_EigVec1 = -1.2805363031E-01 -4.0935252850E-01  9.0334532443E-01
HessDelSqRho_EigVec2 =  6.9137604099E-04  9.1080701402E-01  4.1283181225E-01
HessDelSqRho_EigVec3 =  9.9176700377E-01 -5.3489163579E-02  1.1634912812E-01
</CP of DelSqRho>
<CP of DelSqRho>
CP# = 26      
Type = (3,-1)
Coords =  6.20802910042751E-01 -2.64756021814878E+00  2.19293619128758E+00
DistFromNuc =  1.1909025727E+00
Rho =  2.4465701304E-01
DelSqRho =  7.1292740813E-01
GradDelSqRho = -1.3054834991E-13 -9.4466101608E-14  6.5725203058E-14
HessDelSqRho_EigVals = -1.6971506096E+01 -1.3302664216E+00  3.0007401501E-01
HessDelSqRho_EigVec1 =  6.3168284404E-01 -5.6138203215E-01 -5.3462790661E-01
HessDelSqRho_EigVec2 =  4.4196093975E-01 -3.0580341356E-01  8.4329994664E-01
HessDelSqRho_EigVec3 = -6.3690447658E-01 -7.6898276069E-01  5.4938160490E-02
</CP of DelSqRho>
<CP of DelSqRho>
CP# = 27      
Type = (3,-1)
Coords = -6.93571376859575E-01 -2.66259493122119E+00  2.01752967794702E+00
DistFromNuc =  1.1911628360E+00
Rho =  2.4487357316E-01
DelSqRho =  7.1333980885E-01
GradDelSqRho = -1.4571677198E-16 -6.7307270868E-16 -4.6490589156E-16
HessDelSqRho_EigVals = -1.6960361175E+01 -1.3129923627E+00  2.9176121866E-01
HessDelSqRho_EigVec1 =  4.5756817354E-01  5.7476577933E-01  6.7843619116E-01
HessDelSqRho_EigVec2 =  6.3626210507E-01  3.2134230350E-01 -7.0136271475E-01
HessDelSqRho_EigVec3 =  6.2112953578E-01 -7.5258449552E-01  2.1866567378E-01
</CP of DelSqRho>
<CP of DelSqRho>
CP# = 28      
Type = (3,-1)
Coords =  4.21713433248614E-01 -1.52726381004195E+00  3.76128849510127E+00
DistFromNuc =  1.1900755838E+00
Rho =  2.4432946171E-01
DelSqRho =  7.3165375253E-01
GradDelSqRho =  6.2132382572E-12  2.1092554786E-12 -5.4548726647E-12
HessDelSqRho_EigVals = -1.7675366739E+01 -1.0416029240E+00  2.8469769519E-01
HessDelSqRho_EigVec1 =  4.6545545091E-01  3.8098681004E-01  7.9887437923E-01
HessDelSqRho_EigVec2 = -5.6968265385E-01  8.1974285599E-01 -5.9019691284E-02
HessDelSqRho_EigVec3 = -6.7735728912E-01 -4.2763383944E-01  5.9859535769E-01
</CP of DelSqRho>
<CP of DelSqRho>
CP# = 29      
Type = (3,-3)
Coords =  9.36955603384233E-01 -1.60079491048344E+00  2.71619379167518E+00
DistFromNuc =  1.1376954960E+00
Rho =  2.4638561342E-01
DelSqRho =  8.5921525670E-01
GradDelSqRho = -2.6171426137E-13 -2.9996144457E-13 -1.4371490109E-13
HessDelSqRho_EigVals = -1.7914861634E+01 -1.8711088929E+00 -5.5726015235E-01
HessDelSqRho_EigVec1 =  9.3144135635E-01  3.4708320550E-01 -1.0931719050E-01
HessDelSqRho_EigVec2 = -3.4028009785E-01  7.2432241141E-01 -5.9963864063E-01
HessDelSqRho_EigVec3 = -1.2894361050E-01  5.9572669303E-01  7.9276935645E-01
</CP of DelSqRho>
<CP of DelSqRho>
CP# = 30      
Type = (3,+1)
Coords =  1.01442912322248E+00 -2.48492921111447E+00  4.34769669184992E+00
DistFromNuc =  1.9940116953E+00
Rho =  7.5724634142E-02
DelSqRho =  1.8643377026E-01
GradDelSqRho =  6.5052130349E-17  1.2056328158E-16  2.7061686225E-16
HessDelSqRho_EigVals = -1.8264713017E+00  2.3546807903E-02  5.5826072876E-01
HessDelSqRho_EigVec1 =  2.3717307128E-01  5.2620654231E-02  9.7004123676E-01
HessDelSqRho_EigVec2 = -5.7496341192E-01 -7.9726111728E-01  1.8382542216E-01
HessDelSqRho_EigVec3 =  7.8304917420E-01 -6.0133665914E-01 -1.5883391690E-01
</CP of DelSqRho>
<CP of DelSqRho>
CP# = 31      
Type = (3,+1)
Coords =  1.12579784324760E+00 -3.51825173329963E+00  3.01791763641705E+00
DistFromNuc =  2.0142993587E+00
Rho =  7.4060119346E-02
DelSqRho =  1.7665387472E-01
GradDelSqRho = -7.0409303388E-13  8.6422535794E-13  8.1564963117E-14
HessDelSqRho_EigVals = -1.6165716487E+00  3.2086705761E-02  5.7951387883E-01
HessDelSqRho_EigVec1 = -3.7404019036E-01  8.9821377865E-01  2.3088080007E-01
HessDelSqRho_EigVec2 = -6.2428851508E-01 -4.2795922441E-01  6.5354016876E-01
HessDelSqRho_EigVec3 =  6.8582635261E-01  1.0031405729E-01  7.2081849586E-01
</CP of DelSqRho>
<CP of DelSqRho>
CP# = 32      
Type = (3,+1)
Coords = -1.39068046197442E+00 -3.53089646817237E+00  2.64864890459235E+00
DistFromNuc =  2.0126780585E+00
Rho =  7.3968563847E-02
DelSqRho =  1.7733729645E-01
GradDelSqRho =  8.6736173799E-18 -5.6031568274E-16 -3.3306690739E-16
HessDelSqRho_EigVals = -1.6052115744E+00  3.0473389721E-02  5.8361668827E-01
HessDelSqRho_EigVec1 =  3.0160711015E-01  8.8570778625E-01  3.5292331813E-01
HessDelSqRho_EigVec2 =  4.7265891659E-01 -4.6037232910E-01  7.5143254332E-01
HessDelSqRho_EigVec3 =  8.2802578443E-01 -5.9825044677E-02 -5.5748925044E-01
</CP of DelSqRho>
<CP of DelSqRho>
CP# = 33      
Type = (3,+1)
Coords = -1.62599073860316E+00 -2.52430029059719E+00  4.00442136697119E+00
DistFromNuc =  1.9915635697E+00
Rho =  7.5679699364E-02
DelSqRho =  1.8783042090E-01
GradDelSqRho =  3.5908775953E-16 -1.2576745201E-16 -1.7867651803E-16
HessDelSqRho_EigVals = -1.8311670133E+00  2.1808159380E-02  5.6273297186E-01
HessDelSqRho_EigVec1 = -4.7532565749E-01  4.2584471866E-02  8.7877874467E-01
HessDelSqRho_EigVec2 =  5.3029735359E-01 -7.8313475142E-01  3.2478404807E-01
HessDelSqRho_EigVec3 =  7.0203293092E-01  6.2039223389E-01  3.4966160789E-01
</CP of DelSqRho>
<Path of -GradDelSqRho>
Starting CP# =      3
Ending CP# =     21
Number of Points =     18
 -1.0882394420E+00 -2.5546681443E+00  3.0615639068E+00  4.1891210612E-01 -9.9535521162E-01
 -1.0675888626E+00 -2.5418334847E+00  3.0557479741E+00  4.3033310202E-01 -1.0055010493E+00
 -1.0469358329E+00 -2.5289983652E+00  3.0499417650E+00  4.4281708002E-01 -1.0361397300E+00
 -1.0262805137E+00 -2.5161631428E+00  3.0441439335E+00  4.5637597712E-01 -1.0876028435E+00
 -1.0056232724E+00 -2.5033280144E+00  3.0383527455E+00  4.7101509830E-01 -1.1601729435E+00
 -9.8496470691E-01 -2.4904929856E+00  3.0325660621E+00  4.8673241035E-01 -1.2539453233E+00
 -9.6430567532E-01 -2.4776578437E+00  3.0267812934E+00  5.0351788376E-01 -1.3686604507E+00
 -9.4364733944E-01 -2.4648221338E+00  3.0209953010E+00  5.2135299000E-01 -1.5035124317E+00
 -9.2299123421E-01 -2.4519851320E+00  3.0152042133E+00  5.4021048107E-01 -1.6569410297E+00
 -9.0233938158E-01 -2.4391458144E+00  3.0094031024E+00  5.6005459391E-01 -1.8264168846E+00
 -8.8169448352E-01 -2.4263028148E+00  3.0035854135E+00  5.8084183374E-01 -2.0082309240E+00
 -8.6106026469E-01 -2.4134543668E+00  2.9977419303E+00  6.0252249505E-01 -2.1972984112E+00
 -8.4044212697E-01 -2.4005982187E+00  2.9918587667E+00  6.2504307275E-01 -2.3869836223E+00
 -8.1984854218E-01 -2.3877315119E+00  2.9859130524E+00  6.4834968378E-01 -2.5689390305E+00
 -7.9929453074E-01 -2.3748506245E+00  2.9798621412E+00  6.7239248188E-01 -2.7329265929E+00
 -7.7881285463E-01 -2.3619512330E+00  2.9736092361E+00  6.9713021665E-01 -2.8665389031E+00
 -7.5851302942E-01 -2.3490334967E+00  2.9668290972E+00  7.2252446916E-01 -2.9546679267E+00
 -7.4298587812E-01 -2.3426181090E+00  2.9467548506E+00  7.4381765742E-01 -2.9813951932E+00
</Path of -GradDelSqRho>
<Path of -GradDelSqRho>
Starting CP# =      3
Ending CP# =      0
Number of Points =     29
 -1.0882394420E+00 -2.5546681443E+00  3.0615639068E+00  4.1891210612E-01 -9.9535521162E-01
 -1.1088876717E+00 -2.5675019097E+00  3.0673901462E+00  4.0853618995E-01 -1.0054267360E+00
 -1.1295336425E+00 -2.5803342007E+00  3.0732276272E+00  3.9918205277E-01 -1.0355650973E+00
 -1.1501776521E+00 -2.5931644313E+00  3.0790765622E+00  3.9082141198E-01 -1.0857727880E+00
 -1.1708200817E+00 -2.6059920411E+00  3.0849368108E+00  3.8342126225E-01 -1.1561843210E+00
 -1.1914613488E+00 -2.6188165551E+00  3.0908079200E+00  3.7694398733E-01 -1.2469811235E+00
 -1.2121018505E+00 -2.6316376497E+00  3.0966891796E+00  3.7134738266E-01 -1.3582183247E+00
 -1.2327418997E+00 -2.6444552256E+00  3.1025796897E+00  3.6658470784E-01 -1.4895323328E+00
 -1.2533816495E+00 -2.6572694955E+00  3.1084784364E+00  3.6260497719E-01 -1.6397028715E+00
 -1.2740210025E+00 -2.6700810937E+00  3.1143843703E+00  3.5935381714E-01 -1.8060781569E+00
 -1.2946594914E+00 -2.6828912317E+00  3.1202964881E+00  3.5677535681E-01 -1.9839622458E+00
 -1.3152961119E+00 -2.6957019262E+00  3.1262139195E+00  3.5481572641E-01 -2.1662303185E+00
 -1.3359290986E+00 -2.7085163066E+00  3.1321360399E+00  3.5342872243E-01 -2.3436731641E+00
 -1.3565557867E+00 -2.7213387484E+00  3.1380626502E+00  3.5258391236E-01 -2.5068051347E+00
 -1.3771735524E+00 -2.7341732255E+00  3.1439942529E+00  3.5227673168E-01 -2.6499397541E+00
 -1.3977853918E+00 -2.7470143879E+00  3.1499319814E+00  3.5253888297E-01 -2.7780164364E+00
 -1.4184097772E+00 -2.7598327185E+00  3.1558754575E+00  3.5344571998E-01 -2.9157621911E+00
 -1.4390672654E+00 -2.7725968489E+00  3.1618206041E+00  3.5511567151E-01 -3.1173164790E+00
 -1.4597554720E+00 -2.7853120186E+00  3.1677638685E+00  3.5769573077E-01 -3.4727879278E+00
 -1.4804622370E+00 -2.7979981125E+00  3.1737046474E+00  3.6132791613E-01 -4.1069912534E+00
 -1.5011791733E+00 -2.8106685250E+00  3.1796434335E+00  3.6609493785E-01 -5.1655058453E+00
 -1.5219019178E+00 -2.8233301298E+00  3.1855807412E+00  3.7194912639E-01 -6.7846954960E+00
 -1.5426282552E+00 -2.8359863786E+00  3.1915169269E+00  3.7863673016E-01 -9.0459676607E+00
 -1.5633570179E+00 -2.8486390752E+00  3.1974522166E+00  3.8563824895E-01 -1.1921027181E+01
 -1.5840875642E+00 -2.8612892063E+00  3.2033867455E+00  3.9215137122E-01 -1.5224054090E+01
 -1.6048195337E+00 -2.8739373303E+00  3.2093205807E+00  3.9714168554E-01 -1.8595252930E+01
 -1.6255527315E+00 -2.8865837670E+00  3.2152537203E+00  3.9947308578E-01 -2.1540337038E+01
 -1.6462870885E+00 -2.8992286887E+00  3.2211860384E+00  3.9810410391E-01 -2.3534281453E+01
 -1.6649491939E+00 -2.9106078452E+00  3.2265236983E+00  3.9309613455E-01 -2.4171400797E+01
</Path of -GradDelSqRho>
<Path of -GradDelSqRho>
Starting CP# =      4
Ending CP# =      0
Number of Points =     29
  7.3336187530E-01 -2.5279125958E+00  3.2994090246E+00  4.1857386051E-01 -9.9355088749E-01
  7.5221591115E-01 -2.5401483320E+00  3.3103548953E+00  4.0819076114E-01 -1.0036232970E+00
  7.7106662990E-01 -2.5523816221E+00  3.3213092099E+00  3.9883106684E-01 -1.0337593163E+00
  7.8991424422E-01 -2.5646118703E+00  3.3322722595E+00  3.9046628526E-01 -1.0839558608E+00
  8.0875910148E-01 -2.5768385218E+00  3.3432440570E+00  3.8306323419E-01 -1.1543439240E+00
  8.2760163017E-01 -2.5890611252E+00  3.3542243607E+00  3.7658415171E-01 -1.2451028325E+00
  8.4644227677E-01 -2.6012794001E+00  3.3652127085E+00  3.7098671669E-01 -1.3562863558E+00
  8.6528143293E-01 -2.6134933117E+00  3.3762084601E+00  3.6622409929E-01 -1.4875295605E+00
  8.8411935131E-01 -2.6257031593E+00  3.3872108439E+00  3.6224525006E-01 -1.6376101407E+00
  9.0295604522E-01 -2.6379096896E+00  3.3982190034E+00  3.5899575724E-01 -1.8038731243E+00
  9.2179116014E-01 -2.6501142568E+00  3.4092320404E+00  3.5641973866E-01 -1.9816184511E+00
  9.4062379736E-01 -2.6623190598E+00  3.4202490526E+00  3.5446334350E-01 -2.1637179190E+00
  9.5945227869E-01 -2.6745274603E+00  3.4312691815E+00  3.5308042203E-01 -2.3409636292E+00
  9.7827398996E-01 -2.6867441101E+00  3.4422917328E+00  3.5224063408E-01 -2.5038827248E+00
  9.9708628960E-01 -2.6989731659E+00  3.4533165935E+00  3.5193954472E-01 -2.6468220401E+00
  1.0158920621E+00 -2.7112087894E+00  3.4643453029E+00  3.5220901076E-01 -2.7747836473E+00
  1.0347096800E+00 -2.7234196139E+00  3.4753812794E+00  3.5312453765E-01 -2.9125906433E+00
  1.0535598522E+00 -2.7355728084E+00  3.4864253028E+00  3.5480466586E-01 -3.1145058193E+00
  1.0724405298E+00 -2.7476743322E+00  3.4974739654E+00  3.5739640117E-01 -3.4707668929E+00
  1.0913397684E+00 -2.7597452948E+00  3.5085243313E+00  3.6104159437E-01 -4.1062845736E+00
  1.1102492484E+00 -2.7717998173E+00  3.5195751248E+00  3.6582253619E-01 -5.1666479996E+00
  1.1291646142E+00 -2.7838451245E+00  3.5306258943E+00  3.7169084998E-01 -6.7880854621E+00
  1.1480836439E+00 -2.7958848372E+00  3.5416764885E+00  3.7839181791E-01 -9.0516754714E+00
  1.1670051616E+00 -2.8079208446E+00  3.5527268592E+00  3.8540483443E-01 -1.1928592401E+01
  1.1859285195E+00 -2.8199541786E+00  3.5637769902E+00  3.9192656583E-01 -1.5232355421E+01
  1.2048533539E+00 -2.8319854231E+00  3.5748268681E+00  3.9692195995E-01 -1.8602554627E+01
  1.2237794700E+00 -2.8440149127E+00  3.5858764611E+00  3.9925494654E-01 -2.1544591861E+01
  1.2427068050E+00 -2.8560428312E+00  3.5969256768E+00  3.9788494200E-01 -2.3533667044E+01
  1.2597426789E+00 -2.8668666568E+00  3.6068692073E+00  3.9287518830E-01 -2.4165518572E+01
</Path of -GradDelSqRho>
<Path of -GradDelSqRho>
Starting CP# =      4
Ending CP# =     20
Number of Points =     18
  7.3336187530E-01 -2.5279125958E+00  3.2994090246E+00  4.1857386051E-01 -9.9355088749E-01
  7.1450459975E-01 -2.5156750473E+00  3.2884707634E+00  4.3000390953E-01 -1.0037008740E+00
  6.9564414371E-01 -2.5034361189E+00  3.2775395317E+00  4.4249908762E-01 -1.0343603103E+00
  6.7678092295E-01 -2.4911962022E+00  3.2666141786E+00  4.5607164086E-01 -1.0858762969E+00
  6.5791562400E-01 -2.4789555270E+00  3.2556932645E+00  4.7072721137E-01 -1.1585514379E+00
  6.3904923546E-01 -2.4667141248E+00  3.2447750479E+00  4.8646412505E-01 -1.2525061587E+00
  6.2018309140E-01 -2.4544717963E+00  3.2338574474E+00  5.0327272434E-01 -1.3675115858E+00
  6.0131893937E-01 -2.4422280799E+00  3.2229379613E+00  5.2113485353E-01 -1.5027983221E+00
  5.8245905111E-01 -2.4299822180E+00  3.2120135174E+00  5.4002362256E-01 -1.6568486345E+00
  5.6360640611E-01 -2.4177331139E+00  3.2010802103E+00  5.5990359211E-01 -1.8271817211E+00
  5.4476500372E-01 -2.4054792725E+00  3.1901328415E+00  5.8073153369E-01 -2.0101431315E+00
  5.2594041798E-01 -2.3932187116E+00  3.1791640894E+00  6.0245792378E-01 -2.2007089722E+00
  5.0714085599E-01 -2.3809488196E+00  3.1681629076E+00  6.2502932556E-01 -2.3923112384E+00
  4.8837939715E-01 -2.3686661075E+00  3.1571111155E+00  6.4839178360E-01 -2.5766788111E+00
  4.6967951187E-01 -2.3563657301E+00  3.1459749836E+00  6.7249524022E-01 -2.7436628547E+00
  4.5109233620E-01 -2.3440404615E+00  3.1346790440E+00  6.9729830382E-01 -2.8809659124E+00
  4.3278169847E-01 -2.3316794043E+00  3.1229800280E+00  7.2276543512E-01 -2.9736194254E+00
  4.2129014452E-01 -2.3243375244E+00  3.0995829738E+00  7.4595472768E-01 -3.0048324637E+00
</Path of -GradDelSqRho>
<Path of -GradDelSqRho>
Starting CP# =      5
Ending CP# =      1
Number of Points =      7
 -1.2366122147E-01 -2.1055466689E+00  2.7150824085E+00  2.2451880753E+01  1.2209925815E+03
 -1.2572465672E-01 -2.0846004010E+00  2.7285729916E+00  3.2617839112E+01  9.7650293445E+02
 -1.2778356337E-01 -2.0636304388E+00  2.7420274151E+00  4.7758971376E+01 -7.6136316107E+02
 -1.2984045904E-01 -2.0426499831E+00  2.7554657799E+00  7.0246383417E+01 -6.2751431701E+03
 -1.3189594603E-01 -2.0216621792E+00  2.7688928802E+00  1.0360791111E+02 -2.0213388686E+04
 -1.3394906683E-01 -2.0006620202E+00  2.7823010119E+00  1.5366357321E+02 -7.3882463366E+04
 -1.3754853866E-01 -1.9637860225E+00  2.8058019858E+00  2.9726253212E+02 -3.3289462337E+06
</Path of -GradDelSqRho>
<Path of -GradDelSqRho>
Starting CP# =      5
Ending CP# =     12
Number of Points =     38
 -1.2366122147E-01 -2.1055466689E+00  2.7150824085E+00  2.2451880753E+01  1.2209925815E+03
 -1.2159256790E-01 -2.1264655424E+00  2.7015501780E+00  1.5577999509E+01  1.1406095102E+03
 -1.1952168110E-01 -2.1473726731E+00  2.6880001481E+00  1.0914710790E+01  9.7256491823E+02
 -1.1745024521E-01 -2.1682769205E+00  2.6744457545E+00  7.7605939420E+00  7.6605189265E+02
 -1.1537743202E-01 -2.1891738979E+00  2.6608803665E+00  5.6349493002E+00  5.6705195269E+02
 -1.1330188008E-01 -2.2100563741E+00  2.6472930864E+00  4.2029700938E+00  4.0426557489E+02
 -1.1122212208E-01 -2.2309164859E+00  2.6336721412E+00  3.2354845873E+00  2.8272913586E+02
 -1.0913670084E-01 -2.2517463116E+00  2.6200057933E+00  2.5785889293E+00  1.9530659152E+02
 -1.0704428725E-01 -2.2725384716E+00  2.6062832778E+00  2.1295414381E+00  1.3287166913E+02
 -1.0494361198E-01 -2.2932857467E+00  2.5924942569E+00  1.8194078492E+00  8.8298382590E+01
 -1.0283313771E-01 -2.3139792603E+00  2.5786261832E+00  1.6016178345E+00  5.6740715536E+01
 -1.0071060066E-01 -2.3346058293E+00  2.5646605827E+00  1.4446837190E+00  3.4846949762E+01
 -9.8572493498E-02 -2.3551447643E+00  2.5505688114E+00  1.3274835571E+00  2.0102357044E+01
 -9.6413379529E-02 -2.3755632823E+00  2.5363063679E+00  1.2360590151E+00  1.0514841785E+01
 -9.4224779755E-02 -2.3958084988E+00  2.5218035866E+00  1.1613557407E+00  4.5110340207E+00
 -9.1993155438E-02 -2.4157916236E+00  2.5069486094E+00  1.0976148806E+00  8.9719130122E-01
 -8.9695889076E-02 -2.4353526980E+00  2.4915530158E+00  1.0412565618E+00 -1.1850038350E+00
 -8.7292116682E-02 -2.4541662120E+00  2.4752718177E+00  9.9016915911E-01 -2.3199350702E+00
 -8.4697884483E-02 -2.4714052396E+00  2.4573775860E+00  9.4348226715E-01 -2.8867927525E+00
 -8.1729667444E-02 -2.4839247455E+00  2.4361284737E+00  9.0328746735E-01 -3.1273757920E+00
 -7.8646697657E-02 -2.4807679845E+00  2.4122511500E+00  8.8501032615E-01 -3.2244138761E+00
 -7.6291253714E-02 -2.4657450673E+00  2.3924702273E+00  8.8694938371E-01 -3.2999438949E+00
 -7.4219623546E-02 -2.4485576814E+00  2.3744381378E+00  8.9198160205E-01 -3.3720079340E+00
 -7.2275263224E-02 -2.4306412141E+00  2.3571130494E+00  8.9693872101E-01 -3.4407159894E+00
 -7.0440981935E-02 -2.4121588888E+00  2.3403803127E+00  9.0145093874E-01 -3.5057765909E+00
 -6.8716671865E-02 -2.3931428935E+00  2.3242444993E+00  9.0546701772E-01 -3.5669154393E+00
 -6.7103578206E-02 -2.3736131472E+00  2.3087224980E+00  9.0897121801E-01 -3.6238893212E+00
 -6.5602635534E-02 -2.3535887771E+00  2.2938323326E+00  9.1195488696E-01 -3.6764895875E+00
 -6.4214286411E-02 -2.3330891351E+00  2.2795921786E+00  9.1441405003E-01 -3.7245443865E+00
 -6.2938431138E-02 -2.3121339473E+00  2.2660202737E+00  9.1634918131E-01 -3.7679201427E+00
 -6.1774392484E-02 -2.2907433996E+00  2.2531348864E+00  9.1776507319E-01 -3.8065223148E+00
 -6.0720894155E-02 -2.2689382151E+00  2.2409542817E+00  9.1867066306E-01 -3.8402954530E+00
 -5.9776064170E-02 -2.2467397245E+00  2.2294966799E+00  9.1907881506E-01 -3.8692225948E+00
 -5.8937481391E-02 -2.2241699329E+00  2.2187802059E+00  9.1900606298E-01 -3.8933240580E+00
 -5.8202294414E-02 -2.2012515825E+00  2.2088228274E+00  9.1847232053E-01 -3.9126557016E+00
 -5.7567461188E-02 -2.1780082146E+00  2.1996422732E+00  9.1750056600E-01 -3.9273067375E+00
 -5.7030194617E-02 -2.1544642297E+00  2.1912559224E+00  9.1611650802E-01 -3.9373971848E+00
 -5.6290268891E-02 -2.1102543293E+00  2.1779054531E+00  9.1257045742E-01 -3.9445604976E+00
</Path of -GradDelSqRho>
<Path of -GradDelSqRho>
Starting CP# =      7
Ending CP# =     19
Number of Points =     32
 -1.5817617771E-01 -1.8959885235E+00  2.9579657855E+00  2.2671780359E+01  1.2447156958E+03
 -1.6124138064E-01 -1.8857380035E+00  2.9805607200E+00  1.5714850546E+01  1.1609314654E+03
 -1.6430518033E-01 -1.8754572838E+00  3.0031421265E+00  1.1002597420E+01  9.8902519459E+02
 -1.6736861820E-01 -1.8651688147E+00  3.0257200525E+00  7.8206600660E+00  7.7897645269E+02
 -1.7043127091E-01 -1.8548635533E+00  3.0482904244E+00  5.6806739260E+00  5.7633586111E+02
 -1.7349236022E-01 -1.8445249696E+00  3.0708457617E+00  4.2427358766E+00  4.1024265448E+02
 -1.7655102052E-01 -1.8341349225E+00  3.0933777644E+00  3.2741828100E+00  2.8609280572E+02
 -1.7960635942E-01 -1.8236750965E+00  3.1158779048E+00  2.6188015374E+00  1.9677509891E+02
 -1.8265751654E-01 -1.8131283581E+00  3.1383379991E+00  2.1723882372E+00  1.3302735544E+02
 -1.8570361464E-01 -1.8024778441E+00  3.1607497492E+00  1.8651163036E+00  8.7576781504E+01
 -1.8874354250E-01 -1.7917027421E+00  3.1831026927E+00  1.6498958251E+00  5.5466231380E+01
 -1.9177561752E-01 -1.7807721387E+00  3.2053810510E+00  1.4949658161E+00  3.3263113871E+01
 -1.9479713001E-01 -1.7696375484E+00  3.2275595446E+00  1.3790969163E+00  1.8388374796E+01
 -1.9780360781E-01 -1.7582221699E+00  3.2495967550E+00  1.2883359870E+00  8.7952889128E+00
 -2.0078738137E-01 -1.7464020927E+00  3.2714223651E+00  1.2137119915E+00  2.8647847958E+00
 -2.0373436277E-01 -1.7339691580E+00  3.2929089581E+00  1.1496142857E+00 -6.3273317549E-01
 -2.0661555114E-01 -1.7205483565E+00  3.3137989818E+00  1.0927070276E+00 -2.5817545421E+00
 -2.0935859495E-01 -1.7053838881E+00  3.3334657521E+00  1.0414117823E+00 -3.5853964088E+00
 -2.1171307814E-01 -1.6867465364E+00  3.3498190465E+00  9.9687208269E-01 -4.0406931137E+00
 -2.1266639634E-01 -1.6628524730E+00  3.3548748446E+00  9.7054271054E-01 -4.2285380924E+00
 -2.1172246822E-01 -1.6399237967E+00  3.3453308090E+00  9.6995126337E-01 -4.3519899264E+00
 -2.1019099211E-01 -1.6192613809E+00  3.3313561776E+00  9.7682620848E-01 -4.4646524190E+00
 -2.0851217490E-01 -1.5994571524E+00  3.3161939782E+00  9.8425778351E-01 -4.5686955685E+00
 -2.0675721823E-01 -1.5801985890E+00  3.3003518264E+00  9.9105789590E-01 -4.6634454928E+00
 -2.0493835354E-01 -1.5614556286E+00  3.2839097556E+00  9.9703036355E-01 -4.7482232564E+00
 -2.0305976266E-01 -1.5432426940E+00  3.2668889360E+00  1.0021294789E+00 -4.8224531431E+00
 -2.0112494953E-01 -1.5255796035E+00  3.2493042930E+00  1.0063338751E+00 -4.8856782667E+00
 -1.9913764404E-01 -1.5084867207E+00  3.2311705846E+00  1.0096316869E+00 -4.9375688947E+00
 -1.9710195823E-01 -1.4919844870E+00  3.2125029906E+00  1.0120192700E+00 -4.9779277077E+00
 -1.9502251861E-01 -1.4760933623E+00  3.1933172090E+00  1.0135010377E+00 -5.0066922408E+00
 -1.9290471754E-01 -1.4608338017E+00  3.1736294937E+00  1.0140892837E+00 -5.0239345132E+00
 -1.9068431978E-01 -1.4457545516E+00  3.1527813454E+00  1.0137798583E+00 -5.0298639296E+00
</Path of -GradDelSqRho>
<Path of -GradDelSqRho>
Starting CP# =      7
Ending CP# =      1
Number of Points =      7
 -1.5817617771E-01 -1.8959885235E+00  2.9579657855E+00  2.2671780359E+01  1.2447156958E+03
 -1.5510802998E-01 -1.9061752393E+00  2.9353424168E+00  3.2977450763E+01  9.8451407138E+02
 -1.5203745985E-01 -1.9163090364E+00  2.9126956151E+00  4.8346389017E+01 -8.4354814131E+02
 -1.4896583423E-01 -1.9264196505E+00  2.8900385946E+00  7.1184648544E+01 -6.5359456882E+03
 -1.4589341446E-01 -1.9365127280E+00  2.8673738656E+00  1.0510847012E+02 -2.1185857545E+04
 -1.4281971659E-01 -1.9465773850E+00  2.8446966739E+00  1.5600106481E+02 -7.7162094208E+04
 -1.3754853866E-01 -1.9637860225E+00  2.8058019858E+00  2.9726253212E+02 -3.3289462337E+06
</Path of -GradDelSqRho>
<Path of -GradDelSqRho>
Starting CP# =     14
Ending CP# =     19
Number of Points =     33
  3.0886483298E-01 -1.9810620291E+00  3.3390172557E+00  7.7365681068E-01 -2.5384655899E+00
  2.9721168867E-01 -1.9612206297E+00  3.3454283544E+00  7.7839619022E-01 -2.5425265261E+00
