 AIMInt (Version 19.02.13, Professional)
 Portions Copyright (c) 1997-2019 by Todd A. Keith
 AIMInt is a component of the AIMAll package ( http://aim.tkgristmill.com )

 TP:  64-bit Linux

 Licensed To:  Research Group of Fernando Cortes Guzman, UNAM, fercor@unam.mx

 AIMInt is a heavily modified and extended version of the PROAIMV program
 developed by members of R.F.W. Bader's research group

 Much of the Quantum Theory of Atoms in Molecules (QTAIM) is described in the book:
   "Atoms in Molecules - A Quantum Theory"
   R.F.W. Bader, Oxford University Press, Oxford, 1990

 For additional references see:  http://aim.tkgristmill.com/references.html

 Current Directory:  /home/scratch/M_H2O_4_tetraedrico/Opt

 Inp File:  Ti3_tetraedrico_cc-pvtz-def2-tzv_1_atomicfiles/o2.inp
 Wfx File:  Ti3_tetraedrico_cc-pvtz-def2-tzv_1.wfx
 Out File:  Ti3_tetraedrico_cc-pvtz-def2-tzv_1_atomicfiles/o2.int

 Wfx Title:   Ti3_tetraedrico_cc-pvtz-def2-tzv_1                                            
 Job Title:   Ti3_tetraedrico_cc-pvtz-def2-tzv_1                                            
 
<Atom>
O2      
</Atom>
<Nuclei of Molecule>
    13
Ti1       22.0           7.0701516836E-06   2.8783692891E-05  -1.9862545629E-05
O2         8.0           1.4792148201E+00   2.6715304340E+00   2.1621614851E+00
H3         1.0           3.2093166342E+00   2.6993700930E+00   2.8940246752E+00
O4         8.0           2.6729002037E+00  -1.4770138087E+00  -2.1619616874E+00
H5         1.0           2.7000796414E+00  -3.2066475862E+00  -2.8947942503E+00
O6         8.0          -1.4784285172E+00  -2.6750283548E+00   2.1582901921E+00
H7         1.0          -3.2086561307E+00  -2.7040016814E+00   2.8897268143E+00
O8         8.0          -2.6736592465E+00   1.4806274500E+00  -2.1585704793E+00
H9         1.0          -2.7000938481E+00   3.2102307773E+00  -2.8916487633E+00
H10        1.0          -5.7963069464E-01  -4.1435076055E+00   2.9101964034E+00
H11        1.0          -4.1437515188E+00   5.8347787679E-01  -2.9093105595E+00
H12        1.0           4.1420411386E+00  -5.7916187764E-01  -2.9136281491E+00
H13        1.0           5.8032115353E-01   4.1386809978E+00   2.9165147216E+00
</Nuclei of Molecule>
<Total Number of CPs of DelSqRho>
    38
</Total Number of CPs of DelSqRho>
<Number of (3,+3) CPs of DelSqRho>
     5
</Number of (3,+3) CPs of DelSqRho>
<Number of (3,+1) CPs of DelSqRho>
    14
</Number of (3,+1) CPs of DelSqRho>
<Number of (3,-1) CPs of DelSqRho>
    13
</Number of (3,-1) CPs of DelSqRho>
<Number of (3,-3) CPs of DelSqRho>
     6
</Number of (3,-3) CPs of DelSqRho>
<Number of Degenerate CPs of DelSqRho>
     0
</Number of Degenerate CPs of DelSqRho>
<CP of DelSqRho>
CP# = 1       
Type = (3,+3)
Coords =  1.47921491073103E+00  2.67153059614842E+00  2.16216169299813E+00
DistFromNuc =  2.7879065622E-07
Rho =  2.9724197304E+02
DelSqRho = -3.3285994153E+06
GradDelSqRho =  1.3308375856E-05 -2.5222683689E-05 -1.9096609321E-05
HessDelSqRho_EigVals =  1.3237034730E+11  1.3237036569E+11  1.3237037268E+11
HessDelSqRho_EigVec1 = -2.9369661684E-01 -5.4866664020E-01  7.8275616586E-01
HessDelSqRho_EigVec2 =  3.8005706156E-01  6.8433956682E-01  6.2228288362E-01
HessDelSqRho_EigVec3 =  8.7709687448E-01 -4.8025438595E-01 -7.5364155036E-03
</CP of DelSqRho>
<CP of DelSqRho>
CP# = 2       
Type = (3,-1)
Coords =  8.72328558666046E-01  1.57151192127245E+00  1.15014226828955E+00
DistFromNuc =  1.6132372913E+00
Rho =  1.1743214871E-01
DelSqRho =  2.8724383679E-01
GradDelSqRho = -2.0358714714E-14 -6.0418683945E-14 -1.2698175844E-14
HessDelSqRho_EigVals = -3.5641180430E-01 -1.1688384982E-01  3.5983875548E+00
HessDelSqRho_EigVec1 = -2.7872498678E-01 -5.1672257929E-01  8.0951229626E-01
HessDelSqRho_EigVec2 =  8.7658587541E-01 -4.8121576239E-01 -5.3472484882E-03
HessDelSqRho_EigVec3 =  3.9231312084E-01  7.0811663310E-01  5.8707857152E-01
</CP of DelSqRho>
<CP of DelSqRho>
CP# = 3       
Type = (3,+1)
Coords =  1.54580986557292E+00  2.79464375860402E+00  2.06892868676761E+00
DistFromNuc =  1.6817890904E-01
Rho =  2.2580019843E+01
DelSqRho =  1.2410273424E+03
GradDelSqRho = -3.1405988921E-12 -1.5347723092E-11  1.1937117961E-11
HessDelSqRho_EigVals = -4.1691679528E+05  1.8228300708E+03  2.8099879176E+03
HessDelSqRho_EigVec1 =  3.9482587072E-01  7.2999079244E-01 -5.5787630776E-01
HessDelSqRho_EigVec2 =  2.7324306051E-01  4.8643507240E-01  8.2989104720E-01
HessDelSqRho_EigVec3 =  8.7718342534E-01 -4.8009828504E-01 -7.4077672620E-03
</CP of DelSqRho>
<CP of DelSqRho>
CP# = 4       
Type = (3,-1)
Coords =  1.54739615721245E+00  2.79463745051288E+00  2.25516559908768E+00
DistFromNuc =  1.6868253454E-01
Rho =  2.2363039459E+01
DelSqRho =  1.2529962260E+03
GradDelSqRho =  1.5774048734E-12  6.1675109464E-12  5.5422333389E-12
HessDelSqRho_EigVals = -4.0902046325E+05 -1.4795672740E+03  1.3115298328E+03
HessDelSqRho_EigVec1 =  4.0447745039E-01  7.3033924988E-01  5.5045669422E-01
HessDelSqRho_EigVec2 = -2.5880029576E-01 -4.8588216149E-01  8.3482988211E-01
HessDelSqRho_EigVec3 =  8.7716611827E-01 -4.8012821749E-01 -7.5163639910E-03
</CP of DelSqRho>
<CP of DelSqRho>
CP# = 5       
Type = (3,-3)
Coords =  1.33726872069562E+00  2.63969598279889E+00  2.07969499323173E+00
DistFromNuc =  1.6722096073E-01
Rho =  2.2660895352E+01
DelSqRho =  1.2907686771E+03
GradDelSqRho = -3.6379788071E-12  3.6664005165E-12 -6.6506800067E-12
HessDelSqRho_EigVals = -4.4468543719E+05 -3.1146040232E+03 -4.5966646543E+02
HessDelSqRho_EigVec1 =  8.4749596951E-01  1.9228897814E-01  4.9474794649E-01
HessDelSqRho_EigVec2 = -3.2134491114E-01 -5.5599758866E-01  7.6655340942E-01
HessDelSqRho_EigVec3 = -4.2247843703E-01  8.0863565979E-01  4.0941463085E-01
</CP of DelSqRho>
<CP of DelSqRho>
CP# = 6       
Type = (3,-1)
Coords =  1.41753805869523E+00  2.56026753685229E+00  2.05389230127284E+00
DistFromNuc =  1.6704990676E-01
Rho =  2.2722768536E+01
DelSqRho =  1.2898707740E+03
GradDelSqRho =  2.0747847884E-12 -1.1937117961E-12 -7.3328010330E-12
HessDelSqRho_EigVals = -4.4843124442E+05 -2.8834081192E+03  2.7078099161E+02
HessDelSqRho_EigVec1 =  3.6904896875E-01  6.6573285745E-01  6.4853883552E-01
HessDelSqRho_EigVec2 = -3.0636894042E-01 -5.7165533214E-01  7.6114929782E-01
HessDelSqRho_EigVec3 =  8.7746278041E-01 -4.7959351929E-01 -7.0089406648E-03
</CP of DelSqRho>
<CP of DelSqRho>
CP# = 7       
Type = (3,+1)
Coords =  1.45044735700584E+00  2.61651333663313E+00  2.31874730923545E+00
DistFromNuc =  1.6844455547E-01
Rho =  2.2523340099E+01
DelSqRho =  1.2347435550E+03
GradDelSqRho =  2.9132252166E-12 -6.3806737671E-12 -2.5295321393E-12
HessDelSqRho_EigVals = -4.1068640391E+05  2.0948441657E+03  3.0347959909E+03
HessDelSqRho_EigVec1 = -1.7250681315E-01 -3.2974394563E-01  9.2817580756E-01
HessDelSqRho_EigVec2 =  4.4806337041E-01  8.1289976480E-01  3.7206610769E-01
HessDelSqRho_EigVec3 =  8.7720044204E-01 -4.8006551918E-01 -7.5154358102E-03
</CP of DelSqRho>
<CP of DelSqRho>
CP# = 8       
Type = (3,-3)
Coords =  1.52772702325317E+00  2.53539918964669E+00  2.07803239402441E+00
DistFromNuc =  1.6722097209E-01
Rho =  2.2660926405E+01
DelSqRho =  1.2907616343E+03
GradDelSqRho =  1.4303225271E-11 -5.5194959714E-11 -2.5977442419E-11
HessDelSqRho_EigVals = -4.4468421221E+05 -3.1140584976E+03 -4.5841255380E+02
HessDelSqRho_EigVec1 = -2.8774228923E-01  8.1395619323E-01  5.0465799358E-01
HessDelSqRho_EigVec2 = -2.8508565163E-01 -5.7585285393E-01  7.6623734042E-01
HessDelSqRho_EigVec3 =  9.1429237458E-01  7.6608133477E-02  3.9774445020E-01
</CP of DelSqRho>
<CP of DelSqRho>
CP# = 9       
Type = (3,-1)
Coords =  1.95955243121991E+00  2.17185703838693E+00  1.99692308045201E+00
DistFromNuc =  7.1253172090E-01
Rho =  6.8316456096E-01
DelSqRho = -1.1161599832E+00
GradDelSqRho = -8.8817841970E-16 -1.8207657604E-14 -2.3314683517E-15
HessDelSqRho_EigVals = -1.5261609729E+01 -1.1292265763E+01  1.4756518761E+02
HessDelSqRho_EigVec1 =  6.8120028963E-01  4.2560968064E-01  5.9566984576E-01
HessDelSqRho_EigVec2 = -3.1768130626E-01 -5.6120625222E-01  7.6428144693E-01
HessDelSqRho_EigVec3 = -6.5957922425E-01  7.0986191771E-01  2.4708562225E-01
</CP of DelSqRho>
<CP of DelSqRho>
CP# = 10      
Type = (3,-1)
Coords =  7.97355568110766E-01  2.80808740729104E+00  2.00684635342539E+00
DistFromNuc =  7.1253255128E-01
Rho =  6.8315612530E-01
DelSqRho = -1.1161713651E+00
GradDelSqRho =  8.8817841970E-16  8.4376949872E-15  9.6589403142E-15
HessDelSqRho_EigVals = -1.5262121164E+01 -1.1288505060E+01  1.4756174447E+02
HessDelSqRho_EigVec1 = -3.3767997584E-04  7.9945654909E-01  6.0072382347E-01
HessDelSqRho_EigVec2 = -2.9156797606E-01 -5.7470118172E-01  7.6466114525E-01
HessDelSqRho_EigVec3 =  9.5655005165E-01 -1.7489361862E-01  2.3328999305E-01
</CP of DelSqRho>
<CP of DelSqRho>
CP# = 11      
Type = (3,-1)
Coords =  1.75484695237528E+00  3.16804802799747E+00  2.60301357328536E+00
DistFromNuc =  7.1892514014E-01
Rho =  6.8181485637E-01
DelSqRho = -1.1598347127E+00
GradDelSqRho =  9.7699626167E-15 -2.6645352591E-15  2.6645352591E-15
HessDelSqRho_EigVals = -1.8927739319E+01 -4.7665335031E+00  1.4062723616E+02
HessDelSqRho_EigVec1 =  8.7707073907E-01 -4.8030430672E-01 -7.3953780662E-03
HessDelSqRho_EigVec2 = -2.8773790169E-01 -5.3763373974E-01  7.9256347495E-01
HessDelSqRho_EigVec3 =  3.8464765513E-01  6.9300630217E-01  6.0974457485E-01
</CP of DelSqRho>
<CP of DelSqRho>
CP# = 12      
Type = (3,+3)
Coords =  1.56143516177431E+00  2.83124591407187E+00  1.54697232554028E+00
DistFromNuc =  6.4087980243E-01
Rho =  9.4236383938E-01
DelSqRho = -4.2539273601E+00
GradDelSqRho =  6.6613381478E-15  7.1054273576E-15 -9.2370555649E-14
HessDelSqRho_EigVals =  1.0086400198E+01  2.0951578823E+01  3.2372834067E+02
HessDelSqRho_EigVec1 =  4.5969702792E-01  8.3538214228E-01  3.0135580114E-01
HessDelSqRho_EigVec2 =  8.7721293009E-01 -4.8004441034E-01 -7.4053623688E-03
HessDelSqRho_EigVec3 = -1.3847786038E-01 -2.6775742839E-01  9.5348300547E-01
</CP of DelSqRho>
<CP of DelSqRho>
CP# = 13      
Type = (3,+1)
Coords =  1.83623551874593E+00  2.39005825066212E+00  2.67676462957297E+00
DistFromNuc =  6.8666350243E-01
Rho =  7.8836056987E-01
DelSqRho = -2.5587815191E+00
GradDelSqRho =  1.5099033135E-14  8.7929663550E-14 -1.1191048088E-13
HessDelSqRho_EigVals = -1.1959607329E+01  1.2188688588E+01  1.9271383600E+02
HessDelSqRho_EigVec1 =  8.5084809941E-01  4.8161643198E-01 -2.1000743839E-01
HessDelSqRho_EigVec2 = -2.8004521041E-01  7.5389428844E-01  5.9432153081E-01
HessDelSqRho_EigVec3 =  4.4455842345E-01 -4.4686576765E-01  7.7632389750E-01
</CP of DelSqRho>
<CP of DelSqRho>
CP# = 14      
Type = (3,+1)
Coords =  1.30038673464053E+00  3.32068836156358E+00  2.02180437584268E+00
DistFromNuc =  6.8781219614E-01
Rho =  7.8602293952E-01
DelSqRho = -2.5658115205E+00
GradDelSqRho =  2.8421709430E-14 -9.7699626167E-14  5.4845017416E-14
HessDelSqRho_EigVals = -1.2652236223E+01  1.2718686504E+01  1.9253517366E+02
HessDelSqRho_EigVec1 = -4.5879755673E-01  1.5943413765E-01  8.7411987604E-01
HessDelSqRho_EigVec2 = -8.6256809169E-01 -3.1603672851E-01 -3.9509122167E-01
HessDelSqRho_EigVec3 = -2.1326295773E-01  9.3525480057E-01 -2.8251967874E-01
</CP of DelSqRho>
<CP of DelSqRho>
CP# = 15      
Type = (3,+1)
Coords =  1.05657385939834E+00  2.81682495326677E+00  2.68346921880157E+00
DistFromNuc =  6.8665685190E-01
Rho =  7.8834582718E-01
DelSqRho = -2.5582001976E+00
GradDelSqRho =  5.3290705182E-15 -1.3322676296E-14 -1.7763568394E-14
HessDelSqRho_EigVals = -1.1967281841E+01  1.2181690952E+01  1.9271925071E+02
HessDelSqRho_EigVec1 = -5.5534765800E-02  9.7776772932E-01 -2.0220325734E-01
HessDelSqRho_EigVec2 =  7.9377876015E-01  1.6608209874E-01  5.8509145988E-01
HessDelSqRho_EigVec3 = -6.0566588952E-01  1.2801173371E-01  7.8535458635E-01
</CP of DelSqRho>
<CP of DelSqRho>
CP# = 16      
Type = (3,+3)
Coords =  1.19815065699244E+00  2.15384539094625E+00  2.43174184613007E+00
DistFromNuc =  6.4781821423E-01
Rho =  9.1686780174E-01
DelSqRho = -4.0055766575E+00
GradDelSqRho = -7.1054273576E-15 -7.1054273576E-15  1.7763568394E-15
HessDelSqRho_EigVals =  7.9036656253E+00  1.9612334981E+01  2.9414859640E+02
HessDelSqRho_EigVec1 =  2.1804132108E-01  3.8375935939E-01  8.9732198033E-01
HessDelSqRho_EigVec2 =  8.7710124592E-01 -4.8024314194E-01 -7.7413838427E-03
HessDelSqRho_EigVec3 =  4.2796189866E-01  7.8873016850E-01 -4.4130866136E-01
</CP of DelSqRho>
<CP of DelSqRho>
CP# = 17      
Type = (3,+1)
Coords =  1.22338723892828E+00  2.21071050450438E+00  1.74607879706221E+00
DistFromNuc =  6.7151140125E-01
Rho =  8.4226650348E-01
DelSqRho = -3.3316957237E+00
GradDelSqRho =  7.9936057773E-15 -1.0658141036E-14  2.1316282073E-14
HessDelSqRho_EigVals = -6.0149639695E+00  1.7740320997E+01  2.3314989307E+02
HessDelSqRho_EigVec1 = -2.9421242897E-01 -5.4946651939E-01  7.8200101707E-01
HessDelSqRho_EigVec2 =  8.7711545064E-01 -4.8022216677E-01 -7.4267618129E-03
HessDelSqRho_EigVec3 =  3.7961497980E-01  6.8372012886E-01  6.2323290390E-01
</CP of DelSqRho>
<CP of DelSqRho>
CP# = 18      
Type = (3,+1)
Coords =  2.12060400357944E+00  2.87162163983541E+00  2.01483978934619E+00
DistFromNuc =  6.8783737709E-01
Rho =  7.8594517717E-01
DelSqRho = -2.5650597050E+00
GradDelSqRho =  1.9539925233E-14  3.3306690739E-15 -7.7715611724E-15
HessDelSqRho_EigVals = -1.2656548128E+01  1.2712463647E+01  1.9249029627E+02
HessDelSqRho_EigVec1 =  3.9285433705E-01 -3.0687330837E-01  8.6688767581E-01
HessDelSqRho_EigVec2 = -1.9321764678E-01  8.9409081741E-01  4.0406503337E-01
HessDelSqRho_EigVec3 =  8.9907308426E-01  3.2623669755E-01 -2.9195411683E-01
</CP of DelSqRho>
<CP of DelSqRho>
CP# = 19      
Type = (3,+3)
Coords =  2.14429881796482E+00  2.66719880751055E+00  2.43792528040531E+00
DistFromNuc =  7.2000080415E-01
Rho =  7.5964785197E-01
DelSqRho = -3.1232724013E+00
GradDelSqRho =  4.0856207306E-14 -7.3274719625E-15  1.1102230246E-14
HessDelSqRho_EigVals =  1.1743896751E+01  2.2728698762E+01  1.4369907576E+02
HessDelSqRho_EigVec1 = -3.2461726397E-01 -5.5264651823E-01  7.6759719764E-01
HessDelSqRho_EigVec2 = -1.9923765902E-01  8.3329019797E-01  5.1568575818E-01
HessDelSqRho_EigVec3 =  9.2462315954E-01 -1.4466231161E-02  3.8060838271E-01
</CP of DelSqRho>
<CP of DelSqRho>
CP# = 20      
Type = (3,+3)
Coords =  1.12097211489977E+00  3.22756773862914E+00  2.44653855333852E+00
DistFromNuc =  7.1999002557E-01
Rho =  7.5968386803E-01
DelSqRho = -3.1236919455E+00
GradDelSqRho =  1.2434497876E-14 -2.1316282073E-14 -8.2156503822E-15
HessDelSqRho_EigVals =  1.1747559336E+01  2.2731975085E+01  1.4371055909E+02
HessDelSqRho_EigVec1 =  2.8065924097E-01  5.7644800142E-01 -7.6742302032E-01
HessDelSqRho_EigVec2 =  8.1611077296E-01  2.7750045492E-01  5.0690896991E-01
HessDelSqRho_EigVec3 = -5.0516689986E-01  7.6857088104E-01  3.9256235697E-01
</CP of DelSqRho>
<CP of DelSqRho>
CP# = 21      
Type = (3,-3)
Coords =  3.91951629116988E-01  2.90833775247027E+00  1.89184369129156E+00
DistFromNuc =  1.1451160038E+00
Rho =  2.4620424466E-01
DelSqRho =  8.2712077442E-01
GradDelSqRho =  4.8478443482E-12 -6.9499961342E-14  9.0071006209E-13
HessDelSqRho_EigVals = -1.7546862954E+01 -1.7543216688E+00 -4.7727088053E-01
HessDelSqRho_EigVec1 =  9.5015699572E-01 -1.7406143998E-01  2.5865865266E-01
HessDelSqRho_EigVec2 = -1.6573038088E-02  8.0026931346E-01  5.9941167852E-01
HessDelSqRho_EigVec3 = -3.1133104229E-01 -5.7382195936E-01  7.5749675977E-01
</CP of DelSqRho>
<CP of DelSqRho>
CP# = 22      
Type = (3,+1)
Coords =  9.17771201641957E-01  3.57619341250163E+00  2.62597378031225E+00
DistFromNuc =  1.1613594993E+00
Rho =  4.0552816294E-01
DelSqRho = -9.1950387296E-01
GradDelSqRho = -9.0609464376E-13  1.3862244685E-12  7.5905948194E-13
HessDelSqRho_EigVals = -2.9715061307E+01  1.4114645004E+01  1.4790085818E+01
HessDelSqRho_EigVec1 = -4.7573930670E-01  7.8192851642E-01  4.0281497896E-01
HessDelSqRho_EigVec2 = -3.0251464933E-01 -5.7547612446E-01  7.5981057976E-01
HessDelSqRho_EigVec3 =  8.2592796236E-01  2.3961432633E-01  5.1032144342E-01
</CP of DelSqRho>
<CP of DelSqRho>
CP# = 23      
Type = (3,+1)
Coords =  9.31761950651532E-01  1.67978577581633E+00  1.66549157639484E+00
DistFromNuc =  1.2369086909E+00
Rho =  2.4457286142E-01
DelSqRho =  4.2639885614E-01
GradDelSqRho =  4.7184478547E-15  1.0449974219E-14  3.1363800446E-15
HessDelSqRho_EigVals = -1.1019294842E+01  2.4250968572E-01  8.3154841583E-01
HessDelSqRho_EigVec1 =  4.4348291797E-01  8.0335494327E-01  3.9742135901E-01
HessDelSqRho_EigVec2 = -1.8491965834E-01 -3.5185865693E-01  9.1760569174E-01
HessDelSqRho_EigVec3 =  8.7699921404E-01 -4.8043347164E-01 -7.4871822492E-03
</CP of DelSqRho>
<CP of DelSqRho>
CP# = 24      
Type = (3,-3)
Coords =  1.72184876065278E+00  3.09830031410145E+00  3.21864507907020E+00
DistFromNuc =  1.1649726795E+00
Rho =  2.4681793586E-01
DelSqRho =  8.5045361806E-01
GradDelSqRho =  6.1062266354E-16  1.1379786002E-15  2.1094237468E-15
HessDelSqRho_EigVals = -1.7635850034E+01 -2.5720344713E+00 -1.6230374442E-01
HessDelSqRho_EigVec1 =  2.0693921448E-01  3.6385924677E-01  9.0817542912E-01
HessDelSqRho_EigVec2 =  8.7704060376E-01 -4.8035942383E-01 -7.3894043635E-03
HessDelSqRho_EigVec3 =  4.3356192276E-01  7.9803588421E-01 -4.1852453530E-01
</CP of DelSqRho>
<CP of DelSqRho>
CP# = 25      
Type = (3,-1)
Coords =  1.88578584625708E+00  3.40144720789369E+00  2.97508865016900E+00
DistFromNuc =  1.1657311319E+00
Rho =  2.4986949852E-01
DelSqRho =  8.4583062450E-01
GradDelSqRho = -4.3576253717E-14 -7.8770323597E-14 -7.7965411904E-14
HessDelSqRho_EigVals = -1.6671387969E+01 -3.9010065046E+00  1.2577447105E-01
HessDelSqRho_EigVec1 =  3.4951738408E-01  6.2752889579E-01  6.9573348574E-01
HessDelSqRho_EigVec2 =  8.7709931456E-01 -4.8025112649E-01 -7.4597514760E-03
HessDelSqRho_EigVec3 = -3.2944558066E-01 -6.1283467628E-01  7.1826128180E-01
</CP of DelSqRho>
<CP of DelSqRho>
CP# = 26      
Type = (3,-1)
Coords =  5.66453148532042E-01  2.55456716130074E+00  2.91284169791675E+00
DistFromNuc =  1.1875752853E+00
Rho =  2.4270046229E-01
DelSqRho =  7.1984271601E-01
GradDelSqRho = -2.3731017151E-15 -2.2030988145E-16  2.3037127761E-15
HessDelSqRho_EigVals = -1.6986031156E+01 -1.3654165526E+00  3.0752309329E-01
HessDelSqRho_EigVec1 =  7.7434125365E-01  1.2197363405E-01 -6.2090100297E-01
HessDelSqRho_EigVec2 = -5.0353954007E-02  9.9001171028E-01  1.3168634258E-01
HessDelSqRho_EigVec3 =  6.3076152562E-01 -7.0705347059E-02  7.7274876363E-01
</CP of DelSqRho>
<CP of DelSqRho>
CP# = 27      
Type = (3,-3)
Coords =  2.01837189620062E+00  3.65130850795063E+00  2.47789146011911E+00
DistFromNuc =  1.1620416705E+00
Rho =  2.4629635378E-01
DelSqRho =  8.5660638868E-01
GradDelSqRho = -1.5265566589E-15 -3.0808688933E-15 -1.4432899320E-15
HessDelSqRho_EigVals = -1.7683925039E+01 -2.4856164844E+00 -2.1459371352E-01
HessDelSqRho_EigVec1 =  4.6451926907E-01  8.4420619126E-01  2.6746542822E-01
HessDelSqRho_EigVec2 =  8.7709278786E-01 -4.8026364077E-01 -7.4213768855E-03
HessDelSqRho_EigVec3 = -1.2218874802E-01 -2.3803937066E-01  9.6353887720E-01
</CP of DelSqRho>
<CP of DelSqRho>
CP# = 28      
Type = (3,+1)
Coords =  2.54984016357963E+00  2.68264427693531E+00  2.61204282351813E+00
DistFromNuc =  1.1613592735E+00
Rho =  4.0551555525E-01
DelSqRho = -9.1936645030E-01
GradDelSqRho = -1.8735013541E-15  1.3877787808E-16 -1.4432899320E-15
HessDelSqRho_EigVals = -2.9712425520E+01  1.4112757645E+01  1.4788918769E+01
HessDelSqRho_EigVec1 =  9.2028485492E-01  1.7650047942E-02  3.9085068966E-01
HessDelSqRho_EigVec2 = -3.1178005037E-01 -5.7043398873E-01  7.5986726781E-01
HessDelSqRho_EigVec3 = -2.3636621160E-01  8.2115378603E-01  5.1945882772E-01
</CP of DelSqRho>
<CP of DelSqRho>
CP# = 29      
Type = (3,-1)
Coords =  1.13559013539013E+00  3.60749056029634E+00  1.51819012489461E+00
DistFromNuc =  1.1869281337E+00
Rho =  2.4207112734E-01
DelSqRho =  7.2847384147E-01
GradDelSqRho =  2.5129204273E-13 -4.6876391657E-13  4.0911718457E-13
HessDelSqRho_EigVals = -1.7264764555E+01 -1.2342281084E+00  2.8039354596E-01
HessDelSqRho_EigVec1 = -2.9084625441E-01  7.7397939693E-01 -5.6246275381E-01
HessDelSqRho_EigVec2 = -3.3574525155E-01  4.6792858373E-01  8.1750716608E-01
HessDelSqRho_EigVec3 =  8.9592610318E-01  4.2661309597E-01  1.2376463141E-01
</CP of DelSqRho>
<CP of DelSqRho>
CP# = 30      
Type = (3,-1)
Coords =  2.44450077031510E+00  2.89054863836810E+00  1.50712296722740E+00
DistFromNuc =  1.1869378245E+00
Rho =  2.4207144802E-01
DelSqRho =  7.2836387561E-01
GradDelSqRho = -4.3562653484E-12 -5.9157938964E-12  2.7628802024E-12
HessDelSqRho_EigVals = -1.7260757761E+01 -1.2352465334E+00  2.8087389196E-01
HessDelSqRho_EigVec1 =  8.0143857201E-01  1.7566600530E-01 -5.7169718372E-01
HessDelSqRho_EigVec2 =  5.8561736305E-01 -3.6392735526E-02  8.0977025933E-01
HessDelSqRho_EigVec3 = -1.2144348226E-01  9.8377691749E-01  1.3203960480E-01
</CP of DelSqRho>
<CP of DelSqRho>
CP# = 31      
Type = (3,-1)
Coords =  1.88198921736108E+00  1.83442308883632E+00  2.90206779898266E+00
DistFromNuc =  1.1876183208E+00
Rho =  2.4270258277E-01
DelSqRho =  7.1964418505E-01
GradDelSqRho = -1.9220736114E-15  2.2204460493E-15 -1.2351231149E-15
HessDelSqRho_EigVals = -1.6983507914E+01 -1.3638108890E+00  3.0822979691E-01
HessDelSqRho_EigVec1 = -3.2229379364E-01  7.2225734968E-01 -6.1194038223E-01
HessDelSqRho_EigVec2 =  8.6291782655E-01  4.8994678049E-01  1.2379409079E-01
HessDelSqRho_EigVec3 = -3.8922941205E-01  4.8815619746E-01  7.8115554896E-01
</CP of DelSqRho>
<CP of DelSqRho>
CP# = 32      
Type = (3,-3)
Coords =  2.26071168532610E+00  1.88491089538848E+00  1.87619462873710E+00
DistFromNuc =  1.1451133969E+00
Rho =  2.4621156916E-01
DelSqRho =  8.2719018481E-01
GradDelSqRho =  2.5535129566E-15 -2.2759572005E-15 -7.9103390505E-16
HessDelSqRho_EigVals = -1.7547545576E+01 -1.7544454390E+00 -4.7826177551E-01
HessDelSqRho_EigVec1 = -6.5497754633E-01  7.0494681959E-01  2.7212937245E-01
HessDelSqRho_EigVec2 =  6.9090096839E-01  4.1282240476E-01  5.9349264024E-01
HessDelSqRho_EigVec3 = -3.0603964724E-01 -5.7673880022E-01  7.5743784605E-01
</CP of DelSqRho>
<CP of DelSqRho>
CP# = 33      
Type = (3,-1)
Coords =  3.43090092218130E+00  2.16561060703773E+00  2.26327915306645E+00
DistFromNuc =  2.0187268996E+00
Rho =  7.1638008944E-02
DelSqRho =  1.8564008484E-01
GradDelSqRho = -5.9396931817E-15  1.4641066137E-15  1.7902346272E-15
HessDelSqRho_EigVals = -2.0327540530E+00 -1.1726241837E-02  5.0269585419E-01
HessDelSqRho_EigVec1 =  7.7880779472E-01 -5.0751120083E-01 -3.6863369340E-01
HessDelSqRho_EigVec2 =  2.1646725300E-01  7.6903770107E-01 -6.0143407179E-01
HessDelSqRho_EigVec3 =  5.8872773610E-01  3.8860442014E-01  7.0879211154E-01
</CP of DelSqRho>
<CP of DelSqRho>
CP# = 34      
Type = (3,+1)
Coords =  6.79033278158019E-01  4.50876224049902E+00  2.12434564517027E+00
DistFromNuc =  2.0042807310E+00
Rho =  7.1189967829E-02
DelSqRho =  1.8378026490E-01
GradDelSqRho =  8.4918877485E-13 -1.8081751374E-12  5.5887586226E-13
HessDelSqRho_EigVals = -1.7640995796E+00  1.4407685764E-02  5.7577701642E-01
HessDelSqRho_EigVec1 = -2.1826314378E-01  8.5596979563E-01 -4.6869703331E-01
HessDelSqRho_EigVec2 =  8.8404767623E-01  3.7683017165E-01  2.7651171383E-01
HessDelSqRho_EigVec3 =  4.1330485869E-01 -3.5399820720E-01 -8.3896624669E-01
</CP of DelSqRho>
<CP of DelSqRho>
CP# = 35      
Type = (3,+1)
Coords =  2.93856001179484E+00  2.00924261935269E+00  3.37670145885132E+00
DistFromNuc =  2.0108259213E+00
Rho =  7.0853718323E-02
DelSqRho =  1.8023889912E-01
GradDelSqRho = -1.3675276189E-12  4.7681216614E-13 -1.9366244719E-12
HessDelSqRho_EigVals = -1.7050410519E+00  1.8864788317E-02  5.7678491109E-01
HessDelSqRho_EigVec1 =  3.6357963702E-01 -6.1602760701E-01  6.9879885157E-01
HessDelSqRho_EigVec2 = -3.3402915042E-01  6.1404397784E-01  7.1510455177E-01
HessDelSqRho_EigVec3 =  8.6961737231E-01  4.9341664006E-01 -1.7482708374E-02
</CP of DelSqRho>
<CP of DelSqRho>
CP# = 36      
Type = (3,-1)
Coords =  2.65267264436595E-03  4.04196079408680E+00  2.29296836319718E+00
DistFromNuc =  2.0187683340E+00
Rho =  7.1634370379E-02
DelSqRho =  1.8561203835E-01
GradDelSqRho =  8.8679064092E-14 -4.6553039201E-14  2.1302404285E-14
HessDelSqRho_EigVals = -2.0324576987E+00 -1.1623577859E-02  5.0272905630E-01
HessDelSqRho_EigVec1 =  8.5224901924E-01 -3.8495105473E-01  3.5423762458E-01
HessDelSqRho_EigVec2 =  5.2276401365E-01  6.0114075438E-01 -6.0443988903E-01
HessDelSqRho_EigVec3 =  1.9733099933E-02  7.0031598503E-01  7.1356017678E-01
</CP of DelSqRho>
<CP of DelSqRho>
CP# = 37      
Type = (3,+1)
Coords =  3.45721583333588E+00  2.98866921911347E+00  2.10088685255612E+00
DistFromNuc =  2.0042004884E+00
Rho =  7.1194861310E-02
DelSqRho =  1.8379527600E-01
GradDelSqRho = -7.3101247278E-14  1.1590207960E-13 -5.2031729619E-14
HessDelSqRho_EigVals = -1.7641403398E+00  1.4459350277E-02  5.7584650693E-01
HessDelSqRho_EigVec1 =  8.3225410533E-01  2.8172735377E-01 -4.7747544680E-01
HessDelSqRho_EigVec2 = -1.5553781623E-01  9.4532055752E-01  2.8666536459E-01
HessDelSqRho_EigVec3 =  5.3212883015E-01 -1.6431293824E-01  8.3056617223E-01
</CP of DelSqRho>
<CP of DelSqRho>
CP# = 38      
Type = (3,+1)
Coords =  1.49634302171467E-01  3.53513702448740E+00  3.39888075403429E+00
DistFromNuc =  2.0107399750E+00
Rho =  7.0860393259E-02
DelSqRho =  1.8028872191E-01
GradDelSqRho =  6.4834682761E-13 -1.8825913051E-13 -3.4621784606E-13
HessDelSqRho_EigVals = -1.7059909279E+00  1.8709067387E-02  5.7674221047E-01
HessDelSqRho_EigVec1 =  7.0706360081E-01  3.1020114034E-02 -7.0646926114E-01
HessDelSqRho_EigVec2 =  7.0523563136E-01  4.2528327192E-02  7.0769629478E-01
HessDelSqRho_EigVec3 = -5.1997775654E-02  9.9861358588E-01 -8.1937424546E-03
</CP of DelSqRho>
<Path of -GradDelSqRho>
Starting CP# =      3
Ending CP# =     12
Number of Points =     36
  1.5458098656E+00  2.7946437586E+00  2.0689286868E+00  2.2580019843E+01  1.2410273424E+03
  1.5556737107E+00  2.8128814351E+00  2.0549611695E+00  1.5646126723E+01  1.1581867172E+03
  1.5655306967E+00  2.8311069150E+00  2.0409728994E+00  1.0946707448E+01  9.8718230662E+02
  1.5753858904E+00  2.8493292075E+00  2.0269792148E+00  7.7714556828E+00  7.7788187034E+02
  1.5852370910E+00  2.8675443988E+00  2.0129734797E+00  5.6343454163E+00  5.7606498373E+02
  1.5950803925E+00  2.8857455425E+00  1.9989439512E+00  4.1970154615E+00  4.1076183579E+02
  1.6049114872E+00  2.9039249760E+00  1.9848777666E+00  3.2278667520E+00  2.8724378493E+02
  1.6147259872E+00  2.9220748917E+00  1.9707619680E+00  2.5713981807E+00  1.9836547728E+02
  1.6245197452E+00  2.9401879070E+00  1.9565845063E+00  2.1238578826E+00  1.3488298750E+02
  1.6342886400E+00  2.9582566822E+00  1.9423336370E+00  1.8156865502E+00  8.9554849773E+01
  1.6440275601E+00  2.9762721103E+00  1.9279949960E+00  1.5999323409E+00  5.7454737260E+01
  1.6537288937E+00  2.9942206261E+00  1.9135474002E+00  1.4448820449E+00  3.5179176319E+01
  1.6633806524E+00  3.0120808577E+00  1.8989579413E+00  1.3292920528E+00  2.0176715947E+01
  1.6729637182E+00  3.0298187042E+00  1.8841752806E+00  1.2391536183E+00  1.0425417885E+01
  1.6824469470E+00  3.0473785687E+00  1.8691185385E+00  1.1654113360E+00  4.3264116153E+00
  1.6917773049E+00  3.0646656683E+00  1.8536567268E+00  1.1023408677E+00  6.6479753182E-01
  1.7008572674E+00  3.0815054193E+00  1.8375667007E+00  1.0464296894E+00 -1.4343203350E+00
  1.7094822282E+00  3.0975306722E+00  1.8204345313E+00  9.9569264094E-01 -2.5677523486E+00
  1.7171089210E+00  3.1117629883E+00  1.8013854484E+00  9.4961196205E-01 -3.1243968454E+00
  1.7216519513E+00  3.1204212038E+00  1.7786493970E+00  9.1203731532E-01 -3.3576575738E+00
  1.7183038073E+00  3.1146778863E+00  1.7550932198E+00  8.9899605193E-01 -3.4654411283E+00
  1.7105563459E+00  3.1008295633E+00  1.7358178731E+00  9.0245690799E-01 -3.5566824668E+00
  1.7019286375E+00  3.0853456421E+00  1.7181921734E+00  9.0848188516E-01 -3.6437687438E+00
  1.6929602381E+00  3.0692258028E+00  1.7013204721E+00  9.1444442459E-01 -3.7265544659E+00
  1.6837283202E+00  3.0526129117E+00  1.6850807917E+00  9.1995563819E-01 -3.8045511213E+00
  1.6742507436E+00  3.0355395954E+00  1.6694723984E+00  9.2494382466E-01 -3.8772945686E+00
  1.6645383708E+00  3.0180254731E+00  1.6545101164E+00  9.2938085221E-01 -3.9443656423E+00
  1.6546014041E+00  3.0000889577E+00  1.6402103784E+00  9.3324757120E-01 -4.0053974783E+00
  1.6444500687E+00  2.9817485353E+00  1.6265896790E+00  9.3653022499E-01 -4.0600810212E+00
  1.6340947025E+00  2.9630229401E+00  1.6136644207E+00  9.3922020389E-01 -4.1081694251E+00
  1.6235457904E+00  2.9439312318E+00  1.6014508812E+00  9.4131403798E-01 -4.1494813279E+00
  1.6128139895E+00  2.9244928614E+00  1.5899651881E+00  9.4281334973E-01 -4.1839029480E+00
  1.6019101472E+00  2.9047277339E+00  1.5792232913E+00  9.4372474983E-01 -4.2113889775E+00
  1.5908453079E+00  2.8846562699E+00  1.5692409354E+00  9.4405967805E-01 -4.2319622827E+00
  1.5796307030E+00  2.8642994716E+00  1.5600336300E+00  9.4383419239E-01 -4.2457124561E+00
  1.5614351618E+00  2.8312459141E+00  1.5469723255E+00  9.4236383938E-01 -4.2539273601E+00
</Path of -GradDelSqRho>
<Path of -GradDelSqRho>
Starting CP# =      3
Ending CP# =      1
Number of Points =      7
  1.5458098656E+00  2.7946437586E+00  2.0689286868E+00  2.2580019843E+01  1.2410273424E+03
  1.5359312230E+00  2.7763797734E+00  2.0828512933E+00  3.2845213669E+01  9.8565555619E+02
  1.5260401971E+00  2.7580937742E+00  2.0967361685E+00  4.8146006315E+01 -8.1436992697E+02
  1.5161437406E+00  2.7397981217E+00  2.1106044503E+00  7.0876694266E+01 -6.4512736607E+03
  1.5062432879E+00  2.7214953663E+00  2.1244605006E+00  1.0462405596E+02 -2.0870973028E+04
  1.4963362993E+00  2.7031809942E+00  2.1382965163E+00  1.5525027836E+02 -7.6112487342E+04
  1.4792149107E+00  2.6715305961E+00  2.1621616930E+00  2.9724197304E+02 -3.3285994153E+06
</Path of -GradDelSqRho>
<Path of -GradDelSqRho>
Starting CP# =      7
Ending CP# =     16
Number of Points =     38
  1.4504473570E+00  2.6165133366E+00  2.3187473092E+00  2.2523340099E+01  1.2347435550E+03
  1.4461247137E+00  2.6082516560E+00  2.3419434133E+00  1.5611195604E+01  1.1527982008E+03
  1.4417921966E+00  2.5999720719E+00  2.3651312933E+00  1.0924618469E+01  9.8281455989E+02
  1.4374571146E+00  2.5916878357E+00  2.3883170322E+00  7.7566828439E+00  7.7444862443E+02
  1.4331161309E+00  2.5833928968E+00  2.4114978394E+00  5.6233662124E+00  5.7359114857E+02
  1.4287634951E+00  2.5750768288E+00  2.4346688878E+00  4.1876392020E+00  4.0915771170E+02
  1.4243929238E+00  2.5667282379E+00  2.4578248578E+00  3.2188145147E+00  2.8632614243E+02
  1.4199980916E+00  2.5583356549E+00  2.4809603217E+00  2.5619934604E+00  1.9794525671E+02
  1.4155731235E+00  2.5498884271E+00  2.5040701367E+00  2.1138049995E+00  1.3480735801E+02
  1.4111122990E+00  2.5413761818E+00  2.5271491768E+00  1.8049218585E+00  8.9709925334E+01
  1.4066086220E+00  2.5327862346E+00  2.5501910683E+00  1.5885272098E+00  5.7756012146E+01
  1.4020517735E+00  2.5240998768E+00  2.5731863027E+00  1.4329790679E+00  3.5563377467E+01
  1.3974257239E+00  2.5152880497E+00  2.5961198737E+00  1.3170623485E+00  2.0597307821E+01
  1.3927054780E+00  2.5063054495E+00  2.6189677827E+00  1.2267681635E+00  1.0849984188E+01
  1.3878516940E+00  2.4970807868E+00  2.6416907967E+00  1.1530216871E+00  4.7343039345E+00
  1.3828007387E+00  2.4874988049E+00  2.6642218435E+00  1.0900646407E+00  1.0445734030E+00
  1.3774443549E+00  2.4773635588E+00  2.6864371526E+00  1.0343327892E+00 -1.0874317973E+00
  1.3715814637E+00  2.4663115451E+00  2.7080767595E+00  9.8374367625E-01 -2.2539125482E+00
  1.3647776430E+00  2.4535593682E+00  2.7284524432E+00  9.3747866231E-01 -2.8400834409E+00
  1.3559100495E+00  2.4370973245E+00  2.7448089924E+00  8.9770287330E-01 -3.0925998388E+00
  1.3442827175E+00  2.4158150990E+00  2.7467161815E+00  8.7918035447E-01 -3.1976079046E+00
  1.3333716143E+00  2.3960363872E+00  2.7361370209E+00  8.8087300559E-01 -3.2796441144E+00
  1.3231219753E+00  2.3775098793E+00  2.7228503964E+00  8.8614214881E-01 -3.3584589628E+00
  1.3131567395E+00  2.3595189128E+00  2.7086394059E+00  8.9151574648E-01 -3.4342080796E+00
  1.3034250569E+00  2.3419671258E+00  2.6937339724E+00  8.9652657968E-01 -3.5064909364E+00
  1.2939295676E+00  2.3248588428E+00  2.6781748530E+00  9.0109910240E-01 -3.5749137583E+00
  1.2846795935E+00  2.3082109189E+00  2.6619813808E+00  9.0520724457E-01 -3.6391118112E+00
  1.2756851428E+00  2.2920414773E+00  2.6451708829E+00  9.0883368479E-01 -3.6987556403E+00
  1.2669562645E+00  2.2763686942E+00  2.6277607083E+00  9.1196572540E-01 -3.7535557179E+00
  1.2585029968E+00  2.2612106952E+00  2.6097684692E+00  9.1459500337E-01 -3.8032663187E+00
  1.2503353683E+00  2.2465855488E+00  2.5912121252E+00  9.1671749286E-01 -3.8476886231E+00
  1.2424634020E+00  2.2325112622E+00  2.5721100541E+00  9.1833347857E-01 -3.8866730005E+00
  1.2348971177E+00  2.2190057708E+00  2.5524811206E+00  9.1944747873E-01 -3.9201204441E+00
  1.2276465352E+00  2.2060869232E+00  2.5323447401E+00  9.2006811974E-01 -3.9479831514E+00
  1.2207216779E+00  2.1937724603E+00  2.5117209414E+00  9.2020796604E-01 -3.9702642727E+00
  1.2141325796E+00  2.1820799869E+00  2.4906304262E+00  9.1988330897E-01 -3.9870168666E+00
  1.2078892970E+00  2.1710269344E+00  2.4690946275E+00  9.1911391871E-01 -3.9983421276E+00
  1.1981506570E+00  2.1538453909E+00  2.4317418461E+00  9.1686780174E-01 -4.0055766575E+00
</Path of -GradDelSqRho>
<Path of -GradDelSqRho>
Starting CP# =      7
Ending CP# =      1
Number of Points =      7
  1.4504473570E+00  2.6165133366E+00  2.3187473092E+00  2.2523340099E+01  1.2347435550E+03
  1.4547481153E+00  2.6247353375E+00  2.2955330477E+00  3.2751985092E+01  9.8348709542E+02
  1.4590302910E+00  2.6329236457E+00  2.2723034435E+00  4.7993234161E+01 -7.9296218580E+02
  1.4633042720E+00  2.6410970956E+00  2.2490670971E+00  7.0632275843E+01 -6.3832349237E+03
  1.4675723347E+00  2.6492598146E+00  2.2258258918E+00  1.0423281793E+02 -2.0616650099E+04
  1.4718306119E+00  2.6574047914E+00  2.2025766680E+00  1.5464069179E+02 -7.5256624952E+04
  1.4792149107E+00  2.6715305961E+00  2.1621616930E+00  2.9724197304E+02 -3.3285994153E+06
</Path of -GradDelSqRho>
<Path of -GradDelSqRho>
Starting CP# =     13
Ending CP# =     19
Number of Points =     20
  1.8362355187E+00  2.3900582507E+00  2.6767646296E+00  7.8836056987E-01 -2.5587815191E+00
  1.8547525925E+00  2.4007508911E+00  2.6718679507E+00  7.8514917391E-01 -2.5616347160E+00
  1.8754770377E+00  2.4132384015E+00  2.6655837850E+00  7.8180914538E-01 -2.5716800413E+00
  1.8957721211E+00  2.4260332907E+00  2.6585601246E+00  7.7880052594E-01 -2.5886060004E+00
  1.9156105225E+00  2.4391202792E+00  2.6508077084E+00  7.7610966715E-01 -2.6119156799E+00
  1.9349651668E+00  2.4524835331E+00  2.6423370308E+00  7.7371925717E-01 -2.6409862666E+00
  1.9538089500E+00  2.4661066853E+00  2.6331581255E+00  7.7160890769E-01 -2.6750757230E+00
  1.9721144334E+00  2.4799727920E+00  2.6232803542E+00  7.6975581581E-01 -2.7133329396E+00
  1.9898535065E+00  2.4940642232E+00  2.6127122060E+00  7.6813550772E-01 -2.7548113834E+00
  2.0069970252E+00  2.5083624733E+00  2.6014611083E+00  7.6672266984E-01 -2.7984861241E+00
  2.0235144346E+00  2.5228478721E+00  2.5895332509E+00  7.6549206870E-01 -2.8432739837E+00
  2.0393733981E+00  2.5374991626E+00  2.5769334197E+00  7.6441955313E-01 -2.8880564418E+00
  2.0545394681E+00  2.5522928998E+00  2.5636648403E+00  7.6348311745E-01 -2.9317048336E+00
  2.0689758662E+00  2.5672025936E+00  2.5497290239E+00  7.6266398063E-01 -2.9731072900E+00
  2.0826434868E+00  2.5821974789E+00  2.5351255899E+00  7.6194759995E-01 -3.0111967978E+00
  2.0955013122E+00  2.5972407060E+00  2.5198519965E+00  7.6132448789E-01 -3.0449796612E+00
  2.1075075385E+00  2.6122865622E+00  2.5039029812E+00  7.6079064040E-01 -3.0735635433E+00
  2.1186218786E+00  2.6272758501E+00  2.4872691814E+00  7.6034733490E-01 -3.0961841371E+00
  2.1288098532E+00  2.6421270073E+00  2.4699333995E+00  7.6000006988E-01 -3.1122293999E+00
  2.1442988180E+00  2.6671988075E+00  2.4379252804E+00  7.5964785197E-01 -3.1232724013E+00
</Path of -GradDelSqRho>
<Path of -GradDelSqRho>
Starting CP# =     13
Ending CP# =     16
Number of Points =     32
  1.8362355187E+00  2.3900582507E+00  2.6767646296E+00  7.8836056987E-01 -2.5587815191E+00
  1.8174513047E+00  2.3796357636E+00  2.6810747688E+00  7.9183038094E-01 -2.5616704676E+00
  1.7956903999E+00  2.3680693752E+00  2.6852714623E+00  7.9611398082E-01 -2.5720837885E+00
  1.7736080818E+00  2.3568616690E+00  2.6886903553E+00  8.0073946296E-01 -2.5900960515E+00
  1.7512352049E+00  2.3460240018E+00  2.6913227322E+00  8.0569716729E-01 -2.6156065574E+00
  1.7286035987E+00  2.3355663950E+00  2.6931608771E+00  8.1097169219E-01 -2.6484034722E+00
  1.7057460418E+00  2.3254973388E+00  2.6941982170E+00  8.1654177212E-01 -2.6881718385E+00
  1.6826962053E+00  2.3158235839E+00  2.6944294039E+00  8.2238024352E-01 -2.7345020746E+00
  1.6594885723E+00  2.3065499335E+00  2.6938503347E+00  8.2845411064E-01 -2.7868986633E+00
  1.6361583466E+00  2.2976790434E+00  2.6924580977E+00  8.3472472190E-01 -2.8447888362E+00
  1.6127413659E+00  2.2892112291E+00  2.6902508425E+00  8.4114806689E-01 -2.9075311630E+00
  1.5892740388E+00  2.2811442815E+00  2.6872275646E+00  8.4767520152E-01 -2.9744240538E+00
  1.5657933274E+00  2.2734732839E+00  2.6833878067E+00  8.5425280524E-01 -3.0447142647E+00
  1.5423367990E+00  2.2661904190E+00  2.6787312732E+00  8.6082386917E-01 -3.1176055584E+00
  1.5189427739E+00  2.2592847496E+00  2.6732573598E+00  8.6732850853E-01 -3.1922677056E+00
  1.4956506014E+00  2.2527419461E+00  2.6669645987E+00  8.7370488635E-01 -3.2678460217E+00
  1.4725011018E+00  2.2465439280E+00  2.6598500166E+00  8.7989022977E-01 -3.3434716196E+00
  1.4495372241E+00  2.2406683735E+00  2.6519084006E+00  8.8582191585E-01 -3.4182725251E+00
  1.4268049905E+00  2.2350880391E+00  2.6431314580E+00  8.9143860125E-01 -3.4913857609E+00
  1.4043548284E+00  2.2297698132E+00  2.6335068537E+00  8.9668137076E-01 -3.5619704603E+00
  1.3822434448E+00  2.2246734045E+00  2.6230171010E+00  9.0149488334E-01 -3.6292220445E+00
  1.3605364783E+00  2.2197495385E+00  2.6116382871E+00  9.0582850267E-01 -3.6923874833E+00
  1.3393122923E+00  2.2149375017E+00  2.5993386433E+00  9.0963741154E-01 -3.7507816755E+00
  1.3186674591E+00  2.2101618522E+00  2.5860770559E+00  9.1288372806E-01 -3.8038050257E+00
  1.2987247450E+00  2.2053281455E+00  2.5718018298E+00  9.1553766785E-01 -3.8509623166E+00
  1.2796446634E+00  2.2003177369E+00  2.5564505300E+00  9.1757883291E-01 -3.8918828853E+00
  1.2616416233E+00  2.1949824435E+00  2.5399528322E+00  9.1899775429E-01 -3.9263415941E+00
  1.2450042120E+00  2.1891418481E+00  2.5222404621E+00  9.1979784862E-01 -3.9542784286E+00
  1.2301129815E+00  2.1825907309E+00  2.5032714097E+00  9.1999785113E-01 -3.9758103296E+00
  1.2174312586E+00  2.1751325556E+00  2.4830760369E+00  9.1963417495E-01 -3.9912206432E+00
  1.2074085258E+00  2.1666622949E+00  2.4618162771E+00  9.1876076543E-01 -4.0009033799E+00
  1.1981506570E+00  2.1538453909E+00  2.4317418461E+00  9.1686780174E-01 -4.0055766575E+00
</Path of -GradDelSqRho>
<Path of -GradDelSqRho>
Starting CP# =     14
Ending CP# =     20
Number of Points =     20
  1.3003867346E+00  3.3206883616E+00  2.0218043758E+00  7.8602293952E-01 -2.5658115205E+00
  1.2900964650E+00  3.3239260829E+00  2.0416061141E+00  7.8262830532E-01 -2.5689912796E+00
  1.2788283461E+00  3.3266745849E+00  2.0637512066E+00  7.7923130188E-01 -2.5797278400E+00
  1.2677231774E+00  3.3285366264E+00  2.0860702123E+00  7.7620565477E-01 -2.5975984151E+00
  1.2567968949E+00  3.3295100764E+00  2.1085334858E+00  7.7353308337E-01 -2.6220117453E+00
  1.2460649646E+00  3.3295926408E+00  2.1311110960E+00  7.7119184005E-01 -2.6522515423E+00
  1.2355424918E+00  3.3287815319E+00  2.1537727097E+00  7.6915736630E-01 -2.6874853814E+00
  1.2252443224E+00  3.3270731397E+00  2.1764874027E+00  7.6740302634E-01 -2.7267771264E+00
  1.2151851353E+00  3.3244627101E+00  2.1992233942E+00  7.6590092462E-01 -2.7691028277E+00
  1.2053795091E+00  3.3209440369E+00  2.2219476937E+00  7.6462281121E-01 -2.8133698939E+00
