 AIMInt (Version 19.02.13, Professional)
 Portions Copyright (c) 1997-2019 by Todd A. Keith
 AIMInt is a component of the AIMAll package ( http://aim.tkgristmill.com )

 TP:  64-bit Linux

 Licensed To:  Research Group of Fernando Cortes Guzman, UNAM, fercor@unam.mx

 AIMInt is a heavily modified and extended version of the PROAIMV program
 developed by members of R.F.W. Bader's research group

 Much of the Quantum Theory of Atoms in Molecules (QTAIM) is described in the book:
   "Atoms in Molecules - A Quantum Theory"
   R.F.W. Bader, Oxford University Press, Oxford, 1990

 For additional references see:  http://aim.tkgristmill.com/references.html

 Current Directory:  /home/scratch/M_H2O_4_tetraedrico/Opt

 Inp File:  Ti3_tetraedrico_cc-pvtz-def2-tzv_1_atomicfiles/o4.inp
 Wfx File:  Ti3_tetraedrico_cc-pvtz-def2-tzv_1.wfx
 Out File:  Ti3_tetraedrico_cc-pvtz-def2-tzv_1_atomicfiles/o4.int

 Wfx Title:   Ti3_tetraedrico_cc-pvtz-def2-tzv_1                                            
 Job Title:   Ti3_tetraedrico_cc-pvtz-def2-tzv_1                                            
 
<Atom>
O4      
</Atom>
<Nuclei of Molecule>
    13
Ti1       22.0           7.0701516836E-06   2.8783692891E-05  -1.9862545629E-05
O2         8.0           1.4792148201E+00   2.6715304340E+00   2.1621614851E+00
H3         1.0           3.2093166342E+00   2.6993700930E+00   2.8940246752E+00
O4         8.0           2.6729002037E+00  -1.4770138087E+00  -2.1619616874E+00
H5         1.0           2.7000796414E+00  -3.2066475862E+00  -2.8947942503E+00
O6         8.0          -1.4784285172E+00  -2.6750283548E+00   2.1582901921E+00
H7         1.0          -3.2086561307E+00  -2.7040016814E+00   2.8897268143E+00
O8         8.0          -2.6736592465E+00   1.4806274500E+00  -2.1585704793E+00
H9         1.0          -2.7000938481E+00   3.2102307773E+00  -2.8916487633E+00
H10        1.0          -5.7963069464E-01  -4.1435076055E+00   2.9101964034E+00
H11        1.0          -4.1437515188E+00   5.8347787679E-01  -2.9093105595E+00
H12        1.0           4.1420411386E+00  -5.7916187764E-01  -2.9136281491E+00
H13        1.0           5.8032115353E-01   4.1386809978E+00   2.9165147216E+00
</Nuclei of Molecule>
<Total Number of CPs of DelSqRho>
    38
</Total Number of CPs of DelSqRho>
<Number of (3,+3) CPs of DelSqRho>
     5
</Number of (3,+3) CPs of DelSqRho>
<Number of (3,+1) CPs of DelSqRho>
    14
</Number of (3,+1) CPs of DelSqRho>
<Number of (3,-1) CPs of DelSqRho>
    13
</Number of (3,-1) CPs of DelSqRho>
<Number of (3,-3) CPs of DelSqRho>
     6
</Number of (3,-3) CPs of DelSqRho>
<Number of Degenerate CPs of DelSqRho>
     0
</Number of Degenerate CPs of DelSqRho>
<CP of DelSqRho>
CP# = 1       
Type = (3,+3)
Coords =  2.67290036612151E+00 -1.47701389949339E+00 -2.16196189487546E+00
DistFromNuc =  2.7871762909E-07
Rho =  2.9724191557E+02
DelSqRho = -3.3285989982E+06
GradDelSqRho = -2.2767893824E-05 -1.0421626939E-06 -2.6848738344E-05
HessDelSqRho_EigVals =  1.3237033197E+11  1.3237035036E+11  1.3237035735E+11
HessDelSqRho_EigVec1 =  5.4742341533E-01 -2.9482477442E-01  7.8320237279E-01
HessDelSqRho_EigVec2 =  6.8431312880E-01 -3.8100921670E-01 -6.2172945768E-01
HessDelSqRho_EigVec3 =  4.8170856968E-01  8.7630492933E-01 -6.8209028475E-03
</CP of DelSqRho>
<CP of DelSqRho>
CP# = 2       
Type = (3,-1)
Coords =  1.57197635888935E+00 -8.71257826707327E-01 -1.15027707138117E+00
DistFromNuc =  1.6132201908E+00
Rho =  1.1743713545E-01
DelSqRho =  2.8724834606E-01
GradDelSqRho = -5.8383853307E-14  2.3640811531E-14  1.5203116543E-14
HessDelSqRho_EigVals = -3.5635532575E-01 -1.1687440277E-01  3.5985758897E+00
HessDelSqRho_EigVec1 =  5.1576730067E-01 -2.8030968262E-01  8.0957431616E-01
HessDelSqRho_EigVec2 =  4.8172465113E-01  8.7631572157E-01 -3.4808925332E-03
HessDelSqRho_EigVec3 =  7.0846697315E-01 -3.9178723556E-01 -5.8700707832E-01
</CP of DelSqRho>
<CP of DelSqRho>
CP# = 3       
Type = (3,+1)
Coords =  2.79580721795332E+00 -1.54381398693305E+00 -2.06860190299383E+00
DistFromNuc =  1.6817980648E-01
Rho =  2.2579840807E+01
DelSqRho =  1.2410029572E+03
GradDelSqRho = -1.2164491636E-11 -1.4779288904E-12  2.2168933356E-12
HessDelSqRho_EigVals = -4.1689489386E+05  1.8241198190E+03  2.8109496704E+03
HessDelSqRho_EigVec1 =  7.2875828885E-01 -3.9604227593E-01  5.5862498343E-01
HessDelSqRho_EigVec2 = -4.8715770845E-01  2.7345852189E-01  8.2939604768E-01
HessDelSqRho_EigVec3 =  4.8123666063E-01  8.7656771129E-01 -6.3501168930E-03
</CP of DelSqRho>
<CP of DelSqRho>
CP# = 4       
Type = (3,-3)
Coords =  2.64113759772283E+00 -1.33505211615224E+00 -2.07949435784937E+00
DistFromNuc =  1.6722094880E-01
Rho =  2.2660881383E+01
DelSqRho =  1.2907714738E+03
GradDelSqRho =  2.3305801733E-12 -8.8675733423E-12 -1.7621459847E-12
HessDelSqRho_EigVals = -4.4468582282E+05 -3.1150170794E+03 -4.6017775031E+02
HessDelSqRho_EigVec1 = -1.9186493206E-01  8.4759287644E-01  4.9474656508E-01
HessDelSqRho_EigVec2 =  5.5463245123E-01 -3.2224954719E-01  7.6716235138E-01
HessDelSqRho_EigVec3 =  8.0967320067E-01  4.2159405255E-01 -4.0827412723E-01
</CP of DelSqRho>
<CP of DelSqRho>
CP# = 5       
Type = (3,-1)
Coords =  2.79596988324015E+00 -1.54528493919270E+00 -2.25494959500722E+00
DistFromNuc =  1.6868267323E-01
Rho =  2.2362996910E+01
DelSqRho =  1.2529956957E+03
GradDelSqRho =  8.2280848801E-12 -1.3656631381E-11 -8.2351903075E-12
HessDelSqRho_EigVals = -4.0901756002E+05 -1.4799794027E+03  1.3113605342E+03
HessDelSqRho_EigVec1 =  7.3011264731E-01 -4.0500858605E-01 -5.5036675724E-01
HessDelSqRho_EigVec2 =  4.8506225291E-01 -2.6011717330E-01  8.3489739906E-01
HessDelSqRho_EigVec3 =  4.8130046026E-01  8.7653128945E-01 -6.5395391904E-03
</CP of DelSqRho>
<CP of DelSqRho>
CP# = 6       
Type = (3,+1)
Coords =  2.61810352486425E+00 -1.44810130288341E+00 -2.31859694748556E+00
DistFromNuc =  1.6844350302E-01
Rho =  2.2523577342E+01
DelSqRho =  1.2347654705E+03
GradDelSqRho =  1.5731416170E-11 -7.9367623584E-12  2.1657342586E-11
HessDelSqRho_EigVals = -4.1071017316E+05  2.0940861233E+03  3.0340470453E+03
HessDelSqRho_EigVec1 =  3.2843756952E-01 -1.7337338752E-01  9.2847748030E-01
HessDelSqRho_EigVec2 =  8.1278452372E-01 -4.4888103558E-01 -3.7133156868E-01
HessDelSqRho_EigVec3 =  4.8115494482E-01  8.7661136452E-01 -6.5141901284E-03
</CP of DelSqRho>
<CP of DelSqRho>
CP# = 7       
Type = (3,-1)
Coords =  2.56148835315535E+00 -1.41537990702421E+00 -2.05382126533992E+00
DistFromNuc =  1.6704996005E-01
Rho =  2.2722752301E+01
DelSqRho =  1.2898702497E+03
GradDelSqRho = -2.5352164812E-11  1.1141310097E-11  3.0752289604E-11
HessDelSqRho_EigVals = -4.4842985767E+05 -2.8836245063E+03  2.7070124029E+02
HessDelSqRho_EigVec1 =  6.6662504844E-01 -3.6879727261E-01 -6.4776509361E-01
HessDelSqRho_EigVec2 =  5.7021949223E-01 -3.0737343237E-01  7.6182104444E-01
HessDelSqRho_EigVec3 =  4.8006330360E-01  8.7721727342E-01 -5.3925642768E-03
</CP of DelSqRho>
<CP of DelSqRho>
CP# = 8       
Type = (3,-3)
Coords =  2.53658320567774E+00 -1.52535017524969E+00 -2.07803232437802E+00
DistFromNuc =  1.6722101023E-01
Rho =  2.2660938533E+01
DelSqRho =  1.2907569558E+03
GradDelSqRho =  5.1727511163E-12 -9.8054897535E-13  5.0590642786E-12
HessDelSqRho_EigVals = -4.4468268927E+05 -3.1139366117E+03 -4.5766643135E+02
HessDelSqRho_EigVec1 =  8.1506777878E-01  2.8669025906E-01 -5.0346123123E-01
HessDelSqRho_EigVec2 =  5.7439575333E-01 -2.8628703762E-01  7.6688281415E-01
HessDelSqRho_EigVec3 = -7.5723408210E-02  9.1424746510E-01  3.9801700717E-01
</CP of DelSqRho>
<CP of DelSqRho>
CP# = 9       
Type = (3,-1)
Coords =  3.16970820468029E+00 -1.75282924170314E+00 -2.60237699086758E+00
DistFromNuc =  7.1892835699E-01
Rho =  6.8181344183E-01
DelSqRho = -1.1597534269E+00
GradDelSqRho =  7.1054273576E-15 -1.0214051827E-14 -1.2434497876E-14
HessDelSqRho_EigVals = -1.8929671503E+01 -4.7665529287E+00  1.4062320272E+02
HessDelSqRho_EigVec1 =  4.8118724850E-01  8.7659617383E-01 -6.1627831632E-03
HessDelSqRho_EigVec2 =  5.3634755136E-01 -2.8884030616E-01  7.9303378345E-01
HessDelSqRho_EigVec3 =  6.9339032012E-01 -3.8490313789E-01 -6.0914648354E-01
</CP of DelSqRho>
<CP of DelSqRho>
CP# = 10      
Type = (3,-1)
Coords =  2.17258977578939E+00 -1.95704186141177E+00 -1.99768296774815E+00
DistFromNuc =  7.1254821131E-01
Rho =  6.8314292924E-01
DelSqRho = -1.1159611696E+00
GradDelSqRho = -5.0626169923E-14 -2.4868995752E-14 -6.7723604502E-15
HessDelSqRho_EigVals = -1.5264051543E+01 -1.1291804257E+01  1.4754589338E+02
HessDelSqRho_EigVec1 = -4.2577904223E-01  6.8115516192E-01  5.9560041352E-01
HessDelSqRho_EigVec2 = -5.5995059272E-01  3.1870302893E-01 -7.6477690411E-01
HessDelSqRho_EigVec3 =  7.1075139178E-01  6.5913278232E-01 -2.4571616624E-01
</CP of DelSqRho>
<CP of DelSqRho>
CP# = 11      
Type = (3,-1)
Coords =  2.80990419222551E+00 -7.95428646271915E-01 -2.00590525127830E+00
DistFromNuc =  7.1251809640E-01
Rho =  6.8317767700E-01
DelSqRho = -1.1162729620E+00
GradDelSqRho = -6.2172489379E-15  9.7699626167E-15 -2.8310687128E-15
HessDelSqRho_EigVals = -1.5260406488E+01 -1.1289463789E+01  1.4757581801E+02
HessDelSqRho_EigVec1 =  8.0025237854E-01  6.5340204922E-05 -5.9966334420E-01
HessDelSqRho_EigVec2 =  5.7340966627E-01 -2.9273445201E-01  7.6518487651E-01
HessDelSqRho_EigVec3 =  1.7549212312E-01  9.5619377552E-01  2.3429890820E-01
</CP of DelSqRho>
<CP of DelSqRho>
CP# = 12      
Type = (3,+3)
Coords =  2.83167608886041E+00 -1.55978756455702E+00 -1.54658123764414E+00
DistFromNuc =  6.4090122038E-01
Rho =  9.4228945439E-01
DelSqRho = -4.2531534751E+00
GradDelSqRho = -2.6645352591E-15 -7.5495165675E-15  0.0000000000E+00
HessDelSqRho_EigVals =  1.0081502745E+01  2.0948336789E+01  3.2362408179E+02
HessDelSqRho_EigVec1 =  8.3543759250E-01 -4.6016098620E-01 -3.0049275503E-01
HessDelSqRho_EigVec2 =  4.8075674026E-01  8.7683258662E-01 -6.1295791510E-03
HessDelSqRho_EigVec3 =  2.6630243284E-01 -1.3934303653E-01  9.5376440090E-01
</CP of DelSqRho>
<CP of DelSqRho>
CP# = 13      
Type = (3,+1)
Coords =  2.81940818666045E+00 -1.05413100562191E+00 -2.68272249441629E+00
DistFromNuc =  6.8664857992E-01
Rho =  7.8837744934E-01
DelSqRho = -2.5586396814E+00
GradDelSqRho = -1.3766765505E-14  1.0658141036E-14 -2.6645352591E-15
HessDelSqRho_EigVals = -1.1967268642E+01  1.2185994810E+01  1.9274376759E+02
HessDelSqRho_EigVec1 =  9.7752695332E-01  5.4371177788E-02  2.0367825256E-01
HessDelSqRho_EigVec2 = -1.6612435053E-01  7.9348851464E-01  5.8547303720E-01
HessDelSqRho_EigVec3 = -1.2978349549E-01 -6.0615159173E-01  7.8468878681E-01
</CP of DelSqRho>
<CP of DelSqRho>
CP# = 14      
Type = (3,+1)
Coords =  3.32202876699581E+00 -1.29896757109941E+00 -2.02050743161433E+00
DistFromNuc =  6.8780641234E-01
Rho =  7.8604133795E-01
DelSqRho = -2.5659097932E+00
GradDelSqRho = -9.7699626167E-14 -3.5527136788E-15 -4.7073456244E-14
HessDelSqRho_EigVals = -1.2650865620E+01  1.2718420296E+01  1.9254177614E+02
HessDelSqRho_EigVec1 = -1.6120701080E-01 -4.5925975177E-01  8.7355181877E-01
HessDelSqRho_EigVec2 = -3.1573153092E-01  8.6261082059E-01  3.9524191652E-01
HessDelSqRho_EigVec3 =  9.3505395569E-01  2.1209208518E-01  2.8406169639E-01
</CP of DelSqRho>
<CP of DelSqRho>
CP# = 15      
Type = (3,+1)
Coords =  2.39183124198093E+00 -1.83350471645812E+00 -2.67715719479732E+00
DistFromNuc =  6.8666726983E-01
Rho =  7.8836206649E-01
DelSqRho = -2.5588143443E+00
GradDelSqRho =  6.4837024638E-14  1.2434497876E-14  9.4146912488E-14
HessDelSqRho_EigVals = -1.1962255708E+01  1.2191082749E+01  1.9270991635E+02
HessDelSqRho_EigVec1 = -4.8053355961E-01  8.5140975229E-01 -2.1021163571E-01
HessDelSqRho_EigVec2 =  7.5499028203E-01  2.7967888497E-01 -5.9310150509E-01
HessDelSqRho_EigVec3 =  4.4618064965E-01  4.4371291958E-01  7.7720117915E-01
</CP of DelSqRho>
<CP of DelSqRho>
CP# = 16      
Type = (3,+1)
Coords =  2.21180971998883E+00 -1.22111030832902E+00 -1.74622150873310E+00
DistFromNuc =  6.7151391035E-01
Rho =  8.4226110617E-01
DelSqRho = -3.3316384619E+00
GradDelSqRho =  7.1054273576E-15  0.0000000000E+00 -3.5527136788E-15
HessDelSqRho_EigVals = -6.0146828743E+00  1.7740307968E+01  2.3314244026E+02
HessDelSqRho_EigVec1 =  5.4824373737E-01 -2.9534016922E-01  7.8243401567E-01
HessDelSqRho_EigVec2 =  4.8104959303E-01  8.7667177586E-01 -6.1551977678E-03
HessDelSqRho_EigVec3 =  6.8411994086E-01 -3.7976411344E-01 -6.2270307906E-01
</CP of DelSqRho>
<CP of DelSqRho>
CP# = 17      
Type = (3,+3)
Coords =  2.15592386968249E+00 -1.19530446075869E+00 -2.43216395368705E+00
DistFromNuc =  6.4779159562E-01
Rho =  9.1695354644E-01
DelSqRho = -4.0062194739E+00
GradDelSqRho = -5.3290705182E-14  1.4210854715E-14 -1.5987211555E-14
HessDelSqRho_EigVals =  7.9082783028E+00  1.9614326217E+01  2.9424837867E+02
HessDelSqRho_EigVec1 = -3.8500440435E-01  2.1773717931E-01  8.9686238040E-01
HessDelSqRho_EigVec2 =  4.8105366296E-01  8.7666831099E-01 -6.3281796459E-03
HessDelSqRho_EigVec3 =  7.8762870820E-01 -4.2900255623E-01  4.4226442855E-01
</CP of DelSqRho>
<CP of DelSqRho>
CP# = 18      
Type = (3,+1)
Coords =  2.87224847911286E+00 -2.11865778538636E+00 -2.01472214122264E+00
DistFromNuc =  6.8784170544E-01
Rho =  7.8593470573E-01
DelSqRho = -2.5647370308E+00
GradDelSqRho = -5.3290705182E-15  5.3290705182E-15 -1.0214051827E-14
HessDelSqRho_EigVals = -1.2657741485E+01  1.2710392233E+01  1.9247158561E+02
HessDelSqRho_EigVec1 =  3.0605153813E-01  3.9211116390E-01  8.6751443282E-01
HessDelSqRho_EigVec2 = -8.9478862003E-01 -1.9269209082E-01  4.0276926844E-01
HessDelSqRho_EigVec3 = -3.2509349651E-01  8.9951019632E-01 -2.9188289646E-01
</CP of DelSqRho>
<CP of DelSqRho>
CP# = 19      
Type = (3,+3)
Coords =  2.66832408969515E+00 -2.14192767710769E+00 -2.43815236331519E+00
DistFromNuc =  7.2000880742E-01
Rho =  7.5964343100E-01
DelSqRho = -3.1232323070E+00
GradDelSqRho = -5.1070259133E-15 -1.9539925233E-14 -6.2172489379E-15
HessDelSqRho_EigVals =  1.1745776607E+01  2.2730877032E+01  1.4368626584E+02
HessDelSqRho_EigVec1 =  5.5136694980E-01 -3.2561096697E-01  7.6809633826E-01
HessDelSqRho_EigVec2 = -8.3413159590E-01 -1.9883295861E-01  5.1448025744E-01
HessDelSqRho_EigVec3 =  1.4797546678E-02  9.2436083472E-01  3.8123231743E-01
</CP of DelSqRho>
<CP of DelSqRho>
CP# = 20      
Type = (3,+3)
Coords =  3.22969206459014E+00 -1.11912894611514E+00 -2.44529747477313E+00
DistFromNuc =  7.1998466622E-01
Rho =  7.5970552934E-01
DelSqRho = -3.1239215484E+00
GradDelSqRho =  1.0214051827E-14  8.8817841970E-16 -3.7747582837E-15
HessDelSqRho_EigVals =  1.1747010496E+01  2.2732954373E+01  1.4371942517E+02
HessDelSqRho_EigVec1 =  5.7511839461E-01 -2.8183690984E-01  7.6798879447E-01
HessDelSqRho_EigVec2 = -2.7738198328E-01  8.1598729314E-01  5.0717252763E-01
HessDelSqRho_EigVec3 =  7.6960903551E-01  5.0471050483E-01 -3.9111282104E-01
</CP of DelSqRho>
<CP of DelSqRho>
CP# = 21      
Type = (3,+1)
Coords =  3.57880653541417E+00 -9.16206470751498E-01 -2.62411045553587E+00
DistFromNuc =  1.1613580998E+00
Rho =  4.0553257425E-01
DelSqRho = -9.1957428293E-01
GradDelSqRho =  1.2095324742E-12  7.8739792464E-13 -6.5744631961E-13
HessDelSqRho_EigVals = -2.9716933420E+01  1.4115504520E+01  1.4791198445E+01
HessDelSqRho_EigVec1 =  7.8299838670E-01  4.7518137635E-01 -4.0139280761E-01
HessDelSqRho_EigVec2 = -5.7404939817E-01  3.0351381023E-01 -7.6049106206E-01
HessDelSqRho_EigVec3 = -2.3954292914E-01  8.2588257432E-01  5.1042840686E-01
</CP of DelSqRho>
<CP of DelSqRho>
CP# = 22      
Type = (3,+1)
Coords =  1.68119779147010E+00 -9.29725001149773E-01 -1.66504882531820E+00
DistFromNuc =  1.2368997962E+00
Rho =  2.4457154736E-01
DelSqRho =  4.2644871560E-01
GradDelSqRho =  9.3675067703E-15 -5.1486592767E-15 -3.5839387014E-15
HessDelSqRho_EigVals = -1.1018728973E+01  2.4195050643E-01  8.3145369774E-01
HessDelSqRho_EigVec1 =  8.0335026150E-01 -4.4332000991E-01 -3.9761253270E-01
HessDelSqRho_EigVec2 =  3.5124548517E-01 -1.8643402737E-01  9.1753417516E-01
HessDelSqRho_EigVec3 =  4.8088976543E-01  8.7676092651E-01 -5.9423273200E-03
</CP of DelSqRho>
<CP of DelSqRho>
CP# = 23      
Type = (3,-3)
Coords =  2.91029097025374E+00 -3.90159763414085E-01 -1.89058317367051E+00
DistFromNuc =  1.1450992924E+00
Rho =  2.4619661640E-01
DelSqRho =  8.2718376478E-01
GradDelSqRho =  1.3003487176E-13 -8.3892892633E-12 -1.2794904025E-12
HessDelSqRho_EigVals = -1.7549139813E+01 -1.7534058062E+00 -4.7725578090E-01
HessDelSqRho_EigVec1 =  1.7455024381E-01  9.4982542882E-01  2.5954550110E-01
HessDelSqRho_EigVec2 = -8.0116427586E-01 -1.6237687621E-02  5.9822415581E-01
HessDelSqRho_EigVec3 =  5.7242293409E-01 -3.1235875569E-01  7.5813190954E-01
</CP of DelSqRho>
<CP of DelSqRho>
CP# = 24      
Type = (3,-3)
Coords =  3.10095265759620E+00 -1.71945056214107E+00 -3.21796408542507E+00
DistFromNuc =  1.1649658997E+00
Rho =  2.4681930332E-01
DelSqRho =  8.5047917967E-01
GradDelSqRho = -3.4694469520E-17 -1.8041124150E-16 -1.6375789613E-15
HessDelSqRho_EigVals = -1.7635859496E+01 -2.5722426809E+00 -1.6230345657E-01
HessDelSqRho_EigVec1 = -3.6497149315E-01  2.0676140258E-01  9.0776953661E-01
HessDelSqRho_EigVec2 =  4.8122334897E-01  8.7657624047E-01 -6.1792432056E-03
HessDelSqRho_EigVec3 =  7.9700683661E-01 -4.3458464888E-01  4.1942375393E-01
</CP of DelSqRho>
<CP of DelSqRho>
CP# = 25      
Type = (3,-1)
Coords =  2.55779294025482E+00 -5.63726492105408E-01 -2.91226772467450E+00
DistFromNuc =  1.1875616002E+00
Rho =  2.4269309260E-01
DelSqRho =  7.1994579291E-01
GradDelSqRho =  7.8366133027E-16 -3.3445468617E-15  1.9845236565E-15
HessDelSqRho_EigVals = -1.6989422669E+01 -1.3643202599E+00  3.0726515121E-01
HessDelSqRho_EigVec1 = -1.2042115710E-01  7.7480894372E-01 -6.2062053273E-01
HessDelSqRho_EigVec2 =  9.9023790661E-01  4.9545258209E-02 -1.3028490208E-01
HessDelSqRho_EigVec3 =  7.0197102819E-02  6.3025103579E-01  7.7321148377E-01
</CP of DelSqRho>
<CP of DelSqRho>
CP# = 26      
Type = (3,-1)
Coords =  3.40365015659859E+00 -1.88386641140693E+00 -2.97399306085146E+00
DistFromNuc =  1.1657270202E+00
Rho =  2.4987279071E-01
DelSqRho =  8.4585375071E-01
GradDelSqRho = -1.3521128661E-13  7.4801276284E-14  1.3367085216E-13
HessDelSqRho_EigVals = -1.6671417149E+01 -3.9015293664E+00  1.2576825365E-01
HessDelSqRho_EigVec1 =  6.2824200614E-01 -3.4974598072E-01 -6.9497462594E-01
HessDelSqRho_EigVec2 =  4.8113075606E-01  8.7662670225E-01 -6.2306077641E-03
HessDelSqRho_EigVec3 =  6.1141244451E-01 -3.3045933770E-01  7.1900726619E-01
</CP of DelSqRho>
<CP of DelSqRho>
CP# = 27      
Type = (3,-3)
Coords =  3.65257191687851E+00 -2.01696709158272E+00 -2.47667552882757E+00
DistFromNuc =  1.1620460470E+00
Rho =  2.4630074495E-01
DelSqRho =  8.5662038033E-01
GradDelSqRho = -7.4561190555E-12  4.0968201054E-12  9.2381657879E-13
HessDelSqRho_EigVals = -1.7683988982E+01 -2.4863337125E+00 -2.1457548769E-01
HessDelSqRho_EigVec1 =  8.4410904104E-01 -4.6519784458E-01 -2.6659124561E-01
HessDelSqRho_EigVec2 =  4.8116439030E-01  8.7660876438E-01 -6.1565999481E-03
HessDelSqRho_EigVec3 =  2.3656025943E-01 -1.2307737247E-01  9.6379002072E-01
</CP of DelSqRho>
<CP of DelSqRho>
CP# = 28      
Type = (3,-1)
Coords =  3.60838373927743E+00 -1.13493580584871E+00 -1.51646625526830E+00
DistFromNuc =  1.1869335104E+00
Rho =  2.4207170958E-01
DelSqRho =  7.2845498715E-01
GradDelSqRho = -6.2003041590E-12 -2.4326374248E-12 -4.9961215720E-12
HessDelSqRho_EigVals = -1.7264497664E+01 -1.2344989955E+00  2.8051939961E-01
HessDelSqRho_EigVec1 =  7.7354797078E-01  2.8953144776E-01  5.6373316175E-01
HessDelSqRho_EigVec2 = -4.6936410918E-01 -3.3595103271E-01  8.1659918971E-01
HessDelSqRho_EigVec3 = -4.2581788350E-01  8.9627475942E-01  1.2397856958E-01
</CP of DelSqRho>
<CP of DelSqRho>
CP# = 29      
Type = (3,+1)
Coords =  2.68360415127822E+00 -2.54735622766322E+00 -2.61245306270700E+00
DistFromNuc =  1.1613311103E+00
Rho =  4.0555150968E-01
DelSqRho = -9.1958346180E-01
GradDelSqRho = -8.6042284408E-16  1.1657341759E-15  4.6351811278E-15
HessDelSqRho_EigVals = -2.9719970055E+01  1.4116227317E+01  1.4792364404E+01
HessDelSqRho_EigVec1 = -1.7298365699E-02  9.2007040522E-01  3.9137094421E-01
HessDelSqRho_EigVec2 =  5.6906615946E-01 -3.1278637836E-01  7.6047905144E-01
HessDelSqRho_EigVec3 =  8.2210976925E-01  2.3587100489E-01 -5.1817023877E-01
</CP of DelSqRho>
<CP of DelSqRho>
CP# = 30      
Type = (3,-1)
Coords =  2.88993509657305E+00 -2.44301024488141E+00 -1.50729605892550E+00
DistFromNuc =  1.1869458053E+00
Rho =  2.4208168170E-01
DelSqRho =  7.2829568452E-01
GradDelSqRho = -4.8212996095E-12  2.8383545514E-12 -1.6303625117E-12
HessDelSqRho_EigVals = -1.7258361820E+01 -1.2364453873E+00  2.8109030578E-01
HessDelSqRho_EigVec1 = -1.7397597459E-01  8.0202892733E-01 -5.7138599912E-01
HessDelSqRho_EigVec2 =  3.5801806659E-02  5.8500252400E-01  8.1024087625E-01
HessDelSqRho_EigVec3 =  9.8409887253E-01  1.2050579503E-01 -1.3049046884E-01
</CP of DelSqRho>
<CP of DelSqRho>
CP# = 31      
Type = (3,-3)
Coords =  1.88515194602264E+00 -2.25800506690158E+00 -1.87766825242371E+00
DistFromNuc =  1.1451276873E+00
Rho =  2.4622288459E-01
DelSqRho =  8.2714349210E-01
GradDelSqRho =  1.5520917884E-12  1.4719059305E-12 -8.7349572020E-13
HessDelSqRho_EigVals = -1.7545369658E+01 -1.7557421629E+00 -4.7830716903E-01
HessDelSqRho_EigVec1 =  7.0593291733E-01  6.5451778089E-01 -2.7067543428E-01
HessDelSqRho_EigVec2 = -4.1303765762E-01  6.9087337722E-01  5.9337498265E-01
HessDelSqRho_EigVec3 =  5.7537692829E-01 -3.0708378522E-01  7.5805074978E-01
</CP of DelSqRho>
<CP of DelSqRho>
CP# = 32      
Type = (3,-1)
Coords =  1.83631278574777E+00 -1.87859351413514E+00 -2.90309707800538E+00
DistFromNuc =  1.1876137567E+00
Rho =  2.4270482705E-01
DelSqRho =  7.1967394907E-01
GradDelSqRho =  1.7695567234E-13  6.1894933623E-14  1.8431089988E-13
HessDelSqRho_EigVals = -1.6983924820E+01 -1.3636906448E+00  3.0812275383E-01
HessDelSqRho_EigVec1 =  7.2182421098E-01  3.2128598276E-01  6.1298052638E-01
HessDelSqRho_EigVec2 = -4.8936102762E-01  8.6325036959E-01  1.2379250403E-01
HessDelSqRho_EigVec3 = -4.8938286963E-01 -3.8932520685E-01  7.8033985559E-01
</CP of DelSqRho>
<CP of DelSqRho>
CP# = 33      
Type = (3,-1)
Coords =  2.16443671506392E+00 -3.42790634547252E+00 -2.26554453825811E+00
DistFromNuc =  2.0187239079E+00
Rho =  7.1646163822E-02
DelSqRho =  1.8564091864E-01
GradDelSqRho =  3.1745439610E-15  9.2148511044E-15 -2.7720881146E-15
HessDelSqRho_EigVals = -2.0328710187E+00 -1.1703997500E-02  5.0271186292E-01
HessDelSqRho_EigVec1 =  5.0952863655E-01  7.7832652627E-01 -3.6686289951E-01
HessDelSqRho_EigVec2 = -7.6725921615E-01  2.1798790907E-01 -6.0315384997E-01
HessDelSqRho_EigVec3 = -3.8947896447E-01  5.8880309952E-01  7.0824928255E-01
</CP of DelSqRho>
<CP of DelSqRho>
CP# = 34      
Type = (3,+1)
Coords =  2.01043307314525E+00 -2.93516826835406E+00 -3.37773692479138E+00
DistFromNuc =  2.0107676532E+00
Rho =  7.0862297985E-02
DelSqRho =  1.8026553952E-01
GradDelSqRho = -9.2193613854E-14  2.2329013638E-13 -3.4691693962E-13
HessDelSqRho_EigVals = -1.7052908836E+00  1.8835119405E-02  5.7682947613E-01
HessDelSqRho_EigVec1 =  6.1584961640E-01  3.6274447816E-01  6.9938951490E-01
HessDelSqRho_EigVec2 =  6.1465556691E-01  3.3412540954E-01 -7.1453393535E-01
HessDelSqRho_EigVec3 = -4.9287704760E-01  8.6992910876E-01 -1.7191907574E-02
</CP of DelSqRho>
<CP of DelSqRho>
CP# = 35      
Type = (3,-1)
Coords =  4.04345510006199E+00 -4.66769965959434E-04 -2.29140122520791E+00
DistFromNuc =  2.0187536936E+00
Rho =  7.1634480217E-02
DelSqRho =  1.8562619830E-01
GradDelSqRho = -1.1102230246E-16 -3.8857805862E-16 -3.3306690739E-16
HessDelSqRho_EigVals = -2.0332390080E+00 -1.1640317689E-02  5.0259208380E-01
HessDelSqRho_EigVec1 =  3.8372409804E-01  8.5291556319E-01  3.5396448784E-01
HessDelSqRho_EigVec2 =  5.9968936581E-01 -5.2164258653E-01  6.0684567763E-01
HessDelSqRho_EigVec3 =  7.0223107388E-01 -2.0592571067E-02 -7.1165122419E-01
</CP of DelSqRho>
<CP of DelSqRho>
CP# = 36      
Type = (3,+1)
Coords =  4.51109286424361E+00 -6.79237158896087E-01 -2.12114345382296E+00
DistFromNuc =  2.0042619510E+00
Rho =  7.1189123684E-02
DelSqRho =  1.8377636530E-01
GradDelSqRho =  1.1978265602E-14  1.8139352867E-14  4.9866794721E-14
HessDelSqRho_EigVals = -1.7640044956E+00  1.4450729582E-02  5.7584707762E-01
HessDelSqRho_EigVec1 =  8.5572298305E-01  2.1664758938E-01  4.6989573130E-01
HessDelSqRho_EigVec2 = -3.7603317242E-01  8.8419370027E-01  2.7712912811E-01
HessDelSqRho_EigVec3 = -3.5543948784E-01 -4.1384214674E-01  8.3809155112E-01
</CP of DelSqRho>
<CP of DelSqRho>
CP# = 37      
Type = (3,+1)
Coords =  2.98726205914080E+00 -3.45545267472872E+00 -2.10113848763129E+00
DistFromNuc =  2.0041814251E+00
Rho =  7.1201793935E-02
DelSqRho =  1.8379699413E-01
GradDelSqRho =  1.6330686803E-14 -2.7098115418E-14  2.6513079926E-14
HessDelSqRho_EigVals = -1.7639054941E+00  1.4457888930E-02  5.7592839515E-01
HessDelSqRho_EigVec1 = -2.7950706983E-01  8.3296123635E-01 -4.7754725070E-01
HessDelSqRho_EigVec2 = -9.4619943827E-01 -1.5450337940E-01  2.8431554436E-01
HessDelSqRho_EigVec3 =  1.6304116329E-01  5.3132314507E-01  8.3133224080E-01
</CP of DelSqRho>
<CP of DelSqRho>
CP# = 38      
Type = (3,+1)
Coords =  3.53966376908799E+00 -1.48115299790919E-01 -3.39708312866603E+00
DistFromNuc =  2.0106653873E+00
Rho =  7.0861390853E-02
DelSqRho =  1.8031701750E-01
GradDelSqRho = -3.5995512127E-17  1.1188966420E-16 -3.2699537522E-16
HessDelSqRho_EigVals = -1.7063673356E+00  1.8705609926E-02  5.7677447765E-01
HessDelSqRho_EigVec1 = -2.9342401753E-02  7.0703863266E-01 -7.0656591722E-01
HessDelSqRho_EigVec2 = -4.3470167880E-02  7.0529890115E-01  7.0757600619E-01
HessDelSqRho_EigVec3 =  9.9862373693E-01  5.1476518484E-02  1.0039924347E-02
</CP of DelSqRho>
<Path of -GradDelSqRho>
Starting CP# =      3
Ending CP# =     12
Number of Points =     36
  2.7958072180E+00 -1.5438139869E+00 -2.0686019030E+00  2.2579840807E+01  1.2410029572E+03
  2.8140140713E+00 -1.5537082356E+00 -2.0546156900E+00  1.5646024669E+01  1.1581655506E+03
  2.8322087182E+00 -1.5635956192E+00 -2.0406087465E+00  1.0946651063E+01  9.8716496953E+02
  2.8504001745E+00 -1.5734812094E+00 -2.0265963943E+00  7.7714254338E+00  7.7786808711E+02
  2.8685845228E+00 -1.5833628030E+00 -2.0125720031E+00  5.6343288068E+00  5.7605478136E+02
  2.8867548102E+00 -1.5932364905E+00 -1.9985238416E+00  4.1970046831E+00  4.1075483513E+02
  2.9049033669E+00 -1.6030979602E+00 -1.9844390598E+00  3.2278571982E+00  2.8723930201E+02
  2.9230223782E+00 -1.6129428205E+00 -1.9703047124E+00  2.5713873552E+00  1.9836283001E+02
  2.9411044547E+00 -1.6227669207E+00 -1.9561087621E+00  2.1238446246E+00  1.3488163541E+02
  2.9591422498E+00 -1.6325661368E+00 -1.9418394759E+00  1.8156705179E+00  8.9554395980E+01
  2.9771266484E+00 -1.6423353536E+00 -1.9274825036E+00  1.5999136795E+00  5.7454889208E+01
  2.9950440729E+00 -1.6520669540E+00 -1.9130166828E+00  1.4448611687E+00  3.5179713673E+01
  3.0128731328E+00 -1.6617489413E+00 -1.8984091376E+00  1.3292694994E+00  2.0177473343E+01
  3.0305796990E+00 -1.6713621838E+00 -1.8836085804E+00  1.2391299491E+00  1.0426275788E+01
  3.0481081327E+00 -1.6808755153E+00 -1.8685342149E+00  1.1653870687E+00  4.3272889895E+00
  3.0653635900E+00 -1.6902358633E+00 -1.8530551930E+00  1.1023164254E+00  6.6564405418E-01
  3.0821714045E+00 -1.6993456302E+00 -1.8369486274E+00  1.0464053417E+00 -1.4335320936E+00
  3.0981643524E+00 -1.7080000482E+00 -1.8198011254E+00  9.9566836212E-01 -2.5670334366E+00
  3.1123642208E+00 -1.7156553860E+00 -1.8007392818E+00  9.4958679555E-01 -3.1237450145E+00
  3.1209930788E+00 -1.7202238123E+00 -1.7779968578E+00  9.1200517363E-01 -3.3570480528E+00
  3.1152310405E+00 -1.7168837143E+00 -1.7544445469E+00  8.9894978119E-01 -3.4648185001E+00
  3.1013697045E+00 -1.7091286953E+00 -1.7351816529E+00  9.0240573160E-01 -3.5560328916E+00
  3.0858751040E+00 -1.7004899866E+00 -1.7175707343E+00  9.0842796311E-01 -3.6430935186E+00
  3.0697458512E+00 -1.6915093958E+00 -1.7007145217E+00  9.1438807894E-01 -3.7258555127E+00
  3.0531245870E+00 -1.6822644740E+00 -1.6844908145E+00  9.1989701192E-01 -3.8038305805E+00
  3.0360438660E+00 -1.6727732258E+00 -1.6688988388E+00  9.2488305830E-01 -3.8765547724E+00
  3.0185232538E+00 -1.6630466378E+00 -1.6539533987E+00  9.2931809939E-01 -3.9436090923E+00
  3.0005811075E+00 -1.6530950421E+00 -1.6396709084E+00  9.3318299883E-01 -4.0046268208E+00
  2.9822358522E+00 -1.6429288034E+00 -1.6260678443E+00  9.3646401222E-01 -4.0592990202E+00
  2.9635061553E+00 -1.6325584094E+00 -1.6131605901E+00  9.3915254088E-01 -4.1073789329E+00
  2.9444110030E+00 -1.6219945064E+00 -1.6009654052E+00  9.4124512455E-01 -4.1486852556E+00
  2.9249697669E+00 -1.6112479246E+00 -1.5894983980E+00  9.4274339396E-01 -4.1831042346E+00
  2.9052022664E+00 -1.6003296944E+00 -1.5787754991E+00  9.4365396654E-01 -4.2105905587E+00
  2.8851288337E+00 -1.5892510492E+00 -1.5688124332E+00  9.4398828726E-01 -4.2311670607E+00
  2.8647703864E+00 -1.5780234013E+00 -1.5596246900E+00  9.4376241765E-01 -4.2449232695E+00
  2.8316760889E+00 -1.5597875646E+00 -1.5465812376E+00  9.4228945439E-01 -4.2531534751E+00
</Path of -GradDelSqRho>
<Path of -GradDelSqRho>
Starting CP# =      3
Ending CP# =      1
Number of Points =      7
  2.7958072180E+00 -1.5438139869E+00 -2.0686019030E+00  2.2579840807E+01  1.2410029572E+03
  2.7775740325E+00 -1.5339049260E+00 -2.0825432503E+00  3.2844906005E+01  9.8564543685E+02
  2.7593188125E+00 -1.5239834687E+00 -2.0964469028E+00  4.8145490310E+01 -8.1429897860E+02
  2.7410539303E+00 -1.5140565751E+00 -2.1103339777E+00  7.0875859096E+01 -6.4510423634E+03
  2.7227819389E+00 -1.5041256812E+00 -2.1242088337E+00  1.0462271234E+02 -2.0870100878E+04
  2.7044983205E+00 -1.4941882446E+00 -2.1380636750E+00  1.5524818246E+02 -7.6109568652E+04
  2.6729003661E+00 -1.4770138995E+00 -2.1619618949E+00  2.9724191557E+02 -3.3285989982E+06
</Path of -GradDelSqRho>
<Path of -GradDelSqRho>
Starting CP# =      6
Ending CP# =      1
Number of Points =      7
  2.6181035249E+00 -1.4481013029E+00 -2.3185969475E+00  2.2523577342E+01  1.2347654705E+03
  2.6262928650E+00 -1.4524236950E+00 -2.2953751605E+00  3.2752362144E+01  9.8349310037E+02
  2.6344485112E+00 -1.4567274569E+00 -2.2721380565E+00  4.7993839937E+01 -7.9304805053E+02
  2.6425892987E+00 -1.4610230032E+00 -2.2488942218E+00  7.0633234989E+01 -6.3835025619E+03
  2.6507193544E+00 -1.4653126157E+00 -2.2256455362E+00  1.0423434594E+02 -2.0617642984E+04
  2.6588316669E+00 -1.4695924170E+00 -2.2023888454E+00  1.5464306982E+02 -7.5259986060E+04
  2.6729003661E+00 -1.4770138995E+00 -2.1619618949E+00  2.9724191557E+02 -3.3285989982E+06
</Path of -GradDelSqRho>
<Path of -GradDelSqRho>
Starting CP# =      6
Ending CP# =     17
Number of Points =     38
  2.6181035249E+00 -1.4481013029E+00 -2.3185969475E+00  2.2523577342E+01  1.2347654705E+03
  2.6098745014E+00 -1.4437569692E+00 -2.3418006066E+00  1.5611349889E+01  1.1528167744E+03
  2.6016275710E+00 -1.4394027357E+00 -2.3649960541E+00  1.0924723744E+01  9.8282948592E+02
  2.5933759871E+00 -1.4350459310E+00 -2.3881893637E+00  7.7567600445E+00  7.7446025893E+02
  2.5851136996E+00 -1.4306832103E+00 -2.4113777496E+00  5.6234286220E+00  5.7359933642E+02
  2.5768302810E+00 -1.4263088089E+00 -2.4345563928E+00  4.1876950294E+00  4.0916273419E+02
  2.5685143364E+00 -1.4219164278E+00 -2.4577199820E+00  3.2188684902E+00  2.8632866245E+02
  2.5601543951E+00 -1.4174997266E+00 -2.4808630981E+00  2.5620480151E+00  1.9794598091E+02
  2.5517398029E+00 -1.4130528166E+00 -2.5039806061E+00  2.1138611159E+00  1.3480686732E+02
  2.5432601852E+00 -1.4085699644E+00 -2.5270673877E+00  1.8049796466E+00  8.9708656900E+01
  2.5347028551E+00 -1.4040441587E+00 -2.5501170786E+00  1.5885862849E+00  5.7754290496E+01
  2.5260490998E+00 -1.3994650581E+00 -2.5731201837E+00  1.4330387986E+00  3.5561442787E+01
  2.5172698536E+00 -1.3948165980E+00 -2.5960617172E+00  1.3171220204E+00  2.0595332315E+01
  2.5083198004E+00 -1.3900737298E+00 -2.6189177125E+00  1.2268270861E+00  1.0848082702E+01
  2.4991276277E+00 -1.3851970274E+00 -2.6416489842E+00  1.1530792601E+00  4.7325442688E+00
  2.4895780319E+00 -1.3801227228E+00 -2.6641885323E+00  1.0901203971E+00  1.0429875576E+00
  2.4794749635E+00 -1.3747423304E+00 -2.6864126936E+00  1.0343864405E+00 -1.0888366719E+00
  2.4684546492E+00 -1.3688543453E+00 -2.7080616467E+00  9.8379523001E-01 -2.2551452109E+00
  2.4557328343E+00 -1.3620234271E+00 -2.7284472074E+00  9.3752899219E-01 -2.8411636932E+00
  2.4392964004E+00 -1.3531248470E+00 -2.7448121861E+00  8.9775826580E-01 -3.0935668422E+00
  2.4180293263E+00 -1.3414697839E+00 -2.7467226924E+00  8.7925902709E-01 -3.1985528591E+00
  2.3982533727E+00 -1.3305409995E+00 -2.7361562583E+00  8.8096055938E-01 -3.2806057740E+00
  2.3797244753E+00 -1.3202759951E+00 -2.7228848256E+00  8.8623202996E-01 -3.3594346883E+00
  2.3617294094E+00 -1.3102964838E+00 -2.7086890502E+00  8.9160675159E-01 -3.4351933197E+00
  2.3441722950E+00 -1.3005515796E+00 -2.6937985362E+00  8.9661826282E-01 -3.5074809745E+00
  2.3270574778E+00 -1.2910440193E+00 -2.6782539811E+00  9.0119111954E-01 -3.5759038160E+00
  2.3104017731E+00 -1.2817832366E+00 -2.6620746938E+00  9.0529926513E-01 -3.6400971103E+00
  2.2942232569E+00 -1.2727793549E+00 -2.6452779811E+00  9.0892538300E-01 -3.6997314626E+00
  2.2785400568E+00 -1.2640425400E+00 -2.6278811732E+00  9.1205678200E-01 -3.7545174646E+00
  2.2633702499E+00 -1.2555829471E+00 -2.6099018632E+00  9.1468510824E-01 -3.8042095667E+00
  2.2487318573E+00 -1.2474107211E+00 -2.5913579922E+00  9.1680634760E-01 -3.8486091788E+00
  2.2346428412E+00 -1.2395359969E+00 -2.5722679199E+00  9.1842079882E-01 -3.8875669492E+00
  2.2211210971E+00 -1.2319688980E+00 -2.5526504929E+00  9.1953299628E-01 -3.9209841937E+00
  2.2081844423E+00 -1.2247195332E+00 -2.5325251094E+00  9.2015158438E-01 -3.9488134708E+00
  2.1958506009E+00 -1.2177979888E+00 -2.5119117812E+00  9.2028914717E-01 -3.9710583228E+00
  2.1841371852E+00 -1.2112143184E+00 -2.4908311940E+00  9.1996199690E-01 -3.9877722247E+00
  2.1730616755E+00 -1.2049785238E+00 -2.4693047655E+00  9.1918992575E-01 -3.9990568041E+00
  2.1559238697E+00 -1.1953044608E+00 -2.4321639537E+00  9.1695354644E-01 -4.0062194739E+00
</Path of -GradDelSqRho>
<Path of -GradDelSqRho>
Starting CP# =     13
Ending CP# =     20
Number of Points =     20
  2.8194081867E+00 -1.0541310056E+00 -2.6827224944E+00  7.8837744934E-01 -2.5586396814E+00
  2.8408032327E+00 -1.0531215209E+00 -2.6779607451E+00  7.8516524504E-01 -2.5614962038E+00
  2.8650270845E+00 -1.0524207086E+00 -2.6718251814E+00  7.8182558847E-01 -2.5715498175E+00
  2.8890587056E+00 -1.0522009290E+00 -2.6649430098E+00  7.7881766088E-01 -2.5884888814E+00
  2.9128667810E+00 -1.0524641296E+00 -2.6573247648E+00  7.7612780467E-01 -2.6118164747E+00
  2.9364199061E+00 -1.0532116557E+00 -2.6489807437E+00  7.7373869611E-01 -2.6409097405E+00
  2.9596863681E+00 -1.0544444128E+00 -2.6399207883E+00  7.7162993225E-01 -2.6750265575E+00
  2.9826338666E+00 -1.0561629917E+00 -2.6301540696E+00  7.6977869290E-01 -2.7133156885E+00
  3.0052291716E+00 -1.0583677551E+00 -2.6196888840E+00  7.6816048432E-01 -2.7548304263E+00
  3.0274377181E+00 -1.0610588710E+00 -2.6085324624E+00  7.6674997034E-01 -2.7985456161E+00
  3.0492231338E+00 -1.0642362689E+00 -2.5966907913E+00  7.6552189227E-01 -2.8433778037E+00
  3.0705467011E+00 -1.0678994833E+00 -2.5841684463E+00  7.6445207120E-01 -2.8882081397E+00
  3.0913667566E+00 -1.0720473211E+00 -2.5709684360E+00  7.6351847124E-01 -2.9319075765E+00
  3.1116380466E+00 -1.0766772581E+00 -2.5570920522E+00  7.6270227891E-01 -2.9733638104E+00
  3.1313110700E+00 -1.0817843998E+00 -2.5425387027E+00  7.6198891731E-01 -3.0115093429E+00
  3.1503314571E+00 -1.0873597330E+00 -2.5273056612E+00  7.6136886379E-01 -3.0453499462E+00
  3.1686394288E+00 -1.0933871797E+00 -2.5113875449E+00  7.6083807958E-01 -3.0739927096E+00
  3.1861692632E+00 -1.0998384623E+00 -2.4947750049E+00  7.6039780981E-01 -3.0966727166E+00
  3.2028481709E+00 -1.1066633095E+00 -2.4774511320E+00  7.6005352565E-01 -3.1127772867E+00
  3.2296920646E+00 -1.1191289461E+00 -2.4452974748E+00  7.5970552934E-01 -3.1239215484E+00
</Path of -GradDelSqRho>
<Path of -GradDelSqRho>
Starting CP# =     13
Ending CP# =     17
Number of Points =     32
  2.8194081867E+00 -1.0541310056E+00 -2.6827224944E+00  7.8837744934E-01 -2.5586396814E+00
  2.7979367468E+00 -1.0555049291E+00 -2.6868924006E+00  7.9184844713E-01 -2.5615319446E+00
  2.7733469688E+00 -1.0575144348E+00 -2.6909217000E+00  7.9613273377E-01 -2.5719534604E+00
  2.7486838037E+00 -1.0599896772E+00 -2.6941669638E+00  8.0075922839E-01 -2.5899784698E+00
  2.7239794233E+00 -1.0629235240E+00 -2.6966197548E+00  8.0571826361E-01 -2.6155060924E+00
  2.6992660964E+00 -1.0663072048E+00 -2.6982726580E+00  8.1099442740E-01 -2.6483242913E+00
  2.6745760609E+00 -1.0701301623E+00 -2.6991194238E+00  8.1656644055E-01 -2.6881178837E+00
  2.6499413630E+00 -1.0743799076E+00 -2.6991550518E+00  8.2240712268E-01 -2.7344770377E+00
  2.6253936779E+00 -1.0790418897E+00 -2.6983758106E+00  8.2848345807E-01 -2.7869059600E+00
  2.6009641244E+00 -1.0840993745E+00 -2.6967791856E+00  8.3475677210E-01 -2.8448315765E+00
  2.5766830896E+00 -1.0895333281E+00 -2.6943637477E+00  8.4118302839E-01 -2.9076121193E+00
  2.5525800772E+00 -1.0953222927E+00 -2.6911289403E+00  8.4771325405E-01 -2.9745456258E+00
  2.5286835961E+00 -1.1014422384E+00 -2.6870747804E+00  8.5429409710E-01 -3.0448784425E+00
  2.5050211023E+00 -1.1078663681E+00 -2.6822014754E+00  8.6086851490E-01 -3.1178138837E+00
  2.4816190078E+00 -1.1145648470E+00 -2.6765089562E+00  8.6737658679E-01 -3.1925212327E+00
  2.4585027701E+00 -1.1215044184E+00 -2.6699963272E+00  8.7375643817E-01 -3.2681452792E+00
  2.4356970747E+00 -1.1286478559E+00 -2.6626612326E+00  8.7994525709E-01 -3.3438165747E+00
  2.4132261299E+00 -1.1359531864E+00 -2.6544991319E+00  8.8588038048E-01 -3.4186625517E+00
  2.3911141007E+00 -1.1433725987E+00 -2.6455024765E+00  8.9150042419E-01 -3.4918196122E+00
  2.3693857273E+00 -1.1508509155E+00 -2.6356597682E+00  8.9674643183E-01 -3.5624462498E+00
  2.3480672048E+00 -1.1583234656E+00 -2.6249544793E+00  9.0156302123E-01 -3.6297372350E+00
  2.3271874543E+00 -1.1657131169E+00 -2.6133638204E+00  9.0589951526E-01 -3.6929388866E+00
  2.3067800061E+00 -1.1729261440E+00 -2.6008573678E+00  9.0971105655E-01 -3.7513654665E+00
  2.2868858605E+00 -1.1798464749E+00 -2.5873956551E+00  9.1295972404E-01 -3.8044167734E+00
  2.2675579275E+00 -1.1863277582E+00 -2.5729290498E+00  9.1561569557E-01 -3.8515970404E+00
  2.2488679785E+00 -1.1921827278E+00 -2.5573977502E+00  9.1765853749E-01 -3.8925351484E+00
  2.2309173927E+00 -1.1971699853E+00 -2.5407348427E+00  9.1907874908E-01 -3.9270056540E+00
  2.2138528047E+00 -1.2009808283E+00 -2.5228764825E+00  9.1987972290E-01 -3.9549484741E+00
  2.1978850751E+00 -1.2032360963E+00 -2.5037862939E+00  9.2008018639E-01 -3.9764808323E+00
  2.1832994732E+00 -1.2035198254E+00 -2.4835012901E+00  9.1971657679E-01 -3.9918868005E+00
  2.1704185131E+00 -1.2015021006E+00 -2.4621896818E+00  9.1884291032E-01 -4.0015614668E+00
  2.1559238697E+00 -1.1953044608E+00 -2.4321639537E+00  9.1695354644E-01 -4.0062194739E+00
</Path of -GradDelSqRho>
<Path of -GradDelSqRho>
Starting CP# =     14
Ending CP# =     12
Number of Points =     32
  3.3220287670E+00 -1.2989675711E+00 -2.0205074316E+00  7.8604133795E-01 -2.5659097932E+00
  3.3180382122E+00 -1.3093717424E+00 -2.0009126139E+00  7.8975157491E-01 -2.5691540740E+00
  3.3127777114E+00 -1.3210180439E+00 -1.9794272718E+00  7.9424591238E-01 -2.5804497111E+00
  3.3066434427E+00 -1.3327600176E+00 -1.9582276108E+00  7.9913972158E-01 -2.5999264702E+00
  3.2996411985E+00 -1.3445784229E+00 -1.9373416718E+00  8.0442761501E-01 -2.6275509039E+00
  3.2917782891E+00 -1.3564531899E+00 -1.9167967706E+00  8.1009820256E-01 -2.6631707055E+00
  3.2830637137E+00 -1.3683634163E+00 -1.8966192823E+00  8.1613386931E-01 -2.7065219410E+00
  3.2735082708E+00 -1.3802873680E+00 -1.8768344062E+00  8.2251063165E-01 -2.7572368692E+00
  3.2631245996E+00 -1.3922024813E+00 -1.8574659235E+00  8.2919808361E-01 -2.8148519937E+00
  3.2519271498E+00 -1.4040853603E+00 -1.8385359636E+00  8.3615944638E-01 -2.8788160961E+00
