 AIMInt (Version 19.02.13, Professional)
 Portions Copyright (c) 1997-2019 by Todd A. Keith
 AIMInt is a component of the AIMAll package ( http://aim.tkgristmill.com )

 TP:  64-bit Linux

 Licensed To:  Research Group of Fernando Cortes Guzman, UNAM, fercor@unam.mx

 AIMInt is a heavily modified and extended version of the PROAIMV program
 developed by members of R.F.W. Bader's research group

 Much of the Quantum Theory of Atoms in Molecules (QTAIM) is described in the book:
   "Atoms in Molecules - A Quantum Theory"
   R.F.W. Bader, Oxford University Press, Oxford, 1990

 For additional references see:  http://aim.tkgristmill.com/references.html

 Current Directory:  /home/scratch/M_H2O_4_tetraedrico/Opt

 Inp File:  Ti3_tetraedrico_cc-pvtz-def2-tzv_1_atomicfiles/o6.inp
 Wfx File:  Ti3_tetraedrico_cc-pvtz-def2-tzv_1.wfx
 Out File:  Ti3_tetraedrico_cc-pvtz-def2-tzv_1_atomicfiles/o6.int

 Wfx Title:   Ti3_tetraedrico_cc-pvtz-def2-tzv_1                                            
 Job Title:   Ti3_tetraedrico_cc-pvtz-def2-tzv_1                                            
 
<Atom>
O6      
</Atom>
<Nuclei of Molecule>
    13
Ti1       22.0           7.0701516836E-06   2.8783692891E-05  -1.9862545629E-05
O2         8.0           1.4792148201E+00   2.6715304340E+00   2.1621614851E+00
H3         1.0           3.2093166342E+00   2.6993700930E+00   2.8940246752E+00
O4         8.0           2.6729002037E+00  -1.4770138087E+00  -2.1619616874E+00
H5         1.0           2.7000796414E+00  -3.2066475862E+00  -2.8947942503E+00
O6         8.0          -1.4784285172E+00  -2.6750283548E+00   2.1582901921E+00
H7         1.0          -3.2086561307E+00  -2.7040016814E+00   2.8897268143E+00
O8         8.0          -2.6736592465E+00   1.4806274500E+00  -2.1585704793E+00
H9         1.0          -2.7000938481E+00   3.2102307773E+00  -2.8916487633E+00
H10        1.0          -5.7963069464E-01  -4.1435076055E+00   2.9101964034E+00
H11        1.0          -4.1437515188E+00   5.8347787679E-01  -2.9093105595E+00
H12        1.0           4.1420411386E+00  -5.7916187764E-01  -2.9136281491E+00
H13        1.0           5.8032115353E-01   4.1386809978E+00   2.9165147216E+00
</Nuclei of Molecule>
<Total Number of CPs of DelSqRho>
    37
</Total Number of CPs of DelSqRho>
<Number of (3,+3) CPs of DelSqRho>
     5
</Number of (3,+3) CPs of DelSqRho>
<Number of (3,+1) CPs of DelSqRho>
    14
</Number of (3,+1) CPs of DelSqRho>
<Number of (3,-1) CPs of DelSqRho>
    12
</Number of (3,-1) CPs of DelSqRho>
<Number of (3,-3) CPs of DelSqRho>
     6
</Number of (3,-3) CPs of DelSqRho>
<Number of Degenerate CPs of DelSqRho>
     0
</Number of Degenerate CPs of DelSqRho>
<CP of DelSqRho>
CP# = 1       
Type = (3,+3)
Coords = -1.47842860792878E+00 -2.67502851730847E+00  2.15829039963432E+00
DistFromNuc =  2.7874586235E-07
Rho =  2.9724191650E+02
DelSqRho = -3.3285988792E+06
GradDelSqRho = -1.2674964637E-05 -1.0358589861E-05  4.3305335566E-06
HessDelSqRho_EigVals =  1.3237032659E+11  1.3237034498E+11  1.3237035197E+11
HessDelSqRho_EigVec1 =  2.9360962386E-01  5.4736320804E-01  7.8370077661E-01
HessDelSqRho_EigVec2 =  3.8037269491E-01  6.8523911839E-01 -6.2109899662E-01
HessDelSqRho_EigVec3 =  8.7698916854E-01 -4.8045901918E-01  7.0092187297E-03
</CP of DelSqRho>
<CP of DelSqRho>
CP# = 2       
Type = (3,-1)
Coords = -8.72151432992676E-01 -1.57315011525559E+00  1.14794313604799E+00
DistFromNuc =  1.6132292867E+00
Rho =  1.1743501667E-01
DelSqRho =  2.8724688050E-01
GradDelSqRho =  2.1857515797E-14  5.9200908065E-14 -1.4419021532E-14
HessDelSqRho_EigVals = -3.5639653208E-01 -1.1690892450E-01  3.5985118354E+00
HessDelSqRho_EigVec1 =  2.7899561575E-01  5.1539901601E-01  8.1026248876E-01
HessDelSqRho_EigVec2 =  8.7658108938E-01 -4.8123517865E-01  4.2774493519E-03
HessDelSqRho_EigVec3 =  3.9213140672E-01  7.0906738546E-01 -5.8605153590E-01
</CP of DelSqRho>
<CP of DelSqRho>
CP# = 3       
Type = (3,+1)
Coords = -1.44968980398707E+00 -2.62027359285385E+00  2.31497275304785E+00
DistFromNuc =  1.6844412276E-01
Rho =  2.2523436822E+01
DelSqRho =  1.2347522805E+03
GradDelSqRho = -1.1510792319E-11 -8.3630879999E-12 -3.9079850467E-11
HessDelSqRho_EigVals = -4.1069609651E+05  2.0943780748E+03  3.0346408905E+03
HessDelSqRho_EigVec1 =  1.7233752576E-01  3.2818962300E-01  9.2875796016E-01
HessDelSqRho_EigVec2 =  4.4822456100E-01  8.1347025523E-01 -3.7062229664E-01
HessDelSqRho_EigVec3 =  8.7715136672E-01 -4.8016425856E-01  6.9111986292E-03
</CP of DelSqRho>
<CP of DelSqRho>
CP# = 4       
Type = (3,-1)
Coords = -1.54663465525821E+00 -2.79825820574769E+00  2.25111330670650E+00
DistFromNuc =  1.6868255402E-01
Rho =  2.2363038234E+01
DelSqRho =  1.2529945355E+03
GradDelSqRho = -6.7927885539E-12 -1.8758328224E-12  8.0291329141E-12
HessDelSqRho_EigVals = -4.0901971005E+05 -1.4796034706E+03  1.3117394744E+03
HessDelSqRho_EigVec1 =  4.0462351903E-01  7.3106454885E-01 -5.4938550515E-01
HessDelSqRho_EigVec2 =  2.5878501574E-01  4.8466754183E-01  8.3554035781E-01
HessDelSqRho_EigVec3 =  8.7710325702E-01 -4.8025201647E-01  6.9193355496E-03
</CP of DelSqRho>
<CP of DelSqRho>
CP# = 5       
Type = (3,-3)
Coords = -1.33642672547765E+00 -2.64312283187982E+00  2.07594668360928E+00
DistFromNuc =  1.6722118480E-01
Rho =  2.2660820299E+01
DelSqRho =  1.2907679706E+03
GradDelSqRho =  3.9221959014E-12  5.0306425692E-12 -4.0358827391E-12
HessDelSqRho_EigVals = -4.4468021241E+05 -3.1148516585E+03 -4.6036422865E+02
HessDelSqRho_EigVec1 =  8.4782971127E-01  1.9271833585E-01 -4.9400852595E-01
HessDelSqRho_EigVec2 =  3.2117499595E-01  5.5466472212E-01  7.6758951792E-01
HessDelSqRho_EigVec3 = -4.2193767628E-01  8.0944838567E-01 -4.0836492047E-01
</CP of DelSqRho>
<CP of DelSqRho>
CP# = 6       
Type = (3,+1)
Coords = -1.54501794321568E+00 -2.79797647806455E+00  2.06483501770536E+00
DistFromNuc =  1.6817925643E-01
Rho =  2.2579949991E+01
DelSqRho =  1.2410175050E+03
GradDelSqRho =  1.4210854715E-13  8.7823082140E-12  7.3896444519E-13
HessDelSqRho_EigVals = -4.1690821123E+05  1.8231836953E+03  2.8105213806E+03
HessDelSqRho_EigVec1 =  3.9479064996E-01  7.2900176045E-01  5.5919296845E-01
HessDelSqRho_EigVec2 = -2.7347463689E-01 -4.8780569840E-01  8.2900978498E-01
HessDelSqRho_EigVec3 =  8.7712710919E-01 -4.8021040583E-01  6.7823630024E-03
</CP of DelSqRho>
<CP of DelSqRho>
CP# = 7       
Type = (3,-3)
Coords = -1.52695402552132E+00 -2.53874843871103E+00  2.07440936417495E+00
DistFromNuc =  1.6722121211E-01
Rho =  2.2660859942E+01
DelSqRho =  1.2907585036E+03
GradDelSqRho =  3.9008796193E-12 -1.1084466678E-11  1.4779288904E-12
HessDelSqRho_EigVals = -4.4467835972E+05 -3.1141335293E+03 -4.5870392195E+02
HessDelSqRho_EigVec1 = -2.8782003204E-01  8.1484826243E-01 -5.0317187756E-01
HessDelSqRho_EigVec2 =  2.8500702274E-01  5.7447887385E-01  7.6729721783E-01
HessDelSqRho_EigVec3 =  9.1429241829E-01  7.7435991073E-02 -3.9758400514E-01
</CP of DelSqRho>
<CP of DelSqRho>
CP# = 8       
Type = (3,-1)
Coords = -7.96558190945108E-01 -2.81133702206188E+00  2.00280995248320E+00
DistFromNuc =  7.1253161302E-01
Rho =  6.8315500460E-01
DelSqRho = -1.1161312201E+00
GradDelSqRho = -2.6645352591E-15  1.3322676296E-14 -6.1617377867E-15
HessDelSqRho_EigVals = -1.5262712755E+01 -1.1288577050E+01  1.4756179397E+02
HessDelSqRho_EigVec1 = -2.5864264565E-04  8.0049023126E-01 -5.9934574560E-01
HessDelSqRho_EigVec2 =  2.9150043131E-01  5.7337694758E-01  7.6568033443E-01
HessDelSqRho_EigVec3 =  9.5657066213E-01 -1.7451150576E-01 -2.3349154740E-01
</CP of DelSqRho>
<CP of DelSqRho>
CP# = 9       
Type = (3,-1)
Coords = -1.95875209002527E+00 -2.17507821592540E+00  1.99381153955468E+00
DistFromNuc =  7.1254059751E-01
Rho =  6.8315124941E-01
DelSqRho = -1.1160217126E+00
GradDelSqRho = -5.3290705182E-15  6.6613381478E-15 -4.4131365229E-15
HessDelSqRho_EigVals = -1.5263683910E+01 -1.1292066917E+01  1.4755472193E+02
HessDelSqRho_EigVec1 =  6.8127860059E-01  4.2659125586E-01 -5.9487760825E-01
HessDelSqRho_EigVec2 =  3.1758600934E-01  5.5993947574E-01  7.6524957379E-01
HessDelSqRho_EigVec3 = -6.5954423283E-01  7.1027296438E-01 -2.4599536788E-01
</CP of DelSqRho>
<CP of DelSqRho>
CP# = 10      
Type = (3,-1)
Coords = -1.75413677693848E+00 -3.17227806659734E+00  2.59826306647105E+00
DistFromNuc =  7.1892172768E-01
Rho =  6.8181970240E-01
DelSqRho = -1.1598428087E+00
GradDelSqRho =  1.3766765505E-14  2.0428103653E-14 -2.0428103653E-14
HessDelSqRho_EigVals = -1.8926748706E+01 -4.7671156536E+00  1.4062926349E+02
HessDelSqRho_EigVec1 =  8.7705217502E-01 -4.8034837823E-01  6.7020759245E-03
HessDelSqRho_EigVec2 =  2.8765320900E-01  5.3628786584E-01  7.9350548599E-01
HessDelSqRho_EigVec3 =  3.8475331531E-01  6.9401783873E-01 -6.0852619161E-01
</CP of DelSqRho>
<CP of DelSqRho>
CP# = 11      
Type = (3,+3)
Coords = -1.56054821835305E+00 -2.83367222557845E+00  1.54280107197130E+00
DistFromNuc =  6.4088874235E-01
Rho =  9.4233251200E-01
DelSqRho = -4.2535839463E+00
GradDelSqRho =  7.9936057773E-15  4.4408920985E-15  3.1974423109E-14
HessDelSqRho_EigVals =  1.0083378460E+01  2.0950839502E+01  3.2368399414E+02
HessDelSqRho_EigVec1 =  4.5970793643E-01  8.3592631488E-01 -2.9982629850E-01
HessDelSqRho_EigVec2 =  8.7723264159E-01 -4.8001867160E-01  6.7057767155E-03
HessDelSqRho_EigVec3 =  1.3831668630E-01  2.6610011463E-01  9.5397024235E-01
</CP of DelSqRho>
<CP of DelSqRho>
CP# = 12      
Type = (3,+1)
Coords = -1.83554850734939E+00 -2.39445182896537E+00  2.67331355478347E+00
DistFromNuc =  6.8666362819E-01
Rho =  7.8836608010E-01
DelSqRho = -2.5588466263E+00
GradDelSqRho =  4.9737991503E-14 -6.7501559897E-14 -1.0569323194E-13
HessDelSqRho_EigVals = -1.1960268635E+01  1.2189863083E+01  1.9271493440E+02
HessDelSqRho_EigVec1 =  8.5082281076E-01  4.8121773694E-01  2.1102140730E-01
HessDelSqRho_EigVec2 = -2.7990394713E-01  7.5494848250E-01 -5.9304853861E-01
HessDelSqRho_EigVec3 = -4.4469576686E-01  4.4551349971E-01  7.7702213386E-01
</CP of DelSqRho>
<CP of DelSqRho>
CP# = 13      
Type = (3,+1)
Coords = -1.29962219625047E+00 -3.32394911168769E+00  2.01681966378428E+00
DistFromNuc =  6.8781084575E-01
Rho =  7.8602620735E-01
DelSqRho = -2.5658297667E+00
GradDelSqRho = -1.7763568394E-15  7.6383344094E-14  8.5931262106E-14
HessDelSqRho_EigVals = -1.2651144741E+01  1.2718515489E+01  1.9253580958E+02
HessDelSqRho_EigVec1 = -4.5870201723E-01  1.6097785387E-01 -8.7388705789E-01
HessDelSqRho_EigVec2 =  8.6262478871E-01  3.1667461922E-01 -3.9445615655E-01
HessDelSqRho_EigVec3 = -2.1323914577E-01  9.3477447339E-01  2.8412277382E-01
</CP of DelSqRho>
<CP of DelSqRho>
CP# = 14      
Type = (3,+1)
Coords = -1.05586855813974E+00 -2.82126292328854E+00  2.67939762538404E+00
DistFromNuc =  6.8665451651E-01
Rho =  7.8835400724E-01
DelSqRho = -2.5583377913E+00
GradDelSqRho = -3.9079850467E-14  2.2648549702E-14 -5.5955240441E-14
HessDelSqRho_EigVals = -1.1966919639E+01  1.2182974569E+01  1.9272689921E+02
HessDelSqRho_EigVec1 = -5.5547002688E-02  9.7740767173E-01  2.0393325805E-01
HessDelSqRho_EigVec2 =  7.9386608738E-01  1.6710808294E-01 -5.8468070254E-01
HessDelSqRho_EigVec3 =  6.0555029997E-01 -1.2941843710E-01  7.8521315727E-01
</CP of DelSqRho>
<CP of DelSqRho>
CP# = 15      
Type = (3,+3)
Coords = -1.19740711922242E+00 -2.15783091743503E+00  2.42882559126550E+00
DistFromNuc =  6.4780831852E-01
Rho =  9.1689959825E-01
DelSqRho = -4.0057986979E+00
GradDelSqRho =  7.1054273576E-15  2.4868995752E-14  1.0658141036E-14
HessDelSqRho_EigVals =  7.9042234033E+00  1.9613849961E+01  2.9418524264E+02
HessDelSqRho_EigVec1 = -2.1817442018E-01 -3.8534572696E-01  8.9660949866E-01
HessDelSqRho_EigVec2 =  8.7709621197E-01 -4.8026344991E-01  7.0180934523E-03
HessDelSqRho_EigVec3 =  4.2790437872E-01  7.8794396336E-01  4.4276647714E-01
</CP of DelSqRho>
<CP of DelSqRho>
CP# = 16      
Type = (3,+1)
Coords = -1.22255894910921E+00 -2.21352748247260E+00  1.74299135379007E+00
DistFromNuc =  6.7150980347E-01
Rho =  8.4227445210E-01
DelSqRho = -3.3317785165E+00
GradDelSqRho =  8.8817841970E-16 -8.8817841970E-15  8.8817841970E-15
HessDelSqRho_EigVals = -6.0140316967E+00  1.7741879576E+01  2.3315244709E+02
HessDelSqRho_EigVec1 =  2.9413644361E-01  5.4817237945E-01  7.8293728673E-01
HessDelSqRho_EigVec2 =  8.7710761172E-01 -4.8024676226E-01  6.7293982707E-03
HessDelSqRho_EigVec3 =  3.7969196727E-01  6.8474089241E-01 -6.2206424126E-01
</CP of DelSqRho>
<CP of DelSqRho>
CP# = 17      
Type = (3,+1)
Coords = -2.11978291203421E+00 -2.87488915969681E+00  2.01049343925815E+00
DistFromNuc =  6.8783986598E-01
Rho =  7.8593913351E-01
DelSqRho = -2.5649143799E+00
GradDelSqRho =  3.3750779949E-14  7.7715611724E-15  1.2878587086E-14
HessDelSqRho_EigVals = -1.2657242068E+01  1.2711293610E+01  1.9248170532E+02
HessDelSqRho_EigVec1 = -3.9304785267E-01  3.0541533565E-01  8.6731474002E-01
HessDelSqRho_EigVec2 = -1.9316343176E-01  8.9475602538E-01 -4.0261587608E-01
HessDelSqRho_EigVec3 =  8.9900015247E-01  3.2578079714E-01  2.9268686009E-01
</CP of DelSqRho>
<CP of DelSqRho>
CP# = 18      
Type = (3,+3)
Coords = -2.14356203211899E+00 -2.67114690569950E+00  2.43395016233983E+00
DistFromNuc =  7.2000422045E-01
Rho =  7.5964754688E-01
DelSqRho = -3.1232872378E+00
GradDelSqRho = -8.8817841970E-16 -3.7747582837E-15 -8.8817841970E-16
HessDelSqRho_EigVals =  1.1744693556E+01  2.2729906470E+01  1.4369413428E+02
HessDelSqRho_EigVec1 =  3.2450987605E-01  5.5135557801E-01  7.6857033962E-01
HessDelSqRho_EigVec2 = -1.9916383542E-01  8.3415574431E-01 -5.1431309618E-01
HessDelSqRho_EigVec3 =  9.2467675812E-01 -1.3828262464E-02 -3.8050186878E-01
</CP of DelSqRho>
<CP of DelSqRho>
CP# = 19      
Type = (3,+3)
Coords = -1.12023602209124E+00 -3.23156466817698E+00  2.44174823801547E+00
DistFromNuc =  7.1998819120E-01
Rho =  7.5968737136E-01
DelSqRho = -3.1237268551E+00
GradDelSqRho =  5.7731597281E-15 -1.2434497876E-14  7.9936057773E-15
HessDelSqRho_EigVals =  1.1746791347E+01  2.2732055717E+01  1.4371361049E+02
HessDelSqRho_EigVec1 =  2.8058944685E-01  5.7512082628E-01  7.6844362024E-01
HessDelSqRho_EigVec2 = -8.1618073672E-01 -2.7833961150E-01  5.0633592178E-01
HessDelSqRho_EigVec3 = -5.0509263243E-01  7.6926139631E-01 -3.9130338207E-01
</CP of DelSqRho>
<CP of DelSqRho>
CP# = 20      
Type = (3,-3)
Coords = -3.91129019210716E-01 -2.91134299360242E+00  1.88771207639442E+00
DistFromNuc =  1.1451101797E+00
Rho =  2.4620302518E-01
DelSqRho =  8.2713723348E-01
GradDelSqRho = -4.8846482414E-12  7.1109784727E-14  9.1167351446E-13
HessDelSqRho_EigVals = -1.7547324785E+01 -1.7542353068E+00 -4.7725198441E-01
HessDelSqRho_EigVec1 =  9.5019536291E-01 -1.7359913369E-01 -2.5882834678E-01
HessDelSqRho_EigVec2 = -1.6491372393E-02  8.0132594767E-01 -5.9800063564E-01
HessDelSqRho_EigVec3 =  3.1121826256E-01  5.7248586566E-01  7.5855331169E-01
</CP of DelSqRho>
<CP of DelSqRho>
CP# = 21      
Type = (3,+1)
Coords = -9.31118302857481E-01 -1.68255518378924E+00  1.66292635609516E+00
DistFromNuc =  1.2369061387E+00
Rho =  2.4457335499E-01
DelSqRho =  4.2641716986E-01
GradDelSqRho = -2.5396351688E-15 -5.1625370645E-15  1.8596235662E-15
HessDelSqRho_EigVals = -1.1019171345E+01  2.4231650599E-01  8.3151131915E-01
HessDelSqRho_EigVec1 =  4.4336226782E-01  8.0394623957E-01 -3.9635885680E-01
HessDelSqRho_EigVec2 =  1.8498886185E-01  3.5060616439E-01  9.1807104218E-01
HessDelSqRho_EigVec3 =  8.7704562052E-01 -4.8036003308E-01  6.7244443092E-03
</CP of DelSqRho>
<CP of DelSqRho>
CP# = 22      
Type = (3,+1)
Coords = -9.17049870464599E-01 -3.58051094028977E+00  2.62059429582626E+00
DistFromNuc =  1.1613654817E+00
Rho =  4.0552139188E-01
DelSqRho = -9.1947377381E-01
GradDelSqRho =  9.5667918032E-13 -1.4639955914E-12  7.9988793367E-13
HessDelSqRho_EigVals = -2.9713603156E+01  1.4114001602E+01  1.4789538122E+01
HessDelSqRho_EigVec1 = -4.7568748185E-01  7.8263268778E-01 -4.0150653250E-01
HessDelSqRho_EigVec2 =  3.0238035305E-01  5.7413422929E-01  7.6087844552E-01
HessDelSqRho_EigVec3 =  8.2600698648E-01  2.4053266469E-01 -5.0976121421E-01
</CP of DelSqRho>
<CP of DelSqRho>
CP# = 23      
Type = (3,-3)
Coords = -1.72135768109354E+00 -3.10379398892190E+00  3.21389193805270E+00
DistFromNuc =  1.1649676363E+00
Rho =  2.4681766154E-01
DelSqRho =  8.5046350112E-01
GradDelSqRho =  1.4918621893E-15  2.5465740627E-15 -6.7723604502E-15
HessDelSqRho_EigVals = -1.7635669199E+01 -2.5724161479E+00 -1.6211153423E-01
HessDelSqRho_EigVec1 = -2.0719184002E-01 -3.6558468844E-01  9.0742458475E-01
HessDelSqRho_EigVec2 =  8.7702991239E-01 -4.8038888625E-01  6.7119847634E-03
HessDelSqRho_EigVec3 =  4.3346288677E-01  7.9722917253E-01  4.2016136455E-01
</CP of DelSqRho>
<CP of DelSqRho>
CP# = 24      
Type = (3,-1)
Coords = -1.88515134302261E+00 -3.40631338180250E+00  2.96990045791480E+00
DistFromNuc =  1.1657240116E+00
Rho =  2.4986655527E-01
DelSqRho =  8.4585205651E-01
GradDelSqRho =  7.8478890053E-14  1.4280243654E-13 -1.4366285939E-13
HessDelSqRho_EigVals = -1.6672259342E+01 -3.9001248957E+00  1.2561847986E-01
HessDelSqRho_EigVec1 = -3.4964100877E-01 -6.2870481849E-01  6.9460882242E-01
HessDelSqRho_EigVec2 =  8.7708433713E-01 -4.8028864924E-01  6.7734013967E-03
HessDelSqRho_EigVec3 = -3.2935426298E-01 -6.1159877748E-01 -7.1935575680E-01
</CP of DelSqRho>
<CP of DelSqRho>
CP# = 25      
Type = (3,-1)
Coords = -5.65792466438759E-01 -2.55933045679558E+00  2.90931003160868E+00
DistFromNuc =  1.1875695197E+00
Rho =  2.4269748539E-01
DelSqRho =  7.1988042681E-01
GradDelSqRho =  2.2482016249E-15 -8.5001450323E-17  1.6653345369E-15
HessDelSqRho_EigVals = -1.6987162508E+01 -1.3650217900E+00  3.0740783456E-01
HessDelSqRho_EigVec1 =  7.7424205207E-01  1.2092494758E-01  6.2122974966E-01
HessDelSqRho_EigVec2 = -5.0354454156E-02  9.9023501539E-01 -1.2999632013E-01
HessDelSqRho_EigVec3 = -6.3088324891E-01  6.9366932710E-02  7.7277070008E-01
</CP of DelSqRho>
<CP of DelSqRho>
CP# = 26      
Type = (3,-3)
Coords = -2.01765730339159E+00 -3.65528594110900E+00  2.47240068323746E+00
DistFromNuc =  1.1620404554E+00
Rho =  2.4629690843E-01
DelSqRho =  8.5661198307E-01
GradDelSqRho =  2.9673763446E-12  5.4103943548E-12 -6.6224456474E-13
HessDelSqRho_EigVals = -1.7683911346E+01 -2.4860045175E+00 -2.1444853773E-01
HessDelSqRho_EigVec1 =  4.6457543425E-01  8.4461492508E-01 -2.6607385106E-01
HessDelSqRho_EigVec2 =  8.7707117374E-01 -4.8031355759E-01  6.7113770820E-03
HessDelSqRho_EigVec3 =  1.2213034873E-01  2.3648364578E-01  9.6392928330E-01
</CP of DelSqRho>
<CP of DelSqRho>
CP# = 27      
Type = (3,+1)
Coords = -2.54913573779247E+00 -2.68684606086352E+00  2.60792361320349E+00
DistFromNuc =  1.1613456952E+00
Rho =  4.0553311733E-01
DelSqRho = -9.1948362532E-01
GradDelSqRho =  5.5511151231E-16  2.6367796835E-15  3.5249581032E-15
HessDelSqRho_EigVals = -2.9716285667E+01  1.4114527511E+01  1.4790748537E+01
HessDelSqRho_EigVec1 =  9.2037069499E-01  1.8251098787E-02 -3.9062089191E-01
HessDelSqRho_EigVec2 =  3.1166674444E-01  5.6907741051E-01  7.6093018159E-01
HessDelSqRho_EigVec3 = -2.3618133758E-01  8.2208138176E-01 -5.1807391127E-01
</CP of DelSqRho>
<CP of DelSqRho>
CP# = 28      
Type = (3,-1)
Coords = -1.13480754330444E+00 -3.60990560585388E+00  1.51274182192851E+00
DistFromNuc =  1.1869303040E+00
Rho =  2.4207122755E-01
DelSqRho =  7.2846124006E-01
GradDelSqRho = -9.1213842035E-13  1.9942242302E-12  1.6709897355E-12
HessDelSqRho_EigVals = -1.7264567445E+01 -1.2342653591E+00  2.8042721053E-01
HessDelSqRho_EigVec1 = -2.9084187299E-01  7.7303281591E-01  5.6376526183E-01
HessDelSqRho_EigVec2 =  3.3568279588E-01 -4.6933491020E-01  8.1672627154E-01
HessDelSqRho_EigVec3 =  8.9595092805E-01  4.2678449784E-01 -1.2299157261E-01
</CP of DelSqRho>
<CP of DelSqRho>
CP# = 29      
Type = (3,-1)
Coords = -2.44363698202898E+00 -2.89281391425880E+00  1.50271942248335E+00
DistFromNuc =  1.1869418539E+00
Rho =  2.4207548909E-01
DelSqRho =  7.2832845103E-01
GradDelSqRho = -1.0408340856E-15 -1.0408340856E-17 -2.9837243787E-16
HessDelSqRho_EigVals = -1.7259541563E+01 -1.2357296982E+00  2.8097695058E-01
HessDelSqRho_EigVec1 =  8.0136362768E-01  1.7459163035E-01  5.7213119024E-01
HessDelSqRho_EigVec2 = -5.8574162998E-01  3.5018715647E-02  8.0974096628E-01
HessDelSqRho_EigVec3 = -1.2133869600E-01  9.8401801415E-01 -1.3032831115E-01
</CP of DelSqRho>
<CP of DelSqRho>
CP# = 30      
Type = (3,-1)
Coords = -1.88130704374808E+00 -1.83913478323152E+00  2.89950799151253E+00
DistFromNuc =  1.1876165190E+00
Rho =  2.4270354976E-01
DelSqRho =  7.1965965913E-01
GradDelSqRho =  1.1934897515E-15 -1.0685896612E-15 -2.3245294578E-15
HessDelSqRho_EigVals = -1.6983812607E+01 -1.3637266394E+00  3.0818388402E-01
HessDelSqRho_EigVec1 = -3.2238087925E-01  7.2125514676E-01  6.1307551082E-01
HessDelSqRho_EigVec2 =  8.6294909737E-01  4.9013130183E-01 -1.2284202182E-01
HessDelSqRho_EigVec3 =  3.8908793871E-01 -4.8945103967E-01  7.8041543790E-01
</CP of DelSqRho>
<CP of DelSqRho>
CP# = 31      
Type = (3,-3)
Coords = -2.25984843047222E+00 -1.88786756977770E+00  1.87358883881217E+00
DistFromNuc =  1.1451174799E+00
Rho =  2.4621725278E-01
DelSqRho =  8.2717820428E-01
GradDelSqRho = -5.5511151231E-16  4.7184478547E-16 -4.9960036108E-16
HessDelSqRho_EigVals = -1.7546641705E+01 -1.7550981900E+00 -4.7831205384E-01
HessDelSqRho_EigVec1 = -6.5490391482E-01  7.0545191342E-01 -2.7099531399E-01
HessDelSqRho_EigVec2 =  6.9101666171E-01  4.1384055966E-01 -5.9264826366E-01
HessDelSqRho_EigVec3 =  3.0593599918E-01  5.7538994520E-01  7.5850482884E-01
</CP of DelSqRho>
<CP of DelSqRho>
CP# = 32      
Type = (3,-1)
Coords = -3.42986962629533E+00 -2.16841954773755E+00  2.26042697737261E+00
DistFromNuc =  2.0187141473E+00
Rho =  7.1642911368E-02
DelSqRho =  1.8564658016E-01
GradDelSqRho =  5.6690763195E-15 -1.9428902931E-15  1.5543122345E-15
HessDelSqRho_EigVals = -2.0330438558E+00 -1.1725577816E-02  5.0266757230E-01
HessDelSqRho_EigVec1 =  7.7846779984E-01 -5.0891496587E-01  3.6741453718E-01
HessDelSqRho_EigVec2 =  2.1678300658E-01  7.6731647273E-01  6.0351516861E-01
HessDelSqRho_EigVec3 = -5.8906112813E-01 -3.9016789745E-01  7.0765528269E-01
</CP of DelSqRho>
<CP of DelSqRho>
CP# = 33      
Type = (3,+1)
Coords = -6.78574560443265E-01 -4.51235085200876E+00  2.11747068748983E+00
DistFromNuc =  2.0042920303E+00
Rho =  7.1187749967E-02
DelSqRho =  1.8377138534E-01
GradDelSqRho =  2.2985086057E-17  9.0205620751E-17  3.9031278209E-17
HessDelSqRho_EigVals = -1.7639746105E+00  1.4428142348E-02  5.7579337451E-01
HessDelSqRho_EigVec1 = -2.1802601070E-01  8.5529074966E-01  4.7004509593E-01
HessDelSqRho_EigVec2 = -8.8404019518E-01 -3.7711658092E-01  2.7614492157E-01
HessDelSqRho_EigVec3 =  4.1344599644E-01 -3.5533198272E-01  8.3833262496E-01
</CP of DelSqRho>
<CP of DelSqRho>
CP# = 34      
Type = (3,+1)
Coords = -2.93792344078600E+00 -2.01476106513356E+00  3.37367806975967E+00
DistFromNuc =  2.0107824395E+00
Rho =  7.0858215107E-02
DelSqRho =  1.8025484802E-01
GradDelSqRho =  2.7188321039E-14  4.0941208757E-14 -3.1990035620E-14
HessDelSqRho_EigVals = -1.7051567478E+00  1.8856508389E-02  5.7682508660E-01
HessDelSqRho_EigVec1 = -3.6364058915E-01  6.1483659495E-01  6.9981532095E-01
HessDelSqRho_EigVec2 = -3.3381648663E-01  6.1534633560E-01 -7.1408363692E-01
HessDelSqRho_EigVec3 =  8.6967354518E-01  4.9327968616E-01  1.8522312034E-02
</CP of DelSqRho>
<CP of DelSqRho>
CP# = 35      
Type = (3,-1)
Coords = -1.25426403942640E-03 -4.04495657458742E+00  2.28763447194743E+00
DistFromNuc =  2.0187810789E+00
Rho =  7.1633486982E-02
DelSqRho =  1.8561247946E-01
GradDelSqRho = -3.2661373606E-14  1.7319479184E-14  7.7073764038E-15
HessDelSqRho_EigVals = -2.0328161583E+00 -1.1633657099E-02  5.0263134852E-01
HessDelSqRho_EigVec1 =  8.5290707744E-01 -3.8357103183E-01 -3.5415078822E-01
HessDelSqRho_EigVec2 =  5.2167532662E-01  6.0005502573E-01  6.0645595033E-01
HessDelSqRho_EigVec3 = -2.0108974292E-02 -7.0200230031E-01  7.1189072161E-01
</CP of DelSqRho>
<CP of DelSqRho>
CP# = 36      
Type = (3,+1)
Coords = -3.45643854048719E+00 -2.99177963567285E+00  2.09598569402171E+00
DistFromNuc =  2.0041798513E+00
Rho =  7.1198458004E-02
DelSqRho =  1.8379769497E-01
GradDelSqRho = -3.6255720648E-16 -1.0148132334E-16 -1.1796119637E-16
HessDelSqRho_EigVals = -1.7640407453E+00  1.4467703949E-02  5.7590313007E-01
HessDelSqRho_EigVec1 =  8.3220713894E-01  2.8070102059E-01  4.7816128549E-01
HessDelSqRho_EigVec2 = -1.5535671835E-01  9.4588737042E-01 -2.8488835102E-01
HessDelSqRho_EigVec3 = -5.3225517186E-01  1.6280055137E-01  8.3078301169E-01
</CP of DelSqRho>
<CP of DelSqRho>
CP# = 37      
Type = (3,+1)
Coords = -1.49285356651359E-01 -3.54082558412966E+00  3.39392372646721E+00
DistFromNuc =  2.0107253952E+00
Rho =  7.0859379419E-02
DelSqRho =  1.8029551076E-01
GradDelSqRho = -3.4795343690E-13  1.9627355297E-13 -1.7950918529E-14
HessDelSqRho_EigVals = -1.7061151015E+00  1.8705342640E-02  5.7673938211E-01
HessDelSqRho_EigVec1 =  7.0672616667E-01  2.9802604063E-02  7.0685920107E-01
HessDelSqRho_EigVec2 = -7.0555617742E-01 -4.4078394611E-02  7.0728182193E-01
HessDelSqRho_EigVec3 = -5.2236058899E-02  9.9858344665E-01  1.0123943457E-02
</CP of DelSqRho>
<Path of -GradDelSqRho>
Starting CP# =      3
Ending CP# =     15
Number of Points =     38
 -1.4496898040E+00 -2.6202735929E+00  2.3149727530E+00  2.2523436822E+01  1.2347522805E+03
 -1.4453713872E+00 -2.6120507567E+00  2.3381834424E+00  1.5611258903E+01  1.1528055710E+03
 -1.4410430906E+00 -2.6038100032E+00  2.3613859385E+00  1.0924661992E+01  9.8282047191E+02
 -1.4367122279E+00 -2.5955645937E+00  2.3845863016E+00  7.7567149913E+00  7.7445323150E+02
 -1.4323754604E+00 -2.5873084738E+00  2.4077817516E+00  5.6233923065E+00  5.7359438294E+02
 -1.4280270349E+00 -2.5790312091E+00  2.4309674798E+00  4.1876625280E+00  4.0915968078E+02
 -1.4236606643E+00 -2.5707213974E+00  2.4541381865E+00  3.2188369612E+00  2.8632711097E+02
 -1.4192700203E+00 -2.5623675606E+00  2.4772884640E+00  2.5620159935E+00  1.9794550930E+02
 -1.4148492250E+00 -2.5539590377E+00  2.5004131880E+00  2.1138280055E+00  1.3480712910E+02
 -1.4103925550E+00 -2.5454854475E+00  2.5235072505E+00  1.8049453761E+00  8.9709391128E+01
 -1.4058930113E+00 -2.5369340949E+00  2.5465643002E+00  1.5885510820E+00  5.7755303044E+01
 -1.4013402702E+00 -2.5282862556E+00  2.5695748611E+00  1.4330030412E+00  3.5562589574E+01
 -1.3967182948E+00 -2.5195128456E+00  2.5925239771E+00  1.3170861377E+00  2.0596509693E+01
 -1.3920020784E+00 -2.5105685207E+00  2.6153877285E+00  1.2267914940E+00  1.0849221234E+01
 -1.3871522605E+00 -2.5013819245E+00  2.6381270052E+00  1.1530443194E+00  4.7336026491E+00
 -1.3821051769E+00 -2.4918376838E+00  2.6606749321E+00  1.0900863853E+00  1.0439459604E+00
 -1.3767525130E+00 -2.4817396335E+00  2.6829080689E+00  1.0343535196E+00 -1.0879830763E+00
 -1.3708930693E+00 -2.4707237936E+00  2.7045670443E+00  9.8376336256E-01 -2.2543915069E+00
 -1.3640921042E+00 -2.4580054680E+00  2.7249648163E+00  9.3749755443E-01 -2.8404979106E+00
 -1.3552256790E+00 -2.4415698611E+00  2.7413483754E+00  8.9772315959E-01 -3.0929642897E+00
 -1.3435966044E+00 -2.4202913915E+00  2.7432871710E+00  8.7920957516E-01 -3.1979571313E+00
 -1.3326819559E+00 -2.4004969409E+00  2.7327409962E+00  8.8090591613E-01 -3.2799944951E+00
 -1.3224280008E+00 -2.3819496389E+00  2.7194867471E+00  8.8617582795E-01 -3.3588099361E+00
 -1.3124582255E+00 -2.3639362102E+00  2.7053074301E+00  8.9154964069E-01 -3.4345582548E+00
 -1.3027219030E+00 -2.3463607682E+00  2.6904329322E+00  8.9656053294E-01 -3.5068389195E+00
 -1.2932217207E+00 -2.3292277066E+00  2.6749039722E+00  9.0113302070E-01 -3.5752581951E+00
 -1.2839670379E+00 -2.3125538978E+00  2.6587398491E+00  9.0524104470E-01 -3.6394514057E+00
 -1.2749679000E+00 -2.2963574763E+00  2.6419578566E+00  9.0886728795E-01 -3.6990891711E+00
 -1.2662343942E+00 -2.2806566290E+00  2.6245753109E+00  9.1199905697E-01 -3.7538820526E+00
 -1.2577765976E+00 -2.2654694918E+00  2.6066097918E+00  9.1462799325E-01 -3.8035844271E+00
 -1.2496045787E+00 -2.2508141441E+00  2.5880792264E+00  9.1675007583E-01 -3.8479975882E+00
 -1.2417283998E+00 -2.2367086041E+00  2.5690019608E+00  9.1836559454E-01 -3.8869720279E+00
 -1.2341581194E+00 -2.2231708201E+00  2.5493968276E+00  9.1947907295E-01 -3.9204088689E+00
 -1.2269037930E+00 -2.2102186558E+00  2.5292832109E+00  9.2009914293E-01 -3.9482604430E+00
 -1.2199754744E+00 -2.1978698709E+00  2.5086811084E+00  9.2023837445E-01 -3.9705300370E+00
 -1.2133832174E+00 -2.1861420959E+00  2.4876111909E+00  9.1991306439E-01 -3.9872708461E+00
 -1.2071370796E+00 -2.1750527996E+00  2.4660948613E+00  9.1914298843E-01 -3.9985841996E+00
 -1.1974071192E+00 -2.1578309174E+00  2.4288255913E+00  9.1689959825E-01 -4.0057986979E+00
</Path of -GradDelSqRho>
<Path of -GradDelSqRho>
Starting CP# =      3
Ending CP# =      1
Number of Points =      7
 -1.4496898040E+00 -2.6202735929E+00  2.3149727530E+00  2.2523436822E+01  1.2347522805E+03
 -1.4539863235E+00 -2.6284567200E+00  2.2917439755E+00  3.2752138159E+01  9.8348931832E+02
 -1.4582642502E+00 -2.6366061305E+00  2.2684999142E+00  4.7993479468E+01 -7.9299749962E+02
 -1.4625339778E+00 -2.6447406721E+00  2.2452491368E+00  7.0632663703E+01 -6.3833442498E+03
 -1.4667977836E+00 -2.6528644750E+00  2.2219935192E+00  1.0423343562E+02 -2.0617055826E+04
 -1.4710517984E+00 -2.6609705229E+00  2.1987299140E+00  1.5464165298E+02 -7.5257998066E+04
 -1.4784286079E+00 -2.6750285173E+00  2.1582903996E+00  2.9724191650E+02 -3.3285988792E+06
</Path of -GradDelSqRho>
<Path of -GradDelSqRho>
Starting CP# =      6
Ending CP# =      1
Number of Points =      7
 -1.5450179432E+00 -2.7979764781E+00  2.0648350177E+00  2.2579949991E+01  1.2410175050E+03
 -1.5351401743E+00 -2.7797371825E+00  2.0787905717E+00  3.2845092775E+01  9.8565129128E+02
 -1.5252500114E+00 -2.7614758167E+00  2.0927084421E+00  4.8145802796E+01 -8.1434252541E+02
 -1.5153544133E+00 -2.7432047728E+00  2.1066097399E+00  7.0876364213E+01 -6.4511833540E+03
 -1.5054548155E+00 -2.7249266078E+00  2.1204988220E+00  1.0462352471E+02 -2.0870632658E+04
 -1.4955486762E+00 -2.7066367965E+00  2.1343678949E+00  1.5524944957E+02 -7.6111348001E+04
 -1.4784286079E+00 -2.6750285173E+00  2.1582903996E+00  2.9724191650E+02 -3.3285988792E+06
</Path of -GradDelSqRho>
<Path of -GradDelSqRho>
Starting CP# =      6
Ending CP# =     11
Number of Points =     36
 -1.5450179432E+00 -2.7979764781E+00  2.0648350177E+00  2.2579949991E+01  1.2410175050E+03
 -1.5548809022E+00 -2.8161893982E+00  2.0508346106E+00  1.5646087413E+01  1.1581781506E+03
 -1.5647369966E+00 -2.8343900915E+00  2.0368134779E+00  1.0946686211E+01  9.8717527652E+02
 -1.5745912974E+00 -2.8525875892E+00  2.0227869377E+00  7.7714447229E+00  7.7787627863E+02
 -1.5844416018E+00 -2.8707779676E+00  2.0087483624E+00  5.6343397416E+00  5.7606083601E+02
 -1.5942840007E+00 -2.8889542629E+00  1.9946860240E+00  4.1970119514E+00  4.1075897507E+02
 -1.6041141829E+00 -2.9071087932E+00  1.9805870765E+00  3.2278635647E+00  2.8724193643E+02
 -1.6139277572E+00 -2.9252337314E+00  1.9664385785E+00  2.5713943175E+00  1.9836436907E+02
 -1.6237205730E+00 -2.9433216771E+00  1.9522284968E+00  2.1238528802E+00  1.3488240434E+02
 -1.6334885063E+00 -2.9613652725E+00  1.9379451022E+00  1.8156802751E+00  8.9554633216E+01
 -1.6432264422E+00 -2.9793553891E+00  1.9235740498E+00  1.5999248567E+00  5.7454769974E+01
 -1.6529267636E+00 -2.9972784299E+00  1.9090941847E+00  1.4448735245E+00  3.5179369521E+01
 -1.6625774742E+00 -3.0151129732E+00  1.8944726431E+00  1.3292827196E+00  2.0177002714E+01
 -1.6721594439E+00 -3.0328248412E+00  1.8796581570E+00  1.2391437050E+00  1.0425749621E+01
 -1.6816415096E+00 -3.0503583163E+00  1.8645699617E+00  1.1654010565E+00  4.3267551809E+00
 -1.6909706078E+00 -3.0676184224E+00  1.8490772636E+00  1.1023303941E+00  6.6513217352E-01
 -1.7000491661E+00 -3.0844302527E+00  1.8329572745E+00  1.0464191240E+00 -1.4340060715E+00
 -1.7086724972E+00 -3.1004260831E+00  1.8157968084E+00  9.9568194642E-01 -2.5674631459E+00
 -1.7162971987E+00 -3.1146263768E+00  1.7967230273E+00  9.4960066285E-01 -3.1241316374E+00
 -1.7208377087E+00 -3.1232484450E+00  1.7739726167E+00  9.1202269914E-01 -3.3574052541E+00
 -1.7174853522E+00 -3.1174688597E+00  1.7504261218E+00  8.9897562476E-01 -3.4651785141E+00
 -1.7097324344E+00 -3.1035896722E+00  1.7311752033E+00  9.0243456292E-01 -3.5564046451E+00
 -1.7010993222E+00 -3.0880774370E+00  1.7135770678E+00  9.0845830469E-01 -3.6434765145E+00
 -1.6921256669E+00 -3.0719305223E+00  1.6967340762E+00  9.1441970335E-01 -3.7262488693E+00
 -1.6828886671E+00 -3.0552915782E+00  1.6805239851E+00  9.1992985667E-01 -3.8042333398E+00
 -1.6734062164E+00 -3.0381932107E+00  1.6649460044E+00  9.2491707622E-01 -3.8769659165E+00
 -1.6636892146E+00 -3.0206550450E+00  1.6500149238E+00  9.2935323940E-01 -3.9440275527E+00
 -1.6537479033E+00 -3.0026955022E+00  1.6357471437E+00  9.3321920383E-01 -4.0050514876E+00
 -1.6435925488E+00 -2.9843330760E+00  1.6221591258E+00  9.3650121905E-01 -4.0597287518E+00
 -1.6332335317E+00 -2.9655865069E+00  1.6092672393E+00  9.3919068048E-01 -4.1078125664E+00
 -1.6226813810E+00 -2.9464748600E+00  1.5970877283E+00  9.4128412221E-01 -4.1491216169E+00
 -1.6119467988E+00 -2.9270175912E+00  1.5856366857E+00  9.4278316968E-01 -4.1835421490E+00
 -1.6010406763E+00 -2.9072346106E+00  1.5749300263E+00  9.4369443540E-01 -4.2110288614E+00
 -1.5899740987E+00 -2.8871463451E+00  1.5649834584E+00  9.4402935987E-01 -4.2316046070E+00
 -1.5787583267E+00 -2.8667738092E+00  1.5558124545E+00  9.4380400069E-01 -4.2453589449E+00
 -1.5605482184E+00 -2.8336722256E+00  1.5428010720E+00  9.4233251200E-01 -4.2535839463E+00
</Path of -GradDelSqRho>
<Path of -GradDelSqRho>
Starting CP# =     12
Ending CP# =     15
Number of Points =     32
 -1.8355485073E+00 -2.3944518290E+00  2.6733135548E+00  7.8836608010E-01 -2.5588466263E+00
 -1.8167642877E+00 -2.3840372940E+00  2.6776458159E+00  7.9183639342E-01 -2.5617358984E+00
 -1.7950038148E+00 -2.3724790426E+00  2.6818670955E+00  7.9612050224E-01 -2.5721500477E+00
 -1.7729217879E+00 -2.3612781153E+00  2.6853100008E+00  8.0074653690E-01 -2.5901636913E+00
 -1.7505490601E+00 -2.3504458536E+00  2.6879657898E+00  8.0570484035E-01 -2.6156761798E+00
 -1.7279174599E+00 -2.3399922650E+00  2.6898267226E+00  8.1098001361E-01 -2.6484757134E+00
 -1.7050597650E+00 -2.3299258281E+00  2.6908862045E+00  8.1655079314E-01 -2.6882473534E+00
 -1.6820096457E+00 -2.3202532842E+00  2.6911388692E+00  8.2239001680E-01 -2.7345815219E+00
 -1.6588015847E+00 -2.3109794295E+00  2.6905805982E+00  8.2846468944E-01 -2.7869826919E+00
 -1.6354707857E+00 -2.3021069146E+00  2.6892084690E+00  8.3473615925E-01 -2.8448780721E+00
 -1.6120530859E+00 -2.2936360520E+00  2.6870206237E+00  8.4116041463E-01 -2.9076261979E+00
 -1.5885848942E+00 -2.2855646310E+00  2.6840160558E+00  8.4768850933E-01 -2.9745254340E+00
 -1.5651031723E+00 -2.2778877341E+00  2.6801943103E+00  8.5426711949E-01 -3.0448224816E+00
 -1.5416454871E+00 -2.2705975435E+00  2.6755550992E+00  8.6083923191E-01 -3.1177210396E+00
 -1.5182501585E+00 -2.2636831210E+00  2.6700978316E+00  8.6734495643E-01 -3.1923908067E+00
 -1.4949565347E+00 -2.2571301345E+00  2.6638210590E+00  8.7372244964E-01 -3.2679770189E+00
 -1.4718054340E+00 -2.2509204983E+00  2.6567218340E+00  8.7990893135E-01 -3.3436107035E+00
 -1.4488398030E+00 -2.2450318817E+00  2.6487949764E+00  8.8584177044E-01 -3.4184197949E+00
 -1.4261056602E+00 -2.2394370266E+00  2.6400322347E+00  8.9145961473E-01 -3.4915412194E+00
 -1.4036534276E+00 -2.2341028000E+00  2.6304213247E+00  8.9670353957E-01 -3.5621340105E+00
 -1.3815398056E+00 -2.2289888797E+00  2.6199448213E+00  9.0151819412E-01 -3.6293934873E+00
 -1.3598304240E+00 -2.2240459491E+00  2.6085788877E+00  9.0585293192E-01 -3.6925665167E+00
 -1.3386036348E+00 -2.2192132379E+00  2.5962918484E+00  9.0966292544E-01 -3.7509678958E+00
 -1.3179559968E+00 -2.2144152299E+00  2.5830427038E+00  9.1291028240E-01 -3.8039979311E+00
 -1.2980102598E+00 -2.2095573851E+00  2.5687799002E+00  9.1556520792E-01 -3.8511613139E+00
 -1.2789269196E+00 -2.2045209400E+00  2.5534411757E+00  9.1760729337E-01 -3.8920873007E+00
 -1.2609203701E+00 -2.1991575711E+00  2.5369564163E+00  9.1902705903E-01 -3.9265506907E+00
 -1.2442791944E+00 -2.1932867109E+00  2.5192575936E+00  9.1982791053E-01 -3.9544914328E+00
 -1.2293839696E+00 -2.1867030151E+00  2.5003029632E+00  9.2002857204E-01 -3.9760264696E+00
 -1.2166981047E+00 -2.1792099271E+00  2.4801231238E+00  9.1966544661E-01 -3.9914392007E+00
 -1.2066712423E+00 -2.1707026213E+00  2.4588801141E+00  9.1879247285E-01 -4.0011237406E+00
 -1.1974071192E+00 -2.1578309174E+00  2.4288255913E+00  9.1689959825E-01 -4.0057986979E+00
</Path of -GradDelSqRho>
<Path of -GradDelSqRho>
Starting CP# =     12
Ending CP# =     18
Number of Points =     20
 -1.8355485073E+00 -2.3944518290E+00  2.6733135548E+00  7.8836608010E-01 -2.5588466263E+00
 -1.8540654529E+00 -2.4051355001E+00  2.6683942995E+00  7.8515422570E-01 -2.5617001202E+00
 -1.8747890666E+00 -2.4176112473E+00  2.6620840817E+00  7.8181380533E-01 -2.5717460822E+00
 -1.8950831813E+00 -2.4303930849E+00  2.6550339086E+00  7.7880482312E-01 -2.5886728903E+00
 -1.9149204779E+00 -2.4434657536E+00  2.6472545518E+00  7.7611362639E-01 -2.6119835115E+00
 -1.9342738820E+00 -2.4568134394E+00  2.6387565389E+00  7.7372289909E-01 -2.6410550061E+00
 -1.9531162900E+00 -2.4704197949E+00  2.6295499384E+00  7.7161224879E-01 -2.6751452070E+00
 -1.9714202631E+00 -2.4842678951E+00  2.6196441477E+00  7.6975886861E-01 -2.7134028752E+00
 -1.9891576903E+00 -2.4983401275E+00  2.6090476928E+00  7.6813828107E-01 -2.7548813530E+00
 -2.0062994258E+00 -2.5126180031E+00  2.5977680406E+00  7.6672516928E-01 -2.7985555933E+00
 -2.0228149128E+00 -2.5270818665E+00  2.5858114224E+00  7.6549429692E-01 -2.8433423133E+00
 -2.0386718115E+00 -2.5417104739E+00  2.5731826698E+00  7.6442151062E-01 -2.8881229038E+00
 -2.0538356698E+00 -2.5564803920E+00  2.5598850589E+00  7.6348480324E-01 -2.9317686286E+00
 -2.0682697038E+00 -2.5713651406E+00  2.5459201579E+00  7.6266539312E-01 -2.9731675686E+00
 -2.0819348006E+00 -2.5863339632E+00  2.5312876532E+00  7.6194873781E-01 -3.0112526826E+00
 -2.0947899340E+00 -2.6013500177E+00  2.5159850829E+00  7.6132535079E-01 -3.0450302706E+00
 -2.1067932899E+00 -2.6163675977E+00  2.5000072831E+00  7.6079122944E-01 -3.0736080155E+00
 -2.1179045698E+00 -2.6313275095E+00  2.4833450173E+00  7.6034765228E-01 -3.0962216532E+00
 -2.1280892819E+00 -2.6461481871E+00  2.4659812566E+00  7.6000011733E-01 -3.1122592053E+00
 -2.1435620321E+00 -2.6711469057E+00  2.4339501623E+00  7.5964754688E-01 -3.1232872378E+00
</Path of -GradDelSqRho>
<Path of -GradDelSqRho>
Starting CP# =     13
Ending CP# =     11
Number of Points =     32
 -1.2996221963E+00 -3.3239491117E+00  2.0168196638E+00  7.8602620735E-01 -2.5658297667E+00
 -1.3100144779E+00 -3.3199636825E+00  1.9972168545E+00  7.8973685793E-01 -2.5690743024E+00
 -1.3216483199E+00 -3.3147091150E+00  1.9757233119E+00  7.9423161947E-01 -2.5803705582E+00
 -1.3333789147E+00 -3.3085809253E+00  1.9545155949E+00  7.9912592900E-01 -2.5998484658E+00
 -1.3451870398E+00 -3.3015848937E+00  1.9336217610E+00  8.0441440997E-01 -2.6274747546E+00
 -1.3570526415E+00 -3.2937283171E+00  1.9130691433E+00  8.1008568328E-01 -2.6630972879E+00
 -1.3689548319E+00 -3.2850201807E+00  1.8928841347E+00  8.1612214486E-01 -2.7064522927E+00
 -1.3808718886E+00 -3.2754712678E+00  1.8730919530E+00  8.2249982163E-01 -2.7571721783E+00
 -1.3927812570E+00 -3.2650942019E+00  1.8537163984E+00  8.2918831753E-01 -2.8147935870E+00
 -1.4046595477E+00 -3.2539034160E+00  1.8347796195E+00  8.3615086282E-01 -2.8787654252E+00
 -1.4164825153E+00 -3.2419150492E+00  1.8163019001E+00  8.4334447986E-01 -2.9484567411E+00
 -1.4282250087E+00 -3.2291467716E+00  1.7983014770E+00  8.5072027830E-01 -3.0231644279E+00
 -1.4398608737E+00 -3.2156175444E+00  1.7807944006E+00  8.5822388936E-01 -3.1021208361E+00
 -1.4513627919E+00 -3.2013473263E+00  1.7637944406E+00  8.6579604538E-01 -3.1845014642E+00
 -1.4627020331E+00 -3.1863567376E+00  1.7473130403E+00  8.7337330456E-01 -3.2694329499E+00
 -1.4738480949E+00 -3.1706666995E+00  1.7313593123E+00  8.8088891425E-01 -3.3560016124E+00
 -1.4847681969E+00 -3.1542980640E+00  1.7159400674E+00  8.8827379825E-01 -3.4432627900E+00
