 AIMInt (Version 19.02.13, Professional)
 Portions Copyright (c) 1997-2019 by Todd A. Keith
 AIMInt is a component of the AIMAll package ( http://aim.tkgristmill.com )

 TP:  64-bit Linux

 Licensed To:  Research Group of Fernando Cortes Guzman, UNAM, fercor@unam.mx

 AIMInt is a heavily modified and extended version of the PROAIMV program
 developed by members of R.F.W. Bader's research group

 Much of the Quantum Theory of Atoms in Molecules (QTAIM) is described in the book:
   "Atoms in Molecules - A Quantum Theory"
   R.F.W. Bader, Oxford University Press, Oxford, 1990

 For additional references see:  http://aim.tkgristmill.com/references.html

 Current Directory:  /home/scratch/M_H2O_4_tetraedrico/Opt

 Inp File:  Ti3_tetraedrico_cc-pvtz-def2-tzv_1_atomicfiles/o8.inp
 Wfx File:  Ti3_tetraedrico_cc-pvtz-def2-tzv_1.wfx
 Out File:  Ti3_tetraedrico_cc-pvtz-def2-tzv_1_atomicfiles/o8.int

 Wfx Title:   Ti3_tetraedrico_cc-pvtz-def2-tzv_1                                            
 Job Title:   Ti3_tetraedrico_cc-pvtz-def2-tzv_1                                            
 
<Atom>
O8      
</Atom>
<Nuclei of Molecule>
    13
Ti1       22.0           7.0701516836E-06   2.8783692891E-05  -1.9862545629E-05
O2         8.0           1.4792148201E+00   2.6715304340E+00   2.1621614851E+00
H3         1.0           3.2093166342E+00   2.6993700930E+00   2.8940246752E+00
O4         8.0           2.6729002037E+00  -1.4770138087E+00  -2.1619616874E+00
H5         1.0           2.7000796414E+00  -3.2066475862E+00  -2.8947942503E+00
O6         8.0          -1.4784285172E+00  -2.6750283548E+00   2.1582901921E+00
H7         1.0          -3.2086561307E+00  -2.7040016814E+00   2.8897268143E+00
O8         8.0          -2.6736592465E+00   1.4806274500E+00  -2.1585704793E+00
H9         1.0          -2.7000938481E+00   3.2102307773E+00  -2.8916487633E+00
H10        1.0          -5.7963069464E-01  -4.1435076055E+00   2.9101964034E+00
H11        1.0          -4.1437515188E+00   5.8347787679E-01  -2.9093105595E+00
H12        1.0           4.1420411386E+00  -5.7916187764E-01  -2.9136281491E+00
H13        1.0           5.8032115353E-01   4.1386809978E+00   2.9165147216E+00
</Nuclei of Molecule>
<Total Number of CPs of DelSqRho>
    38
</Total Number of CPs of DelSqRho>
<Number of (3,+3) CPs of DelSqRho>
     5
</Number of (3,+3) CPs of DelSqRho>
<Number of (3,+1) CPs of DelSqRho>
    14
</Number of (3,+1) CPs of DelSqRho>
<Number of (3,-1) CPs of DelSqRho>
    13
</Number of (3,-1) CPs of DelSqRho>
<Number of (3,-3) CPs of DelSqRho>
     6
</Number of (3,-3) CPs of DelSqRho>
<Number of Degenerate CPs of DelSqRho>
     0
</Number of Degenerate CPs of DelSqRho>
<CP of DelSqRho>
CP# = 1       
Type = (3,+3)
Coords = -2.67365940886754E+00  1.48062754075865E+00 -2.15857068695457E+00
DistFromNuc =  2.7876291610E-07
Rho =  2.9724193212E+02
DelSqRho = -3.3285989574E+06
GradDelSqRho =  1.3796026906E-05  4.4613934733E-06  1.6675501683E-05
HessDelSqRho_EigVals =  1.3237032919E+11  1.3237034758E+11  1.3237035457E+11
HessDelSqRho_EigVec1 = -5.4666297662E-01  2.9521790659E-01  7.8358533526E-01
HessDelSqRho_EigVec2 =  6.8474926336E-01 -3.8100129832E-01  6.2125393922E-01
HessDelSqRho_EigVec3 =  4.8195231748E-01  8.7617600875E-01  6.1290597686E-03
</CP of DelSqRho>
<CP of DelSqRho>
CP# = 2       
Type = (3,-1)
Coords = -1.57273717760158E+00  8.72841308915271E-01 -1.14808157669404E+00
DistFromNuc =  1.6132331566E+00
Rho =  1.1743401407E-01
DelSqRho =  2.8724262002E-01
GradDelSqRho =  6.1367577686E-14 -1.6937840019E-14  9.0275009690E-15
HessDelSqRho_EigVals = -3.5639847873E-01 -1.1688308207E-01  3.5984497778E+00
HessDelSqRho_EigVec1 = -5.1499981642E-01  2.7986509917E-01  8.1021646204E-01
HessDelSqRho_EigVec2 =  4.8220680319E-01  8.7604873055E-01  3.9013651445E-03
HessDelSqRho_EigVec3 =  7.0869724710E-01 -3.9270109239E-01  5.8611779021E-01
</CP of DelSqRho>
<CP of DelSqRho>
CP# = 3       
Type = (3,+1)
Coords = -2.79647122757864E+00  1.54750879705731E+00 -2.06514503423284E+00
DistFromNuc =  1.6817910418E-01
Rho =  2.2579981268E+01
DelSqRho =  1.2410214378E+03
GradDelSqRho = -6.4233063313E-12  7.2901684689E-12  6.9348971010E-12
HessDelSqRho_EigVals = -4.1691192264E+05  1.8230695558E+03  2.8103339690E+03
HessDelSqRho_EigVec1 =  7.2819368394E-01 -3.9652663869E-01 -5.5901751625E-01
HessDelSqRho_EigVec2 =  4.8753987481E-01 -2.7356924626E-01  8.2913493351E-01
HessDelSqRho_EigVec3 =  4.8170408878E-01  8.7631415161E-01  5.8888494638E-03
</CP of DelSqRho>
<CP of DelSqRho>
CP# = 4       
Type = (3,-3)
Coords = -2.64194556739158E+00  1.33866457939797E+00 -2.07608603914526E+00
DistFromNuc =  1.6722110197E-01
Rho =  2.2660847990E+01
DelSqRho =  1.2907678609E+03
GradDelSqRho = -1.0231815395E-12  1.1368683772E-11 -1.5802470443E-11
HessDelSqRho_EigVals = -4.4468206865E+05 -3.1147502186E+03 -4.6002625668E+02
HessDelSqRho_EigVec1 = -1.9157297212E-01  8.4759856171E-01 -4.9484995154E-01
HessDelSqRho_EigVec2 = -5.5393288413E-01  3.2284020408E-01  7.6741941760E-01
HessDelSqRho_EigVec3 =  8.1022105393E-01  4.2113047956E-01  4.0766525846E-01
</CP of DelSqRho>
<CP of DelSqRho>
CP# = 5       
Type = (3,-1)
Coords = -2.79680712363969E+00  1.54896186998842E+00 -2.25140801053644E+00
DistFromNuc =  1.6868254149E-01
Rho =  2.2363037920E+01
DelSqRho =  1.2529954662E+03
GradDelSqRho = -4.6895820560E-12  3.1405988921E-12 -4.2348347051E-12
HessDelSqRho_EigVals = -4.0902016495E+05 -1.4796245229E+03  1.3116541495E+03
HessDelSqRho_EigVec1 =  7.3057836563E-01 -4.0538631103E-01  5.4946991774E-01
HessDelSqRho_EigVec2 = -4.8392605549E-01  2.6032410850E-01  8.3549202950E-01
HessDelSqRho_EigVec3 =  4.8173729821E-01  8.7629521131E-01  5.9898367237E-03
</CP of DelSqRho>
<CP of DelSqRho>
CP# = 6       
Type = (3,+1)
Coords = -2.61899374407461E+00  1.45165089975917E+00 -2.31524060596550E+00
DistFromNuc =  1.6844431184E-01
Rho =  2.2523394643E+01
DelSqRho =  1.2347482103E+03
GradDelSqRho = -8.6686213763E-12 -2.6716406865E-12 -7.9012352217E-12
HessDelSqRho_EigVals = -4.1069183561E+05  2.0946119669E+03  3.0347472589E+03
HessDelSqRho_EigVec1 = -3.2765677274E-01  1.7375305293E-01  9.2868235467E-01
HessDelSqRho_EigVec2 =  8.1280320776E-01 -4.4926338341E-01  3.7082793555E-01
HessDelSqRho_EigVec3 =  4.8165546269E-01  8.7634028147E-01  5.9771515357E-03
</CP of DelSqRho>
<CP of DelSqRho>
CP# = 7       
Type = (3,-3)
Coords = -2.53727869244934E+00  1.52899213061901E+00 -2.07476050384905E+00
DistFromNuc =  1.6722114053E-01
Rho =  2.2660876932E+01
DelSqRho =  1.2907600410E+03
GradDelSqRho = -8.5833562480E-12  9.1162632998E-12 -3.8653524825E-12
HessDelSqRho_EigVals = -4.4468026055E+05 -3.1141684021E+03 -4.5866979367E+02
HessDelSqRho_EigVec1 =  8.1544626820E-01  2.8686039250E-01  5.0275093127E-01
HessDelSqRho_EigVec2 = -5.7382866748E-01  2.8666636914E-01  7.6716559697E-01
HessDelSqRho_EigVec3 = -7.5947640212E-02  9.1407522011E-01 -3.9836973772E-01
</CP of DelSqRho>
<CP of DelSqRho>
CP# = 8       
Type = (3,-1)
Coords = -2.56228334303552E+00  1.41884566407038E+00 -2.05047741373885E+00
DistFromNuc =  1.6704996789E-01
Rho =  2.2722757301E+01
DelSqRho =  1.2898682937E+03
GradDelSqRho = -1.2619238987E-11  1.8928858481E-11 -7.7875483839E-12
HessDelSqRho_EigVals = -4.4842945640E+05 -2.8833500143E+03  2.7099246275E+02
HessDelSqRho_EigVec1 =  6.6641044139E-01 -3.6967748249E-01  6.4748411760E-01
HessDelSqRho_EigVec2 = -5.6961344314E-01  3.0790449682E-01  7.6205993612E-01
HessDelSqRho_EigVec3 =  4.8107967012E-01  8.7666035600E-01  5.3824920235E-03
</CP of DelSqRho>
<CP of DelSqRho>
CP# = 9       
Type = (3,-1)
Coords = -2.17289765512366E+00  1.96030904128608E+00 -1.99468338212584E+00
DistFromNuc =  7.1254163460E-01
Rho =  6.8314836843E-01
DelSqRho = -1.1160310448E+00
GradDelSqRho =  4.3964831775E-14  1.6875389974E-14 -1.2434497876E-14
HessDelSqRho_EigVals = -1.5263404361E+01 -1.1291744144E+01  1.4755376770E+02
HessDelSqRho_EigVec1 =  4.2581551573E-01 -6.8147296446E-01  5.9521067301E-01
HessDelSqRho_EigVec2 = -5.5911974214E-01  3.1902115681E-01  7.6525199474E-01
HessDelSqRho_EigVec3 =  7.1138334287E-01  6.5865021082E-01  2.4518082975E-01
</CP of DelSqRho>
<CP of DelSqRho>
CP# = 10      
Type = (3,-1)
Coords = -3.17059503314705E+00  1.75671121307050E+00 -2.59866465254285E+00
DistFromNuc =  7.1892301506E-01
Rho =  6.8181579150E-01
DelSqRho = -1.1598386251E+00
GradDelSqRho = -1.4210854715E-14  6.6613381478E-15 -1.7763568394E-14
HessDelSqRho_EigVals = -1.8926645681E+01 -4.7670541187E+00  1.4062855052E+02
HessDelSqRho_EigVec1 =  4.8168937716E-01  8.7632263253E-01  5.8298926349E-03
HessDelSqRho_EigVec2 = -5.3565647753E-01  2.8915683983E-01  7.9338544230E-01
HessDelSqRho_EigVec3 =  6.9357586608E-01 -3.8528815931E-01  6.0869167260E-01
</CP of DelSqRho>
<CP of DelSqRho>
CP# = 11      
Type = (3,-1)
Coords = -2.81100167582286E+00  7.99120072837747E-01 -2.00242682144348E+00
DistFromNuc =  7.1252795729E-01
Rho =  6.8316112152E-01
DelSqRho = -1.1161965055E+00
GradDelSqRho =  6.6613381478E-15  5.3290705182E-14 -1.2212453271E-14
HessDelSqRho_EigVals = -1.5261553722E+01 -1.1289014713E+01  1.4756660281E+02
HessDelSqRho_EigVec1 =  8.0051101808E-01 -3.7974357183E-04  5.9931791708E-01
HessDelSqRho_EigVec2 = -5.7290675383E-01  2.9310614901E-01  7.6541925559E-01
HessDelSqRho_EigVec3 =  1.7595442975E-01  9.5607982993E-01 -2.3441714410E-01
</CP of DelSqRho>
<CP of DelSqRho>
CP# = 12      
Type = (3,+3)
Coords = -2.83202956270406E+00  1.56357771815007E+00 -1.54312674131637E+00
DistFromNuc =  6.4088446598E-01
Rho =  9.4234712627E-01
DelSqRho = -4.2537451276E+00
GradDelSqRho = -5.3290705182E-15  4.8849813084E-15  3.5527136788E-14
HessDelSqRho_EigVals =  1.0084940367E+01  2.0951218084E+01  3.2370475139E+02
HessDelSqRho_EigVec1 =  8.3522169971E-01 -4.6083181037E-01  3.0006458452E-01
HessDelSqRho_EigVec2 =  4.8148936113E-01  8.7643280200E-01  5.7912606155E-03
HessDelSqRho_EigVec3 = -2.6565524171E-01  1.3964091856E-01  9.5390130853E-01
</CP of DelSqRho>
<CP of DelSqRho>
CP# = 13      
Type = (3,+1)
Coords = -2.82069414004471E+00  1.05781102253165E+00 -2.67924238835586E+00
DistFromNuc =  6.8665291676E-01
Rho =  7.8836212243E-01
DelSqRho = -2.5584878295E+00
GradDelSqRho =  5.3290705182E-15  8.8817841970E-15  3.1974423109E-14
HessDelSqRho_EigVals = -1.1964956632E+01  1.2184328581E+01  1.9273047513E+02
HessDelSqRho_EigVec1 =  9.7744734320E-01  5.3787874952E-02 -2.0421448473E-01
HessDelSqRho_EigVec2 = -1.6597403401E-01  7.9357803109E-01 -5.8539433598E-01
HessDelSqRho_EigVec3 =  1.3057301137E-01  6.0608644026E-01  7.8460812871E-01
</CP of DelSqRho>
<CP of DelSqRho>
CP# = 14      
Type = (3,+1)
Coords = -3.32282807530571E+00  1.30295170414092E+00 -2.01678703568774E+00
DistFromNuc =  6.8781638821E-01
Rho =  7.8600767859E-01
DelSqRho = -2.5656779028E+00
GradDelSqRho =  6.9277916737E-14 -3.5527136788E-15 -6.7945649107E-14
HessDelSqRho_EigVals = -1.2652410277E+01  1.2716985922E+01  1.9252786064E+02
HessDelSqRho_EigVec1 =  1.6189366586E-01  4.5923744913E-01  8.7343654965E-01
HessDelSqRho_EigVec2 = -3.1543384122E-01  8.6275872165E-01 -3.9515677904E-01
HessDelSqRho_EigVec3 =  9.3503579224E-01  2.1153806637E-01 -2.8453420481E-01
</CP of DelSqRho>
<CP of DelSqRho>
CP# = 15      
Type = (3,+1)
Coords = -2.39264454308347E+00  1.83680717006613E+00 -2.67401008511930E+00
DistFromNuc =  6.8666676322E-01
Rho =  7.8834933945E-01
DelSqRho = -2.5586221908E+00
GradDelSqRho = -5.4178883602E-14 -7.9936057773E-15  5.7731597281E-14
HessDelSqRho_EigVals = -1.1961492842E+01  1.2187541998E+01  1.9270722605E+02
HessDelSqRho_EigVec1 = -4.7980578137E-01  8.5178876798E-01  2.1033855306E-01
HessDelSqRho_EigVec2 =  7.5555042587E-01  2.7926449652E-01  5.9258323883E-01
HessDelSqRho_EigVec3 = -4.4601565681E-01 -4.4324624728E-01  7.7756208637E-01
</CP of DelSqRho>
<CP of DelSqRho>
CP# = 16      
Type = (3,+1)
Coords = -2.21244320808046E+00  1.22441392790083E+00 -1.74316545601193E+00
DistFromNuc =  6.7151093542E-01
Rho =  8.4226915174E-01
DelSqRho = -3.3317270178E+00
GradDelSqRho = -2.6645352591E-14  1.0658141036E-14 -1.4210854715E-14
HessDelSqRho_EigVals = -6.0145582740E+00  1.7741102666E+01  2.3315030061E+02
HessDelSqRho_EigVec1 = -5.4750214306E-01  2.9570025455E-01  7.8281719629E-01
HessDelSqRho_EigVec2 =  4.8162169245E-01  8.7635995814E-01  5.8111217743E-03
HessDelSqRho_EigVec3 =  6.8431129518E-01 -3.8020334458E-01  6.2222461223E-01
</CP of DelSqRho>
<CP of DelSqRho>
CP# = 17      
Type = (3,+3)
Coords = -2.15697644217291E+00  1.19851986372677E+00 -2.42896834498670E+00
DistFromNuc =  6.4781233103E-01
Rho =  9.1688675404E-01
DelSqRho = -4.0057161012E+00
GradDelSqRho = -4.9737991503E-14  3.0198066270E-14  3.9079850467E-14
HessDelSqRho_EigVals =  7.9040506072E+00  1.9613257531E+01  2.9417054881E+02
HessDelSqRho_EigVec1 =  3.8528304860E-01 -2.1782751452E-01  8.9672077392E-01
HessDelSqRho_EigVec2 =  4.8162546233E-01  8.7635697676E-01  5.9467069624E-03
HessDelSqRho_EigVec3 =  7.8714286283E-01 -4.2959239193E-01 -4.4255676506E-01
</CP of DelSqRho>
<CP of DelSqRho>
CP# = 18      
Type = (3,+1)
Coords = -2.87245842123576E+00  2.12243774082667E+00 -2.01134327758108E+00
DistFromNuc =  6.8783530750E-01
Rho =  7.8595348269E-01
DelSqRho = -2.5651138225E+00
GradDelSqRho =  7.5495165675E-15  5.3290705182E-15 -8.4376949872E-15
HessDelSqRho_EigVals = -1.2655639695E+01  1.2713482073E+01  1.9249114057E+02
HessDelSqRho_EigVec1 =  3.0581864896E-01  3.9172603551E-01 -8.6777051520E-01
HessDelSqRho_EigVec2 =  8.9516716978E-01  1.9212117568E-01  4.0220043759E-01
HessDelSqRho_EigVec3 = -3.2426947450E-01  8.9980007055E-01  2.9190604815E-01
</CP of DelSqRho>
<CP of DelSqRho>
CP# = 19      
Type = (3,+3)
Coords = -2.66882282087819E+00  2.14550730042217E+00 -2.43482109503039E+00
DistFromNuc =  7.2000208970E-01
Rho =  7.5964635186E-01
DelSqRho = -3.1232560284E+00
GradDelSqRho = -6.6613381478E-16  2.5757174171E-14 -7.9936057773E-15
HessDelSqRho_EigVals =  1.1744413110E+01  2.2729522674E+01  1.4369617452E+02
HessDelSqRho_EigVec1 =  5.5060921573E-01 -3.2601866542E-01 -7.6846686418E-01
HessDelSqRho_EigVec2 =  8.3462587830E-01  1.9831296353E-01  5.1387898552E-01
HessDelSqRho_EigVec3 =  1.5137199836E-02  9.2432883667E-01 -3.8129656029E-01
</CP of DelSqRho>
<CP of DelSqRho>
CP# = 20      
Type = (3,+3)
Coords = -3.23080389380973E+00  1.12303808568083E+00 -2.44159737303184E+00
DistFromNuc =  7.1998925969E-01
Rho =  7.5968120301E-01
DelSqRho = -3.1236639677E+00
GradDelSqRho =  7.9936057773E-15  1.1546319456E-14  2.8865798640E-15
HessDelSqRho_EigVals =  1.1746074123E+01  2.2731034448E+01  1.4371313598E+02
HessDelSqRho_EigVec1 = -5.7456692330E-01  2.8216956237E-01  7.6827936893E-01
HessDelSqRho_EigVec2 = -2.7717684131E-01  8.1614069440E-01 -5.0703783447E-01
HessDelSqRho_EigVec3 =  7.7009470151E-01  5.0427641727E-01  3.9071657975E-01
</CP of DelSqRho>
<CP of DelSqRho>
CP# = 21      
Type = (3,+1)
Coords = -1.68173248317001E+00  9.32351696272605E-01 -1.66317620558798E+00
DistFromNuc =  1.2369076329E+00
Rho =  2.4457324001E-01
DelSqRho =  4.2640526196E-01
GradDelSqRho = -5.5649929109E-15  4.2882364326E-15 -2.0643209364E-15
HessDelSqRho_EigVals = -1.1019206943E+01  2.4242800107E-01  8.3153847778E-01
HessDelSqRho_EigVec1 =  8.0351425658E-01 -4.4412020874E-01  3.9638627582E-01
HessDelSqRho_EigVec2 = -3.4996149379E-01  1.8623236624E-01  9.1806560693E-01
HessDelSqRho_EigVec3 =  4.8155144308E-01  8.7639873685E-01  5.7846103618E-03
</CP of DelSqRho>
<CP of DelSqRho>
CP# = 22      
Type = (3,+1)
Coords = -3.58014107302814E+00  9.20263781283793E-01 -2.62015365218248E+00
DistFromNuc =  1.1613680590E+00
Rho =  4.0551581693E-01
DelSqRho = -9.1943308586E-01
GradDelSqRho = -1.0756950886E-12 -7.0099481775E-13 -5.8680837967E-13
HessDelSqRho_EigVals = -2.9712543676E+01  1.4113447656E+01  1.4789004868E+01
HessDelSqRho_EigVec1 =  7.8348776980E-01  4.7480405173E-01  4.0088405685E-01
HessDelSqRho_EigVec2 = -5.7345291463E-01  3.0394162573E-01  7.6077016427E-01
HessDelSqRho_EigVec3 =  2.3937140446E-01 -8.2594225017E-01  5.1041231384E-01
</CP of DelSqRho>
<CP of DelSqRho>
CP# = 23      
Type = (3,-3)
Coords = -2.91155160297161E+00  3.93919312716787E-01 -1.88700642296350E+00
DistFromNuc =  1.1451088968E+00
Rho =  2.4620110298E-01
DelSqRho =  8.2714490213E-01
GradDelSqRho = -6.8348104953E-16 -1.3322676296E-15 -1.6653345369E-16
HessDelSqRho_EigVals = -1.7547674049E+01 -1.7539274647E+00 -4.7733094974E-01
HessDelSqRho_EigVec1 =  1.7498140589E-01  9.4970650627E-01 -2.5969031468E-01
HessDelSqRho_EigVec2 =  8.0149615144E-01  1.5787758369E-02  5.9779149033E-01
HessDelSqRho_EigVec3 =  5.7182639570E-01 -3.1274318319E-01 -7.5842354562E-01
</CP of DelSqRho>
<CP of DelSqRho>
CP# = 24      
Type = (3,-3)
Coords = -3.10221453881711E+00  1.72322685029016E+00 -3.21433568748479E+00
DistFromNuc =  1.1649696487E+00
Rho =  2.4681687027E-01
DelSqRho =  8.5045472237E-01
GradDelSqRho =  1.7208456882E-15 -7.6327832943E-16  2.2482016249E-15
HessDelSqRho_EigVals = -1.7635730655E+01 -2.5721513990E+00 -1.6217688070E-01
HessDelSqRho_EigVec1 =  3.6540450841E-01 -2.0690269198E-01  9.0756312248E-01
HessDelSqRho_EigVec2 =  4.8174306789E-01  8.7629322543E-01  5.8137426128E-03
HessDelSqRho_EigVec3 =  7.9649429487E-01 -4.3508787517E-01 -4.1987543285E-01
</CP of DelSqRho>
<CP of DelSqRho>
CP# = 25      
Type = (3,-1)
Coords = -2.55956460804212E+00  5.67197490600290E-01 -2.90887864879718E+00
DistFromNuc =  1.1875749351E+00
Rho =  2.4269746696E-01
DelSqRho =  7.1986306794E-01
GradDelSqRho = -5.7636187489E-16 -1.4432899320E-15 -1.6306400674E-15
HessDelSqRho_EigVals = -1.6987230960E+01 -1.3647838384E+00  3.0747782843E-01
HessDelSqRho_EigVec1 = -1.1956894833E-01  7.7492900878E-01  6.2063539856E-01
HessDelSqRho_EigVec2 =  9.9034757532E-01  4.8952247193E-02  1.2967404350E-01
HessDelSqRho_EigVec3 = -7.0106680546E-02 -6.3014975113E-01  7.7330223360E-01
</CP of DelSqRho>
<CP of DelSqRho>
CP# = 26      
Type = (3,-1)
Coords = -3.40450053648677E+00  1.88775743031043E+00 -2.97037973128840E+00
DistFromNuc =  1.1657264146E+00
Rho =  2.4986666126E-01
DelSqRho =  8.4583906115E-01
GradDelSqRho =  1.7030821198E-13 -9.3272611856E-14  1.7025270083E-13
HessDelSqRho_EigVals = -1.6671904407E+01 -3.9003111729E+00  1.2567185685E-01
HessDelSqRho_EigVec1 =  6.2832322294E-01 -3.4999314200E-01  6.9477674693E-01
HessDelSqRho_EigVec2 =  4.8166468723E-01  8.7633601134E-01  5.8586954968E-03
HessDelSqRho_EigVec3 = -6.1090838642E-01  3.3096827006E-01  7.1920160429E-01
</CP of DelSqRho>
<CP of DelSqRho>
CP# = 27      
Type = (3,-3)
Coords = -3.65315911015131E+00  2.02111169774296E+00 -2.47288791780610E+00
DistFromNuc =  1.1620407295E+00
Rho =  2.4629585166E-01
DelSqRho =  8.5660445690E-01
GradDelSqRho =  6.7205963017E-12 -3.6974728834E-12  8.2978068860E-13
HessDelSqRho_EigVals = -1.7683833721E+01 -2.4857797217E+00 -2.1449325329E-01
HessDelSqRho_EigVec1 =  8.4396185190E-01 -4.6565913465E-01  2.6625169079E-01
HessDelSqRho_EigVec2 =  4.8168268266E-01  8.7632642758E-01  5.8125341628E-03
HessDelSqRho_EigVec3 = -2.3603005266E-01  1.2334327159E-01  9.6388601587E-01
</CP of DelSqRho>
<CP of DelSqRho>
CP# = 28      
Type = (3,-1)
Coords = -3.60889301179803E+00  1.13898841626091E+00 -1.51248776621644E+00
DistFromNuc =  1.1869297778E+00
Rho =  2.4206954715E-01
DelSqRho =  7.2845054256E-01
GradDelSqRho =  9.1593399532E-16  1.5959455979E-16 -9.8532293435E-16
HessDelSqRho_EigVals = -1.7264106015E+01 -1.2342830973E+00  2.8046385418E-01
HessDelSqRho_EigVec1 =  7.7332828985E-01  2.8918262852E-01 -5.6421340243E-01
HessDelSqRho_EigVec2 =  4.7007071217E-01  3.3563766626E-01  8.1632155585E-01
HessDelSqRho_EigVec3 = -4.2543728291E-01  8.9650474865E-01 -1.2362181832E-01
</CP of DelSqRho>
<CP of DelSqRho>
CP# = 29      
Type = (3,+1)
Coords = -2.68390538960508E+00  2.55093740942905E+00 -2.60921229459366E+00
DistFromNuc =  1.1613554315E+00
Rho =  4.0552117206E-01
DelSqRho = -9.1939554619E-01
GradDelSqRho =  1.4155343564E-15  6.3837823916E-16 -1.4710455076E-15
HessDelSqRho_EigVals = -2.9713310508E+01  1.4113214402E+01  1.4789291601E+01
HessDelSqRho_EigVec1 = -1.6897825940E-02  9.2002625365E-01 -3.9149221713E-01
HessDelSqRho_EigVec2 = -5.6847992942E-01  3.1326318545E-01  7.6072120155E-01
HessDelSqRho_EigVec3 =  8.2252357615E-01  2.3541000242E-01  5.1772299296E-01
</CP of DelSqRho>
<CP of DelSqRho>
CP# = 30      
Type = (3,-1)
Coords = -2.88984694327426E+00  2.44675930264613E+00 -1.50383392835911E+00
DistFromNuc =  1.1869405327E+00
Rho =  2.4207466354E-01
DelSqRho =  7.2835272684E-01
GradDelSqRho = -1.9824315800E-12  4.7711834483E-13  8.5785545334E-13
HessDelSqRho_EigVals = -1.7260500311E+01 -1.2354086546E+00  2.8087625490E-01
HessDelSqRho_EigVec1 = -1.7326380761E-01  8.0214928948E-01  5.7143343475E-01
HessDelSqRho_EigVec2 = -3.5765979634E-02 -5.8495084210E-01  8.1027977084E-01
HessDelSqRho_EigVec3 =  9.8422581132E-01  1.1995428174E-01  1.3004046532E-01
</CP of DelSqRho>
<CP of DelSqRho>
CP# = 31      
Type = (3,-3)
Coords = -1.88528448971769E+00  2.26112922041688E+00 -1.87469911142358E+00
DistFromNuc =  1.1451203973E+00
Rho =  2.4621651194E-01
DelSqRho =  8.2715974397E-01
GradDelSqRho = -2.2204460493E-16 -6.6613381478E-16 -1.6653345369E-16
HessDelSqRho_EigVals = -1.7546284417E+01 -1.7551136855E+00 -4.7820793538E-01
HessDelSqRho_EigVec1 =  7.0648273688E-01  6.5408806654E-01  2.7027938084E-01
HessDelSqRho_EigVec2 = -4.1290308737E-01  6.9109963130E-01 -5.9320514164E-01
HessDelSqRho_EigVec3 = -5.7479838460E-01  3.0749000119E-01  7.5832494106E-01
</CP of DelSqRho>
<CP of DelSqRho>
CP# = 32      
Type = (3,-1)
Coords = -1.83727252873589E+00  1.88158168415650E+00 -2.90027209121034E+00
DistFromNuc =  1.1876145505E+00
Rho =  2.4270379856E-01
DelSqRho =  7.1965114075E-01
GradDelSqRho = -2.9282132274E-15 -1.0477729795E-15  2.6367796835E-15
HessDelSqRho_EigVals = -1.6983060328E+01 -1.3641220208E+00  3.0817668634E-01
HessDelSqRho_EigVec1 =  7.2165050948E-01  3.2074865138E-01 -6.1346625401E-01
HessDelSqRho_EigVec2 = -4.8885508907E-01  8.6357188534E-01 -1.2354877876E-01
HessDelSqRho_EigVec3 =  4.9014410540E-01  3.8905513938E-01  7.7999670157E-01
</CP of DelSqRho>
<CP of DelSqRho>
CP# = 33      
Type = (3,+1)
Coords = -4.51217060431350E+00  6.83579945418150E-01 -2.11654581505805E+00
DistFromNuc =  2.0042891034E+00
Rho =  7.1187995977E-02
DelSqRho =  1.8377198935E-01
GradDelSqRho =  1.1934897515E-15  4.5102810375E-16 -2.4416232924E-16
HessDelSqRho_EigVals = -1.7640453267E+00  1.4425496797E-02  5.7577002200E-01
HessDelSqRho_EigVec1 =  8.5545364547E-01  2.1636511856E-01 -4.7051588275E-01
HessDelSqRho_EigVec2 = -3.7586787447E-01  8.8440391337E-01 -2.7668223462E-01
HessDelSqRho_EigVec3 =  3.5626170351E-01  4.1354063100E-01  8.3789124899E-01
</CP of DelSqRho>
<CP of DelSqRho>
CP# = 34      
Type = (3,-1)
Coords = -2.16479036774064E+00  3.43143149544523E+00 -2.26207184373221E+00
DistFromNuc =  2.0187363602E+00
Rho =  7.1639336478E-02
DelSqRho =  1.8563513224E-01
GradDelSqRho = -2.9906632726E-15 -9.8462904496E-15 -2.9490299092E-15
HessDelSqRho_EigVals = -2.0326689637E+00 -1.1717111426E-02  5.0271504063E-01
HessDelSqRho_EigVec1 =  5.0945247957E-01  7.7827317493E-01  3.6708178413E-01
HessDelSqRho_EigVec2 =  7.6754759978E-01 -2.1814720945E-01 -6.0272919050E-01
HessDelSqRho_EigVec3 = -3.8901009387E-01  5.8881462295E-01 -7.0849734416E-01
</CP of DelSqRho>
<CP of DelSqRho>
CP# = 35      
Type = (3,+1)
Coords = -2.01097777393431E+00  2.93818630792256E+00 -3.37502891867657E+00
DistFromNuc =  2.0108196570E+00
Rho =  7.0855671330E-02
DelSqRho =  1.8024451416E-01
GradDelSqRho =  3.5475095084E-16  1.9255430583E-16 -3.2959746044E-16
HessDelSqRho_EigVals = -1.7051529662E+00  1.8845375866E-02  5.7678578949E-01
HessDelSqRho_EigVec1 = -6.1562327216E-01 -3.6222080411E-01  6.9986004019E-01
HessDelSqRho_EigVec2 =  6.1539331302E-01  3.3376506060E-01  7.1406719195E-01
HessDelSqRho_EigVec3 = -4.9223882117E-01  8.7028557003E-01  1.7434721946E-02
</CP of DelSqRho>
<CP of DelSqRho>
CP# = 36      
Type = (3,-1)
Coords = -4.04591078184492E+00  5.46627381872855E-03 -2.28630516272502E+00
DistFromNuc =  2.0187845158E+00
Rho =  7.1632872487E-02
DelSqRho =  1.8561261684E-01
GradDelSqRho =  0.0000000000E+00  2.4286128664E-16 -2.5847379792E-16
HessDelSqRho_EigVals = -2.0328554861E+00 -1.1636057503E-02  5.0260389760E-01
HessDelSqRho_EigVec1 =  3.8478089711E-01  8.5201665183E-01 -3.5498068431E-01
HessDelSqRho_EigVec2 = -5.9906707301E-01  5.2310938943E-01  6.0619733481E-01
HessDelSqRho_EigVec3 =  7.0218395258E-01 -2.0595914786E-02  7.1169762191E-01
</CP of DelSqRho>
<CP of DelSqRho>
CP# = 37      
Type = (3,+1)
Coords = -2.98739975691966E+00  3.45920623986185E+00 -2.09810601728301E+00
DistFromNuc =  2.0042113379E+00
Rho =  7.1195133913E-02
DelSqRho =  1.8379160879E-01
GradDelSqRho = -7.0273648012E-15  1.5525775110E-14  1.5052846122E-14
HessDelSqRho_EigVals = -1.7640081567E+00  1.4455922406E-02  5.7586494411E-01
HessDelSqRho_EigVec1 = -2.7937877014E-01  8.3309160401E-01  4.7739489117E-01
HessDelSqRho_EigVec2 =  9.4615453178E-01  1.5418622529E-01  2.8463697918E-01
HessDelSqRho_EigVec3 =  1.6352096130E-01  5.3121086891E-01 -8.3130975452E-01
</CP of DelSqRho>
<CP of DelSqRho>
CP# = 38      
Type = (3,+1)
Coords = -3.54189581522832E+00  1.52066906839459E-01 -3.39313851178655E+00
DistFromNuc =  2.0107376962E+00
Rho =  7.0857912100E-02
DelSqRho =  1.8028923322E-01
GradDelSqRho = -1.6046192153E-16  1.9645743365E-16  2.3852447795E-16
HessDelSqRho_EigVals = -1.7059838370E+00  1.8716581507E-02  5.7672716969E-01
HessDelSqRho_EigVec1 = -2.8455395817E-02  7.0710215613E-01  7.0653862686E-01
HessDelSqRho_EigVec2 =  4.3516897151E-02 -7.0527841445E-01  7.0759355407E-01
HessDelSqRho_EigVec3 =  9.9864737025E-01  5.0881223417E-02 -1.0701915359E-02
</CP of DelSqRho>
<Path of -GradDelSqRho>
Starting CP# =      3
Ending CP# =      1
Number of Points =      7
 -2.7964712276E+00  1.5475087971E+00 -2.0651450342E+00  2.2579981268E+01  1.2410214378E+03
 -2.7782521393E+00  1.5375876274E+00 -2.0790961962E+00  3.2845145887E+01  9.8565280465E+02
 -2.7600109890E+00  1.5276540622E+00 -2.0930096659E+00  4.8145891439E+01 -8.1435477829E+02
 -2.7417601643E+00  1.5177150611E+00 -2.1069065593E+00  7.0876507442E+01 -6.4512229082E+03
 -2.7235022211E+00  1.5077720600E+00 -2.1207912339E+00  1.0462375497E+02 -2.0870781229E+04
 -2.7052326358E+00  1.4978225166E+00 -2.1346558946E+00  1.5524980858E+02 -7.6111844466E+04
 -2.6736594089E+00  1.4806275408E+00 -2.1585706870E+00  2.9724193212E+02 -3.3285989574E+06
</Path of -GradDelSqRho>
<Path of -GradDelSqRho>
Starting CP# =      3
Ending CP# =     12
Number of Points =     36
 -2.7964712276E+00  1.5475087971E+00 -2.0651450342E+00  2.2579981268E+01  1.2410214378E+03
 -2.8146639503E+00  1.5574151548E+00 -2.0511490085E+00  1.5646105726E+01  1.1581815385E+03
 -2.8328444504E+00  1.5673146470E+00 -2.0371322519E+00  1.0946696938E+01  9.8717801730E+02
 -2.8510217561E+00  1.5772123454E+00 -2.0231100867E+00  7.7714512129E+00  7.7787842020E+02
 -2.8691919451E+00  1.5871060471E+00 -2.0090758834E+00  5.6343441264E+00  5.7606237442E+02
 -2.8873480561E+00  1.5969918425E+00 -1.9950179116E+00  4.1970155534E+00  4.1075997430E+02
 -2.9054824101E+00  1.6068654197E+00 -1.9809233223E+00  3.2278671521E+00  2.8724251194E+02
 -2.9235871830E+00  1.6167223869E+00 -1.9667791710E+00  2.5713982925E+00  1.9836463678E+02
 -2.9416549768E+00  1.6265585931E+00 -1.9525734215E+00  2.1238574129E+00  1.3488245736E+02
 -2.9596784367E+00  1.6363699132E+00 -1.9382943421E+00  1.8156853929E+00  8.9554541142E+01
 -2.9776484376E+00  1.6461512314E+00 -1.9239275845E+00  1.5999305036E+00  5.7454584910E+01
 -2.9955513872E+00  1.6558949287E+00 -1.9094519886E+00  1.4448795999E+00  3.5179130843E+01
 -3.0133658723E+00  1.6655890054E+00 -1.8948346829E+00  1.3292891051E+00  2.0176739635E+01
 -3.0310577280E+00  1.6752143249E+00 -1.8800243866E+00  1.2391502824E+00  1.0425482690E+01
 -3.0485712589E+00  1.6847397105E+00 -1.8649403149E+00  1.1654077197E+00  4.3264976787E+00
 -3.0658115274E+00  1.6941120684E+00 -1.8494516393E+00  1.1023370594E+00  6.6489166958E-01
 -3.0826037013E+00  1.7032337509E+00 -1.8333355079E+00  1.0464257417E+00 -1.4342261732E+00
 -3.0985802216E+00  1.7118998529E+00 -1.8161786012E+00  9.9568853438E-01 -2.5676623678E+00
 -3.1127620232E+00  1.7195661422E+00 -1.7971077418E+00  9.4960745875E-01 -3.1243119763E+00
 -3.1213686190E+00  1.7241421991E+00 -1.7743586707E+00  9.1203119640E-01 -3.3575736889E+00
 -3.1155859363E+00  1.7208022545E+00 -1.7508110654E+00  8.9898760422E-01 -3.4653492042E+00
 -3.1017136937E+00  1.7130447136E+00 -1.7315569892E+00  9.0244765196E-01 -3.5565809577E+00
 -3.0862107886E+00  1.7044024472E+00 -1.7139551248E+00  9.0847189148E-01 -3.6436578536E+00
 -3.0700742283E+00  1.6954174976E+00 -1.6971082314E+00  9.1443366413E-01 -3.7264344593E+00
 -3.0534464742E+00  1.6861674085E+00 -1.6808941227E+00  9.1994412354E-01 -3.8044223451E+00
 -3.0363600936E+00  1.6766701366E+00 -1.6653120190E+00  9.2493158558E-01 -3.8771574534E+00
 -3.0188346889E+00  1.6669366154E+00 -1.6503767152E+00  9.2936792643E-01 -3.9442206993E+00
 -3.0008886562E+00  1.6569771235E+00 -1.6361046156E+00  9.3323400238E-01 -4.0052452950E+00
 -2.9825404591E+00  1.6468019729E+00 -1.6225121865E+00  9.3651606218E-01 -4.0599222551E+00
 -2.9638088026E+00  1.6364216011E+00 -1.6096158012E+00  9.3920550104E-01 -4.1080047965E+00
 -2.9447127082E+00  1.6258466086E+00 -1.5974317079E+00  9.4129885343E-01 -4.1493116123E+00
 -2.9252715774E+00  1.6150877882E+00 -1.5859760037E+00  9.4279774570E-01 -4.1837289670E+00
 -2.9055052521E+00  1.6041561479E+00 -1.5752646074E+00  9.4370879186E-01 -4.2112115893E+00
 -2.8854340712E+00  1.5930629259E+00 -1.5653132312E+00  9.4404343442E-01 -4.2317823727E+00
 -2.8650789315E+00  1.5818195907E+00 -1.5561373511E+00  9.4381773347E-01 -4.2455309264E+00
 -2.8320295627E+00  1.5635777182E+00 -1.5431267413E+00  9.4234712627E-01 -4.2537451276E+00
</Path of -GradDelSqRho>
<Path of -GradDelSqRho>
Starting CP# =      6
Ending CP# =      1
Number of Points =      7
 -2.6189937441E+00  1.4516508998E+00 -2.3152406060E+00  2.2523394643E+01  1.2347482103E+03
 -2.6271635679E+00  1.4559827815E+00 -2.2920137134E+00  3.2752070919E+01  9.8348810163E+02
 -2.6352997027E+00  1.4602960300E+00 -2.2687715291E+00  4.7993371376E+01 -7.9298224617E+02
 -2.6434209809E+00  1.4646010614E+00 -2.2455226251E+00  7.0632492617E+01 -6.3832964734E+03
 -2.6515315294E+00  1.4689001582E+00 -2.2222688785E+00  1.0423316313E+02 -2.0616878093E+04
 -2.6596243375E+00  1.4731894426E+00 -2.1990071401E+00  1.5464122889E+02 -7.5257395578E+04
 -2.6736594089E+00  1.4806275408E+00 -2.1585706870E+00  2.9724193212E+02 -3.3285989574E+06
</Path of -GradDelSqRho>
<Path of -GradDelSqRho>
Starting CP# =      6
Ending CP# =     17
Number of Points =     38
 -2.6189937441E+00  1.4516508998E+00 -2.3152406060E+00  2.2523394643E+01  1.2347482103E+03
 -2.6107842443E+00  1.4472970732E+00 -2.3384494010E+00  1.5611231694E+01  1.1528020992E+03
 -2.6025568425E+00  1.4429333455E+00 -2.3616499987E+00  1.0924643732E+01  9.8281765135E+02
 -2.5943247888E+00  1.4385670459E+00 -2.3848484623E+00  7.7567019613E+00  7.7445099853E+02
 -2.5860820335E+00  1.4341948286E+00 -2.4080420104E+00  5.6233821398E+00  5.7359276632E+02
 -2.5778181512E+00  1.4298109275E+00 -2.4312258317E+00  4.1876537522E+00  4.0915863057E+02
 -2.5695217491E+00  1.4254090419E+00 -2.4543946238E+00  3.2188287162E+00  2.8632650861E+02
 -2.5611813587E+00  1.4209828294E+00 -2.4775429762E+00  2.5620078232E+00  1.9794522904E+02
 -2.5527863281E+00  1.4165263991E+00 -2.5006657623E+00  2.1138197075E+00  1.3480706871E+02
 -2.5443262848E+00  1.4120340147E+00 -2.5237578717E+00  1.8049369009E+00  8.9709474843E+01
 -2.5357885448E+00  1.4074986616E+00 -2.5468129500E+00  1.5885424677E+00  5.7755475351E+01
 -2.5271543995E+00  1.4029099929E+00 -2.5698215166E+00  1.4329943713E+00  3.5562809563E+01
 -2.5183947898E+00  1.3982519360E+00 -2.5927686091E+00  1.3170775133E+00  2.0596747813E+01
 -2.5094644102E+00  1.3934994292E+00 -2.6156302970E+00  1.2267830158E+00  1.0849457355E+01
 -2.5002919653E+00  1.3886130261E+00 -2.6383674539E+00  1.1530360772E+00  4.7338243638E+00
 -2.4907621801E+00  1.3835289269E+00 -2.6609131791E+00  1.0900784507E+00  1.0441467894E+00
 -2.4806790568E+00  1.3781385956E+00 -2.6831439902E+00  1.0343459403E+00 -1.0878054423E+00
 -2.4696789236E+00  1.3722404509E+00 -2.7048004445E+00  9.8375614916E-01 -2.2542366817E+00
 -2.4569777374E+00  1.3653990557E+00 -2.7251953795E+00  9.3749061186E-01 -2.8403637200E+00
 -2.4405621610E+00  1.3564896090E+00 -2.7415757454E+00  8.9771570818E-01 -3.0928459515E+00
 -2.4193044438E+00  1.3448221640E+00 -2.7435113504E+00  8.7919910849E-01 -3.1978428855E+00
 -2.3995257981E+00  1.3338830808E+00 -2.7329608923E+00  8.8089421502E-01 -3.2798790016E+00
 -2.3809924653E+00  1.3236097089E+00 -2.7197021409E+00  8.8616380485E-01 -3.3586934183E+00
 -2.3629921245E+00  1.3136226432E+00 -2.7055183716E+00  8.9153745779E-01 -3.4344411962E+00
 -2.3454289888E+00  1.3038707925E+00 -2.6906395108E+00  8.9654823467E-01 -3.5067218082E+00
 -2.3283074392E+00  1.2943568360E+00 -2.6751062874E+00  9.0112063430E-01 -3.5751415098E+00
 -2.3116443250E+00  1.2850901641E+00 -2.6589380052E+00  9.0522859493E-01 -3.6393356092E+00
 -2.2954577589E+00  1.2760808532E+00 -2.6421519628E+00  9.0885479888E-01 -3.6989747039E+00
 -2.2797659089E+00  1.2673390162E+00 -2.6247654808E+00  9.1198655203E-01 -3.7537693275E+00
 -2.2645868959E+00  1.2588747492E+00 -2.6067961435E+00  9.1461549506E-01 -3.8034738242E+00
 -2.2499387888E+00  1.2506981304E+00 -2.5882618826E+00  9.1673760611E-01 -3.8478894501E+00
 -2.2358396018E+00  1.2428192209E+00 -2.5691810486E+00  9.1835317397E-01 -3.8868666560E+00
 -2.2223072866E+00  1.2352480635E+00 -2.5495724788E+00  9.1946672107E-01 -3.9203065202E+00
 -2.2093597207E+00  1.2279946791E+00 -2.5294555621E+00  9.2008687805E-01 -3.9481613278E+00
 -2.1970146911E+00  1.2210690618E+00 -2.5088503008E+00  9.2022621363E-01 -3.9704343172E+00
 -2.1852898737E+00  1.2144811729E+00 -2.4877773714E+00  9.1990102336E-01 -3.9871786347E+00
 -2.1742028072E+00  1.2082409318E+00 -2.4662581818E+00  9.1913108155E-01 -3.9984955605E+00
 -2.1569764422E+00  1.1985198637E+00 -2.4289683450E+00  9.1688675404E-01 -4.0057161012E+00
</Path of -GradDelSqRho>
<Path of -GradDelSqRho>
Starting CP# =     13
Ending CP# =     17
Number of Points =     32
 -2.8206941400E+00  1.0578110225E+00 -2.6792423884E+00  7.8836212243E-01 -2.5584878295E+00
 -2.7992255753E+00  1.0591719964E+00 -2.6834238062E+00  7.9183252520E-01 -2.5613791481E+00
 -2.7746368027E+00  1.0611666675E+00 -2.6874665907E+00  7.9611624507E-01 -2.5717981502E+00
 -2.7499739170E+00  1.0636269293E+00 -2.6907253420E+00  8.0074202179E-01 -2.5898190528E+00
 -2.7252690877E+00  1.0665456656E+00 -2.6931916028E+00  8.0570018341E-01 -2.6153409291E+00
 -2.7005545830E+00  1.0699141220E+00 -2.6948579373E+00  8.1097531460E-01 -2.6481517158E+00
 -2.6758626421E+00  1.0737217571E+00 -2.6957180752E+00  8.1654613434E-01 -2.6879362238E+00
 -2.6512253145E+00  1.0779560979E+00 -2.6957669949E+00  8.2238546214E-01 -2.7342846361E+00
 -2.6266742810E+00  1.0826026084E+00 -2.6950009431E+00  8.2846028402E-01 -2.7867011951E+00
 -2.6022406686E+00  1.0876445692E+00 -2.6934173831E+00  8.3473192915E-01 -2.8446128843E+00
 -2.5779548748E+00  1.0930629602E+00 -2.6910148636E+00  8.4115636719E-01 -2.9073780160E+00
 -2.5538464165E+00  1.0988363364E+00 -2.6877928050E+00  8.4768463370E-01 -2.9742947310E+00
 -2.5299438185E+00  1.1049406789E+00 -2.6837512012E+00  8.5426338766E-01 -3.0446095037E+00
 -2.5062745552E+00  1.1113492003E+00 -2.6788902359E+00  8.6083559997E-01 -3.1175258020E+00
 -2.4828650604E+00  1.1180320734E+00 -2.6732098158E+00  8.6734136615E-01 -3.1922130891E+00
 -2.4597408160E+00  1.1249560469E+00 -2.6667090207E+00  8.7371883035E-01 -3.2678163622E+00
 -2.4369265357E+00  1.1320838971E+00 -2.6593854690E+00  8.7990520189E-01 -3.3434664082E+00
 -2.4144464596E+00  1.1393736507E+00 -2.6512345941E+00  8.8583784138E-01 -3.4182909228E+00
 -2.3923247898E+00  1.1467774933E+00 -2.6422488198E+00  8.9145539057E-01 -3.4914265996E+00
 -2.3705863093E+00  1.1542402416E+00 -2.6324166193E+00  8.9669892108E-01 -3.5620322503E+00
 -2.3492572639E+00  1.1616972147E+00 -2.6217214353E+00  9.0151308070E-01 -3.6293029892E+00
 -2.3283666366E+00  1.1690712693E+00 -2.6101404481E+00  9.0584722408E-01 -3.6924855023E+00
 -2.3079480335E+00  1.1762686683E+00 -2.5976432045E+00  9.0965652744E-01 -3.7508944391E+00
 -2.2880425512E+00  1.1831733330E+00 -2.5841902112E+00  9.1290310522E-01 -3.8039300015E+00
 -2.2687032228E+00  1.1896389208E+00 -2.5697318173E+00  9.1555717276E-01 -3.8510968343E+00
 -2.2500019764E+00  1.1954782118E+00 -2.5542082195E+00  9.1759833623E-01 -3.8920242248E+00
 -2.2320403858E+00  1.2004499354E+00 -2.5375525333E+00  9.1901713694E-01 -3.9264871049E+00
 -2.2149653042E+00  1.2042456844E+00 -2.5197009907E+00  9.1981701053E-01 -3.9544256891E+00
 -2.1989877764E+00  1.2064869034E+00 -2.5006173405E+00  9.2001672413E-01 -3.9759573416E+00
 -2.1843930746E+00  1.2067587105E+00 -2.4803386988E+00  9.1965273901E-01 -3.9913660181E+00
 -2.1715033223E+00  1.2047327186E+00 -2.4590331516E+00  9.1877905923E-01 -4.0010463982E+00
 -2.1569764422E+00  1.1985198637E+00 -2.4289683450E+00  9.1688675404E-01 -4.0057161012E+00
</Path of -GradDelSqRho>
<Path of -GradDelSqRho>
Starting CP# =     13
Ending CP# =     20
Number of Points =     20
 -2.8206941400E+00  1.0578110225E+00 -2.6792423884E+00  7.8836212243E-01 -2.5584878295E+00
 -2.8420857803E+00  1.0568143213E+00 -2.6744692189E+00  7.8515037131E-01 -2.5613434379E+00
 -2.8663066715E+00  1.0561278075E+00 -2.6683203652E+00  7.8181085977E-01 -2.5713947631E+00
 -2.8903346288E+00  1.0559221208E+00 -2.6614249778E+00  7.7880295334E-01 -2.5883303338E+00
 -2.9141383440E+00  1.0561991931E+00 -2.6537936106E+00  7.7611300348E-01 -2.6116533719E+00
 -2.9376864195E+00  1.0569603545E+00 -2.6454365801E+00  7.7372369589E-01 -2.6407411746E+00
 -2.9609471502E+00  1.0582064946E+00 -2.6363637478E+00  7.7161463741E-01 -2.6748517829E+00
 -2.9838882427E+00  1.0599381886E+00 -2.6265843044E+00  7.6976301772E-01 -2.7131341270E+00
 -3.0064764742E+00  1.0621557831E+00 -2.6161065673E+00  7.6814435299E-01 -2.7546416681E+00
 -3.0286772866E+00  1.0648594295E+00 -2.6049377889E+00  7.6673331681E-01 -2.7983494177E+00
 -3.0504543144E+00  1.0680490404E+00 -2.5930839786E+00  7.6550466000E-01 -2.8431740820E+00
 -3.0717688462E+00  1.0717241324E+00 -2.5805497366E+00  7.6443421261E-01 -2.8879969629E+00
 -3.0925792250E+00  1.0758834943E+00 -2.5673380984E+00  7.6349994712E-01 -2.9316891517E+00
 -3.1128402040E+00  1.0805245833E+00 -2.5534503853E+00  7.6268305759E-01 -2.9731384686E+00
 -3.1325022896E+00  1.0856424857E+00 -2.5388860385E+00  7.6196897372E-01 -3.0112775212E+00
 -3.1515111217E+00  1.0912281703E+00 -2.5236423691E+00  7.6134817841E-01 -3.0451121685E+00
 -3.1698069344E+00  1.0972655431E+00 -2.5077140377E+00  7.6081663744E-01 -3.0737495645E+00
 -3.1873240256E+00  1.1037263150E+00 -2.4910917460E+00  7.6037559958E-01 -3.0964248349E+00
 -3.2039896365E+00  1.1105602126E+00 -2.4737586464E+00  7.6003053880E-01 -3.1125253182E+00
 -3.2308038938E+00  1.1230380857E+00 -2.4415973730E+00  7.5968120301E-01 -3.1236639677E+00
</Path of -GradDelSqRho>
<Path of -GradDelSqRho>
Starting CP# =     14
Ending CP# =     12
Number of Points =     32
 -3.3228280753E+00  1.3029517041E+00 -2.0167870357E+00  7.8600767859E-01 -2.5656779028E+00
 -3.3188216598E+00  1.3133561090E+00 -1.9971932584E+00  7.8971854898E-01 -2.5689231889E+00
 -3.3135439671E+00  1.3250011751E+00 -1.9757114632E+00  7.9421338388E-01 -2.5802210856E+00
 -3.3073925676E+00  1.3367414242E+00 -1.9545158114E+00  7.9910785998E-01 -2.5997015261E+00
 -3.3003732787E+00  1.3485576193E+00 -1.9336343439E+00  8.0439660498E-01 -2.6273312789E+00
 -3.2924934355E+00  1.3604296949E+00 -1.9130943759E+00  8.1006824383E-01 -2.6629582405E+00
 -3.2837620627E+00  1.3723367551E+00 -1.8929222815E+00  8.1610517605E-01 -2.7063186652E+00
 -3.2741899843E+00  1.3842570730E+00 -1.8731432581E+00  8.2248343167E-01 -2.7570449830E+00
 -3.2637898655E+00  1.3961680946E+00 -1.8537810846E+00  8.2917261706E-01 -2.8146738489E+00
 -3.2525761824E+00  1.4080464349E+00 -1.8348578868E+00  8.3613596402E-01 -2.8786541735E+00
