 AIMInt (Version 19.02.13, Professional)
 Portions Copyright (c) 1997-2019 by Todd A. Keith
 AIMInt is a component of the AIMAll package ( http://aim.tkgristmill.com )

 TP:  64-bit Linux

 Licensed To:  Research Group of Fernando Cortes Guzman, UNAM, fercor@unam.mx

 AIMInt is a heavily modified and extended version of the PROAIMV program
 developed by members of R.F.W. Bader's research group

 Much of the Quantum Theory of Atoms in Molecules (QTAIM) is described in the book:
   "Atoms in Molecules - A Quantum Theory"
   R.F.W. Bader, Oxford University Press, Oxford, 1990

 For additional references see:  http://aim.tkgristmill.com/references.html

 Current Directory:  /home/scratch/M_H2O_4_tetraedrico/Opt

 Inp File:  Ti3_tetraedrico_cc-pvtz-def2-tzv_1_atomicfiles/ti1.inp
 Wfx File:  Ti3_tetraedrico_cc-pvtz-def2-tzv_1.wfx
 Out File:  Ti3_tetraedrico_cc-pvtz-def2-tzv_1_atomicfiles/ti1.int

 Wfx Title:   Ti3_tetraedrico_cc-pvtz-def2-tzv_1                                            
 Job Title:   Ti3_tetraedrico_cc-pvtz-def2-tzv_1                                            
 
<Atom>
Ti1     
</Atom>
<Nuclei of Molecule>
    13
Ti1       22.0           7.0701516836E-06   2.8783692891E-05  -1.9862545629E-05
O2         8.0           1.4792148201E+00   2.6715304340E+00   2.1621614851E+00
H3         1.0           3.2093166342E+00   2.6993700930E+00   2.8940246752E+00
O4         8.0           2.6729002037E+00  -1.4770138087E+00  -2.1619616874E+00
H5         1.0           2.7000796414E+00  -3.2066475862E+00  -2.8947942503E+00
O6         8.0          -1.4784285172E+00  -2.6750283548E+00   2.1582901921E+00
H7         1.0          -3.2086561307E+00  -2.7040016814E+00   2.8897268143E+00
O8         8.0          -2.6736592465E+00   1.4806274500E+00  -2.1585704793E+00
H9         1.0          -2.7000938481E+00   3.2102307773E+00  -2.8916487633E+00
H10        1.0          -5.7963069464E-01  -4.1435076055E+00   2.9101964034E+00
H11        1.0          -4.1437515188E+00   5.8347787679E-01  -2.9093105595E+00
H12        1.0           4.1420411386E+00  -5.7916187764E-01  -2.9136281491E+00
H13        1.0           5.8032115353E-01   4.1386809978E+00   2.9165147216E+00
</Nuclei of Molecule>
<Total Number of CPs of DelSqRho>
    75
</Total Number of CPs of DelSqRho>
<Number of (3,+3) CPs of DelSqRho>
    10
</Number of (3,+3) CPs of DelSqRho>
<Number of (3,+1) CPs of DelSqRho>
    33
</Number of (3,+1) CPs of DelSqRho>
<Number of (3,-1) CPs of DelSqRho>
    24
</Number of (3,-1) CPs of DelSqRho>
<Number of (3,-3) CPs of DelSqRho>
     8
</Number of (3,-3) CPs of DelSqRho>
<Number of Degenerate CPs of DelSqRho>
     0
</Number of Degenerate CPs of DelSqRho>
<CP of DelSqRho>
CP# = 1       
Type = (3,+3)
Coords =  7.07015165781863E-06  2.87836928867742E-05 -1.98625456400845E-05
DistFromNuc =  2.8236644886E-14
Rho =  7.0804350818E+03
DelSqRho = -3.1048132181E+09
GradDelSqRho = -2.4393827971E-06 -3.5054574255E-05 -2.0220465785E-05
HessDelSqRho_EigVals =  2.2189117199E+16  2.2189117209E+16  2.2189117209E+16
HessDelSqRho_EigVec1 =  8.8929964455E-05 -6.7120257959E-04  9.9999977079E-01
HessDelSqRho_EigVec2 = -2.4670580937E-01  9.6909018750E-01  6.7239552668E-04
HessDelSqRho_EigVec3 =  9.6909041669E-01  2.4670581262E-01  7.9408419723E-05
</CP of DelSqRho>
<CP of DelSqRho>
CP# = 2       
Type = (3,-1)
Coords =  1.46083124393614E-01 -8.06557199836533E-02  9.14798584974338E-02
DistFromNuc =  1.9031658285E-01
Rho =  5.8316945218E+01
DelSqRho = -2.6836447342E+03
GradDelSqRho =  1.4551915228E-11  7.2759576142E-12  0.0000000000E+00
HessDelSqRho_EigVals = -1.3486759075E+04 -6.5542339786E+03  3.5868573613E+06
HessDelSqRho_EigVec1 = -4.8318190681E-01 -8.7551974477E-01 -6.4918929148E-04
HessDelSqRho_EigVec2 = -4.2114440840E-01  2.3177101146E-01  8.7688059935E-01
HessDelSqRho_EigVec3 =  7.6757581528E-01 -4.2396624248E-01  4.8070780422E-01
</CP of DelSqRho>
<CP of DelSqRho>
CP# = 3       
Type = (3,-1)
Coords = -1.46033972483454E-01  8.05817016313759E-02  9.16515523162905E-02
DistFromNuc =  1.9031659682E-01
Rho =  5.8316931531E+01
DelSqRho = -2.6836417582E+03
GradDelSqRho =  7.2759576142E-12 -1.4551915228E-11  7.2759576142E-12
HessDelSqRho_EigVals = -1.3487454692E+04 -6.5541799896E+03  3.5868550992E+06
HessDelSqRho_EigVec1 =  4.8320831354E-01  8.7550528090E-01  4.7838499449E-04
HessDelSqRho_EigVec2 = -4.2144964335E-01  2.3308508302E-01 -8.7638549862E-01
HessDelSqRho_EigVec3 =  7.6739163655E-01 -4.2327514361E-01 -4.8161003826E-01
</CP of DelSqRho>
<CP of DelSqRho>
CP# = 4       
Type = (3,-1)
Coords =  8.06137835970980E-02  1.46155373689272E-01 -9.15074929781513E-02
DistFromNuc =  1.9031660221E-01
Rho =  5.8316917561E+01
DelSqRho = -2.6836400307E+03
GradDelSqRho =  3.6379788071E-11  3.2741809264E-11 -1.4551915228E-11
HessDelSqRho_EigVals = -1.3488241725E+04 -6.5535535175E+03  3.5868543327E+06
HessDelSqRho_EigVec1 =  8.7579357428E-01 -4.8268536727E-01  6.7191586783E-04
HessDelSqRho_EigVec2 =  2.3148400305E-01  4.2122970697E-01  8.7691544079E-01
HessDelSqRho_EigVec3 =  4.2355728253E-01  7.6784137046E-01 -4.8064421169E-01
</CP of DelSqRho>
<CP of DelSqRho>
CP# = 5       
Type = (3,-1)
Coords = -8.06385991342662E-02 -1.45958383741437E-01 -9.16955239747903E-02
DistFromNuc =  1.9031658868E-01
Rho =  5.8316945641E+01
DelSqRho = -2.6836456583E+03
GradDelSqRho =  2.9103830457E-11  2.1827872843E-11  2.1827872843E-11
HessDelSqRho_EigVals = -1.3486161182E+04 -6.5540800108E+03  3.5868564711E+06
HessDelSqRho_EigVec1 =  8.7576682134E-01 -4.8273144982E-01 -1.6798822931E-03
HessDelSqRho_EigVec2 = -2.3121035982E-01 -4.2250937552E-01  8.7637183724E-01
HessDelSqRho_EigVec3 =  4.2376201359E-01  7.6710897202E-01  4.8163220499E-01
</CP of DelSqRho>
<CP of DelSqRho>
CP# = 6       
Type = (3,+1)
Coords = -7.24040354575907E-05  1.06849610446386E-04 -6.08549212337606E-02
DistFromNuc =  6.0835160689E-02
Rho =  5.3811007168E+02
DelSqRho =  2.5485027046E+05
GradDelSqRho = -2.6147972676E-12 -4.5474735089E-13  5.8207660913E-11
HessDelSqRho_EigVals = -8.5639541688E+08  5.6404257279E+03  1.0423052304E+05
HessDelSqRho_EigVec1 =  1.3064722878E-03 -1.2833038904E-03  9.9999832313E-01
HessDelSqRho_EigVec2 =  8.7513182232E-01 -4.8388137057E-01 -1.7643052779E-03
HessDelSqRho_EigVec3 =  4.8388282330E-01  8.7513265986E-01  4.9088247095E-04
</CP of DelSqRho>
<CP of DelSqRho>
CP# = 7       
Type = (3,+3)
Coords = -1.82742940927878E-01 -5.29029361329151E-02  2.78461736434453E-04
DistFromNuc =  1.9026145829E-01
Rho =  5.8529183329E+01
DelSqRho = -2.7616749587E+03
GradDelSqRho =  2.9103830457E-11  2.5465851650E-11 -1.1368683772E-13
HessDelSqRho_EigVals =  1.8104140456E+03  1.3920486149E+04  3.6001503557E+06
HessDelSqRho_EigVec1 =  1.2585781905E-01 -4.2947001436E-01  8.9426803373E-01
HessDelSqRho_EigVec2 = -2.4811841180E-01  8.5915949782E-01  4.4752900579E-01
HessDelSqRho_EigVec3 =  9.6051916332E-01  2.7820938888E-01 -1.5725227359E-03
</CP of DelSqRho>
<CP of DelSqRho>
CP# = 8       
Type = (3,+1)
Coords =  2.82927839255735E-05 -1.41834407610695E-04  1.90168557662374E-01
DistFromNuc =  1.9018849792E-01
Rho =  5.8456831789E+01
DelSqRho = -2.7375727430E+03
GradDelSqRho =  1.7763568394E-15  0.0000000000E+00  2.9103830457E-11
HessDelSqRho_EigVals = -3.2882373104E+03  6.4103603346E+03  3.6086703725E+06
HessDelSqRho_EigVec1 =  4.8319478151E-01  8.7551257434E-01  7.3163773705E-04
HessDelSqRho_EigVec2 =  8.7551287295E-01 -4.8319450247E-01 -5.3111477383E-04
HessDelSqRho_EigVec3 =  1.1147433056E-04 -8.9719014421E-04  9.9999959131E-01
</CP of DelSqRho>
<CP of DelSqRho>
CP# = 9       
Type = (3,+1)
Coords = -1.14680772288176E-05  1.52854073029775E-04 -1.90208331266451E-01
DistFromNuc =  1.9018851009E-01
Rho =  5.8456814837E+01
DelSqRho = -2.7375693902E+03
GradDelSqRho =  1.5099033135E-14 -4.9737991503E-14  0.0000000000E+00
HessDelSqRho_EigVals = -3.2881482146E+03  6.4096090996E+03  3.6086681645E+06
HessDelSqRho_EigVec1 =  8.7503824932E-01 -4.8405361425E-01 -4.0094661767E-04
HessDelSqRho_EigVec2 =  4.8405377052E-01  8.7503809796E-01  5.2379262844E-04
HessDelSqRho_EigVec3 =  9.7299850796E-05 -6.5241830665E-04  9.9999978244E-01
</CP of DelSqRho>
<CP of DelSqRho>
CP# = 10      
Type = (3,+1)
Coords =  1.91802370732780E-04 -6.84071114538752E-05  3.42390386002336E-01
DistFromNuc =  3.4241031217E-01
Rho =  1.3136716455E+01
DelSqRho =  7.3257947901E+02
GradDelSqRho = -9.9364960704E-15  2.7755575616E-15 -5.0590642786E-12
HessDelSqRho_EigVals = -1.5603100114E+05  1.6525010205E+02  4.2545601826E+02
HessDelSqRho_EigVec1 =  5.3770455031E-04 -2.8919453137E-04  9.9999981362E-01
HessDelSqRho_EigVec2 =  4.7936303836E-01  8.7761670303E-01 -3.9537365594E-06
HessDelSqRho_EigVec3 =  8.7761653832E-01 -4.7936295114E-01 -6.1052766388E-04
</CP of DelSqRho>
<CP of DelSqRho>
CP# = 11      
Type = (3,+1)
Coords = -3.29478029724974E-01 -9.51629927579667E-02  2.80333456087703E-05
DistFromNuc =  3.4296050449E-01
Rho =  1.3328628449E+01
DelSqRho =  7.0106190159E+02
GradDelSqRho =  5.3432813729E-12 -1.4210854715E-14  8.4376949872E-15
HessDelSqRho_EigVals = -1.5305919237E+05  1.3587579432E+03  3.3172729143E+03
HessDelSqRho_EigVec1 =  9.6070905891E-01  2.7755735657E-01 -1.3393438323E-04
HessDelSqRho_EigVec2 =  1.8246347281E-02 -6.2674549902E-02  9.9786721141E-01
HessDelSqRho_EigVec3 = -2.7695699113E-01  9.5866251340E-01  6.5276415772E-02
</CP of DelSqRho>
<CP of DelSqRho>
CP# = 12      
Type = (3,-3)
Coords =  1.61829463199785E-01  2.93481772377180E-01 -6.77338685202430E-02
DistFromNuc =  3.4188642861E-01
Rho =  1.3206227759E+01
DelSqRho =  7.5055996998E+02
GradDelSqRho =  4.5474735089E-13 -5.9117155615E-12 -3.0127011996E-12
HessDelSqRho_EigVals = -1.5755632627E+05 -3.2586153189E+03 -3.5355933098E+02
HessDelSqRho_EigVec1 =  4.7293848437E-01  8.5763868490E-01 -2.0195315340E-01
HessDelSqRho_EigVec2 = -8.7564962253E-01  4.8294682260E-01  3.2419639317E-04
HessDelSqRho_EigVec3 =  9.7810677116E-02  1.7668687759E-01  9.7939512901E-01
</CP of DelSqRho>
<CP of DelSqRho>
CP# = 13      
Type = (3,+1)
Coords =  3.07375577940903E-02  1.47098010943037E-01  1.16531900792960E-01
DistFromNuc =  1.9015265976E-01
Rho =  5.8540543729E+01
DelSqRho = -2.7542020622E+03
GradDelSqRho =  3.6379788071E-11  1.2732925825E-11  0.0000000000E+00
HessDelSqRho_EigVals = -9.2943107800E+02  6.6763008571E+03  3.6175281508E+06
HessDelSqRho_EigVec1 =  6.6474649172E-01 -5.4486598170E-01  5.1110973746E-01
HessDelSqRho_EigVec2 = -7.2922427644E-01 -3.2460490510E-01  6.0238161512E-01
HessDelSqRho_EigVec3 =  1.6230852226E-01  7.7314469381E-01  6.1310947313E-01
</CP of DelSqRho>
<CP of DelSqRho>
CP# = 14      
Type = (3,+1)
Coords = -3.07762183286004E-02 -1.47148292280110E-01  1.16381607369969E-01
DistFromNuc =  1.9015258279E-01
Rho =  5.8540546278E+01
DelSqRho = -2.7541960689E+03
GradDelSqRho =  7.2759576142E-12 -5.4569682106E-12 -1.4551915228E-11
HessDelSqRho_EigVals = -9.2721471546E+02  6.6660770210E+03  3.6175409871E+06
HessDelSqRho_EigVec1 =  6.6498692846E-01 -5.4438739749E-01 -5.1130690043E-01
HessDelSqRho_EigVec2 =  7.2894349128E-01  3.2405344130E-01  6.0301803763E-01
HessDelSqRho_EigVec3 =  1.6258465950E-01  7.7371294976E-01 -6.1231895272E-01
</CP of DelSqRho>
<CP of DelSqRho>
CP# = 15      
Type = (3,-1)
Coords =  6.72197746411709E-02 -1.28452245255133E-01 -3.10309084049292E-01
DistFromNuc =  3.4249718747E-01
Rho =  1.3132324216E+01
DelSqRho =  7.3386026417E+02
GradDelSqRho = -5.9685589804E-13  3.9790393203E-13 -1.0231815395E-12
HessDelSqRho_EigVals = -1.5587167123E+05 -4.4637435234E+02  5.5891891848E+02
HessDelSqRho_EigVec1 = -1.9291883880E-01  3.7563637480E-01  9.0646546297E-01
HessDelSqRho_EigVec2 = -2.1419528145E-01  8.8541735308E-01 -4.1250029366E-01
HessDelSqRho_EigVec3 =  9.5755036580E-01  2.7373970262E-01  9.0354148589E-02
</CP of DelSqRho>
<CP of DelSqRho>
CP# = 16      
Type = (3,-3)
Coords =  2.93384549485341E-01 -1.61906408112822E-01  6.77513353946670E-02
DistFromNuc =  3.4188636562E-01
Rho =  1.3206242762E+01
DelSqRho =  7.5055872533E+02
GradDelSqRho =  3.6379788071E-12 -1.3642420527E-12  1.4210854715E-12
HessDelSqRho_EigVals = -1.5755642998E+05 -3.2582823607E+03 -3.5359476243E+02
HessDelSqRho_EigVec1 =  8.5741554476E-01 -4.7327170785E-01  2.0211994991E-01
HessDelSqRho_EigVec2 =  4.8318022864E-01  8.7552083710E-01  3.6118590883E-04
HessDelSqRho_EigVec3 = -1.7713116681E-01  9.7350677200E-02  9.7936070750E-01
</CP of DelSqRho>
<CP of DelSqRho>
CP# = 17      
Type = (3,+1)
Coords =  1.47082106434269E-01 -3.07446416268948E-02 -1.16552800691375E-01
DistFromNuc =  1.9015255895E-01
Rho =  5.8540563833E+01
DelSqRho = -2.7541836422E+03
GradDelSqRho =  0.0000000000E+00  2.1827872843E-11 -1.0913936421E-11
HessDelSqRho_EigVals = -9.3822557873E+02  6.6661423008E+03  3.6175457399E+06
HessDelSqRho_EigVec1 =  5.4486023597E-01  6.6488743120E-01  5.1093250738E-01
HessDelSqRho_EigVec2 =  3.2454024518E-01 -7.2904594499E-01  6.0263225881E-01
HessDelSqRho_EigVec3 =  7.7317588718E-01 -1.6253219352E-01 -6.1301087556E-01
</CP of DelSqRho>
<CP of DelSqRho>
CP# = 18      
Type = (3,+1)
Coords = -1.47223817440695E-01  3.08333153989587E-02 -1.16347831224905E-01
DistFromNuc =  1.9015270109E-01
Rho =  5.8540536455E+01
DelSqRho = -2.7541839231E+03
GradDelSqRho = -1.4551915228E-11 -2.1827872843E-11 -1.4551915228E-11
HessDelSqRho_EigVals = -9.4428673153E+02  6.6789803072E+03  3.6175231239E+06
HessDelSqRho_EigVec1 =  5.4411239728E-01  6.6517178008E-01 -5.1135917133E-01
HessDelSqRho_EigVec2 = -3.2384356816E-01  7.2874950270E-01  6.0336515120E-01
HessDelSqRho_EigVec3 =  7.7399421347E-01 -1.6269808020E-01  6.1193324163E-01
</CP of DelSqRho>
<CP of DelSqRho>
CP# = 19      
Type = (3,+1)
Coords =  1.07519370499120E-01  1.04583167705763E-01  1.16887268803396E-01
DistFromNuc =  1.9015202156E-01
Rho =  5.8540795212E+01
DelSqRho = -2.7542341845E+03
GradDelSqRho = -1.0004441720E-11 -7.2759576142E-12 -1.0913936421E-11
HessDelSqRho_EigVals = -9.0617335272E+02  6.6340555828E+03  3.6176328787E+06
HessDelSqRho_EigVec1 =  8.1751028703E-01 -2.7140896802E-01 -5.0795088610E-01
HessDelSqRho_EigVec2 = -1.1260552621E-01  7.8963839200E-01 -6.0315106345E-01
HessDelSqRho_EigVec3 =  5.6479812860E-01  5.5028027582E-01  6.1497535883E-01
</CP of DelSqRho>
<CP of DelSqRho>
CP# = 20      
Type = (3,+1)
Coords = -1.07318034300343E-01 -1.04755263965944E-01  1.16853490724452E-01
DistFromNuc =  1.9015192714E-01
Rho =  5.8540802955E+01
DelSqRho = -2.7542310401E+03
GradDelSqRho = -2.2737367544E-11  7.2759576142E-12 -3.6379788071E-12
HessDelSqRho_EigVals = -9.0102980744E+02  6.6220114309E+03  3.6176484664E+06
HessDelSqRho_EigVec1 =  8.1831651406E-01 -2.7237481220E-01  5.0613243771E-01
HessDelSqRho_EigVec2 = -1.1167074463E-01  7.8846283011E-01  6.0486032299E-01
HessDelSqRho_EigVec3 = -5.6381533113E-01 -5.5148737720E-01  6.1479585650E-01
</CP of DelSqRho>
<CP of DelSqRho>
CP# = 21      
Type = (3,+1)
Coords = -1.84602793780359E-04  2.71025177475122E-04 -3.42429992071434E-01
DistFromNuc =  3.4241026886E-01
Rho =  1.3136721578E+01
DelSqRho =  7.3257952749E+02
GradDelSqRho = -7.1331829332E-15 -1.1268763700E-14  5.0022208598E-12
HessDelSqRho_EigVals = -1.5603105500E+05  1.6538424512E+02  4.2531041856E+02
HessDelSqRho_EigVec1 =  5.5784213738E-04 -7.0398159888E-04  9.9999959661E-01
HessDelSqRho_EigVec2 =  8.7276687011E-01 -4.8813655948E-01 -8.3050562689E-04
HessDelSqRho_EigVec3 =  4.8813694723E-01  8.7276698134E-01  3.4210867500E-04
</CP of DelSqRho>
<CP of DelSqRho>
CP# = 22      
Type = (3,+1)
Coords = -1.04661359324320E-01  1.07473993185099E-01 -1.16886447580422E-01
DistFromNuc =  1.9015191787E-01
Rho =  5.8540807321E+01
DelSqRho = -2.7542505967E+03
GradDelSqRho = -7.2759576142E-12 -7.2759576142E-12  7.2759576142E-12
HessDelSqRho_EigVals = -8.8800816592E+02  6.6229284089E+03  3.6176486434E+06
HessDelSqRho_EigVec1 =  2.7179970521E-01  8.1778510347E-01  5.0729916695E-01
HessDelSqRho_EigVec2 =  7.8908569449E-01  1.1236916980E-01 -6.0391798816E-01
HessDelSqRho_EigVec3 =  5.5087992067E-01 -5.6444724662E-01  6.1476061909E-01
</CP of DelSqRho>
<CP of DelSqRho>
CP# = 23      
Type = (3,+1)
Coords =  1.04646328000255E-01 -1.07216767310197E-01 -1.17095746234972E-01
DistFromNuc =  1.9015189990E-01
Rho =  5.8540796065E+01
DelSqRho = -2.7542413490E+03
GradDelSqRho = -1.8189894035E-11  1.4551915228E-11  7.2759576142E-12
HessDelSqRho_EigVals = -8.8900793847E+02  6.6182021926E+03  3.6176509751E+06
HessDelSqRho_EigVec1 =  2.7177373013E-01  8.1866366304E-01 -5.0589410594E-01
HessDelSqRho_EigVec2 =  7.8920190530E-01  1.1123450663E-01  6.0397618927E-01
HessDelSqRho_EigVec3 = -5.5072624078E-01  5.6339745416E-01  6.1586030589E-01
</CP of DelSqRho>
<CP of DelSqRho>
CP# = 24      
Type = (3,+1)
Coords =  3.29493195748717E-01  9.52170284231955E-02 -2.76351685277982E-05
DistFromNuc =  3.4296050641E-01
Rho =  1.3328627333E+01
DelSqRho =  7.0106226288E+02
GradDelSqRho = -5.0590642786E-12  2.9984903449E-12  3.6231018186E-12
HessDelSqRho_EigVals = -1.5305928461E+05  1.3587559706E+03  3.3172940422E+03
HessDelSqRho_EigVec1 =  9.6071136925E-01  2.7754939051E-01 -2.8559844789E-05
HessDelSqRho_EigVec2 = -1.7671181121E-02  6.1269838495E-02  9.9796479710E-01
HessDelSqRho_EigVec3 = -2.7698627104E-01  9.5875562200E-01 -6.3767255984E-02
</CP of DelSqRho>
<CP of DelSqRho>
CP# = 25      
Type = (3,+1)
Coords = -9.51865852452162E-02  3.29512415267552E-01  2.12147371400676E-04
DistFromNuc =  3.4295969054E-01
Rho =  1.3328350594E+01
DelSqRho =  7.0110601540E+02
GradDelSqRho =  1.3642420527E-12 -2.7284841053E-12 -9.1038288019E-15
HessDelSqRho_EigVals = -1.5306339908E+05  1.3546604234E+03  3.3158252070E+03
HessDelSqRho_EigVec1 = -2.7756402682E-01  9.6070689865E-01  6.8257677651E-04
HessDelSqRho_EigVec2 =  6.2125963020E-02  1.7240196649E-02  9.9791940573E-01
HessDelSqRho_EigVec3 =  9.5869628962E-01  2.7702893443E-01 -6.4470099664E-02
</CP of DelSqRho>
<CP of DelSqRho>
CP# = 26      
Type = (3,+1)
Coords =  9.51986255357424E-02 -3.29455537884193E-01 -2.94074024662891E-04
DistFromNuc =  3.4295980169E-01
Rho =  1.3328336942E+01
DelSqRho =  7.0110555897E+02
GradDelSqRho =  2.5011104299E-12 -4.5474735089E-12 -1.4210854715E-14
HessDelSqRho_EigVals = -1.5306317849E+05  1.3547252568E+03  3.3157879170E+03
HessDelSqRho_EigVec1 = -2.7755886541E-01  9.6070830451E-01  7.9365348664E-04
HessDelSqRho_EigVec2 = -6.1656327027E-02 -1.8637567186E-02  9.9792341311E-01
HessDelSqRho_EigVec3 =  9.5872810200E-01  2.7693355655E-01  6.4406767402E-02
</CP of DelSqRho>
<CP of DelSqRho>
CP# = 27      
Type = (3,-3)
Coords = -2.93340569699764E-01  1.61871490951066E-01  6.81004262649793E-02
DistFromNuc =  3.4188634580E-01
Rho =  1.3206248767E+01
DelSqRho =  7.5055837540E+02
GradDelSqRho = -1.8189894035E-12  1.3642420527E-12  9.0949470177E-13
HessDelSqRho_EigVals = -1.5755637528E+05 -3.2583898352E+03 -3.5350461623E+02
HessDelSqRho_EigVec1 =  8.5732700879E-01 -4.7299522694E-01 -2.0314013708E-01
HessDelSqRho_EigVec2 =  4.8317768944E-01  8.7552210182E-01  6.0799386424E-04
HessDelSqRho_EigVec3 =  1.7756610158E-01 -9.8674031627E-02  9.7914948555E-01
</CP of DelSqRho>
<CP of DelSqRho>
CP# = 28      
Type = (3,-3)
Coords = -1.61844934980581E-01 -2.93317888698994E-01 -6.81231581307942E-02
DistFromNuc =  3.4188653182E-01
Rho =  1.3206213090E+01
DelSqRho =  7.5055943283E+02
GradDelSqRho = -4.5474735089E-13 -1.3642420527E-12  7.3896444519E-13
HessDelSqRho_EigVals = -1.5755607714E+05 -3.2583674178E+03 -3.5378665648E+02
HessDelSqRho_EigVec1 =  4.7302648564E-01  8.5732139398E-01  2.0309104194E-01
HessDelSqRho_EigVec2 =  8.7564964382E-01 -4.8294620646E-01 -8.1420984955E-04
HessDelSqRho_EigVec3 =  9.7384008750E-02  1.7822174137E-01 -9.7915952007E-01
</CP of DelSqRho>
<CP of DelSqRho>
CP# = 29      
Type = (3,-1)
Coords = -1.15536431021831E-02  1.44680234028797E-01  3.10216656045631E-01
DistFromNuc =  3.4249728414E-01
Rho =  1.3132331116E+01
DelSqRho =  7.3386104479E+02
GradDelSqRho =  1.8332002583E-12 -1.1368683772E-12 -3.8085090637E-12
HessDelSqRho_EigVals = -1.5587143687E+05 -4.4684452374E+02  5.5889082166E+02
HessDelSqRho_EigVec1 = -3.6840468110E-02  4.2100287268E-01  9.0631085236E-01
HessDelSqRho_EigVec2 = -2.9167921176E-01  8.6290500499E-01 -4.1269624398E-01
HessDelSqRho_EigVec3 =  9.5580647484E-01  2.7955595784E-01 -9.1007961732E-02
</CP of DelSqRho>
<CP of DelSqRho>
CP# = 30      
Type = (3,-1)
Coords = -1.45322669261490E-01 -1.14474691095979E-02 -3.09942380727566E-01
DistFromNuc =  3.4249730629E-01
Rho =  1.3132324691E+01
DelSqRho =  7.3388069855E+02
GradDelSqRho = -3.0411229091E-12 -8.5265128291E-14 -4.5474735089E-12
HessDelSqRho_EigVals = -1.5587192170E+05 -4.5076170069E+02  5.5780912553E+02
HessDelSqRho_EigVec1 =  4.2298300226E-01  3.6601424106E-02  9.0539809783E-01
HessDelSqRho_EigVec2 =  8.6181926713E-01  2.9240912625E-01 -4.1444475349E-01
HessDelSqRho_EigVec3 = -2.7991593489E-01  9.5559261123E-01  9.2140277613E-02
</CP of DelSqRho>
<CP of DelSqRho>
CP# = 31      
Type = (3,-1)
Coords =  1.29113616724392E-01  6.73890489082478E-02  3.09978529464797E-01
DistFromNuc =  3.4249804196E-01
Rho =  1.3132219568E+01
DelSqRho =  7.3387647855E+02
GradDelSqRho = -2.2453150450E-12 -7.1681549585E-13 -5.6843418861E-14
HessDelSqRho_EigVals = -1.5587049374E+05 -4.5012357797E+02  5.5792329591E+02
HessDelSqRho_EigVec1 =  3.7746368309E-01  1.9334239921E-01  9.0561574888E-01
HessDelSqRho_EigVec2 =  8.8492256748E-01  2.1281429909E-01 -4.1427300619E-01
HessDelSqRho_EigVec3 = -2.7282451779E-01  9.5777282837E-01 -9.0763383161E-02
</CP of DelSqRho>
<CP of DelSqRho>
CP# = 32      
Type = (3,-1)
Coords =  1.17709881893310E-02 -1.45042904190973E-01  3.10012210800474E-01
DistFromNuc =  3.4249681881E-01
Rho =  1.3132370189E+01
DelSqRho =  7.3386510994E+02
GradDelSqRho = -2.4158453016E-13 -2.2737367544E-13 -4.2632564146E-12
HessDelSqRho_EigVals = -1.5587250053E+05 -4.4712744828E+02  5.5871506366E+02
HessDelSqRho_EigVec1 =  3.7434734196E-02 -4.2223211351E-01  9.0571445997E-01
HessDelSqRho_EigVec2 = -2.9106164160E-01  8.6244536333E-01  4.1409070994E-01
HessDelSqRho_EigVec3 =  9.5597163214E-01  2.7912011320E-01  9.0610159160E-02
</CP of DelSqRho>
<CP of DelSqRho>
CP# = 33      
Type = (3,-1)
Coords = -1.28939370701316E-01 -6.77439718643881E-02  3.09954988618179E-01
DistFromNuc =  3.4249779468E-01
Rho =  1.3132215528E+01
DelSqRho =  7.3388166424E+02
GradDelSqRho = -3.4106051316E-12 -1.3903878049E-12  2.2737367544E-12
HessDelSqRho_EigVals = -1.5587118718E+05 -4.5058323688E+02  5.5765214409E+02
HessDelSqRho_EigVec1 = -3.7699600229E-01 -1.9454886625E-01  9.0555218121E-01
HessDelSqRho_EigVec2 =  8.8507604039E-01  2.1247457057E-01  4.1411949917E-01
HessDelSqRho_EigVec3 = -2.7297328989E-01  9.5760393457E-01  9.2088476515E-02
</CP of DelSqRho>
<CP of DelSqRho>
CP# = 34      
Type = (3,-1)
Coords = -6.74263136852703E-02  1.28937422923587E-01 -3.10084329087608E-01
DistFromNuc =  3.4249769625E-01
Rho =  1.3132244224E+01
DelSqRho =  7.3385983373E+02
GradDelSqRho =  2.7569058147E-12 -8.5265128291E-13 -2.8421709430E-13
HessDelSqRho_EigVals = -1.5587067177E+05 -4.4648861940E+02  5.5890975377E+02
HessDelSqRho_EigVec1 =  1.9356297990E-01 -3.7688343701E-01  9.0581027137E-01
HessDelSqRho_EigVec2 = -2.1354621256E-01  8.8495028479E-01  4.1383693474E-01
HessDelSqRho_EigVec3 =  9.5756534394E-01  2.7353586303E-01 -9.0811583635E-02
</CP of DelSqRho>
<CP of DelSqRho>
CP# = 35      
Type = (3,-1)
Coords =  1.45189405811038E-01  1.19255052745096E-02 -3.09995534943307E-01
DistFromNuc =  3.4249724094E-01
Rho =  1.3132303753E+01
DelSqRho =  7.3388536216E+02
GradDelSqRho = -1.1368683772E-12 -1.7053025658E-13 -2.6716406865E-12
HessDelSqRho_EigVals = -1.5587230192E+05 -4.5129980024E+02  5.5762957363E+02
HessDelSqRho_EigVec1 = -4.2255252442E-01 -3.7828048697E-02  9.0554867502E-01
HessDelSqRho_EigVec2 =  8.6199504246E-01  2.9192024906E-01  4.1442383494E-01
HessDelSqRho_EigVec3 = -2.8002483976E-01  9.5569430621E-01 -9.0744047728E-02
</CP of DelSqRho>
<CP of DelSqRho>
CP# = 36      
Type = (3,-1)
Coords =  6.61726802096297E-01 -3.64997082413264E-01 -2.59691009644255E-01
DistFromNuc =  7.9909072777E-01
Rho =  1.1308479933E+00
DelSqRho = -4.0942152891E+00
GradDelSqRho = -5.0626169923E-14  3.7303493627E-14  2.2204460493E-14
HessDelSqRho_EigVals = -1.0671557719E+02 -2.1211803746E+01  8.0328501778E+02
HessDelSqRho_EigVec1 =  4.8322215450E-01  8.7549751163E-01  6.7566838367E-04
HessDelSqRho_EigVec2 =  2.8067834550E-01 -1.5564855033E-01  9.4709724693E-01
HessDelSqRho_EigVec3 =  8.2928644977E-01 -4.5746872670E-01 -3.2094602089E-01
</CP of DelSqRho>
<CP of DelSqRho>
CP# = 37      
Type = (3,-1)
Coords = -6.61826690707818E-01  3.65411800759554E-01 -2.58899032662223E-01
DistFromNuc =  7.9909142211E-01
Rho =  1.1308386178E+00
DelSqRho = -4.0941063397E+00
GradDelSqRho =  3.6415315208E-14 -1.7763568394E-14 -3.1086244690E-15
HessDelSqRho_EigVals = -1.0671088710E+02 -2.1216207777E+01  8.0327681910E+02
HessDelSqRho_EigVec1 =  4.8322233219E-01  8.7549761817E-01  3.1345527849E-04
HessDelSqRho_EigVec2 = -2.8026029974E-01  1.5434771575E-01  9.4743387476E-01
HessDelSqRho_EigVec3 =  8.2942771961E-01 -4.5790905563E-01  3.1995148806E-01
</CP of DelSqRho>
<CP of DelSqRho>
CP# = 38      
Type = (3,-1)
Coords =  3.65219925093449E-01  6.61661212815867E-01  2.59608332435502E-01
DistFromNuc =  7.9908992004E-01
Rho =  1.1308556817E+00
DelSqRho = -4.0942469049E+00
GradDelSqRho =  0.0000000000E+00 -1.3322676296E-14  2.6645352591E-15
HessDelSqRho_EigVals = -1.0671278156E+02 -2.1220532692E+01  8.0329583723E+02
HessDelSqRho_EigVec1 =  8.7564905432E-01 -4.8294681021E-01 -1.0546017175E-03
HessDelSqRho_EigVec2 = -1.5409873632E-01 -2.8147042202E-01  9.4711561121E-01
HessDelSqRho_EigVec3 =  4.5770330252E-01  8.2917837649E-01  3.2089080203E-01
</CP of DelSqRho>
<CP of DelSqRho>
CP# = 39      
Type = (3,-1)
Coords = -3.65086704135499E-01 -6.61997887020248E-01  2.58775712113263E-01
DistFromNuc =  7.9909193853E-01
Rho =  1.1308376578E+00
DelSqRho = -4.0939745178E+00
GradDelSqRho =  1.9539925233E-14 -8.8817841970E-15  4.8849813084E-15
HessDelSqRho_EigVals = -1.0672313562E+02 -2.1210705208E+01  8.0327082142E+02
HessDelSqRho_EigVec1 =  8.7565110491E-01 -4.8294423837E-01 -7.1442968181E-05
HessDelSqRho_EigVec2 =  1.5452756126E-01  2.8004172946E-01  9.4746918819E-01
HessDelSqRho_EigVec3 =  4.5755477846E-01  8.2966348141E-01 -3.1984704520E-01
</CP of DelSqRho>
<CP of DelSqRho>
CP# = 40      
Type = (3,+1)
Coords = -5.42597625285461E-03  2.66040191462996E-03  7.77748802262848E-01
DistFromNuc =  7.7779209264E-01
Rho =  1.2451721177E+00
DelSqRho = -8.7452429187E+00
GradDelSqRho =  1.3877787808E-16 -2.2204460493E-16 -7.1942451996E-14
HessDelSqRho_EigVals = -2.4635548997E-01  2.6369913365E+01  1.0962929359E+03
HessDelSqRho_EigVec1 =  8.7451183259E-01 -4.8494124917E-01  7.8127784458E-03
HessDelSqRho_EigVec2 =  4.8495306956E-01  8.7454007096E-01  4.2966552082E-04
HessDelSqRho_EigVec3 = -7.0409503508E-03  3.4130833070E-03  9.9996938747E-01
</CP of DelSqRho>
<CP of DelSqRho>
CP# = 41      
Type = (3,+1)
Coords =  6.23722359128285E-03  1.22707634334317E-02 -7.77689649637214E-01
DistFromNuc =  7.7779108933E-01
Rho =  1.2452001237E+00
DelSqRho = -8.7453343166E+00
GradDelSqRho =  2.3592239273E-16 -1.6653345369E-15 -9.1482377229E-14
HessDelSqRho_EigVals = -2.4271590485E-01  2.6349063876E+01  1.0963107998E+03
HessDelSqRho_EigVec1 =  4.8150638160E-01  8.7626216273E-01  1.7782762745E-02
HessDelSqRho_EigVec2 =  8.7640538450E-01 -4.8157376489E-01 -5.5766175395E-04
HessDelSqRho_EigVec3 = -8.0750541107E-03 -1.5853426714E-02  9.9984171865E-01
</CP of DelSqRho>
<CP of DelSqRho>
CP# = 42      
Type = (3,+3)
Coords =  4.82967215643042E-02  8.88256793836619E-02 -7.71164469973371E-01
DistFromNuc =  7.7774082102E-01
Rho =  1.2469661782E+00
DelSqRho = -8.7457515059E+00
GradDelSqRho =  3.9968028887E-15  9.3258734069E-15 -1.1279865930E-13
HessDelSqRho_EigVals =  4.0764340035E-01  2.4300585230E+01  1.0972521550E+03
HessDelSqRho_EigVec1 =  4.7721809309E-01  8.6897780752E-01  1.3092158593E-01
HessDelSqRho_EigVec2 =  8.7655529861E-01 -4.8130087949E-01 -5.2141956864E-04
HessDelSqRho_EigVec3 = -6.2559572419E-02 -1.1500884070E-01  9.9139258947E-01
</CP of DelSqRho>
<CP of DelSqRho>
CP# = 43      
Type = (3,+3)
Coords = -5.43559005646290E-02 -9.80456661800702E-02 -7.69619548415674E-01
DistFromNuc =  7.7772592010E-01
Rho =  1.2474359588E+00
DelSqRho = -8.7464401338E+00
GradDelSqRho =  0.0000000000E+00  1.4210854715E-14  4.5297099405E-14
HessDelSqRho_EigVals =  5.8578424739E-01  2.3786586125E+01  1.0975225784E+03
HessDelSqRho_EigVec1 =  4.7597567792E-01  8.6738204737E-01 -1.4524303055E-01
HessDelSqRho_EigVec2 =  8.7663464961E-01 -4.8115622348E-01 -6.1619886067E-04
HessDelSqRho_EigVec3 =  7.0419067897E-02  1.2703177752E-01  9.8939581684E-01
</CP of DelSqRho>
<CP of DelSqRho>
CP# = 44      
Type = (3,+3)
Coords =  9.55283978344817E-02 -5.33404578937220E-02  7.69975404705015E-01
DistFromNuc =  7.7773087349E-01
Rho =  1.2472853014E+00
DelSqRho = -8.7461193583E+00
GradDelSqRho =  3.2984726062E-13 -1.9451107391E-13  2.2462032234E-12
HessDelSqRho_EigVals =  5.3465459528E-01  2.3939044551E+01  1.0974337468E+03
HessDelSqRho_EigVec1 =  8.6543804882E-01 -4.8055350326E-01 -1.4172266636E-01
HessDelSqRho_EigVec2 =  4.8549941103E-01  8.7423691698E-01  3.6726554743E-04
HessDelSqRho_EigVec3 =  1.2372269616E-01 -6.9124116628E-02  9.8990633444E-01
</CP of DelSqRho>
<CP of DelSqRho>
CP# = 45      
Type = (3,+3)
Coords = -9.00316018361378E-02  4.96025007877308E-02  7.70896593469929E-01
DistFromNuc =  7.7773819376E-01
Rho =  1.2470581237E+00
DelSqRho = -8.7457900414E+00
GradDelSqRho =  1.3877787808E-15 -7.5495165675E-15 -1.1546319456E-14
HessDelSqRho_EigVals =  4.4862416570E-01  2.4188436168E+01  1.0973008660E+03
HessDelSqRho_EigVec1 =  8.6642788423E-01 -4.8122458431E-01  1.3313760127E-01
HessDelSqRho_EigVec2 =  4.8549007831E-01  8.7424204216E-01  4.8537722315E-04
HessDelSqRho_EigVec3 = -1.1662806388E-01  6.4216440108E-02  9.9109744402E-01
</CP of DelSqRho>
<CP of DelSqRho>
CP# = 46      
Type = (3,+1)
Coords = -2.54002431329662E-01  2.72424596154358E-01  6.82550076654936E-01
DistFromNuc =  7.7757445135E-01
Rho =  1.2648874658E+00
DelSqRho = -8.6681637492E+00
GradDelSqRho =  3.4416913763E-15 -4.0856207306E-14 -6.0840221749E-14
HessDelSqRho_EigVals = -1.1847667013E+01  1.9119972782E+01  1.1007518077E+03
HessDelSqRho_EigVec1 =  1.1681216659E-01 -9.0622505907E-01  4.0633860270E-01
HessDelSqRho_EigVec2 =  9.3703438650E-01  2.3615006669E-01  2.5729303240E-01
HessDelSqRho_EigVec3 = -3.2912228161E-01  3.5069828673E-01  8.7674924319E-01
</CP of DelSqRho>
<CP of DelSqRho>
CP# = 47      
Type = (3,+1)
Coords =  2.54436878779876E-01 -2.73347917144610E-01  6.81997872592960E-01
DistFromNuc =  7.7757156527E-01
Rho =  1.2649171771E+00
DelSqRho = -8.6687650116E+00
GradDelSqRho = -2.9976021665E-15  1.7763568394E-15 -2.2648549702E-14
HessDelSqRho_EigVals = -1.1852712826E+01  1.9133112221E+01  1.1007987004E+03
HessDelSqRho_EigVec1 =  1.1623391562E-01 -9.0572179417E-01 -4.0762446986E-01
HessDelSqRho_EigVec2 =  9.3691623922E-01  2.3620427751E-01 -2.5767324263E-01
HessDelSqRho_EigVec3 =  3.2966291502E-01 -3.5195961538E-01  8.7604040523E-01
</CP of DelSqRho>
<CP of DelSqRho>
CP# = 48      
Type = (3,+1)
Coords =  2.73915305162057E-01  2.55636976576577E-01 -6.81396031970866E-01
DistFromNuc =  7.7758263467E-01
Rho =  1.2649650858E+00
DelSqRho = -8.6650518966E+00
GradDelSqRho = -4.5186077102E-14 -1.5987211555E-14 -3.1086244690E-14
HessDelSqRho_EigVals = -1.2086693108E+01  1.9130455474E+01  1.1006333940E+03
HessDelSqRho_EigVec1 =  9.0611977876E-01  1.1268209323E-01  4.0773728357E-01
HessDelSqRho_EigVec2 =  2.3365147880E-01 -9.3681678944E-01 -2.6034840018E-01
HessDelSqRho_EigVec3 = -3.5263853023E-01 -3.3117525403E-01  8.7519655970E-01
</CP of DelSqRho>
<CP of DelSqRho>
CP# = 49      
Type = (3,+1)
Coords = -2.74395044809613E-01 -2.54664002901041E-01 -6.81533967738942E-01
DistFromNuc =  7.7757727064E-01
Rho =  1.2650341683E+00
DelSqRho = -8.6663654926E+00
GradDelSqRho = -1.7708057243E-14 -8.8817841970E-16 -2.6645352591E-15
HessDelSqRho_EigVals = -1.2090670085E+01  1.9162605850E+01  1.1007127882E+03
HessDelSqRho_EigVec1 =  9.0594138647E-01  1.1275512938E-01 -4.0811332382E-01
HessDelSqRho_EigVec2 =  2.3338266253E-01 -9.3722146512E-01  2.5913019534E-01
HessDelSqRho_EigVec3 =  3.5327430858E-01  3.3000334257E-01  8.7538280585E-01
</CP of DelSqRho>
<CP of DelSqRho>
CP# = 50      
Type = (3,+1)
Coords =  3.68646563095571E-01 -6.98994801401403E-02  6.81046936636375E-01
DistFromNuc =  7.7758409371E-01
Rho =  1.2650088771E+00
DelSqRho = -8.6650623721E+00
GradDelSqRho =  7.9047879353E-14 -9.7699626167E-15  1.1457501614E-13
HessDelSqRho_EigVals = -1.2137222448E+01  1.9170738869E+01  1.1006045602E+03
HessDelSqRho_EigVec1 =  8.2593161472E-01  3.8871744912E-01 -4.0833284532E-01
HessDelSqRho_EigVec2 =  3.0255455896E-01 -9.1676998559E-01 -2.6075569482E-01
HessDelSqRho_EigVec3 =  4.7570758525E-01 -9.1823408146E-02  8.7479755089E-01
</CP of DelSqRho>
<CP of DelSqRho>
CP# = 51      
Type = (3,+1)
Coords = -3.68241782820113E-01  6.90627962149429E-02  6.81353100367446E-01
DistFromNuc =  7.7758731162E-01
Rho =  1.2649754473E+00
DelSqRho = -8.6642911680E+00
GradDelSqRho = -2.2204460493E-15  1.3322676296E-15  1.3322676296E-14
HessDelSqRho_EigVals = -1.2145469481E+01  1.9156533989E+01  1.1005578650E+03
HessDelSqRho_EigVec1 =  8.2618765089E-01  3.8811768281E-01  4.0838539372E-01
HessDelSqRho_EigVec2 =  3.0264753565E-01 -9.1713848154E-01  2.5934817302E-01
HessDelSqRho_EigVec3 = -4.7520357183E-01  9.0673424827E-02  8.7519134785E-01
</CP of DelSqRho>
<CP of DelSqRho>
CP# = 52      
Type = (3,+1)
Coords =  6.93073609442155E-02  3.67421307747593E-01 -6.81818777190060E-01
DistFromNuc =  7.7757929309E-01
Rho =  1.2648929536E+00
DelSqRho = -8.6672654760E+00
GradDelSqRho =  2.4602542226E-13  3.8049563500E-12 -7.8956841065E-12
HessDelSqRho_EigVals = -1.1900580054E+01  1.9132287808E+01  1.1006757414E+03
HessDelSqRho_EigVec1 =  3.8515386281E-01 -8.2772500086E-01 -4.0807820932E-01
HessDelSqRho_EigVec2 =  9.1835343535E-01  3.0015831595E-01  2.5793788621E-01
HessDelSqRho_EigVec3 = -9.1013568994E-02 -4.7410579866E-01  8.7575123291E-01
</CP of DelSqRho>
<CP of DelSqRho>
CP# = 53      
Type = (3,+1)
Coords = -6.96208834853947E-02 -3.66444796730026E-01 -6.82272840778245E-01
DistFromNuc =  7.7757318844E-01
Rho =  1.2649602307E+00
DelSqRho = -8.6687463668E+00
GradDelSqRho =  1.6786572132E-13 -3.1619151741E-12 -5.9461324753E-12
HessDelSqRho_EigVals = -1.1892694268E+01  1.9160045481E+01  1.1007684678E+03
HessDelSqRho_EigVec1 =  3.8566211707E-01 -8.2816966940E-01  4.0669365639E-01
HessDelSqRho_EigVec2 =  9.1809831290E-01  3.0078664717E-01 -2.5811408475E-01
HessDelSqRho_EigVec3 =  9.1434234902E-02  4.7292958416E-01  8.7634319140E-01
</CP of DelSqRho>
<CP of DelSqRho>
CP# = 54      
Type = (3,+3)
Coords =  7.27110866840109E-01  2.10111324467484E-01 -2.61344193173905E-04
DistFromNuc =  7.5684520439E-01
Rho =  1.5198537918E+00
DelSqRho = -1.4636654746E+01
GradDelSqRho =  7.1054273576E-15  2.5313084961E-14  1.1102230246E-16
HessDelSqRho_EigVals =  5.5998092943E+01  1.5126879656E+02  1.4251063970E+03
HessDelSqRho_EigVec1 =  4.8240316560E-02 -1.6584765395E-01  9.8497077497E-01
HessDelSqRho_EigVec2 = -2.7336069711E-01  9.4627768360E-01  1.7272080014E-01
HessDelSqRho_EigVec3 =  9.6070120284E-01  2.7758440375E-01 -3.1250471324E-04
</CP of DelSqRho>
<CP of DelSqRho>
CP# = 55      
Type = (3,+3)
Coords = -7.27103667408491E-01 -2.10030486414016E-01 -1.19046560523037E-04
DistFromNuc =  7.5684538148E-01
Rho =  1.5198535419E+00
DelSqRho = -1.4636756610E+01
GradDelSqRho =  1.7230661342E-13  2.6201263381E-14  2.8865798640E-15
HessDelSqRho_EigVals =  5.5998580489E+01  1.5127368897E+02  1.4251039664E+03
HessDelSqRho_EigVec1 = -4.7644946957E-02  1.6447110745E-01  9.8523053842E-01
HessDelSqRho_EigVec2 = -2.7343249180E-01  9.4652728541E-01 -1.7123308794E-01
HessDelSqRho_EigVec3 =  9.6071048264E-01  2.7755243251E-01  1.2549756874E-04
</CP of DelSqRho>
<CP of DelSqRho>
CP# = 56      
Type = (3,+3)
Coords = -2.10072201940252E-01  7.27161544921574E-01  7.12549243740328E-04
DistFromNuc =  7.5687243935E-01
Rho =  1.5194648615E+00
DelSqRho = -1.4628308376E+01
GradDelSqRho =  3.5527136788E-15  4.6185277824E-14 -1.7763568394E-15
HessDelSqRho_EigVals =  5.5815474012E+01  1.5117640991E+02  1.4246327231E+03
HessDelSqRho_EigVec1 = -1.6473482411E-01 -4.8582410781E-02  9.8514069406E-01
HessDelSqRho_EigVec2 =  9.4647650199E-01  2.7328619504E-01  1.7174657720E-01
HessDelSqRho_EigVec3 = -2.7756921462E-01  9.6070516027E-01  9.6235694316E-04
</CP of DelSqRho>
<CP of DelSqRho>
CP# = 57      
Type = (3,+3)
Coords =  2.10096702459478E-01 -7.27102297083062E-01 -4.02597439575724E-04
DistFromNuc =  7.5687344300E-01
Rho =  1.5194522408E+00
DelSqRho = -1.4628051819E+01
GradDelSqRho = -5.3290705182E-15  1.1368683772E-13 -3.3306690739E-16
HessDelSqRho_EigVals =  5.5806926816E+01  1.5117901652E+02  1.4246129464E+03
HessDelSqRho_EigVec1 =  1.6517555481E-01  4.7200339289E-02  9.8513408431E-01
HessDelSqRho_EigVec2 =  9.4639561064E-01  2.7354117515E-01 -1.7178641875E-01
HessDelSqRho_EigVec3 = -2.7758311235E-01  9.6070149030E-01  5.1212144408E-04
</CP of DelSqRho>
<CP of DelSqRho>
CP# = 58      
Type = (3,+1)
Coords = -3.70966945329116E-01  1.28437437748811E+00  1.45921354520786E-03
DistFromNuc =  1.3368498465E+00
Rho =  3.2036904295E-01
DelSqRho =  1.1834369744E+00
GradDelSqRho = -1.2212453271E-15  2.6645352591E-15 -2.6541269182E-16
HessDelSqRho_EigVals = -2.8927957922E+01  1.5250418746E+00  3.6135181236E+00
HessDelSqRho_EigVec1 = -2.7747193886E-01  9.6073304955E-01  1.1535398025E-03
HessDelSqRho_EigVec2 = -1.7071162686E-02 -6.1308587590E-03  9.9983548045E-01
HessDelSqRho_EigVec3 =  9.6058206237E-01  2.7740659704E-01  1.8101971454E-02
</CP of DelSqRho>
<CP of DelSqRho>
CP# = 59      
Type = (3,+1)
Coords =  3.70976168035215E-01 -1.28431821753816E+00 -4.71834635795650E-04
DistFromNuc =  1.3368490922E+00
Rho =  3.2036970728E-01
DelSqRho =  1.1834211688E+00
GradDelSqRho = -5.1070259133E-15  7.9936057773E-15  7.9797279895E-17
HessDelSqRho_EigVals = -2.8927787411E+01  1.5250209007E+00  3.6135986617E+00
HessDelSqRho_EigVec1 = -2.7746113773E-01  9.6073681863E-01  2.8702601266E-04
HessDelSqRho_EigVec2 =  1.7543677712E-02  4.7679136610E-03  9.9983472953E-01
HessDelSqRho_EigVec3 =  9.6057666868E-01  2.7742031709E-01 -1.8177767861E-02
</CP of DelSqRho>
<CP of DelSqRho>
CP# = 60      
Type = (3,+1)
Coords =  1.28444103353597E+00  3.71012353865561E-01 -6.68877334563059E-04
DistFromNuc =  1.3369367363E+00
Rho =  3.2037871779E-01
DelSqRho =  1.1828596081E+00
GradDelSqRho = -2.9420910153E-15 -6.1062266354E-16  1.7694179455E-16
HessDelSqRho_EigVals = -2.8916336593E+01  1.5287686378E+00  3.6133064197E+00
HessDelSqRho_EigVec1 =  9.6073979540E-01  2.7745046031E-01 -5.3628504048E-04
HessDelSqRho_EigVec2 =  5.7556751727E-03 -1.7997868488E-02  9.9982145853E-01
HessDelSqRho_EigVec3 = -2.7739127191E-01  9.6057135019E-01  1.8888183215E-02
</CP of DelSqRho>
<CP of DelSqRho>
CP# = 61      
Type = (3,+1)
Coords = -1.28443167704628E+00 -3.70957165618070E-01 -4.04852887141035E-04
DistFromNuc =  1.3369418903E+00
Rho =  3.2037693174E-01
DelSqRho =  1.1828104872E+00
GradDelSqRho = -2.3869795029E-15 -4.4408920985E-15  1.2143064332E-16
HessDelSqRho_EigVals = -2.8915220100E+01  1.5288018414E+00  3.6135181229E+00
HessDelSqRho_EigVec1 =  9.6073626974E-01  2.7746298081E-01  3.3804530808E-04
HessDelSqRho_EigVec2 = -5.1617823661E-03  1.6654897910E-02  9.9984797363E-01
HessDelSqRho_EigVec3 = -2.7741516902E-01  9.6059195742E-01 -1.7433168013E-02
</CP of DelSqRho>
<CP of DelSqRho>
CP# = 62      
Type = (3,+1)
Coords =  6.17637203294556E-04 -6.00395942422048E-04  1.26590766382054E+00
DistFromNuc =  1.2659278300E+00
Rho =  3.1804095734E-01
DelSqRho =  1.7027580847E+00
GradDelSqRho =  9.6493993351E-18 -4.7704895589E-18  6.6613381478E-15
HessDelSqRho_EigVals = -3.8702108713E+01  4.9725583067E-01  4.9833015054E-01
HessDelSqRho_EigVec1 =  4.8866613269E-04 -4.6856389880E-04  9.9999977083E-01
HessDelSqRho_EigVec2 =  7.4830465909E-01  6.6335520965E-01 -5.4846853075E-05
HessDelSqRho_EigVec3 = -6.6335503193E-01  7.4830451440E-01  6.7478777345E-04
</CP of DelSqRho>
<CP of DelSqRho>
CP# = 63      
Type = (3,+1)
