AIMSum (Version 16.05.18, Professional)
Copyright (c) 1997-2016 by Todd A. Keith
AIMSum is a component of the AIMAll package ( http://aim.tkgristmill.com )

TP:  64-bit Linux

Licensed To:  Research Group of Fernando Cortes Guzman, UNAM, fercor@unam.mx

Much of the Quantum Theory of Atoms in Molecules (QTAIM) is described in the book:
  "Atoms in Molecules - A Quantum Theory"
  R.F.W. Bader, Oxford University Press, Oxford, 1990

For additional references see:  http://aim.tkgristmill.com/references.html

Wfx File:  /home/david/David/max_int/Ti23_alpha.wfx
Sum File:  /home/david/David/max_int/Ti23_alpha.sum

SumViz File:  /home/david/David/max_int/Ti23_alpha.sumviz

Wfx Title:   Ti[H2O]6 (2+)                                                                 
 
Total memory allocated for AIMSum =        1.315 Megabytes

Atomic units (a.u.) used throughout, except where stated otherwise

Model:  Unknown
 
Unrestricted, natural orbital wavefunction.
  Number of electrons (from MO Occs)                   =          41.0000000000
  Number of Alpha electrons (from MO Occs)             =          41.0000000000
  Number of Beta electrons (from MO Occs)              =           0.0000000000
  Number of electron pairs (N*(N-1)/2)                 =         820.0000000000
  Number of electron pairs (from Muller 2EDM)          =         820.0000000000
  Number of electron pairs (from Muller 2EDM, no SOSI) =         820.0000000000
 
Nuclear Charges and Cartesian Coordinates:
-------------------------------------------------------------------------------
Atom      Charge                X                  Y                  Z
-------------------------------------------------------------------------------
Ti1       22.0           0.0000000000E+00   0.0000000000E+00   0.0000000000E+00
O2         8.0          -1.6385818555E-01   4.1474919026E+00   1.1302672040E-01
H3         1.0          -5.1780742690E-01   5.2733785912E+00  -1.2746731204E+00
H4         1.0           1.4825985110E-01   5.1958452654E+00   1.5701148948E+00
O5         8.0           1.8231036713E-02   6.1120267834E-02  -4.1586190706E+00
H6         1.0          -1.4061745772E+00   4.2202792144E-01  -5.2358265361E+00
H7         1.0           1.4632120830E+00  -1.3080449755E-01  -5.2510021504E+00
O8         8.0          -4.1546330967E+00  -1.6179326098E-01  -7.3105006747E-02
H9         1.0          -5.1737210541E+00  -1.6322910225E+00  -4.1731101673E-01
H10        1.0          -5.3069351540E+00   1.1821407769E+00   3.5640240903E-01
O11        8.0           1.6385818555E-01  -4.1474919026E+00  -1.1302672040E-01
O12        8.0          -1.8231036713E-02  -6.1120267834E-02   4.1586190706E+00
O13        8.0           4.1546330967E+00   1.6179326098E-01   7.3105006747E-02
H14        1.0           5.1780742690E-01  -5.2733785912E+00   1.2746731204E+00
H15        1.0          -1.4825985110E-01  -5.1958452654E+00  -1.5701148948E+00
H16        1.0           1.4061745772E+00  -4.2202792144E-01   5.2358265361E+00
H17        1.0          -1.4632120830E+00   1.3080449755E-01   5.2510021504E+00
H18        1.0           5.1737210541E+00   1.6322910225E+00   4.1731101673E-01
H19        1.0           5.3069351540E+00  -1.1821407769E+00  -3.5640240903E-01
 
Some Atomic Properties:
----------------------
  q(A) = Net Charge of Atom A
  L(A) = Lagrangian of Atom A = -(1/4) Times Atomic Integral of the Laplacian of the Electron Density
  K(A) = Electronic Kinetic Energy of Atom A (Hamiltonian Form)
  K_Scaled(A) = K(A) * E(Mol)/K(Mol) = Approximation to Virial-Based Total Energy of Atom A.
  |Mu_Intra(A)| = Magnitude of Intraatomic Dipole Moment of Atom A
--------------------------------------------------------------------------------------------------
Atom A          q(A)              L(A)              K(A)          K_Scaled(A)      |Mu_Intra(A)|
--------------------------------------------------------------------------------------------------
Ti1       1.0837874395E+01 -8.7027665754E-04  4.2769013860E+02 -4.2845840284E+02  3.2910813925E-08
O2        3.3812380878E+00  1.9144007865E-05  3.7776450332E+01 -3.7844308562E+01  1.2425137682E-01
H3        8.2359554233E-01  1.0009031200E-05  1.6468050105E-01 -1.6497631835E-01  6.5842169180E-02
H4        8.2227150905E-01  1.0619253254E-05  1.6555025154E-01 -1.6584763117E-01  6.6289098674E-02
O5        3.3810700394E+00 -1.8955596884E-08  3.7777141572E+01 -3.7845001045E+01  1.2500684083E-01
H6        8.2213007404E-01  1.0942265738E-05  1.6565016618E-01 -1.6594772530E-01  6.6338856551E-02
H7        8.2349375704E-01  1.1217936845E-05  1.6473649002E-01 -1.6503240789E-01  6.5905873360E-02
O8        3.3811395409E+00  6.8338077009E-06  3.7776449142E+01 -3.7844307371E+01  1.2459112033E-01
H9        8.2345376207E-01  9.8705753266E-06  1.6471638124E-01 -1.6501226299E-01  6.5924013622E-02
H10       8.2231590025E-01  1.0562733735E-05  1.6556945128E-01 -1.6586686541E-01  6.6255394280E-02
O11       3.3812389492E+00  1.8898406311E-05  3.7776449525E+01 -3.7844307754E+01  1.2425124972E-01
O12       3.3810708926E+00 -1.6802102861E-07  3.7777141177E+01 -3.7845000648E+01  1.2500560281E-01
O13       3.3811398587E+00  8.3378426853E-06  3.7776450211E+01 -3.7844308441E+01  1.2459063782E-01
H14       8.2359529953E-01  1.0145440485E-05  1.6468093464E-01 -1.6497675271E-01  6.5841646760E-02
H15       8.2227227373E-01  1.1076017538E-05  1.6555019619E-01 -1.6584757573E-01  6.6288654399E-02
H16       8.2213105497E-01  1.2118613416E-05  1.6565070752E-01 -1.6594826761E-01  6.6338254624E-02
H17       8.2349240046E-01  9.9071749896E-06  1.6473637300E-01 -1.6503229066E-01  6.5906845301E-02
H18       8.2345506073E-01  1.1152704219E-05  1.6471639380E-01 -1.6501227557E-01  6.5923736750E-02
H19       8.2231703836E-01  1.2125489750E-05  1.6556991165E-01 -1.6586732660E-01  6.6255043400E-02
--------------------------------------------------------------------------------------------------
Total     4.0999295436E+01 -6.8750233311E-04  6.5633202832E+02 -6.5751100436E+02
 
Molecular charge q(Mol) from the wfx file:   4.1000000000E+01
Molecular energy E(Mol) from the wfx file:  -1.3076117882E+03
Molecular virial ratio (-V(Mol)/T(Mol)) from the wfx file:   2.0017963104E+00
Full molecular virial ratio ((-V(Mol)+W(Mol))/T(Mol)) from the wfx file:   2.0017964152E+00
Note.  K_Scaled(A) = (1+V(Mol)/T(Mol))*K(A) = (E(Mol)/T(Mol))*K(A)
       Only use K_Scaled(A) data with caution.
 
N_AIMInt(SumA)     =         41.000705
N_Analytic(Mol)    =         41.000000
 
G_AIMInt(SumA)     =        656.332716
G_Analytic(Mol)    =        656.332103
 
K_AIMInt(SumA)     =        656.332028
K_Analytic(Mol)    =        656.332103
 
L_AIMInt(SumA)     =         -0.000688
L_Analytic(Mol)    =          0.000000
 
VenT_AIMInt(SumA)  =      -2154.239229
VenT_Analytic(Mol) =      -2154.226254
 
Some Information About the Atomic Calculations:
----------------------------------------------
  Time(sec) = "Elapsed User Time", in Seconds, for Atom A by AIMInt and, if used, by TWOe
  NProc = Number of Processors Used for AIMInt Job
  BIM = Basin Integration Method
  OAQ = Angular Quadrature Outside of Beta Sphere
  ORQ = Multiple of Default for Radial Quadrature Outside of Beta Sphere
  IAQ = Multiple of Default for Angular Quadrature Inside of Beta Sphere
  IRQ = Multiple of Default for Radial Quadrature Inside of Beta Sphere
  MIR = Maximum Integration Radius
------------------------------------------------------------------------------------------------------
Atom A     Time(sec)   NProc      BIM              OAQ                 ORQ      IAQ      IRQ      MIR
------------------------------------------------------------------------------------------------------
Ti1          1490        8     Proaim(5)    4334      (Very High)      Auto     Auto     Auto    13.00
O2            708        8     Proaim(5)    4334      (Very High)      Auto     Auto     Auto    13.00
H3            167        8     Proaim(5)    2030      (Very High)      Auto     Auto     Auto    13.00
H4            210        8     Proaim(5)    2030      (Very High)      Auto     Auto     Auto    13.00
O5            810        8     Proaim(5)    4334      (Very High)      Auto     Auto     Auto    13.00
H6            270        8     Proaim(5)    2030      (Very High)      Auto     Auto     Auto    13.00
H7            194        8     Proaim(5)    2030      (Very High)      Auto     Auto     Auto    13.00
O8            709        8     Proaim(5)    4334      (Very High)      Auto     Auto     Auto    13.00
H9            223        8     Proaim(5)    2030      (Very High)      Auto     Auto     Auto    13.00
H10           178        8     Proaim(5)    2030      (Very High)      Auto     Auto     Auto    13.00
O11           663        8     Proaim(5)    4334      (Very High)      Auto     Auto     Auto    13.00
O12           667        8     Proaim(5)    4334      (Very High)      Auto     Auto     Auto    13.00
O13           760        8     Proaim(5)    4334      (Very High)      Auto     Auto     Auto    13.00
H14           270        8     Proaim(5)    2030      (Very High)      Auto     Auto     Auto    13.00
H15           217        8     Proaim(5)    2030      (Very High)      Auto     Auto     Auto    13.00
H16           184        8     Proaim(5)    2030      (Very High)      Auto     Auto     Auto    13.00
H17           172        8     Proaim(5)    2030      (Very High)      Auto     Auto     Auto    13.00
H18           283        8     Proaim(5)    2030      (Very High)      Auto     Auto     Auto    13.00
H19           189        8     Proaim(5)    2030      (Very High)      Auto     Auto     Auto    13.00
------------------------------------------------------------------------------------------------------
Total        8364
Note:  Total wall clock time is less than total of atomic times if more than one atom
       was calculated at a time
Note:  Total time does not include times for diatomic interaction energy calculations (3999 seconds)
 
Electron Density Critical Point Analysis of Molecular Structure:               
---------------------------------------------------------------                
  NACP = Nuclear Attractor Critical Point                                      
  NNACP = Non-Nuclear Attractor Critical Point                                 
  BCP = Bond Critical Point                                                    
  RCP = Ring Critical Point                                                    
  CCP = Cage Critical Point                                                    
  Rho = Electron Density                                                       
  GradRho = Gradient of Electron Density                                       
  HessRho_EigVals = Eigenvalues of the Hessian of Rho, Ascending Order         
  HessRho_EigVecs = Eigenvectors of the Hessian of Rho                         
  DelSqRho = Laplacian of Rho = Trace of Hessian of Rho                        
  Bond Ellipticity = (HessRho_EigVal(1) / HessRho_EigVal(2)) - 1               
  V = Virial Field = Potential Energy Density = Trace of Stress Tensor         
  G = Lagrangian Form of Kinetic Energy Density                                
  K = Hamiltonian Form of Kinetic Energy Density                               
  L = K - G = Lagrangian Density = (-1/4)DelSqRho                              
  Vnuc = Electrostatic Potential from Nuclei                                   
  Ven = Electron-nuclear attractive contribution to Virial Field V             
  Vrep = V - Ven = Repulsive contribution to Virial Field V                    
  DelSqV = Laplacian of V                                                      
  DelSqVen = Laplacian of Ven                                                  
  DelSqVrep = Laplacian of Vrep                                                
  DelSqG = Laplacian of G                                                      
  DelSqK = Laplacian of K                                                      
  Stress_EigVals = Eigenvalues of Stress Tensor, Ascending Order               
  Stress_EigVecs = Eigenvectors of Stress Tensor                               
  -DivStress = Ehrenfest Force Density = Minus Divergence of Stress Tensor     
  ESP = Total Electrostatic Potential                                          
  ESPe = Electrostatic Potential from Electrons                                
  ESPn = Electrostatic Potential from Nuclei                                   
  BP = Bond Path                                                               
  BPL = Bond Path Length                                                       
  GBL = Geometric Bond Length                                                  
  GBL_I = Distance Between Nuclear Attractors                                  
  GBL_II = Distance Between Nuclei                                             
  GBL_III = Sum of Distances Between BCP and Nuclear Attractors                
  GBL_IV = Sum of Distances Between BCP and Nuclei                             

CP# 1      Coords =  5.94417431204202E-25  5.71623644276563E-26 -8.83987567438968E-25
           Type = (3,-3) NACP Ti1
           Rho =  3.4766845669E+03     Rho at Nucleus =  3.4766845669E+03
           GradRho =  1.0550307823E-17 -8.1344577247E-18 -1.4613853798E-17
           HessRho_EigVals = -1.3120985180E+08 -1.3120985099E+08 -1.3120984721E+08
           HessRho_EigVec1 =  8.1751325736E-01 -5.7483511555E-01 -3.5166233454E-02
           HessRho_EigVec2 =  1.6864007879E-01  1.8055513413E-01  9.6899967356E-01
           HessRho_EigVec3 =  5.5066559532E-01  7.9810051589E-01 -2.4454645501E-01
           DelSqRho = -3.9362955000E+08
           Bond Ellipticity = NA
           V = -9.8477120655E+07
           G =  3.4866577789E+04
           K =  9.8442254077E+07
           L =  9.8407387499E+07
           Vnuc =  2.2000000138E+09
           Ven = -7.6487060950E+12
           Vrep =  7.6486076178E+12
           DelSqV =  1.4543017769E+14
           DelSqVen =  2.2946118142E+29
           DelSqVrep = -2.2946118142E+29
           DelSqG =  3.7183981577E+12
           DelSqK = -1.4914857585E+14
           Stress_EigVals = -3.2825707118E+07 -3.2825706808E+07 -3.2825706728E+07
           Stress_EigVec1 =  3.7250744466E-02  9.9705544708E-01  6.7028482625E-02
           Stress_EigVec2 =  9.5599548356E-01 -5.5088876834E-02  2.8816288980E-01
           Stress_EigVec3 = -2.9100690275E-01 -5.3344644487E-02  9.5523260594E-01
           -DivStress = -2.7243752340E-11 -2.6599799014E-12  4.0773680614E-11
           ESP =  -3.9604404186E+01     ESP at Nucleus =  -3.9604404186E+01
           ESPe = -5.3356845760E+01     ESPe at Nucleus = -5.3356845760E+01
           ESPn =  1.3752441573E+01     ESPn at Nucleus =  1.3752441573E+01

CP# 2      Coords = -1.63858345632533E-01  4.14749933520890E+00  1.13026987510795E-01
           Type = (3,-3) NACP O2
           Rho =  1.4774457880E+02     Rho at Nucleus =  1.4774456743E+02
           GradRho = -2.5948687643E-12 -1.6570667061E-10 -2.2186974480E-12
           HessRho_EigVals = -4.1095089529E+05 -4.1094418772E+05 -4.1093301890E+05
           HessRho_EigVec1 =  2.2595780965E-01 -2.7191159857E-02  9.7375752068E-01
           HessRho_EigVec2 = -1.7935006419E-02  9.9932479777E-01  3.2066869245E-02
           HessRho_EigVec3 =  9.7397197280E-01  2.4710106921E-02 -2.2531756881E-01
           DelSqRho = -1.2328281019E+06
           Bond Ellipticity = NA
           V = -3.0827675062E+05
           G =  3.4862567746E+01
           K =  3.0824188805E+05
           L =  3.0820702548E+05
           Vnuc =  1.0754065220E+06
           Ven = -1.5888548363E+08
           Vrep =  1.5857720688E+08
           DelSqV =  1.9608144828E+10
           DelSqVen =  1.3257913820E+12
           DelSqVrep = -1.3061832372E+12
           DelSqG =  8.5745362595E+08
           DelSqK = -2.0465598454E+10
           Stress_EigVals = -1.0276118941E+05 -1.0275845224E+05 -1.0275710896E+05
           Stress_EigVec1 =  9.7403329722E-01  2.4643869054E-02 -2.2505958240E-01
           Stress_EigVec2 = -1.8263943017E-02  9.9937135835E-01  3.0386123447E-02
           Stress_EigVec3 =  2.2566693222E-01 -2.5486620622E-02  9.7387107354E-01
           -DivStress =  1.0219656962E+03 -4.7443595527E+04 -1.7051552336E+03
           ESP =  -4.1495237981E+00     ESP at Nucleus =  -4.1495175614E+00
           ESPe = -1.8348232165E+01     ESPe at Nucleus = -1.8348239400E+01
           ESPn =  1.4198708366E+01     ESPn at Nucleus =  1.4198721839E+01

CP# 3      Coords = -5.07680410759923E-01  5.24153420529918E+00 -1.23428629224411E+00
           Type = (3,-3) NACP H3
           Rho =  2.0378997429E-01     Rho at Nucleus =  1.9895730645E-01
           GradRho =  9.8392153799E-12 -3.0974492936E-11  3.9162686982E-11
           HessRho_EigVals = -4.0147728433E+00 -4.0029219651E+00 -3.1375257143E+00
           HessRho_EigVec1 =  1.2659030695E-01  7.9233808862E-01  5.9680419528E-01
           HessRho_EigVec2 =  9.7286554118E-01  1.8294745358E-02 -2.3064678858E-01
           HessRho_EigVec3 =  1.9366861639E-01 -6.0980788418E-01  7.6852248595E-01
           DelSqRho = -1.1155220523E+01
           Bond Ellipticity = NA
           V = -2.8189092047E+00
           G =  1.5052037014E-02
           K =  2.8038571677E+00
           L =  2.7888051307E+00
           Vnuc =  3.4856368979E+01
           Ven = -7.1033785380E+00
           Vrep =  4.2844693333E+00
           DelSqV =  6.7769324404E+02
           DelSqVen =  3.8883048261E+02
           DelSqVrep =  2.8886276143E+02
           DelSqG =  5.2034862144E+01
           DelSqK = -7.2972810618E+02
           Stress_EigVals = -1.0164132928E+00 -1.0136553413E+00 -7.8884057056E-01
           Stress_EigVec1 =  9.7455106460E-01  2.8806438617E-02 -2.2230702100E-01
           Stress_EigVec2 =  1.1269279119E-01  7.9432316315E-01  5.9695146142E-01
           Stress_EigVec3 =  1.9377966174E-01 -6.0681208094E-01  7.7086220631E-01
           -DivStress = -2.3591991493E+00  7.4143671919E+00 -9.4081023059E+00
           ESP =   7.3725429184E+00     ESP at Nucleus =   7.2753883885E+00
           ESPe = -8.4066547702E+00     ESPe at Nucleus = -8.3103870701E+00
           ESPn =  1.5779197689E+01     ESPn at Nucleus =  1.5585775459E+01

CP# 4      Coords =  1.39319239172533E-01  5.16637878284317E+00  1.52786441357644E+00
           Type = (3,-3) NACP H4
           Rho =  2.0411759835E-01     Rho at Nucleus =  1.9929797866E-01
           GradRho = -1.6566609196E-16  1.2646134140E-15 -5.3082538365E-16
           HessRho_EigVals = -4.0229634212E+00 -4.0112684466E+00 -3.1476863886E+00
           HessRho_EigVec1 = -1.5674518481E-01  8.2354108523E-01 -5.4517064115E-01
           HessRho_EigVec2 =  9.7269982770E-01  3.3078870701E-02 -2.2969726491E-01
           HessRho_EigVec3 =  1.7113150567E-01  5.6629132895E-01  8.0624322541E-01
           DelSqRho = -1.1181918256E+01
           Bond Ellipticity = NA
           V = -2.8255675272E+00
           G =  1.5043981556E-02
           K =  2.8105235457E+00
           L =  2.7954795641E+00
           Vnuc =  3.4951951262E+01
           Ven = -7.1343083491E+00
           Vrep =  4.3087408219E+00
           DelSqV =  6.7966540637E+02
           DelSqVen =  3.9082986191E+02
           DelSqVrep =  2.8883554446E+02
           DelSqG =  5.2193355037E+01
           DelSqK = -7.3185876140E+02
           Stress_EigVals = -1.0184291580E+00 -1.0157136531E+00 -7.9142471616E-01
           Stress_EigVec1 =  9.7333802349E-01  3.0093564315E-02 -2.2739276465E-01
           Stress_EigVec2 = -1.5237423275E-01  8.2583570729E-01 -5.4293413759E-01
           Stress_EigVec3 =  1.7145024124E-01  5.6310723841E-01  8.0840277884E-01
           -DivStress =  2.0873825531E+00  6.8769276755E+00  9.8653926047E+00
           ESP =   7.3935634187E+00     ESP at Nucleus =   7.2970430041E+00
           ESPe = -8.4310093468E+00     ESPe at Nucleus = -8.3353900797E+00
           ESPn =  1.5824572766E+01     ESPn at Nucleus =  1.5632433084E+01

CP# 5      Coords =  1.82311077706662E-02  6.11209588557865E-02 -4.15862649059144E+00
           Type = (3,-3) NACP O5
           Rho =  1.4774496499E+02     Rho at Nucleus =  1.4774495358E+02
           GradRho = -3.7133490727E-13  9.3394736389E-13  1.0098880066E-10
           HessRho_EigVals = -4.1095199072E+05 -4.1094527586E+05 -4.1093406899E+05
           HessRho_EigVec1 =  9.8230375970E-01 -1.8719378151E-01 -6.1491334091E-03
           HessRho_EigVec2 = -6.9341360368E-03 -6.9156629283E-02  9.9758171514E-01
           HessRho_EigVec3 =  1.8716634696E-01  9.7988563046E-01  6.9230844099E-02
           DelSqRho = -1.2328313356E+06
           Bond Ellipticity = NA
           V = -3.0827756894E+05
           G =  3.4867526393E+01
           K =  3.0824270142E+05
           L =  3.0820783389E+05
           Vnuc =  1.0734909675E+06
           Ven = -1.5860288541E+08
           Vrep =  1.5829460784E+08
           DelSqV =  1.9608196261E+10
           DelSqVen =  1.3234333020E+12
           DelSqVrep = -1.3038251058E+12
           DelSqG =  8.5745591211E+08
           DelSqK = -2.0465652173E+10
           Stress_EigVals = -1.0276146950E+05 -1.0275872174E+05 -1.0275737771E+05
           Stress_EigVec1 =  1.8687840133E-01  9.7983004091E-01  7.0778203168E-02
           Stress_EigVec2 = -8.6774606009E-03 -7.0398228106E-02  9.9748122346E-01
           Stress_EigVec3 =  9.8234472808E-01 -1.8702187146E-01 -4.6534717490E-03
           -DivStress = -4.5336773736E+02 -4.4106390723E+03  4.7362979018E+04
           ESP =  -4.1562482197E+00     ESP at Nucleus =  -4.1562420068E+00
           ESPe = -1.8342324360E+01     ESPe at Nucleus = -1.8342331572E+01
           ESPn =  1.4186076141E+01     ESPn at Nucleus =  1.4186089565E+01

CP# 6      Coords = -1.36484761797771E+00  4.11785071428070E-01 -5.20551943860239E+00
           Type = (3,-3) NACP H6
           Rho =  2.0415303864E-01     Rho at Nucleus =  1.9933568325E-01
           GradRho =  1.8228018418E-09 -4.5266523819E-10  1.3406232131E-09
           HessRho_EigVals = -4.0237513889E+00 -4.0120458227E+00 -3.1487404638E+00
           HessRho_EigVec1 = -5.8280471846E-01  6.2254564010E-02  8.1022406123E-01
           HessRho_EigVec2 =  1.9545347708E-01  9.7852952507E-01  6.5405709684E-02
           HessRho_EigVec3 =  7.8875636190E-01 -1.9647986620E-01  5.8245949536E-01
           DelSqRho = -1.1184537675E+01
           Bond Ellipticity = NA
           V = -2.8262476904E+00
           G =  1.5056635783E-02
           K =  2.8111910546E+00
           L =  2.7961344188E+00
           Vnuc =  3.4945334980E+01
           Ven = -7.1341963225E+00
           Vrep =  4.3079486320E+00
           DelSqV =  6.7987479323E+02
           DelSqVen =  3.9084741733E+02
           DelSqVrep =  2.8902737590E+02
           DelSqG =  5.2208263103E+01
           DelSqK = -7.3208305634E+02
           Stress_EigVals = -1.0186371253E+00 -1.0159180947E+00 -7.9169247041E-01
           Stress_EigVec1 =  1.9298959999E-01  9.7883314186E-01  6.8122644544E-02
           Stress_EigVec2 = -5.8045922327E-01  5.7917474887E-02  8.1222697334E-01
           Stress_EigVec3 =  7.9108918867E-01 -1.9629377602E-01  5.7935019554E-01
           -DivStress = -9.6523803969E+00  2.3912447801E+00 -7.0749206197E+00
           ESP =   7.3866147305E+00     ESP at Nucleus =   7.2901347136E+00
           ESPe = -8.4244885339E+00     ESPe at Nucleus = -8.3289022038E+00
           ESPn =  1.5811103264E+01     ESPn at Nucleus =  1.5619036917E+01

CP# 7      Coords =  1.42121054553316E+00 -1.25265514838435E-01 -5.22013632182290E+00
           Type = (3,-3) NACP H7
           Rho =  2.0382281655E-01     Rho at Nucleus =  1.9899019741E-01
           GradRho = -3.1051550220E-16  2.6454533009E-17 -3.0704605525E-16
           HessRho_EigVals = -4.0149775483E+00 -4.0030900847E+00 -3.1377663685E+00
           HessRho_EigVec1 =  5.7036251122E-01 -1.7477504249E-01  8.0258350987E-01
           HessRho_EigVec2 =  1.8829061097E-01  9.7890168433E-01  7.9360810409E-02
           HessRho_EigVec3 =  7.9952063864E-01 -1.0585450831E-01 -5.9123732245E-01
           DelSqRho = -1.1155834002E+01
           Bond Ellipticity = NA
           V = -2.8191041812E+00
           G =  1.5072840427E-02
           K =  2.8040313408E+00
           L =  2.7889585004E+00
           Vnuc =  3.4855836948E+01
           Ven = -7.1044148600E+00
           Vrep =  4.2853106788E+00
           DelSqV =  6.7773031904E+02
           DelSqVen =  3.8884593097E+02
           DelSqVrep =  2.8888438807E+02
           DelSqG =  5.2032962737E+01
           DelSqK = -7.2976328178E+02
           Stress_EigVals = -1.0164844432E+00 -1.0137207081E+00 -7.8889902997E-01
           Stress_EigVec1 =  1.8063771422E-01  9.8113919630E-01  6.8817829687E-02
           Stress_EigVec2 =  5.6976636531E-01 -1.6141904625E-01  8.0579785335E-01
           Stress_EigVec3 =  8.0170836665E-01 -1.0634739766E-01 -5.8817848129E-01
           -DivStress =  9.7845258706E+00 -1.2913634361E+00 -7.1868695535E+00
           ESP =   7.3716707255E+00     ESP at Nucleus =   7.2746014899E+00
           ESPe = -8.4062714185E+00     ESPe at Nucleus = -8.3100880015E+00
           ESPn =  1.5777942144E+01     ESPn at Nucleus =  1.5584689491E+01

CP# 8      Coords = -4.15464051785214E+00 -1.61793695818050E-01 -7.31046180358707E-02
           Type = (3,-3) NACP O8
           Rho =  1.4774464818E+02     Rho at Nucleus =  1.4774463679E+02
           GradRho =  1.3340317739E-10  2.1611046286E-12  2.6247788665E-12
           HessRho_EigVals = -4.1095108802E+05 -4.1094438546E+05 -4.1093317612E+05
           HessRho_EigVec1 = -4.4474900116E-02  9.6381848499E-01  2.6282296561E-01
           HessRho_EigVec2 =  9.9796638769E-01  5.4888306391E-02 -3.2409302123E-02
           HessRho_EigVec3 =  4.5662591935E-02 -2.6084708512E-01  9.6429960380E-01
           DelSqRho = -1.2328286496E+06
           Bond Ellipticity = NA
           V = -3.0827689021E+05
           G =  3.4863905020E+01
           K =  3.0824202630E+05
           L =  3.0820716240E+05
           Vnuc =  1.0746952129E+06
           Ven = -1.5878046613E+08
           Vrep =  1.5847218924E+08
           DelSqV =  1.9608153518E+10
           DelSqVen =  1.3249150469E+12
           DelSqVrep = -1.3053068934E+12
           DelSqG =  8.5745399400E+08
           DelSqK = -2.0465607512E+10
           Stress_EigVals = -1.0276124244E+05 -1.0275849489E+05 -1.0275715288E+05
           Stress_EigVec1 =  4.7027515573E-02 -2.6050096923E-01  9.6432756769E-01
           Stress_EigVec2 =  9.9786415879E-01  5.6069223813E-02 -3.3516603904E-02
           Stress_EigVec3 = -4.5337990420E-02  9.6384411975E-01  2.6258137682E-01
           -DivStress =  4.7370616663E+04  2.7754458684E+03 -2.4809619227E+03
           ESP =  -4.1552929471E+00     ESP at Nucleus =  -4.1552867366E+00
           ESPe = -1.8342427884E+01     ESPe at Nucleus = -1.8342435091E+01
           ESPn =  1.4187134937E+01     ESPn at Nucleus =  1.4187148355E+01

CP# 9      Coords = -5.14500755160591E+00 -1.58959167252292E+00 -4.07388263319757E-01
           Type = (3,-3) NACP H9
           Rho =  2.0373607243E-01     Rho at Nucleus =  1.9890752263E-01
           GradRho =  1.1145598333E-16  1.1475195794E-15  2.6996634095E-16
           HessRho_EigVals = -4.0133637959E+00 -4.0015027112E+00 -3.1368654710E+00
           HessRho_EigVec1 =  8.3300306171E-01 -5.1979130092E-01 -1.8953338142E-01
           HessRho_EigVec2 = -5.5603477757E-02  2.6218471442E-01 -9.6341446366E-01
           HessRho_EigVec3 =  5.5046721287E-01  8.1306591308E-01  1.8949846581E-01
           DelSqRho = -1.1151731978E+01
           Bond Ellipticity = NA
           V = -2.8180412321E+00
           G =  1.5054118795E-02
           K =  2.8029871133E+00
           L =  2.7879329945E+00
           Vnuc =  3.4884508287E+01
           Ven = -7.1072327072E+00
           Vrep =  4.2891914751E+00
           DelSqV =  6.7751420234E+02
           DelSqVen =  3.8902268661E+02
           DelSqVrep =  2.8849151572E+02
           DelSqG =  5.2016008086E+01
           DelSqK = -7.2953021042E+02
           Stress_EigVals = -1.0160635333E+00 -1.0133046754E+00 -7.8867302349E-01
           Stress_EigVec1 =  4.4101487871E-02 -2.5479390829E-01  9.6598919407E-01
           Stress_EigVec2 =  8.3578309168E-01 -5.2029253092E-01 -1.7539186393E-01
           Stress_EigVec3 =  5.4728574112E-01  8.1509247731E-01  1.9000676567E-01
           -DivStress = -6.6831389864E+00 -9.9431952515E+00 -2.3115386295E+00
           ESP =   7.3835325028E+00     ESP at Nucleus =   7.2867010587E+00
           ESPe = -8.4183988309E+00     ESPe at Nucleus = -8.3224552807E+00
           ESPn =  1.5801931334E+01     ESPn at Nucleus =  1.5609156339E+01

CP# 10     Coords = -5.27441429416267E+00  1.14307726762279E+00  3.44136732974132E-01
           Type = (3,-3) NACP H10
           Rho =  2.0418308894E-01     Rho at Nucleus =  1.9936092939E-01
           GradRho =  1.5082133892E-11 -1.8058221585E-11 -5.6806061591E-12
           HessRho_EigVals = -4.0242101661E+00 -4.0124996729E+00 -3.1484238676E+00
           HessRho_EigVec1 =  7.8009702408E-01  6.1041467040E-01  1.3726821618E-01
           HessRho_EigVec2 =  4.1120700126E-02 -2.6894539445E-01  9.6227722764E-01
           HessRho_EigVec3 = -6.2430579129E-01  7.4502503647E-01  2.3490418046E-01
           DelSqRho = -1.1185133707E+01
           Bond Ellipticity = NA
           V = -2.8264173646E+00
           G =  1.5066968963E-02
           K =  2.8113503956E+00
           L =  2.7962834266E+00
           Vnuc =  3.4913199744E+01
           Ven = -7.1286849685E+00
           Vrep =  4.3022676039E+00
           DelSqV =  6.7984718838E+02
           DelSqVen =  3.9050880727E+02
           DelSqVrep =  2.8933838111E+02
           DelSqG =  5.2207317757E+01
           DelSqK = -7.3205450614E+02
           Stress_EigVals = -1.0187643568E+00 -1.0160413745E+00 -7.9161163321E-01
           Stress_EigVec1 =  4.3896516946E-02 -2.6625557334E-01  9.6290241742E-01
           Stress_EigVec2 =  7.8231583973E-01  6.0859947989E-01  1.3262201924E-01
           Stress_EigVec3 = -6.2133326219E-01  7.4747216854E-01  2.3501134982E-01
           -DivStress = -7.5921911074E+00  9.1244278243E+00  2.8640412181E+00
           ESP =   7.3758657448E+00     ESP at Nucleus =   7.2791108367E+00
           ESPe = -8.4124028855E+00     ESPe at Nucleus = -8.3165526712E+00
           ESPn =  1.5788268630E+01     ESPn at Nucleus =  1.5595663508E+01

CP# 11     Coords =  1.63858345632533E-01 -4.14749933520890E+00 -1.13026987510795E-01
           Type = (3,-3) NACP O11
           Rho =  1.4774457880E+02     Rho at Nucleus =  1.4774456743E+02
           GradRho =  2.5949242755E-12  1.6570858574E-10  2.2190582705E-12
           HessRho_EigVals = -4.1095089529E+05 -4.1094418772E+05 -4.1093301890E+05
           HessRho_EigVec1 =  2.2595780965E-01 -2.7191159858E-02  9.7375752068E-01
           HessRho_EigVec2 = -1.7935006419E-02  9.9932479777E-01  3.2066869246E-02
           HessRho_EigVec3 =  9.7397197280E-01  2.4710106921E-02 -2.2531756881E-01
           DelSqRho = -1.2328281019E+06
           Bond Ellipticity = NA
           V = -3.0827675062E+05
           G =  3.4862567746E+01
           K =  3.0824188805E+05
           L =  3.0820702548E+05
           Vnuc =  1.0754065220E+06
           Ven = -1.5888548363E+08
           Vrep =  1.5857720688E+08
           DelSqV =  1.9608144828E+10
           DelSqVen =  1.3257913830E+12
           DelSqVrep = -1.3061832382E+12
           DelSqG =  8.5745362595E+08
           DelSqK = -2.0465598454E+10
           Stress_EigVals = -1.0276118941E+05 -1.0275845224E+05 -1.0275710896E+05
           Stress_EigVec1 =  9.7403329722E-01  2.4643869054E-02 -2.2505958240E-01
           Stress_EigVec2 = -1.8263943018E-02  9.9937135835E-01  3.0386123446E-02
           Stress_EigVec3 =  2.2566693222E-01 -2.5486620621E-02  9.7387107354E-01
           -DivStress = -1.0219656962E+03  4.7443595527E+04  1.7051552336E+03
           ESP =  -4.1495237981E+00     ESP at Nucleus =  -4.1495175614E+00
           ESPe = -1.8348232165E+01     ESPe at Nucleus = -1.8348239400E+01
           ESPn =  1.4198708366E+01     ESPn at Nucleus =  1.4198721839E+01

CP# 12     Coords = -1.82311077706662E-02 -6.11209588557865E-02  4.15862649059144E+00
           Type = (3,-3) NACP O12
           Rho =  1.4774496499E+02     Rho at Nucleus =  1.4774495358E+02
           GradRho =  3.7281983056E-13 -9.3446084204E-13 -1.0098646919E-10
           HessRho_EigVals = -4.1095199072E+05 -4.1094527586E+05 -4.1093406899E+05
           HessRho_EigVec1 =  9.8230375970E-01 -1.8719378152E-01 -6.1491334086E-03
           HessRho_EigVec2 = -6.9341360380E-03 -6.9156629285E-02  9.9758171514E-01
           HessRho_EigVec3 =  1.8716634697E-01  9.7988563046E-01  6.9230844101E-02
           DelSqRho = -1.2328313356E+06
           Bond Ellipticity = NA
           V = -3.0827756894E+05
           G =  3.4867526393E+01
           K =  3.0824270142E+05
           L =  3.0820783389E+05
           Vnuc =  1.0734909675E+06
           Ven = -1.5860288541E+08
           Vrep =  1.5829460784E+08
           DelSqV =  1.9608196261E+10
           DelSqVen =  1.3234333020E+12
           DelSqVrep = -1.3038251058E+12
           DelSqG =  8.5745591211E+08
           DelSqK = -2.0465652173E+10
           Stress_EigVals = -1.0276146950E+05 -1.0275872174E+05 -1.0275737771E+05
           Stress_EigVec1 =  1.8687840132E-01  9.7983004091E-01  7.0778203166E-02
           Stress_EigVec2 = -8.6774605997E-03 -7.0398228104E-02  9.9748122346E-01
           Stress_EigVec3 =  9.8234472809E-01 -1.8702187146E-01 -4.6534717496E-03
           -DivStress =  4.5336773736E+02  4.4106390723E+03 -4.7362979018E+04
           ESP =  -4.1562482197E+00     ESP at Nucleus =  -4.1562420068E+00
           ESPe = -1.8342324360E+01     ESPe at Nucleus = -1.8342331572E+01
           ESPn =  1.4186076141E+01     ESPn at Nucleus =  1.4186089565E+01

CP# 13     Coords =  4.15464051785214E+00  1.61793695818050E-01  7.31046180358707E-02
           Type = (3,-3) NACP O13
           Rho =  1.4774464818E+02     Rho at Nucleus =  1.4774463679E+02
           GradRho = -1.3340259453E-10 -2.1611462619E-12 -2.6247615192E-12
           HessRho_EigVals = -4.1095108802E+05 -4.1094438546E+05 -4.1093317612E+05
           HessRho_EigVec1 = -4.4474900116E-02  9.6381848499E-01  2.6282296561E-01
           HessRho_EigVec2 =  9.9796638769E-01  5.4888306391E-02 -3.2409302123E-02
           HessRho_EigVec3 =  4.5662591935E-02 -2.6084708512E-01  9.6429960380E-01
           DelSqRho = -1.2328286496E+06
           Bond Ellipticity = NA
           V = -3.0827689021E+05
           G =  3.4863905020E+01
           K =  3.0824202630E+05
           L =  3.0820716240E+05
           Vnuc =  1.0746952129E+06
           Ven = -1.5878046613E+08
           Vrep =  1.5847218924E+08
           DelSqV =  1.9608153518E+10
           DelSqVen =  1.3249150469E+12
           DelSqVrep = -1.3053068934E+12
           DelSqG =  8.5745399400E+08
           DelSqK = -2.0465607512E+10
           Stress_EigVals = -1.0276124244E+05 -1.0275849489E+05 -1.0275715288E+05
           Stress_EigVec1 =  4.7027515573E-02 -2.6050096923E-01  9.6432756769E-01
           Stress_EigVec2 =  9.9786415879E-01  5.6069223814E-02 -3.3516603904E-02
           Stress_EigVec3 = -4.5337990421E-02  9.6384411975E-01  2.6258137682E-01
           -DivStress = -4.7370616663E+04 -2.7754458684E+03  2.4809619227E+03
           ESP =  -4.1552929471E+00     ESP at Nucleus =  -4.1552867366E+00
           ESPe = -1.8342427884E+01     ESPe at Nucleus = -1.8342435091E+01
           ESPn =  1.4187134937E+01     ESPn at Nucleus =  1.4187148355E+01

CP# 14     Coords =  5.07680410759923E-01 -5.24153420529918E+00  1.23428629224411E+00
           Type = (3,-3) NACP H14
           Rho =  2.0378997429E-01     Rho at Nucleus =  1.9895730645E-01
           GradRho = -9.8392179820E-12  3.0974458241E-11 -3.9162693921E-11
           HessRho_EigVals = -4.0147728433E+00 -4.0029219651E+00 -3.1375257143E+00
           HessRho_EigVec1 =  1.2659030695E-01  7.9233808862E-01  5.9680419528E-01
           HessRho_EigVec2 =  9.7286554118E-01  1.8294745358E-02 -2.3064678858E-01
           HessRho_EigVec3 =  1.9366861639E-01 -6.0980788418E-01  7.6852248595E-01
           DelSqRho = -1.1155220523E+01
           Bond Ellipticity = NA
           V = -2.8189092047E+00
           G =  1.5052037014E-02
           K =  2.8038571677E+00
           L =  2.7888051307E+00
           Vnuc =  3.4856368979E+01
           Ven = -7.1033785380E+00
           Vrep =  4.2844693333E+00
           DelSqV =  6.7769324404E+02
           DelSqVen =  3.8883048261E+02
           DelSqVrep =  2.8886276143E+02
           DelSqG =  5.2034862144E+01
           DelSqK = -7.2972810618E+02
           Stress_EigVals = -1.0164132928E+00 -1.0136553413E+00 -7.8884057056E-01
           Stress_EigVec1 =  9.7455106460E-01  2.8806438617E-02 -2.2230702100E-01
           Stress_EigVec2 =  1.1269279119E-01  7.9432316315E-01  5.9695146142E-01
           Stress_EigVec3 =  1.9377966174E-01 -6.0681208094E-01  7.7086220631E-01
           -DivStress =  2.3591991493E+00 -7.4143671919E+00  9.4081023059E+00
           ESP =   7.3725429184E+00     ESP at Nucleus =   7.2753883885E+00
           ESPe = -8.4066547702E+00     ESPe at Nucleus = -8.3103870701E+00
           ESPn =  1.5779197689E+01     ESPn at Nucleus =  1.5585775459E+01

CP# 15     Coords = -1.39319239172533E-01 -5.16637878284317E+00 -1.52786441357644E+00
           Type = (3,-3) NACP H15
           Rho =  2.0411759835E-01     Rho at Nucleus =  1.9929797866E-01
           GradRho =  1.6609977282E-16 -1.2646134140E-15  5.4123372450E-16
           HessRho_EigVals = -4.0229634212E+00 -4.0112684466E+00 -3.1476863886E+00
           HessRho_EigVec1 = -1.5674518481E-01  8.2354108523E-01 -5.4517064115E-01
           HessRho_EigVec2 =  9.7269982770E-01  3.3078870701E-02 -2.2969726491E-01
           HessRho_EigVec3 =  1.7113150567E-01  5.6629132895E-01  8.0624322541E-01
           DelSqRho = -1.1181918256E+01
           Bond Ellipticity = NA
           V = -2.8255675272E+00
           G =  1.5043981556E-02
           K =  2.8105235457E+00
           L =  2.7954795641E+00
           Vnuc =  3.4951951262E+01
           Ven = -7.1343083491E+00
           Vrep =  4.3087408219E+00
           DelSqV =  6.7966540637E+02
           DelSqVen =  3.9082986191E+02
           DelSqVrep =  2.8883554446E+02
           DelSqG =  5.2193355037E+01
           DelSqK = -7.3185876140E+02
           Stress_EigVals = -1.0184291580E+00 -1.0157136531E+00 -7.9142471616E-01
           Stress_EigVec1 =  9.7333802349E-01  3.0093564315E-02 -2.2739276465E-01
           Stress_EigVec2 = -1.5237423275E-01  8.2583570729E-01 -5.4293413759E-01
           Stress_EigVec3 =  1.7145024124E-01  5.6310723841E-01  8.0840277884E-01
           -DivStress = -2.0873825531E+00 -6.8769276755E+00 -9.8653926047E+00
           ESP =   7.3935634187E+00     ESP at Nucleus =   7.2970430041E+00
           ESPe = -8.4310093468E+00     ESPe at Nucleus = -8.3353900797E+00
           ESPn =  1.5824572766E+01     ESPn at Nucleus =  1.5632433084E+01

CP# 16     Coords =  1.36484761797771E+00 -4.11785071428070E-01  5.20551943860239E+00
           Type = (3,-3) NACP H16
           Rho =  2.0415303864E-01     Rho at Nucleus =  1.9933568325E-01
           GradRho = -1.8228018574E-09  4.5266527289E-10 -1.3406233458E-09
           HessRho_EigVals = -4.0237513889E+00 -4.0120458227E+00 -3.1487404638E+00
           HessRho_EigVec1 = -5.8280471846E-01  6.2254564010E-02  8.1022406123E-01
           HessRho_EigVec2 =  1.9545347708E-01  9.7852952507E-01  6.5405709684E-02
           HessRho_EigVec3 =  7.8875636190E-01 -1.9647986620E-01  5.8245949536E-01
           DelSqRho = -1.1184537675E+01
           Bond Ellipticity = NA
           V = -2.8262476904E+00
           G =  1.5056635783E-02
           K =  2.8111910546E+00
           L =  2.7961344188E+00
