 AIMInt (Version 19.02.13, Professional)
 Portions Copyright (c) 1997-2019 by Todd A. Keith
 AIMInt is a component of the AIMAll package ( http://aim.tkgristmill.com )

 TP:  64-bit Linux

 Licensed To:  Research Group of Fernando Cortes Guzman, UNAM, fercor@unam.mx

 AIMInt is a heavily modified and extended version of the PROAIMV program
 developed by members of R.F.W. Bader's research group

 Much of the Quantum Theory of Atoms in Molecules (QTAIM) is described in the book:
   "Atoms in Molecules - A Quantum Theory"
   R.F.W. Bader, Oxford University Press, Oxford, 1990

 For additional references see:  http://aim.tkgristmill.com/references.html

 Current Directory:  /home/scratch/M_H2O_4_tetraedrico/Opt

 Inp File:  Sc2_tetraedrico_cc-pvtz-def2-tzv_2_atomicfiles/o2.inp
 Wfx File:  Sc2_tetraedrico_cc-pvtz-def2-tzv_2.wfx
 Out File:  Sc2_tetraedrico_cc-pvtz-def2-tzv_2_atomicfiles/o2.int

 Wfx Title:   Sc2_tetraedrico_cc-pvtz-def2-tzv_2                                            
 Job Title:   Sc2_tetraedrico_cc-pvtz-def2-tzv_2                                            
 
<Atom>
O2      
</Atom>
<Nuclei of Molecule>
    13
Sc1       21.0          -4.3439083500E-06  -4.7607667689E-06   3.1517171717E-08
O2         8.0          -2.2788861588E+00   2.3033578427E+00   2.2912042450E+00
H3         1.0          -3.9304171050E+00   1.8848604612E+00   3.0202629193E+00
O4         8.0           2.3024435460E+00   2.2789156834E+00  -2.2920850223E+00
H5         1.0           3.9499312544E+00   1.8430920094E+00  -3.0201457826E+00
O6         8.0           2.2798280594E+00  -2.3024910818E+00   2.2911393319E+00
H7         1.0           1.8446863204E+00  -3.9500624165E+00   3.0194189570E+00
O8         8.0          -2.3034039102E+00  -2.2798005720E+00  -2.2902575765E+00
H9         1.0          -3.9512177320E+00  -1.8442806255E+00  -3.0177597347E+00
H10        1.0           1.8836667335E+00   3.9304631610E+00  -3.0209487744E+00
H11        1.0           3.9316174191E+00  -1.8833501381E+00   3.0192420983E+00
H12        1.0          -1.8430855053E+00   3.9511674255E+00   3.0185497562E+00
H13        1.0          -1.8849424553E+00  -3.9316448792E+00  -3.0186279255E+00
</Nuclei of Molecule>
<Total Number of CPs of DelSqRho>
    34
</Total Number of CPs of DelSqRho>
<Number of (3,+3) CPs of DelSqRho>
     5
</Number of (3,+3) CPs of DelSqRho>
<Number of (3,+1) CPs of DelSqRho>
    12
</Number of (3,+1) CPs of DelSqRho>
<Number of (3,-1) CPs of DelSqRho>
    11
</Number of (3,-1) CPs of DelSqRho>
<Number of (3,-3) CPs of DelSqRho>
     6
</Number of (3,-3) CPs of DelSqRho>
<Number of Degenerate CPs of DelSqRho>
     0
</Number of Degenerate CPs of DelSqRho>
<CP of DelSqRho>
CP# = 1       
Type = (3,+3)
Coords = -2.27888637143863E+00  2.30335805783379E+00  2.29120452421561E+00
DistFromNuc =  4.1167786521E-07
Rho =  2.9735816088E+02
DelSqRho = -3.3300995822E+06
GradDelSqRho = -1.7019192455E-05 -2.1301128072E-05 -2.8023305276E-05
HessDelSqRho_EigVals =  1.3243064617E+11  1.3243066220E+11  1.3243067206E+11
HessDelSqRho_EigVec1 =  4.3756876149E-01 -4.4136973473E-01  7.8340687783E-01
HessDelSqRho_EigVec2 = -5.5085549541E-01  5.5703225244E-01  6.2150888402E-01
HessDelSqRho_EigVec3 = -7.1069810901E-01 -7.0349685643E-01  6.0896892675E-04
</CP of DelSqRho>
<CP of DelSqRho>
CP# = 2       
Type = (3,-1)
Coords = -1.31781187607487E+00  1.33193505103077E+00  1.23934956524399E+00
DistFromNuc =  1.7244489799E+00
Rho =  8.3279432509E-02
DelSqRho =  2.7367863251E-01
GradDelSqRho = -4.9978250705E-13  5.1546961144E-13  1.3356468709E-12
HessDelSqRho_EigVals = -2.9742246595E-01 -2.5589740502E-01  2.4818947518E+00
HessDelSqRho_EigVec1 = -4.1096681971E-01  4.1454120161E-01 -8.1194942285E-01
HessDelSqRho_EigVec2 = -7.1064040602E-01 -7.0355523897E-01  4.8893865867E-04
HessDelSqRho_EigVec3 = -5.7104858500E-01  5.7720500508E-01  5.8372758687E-01
</CP of DelSqRho>
<CP of DelSqRho>
CP# = 3       
Type = (3,+1)
Coords = -2.00752723164503E+00  3.32302735148697E+00  2.74070849022350E+00
DistFromNuc =  1.1469157078E+00
Rho =  4.1792565423E-01
DelSqRho = -9.8511696048E-01
GradDelSqRho =  7.7715611724E-16 -3.7192471325E-15  1.2212453271E-15
HessDelSqRho_EigVals = -3.2175425352E+01  1.5140421162E+01  1.6014144154E+01
HessDelSqRho_EigVec1 =  2.3365465009E-01  8.8915899344E-01  3.9344858479E-01
HessDelSqRho_EigVec2 =  4.5980308040E-01 -4.5758797886E-01  7.6104820404E-01
HessDelSqRho_EigVec3 =  8.5673019776E-01  3.0864194448E-03 -5.1575560323E-01
</CP of DelSqRho>
<CP of DelSqRho>
CP# = 4       
Type = (3,+1)
Coords = -2.38662019680630E+00  2.41213153145243E+00  2.22078846562864E+00
DistFromNuc =  1.6851326443E-01
Rho =  2.2509561200E+01
DelSqRho =  1.2347221406E+03
GradDelSqRho =  1.2789769244E-13 -1.5475620785E-11 -3.6948222260E-13
HessDelSqRho_EigVals = -4.0944647110E+05  1.7040048788E+03  3.3382044823E+03
HessDelSqRho_EigVec1 = -6.3761154855E-01  6.4375910098E-01 -4.2311432623E-01
HessDelSqRho_EigVec2 = -2.9728900297E-01  3.0107361990E-01  9.0607611386E-01
HessDelSqRho_EigVec3 =  7.1068330631E-01  7.0351183026E-01 -5.8551572790E-04
</CP of DelSqRho>
<CP of DelSqRho>
CP# = 5       
Type = (3,+1)
Coords = -2.24916256722192E+00  2.27346942016633E+00  2.45448718821254E+00
DistFromNuc =  1.6863608527E-01
Rho =  2.2485057606E+01
DelSqRho =  1.2314451714E+03
GradDelSqRho = -7.7449158198E-13  1.5276668819E-12  1.9753088054E-12
HessDelSqRho_EigVals = -4.0655480120E+05  1.8922036679E+03  3.4734314754E+03
HessDelSqRho_EigVec1 =  1.8002176764E-01 -1.8103888702E-01  9.6685939234E-01
HessDelSqRho_EigVec2 = -6.8009383864E-01  6.8723344469E-01  2.5530876040E-01
HessDelSqRho_EigVec3 = -7.1067892456E-01 -7.0351624991E-01  5.9354787291E-04
</CP of DelSqRho>
<CP of DelSqRho>
CP# = 6       
Type = (3,-1)
Coords = -2.37500672019636E+00  2.40054239582531E+00  2.39074850949331E+00
DistFromNuc =  1.6909482632E-01
Rho =  2.2283129039E+01
DelSqRho =  1.2433124739E+03
GradDelSqRho =  1.0089706848E-12 -6.5725203058E-13 -8.0468964825E-12
HessDelSqRho_EigVals = -3.9989077556E+05 -1.2355082733E+03  2.0562074682E+03
HessDelSqRho_EigVec1 = -5.6874859748E-01  5.7504336003E-01  5.8809027109E-01
HessDelSqRho_EigVec2 =  4.1406905831E-01 -4.1760906798E-01  8.0879507991E-01
HessDelSqRho_EigVec3 =  7.1068407033E-01  7.0351105210E-01 -5.9309086001E-04
</CP of DelSqRho>
<CP of DelSqRho>
CP# = 7       
Type = (3,-1)
Coords = -2.18935517460365E+00  2.21284448854838E+00  2.18363436552395E+00
DistFromNuc =  1.6667256335E-01
Rho =  2.2816760421E+01
DelSqRho =  1.2979739512E+03
GradDelSqRho =  4.3200998334E-12  1.2221335055E-12 -1.0032863429E-11
HessDelSqRho_EigVals = -4.5816615267E+05 -3.2922370366E+03  3.9714775469E+02
HessDelSqRho_EigVec1 = -5.3704561958E-01  5.4293949774E-01  6.4559949216E-01
HessDelSqRho_EigVec2 = -4.5450903255E-01  4.5849812589E-01 -7.6367598358E-01
HessDelSqRho_EigVec3 = -7.1063601219E-01 -7.0355964235E-01  5.3649575715E-04
</CP of DelSqRho>
<CP of DelSqRho>
CP# = 8       
Type = (3,-3)
Coords = -2.29122489843895E+00  2.15775813273429E+00  2.21050002702394E+00
DistFromNuc =  1.6692720223E-01
Rho =  2.2724845955E+01
DelSqRho =  1.2993639284E+03
GradDelSqRho =  1.0942358131E-12  3.8255620893E-11  1.3969270185E-11
HessDelSqRho_EigVals = -4.5255651509E+05 -3.6446179563E+03 -6.7447964732E+02
HessDelSqRho_EigVec1 =  7.0427146840E-02  8.7144557632E-01  4.8540974907E-01
HessDelSqRho_EigVec2 =  4.4582903196E-01 -4.6280970043E-01  7.6618774165E-01
HessDelSqRho_EigVec3 =  8.9234325865E-01  1.6244934194E-01 -4.2111010443E-01
</CP of DelSqRho>
<CP of DelSqRho>
CP# = 9       
Type = (3,-3)
Coords = -2.13323780227672E+00  2.31414655252567E+00  2.21036580954745E+00
DistFromNuc =  1.6692720763E-01
Rho =  2.2724849824E+01
DelSqRho =  1.2993628449E+03
GradDelSqRho = -1.8701484805E-11 -7.1054273576E-13  1.0061285138E-11
HessDelSqRho_EigVals = -4.5255624984E+05 -3.6445374250E+03 -6.7430164285E+02
HessDelSqRho_EigVec1 =  8.7169985017E-01  6.1148014867E-02 -4.8621013100E-01
HessDelSqRho_EigVec2 =  4.5890908238E-01 -4.4986214124E-01  7.6617655145E-01
HessDelSqRho_EigVec3 =  1.7187735547E-01  8.9100223016E-01  4.2020614051E-01
</CP of DelSqRho>
<CP of DelSqRho>
CP# = 10      
Type = (3,-1)
Coords = -1.67161281262896E+00  2.65719839766918E+00  2.15067020149414E+00
DistFromNuc =  7.1675230911E-01
Rho =  6.6945116976E-01
DelSqRho = -1.0079334112E+00
GradDelSqRho =  1.7763568394E-15  3.5527136788E-15  1.9984014443E-15
HessDelSqRho_EigVals = -1.5586237666E+01 -1.1735760018E+01  1.4388712797E+02
HessDelSqRho_EigVec1 = -2.6447502257E-01  7.6272561708E-01  5.9017166612E-01
HessDelSqRho_EigVec2 = -4.4266899644E-01  4.4767334786E-01 -7.7693804979E-01
HessDelSqRho_EigVec3 =  8.5679467904E-01  4.6673140742E-01 -2.1923656470E-01
</CP of DelSqRho>
<CP of DelSqRho>
CP# = 11      
Type = (3,+1)
Coords = -2.96723869679298E+00  2.32487491646177E+00  2.18541681516279E+00
DistFromNuc =  6.9676623151E-01
Rho =  7.6685364146E-01
DelSqRho = -2.4467356079E+00
GradDelSqRho = -4.5741188615E-14  2.4424906542E-15 -1.0436096431E-14
HessDelSqRho_EigVals = -1.2828920803E+01  1.2913568576E+01  1.7800586033E+02
HessDelSqRho_EigVec1 = -2.5573328172E-01 -4.0411961184E-01  8.7822994025E-01
HessDelSqRho_EigVec2 = -2.7189443256E-02  9.1108509826E-01  4.1132065096E-01
HessDelSqRho_EigVec3 =  9.6636495321E-01 -8.1309796782E-02  2.4398256936E-01
</CP of DelSqRho>
<CP of DelSqRho>
CP# = 12      
Type = (3,+1)
Coords = -2.29352238259595E+00  2.99180899206358E+00  2.18487015321921E+00
DistFromNuc =  6.9676835686E-01
Rho =  7.6684764533E-01
DelSqRho = -2.4466793913E+00
GradDelSqRho =  5.5511151231E-15  0.0000000000E+00  1.0658141036E-14
HessDelSqRho_EigVals = -1.2829008848E+01  1.2913238177E+01  1.7800227538E+02
HessDelSqRho_EigVec1 =  4.0741350326E-01  2.5234231456E-01  8.7768877949E-01
HessDelSqRho_EigVec2 =  9.1042256684E-01 -3.6741653522E-02 -4.1204465861E-01
HessDelSqRho_EigVec3 = -7.1728565821E-02  9.6694022937E-01 -2.4470718352E-01
</CP of DelSqRho>
<CP of DelSqRho>
CP# = 13      
Type = (3,-1)
Coords = -2.63896240652250E+00  1.69958143030388E+00  2.15145498193117E+00
DistFromNuc =  7.1675010773E-01
Rho =  6.6945406160E-01
DelSqRho = -1.0079496612E+00
GradDelSqRho = -6.8833827527E-15 -7.9936057773E-15 -2.2204460493E-15
HessDelSqRho_EigVals = -1.5586067774E+01 -1.1735812032E+01  1.4388925616E+02
HessDelSqRho_EigVec1 = -7.5953915195E-01  2.7266316416E-01  5.9055488785E-01
HessDelSqRho_EigVec2 =  4.4379264922E-01 -4.4653716743E-01  7.7695086241E-01
HessDelSqRho_EigVec3 =  4.7555058737E-01  8.5220851733E-01  2.1815655350E-01
</CP of DelSqRho>
<CP of DelSqRho>
CP# = 14      
Type = (3,+3)
Coords = -1.87103312716377E+00  1.89158070310291E+00  2.56096076090618E+00
DistFromNuc =  6.3927543830E-01
Rho =  9.5564577284E-01
DelSqRho = -4.4323936491E+00
GradDelSqRho =  4.8752113457E-12 -4.9040771444E-12  4.3822723228E-12
HessDelSqRho_EigVals =  1.0272461373E+01  2.3852449284E+01  3.3185023044E+02
HessDelSqRho_EigVec1 = -3.0841173157E-01  3.1228303951E-01  8.9853297495E-01
HessDelSqRho_EigVec2 = -7.1067355079E-01 -7.0352169269E-01  5.7630848378E-04
HessDelSqRho_EigVec3 = -6.3231741084E-01  6.3838587951E-01 -4.3890563997E-01
</CP of DelSqRho>
<CP of DelSqRho>
CP# = 15      
Type = (3,+3)
Coords = -2.40273480909817E+00  2.42796353800852E+00  1.68002110096636E+00
DistFromNuc =  6.3593231006E-01
Rho =  9.6637150249E-01
DelSqRho = -4.5272861178E+00
GradDelSqRho =  7.7715611724E-15 -3.9968028887E-15  1.1546319456E-14
HessDelSqRho_EigVals =  1.1246394014E+01  2.4248527270E+01  3.4814569815E+02
HessDelSqRho_EigVec1 = -6.7295078625E-01  6.8001322592E-01  2.9106571741E-01
HessDelSqRho_EigVec2 = -7.1066480736E-01 -7.0353052523E-01  5.7588754023E-04
HessDelSqRho_EigVec3 =  2.0516522819E-01 -2.0646261802E-01  9.5670288831E-01
</CP of DelSqRho>
<CP of DelSqRho>
CP# = 16      
Type = (3,-1)
Coords = -2.67237806677467E+00  2.70123810072705E+00  2.75195418568862E+00
DistFromNuc =  7.2486901523E-01
Rho =  6.6885706436E-01
DelSqRho = -1.0596127164E+00
GradDelSqRho = -3.1086244690E-14  3.1863400807E-14  6.7723604502E-14
HessDelSqRho_EigVals = -1.8437523935E+01 -4.9623981135E+00  1.3377796655E+02
HessDelSqRho_EigVec1 = -7.1067978595E-01 -7.0351539031E-01  5.8089461255E-04
HessDelSqRho_EigVec2 =  4.4692720999E-01 -4.5084060138E-01  7.7265698801E-01
HessDelSqRho_EigVec3 = -5.4331419162E-01  5.4937132046E-01  6.3482347266E-01
</CP of DelSqRho>
<CP of DelSqRho>
CP# = 17      
Type = (3,+1)
Coords = -2.59382356700570E+00  1.95908569034880E+00  2.80839336949315E+00
DistFromNuc =  6.9655830808E-01
Rho =  7.6656949967E-01
DelSqRho = -2.4257070455E+00
GradDelSqRho = -1.9984014443E-14 -1.1435297154E-14  2.0872192863E-14
HessDelSqRho_EigVals = -1.2739382972E+01  1.2620285060E+01  1.7749457385E+02
HessDelSqRho_EigVec1 =  9.3163731514E-01 -2.6191690033E-01  2.5189571326E-01
HessDelSqRho_EigVec2 =  7.3525780013E-02  8.1471082177E-01  5.7518713178E-01
HessDelSqRho_EigVec3 = -3.5587339422E-01 -5.1734496636E-01  7.7827264700E-01
</CP of DelSqRho>
<CP of DelSqRho>
CP# = 18      
Type = (3,+1)
Coords = -1.93102011992676E+00  2.61522396439704E+00  2.80785171351053E+00
DistFromNuc =  6.9656002295E-01
Rho =  7.6656538006E-01
DelSqRho = -2.4256801630E+00
GradDelSqRho =  1.2434497876E-14  1.4654943925E-14  5.3290705182E-15
HessDelSqRho_EigVals = -1.2739171862E+01  1.2620304872E+01  1.7749172052E+02
HessDelSqRho_EigVec1 = -2.5268585659E-01  9.3403140737E-01 -2.5245828949E-01
HessDelSqRho_EigVec2 =  8.1494092668E-01  6.4806156442E-02 -5.7590923600E-01
HessDelSqRho_EigVec3 =  5.2155646282E-01  3.5126271100E-01  7.7755601982E-01
</CP of DelSqRho>
<CP of DelSqRho>
CP# = 19      
Type = (3,+1)
Coords = -1.92168930569828E+00  1.94218517584959E+00  1.86816007895903E+00
DistFromNuc =  6.6106100591E-01
Rho =  8.7264529224E-01
DelSqRho = -3.5620590974E+00
GradDelSqRho = -1.4210854715E-14  1.9539925233E-14  2.1982415888E-14
HessDelSqRho_EigVals = -7.0985608107E+00  1.9430642319E+01  2.6215371654E+02
HessDelSqRho_EigVec1 =  4.5246454577E-01 -4.5643742990E-01  7.6612055671E-01
HessDelSqRho_EigVec2 = -7.1067385758E-01 -7.0352138308E-01  5.7593049162E-04
HessDelSqRho_EigVec3 = -5.3871931743E-01  5.4472243953E-01  6.4269663209E-01
</CP of DelSqRho>
<CP of DelSqRho>
CP# = 20      
Type = (3,+3)
Coords = -2.10274087154691E+00  2.95352778068682E+00  2.57518057308041E+00
DistFromNuc =  7.3102029065E-01
Rho =  7.3471394961E-01
DelSqRho = -2.9003853181E+00
GradDelSqRho =  1.1165512959E-12  5.8999471975E-12  1.9719781363E-12
HessDelSqRho_EigVals =  1.0942908708E+01  2.1889520803E+01  1.3123725608E+02
HessDelSqRho_EigVec1 =  4.4482913433E-01 -4.5614195604E-01  7.7075388886E-01
HessDelSqRho_EigVec2 = -8.6182202953E-01  1.6162959393E-02  5.0695320116E-01
HessDelSqRho_EigVec3 =  2.4370028860E-01  8.8976023438E-01  3.8592343107E-01
</CP of DelSqRho>
<CP of DelSqRho>
CP# = 21      
Type = (3,+3)
Coords = -2.93057084361172E+00  2.13403584877246E+00  2.57585369149258E+00
DistFromNuc =  7.3101858630E-01
Rho =  7.3471916934E-01
DelSqRho = -2.9004416590E+00
GradDelSqRho = -3.5083047578E-14 -7.3274719625E-15  1.7097434579E-14
HessDelSqRho_EigVals =  1.0943070332E+01  2.1889777093E+01  1.3123933951E+02
HessDelSqRho_EigVec1 =  4.5224588416E-01 -4.4879354707E-01  7.7075158927E-01
HessDelSqRho_EigVec2 = -7.0265787113E-03  8.6235500928E-01  5.0625533594E-01
HessDelSqRho_EigVec3 =  8.9186562186E-01  2.3436763872E-01 -3.8684302045E-01
</CP of DelSqRho>
<CP of DelSqRho>
CP# = 22      
Type = (3,-3)
Coords = -2.66419919677120E+00  2.69344480701151E+00  3.31946917119343E+00
DistFromNuc =  1.1653165817E+00
Rho =  2.5018660947E-01
DelSqRho =  8.4673813034E-01
GradDelSqRho =  6.8201000403E-13 -6.9064198804E-13 -3.1561975256E-12
HessDelSqRho_EigVals = -1.7279306963E+01 -3.0488658163E+00 -1.8540111582E-01
HessDelSqRho_EigVec1 = -3.2852889318E-01  3.3260561649E-01  8.8399223426E-01
HessDelSqRho_EigVec2 = -7.1067957475E-01 -7.0351560276E-01  5.8198098289E-04
HessDelSqRho_EigVec3 = -6.2209589967E-01  6.2804402756E-01 -4.6750122039E-01
</CP of DelSqRho>
<CP of DelSqRho>
CP# = 23      
Type = (3,-1)
Coords = -2.43270614586085E+00  1.45627816227388E+00  3.11378358250794E+00
DistFromNuc =  1.1907314307E+00
Rho =  2.4459624623E-01
DelSqRho =  7.0816531751E-01
GradDelSqRho = -2.5326962749E-16  1.2073675393E-15 -4.8572257327E-16
HessDelSqRho_EigVals = -1.6855810928E+01 -1.3305581993E+00  3.1905660998E-01
HessDelSqRho_EigVec1 =  1.1100643156E-01  7.2149684107E-01 -6.8346168911E-01
HessDelSqRho_EigVec2 =  9.7219188264E-01 -2.2152660109E-01 -7.5953330002E-02
HessDelSqRho_EigVec3 =  2.0620503263E-01  6.5602459812E-01  7.2602424972E-01
</CP of DelSqRho>
<CP of DelSqRho>
CP# = 24      
Type = (3,-1)
Coords = -1.42960763381407E+00  2.44927378385055E+00  3.11295786491233E+00
DistFromNuc =  1.1907327520E+00
Rho =  2.4459669014E-01
DelSqRho =  7.0815561840E-01
GradDelSqRho = -2.4702462298E-15 -1.0408340856E-17 -1.8179902028E-15
HessDelSqRho_EigVals = -1.6855589631E+01 -1.3305487533E+00  3.1908438973E-01
HessDelSqRho_EigVec1 =  7.2315162051E-01  1.0426197968E-01  6.8277461387E-01
HessDelSqRho_EigVec2 = -2.1162176289E-01  9.7444383605E-01  7.5335515250E-02
HessDelSqRho_EigVec3 = -6.5747088394E-01 -1.9896896738E-01  7.2673474308E-01
</CP of DelSqRho>
<CP of DelSqRho>
CP# = 25      
Type = (3,-3)
Coords = -3.05729400719478E+00  3.08999176824824E+00  2.65469414477095E+00
DistFromNuc =  1.1648333007E+00
Rho =  2.5003749176E-01
DelSqRho =  8.4804582118E-01
GradDelSqRho =  5.3839432912E-12 -5.4360682622E-12 -9.6658792081E-13
HessDelSqRho_EigVals = -1.7253063450E+01 -3.0422779109E+00 -2.0031100963E-01
HessDelSqRho_EigVec1 = -6.6899557674E-01  6.7606219039E-01  3.0884435082E-01
HessDelSqRho_EigVec2 = -7.1067928817E-01 -7.0351589372E-01  5.8021399455E-04
HessDelSqRho_EigVec3 =  2.1766917023E-01 -2.1910112280E-01  9.5111241729E-01
</CP of DelSqRho>
<CP of DelSqRho>
CP# = 26      
Type = (3,+1)
Coords = -1.45116749905800E+00  1.46698438016097E+00  1.94989805459546E+00
DistFromNuc =  1.2252055599E+00
Rho =  2.4174474236E-01
DelSqRho =  5.0673405760E-01
GradDelSqRho = -4.0904779564E-14  4.2160719360E-14  1.4627188349E-14
HessDelSqRho_EigVals = -1.3025288000E+01  1.3542021779E-01  5.4523251419E-01
HessDelSqRho_EigVec1 = -6.7463208684E-01  6.8168819245E-01  2.8314793957E-01
HessDelSqRho_EigVec2 =  1.9959255335E-01 -2.0083797231E-01  9.5907607703E-01
HessDelSqRho_EigVec3 = -7.1065769542E-01 -7.0353771552E-01  5.6814654653E-04
</CP of DelSqRho>
<CP of DelSqRho>
CP# = 27      
Type = (3,-3)
Coords = -2.82478580039049E+00  1.33685093490283E+00  2.02905058054251E+00
DistFromNuc =  1.1405553759E+00
Rho =  2.4627691722E-01
DelSqRho =  8.3730424272E-01
GradDelSqRho = -2.4008572908E-15 -2.0539125956E-15  1.3877787808E-17
HessDelSqRho_EigVals = -1.7619911295E+01 -1.7879821983E+00 -5.2040855251E-01
HessDelSqRho_EigVec1 =  4.4797429088E-01  8.5764889889E-01  2.5250227910E-01
HessDelSqRho_EigVec2 = -7.7368950570E-01  2.3035679581E-01  5.9020360503E-01
HessDelSqRho_EigVec3 =  4.4802185603E-01 -4.5975440494E-01  7.6674787490E-01
</CP of DelSqRho>
<CP of DelSqRho>
CP# = 28      
Type = (3,-3)
Coords = -1.30711312311684E+00  2.83923417911778E+00  2.02783057194868E+00
DistFromNuc =  1.1405577462E+00
Rho =  2.4627832731E-01
DelSqRho =  8.3729690352E-01
GradDelSqRho =  1.5265566589E-15  3.7470027081E-16 -2.9143354396E-16
HessDelSqRho_EigVals = -1.7619597062E+01 -1.7881075557E+00 -5.2043659162E-01
HessDelSqRho_EigVec1 =  8.6193421868E-01  4.3906555931E-01 -2.5355637895E-01
HessDelSqRho_EigVec2 = -2.2203599918E-01  7.7645934290E-01  5.8975495241E-01
HessDelSqRho_EigVec3 =  4.5581730742E-01 -4.5203133017E-01  7.6674523722E-01
</CP of DelSqRho>
<CP of DelSqRho>
CP# = 29      
Type = (3,-1)
Coords = -3.28721777950608E+00  2.33475962742943E+00  1.65940720787222E+00
DistFromNuc =  1.1903303010E+00
Rho =  2.4396437456E-01
DelSqRho =  7.1418124672E-01
GradDelSqRho =  6.9304284533E-13  1.3915951724E-14  5.1722515160E-13
HessDelSqRho_EigVals = -1.7058860047E+01 -1.2187348797E+00  2.9680616994E-01
HessDelSqRho_EigVec1 =  8.3566252429E-01 -2.3153235150E-02  5.4875502111E-01
HessDelSqRho_EigVec2 = -5.3879770869E-01 -2.2848370565E-01  8.1085894295E-01
HessDelSqRho_EigVec3 = -1.0660757294E-01  9.7327237912E-01  2.0341018027E-01
</CP of DelSqRho>
<CP of DelSqRho>
CP# = 30      
Type = (3,+1)
Coords = -3.30087822493145E+00  2.04270536836950E+00  2.74176916927253E+00
DistFromNuc =  1.1469159720E+00
Rho =  4.1792661826E-01
DelSqRho = -9.8513037794E-01
GradDelSqRho = -6.4587224458E-14 -2.5590640718E-14  1.8124390877E-14
HessDelSqRho_EigVals = -3.2175783315E+01  1.5140593246E+01  1.6014315133E+01
HessDelSqRho_EigVec1 =  8.9115186269E-01  2.2431696205E-01 -3.9437324728E-01
HessDelSqRho_EigVec2 =  4.5354129602E-01 -4.6379486296E-01  7.6104836764E-01
HessDelSqRho_EigVec3 =  1.2192228378E-02  8.5707422411E-01  5.1504866172E-01
</CP of DelSqRho>
<CP of DelSqRho>
CP# = 31      
Type = (3,-1)
Coords = -2.89812446814678E+00  2.92953368076467E+00  3.05634837771307E+00
DistFromNuc =  1.1666181071E+00
Rho =  2.5294091392E-01
DelSqRho =  8.4169978558E-01
GradDelSqRho =  7.4940054162E-16  9.9920072216E-16  6.9388939039E-16
HessDelSqRho_EigVals = -1.6423466769E+01 -4.3263545702E+00  1.2419536490E-01
HessDelSqRho_EigVec1 = -5.3098721254E-01  5.3693556524E-01  6.5555532100E-01
HessDelSqRho_EigVec2 =  7.1067856154E-01  7.0351662585E-01 -5.8251185808E-04
HessDelSqRho_EigVec3 =  4.6150683882E-01 -4.6557980619E-01  7.5514692729E-01
</CP of DelSqRho>
<CP of DelSqRho>
CP# = 32      
Type = (3,-1)
Coords = -2.30055606785211E+00  3.31143990963660E+00  1.65859929376473E+00
DistFromNuc =  1.1903310728E+00
Rho =  2.4396480978E-01
DelSqRho =  7.1417209543E-01
GradDelSqRho =  6.3490879221E-16  3.2196467714E-15 -8.4654505628E-16
HessDelSqRho_EigVals = -1.7058551167E+01 -1.2187966769E+00  2.9682752893E-01
HessDelSqRho_EigVec1 = -1.5106144018E-02  8.3540531613E-01 -5.4942675781E-01
HessDelSqRho_EigVec2 =  2.3457021592E-01  5.3711559425E-01  8.1023678775E-01
HessDelSqRho_EigVec3 =  9.7198179932E-01 -1.1663959961E-01 -2.0407495091E-01
</CP of DelSqRho>
<CP of DelSqRho>
CP# = 33      
Type = (3,+1)
Coords = -1.50342895048761E+00  3.50071751698297E+00  3.69950068118072E+00
DistFromNuc =  2.0045705085E+00
Rho =  7.5049235037E-02
DelSqRho =  1.8000616563E-01
GradDelSqRho = -1.3436300683E-14 -1.6608242559E-14  7.8444195584E-15
HessDelSqRho_EigVals = -1.6463333457E+00  2.7470619241E-02  5.6542432307E-01
HessDelSqRho_EigVec1 =  4.5769715301E-01  1.7713527070E-01  8.7128434624E-01
HessDelSqRho_EigVec2 =  8.8802266123E-01 -4.2665941482E-02 -4.5781586973E-01
HessDelSqRho_EigVec3 = -4.3921171085E-02  9.8326126401E-01 -1.7682821443E-01
</CP of DelSqRho>
<CP of DelSqRho>
CP# = 34      
Type = (3,+1)
Coords = -3.48286443545175E+00  1.54121778304698E+00  3.70111702259252E+00
DistFromNuc =  2.0045635939E+00
Rho =  7.5049564311E-02
DelSqRho =  1.8000917121E-01
GradDelSqRho =  7.4593109467E-17  3.6255720648E-16 -1.3357370765E-16
HessDelSqRho_EigVals = -1.6463922722E+00  2.7468585081E-02  5.6542339837E-01
HessDelSqRho_EigVec1 = -1.8102395363E-01 -4.5516980310E-01  8.7180891172E-01
HessDelSqRho_EigVec2 = -3.3289842298E-02  8.8878222577E-01  4.5711917654E-01
HessDelSqRho_EigVec3 =  9.8291511058E-01 -5.3727139432E-02  1.7604340339E-01
</CP of DelSqRho>
<Path of -GradDelSqRho>
Starting CP# =      3
Ending CP# =      0
Number of Points =     29
 -2.0075272316E+00  3.3230273515E+00  2.7407084902E+00  4.1792565423E-01 -9.8511696048E-01
 -2.0016902857E+00  3.3452564243E+00  2.7505471067E+00  4.0766141336E-01 -9.9514639090E-01
 -1.9958622328E+00  3.3674857093E+00  2.7603905148E+00  3.9841332949E-01 -1.0251821493E+00
 -1.9900424932E+00  3.3897152208E+00  2.7702383288E+00  3.9015400959E-01 -1.0752590069E+00
 -1.9842302741E+00  3.4119449723E+00  2.7800900420E+00  3.8285128913E-01 -1.1455403867E+00
 -1.9784246388E+00  3.4341749735E+00  2.7899450732E+00  3.7646833726E-01 -1.2362344784E+00
 -1.9726245900E+00  3.4564052269E+00  2.7998028247E+00  3.7096367368E-01 -1.3474222259E+00
 -1.9668291673E+00  3.4786357232E+00  2.8096627491E+00  3.6629121523E-01 -1.4787659456E+00
 -1.9610375551E+00  3.5008664350E+00  2.8195244263E+00  3.6240055956E-01 -1.6290719312E+00
 -1.9552492042E+00  3.5230973090E+00  2.8293876528E+00  3.5923783435E-01 -1.7957151134E+00
 -1.9494639760E+00  3.5453282533E+00  2.8392525527E+00  3.5674757795E-01 -1.9740238373E+00
 -1.9436823266E+00  3.5675591197E+00  2.8491197258E+00  3.5487622769E-01 -2.1568893426E+00
 -1.9379055441E+00  3.5897896788E+00  2.8589904411E+00  3.5357777803E-01 -2.3351004446E+00
 -1.9321359151E+00  3.6120196044E+00  2.8688667654E+00  3.5282188738E-01 -2.4991384850E+00
 -1.9263758999E+00  3.6342485819E+00  2.8787508318E+00  3.5260399635E-01 -2.6432406699E+00
 -1.9206228932E+00  3.6564769524E+00  2.8886403444E+00  3.5295577739E-01 -2.7722233875E+00
 -1.9148593921E+00  3.6787068465E+00  2.8985203129E+00  3.5395259460E-01 -2.9106604024E+00
 -1.9090647479E+00  3.7009406056E+00  2.9083733266E+00  3.5571301959E-01 -3.1125528986E+00
 -1.9032400532E+00  3.7231778981E+00  2.9182006187E+00  3.5838443885E-01 -3.4679633079E+00
 -1.8973966713E+00  3.7454172994E+00  2.9280120351E+00  3.6210960162E-01 -4.1018524857E+00
 -1.8915427446E+00  3.7676578471E+00  2.9378145638E+00  3.6697228594E-01 -5.1602327192E+00
 -1.8856825768E+00  3.7898990479E+00  2.9476118806E+00  3.7292609145E-01 -6.7802338752E+00
 -1.8798183665E+00  3.8121406544E+00  2.9574058571E+00  3.7971842631E-01 -9.0443133005E+00
 -1.8739512689E+00  3.8343825378E+00  2.9671974755E+00  3.8683036143E-01 -1.1925321900E+01
 -1.8680819027E+00  3.8566246275E+00  2.9769872653E+00  3.9345899706E-01 -1.5238341419E+01
 -1.8622105807E+00  3.8788668833E+00  2.9867755049E+00  3.9856766775E-01 -1.8623790624E+01
 -1.8563373922E+00  3.9011092800E+00  2.9965623044E+00  4.0101611995E-01 -2.1586510919E+01
 -1.8504621355E+00  3.9233517978E+00  3.0063475873E+00  3.9975709897E-01 -2.3599387986E+01
 -1.8451711909E+00  3.9433701270E+00  3.0151522677E+00  3.9483656738E-01 -2.4252197459E+01
</Path of -GradDelSqRho>
<Path of -GradDelSqRho>
Starting CP# =      3
Ending CP# =     20
Number of Points =     17
 -2.0075272316E+00  3.3230273515E+00  2.7407084902E+00  4.1792565423E-01 -9.8511696048E-01
 -2.0133730731E+00  3.3007984708E+00  2.7308747223E+00  4.2922842256E-01 -9.9520755976E-01
 -2.0192281432E+00  3.2785697786E+00  2.7210460200E+00  4.4158666084E-01 -1.0256512182E+00
 -2.0250921532E+00  3.2563412684E+00  2.7112222370E+00  4.5501133032E-01 -1.0767305160E+00
 -2.0309644899E+00  3.2341129389E+00  2.7014030200E+00  4.6950676269E-01 -1.1486717278E+00
 -2.0368442120E+00  3.2118847957E+00  2.6915878015E+00  4.8506997687E-01 -1.2415061725E+00
 -2.0427300434E+00  3.1896568525E+00  2.6817757923E+00  5.0169004926E-01 -1.3549025464E+00
 -2.0486203543E+00  3.1674291331E+00  2.6719659641E+00  5.1934764540E-01 -1.4879755938E+00
 -2.0545131179E+00  3.1452016749E+00  2.6621570173E+00  5.3801484048E-01 -1.6390785433E+00
 -2.0604058270E+00  3.1229745335E+00  2.6523473199E+00  5.5765537233E-01 -1.8055887235E+00
 -2.0662953437E+00  3.1007477918E+00  2.6425348002E+00  5.7822548346E-01 -1.9836969492E+00
 -2.0721776262E+00  3.0785215757E+00  2.6327167526E+00  5.9967551637E-01 -2.1682104756E+00
 -2.0780472041E+00  3.0562960861E+00  2.6228894623E+00  6.2195243019E-01 -2.3523744616E+00
 -2.0838960528E+00  3.0340716701E+00  2.6130473985E+00  6.4500340597E-01 -2.5277040252E+00
 -2.0897107310E+00  3.0118490117E+00  2.6031811568E+00  6.6878069937E-01 -2.6837909936E+00
 -2.0954628166E+00  2.9896298115E+00  2.5932705720E+00  6.9324780902E-01 -2.8079945594E+00
 -2.1027408715E+00  2.9535277807E+00  2.5751805731E+00  7.3471394961E-01 -2.9003853181E+00
</Path of -GradDelSqRho>
<Path of -GradDelSqRho>
Starting CP# =      4
Ending CP# =     15
Number of Points =     40
 -2.3866201968E+00  2.4121315315E+00  2.2207884656E+00  2.2509561200E+01  1.2347221406E+03
 -2.4025506322E+00  2.4282155292E+00  2.2101806416E+00  1.5600218051E+01  1.1529229218E+03
 -2.4184714437E+00  2.4442897795E+00  2.1995436199E+00  1.0915191857E+01  9.8302111931E+02
 -2.4343898910E+00  2.4603616355E+00  2.1888994444E+00  7.7481001835E+00  7.7468714023E+02
 -2.4503026431E+00  2.4764277234E+00  2.1782380622E+00  5.6152244308E+00  5.7388488453E+02
 -2.4662040011E+00  2.4924822714E+00  2.1675423569E+00  4.1797297101E+00  4.0951936830E+02
 -2.4820877242E+00  2.5085189590E+00  2.1567937945E+00  3.2110640156E+00  2.8674286171E+02
 -2.4979474821E+00  2.5245313753E+00  2.1459739078E+00  2.5544185683E+00  1.9839274470E+02
 -2.5137773285E+00  2.5405134993E+00  2.1350658042E+00  2.1064752071E+00  1.3526098947E+02
 -2.5295714107E+00  2.5564594043E+00  2.1240533674E+00  1.7979320731E+00  9.0149029896E+01
 -2.5453225238E+00  2.5723617957E+00  2.1129171889E+00  1.5819798584E+00  5.8164892811E+01
 -2.5610199680E+00  2.5882098401E+00  2.1016288457E+00  1.4269739816E+00  3.5931366752E+01
 -2.5766469128E+00  2.6039864981E+00  2.0901444937E+00  1.3116924922E+00  2.0918457167E+01
 -2.5921765681E+00  2.6196646486E+00  2.0783965029E+00  1.2221203216E+00  1.1122382768E+01
 -2.6075654253E+00  2.6352002500E+00  2.0662800943E+00  1.1491825548E+00  4.9590693937E+00
 -2.6227397917E+00  2.6505187172E+00  2.0536295391E+00  1.0871349047E+00  1.2246902302E+00
 -2.6375656207E+00  2.6654844044E+00  2.0401719558E+00  1.0324572779E+00 -9.4825583658E-01
 -2.6517687222E+00  2.6798199172E+00  2.0254267490E+00  9.8318345496E-01 -2.1523534775E+00
 -2.6646676220E+00  2.6928360394E+00  2.0084607182E+00  9.3881311722E-01 -2.7745788186E+00
 -2.6740409569E+00  2.7022872352E+00  1.9874863617E+00  9.0216823438E-01 -3.0655184235E+00
 -2.6742843707E+00  2.7025123462E+00  1.9629295837E+00  8.8471277205E-01 -3.2092106276E+00
 -2.6664077397E+00  2.6945365477E+00  1.9406788192E+00  8.8616322939E-01 -3.3233756183E+00
 -2.6559559123E+00  2.6839611373E+00  1.9205921307E+00  8.9334319800E-01 -3.4338202384E+00
 -2.6446093449E+00  2.6724827316E+00  1.9015030985E+00  9.0157190583E-01 -3.5418868185E+00
 -2.6327366979E+00  2.6604734692E+00  1.8830707316E+00  9.0972840081E-01 -3.6470565038E+00
 -2.6204275989E+00  2.6480238395E+00  1.8652259725E+00  9.1752638904E-01 -3.7486883447E+00
 -2.6077116531E+00  2.6351637542E+00  1.8479671386E+00  9.2487181773E-01 -3.8461447577E+00
 -2.5946060401E+00  2.6219105858E+00  1.8313075681E+00  9.3171510153E-01 -3.9388128800E+00
 -2.5811255079E+00  2.6082792521E+00  1.8152636616E+00  9.3801910770E-01 -4.0261158363E+00
 -2.5672843547E+00  2.5942842180E+00  1.7998524200E+00  9.4375301859E-01 -4.1075220818E+00
 -2.5530968412E+00  2.5799399100E+00  1.7850909850E+00  9.4889145167E-01 -4.1825537755E+00
 -2.5385773239E+00  2.5652608515E+00  1.7709965451E+00  9.5341447985E-01 -4.2507941778E+00
 -2.5237403411E+00  2.5502617495E+00  1.7575862927E+00  9.5730773160E-01 -4.3118939259E+00
 -2.5086006869E+00  2.5349575689E+00  1.7448773811E+00  9.6056243997E-01 -4.3655760530E+00
 -2.4931734755E+00  2.5193635974E+00  1.7328868784E+00  9.6317542640E-01 -4.4116396528E+00
 -2.4774741982E+00  2.5034955028E+00  1.7216317199E+00  9.6514902158E-01 -4.4499621326E+00
 -2.4615187733E+00  2.4873693817E+00  1.7111286601E+00  9.6649092713E-01 -4.4805000414E+00
 -2.4453235887E+00  2.4710018024E+00  1.7013942254E+00  9.6721402171E-01 -4.5032884983E+00
 -2.4289055416E+00  2.4544098411E+00  1.6924446664E+00  9.6733611516E-01 -4.5184392863E+00
 -2.4027348091E+00  2.4279635380E+00  1.6800211010E+00  9.6637150249E-01 -4.5272861178E+00
</Path of -GradDelSqRho>
<Path of -GradDelSqRho>
Starting CP# =      4
Ending CP# =      1
Number of Points =      7
 -2.3866201968E+00  2.4121315315E+00  2.2207884656E+00  2.2509561200E+01  1.2347221406E+03
 -2.3706680972E+00  2.3960255913E+00  2.2313302238E+00  3.2733135097E+01  9.8435225828E+02
 -2.3546975805E+00  2.3799009970E+00  2.2418154469E+00  4.7965590274E+01 -7.8698707831E+02
 -2.3387189570E+00  2.3637681915E+00  2.2522756646E+00  7.0590646882E+01 -6.3679829060E+03
 -2.3227345055E+00  2.3476294828E+00  2.2627178533E+00  1.0416742046E+02 -2.0560367362E+04
 -2.3067403742E+00  2.3314809696E+00  2.2731300214E+00  1.5453978475E+02 -7.5069015993E+04
 -2.2788863714E+00  2.3033580578E+00  2.2912045242E+00  2.9735816088E+02 -3.3300995822E+06
</Path of -GradDelSqRho>
<Path of -GradDelSqRho>
Starting CP# =      5
Ending CP# =     14
Number of Points =     41
 -2.2491625672E+00  2.2734694202E+00  2.4544871882E+00  2.2485057606E+01  1.2314451714E+03
 -2.2446406958E+00  2.2689218958E+00  2.4786506404E+00  1.5586065717E+01  1.1500671105E+03
 -2.2400982183E+00  2.2643535481E+00  2.5028063041E+00  1.0907214272E+01  9.8066242351E+02
 -2.2355507081E+00  2.2597801147E+00  2.5269600585E+00  7.7436862305E+00  7.7279478548E+02
 -2.2309908737E+00  2.2551942273E+00  2.5511091265E+00  5.6126957531E+00  5.7246920434E+02
 -2.2264064457E+00  2.2505834869E+00  2.5752488016E+00  4.1780306326E+00  4.0853340263E+02
 -2.2217841374E+00  2.2459344668E+00  2.5993739031E+00  3.2095654588E+00  2.8609661609E+02
 -2.2171106884E+00  2.2412337665E+00  2.6234791244E+00  2.5527732865E+00  1.9799553958E+02
 -2.2123739360E+00  2.2364690950E+00  2.6475594113E+00  2.1045147338E+00  1.3504093055E+02
 -2.2075622376E+00  2.2316286865E+00  2.6716097088E+00  1.7955982729E+00  9.0053479360E+01
 -2.2026615387E+00  2.2266983379E+00  2.6956237270E+00  1.5792807927E+00  5.8155135479E+01
 -2.1976512332E+00  2.2216572250E+00  2.7195920656E+00  1.4239550427E+00  3.5978181281E+01
 -2.1924994907E+00  2.2164731800E+00  2.7434998130E+00  1.3084169334E+00  2.0999738246E+01
 -2.1871570947E+00  2.2110964646E+00  2.7673229225E+00  1.2186558319E+00  1.1221932662E+01
 -2.1815475187E+00  2.2054497383E+00  2.7910216196E+00  1.1455917596E+00  5.0656856519E+00
 -2.1755490761E+00  2.1994100160E+00  2.8145269009E+00  1.0834677549E+00  1.3312082402E+00
 -2.1689597658E+00  2.1927731289E+00  2.8377093917E+00  1.0287418936E+00 -8.4593384840E-01
 -2.1614187241E+00  2.1851743050E+00  2.8602944326E+00  9.7940578611E-01 -2.0560776424E+00
 -2.1522018052E+00  2.1758814177E+00  2.8815665604E+00  9.3484435614E-01 -2.6843757258E+00
 -2.1397278027E+00  2.1632950241E+00  2.8990024928E+00  8.9744029270E-01 -2.9789533875E+00
 -2.1229454699E+00  2.1463465655E+00  2.9047741265E+00  8.7831369183E-01 -3.1204429896E+00
 -2.1060547564E+00  2.1292781825E+00  2.8981795014E+00  8.7889544198E-01 -3.2297705315E+00
 -2.0902185951E+00  2.1132715005E+00  2.8873386339E+00  8.8561921545E-01 -3.3354690179E+00
 -2.0749173185E+00  2.0978039025E+00  2.8750296166E+00  8.9346086721E-01 -3.4391159364E+00
 -2.0599742898E+00  2.0826974689E+00  2.8618601224E+00  9.0125395434E-01 -3.5402494060E+00
 -2.0453573093E+00  2.0679197954E+00  2.8479710375E+00  9.0871122045E-01 -3.6382795466E+00
 -2.0310707609E+00  2.0534753508E+00  2.8334040626E+00  9.1574183202E-01 -3.7326167584E+00
 -2.0171271628E+00  2.0393768048E+00  2.8181806695E+00  9.2229914445E-01 -3.8226918804E+00
 -2.0035406708E+00  2.0256384776E+00  2.8023184404E+00  9.2834854426E-01 -3.9079664231E+00
 -1.9903257533E+00  2.0122750054E+00  2.7858342602E+00  9.3386138719E-01 -3.9879410056E+00
 -1.9774969577E+00  1.9993011041E+00  2.7687449556E+00  9.3881412895E-01 -4.0621629371E+00
 -1.9650688755E+00  1.9867315352E+00  2.7510674881E+00  9.4318833605E-01 -4.1302329509E+00
 -1.9530561334E+00  1.9745810957E+00  2.7328190746E+00  9.4697077561E-01 -4.1918109642E+00
 -1.9414733810E+00  1.9628646068E+00  2.7140172927E+00  9.5015345691E-01 -4.2466207452E+00
 -1.9303352752E+00  1.9515968978E+00  2.6946801771E+00  9.5273361055E-01 -4.2944533992E+00
 -1.9196564601E+00  1.9407927857E+00  2.6748263074E+00  9.5471360782E-01 -4.3351696257E+00
 -1.9094515452E+00  1.9304670535E+00  2.6544748866E+00  9.5610082421E-01 -4.3687007314E+00
 -1.8997350811E+00  1.9206344247E+00  2.6336458125E+00  9.5690745110E-01 -4.3950484222E+00
 -1.8905215339E+00  1.9113095374E+00  2.6123597425E+00  9.5715025970E-01 -4.4142834286E+00
 -1.8818252575E+00  1.9025069146E+00  2.5906381526E+00  9.5685032151E-01 -4.4265430491E+00
 -1.8710331272E+00  1.8915807031E+00  2.5609607609E+00  9.5564577284E-01 -4.4323936491E+00
</Path of -GradDelSqRho>
<Path of -GradDelSqRho>
Starting CP# =      5
Ending CP# =      1
Number of Points =      7
 -2.2491625672E+00  2.2734694202E+00  2.4544871882E+00  2.2485057606E+01  1.2314451714E+03
 -2.2536372615E+00  2.2779692698E+00  2.4303060392E+00  3.2691386491E+01  9.8297612075E+02
 -2.2580713856E+00  2.2824281214E+00  2.4061098195E+00  4.7895937898E+01 -7.7744929986E+02
 -2.2624875438E+00  2.2868688177E+00  2.3819069738E+00  7.0478294049E+01 -6.3367661622E+03
 -2.2668908666E+00  2.2912965433E+00  2.3576994147E+00  1.0398710538E+02 -2.0444524772E+04
 -2.2712727204E+00  2.2957025735E+00  2.3334840019E+00  1.5425862586E+02 -7.4675372342E+04
 -2.2788863714E+00  2.3033580578E+00  2.2912045242E+00  2.9735816088E+02 -3.3300995822E+06
</Path of -GradDelSqRho>
<Path of -GradDelSqRho>
Starting CP# =     11
Ending CP# =     21
Number of Points =     18
 -2.9672386968E+00  2.3248749165E+00  2.1854168152E+00  7.6685364146E-01 -2.4467356079E+00
 -2.9728372838E+00  2.3153558727E+00  2.2060531153E+00  7.6280823662E-01 -2.4501824596E+00
 -2.9779538106E+00  2.3050637473E+00  2.2282527458E+00  7.5889529011E-01 -2.4611293314E+00
 -2.9821714229E+00  2.2946568848E+00  2.2505874511E+00  7.5538519271E-01 -2.4789421938E+00
 -2.9854824474E+00  2.2841496452E+00  2.2730276984E+00  7.5225561145E-01 -2.5028478069E+00
 -2.9878786370E+00  2.2735559589E+00  2.2955434933E+00  7.4948133280E-01 -2.5319612651E+00
 -2.9893508062E+00  2.2628893496E+00  2.3181041667E+00  7.4703503059E-01 -2.5653005602E+00
 -2.9898884702E+00  2.2521629525E+00  2.3406780808E+00  7.4488812948E-01 -2.6018042989E+00
 -2.9894794946E+00  2.2413895207E+00  2.3632322403E+00  7.4301177321E-01 -2.6403522899E+00
 -2.9881097728E+00  2.2305814034E+00  2.3857317955E+00  7.4137789942E-01 -2.6797886313E+00
 -2.9857629637E+00  2.2197504660E+00  2.4081394148E+00  7.3996040759E-01 -2.7189468723E+00
 -2.9824203528E+00  2.2089078974E+00  2.4304145034E+00  7.3873638090E-01 -2.7566767785E+00
 -2.9780609407E+00  2.1980638066E+00  2.4525122410E+00  7.3768728104E-01 -2.7918721838E+00
 -2.9726619182E+00  2.1872264206E+00  2.4743824108E+00  7.3679997344E-01 -2.8234993311E+00
 -2.9661997499E+00  2.1764005235E+00  2.4959679618E+00  7.3606735828E-01 -2.8506249812E+00
 -2.9586521214E+00  2.1655843867E+00  2.5172031278E+00  7.3548829553E-01 -2.8724433832E+00
 -2.9500009549E+00  2.1547634039E+00  2.5380104015E+00  7.3506647196E-01 -2.8883009943E+00
 -2.9305708436E+00  2.1340358488E+00  2.5758536915E+00  7.3471916934E-01 -2.9004416590E+00
</Path of -GradDelSqRho>
<Path of -GradDelSqRho>
Starting CP# =     11
Ending CP# =     15
Number of Points =     34
 -2.9672386968E+00  2.3248749165E+00  2.1854168152E+00  7.6685364146E-01 -2.4467356079E+00
 -2.9608602851E+00  2.3342801182E+00  2.1649258312E+00  7.7128195751E-01 -2.4503165458E+00
 -2.9532060159E+00  2.3441609615E+00  2.1432760966E+00  7.7643767806E-01 -2.4622606678E+00
 -2.9446837502E+00  2.3538675208E+00  2.1218732156E+00  7.8204368049E-01 -2.4828480919E+00
 -2.9353034177E+00  2.3633833692E+00  2.1007453354E+00  7.8809971337E-01 -2.5122070082E+00
 -2.9250763678E+00  2.3726917167E+00  2.0799200816E+00  7.9459949314E-01 -2.5503324599E+00
 -2.9140156212E+00  2.3817754576E+00  2.0594243637E+00  8.0153034469E-01 -2.5970911683E+00
 -2.9021360695E+00  2.3906172135E+00  2.0392841434E+00  8.0887290041E-01 -2.6522276568E+00
 -2.8894546129E+00  2.3991993684E+00  2.0195241776E+00  8.1660086969E-01 -2.7153712179E+00
 -2.8759902285E+00  2.4075040879E+00  2.0001677515E+00  8.2468089502E-01 -2.7860433460E+00
 -2.8617639635E+00  2.4155133096E+00  1.9812364165E+00  8.3307251435E-01 -2.8636653636E+00
 -2.8467988538E+00  2.4232086942E+00  1.9627497497E+00  8.4172825112E-01 -2.9475660913E+00
 -2.8311197720E+00  2.4305715235E+00  1.9447251499E+00  8.5059385478E-01 -3.0369895426E+00
 -2.8147532152E+00  2.4375825304E+00  1.9271776851E+00  8.5960871195E-01 -3.1311027457E+00
 -2.7977270481E+00  2.4442216467E+00  1.9101200002E+00  8.6870644466E-01 -3.2290038916E+00
 -2.7800702254E+00  2.4504676519E+00  1.8935622898E+00  8.7781570413E-01 -3.3297310802E+00
