 AIMInt (Version 19.02.13, Professional)
 Portions Copyright (c) 1997-2019 by Todd A. Keith
 AIMInt is a component of the AIMAll package ( http://aim.tkgristmill.com )

 TP:  64-bit Linux

 Licensed To:  Research Group of Fernando Cortes Guzman, UNAM, fercor@unam.mx

 AIMInt is a heavily modified and extended version of the PROAIMV program
 developed by members of R.F.W. Bader's research group

 Much of the Quantum Theory of Atoms in Molecules (QTAIM) is described in the book:
   "Atoms in Molecules - A Quantum Theory"
   R.F.W. Bader, Oxford University Press, Oxford, 1990

 For additional references see:  http://aim.tkgristmill.com/references.html

 Current Directory:  /home/scratch/M_H2O_4_tetraedrico/Opt

 Inp File:  Sc2_tetraedrico_cc-pvtz-def2-tzv_2_atomicfiles/o4.inp
 Wfx File:  Sc2_tetraedrico_cc-pvtz-def2-tzv_2.wfx
 Out File:  Sc2_tetraedrico_cc-pvtz-def2-tzv_2_atomicfiles/o4.int

 Wfx Title:   Sc2_tetraedrico_cc-pvtz-def2-tzv_2                                            
 Job Title:   Sc2_tetraedrico_cc-pvtz-def2-tzv_2                                            
 
<Atom>
O4      
</Atom>
<Nuclei of Molecule>
    13
Sc1       21.0          -4.3439083500E-06  -4.7607667689E-06   3.1517171717E-08
O2         8.0          -2.2788861588E+00   2.3033578427E+00   2.2912042450E+00
H3         1.0          -3.9304171050E+00   1.8848604612E+00   3.0202629193E+00
O4         8.0           2.3024435460E+00   2.2789156834E+00  -2.2920850223E+00
H5         1.0           3.9499312544E+00   1.8430920094E+00  -3.0201457826E+00
O6         8.0           2.2798280594E+00  -2.3024910818E+00   2.2911393319E+00
H7         1.0           1.8446863204E+00  -3.9500624165E+00   3.0194189570E+00
O8         8.0          -2.3034039102E+00  -2.2798005720E+00  -2.2902575765E+00
H9         1.0          -3.9512177320E+00  -1.8442806255E+00  -3.0177597347E+00
H10        1.0           1.8836667335E+00   3.9304631610E+00  -3.0209487744E+00
H11        1.0           3.9316174191E+00  -1.8833501381E+00   3.0192420983E+00
H12        1.0          -1.8430855053E+00   3.9511674255E+00   3.0185497562E+00
H13        1.0          -1.8849424553E+00  -3.9316448792E+00  -3.0186279255E+00
</Nuclei of Molecule>
<Total Number of CPs of DelSqRho>
    34
</Total Number of CPs of DelSqRho>
<Number of (3,+3) CPs of DelSqRho>
     5
</Number of (3,+3) CPs of DelSqRho>
<Number of (3,+1) CPs of DelSqRho>
    12
</Number of (3,+1) CPs of DelSqRho>
<Number of (3,-1) CPs of DelSqRho>
    11
</Number of (3,-1) CPs of DelSqRho>
<Number of (3,-3) CPs of DelSqRho>
     6
</Number of (3,-3) CPs of DelSqRho>
<Number of Degenerate CPs of DelSqRho>
     0
</Number of Degenerate CPs of DelSqRho>
<CP of DelSqRho>
CP# = 1       
Type = (3,+3)
Coords =  2.30244376101927E+00  2.27891589603900E+00 -2.29208530166867E+00
DistFromNuc =  4.1167894030E-07
Rho =  2.9735816113E+02
DelSqRho = -3.3300995817E+06
GradDelSqRho = -3.0331248126E-06  8.4004987002E-06 -1.1839651052E-05
HessDelSqRho_EigVals =  1.3243064614E+11  1.3243066216E+11  1.3243067203E+11
HessDelSqRho_EigVec1 =  4.4171457934E-01  4.3754726839E-01  7.8322450059E-01
HessDelSqRho_EigVec2 =  5.5677792279E-01  5.5085302135E-01 -6.2173892717E-01
HessDelSqRho_EigVec3 = -7.0348175178E-01  7.1071325919E-01 -2.9684861212E-04
</CP of DelSqRho>
<CP of DelSqRho>
CP# = 2       
Type = (3,-1)
Coords =  1.33144524610109E+00  1.31782315665751E+00 -1.23985411063994E+00
DistFromNuc =  1.7244496035E+00
Rho =  8.3279355729E-02
DelSqRho =  2.7367824827E-01
GradDelSqRho =  5.1328993139E-13  5.0596679624E-13 -1.3327186577E-12
HessDelSqRho_EigVals = -2.9742159923E-01 -2.5589438274E-01  2.4818837578E+00
HessDelSqRho_EigVec1 = -4.1488094433E-01 -4.1093750944E-01 -8.1179071525E-01
HessDelSqRho_EigVec2 = -7.0354638238E-01  7.1064932011E-01 -1.7796974098E-04
HessDelSqRho_EigVec3 =  5.7697165430E-01  5.7105858471E-01 -5.8394845917E-01
</CP of DelSqRho>
<CP of DelSqRho>
CP# = 3       
Type = (3,+1)
Coords =  2.41124997971747E+00  2.38664663068619E+00 -2.22171513953360E+00
DistFromNuc =  1.6851325592E-01
Rho =  2.2509562767E+01
DelSqRho =  1.2347223973E+03
GradDelSqRho = -1.5091927708E-11 -2.2737367544E-11 -1.2548184714E-11
HessDelSqRho_EigVals = -4.0944667767E+05  1.7039890282E+03  3.3381902945E+03
HessDelSqRho_EigVec1 =  6.4395567597E-01  6.3759320925E-01  4.2284274489E-01
HessDelSqRho_EigVec2 = -3.0068975155E-01 -2.9729065954E-01  9.0620303302E-01
HessDelSqRho_EigVec3 =  7.0349609857E-01 -7.1069906660E-01  2.7573605680E-04
</CP of DelSqRho>
<CP of DelSqRho>
CP# = 4       
Type = (3,+1)
Coords =  2.27248412942001E+00  2.24919455203197E+00 -2.45535541557983E+00
DistFromNuc =  1.6863609818E-01
Rho =  2.2485054742E+01
DelSqRho =  1.2314448856E+03
GradDelSqRho = -4.2064129957E-12  1.6697754290E-12  1.2306600183E-11
HessDelSqRho_EigVals = -4.0655451220E+05  1.8922192431E+03  3.4734402233E+03
HessDelSqRho_EigVec1 =  1.8145932948E-01  1.8000709356E-01  9.6678330458E-01
HessDelSqRho_EigVec2 =  6.8713874392E-01  6.8008116028E-01 -2.5559726530E-01
HessDelSqRho_EigVec3 = -7.0350043237E-01  7.1069477393E-01 -2.8277683143E-04
</CP of DelSqRho>
<CP of DelSqRho>
CP# = 5       
Type = (3,-1)
Coords =  2.39958810470682E+00  2.37503589040062E+00 -2.39166866056365E+00
DistFromNuc =  1.6909482690E-01
Rho =  2.2283128891E+01
DelSqRho =  1.2433124686E+03
GradDelSqRho =  5.4853899201E-12  9.3649532573E-12  1.7905676941E-12
HessDelSqRho_EigVals = -3.9989076707E+05 -1.2355059701E+03  2.0562057111E+03
HessDelSqRho_EigVec1 = -5.7480715926E-01 -5.6874652602E-01  5.8832314148E-01
HessDelSqRho_EigVec2 =  4.1796049628E-01  4.1404495180E-01  8.0862587235E-01
HessDelSqRho_EigVec3 = -7.0349538251E-01  7.1069977278E-01 -2.8242227738E-04
</CP of DelSqRho>
<CP of DelSqRho>
CP# = 6       
Type = (3,-1)
Coords =  2.21197403716994E+00  2.18938627777856E+00 -2.18447695496436E+00
DistFromNuc =  1.6667256121E-01
Rho =  2.2816760597E+01
DelSqRho =  1.2979740475E+03
GradDelSqRho = -4.5474735089E-12 -4.9737991503E-12  8.9244167611E-12
HessDelSqRho_EigVals = -4.5816621718E+05 -3.2922413082E+03  3.9714078483E+02
HessDelSqRho_EigVec1 = -5.4267629893E-01 -5.3703616970E-01  6.4582860498E-01
HessDelSqRho_EigVec2 =  4.5883777055E-01  4.5449151796E-01  7.6348239038E-01
HessDelSqRho_EigVec3 = -7.0354128158E-01  7.1065435518E-01 -2.2929605473E-04
</CP of DelSqRho>
<CP of DelSqRho>
CP# = 7       
Type = (3,-3)
Coords =  2.31326339469020E+00  2.13326645666032E+00 -2.21125232800169E+00
DistFromNuc =  1.6692720220E-01
Rho =  2.2724851189E+01
DelSqRho =  1.2993629324E+03
GradDelSqRho =  5.5422333389E-13 -4.7919002100E-11  2.0008883439E-11
HessDelSqRho_EigVals = -4.5255638655E+05 -3.6445382384E+03 -6.7429764587E+02
HessDelSqRho_EigVec1 = -6.1335446354E-02  8.7170500185E-01 -4.8617728532E-01
HessDelSqRho_EigVec2 =  4.5020167480E-01  4.5889243677E-01  7.6598706483E-01
HessDelSqRho_EigVec3 =  8.9081783493E-01 -1.7189566958E-01 -4.2058942421E-01
</CP of DelSqRho>
<CP of DelSqRho>
CP# = 8       
Type = (3,-3)
Coords =  2.15687919059393E+00  2.29125581538733E+00 -2.21131727664954E+00
DistFromNuc =  1.6692719724E-01
Rho =  2.2724847414E+01
DelSqRho =  1.2993639443E+03
GradDelSqRho =  3.1832314562E-12 -4.8885340220E-12 -1.3073986338E-12
HessDelSqRho_EigVals = -4.5255663076E+05 -3.6446130515E+03 -6.7446337003E+02
HessDelSqRho_EigVec1 =  8.7123300048E-01 -7.0435487589E-02 -4.8578997618E-01
HessDelSqRho_EigVec2 =  4.6315091877E-01  4.4581004354E-01  7.6599257928E-01
HessDelSqRho_EigVec3 = -1.6261698962E-01  8.9235208699E-01 -4.2102668267E-01
</CP of DelSqRho>
<CP of DelSqRho>
CP# = 9       
Type = (3,+1)
Coords =  2.99094062270027E+00  2.29353684989129E+00 -2.18604798415122E+00
DistFromNuc =  6.9676815121E-01
Rho =  7.6684828241E-01
DelSqRho = -2.4466874930E+00
GradDelSqRho = -1.7763568394E-14 -5.1070259133E-15  5.7731597281E-15
HessDelSqRho_EigVals = -1.2828951288E+01  1.2913325240E+01  1.7800263845E+02
HessDelSqRho_EigVec1 = -2.5195550175E-01  4.0740857832E-01  8.7780218469E-01
HessDelSqRho_EigVec2 =  3.6582364378E-02  9.1042653236E-01 -4.1205006953E-01
HessDelSqRho_EigVec3 =  9.6704713213E-01  7.1706202642E-02  2.4429094283E-01
</CP of DelSqRho>
<CP of DelSqRho>
CP# = 10      
Type = (3,-1)
Coords =  1.69873411478458E+00  2.63900245960898E+00 -2.15207391780153E+00
DistFromNuc =  7.1675007723E-01
Rho =  6.6945418778E-01
DelSqRho = -1.0079543342E+00
GradDelSqRho =  1.5099033135E-14  2.6645352591E-15  1.3322676296E-15
HessDelSqRho_EigVals = -1.5585988136E+01 -1.1735785752E+01  1.4388933859E+02
HessDelSqRho_EigVec1 = -2.7242436310E-01 -7.5953845724E-01  5.9066597868E-01
HessDelSqRho_EigVec2 =  4.4687871874E-01  4.4377824672E-01  7.7676269122E-01
HessDelSqRho_EigVec3 =  8.5210584854E-01 -4.7556513719E-01 -2.1852556639E-01
</CP of DelSqRho>
<CP of DelSqRho>
CP# = 11      
Type = (3,+1)
Coords =  2.32401851325837E+00  2.96726724373206E+00 -2.18630106901100E+00
DistFromNuc =  6.9676652808E-01
Rho =  7.6685280774E-01
DelSqRho = -2.4467306827E+00
GradDelSqRho =  2.4424906542E-15  0.0000000000E+00 -1.5543122345E-15
HessDelSqRho_EigVals = -1.2828918598E+01  1.2913505624E+01  1.7800549815E+02
HessDelSqRho_EigVec1 =  4.0449122350E-01 -2.5574805435E-01  8.7805454432E-01
HessDelSqRho_EigVec2 =  9.1090926297E-01  2.7176291432E-02 -4.1171077691E-01
HessDelSqRho_EigVec3 =  8.1431963962E-02  9.6636141370E-01  2.4395584307E-01
</CP of DelSqRho>
<CP of DelSqRho>
CP# = 12      
Type = (3,-1)
Coords =  2.65633227534229E+00  1.67163360615228E+00 -2.15171021073690E+00
DistFromNuc =  7.1675228758E-01
Rho =  6.6945115867E-01
DelSqRho = -1.0079328901E+00
GradDelSqRho =  2.3092638912E-14 -3.6415315208E-14  1.3322676296E-15
HessDelSqRho_EigVals = -1.5586216504E+01 -1.1735783264E+01  1.4388713942E+02
HessDelSqRho_EigVec1 = -7.6248232798E-01 -2.6447197148E-01  5.9048732063E-01
HessDelSqRho_EigVec2 =  4.4800692888E-01  4.4264837196E-01  7.7675749786E-01
HessDelSqRho_EigVec3 = -4.6680883796E-01  8.5680627630E-01 -2.1902628541E-01
</CP of DelSqRho>
<CP of DelSqRho>
CP# = 13      
Type = (3,+3)
Coords =  2.42731514696817E+00  2.40275640514765E+00 -1.68095481553191E+00
DistFromNuc =  6.3593204884E-01
Rho =  9.6637232683E-01
DelSqRho = -4.5272940829E+00
GradDelSqRho =  1.1546319456E-14  5.3290705182E-15  4.2632564146E-14
HessDelSqRho_EigVals =  1.1246484667E+01  2.4248524225E+01  3.4814705868E+02
HessDelSqRho_EigVec1 =  6.7990323993E-01  6.7293769439E-01 -2.9135278239E-01
HessDelSqRho_EigVec2 = -7.0351441002E-01  7.1068094368E-01 -2.6679347339E-04
HessDelSqRho_EigVec3 =  2.0687933495E-01  2.0515227456E-01  9.5661564121E-01
</CP of DelSqRho>
<CP of DelSqRho>
CP# = 14      
Type = (3,+3)
Coords =  1.89054200802208E+00  1.87107296991138E+00 -2.56166777710904E+00
DistFromNuc =  6.3927569766E-01
Rho =  9.5564522966E-01
DelSqRho = -4.4323928755E+00
GradDelSqRho = -5.0395243534E-12 -4.9666937230E-12 -4.4995118742E-12
HessDelSqRho_EigVals =  1.0272477433E+01  2.3852458083E+01  3.3184913904E+02
HessDelSqRho_EigVec1 = -3.1190040534E-01 -3.0841520401E-01  8.9866467555E-01
HessDelSqRho_EigVec2 = -7.0350824827E-01  7.1068704406E-01 -2.6463498177E-04
HessDelSqRho_EigVec3 =  6.3858772441E-01  6.3230055143E-01  4.3863621702E-01
</CP of DelSqRho>
<CP of DelSqRho>
CP# = 15      
Type = (3,-1)
Coords =  2.70013305918576E+00  2.67240462972751E+00 -2.75300223044667E+00
DistFromNuc =  7.2486907267E-01
Rho =  6.6885699088E-01
DelSqRho = -1.0596136696E+00
GradDelSqRho =  3.0109248428E-13  3.0464519796E-13 -5.2935433814E-13
HessDelSqRho_EigVals = -1.8437523289E+01 -4.9623722604E+00  1.3377794848E+02
HessDelSqRho_EigVec1 = -7.0350300164E-01  7.1069223440E-01 -2.7321798485E-04
HessDelSqRho_EigVec2 =  4.5117978231E-01  4.4691269687E-01  7.7246737498E-01
HessDelSqRho_EigVec3 = -5.4910866931E-01 -5.4330984654E-01  6.3505439133E-01
</CP of DelSqRho>
<CP of DelSqRho>
CP# = 16      
Type = (3,+1)
Coords =  2.61407985269847E+00  1.93104862491528E+00 -2.80887068719897E+00
DistFromNuc =  6.9656019223E-01
Rho =  7.6656488991E-01
DelSqRho = -2.4256721202E+00
GradDelSqRho =  1.7763568394E-14 -7.1054273576E-15 -2.9309887850E-14
HessDelSqRho_EigVals = -1.2739250113E+01  1.2620225728E+01  1.7749135683E+02
HessDelSqRho_EigVec1 =  9.3414507431E-01  2.5266545958E-01  2.5205782208E-01
HessDelSqRho_EigVec2 = -6.5039096927E-02  8.1494804386E-01 -5.7587290411E-01
HessDelSqRho_EigVec3 = -3.5091722102E-01  5.2155522368E-01  7.7771283431E-01
</CP of DelSqRho>
<CP of DelSqRho>
CP# = 17      
Type = (3,+1)
Coords =  1.95795563534703E+00  2.59386534806851E+00 -2.80912306060275E+00
DistFromNuc =  6.9655835717E-01
Rho =  7.6656916153E-01
DelSqRho = -2.4257047348E+00
GradDelSqRho = -3.4638958368E-14  2.4868995752E-14 -4.2632564146E-14
HessDelSqRho_EigVals = -1.2739323715E+01  1.2620272293E+01  1.7749446271E+02
HessDelSqRho_EigVec1 =  2.6204439490E-01  9.3162940682E-01  2.5179234193E-01
HessDelSqRho_EigVec2 =  8.1446194172E-01 -7.3536866298E-02 -5.7553807414E-01
HessDelSqRho_EigVec3 =  5.1767217483E-01 -3.5589180610E-01  7.7804661927E-01
</CP of DelSqRho>
<CP of DelSqRho>
CP# = 18      
Type = (3,+1)
Coords =  1.94144560536584E+00  1.92172177729736E+00 -1.86888919429121E+00
DistFromNuc =  6.6106104753E-01
Rho =  8.7264514211E-01
DelSqRho = -3.5620565440E+00
GradDelSqRho =  0.0000000000E+00  7.1054273576E-15 -1.0658141036E-14
HessDelSqRho_EigVals = -7.0986114062E+00  1.9430585303E+01  2.6215360842E+02
HessDelSqRho_EigVec1 =  4.5677525573E-01  4.5244878709E-01  7.6592849589E-01
HessDelSqRho_EigVec2 =  7.0350784829E-01 -7.1068743901E-01  2.6724749189E-04
HessDelSqRho_EigVec3 = -5.4445667701E-01 -5.3871463605E-01  6.4292570937E-01
</CP of DelSqRho>
<CP of DelSqRho>
CP# = 19      
Type = (3,+3)
Coords =  2.13301192121011E+00  2.93060624067190E+00 -2.57665602133986E+00
DistFromNuc =  7.3101868065E-01
Rho =  7.3471854647E-01
DelSqRho = -2.9004344552E+00
GradDelSqRho =  4.8849813084E-15 -1.7763568394E-15  1.3322676296E-15
HessDelSqRho_EigVals =  1.0943020822E+01  2.1889681149E+01  1.3123923843E+02
HessDelSqRho_EigVec1 =  4.4913215139E-01  4.5223105152E-01  7.7056303222E-01
HessDelSqRho_EigVec2 = -8.6213804398E-01 -7.0152137794E-03  5.0662489072E-01
HessDelSqRho_EigVec3 = -2.3451717146E-01  8.9187323248E-01 -3.8673483613E-01
</CP of DelSqRho>
<CP of DelSqRho>
CP# = 20      
Type = (3,+3)
Coords =  2.95248853991822E+00  2.10276178178144E+00 -2.57634174246141E+00
DistFromNuc =  7.3102022821E-01
Rho =  7.3471407671E-01
DelSqRho = -2.9003855711E+00
GradDelSqRho =  6.3584693066E-12 -1.1484146967E-12 -2.0525803279E-12
HessDelSqRho_EigVals =  1.0942915269E+01  2.1889526032E+01  1.3123728784E+02
HessDelSqRho_EigVec1 =  4.5647840539E-01  4.4481197182E-01  7.7056458207E-01
HessDelSqRho_EigVec2 =  1.5962044309E-02  8.6182772941E-01 -5.0694987716E-01
HessDelSqRho_EigVec3 =  8.8959129861E-01 -2.4371145754E-01 -3.8630563924E-01
</CP of DelSqRho>
<CP of DelSqRho>
CP# = 21      
Type = (3,-3)
Coords =  2.69208995908855E+00  2.66422473889085E+00 -3.32051852433488E+00
DistFromNuc =  1.1653166366E+00
Rho =  2.5018657022E-01
DelSqRho =  8.4673802341E-01
GradDelSqRho = -5.0334736379E-13 -4.9460435747E-13  2.2848944958E-12
HessDelSqRho_EigVals = -1.7279332473E+01 -3.0488334311E+00 -1.8541176860E-01
HessDelSqRho_EigVec1 = -3.3222652537E-01 -3.2852558580E-01  8.8413600499E-01
HessDelSqRho_EigVec2 = -7.0350232170E-01  7.1069290757E-01 -2.7295364330E-04
HessDelSqRho_EigVec3 =  6.2825951581E-01  6.2208241465E-01  4.6722954763E-01
</CP of DelSqRho>
<CP of DelSqRho>
CP# = 22      
Type = (3,-1)
Coords =  2.44799400857188E+00  1.42963931215770E+00 -3.11390617545188E+00
DistFromNuc =  1.1907330933E+00
Rho =  2.4459680114E-01
DelSqRho =  7.0815317546E-01
GradDelSqRho = -2.4633073359E-16  9.7144514655E-17  1.0824674490E-15
HessDelSqRho_EigVals = -1.6855503287E+01 -1.3305741253E+00  3.1909278261E-01
HessDelSqRho_EigVec1 = -1.0395808266E-01  7.2314951904E-01  6.8282317635E-01
HessDelSqRho_EigVec2 =  9.7441447897E-01  2.1160791013E-01 -7.5752990336E-02
HessDelSqRho_EigVec3 =  1.9927152386E-01 -6.5747765398E-01  7.2664571443E-01
</CP of DelSqRho>
<CP of DelSqRho>
CP# = 23      
Type = (3,-1)
Coords =  1.45501668847935E+00  2.43276086389268E+00 -3.11430192724760E+00
DistFromNuc =  1.1907313959E+00
Rho =  2.4459629102E-01
DelSqRho =  7.0816576906E-01
GradDelSqRho = -2.3037127761E-15  6.5225602697E-16 -1.3739009930E-15
HessDelSqRho_EigVals = -1.6855825130E+01 -1.3305661317E+00  3.1905536389E-01
HessDelSqRho_EigVec1 =  7.2178545069E-01 -1.1102775437E-01  6.8315342416E-01
HessDelSqRho_EigVec2 =  2.2151207194E-01  9.7218873039E-01 -7.6036007843E-02
HessDelSqRho_EigVec3 = -6.5571195289E-01  2.0620841463E-01  7.2630566883E-01
</CP of DelSqRho>
<CP of DelSqRho>
CP# = 24      
Type = (3,-3)
Coords =  3.08893760760521E+00  3.05731289589858E+00 -2.65590063843518E+00
DistFromNuc =  1.1648334353E+00
Rho =  2.5003745292E-01
DelSqRho =  8.4804513232E-01
GradDelSqRho = -5.7795157549E-12 -5.7219784466E-12  1.0210235435E-12
HessDelSqRho_EigVals = -1.7253057802E+01 -3.0422614666E+00 -2.0031329731E-01
HessDelSqRho_EigVec1 =  6.7594318970E-01  6.6898656807E-01 -3.0912420811E-01
HessDelSqRho_EigVec2 = -7.0350243059E-01  7.1069280056E-01 -2.7089208468E-04
HessDelSqRho_EigVec3 =  2.1951112601E-01  2.1765273942E-01  9.5102163518E-01
</CP of DelSqRho>
<CP of DelSqRho>
CP# = 25      
Type = (3,-3)
Coords =  1.33605636260619E+00  2.82482897324218E+00 -2.02951729045554E+00
DistFromNuc =  1.1405557076E+00
Rho =  2.4627680064E-01
DelSqRho =  8.3730222912E-01
GradDelSqRho =  3.7192471325E-15 -9.4368957093E-16 -1.3600232052E-15
HessDelSqRho_EigVals = -1.7619875252E+01 -1.7879686782E+00 -5.2040192085E-01
HessDelSqRho_EigVec1 =  8.5753419691E-01 -4.4798648531E-01 -2.5286994702E-01
HessDelSqRho_EigVec2 =  2.3012081730E-01  7.7369214668E-01 -5.9029219173E-01
HessDelSqRho_EigVec3 =  4.6008641642E-01  4.4800510170E-01  7.6655848980E-01
</CP of DelSqRho>
<CP of DelSqRho>
CP# = 26      
Type = (3,+1)
Coords =  3.32191406060120E+00  2.00754224549731E+00 -2.74203159677936E+00
DistFromNuc =  1.1469156868E+00
Rho =  4.1792565513E-01
DelSqRho = -9.8511652838E-01
GradDelSqRho = -1.2767564783E-15 -1.5543122345E-15 -3.0669911055E-15
HessDelSqRho_EigVals = -3.2175425318E+01  1.5140419089E+01  1.6014145208E+01
HessDelSqRho_EigVec1 =  8.8898474446E-01 -2.3366712611E-01 -3.9383473474E-01
HessDelSqRho_EigVec2 =  4.5792494488E-01  4.5979367828E-01  7.6085118011E-01
HessDelSqRho_EigVec3 = -3.2968126615E-03  8.5673184112E-01 -5.1575157143E-01
</CP of DelSqRho>
<CP of DelSqRho>
CP# = 27      
Type = (3,+1)
Coords =  1.46619715731943E+00  1.45119844337418E+00 -1.95046180371025E+00
DistFromNuc =  1.2252062176E+00
Rho =  2.4174481115E-01
DelSqRho =  5.0673221679E-01
GradDelSqRho =  4.3492986990E-14  4.5421999495E-14 -1.5428630595E-14
HessDelSqRho_EigVals = -1.3025271864E+01  1.3543008236E-01  5.4523351029E-01
HessDelSqRho_EigVec1 =  6.8158182995E-01  6.7463098852E-01 -2.8340648969E-01
HessDelSqRho_EigVec2 =  2.0122618539E-01  1.9956786505E-01  9.5899983814E-01
HessDelSqRho_EigVec3 = -7.0352983689E-01  7.1066567144E-01 -2.6841029744E-04
</CP of DelSqRho>
<CP of DelSqRho>
CP# = 28      
Type = (3,-1)
Coords =  2.33412716045150E+00  3.28723945326642E+00 -1.66028946194916E+00
DistFromNuc =  1.1903303350E+00
Rho =  2.4396422795E-01
DelSqRho =  7.1418069894E-01
GradDelSqRho =  2.2190582705E-14 -2.0303203563E-13 -1.5987905444E-13
HessDelSqRho_EigVals = -1.7058829908E+01 -1.2187285523E+00  2.9680328705E-01
HessDelSqRho_EigVec1 =  2.3396774285E-02  8.3565573162E-01  5.4875503566E-01
HessDelSqRho_EigVec2 =  2.2881489104E-01 -5.3881088365E-01  8.1075679294E-01
HessDelSqRho_EigVec3 =  9.7318874664E-01  1.0659423001E-01 -2.0381691180E-01
</CP of DelSqRho>
<CP of DelSqRho>
CP# = 29      
Type = (3,-3)
Coords =  2.83841799992388E+00  1.30713315043476E+00 -2.02894651832634E+00
DistFromNuc =  1.1405576613E+00
Rho =  2.4627834528E-01
DelSqRho =  8.3729712977E-01
GradDelSqRho =  6.8001160258E-16 -1.3877787808E-16  3.7470027081E-16
HessDelSqRho_EigVals = -1.7619608503E+01 -1.7881021647E+00 -5.2043983609E-01
HessDelSqRho_EigVec1 = -4.3916083652E-01  8.6194262323E-01 -2.5336273193E-01
HessDelSqRho_EigVec2 = -7.7620922740E-01 -2.2202697406E-01  5.9008750037E-01
HessDelSqRho_EigVec3 =  4.5236820729E-01  4.5580581069E-01  7.6655336930E-01
</CP of DelSqRho>
<CP of DelSqRho>
CP# = 30      
Type = (3,+1)
Coords =  2.04161844933131E+00  3.30091771462253E+00 -2.74252853940891E+00
DistFromNuc =  1.1469164072E+00
Rho =  4.1792588875E-01
DelSqRho = -9.8512477959E-01
GradDelSqRho = -2.4313884239E-14  6.2033711501E-14 -2.2676305278E-14
HessDelSqRho_EigVals = -3.2175618293E+01  1.5140516491E+01  1.6014222546E+01
HessDelSqRho_EigVec1 = -2.2446782563E-01  8.9116022860E-01 -3.9426849002E-01
HessDelSqRho_EigVec2 =  4.6412542570E-01  4.5352459046E-01  7.6085677697E-01
HessDelSqRho_EigVec3 =  8.5685575477E-01 -1.2202164428E-02 -5.1541179915E-01
</CP of DelSqRho>
<CP of DelSqRho>
CP# = 31      
Type = (3,-1)
Coords =  2.92830587786595E+00  2.89815238476107E+00 -3.05748719539498E+00
DistFromNuc =  1.1666182912E+00
Rho =  2.5294097895E-01
DelSqRho =  8.4169899067E-01
GradDelSqRho =  9.1593399532E-16  2.0261570199E-15 -1.2212453271E-15
HessDelSqRho_EigVals = -1.6423444723E+01 -4.3263751037E+00  1.2420090692E-01
HessDelSqRho_EigVec1 = -5.3666661524E-01 -5.3098610212E-01  6.5577641269E-01
HessDelSqRho_EigVec2 =  7.0350322707E-01 -7.1069201128E-01  2.7313395896E-04
HessDelSqRho_EigVec3 =  4.6591002735E-01  4.6148740444E-01  7.5495511254E-01
</CP of DelSqRho>
<CP of DelSqRho>
CP# = 32      
Type = (3,-1)
Coords =  3.31079728285998E+00  2.30056432759080E+00 -1.65991291517418E+00
DistFromNuc =  1.1903308344E+00
Rho =  2.4396475031E-01
DelSqRho =  7.1417388464E-01
GradDelSqRho =  4.1633363423E-17  5.0133508456E-16 -9.0205620751E-16
HessDelSqRho_EigVals = -1.7058620049E+01 -1.2187752775E+00  2.9682306605E-01
HessDelSqRho_EigVec1 =  8.3564155913E-01  1.5088392771E-02  5.4906786926E-01
HessDelSqRho_EigVec2 = -5.3676350760E-01  2.3457350563E-01  8.1046912795E-01
HessDelSqRho_EigVec3 =  1.1656809839E-01  9.7198128113E-01 -2.0411826860E-01
</CP of DelSqRho>
<CP of DelSqRho>
CP# = 33      
Type = (3,+1)
Coords =  1.53975801998884E+00  3.48292560548807E+00 -3.70167767050999E+00
DistFromNuc =  2.0045649249E+00
Rho =  7.5049488972E-02
DelSqRho =  1.8000893183E-01
GradDelSqRho =  9.5149582657E-16 -9.5756735874E-16  1.6688039839E-15
HessDelSqRho_EigVals = -1.6463959060E+00  2.7466460607E-02  5.6541935118E-01
HessDelSqRho_EigVec1 =  4.5550820439E-01 -1.8104201076E-01  8.7162839907E-01
HessDelSqRho_EigVec2 =  8.8860491076E-01  3.3303070468E-02 -4.5746280513E-01
HessDelSqRho_EigVec3 =  5.3792084091E-02  9.8291133671E-01  1.7604464164E-01
</CP of DelSqRho>
<CP of DelSqRho>
CP# = 34      
Type = (3,+1)
Coords =  3.49917829137936E+00  1.50340435384867E+00 -3.70088245730381E+00
DistFromNuc =  2.0045702995E+00
Rho =  7.5049168628E-02
DelSqRho =  1.8000593698E-01
GradDelSqRho = -1.5541387621E-14  1.4720863417E-14 -1.4294121442E-15
HessDelSqRho_EigVals = -1.6463209983E+00  2.7472125782E-02  5.6542842096E-01
HessDelSqRho_EigVec1 = -1.7675094625E-01  4.5773313629E-01  8.7134349079E-01
HessDelSqRho_EigVec2 =  4.2449251080E-02  8.8800309467E-01 -4.5787396186E-01
HessDelSqRho_EigVec3 =  9.8333980092E-01  4.3941777405E-02  1.7638581609E-01
</CP of DelSqRho>
<Path of -GradDelSqRho>
Starting CP# =      3
Ending CP# =     13
Number of Points =     40
  2.4112499797E+00  2.3866466307E+00 -2.2217151395E+00  2.2509562767E+01  1.2347223973E+03
  2.4273389045E+00  2.4025766074E+00 -2.2111141006E+00  1.5600218869E+01  1.1529231476E+03
  2.4434180943E+00  2.4184969600E+00 -2.2004838598E+00  1.0915192223E+01  9.8302130741E+02
  2.4594948928E+00  2.4344149485E+00 -2.1898464641E+00  7.7481002853E+00  7.7468729264E+02
  2.4755659305E+00  2.4503272416E+00 -2.1791918592E+00  5.6152243892E+00  5.7388500126E+02
  2.4916254428E+00  2.4662281404E+00 -2.1685029261E+00  4.1797296019E+00  4.0951945341E+02
  2.5076671171E+00  2.4821114041E+00 -2.1577611281E+00  3.2110638875E+00  2.8674292200E+02
  2.5236845505E+00  2.4979707020E+00 -2.1469479953E+00  2.5544184470E+00  1.9839278672E+02
  2.5396717288E+00  2.5138000880E+00 -2.1360466322E+00  2.1064751072E+00  1.3526101823E+02
  2.5556227325E+00  2.5295937092E+00 -2.1250409202E+00  1.7979320010E+00  9.0149048938E+01
  2.5715302750E+00  2.5453443605E+00 -2.1139114476E+00  1.5819798157E+00  5.8164904714E+01
  2.5873835350E+00  2.5610413421E+00 -2.1026297867E+00  1.4269739669E+00  3.5931373480E+01
  2.6031654916E+00  2.5766678232E+00 -2.0911520860E+00  1.3116925025E+00  2.0918460258E+01
  2.6188490525E+00  2.5921970135E+00 -2.0794107038E+00  1.2221203531E+00  1.1122383414E+01
  2.6343902202E+00  2.6075854035E+00 -2.0673008422E+00  1.1491826039E+00  4.9590684850E+00
  2.6497144797E+00  2.6227593004E+00 -2.0546567404E+00  1.0871349683E+00  1.2246884013E+00
  2.6646862997E+00  2.6375846562E+00 -2.0412054589E+00  1.0324573544E+00 -9.4825815806E-01
  2.6790284869E+00  2.6517872800E+00 -2.0264662838E+00  9.8318354516E-01 -2.1523560260E+00
  2.6920522112E+00  2.6646856981E+00 -2.0095057220E+00  9.3881322945E-01 -2.7745814665E+00
  2.7015126535E+00  2.6740585662E+00 -1.9885353267E+00  9.0216840045E-01 -3.0655212119E+00
  2.7017483576E+00  2.6743016655E+00 -1.9639786432E+00  8.8471302414E-01 -3.2092137759E+00
  2.6937819973E+00  2.6664249526E+00 -1.9417245265E+00  8.8616352660E-01 -3.3233792063E+00
  2.6832150294E+00  2.6559731369E+00 -1.9216333892E+00  8.9334353291E-01 -3.4338242692E+00
  2.6717446061E+00  2.6446266204E+00 -1.9025395292E+00  9.0157228152E-01 -3.5418912933E+00
  2.6597430217E+00  2.6327540520E+00 -1.8841021114E+00  9.0972881887E-01 -3.6470614202E+00
  2.6473007980E+00  2.6204450565E+00 -1.8662521163E+00  9.1752684950E-01 -3.7486936951E+00
  2.6344478486E+00  2.6077292384E+00 -1.8489878736E+00  9.2487231979E-01 -3.8461505294E+00
  2.6212015407E+00  2.5946237768E+00 -1.8323227286E+00  9.3171564385E-01 -3.9388190550E+00
  2.6075767862E+00  2.5811434188E+00 -1.8162730882E+00  9.3801968852E-01 -4.0261223912E+00
  2.5935880432E+00  2.5673024623E+00 -1.8008559594E+00  9.4375363579E-01 -4.1075289883E+00
  2.5792497318E+00  2.5531151671E+00 -1.7860884897E+00  9.4889210276E-01 -4.1825610004E+00
  2.5645763692E+00  2.5385958887E+00 -1.7719878741E+00  9.5341516201E-01 -4.2508016834E+00
  2.5495826563E+00  2.5237591643E+00 -1.7585713109E+00  9.5730844173E-01 -4.3119016707E+00
  2.5342835519E+00  2.5086197867E+00 -1.7458559596E+00  9.6056317470E-01 -4.3655839921E+00
  2.5186943383E+00  2.4931928684E+00 -1.7338588948E+00  9.6317618211E-01 -4.4116477384E+00
  2.5028306778E+00  2.4774938990E+00 -1.7225970583E+00  9.6514979448E-01 -4.4499703147E+00
  2.4867086626E+00  2.4615387939E+00 -1.7120872115E+00  9.6649171328E-01 -4.4805082686E+00
  2.4703448570E+00  2.4453439383E+00 -1.7023458875E+00  9.6721481703E-01 -4.5032967186E+00
  2.4537563343E+00  2.4289262251E+00 -1.6933893443E+00  9.6733691553E-01 -4.5184474475E+00
  2.4273151470E+00  2.4027564051E+00 -1.6809548155E+00  9.6637232683E-01 -4.5272940829E+00
</Path of -GradDelSqRho>
<Path of -GradDelSqRho>
Starting CP# =      3
Ending CP# =      1
Number of Points =      7
  2.4112499797E+00  2.3866466307E+00 -2.2217151395E+00  2.2509562767E+01  1.2347223973E+03
  2.3951391405E+00  2.3706949894E+00 -2.2322501029E+00  3.2733137900E+01  9.8435238095E+02
  2.3790096711E+00  2.3547249306E+00 -2.2427285230E+00  4.7965595064E+01 -7.8698771911E+02
  2.3628720011E+00  2.3387467649E+00 -2.2531819343E+00  7.0590654695E+01 -6.3679850626E+03
  2.3467284356E+00  2.3227627711E+00 -2.2636173138E+00  1.0416743305E+02 -2.0560375426E+04
  2.3305750782E+00  2.3067690974E+00 -2.2740226684E+00  1.5453980440E+02 -7.5069043320E+04
  2.3024437610E+00  2.2789158960E+00 -2.2920853017E+00  2.9735816113E+02 -3.3300995817E+06
</Path of -GradDelSqRho>
<Path of -GradDelSqRho>
Starting CP# =      4
Ending CP# =      1
Number of Points =      7
  2.2724841294E+00  2.2491945520E+00 -2.4553554156E+00  2.2485054742E+01  1.2314448856E+03
  2.2769944938E+00  2.2536688799E+00 -2.4311761578E+00  3.2691381878E+01  9.8297602857E+02
  2.2814638659E+00  2.2581026385E+00 -2.4069818122E+00  4.7895930443E+01 -7.7744826891E+02
  2.2859150853E+00  2.2625184314E+00 -2.3827808329E+00  7.0478282222E+01 -6.3367628983E+03
  2.2903533357E+00  2.2669213892E+00 -2.3585751349E+00  1.0398708654E+02 -2.0444512727E+04
  2.2947698938E+00  2.2713028784E+00 -2.3343615741E+00  1.5425859654E+02 -7.4675331222E+04
  2.3024437610E+00  2.2789158960E+00 -2.2920853017E+00  2.9735816113E+02 -3.3300995817E+06
</Path of -GradDelSqRho>
<Path of -GradDelSqRho>
Starting CP# =      4
Ending CP# =     14
Number of Points =     41
  2.2724841294E+00  2.2491945520E+00 -2.4553554156E+00  2.2485054742E+01  1.2314448856E+03
  2.2679260970E+00  2.2446730478E+00 -2.4795169565E+00  1.5586063903E+01  1.1500668655E+03
  2.2633472444E+00  2.2401309381E+00 -2.5036707003E+00  1.0907213088E+01  9.8066222361E+02
  2.2587633068E+00  2.2355837958E+00 -2.5278225326E+00  7.7436854171E+00  7.7279462692E+02
  2.2541669169E+00  2.2310243294E+00 -2.5519696734E+00  5.6126951443E+00  5.7246908905E+02
  2.2495456776E+00  2.2264402699E+00 -2.5761074109E+00  4.1780301249E+00  4.0853332691E+02
  2.2448861643E+00  2.2218183309E+00 -2.6002305586E+00  3.2095649913E+00  2.8609657158E+02
  2.2401749783E+00  2.2171452521E+00 -2.6243338045E+00  2.5527728265E+00  1.9799551754E+02
  2.2353998306E+00  2.2124088712E+00 -2.6484120893E+00  2.1045142662E+00  1.3504092392E+02
  2.2305489575E+00  2.2075975458E+00 -2.6724603528E+00  1.7955977935E+00  9.0053482919E+01
  2.2256081580E+00  2.2026972215E+00 -2.6964722995E+00  1.5792803034E+00  5.8155145399E+01
  2.2205566119E+00  2.1976872927E+00 -2.7204385201E+00  1.4239545487E+00  3.5978194742E+01
  2.2153621570E+00  2.1925359295E+00 -2.7443440896E+00  1.3084164414E+00  2.0999753202E+01
  2.2099750643E+00  2.1871939165E+00 -2.7681649405E+00  1.2186553486E+00  1.1221947710E+01
  2.2043180089E+00  2.1815847283E+00 -2.7918612660E+00  1.1455912909E+00  5.0656999138E+00
  2.1982680331E+00  2.1755866807E+00 -2.8153640110E+00  1.0834673059E+00  1.3312212417E+00
  2.1916210198E+00  2.1689977759E+00 -2.8385437157E+00  1.0287414679E+00 -8.4592229921E-01
  2.1840123085E+00  2.1614571562E+00 -2.8611255685E+00  9.7940538470E-01 -2.0560675549E+00
  2.1747100686E+00  2.1522406870E+00 -2.8823938032E+00  9.3484397358E-01 -2.6843669893E+00
  2.1621159193E+00  2.1397671762E+00 -2.8998244890E+00  8.9743988792E-01 -2.9789457385E+00
  2.1451646341E+00  2.1229852890E+00 -2.9055891186E+00  8.7831313554E-01 -3.1204358175E+00
  2.1280987264E+00  2.1060948482E+00 -2.8989873991E+00  8.7889477737E-01 -3.2297634372E+00
  2.1120963826E+00  2.0902588859E+00 -2.8881398390E+00  8.8561851465E-01 -3.3354619866E+00
  2.0966337771E+00  2.0749577771E+00 -2.8758243423E+00  8.9346015500E-01 -3.4391090067E+00
  2.0815327222E+00  2.0600148932E+00 -2.8626485165E+00  9.0125323960E-01 -3.5402426208E+00
  2.0667607513E+00  2.0453980360E+00 -2.8487532370E+00  9.0871050731E-01 -3.6382729482E+00
  2.0523223148E+00  2.0311115897E+00 -2.8341802070E+00  9.1574112323E-01 -3.7326103881E+00
  2.0382300729E+00  2.0171680727E+00 -2.8189509037E+00  9.2229844235E-01 -3.8226857771E+00
  2.0244983384E+00  2.0035816409E+00 -2.8030829155E+00  9.2834785102E-01 -3.9079606231E+00
  2.0111417398E+00  1.9903667630E+00 -2.7865931335E+00  9.3386070480E-01 -3.9879355421E+00
  1.9981749860E+00  1.9775379869E+00 -2.7694983905E+00  9.3881345927E-01 -4.0621578395E+00
  1.9856128304E+00  1.9651099045E+00 -2.7518156543E+00  9.4318768076E-01 -4.1302282443E+00
  1.9734700624E+00  1.9530971431E+00 -2.7335621478E+00  9.4697013623E-01 -4.1918066691E+00
  1.9617614950E+00  1.9415143531E+00 -2.7147554551E+00  9.5015283475E-01 -4.2466168769E+00
  1.9505019488E+00  1.9303761923E+00 -2.6954136170E+00  9.5273300676E-01 -4.2944499680E+00
  1.9397062320E+00  1.9196973062E+00 -2.6755552192E+00  9.5471302334E-01 -4.3351666363E+00
  1.9293891177E+00  1.9094923057E+00 -2.6551994711E+00  9.5610025978E-01 -4.3686981832E+00
  1.9195653194E+00  1.8997757434E+00 -2.6343662766E+00  9.5690690728E-01 -4.3950463089E+00
  1.9102494640E+00  1.8905620879E+00 -2.6130762990E+00  9.5714973686E-01 -4.4142817388E+00
  1.9014560626E+00  1.8818656960E+00 -2.5913510208E+00  9.5684981983E-01 -4.4265417660E+00
  1.8905420080E+00  1.8710729699E+00 -2.5616677771E+00  9.5564522966E-01 -4.4323928755E+00
</Path of -GradDelSqRho>
<Path of -GradDelSqRho>
Starting CP# =      9
Ending CP# =     13
Number of Points =     34
  2.9909406227E+00  2.2935368499E+00 -2.1860479842E+00  7.6684828241E-01 -2.4466874930E+00
  2.9846500855E+00  2.3030230342E+00 -2.1655669703E+00  7.7127665142E-01 -2.4502684954E+00
  2.9770881827E+00  2.3129986468E+00 -2.1439282390E+00  7.7643240151E-01 -2.4622127260E+00
  2.9686566542E+00  2.3228085836E+00 -2.1225365563E+00  7.8203844113E-01 -2.4828003188E+00
  2.9593652730E+00  2.3324362950E+00 -2.1014200523E+00  7.8809451999E-01 -2.5121594828E+00
  2.9492252280E+00  2.3418648546E+00 -2.0806063350E+00  7.9459435575E-01 -2.5502852789E+00
  2.9382493757E+00  2.3510770038E+00 -2.0601222951E+00  8.0152527457E-01 -2.5970444452E+00
  2.9264524404E+00  2.3600551930E+00 -2.0399938749E+00  8.0886791012E-01 -2.6521815204E+00
  2.9138511519E+00  2.3687816163E+00 -2.0202458106E+00  8.1659597308E-01 -2.7153258106E+00
  2.9004643142E+00  2.3772382288E+00 -2.0009013663E+00  8.2467610719E-01 -2.7859988227E+00
  2.8863127984E+00  2.3854067384E+00 -1.9819820709E+00  8.3306785154E-01 -2.8636218894E+00
  2.8714194604E+00  2.3932685579E+00 -1.9635074780E+00  8.4172373063E-01 -2.9475238399E+00
  2.8558089885E+00  2.4008047041E+00 -1.9454949623E+00  8.5058949472E-01 -3.0369486943E+00
  2.8395076885E+00  2.4079956306E+00 -1.9279595661E+00  8.5960453103E-01 -3.1310634850E+00
  2.8225432256E+00  2.4148209780E+00 -1.9109139076E+00  8.6870246190E-01 -3.2289664048E+00
  2.8049443414E+00  2.4212592259E+00 -1.8943681533E+00  8.7781193849E-01 -3.3296955520E+00
  2.7867405762E+00  2.4272872278E+00 -1.8783300526E+00  8.8685762864E-01 -3.4322385704E+00
  2.7679620257E+00  2.4328796072E+00 -1.8628050253E+00  8.9576138501E-01 -3.5355434686E+00
  2.7486391680E+00  2.4380079853E+00 -1.8477962841E+00  9.0444356720E-01 -3.6385308570E+00
  2.7288028021E+00  2.4426400006E+00 -1.8333049700E+00  9.1282448019E-01 -3.7401077552E+00
  2.7084841420E+00  2.4467380591E+00 -1.8193302716E+00  9.2082588391E-01 -3.8391830343E+00
  2.6877151275E+00  2.4502577293E+00 -1.8058695043E+00  9.2837252613E-01 -3.9346844596E+00
  2.6665290337E+00  2.4531456459E+00 -1.7929181209E+00  9.3539365552E-01 -4.0255772229E+00
  2.6449615094E+00  2.4553367300E+00 -1.7804696413E+00  9.4182448250E-01 -4.1108838132E+00
  2.6230522634E+00  2.4567504347E+00 -1.7685154975E+00  9.4760757311E-01 -4.1897050749E+00
  2.6008477753E+00  2.4572856030E+00 -1.7570448249E+00  9.5269418276E-01 -4.2612423646E+00
  2.5784057063E+00  2.4568133662E+00 -1.7460442882E+00  9.5704556341E-01 -4.3248208245E+00
  2.5558022161E+00  2.4551673721E+00 -1.7354981598E+00  9.6063430649E-01 -4.3799138994E+00
  2.5331443338E+00  2.4521307241E+00 -1.7253891528E+00  9.6344581393E-01 -4.4261691780E+00
  2.5105910236E+00  2.4474200492E+00 -1.7157011155E+00  9.6548000720E-01 -4.4634349190E+00
  2.4883881575E+00  2.4406712251E+00 -1.7064258829E+00  9.6675333237E-01 -4.4917838641E+00
  2.4669203567E+00  2.4314439134E+00 -1.6975782665E+00  9.6730079484E-01 -4.5115228933E+00
  2.4467594594E+00  2.4192921935E+00 -1.6892225806E+00  9.6717657133E-01 -4.5231592215E+00
  2.4273151470E+00  2.4027564051E+00 -1.6809548155E+00  9.6637232683E-01 -4.5272940829E+00
</Path of -GradDelSqRho>
<Path of -GradDelSqRho>
Starting CP# =      9
Ending CP# =     20
Number of Points =     18
  2.9909406227E+00  2.2935368499E+00 -2.1860479842E+00  7.6684828241E-01 -2.4466874930E+00
  2.9964502640E+00  2.2839446165E+00 -2.2066745240E+00  7.6280283548E-01 -2.4501344000E+00
  3.0014705803E+00  2.2735830219E+00 -2.2288638022E+00  7.5888988141E-01 -2.4610813264E+00
  3.0055909158E+00  2.2631156996E+00 -2.2511884097E+00  7.5537978020E-01 -2.4788942187E+00
  3.0088037320E+00  2.2525571105E+00 -2.2736188283E+00  7.5225019818E-01 -2.5027998177E+00
  3.0111009118E+00  2.2419212924E+00 -2.2961250778E+00  7.4947592124E-01 -2.5319132003E+00
  3.0124733954E+00  2.2312218864E+00 -2.3186765040E+00  7.4702962283E-01 -2.5652523433E+00
  3.0129108192E+00  2.2204721590E+00 -2.3412414834E+00  7.4488272736E-01 -2.6017558415E+00
  3.0124011660E+00  2.2096850128E+00 -2.3637870359E+00  7.4300637853E-01 -2.6403034951E+00
  3.0109304410E+00  2.1988729680E+00 -2.3862783269E+00  7.4137251418E-01 -2.6797393980E+00
  3.0084824095E+00  2.1880480855E+00 -2.4086780409E+00  7.3995503422E-01 -2.7188970990E+00
  3.0050384554E+00  2.1772217771E+00 -2.4309455988E+00  7.3873102249E-01 -2.7566263687E+00
  3.0005776648E+00  2.1664044009E+00 -2.4530361965E+00  7.3768194157E-01 -2.7918210503E+00
  2.9950772934E+00  2.1556044565E+00 -2.4748996322E+00  7.3679465799E-01 -2.8234474013E+00
  2.9885138334E+00  2.1448270137E+00 -2.4964788675E+00  7.3606207306E-01 -2.8505722021E+00
  2.9808649289E+00  2.1340706248E+00 -2.5177081431E+00  7.3548304780E-01 -2.8723897258E+00
  2.9721123261E+00  2.1233209317E+00 -2.5385099466E+00  7.3506126968E-01 -2.8882464579E+00
  2.9524885399E+00  2.1027617818E+00 -2.5763417425E+00  7.3471407671E-01 -2.9003855711E+00
</Path of -GradDelSqRho>
<Path of -GradDelSqRho>
Starting CP# =     11
Ending CP# =     13
Number of Points =     34
  2.3240185133E+00  2.9672672437E+00 -2.1863010690E+00  7.6685280774E-01 -2.4467306827E+00
  2.3334323848E+00  2.9608884831E+00 -2.1658141578E+00  7.7128112663E-01 -2.4503116255E+00
  2.3433223667E+00  2.9532338497E+00 -2.1441687251E+00  7.7643684945E-01 -2.4622557563E+00
  2.3530379449E+00  2.9447112246E+00 -2.1227700798E+00  7.8204285673E-01 -2.4828431980E+00
  2.3625626806E+00  2.9353305378E+00 -2.1016463619E+00  7.8809889740E-01 -2.5122021461E+00
  2.3718797723E+00  2.9251031393E+00 -2.0808251900E+00  7.9459868826E-01 -2.5503276488E+00
  2.3809721031E+00  2.9140420503E+00 -2.0603334661E+00  8.0152955459E-01 -2.5970864328E+00
  2.3898222838E+00  2.9021621630E+00 -2.0401971445E+00  8.0887212915E-01 -2.6522230263E+00
  2.3984126883E+00  2.8894803782E+00 -2.0204409743E+00  8.1660012167E-01 -2.7153667263E+00
  2.4067254726E+00  2.8760156734E+00 -2.0010882333E+00  8.2468017503E-01 -2.7860390317E+00
  2.4147425655E+00  2.8617890963E+00 -1.9821604649E+00  8.3307182746E-01 -2.8636612687E+00
  2.4224456201E+00  2.8468236834E+00 -1.9636772382E+00  8.4172760269E-01 -2.9475622614E+00
  2.4298159112E+00  2.8311443078E+00 -1.9456559440E+00  8.5059325036E-01 -3.0369860262E+00
  2.4368341660E+00  2.8147774669E+00 -1.9281116417E+00  8.5960815723E-01 -3.1310995933E+00
  2.4434803116E+00  2.7977510262E+00 -1.9110569676E+00  8.6870594538E-01 -3.2290011552E+00
  2.4497331240E+00  2.7800939406E+00 -1.8945021069E+00  8.7781526595E-01 -3.3297288121E+00
  2.4555697603E+00  2.7618359810E+00 -1.8784548287E+00  8.8686078706E-01 -3.4322702113E+00
  2.4609651521E+00  2.7430074968E+00 -1.8629205740E+00  8.9576436191E-01 -3.5355733682E+00
  2.4658912323E+00  2.7236392516E+00 -1.8479025777E+00  9.0444635094E-01 -3.6385589019E+00
  2.4703159530E+00  2.7037623708E+00 -1.8334020046E+00  9.1282706032E-01 -3.7401338440E+00
  2.4742020382E+00  2.6834084489E+00 -1.8194180699E+00  9.2082825139E-01 -3.8392070807E+00
  2.4775053803E+00  2.6626098765E+00 -1.8059481177E+00  9.2837467361E-01 -3.9347063949E+00
  2.4801729517E+00  2.6414004706E+00 -1.7929876342E+00  9.3539557757E-01 -4.0255969992E+00
  2.4821400347E+00  2.6198165423E+00 -1.7805301777E+00  9.4182617582E-01 -4.1109014061E+00
  2.4833264846E+00  2.5978986203E+00 -1.7685672264E+00  9.4760903668E-01 -4.1897204858E+00
  2.4836316154E+00  2.5756942143E+00 -1.7570879723E+00  9.5269541807E-01 -4.2612556227E+00
  2.4829271431E+00  2.5532622981E+00 -1.7460791518E+00  9.5704657462E-01 -4.3248319881E+00
  2.4810474890E+00  2.5306807254E+00 -1.7355251308E+00  9.6063510064E-01 -4.3799230566E+00
  2.4777768466E+00  2.5080587324E+00 -1.7254087475E+00  9.6344640125E-01 -4.4261764456E+00
