 AIMInt (Version 19.02.13, Professional)
 Portions Copyright (c) 1997-2019 by Todd A. Keith
 AIMInt is a component of the AIMAll package ( http://aim.tkgristmill.com )

 TP:  64-bit Linux

 Licensed To:  Research Group of Fernando Cortes Guzman, UNAM, fercor@unam.mx

 AIMInt is a heavily modified and extended version of the PROAIMV program
 developed by members of R.F.W. Bader's research group

 Much of the Quantum Theory of Atoms in Molecules (QTAIM) is described in the book:
   "Atoms in Molecules - A Quantum Theory"
   R.F.W. Bader, Oxford University Press, Oxford, 1990

 For additional references see:  http://aim.tkgristmill.com/references.html

 Current Directory:  /home/scratch/M_H2O_4_tetraedrico/Opt

 Inp File:  Sc2_tetraedrico_cc-pvtz-def2-tzv_2_atomicfiles/o6.inp
 Wfx File:  Sc2_tetraedrico_cc-pvtz-def2-tzv_2.wfx
 Out File:  Sc2_tetraedrico_cc-pvtz-def2-tzv_2_atomicfiles/o6.int

 Wfx Title:   Sc2_tetraedrico_cc-pvtz-def2-tzv_2                                            
 Job Title:   Sc2_tetraedrico_cc-pvtz-def2-tzv_2                                            
 
<Atom>
O6      
</Atom>
<Nuclei of Molecule>
    13
Sc1       21.0          -4.3439083500E-06  -4.7607667689E-06   3.1517171717E-08
O2         8.0          -2.2788861588E+00   2.3033578427E+00   2.2912042450E+00
H3         1.0          -3.9304171050E+00   1.8848604612E+00   3.0202629193E+00
O4         8.0           2.3024435460E+00   2.2789156834E+00  -2.2920850223E+00
H5         1.0           3.9499312544E+00   1.8430920094E+00  -3.0201457826E+00
O6         8.0           2.2798280594E+00  -2.3024910818E+00   2.2911393319E+00
H7         1.0           1.8446863204E+00  -3.9500624165E+00   3.0194189570E+00
O8         8.0          -2.3034039102E+00  -2.2798005720E+00  -2.2902575765E+00
H9         1.0          -3.9512177320E+00  -1.8442806255E+00  -3.0177597347E+00
H10        1.0           1.8836667335E+00   3.9304631610E+00  -3.0209487744E+00
H11        1.0           3.9316174191E+00  -1.8833501381E+00   3.0192420983E+00
H12        1.0          -1.8430855053E+00   3.9511674255E+00   3.0185497562E+00
H13        1.0          -1.8849424553E+00  -3.9316448792E+00  -3.0186279255E+00
</Nuclei of Molecule>
<Total Number of CPs of DelSqRho>
    34
</Total Number of CPs of DelSqRho>
<Number of (3,+3) CPs of DelSqRho>
     5
</Number of (3,+3) CPs of DelSqRho>
<Number of (3,+1) CPs of DelSqRho>
    12
</Number of (3,+1) CPs of DelSqRho>
<Number of (3,-1) CPs of DelSqRho>
    11
</Number of (3,-1) CPs of DelSqRho>
<Number of (3,-3) CPs of DelSqRho>
     6
</Number of (3,-3) CPs of DelSqRho>
<Number of Degenerate CPs of DelSqRho>
     0
</Number of Degenerate CPs of DelSqRho>
<CP of DelSqRho>
CP# = 1       
Type = (3,+3)
Coords =  2.27982827228572E+00 -2.30249129670454E+00  2.29113961112787E+00
DistFromNuc =  4.1167804312E-07
Rho =  2.9735816119E+02
DelSqRho = -3.3300995852E+06
GradDelSqRho = -2.6222640145E-05 -2.4695206321E-05 -1.2885759588E-05
HessDelSqRho_EigVals =  1.3243064629E+11  1.3243066231E+11  1.3243067218E+11
HessDelSqRho_EigVec1 = -4.3728876437E-01  4.4163114062E-01  7.8341589989E-01
HessDelSqRho_EigVec2 = -5.5131085129E-01  5.5659394936E-01 -6.2149780433E-01
HessDelSqRho_EigVec3 = -7.1051733393E-01 -7.0367969359E-01  8.3759717912E-05
</CP of DelSqRho>
<CP of DelSqRho>
CP# = 2       
Type = (3,-1)
Coords =  1.31833942095313E+00 -1.33144976734618E+00  1.23931095911504E+00
DistFromNuc =  1.7244490604E+00
Rho =  8.3279425707E-02
DelSqRho =  2.7367856273E-01
GradDelSqRho =  5.0030899562E-13 -5.1987927852E-13  1.3305537228E-12
HessDelSqRho_EigVals = -2.9742245002E-01 -2.5589707194E-01  2.4818938083E+00
HessDelSqRho_EigVec1 = -4.1080301916E-01  4.1468027245E-01  8.1196129901E-01
HessDelSqRho_EigVec2 = -7.1053153452E-01 -7.0366535052E-01 -1.1374965740E-04
HessDelSqRho_EigVec3 =  5.7130186233E-01 -5.7697083645E-01  5.8371126079E-01
</CP of DelSqRho>
<CP of DelSqRho>
CP# = 3       
Type = (3,+1)
Coords =  2.00887617377727E+00 -3.32201484184650E+00  2.74122295291157E+00
DistFromNuc =  1.1469171232E+00
Rho =  4.1792531853E-01
DelSqRho = -9.8512198987E-01
GradDelSqRho =  6.1062266354E-16  7.8548278992E-15 -2.7478019859E-15
HessDelSqRho_EigVals = -3.2175496863E+01  1.5140442755E+01  1.6014201752E+01
HessDelSqRho_EigVec1 =  2.3329790119E-01  8.8902967528E-01 -3.9395218716E-01
HessDelSqRho_EigVec2 = -4.5953220869E-01  4.5783635710E-01  7.6106242799E-01
HessDelSqRho_EigVec3 =  8.5697271746E-01  3.4794515610E-03  5.1535003148E-01
</CP of DelSqRho>
<CP of DelSqRho>
CP# = 4       
Type = (3,+1)
Coords =  2.38755230523085E+00 -2.41127323156993E+00  2.22072164973248E+00
DistFromNuc =  1.6851326121E-01
Rho =  2.2509561812E+01
DelSqRho =  1.2347222404E+03
GradDelSqRho =  2.6787461138E-11 -1.2363443602E-11 -1.1738165995E-11
HessDelSqRho_EigVals = -4.0944654962E+05  1.7039981169E+03  3.3381998347E+03
HessDelSqRho_EigVec1 = -6.3755044385E-01  6.4381220419E-01  4.2312560462E-01
HessDelSqRho_EigVec2 = -2.9777199933E-01  3.0061123842E-01 -9.0607103460E-01
HessDelSqRho_EigVec3 = -7.1053590195E-01 -7.0366094753E-01  5.4418749492E-05
</CP of DelSqRho>
<CP of DelSqRho>
CP# = 5       
Type = (3,+1)
Coords =  2.25017638485066E+00 -2.27253443692666E+00  2.45442285298351E+00
DistFromNuc =  1.6863608938E-01
Rho =  2.2485056742E+01
DelSqRho =  1.2314450771E+03
GradDelSqRho = -7.4535932981E-12  9.1091578724E-12  4.1907810555E-11
HessDelSqRho_EigVals = -4.0655470802E+05  1.8922082403E+03  3.4734350689E+03
HessDelSqRho_EigVec1 = -1.7959690992E-01  1.8144185908E-01  9.6686286604E-01
HessDelSqRho_EigVec2 = -6.8034855045E-01  6.8698592097E-01 -2.5529628726E-01
HessDelSqRho_EigVec3 = -7.1054260946E-01 -7.0365417370E-01  6.3157253732E-05
</CP of DelSqRho>
<CP of DelSqRho>
CP# = 6       
Type = (3,-1)
Coords =  2.37601674985814E+00 -2.39961052006315E+00  2.39068133662171E+00
DistFromNuc =  1.6909482596E-01
Rho =  2.2283129186E+01
DelSqRho =  1.2433124734E+03
GradDelSqRho = -4.2064129957E-12 -7.5601747085E-12  3.5527136788E-12
HessDelSqRho_EigVals = -3.9989078263E+05 -1.2355067257E+03  2.0562080041E+03
HessDelSqRho_EigVec1 =  5.6915115240E-01 -5.7465865230E-01  5.8807686492E-01
HessDelSqRho_EigVec2 =  4.1377126408E-01 -4.1788484535E-01 -8.0880504267E-01
HessDelSqRho_EigVec3 =  7.1053522555E-01  7.0366162988E-01 -6.2404327794E-05
</CP of DelSqRho>
<CP of DelSqRho>
CP# = 7       
Type = (3,-1)
Coords =  2.19024991424714E+00 -2.21202254268484E+00  2.18357101583908E+00
DistFromNuc =  1.6667256306E-01
Rho =  2.2816760510E+01
DelSqRho =  1.2979739582E+03
GradDelSqRho =  6.9277916737E-13 -1.8118839762E-12  7.2191141953E-12
HessDelSqRho_EigVals = -4.5816616076E+05 -3.2922366311E+03  3.9714765724E+02
HessDelSqRho_EigVec1 =  5.3732965332E-01 -5.4266954035E-01  6.4559012821E-01
HessDelSqRho_EigVec2 = -4.5424141320E-01  4.5874977077E-01  7.6368408806E-01
HessDelSqRho_EigVec3 = -7.1059241637E-01 -7.0360387847E-01 -3.1236242546E-06
</CP of DelSqRho>
<CP of DelSqRho>
CP# = 8       
Type = (3,-3)
Coords =  2.29209170672629E+00 -2.15692643800676E+00  2.21036044139225E+00
DistFromNuc =  1.6692720484E-01
Rho =  2.2724851311E+01
DelSqRho =  1.2993627357E+03
GradDelSqRho = -1.1510792319E-12 -1.7600143565E-11  1.3329781723E-11
HessDelSqRho_EigVals = -4.5255628376E+05 -3.6445269533E+03 -6.7428148298E+02
HessDelSqRho_EigVec1 =  6.9976528888E-02  8.7123372681E-01 -4.8585499759E-01
HessDelSqRho_EigVec2 = -4.4556320730E-01  4.6306280900E-01  7.6618944343E-01
HessDelSqRho_EigVec3 =  8.9251146419E-01  1.6286383328E-01  4.2059322165E-01
</CP of DelSqRho>
<CP of DelSqRho>
CP# = 9       
Type = (3,-3)
Coords =  2.13414248816931E+00 -2.31335312339942E+00  2.21037781912279E+00
DistFromNuc =  1.6692720438E-01
Rho =  2.2724844675E+01
DelSqRho =  1.2993640501E+03
GradDelSqRho = -1.5845103007E-12 -7.5317529991E-13  6.7501559897E-12
HessDelSqRho_EigVals = -4.5255649829E+05 -3.6446274556E+03 -6.7449957271E+02
HessDelSqRho_EigVec1 =  8.7192459910E-01  6.1588046957E-02  4.8575138287E-01
HessDelSqRho_EigVec2 = -4.5864048542E-01  4.5011092388E-01  7.6619126942E-01
HessDelSqRho_EigVec3 =  1.7145377984E-01  8.9084626546E-01 -4.2070955860E-01
</CP of DelSqRho>
<CP of DelSqRho>
CP# = 10      
Type = (3,+1)
Coords =  2.96813804970693E+00 -2.32392278474731E+00  2.18504583314050E+00
DistFromNuc =  6.9676810424E-01
Rho =  7.6684860215E-01
DelSqRho = -2.4466883954E+00
GradDelSqRho =  3.1974423109E-14  6.6613381478E-16  2.2204460493E-16
HessDelSqRho_EigVals = -1.2828917504E+01  1.2913302141E+01  1.7800264161E+02
HessDelSqRho_EigVec1 =  2.5605907864E-01  4.0455760459E-01  8.7793330773E-01
HessDelSqRho_EigVec2 = -2.7551463558E-02  9.1089743732E-01 -4.1171200559E-01
HessDelSqRho_EigVec3 =  9.6626842290E-01 -8.1234249282E-02 -2.4438971264E-01
</CP of DelSqRho>
<CP of DelSqRho>
CP# = 11      
Type = (3,-1)
Coords =  1.67255531553050E+00 -2.65649987431410E+00  2.15103775058943E+00
DistFromNuc =  7.1675021014E-01
Rho =  6.6945303302E-01
DelSqRho = -1.0079400009E+00
GradDelSqRho =  2.8865798640E-15 -2.6645352591E-15  1.4432899320E-15
HessDelSqRho_EigVals = -1.5586063129E+01 -1.1735923530E+01  1.4388919888E+02
HessDelSqRho_EigVec1 =  2.6487969426E-01 -7.6241921266E-01  5.9038605313E-01
HessDelSqRho_EigVec2 = -4.4239412077E-01  4.4793619483E-01  7.7694311714E-01
HessDelSqRho_EigVec3 =  8.5681164177E-01  4.6697977422E-01  2.1864057490E-01
</CP of DelSqRho>
<CP of DelSqRho>
CP# = 12      
Type = (3,-1)
Coords =  2.63973336905319E+00 -1.69870932488515E+00  2.15096276736439E+00
DistFromNuc =  7.1675219645E-01
Rho =  6.6945223182E-01
DelSqRho = -1.0079434454E+00
GradDelSqRho =  2.0317081351E-14  9.5479180118E-15 -8.8817841970E-15
HessDelSqRho_EigVals = -1.5586238421E+01 -1.1735649617E+01  1.4388720322E+02
HessDelSqRho_EigVec1 =  7.5986153983E-01 -2.7227359486E-01  5.9031985383E-01
HessDelSqRho_EigVec2 =  4.4351138396E-01 -4.4679353501E-01 -7.7696408499E-01
HessDelSqRho_EigVec3 =  4.7529789878E-01  8.5219870137E-01 -2.1874478463E-01
</CP of DelSqRho>
<CP of DelSqRho>
CP# = 13      
Type = (3,+1)
Coords =  2.29454670271923E+00 -2.99098383939821E+00  2.18509881595012E+00
DistFromNuc =  6.9676646500E-01
Rho =  7.6685277476E-01
DelSqRho = -2.4467285295E+00
GradDelSqRho =  3.1086244690E-15 -1.0214051827E-14  4.6629367034E-15
HessDelSqRho_EigVals = -1.2829002072E+01  1.2913518687E+01  1.7800557272E+02
HessDelSqRho_EigVec1 = -4.0695613664E-01 -2.5203647225E-01  8.7798879236E-01
HessDelSqRho_EigVec2 =  9.1062164069E-01 -3.6389297878E-02  4.1163581781E-01
HessDelSqRho_EigVec3 = -7.1797843673E-02  9.6703331673E-01  2.4431871395E-01
</CP of DelSqRho>
<CP of DelSqRho>
CP# = 14      
Type = (3,+3)
Coords =  1.87202412665648E+00 -1.89066994911848E+00  2.56090314229372E+00
DistFromNuc =  6.3927553239E-01
Rho =  9.5564551613E-01
DelSqRho = -4.4323919847E+00
GradDelSqRho = -4.8814285947E-12  4.9400483704E-12  4.3858250365E-12
HessDelSqRho_EigVals =  1.0272452219E+01  2.3852447588E+01  3.3184980274E+02
HessDelSqRho_EigVec1 =  3.0886494690E-01 -3.1185012745E-01  8.9852765266E-01
HessDelSqRho_EigVec2 = -7.1055091174E-01 -7.0364579196E-01  3.5880614717E-05
HessDelSqRho_EigVec3 = -6.3223401238E-01  6.3846072508E-01  4.3891691255E-01
</CP of DelSqRho>
<CP of DelSqRho>
CP# = 15      
Type = (3,+3)
Coords =  2.40341828836823E+00 -2.42734164273025E+00  1.67995394035135E+00
DistFromNuc =  6.3593222129E-01
Rho =  9.6637179983E-01
DelSqRho = -4.5272888995E+00
GradDelSqRho = -8.2156503822E-15 -1.9761969838E-14 -8.1712414612E-14
HessDelSqRho_EigVals =  1.1246413311E+01  2.4248534389E+01  3.4814616695E+02
HessDelSqRho_EigVec1 = -6.7319443589E-01  6.7977722674E-01 -2.9105355776E-01
HessDelSqRho_EigVec2 = -7.1055059404E-01 -7.0364611151E-01  5.5330142197E-05
HessDelSqRho_EigVec3 = -2.0476109199E-01  2.0684552631E-01  9.5670675939E-01
</CP of DelSqRho>
<CP of DelSqRho>
CP# = 16      
Type = (3,+1)
Coords =  2.59494462886297E+00 -1.95793134033151E+00  2.80803062096010E+00
DistFromNuc =  6.9656045862E-01
Rho =  7.6656371305E-01
DelSqRho = -2.4256502348E+00
GradDelSqRho = -8.8817841970E-15  3.9968028887E-15 -8.8817841970E-16
HessDelSqRho_EigVals = -1.2739484622E+01  1.2619919657E+01  1.7749086280E+02
HessDelSqRho_EigVec1 =  9.3156846353E-01 -2.6185248352E-01 -2.5221711802E-01
HessDelSqRho_EigVec2 =  7.3103505106E-02  8.1447247235E-01 -5.7557837810E-01
HessDelSqRho_EigVec3 =  3.5614052745E-01  5.1775270995E-01  7.7787920402E-01
</CP of DelSqRho>
<CP of DelSqRho>
CP# = 17      
Type = (3,-1)
Coords =  2.67361517304496E+00 -2.70008740206638E+00  2.75188216343129E+00
DistFromNuc =  7.2486900994E-01
Rho =  6.6885707325E-01
DelSqRho = -1.0596129368E+00
GradDelSqRho =  6.8833827527E-14 -5.0626169923E-14  1.0302869669E-13
HessDelSqRho_EigVals = -1.8437520170E+01 -4.9623951334E+00  1.3377797375E+02
HessDelSqRho_EigVec1 = -7.1054273560E-01 -7.0365404596E-01  6.7019165230E-05
HessDelSqRho_EigVec2 =  4.4665240101E-01 -4.5109866713E-01 -7.7266527370E-01
HessDelSqRho_EigVec3 =  5.4371927827E-01 -5.4898176301E-01  6.3481365008E-01
</CP of DelSqRho>
<CP of DelSqRho>
CP# = 18      
Type = (3,+1)
Coords =  1.93226067805831E+00 -2.61419009754843E+00  2.80808571709637E+00
DistFromNuc =  6.9655791303E-01
Rho =  7.6657100962E-01
DelSqRho = -2.4257343971E+00
GradDelSqRho =  2.0872192863E-14  8.2156503822E-15 -2.1760371283E-14
HessDelSqRho_EigVals = -1.2739078662E+01  1.2620646168E+01  1.7749532244E+02
HessDelSqRho_EigVec1 = -2.5274460336E-01  9.3409654812E-01  2.5215829208E-01
HessDelSqRho_EigVec2 =  8.1519428617E-01  6.5215719114E-02  5.7550428823E-01
HessDelSqRho_EigVec3 = -5.2113188472E-01 -3.5101360198E-01  7.7795308982E-01
</CP of DelSqRho>
<CP of DelSqRho>
CP# = 19      
Type = (3,+1)
Coords =  1.92237473752417E+00 -1.94156426976788E+00  1.86810198407243E+00
DistFromNuc =  6.6106099462E-01
Rho =  8.7264531902E-01
DelSqRho = -3.5620591000E+00
GradDelSqRho = -2.3980817332E-14  1.5543122345E-14 -1.4654943925E-14
HessDelSqRho_EigVals = -7.0985676641E+00  1.9430640111E+01  2.6215375380E+02
HessDelSqRho_EigVec1 =  4.5219417560E-01 -4.5669061705E-01 -7.6612930231E-01
HessDelSqRho_EigVec2 = -7.1054848650E-01 -7.0364823959E-01  5.6989918964E-05
HessDelSqRho_EigVec3 =  5.3911156163E-01 -5.4434624571E-01  6.4268646236E-01
</CP of DelSqRho>
<CP of DelSqRho>
CP# = 20      
Type = (3,+3)
Coords =  2.10393855779377E+00 -2.95256669967073E+00  2.57548456015273E+00
DistFromNuc =  7.3101821768E-01
Rho =  7.3471954081E-01
DelSqRho = -2.9004442737E+00
GradDelSqRho = -1.0202949596E-12 -5.2597926015E-12  1.8198220708E-12
HessDelSqRho_EigVals =  1.0942961206E+01  2.1889838284E+01  1.3123975999E+02
HessDelSqRho_EigVec1 =  4.4455704773E-01 -4.5639981983E-01 -7.7075822134E-01
HessDelSqRho_EigVec2 =  8.6205979202E-01 -1.5778342003E-02  5.0656091332E-01
HessDelSqRho_EigVec3 =  2.4335559639E-01  8.8963489611E-01 -3.8642956062E-01
</CP of DelSqRho>
<CP of DelSqRho>
CP# = 21      
Type = (3,+3)
Coords =  2.93161504178411E+00 -2.13291950245384E+00  2.57541104179971E+00
DistFromNuc =  7.3102065358E-01
Rho =  7.3471355443E-01
DelSqRho = -2.9003822308E+00
GradDelSqRho = -1.0880185641E-14 -1.1546319456E-14 -3.2196467714E-15
HessDelSqRho_EigVals =  1.0943015335E+01  2.1889451906E+01  1.3123683971E+02
HessDelSqRho_EigVec1 = -4.5197056121E-01  4.4904818496E-01  7.7076477565E-01
HessDelSqRho_EigVec2 = -7.4230438647E-03  8.6213101252E-01 -5.0663104492E-01
HessDelSqRho_EigVec3 =  8.9200196761E-01  2.3470373844E-01  3.8632453319E-01
</CP of DelSqRho>
<CP of DelSqRho>
CP# = 22      
Type = (3,-3)
Coords =  2.66569772333379E+00 -2.69204511077593E+00  3.31939756901352E+00
DistFromNuc =  1.1653165841E+00
Rho =  2.5018660987E-01
DelSqRho =  8.4673811461E-01
GradDelSqRho = -4.6590509228E-13  4.7115089608E-13 -2.1446733278E-12
HessDelSqRho_EigVals = -1.7279308967E+01 -3.0488639997E+00 -1.8540185679E-01
HessDelSqRho_EigVec1 =  3.2900744063E-01 -3.3214741199E-01  8.8398653877E-01
HessDelSqRho_EigVec2 = -7.1054471017E-01 -7.0365205216E-01  6.5938194152E-05
HessDelSqRho_EigVec3 = -6.2199704088E-01  6.2813365313E-01  4.6751234736E-01
</CP of DelSqRho>
<CP of DelSqRho>
CP# = 23      
Type = (3,-1)
Coords =  2.43388419506522E+00 -1.45499735081691E+00  3.11324895241808E+00
DistFromNuc =  1.1907321887E+00
Rho =  2.4459689244E-01
DelSqRho =  7.0815711234E-01
GradDelSqRho = -9.5062846484E-16  2.1094237468E-15  1.7347234760E-15
HessDelSqRho_EigVals = -1.6855536023E+01 -1.3306194562E+00  3.1907224543E-01
HessDelSqRho_EigVec1 =  1.1120037978E-01  7.2183787997E-01  6.8306994559E-01
HessDelSqRho_EigVec2 =  9.7226431129E-01 -2.2132664786E-01  7.5608358928E-02
HessDelSqRho_EigVec3 = -2.0575855883E-01 -6.5571685199E-01  7.2642881653E-01
</CP of DelSqRho>
<CP of DelSqRho>
CP# = 24      
Type = (3,-1)
Coords =  1.43098128897646E+00 -2.44819123359670E+00  3.11337625941340E+00
DistFromNuc =  1.1907321021E+00
Rho =  2.4459609527E-01
DelSqRho =  7.0816314154E-01
GradDelSqRho = -1.2628786905E-15  6.4878658002E-16 -3.1918911958E-16
HessDelSqRho_EigVals = -1.6855842873E+01 -1.3304964894E+00  3.1907100765E-01
HessDelSqRho_EigVec1 =  7.2279579253E-01  1.0408488105E-01 -6.8317829286E-01
HessDelSqRho_EigVec2 = -2.1182381947E-01  9.7437497399E-01 -7.5657647125E-02
HessDelSqRho_EigVec3 =  6.5779701413E-01  1.9939846439E-01  7.2632178860E-01
</CP of DelSqRho>
<CP of DelSqRho>
CP# = 25      
Type = (3,-3)
Coords =  2.82543569951807E+00 -1.33599896599356E+00  2.02831069354710E+00
DistFromNuc =  1.1405584597E+00
Rho =  2.4627855241E-01
DelSqRho =  8.3729259294E-01
GradDelSqRho = -1.3877787808E-17  4.1633363423E-16  1.2490009027E-16
HessDelSqRho_EigVals = -1.7619537707E+01 -1.7881210143E+00 -5.2041458703E-01
HessDelSqRho_EigVec1 =  4.4770417536E-01  8.5761848148E-01 -2.5308400105E-01
HessDelSqRho_EigVec2 =  7.7400175293E-01 -2.2995900752E-01  5.8994927012E-01
HessDelSqRho_EigVec3 =  4.4775245150E-01 -4.6001021194E-01 -7.6675181584E-01
</CP of DelSqRho>
<CP of DelSqRho>
CP# = 26      
Type = (3,+1)
Coords =  1.45186268468872E+00 -1.46635132270366E+00  1.94985839185357E+00
DistFromNuc =  1.2252057127E+00
Rho =  2.4174476777E-01
DelSqRho =  5.0673363052E-01
GradDelSqRho =  4.3007264416E-14 -4.3423598051E-14  1.3739009930E-14
HessDelSqRho_EigVals = -1.3025287783E+01  1.3542298312E-01  5.4523283807E-01
HessDelSqRho_EigVec1 = -6.7483129024E-01  6.8149952523E-01 -2.8312740386E-01
HessDelSqRho_EigVec2 = -1.9918074835E-01  2.0121669512E-01  9.5908230673E-01
HessDelSqRho_EigVec3 = -7.1058409720E-01 -7.0361227868E-01  4.5736555986E-05
</CP of DelSqRho>
<CP of DelSqRho>
CP# = 27      
Type = (3,-3)
Coords =  3.05855931232598E+00 -3.08881157363121E+00  2.65461469653959E+00
DistFromNuc =  1.1648333017E+00
Rho =  2.5003747963E-01
DelSqRho =  8.4804576179E-01
GradDelSqRho = -4.3106906933E-12  4.3501313662E-12 -7.4740907907E-13
HessDelSqRho_EigVals = -1.7253063608E+01 -3.0422747872E+00 -2.0031086202E-01
HessDelSqRho_EigVec1 = -6.6927224816E-01  6.7579400674E-01 -3.0883186089E-01
HessDelSqRho_EigVec2 = -7.1054104748E-01 -7.0365575108E-01  6.1732207030E-05
HessDelSqRho_EigVec3 = -2.1726959678E-01  2.1947902959E-01  9.5111664789E-01
</CP of DelSqRho>
<CP of DelSqRho>
CP# = 28      
Type = (3,-1)
Coords =  3.28787292706842E+00 -2.33394758664266E+00  1.65888681194354E+00
DistFromNuc =  1.1903307170E+00
Rho =  2.4396498918E-01
DelSqRho =  7.1417484979E-01
GradDelSqRho = -6.0998289753E-12  6.4008520706E-13  4.2968822944E-12
HessDelSqRho_EigVals = -1.7058662656E+01 -1.2187739745E+00  2.9681714305E-01
HessDelSqRho_EigVec1 =  8.3541241447E-01 -2.3208148725E-02 -5.4913338960E-01
HessDelSqRho_EigVec2 =  5.3912735098E-01  2.2892693229E-01  8.1051474946E-01
HessDelSqRho_EigVec3 = -1.0690087545E-01  9.7316691349E-01 -2.0376054898E-01
</CP of DelSqRho>
<CP of DelSqRho>
CP# = 29      
Type = (3,-3)
Coords =  1.30803233964794E+00 -2.83865470489191E+00  2.02844825340031E+00
DistFromNuc =  1.1405546696E+00
Rho =  2.4627668761E-01
DelSqRho =  8.3730851629E-01
GradDelSqRho = -7.7715611724E-16 -8.3266726847E-17 -9.0205620751E-16
HessDelSqRho_EigVals = -1.7619971081E+01 -1.7879670805E+00 -5.2043063631E-01
HessDelSqRho_EigVec1 =  8.6197213063E-01  4.3933093273E-01  2.5296714721E-01
HessDelSqRho_EigVec2 = -2.2244776589E-01  7.7616222535E-01 -5.8999084010E-01
HessDelSqRho_EigVec3 = -4.5554477000E-01  4.5228368475E-01  7.6675839157E-01
</CP of DelSqRho>
<CP of DelSqRho>
CP# = 30      
Type = (3,+1)
Coords =  3.30197829299355E+00 -2.04144103824172E+00  2.74111141974122E+00
DistFromNuc =  1.1469146024E+00
Rho =  4.1792688243E-01
DelSqRho = -9.8512476966E-01
GradDelSqRho =  6.6724403780E-14  2.8199664825E-14  2.2148949341E-14
HessDelSqRho_EigVals = -3.2175694736E+01  1.5140563578E+01  1.6014248881E+01
HessDelSqRho_EigVec1 =  8.9129200460E-01  2.2466540999E-01  3.9385786280E-01
HessDelSqRho_EigVec2 = -4.5327652685E-01  4.6404966332E-01  7.6105078686E-01
HessDelSqRho_EigVec3 =  1.1787821576E-02  8.5684500554E-01 -5.1543931140E-01
</CP of DelSqRho>
<CP of DelSqRho>
CP# = 31      
Type = (3,-1)
Coords =  2.89954582926956E+00 -2.92820664875216E+00  3.05627183027682E+00
DistFromNuc =  1.1666181145E+00
Rho =  2.5294091135E-01
DelSqRho =  8.4169972915E-01
GradDelSqRho = -2.2204460493E-16 -6.6613381478E-16 -8.0491169285E-16
HessDelSqRho_EigVals = -1.6423466410E+01 -4.3263539626E+00  1.2419563043E-01
HessDelSqRho_EigVec1 =  5.3139863659E-01 -5.3654060201E-01  6.5554532369E-01
HessDelSqRho_EigVec2 =  7.1054160640E-01  7.0365518659E-01 -6.2945240058E-05
HessDelSqRho_EigVec3 =  4.6124409439E-01 -4.6582567638E-01 -7.5515582804E-01
</CP of DelSqRho>
<CP of DelSqRho>
CP# = 32      
Type = (3,-1)
Coords =  2.30142809756368E+00 -3.31084728958420E+00  1.65896998076638E+00
DistFromNuc =  1.1903305809E+00
Rho =  2.4396414429E-01
DelSqRho =  7.1417907206E-01
GradDelSqRho = -8.0664641633E-16  3.8025138593E-15  1.8179902028E-15
HessDelSqRho_EigVals = -1.7058765205E+01 -1.2187500052E+00  2.9681455790E-01
HessDelSqRho_EigVec1 = -1.5037985166E-02  8.3564448708E-01  5.4906479601E-01
HessDelSqRho_EigVec2 = -2.3410828730E-01 -5.3680600798E-01  8.1057548668E-01
HessDelSqRho_EigVec3 =  9.7209421808E-01 -1.1635119687E-01  2.0370378045E-01
</CP of DelSqRho>
<CP of DelSqRho>
CP# = 33      
Type = (3,+1)
Coords =  3.48431195036084E+00 -1.53941865892493E+00  3.70011756243514E+00
DistFromNuc =  2.0045649454E+00
Rho =  7.5049847373E-02
DelSqRho =  1.8000848085E-01
GradDelSqRho = -3.7071040682E-15 -3.7942739228E-15 -6.4982741410E-15
HessDelSqRho_EigVals = -1.6463574521E+00  2.7466667979E-02  5.6542235349E-01
HessDelSqRho_EigVec1 =  1.8134498969E-01  4.5565728172E-01  8.7148748489E-01
HessDelSqRho_EigVec2 = -3.3622752736E-02  8.8853543563E-01 -4.5757435475E-01
HessDelSqRho_EigVec3 =  9.8284459871E-01 -5.3677008427E-02 -1.7645190153E-01
</CP of DelSqRho>
<CP of DelSqRho>
CP# = 34      
Type = (3,+1)
Coords =  1.50533111600266E+00 -3.49938045519192E+00  3.70036217376852E+00
DistFromNuc =  2.0045694564E+00
Rho =  7.5048928297E-02
DelSqRho =  1.8000667839E-01
GradDelSqRho =  1.5122451902E-14  1.2987874665E-14 -9.5097540953E-15
HessDelSqRho_EigVals = -1.6463650394E+00  2.7472702910E-02  5.6542558160E-01
HessDelSqRho_EigVec1 = -4.5719272946E-01 -1.7683567315E-01  8.7160997747E-01
HessDelSqRho_EigVec2 =  8.8828007228E-01 -4.2341872879E-02  4.5734634468E-01
HessDelSqRho_EigVec3 = -4.3969549856E-02  9.8332919742E-01  1.7643800096E-01
</CP of DelSqRho>
<Path of -GradDelSqRho>
Starting CP# =      3
Ending CP# =     20
Number of Points =     17
  2.0088761738E+00 -3.3220148418E+00  2.7412229529E+00  4.1792531853E-01 -9.8512198987E-01
  2.0147130971E+00 -3.2997891921E+00  2.7313765926E+00  4.2922818725E-01 -9.9521261697E-01
  2.0205592501E+00 -3.2775637268E+00  2.7215352931E+00  4.4158652862E-01 -1.0256563823E+00
  2.0264143439E+00 -3.2553384394E+00  2.7116989082E+00  4.5501130466E-01 -1.0767359053E+00
  2.0322777650E+00 -3.2331133290E+00  2.7018670847E+00  4.6950684780E-01 -1.1486775069E+00
  2.0381485716E+00 -3.2108884015E+00  2.6920392557E+00  4.8507017768E-01 -1.2415125600E+00
  2.0440254868E+00 -3.1886636711E+00  2.6822146323E+00  5.0169037140E-01 -1.3549098240E+00
  2.0499068800E+00 -3.1664391625E+00  2.6723921870E+00  5.1934809512E-01 -1.4879841153E+00
  2.0557907232E+00 -3.1442149139E+00  2.6625706208E+00  5.3801542451E-01 -1.6390887437E+00
  2.0616745078E+00 -3.1219909821E+00  2.6527483026E+00  5.5765609777E-01 -1.8056011273E+00
  2.0675550935E+00 -3.0997674514E+00  2.6429231620E+00  5.7822635754E-01 -1.9837121786E+00
  2.0734284358E+00 -3.0775444494E+00  2.6330924945E+00  5.9967654620E-01 -2.1682292571E+00
  2.0792890597E+00 -3.0553221796E+00  2.6232525870E+00  6.2195362237E-01 -2.3523976337E+00
  2.0851289336E+00 -3.0331009926E+00  2.6133979112E+00  6.4500476617E-01 -2.5277325492E+00
  2.0909346033E+00 -3.0108815781E+00  2.6035190663E+00  6.6878223165E-01 -2.6838259719E+00
  2.0966776180E+00 -2.9886656491E+00  2.5935958958E+00  6.9324951482E-01 -2.8080372729E+00
  2.1039385578E+00 -2.9525666997E+00  2.5754845602E+00  7.3471954081E-01 -2.9004442737E+00
</Path of -GradDelSqRho>
<Path of -GradDelSqRho>
Starting CP# =      3
Ending CP# =      0
Number of Points =     29
  2.0088761738E+00 -3.3220148418E+00  2.7412229529E+00  4.1792531853E-01 -9.8512198987E-01
  2.0030481471E+00 -3.3442406798E+00  2.7510741571E+00  4.0766097924E-01 -9.9515143746E-01
  1.9972290147E+00 -3.3664667259E+00  2.7609301484E+00  3.9841279818E-01 -1.0251872274E+00
  1.9914181965E+00 -3.3886929950E+00  2.7707905413E+00  3.9015338165E-01 -1.0752641015E+00
  1.9856148998E+00 -3.4109195009E+00  2.7806548293E+00  3.8285056443E-01 -1.1455454523E+00
  1.9798181876E+00 -3.4331462537E+00  2.7905224319E+00  3.7646751506E-01 -1.2362394342E+00
  1.9740270624E+00 -3.4553732565E+00  2.8003927518E+00  3.7096275267E-01 -1.3474269479E+00
  1.9682405636E+00 -3.4776005002E+00  2.8102652422E+00  3.6629019355E-01 -1.4787702533E+00
  1.9624578756E+00 -3.4998279580E+00  2.8201394834E+00  3.6239943498E-01 -1.6290755706E+00
  1.9566784493E+00 -3.5220555765E+00  2.8300152721E+00  3.5923660433E-01 -1.7957177405E+00
  1.9509021463E+00 -3.5442832641E+00  2.8398927329E+00  3.5674623986E-01 -1.9740250093E+00
  1.9451294234E+00 -3.5665108720E+00  2.8497724653E+00  3.5487477909E-01 -2.1568885375E+00
  1.9393615698E+00 -3.5887381701E+00  2.8596557380E+00  3.5357621699E-01 -2.3350971329E+00
  1.9336008735E+00 -3.6109648305E+00  2.8695446173E+00  3.5282021288E-01 -2.4991322832E+00
  1.9278497964E+00 -3.6331905375E+00  2.8794412354E+00  3.5260220867E-01 -2.6432315919E+00
  1.9221057313E+00 -3.6554156336E+00  2.8893432967E+00  3.5295387830E-01 -2.7722121741E+00
  1.9163511638E+00 -3.6776422600E+00  2.8992358165E+00  3.5395058722E-01 -2.9106488485E+00
  1.9105654339E+00 -3.6998727700E+00  2.9091013918E+00  3.5571090770E-01 -3.1125440311E+00
  1.9047496363E+00 -3.7221068312E+00  2.9189412565E+00  3.5838222552E-01 -3.4679612178E+00
  1.8989151412E+00 -3.7443430121E+00  2.9287652525E+00  3.6210728698E-01 -4.1018616280E+00
  1.8930700957E+00 -3.7665803457E+00  2.9385803648E+00  3.6696986452E-01 -5.1602565753E+00
  1.8872188057E+00 -3.7888183359E+00  2.9483902677E+00  3.7292354951E-01 -6.7802730453E+00
  1.8813634711E+00 -3.8110567341E+00  2.9581968318E+00  3.7971574018E-01 -9.0443633495E+00
  1.8755052477E+00 -3.8332954108E+00  2.9680010390E+00  3.8682749790E-01 -1.1925371623E+01
  1.8696447548E+00 -3.8555342951E+00  2.9778034185E+00  3.9345591685E-01 -1.5238372525E+01
  1.8637823050E+00 -3.8777733467E+00  2.9876042486E+00  3.9856433246E-01 -1.8623779868E+01
  1.8579179882E+00 -3.9000125401E+00  2.9974036394E+00  4.0101250168E-01 -2.1586435115E+01
  1.8520516026E+00 -3.9222518558E+00  3.0072015146E+00  3.9975319056E-01 -2.3599230967E+01
  1.8467686419E+00 -3.9422673046E+00  3.0160175300E+00  3.9483241507E-01 -2.4251964601E+01
</Path of -GradDelSqRho>
<Path of -GradDelSqRho>
Starting CP# =      4
Ending CP# =      1
Number of Points =      7
  2.3875523052E+00 -2.4112732316E+00  2.2207216497E+00  2.2509561812E+01  1.2347222404E+03
  2.3716017126E+00 -2.3951659836E+00  2.2312636900E+00  3.2733136183E+01  9.8435230704E+02
  2.3556326705E+00 -2.3790401126E+00  2.2417491954E+00  4.7965592121E+01 -7.8698732038E+02
  2.3396555072E+00 -2.3629060440E+00  2.2522096956E+00  7.0590649888E+01 -6.3679837270E+03
  2.3236725056E+00 -2.3467660822E+00  2.2626521668E+00  1.0416742530E+02 -2.0560370432E+04
  2.3076798070E+00 -2.3306163324E+00  2.2730646175E+00  1.5453979229E+02 -7.5069026407E+04
  2.2798282723E+00 -2.3024912967E+00  2.2911396111E+00  2.9735816119E+02 -3.3300995852E+06
</Path of -GradDelSqRho>
<Path of -GradDelSqRho>
Starting CP# =      4
Ending CP# =     15
Number of Points =     40
  2.3875523052E+00 -2.4112732316E+00  2.2207216497E+00  2.2509561812E+01  1.2347222404E+03
  2.4034811959E+00 -2.4273585733E+00  2.2101135438E+00  1.5600218375E+01  1.1529230098E+03
  2.4194004458E+00 -2.4434341836E+00  2.1994762404E+00  1.0915192007E+01  9.8302119291E+02
  2.4353173277E+00 -2.4595074034E+00  2.1888317832E+00  7.7481002315E+00  7.7468720010E+02
  2.4512285046E+00 -2.4755748646E+00  2.1781701194E+00  5.6152244233E+00  5.7388493057E+02
  2.4671282677E+00 -2.4916308045E+00  2.1674741326E+00  4.1797296765E+00  4.0951940202E+02
  2.4830103658E+00 -2.5076689130E+00  2.1567252889E+00  3.2110639738E+00  2.8674288572E+02
  2.4988684579E+00 -2.5236827892E+00  2.1459051213E+00  2.5544185284E+00  1.9839276154E+02
  2.5146965882E+00 -2.5396664212E+00  2.1349967371E+00  2.1064751746E+00  1.3526100111E+02
  2.5304888947E+00 -2.5556138915E+00  2.1239840202E+00  1.7979320502E+00  9.0149037736E+01
  2.5462381614E+00 -2.5715179157E+00  2.1128475622E+00  1.5819798456E+00  5.8164897882E+01
  2.5619336723E+00 -2.5873676763E+00  2.1015589402E+00  1.4269739783E+00  3.5931369833E+01
  2.5775585717E+00 -2.6031461577E+00  2.0900743103E+00  1.3116924971E+00  2.0918458863E+01
  2.5930860307E+00 -2.6188262764E+00  2.0783260431E+00  1.2221203332E+00  1.1122383540E+01
  2.6084724798E+00 -2.6343640486E+00  2.0662093600E+00  1.1491825716E+00  4.9590695817E+00
  2.6236441296E+00 -2.6496849824E+00  2.0535585334E+00  1.0871349255E+00  1.2246900744E+00
  2.6384667711E+00 -2.6646535872E+00  2.0401006840E+00  1.0324573019E+00 -9.4825617617E-01
  2.6526659206E+00 -2.6789927507E+00  2.0253552206E+00  9.8318348209E-01 -2.1523539016E+00
  2.6655594999E+00 -2.6920138359E+00  2.0083889541E+00  9.3881314955E-01 -2.7745792766E+00
  2.6749247856E+00 -2.7014726177E+00  1.9874144219E+00  9.0216828076E-01 -3.0655189183E+00
  2.6751563829E+00 -2.7017089773E+00  1.9628576348E+00  8.8471284276E-01 -3.2092112189E+00
  2.6672672518E+00 -2.6937451574E+00  1.9406070082E+00  8.8616331407E-01 -3.3233763324E+00
  2.6568034085E+00 -2.6831812872E+00  1.9205205031E+00  8.9334329461E-01 -3.4338210800E+00
  2.6454451246E+00 -2.6717141425E+00  1.9014316709E+00  9.0157201545E-01 -3.5418877919E+00
  2.6335609841E+00 -2.6597159315E+00  1.8829995136E+00  9.0972852423E-01 -3.6470576129E+00
  2.6212406077E+00 -2.6472771498E+00  1.8651549722E+00  9.1752652666E-01 -3.7486895920E+00
  2.6085136126E+00 -2.6344276970E+00  1.8478963635E+00  9.2487196973E-01 -3.8461461449E+00
  2.5953971952E+00 -2.6211849292E+00  1.8312370252E+00  9.3171526792E-01 -3.9388144074E+00
  2.5819061209E+00 -2.6075637474E+00  1.8151933578E+00  9.3801928838E-01 -4.0261175028E+00
  2.5680547061E+00 -2.5935785988E+00  1.7997823619E+00  9.4375321335E-01 -4.1075238849E+00
  2.5538572294E+00 -2.5792438923E+00  1.7850211789E+00  9.4889166016E-01 -4.1825557116E+00
  2.5393280656E+00 -2.5645741337E+00  1.7709269972E+00  9.5341470161E-01 -4.2507962418E+00
  2.5244817716E+00 -2.5495840119E+00  1.7575170087E+00  9.5730796607E-01 -4.3118961113E+00
  2.5093331596E+00 -2.5342884741E+00  1.7448083666E+00  9.6056268648E-01 -4.3655783521E+00
  2.4938973620E+00 -2.5187027903E+00  1.7328181386E+00  9.6317568415E-01 -4.4116420567E+00
  2.4781898880E+00 -2.5028426109E+00  1.7215632598E+00  9.6514928971E-01 -4.4499646314E+00
  2.4622266724E+00 -2.4867240165E+00  1.7110604844E+00  9.6649120467E-01 -4.4805026241E+00
  2.4460241176E+00 -2.4703635613E+00  1.7013263384E+00  9.6721430762E-01 -4.5032911532E+00
  2.4295991307E+00 -2.4537783119E+00  1.6923770723E+00  9.6733640832E-01 -4.5184420008E+00
  2.4034182884E+00 -2.4273416427E+00  1.6799539404E+00  9.6637179983E-01 -4.5272888995E+00
</Path of -GradDelSqRho>
<Path of -GradDelSqRho>
Starting CP# =      5
Ending CP# =     14
Number of Points =     41
  2.2501763849E+00 -2.2725344369E+00  2.4544228530E+00  2.2485056742E+01  1.2314450771E+03
  2.2456651257E+00 -2.2679768472E+00  2.4785863924E+00  1.5586065184E+01  1.1500670295E+03
  2.2411332517E+00 -2.2633984428E+00  2.5027421437E+00  1.0907213937E+01  9.8066235738E+02
  2.2365963429E+00 -2.2588149549E+00  2.5268959858E+00  7.7436860097E+00  7.7279473304E+02
  2.2320471047E+00 -2.2542190179E+00  2.5510451418E+00  5.6126955937E+00  5.7246916611E+02
  2.2274732622E+00 -2.2495982384E+00  2.5751849054E+00  4.1780305017E+00  4.0853337735E+02
  2.2228615233E+00 -2.2449391951E+00  2.5993100960E+00  3.2095653370E+00  2.8609660101E+02
  2.2181986215E+00 -2.2402284932E+00  2.6234154074E+00  2.5527731635E+00  1.9799553187E+02
  2.2134723890E+00 -2.2354538469E+00  2.6474957856E+00  2.1045146049E+00  1.3504092793E+02
  2.2086711778E+00 -2.2306034956E+00  2.6715461758E+00  1.7955981369E+00  9.0053480139E+01
  2.2037809272E+00 -2.2256632421E+00  2.6955602884E+00  1.5792806504E+00  5.8155138421E+01
  2.1987810218E+00 -2.2206122717E+00  2.7195287234E+00  1.4239548960E+00  3.5978185467E+01
  2.1936396162E+00 -2.2154184307E+00  2.7434365699E+00  1.3084167846E+00  2.0999743002E+01
  2.1883074714E+00 -2.2100320032E+00  2.7672597821E+00  1.2186556834E+00  1.1221937519E+01
  2.1827080235E+00 -2.2043756848E+00  2.7909585870E+00  1.1455916134E+00  5.0656903098E+00
  2.1767195248E+00 -2.1983265500E+00  2.8144639833E+00  1.0834676128E+00  1.3312125304E+00
  2.1701398655E+00 -2.1916805359E+00  2.8376466006E+00  1.0287417567E+00 -8.4592999984E-01
  2.1626079675E+00 -2.1840730786E+00  2.8602317862E+00  9.7940565434E-01 -2.0560742460E+00
  2.1533991768E+00 -2.1747725444E+00  2.8815040925E+00  9.3484422649E-01 -2.6843727459E+00
  2.1409307171E+00 -2.1621810040E+00  2.8989402744E+00  8.9744014798E-01 -2.9789507242E+00
  2.1241473387E+00 -2.1452337002E+00  2.9047122592E+00  8.7831348819E-01 -3.1204404152E+00
  2.1072496215E+00 -2.1281721230E+00  2.8981179672E+00  8.7889520043E-01 -3.2297679098E+00
  2.0914046858E+00 -2.1121739244E+00  2.8872773984E+00  8.8561895907E-01 -3.3354663433E+00
  2.0760940862E+00 -2.0967153279E+00  2.8749686660E+00  8.9346060280E-01 -3.4391132190E+00
  2.0611414433E+00 -2.0816181689E+00  2.8617994488E+00  9.0125368425E-01 -3.5402466578E+00
  2.0465146235E+00 -2.0668499797E+00  2.8479106346E+00  9.0871094592E-01 -3.6382767801E+00
  2.0322180376E+00 -2.0524152032E+00  2.8333439239E+00  9.1574155401E-01 -3.7326139866E+00
  2.0182642227E+00 -2.0383264906E+00  2.8181207884E+00  9.2229886388E-01 -3.8226891162E+00
  2.0046673516E+00 -2.0245981457E+00  2.8022588101E+00  9.2834826206E-01 -3.9079636796E+00
  1.9914419095E+00 -2.0112447883E+00  2.7857748737E+00  9.3386110426E-01 -3.9879382956E+00
  1.9786024601E+00 -1.9982811187E+00  2.7686858055E+00  9.3881384621E-01 -4.0621602731E+00
  1.9661636111E+00 -1.9857218825E+00  2.7510085669E+00  9.4318805439E-01 -4.1302303449E+00
  1.9541400048E+00 -1.9735818615E+00  2.7327603744E+00  9.4697049592E-01 -4.1918084275E+00
  1.9425463061E+00 -1.9618758622E+00  2.7139588053E+00  9.5015318004E-01 -4.2466182880E+00
  1.9313971864E+00 -1.9506186997E+00  2.6946218943E+00  9.5273333733E-01 -4.2944510309E+00
  1.9207073033E+00 -1.9398251782E+00  2.6747682204E+00  9.5471333903E-01 -4.3351673547E+00
  1.9104912780E+00 -1.9295100693E+00  2.6544169866E+00  9.5610056060E-01 -4.3686985647E+00
  1.9007636700E+00 -1.9196880882E+00  2.6335880903E+00  9.5690719337E-01 -4.3950463656E+00
  1.8915389499E+00 -1.9103738690E+00  2.6123021886E+00  9.5715000849E-01 -4.4142814866E+00
  1.8828314683E+00 -1.9015819382E+00  2.5905807574E+00  9.5685007743E-01 -4.4265412248E+00
  1.8720241267E+00 -1.8906699491E+00  2.5609031423E+00  9.5564551613E-01 -4.4323919847E+00
</Path of -GradDelSqRho>
<Path of -GradDelSqRho>
Starting CP# =      5
Ending CP# =      1
Number of Points =      7
  2.2501763849E+00 -2.2725344369E+00  2.4544228530E+00  2.2485056742E+01  1.2314450771E+03
  2.2546404466E+00 -2.2770443717E+00  2.4302416176E+00  3.2691385073E+01  9.8297608854E+02
  2.2590639208E+00 -2.2815133255E+00  2.4060453124E+00  4.7895935579E+01 -7.7744897326E+02
  2.2634694215E+00 -2.2859641314E+00  2.3818423813E+00  7.0478290344E+01 -6.3367651239E+03
  2.2678620813E+00 -2.2904019720E+00  2.3576347372E+00  1.0398709946E+02 -2.0444520940E+04
  2.2722332630E+00 -2.2948181263E+00  2.3334192399E+00  1.5425861662E+02 -7.4675359284E+04
  2.2798282723E+00 -2.3024912967E+00  2.2911396111E+00  2.9735816119E+02 -3.3300995852E+06
</Path of -GradDelSqRho>
<Path of -GradDelSqRho>
Starting CP# =     10
Ending CP# =     21
Number of Points =     18
  2.9681380497E+00 -2.3239227847E+00  2.1850458331E+00  7.6684860215E-01 -2.4466883954E+00
  2.9737443216E+00 -2.3143934656E+00  2.2056754730E+00  7.6280313183E-01 -2.4501352869E+00
  2.9788690657E+00 -2.3040905227E+00  2.2278681892E+00  7.5889014661E-01 -2.4610821764E+00
  2.9830949366E+00 -2.2936729526E+00  2.2501963407E+00  7.5538001220E-01 -2.4788950101E+00
  2.9864142503E+00 -2.2831551296E+00  2.2726304046E+00  7.5225039498E-01 -2.5028005287E+00
  2.9888187484E+00 -2.2725509991E+00  2.2951403965E+00  7.4947608090E-01 -2.5319138087E+00
  2.9902992338E+00 -2.2618740998E+00  2.3176956577E+00  7.4702974340E-01 -2.5652528263E+00
  2.9908452093E+00 -2.2511375831E+00  2.3402645610E+00  7.4488280687E-01 -2.6017561758E+00
  2.9904445275E+00 -2.2403542190E+00  2.3628141223E+00  7.4300641493E-01 -2.6403036567E+00
  2.9890830675E+00 -2.2295363749E+00  2.3853095040E+00  7.4137250530E-01 -2.6797393615E+00
  2.9867444728E+00 -2.2186959359E+00  2.4077133872E+00  7.3995497773E-01 -2.7188968377E+00
  2.9834100117E+00 -2.2078441129E+00  2.4299851903E+00  7.3873091590E-01 -2.7566258536E+00
  2.9790586652E+00 -2.1969910389E+00  2.4520801073E+00  7.3768178221E-01 -2.7918202500E+00
  2.9736676017E+00 -2.1861449679E+00  2.4739479349E+00  7.3679444303E-01 -2.8234462809E+00
  2.9672132597E+00 -2.1753107143E+00  2.4955316347E+00  7.3606179964E-01 -2.8505707227E+00
  2.9596732936E+00 -2.1644865832E+00  2.5167654492E+00  7.3548271313E-01 -2.8723878438E+00
  2.9510295869E+00 -2.1536580057E+00  2.5375718721E+00  7.3506087124E-01 -2.8882441246E+00
  2.9316150418E+00 -2.1329195025E+00  2.5754110418E+00  7.3471355443E-01 -2.9003822308E+00
</Path of -GradDelSqRho>
<Path of -GradDelSqRho>
Starting CP# =     10
Ending CP# =     15
Number of Points =     34
  2.9681380497E+00 -2.3239227847E+00  2.1850458331E+00  7.6684860215E-01 -2.4466883954E+00
  2.9617519885E+00 -2.3333383444E+00  2.1645618157E+00  7.7127699197E-01 -2.4502693822E+00
  2.9540896687E+00 -2.3432302393E+00  2.1429199770E+00  7.7643276588E-01 -2.4622135761E+00
  2.9455594334E+00 -2.3529479051E+00  2.1215253123E+00  7.8203882671E-01 -2.4828011120E+00
  2.9361712219E+00 -2.3624749006E+00  2.1004059569E+00  7.8809492399E-01 -2.5121601999E+00
  2.9259363927E+00 -2.3717944216E+00  2.0795895240E+00  7.9459477517E-01 -2.5502859015E+00
  2.9148679753E+00 -2.3808893483E+00  2.0591029098E+00  8.0152570618E-01 -2.5970449557E+00
  2.9029808698E+00 -2.3897422880E+00  2.0389720616E+00  8.0886835046E-01 -2.6521819020E+00
  2.8902919840E+00 -2.3983356110E+00  2.0192217210E+00  8.1659641843E-01 -2.7153260472E+00
  2.8768203022E+00 -2.4066514691E+00  1.9998751570E+00  8.2467655360E-01 -2.7859988987E+00
  2.8625868777E+00 -2.4146717866E+00  1.9809539038E+00  8.3306829479E-01 -2.8636217898E+00
  2.8476147519E+00 -2.4223782117E+00  1.9624775199E+00  8.4172416627E-01 -2.9475235501E+00
  2.8319288017E+00 -2.4297520141E+00  1.9444633848E+00  8.5058991808E-01 -3.0369481999E+00
  2.8155555272E+00 -2.4367739154E+00  1.9269265462E+00  8.5960493726E-01 -3.1310627716E+00
  2.7985227954E+00 -2.4434238372E+00  1.9098796277E+00  8.6870284598E-01 -3.2289654583E+00
  2.7808595615E+00 -2.4496805494E+00  1.8933328012E+00  8.7781229534E-01 -3.3296943585E+00
