 AIMInt (Version 19.02.13, Professional)
 Portions Copyright (c) 1997-2019 by Todd A. Keith
 AIMInt is a component of the AIMAll package ( http://aim.tkgristmill.com )

 TP:  64-bit Linux

 Licensed To:  Research Group of Fernando Cortes Guzman, UNAM, fercor@unam.mx

 AIMInt is a heavily modified and extended version of the PROAIMV program
 developed by members of R.F.W. Bader's research group

 Much of the Quantum Theory of Atoms in Molecules (QTAIM) is described in the book:
   "Atoms in Molecules - A Quantum Theory"
   R.F.W. Bader, Oxford University Press, Oxford, 1990

 For additional references see:  http://aim.tkgristmill.com/references.html

 Current Directory:  /home/scratch/M_H2O_4_tetraedrico/Opt

 Inp File:  Sc2_tetraedrico_cc-pvtz-def2-tzv_2_atomicfiles/o8.inp
 Wfx File:  Sc2_tetraedrico_cc-pvtz-def2-tzv_2.wfx
 Out File:  Sc2_tetraedrico_cc-pvtz-def2-tzv_2_atomicfiles/o8.int

 Wfx Title:   Sc2_tetraedrico_cc-pvtz-def2-tzv_2                                            
 Job Title:   Sc2_tetraedrico_cc-pvtz-def2-tzv_2                                            
 
<Atom>
O8      
</Atom>
<Nuclei of Molecule>
    13
Sc1       21.0          -4.3439083500E-06  -4.7607667689E-06   3.1517171717E-08
O2         8.0          -2.2788861588E+00   2.3033578427E+00   2.2912042450E+00
H3         1.0          -3.9304171050E+00   1.8848604612E+00   3.0202629193E+00
O4         8.0           2.3024435460E+00   2.2789156834E+00  -2.2920850223E+00
H5         1.0           3.9499312544E+00   1.8430920094E+00  -3.0201457826E+00
O6         8.0           2.2798280594E+00  -2.3024910818E+00   2.2911393319E+00
H7         1.0           1.8446863204E+00  -3.9500624165E+00   3.0194189570E+00
O8         8.0          -2.3034039102E+00  -2.2798005720E+00  -2.2902575765E+00
H9         1.0          -3.9512177320E+00  -1.8442806255E+00  -3.0177597347E+00
H10        1.0           1.8836667335E+00   3.9304631610E+00  -3.0209487744E+00
H11        1.0           3.9316174191E+00  -1.8833501381E+00   3.0192420983E+00
H12        1.0          -1.8430855053E+00   3.9511674255E+00   3.0185497562E+00
H13        1.0          -1.8849424553E+00  -3.9316448792E+00  -3.0186279255E+00
</Nuclei of Molecule>
<Total Number of CPs of DelSqRho>
    34
</Total Number of CPs of DelSqRho>
<Number of (3,+3) CPs of DelSqRho>
     5
</Number of (3,+3) CPs of DelSqRho>
<Number of (3,+1) CPs of DelSqRho>
    12
</Number of (3,+1) CPs of DelSqRho>
<Number of (3,-1) CPs of DelSqRho>
    11
</Number of (3,-1) CPs of DelSqRho>
<Number of (3,-3) CPs of DelSqRho>
     6
</Number of (3,-3) CPs of DelSqRho>
<Number of Degenerate CPs of DelSqRho>
     0
</Number of Degenerate CPs of DelSqRho>
<CP of DelSqRho>
CP# = 1       
Type = (3,+3)
Coords = -2.30340412529074E+00 -2.27980078480081E+00 -2.29025785561536E+00
DistFromNuc =  4.1167761645E-07
Rho =  2.9735816240E+02
DelSqRho = -3.3300996003E+06
GradDelSqRho =  3.2151438063E-06  9.5191498986E-06 -4.1316925490E-06
HessDelSqRho_EigVals =  1.3243064690E+11  1.3243066292E+11  1.3243067279E+11
HessDelSqRho_EigVec1 = -4.4136757154E-01 -4.3723214248E-01  7.8359601861E-01
HessDelSqRho_EigVec2 =  5.5704848491E-01  5.5110779999E-01  6.2127061595E-01
HessDelSqRho_EigVec3 = -7.0348536037E-01  7.1070967798E-01  3.1839118465E-04
</CP of DelSqRho>
<CP of DelSqRho>
CP# = 2       
Type = (3,-1)
Coords = -1.33196509653768E+00 -1.31830324449129E+00 -1.23880514403135E+00
DistFromNuc =  1.7244485197E+00
Rho =  8.3279461630E-02
DelSqRho =  2.7367903374E-01
GradDelSqRho = -5.0991762895E-13 -5.0295878573E-13 -1.3340648031E-12
HessDelSqRho_EigVals = -2.9742367782E-01 -2.5590056089E-01  2.4819043126E+00
HessDelSqRho_EigVec1 = -4.1453780740E-01 -4.1063261491E-01  8.1212022620E-01
HessDelSqRho_EigVec2 = -7.0354972053E-01  7.1064600803E-01  2.0498198447E-04
HessDelSqRho_EigVec3 =  5.7721416908E-01  5.7128198540E-01  5.8349009946E-01
</CP of DelSqRho>
<CP of DelSqRho>
CP# = 3       
Type = (3,+1)
Coords = -3.32307619706350E+00 -2.00861495286989E+00 -2.73985944011275E+00
DistFromNuc =  1.1469154496E+00
Rho =  4.1792614543E-01
DelSqRho = -9.8512070538E-01
GradDelSqRho =  4.9960036108E-16 -2.7755575616E-16  2.7616797738E-15
HessDelSqRho_EigVals = -3.2175536973E+01  1.5140471612E+01  1.6014208735E+01
HessDelSqRho_EigVec1 =  8.8916161874E-01 -2.3350297596E-01  3.9353268730E-01
HessDelSqRho_EigVec2 = -4.5758299978E-01 -4.5948208191E-01  7.6124504249E-01
HessDelSqRho_EigVec3 = -3.0682356033E-03  8.5694374180E-01  5.1540082394E-01
</CP of DelSqRho>
<CP of DelSqRho>
CP# = 4       
Type = (3,+1)
Coords = -2.41217835160553E+00 -2.38750306151457E+00 -2.21979470606563E+00
DistFromNuc =  1.6851326789E-01
Rho =  2.2509560610E+01
DelSqRho =  1.2347220477E+03
GradDelSqRho =  1.5262457964E-11  1.0402345652E-11  6.6080474426E-12
HessDelSqRho_EigVals = -4.0944639118E+05  1.7040130391E+03  3.3382100465E+03
HessDelSqRho_EigVec1 =  6.4376345530E-01  6.3742212984E-01 -4.2339301129E-01
HessDelSqRho_EigVec2 = -3.0109369051E-01 -2.9766477856E-01 -9.0594606304E-01
HessDelSqRho_EigVec3 = -7.0349925597E-01  7.1069593216E-01  2.9807511980E-04
</CP of DelSqRho>
<CP of DelSqRho>
CP# = 5       
Type = (3,+1)
Coords = -2.27351734851002E+00 -2.25014622393341E+00 -2.45355344475401E+00
DistFromNuc =  1.6863608016E-01
Rho =  2.2485058860E+01
DelSqRho =  1.2314452821E+03
GradDelSqRho =  5.9330318436E-12  1.9468870960E-12 -1.3073986338E-11
HessDelSqRho_EigVals = -4.0655491642E+05  1.8922000423E+03  3.4734284393E+03
HessDelSqRho_EigVec1 = -1.8102794146E-01 -1.7961169970E-01  9.6693770314E-01
HessDelSqRho_EigVec2 =  6.8724947469E-01  6.8018877838E-01  2.5501251991E-01
HessDelSqRho_EigVec3 = -7.0350340721E-01  7.1069182006E-01  3.0487191535E-04
</CP of DelSqRho>
<CP of DelSqRho>
CP# = 6       
Type = (3,-1)
Coords = -2.40059135733283E+00 -2.37596102997807E+00 -2.38976047495923E+00
DistFromNuc =  1.6909482656E-01
Rho =  2.2283128933E+01
DelSqRho =  1.2433124984E+03
GradDelSqRho =  8.2707174442E-12  4.0500935938E-12  1.2619238987E-11
HessDelSqRho_EigVals = -3.9989077567E+05 -1.2355109152E+03  2.0562065322E+03
HessDelSqRho_EigVec1 =  5.7506046221E-01  5.6898425115E-01  5.8784554667E-01
HessDelSqRho_EigVec2 =  4.1760656890E-01  4.1372361921E-01 -8.0897312719E-01
HessDelSqRho_EigVec3 = -7.0349855608E-01  7.1069662223E-01  3.0453480639E-04
</CP of DelSqRho>
<CP of DelSqRho>
CP# = 7       
Type = (3,-1)
Coords = -2.21288638555878E+00 -2.19022682079872E+00 -2.18272681681398E+00
DistFromNuc =  1.6667256355E-01
Rho =  2.2816760520E+01
DelSqRho =  1.2979739538E+03
GradDelSqRho =  5.2864379541E-12 -4.0927261580E-12 -4.0927261580E-12
HessDelSqRho_EigVals = -4.5816615069E+05 -3.2922378022E+03  3.9714826015E+02
HessDelSqRho_EigVec1 =  5.4296448278E-01  5.3730235485E-01  6.4536481924E-01
HessDelSqRho_EigVec2 =  4.5849421024E-01  4.5417934037E-01 -7.6387445693E-01
HessDelSqRho_EigVec3 = -7.0354291242E-01  7.1065273253E-01  2.5323178729E-04
</CP of DelSqRho>
<CP of DelSqRho>
CP# = 8       
Type = (3,-3)
Coords = -2.31418923771654E+00 -2.13411790162605E+00 -2.20948054401663E+00
DistFromNuc =  1.6692720782E-01
Rho =  2.2724849691E+01
DelSqRho =  1.2993629044E+03
GradDelSqRho = -8.7538865046E-12  6.6506800067E-11  5.4029669627E-11
HessDelSqRho_EigVals = -4.5255625657E+05 -3.6445428486E+03 -6.7431144411E+02
HessDelSqRho_EigVec1 = -6.1127727783E-02  8.7190618547E-01  4.8584257186E-01
HessDelSqRho_EigVec2 = -4.4985876932E-01 -4.5857825408E-01  7.6637658664E-01
HessDelSqRho_EigVec3 =  8.9100532466E-01 -1.7171368209E-01  4.2026649024E-01
</CP of DelSqRho>
<CP of DelSqRho>
CP# = 9       
Type = (3,-3)
Coords = -2.15780319960261E+00 -2.29210755106555E+00 -2.20955031276071E+00
DistFromNuc =  1.6692720291E-01
Rho =  2.2724846081E+01
DelSqRho =  1.2993638806E+03
GradDelSqRho =  3.6379788071E-12  2.8421709430E-14  1.4210854715E-12
HessDelSqRho_EigVals = -4.5255649422E+05 -3.6446149448E+03 -6.7447124206E+02
HessDelSqRho_EigVec1 =  8.7145165879E-01 -7.0236040771E-02  4.8542651861E-01
HessDelSqRho_EigVec2 = -4.6280530612E-01 -4.4549874046E-01  7.6638248994E-01
HessDelSqRho_EigVec3 = -1.6242923082E-01  8.9252326067E-01  4.2073622871E-01
</CP of DelSqRho>
<CP of DelSqRho>
CP# = 10      
Type = (3,-1)
Coords = -1.69963095056532E+00 -2.63982750250703E+00 -2.15036646536409E+00
DistFromNuc =  7.1675009621E-01
Rho =  6.6945412857E-01
DelSqRho = -1.0079517044E+00
GradDelSqRho = -1.0658141036E-14  1.7763568394E-14 -2.2204460493E-15
HessDelSqRho_EigVals = -1.5586056205E+01 -1.1735790744E+01  1.4388930231E+02
HessDelSqRho_EigVec1 =  2.7267975286E-01  7.5977864640E-01  5.9023907093E-01
HessDelSqRho_EigVec2 =  4.4653420116E-01  4.4346691394E-01 -7.7713853555E-01
HessDelSqRho_EigVec3 =  8.5220476388E-01 -4.7547187585E-01  2.1834270243E-01
</CP of DelSqRho>
<CP of DelSqRho>
CP# = 11      
Type = (3,+1)
Coords = -2.99185320051914E+00 -2.29438226717070E+00 -2.18390594379230E+00
DistFromNuc =  6.9676805391E-01
Rho =  7.6684849695E-01
DelSqRho = -2.4466861347E+00
GradDelSqRho = -7.1054273576E-15  6.2172489379E-15  0.0000000000E+00
HessDelSqRho_EigVals = -1.2828997783E+01  1.2913317964E+01  1.7800270664E+02
HessDelSqRho_EigVec1 =  2.5235107336E-01 -4.0704873172E-01  8.7785549254E-01
HessDelSqRho_EigVec2 =  3.6761706013E-02  9.1059490041E-01  4.1166188106E-01
HessDelSqRho_EigVec3 =  9.6693718139E-01  7.1611852008E-02 -2.4475340632E-01
</CP of DelSqRho>
<CP of DelSqRho>
CP# = 12      
Type = (3,-1)
Coords = -2.65723270061372E+00 -1.67246290740839E+00 -2.14997233733878E+00
DistFromNuc =  7.1675225852E-01
Rho =  6.6945112858E-01
DelSqRho = -1.0079301723E+00
GradDelSqRho = -1.2878587086E-14  4.4408920985E-15 -3.5527136788E-15
HessDelSqRho_EigVals = -1.5586282361E+01 -1.1735793436E+01  1.4388714855E+02
HessDelSqRho_EigVec1 =  7.6274104441E-01  2.6471226219E-01  5.9004535200E-01
HessDelSqRho_EigVec2 =  4.4766443955E-01  4.4233566731E-01 -7.7713300469E-01
HessDelSqRho_EigVec3 = -4.6671474021E-01  8.5689356146E-01  2.1888530237E-01
</CP of DelSqRho>
<CP of DelSqRho>
CP# = 13      
Type = (3,+1)
Coords = -2.32492956163472E+00 -2.96810848781645E+00 -2.18418026313801E+00
DistFromNuc =  6.9676648673E-01
Rho =  7.6685286728E-01
DelSqRho = -2.4467281250E+00
GradDelSqRho =  7.1054273576E-15 -3.5527136788E-15 -6.6613381478E-15
HessDelSqRho_EigVals = -1.2828958340E+01  1.2913492627E+01  1.7800547327E+02
HessDelSqRho_EigVec1 = -4.0410213008E-01  2.5610853030E-01  8.7812862906E-01
HessDelSqRho_EigVec2 =  9.1109190450E-01  2.7348778099E-02  4.1129501077E-01
HessDelSqRho_EigVec3 =  8.1320415709E-02  9.6626107499E-01 -2.4439010812E-01
</CP of DelSqRho>
<CP of DelSqRho>
CP# = 14      
Type = (3,+3)
Coords = -2.42800142998537E+00 -2.40339024148362E+00 -1.67902026307249E+00
DistFromNuc =  6.3593238761E-01
Rho =  9.6637131126E-01
DelSqRho = -4.5272850158E+00
GradDelSqRho = -7.9936057773E-15  8.8817841970E-15 -6.3948846218E-14
HessDelSqRho_EigVals =  1.1246370176E+01  2.4248542589E+01  3.4814532969E+02
HessDelSqRho_EigVec1 =  6.8003073604E-01  6.7306028137E-01  2.9077148361E-01
HessDelSqRho_EigVec2 = -7.0351720711E-01  7.1067816604E-01  2.8915410568E-04
HessDelSqRho_EigVec3 = -2.0645032656E-01 -2.0475937573E-01  9.5679248571E-01
</CP of DelSqRho>
<CP of DelSqRho>
CP# = 15      
Type = (3,+3)
Coords = -1.89162521027559E+00 -1.87206749977192E+00 -2.56019269254105E+00
DistFromNuc =  6.3927531064E-01
Rho =  9.5564596879E-01
DelSqRho = -4.4323931938E+00
GradDelSqRho =  4.8352433168E-12  4.7748471843E-12 -4.3200998334E-12
HessDelSqRho_EigVals =  1.0272460722E+01  2.3852433823E+01  3.3185074971E+02
HessDelSqRho_EigVec1 =  3.1230175193E-01  3.0878630746E-01  8.9839781393E-01
HessDelSqRho_EigVec2 = -7.0351105530E-01  7.1068425654E-01  2.8736459379E-04
HessDelSqRho_EigVec3 =  6.3838844821E-01  6.3212253862E-01 -4.3918251941E-01
</CP of DelSqRho>
<CP of DelSqRho>
CP# = 16      
Type = (3,+1)
Coords = -2.61527254986965E+00 -1.93214658472305E+00 -2.80704622126801E+00
DistFromNuc =  6.9656000940E-01
Rho =  7.6656555718E-01
DelSqRho = -2.4256808976E+00
GradDelSqRho = -4.4408920985E-15  2.6645352591E-15 -1.2434497876E-14
HessDelSqRho_EigVals = -1.2739229555E+01  1.2620306841E+01  1.7749175567E+02
HessDelSqRho_EigVec1 =  9.3403142424E-01  2.5256520081E-01 -2.5257893393E-01
HessDelSqRho_EigVec2 = -6.4784438825E-02  8.1518372660E-01  5.7556795287E-01
HessDelSqRho_EigVec3 =  3.5126667222E-01 -5.2123537028E-01  7.7776951197E-01
</CP of DelSqRho>
<CP of DelSqRho>
CP# = 17      
Type = (3,-1)
Coords = -2.70129713994163E+00 -2.67348043879817E+00 -2.75083576439289E+00
DistFromNuc =  7.2486904128E-01
Rho =  6.6885697260E-01
DelSqRho = -1.0596114761E+00
GradDelSqRho = -3.4505731605E-13 -3.4150460237E-13 -5.8708593542E-13
HessDelSqRho_EigVals = -1.8437533363E+01 -4.9624122598E+00  1.3377793219E+02
HessDelSqRho_EigVec1 = -7.0350603189E-01  7.1068922598E-01  2.9524715337E-04
HessDelSqRho_EigVec2 =  4.5083312944E-01  4.4659746719E-01 -7.7285198563E-01
HessDelSqRho_EigVec3 =  5.4938943610E-01  5.4357292645E-01  6.3458625981E-01
</CP of DelSqRho>
<CP of DelSqRho>
CP# = 18      
Type = (3,+1)
Coords = -1.95914490952148E+00 -2.59496134070569E+00 -2.80731929611360E+00
DistFromNuc =  6.9655824710E-01
Rho =  7.6656961003E-01
DelSqRho = -2.4257114389E+00
GradDelSqRho =  1.2878587086E-14 -1.0658141036E-14 -1.5987211555E-14
HessDelSqRho_EigVals = -1.2739305131E+01  1.2620337614E+01  1.7749474037E+02
HessDelSqRho_EigVec1 =  2.6192709911E-01  9.3152709205E-01 -2.5229243256E-01
HessDelSqRho_EigVec2 =  8.1471869935E-01 -7.3295723566E-02  5.7520533536E-01
HessDelSqRho_EigVec3 = -5.1732739699E-01  3.5620922740E-01  7.7813067710E-01
</CP of DelSqRho>
<CP of DelSqRho>
CP# = 19      
Type = (3,+1)
Coords = -1.94221852126296E+00 -1.92243145205892E+00 -1.86736982689998E+00
DistFromNuc =  6.6106098190E-01
Rho =  8.7264529257E-01
DelSqRho = -3.5620596332E+00
GradDelSqRho = -2.1316282073E-14 -1.9539925233E-14 -2.1316282073E-14
HessDelSqRho_EigVals = -7.0985442021E+00  1.9430662402E+01  2.6215380808E+02
HessDelSqRho_EigVec1 =  4.5643073739E-01  4.5213560638E-01 -7.6631871660E-01
HessDelSqRho_EigVec2 =  7.0351070777E-01 -7.1068459967E-01 -2.8956790391E-04
HessDelSqRho_EigVec3 =  5.4474183428E-01  5.3898125500E-01  6.4246053633E-01
</CP of DelSqRho>
<CP of DelSqRho>
CP# = 20      
Type = (3,+3)
Coords = -2.13409538975348E+00 -2.93160684841672E+00 -2.57463674283888E+00
DistFromNuc =  7.3101867783E-01
Rho =  7.3471877344E-01
DelSqRho = -2.9004381745E+00
GradDelSqRho =  1.7208456882E-15 -1.3322676296E-14  8.8817841970E-16
HessDelSqRho_EigVals =  1.0943042506E+01  2.1889738563E+01  1.3123927157E+02
HessDelSqRho_EigVec1 =  4.4878806923E-01  4.5191814773E-01 -7.7094698694E-01
HessDelSqRho_EigVec2 =  8.6236265593E-01  7.2264056427E-03  5.0623949739E-01
HessDelSqRho_EigVec3 = -2.3434999163E-01  8.9203013784E-01  3.8647420950E-01
</CP of DelSqRho>
<CP of DelSqRho>
CP# = 21      
Type = (3,+3)
Coords = -2.95357605416687E+00 -2.10376518425142E+00 -2.57429668125027E+00
DistFromNuc =  7.3102016908E-01
Rho =  7.3471450169E-01
DelSqRho = -2.9003914771E+00
GradDelSqRho = -5.4853899201E-12  1.0460521338E-12 -1.8531842727E-12
HessDelSqRho_EigVals =  1.0942943690E+01  2.1889599356E+01  1.3123738824E+02
HessDelSqRho_EigVec1 = -4.5613427091E-01 -4.4449941003E-01  7.7094863732E-01
HessDelSqRho_EigVec2 =  1.6183899063E-02  8.6203444643E-01  5.0659125000E-01
HessDelSqRho_EigVec3 =  8.8976379355E-01 -2.4355058540E-01  3.8600972014E-01
</CP of DelSqRho>
<CP of DelSqRho>
CP# = 22      
Type = (3,-3)
Coords = -2.69351667793948E+00 -2.66554269009714E+00 -3.31835184744511E+00
DistFromNuc =  1.1653166022E+00
Rho =  2.5018663927E-01
DelSqRho =  8.4673794887E-01
GradDelSqRho =  5.5842830360E-13  5.5144083744E-13  2.5424107264E-12
HessDelSqRho_EigVals = -1.7279284283E+01 -3.0488863154E+00 -1.8539537307E-01
HessDelSqRho_EigVec1 =  3.3262759659E-01  3.2889806100E-01  8.8384667644E-01
HessDelSqRho_EigVec2 = -7.0350534782E-01  7.1068990322E-01  2.9503069143E-04
HessDelSqRho_EigVec3 =  6.2804387392E-01  6.2188899888E-01 -4.6777661923E-01
</CP of DelSqRho>
<CP of DelSqRho>
CP# = 23      
Type = (3,-1)
Coords = -2.44932057022797E+00 -1.43086275243791E+00 -3.11236322101979E+00
DistFromNuc =  1.1907328768E+00
Rho =  2.4459666872E-01
DelSqRho =  7.0815463702E-01
GradDelSqRho =  4.4408920985E-16 -9.8532293435E-16  0.0000000000E+00
HessDelSqRho_EigVals = -1.6855560688E+01 -1.3305465347E+00  3.1908744981E-01
HessDelSqRho_EigVec1 = -1.0426226599E-01  7.2286837541E-01 -6.8307444084E-01
HessDelSqRho_EigVec2 =  9.7444776979E-01  2.1164008935E-01  7.5233081380E-02
HessDelSqRho_EigVec3 = -1.9894955101E-01  6.5777639393E-01  7.2646355156E-01
</CP of DelSqRho>
<CP of DelSqRho>
CP# = 24      
Type = (3,-1)
Coords = -1.45634310312887E+00 -2.43397575041400E+00 -3.11278949867546E+00
DistFromNuc =  1.1907311869E+00
Rho =  2.4459617214E-01
DelSqRho =  7.0816702029E-01
GradDelSqRho = -2.9837243787E-15  5.8980598183E-16  1.9845236565E-15
HessDelSqRho_EigVals = -1.6855875135E+01 -1.3305401448E+00  3.1905026551E-01
HessDelSqRho_EigVec1 =  7.2148132992E-01 -1.1130175496E-01 -6.8343003294E-01
HessDelSqRho_EigVec2 =  2.2153910758E-01  9.7222122525E-01  7.5540141495E-02
HessDelSqRho_EigVec3 =  6.5603743368E-01 -2.0590728134E-01  7.2609715404E-01
</CP of DelSqRho>
<CP of DelSqRho>
CP# = 25      
Type = (3,+1)
Coords = -1.46701898799277E+00 -1.45195171201493E+00 -1.94929695604352E+00
DistFromNuc =  1.2252051329E+00
Rho =  2.4174469350E-01
DelSqRho =  5.0673533540E-01
GradDelSqRho = -3.7553293808E-14 -3.7719827262E-14 -1.1376316555E-14
HessDelSqRho_EigVals = -1.3025307116E+01  1.3541501512E-01  5.4523123502E-01
HessDelSqRho_EigVec1 =  6.8169756099E-01  6.7474078152E-01  2.8286624596E-01
HessDelSqRho_EigVec2 = -2.0082638119E-01 -1.9920382126E-01  9.5915932056E-01
HessDelSqRho_EigVec3 = -7.0353194665E-01  7.1066357396E-01  2.9100970144E-04
</CP of DelSqRho>
<CP of DelSqRho>
CP# = 26      
Type = (3,-3)
Coords = -1.33689766815792E+00 -2.82560142901801E+00 -2.02789518709076E+00
DistFromNuc =  1.1405555290E+00
Rho =  2.4627686892E-01
DelSqRho =  8.3730360942E-01
GradDelSqRho =  1.8041124150E-15  1.2490009027E-16  4.0245584643E-16
HessDelSqRho_EigVals = -1.7619894968E+01 -1.7879818411E+00 -5.2040487473E-01
HessDelSqRho_EigVec1 =  8.5764869162E-01 -4.4787856898E-01  2.5267273143E-01
HessDelSqRho_EigVec2 =  2.3037838137E-01  7.7393460878E-01  5.8987373456E-01
HessDelSqRho_EigVec3 = -4.5974397566E-01 -4.4769410179E-01  7.6694554440E-01
</CP of DelSqRho>
<CP of DelSqRho>
CP# = 27      
Type = (3,-3)
Coords = -3.09005519136069E+00 -3.05834902663995E+00 -2.65340841490428E+00
DistFromNuc =  1.1648332352E+00
Rho =  2.5003749906E-01
DelSqRho =  8.4804616535E-01
GradDelSqRho =  5.5250248820E-12  5.4703186425E-12  1.0012199403E-12
HessDelSqRho_EigVals = -1.7253068360E+01 -3.0422807595E+00 -2.0031197322E-01
HessDelSqRho_EigVec1 =  6.7607682297E-01  6.6911523247E-01  3.0855296971E-01
HessDelSqRho_EigVec2 = -7.0350549181E-01  7.1068976152E-01  2.9302215911E-04
HessDelSqRho_EigVec3 = -2.1908937087E-01 -2.1726681420E-01  9.5120711678E-01
</CP of DelSqRho>
<CP of DelSqRho>
CP# = 28      
Type = (3,-3)
Coords = -2.83926435448063E+00 -1.30791271862510E+00 -2.02727705712506E+00
DistFromNuc =  1.1405573939E+00
Rho =  2.4627837313E-01
DelSqRho =  8.3729887075E-01
GradDelSqRho =  5.8286708793E-16 -1.7208456882E-15  0.0000000000E+00
HessDelSqRho_EigVals = -1.7619638447E+01 -1.7881122299E+00 -5.2044282778E-01
HessDelSqRho_EigVec1 = -4.3905085325E-01  8.6204457288E-01  2.5320644270E-01
HessDelSqRho_EigVec2 =  7.7647082743E-01  2.2226990647E-01  5.8965171316E-01
HessDelSqRho_EigVec3 =  4.5202588689E-01  4.5549450386E-01 -7.6694025487E-01
</CP of DelSqRho>
<CP of DelSqRho>
CP# = 29      
Type = (3,-1)
Coords = -2.33480510790327E+00 -3.28786661363619E+00 -1.65803650639314E+00
DistFromNuc =  1.1903304839E+00
Rho =  2.4396438577E-01
DelSqRho =  7.1417981394E-01
GradDelSqRho =  3.6614114518E-13  4.2931214139E-12 -3.0528773953E-12
HessDelSqRho_EigVals = -1.7058802862E+01 -1.2187490675E+00  2.9680911085E-01
HessDelSqRho_EigVec1 =  2.3152068811E-02  8.3543166070E-01 -5.4910647602E-01
HessDelSqRho_EigVec2 = -2.2846025449E-01  5.3914106556E-01  8.1063729469E-01
HessDelSqRho_EigVec3 =  9.7327791192E-01  1.0668107483E-01  2.0334516087E-01
</CP of DelSqRho>
<CP of DelSqRho>
CP# = 30      
Type = (3,+1)
Coords = -2.04277383296401E+00 -3.30198620360743E+00 -2.74039672810799E+00
DistFromNuc =  1.1469161950E+00
Rho =  4.1792629687E-01
DelSqRho = -9.8512814432E-01
GradDelSqRho =  2.5701663020E-14 -7.4190653621E-14 -2.1788126858E-14
HessDelSqRho_EigVals = -3.2175707130E+01  1.5140558522E+01  1.6014273781E+01
HessDelSqRho_EigVec1 = -2.2429736094E-01  8.9132119589E-01  3.9400154775E-01
HessDelSqRho_EigVec2 = -4.6378283629E-01 -4.5321396072E-01  7.6125067262E-01
HessDelSqRho_EigVec3 =  8.5708586188E-01 -1.1984638434E-02  5.1503416761E-01
</CP of DelSqRho>
<CP of DelSqRho>
CP# = 31      
Type = (3,-1)
Coords = -2.92959877626107E+00 -2.89934812453974E+00 -3.05513567245762E+00
DistFromNuc =  1.1666180531E+00
Rho =  2.5294089230E-01
DelSqRho =  8.4170000680E-01
GradDelSqRho =  2.0261570199E-15  6.9388939039E-16  4.9960036108E-16
HessDelSqRho_EigVals = -1.6423469831E+01 -4.3263490016E+00  1.2419319248E-01
HessDelSqRho_EigVec1 =  5.3695153281E-01  5.3125250476E-01  6.5532726756E-01
HessDelSqRho_EigVec2 =  7.0350628364E-01 -7.1068897678E-01 -2.9523923513E-04
HessDelSqRho_EigVec3 =  4.6557701865E-01  4.6118537973E-01 -7.5534501073E-01
</CP of DelSqRho>
<CP of DelSqRho>
CP# = 32      
Type = (3,-1)
Coords = -3.31147695002278E+00 -2.30119878038765E+00 -1.65762918616001E+00
DistFromNuc =  1.1903309696E+00
Rho =  2.4396489547E-01
DelSqRho =  7.1417317321E-01
GradDelSqRho =  1.5543122345E-15 -2.6194324487E-16 -5.8286708793E-16
HessDelSqRho_EigVals = -1.7058597603E+01 -1.2187954119E+00  2.9682864277E-01
HessDelSqRho_EigVec1 =  8.3539757740E-01  1.4871120635E-02 -5.4944493578E-01
HessDelSqRho_EigVec2 =  5.3712461173E-01 -2.3424357448E-01  8.1032530461E-01
HessDelSqRho_EigVec3 =  1.1665350038E-01  9.7206419417E-01  2.0367415954E-01
</CP of DelSqRho>
<CP of DelSqRho>
CP# = 33      
Type = (3,+1)
Coords = -3.50077142319816E+00 -1.50487790880452E+00 -3.69884060959070E+00
DistFromNuc =  2.0045698432E+00
Rho =  7.5049257972E-02
DelSqRho =  1.8000614529E-01
GradDelSqRho =  1.5681900223E-14 -1.5137197051E-14  1.8908485888E-15
HessDelSqRho_EigVals = -1.6463267750E+00  2.7472880813E-02  5.6542782128E-01
HessDelSqRho_EigVec1 =  1.7714189078E-01 -4.5736907648E-01  8.7145526472E-01
HessDelSqRho_EigVec2 =  4.2656731736E-02  8.8819440303E-01  4.5748344852E-01
HessDelSqRho_EigVec3 =  9.8326047097E-01  4.3866049623E-02 -1.7684630593E-01
</CP of DelSqRho>
<CP of DelSqRho>
CP# = 34      
Type = (3,+1)
Coords = -1.54134440519319E+00 -3.48438643009791E+00 -3.69969632334210E+00
DistFromNuc =  2.0045646310E+00
Rho =  7.5049572366E-02
DelSqRho =  1.8000908897E-01
GradDelSqRho = -2.7755575616E-16  5.2041704279E-18  4.9266146718E-16
HessDelSqRho_EigVals = -1.6464007151E+00  2.7467105661E-02  5.6541848594E-01
HessDelSqRho_EigVec1 = -4.5511683677E-01  1.8139786366E-01  8.7175884277E-01
HessDelSqRho_EigVec2 =  8.8881076871E-01  3.3500016903E-02  4.5704831943E-01
HessDelSqRho_EigVec3 =  5.3703652764E-02  9.8283903256E-01 -1.7647479636E-01
</CP of DelSqRho>
<Path of -GradDelSqRho>
Starting CP# =      3
Ending CP# =     21
Number of Points =     17
 -3.3230761971E+00 -2.0086149529E+00 -2.7398594401E+00  4.1792614543E-01 -9.8512070538E-01
 -3.3008472509E+00 -2.0144570037E+00 -2.7300235678E+00  4.2922892153E-01 -9.9521133889E-01
 -3.2786184936E+00 -2.0203082857E+00 -2.7201927571E+00  4.4158716864E-01 -1.0256550971E+00
 -3.2563899186E+00 -2.0261685102E+00 -2.7103668619E+00  4.5501184795E-01 -1.0767345547E+00
 -3.2341615247E+00 -2.0320370637E+00 -2.7005455291E+00  4.6950729104E-01 -1.1486759798E+00
 -3.2119333175E+00 -2.0379130046E+00 -2.6907281916E+00  4.8507051674E-01 -1.2415106833E+00
 -3.1897053106E+00 -2.0437950566E+00 -2.6809140605E+00  5.0169060131E-01 -1.3549073516E+00
 -3.1674775279E+00 -2.0496815894E+00 -2.6711021083E+00  5.1934821016E-01 -1.4879807176E+00
 -3.1452500066E+00 -2.0555705757E+00 -2.6612910359E+00  5.3801541833E-01 -1.6390839965E+00
 -3.1230228026E+00 -2.0614595076E+00 -2.6514792124E+00  5.5765596350E-01 -1.8055945016E+00
 -3.1007959986E+00 -2.0673452465E+00 -2.6416645672E+00  5.7822608806E-01 -1.9837030311E+00
 -3.0785697208E+00 -2.0732237497E+00 -2.6318443961E+00  5.9967613440E-01 -2.1682168224E+00
 -3.0563441700E+00 -2.0790895454E+00 -2.6220149862E+00  6.2195306157E-01 -2.3523810154E+00
 -3.0341196936E+00 -2.0849346070E+00 -2.6121708092E+00  6.4500405060E-01 -2.5277107091E+00
 -3.0118969762E+00 -2.0907454905E+00 -2.6023024647E+00  6.6878135717E-01 -2.6837977106E+00
 -2.9896777200E+00 -2.0964937674E+00 -2.5923897959E+00  6.9324848004E-01 -2.8080011907E+00
 -2.9535760542E+00 -2.1037651843E+00 -2.5742966813E+00  7.3471450169E-01 -2.9003914771E+00
</Path of -GradDelSqRho>
<Path of -GradDelSqRho>
Starting CP# =      3
Ending CP# =      0
Number of Points =     29
 -3.3230761971E+00 -2.0086149529E+00 -2.7398594401E+00  4.1792614543E-01 -9.8512070538E-01
 -3.3453053357E+00 -2.0027818000E+00 -2.7497001573E+00  4.0766189790E-01 -9.9515017124E-01
 -3.3675346867E+00 -1.9969575427E+00 -2.7595456624E+00  3.9841380847E-01 -1.0251860378E+00
 -3.3897642646E+00 -1.9911416009E+00 -2.7693955701E+00  3.9015448414E-01 -1.0752630778E+00
 -3.4119940828E+00 -1.9853331818E+00 -2.7792493738E+00  3.8285176029E-01 -1.1455447141E+00
 -3.4342241508E+00 -1.9795313483E+00 -2.7891064929E+00  3.7646880602E-01 -1.2362391327E+00
 -3.4564544713E+00 -1.9737351029E+00 -2.7989663301E+00  3.7096414094E-01 -1.3474272694E+00
 -3.4786850347E+00 -1.9679434849E+00 -2.8088283385E+00  3.6629168173E-01 -1.4787714244E+00
 -3.5009158139E+00 -1.9621556784E+00 -2.8186920981E+00  3.6240102594E-01 -1.6290778642E+00
 -3.5231467552E+00 -1.9563711342E+00 -2.8285574057E+00  3.5923830109E-01 -1.7957214786E+00
 -3.5453777669E+00 -1.9505897134E+00 -2.8384243856E+00  3.5674804546E-01 -1.9740305580E+00
 -3.5676087008E+00 -1.9448118725E+00 -2.8482936372E+00  3.5487669637E-01 -2.1568962817E+00
 -3.5898393276E+00 -1.9390388997E+00 -2.8581664289E+00  3.5357824838E-01 -2.3351074194E+00
 -3.6120693208E+00 -1.9332730822E+00 -2.8680448265E+00  3.5282236025E-01 -2.4991453208E+00
 -3.6342983662E+00 -1.9275168810E+00 -2.8779309620E+00  3.5260447313E-01 -2.6432473093E+00
 -3.6565268047E+00 -1.9217676898E+00 -2.8878225403E+00  3.5295626029E-01 -2.7722300626E+00
 -3.6787567667E+00 -1.9160080009E+00 -2.8977045791E+00  3.5395308676E-01 -2.9106678536E+00
 -3.7009905930E+00 -1.9102171606E+00 -2.9075596772E+00  3.5571352507E-01 -3.1125625880E+00
 -3.7232279522E+00 -1.9043962624E+00 -2.9173890675E+00  3.5838496218E-01 -3.4679775420E+00
 -3.7454674199E+00 -1.8985566724E+00 -2.9272025909E+00  3.6211014698E-01 -4.1018743393E+00
 -3.7677080338E+00 -1.8927065350E+00 -2.9370072315E+00  3.6697285585E-01 -5.1602656571E+00
 -3.7899493006E+00 -1.8868501549E+00 -2.9468066630E+00  3.7292668513E-01 -6.7802810101E+00
 -3.8121909730E+00 -1.8809897312E+00 -2.9566027561E+00  3.7971903798E-01 -9.0443763176E+00
 -3.8344329222E+00 -1.8751264195E+00 -2.9663964924E+00  3.8683097907E-01 -1.1925399842E+01
 -3.8566750778E+00 -1.8692608385E+00 -2.9761884011E+00  3.9345960225E-01 -1.5238429737E+01
 -3.8789173993E+00 -1.8633933011E+00 -2.9859787604E+00  3.9856823702E-01 -1.8623881045E+01
 -3.9011598617E+00 -1.8575238966E+00 -2.9957676805E+00  4.0101662780E-01 -2.1586592609E+01
 -3.9234024452E+00 -1.8516524233E+00 -3.0055550848E+00  3.9975752221E-01 -2.3599449991E+01
 -3.9434208333E+00 -1.8463648826E+00 -3.0143616757E+00  3.9483690015E-01 -2.4252234739E+01
</Path of -GradDelSqRho>
<Path of -GradDelSqRho>
Starting CP# =      4
Ending CP# =      1
Number of Points =      7
 -2.4121783516E+00 -2.3875030615E+00 -2.2197947061E+00  2.2509560610E+01  1.2347220477E+03
 -2.3960723019E+00 -2.3715556824E+00 -2.2303434366E+00  3.2733134057E+01  9.8435221777E+02
 -2.3799475970E+00 -2.3555898625E+00 -2.2408356401E+00  4.7965588514E+01 -7.8698682106E+02
 -2.3638146804E+00 -2.3396159254E+00 -2.2513028420E+00  7.0590644029E+01 -6.3679820708E+03
 -2.3476758603E+00 -2.3236361528E+00 -2.2617520174E+00  1.0416741587E+02 -2.0560364216E+04
 -2.3315272351E+00 -2.3076466879E+00 -2.2721711764E+00  1.5453977758E+02 -7.5069005334E+04
 -2.3034041253E+00 -2.2798007848E+00 -2.2902578556E+00  2.9735816240E+02 -3.3300996003E+06
</Path of -GradDelSqRho>
<Path of -GradDelSqRho>
Starting CP# =      4
Ending CP# =     14
Number of Points =     40
 -2.4121783516E+00 -2.3875030615E+00 -2.2197947061E+00  2.2509560610E+01  1.2347220477E+03
 -2.4282624576E+00 -2.4034287490E+00 -2.2091799192E+00  1.5600217735E+01  1.1529228404E+03
 -2.4443368157E+00 -2.4193448003E+00 -2.1985359391E+00  1.0915191709E+01  9.8302105133E+02
 -2.4604087793E+00 -2.4352584845E+00 -2.1878848061E+00  7.7481001379E+00  7.7468708436E+02
 -2.4764749745E+00 -2.4511664664E+00 -2.1772164690E+00  5.6152244450E+00  5.7388484086E+02
 -2.4925296291E+00 -2.4670630397E+00 -2.1665138138E+00  4.1797297566E+00  4.0951933553E+02
 -2.5085664224E+00 -2.4829419562E+00 -2.1557583093E+00  3.2110640774E+00  2.8674283747E+02
 -2.5245789430E+00 -2.4987968776E+00 -2.1449314911E+00  2.5544186351E+00  1.9839272671E+02
 -2.5405611696E+00 -2.5146218509E+00 -2.1340164692E+00  2.1064752729E+00  1.3526097605E+02
 -2.5565071753E+00 -2.5304110164E+00 -2.1229971298E+00  1.7979321346E+00  9.0149019892E+01
 -2.5724096650E+00 -2.5461571613E+00 -2.1118540678E+00  1.5819799140E+00  5.8164885434E+01
 -2.5882578048E+00 -2.5618495737E+00 -2.1005588647E+00  1.4269740306E+00  3.5931361403E+01
 -2.6040345544E+00 -2.5774714051E+00 -2.0890676838E+00  1.3116925348E+00  2.0918453363E+01
 -2.6197127915E+00 -2.5929958372E+00 -2.0773129070E+00  1.2221203583E+00  1.1122380111E+01
 -2.6352484722E+00 -2.6083793175E+00 -2.0651897743E+00  1.1491825863E+00  4.9590675664E+00
 -2.6505670082E+00 -2.6235480850E+00 -2.0525325893E+00  1.0871349318E+00  1.2246889894E+00
 -2.6655327478E+00 -2.6383679794E+00 -2.0390685292E+00  1.0324573012E+00 -9.4825667093E-01
 -2.6798682856E+00 -2.6525646123E+00 -2.0243171186E+00  9.8318347454E-01 -2.1523540338E+00
 -2.6928843814E+00 -2.6654561264E+00 -2.0073454550E+00  9.3881313259E-01 -2.7745791839E+00
 -2.7023354376E+00 -2.6748204405E+00 -1.9863670065E+00  9.0216824375E-01 -3.0655186503E+00
 -2.7025602035E+00 -2.6750534726E+00 -1.9618101249E+00  8.8471277766E-01 -3.2092107473E+00
 -2.6945839498E+00 -2.6671675779E+00 -1.9395628050E+00  8.8616323141E-01 -3.3233756479E+00
 -2.6840080646E+00 -2.6567074554E+00 -1.9194806849E+00  8.9334319176E-01 -3.4338201764E+00
 -2.6725291749E+00 -2.6453530394E+00 -1.9003966113E+00  9.0157188866E-01 -3.5418866606E+00
 -2.6605194201E+00 -2.6334728395E+00 -1.8819694324E+00  9.0972837146E-01 -3.6470562466E+00
 -2.6480692902E+00 -2.6211564525E+00 -1.8641300518E+00  9.1752634693E-01 -3.7486879861E+00
 -2.6352086975E+00 -2.6084334818E+00 -1.8468767741E+00  9.2487176256E-01 -3.8461442974E+00
 -2.6219550151E+00 -2.5953211124E+00 -1.8302229299E+00  9.3171503320E-01 -3.9388123193E+00
 -2.6083231620E+00 -2.5818340982E+00 -1.8141849135E+00  9.3801902626E-01 -4.0261151782E+00
 -2.5943276037E+00 -2.5679867440E+00 -1.7987797196E+00  9.4375292425E-01 -4.1075213311E+00
 -2.5799827679E+00 -2.5537933170E+00 -1.7840244835E+00  9.4889134477E-01 -4.1825529385E+00
 -2.5653031793E+00 -2.5392681798E+00 -1.7699363876E+00  9.5341436089E-01 -4.2507932626E+00
 -2.5503035461E+00 -2.5244258770E+00 -1.7565326180E+00  9.5730760121E-01 -4.3118929418E+00
 -2.5349988349E+00 -2.5092812085E+00 -1.7438303215E+00  9.6056229890E-01 -4.3655750108E+00
 -2.5194043353E+00 -2.4938492940E+00 -1.7318465596E+00  9.6317527550E-01 -4.4116385642E+00
 -2.5035357172E+00 -2.4781456301E+00 -1.7205982608E+00  9.6514886182E-01 -4.4499610104E+00
 -2.4874090800E+00 -2.4621861395E+00 -1.7101021727E+00  9.6649075956E-01 -4.4804988989E+00
 -2.4710409953E+00 -2.4459872143E+00 -1.7003748145E+00  9.6721384745E-01 -4.5032873493E+00
 -2.4544485436E+00 -2.4295657540E+00 -1.6914324296E+00  9.6733593540E-01 -4.5184381448E+00
 -2.4280014300E+00 -2.4033902415E+00 -1.6790202631E+00  9.6637131126E-01 -4.5272850158E+00
</Path of -GradDelSqRho>
<Path of -GradDelSqRho>
Starting CP# =      5
Ending CP# =      1
Number of Points =      7
 -2.2735173485E+00 -2.2501462239E+00 -2.4535534448E+00  2.2485058860E+01  1.2314452821E+03
 -2.2780169239E+00 -2.2546106628E+00 -2.4293703492E+00  3.2691388481E+01  9.8297615412E+02
 -2.2824755004E+00 -2.2590345257E+00 -2.4051722007E+00  4.7895941085E+01 -7.7744971789E+02
 -2.2869159212E+00 -2.2634404202E+00 -2.3809674338E+00  7.0478299081E+01 -6.3367674910E+03
 -2.2913433709E+00 -2.2678334774E+00 -2.3567579593E+00  1.0398711337E+02 -2.0444529651E+04
 -2.2957491249E+00 -2.2722050627E+00 -2.3325406404E+00  1.5425863827E+02 -7.4675389024E+04
 -2.3034041253E+00 -2.2798007848E+00 -2.2902578556E+00  2.9735816240E+02 -3.3300996003E+06
</Path of -GradDelSqRho>
<Path of -GradDelSqRho>
Starting CP# =      5
Ending CP# =     15
Number of Points =     41
 -2.2735173485E+00 -2.2501462239E+00 -2.4535534448E+00  2.2485058860E+01  1.2314452821E+03
 -2.2689700973E+00 -2.2456346011E+00 -2.4777188639E+00  1.5586066529E+01  1.1500672049E+03
 -2.2644020222E+00 -2.2411023692E+00 -2.5018765037E+00  1.0907214820E+01  9.8066249958E+02
 -2.2598288614E+00 -2.2365651040E+00 -2.5260322362E+00  7.7436866242E+00  7.7279484454E+02
 -2.2552432462E+00 -2.2320155127E+00 -2.5501832878E+00  5.6126960627E+00  5.7246924568E+02
 -2.2506327775E+00 -2.2274413241E+00 -2.5743249572E+00  4.1780309019E+00  4.0853342785E+02
 -2.2459840283E+00 -2.2228292498E+00 -2.5984520694E+00  3.2095657132E+00  2.8609662865E+02
 -2.2412835976E+00 -2.2181660270E+00 -2.6225593236E+00  2.5527735395E+00  1.9799554307E+02
 -2.2365191943E+00 -2.2134394914E+00 -2.6466416711E+00  2.1045149913E+00  1.3504092792E+02
 -2.2316790522E+00 -2.2086379983E+00 -2.6706940617E+00  1.7955985362E+00  9.0053472816E+01
 -2.2267489679E+00 -2.2037474907E+00 -2.6947102118E+00  1.5792810604E+00  5.8155126662E+01
 -2.2217081168E+00 -2.1987473591E+00 -2.7186807298E+00  1.4239553122E+00  3.5978171403E+01
 -2.2165243303E+00 -2.1936057670E+00 -2.7425907183E+00  1.3084172015E+00  2.0999728169E+01
 -2.2111478687E+00 -2.1882734889E+00 -2.7664161517E+00  1.2186560955E+00  1.1221922955E+01
 -2.2055013896E+00 -2.1826739825E+00 -2.7901172891E+00  1.1455920158E+00  5.0656766471E+00
 -2.1994619048E+00 -2.1766855343E+00 -2.8136251796E+00  1.0834680016E+00  1.3312000933E+00
 -2.1928252400E+00 -2.1701060918E+00 -2.8368105365E+00  1.0287421295E+00 -8.4594110275E-01
 -2.1852266124E+00 -2.1625746812E+00 -2.8593988569E+00  9.7940601097E-01 -2.0560840444E+00
 -2.1759338714E+00 -2.1533668657E+00 -2.8806749906E+00  9.3484457373E-01 -2.6843813646E+00
 -2.1633475074E+00 -2.1409003980E+00 -2.8981163310E+00  8.9744052685E-01 -2.9789584278E+00
 -2.1463988471E+00 -2.1241207634E+00 -2.9038952102E+00  8.7831401293E-01 -3.1204477804E+00
 -2.1293301066E+00 -2.1072275543E+00 -2.8973079031E+00  8.7889582236E-01 -3.2297752875E+00
 -2.1133230276E+00 -2.0913870838E+00 -2.8864739194E+00  8.8561961440E-01 -3.3354737381E+00
 -2.0978550243E+00 -2.0760808630E+00 -2.8741715603E+00  8.9346127041E-01 -3.4391205895E+00
 -2.0827481838E+00 -2.0611325154E+00 -2.8610085706E+00  9.0125435607E-01 -3.5402539583E+00
 -2.0679701039E+00 -2.0465099018E+00 -2.8471258492E+00  9.0871161754E-01 -3.6382839639E+00
 -2.0535252539E+00 -2.0322174238E+00 -2.8325650942E+00  9.1574222208E-01 -3.7326210071E+00
 -2.0394263035E+00 -2.0182676092E+00 -2.8173477720E+00  9.2229952532E-01 -3.8226959276E+00
 -2.0256875732E+00 -2.0046746211E+00 -2.8014914586E+00  9.2834891393E-01 -3.9079702376E+00
 -2.0123236990E+00 -1.9914529353E+00 -2.7850130326E+00  9.3386174376E-01 -3.9879445580E+00
 -1.9993493971E+00 -1.9786171067E+00 -2.7679293142E+00  9.3881447069E-01 -4.0621662004E+00
 -1.9867794285E+00 -1.9661817343E+00 -2.7502572586E+00  9.4318866136E-01 -4.1302359011E+00
 -1.9746285900E+00 -1.9541614526E+00 -2.7320140763E+00  9.4697108308E-01 -4.1918135804E+00
 -1.9629117026E+00 -1.9425709193E+00 -2.7132173384E+00  9.5015374530E-01 -4.2466230100E+00
 -1.9516435947E+00 -1.9314247997E+00 -2.6938850734E+00  9.5273387881E-01 -4.2944552991E+00
 -1.9408390828E+00 -1.9207377470E+00 -2.6740358544E+00  9.5471385513E-01 -4.3351711513E+00
 -1.9305129486E+00 -1.9105243798E+00 -2.6536888780E+00  9.5610104993E-01 -4.3687018776E+00
 -1.9206799145E+00 -1.9007992591E+00 -2.6328640357E+00  9.5690765480E-01 -4.3950491881E+00
 -1.9113546169E+00 -1.8915768614E+00 -2.6115819785E+00  9.5715044117E-01 -4.4142838175E+00
 -1.9025515765E+00 -1.8828715523E+00 -2.5898641763E+00  9.5685048074E-01 -4.4265430686E+00
 -1.8916252103E+00 -1.8720674998E+00 -2.5601926925E+00  9.5564596879E-01 -4.4323931938E+00
</Path of -GradDelSqRho>
<Path of -GradDelSqRho>
Starting CP# =     11
Ending CP# =     14
Number of Points =     34
 -2.9918532005E+00 -2.2943822672E+00 -2.1839059438E+00  7.6684849695E-01 -2.4466861347E+00
 -2.9855534264E+00 -2.3038600632E+00 -2.1634238551E+00  7.7127686435E-01 -2.4502671572E+00
 -2.9779817723E+00 -2.3138267952E+00 -2.1417844415E+00  7.7643260739E-01 -2.4622114314E+00
 -2.9695406043E+00 -2.3236279457E+00 -2.1203925329E+00  7.8203863942E-01 -2.4827990837E+00
 -2.9602397083E+00 -2.3332469765E+00 -2.0992762617E+00  7.8809470982E-01 -2.5121583159E+00
 -2.9500902855E+00 -2.3426669724E+00 -2.0784632375E+00  7.9459453586E-01 -2.5502841818E+00
 -2.9391052046E+00 -2.3518706858E+00 -2.0579803527E+00  8.0152544333E-01 -2.5970434125E+00
 -2.9272992018E+00 -2.3608405779E+00 -2.0378535496E+00  8.0886806551E-01 -2.6521805398E+00
 -2.9146890180E+00 -2.3695588524E+00 -2.0181075645E+00  8.1659611270E-01 -2.7153248636E+00
 -2.9012934678E+00 -2.3780074743E+00 -1.9987656600E+00  8.2467622830E-01 -2.7859978843E+00
 -2.8871334319E+00 -2.3861681601E+00 -1.9798493633E+00  8.3306795102E-01 -2.8636209294E+00
 -2.8722317754E+00 -2.3940223306E+00 -1.9613782253E+00  8.4172380505E-01 -2.9475228229E+00
 -2.8566131942E+00 -2.4015510096E+00 -1.9433696170E+00  8.5058954040E-01 -3.0369475804E+00
 -2.8403040012E+00 -2.4087346568E+00 -1.9258385771E+00  8.5960454407E-01 -3.1310622304E+00
 -2.8233318672E+00 -2.4155529179E+00 -1.9087977196E+00  8.6870243822E-01 -3.2289649628E+00
 -2.8057255387E+00 -2.4219842766E+00 -1.8922572067E+00  8.7781187395E-01 -3.3296938737E+00
 -2.7875145595E+00 -2.4280055892E+00 -1.8762247840E+00  8.8685751911E-01 -3.4322366058E+00
 -2.7687290277E+00 -2.4335914812E+00 -1.8607058681E+00  8.9576122644E-01 -3.5355411677E+00
 -2.7493994234E+00 -2.4387135749E+00 -1.8457036698E+00  9.0444335574E-01 -3.6385281708E+00
 -2.7295565461E+00 -2.4433395086E+00 -1.8312193292E+00  9.1282421230E-01 -3.7401046372E+00
 -2.7092316099E+00 -2.4474316876E+00 -1.8172520366E+00  9.2082555646E-01 -3.8391794423E+00
 -2.6884565539E+00 -2.4509456784E+00 -1.8037991108E+00  9.2837213648E-01 -3.9346803564E+00
 -2.6672646515E+00 -2.4538281131E+00 -1.7908560118E+00  9.3539320165E-01 -4.0255725787E+00
 -2.6456915497E+00 -2.4560139088E+00 -1.7784162701E+00  9.4182396312E-01 -4.1108786067E+00
 -2.6237769545E+00 -2.4574225138E+00 -1.7664713331E+00  9.4760698773E-01 -4.1896992954E+00
 -2.6015673421E+00 -2.4579527649E+00 -1.7550103568E+00  9.5269353184E-01 -4.2612360136E+00
 -2.5791203702E+00 -2.4574757860E+00 -1.7440200331E+00  9.5704484845E-01 -4.3248139170E+00
 -2.5565121943E+00 -2.4558252160E+00 -1.7334846692E+00  9.6063353013E-01 -4.3799064665E+00
 -2.5338498405E+00 -2.4527841499E+00 -1.7233870203E+00  9.6344498011E-01 -4.4261612676E+00
 -2.5112922716E+00 -2.4480692075E+00 -1.7137109817E+00  9.6547912126E-01 -4.4634265970E+00
 -2.4890853632E+00 -2.4413162679E+00 -1.7044484309E+00  9.6675240116E-01 -4.4917752134E+00
 -2.4676137477E+00 -2.4320850142E+00 -1.6956141936E+00  9.6729982663E-01 -4.5115140097E+00
 -2.4474492822E+00 -2.4199295895E+00 -1.6872725169E+00  9.6717557528E-01 -4.5231502032E+00
 -2.4280014300E+00 -2.4033902415E+00 -1.6790202631E+00  9.6637131126E-01 -4.5272850158E+00
</Path of -GradDelSqRho>
<Path of -GradDelSqRho>
Starting CP# =     11
Ending CP# =     21
Number of Points =     18
