 AIMInt (Version 19.02.13, Professional)
 Portions Copyright (c) 1997-2019 by Todd A. Keith
 AIMInt is a component of the AIMAll package ( http://aim.tkgristmill.com )

 TP:  64-bit Linux

 Licensed To:  Research Group of Fernando Cortes Guzman, UNAM, fercor@unam.mx

 AIMInt is a heavily modified and extended version of the PROAIMV program
 developed by members of R.F.W. Bader's research group

 Much of the Quantum Theory of Atoms in Molecules (QTAIM) is described in the book:
   "Atoms in Molecules - A Quantum Theory"
   R.F.W. Bader, Oxford University Press, Oxford, 1990

 For additional references see:  http://aim.tkgristmill.com/references.html

 Current Directory:  /home/scratch/M_H2O_4_tetraedrico/Opt

 Inp File:  Sc2_tetraedrico_cc-pvtz-def2-tzv_2_atomicfiles/sc1.inp
 Wfx File:  Sc2_tetraedrico_cc-pvtz-def2-tzv_2.wfx
 Out File:  Sc2_tetraedrico_cc-pvtz-def2-tzv_2_atomicfiles/sc1.int

 Wfx Title:   Sc2_tetraedrico_cc-pvtz-def2-tzv_2                                            
 Job Title:   Sc2_tetraedrico_cc-pvtz-def2-tzv_2                                            
 
<Atom>
Sc1     
</Atom>
<Nuclei of Molecule>
    13
Sc1       21.0          -4.3439083500E-06  -4.7607667689E-06   3.1517171717E-08
O2         8.0          -2.2788861588E+00   2.3033578427E+00   2.2912042450E+00
H3         1.0          -3.9304171050E+00   1.8848604612E+00   3.0202629193E+00
O4         8.0           2.3024435460E+00   2.2789156834E+00  -2.2920850223E+00
H5         1.0           3.9499312544E+00   1.8430920094E+00  -3.0201457826E+00
O6         8.0           2.2798280594E+00  -2.3024910818E+00   2.2911393319E+00
H7         1.0           1.8446863204E+00  -3.9500624165E+00   3.0194189570E+00
O8         8.0          -2.3034039102E+00  -2.2798005720E+00  -2.2902575765E+00
H9         1.0          -3.9512177320E+00  -1.8442806255E+00  -3.0177597347E+00
H10        1.0           1.8836667335E+00   3.9304631610E+00  -3.0209487744E+00
H11        1.0           3.9316174191E+00  -1.8833501381E+00   3.0192420983E+00
H12        1.0          -1.8430855053E+00   3.9511674255E+00   3.0185497562E+00
H13        1.0          -1.8849424553E+00  -3.9316448792E+00  -3.0186279255E+00
</Nuclei of Molecule>
<Total Number of CPs of DelSqRho>
    69
</Total Number of CPs of DelSqRho>
<Number of (3,+3) CPs of DelSqRho>
    11
</Number of (3,+3) CPs of DelSqRho>
<Number of (3,+1) CPs of DelSqRho>
    26
</Number of (3,+1) CPs of DelSqRho>
<Number of (3,-1) CPs of DelSqRho>
    24
</Number of (3,-1) CPs of DelSqRho>
<Number of (3,-3) CPs of DelSqRho>
     8
</Number of (3,-3) CPs of DelSqRho>
<Number of Degenerate CPs of DelSqRho>
     0
</Number of Degenerate CPs of DelSqRho>
<CP of DelSqRho>
CP# = 1       
Type = (3,+3)
Coords = -4.34390833969351E-06 -4.76076675917937E-06  3.15171716424989E-08
DistFromNuc =  1.4171282702E-14
Rho =  6.1348214060E+03
DelSqRho = -2.4369923872E+09
GradDelSqRho =  5.9331416651E-06  4.8472197705E-06 -3.2222576607E-08
HessDelSqRho_EigVals =  1.5689111193E+16  1.5689111200E+16  1.5689111200E+16
HessDelSqRho_EigVec1 =  1.7711535672E-04  1.5961846332E-04  9.9999997158E-01
HessDelSqRho_EigVec2 =  6.3123703539E-03  9.9998006387E-01 -1.6073330345E-04
HessDelSqRho_EigVec3 =  9.9998006111E-01 -6.3123986429E-03 -1.7610425487E-04
</CP of DelSqRho>
<CP of DelSqRho>
CP# = 2       
Type = (3,+1)
Coords = -1.00669271942829E-01  1.01207824732549E-01  1.41192522902373E-01
DistFromNuc =  2.0078031483E-01
Rho =  4.9219486155E+01
DelSqRho = -2.0775271845E+03
GradDelSqRho = -2.2623680707E-11 -1.4551915228E-11 -1.6370904632E-11
HessDelSqRho_EigVals = -8.4909645240E+01  1.9363048019E+03  2.4460444230E+06
HessDelSqRho_EigVec1 = -7.1289279387E-01 -7.0125087919E-01 -5.5739478127E-03
HessDelSqRho_EigVec2 = -4.9031334987E-01  5.0410451813E-01 -7.1096515649E-01
HessDelSqRho_EigVec3 = -5.0137479333E-01  5.0410895572E-01  7.0320514601E-01
</CP of DelSqRho>
<CP of DelSqRho>
CP# = 3       
Type = (3,+1)
Coords =  1.00599356912242E-01 -1.01281254393995E-01  1.41190334698758E-01
DistFromNuc =  2.0078031401E-01
Rho =  4.9219486323E+01
DelSqRho = -2.0775272556E+03
GradDelSqRho = -1.7621459847E-11  2.1827872843E-11  3.6379788071E-12
HessDelSqRho_EigVals = -8.4824774302E+01  1.9362474700E+03  2.4460444939E+06
HessDelSqRho_EigVec1 = -7.1196550433E-01 -7.0220518806E-01  3.6047905922E-03
HessDelSqRho_EigVec2 = -4.9196829669E-01  5.0245630147E-01  7.1098864982E-01
HessDelSqRho_EigVec3 =  5.0107116830E-01 -5.0442594995E-01  7.0319424437E-01
</CP of DelSqRho>
<CP of DelSqRho>
CP# = 4       
Type = (3,+1)
Coords =  3.37383289806608E-05  3.05028196682552E-05  2.00809657467477E-01
DistFromNuc =  2.0080963266E-01
Rho =  4.9171571151E+01
DelSqRho = -2.0694774692E+03
GradDelSqRho = -8.8817841970E-15 -1.2434497876E-14  7.2759576142E-12
HessDelSqRho_EigVals = -1.4508894245E+03  2.6562580675E+03  2.4413758606E+06
HessDelSqRho_EigVec1 = -7.0345710212E-01  7.1073771914E-01  8.5956237305E-06
HessDelSqRho_EigVec2 =  7.1073769389E-01  7.0345708026E-01 -2.5829178779E-04
HessDelSqRho_EigVec3 =  1.8962436850E-04  1.7558795875E-04  9.9999996661E-01
</CP of DelSqRho>
<CP of DelSqRho>
CP# = 5       
Type = (3,+1)
Coords = -4.89650189650884E-05 -4.59220611196561E-05 -2.00809591978960E-01
DistFromNuc =  2.0080963267E-01
Rho =  4.9171571139E+01
DelSqRho = -2.0694774716E+03
GradDelSqRho = -1.7763568394E-15  0.0000000000E+00 -1.4551915228E-11
HessDelSqRho_EigVals = -1.4508883038E+03  2.6562589817E+03  2.4413758594E+06
HessDelSqRho_EigVec1 =  7.1073692987E-01  7.0345783473E-01 -3.0211785571E-04
HessDelSqRho_EigVec2 = -7.0345786451E-01  7.1073696453E-01  1.0628604781E-05
HessDelSqRho_EigVec3 =  2.2220310301E-04  2.0497303968E-04  9.9999995431E-01
</CP of DelSqRho>
<CP of DelSqRho>
CP# = 6       
Type = (3,+3)
Coords =  2.00864561934316E-01 -1.02300108392829E-03 -5.20836218121763E-05
DistFromNuc =  2.0087149341E-01
Rho =  4.9223326676E+01
DelSqRho = -2.0849248540E+03
GradDelSqRho =  2.1827872843E-11  9.9475983006E-14 -2.0428103653E-14
HessDelSqRho_EigVals =  1.2292405485E+03  6.7844409894E+03  2.4376330614E+06
HessDelSqRho_EigVec1 = -1.8070531253E-03 -4.0335326231E-01  9.1504255658E-01
HessDelSqRho_EigVec2 =  4.7431174142E-03  9.1503030037E-01  4.0335722659E-01
HessDelSqRho_EigVec3 =  9.9998711862E-01 -5.0690422217E-03 -2.5964351847E-04
</CP of DelSqRho>
<CP of DelSqRho>
CP# = 7       
Type = (3,+3)
Coords = -2.00873280130364E-01  1.00746091949048E-03  1.61000022162245E-05
DistFromNuc =  2.0087148725E-01
Rho =  4.9223332522E+01
DelSqRho = -2.0849255706E+03
GradDelSqRho =  5.8207660913E-11 -2.7000623959E-13 -1.7763568394E-15
HessDelSqRho_EigVals =  1.2294110167E+03  6.7842836734E+03  2.4376337297E+06
HessDelSqRho_EigVec1 =  2.1071202669E-03  4.0367893863E-01  9.1489828645E-01
HessDelSqRho_EigVec2 =  4.5778906909E-03  9.1488683663E-01 -4.0368443007E-01
HessDelSqRho_EigVec3 =  9.9998730140E-01 -5.0389159927E-03 -7.9778540165E-05
</CP of DelSqRho>
<CP of DelSqRho>
CP# = 8       
Type = (3,+3)
Coords =  1.00771294039783E-03  2.00864174148341E-01 -1.26490190927403E-05
DistFromNuc =  2.0087148487E-01
Rho =  4.9223328767E+01
DelSqRho = -2.0849244354E+03
GradDelSqRho = -5.6843418861E-14  0.0000000000E+00 -1.7763568394E-15
HessDelSqRho_EigVals =  1.2292002701E+03  6.7843942257E+03  2.4376335487E+06
HessDelSqRho_EigVec1 = -4.0333769796E-01  2.0896456476E-03  9.1504881552E-01
HessDelSqRho_EigVec2 =  9.1503733205E-01 -4.5847247136E-03  4.0334310612E-01
HessDelSqRho_EigVec3 =  5.0380910848E-03  9.9998730676E-01 -6.2911466522E-05
</CP of DelSqRho>
<CP of DelSqRho>
CP# = 9       
Type = (3,+3)
Coords = -1.02266020689597E-03 -2.00873652899058E-01  4.89181322015014E-05
DistFromNuc =  2.0087147927E-01
Rho =  4.9223334025E+01
DelSqRho = -2.0849250429E+03
GradDelSqRho =  0.0000000000E+00  2.9103830457E-11 -1.7763568394E-14
HessDelSqRho_EigVals =  1.2293499398E+03  6.7842365128E+03  2.4376341519E+06
HessDelSqRho_EigVec1 =  4.0369402438E-01 -1.8236770257E-03  9.1489223895E-01
HessDelSqRho_EigVec2 =  9.1488001160E-01 -4.7363046340E-03 -4.0369807008E-01
HessDelSqRho_EigVec3 =  5.0694232467E-03  9.9998712073E-01 -2.4357221987E-04
</CP of DelSqRho>
<CP of DelSqRho>
CP# = 10      
Type = (3,+1)
Coords =  1.84040513170872E-03  3.62829815622710E-01 -5.64296259598446E-05
DistFromNuc =  3.6283927035E-01
Rho =  1.1140894636E+01
DelSqRho =  5.2400606987E+02
GradDelSqRho =  1.0658141036E-14  6.3664629124E-12 -2.5535129566E-15
HessDelSqRho_EigVals = -1.0093652940E+05  6.7149639011E+02  1.6843802094E+03
HessDelSqRho_EigVec1 =  5.0844221023E-03  9.9998706208E-01 -1.5596438715E-04
HessDelSqRho_EigVec2 = -6.0973383867E-02  4.6569462737E-04  9.9813928366E-01
HessDelSqRho_EigVec3 =  9.9812644245E-01 -5.0654517586E-03  6.0974962786E-02
</CP of DelSqRho>
<CP of DelSqRho>
CP# = 11      
Type = (3,+1)
Coords = -1.84974741829499E-03 -3.62839328313793E-01  6.13643831019454E-05
DistFromNuc =  3.6283926563E-01
Rho =  1.1140895305E+01
DelSqRho =  5.2400617413E+02
GradDelSqRho =  1.7763568394E-14 -5.4569682106E-12  1.0547118734E-15
HessDelSqRho_EigVals = -1.0093655643E+05  6.7150110763E+02  1.6843727554E+03
HessDelSqRho_EigVec1 =  5.0858691592E-03  9.9998705266E-01 -1.6869027508E-04
HessDelSqRho_EigVec2 =  6.1339283173E-02 -1.4359280264E-04  9.9811696295E-01
HessDelSqRho_EigVec3 =  9.9810401576E-01 -5.0866396196E-03 -6.1339219286E-02
</CP of DelSqRho>
<CP of DelSqRho>
CP# = 12      
Type = (3,+1)
Coords = -3.62838972046117E-01  1.84001847712877E-03  6.23925802241677E-05
DistFromNuc =  3.6283932322E-01
Rho =  1.1140890602E+01
DelSqRho =  5.2400574351E+02
GradDelSqRho =  1.3642420527E-12 -3.3306690739E-14 -2.2204460493E-16
HessDelSqRho_EigVals = -1.0093644379E+05  6.7151571008E+02  1.6843850181E+03
HessDelSqRho_EigVec1 =  9.9998705904E-01 -5.0844959403E-03 -1.7222406234E-04
HessDelSqRho_EigVec2 =  4.8369560646E-04  6.1321598807E-02  9.9811794271E-01
HessDelSqRho_EigVec3 =  5.0643655728E-03  9.9810510941E-01 -6.1323264594E-02
</CP of DelSqRho>
<CP of DelSqRho>
CP# = 13      
Type = (3,-1)
Coords =  1.26295159885789E-01  1.25010953911488E-01  9.37107996779663E-02
DistFromNuc =  2.0090346350E-01
Rho =  4.9100563978E+01
DelSqRho = -2.0436086041E+03
GradDelSqRho =  1.4551915228E-11  1.0913936421E-11  0.0000000000E+00
HessDelSqRho_EigVals = -6.5112893647E+03 -2.7706100869E+03  2.4315536610E+06
HessDelSqRho_EigVec1 =  7.0350968319E-01 -7.1068566999E-01 -6.4322963925E-05
HessDelSqRho_EigVec2 = -3.3143438118E-01 -3.2816785853E-01  8.8456605610E-01
HessDelSqRho_EigVec3 =  6.2866952895E-01  6.2227946704E-01  4.6641493143E-01
</CP of DelSqRho>
<CP of DelSqRho>
CP# = 14      
Type = (3,-1)
Coords = -1.26265756567576E-01 -1.24985717669242E-01  9.38084053645210E-02
DistFromNuc =  2.0090344676E-01
Rho =  4.9100577718E+01
DelSqRho = -2.0436110671E+03
GradDelSqRho = -2.1827872843E-11  1.0913936421E-11  1.8189894035E-11
HessDelSqRho_EigVals = -6.5108443711E+03 -2.7704687671E+03  2.4315553129E+06
HessDelSqRho_EigVec1 = -7.0351025293E-01  7.1068510758E-01 -4.3431231592E-05
HessDelSqRho_EigVec2 = -3.3179244050E-01 -3.2849680950E-01 -8.8430968703E-01
HessDelSqRho_EigVec3 =  6.2847999208E-01  6.2210652144E-01 -4.6690081981E-01
</CP of DelSqRho>
<CP of DelSqRho>
CP# = 15      
Type = (3,-1)
Coords = -1.25020227681528E-01  1.26259678867168E-01 -9.37577323994772E-02
DistFromNuc =  2.0090345494E-01
Rho =  4.9100571009E+01
DelSqRho = -2.0436098612E+03
GradDelSqRho = -3.6379788071E-12 -1.8189894035E-11 -1.0913936421E-11
HessDelSqRho_EigVals = -6.5110620737E+03 -2.7705385772E+03  2.4315545041E+06
HessDelSqRho_EigVec1 =  7.1068999500E-01  7.0350528516E-01 -2.1157658579E-04
HessDelSqRho_EigVec2 = -3.2815697931E-01  3.3177435090E-01  8.8444263636E-01
HessDelSqRho_EigVec3 = -6.2228026479E-01  6.2849510248E-01 -4.6664888109E-01
</CP of DelSqRho>
<CP of DelSqRho>
CP# = 16      
Type = (3,-1)
Coords =  1.24975761854804E-01 -1.26301903523663E-01 -9.37613851792355E-02
DistFromNuc =  2.0090345534E-01
Rho =  4.9100570674E+01
DelSqRho = -2.0436098072E+03
GradDelSqRho =  0.0000000000E+00  1.0913936421E-11 -1.4551915228E-11
HessDelSqRho_EigVals = -6.5110702358E+03 -2.7705421844E+03  2.4315544667E+06
HessDelSqRho_EigVec1 = -7.1068763958E-01 -7.0350762761E-01  3.1119389405E-04
HessDelSqRho_EigVec2 = -3.2849947224E-01  3.3146091845E-01 -8.8443301401E-01
HessDelSqRho_EigVec3 = -6.2210222285E-01  6.2865783813E-01  4.6666706213E-01
</CP of DelSqRho>
<CP of DelSqRho>
CP# = 17      
Type = (3,-1)
Coords = -3.42206145456100E-02  1.30279704598937E-01  3.36525091841164E-01
DistFromNuc =  3.6248298073E-01
Rho =  1.1003260145E+01
DelSqRho =  5.4310398371E+02
GradDelSqRho =  7.3896444519E-13 -2.9416469260E-12 -4.5758952183E-12
HessDelSqRho_EigVals = -1.0238004280E+05 -1.5820979169E+02  2.0529549932E+02
HessDelSqRho_EigVec1 = -9.2503541115E-02  3.5896489116E-01  9.2875578157E-01
HessDelSqRho_EigVec2 =  5.5606202939E-02  9.3316182853E-01 -3.5512948621E-01
HessDelSqRho_EigVec3 =  9.9415846075E-01 -1.8793847442E-02  1.0628144816E-01
</CP of DelSqRho>
<CP of DelSqRho>
CP# = 18      
Type = (3,+1)
Coords =  1.01196715727522E-01  1.00615594485490E-01 -1.41232484823028E-01
DistFromNuc =  2.0078031287E-01
Rho =  4.9219486085E+01
DelSqRho = -2.0775276422E+03
GradDelSqRho =  9.0949470177E-13  0.0000000000E+00  2.2737367544E-12
HessDelSqRho_EigVals = -8.4577320253E+01  1.9363303842E+03  2.4460444917E+06
HessDelSqRho_EigVec1 = -7.0161801840E-01  7.1253649479E-01  4.8887463337E-03
HessDelSqRho_EigVec2 =  5.0365139299E-01  4.9105709837E-01  7.1077295987E-01
HessDelSqRho_EigVec3 = -5.0405101983E-01 -5.0115333954E-01  7.0340450644E-01
</CP of DelSqRho>
<CP of DelSqRho>
CP# = 19      
Type = (3,+1)
Coords = -1.01269553744514E-01 -1.00676017965657E-01 -1.41150209636759E-01
DistFromNuc =  2.0078031608E-01
Rho =  4.9219486281E+01
DelSqRho = -2.0775267827E+03
GradDelSqRho = -1.6143530956E-11  0.0000000000E+00 -4.5474735089E-13
HessDelSqRho_EigVals = -8.5157422072E+01  1.9362236691E+03  2.4460444109E+06
HessDelSqRho_EigVec1 = -7.0165659435E-01  7.1249927558E-01 -4.7755530851E-03
HessDelSqRho_EigVec2 =  5.0327770947E-01  4.9085221880E-01 -7.1117905372E-01
HessDelSqRho_EigVec3 =  5.0437046975E-01  5.0140690222E-01  7.0299469959E-01
</CP of DelSqRho>
<CP of DelSqRho>
CP# = 20      
Type = (3,+1)
Coords =  3.62830282919557E-01 -1.85016524435606E-03 -6.71966876706608E-05
DistFromNuc =  3.6283932596E-01
Rho =  1.1140890121E+01
DelSqRho =  5.2400564183E+02
GradDelSqRho =  2.9558577808E-12 -6.9277916737E-14  1.4294121442E-15
HessDelSqRho_EigVals = -1.0093641846E+05  6.7151037604E+02  1.6843926542E+03
HessDelSqRho_EigVec1 =  9.9998704974E-01 -5.0858783189E-03 -1.8493931159E-04
HessDelSqRho_EigVec2 = -1.2559894328E-04 -6.0990906568E-02  9.9813831383E-01
HessDelSqRho_EigVec3 =  5.0876896259E-03  9.9812536445E-01  6.0990755501E-02
</CP of DelSqRho>
<CP of DelSqRho>
CP# = 21      
Type = (3,+1)
Coords =  6.46011936726695E-05  5.49982626102282E-05  3.62411777239782E-01
DistFromNuc =  3.6241175721E-01
Rho =  1.1005435185E+01
DelSqRho =  5.4276825305E+02
GradDelSqRho = -3.7470027081E-16  7.4246164772E-16  6.5938365879E-12
HessDelSqRho_EigVals = -1.0248205225E+05  4.2785820204E+01  1.6865119614E+02
HessDelSqRho_EigVec1 =  1.9008976529E-04  1.6480310792E-04  9.9999996835E-01
HessDelSqRho_EigVec2 = -7.0344414237E-01  7.1075054575E-01  1.6583633550E-05
HessDelSqRho_EigVec3 =  7.1075052053E-01  7.0344412326E-01 -2.5103618533E-04
</CP of DelSqRho>
<CP of DelSqRho>
CP# = 22      
Type = (3,+1)
Coords = -4.31949405710598E-05 -3.74081406210332E-05 -3.62411722375543E-01
DistFromNuc =  3.6241175745E-01
Rho =  1.1005435159E+01
DelSqRho =  5.4276825162E+02
GradDelSqRho =  8.3266726847E-17  3.3306690739E-16  3.0695446185E-12
HessDelSqRho_EigVals = -1.0248205178E+05  4.2785818020E+01  1.6865126668E+02
HessDelSqRho_EigVec1 =  1.0780996110E-04  9.0673370329E-05  9.9999999008E-01
HessDelSqRho_EigVec2 =  7.1074220772E-01  7.0345255309E-01 -1.4040950502E-04
HessDelSqRho_EigVec3 = -7.0345255884E-01  7.1074221581E-01  1.1393800977E-05
</CP of DelSqRho>
<CP of DelSqRho>
CP# = 23      
Type = (3,-3)
Coords =  2.53398456524661E-01  2.50833211223214E-01  6.33473640724623E-02
DistFromNuc =  3.6214023803E-01
Rho =  1.1042175689E+01
DelSqRho =  5.5204719447E+02
GradDelSqRho = -2.7284841053E-12 -4.3200998334E-12  8.5265128291E-13
HessDelSqRho_EigVals = -1.0300042556E+05 -1.6596476679E+03 -1.8687926443E+02
HessDelSqRho_EigVec1 =  6.9940502342E-01  6.9232593068E-01  1.7753145897E-01
HessDelSqRho_EigVec2 = -7.0350325854E-01  7.1069203239E-01  1.7970196244E-05
HessDelSqRho_EigVec3 = -1.2615775216E-01 -1.2490652833E-01  9.8411512576E-01
</CP of DelSqRho>
<CP of DelSqRho>
CP# = 24      
Type = (3,-3)
Coords = -2.50842001206604E-01  2.53376162328085E-01 -6.34361261054515E-02
DistFromNuc =  3.6214026095E-01
Rho =  1.1042173345E+01
DelSqRho =  5.5204715728E+02
GradDelSqRho = -1.3642420527E-12 -6.8212102633E-13  8.2422957348E-13
HessDelSqRho_EigVals = -1.0300041173E+05 -1.6596343947E+03 -1.8687765332E+02
HessDelSqRho_EigVec1 = -6.9232493058E-01  6.9934371977E-01 -1.7777669173E-01
HessDelSqRho_EigVec2 = -7.1069418582E-01 -7.0350104315E-01  2.3775041275E-04
HessDelSqRho_EigVec3 = -1.2489981882E-01  1.2650946173E-01  9.8407082639E-01
</CP of DelSqRho>
<CP of DelSqRho>
CP# = 25      
Type = (3,-3)
Coords =  2.50809876038433E-01 -2.53406968392293E-01 -6.34437712280462E-02
DistFromNuc =  3.6214025993E-01
Rho =  1.1042173452E+01
DelSqRho =  5.5204715896E+02
GradDelSqRho =  1.5916157281E-12  2.2737367544E-13 -5.4001247918E-13
HessDelSqRho_EigVals = -1.0300041229E+05 -1.6596351493E+03 -1.8687761656E+02
HessDelSqRho_EigVec1 = -6.9225909563E-01  6.9940352524E-01  1.7779778795E-01
HessDelSqRho_EigVec2 = -7.1069573546E-01 -7.0349947347E-01  2.4986056985E-04
HessDelSqRho_EigVec3 =  1.2525540357E-01 -1.2618716142E-01  9.8406701203E-01
</CP of DelSqRho>
<CP of DelSqRho>
CP# = 26      
Type = (3,-3)
Coords = -2.53382739812066E-01 -2.50820603256914E-01  6.35325910586302E-02
DistFromNuc =  3.6214028287E-01
Rho =  1.1042171082E+01
DelSqRho =  5.5204712414E+02
GradDelSqRho =  0.0000000000E+00  5.4569682106E-12 -5.6843418861E-13
HessDelSqRho_EigVals = -1.0300039855E+05 -1.6596220406E+03 -1.8687612160E+02
HessDelSqRho_EigVec1 =  6.9933652288E-01  6.9226380666E-01 -1.7804283124E-01
HessDelSqRho_EigVec2 = -7.0350325591E-01  7.1069203520E-01  4.7900481908E-06
HessDelSqRho_EigVec3 =  1.2653693806E-01  1.2525036161E-01  9.8402273867E-01
</CP of DelSqRho>
<CP of DelSqRho>
CP# = 27      
Type = (3,-1)
Coords =  3.55418333763005E-02  1.29827169446057E-01 -3.36562074104615E-01
DistFromNuc =  3.6248298134E-01
Rho =  1.1003261974E+01
DelSqRho =  5.4310400278E+02
GradDelSqRho = -2.8421709430E-13  7.2901684689E-12 -8.5265128291E-14
HessDelSqRho_EigVals = -1.0238003996E+05 -1.5823475734E+02  2.0530005883E+02
HessDelSqRho_EigVec1 = -9.6167371871E-02 -3.5773599366E-01  9.2885779074E-01
HessDelSqRho_EigVec2 = -4.6186044646E-02  9.3378153455E-01  3.5485052489E-01
HessDelSqRho_EigVec3 =  9.9429305834E-01  8.7752250075E-03  1.0632172665E-01
</CP of DelSqRho>
<CP of DelSqRho>
CP# = 28      
Type = (3,-1)
Coords = -3.56663462480363E-02 -1.29949955268798E-01 -3.36506046648148E-01
DistFromNuc =  3.6248292736E-01
Rho =  1.1003267040E+01
DelSqRho =  5.4310429601E+02
GradDelSqRho =  7.3896444519E-13  2.7000623959E-13 -1.3073986338E-12
HessDelSqRho_EigVals = -1.0238011874E+05 -1.5826592248E+02  2.0529859930E+02
HessDelSqRho_EigVec1 =  9.6487161987E-02  3.5804880064E-01  9.2870408847E-01
HessDelSqRho_EigVec2 = -4.6258749355E-02  9.3366240725E-01 -3.5515438531E-01
HessDelSqRho_EigVec3 =  9.9425869656E-01  8.6928509480E-03 -1.0664932565E-01
</CP of DelSqRho>
<CP of DelSqRho>
CP# = 29      
Type = (3,-1)
Coords =  1.29942022164359E-01 -3.55528087590310E-02  3.36517760814009E-01
DistFromNuc =  3.6248297050E-01
Rho =  1.1003262043E+01
DelSqRho =  5.4310410895E+02
GradDelSqRho =  1.8101076193E-12  1.1439738046E-12  5.6843418861E-13
HessDelSqRho_EigVals = -1.0238005233E+05 -1.5824427622E+02  2.0529453135E+02
HessDelSqRho_EigVec1 =  3.5805172484E-01 -9.6172783732E-02  9.2873556947E-01
HessDelSqRho_EigVec2 =  9.3366114825E-01  4.6154605025E-02 -3.5517124416E-01
HessDelSqRho_EigVec3 = -8.7076161298E-03  9.9429399480E-01  1.0631852763E-01
</CP of DelSqRho>
<CP of DelSqRho>
CP# = 30      
Type = (3,-1)
Coords = -1.29834278604363E-01  3.56558266348088E-02  3.36550769774907E-01
DistFromNuc =  3.6248294975E-01
Rho =  1.1003265290E+01
DelSqRho =  5.4310419843E+02
GradDelSqRho =  3.1974423109E-14 -3.6237679524E-13  5.6843418861E-14
HessDelSqRho_EigVals = -1.0238008718E+05 -1.5826143788E+02  2.0529986504E+02
HessDelSqRho_EigVec1 = -3.5773060785E-01  9.6483070756E-02  9.2882712561E-01
HessDelSqRho_EigVec2 =  9.3378372429E-01  4.6291656235E-02  3.5483100036E-01
HessDelSqRho_EigVec3 = -8.7617614860E-03  9.9425756201E-01 -1.0665426346E-01
</CP of DelSqRho>
<CP of DelSqRho>
CP# = 31      
Type = (3,-1)
Coords =  3.43370874347831E-02 -1.30184555827943E-01  3.36552831472762E-01
DistFromNuc =  3.6248296526E-01
Rho =  1.1003262927E+01
DelSqRho =  5.4310404382E+02
GradDelSqRho =  4.9737991503E-13 -4.4053649617E-12  2.7853275242E-12
HessDelSqRho_EigVals = -1.0238007001E+05 -1.5822382387E+02  2.0530098264E+02
HessDelSqRho_EigVec1 =  9.2848644766E-02 -3.5867620885E-01  9.2883287322E-01
HessDelSqRho_EigVec2 =  5.5761498698E-02  9.3327171602E-01  3.5481623320E-01
HessDelSqRho_EigVec3 =  9.9411759085E-01 -1.8848906658E-02 -1.0665333698E-01
</CP of DelSqRho>
<CP of DelSqRho>
CP# = 32      
Type = (3,-1)
Coords =  1.30164719683630E-01  3.42224446054611E-02 -3.36568599959174E-01
DistFromNuc =  3.6248300705E-01
Rho =  1.1003257986E+01
DelSqRho =  5.4310386836E+02
GradDelSqRho =  3.4710012642E-12 -8.8817841970E-13  1.2505552149E-12
HessDelSqRho_EigVals = -1.0238000530E+05 -1.5820370921E+02  2.0529679864E+02
HessDelSqRho_EigVec1 = -3.5864628758E-01 -9.2533539356E-02  9.2887587141E-01
HessDelSqRho_EigVec2 =  9.3328288644E-01 -5.5654792475E-02  3.5480360477E-01
HessDelSqRho_EigVec3 =  1.8865160533E-02  9.9415295009E-01  1.0632035341E-01
</CP of DelSqRho>
<CP of DelSqRho>
CP# = 33      
Type = (3,-1)
Coords = -1.30298806890662E-01 -3.43357725554481E-02 -3.36509440041119E-01
DistFromNuc =  3.6248295119E-01
Rho =  1.1003263340E+01
DelSqRho =  5.4310416277E+02
GradDelSqRho = -2.0019541580E-12 -3.7658764995E-13 -5.9685589804E-12
HessDelSqRho_EigVals = -1.0238008675E+05 -1.5823508236E+02  2.0529570798E+02
HessDelSqRho_EigVec1 =  3.5899260308E-01  9.2820133769E-02  9.2871348311E-01
HessDelSqRho_EigVec2 =  9.3315146840E-01 -5.5714747444E-02 -3.5513969636E-01
HessDelSqRho_EigVec3 =  1.8778923036E-02  9.9412287454E-01 -1.0661642634E-01
</CP of DelSqRho>
<CP of DelSqRho>
CP# = 34      
Type = (3,+3)
Coords =  8.14906709283217E-01 -4.14639705615690E-03 -1.35107111912696E-04
DistFromNuc =  8.1492158888E-01
Rho =  1.1432489238E+00
DelSqRho = -9.3367698494E+00
GradDelSqRho = -1.3500311979E-13  8.6042284408E-16  2.5673907444E-16
HessDelSqRho_EigVals =  2.8107060315E+01  7.6747201655E+01  8.1477907889E+02
HessDelSqRho_EigVec1 =  8.3309737505E-04  1.3156459722E-01  9.9130724940E-01
HessDelSqRho_EigVec2 =  5.0160459404E-03  9.9129457253E-01 -1.3156713026E-01
HessDelSqRho_EigVec3 =  9.9998707253E-01 -5.0820509349E-03 -1.6591084251E-04
</CP of DelSqRho>
<CP of DelSqRho>
CP# = 35      
Type = (3,+3)
Coords = -8.14915272846646E-01  4.14090482963476E-03  1.56053724075469E-04
DistFromNuc =  8.1492148885E-01
Rho =  1.1432487727E+00
DelSqRho = -9.3367718457E+00
GradDelSqRho =  8.5265128291E-14 -6.3837823916E-16  1.3183898417E-16
HessDelSqRho_EigVals =  2.8106400266E+01  7.6747782280E+01  8.1478022056E+02
HessDelSqRho_EigVec1 = -4.7782413552E-04 -1.3123434002E-01  9.9135125949E-01
HessDelSqRho_EigVec2 =  5.0681295175E-03  9.9133832287E-01  1.3123507028E-01
HessDelSqRho_EigVec3 =  9.9998704279E-01 -5.0870038645E-03 -1.9142725523E-04
</CP of DelSqRho>
<CP of DelSqRho>
CP# = 36      
Type = (3,+3)
Coords =  4.14139409455167E-03  8.14905791313274E-01 -1.42743230634871E-04
DistFromNuc =  8.1492110994E-01
Rho =  1.1432523673E+00
DelSqRho = -9.3368240776E+00
GradDelSqRho = -2.0816681712E-16  1.4210854715E-14  6.9388939039E-17
HessDelSqRho_EigVals =  2.8106920243E+01  7.6747713943E+01  8.1478445628E+02
HessDelSqRho_EigVec1 =  1.3157980495E-01 -4.9571403894E-04  9.9130545706E-01
HessDelSqRho_EigVec2 =  9.9129252817E-01 -5.0659122685E-03 -1.3158062212E-01
HessDelSqRho_EigVec3 =  5.0870928383E-03  9.9998704532E-01 -1.7517412528E-04
</CP of DelSqRho>
<CP of DelSqRho>
CP# = 37      
Type = (3,+3)
Coords = -4.14584763351733E-03 -8.14915221236938E-01  1.21866267716216E-04
DistFromNuc =  8.1492099340E-01
Rho =  1.1432523944E+00
DelSqRho = -9.3368294117E+00
GradDelSqRho = -6.6613381478E-16 -7.1054273576E-14  1.4571677198E-16
HessDelSqRho_EigVals =  2.8106334088E+01  7.6748295809E+01  8.1478577457E+02
HessDelSqRho_EigVec1 = -1.3121471986E-01  8.1512594037E-04  9.9135363663E-01
HessDelSqRho_EigVec2 =  9.9134094621E-01 -5.0183263822E-03  1.3121716642E-01
HessDelSqRho_EigVec3 =  5.0818946249E-03  9.9998707590E-01 -1.4958943058E-04
</CP of DelSqRho>
<CP of DelSqRho>
CP# = 38      
Type = (3,+3)
Coords = -1.57842125969686E-03 -1.57579873231521E-03  8.34918664878578E-01
DistFromNuc =  8.3492159525E-01
Rho =  9.4926706973E-01
DelSqRho = -5.7343392854E+00
GradDelSqRho = -1.4432899320E-15 -1.6445178552E-15  3.1086244690E-14
HessDelSqRho_EigVals =  9.7308299848E-02  1.0991772979E+01  6.3813928382E+02
HessDelSqRho_EigVec1 =  7.1070777167E-01  7.0348226422E-01  2.6771660894E-03
HessDelSqRho_EigVec2 = -7.0348480618E-01  7.1071029777E-01  1.1028848744E-05
HessDelSqRho_EigVec3 = -1.8949309091E-03 -1.8911839560E-03  9.9999641632E-01
</CP of DelSqRho>
<CP of DelSqRho>
CP# = 39      
Type = (3,+3)
Coords = -2.43685851930932E-04 -6.42308836841001E-05 -8.34921548959301E-01
DistFromNuc =  8.3492161690E-01
Rho =  9.4926643257E-01
DelSqRho = -5.7343385872E+00
GradDelSqRho =  2.3658402711E-14 -2.5228950873E-14 -3.6894931554E-12
HessDelSqRho_EigVals =  9.7106235549E-02  1.0992301516E+01  6.3813906715E+02
HessDelSqRho_EigVec1 = -7.0345432578E-01  7.1074045089E-01  1.5167712764E-04
HessDelSqRho_EigVec2 =  7.1074040906E-01  7.0345433856E-01 -2.5393496617E-04
HessDelSqRho_EigVec3 =  2.8717978586E-04  7.0828586673E-05  9.9999995626E-01
</CP of DelSqRho>
<CP of DelSqRho>
CP# = 40      
Type = (3,-1)
Coords = -5.77502114817909E-01  5.83480544902449E-01  2.29307117670248E-01
DistFromNuc =  8.5237346105E-01
Rho =  8.8783509239E-01
DelSqRho = -3.1693227340E+00
GradDelSqRho = -3.3750779949E-14  1.0658141036E-14  4.6185277824E-14
HessDelSqRho_EigVals = -5.8219660111E+01 -1.0025530026E+01  5.0259277193E+02
HessDelSqRho_EigVec1 = -7.1069425264E-01 -7.0350096967E-01  2.5481573479E-04
HessDelSqRho_EigVec2 = -1.8799999824E-01  1.8957323164E-01 -9.6370015591E-01
HessDelSqRho_EigVec3 = -6.7791568792E-01  6.8494406743E-01  2.6698678725E-01
</CP of DelSqRho>
<CP of DelSqRho>
CP# = 41      
Type = (3,-1)
Coords =  5.77578677021216E-01 -5.83412544347337E-01  2.29289597595736E-01
DistFromNuc =  8.5237344698E-01
Rho =  8.8783516382E-01
DelSqRho = -3.1693245426E+00
GradDelSqRho =  8.8817841970E-15 -1.4210854715E-14  1.8651746814E-14
HessDelSqRho_EigVals = -5.8219623415E+01 -1.0025527654E+01  5.0259287314E+02
HessDelSqRho_EigVec1 =  7.1069241646E-01  7.0350283086E-01 -2.3697551326E-04
HessDelSqRho_EigVec2 = -1.8764919825E-01  1.8989154127E-01  9.6370585811E-01
HessDelSqRho_EigVec3 = -6.7801479894E-01  6.8485397679E-01 -2.6696622051E-01
</CP of DelSqRho>
<CP of DelSqRho>
CP# = 42      
Type = (3,-1)
Coords =  5.83399134047669E-01  5.77493566557876E-01 -2.29512569906413E-01
DistFromNuc =  8.5237314034E-01
Rho =  8.8783681308E-01
DelSqRho = -3.1693621643E+00
GradDelSqRho =  4.0856207306E-14  1.5987211555E-14 -7.5495165675E-15
HessDelSqRho_EigVals = -5.8219035488E+01 -1.0025387643E+01  5.0259505656E+02
HessDelSqRho_EigVec1 = -7.0350133824E-01  7.1069393348E-01 -1.9873016902E-06
HessDelSqRho_EigVec2 = -1.8991604861E-01 -1.8799669321E-01 -9.6363330050E-01
HessDelSqRho_EigVec3 =  6.8484871437E-01  6.7791693905E-01 -2.6722810887E-01
</CP of DelSqRho>
<CP of DelSqRho>
CP# = 43      
Type = (3,-1)
Coords = -5.83497037459858E-01 -5.77584087398110E-01 -2.29083868199468E-01
DistFromNuc =  8.5237376490E-01
Rho =  8.8783346328E-01
DelSqRho = -3.1692853002E+00
GradDelSqRho = -1.5987211555E-14 -1.5987211555E-14  5.3290705182E-15
HessDelSqRho_EigVals = -5.8220254089E+01 -1.0025670479E+01  5.0259060960E+02
HessDelSqRho_EigVec1 =  7.0350132408E-01 -7.1069394708E-01 -2.4598188197E-05
HessDelSqRho_EigVec2 = -1.8954296818E-01 -1.8765804422E-01  9.6377275415E-01
HessDelSqRho_EigVec3 =  6.8495207879E-01  6.7801074624E-01  2.6672472278E-01
</CP of DelSqRho>
<CP of DelSqRho>
CP# = 44      
Type = (3,+1)
Coords = -3.33934007052118E-01  1.55696890969473E-01 -7.49233260651017E-01
DistFromNuc =  8.3492667365E-01
Rho =  9.6026122787E-01
DelSqRho = -5.6875422069E+00
GradDelSqRho = -1.9362289549E-13  1.4077627952E-13 -5.5511151231E-13
HessDelSqRho_EigVals = -5.7850201431E+00  9.1016159327E+00  6.3834191721E+02
HessDelSqRho_EigVec1 =  9.1557969145E-01  1.1912163294E-01 -3.8408835593E-01
HessDelSqRho_EigVec2 =  3.4745067531E-02 -9.7498069649E-01 -2.1955733137E-01
HessDelSqRho_EigVec3 =  4.0063276061E-01 -1.8767705785E-01  8.9681141445E-01
</CP of DelSqRho>
<CP of DelSqRho>
CP# = 45      
Type = (3,+1)
Coords =  3.33678871202009E-01 -1.55960234575829E-01 -7.49290476619768E-01
DistFromNuc =  8.3492686113E-01
Rho =  9.6026143823E-01
DelSqRho = -5.6875100296E+00
GradDelSqRho =  1.8829382498E-13 -1.1413092693E-13 -4.8672177400E-13
HessDelSqRho_EigVals = -5.7867114375E+00  9.1020043199E+00  6.3834019099E+02
HessDelSqRho_EigVec1 =  9.1570409841E-01  1.1930612874E-01  3.8373435055E-01
HessDelSqRho_EigVec2 =  3.4868458563E-02 -9.7489957870E-01  2.1989770817E-01
HessDelSqRho_EigVec3 = -4.0033760096E-01  1.8798100730E-01  8.9687956056E-01
</CP of DelSqRho>
<CP of DelSqRho>
CP# = 46      
Type = (3,+1)
Coords =  1.55951444592686E-01  3.33905431222134E-01  7.49189581619254E-01
DistFromNuc =  8.3492706643E-01
Rho =  9.6025825043E-01
DelSqRho = -5.6874875345E+00
GradDelSqRho =  1.7230661342E-13  2.0883295093E-13  6.9277916737E-13
HessDelSqRho_EigVals = -5.7852602999E+00  9.1011273749E+00  6.3833841668E+02
HessDelSqRho_EigVec1 =  1.1921278255E-01 -9.1559107814E-01  3.8403292841E-01
HessDelSqRho_EigVec2 =  9.7491099956E-01  3.4714145336E-02 -2.1987148757E-01
HessDelSqRho_EigVec3 =  1.8798099746E-01  4.0060941794E-01  8.9675818304E-01
</CP of DelSqRho>
<CP of DelSqRho>
CP# = 47      
Type = (3,+1)
Coords = -1.55697060353341E-01 -3.33669869321946E-01  7.49352530573972E-01
DistFromNuc =  8.3492622097E-01
Rho =  9.6026376991E-01
DelSqRho = -5.6876004538E+00
GradDelSqRho = -1.1368683772E-13 -2.0233814624E-13  4.4053649617E-13
HessDelSqRho_EigVals = -5.7842402183E+00  9.1020745334E+00  6.3834581364E+02
HessDelSqRho_EigVec1 =  1.1914687802E-01 -9.1571398293E-01 -3.8376024146E-01
HessDelSqRho_EigVec2 =  9.7497965220E-01  3.4850441739E-02  2.1954526754E-01
HessDelSqRho_EigVec3 = -1.8766645744E-01 -4.0031655996E-01  8.9695482192E-01
</CP of DelSqRho>
<CP of DelSqRho>
CP# = 48      
Type = (3,+1)
Coords =  3.35459519537506E-01  1.52531156913633E-01  7.49199451415582E-01
DistFromNuc =  8.3492693132E-01
Rho =  9.6025771732E-01
DelSqRho = -5.6875102673E+00
GradDelSqRho =  2.3092638912E-14  1.5543122345E-14  6.8389738317E-14
HessDelSqRho_EigVals = -5.7838821556E+00  9.1007291283E+00  6.3833973443E+02
HessDelSqRho_EigVec1 = -9.1434088466E-01  1.2846933184E-01  3.8402653217E-01
HessDelSqRho_EigVec2 =  4.4593501202E-02  9.7451761077E-01 -2.1983367791E-01
HessDelSqRho_EigVec3 =  4.0248250432E-01  1.8387783192E-01  8.9677019166E-01
</CP of DelSqRho>
<CP of DelSqRho>
CP# = 49      
Type = (3,+1)
Coords = -3.35194831744694E-01 -1.52303683910717E-01  7.49369051234665E-01
DistFromNuc =  8.3492607627E-01
Rho =  9.6026320096E-01
DelSqRho = -5.6876249221E+00
GradDelSqRho =  1.4210854715E-14  2.2204460493E-15 -2.1316282073E-14
HessDelSqRho_EigVals = -5.7827549124E+00  9.1016447949E+00  6.3834722437E+02
HessDelSqRho_EigVec1 = -9.1447773455E-01  1.2841324805E-01 -3.8371931245E-01
HessDelSqRho_EigVec2 =  4.4734696573E-02  9.7457842271E-01  2.1953520198E-01
HessDelSqRho_EigVec3 = -4.0215579064E-01 -1.8359448715E-01  8.9697479582E-01
</CP of DelSqRho>
<CP of DelSqRho>
CP# = 50      
Type = (3,+1)
Coords = -1.52558310949057E-01  3.35193625883541E-01 -7.49313980898894E-01
DistFromNuc =  8.3492644016E-01
Rho =  9.6026047777E-01
DelSqRho = -5.6875742082E+00
GradDelSqRho =  7.9936057773E-15  7.1054273576E-15 -5.3290705182E-15
HessDelSqRho_EigVals = -5.7829874546E+00  9.1012010046E+00  6.3834397067E+02
HessDelSqRho_EigVec1 =  1.2850969944E-01  9.1447526150E-01  3.8369291529E-01
HessDelSqRho_EigVec2 = -9.7450819322E-01  4.4700438914E-02  2.1985370614E-01
HessDelSqRho_EigVec3 =  1.8389953369E-01 -4.0216522333E-01  8.9690807481E-01
</CP of DelSqRho>
<CP of DelSqRho>
CP# = 51      
Type = (3,+1)
Coords =  1.52268298772513E-01 -3.35422583672189E-01 -7.49272885133412E-01
DistFromNuc =  8.3492633044E-01
Rho =  9.6025971182E-01
DelSqRho = -5.6875955085E+00
GradDelSqRho = -1.7763568394E-15  3.5416114486E-14  8.1712414612E-14
HessDelSqRho_EigVals = -5.7813971558E+00  9.1007219055E+00  6.3834502089E+02
HessDelSqRho_EigVec1 =  1.2830475864E-01  9.1436557549E-01 -3.8402276399E-01
HessDelSqRho_EigVec2 = -9.7459871137E-01  4.4579075451E-02 -2.1947678199E-01
HessDelSqRho_EigVec3 = -1.8356263430E-01  4.0242800646E-01  8.9685921911E-01
</CP of DelSqRho>
<CP of DelSqRho>
CP# = 52      
Type = (3,-3)
Coords = -9.03204758935476E-01  9.12500143589639E-01  1.82081738983527E-01
DistFromNuc =  1.2967613267E+00
Rho =  2.8517218987E-01
DelSqRho =  1.5233618773E+00
GradDelSqRho =  2.0800583478E-12 -2.1096735470E-12 -2.0284190994E-12
HessDelSqRho_EigVals = -2.8025098405E+01 -4.8817798678E+00 -7.0181591144E-01
HessDelSqRho_EigVec1 = -6.9509019926E-01  7.0225373424E-01  1.5391331209E-01
HessDelSqRho_EigVec2 =  7.1069494316E-01  7.0350027353E-01 -2.5081964464E-04
HessDelSqRho_EigVec3 =  1.0845419618E-01 -1.0921107031E-01  9.8808432305E-01
</CP of DelSqRho>
<CP of DelSqRho>
CP# = 53      
Type = (3,-3)
Coords =  9.03263518338105E-01 -9.12448503142236E-01  1.82054021729421E-01
DistFromNuc =  1.2967613772E+00
Rho =  2.8517216051E-01
DelSqRho =  1.5233617019E+00
GradDelSqRho = -2.6331437031E-12  2.6520868834E-12 -1.4961504258E-12
HessDelSqRho_EigVals = -2.8025095039E+01 -4.8817778415E+00 -7.0181618275E-01
HessDelSqRho_EigVec1 = -6.9514777003E-01  7.0220141866E-01 -1.5389199283E-01
HessDelSqRho_EigVec2 =  7.1069312138E-01  7.0350211855E-01 -2.3752266093E-04
HessDelSqRho_EigVec3 = -1.0809655423E-01  1.0953509409E-01  9.8808764699E-01
</CP of DelSqRho>
<CP of DelSqRho>
CP# = 54      
Type = (3,-3)
Coords =  9.12434133943603E-01  9.03200443927312E-01 -1.82397922417481E-01
DistFromNuc =  1.2967623650E+00
Rho =  2.8517173873E-01
DelSqRho =  1.5233582133E+00
GradDelSqRho = -1.1896039709E-13 -1.1252804244E-13  3.0003777240E-14
HessDelSqRho_EigVals = -2.8025030809E+01 -4.8817524842E+00 -7.0180940720E-01
HessDelSqRho_EigVec1 =  7.0219851545E-01  6.9509202852E-01 -1.5415679284E-01
HessDelSqRho_EigVec2 = -7.0350133337E-01  7.1069393830E-01  6.4426722760E-07
HessDelSqRho_EigVec3 =  1.0955874604E-01  1.0844905690E-01  9.8804639730E-01
</CP of DelSqRho>
<CP of DelSqRho>
CP# = 55      
Type = (3,-3)
Coords = -9.12510783603970E-01 -9.03271480525098E-01 -1.81737707683204E-01
DistFromNuc =  1.2967603384E+00
Rho =  2.8517260494E-01
DelSqRho =  1.5233654506E+00
GradDelSqRho =  1.0980105714E-13  1.1250722576E-13  2.2516710718E-14
HessDelSqRho_EigVals = -2.8025163185E+01 -4.8818057052E+00 -7.0182339368E-01
HessDelSqRho_EigVec1 =  7.0225724026E-01  6.9514524526E-01  1.5364848355E-01
HessDelSqRho_EigVec2 = -7.0350134233E-01  7.1069392909E-01  2.2164536063E-05
HessDelSqRho_EigVec3 = -1.0918163690E-01 -1.0810747963E-01  9.8812557047E-01
</CP of DelSqRho>
<CP of DelSqRho>
CP# = 56      
Type = (3,+1)
Coords =  1.44273049748933E+00 -7.34155497141641E-03 -2.42586679224043E-04
DistFromNuc =  1.4427535167E+00
Rho =  2.4292695687E-01
DelSqRho =  7.2650544312E-01
GradDelSqRho = -2.2204460493E-15  3.4694469520E-17 -3.0791341699E-17
HessDelSqRho_EigVals = -1.5542974583E+01  8.9641535921E-01  2.2752443062E+00
HessDelSqRho_EigVec1 =  9.9998705345E-01 -5.0857409153E-03 -1.6785949962E-04
HessDelSqRho_EigVec2 =  3.6440513748E-04  3.8670173830E-02  9.9925196265E-01
HessDelSqRho_EigVec3 =  5.0754454351E-03  9.9923908695E-01 -3.8671526454E-02
</CP of DelSqRho>
<CP of DelSqRho>
CP# = 57      
Type = (3,+1)
Coords = -1.44273827190559E+00  7.33589366231235E-03  2.72011843251754E-04
DistFromNuc =  1.4427526282E+00
Rho =  2.4292681447E-01
DelSqRho =  7.2651220190E-01
GradDelSqRho =  0.0000000000E+00  1.7347234760E-17  3.2526065175E-18
HessDelSqRho_EigVals = -1.5543084160E+01  8.9639329464E-01  2.2752263382E+00
HessDelSqRho_EigVec1 =  9.9998703971E-01 -5.0877054865E-03 -1.8886771269E-04
HessDelSqRho_EigVec2 = -6.3208231463E-06 -3.8337440788E-02  9.9926485007E-01
HessDelSqRho_EigVec3 =  5.0912059649E-03  9.9925189812E-01  3.8336976082E-02
</CP of DelSqRho>
<CP of DelSqRho>
CP# = 58      
Type = (3,+1)
Coords =  7.33638144616068E-03  1.44272890118846E+00 -2.48427492014141E-04
DistFromNuc =  1.4427523583E+00
Rho =  2.4292677925E-01
DelSqRho =  7.2651931722E-01
GradDelSqRho = -1.1275702594E-17  9.5062846484E-16 -2.3852447795E-18
HessDelSqRho_EigVals = -1.5543180220E+01  8.9638971399E-01  2.2752110977E+00
HessDelSqRho_EigVec1 =  5.0877437582E-03  9.9998704246E-01 -1.7256457148E-04
HessDelSqRho_EigVec2 =  3.8682584941E-02 -2.4371980629E-05  9.9925154842E-01
HessDelSqRho_EigVec3 =  9.9923859638E-01 -5.0906110721E-03 -3.8682207708E-02
</CP of DelSqRho>
<CP of DelSqRho>
CP# = 59      
Type = (3,+1)
Coords = -7.34094426542619E-03 -1.44273762715120E+00  2.19043838120972E-04
DistFromNuc =  1.4427515370E+00
Rho =  2.4292663003E-01
DelSqRho =  7.2652585590E-01
GradDelSqRho =  4.7704895589E-18 -1.5959455979E-15  2.2334564753E-17
HessDelSqRho_EigVals = -1.5543285643E+01  8.9636870758E-01  2.2751933666E+00
HessDelSqRho_EigVec1 =  5.0856216490E-03  9.9998705667E-01 -1.5150367650E-04
HessDelSqRho_EigVec2 = -3.8314683819E-02  3.4625088887E-04  9.9926566293E-01
HessDelSqRho_EigVec3 =  9.9925278156E-01 -5.0760822730E-03  3.8315948800E-02
</CP of DelSqRho>
<CP of DelSqRho>
CP# = 60      
Type = (3,+1)
Coords =  2.22392318238140E-04  1.97147327156214E-04  1.35651572623475E+00
DistFromNuc =  1.3565157287E+00
Rho =  2.4288325143E-01
DelSqRho =  1.1254190052E+00
GradDelSqRho =  8.3483567281E-18 -2.0437210951E-17  1.5543122345E-15
HessDelSqRho_EigVals = -2.1888182230E+01  2.1860313791E-01  3.8395512041E-01
HessDelSqRho_EigVec1 =  1.6864235630E-04  1.5022843942E-04  9.9999997450E-01
HessDelSqRho_EigVec2 =  7.1061112123E-01  7.0358495117E-01 -2.2553760887E-04
HessDelSqRho_EigVec3 = -7.0358496711E-01  7.1061114114E-01  1.1900224241E-05
</CP of DelSqRho>
<CP of DelSqRho>
CP# = 61      
Type = (3,+1)
Coords = -2.48822209838180E-04 -2.22228972429383E-04 -1.35651565229386E+00
DistFromNuc =  1.3565157233E+00
Rho =  2.4288325375E-01
DelSqRho =  1.1254190125E+00
GradDelSqRho =  1.2414114875E-17  5.7191664599E-18 -3.9968028887E-15
HessDelSqRho_EigVals = -2.1888182308E+01  2.1860314935E-01  3.8395476558E-01
HessDelSqRho_EigVec1 =  1.7933159449E-04  1.5957860637E-04  9.9999997119E-01
HessDelSqRho_EigVec2 = -7.0356563203E-01  7.1063028451E-01  1.2770156541E-05
HessDelSqRho_EigVec3 =  7.1063026200E-01  7.0356561405E-01 -2.3971248506E-04
</CP of DelSqRho>
<CP of DelSqRho>
CP# = 62      
Type = (3,-1)
Coords = -5.97242272435064E-01 -7.42622673824704E-02  1.21278637068564E+00
DistFromNuc =  1.3539047326E+00
Rho =  2.4867491156E-01
DelSqRho =  1.1512671783E+00
GradDelSqRho = -5.2735593670E-15 -3.8857805862E-16  0.0000000000E+00
HessDelSqRho_EigVals = -2.2288221862E+01 -4.8768902936E-01  6.4041069680E-01
HessDelSqRho_EigVec1 = -4.3679746670E-01 -4.4123325996E-02  8.9847710332E-01
HessDelSqRho_EigVec2 =  8.9953932973E-01 -2.8175196260E-02  4.3593021526E-01
HessDelSqRho_EigVec3 =  6.0800777221E-03  9.9862870498E-01  5.1997521442E-02
</CP of DelSqRho>
<CP of DelSqRho>
CP# = 63      
Type = (3,-1)
