 AIMInt (Version 19.02.13, Professional)
 Portions Copyright (c) 1997-2019 by Todd A. Keith
 AIMInt is a component of the AIMAll package ( http://aim.tkgristmill.com )

 TP:  64-bit Linux

 Licensed To:  Research Group of Fernando Cortes Guzman, UNAM, fercor@unam.mx

 AIMInt is a heavily modified and extended version of the PROAIMV program
 developed by members of R.F.W. Bader's research group

 Much of the Quantum Theory of Atoms in Molecules (QTAIM) is described in the book:
   "Atoms in Molecules - A Quantum Theory"
   R.F.W. Bader, Oxford University Press, Oxford, 1990

 For additional references see:  http://aim.tkgristmill.com/references.html

 Current Directory:  /home/scratch/M_H2O_4_tetraedrico/Opt

 Inp File:  Mn2_tetraedrico_cc-pvtz-def2-tzv_2_atomicfiles/mn1.inp
 Wfx File:  Mn2_tetraedrico_cc-pvtz-def2-tzv_2.wfx
 Out File:  Mn2_tetraedrico_cc-pvtz-def2-tzv_2_atomicfiles/mn1.int

 Wfx Title:   Mn2_tetraedrico_cc-pvtz-def2-tzv_2                                            
 Job Title:   Mn2_tetraedrico_cc-pvtz-def2-tzv_2                                            
 
<Atom>
Mn1     
</Atom>
<Nuclei of Molecule>
    13
Mn1       25.0           1.1308750059E-02  -9.4395846382E-04  -2.4476110818E-03
O2         8.0          -1.2525522289E+00   3.1418708811E+00  -6.9851602450E-01
H3         1.0          -2.7730386792E+00   3.8905877233E+00   6.1358935103E-02
O4         8.0           3.4143206363E+00  -3.6909717023E-02  -6.1674198114E-01
H5         1.0           4.4418857908E+00  -1.4955213621E+00  -1.1437316653E+00
O6         8.0          -1.5480125099E+00  -2.3419882856E+00  -2.0142054546E+00
H7         1.0          -1.2887196951E+00  -4.1796186462E+00  -1.9693241188E+00
O8         8.0          -5.6852150189E-01  -7.6674746511E-01   3.3196726002E+00
H9         1.0           4.5401357131E-01  -7.5377381177E-02   4.7069251653E+00
H10        1.0           4.6519806693E+00   1.3442198435E+00  -4.5221405252E-01
H11        1.0          -2.0861112471E+00  -1.4859077297E+00   4.1164489223E+00
H12        1.0          -3.1303925366E+00  -2.0784235760E+00  -2.9477214715E+00
H13        1.0          -9.1421178908E-01   4.1338367830E+00  -2.2322245570E+00
</Nuclei of Molecule>
<Total Number of CPs of DelSqRho>
    81
</Total Number of CPs of DelSqRho>
<Number of (3,+3) CPs of DelSqRho>
    12
</Number of (3,+3) CPs of DelSqRho>
<Number of (3,+1) CPs of DelSqRho>
    25
</Number of (3,+1) CPs of DelSqRho>
<Number of (3,-1) CPs of DelSqRho>
    32
</Number of (3,-1) CPs of DelSqRho>
<Number of (3,-3) CPs of DelSqRho>
    12
</Number of (3,-3) CPs of DelSqRho>
<Number of Degenerate CPs of DelSqRho>
     0
</Number of Degenerate CPs of DelSqRho>
<CP of DelSqRho>
CP# = 1       
Type = (3,+3)
Coords =  1.13087501008582E-02 -9.43958462056540E-04 -2.44761107886089E-03
DistFromNuc =  4.2259822745E-11
Rho =  1.0482201526E+04
DelSqRho = -5.9873929933E+09
GradDelSqRho = -2.7587044984E-02  2.7577141300E-03  1.1841947897E-02
HessDelSqRho_EigVals =  5.6208223125E+16  5.6208223129E+16  5.6208223132E+16
HessDelSqRho_EigVec1 = -6.0448241643E-02 -4.1109534092E-01  9.0958596667E-01
HessDelSqRho_EigVec2 =  7.4009753676E-02  9.0689818587E-01  4.1479903186E-01
HessDelSqRho_EigVec3 =  9.9542381248E-01 -9.2392105452E-02  2.4395335766E-02
</CP of DelSqRho>
<CP of DelSqRho>
CP# = 2       
Type = (3,-1)
Coords =  9.28497192235671E-02 -1.33848731868000E-01  5.01686872273705E-02
DistFromNuc =  1.6456331090E-01
Rho =  9.1939087876E+01
DelSqRho = -5.4239850401E+03
GradDelSqRho =  2.1827872843E-11  0.0000000000E+00  5.0931703299E-11
HessDelSqRho_EigVals = -9.5587241125E+04 -6.4481270885E+04  1.0096284617E+07
HessDelSqRho_EigVec1 =  1.9578105438E-01  4.6226728532E-01  8.6485763896E-01
HessDelSqRho_EigVec2 = -8.4615231510E-01 -3.6614530346E-01  3.8725169645E-01
HessDelSqRho_EigVec3 = -4.9567735312E-01  8.0761783888E-01 -3.1946422011E-01
</CP of DelSqRho>
<CP of DelSqRho>
CP# = 3       
Type = (3,+3)
Coords = -7.07350744195257E-02  1.07999505552124E-01  8.97165552382433E-02
DistFromNuc =  1.6460285854E-01
Rho =  9.2666642757E+01
DelSqRho = -5.8455971031E+03
GradDelSqRho =  0.0000000000E+00 -1.4551915228E-11 -7.2759576142E-12
HessDelSqRho_EigVals =  5.4954046810E+04  8.1102516255E+04  1.0085705649E+07
HessDelSqRho_EigVec1 =  8.6579775112E-01  4.0886578580E-01  2.8848400885E-01
HessDelSqRho_EigVec2 = -3.8168925652E-02  6.2879535135E-01 -7.7663346518E-01
HessDelSqRho_EigVec3 = -4.9893625572E-01  6.6139638291E-01  5.6001556889E-01
</CP of DelSqRho>
<CP of DelSqRho>
CP# = 4       
Type = (3,+3)
Coords = -9.12519923403242E-02  1.71929921666826E-02 -1.29899475832082E-01
DistFromNuc =  1.6459536047E-01
Rho =  9.2699658900E+01
DelSqRho = -5.8591403079E+03
GradDelSqRho = -1.4551915228E-11 -7.2759576142E-12  0.0000000000E+00
HessDelSqRho_EigVals =  5.9646960860E+04  8.3260749389E+04  1.0090438121E+07
HessDelSqRho_EigVec1 =  7.8179988960E-01  7.0309934464E-02 -6.1955261741E-01
HessDelSqRho_EigVec2 =  1.4018107908E-02  9.9138905063E-01  1.3019693909E-01
HessDelSqRho_EigVec3 =  6.2337181944E-01 -1.1047290805E-01  7.7408223808E-01
</CP of DelSqRho>
<CP of DelSqRho>
CP# = 5       
Type = (3,+1)
Coords =  1.74463824577249E-01 -2.04356461260775E-02 -1.13789296630293E-02
DistFromNuc =  1.6455780954E-01
Rho =  9.2329935499E+01
DelSqRho = -5.6461446923E+03
GradDelSqRho =  0.0000000000E+00 -1.0913936421E-11  2.2737367544E-11
HessDelSqRho_EigVals = -2.0776036995E+04  1.5170298033E+04  1.0103699827E+07
HessDelSqRho_EigVec1 =  9.7725707049E-02  4.0097930878E-01  9.1085963799E-01
HessDelSqRho_EigVec2 =  8.6026569242E-02  9.0841128140E-01 -4.0913124204E-01
HessDelSqRho_EigVec3 =  9.9148833355E-01 -1.1834076962E-01 -5.4280260494E-02
</CP of DelSqRho>
<CP of DelSqRho>
CP# = 6       
Type = (3,-3)
Coords =  1.59990436200369E-01 -2.36888416295385E-01  8.62614660160596E-02
DistFromNuc =  2.9265223617E-01
Rho =  2.1259465335E+01
DelSqRho =  1.7769253098E+03
GradDelSqRho =  9.0949470177E-13 -5.0022208598E-12  2.5011104299E-12
HessDelSqRho_EigVals = -4.8863939006E+05 -2.5132482737E+04 -1.7665866636E+04
HessDelSqRho_EigVec1 = -5.0750310954E-01  8.0617221555E-01 -3.0418243322E-01
HessDelSqRho_EigVec2 =  1.4784484181E-01  4.2926023702E-01  8.9099806490E-01
HessDelSqRho_EigVec3 = -8.4887130741E-01 -4.0721248481E-01  3.3703930877E-01
</CP of DelSqRho>
<CP of DelSqRho>
CP# = 7       
Type = (3,-3)
Coords = -1.49868642469836E-01 -2.04384219816088E-01 -1.38879729759633E-01
DistFromNuc =  2.9322314849E-01
Rho =  2.1139065089E+01
DelSqRho =  1.7676061072E+03
GradDelSqRho =  1.8189894035E-12  4.5474735089E-12 -1.8189894035E-12
HessDelSqRho_EigVals = -4.8464328428E+05 -2.5352505229E+04 -1.5789501402E+04
HessDelSqRho_EigVec1 =  5.5063686047E-01  6.9298720539E-01  4.6536843583E-01
HessDelSqRho_EigVec2 =  1.0906240490E-01 -6.1244421960E-01  7.8295432160E-01
HessDelSqRho_EigVec3 = -8.2758953578E-01  3.8036930876E-01  4.1281321348E-01
</CP of DelSqRho>
<CP of DelSqRho>
CP# = 8       
Type = (3,+1)
Coords =  2.27981504855938E-03  1.62369815501763E-01  1.57656621495997E-02
DistFromNuc =  1.6457409807E-01
Rho =  9.2315912163E+01
DelSqRho = -5.6418364015E+03
GradDelSqRho = -1.4551915228E-11  5.8207660913E-11  3.6379788071E-12
HessDelSqRho_EigVals = -7.1690426412E+04  6.2191620918E+04  1.0097328258E+07
HessDelSqRho_EigVec1 =  6.4011044715E-01  1.1948119547E-01 -7.5893534598E-01
HessDelSqRho_EigVec2 =  7.6629911429E-01 -2.8348883864E-02  6.4185824621E-01
HessDelSqRho_EigVec3 = -5.5175020593E-02  9.9243165241E-01  1.0970475099E-01
</CP of DelSqRho>
<CP of DelSqRho>
CP# = 9       
Type = (3,+1)
Coords = -1.24944276666061E-01  2.02633246697240E-01  1.62713066095727E-01
DistFromNuc =  2.9544308257E-01
Rho =  2.2011943571E+01
DelSqRho =  1.4123599648E+03
GradDelSqRho = -5.9117155615E-12  3.6379788071E-12  1.8189894035E-12
HessDelSqRho_EigVals = -4.4800082624E+05  1.6263688230E+04  2.4920898393E+04
HessDelSqRho_EigVec1 = -4.5988057956E-01  6.9009475858E-01  5.5881935965E-01
HessDelSqRho_EigVec2 =  8.8386205545E-01  4.1628090024E-01  2.1330278721E-01
HessDelSqRho_EigVec3 = -8.5426690659E-02  5.9201303725E-01 -8.0138807344E-01
</CP of DelSqRho>
<CP of DelSqRho>
CP# = 10      
Type = (3,+1)
Coords =  1.88847938079640E-01 -2.93209155431347E-02  2.32272900790475E-01
DistFromNuc =  2.9566726851E-01
Rho =  2.1957833239E+01
DelSqRho =  1.4057567441E+03
GradDelSqRho =  1.2505552149E-12  1.3073986338E-12  7.9580786405E-12
HessDelSqRho_EigVals = -4.4616020260E+05  1.6937682005E+04  2.5884178890E+04
HessDelSqRho_EigVec1 =  6.0122865515E-01 -9.6648521522E-02  7.9321067032E-01
HessDelSqRho_EigVec2 =  7.9736384192E-01  7.5961562481E-03 -6.0345107673E-01
HessDelSqRho_EigVec3 =  5.2297302188E-02  9.9528958685E-01  8.1631063243E-02
</CP of DelSqRho>
<CP of DelSqRho>
CP# = 11      
Type = (3,+3)
Coords =  1.06591068364264E-01 -1.51590389557910E-02  1.30989382229873E-01
DistFromNuc =  1.6457891687E-01
Rho =  9.2679104391E+01
DelSqRho = -5.8744687730E+03
GradDelSqRho = -2.9103830457E-11 -7.2759576142E-12 -2.9103830457E-11
HessDelSqRho_EigVals =  5.9683042919E+04  9.9258446308E+04  1.0099290629E+07
HessDelSqRho_EigVec1 =  8.1288485374E-01 -1.9682048283E-02 -5.8209177243E-01
HessDelSqRho_EigVec2 =  6.6134640553E-02  9.9608399483E-01  5.8676098770E-02
HessDelSqRho_EigVec3 =  5.7865743223E-01 -8.6193342106E-02  8.1100325764E-01
</CP of DelSqRho>
<CP of DelSqRho>
CP# = 12      
Type = (3,-1)
Coords =  9.70565442444933E-02  1.16440069530551E-01  7.46891589486587E-02
DistFromNuc =  1.6456541413E-01
Rho =  9.1944077956E+01
DelSqRho = -5.4291745232E+03
GradDelSqRho =  0.0000000000E+00 -1.4551915228E-11  1.4551915228E-11
HessDelSqRho_EigVals = -9.6219062936E+04 -5.9839537732E+04  1.0095674463E+07
HessDelSqRho_EigVec1 =  6.0350723076E-02 -5.7875779715E-01  8.1326330451E-01
HessDelSqRho_EigVec2 = -8.5116955532E-01  3.9575484360E-01  3.4480210538E-01
HessDelSqRho_EigVec3 =  5.2140979884E-01  7.1303402163E-01  4.6873692587E-01
</CP of DelSqRho>
<CP of DelSqRho>
CP# = 13      
Type = (3,-1)
Coords =  5.23327813717190E-03 -2.92983253385654E-01 -3.86133055383447E-02
DistFromNuc =  2.9433283642E-01
Rho =  2.1540289804E+01
DelSqRho =  1.5934992148E+03
GradDelSqRho =  1.2789769244E-12  9.0949470177E-12  2.7284841053E-12
HessDelSqRho_EigVals = -4.6638447372E+05 -1.9498053887E+04  1.9299958056E+04
HessDelSqRho_EigVec1 =  1.9963426169E-02  9.9256254563E-01  1.2008769555E-01
HessDelSqRho_EigVec2 = -6.4594354806E-01 -7.8873910529E-02  7.5929957129E-01
HessDelSqRho_EigVec3 =  7.6312410153E-01 -9.2728093074E-02  6.3956477891E-01
</CP of DelSqRho>
<CP of DelSqRho>
CP# = 14      
Type = (3,+3)
Coords = -7.15354468837936E-02 -1.28823113955213E-01  5.98107337596628E-02
DistFromNuc =  1.6459751176E-01
Rho =  9.2686739226E+01
DelSqRho = -5.8557139186E+03
GradDelSqRho = -7.2759576142E-12 -2.9103830457E-11 -5.8207660913E-11
HessDelSqRho_EigVals =  6.0662949601E+04  8.2120529630E+04  1.0088157363E+07
HessDelSqRho_EigVec1 =  8.2169616906E-01 -5.6588453163E-01 -6.7750296055E-02
HessDelSqRho_EigVec2 =  2.6656136265E-01  2.7652046563E-01  9.2329923212E-01
HessDelSqRho_EigVec3 =  5.0374641011E-01  7.7673105316E-01 -3.7805875913E-01
</CP of DelSqRho>
<CP of DelSqRho>
CP# = 15      
Type = (3,-3)
Coords = -1.38424249779821E-01  2.35315806660295E-01 -9.03955122226881E-02
DistFromNuc =  2.9321234826E-01
Rho =  2.1122949468E+01
DelSqRho =  1.7712136600E+03
GradDelSqRho = -3.1832314562E-12  6.8212102633E-12  1.1368683772E-12
HessDelSqRho_EigVals = -4.8497021339E+05 -2.4540955287E+04 -1.7344674674E+04
HessDelSqRho_EigVec1 = -5.1115271294E-01  8.0584283684E-01 -2.9889835458E-01
HessDelSqRho_EigVec2 =  1.3676226731E-01  4.1958978294E-01  8.9735193558E-01
HessDelSqRho_EigVec3 = -8.4853932513E-01 -4.1780585966E-01  3.2468334933E-01
</CP of DelSqRho>
<CP of DelSqRho>
CP# = 16      
Type = (3,+1)
Coords = -1.66991868620492E-01  2.78630150784874E-02 -2.36371174602768E-01
DistFromNuc =  2.9553542244E-01
Rho =  2.1998970304E+01
DelSqRho =  1.4070383522E+03
GradDelSqRho =  3.9790393203E-12  4.0358827391E-12 -5.6843418861E-12
HessDelSqRho_EigVals = -4.4720564971E+05  1.6985110682E+04  2.5582654038E+04
HessDelSqRho_EigVec1 =  6.0248353745E-01 -9.6813654935E-02  7.9223778205E-01
HessDelSqRho_EigVec2 =  7.9666412609E-01  1.2788027216E-02 -6.0428696540E-01
HessDelSqRho_EigVec3 =  4.8372071432E-02  9.9522036885E-01  8.4832541676E-02
</CP of DelSqRho>
<CP of DelSqRho>
CP# = 17      
Type = (3,+3)
Coords =  8.09009064530100E-02 -1.18377179665329E-01 -9.43716000903445E-02
DistFromNuc =  1.6457110751E-01
Rho =  9.2707932169E+01
DelSqRho = -5.8764637707E+03
GradDelSqRho =  5.8207660913E-11  1.0913936421E-11  4.3655745685E-11
HessDelSqRho_EigVals =  5.9179016217E+04  9.6206432376E+04  1.0104636471E+07
HessDelSqRho_EigVec1 =  8.9739977286E-01  4.1593857340E-01  1.4720309382E-01
HessDelSqRho_EigVec2 =  1.2722677069E-01 -5.6339943017E-01  8.1632985423E-01
HessDelSqRho_EigVec3 = -4.2247721417E-01  7.1384605150E-01  5.5851304216E-01
</CP of DelSqRho>
<CP of DelSqRho>
CP# = 18      
Type = (3,+1)
Coords =  1.46236376500796E-01 -2.05653736211691E-01 -1.67737629914870E-01
DistFromNuc =  2.9568961397E-01
Rho =  2.1945668188E+01
DelSqRho =  1.4101900033E+03
GradDelSqRho =  4.0927261580E-12 -1.8189894035E-12  9.0949470177E-13
HessDelSqRho_EigVals = -4.4631679357E+05  1.6277771047E+04  2.5179974075E+04
HessDelSqRho_EigVec1 = -4.5762841051E-01  6.9126968705E-01  5.5921593116E-01
HessDelSqRho_EigVec2 =  8.8434681953E-01  4.1910770168E-01  2.0561964202E-01
HessDelSqRho_EigVec3 = -9.2233078059E-02  5.8863822010E-01 -8.0311774053E-01
</CP of DelSqRho>
<CP of DelSqRho>
CP# = 19      
Type = (3,-1)
Coords = -5.44367891041429E-02 -1.89417126428713E-02  1.47233479931567E-01
DistFromNuc =  1.6447134730E-01
Rho =  9.2184273198E+01
DelSqRho = -5.5079939062E+03
GradDelSqRho =  0.0000000000E+00  3.2741809264E-11  2.9103830457E-11
HessDelSqRho_EigVals = -7.4281904183E+04 -5.2763970027E+04  1.0151415596E+07
HessDelSqRho_EigVec1 =  1.1312228380E-01  9.7940609798E-01  1.6723350189E-01
HessDelSqRho_EigVec2 =  9.0964848523E-01 -1.6979482725E-01  3.7909016072E-01
HessDelSqRho_EigVec3 = -3.9967859866E-01 -1.0924015693E-01  9.1012285208E-01
</CP of DelSqRho>
<CP of DelSqRho>
CP# = 20      
Type = (3,-1)
Coords =  7.40125898447348E-02  1.33364729385147E-02 -1.53914443564722E-01
DistFromNuc =  1.6455364957E-01
Rho =  9.1966586311E+01
DelSqRho = -5.4325738415E+03
GradDelSqRho = -1.4551915228E-11 -3.6379788071E-12  0.0000000000E+00
HessDelSqRho_EigVals = -9.5105885770E+04 -6.1117231664E+04  1.0101000363E+07
HessDelSqRho_EigVec1 = -2.3337997074E-02  9.9615011042E-01  8.4500268684E-02
HessDelSqRho_EigVec2 =  9.2419405697E-01 -1.0732350136E-02  3.8177239519E-01
HessDelSqRho_EigVec3 = -3.8120950009E-01 -8.7004449172E-02  9.2038554034E-01
</CP of DelSqRho>
<CP of DelSqRho>
CP# = 21      
Type = (3,-3)
Coords = -1.03768396990651E-01 -2.98059602332848E-02  2.65695165787041E-01
DistFromNuc =  2.9321717840E-01
Rho =  2.1124043758E+01
DelSqRho =  1.7679397038E+03
GradDelSqRho =  1.0231815395E-12 -2.4442670110E-12  9.5496943686E-12
HessDelSqRho_EigVals = -4.8482287101E+05 -2.4329768596E+04 -1.6426567755E+04
HessDelSqRho_EigVec1 = -3.9283887764E-01 -9.9107101006E-02  9.1425127768E-01
HessDelSqRho_EigVec2 =  3.1228843006E-02  9.9216461607E-01  1.2097162471E-01
HessDelSqRho_EigVec3 =  9.1907691494E-01 -7.6073366897E-02  3.8666583411E-01
</CP of DelSqRho>
<CP of DelSqRho>
CP# = 22      
Type = (3,+1)
Coords = -1.11057144174811E-02  9.89724792147444E-02 -1.31221276105537E-01
DistFromNuc =  1.6452464721E-01
Rho =  9.2398971531E+01
DelSqRho = -5.6683900739E+03
GradDelSqRho = -3.2741809264E-11  5.8207660913E-11 -7.2759576142E-12
HessDelSqRho_EigVals = -6.8887617536E+04  6.7360965518E+04  1.0125540577E+07
HessDelSqRho_EigVec1 =  7.6309006787E-01  5.6797101110E-01  3.0838689802E-01
HessDelSqRho_EigVec2 = -6.3173849170E-01  5.5482136157E-01  5.4136839107E-01
HessDelSqRho_EigVec3 =  1.3638191380E-01 -6.0793271610E-01  7.8218782034E-01
</CP of DelSqRho>
<CP of DelSqRho>
CP# = 23      
Type = (3,-3)
Coords =  1.70903315115763E-01  2.03016220928818E-01  1.33943474279018E-01
DistFromNuc =  2.9269900604E-01
Rho =  2.1265039863E+01
DelSqRho =  1.7729190697E+03
GradDelSqRho = -3.6379788071E-12 -3.6379788071E-12  4.5474735089E-12
HessDelSqRho_EigVals = -4.8803392479E+05 -2.5838076896E+04 -1.6123705660E+04
HessDelSqRho_EigVec1 =  5.4428995314E-01  6.9763990215E-01  4.6588304738E-01
HessDelSqRho_EigVec2 =  1.0263365025E-01 -6.0655746966E-01  7.8838719538E-01
HessDelSqRho_EigVec3 = -8.3259520822E-01  3.8129595189E-01  4.0174446645E-01
</CP of DelSqRho>
<CP of DelSqRho>
CP# = 24      
Type = (3,-3)
Coords =  1.25539968007450E-01  2.73946145451805E-02 -2.70422351224741E-01
DistFromNuc =  2.9268123826E-01
Rho =  2.1257580030E+01
DelSqRho =  1.7733361243E+03
GradDelSqRho =  3.9790393203E-13  1.1368683772E-13  2.5011104299E-12
HessDelSqRho_EigVals = -4.8836086766E+05 -2.4933765730E+04 -1.6741418879E+04
HessDelSqRho_EigVec1 = -3.8989317260E-01 -9.6236480467E-02  9.1581758762E-01
HessDelSqRho_EigVec2 =  2.2207526455E-02  9.9325224263E-01  1.1382797666E-01
HessDelSqRho_EigVec3 =  9.2059227660E-01 -6.4718794257E-02  3.8512509389E-01
</CP of DelSqRho>
<CP of DelSqRho>
CP# = 25      
Type = (3,-1)
Coords =  2.99828608259106E-01  1.60481439390840E-02 -5.67905378240952E-02
DistFromNuc =  2.9408433111E-01
Rho =  2.1611483997E+01
DelSqRho =  1.6024069326E+03
GradDelSqRho =  6.3664629124E-12  7.9580786405E-13 -3.5811353882E-12
HessDelSqRho_EigVals = -4.6832681839E+05 -5.4044510082E+03  2.5569223155E+03
HessDelSqRho_EigVec1 =  9.8102505601E-01  5.7664016149E-02 -1.8510726814E-01
HessDelSqRho_EigVec2 = -8.9376310768E-02  9.8175425777E-01 -1.6784055653E-01
HessDelSqRho_EigVec3 =  1.7205148808E-01  1.8119999609E-01  9.6827932275E-01
</CP of DelSqRho>
<CP of DelSqRho>
CP# = 26      
Type = (3,-1)
Coords = -7.45627947378689E-02  1.31682455599750E-01 -4.81601386557166E-02
DistFromNuc =  1.6447894422E-01
Rho =  9.2182785414E+01
DelSqRho = -5.5025682288E+03
GradDelSqRho = -5.8207660913E-11  4.3655745685E-11  1.4551915228E-11
HessDelSqRho_EigVals = -7.6166436066E+04 -5.6152771684E+04  1.0148496298E+07
HessDelSqRho_EigVec1 =  2.3601787381E-02  3.3983544254E-01  9.4018871915E-01
HessDelSqRho_EigVec2 = -8.5263933766E-01 -4.8417801863E-01  1.9641233704E-01
HessDelSqRho_EigVec3 = -5.2196658466E-01  8.0627756900E-01 -2.7832959999E-01
</CP of DelSqRho>
<CP of DelSqRho>
CP# = 27      
Type = (3,-1)
Coords =  3.33338296001080E-02 -1.74188251718266E-01  2.34057688184533E-01
DistFromNuc =  2.9399565618E-01
Rho =  2.1564951353E+01
DelSqRho =  1.6065367655E+03
GradDelSqRho = -6.8212102633E-13  2.2737367544E-12  5.5706550484E-12
HessDelSqRho_EigVals = -4.6934044911E+05 -2.0860430308E+04  1.8337435043E+04
HessDelSqRho_EigVec1 =  7.5407379555E-02 -5.9137564712E-01  8.0286273491E-01
HessDelSqRho_EigVec2 =  7.5884307909E-01  5.5637009058E-01  3.3854025408E-01
HessDelSqRho_EigVec3 =  6.4689327437E-01 -5.8371839641E-01 -4.9071572755E-01
</CP of DelSqRho>
<CP of DelSqRho>
CP# = 28      
Type = (3,-1)
Coords = -8.28069655729377E-02 -1.12253254220074E-01 -7.86556873502814E-02
DistFromNuc =  1.6448464408E-01
Rho =  9.2185919610E+01
DelSqRho = -5.5034366375E+03
GradDelSqRho = -2.9103830457E-11 -4.3655745685E-11 -4.3655745685E-11
HessDelSqRho_EigVals = -8.1019240923E+04 -5.0595003438E+04  1.0145667044E+07
HessDelSqRho_EigVec1 =  1.5373710143E-01 -6.4319154983E-01  7.5011301407E-01
HessDelSqRho_EigVec2 = -8.0575424127E-01  3.5780786712E-01  4.7194664200E-01
HessDelSqRho_EigVec3 =  5.7194842977E-01  6.7696245129E-01  4.6324597486E-01
</CP of DelSqRho>
<CP of DelSqRho>
CP# = 29      
Type = (3,-1)
Coords =  1.43577957364721E-02  2.90938195719794E-01  3.32835801628158E-02
DistFromNuc =  2.9407687199E-01
Rho =  2.1604104584E+01
DelSqRho =  1.5957467531E+03
GradDelSqRho =  1.4210854715E-13  7.2759576142E-12  5.4569682106E-12
HessDelSqRho_EigVals = -4.6800391760E+05 -1.9690640992E+04  1.9184724045E+04
HessDelSqRho_EigVec1 =  1.1064574525E-02  9.9219018089E-01  1.2424258582E-01
HessDelSqRho_EigVec2 = -6.4544194463E-01 -8.7812673171E-02  7.5874477299E-01
HessDelSqRho_EigVec3 =  7.6372918715E-01 -8.8586564284E-02  6.3942954993E-01
</CP of DelSqRho>
<CP of DelSqRho>
CP# = 30      
Type = (3,-1)
Coords =  3.75480546094761E-02  1.17010275622184E-01  2.65802902584482E-01
DistFromNuc =  2.9421087764E-01
Rho =  2.1539188189E+01
DelSqRho =  1.5994024839E+03
GradDelSqRho = -2.5011104299E-12  2.2737367544E-12 -4.5474735089E-12
HessDelSqRho_EigVals = -4.6751689605E+05 -1.9839931210E+04  1.8619545819E+04
HessDelSqRho_EigVec1 =  8.9607516765E-02  4.0336687777E-01  9.1064024447E-01
HessDelSqRho_EigVec2 = -7.4260472224E-01  6.3635030410E-01 -2.0879778968E-01
HessDelSqRho_EigVec3 =  6.6370830901E-01  6.5753589437E-01 -3.5656391877E-01
</CP of DelSqRho>
<CP of DelSqRho>
CP# = 31      
Type = (3,-1)
Coords = -1.77651204518661E-02 -1.19651503950371E-01 -2.69974776111971E-01
DistFromNuc =  2.9412166756E-01
Rho =  2.1564048352E+01
DelSqRho =  1.6002400655E+03
GradDelSqRho = -6.3664629124E-12 -1.3642420527E-12  9.0949470177E-13
HessDelSqRho_EigVals = -4.6813204336E+05 -1.9965648358E+04  1.8570755552E+04
HessDelSqRho_EigVec1 =  9.8410259822E-02  4.0107965104E-01  9.1074174950E-01
HessDelSqRho_EigVec2 = -7.4030703978E-01  6.4109678386E-01 -2.0233734351E-01
HessDelSqRho_EigVec3 =  6.6502699766E-01  6.5431645803E-01 -3.6001259025E-01
</CP of DelSqRho>
<CP of DelSqRho>
CP# = 32      
Type = (3,-1)
Coords =  3.02519660887441E-01 -4.07030931964809E-02 -1.31926686357782E-02
DistFromNuc =  2.9410889079E-01
Rho =  2.1618795197E+01
DelSqRho =  1.5991283322E+03
GradDelSqRho = -8.4128259914E-12 -1.4779288904E-12 -5.1159076975E-13
HessDelSqRho_EigVals = -4.6794356029E+05 -6.8180475173E+03  4.7001494627E+03
HessDelSqRho_EigVec1 =  9.9010878434E-01 -1.3543438260E-01 -3.6634999453E-02
HessDelSqRho_EigVec2 =  8.3142291357E-02  3.5605064179E-01  9.3076060288E-01
HessDelSqRho_EigVec3 =  1.1301307253E-01  9.2460016682E-01 -3.6378919300E-01
</CP of DelSqRho>
<CP of DelSqRho>
CP# = 33      
Type = (3,-1)
Coords = -2.79918838115078E-01  3.98568014880371E-02  7.40221613923621E-03
DistFromNuc =  2.9423668912E-01
Rho =  2.1599115678E+01
DelSqRho =  1.5986558675E+03
GradDelSqRho = -1.5063505998E-12  1.4210854715E-14 -8.8107299234E-13
HessDelSqRho_EigVals = -4.6751770804E+05 -6.9956040463E+03  4.7398524191E+03
HessDelSqRho_EigVec1 =  9.8981452593E-01 -1.3838074655E-01 -3.3436106967E-02
HessDelSqRho_EigVec2 =  8.0504239583E-02  3.5036254093E-01  9.3314798254E-01
HessDelSqRho_EigVec3 =  1.1741495507E-01  9.2633517633E-01 -3.5793416912E-01
</CP of DelSqRho>
<CP of DelSqRho>
CP# = 34      
Type = (3,-1)
Coords = -2.76851788696090E-01 -1.76851754960762E-02  5.44972713655873E-02
DistFromNuc =  2.9420993199E-01
Rho =  2.1592100062E+01
DelSqRho =  1.6019799452E+03
GradDelSqRho = -1.3216094885E-11 -3.2400748751E-12  7.1622707765E-12
HessDelSqRho_EigVals = -4.6792260216E+05 -5.6655809707E+03  2.6840575696E+03
HessDelSqRho_EigVec1 =  9.7948541698E-01  5.7045499549E-02 -1.9327216279E-01
HessDelSqRho_EigVec2 = -8.5059541641E-02  9.8650529339E-01 -1.3990060935E-01
HessDelSqRho_EigVec3 =  1.8268331150E-01  1.5347024826E-01  9.7111981269E-01
</CP of DelSqRho>
<CP of DelSqRho>
CP# = 35      
Type = (3,-1)
Coords = -1.34395271808633E-02  1.73318937555497E-01 -2.38239598599418E-01
DistFromNuc =  2.9424121998E-01
Rho =  2.1504995447E+01
DelSqRho =  1.6043660367E+03
GradDelSqRho =  1.1368683772E-13 -4.4337866711E-12  2.8421709430E-12
HessDelSqRho_EigVals = -4.6779487560E+05 -2.0694278054E+04  1.8438110897E+04
HessDelSqRho_EigVec1 =  8.3551018754E-02 -5.9014940585E-01  8.0295884455E-01
HessDelSqRho_EigVec2 =  7.5915517083E-01  5.5966911823E-01  3.3234606168E-01
HessDelSqRho_EigVec3 =  6.4552509934E-01 -5.8180250677E-01 -4.9477589800E-01
</CP of DelSqRho>
<CP of DelSqRho>
CP# = 36      
Type = (3,+1)
Coords =  1.50632923966946E-01  2.32797538711462E-01 -1.18199129775524E-01
DistFromNuc =  2.9571054600E-01
Rho =  2.1956786534E+01
DelSqRho =  1.4042929861E+03
GradDelSqRho =  4.5474735089E-12  7.2759576142E-12 -4.0927261580E-12
HessDelSqRho_EigVals = -4.4587221739E+05  1.7736155900E+04  2.5315423348E+04
HessDelSqRho_EigVec1 =  4.7229091324E-01  7.9008435613E-01 -3.9077871420E-01
HessDelSqRho_EigVec2 =  8.6946682494E-01 -4.9042096012E-01  5.9285092652E-02
HessDelSqRho_EigVec3 = -1.4480584795E-01 -3.6776893844E-01 -9.1857349968E-01
</CP of DelSqRho>
<CP of DelSqRho>
CP# = 37      
Type = (3,+1)
Coords = -1.29033353741809E-01 -2.34106796658513E-01  1.12693786319611E-01
DistFromNuc =  2.9549679628E-01
Rho =  2.2015673493E+01
DelSqRho =  1.4062436078E+03
GradDelSqRho = -3.6379788071E-12 -2.7284841053E-12  1.8189894035E-12
HessDelSqRho_EigVals = -4.4738551824E+05  1.7743424759E+04  2.5047247186E+04
HessDelSqRho_EigVec1 =  4.7377005310E-01  7.8938461972E-01 -3.9040217588E-01
HessDelSqRho_EigVec2 =  8.6613964939E-01 -4.9781458347E-01  4.4528061274E-02
HessDelSqRho_EigVec3 = -1.5919812986E-01 -3.5923886569E-01 -9.1956695940E-01
</CP of DelSqRho>
<CP of DelSqRho>
CP# = 38      
Type = (3,+1)
Coords =  6.58264220694041E-01 -9.20579705516928E-02 -2.28658100587296E-02
DistFromNuc =  6.5365896845E-01
Rho =  2.6959315353E+00
DelSqRho = -2.1158677743E+01
GradDelSqRho = -1.7053025658E-13  3.1530333899E-14 -1.7763568394E-14
HessDelSqRho_EigVals = -2.6076455820E+02  1.7366013655E+02  3.8047461343E+03
HessDelSqRho_EigVec1 =  7.8022691820E-02  3.4147797253E-01  9.3664574618E-01
HessDelSqRho_EigVec2 =  1.2034834129E-01  9.2941308596E-01 -3.4886615255E-01
HessDelSqRho_EigVec3 =  9.8966091987E-01 -1.3994323824E-01 -3.1419003199E-02
</CP of DelSqRho>
<CP of DelSqRho>
CP# = 39      
Type = (3,+1)
Coords = -6.37816321062964E-01  7.99248014011800E-02  2.39441150697024E-02
DistFromNuc =  6.5467521527E-01
Rho =  2.6555872972E+00
DelSqRho = -2.1104344906E+01
GradDelSqRho = -2.2026824809E-13 -2.8421709430E-14 -4.2632564146E-14
HessDelSqRho_EigVals = -2.2692272713E+02  1.6623963443E+02  3.7526972116E+03
HessDelSqRho_EigVec1 =  8.1301541695E-02  3.5337403586E-01  9.3194251438E-01
HessDelSqRho_EigVec2 =  1.0199559072E-01  9.2717919926E-01 -3.6046585405E-01
HessDelSqRho_EigVec3 =  9.9145698787E-01 -1.2436045693E-01 -3.9338504795E-02
</CP of DelSqRho>
<CP of DelSqRho>
CP# = 40      
Type = (3,-1)
Coords = -3.55508024165368E-01  5.83449568094856E-01 -2.24235765766439E-01
DistFromNuc =  7.2474845657E-01
Rho =  1.6952631447E+00
DelSqRho =  7.3528722385E+00
GradDelSqRho = -2.6645352591E-14 -1.5987211555E-14 -3.5527136788E-15
HessDelSqRho_EigVals = -5.1543764279E+02 -3.5697137245E+02  1.0197274444E+03
HessDelSqRho_EigVec1 = -1.4899771581E-01 -4.2943771791E-01 -8.9072045397E-01
HessDelSqRho_EigVec2 =  8.4860686501E-01  4.0687135371E-01 -3.3811549829E-01
HessDelSqRho_EigVec3 = -5.0760818486E-01  8.0624992897E-01 -3.0380089318E-01
</CP of DelSqRho>
<CP of DelSqRho>
CP# = 41      
Type = (3,-1)
Coords =  3.77733131231934E-01 -5.72993867237484E-01  2.08248366125899E-01
DistFromNuc =  7.1126698226E-01
Rho =  1.8416417312E+00
DelSqRho =  5.0442258677E+00
GradDelSqRho = -3.5527136788E-14 -6.0396132540E-14  5.3290705182E-15
HessDelSqRho_EigVals = -5.4601625241E+02 -3.8132222456E+02  1.3756286271E+03
HessDelSqRho_EigVec1 = -1.2189475682E-01 -4.1355976420E-01 -9.0228043850E-01
HessDelSqRho_EigVec2 =  8.4832164019E-01  4.2851072435E-01 -3.1101278736E-01
HessDelSqRho_EigVec3 = -5.1525921927E-01  8.0333484958E-01 -2.9859848694E-01
</CP of DelSqRho>
<CP of DelSqRho>
CP# = 42      
Type = (3,-1)
Coords = -2.69386719928800E-01 -6.91621452013711E-02  6.58742219389845E-01
DistFromNuc =  7.2153701207E-01
Rho =  1.7209498512E+00
DelSqRho =  6.7586210701E+00
GradDelSqRho = -1.6342482922E-13 -2.1316282073E-14 -2.4868995752E-14
HessDelSqRho_EigVals = -5.2551899603E+02 -3.4693956521E+02  1.0982258957E+03
HessDelSqRho_EigVec1 =  1.5665443879E-02  9.9372083864E-01  1.1078577853E-01
HessDelSqRho_EigVec2 =  9.2051572432E-01 -5.7593682029E-02  3.8643727701E-01
HessDelSqRho_EigVec3 = -3.9039133589E-01 -9.5926339695E-02  9.1563788815E-01
</CP of DelSqRho>
<CP of DelSqRho>
CP# = 43      
Type = (3,-1)
Coords =  2.93239300796025E-01  6.93647602035811E-02 -6.49262716432496E-01
DistFromNuc =  7.0908245774E-01
Rho =  1.8545369375E+00
DelSqRho =  4.4734280190E+00
GradDelSqRho = -1.2789769244E-12 -1.5276668819E-13  2.1991297672E-12
HessDelSqRho_EigVals = -5.5054048043E+02 -3.6547619273E+02  1.4400070656E+03
HessDelSqRho_EigVec1 =  3.4223323320E-02  9.9202621709E-01  1.2129612010E-01
HessDelSqRho_EigVec2 =  9.1641515933E-01 -7.9574311027E-02  3.9223868343E-01
HessDelSqRho_EigVec3 = -3.9876311250E-01 -9.7733891945E-02  9.1183116117E-01
</CP of DelSqRho>
<CP of DelSqRho>
CP# = 44      
Type = (3,-1)
Coords =  4.05796385514719E-01  4.89038055691406E-01  3.26650769332613E-01
DistFromNuc =  7.0993563984E-01
Rho =  1.8596506929E+00
DelSqRho =  4.6580936065E+00
GradDelSqRho =  3.8795633373E-12  3.4177105590E-12  2.2062351945E-12
HessDelSqRho_EigVals = -5.7312042818E+02 -3.4994419526E+02  1.4148358844E+03
HessDelSqRho_EigVec1 =  1.1270678682E-01 -6.1361136112E-01  7.8152305002E-01
HessDelSqRho_EigVec2 =  8.2422092983E-01 -3.8154249918E-01 -4.1843181064E-01
HessDelSqRho_EigVec3 =  5.5493877053E-01  6.9130775985E-01  4.6274889749E-01
</CP of DelSqRho>
<CP of DelSqRho>
CP# = 45      
Type = (3,+1)
Coords =  7.38949486634306E-02 -3.90509804560623E-01  5.19530687731027E-01
DistFromNuc =  6.5432402152E-01
Rho =  2.6367396670E+00
DelSqRho = -2.0736927829E+01
GradDelSqRho =  2.1316282073E-14  2.7355895327E-13 -2.1316282073E-13
HessDelSqRho_EigVals = -7.6854926698E+02  6.7631442537E+02  3.7861381308E+03
HessDelSqRho_EigVec1 =  7.5980800798E-01  5.6095360626E-01  3.2866828662E-01
HessDelSqRho_EigVec2 = -6.4300506159E-01  5.7363986129E-01  5.0742664525E-01
HessDelSqRho_EigVec3 =  9.6105576215E-02 -5.9688220040E-01  7.9655216845E-01
</CP of DelSqRho>
<CP of DelSqRho>
CP# = 46      
Type = (3,+1)
Coords = -2.94983167078079E-02  3.82596038143950E-01 -5.34090193106425E-01
DistFromNuc =  6.5681959526E-01
Rho =  2.5890410986E+00
DelSqRho = -1.9549463846E+01
GradDelSqRho =  2.1316282073E-14 -2.4513724384E-13  4.2632564146E-13
HessDelSqRho_EigVals = -7.6491268247E+02  6.4685571959E+02  3.6375811160E+03
HessDelSqRho_EigVec1 =  7.5760766016E-01  5.5606165303E-01  3.4179829037E-01
HessDelSqRho_EigVec2 = -6.4975504226E-01  5.9273026919E-01  4.7590882851E-01
HessDelSqRho_EigVec3 =  6.2040457214E-02 -5.8263733662E-01  8.1036085521E-01
</CP of DelSqRho>
<CP of DelSqRho>
CP# = 47      
Type = (3,-1)
Coords = -3.79141468174039E-01 -5.06323898649662E-01 -3.39392556435874E-01
DistFromNuc =  7.2207489436E-01
Rho =  1.7201992574E+00
DelSqRho =  6.8543688646E+00
GradDelSqRho =  0.0000000000E+00  3.9079850467E-14  4.2632564146E-14
HessDelSqRho_EigVals = -5.4052979267E+02 -3.3362540649E+02  1.0837735301E+03
HessDelSqRho_EigVec1 =  9.8736291087E-02 -6.0502923814E-01  7.9005744463E-01
HessDelSqRho_EigVec2 =  8.3373356203E-01 -3.8314180407E-01 -3.9760621917E-01
HessDelSqRho_EigVec3 =  5.4326742251E-01  6.9795557091E-01  4.6660318115E-01
</CP of DelSqRho>
<CP of DelSqRho>
CP# = 48      
Type = (3,+1)
Coords =  8.37905881039558E-02  2.65722599752895E-01  5.91234683453583E-01
DistFromNuc =  6.5484604066E-01
Rho =  2.6359332081E+00
DelSqRho = -2.0765744223E+01
GradDelSqRho =  4.9737991503E-14 -1.5631940187E-13 -1.4210854715E-13
HessDelSqRho_EigVals = -7.4550043589E+02  6.6894920923E+02  3.7492328020E+03
HessDelSqRho_EigVec1 =  7.3751825216E-01 -6.4476215825E-01  2.0086957716E-01
HessDelSqRho_EigVec2 =  6.6617257594E-01  6.4578413128E-01 -3.7306427710E-01
HessDelSqRho_EigVec3 =  1.1081934308E-01  4.0895551724E-01  9.0580045160E-01
</CP of DelSqRho>
<CP of DelSqRho>
CP# = 49      
Type = (3,+1)
Coords =  1.36943265467476E-02 -6.50708084565822E-01 -8.03390131957679E-02
DistFromNuc =  6.5442049255E-01
Rho =  2.6467453567E+00
DelSqRho = -2.1169097207E+01
GradDelSqRho = -2.4868995752E-14  1.9895196601E-13 -2.1316282073E-14
HessDelSqRho_EigVals = -7.4164919404E+02  6.8880836132E+02  3.7686019387E+03
HessDelSqRho_EigVec1 = -6.4450422774E-01 -9.1842037867E-02  7.5906478017E-01
HessDelSqRho_EigVec2 =  7.6459164093E-01 -7.2570599558E-02  6.4041637291E-01
HessDelSqRho_EigVec3 = -3.7313585705E-03  9.9312564571E-01  1.1699371266E-01
</CP of DelSqRho>
<CP of DelSqRho>
CP# = 50      
Type = (3,+1)
Coords =  3.32510594532875E-02  6.45450436744909E-01  7.87962324579046E-02
DistFromNuc =  6.5184947742E-01
Rho =  2.6943801948E+00
DelSqRho = -2.2490322845E+01
GradDelSqRho =  1.4210854715E-14 -1.7053025658E-13 -3.9079850467E-14
HessDelSqRho_EigVals = -7.4174297817E+02  7.2229260427E+02  3.9278187452E+03
HessDelSqRho_EigVec1 = -6.4638428358E-01 -7.4638712427E-02  7.5935263254E-01
HessDelSqRho_EigVec2 =  7.6225954657E-01 -1.0735553692E-01  6.3830648779E-01
HessDelSqRho_EigVec3 =  3.3878335199E-02  9.9141507518E-01  1.2628700292E-01
</CP of DelSqRho>
<CP of DelSqRho>
CP# = 51      
Type = (3,+1)
Coords = -6.32695838857644E-01 -4.10708561019507E-02  1.12811424254464E-01
DistFromNuc =  6.5546679831E-01
Rho =  2.6407541514E+00
DelSqRho = -2.0574997797E+01
GradDelSqRho =  3.1619151741E-13  5.8619775700E-14 -9.9475983006E-14
HessDelSqRho_EigVals = -1.8287297089E+02  9.9001310116E+01  3.7076464511E+03
HessDelSqRho_EigVec1 = -9.8934847201E-02  9.7289616571E-01 -2.0900944180E-01
HessDelSqRho_EigVec2 =  1.5827405667E-01  2.2275106576E-01  9.6194141489E-01
HessDelSqRho_EigVec3 =  9.8242619010E-01  6.2088754662E-02 -1.7602206552E-01
</CP of DelSqRho>
<CP of DelSqRho>
CP# = 52      
Type = (3,+1)
Coords =  6.51215928000850E-01  3.59499982083981E-02 -1.34580101960377E-01
DistFromNuc =  6.5444736654E-01
Rho =  2.6791564357E+00
DelSqRho = -2.0578111697E+01
GradDelSqRho = -5.8619775700E-14 -1.5987211555E-14  4.2632564146E-14
HessDelSqRho_EigVals = -2.1614251576E+02  1.0461654438E+02  3.7585390739E+03
HessDelSqRho_EigVec1 = -8.1526538920E-02  9.8965376099E-01 -1.1806293583E-01
HessDelSqRho_EigVec2 =  1.9407879734E-01  1.3195333179E-01  9.7207085063E-01
HessDelSqRho_EigVec3 =  9.7759237102E-01  5.6336059442E-02 -2.0282851016E-01
</CP of DelSqRho>
<CP of DelSqRho>
CP# = 53      
Type = (3,+1)
Coords = -3.77628858228115E-02 -2.60193944714631E-01 -6.00689503667043E-01
DistFromNuc =  6.5384397440E-01
Rho =  2.6451980613E+00
DelSqRho = -2.1206233174E+01
GradDelSqRho = -2.4868995752E-14  2.1316282073E-14  1.1368683772E-13
HessDelSqRho_EigVals = -7.4236051442E+02  6.7996192599E+02  3.8100804776E+03
HessDelSqRho_EigVec1 =  7.4483242628E-01 -6.3267852857E-01  2.1199654773E-01
HessDelSqRho_EigVec2 =  6.6301783969E-01  6.6602455009E-01 -3.4178742361E-01
HessDelSqRho_EigVec3 =  7.5046658934E-02  3.9513184910E-01  9.1555383283E-01
</CP of DelSqRho>
<CP of DelSqRho>
CP# = 54      
Type = (3,+3)
Coords = -2.73207226545131E-01 -4.86290089532846E-01  2.39351298753444E-01
DistFromNuc =  6.1235359122E-01
Rho =  3.6263086844E+00
DelSqRho = -6.2336440433E+01
GradDelSqRho =  3.1263880373E-13  6.6080474426E-13 -1.8474111130E-13
HessDelSqRho_EigVals =  9.6300452982E+02  1.3863403022E+03  6.9835756386E+03
HessDelSqRho_EigVec1 =  8.7611330121E-01 -4.7597521004E-01  7.6636041597E-02
HessDelSqRho_EigVec2 =  1.2723827345E-01  3.8161074955E-01  9.1552370674E-01
HessDelSqRho_EigVec3 =  4.6501172588E-01  7.9235145943E-01 -3.9489651750E-01
</CP of DelSqRho>
<CP of DelSqRho>
CP# = 55      
Type = (3,+3)
Coords =  3.05733624368090E-01  4.82144667324808E-01 -2.40731867388909E-01
DistFromNuc =  6.1387296225E-01
Rho =  3.6000088025E+00
DelSqRho = -6.0654785110E+01
GradDelSqRho = -1.2221335055E-12 -2.1707080577E-12  1.0160761121E-12
HessDelSqRho_EigVals =  9.4646847078E+02  1.3022490184E+03  6.8103242808E+03
HessDelSqRho_EigVec1 =  8.5917159394E-01 -5.1086917599E-01  2.8928483996E-02
HessDelSqRho_EigVec2 =  1.7513401033E-01  3.4671700256E-01  9.2147457836E-01
HessDelSqRho_EigVec3 =  4.8078295580E-01  7.8663842085E-01 -3.8735996728E-01
</CP of DelSqRho>
<CP of DelSqRho>
CP# = 56      
Type = (3,+3)
Coords = -2.63973128612784E-01  4.26810356714520E-01  3.40418085792601E-01
DistFromNuc =  6.1344172745E-01
Rho =  3.6030539097E+00
DelSqRho = -6.0872495086E+01
GradDelSqRho = -5.6843418861E-14  7.4606987255E-14  1.4210854715E-13
HessDelSqRho_EigVals =  8.7549295511E+02  1.3636067146E+03  6.8739890120E+03
HessDelSqRho_EigVec1 =  8.8829369531E-01  4.1621992763E-01  1.9415273037E-01
HessDelSqRho_EigVec2 =  9.7063040674E-02 -5.8332022322E-01  8.0642190156E-01
HessDelSqRho_EigVec3 = -4.4890207953E-01  6.9749443656E-01  5.5855924840E-01
</CP of DelSqRho>
<CP of DelSqRho>
CP# = 57      
Type = (3,+3)
Coords =  2.99087137083445E-01 -4.21863487851656E-01 -3.46613554077943E-01
DistFromNuc =  6.1517464722E-01
Rho =  3.5690106518E+00
DelSqRho = -5.9027414314E+01
GradDelSqRho = -1.0302869669E-13  4.9737991503E-14 -7.1054273576E-14
HessDelSqRho_EigVals =  8.5585604717E+02  1.2787234984E+03  6.6822416008E+03
HessDelSqRho_EigVec1 =  8.7969223992E-01  4.1791466190E-01  2.2691165329E-01
HessDelSqRho_EigVec2 =  7.8827124514E-02 -5.9871018208E-01  7.9707741300E-01
HessDelSqRho_EigVec3 = -4.6896465482E-01  6.8329602168E-01  5.5962371222E-01
</CP of DelSqRho>
<CP of DelSqRho>
CP# = 58      
Type = (3,+3)
Coords =  3.83438277835592E-01 -6.22803240350845E-02  4.81967228089855E-01
DistFromNuc =  6.1392204032E-01
Rho =  3.6004801967E+00
DelSqRho = -6.0550363634E+01
GradDelSqRho = -2.0872192863E-13  3.9079850467E-14 -5.2580162446E-13
HessDelSqRho_EigVals =  9.0772243094E+02  1.3282431805E+03  6.8078683827E+03
HessDelSqRho_EigVec1 =  7.9342526672E-01  2.0807850390E-02 -6.0831190971E-01
HessDelSqRho_EigVec2 =  4.4721761866E-02  9.9472121391E-01  9.2356215848E-02
HessDelSqRho_EigVec3 =  6.0702249559E-01 -1.0048253556E-01  7.8830638073E-01
</CP of DelSqRho>
<CP of DelSqRho>
CP# = 59      
Type = (3,+3)
Coords = -3.53025074974515E-01  5.65086174733769E-02 -4.91937929247523E-01
DistFromNuc =  6.1289534680E-01
Rho =  3.6050096143E+00
DelSqRho = -6.1756024616E+01
GradDelSqRho = -9.2370555649E-14  7.1054273576E-15 -2.6290081223E-13
HessDelSqRho_EigVals =  9.1185546268E+02  1.4111084316E+03  6.9286256451E+03
HessDelSqRho_EigVec1 =  8.0198540743E-01  5.0410552434E-03 -5.9732235354E-01
HessDelSqRho_EigVec2 =  5.1737593608E-02  9.9562037583E-01  7.7867121714E-02
HessDelSqRho_EigVec3 =  5.9509883858E-01 -9.3352316513E-02  7.9821220068E-01
</CP of DelSqRho>
<CP of DelSqRho>
CP# = 60      
Type = (3,-3)
Coords = -3.42076464063537E-01 -8.77385356469640E-02  8.25168752877553E-01
DistFromNuc =  9.0408144217E-01
Rho =  9.5924083973E-01
DelSqRho =  9.7651304384E+00
GradDelSqRho = -2.3092638912E-14 -6.6613381478E-14  2.4069635174E-13
HessDelSqRho_EigVals = -2.3756981643E+02 -1.1601512231E+02 -7.5961343236E+01
HessDelSqRho_EigVec1 = -3.8585373386E-01 -8.6480702315E-02  9.1849767784E-01
HessDelSqRho_EigVec2 =  3.2032836111E-02  9.9374051454E-01  1.0702190044E-01
HessDelSqRho_EigVec3 =  9.2200368409E-01 -7.0716885473E-02  3.8066826586E-01
</CP of DelSqRho>
<CP of DelSqRho>
CP# = 61      
Type = (3,+1)
Coords =  7.26935205128134E-01 -1.11448133849407E-01  9.46374555068474E-01
DistFromNuc =  1.1935643673E+00
Rho =  6.0376470016E-01
DelSqRho =  1.9862190495E+00
GradDelSqRho = -4.4408920985E-15  0.0000000000E+00 -5.3290705182E-15
HessDelSqRho_EigVals = -5.7621686175E+01  1.0653188050E+01  1.5156129485E+01
HessDelSqRho_EigVec1 =  6.0121644074E-01 -8.7537088114E-02  7.9427706097E-01
HessDelSqRho_EigVec2 =  7.9581843718E-01 -2.4208708508E-02 -6.0505119906E-01
HessDelSqRho_EigVec3 =  7.2192841969E-02  9.9586705771E-01  5.5108955094E-02
</CP of DelSqRho>
<CP of DelSqRho>
CP# = 62      
Type = (3,+1)
Coords = -5.49935594241050E-01 -9.46708595651363E-01  4.62160024198736E-01
DistFromNuc =  1.1938702684E+00
Rho =  6.0098129005E-01
DelSqRho =  2.0523376507E+00
GradDelSqRho = -4.4408920985E-15 -1.1546319456E-14  1.2878587086E-14
HessDelSqRho_EigVals = -5.9129962914E+01  1.0426305029E+01  1.4232529973E+01
HessDelSqRho_EigVec1 =  4.7478836513E-01  7.9182481754E-01 -3.8417374541E-01
HessDelSqRho_EigVec2 =  8.5676358304E-01 -5.1569344276E-01 -4.0541170349E-03
HessDelSqRho_EigVec3 = -2.0132603187E-01 -3.2722122703E-01 -9.2325191442E-01
</CP of DelSqRho>
<CP of DelSqRho>
CP# = 63      
Type = (3,+1)
