 AIMInt (Version 19.02.13, Professional)
 Portions Copyright (c) 1997-2019 by Todd A. Keith
 AIMInt is a component of the AIMAll package ( http://aim.tkgristmill.com )

 TP:  64-bit Linux

 Licensed To:  Research Group of Fernando Cortes Guzman, UNAM, fercor@unam.mx

 AIMInt is a heavily modified and extended version of the PROAIMV program
 developed by members of R.F.W. Bader's research group

 Much of the Quantum Theory of Atoms in Molecules (QTAIM) is described in the book:
   "Atoms in Molecules - A Quantum Theory"
   R.F.W. Bader, Oxford University Press, Oxford, 1990

 For additional references see:  http://aim.tkgristmill.com/references.html

 Current Directory:  /home/scratch/M_H2O_4_tetraedrico/Opt

 Inp File:  Mn2_tetraedrico_cc-pvtz-def2-tzv_2_atomicfiles/o2.inp
 Wfx File:  Mn2_tetraedrico_cc-pvtz-def2-tzv_2.wfx
 Out File:  Mn2_tetraedrico_cc-pvtz-def2-tzv_2_atomicfiles/o2.int

 Wfx Title:   Mn2_tetraedrico_cc-pvtz-def2-tzv_2                                            
 Job Title:   Mn2_tetraedrico_cc-pvtz-def2-tzv_2                                            
 
<Atom>
O2      
</Atom>
<Nuclei of Molecule>
    13
Mn1       25.0           1.1308750059E-02  -9.4395846382E-04  -2.4476110818E-03
O2         8.0          -1.2525522289E+00   3.1418708811E+00  -6.9851602450E-01
H3         1.0          -2.7730386792E+00   3.8905877233E+00   6.1358935103E-02
O4         8.0           3.4143206363E+00  -3.6909717023E-02  -6.1674198114E-01
H5         1.0           4.4418857908E+00  -1.4955213621E+00  -1.1437316653E+00
O6         8.0          -1.5480125099E+00  -2.3419882856E+00  -2.0142054546E+00
H7         1.0          -1.2887196951E+00  -4.1796186462E+00  -1.9693241188E+00
O8         8.0          -5.6852150189E-01  -7.6674746511E-01   3.3196726002E+00
H9         1.0           4.5401357131E-01  -7.5377381177E-02   4.7069251653E+00
H10        1.0           4.6519806693E+00   1.3442198435E+00  -4.5221405252E-01
H11        1.0          -2.0861112471E+00  -1.4859077297E+00   4.1164489223E+00
H12        1.0          -3.1303925366E+00  -2.0784235760E+00  -2.9477214715E+00
H13        1.0          -9.1421178908E-01   4.1338367830E+00  -2.2322245570E+00
</Nuclei of Molecule>
<Total Number of CPs of DelSqRho>
    31
</Total Number of CPs of DelSqRho>
<Number of (3,+3) CPs of DelSqRho>
     5
</Number of (3,+3) CPs of DelSqRho>
<Number of (3,+1) CPs of DelSqRho>
    12
</Number of (3,+1) CPs of DelSqRho>
<Number of (3,-1) CPs of DelSqRho>
     9
</Number of (3,-1) CPs of DelSqRho>
<Number of (3,-3) CPs of DelSqRho>
     5
</Number of (3,-3) CPs of DelSqRho>
<Number of Degenerate CPs of DelSqRho>
     0
</Number of Degenerate CPs of DelSqRho>
<CP of DelSqRho>
CP# = 1       
Type = (3,+3)
Coords = -1.25255247055755E+00  3.14187109498897E+00 -6.98516199038589E-01
DistFromNuc =  3.6689291372E-07
Rho =  2.9726881523E+02
DelSqRho = -3.3289853966E+06
GradDelSqRho = -1.1808286217E-05  9.4873394119E-06  6.0559450503E-06
HessDelSqRho_EigVals =  1.3238606051E+11  1.3238607918E+11  1.3238608651E+11
HessDelSqRho_EigVec1 =  6.3302194835E-01  5.2327860446E-01  5.7049339613E-01
HessDelSqRho_EigVec2 =  4.5193206863E-01 -8.4812828678E-01  2.7647027779E-01
HessDelSqRho_EigVec3 = -6.2852256782E-01 -8.2812506747E-02  7.7337020273E-01
</CP of DelSqRho>
<CP of DelSqRho>
CP# = 2       
Type = (3,-1)
Coords = -6.10265372493114E-01  1.88127627866703E+00 -2.82940570194236E-01
DistFromNuc =  1.4745623472E+00
Rho =  1.5329629388E-01
DelSqRho =  4.3491504170E-01
GradDelSqRho =  1.1166068070E-13 -6.5945859884E-13  2.2432923574E-13
HessDelSqRho_EigVals = -6.5289706098E-01 -4.5895158904E-01  5.1268749618E+00
HessDelSqRho_EigVec1 =  6.8489557409E-01  3.7205097171E-01  6.2649511335E-01
HessDelSqRho_EigVec2 = -6.4388709097E-01 -9.3432009002E-02  7.5939441253E-01
HessDelSqRho_EigVec3 = -3.4106812616E-01  9.2349798817E-01 -1.7556764842E-01
</CP of DelSqRho>
<CP of DelSqRho>
CP# = 3       
Type = (3,+1)
Coords = -2.19634035537684E+00  3.60200823434461E+00 -2.29720786102960E-01
DistFromNuc =  1.1498832058E+00
Rho =  4.1702199578E-01
DelSqRho = -9.8179696510E-01
GradDelSqRho =  3.6082248300E-15 -2.7755575616E-17 -2.2204460493E-15
HessDelSqRho_EigVals = -3.2005361820E+01  1.5041850390E+01  1.5969701150E+01
HessDelSqRho_EigVec1 =  8.1759917326E-01 -4.0615114530E-01 -4.0813335940E-01
HessDelSqRho_EigVec2 =  5.7578236969E-01  5.7979420421E-01  5.7646625531E-01
HessDelSqRho_EigVec3 =  2.5009264980E-03 -7.0631432658E-01  7.0789393092E-01
</CP of DelSqRho>
<CP of DelSqRho>
CP# = 4       
Type = (3,+1)
Coords = -1.04439312888162E+00  3.75239171655173E+00 -1.65009362150241E+00
DistFromNuc =  1.1495937650E+00
Rho =  4.1694963892E-01
DelSqRho = -9.8057222823E-01
GradDelSqRho = -1.0269562978E-15 -2.9143354396E-16  5.5511151231E-17
HessDelSqRho_EigVals = -3.1937255135E+01  1.5031204600E+01  1.5928843069E+01
HessDelSqRho_EigVec1 = -1.8095636900E-01 -5.3683334917E-01  8.2405385002E-01
HessDelSqRho_EigVec2 =  6.2424596486E-01  5.8477274081E-01  5.1803264083E-01
HessDelSqRho_EigVec3 =  7.5998142601E-01 -6.0815359641E-01 -2.2929770015E-01
</CP of DelSqRho>
<CP of DelSqRho>
CP# = 5       
Type = (3,+1)
Coords = -1.18368990179655E+00  3.27799029402929E+00 -6.27970999572332E-01
DistFromNuc =  1.6806878123E-01
Rho =  2.2615951967E+01
DelSqRho =  1.2419639709E+03
GradDelSqRho = -1.2221335055E-12  8.6401996668E-12 -5.8264504332E-13
HessDelSqRho_EigVals = -4.1924351608E+05  1.7686933839E+03  3.0671374385E+03
HessDelSqRho_EigVec1 =  4.1338438636E-01  8.0666383658E-01  4.2238229588E-01
HessDelSqRho_EigVec2 =  6.6068696903E-01 -5.8492805605E-01  4.7048049715E-01
HessDelSqRho_EigVec3 = -6.2658285810E-01 -8.4573187232E-02  7.7475241073E-01
</CP of DelSqRho>
<CP of DelSqRho>
CP# = 6       
Type = (3,+1)
Coords = -1.37648344156455E+00  3.09739762824075E+00 -8.04098933355683E-01
DistFromNuc =  1.6877371337E-01
Rho =  2.2465731615E+01
DelSqRho =  1.2251470273E+03
GradDelSqRho = -3.2400748751E-12 -7.9012352217E-12 -1.3727685655E-11
HessDelSqRho_EigVals = -4.0284521559E+05  2.5349153801E+03  3.6852483866E+03
HessDelSqRho_EigVec1 =  7.3317730573E-01  2.6774442028E-01  6.2511116113E-01
HessDelSqRho_EigVec2 = -2.6090049672E-01  9.5963595572E-01 -1.0502267992E-01
HessDelSqRho_EigVec3 = -6.2799838310E-01 -8.6091566941E-02  7.7343795674E-01
</CP of DelSqRho>
<CP of DelSqRho>
CP# = 7       
Type = (3,-3)
Coords = -1.25107986598696E+00  3.03313373272622E+00 -5.71745935799016E-01
DistFromNuc =  1.6702272501E-01
Rho =  2.2703085901E+01
DelSqRho =  1.2964538900E+03
GradDelSqRho = -2.9842794902E-13  5.7980287238E-12 -1.2676082406E-11
HessDelSqRho_EigVals = -4.4989669863E+05 -3.5910931046E+03 -5.3634996618E+02
HessDelSqRho_EigVec1 =  1.2385348573E-02 -6.5163919985E-01  7.5842795068E-01
HessDelSqRho_EigVec2 =  6.1697349576E-01  6.0186847024E-01  5.0704837053E-01
HessDelSqRho_EigVec3 =  7.8688646492E-01 -4.6164997320E-01 -4.0949846590E-01
</CP of DelSqRho>
<CP of DelSqRho>
CP# = 8       
Type = (3,-1)
Coords = -1.30730157895268E+00  3.29916955690071E+00 -7.25884129044602E-01
DistFromNuc =  1.6878796726E-01
Rho =  2.2345948955E+01
DelSqRho =  1.2501260979E+03
GradDelSqRho =  1.1937117961E-12  3.5811353882E-12 -3.5953462429E-12
HessDelSqRho_EigVals = -4.0654959022E+05 -1.5259000964E+03  1.6606072704E+03
HessDelSqRho_EigVec1 = -3.2222350860E-01  9.3299986232E-01 -1.6025999941E-01
HessDelSqRho_EigVec2 =  7.0842689731E-01  3.4994458895E-01  6.1291933877E-01
HessDelSqRho_EigVec3 = -6.2793577830E-01 -8.3964525680E-02  7.7372257092E-01
</CP of DelSqRho>
<CP of DelSqRho>
CP# = 9       
Type = (3,-3)
Coords = -1.11795301224431E+00  3.04976506877143E+00 -7.34509653749401E-01
DistFromNuc =  1.6702087037E-01
Rho =  2.2704779696E+01
DelSqRho =  1.2962579524E+03
GradDelSqRho = -5.1159076975E-12  8.4696694103E-12 -9.0238927442E-13
HessDelSqRho_EigVals = -4.4990899417E+05 -3.5742016530E+03 -4.9842459261E+02
HessDelSqRho_EigVec1 =  8.0611529261E-01 -5.5247766069E-01 -2.1200605996E-01
HessDelSqRho_EigVec2 =  5.5950218134E-01  5.9491300178E-01  5.7709256571E-01
HessDelSqRho_EigVec3 = -1.9270558918E-01 -5.8382099547E-01  7.8868092480E-01
</CP of DelSqRho>
<CP of DelSqRho>
CP# = 10      
Type = (3,-1)
Coords = -7.20050076962569E-01  2.98913142030664E+00 -1.15322583822423E+00
DistFromNuc =  7.1669303012E-01
Rho =  6.7143264868E-01
DelSqRho = -9.8786576972E-01
GradDelSqRho =  8.8817841970E-15  1.1525225219E-12  1.7958967646E-12
HessDelSqRho_EigVals = -1.5808077179E+01 -1.1933210028E+01  1.4278274008E+02
HessDelSqRho_EigVec1 = -2.2616730187E-01  7.8625570128E-01 -5.7502202025E-01
HessDelSqRho_EigVec2 =  6.1636957867E-01  5.7262384413E-01  5.4054646018E-01
HessDelSqRho_EigVec3 =  7.5427905582E-01 -2.3217214592E-01 -6.1413288514E-01
</CP of DelSqRho>
<CP of DelSqRho>
CP# = 11      
Type = (3,+1)
Coords = -1.94244340524808E+00  3.08991606092007E+00 -6.96636477166045E-01
DistFromNuc =  6.9184728893E-01
Rho =  7.7952276360E-01
DelSqRho = -2.5063000328E+00
GradDelSqRho =  3.5527136788E-15  1.3322676296E-14 -8.8817841970E-16
HessDelSqRho_EigVals = -1.1807873220E+01  1.2831036372E+01  1.8284718588E+02
HessDelSqRho_EigVec1 = -1.5506963797E-01  7.5484106839E-01  6.3731339924E-01
HessDelSqRho_EigVec2 =  4.2068479729E-02 -6.3948628222E-01  7.6765066135E-01
HessDelSqRho_EigVec3 =  9.8700742165E-01  1.4585011596E-01  6.7409890088E-02
</CP of DelSqRho>
<CP of DelSqRho>
CP# = 12      
Type = (3,-1)
Coords = -1.58097761914897E+00  3.75629995419289E+00 -9.00884580480647E-01
DistFromNuc =  7.2549249155E-01
Rho =  6.6577822453E-01
DelSqRho = -9.8565778021E-01
GradDelSqRho =  8.2689410874E-13  3.3111291486E-12  1.0165202013E-12
HessDelSqRho_EigVals = -1.8893899436E+01 -6.2737928879E+00  1.3255261769E+02
HessDelSqRho_EigVec1 =  6.2750698036E-01  8.0886755019E-02 -7.7439803877E-01
HessDelSqRho_EigVec2 =  6.3804021172E-01  5.1661592434E-01  5.7097519644E-01
HessDelSqRho_EigVec3 = -4.4625068944E-01  8.5238801000E-01 -2.7257109639E-01
</CP of DelSqRho>
<CP of DelSqRho>
CP# = 13      
Type = (3,+3)
Coords = -1.45094373275217E+00  2.56737549633532E+00 -9.21789774004844E-01
DistFromNuc =  6.4749926879E-01
Rho =  9.2390403265E-01
DelSqRho = -4.0837558210E+00
GradDelSqRho =  5.3290705182E-15 -2.6645352591E-15  8.8817841970E-15
HessDelSqRho_EigVals =  7.2774103081E+00  2.1688145238E+01  2.9546787703E+02
HessDelSqRho_EigVec1 =  7.0776290230E-01 -4.7935282289E-01  5.1893404717E-01
HessDelSqRho_EigVec2 = -6.2599821543E-01 -8.5111184443E-02  7.7516599549E-01
HessDelSqRho_EigVec3 =  3.2741091675E-01  8.7348552218E-01  3.6031255061E-01
</CP of DelSqRho>
<CP of DelSqRho>
CP# = 14      
Type = (3,-1)
Coords = -1.56537989851263E+00  2.87559772739731E+00 -1.11317286522957E-01
DistFromNuc =  7.1663442640E-01
Rho =  6.7066219704E-01
DelSqRho = -9.7663482528E-01
GradDelSqRho =  6.2172489379E-15 -7.9936057773E-15 -1.0658141036E-14
HessDelSqRho_EigVals = -1.5834773703E+01 -1.2069379420E+01  1.4277816622E+02
HessDelSqRho_EigVec1 = -6.8801855113E-01  7.2569060960E-01 -1.9006440194E-03
HessDelSqRho_EigVec2 =  5.9710045264E-01  5.6758838472E-01  5.6684607698E-01
HessDelSqRho_EigVec3 = -4.1243365862E-01 -3.8886574119E-01  8.2382152956E-01
</CP of DelSqRho>
<CP of DelSqRho>
CP# = 15      
Type = (3,+1)
Coords = -1.49425042755975E+00  3.57076921268465E+00 -2.08044607013476E-01
DistFromNuc =  6.9493453609E-01
Rho =  7.7385210316E-01
DelSqRho = -2.5191880173E+00
GradDelSqRho = -3.1086244690E-15  8.8817841970E-16  2.1316282073E-14
HessDelSqRho_EigVals = -1.3504493171E+01  1.4359246414E+01  1.8228709457E+02
HessDelSqRho_EigVec1 =  9.6781219959E-01  1.1378650630E-01  2.2448202002E-01
HessDelSqRho_EigVec2 =  5.9346830000E-02  7.6362155603E-01 -6.4293084615E-01
HessDelSqRho_EigVec3 = -2.4457616421E-01  6.3555861268E-01  7.3228938935E-01
</CP of DelSqRho>
<CP of DelSqRho>
CP# = 16      
Type = (3,+3)
Coords = -7.91576902097142E-01  3.31432533699586E+00 -3.05066863170911E-01
DistFromNuc =  6.3011192170E-01
Rho =  9.9391536533E-01
DelSqRho = -4.8024309773E+00
GradDelSqRho =  8.8817841970E-16 -1.4210854715E-14 -2.6201263381E-14
HessDelSqRho_EigVals =  1.4641281091E+01  2.5965263047E+01  3.7871886146E+02
HessDelSqRho_EigVec1 = -2.7706387806E-01  9.5372558600E-01 -1.1680374176E-01
HessDelSqRho_EigVec2 = -6.2742822330E-01 -8.7511355353E-02  7.7374129223E-01
HessDelSqRho_EigVec3 =  7.2771521359E-01  2.8766172721E-01  6.2264058542E-01
</CP of DelSqRho>
<CP of DelSqRho>
CP# = 17      
Type = (3,+1)
Coords = -8.70909412214737E-01  3.65258143357132E+00 -9.76017309627968E-01
DistFromNuc =  6.9532975719E-01
Rho =  7.7236635745E-01
DelSqRho = -2.5025592994E+00
GradDelSqRho =  5.4178883602E-14  9.5035090908E-14 -7.7382544816E-14
HessDelSqRho_EigVals = -1.3532728265E+01  1.4197810008E+01  1.8162945060E+02
HessDelSqRho_EigVec1 =  4.0995714510E-01  4.1643223147E-02  9.1115365397E-01
HessDelSqRho_EigVec2 =  6.9165809281E-01 -6.6540778997E-01 -2.8078738522E-01
HessDelSqRho_EigVec3 =  5.9459584747E-01  7.4531759339E-01 -3.0159155020E-01
</CP of DelSqRho>
<CP of DelSqRho>
CP# = 18      
Type = (3,+1)
Coords = -1.38994486524278E+00  3.16272960761197E+00 -1.37641018648266E+00
DistFromNuc =  6.9199155908E-01
Rho =  7.7903636174E-01
DelSqRho = -2.5000454403E+00
GradDelSqRho = -7.5495165675E-15 -5.3290705182E-15  1.0658141036E-14
HessDelSqRho_EigVals = -1.1810341633E+01  1.2762595443E+01  1.8262567875E+02
HessDelSqRho_EigVec1 =  5.0859383004E-01  8.4208907314E-01 -1.7949459310E-01
HessDelSqRho_EigVec2 =  8.2160551314E-01 -5.3699913297E-01 -1.9130162565E-01
HessDelSqRho_EigVec3 =  2.5748144950E-01  5.0178920789E-02  9.6497947080E-01
</CP of DelSqRho>
<CP of DelSqRho>
CP# = 19      
Type = (3,+1)
Coords = -9.28479185107220E-01  2.59473150383980E+00 -4.96036085725662E-01
DistFromNuc =  6.6737018322E-01
Rho =  8.5746771343E-01
DelSqRho = -3.4481453890E+00
GradDelSqRho =  2.1316282073E-14 -1.5631940187E-13  1.7763568394E-15
HessDelSqRho_EigVals = -6.9417393258E+00  1.9303258502E+01  2.4526634406E+02
HessDelSqRho_EigVec1 =  6.0200226953E-01  5.7741024687E-01  5.5153483507E-01
HessDelSqRho_EigVec2 = -6.2760181516E-01 -8.4881560659E-02  7.7389345666E-01
HessDelSqRho_EigVec3 = -4.9366914942E-01  8.1202988089E-01 -3.1128482687E-01
</CP of DelSqRho>
<CP of DelSqRho>
CP# = 20      
Type = (3,+3)
Coords = -1.85465738846813E+00  3.42175907822811E+00 -4.01073595455197E-01
DistFromNuc =  7.2755757480E-01
Rho =  7.4404876543E-01
DelSqRho = -2.9843711673E+00
GradDelSqRho =  6.6258110110E-13 -4.8183679269E-13 -5.3912430076E-13
HessDelSqRho_EigVals =  1.1000226860E+01  2.2925068912E+01  1.3502839739E+02
HessDelSqRho_EigVec1 =  5.5618005547E-01  5.7624198766E-01  5.9883964260E-01
HessDelSqRho_EigVec2 =  1.2436442662E-02 -7.2626201604E-01  6.8730547718E-01
HessDelSqRho_EigVec3 =  8.3096876042E-01 -3.7481816354E-01 -4.1109884881E-01
</CP of DelSqRho>
<CP of DelSqRho>
CP# = 21      
Type = (3,-3)
Coords = -1.69397937120168E+00  2.74497209315766E+00  2.74107606872539E-01
DistFromNuc =  1.1394662338E+00
Rho =  2.4689441762E-01
DelSqRho =  8.5441037080E-01
GradDelSqRho =  1.1102230246E-16 -7.4940054162E-16  1.4432899320E-15
HessDelSqRho_EigVals = -1.7810187256E+01 -1.8297661482E+00 -5.5020421788E-01
HessDelSqRho_EigVec1 = -3.6209242446E-01 -3.7936288903E-01  8.5145338955E-01
HessDelSqRho_EigVec2 =  7.1962872406E-01 -6.9435105145E-01 -3.3341948044E-03
HessDelSqRho_EigVec3 = -5.9247242607E-01 -6.1152302964E-01 -5.2441968743E-01
</CP of DelSqRho>
<CP of DelSqRho>
CP# = 22      
Type = (3,+3)
Coords = -1.12015984801717E+00  3.51715069019449E+00 -1.30800505547832E+00
DistFromNuc =  7.2790078757E-01
Rho =  7.4295859717E-01
DelSqRho = -2.9720102014E+00
GradDelSqRho = -1.2434497876E-13 -3.6548541971E-13  6.7323924213E-13
HessDelSqRho_EigVals =  1.0992755253E+01  2.2799478271E+01  1.3460859899E+02
HessDelSqRho_EigVec1 =  6.3995073946E-01  5.8941020996E-01  4.9300979246E-01
HessDelSqRho_EigVec2 = -7.4611168213E-01  6.3008337542E-01  2.1520292237E-01
HessDelSqRho_EigVec3 = -1.8379447449E-01 -5.0555963487E-01  8.4298816524E-01
</CP of DelSqRho>
<CP of DelSqRho>
CP# = 23      
Type = (3,-3)
Coords = -3.56470213082412E-01  2.92553561590134E+00 -1.37024288509051E+00
DistFromNuc =  1.1406054977E+00
Rho =  2.4701732498E-01
DelSqRho =  8.4928930528E-01
GradDelSqRho = -2.9809488211E-14 -2.7769453403E-14 -3.9579450828E-14
HessDelSqRho_EigVals = -1.7703782766E+01 -1.8445862517E+00 -5.2248098947E-01
HessDelSqRho_EigVec1 =  7.9227084933E-01 -2.2315500599E-01 -5.6789853373E-01
HessDelSqRho_EigVec2 =  2.2376025718E-01 -7.5962285796E-01  6.1065903823E-01
HessDelSqRho_EigVec3 =  5.6766032855E-01  6.1088047682E-01  5.5189382532E-01
</CP of DelSqRho>
<CP of DelSqRho>
CP# = 24      
Type = (3,-3)
Coords = -1.57533445880062E+00  4.24496435071862E+00 -8.43360362906243E-01
DistFromNuc =  1.1584400947E+00
Rho =  2.4980538626E-01
DelSqRho =  8.6741118850E-01
GradDelSqRho = -4.5796699766E-16  0.0000000000E+00 -5.5511151231E-16
HessDelSqRho_EigVals = -1.7387307836E+01 -3.0207441647E+00 -2.5517968097E-01
HessDelSqRho_EigVec1 = -2.7580537479E-01  9.5327756373E-01 -1.2326103086E-01
HessDelSqRho_EigVec2 = -6.2815966145E-01 -8.1689056596E-02  7.7378442590E-01
HessDelSqRho_EigVec3 =  7.2756225505E-01  2.9084151101E-01  6.2134079257E-01
</CP of DelSqRho>
<CP of DelSqRho>
CP# = 25      
Type = (3,+1)
Coords = -1.02505086023730E+00  1.91439462074030E+00 -6.56987150518008E-01
DistFromNuc =  1.2490714510E+00
Rho =  2.4110519262E-01
DelSqRho =  4.4474279138E-01
GradDelSqRho =  1.1102230246E-16 -4.8849813084E-15  5.1347814889E-16
HessDelSqRho_EigVals = -9.5520231992E+00  5.2442558418E-01  6.9670453386E-01
HessDelSqRho_EigVec1 = -1.5733603622E-01  9.8749431857E-01 -1.0017110107E-02
HessDelSqRho_EigVec2 =  7.9229574353E-01  1.3227733985E-01  5.9562585584E-01
HessDelSqRho_EigVec3 = -5.8950218532E-01 -8.5776897526E-02  8.0319953770E-01
</CP of DelSqRho>
<CP of DelSqRho>
CP# = 26      
Type = (3,-1)
Coords = -1.21131163299879E+00  3.79007652674742E+00  2.98014780398499E-01
DistFromNuc =  1.1895146031E+00
Rho =  2.4418968196E-01
DelSqRho =  7.2974690905E-01
GradDelSqRho =  2.2204460493E-16  0.0000000000E+00  1.3877787808E-15
HessDelSqRho_EigVals = -1.7518489980E+01 -1.1433687439E+00  2.9557869503E-01
HessDelSqRho_EigVec1 =  5.0533304459E-02  5.3658181920E-01  8.4233386281E-01
HessDelSqRho_EigVec2 =  9.7933384152E-01 -1.9200421058E-01  6.3557926124E-02
HessDelSqRho_EigVec3 =  1.9583567600E-01  8.2171426568E-01 -5.3519534152E-01
</CP of DelSqRho>
<CP of DelSqRho>
CP# = 27      
Type = (3,-1)
Coords = -3.43011253738429E-01  3.90433009121724E+00 -7.71645581425943E-01
DistFromNuc =  1.1890991400E+00
Rho =  2.4427407442E-01
DelSqRho =  7.3083603204E-01
GradDelSqRho = -6.7723604502E-15 -2.8865798640E-15  1.3947176747E-15
HessDelSqRho_EigVals = -1.7549153334E+01 -1.1394752490E+00  2.8808501938E-01
HessDelSqRho_EigVec1 =  7.7340998784E-01  6.3205031949E-01 -4.8470448140E-02
HessDelSqRho_EigVec2 =  2.8727422043E-01 -2.8130795948E-01  9.1560873424E-01
HessDelSqRho_EigVec3 =  5.6507567014E-01 -7.2206525022E-01 -3.9913814832E-01
</CP of DelSqRho>
<CP of DelSqRho>
CP# = 28      
Type = (3,-1)
Coords = -1.44804661623818E+00  2.72482015761468E+00 -1.79588290948827E+00
DistFromNuc =  1.1901106846E+00
Rho =  2.4467156459E-01
DelSqRho =  7.1452617573E-01
GradDelSqRho =  2.4980018054E-16  5.2735593670E-16 -4.4408920985E-16
HessDelSqRho_EigVals = -1.6930653182E+01 -1.3685472429E+00  2.9950478038E-01
HessDelSqRho_EigVec1 =  1.6197739395E-01  3.7239661554E-01  9.1382935200E-01
HessDelSqRho_EigVec2 =  2.3818653307E-01  8.8392242315E-01 -4.0242803744E-01
HessDelSqRho_EigVec3 =  9.5761709431E-01 -2.8284608993E-01 -5.4475591776E-02
</CP of DelSqRho>
<CP of DelSqRho>
CP# = 29      
Type = (3,-1)
Coords = -2.31862470094598E+00  2.61364410032599E+00 -7.37243511007508E-01
DistFromNuc =  1.1903923159E+00
Rho =  2.4454378103E-01
DelSqRho =  7.1227120980E-01
GradDelSqRho = -5.5511151231E-16 -6.1062266354E-16  3.7643499429E-16
HessDelSqRho_EigVals = -1.6921893094E+01 -1.3275534683E+00  3.0960165538E-01
HessDelSqRho_EigVec1 =  8.8501460016E-01  4.6423162000E-01  3.5187504880E-02
HessDelSqRho_EigVec2 = -4.3333311105E-01  7.9375807282E-01  4.2681440546E-01
HessDelSqRho_EigVec3 =  1.7021037682E-01 -3.9298489135E-01  9.0365441558E-01
</CP of DelSqRho>
<CP of DelSqRho>
CP# = 30      
Type = (3,+1)
Coords = -1.61013099447217E+00  3.71919811170892E+00 -2.59380471391245E+00
DistFromNuc =  2.0132780536E+00
Rho =  7.3966243586E-02
DelSqRho =  1.7787223968E-01
GradDelSqRho = -3.2746375056E-14 -3.3072936750E-14  4.9900882038E-13
HessDelSqRho_EigVals = -1.6385576504E+00  2.6948088975E-02  5.7240439531E-01
HessDelSqRho_EigVec1 =  5.0205470562E-01  1.2698853807E-02  8.6474262742E-01
HessDelSqRho_EigVec2 =  5.8308194018E-01 -7.4342931022E-01 -3.2760999946E-01
HessDelSqRho_EigVec3 =  6.3871474353E-01  6.6869395079E-01 -3.8064665581E-01
</CP of DelSqRho>
<CP of DelSqRho>
CP# = 31      
Type = (3,+1)
Coords = -3.23157376001606E+00  3.50116909251914E+00 -5.91665338470789E-01
DistFromNuc =  2.0142091486E+00
Rho =  7.3936424663E-02
DelSqRho =  1.7667736620E-01
GradDelSqRho =  3.9985376121E-16  1.2490009027E-16  4.9786563761E-16
HessDelSqRho_EigVals = -1.6222335703E+00  3.0954320903E-02  5.7490964446E-01
HessDelSqRho_EigVec1 =  9.4762818614E-01  7.3576354776E-02  3.1078503963E-01
HessDelSqRho_EigVec2 =  1.1410785099E-01  8.3087410930E-01 -5.4463530259E-01
HessDelSqRho_EigVec3 = -2.9829552324E-01  5.5157477689E-01  7.7896408538E-01
</CP of DelSqRho>
<Path of -GradDelSqRho>
Starting CP# =      3
Ending CP# =     20
Number of Points =     17
 -2.1963403554E+00  3.6020082343E+00 -2.2972078610E-01  4.1702199578E-01 -9.8179696510E-01
 -2.1758982461E+00  3.5918583507E+00 -2.3992372790E-01  4.2843040492E-01 -9.9184484987E-01
 -2.1554520080E+00  3.5817161910E+00 -2.5012607762E-01  4.4090083779E-01 -1.0222065554E+00
 -2.1350021233E+00  3.5715810043E+00 -2.6032804805E-01  4.5444572887E-01 -1.0732447120E+00
 -2.1145491280E+00  3.5614517215E+00 -2.7052964653E-01  4.6907098215E-01 -1.1452812508E+00
 -2.0940935989E+00  3.5513269416E+00 -2.8073063478E-01  4.8477525047E-01 -1.2384601541E+00
 -2.0736361470E+00  3.5412049036E+00 -2.9093048814E-01  5.0154925805E-01 -1.3525808015E+00
 -2.0531774236E+00  3.5310834277E+00 -3.0112834860E-01  5.1937527282E-01 -1.4869071159E+00
 -2.0327181436E+00  3.5209598062E+00 -3.1132296238E-01  5.3822685462E-01 -1.6399599017E+00
 -2.0122591371E+00  3.5108306122E+00 -3.2151258812E-01  5.5806902182E-01 -1.8093019281E+00
 -1.9918014448E+00  3.5006913654E+00 -3.3169485120E-01  5.7885899098E-01 -1.9913267497E+00
 -1.9713465000E+00  3.4905359328E+00 -3.4186649665E-01  6.0054765100E-01 -2.1810618679E+00
 -1.9508964863E+00  3.4803553833E+00 -3.5202293526E-01  6.2308193239E-01 -2.3719926782E+00
 -1.9304551170E+00  3.4701355729E+00 -3.6215731372E-01  6.4640821964E-01 -2.5559020491E+00
 -1.9100295970E+00  3.4598512327E+00 -3.7225828951E-01  6.7047690123E-01 -2.7226947758E+00
 -1.8896368958E+00  3.4494477213E+00 -3.8230327417E-01  6.9524784174E-01 -2.8601260079E+00
 -1.8546573885E+00  3.4217590782E+00 -4.0107359546E-01  7.4404876543E-01 -2.9843711673E+00
</Path of -GradDelSqRho>
<Path of -GradDelSqRho>
Starting CP# =      3
Ending CP# =      0
Number of Points =     30
 -2.1963403554E+00  3.6020082343E+00 -2.2972078610E-01  4.1702199578E-01 -9.8179696510E-01
 -2.2167780887E+00  3.6121660005E+00 -2.1951692234E-01  4.0665732257E-01 -9.9176386612E-01
 -2.2372109767E+00  3.6223320724E+00 -2.0931162665E-01  3.9731281749E-01 -1.0215784597E+00
 -2.2576388064E+00  3.6325063245E+00 -1.9910435656E-01  3.8896005394E-01 -1.0712338119E+00
 -2.2780614859E+00  3.6426883879E+00 -1.8889457015E-01  3.8156600630E-01 -1.1408633903E+00
 -2.2984790538E+00  3.6528776996E+00 -1.7868179184E-01  3.7509315883E-01 -1.2306588591E+00
 -2.3188916838E+00  3.6630735650E+00 -1.6846568392E-01  3.6949951936E-01 -1.3407020572E+00
 -2.3392996878E+00  3.6732752324E+00 -1.5824612670E-01  3.6473865274E-01 -1.4706803717E+00
 -2.3597035217E+00  3.6834819766E+00 -1.4802331247E-01  3.6075993632E-01 -1.6194583402E+00
 -2.3801037978E+00  3.6936931931E+00 -1.3779786446E-01  3.5750935753E-01 -1.7845107780E+00
 -2.4005013128E+00  3.7039085075E+00 -1.2757100113E-01  3.5493131048E-01 -1.9613088101E+00
 -2.4208970996E+00  3.7141279121E+00 -1.1734477749E-01  3.5297196040E-01 -2.1429116410E+00
 -2.4412925011E+00  3.7243519475E+00 -1.0712241524E-01  3.5158473959E-01 -2.3202487117E+00
 -2.4616891714E+00  3.7345818838E+00 -9.6908491908E-02  3.5073827370E-01 -2.4838127065E+00
 -2.4820884623E+00  3.7448194340E+00 -8.6707439156E-02  3.5042634875E-01 -2.6275689679E+00
 -2.5024884375E+00  3.7550639531E+00 -7.6514753923E-02  3.5067832017E-01 -2.7555964114E+00
 -2.5228790254E+00  3.7653058563E+00 -6.6300687404E-02  3.5156675760E-01 -2.8911147976E+00
 -2.5432496451E+00  3.7755312672E+00 -5.6030417893E-02  3.5320749283E-01 -3.0861290625E+00
 -2.5636026257E+00  3.7857385591E+00 -4.5707279320E-02  3.5574613717E-01 -3.4282645367E+00
 -2.5839454151E+00  3.7959338866E+00 -3.5352272817E-02  3.5932585831E-01 -4.0401052346E+00
 -2.6042829131E+00  3.8061222573E+00 -2.4980037650E-02  3.6403440766E-01 -5.0661599038E+00
 -2.6246175666E+00  3.8163064606E+00 -1.4598136800E-02  3.6983403119E-01 -6.6439650791E+00
 -2.6449505711E+00  3.8264879717E+00 -4.2103671475E-03  3.7648581788E-01 -8.8593154064E+00
 -2.6652825364E+00  3.8366675906E+00  6.1812903801E-03  3.8348861404E-01 -1.1691888138E+01
 -2.6856137910E+00  3.8468457645E+00  1.6575753356E-02  3.9005878769E-01 -1.4966568652E+01
 -2.7059445232E+00  3.8570227432E+00  2.6972408218E-02  3.9517630047E-01 -1.8334491819E+01
 -2.7262748530E+00  3.8671986481E+00  3.7370900854E-02  3.9771010468E-01 -2.1308671764E+01
 -2.7466048834E+00  3.8773734771E+00  4.7771031573E-02  3.9661088934E-01 -2.3363961583E+01
 -2.7669349065E+00  3.8875467293E+00  5.8172718826E-02  3.9112855567E-01 -2.4080354323E+01
 -2.7659183907E+00  3.8870381382E+00  5.7652593100E-02  3.9151320622E-01 -2.4080324624E+01
</Path of -GradDelSqRho>
<Path of -GradDelSqRho>
Starting CP# =      4
Ending CP# =     22
Number of Points =     17
 -1.0443931289E+00  3.7523917166E+00 -1.6500936215E+00  4.1694963892E-01 -9.8057222823E-01
 -1.0489173315E+00  3.7389744929E+00 -1.6294899885E+00  4.2834452877E-01 -9.9059871748E-01
 -1.0534423527E+00  3.7255643776E+00 -1.6088819079E+00  4.4080046734E-01 -1.0208955519E+00
 -1.0579683682E+00  3.7121606021E+00 -1.5882699215E+00  4.5432984305E-01 -1.0718236379E+00
 -1.0624953181E+00  3.6987621107E+00 -1.5676547051E+00  4.6893851921E-01 -1.1437020043E+00
 -1.0670228689E+00  3.6853675488E+00 -1.5470370671E+00  4.8462511367E-01 -1.2366703014E+00
 -1.0715503758E+00  3.6719752362E+00 -1.5264179584E+00  5.0138032257E-01 -1.3505219596E+00
 -1.0760768378E+00  3.6585831102E+00 -1.5057984990E+00  5.1918639483E-01 -1.4845132061E+00
 -1.0806008360E+00  3.6451886191E+00 -1.4851800353E+00  5.3801688385E-01 -1.6371553188E+00
 -1.0851204409E+00  3.6317885356E+00 -1.4645642423E+00  5.5783681856E-01 -1.8059996503E+00
 -1.0896330628E+00  3.6183786300E+00 -1.4439533070E+00  5.7860344897E-01 -1.9874263693E+00
 -1.0941351968E+00  3.6049530836E+00 -1.4233502625E+00  6.0026772702E-01 -2.1764474556E+00
 -1.0986219554E+00  3.5915033629E+00 -1.4027596362E+00  6.2277668320E-01 -2.3665302719E+00
 -1.1030861097E+00  3.5780158369E+00 -1.3821888398E+00  6.4607684467E-01 -2.5494363480E+00
 -1.1075157992E+00  3.5644659134E+00 -1.3616516404E+00  6.7011877981E-01 -2.7150442730E+00
 -1.1118875765E+00  3.5507998064E+00 -1.3411791795E+00  6.9486249604E-01 -2.8510753219E+00
 -1.1201598480E+00  3.5171506902E+00 -1.3080050555E+00  7.4295859717E-01 -2.9720102014E+00
</Path of -GradDelSqRho>
<Path of -GradDelSqRho>
Starting CP# =      4
Ending CP# =      0
Number of Points =     30
 -1.0443931289E+00  3.7523917166E+00 -1.6500936215E+00  4.1694963892E-01 -9.8057222823E-01
 -1.0398693720E+00  3.7658162710E+00 -1.6706925766E+00  4.0659756193E-01 -9.9051792131E-01
 -1.0353455717E+00  3.7792486276E+00 -1.6912864355E+00  3.9726478892E-01 -1.0202691553E+00
 -1.0308211268E+00  3.7926887473E+00 -1.7118750870E+00  3.8892296050E-01 -1.0698196257E+00
 -1.0262954084E+00  3.8061363591E+00 -1.7324585659E+00  3.8153912793E-01 -1.1393044840E+00
 -1.0217678308E+00  3.8195909993E+00 -1.7530370423E+00  3.7507586260E-01 -1.2289194600E+00
 -1.0172379297E+00  3.8330520649E+00 -1.7736108048E+00  3.6949126881E-01 -1.3387548080E+00
 -1.0127054493E+00  3.8465188756E+00 -1.7941802391E+00  3.6473901328E-01 -1.4685133766E+00
 -1.0081704433E+00  3.8599907446E+00 -1.8147458041E+00  3.6076857155E-01 -1.6170853407E+00
 -1.0036333994E+00  3.8734670566E+00 -1.8353080084E+00  3.5752600853E-01 -1.7819837470E+00
 -9.9909540859E-01  3.8869473564E+00 -1.8558673896E+00  3.5495574723E-01 -1.9587297162E+00
 -9.9455840878E-01  3.9004314560E+00 -1.8764244976E+00  3.5300389294E-01 -2.1404358979E+00
 -9.9002551850E-01  3.9139195763E+00 -1.8969798743E+00  3.5162367856E-01 -2.3180674977E+00
 -9.8550124272E-01  3.9274125031E+00 -1.9175339941E+00  3.5078333922E-01 -2.4820971579E+00
 -9.8099005690E-01  3.9409114650E+00 -1.9380870282E+00  3.5047604695E-01 -2.6263603812E+00
 -9.7648786213E-01  3.9544163337E+00 -1.9586381537E+00  3.5073033758E-01 -2.7546379946E+00
 -9.7196547978E-01  3.9679208674E+00 -1.9791850627E+00  3.5161785715E-01 -2.8896447698E+00
 -9.6738741216E-01  3.9814149850E+00 -1.9997264782E+00  3.5325362031E-01 -3.0826884783E+00
 -9.6275597839E-01  3.9948966342E+00 -2.0202641215E+00  3.5578286802E-01 -3.4206063805E+00
 -9.5809211948E-01  4.0083697271E+00 -2.0408000447E+00  3.5934927991E-01 -4.0253095985E+00
 -9.5341068919E-01  4.0218377320E+00 -2.0613353080E+00  3.6404243250E-01 -5.0410500234E+00
 -9.4871939728E-01  4.0353026429E+00 -2.0818703500E+00  3.6982799466E-01 -6.6058729014E+00
 -9.4402211899E-01  4.0487655342E+00 -2.1024053478E+00  3.7647203599E-01 -8.8071503584E+00
 -9.3932087663E-01  4.0622269962E+00 -2.1229403754E+00  3.8347940597E-01 -1.1627303541E+01
 -9.3461677471E-01  4.0756873625E+00 -2.1434754664E+00  3.9007238514E-01 -1.4894814850E+01
 -9.2991043712E-01  4.0891468197E+00 -2.1640106410E+00  3.9523517532E-01 -1.8264400256E+01
 -9.2520221803E-01  4.1026054566E+00 -2.1845459221E+00  3.9783762921E-01 -2.1251319565E+01
 -9.2049230013E-01  4.1160632618E+00 -2.2050813586E+00  3.9682685830E-01 -2.3330050860E+01
 -9.1578065066E-01  4.1295198373E+00 -2.2256172036E+00  3.9144471903E-01 -2.4077065118E+01
 -9.1601617881E-01  4.1288467425E+00 -2.2245905733E+00  3.9182424461E-01 -2.4075419338E+01
</Path of -GradDelSqRho>
<Path of -GradDelSqRho>
Starting CP# =      5
Ending CP# =     16
Number of Points =     35
 -1.1836899018E+00  3.2779902940E+00 -6.2797099957E-01  2.2615951967E+01  1.2419639709E+03
 -1.1733337521E+00  3.2981376726E+00 -6.1739588794E-01  1.5674293863E+01  1.1588203335E+03
 -1.1629558783E+00  3.3182656324E+00 -6.0680509198E-01  1.0970618546E+01  9.8754394871E+02
 -1.1525724783E+00  3.3383886415E+00 -5.9621030546E-01  7.7932123615E+00  7.7802171960E+02
 -1.1421767521E+00  3.3585005953E+00 -5.8560662090E-01  5.6552497703E+00  5.7594889396E+02
 -1.1317565561E+00  3.3785905532E+00 -5.7498527815E-01  4.2178419923E+00  4.1039264117E+02
 -1.1212986190E+00  3.3986464553E+00 -5.6433671224E-01  3.2490238226E+00  2.8666906404E+02
 -1.1107896034E+00  3.4186560142E+00 -5.5365132505E-01  2.5930470865E+00  1.9764753487E+02
 -1.1002171344E+00  3.4386075952E+00 -5.4292023142E-01  2.1460013089E+00  1.3408072487E+02
 -1.0895691733E+00  3.4584896049E+00 -5.3213481129E-01  1.8382325401E+00  8.8718315822E+01
 -1.0788310064E+00  3.4782876268E+00 -5.2128455152E-01  1.6227408088E+00  5.6624099924E+01
 -1.0679809223E+00  3.4979801318E+00 -5.1035396472E-01  1.4677989029E+00  3.4384335197E+01
 -1.0569851473E+00  3.5175330629E+00 -4.9931901636E-01  1.3521739627E+00  1.9437289456E+01
 -1.0457908733E+00  3.5368917139E+00 -4.8814227325E-01  1.2618860143E+00  9.7515800227E+00
 -1.0343145935E+00  3.5559659460E+00 -4.7676490958E-01  1.1879235901E+00  3.7205833730E+00
 -1.0224202750E+00  3.5745995639E+00 -4.6509205608E-01  1.1246260846E+00  1.2373127641E-01
 -1.0098743828E+00  3.5924976615E+00 -4.5296361298E-01  1.0685884484E+00 -1.9176620175E+00
 -9.9624177648E-01  3.6090172361E+00 -4.4009101295E-01  1.0180709242E+00 -3.0031675211E+00
 -9.8063994147E-01  3.6223765485E+00 -4.2593897619E-01  9.7339708718E-01 -3.5256981258E+00
 -9.6206320721E-01  3.6265367996E+00 -4.1031725893E-01  9.4171412195E-01 -3.7510786407E+00
 -9.4437378759E-01  3.6155372547E+00 -3.9701028453E-01  9.3531182838E-01 -3.8813832802E+00
 -9.2956576888E-01  3.5982516797E+00 -3.8672397444E-01  9.4106372195E-01 -3.9983035874E+00
 -9.1592414451E-01  3.5794148346E+00 -3.7756257024E-01  9.4892587971E-01 -4.1093482254E+00
 -9.0287302976E-01  3.5599038510E+00 -3.6896460919E-01  9.5666072471E-01 -4.2141363042E+00
 -8.9030426445E-01  3.5398858051E+00 -3.6082521178E-01  9.6381444931E-01 -4.3119583210E+00
 -8.7820958693E-01  3.5194037658E+00 -3.5313417534E-01  9.7028073956E-01 -4.4021435032E+00
 -8.6659845184E-01  3.4984809172E+00 -3.4589793962E-01  9.7601801802E-01 -4.4840929988E+00
 -8.5548294102E-01  3.4771378651E+00 -3.3912546549E-01  9.8099980422E-01 -4.5572923014E+00
 -8.4487543173E-01  3.4553951650E+00 -3.3282608560E-01  9.8520749881E-01 -4.6213201546E+00
 -8.3478826543E-01  3.4332737036E+00 -3.2700921559E-01  9.8862959109E-01 -4.6758553865E+00
 -8.2523366777E-01  3.4107948176E+00 -3.2168429900E-01  9.9126158183E-01 -4.7206817153E+00
 -8.1622369757E-01  3.3879803739E+00 -3.1686077793E-01  9.9310590412E-01 -4.7556904573E+00
 -8.0777020805E-01  3.3648528345E+00 -3.1254806502E-01  9.9417177637E-01 -4.7808811154E+00
 -7.9988483384E-01  3.3414353069E+00 -3.0875549651E-01  9.9447498464E-01 -4.7963598861E+00
 -7.9157690210E-01  3.3143253370E+00 -3.0506686317E-01  9.9391536533E-01 -4.8024309773E+00
</Path of -GradDelSqRho>
<Path of -GradDelSqRho>
Starting CP# =      5
Ending CP# =      1
Number of Points =      7
 -1.1836899018E+00  3.2779902940E+00 -6.2797099957E-01  2.2615951967E+01  1.2419639709E+03
 -1.1939992015E+00  3.2578012027E+00 -6.3851227199E-01  3.2894958159E+01  9.8497184629E+02
 -1.2042692534E+00  3.2375773385E+00 -6.4902517896E-01  4.8219213289E+01 -8.2458327634E+02
 -1.2145220571E+00  3.2173382463E+00 -6.5952561443E-01  7.0987216081E+01 -6.4805588174E+03
 -1.2247620178E+00  3.1970878402E+00 -6.7001676172E-01  1.0479610705E+02 -2.0978860188E+04
 -1.2349809805E+00  3.1768189715E+00 -6.8049272111E-01  1.5551590038E+02 -7.6474557814E+04
 -1.2525524706E+00  3.1418710950E+00 -6.9851619904E-01  2.9726881523E+02 -3.3289853966E+06
</Path of -GradDelSqRho>
<Path of -GradDelSqRho>
Starting CP# =      6
Ending CP# =      1
Number of Points =      7
 -1.3764834416E+00  3.0973976282E+00 -8.0409893336E-01  2.2465731615E+01  1.2251470273E+03
 -1.3581462364E+00  3.1040621425E+00 -7.8846784770E-01  3.2647715115E+01  9.7900372515E+02
 -1.3397968564E+00  3.1106808998E+00 -7.7283160079E-01  4.7814068551E+01 -7.6822914673E+02
 -1.3214421020E+00  3.1172793683E+00 -7.5719308452E-01  7.0339214605E+01 -6.3006901072E+03
 -1.3030835604E+00  3.1238635023E+00 -7.4155297315E-01  1.0375938269E+02 -2.0309010290E+04
 -1.2847186801E+00  3.1304235890E+00 -7.2591019831E-01  1.5390076670E+02 -7.4210352866E+04
 -1.2525524706E+00  3.1418710950E+00 -6.9851619904E-01  2.9726881523E+02 -3.3289853966E+06
</Path of -GradDelSqRho>
<Path of -GradDelSqRho>
Starting CP# =      6
Ending CP# =     13
Number of Points =     40
 -1.3764834416E+00  3.0973976282E+00 -8.0409893336E-01  2.2465731615E+01  1.2251470273E+03
 -1.3948064707E+00  3.0906801568E+00 -8.1972397753E-01  1.5581907784E+01  1.1443585588E+03
 -1.4131233463E+00  3.0839398093E+00 -8.3534639026E-01  1.0912467359E+01  9.7577316501E+02
 -1.4314387034E+00  3.0771938354E+00 -8.5096815469E-01  7.7546347329E+00  7.6872627373E+02
 -1.4497502876E+00  3.0704338927E+00 -8.6658830260E-01  5.6268813703E+00  5.6919926286E+02
 -1.4680543364E+00  3.0636461226E+00 -8.8220521212E-01  4.1938418050E+00  4.0595147683E+02
 -1.4863467323E+00  3.0568155153E+00 -8.9781709305E-01  3.2259635068E+00  2.8405145559E+02
 -1.5046232920E+00  3.0499270695E+00 -9.1342210168E-01  2.5690929087E+00  1.9635450530E+02
 -1.5228800751E+00  3.0429669898E+00 -9.2901846690E-01  2.1203290294E+00  1.3371017255E+02
 -1.5411131832E+00  3.0359220073E+00 -9.4460439707E-01  1.8106352362E+00  8.8971352940E+01
 -1.5593177943E+00  3.0287760250E+00 -9.6017764173E-01  1.5933732446E+00  5.7279031259E+01
 -1.5774867243E+00  3.0215053608E+00 -9.7573481462E-01  1.4370089812E+00  3.5274733202E+01
 -1.5956086371E+00  3.0140732968E+00 -9.9127050071E-01  1.3203889985E+00  2.0440067365E+01
 -1.6136654029E+00  3.0064227481E+00 -1.0067758628E+00  1.2295349424E+00  1.0780255533E+01
 -1.6316273733E+00  2.9984642228E+00 -1.0222360344E+00  1.1553821336E+00  4.7193533347E+00
 -1.6494438199E+00  2.9900536737E+00 -1.0376246113E+00  1.0921705306E+00  1.0610126304E+00
 -1.6670210224E+00  2.9809474324E+00 -1.0528904361E+00  1.0363297375E+00 -1.0556079735E+00
 -1.6841620578E+00  2.9706960657E+00 -1.0679194540E+00  9.8577515515E-01 -2.2172341057E+00
 -1.7003479631E+00  2.9583378110E+00 -1.0823879350E+00  9.3970203128E-01 -2.8052441599E+00
 -1.7135530915E+00  2.9414057890E+00 -1.0948992843E+00  9.0023519038E-01 -3.0635055743E+00
 -1.7161938167E+00  2.9176226174E+00 -1.0995078352E+00  8.8117604214E-01 -3.1736273975E+00
 -1.7089221634E+00  2.8940309312E+00 -1.0960217757E+00  8.8264322687E-01 -3.2586425205E+00
 -1.6992513116E+00  2.8716627564E+00 -1.0904613543E+00  8.8829241342E-01 -3.3404457872E+00
 -1.6887869713E+00  2.8498381636E+00 -1.0842072418E+00  8.9419207516E-01 -3.4194485670E+00
 -1.6777590358E+00  2.8284417962E+00 -1.0774601494E+00  8.9974875610E-01 -3.4952910138E+00
 -1.6662070602E+00  2.8074761392E+00 -1.0702533581E+00  9.0486189637E-01 -3.5676056296E+00
 -1.6541457841E+00  2.7869611166E+00 -1.0625980134E+00  9.0950109543E-01 -3.6360481140E+00
 -1.6415871802E+00  2.7669188794E+00 -1.0545026530E+00  9.1364809969E-01 -3.7003037898E+00
 -1.6285431435E+00  2.7473718472E+00 -1.0459755775E+00  9.1728980784E-01 -3.7600918728E+00
 -1.6150258459E+00  2.7283424974E+00 -1.0370251296E+00  9.2041758205E-01 -3.8151689734E+00
 -1.6010478487E+00  2.7098533442E+00 -1.0276597490E+00  9.2302718356E-01 -3.8653319089E+00
 -1.5866221959E+00  2.6919269266E+00 -1.0178879987E+00  9.2511871318E-01 -3.9104197979E+00
 -1.5717625076E+00  2.6745857904E+00 -1.0077185808E+00  9.2669650401E-01 -3.9503154168E+00
 -1.5564830765E+00  2.6578524631E+00 -9.9716033897E-01  9.2776896715E-01 -3.9849458202E+00
 -1.5407989694E+00  2.6417494221E+00 -9.8622224763E-01  9.2834839513E-01 -4.0142822465E+00
 -1.5247261327E+00  2.6262990576E+00 -9.7491338626E-01  9.2845072836E-01 -4.0383393502E+00
 -1.5082815054E+00  2.6115236288E+00 -9.6324289917E-01  9.2809528999E-01 -4.0571738171E+00
 -1.4914831345E+00  2.5974452148E+00 -9.5121994569E-01  9.2730449474E-01 -4.0708824316E+00
 -1.4743502807E+00  2.5840856615E+00 -9.3885365677E-01  9.2610353771E-01 -4.0795996784E+00
 -1.4509437328E+00  2.5673754963E+00 -9.2178977400E-01  9.2390403265E-01 -4.0837558210E+00
</Path of -GradDelSqRho>
<Path of -GradDelSqRho>
Starting CP# =     11
Ending CP# =     20
Number of Points =     19
 -1.9424434052E+00  3.0899160609E+00 -6.9663647717E-01  7.7952276360E-01 -2.5063000328E+00
 -1.9455578441E+00  3.1068352769E+00 -6.8231799386E-01  7.7575407009E-01 -2.5092202959E+00
 -1.9481879504E+00  3.1257726684E+00 -6.6621241135E-01  7.7188011572E-01 -2.5191599725E+00
 -1.9499192197E+00  3.1447309741E+00 -6.5001002530E-01  7.6835044164E-01 -2.5356899297E+00
 -1.9507480248E+00  3.1636872375E+00 -6.3373412759E-01  7.6515130496E-01 -2.5582129393E+00
 -1.9506705081E+00  3.1826178890E+00 -6.1740759758E-01  7.6226552493E-01 -2.5860112420E+00
 -1.9496822464E+00  3.2014985905E+00 -6.0105300257E-01  7.5967313216E-01 -2.6182570442E+00
 -1.9477779213E+00  3.2203040029E+00 -5.8469271098E-01  7.5735210280E-01 -2.6540263969E+00
 -1.9449510019E+00  3.2390074732E+00 -5.6834902048E-01  7.5527918804E-01 -2.6923163022E+00
 -1.9411934493E+00  3.2575806265E+00 -5.5204429381E-01  7.5343084689E-01 -2.7320647748E+00
 -1.9364954593E+00  3.2759928424E+00 -5.3580108711E-01  7.5178428296E-01 -2.7721734927E+00
