 AIMInt (Version 19.02.13, Professional)
 Portions Copyright (c) 1997-2019 by Todd A. Keith
 AIMInt is a component of the AIMAll package ( http://aim.tkgristmill.com )

 TP:  64-bit Linux

 Licensed To:  Research Group of Fernando Cortes Guzman, UNAM, fercor@unam.mx

 AIMInt is a heavily modified and extended version of the PROAIMV program
 developed by members of R.F.W. Bader's research group

 Much of the Quantum Theory of Atoms in Molecules (QTAIM) is described in the book:
   "Atoms in Molecules - A Quantum Theory"
   R.F.W. Bader, Oxford University Press, Oxford, 1990

 For additional references see:  http://aim.tkgristmill.com/references.html

 Current Directory:  /home/scratch/M_H2O_4_tetraedrico/Opt

 Inp File:  Mn2_tetraedrico_cc-pvtz-def2-tzv_2_atomicfiles/o4.inp
 Wfx File:  Mn2_tetraedrico_cc-pvtz-def2-tzv_2.wfx
 Out File:  Mn2_tetraedrico_cc-pvtz-def2-tzv_2_atomicfiles/o4.int

 Wfx Title:   Mn2_tetraedrico_cc-pvtz-def2-tzv_2                                            
 Job Title:   Mn2_tetraedrico_cc-pvtz-def2-tzv_2                                            
 
<Atom>
O4      
</Atom>
<Nuclei of Molecule>
    13
Mn1       25.0           1.1308750059E-02  -9.4395846382E-04  -2.4476110818E-03
O2         8.0          -1.2525522289E+00   3.1418708811E+00  -6.9851602450E-01
H3         1.0          -2.7730386792E+00   3.8905877233E+00   6.1358935103E-02
O4         8.0           3.4143206363E+00  -3.6909717023E-02  -6.1674198114E-01
H5         1.0           4.4418857908E+00  -1.4955213621E+00  -1.1437316653E+00
O6         8.0          -1.5480125099E+00  -2.3419882856E+00  -2.0142054546E+00
H7         1.0          -1.2887196951E+00  -4.1796186462E+00  -1.9693241188E+00
O8         8.0          -5.6852150189E-01  -7.6674746511E-01   3.3196726002E+00
H9         1.0           4.5401357131E-01  -7.5377381177E-02   4.7069251653E+00
H10        1.0           4.6519806693E+00   1.3442198435E+00  -4.5221405252E-01
H11        1.0          -2.0861112471E+00  -1.4859077297E+00   4.1164489223E+00
H12        1.0          -3.1303925366E+00  -2.0784235760E+00  -2.9477214715E+00
H13        1.0          -9.1421178908E-01   4.1338367830E+00  -2.2322245570E+00
</Nuclei of Molecule>
<Total Number of CPs of DelSqRho>
    35
</Total Number of CPs of DelSqRho>
<Number of (3,+3) CPs of DelSqRho>
     5
</Number of (3,+3) CPs of DelSqRho>
<Number of (3,+1) CPs of DelSqRho>
    12
</Number of (3,+1) CPs of DelSqRho>
<Number of (3,-1) CPs of DelSqRho>
    12
</Number of (3,-1) CPs of DelSqRho>
<Number of (3,-3) CPs of DelSqRho>
     6
</Number of (3,-3) CPs of DelSqRho>
<Number of Degenerate CPs of DelSqRho>
     0
</Number of Degenerate CPs of DelSqRho>
<CP of DelSqRho>
CP# = 1       
Type = (3,+3)
Coords =  3.41432101804959E+00 -3.69097325499765E-02 -6.16742030468122E-01
DistFromNuc =  3.8526810713E-07
Rho =  2.9733368487E+02
DelSqRho = -3.3297156607E+06
GradDelSqRho =  2.3507302103E-05 -2.0161803604E-07 -1.0517155715E-06
HessDelSqRho_EigVals =  1.3241496419E+11  1.3241498182E+11  1.3241498964E+11
HessDelSqRho_EigVec1 =  1.5500645675E-01 -2.4371574763E-01  9.5737956565E-01
HessDelSqRho_EigVec2 =  9.8590590395E-01 -2.3587523441E-02 -1.6562963892E-01
HessDelSqRho_EigVec3 =  6.2948764227E-02  9.6955982956E-01  2.3662457605E-01
</CP of DelSqRho>
<CP of DelSqRho>
CP# = 2       
Type = (3,-1)
Coords =  1.97604433679286E+00 -3.11762468368711E-02 -3.68094413665117E-01
DistFromNuc =  1.4596222796E+00
Rho =  1.5924777643E-01
DelSqRho =  5.0313342042E-01
GradDelSqRho = -2.1510571102E-15 -2.2551405188E-17  4.6490589156E-16
HessDelSqRho_EigVals = -8.4379442891E-01 -6.8398315021E-01  5.0199192021E+00
HessDelSqRho_EigVec1 =  1.7555276337E-01 -1.7745661031E-01  9.6834414271E-01
HessDelSqRho_EigVec2 =  4.8078000103E-02  9.8399147008E-01  1.7160796225E-01
HessDelSqRho_EigVec3 =  9.8329534382E-01 -1.6429797804E-02 -1.8127418064E-01
</CP of DelSqRho>
<CP of DelSqRho>
CP# = 3       
Type = (3,+1)
Coords =  4.04832958540577E+00 -9.39960319909212E-01 -9.41596199136393E-01
DistFromNuc =  1.1502165022E+00
Rho =  4.1408847946E-01
DelSqRho = -9.5315461489E-01
GradDelSqRho = -1.6653345369E-16 -7.8426848349E-15 -2.2239154962E-15
HessDelSqRho_EigVals = -3.1448325202E+01  1.4790981566E+01  1.5567986384E+01
HessDelSqRho_EigVec1 = -5.5480483895E-01  7.8232829177E-01  2.8311487876E-01
HessDelSqRho_EigVec2 =  1.0358060074E-01 -2.7269239739E-01  9.5650923443E-01
HessDelSqRho_EigVec3 = -8.2550751046E-01 -5.6000116099E-01 -7.0257027179E-02
</CP of DelSqRho>
<CP of DelSqRho>
CP# = 4       
Type = (3,+1)
Coords =  4.17833141652450E+00  8.17473972993914E-01 -5.14016840601448E-01
DistFromNuc =  1.1507547161E+00
Rho =  4.1346741243E-01
DelSqRho = -9.4826759393E-01
GradDelSqRho = -2.3869795029E-15 -4.4426268220E-15 -1.2073675393E-15
HessDelSqRho_EigVals = -3.1293025713E+01  1.4703798810E+01  1.5491728592E+01
HessDelSqRho_EigVec1 =  6.6693546428E-01  7.3995961628E-01  8.7503444298E-02
HessDelSqRho_EigVec2 =  1.1380332189E-01 -2.1721612327E-01  9.6946684302E-01
HessDelSqRho_EigVec3 =  7.3637347210E-01 -6.3661363642E-01 -2.2907899842E-01
</CP of DelSqRho>
<CP of DelSqRho>
CP# = 5       
Type = (3,+1)
Coords =  3.50042251855282E+00 -7.67005647430335E-02 -4.77430887266421E-01
DistFromNuc =  1.6853612839E-01
Rho =  2.2511749806E+01
DelSqRho =  1.2327657757E+03
GradDelSqRho = -4.4053649617E-13 -2.2239987629E-12 -1.9326762413E-12
HessDelSqRho_EigVals = -4.0866663473E+05  2.0192443754E+03  3.3826272903E+03
HessDelSqRho_EigVec1 =  5.0628388961E-01 -2.3642394554E-01  8.2932523240E-01
HessDelSqRho_EigVec2 =  8.5963947400E-01  6.1937834794E-02 -5.0713280249E-01
HessDelSqRho_EigVec3 =  6.8531728844E-02  9.6967387435E-01  2.3459748410E-01
</CP of DelSqRho>
<CP of DelSqRho>
CP# = 6       
Type = (3,-1)
Coords =  3.58051914733410E+00 -4.13687784721506E-02 -6.47164000955409E-01
DistFromNuc =  1.6901871967E-01
Rho =  2.2295893469E+01
DelSqRho =  1.2459772893E+03
GradDelSqRho =  1.6484591470E-12 -1.7408297026E-12  9.4715346677E-12
HessDelSqRho_EigVals = -4.0169094235E+05 -1.4080989495E+03  1.8271569678E+03
HessDelSqRho_EigVec1 =  9.8325955657E-01 -2.6295972795E-02 -1.8030298455E-01
HessDelSqRho_EigVec2 =  1.6869453092E-01 -2.4262713458E-01  9.5533984990E-01
HessDelSqRho_EigVec3 =  6.8867987199E-02  9.6976316458E-01  2.3412946196E-01
</CP of DelSqRho>
<CP of DelSqRho>
CP# = 7       
Type = (3,+1)
Coords =  3.45649050305064E+00 -1.49330150754165E-03 -7.75960948723394E-01
DistFromNuc =  1.6847343942E-01
Rho =  2.2524706117E+01
DelSqRho =  1.2343643563E+03
GradDelSqRho =  1.6768808564E-12  2.2737367544E-12  1.0032863429E-11
HessDelSqRho_EigVals = -4.1013784537E+05  1.9357615622E+03  3.3205186786E+03
HessDelSqRho_EigVec1 = -2.4502056294E-01 -2.1089693023E-01  9.4630196478E-01
HessDelSqRho_EigVec2 = -9.6708984773E-01  1.2219978812E-01 -2.2316907983E-01
HessDelSqRho_EigVec3 =  6.8572225738E-02  9.6984003660E-01  2.3389774102E-01
</CP of DelSqRho>
<CP of DelSqRho>
CP# = 8       
Type = (3,-3)
Coords =  3.27475518471606E+00 -1.28431419714487E-01 -6.19995792820935E-01
DistFromNuc =  1.6692910058E-01
Rho =  2.2730309242E+01
DelSqRho =  1.2983642296E+03
GradDelSqRho =  3.4091840462E-11  1.3812950783E-11  5.0448534239E-13
HessDelSqRho_EigVals = -4.5235121336E+05 -3.5877165093E+03 -4.8017633492E+02
HessDelSqRho_EigVec1 =  8.3792317238E-01  5.4546930278E-01  1.8654675551E-02
HessDelSqRho_EigVec2 =  1.3866411732E-01 -2.4581800428E-01  9.5934653350E-01
HessDelSqRho_EigVec3 = -5.2787973987E-01  8.0127195664E-01  2.8161362137E-01
</CP of DelSqRho>
<CP of DelSqRho>
CP# = 9       
Type = (3,-1)
Coords =  3.24952946827847E+00 -3.17874106348628E-02 -5.91842405075389E-01
DistFromNuc =  1.6674038491E-01
Rho =  2.2797382152E+01
DelSqRho =  1.2976348177E+03
GradDelSqRho =  5.4285465012E-12 -3.8102854205E-13 -1.0516032489E-12
HessDelSqRho_EigVals = -4.5656800729E+05 -3.3488713605E+03  2.7485377054E+02
HessDelSqRho_EigVec1 =  9.8832597976E-01 -3.0777911088E-02 -1.4921286113E-01
HessDelSqRho_EigVec2 =  1.3749228930E-01 -2.4172630300E-01  9.6055414466E-01
HessDelSqRho_EigVec3 =  6.5632523340E-02  9.6985623400E-01  2.3467265979E-01
</CP of DelSqRho>
<CP of DelSqRho>
CP# = 10      
Type = (3,-3)
Coords =  3.28878515429269E+00  6.42722210303223E-02 -5.73515158950346E-01
DistFromNuc =  1.6692962583E-01
Rho =  2.2729965676E+01
DelSqRho =  1.2983961629E+03
GradDelSqRho = -8.7858609277E-12 -8.3559825725E-12 -1.2562395568E-11
HessDelSqRho_EigVals = -4.5234689687E+05 -3.5902184091E+03 -4.8766964297E+02
HessDelSqRho_EigVec1 =  7.5426978019E-01 -6.0353929564E-01 -2.5849065225E-01
HessDelSqRho_EigVec2 =  1.3924940700E-01 -2.3769338085E-01  9.6130716181E-01
HessDelSqRho_EigVec3 =  6.4162816439E-01  7.6107961168E-01  9.5242445108E-02
</CP of DelSqRho>
<CP of DelSqRho>
CP# = 11      
Type = (3,-1)
Coords =  4.13160726925532E+00 -6.36800350430745E-02 -7.23671548710992E-01
DistFromNuc =  7.2570703194E-01
Rho =  6.6853795678E-01
DelSqRho = -1.0502641529E+00
GradDelSqRho =  2.2204460493E-14 -4.1647241211E-14  1.6853185514E-13
HessDelSqRho_EigVals = -1.8852027993E+01 -5.2100033663E+00  1.3308086882E+02
HessDelSqRho_EigVec1 =  7.1586328174E-02  9.6859586807E-01  2.3811224657E-01
HessDelSqRho_EigVec2 =  1.3287352740E-01 -2.4585766389E-01  9.6015552637E-01
HessDelSqRho_EigVec3 =  9.8854439624E-01 -3.7095194491E-02 -1.4630079702E-01
</CP of DelSqRho>
<CP of DelSqRho>
CP# = 12      
Type = (3,+1)
Coords =  2.75882379252487E+00 -1.39393208496870E-02 -5.12495467889627E-01
DistFromNuc =  6.6413182937E-01
Rho =  8.7081951642E-01
DelSqRho = -3.5359203098E+00
GradDelSqRho =  8.3673068474E-12  2.5848767571E-13 -3.6114444768E-12
HessDelSqRho_EigVals = -7.2427088983E+00  1.8970382911E+01  2.5463904716E+02
HessDelSqRho_EigVec1 =  1.4304052540E-01 -2.4049801974E-01  9.6005213952E-01
HessDelSqRho_EigVec2 =  7.0804392458E-02  9.7002823443E-01  2.3244776277E-01
HessDelSqRho_EigVec3 =  9.8718090850E-01 -3.4726458353E-02 -1.5578166448E-01
</CP of DelSqRho>
<CP of DelSqRho>
CP# = 13      
Type = (3,-1)
Coords =  3.23777425634594E+00  6.30175954534285E-01 -4.26642992949631E-01
DistFromNuc =  7.1575801971E-01
Rho =  6.7472874322E-01
DelSqRho = -1.0428378100E+00
GradDelSqRho = -2.1094237468E-14  6.3504757009E-14 -1.5210055437E-14
HessDelSqRho_EigVals = -1.5274952189E+01 -1.1616730269E+01  1.4493495790E+02
HessDelSqRho_EigVec1 =  9.5127873145E-01  3.0252561821E-01 -5.9556909017E-02
HessDelSqRho_EigVec2 =  1.3532277036E-01 -2.3607963441E-01  9.6226511630E-01
HessDelSqRho_EigVec3 = -2.7704967588E-01  9.2344174507E-01  2.6551613990E-01
</CP of DelSqRho>
<CP of DelSqRho>
CP# = 14      
Type = (3,-1)
Coords =  3.14120073288988E+00 -6.86332628664307E-01 -7.42838567249757E-01
DistFromNuc =  7.1571289552E-01
Rho =  6.7535361955E-01
DelSqRho = -1.0435119910E+00
GradDelSqRho =  2.9043434324E-13  4.6451731350E-13  1.8995915951E-13
HessDelSqRho_EigVals = -1.5277722540E+01 -1.1713394057E+01  1.4493569706E+02
HessDelSqRho_EigVec1 =  9.0103705378E-01 -3.6999194413E-01 -2.2635854080E-01
HessDelSqRho_EigVec2 =  1.3936866275E-01 -2.4723367967E-01  9.5888053660E-01
HessDelSqRho_EigVec3 =  4.1074152890E-01  8.9553418076E-01  1.7120142385E-01
</CP of DelSqRho>
<CP of DelSqRho>
CP# = 15      
Type = (3,+1)
Coords =  3.81221534112241E+00  3.09107494412562E-01 -1.63918020615121E-01
DistFromNuc =  6.9505226133E-01
Rho =  7.7071740060E-01
DelSqRho = -2.4549248415E+00
GradDelSqRho = -1.2878587086E-14 -3.5527136788E-15  5.5511151231E-16
HessDelSqRho_EigVals = -1.2560906030E+01  1.2737509590E+01  1.8006257717E+02
HessDelSqRho_EigVec1 =  4.0843068706E-01  6.1823991381E-01 -6.7153837034E-01
HessDelSqRho_EigVec2 =  7.3773109350E-01 -6.5682260150E-01 -1.5600289692E-01
HessDelSqRho_EigVec3 =  5.3752879696E-01  4.3169836591E-01  7.2436131406E-01
</CP of DelSqRho>
<CP of DelSqRho>
CP# = 16      
Type = (3,+1)
Coords =  3.63457822565501E+00 -4.04778766651847E-01 -1.16341408313157E+00
DistFromNuc =  6.9475998046E-01
Rho =  7.7262283342E-01
DelSqRho = -2.4797750015E+00
GradDelSqRho = -4.8849813084E-15 -5.3290705182E-15  8.8817841970E-15
HessDelSqRho_EigVals = -1.2586669956E+01  1.3084337395E+01  1.8099012700E+02
HessDelSqRho_EigVec1 = -5.4550435928E-01  6.5335786899E-01 -5.2492712735E-01
HessDelSqRho_EigVec2 =  7.9527399352E-01  6.0118941620E-01 -7.8170077941E-02
HessDelSqRho_EigVec3 = -2.6450759770E-01  4.6010301116E-01  8.4754996896E-01
</CP of DelSqRho>
<CP of DelSqRho>
CP# = 17      
Type = (3,+1)
Coords =  3.70197614688102E+00  5.04655577331457E-01 -9.43560737968725E-01
DistFromNuc =  6.9487348536E-01
Rho =  7.7164259879E-01
DelSqRho = -2.4691320773E+00
GradDelSqRho = -1.5321077740E-14 -7.1054273576E-15  1.0658141036E-14
HessDelSqRho_EigVals = -1.2615831537E+01  1.3037052520E+01  1.8070660741E+02
HessDelSqRho_EigVec1 =  6.1067437404E-01  2.6185038721E-01  7.4733605801E-01
HessDelSqRho_EigVec2 = -7.0794692999E-01  6.0337822060E-01  3.6707746761E-01
HessDelSqRho_EigVec3 =  3.5480692384E-01  7.5323907070E-01 -5.5384379491E-01
</CP of DelSqRho>
<CP of DelSqRho>
CP# = 18      
Type = (3,+3)
Coords =  3.23288537167932E+00 -1.68646214231386E-01 -1.85824976606073E-02
DistFromNuc =  6.3880202536E-01
Rho =  9.5966655628E-01
DelSqRho = -4.4446538208E+00
GradDelSqRho = -1.1013412404E-13 -1.0258460748E-13  4.9382720135E-13
HessDelSqRho_EigVals =  1.0502952508E+01  2.3370443562E+01  3.3421162744E+02
HessDelSqRho_EigVec1 =  9.6210231944E-01 -1.3045611203E-01  2.3945840924E-01
HessDelSqRho_EigVec2 = -7.2858107881E-02 -9.6919259823E-01 -2.3528154126E-01
HessDelSqRho_EigVec3 = -2.6277523293E-01 -2.0891842995E-01  9.4196723223E-01
</CP of DelSqRho>
<CP of DelSqRho>
CP# = 19      
Type = (3,+3)
Coords =  3.07554716841965E+00  1.11974186455800E-01 -1.13558115675321E+00
DistFromNuc =  6.3728170332E-01
Rho =  9.6503378750E-01
DelSqRho = -4.5027341763E+00
GradDelSqRho = -3.9079850467E-14  1.5543122345E-14 -5.1514348343E-14
HessDelSqRho_EigVals =  1.0990755822E+01  2.4189859801E+01  3.4149878096E+02
HessDelSqRho_EigVec1 =  8.5505472534E-01  6.2379777135E-02 -5.1477196901E-01
HessDelSqRho_EigVec2 = -6.9566355841E-02 -9.6996326076E-01 -2.3309181647E-01
HessDelSqRho_EigVec3 =  5.1385011318E-01 -2.3511706908E-01  8.2503213575E-01
</CP of DelSqRho>
<CP of DelSqRho>
CP# = 20      
Type = (3,+1)
Coords =  3.74470167969071E+00 -6.03140925711881E-01 -3.85086608728274E-01
DistFromNuc =  6.9529391419E-01
Rho =  7.7003372685E-01
DelSqRho = -2.4461203889E+00
GradDelSqRho = -1.4432899320E-15  1.7763568394E-14  8.8817841970E-16
HessDelSqRho_EigVals = -1.2692955731E+01  1.2668446662E+01  1.7970887126E+02
HessDelSqRho_EigVec1 = -3.4164630268E-01  2.9356305951E-01  8.9280374885E-01
HessDelSqRho_EigVec2 =  8.2638867891E-01  5.4627790552E-01  1.3660966768E-01
HessDelSqRho_EigVec3 = -4.4761540996E-01  7.8447509841E-01 -4.2923101558E-01
</CP of DelSqRho>
<CP of DelSqRho>
CP# = 21      
Type = (3,+3)
Coords =  3.89038132394372E+00  5.10936253461858E-01 -5.49901796737558E-01
DistFromNuc =  7.2885979171E-01
Rho =  7.3864030673E-01
DelSqRho = -2.9168449029E+00
GradDelSqRho =  5.3290705182E-14  7.0388139761E-14 -2.1871393585E-14
HessDelSqRho_EigVals =  1.0778213816E+01  2.1921676285E+01  1.3350990051E+02
HessDelSqRho_EigVec1 =  1.4003130419E-01 -2.3724685945E-01  9.6130388615E-01
HessDelSqRho_EigVec2 =  7.5116094420E-01 -6.0708208033E-01 -2.5924618349E-01
HessDelSqRho_EigVec3 =  6.4509570589E-01  7.5839651596E-01  9.3200079497E-02
</CP of DelSqRho>
<CP of DelSqRho>
CP# = 22      
Type = (3,+3)
Coords =  3.80709787674610E+00 -6.14252494847674E-01 -8.25982110010066E-01
DistFromNuc =  7.2895821230E-01
Rho =  7.3881238328E-01
DelSqRho = -2.9192168392E+00
GradDelSqRho =  1.7763568394E-15 -1.4432899320E-14 -1.7097434579E-14
HessDelSqRho_EigVals =  1.0820507725E+01  2.1932810791E+01  1.3346433632E+02
HessDelSqRho_EigVec1 =  1.4372491044E-01 -2.5337228812E-01  9.5663244443E-01
HessDelSqRho_EigVec2 =  8.3599557341E-01  5.4838446058E-01  1.9643946571E-02
HessDelSqRho_EigVec3 = -5.2957959870E-01  7.9691716446E-01  2.9063461877E-01
</CP of DelSqRho>
<CP of DelSqRho>
CP# = 23      
Type = (3,+1)
Coords =  2.27084343326089E+00  1.46974507812565E-01 -1.03818713506477E+00
DistFromNuc =  1.2324648229E+00
Rho =  2.4248372647E-01
DelSqRho =  5.3004108607E-01
GradDelSqRho = -4.0523140399E-15  2.1510571102E-16  7.3552275381E-16
HessDelSqRho_EigVals = -1.2435947078E+01  1.9100503934E-01  4.5396594148E-01
HessDelSqRho_EigVec1 =  9.1979904749E-01 -1.5376539380E-01  3.6100680866E-01
HessDelSqRho_EigVec2 = -3.8399110206E-01 -1.6339481106E-01  9.0876452905E-01
HessDelSqRho_EigVec3 =  8.0749896387E-02  9.7450415052E-01  2.0933493461E-01
</CP of DelSqRho>
<CP of DelSqRho>
CP# = 24      
Type = (3,-1)
Coords =  3.48470194009066E+00  8.63300064541688E-01 -1.38931088096747E+00
DistFromNuc =  1.1883576413E+00
Rho =  2.4449648087E-01
DelSqRho =  7.2871595416E-01
GradDelSqRho = -2.4803770149E-13 -3.4754976674E-12  3.6071701182E-12
HessDelSqRho_EigVals = -1.7349876610E+01 -1.2968269193E+00  2.7988167054E-01
HessDelSqRho_EigVec1 =  3.8025000411E-02  7.5462791482E-01 -6.5505023435E-01
HessDelSqRho_EigVec2 =  7.9851465032E-01  3.7116013445E-01  4.7393513039E-01
HessDelSqRho_EigVec3 =  6.0077321226E-01 -5.4108859235E-01 -5.8846808125E-01
</CP of DelSqRho>
<CP of DelSqRho>
CP# = 25      
Type = (3,-3)
Coords =  4.51719599949491E+00 -2.01147224307214E-01 -2.78433739348654E-01
DistFromNuc =  1.1652298023E+00
Rho =  2.4885952612E-01
DelSqRho =  8.4742572680E-01
GradDelSqRho = -4.0523140399E-14  7.9380946261E-15 -2.1316282073E-14
HessDelSqRho_EigVals = -1.7495588520E+01 -2.6267148510E+00 -2.4688692189E-01
HessDelSqRho_EigVec1 =  9.4592289845E-01 -1.4138809021E-01  2.9195766497E-01
HessDelSqRho_EigVec2 =  7.1414490293E-02  9.6869996795E-01  2.3774007376E-01
HessDelSqRho_EigVec3 = -3.1643299570E-01 -2.0403377182E-01  9.2641263981E-01
</CP of DelSqRho>
<CP of DelSqRho>
CP# = 26      
Type = (3,+1)
Coords =  2.45181168187782E+00 -1.39817316346394E-01  1.50905671993539E-01
DistFromNuc =  1.2354336812E+00
Rho =  2.4274199208E-01
DelSqRho =  5.2597462781E-01
GradDelSqRho =  2.5535129566E-15  4.3368086899E-16 -1.7763568394E-15
HessDelSqRho_EigVals = -1.2027048236E+01  2.1559721968E-01  4.2203583912E-01
HessDelSqRho_EigVec1 =  7.6401269815E-01  8.5189125814E-02 -6.3955250754E-01
HessDelSqRho_EigVec2 =  6.3247066199E-01 -2.9482415247E-01  7.1628177475E-01
HessDelSqRho_EigVec3 =  1.2753610777E-01  9.5174656919E-01  2.7912901901E-01
</CP of DelSqRho>
<CP of DelSqRho>
CP# = 27      
Type = (3,-3)
Coords =  4.37924487451273E+00  4.98160050628444E-02 -1.26598396204068E+00
DistFromNuc =  1.1662398065E+00
Rho =  2.4924702563E-01
DelSqRho =  8.4362320548E-01
GradDelSqRho = -1.4327428133E-13 -1.3128387266E-14  1.0452749777E-13
HessDelSqRho_EigVals = -1.7351734679E+01 -2.7130279906E+00 -2.2088980059E-01
HessDelSqRho_EigVec1 =  8.2675109586E-01  7.5055959026E-02 -5.5753854442E-01
HessDelSqRho_EigVec2 =  7.0908445348E-02  9.6925296401E-01  2.3562827533E-01
HessDelSqRho_EigVec3 =  5.5808119291E-01 -2.3434012625E-01  7.9600884879E-01
</CP of DelSqRho>
<CP of DelSqRho>
CP# = 28      
Type = (3,-1)
Coords =  2.18041157657639E+00  5.09877513207175E-02 -4.18017931828925E-01
DistFromNuc =  1.2528961570E+00
Rho =  2.3765514628E-01
DelSqRho =  5.4738869627E-01
GradDelSqRho =  4.9974607785E-13 -5.4060922405E-14 -8.8864679504E-14
HessDelSqRho_EigVals = -8.1874295358E+00 -2.4908264056E-01  2.3192953757E-01
HessDelSqRho_EigVec1 =  9.8323768394E-01 -9.9461543079E-02 -1.5281053085E-01
HessDelSqRho_EigVec2 =  1.2966271372E-01 -2.0778837248E-01  9.6954193975E-01
HessDelSqRho_EigVec3 =  1.2818438891E-01  9.7310399943E-01  1.9140890452E-01
</CP of DelSqRho>
<CP of DelSqRho>
CP# = 29      
Type = (3,-1)
Coords =  3.70358680993477E+00  4.48494022510561E-01  4.28823235971004E-01
DistFromNuc =  1.1884857310E+00
Rho =  2.4456867802E-01
DelSqRho =  7.1971430244E-01
GradDelSqRho = -1.5265566589E-16  1.0963452368E-15  2.6367796835E-15
HessDelSqRho_EigVals = -1.7103330862E+01 -1.2887250402E+00  2.9080113483E-01
HessDelSqRho_EigVec1 =  2.2294095680E-01  4.0486442958E-01  8.8678189170E-01
HessDelSqRho_EigVec2 =  6.8691948438E-01  5.8021705515E-01 -4.3759546490E-01
HessDelSqRho_EigVec3 =  6.9169281604E-01 -7.0670571144E-01  1.4875511978E-01
</CP of DelSqRho>
<CP of DelSqRho>
CP# = 30      
Type = (3,-3)
Coords =  3.09928719813938E+00  1.02841411780879E+00 -3.47879094791271E-01
DistFromNuc =  1.1429996465E+00
Rho =  2.4672317723E-01
DelSqRho =  8.3364174948E-01
GradDelSqRho = -6.4503957731E-14  2.3253621251E-13  1.0838552278E-14
HessDelSqRho_EigVals = -1.7501076825E+01 -1.7401173879E+00 -4.7137734165E-01
HessDelSqRho_EigVec1 = -3.1213761528E-01  9.1902502117E-01  2.4075531064E-01
HessDelSqRho_EigVec2 =  9.4457625036E-01  3.2734473596E-01 -2.4922501780E-02
HessDelSqRho_EigVec3 =  1.0171438632E-01 -2.1963249830E-01  9.7026581374E-01
</CP of DelSqRho>
<CP of DelSqRho>
CP# = 31      
Type = (3,-1)
Coords =  3.59451353459186E+00 -9.83798513313797E-01  7.88384360538928E-02
DistFromNuc =  1.1886546975E+00
Rho =  2.4455396388E-01
DelSqRho =  7.1753326620E-01
GradDelSqRho = -1.1342315975E-13  7.3027695002E-13 -6.0515481515E-13
HessDelSqRho_EigVals = -1.7044585978E+01 -1.2865546415E+00  3.0207249199E-01
HessDelSqRho_EigVec1 = -1.3199133384E-01  7.9417744514E-01 -5.9317828132E-01
HessDelSqRho_EigVec2 = -6.1412300443E-01  4.0421579349E-01  6.7783665268E-01
HessDelSqRho_EigVec3 =  7.7809461071E-01  4.5375299220E-01  4.3436965692E-01
</CP of DelSqRho>
<CP of DelSqRho>
CP# = 32      
Type = (3,-3)
Coords =  2.94447253246493E+00 -1.05250727423076E+00 -8.50078745707274E-01
DistFromNuc =  1.1430842858E+00
Rho =  2.4712314576E-01
DelSqRho =  8.3446057184E-01
GradDelSqRho =  6.4670491184E-14  1.1712852910E-13  9.1038288019E-15
HessDelSqRho_EigVals = -1.7499381469E+01 -1.7301081633E+00 -4.8598805567E-01
HessDelSqRho_EigVec1 =  4.4466409458E-01  8.7497918225E-01  1.9153400123E-01
HessDelSqRho_EigVec2 =  8.9048115389E-01 -4.0880458778E-01 -1.9980521406E-01
HessDelSqRho_EigVec3 =  9.6525424388E-02 -2.5940362303E-01  9.6093319373E-01
</CP of DelSqRho>
<CP of DelSqRho>
CP# = 33      
Type = (3,-1)
Coords =  3.38381892164177E+00 -4.88161025738103E-01 -1.71600904083539E+00
DistFromNuc =  1.1886741213E+00
Rho =  2.4476484879E-01
DelSqRho =  7.2746056268E-01
GradDelSqRho =  1.9033385978E-14  5.2041704279E-14  1.1915468612E-13
HessDelSqRho_EigVals = -1.7333350011E+01 -1.3035629307E+00  2.8399029068E-01
HessDelSqRho_EigVec1 =  4.5885305168E-02  3.7147367477E-01  9.2730892788E-01
HessDelSqRho_EigVec2 = -7.2444187170E-01  6.5152961602E-01 -2.2515135792E-01
HessDelSqRho_EigVec3 =  6.8780703202E-01  6.6145027659E-01 -2.9900671950E-01
</CP of DelSqRho>
<CP of DelSqRho>
CP# = 34      
Type = (3,-1)
Coords =  4.56272684038336E+00 -7.12971842919139E-02 -8.23540000149933E-01
DistFromNuc =  1.1673837108E+00
Rho =  2.5369188235E-01
DelSqRho =  8.3477324190E-01
GradDelSqRho = -3.1641356202E-15  2.3939183968E-16 -2.7755575616E-17
HessDelSqRho_EigVals = -1.6215888677E+01 -4.4425831791E+00  1.6856505272E-01
HessDelSqRho_EigVec1 =  9.8386736119E-01 -2.9229494779E-02 -1.7649547363E-01
HessDelSqRho_EigVec2 =  7.1153850583E-02  9.6910798402E-01  2.3615004734E-01
HessDelSqRho_EigVec3 =  1.6414062606E-01 -2.4489865648E-01  9.5555350605E-01
</CP of DelSqRho>
<CP of DelSqRho>
CP# = 35      
Type = (3,+1)
Coords =  4.64461577751682E+00 -1.58746339875471E+00 -2.90342603770113E-01
DistFromNuc =  2.0060855934E+00
Rho =  7.4434005063E-02
DelSqRho =  1.8006068180E-01
GradDelSqRho = -2.5431046158E-15  1.5404344467E-15 -7.5113526510E-16
HessDelSqRho_EigVals = -1.6776664838E+00  1.8526524976E-02  5.6457393748E-01
HessDelSqRho_EigVec1 =  5.4816940932E-01 -5.9204927931E-01  5.9075202036E-01
HessDelSqRho_EigVec2 =  7.9573108900E-01  5.8667655029E-01 -1.5040830871E-01
HessDelSqRho_EigVec3 = -2.5753122661E-01  5.5252898223E-01  7.9271015581E-01
</CP of DelSqRho>
<Path of -GradDelSqRho>
Starting CP# =      3
Ending CP# =     22
Number of Points =     17
  4.0483295854E+00 -9.3996031991E-01 -9.4159619914E-01  4.1408847946E-01 -9.5315461489E-01
  4.0344615817E+00 -9.2039990518E-01 -9.3452027913E-01  4.2545851667E-01 -9.6302990406E-01
  4.0205978049E+00 -9.0083504893E-01 -9.2744835659E-01  4.3788567669E-01 -9.9288059612E-01
  4.0067377863E+00 -8.8126611661E-01 -9.2038034631E-01  4.5138240752E-01 -1.0430811521E+00
  3.9928807190E+00 -8.6169371382E-01 -9.1331615967E-01  4.6595472026E-01 -1.1139673587E+00
  3.9790254220E+00 -8.4211870246E-01 -9.0625572955E-01  4.8160145942E-01 -1.2056991116E+00
  3.9651702914E+00 -8.2254222506E-01 -8.9919903862E-01  4.9831361544E-01 -1.3180939822E+00
  3.9513132243E+00 -8.0296574733E-01 -8.9214615200E-01  5.1607378591E-01 -1.4504366011E+00
  3.9374514954E+00 -7.8339113201E-01 -8.8509725837E-01  5.3485591095E-01 -1.6012710691E+00
  3.9235815523E+00 -7.6382076530E-01 -8.7805272778E-01  5.5462542489E-01 -1.7681857476E+00
  3.9096986700E+00 -7.4425777398E-01 -8.7101320224E-01  5.7533997832E-01 -1.9476012086E+00
  3.8957963399E+00 -7.2470641231E-01 -8.6397975307E-01  5.9695089155E-01 -2.1345717531E+00
  3.8818651110E+00 -7.0517279850E-01 -8.5695418233E-01  6.1940549862E-01 -2.3226068315E+00
  3.8678901524E+00 -6.8566647107E-01 -8.4993967079E-01  6.4265052551E-01 -2.5035072852E+00
  3.8538452831E+00 -6.6620422675E-01 -8.4294240594E-01  6.6663657793E-01 -2.6671861310E+00
  3.8396744332E+00 -6.4682218488E-01 -8.3597679566E-01  6.9132342209E-01 -2.8013942800E+00
  3.8070978767E+00 -6.1425249485E-01 -8.2598211001E-01  7.3881238328E-01 -2.9192168392E+00
</Path of -GradDelSqRho>
<Path of -GradDelSqRho>
Starting CP# =      3
Ending CP# =      0
Number of Points =     30
  4.0483295854E+00 -9.3996031991E-01 -9.4159619914E-01  4.1408847946E-01 -9.5315461489E-01
  4.0622018317E+00 -9.5951630831E-01 -9.4867603632E-01  4.0375736615E-01 -9.6294623161E-01
  4.0760783701E+00 -9.7906777638E-01 -9.5575994600E-01  3.9444180789E-01 -9.9223154924E-01
  4.0899588769E+00 -9.9861496587E-01 -9.6284788703E-01  3.8611369452E-01 -1.0410029048E+00
  4.1038428586E+00 -1.0181582638E+00 -9.6993975245E-01  3.7874043907E-01 -1.1094021635E+00
  4.1177297179E+00 -1.0376981563E+00 -9.7703536646E-01  3.7228508673E-01 -1.1976449230E+00
  4.1316188332E+00 -1.0572351715E+00 -9.8413448686E-01  3.6670631957E-01 -1.3058626534E+00
  4.1455096473E+00 -1.0767698144E+00 -9.9123681108E-01  3.6195846439E-01 -1.4338325778E+00
  4.1594017681E+00 -1.0963024920E+00 -9.9834198401E-01  3.5799169450E-01 -1.5805667749E+00
  4.1732950861E+00 -1.1158334274E+00 -1.0054496053E+00  3.5475273027E-01 -1.7437600242E+00
  4.1871899197E+00 -1.1353625541E+00 -1.0125592332E+00  3.5218647885E-01 -1.9191745220E+00
  4.2010872116E+00 -1.1548893774E+00 -1.0196703827E+00  3.5023917075E-01 -2.1001916295E+00
  4.2149887933E+00 -1.1744127869E+00 -1.0267825203E+00  3.4886356488E-01 -2.2779857859E+00
  4.2288976092E+00 -1.1939308877E+00 -1.0338950847E+00  3.4802656687E-01 -2.4430159618E+00
  4.2428170070E+00 -1.2134414309E+00 -1.0410076828E+00  3.4771897305E-01 -2.5886414174E+00
  4.2567454500E+00 -1.2329452890E+00 -1.0481209095E+00  3.4796590577E-01 -2.7174317131E+00
  4.2706642493E+00 -1.2524547595E+00 -1.0552376158E+00  3.4883492596E-01 -2.8499513661E+00
  4.2845461322E+00 -1.2719882011E+00 -1.0623606594E+00  3.5043717082E-01 -3.0344324798E+00
  4.2983889091E+00 -1.2915474573E+00 -1.0694889763E+00  3.5291569041E-01 -3.3540989537E+00
  4.3122067719E+00 -1.3111233067E+00 -1.0766200872E+00  3.5641558283E-01 -3.9275729419E+00
  4.3260108286E+00 -1.3307084317E+00 -1.0837524702E+00  3.6103345471E-01 -4.8974590187E+00
  4.3398070205E+00 -1.3502988933E+00 -1.0908854148E+00  3.6674909221E-01 -6.4033835154E+00
  4.3535983675E+00 -1.3698926806E+00 -1.0980185941E+00  3.7334990788E-01 -8.5389707109E+00
  4.3673864520E+00 -1.3894887369E+00 -1.1051518473E+00  3.8036732338E-01 -1.1298160178E+01
  4.3811721370E+00 -1.4090864864E+00 -1.1122850865E+00  3.8705084699E-01 -1.4525055778E+01
  4.3949559016E+00 -1.4286856132E+00 -1.1194182530E+00  3.9240579083E-01 -1.7890509360E+01
  4.4087379958E+00 -1.4482859618E+00 -1.1265512899E+00  3.9530959256E-01 -2.0920796868E+01
  4.4225184882E+00 -1.4678875178E+00 -1.1336841035E+00  3.9469799497E-01 -2.3090609510E+01
  4.4362970396E+00 -1.4874906471E+00 -1.1408163431E+00  3.8978181201E-01 -2.3963172431E+01
  4.4369857607E+00 -1.4884710003E+00 -1.1411728131E+00  3.8941480272E-01 -2.3967737396E+01
</Path of -GradDelSqRho>
<Path of -GradDelSqRho>
Starting CP# =      4
Ending CP# =      0
Number of Points =     30
  4.1783314165E+00  8.1747397299E-01 -5.1401684060E-01  4.1346741243E-01 -9.4826759393E-01
  4.1950064714E+00  8.3597166499E-01 -5.1183099188E-01  4.0315410171E-01 -9.5800971855E-01
  4.2116848710E+00  8.5446676245E-01 -5.0964871019E-01  3.9385564975E-01 -9.8714366523E-01
  4.2283663150E+00  8.7295951987E-01 -5.0746986996E-01  3.8554392320E-01 -1.0356597950E+00
  4.2450503617E+00  8.9145030865E-01 -5.0529425163E-01  3.7818636611E-01 -1.1037019045E+00
  4.2617364882E+00  9.0993956514E-01 -5.0312156297E-01  3.7174610758E-01 -1.1914931041E+00
  4.2784241608E+00  9.2842773074E-01 -5.0095146689E-01  3.6618196183E-01 -1.2991808021E+00
  4.2951129141E+00  9.4691518399E-01 -4.9878361439E-01  3.6144842642E-01 -1.4265707912E+00
  4.3118024412E+00  9.6540216378E-01 -4.9661768181E-01  3.5749586570E-01 -1.5727215214E+00
  4.3284926984E+00  9.8388867924E-01 -4.9445341260E-01  3.5427117994E-01 -1.7353963440E+00
  4.3451840370E+00  1.0023743965E+00 -4.9229066581E-01  3.5171939543E-01 -1.9104478232E+00
  4.3618773821E+00  1.0208584840E+00 -4.9012947693E-01  3.4978672996E-01 -2.0913573289E+00
  4.3785744759E+00  1.0393394014E+00 -4.8797013851E-01  3.4842570764E-01 -2.2693759196E+00
  4.3952780903E+00  1.0578147156E+00 -4.8581328331E-01  3.4760268143E-01 -2.4349540014E+00
  4.4119914146E+00  1.0762816367E+00 -4.8365977603E-01  3.4730750707E-01 -2.5812666269E+00
  4.4287133131E+00  1.0947411735E+00 -4.8150951794E-01  3.4756398319E-01 -2.7104209947E+00
  4.4454268394E+00  1.1132081669E+00 -4.7935821332E-01  3.4843810653E-01 -2.8421653024E+00
  4.4621060488E+00  1.1317051885E+00 -4.7719860523E-01  3.5003955345E-01 -3.0235695470E+00
  4.4787480219E+00  1.1502345808E+00 -4.7502922594E-01  3.5251058388E-01 -3.3365011214E+00
  4.4953660706E+00  1.1687846660E+00 -4.7285327824E-01  3.5599690224E-01 -3.8983618042E+00
  4.5119708768E+00  1.1873461634E+00 -4.7067355052E-01  3.6059786853E-01 -4.8511724595E+00
  4.5285681782E+00  1.2059141102E+00 -4.6849159445E-01  3.6629871348E-01 -6.3352119463E+00
  4.5451608877E+00  1.2244859935E+00 -4.6630821651E-01  3.7289501531E-01 -8.4465378260E+00
  4.5617505292E+00  1.2430605006E+00 -4.6412384516E-01  3.7992829557E-01 -1.1183531375E+01
  4.5783379335E+00  1.2616369163E+00 -4.6193871426E-01  3.8665832365E-01 -1.4396311110E+01
  4.5949235644E+00  1.2802148408E+00 -4.5975294881E-01  3.9209821459E-01 -1.7761949904E+01
  4.6115076717E+00  1.2987940567E+00 -4.5756660032E-01  3.9512788001E-01 -2.0810973364E+01
  4.6280903475E+00  1.3173744785E+00 -4.5537964133E-01  3.9467809588E-01 -2.3018111741E+01
  4.6446713953E+00  1.3359562477E+00 -4.5319178744E-01  3.8994699131E-01 -2.3941320954E+01
  4.6463293018E+00  1.3378145813E+00 -4.5297283013E-01  3.8922037655E-01 -2.3952061288E+01
</Path of -GradDelSqRho>
<Path of -GradDelSqRho>
Starting CP# =      4
Ending CP# =     21
Number of Points =     17
  4.1783314165E+00  8.1747397299E-01 -5.1401684060E-01  4.1346741243E-01 -9.4826759393E-01
  4.1616596990E+00  7.9897368245E-01 -5.1620615173E-01  4.2481902786E-01 -9.5809553999E-01
  4.1449913185E+00  7.8047079843E-01 -5.1839895181E-01  4.3722727586E-01 -9.8780986324E-01
  4.1283258934E+00  7.6196564062E-01 -5.2059502530E-01  4.5070478258E-01 -1.0377956256E+00
  4.1116627457E+00  7.4345878103E-01 -5.2279403730E-01  4.6525778240E-01 -1.1084022201E+00
  4.0950008675E+00  7.2495107372E-01 -5.2499553367E-01  4.8088538267E-01 -1.1998064587E+00
  4.0783388774E+00  7.0644369425E-01 -5.2719893798E-01  4.9757886909E-01 -1.3118464590E+00
  4.0616749523E+00  6.8793819975E-01 -5.2940354060E-01  5.1532115773E-01 -1.4438312964E+00
  4.0450067193E+00  6.6943662503E-01 -5.3160847454E-01  5.3408651886E-01 -1.5943335734E+00
  4.0283310768E+00  6.5094164034E-01 -5.3381267006E-01  5.5384071443E-01 -1.7609742135E+00
  4.0116438950E+00  6.3245681756E-01 -5.3601477374E-01  5.7454170303E-01 -1.9402102438E+00
  3.9949394861E+00  6.1398710056E-01 -5.3821300295E-01  5.9614107319E-01 -2.1271360161E+00
  3.9782096051E+00  5.9553969817E-01 -5.4040486980E-01  6.1858636409E-01 -2.3153043507E+00
  3.9614413560E+00  5.7712596632E-01 -5.4258660311E-01  6.4182441747E-01 -2.4965628846E+00
  3.9446120958E+00  5.5876603068E-01 -5.4475174197E-01  6.6580583859E-01 -2.6608760884E+00
  3.9276737638E+00  5.4050320249E-01 -5.4688680064E-01  6.9049027000E-01 -2.7960546939E+00
  3.8903813239E+00  5.1093625346E-01 -5.4990179674E-01  7.3864030673E-01 -2.9168449029E+00
</Path of -GradDelSqRho>
<Path of -GradDelSqRho>
Starting CP# =      5
Ending CP# =     18
Number of Points =     39
  3.5004225186E+00 -7.6700564743E-02 -4.7743088727E-01  2.2511749806E+01  1.2327657757E+03
  3.5130532852E+00 -8.2613005188E-02 -4.5668223636E-01  1.5605818818E+01  1.1511039380E+03
  3.5256583780E+00 -8.8527230353E-02 -4.3591848023E-01  1.0923030611E+01  9.8142088440E+02
  3.5382571209E+00 -9.4441889475E-02 -4.1515099423E-01  7.7573863182E+00  7.7331309112E+02
  3.5508405972E+00 -1.0035759742E-01 -3.9437455402E-01  5.6254092929E+00  5.7272125968E+02
  3.5633936258E+00 -1.0627539166E-01 -3.7358029960E-01  4.1904279133E+00  4.0852960121E+02
  3.5758996663E+00 -1.1219637970E-01 -3.5275866400E-01  3.2219978527E+00  2.8588667456E+02
  3.5883420743E+00 -1.1812164018E-01 -3.3190015975E-01  2.5653782486E+00  1.9763997187E+02
  3.6007053937E+00 -1.2405212570E-01 -3.1099616858E-01  2.1172944241E+00  1.3459455457E+02
  3.6129746000E+00 -1.2998870556E-01 -2.9003853404E-01  1.8084756386E+00  8.9561197090E+01
  3.6251313539E+00 -1.3593239210E-01 -2.6901749122E-01  1.5921384402E+00  5.7652091917E+01
  3.6371485839E+00 -1.4188463386E-01 -2.4791881090E-01  1.4366617701E+00  3.5490415927E+01
  3.6489840830E+00 -1.4784759101E-01 -2.2672071268E-01  1.3208452670E+00  2.0544798364E+01
  3.6605715947E+00 -1.5382440667E-01 -2.0539002654E-01  1.2306927615E+00  1.0809842204E+01
  3.6718056657E+00 -1.5981949042E-01 -1.8387640892E-01  1.1571444783E+00  4.7004041037E+00
  3.6825126478E+00 -1.6583867883E-01 -1.6210287025E-01  1.0944664705E+00  1.0123457178E+00
  3.6923885902E+00 -1.7188853365E-01 -1.3994987029E-01  1.0391433256E+00 -1.1214920600E+00
  3.7008431342E+00 -1.7797105494E-01 -1.1723009658E-01  9.8920901589E-01 -2.2929191766E+00
  3.7065090509E+00 -1.8404976426E-01 -9.3681527221E-02  9.4418607523E-01 -2.8879943045E+00
  3.7054285620E+00 -1.8977566933E-01 -6.9561530454E-02  9.0730123953E-01 -3.1572714633E+00
  3.6908861609E+00 -1.9339737902E-01 -5.0142360815E-02  8.9144255726E-01 -3.2883052900E+00
  3.6687581838E+00 -1.9455880567E-01 -3.8706145650E-02  8.9388589625E-01 -3.3952541087E+00
  3.6451690901E+00 -1.9486103071E-01 -3.0450454692E-02  9.0093011723E-01 -3.4986433736E+00
  3.6211663524E+00 -1.9483892256E-01 -2.3466129159E-02  9.0857255885E-01 -3.5991015476E+00
  3.5969300950E+00 -1.9460334949E-01 -1.7343347511E-02  9.1596720569E-01 -3.6961019514E+00
  3.5725114271E+00 -1.9417537197E-01 -1.2005730911E-02  9.2291932459E-01 -3.7890668290E+00
  3.5479401305E+00 -1.9355834042E-01 -7.4432653030E-03  9.2936535695E-01 -3.8774380322E+00
  3.5232426169E+00 -1.9275226922E-01 -3.6579543258E-03  9.3526924238E-01 -3.9606912280E+00
  3.4984448672E+00 -1.9175645872E-01 -6.5373263237E-04  9.4060355357E-01 -4.0383445969E+00
  3.4735729282E+00 -1.9056991892E-01  1.5652530937E-03  9.4534657544E-01 -4.1099661590E+00
  3.4486530475E+00 -1.8919142291E-01  2.9949613881E-03  9.4948200708E-01 -4.1751801323E+00
  3.4237117540E+00 -1.8761950107E-01  3.6315721494E-03  9.5299898608E-01 -4.2336722658E+00
  3.3987759237E+00 -1.8585242077E-01  3.4715788135E-03  9.5589209378E-01 -4.2851940493E+00
  3.3738728347E+00 -1.8388815660E-01  2.5118770023E-03  9.5816130209E-01 -4.3295657315E+00
  3.3490302153E+00 -1.8172435201E-01  7.4985074992E-04  9.5981186137E-01 -4.3666781094E+00
  3.3242762849E+00 -1.7935827478E-01 -1.8165440976E-03  9.6085413262E-01 -4.3964930881E+00
  3.2996397896E+00 -1.7678677505E-01 -5.1887003417E-03  9.6130336753E-01 -4.4190430444E+00
  3.2751500313E+00 -1.7400627153E-01 -9.3672883193E-03  9.6117944011E-01 -4.4344290562E+00
  3.2328853717E+00 -1.6864621423E-01 -1.8582497661E-02  9.5966655628E-01 -4.4446538208E+00
</Path of -GradDelSqRho>
<Path of -GradDelSqRho>
Starting CP# =      5
Ending CP# =      1
Number of Points =      7
  3.5004225186E+00 -7.6700564743E-02 -4.7743088727E-01  2.2511749806E+01  1.2327657757E+03
  3.4877337446E+00 -7.0792201614E-02 -4.9814527342E-01  3.2730119990E+01  9.8284886979E+02
  3.4749954393E+00 -6.4887359222E-02 -5.1883025067E-01  4.7954775700E+01 -7.8602801396E+02
  3.4622352649E+00 -5.8984083435E-02 -5.3950219458E-01  7.0568582729E+01 -6.3620158463E+03
  3.4494593693E+00 -5.3081939658E-02 -5.6016474808E-01  1.0412856875E+02 -2.0536708667E+04
  3.4366573090E+00 -4.7181689257E-02 -5.8081164272E-01  1.5447680949E+02 -7.4987552850E+04
  3.4143210180E+00 -3.6909732550E-02 -6.1674203047E-01  2.9733368487E+02 -3.3297156607E+06
</Path of -GradDelSqRho>
<Path of -GradDelSqRho>
Starting CP# =      7
Ending CP# =      1
Number of Points =      7
  3.4564905031E+00 -1.4933015075E-03 -7.7596094872E-01  2.2524706117E+01  1.2343643563E+03
  3.4503285689E+00 -6.7610735897E-03 -7.5231183337E-01  3.2751775080E+01  9.8347802962E+02
  3.4441097255E+00 -1.2021554970E-02 -7.2867598798E-01  4.7990570641E+01 -7.9096483592E+02
  3.4378657607E+00 -1.7278806994E-02 -7.0504604540E-01  7.0626083427E+01 -6.3779979539E+03
  3.4316036455E+00 -2.2533720723E-02 -6.8142038740E-01  1.0422071336E+02 -2.0596084721E+04
  3.4253113795E+00 -2.7784742250E-02 -6.5780187510E-01  1.5462042003E+02 -7.5188766972E+04
  3.4143210180E+00 -3.6909732550E-02 -6.1674203047E-01  2.9733368487E+02 -3.3297156607E+06
</Path of -GradDelSqRho>
<Path of -GradDelSqRho>
Starting CP# =      7
Ending CP# =     19
Number of Points =     39
  3.4564905031E+00 -1.4933015075E-03 -7.7596094872E-01  2.2524706117E+01  1.2343643563E+03
  3.4625856675E+00  3.7829828088E-03 -7.9962546883E-01  1.5613590640E+01  1.1524894212E+03
  3.4686511352E+00  9.0630356570E-03 -8.2329678343E-01  1.0927743625E+01  9.8255804626E+02
  3.4747092715E+00  1.4344012827E-02 -8.4696976924E-01  7.7603673532E+00  7.7421899106E+02
  3.4807499099E+00  1.9627198535E-02 -8.7064673224E-01  5.6275097358E+00  5.7338989969E+02
  3.4867556487E+00  2.4914781940E-02 -8.9433158792E-01  4.1921817928E+00  4.0898337720E+02
  3.4927075562E+00  3.0209121389E-02 -9.1802851620E-01  3.2237213227E+00  2.8617004034E+02
  3.4985866373E+00  3.5512546583E-02 -9.4174158205E-01  2.5672429594E+00  1.9779826252E+02
  3.5043753277E+00  4.0827162179E-02 -9.6547436664E-01  2.1193799196E+00  1.3466411259E+02
  3.5100566382E+00  4.6154947697E-02 -9.8923012838E-01  1.8108043851E+00  8.9568983488E+01
  3.5156098983E+00  5.1498265583E-02 -1.0130126537E+00  1.5946986074E+00  5.7618188118E+01
  3.5210046425E+00  5.6860557262E-02 -1.0368273503E+00  1.4394222493E+00  3.5430088397E+01
  3.5261934728E+00  6.2247087213E-02 -1.0606822539E+00  1.3237658241E+00  2.0469587374E+01
  3.5311022457E+00  6.7665857942E-02 -1.0845889782E+00  1.2337309682E+00  1.0728128756E+01
  3.5356135738E+00  7.3128976619E-02 -1.1085636039E+00  1.1602604456E+00  4.6178813017E+00
  3.5395355920E+00  7.8654867216E-02 -1.1326268065E+00  1.0976263551E+00  9.3254348655E-01
  3.5425360021E+00  8.4271893348E-02 -1.1567997715E+00  1.0423232485E+00 -1.1966655848E+00
  3.5439795468E+00  9.0023641798E-02 -1.1810789980E+00  9.9240436637E-01 -2.3627174566E+00
  3.5424353489E+00  9.5966210121E-02 -1.2052821976E+00  9.4745124770E-01 -2.9525977015E+00
  3.5340614096E+00  1.0198866199E-01 -1.2278350982E+00  9.1097535698E-01 -3.2182665069E+00
  3.5141994982E+00  1.0666488651E-01 -1.2414718591E+00  8.9607623104E-01 -3.3493829187E+00
