 AIMInt (Version 19.02.13, Professional)
 Portions Copyright (c) 1997-2019 by Todd A. Keith
 AIMInt is a component of the AIMAll package ( http://aim.tkgristmill.com )

 TP:  64-bit Linux

 Licensed To:  Research Group of Fernando Cortes Guzman, UNAM, fercor@unam.mx

 AIMInt is a heavily modified and extended version of the PROAIMV program
 developed by members of R.F.W. Bader's research group

 Much of the Quantum Theory of Atoms in Molecules (QTAIM) is described in the book:
   "Atoms in Molecules - A Quantum Theory"
   R.F.W. Bader, Oxford University Press, Oxford, 1990

 For additional references see:  http://aim.tkgristmill.com/references.html

 Current Directory:  /home/scratch/M_H2O_4_tetraedrico/Opt

 Inp File:  Mn2_tetraedrico_cc-pvtz-def2-tzv_2_atomicfiles/o6.inp
 Wfx File:  Mn2_tetraedrico_cc-pvtz-def2-tzv_2.wfx
 Out File:  Mn2_tetraedrico_cc-pvtz-def2-tzv_2_atomicfiles/o6.int

 Wfx Title:   Mn2_tetraedrico_cc-pvtz-def2-tzv_2                                            
 Job Title:   Mn2_tetraedrico_cc-pvtz-def2-tzv_2                                            
 
<Atom>
O6      
</Atom>
<Nuclei of Molecule>
    13
Mn1       25.0           1.1308750059E-02  -9.4395846382E-04  -2.4476110818E-03
O2         8.0          -1.2525522289E+00   3.1418708811E+00  -6.9851602450E-01
H3         1.0          -2.7730386792E+00   3.8905877233E+00   6.1358935103E-02
O4         8.0           3.4143206363E+00  -3.6909717023E-02  -6.1674198114E-01
H5         1.0           4.4418857908E+00  -1.4955213621E+00  -1.1437316653E+00
O6         8.0          -1.5480125099E+00  -2.3419882856E+00  -2.0142054546E+00
H7         1.0          -1.2887196951E+00  -4.1796186462E+00  -1.9693241188E+00
O8         8.0          -5.6852150189E-01  -7.6674746511E-01   3.3196726002E+00
H9         1.0           4.5401357131E-01  -7.5377381177E-02   4.7069251653E+00
H10        1.0           4.6519806693E+00   1.3442198435E+00  -4.5221405252E-01
H11        1.0          -2.0861112471E+00  -1.4859077297E+00   4.1164489223E+00
H12        1.0          -3.1303925366E+00  -2.0784235760E+00  -2.9477214715E+00
H13        1.0          -9.1421178908E-01   4.1338367830E+00  -2.2322245570E+00
</Nuclei of Molecule>
<Total Number of CPs of DelSqRho>
    34
</Total Number of CPs of DelSqRho>
<Number of (3,+3) CPs of DelSqRho>
     5
</Number of (3,+3) CPs of DelSqRho>
<Number of (3,+1) CPs of DelSqRho>
    14
</Number of (3,+1) CPs of DelSqRho>
<Number of (3,-1) CPs of DelSqRho>
    10
</Number of (3,-1) CPs of DelSqRho>
<Number of (3,-3) CPs of DelSqRho>
     5
</Number of (3,-3) CPs of DelSqRho>
<Number of Degenerate CPs of DelSqRho>
     0
</Number of Degenerate CPs of DelSqRho>
<CP of DelSqRho>
CP# = 1       
Type = (3,+3)
Coords = -1.54801276019556E+00 -2.34198853581441E+00 -2.01420551436431E+00
DistFromNuc =  3.5892700945E-07
Rho =  2.9724487140E+02
DelSqRho = -3.3287183177E+06
GradDelSqRho = -1.3058009245E-05 -1.9429962776E-05  9.6523917819E-06
HessDelSqRho_EigVals =  1.3237551207E+11  1.3237553152E+11  1.3237553871E+11
HessDelSqRho_EigVec1 = -5.7729585486E-01 -1.3200323962E-01  8.0579441590E-01
HessDelSqRho_EigVec2 =  5.2738770867E-01  6.9311396282E-01  4.9138095129E-01
HessDelSqRho_EigVec3 = -6.2337123828E-01  7.0863825700E-01 -3.3051493160E-01
</CP of DelSqRho>
<CP of DelSqRho>
CP# = 2       
Type = (3,-1)
Coords = -8.08453308772395E-01 -1.29662415173710E+00 -1.28915074745839E+00
DistFromNuc =  1.4715428341E+00
Rho =  1.5388580037E-01
DelSqRho =  4.2370331599E-01
GradDelSqRho = -2.2204460493E-16 -5.8286708793E-16 -4.1633363423E-16
HessDelSqRho_EigVals = -5.5975737892E-01 -4.1987266075E-01  5.1208709601E+00
HessDelSqRho_EigVec1 = -6.3588615084E-01 -2.5761296534E-01  7.2751932157E-01
HessDelSqRho_EigVec2 =  6.3938846934E-01 -7.0377475945E-01  3.0965056634E-01
HessDelSqRho_EigVec3 =  4.3223973492E-01  6.6206997217E-01  6.1223538244E-01
</CP of DelSqRho>
<CP of DelSqRho>
CP# = 3       
Type = (3,+1)
Coords = -2.52937264558351E+00 -2.17779309371246E+00 -2.58855672196228E+00
DistFromNuc =  1.1488721231E+00
Rho =  4.1721397191E-01
DelSqRho = -9.7989556501E-01
GradDelSqRho =  3.2196467714E-15  2.7755575616E-15  3.1086244690E-15
HessDelSqRho_EigVals = -3.2051848562E+01  1.5020845244E+01  1.6013863822E+01
HessDelSqRho_EigVec1 =  8.5183549421E-01 -1.3927765640E-01  5.0495348818E-01
HessDelSqRho_EigVec2 = -5.2070742300E-01 -1.2039968741E-01  8.4520275373E-01
HessDelSqRho_EigVec3 =  5.6921616586E-02  9.8290673499E-01  1.7508363678E-01
</CP of DelSqRho>
<CP of DelSqRho>
CP# = 4       
Type = (3,+1)
Coords = -1.66550816225721E+00 -2.39466701185215E+00 -1.90515913511699E+00
DistFromNuc =  1.6873463283E-01
Rho =  2.2480463332E+01
DelSqRho =  1.2244957090E+03
GradDelSqRho =  4.1930903194E-12  4.1673331452E-12 -9.9547037280E-12
HessDelSqRho_EigVals = -4.0344115509E+05  2.6708968490E+03  3.7962232752E+03
HessDelSqRho_EigVec1 =  6.9476384783E-01  3.0936509457E-01 -6.4930457723E-01
HessDelSqRho_EigVec2 =  3.6157427776E-01  6.3016595957E-01  6.8713528876E-01
HessDelSqRho_EigVec3 = -6.2174531556E-01  7.1216859076E-01 -3.2595806621E-01
</CP of DelSqRho>
<CP of DelSqRho>
CP# = 5       
Type = (3,-3)
Coords = -1.53841055145597E+00 -2.17599064134845E+00 -1.99834750881232E+00
DistFromNuc =  1.6702960797E-01
Rho =  2.2698280040E+01
DelSqRho =  1.2967529119E+03
GradDelSqRho = -3.9221959014E-12 -2.9018565328E-11 -2.4158453016E-12
HessDelSqRho_EigVals = -4.4976175631E+05 -3.7334837495E+03 -5.4359736541E+02
HessDelSqRho_EigVec1 =  6.1012457123E-02  9.9355331956E-01  9.5547272427E-02
HessDelSqRho_EigVec2 = -5.5737485411E-01 -4.5496468241E-02  8.2901347600E-01
HessDelSqRho_EigVec3 =  8.2801615448E-01 -1.0383579619E-01  5.5100578522E-01
</CP of DelSqRho>
<CP of DelSqRho>
CP# = 6       
Type = (3,+1)
Coords = -1.48851898223076E+00 -2.36238795463608E+00 -2.17006117776197E+00
DistFromNuc =  1.6806734594E-01
Rho =  2.2623639806E+01
DelSqRho =  1.2401953970E+03
GradDelSqRho =  4.4870773763E-12 -5.5422333389E-12 -2.1282531293E-11
HessDelSqRho_EigVals = -4.1895593331E+05  1.9896528771E+03  3.2320585349E+03
HessDelSqRho_EigVec1 = -3.5775755532E-01  1.1757704616E-01  9.2638284193E-01
HessDelSqRho_EigVec2 =  6.9876604850E-01  6.9179712846E-01  1.8205148316E-01
HessDelSqRho_EigVec3 = -6.1946391427E-01  7.1245517141E-01 -3.2965449739E-01
</CP of DelSqRho>
<CP of DelSqRho>
CP# = 7       
Type = (3,-1)
Coords = -1.62070322127124E+00 -2.45371422730268E+00 -2.11776094716633E+00
DistFromNuc =  1.6879089315E-01
Rho =  2.2340980206E+01
DelSqRho =  1.2507682452E+03
GradDelSqRho = -2.3021584639E-12  4.9737991503E-14 -7.3256956057E-12
HessDelSqRho_EigVals = -4.0656179737E+05 -1.7099791177E+03  1.6287887850E+03
HessDelSqRho_EigVec1 =  4.2889189791E-01  6.6123427882E-01  6.1548433645E-01
HessDelSqRho_EigVec2 = -6.5491946439E-01 -2.4167608350E-01  7.1601198721E-01
HessDelSqRho_EigVec3 =  6.2219951388E-01 -7.1018441209E-01  3.2940228559E-01
</CP of DelSqRho>
<CP of DelSqRho>
CP# = 8       
Type = (3,-1)
Coords = -1.44678780944193E+00 -2.22985314832100E+00 -1.94339886924910E+00
DistFromNuc =  1.6683615173E-01
Rho =  2.2768747251E+01
DelSqRho =  1.2956495530E+03
GradDelSqRho =  1.3955059330E-11  2.4215296435E-11  1.2747136680E-11
HessDelSqRho_EigVals = -4.5402233644E+05 -3.4612344142E+03  2.9285775326E+02
HessDelSqRho_EigVec1 =  6.0727693756E-01  6.7240138206E-01  4.2319156717E-01
HessDelSqRho_EigVec2 =  5.2085609252E-01  6.5278641303E-02 -8.5114489359E-01
HessDelSqRho_EigVec3 =  5.9993637329E-01 -7.3730257045E-01  3.1058214308E-01
</CP of DelSqRho>
<CP of DelSqRho>
CP# = 9       
Type = (3,-3)
Coords = -1.40616189655968E+00 -2.32347715180330E+00 -1.92798883544655E+00
DistFromNuc =  1.6702563877E-01
Rho =  2.2701538903E+01
DelSqRho =  1.2963795624E+03
GradDelSqRho = -1.1738165995E-11 -3.4106051316E-12 -2.0051516003E-11
HessDelSqRho_EigVals = -4.4979655212E+05 -3.7003575048E+03 -4.7070399439E+02
HessDelSqRho_EigVec1 =  8.4952116943E-01  1.1418430396E-01  5.1504924757E-01
HessDelSqRho_EigVec2 = -5.0556376378E-01 -1.0273254493E-01  8.5665121547E-01
HessDelSqRho_EigVec3 = -1.5072844275E-01  9.8813357849E-01  2.9546025235E-02
</CP of DelSqRho>
<CP of DelSqRho>
CP# = 10      
Type = (3,-1)
Coords = -1.00048111093475E+00 -2.65155644826173E+00 -1.66795997094329E+00
DistFromNuc =  7.1798956482E-01
Rho =  6.6834285682E-01
DelSqRho = -9.6900336611E-01
GradDelSqRho =  2.2293278334E-13 -8.0380146983E-14  2.3092638912E-14
HessDelSqRho_EigVals = -1.5641032697E+01 -1.1913347179E+01  1.4122242333E+02
HessDelSqRho_EigVec1 =  2.9323585054E-01  9.1075626386E-01  2.9075034616E-01
HessDelSqRho_EigVec2 = -5.6011824669E-01 -8.2797632236E-02  8.2426458241E-01
HessDelSqRho_EigVec3 =  7.7477757175E-01 -4.0455850001E-01  4.8585196756E-01
</CP of DelSqRho>
<CP of DelSqRho>
CP# = 11      
Type = (3,-1)
Coords = -1.83955837222929E+00 -1.69308069447989E+00 -2.11133527645788E+00
DistFromNuc =  7.1799321299E-01
Rho =  6.6724113071E-01
DelSqRho = -9.4291317327E-01
GradDelSqRho = -5.1070259133E-15 -1.7763568394E-15  1.1102230246E-15
HessDelSqRho_EigVals = -1.5806743018E+01 -1.2347310233E+01  1.4099211751E+02
HessDelSqRho_EigVec1 =  7.4972154492E-01  3.8594280695E-01  5.3755535049E-01
HessDelSqRho_EigVec2 = -5.4054542342E-01 -1.1144047199E-01  8.3390147285E-01
HessDelSqRho_EigVec3 = -3.8174369713E-01  9.1576698508E-01 -1.2507029517E-01
</CP of DelSqRho>
<CP of DelSqRho>
CP# = 12      
Type = (3,-1)
Coords = -1.93274726297680E+00 -2.84696485254725E+00 -2.36862568746978E+00
DistFromNuc =  7.2707349344E-01
Rho =  6.6175398821E-01
DelSqRho = -9.4198887201E-01
GradDelSqRho = -2.4868995752E-14 -2.6645352591E-14 -1.2434497876E-14
HessDelSqRho_EigVals = -1.8904887627E+01 -6.7040393174E+00  1.3077519152E+02
HessDelSqRho_EigVec1 =  6.2213325649E-01 -7.0868275089E-01  3.3274460140E-01
HessDelSqRho_EigVec2 = -5.8163835173E-01 -1.3387837599E-01  8.0235491414E-01
HessDelSqRho_EigVec3 =  5.2406778088E-01  6.9270869710E-01  4.9548725716E-01
</CP of DelSqRho>
<CP of DelSqRho>
CP# = 13      
Type = (3,+1)
Coords = -2.23433918563879E+00 -2.27789131135386E+00 -1.94001614085451E+00
DistFromNuc =  6.9329415271E-01
Rho =  7.7877301111E-01
DelSqRho = -2.5315918002E+00
GradDelSqRho = -3.6215475063E-12  1.7852386236E-13  2.1804780204E-12
HessDelSqRho_EigVals = -1.1675569997E+01  1.3645611098E+01  1.8104069821E+02
HessDelSqRho_EigVec1 =  2.0119338900E-01 -1.0494233932E-01  9.7391392106E-01
HessDelSqRho_EigVec2 =  9.5067989055E-02  9.9164303569E-01  8.7213343182E-02
HessDelSqRho_EigVec3 =  9.7492732944E-01 -7.5041289907E-02 -2.0948868019E-01
</CP of DelSqRho>
<CP of DelSqRho>
CP# = 14      
Type = (3,+1)
Coords = -1.21642026005684E+00 -2.88664404519827E+00 -2.29514631042641E+00
DistFromNuc =  6.9680060357E-01
Rho =  7.7032871246E-01
DelSqRho = -2.5005157128E+00
GradDelSqRho = -2.6201263381E-14  3.6415315208E-14  1.7763568394E-14
HessDelSqRho_EigVals = -1.3317363888E+01  1.4490644137E+01  1.7927254864E+02
HessDelSqRho_EigVec1 =  3.9714044434E-01  6.9417575950E-01 -6.0033280969E-01
HessDelSqRho_EigVec2 =  7.5509978017E-01  1.2464405810E-01  6.4365222035E-01
HessDelSqRho_EigVec3 = -5.2163568653E-01  7.0893150142E-01  4.7467076678E-01
</CP of DelSqRho>
<CP of DelSqRho>
CP# = 15      
Type = (3,+3)
Coords = -1.72277372171678E+00 -2.21118409657586E+00 -1.40748425413368E+00
DistFromNuc =  6.4479596162E-01
Rho =  9.3327870551E-01
DelSqRho = -4.1335919485E+00
GradDelSqRho = -1.3322676296E-14  1.6875389974E-14  7.1054273576E-15
HessDelSqRho_EigVals =  7.9296405298E+00  2.1984758540E+01  3.0375927235E+02
HessDelSqRho_EigVec1 =  7.3100719291E-01  6.7569676807E-01  9.5196436528E-02
HessDelSqRho_EigVec2 =  6.1696634309E-01 -7.1407799240E-01  3.3082495713E-01
HessDelSqRho_EigVec3 = -2.9151503461E-01  1.8310242593E-01  9.3887831278E-01
</CP of DelSqRho>
<CP of DelSqRho>
CP# = 16      
Type = (3,+1)
Coords = -1.67601027897068E+00 -2.91372670031613E+00 -1.64324134502027E+00
DistFromNuc =  6.9345700255E-01
Rho =  7.7746102349E-01
DelSqRho = -2.5129147967E+00
GradDelSqRho =  1.7763568394E-15 -2.4868995752E-14  1.7985612999E-14
HessDelSqRho_EigVals = -1.1695793227E+01  1.3399202009E+01  1.8077027131E+02
HessDelSqRho_EigVec1 =  4.5059389176E-01 -6.3557366550E-01 -6.2690610176E-01
HessDelSqRho_EigVec2 =  8.6015451301E-01  1.2112663199E-01  4.9544177536E-01
HessDelSqRho_EigVec3 =  2.3895472053E-01  7.6247915036E-01 -6.0127047724E-01
</CP of DelSqRho>
<CP of DelSqRho>
CP# = 17      
Type = (3,+1)
Coords = -1.83961933343025E+00 -2.17818141374885E+00 -2.62491260431446E+00
DistFromNuc =  6.9629767590E-01
Rho =  7.7261661332E-01
DelSqRho = -2.5284739135E+00
GradDelSqRho = -8.8817841970E-16 -8.8817841970E-15  3.3306690739E-14
HessDelSqRho_EigVals = -1.3252006220E+01  1.4816415852E+01  1.8016422822E+02
HessDelSqRho_EigVec1 =  9.4888283113E-01  6.8560317073E-02 -3.0809228441E-01
HessDelSqRho_EigVec2 =  1.1496692880E-02  9.6796759656E-01  2.5081179808E-01
HessDelSqRho_EigVec3 =  3.1541908446E-01 -2.4153305142E-01  9.1769961656E-01
</CP of DelSqRho>
<CP of DelSqRho>
CP# = 18      
Type = (3,+1)
Coords = -1.17678950640776E+00 -1.87689305437751E+00 -1.70900266967528E+00
DistFromNuc =  6.6878160288E-01
Rho =  8.5274026259E-01
DelSqRho = -3.4115409574E+00
GradDelSqRho =  1.7763568394E-14  8.8817841970E-15  7.9936057773E-15
HessDelSqRho_EigVals = -6.7970443618E+00  1.9154764916E+01  2.4158347136E+02
HessDelSqRho_EigVec1 =  5.4586849708E-01  9.2335127924E-02 -8.3276755944E-01
HessDelSqRho_EigVec2 =  6.2151099461E-01 -7.1118697284E-01  3.2853793274E-01
HessDelSqRho_EigVec3 =  5.6191784763E-01  6.9691270172E-01  4.4560186120E-01
</CP of DelSqRho>
<CP of DelSqRho>
CP# = 19      
Type = (3,+3)
Coords = -1.11355313048824E+00 -2.14996252695546E+00 -2.42663688517595E+00
DistFromNuc =  6.2906957426E-01
Rho =  9.9857336383E-01
DelSqRho = -4.8307417198E+00
GradDelSqRho =  7.1054273576E-15  3.5527136788E-15 -3.7303493627E-14
HessDelSqRho_EigVals =  1.5131307387E+01  2.6229176570E+01  3.8329264563E+02
HessDelSqRho_EigVec1 =  3.7865367835E-01  6.3531531932E-01  6.7304965412E-01
HessDelSqRho_EigVec2 = -6.2153361059E-01  7.1337731134E-01 -3.2371095528E-01
HessDelSqRho_EigVec3 =  6.8579688158E-01  2.9574863769E-01 -6.6499276727E-01
</CP of DelSqRho>
<CP of DelSqRho>
CP# = 20      
Type = (3,+3)
Coords = -2.17461118039897E+00 -2.23014477850110E+00 -2.36873037867365E+00
DistFromNuc =  7.2857586132E-01
Rho =  7.4184223355E-01
DelSqRho = -2.9557459749E+00
GradDelSqRho =  4.1300296516E-14 -8.8817841970E-16 -6.6613381478E-16
HessDelSqRho_EigVals =  1.0492383876E+01  2.2967769168E+01  1.3393606658E+02
HessDelSqRho_EigVec1 = -4.9966411683E-01 -1.3087350917E-01  8.5627559521E-01
HessDelSqRho_EigVec2 =  7.5756299043E-02  9.7813071734E-01  1.9370411185E-01
HessDelSqRho_EigVec3 =  8.6290019904E-01 -1.6165526403E-01  4.7882232832E-01
</CP of DelSqRho>
<CP of DelSqRho>
CP# = 21      
Type = (3,-3)
Coords = -6.34846490659296E-01 -2.80998298404374E+00 -1.51523100787849E+00
DistFromNuc =  1.1409937401E+00
Rho =  2.4677908662E-01
DelSqRho =  8.4292689502E-01
GradDelSqRho = -4.8849813084E-15  8.0491169285E-16 -1.7763568394E-15
HessDelSqRho_EigVals = -1.7549923983E+01 -1.8493646544E+00 -4.7417225672E-01
HessDelSqRho_EigVec1 =  8.0975690526E-01 -3.7415167297E-01  4.5200030973E-01
HessDelSqRho_EigVec2 =  2.8300396241E-01  9.2384269729E-01  2.5772742953E-01
HessDelSqRho_EigVec3 = -5.1400633424E-01 -8.0778687071E-02  8.5397440950E-01
</CP of DelSqRho>
<CP of DelSqRho>
CP# = 22      
Type = (3,+3)
Coords = -1.44398642878009E+00 -3.06290245007527E+00 -1.97908496218680E+00
DistFromNuc =  7.2922706143E-01
Rho =  7.3983953712E-01
DelSqRho = -2.9355110423E+00
GradDelSqRho =  6.2172489379E-15 -1.1546319456E-14  0.0000000000E+00
HessDelSqRho_EigVals =  1.0523168328E+01  2.2691809500E+01  1.3314634393E+02
HessDelSqRho_EigVec1 = -5.8071012871E-01 -3.5523791689E-02  8.1333499042E-01
HessDelSqRho_EigVec2 =  8.0099314113E-01  1.5368667864E-01  5.7861074365E-01
HessDelSqRho_EigVec3 = -1.4555320082E-01  9.8748086819E-01 -6.0793097442E-02
</CP of DelSqRho>
<CP of DelSqRho>
CP# = 23      
Type = (3,-3)
Coords = -1.96888769044757E+00 -1.30108870218686E+00 -2.20506294923364E+00
DistFromNuc =  1.1388742000E+00
Rho =  2.4711713603E-01
DelSqRho =  8.5416941402E-01
GradDelSqRho =  8.6042284408E-16 -1.3322676296E-15  2.0816681712E-16
HessDelSqRho_EigVals = -1.7731926886E+01 -1.8766008685E+00 -5.5950505730E-01
HessDelSqRho_EigVec1 = -3.4006916503E-01  9.2940582991E-01 -1.4337979747E-01
HessDelSqRho_EigVec2 =  7.7173131487E-01  3.6293817058E-01  5.2221323421E-01
HessDelSqRho_EigVec3 = -5.3738602572E-01 -6.6937938903E-02  8.4067566379E-01
</CP of DelSqRho>
<CP of DelSqRho>
CP# = 24      
Type = (3,+1)
Coords = -1.14970281567560E+00 -1.57955133267532E+00 -1.10617411055489E+00
DistFromNuc =  1.2507924054E+00
Rho =  2.4018439908E-01
DelSqRho =  4.4604353315E-01
GradDelSqRho = -1.2850484565E-13 -2.7006175074E-13 -2.8249624862E-13
HessDelSqRho_EigVals = -9.0124525767E+00  4.6986447813E-01  6.7692141470E-01
HessDelSqRho_EigVec1 =  2.9636236635E-01  5.9593086461E-01  7.4634827823E-01
HessDelSqRho_EigVec2 =  7.8999118513E-01  2.8620661997E-01 -5.4221739008E-01
HessDelSqRho_EigVec3 =  5.3673389611E-01 -7.5030138964E-01  3.8595925883E-01
</CP of DelSqRho>
<CP of DelSqRho>
CP# = 25      
Type = (3,-1)
Coords = -1.56299500471736E+00 -1.89672710134046E+00 -3.11845252588587E+00
DistFromNuc =  1.1907323762E+00
Rho =  2.4451536002E-01
DelSqRho =  7.2450788953E-01
GradDelSqRho = -1.1796119637E-15  4.5519144010E-15  3.4902636337E-15
HessDelSqRho_EigVals = -1.7470309707E+01 -1.0824460513E+00  2.9842682984E-01
HessDelSqRho_EigVec1 = -2.4245088629E-03 -3.8212184609E-01  9.2410876876E-01
HessDelSqRho_EigVec2 =  9.9154268649E-01  1.1899288193E-01  5.1805356000E-02
HessDelSqRho_EigVec3 = -1.2975832389E-01  9.1641889373E-01  3.7860162255E-01
</CP of DelSqRho>
<CP of DelSqRho>
CP# = 26      
Type = (3,+1)
Coords = -1.38724361470281E+00 -3.47860540384744E+00 -1.98190055234366E+00
DistFromNuc =  1.1483852655E+00
Rho =  4.1722639669E-01
DelSqRho = -9.7976017128E-01
GradDelSqRho = -4.6629367034E-15  7.3274719625E-15 -1.6653345369E-15
HessDelSqRho_EigVals = -3.1935472162E+01  1.5020724296E+01  1.5933783613E+01
HessDelSqRho_EigVec1 = -1.3786307813E-01  9.9023229197E-01 -2.0827376697E-02
HessDelSqRho_EigVec2 = -5.7402364518E-01 -6.2745425983E-02  8.1643117670E-01
HessDelSqRho_EigVec3 =  8.0714969272E-01  1.2451112179E-01  5.7706702738E-01
</CP of DelSqRho>
<CP of DelSqRho>
CP# = 27      
Type = (3,-3)
Coords = -1.98874059121612E+00 -3.08730625410925E+00 -2.78267380689103E+00
DistFromNuc =  1.1577062340E+00
Rho =  2.5044093260E-01
DelSqRho =  8.6932685246E-01
GradDelSqRho =  1.7069679004E-13  2.9176661087E-13  3.0808688933E-13
HessDelSqRho_EigVals = -1.7297238178E+01 -3.2014543764E+00 -2.4042095534E-01
HessDelSqRho_EigVec1 =  3.7886700413E-01  6.4362056969E-01  6.6499049275E-01
HessDelSqRho_EigVec2 =  6.2212661808E-01 -7.0910012457E-01  3.3186666662E-01
HessDelSqRho_EigVec3 =  6.8514105428E-01  2.8797495656E-01 -6.6906812817E-01
</CP of DelSqRho>
<CP of DelSqRho>
CP# = 28      
Type = (3,-1)
Coords = -2.56794149525452E+00 -2.04389356836979E+00 -1.47462676808772E+00
DistFromNuc =  1.1917469339E+00
Rho =  2.4480006973E-01
DelSqRho =  7.0905137533E-01
GradDelSqRho =  6.9811795234E-12 -2.9785757194E-12 -4.3345765345E-12
HessDelSqRho_EigVals = -1.6955560392E+01 -1.2507401319E+00  3.1279273517E-01
HessDelSqRho_EigVec1 =  8.4426561618E-01 -2.5861970419E-01 -4.6939473573E-01
HessDelSqRho_EigVec2 =  5.0229596019E-01  7.6475612174E-02  8.6130729076E-01
HessDelSqRho_EigVec3 =  1.8685378699E-01  9.6294721005E-01 -1.9446936248E-01
</CP of DelSqRho>
<CP of DelSqRho>
CP# = 29      
Type = (3,-1)
Coords = -7.09141977484502E-01 -2.87101628505649E+00 -2.67095834525523E+00
DistFromNuc =  1.1894951676E+00
Rho =  2.4451342200E-01
DelSqRho =  7.3090136985E-01
GradDelSqRho =  5.1443571625E-13 -2.9498625764E-13 -1.2647868863E-13
HessDelSqRho_EigVals = -1.7632908581E+01 -1.0723514434E+00  2.7229335892E-01
HessDelSqRho_EigVec1 =  7.1404488269E-01 -4.3094303475E-01 -5.5174994907E-01
HessDelSqRho_EigVec2 = -2.9490819808E-01 -8.9991428477E-01  3.2122178441E-01
HessDelSqRho_EigVec3 =  6.3495595139E-01  6.6651188093E-02  7.6966782375E-01
</CP of DelSqRho>
<CP of DelSqRho>
CP# = 30      
Type = (3,-1)
Coords = -1.72321911938436E+00 -2.99010128639722E+00 -1.03127824805485E+00
DistFromNuc =  1.1903334454E+00
Rho =  2.4486499761E-01
DelSqRho =  7.1751973381E-01
GradDelSqRho =  1.3600232052E-15  2.2204460493E-15 -3.6984304508E-15
HessDelSqRho_EigVals = -1.7096853500E+01 -1.2957261540E+00  2.7375342884E-01
HessDelSqRho_EigVec1 = -1.4302950191E-01 -5.2632780545E-01  8.3816561776E-01
HessDelSqRho_EigVec2 = -1.7845887818E-01  8.4670701676E-01  5.0123812363E-01
HessDelSqRho_EigVec3 =  9.7349627138E-01  7.7886256711E-02  2.1503195258E-01
</CP of DelSqRho>
<CP of DelSqRho>
CP# = 31      
Type = (3,+1)
Coords = -2.66151582807136E+00 -2.22478575456992E+00 -3.66763214086898E+00
DistFromNuc =  1.9968590034E+00
Rho =  7.5419513809E-02
DelSqRho =  1.8482031959E-01
GradDelSqRho =  4.2778280918E-15  6.4184768611E-16  1.1339887362E-14
HessDelSqRho_EigVals = -1.7899065560E+00  2.6452114666E-02  5.5866971990E-01
HessDelSqRho_EigVec1 =  1.0343463643E-01  5.1269682740E-02  9.9331399649E-01
HessDelSqRho_EigVec2 =  2.4626775442E-01  9.6625532681E-01 -7.5517127475E-02
HessDelSqRho_EigVec3 =  9.6366667947E-01 -2.5243229397E-01 -8.7318198794E-02
</CP of DelSqRho>
<CP of DelSqRho>
CP# = 32      
Type = (3,+1)
Coords = -3.54856886632289E+00 -2.37645335858192E+00 -2.22402319999252E+00
DistFromNuc =  2.0118243121E+00
Rho =  7.4179525434E-02
DelSqRho =  1.7676595527E-01
GradDelSqRho = -2.8102520311E-16 -1.6826817717E-16 -1.1449174941E-16
HessDelSqRho_EigVals = -1.6182221705E+00  3.4291185850E-02  5.7655244008E-01
HessDelSqRho_EigVec1 =  9.3516919572E-01  1.7627925188E-01 -3.0722011772E-01
HessDelSqRho_EigVec2 = -4.8219224015E-02  9.2264472402E-01  3.8262464593E-01
HessDelSqRho_EigVec3 =  3.5090380707E-01 -3.4300486672E-01  8.7132897323E-01
</CP of DelSqRho>
<CP of DelSqRho>
CP# = 33      
Type = (3,+1)
Coords = -1.94261958600568E+00 -4.20644736056408E+00 -1.37194229651509E+00
DistFromNuc =  2.0110754215E+00
Rho =  7.4211653260E-02
DelSqRho =  1.7879018793E-01
GradDelSqRho = -2.5673907444E-16 -3.4694469520E-18  1.8561541193E-16
HessDelSqRho_EigVals = -1.6471518849E+00  2.5168895517E-02  5.7157929743E-01
HessDelSqRho_EigVec1 = -4.9647051952E-01 -6.7604282574E-01  5.4450263637E-01
HessDelSqRho_EigVec2 = -6.4711360135E-01 -1.2985381590E-01 -7.5125360129E-01
HessDelSqRho_EigVec3 =  5.7858535256E-01 -7.2533032768E-01 -3.7300791619E-01
</CP of DelSqRho>
<CP of DelSqRho>
CP# = 34      
Type = (3,+1)
Coords = -9.78607843026658E-01 -4.09519972127831E+00 -2.78213778277111E+00
DistFromNuc =  1.9969206478E+00
Rho =  7.5275986218E-02
DelSqRho =  1.8531972706E-01
GradDelSqRho = -1.0061396161E-16  1.7694179455E-16 -3.2179120479E-16
HessDelSqRho_EigVals = -1.7759881589E+00  2.0437053422E-02  5.5970038926E-01
HessDelSqRho_EigVec1 = -3.7336456949E-01  5.5390666341E-01  7.4416819771E-01
HessDelSqRho_EigVec2 = -9.2562987678E-01 -1.6907463921E-01 -3.3856033079E-01
HessDelSqRho_EigVec3 = -6.1710853651E-02 -8.1523074930E-01  5.7583903648E-01
</CP of DelSqRho>
<Path of -GradDelSqRho>
Starting CP# =      3
Ending CP# =     20
Number of Points =     17
 -2.5293726456E+00 -2.1777930937E+00 -2.5885567220E+00  4.1721397191E-01 -9.7989556501E-01
 -2.5080753975E+00 -2.1812773089E+00 -2.5759358082E+00  4.2862775837E-01 -9.8995558241E-01
 -2.4867755548E+00 -2.1847661540E+00 -2.5633205533E+00  4.4110291523E-01 -1.0203426898E+00
 -2.4654734834E+00 -2.1882592658E+00 -2.5507102433E+00  4.5465147771E-01 -1.0713995079E+00
 -2.4441695710E+00 -2.1917559152E+00 -2.5381040242E+00  4.6927890991E-01 -1.1434226705E+00
 -2.4228642174E+00 -2.1952549680E+00 -2.5255009081E+00  4.8498339183E-01 -1.2365248321E+00
 -2.4015578297E+00 -2.1987548330E+00 -2.5128997657E+00  5.0175515259E-01 -1.3504673476E+00
 -2.3802508284E+00 -2.2022533855E+00 -2.5002992965E+00  5.1957595713E-01 -1.4844688945E+00
 -2.3589436658E+00 -2.2057478428E+00 -2.4876979637E+00  5.3841887285E-01 -1.6369974766E+00
 -2.3376368666E+00 -2.2092345606E+00 -2.4750938732E+00  5.5824845891E-01 -1.8055553791E+00
 -2.3163311042E+00 -2.2127086872E+00 -2.4624845550E+00  5.7902153306E-01 -1.9864680147E+00
 -2.2950273457E+00 -2.2161635521E+00 -2.4498665628E+00  6.0068867707E-01 -2.1746871076E+00
 -2.2737271445E+00 -2.2195895026E+00 -2.4372346919E+00  6.2319664021E-01 -2.3636142919E+00
 -2.2524332884E+00 -2.2229714490E+00 -2.4245802929E+00  6.4649178453E-01 -2.5449392176E+00
 -2.2311514785E+00 -2.2262828054E+00 -2.4118870445E+00  6.7052464832E-01 -2.7084599801E+00
 -2.2098959137E+00 -2.2294664170E+00 -2.3991174783E+00  6.9525529955E-01 -2.8418025802E+00
 -2.1746111804E+00 -2.2301447785E+00 -2.3687303787E+00  7.4184223355E-01 -2.9557459749E+00
</Path of -GradDelSqRho>
<Path of -GradDelSqRho>
Starting CP# =      3
Ending CP# =      0
Number of Points =     30
 -2.5293726456E+00 -2.1777930937E+00 -2.5885567220E+00  4.1721397191E-01 -9.7989556501E-01
 -2.5506670757E+00 -2.1743133921E+00 -2.6011836344E+00  4.0684362169E-01 -9.8987906555E-01
 -2.5719583146E+00 -2.1708381259E+00 -2.6138171480E+00  3.9749344482E-01 -1.0197505653E+00
 -2.5932461509E+00 -2.1673668295E+00 -2.6264574850E+00  3.8913526976E-01 -1.0695112934E+00
 -2.6145304551E+00 -2.1638988749E+00 -2.6391046855E+00  3.8173627617E-01 -1.1392996434E+00
 -2.6358111912E+00 -2.1604335524E+00 -2.6517586099E+00  3.7525910516E-01 -1.2293086861E+00
 -2.6570884274E+00 -2.1569701646E+00 -2.6644189480E+00  3.6966187600E-01 -1.3396172441E+00
 -2.6783623460E+00 -2.1535081338E+00 -2.6770852311E+00  3.6489822507E-01 -1.4699036402E+00
 -2.6996332569E+00 -2.1500471268E+00 -2.6897568442E+00  3.6091757045E-01 -1.6190151271E+00
 -2.7209016185E+00 -2.1465872048E+00 -2.7024330318E+00  3.5766592452E-01 -1.7843990603E+00
 -2.7421680732E+00 -2.1431290158E+00 -2.7151128911E+00  3.5508771363E-01 -1.9614889909E+00
 -2.7634335073E+00 -2.1396740642E+00 -2.7277953443E+00  3.5312917540E-01 -2.1433016026E+00
 -2.7846991336E+00 -2.1362250717E+00 -2.7404790971E+00  3.5174389663E-01 -2.3207332221E+00
 -2.8059665090E+00 -2.1327862316E+00 -2.7531626734E+00  3.5090078482E-01 -2.4842799508E+00
 -2.8272369617E+00 -2.1293618803E+00 -2.7658450091E+00  3.5059407067E-01 -2.6279871745E+00
 -2.8485086835E+00 -2.1259480955E+00 -2.7785280656E+00  3.5085372039E-01 -2.7561367311E+00
 -2.8697719045E+00 -2.1225165237E+00 -2.7912205664E+00  3.5175302267E-01 -2.8923103222E+00
 -2.8910161703E+00 -2.1190328976E+00 -2.8039306088E+00  3.5340849367E-01 -3.0890354526E+00
 -2.9122434444E+00 -2.1154990171E+00 -2.8166551663E+00  3.5596615792E-01 -3.4345622945E+00
 -2.9334607635E+00 -2.1119342446E+00 -2.8293877119E+00  3.5956900342E-01 -4.0520671671E+00
 -2.9546728292E+00 -2.1083524450E+00 -2.8421242329E+00  3.6430366117E-01 -5.0864072411E+00
 -2.9758820181E+00 -2.1047609063E+00 -2.8548628022E+00  3.7013004369E-01 -6.6749600659E+00
 -2.9970895042E+00 -2.1011633383E+00 -2.8676025054E+00  3.7680562537E-01 -8.9025985655E+00
 -3.0182958915E+00 -2.0975616977E+00 -2.8803428870E+00  3.8382462916E-01 -1.1747179456E+01
 -3.0395015070E+00 -2.0939570608E+00 -2.8930837057E+00  3.9039849284E-01 -1.5031007131E+01
 -3.0607065375E+00 -2.0903500359E+00 -2.9058248223E+00  3.9550303517E-01 -1.8402416977E+01
 -3.0819110976E+00 -2.0867409601E+00 -2.9185661410E+00  3.9800510741E-01 -2.1372316883E+01
 -3.1031152739E+00 -2.0831299800E+00 -2.9313075589E+00  3.9685633536E-01 -2.3415123226E+01
 -3.1243192826E+00 -2.0795167934E+00 -2.9440486302E+00  3.9131086909E-01 -2.4112596411E+01
 -3.1232590523E+00 -2.0796975852E+00 -2.9434116639E+00  3.9169890034E-01 -2.4113614558E+01
</Path of -GradDelSqRho>
<Path of -GradDelSqRho>
Starting CP# =      4
Ending CP# =      1
Number of Points =      7
 -1.6655081623E+00 -2.3946670119E+00 -1.9051591351E+00  2.2480463332E+01  1.2244957090E+03
 -1.6481282417E+00 -2.3869133904E+00 -1.9213708406E+00  3.2665512956E+01  9.7787955445E+02
 -1.6307313638E+00 -2.3791291714E+00 -1.9375496688E+00  4.7837586087E+01 -7.7227678183E+02
 -1.6133269959E+00 -2.3713314088E+00 -1.9537139153E+00  7.0372373533E+01 -6.3104487249E+03
 -1.5959173306E+00 -2.3635240551E+00 -1.9698678229E+00  1.0380941153E+02 -2.0343152983E+04
 -1.5784988035E+00 -2.3557006412E+00 -1.9860043989E+00  1.5397730442E+02 -7.4327120703E+04
 -1.5480127602E+00 -2.3419885358E+00 -2.0142055144E+00  2.9724487140E+02 -3.3287183177E+06
</Path of -GradDelSqRho>
<Path of -GradDelSqRho>
Starting CP# =      4
Ending CP# =     15
Number of Points =     37
 -1.6655081623E+00 -2.3946670119E+00 -1.9051591351E+00  2.2480463332E+01  1.2244957090E+03
 -1.6828683332E+00 -2.4023851004E+00 -1.8889093537E+00  1.5595135287E+01  1.1436520361E+03
 -1.7002199150E+00 -2.4100877701E+00 -1.8726430855E+00  1.0925015539E+01  9.7507596949E+02
 -1.7175693853E+00 -2.4177866508E+00 -1.8563727716E+00  7.7669500624E+00  7.6806573574E+02
 -1.7349136252E+00 -2.4254761517E+00 -1.8400924498E+00  5.6392109606E+00  5.6855077890E+02
 -1.7522474197E+00 -2.4331469432E+00 -1.8237921919E+00  4.2063047101E+00  4.0529583884E+02
 -1.7695650775E+00 -2.4407888859E+00 -1.8074612640E+00  3.2385878288E+00  2.8338733229E+02
 -1.7868608392E+00 -2.4483917884E+00 -1.7910889670E+00  2.5818439778E+00  1.9569175877E+02
 -1.8041293069E+00 -2.4559461907E+00 -1.7746654941E+00  2.1331328836E+00  1.3306309803E+02
 -1.8213651647E+00 -2.4634428823E+00 -1.7581814402E+00  1.8233977107E+00  8.8354595108E+01
 -1.8385618509E+00 -2.4708705848E+00 -1.7416254122E+00  1.6059948903E+00  5.6705031452E+01
 -1.8557096001E+00 -2.4782126066E+00 -1.7249806666E+00  1.4493960324E+00  3.4752153879E+01
 -1.8727930314E+00 -2.4854428670E+00 -1.7082212983E+00  1.3324606239E+00  1.9973188002E+01
 -1.8897876215E+00 -2.4925203133E+00 -1.6913071823E+00  1.2412272549E+00  1.0369272355E+01
 -1.9066534291E+00 -2.4993793622E+00 -1.6741757885E+00  1.1666498313E+00  4.3612879636E+00
 -1.9233224360E+00 -2.5059114494E+00 -1.6567274276E+00  1.1029876414E+00  7.5084309023E-01
 -1.9396695324E+00 -2.5119250085E+00 -1.6387961915E+00  1.0466925222E+00 -1.3239135099E+00
 -1.9554322754E+00 -2.5170424174E+00 -1.6200854386E+00  9.9571764014E-01 -2.4499878585E+00
 -1.9699143699E+00 -2.5203570844E+00 -1.6000079718E+00  9.4938618537E-01 -3.0088599808E+00
 -1.9803745660E+00 -2.5189330391E+00 -1.5775704246E+00  9.1070411376E-01 -3.2463048788E+00
 -1.9786649505E+00 -2.5071468234E+00 -1.5562663370E+00  8.9520712578E-01 -3.3507249897E+00
 -1.9685142411E+00 -2.4905373078E+00 -1.5406476158E+00  8.9796354712E-01 -3.4359334874E+00
 -1.9565874864E+00 -2.4733077775E+00 -1.5270190750E+00  9.0372474540E-01 -3.5172371927E+00
 -1.9440103710E+00 -2.4559096810E+00 -1.5142105221E+00  9.0945964876E-01 -3.5946862213E+00
 -1.9309340650E+00 -2.4384065869E+00 -1.5020615638E+00  9.1473788136E-01 -3.6679021062E+00
 -1.9173856246E+00 -2.4208234526E+00 -1.4905629042E+00  9.1948854133E-01 -3.7365250596E+00
 -1.9033777013E+00 -2.4031813282E+00 -1.4797241133E+00  9.2368870223E-01 -3.8002340822E+00
 -1.8889216853E+00 -2.3855009759E+00 -1.4695567993E+00  9.2732488072E-01 -3.8587524397E+00
 -1.8740291546E+00 -2.3678031976E+00 -1.4600727990E+00  9.3038901967E-01 -3.9118513268E+00
 -1.8587121287E+00 -2.3501088347E+00 -1.4512840102E+00  9.3287811585E-01 -3.9593525139E+00
 -1.8429832407E+00 -2.3324387103E+00 -1.4432023794E+00  9.3479410740E-01 -4.0011300115E+00
 -1.8268559325E+00 -2.3148135189E+00 -1.4358399168E+00  9.3614372332E-01 -4.0371107542E+00
 -1.8103446937E+00 -2.2972536498E+00 -1.4292087371E+00  9.3693827937E-01 -4.0672743283E+00
 -1.7934653665E+00 -2.2797789178E+00 -1.4233211384E+00  9.3719342477E-01 -4.0916517955E+00
 -1.7762355507E+00 -2.2624081641E+00 -1.4181897359E+00  9.3692884566E-01 -4.1103236907E+00
 -1.7586751636E+00 -2.2451586620E+00 -1.4138276817E+00  9.3616793137E-01 -4.1234172906E+00
 -1.7227737217E+00 -2.2111840966E+00 -1.4074842541E+00  9.3327870551E-01 -4.1335919485E+00
</Path of -GradDelSqRho>
<Path of -GradDelSqRho>
Starting CP# =      6
Ending CP# =      1
Number of Points =      7
 -1.4885189822E+00 -2.3623879546E+00 -2.1700611778E+00  2.2623639806E+01  1.2401953970E+03
 -1.4974368135E+00 -2.3594221826E+00 -2.1468949093E+00  3.2900304669E+01  9.8330883363E+02
 -1.5063141741E+00 -2.3564156155E+00 -2.1237183502E+00  4.8221623839E+01 -8.2584352406E+02
 -1.5151737547E+00 -2.3533911472E+00 -2.1005373147E+00  7.0986116723E+01 -6.4809075379E+03
 -1.5240200956E+00 -2.3503533599E+00 -2.0773529661E+00  1.0479106356E+02 -2.0978094205E+04
 -1.5328447925E+00 -2.3472938169E+00 -2.0541632295E+00  1.5550651340E+02 -7.6471486379E+04
 -1.5480127602E+00 -2.3419885358E+00 -2.0142055144E+00  2.9724487140E+02 -3.3287183177E+06
</Path of -GradDelSqRho>
<Path of -GradDelSqRho>
Starting CP# =      6
Ending CP# =     19
Number of Points =     33
 -1.4885189822E+00 -2.3623879546E+00 -2.1700611778E+00  2.2623639806E+01  1.2401953970E+03
 -1.4795528189E+00 -2.3653049226E+00 -2.1932149877E+00  1.5683776546E+01  1.1571267304E+03
 -1.4705642581E+00 -2.3681992361E+00 -2.2163629620E+00  1.0981436725E+01  9.8601768890E+02
 -1.4615700282E+00 -2.3710878005E+00 -2.2395094523E+00  7.8050035779E+00  7.7668271963E+02
 -1.4525631132E+00 -2.3739635073E+00 -2.2626526097E+00  5.6677355719E+00  5.7477451444E+02
 -1.4435309878E+00 -2.3768136483E+00 -2.2857891009E+00  4.2308049091E+00  4.0934712300E+02
 -1.4344599630E+00 -2.3796242869E+00 -2.3089151998E+00  3.2622842519E+00  2.8572197495E+02
 -1.4253362705E+00 -2.3823813305E+00 -2.3320270221E+00  2.6064471246E+00  1.9678058764E+02
 -1.4161471095E+00 -2.3850715720E+00 -2.3551207662E+00  2.1593971609E+00  1.3328682958E+02
 -1.4068799813E+00 -2.3876819937E+00 -2.3781924970E+00  1.8514935062E+00  8.7997186047E+01
 -1.3975195546E+00 -2.3901965202E+00 -2.4012371857E+00  1.6357516123E+00  5.5977581965E+01
 -1.3880431402E+00 -2.3925912561E+00 -2.4242471776E+00  1.4804625621E+00  3.3813124071E+01
 -1.3784153130E+00 -2.3948286607E+00 -2.4472100478E+00  1.3644135048E+00  1.8939430580E+01
 -1.3685803650E+00 -2.3968491002E+00 -2.4701050390E+00  1.2736444277E+00  9.3223936463E+00
 -1.3584494143E+00 -2.3985559298E+00 -2.4928959726E+00  1.1991622613E+00  3.3533874973E+00
 -1.3478756411E+00 -2.3997856330E+00 -2.5155151043E+00  1.1353227676E+00 -1.8919112110E-01
 -1.3366013002E+00 -2.4002399629E+00 -2.5378202336E+00  1.0787380065E+00 -2.1842111706E+00
 -1.3241275927E+00 -2.3993015558E+00 -2.5594519383E+00  1.0277058005E+00 -3.2309085482E+00
 -1.3093715498E+00 -2.3954113695E+00 -2.5791692209E+00  9.8277297331E-01 -3.7221612648E+00
 -1.2909627989E+00 -2.3846724487E+00 -2.5913407650E+00  9.5264567850E-01 -3.9276388180E+00
 -1.2730590222E+00 -2.3676710811E+00 -2.5893296229E+00  9.4871422395E-01 -4.0512009186E+00
 -1.2574366668E+00 -2.3498882765E+00 -2.5813308629E+00  9.5495845886E-01 -4.1631812449E+00
 -1.2426904867E+00 -2.3321395534E+00 -2.5717170736E+00  9.6251856236E-01 -4.2682342252E+00
 -1.2284282751E+00 -2.3144549650E+00 -2.5612869953E+00  9.6968659867E-01 -4.3658285568E+00
 -1.2145920751E+00 -2.2968486075E+00 -2.5501728920E+00  9.7615595734E-01 -4.4552988991E+00
 -1.2011848761E+00 -2.2793388345E+00 -2.5383999235E+00  9.8185834005E-01 -4.5360506753E+00
 -1.1882184137E+00 -2.2619454293E+00 -2.5259786545E+00  9.8676497792E-01 -4.6075811818E+00
 -1.1757052364E+00 -2.2446888359E+00 -2.5129181214E+00  9.9085803064E-01 -4.6694891012E+00
 -1.1636576625E+00 -2.2275901422E+00 -2.4992273493E+00  9.9412737455E-01 -4.7214810641E+00
 -1.1520875389E+00 -2.2106712293E+00 -2.4849155150E+00  9.9657030132E-01 -4.7633758922E+00
 -1.1410060054E+00 -2.1939550138E+00 -2.4699919424E+00  9.9819139599E-01 -4.7951065239E+00
 -1.1304231056E+00 -2.1774658800E+00 -2.4544659910E+00  9.9900235400E-01 -4.8167196284E+00
 -1.1135531305E+00 -2.1499625270E+00 -2.4266368852E+00  9.9857336383E-01 -4.8307417198E+00
</Path of -GradDelSqRho>
<Path of -GradDelSqRho>
Starting CP# =     13
Ending CP# =     15
Number of Points =     33
 -2.2343391856E+00 -2.2778913114E+00 -1.9400161409E+00  7.7877301111E-01 -2.5315918002E+00
 -2.2294838954E+00 -2.2802295436E+00 -1.9183002585E+00  7.8301376673E-01 -2.5345534715E+00
 -2.2232240391E+00 -2.2828121513E+00 -1.8942362614E+00  7.8810675983E-01 -2.5450253435E+00
 -2.2160901239E+00 -2.2853552582E+00 -1.8704125055E+00  7.9357179449E-01 -2.5632154501E+00
 -2.2080907825E+00 -2.2878499406E+00 -1.8468600438E+00  7.9940083107E-01 -2.5891591012E+00
 -2.1992360094E+00 -2.2902864044E+00 -1.8236094977E+00  8.0557984764E-01 -2.6227631203E+00
 -2.1895373806E+00 -2.2926539129E+00 -1.8006908866E+00  8.1208857479E-01 -2.6638117057E+00
 -2.1790082170E+00 -2.2949406884E+00 -1.7781334337E+00  8.1890031216E-01 -2.7119736212E+00
 -2.1676636838E+00 -2.2971337905E+00 -1.7559653630E+00  8.2598184203E-01 -2.7668103317E+00
 -2.1555208200E+00 -2.2992189643E+00 -1.7342137036E+00  8.3329345804E-01 -2.8277847812E+00
 -2.1425984982E+00 -2.3011804508E+00 -1.7129041204E+00  8.4078912785E-01 -2.8942706079E+00
 -2.1289173164E+00 -2.3030007478E+00 -1.6920607905E+00  8.4841680872E-01 -2.9655617019E+00
 -2.1144994318E+00 -2.3046603082E+00 -1.6717063426E+00  8.5611893149E-01 -3.0408821099E+00
 -2.0993683524E+00 -2.3061371579E+00 -1.6518618758E+00  8.6383306378E-01 -3.1193963784E+00
 -2.0835487074E+00 -2.3074064108E+00 -1.6325470725E+00  8.7149275516E-01 -3.2002204868E+00
 -2.0670660259E+00 -2.3084396530E+00 -1.6137804148E+00  8.7902855761E-01 -3.2824335497E+00
 -2.0499465585E+00 -2.3092041579E+00 -1.5955795137E+00  8.8636920377E-01 -3.3650904645E+00
 -2.0322171859E+00 -2.3096618862E+00 -1.5779615611E+00  8.9344291561E-01 -3.4472356490E+00
 -2.0139054678E+00 -2.3097682040E+00 -1.5609439169E+00  9.0017880759E-01 -3.5279179624E+00
 -1.9950399044E+00 -2.3094702400E+00 -1.5445448585E+00  9.0650834474E-01 -3.6062068443E+00
 -1.9756505084E+00 -2.3087047756E+00 -1.5287845349E+00  9.1236681696E-01 -3.6812096467E+00
 -1.9557698343E+00 -2.3073955444E+00 -1.5136862057E+00  9.1769479830E-01 -3.7520900975E+00
 -1.9354346952E+00 -2.3054498134E+00 -1.4992778863E+00  9.2243957394E-01 -3.8180877993E+00
 -1.9146889221E+00 -2.3027541637E+00 -1.4855945870E+00  9.2655653778E-01 -3.8785386426E+00
 -1.8935877185E+00 -2.2991695736E+00 -1.4726813924E+00  9.3001058826E-01 -3.9328959261E+00
 -1.8722043919E+00 -2.2945264219E+00 -1.4605976493E+00  9.3277757772E-01 -3.9807516980E+00
 -1.8506403594E+00 -2.2886212592E+00 -1.4494223476E+00  9.3484588760E-01 -4.0218570616E+00
 -1.8290387255E+00 -2.2812198005E+00 -1.4392600036E+00  9.3621817392E-01 -4.0561383773E+00
 -1.8075988104E+00 -2.2720750968E+00 -1.4302441698E+00  9.3691314642E-01 -4.0837027477E+00
 -1.7865806910E+00 -2.2609747368E+00 -1.4225311302E+00  9.3696669569E-01 -4.1048211658E+00
 -1.7662734042E+00 -2.2478282968E+00 -1.4162706236E+00  9.3643059863E-01 -4.1198759421E+00
 -1.7468882746E+00 -2.2327839266E+00 -1.4115413706E+00  9.3536621821E-01 -4.1292731733E+00
 -1.7227737217E+00 -2.2111840966E+00 -1.4074842541E+00  9.3327870551E-01 -4.1335919485E+00
</Path of -GradDelSqRho>
<Path of -GradDelSqRho>
Starting CP# =     13
Ending CP# =     20
Number of Points =     18
 -2.2343391856E+00 -2.2778913114E+00 -1.9400161409E+00  7.7877301111E-01 -2.5315918002E+00
 -2.2384826857E+00 -2.2755369283E+00 -1.9618575107E+00  7.7483044565E-01 -2.5344635585E+00
 -2.2422698762E+00 -2.2728866290E+00 -1.9864250651E+00  7.7076816241E-01 -2.5442091408E+00
 -2.2451575614E+00 -2.2702237545E+00 -2.0111131541E+00  7.6706099707E-01 -2.5603302021E+00
 -2.2471394349E+00 -2.2675538855E+00 -2.0358896518E+00  7.6369410213E-01 -2.5821627820E+00
 -2.2482086924E+00 -2.2648819555E+00 -2.0607220412E+00  7.6064944462E-01 -2.6089278009E+00
 -2.2483576775E+00 -2.2622122470E+00 -2.0855772100E+00  7.5790652687E-01 -2.6397440461E+00
 -2.2475775307E+00 -2.2595483495E+00 -2.1104211716E+00  7.5544319920E-01 -2.6736444034E+00
 -2.2458578478E+00 -2.2568930763E+00 -2.1352187033E+00  7.5323657384E-01 -2.7095950969E+00
 -2.2431863631E+00 -2.2542483174E+00 -2.1599328926E+00  7.5126404441E-01 -2.7465176027E+00
 -2.2395486819E+00 -2.2516147963E+00 -2.1845245834E+00  7.4950440280E-01 -2.7833128307E+00
